Datetime,Open,High,Low,Close,Volume,Dividends,Stock Splits
2022-09-29 09:30:00-04:00,10.09000015258789,10.09000015258789,9.75,9.75,0,0.0,0.0
2022-09-29 10:30:00-04:00,9.75,9.829999923706055,9.6899995803833,9.720000267028809,13562,0.0,0.0
2022-09-29 11:30:00-04:00,9.699999809265137,9.71500015258789,9.579999923706055,9.635000228881836,7121,0.0,0.0
2022-09-29 12:30:00-04:00,9.635000228881836,9.635000228881836,9.369999885559082,9.449999809265137,10418,0.0,0.0
2022-09-29 13:30:00-04:00,9.449999809265137,9.449999809265137,9.119999885559082,9.164999961853027,20123,0.0,0.0
2022-09-29 14:30:00-04:00,9.164999961853027,9.614999771118164,9.100000381469727,9.569999694824219,31871,0.0,0.0
2022-09-29 15:30:00-04:00,9.520000457763672,9.6850004196167,9.449999809265137,9.489999771118164,29652,0.0,0.0
2022-09-30 09:30:00-04:00,9.279999732971191,9.904999732971191,9.220000267028809,9.760000228881836,0,0.0,0.0
2022-09-30 10:30:00-04:00,9.944999694824219,9.944999694824219,9.550000190734863,9.779999732971191,12373,0.0,0.0
2022-09-30 11:30:00-04:00,9.78499984741211,10.1899995803833,9.78499984741211,9.90999984741211,13275,0.0,0.0
2022-09-30 12:30:00-04:00,9.90999984741211,9.949999809265137,9.800000190734863,9.8149995803833,7150,0.0,0.0
2022-09-30 13:30:00-04:00,9.850000381469727,9.859999656677246,9.720000267028809,9.854999542236328,18359,0.0,0.0
2022-09-30 14:30:00-04:00,9.854999542236328,9.960000038146973,9.729999542236328,9.770000457763672,21221,0.0,0.0
2022-09-30 15:30:00-04:00,9.770000457763672,9.869999885559082,9.649999618530273,9.789999961853027,46805,0.0,0.0
2022-10-03 09:30:00-04:00,9.829999923706055,10.479999542236328,9.75,10.479999542236328,3301,0.0,0.0
2022-10-03 10:30:00-04:00,10.226300239562988,10.7475004196167,10.226300239562988,10.7475004196167,5738,0.0,0.0
2022-10-03 11:30:00-04:00,10.800000190734863,10.800000190734863,10.25,10.260000228881836,9761,0.0,0.0
2022-10-03 12:30:00-04:00,10.265000343322754,10.300000190734863,10.055000305175781,10.199999809265137,7154,0.0,0.0
2022-10-03 13:30:00-04:00,10.119999885559082,10.329999923706055,10.069999694824219,10.329999923706055,4088,0.0,0.0
2022-10-03 14:30:00-04:00,10.380000114440918,10.470000267028809,10.079999923706055,10.175000190734863,6393,0.0,0.0
2022-10-03 15:30:00-04:00,10.244999885559082,10.244999885559082,10.029999732971191,10.069999694824219,20763,0.0,0.0
2022-10-04 09:30:00-04:00,10.420000076293945,10.4399995803833,9.984999656677246,9.984999656677246,6398,0.0,0.0
2022-10-04 10:30:00-04:00,10.09000015258789,10.140000343322754,10.050000190734863,10.100000381469727,1737,0.0,0.0
2022-10-04 11:30:00-04:00,10.100000381469727,10.119999885559082,10.050000190734863,10.079999923706055,3256,0.0,0.0
2022-10-04 12:30:00-04:00,10.114999771118164,10.17549991607666,9.979999542236328,10.024999618530273,4593,0.0,0.0
2022-10-04 13:30:00-04:00,10.03499984741211,10.130000114440918,10.03499984741211,10.130000114440918,1463,0.0,0.0
2022-10-04 14:30:00-04:00,10.095000267028809,10.140000343322754,10.086099624633789,10.130000114440918,2634,0.0,0.0
2022-10-04 15:30:00-04:00,10.104999542236328,10.15250015258789,10.050000190734863,10.119999885559082,15803,0.0,0.0
2022-10-05 09:30:00-04:00,9.739999771118164,9.835000038146973,9.710000038146973,9.835000038146973,1743,0.0,0.0
2022-10-05 10:30:00-04:00,9.800000190734863,9.8149995803833,9.699999809265137,9.8149995803833,10714,0.0,0.0
2022-10-05 11:30:00-04:00,9.899999618530273,10.164999961853027,9.869999885559082,10.164999961853027,1268,0.0,0.0
2022-10-05 12:30:00-04:00,10.175000190734863,10.34000015258789,10.14430046081543,10.234999656677246,3481,0.0,0.0
2022-10-05 13:30:00-04:00,10.239999771118164,10.239999771118164,10.119999885559082,10.119999885559082,3211,0.0,0.0
2022-10-05 14:30:00-04:00,10.175000190734863,10.5,10.170000076293945,10.460000038146973,8501,0.0,0.0
2022-10-05 15:30:00-04:00,10.510000228881836,10.510000228881836,10.319999694824219,10.380000114440918,11143,0.0,0.0
2022-10-06 09:30:00-04:00,10.270000457763672,10.460000038146973,10.270000457763672,10.460000038146973,958,0.0,0.0
2022-10-06 10:30:00-04:00,10.350000381469727,10.350000381469727,10.119999885559082,10.300000190734863,4927,0.0,0.0
2022-10-06 11:30:00-04:00,10.329999923706055,10.329999923706055,10.050000190734863,10.239999771118164,7437,0.0,0.0
2022-10-06 12:30:00-04:00,10.229999542236328,10.289999961853027,10.085000038146973,10.085000038146973,6960,0.0,0.0
2022-10-06 13:30:00-04:00,10.0,10.170000076293945,10.0,10.010000228881836,7201,0.0,0.0
2022-10-06 14:30:00-04:00,10.0,10.199999809265137,9.880000114440918,10.199999809265137,9504,0.0,0.0
2022-10-06 15:30:00-04:00,10.109999656677246,10.279999732971191,10.020000457763672,10.279999732971191,15001,0.0,0.0
2022-10-07 09:30:00-04:00,10.3100004196167,10.3100004196167,9.850000381469727,9.899999618530273,8617,0.0,0.0
2022-10-07 10:30:00-04:00,9.989999771118164,9.989999771118164,9.75,9.75,17735,0.0,0.0
2022-10-07 11:30:00-04:00,9.75,9.75,9.609999656677246,9.658100128173828,9488,0.0,0.0
2022-10-07 12:30:00-04:00,9.710000038146973,9.789999961853027,9.670000076293945,9.699999809265137,2898,0.0,0.0
2022-10-07 13:30:00-04:00,9.704999923706055,9.729999542236328,9.65999984741211,9.729999542236328,3068,0.0,0.0
2022-10-07 14:30:00-04:00,9.819999694824219,9.819999694824219,9.649999618530273,9.71500015258789,5457,0.0,0.0
2022-10-07 15:30:00-04:00,9.699999809265137,9.699999809265137,9.470000267028809,9.470000267028809,9909,0.0,0.0
2022-10-10 09:30:00-04:00,9.470000267028809,9.864999771118164,9.308099746704102,9.444999694824219,1492,0.0,0.0
2022-10-10 10:30:00-04:00,9.470000267028809,9.470000267028809,9.430000305175781,9.430000305175781,1941,0.0,0.0
2022-10-10 11:30:00-04:00,9.329999923706055,9.380000114440918,9.295000076293945,9.369999885559082,1219,0.0,0.0
2022-10-10 12:30:00-04:00,9.359999656677246,9.430000305175781,9.305000305175781,9.430000305175781,2652,0.0,0.0
2022-10-10 13:30:00-04:00,9.539999961853027,9.645000457763672,9.479999542236328,9.479999542236328,2072,0.0,0.0
2022-10-10 14:30:00-04:00,9.484999656677246,9.484999656677246,9.470000267028809,9.470000267028809,1327,0.0,0.0
2022-10-10 15:30:00-04:00,9.460000038146973,9.5,9.390000343322754,9.399999618530273,8339,0.0,0.0
2022-10-11 09:30:00-04:00,9.15999984741211,9.5600004196167,9.15999984741211,9.350000381469727,6735,0.0,0.0
2022-10-11 10:30:00-04:00,9.289999961853027,9.428600311279297,9.180000305175781,9.428600311279297,15371,0.0,0.0
2022-10-11 11:30:00-04:00,9.300000190734863,9.680000305175781,9.300000190734863,9.550000190734863,20258,0.0,0.0
2022-10-11 12:30:00-04:00,9.5600004196167,9.760000228881836,9.5600004196167,9.710000038146973,3368,0.0,0.0
2022-10-11 13:30:00-04:00,9.609999656677246,9.65999984741211,9.5,9.579999923706055,3080,0.0,0.0
2022-10-11 14:30:00-04:00,9.59000015258789,9.649999618530273,9.25,9.260000228881836,9651,0.0,0.0
2022-10-11 15:30:00-04:00,9.260000228881836,9.550000190734863,9.199999809265137,9.550000190734863,26260,0.0,0.0
2022-10-12 09:30:00-04:00,9.5,9.539999961853027,9.140000343322754,9.140000343322754,0,0.0,0.0
2022-10-12 10:30:00-04:00,9.180000305175781,9.180000305175781,9.020000457763672,9.069999694824219,2136,0.0,0.0
2022-10-12 11:30:00-04:00,9.149999618530273,9.180000305175781,9.069999694824219,9.069999694824219,1714,0.0,0.0
2022-10-12 12:30:00-04:00,9.119999885559082,9.130000114440918,9.0,9.069999694824219,31197,0.0,0.0
2022-10-12 13:30:00-04:00,9.104999542236328,9.319999694824219,9.020000457763672,9.170000076293945,13764,0.0,0.0
2022-10-12 14:30:00-04:00,9.199999809265137,9.40999984741211,9.170000076293945,9.350000381469727,5502,0.0,0.0
2022-10-12 15:30:00-04:00,9.350000381469727,9.380000114440918,9.167499542236328,9.180000305175781,17280,0.0,0.0
2022-10-13 09:30:00-04:00,9.0,9.150199890136719,9.0,9.150199890136719,1627,0.0,0.0
2022-10-13 10:30:00-04:00,9.140000343322754,9.34000015258789,9.130000114440918,9.300000190734863,6808,0.0,0.0
2022-10-13 11:30:00-04:00,9.300000190734863,9.390000343322754,9.300000190734863,9.329999923706055,4321,0.0,0.0
2022-10-13 12:30:00-04:00,9.300000190734863,9.399999618530273,9.229999542236328,9.289999961853027,7275,0.0,0.0
2022-10-13 13:30:00-04:00,9.420000076293945,9.479299545288086,9.300000190734863,9.300000190734863,6693,0.0,0.0
2022-10-13 14:30:00-04:00,9.319999694824219,9.419899940490723,9.3100004196167,9.419899940490723,3624,0.0,0.0
2022-10-13 15:30:00-04:00,9.390000343322754,9.404999732971191,9.300000190734863,9.350000381469727,9900,0.0,0.0
2022-10-14 09:30:00-04:00,9.529999732971191,9.75,9.199999809265137,9.199999809265137,6754,0.0,0.0
2022-10-14 10:30:00-04:00,9.204999923706055,9.369999885559082,9.204999923706055,9.369999885559082,3422,0.0,0.0
2022-10-14 11:30:00-04:00,9.3100004196167,9.3100004196167,9.279999732971191,9.300000190734863,1763,0.0,0.0
2022-10-14 12:30:00-04:00,9.399999618530273,9.40999984741211,9.100000381469727,9.1899995803833,7134,0.0,0.0
2022-10-14 13:30:00-04:00,9.270000457763672,9.270000457763672,9.020000457763672,9.020000457763672,8922,0.0,0.0
2022-10-14 14:30:00-04:00,9.050000190734863,9.09000015258789,9.020000457763672,9.050000190734863,4392,0.0,0.0
2022-10-14 15:30:00-04:00,9.029999732971191,9.079999923706055,9.020000457763672,9.039999961853027,13220,0.0,0.0
2022-10-17 09:30:00-04:00,8.930000305175781,9.369999885559082,8.930000305175781,9.25,8479,0.0,0.0
2022-10-17 10:30:00-04:00,9.25,9.369999885559082,9.194999694824219,9.255000114440918,3288,0.0,0.0
2022-10-17 11:30:00-04:00,9.25,9.289999961853027,9.25,9.289999961853027,702,0.0,0.0
2022-10-17 12:30:00-04:00,9.260000228881836,9.260000228881836,8.979999542236328,8.979999542236328,9724,0.0,0.0
2022-10-17 13:30:00-04:00,9.039999961853027,9.289999961853027,9.029999732971191,9.289999961853027,4892,0.0,0.0
2022-10-17 14:30:00-04:00,9.289999961853027,9.359999656677246,9.220000267028809,9.230400085449219,8825,0.0,0.0
2022-10-17 15:30:00-04:00,9.265000343322754,9.300000190734863,9.220000267028809,9.239999771118164,13086,0.0,0.0
2022-10-18 09:30:00-04:00,9.420000076293945,9.420000076293945,9.067899703979492,9.399999618530273,1826,0.0,0.0
2022-10-18 10:30:00-04:00,9.380000114440918,9.426600456237793,9.380000114440918,9.399999618530273,5943,0.0,0.0
2022-10-18 11:30:00-04:00,9.399999618530273,9.444999694824219,9.359999656677246,9.359999656677246,9547,0.0,0.0
2022-10-18 12:30:00-04:00,9.390000343322754,9.4350004196167,9.369999885559082,9.380000114440918,7024,0.0,0.0
2022-10-18 13:30:00-04:00,9.420000076293945,9.449999809265137,9.345000267028809,9.399999618530273,5563,0.0,0.0
2022-10-18 14:30:00-04:00,9.380000114440918,9.430000305175781,9.34000015258789,9.385000228881836,6934,0.0,0.0
2022-10-18 15:30:00-04:00,9.399999618530273,9.399999618530273,9.329999923706055,9.329999923706055,6216,0.0,0.0
2022-10-19 09:30:00-04:00,9.369999885559082,9.460000038146973,9.329999923706055,9.390000343322754,0,0.0,0.0
2022-10-19 10:30:00-04:00,9.399999618530273,9.40999984741211,9.255000114440918,9.329999923706055,3221,0.0,0.0
2022-10-19 11:30:00-04:00,9.380000114440918,9.390000343322754,9.324999809265137,9.345000267028809,2267,0.0,0.0
2022-10-19 12:30:00-04:00,9.345000267028809,9.345000267028809,9.0,9.140000343322754,6757,0.0,0.0
2022-10-19 13:30:00-04:00,9.260000228881836,9.270000457763672,9.050000190734863,9.149999618530273,6320,0.0,0.0
2022-10-19 14:30:00-04:00,9.149999618530273,9.300000190734863,8.979999542236328,8.979999542236328,13904,0.0,0.0
2022-10-19 15:30:00-04:00,8.979999542236328,9.119999885559082,8.899999618530273,9.0600004196167,10579,0.0,0.0
2022-10-20 09:30:00-04:00,9.109999656677246,9.109999656677246,8.925000190734863,9.0,618,0.0,0.0
2022-10-20 10:30:00-04:00,9.119999885559082,9.119999885559082,9.09000015258789,9.100000381469727,2373,0.0,0.0
2022-10-20 11:30:00-04:00,9.039999961853027,9.0600004196167,8.960000038146973,8.989999771118164,2479,0.0,0.0
2022-10-20 12:30:00-04:00,8.989999771118164,9.039999961853027,8.970000267028809,8.970000267028809,2240,0.0,0.0
2022-10-20 13:30:00-04:00,8.84000015258789,8.949999809265137,8.75,8.949999809265137,7434,0.0,0.0
2022-10-20 14:30:00-04:00,8.819999694824219,8.890000343322754,8.800000190734863,8.800000190734863,4492,0.0,0.0
2022-10-20 15:30:00-04:00,8.859999656677246,8.859999656677246,8.800000190734863,8.800000190734863,15742,0.0,0.0
2022-10-21 09:30:00-04:00,8.899999618530273,8.9399995803833,8.5,8.9399995803833,29090,0.0,0.0
2022-10-21 10:30:00-04:00,8.925000190734863,9.369999885559082,8.925000190734863,9.369999885559082,1614,0.0,0.0
2022-10-21 11:30:00-04:00,9.359999656677246,9.359999656677246,9.23799991607666,9.279999732971191,554,0.0,0.0
2022-10-21 12:30:00-04:00,9.1899995803833,9.199999809265137,8.95009994506836,8.95009994506836,12154,0.0,0.0
2022-10-21 13:30:00-04:00,9.050000190734863,9.050000190734863,8.920000076293945,8.920000076293945,7579,0.0,0.0
2022-10-21 14:30:00-04:00,8.930000305175781,9.0,8.829999923706055,8.90999984741211,4509,0.0,0.0
2022-10-21 15:30:00-04:00,9.09000015258789,9.100000381469727,8.930000305175781,8.949999809265137,2856,0.0,0.0
2022-10-24 09:30:00-04:00,9.15999984741211,9.199999809265137,9.029999732971191,9.170000076293945,8646,0.0,0.0
2022-10-24 10:30:00-04:00,9.399999618530273,9.399999618530273,9.265000343322754,9.369999885559082,2474,0.0,0.0
2022-10-24 11:30:00-04:00,9.279999732971191,9.28499984741211,9.109999656677246,9.220000267028809,2839,0.0,0.0
2022-10-24 12:30:00-04:00,9.149999618530273,9.149999618530273,9.079999923706055,9.149999618530273,15456,0.0,0.0
2022-10-24 13:30:00-04:00,9.149999618530273,9.15999984741211,9.095000267028809,9.100000381469727,18020,0.0,0.0
2022-10-24 14:30:00-04:00,9.0649995803833,9.119999885559082,8.984999656677246,9.100000381469727,15235,0.0,0.0
2022-10-24 15:30:00-04:00,9.069999694824219,9.220000267028809,9.069999694824219,9.09000015258789,7355,0.0,0.0
2022-10-25 09:30:00-04:00,9.199999809265137,9.5,9.180000305175781,9.460000038146973,7223,0.0,0.0
2022-10-25 10:30:00-04:00,9.489999771118164,9.640000343322754,9.380000114440918,9.604999542236328,4465,0.0,0.0
2022-10-25 11:30:00-04:00,9.5649995803833,9.600000381469727,9.5649995803833,9.5649995803833,688,0.0,0.0
2022-10-25 12:30:00-04:00,9.5600004196167,9.699999809265137,9.5600004196167,9.640000343322754,5528,0.0,0.0
2022-10-25 13:30:00-04:00,9.630000114440918,9.770000457763672,9.619999885559082,9.770000457763672,6195,0.0,0.0
2022-10-25 14:30:00-04:00,9.845000267028809,9.845000267028809,9.680000305175781,9.680000305175781,3095,0.0,0.0
2022-10-25 15:30:00-04:00,9.670000076293945,9.680000305175781,9.449999809265137,9.640000343322754,8459,0.0,0.0
2022-10-26 10:30:00-04:00,9.675000190734863,10.0,9.675000190734863,10.0,3255,0.0,0.0
2022-10-26 11:30:00-04:00,9.949999809265137,9.949999809265137,9.850000381469727,9.850000381469727,3243,0.0,0.0
2022-10-26 12:30:00-04:00,9.8100004196167,9.8100004196167,9.720000267028809,9.789999961853027,1227,0.0,0.0
2022-10-26 13:30:00-04:00,9.75,9.789999961853027,9.6899995803833,9.6899995803833,1048,0.0,0.0
2022-10-26 14:30:00-04:00,9.789999961853027,9.970000267028809,9.789999961853027,9.970000267028809,4760,0.0,0.0
2022-10-26 15:30:00-04:00,9.914999961853027,9.970000267028809,9.710000038146973,9.8100004196167,8436,0.0,0.0
2022-10-27 09:30:00-04:00,9.90999984741211,9.90999984741211,9.649999618530273,9.699999809265137,2073,0.0,0.0
2022-10-27 10:30:00-04:00,9.739999771118164,9.760000228881836,9.720000267028809,9.75,2245,0.0,0.0
2022-10-27 11:30:00-04:00,9.699999809265137,9.699999809265137,9.600000381469727,9.600000381469727,751,0.0,0.0
2022-10-27 12:30:00-04:00,9.770000457763672,9.770000457763672,9.770000457763672,9.770000457763672,260,0.0,0.0
2022-10-27 13:30:00-04:00,9.734999656677246,9.789999961853027,9.734999656677246,9.789999961853027,1427,0.0,0.0
2022-10-27 14:30:00-04:00,9.699999809265137,9.699999809265137,9.550000190734863,9.609999656677246,2606,0.0,0.0
2022-10-27 15:30:00-04:00,9.609999656677246,9.609999656677246,9.399999618530273,9.550000190734863,8815,0.0,0.0
2022-10-28 09:30:00-04:00,9.569999694824219,9.569999694824219,9.569999694824219,9.569999694824219,0,0.0,0.0
2022-10-28 10:30:00-04:00,9.348299980163574,9.989999771118164,9.348299980163574,9.979999542236328,8417,0.0,0.0
2022-10-28 11:30:00-04:00,9.989999771118164,10.3100004196167,9.96500015258789,10.220000267028809,7417,0.0,0.0
2022-10-28 12:30:00-04:00,10.1850004196167,10.260000228881836,10.0600004196167,10.260000228881836,780,0.0,0.0
2022-10-28 13:30:00-04:00,10.164999961853027,10.300000190734863,10.100000381469727,10.279999732971191,3700,0.0,0.0
2022-10-28 14:30:00-04:00,10.319999694824219,10.359999656677246,10.100000381469727,10.359999656677246,16031,0.0,0.0
2022-10-28 15:30:00-04:00,10.359999656677246,10.369999885559082,10.100000381469727,10.180000305175781,10161,0.0,0.0
2022-10-31 09:30:00-04:00,10.039999961853027,10.039999961853027,10.039999961853027,10.039999961853027,1054,0.0,0.0
2022-10-31 10:30:00-04:00,10.180000305175781,10.34000015258789,10.078300476074219,10.34000015258789,9653,0.0,0.0
2022-10-31 11:30:00-04:00,10.1899995803833,10.364999771118164,10.1899995803833,10.239999771118164,965,0.0,0.0
2022-10-31 12:30:00-04:00,10.470000267028809,10.899999618530273,10.470000267028809,10.84000015258789,15528,0.0,0.0
2022-10-31 13:30:00-04:00,10.729999542236328,10.739999771118164,10.630000114440918,10.630000114440918,1934,0.0,0.0
2022-10-31 14:30:00-04:00,10.71500015258789,10.869999885559082,10.704999923706055,10.819999694824219,3456,0.0,0.0
2022-10-31 15:30:00-04:00,10.880000114440918,11.220000267028809,10.84000015258789,10.9399995803833,16476,0.0,0.0
2022-11-01 09:30:00-04:00,11.289999961853027,11.390000343322754,11.069999694824219,11.194999694824219,13023,0.0,0.0
2022-11-01 10:30:00-04:00,11.475000381469727,11.819999694824219,11.369999885559082,11.725000381469727,12592,0.0,0.0
2022-11-01 11:30:00-04:00,11.630000114440918,11.630000114440918,11.300000190734863,11.350000381469727,8414,0.0,0.0
2022-11-01 12:30:00-04:00,11.369999885559082,11.529999732971191,11.289999961853027,11.470000267028809,9641,0.0,0.0
2022-11-01 13:30:00-04:00,11.1899995803833,11.3100004196167,10.920000076293945,11.3100004196167,7899,0.0,0.0
2022-11-01 14:30:00-04:00,11.279999732971191,11.279999732971191,11.210000038146973,11.210000038146973,1464,0.0,0.0
2022-11-01 15:30:00-04:00,11.199999809265137,11.470000267028809,11.199999809265137,11.470000267028809,25066,0.0,0.0
2022-11-02 09:30:00-04:00,11.579999923706055,11.579999923706055,10.8100004196167,10.824999809265137,8047,0.0,0.0
2022-11-02 10:30:00-04:00,10.845000267028809,11.390000343322754,10.710000038146973,11.3100004196167,11551,0.0,0.0
2022-11-02 11:30:00-04:00,11.399999618530273,11.404999732971191,11.079999923706055,11.15999984741211,8828,0.0,0.0
2022-11-02 12:30:00-04:00,10.899999618530273,11.369999885559082,10.899999618530273,11.289999961853027,5465,0.0,0.0
2022-11-02 13:30:00-04:00,11.239999771118164,12.0,10.989999771118164,11.96500015258789,25153,0.0,0.0
2022-11-02 14:30:00-04:00,12.015000343322754,12.09000015258789,11.539999961853027,11.829999923706055,10303,0.0,0.0
2022-11-02 15:30:00-04:00,11.5600004196167,11.645000457763672,11.329999923706055,11.40999984741211,6965,0.0,0.0
2022-11-03 09:30:00-04:00,11.010000228881836,11.505000114440918,11.010000228881836,11.505000114440918,0,0.0,0.0
2022-11-03 10:30:00-04:00,11.774999618530273,11.774999618530273,11.774999618530273,11.774999618530273,717,0.0,0.0
2022-11-03 11:30:00-04:00,11.75,11.75,11.75,11.75,816,0.0,0.0
2022-11-03 12:30:00-04:00,11.779999732971191,12.119999885559082,11.25,11.350000381469727,57563,0.0,0.0
2022-11-03 13:30:00-04:00,11.210000038146973,11.550000190734863,11.199999809265137,11.53499984741211,5387,0.0,0.0
2022-11-03 14:30:00-04:00,11.53499984741211,11.600000381469727,11.489999771118164,11.510000228881836,1522,0.0,0.0
2022-11-03 15:30:00-04:00,11.604999542236328,11.680000305175781,11.550000190734863,11.680000305175781,9010,0.0,0.0
2022-11-04 09:30:00-04:00,11.90999984741211,12.229999542236328,11.604999542236328,11.789999961853027,4217,0.0,0.0
2022-11-04 10:30:00-04:00,11.779999732971191,11.958600044250488,11.779999732971191,11.899999618530273,4035,0.0,0.0
2022-11-04 11:30:00-04:00,11.829999923706055,11.890000343322754,11.279999732971191,11.414999961853027,6193,0.0,0.0
2022-11-04 12:30:00-04:00,11.4399995803833,11.4399995803833,11.1850004196167,11.300000190734863,3782,0.0,0.0
2022-11-04 13:30:00-04:00,11.289999961853027,11.289999961853027,11.15999984741211,11.15999984741211,2328,0.0,0.0
2022-11-04 14:30:00-04:00,11.220000267028809,11.4399995803833,11.170000076293945,11.40999984741211,23443,0.0,0.0
2022-11-04 15:30:00-04:00,11.420000076293945,11.510000228881836,11.09000015258789,11.194999694824219,27418,0.0,0.0
2022-11-07 09:30:00-05:00,11.130000114440918,11.470000267028809,10.670000076293945,11.020000457763672,7720,0.0,0.0
2022-11-07 10:30:00-05:00,11.149999618530273,11.180000305175781,10.880000114440918,11.050000190734863,15461,0.0,0.0
2022-11-07 11:30:00-05:00,10.87720012664795,10.87720012664795,10.755000114440918,10.755000114440918,2661,0.0,0.0
2022-11-07 12:30:00-05:00,10.899999618530273,10.904999732971191,10.5,10.649999618530273,98198,0.0,0.0
2022-11-07 13:30:00-05:00,10.529999732971191,10.529999732971191,10.34000015258789,10.380000114440918,3479,0.0,0.0
2022-11-07 14:30:00-05:00,10.3100004196167,10.550000190734863,10.3100004196167,10.460000038146973,2476,0.0,0.0
2022-11-07 15:30:00-05:00,10.399999618530273,10.399999618530273,10.069999694824219,10.109999656677246,17549,0.0,0.0
2022-11-08 09:30:00-05:00,9.829999923706055,9.829999923706055,9.430000305175781,9.430000305175781,2559,0.0,0.0
2022-11-08 10:30:00-05:00,9.569999694824219,9.779999732971191,9.569999694824219,9.779999732971191,2100,0.0,0.0
2022-11-08 11:30:00-05:00,9.779999732971191,10.15999984741211,9.779999732971191,9.899999618530273,6776,0.0,0.0
2022-11-08 12:30:00-05:00,9.850000381469727,10.069999694824219,9.84000015258789,10.067999839782715,4903,0.0,0.0
2022-11-08 13:30:00-05:00,10.015000343322754,10.020000457763672,9.710000038146973,9.710000038146973,9366,0.0,0.0
2022-11-08 14:30:00-05:00,9.600000381469727,9.630000114440918,9.430000305175781,9.59000015258789,9383,0.0,0.0
2022-11-08 15:30:00-05:00,9.579999923706055,9.6899995803833,9.460000038146973,9.470000267028809,19270,0.0,0.0
2022-11-09 09:30:00-05:00,9.34000015258789,9.489999771118164,9.34000015258789,9.489999771118164,0,0.0,0.0
2022-11-09 11:30:00-05:00,9.75,9.800000190734863,9.380000114440918,9.449999809265137,8805,0.0,0.0
2022-11-09 12:30:00-05:00,9.574999809265137,9.574999809265137,9.300000190734863,9.385000228881836,1520,0.0,0.0
2022-11-09 13:30:00-05:00,9.40999984741211,9.40999984741211,9.03499984741211,9.154999732971191,2729,0.0,0.0
2022-11-09 14:30:00-05:00,9.039999961853027,9.260000228881836,9.039999961853027,9.260000228881836,1051,0.0,0.0
2022-11-09 15:30:00-05:00,9.180000305175781,9.180000305175781,8.819999694824219,8.9399995803833,7015,0.0,0.0
2022-11-10 09:30:00-05:00,9.140000343322754,9.140000343322754,8.90149974822998,9.09000015258789,1280,0.0,0.0
2022-11-10 10:30:00-05:00,9.100000381469727,9.100000381469727,8.800000190734863,8.8149995803833,3925,0.0,0.0
2022-11-10 11:30:00-05:00,8.979999542236328,9.0,8.859999656677246,9.0,2654,0.0,0.0
2022-11-10 12:30:00-05:00,9.0,9.010000228881836,8.609999656677246,8.699999809265137,6977,0.0,0.0
2022-11-10 13:30:00-05:00,8.699999809265137,8.699999809265137,8.494999885559082,8.649999618530273,13419,0.0,0.0
2022-11-10 14:30:00-05:00,8.675000190734863,8.699999809265137,8.470000267028809,8.479999542236328,9818,0.0,0.0
2022-11-10 15:30:00-05:00,8.470000267028809,8.52180004119873,8.289999961853027,8.319999694824219,21370,0.0,0.0
2022-11-11 09:30:00-05:00,8.289999961853027,8.350000381469727,8.050000190734863,8.109999656677246,11940,0.0,0.0
2022-11-11 10:30:00-05:00,8.130000114440918,8.239999771118164,7.909999847412109,7.954999923706055,7188,0.0,0.0
2022-11-11 11:30:00-05:00,7.954999923706055,8.029999732971191,7.829999923706055,8.017999649047852,7899,0.0,0.0
2022-11-11 12:30:00-05:00,7.96999979019165,8.029999732971191,7.715000152587891,7.828199863433838,31378,0.0,0.0
2022-11-11 13:30:00-05:00,7.784999847412109,7.829999923706055,7.440000057220459,7.440000057220459,16989,0.0,0.0
2022-11-11 14:30:00-05:00,7.5,7.650000095367432,7.5,7.599999904632568,12616,0.0,0.0
2022-11-11 15:30:00-05:00,7.639999866485596,7.920000076293945,7.5,7.889999866485596,68722,0.0,0.0
2022-11-14 09:30:00-05:00,7.869999885559082,8.079999923706055,7.869999885559082,7.925000190734863,0,0.0,0.0
2022-11-14 10:30:00-05:00,7.940000057220459,8.015000343322754,7.849999904632568,7.860000133514404,14802,0.0,0.0
2022-11-14 11:30:00-05:00,7.880000114440918,7.920000076293945,7.869999885559082,7.885000228881836,3835,0.0,0.0
2022-11-14 12:30:00-05:00,7.900000095367432,8.079999923706055,7.900000095367432,8.030099868774414,8039,0.0,0.0
2022-11-14 13:30:00-05:00,8.0649995803833,8.149999618530273,7.940000057220459,7.980000019073486,22809,0.0,0.0
2022-11-14 14:30:00-05:00,7.989999771118164,8.010000228881836,7.940000057220459,7.974999904632568,12700,0.0,0.0
2022-11-14 15:30:00-05:00,7.974999904632568,7.989999771118164,7.929999828338623,7.940000057220459,11479,0.0,0.0
2022-11-15 09:30:00-05:00,8.300000190734863,8.300000190734863,7.630000114440918,7.739999771118164,21613,0.0,0.0
2022-11-15 10:30:00-05:00,7.855000019073486,8.210000038146973,7.760000228881836,7.909999847412109,19057,0.0,0.0
2022-11-15 11:30:00-05:00,7.989999771118164,8.100000381469727,7.869999885559082,7.949999809265137,5712,0.0,0.0
2022-11-15 12:30:00-05:00,7.994999885559082,8.0,7.829999923706055,7.940000057220459,6981,0.0,0.0
2022-11-15 13:30:00-05:00,7.889999866485596,7.945000171661377,7.820000171661377,7.889999866485596,3527,0.0,0.0
2022-11-15 14:30:00-05:00,7.880000114440918,7.960000038146973,7.78000020980835,7.960000038146973,17333,0.0,0.0
2022-11-15 15:30:00-05:00,7.960000038146973,8.109999656677246,7.960000038146973,8.079999923706055,35772,0.0,0.0
2022-11-16 09:30:00-05:00,7.980000019073486,8.069999694824219,7.769999980926514,7.809999942779541,35528,0.0,0.0
2022-11-16 10:30:00-05:00,7.789999961853027,8.0,7.71999979019165,7.889999866485596,7970,0.0,0.0
2022-11-16 11:30:00-05:00,7.75,7.920000076293945,7.75,7.789999961853027,15139,0.0,0.0
2022-11-16 12:30:00-05:00,7.84499979019165,7.900000095367432,7.760000228881836,7.849999904632568,12824,0.0,0.0
2022-11-16 13:30:00-05:00,7.769999980926514,7.849999904632568,7.710000038146973,7.739999771118164,6726,0.0,0.0
2022-11-16 14:30:00-05:00,7.730999946594238,7.730999946594238,7.699999809265137,7.7058000564575195,2368,0.0,0.0
2022-11-16 15:30:00-05:00,7.659999847412109,7.704999923706055,7.510000228881836,7.510000228881836,9207,0.0,0.0
2022-11-17 09:30:00-05:00,7.539999961853027,7.639999866485596,7.409999847412109,7.409999847412109,3335,0.0,0.0
2022-11-17 10:30:00-05:00,7.5,7.53000020980835,7.429999828338623,7.53000020980835,2224,0.0,0.0
2022-11-17 11:30:00-05:00,7.5,7.53000020980835,7.400000095367432,7.460000038146973,4368,0.0,0.0
2022-11-17 12:30:00-05:00,7.465000152587891,7.465000152587891,7.369999885559082,7.454999923706055,3491,0.0,0.0
2022-11-17 13:30:00-05:00,7.440000057220459,7.480000019073486,7.369999885559082,7.400000095367432,14738,0.0,0.0
2022-11-17 14:30:00-05:00,7.389999866485596,7.429999828338623,7.25,7.269999980926514,105471,0.0,0.0
2022-11-17 15:30:00-05:00,7.335100173950195,7.380000114440918,7.25,7.309999942779541,20992,0.0,0.0
2022-11-18 09:30:00-05:00,7.449999809265137,7.489999771118164,7.039999961853027,7.440000057220459,3047,0.0,0.0
2022-11-18 10:30:00-05:00,7.534999847412109,7.539999961853027,7.389999866485596,7.539999961853027,3153,0.0,0.0
2022-11-18 11:30:00-05:00,7.539999961853027,7.630000114440918,7.420000076293945,7.559999942779541,4166,0.0,0.0
2022-11-18 12:30:00-05:00,7.460000038146973,7.510000228881836,7.400000095367432,7.440000057220459,6103,0.0,0.0
2022-11-18 13:30:00-05:00,7.360000133514404,7.375,7.159999847412109,7.239999771118164,6118,0.0,0.0
2022-11-18 14:30:00-05:00,7.289999961853027,7.429999828338623,7.269999980926514,7.429999828338623,3916,0.0,0.0
2022-11-18 15:30:00-05:00,7.380000114440918,7.489999771118164,7.340000152587891,7.360000133514404,13174,0.0,0.0
2022-11-21 09:30:00-05:00,7.440000057220459,7.59499979019165,7.239999771118164,7.59499979019165,0,0.0,0.0
2022-11-21 10:30:00-05:00,7.480000019073486,7.480000019073486,7.195000171661377,7.28000020980835,1808,0.0,0.0
2022-11-21 11:30:00-05:00,7.460000038146973,7.699999809265137,7.255000114440918,7.255000114440918,9972,0.0,0.0
2022-11-21 12:30:00-05:00,7.260000228881836,7.460000038146973,7.204999923706055,7.375,23006,0.0,0.0
2022-11-21 13:30:00-05:00,7.385000228881836,7.385000228881836,7.230000019073486,7.300000190734863,19535,0.0,0.0
2022-11-21 14:30:00-05:00,7.300000190734863,7.489999771118164,7.199999809265137,7.474999904632568,18530,0.0,0.0
2022-11-21 15:30:00-05:00,7.480000019073486,7.650000095367432,7.449999809265137,7.449999809265137,7396,0.0,0.0
2022-11-22 09:30:00-05:00,7.570000171661377,7.989999771118164,7.150000095367432,7.360000133514404,0,0.0,0.0
2022-11-22 10:30:00-05:00,7.360000133514404,7.400000095367432,7.195000171661377,7.242800235748291,6538,0.0,0.0
2022-11-22 11:30:00-05:00,7.199999809265137,7.230000019073486,7.099999904632568,7.204599857330322,3810,0.0,0.0
2022-11-22 12:30:00-05:00,7.230000019073486,7.53000020980835,7.230000019073486,7.355000019073486,9381,0.0,0.0
2022-11-22 13:30:00-05:00,7.335000038146973,7.619999885559082,7.175000190734863,7.300000190734863,7837,0.0,0.0
2022-11-22 14:30:00-05:00,7.304999828338623,7.429999828338623,7.260000228881836,7.400000095367432,4351,0.0,0.0
2022-11-22 15:30:00-05:00,7.400000095367432,7.539999961853027,7.369999885559082,7.375,5584,0.0,0.0
2022-11-23 09:30:00-05:00,7.449999809265137,7.471799850463867,7.110000133514404,7.389999866485596,18851,0.0,0.0
2022-11-23 10:30:00-05:00,7.389999866485596,7.550000190734863,7.389999866485596,7.40500020980835,4206,0.0,0.0
2022-11-23 11:30:00-05:00,7.429999828338623,7.5,7.389999866485596,7.5,1509,0.0,0.0
2022-11-23 12:30:00-05:00,7.565000057220459,7.672500133514404,7.565000057220459,7.614999771118164,1227,0.0,0.0
2022-11-23 13:30:00-05:00,7.574999809265137,7.699999809265137,7.329999923706055,7.360000133514404,6978,0.0,0.0
2022-11-23 14:30:00-05:00,7.454999923706055,7.454999923706055,7.25,7.329999923706055,3062,0.0,0.0
2022-11-23 15:30:00-05:00,7.315000057220459,7.375,7.269999980926514,7.28000020980835,7577,0.0,0.0
2022-11-25 09:30:00-05:00,7.309999942779541,7.575799942016602,7.039999961853027,7.329999923706055,0,0.0,0.0
2022-11-25 10:30:00-05:00,7.360000133514404,7.420000076293945,7.340000152587891,7.380000114440918,2794,0.0,0.0
2022-11-25 11:30:00-05:00,7.349999904632568,7.414999961853027,7.239999771118164,7.289999961853027,2266,0.0,0.0
2022-11-28 09:30:00-05:00,7.260000228881836,7.769999980926514,7.260000228881836,7.480000019073486,4490,0.0,0.0
2022-11-28 10:30:00-05:00,7.481200218200684,7.5,7.230000019073486,7.329999923706055,20164,0.0,0.0
2022-11-28 11:30:00-05:00,7.349999904632568,7.454999923706055,7.21999979019165,7.369999885559082,16782,0.0,0.0
2022-11-28 12:30:00-05:00,7.329999923706055,7.489999771118164,7.190000057220459,7.190000057220459,7485,0.0,0.0
2022-11-28 13:30:00-05:00,7.159999847412109,7.389999866485596,7.130000114440918,7.309999942779541,5431,0.0,0.0
2022-11-28 14:30:00-05:00,7.150000095367432,7.349999904632568,7.150000095367432,7.179999828338623,6952,0.0,0.0
2022-11-28 15:30:00-05:00,7.119999885559082,7.349999904632568,7.050000190734863,7.050000190734863,9118,0.0,0.0
2022-11-29 09:30:00-05:00,7.179999828338623,7.659999847412109,6.920000076293945,7.049600124359131,0,0.0,0.0
2022-11-29 10:30:00-05:00,7.085000038146973,7.144999980926514,6.949900150299072,6.949900150299072,1878,0.0,0.0
2022-11-29 11:30:00-05:00,7.139999866485596,7.139999866485596,7.139999866485596,7.139999866485596,168,0.0,0.0
2022-11-29 12:30:00-05:00,7.179999828338623,7.179999828338623,7.139999866485596,7.139999866485596,460,0.0,0.0
2022-11-29 13:30:00-05:00,7.119999885559082,7.190000057220459,7.085000038146973,7.179999828338623,8234,0.0,0.0
2022-11-29 14:30:00-05:00,7.195000171661377,7.244999885559082,7.195000171661377,7.224999904632568,1607,0.0,0.0
2022-11-29 15:30:00-05:00,7.164999961853027,7.230000019073486,7.0,7.010000228881836,9029,0.0,0.0
2022-11-30 09:30:00-05:00,7.119999885559082,7.590000152587891,7.039999961853027,7.150000095367432,8279,0.0,0.0
2022-11-30 10:30:00-05:00,7.190000057220459,7.380000114440918,7.0,7.0,3337,0.0,0.0
2022-11-30 11:30:00-05:00,6.989999771118164,7.090000152587891,6.840000152587891,7.090000152587891,8661,0.0,0.0
2022-11-30 12:30:00-05:00,6.980000019073486,7.079999923706055,6.940000057220459,7.039999961853027,23916,0.0,0.0
2022-11-30 13:30:00-05:00,7.059999942779541,7.074999809265137,6.980000019073486,7.039999961853027,15510,0.0,0.0
2022-11-30 14:30:00-05:00,7.0,7.090000152587891,6.96999979019165,7.010000228881836,15273,0.0,0.0
2022-11-30 15:30:00-05:00,7.010000228881836,7.215000152587891,7.010000228881836,7.119999885559082,20575,0.0,0.0
2022-12-01 09:30:00-05:00,7.28000020980835,7.284999847412109,7.139999866485596,7.164999961853027,5453,0.0,0.0
2022-12-01 10:30:00-05:00,7.119999885559082,7.150000095367432,6.980000019073486,7.019999980926514,14118,0.0,0.0
2022-12-01 11:30:00-05:00,7.045000076293945,7.144999980926514,6.980000019073486,7.070000171661377,14348,0.0,0.0
2022-12-01 12:30:00-05:00,7.059999942779541,7.117499828338623,7.039999961853027,7.099999904632568,1848,0.0,0.0
2022-12-01 13:30:00-05:00,7.144999980926514,7.257500171661377,7.139999866485596,7.195000171661377,6300,0.0,0.0
2022-12-01 14:30:00-05:00,7.170000076293945,7.239999771118164,7.119999885559082,7.239999771118164,7107,0.0,0.0
2022-12-01 15:30:00-05:00,7.215000152587891,7.264999866485596,7.099999904632568,7.159999847412109,11991,0.0,0.0
2022-12-02 09:30:00-05:00,7.090000152587891,7.092599868774414,7.070000171661377,7.070000171661377,0,0.0,0.0
2022-12-02 10:30:00-05:00,6.980000019073486,7.130000114440918,6.949999809265137,6.949999809265137,6635,0.0,0.0
2022-12-02 11:30:00-05:00,6.880000114440918,6.965000152587891,6.880000114440918,6.929999828338623,4268,0.0,0.0
2022-12-02 12:30:00-05:00,6.909999847412109,6.925000190734863,6.900000095367432,6.900000095367432,860,0.0,0.0
2022-12-02 13:30:00-05:00,6.940000057220459,7.005000114440918,6.909999847412109,7.005000114440918,7577,0.0,0.0
2022-12-02 14:30:00-05:00,6.960000038146973,7.019999980926514,6.909999847412109,6.989999771118164,22636,0.0,0.0
2022-12-02 15:30:00-05:00,6.960000038146973,6.994999885559082,6.900000095367432,6.920000076293945,23322,0.0,0.0
2022-12-05 09:30:00-05:00,6.960000038146973,6.960000038146973,6.739999771118164,6.739999771118164,0,0.0,0.0
2022-12-05 10:30:00-05:00,6.715000152587891,6.739999771118164,6.610000133514404,6.610000133514404,5096,0.0,0.0
2022-12-05 11:30:00-05:00,6.619999885559082,6.760000228881836,6.610000133514404,6.75,10075,0.0,0.0
2022-12-05 12:30:00-05:00,6.769999980926514,6.775000095367432,6.690000057220459,6.695000171661377,8943,0.0,0.0
2022-12-05 13:30:00-05:00,6.695000171661377,6.800000190734863,6.690000057220459,6.760000228881836,8090,0.0,0.0
2022-12-05 14:30:00-05:00,6.800000190734863,6.800000190734863,6.679999828338623,6.704999923706055,13421,0.0,0.0
2022-12-05 15:30:00-05:00,6.690000057220459,6.769999980926514,6.614999771118164,6.75,17687,0.0,0.0
2022-12-06 09:30:00-05:00,6.78000020980835,6.849999904632568,6.730000019073486,6.849999904632568,5318,0.0,0.0
2022-12-06 10:30:00-05:00,6.800000190734863,6.929999828338623,6.800000190734863,6.920000076293945,2973,0.0,0.0
2022-12-06 11:30:00-05:00,6.889999866485596,6.889999866485596,6.760000228881836,6.795000076293945,3714,0.0,0.0
2022-12-06 12:30:00-05:00,6.769999980926514,6.829999923706055,6.619999885559082,6.619999885559082,2844,0.0,0.0
2022-12-06 13:30:00-05:00,6.659999847412109,6.659999847412109,6.610000133514404,6.610000133514404,895,0.0,0.0
2022-12-06 14:30:00-05:00,6.675000190734863,6.730000019073486,6.639999866485596,6.730000019073486,6425,0.0,0.0
2022-12-06 15:30:00-05:00,6.730000019073486,6.755000114440918,6.659999847412109,6.659999847412109,8335,0.0,0.0
2022-12-07 09:30:00-05:00,6.769999980926514,6.769999980926514,6.559999942779541,6.559999942779541,0,0.0,0.0
2022-12-07 10:30:00-05:00,6.593100070953369,6.593100070953369,6.480000019073486,6.480000019073486,2303,0.0,0.0
2022-12-07 11:30:00-05:00,6.389999866485596,6.510000228881836,6.2617998123168945,6.349999904632568,12252,0.0,0.0
2022-12-07 12:30:00-05:00,6.320000171661377,6.480000019073486,6.25,6.260000228881836,4213,0.0,0.0
2022-12-07 13:30:00-05:00,6.289999961853027,6.400000095367432,6.265900135040283,6.369999885559082,2744,0.0,0.0
2022-12-07 14:30:00-05:00,6.400000095367432,6.460000038146973,6.309999942779541,6.360000133514404,2640,0.0,0.0
2022-12-07 15:30:00-05:00,6.360000133514404,6.380000114440918,6.309999942779541,6.355000019073486,8375,0.0,0.0
2022-12-08 09:30:00-05:00,6.380000114440918,6.550000190734863,6.070000171661377,6.5,9231,0.0,0.0
2022-12-08 10:30:00-05:00,6.349999904632568,6.46999979019165,6.349999904632568,6.349999904632568,1065,0.0,0.0
2022-12-08 11:30:00-05:00,6.369999885559082,6.539999961853027,6.360000133514404,6.380000114440918,8077,0.0,0.0
2022-12-08 12:30:00-05:00,6.380000114440918,6.389999866485596,6.300000190734863,6.300000190734863,2192,0.0,0.0
2022-12-08 13:30:00-05:00,6.300000190734863,6.377900123596191,6.295000076293945,6.300000190734863,3338,0.0,0.0
2022-12-08 14:30:00-05:00,6.304999828338623,6.309999942779541,6.260000228881836,6.260000228881836,1585,0.0,0.0
2022-12-08 15:30:00-05:00,6.284999847412109,6.309999942779541,6.260000228881836,6.300000190734863,4035,0.0,0.0
2022-12-09 09:30:00-05:00,6.239999771118164,6.239999771118164,6.039999961853027,6.09499979019165,0,0.0,0.0
2022-12-09 10:30:00-05:00,6.114999771118164,6.380000114440918,6.114999771118164,6.369999885559082,4991,0.0,0.0
2022-12-09 11:30:00-05:00,6.324999809265137,6.40500020980835,6.139999866485596,6.150000095367432,6061,0.0,0.0
2022-12-09 12:30:00-05:00,6.139900207519531,6.304999828338623,6.139900207519531,6.304999828338623,6787,0.0,0.0
2022-12-09 13:30:00-05:00,6.364999771118164,6.465000152587891,6.235000133514404,6.380000114440918,4401,0.0,0.0
2022-12-09 14:30:00-05:00,6.307499885559082,6.369999885559082,6.275000095367432,6.324999809265137,2843,0.0,0.0
2022-12-09 15:30:00-05:00,6.380000114440918,6.445000171661377,6.360000133514404,6.360000133514404,4758,0.0,0.0
2022-12-12 09:30:00-05:00,6.480000019073486,6.480000019073486,6.324999809265137,6.349999904632568,0,0.0,0.0
2022-12-12 10:30:00-05:00,6.460000038146973,6.825099945068359,6.460000038146973,6.579999923706055,6374,0.0,0.0
2022-12-12 11:30:00-05:00,6.470099925994873,6.579999923706055,6.470099925994873,6.579999923706055,1518,0.0,0.0
2022-12-12 12:30:00-05:00,6.502399921417236,6.510000228881836,6.440000057220459,6.510000228881836,2479,0.0,0.0
2022-12-12 13:30:00-05:00,6.5493998527526855,6.5493998527526855,6.480000019073486,6.480000019073486,1742,0.0,0.0
2022-12-12 14:30:00-05:00,6.440000057220459,6.550000190734863,6.440000057220459,6.489999771118164,4253,0.0,0.0
2022-12-12 15:30:00-05:00,6.534999847412109,6.679999828338623,6.510000228881836,6.670000076293945,7255,0.0,0.0
2022-12-13 09:30:00-05:00,6.920000076293945,7.210000038146973,6.630000114440918,6.909999847412109,9612,0.0,0.0
2022-12-13 10:30:00-05:00,6.949999809265137,7.34499979019165,6.949999809265137,7.264900207519531,71386,0.0,0.0
2022-12-13 11:30:00-05:00,7.159999847412109,7.25,6.851500034332275,7.034999847412109,10339,0.0,0.0
2022-12-13 12:30:00-05:00,6.989999771118164,7.260000228881836,6.989999771118164,7.260000228881836,2030,0.0,0.0
2022-12-13 13:30:00-05:00,7.210000038146973,7.369999885559082,7.179999828338623,7.215000152587891,4095,0.0,0.0
2022-12-13 14:30:00-05:00,7.235000133514404,7.320000171661377,7.139999866485596,7.139999866485596,11920,0.0,0.0
2022-12-13 15:30:00-05:00,7.114999771118164,7.210000038146973,7.070000171661377,7.210000038146973,9163,0.0,0.0
2022-12-14 09:30:00-05:00,7.21999979019165,7.254899978637695,6.96999979019165,7.254899978637695,5875,0.0,0.0
2022-12-14 10:30:00-05:00,7.230000019073486,7.25,7.079999923706055,7.25,5905,0.0,0.0
2022-12-14 11:30:00-05:00,7.25,7.28000020980835,7.139999866485596,7.264999866485596,41508,0.0,0.0
2022-12-14 12:30:00-05:00,7.210000038146973,7.300000190734863,7.199999809265137,7.25,2505,0.0,0.0
2022-12-14 13:30:00-05:00,7.210000038146973,7.260000228881836,6.989999771118164,7.050000190734863,13869,0.0,0.0
2022-12-14 14:30:00-05:00,6.980000019073486,7.239999771118164,6.949999809265137,7.190000057220459,14820,0.0,0.0
2022-12-14 15:30:00-05:00,7.190000057220459,7.269999980926514,7.125,7.269999980926514,11685,0.0,0.0
2022-12-15 09:30:00-05:00,7.570000171661377,7.6072001457214355,7.218999862670898,7.449999809265137,6981,0.0,0.0
2022-12-15 10:30:00-05:00,7.449999809265137,7.539999961853027,7.440000057220459,7.519999980926514,5194,0.0,0.0
2022-12-15 11:30:00-05:00,7.549099922180176,7.550000190734863,7.485000133514404,7.485000133514404,3011,0.0,0.0
2022-12-15 12:30:00-05:00,7.46999979019165,7.539999961853027,7.380000114440918,7.445000171661377,1387,0.0,0.0
2022-12-15 13:30:00-05:00,7.429999828338623,7.429999828338623,6.960000038146973,7.065000057220459,2785,0.0,0.0
2022-12-15 14:30:00-05:00,7.179999828338623,7.539999961853027,7.054999828338623,7.429999828338623,19776,0.0,0.0
2022-12-15 15:30:00-05:00,7.429999828338623,7.539999961853027,7.429999828338623,7.539999961853027,11238,0.0,0.0
2022-12-16 09:30:00-05:00,7.5,7.669899940490723,7.5,7.574999809265137,7849,0.0,0.0
2022-12-16 10:30:00-05:00,7.574999809265137,7.650000095367432,7.210000038146973,7.619999885559082,17797,0.0,0.0
2022-12-16 11:30:00-05:00,7.570000171661377,7.610000133514404,7.5,7.5,4207,0.0,0.0
2022-12-16 12:30:00-05:00,7.510000228881836,7.599999904632568,7.480000019073486,7.550000190734863,17126,0.0,0.0
2022-12-16 13:30:00-05:00,7.550000190734863,7.610000133514404,7.545000076293945,7.599999904632568,8999,0.0,0.0
2022-12-16 14:30:00-05:00,7.599999904632568,7.940000057220459,7.599999904632568,7.880000114440918,9799,0.0,0.0
2022-12-16 15:30:00-05:00,7.880000114440918,8.09000015258789,7.864999771118164,7.920000076293945,16082,0.0,0.0
2022-12-19 09:30:00-05:00,8.0,8.067000389099121,7.769999980926514,7.909999847412109,8947,0.0,0.0
2022-12-19 10:30:00-05:00,7.909999847412109,8.029999732971191,7.880000114440918,7.940000057220459,10553,0.0,0.0
2022-12-19 11:30:00-05:00,7.997799873352051,8.0600004196167,7.949999809265137,7.985000133514404,19017,0.0,0.0
2022-12-19 12:30:00-05:00,7.940000057220459,8.029999732971191,7.940000057220459,7.980000019073486,9323,0.0,0.0
2022-12-19 13:30:00-05:00,7.980000019073486,8.109999656677246,7.869999885559082,7.954999923706055,11685,0.0,0.0
2022-12-19 14:30:00-05:00,7.960000038146973,8.039999961853027,7.860000133514404,7.920000076293945,15385,0.0,0.0
2022-12-19 15:30:00-05:00,7.920000076293945,7.989999771118164,7.860000133514404,7.860000133514404,16049,0.0,0.0
2022-12-20 09:30:00-05:00,8.0,8.460000038146973,8.0,8.4399995803833,5794,0.0,0.0
2022-12-20 10:30:00-05:00,8.3100004196167,8.375,8.210000038146973,8.375,8759,0.0,0.0
2022-12-20 11:30:00-05:00,8.3100004196167,8.380000114440918,8.239999771118164,8.3100004196167,3502,0.0,0.0
2022-12-20 12:30:00-05:00,8.350000381469727,8.479999542236328,8.260000228881836,8.404999732971191,6641,0.0,0.0
2022-12-20 13:30:00-05:00,8.479999542236328,8.640000343322754,8.34000015258789,8.569999694824219,6879,0.0,0.0
2022-12-20 14:30:00-05:00,8.609999656677246,8.680000305175781,8.600000381469727,8.670000076293945,9855,0.0,0.0
2022-12-20 15:30:00-05:00,8.654999732971191,8.654999732971191,8.4399995803833,8.460000038146973,25641,0.0,0.0
2022-12-21 09:30:00-05:00,8.5600004196167,8.680000305175781,8.40999984741211,8.680000305175781,8804,0.0,0.0
2022-12-21 10:30:00-05:00,8.680000305175781,8.770000457763672,8.520000457763672,8.762999534606934,7728,0.0,0.0
2022-12-21 11:30:00-05:00,8.770000457763672,8.770000457763672,8.430000305175781,8.569999694824219,7833,0.0,0.0
2022-12-21 12:30:00-05:00,8.550000190734863,8.75,8.3100004196167,8.569999694824219,3957,0.0,0.0
2022-12-21 13:30:00-05:00,8.489999771118164,8.691699981689453,8.470000267028809,8.550000190734863,3120,0.0,0.0
2022-12-21 14:30:00-05:00,8.550000190734863,8.625,8.430000305175781,8.539999961853027,8931,0.0,0.0
2022-12-21 15:30:00-05:00,8.550000190734863,8.6850004196167,8.40999984741211,8.40999984741211,8924,0.0,0.0
2022-12-22 09:30:00-05:00,8.40999984741211,8.970000267028809,8.010000228881836,8.239999771118164,0,0.0,0.0
2022-12-22 10:30:00-05:00,8.175000190734863,8.289999961853027,8.050000190734863,8.289999961853027,2280,0.0,0.0
2022-12-22 11:30:00-05:00,8.260000228881836,8.279999732971191,8.210000038146973,8.234999656677246,2817,0.0,0.0
2022-12-22 12:30:00-05:00,8.210000038146973,8.270000457763672,8.210000038146973,8.270000457763672,3349,0.0,0.0
2022-12-22 13:30:00-05:00,8.220000267028809,8.270000457763672,8.15999984741211,8.229999542236328,17003,0.0,0.0
2022-12-22 14:30:00-05:00,8.279999732971191,8.335000038146973,8.25,8.3100004196167,5112,0.0,0.0
2022-12-22 15:30:00-05:00,8.289999961853027,8.359999656677246,8.279999732971191,8.279999732971191,47899,0.0,0.0
2022-12-23 09:30:00-05:00,8.09000015258789,8.420000076293945,8.09000015258789,8.119999885559082,8545,0.0,0.0
2022-12-23 10:30:00-05:00,8.210000038146973,8.295000076293945,8.069999694824219,8.239999771118164,13381,0.0,0.0
2022-12-23 11:30:00-05:00,8.300000190734863,8.300000190734863,8.079999923706055,8.119999885559082,4995,0.0,0.0
2022-12-23 12:30:00-05:00,8.119999885559082,8.149999618530273,7.925000190734863,7.925000190734863,12673,0.0,0.0
2022-12-23 13:30:00-05:00,7.980000019073486,7.980000019073486,7.510000228881836,7.630000114440918,10236,0.0,0.0
2022-12-23 14:30:00-05:00,7.630000114440918,7.829999923706055,7.510000228881836,7.735000133514404,18960,0.0,0.0
2022-12-23 15:30:00-05:00,7.775000095367432,7.920000076293945,7.700099945068359,7.849999904632568,21130,0.0,0.0
2022-12-27 09:30:00-05:00,7.849999904632568,7.849999904632568,7.505000114440918,7.619999885559082,0,0.0,0.0
2022-12-27 10:30:00-05:00,7.630000114440918,7.690000057220459,7.590000152587891,7.639999866485596,5660,0.0,0.0
2022-12-27 11:30:00-05:00,7.599999904632568,7.619999885559082,7.5,7.545000076293945,4053,0.0,0.0
2022-12-27 12:30:00-05:00,7.545000076293945,7.550000190734863,7.329999923706055,7.449999809265137,12472,0.0,0.0
2022-12-27 13:30:00-05:00,7.414999961853027,7.460000038146973,7.110000133514404,7.300000190734863,5789,0.0,0.0
2022-12-27 14:30:00-05:00,7.300000190734863,7.440000057220459,7.099999904632568,7.320000171661377,11570,0.0,0.0
2022-12-27 15:30:00-05:00,7.25,7.409999847412109,7.179999828338623,7.409999847412109,12517,0.0,0.0
2022-12-28 09:30:00-05:00,7.349999904632568,7.429999828338623,7.21999979019165,7.340000152587891,0,0.0,0.0
2022-12-28 10:30:00-05:00,7.320000171661377,7.320000171661377,7.0,7.059999942779541,7880,0.0,0.0
2022-12-28 11:30:00-05:00,7.059999942779541,7.139999866485596,7.010000228881836,7.119999885559082,5429,0.0,0.0
2022-12-28 12:30:00-05:00,7.139999866485596,7.434999942779541,7.139999866485596,7.34499979019165,4410,0.0,0.0
2022-12-28 13:30:00-05:00,7.360000133514404,7.400000095367432,7.284999847412109,7.284999847412109,7315,0.0,0.0
2022-12-28 14:30:00-05:00,7.309999942779541,7.360000133514404,7.204999923706055,7.349999904632568,9289,0.0,0.0
2022-12-28 15:30:00-05:00,7.360000133514404,7.460000038146973,7.320000171661377,7.329999923706055,11274,0.0,0.0
2022-12-29 09:30:00-05:00,7.449999809265137,7.96999979019165,7.449999809265137,7.96999979019165,0,0.0,0.0
2022-12-29 10:30:00-05:00,8.029999732971191,8.34000015258789,7.739999771118164,8.289999961853027,16952,0.0,0.0
2022-12-29 11:30:00-05:00,8.350000381469727,8.399999618530273,7.960000038146973,8.015000343322754,7094,0.0,0.0
2022-12-29 12:30:00-05:00,8.045000076293945,8.329999923706055,8.045000076293945,8.15999984741211,5501,0.0,0.0
2022-12-29 13:30:00-05:00,8.15999984741211,8.26990032196045,8.15999984741211,8.210000038146973,5513,0.0,0.0
2022-12-29 14:30:00-05:00,8.220000267028809,8.505000114440918,8.220000267028809,8.4399995803833,8130,0.0,0.0
2022-12-29 15:30:00-05:00,8.380000114440918,8.449999809265137,8.300000190734863,8.449999809265137,30118,0.0,0.0
2022-12-30 09:30:00-05:00,8.430000305175781,8.6899995803833,8.329999923706055,8.524999618530273,0,0.0,0.0
2022-12-30 10:30:00-05:00,8.5600004196167,8.90999984741211,8.4399995803833,8.75,7797,0.0,0.0
2022-12-30 11:30:00-05:00,8.819999694824219,8.899999618530273,8.619999885559082,8.619999885559082,4109,0.0,0.0
2022-12-30 12:30:00-05:00,8.699999809265137,8.699999809265137,8.319999694824219,8.5600004196167,2924,0.0,0.0
2022-12-30 13:30:00-05:00,8.350000381469727,8.585000038146973,8.350000381469727,8.430000305175781,6656,0.0,0.0
2022-12-30 14:30:00-05:00,8.609999656677246,8.720000267028809,8.479999542236328,8.699999809265137,6207,0.0,0.0
2022-12-30 15:30:00-05:00,8.550000190734863,8.640000343322754,8.069999694824219,8.34000015258789,64329,0.0,0.0
2023-01-03 09:30:00-05:00,8.430000305175781,8.640000343322754,8.34000015258789,8.5,0,0.0,0.0
2023-01-03 10:30:00-05:00,8.4350004196167,8.819999694824219,8.40999984741211,8.635000228881836,10327,0.0,0.0
2023-01-03 11:30:00-05:00,8.5600004196167,8.65999984741211,8.479999542236328,8.5600004196167,8344,0.0,0.0
2023-01-03 12:30:00-05:00,8.539999961853027,8.539999961853027,8.104999542236328,8.104999542236328,1694,0.0,0.0
2023-01-03 13:30:00-05:00,8.130000114440918,8.600000381469727,8.114999771118164,8.46500015258789,13663,0.0,0.0
2023-01-03 14:30:00-05:00,8.470000267028809,8.5649995803833,8.470000267028809,8.515000343322754,3047,0.0,0.0
2023-01-03 15:30:00-05:00,8.53499984741211,8.619999885559082,8.489999771118164,8.520000457763672,7806,0.0,0.0
2023-01-04 09:30:00-05:00,8.649999618530273,8.649999618530273,8.199999809265137,8.279999732971191,6773,0.0,0.0
2023-01-04 10:30:00-05:00,8.15999984741211,8.289999961853027,8.060099601745605,8.09000015258789,1626,0.0,0.0
2023-01-04 11:30:00-05:00,8.119999885559082,8.199999809265137,8.0600004196167,8.198699951171875,2826,0.0,0.0
2023-01-04 12:30:00-05:00,8.180000305175781,8.1899995803833,8.069999694824219,8.069999694824219,1356,0.0,0.0
2023-01-04 13:30:00-05:00,8.154999732971191,8.154999732971191,8.050000190734863,8.050000190734863,2788,0.0,0.0
2023-01-04 14:30:00-05:00,8.0,8.0,7.840000152587891,7.900000095367432,4687,0.0,0.0
2023-01-04 15:30:00-05:00,7.940000057220459,7.940000057220459,7.670000076293945,7.670000076293945,10001,0.0,0.0
2023-01-05 09:30:00-05:00,7.510000228881836,7.599999904632568,7.199999809265137,7.489999771118164,3008,0.0,0.0
2023-01-05 10:30:00-05:00,7.429999828338623,7.610000133514404,7.340000152587891,7.369999885559082,11103,0.0,0.0
2023-01-05 11:30:00-05:00,7.340000152587891,7.539999961853027,7.2600998878479,7.539999961853027,3609,0.0,0.0
2023-01-05 12:30:00-05:00,7.650000095367432,7.650000095367432,7.380000114440918,7.480000019073486,8056,0.0,0.0
2023-01-05 13:30:00-05:00,7.489999771118164,7.5,7.489999771118164,7.5,777,0.0,0.0
2023-01-05 14:30:00-05:00,7.489999771118164,7.635000228881836,7.489999771118164,7.510000228881836,3189,0.0,0.0
2023-01-05 15:30:00-05:00,7.579999923706055,7.579999923706055,7.5,7.5,2815,0.0,0.0
2023-01-06 10:30:00-05:00,7.21999979019165,7.385000228881836,7.170000076293945,7.385000228881836,1135,0.0,0.0
2023-01-06 11:30:00-05:00,7.539999961853027,7.539999961853027,7.409999847412109,7.420000076293945,1112,0.0,0.0
2023-01-06 12:30:00-05:00,7.684999942779541,7.684999942779541,7.607900142669678,7.607900142669678,712,0.0,0.0
2023-01-06 13:30:00-05:00,7.460000038146973,7.460000038146973,7.159999847412109,7.159999847412109,3136,0.0,0.0
2023-01-06 14:30:00-05:00,7.159999847412109,7.380000114440918,7.130000114440918,7.135000228881836,8067,0.0,0.0
2023-01-06 15:30:00-05:00,7.130000114440918,7.130000114440918,7.050000190734863,7.050000190734863,6703,0.0,0.0
2023-01-09 09:30:00-05:00,6.929999828338623,7.150000095367432,6.800000190734863,6.860000133514404,6684,0.0,0.0
2023-01-09 10:30:00-05:00,6.840000152587891,7.239999771118164,6.809999942779541,6.820000171661377,1505,0.0,0.0
2023-01-09 11:30:00-05:00,7.065000057220459,7.179999828338623,6.880000114440918,6.880000114440918,8773,0.0,0.0
2023-01-09 12:30:00-05:00,7.005000114440918,7.139999866485596,6.855000019073486,7.0,2559,0.0,0.0
2023-01-09 13:30:00-05:00,6.900000095367432,6.960000038146973,6.809999942779541,6.860000133514404,17445,0.0,0.0
2023-01-09 14:30:00-05:00,6.914999961853027,7.059999942779541,6.864999771118164,6.864999771118164,5398,0.0,0.0
2023-01-09 15:30:00-05:00,6.900000095367432,6.960000038146973,6.800000190734863,6.860000133514404,21782,0.0,0.0
2023-01-10 09:30:00-05:00,6.800000190734863,7.469900131225586,6.800000190734863,7.150000095367432,0,0.0,0.0
2023-01-10 10:30:00-05:00,7.414299964904785,7.414299964904785,6.849999904632568,6.860000133514404,8129,0.0,0.0
2023-01-10 11:30:00-05:00,6.880000114440918,6.880000114440918,6.739999771118164,6.849999904632568,25161,0.0,0.0
2023-01-10 12:30:00-05:00,6.840000152587891,6.925000190734863,6.760000228881836,6.789999961853027,19535,0.0,0.0
2023-01-10 13:30:00-05:00,6.769999980926514,6.860000133514404,6.760000228881836,6.860000133514404,6510,0.0,0.0
2023-01-10 14:30:00-05:00,6.840000152587891,6.914999961853027,6.840000152587891,6.914999961853027,2610,0.0,0.0
2023-01-10 15:30:00-05:00,6.980000019073486,7.300000190734863,6.829999923706055,6.929999828338623,27868,0.0,0.0
2023-01-11 09:30:00-05:00,6.840000152587891,7.409999847412109,6.630000114440918,6.960000038146973,1103,0.0,0.0
2023-01-11 10:30:00-05:00,6.820000171661377,7.150000095367432,6.820000171661377,7.065000057220459,13993,0.0,0.0
2023-01-11 11:30:00-05:00,7.019999980926514,7.130000114440918,7.019999980926514,7.130000114440918,11671,0.0,0.0
2023-01-11 12:30:00-05:00,7.130000114440918,7.21999979019165,7.070000171661377,7.21999979019165,5329,0.0,0.0
2023-01-11 13:30:00-05:00,7.269999980926514,7.320000171661377,7.255000114440918,7.289999961853027,3922,0.0,0.0
2023-01-11 14:30:00-05:00,7.264999866485596,7.264999866485596,7.130000114440918,7.159999847412109,7732,0.0,0.0
2023-01-11 15:30:00-05:00,7.21999979019165,7.269999980926514,6.980000019073486,6.980000019073486,27085,0.0,0.0
2023-01-12 09:30:00-05:00,7.010000228881836,7.010000228881836,7.010000228881836,7.010000228881836,0,0.0,0.0
2023-01-12 10:30:00-05:00,7.019999980926514,7.230000019073486,7.010000228881836,7.230000019073486,1340,0.0,0.0
2023-01-12 11:30:00-05:00,7.199999809265137,7.199999809265137,7.085000038146973,7.110000133514404,1615,0.0,0.0
2023-01-12 12:30:00-05:00,7.230000019073486,7.28000020980835,7.090000152587891,7.199999809265137,4961,0.0,0.0
2023-01-12 13:30:00-05:00,7.224999904632568,7.224999904632568,7.179999828338623,7.224999904632568,1203,0.0,0.0
2023-01-12 14:30:00-05:00,7.190000057220459,7.269999980926514,7.190000057220459,7.260000228881836,6946,0.0,0.0
2023-01-12 15:30:00-05:00,7.239999771118164,7.28000020980835,7.139999866485596,7.139999866485596,12553,0.0,0.0
2023-01-13 09:30:00-05:00,7.710000038146973,8.029999732971191,7.650000095367432,7.71999979019165,10630,0.0,0.0
2023-01-13 10:30:00-05:00,7.900000095367432,7.929999828338623,7.849999904632568,7.849999904632568,2780,0.0,0.0
2023-01-13 11:30:00-05:00,7.829999923706055,7.829999923706055,7.400000095367432,7.400000095367432,98022,0.0,0.0
2023-01-13 12:30:00-05:00,7.400000095367432,7.46999979019165,7.400000095367432,7.434999942779541,3044,0.0,0.0
2023-01-13 13:30:00-05:00,7.400000095367432,7.440000057220459,7.349999904632568,7.440000057220459,3429,0.0,0.0
2023-01-13 14:30:00-05:00,7.349999904632568,7.510000228881836,7.320000171661377,7.349999904632568,18976,0.0,0.0
2023-01-13 15:30:00-05:00,7.349999904632568,7.489999771118164,7.309999942779541,7.380000114440918,19484,0.0,0.0
2023-01-17 09:30:00-05:00,7.400000095367432,7.610000133514404,7.400000095367432,7.53000020980835,5075,0.0,0.0
2023-01-17 10:30:00-05:00,7.449999809265137,7.460000038146973,7.304999828338623,7.380000114440918,3204,0.0,0.0
2023-01-17 11:30:00-05:00,7.46999979019165,7.889900207519531,7.46999979019165,7.889900207519531,7176,0.0,0.0
2023-01-17 12:30:00-05:00,7.840000152587891,8.369999885559082,7.829999923706055,8.069999694824219,6742,0.0,0.0
2023-01-17 13:30:00-05:00,8.125,8.229999542236328,8.114999771118164,8.114999771118164,851,0.0,0.0
2023-01-17 14:30:00-05:00,8.1899995803833,8.899999618530273,8.132599830627441,8.449999809265137,22444,0.0,0.0
2023-01-17 15:30:00-05:00,8.46500015258789,8.569999694824219,8.149999618530273,8.149999618530273,9759,0.0,0.0
2023-01-18 09:30:00-05:00,8.3100004196167,8.670000076293945,8.3100004196167,8.623900413513184,1030,0.0,0.0
2023-01-18 10:30:00-05:00,8.6899995803833,8.739999771118164,8.449999809265137,8.725000381469727,2033,0.0,0.0
2023-01-18 11:30:00-05:00,8.619999885559082,8.699999809265137,8.420000076293945,8.699999809265137,1951,0.0,0.0
2023-01-18 12:30:00-05:00,8.645000457763672,9.050000190734863,8.529999732971191,9.050000190734863,4830,0.0,0.0
2023-01-18 13:30:00-05:00,9.149999618530273,9.9399995803833,9.119999885559082,9.930000305175781,14187,0.0,0.0
2023-01-18 14:30:00-05:00,9.920000076293945,9.920000076293945,9.0600004196167,9.109999656677246,20970,0.0,0.0
2023-01-18 15:30:00-05:00,9.234999656677246,9.399999618530273,9.109999656677246,9.395000457763672,10147,0.0,0.0
2023-01-19 09:30:00-05:00,9.369999885559082,9.369999885559082,9.0,9.022500038146973,4561,0.0,0.0
2023-01-19 10:30:00-05:00,8.984999656677246,9.130000114440918,8.966099739074707,9.079999923706055,3785,0.0,0.0
2023-01-19 11:30:00-05:00,8.949999809265137,9.600000381469727,8.949999809265137,9.59000015258789,13947,0.0,0.0
2023-01-19 12:30:00-05:00,9.600000381469727,9.789999961853027,9.1850004196167,9.204999923706055,28231,0.0,0.0
2023-01-19 13:30:00-05:00,9.204999923706055,9.270000457763672,9.100000381469727,9.22249984741211,3549,0.0,0.0
2023-01-19 14:30:00-05:00,9.289999961853027,9.289999961853027,8.970000267028809,8.979999542236328,2324,0.0,0.0
2023-01-19 15:30:00-05:00,9.039999961853027,9.21500015258789,9.029999732971191,9.050000190734863,7508,0.0,0.0
2023-01-20 09:30:00-05:00,9.0600004196167,9.680000305175781,8.710000038146973,9.680000305175781,12493,0.0,0.0
2023-01-20 10:30:00-05:00,9.789999961853027,9.949999809265137,9.789999961853027,9.925299644470215,2671,0.0,0.0
2023-01-20 11:30:00-05:00,9.960000038146973,9.960000038146973,9.896400451660156,9.896400451660156,1807,0.0,0.0
2023-01-20 12:30:00-05:00,9.949999809265137,9.949999809265137,9.8149995803833,9.869999885559082,8040,0.0,0.0
2023-01-20 13:30:00-05:00,9.899999618530273,9.920000076293945,9.720000267028809,9.720000267028809,2650,0.0,0.0
2023-01-20 14:30:00-05:00,9.90999984741211,9.90999984741211,9.850000381469727,9.899999618530273,3329,0.0,0.0
2023-01-20 15:30:00-05:00,9.890000343322754,9.890000343322754,9.645000457763672,9.649999618530273,9850,0.0,0.0
2023-01-23 09:30:00-05:00,9.819999694824219,9.88659954071045,9.3149995803833,9.569999694824219,0,0.0,0.0
2023-01-23 10:30:00-05:00,9.430000305175781,9.460000038146973,9.15999984741211,9.15999984741211,4669,0.0,0.0
2023-01-23 11:30:00-05:00,9.008899688720703,9.336799621582031,8.989999771118164,9.1850004196167,3020,0.0,0.0
2023-01-23 12:30:00-05:00,9.1899995803833,9.539999961853027,9.09000015258789,9.369999885559082,7401,0.0,0.0
2023-01-23 13:30:00-05:00,9.34000015258789,9.350000381469727,9.100000381469727,9.100000381469727,4927,0.0,0.0
2023-01-23 14:30:00-05:00,9.029999732971191,9.098899841308594,8.920000076293945,9.048299789428711,9196,0.0,0.0
2023-01-23 15:30:00-05:00,9.050000190734863,9.170000076293945,8.930000305175781,9.104999542236328,10946,0.0,0.0
2023-01-24 09:30:00-05:00,9.170000076293945,9.289999961853027,9.005000114440918,9.149999618530273,2744,0.0,0.0
2023-01-24 10:30:00-05:00,9.125,9.125,8.928000450134277,8.928000450134277,3934,0.0,0.0
2023-01-24 11:30:00-05:00,8.949999809265137,9.149999618530273,8.930000305175781,9.149999618530273,1510,0.0,0.0
2023-01-24 12:30:00-05:00,9.149999618530273,9.149999618530273,9.0600004196167,9.069999694824219,7201,0.0,0.0
2023-01-24 13:30:00-05:00,9.140000343322754,9.140000343322754,9.0,9.0,4661,0.0,0.0
2023-01-24 14:30:00-05:00,8.960000038146973,8.960000038146973,8.84000015258789,8.850000381469727,5023,0.0,0.0
2023-01-24 15:30:00-05:00,8.805000305175781,8.84000015258789,8.699999809265137,8.84000015258789,8998,0.0,0.0
2023-01-25 09:30:00-05:00,8.800000190734863,8.879899978637695,8.039999961853027,8.5,7882,0.0,0.0
2023-01-25 10:30:00-05:00,8.422800064086914,8.84000015258789,8.422800064086914,8.84000015258789,10077,0.0,0.0
2023-01-25 11:30:00-05:00,8.960000038146973,8.989999771118164,8.8149995803833,8.989999771118164,872,0.0,0.0
2023-01-25 12:30:00-05:00,8.800000190734863,8.970000267028809,8.614999771118164,8.614999771118164,10385,0.0,0.0
2023-01-25 13:30:00-05:00,8.649999618530273,8.649999618530273,8.539999961853027,8.539999961853027,3762,0.0,0.0
2023-01-25 14:30:00-05:00,8.414999961853027,8.510000228881836,8.399999618530273,8.399999618530273,2358,0.0,0.0
2023-01-25 15:30:00-05:00,8.40999984741211,8.569999694824219,8.395000457763672,8.5,9441,0.0,0.0
2023-01-26 09:30:00-05:00,8.649999618530273,8.649999618530273,8.220000267028809,8.260000228881836,3186,0.0,0.0
2023-01-26 10:30:00-05:00,8.260000228881836,8.579999923706055,8.260000228881836,8.300000190734863,4113,0.0,0.0
2023-01-26 11:30:00-05:00,8.529999732971191,8.579999923706055,8.300000190734863,8.430000305175781,5489,0.0,0.0
2023-01-26 12:30:00-05:00,8.59000015258789,9.020000457763672,8.5,8.970000267028809,5281,0.0,0.0
2023-01-26 13:30:00-05:00,8.970000267028809,8.970000267028809,8.75,8.800000190734863,10818,0.0,0.0
2023-01-26 14:30:00-05:00,8.84000015258789,8.90999984741211,8.774999618530273,8.890000343322754,4726,0.0,0.0
2023-01-26 15:30:00-05:00,8.899999618530273,9.020000457763672,8.835000038146973,9.020000457763672,5889,0.0,0.0
2023-01-27 09:30:00-05:00,8.720000267028809,8.949000358581543,8.609999656677246,8.774999618530273,11230,0.0,0.0
2023-01-27 10:30:00-05:00,8.819999694824219,8.90999984741211,8.640000343322754,8.8100004196167,1141,0.0,0.0
2023-01-27 11:30:00-05:00,8.8100004196167,8.930000305175781,8.729999542236328,8.829999923706055,3638,0.0,0.0
2023-01-27 12:30:00-05:00,8.829999923706055,8.850000381469727,8.75,8.850000381469727,3402,0.0,0.0
2023-01-27 13:30:00-05:00,8.850000381469727,8.880000114440918,8.520000457763672,8.630000114440918,7624,0.0,0.0
2023-01-27 14:30:00-05:00,8.770000457763672,9.210000038146973,8.723799705505371,9.149999618530273,14046,0.0,0.0
2023-01-27 15:30:00-05:00,9.149999618530273,9.380000114440918,9.100000381469727,9.380000114440918,8661,0.0,0.0
2023-01-30 09:30:00-05:00,9.319999694824219,9.40999984741211,9.0,9.40999984741211,0,0.0,0.0
2023-01-30 10:30:00-05:00,9.470000267028809,9.489999771118164,9.069999694824219,9.300000190734863,3767,0.0,0.0
2023-01-30 11:30:00-05:00,9.3100004196167,9.869999885559082,9.3100004196167,9.680000305175781,2936,0.0,0.0
2023-01-30 12:30:00-05:00,9.84000015258789,9.899999618530273,9.550000190734863,9.789999961853027,12781,0.0,0.0
2023-01-30 13:30:00-05:00,9.710000038146973,9.779999732971191,9.420000076293945,9.5600004196167,5771,0.0,0.0
2023-01-30 14:30:00-05:00,9.5600004196167,9.760000228881836,9.555000305175781,9.760000228881836,2647,0.0,0.0
2023-01-30 15:30:00-05:00,9.789999961853027,9.850000381469727,9.614999771118164,9.819999694824219,9876,0.0,0.0
2023-01-31 09:30:00-05:00,9.949999809265137,9.979999542236328,9.699999809265137,9.949999809265137,4335,0.0,0.0
2023-01-31 10:30:00-05:00,9.949999809265137,9.949999809265137,9.859999656677246,9.859999656677246,1008,0.0,0.0
2023-01-31 11:30:00-05:00,9.979999542236328,10.039999961853027,9.8100004196167,9.84000015258789,5166,0.0,0.0
2023-01-31 12:30:00-05:00,9.84000015258789,9.890000343322754,9.800000190734863,9.890000343322754,1969,0.0,0.0
2023-01-31 13:30:00-05:00,9.957900047302246,10.015000343322754,9.890000343322754,9.890000343322754,3959,0.0,0.0
2023-01-31 14:30:00-05:00,9.899999618530273,10.010000228881836,9.890000343322754,9.954999923706055,2856,0.0,0.0
2023-01-31 15:30:00-05:00,9.920000076293945,9.920000076293945,9.479999542236328,9.510000228881836,9557,0.0,0.0
2023-02-01 09:30:00-05:00,9.529999732971191,9.763999938964844,9.529999732971191,9.654999732971191,753,0.0,0.0
2023-02-01 10:30:00-05:00,9.670000076293945,9.75,9.65999984741211,9.65999984741211,3945,0.0,0.0
2023-02-01 11:30:00-05:00,9.640000343322754,9.640000343322754,9.619999885559082,9.619999885559082,617,0.0,0.0
2023-02-01 12:30:00-05:00,9.619999885559082,9.619999885559082,9.609999656677246,9.609999656677246,362,0.0,0.0
2023-02-01 13:30:00-05:00,9.675000190734863,9.675000190734863,9.479999542236328,9.5600004196167,2233,0.0,0.0
2023-02-01 14:30:00-05:00,9.300000190734863,9.600000381469727,9.226400375366211,9.600000381469727,4884,0.0,0.0
2023-02-01 15:30:00-05:00,9.680000305175781,9.729999542236328,9.489999771118164,9.505000114440918,2268,0.0,0.0
2023-02-02 09:30:00-05:00,9.529999732971191,9.529999732971191,9.303099632263184,9.303099632263184,2040,0.0,0.0
2023-02-02 10:30:00-05:00,9.34000015258789,9.739999771118164,9.34000015258789,9.539999961853027,3278,0.0,0.0
2023-02-02 11:30:00-05:00,9.49839973449707,9.989999771118164,9.49839973449707,9.989999771118164,7116,0.0,0.0
2023-02-02 12:30:00-05:00,9.890000343322754,9.890000343322754,9.789999961853027,9.789999961853027,893,0.0,0.0
2023-02-02 13:30:00-05:00,9.789999961853027,9.880000114440918,9.440099716186523,9.685099601745605,18420,0.0,0.0
2023-02-02 14:30:00-05:00,9.475299835205078,9.569999694824219,9.100000381469727,9.479999542236328,3946,0.0,0.0
2023-02-02 15:30:00-05:00,9.479999542236328,9.479999542236328,9.3100004196167,9.3100004196167,2996,0.0,0.0
2023-02-03 09:30:00-05:00,9.609999656677246,9.609999656677246,8.880000114440918,9.239999771118164,26642,0.0,0.0
2023-02-03 10:30:00-05:00,9.050000190734863,9.229999542236328,9.019100189208984,9.229999542236328,2277,0.0,0.0
2023-02-03 11:30:00-05:00,9.670000076293945,9.770000457763672,9.510000228881836,9.71500015258789,5406,0.0,0.0
2023-02-03 12:30:00-05:00,9.640000343322754,9.770000457763672,9.522100448608398,9.770000457763672,3195,0.0,0.0
2023-02-03 13:30:00-05:00,9.729999542236328,9.729999542236328,9.479999542236328,9.539999961853027,4433,0.0,0.0
2023-02-03 14:30:00-05:00,9.524999618530273,9.524999618530273,9.140000343322754,9.140000343322754,2401,0.0,0.0
2023-02-03 15:30:00-05:00,9.210000038146973,9.619999885559082,9.210000038146973,9.619999885559082,7573,0.0,0.0
2023-02-06 09:30:00-05:00,9.550000190734863,9.550000190734863,9.260000228881836,9.260000228881836,2841,0.0,0.0
2023-02-06 10:30:00-05:00,9.256699562072754,9.989999771118164,9.256699562072754,9.949999809265137,7835,0.0,0.0
2023-02-06 11:30:00-05:00,10.0,10.0,9.90999984741211,9.9350004196167,6467,0.0,0.0
2023-02-06 12:30:00-05:00,9.9350004196167,9.970000267028809,9.819999694824219,9.880000114440918,3397,0.0,0.0
2023-02-06 13:30:00-05:00,9.920000076293945,9.939599990844727,9.630000114440918,9.630000114440918,4250,0.0,0.0
2023-02-06 14:30:00-05:00,9.8149995803833,9.869999885559082,9.730899810791016,9.730899810791016,2168,0.0,0.0
2023-02-06 15:30:00-05:00,9.729999542236328,9.84000015258789,9.710000038146973,9.84000015258789,2983,0.0,0.0
2023-02-07 09:30:00-05:00,9.510000228881836,9.819999694824219,9.300000190734863,9.789999961853027,24237,0.0,0.0
2023-02-07 10:30:00-05:00,9.789999961853027,9.930000305175781,9.760000228881836,9.859999656677246,11493,0.0,0.0
2023-02-07 11:30:00-05:00,9.930000305175781,9.930000305175781,9.789999961853027,9.789999961853027,3951,0.0,0.0
2023-02-07 12:30:00-05:00,9.699999809265137,9.880000114440918,9.545000076293945,9.649999618530273,3121,0.0,0.0
2023-02-07 13:30:00-05:00,9.664999961853027,9.664999961853027,9.520000457763672,9.546600341796875,1393,0.0,0.0
2023-02-07 14:30:00-05:00,9.65999984741211,9.65999984741211,9.279999732971191,9.368000030517578,27083,0.0,0.0
2023-02-07 15:30:00-05:00,9.4399995803833,9.4399995803833,9.15999984741211,9.15999984741211,5638,0.0,0.0
2023-02-08 11:30:00-05:00,9.109999656677246,9.229999542236328,9.079999923706055,9.229999542236328,3137,0.0,0.0
2023-02-08 12:30:00-05:00,9.135000228881836,9.460000038146973,9.135000228881836,9.28499984741211,4696,0.0,0.0
2023-02-08 13:30:00-05:00,9.260000228881836,9.350000381469727,9.199999809265137,9.265000343322754,4100,0.0,0.0
2023-02-08 14:30:00-05:00,9.229999542236328,9.385000228881836,9.229999542236328,9.369999885559082,3402,0.0,0.0
2023-02-08 15:30:00-05:00,9.289999961853027,9.380000114440918,9.279999732971191,9.380000114440918,5558,0.0,0.0
2023-02-09 09:30:00-05:00,9.0,9.520000457763672,9.0,9.470000267028809,0,0.0,0.0
2023-02-09 10:30:00-05:00,9.050000190734863,9.800000190734863,9.050000190734863,9.800000190734863,7827,0.0,0.0
2023-02-09 11:30:00-05:00,9.789999961853027,9.920000076293945,9.600000381469727,9.680000305175781,24485,0.0,0.0
2023-02-09 12:30:00-05:00,9.819999694824219,9.819999694824219,9.680000305175781,9.699999809265137,3893,0.0,0.0
2023-02-09 13:30:00-05:00,9.720000267028809,9.720000267028809,9.720000267028809,9.720000267028809,349,0.0,0.0
2023-02-09 14:30:00-05:00,9.720000267028809,9.75,9.6850004196167,9.6850004196167,1587,0.0,0.0
2023-02-09 15:30:00-05:00,9.6850004196167,9.890000343322754,9.6850004196167,9.890000343322754,5095,0.0,0.0
2023-02-10 09:30:00-05:00,10.0,10.0,9.71500015258789,9.71500015258789,7145,0.0,0.0
2023-02-10 10:30:00-05:00,9.890000343322754,10.050000190734863,9.859999656677246,10.050000190734863,31005,0.0,0.0
2023-02-10 11:30:00-05:00,10.050000190734863,10.100000381469727,9.989999771118164,10.100000381469727,10395,0.0,0.0
2023-02-10 12:30:00-05:00,10.09850025177002,10.229999542236328,10.09850025177002,10.210000038146973,4178,0.0,0.0
2023-02-10 13:30:00-05:00,10.199999809265137,10.220000267028809,10.0600004196167,10.100000381469727,10432,0.0,0.0
2023-02-10 14:30:00-05:00,10.201600074768066,10.270000457763672,10.170000076293945,10.170000076293945,6366,0.0,0.0
2023-02-10 15:30:00-05:00,10.265000343322754,10.265000343322754,10.0,10.0,12745,0.0,0.0
2023-02-13 09:30:00-05:00,10.029999732971191,10.28499984741211,9.899999618530273,10.28499984741211,2442,0.0,0.0
2023-02-13 10:30:00-05:00,10.279999732971191,10.494999885559082,10.180000305175781,10.469900131225586,9159,0.0,0.0
2023-02-13 11:30:00-05:00,10.494999885559082,10.5,10.400099754333496,10.420000076293945,7310,0.0,0.0
2023-02-13 12:30:00-05:00,10.351499557495117,10.5,10.351499557495117,10.420000076293945,4617,0.0,0.0
2023-02-13 13:30:00-05:00,10.390000343322754,10.40999984741211,10.324999809265137,10.40999984741211,2691,0.0,0.0
2023-02-13 14:30:00-05:00,10.40999984741211,10.5,10.390000343322754,10.479999542236328,4948,0.0,0.0
2023-02-13 15:30:00-05:00,10.489999771118164,10.5,10.3100004196167,10.4350004196167,16706,0.0,0.0
2023-02-14 09:30:00-05:00,10.5,10.5,10.5,10.5,709,0.0,0.0
2023-02-14 10:30:00-05:00,10.649999618530273,11.15999984741211,10.609999656677246,11.0625,60757,0.0,0.0
2023-02-14 11:30:00-05:00,11.010000228881836,11.010000228881836,10.779999732971191,10.829999923706055,4054,0.0,0.0
2023-02-14 12:30:00-05:00,10.960000038146973,11.029999732971191,10.8100004196167,11.015000343322754,2615,0.0,0.0
2023-02-14 13:30:00-05:00,11.015000343322754,11.109999656677246,10.829999923706055,10.949999809265137,25252,0.0,0.0
2023-02-14 14:30:00-05:00,10.899999618530273,10.930000305175781,10.300000190734863,10.569999694824219,30460,0.0,0.0
2023-02-14 15:30:00-05:00,10.470000267028809,10.619999885559082,10.4399995803833,10.5600004196167,6508,0.0,0.0
2023-02-15 09:30:00-05:00,10.4399995803833,10.539999961853027,9.982600212097168,10.539999961853027,1915,0.0,0.0
2023-02-15 10:30:00-05:00,10.631600379943848,10.739999771118164,10.631600379943848,10.739999771118164,1662,0.0,0.0
2023-02-15 11:30:00-05:00,10.720000267028809,10.720000267028809,10.720000267028809,10.720000267028809,299,0.0,0.0
2023-02-15 12:30:00-05:00,10.649999618530273,10.720000267028809,10.619999885559082,10.694999694824219,11963,0.0,0.0
2023-02-15 13:30:00-05:00,10.739999771118164,10.75,10.670000076293945,10.670000076293945,1375,0.0,0.0
2023-02-15 14:30:00-05:00,10.729999542236328,10.729999542236328,10.59000015258789,10.710000038146973,2025,0.0,0.0
2023-02-15 15:30:00-05:00,10.619999885559082,10.680000305175781,10.510000228881836,10.59000015258789,4098,0.0,0.0
2023-02-16 09:30:00-05:00,10.430000305175781,10.449999809265137,10.274999618530273,10.274999618530273,0,0.0,0.0
2023-02-16 10:30:00-05:00,10.300000190734863,10.399999618530273,10.229999542236328,10.244999885559082,11524,0.0,0.0
2023-02-16 11:30:00-05:00,10.244999885559082,10.274999618530273,10.1850004196167,10.270000457763672,2173,0.0,0.0
2023-02-16 12:30:00-05:00,10.289999961853027,10.324999809265137,10.199999809265137,10.210000038146973,11969,0.0,0.0
2023-02-16 13:30:00-05:00,10.130000114440918,10.1899995803833,10.130000114440918,10.130900382995605,2048,0.0,0.0
2023-02-16 14:30:00-05:00,10.1899995803833,10.359999656677246,10.069999694824219,10.34000015258789,2630,0.0,0.0
2023-02-16 15:30:00-05:00,10.239399909973145,10.489999771118164,10.239399909973145,10.470000267028809,6371,0.0,0.0
2023-02-17 09:30:00-05:00,10.4399995803833,10.680000305175781,10.260000228881836,10.65999984741211,6119,0.0,0.0
2023-02-17 10:30:00-05:00,10.645000457763672,10.65999984741211,10.380000114440918,10.430000305175781,5135,0.0,0.0
2023-02-17 11:30:00-05:00,10.449999809265137,10.8100004196167,10.414999961853027,10.8100004196167,7088,0.0,0.0
2023-02-17 12:30:00-05:00,10.739999771118164,11.050000190734863,10.739999771118164,11.010000228881836,1848,0.0,0.0
2023-02-17 13:30:00-05:00,11.029999732971191,11.0600004196167,10.986100196838379,10.986100196838379,3728,0.0,0.0
2023-02-17 14:30:00-05:00,11.0600004196167,11.100000381469727,10.9399995803833,11.045000076293945,12855,0.0,0.0
2023-02-17 15:30:00-05:00,11.21500015258789,11.220000267028809,11.0,11.0,8805,0.0,0.0
2023-02-21 09:30:00-05:00,11.079999923706055,11.210000038146973,10.75160026550293,10.75160026550293,5305,0.0,0.0
2023-02-21 10:30:00-05:00,10.890000343322754,11.09000015258789,10.739999771118164,10.835000038146973,17617,0.0,0.0
2023-02-21 11:30:00-05:00,10.760000228881836,10.824999809265137,10.75,10.824999809265137,7900,0.0,0.0
2023-02-21 12:30:00-05:00,10.819999694824219,10.967100143432617,10.819999694824219,10.967100143432617,5288,0.0,0.0
2023-02-21 13:30:00-05:00,10.929900169372559,10.979999542236328,10.850000381469727,10.850000381469727,5865,0.0,0.0
2023-02-21 14:30:00-05:00,10.850000381469727,10.9399995803833,10.850000381469727,10.850000381469727,13134,0.0,0.0
2023-02-21 15:30:00-05:00,10.90999984741211,10.930000305175781,10.850000381469727,10.850000381469727,12053,0.0,0.0
2023-02-22 09:30:00-05:00,10.930000305175781,10.930000305175781,10.574999809265137,10.718799591064453,2525,0.0,0.0
2023-02-22 10:30:00-05:00,10.869999885559082,10.920000076293945,10.829999923706055,10.869999885559082,4439,0.0,0.0
2023-02-22 11:30:00-05:00,10.850000381469727,10.90999984741211,10.850000381469727,10.850000381469727,7612,0.0,0.0
2023-02-22 12:30:00-05:00,10.850000381469727,10.90999984741211,10.819999694824219,10.90999984741211,9058,0.0,0.0
2023-02-22 13:30:00-05:00,10.979999542236328,10.989999771118164,10.850000381469727,10.918499946594238,6292,0.0,0.0
2023-02-22 14:30:00-05:00,10.96500015258789,10.96500015258789,10.96500015258789,10.96500015258789,124,0.0,0.0
2023-02-22 15:30:00-05:00,10.96500015258789,10.970000267028809,10.9399995803833,10.970000267028809,2676,0.0,0.0
2023-02-23 09:30:00-05:00,10.989999771118164,11.0,10.84000015258789,11.0,0,0.0,0.0
2023-02-23 10:30:00-05:00,11.114999771118164,11.114999771118164,10.954999923706055,11.0,10230,0.0,0.0
2023-02-23 11:30:00-05:00,10.970000267028809,11.020000457763672,10.970000267028809,10.975000381469727,21884,0.0,0.0
2023-02-23 12:30:00-05:00,10.975000381469727,11.300000190734863,10.975000381469727,11.0,23179,0.0,0.0
2023-02-23 13:30:00-05:00,11.0,11.010000228881836,11.0,11.005000114440918,7660,0.0,0.0
2023-02-23 14:30:00-05:00,11.005000114440918,11.039999961853027,11.0,11.0,11797,0.0,0.0
2023-02-23 15:30:00-05:00,11.0,11.050000190734863,11.0,11.0,9995,0.0,0.0
2023-02-24 09:30:00-05:00,10.979999542236328,11.137499809265137,10.960000038146973,11.09000015258789,168116,0.0,0.0
2023-02-24 10:30:00-05:00,11.0,11.039999961853027,11.0,11.039999961853027,650,0.0,0.0
2023-02-24 11:30:00-05:00,11.072600364685059,11.260000228881836,10.994999885559082,11.09000015258789,26230,0.0,0.0
2023-02-24 12:30:00-05:00,11.045000076293945,11.09000015258789,10.90999984741211,11.079999923706055,9041,0.0,0.0
2023-02-24 13:30:00-05:00,11.069999694824219,11.25,11.010000228881836,11.09000015258789,16569,0.0,0.0
2023-02-24 14:30:00-05:00,11.100000381469727,11.180000305175781,11.074999809265137,11.15999984741211,20324,0.0,0.0
2023-02-24 15:30:00-05:00,11.100000381469727,11.710000038146973,11.100000381469727,11.710000038146973,70257,0.0,0.0
2023-02-27 09:30:00-05:00,11.800000190734863,12.539799690246582,11.800000190734863,12.220000267028809,15260,0.0,0.0
2023-02-27 10:30:00-05:00,12.135000228881836,12.239999771118164,12.0,12.100000381469727,2466,0.0,0.0
2023-02-27 11:30:00-05:00,12.149999618530273,12.149999618530273,11.984999656677246,12.130000114440918,2743,0.0,0.0
2023-02-27 12:30:00-05:00,12.039999961853027,12.260000228881836,12.020000457763672,12.180000305175781,4583,0.0,0.0
2023-02-27 13:30:00-05:00,12.069999694824219,12.317500114440918,11.949999809265137,12.309900283813477,7984,0.0,0.0
2023-02-27 14:30:00-05:00,12.29990005493164,12.29990005493164,11.920000076293945,11.970000267028809,5443,0.0,0.0
2023-02-27 15:30:00-05:00,12.039999961853027,12.65999984741211,11.979999542236328,12.569999694824219,28445,0.0,0.0
2023-02-28 09:30:00-05:00,12.760000228881836,12.989899635314941,12.630000114440918,12.649999618530273,12900,0.0,0.0
2023-02-28 10:30:00-05:00,12.669500350952148,12.789999961853027,12.600000381469727,12.789999961853027,46688,0.0,0.0
2023-02-28 11:30:00-05:00,12.960000038146973,13.29990005493164,12.884099960327148,13.140000343322754,15555,0.0,0.0
2023-02-28 12:30:00-05:00,13.100000381469727,13.350000381469727,12.789999961853027,12.869999885559082,33488,0.0,0.0
2023-02-28 13:30:00-05:00,12.6318998336792,12.72249984741211,12.585000038146973,12.670000076293945,13951,0.0,0.0
2023-02-28 14:30:00-05:00,12.655200004577637,12.789999961853027,12.655200004577637,12.779999732971191,3886,0.0,0.0
2023-02-28 15:30:00-05:00,12.819999694824219,12.84000015258789,12.609999656677246,12.84000015258789,17442,0.0,0.0
2023-03-01 09:30:00-05:00,13.109999656677246,13.175000190734863,12.469200134277344,13.100000381469727,18229,0.0,0.0
2023-03-01 10:30:00-05:00,13.289999961853027,13.289999961853027,12.949999809265137,13.085000038146973,4608,0.0,0.0
2023-03-01 11:30:00-05:00,13.094900131225586,13.6899995803833,13.010000228881836,13.6899995803833,12108,0.0,0.0
2023-03-01 12:30:00-05:00,13.774299621582031,13.800000190734863,13.449999809265137,13.489999771118164,10546,0.0,0.0
2023-03-01 13:30:00-05:00,13.494500160217285,13.723199844360352,13.380000114440918,13.723199844360352,8767,0.0,0.0
2023-03-01 14:30:00-05:00,13.649999618530273,13.710000038146973,13.499500274658203,13.640000343322754,8547,0.0,0.0
2023-03-01 15:30:00-05:00,13.680000305175781,14.220000267028809,13.680000305175781,14.220000267028809,25722,0.0,0.0
2023-03-02 09:30:00-05:00,13.8100004196167,14.239999771118164,13.466699600219727,13.466699600219727,24623,0.0,0.0
2023-03-02 10:30:00-05:00,13.580100059509277,13.580100059509277,13.170000076293945,13.170000076293945,3454,0.0,0.0
2023-03-02 11:30:00-05:00,13.170100212097168,13.270000457763672,12.210000038146973,12.229999542236328,18973,0.0,0.0
2023-03-02 12:30:00-05:00,12.318900108337402,12.710000038146973,11.619999885559082,12.710000038146973,41405,0.0,0.0
2023-03-02 13:30:00-05:00,12.649999618530273,13.0,12.630000114440918,12.635000228881836,41193,0.0,0.0
2023-03-02 14:30:00-05:00,12.713199615478516,12.765000343322754,12.145000457763672,12.170000076293945,27369,0.0,0.0
2023-03-02 15:30:00-05:00,12.149999618530273,13.020000457763672,12.149999618530273,13.0,60741,0.0,0.0
2023-03-03 09:30:00-05:00,13.0,13.375,13.0,13.375,19940,0.0,0.0
2023-03-03 10:30:00-05:00,13.5,13.744999885559082,13.380000114440918,13.670000076293945,14390,0.0,0.0
2023-03-03 11:30:00-05:00,13.529999732971191,14.09000015258789,13.259099960327148,14.09000015258789,18693,0.0,0.0
2023-03-03 12:30:00-05:00,14.100000381469727,14.100000381469727,13.869999885559082,13.984999656677246,12568,0.0,0.0
2023-03-03 13:30:00-05:00,13.960000038146973,14.010000228881836,13.5600004196167,13.595000267028809,15128,0.0,0.0
2023-03-03 14:30:00-05:00,13.619199752807617,13.899999618530273,13.619199752807617,13.739999771118164,42735,0.0,0.0
2023-03-03 15:30:00-05:00,13.660099983215332,13.760000228881836,13.600000381469727,13.600000381469727,24172,0.0,0.0
2023-03-06 09:30:00-05:00,13.899999618530273,13.949999809265137,12.4399995803833,12.529999732971191,34930,0.0,0.0
2023-03-06 10:30:00-05:00,12.5,13.100000381469727,12.489999771118164,13.09000015258789,11357,0.0,0.0
2023-03-06 11:30:00-05:00,13.100000381469727,13.90999984741211,13.100000381469727,13.4350004196167,28183,0.0,0.0
2023-03-06 12:30:00-05:00,13.414999961853027,13.414999961853027,13.010000228881836,13.050000190734863,5151,0.0,0.0
2023-03-06 13:30:00-05:00,12.880000114440918,13.329999923706055,12.864999771118164,13.329999923706055,14587,0.0,0.0
2023-03-06 14:30:00-05:00,13.34000015258789,13.460000038146973,13.119999885559082,13.25,13160,0.0,0.0
2023-03-06 15:30:00-05:00,13.25,13.364999771118164,13.220000267028809,13.25,14362,0.0,0.0
2023-03-07 09:30:00-05:00,13.34000015258789,13.5,12.755000114440918,12.880000114440918,8419,0.0,0.0
2023-03-07 10:30:00-05:00,12.9350004196167,13.170000076293945,12.850000381469727,12.890000343322754,12868,0.0,0.0
2023-03-07 11:30:00-05:00,12.880000114440918,13.765000343322754,12.807999610900879,13.529999732971191,15108,0.0,0.0
2023-03-07 12:30:00-05:00,13.619999885559082,13.859999656677246,13.387499809265137,13.81149959564209,7079,0.0,0.0
2023-03-07 13:30:00-05:00,13.899999618530273,13.899999618530273,13.28499984741211,13.479999542236328,9743,0.0,0.0
2023-03-07 14:30:00-05:00,13.329999923706055,13.600000381469727,13.319999694824219,13.420000076293945,9910,0.0,0.0
2023-03-07 15:30:00-05:00,13.390000343322754,13.760000228881836,13.369999885559082,13.569999694824219,12849,0.0,0.0
2023-03-08 09:30:00-05:00,13.78849983215332,13.949999809265137,13.444999694824219,13.694999694824219,9686,0.0,0.0
2023-03-08 10:30:00-05:00,13.829999923706055,14.236000061035156,13.770000457763672,13.920000076293945,7793,0.0,0.0
2023-03-08 11:30:00-05:00,13.859999656677246,13.9399995803833,13.780099868774414,13.920000076293945,2984,0.0,0.0
2023-03-08 12:30:00-05:00,13.918499946594238,14.319999694824219,13.880000114440918,14.15999984741211,14047,0.0,0.0
2023-03-08 13:30:00-05:00,14.25,14.84689998626709,14.154999732971191,14.220000267028809,16626,0.0,0.0
2023-03-08 14:30:00-05:00,14.149999618530273,14.550000190734863,14.119999885559082,14.194999694824219,11104,0.0,0.0
2023-03-08 15:30:00-05:00,14.229999542236328,14.5,14.114999771118164,14.4399995803833,17946,0.0,0.0
2023-03-09 09:30:00-05:00,14.649999618530273,14.850000381469727,13.239999771118164,13.604999542236328,21721,0.0,0.0
2023-03-09 10:30:00-05:00,13.6899995803833,13.6899995803833,13.033499717712402,13.079999923706055,6699,0.0,0.0
2023-03-09 11:30:00-05:00,13.229999542236328,14.119999885559082,13.079999923706055,14.119999885559082,13540,0.0,0.0
2023-03-09 12:30:00-05:00,14.210000038146973,14.65999984741211,14.069999694824219,14.65999984741211,42243,0.0,0.0
2023-03-09 13:30:00-05:00,14.550000190734863,14.699999809265137,14.484999656677246,14.65999984741211,21593,0.0,0.0
2023-03-09 14:30:00-05:00,14.670000076293945,14.670000076293945,14.494999885559082,14.630000114440918,22478,0.0,0.0
2023-03-09 15:30:00-05:00,14.640000343322754,14.880000114440918,14.555000305175781,14.680000305175781,33780,0.0,0.0
2023-03-10 09:30:00-05:00,14.640000343322754,14.640000343322754,13.620100021362305,14.350000381469727,27540,0.0,0.0
2023-03-10 10:30:00-05:00,14.319999694824219,14.350000381469727,13.0,13.072099685668945,48266,0.0,0.0
2023-03-10 11:30:00-05:00,13.050000190734863,13.050000190734863,11.987700462341309,12.050000190734863,46751,0.0,0.0
2023-03-10 12:30:00-05:00,12.069999694824219,12.699999809265137,11.989999771118164,12.390000343322754,37507,0.0,0.0
2023-03-10 13:30:00-05:00,12.390000343322754,13.239999771118164,12.279999732971191,13.15999984741211,87528,0.0,0.0
2023-03-10 14:30:00-05:00,13.095000267028809,13.199999809265137,12.75,13.050000190734863,26614,0.0,0.0
2023-03-10 15:30:00-05:00,13.0,13.220000267028809,12.880000114440918,12.930000305175781,25533,0.0,0.0
2023-03-13 09:30:00-04:00,13.069999694824219,13.520000457763672,11.75529956817627,13.5,43301,0.0,0.0
2023-03-13 10:30:00-04:00,13.239999771118164,14.139599800109863,13.239999771118164,13.9399995803833,12755,0.0,0.0
2023-03-13 11:30:00-04:00,13.9399995803833,14.0,13.710000038146973,13.739999771118164,9868,0.0,0.0
2023-03-13 12:30:00-04:00,13.739999771118164,13.920000076293945,13.710000038146973,13.84000015258789,14975,0.0,0.0
2023-03-13 13:30:00-04:00,13.930000305175781,14.140000343322754,13.789999961853027,13.789999961853027,9010,0.0,0.0
2023-03-13 14:30:00-04:00,13.699999809265137,13.829999923706055,13.619999885559082,13.800000190734863,10529,0.0,0.0
2023-03-13 15:30:00-04:00,13.800000190734863,14.039999961853027,13.800000190734863,13.970000267028809,17041,0.0,0.0
2023-03-14 09:30:00-04:00,14.380000114440918,15.199999809265137,14.210000038146973,14.800000190734863,40092,0.0,0.0
2023-03-14 10:30:00-04:00,14.6899995803833,14.829899787902832,14.420000076293945,14.755000114440918,11689,0.0,0.0
2023-03-14 11:30:00-04:00,14.8100004196167,15.271100044250488,14.729999542236328,15.170000076293945,26746,0.0,0.0
2023-03-14 12:30:00-04:00,15.125,15.739999771118164,15.100000381469727,15.569999694824219,23111,0.0,0.0
2023-03-14 13:30:00-04:00,15.630000114440918,15.630000114440918,15.184200286865234,15.475000381469727,29817,0.0,0.0
2023-03-14 14:30:00-04:00,15.460000038146973,15.710000038146973,15.390000343322754,15.670000076293945,30008,0.0,0.0
2023-03-14 15:30:00-04:00,15.640000343322754,15.711400032043457,15.300000190734863,15.680000305175781,41852,0.0,0.0
2023-03-15 09:30:00-04:00,16.25,16.7362003326416,15.423999786376953,16.399999618530273,36640,0.0,0.0
2023-03-15 10:30:00-04:00,16.350000381469727,16.415000915527344,15.630000114440918,15.657500267028809,16298,0.0,0.0
2023-03-15 11:30:00-04:00,15.555000305175781,15.895000457763672,15.531200408935547,15.595000267028809,18117,0.0,0.0
2023-03-15 12:30:00-04:00,15.600000381469727,15.630000114440918,14.859999656677246,15.300000190734863,17203,0.0,0.0
2023-03-15 13:30:00-04:00,15.420000076293945,15.470000267028809,15.204999923706055,15.345000267028809,8722,0.0,0.0
2023-03-15 14:30:00-04:00,15.390000343322754,15.604999542236328,15.199999809265137,15.550000190734863,22960,0.0,0.0
2023-03-15 15:30:00-04:00,15.550000190734863,15.788999557495117,15.430000305175781,15.489999771118164,19438,0.0,0.0
2023-03-16 09:30:00-04:00,15.479999542236328,15.509599685668945,15.199999809265137,15.319999694824219,8367,0.0,0.0
2023-03-16 10:30:00-04:00,15.397500038146973,16.229999542236328,15.397500038146973,15.84000015258789,23727,0.0,0.0
2023-03-16 11:30:00-04:00,15.720000267028809,15.819999694824219,15.649999618530273,15.739999771118164,8682,0.0,0.0
2023-03-16 12:30:00-04:00,15.699999809265137,15.930000305175781,15.52299976348877,15.640000343322754,17473,0.0,0.0
2023-03-16 13:30:00-04:00,15.656800270080566,15.656800270080566,15.5,15.550000190734863,7599,0.0,0.0
2023-03-16 14:30:00-04:00,15.579999923706055,15.619999885559082,15.449999809265137,15.489999771118164,12553,0.0,0.0
2023-03-16 15:30:00-04:00,15.539999961853027,15.569999694824219,15.420000076293945,15.430000305175781,17345,0.0,0.0
2023-03-17 09:30:00-04:00,15.430000305175781,16.229999542236328,15.132499694824219,15.350000381469727,47327,0.0,0.0
2023-03-17 10:30:00-04:00,15.430000305175781,15.739999771118164,15.1225004196167,15.390000343322754,84403,0.0,0.0
2023-03-17 11:30:00-04:00,15.350000381469727,15.6899995803833,15.210000038146973,15.489999771118164,17910,0.0,0.0
2023-03-17 12:30:00-04:00,15.430000305175781,15.430000305175781,15.194999694824219,15.260000228881836,4539,0.0,0.0
2023-03-17 13:30:00-04:00,15.329999923706055,15.40999984741211,15.25,15.279999732971191,4508,0.0,0.0
2023-03-17 14:30:00-04:00,15.149999618530273,15.260000228881836,15.0,15.130000114440918,22849,0.0,0.0
2023-03-17 15:30:00-04:00,15.199999809265137,15.520000457763672,15.109999656677246,15.279999732971191,39280,0.0,0.0
2023-03-20 09:30:00-04:00,15.399999618530273,15.399999618530273,14.800000190734863,15.175000190734863,26892,0.0,0.0
2023-03-20 10:30:00-04:00,15.300000190734863,15.414999961853027,15.0,15.194999694824219,17562,0.0,0.0
2023-03-20 11:30:00-04:00,15.194999694824219,15.34000015258789,15.050000190734863,15.109999656677246,26152,0.0,0.0
2023-03-20 12:30:00-04:00,15.15999984741211,15.289999961853027,15.119999885559082,15.130000114440918,7585,0.0,0.0
2023-03-20 13:30:00-04:00,15.0,15.1899995803833,15.0,15.170000076293945,9596,0.0,0.0
2023-03-20 14:30:00-04:00,15.1899995803833,15.199999809265137,15.050000190734863,15.149999618530273,20402,0.0,0.0
2023-03-20 15:30:00-04:00,15.15999984741211,15.220000267028809,15.0,15.039999961853027,22417,0.0,0.0
2023-03-21 09:30:00-04:00,15.25,15.399999618530273,14.15999984741211,15.069999694824219,30353,0.0,0.0
2023-03-21 10:30:00-04:00,15.014599800109863,15.039999961853027,14.675000190734863,14.989999771118164,12902,0.0,0.0
2023-03-21 11:30:00-04:00,14.90999984741211,15.119999885559082,14.71500015258789,15.0,12803,0.0,0.0
2023-03-21 12:30:00-04:00,15.03499984741211,15.074999809265137,14.9399995803833,15.010000228881836,12755,0.0,0.0
2023-03-21 13:30:00-04:00,15.039999961853027,15.149999618530273,14.920000076293945,14.949999809265137,16584,0.0,0.0
2023-03-21 14:30:00-04:00,14.890000343322754,15.180000305175781,14.890000343322754,15.145000457763672,17044,0.0,0.0
2023-03-21 15:30:00-04:00,15.130000114440918,15.229999542236328,15.0600004196167,15.180000305175781,39423,0.0,0.0
2023-03-22 09:30:00-04:00,15.0,16.0093994140625,14.6899995803833,15.0,78159,0.0,0.0
2023-03-22 10:30:00-04:00,15.0,15.630000114440918,14.944999694824219,15.300000190734863,108772,0.0,0.0
2023-03-22 11:30:00-04:00,15.300000190734863,15.3100004196167,15.010000228881836,15.149999618530273,30077,0.0,0.0
2023-03-22 12:30:00-04:00,15.180000305175781,15.274999618530273,15.015000343322754,15.149999618530273,12884,0.0,0.0
2023-03-22 13:30:00-04:00,15.140000343322754,15.5600004196167,15.140000343322754,15.229999542236328,35716,0.0,0.0
2023-03-22 14:30:00-04:00,15.210000038146973,15.34000015258789,15.0,15.149999618530273,46082,0.0,0.0
2023-03-22 15:30:00-04:00,15.149999618530273,15.149999618530273,15.0,15.010000228881836,30060,0.0,0.0
2023-03-23 09:30:00-04:00,15.010000228881836,15.25,15.0,15.140000343322754,0,0.0,0.0
2023-03-23 10:30:00-04:00,15.079999923706055,15.199999809265137,15.0,15.100000381469727,17624,0.0,0.0
2023-03-23 11:30:00-04:00,15.109999656677246,15.34000015258789,15.010000228881836,15.154999732971191,64712,0.0,0.0
2023-03-23 12:30:00-04:00,15.180000305175781,15.460000038146973,15.170000076293945,15.34000015258789,6945,0.0,0.0
2023-03-23 13:30:00-04:00,15.385000228881836,16.06999969482422,15.369999885559082,15.630000114440918,11988,0.0,0.0
2023-03-23 14:30:00-04:00,15.609999656677246,16.209999084472656,15.420000076293945,15.930000305175781,24451,0.0,0.0
2023-03-23 15:30:00-04:00,15.930000305175781,15.989999771118164,15.800000190734863,15.84000015258789,29389,0.0,0.0
2023-03-24 09:30:00-04:00,15.949999809265137,15.949999809265137,15.170000076293945,15.420000076293945,45697,0.0,0.0
2023-03-24 10:30:00-04:00,15.40999984741211,15.59000015258789,15.244999885559082,15.324999809265137,34546,0.0,0.0
2023-03-24 11:30:00-04:00,15.34000015258789,15.760000228881836,15.3149995803833,15.760000228881836,47149,0.0,0.0
2023-03-24 12:30:00-04:00,15.760000228881836,16.010000228881836,15.595000267028809,15.729999542236328,20437,0.0,0.0
2023-03-24 13:30:00-04:00,15.75,15.824999809265137,15.489999771118164,15.529999732971191,25250,0.0,0.0
2023-03-24 14:30:00-04:00,15.5600004196167,15.5600004196167,15.420000076293945,15.489999771118164,40475,0.0,0.0
2023-03-24 15:30:00-04:00,15.510000228881836,15.510000228881836,15.204999923706055,15.449999809265137,38594,0.0,0.0
2023-03-27 09:30:00-04:00,15.6899995803833,17.68000030517578,15.5,16.8164005279541,52766,0.0,0.0
2023-03-27 10:30:00-04:00,16.81999969482422,16.81999969482422,16.049999237060547,16.125,24972,0.0,0.0
2023-03-27 11:30:00-04:00,16.125,16.399999618530273,15.729999542236328,15.899999618530273,27071,0.0,0.0
2023-03-27 12:30:00-04:00,15.989999771118164,16.110000610351562,15.890000343322754,15.895000457763672,20664,0.0,0.0
2023-03-27 13:30:00-04:00,15.890000343322754,16.049999237060547,15.800000190734863,15.869999885559082,17244,0.0,0.0
2023-03-27 14:30:00-04:00,15.899999618530273,16.299999237060547,15.755000114440918,15.755000114440918,46875,0.0,0.0
2023-03-27 15:30:00-04:00,15.800000190734863,15.920000076293945,15.390000343322754,15.420000076293945,118322,0.0,0.0
2023-03-28 09:30:00-04:00,23.0,29.489999771118164,21.729999542236328,26.6299991607666,7910767,0.0,0.0
2023-03-28 10:30:00-04:00,26.525699615478516,26.959999084472656,25.11009979248047,26.579999923706055,1967852,0.0,0.0
2023-03-28 11:30:00-04:00,26.549999237060547,28.0,24.200000762939453,27.520099639892578,1772854,0.0,0.0
2023-03-28 12:30:00-04:00,27.552200317382812,27.700000762939453,26.219999313354492,27.16200065612793,907720,0.0,0.0
2023-03-28 13:30:00-04:00,27.149999618530273,29.06999969482422,27.1299991607666,28.639999389648438,1662618,0.0,0.0
2023-03-28 14:30:00-04:00,28.610000610351562,30.0,28.06999969482422,28.82939910888672,2351077,0.0,0.0
2023-03-28 15:30:00-04:00,28.829999923706055,31.540000915527344,28.030000686645508,30.950000762939453,1584477,0.0,0.0
2023-03-29 09:30:00-04:00,32.369998931884766,36.040000915527344,29.510000228881836,35.61000061035156,2967090,0.0,0.0
2023-03-29 10:30:00-04:00,35.66450119018555,36.68000030517578,34.150001525878906,34.5,1302019,0.0,0.0
2023-03-29 11:30:00-04:00,34.439998626708984,35.959999084472656,33.2599983215332,33.34000015258789,566649,0.0,0.0
2023-03-29 12:30:00-04:00,33.310001373291016,33.75,32.349998474121094,33.244998931884766,260841,0.0,0.0
2023-03-29 13:30:00-04:00,33.2400016784668,33.279998779296875,32.04999923706055,32.309898376464844,271893,0.0,0.0
2023-03-29 14:30:00-04:00,32.279998779296875,32.97999954223633,32.099998474121094,32.560001373291016,347506,0.0,0.0
2023-03-29 15:30:00-04:00,32.54999923706055,33.20000076293945,32.16999816894531,32.16999816894531,333069,0.0,0.0
2023-03-30 09:30:00-04:00,30.579999923706055,33.790000915527344,30.399999618530273,33.27000045776367,1861304,0.0,0.0
2023-03-30 10:30:00-04:00,33.220001220703125,33.23789978027344,32.0099983215332,32.255001068115234,488552,0.0,0.0
2023-03-30 11:30:00-04:00,32.2400016784668,32.90999984741211,31.790000915527344,32.26499938964844,525415,0.0,0.0
2023-03-30 12:30:00-04:00,32.26499938964844,32.5,30.530000686645508,31.645099639892578,386418,0.0,0.0
2023-03-30 13:30:00-04:00,31.579999923706055,32.380001068115234,31.329999923706055,31.65999984741211,247917,0.0,0.0
2023-03-30 14:30:00-04:00,31.709999084472656,31.850000381469727,31.5,31.559999465942383,224416,0.0,0.0
2023-03-30 15:30:00-04:00,31.559999465942383,31.950000762939453,31.299999237060547,31.860000610351562,468769,0.0,0.0
2023-03-31 09:30:00-04:00,31.920000076293945,32.13990020751953,30.799999237060547,31.640100479125977,275247,0.0,0.0
2023-03-31 10:30:00-04:00,31.6200008392334,31.6200008392334,30.920000076293945,31.104999542236328,186799,0.0,0.0
2023-03-31 11:30:00-04:00,31.104999542236328,31.5,30.93000030517578,31.3799991607666,220658,0.0,0.0
2023-03-31 12:30:00-04:00,31.385000228881836,31.609899520874023,31.204999923706055,31.3700008392334,166348,0.0,0.0
2023-03-31 13:30:00-04:00,31.3700008392334,31.700000762939453,31.200000762939453,31.405000686645508,188611,0.0,0.0
2023-03-31 14:30:00-04:00,31.405000686645508,31.479999542236328,30.375,30.93000030517578,286202,0.0,0.0
2023-03-31 15:30:00-04:00,30.950000762939453,31.219999313354492,30.739999771118164,30.979999542236328,256506,0.0,0.0
2023-04-03 09:30:00-04:00,31.010000228881836,31.40999984741211,30.510000228881836,30.969999313354492,100379,0.0,0.0
2023-04-03 10:30:00-04:00,30.969999313354492,30.969999313354492,29.280000686645508,29.280000686645508,194697,0.0,0.0
2023-04-03 11:30:00-04:00,29.329999923706055,29.459999084472656,28.440000534057617,28.5,344316,0.0,0.0
2023-04-03 12:30:00-04:00,28.5,28.81999969482422,27.75,28.059999465942383,477330,0.0,0.0
2023-04-03 13:30:00-04:00,28.065000534057617,28.06999969482422,27.344999313354492,27.44499969482422,291027,0.0,0.0
2023-04-03 14:30:00-04:00,27.440000534057617,28.190000534057617,27.41010093688965,28.094999313354492,258578,0.0,0.0
2023-04-03 15:30:00-04:00,28.100000381469727,28.15999984741211,27.600000381469727,27.93000030517578,160654,0.0,0.0
2023-04-04 09:30:00-04:00,28.579999923706055,28.84000015258789,26.520000457763672,26.549999237060547,424491,0.0,0.0
2023-04-04 10:30:00-04:00,26.520000457763672,27.079999923706055,26.520000457763672,27.010000228881836,109634,0.0,0.0
2023-04-04 11:30:00-04:00,27.039899826049805,27.385000228881836,26.920000076293945,27.1200008392334,129026,0.0,0.0
2023-04-04 12:30:00-04:00,27.1200008392334,27.489999771118164,26.950000762939453,27.235000610351562,78906,0.0,0.0
2023-04-04 13:30:00-04:00,27.267499923706055,27.270000457763672,26.811800003051758,26.899999618530273,112613,0.0,0.0
2023-04-04 14:30:00-04:00,26.895000457763672,26.979999542236328,26.510000228881836,26.645000457763672,216004,0.0,0.0
2023-04-04 15:30:00-04:00,26.649999618530273,26.90999984741211,26.299999237060547,26.549999237060547,309451,0.0,0.0
2023-04-05 09:30:00-04:00,26.360000610351562,27.88960075378418,26.360000610351562,26.7549991607666,136166,0.0,0.0
2023-04-05 10:30:00-04:00,26.690000534057617,26.899999618530273,25.81999969482422,26.06999969482422,108693,0.0,0.0
2023-04-05 11:30:00-04:00,26.100000381469727,26.56999969482422,25.860000610351562,26.049999237060547,258972,0.0,0.0
2023-04-05 12:30:00-04:00,26.059999465942383,26.209999084472656,25.600000381469727,25.6200008392334,69650,0.0,0.0
2023-04-05 13:30:00-04:00,25.610000610351562,25.610000610351562,25.18000030517578,25.309999465942383,93705,0.0,0.0
2023-04-05 14:30:00-04:00,25.350000381469727,25.780000686645508,25.329999923706055,25.75,101801,0.0,0.0
2023-04-05 15:30:00-04:00,25.739999771118164,26.280000686645508,25.729999542236328,25.899999618530273,180946,0.0,0.0
2023-04-06 09:30:00-04:00,26.0,26.260000228881836,25.170000076293945,25.549999237060547,89606,0.0,0.0
2023-04-06 10:30:00-04:00,25.5,26.040000915527344,25.459999084472656,25.610000610351562,118399,0.0,0.0
2023-04-06 11:30:00-04:00,25.610000610351562,26.020000457763672,25.3700008392334,25.790000915527344,124253,0.0,0.0
2023-04-06 12:30:00-04:00,25.829999923706055,26.18000030517578,25.770000457763672,25.969999313354492,76286,0.0,0.0
2023-04-06 13:30:00-04:00,25.989999771118164,26.209699630737305,25.8799991607666,25.989999771118164,115501,0.0,0.0
2023-04-06 14:30:00-04:00,26.0,26.521499633789062,25.895000457763672,26.34000015258789,276866,0.0,0.0
2023-04-06 15:30:00-04:00,26.364999771118164,26.450000762939453,25.81999969482422,25.969999313354492,279884,0.0,0.0
2023-04-10 09:30:00-04:00,25.729999542236328,26.3700008392334,25.549999237060547,25.93000030517578,164647,0.0,0.0
2023-04-10 10:30:00-04:00,26.0,26.0,25.5,25.719999313354492,108742,0.0,0.0
2023-04-10 11:30:00-04:00,25.90999984741211,25.920000076293945,24.940000534057617,25.190000534057617,102625,0.0,0.0
2023-04-10 12:30:00-04:00,25.209999084472656,25.530000686645508,24.850000381469727,25.315000534057617,75659,0.0,0.0
2023-04-10 13:30:00-04:00,25.3700008392334,25.3799991607666,24.93000030517578,25.079999923706055,47840,0.0,0.0
2023-04-10 14:30:00-04:00,25.1200008392334,25.579999923706055,24.901899337768555,25.350000381469727,66632,0.0,0.0
2023-04-10 15:30:00-04:00,25.219999313354492,25.219999313354492,24.832500457763672,24.850000381469727,86858,0.0,0.0
2023-04-11 09:30:00-04:00,25.010000228881836,27.360000610351562,25.010000228881836,27.299999237060547,226179,0.0,0.0
2023-04-11 10:30:00-04:00,27.360000610351562,29.06999969482422,27.1299991607666,28.43000030517578,194006,0.0,0.0
2023-04-11 11:30:00-04:00,28.420000076293945,28.83989906311035,27.959999084472656,28.05500030517578,156114,0.0,0.0
2023-04-11 12:30:00-04:00,28.139999389648438,28.200000762939453,27.415000915527344,27.510000228881836,127757,0.0,0.0
2023-04-11 13:30:00-04:00,27.610000610351562,28.1200008392334,27.56999969482422,27.93000030517578,102448,0.0,0.0
2023-04-11 14:30:00-04:00,27.939800262451172,28.100000381469727,27.6200008392334,28.040000915527344,122209,0.0,0.0
2023-04-11 15:30:00-04:00,28.049999237060547,28.13599967956543,27.344999313354492,27.385000228881836,185036,0.0,0.0
2023-04-12 09:30:00-04:00,27.389999389648438,27.389999389648438,26.049999237060547,26.079999923706055,163952,0.0,0.0
2023-04-12 10:30:00-04:00,26.079999923706055,26.170000076293945,25.0,25.0,127553,0.0,0.0
2023-04-12 11:30:00-04:00,25.000999450683594,25.689899444580078,25.000999450683594,25.399999618530273,77231,0.0,0.0
2023-04-12 12:30:00-04:00,25.399999618530273,25.469999313354492,25.0,25.030000686645508,58944,0.0,0.0
2023-04-12 13:30:00-04:00,25.049999237060547,25.44499969482422,24.75,24.940000534057617,60495,0.0,0.0
2023-04-12 14:30:00-04:00,24.990299224853516,25.25,24.809999465942383,25.190000534057617,67044,0.0,0.0
2023-04-12 15:30:00-04:00,25.200000762939453,25.229999542236328,24.889999389648438,25.020000457763672,162228,0.0,0.0
2023-04-13 09:30:00-04:00,25.139999389648438,27.049999237060547,24.59239959716797,26.270000457763672,122111,0.0,0.0
2023-04-13 10:30:00-04:00,26.270000457763672,26.329999923706055,25.610000610351562,26.079999923706055,135818,0.0,0.0
2023-04-13 11:30:00-04:00,26.020000457763672,26.3700008392334,25.90999984741211,26.075000762939453,65029,0.0,0.0
2023-04-13 12:30:00-04:00,26.086999893188477,26.3700008392334,25.90999984741211,26.139999389648438,269447,0.0,0.0
2023-04-13 13:30:00-04:00,26.114999771118164,26.219999313354492,25.719999313354492,25.7549991607666,47282,0.0,0.0
2023-04-13 14:30:00-04:00,25.760000228881836,26.0,25.75,25.8799991607666,47154,0.0,0.0
2023-04-13 15:30:00-04:00,25.895000457763672,26.0,25.799999237060547,25.829999923706055,115672,0.0,0.0
2023-04-14 09:30:00-04:00,25.959999084472656,25.959999084472656,24.799999237060547,24.829999923706055,50964,0.0,0.0
2023-04-14 10:30:00-04:00,24.8700008392334,24.8700008392334,24.399999618530273,24.405000686645508,41564,0.0,0.0
2023-04-14 11:30:00-04:00,24.399999618530273,24.440000534057617,23.75,24.0,156860,0.0,0.0
2023-04-14 12:30:00-04:00,23.940000534057617,24.219999313354492,23.794200897216797,23.825000762939453,88337,0.0,0.0
2023-04-14 13:30:00-04:00,23.770000457763672,24.290000915527344,23.710100173950195,24.058000564575195,98800,0.0,0.0
2023-04-14 14:30:00-04:00,24.040000915527344,24.239999771118164,23.950000762939453,23.950000762939453,61748,0.0,0.0
2023-04-14 15:30:00-04:00,24.014999389648438,24.059999465942383,23.799999237060547,23.969999313354492,96411,0.0,0.0
2023-04-17 09:30:00-04:00,23.920000076293945,24.899999618530273,23.899999618530273,24.299999237060547,93576,0.0,0.0
2023-04-17 10:30:00-04:00,24.309999465942383,25.549999237060547,24.18000030517578,25.0,200451,0.0,0.0
2023-04-17 11:30:00-04:00,25.024999618530273,25.565000534057617,24.628799438476562,25.389999389648438,130704,0.0,0.0
2023-04-17 12:30:00-04:00,25.350000381469727,25.510000228881836,25.082500457763672,25.3700008392334,68837,0.0,0.0
2023-04-17 13:30:00-04:00,25.440000534057617,26.05500030517578,25.280000686645508,25.489999771118164,111215,0.0,0.0
2023-04-17 14:30:00-04:00,25.489999771118164,25.739999771118164,25.299999237060547,25.479999542236328,70016,0.0,0.0
2023-04-17 15:30:00-04:00,25.40999984741211,25.440000534057617,24.969999313354492,25.0,148214,0.0,0.0
2023-04-18 09:30:00-04:00,25.030000686645508,25.290000915527344,24.5,24.979900360107422,62180,0.0,0.0
2023-04-18 10:30:00-04:00,24.81999969482422,25.719999313354492,24.69499969482422,25.15999984741211,124383,0.0,0.0
2023-04-18 11:30:00-04:00,25.229999542236328,26.175500869750977,25.229999542236328,25.80500030517578,241042,0.0,0.0
2023-04-18 12:30:00-04:00,25.809999465942383,26.489999771118164,25.790000915527344,26.10890007019043,196369,0.0,0.0
2023-04-18 13:30:00-04:00,26.125,26.780000686645508,26.049999237060547,26.364999771118164,163985,0.0,0.0
2023-04-18 14:30:00-04:00,26.364999771118164,26.56999969482422,26.219999313354492,26.454999923706055,97492,0.0,0.0
2023-04-18 15:30:00-04:00,26.450000762939453,26.600000381469727,25.799999237060547,25.959999084472656,115871,0.0,0.0
2023-04-19 09:30:00-04:00,26.799999237060547,27.940000534057617,26.149999618530273,26.829999923706055,295347,0.0,0.0
2023-04-19 10:30:00-04:00,26.78499984741211,27.899999618530273,26.78499984741211,27.8700008392334,127038,0.0,0.0
2023-04-19 11:30:00-04:00,27.950000762939453,28.301599502563477,27.479999542236328,27.760000228881836,138183,0.0,0.0
2023-04-19 12:30:00-04:00,27.739999771118164,28.379899978637695,27.549999237060547,28.34000015258789,84507,0.0,0.0
2023-04-19 13:30:00-04:00,28.31999969482422,28.485000610351562,27.75,27.979999542236328,84348,0.0,0.0
2023-04-19 14:30:00-04:00,27.950000762939453,28.0,27.399999618530273,27.700000762939453,73759,0.0,0.0
2023-04-19 15:30:00-04:00,27.719999313354492,27.829999923706055,27.440000534057617,27.479999542236328,177144,0.0,0.0
2023-04-20 09:30:00-04:00,27.229999542236328,28.649999618530273,26.6200008392334,28.440000534057617,110961,0.0,0.0
2023-04-20 10:30:00-04:00,28.524999618530273,28.729900360107422,27.70490074157715,28.579999923706055,109485,0.0,0.0
2023-04-20 11:30:00-04:00,28.68000030517578,29.260000228881836,28.649999618530273,29.014999389648438,108914,0.0,0.0
2023-04-20 12:30:00-04:00,29.014999389648438,29.139999389648438,28.84000015258789,28.985000610351562,124310,0.0,0.0
2023-04-20 13:30:00-04:00,28.985000610351562,29.110000610351562,28.68000030517578,28.920000076293945,112909,0.0,0.0
2023-04-20 14:30:00-04:00,28.950000762939453,29.5,28.709999084472656,29.149999618530273,185783,0.0,0.0
2023-04-20 15:30:00-04:00,29.174999237060547,29.328699111938477,29.049999237060547,29.25,281242,0.0,0.0
2023-04-21 09:30:00-04:00,29.209999084472656,29.30900001525879,27.049999237060547,27.56999969482422,156202,0.0,0.0
2023-04-21 10:30:00-04:00,27.604999542236328,28.450000762939453,27.604999542236328,28.450000762939453,64130,0.0,0.0
2023-04-21 11:30:00-04:00,28.489999771118164,28.79990005493164,28.440000534057617,28.718000411987305,28080,0.0,0.0
2023-04-21 12:30:00-04:00,28.700000762939453,29.56999969482422,28.489999771118164,29.485000610351562,48322,0.0,0.0
2023-04-21 13:30:00-04:00,29.5,30.0,29.459999084472656,29.90999984741211,125416,0.0,0.0
2023-04-21 14:30:00-04:00,29.90999984741211,30.09000015258789,29.799999237060547,30.030000686645508,166186,0.0,0.0
2023-04-21 15:30:00-04:00,29.9950008392334,30.43000030517578,29.8799991607666,30.43000030517578,116800,0.0,0.0
2023-04-24 09:30:00-04:00,30.639999389648438,30.639999389648438,29.0,29.440000534057617,107838,0.0,0.0
2023-04-24 10:30:00-04:00,29.41510009765625,29.979999542236328,29.200000762939453,29.34000015258789,62155,0.0,0.0
2023-04-24 11:30:00-04:00,29.375,29.375,29.020000457763672,29.280000686645508,40822,0.0,0.0
2023-04-24 12:30:00-04:00,29.28499984741211,29.93000030517578,29.28499984741211,29.450000762939453,53358,0.0,0.0
2023-04-24 13:30:00-04:00,29.499900817871094,29.959999084472656,29.499900817871094,29.760000228881836,57814,0.0,0.0
2023-04-24 14:30:00-04:00,29.75,29.940000534057617,29.5,29.90999984741211,79824,0.0,0.0
2023-04-24 15:30:00-04:00,29.989999771118164,30.139999389648438,29.799999237060547,29.969999313354492,286881,0.0,0.0
2023-04-25 09:30:00-04:00,30.350000381469727,30.350000381469727,29.15999984741211,29.905000686645508,42184,0.0,0.0
2023-04-25 10:30:00-04:00,29.860000610351562,29.969900131225586,29.3700008392334,29.825000762939453,27672,0.0,0.0
2023-04-25 11:30:00-04:00,29.825000762939453,30.010000228881836,29.61359977722168,29.829999923706055,50646,0.0,0.0
2023-04-25 12:30:00-04:00,29.7450008392334,29.780000686645508,29.460100173950195,29.700000762939453,18639,0.0,0.0
2023-04-25 13:30:00-04:00,29.829999923706055,30.0,29.649999618530273,29.954999923706055,25199,0.0,0.0
2023-04-25 14:30:00-04:00,29.950000762939453,30.0,29.559999465942383,29.829999923706055,24396,0.0,0.0
2023-04-25 15:30:00-04:00,29.860000610351562,30.229999542236328,29.780000686645508,30.190000534057617,107719,0.0,0.0
2023-04-26 09:30:00-04:00,30.100000381469727,30.350000381469727,29.540000915527344,30.0,49507,0.0,0.0
2023-04-26 10:30:00-04:00,30.200000762939453,31.040000915527344,30.200000762939453,30.920000076293945,57736,0.0,0.0
2023-04-26 11:30:00-04:00,30.959199905395508,31.260000228881836,30.959199905395508,31.059999465942383,26815,0.0,0.0
2023-04-26 12:30:00-04:00,31.100000381469727,31.78849983215332,31.049999237060547,31.56999969482422,69747,0.0,0.0
2023-04-26 13:30:00-04:00,31.565000534057617,31.6200008392334,31.1200008392334,31.229999542236328,69690,0.0,0.0
2023-04-26 14:30:00-04:00,31.190000534057617,31.52989959716797,30.600000381469727,30.665000915527344,58753,0.0,0.0
2023-04-26 15:30:00-04:00,30.690000534057617,31.200000762939453,30.510000228881836,30.989999771118164,139272,0.0,0.0
2023-04-27 09:30:00-04:00,31.200000762939453,31.447900772094727,30.100000381469727,30.844999313354492,56930,0.0,0.0
2023-04-27 10:30:00-04:00,30.93000030517578,31.059999465942383,29.90999984741211,30.100000381469727,144839,0.0,0.0
2023-04-27 11:30:00-04:00,30.1299991607666,30.1299991607666,29.06999969482422,29.360000610351562,51813,0.0,0.0
2023-04-27 12:30:00-04:00,29.270000457763672,29.299999237060547,28.510000228881836,28.530099868774414,50574,0.0,0.0
2023-04-27 13:30:00-04:00,28.6200008392334,29.229999542236328,28.489999771118164,29.125,32747,0.0,0.0
2023-04-27 14:30:00-04:00,29.170000076293945,29.549999237060547,29.159000396728516,29.25,30944,0.0,0.0
2023-04-27 15:30:00-04:00,29.229999542236328,29.3799991607666,28.31999969482422,28.469999313354492,99998,0.0,0.0
2023-04-28 09:30:00-04:00,28.010000228881836,29.010000228881836,27.270000457763672,28.84819984436035,76350,0.0,0.0
2023-04-28 10:30:00-04:00,28.809999465942383,29.350000381469727,28.600000381469727,29.350000381469727,49033,0.0,0.0
2023-04-28 11:30:00-04:00,29.469999313354492,29.469999313354492,28.709999084472656,28.959999084472656,23926,0.0,0.0
2023-04-28 12:30:00-04:00,28.93000030517578,29.299999237060547,28.649999618530273,29.094999313354492,27589,0.0,0.0
2023-04-28 13:30:00-04:00,29.094999313354492,29.479999542236328,29.094999313354492,29.260000228881836,88414,0.0,0.0
2023-04-28 14:30:00-04:00,29.280000686645508,29.459999084472656,29.0,29.125,42429,0.0,0.0
2023-04-28 15:30:00-04:00,29.125,29.530000686645508,28.7549991607666,29.5,125197,0.0,0.0
2023-05-01 09:30:00-04:00,29.6299991607666,30.8799991607666,29.079999923706055,29.764999389648438,101154,0.0,0.0
2023-05-01 10:30:00-04:00,29.68000030517578,31.31999969482422,29.670000076293945,31.174999237060547,69441,0.0,0.0
2023-05-01 11:30:00-04:00,31.149999618530273,32.27000045776367,31.0,31.979999542236328,125717,0.0,0.0
2023-05-01 12:30:00-04:00,32.029998779296875,32.40999984741211,31.549999237060547,31.799999237060547,53406,0.0,0.0
2023-05-01 13:30:00-04:00,31.979999542236328,32.08000183105469,31.65999984741211,31.899999618530273,39829,0.0,0.0
2023-05-01 14:30:00-04:00,31.8799991607666,32.0099983215332,31.68000030517578,31.899999618530273,83629,0.0,0.0
2023-05-01 15:30:00-04:00,31.864999771118164,32.04999923706055,31.600000381469727,31.719999313354492,180876,0.0,0.0
2023-05-02 09:30:00-04:00,31.659700393676758,32.0,31.139999389648438,31.807300567626953,36809,0.0,0.0
2023-05-02 10:30:00-04:00,31.799999237060547,31.854999542236328,30.0049991607666,30.15999984741211,75664,0.0,0.0
2023-05-02 11:30:00-04:00,30.229999542236328,30.649999618530273,30.170000076293945,30.170000076293945,37689,0.0,0.0
2023-05-02 12:30:00-04:00,30.229999542236328,30.479999542236328,30.145000457763672,30.145000457763672,29214,0.0,0.0
2023-05-02 13:30:00-04:00,30.15999984741211,30.15999984741211,29.280000686645508,29.56999969482422,36006,0.0,0.0
2023-05-02 14:30:00-04:00,29.610000610351562,29.649999618530273,28.760000228881836,28.985000610351562,90990,0.0,0.0
2023-05-02 15:30:00-04:00,28.985000610351562,29.1200008392334,28.90999984741211,29.010000228881836,126534,0.0,0.0
2023-05-03 09:30:00-04:00,29.899999618530273,30.510000228881836,28.719999313354492,30.100000381469727,126992,0.0,0.0
2023-05-03 10:30:00-04:00,30.15999984741211,30.760000228881836,29.663400650024414,29.950000762939453,48525,0.0,0.0
2023-05-03 11:30:00-04:00,29.969999313354492,30.280000686645508,29.96500015258789,30.209999084472656,41618,0.0,0.0
2023-05-03 12:30:00-04:00,30.229999542236328,30.719999313354492,30.209999084472656,30.6299991607666,31399,0.0,0.0
2023-05-03 13:30:00-04:00,30.600000381469727,30.7450008392334,30.43000030517578,30.7450008392334,39015,0.0,0.0
2023-05-03 14:30:00-04:00,30.760000228881836,31.129199981689453,30.534500122070312,30.729999542236328,74647,0.0,0.0
2023-05-03 15:30:00-04:00,30.68000030517578,30.81999969482422,30.389999389648438,30.739999771118164,122143,0.0,0.0
2023-05-04 09:30:00-04:00,30.600000381469727,31.469999313354492,29.735000610351562,30.020000457763672,70524,0.0,0.0
2023-05-04 10:30:00-04:00,30.25,30.290000915527344,29.799999237060547,29.969999313354492,28039,0.0,0.0
2023-05-04 11:30:00-04:00,29.989999771118164,30.545000076293945,29.815000534057617,30.450000762939453,66268,0.0,0.0
2023-05-04 12:30:00-04:00,30.3700008392334,30.940000534057617,30.18000030517578,30.825000762939453,24181,0.0,0.0
2023-05-04 13:30:00-04:00,30.790000915527344,31.959999084472656,30.690000534057617,31.780000686645508,72689,0.0,0.0
2023-05-04 14:30:00-04:00,31.74799919128418,32.20000076293945,31.56999969482422,32.040000915527344,48411,0.0,0.0
2023-05-04 15:30:00-04:00,31.979999542236328,32.349998474121094,31.93000030517578,32.0,118099,0.0,0.0
2023-05-05 09:30:00-04:00,32.02000045776367,32.989898681640625,31.399999618530273,32.29999923706055,58775,0.0,0.0
2023-05-05 10:30:00-04:00,32.5,33.769901275634766,32.5,33.650001525878906,73656,0.0,0.0
2023-05-05 11:30:00-04:00,33.7400016784668,33.7400016784668,32.72999954223633,32.98500061035156,65817,0.0,0.0
2023-05-05 12:30:00-04:00,33.029998779296875,33.189998626708984,32.65999984741211,32.83000183105469,31757,0.0,0.0
2023-05-05 13:30:00-04:00,32.849998474121094,33.279998779296875,32.65999984741211,32.849998474121094,104366,0.0,0.0
2023-05-05 14:30:00-04:00,32.88999938964844,33.0,32.209999084472656,32.609901428222656,119019,0.0,0.0
2023-05-05 15:30:00-04:00,32.61000061035156,32.63999938964844,32.38999938964844,32.54999923706055,97855,0.0,0.0
2023-05-08 09:30:00-04:00,32.959999084472656,33.970001220703125,32.5,33.6349983215332,81849,0.0,0.0
2023-05-08 10:30:00-04:00,33.57740020751953,34.65999984741211,33.5099983215332,34.65999984741211,118115,0.0,0.0
2023-05-08 11:30:00-04:00,34.665000915527344,34.959999084472656,34.38999938964844,34.54999923706055,94913,0.0,0.0
2023-05-08 12:30:00-04:00,34.54999923706055,34.63999938964844,33.849998474121094,33.849998474121094,107119,0.0,0.0
2023-05-08 13:30:00-04:00,33.79999923706055,34.060001373291016,32.80009841918945,33.14500045776367,59444,0.0,0.0
2023-05-08 14:30:00-04:00,33.060001373291016,33.400001525878906,33.0,33.13999938964844,99838,0.0,0.0
2023-05-08 15:30:00-04:00,33.13999938964844,33.52000045776367,33.01499938964844,33.349998474121094,153264,0.0,0.0
2023-05-09 09:30:00-04:00,33.619998931884766,34.099998474121094,33.25,33.720001220703125,32521,0.0,0.0
2023-05-09 10:30:00-04:00,33.71500015258789,34.119998931884766,33.70000076293945,33.97999954223633,50673,0.0,0.0
2023-05-09 11:30:00-04:00,34.04999923706055,34.13999938964844,33.88999938964844,34.040000915527344,18536,0.0,0.0
2023-05-09 12:30:00-04:00,34.08000183105469,34.08000183105469,33.75,33.75,21490,0.0,0.0
2023-05-09 13:30:00-04:00,33.72999954223633,35.459999084472656,33.72999954223633,35.400001525878906,97964,0.0,0.0
2023-05-09 14:30:00-04:00,35.45000076293945,35.88999938964844,34.689998626708984,34.744998931884766,197468,0.0,0.0
2023-05-09 15:30:00-04:00,34.83000183105469,34.86000061035156,33.61000061035156,33.66999816894531,108901,0.0,0.0
2023-05-10 09:30:00-04:00,33.7599983215332,34.79999923706055,32.810001373291016,33.52000045776367,77714,0.0,0.0
2023-05-10 10:30:00-04:00,33.709999084472656,33.875,33.560001373291016,33.58000183105469,39211,0.0,0.0
2023-05-10 11:30:00-04:00,33.560001373291016,33.86000061035156,33.5,33.779998779296875,35018,0.0,0.0
2023-05-10 12:30:00-04:00,33.75,33.91999816894531,33.31999969482422,33.400001525878906,37162,0.0,0.0
2023-05-10 13:30:00-04:00,33.2599983215332,33.400001525878906,33.119998931884766,33.23500061035156,24532,0.0,0.0
2023-05-10 14:30:00-04:00,33.22999954223633,33.275001525878906,32.790000915527344,33.060001373291016,41105,0.0,0.0
2023-05-10 15:30:00-04:00,33.0,33.060001373291016,32.93000030517578,32.970001220703125,47170,0.0,0.0
2023-05-11 09:30:00-04:00,32.540000915527344,33.22999954223633,31.70009994506836,33.099998474121094,102470,0.0,0.0
2023-05-11 10:30:00-04:00,33.099998474121094,33.099998474121094,32.18000030517578,32.18000030517578,35281,0.0,0.0
2023-05-11 11:30:00-04:00,32.25,32.95500183105469,32.220001220703125,32.70500183105469,29976,0.0,0.0
2023-05-11 12:30:00-04:00,32.599998474121094,32.9900016784668,32.599998474121094,32.904998779296875,18391,0.0,0.0
2023-05-11 13:30:00-04:00,32.904998779296875,32.95000076293945,32.630001068115234,32.7400016784668,20194,0.0,0.0
2023-05-11 14:30:00-04:00,32.77000045776367,32.77000045776367,31.8799991607666,31.954999923706055,25109,0.0,0.0
2023-05-11 15:30:00-04:00,31.954999923706055,32.349998474121094,31.700000762939453,31.989999771118164,64228,0.0,0.0
2023-05-12 09:30:00-04:00,33.400001525878906,34.86000061035156,32.75,34.85499954223633,65121,0.0,0.0
2023-05-12 10:30:00-04:00,34.65620040893555,34.65999984741211,33.70000076293945,34.08000183105469,66782,0.0,0.0
2023-05-12 11:30:00-04:00,34.13999938964844,34.54079818725586,33.68000030517578,33.810001373291016,42763,0.0,0.0
2023-05-12 12:30:00-04:00,33.95000076293945,34.18000030517578,33.59000015258789,33.81999969482422,44136,0.0,0.0
2023-05-12 13:30:00-04:00,33.849998474121094,34.0099983215332,33.60499954223633,33.755001068115234,38927,0.0,0.0
2023-05-12 14:30:00-04:00,33.76499938964844,33.869998931884766,33.29999923706055,33.83000183105469,49675,0.0,0.0
2023-05-12 15:30:00-04:00,33.942501068115234,34.130001068115234,33.84000015258789,33.9900016784668,63299,0.0,0.0
2023-05-15 09:30:00-04:00,34.33000183105469,35.904998779296875,34.279998779296875,34.5,88241,0.0,0.0
2023-05-15 10:30:00-04:00,34.439998626708984,34.595001220703125,34.02000045776367,34.09000015258789,79413,0.0,0.0
2023-05-15 11:30:00-04:00,34.1150016784668,34.19499969482422,33.849998474121094,33.95000076293945,32346,0.0,0.0
2023-05-15 12:30:00-04:00,33.88999938964844,34.29990005493164,33.75,34.130001068115234,35478,0.0,0.0
2023-05-15 13:30:00-04:00,34.220001220703125,34.279998779296875,33.58000183105469,33.880001068115234,39231,0.0,0.0
2023-05-15 14:30:00-04:00,33.880001068115234,34.209999084472656,33.720001220703125,34.0,53891,0.0,0.0
2023-05-15 15:30:00-04:00,33.959999084472656,34.130001068115234,33.849998474121094,33.970001220703125,70317,0.0,0.0
2023-05-16 09:30:00-04:00,33.790000915527344,34.0,31.460800170898438,32.58000183105469,83719,0.0,0.0
2023-05-16 10:30:00-04:00,32.625,33.0099983215332,32.29999923706055,32.72999954223633,36348,0.0,0.0
2023-05-16 11:30:00-04:00,32.599998474121094,33.25,32.599998474121094,32.83000183105469,21386,0.0,0.0
2023-05-16 12:30:00-04:00,32.814998626708984,33.5099983215332,32.69499969482422,33.415000915527344,29751,0.0,0.0
2023-05-16 13:30:00-04:00,33.4900016784668,33.599998474121094,32.86000061035156,32.86000061035156,23492,0.0,0.0
2023-05-16 14:30:00-04:00,32.93000030517578,33.1349983215332,32.810001373291016,32.96500015258789,27411,0.0,0.0
2023-05-16 15:30:00-04:00,32.95000076293945,33.04100036621094,32.86000061035156,32.90999984741211,52628,0.0,0.0
2023-05-17 09:30:00-04:00,32.7599983215332,32.970001220703125,31.959999084472656,32.5525016784668,78783,0.0,0.0
2023-05-17 10:30:00-04:00,32.59000015258789,33.310001373291016,32.59000015258789,32.81999969482422,29692,0.0,0.0
2023-05-17 11:30:00-04:00,32.849998474121094,33.095001220703125,32.720001220703125,32.97999954223633,37180,0.0,0.0
2023-05-17 12:30:00-04:00,33.02000045776367,33.220001220703125,32.900001525878906,33.189998626708984,46264,0.0,0.0
2023-05-17 13:30:00-04:00,33.2400016784668,33.540000915527344,33.0,33.029998779296875,34418,0.0,0.0
2023-05-17 14:30:00-04:00,33.040000915527344,33.27000045776367,33.0099983215332,33.20000076293945,28599,0.0,0.0
2023-05-17 15:30:00-04:00,33.2400016784668,33.25,32.779998779296875,32.84000015258789,54035,0.0,0.0
2023-05-18 09:30:00-04:00,32.88999938964844,34.02000045776367,32.540000915527344,33.0,61143,0.0,0.0
2023-05-18 10:30:00-04:00,33.060001373291016,33.18000030517578,32.85499954223633,32.970001220703125,17831,0.0,0.0
2023-05-18 11:30:00-04:00,32.849998474121094,33.01499938964844,32.720001220703125,32.72999954223633,20009,0.0,0.0
2023-05-18 12:30:00-04:00,32.70000076293945,32.73500061035156,31.829999923706055,32.0525016784668,60149,0.0,0.0
2023-05-18 13:30:00-04:00,32.064998626708984,32.150001525878906,31.190000534057617,31.514999389648438,45802,0.0,0.0
2023-05-18 14:30:00-04:00,31.514999389648438,32.369998931884766,31.420000076293945,32.11000061035156,44901,0.0,0.0
2023-05-18 15:30:00-04:00,32.11000061035156,32.349998474121094,31.985000610351562,32.13999938964844,67089,0.0,0.0
2023-05-19 09:30:00-04:00,32.09000015258789,33.15999984741211,31.0314998626709,32.02000045776367,28801,0.0,0.0
2023-05-19 10:30:00-04:00,31.979999542236328,32.189300537109375,31.829999923706055,31.959999084472656,26572,0.0,0.0
2023-05-19 11:30:00-04:00,31.90999984741211,32.314998626708984,31.90999984741211,32.279998779296875,14166,0.0,0.0
2023-05-19 12:30:00-04:00,32.18000030517578,32.290000915527344,31.91010093688965,32.290000915527344,12996,0.0,0.0
2023-05-19 13:30:00-04:00,32.31999969482422,32.349998474121094,31.940000534057617,31.97249984741211,21958,0.0,0.0
2023-05-19 14:30:00-04:00,32.060001373291016,32.15999984741211,31.940000534057617,32.029998779296875,23098,0.0,0.0
2023-05-19 15:30:00-04:00,32.099998474121094,32.099998474121094,31.625,31.709999084472656,76803,0.0,0.0
2023-05-22 09:30:00-04:00,31.700000762939453,32.849998474121094,31.700000762939453,32.209999084472656,34300,0.0,0.0
2023-05-22 10:30:00-04:00,32.119998931884766,32.165000915527344,31.780000686645508,32.130001068115234,126092,0.0,0.0
2023-05-22 11:30:00-04:00,32.18000030517578,32.36000061035156,31.940000534057617,32.0,48170,0.0,0.0
2023-05-22 12:30:00-04:00,31.989999771118164,31.989999771118164,31.1299991607666,31.139999389648438,58165,0.0,0.0
2023-05-22 13:30:00-04:00,31.079999923706055,31.520000457763672,30.770000457763672,31.385000228881836,54126,0.0,0.0
2023-05-22 14:30:00-04:00,31.440000534057617,32.0,31.440000534057617,31.639999389648438,54646,0.0,0.0
2023-05-22 15:30:00-04:00,31.649999618530273,31.795000076293945,31.514999389648438,31.639999389648438,56759,0.0,0.0
2023-05-23 09:30:00-04:00,31.639999389648438,32.7599983215332,31.190000534057617,32.540000915527344,41829,0.0,0.0
2023-05-23 10:30:00-04:00,32.58000183105469,32.70000076293945,31.809999465942383,31.809999465942383,39241,0.0,0.0
2023-05-23 11:30:00-04:00,31.80500030517578,31.920000076293945,31.489999771118164,31.56999969482422,29650,0.0,0.0
2023-05-23 12:30:00-04:00,31.559999465942383,31.719999313354492,30.799999237060547,30.959999084472656,39517,0.0,0.0
2023-05-23 13:30:00-04:00,30.875,31.09000015258789,30.610000610351562,30.860000610351562,80763,0.0,0.0
2023-05-23 14:30:00-04:00,30.860000610351562,31.139999389648438,30.770000457763672,30.895000457763672,40250,0.0,0.0
2023-05-23 15:30:00-04:00,30.93000030517578,31.229999542236328,30.8700008392334,31.06999969482422,65164,0.0,0.0
2023-05-24 09:30:00-04:00,30.790000915527344,31.344999313354492,30.604999542236328,31.219999313354492,76952,0.0,0.0
2023-05-24 10:30:00-04:00,31.274999618530273,32.18000030517578,31.239999771118164,32.040000915527344,40137,0.0,0.0
2023-05-24 11:30:00-04:00,32.02000045776367,32.494998931884766,31.940000534057617,32.439998626708984,30790,0.0,0.0
2023-05-24 12:30:00-04:00,32.43199920654297,32.79999923706055,32.224998474121094,32.595001220703125,34440,0.0,0.0
2023-05-24 13:30:00-04:00,32.65999984741211,32.959999084472656,32.65999984741211,32.70000076293945,27212,0.0,0.0
2023-05-24 14:30:00-04:00,32.63999938964844,32.7599983215332,32.45500183105469,32.709999084472656,36099,0.0,0.0
2023-05-24 15:30:00-04:00,32.77000045776367,32.97999954223633,32.52000045776367,32.7400016784668,90499,0.0,0.0
2023-05-25 09:30:00-04:00,32.77000045776367,33.189998626708984,31.600000381469727,32.1349983215332,77963,0.0,0.0
2023-05-25 10:30:00-04:00,32.2400016784668,32.33000183105469,31.334999084472656,31.34000015258789,77141,0.0,0.0
2023-05-25 11:30:00-04:00,31.290000915527344,31.389999389648438,31.014999389648438,31.31999969482422,45878,0.0,0.0
2023-05-25 12:30:00-04:00,31.31999969482422,31.670000076293945,31.04010009765625,31.6299991607666,53138,0.0,0.0
2023-05-25 13:30:00-04:00,31.68000030517578,32.0,31.649999618530273,31.704999923706055,129710,0.0,0.0
2023-05-25 14:30:00-04:00,31.655000686645508,31.899999618530273,31.3125,31.540000915527344,75716,0.0,0.0
2023-05-25 15:30:00-04:00,31.540000915527344,31.579999923706055,31.299999237060547,31.5,56170,0.0,0.0
2023-05-26 09:30:00-04:00,31.389999389648438,32.07500076293945,31.18000030517578,32.07500076293945,32157,0.0,0.0
2023-05-26 10:30:00-04:00,31.940000534057617,32.45000076293945,31.889999389648438,32.45000076293945,32400,0.0,0.0
2023-05-26 11:30:00-04:00,32.290000915527344,32.55500030517578,31.34000015258789,31.399999618530273,44306,0.0,0.0
2023-05-26 12:30:00-04:00,31.405000686645508,31.690000534057617,30.711599349975586,30.850000381469727,43259,0.0,0.0
2023-05-26 13:30:00-04:00,30.829999923706055,31.06999969482422,30.550100326538086,31.030000686645508,35437,0.0,0.0
2023-05-26 14:30:00-04:00,30.989999771118164,31.43000030517578,30.959999084472656,31.299999237060547,42177,0.0,0.0
2023-05-26 15:30:00-04:00,31.329999923706055,31.625,31.260000228881836,31.399999618530273,85545,0.0,0.0
2023-05-30 09:30:00-04:00,30.975000381469727,31.479999542236328,30.889999389648438,30.9950008392334,22471,0.0,0.0
2023-05-30 10:30:00-04:00,30.989999771118164,31.329999923706055,30.920000076293945,31.06999969482422,35992,0.0,0.0
2023-05-30 11:30:00-04:00,31.06999969482422,31.709999084472656,30.875,31.709999084472656,44725,0.0,0.0
2023-05-30 12:30:00-04:00,31.719999313354492,32.654998779296875,31.719999313354492,32.380001068115234,49753,0.0,0.0
2023-05-30 13:30:00-04:00,32.349998474121094,33.2400016784668,32.27000045776367,32.97999954223633,51967,0.0,0.0
2023-05-30 14:30:00-04:00,32.974998474121094,34.31999969482422,32.96500015258789,33.30500030517578,96174,0.0,0.0
2023-05-30 15:30:00-04:00,33.33000183105469,33.99420166015625,33.25,33.869998931884766,97686,0.0,0.0
2023-05-31 09:30:00-04:00,33.880001068115234,34.93000030517578,32.90999984741211,33.11000061035156,74125,0.0,0.0
2023-05-31 10:30:00-04:00,33.165000915527344,33.5,33.08000183105469,33.15999984741211,53143,0.0,0.0
2023-05-31 11:30:00-04:00,33.13999938964844,34.625,32.81999969482422,34.459999084472656,106496,0.0,0.0
2023-05-31 12:30:00-04:00,34.474998474121094,34.5099983215332,33.15999984741211,33.2400016784668,54593,0.0,0.0
2023-05-31 13:30:00-04:00,33.15999984741211,34.25,33.15999984741211,33.75,32558,0.0,0.0
2023-05-31 14:30:00-04:00,33.72999954223633,34.13999938964844,33.5,33.900001525878906,73891,0.0,0.0
2023-05-31 15:30:00-04:00,33.93000030517578,34.43000030517578,33.77000045776367,33.880001068115234,176823,0.0,0.0
2023-06-01 09:30:00-04:00,33.95000076293945,35.45000076293945,33.290000915527344,35.3650016784668,105047,0.0,0.0
2023-06-01 10:30:00-04:00,35.35499954223633,35.84000015258789,34.90999984741211,35.00130081176758,69797,0.0,0.0
2023-06-01 11:30:00-04:00,34.93000030517578,35.275001525878906,34.70000076293945,34.70000076293945,40171,0.0,0.0
2023-06-01 12:30:00-04:00,34.720001220703125,34.999900817871094,34.470001220703125,34.810001373291016,44331,0.0,0.0
2023-06-01 13:30:00-04:00,34.86000061035156,34.900001525878906,34.380001068115234,34.380001068115234,68479,0.0,0.0
2023-06-01 14:30:00-04:00,34.380001068115234,35.040000915527344,34.369998931884766,34.970001220703125,42114,0.0,0.0
2023-06-01 15:30:00-04:00,35.005001068115234,35.67499923706055,34.93000030517578,35.650001525878906,102037,0.0,0.0
2023-06-02 09:30:00-04:00,36.689998626708984,36.70000076293945,35.029998779296875,35.82500076293945,84169,0.0,0.0
2023-06-02 10:30:00-04:00,35.709999084472656,36.220001220703125,35.380001068115234,35.720001220703125,54899,0.0,0.0
2023-06-02 11:30:00-04:00,35.68000030517578,35.68000030517578,35.34000015258789,35.349998474121094,106995,0.0,0.0
2023-06-02 12:30:00-04:00,35.31999969482422,35.584999084472656,35.040000915527344,35.584999084472656,36418,0.0,0.0
2023-06-02 13:30:00-04:00,35.565101623535156,35.689998626708984,35.477500915527344,35.59000015258789,39554,0.0,0.0
2023-06-02 14:30:00-04:00,35.619998931884766,35.65999984741211,35.119998931884766,35.33000183105469,31267,0.0,0.0
2023-06-02 15:30:00-04:00,35.290000915527344,35.81999969482422,35.224998474121094,35.7599983215332,84101,0.0,0.0
2023-06-05 09:30:00-04:00,35.130001068115234,36.13990020751953,35.130001068115234,35.77000045776367,54971,0.0,0.0
2023-06-05 10:30:00-04:00,35.720001220703125,36.27000045776367,35.720001220703125,35.99250030517578,116980,0.0,0.0
2023-06-05 11:30:00-04:00,36.0,36.0099983215332,35.59000015258789,35.79999923706055,53275,0.0,0.0
2023-06-05 12:30:00-04:00,35.70000076293945,35.90999984741211,35.5099983215332,35.79999923706055,34071,0.0,0.0
2023-06-05 13:30:00-04:00,35.709999084472656,36.59000015258789,35.599998474121094,36.474998474121094,99936,0.0,0.0
2023-06-05 14:30:00-04:00,36.474998474121094,37.36000061035156,36.43000030517578,37.09000015258789,106701,0.0,0.0
2023-06-05 15:30:00-04:00,37.06999969482422,37.7400016784668,37.0,37.540000915527344,153389,0.0,0.0
2023-06-06 09:30:00-04:00,37.540000915527344,39.16999816894531,37.540000915527344,38.845001220703125,208736,0.0,0.0
2023-06-06 10:30:00-04:00,38.88999938964844,39.04999923706055,38.29999923706055,38.43000030517578,219617,0.0,0.0
2023-06-06 11:30:00-04:00,38.380001068115234,38.468101501464844,37.84000015258789,38.03499984741211,136290,0.0,0.0
2023-06-06 12:30:00-04:00,38.029998779296875,38.47999954223633,37.834999084472656,38.28499984741211,110179,0.0,0.0
2023-06-06 13:30:00-04:00,38.23500061035156,38.400001525878906,37.86000061035156,38.06999969482422,91837,0.0,0.0
2023-06-06 14:30:00-04:00,38.04999923706055,38.10499954223633,37.63999938964844,37.85499954223633,146380,0.0,0.0
2023-06-06 15:30:00-04:00,37.86000061035156,38.2400016784668,37.849998474121094,38.2400016784668,200767,0.0,0.0
2023-06-07 09:30:00-04:00,38.38999938964844,38.79999923706055,38.125,38.33000183105469,205908,0.0,0.0
2023-06-07 10:30:00-04:00,38.470001220703125,38.849998474121094,38.380001068115234,38.7599983215332,75915,0.0,0.0
2023-06-07 11:30:00-04:00,38.775001525878906,38.8650016784668,38.400001525878906,38.52000045776367,52401,0.0,0.0
2023-06-07 12:30:00-04:00,38.5,38.90999984741211,38.470001220703125,38.72999954223633,119564,0.0,0.0
2023-06-07 13:30:00-04:00,38.61000061035156,38.93000030517578,38.61000061035156,38.880001068115234,64500,0.0,0.0
2023-06-07 14:30:00-04:00,38.909698486328125,39.7599983215332,38.8849983215332,39.40999984741211,125283,0.0,0.0
2023-06-07 15:30:00-04:00,39.470001220703125,39.959999084472656,39.44499969482422,39.65999984741211,267324,0.0,0.0
2023-06-08 09:30:00-04:00,40.20000076293945,42.209999084472656,39.7400016784668,41.994998931884766,379881,0.0,0.0
2023-06-08 10:30:00-04:00,41.98500061035156,42.689998626708984,41.709999084472656,42.51499938964844,250545,0.0,0.0
2023-06-08 11:30:00-04:00,42.52000045776367,43.689998626708984,41.900001525878906,42.0,311068,0.0,0.0
2023-06-08 12:30:00-04:00,42.0,42.58000183105469,41.95000076293945,42.279998779296875,104078,0.0,0.0
2023-06-08 13:30:00-04:00,42.29999923706055,42.29999923706055,41.849998474121094,42.0099983215332,173595,0.0,0.0
2023-06-08 14:30:00-04:00,42.0099983215332,42.279998779296875,41.869998931884766,42.2400016784668,123379,0.0,0.0
2023-06-08 15:30:00-04:00,42.220001220703125,42.31999969482422,41.709999084472656,41.77000045776367,165414,0.0,0.0
2023-06-09 09:30:00-04:00,41.79999923706055,42.380001068115234,41.25,41.834999084472656,126009,0.0,0.0
2023-06-09 10:30:00-04:00,41.849998474121094,42.41999816894531,41.439998626708984,41.779998779296875,129171,0.0,0.0
2023-06-09 11:30:00-04:00,41.84000015258789,42.349998474121094,41.63999938964844,41.93000030517578,127041,0.0,0.0
2023-06-09 12:30:00-04:00,41.959999084472656,42.21009826660156,41.5,42.21009826660156,132901,0.0,0.0
2023-06-09 13:30:00-04:00,42.150001525878906,43.0,41.880001068115234,42.040000915527344,119802,0.0,0.0
2023-06-09 14:30:00-04:00,42.04999923706055,42.33000183105469,41.22999954223633,41.23500061035156,200406,0.0,0.0
2023-06-09 15:30:00-04:00,41.25,41.435001373291016,40.349998474121094,40.83000183105469,216697,0.0,0.0
2023-06-12 09:30:00-04:00,41.220001220703125,41.68989944458008,40.18000030517578,41.21500015258789,115008,0.0,0.0
2023-06-12 10:30:00-04:00,41.18000030517578,41.22999954223633,40.56999969482422,41.10499954223633,79070,0.0,0.0
2023-06-12 11:30:00-04:00,41.084999084472656,41.654998779296875,40.86000061035156,40.86000061035156,64746,0.0,0.0
2023-06-12 12:30:00-04:00,40.88999938964844,41.314998626708984,40.86000061035156,40.939998626708984,44563,0.0,0.0
2023-06-12 13:30:00-04:00,40.939998626708984,41.345001220703125,40.900001525878906,41.345001220703125,70812,0.0,0.0
2023-06-12 14:30:00-04:00,41.349998474121094,41.66999816894531,40.617000579833984,40.84000015258789,103513,0.0,0.0
2023-06-12 15:30:00-04:00,40.86000061035156,41.09000015258789,40.16999816894531,40.16999816894531,141488,0.0,0.0
2023-06-13 09:30:00-04:00,40.150001525878906,40.66999816894531,39.59320068359375,40.06999969482422,86807,0.0,0.0
2023-06-13 10:30:00-04:00,40.04999923706055,40.68000030517578,39.959999084472656,40.20000076293945,54017,0.0,0.0
2023-06-13 11:30:00-04:00,40.2400016784668,40.310001373291016,40.185001373291016,40.26499938964844,49174,0.0,0.0
2023-06-13 12:30:00-04:00,40.279998779296875,40.59000015258789,39.630001068115234,39.900001525878906,61332,0.0,0.0
2023-06-13 13:30:00-04:00,39.845001220703125,40.5099983215332,39.709999084472656,39.724998474121094,183795,0.0,0.0
2023-06-13 14:30:00-04:00,39.724998474121094,40.13999938964844,39.22999954223633,40.13999938964844,177651,0.0,0.0
2023-06-13 15:30:00-04:00,40.15999984741211,40.22999954223633,39.630001068115234,39.779998779296875,97135,0.0,0.0
2023-06-14 09:30:00-04:00,39.619998931884766,40.83000183105469,39.13999938964844,40.5,118113,0.0,0.0
2023-06-14 10:30:00-04:00,40.5,40.540000915527344,39.63999938964844,39.63999938964844,69719,0.0,0.0
2023-06-14 11:30:00-04:00,39.63999938964844,39.720001220703125,39.209999084472656,39.55500030517578,53278,0.0,0.0
2023-06-14 12:30:00-04:00,39.59000015258789,39.939998626708984,39.5,39.869998931884766,52351,0.0,0.0
2023-06-14 13:30:00-04:00,39.86000061035156,39.86000061035156,38.70000076293945,39.084999084472656,89219,0.0,0.0
2023-06-14 14:30:00-04:00,39.05500030517578,39.150001525878906,38.70000076293945,38.904998779296875,118098,0.0,0.0
2023-06-14 15:30:00-04:00,38.93000030517578,39.0,38.75,38.91999816894531,125993,0.0,0.0
2023-06-15 09:30:00-04:00,38.84000015258789,38.84000015258789,37.65999984741211,38.20500183105469,137695,0.0,0.0
2023-06-15 10:30:00-04:00,38.20500183105469,38.2400016784668,37.65999984741211,37.88999938964844,152031,0.0,0.0
2023-06-15 11:30:00-04:00,37.93000030517578,37.93000030517578,36.255001068115234,36.935001373291016,132538,0.0,0.0
2023-06-15 12:30:00-04:00,36.959999084472656,37.52000045776367,36.16999816894531,36.4900016784668,124961,0.0,0.0
2023-06-15 13:30:00-04:00,36.52000045776367,36.939998626708984,35.84000015258789,36.82500076293945,92869,0.0,0.0
2023-06-15 14:30:00-04:00,36.83000183105469,37.18000030517578,36.685001373291016,36.779998779296875,129729,0.0,0.0
2023-06-15 15:30:00-04:00,36.7599983215332,36.869998931884766,36.51499938964844,36.83000183105469,192559,0.0,0.0
2023-06-16 09:30:00-04:00,36.709999084472656,36.849998474121094,34.70000076293945,35.5099983215332,191425,0.0,0.0
2023-06-16 10:30:00-04:00,35.5099983215332,35.66999816894531,34.709999084472656,35.13999938964844,109300,0.0,0.0
2023-06-16 11:30:00-04:00,35.084999084472656,35.68000030517578,34.85499954223633,35.564998626708984,88199,0.0,0.0
2023-06-16 12:30:00-04:00,35.59000015258789,35.650001525878906,35.05500030517578,35.35499954223633,62454,0.0,0.0
2023-06-16 13:30:00-04:00,35.41999816894531,35.599998474121094,34.40999984741211,34.45000076293945,83941,0.0,0.0
2023-06-16 14:30:00-04:00,34.400001525878906,34.970001220703125,34.36000061035156,34.970001220703125,88568,0.0,0.0
2023-06-16 15:30:00-04:00,34.970001220703125,35.54999923706055,34.65999984741211,34.93000030517578,310770,0.0,0.0
2023-06-20 09:30:00-04:00,34.59000015258789,36.18949890136719,34.59000015258789,35.712501525878906,119266,0.0,0.0
2023-06-20 10:30:00-04:00,35.69499969482422,36.41999816894531,35.68000030517578,36.29999923706055,93584,0.0,0.0
2023-06-20 11:30:00-04:00,36.25,36.380001068115234,36.0,36.060001373291016,69036,0.0,0.0
2023-06-20 12:30:00-04:00,36.01250076293945,36.849998474121094,36.0,36.48500061035156,82886,0.0,0.0
2023-06-20 13:30:00-04:00,36.48500061035156,37.09000015258789,36.48500061035156,36.810001373291016,91387,0.0,0.0
2023-06-20 14:30:00-04:00,36.78499984741211,36.970001220703125,36.310001373291016,36.310001373291016,149117,0.0,0.0
2023-06-20 15:30:00-04:00,36.33000183105469,36.52000045776367,36.0359992980957,36.470001220703125,163649,0.0,0.0
2023-06-21 09:30:00-04:00,36.040000915527344,36.95000076293945,34.05009841918945,34.630001068115234,130176,0.0,0.0
2023-06-21 10:30:00-04:00,34.68000030517578,35.40999984741211,34.56999969482422,35.40999984741211,96002,0.0,0.0
2023-06-21 11:30:00-04:00,35.43000030517578,35.584999084472656,35.11000061035156,35.44499969482422,66479,0.0,0.0
2023-06-21 12:30:00-04:00,35.46500015258789,35.630001068115234,35.34000015258789,35.380001068115234,51006,0.0,0.0
2023-06-21 13:30:00-04:00,35.39500045776367,36.29999923706055,35.380001068115234,35.459999084472656,78658,0.0,0.0
2023-06-21 14:30:00-04:00,35.459999084472656,35.525001525878906,35.119998931884766,35.220001220703125,71632,0.0,0.0
2023-06-21 15:30:00-04:00,35.20500183105469,35.310001373291016,35.064998626708984,35.20000076293945,131933,0.0,0.0
2023-06-22 09:30:00-04:00,35.0,36.35710144042969,34.54999923706055,35.81999969482422,127579,0.0,0.0
2023-06-22 10:30:00-04:00,35.84000015258789,36.34000015258789,35.72999954223633,36.13999938964844,241362,0.0,0.0
2023-06-22 11:30:00-04:00,36.13999938964844,36.15999984741211,35.70000076293945,35.91999816894531,52251,0.0,0.0
2023-06-22 12:30:00-04:00,35.86000061035156,36.099998474121094,35.38999938964844,35.650001525878906,56555,0.0,0.0
2023-06-22 13:30:00-04:00,35.65999984741211,35.790000915527344,34.86000061035156,34.86000061035156,287937,0.0,0.0
2023-06-22 14:30:00-04:00,34.8849983215332,34.970001220703125,32.77000045776367,32.78110122680664,295376,0.0,0.0
2023-06-22 15:30:00-04:00,32.779998779296875,33.18000030517578,32.560001373291016,32.56999969482422,334618,0.0,0.0
2023-06-23 09:30:00-04:00,32.27000045776367,32.33000183105469,31.651599884033203,31.700000762939453,99235,0.0,0.0
2023-06-23 10:30:00-04:00,31.780000686645508,31.829999923706055,30.59000015258789,30.799999237060547,199348,0.0,0.0
2023-06-23 11:30:00-04:00,30.829999923706055,30.920000076293945,29.850000381469727,30.809999465942383,138057,0.0,0.0
2023-06-23 12:30:00-04:00,30.81999969482422,30.90999984741211,30.100000381469727,30.8799991607666,114714,0.0,0.0
2023-06-23 13:30:00-04:00,30.899999618530273,31.0,30.559999465942383,30.649999618530273,131439,0.0,0.0
2023-06-23 14:30:00-04:00,30.642499923706055,30.780000686645508,30.360000610351562,30.399999618530273,180912,0.0,0.0
2023-06-23 15:30:00-04:00,30.420000076293945,31.059999465942383,30.1200008392334,30.579999923706055,344924,0.0,0.0
2023-06-26 09:30:00-04:00,33.0,33.0,25.0,26.189899444580078,1766741,0.0,0.0
2023-06-26 10:30:00-04:00,26.030899047851562,27.329999923706055,25.740100860595703,27.184999465942383,799530,0.0,0.0
2023-06-26 11:30:00-04:00,27.184999465942383,27.520000457763672,25.020099639892578,25.25,811191,0.0,0.0
2023-06-26 12:30:00-04:00,25.25,26.309999465942383,25.0,25.1299991607666,629616,0.0,0.0
2023-06-26 13:30:00-04:00,25.1200008392334,25.1200008392334,23.309999465942383,24.0,552740,0.0,0.0
2023-06-26 14:30:00-04:00,23.989999771118164,25.75,23.950000762939453,25.020000457763672,458461,0.0,0.0
2023-06-26 15:30:00-04:00,25.0,25.110000610351562,24.301000595092773,24.420000076293945,370975,0.0,0.0
2023-06-27 09:30:00-04:00,24.610000610351562,24.610000610351562,22.538700103759766,22.989999771118164,325599,0.0,0.0
2023-06-27 10:30:00-04:00,22.9950008392334,23.31999969482422,22.469999313354492,22.700000762939453,223736,0.0,0.0
2023-06-27 11:30:00-04:00,22.704999923706055,23.274999618530273,22.56999969482422,23.010000228881836,362442,0.0,0.0
2023-06-27 12:30:00-04:00,23.030000686645508,23.1200008392334,22.774999618530273,22.774999618530273,165981,0.0,0.0
2023-06-27 13:30:00-04:00,22.780000686645508,22.790000915527344,21.670000076293945,21.862899780273438,569988,0.0,0.0
2023-06-27 14:30:00-04:00,21.844999313354492,22.190000534057617,21.459999084472656,21.56999969482422,418319,0.0,0.0
2023-06-27 15:30:00-04:00,21.56999969482422,21.924999237060547,21.559999465942383,21.850000381469727,470941,0.0,0.0
2023-06-28 09:30:00-04:00,21.889999389648438,23.059999465942383,21.649999618530273,22.049999237060547,323003,0.0,0.0
2023-06-28 10:30:00-04:00,22.094999313354492,22.350000381469727,21.870100021362305,22.239999771118164,209743,0.0,0.0
2023-06-28 11:30:00-04:00,22.25,23.084999084472656,22.25,22.899999618530273,115938,0.0,0.0
2023-06-28 12:30:00-04:00,22.940000534057617,23.299999237060547,22.861000061035156,23.100000381469727,147310,0.0,0.0
2023-06-28 13:30:00-04:00,23.08009910583496,23.1200008392334,22.760000228881836,22.799999237060547,130917,0.0,0.0
2023-06-28 14:30:00-04:00,22.81999969482422,23.0,22.68000030517578,22.790000915527344,237197,0.0,0.0
2023-06-28 15:30:00-04:00,22.790000915527344,23.030000686645508,22.68000030517578,22.809999465942383,243041,0.0,0.0
2023-06-29 09:30:00-04:00,22.559999465942383,23.420000076293945,22.3799991607666,22.670000076293945,254028,0.0,0.0
2023-06-29 10:30:00-04:00,22.639999389648438,22.700000762939453,21.899999618530273,21.959999084472656,138425,0.0,0.0
2023-06-29 11:30:00-04:00,21.90999984741211,21.90999984741211,21.25,21.7549991607666,116760,0.0,0.0
2023-06-29 12:30:00-04:00,21.780000686645508,21.889999389648438,21.364999771118164,21.739999771118164,88995,0.0,0.0
2023-06-29 13:30:00-04:00,21.75,21.950000762939453,21.34000015258789,21.510000228881836,64414,0.0,0.0
2023-06-29 14:30:00-04:00,21.5,21.709999084472656,21.149999618530273,21.43000030517578,177168,0.0,0.0
2023-06-29 15:30:00-04:00,21.440000534057617,21.690000534057617,21.3799991607666,21.670000076293945,216497,0.0,0.0
2023-06-30 09:30:00-04:00,21.81999969482422,22.229999542236328,21.53499984741211,21.8799991607666,102364,0.0,0.0
2023-06-30 10:30:00-04:00,21.8799991607666,21.969999313354492,21.530000686645508,21.729999542236328,78591,0.0,0.0
2023-06-30 11:30:00-04:00,21.75,22.199899673461914,21.725000381469727,22.139999389648438,82012,0.0,0.0
2023-06-30 12:30:00-04:00,22.139999389648438,22.5,22.120100021362305,22.309999465942383,63254,0.0,0.0
2023-06-30 13:30:00-04:00,22.325000762939453,22.5049991607666,22.280000686645508,22.399999618530273,44556,0.0,0.0
2023-06-30 14:30:00-04:00,22.399999618530273,22.639999389648438,22.190000534057617,22.219999313354492,83319,0.0,0.0
2023-06-30 15:30:00-04:00,22.229999542236328,22.25,21.899999618530273,21.90999984741211,141815,0.0,0.0
2023-07-03 09:30:00-04:00,21.420000076293945,21.979999542236328,21.200000762939453,21.25,119826,0.0,0.0
2023-07-03 10:30:00-04:00,21.229999542236328,21.239999771118164,20.889999389648438,20.90999984741211,95544,0.0,0.0
2023-07-03 11:30:00-04:00,20.93000030517578,21.540000915527344,20.860000610351562,21.510000228881836,77810,0.0,0.0
2023-07-05 09:30:00-04:00,21.440000534057617,22.459999084472656,21.173500061035156,22.110000610351562,146455,0.0,0.0
2023-07-05 10:30:00-04:00,22.09000015258789,22.200000762939453,21.860000610351562,22.040000915527344,71707,0.0,0.0
2023-07-05 11:30:00-04:00,22.020000457763672,22.420000076293945,22.020000457763672,22.420000076293945,52871,0.0,0.0
2023-07-05 12:30:00-04:00,22.420000076293945,22.56999969482422,22.3700008392334,22.44499969482422,65070,0.0,0.0
2023-07-05 13:30:00-04:00,22.399999618530273,22.729999542236328,22.290000915527344,22.6299991607666,100851,0.0,0.0
2023-07-05 14:30:00-04:00,22.6299991607666,22.850000381469727,22.6299991607666,22.760000228881836,110399,0.0,0.0
2023-07-05 15:30:00-04:00,22.75,22.760000228881836,22.450000762939453,22.450000762939453,146573,0.0,0.0
2023-07-06 09:30:00-04:00,21.93000030517578,22.1200008392334,21.639999389648438,21.774999618530273,130244,0.0,0.0
2023-07-06 10:30:00-04:00,21.760000228881836,21.829999923706055,21.6200008392334,21.7450008392334,79148,0.0,0.0
2023-07-06 11:30:00-04:00,21.739999771118164,21.829999923706055,21.5,21.565000534057617,83620,0.0,0.0
2023-07-06 12:30:00-04:00,21.559999465942383,22.0,21.540000915527344,21.770000457763672,53343,0.0,0.0
2023-07-06 13:30:00-04:00,21.75,22.0,21.735000610351562,21.864999771118164,57556,0.0,0.0
2023-07-06 14:30:00-04:00,21.8700008392334,22.040000915527344,21.5,21.530000686645508,94035,0.0,0.0
2023-07-06 15:30:00-04:00,21.530000686645508,21.639999389648438,21.389999389648438,21.559999465942383,120294,0.0,0.0
2023-07-07 09:30:00-04:00,21.670000076293945,22.020000457763672,21.520000457763672,21.520000457763672,32849,0.0,0.0
2023-07-07 10:30:00-04:00,21.6200008392334,21.6200008392334,20.811800003051758,21.184999465942383,79784,0.0,0.0
2023-07-07 11:30:00-04:00,21.139999389648438,21.309999465942383,20.980100631713867,21.170000076293945,35610,0.0,0.0
2023-07-07 12:30:00-04:00,21.16349983215332,21.40999984741211,21.100000381469727,21.135000228881836,36861,0.0,0.0
2023-07-07 13:30:00-04:00,21.139999389648438,21.479999542236328,21.110000610351562,21.440000534057617,34291,0.0,0.0
2023-07-07 14:30:00-04:00,21.440000534057617,21.5,21.350000381469727,21.400999069213867,38348,0.0,0.0
2023-07-07 15:30:00-04:00,21.399999618530273,21.93000030517578,21.3799991607666,21.920000076293945,159474,0.0,0.0
2023-07-10 09:30:00-04:00,22.010000228881836,22.459999084472656,21.809999465942383,22.25,26381,0.0,0.0
2023-07-10 10:30:00-04:00,22.290000915527344,22.760000228881836,22.274999618530273,22.3700008392334,34388,0.0,0.0
2023-07-10 11:30:00-04:00,22.309999465942383,22.540000915527344,22.020000457763672,22.06999969482422,48457,0.0,0.0
2023-07-10 12:30:00-04:00,22.020000457763672,22.1299991607666,21.780000686645508,21.927499771118164,48695,0.0,0.0
2023-07-10 13:30:00-04:00,21.959999084472656,22.100000381469727,21.889999389648438,21.979999542236328,36298,0.0,0.0
2023-07-10 14:30:00-04:00,21.979999542236328,22.0,21.600000381469727,21.625,77308,0.0,0.0
2023-07-10 15:30:00-04:00,21.610000610351562,21.719999313354492,21.420000076293945,21.68000030517578,116503,0.0,0.0
2023-07-11 09:30:00-04:00,21.40999984741211,21.482500076293945,20.840599060058594,20.93000030517578,72428,0.0,0.0
2023-07-11 10:30:00-04:00,20.93199920654297,21.079999923706055,20.799999237060547,20.989999771118164,50049,0.0,0.0
2023-07-11 11:30:00-04:00,20.9950008392334,21.139999389648438,20.8700008392334,20.979999542236328,49830,0.0,0.0
2023-07-11 12:30:00-04:00,21.010000228881836,21.030000686645508,20.920000076293945,20.93000030517578,28929,0.0,0.0
2023-07-11 13:30:00-04:00,20.920000076293945,21.270000457763672,20.899999618530273,21.079999923706055,54828,0.0,0.0
2023-07-11 14:30:00-04:00,21.06999969482422,21.209999084472656,20.950000762939453,21.010000228881836,42320,0.0,0.0
2023-07-11 15:30:00-04:00,20.989999771118164,21.229999542236328,20.950000762939453,21.0,134229,0.0,0.0
2023-07-12 09:30:00-04:00,21.18000030517578,21.280000686645508,20.860000610351562,21.030000686645508,55766,0.0,0.0
2023-07-12 10:30:00-04:00,21.049999237060547,21.25,21.011600494384766,21.209999084472656,36045,0.0,0.0
2023-07-12 11:30:00-04:00,21.200000762939453,21.5,21.024999618530273,21.40999984741211,54723,0.0,0.0
2023-07-12 12:30:00-04:00,21.420000076293945,21.479999542236328,21.290000915527344,21.420000076293945,45974,0.0,0.0
2023-07-12 13:30:00-04:00,21.450000762939453,21.5,21.219999313354492,21.280000686645508,38154,0.0,0.0
2023-07-12 14:30:00-04:00,21.274999618530273,21.274999618530273,21.040000915527344,21.15999984741211,43662,0.0,0.0
2023-07-12 15:30:00-04:00,21.170000076293945,21.399999618530273,21.15999984741211,21.389999389648438,74658,0.0,0.0
2023-07-13 09:30:00-04:00,21.559999465942383,22.329999923706055,21.09000015258789,21.985000610351562,91956,0.0,0.0
2023-07-13 10:30:00-04:00,22.020000457763672,22.299999237060547,21.43000030517578,21.6200008392334,72796,0.0,0.0
2023-07-13 11:30:00-04:00,21.600000381469727,22.25,21.59000015258789,22.18000030517578,42407,0.0,0.0
2023-07-13 12:30:00-04:00,22.18000030517578,22.350000381469727,22.084999084472656,22.139999389648438,25600,0.0,0.0
2023-07-13 13:30:00-04:00,22.141000747680664,22.309999465942383,22.05500030517578,22.209999084472656,31781,0.0,0.0
2023-07-13 14:30:00-04:00,22.190000534057617,22.239999771118164,22.020000457763672,22.110000610351562,41032,0.0,0.0
2023-07-13 15:30:00-04:00,22.100000381469727,22.270000457763672,22.049999237060547,22.18000030517578,78452,0.0,0.0
2023-07-14 09:30:00-04:00,22.100000381469727,22.469999313354492,21.90999984741211,22.260000228881836,41664,0.0,0.0
2023-07-14 10:30:00-04:00,22.264999389648438,22.639999389648438,22.0,22.434999465942383,69062,0.0,0.0
2023-07-14 11:30:00-04:00,22.450000762939453,22.469999313354492,22.31999969482422,22.3700008392334,24998,0.0,0.0
2023-07-14 12:30:00-04:00,22.3799991607666,22.479999542236328,22.209999084472656,22.389999389648438,26968,0.0,0.0
2023-07-14 13:30:00-04:00,22.420000076293945,22.719999313354492,22.420000076293945,22.510000228881836,56033,0.0,0.0
2023-07-14 14:30:00-04:00,22.545000076293945,22.68000030517578,22.5049991607666,22.530000686645508,41637,0.0,0.0
2023-07-14 15:30:00-04:00,22.53499984741211,23.1200008392334,22.530000686645508,23.020000457763672,138355,0.0,0.0
2023-07-17 09:30:00-04:00,23.209999084472656,23.920000076293945,23.024099349975586,23.200000762939453,66990,0.0,0.0
2023-07-17 10:30:00-04:00,23.280000686645508,23.34000015258789,22.924999237060547,22.924999237060547,43173,0.0,0.0
2023-07-17 11:30:00-04:00,22.920000076293945,23.200000762939453,22.81999969482422,23.200000762939453,53151,0.0,0.0
2023-07-17 12:30:00-04:00,23.200000762939453,23.280000686645508,23.020000457763672,23.260000228881836,28723,0.0,0.0
2023-07-17 13:30:00-04:00,23.260000228881836,23.3799991607666,23.190000534057617,23.2450008392334,19139,0.0,0.0
2023-07-17 14:30:00-04:00,23.25,23.2549991607666,22.75,22.799999237060547,38629,0.0,0.0
2023-07-17 15:30:00-04:00,22.775699615478516,22.899999618530273,22.6299991607666,22.690000534057617,72368,0.0,0.0
2023-07-18 09:30:00-04:00,22.790000915527344,22.790000915527344,22.399999618530273,22.600000381469727,44365,0.0,0.0
2023-07-18 10:30:00-04:00,22.649999618530273,22.680999755859375,22.469999313354492,22.520000457763672,29262,0.0,0.0
2023-07-18 11:30:00-04:00,22.520000457763672,22.579999923706055,22.469999313354492,22.510000228881836,30188,0.0,0.0
2023-07-18 12:30:00-04:00,22.514999389648438,22.584999084472656,21.68000030517578,22.059999465942383,105439,0.0,0.0
2023-07-18 13:30:00-04:00,22.065000534057617,22.100000381469727,21.860000610351562,22.100000381469727,32240,0.0,0.0
2023-07-18 14:30:00-04:00,22.100000381469727,22.309999465942383,22.079999923706055,22.110000610351562,28102,0.0,0.0
2023-07-18 15:30:00-04:00,22.125,22.155000686645508,21.920000076293945,21.989999771118164,75659,0.0,0.0
2023-07-19 09:30:00-04:00,22.1299991607666,22.25,21.770000457763672,21.829999923706055,29372,0.0,0.0
2023-07-19 10:30:00-04:00,21.809999465942383,21.809999465942383,21.53499984741211,21.594999313354492,26722,0.0,0.0
2023-07-19 11:30:00-04:00,21.579999923706055,22.0,21.579999923706055,21.690000534057617,29488,0.0,0.0
2023-07-19 12:30:00-04:00,21.6200008392334,21.690000534057617,21.28499984741211,21.360000610351562,38131,0.0,0.0
2023-07-19 13:30:00-04:00,21.354999542236328,21.549999237060547,21.200000762939453,21.548099517822266,44992,0.0,0.0
2023-07-19 14:30:00-04:00,21.549999237060547,21.610000610351562,21.239999771118164,21.309999465942383,52085,0.0,0.0
2023-07-19 15:30:00-04:00,21.290000915527344,21.59000015258789,21.209999084472656,21.3799991607666,89487,0.0,0.0
2023-07-20 09:30:00-04:00,21.450000762939453,21.575000762939453,21.17009925842285,21.43000030517578,23971,0.0,0.0
2023-07-20 10:30:00-04:00,21.360000610351562,21.629899978637695,21.15999984741211,21.56999969482422,17083,0.0,0.0
2023-07-20 11:30:00-04:00,21.56999969482422,21.75,21.524999618530273,21.540000915527344,19539,0.0,0.0
2023-07-20 12:30:00-04:00,21.510000228881836,21.53499984741211,21.020000457763672,21.114999771118164,46285,0.0,0.0
2023-07-20 13:30:00-04:00,21.1200008392334,21.34000015258789,20.94499969482422,21.155000686645508,45134,0.0,0.0
2023-07-20 14:30:00-04:00,21.200000762939453,21.290000915527344,21.149999618530273,21.209999084472656,29457,0.0,0.0
2023-07-20 15:30:00-04:00,21.190000534057617,21.290000915527344,21.15999984741211,21.219999313354492,60342,0.0,0.0
2023-07-21 09:30:00-04:00,21.399999618530273,21.940000534057617,21.260000228881836,21.450000762939453,39027,0.0,0.0
2023-07-21 10:30:00-04:00,21.5,21.950000762939453,21.40999984741211,21.950000762939453,30827,0.0,0.0
2023-07-21 11:30:00-04:00,21.950000762939453,22.18000030517578,21.75,21.760000228881836,35911,0.0,0.0
2023-07-21 12:30:00-04:00,21.780000686645508,21.889999389648438,21.5,21.6200008392334,21658,0.0,0.0
2023-07-21 13:30:00-04:00,21.674999237060547,21.815000534057617,21.3799991607666,21.43000030517578,34986,0.0,0.0
2023-07-21 14:30:00-04:00,21.389999389648438,21.440000534057617,21.28499984741211,21.420000076293945,35522,0.0,0.0
2023-07-21 15:30:00-04:00,21.469999313354492,21.600000381469727,21.31999969482422,21.540000915527344,83789,0.0,0.0
2023-07-24 09:30:00-04:00,23.0,23.06999969482422,20.510000228881836,20.899999618530273,461217,0.0,0.0
2023-07-24 10:30:00-04:00,20.90999984741211,20.940000534057617,19.610000610351562,19.610000610351562,344836,0.0,0.0
2023-07-24 11:30:00-04:00,19.60460090637207,19.84000015258789,19.0,19.045000076293945,140488,0.0,0.0
2023-07-24 12:30:00-04:00,19.05500030517578,19.309999465942383,18.25,18.260000228881836,124038,0.0,0.0
2023-07-24 13:30:00-04:00,18.250099182128906,18.520000457763672,18.06999969482422,18.40999984741211,166150,0.0,0.0
2023-07-24 14:30:00-04:00,18.3799991607666,18.629899978637695,18.170000076293945,18.219999313354492,463412,0.0,0.0
2023-07-24 15:30:00-04:00,18.229999542236328,18.440000534057617,17.989999771118164,18.417999267578125,300479,0.0,0.0
2023-07-25 09:30:00-04:00,18.389999389648438,20.07990074157715,18.389999389648438,19.850099563598633,115331,0.0,0.0
2023-07-25 10:30:00-04:00,19.93000030517578,20.434900283813477,19.829999923706055,20.389999389648438,110283,0.0,0.0
2023-07-25 11:30:00-04:00,20.3799991607666,20.735000610351562,20.0,20.200000762939453,98562,0.0,0.0
2023-07-25 12:30:00-04:00,20.200000762939453,20.459999084472656,19.65999984741211,19.770000457763672,61094,0.0,0.0
2023-07-25 13:30:00-04:00,19.770000457763672,20.174999237060547,19.764999389648438,20.06999969482422,67844,0.0,0.0
2023-07-25 14:30:00-04:00,20.059999465942383,20.13990020751953,19.810100555419922,19.920000076293945,74706,0.0,0.0
2023-07-25 15:30:00-04:00,19.899999618530273,19.90999984741211,19.700000762939453,19.75,142531,0.0,0.0
2023-07-26 09:30:00-04:00,19.40999984741211,20.09600067138672,19.329999923706055,19.780000686645508,43116,0.0,0.0
2023-07-26 10:30:00-04:00,19.850000381469727,19.920000076293945,19.56999969482422,19.649999618530273,32912,0.0,0.0
2023-07-26 11:30:00-04:00,19.600000381469727,19.709999084472656,19.43000030517578,19.479999542236328,32267,0.0,0.0
2023-07-26 12:30:00-04:00,19.459999084472656,19.704999923706055,19.420000076293945,19.479999542236328,53237,0.0,0.0
2023-07-26 13:30:00-04:00,19.440000534057617,19.584999084472656,19.350000381469727,19.43000030517578,50669,0.0,0.0
2023-07-26 14:30:00-04:00,19.40999984741211,19.549999237060547,19.25,19.350000381469727,58271,0.0,0.0
2023-07-26 15:30:00-04:00,19.3700008392334,19.40999984741211,19.231000900268555,19.325000762939453,86477,0.0,0.0
2023-07-27 09:30:00-04:00,20.040000915527344,20.309999465942383,19.399999618530273,20.200000762939453,67023,0.0,0.0
2023-07-27 10:30:00-04:00,20.200000762939453,20.360000610351562,20.1299991607666,20.25,111581,0.0,0.0
2023-07-27 11:30:00-04:00,20.290000915527344,20.40999984741211,20.200000762939453,20.34000015258789,30916,0.0,0.0
2023-07-27 12:30:00-04:00,20.34000015258789,20.530000686645508,20.25,20.5,47090,0.0,0.0
2023-07-27 13:30:00-04:00,20.530000686645508,20.81999969482422,20.399999618530273,20.770000457763672,53617,0.0,0.0
2023-07-27 14:30:00-04:00,20.809999465942383,20.84000015258789,20.25,20.399999618530273,139774,0.0,0.0
2023-07-27 15:30:00-04:00,20.40999984741211,20.729999542236328,20.389999389648438,20.729999542236328,109877,0.0,0.0
2023-07-28 09:30:00-04:00,20.65999984741211,21.43000030517578,20.6200008392334,21.43000030517578,30276,0.0,0.0
2023-07-28 10:30:00-04:00,21.489999771118164,21.84000015258789,21.290000915527344,21.729999542236328,34441,0.0,0.0
2023-07-28 11:30:00-04:00,21.649999618530273,21.709999084472656,21.18000030517578,21.3700008392334,29117,0.0,0.0
2023-07-28 12:30:00-04:00,21.350000381469727,21.530000686645508,21.299999237060547,21.395000457763672,22553,0.0,0.0
2023-07-28 13:30:00-04:00,21.40999984741211,21.475000381469727,21.139999389648438,21.459999084472656,42669,0.0,0.0
2023-07-28 14:30:00-04:00,21.459999084472656,21.459999084472656,21.139999389648438,21.25,52174,0.0,0.0
2023-07-28 15:30:00-04:00,21.270000457763672,21.329999923706055,21.149999618530273,21.270000457763672,62253,0.0,0.0
2023-07-31 09:30:00-04:00,21.31999969482422,21.780000686645508,21.020000457763672,21.079999923706055,54922,0.0,0.0
2023-07-31 10:30:00-04:00,21.030000686645508,21.75,21.010000228881836,21.59000015258789,91370,0.0,0.0
2023-07-31 11:30:00-04:00,21.59000015258789,21.8700008392334,21.43000030517578,21.770000457763672,30248,0.0,0.0
2023-07-31 12:30:00-04:00,21.780000686645508,21.780000686645508,21.579999923706055,21.780000686645508,22608,0.0,0.0
2023-07-31 13:30:00-04:00,21.799999237060547,22.219999313354492,21.799999237060547,22.059999465942383,54005,0.0,0.0
2023-07-31 14:30:00-04:00,22.049999237060547,22.09000015258789,21.709999084472656,22.049999237060547,45526,0.0,0.0
2023-07-31 15:30:00-04:00,22.045000076293945,22.329999923706055,21.93000030517578,22.299999237060547,148194,0.0,0.0
2023-08-01 09:30:00-04:00,22.309999465942383,23.030000686645508,21.510000228881836,21.790000915527344,52358,0.0,0.0
2023-08-01 10:30:00-04:00,21.825000762939453,21.90999984741211,21.040000915527344,21.200000762939453,34325,0.0,0.0
2023-08-01 11:30:00-04:00,21.165000915527344,21.3799991607666,20.6299991607666,20.6299991607666,68599,0.0,0.0
2023-08-01 12:30:00-04:00,20.6200008392334,20.739999771118164,20.211999893188477,20.280000686645508,50577,0.0,0.0
2023-08-01 13:30:00-04:00,20.260000228881836,20.5,20.1200008392334,20.479999542236328,107355,0.0,0.0
2023-08-01 14:30:00-04:00,20.385000228881836,20.985000610351562,20.360000610351562,20.645000457763672,96498,0.0,0.0
2023-08-01 15:30:00-04:00,20.649999618530273,20.81999969482422,20.479999542236328,20.75,91951,0.0,0.0
2023-08-02 09:30:00-04:00,20.610000610351562,20.709999084472656,19.24090003967285,19.520000457763672,104418,0.0,0.0
2023-08-02 10:30:00-04:00,19.450000762939453,19.989999771118164,19.450000762939453,19.540000915527344,48725,0.0,0.0
2023-08-02 11:30:00-04:00,19.540000915527344,19.579999923706055,18.889999389648438,18.950000762939453,57337,0.0,0.0
2023-08-02 12:30:00-04:00,18.8700008392334,19.510000228881836,18.8700008392334,19.440000534057617,109038,0.0,0.0
2023-08-02 13:30:00-04:00,19.479999542236328,19.579999923706055,19.239999771118164,19.579999923706055,24322,0.0,0.0
2023-08-02 14:30:00-04:00,19.520000457763672,19.520000457763672,19.079999923706055,19.15999984741211,70223,0.0,0.0
2023-08-02 15:30:00-04:00,19.15999984741211,19.360000610351562,19.15999984741211,19.18000030517578,121302,0.0,0.0
2023-08-03 09:30:00-04:00,19.1299991607666,19.399999618530273,18.6156005859375,19.100000381469727,39761,0.0,0.0
2023-08-03 10:30:00-04:00,19.1200008392334,19.1200008392334,18.93000030517578,19.0049991607666,39156,0.0,0.0
2023-08-03 11:30:00-04:00,19.010000228881836,19.049999237060547,18.940000534057617,18.950000762939453,50888,0.0,0.0
2023-08-03 12:30:00-04:00,18.950000762939453,19.06999969482422,18.950000762939453,18.989999771118164,62788,0.0,0.0
2023-08-03 13:30:00-04:00,18.989999771118164,19.520000457763672,18.975000381469727,19.299999237060547,32317,0.0,0.0
2023-08-03 14:30:00-04:00,19.219999313354492,19.260000228881836,18.950000762939453,18.985000610351562,36896,0.0,0.0
2023-08-03 15:30:00-04:00,18.969999313354492,19.059999465942383,18.950000762939453,18.959999084472656,78620,0.0,0.0
2023-08-04 09:30:00-04:00,18.959999084472656,19.770000457763672,18.959999084472656,19.75,42809,0.0,0.0
2023-08-04 10:30:00-04:00,19.719999313354492,19.78499984741211,19.309999465942383,19.329999923706055,36643,0.0,0.0
2023-08-04 11:30:00-04:00,19.350000381469727,19.530000686645508,19.31999969482422,19.364999771118164,25775,0.0,0.0
2023-08-04 12:30:00-04:00,19.34000015258789,19.440000534057617,19.084999084472656,19.084999084472656,24800,0.0,0.0
2023-08-04 13:30:00-04:00,19.079999923706055,19.170000076293945,18.979999542236328,19.010000228881836,30447,0.0,0.0
2023-08-04 14:30:00-04:00,19.0049991607666,19.375,19.0,19.2549991607666,55457,0.0,0.0
2023-08-04 15:30:00-04:00,19.264999389648438,19.485000610351562,19.260000228881836,19.290000915527344,62633,0.0,0.0
2023-08-07 09:30:00-04:00,19.1200008392334,19.639999389648438,17.90999984741211,18.170000076293945,42168,0.0,0.0
2023-08-07 10:30:00-04:00,18.219999313354492,18.3799991607666,18.049999237060547,18.079999923706055,41239,0.0,0.0
2023-08-07 11:30:00-04:00,18.15999984741211,18.40999984741211,18.020000457763672,18.360000610351562,33373,0.0,0.0
2023-08-07 12:30:00-04:00,18.364999771118164,18.364999771118164,18.160499572753906,18.280000686645508,23618,0.0,0.0
2023-08-07 13:30:00-04:00,18.309999465942383,18.31999969482422,18.0,18.1299991607666,26259,0.0,0.0
2023-08-07 14:30:00-04:00,18.1200008392334,18.489999771118164,18.079999923706055,18.299999237060547,92006,0.0,0.0
2023-08-07 15:30:00-04:00,18.25,18.344999313354492,18.040000915527344,18.309999465942383,84722,0.0,0.0
2023-08-08 09:30:00-04:00,18.420000076293945,19.09000015258789,18.420000076293945,18.989999771118164,61215,0.0,0.0
2023-08-08 10:30:00-04:00,18.8700008392334,18.9950008392334,18.479999542236328,18.735000610351562,71159,0.0,0.0
2023-08-08 11:30:00-04:00,18.690000534057617,18.739999771118164,18.3799991607666,18.520000457763672,32895,0.0,0.0
2023-08-08 12:30:00-04:00,18.520000457763672,18.540000915527344,18.260000228881836,18.30500030517578,34080,0.0,0.0
2023-08-08 13:30:00-04:00,18.299999237060547,18.540000915527344,18.25,18.459999084472656,68439,0.0,0.0
2023-08-08 14:30:00-04:00,18.459999084472656,18.81999969482422,18.430099487304688,18.530000686645508,72626,0.0,0.0
2023-08-08 15:30:00-04:00,18.523300170898438,18.6299991607666,18.420000076293945,18.489999771118164,58992,0.0,0.0
2023-08-09 09:30:00-04:00,18.389999389648438,18.84000015258789,17.969999313354492,17.969999313354492,33554,0.0,0.0
2023-08-09 10:30:00-04:00,18.0,18.059999465942383,17.780000686645508,17.979999542236328,112518,0.0,0.0
2023-08-09 11:30:00-04:00,18.0,18.079999923706055,17.940000534057617,18.079999923706055,41586,0.0,0.0
2023-08-09 12:30:00-04:00,18.040000915527344,18.309999465942383,17.969999313354492,18.100000381469727,60336,0.0,0.0
2023-08-09 13:30:00-04:00,18.100000381469727,18.270000457763672,18.065000534057617,18.170000076293945,82134,0.0,0.0
2023-08-09 14:30:00-04:00,18.15999984741211,18.190000534057617,17.899999618530273,18.05500030517578,115753,0.0,0.0
2023-08-09 15:30:00-04:00,18.059999465942383,18.229999542236328,17.96500015258789,18.219999313354492,69630,0.0,0.0
2023-08-10 09:30:00-04:00,18.219999313354492,18.924999237060547,18.21500015258789,18.81999969482422,53864,0.0,0.0
2023-08-10 10:30:00-04:00,18.815000534057617,18.8174991607666,18.34000015258789,18.75,27646,0.0,0.0
2023-08-10 11:30:00-04:00,18.75,18.78499984741211,18.540000915527344,18.56999969482422,19275,0.0,0.0
2023-08-10 12:30:00-04:00,18.584999084472656,18.69499969482422,18.420000076293945,18.56999969482422,21336,0.0,0.0
2023-08-10 13:30:00-04:00,18.559999465942383,18.6299991607666,18.34000015258789,18.6200008392334,42892,0.0,0.0
2023-08-10 14:30:00-04:00,18.600000381469727,18.6299991607666,18.530000686645508,18.579999923706055,28449,0.0,0.0
2023-08-10 15:30:00-04:00,18.549999237060547,18.610000610351562,18.469999313354492,18.559999465942383,47192,0.0,0.0
2023-08-11 09:30:00-04:00,18.3799991607666,18.719999313354492,18.1200008392334,18.549999237060547,33283,0.0,0.0
2023-08-11 10:30:00-04:00,18.6200008392334,18.690000534057617,18.360000610351562,18.5,16830,0.0,0.0
2023-08-11 11:30:00-04:00,18.5,18.690000534057617,18.43000030517578,18.575000762939453,29294,0.0,0.0
2023-08-11 12:30:00-04:00,18.575000762939453,18.6299991607666,18.520000457763672,18.610000610351562,23281,0.0,0.0
2023-08-11 13:30:00-04:00,18.59000015258789,18.766700744628906,18.579999923706055,18.69499969482422,28797,0.0,0.0
2023-08-11 14:30:00-04:00,18.700000762939453,18.75029945373535,18.610000610351562,18.674999237060547,30936,0.0,0.0
2023-08-11 15:30:00-04:00,18.65999984741211,18.780000686645508,18.649999618530273,18.75,63642,0.0,0.0
2023-08-14 09:30:00-04:00,18.5,18.90999984741211,18.190000534057617,18.834999084472656,56314,0.0,0.0
2023-08-14 10:30:00-04:00,18.8799991607666,18.909799575805664,18.459999084472656,18.6299991607666,25104,0.0,0.0
2023-08-14 11:30:00-04:00,18.594999313354492,18.719999313354492,18.530000686645508,18.639999389648438,16965,0.0,0.0
2023-08-14 12:30:00-04:00,18.6299991607666,18.90999984741211,18.6299991607666,18.90999984741211,20703,0.0,0.0
2023-08-14 13:30:00-04:00,18.920000076293945,19.079999923706055,18.920000076293945,19.049999237060547,27618,0.0,0.0
2023-08-14 14:30:00-04:00,19.049999237060547,19.190000534057617,18.969999313354492,18.969999313354492,27684,0.0,0.0
2023-08-14 15:30:00-04:00,18.979999542236328,19.010000228881836,18.690000534057617,18.829999923706055,145168,0.0,0.0
2023-08-15 09:30:00-04:00,18.860000610351562,19.159000396728516,18.5,18.540000915527344,29889,0.0,0.0
2023-08-15 10:30:00-04:00,18.510000228881836,18.950000762939453,18.3799991607666,18.809999465942383,33052,0.0,0.0
2023-08-15 11:30:00-04:00,18.809999465942383,19.100000381469727,18.780000686645508,19.059999465942383,26351,0.0,0.0
2023-08-15 12:30:00-04:00,19.049999237060547,19.079999923706055,18.799999237060547,18.90999984741211,28913,0.0,0.0
2023-08-15 13:30:00-04:00,18.899999618530273,19.110000610351562,18.889999389648438,19.06999969482422,33944,0.0,0.0
2023-08-15 14:30:00-04:00,19.059999465942383,19.1299991607666,19.010000228881836,19.059999465942383,38366,0.0,0.0
2023-08-15 15:30:00-04:00,19.049999237060547,19.09000015258789,18.969999313354492,19.079999923706055,88162,0.0,0.0
2023-08-16 09:30:00-04:00,18.940000534057617,19.065000534057617,18.079999923706055,18.079999923706055,25945,0.0,0.0
2023-08-16 10:30:00-04:00,18.049999237060547,18.049999237060547,17.59000015258789,17.639999389648438,38488,0.0,0.0
2023-08-16 11:30:00-04:00,17.65519905090332,17.700000762939453,17.1299991607666,17.229999542236328,63640,0.0,0.0
2023-08-16 12:30:00-04:00,17.200000762939453,17.200000762939453,16.90999984741211,17.100000381469727,52265,0.0,0.0
2023-08-16 13:30:00-04:00,17.059999465942383,17.33099937438965,17.03499984741211,17.309999465942383,68367,0.0,0.0
2023-08-16 14:30:00-04:00,17.329999923706055,17.489999771118164,17.09000015258789,17.1200008392334,88497,0.0,0.0
2023-08-16 15:30:00-04:00,17.1200008392334,17.260000228881836,16.899999618530273,16.924999237060547,114773,0.0,0.0
2023-08-17 09:30:00-04:00,16.920000076293945,16.940000534057617,16.06999969482422,16.40999984741211,59446,0.0,0.0
2023-08-17 10:30:00-04:00,16.420000076293945,16.850000381469727,16.420000076293945,16.559999465942383,29733,0.0,0.0
2023-08-17 11:30:00-04:00,16.579999923706055,16.959999084472656,16.56999969482422,16.8799991607666,24609,0.0,0.0
2023-08-17 12:30:00-04:00,16.860000610351562,16.979999542236328,16.81999969482422,16.959999084472656,20737,0.0,0.0
2023-08-17 13:30:00-04:00,16.959999084472656,17.04599952697754,16.829999923706055,16.989999771118164,41399,0.0,0.0
2023-08-17 14:30:00-04:00,16.979999542236328,17.239999771118164,16.959999084472656,17.139999389648438,49265,0.0,0.0
2023-08-17 15:30:00-04:00,17.145000457763672,17.15999984741211,16.90999984741211,16.915000915527344,76303,0.0,0.0
2023-08-18 09:30:00-04:00,16.65999984741211,17.110000610351562,16.489999771118164,16.674999237060547,57851,0.0,0.0
2023-08-18 10:30:00-04:00,16.709999084472656,16.989900588989258,16.709999084472656,16.940000534057617,46604,0.0,0.0
2023-08-18 11:30:00-04:00,16.950000762939453,16.989999771118164,16.728200912475586,16.790000915527344,22958,0.0,0.0
2023-08-18 12:30:00-04:00,16.809999465942383,16.864999771118164,16.709999084472656,16.75,26898,0.0,0.0
2023-08-18 13:30:00-04:00,16.745100021362305,16.760000228881836,16.549999237060547,16.600000381469727,37767,0.0,0.0
2023-08-18 14:30:00-04:00,16.584999084472656,16.61989974975586,16.40999984741211,16.559999465942383,42955,0.0,0.0
2023-08-18 15:30:00-04:00,16.600000381469727,16.649999618530273,16.399999618530273,16.485000610351562,94742,0.0,0.0
2023-08-21 09:30:00-04:00,16.549999237060547,16.98110008239746,16.520000457763672,16.709999084472656,37488,0.0,0.0
2023-08-21 10:30:00-04:00,16.68000030517578,16.920000076293945,16.594200134277344,16.610000610351562,42627,0.0,0.0
2023-08-21 11:30:00-04:00,16.670000076293945,16.8700008392334,16.520000457763672,16.799999237060547,26545,0.0,0.0
2023-08-21 12:30:00-04:00,16.780000686645508,17.040000915527344,16.735000610351562,16.959999084472656,42705,0.0,0.0
2023-08-21 13:30:00-04:00,16.969999313354492,17.139999389648438,16.91010093688965,17.09000015258789,39595,0.0,0.0
2023-08-21 14:30:00-04:00,17.110000610351562,17.114999771118164,16.899999618530273,16.924999237060547,33553,0.0,0.0
2023-08-21 15:30:00-04:00,16.90999984741211,17.010000228881836,16.860000610351562,16.90999984741211,42713,0.0,0.0
2023-08-22 09:30:00-04:00,16.90999984741211,16.93000030517578,16.40999984741211,16.489999771118164,18950,0.0,0.0
2023-08-22 10:30:00-04:00,16.489999771118164,16.75,16.375,16.389999389648438,34412,0.0,0.0
2023-08-22 11:30:00-04:00,16.3700008392334,16.75,16.3700008392334,16.75,28325,0.0,0.0
2023-08-22 12:30:00-04:00,16.770000457763672,16.795000076293945,16.709999084472656,16.709999084472656,14786,0.0,0.0
2023-08-22 13:30:00-04:00,16.690000534057617,16.90999984741211,16.665000915527344,16.90999984741211,17952,0.0,0.0
2023-08-22 14:30:00-04:00,16.90999984741211,16.940000534057617,16.809999465942383,16.899999618530273,30869,0.0,0.0
2023-08-22 15:30:00-04:00,16.899999618530273,16.950000762939453,16.809999465942383,16.8700008392334,45265,0.0,0.0
2023-08-23 09:30:00-04:00,16.90999984741211,17.420000076293945,16.90999984741211,17.079999923706055,59415,0.0,0.0
2023-08-23 10:30:00-04:00,17.1299991607666,17.540000915527344,17.1299991607666,17.399999618530273,44715,0.0,0.0
2023-08-23 11:30:00-04:00,17.389999389648438,17.422500610351562,17.31999969482422,17.389999389648438,21066,0.0,0.0
2023-08-23 12:30:00-04:00,17.389999389648438,17.459999084472656,17.270000457763672,17.40999984741211,21111,0.0,0.0
2023-08-23 13:30:00-04:00,17.43000030517578,17.540000915527344,17.239999771118164,17.239999771118164,38695,0.0,0.0
2023-08-23 14:30:00-04:00,17.235000610351562,17.309999465942383,17.09000015258789,17.09000015258789,42943,0.0,0.0
2023-08-23 15:30:00-04:00,17.110000610351562,17.110000610351562,16.889999389648438,16.920000076293945,42937,0.0,0.0
2023-08-24 09:30:00-04:00,17.0,17.030000686645508,16.610000610351562,16.75,13046,0.0,0.0
2023-08-24 10:30:00-04:00,16.774999618530273,16.93000030517578,16.719999313354492,16.790000915527344,15190,0.0,0.0
2023-08-24 11:30:00-04:00,16.799999237060547,16.799999237060547,16.530000686645508,16.635000228881836,18247,0.0,0.0
2023-08-24 12:30:00-04:00,16.6299991607666,16.739999771118164,16.229999542236328,16.270000457763672,38919,0.0,0.0
2023-08-24 13:30:00-04:00,16.260000228881836,16.579999923706055,16.260000228881836,16.520000457763672,16273,0.0,0.0
2023-08-24 14:30:00-04:00,16.510000228881836,16.520000457763672,16.100000381469727,16.100000381469727,59861,0.0,0.0
2023-08-24 15:30:00-04:00,16.079999923706055,16.299999237060547,16.079999923706055,16.229999542236328,43132,0.0,0.0
2023-08-25 09:30:00-04:00,16.25,16.700000762939453,16.25,16.309999465942383,18351,0.0,0.0
2023-08-25 10:30:00-04:00,16.360000610351562,16.5,16.200000762939453,16.405000686645508,25246,0.0,0.0
2023-08-25 11:30:00-04:00,16.389999389648438,16.540000915527344,16.309999465942383,16.540000915527344,16038,0.0,0.0
2023-08-25 12:30:00-04:00,16.5049991607666,16.68000030517578,16.457000732421875,16.600000381469727,28975,0.0,0.0
2023-08-25 13:30:00-04:00,16.579999923706055,16.719999313354492,16.5,16.655000686645508,27561,0.0,0.0
2023-08-25 14:30:00-04:00,16.65999984741211,16.65999984741211,16.360000610351562,16.405000686645508,37340,0.0,0.0
2023-08-25 15:30:00-04:00,16.3700008392334,16.389999389648438,16.079999923706055,16.239999771118164,83666,0.0,0.0
2023-08-28 09:30:00-04:00,16.299999237060547,16.549999237060547,16.25,16.280000686645508,26985,0.0,0.0
2023-08-28 10:30:00-04:00,16.3799991607666,16.3799991607666,16.15999984741211,16.190000534057617,13696,0.0,0.0
2023-08-28 11:30:00-04:00,16.15999984741211,16.405000686645508,16.079999923706055,16.3799991607666,14820,0.0,0.0
2023-08-28 12:30:00-04:00,16.40999984741211,16.40999984741211,16.309999465942383,16.3700008392334,12575,0.0,0.0
2023-08-28 13:30:00-04:00,16.385000228881836,16.43000030517578,16.31999969482422,16.389999389648438,17331,0.0,0.0
2023-08-28 14:30:00-04:00,16.3700008392334,16.469999313354492,16.34000015258789,16.415000915527344,26483,0.0,0.0
2023-08-28 15:30:00-04:00,16.43000030517578,16.43000030517578,16.084999084472656,16.25,77082,0.0,0.0
2023-08-29 09:30:00-04:00,16.1299991607666,16.36989974975586,15.895000457763672,16.260000228881836,42981,0.0,0.0
2023-08-29 10:30:00-04:00,16.270000457763672,16.457500457763672,16.209999084472656,16.40999984741211,38535,0.0,0.0
2023-08-29 11:30:00-04:00,16.399999618530273,16.420000076293945,16.260000228881836,16.260000228881836,16735,0.0,0.0
2023-08-29 12:30:00-04:00,16.270000457763672,16.31999969482422,16.190000534057617,16.235000610351562,17534,0.0,0.0
2023-08-29 13:30:00-04:00,16.229999542236328,16.524999618530273,16.165000915527344,16.440000534057617,21624,0.0,0.0
2023-08-29 14:30:00-04:00,16.440000534057617,16.440000534057617,16.229999542236328,16.260000228881836,32188,0.0,0.0
2023-08-29 15:30:00-04:00,16.230100631713867,16.270000457763672,16.18000030517578,16.209999084472656,46858,0.0,0.0
2023-08-30 09:30:00-04:00,16.25,16.31999969482422,15.949999809265137,15.949999809265137,20543,0.0,0.0
2023-08-30 10:30:00-04:00,15.970000267028809,16.329999923706055,15.970000267028809,16.309999465942383,34108,0.0,0.0
2023-08-30 11:30:00-04:00,16.309999465942383,16.5492000579834,16.309999465942383,16.454999923706055,32194,0.0,0.0
2023-08-30 12:30:00-04:00,16.46500015258789,16.479999542236328,16.350000381469727,16.420000076293945,23109,0.0,0.0
2023-08-30 13:30:00-04:00,16.40999984741211,16.510000228881836,16.360000610351562,16.40999984741211,23413,0.0,0.0
2023-08-30 14:30:00-04:00,16.415000915527344,16.5,16.260000228881836,16.28499984741211,38614,0.0,0.0
2023-08-30 15:30:00-04:00,16.290000915527344,16.549999237060547,16.270000457763672,16.549999237060547,65525,0.0,0.0
2023-08-31 09:30:00-04:00,16.559999465942383,16.68000030517578,16.40999984741211,16.59000015258789,27048,0.0,0.0
2023-08-31 10:30:00-04:00,16.56999969482422,16.739999771118164,16.559999465942383,16.68000030517578,18947,0.0,0.0
2023-08-31 11:30:00-04:00,16.649999618530273,16.709999084472656,16.520000457763672,16.59000015258789,20631,0.0,0.0
2023-08-31 12:30:00-04:00,16.59000015258789,16.709999084472656,16.549999237060547,16.690000534057617,14814,0.0,0.0
2023-08-31 13:30:00-04:00,16.719999313354492,16.760000228881836,16.540000915527344,16.709999084472656,29084,0.0,0.0
2023-08-31 14:30:00-04:00,16.764999389648438,16.950000762939453,16.719999313354492,16.920000076293945,31151,0.0,0.0
2023-08-31 15:30:00-04:00,16.905000686645508,16.989999771118164,16.799999237060547,16.8700008392334,73003,0.0,0.0
2023-09-01 09:30:00-04:00,16.8799991607666,17.1299991607666,16.799999237060547,17.040000915527344,30430,0.0,0.0
2023-09-01 10:30:00-04:00,17.06999969482422,17.219999313354492,17.059999465942383,17.190000534057617,35402,0.0,0.0
2023-09-01 11:30:00-04:00,17.200000762939453,17.350000381469727,17.155000686645508,17.280000686645508,23087,0.0,0.0
2023-09-01 12:30:00-04:00,17.270000457763672,17.282499313354492,17.094999313354492,17.219999313354492,25077,0.0,0.0
2023-09-01 13:30:00-04:00,17.299999237060547,17.31999969482422,17.1299991607666,17.170000076293945,33095,0.0,0.0
2023-09-01 14:30:00-04:00,17.18000030517578,17.280000686645508,17.149999618530273,17.200000762939453,26265,0.0,0.0
2023-09-01 15:30:00-04:00,17.190000534057617,17.19499969482422,17.079999923706055,17.1299991607666,66135,0.0,0.0
2023-09-05 09:30:00-04:00,17.18000030517578,17.610000610351562,17.014999389648438,17.469999313354492,53966,0.0,0.0
2023-09-05 10:30:00-04:00,17.489999771118164,17.510000228881836,17.375,17.5049991607666,26006,0.0,0.0
2023-09-05 11:30:00-04:00,17.489999771118164,17.549999237060547,17.389999389648438,17.494199752807617,35870,0.0,0.0
2023-09-05 12:30:00-04:00,17.469999313354492,17.549999237060547,17.34000015258789,17.34000015258789,94335,0.0,0.0
2023-09-05 13:30:00-04:00,17.34000015258789,17.360000610351562,16.889999389648438,16.915000915527344,29982,0.0,0.0
2023-09-05 14:30:00-04:00,16.940000534057617,17.024999618530273,16.604999542236328,16.700000762939453,68753,0.0,0.0
2023-09-05 15:30:00-04:00,16.690000534057617,16.84000015258789,16.68000030517578,16.690000534057617,74959,0.0,0.0
2023-09-06 09:30:00-04:00,16.809999465942383,16.809999465942383,16.260000228881836,16.5,26723,0.0,0.0
2023-09-06 10:30:00-04:00,16.520000457763672,16.709999084472656,16.3799991607666,16.5,37806,0.0,0.0
2023-09-06 11:30:00-04:00,16.469999313354492,16.799999237060547,16.459999084472656,16.7450008392334,21766,0.0,0.0
2023-09-06 12:30:00-04:00,16.719999313354492,16.799999237060547,16.6200008392334,16.709999084472656,31693,0.0,0.0
2023-09-06 13:30:00-04:00,16.729999542236328,16.75,16.56999969482422,16.71500015258789,27644,0.0,0.0
2023-09-06 14:30:00-04:00,16.71500015258789,17.010000228881836,16.71500015258789,16.93000030517578,30156,0.0,0.0
2023-09-06 15:30:00-04:00,16.93000030517578,17.170000076293945,16.93000030517578,17.100000381469727,76715,0.0,0.0
2023-09-07 09:30:00-04:00,16.889999389648438,16.889999389648438,16.1299991607666,16.739999771118164,149147,0.0,0.0
2023-09-07 10:30:00-04:00,16.670000076293945,17.18000030517578,16.65999984741211,17.1299991607666,44843,0.0,0.0
2023-09-07 11:30:00-04:00,17.135000228881836,17.18000030517578,16.969999313354492,16.979999542236328,31433,0.0,0.0
2023-09-07 12:30:00-04:00,16.969999313354492,17.100000381469727,16.950000762939453,17.05500030517578,23475,0.0,0.0
2023-09-07 13:30:00-04:00,17.059999465942383,17.170000076293945,16.989999771118164,17.020000457763672,25159,0.0,0.0
2023-09-07 14:30:00-04:00,17.040000915527344,17.09000015258789,17.010000228881836,17.079999923706055,33936,0.0,0.0
2023-09-07 15:30:00-04:00,17.079999923706055,17.094999313354492,16.84000015258789,16.84000015258789,64936,0.0,0.0
2023-09-08 09:30:00-04:00,16.93000030517578,16.93000030517578,16.540000915527344,16.56999969482422,12575,0.0,0.0
2023-09-08 10:30:00-04:00,16.549999237060547,16.75,16.524999618530273,16.719999313354492,32206,0.0,0.0
2023-09-08 11:30:00-04:00,16.739999771118164,16.799999237060547,16.420000076293945,16.5,22515,0.0,0.0
2023-09-08 12:30:00-04:00,16.5,16.6299991607666,16.469999313354492,16.510000228881836,64998,0.0,0.0
2023-09-08 13:30:00-04:00,16.5,16.59000015258789,16.469999313354492,16.530000686645508,41476,0.0,0.0
2023-09-08 14:30:00-04:00,16.545000076293945,16.56999969482422,16.360000610351562,16.440000534057617,66872,0.0,0.0
2023-09-08 15:30:00-04:00,16.450000762939453,16.459999084472656,16.31999969482422,16.350000381469727,97556,0.0,0.0
2023-09-11 09:30:00-04:00,16.469999313354492,16.69499969482422,16.110000610351562,16.30500030517578,99059,0.0,0.0
2023-09-11 10:30:00-04:00,16.31999969482422,16.489999771118164,16.30500030517578,16.489999771118164,43111,0.0,0.0
2023-09-11 11:30:00-04:00,16.520000457763672,16.610000610351562,16.434999465942383,16.450000762939453,43101,0.0,0.0
2023-09-11 12:30:00-04:00,16.440000534057617,16.600000381469727,16.3700008392334,16.385000228881836,41094,0.0,0.0
2023-09-11 13:30:00-04:00,16.3799991607666,16.56999969482422,16.3799991607666,16.479999542236328,56788,0.0,0.0
2023-09-11 14:30:00-04:00,16.469999313354492,16.520000457763672,16.290000915527344,16.450000762939453,62327,0.0,0.0
2023-09-11 15:30:00-04:00,16.459999084472656,16.459999084472656,16.15999984741211,16.18000030517578,80905,0.0,0.0
2023-09-12 09:30:00-04:00,16.100000381469727,16.25,15.8100004196167,15.819999694824219,37001,0.0,0.0
2023-09-12 10:30:00-04:00,15.800000190734863,15.800000190734863,15.1850004196167,15.329999923706055,103583,0.0,0.0
2023-09-12 11:30:00-04:00,15.324999809265137,15.489999771118164,15.244999885559082,15.300000190734863,66499,0.0,0.0
2023-09-12 12:30:00-04:00,15.300000190734863,15.380000114440918,15.0,15.024999618530273,34275,0.0,0.0
2023-09-12 13:30:00-04:00,15.0,15.0,14.770000457763672,14.970000267028809,41635,0.0,0.0
2023-09-12 14:30:00-04:00,14.970000267028809,15.010000228881836,14.5600004196167,14.710000038146973,80853,0.0,0.0
2023-09-12 15:30:00-04:00,14.720000267028809,14.770000457763672,14.649999618530273,14.720000267028809,106950,0.0,0.0
2023-09-13 09:30:00-04:00,14.710000038146973,15.270000457763672,14.710000038146973,14.970000267028809,36534,0.0,0.0
2023-09-13 10:30:00-04:00,14.970000267028809,15.1899995803833,14.90999984741211,15.109999656677246,65654,0.0,0.0
2023-09-13 11:30:00-04:00,15.100000381469727,15.210000038146973,15.0,15.140000343322754,37960,0.0,0.0
2023-09-13 12:30:00-04:00,15.119999885559082,15.130000114440918,15.029999732971191,15.109999656677246,53779,0.0,0.0
2023-09-13 13:30:00-04:00,15.109999656677246,15.279999732971191,15.109999656677246,15.204999923706055,32232,0.0,0.0
2023-09-13 14:30:00-04:00,15.204999923706055,15.239999771118164,15.085000038146973,15.140000343322754,40286,0.0,0.0
2023-09-13 15:30:00-04:00,15.130000114440918,15.130000114440918,14.800000190734863,14.800100326538086,83812,0.0,0.0
2023-09-14 09:30:00-04:00,14.84000015258789,14.84000015258789,14.010000228881836,14.300000190734863,99982,0.0,0.0
2023-09-14 10:30:00-04:00,14.319999694824219,14.574999809265137,13.819999694824219,13.979999542236328,174149,0.0,0.0
2023-09-14 11:30:00-04:00,14.020000457763672,14.264200210571289,13.960000038146973,14.029999732971191,184494,0.0,0.0
2023-09-14 12:30:00-04:00,14.045000076293945,14.069999694824219,13.760000228881836,13.960000038146973,64267,0.0,0.0
2023-09-14 13:30:00-04:00,13.9399995803833,14.34000015258789,13.890000343322754,14.329999923706055,50105,0.0,0.0
2023-09-14 14:30:00-04:00,14.329999923706055,14.725000381469727,14.300000190734863,14.680000305175781,81392,0.0,0.0
2023-09-14 15:30:00-04:00,14.680000305175781,14.739999771118164,14.390000343322754,14.390000343322754,125340,0.0,0.0
2023-09-15 09:30:00-04:00,14.40999984741211,14.59000015258789,13.994999885559082,14.15999984741211,76736,0.0,0.0
2023-09-15 10:30:00-04:00,14.180000305175781,14.520000457763672,14.15999984741211,14.369999885559082,43943,0.0,0.0
2023-09-15 11:30:00-04:00,14.380000114440918,14.420000076293945,14.140000343322754,14.350000381469727,36897,0.0,0.0
2023-09-15 12:30:00-04:00,14.329999923706055,14.640000343322754,14.3149995803833,14.609999656677246,44898,0.0,0.0
2023-09-15 13:30:00-04:00,14.600000381469727,14.84000015258789,14.529999732971191,14.84000015258789,82473,0.0,0.0
2023-09-15 14:30:00-04:00,14.835000038146973,15.079999923706055,14.75100040435791,15.0,108760,0.0,0.0
2023-09-15 15:30:00-04:00,15.010000228881836,15.369999885559082,14.979999542236328,15.130000114440918,226622,0.0,0.0
2023-09-18 09:30:00-04:00,15.010000228881836,15.010000228881836,14.390000343322754,14.694999694824219,107325,0.0,0.0
2023-09-18 10:30:00-04:00,14.65999984741211,14.925000190734863,14.345000267028809,14.925000190734863,42173,0.0,0.0
2023-09-18 11:30:00-04:00,14.899999618530273,15.119999885559082,14.899999618530273,15.0600004196167,44380,0.0,0.0
2023-09-18 12:30:00-04:00,15.029999732971191,15.220000267028809,15.010000228881836,15.074999809265137,52266,0.0,0.0
2023-09-18 13:30:00-04:00,15.079999923706055,15.149999618530273,14.979999542236328,15.079999923706055,47104,0.0,0.0
2023-09-18 14:30:00-04:00,15.0600004196167,15.210000038146973,15.039999961853027,15.079999923706055,49774,0.0,0.0
2023-09-18 15:30:00-04:00,15.069999694824219,15.210000038146973,15.0,15.020000457763672,80535,0.0,0.0
2023-09-19 09:30:00-04:00,15.039999961853027,15.039999961853027,14.680000305175781,14.899999618530273,32650,0.0,0.0
2023-09-19 10:30:00-04:00,14.899999618530273,14.979999542236328,14.824999809265137,14.850000381469727,47062,0.0,0.0
2023-09-19 11:30:00-04:00,14.770000457763672,15.0,14.75,14.84000015258789,26178,0.0,0.0
2023-09-19 12:30:00-04:00,14.880000114440918,15.050000190734863,14.739999771118164,15.0,29313,0.0,0.0
2023-09-19 13:30:00-04:00,15.0,15.0,14.869999885559082,14.970000267028809,27055,0.0,0.0
2023-09-19 14:30:00-04:00,14.930000305175781,15.0,14.75,14.90999984741211,35003,0.0,0.0
2023-09-19 15:30:00-04:00,14.949999809265137,15.010000228881836,14.78499984741211,14.970000267028809,104809,0.0,0.0
2023-09-20 09:30:00-04:00,14.920000076293945,14.920000076293945,14.550000190734863,14.670000076293945,70190,0.0,0.0
2023-09-20 10:30:00-04:00,14.6899995803833,14.720000267028809,14.449999809265137,14.609999656677246,34110,0.0,0.0
2023-09-20 11:30:00-04:00,14.609999656677246,14.710000038146973,14.529999732971191,14.647500038146973,35876,0.0,0.0
2023-09-20 12:30:00-04:00,14.649999618530273,14.720000267028809,14.550000190734863,14.609999656677246,30347,0.0,0.0
2023-09-20 13:30:00-04:00,14.609999656677246,14.635000228881836,14.470000267028809,14.539999961853027,30942,0.0,0.0
2023-09-20 14:30:00-04:00,14.550000190734863,14.600000381469727,14.100000381469727,14.104999542236328,46759,0.0,0.0
2023-09-20 15:30:00-04:00,14.100000381469727,14.100000381469727,13.829999923706055,13.859999656677246,111533,0.0,0.0
2023-09-21 09:30:00-04:00,13.770000457763672,13.770000457763672,13.489999771118164,13.600000381469727,33061,0.0,0.0
2023-09-21 10:30:00-04:00,13.619999885559082,14.079999923706055,13.539999961853027,13.90999984741211,58250,0.0,0.0
2023-09-21 11:30:00-04:00,13.890000343322754,14.029999732971191,13.869999885559082,13.949999809265137,39612,0.0,0.0
2023-09-21 12:30:00-04:00,13.940799713134766,14.020000457763672,13.900099754333496,13.960000038146973,40027,0.0,0.0
2023-09-21 13:30:00-04:00,13.9399995803833,14.039999961853027,13.914999961853027,14.024999618530273,23300,0.0,0.0
2023-09-21 14:30:00-04:00,14.029999732971191,14.0649995803833,13.920000076293945,13.970000267028809,35592,0.0,0.0
2023-09-21 15:30:00-04:00,13.989999771118164,14.020000457763672,13.920000076293945,13.994999885559082,87918,0.0,0.0
2023-09-22 09:30:00-04:00,14.010000228881836,14.220000267028809,13.479999542236328,13.90999984741211,31562,0.0,0.0
2023-09-22 10:30:00-04:00,13.920000076293945,14.369999885559082,13.920000076293945,14.369999885559082,33936,0.0,0.0
2023-09-22 11:30:00-04:00,14.399999618530273,14.477999687194824,14.319999694824219,14.380000114440918,29171,0.0,0.0
2023-09-22 12:30:00-04:00,14.375,14.449999809265137,14.350000381469727,14.399999618530273,26787,0.0,0.0
2023-09-22 13:30:00-04:00,14.380000114440918,14.390000343322754,14.1899995803833,14.3149995803833,22872,0.0,0.0
2023-09-22 14:30:00-04:00,14.279999732971191,14.739999771118164,14.229999542236328,14.739999771118164,93286,0.0,0.0
2023-09-22 15:30:00-04:00,14.739999771118164,14.8100004196167,14.600000381469727,14.630000114440918,92584,0.0,0.0
2023-09-25 09:30:00-04:00,14.390000343322754,14.539999961853027,13.619999885559082,14.010000228881836,89876,0.0,0.0
2023-09-25 10:30:00-04:00,14.039999961853027,14.460000038146973,14.010000228881836,14.210000038146973,108196,0.0,0.0
2023-09-25 11:30:00-04:00,14.210000038146973,14.369999885559082,14.119999885559082,14.295000076293945,87621,0.0,0.0
2023-09-25 12:30:00-04:00,14.295000076293945,14.65999984741211,14.279999732971191,14.59000015258789,77435,0.0,0.0
2023-09-25 13:30:00-04:00,14.550000190734863,14.609999656677246,14.170000076293945,14.170000076293945,83121,0.0,0.0
2023-09-25 14:30:00-04:00,14.180000305175781,14.369999885559082,14.109999656677246,14.1899995803833,137847,0.0,0.0
2023-09-25 15:30:00-04:00,14.182499885559082,14.319999694824219,14.020000457763672,14.050000190734863,141867,0.0,0.0
2023-09-26 09:30:00-04:00,14.010000228881836,14.430000305175781,13.829999923706055,13.829999923706055,44336,0.0,0.0
2023-09-26 10:30:00-04:00,13.829999923706055,14.430000305175781,13.829999923706055,14.25,28780,0.0,0.0
2023-09-26 11:30:00-04:00,14.300000190734863,14.350000381469727,14.210000038146973,14.239999771118164,13524,0.0,0.0
2023-09-26 12:30:00-04:00,14.255000114440918,14.260000228881836,14.069999694824219,14.119999885559082,12284,0.0,0.0
2023-09-26 13:30:00-04:00,14.140000343322754,14.149999618530273,13.989999771118164,14.109999656677246,15162,0.0,0.0
2023-09-26 14:30:00-04:00,14.109999656677246,14.140000343322754,13.989999771118164,14.020000457763672,27575,0.0,0.0
2023-09-26 15:30:00-04:00,14.039999961853027,14.0600004196167,13.960000038146973,13.979999542236328,79282,0.0,0.0
2023-09-27 09:30:00-04:00,14.069999694824219,14.329999923706055,14.0,14.100000381469727,23298,0.0,0.0
2023-09-27 10:30:00-04:00,14.050000190734863,14.050000190734863,13.765000343322754,13.770000457763672,21329,0.0,0.0
2023-09-27 11:30:00-04:00,13.710000038146973,14.0,13.6899995803833,13.779999732971191,73424,0.0,0.0
2023-09-27 12:30:00-04:00,13.779999732971191,13.789999961853027,13.619999885559082,13.670000076293945,20957,0.0,0.0
2023-09-27 13:30:00-04:00,13.640000343322754,13.930000305175781,13.640000343322754,13.75,52805,0.0,0.0
2023-09-27 14:30:00-04:00,13.760000228881836,13.899999618530273,13.65999984741211,13.770000457763672,64226,0.0,0.0
2023-09-27 15:30:00-04:00,13.755000114440918,13.899999618530273,13.6899995803833,13.890000343322754,95695,0.0,0.0
2023-09-28 09:30:00-04:00,13.720000267028809,14.029999732971191,13.149999618530273,13.359999656677246,56910,0.0,0.0
2023-09-28 10:30:00-04:00,13.26200008392334,13.369999885559082,13.109999656677246,13.369999885559082,22865,0.0,0.0
2023-09-28 11:30:00-04:00,13.359999656677246,13.385000228881836,13.109999656677246,13.260000228881836,56436,0.0,0.0
2023-09-28 12:30:00-04:00,13.255000114440918,13.279999732971191,13.010000228881836,13.079999923706055,23662,0.0,0.0
2023-09-28 13:30:00-04:00,13.079999923706055,13.3100004196167,13.079999923706055,13.260000228881836,46092,0.0,0.0
2023-09-28 14:30:00-04:00,13.244999885559082,13.5,13.199999809265137,13.449999809265137,56770,0.0,0.0
2023-09-28 15:30:00-04:00,13.430000305175781,13.524999618530273,13.399999618530273,13.420000076293945,55761,0.0,0.0
2023-09-29 09:30:00-04:00,13.550000190734863,13.579999923706055,13.350000381469727,13.470000267028809,17417,0.0,0.0
2023-09-29 10:30:00-04:00,13.545000076293945,13.805000305175781,13.5,13.5649995803833,23178,0.0,0.0
2023-09-29 11:30:00-04:00,13.539999961853027,13.579999923706055,13.289999961853027,13.409299850463867,23271,0.0,0.0
2023-09-29 12:30:00-04:00,13.425000190734863,13.6850004196167,13.40999984741211,13.645000457763672,38672,0.0,0.0
2023-09-29 13:30:00-04:00,13.654999732971191,13.9399995803833,13.654999732971191,13.755000114440918,81431,0.0,0.0
2023-09-29 14:30:00-04:00,13.755000114440918,13.819999694824219,13.699999809265137,13.8100004196167,29045,0.0,0.0
2023-09-29 15:30:00-04:00,13.8100004196167,13.8100004196167,13.6899995803833,13.760000228881836,59736,0.0,0.0
2023-10-02 09:30:00-04:00,13.859999656677246,13.938599586486816,12.970000267028809,13.180000305175781,41965,0.0,0.0
2023-10-02 10:30:00-04:00,13.260000228881836,13.539999961853027,13.25,13.359999656677246,74388,0.0,0.0
2023-10-02 11:30:00-04:00,13.364999771118164,13.364999771118164,12.989999771118164,12.989999771118164,33686,0.0,0.0
2023-10-02 12:30:00-04:00,12.930000305175781,13.0600004196167,12.779999732971191,12.90999984741211,47271,0.0,0.0
2023-10-02 13:30:00-04:00,12.920000076293945,12.9350004196167,12.720000267028809,12.779999732971191,24367,0.0,0.0
2023-10-02 14:30:00-04:00,12.779999732971191,12.850000381469727,12.65999984741211,12.65999984741211,45101,0.0,0.0
2023-10-02 15:30:00-04:00,12.649999618530273,12.720000267028809,12.510000228881836,12.720000267028809,125743,0.0,0.0
2023-10-03 09:30:00-04:00,12.619999885559082,12.680000305175781,12.319999694824219,12.350000381469727,74861,0.0,0.0
2023-10-03 10:30:00-04:00,12.390000343322754,13.0,12.350000381469727,12.859999656677246,45990,0.0,0.0
2023-10-03 11:30:00-04:00,12.899999618530273,12.90999984741211,12.704999923706055,12.880000114440918,74286,0.0,0.0
2023-10-03 12:30:00-04:00,12.859999656677246,13.0600004196167,12.859999656677246,13.050000190734863,14449,0.0,0.0
2023-10-03 13:30:00-04:00,13.079999923706055,13.079999923706055,12.920000076293945,13.010000228881836,15382,0.0,0.0
2023-10-03 14:30:00-04:00,13.020000457763672,13.1899995803833,12.869999885559082,12.949999809265137,32293,0.0,0.0
2023-10-03 15:30:00-04:00,12.944999694824219,12.960000038146973,12.84000015258789,12.869999885559082,62372,0.0,0.0
2023-10-04 09:30:00-04:00,12.779999732971191,12.835000038146973,12.300000190734863,12.335000038146973,87901,0.0,0.0
2023-10-04 10:30:00-04:00,12.3100004196167,12.380000114440918,12.100000381469727,12.114999771118164,18539,0.0,0.0
2023-10-04 11:30:00-04:00,12.125,12.220000267028809,11.880000114440918,12.0,34217,0.0,0.0
2023-10-04 12:30:00-04:00,12.045000076293945,12.149999618530273,12.010000228881836,12.149999618530273,21856,0.0,0.0
2023-10-04 13:30:00-04:00,12.154999732971191,12.229999542236328,12.119999885559082,12.21500015258789,28806,0.0,0.0
2023-10-04 14:30:00-04:00,12.21500015258789,12.390000343322754,12.199999809265137,12.260000228881836,34430,0.0,0.0
2023-10-04 15:30:00-04:00,12.270000457763672,12.420000076293945,12.170000076293945,12.210000038146973,82531,0.0,0.0
2023-10-05 09:30:00-04:00,12.25,12.255999565124512,11.859999656677246,11.875,171367,0.0,0.0
2023-10-05 10:30:00-04:00,11.84000015258789,11.84000015258789,11.5600004196167,11.65999984741211,37621,0.0,0.0
2023-10-05 11:30:00-04:00,11.680000305175781,11.8100004196167,11.59000015258789,11.744999885559082,79714,0.0,0.0
2023-10-05 12:30:00-04:00,11.744999885559082,11.949999809265137,11.635000228881836,11.920000076293945,44836,0.0,0.0
2023-10-05 13:30:00-04:00,11.920000076293945,12.010000228881836,11.845000267028809,12.010000228881836,36749,0.0,0.0
2023-10-05 14:30:00-04:00,12.020000457763672,12.260000228881836,12.020000457763672,12.244999885559082,205138,0.0,0.0
2023-10-05 15:30:00-04:00,12.270000457763672,12.270000457763672,12.100000381469727,12.170000076293945,106800,0.0,0.0
2023-10-06 09:30:00-04:00,12.020000457763672,12.399999618530273,11.90999984741211,12.1899995803833,38053,0.0,0.0
2023-10-06 10:30:00-04:00,12.170000076293945,12.40999984741211,12.15999984741211,12.289999961853027,29903,0.0,0.0
2023-10-06 11:30:00-04:00,12.289999961853027,12.40999984741211,12.100000381469727,12.270000457763672,168476,0.0,0.0
2023-10-06 12:30:00-04:00,12.25,12.385000228881836,12.15999984741211,12.385000228881836,17530,0.0,0.0
2023-10-06 13:30:00-04:00,12.364999771118164,12.640000343322754,12.329999923706055,12.630000114440918,42306,0.0,0.0
2023-10-06 14:30:00-04:00,12.649999618530273,12.729999542236328,12.460000038146973,12.65999984741211,88250,0.0,0.0
2023-10-06 15:30:00-04:00,12.6850004196167,12.720000267028809,12.609999656677246,12.630000114440918,59578,0.0,0.0
2023-10-09 09:30:00-04:00,12.430000305175781,12.670000076293945,11.90999984741211,12.380000114440918,56789,0.0,0.0
2023-10-09 10:30:00-04:00,12.399999618530273,12.475000381469727,12.279999732971191,12.449999809265137,34860,0.0,0.0
2023-10-09 11:30:00-04:00,12.470000267028809,12.569999694824219,12.390000343322754,12.550000190734863,27195,0.0,0.0
2023-10-09 12:30:00-04:00,12.5600004196167,12.574999809265137,12.470000267028809,12.529999732971191,24444,0.0,0.0
2023-10-09 13:30:00-04:00,12.539999961853027,12.6899995803833,12.539999961853027,12.619999885559082,30764,0.0,0.0
2023-10-09 14:30:00-04:00,12.609999656677246,12.649999618530273,12.510000228881836,12.640000343322754,29039,0.0,0.0
2023-10-09 15:30:00-04:00,12.630000114440918,12.6899995803833,12.420000076293945,12.460000038146973,82383,0.0,0.0
2023-10-10 09:30:00-04:00,12.460000038146973,12.555000305175781,12.220000267028809,12.34000015258789,25626,0.0,0.0
2023-10-10 10:30:00-04:00,12.319999694824219,12.475000381469727,12.25,12.279999732971191,47010,0.0,0.0
2023-10-10 11:30:00-04:00,12.239999771118164,12.3100004196167,12.220000267028809,12.274999618530273,23381,0.0,0.0
2023-10-10 12:30:00-04:00,12.289999961853027,12.359999656677246,12.1899995803833,12.21500015258789,21758,0.0,0.0
2023-10-10 13:30:00-04:00,12.210000038146973,12.3100004196167,12.180000305175781,12.180000305175781,16877,0.0,0.0
2023-10-10 14:30:00-04:00,12.170000076293945,12.260000228881836,12.15999984741211,12.175000190734863,14324,0.0,0.0
2023-10-10 15:30:00-04:00,12.180000305175781,12.220000267028809,12.079999923706055,12.100000381469727,52416,0.0,0.0
2023-10-11 09:30:00-04:00,12.109999656677246,12.25,11.369999885559082,11.380000114440918,25854,0.0,0.0
2023-10-11 10:30:00-04:00,11.420000076293945,11.569999694824219,11.329999923706055,11.359999656677246,37562,0.0,0.0
2023-10-11 11:30:00-04:00,11.359999656677246,11.359999656677246,11.149999618530273,11.149999618530273,47579,0.0,0.0
2023-10-11 12:30:00-04:00,11.179900169372559,11.260000228881836,11.0,11.149999618530273,31347,0.0,0.0
2023-10-11 13:30:00-04:00,11.149999618530273,11.15999984741211,10.899999618530273,11.079999923706055,33915,0.0,0.0
2023-10-11 14:30:00-04:00,11.09000015258789,11.4399995803833,11.079999923706055,11.279999732971191,58863,0.0,0.0
2023-10-11 15:30:00-04:00,11.289999961853027,11.399999618530273,11.270000457763672,11.399999618530273,47574,0.0,0.0
2023-10-12 09:30:00-04:00,11.5,11.550000190734863,10.994999885559082,11.130000114440918,46667,0.0,0.0
2023-10-12 10:30:00-04:00,11.119999885559082,11.119999885559082,10.960000038146973,11.0600004196167,59821,0.0,0.0
2023-10-12 11:30:00-04:00,11.069999694824219,11.240500450134277,11.069999694824219,11.09000015258789,21696,0.0,0.0
2023-10-12 12:30:00-04:00,11.100000381469727,11.109999656677246,10.949999809265137,10.949999809265137,34005,0.0,0.0
2023-10-12 13:30:00-04:00,10.960000038146973,11.079999923706055,10.84000015258789,11.0600004196167,32491,0.0,0.0
2023-10-12 14:30:00-04:00,11.050000190734863,11.100000381469727,10.9399995803833,10.9399995803833,87205,0.0,0.0
2023-10-12 15:30:00-04:00,10.930000305175781,10.960000038146973,10.729999542236328,10.734999656677246,90572,0.0,0.0
2023-10-13 09:30:00-04:00,10.75,10.75,10.420000076293945,10.454999923706055,50573,0.0,0.0
2023-10-13 10:30:00-04:00,10.420000076293945,10.510000228881836,10.40999984741211,10.489999771118164,33103,0.0,0.0
2023-10-13 11:30:00-04:00,10.470000267028809,10.510000228881836,10.239999771118164,10.270000457763672,39389,0.0,0.0
2023-10-13 12:30:00-04:00,10.270000457763672,10.470000267028809,10.260000228881836,10.454999923706055,32761,0.0,0.0
2023-10-13 13:30:00-04:00,10.444999694824219,10.6899995803833,10.4399995803833,10.59000015258789,49714,0.0,0.0
2023-10-13 14:30:00-04:00,10.609999656677246,10.664999961853027,10.550000190734863,10.630000114440918,40107,0.0,0.0
2023-10-13 15:30:00-04:00,10.619999885559082,10.670000076293945,10.579999923706055,10.640000343322754,60637,0.0,0.0
2023-10-16 09:30:00-04:00,10.640000343322754,10.65999984741211,10.100000381469727,10.470000267028809,40884,0.0,0.0
2023-10-16 10:30:00-04:00,10.510000228881836,10.630000114440918,10.380000114440918,10.630000114440918,21545,0.0,0.0
2023-10-16 11:30:00-04:00,10.670000076293945,10.800000190734863,10.529999732971191,10.774999618530273,37821,0.0,0.0
2023-10-16 12:30:00-04:00,10.8100004196167,10.859999656677246,10.670000076293945,10.699999809265137,23304,0.0,0.0
2023-10-16 13:30:00-04:00,10.680000305175781,10.710000038146973,10.609999656677246,10.630000114440918,21655,0.0,0.0
2023-10-16 14:30:00-04:00,10.630000114440918,10.729999542236328,10.604999542236328,10.725000381469727,37031,0.0,0.0
2023-10-16 15:30:00-04:00,10.739999771118164,10.770000457763672,10.680000305175781,10.710000038146973,57056,0.0,0.0
2023-10-17 09:30:00-04:00,10.710000038146973,11.380000114440918,10.710000038146973,11.329999923706055,81656,0.0,0.0
2023-10-17 10:30:00-04:00,11.329999923706055,11.449999809265137,11.220000267028809,11.345000267028809,51512,0.0,0.0
2023-10-17 11:30:00-04:00,11.319999694824219,11.640000343322754,11.319999694824219,11.569999694824219,36608,0.0,0.0
2023-10-17 12:30:00-04:00,11.579999923706055,11.645000457763672,11.5,11.510000228881836,43237,0.0,0.0
2023-10-17 13:30:00-04:00,11.510000228881836,11.510000228881836,11.329999923706055,11.390000343322754,45798,0.0,0.0
2023-10-17 14:30:00-04:00,11.380000114440918,11.550000190734863,11.3100004196167,11.5,40646,0.0,0.0
2023-10-17 15:30:00-04:00,11.5,11.5,11.390000343322754,11.40999984741211,56474,0.0,0.0
2023-10-18 09:30:00-04:00,11.270000457763672,11.34000015258789,10.928400039672852,11.335000038146973,34848,0.0,0.0
2023-10-18 10:30:00-04:00,11.359999656677246,11.419699668884277,11.170000076293945,11.404999732971191,31949,0.0,0.0
2023-10-18 11:30:00-04:00,11.420000076293945,11.420000076293945,11.170000076293945,11.25,23973,0.0,0.0
2023-10-18 12:30:00-04:00,11.270000457763672,11.279999732971191,11.180000305175781,11.229999542236328,25753,0.0,0.0
2023-10-18 13:30:00-04:00,11.229999542236328,11.279999732971191,11.130000114440918,11.229999542236328,27098,0.0,0.0
2023-10-18 14:30:00-04:00,11.237500190734863,11.270000457763672,11.164999961853027,11.1850004196167,28299,0.0,0.0
2023-10-18 15:30:00-04:00,11.1850004196167,11.329999923706055,11.149999618530273,11.199999809265137,69104,0.0,0.0
2023-10-19 09:30:00-04:00,11.220000267028809,11.3100004196167,10.880000114440918,11.029999732971191,29495,0.0,0.0
2023-10-19 10:30:00-04:00,11.043000221252441,11.149999618530273,10.789999961853027,10.90999984741211,53644,0.0,0.0
2023-10-19 11:30:00-04:00,10.960000038146973,11.069999694824219,10.930000305175781,11.069999694824219,16288,0.0,0.0
2023-10-19 12:30:00-04:00,10.90999984741211,11.0,10.869999885559082,10.949999809265137,15679,0.0,0.0
2023-10-19 13:30:00-04:00,10.9399995803833,11.010000228881836,10.859999656677246,10.979999542236328,16290,0.0,0.0
2023-10-19 14:30:00-04:00,10.970000267028809,11.149999618530273,10.970000267028809,11.024999618530273,28319,0.0,0.0
2023-10-19 15:30:00-04:00,11.029999732971191,11.079999923706055,10.949999809265137,10.989999771118164,73662,0.0,0.0
2023-10-20 09:30:00-04:00,11.029999732971191,11.260000228881836,10.850000381469727,11.020000457763672,24305,0.0,0.0
2023-10-20 10:30:00-04:00,11.050000190734863,11.100000381469727,10.899999618530273,11.039999961853027,32569,0.0,0.0
2023-10-20 11:30:00-04:00,11.020000457763672,11.119999885559082,11.020000457763672,11.029999732971191,33082,0.0,0.0
2023-10-20 12:30:00-04:00,11.029999732971191,11.109999656677246,10.994999885559082,11.0,34787,0.0,0.0
2023-10-20 13:30:00-04:00,11.020000457763672,11.079999923706055,10.989999771118164,11.0,34682,0.0,0.0
2023-10-20 14:30:00-04:00,11.020000457763672,11.079999923706055,10.859999656677246,10.875,46619,0.0,0.0
2023-10-20 15:30:00-04:00,10.890000343322754,10.90999984741211,10.760000228881836,10.850000381469727,67734,0.0,0.0
2023-10-23 09:30:00-04:00,10.720000267028809,10.949999809265137,10.569999694824219,10.699999809265137,20545,0.0,0.0
2023-10-23 10:30:00-04:00,10.6899995803833,10.970000267028809,10.65999984741211,10.960000038146973,26505,0.0,0.0
2023-10-23 11:30:00-04:00,10.960000038146973,11.020000457763672,10.859999656677246,10.914999961853027,24393,0.0,0.0
2023-10-23 12:30:00-04:00,10.90999984741211,11.029999732971191,10.880000114440918,10.914999961853027,31417,0.0,0.0
2023-10-23 13:30:00-04:00,10.890000343322754,11.010000228881836,10.845000267028809,10.880000114440918,38179,0.0,0.0
2023-10-23 14:30:00-04:00,10.875,10.875,10.710000038146973,10.710000038146973,41964,0.0,0.0
2023-10-23 15:30:00-04:00,10.710000038146973,10.729999542236328,10.529999732971191,10.539999961853027,91843,0.0,0.0
2023-10-24 09:30:00-04:00,10.520000457763672,10.899999618530273,10.492500305175781,10.899999618530273,46996,0.0,0.0
2023-10-24 10:30:00-04:00,10.897000312805176,11.0600004196167,10.897000312805176,10.930000305175781,24865,0.0,0.0
2023-10-24 11:30:00-04:00,10.90999984741211,11.055000305175781,10.90999984741211,10.930000305175781,24962,0.0,0.0
2023-10-24 12:30:00-04:00,10.960000038146973,11.039999961853027,10.899999618530273,11.020000457763672,29136,0.0,0.0
2023-10-24 13:30:00-04:00,11.010000228881836,11.09000015258789,10.970000267028809,11.069999694824219,23352,0.0,0.0
2023-10-24 14:30:00-04:00,11.055000305175781,11.0600004196167,10.880000114440918,10.904999732971191,27700,0.0,0.0
2023-10-24 15:30:00-04:00,10.920000076293945,11.0600004196167,10.90999984741211,11.029999732971191,71533,0.0,0.0
2023-10-25 09:30:00-04:00,10.850000381469727,10.859999656677246,10.595000267028809,10.65999984741211,9717,0.0,0.0
2023-10-25 10:30:00-04:00,10.619999885559082,10.84000015258789,10.550000190734863,10.760000228881836,16115,0.0,0.0
2023-10-25 11:30:00-04:00,10.720000267028809,10.885000228881836,10.699999809265137,10.829999923706055,17856,0.0,0.0
2023-10-25 12:30:00-04:00,10.819999694824219,10.829999923706055,10.680999755859375,10.704999923706055,15256,0.0,0.0
2023-10-25 13:30:00-04:00,10.704999923706055,10.770000457763672,10.65999984741211,10.760000228881836,16140,0.0,0.0
2023-10-25 14:30:00-04:00,10.75100040435791,10.800000190734863,10.664999961853027,10.664999961853027,21673,0.0,0.0
2023-10-25 15:30:00-04:00,10.670000076293945,10.739999771118164,10.65999984741211,10.729999542236328,68581,0.0,0.0
2023-10-26 09:30:00-04:00,10.670000076293945,11.010000228881836,10.569999694824219,10.994999885559082,19236,0.0,0.0
2023-10-26 10:30:00-04:00,10.9399995803833,11.270000457763672,10.9399995803833,11.15999984741211,20850,0.0,0.0
2023-10-26 11:30:00-04:00,11.130000114440918,11.279999732971191,11.125,11.199999809265137,24518,0.0,0.0
2023-10-26 12:30:00-04:00,11.199999809265137,11.329999923706055,11.180000305175781,11.229999542236328,21067,0.0,0.0
2023-10-26 13:30:00-04:00,11.199999809265137,11.28499984741211,11.119999885559082,11.130000114440918,22251,0.0,0.0
2023-10-26 14:30:00-04:00,11.136899948120117,11.300000190734863,11.119999885559082,11.199999809265137,31931,0.0,0.0
2023-10-26 15:30:00-04:00,11.170000076293945,11.220000267028809,11.010000228881836,11.170000076293945,91611,0.0,0.0
2023-10-27 09:30:00-04:00,11.289999961853027,11.40999984741211,10.930000305175781,11.109999656677246,29645,0.0,0.0
2023-10-27 10:30:00-04:00,11.071000099182129,11.239999771118164,10.970000267028809,11.199999809265137,17590,0.0,0.0
2023-10-27 11:30:00-04:00,11.140000343322754,11.140000343322754,10.994999885559082,11.020000457763672,9829,0.0,0.0
2023-10-27 12:30:00-04:00,11.029999732971191,11.09000015258789,11.010000228881836,11.015000343322754,10370,0.0,0.0
2023-10-27 13:30:00-04:00,11.010000228881836,11.069999694824219,10.979999542236328,10.99470043182373,17370,0.0,0.0
2023-10-27 14:30:00-04:00,10.984999656677246,11.109999656677246,10.984999656677246,11.045000076293945,17661,0.0,0.0
2023-10-27 15:30:00-04:00,11.045000076293945,11.0600004196167,10.890000343322754,10.979999542236328,63688,0.0,0.0
2023-10-30 09:30:00-04:00,10.9399995803833,11.654999732971191,10.9399995803833,11.350000381469727,56027,0.0,0.0
2023-10-30 10:30:00-04:00,11.284000396728516,11.765000343322754,11.15999984741211,11.765000343322754,55856,0.0,0.0
2023-10-30 11:30:00-04:00,11.729999542236328,11.84000015258789,11.449999809265137,11.449999809265137,93341,0.0,0.0
2023-10-30 12:30:00-04:00,11.454000473022461,11.470000267028809,11.279999732971191,11.385000228881836,37261,0.0,0.0
2023-10-30 13:30:00-04:00,11.399999618530273,11.484999656677246,11.300000190734863,11.34000015258789,37288,0.0,0.0
2023-10-30 14:30:00-04:00,11.329999923706055,11.375,11.149999618530273,11.170000076293945,43876,0.0,0.0
2023-10-30 15:30:00-04:00,11.149999618530273,11.149999618530273,10.930000305175781,11.0600004196167,55574,0.0,0.0
2023-10-31 09:30:00-04:00,10.25,10.75,9.140000343322754,9.5600004196167,130190,0.0,0.0
2023-10-31 10:30:00-04:00,9.529999732971191,9.609999656677246,9.399999618530273,9.550000190734863,106314,0.0,0.0
2023-10-31 11:30:00-04:00,9.524999618530273,10.135000228881836,9.449999809265137,10.024999618530273,100984,0.0,0.0
2023-10-31 12:30:00-04:00,10.010000228881836,10.199999809265137,9.970000267028809,10.145000457763672,54786,0.0,0.0
2023-10-31 13:30:00-04:00,10.149999618530273,10.270000457763672,9.975000381469727,9.975000381469727,65265,0.0,0.0
2023-10-31 14:30:00-04:00,9.975000381469727,10.289999961853027,9.975000381469727,10.274999618530273,76717,0.0,0.0
2023-10-31 15:30:00-04:00,10.274999618530273,10.289999961853027,10.110099792480469,10.220000267028809,106910,0.0,0.0
2023-11-01 09:30:00-04:00,10.300000190734863,10.300000190734863,10.0,10.140000343322754,36862,0.0,0.0
2023-11-01 10:30:00-04:00,10.147199630737305,10.25,10.010000228881836,10.024999618530273,50142,0.0,0.0
2023-11-01 11:30:00-04:00,10.029999732971191,10.119999885559082,9.914999961853027,10.0,29435,0.0,0.0
2023-11-01 12:30:00-04:00,10.001199722290039,10.029999732971191,9.810099601745605,9.920999526977539,55232,0.0,0.0
2023-11-01 13:30:00-04:00,9.920999526977539,10.180000305175781,9.920999526977539,10.180000305175781,37650,0.0,0.0
2023-11-01 14:30:00-04:00,10.220000267028809,10.369999885559082,10.039999961853027,10.369999885559082,49173,0.0,0.0
2023-11-01 15:30:00-04:00,10.350000381469727,10.460000038146973,10.279999732971191,10.4399995803833,108286,0.0,0.0
2023-11-02 09:30:00-04:00,10.630000114440918,11.09000015258789,10.399999618530273,11.015000343322754,63611,0.0,0.0
2023-11-02 10:30:00-04:00,11.0,11.270000457763672,10.975000381469727,11.010000228881836,58603,0.0,0.0
2023-11-02 11:30:00-04:00,11.0,11.050000190734863,10.460000038146973,10.510000228881836,69770,0.0,0.0
2023-11-02 12:30:00-04:00,10.515000343322754,10.515000343322754,10.119999885559082,10.140000343322754,51581,0.0,0.0
2023-11-02 13:30:00-04:00,10.140000343322754,10.170000076293945,9.9350004196167,9.9399995803833,31325,0.0,0.0
2023-11-02 14:30:00-04:00,9.920000076293945,9.989999771118164,9.8100004196167,9.944999694824219,52743,0.0,0.0
2023-11-02 15:30:00-04:00,9.930000305175781,10.140000343322754,9.90999984741211,10.039999961853027,69713,0.0,0.0
2023-11-03 09:30:00-04:00,10.369999885559082,10.494999885559082,10.119999885559082,10.359999656677246,36354,0.0,0.0
2023-11-03 10:30:00-04:00,10.359999656677246,10.524999618530273,10.25,10.369999885559082,33187,0.0,0.0
2023-11-03 11:30:00-04:00,10.369999885559082,10.460000038146973,10.149999618530273,10.220000267028809,34765,0.0,0.0
2023-11-03 12:30:00-04:00,10.17199993133545,10.380000114440918,10.069999694824219,10.220000267028809,40458,0.0,0.0
2023-11-03 13:30:00-04:00,10.199999809265137,10.350000381469727,10.170000076293945,10.180000305175781,43354,0.0,0.0
2023-11-03 14:30:00-04:00,10.15999984741211,10.199999809265137,10.010000228881836,10.170000076293945,61856,0.0,0.0
2023-11-03 15:30:00-04:00,10.145000457763672,10.210000038146973,10.069999694824219,10.069999694824219,116707,0.0,0.0
2023-11-06 09:30:00-05:00,10.100000381469727,10.125,9.688199996948242,9.688199996948242,46228,0.0,0.0
2023-11-06 10:30:00-05:00,9.704999923706055,9.800000190734863,9.550000190734863,9.770000457763672,42054,0.0,0.0
2023-11-06 11:30:00-05:00,9.779999732971191,9.800000190734863,9.399999618530273,9.499899864196777,47921,0.0,0.0
2023-11-06 12:30:00-05:00,9.5,9.5600004196167,9.380000114440918,9.430000305175781,78023,0.0,0.0
2023-11-06 13:30:00-05:00,9.4399995803833,9.529999732971191,9.34000015258789,9.369999885559082,37497,0.0,0.0
2023-11-06 14:30:00-05:00,9.369999885559082,9.449999809265137,9.300000190734863,9.364999771118164,54716,0.0,0.0
2023-11-06 15:30:00-05:00,9.364999771118164,9.364999771118164,9.100000381469727,9.270000457763672,170306,0.0,0.0
2023-11-07 09:30:00-05:00,9.420000076293945,9.8100004196167,9.25,9.529999732971191,25578,0.0,0.0
2023-11-07 10:30:00-05:00,9.53499984741211,9.654999732971191,9.460000038146973,9.654999732971191,94203,0.0,0.0
2023-11-07 11:30:00-05:00,9.729999542236328,9.739999771118164,9.460000038146973,9.470000267028809,29551,0.0,0.0
2023-11-07 12:30:00-05:00,9.460000038146973,9.625,9.460000038146973,9.539999961853027,57382,0.0,0.0
2023-11-07 13:30:00-05:00,9.520000457763672,9.53499984741211,9.470000267028809,9.520000457763672,39207,0.0,0.0
2023-11-07 14:30:00-05:00,9.510000228881836,9.539999961853027,9.449999809265137,9.5,57263,0.0,0.0
2023-11-07 15:30:00-05:00,9.5,9.510000228881836,9.289999961853027,9.319999694824219,171090,0.0,0.0
2023-11-08 09:30:00-05:00,9.430000305175781,9.430000305175781,8.954999923706055,8.954999923706055,41412,0.0,0.0
2023-11-08 10:30:00-05:00,8.949999809265137,9.029899597167969,8.859999656677246,8.970000267028809,34720,0.0,0.0
2023-11-08 11:30:00-05:00,8.949999809265137,8.979999542236328,8.75,8.850000381469727,34422,0.0,0.0
2023-11-08 12:30:00-05:00,8.84000015258789,9.0,8.800000190734863,8.960000038146973,30404,0.0,0.0
2023-11-08 13:30:00-05:00,8.960000038146973,9.029000282287598,8.949999809265137,9.029000282287598,26859,0.0,0.0
2023-11-08 14:30:00-05:00,9.029999732971191,9.029999732971191,8.9399995803833,8.994999885559082,40951,0.0,0.0
2023-11-08 15:30:00-05:00,9.010000228881836,9.119999885559082,8.930000305175781,9.069999694824219,90877,0.0,0.0
2023-11-09 09:30:00-05:00,9.149999618530273,9.32800006866455,8.930000305175781,8.989999771118164,62586,0.0,0.0
2023-11-09 10:30:00-05:00,8.982000350952148,8.982000350952148,8.649999618530273,8.9399995803833,34584,0.0,0.0
2023-11-09 11:30:00-05:00,8.949999809265137,8.949999809265137,8.800000190734863,8.859999656677246,28912,0.0,0.0
2023-11-09 12:30:00-05:00,8.850000381469727,8.904999732971191,8.800000190734863,8.829999923706055,18926,0.0,0.0
2023-11-09 13:30:00-05:00,8.848999977111816,8.899999618530273,8.755000114440918,8.779999732971191,25737,0.0,0.0
2023-11-09 14:30:00-05:00,8.789999961853027,8.789999961853027,8.569999694824219,8.619999885559082,39068,0.0,0.0
2023-11-09 15:30:00-05:00,8.640000343322754,8.6899995803833,8.579999923706055,8.619999885559082,83421,0.0,0.0
2023-11-10 09:30:00-05:00,8.59000015258789,8.65999984741211,8.1850004196167,8.260000228881836,39152,0.0,0.0
2023-11-10 10:30:00-05:00,8.300000190734863,8.399999618530273,8.199999809265137,8.354999542236328,47753,0.0,0.0
2023-11-10 11:30:00-05:00,8.329999923706055,8.5,8.300000190734863,8.460000038146973,35503,0.0,0.0
2023-11-10 12:30:00-05:00,8.460000038146973,8.585000038146973,8.460000038146973,8.520000457763672,43672,0.0,0.0
2023-11-10 13:30:00-05:00,8.510000228881836,8.5649995803833,8.470000267028809,8.545000076293945,29278,0.0,0.0
2023-11-10 14:30:00-05:00,8.545000076293945,8.649999618530273,8.484999656677246,8.529999732971191,32599,0.0,0.0
2023-11-10 15:30:00-05:00,8.529999732971191,8.579999923706055,8.470000267028809,8.470000267028809,68857,0.0,0.0
2023-11-13 09:30:00-05:00,8.390000343322754,8.449999809265137,8.125,8.229999542236328,21607,0.0,0.0
2023-11-13 10:30:00-05:00,8.199999809265137,8.34000015258789,8.199999809265137,8.244999885559082,36323,0.0,0.0
2023-11-13 11:30:00-05:00,8.25,8.300000190734863,8.135000228881836,8.164999961853027,20395,0.0,0.0
2023-11-13 12:30:00-05:00,8.140000343322754,8.210000038146973,8.140000343322754,8.180000305175781,13377,0.0,0.0
2023-11-13 13:30:00-05:00,8.180000305175781,8.260000228881836,8.170000076293945,8.25,18452,0.0,0.0
2023-11-13 14:30:00-05:00,8.239999771118164,8.3100004196167,8.220000267028809,8.239999771118164,37826,0.0,0.0
2023-11-13 15:30:00-05:00,8.248000144958496,8.380000114440918,8.229999542236328,8.369999885559082,66226,0.0,0.0
2023-11-14 09:30:00-05:00,8.630000114440918,9.229999542236328,8.510000228881836,8.640000343322754,56136,0.0,0.0
2023-11-14 10:30:00-05:00,8.59000015258789,8.670000076293945,8.510000228881836,8.670000076293945,55611,0.0,0.0
2023-11-14 11:30:00-05:00,8.6899995803833,8.789999961853027,8.59000015258789,8.670000076293945,41624,0.0,0.0
2023-11-14 12:30:00-05:00,8.675000190734863,8.720000267028809,8.619999885559082,8.675000190734863,33953,0.0,0.0
2023-11-14 13:30:00-05:00,8.65999984741211,8.744999885559082,8.630000114440918,8.649999618530273,31949,0.0,0.0
2023-11-14 14:30:00-05:00,8.649999618530273,8.829999923706055,8.630000114440918,8.8100004196167,42627,0.0,0.0
2023-11-14 15:30:00-05:00,8.829999923706055,8.930000305175781,8.8100004196167,8.890000343322754,93190,0.0,0.0
2023-11-15 09:30:00-05:00,8.8100004196167,9.585000038146973,8.8100004196167,9.529999732971191,73511,0.0,0.0
2023-11-15 10:30:00-05:00,9.520000457763672,10.039999961853027,9.520000457763672,10.010000228881836,77818,0.0,0.0
2023-11-15 11:30:00-05:00,10.029999732971191,10.270000457763672,9.920000076293945,9.979999542236328,69626,0.0,0.0
2023-11-15 12:30:00-05:00,9.979999542236328,10.010000228881836,9.470000267028809,9.539999961853027,76473,0.0,0.0
2023-11-15 13:30:00-05:00,9.550000190734863,9.600000381469727,9.380000114440918,9.4399995803833,54638,0.0,0.0
2023-11-15 14:30:00-05:00,9.444999694824219,9.5,9.369999885559082,9.460000038146973,46588,0.0,0.0
2023-11-15 15:30:00-05:00,9.460000038146973,9.550000190734863,9.289999961853027,9.289999961853027,85798,0.0,0.0
2023-11-16 09:30:00-05:00,9.300000190734863,9.944999694824219,9.100000381469727,9.210000038146973,51680,0.0,0.0
2023-11-16 10:30:00-05:00,9.170000076293945,9.239999771118164,8.9399995803833,9.15999984741211,26171,0.0,0.0
2023-11-16 11:30:00-05:00,9.180000305175781,9.260000228881836,9.029999732971191,9.069999694824219,17428,0.0,0.0
2023-11-16 12:30:00-05:00,9.079999923706055,9.28499984741211,9.039999961853027,9.239999771118164,21865,0.0,0.0
2023-11-16 13:30:00-05:00,9.225000381469727,9.239999771118164,9.119999885559082,9.180000305175781,37805,0.0,0.0
2023-11-16 14:30:00-05:00,9.1850004196167,9.369999885559082,9.175000190734863,9.220000267028809,43569,0.0,0.0
2023-11-16 15:30:00-05:00,9.225000381469727,9.329999923706055,9.210000038146973,9.329999923706055,73668,0.0,0.0
2023-11-17 09:30:00-05:00,9.390000343322754,10.399999618530273,9.3100004196167,10.300000190734863,153580,0.0,0.0
2023-11-17 10:30:00-05:00,10.300000190734863,10.420000076293945,10.119999885559082,10.399999618530273,57677,0.0,0.0
2023-11-17 11:30:00-05:00,10.390000343322754,10.806300163269043,10.390000343322754,10.725000381469727,82961,0.0,0.0
2023-11-17 12:30:00-05:00,10.699999809265137,10.899999618530273,10.470000267028809,10.47819995880127,85173,0.0,0.0
2023-11-17 13:30:00-05:00,10.489999771118164,10.550000190734863,10.210000038146973,10.510000228881836,64104,0.0,0.0
2023-11-17 14:30:00-05:00,10.489999771118164,10.640000343322754,10.420000076293945,10.609999656677246,75591,0.0,0.0
2023-11-17 15:30:00-05:00,10.579999923706055,10.59000015258789,10.270000457763672,10.369999885559082,117637,0.0,0.0
2023-11-20 09:30:00-05:00,10.350000381469727,11.029999732971191,10.229999542236328,10.760000228881836,63828,0.0,0.0
2023-11-20 10:30:00-05:00,10.789999961853027,11.0,10.630000114440918,10.630000114440918,48940,0.0,0.0
2023-11-20 11:30:00-05:00,10.579999923706055,10.85099983215332,10.550000190734863,10.680000305175781,48663,0.0,0.0
2023-11-20 12:30:00-05:00,10.710000038146973,10.739999771118164,10.579999923706055,10.585000038146973,20219,0.0,0.0
2023-11-20 13:30:00-05:00,10.569999694824219,10.569999694824219,10.4399995803833,10.489999771118164,19931,0.0,0.0
2023-11-20 14:30:00-05:00,10.475000381469727,10.510000228881836,10.329999923706055,10.359999656677246,31180,0.0,0.0
2023-11-20 15:30:00-05:00,10.369999885559082,10.380000114440918,10.220000267028809,10.3100004196167,70806,0.0,0.0
2023-11-21 09:30:00-05:00,10.140000343322754,10.219799995422363,9.645000457763672,10.0,37666,0.0,0.0
2023-11-21 10:30:00-05:00,10.050000190734863,10.130000114440918,9.90999984741211,10.0,37506,0.0,0.0
2023-11-21 11:30:00-05:00,9.989999771118164,10.0649995803833,9.9399995803833,10.0,27429,0.0,0.0
2023-11-21 12:30:00-05:00,10.0,10.0600004196167,9.920000076293945,9.920000076293945,21401,0.0,0.0
2023-11-21 13:30:00-05:00,9.920000076293945,10.015000343322754,9.920000076293945,10.005000114440918,20162,0.0,0.0
2023-11-21 14:30:00-05:00,10.010000228881836,10.1899995803833,9.979999542236328,10.114999771118164,30316,0.0,0.0
2023-11-21 15:30:00-05:00,10.119999885559082,10.130000114440918,9.90999984741211,9.920000076293945,83410,0.0,0.0
2023-11-22 09:30:00-05:00,9.960000038146973,10.132599830627441,9.800000190734863,9.8100004196167,24462,0.0,0.0
2023-11-22 10:30:00-05:00,9.864999771118164,9.979999542236328,9.760000228881836,9.789999961853027,42739,0.0,0.0
2023-11-22 11:30:00-05:00,9.824999809265137,9.875,9.760000228881836,9.800000190734863,18401,0.0,0.0
2023-11-22 12:30:00-05:00,9.795000076293945,10.220000267028809,9.779999732971191,10.220000267028809,59178,0.0,0.0
2023-11-22 13:30:00-05:00,10.229999542236328,10.3100004196167,10.140000343322754,10.289999961853027,29582,0.0,0.0
2023-11-22 14:30:00-05:00,10.279999732971191,10.279999732971191,10.020000457763672,10.029999732971191,37226,0.0,0.0
2023-11-22 15:30:00-05:00,10.029999732971191,10.140000343322754,10.0,10.029999732971191,68736,0.0,0.0
2023-11-24 09:30:00-05:00,9.989999771118164,10.3149995803833,9.960000038146973,10.15999984741211,18989,0.0,0.0
2023-11-24 10:30:00-05:00,10.170000076293945,10.329999923706055,10.109999656677246,10.239999771118164,24724,0.0,0.0
2023-11-24 11:30:00-05:00,10.21500015258789,10.369999885559082,10.119999885559082,10.369999885559082,24224,0.0,0.0
2023-11-27 09:30:00-05:00,10.369999885559082,10.449999809265137,9.819999694824219,9.899999618530273,36480,0.0,0.0
2023-11-27 10:30:00-05:00,9.890000343322754,9.949999809265137,9.819999694824219,9.899999618530273,34427,0.0,0.0
2023-11-27 11:30:00-05:00,9.899999618530273,10.069999694824219,9.885000228881836,10.069999694824219,31705,0.0,0.0
2023-11-27 12:30:00-05:00,10.069999694824219,10.140000343322754,9.899999618530273,9.899999618530273,31743,0.0,0.0
2023-11-27 13:30:00-05:00,9.930000305175781,10.270000457763672,9.869999885559082,10.119999885559082,51751,0.0,0.0
2023-11-27 14:30:00-05:00,10.100000381469727,10.170000076293945,9.899999618530273,9.949999809265137,53993,0.0,0.0
2023-11-27 15:30:00-05:00,9.949999809265137,10.010000228881836,9.869999885559082,9.970000267028809,98962,0.0,0.0
2023-11-28 09:30:00-05:00,9.90999984741211,9.9399995803833,9.545000076293945,9.704999923706055,32366,0.0,0.0
2023-11-28 10:30:00-05:00,9.729999542236328,9.90999984741211,9.6899995803833,9.8100004196167,21568,0.0,0.0
2023-11-28 11:30:00-05:00,9.800000190734863,9.90999984741211,9.670000076293945,9.789999961853027,32096,0.0,0.0
2023-11-28 12:30:00-05:00,9.75,9.774999618530273,9.65999984741211,9.6899995803833,18212,0.0,0.0
2023-11-28 13:30:00-05:00,9.65999984741211,9.960000038146973,9.585000038146973,9.9399995803833,46683,0.0,0.0
2023-11-28 14:30:00-05:00,9.920000076293945,10.032500267028809,9.899999618530273,9.979999542236328,23421,0.0,0.0
2023-11-28 15:30:00-05:00,9.979999542236328,10.010000228881836,9.880000114440918,9.940999984741211,44846,0.0,0.0
2023-11-29 09:30:00-05:00,12.119999885559082,14.278599739074707,11.680000305175781,14.09179973602295,1853790,0.0,0.0
2023-11-29 10:30:00-05:00,14.114999771118164,14.869999885559082,13.949999809265137,14.5,999362,0.0,0.0
2023-11-29 11:30:00-05:00,14.461000442504883,15.295000076293945,14.170000076293945,14.569999694824219,709636,0.0,0.0
2023-11-29 12:30:00-05:00,14.619999885559082,15.0600004196167,14.319999694824219,14.520000457763672,322066,0.0,0.0
2023-11-29 13:30:00-05:00,14.479999542236328,15.140000343322754,14.460000038146973,15.0600004196167,242825,0.0,0.0
2023-11-29 14:30:00-05:00,15.039999961853027,15.079999923706055,13.743499755859375,13.779999732971191,392628,0.0,0.0
2023-11-29 15:30:00-05:00,13.789999961853027,13.819999694824219,12.729999542236328,12.739999771118164,766075,0.0,0.0
2023-11-30 09:30:00-05:00,13.760000228881836,14.300000190734863,12.569999694824219,14.25570011138916,1149004,0.0,0.0
2023-11-30 10:30:00-05:00,14.3100004196167,14.869999885559082,14.130000114440918,14.260000228881836,529236,0.0,0.0
2023-11-30 11:30:00-05:00,14.265000343322754,14.289999961853027,13.630000114440918,13.949999809265137,260968,0.0,0.0
2023-11-30 12:30:00-05:00,13.9350004196167,14.670000076293945,13.859999656677246,14.569999694824219,182594,0.0,0.0
2023-11-30 13:30:00-05:00,14.569999694824219,15.199999809265137,14.538800239562988,14.8149995803833,394760,0.0,0.0
2023-11-30 14:30:00-05:00,14.84000015258789,15.199999809265137,14.760000228881836,15.029999732971191,373624,0.0,0.0
2023-11-30 15:30:00-05:00,15.029999732971191,15.180000305175781,14.843000411987305,15.0600004196167,341269,0.0,0.0
2023-12-01 09:30:00-05:00,15.510000228881836,15.8100004196167,14.09000015258789,14.16349983215332,534565,0.0,0.0
2023-12-01 10:30:00-05:00,14.229999542236328,15.989399909973145,14.149999618530273,15.800000190734863,375036,0.0,0.0
2023-12-01 11:30:00-05:00,15.845800399780273,16.780000686645508,15.770000457763672,16.604299545288086,461031,0.0,0.0
2023-12-01 12:30:00-05:00,16.604999542236328,17.0,16.389999389648438,16.395000457763672,305232,0.0,0.0
2023-12-01 13:30:00-05:00,16.405000686645508,17.0,16.389999389648438,16.707799911499023,266995,0.0,0.0
2023-12-01 14:30:00-05:00,16.709999084472656,17.18000030517578,16.510000228881836,17.079999923706055,326386,0.0,0.0
2023-12-01 15:30:00-05:00,17.049999237060547,17.079999923706055,16.549999237060547,16.739999771118164,330337,0.0,0.0
2023-12-04 09:30:00-05:00,16.959999084472656,20.18000030517578,16.950000762939453,19.93000030517578,922163,0.0,0.0
2023-12-04 10:30:00-05:00,19.895000457763672,22.260000228881836,19.829999923706055,22.260000228881836,847690,0.0,0.0
2023-12-04 11:30:00-05:00,22.15999984741211,22.259899139404297,20.950000762939453,21.770000457763672,493244,0.0,0.0
2023-12-04 12:30:00-05:00,21.829999923706055,22.5,21.760000228881836,22.25,318793,0.0,0.0
2023-12-04 13:30:00-05:00,22.25,22.739999771118164,21.8799991607666,22.334999084472656,263048,0.0,0.0
2023-12-04 14:30:00-05:00,22.3799991607666,22.579999923706055,20.559999465942383,20.655000686645508,380124,0.0,0.0
2023-12-04 15:30:00-05:00,20.68000030517578,20.886999130249023,19.770000457763672,19.829999923706055,522777,0.0,0.0
2023-12-05 09:30:00-05:00,20.940000534057617,21.56999969482422,19.06999969482422,20.06999969482422,682638,0.0,0.0
2023-12-05 10:30:00-05:00,20.073400497436523,20.790000915527344,19.5,20.17009925842285,307445,0.0,0.0
2023-12-05 11:30:00-05:00,20.280000686645508,20.540000915527344,19.540000915527344,19.770000457763672,178917,0.0,0.0
2023-12-05 12:30:00-05:00,19.760000228881836,20.270000457763672,19.760000228881836,19.9950008392334,152425,0.0,0.0
2023-12-05 13:30:00-05:00,19.9950008392334,20.222000122070312,19.329999923706055,19.38159942626953,192584,0.0,0.0
2023-12-05 14:30:00-05:00,19.43000030517578,19.559999465942383,18.65999984741211,18.770000457763672,261305,0.0,0.0
2023-12-05 15:30:00-05:00,18.725000381469727,19.010000228881836,17.899999618530273,18.920000076293945,563996,0.0,0.0
2023-12-06 09:30:00-05:00,19.100000381469727,20.219999313354492,18.579999923706055,19.06999969482422,366382,0.0,0.0
2023-12-06 10:30:00-05:00,19.079999923706055,19.610000610351562,19.030000686645508,19.399999618530273,119780,0.0,0.0
2023-12-06 11:30:00-05:00,19.479999542236328,19.75,19.190000534057617,19.440000534057617,123322,0.0,0.0
2023-12-06 12:30:00-05:00,19.440000534057617,19.5,19.020000457763672,19.079999923706055,50093,0.0,0.0
2023-12-06 13:30:00-05:00,19.040000915527344,19.18000030517578,18.65999984741211,18.825000762939453,113023,0.0,0.0
2023-12-06 14:30:00-05:00,18.78499984741211,19.25,18.350000381469727,18.549999237060547,183776,0.0,0.0
2023-12-06 15:30:00-05:00,18.520000457763672,18.59000015258789,18.290000915527344,18.459999084472656,209101,0.0,0.0
2023-12-07 09:30:00-05:00,18.450000762939453,20.459999084472656,17.600000381469727,20.17889976501465,868371,0.0,0.0
2023-12-07 10:30:00-05:00,20.06999969482422,20.399999618530273,19.43000030517578,20.049999237060547,318839,0.0,0.0
2023-12-07 11:30:00-05:00,20.114999771118164,20.1299991607666,18.239999771118164,18.579999923706055,330139,0.0,0.0
2023-12-07 12:30:00-05:00,18.640100479125977,18.649999618530273,18.06999969482422,18.53499984741211,236415,0.0,0.0
2023-12-07 13:30:00-05:00,18.53499984741211,18.53499984741211,16.09000015258789,16.198200225830078,664081,0.0,0.0
2023-12-07 14:30:00-05:00,16.19849967956543,16.600000381469727,15.765000343322754,16.114999771118164,519610,0.0,0.0
2023-12-07 15:30:00-05:00,16.114999771118164,16.114999771118164,14.619999885559082,15.026200294494629,679485,0.0,0.0
2023-12-08 09:30:00-05:00,15.569999694824219,15.819999694824219,10.345000267028809,11.475000381469727,2467967,0.0,0.0
2023-12-08 10:30:00-05:00,11.470000267028809,12.550000190734863,10.819999694824219,12.020000457763672,982809,0.0,0.0
2023-12-08 11:30:00-05:00,12.049400329589844,13.069999694824219,11.979999542236328,12.930000305175781,463073,0.0,0.0
2023-12-08 12:30:00-05:00,12.880000114440918,13.849900245666504,12.800000190734863,13.739999771118164,342739,0.0,0.0
2023-12-08 13:30:00-05:00,13.75,14.999600410461426,13.646599769592285,14.869999885559082,583998,0.0,0.0
2023-12-08 14:30:00-05:00,14.859999656677246,16.610000610351562,14.770000457763672,16.56999969482422,630628,0.0,0.0
2023-12-08 15:30:00-05:00,16.58799934387207,17.149999618530273,15.870100021362305,16.868999481201172,925841,0.0,0.0
2023-12-11 09:30:00-05:00,12.75,12.75,10.364999771118164,11.63010025024414,3311911,0.0,0.0
2023-12-11 10:30:00-05:00,11.640000343322754,12.140000343322754,11.350000381469727,12.100000381469727,963265,0.0,0.0
2023-12-11 11:30:00-05:00,12.080100059509277,12.9399995803833,11.920000076293945,12.539999961853027,1054840,0.0,0.0
2023-12-11 12:30:00-05:00,12.529999732971191,12.699999809265137,11.859999656677246,12.149999618530273,715401,0.0,0.0
2023-12-11 13:30:00-05:00,12.180000305175781,12.180000305175781,11.642499923706055,11.859999656677246,420990,0.0,0.0
2023-12-11 14:30:00-05:00,11.859999656677246,11.90999984741211,11.229999542236328,11.449999809265137,559811,0.0,0.0
2023-12-11 15:30:00-05:00,11.444999694824219,11.819999694824219,11.380000114440918,11.739999771118164,384890,0.0,0.0
2023-12-12 09:30:00-05:00,11.819999694824219,12.390000343322754,11.130000114440918,11.630000114440918,572473,0.0,0.0
2023-12-12 10:30:00-05:00,11.619999885559082,12.5,11.5600004196167,12.40999984741211,521129,0.0,0.0
2023-12-12 11:30:00-05:00,12.430000305175781,13.149999618530273,12.430000305175781,13.0,561505,0.0,0.0
2023-12-12 12:30:00-05:00,12.984999656677246,13.09000015258789,12.5,12.619999885559082,280263,0.0,0.0
2023-12-12 13:30:00-05:00,12.600000381469727,12.960000038146973,12.479999542236328,12.789899826049805,166322,0.0,0.0
2023-12-12 14:30:00-05:00,12.755000114440918,13.579999923706055,12.75,13.555500030517578,395845,0.0,0.0
2023-12-12 15:30:00-05:00,13.5600004196167,13.649900436401367,13.15999984741211,13.569999694824219,328421,0.0,0.0
2023-12-13 09:30:00-05:00,13.300000190734863,14.40999984741211,13.220000267028809,13.420000076293945,381180,0.0,0.0
2023-12-13 10:30:00-05:00,13.479000091552734,14.010000228881836,13.3100004196167,13.449999809265137,228998,0.0,0.0
2023-12-13 11:30:00-05:00,13.420000076293945,13.649999618530273,13.270000457763672,13.300000190734863,104492,0.0,0.0
2023-12-13 12:30:00-05:00,13.300000190734863,13.390000343322754,13.053999900817871,13.15999984741211,101992,0.0,0.0
2023-12-13 13:30:00-05:00,13.163200378417969,13.929100036621094,13.069999694824219,13.899999618530273,207935,0.0,0.0
2023-12-13 14:30:00-05:00,13.920000076293945,14.130000114440918,13.699999809265137,14.024800300598145,310786,0.0,0.0
2023-12-13 15:30:00-05:00,14.039999961853027,14.65999984741211,14.029999732971191,14.619999885559082,405058,0.0,0.0
2023-12-14 09:30:00-05:00,15.0,15.0,13.75,13.869999885559082,523268,0.0,0.0
2023-12-14 10:30:00-05:00,13.859999656677246,14.199999809265137,13.710599899291992,13.960000038146973,255087,0.0,0.0
2023-12-14 11:30:00-05:00,13.984999656677246,14.079999923706055,13.85319995880127,14.0,117789,0.0,0.0
2023-12-14 12:30:00-05:00,14.052200317382812,14.444999694824219,13.960000038146973,14.050000190734863,164897,0.0,0.0
2023-12-14 13:30:00-05:00,14.079999923706055,14.09000015258789,13.713000297546387,14.0,157936,0.0,0.0
2023-12-14 14:30:00-05:00,14.0,14.34000015258789,13.845000267028809,14.3149995803833,230534,0.0,0.0
2023-12-14 15:30:00-05:00,14.319999694824219,14.510000228881836,13.930000305175781,14.079999923706055,337422,0.0,0.0
2023-12-15 09:30:00-05:00,14.140000343322754,14.699999809265137,14.140000343322754,14.329999923706055,307109,0.0,0.0
2023-12-15 10:30:00-05:00,14.319999694824219,14.329999923706055,13.930000305175781,13.930000305175781,210046,0.0,0.0
2023-12-15 11:30:00-05:00,13.899999618530273,14.170000076293945,13.8100004196167,14.109999656677246,156677,0.0,0.0
2023-12-15 12:30:00-05:00,14.114999771118164,14.114999771118164,13.697199821472168,13.770000457763672,113490,0.0,0.0
2023-12-15 13:30:00-05:00,13.760000228881836,13.760000228881836,13.390000343322754,13.649999618530273,188754,0.0,0.0
2023-12-15 14:30:00-05:00,13.650500297546387,14.100000381469727,13.609999656677246,14.100000381469727,186400,0.0,0.0
2023-12-15 15:30:00-05:00,14.09119987487793,14.170000076293945,13.880000114440918,14.130000114440918,287551,0.0,0.0
2023-12-18 09:30:00-05:00,14.25,14.649999618530273,13.789999961853027,14.295000076293945,285808,0.0,0.0
2023-12-18 10:30:00-05:00,14.279999732971191,14.300000190734863,13.751399993896484,13.9443998336792,209577,0.0,0.0
2023-12-18 11:30:00-05:00,13.960000038146973,14.0600004196167,13.829999923706055,13.970000267028809,144462,0.0,0.0
2023-12-18 12:30:00-05:00,13.971699714660645,14.180000305175781,13.859999656677246,14.050000190734863,98604,0.0,0.0
2023-12-18 13:30:00-05:00,14.050000190734863,14.119999885559082,13.819999694824219,13.88539981842041,96924,0.0,0.0
2023-12-18 14:30:00-05:00,13.895000457763672,14.039999961853027,13.869999885559082,13.981599807739258,110367,0.0,0.0
2023-12-18 15:30:00-05:00,13.989999771118164,14.149999618530273,13.960000038146973,13.979999542236328,213870,0.0,0.0
2023-12-19 09:30:00-05:00,14.140000343322754,14.399999618530273,13.5600004196167,13.770000457763672,310255,0.0,0.0
2023-12-19 10:30:00-05:00,13.829999923706055,13.984999656677246,13.6850004196167,13.850000381469727,130130,0.0,0.0
2023-12-19 11:30:00-05:00,13.819999694824219,14.0,13.574999809265137,13.649999618530273,87336,0.0,0.0
2023-12-19 12:30:00-05:00,13.654999732971191,13.789999961853027,13.579999923706055,13.635000228881836,73110,0.0,0.0
2023-12-19 13:30:00-05:00,13.645000457763672,14.039999961853027,13.645000457763672,13.949999809265137,111063,0.0,0.0
2023-12-19 14:30:00-05:00,13.949999809265137,14.15999984741211,13.90999984741211,14.069999694824219,151480,0.0,0.0
2023-12-19 15:30:00-05:00,14.03499984741211,14.270000457763672,14.03499984741211,14.180000305175781,162105,0.0,0.0
2023-12-20 09:30:00-05:00,14.1899995803833,15.25,13.761300086975098,15.149999618530273,447387,0.0,0.0
2023-12-20 10:30:00-05:00,15.199999809265137,15.265000343322754,14.779999732971191,14.8996000289917,256274,0.0,0.0
2023-12-20 11:30:00-05:00,14.909600257873535,15.260000228881836,14.640000343322754,14.984999656677246,127736,0.0,0.0
2023-12-20 12:30:00-05:00,15.0,15.149999618530273,14.710000038146973,14.743900299072266,63165,0.0,0.0
2023-12-20 13:30:00-05:00,14.739999771118164,14.850000381469727,14.369999885559082,14.440299987792969,116329,0.0,0.0
2023-12-20 14:30:00-05:00,14.470000267028809,14.5,13.899999618530273,13.899999618530273,201772,0.0,0.0
2023-12-20 15:30:00-05:00,13.920000076293945,14.050000190734863,13.720000267028809,13.729999542236328,244503,0.0,0.0
2023-12-21 09:30:00-05:00,14.079999923706055,14.829999923706055,14.079999923706055,14.420000076293945,167846,0.0,0.0
2023-12-21 10:30:00-05:00,14.449999809265137,14.649999618530273,14.34000015258789,14.460000038146973,55854,0.0,0.0
2023-12-21 11:30:00-05:00,14.470000267028809,14.545000076293945,14.260000228881836,14.430000305175781,67779,0.0,0.0
2023-12-21 12:30:00-05:00,14.4399995803833,14.460000038146973,14.220000267028809,14.390000343322754,41221,0.0,0.0
2023-12-21 13:30:00-05:00,14.380000114440918,14.595000267028809,14.300000190734863,14.470000267028809,42942,0.0,0.0
2023-12-21 14:30:00-05:00,14.454999923706055,14.600000381469727,14.390000343322754,14.489999771118164,46517,0.0,0.0
2023-12-21 15:30:00-05:00,14.479999542236328,14.640000343322754,14.4399995803833,14.59000015258789,69077,0.0,0.0
2023-12-22 09:30:00-05:00,14.670000076293945,15.584600448608398,14.670000076293945,15.220000267028809,233346,0.0,0.0
2023-12-22 10:30:00-05:00,15.199999809265137,15.309599876403809,14.949999809265137,15.0600004196167,88201,0.0,0.0
2023-12-22 11:30:00-05:00,15.029999732971191,15.029999732971191,14.5600004196167,14.710000038146973,144403,0.0,0.0
2023-12-22 12:30:00-05:00,14.670000076293945,14.770000457763672,14.539999961853027,14.710000038146973,88515,0.0,0.0
2023-12-22 13:30:00-05:00,14.710000038146973,14.800000190734863,14.359999656677246,14.408100128173828,95383,0.0,0.0
2023-12-22 14:30:00-05:00,14.390000343322754,14.539999961853027,14.260000228881836,14.369999885559082,107918,0.0,0.0
2023-12-22 15:30:00-05:00,14.390000343322754,14.5,14.225000381469727,14.3100004196167,135564,0.0,0.0
2023-12-26 09:30:00-05:00,14.729999542236328,15.109999656677246,14.329999923706055,15.09000015258789,205443,0.0,0.0
2023-12-26 10:30:00-05:00,15.140000343322754,15.550000190734863,15.020000457763672,15.184000015258789,199840,0.0,0.0
2023-12-26 11:30:00-05:00,15.149999618530273,15.449999809265137,15.120100021362305,15.40999984741211,89634,0.0,0.0
2023-12-26 12:30:00-05:00,15.4399995803833,15.489999771118164,15.024999618530273,15.3100004196167,61945,0.0,0.0
2023-12-26 13:30:00-05:00,15.34000015258789,15.5600004196167,15.325699806213379,15.470000267028809,105969,0.0,0.0
2023-12-26 14:30:00-05:00,15.5,15.53600025177002,15.319999694824219,15.380000114440918,65533,0.0,0.0
2023-12-26 15:30:00-05:00,15.420000076293945,15.4399995803833,15.119999885559082,15.140000343322754,203641,0.0,0.0
2023-12-27 09:30:00-05:00,15.369999885559082,15.539899826049805,14.430000305175781,14.449999809265137,249757,0.0,0.0
2023-12-27 10:30:00-05:00,14.449999809265137,15.130000114440918,14.319999694824219,15.055000305175781,166872,0.0,0.0
2023-12-27 11:30:00-05:00,15.028900146484375,15.079999923706055,14.680000305175781,14.800000190734863,75892,0.0,0.0
2023-12-27 12:30:00-05:00,14.796299934387207,14.800000190734863,14.399999618530273,14.545000076293945,102890,0.0,0.0
2023-12-27 13:30:00-05:00,14.550000190734863,14.760000228881836,14.350000381469727,14.460000038146973,114418,0.0,0.0
2023-12-27 14:30:00-05:00,14.460000038146973,14.661600112915039,14.119999885559082,14.491000175476074,144583,0.0,0.0
2023-12-27 15:30:00-05:00,14.470000267028809,14.600000381469727,14.260000228881836,14.579999923706055,141381,0.0,0.0
2023-12-28 09:30:00-05:00,14.90999984741211,15.680000305175781,14.670000076293945,15.600000381469727,339347,0.0,0.0
2023-12-28 10:30:00-05:00,15.590100288391113,16.200000762939453,15.590100288391113,15.899999618530273,286534,0.0,0.0
2023-12-28 11:30:00-05:00,15.895000457763672,16.030000686645508,15.640000343322754,15.8100004196167,83847,0.0,0.0
2023-12-28 12:30:00-05:00,15.8100004196167,15.835000038146973,15.430000305175781,15.640000343322754,71579,0.0,0.0
2023-12-28 13:30:00-05:00,15.649999618530273,15.800000190734863,15.234999656677246,15.375,75920,0.0,0.0
2023-12-28 14:30:00-05:00,15.350000381469727,15.505000114440918,15.0,15.43970012664795,142596,0.0,0.0
2023-12-28 15:30:00-05:00,15.425000190734863,15.640000343322754,15.40999984741211,15.479999542236328,171611,0.0,0.0
2023-12-29 09:30:00-05:00,15.489999771118164,15.720000267028809,14.470000267028809,14.470000267028809,228244,0.0,0.0
2023-12-29 10:30:00-05:00,14.49269962310791,14.755000114440918,14.329999923706055,14.414999961853027,213454,0.0,0.0
2023-12-29 11:30:00-05:00,14.414999961853027,14.630000114440918,14.300000190734863,14.5600004196167,95569,0.0,0.0
2023-12-29 12:30:00-05:00,14.585000038146973,14.699999809265137,14.40999984741211,14.5600004196167,82949,0.0,0.0
2023-12-29 13:30:00-05:00,14.551199913024902,14.720000267028809,14.399999618530273,14.65999984741211,94534,0.0,0.0
2023-12-29 14:30:00-05:00,14.65999984741211,14.845000267028809,14.479999542236328,14.774999618530273,89225,0.0,0.0
2023-12-29 15:30:00-05:00,14.774999618530273,14.789999961853027,14.369999885559082,14.53499984741211,197387,0.0,0.0
2024-01-02 09:30:00-05:00,14.5,15.350000381469727,14.380000114440918,15.229999542236328,148014,0.0,0.0
2024-01-02 10:30:00-05:00,15.239999771118164,15.239999771118164,14.755000114440918,15.100000381469727,70221,0.0,0.0
2024-01-02 11:30:00-05:00,15.100000381469727,15.300000190734863,15.039999961853027,15.199999809265137,125979,0.0,0.0
2024-01-02 12:30:00-05:00,15.220000267028809,15.3100004196167,14.914999961853027,14.989999771118164,103694,0.0,0.0
2024-01-02 13:30:00-05:00,14.9399995803833,14.989999771118164,14.744999885559082,14.865699768066406,60287,0.0,0.0
2024-01-02 14:30:00-05:00,14.854999542236328,14.890000343322754,14.619999885559082,14.723099708557129,53865,0.0,0.0
2024-01-02 15:30:00-05:00,14.710000038146973,14.770000457763672,14.550000190734863,14.699999809265137,107237,0.0,0.0
2024-01-03 09:30:00-05:00,14.800000190734863,14.949999809265137,14.4399995803833,14.899999618530273,110165,0.0,0.0
2024-01-03 10:30:00-05:00,14.925000190734863,15.039999961853027,14.795000076293945,14.850000381469727,79815,0.0,0.0
2024-01-03 11:30:00-05:00,14.829999923706055,15.01449966430664,14.800000190734863,14.850000381469727,30227,0.0,0.0
2024-01-03 12:30:00-05:00,14.850000381469727,15.0600004196167,14.845000267028809,15.010000228881836,61906,0.0,0.0
2024-01-03 13:30:00-05:00,15.023099899291992,15.023099899291992,14.710000038146973,14.90999984741211,40370,0.0,0.0
2024-01-03 14:30:00-05:00,14.90999984741211,14.956000328063965,14.461000442504883,14.600000381469727,66692,0.0,0.0
2024-01-03 15:30:00-05:00,14.600000381469727,14.84000015258789,14.5,14.770000457763672,99826,0.0,0.0
2024-01-04 09:30:00-05:00,14.800000190734863,15.015000343322754,14.210000038146973,14.3100004196167,165989,0.0,0.0
2024-01-04 10:30:00-05:00,14.289999961853027,15.149900436401367,14.279999732971191,15.029999732971191,130845,0.0,0.0
2024-01-04 11:30:00-05:00,15.029999732971191,15.680000305175781,15.010000228881836,15.610400199890137,228023,0.0,0.0
2024-01-04 12:30:00-05:00,15.569999694824219,15.739999771118164,15.40999984741211,15.715999603271484,93854,0.0,0.0
2024-01-04 13:30:00-05:00,15.729999542236328,15.819999694824219,15.5600004196167,15.635000228881836,99792,0.0,0.0
2024-01-04 14:30:00-05:00,15.610099792480469,15.770000457763672,15.449999809265137,15.5600004196167,65653,0.0,0.0
2024-01-04 15:30:00-05:00,15.520000457763672,15.520000457763672,15.270000457763672,15.319999694824219,137971,0.0,0.0
2024-01-05 09:30:00-05:00,15.25,15.33590030670166,14.600000381469727,15.25,140051,0.0,0.0
2024-01-05 10:30:00-05:00,15.265000343322754,15.40999984741211,15.09000015258789,15.199999809265137,98419,0.0,0.0
2024-01-05 11:30:00-05:00,15.199999809265137,15.300000190734863,15.020000457763672,15.050000190734863,96547,0.0,0.0
2024-01-05 12:30:00-05:00,15.029999732971191,15.239999771118164,14.960000038146973,15.130000114440918,120840,0.0,0.0
2024-01-05 13:30:00-05:00,15.135000228881836,15.15999984741211,14.920000076293945,15.020000457763672,55358,0.0,0.0
2024-01-05 14:30:00-05:00,14.994999885559082,15.079999923706055,14.869999885559082,14.899999618530273,114121,0.0,0.0
2024-01-05 15:30:00-05:00,14.914999961853027,14.960000038146973,14.710000038146973,14.739999771118164,152371,0.0,0.0
2024-01-08 09:30:00-05:00,14.800000190734863,15.0,14.380000114440918,14.729999542236328,133317,0.0,0.0
2024-01-08 10:30:00-05:00,14.789999961853027,15.5600004196167,14.75,15.1899995803833,211837,0.0,0.0
2024-01-08 11:30:00-05:00,15.210000038146973,15.520000457763672,15.170000076293945,15.438300132751465,82460,0.0,0.0
2024-01-08 12:30:00-05:00,15.399999618530273,15.770000457763672,15.350000381469727,15.539999961853027,105231,0.0,0.0
2024-01-08 13:30:00-05:00,15.5600004196167,15.65999984741211,15.489999771118164,15.616900444030762,68600,0.0,0.0
2024-01-08 14:30:00-05:00,15.630000114440918,15.75,15.489999771118164,15.710000038146973,144368,0.0,0.0
2024-01-08 15:30:00-05:00,15.729999542236328,15.949999809265137,15.729999542236328,15.9399995803833,170626,0.0,0.0
2024-01-09 09:30:00-05:00,15.609999656677246,15.800100326538086,15.3100004196167,15.489999771118164,134237,0.0,0.0
2024-01-09 10:30:00-05:00,15.5,16.049999237060547,15.489999771118164,16.0,78163,0.0,0.0
2024-01-09 11:30:00-05:00,15.979999542236328,16.046600341796875,15.70009994506836,15.880000114440918,93113,0.0,0.0
2024-01-09 12:30:00-05:00,15.869999885559082,16.030000686645508,15.770000457763672,15.930000305175781,47750,0.0,0.0
2024-01-09 13:30:00-05:00,15.899999618530273,16.1299991607666,15.850000381469727,15.976799964904785,65304,0.0,0.0
2024-01-09 14:30:00-05:00,15.989999771118164,16.409900665283203,15.989999771118164,16.299999237060547,101090,0.0,0.0
2024-01-09 15:30:00-05:00,16.350000381469727,16.5,16.239999771118164,16.360000610351562,122731,0.0,0.0
2024-01-10 09:30:00-05:00,16.459999084472656,17.65999984741211,16.299999237060547,17.0049991607666,279560,0.0,0.0
2024-01-10 10:30:00-05:00,17.030000686645508,17.399999618530273,16.709999084472656,17.209999084472656,151769,0.0,0.0
2024-01-10 11:30:00-05:00,17.190000534057617,17.600000381469727,16.809999465942383,16.834999084472656,179474,0.0,0.0
2024-01-10 12:30:00-05:00,16.8085994720459,16.90999984741211,16.600000381469727,16.760000228881836,92154,0.0,0.0
2024-01-10 13:30:00-05:00,16.719999313354492,17.09000015258789,16.719999313354492,16.90999984741211,27893,0.0,0.0
2024-01-10 14:30:00-05:00,16.915000915527344,17.100000381469727,16.59000015258789,16.59000015258789,72056,0.0,0.0
2024-01-10 15:30:00-05:00,16.65999984741211,16.889999389648438,16.59000015258789,16.84000015258789,80968,0.0,0.0
2024-01-11 09:30:00-05:00,16.829999923706055,17.030000686645508,15.0600004196167,15.800000190734863,499307,0.0,0.0
2024-01-11 10:30:00-05:00,15.725000381469727,15.800000190734863,15.199999809265137,15.298299789428711,130905,0.0,0.0
2024-01-11 11:30:00-05:00,15.289999961853027,15.59000015258789,15.25,15.470000267028809,99417,0.0,0.0
2024-01-11 12:30:00-05:00,15.430000305175781,15.760000228881836,15.430000305175781,15.550000190734863,73610,0.0,0.0
2024-01-11 13:30:00-05:00,15.574399948120117,15.720000267028809,15.425000190734863,15.600000381469727,47888,0.0,0.0
2024-01-11 14:30:00-05:00,15.612899780273438,15.649999618530273,15.385000228881836,15.399999618530273,70600,0.0,0.0
2024-01-11 15:30:00-05:00,15.385000228881836,15.469900131225586,15.154999732971191,15.305000305175781,266182,0.0,0.0
2024-01-12 09:30:00-05:00,15.539999961853027,15.739899635314941,15.050100326538086,15.34000015258789,187242,0.0,0.0
2024-01-12 10:30:00-05:00,15.329999923706055,15.509599685668945,15.050000190734863,15.149999618530273,93121,0.0,0.0
2024-01-12 11:30:00-05:00,15.178999900817871,15.34000015258789,15.120400428771973,15.204400062561035,53562,0.0,0.0
2024-01-12 12:30:00-05:00,15.21500015258789,15.3100004196167,14.9399995803833,15.3100004196167,113724,0.0,0.0
2024-01-12 13:30:00-05:00,15.3100004196167,15.380000114440918,15.25,15.335000038146973,36324,0.0,0.0
2024-01-12 14:30:00-05:00,15.335000038146973,15.335000038146973,15.149999618530273,15.3100004196167,57477,0.0,0.0
2024-01-12 15:30:00-05:00,15.329999923706055,15.329999923706055,15.170000076293945,15.199999809265137,109100,0.0,0.0
2024-01-16 09:30:00-05:00,14.851499557495117,15.010000228881836,14.529999732971191,14.8100004196167,92100,0.0,0.0
2024-01-16 10:30:00-05:00,14.760100364685059,14.970000267028809,14.752400398254395,14.895000457763672,38475,0.0,0.0
2024-01-16 11:30:00-05:00,14.930000305175781,15.013400077819824,14.6899995803833,14.75,74624,0.0,0.0
2024-01-16 12:30:00-05:00,14.739999771118164,14.930000305175781,14.670000076293945,14.847999572753906,48069,0.0,0.0
2024-01-16 13:30:00-05:00,14.880000114440918,14.880000114440918,14.59000015258789,14.670000076293945,53437,0.0,0.0
2024-01-16 14:30:00-05:00,14.649999618530273,14.699999809265137,14.430000305175781,14.4399995803833,116665,0.0,0.0
2024-01-16 15:30:00-05:00,14.460000038146973,14.510000228881836,14.369999885559082,14.420000076293945,116814,0.0,0.0
2024-01-17 09:30:00-05:00,14.050000190734863,14.484999656677246,13.699999809265137,14.40999984741211,140699,0.0,0.0
2024-01-17 10:30:00-05:00,14.399999618530273,14.460000038146973,14.25,14.270000457763672,41286,0.0,0.0
2024-01-17 11:30:00-05:00,14.265000343322754,14.399999618530273,14.15999984741211,14.300000190734863,46444,0.0,0.0
2024-01-17 12:30:00-05:00,14.300000190734863,14.319999694824219,14.140000343322754,14.145700454711914,68812,0.0,0.0
2024-01-17 13:30:00-05:00,14.15999984741211,14.255000114440918,14.130000114440918,14.180000305175781,27628,0.0,0.0
2024-01-17 14:30:00-05:00,14.199999809265137,14.390000343322754,14.109999656677246,14.270000457763672,72671,0.0,0.0
2024-01-17 15:30:00-05:00,14.239999771118164,14.470000267028809,14.234999656677246,14.449999809265137,82590,0.0,0.0
2024-01-18 09:30:00-05:00,15.0,15.029999732971191,14.0600004196167,14.319999694824219,103373,0.0,0.0
2024-01-18 10:30:00-05:00,14.28499984741211,14.619999885559082,14.199999809265137,14.609999656677246,98432,0.0,0.0
2024-01-18 11:30:00-05:00,14.529999732971191,14.600000381469727,14.350000381469727,14.420000076293945,29662,0.0,0.0
2024-01-18 12:30:00-05:00,14.420000076293945,14.420000076293945,14.029999732971191,14.0600004196167,92766,0.0,0.0
2024-01-18 13:30:00-05:00,14.085000038146973,14.199999809265137,14.0600004196167,14.130000114440918,38121,0.0,0.0
2024-01-18 14:30:00-05:00,14.154999732971191,14.529999732971191,14.100000381469727,14.494999885559082,106170,0.0,0.0
2024-01-18 15:30:00-05:00,14.510000228881836,14.539999961853027,14.140000343322754,14.170000076293945,131976,0.0,0.0
2024-01-19 09:30:00-05:00,14.050000190734863,14.140000343322754,13.440699577331543,13.663399696350098,180773,0.0,0.0
2024-01-19 10:30:00-05:00,13.649999618530273,14.300000190734863,13.588899612426758,14.119999885559082,124341,0.0,0.0
2024-01-19 11:30:00-05:00,14.130000114440918,14.180000305175781,14.0,14.020000457763672,67188,0.0,0.0
2024-01-19 12:30:00-05:00,14.029999732971191,14.085000038146973,13.860799789428711,13.949999809265137,41771,0.0,0.0
2024-01-19 13:30:00-05:00,13.962800025939941,14.09000015258789,13.835000038146973,13.890000343322754,74616,0.0,0.0
2024-01-19 14:30:00-05:00,13.869999885559082,14.079999923706055,13.779999732971191,13.835000038146973,82038,0.0,0.0
2024-01-19 15:30:00-05:00,13.880000114440918,13.960000038146973,13.734999656677246,13.920000076293945,124511,0.0,0.0
2024-01-22 09:30:00-05:00,14.34000015258789,14.439900398254395,14.0,14.305000305175781,114216,0.0,0.0
2024-01-22 10:30:00-05:00,14.3100004196167,14.479999542236328,14.010000228881836,14.09000015258789,94399,0.0,0.0
2024-01-22 11:30:00-05:00,14.129500389099121,14.149999618530273,13.899999618530273,14.0,53596,0.0,0.0
2024-01-22 12:30:00-05:00,14.0,14.449999809265137,13.989999771118164,14.329999923706055,89815,0.0,0.0
2024-01-22 13:30:00-05:00,14.3100004196167,14.390000343322754,14.149999618530273,14.270000457763672,44050,0.0,0.0
2024-01-22 14:30:00-05:00,14.289999961853027,14.649999618530273,14.25,14.5600004196167,59591,0.0,0.0
2024-01-22 15:30:00-05:00,14.569999694824219,14.710000038146973,14.470000267028809,14.59000015258789,130158,0.0,0.0
2024-01-23 09:30:00-05:00,14.539999961853027,15.199999809265137,14.460000038146973,15.0600004196167,100942,0.0,0.0
2024-01-23 10:30:00-05:00,15.010100364685059,15.079999923706055,14.59000015258789,14.595199584960938,79664,0.0,0.0
2024-01-23 11:30:00-05:00,14.600000381469727,14.789999961853027,14.579999923706055,14.579999923706055,74697,0.0,0.0
2024-01-23 12:30:00-05:00,14.520000457763672,14.649999618530273,14.430000305175781,14.609999656677246,45621,0.0,0.0
2024-01-23 13:30:00-05:00,14.5600004196167,14.739999771118164,14.510000228881836,14.710000038146973,45798,0.0,0.0
2024-01-23 14:30:00-05:00,14.6899995803833,15.039999961853027,14.649999618530273,14.949999809265137,60174,0.0,0.0
2024-01-23 15:30:00-05:00,14.949999809265137,15.029999732971191,14.920000076293945,14.989999771118164,100573,0.0,0.0
2024-01-24 09:30:00-05:00,15.109999656677246,15.229999542236328,14.71500015258789,15.091699600219727,136969,0.0,0.0
2024-01-24 10:30:00-05:00,15.0,15.130000114440918,14.859999656677246,15.130000114440918,80163,0.0,0.0
2024-01-24 11:30:00-05:00,15.074999809265137,15.079999923706055,15.0,15.0,31885,0.0,0.0
2024-01-24 12:30:00-05:00,15.0,15.199999809265137,14.979999542236328,15.05370044708252,80302,0.0,0.0
2024-01-24 13:30:00-05:00,15.020000457763672,15.15999984741211,14.90999984741211,15.114999771118164,50666,0.0,0.0
2024-01-24 14:30:00-05:00,15.119999885559082,15.199999809265137,14.989999771118164,15.0,92957,0.0,0.0
2024-01-24 15:30:00-05:00,14.989999771118164,15.03499984741211,14.96500015258789,15.0,89617,0.0,0.0
2024-01-25 09:30:00-05:00,15.199999809265137,16.950000762939453,15.1899995803833,16.950000762939453,269593,0.0,0.0
2024-01-25 10:30:00-05:00,16.92259979248047,17.280000686645508,16.560800552368164,17.209999084472656,191181,0.0,0.0
2024-01-25 11:30:00-05:00,17.239999771118164,17.40999984741211,16.989999771118164,17.0,144091,0.0,0.0
2024-01-25 12:30:00-05:00,17.040000915527344,17.209999084472656,16.651399612426758,17.0,163231,0.0,0.0
2024-01-25 13:30:00-05:00,16.989999771118164,17.079999923706055,16.809999465942383,17.05500030517578,117865,0.0,0.0
2024-01-25 14:30:00-05:00,17.03499984741211,17.100000381469727,16.802799224853516,17.018999099731445,124384,0.0,0.0
2024-01-25 15:30:00-05:00,17.0,17.06999969482422,16.8799991607666,17.059999465942383,151674,0.0,0.0
2024-01-26 09:30:00-05:00,17.0,17.149999618530273,16.270000457763672,16.68000030517578,143737,0.0,0.0
2024-01-26 10:30:00-05:00,16.719999313354492,16.760000228881836,16.360000610351562,16.559999465942383,75973,0.0,0.0
2024-01-26 11:30:00-05:00,16.55500030517578,16.66990089416504,16.3700008392334,16.485000610351562,34625,0.0,0.0
2024-01-26 12:30:00-05:00,16.5,16.649999618530273,16.270000457763672,16.412500381469727,57091,0.0,0.0
2024-01-26 13:30:00-05:00,16.3799991607666,16.790000915527344,16.15999984741211,16.459999084472656,118180,0.0,0.0
2024-01-26 14:30:00-05:00,16.440000534057617,16.540000915527344,16.315000534057617,16.360000610351562,48251,0.0,0.0
2024-01-26 15:30:00-05:00,16.309999465942383,16.540000915527344,16.239999771118164,16.5,87227,0.0,0.0
2024-01-29 09:30:00-05:00,16.75,17.5,16.360200881958008,17.299999237060547,130948,0.0,0.0
2024-01-29 10:30:00-05:00,17.399999618530273,17.579999923706055,17.06999969482422,17.290000915527344,74141,0.0,0.0
2024-01-29 11:30:00-05:00,17.31049919128418,17.325000762939453,16.920000076293945,17.162099838256836,49948,0.0,0.0
2024-01-29 12:30:00-05:00,17.179899215698242,17.3799991607666,17.09000015258789,17.344999313354492,34514,0.0,0.0
2024-01-29 13:30:00-05:00,17.35110092163086,17.729999542236328,17.309999465942383,17.729999542236328,98755,0.0,0.0
2024-01-29 14:30:00-05:00,17.719999313354492,18.25,17.639999389648438,18.174999237060547,175822,0.0,0.0
2024-01-29 15:30:00-05:00,18.170000076293945,18.200000762939453,17.829999923706055,18.059999465942383,139597,0.0,0.0
2024-01-30 09:30:00-05:00,18.190000534057617,18.450000762939453,17.559999465942383,17.600000381469727,143008,0.0,0.0
2024-01-30 10:30:00-05:00,17.65999984741211,18.450000762939453,17.6299991607666,18.389999389648438,153310,0.0,0.0
2024-01-30 11:30:00-05:00,18.40999984741211,18.562700271606445,18.059999465942383,18.1200008392334,181381,0.0,0.0
2024-01-30 12:30:00-05:00,18.014999389648438,18.1299991607666,17.65999984741211,17.834999084472656,92193,0.0,0.0
2024-01-30 13:30:00-05:00,17.834999084472656,17.920000076293945,17.6299991607666,17.770000457763672,50780,0.0,0.0
2024-01-30 14:30:00-05:00,17.780000686645508,18.0,17.7450008392334,17.760000228881836,71384,0.0,0.0
2024-01-30 15:30:00-05:00,17.774999618530273,17.780000686645508,17.68000030517578,17.780000686645508,89431,0.0,0.0
2024-01-31 09:30:00-05:00,17.809999465942383,19.499399185180664,17.75,19.0,239117,0.0,0.0
2024-01-31 10:30:00-05:00,18.985000610351562,19.200000762939453,18.100000381469727,18.34000015258789,108540,0.0,0.0
2024-01-31 11:30:00-05:00,18.385000228881836,18.56999969482422,18.200000762939453,18.338699340820312,39616,0.0,0.0
2024-01-31 12:30:00-05:00,18.31999969482422,18.700000762939453,18.239999771118164,18.68000030517578,40857,0.0,0.0
2024-01-31 13:30:00-05:00,18.760000228881836,18.93000030517578,18.540000915527344,18.844999313354492,53553,0.0,0.0
2024-01-31 14:30:00-05:00,18.889999389648438,19.25,18.34000015258789,18.399999618530273,168867,0.0,0.0
2024-01-31 15:30:00-05:00,18.329999923706055,18.3700008392334,18.059999465942383,18.06999969482422,136814,0.0,0.0
2024-02-01 09:30:00-05:00,18.229999542236328,18.749900817871094,17.80139923095703,18.549999237060547,138653,0.0,0.0
2024-02-01 10:30:00-05:00,18.614999771118164,19.649999618530273,18.59000015258789,19.56999969482422,202474,0.0,0.0
2024-02-01 11:30:00-05:00,19.6200008392334,20.0,19.43000030517578,19.700000762939453,193306,0.0,0.0
2024-02-01 12:30:00-05:00,19.700000762939453,20.1200008392334,19.670000076293945,19.969999313354492,142919,0.0,0.0
2024-02-01 13:30:00-05:00,19.950000762939453,20.024999618530273,19.46489906311035,19.790000915527344,150424,0.0,0.0
2024-02-01 14:30:00-05:00,19.799999237060547,20.209999084472656,19.280000686645508,19.479999542236328,228179,0.0,0.0
2024-02-01 15:30:00-05:00,19.469999313354492,19.540000915527344,19.215999603271484,19.489999771118164,177217,0.0,0.0
2024-02-02 09:30:00-05:00,19.389999389648438,19.685400009155273,18.440000534057617,18.454500198364258,282558,0.0,0.0
2024-02-02 10:30:00-05:00,18.459999084472656,18.889999389648438,17.93000030517578,18.100000381469727,151461,0.0,0.0
2024-02-02 11:30:00-05:00,18.049999237060547,18.489900588989258,17.940000534057617,18.44499969482422,102959,0.0,0.0
2024-02-02 12:30:00-05:00,18.415000915527344,18.649999618530273,18.209999084472656,18.299999237060547,77185,0.0,0.0
2024-02-02 13:30:00-05:00,18.34000015258789,18.690000534057617,18.309999465942383,18.579999923706055,42594,0.0,0.0
2024-02-02 14:30:00-05:00,18.610000610351562,18.700000762939453,18.479999542236328,18.6299991607666,50330,0.0,0.0
2024-02-02 15:30:00-05:00,18.604999542236328,18.635000228881836,18.450000762939453,18.469999313354492,88300,0.0,0.0
2024-02-05 09:30:00-05:00,18.260000228881836,18.899999618530273,18.045900344848633,18.2450008392334,151288,0.0,0.0
2024-02-05 10:30:00-05:00,18.209999084472656,18.454999923706055,18.059999465942383,18.329999923706055,47211,0.0,0.0
2024-02-05 11:30:00-05:00,18.31679916381836,18.549999237060547,18.2450008392334,18.344999313354492,51213,0.0,0.0
2024-02-05 12:30:00-05:00,18.364999771118164,18.6200008392334,18.329999923706055,18.360000610351562,41364,0.0,0.0
2024-02-05 13:30:00-05:00,18.344999313354492,18.969999313354492,18.344999313354492,18.850000381469727,51408,0.0,0.0
2024-02-05 14:30:00-05:00,18.889999389648438,19.15999984741211,18.75,18.75,70962,0.0,0.0
2024-02-05 15:30:00-05:00,18.795000076293945,18.850000381469727,18.59000015258789,18.600000381469727,72582,0.0,0.0
2024-02-06 09:30:00-05:00,19.780000686645508,19.889999389648438,18.610000610351562,18.920000076293945,359962,0.0,0.0
2024-02-06 10:30:00-05:00,18.899999618530273,19.049999237060547,18.40999984741211,18.5049991607666,97527,0.0,0.0
2024-02-06 11:30:00-05:00,18.51889991760254,18.6299991607666,18.40999984741211,18.6299991607666,72446,0.0,0.0
2024-02-06 12:30:00-05:00,18.614999771118164,18.81999969482422,18.5,18.719999313354492,66439,0.0,0.0
2024-02-06 13:30:00-05:00,18.719999313354492,18.739999771118164,18.520000457763672,18.6200008392334,74373,0.0,0.0
2024-02-06 14:30:00-05:00,18.624900817871094,19.0,18.600000381469727,18.88920021057129,71129,0.0,0.0
2024-02-06 15:30:00-05:00,18.8799991607666,18.93000030517578,18.610000610351562,18.665000915527344,192954,0.0,0.0
2024-02-07 09:30:00-05:00,18.829999923706055,18.8799991607666,17.739999771118164,18.149999618530273,221811,0.0,0.0
2024-02-07 10:30:00-05:00,18.149999618530273,18.172000885009766,17.825000762939453,17.850000381469727,151964,0.0,0.0
2024-02-07 11:30:00-05:00,17.81999969482422,17.8700008392334,17.510000228881836,17.57939910888672,90581,0.0,0.0
2024-02-07 12:30:00-05:00,17.570999145507812,17.81999969482422,17.329999923706055,17.700000762939453,289483,0.0,0.0
2024-02-07 13:30:00-05:00,17.69499969482422,18.239500045776367,17.649999618530273,18.170000076293945,113366,0.0,0.0
2024-02-07 14:30:00-05:00,18.229999542236328,18.600000381469727,18.139999389648438,18.479999542236328,187210,0.0,0.0
2024-02-07 15:30:00-05:00,18.469999313354492,18.469999313354492,18.200000762939453,18.260000228881836,102256,0.0,0.0
2024-02-08 09:30:00-05:00,18.25,18.334999084472656,17.875,17.927499771118164,56128,0.0,0.0
2024-02-08 10:30:00-05:00,17.920000076293945,18.010000228881836,17.560100555419922,17.635000228881836,97299,0.0,0.0
2024-02-08 11:30:00-05:00,17.610000610351562,17.91990089416504,17.610000610351562,17.770000457763672,47551,0.0,0.0
2024-02-08 12:30:00-05:00,17.770000457763672,17.81999969482422,17.719999313354492,17.799999237060547,33057,0.0,0.0
2024-02-08 13:30:00-05:00,17.799999237060547,17.860000610351562,17.6200008392334,17.670000076293945,63417,0.0,0.0
2024-02-08 14:30:00-05:00,17.674999237060547,17.709999084472656,17.600000381469727,17.649999618530273,89312,0.0,0.0
2024-02-08 15:30:00-05:00,17.6299991607666,17.774999618530273,17.6200008392334,17.719999313354492,80600,0.0,0.0
2024-02-09 09:30:00-05:00,18.06999969482422,18.200000762939453,17.81060028076172,18.18000030517578,98475,0.0,0.0
2024-02-09 10:30:00-05:00,18.25,18.530000686645508,18.15999984741211,18.30500030517578,105654,0.0,0.0
2024-02-09 11:30:00-05:00,18.31999969482422,18.7549991607666,18.239999771118164,18.68000030517578,60169,0.0,0.0
2024-02-09 12:30:00-05:00,18.68000030517578,18.684999465942383,18.440000534057617,18.604999542236328,65968,0.0,0.0
2024-02-09 13:30:00-05:00,18.579999923706055,18.600000381469727,18.40999984741211,18.440000534057617,69624,0.0,0.0
2024-02-09 14:30:00-05:00,18.440000534057617,18.51849937438965,18.239999771118164,18.360000610351562,49973,0.0,0.0
2024-02-09 15:30:00-05:00,18.360000610351562,18.389999389648438,18.170000076293945,18.299999237060547,93444,0.0,0.0
2024-02-12 09:30:00-05:00,18.190000534057617,18.559900283813477,17.80699920654297,18.045000076293945,90984,0.0,0.0
2024-02-12 10:30:00-05:00,18.040000915527344,18.3700008392334,17.829999923706055,18.200000762939453,88730,0.0,0.0
2024-02-12 11:30:00-05:00,18.209999084472656,18.274999618530273,17.809999465942383,17.860000610351562,55994,0.0,0.0
2024-02-12 12:30:00-05:00,17.81999969482422,18.114999771118164,17.799999237060547,17.969999313354492,53458,0.0,0.0
2024-02-12 13:30:00-05:00,18.001100540161133,18.11750030517578,17.920000076293945,18.100000381469727,39325,0.0,0.0
2024-02-12 14:30:00-05:00,18.09000015258789,18.1299991607666,17.615999221801758,17.622100830078125,70915,0.0,0.0
2024-02-12 15:30:00-05:00,17.614999771118164,17.889999389648438,17.614999771118164,17.8700008392334,117834,0.0,0.0
2024-02-13 09:30:00-05:00,17.0,17.479999542236328,16.889999389648438,17.15999984741211,181702,0.0,0.0
2024-02-13 10:30:00-05:00,17.209999084472656,17.450000762939453,17.141399383544922,17.15999984741211,87049,0.0,0.0
2024-02-13 11:30:00-05:00,17.174999237060547,17.280000686645508,16.899999618530273,16.93000030517578,68385,0.0,0.0
2024-02-13 12:30:00-05:00,16.959999084472656,17.190000534057617,16.850000381469727,17.079999923706055,55380,0.0,0.0
2024-02-13 13:30:00-05:00,17.06999969482422,17.149999618530273,16.850000381469727,16.850000381469727,50306,0.0,0.0
2024-02-13 14:30:00-05:00,16.81999969482422,16.899999618530273,16.405000686645508,16.559999465942383,216348,0.0,0.0
2024-02-13 15:30:00-05:00,16.514999389648438,16.950000762939453,16.514999389648438,16.700000762939453,128867,0.0,0.0
2024-02-14 09:30:00-05:00,16.829999923706055,17.31999969482422,16.6200008392334,17.135000228881836,120416,0.0,0.0
2024-02-14 10:30:00-05:00,17.1018009185791,17.31999969482422,17.010000228881836,17.15999984741211,56489,0.0,0.0
2024-02-14 11:30:00-05:00,17.200000762939453,17.299999237060547,16.93000030517578,17.122400283813477,45399,0.0,0.0
2024-02-14 12:30:00-05:00,17.15999984741211,17.309999465942383,17.040000915527344,17.190000534057617,46352,0.0,0.0
2024-02-14 13:30:00-05:00,17.18000030517578,17.195999145507812,17.020000457763672,17.155000686645508,29547,0.0,0.0
2024-02-14 14:30:00-05:00,17.1299991607666,17.275400161743164,17.059999465942383,17.20199966430664,42389,0.0,0.0
2024-02-14 15:30:00-05:00,17.200000762939453,17.329999923706055,17.06999969482422,17.31999969482422,106606,0.0,0.0
2024-02-15 09:30:00-05:00,17.229999542236328,17.454999923706055,17.100000381469727,17.225000381469727,92701,0.0,0.0
2024-02-15 10:30:00-05:00,17.19499969482422,17.19499969482422,16.8799991607666,17.059999465942383,53448,0.0,0.0
2024-02-15 11:30:00-05:00,17.030000686645508,17.170000076293945,16.989999771118164,17.1299991607666,26281,0.0,0.0
2024-02-15 12:30:00-05:00,17.110000610351562,17.399999618530273,17.100000381469727,17.329999923706055,32318,0.0,0.0
2024-02-15 13:30:00-05:00,17.34000015258789,17.68000030517578,17.333900451660156,17.469999313354492,74843,0.0,0.0
2024-02-15 14:30:00-05:00,17.489999771118164,17.5,17.040000915527344,17.25,84111,0.0,0.0
2024-02-15 15:30:00-05:00,17.260000228881836,17.389999389648438,17.229999542236328,17.31999969482422,106289,0.0,0.0
2024-02-16 09:30:00-05:00,17.18000030517578,17.5,16.799999237060547,17.364999771118164,120277,0.0,0.0
2024-02-16 10:30:00-05:00,17.3799991607666,17.450000762939453,17.24679946899414,17.3700008392334,43914,0.0,0.0
2024-02-16 11:30:00-05:00,17.3700008392334,17.450000762939453,17.280000686645508,17.440000534057617,55967,0.0,0.0
2024-02-16 12:30:00-05:00,17.440000534057617,17.6200008392334,17.399999618530273,17.524999618530273,55562,0.0,0.0
2024-02-16 13:30:00-05:00,17.520000457763672,17.739999771118164,17.510000228881836,17.68000030517578,66576,0.0,0.0
2024-02-16 14:30:00-05:00,17.68000030517578,17.969999313354492,17.600000381469727,17.923200607299805,224380,0.0,0.0
2024-02-16 15:30:00-05:00,17.940000534057617,17.950000762939453,17.719999313354492,17.719999313354492,300635,0.0,0.0
2024-02-20 09:30:00-05:00,17.709999084472656,17.860000610351562,17.0,17.40999984741211,148566,0.0,0.0
2024-02-20 10:30:00-05:00,17.40999984741211,17.520000457763672,16.940000534057617,17.239999771118164,98792,0.0,0.0
2024-02-20 11:30:00-05:00,17.274999618530273,17.274999618530273,17.049999237060547,17.139999389648438,59521,0.0,0.0
2024-02-20 12:30:00-05:00,17.1200008392334,17.229999542236328,17.020000457763672,17.020000457763672,54420,0.0,0.0
2024-02-20 13:30:00-05:00,17.010000228881836,17.110000610351562,16.954999923706055,17.06999969482422,60169,0.0,0.0
2024-02-20 14:30:00-05:00,17.06999969482422,17.1200008392334,16.860000610351562,16.889999389648438,64632,0.0,0.0
2024-02-20 15:30:00-05:00,16.889999389648438,17.049999237060547,16.860000610351562,16.969999313354492,108647,0.0,0.0
2024-02-21 09:30:00-05:00,16.719999313354492,16.83989906311035,16.059999465942383,16.209999084472656,198065,0.0,0.0
2024-02-21 10:30:00-05:00,16.170000076293945,16.450000762939453,16.040000915527344,16.040000915527344,88571,0.0,0.0
2024-02-21 11:30:00-05:00,16.03499984741211,16.09000015258789,15.859999656677246,15.880000114440918,65738,0.0,0.0
2024-02-21 12:30:00-05:00,15.864999771118164,16.012500762939453,15.845000267028809,15.920000076293945,56478,0.0,0.0
2024-02-21 13:30:00-05:00,15.920000076293945,15.9399995803833,15.800000190734863,15.853400230407715,85237,0.0,0.0
2024-02-21 14:30:00-05:00,15.850000381469727,15.859999656677246,15.430000305175781,15.430000305175781,286447,0.0,0.0
2024-02-21 15:30:00-05:00,15.425000190734863,15.619999885559082,15.199999809265137,15.319999694824219,318722,0.0,0.0
2024-02-22 09:30:00-05:00,15.329999923706055,15.729999542236328,15.229999542236328,15.279999732971191,147503,0.0,0.0
2024-02-22 10:30:00-05:00,15.270700454711914,15.699999809265137,15.270000457763672,15.520000457763672,150838,0.0,0.0
2024-02-22 11:30:00-05:00,15.520000457763672,15.807499885559082,15.517399787902832,15.795000076293945,84814,0.0,0.0
2024-02-22 12:30:00-05:00,15.795000076293945,16.06999969482422,15.739999771118164,15.800000190734863,90158,0.0,0.0
2024-02-22 13:30:00-05:00,15.800000190734863,16.301700592041016,15.770000457763672,16.1200008392334,79177,0.0,0.0
2024-02-22 14:30:00-05:00,16.110000610351562,16.290000915527344,16.045000076293945,16.25,53207,0.0,0.0
2024-02-22 15:30:00-05:00,16.225000381469727,16.358999252319336,16.110000610351562,16.139999389648438,94415,0.0,0.0
2024-02-23 09:30:00-05:00,16.149999618530273,16.229999542236328,15.600000381469727,16.110000610351562,136050,0.0,0.0
2024-02-23 10:30:00-05:00,16.136499404907227,16.290000915527344,16.010000228881836,16.06999969482422,40761,0.0,0.0
2024-02-23 11:30:00-05:00,16.079999923706055,16.325000762939453,16.079999923706055,16.12030029296875,23786,0.0,0.0
2024-02-23 12:30:00-05:00,16.110000610351562,16.200000762939453,16.059999465942383,16.190000534057617,21256,0.0,0.0
2024-02-23 13:30:00-05:00,16.15999984741211,16.165000915527344,15.859999656677246,15.979999542236328,91253,0.0,0.0
2024-02-23 14:30:00-05:00,15.960000038146973,16.020000457763672,15.8100004196167,15.859999656677246,61972,0.0,0.0
2024-02-23 15:30:00-05:00,15.850000381469727,16.040000915527344,15.84000015258789,15.960000038146973,108842,0.0,0.0
2024-02-26 09:30:00-05:00,16.010000228881836,16.6200008392334,16.0,16.489999771118164,100523,0.0,0.0
2024-02-26 10:30:00-05:00,16.4862003326416,17.149999618530273,16.31999969482422,16.97010040283203,127999,0.0,0.0
2024-02-26 11:30:00-05:00,16.979999542236328,17.11549949645996,16.889999389648438,17.03019905090332,70070,0.0,0.0
2024-02-26 12:30:00-05:00,17.010000228881836,17.110000610351562,16.760099411010742,16.815000534057617,51785,0.0,0.0
2024-02-26 13:30:00-05:00,16.837600708007812,17.059999465942383,16.809999465942383,16.889999389648438,33394,0.0,0.0
2024-02-26 14:30:00-05:00,16.8799991607666,16.93000030517578,16.760000228881836,16.829999923706055,43330,0.0,0.0
2024-02-26 15:30:00-05:00,16.81999969482422,16.88010025024414,16.690000534057617,16.860000610351562,81957,0.0,0.0
2024-02-27 09:30:00-05:00,16.729999542236328,18.174999237060547,16.729999542236328,18.030000686645508,199287,0.0,0.0
2024-02-27 10:30:00-05:00,18.045000076293945,18.899999618530273,18.020000457763672,18.334999084472656,333867,0.0,0.0
2024-02-27 11:30:00-05:00,18.280000686645508,18.75,18.25,18.719999313354492,124345,0.0,0.0
2024-02-27 12:30:00-05:00,18.709999084472656,18.93000030517578,18.6200008392334,18.854999542236328,109277,0.0,0.0
2024-02-27 13:30:00-05:00,18.799999237060547,19.170000076293945,18.739999771118164,19.030000686645508,80503,0.0,0.0
2024-02-27 14:30:00-05:00,19.020000457763672,19.280000686645508,18.649999618530273,18.790000915527344,128158,0.0,0.0
2024-02-27 15:30:00-05:00,18.770000457763672,18.969999313354492,18.75,18.829999923706055,124346,0.0,0.0
2024-02-28 09:30:00-05:00,19.1200008392334,19.25,18.200000762939453,18.7903995513916,188151,0.0,0.0
2024-02-28 10:30:00-05:00,18.739999771118164,18.989999771118164,18.559999465942383,18.959999084472656,80225,0.0,0.0
2024-02-28 11:30:00-05:00,18.969999313354492,19.0,18.770000457763672,18.90999984741211,120809,0.0,0.0
2024-02-28 12:30:00-05:00,18.90999984741211,19.0049991607666,18.579999923706055,18.729999542236328,66661,0.0,0.0
2024-02-28 13:30:00-05:00,18.725000381469727,18.81999969482422,18.329999923706055,18.489999771118164,71192,0.0,0.0
2024-02-28 14:30:00-05:00,18.5,18.75,18.34000015258789,18.5,66192,0.0,0.0
2024-02-28 15:30:00-05:00,18.510000228881836,18.549999237060547,18.34000015258789,18.510000228881836,96950,0.0,0.0
2024-02-29 09:30:00-05:00,18.809999465942383,19.354900360107422,18.809999465942383,19.05500030517578,167052,0.0,0.0
2024-02-29 10:30:00-05:00,19.05500030517578,19.190000534057617,18.6200008392334,18.65999984741211,106097,0.0,0.0
2024-02-29 11:30:00-05:00,18.639999389648438,18.760000228881836,18.540000915527344,18.639999389648438,56203,0.0,0.0
2024-02-29 12:30:00-05:00,18.65999984741211,18.674999237060547,18.0,18.100000381469727,116987,0.0,0.0
2024-02-29 13:30:00-05:00,18.18000030517578,18.18000030517578,17.649999618530273,17.860000610351562,125798,0.0,0.0
2024-02-29 14:30:00-05:00,17.8700008392334,17.959999084472656,17.75,17.829999923706055,80601,0.0,0.0
2024-02-29 15:30:00-05:00,17.815000534057617,17.90999984741211,17.5,17.5,123942,0.0,0.0
2024-03-01 09:30:00-05:00,17.485000610351562,18.0,17.270000457763672,17.579999923706055,91789,0.0,0.0
2024-03-01 10:30:00-05:00,17.540000915527344,18.06999969482422,17.540000915527344,17.899999618530273,121213,0.0,0.0
2024-03-01 11:30:00-05:00,17.8700008392334,18.049999237060547,17.81999969482422,17.989999771118164,61663,0.0,0.0
2024-03-01 12:30:00-05:00,17.969999313354492,18.21500015258789,17.940000534057617,18.145000457763672,86431,0.0,0.0
2024-03-01 13:30:00-05:00,18.1299991607666,18.415000915527344,18.1299991607666,18.260000228881836,84428,0.0,0.0
2024-03-01 14:30:00-05:00,18.280000686645508,18.329999923706055,17.920000076293945,18.049999237060547,69479,0.0,0.0
2024-03-01 15:30:00-05:00,18.065000534057617,18.065000534057617,17.65999984741211,17.790000915527344,155667,0.0,0.0
2024-03-04 09:30:00-05:00,17.860000610351562,17.8799991607666,16.75,16.90999984741211,163379,0.0,0.0
2024-03-04 10:30:00-05:00,16.90999984741211,17.059999465942383,16.344999313354492,16.959999084472656,51066,0.0,0.0
2024-03-04 11:30:00-05:00,16.915000915527344,17.219999313354492,16.84000015258789,17.051000595092773,34131,0.0,0.0
2024-03-04 12:30:00-05:00,17.06920051574707,17.469999313354492,17.020000457763672,17.049999237060547,121780,0.0,0.0
2024-03-04 13:30:00-05:00,17.079999923706055,17.450000762939453,17.040000915527344,17.299999237060547,49419,0.0,0.0
2024-03-04 14:30:00-05:00,17.350000381469727,17.729999542236328,17.350000381469727,17.520000457763672,65481,0.0,0.0
2024-03-04 15:30:00-05:00,17.540000915527344,17.84000015258789,17.3799991607666,17.81999969482422,354443,0.0,0.0
2024-03-05 09:30:00-05:00,17.450000762939453,18.329999923706055,17.450000762939453,17.889999389648438,124533,0.0,0.0
2024-03-05 10:30:00-05:00,17.860000610351562,17.8799991607666,17.40999984741211,17.510000228881836,62929,0.0,0.0
2024-03-05 11:30:00-05:00,17.614999771118164,17.614999771118164,17.354999542236328,17.469999313354492,0,0.0,0.0
2024-03-05 12:30:00-05:00,17.493000030517578,17.989999771118164,17.489999771118164,17.690000534057617,51876,0.0,0.0
2024-03-05 13:30:00-05:00,17.690000534057617,17.770000457763672,17.360000610351562,17.479999542236328,40359,0.0,0.0
2024-03-05 14:30:00-05:00,17.479999542236328,17.920000076293945,17.3700008392334,17.799999237060547,75380,0.0,0.0
2024-03-05 15:30:00-05:00,17.821300506591797,17.850000381469727,17.489999771118164,17.530000686645508,444046,0.0,0.0
2024-03-06 09:30:00-05:00,15.0,15.5,14.239999771118164,15.329999923706055,1286327,0.0,0.0
2024-03-06 10:30:00-05:00,15.335000038146973,16.280000686645508,15.335000038146973,16.27589988708496,0,0.0,0.0
2024-03-06 11:30:00-05:00,16.219999313354492,16.989999771118164,16.15999984741211,16.730100631713867,169997,0.0,0.0
2024-03-06 12:30:00-05:00,16.729999542236328,16.774999618530273,16.139999389648438,16.145000457763672,101867,0.0,0.0
2024-03-06 13:30:00-05:00,16.145000457763672,16.145000457763672,15.600000381469727,15.99940013885498,129225,0.0,0.0
2024-03-06 14:30:00-05:00,16.0,16.049999237060547,15.770000457763672,15.904999732971191,177715,0.0,0.0
2024-03-06 15:30:00-05:00,15.899999618530273,15.920000076293945,15.720000267028809,15.800000190734863,1218854,0.0,0.0
2024-03-07 09:30:00-05:00,15.970000267028809,16.290000915527344,14.890000343322754,15.079999923706055,291982,0.0,0.0
2024-03-07 10:30:00-05:00,15.100000381469727,15.529999732971191,14.9399995803833,15.529999732971191,311127,0.0,0.0
2024-03-07 11:30:00-05:00,15.550000190734863,16.749900817871094,15.531700134277344,16.524999618530273,293619,0.0,0.0
2024-03-07 12:30:00-05:00,16.514999389648438,16.514999389648438,16.110000610351562,16.399999618530273,84468,0.0,0.0
2024-03-07 13:30:00-05:00,16.389999389648438,16.389999389648438,16.110000610351562,16.114999771118164,78010,0.0,0.0
2024-03-07 14:30:00-05:00,16.108800888061523,16.110000610351562,15.890000343322754,15.90999984741211,128661,0.0,0.0
2024-03-07 15:30:00-05:00,15.920000076293945,16.030000686645508,15.800000190734863,15.895000457763672,245646,0.0,0.0
2024-03-08 09:30:00-05:00,16.15999984741211,16.31999969482422,15.729999542236328,15.845000267028809,113097,0.0,0.0
2024-03-08 10:30:00-05:00,15.859999656677246,15.859999656677246,15.539999961853027,15.550000190734863,80285,0.0,0.0
2024-03-08 11:30:00-05:00,15.569999694824219,15.805000305175781,15.529999732971191,15.720000267028809,54526,0.0,0.0
2024-03-08 12:30:00-05:00,15.739999771118164,15.8100004196167,15.510000228881836,15.53499984741211,69375,0.0,0.0
2024-03-08 13:30:00-05:00,15.520000457763672,15.579999923706055,15.414999961853027,15.460000038146973,87666,0.0,0.0
2024-03-08 14:30:00-05:00,15.460000038146973,15.659000396728516,15.350000381469727,15.430000305175781,243096,0.0,0.0
2024-03-08 15:30:00-05:00,15.4399995803833,15.520000457763672,15.34000015258789,15.359999656677246,183649,0.0,0.0
2024-03-11 09:30:00-04:00,15.40999984741211,16.200000762939453,15.40999984741211,16.200000762939453,232500,0.0,0.0
2024-03-11 10:30:00-04:00,16.190099716186523,16.290000915527344,15.990900039672852,16.002599716186523,138707,0.0,0.0
2024-03-11 11:30:00-04:00,16.014999389648438,16.15999984741211,15.875,15.979999542236328,100414,0.0,0.0
2024-03-11 12:30:00-04:00,15.989999771118164,16.020000457763672,15.890000343322754,15.895000457763672,112209,0.0,0.0
2024-03-11 13:30:00-04:00,15.895000457763672,15.920000076293945,15.479999542236328,15.729999542236328,135803,0.0,0.0
2024-03-11 14:30:00-04:00,15.739999771118164,15.760000228881836,15.470000267028809,15.517499923706055,164799,0.0,0.0
2024-03-11 15:30:00-04:00,15.510000228881836,15.600000381469727,15.369999885559082,15.399999618530273,216816,0.0,0.0
2024-03-12 09:30:00-04:00,15.350000381469727,15.539999961853027,14.829999923706055,15.15999984741211,221999,0.0,0.0
2024-03-12 10:30:00-04:00,15.164999961853027,15.649999618530273,14.890000343322754,15.520000457763672,151194,0.0,0.0
2024-03-12 11:30:00-04:00,15.500300407409668,15.600000381469727,15.300100326538086,15.428299903869629,163705,0.0,0.0
2024-03-12 12:30:00-04:00,15.425000190734863,15.510000228881836,15.3100004196167,15.449999809265137,114474,0.0,0.0
2024-03-12 13:30:00-04:00,15.449999809265137,15.699999809265137,15.380000114440918,15.59000015258789,126195,0.0,0.0
2024-03-12 14:30:00-04:00,15.59000015258789,15.75,15.34000015258789,15.40999984741211,174808,0.0,0.0
2024-03-12 15:30:00-04:00,15.40999984741211,15.640000343322754,15.385000228881836,15.619999885559082,244869,0.0,0.0
2024-03-13 09:30:00-04:00,15.770000457763672,16.56999969482422,15.75,16.3799991607666,135588,0.0,0.0
2024-03-13 10:30:00-04:00,16.364999771118164,16.84000015258789,16.1200008392334,16.65999984741211,179425,0.0,0.0
2024-03-13 11:30:00-04:00,16.649999618530273,16.84000015258789,16.510000228881836,16.81999969482422,103090,0.0,0.0
2024-03-13 12:30:00-04:00,16.829999923706055,17.114999771118164,16.770000457763672,16.959999084472656,121995,0.0,0.0
2024-03-13 13:30:00-04:00,16.977500915527344,17.260000228881836,16.899999618530273,17.18000030517578,96560,0.0,0.0
2024-03-13 14:30:00-04:00,17.190000534057617,17.540000915527344,17.030000686645508,17.43000030517578,133638,0.0,0.0
2024-03-13 15:30:00-04:00,17.420000076293945,17.489999771118164,17.239999771118164,17.399999618530273,205620,0.0,0.0
2024-03-14 09:30:00-04:00,17.450000762939453,18.1200008392334,16.635000228881836,16.8700008392334,210985,0.0,0.0
2024-03-14 10:30:00-04:00,16.90999984741211,17.19499969482422,16.8700008392334,16.899999618530273,83707,0.0,0.0
2024-03-14 11:30:00-04:00,16.93000030517578,16.989999771118164,16.59000015258789,16.6299991607666,115645,0.0,0.0
2024-03-14 12:30:00-04:00,16.6200008392334,16.799999237060547,16.295000076293945,16.295000076293945,76109,0.0,0.0
2024-03-14 13:30:00-04:00,16.290000915527344,16.510000228881836,16.170000076293945,16.510000228881836,97060,0.0,0.0
2024-03-14 14:30:00-04:00,16.530000686645508,16.6200008392334,16.200000762939453,16.440000534057617,109628,0.0,0.0
2024-03-14 15:30:00-04:00,16.459999084472656,16.899999618530273,16.389999389648438,16.8700008392334,215617,0.0,0.0
2024-03-15 09:30:00-04:00,16.559999465942383,17.579999923706055,16.559999465942383,17.510000228881836,147213,0.0,0.0
2024-03-15 10:30:00-04:00,17.56279945373535,18.1200008392334,17.299999237060547,18.1200008392334,109257,0.0,0.0
2024-03-15 11:30:00-04:00,18.097700119018555,18.110000610351562,17.520000457763672,17.600000381469727,116824,0.0,0.0
2024-03-15 12:30:00-04:00,17.579999923706055,18.399999618530273,17.579999923706055,18.3700008392334,130380,0.0,0.0
2024-03-15 13:30:00-04:00,18.385000228881836,18.399999618530273,17.915000915527344,17.969999313354492,79595,0.0,0.0
2024-03-15 14:30:00-04:00,17.979999542236328,18.200000762939453,17.979999542236328,18.06999969482422,89382,0.0,0.0
2024-03-15 15:30:00-04:00,18.059999465942383,18.3700008392334,17.809999465942383,17.809999465942383,233082,0.0,0.0
2024-03-18 09:30:00-04:00,17.65999984741211,17.889999389648438,16.399999618530273,16.81999969482422,251032,0.0,0.0
2024-03-18 10:30:00-04:00,16.8700008392334,16.889999389648438,16.074199676513672,16.299999237060547,185120,0.0,0.0
2024-03-18 11:30:00-04:00,16.270000457763672,16.350000381469727,16.059999465942383,16.34000015258789,176248,0.0,0.0
2024-03-18 12:30:00-04:00,16.34000015258789,16.579999923706055,16.1299991607666,16.3700008392334,112868,0.0,0.0
2024-03-18 13:30:00-04:00,16.329999923706055,16.479999542236328,16.219999313354492,16.226900100708008,147526,0.0,0.0
2024-03-18 14:30:00-04:00,16.219999313354492,16.360000610351562,16.059999465942383,16.13249969482422,138076,0.0,0.0
2024-03-18 15:30:00-04:00,16.1299991607666,16.149999618530273,15.760000228881836,15.760000228881836,328335,0.0,0.0
2024-03-19 09:30:00-04:00,15.859999656677246,16.010000228881836,15.369999885559082,15.449999809265137,170647,0.0,0.0
2024-03-19 10:30:00-04:00,15.430000305175781,15.960000038146973,15.399999618530273,15.94789981842041,84378,0.0,0.0
2024-03-19 11:30:00-04:00,15.979999542236328,15.989999771118164,15.479999542236328,15.869999885559082,93108,0.0,0.0
2024-03-19 12:30:00-04:00,15.869999885559082,16.170000076293945,15.857999801635742,15.9350004196167,82977,0.0,0.0
2024-03-19 13:30:00-04:00,15.930000305175781,15.970000267028809,15.270000457763672,15.369999885559082,172459,0.0,0.0
2024-03-19 14:30:00-04:00,15.359999656677246,15.5600004196167,15.14009952545166,15.289999961853027,224607,0.0,0.0
2024-03-19 15:30:00-04:00,15.300000190734863,15.449999809265137,15.260000228881836,15.310099601745605,225067,0.0,0.0
2024-03-20 09:30:00-04:00,15.3100004196167,15.478400230407715,14.779999732971191,15.0,152198,0.0,0.0
2024-03-20 10:30:00-04:00,14.984999656677246,15.419500350952148,14.949999809265137,15.220000267028809,53597,0.0,0.0
2024-03-20 11:30:00-04:00,15.220000267028809,15.274999618530273,15.069999694824219,15.210000038146973,76450,0.0,0.0
2024-03-20 12:30:00-04:00,15.1899995803833,15.210000038146973,14.960000038146973,15.029999732971191,79422,0.0,0.0
2024-03-20 13:30:00-04:00,15.020000457763672,15.569999694824219,15.020000457763672,15.520000457763672,124089,0.0,0.0
2024-03-20 14:30:00-04:00,15.515000343322754,15.721500396728516,15.3149995803833,15.630000114440918,146063,0.0,0.0
2024-03-20 15:30:00-04:00,15.630000114440918,15.8100004196167,15.510000228881836,15.800000190734863,190756,0.0,0.0
2024-03-21 09:30:00-04:00,16.0,16.739900588989258,15.949999809265137,16.40999984741211,111152,0.0,0.0
2024-03-21 10:30:00-04:00,16.445999145507812,16.719999313354492,16.3799991607666,16.652799606323242,87328,0.0,0.0
2024-03-21 11:30:00-04:00,16.6200008392334,16.709999084472656,16.510000228881836,16.670000076293945,88828,0.0,0.0
2024-03-21 12:30:00-04:00,16.67650032043457,17.06999969482422,16.604999542236328,16.950000762939453,70021,0.0,0.0
2024-03-21 13:30:00-04:00,16.950000762939453,17.209999084472656,16.899999618530273,17.170000076293945,122038,0.0,0.0
2024-03-21 14:30:00-04:00,17.170000076293945,17.202499389648438,16.809999465942383,17.139999389648438,160334,0.0,0.0
2024-03-21 15:30:00-04:00,17.139999389648438,17.25,16.959999084472656,16.989999771118164,164227,0.0,0.0
2024-03-22 09:30:00-04:00,16.75,16.899999618530273,16.399999618530273,16.520000457763672,67460,0.0,0.0
2024-03-22 10:30:00-04:00,16.514999389648438,16.790000915527344,16.31999969482422,16.7450008392334,73337,0.0,0.0
2024-03-22 11:30:00-04:00,16.7450008392334,16.7450008392334,16.415000915527344,16.450000762939453,32768,0.0,0.0
2024-03-22 12:30:00-04:00,16.440000534057617,16.440000534057617,16.09000015258789,16.1200008392334,76513,0.0,0.0
2024-03-22 13:30:00-04:00,16.1200008392334,16.329999923706055,16.1200008392334,16.229999542236328,50758,0.0,0.0
2024-03-22 14:30:00-04:00,16.219999313354492,16.3799991607666,16.110000610351562,16.110000610351562,55241,0.0,0.0
2024-03-22 15:30:00-04:00,16.11210060119629,16.190000534057617,15.84000015258789,15.875,146208,0.0,0.0
2024-03-25 09:30:00-04:00,15.770000457763672,16.110000610351562,15.520000457763672,15.880000114440918,110187,0.0,0.0
2024-03-25 10:30:00-04:00,15.904999732971191,16.10770034790039,15.699999809265137,16.06999969482422,51057,0.0,0.0
2024-03-25 11:30:00-04:00,16.06999969482422,16.155000686645508,15.779999732971191,15.84000015258789,33336,0.0,0.0
2024-03-25 12:30:00-04:00,15.819999694824219,15.859999656677246,15.600000381469727,15.859999656677246,53815,0.0,0.0
2024-03-25 13:30:00-04:00,15.850000381469727,15.920000076293945,15.75,15.75,30207,0.0,0.0
2024-03-25 14:30:00-04:00,15.695300102233887,15.789999961853027,15.505000114440918,15.529999732971191,49548,0.0,0.0
2024-03-25 15:30:00-04:00,15.5,15.5,15.25,15.329999923706055,150623,0.0,0.0
2024-03-26 09:30:00-04:00,15.529999732971191,15.944999694824219,15.520000457763672,15.680000305175781,72893,0.0,0.0
2024-03-26 10:30:00-04:00,15.649999618530273,15.649999618530273,15.25,15.380000114440918,66955,0.0,0.0
2024-03-26 11:30:00-04:00,15.380000114440918,15.390000343322754,15.180000305175781,15.25,65966,0.0,0.0
2024-03-26 12:30:00-04:00,15.270000457763672,15.319999694824219,15.109999656677246,15.319999694824219,79624,0.0,0.0
2024-03-26 13:30:00-04:00,15.329999923706055,15.380000114440918,15.199999809265137,15.350000381469727,57115,0.0,0.0
2024-03-26 14:30:00-04:00,15.359999656677246,15.399999618530273,15.119999885559082,15.229999542236328,68075,0.0,0.0
2024-03-26 15:30:00-04:00,15.220000267028809,15.220000267028809,14.9399995803833,14.949999809265137,136084,0.0,0.0
2024-03-27 09:30:00-04:00,15.180000305175781,15.337499618530273,14.699999809265137,14.95199966430664,135542,0.0,0.0
2024-03-27 10:30:00-04:00,14.970000267028809,15.100000381469727,14.941100120544434,15.0,27128,0.0,0.0
2024-03-27 11:30:00-04:00,15.0,15.524999618530273,14.970000267028809,15.494199752807617,38011,0.0,0.0
2024-03-27 12:30:00-04:00,15.5,15.5600004196167,15.229999542236328,15.270000457763672,58396,0.0,0.0
2024-03-27 13:30:00-04:00,15.25,15.329299926757812,15.119999885559082,15.319999694824219,40105,0.0,0.0
2024-03-27 14:30:00-04:00,15.300000190734863,15.300000190734863,15.125,15.180000305175781,73713,0.0,0.0
2024-03-27 15:30:00-04:00,15.149999618530273,15.40999984741211,15.149999618530273,15.359999656677246,148217,0.0,0.0
2024-03-28 09:30:00-04:00,15.369999885559082,15.64330005645752,15.119999885559082,15.164999961853027,66482,0.0,0.0
2024-03-28 10:30:00-04:00,15.15999984741211,15.5,15.15999984741211,15.5,68525,0.0,0.0
2024-03-28 11:30:00-04:00,15.569999694824219,15.710000038146973,15.4399995803833,15.680000305175781,59370,0.0,0.0
2024-03-28 12:30:00-04:00,15.680000305175781,15.699999809265137,15.09000015258789,15.149999618530273,97894,0.0,0.0
2024-03-28 13:30:00-04:00,15.119999885559082,15.170000076293945,14.989999771118164,15.130000114440918,50797,0.0,0.0
2024-03-28 14:30:00-04:00,15.145000457763672,15.149999618530273,14.880000114440918,14.890000343322754,83110,0.0,0.0
2024-03-28 15:30:00-04:00,14.880000114440918,15.020000457763672,14.850000381469727,14.949999809265137,208291,0.0,0.0
2024-04-01 09:30:00-04:00,15.350000381469727,16.290000915527344,14.630000114440918,14.645000457763672,431155,0.0,0.0
2024-04-01 10:30:00-04:00,14.619999885559082,15.069999694824219,14.420000076293945,15.010000228881836,203292,0.0,0.0
2024-04-01 11:30:00-04:00,15.024999618530273,15.182000160217285,14.829999923706055,15.130000114440918,102733,0.0,0.0
2024-04-01 12:30:00-04:00,15.100000381469727,15.329999923706055,15.0,15.319999694824219,141413,0.0,0.0
2024-04-01 13:30:00-04:00,15.25,15.399999618530273,15.15999984741211,15.170000076293945,214118,0.0,0.0
2024-04-01 14:30:00-04:00,15.140000343322754,15.3100004196167,14.960100173950195,15.130000114440918,79843,0.0,0.0
2024-04-01 15:30:00-04:00,15.140000343322754,15.329999923706055,15.09000015258789,15.329999923706055,123706,0.0,0.0
2024-04-02 09:30:00-04:00,13.779999732971191,14.0,12.760000228881836,13.300000190734863,936988,0.0,0.0
2024-04-02 10:30:00-04:00,13.274999618530273,13.890000343322754,13.164999961853027,13.59000015258789,437711,0.0,0.0
2024-04-02 11:30:00-04:00,13.619999885559082,13.75,13.420000076293945,13.484999656677246,112117,0.0,0.0
2024-04-02 12:30:00-04:00,13.475000381469727,13.479999542236328,13.204999923706055,13.300000190734863,110348,0.0,0.0
2024-04-02 13:30:00-04:00,13.289999961853027,13.3100004196167,12.954999923706055,13.100000381469727,255233,0.0,0.0
2024-04-02 14:30:00-04:00,13.086700439453125,13.234999656677246,13.0,13.140000343322754,261437,0.0,0.0
2024-04-02 15:30:00-04:00,13.149999618530273,13.15999984741211,12.574999809265137,12.789999961853027,512531,0.0,0.0
2024-04-03 09:30:00-04:00,13.0,13.6899995803833,13.0,13.6899995803833,316855,0.0,0.0
2024-04-03 10:30:00-04:00,13.710000038146973,13.850000381469727,13.5,13.5,187893,0.0,0.0
2024-04-03 11:30:00-04:00,13.489999771118164,13.5,13.274999618530273,13.380000114440918,86320,0.0,0.0
2024-04-03 12:30:00-04:00,13.390000343322754,13.630000114440918,13.335000038146973,13.59000015258789,80859,0.0,0.0
2024-04-03 13:30:00-04:00,13.609999656677246,13.890000343322754,13.5600004196167,13.649999618530273,110446,0.0,0.0
2024-04-03 14:30:00-04:00,13.65999984741211,13.890000343322754,13.65999984741211,13.869999885559082,87267,0.0,0.0
2024-04-03 15:30:00-04:00,13.864999771118164,13.979999542236328,13.710000038146973,13.960000038146973,278668,0.0,0.0
2024-04-04 09:30:00-04:00,14.029999732971191,14.430000305175781,13.670000076293945,13.875,100836,0.0,0.0
2024-04-04 10:30:00-04:00,13.880000114440918,13.979999542236328,13.680000305175781,13.755000114440918,81866,0.0,0.0
2024-04-04 11:30:00-04:00,13.760000228881836,13.78499984741211,13.470000267028809,13.635000228881836,75004,0.0,0.0
2024-04-04 12:30:00-04:00,13.635000228881836,13.65999984741211,13.1899995803833,13.199999809265137,124354,0.0,0.0
2024-04-04 13:30:00-04:00,13.189900398254395,13.319999694824219,13.100000381469727,13.125,109195,0.0,0.0
2024-04-04 14:30:00-04:00,13.100000381469727,13.109999656677246,12.850000381469727,12.864999771118164,169248,0.0,0.0
2024-04-04 15:30:00-04:00,12.829999923706055,12.830100059509277,12.520000457763672,12.604999542236328,381859,0.0,0.0
2024-04-05 09:30:00-04:00,12.609999656677246,13.279999732971191,12.010000228881836,13.170000076293945,347509,0.0,0.0
2024-04-05 10:30:00-04:00,13.149999618530273,13.180000305175781,12.829999923706055,12.90999984741211,119107,0.0,0.0
2024-04-05 11:30:00-04:00,12.899999618530273,13.100000381469727,12.770000457763672,12.779999732971191,97723,0.0,0.0
2024-04-05 12:30:00-04:00,12.770000457763672,12.8100004196167,12.604999542236328,12.8100004196167,81829,0.0,0.0
2024-04-05 13:30:00-04:00,12.800000190734863,13.020000457763672,12.744999885559082,12.880000114440918,159382,0.0,0.0
2024-04-05 14:30:00-04:00,12.875,12.989999771118164,12.779999732971191,12.800000190734863,180939,0.0,0.0
2024-04-05 15:30:00-04:00,12.789999961853027,12.869999885559082,12.65999984741211,12.739999771118164,162692,0.0,0.0
2024-04-08 09:30:00-04:00,12.770000457763672,12.983499526977539,12.640000343322754,12.75,81946,0.0,0.0
2024-04-08 10:30:00-04:00,12.75,12.970000267028809,12.734000205993652,12.914999961853027,57387,0.0,0.0
2024-04-08 11:30:00-04:00,12.930000305175781,12.963000297546387,12.739999771118164,12.739999771118164,44872,0.0,0.0
2024-04-08 12:30:00-04:00,12.729999542236328,12.829999923706055,12.710000038146973,12.760000228881836,35896,0.0,0.0
2024-04-08 13:30:00-04:00,12.760000228881836,12.8100004196167,12.70009994506836,12.760000228881836,49091,0.0,0.0
2024-04-08 14:30:00-04:00,12.760000228881836,12.770000457763672,12.520000457763672,12.569999694824219,103190,0.0,0.0
2024-04-08 15:30:00-04:00,12.5600004196167,12.600000381469727,12.430000305175781,12.510000228881836,143142,0.0,0.0
2024-04-09 09:30:00-04:00,12.510000228881836,12.829999923706055,12.199999809265137,12.71500015258789,163628,0.0,0.0
2024-04-09 10:30:00-04:00,12.701000213623047,12.864999771118164,12.541799545288086,12.760000228881836,81220,0.0,0.0
2024-04-09 11:30:00-04:00,12.739999771118164,12.789999961853027,12.640000343322754,12.720000267028809,45384,0.0,0.0
2024-04-09 12:30:00-04:00,12.739999771118164,12.800000190734863,12.680000305175781,12.704999923706055,55837,0.0,0.0
2024-04-09 13:30:00-04:00,12.710000038146973,12.760000228881836,12.5600004196167,12.680000305175781,76174,0.0,0.0
2024-04-09 14:30:00-04:00,12.694999694824219,12.734999656677246,12.579999923706055,12.619999885559082,75037,0.0,0.0
2024-04-09 15:30:00-04:00,12.619999885559082,12.819999694824219,12.619999885559082,12.819999694824219,221990,0.0,0.0
2024-04-10 09:30:00-04:00,12.3100004196167,12.720000267028809,12.3100004196167,12.720000267028809,76644,0.0,0.0
2024-04-10 10:30:00-04:00,12.680000305175781,12.729999542236328,12.539999961853027,12.539999961853027,42273,0.0,0.0
2024-04-10 11:30:00-04:00,12.548999786376953,12.710000038146973,12.430000305175781,12.640000343322754,78468,0.0,0.0
2024-04-10 12:30:00-04:00,12.619999885559082,12.789999961853027,12.600000381469727,12.755000114440918,66060,0.0,0.0
2024-04-10 13:30:00-04:00,12.770000457763672,12.880000114440918,12.680000305175781,12.854999542236328,99945,0.0,0.0
2024-04-10 14:30:00-04:00,12.859999656677246,12.859999656677246,12.65999984741211,12.774999618530273,68367,0.0,0.0
2024-04-10 15:30:00-04:00,12.779999732971191,12.800000190734863,12.630000114440918,12.760000228881836,187471,0.0,0.0
2024-04-11 09:30:00-04:00,12.819999694824219,13.15999984741211,12.5600004196167,12.710000038146973,101930,0.0,0.0
2024-04-11 10:30:00-04:00,12.670000076293945,13.050000190734863,12.640000343322754,13.020000457763672,58229,0.0,0.0
2024-04-11 11:30:00-04:00,13.050000190734863,13.119999885559082,12.9399995803833,13.119999885559082,51464,0.0,0.0
2024-04-11 12:30:00-04:00,13.100000381469727,13.220000267028809,13.050000190734863,13.170000076293945,64699,0.0,0.0
2024-04-11 13:30:00-04:00,13.170000076293945,13.180000305175781,12.949999809265137,13.119999885559082,55264,0.0,0.0
2024-04-11 14:30:00-04:00,13.130000114440918,13.420000076293945,13.119999885559082,13.390000343322754,121498,0.0,0.0
2024-04-11 15:30:00-04:00,13.399999618530273,13.430000305175781,13.199999809265137,13.3100004196167,214845,0.0,0.0
2024-04-12 09:30:00-04:00,13.229999542236328,13.430000305175781,13.109999656677246,13.359999656677246,55598,0.0,0.0
2024-04-12 10:30:00-04:00,13.350000381469727,13.5600004196167,13.260000228881836,13.399999618530273,94154,0.0,0.0
2024-04-12 11:30:00-04:00,13.369999885559082,13.4399995803833,13.239999771118164,13.359999656677246,75921,0.0,0.0
2024-04-12 12:30:00-04:00,13.350000381469727,13.390000343322754,13.3100004196167,13.359999656677246,58959,0.0,0.0
2024-04-12 13:30:00-04:00,13.369999885559082,13.65999984741211,13.354999542236328,13.609999656677246,152891,0.0,0.0
2024-04-12 14:30:00-04:00,13.600000381469727,13.600000381469727,12.640000343322754,12.729999542236328,215776,0.0,0.0
2024-04-12 15:30:00-04:00,12.75,13.029999732971191,12.75,13.010000228881836,180968,0.0,0.0
2024-04-15 09:30:00-04:00,12.880000114440918,13.369999885559082,12.880000114440918,13.0,73707,0.0,0.0
2024-04-15 10:30:00-04:00,13.0,13.029999732971191,12.904999732971191,12.9350004196167,63517,0.0,0.0
2024-04-15 11:30:00-04:00,12.930000305175781,13.020000457763672,12.854999542236328,12.899999618530273,34407,0.0,0.0
2024-04-15 12:30:00-04:00,12.880000114440918,12.899999618530273,12.725000381469727,12.795000076293945,62976,0.0,0.0
2024-04-15 13:30:00-04:00,12.779999732971191,12.819999694824219,12.699999809265137,12.699999809265137,73992,0.0,0.0
2024-04-15 14:30:00-04:00,12.71500015258789,12.739999771118164,12.109999656677246,12.369999885559082,146980,0.0,0.0
2024-04-15 15:30:00-04:00,12.390000343322754,12.569999694824219,12.390000343322754,12.529999732971191,118216,0.0,0.0
2024-04-16 09:30:00-04:00,12.399999618530273,12.579999923706055,12.119999885559082,12.460000038146973,64345,0.0,0.0
2024-04-16 10:30:00-04:00,12.467000007629395,12.467000007629395,12.28499984741211,12.3100004196167,39832,0.0,0.0
2024-04-16 11:30:00-04:00,12.319999694824219,12.329999923706055,12.039999961853027,12.209400177001953,84425,0.0,0.0
2024-04-16 12:30:00-04:00,12.199999809265137,12.199999809265137,11.95009994506836,12.100000381469727,96498,0.0,0.0
2024-04-16 13:30:00-04:00,12.079999923706055,12.15999984741211,11.949999809265137,11.979999542236328,62303,0.0,0.0
2024-04-16 14:30:00-04:00,11.989999771118164,12.029999732971191,11.8100004196167,12.010000228881836,114719,0.0,0.0
2024-04-16 15:30:00-04:00,12.0,12.039999961853027,11.899999618530273,11.930000305175781,89939,0.0,0.0
2024-04-17 09:30:00-04:00,12.09000015258789,12.100000381469727,11.6899995803833,12.0600004196167,77503,0.0,0.0
2024-04-17 10:30:00-04:00,12.029999732971191,12.029999732971191,11.690099716186523,11.729999542236328,46436,0.0,0.0
2024-04-17 11:30:00-04:00,11.65999984741211,11.75,11.550000190734863,11.59000015258789,51769,0.0,0.0
2024-04-17 12:30:00-04:00,11.569999694824219,11.65999984741211,11.510000228881836,11.579999923706055,60539,0.0,0.0
2024-04-17 13:30:00-04:00,11.579999923706055,11.720000267028809,11.53499984741211,11.550000190734863,74500,0.0,0.0
2024-04-17 14:30:00-04:00,11.539999961853027,11.75,11.460000038146973,11.510000228881836,86139,0.0,0.0
2024-04-17 15:30:00-04:00,11.529999732971191,11.579999923706055,11.440099716186523,11.489999771118164,122550,0.0,0.0
2024-04-18 09:30:00-04:00,11.40999984741211,11.75,10.949999809265137,11.0,121009,0.0,0.0
2024-04-18 10:30:00-04:00,11.010000228881836,11.430000305175781,10.989999771118164,11.329999923706055,156521,0.0,0.0
2024-04-18 11:30:00-04:00,11.319999694824219,11.449899673461914,11.25,11.289999961853027,99231,0.0,0.0
2024-04-18 12:30:00-04:00,11.289999961853027,11.774999618530273,11.229999542236328,11.765000343322754,425043,0.0,0.0
2024-04-18 13:30:00-04:00,11.765000343322754,11.869999885559082,11.710000038146973,11.720000267028809,99418,0.0,0.0
2024-04-18 14:30:00-04:00,11.720000267028809,11.789999961853027,11.260000228881836,11.3100004196167,383123,0.0,0.0
2024-04-18 15:30:00-04:00,11.319999694824219,11.380000114440918,11.130000114440918,11.15999984741211,205848,0.0,0.0
2024-04-19 09:30:00-04:00,11.029999732971191,11.545000076293945,10.902600288391113,11.199999809265137,80896,0.0,0.0
2024-04-19 10:30:00-04:00,11.199999809265137,11.199999809265137,10.88010025024414,10.899999618530273,130101,0.0,0.0
2024-04-19 11:30:00-04:00,10.90999984741211,10.90999984741211,10.670000076293945,10.710000038146973,81738,0.0,0.0
2024-04-19 12:30:00-04:00,10.720000267028809,10.8149995803833,10.649999618530273,10.75,99230,0.0,0.0
2024-04-19 13:30:00-04:00,10.75,10.75,10.579999923706055,10.619999885559082,67443,0.0,0.0
2024-04-19 14:30:00-04:00,10.630000114440918,10.630000114440918,10.220000267028809,10.359999656677246,216893,0.0,0.0
2024-04-19 15:30:00-04:00,10.369999885559082,10.9399995803833,10.369999885559082,10.890000343322754,466605,0.0,0.0
2024-04-22 09:30:00-04:00,11.010000228881836,11.279999732971191,10.807999610900879,11.069999694824219,92633,0.0,0.0
2024-04-22 10:30:00-04:00,11.069000244140625,11.09000015258789,10.829999923706055,10.859999656677246,45161,0.0,0.0
2024-04-22 11:30:00-04:00,10.880000114440918,11.149999618530273,10.880000114440918,11.109999656677246,43230,0.0,0.0
2024-04-22 12:30:00-04:00,11.09000015258789,11.220000267028809,11.010000228881836,11.029999732971191,70052,0.0,0.0
2024-04-22 13:30:00-04:00,11.029000282287598,11.079999923706055,10.960000038146973,11.039999961853027,63682,0.0,0.0
2024-04-22 14:30:00-04:00,11.039999961853027,11.119999885559082,10.9399995803833,10.980999946594238,74625,0.0,0.0
2024-04-22 15:30:00-04:00,10.989999771118164,11.010000228881836,10.819999694824219,10.84000015258789,103577,0.0,0.0
2024-04-23 09:30:00-04:00,10.789999961853027,11.390000343322754,10.720000267028809,11.359999656677246,157540,0.0,0.0
2024-04-23 10:30:00-04:00,11.366000175476074,11.369999885559082,11.109999656677246,11.109999656677246,58057,0.0,0.0
2024-04-23 11:30:00-04:00,11.125,11.175000190734863,11.0600004196167,11.100000381469727,62413,0.0,0.0
2024-04-23 12:30:00-04:00,11.100000381469727,11.170000076293945,11.100000381469727,11.119999885559082,23074,0.0,0.0
2024-04-23 13:30:00-04:00,11.130000114440918,11.260000228881836,11.130000114440918,11.130000114440918,56308,0.0,0.0
2024-04-23 14:30:00-04:00,11.130000114440918,11.185999870300293,11.104999542236328,11.104999542236328,32585,0.0,0.0
2024-04-23 15:30:00-04:00,11.100000381469727,11.100000381469727,10.9350004196167,10.960000038146973,150659,0.0,0.0
2024-04-24 09:30:00-04:00,11.0,11.239999771118164,10.9350004196167,11.055000305175781,103409,0.0,0.0
2024-04-24 10:30:00-04:00,11.029999732971191,11.100000381469727,10.970999717712402,11.079999923706055,80038,0.0,0.0
2024-04-24 11:30:00-04:00,11.050000190734863,11.050000190734863,10.779999732971191,10.819999694824219,29887,0.0,0.0
2024-04-24 12:30:00-04:00,10.8100004196167,10.8100004196167,10.579999923706055,10.680000305175781,116347,0.0,0.0
2024-04-24 13:30:00-04:00,10.699999809265137,10.770000457763672,10.630000114440918,10.640000343322754,44305,0.0,0.0
2024-04-24 14:30:00-04:00,10.640000343322754,10.710000038146973,10.444999694824219,10.5,78697,0.0,0.0
2024-04-24 15:30:00-04:00,10.510000228881836,10.835000038146973,10.510000228881836,10.779999732971191,138361,0.0,0.0
2024-04-25 09:30:00-04:00,10.529999732971191,10.539999961853027,10.260000228881836,10.489999771118164,65235,0.0,0.0
2024-04-25 10:30:00-04:00,10.494999885559082,10.550000190734863,10.364999771118164,10.449999809265137,35243,0.0,0.0
2024-04-25 11:30:00-04:00,10.395000457763672,10.399999618530273,10.3100004196167,10.350000381469727,40358,0.0,0.0
2024-04-25 12:30:00-04:00,10.359999656677246,10.5,10.359999656677246,10.412199974060059,24587,0.0,0.0
2024-04-25 13:30:00-04:00,10.460000038146973,10.550000190734863,10.420000076293945,10.420000076293945,32867,0.0,0.0
2024-04-25 14:30:00-04:00,10.390000343322754,10.489999771118164,10.369999885559082,10.420000076293945,44419,0.0,0.0
2024-04-25 15:30:00-04:00,10.420000076293945,10.489999771118164,10.319999694824219,10.470000267028809,94508,0.0,0.0
2024-04-26 09:30:00-04:00,10.569999694824219,10.680000305175781,10.399999618530273,10.609999656677246,50300,0.0,0.0
2024-04-26 10:30:00-04:00,10.604399681091309,10.680000305175781,10.529999732971191,10.539999961853027,41620,0.0,0.0
2024-04-26 11:30:00-04:00,10.539999961853027,10.899999618530273,10.539999961853027,10.760000228881836,70817,0.0,0.0
2024-04-26 12:30:00-04:00,10.729999542236328,10.890000343322754,10.670000076293945,10.8100004196167,38550,0.0,0.0
2024-04-26 13:30:00-04:00,10.819999694824219,10.880000114440918,10.789999961853027,10.824999809265137,33432,0.0,0.0
2024-04-26 14:30:00-04:00,10.850000381469727,10.880000114440918,10.800000190734863,10.850000381469727,35776,0.0,0.0
2024-04-26 15:30:00-04:00,10.829999923706055,10.880000114440918,10.739999771118164,10.779999732971191,137185,0.0,0.0
2024-04-29 09:30:00-04:00,10.859999656677246,11.15999984741211,10.805000305175781,10.9399995803833,64710,0.0,0.0
2024-04-29 10:30:00-04:00,10.949999809265137,10.984999656677246,10.84000015258789,10.869999885559082,30356,0.0,0.0
2024-04-29 11:30:00-04:00,10.869999885559082,10.890000343322754,10.770000457763672,10.869999885559082,39783,0.0,0.0
2024-04-29 12:30:00-04:00,10.869999885559082,10.989999771118164,10.859999656677246,10.970000267028809,38390,0.0,0.0
2024-04-29 13:30:00-04:00,10.970000267028809,10.979999542236328,10.84000015258789,10.880000114440918,23881,0.0,0.0
2024-04-29 14:30:00-04:00,10.880000114440918,10.890000343322754,10.65999984741211,10.670000076293945,70773,0.0,0.0
2024-04-29 15:30:00-04:00,10.670000076293945,10.789999961853027,10.614999771118164,10.779999732971191,117252,0.0,0.0
2024-04-30 09:30:00-04:00,10.65999984741211,10.9399995803833,10.5600004196167,10.86989974975586,60615,0.0,0.0
2024-04-30 10:30:00-04:00,10.869999885559082,11.125,10.809700012207031,10.970000267028809,69544,0.0,0.0
2024-04-30 11:30:00-04:00,10.984999656677246,11.039999961853027,10.90999984741211,11.020000457763672,53350,0.0,0.0
2024-04-30 12:30:00-04:00,11.010000228881836,11.010000228881836,10.869999885559082,10.989999771118164,40679,0.0,0.0
2024-04-30 13:30:00-04:00,10.984999656677246,11.039999961853027,10.900199890136719,10.919699668884277,37509,0.0,0.0
2024-04-30 14:30:00-04:00,10.920000076293945,10.949999809265137,10.739999771118164,10.760000228881836,65144,0.0,0.0
2024-04-30 15:30:00-04:00,10.760000228881836,10.829999923706055,10.710000038146973,10.710000038146973,138973,0.0,0.0
2024-05-01 09:30:00-04:00,10.720000267028809,11.279999732971191,10.600000381469727,11.257499694824219,81042,0.0,0.0
2024-05-01 10:30:00-04:00,11.289999961853027,11.359999656677246,11.239999771118164,11.289999961853027,45121,0.0,0.0
2024-05-01 11:30:00-04:00,11.319999694824219,11.319999694824219,11.033699989318848,11.130000114440918,22957,0.0,0.0
2024-05-01 12:30:00-04:00,11.149999618530273,11.529999732971191,11.140000343322754,11.529999732971191,60690,0.0,0.0
2024-05-01 13:30:00-04:00,11.529999732971191,11.630000114440918,11.380000114440918,11.630000114440918,159610,0.0,0.0
2024-05-01 14:30:00-04:00,11.619999885559082,12.079999923706055,11.510100364685059,11.78499984741211,214486,0.0,0.0
2024-05-01 15:30:00-04:00,11.770000457763672,11.8100004196167,11.539999961853027,11.569999694824219,214232,0.0,0.0
2024-05-02 09:30:00-04:00,11.529999732971191,11.899999618530273,11.400099754333496,11.869999885559082,81877,0.0,0.0
2024-05-02 10:30:00-04:00,11.869999885559082,11.970000267028809,11.510000228881836,11.585100173950195,75799,0.0,0.0
2024-05-02 11:30:00-04:00,11.600000381469727,11.789999961853027,11.550000190734863,11.760000228881836,76158,0.0,0.0
2024-05-02 12:30:00-04:00,11.770000457763672,12.050000190734863,11.699999809265137,12.050000190734863,85139,0.0,0.0
2024-05-02 13:30:00-04:00,12.029999732971191,12.069999694824219,11.859999656677246,11.869999885559082,61520,0.0,0.0
2024-05-02 14:30:00-04:00,11.869999885559082,11.970000267028809,11.84000015258789,11.859999656677246,82543,0.0,0.0
2024-05-02 15:30:00-04:00,11.850000381469727,12.0,11.835000038146973,11.930000305175781,146206,0.0,0.0
2024-05-03 09:30:00-04:00,12.829999923706055,13.11299991607666,12.1899995803833,12.27750015258789,173299,0.0,0.0
2024-05-03 10:30:00-04:00,12.3100004196167,12.510000228881836,12.199999809265137,12.260000228881836,59280,0.0,0.0
2024-05-03 11:30:00-04:00,12.289999961853027,12.420000076293945,12.220000267028809,12.225000381469727,41300,0.0,0.0
2024-05-03 12:30:00-04:00,12.199999809265137,12.460000038146973,12.194999694824219,12.414999961853027,46403,0.0,0.0
2024-05-03 13:30:00-04:00,12.414999961853027,12.420000076293945,12.25,12.279999732971191,47118,0.0,0.0
2024-05-03 14:30:00-04:00,12.279999732971191,12.449999809265137,12.199999809265137,12.390000343322754,75373,0.0,0.0
2024-05-03 15:30:00-04:00,12.390000343322754,12.489999771118164,12.329999923706055,12.329999923706055,119955,0.0,0.0
2024-05-06 09:30:00-04:00,12.619999885559082,12.69159984588623,12.3100004196167,12.545000076293945,76976,0.0,0.0
2024-05-06 10:30:00-04:00,12.5,12.520000457763672,11.958600044250488,12.079999923706055,84345,0.0,0.0
2024-05-06 11:30:00-04:00,12.079999923706055,12.1899995803833,12.039999961853027,12.052000045776367,40037,0.0,0.0
2024-05-06 12:30:00-04:00,12.050000190734863,12.234999656677246,11.96500015258789,12.1850004196167,51071,0.0,0.0
2024-05-06 13:30:00-04:00,12.170000076293945,12.279999732971191,12.149999618530273,12.279999732971191,25156,0.0,0.0
2024-05-06 14:30:00-04:00,12.270000457763672,12.270000457763672,12.170000076293945,12.239999771118164,39885,0.0,0.0
2024-05-06 15:30:00-04:00,12.229999542236328,12.309000015258789,12.180000305175781,12.260000228881836,84640,0.0,0.0
2024-05-07 09:30:00-04:00,12.25,12.380000114440918,12.08590030670166,12.270000457763672,48295,0.0,0.0
2024-05-07 10:30:00-04:00,12.289999961853027,12.4399995803833,12.244999885559082,12.300000190734863,48134,0.0,0.0
2024-05-07 11:30:00-04:00,12.289999961853027,12.329999923706055,12.170000076293945,12.241000175476074,51698,0.0,0.0
2024-05-07 12:30:00-04:00,12.255000114440918,12.255000114440918,11.989999771118164,11.989999771118164,48330,0.0,0.0
2024-05-07 13:30:00-04:00,12.0,12.029999732971191,11.819999694824219,11.819999694824219,44428,0.0,0.0
2024-05-07 14:30:00-04:00,11.789999961853027,11.989999771118164,11.770000457763672,11.979999542236328,51275,0.0,0.0
2024-05-07 15:30:00-04:00,11.984999656677246,12.100000381469727,11.949999809265137,12.0,99430,0.0,0.0
2024-05-08 09:30:00-04:00,11.760000228881836,12.010000228881836,11.4399995803833,11.510000228881836,51868,0.0,0.0
2024-05-08 10:30:00-04:00,11.524999618530273,11.569999694824219,11.399999618530273,11.40999984741211,52744,0.0,0.0
2024-05-08 11:30:00-04:00,11.399999618530273,11.420000076293945,11.210000038146973,11.260000228881836,81126,0.0,0.0
2024-05-08 12:30:00-04:00,11.279999732971191,11.319999694824219,11.055000305175781,11.069999694824219,57625,0.0,0.0
2024-05-08 13:30:00-04:00,11.0600004196167,11.09000015258789,10.920000076293945,10.954999923706055,111352,0.0,0.0
2024-05-08 14:30:00-04:00,10.979999542236328,11.130000114440918,10.885000228881836,11.079999923706055,86460,0.0,0.0
2024-05-08 15:30:00-04:00,11.088399887084961,11.15999984741211,11.039999961853027,11.069999694824219,108467,0.0,0.0
2024-05-09 09:30:00-04:00,11.149999618530273,11.369999885559082,11.020000457763672,11.239999771118164,52333,0.0,0.0
2024-05-09 10:30:00-04:00,11.248000144958496,11.59000015258789,11.210000038146973,11.430000305175781,60788,0.0,0.0
2024-05-09 11:30:00-04:00,11.420000076293945,11.449999809265137,11.34000015258789,11.390000343322754,45027,0.0,0.0
2024-05-09 12:30:00-04:00,11.38379955291748,11.399999618530273,11.300000190734863,11.390000343322754,37711,0.0,0.0
2024-05-09 13:30:00-04:00,11.380000114440918,11.420000076293945,11.329999923706055,11.34000015258789,35416,0.0,0.0
2024-05-09 14:30:00-04:00,11.34000015258789,11.399999618530273,11.289999961853027,11.390000343322754,59195,0.0,0.0
2024-05-09 15:30:00-04:00,11.395000457763672,11.520000457763672,11.380000114440918,11.449999809265137,159103,0.0,0.0
2024-05-10 09:30:00-04:00,11.59000015258789,11.789999961853027,11.09000015258789,11.09000015258789,75257,0.0,0.0
2024-05-10 10:30:00-04:00,11.100000381469727,11.180000305175781,10.960000038146973,11.010000228881836,49118,0.0,0.0
2024-05-10 11:30:00-04:00,11.020000457763672,11.039999961853027,10.800000190734863,10.800000190734863,70918,0.0,0.0
2024-05-10 12:30:00-04:00,10.789999961853027,10.859999656677246,10.720000267028809,10.760000228881836,33464,0.0,0.0
2024-05-10 13:30:00-04:00,10.779999732971191,10.84000015258789,10.75,10.8100004196167,34341,0.0,0.0
2024-05-10 14:30:00-04:00,10.8100004196167,10.8100004196167,10.60990047454834,10.657999992370605,82541,0.0,0.0
2024-05-10 15:30:00-04:00,10.65999984741211,10.720000267028809,10.619999885559082,10.65999984741211,114837,0.0,0.0
2024-05-13 09:30:00-04:00,10.720000267028809,11.300000190734863,10.65999984741211,11.300000190734863,66449,0.0,0.0
2024-05-13 10:30:00-04:00,11.260000228881836,11.40999984741211,11.194999694824219,11.220000267028809,102775,0.0,0.0
2024-05-13 11:30:00-04:00,11.1850004196167,11.380000114440918,11.170000076293945,11.34000015258789,38173,0.0,0.0
2024-05-13 12:30:00-04:00,11.350000381469727,11.369999885559082,11.220000267028809,11.220000267028809,33760,0.0,0.0
2024-05-13 13:30:00-04:00,11.210000038146973,11.347999572753906,11.189900398254395,11.329999923706055,41152,0.0,0.0
2024-05-13 14:30:00-04:00,11.335000038146973,11.354999542236328,11.170000076293945,11.170000076293945,27323,0.0,0.0
2024-05-13 15:30:00-04:00,11.170000076293945,11.470000267028809,11.149999618530273,11.470000267028809,92795,0.0,0.0
2024-05-14 09:30:00-04:00,11.699999809265137,12.520000457763672,11.699999809265137,12.210000038146973,201587,0.0,0.0
2024-05-14 10:30:00-04:00,12.220000267028809,12.800000190734863,12.194999694824219,12.614999771118164,132433,0.0,0.0
2024-05-14 11:30:00-04:00,12.600099563598633,12.800000190734863,12.420000076293945,12.420000076293945,198335,0.0,0.0
2024-05-14 12:30:00-04:00,12.430000305175781,12.449999809265137,12.069999694824219,12.175000190734863,62736,0.0,0.0
2024-05-14 13:30:00-04:00,12.15999984741211,12.489999771118164,12.15999984741211,12.289999961853027,41746,0.0,0.0
2024-05-14 14:30:00-04:00,12.300000190734863,12.414999961853027,12.289999961853027,12.300000190734863,50028,0.0,0.0
2024-05-14 15:30:00-04:00,12.3100004196167,12.420000076293945,12.289999961853027,12.34000015258789,88379,0.0,0.0
2024-05-15 09:30:00-04:00,12.59000015258789,13.100000381469727,12.515000343322754,12.975000381469727,167039,0.0,0.0
2024-05-15 10:30:00-04:00,12.975000381469727,13.039999961853027,12.69540023803711,12.899999618530273,169778,0.0,0.0
2024-05-15 11:30:00-04:00,12.869999885559082,13.15999984741211,12.869999885559082,13.100000381469727,102268,0.0,0.0
2024-05-15 12:30:00-04:00,13.100000381469727,13.270000457763672,13.029999732971191,13.210000038146973,91552,0.0,0.0
2024-05-15 13:30:00-04:00,13.140000343322754,13.3100004196167,13.109999656677246,13.289999961853027,72403,0.0,0.0
2024-05-15 14:30:00-04:00,13.279999732971191,13.319999694824219,13.130000114440918,13.225000381469727,55477,0.0,0.0
2024-05-15 15:30:00-04:00,13.239999771118164,13.329999923706055,13.140700340270996,13.239999771118164,120891,0.0,0.0
2024-05-16 09:30:00-04:00,13.239999771118164,13.430000305175781,13.029999732971191,13.270000457763672,42335,0.0,0.0
2024-05-16 10:30:00-04:00,13.270000457763672,13.270000457763672,13.039999961853027,13.09000015258789,42466,0.0,0.0
2024-05-16 11:30:00-04:00,13.09000015258789,13.095000267028809,12.800000190734863,12.819999694824219,49991,0.0,0.0
2024-05-16 12:30:00-04:00,12.819999694824219,12.960000038146973,12.8100004196167,12.890000343322754,36892,0.0,0.0
2024-05-16 13:30:00-04:00,12.910799980163574,13.020000457763672,12.829999923706055,12.829999923706055,31193,0.0,0.0
2024-05-16 14:30:00-04:00,12.819999694824219,12.869999885559082,12.680000305175781,12.739999771118164,64208,0.0,0.0
2024-05-16 15:30:00-04:00,12.739999771118164,12.876899719238281,12.739999771118164,12.789999961853027,92223,0.0,0.0
2024-05-17 09:30:00-04:00,12.850000381469727,12.850000381469727,12.600000381469727,12.600000381469727,29763,0.0,0.0
2024-05-17 10:30:00-04:00,12.649999618530273,12.734999656677246,12.479999542236328,12.65999984741211,43985,0.0,0.0
2024-05-17 11:30:00-04:00,12.640000343322754,12.717700004577637,12.5600004196167,12.670000076293945,24023,0.0,0.0
2024-05-17 12:30:00-04:00,12.680000305175781,12.779999732971191,12.609999656677246,12.630000114440918,37576,0.0,0.0
2024-05-17 13:30:00-04:00,12.619999885559082,12.619999885559082,12.350000381469727,12.350000381469727,59608,0.0,0.0
2024-05-17 14:30:00-04:00,12.354999542236328,12.369999885559082,12.170000076293945,12.25,82807,0.0,0.0
2024-05-17 15:30:00-04:00,12.260000228881836,12.279999732971191,12.199999809265137,12.229999542236328,82059,0.0,0.0
2024-05-20 09:30:00-04:00,12.239999771118164,12.619999885559082,12.001999855041504,12.449999809265137,80075,0.0,0.0
2024-05-20 10:30:00-04:00,12.430000305175781,12.59000015258789,12.390000343322754,12.59000015258789,49584,0.0,0.0
2024-05-20 11:30:00-04:00,12.579999923706055,12.693099975585938,12.520099639892578,12.5649995803833,36699,0.0,0.0
2024-05-20 12:30:00-04:00,12.569999694824219,12.640000343322754,12.510000228881836,12.550000190734863,20240,0.0,0.0
2024-05-20 13:30:00-04:00,12.545000076293945,12.699999809265137,12.489999771118164,12.630000114440918,43810,0.0,0.0
2024-05-20 14:30:00-04:00,12.609999656677246,12.635000228881836,12.539999961853027,12.539999961853027,27071,0.0,0.0
2024-05-20 15:30:00-04:00,12.520000457763672,12.640000343322754,12.359999656677246,12.619999885559082,107172,0.0,0.0
2024-05-21 09:30:00-04:00,12.479999542236328,12.59000015258789,11.920000076293945,12.04990005493164,69346,0.0,0.0
2024-05-21 10:30:00-04:00,11.979999542236328,12.048600196838379,11.800000190734863,11.930000305175781,81368,0.0,0.0
2024-05-21 11:30:00-04:00,11.9399995803833,11.9399995803833,11.720000267028809,11.800100326538086,35063,0.0,0.0
2024-05-21 12:30:00-04:00,11.8149995803833,11.829999923706055,11.670000076293945,11.720000267028809,46236,0.0,0.0
2024-05-21 13:30:00-04:00,11.729999542236328,11.979999542236328,11.710000038146973,11.869999885559082,115379,0.0,0.0
2024-05-21 14:30:00-04:00,11.880000114440918,11.880000114440918,11.699999809265137,11.75,39480,0.0,0.0
2024-05-21 15:30:00-04:00,11.729999542236328,11.734999656677246,11.470000267028809,11.579999923706055,165945,0.0,0.0
2024-05-22 09:30:00-04:00,11.630000114440918,11.640000343322754,11.329999923706055,11.630000114440918,87577,0.0,0.0
2024-05-22 10:30:00-04:00,11.630000114440918,11.8100004196167,11.604999542236328,11.75,67398,0.0,0.0
2024-05-22 11:30:00-04:00,11.729999542236328,11.854999542236328,11.6899995803833,11.729999542236328,82228,0.0,0.0
2024-05-22 12:30:00-04:00,11.710000038146973,11.829999923706055,11.539999961853027,11.829999923706055,32517,0.0,0.0
2024-05-22 13:30:00-04:00,11.800000190734863,11.850000381469727,11.640000343322754,11.649999618530273,44603,0.0,0.0
2024-05-22 14:30:00-04:00,11.670000076293945,11.6899995803833,11.520000457763672,11.529999732971191,42159,0.0,0.0
2024-05-22 15:30:00-04:00,11.529999732971191,11.5600004196167,11.289999961853027,11.5,133219,0.0,0.0
2024-05-23 09:30:00-04:00,11.609999656677246,11.619999885559082,11.1899995803833,11.34000015258789,161781,0.0,0.0
2024-05-23 10:30:00-04:00,11.329999923706055,11.550000190734863,11.329999923706055,11.4399995803833,45187,0.0,0.0
2024-05-23 11:30:00-04:00,11.430100440979004,11.510000228881836,11.329999923706055,11.34000015258789,23998,0.0,0.0
2024-05-23 12:30:00-04:00,11.329999923706055,11.34000015258789,11.1850004196167,11.279999732971191,81317,0.0,0.0
2024-05-23 13:30:00-04:00,11.279999732971191,11.300000190734863,11.0600004196167,11.100000381469727,121507,0.0,0.0
2024-05-23 14:30:00-04:00,11.109999656677246,11.180000305175781,11.069999694824219,11.119999885559082,85916,0.0,0.0
2024-05-23 15:30:00-04:00,11.109999656677246,11.15999984741211,11.079999923706055,11.15999984741211,180361,0.0,0.0
2024-05-24 09:30:00-04:00,11.130000114440918,11.260000228881836,10.800000190734863,10.930000305175781,214542,0.0,0.0
2024-05-24 10:30:00-04:00,10.930000305175781,11.600000381469727,10.930000305175781,11.515000343322754,210034,0.0,0.0
2024-05-24 11:30:00-04:00,11.529999732971191,11.53499984741211,11.220100402832031,11.274999618530273,39708,0.0,0.0
2024-05-24 12:30:00-04:00,11.25,11.345000267028809,11.079999923706055,11.09000015258789,89628,0.0,0.0
2024-05-24 13:30:00-04:00,11.09000015258789,11.09000015258789,10.75,10.850000381469727,92697,0.0,0.0
2024-05-24 14:30:00-04:00,10.84630012512207,10.949999809265137,10.729999542236328,10.949999809265137,118073,0.0,0.0
2024-05-24 15:30:00-04:00,10.970000267028809,11.039999961853027,10.835000038146973,11.020000457763672,175125,0.0,0.0
2024-05-28 09:30:00-04:00,11.270000457763672,11.619999885559082,11.130000114440918,11.479999542236328,77393,0.0,0.0
2024-05-28 10:30:00-04:00,11.444999694824219,11.619999885559082,11.369999885559082,11.414999961853027,52651,0.0,0.0
2024-05-28 11:30:00-04:00,11.40999984741211,11.529999732971191,11.385000228881836,11.449999809265137,76200,0.0,0.0
2024-05-28 12:30:00-04:00,11.449999809265137,11.479999542236328,11.369999885559082,11.454999923706055,68587,0.0,0.0
2024-05-28 13:30:00-04:00,11.449999809265137,11.529999732971191,11.402000427246094,11.4399995803833,95874,0.0,0.0
2024-05-28 14:30:00-04:00,11.449999809265137,11.819999694824219,11.414999961853027,11.770000457763672,103934,0.0,0.0
2024-05-28 15:30:00-04:00,11.742899894714355,11.880000114440918,11.640000343322754,11.640000343322754,145491,0.0,0.0
2024-05-29 09:30:00-04:00,11.34000015258789,11.600000381469727,11.069999694824219,11.069999694824219,74407,0.0,0.0
2024-05-29 10:30:00-04:00,11.079999923706055,11.319999694824219,11.029999732971191,11.319999694824219,51313,0.0,0.0
2024-05-29 11:30:00-04:00,11.329999923706055,11.369999885559082,11.15999984741211,11.15999984741211,27859,0.0,0.0
2024-05-29 12:30:00-04:00,11.119999885559082,11.140000343322754,10.979999542236328,11.069999694824219,54715,0.0,0.0
2024-05-29 13:30:00-04:00,11.109999656677246,11.119999885559082,10.694999694824219,10.694999694824219,305624,0.0,0.0
2024-05-29 14:30:00-04:00,10.699999809265137,11.020000457763672,10.600000381469727,10.869999885559082,143505,0.0,0.0
2024-05-29 15:30:00-04:00,10.859999656677246,10.9399995803833,10.800000190734863,10.899999618530273,280563,0.0,0.0
2024-05-30 09:30:00-04:00,10.960000038146973,11.180000305175781,10.859999656677246,11.100000381469727,123525,0.0,0.0
2024-05-30 10:30:00-04:00,11.100000381469727,11.100000381469727,10.869999885559082,10.9350004196167,36899,0.0,0.0
2024-05-30 11:30:00-04:00,10.930000305175781,10.960000038146973,10.739999771118164,10.739999771118164,75560,0.0,0.0
2024-05-30 12:30:00-04:00,10.739999771118164,10.739999771118164,10.420000076293945,10.484999656677246,183968,0.0,0.0
2024-05-30 13:30:00-04:00,10.479999542236328,10.489999771118164,10.385000228881836,10.449999809265137,97858,0.0,0.0
2024-05-30 14:30:00-04:00,10.449999809265137,10.470000267028809,10.149999618530273,10.279999732971191,88693,0.0,0.0
2024-05-30 15:30:00-04:00,10.270000457763672,10.470000267028809,10.239999771118164,10.449999809265137,225302,0.0,0.0
2024-05-31 09:30:00-04:00,10.640000343322754,10.829999923706055,10.5,10.664999961853027,79099,0.0,0.0
2024-05-31 10:30:00-04:00,10.649999618530273,10.649999618530273,10.4399995803833,10.595000267028809,143965,0.0,0.0
2024-05-31 11:30:00-04:00,10.595000267028809,10.704999923706055,10.550000190734863,10.5649995803833,63948,0.0,0.0
2024-05-31 12:30:00-04:00,10.569999694824219,10.625,10.550000190734863,10.614999771118164,44891,0.0,0.0
2024-05-31 13:30:00-04:00,10.600000381469727,10.630000114440918,10.380000114440918,10.489999771118164,77512,0.0,0.0
2024-05-31 14:30:00-04:00,10.479999542236328,10.670000076293945,10.430000305175781,10.59000015258789,114291,0.0,0.0
2024-05-31 15:30:00-04:00,10.585000038146973,10.640000343322754,10.489999771118164,10.520000457763672,174335,0.0,0.0
2024-06-03 09:30:00-04:00,10.850000381469727,11.28499984741211,10.670000076293945,11.1850004196167,139551,0.0,0.0
2024-06-03 10:30:00-04:00,11.149999618530273,11.329999923706055,10.920000076293945,11.109999656677246,161203,0.0,0.0
2024-06-03 11:30:00-04:00,11.109999656677246,11.1899995803833,11.010000228881836,11.010000228881836,63285,0.0,0.0
2024-06-03 12:30:00-04:00,11.0,11.010000228881836,10.619999885559082,10.6899995803833,86246,0.0,0.0
2024-06-03 13:30:00-04:00,10.710000038146973,10.84000015258789,10.680000305175781,10.84000015258789,57153,0.0,0.0
2024-06-03 14:30:00-04:00,10.850000381469727,10.9399995803833,10.8100004196167,10.880000114440918,63241,0.0,0.0
2024-06-03 15:30:00-04:00,10.859999656677246,10.979999542236328,10.800000190734863,10.979999542236328,136884,0.0,0.0
2024-06-04 09:30:00-04:00,10.880000114440918,11.079999923706055,10.765000343322754,10.895000457763672,61012,0.0,0.0
2024-06-04 10:30:00-04:00,10.869999885559082,10.869999885559082,10.6899995803833,10.710000038146973,37579,0.0,0.0
2024-06-04 11:30:00-04:00,10.710000038146973,10.774999618530273,10.600000381469727,10.729999542236328,50290,0.0,0.0
2024-06-04 12:30:00-04:00,10.699999809265137,10.699999809265137,10.60219955444336,10.649999618530273,38156,0.0,0.0
2024-06-04 13:30:00-04:00,10.65999984741211,10.8100004196167,10.630000114440918,10.789999961853027,46493,0.0,0.0
2024-06-04 14:30:00-04:00,10.789999961853027,10.789999961853027,10.539999961853027,10.65999984741211,132651,0.0,0.0
2024-06-04 15:30:00-04:00,10.670000076293945,10.970000267028809,10.649999618530273,10.949999809265137,184802,0.0,0.0
2024-06-05 09:30:00-04:00,11.0600004196167,11.095000267028809,10.670000076293945,11.095000267028809,45063,0.0,0.0
2024-06-05 10:30:00-04:00,11.100000381469727,11.359999656677246,11.09000015258789,11.199999809265137,70060,0.0,0.0
2024-06-05 11:30:00-04:00,11.180000305175781,11.40999984741211,11.180000305175781,11.399999618530273,38979,0.0,0.0
2024-06-05 12:30:00-04:00,11.390000343322754,11.550000190734863,11.329999923706055,11.369999885559082,60133,0.0,0.0
2024-06-05 13:30:00-04:00,11.414999961853027,11.430000305175781,11.329999923706055,11.390000343322754,38471,0.0,0.0
2024-06-05 14:30:00-04:00,11.380000114440918,11.524999618530273,11.350000381469727,11.40999984741211,56236,0.0,0.0
2024-06-05 15:30:00-04:00,11.40999984741211,11.9399995803833,11.40999984741211,11.829999923706055,239680,0.0,0.0
2024-06-06 09:30:00-04:00,11.800000190734863,11.859999656677246,11.44159984588623,11.680000305175781,62220,0.0,0.0
2024-06-06 10:30:00-04:00,11.680000305175781,11.720000267028809,11.5600004196167,11.59000015258789,30170,0.0,0.0
2024-06-06 11:30:00-04:00,11.59000015258789,11.59000015258789,11.34000015258789,11.34000015258789,25992,0.0,0.0
2024-06-06 12:30:00-04:00,11.34000015258789,11.379899978637695,11.270000457763672,11.379899978637695,34134,0.0,0.0
2024-06-06 13:30:00-04:00,11.385000228881836,11.385000228881836,11.199999809265137,11.289999961853027,35436,0.0,0.0
2024-06-06 14:30:00-04:00,11.300000190734863,11.510000228881836,11.274999618530273,11.460000038146973,55344,0.0,0.0
2024-06-06 15:30:00-04:00,11.420000076293945,11.4399995803833,11.199999809265137,11.260000228881836,129060,0.0,0.0
2024-06-07 09:30:00-04:00,3.859999895095825,4.0,3.610300064086914,3.9000000953674316,5311277,0.0,0.0
2024-06-07 10:30:00-04:00,3.9049999713897705,4.349999904632568,3.9000000953674316,4.152699947357178,2022991,0.0,0.0
2024-06-07 11:30:00-04:00,4.159999847412109,4.320000171661377,4.150000095367432,4.150000095367432,1001671,0.0,0.0
2024-06-07 12:30:00-04:00,4.150000095367432,4.179999828338623,4.0,4.000999927520752,723465,0.0,0.0
2024-06-07 13:30:00-04:00,4.008900165557861,4.090000152587891,3.880000114440918,4.045000076293945,954015,0.0,0.0
2024-06-07 14:30:00-04:00,4.039999961853027,4.159999847412109,3.9700000286102295,4.058800220489502,825966,0.0,0.0
2024-06-07 15:30:00-04:00,4.054999828338623,4.210000038146973,4.039999961853027,4.139999866485596,770292,0.0,0.0
2024-06-10 09:30:00-04:00,4.170000076293945,4.46999979019165,3.825000047683716,4.420000076293945,1515672,0.0,0.0
2024-06-10 10:30:00-04:00,4.429999828338623,4.519400119781494,4.275000095367432,4.460999965667725,992252,0.0,0.0
2024-06-10 11:30:00-04:00,4.480000019073486,4.485000133514404,4.210999965667725,4.28000020980835,463516,0.0,0.0
2024-06-10 12:30:00-04:00,4.28000020980835,4.329999923706055,4.179999828338623,4.200099945068359,368828,0.0,0.0
2024-06-10 13:30:00-04:00,4.199999809265137,4.300000190734863,4.159999847412109,4.269999980926514,440361,0.0,0.0
2024-06-10 14:30:00-04:00,4.269999980926514,4.409999847412109,4.25,4.3308000564575195,477953,0.0,0.0
2024-06-10 15:30:00-04:00,4.335000038146973,4.340000152587891,4.239999771118164,4.300000190734863,649006,0.0,0.0
2024-06-11 09:30:00-04:00,4.190000057220459,4.449999809265137,4.079999923706055,4.429999828338623,575726,0.0,0.0
2024-06-11 10:30:00-04:00,4.430500030517578,4.590000152587891,4.369999885559082,4.400000095367432,423846,0.0,0.0
2024-06-11 11:30:00-04:00,4.401599884033203,4.449999809265137,4.369999885559082,4.4415998458862305,169132,0.0,0.0
2024-06-11 12:30:00-04:00,4.460000038146973,4.599999904632568,4.429999828338623,4.539999961853027,181438,0.0,0.0
2024-06-11 13:30:00-04:00,4.54010009765625,4.619999885559082,4.5,4.610000133514404,312965,0.0,0.0
2024-06-11 14:30:00-04:00,4.610000133514404,4.610000133514404,4.329999923706055,4.389999866485596,280906,0.0,0.0
2024-06-11 15:30:00-04:00,4.389999866485596,4.445000171661377,4.329999923706055,4.400000095367432,391958,0.0,0.0
2024-06-12 09:30:00-04:00,4.590000152587891,4.630000114440918,4.440000057220459,4.559999942779541,201144,0.0,0.0
2024-06-12 10:30:00-04:00,4.5609002113342285,4.819900035858154,4.5,4.699999809265137,445788,0.0,0.0
2024-06-12 11:30:00-04:00,4.699999809265137,4.769999980926514,4.570000171661377,4.710000038146973,321053,0.0,0.0
2024-06-12 12:30:00-04:00,4.710000038146973,4.849999904632568,4.699999809265137,4.760000228881836,257803,0.0,0.0
2024-06-12 13:30:00-04:00,4.769999980926514,4.789999961853027,4.659999847412109,4.739999771118164,151144,0.0,0.0
2024-06-12 14:30:00-04:00,4.739999771118164,4.800000190734863,4.639999866485596,4.639999866485596,232461,0.0,0.0
2024-06-12 15:30:00-04:00,4.639999866485596,4.684999942779541,4.559999942779541,4.610000133514404,472226,0.0,0.0
2024-06-13 09:30:00-04:00,4.949999809265137,6.08620023727417,4.889999866485596,5.617199897766113,2330763,0.0,0.0
2024-06-13 10:30:00-04:00,5.619999885559082,5.920000076293945,5.510000228881836,5.7195000648498535,826448,0.0,0.0
2024-06-13 11:30:00-04:00,5.682000160217285,5.880000114440918,5.5,5.590000152587891,677258,0.0,0.0
2024-06-13 12:30:00-04:00,5.579999923706055,5.809999942779541,5.449999809265137,5.79010009765625,312589,0.0,0.0
2024-06-13 13:30:00-04:00,5.817200183868408,5.817200183868408,5.650000095367432,5.75,340970,0.0,0.0
2024-06-13 14:30:00-04:00,5.739999771118164,5.809999942779541,5.670000076293945,5.755000114440918,317549,0.0,0.0
2024-06-13 15:30:00-04:00,5.755000114440918,5.849999904632568,5.71999979019165,5.820000171661377,451528,0.0,0.0
2024-06-14 09:30:00-04:00,5.699999809265137,5.90939998626709,5.580399990081787,5.869999885559082,361459,0.0,0.0
2024-06-14 10:30:00-04:00,5.889999866485596,6.104000091552734,5.88730001449585,6.037799835205078,450838,0.0,0.0
2024-06-14 11:30:00-04:00,6.03000020980835,6.099999904632568,5.829999923706055,5.909999847412109,199884,0.0,0.0
2024-06-14 12:30:00-04:00,5.90500020980835,5.9197001457214355,5.789999961853027,5.880000114440918,128470,0.0,0.0
2024-06-14 13:30:00-04:00,5.879899978637695,5.989999771118164,5.809999942779541,5.889999866485596,176455,0.0,0.0
2024-06-14 14:30:00-04:00,5.894999980926514,5.925000190734863,5.579999923706055,5.760000228881836,261048,0.0,0.0
2024-06-14 15:30:00-04:00,5.764999866485596,5.804999828338623,5.570099830627441,5.639999866485596,486147,0.0,0.0
2024-06-17 09:30:00-04:00,5.610000133514404,5.610000133514404,4.670499801635742,4.829999923706055,782083,0.0,0.0
2024-06-17 10:30:00-04:00,4.820000171661377,4.949699878692627,4.790999889373779,4.940000057220459,266554,0.0,0.0
2024-06-17 11:30:00-04:00,4.949999809265137,5.019999980926514,4.829999923706055,5.0,200921,0.0,0.0
2024-06-17 12:30:00-04:00,4.989999771118164,5.199999809265137,4.980899810791016,5.184999942779541,153152,0.0,0.0
2024-06-17 13:30:00-04:00,5.179999828338623,5.260000228881836,5.090000152587891,5.15500020980835,123954,0.0,0.0
2024-06-17 14:30:00-04:00,5.164999961853027,5.239999771118164,5.130000114440918,5.190000057220459,176496,0.0,0.0
2024-06-17 15:30:00-04:00,5.190000057220459,5.210000038146973,5.079999923706055,5.079999923706055,266589,0.0,0.0
2024-06-18 09:30:00-04:00,5.070000171661377,5.079999923706055,4.789999961853027,4.804999828338623,225048,0.0,0.0
2024-06-18 10:30:00-04:00,4.809700012207031,4.96999979019165,4.804999828338623,4.920000076293945,150367,0.0,0.0
2024-06-18 11:30:00-04:00,4.920000076293945,5.079999923706055,4.889999866485596,5.070000171661377,110794,0.0,0.0
2024-06-18 12:30:00-04:00,5.070000171661377,5.070000171661377,4.80109977722168,4.815000057220459,154454,0.0,0.0
2024-06-18 13:30:00-04:00,4.809999942779541,4.835000038146973,4.742000102996826,4.760799884796143,258391,0.0,0.0
2024-06-18 14:30:00-04:00,4.764999866485596,4.864999771118164,4.764999866485596,4.839900016784668,242353,0.0,0.0
2024-06-18 15:30:00-04:00,4.835000038146973,4.869999885559082,4.789999961853027,4.849999904632568,304292,0.0,0.0
2024-06-20 09:30:00-04:00,4.860000133514404,4.9004998207092285,4.690000057220459,4.860000133514404,237686,0.0,0.0
2024-06-20 10:30:00-04:00,4.860000133514404,4.920000076293945,4.829999923706055,4.840000152587891,136534,0.0,0.0
2024-06-20 11:30:00-04:00,4.849999904632568,4.940000057220459,4.820000171661377,4.929999828338623,116046,0.0,0.0
2024-06-20 12:30:00-04:00,4.909999847412109,4.96999979019165,4.880000114440918,4.940000057220459,122223,0.0,0.0
2024-06-20 13:30:00-04:00,4.940000057220459,5.190000057220459,4.929999828338623,5.190000057220459,209255,0.0,0.0
2024-06-20 14:30:00-04:00,5.199999809265137,5.210000038146973,5.059999942779541,5.099999904632568,237794,0.0,0.0
2024-06-20 15:30:00-04:00,5.099999904632568,5.190000057220459,5.03000020980835,5.190000057220459,330542,0.0,0.0
2024-06-21 09:30:00-04:00,5.150000095367432,5.369999885559082,5.079999923706055,5.210000038146973,165612,0.0,0.0
2024-06-21 10:30:00-04:00,5.195000171661377,5.389999866485596,5.195000171661377,5.349999904632568,122138,0.0,0.0
2024-06-21 11:30:00-04:00,5.360000133514404,5.420000076293945,5.300000190734863,5.309000015258789,87986,0.0,0.0
2024-06-21 12:30:00-04:00,5.300000190734863,5.489999771118164,5.300000190734863,5.489999771118164,90094,0.0,0.0
2024-06-21 13:30:00-04:00,5.480000019073486,5.5,5.420000076293945,5.449999809265137,108503,0.0,0.0
2024-06-21 14:30:00-04:00,5.445000171661377,5.449999809265137,5.25,5.289999961853027,196366,0.0,0.0
2024-06-21 15:30:00-04:00,5.28000020980835,5.28000020980835,5.079999923706055,5.239999771118164,657940,0.0,0.0
2024-06-24 09:30:00-04:00,5.300000190734863,5.760000228881836,5.289999961853027,5.630199909210205,259001,0.0,0.0
2024-06-24 10:30:00-04:00,5.650000095367432,5.829999923706055,5.570000171661377,5.630000114440918,303435,0.0,0.0
2024-06-24 11:30:00-04:00,5.639999866485596,5.639999866485596,5.510000228881836,5.570000171661377,85217,0.0,0.0
2024-06-24 12:30:00-04:00,5.570000171661377,5.590000152587891,5.53000020980835,5.559999942779541,73702,0.0,0.0
2024-06-24 13:30:00-04:00,5.579999923706055,5.639999866485596,5.480000019073486,5.530099868774414,110025,0.0,0.0
2024-06-24 14:30:00-04:00,5.539999961853027,5.579999923706055,5.46999979019165,5.510000228881836,104252,0.0,0.0
2024-06-24 15:30:00-04:00,5.519999980926514,5.639999866485596,5.510000228881836,5.554999828338623,221928,0.0,0.0
2024-06-25 09:30:00-04:00,5.579999923706055,5.579999923706055,5.170000076293945,5.230000019073486,197729,0.0,0.0
2024-06-25 10:30:00-04:00,5.239999771118164,5.389999866485596,5.224999904632568,5.360000133514404,34587,0.0,0.0
2024-06-25 11:30:00-04:00,5.340000152587891,5.360000133514404,5.210000038146973,5.25,50933,0.0,0.0
2024-06-25 12:30:00-04:00,5.25,5.369999885559082,5.25,5.340000152587891,48870,0.0,0.0
2024-06-25 13:30:00-04:00,5.329999923706055,5.360000133514404,5.300000190734863,5.300000190734863,47079,0.0,0.0
2024-06-25 14:30:00-04:00,5.300000190734863,5.355000019073486,5.239999771118164,5.260000228881836,93754,0.0,0.0
2024-06-25 15:30:00-04:00,5.255000114440918,5.28000020980835,5.184999942779541,5.210000038146973,127334,0.0,0.0
2024-06-26 09:30:00-04:00,5.079999923706055,5.170000076293945,4.791999816894531,4.820000171661377,347696,0.0,0.0
2024-06-26 10:30:00-04:00,4.820000171661377,4.840000152587891,4.679999828338623,4.690000057220459,198781,0.0,0.0
2024-06-26 11:30:00-04:00,4.690000057220459,4.698200225830078,4.610000133514404,4.649899959564209,170596,0.0,0.0
2024-06-26 12:30:00-04:00,4.635000228881836,4.679999828338623,4.605000019073486,4.614999771118164,110684,0.0,0.0
2024-06-26 13:30:00-04:00,4.605000019073486,4.625,4.550000190734863,4.558000087738037,145491,0.0,0.0
2024-06-26 14:30:00-04:00,4.550000190734863,4.558800220489502,4.380000114440918,4.399799823760986,159408,0.0,0.0
2024-06-26 15:30:00-04:00,4.389999866485596,4.460000038146973,4.360000133514404,4.449999809265137,218551,0.0,0.0
2024-06-27 09:30:00-04:00,4.5,4.590000152587891,4.400000095367432,4.545000076293945,101535,0.0,0.0
2024-06-27 10:30:00-04:00,4.545000076293945,4.570000171661377,4.519999980926514,4.519999980926514,55264,0.0,0.0
2024-06-27 11:30:00-04:00,4.510000228881836,4.570000171661377,4.5,4.559899806976318,35174,0.0,0.0
2024-06-27 12:30:00-04:00,4.550000190734863,4.59499979019165,4.505000114440918,4.53000020980835,51829,0.0,0.0
2024-06-27 13:30:00-04:00,4.525000095367432,4.539999961853027,4.420000076293945,4.53000020980835,94720,0.0,0.0
2024-06-27 14:30:00-04:00,4.53000020980835,4.650000095367432,4.519999980926514,4.53000020980835,191740,0.0,0.0
2024-06-27 15:30:00-04:00,4.534999847412109,4.550000190734863,4.489999771118164,4.53000020980835,203755,0.0,0.0
2024-06-28 09:30:00-04:00,4.53000020980835,4.709199905395508,4.420100212097168,4.579999923706055,106956,0.0,0.0
2024-06-28 10:30:00-04:00,4.579999923706055,4.625,4.5,4.53000020980835,52375,0.0,0.0
2024-06-28 11:30:00-04:00,4.510000228881836,4.610000133514404,4.5,4.599999904632568,59984,0.0,0.0
2024-06-28 12:30:00-04:00,4.610000133514404,4.639900207519531,4.5,4.519999980926514,53461,0.0,0.0
2024-06-28 13:30:00-04:00,4.539999961853027,4.539999961853027,4.460000038146973,4.514999866485596,70028,0.0,0.0
2024-06-28 14:30:00-04:00,4.514999866485596,4.519999980926514,4.460000038146973,4.480000019073486,247762,0.0,0.0
2024-06-28 15:30:00-04:00,4.46999979019165,4.529799938201904,4.445000171661377,4.489999771118164,208944,0.0,0.0
2024-07-01 09:30:00-04:00,4.534999847412109,4.710000038146973,4.460000038146973,4.699999809265137,162604,0.0,0.0
2024-07-01 10:30:00-04:00,4.699999809265137,4.739999771118164,4.639999866485596,4.639999866485596,95075,0.0,0.0
2024-07-01 11:30:00-04:00,4.639999866485596,4.650000095367432,4.510000228881836,4.510000228881836,49339,0.0,0.0
2024-07-01 12:30:00-04:00,4.510000228881836,4.550000190734863,4.494999885559082,4.510000228881836,100537,0.0,0.0
2024-07-01 13:30:00-04:00,4.514999866485596,4.514999866485596,4.389999866485596,4.410200119018555,99278,0.0,0.0
2024-07-01 14:30:00-04:00,4.414999961853027,4.510000228881836,4.389999866485596,4.389999866485596,86733,0.0,0.0
2024-07-01 15:30:00-04:00,4.389999866485596,4.440000057220459,4.385000228881836,4.409999847412109,315707,0.0,0.0
2024-07-02 09:30:00-04:00,4.409999847412109,4.630000114440918,4.360000133514404,4.559999942779541,88322,0.0,0.0
2024-07-02 10:30:00-04:00,4.570000171661377,4.679999828338623,4.527299880981445,4.639999866485596,81202,0.0,0.0
2024-07-02 11:30:00-04:00,4.63129997253418,4.679999828338623,4.600100040435791,4.630000114440918,71270,0.0,0.0
2024-07-02 12:30:00-04:00,4.630000114440918,4.630000114440918,4.449999809265137,4.449999809265137,61907,0.0,0.0
2024-07-02 13:30:00-04:00,4.449999809265137,4.460000038146973,4.420000076293945,4.440000057220459,79273,0.0,0.0
2024-07-02 14:30:00-04:00,4.445000171661377,4.46999979019165,4.409999847412109,4.434999942779541,97865,0.0,0.0
2024-07-02 15:30:00-04:00,4.434999942779541,4.489999771118164,4.409999847412109,4.434999942779541,156063,0.0,0.0
2024-07-03 09:30:00-04:00,4.440000057220459,4.549699783325195,4.311699867248535,4.5,81445,0.0,0.0
2024-07-03 10:30:00-04:00,4.489999771118164,4.489999771118164,4.369999885559082,4.409999847412109,72645,0.0,0.0
2024-07-03 11:30:00-04:00,4.420000076293945,4.429999828338623,4.300000190734863,4.31790018081665,88381,0.0,0.0
2024-07-05 09:30:00-04:00,4.389999866485596,4.440000057220459,4.150000095367432,4.329999923706055,386061,0.0,0.0
2024-07-05 10:30:00-04:00,4.339900016784668,4.369999885559082,4.320000171661377,4.340000152587891,60146,0.0,0.0
2024-07-05 11:30:00-04:00,4.340099811553955,4.360000133514404,4.239999771118164,4.239999771118164,48339,0.0,0.0
2024-07-05 12:30:00-04:00,4.239999771118164,4.260000228881836,4.195000171661377,4.230000019073486,90357,0.0,0.0
2024-07-05 13:30:00-04:00,4.21999979019165,4.260000228881836,4.21999979019165,4.230000019073486,47150,0.0,0.0
2024-07-05 14:30:00-04:00,4.235000133514404,4.260000228881836,4.190000057220459,4.190000057220459,93820,0.0,0.0
2024-07-05 15:30:00-04:00,4.190000057220459,4.260000228881836,4.190000057220459,4.21999979019165,121207,0.0,0.0
2024-07-08 09:30:00-04:00,4.25,4.559999942779541,4.239999771118164,4.53000020980835,134502,0.0,0.0
2024-07-08 10:30:00-04:00,4.522299766540527,4.630000114440918,4.460000038146973,4.480000019073486,122395,0.0,0.0
2024-07-08 11:30:00-04:00,4.46999979019165,4.502699851989746,4.429999828338623,4.502699851989746,35680,0.0,0.0
2024-07-08 12:30:00-04:00,4.519999980926514,4.579999923706055,4.510000228881836,4.539999961853027,37814,0.0,0.0
2024-07-08 13:30:00-04:00,4.539999961853027,4.78000020980835,4.53000020980835,4.731100082397461,106666,0.0,0.0
2024-07-08 14:30:00-04:00,4.735000133514404,4.769999980926514,4.639999866485596,4.755000114440918,119047,0.0,0.0
2024-07-08 15:30:00-04:00,4.75,4.820000171661377,4.73330020904541,4.809999942779541,125383,0.0,0.0
2024-07-09 09:30:00-04:00,4.820000171661377,4.840000152587891,4.699999809265137,4.705999851226807,84469,0.0,0.0
2024-07-09 10:30:00-04:00,4.699999809265137,4.860000133514404,4.630000114440918,4.75,97556,0.0,0.0
2024-07-09 11:30:00-04:00,4.71999979019165,4.78000020980835,4.704999923706055,4.78000020980835,14253,0.0,0.0
2024-07-09 12:30:00-04:00,4.769999980926514,4.800000190734863,4.710000038146973,4.730000019073486,40720,0.0,0.0
2024-07-09 13:30:00-04:00,4.730000019073486,4.778500080108643,4.730000019073486,4.75,22098,0.0,0.0
2024-07-09 14:30:00-04:00,4.739999771118164,4.769999980926514,4.679999828338623,4.679999828338623,65791,0.0,0.0
2024-07-09 15:30:00-04:00,4.670000076293945,4.699999809265137,4.610000133514404,4.695000171661377,75802,0.0,0.0
2024-07-10 09:30:00-04:00,4.730000019073486,4.849999904632568,4.730000019073486,4.840000152587891,47690,0.0,0.0
2024-07-10 10:30:00-04:00,4.826000213623047,4.826000213623047,4.739999771118164,4.760000228881836,28028,0.0,0.0
2024-07-10 11:30:00-04:00,4.764999866485596,4.790999889373779,4.739999771118164,4.775000095367432,21413,0.0,0.0
2024-07-10 12:30:00-04:00,4.779900074005127,4.860000133514404,4.769999980926514,4.84499979019165,41864,0.0,0.0
2024-07-10 13:30:00-04:00,4.829999923706055,4.840000152587891,4.789999961853027,4.809999942779541,21605,0.0,0.0
2024-07-10 14:30:00-04:00,4.800000190734863,4.820000171661377,4.730000019073486,4.730000019073486,40960,0.0,0.0
2024-07-10 15:30:00-04:00,4.71999979019165,4.769999980926514,4.71999979019165,4.739999771118164,81208,0.0,0.0
2024-07-11 09:30:00-04:00,4.860000133514404,5.0,4.800000190734863,4.960000038146973,135116,0.0,0.0
2024-07-11 10:30:00-04:00,4.949999809265137,5.067999839782715,4.949999809265137,5.050000190734863,86736,0.0,0.0
2024-07-11 11:30:00-04:00,5.03000020980835,5.090000152587891,4.9430999755859375,4.96999979019165,46746,0.0,0.0
2024-07-11 12:30:00-04:00,4.960000038146973,5.079999923706055,4.960000038146973,5.059999942779541,43651,0.0,0.0
2024-07-11 13:30:00-04:00,5.050000190734863,5.070000171661377,5.0,5.03000020980835,53968,0.0,0.0
2024-07-11 14:30:00-04:00,5.03000020980835,5.045000076293945,4.929999828338623,4.949999809265137,44681,0.0,0.0
2024-07-11 15:30:00-04:00,4.940000057220459,5.050000190734863,4.940000057220459,4.960000038146973,120762,0.0,0.0
2024-07-12 09:30:00-04:00,5.099999904632568,5.379899978637695,5.070000171661377,5.239999771118164,146511,0.0,0.0
2024-07-12 10:30:00-04:00,5.239999771118164,5.269999980926514,5.111999988555908,5.170000076293945,67194,0.0,0.0
2024-07-12 11:30:00-04:00,5.159999847412109,5.199999809265137,5.139999866485596,5.159999847412109,63498,0.0,0.0
2024-07-12 12:30:00-04:00,5.150000095367432,5.320000171661377,5.130000114440918,5.300000190734863,90309,0.0,0.0
2024-07-12 13:30:00-04:00,5.300000190734863,5.349999904632568,5.199999809265137,5.204999923706055,85131,0.0,0.0
2024-07-12 14:30:00-04:00,5.204999923706055,5.260000228881836,5.179999828338623,5.210000038146973,68546,0.0,0.0
2024-07-12 15:30:00-04:00,5.21999979019165,5.289999961853027,5.184999942779541,5.28000020980835,114969,0.0,0.0
2024-07-15 09:30:00-04:00,5.340000152587891,5.489999771118164,5.25,5.269999980926514,119852,0.0,0.0
2024-07-15 10:30:00-04:00,5.269999980926514,5.340000152587891,5.25,5.329999923706055,59105,0.0,0.0
2024-07-15 11:30:00-04:00,5.329999923706055,5.420000076293945,5.269999980926514,5.355000019073486,89232,0.0,0.0
2024-07-15 12:30:00-04:00,5.320000171661377,5.320000171661377,5.230000019073486,5.244999885559082,54829,0.0,0.0
2024-07-15 13:30:00-04:00,5.260000228881836,5.420000076293945,5.220099925994873,5.409999847412109,60801,0.0,0.0
2024-07-15 14:30:00-04:00,5.420000076293945,5.440000057220459,5.304999828338623,5.397200107574463,93688,0.0,0.0
2024-07-15 15:30:00-04:00,5.392000198364258,5.440000057220459,5.300000190734863,5.349999904632568,140022,0.0,0.0
2024-07-16 09:30:00-04:00,5.409999847412109,5.570000171661377,5.309999942779541,5.340000152587891,93237,0.0,0.0
2024-07-16 10:30:00-04:00,5.369999885559082,5.480000019073486,5.329999923706055,5.460000038146973,83668,0.0,0.0
2024-07-16 11:30:00-04:00,5.429999828338623,5.460000038146973,5.400000095367432,5.440000057220459,37109,0.0,0.0
2024-07-16 12:30:00-04:00,5.449999809265137,5.570000171661377,5.440000057220459,5.468699932098389,75509,0.0,0.0
2024-07-16 13:30:00-04:00,5.46999979019165,5.610000133514404,5.449999809265137,5.610000133514404,51539,0.0,0.0
2024-07-16 14:30:00-04:00,5.619999885559082,5.650000095367432,5.570000171661377,5.5954999923706055,46527,0.0,0.0
2024-07-16 15:30:00-04:00,5.59499979019165,5.639999866485596,5.579999923706055,5.590000152587891,104682,0.0,0.0
2024-07-17 09:30:00-04:00,5.510000228881836,5.829999923706055,5.46999979019165,5.46999979019165,172085,0.0,0.0
2024-07-17 10:30:00-04:00,5.5,5.505000114440918,5.239999771118164,5.250999927520752,146722,0.0,0.0
2024-07-17 11:30:00-04:00,5.260000228881836,5.360000133514404,5.199999809265137,5.279900074005127,86471,0.0,0.0
2024-07-17 12:30:00-04:00,5.26800012588501,5.26800012588501,5.179999828338623,5.216100215911865,69253,0.0,0.0
2024-07-17 13:30:00-04:00,5.21999979019165,5.340000152587891,5.21999979019165,5.309999942779541,61619,0.0,0.0
2024-07-17 14:30:00-04:00,5.309999942779541,5.364999771118164,5.289999961853027,5.360000133514404,37776,0.0,0.0
2024-07-17 15:30:00-04:00,5.369999885559082,5.375,5.300000190734863,5.309999942779541,80242,0.0,0.0
2024-07-18 09:30:00-04:00,5.28000020980835,5.429999828338623,5.239999771118164,5.260000228881836,76391,0.0,0.0
2024-07-18 10:30:00-04:00,5.230000019073486,5.230000019073486,5.119999885559082,5.139999866485596,99861,0.0,0.0
2024-07-18 11:30:00-04:00,5.130000114440918,5.159999847412109,5.050000190734863,5.139999866485596,71161,0.0,0.0
2024-07-18 12:30:00-04:00,5.170000076293945,5.269999980926514,5.170000076293945,5.199999809265137,30134,0.0,0.0
2024-07-18 13:30:00-04:00,5.2083001136779785,5.230000019073486,5.130000114440918,5.130000114440918,19412,0.0,0.0
2024-07-18 14:30:00-04:00,5.130000114440918,5.159999847412109,5.090000152587891,5.099999904632568,25458,0.0,0.0
2024-07-18 15:30:00-04:00,5.099999904632568,5.159999847412109,5.079999923706055,5.159900188446045,81287,0.0,0.0
2024-07-19 09:30:00-04:00,5.170000076293945,5.230000019073486,5.106299877166748,5.170000076293945,41161,0.0,0.0
2024-07-19 10:30:00-04:00,5.170000076293945,5.199999809265137,5.110000133514404,5.110000133514404,16271,0.0,0.0
2024-07-19 11:30:00-04:00,5.119999885559082,5.190000057220459,5.119999885559082,5.148499965667725,16257,0.0,0.0
2024-07-19 12:30:00-04:00,5.139999866485596,5.159999847412109,5.079999923706055,5.099999904632568,19278,0.0,0.0
2024-07-19 13:30:00-04:00,5.099999904632568,5.099999904632568,5.010000228881836,5.019999980926514,36682,0.0,0.0
2024-07-19 14:30:00-04:00,5.019999980926514,5.067999839782715,5.0,5.059999942779541,21257,0.0,0.0
2024-07-19 15:30:00-04:00,5.050000190734863,5.054999828338623,5.0,5.03000020980835,48460,0.0,0.0
2024-07-22 09:30:00-04:00,5.090000152587891,5.179999828338623,5.039999961853027,5.139999866485596,38753,0.0,0.0
2024-07-22 10:30:00-04:00,5.110099792480469,5.320000171661377,5.110000133514404,5.295000076293945,51515,0.0,0.0
2024-07-22 11:30:00-04:00,5.300000190734863,5.309999942779541,5.239999771118164,5.300000190734863,25864,0.0,0.0
2024-07-22 12:30:00-04:00,5.300000190734863,5.380000114440918,5.300000190734863,5.320000171661377,21713,0.0,0.0
2024-07-22 13:30:00-04:00,5.309999942779541,5.429999828338623,5.300000190734863,5.420000076293945,47223,0.0,0.0
2024-07-22 14:30:00-04:00,5.420000076293945,5.46999979019165,5.380000114440918,5.449999809265137,46383,0.0,0.0
2024-07-22 15:30:00-04:00,5.440000057220459,5.489999771118164,5.440000057220459,5.449999809265137,74420,0.0,0.0
2024-07-23 09:30:00-04:00,5.389999866485596,5.590000152587891,5.260000228881836,5.400000095367432,50691,0.0,0.0
2024-07-23 10:30:00-04:00,5.409999847412109,5.5,5.409999847412109,5.485000133514404,23825,0.0,0.0
2024-07-23 11:30:00-04:00,5.490900039672852,5.508600234985352,5.420000076293945,5.429999828338623,22748,0.0,0.0
2024-07-23 12:30:00-04:00,5.420000076293945,5.480000019073486,5.420000076293945,5.449999809265137,10461,0.0,0.0
2024-07-23 13:30:00-04:00,5.440000057220459,5.489999771118164,5.400000095367432,5.420000076293945,21145,0.0,0.0
2024-07-23 14:30:00-04:00,5.429999828338623,5.619999885559082,5.420000076293945,5.579999923706055,59733,0.0,0.0
2024-07-23 15:30:00-04:00,5.554999828338623,5.579999923706055,5.53000020980835,5.570000171661377,59009,0.0,0.0
2024-07-24 09:30:00-04:00,5.480000019073486,5.670000076293945,5.460000038146973,5.53000020980835,38707,0.0,0.0
2024-07-24 10:30:00-04:00,5.519999980926514,5.550000190734863,5.480000019073486,5.519999980926514,33136,0.0,0.0
2024-07-24 11:30:00-04:00,5.53000020980835,5.585000038146973,5.53000020980835,5.559999942779541,18726,0.0,0.0
2024-07-24 12:30:00-04:00,5.570000171661377,5.570000171661377,5.480000019073486,5.519999980926514,27912,0.0,0.0
2024-07-24 13:30:00-04:00,5.5,5.53000020980835,5.44290018081665,5.44290018081665,19128,0.0,0.0
2024-07-24 14:30:00-04:00,5.440000057220459,5.449999809265137,5.329999923706055,5.40500020980835,42331,0.0,0.0
2024-07-24 15:30:00-04:00,5.409999847412109,5.480000019073486,5.389999866485596,5.449999809265137,55500,0.0,0.0
2024-07-25 09:30:00-04:00,5.440000057220459,5.629000186920166,5.409999847412109,5.590000152587891,82608,0.0,0.0
2024-07-25 10:30:00-04:00,5.589900016784668,5.590000152587891,5.445000171661377,5.570000171661377,19014,0.0,0.0
2024-07-25 11:30:00-04:00,5.559999942779541,5.579999923706055,5.510000228881836,5.534999847412109,32795,0.0,0.0
2024-07-25 12:30:00-04:00,5.539999961853027,5.574999809265137,5.506899833679199,5.510000228881836,31245,0.0,0.0
2024-07-25 13:30:00-04:00,5.510000228881836,5.53000020980835,5.420000076293945,5.429999828338623,19207,0.0,0.0
2024-07-25 14:30:00-04:00,5.409999847412109,5.489999771118164,5.380000114440918,5.460000038146973,29897,0.0,0.0
2024-07-25 15:30:00-04:00,5.474999904632568,5.53000020980835,5.460000038146973,5.46999979019165,40382,0.0,0.0
2024-07-26 09:30:00-04:00,5.590000152587891,5.630000114440918,5.420000076293945,5.429999828338623,53328,0.0,0.0
2024-07-26 10:30:00-04:00,5.420000076293945,5.449999809265137,5.329999923706055,5.420000076293945,46735,0.0,0.0
2024-07-26 11:30:00-04:00,5.417799949645996,5.5,5.409999847412109,5.5,21288,0.0,0.0
2024-07-26 12:30:00-04:00,5.490600109100342,5.510000228881836,5.389999866485596,5.46999979019165,73830,0.0,0.0
2024-07-26 13:30:00-04:00,5.489999771118164,5.539999961853027,5.425000190734863,5.510000228881836,19967,0.0,0.0
2024-07-26 14:30:00-04:00,5.510000228881836,5.53000020980835,5.460000038146973,5.525000095367432,21709,0.0,0.0
2024-07-26 15:30:00-04:00,5.525000095367432,5.548999786376953,5.489999771118164,5.53000020980835,46550,0.0,0.0
2024-07-29 09:30:00-04:00,5.539999961853027,5.539999961853027,5.420000076293945,5.429999828338623,27328,0.0,0.0
2024-07-29 10:30:00-04:00,5.420000076293945,5.449999809265137,5.340000152587891,5.340000152587891,33513,0.0,0.0
2024-07-29 11:30:00-04:00,5.320000171661377,5.449999809265137,5.320000171661377,5.389999866485596,39100,0.0,0.0
2024-07-29 12:30:00-04:00,5.400000095367432,5.480000019073486,5.389999866485596,5.420000076293945,16893,0.0,0.0
2024-07-29 13:30:00-04:00,5.409999847412109,5.489999771118164,5.369999885559082,5.440000057220459,59653,0.0,0.0
2024-07-29 14:30:00-04:00,5.420000076293945,5.440000057220459,5.409999847412109,5.440000057220459,20878,0.0,0.0
2024-07-29 15:30:00-04:00,5.440000057220459,5.510000228881836,5.440000057220459,5.480000019073486,50111,0.0,0.0
2024-07-30 09:30:00-04:00,5.519999980926514,5.619999885559082,5.409999847412109,5.414999961853027,43484,0.0,0.0
2024-07-30 10:30:00-04:00,5.414000034332275,5.440000057220459,5.269999980926514,5.380000114440918,50478,0.0,0.0
2024-07-30 11:30:00-04:00,5.380000114440918,5.409999847412109,5.340000152587891,5.409999847412109,18013,0.0,0.0
2024-07-30 12:30:00-04:00,5.409999847412109,5.440000057220459,5.309999942779541,5.380000114440918,56729,0.0,0.0
2024-07-30 13:30:00-04:00,5.369999885559082,5.409999847412109,5.320000171661377,5.320000171661377,30813,0.0,0.0
2024-07-30 14:30:00-04:00,5.315000057220459,5.329999923706055,5.21999979019165,5.21999979019165,53760,0.0,0.0
2024-07-30 15:30:00-04:00,5.21999979019165,5.340000152587891,5.210000038146973,5.300000190734863,81896,0.0,0.0
2024-07-31 09:30:00-04:00,5.329999923706055,5.369999885559082,5.070000171661377,5.070000171661377,64107,0.0,0.0
2024-07-31 10:30:00-04:00,5.070000171661377,5.199999809265137,4.960000038146973,5.110000133514404,86695,0.0,0.0
2024-07-31 11:30:00-04:00,5.099999904632568,5.289999961853027,5.070000171661377,5.25,17344,0.0,0.0
2024-07-31 12:30:00-04:00,5.269999980926514,5.409999847412109,5.269999980926514,5.386000156402588,72311,0.0,0.0
2024-07-31 13:30:00-04:00,5.380000114440918,5.570000171661377,5.380000114440918,5.53000020980835,55862,0.0,0.0
2024-07-31 14:30:00-04:00,5.53000020980835,5.71999979019165,5.53000020980835,5.659999847412109,107380,0.0,0.0
2024-07-31 15:30:00-04:00,5.644999980926514,5.644999980926514,5.539999961853027,5.599999904632568,93981,0.0,0.0
2024-08-01 09:30:00-04:00,5.849999904632568,7.800000190734863,5.84499979019165,7.542900085449219,4081922,0.0,0.0
2024-08-01 10:30:00-04:00,7.500199794769287,7.679999828338623,6.25,6.269999980926514,2289529,0.0,0.0
2024-08-01 11:30:00-04:00,6.260000228881836,6.289999961853027,5.440000057220459,5.590000152587891,724245,0.0,0.0
2024-08-01 12:30:00-04:00,5.559999942779541,6.039999961853027,5.525000095367432,5.949999809265137,393635,0.0,0.0
2024-08-01 13:30:00-04:00,5.940000057220459,6.070000171661377,5.923999786376953,5.989999771118164,195707,0.0,0.0
2024-08-01 14:30:00-04:00,5.980000019073486,6.039899826049805,5.735000133514404,5.809999942779541,126276,0.0,0.0
2024-08-01 15:30:00-04:00,5.800000190734863,5.849999904632568,5.733500003814697,5.739999771118164,206315,0.0,0.0
2024-08-02 09:30:00-04:00,5.460000038146973,5.929999828338623,5.380000114440918,5.739999771118164,209936,0.0,0.0
2024-08-02 10:30:00-04:00,5.760000228881836,5.849999904632568,5.635000228881836,5.710000038146973,122605,0.0,0.0
2024-08-02 11:30:00-04:00,5.71999979019165,5.760000228881836,5.559999942779541,5.75,57799,0.0,0.0
2024-08-02 12:30:00-04:00,5.764999866485596,5.764999866485596,5.570400238037109,5.650000095367432,109782,0.0,0.0
2024-08-02 13:30:00-04:00,5.650000095367432,5.659999847412109,5.559999942779541,5.639999866485596,72022,0.0,0.0
2024-08-02 14:30:00-04:00,5.599999904632568,5.619999885559082,5.5100998878479,5.510300159454346,56436,0.0,0.0
2024-08-02 15:30:00-04:00,5.519999980926514,5.71999979019165,5.519999980926514,5.71999979019165,160778,0.0,0.0
2024-08-05 09:30:00-04:00,5.154900074005127,5.809999942779541,5.1442999839782715,5.760000228881836,222564,0.0,0.0
2024-08-05 10:30:00-04:00,5.757999897003174,5.789999961853027,5.625,5.670000076293945,67671,0.0,0.0
2024-08-05 11:30:00-04:00,5.670000076293945,6.010000228881836,5.659999847412109,6.010000228881836,63174,0.0,0.0
2024-08-05 12:30:00-04:00,6.014999866485596,6.019999980926514,5.775000095367432,5.775000095367432,72928,0.0,0.0
2024-08-05 13:30:00-04:00,5.78000020980835,5.940000057220459,5.650300025939941,5.739999771118164,258183,0.0,0.0
2024-08-05 14:30:00-04:00,5.75,5.789999961853027,5.590000152587891,5.775000095367432,100374,0.0,0.0
2024-08-05 15:30:00-04:00,5.789999961853027,5.789999961853027,5.659999847412109,5.659999847412109,161657,0.0,0.0
2024-08-06 09:30:00-04:00,5.699999809265137,5.773600101470947,5.360000133514404,5.769999980926514,122206,0.0,0.0
2024-08-06 10:30:00-04:00,5.760000228881836,5.804999828338623,5.639999866485596,5.650100231170654,73012,0.0,0.0
2024-08-06 11:30:00-04:00,5.670000076293945,5.699999809265137,5.599999904632568,5.664999961853027,25997,0.0,0.0
2024-08-06 12:30:00-04:00,5.659999847412109,5.769999980926514,5.590000152587891,5.769999980926514,41203,0.0,0.0
2024-08-06 13:30:00-04:00,5.78000020980835,6.25,5.78000020980835,6.239999771118164,186528,0.0,0.0
2024-08-06 14:30:00-04:00,6.230000019073486,6.420000076293945,5.980000019073486,6.059999942779541,147694,0.0,0.0
2024-08-06 15:30:00-04:00,6.059999942779541,6.119999885559082,6.039999961853027,6.090000152587891,87575,0.0,0.0
2024-08-07 09:30:00-04:00,6.320000171661377,6.320000171661377,5.860000133514404,5.875,112642,0.0,0.0
2024-08-07 10:30:00-04:00,5.860000133514404,5.980000019073486,5.829999923706055,5.860000133514404,63585,0.0,0.0
2024-08-07 11:30:00-04:00,5.869999885559082,5.889999866485596,5.769999980926514,5.789999961853027,40456,0.0,0.0
2024-08-07 12:30:00-04:00,5.78000020980835,5.809999942779541,5.724999904632568,5.760000228881836,40346,0.0,0.0
2024-08-07 13:30:00-04:00,5.760000228881836,5.869999885559082,5.730000019073486,5.760000228881836,27492,0.0,0.0
2024-08-07 14:30:00-04:00,5.75,5.829999923706055,5.739999771118164,5.78000020980835,45812,0.0,0.0
2024-08-07 15:30:00-04:00,5.769999980926514,5.849999904632568,5.75,5.769999980926514,55344,0.0,0.0
2024-08-08 09:30:00-04:00,5.840000152587891,5.929999828338623,5.659999847412109,5.75,42739,0.0,0.0
2024-08-08 10:30:00-04:00,5.75,5.860000133514404,5.75,5.860000133514404,45277,0.0,0.0
2024-08-08 11:30:00-04:00,5.864999771118164,5.940000057220459,5.864999771118164,5.920000076293945,23813,0.0,0.0
2024-08-08 12:30:00-04:00,5.940000057220459,6.050000190734863,5.869999885559082,6.050000190734863,32930,0.0,0.0
2024-08-08 13:30:00-04:00,6.034999847412109,6.034999847412109,5.949999809265137,5.960000038146973,20152,0.0,0.0
2024-08-08 14:30:00-04:00,5.960000038146973,5.960000038146973,5.90500020980835,5.909999847412109,39562,0.0,0.0
2024-08-08 15:30:00-04:00,5.909999847412109,5.960000038146973,5.860000133514404,5.949999809265137,66838,0.0,0.0
2024-08-09 09:30:00-04:00,5.949999809265137,6.010000228881836,5.724999904632568,5.739999771118164,37086,0.0,0.0
2024-08-09 10:30:00-04:00,5.730000019073486,5.820000171661377,5.630000114440918,5.650000095367432,46788,0.0,0.0
2024-08-09 11:30:00-04:00,5.659800052642822,5.670000076293945,5.559999942779541,5.670000076293945,45370,0.0,0.0
2024-08-09 12:30:00-04:00,5.670000076293945,5.699999809265137,5.619999885559082,5.690000057220459,17893,0.0,0.0
2024-08-09 13:30:00-04:00,5.695000171661377,5.75,5.659999847412109,5.75,21206,0.0,0.0
2024-08-09 14:30:00-04:00,5.760000228881836,5.800000190734863,5.744999885559082,5.78000020980835,49448,0.0,0.0
2024-08-09 15:30:00-04:00,5.769999980926514,5.78000020980835,5.699999809265137,5.710000038146973,58009,0.0,0.0
2024-08-12 09:30:00-04:00,5.71999979019165,5.71999979019165,5.570000171661377,5.639999866485596,59727,0.0,0.0
2024-08-12 10:30:00-04:00,5.610000133514404,5.639999866485596,5.590000152587891,5.599999904632568,35855,0.0,0.0
2024-08-12 11:30:00-04:00,5.599999904632568,5.599999904632568,5.519999980926514,5.550000190734863,47908,0.0,0.0
2024-08-12 12:30:00-04:00,5.570000171661377,5.590000152587891,5.545000076293945,5.550000190734863,35252,0.0,0.0
2024-08-12 13:30:00-04:00,5.550000190734863,5.559999942779541,5.449999809265137,5.519999980926514,45623,0.0,0.0
2024-08-12 14:30:00-04:00,5.510000228881836,5.570000171661377,5.5,5.559999942779541,94257,0.0,0.0
2024-08-12 15:30:00-04:00,5.565000057220459,5.639999866485596,5.53000020980835,5.639999866485596,97955,0.0,0.0
2024-08-13 09:30:00-04:00,5.690000057220459,5.820000171661377,5.605000019073486,5.760000228881836,32702,0.0,0.0
2024-08-13 10:30:00-04:00,5.739999771118164,5.769999980926514,5.730000019073486,5.744999885559082,28544,0.0,0.0
2024-08-13 11:30:00-04:00,5.744999885559082,5.800000190734863,5.739999771118164,5.75,19246,0.0,0.0
2024-08-13 12:30:00-04:00,5.739999771118164,5.769999980926514,5.71999979019165,5.75,18922,0.0,0.0
2024-08-13 13:30:00-04:00,5.75,5.75,5.690000057220459,5.710000038146973,23676,0.0,0.0
2024-08-13 14:30:00-04:00,5.71999979019165,5.739999771118164,5.635000228881836,5.650000095367432,37360,0.0,0.0
2024-08-13 15:30:00-04:00,5.650000095367432,5.735000133514404,5.630000114440918,5.699999809265137,82507,0.0,0.0
2024-08-14 09:30:00-04:00,5.769999980926514,5.769999980926514,5.559999942779541,5.650000095367432,44512,0.0,0.0
2024-08-14 10:30:00-04:00,5.650000095367432,5.659999847412109,5.60230016708374,5.659999847412109,42399,0.0,0.0
2024-08-14 11:30:00-04:00,5.650000095367432,5.659999847412109,5.605000019073486,5.610000133514404,23155,0.0,0.0
2024-08-14 12:30:00-04:00,5.605000019073486,5.619999885559082,5.569900035858154,5.610000133514404,18093,0.0,0.0
2024-08-14 13:30:00-04:00,5.599999904632568,5.599999904632568,5.449999809265137,5.514999866485596,72505,0.0,0.0
2024-08-14 14:30:00-04:00,5.53000020980835,5.539999961853027,5.5,5.510000228881836,33044,0.0,0.0
2024-08-14 15:30:00-04:00,5.510000228881836,5.519999980926514,5.420000076293945,5.440000057220459,64476,0.0,0.0
2024-08-15 09:30:00-04:00,5.579999923706055,5.929999828338623,5.53000020980835,5.929999828338623,84288,0.0,0.0
2024-08-15 10:30:00-04:00,5.960000038146973,6.039999961853027,5.860000133514404,5.929999828338623,81022,0.0,0.0
2024-08-15 11:30:00-04:00,5.948500156402588,6.0,5.889999866485596,5.940000057220459,67800,0.0,0.0
2024-08-15 12:30:00-04:00,5.960000038146973,5.96999979019165,5.829999923706055,5.900000095367432,58010,0.0,0.0
2024-08-15 13:30:00-04:00,5.900000095367432,5.900000095367432,5.820000171661377,5.840000152587891,23021,0.0,0.0
2024-08-15 14:30:00-04:00,5.840000152587891,5.900000095367432,5.820899963378906,5.889999866485596,29982,0.0,0.0
2024-08-15 15:30:00-04:00,5.880000114440918,5.909999847412109,5.769999980926514,5.824999809265137,108932,0.0,0.0
2024-08-16 09:30:00-04:00,5.849999904632568,5.989999771118164,5.775000095367432,5.835000038146973,37916,0.0,0.0
2024-08-16 10:30:00-04:00,5.829999923706055,5.829999923706055,5.639999866485596,5.659999847412109,28868,0.0,0.0
2024-08-16 11:30:00-04:00,5.690000057220459,5.78000020980835,5.690000057220459,5.78000020980835,31597,0.0,0.0
2024-08-16 12:30:00-04:00,5.800000190734863,5.800000190734863,5.75,5.760000228881836,8973,0.0,0.0
2024-08-16 13:30:00-04:00,5.75,5.789999961853027,5.71999979019165,5.760000228881836,26900,0.0,0.0
2024-08-16 14:30:00-04:00,5.760000228881836,5.809999942779541,5.71999979019165,5.78000020980835,44090,0.0,0.0
2024-08-16 15:30:00-04:00,5.78000020980835,5.795000076293945,5.760000228881836,5.769999980926514,50570,0.0,0.0
2024-08-19 09:30:00-04:00,5.820000171661377,5.860000133514404,5.71999979019165,5.75,47028,0.0,0.0
2024-08-19 10:30:00-04:00,5.730000019073486,5.869999885559082,5.730000019073486,5.869999885559082,36565,0.0,0.0
2024-08-19 11:30:00-04:00,5.849999904632568,5.900000095367432,5.829999923706055,5.840000152587891,16459,0.0,0.0
2024-08-19 12:30:00-04:00,5.84499979019165,5.949999809265137,5.78000020980835,5.789999961853027,58784,0.0,0.0
2024-08-19 13:30:00-04:00,5.78000020980835,5.809999942779541,5.760000228881836,5.78000020980835,26712,0.0,0.0
2024-08-19 14:30:00-04:00,5.800000190734863,5.880000114440918,5.800000190734863,5.800000190734863,21134,0.0,0.0
2024-08-19 15:30:00-04:00,5.809999942779541,5.840000152587891,5.800000190734863,5.829999923706055,57030,0.0,0.0
2024-08-20 09:30:00-04:00,5.829999923706055,5.880000114440918,5.71999979019165,5.75,24513,0.0,0.0
2024-08-20 10:30:00-04:00,5.744999885559082,5.800000190734863,5.730000019073486,5.78000020980835,23493,0.0,0.0
2024-08-20 11:30:00-04:00,5.789999961853027,5.900000095367432,5.789999961853027,5.8566999435424805,29997,0.0,0.0
2024-08-20 12:30:00-04:00,5.849999904632568,5.860000133514404,5.770100116729736,5.809999942779541,39677,0.0,0.0
2024-08-20 13:30:00-04:00,5.809999942779541,5.820000171661377,5.769999980926514,5.769999980926514,28688,0.0,0.0
2024-08-20 14:30:00-04:00,5.769999980926514,5.829999923706055,5.769999980926514,5.815000057220459,34081,0.0,0.0
2024-08-20 15:30:00-04:00,5.809999942779541,5.889999866485596,5.800000190734863,5.869999885559082,44371,0.0,0.0
2024-08-21 09:30:00-04:00,5.909999847412109,5.980000019073486,5.840000152587891,5.840000152587891,20331,0.0,0.0
2024-08-21 10:30:00-04:00,5.840000152587891,6.230000019073486,5.789999961853027,6.230000019073486,48585,0.0,0.0
2024-08-21 11:30:00-04:00,6.210000038146973,6.269999980926514,5.949999809265137,5.965000152587891,37292,0.0,0.0
2024-08-21 12:30:00-04:00,5.965000152587891,6.099999904632568,5.949999809265137,6.065000057220459,25672,0.0,0.0
2024-08-21 13:30:00-04:00,6.099999904632568,6.320000171661377,6.099999904632568,6.260000228881836,57771,0.0,0.0
2024-08-21 14:30:00-04:00,6.28000020980835,6.300000190734863,6.159999847412109,6.269999980926514,61438,0.0,0.0
2024-08-21 15:30:00-04:00,6.239999771118164,6.28000020980835,6.199999809265137,6.28000020980835,82984,0.0,0.0
2024-08-22 09:30:00-04:00,6.260000228881836,7.199999809265137,6.179999828338623,7.179999828338623,320716,0.0,0.0
2024-08-22 10:30:00-04:00,7.179500102996826,7.230000019073486,6.78000020980835,7.130000114440918,172762,0.0,0.0
2024-08-22 11:30:00-04:00,7.110000133514404,7.300000190734863,6.982399940490723,7.144599914550781,216717,0.0,0.0
2024-08-22 12:30:00-04:00,7.149899959564209,7.480000019073486,7.139999866485596,7.480000019073486,173668,0.0,0.0
2024-08-22 13:30:00-04:00,7.479899883270264,7.724999904632568,7.21999979019165,7.309999942779541,357703,0.0,0.0
2024-08-22 14:30:00-04:00,7.300000190734863,7.482800006866455,7.230000019073486,7.309999942779541,162484,0.0,0.0
2024-08-22 15:30:00-04:00,7.309999942779541,7.329999923706055,6.835000038146973,6.869999885559082,164021,0.0,0.0
2024-08-23 09:30:00-04:00,6.920000076293945,7.71999979019165,6.829999923706055,7.635000228881836,269464,0.0,0.0
2024-08-23 10:30:00-04:00,7.659999847412109,8.100000381469727,7.559999942779541,7.929999828338623,210773,0.0,0.0
2024-08-23 11:30:00-04:00,7.925000190734863,8.25,7.885000228881836,8.15999984741211,178660,0.0,0.0
2024-08-23 12:30:00-04:00,8.154999732971191,8.180000305175781,7.480000019073486,7.585000038146973,166787,0.0,0.0
2024-08-23 13:30:00-04:00,7.599899768829346,7.800000190734863,7.559999942779541,7.744999885559082,64740,0.0,0.0
2024-08-23 14:30:00-04:00,7.769999980926514,7.769999980926514,7.542699813842773,7.630000114440918,70900,0.0,0.0
2024-08-23 15:30:00-04:00,7.630000114440918,7.690000057220459,7.560100078582764,7.610000133514404,133978,0.0,0.0
2024-08-26 09:30:00-04:00,7.820000171661377,8.390000343322754,7.54010009765625,7.800000190734863,358381,0.0,0.0
2024-08-26 10:30:00-04:00,7.809999942779541,7.820000171661377,7.400000095367432,7.635000228881836,156816,0.0,0.0
2024-08-26 11:30:00-04:00,7.639999866485596,7.829999923706055,7.599999904632568,7.695000171661377,68625,0.0,0.0
2024-08-26 12:30:00-04:00,7.730000019073486,7.860000133514404,7.6519999504089355,7.699999809265137,92736,0.0,0.0
2024-08-26 13:30:00-04:00,7.699999809265137,7.840000152587891,7.590000152587891,7.789999961853027,73874,0.0,0.0
2024-08-26 14:30:00-04:00,7.815000057220459,8.039999961853027,7.789999961853027,7.869999885559082,121562,0.0,0.0
2024-08-26 15:30:00-04:00,7.885000228881836,8.0,7.769999980926514,7.800000190734863,216944,0.0,0.0
2024-08-27 09:30:00-04:00,7.659999847412109,7.840000152587891,7.409999847412109,7.800000190734863,105708,0.0,0.0
2024-08-27 10:30:00-04:00,7.840000152587891,7.869999885559082,7.61269998550415,7.650000095367432,41533,0.0,0.0
2024-08-27 11:30:00-04:00,7.650000095367432,7.800000190734863,7.630000114440918,7.784999847412109,40223,0.0,0.0
2024-08-27 12:30:00-04:00,7.769999980926514,7.869999885559082,7.670000076293945,7.869999885559082,27830,0.0,0.0
2024-08-27 13:30:00-04:00,7.862800121307373,7.960000038146973,7.710000038146973,7.78000020980835,63672,0.0,0.0
2024-08-27 14:30:00-04:00,7.769999980926514,7.960000038146973,7.75,7.960000038146973,79840,0.0,0.0
2024-08-27 15:30:00-04:00,7.949999809265137,7.960000038146973,7.820000171661377,7.829999923706055,104866,0.0,0.0
2024-08-28 09:30:00-04:00,7.730000019073486,7.730000019073486,6.849999904632568,7.529900074005127,230689,0.0,0.0
2024-08-28 10:30:00-04:00,7.510000228881836,7.610000133514404,7.190000057220459,7.324999809265137,132910,0.0,0.0
2024-08-28 11:30:00-04:00,7.335000038146973,7.539999961853027,7.309999942779541,7.409999847412109,49848,0.0,0.0
2024-08-28 12:30:00-04:00,7.409999847412109,7.454999923706055,7.247499942779541,7.329999923706055,65255,0.0,0.0
2024-08-28 13:30:00-04:00,7.340000152587891,7.449999809265137,7.210000038146973,7.449999809265137,144836,0.0,0.0
2024-08-28 14:30:00-04:00,7.449999809265137,7.565000057220459,7.360000133514404,7.559999942779541,79363,0.0,0.0
2024-08-28 15:30:00-04:00,7.559999942779541,7.590000152587891,7.420000076293945,7.539999961853027,83085,0.0,0.0
2024-08-29 09:30:00-04:00,7.985000133514404,8.414999961853027,7.880000114440918,8.369999885559082,195307,0.0,0.0
2024-08-29 10:30:00-04:00,8.338000297546387,8.619999885559082,8.270000457763672,8.329999923706055,154143,0.0,0.0
2024-08-29 11:30:00-04:00,8.369999885559082,8.375,8.050000190734863,8.09000015258789,73258,0.0,0.0
2024-08-29 12:30:00-04:00,8.069999694824219,8.1899995803833,7.950099945068359,7.965000152587891,59755,0.0,0.0
2024-08-29 13:30:00-04:00,7.992000102996826,8.010000228881836,7.75,7.900000095367432,117356,0.0,0.0
2024-08-29 14:30:00-04:00,7.909999847412109,7.949999809265137,7.610000133514404,7.710000038146973,84806,0.0,0.0
2024-08-29 15:30:00-04:00,7.699999809265137,7.710000038146973,7.53000020980835,7.619999885559082,118563,0.0,0.0
2024-08-30 09:30:00-04:00,7.699999809265137,7.960000038146973,7.449999809265137,7.519999980926514,174540,0.0,0.0
2024-08-30 10:30:00-04:00,7.5,7.65500020980835,7.320000171661377,7.519999980926514,169632,0.0,0.0
2024-08-30 11:30:00-04:00,7.53000020980835,7.53000020980835,7.222499847412109,7.25,113513,0.0,0.0
2024-08-30 12:30:00-04:00,7.25,7.329999923706055,6.949999809265137,7.019999980926514,149771,0.0,0.0
2024-08-30 13:30:00-04:00,7.019999980926514,7.269999980926514,6.960000038146973,7.21999979019165,73461,0.0,0.0
2024-08-30 14:30:00-04:00,7.230000019073486,7.329999923706055,7.210000038146973,7.329999923706055,74636,0.0,0.0
2024-08-30 15:30:00-04:00,7.324999809265137,7.375,7.284999847412109,7.340000152587891,104069,0.0,0.0
2024-09-03 09:30:00-04:00,7.25,7.739999771118164,7.150000095367432,7.5,101150,0.0,0.0
2024-09-03 10:30:00-04:00,7.493000030517578,7.493000030517578,7.230100154876709,7.260000228881836,29866,0.0,0.0
2024-09-03 11:30:00-04:00,7.300000190734863,7.510000228881836,7.21999979019165,7.320000171661377,44385,0.0,0.0
2024-09-03 12:30:00-04:00,7.320000171661377,7.340000152587891,7.170000076293945,7.170000076293945,120283,0.0,0.0
2024-09-03 13:30:00-04:00,7.159999847412109,7.199999809265137,7.119999885559082,7.130000114440918,40716,0.0,0.0
2024-09-03 14:30:00-04:00,7.119999885559082,7.340000152587891,7.119999885559082,7.239999771118164,66263,0.0,0.0
2024-09-03 15:30:00-04:00,7.25,7.349999904632568,7.159999847412109,7.289999961853027,129782,0.0,0.0
2024-09-04 09:30:00-04:00,7.25,7.69950008392334,7.0630998611450195,7.614999771118164,68093,0.0,0.0
2024-09-04 10:30:00-04:00,7.616000175476074,7.949999809265137,7.616000175476074,7.929999828338623,81011,0.0,0.0
2024-09-04 11:30:00-04:00,7.911900043487549,7.929999828338623,7.53000020980835,7.559999942779541,115939,0.0,0.0
2024-09-04 12:30:00-04:00,7.570000171661377,7.619999885559082,7.460000038146973,7.574999809265137,44402,0.0,0.0
2024-09-04 13:30:00-04:00,7.590000152587891,7.699999809265137,7.499000072479248,7.610000133514404,43924,0.0,0.0
2024-09-04 14:30:00-04:00,7.619999885559082,7.699999809265137,7.539999961853027,7.619999885559082,39380,0.0,0.0
2024-09-04 15:30:00-04:00,7.610000133514404,7.789999961853027,7.574999809265137,7.659999847412109,126946,0.0,0.0
2024-09-05 09:30:00-04:00,7.650000095367432,7.730000019073486,7.420000076293945,7.539999961853027,29443,0.0,0.0
2024-09-05 10:30:00-04:00,7.539999961853027,7.550000190734863,7.46999979019165,7.510000228881836,16524,0.0,0.0
2024-09-05 11:30:00-04:00,7.510000228881836,7.639999866485596,7.46999979019165,7.635000228881836,22163,0.0,0.0
2024-09-05 12:30:00-04:00,7.650000095367432,7.650000095367432,7.512700080871582,7.539999961853027,18127,0.0,0.0
2024-09-05 13:30:00-04:00,7.525000095367432,7.610000133514404,7.5,7.574999809265137,18931,0.0,0.0
2024-09-05 14:30:00-04:00,7.570000171661377,7.659999847412109,7.53000020980835,7.590000152587891,34862,0.0,0.0
2024-09-05 15:30:00-04:00,7.610000133514404,7.639999866485596,7.545000076293945,7.599999904632568,40594,0.0,0.0
2024-09-06 09:30:00-04:00,7.639999866485596,7.71999979019165,7.284999847412109,7.284999847412109,32560,0.0,0.0
2024-09-06 10:30:00-04:00,7.309999942779541,7.309999942779541,7.120999813079834,7.120999813079834,43420,0.0,0.0
2024-09-06 11:30:00-04:00,7.110000133514404,7.199900150299072,7.034999847412109,7.065000057220459,93578,0.0,0.0
2024-09-06 12:30:00-04:00,7.050099849700928,7.260000228881836,6.960000038146973,7.139999866485596,66801,0.0,0.0
2024-09-06 13:30:00-04:00,7.139999866485596,7.210000038146973,7.079999923706055,7.110000133514404,22847,0.0,0.0
2024-09-06 14:30:00-04:00,7.119999885559082,7.25,7.0858001708984375,7.25,27469,0.0,0.0
2024-09-06 15:30:00-04:00,7.25,7.25,7.050000190734863,7.050000190734863,57507,0.0,0.0
2024-09-09 09:30:00-04:00,7.119999885559082,7.175000190734863,6.730000019073486,7.0,111305,0.0,0.0
2024-09-09 10:30:00-04:00,6.973400115966797,7.099999904632568,6.932499885559082,7.099999904632568,34388,0.0,0.0
2024-09-09 11:30:00-04:00,7.079999923706055,7.190000057220459,7.065000057220459,7.119999885559082,25862,0.0,0.0
2024-09-09 12:30:00-04:00,7.110000133514404,7.170000076293945,7.053100109100342,7.059999942779541,24351,0.0,0.0
2024-09-09 13:30:00-04:00,7.050000190734863,7.050000190734863,6.71999979019165,6.859899997711182,104529,0.0,0.0
2024-09-09 14:30:00-04:00,6.869999885559082,6.954999923706055,6.800000190734863,6.940000057220459,45628,0.0,0.0
2024-09-09 15:30:00-04:00,6.920000076293945,7.0,6.869999885559082,6.880000114440918,82907,0.0,0.0
2024-09-10 09:30:00-04:00,6.929999828338623,7.119999885559082,6.900000095367432,7.070000171661377,45524,0.0,0.0
2024-09-10 10:30:00-04:00,7.070099830627441,7.349999904632568,7.070099830627441,7.289999961853027,38083,0.0,0.0
2024-09-10 11:30:00-04:00,7.320000171661377,7.323800086975098,7.070000171661377,7.16949987411499,43330,0.0,0.0
2024-09-10 12:30:00-04:00,7.139999866485596,7.449999809265137,7.110000133514404,7.429999828338623,31216,0.0,0.0
2024-09-10 13:30:00-04:00,7.445000171661377,7.610000133514404,7.440000057220459,7.579999923706055,56765,0.0,0.0
2024-09-10 14:30:00-04:00,7.579999923706055,7.590000152587891,7.472700119018555,7.559999942779541,43576,0.0,0.0
2024-09-10 15:30:00-04:00,7.559999942779541,7.590000152587891,7.497000217437744,7.579999923706055,65871,0.0,0.0
2024-09-11 09:30:00-04:00,7.539999961853027,7.659999847412109,7.385000228881836,7.409999847412109,74956,0.0,0.0
2024-09-11 10:30:00-04:00,7.40500020980835,7.460000038146973,7.329999923706055,7.349999904632568,31564,0.0,0.0
2024-09-11 11:30:00-04:00,7.380000114440918,7.550000190734863,7.380000114440918,7.550000190734863,44903,0.0,0.0
2024-09-11 12:30:00-04:00,7.579999923706055,7.699999809265137,7.559999942779541,7.570000171661377,51503,0.0,0.0
2024-09-11 13:30:00-04:00,7.570000171661377,7.730000019073486,7.559999942779541,7.619999885559082,48348,0.0,0.0
2024-09-11 14:30:00-04:00,7.590000152587891,7.630000114440918,7.510000228881836,7.570000171661377,51492,0.0,0.0
2024-09-11 15:30:00-04:00,7.574999809265137,7.639999866485596,7.53000020980835,7.550000190734863,55819,0.0,0.0
2024-09-12 09:30:00-04:00,7.519999980926514,7.635000228881836,7.340000152587891,7.380000114440918,32030,0.0,0.0
2024-09-12 10:30:00-04:00,7.409999847412109,7.5,7.389500141143799,7.449999809265137,12557,0.0,0.0
2024-09-12 11:30:00-04:00,7.559999942779541,7.570000171661377,7.421000003814697,7.421000003814697,10567,0.0,0.0
2024-09-12 12:30:00-04:00,7.420000076293945,7.510000228881836,7.380000114440918,7.420000076293945,21274,0.0,0.0
2024-09-12 13:30:00-04:00,7.400000095367432,7.480000019073486,7.369999885559082,7.460000038146973,26480,0.0,0.0
2024-09-12 14:30:00-04:00,7.429999828338623,7.5,7.400000095367432,7.460000038146973,17816,0.0,0.0
2024-09-12 15:30:00-04:00,7.440000057220459,7.519999980926514,7.420000076293945,7.510000228881836,67133,0.0,0.0
2024-09-13 09:30:00-04:00,7.570000171661377,8.119999885559082,7.570000171661377,8.09000015258789,92004,0.0,0.0
2024-09-13 10:30:00-04:00,8.114999771118164,8.199999809265137,7.889999866485596,7.9253997802734375,85526,0.0,0.0
2024-09-13 11:30:00-04:00,7.940000057220459,7.980000019073486,7.789999961853027,7.875,49802,0.0,0.0
2024-09-13 12:30:00-04:00,7.889999866485596,7.937600135803223,7.760000228881836,7.809999942779541,37353,0.0,0.0
2024-09-13 13:30:00-04:00,7.789999961853027,7.869999885559082,7.769999980926514,7.840000152587891,22914,0.0,0.0
2024-09-13 14:30:00-04:00,7.829999923706055,7.940000057220459,7.800000190734863,7.875,30274,0.0,0.0
2024-09-13 15:30:00-04:00,7.871799945831299,7.920000076293945,7.829999923706055,7.840000152587891,59117,0.0,0.0
2024-09-16 09:30:00-04:00,7.699999809265137,8.030400276184082,7.659999847412109,7.78000020980835,56170,0.0,0.0
2024-09-16 10:30:00-04:00,7.809999942779541,7.940000057220459,7.809999942779541,7.849999904632568,16319,0.0,0.0
2024-09-16 11:30:00-04:00,7.829999923706055,7.869999885559082,7.710000038146973,7.78000020980835,16933,0.0,0.0
2024-09-16 12:30:00-04:00,7.769999980926514,7.949999809265137,7.730000019073486,7.940000057220459,20783,0.0,0.0
2024-09-16 13:30:00-04:00,7.940000057220459,8.0600004196167,7.929999828338623,8.0600004196167,24830,0.0,0.0
2024-09-16 14:30:00-04:00,8.069999694824219,8.09000015258789,8.010000228881836,8.0649995803833,29411,0.0,0.0
2024-09-16 15:30:00-04:00,8.050000190734863,8.079999923706055,7.960000038146973,7.96999979019165,89117,0.0,0.0
2024-09-17 09:30:00-04:00,8.029999732971191,8.289999961853027,7.960000038146973,8.149999618530273,93290,0.0,0.0
2024-09-17 10:30:00-04:00,8.104000091552734,8.300000190734863,7.989999771118164,8.294400215148926,35833,0.0,0.0
2024-09-17 11:30:00-04:00,8.289999961853027,8.430000305175781,8.114999771118164,8.130000114440918,33681,0.0,0.0
2024-09-17 12:30:00-04:00,8.130000114440918,8.25,8.079999923706055,8.180000305175781,51982,0.0,0.0
2024-09-17 13:30:00-04:00,8.164999961853027,8.239700317382812,8.130000114440918,8.15999984741211,17439,0.0,0.0
2024-09-17 14:30:00-04:00,8.140000343322754,8.25,8.140000343322754,8.239999771118164,54751,0.0,0.0
2024-09-17 15:30:00-04:00,8.239999771118164,8.270000457763672,8.1850004196167,8.260000228881836,66439,0.0,0.0
2024-09-18 09:30:00-04:00,8.170000076293945,8.569999694824219,8.09000015258789,8.529999732971191,68486,0.0,0.0
2024-09-18 10:30:00-04:00,8.5,8.569999694824219,8.373000144958496,8.40999984741211,28187,0.0,0.0
2024-09-18 11:30:00-04:00,8.380000114440918,8.380000114440918,8.260000228881836,8.359999656677246,23847,0.0,0.0
2024-09-18 12:30:00-04:00,8.350000381469727,8.520000457763672,8.319999694824219,8.40999984741211,43776,0.0,0.0
2024-09-18 13:30:00-04:00,8.420000076293945,8.789999961853027,8.38599967956543,8.739999771118164,82329,0.0,0.0
2024-09-18 14:30:00-04:00,8.729999542236328,8.824299812316895,8.48009967803955,8.59000015258789,78885,0.0,0.0
2024-09-18 15:30:00-04:00,8.555000305175781,8.710000038146973,8.5,8.699999809265137,106973,0.0,0.0
2024-09-19 09:30:00-04:00,8.920000076293945,9.328399658203125,8.699999809265137,9.319999694824219,109674,0.0,0.0
2024-09-19 10:30:00-04:00,9.34000015258789,9.46500015258789,9.079999923706055,9.260000228881836,66512,0.0,0.0
2024-09-19 11:30:00-04:00,9.210200309753418,9.276700019836426,8.899999618530273,9.0600004196167,65271,0.0,0.0
2024-09-19 12:30:00-04:00,9.039999961853027,9.069999694824219,8.930000305175781,9.015000343322754,44831,0.0,0.0
2024-09-19 13:30:00-04:00,9.020000457763672,9.050000190734863,8.850000381469727,8.9399995803833,55926,0.0,0.0
2024-09-19 14:30:00-04:00,8.949999809265137,9.0,8.875,8.930000305175781,33726,0.0,0.0
2024-09-19 15:30:00-04:00,8.9350004196167,9.010000228881836,8.699999809265137,8.710000038146973,121720,0.0,0.0
2024-09-20 09:30:00-04:00,8.5,8.763999938964844,8.369999885559082,8.539999961853027,134571,0.0,0.0
2024-09-20 10:30:00-04:00,8.5649995803833,8.719400405883789,8.529999732971191,8.680000305175781,32528,0.0,0.0
2024-09-20 11:30:00-04:00,8.600000381469727,8.640000343322754,8.510000228881836,8.539999961853027,13769,0.0,0.0
2024-09-20 12:30:00-04:00,8.470000267028809,8.609999656677246,8.420000076293945,8.579999923706055,17414,0.0,0.0
2024-09-20 13:30:00-04:00,8.579999923706055,8.609999656677246,8.520000457763672,8.5600004196167,18108,0.0,0.0
2024-09-20 14:30:00-04:00,8.550000190734863,8.699999809265137,8.539999961853027,8.675000190734863,19561,0.0,0.0
2024-09-20 15:30:00-04:00,8.65999984741211,8.678999900817871,8.614999771118164,8.649999618530273,66702,0.0,0.0
2024-09-23 09:30:00-04:00,8.760000228881836,8.760000228881836,8.199999809265137,8.354999542236328,54278,0.0,0.0
2024-09-23 10:30:00-04:00,8.37279987335205,8.380000114440918,8.210000038146973,8.210000038146973,26939,0.0,0.0
2024-09-23 11:30:00-04:00,8.225000381469727,8.34000015258789,8.170000076293945,8.329999923706055,43839,0.0,0.0
2024-09-23 12:30:00-04:00,8.34000015258789,8.359999656677246,8.100000381469727,8.125,45825,0.0,0.0
2024-09-23 13:30:00-04:00,8.119999885559082,8.239999771118164,8.100000381469727,8.220000267028809,28119,0.0,0.0
2024-09-23 14:30:00-04:00,8.210000038146973,8.260000228881836,8.140000343322754,8.260000228881836,38521,0.0,0.0
2024-09-23 15:30:00-04:00,8.255000114440918,8.3100004196167,8.1899995803833,8.239999771118164,72530,0.0,0.0
2024-09-24 09:30:00-04:00,8.25,8.25,7.940000057220459,8.029999732971191,96398,0.0,0.0
2024-09-24 10:30:00-04:00,8.045000076293945,8.0600004196167,7.936600208282471,8.005000114440918,36613,0.0,0.0
2024-09-24 11:30:00-04:00,8.029999732971191,8.029999732971191,7.949999809265137,8.029999732971191,36180,0.0,0.0
2024-09-24 12:30:00-04:00,8.0,8.050000190734863,7.980000019073486,8.010000228881836,26745,0.0,0.0
2024-09-24 13:30:00-04:00,8.015000343322754,8.220000267028809,8.0,8.210000038146973,63191,0.0,0.0
2024-09-24 14:30:00-04:00,8.210000038146973,8.270000457763672,8.020000457763672,8.020000457763672,90834,0.0,0.0
2024-09-24 15:30:00-04:00,8.050000190734863,8.09000015258789,7.960100173950195,7.989999771118164,203002,0.0,0.0
2024-09-25 09:30:00-04:00,7.980000019073486,8.220000267028809,7.84499979019165,8.0600004196167,43880,0.0,0.0
2024-09-25 10:30:00-04:00,8.069999694824219,8.15999984741211,8.050000190734863,8.145000457763672,20549,0.0,0.0
2024-09-25 11:30:00-04:00,8.140000343322754,8.4399995803833,8.114999771118164,8.4399995803833,36879,0.0,0.0
2024-09-25 12:30:00-04:00,8.489999771118164,8.645000457763672,8.460000038146973,8.460000038146973,40247,0.0,0.0
2024-09-25 13:30:00-04:00,8.484999656677246,8.520000457763672,8.38029956817627,8.41510009765625,26097,0.0,0.0
2024-09-25 14:30:00-04:00,8.40999984741211,8.630000114440918,8.399999618530273,8.630000114440918,33882,0.0,0.0
2024-09-25 15:30:00-04:00,8.670000076293945,8.880000114440918,8.649999618530273,8.770000457763672,134244,0.0,0.0
2024-09-26 09:30:00-04:00,8.979999542236328,9.100000381469727,8.84000015258789,8.9399995803833,79407,0.0,0.0
2024-09-26 10:30:00-04:00,8.930000305175781,8.970000267028809,8.710000038146973,8.9350004196167,18879,0.0,0.0
2024-09-26 11:30:00-04:00,8.954999923706055,9.100000381469727,8.78950023651123,8.829999923706055,50283,0.0,0.0
2024-09-26 12:30:00-04:00,8.819999694824219,8.84000015258789,8.720000267028809,8.754599571228027,27827,0.0,0.0
2024-09-26 13:30:00-04:00,8.750300407409668,10.199999809265137,8.70009994506836,9.829999923706055,2081335,0.0,0.0
2024-09-26 14:30:00-04:00,9.800000190734863,9.90999984741211,8.979999542236328,9.199999809265137,1130989,0.0,0.0
2024-09-26 15:30:00-04:00,9.204999923706055,9.680000305175781,9.079999923706055,9.59000015258789,776104,0.0,0.0
2024-09-27 09:30:00-04:00,11.460000038146973,12.009099960327148,9.729999542236328,9.949999809265137,2392630,0.0,0.0
2024-09-27 10:30:00-04:00,9.859999656677246,10.039999961853027,9.699999809265137,9.84000015258789,390715,0.0,0.0
2024-09-27 11:30:00-04:00,9.820099830627441,10.015000343322754,9.770000457763672,9.979999542236328,189110,0.0,0.0
2024-09-27 12:30:00-04:00,9.970000267028809,10.019800186157227,9.899999618530273,9.989999771118164,158532,0.0,0.0
2024-09-27 13:30:00-04:00,10.0,10.34000015258789,9.84000015258789,10.010000228881836,408810,0.0,0.0
2024-09-27 14:30:00-04:00,9.982500076293945,10.100000381469727,9.899999618530273,9.920000076293945,232487,0.0,0.0
2024-09-27 15:30:00-04:00,9.949999809265137,10.0,9.843500137329102,9.90999984741211,187523,0.0,0.0
