Datetime,Open,High,Low,Close,Volume,Dividends,Stock Splits
2022-09-29 09:30:00-04:00,158.22999572753906,158.80999755859375,156.55999755859375,157.69000244140625,159921,0.0,0.0
2022-09-29 10:30:00-04:00,157.61000061035156,158.60870361328125,156.9600067138672,158.0399932861328,129632,0.0,0.0
2022-09-29 11:30:00-04:00,157.98500061035156,158.83999633789062,157.92999267578125,158.2689971923828,103097,0.0,0.0
2022-09-29 12:30:00-04:00,158.27499389648438,158.77000427246094,157.89999389648438,157.89999389648438,87208,0.0,0.0
2022-09-29 13:30:00-04:00,157.9199981689453,158.3000030517578,157.0,157.47000122070312,113624,0.0,0.0
2022-09-29 14:30:00-04:00,157.47999572753906,158.28500366210938,157.1750030517578,158.02999877929688,129939,0.0,0.0
2022-09-29 15:30:00-04:00,158.00999450683594,159.11000061035156,158.00999450683594,158.8800048828125,215662,0.0,0.0
2022-09-30 09:30:00-04:00,158.17999267578125,160.39999389648438,157.61000061035156,160.19000244140625,128612,0.0,0.0
2022-09-30 10:30:00-04:00,160.44500732421875,162.1300048828125,160.3300018310547,161.6199951171875,127619,0.0,0.0
2022-09-30 11:30:00-04:00,161.57000732421875,161.625,159.8800048828125,160.16000366210938,74651,0.0,0.0
2022-09-30 12:30:00-04:00,160.2899932861328,160.9199981689453,160.1300048828125,160.47000122070312,54438,0.0,0.0
2022-09-30 13:30:00-04:00,160.55499267578125,160.55499267578125,159.41000366210938,159.49000549316406,76189,0.0,0.0
2022-09-30 14:30:00-04:00,159.52499389648438,159.7949981689453,158.41000366210938,158.74000549316406,99587,0.0,0.0
2022-09-30 15:30:00-04:00,158.85000610351562,159.10000610351562,157.16000366210938,157.42999267578125,250558,0.0,0.0
2022-10-03 09:30:00-04:00,159.3300018310547,161.72000122070312,158.72000122070312,161.52000427246094,82112,0.0,0.0
2022-10-03 10:30:00-04:00,161.63999938964844,161.97500610351562,160.72000122070312,161.4499969482422,61192,0.0,0.0
2022-10-03 11:30:00-04:00,161.52000427246094,161.58999633789062,160.63999938964844,160.71499633789062,38354,0.0,0.0
2022-10-03 12:30:00-04:00,160.52999877929688,161.52999877929688,160.52200317382812,161.4499969482422,62164,0.0,0.0
2022-10-03 13:30:00-04:00,161.5500030517578,162.80999755859375,161.4499969482422,162.75,86671,0.0,0.0
2022-10-03 14:30:00-04:00,162.72999572753906,163.44000244140625,162.6699981689453,163.22999572753906,87620,0.0,0.0
2022-10-03 15:30:00-04:00,163.22000122070312,163.22000122070312,162.2104034423828,162.38999938964844,157313,0.0,0.0
2022-10-04 09:30:00-04:00,165.1999969482422,167.66000366210938,165.1999969482422,167.3699951171875,138831,0.0,0.0
2022-10-04 10:30:00-04:00,167.34500122070312,167.8800048828125,167.00999450683594,167.33999633789062,91506,0.0,0.0
2022-10-04 11:30:00-04:00,167.39999389648438,168.0399932861328,167.1199951171875,167.77999877929688,80611,0.0,0.0
2022-10-04 12:30:00-04:00,167.92999267578125,168.0399932861328,166.88499450683594,167.58999633789062,85337,0.0,0.0
2022-10-04 13:30:00-04:00,167.60000610351562,168.0800018310547,167.25,167.27000427246094,60703,0.0,0.0
2022-10-04 14:30:00-04:00,167.3300018310547,168.39999389648438,167.3300018310547,168.36000061035156,100471,0.0,0.0
2022-10-04 15:30:00-04:00,168.3300018310547,168.92999267578125,168.02999877929688,168.6999969482422,190508,0.0,0.0
2022-10-05 09:30:00-04:00,166.69000244140625,167.835205078125,166.55499267578125,166.82000732421875,72397,0.0,0.0
2022-10-05 10:30:00-04:00,166.80999755859375,167.22500610351562,166.35000610351562,166.97000122070312,50211,0.0,0.0
2022-10-05 11:30:00-04:00,166.92999267578125,168.22500610351562,166.92999267578125,167.9499969482422,43109,0.0,0.0
2022-10-05 12:30:00-04:00,168.0399932861328,169.31500244140625,167.77499389648438,168.86000061035156,73244,0.0,0.0
2022-10-05 13:30:00-04:00,168.8300018310547,168.8300018310547,168.1199951171875,168.55499267578125,78221,0.0,0.0
2022-10-05 14:30:00-04:00,168.47000122070312,169.75999450683594,168.2050018310547,169.11500549316406,77854,0.0,0.0
2022-10-05 15:30:00-04:00,169.1199951171875,169.3350067138672,168.5500030517578,168.6699981689453,145639,0.0,0.0
2022-10-06 09:30:00-04:00,168.64999389648438,170.14999389648438,168.1699981689453,168.49000549316406,150376,0.0,0.0
2022-10-06 10:30:00-04:00,168.32000732421875,169.92709350585938,168.32000732421875,169.92709350585938,76328,0.0,0.0
2022-10-06 11:30:00-04:00,169.94000244140625,170.10000610351562,168.75,169.25250244140625,49733,0.0,0.0
2022-10-06 12:30:00-04:00,169.1999969482422,170.33999633789062,169.0050048828125,169.83999633789062,55084,0.0,0.0
2022-10-06 13:30:00-04:00,169.85000610351562,169.8800048828125,169.0500030517578,169.22500610351562,34159,0.0,0.0
2022-10-06 14:30:00-04:00,169.27000427246094,169.447998046875,168.3300018310547,169.447998046875,62363,0.0,0.0
2022-10-06 15:30:00-04:00,169.47999572753906,169.47999572753906,168.39999389648438,168.4600067138672,101283,0.0,0.0
2022-10-07 09:30:00-04:00,166.0,166.05499267578125,163.1999969482422,163.7899932861328,73701,0.0,0.0
2022-10-07 10:30:00-04:00,163.8800048828125,164.07000732421875,162.2949981689453,162.36000061035156,97221,0.0,0.0
2022-10-07 11:30:00-04:00,162.4665985107422,162.55999755859375,160.9351043701172,161.125,65606,0.0,0.0
2022-10-07 12:30:00-04:00,160.99000549316406,161.05999755859375,160.3000030517578,160.8800048828125,57537,0.0,0.0
2022-10-07 13:30:00-04:00,160.80999755859375,161.33999633789062,160.75999450683594,160.8800048828125,72241,0.0,0.0
2022-10-07 14:30:00-04:00,160.85499572753906,161.3000030517578,160.27000427246094,160.32000732421875,66546,0.0,0.0
2022-10-07 15:30:00-04:00,160.25,161.16000366210938,160.16000366210938,160.97999572753906,145625,0.0,0.0
2022-10-10 09:30:00-04:00,162.4499969482422,162.4499969482422,157.35000610351562,159.5345001220703,133939,0.0,0.0
2022-10-10 10:30:00-04:00,159.4199981689453,159.5601043701172,157.9199981689453,158.97000122070312,78809,0.0,0.0
2022-10-10 11:30:00-04:00,158.9499969482422,159.5399932861328,158.1199951171875,158.19000244140625,67851,0.0,0.0
2022-10-10 12:30:00-04:00,158.2949981689453,159.00999450683594,158.05499267578125,159.00999450683594,76934,0.0,0.0
2022-10-10 13:30:00-04:00,158.98500061035156,160.77000427246094,158.97999572753906,159.94000244140625,98382,0.0,0.0
2022-10-10 14:30:00-04:00,159.92999267578125,160.91000366210938,159.92999267578125,160.34500122070312,76361,0.0,0.0
2022-10-10 15:30:00-04:00,160.3350067138672,160.89999389648438,160.2449951171875,160.32000732421875,135694,0.0,0.0
2022-10-11 09:30:00-04:00,159.75,159.85000610351562,157.63999938964844,157.74000549316406,100090,0.0,0.0
2022-10-11 10:30:00-04:00,157.58999633789062,158.35989379882812,157.22999572753906,157.86000061035156,91084,0.0,0.0
2022-10-11 11:30:00-04:00,157.8699951171875,159.03500366210938,157.42999267578125,158.3699951171875,78357,0.0,0.0
2022-10-11 12:30:00-04:00,158.49000549316406,159.35000610351562,157.67999267578125,157.75999450683594,66873,0.0,0.0
2022-10-11 13:30:00-04:00,157.92999267578125,158.41000366210938,157.38999938964844,157.94000244140625,77676,0.0,0.0
2022-10-11 14:30:00-04:00,157.97999572753906,158.2550048828125,155.22000122070312,155.97999572753906,108469,0.0,0.0
2022-10-11 15:30:00-04:00,156.00999450683594,156.25,155.6699981689453,156.0,222772,0.0,0.0
2022-10-12 09:30:00-04:00,157.36000061035156,157.72000122070312,155.5500030517578,155.9199981689453,110116,0.0,0.0
2022-10-12 10:30:00-04:00,156.0,156.30999755859375,155.47000122070312,155.77999877929688,65004,0.0,0.0
2022-10-12 11:30:00-04:00,155.7550048828125,156.27000427246094,155.50999450683594,155.61500549316406,67904,0.0,0.0
2022-10-12 12:30:00-04:00,155.57000732421875,155.74000549316406,155.125,155.22999572753906,47808,0.0,0.0
2022-10-12 13:30:00-04:00,155.2100067138672,155.25999450683594,154.33999633789062,154.75,101187,0.0,0.0
2022-10-12 14:30:00-04:00,154.85000610351562,155.0800018310547,154.0399932861328,154.52999877929688,93079,0.0,0.0
2022-10-12 15:30:00-04:00,154.47999572753906,154.6699981689453,153.72999572753906,153.74000549316406,243546,0.0,0.0
2022-10-13 09:30:00-04:00,150.08999633789062,151.64500427246094,149.72999572753906,150.99000549316406,165253,0.0,0.0
2022-10-13 10:30:00-04:00,151.1300048828125,155.74000549316406,151.05999755859375,154.8350067138672,132630,0.0,0.0
2022-10-13 11:30:00-04:00,155.02499389648438,157.22000122070312,154.6699981689453,155.1300048828125,130733,0.0,0.0
2022-10-13 12:30:00-04:00,155.21499633789062,156.6699981689453,155.10000610351562,156.39999389648438,100078,0.0,0.0
2022-10-13 13:30:00-04:00,156.47000122070312,157.00999450683594,155.2899932861328,155.3699951171875,126739,0.0,0.0
2022-10-13 14:30:00-04:00,155.4199981689453,157.16000366210938,155.4199981689453,156.9199981689453,107900,0.0,0.0
2022-10-13 15:30:00-04:00,156.86000061035156,157.3699951171875,156.55999755859375,156.97000122070312,197555,0.0,0.0
2022-10-14 09:30:00-04:00,157.97999572753906,158.98500061035156,156.85000610351562,157.7100067138672,214723,0.0,0.0
2022-10-14 10:30:00-04:00,157.5395965576172,157.77999877929688,155.0,156.1699981689453,115646,0.0,0.0
2022-10-14 11:30:00-04:00,156.07000732421875,156.5800018310547,155.22000122070312,155.72000122070312,169347,0.0,0.0
2022-10-14 12:30:00-04:00,155.6999969482422,155.91769409179688,155.10000610351562,155.44000244140625,49162,0.0,0.0
2022-10-14 13:30:00-04:00,155.36000061035156,155.66000366210938,154.77999877929688,154.94000244140625,43997,0.0,0.0
2022-10-14 14:30:00-04:00,154.83999633789062,155.24000549316406,154.39999389648438,155.08999633789062,106521,0.0,0.0
2022-10-14 15:30:00-04:00,155.08999633789062,155.17999267578125,154.03500366210938,154.47000122070312,179996,0.0,0.0
2022-10-17 09:30:00-04:00,157.5800018310547,159.9499969482422,157.5800018310547,159.1999969482422,96579,0.0,0.0
2022-10-17 10:30:00-04:00,159.35000610351562,159.67999267578125,158.27999877929688,159.375,70174,0.0,0.0
2022-10-17 11:30:00-04:00,159.24000549316406,159.9199981689453,158.97000122070312,159.30499267578125,62309,0.0,0.0
2022-10-17 12:30:00-04:00,159.25,159.57000732421875,158.83999633789062,159.11000061035156,58909,0.0,0.0
2022-10-17 13:30:00-04:00,159.1699981689453,159.39500427246094,158.8300018310547,159.0500030517578,68998,0.0,0.0
2022-10-17 14:30:00-04:00,159.0399932861328,159.22999572753906,158.6999969482422,159.1300048828125,86904,0.0,0.0
2022-10-17 15:30:00-04:00,159.11000061035156,159.52999877929688,158.97999572753906,159.08999633789062,141005,0.0,0.0
2022-10-18 09:30:00-04:00,163.5,163.77999877929688,161.36000061035156,161.63999938964844,134235,0.0,0.0
2022-10-18 10:30:00-04:00,161.5399932861328,161.88999938964844,160.17999267578125,160.6165008544922,56276,0.0,0.0
2022-10-18 11:30:00-04:00,160.5,161.95249938964844,159.8699951171875,161.27999877929688,56474,0.0,0.0
2022-10-18 12:30:00-04:00,161.17999267578125,161.8300018310547,160.8350067138672,161.41000366210938,47840,0.0,0.0
2022-10-18 13:30:00-04:00,161.4600067138672,162.10000610351562,161.41000366210938,161.77000427246094,48790,0.0,0.0
2022-10-18 14:30:00-04:00,161.86000061035156,161.86000061035156,159.92999267578125,160.67999267578125,58011,0.0,0.0
2022-10-18 15:30:00-04:00,160.75100708007812,161.36000061035156,160.72500610351562,161.25,164241,0.0,0.0
2022-10-19 09:30:00-04:00,159.85000610351562,161.63999938964844,159.64999389648438,161.55999755859375,73275,0.0,0.0
2022-10-19 10:30:00-04:00,161.74000549316406,161.78500366210938,160.50999450683594,161.0500030517578,80451,0.0,0.0
2022-10-19 11:30:00-04:00,161.20840454101562,161.72000122070312,160.22000122070312,160.36000061035156,48291,0.0,0.0
2022-10-19 12:30:00-04:00,160.2899932861328,160.57000732421875,159.26499938964844,159.63999938964844,55786,0.0,0.0
2022-10-19 13:30:00-04:00,159.6999969482422,160.41000366210938,159.33999633789062,160.2259979248047,54378,0.0,0.0
2022-10-19 14:30:00-04:00,160.11000061035156,160.72999572753906,159.8000030517578,160.44000244140625,64971,0.0,0.0
2022-10-19 15:30:00-04:00,160.3699951171875,161.25,160.27000427246094,161.2100067138672,135440,0.0,0.0
2022-10-20 09:30:00-04:00,161.3000030517578,163.30999755859375,160.3000030517578,163.1300048828125,63335,0.0,0.0
2022-10-20 10:30:00-04:00,163.30999755859375,164.02000427246094,162.42999267578125,162.4499969482422,66387,0.0,0.0
2022-10-20 11:30:00-04:00,162.61000061035156,163.1999969482422,161.3000030517578,161.47999572753906,59240,0.0,0.0
2022-10-20 12:30:00-04:00,161.4199981689453,161.66000366210938,160.49000549316406,160.58999633789062,135990,0.0,0.0
2022-10-20 13:30:00-04:00,160.58999633789062,160.64999389648438,159.1300048828125,159.33999633789062,67418,0.0,0.0
2022-10-20 14:30:00-04:00,159.3699951171875,160.6300048828125,159.24000549316406,160.22999572753906,88716,0.0,0.0
2022-10-20 15:30:00-04:00,160.27999877929688,161.0800018310547,159.9600067138672,160.75,194868,0.0,0.0
2022-10-21 09:30:00-04:00,161.30999755859375,165.6750030517578,160.8699951171875,164.2899932861328,177951,0.0,0.0
2022-10-21 10:30:00-04:00,164.30999755859375,166.52000427246094,163.8699951171875,166.44000244140625,139600,0.0,0.0
2022-10-21 11:30:00-04:00,166.55999755859375,168.17999267578125,166.25999450683594,167.50999450683594,114384,0.0,0.0
2022-10-21 12:30:00-04:00,167.4499969482422,168.55999755859375,167.30999755859375,167.8300018310547,92632,0.0,0.0
2022-10-21 13:30:00-04:00,167.89999389648438,168.5,167.7100067138672,168.13499450683594,77110,0.0,0.0
2022-10-21 14:30:00-04:00,168.17999267578125,169.2949981689453,168.02999877929688,169.24000549316406,103685,0.0,0.0
2022-10-21 15:30:00-04:00,169.22999572753906,169.6300048828125,168.8800048828125,168.9600067138672,237480,0.0,0.0
2022-10-24 09:30:00-04:00,169.5399932861328,169.6699981689453,166.97000122070312,167.43499755859375,305783,0.0,0.0
2022-10-24 10:30:00-04:00,167.2899932861328,168.86000061035156,167.0800018310547,168.0399932861328,153470,0.0,0.0
2022-10-24 11:30:00-04:00,168.17999267578125,168.77000427246094,167.67999267578125,168.13760375976562,63980,0.0,0.0
2022-10-24 12:30:00-04:00,168.1699981689453,168.33999633789062,167.5,167.69500732421875,83251,0.0,0.0
2022-10-24 13:30:00-04:00,167.66000366210938,168.2899932861328,167.55999755859375,168.1300048828125,68334,0.0,0.0
2022-10-24 14:30:00-04:00,168.10000610351562,169.82000732421875,168.10000610351562,169.3000030517578,148713,0.0,0.0
2022-10-24 15:30:00-04:00,169.25999450683594,169.47000122070312,168.98500061035156,169.3000030517578,157083,0.0,0.0
2022-10-25 09:30:00-04:00,169.22999572753906,171.53500366210938,169.22999572753906,170.9499969482422,258205,0.0,0.0
2022-10-25 10:30:00-04:00,171.0500030517578,172.8000030517578,170.53500366210938,172.36000061035156,112565,0.0,0.0
2022-10-25 11:30:00-04:00,172.48500061035156,173.22999572753906,172.08999633789062,172.32000732421875,65687,0.0,0.0
2022-10-25 12:30:00-04:00,172.3699951171875,172.68499755859375,172.0,172.41000366210938,59892,0.0,0.0
2022-10-25 13:30:00-04:00,172.5,173.30999755859375,172.39999389648438,173.25,65347,0.0,0.0
2022-10-25 14:30:00-04:00,173.1999969482422,173.52999877929688,172.77999877929688,173.51499938964844,71330,0.0,0.0
2022-10-25 15:30:00-04:00,173.55999755859375,173.78880310058594,173.5050048828125,173.67999267578125,139827,0.0,0.0
2022-10-26 09:30:00-04:00,173.4600067138672,174.3000030517578,172.00999450683594,174.0449981689453,126966,0.0,0.0
2022-10-26 10:30:00-04:00,174.21499633789062,176.0,173.9199981689453,175.85499572753906,114339,0.0,0.0
2022-10-26 11:30:00-04:00,175.72000122070312,176.9199981689453,175.72000122070312,175.94000244140625,110907,0.0,0.0
2022-10-26 12:30:00-04:00,176.08999633789062,176.38999938964844,174.17999267578125,174.17999267578125,58181,0.0,0.0
2022-10-26 13:30:00-04:00,174.17999267578125,175.58999633789062,174.00999450683594,174.71749877929688,63598,0.0,0.0
2022-10-26 14:30:00-04:00,174.85000610351562,175.5,174.72999572753906,175.10499572753906,95094,0.0,0.0
2022-10-26 15:30:00-04:00,175.10499572753906,175.60000610351562,174.91000366210938,175.25,173126,0.0,0.0
2022-10-27 09:30:00-04:00,176.14999389648438,176.7100067138672,173.9199981689453,176.0850067138672,88336,0.0,0.0
2022-10-27 10:30:00-04:00,176.16000366210938,176.42999267578125,173.8699951171875,175.08999633789062,73708,0.0,0.0
2022-10-27 11:30:00-04:00,175.0399932861328,175.27999877929688,174.30999755859375,174.60000610351562,77355,0.0,0.0
2022-10-27 12:30:00-04:00,174.59500122070312,175.50999450683594,174.57000732421875,174.8300018310547,55348,0.0,0.0
2022-10-27 13:30:00-04:00,174.8800048828125,174.8957977294922,174.0050048828125,174.08999633789062,55463,0.0,0.0
2022-10-27 14:30:00-04:00,174.00999450683594,174.2899932861328,173.64999389648438,174.02999877929688,89907,0.0,0.0
2022-10-27 15:30:00-04:00,174.02000427246094,174.5,173.05999755859375,173.49000549316406,226346,0.0,0.0
2022-10-28 09:30:00-04:00,173.6199951171875,174.89999389648438,172.88999938964844,174.7899932861328,138623,0.0,0.0
2022-10-28 10:30:00-04:00,174.8000030517578,175.99000549316406,174.64999389648438,175.7899932861328,88988,0.0,0.0
2022-10-28 11:30:00-04:00,175.7899932861328,176.6649932861328,175.72999572753906,176.58999633789062,65922,0.0,0.0
2022-10-28 12:30:00-04:00,176.6300048828125,176.85000610351562,176.05999755859375,176.19000244140625,84412,0.0,0.0
2022-10-28 13:30:00-04:00,176.1699981689453,176.75999450683594,176.1699981689453,176.50999450683594,68699,0.0,0.0
2022-10-28 14:30:00-04:00,176.55999755859375,177.63999938964844,176.50999450683594,177.52999877929688,74801,0.0,0.0
2022-10-28 15:30:00-04:00,177.52000427246094,177.72999572753906,177.3000030517578,177.61000061035156,135561,0.0,0.0
2022-10-31 09:30:00-04:00,176.1699981689453,176.2550048828125,174.39999389648438,174.66000366210938,148609,0.0,0.0
2022-10-31 10:30:00-04:00,174.5399932861328,174.5399932861328,173.07000732421875,173.82000732421875,122602,0.0,0.0
2022-10-31 11:30:00-04:00,173.77999877929688,174.8699951171875,173.5800018310547,174.13499450683594,89874,0.0,0.0
2022-10-31 12:30:00-04:00,174.15040588378906,174.88499450683594,173.47000122070312,174.88499450683594,75662,0.0,0.0
2022-10-31 13:30:00-04:00,174.8699951171875,175.1999969482422,174.58900451660156,175.1300048828125,43287,0.0,0.0
2022-10-31 14:30:00-04:00,175.07000732421875,175.58999633789062,174.49119567871094,174.75999450683594,84291,0.0,0.0
2022-10-31 15:30:00-04:00,174.67999267578125,175.1300048828125,174.1199951171875,174.22000122070312,150973,0.0,0.0
2022-11-01 09:30:00-04:00,176.22000122070312,176.57000732421875,173.6699981689453,174.22999572753906,88284,0.0,0.0
2022-11-01 10:30:00-04:00,174.30999755859375,174.58999633789062,172.77999877929688,173.404296875,76108,0.0,0.0
2022-11-01 11:30:00-04:00,173.42999267578125,174.5050048828125,172.74000549316406,173.875,48563,0.0,0.0
2022-11-01 12:30:00-04:00,173.875,174.55999755859375,173.75,174.1699981689453,40180,0.0,0.0
2022-11-01 13:30:00-04:00,174.2100067138672,174.86000061035156,173.88999938964844,174.85499572753906,55144,0.0,0.0
2022-11-01 14:30:00-04:00,174.8300018310547,175.0449981689453,174.52999877929688,174.68499755859375,73931,0.0,0.0
2022-11-01 15:30:00-04:00,174.74000549316406,174.77499389648438,173.9499969482422,173.9600067138672,197552,0.0,0.0
2022-11-02 09:30:00-04:00,173.5,173.5,170.5800018310547,171.66000366210938,149047,0.0,0.0
2022-11-02 10:30:00-04:00,171.7449951171875,172.10000610351562,170.8000030517578,170.97500610351562,123375,0.0,0.0
2022-11-02 11:30:00-04:00,170.9550018310547,171.86000061035156,170.3699951171875,170.8300018310547,103215,0.0,0.0
2022-11-02 12:30:00-04:00,170.77999877929688,171.81500244140625,170.6699981689453,171.40499877929688,80246,0.0,0.0
2022-11-02 13:30:00-04:00,171.38999938964844,173.55999755859375,171.26499938964844,173.55999755859375,96926,0.0,0.0
2022-11-02 14:30:00-04:00,173.55999755859375,173.88999938964844,167.88499450683594,168.0449981689453,255939,0.0,0.0
2022-11-02 15:30:00-04:00,167.9499969482422,168.38999938964844,166.97000122070312,167.07000732421875,263932,0.0,0.0
2022-11-03 09:30:00-04:00,165.57000732421875,167.13999938964844,164.14999389648438,166.99000549316406,130567,0.0,0.0
2022-11-03 10:30:00-04:00,167.2299041748047,167.3699951171875,165.86000061035156,165.92999267578125,86185,0.0,0.0
2022-11-03 11:30:00-04:00,165.89999389648438,167.1988983154297,165.69500732421875,167.13999938964844,73184,0.0,0.0
2022-11-03 12:30:00-04:00,167.11500549316406,168.52000427246094,167.05999755859375,167.947998046875,66761,0.0,0.0
2022-11-03 13:30:00-04:00,167.99000549316406,168.00999450683594,166.67999267578125,167.47999572753906,91708,0.0,0.0
2022-11-03 14:30:00-04:00,167.47999572753906,167.7100067138672,167.2100067138672,167.67999267578125,86682,0.0,0.0
2022-11-03 15:30:00-04:00,167.69000244140625,167.88999938964844,166.82000732421875,166.88999938964844,136085,0.0,0.0
2022-11-04 09:30:00-04:00,169.13999938964844,169.13999938964844,163.6699981689453,165.88999938964844,260553,0.0,0.0
2022-11-04 10:30:00-04:00,165.7100067138672,166.5800018310547,162.27999877929688,162.27999877929688,155182,0.0,0.0
2022-11-04 11:30:00-04:00,162.2899932861328,162.4199981689453,159.375,160.5,303103,0.0,0.0
2022-11-04 12:30:00-04:00,160.39999389648438,161.06500244140625,159.58999633789062,160.4499969482422,179237,0.0,0.0
2022-11-04 13:30:00-04:00,160.3975067138672,161.42999267578125,159.91000366210938,161.0,129875,0.0,0.0
2022-11-04 14:30:00-04:00,161.11000061035156,163.6300048828125,160.9199981689453,162.72000122070312,177982,0.0,0.0
2022-11-04 15:30:00-04:00,162.52999877929688,163.9199981689453,162.3800048828125,163.91000366210938,209080,0.0,0.0
2022-11-07 09:30:00-05:00,165.0399932861328,165.63999938964844,163.44500732421875,164.4199981689453,142384,0.0,0.0
2022-11-07 10:30:00-05:00,164.32000732421875,164.52000427246094,163.36000061035156,163.3699951171875,73382,0.0,0.0
2022-11-07 11:30:00-05:00,163.41619873046875,163.60000610351562,162.60000610351562,163.0399932861328,118420,0.0,0.0
2022-11-07 12:30:00-05:00,163.1199951171875,163.1199951171875,162.0800018310547,162.91000366210938,60828,0.0,0.0
2022-11-07 13:30:00-05:00,162.97000122070312,164.22000122070312,162.71499633789062,164.02000427246094,61991,0.0,0.0
2022-11-07 14:30:00-05:00,164.01499938964844,164.5,164.01499938964844,164.19500732421875,83958,0.0,0.0
2022-11-07 15:30:00-05:00,164.19500732421875,164.57000732421875,163.52999877929688,163.5399932861328,222289,0.0,0.0
2022-11-08 09:30:00-05:00,164.4499969482422,164.7899932861328,163.08999633789062,163.75,114432,0.0,0.0
2022-11-08 10:30:00-05:00,163.8000030517578,164.7917022705078,163.4550018310547,164.67999267578125,127280,0.0,0.0
2022-11-08 11:30:00-05:00,164.74000549316406,165.72000122070312,164.33999633789062,165.6199951171875,103376,0.0,0.0
2022-11-08 12:30:00-05:00,165.5500030517578,166.07000732421875,164.47000122070312,164.6300048828125,65542,0.0,0.0
2022-11-08 13:30:00-05:00,164.49000549316406,164.82000732421875,162.31500244140625,162.3300018310547,92064,0.0,0.0
2022-11-08 14:30:00-05:00,162.3800048828125,164.16000366210938,162.02000427246094,164.125,99566,0.0,0.0
2022-11-08 15:30:00-05:00,164.1300048828125,165.05999755859375,163.58999633789062,163.58999633789062,248744,0.0,0.0
2022-11-09 09:30:00-05:00,162.75999450683594,163.0800018310547,161.17999267578125,162.1699981689453,82728,0.0,0.0
2022-11-09 10:30:00-05:00,162.24000549316406,162.25,161.3699951171875,162.1475067138672,57489,0.0,0.0
2022-11-09 11:30:00-05:00,162.1199951171875,162.52999877929688,161.6750030517578,161.77999877929688,53889,0.0,0.0
2022-11-09 12:30:00-05:00,161.85499572753906,162.65499877929688,161.85499572753906,161.97999572753906,61498,0.0,0.0
2022-11-09 13:30:00-05:00,161.92999267578125,162.03990173339844,161.22000122070312,161.6699981689453,56365,0.0,0.0
2022-11-09 14:30:00-05:00,161.66000366210938,161.69000244140625,160.6300048828125,161.25999450683594,72421,0.0,0.0
2022-11-09 15:30:00-05:00,161.14999389648438,161.3249969482422,160.80999755859375,161.0,180400,0.0,0.0
2022-11-10 09:30:00-05:00,167.0,167.9199981689453,165.99000549316406,167.6199951171875,275303,0.0,0.0
2022-11-10 10:30:00-05:00,167.5675048828125,168.44000244140625,166.32000732421875,168.38499450683594,118049,0.0,0.0
2022-11-10 11:30:00-05:00,168.4499969482422,169.42999267578125,168.4499969482422,169.0800018310547,78485,0.0,0.0
2022-11-10 12:30:00-05:00,169.0050048828125,169.49000549316406,168.13999938964844,169.39999389648438,70742,0.0,0.0
2022-11-10 13:30:00-05:00,169.32009887695312,170.10000610351562,169.32009887695312,169.72000122070312,94014,0.0,0.0
2022-11-10 14:30:00-05:00,169.6999969482422,170.9149932861328,169.4499969482422,170.8800048828125,99744,0.0,0.0
2022-11-10 15:30:00-05:00,170.9499969482422,171.90499877929688,170.9001007080078,171.61500549316406,313464,0.0,0.0
2022-11-11 09:30:00-05:00,172.3800048828125,172.61500549316406,170.39999389648438,171.92999267578125,196136,0.0,0.0
2022-11-11 10:30:00-05:00,171.92999267578125,172.24000549316406,170.3350067138672,170.3350067138672,120270,0.0,0.0
2022-11-11 11:30:00-05:00,170.22000122070312,171.25,170.17250061035156,171.05999755859375,88635,0.0,0.0
2022-11-11 12:30:00-05:00,171.13499450683594,171.4600067138672,170.61000061035156,171.40499877929688,71628,0.0,0.0
2022-11-11 13:30:00-05:00,171.4600067138672,172.49000549316406,171.30999755859375,172.49000549316406,104191,0.0,0.0
2022-11-11 14:30:00-05:00,172.47999572753906,172.88999938964844,171.6699981689453,172.14999389648438,116241,0.0,0.0
2022-11-11 15:30:00-05:00,172.16000366210938,172.6300048828125,171.97500610351562,172.16000366210938,212917,0.0,0.0
2022-11-14 09:30:00-05:00,171.33999633789062,174.63999938964844,171.02000427246094,173.47999572753906,157432,0.0,0.0
2022-11-14 10:30:00-05:00,173.4199981689453,173.6300048828125,172.42999267578125,172.7100067138672,115785,0.0,0.0
2022-11-14 11:30:00-05:00,172.64999389648438,173.36000061035156,172.2899932861328,172.50999450683594,97036,0.0,0.0
2022-11-14 12:30:00-05:00,172.64500427246094,174.02000427246094,172.60000610351562,173.9499969482422,48997,0.0,0.0
2022-11-14 13:30:00-05:00,173.9199981689453,174.17999267578125,173.63999938964844,174.11000061035156,71194,0.0,0.0
2022-11-14 14:30:00-05:00,174.08999633789062,174.1199951171875,172.32000732421875,172.32000732421875,122956,0.0,0.0
2022-11-14 15:30:00-05:00,172.32000732421875,172.3249969482422,171.0,171.0399932861328,180486,0.0,0.0
2022-11-15 09:30:00-05:00,174.19000244140625,174.39999389648438,173.07000732421875,174.27999877929688,102502,0.0,0.0
2022-11-15 10:30:00-05:00,174.25,174.58999633789062,173.5399932861328,173.72000122070312,75248,0.0,0.0
2022-11-15 11:30:00-05:00,173.77000427246094,175.7949981689453,173.77000427246094,175.69000244140625,63868,0.0,0.0
2022-11-15 12:30:00-05:00,175.66000366210938,175.99000549316406,173.42999267578125,173.5749969482422,91879,0.0,0.0
2022-11-15 13:30:00-05:00,173.47999572753906,173.66000366210938,171.5399932861328,172.61000061035156,115618,0.0,0.0
2022-11-15 14:30:00-05:00,172.6199951171875,172.77000427246094,171.3300018310547,172.6199951171875,129470,0.0,0.0
2022-11-15 15:30:00-05:00,172.57000732421875,172.67999267578125,172.02000427246094,172.47000122070312,101533,0.0,0.0
2022-11-16 09:30:00-05:00,172.02000427246094,172.02000427246094,167.5500030517578,167.80999755859375,209627,0.0,0.0
2022-11-16 10:30:00-05:00,167.75,168.97000122070312,167.1999969482422,168.77000427246094,62030,0.0,0.0
2022-11-16 11:30:00-05:00,168.86000061035156,169.89999389648438,168.85000610351562,169.89999389648438,90312,0.0,0.0
2022-11-16 12:30:00-05:00,169.6999969482422,170.16000366210938,168.63499450683594,168.8800048828125,94035,0.0,0.0
2022-11-16 13:30:00-05:00,168.92999267578125,169.125,168.0,168.13999938964844,48094,0.0,0.0
2022-11-16 14:30:00-05:00,168.1999969482422,168.22999572753906,166.8800048828125,166.89999389648438,69633,0.0,0.0
2022-11-16 15:30:00-05:00,166.89999389648438,167.24000549316406,166.52000427246094,166.61000061035156,184993,0.0,0.0
2022-11-17 09:30:00-05:00,164.30999755859375,165.38999938964844,163.2100067138672,165.2100067138672,165775,0.0,0.0
2022-11-17 10:30:00-05:00,165.27999877929688,165.2949981689453,163.4499969482422,164.25999450683594,122269,0.0,0.0
2022-11-17 11:30:00-05:00,164.3300018310547,165.6300048828125,164.17999267578125,165.0500030517578,113182,0.0,0.0
2022-11-17 12:30:00-05:00,165.0800018310547,166.3000030517578,165.0800018310547,166.0399932861328,117503,0.0,0.0
2022-11-17 13:30:00-05:00,166.1300048828125,166.3800048828125,165.47999572753906,165.6699981689453,112076,0.0,0.0
2022-11-17 14:30:00-05:00,165.6699981689453,165.8000030517578,164.4499969482422,164.92999267578125,119025,0.0,0.0
2022-11-17 15:30:00-05:00,164.97999572753906,166.1300048828125,164.92660522460938,166.10000610351562,195196,0.0,0.0
2022-11-18 09:30:00-05:00,172.0,173.75999450683594,169.11749267578125,171.26499938964844,253349,0.0,0.0
2022-11-18 10:30:00-05:00,171.17869567871094,171.6699981689453,169.5449981689453,170.77499389648438,104547,0.0,0.0
2022-11-18 11:30:00-05:00,170.77499389648438,170.91000366210938,169.11000061035156,169.5,85701,0.0,0.0
2022-11-18 12:30:00-05:00,169.3800048828125,169.97000122070312,169.25,169.6199951171875,96656,0.0,0.0
2022-11-18 13:30:00-05:00,169.6199951171875,170.7899932861328,168.90060424804688,170.52000427246094,103348,0.0,0.0
2022-11-18 14:30:00-05:00,170.63999938964844,171.8300018310547,169.94000244140625,171.8300018310547,156668,0.0,0.0
2022-11-18 15:30:00-05:00,171.8699951171875,172.47999572753906,171.38999938964844,171.97999572753906,242516,0.0,0.0
2022-11-21 09:30:00-05:00,170.9600067138672,173.24000549316406,170.9600067138672,173.05499267578125,170774,0.0,0.0
2022-11-21 10:30:00-05:00,172.99000549316406,173.15499877929688,171.88999938964844,172.74000549316406,144578,0.0,0.0
2022-11-21 11:30:00-05:00,172.74000549316406,172.9199981689453,171.5800018310547,172.77499389648438,131916,0.0,0.0
2022-11-21 12:30:00-05:00,172.74000549316406,172.8000030517578,172.08999633789062,172.22000122070312,96267,0.0,0.0
2022-11-21 13:30:00-05:00,172.22000122070312,172.92999267578125,171.94000244140625,172.6999969482422,100443,0.0,0.0
2022-11-21 14:30:00-05:00,172.6999969482422,173.4290008544922,172.49000549316406,173.0399932861328,157916,0.0,0.0
2022-11-21 15:30:00-05:00,173.03500366210938,173.1999969482422,171.8800048828125,172.27000427246094,316325,0.0,0.0
2022-11-22 09:30:00-05:00,172.82000732421875,174.8800048828125,172.24000549316406,174.85000610351562,138677,0.0,0.0
2022-11-22 10:30:00-05:00,174.8800048828125,175.8300018310547,174.55999755859375,175.02999877929688,138792,0.0,0.0
2022-11-22 11:30:00-05:00,174.875,175.2899932861328,174.25,174.3249969482422,76950,0.0,0.0
2022-11-22 12:30:00-05:00,174.3135986328125,174.33999633789062,173.3699951171875,173.5500030517578,89213,0.0,0.0
2022-11-22 13:30:00-05:00,173.5749969482422,173.94000244140625,173.2899932861328,173.86000061035156,75931,0.0,0.0
2022-11-22 14:30:00-05:00,173.84249877929688,174.13999938964844,173.66000366210938,174.10000610351562,87638,0.0,0.0
2022-11-22 15:30:00-05:00,174.1199951171875,174.44000244140625,173.91000366210938,174.32000732421875,168115,0.0,0.0
2022-11-23 09:30:00-05:00,174.97000122070312,177.9199981689453,174.52890014648438,177.125,117952,0.0,0.0
2022-11-23 10:30:00-05:00,177.2899932861328,177.36000061035156,176.41000366210938,176.75999450683594,53185,0.0,0.0
2022-11-23 11:30:00-05:00,176.8800048828125,176.97999572753906,175.69000244140625,176.0449981689453,53089,0.0,0.0
2022-11-23 12:30:00-05:00,176.0399932861328,176.1649932861328,175.50999450683594,176.14999389648438,66618,0.0,0.0
2022-11-23 13:30:00-05:00,176.25,176.83999633789062,175.8800048828125,176.61000061035156,53531,0.0,0.0
2022-11-23 14:30:00-05:00,176.50999450683594,176.88999938964844,176.27000427246094,176.5449981689453,75774,0.0,0.0
2022-11-23 15:30:00-05:00,176.5,176.5399932861328,175.74000549316406,176.1199951171875,190961,0.0,0.0
2022-11-25 09:30:00-05:00,176.5,177.25,176.16000366210938,176.57000732421875,82262,0.0,0.0
2022-11-25 10:30:00-05:00,176.47999572753906,176.57000732421875,176.04119873046875,176.3699951171875,77683,0.0,0.0
2022-11-25 11:30:00-05:00,176.3699951171875,177.00999450683594,176.22999572753906,176.69000244140625,91600,0.0,0.0
2022-11-28 09:30:00-05:00,175.08999633789062,176.10000610351562,175.0800018310547,175.9199981689453,155027,0.0,0.0
2022-11-28 10:30:00-05:00,175.9499969482422,176.4199981689453,175.8000030517578,175.97500610351562,104090,0.0,0.0
2022-11-28 11:30:00-05:00,175.99000549316406,176.3000030517578,175.27999877929688,176.1199951171875,133248,0.0,0.0
2022-11-28 12:30:00-05:00,176.1199951171875,176.63999938964844,175.83250427246094,175.9416046142578,102452,0.0,0.0
2022-11-28 13:30:00-05:00,175.9600067138672,176.0050048828125,174.1699981689453,174.1999969482422,136167,0.0,0.0
2022-11-28 14:30:00-05:00,174.13999938964844,174.27000427246094,173.2100067138672,173.27499389648438,97049,0.0,0.0
2022-11-28 15:30:00-05:00,173.2899932861328,173.89999389648438,173.02000427246094,173.61000061035156,176348,0.0,0.0
2022-11-29 09:30:00-05:00,173.4499969482422,174.7949981689453,173.17999267578125,174.7949981689453,107361,0.0,0.0
2022-11-29 10:30:00-05:00,174.77499389648438,174.96499633789062,173.33999633789062,173.6649932861328,120034,0.0,0.0
2022-11-29 11:30:00-05:00,173.52999877929688,173.7100067138672,173.22000122070312,173.3800048828125,68033,0.0,0.0
2022-11-29 12:30:00-05:00,173.35000610351562,173.7288055419922,172.8800048828125,172.94859313964844,49189,0.0,0.0
2022-11-29 13:30:00-05:00,172.8800048828125,174.10000610351562,172.82000732421875,173.55499267578125,67457,0.0,0.0
2022-11-29 14:30:00-05:00,173.55999755859375,173.64999389648438,173.05499267578125,173.30999755859375,60314,0.0,0.0
2022-11-29 15:30:00-05:00,173.35000610351562,173.6999969482422,173.05999755859375,173.11000061035156,171889,0.0,0.0
2022-11-30 09:30:00-05:00,173.42999267578125,174.02999877929688,172.4600067138672,173.2100067138672,98717,0.0,0.0
2022-11-30 10:30:00-05:00,173.24000549316406,174.02000427246094,173.05999755859375,173.91000366210938,64549,0.0,0.0
2022-11-30 11:30:00-05:00,174.08999633789062,174.41000366210938,173.08999633789062,173.32000732421875,47517,0.0,0.0
2022-11-30 12:30:00-05:00,173.3699951171875,173.9199981689453,173.32000732421875,173.86000061035156,49106,0.0,0.0
2022-11-30 13:30:00-05:00,173.8300018310547,177.9600067138672,173.57000732421875,177.8834991455078,97926,0.0,0.0
2022-11-30 14:30:00-05:00,177.88839721679688,179.2899932861328,177.33999633789062,179.2899932861328,103633,0.0,0.0
2022-11-30 15:30:00-05:00,179.2949981689453,180.92999267578125,179.24000549316406,180.88999938964844,404147,0.0,0.0
2022-12-01 09:30:00-05:00,180.85000610351562,185.5800018310547,180.85000610351562,182.27499389648438,239877,0.0,0.0
2022-12-01 10:30:00-05:00,182.25999450683594,184.2899932861328,181.9550018310547,183.3300018310547,111496,0.0,0.0
2022-12-01 11:30:00-05:00,183.38999938964844,183.4600067138672,182.38999938964844,182.88999938964844,69375,0.0,0.0
2022-12-01 12:30:00-05:00,182.9499969482422,183.27999877929688,182.17999267578125,182.33999633789062,65088,0.0,0.0
2022-12-01 13:30:00-05:00,182.3300018310547,182.89999389648438,182.1999969482422,182.74000549316406,79311,0.0,0.0
2022-12-01 14:30:00-05:00,182.7480010986328,182.7480010986328,181.7100067138672,181.92999267578125,77751,0.0,0.0
2022-12-01 15:30:00-05:00,181.94000244140625,182.34500122070312,181.41000366210938,181.47999572753906,162126,0.0,0.0
2022-12-02 09:30:00-05:00,179.08999633789062,179.4604034423828,178.0399932861328,178.72999572753906,70543,0.0,0.0
2022-12-02 10:30:00-05:00,178.94000244140625,179.82000732421875,178.82000732421875,179.6300048828125,50172,0.0,0.0
2022-12-02 11:30:00-05:00,179.75,180.07699584960938,179.66000366210938,179.6999969482422,71180,0.0,0.0
2022-12-02 12:30:00-05:00,179.77000427246094,179.9600067138672,179.35499572753906,179.8699951171875,36756,0.0,0.0
2022-12-02 13:30:00-05:00,179.80999755859375,179.9199981689453,179.44000244140625,179.75999450683594,60177,0.0,0.0
2022-12-02 14:30:00-05:00,179.7899932861328,180.74000549316406,179.7100067138672,180.31500244140625,119873,0.0,0.0
2022-12-02 15:30:00-05:00,180.35000610351562,180.5800018310547,179.92999267578125,180.5,175929,0.0,0.0
2022-12-05 09:30:00-05:00,178.8800048828125,179.1699981689453,176.9499969482422,178.55999755859375,85615,0.0,0.0
2022-12-05 10:30:00-05:00,178.3800048828125,179.27999877929688,178.17999267578125,178.59500122070312,59679,0.0,0.0
2022-12-05 11:30:00-05:00,178.52000427246094,179.07000732421875,178.27000427246094,178.85499572753906,60580,0.0,0.0
2022-12-05 12:30:00-05:00,178.84249877929688,178.94000244140625,178.30999755859375,178.49000549316406,54184,0.0,0.0
2022-12-05 13:30:00-05:00,178.5,178.84219360351562,178.15499877929688,178.19000244140625,86171,0.0,0.0
2022-12-05 14:30:00-05:00,178.11000061035156,178.6199951171875,177.75999450683594,178.25,75667,0.0,0.0
2022-12-05 15:30:00-05:00,178.22999572753906,178.66000366210938,178.22999572753906,178.50999450683594,171900,0.0,0.0
2022-12-06 09:30:00-05:00,177.91000366210938,178.7949981689453,177.49000549316406,177.49000549316406,81197,0.0,0.0
2022-12-06 10:30:00-05:00,177.5,177.63999938964844,176.6999969482422,177.0500030517578,61025,0.0,0.0
2022-12-06 11:30:00-05:00,176.99000549316406,177.5399932861328,176.8350067138672,177.10989379882812,53563,0.0,0.0
2022-12-06 12:30:00-05:00,177.0399932861328,177.2100067138672,176.16000366210938,176.16000366210938,61978,0.0,0.0
2022-12-06 13:30:00-05:00,176.16000366210938,176.3300018310547,175.16000366210938,175.16000366210938,54312,0.0,0.0
2022-12-06 14:30:00-05:00,175.1269989013672,175.88999938964844,174.88999938964844,175.5399932861328,71811,0.0,0.0
2022-12-06 15:30:00-05:00,175.5500030517578,176.88999938964844,175.5500030517578,176.77999877929688,122169,0.0,0.0
2022-12-07 09:30:00-05:00,175.97999572753906,177.82000732421875,175.1199951171875,175.97999572753906,73116,0.0,0.0
2022-12-07 10:30:00-05:00,176.50999450683594,177.5500030517578,176.3000030517578,176.38499450683594,53750,0.0,0.0
2022-12-07 11:30:00-05:00,176.36000061035156,176.75999450683594,176.25999450683594,176.3300018310547,36699,0.0,0.0
2022-12-07 12:30:00-05:00,176.3800048828125,177.3000030517578,176.2899932861328,177.1699981689453,37709,0.0,0.0
2022-12-07 13:30:00-05:00,177.16000366210938,177.32000732421875,176.63499450683594,177.0500030517578,44517,0.0,0.0
2022-12-07 14:30:00-05:00,177.02999877929688,177.56500244140625,176.82000732421875,177.0500030517578,71186,0.0,0.0
2022-12-07 15:30:00-05:00,177.11000061035156,177.8699951171875,177.10000610351562,177.63999938964844,118576,0.0,0.0
2022-12-08 09:30:00-05:00,179.02999877929688,181.36500549316406,178.5800018310547,181.13999938964844,141774,0.0,0.0
2022-12-08 10:30:00-05:00,181.19500732421875,181.97999572753906,180.61000061035156,181.0800018310547,101777,0.0,0.0
2022-12-08 11:30:00-05:00,181.0843963623047,181.52000427246094,180.331298828125,180.4199981689453,86574,0.0,0.0
2022-12-08 12:30:00-05:00,180.4499969482422,181.1699981689453,180.38999938964844,180.92999267578125,105841,0.0,0.0
2022-12-08 13:30:00-05:00,180.9550018310547,181.1999969482422,179.66000366210938,180.0449981689453,52515,0.0,0.0
2022-12-08 14:30:00-05:00,180.0500030517578,181.2100067138672,179.83999633789062,181.10000610351562,90513,0.0,0.0
2022-12-08 15:30:00-05:00,181.10000610351562,181.27000427246094,180.16000366210938,181.05999755859375,149956,0.0,0.0
2022-12-09 09:30:00-05:00,181.10000610351562,182.5,180.3699951171875,182.0,155613,0.0,0.0
2022-12-09 10:30:00-05:00,182.05999755859375,182.44000244140625,181.35000610351562,181.9199981689453,118982,0.0,0.0
2022-12-09 11:30:00-05:00,182.0,182.75999450683594,181.83999633789062,182.10000610351562,131684,0.0,0.0
2022-12-09 12:30:00-05:00,182.10499572753906,182.77999877929688,182.00999450683594,182.3000030517578,86122,0.0,0.0
2022-12-09 13:30:00-05:00,182.25,182.60000610351562,182.13999938964844,182.5,147821,0.0,0.0
2022-12-09 14:30:00-05:00,182.48500061035156,182.49000549316406,182.05999755859375,182.36000061035156,166097,0.0,0.0
2022-12-09 15:30:00-05:00,182.36000061035156,182.47000122070312,180.57000732421875,180.74000549316406,379800,0.0,0.0
2022-12-12 09:30:00-05:00,181.42999267578125,182.61000061035156,180.98500061035156,182.11000061035156,143752,0.0,0.0
2022-12-12 10:30:00-05:00,181.89999389648438,182.16000366210938,180.2100067138672,180.39999389648438,89141,0.0,0.0
2022-12-12 11:30:00-05:00,180.35000610351562,181.07000732421875,180.3000030517578,180.94000244140625,52544,0.0,0.0
2022-12-12 12:30:00-05:00,180.90499877929688,181.41000366210938,180.72999572753906,180.9499969482422,43837,0.0,0.0
2022-12-12 13:30:00-05:00,181.0800018310547,181.36700439453125,180.85000610351562,181.052001953125,52124,0.0,0.0
2022-12-12 14:30:00-05:00,180.97999572753906,182.52499389648438,180.8300018310547,182.49000549316406,65444,0.0,0.0
2022-12-12 15:30:00-05:00,182.5500030517578,183.10000610351562,182.3300018310547,183.10000610351562,158972,0.0,0.0
2022-12-13 09:30:00-05:00,187.35000610351562,189.4499969482422,186.0,186.74000549316406,178680,0.0,0.0
2022-12-13 10:30:00-05:00,186.6300048828125,187.38999938964844,185.6699981689453,186.10000610351562,134598,0.0,0.0
2022-12-13 11:30:00-05:00,186.2100067138672,186.82000732421875,183.94000244140625,184.00999450683594,107107,0.0,0.0
2022-12-13 12:30:00-05:00,184.0,185.30499267578125,183.64999389648438,185.30250549316406,86010,0.0,0.0
2022-12-13 13:30:00-05:00,185.33999633789062,185.52000427246094,184.3000030517578,184.47999572753906,69999,0.0,0.0
2022-12-13 14:30:00-05:00,184.36000061035156,184.92999267578125,183.32000732421875,184.80999755859375,83957,0.0,0.0
2022-12-13 15:30:00-05:00,184.8800048828125,185.77999877929688,184.50999450683594,185.24000549316406,177674,0.0,0.0
2022-12-14 09:30:00-05:00,184.80999755859375,186.30999755859375,184.36000061035156,185.92999267578125,94486,0.0,0.0
2022-12-14 10:30:00-05:00,185.8699951171875,186.72999572753906,185.83999633789062,186.32000732421875,44780,0.0,0.0
2022-12-14 11:30:00-05:00,186.19000244140625,186.27999877929688,185.22999572753906,185.83999633789062,67503,0.0,0.0
2022-12-14 12:30:00-05:00,185.86000061035156,186.22000122070312,185.5200958251953,185.5800018310547,53959,0.0,0.0
2022-12-14 13:30:00-05:00,185.60000610351562,186.16000366210938,182.64500427246094,183.27999877929688,99688,0.0,0.0
2022-12-14 14:30:00-05:00,183.27999877929688,185.19000244140625,181.88999938964844,182.47000122070312,83912,0.0,0.0
2022-12-14 15:30:00-05:00,182.24000549316406,183.38999938964844,182.0500030517578,182.91000366210938,102709,0.0,0.0
2022-12-15 09:30:00-05:00,180.4600067138672,180.47830200195312,178.14500427246094,178.4499969482422,79995,0.0,0.0
2022-12-15 10:30:00-05:00,178.17999267578125,178.7550048828125,177.7899932861328,178.52000427246094,44477,0.0,0.0
2022-12-15 11:30:00-05:00,178.60000610351562,178.67999267578125,177.3177947998047,177.52000427246094,91062,0.0,0.0
2022-12-15 12:30:00-05:00,177.5399932861328,177.88999938964844,176.4499969482422,176.82000732421875,36063,0.0,0.0
2022-12-15 13:30:00-05:00,176.75,177.0399932861328,176.58999633789062,176.75,37663,0.0,0.0
2022-12-15 14:30:00-05:00,176.6699981689453,177.7899932861328,176.66009521484375,177.38999938964844,68679,0.0,0.0
2022-12-15 15:30:00-05:00,177.39999389648438,177.7100067138672,175.94000244140625,176.13999938964844,167751,0.0,0.0
2022-12-16 09:30:00-05:00,174.47999572753906,175.39999389648438,173.4499969482422,174.4149932861328,187873,0.0,0.0
2022-12-16 10:30:00-05:00,174.49000549316406,174.91000366210938,173.8800048828125,174.1699981689453,61930,0.0,0.0
2022-12-16 11:30:00-05:00,174.1699981689453,174.63999938964844,173.7449951171875,173.8699951171875,60440,0.0,0.0
2022-12-16 12:30:00-05:00,174.01499938964844,174.14999389648438,173.3000030517578,173.47000122070312,51923,0.0,0.0
2022-12-16 13:30:00-05:00,173.44000244140625,174.44500732421875,173.44000244140625,174.13999938964844,50787,0.0,0.0
2022-12-16 14:30:00-05:00,173.99000549316406,174.8300018310547,173.57000732421875,174.64999389648438,93204,0.0,0.0
2022-12-16 15:30:00-05:00,174.72999572753906,175.0198974609375,173.55999755859375,173.85000610351562,207000,0.0,0.0
2022-12-19 09:30:00-05:00,173.58999633789062,173.72000122070312,172.3300018310547,173.41000366210938,61438,0.0,0.0
2022-12-19 10:30:00-05:00,173.4600067138672,173.4600067138672,171.60000610351562,171.94000244140625,81467,0.0,0.0
2022-12-19 11:30:00-05:00,171.94000244140625,172.13499450683594,171.30999755859375,171.8699951171875,81479,0.0,0.0
2022-12-19 12:30:00-05:00,171.86000061035156,172.1999969482422,171.55499267578125,171.74400329589844,51266,0.0,0.0
2022-12-19 13:30:00-05:00,171.74000549316406,171.88999938964844,170.64999389648438,170.88999938964844,69104,0.0,0.0
2022-12-19 14:30:00-05:00,170.85000610351562,171.3699951171875,170.75999450683594,170.9499969482422,71245,0.0,0.0
2022-12-19 15:30:00-05:00,170.97999572753906,171.5500030517578,170.91000366210938,171.36000061035156,146733,0.0,0.0
2022-12-20 09:30:00-05:00,171.00999450683594,172.46499633789062,170.89999389648438,172.39999389648438,83650,0.0,0.0
2022-12-20 10:30:00-05:00,172.48500061035156,173.08999633789062,171.88999938964844,172.08999633789062,124295,0.0,0.0
2022-12-20 11:30:00-05:00,172.1699981689453,172.5,171.67999267578125,172.13999938964844,95172,0.0,0.0
2022-12-20 12:30:00-05:00,172.16000366210938,172.16000366210938,171.57000732421875,172.09230041503906,49307,0.0,0.0
2022-12-20 13:30:00-05:00,172.10000610351562,172.4600067138672,171.9600067138672,172.2899932861328,43193,0.0,0.0
2022-12-20 14:30:00-05:00,172.24000549316406,172.2725067138672,171.6999969482422,172.11000061035156,100652,0.0,0.0
2022-12-20 15:30:00-05:00,172.11000061035156,172.4199981689453,172.02999877929688,172.3000030517578,192483,0.0,0.0
2022-12-21 09:30:00-05:00,173.07000732421875,173.6699981689453,172.11000061035156,173.4600067138672,141199,0.0,0.0
2022-12-21 10:30:00-05:00,173.4600067138672,174.73500061035156,172.9199981689453,174.50999450683594,91606,0.0,0.0
2022-12-21 11:30:00-05:00,174.52499389648438,174.66000366210938,173.57000732421875,173.57749938964844,33285,0.0,0.0
2022-12-21 12:30:00-05:00,173.6999969482422,174.13999938964844,173.47500610351562,173.47500610351562,42379,0.0,0.0
2022-12-21 13:30:00-05:00,173.49000549316406,174.49000549316406,173.38999938964844,174.02000427246094,49868,0.0,0.0
2022-12-21 14:30:00-05:00,174.02000427246094,174.22999572753906,173.23500061035156,173.27499389648438,71989,0.0,0.0
2022-12-21 15:30:00-05:00,173.19000244140625,174.07000732421875,173.17999267578125,174.02000427246094,132959,0.0,0.0
2022-12-22 09:30:00-05:00,172.57000732421875,172.8553009033203,168.55999755859375,168.55999755859375,86649,0.0,0.0
2022-12-22 10:30:00-05:00,168.5,168.94500732421875,168.1699981689453,168.30999755859375,61204,0.0,0.0
2022-12-22 11:30:00-05:00,168.39500427246094,168.5050048828125,167.24000549316406,167.31500244140625,84990,0.0,0.0
2022-12-22 12:30:00-05:00,167.3300018310547,167.5,166.47999572753906,166.82000732421875,104927,0.0,0.0
2022-12-22 13:30:00-05:00,166.77999877929688,168.0500030517578,166.4250030517578,168.0500030517578,49680,0.0,0.0
2022-12-22 14:30:00-05:00,167.89999389648438,169.7100067138672,167.8350067138672,169.5,100597,0.0,0.0
2022-12-22 15:30:00-05:00,169.6300048828125,169.9499969482422,168.6699981689453,169.75999450683594,145110,0.0,0.0
2022-12-23 09:30:00-05:00,169.32000732421875,169.52000427246094,168.0850067138672,169.0800018310547,90364,0.0,0.0
2022-12-23 10:30:00-05:00,168.97000122070312,169.58999633789062,168.50999450683594,168.94000244140625,71687,0.0,0.0
2022-12-23 11:30:00-05:00,168.9499969482422,169.36000061035156,168.69009399414062,169.32000732421875,65614,0.0,0.0
2022-12-23 12:30:00-05:00,169.33999633789062,169.43499755859375,168.92999267578125,169.22000122070312,40660,0.0,0.0
2022-12-23 13:30:00-05:00,169.1750030517578,169.47500610351562,168.7574005126953,169.3699951171875,66349,0.0,0.0
2022-12-23 14:30:00-05:00,169.33999633789062,170.07000732421875,169.26499938964844,169.44500732421875,74603,0.0,0.0
2022-12-23 15:30:00-05:00,169.41000366210938,169.9600067138672,169.13999938964844,169.8300018310547,86711,0.0,0.0
2022-12-27 09:30:00-05:00,169.9499969482422,170.24000549316406,168.30999755859375,169.97000122070312,51423,0.0,0.0
2022-12-27 10:30:00-05:00,169.88999938964844,170.44500732421875,169.6300048828125,170.1699981689453,43097,0.0,0.0
2022-12-27 11:30:00-05:00,170.17999267578125,170.5399932861328,169.82000732421875,169.82000732421875,45711,0.0,0.0
2022-12-27 12:30:00-05:00,169.8300018310547,170.30499267578125,169.6300048828125,170.0449981689453,35722,0.0,0.0
2022-12-27 13:30:00-05:00,170.0,170.18319702148438,169.3000030517578,169.36000061035156,52506,0.0,0.0
2022-12-27 14:30:00-05:00,169.375,169.88999938964844,169.2100067138672,169.7449951171875,67463,0.0,0.0
2022-12-27 15:30:00-05:00,169.80999755859375,170.0500030517578,169.39999389648438,169.6300048828125,128381,0.0,0.0
2022-12-28 09:30:00-05:00,169.7899932861328,170.6199951171875,169.32000732421875,169.52000427246094,85235,0.0,0.0
2022-12-28 10:30:00-05:00,169.5,169.67999267578125,168.3000030517578,168.61000061035156,53547,0.0,0.0
2022-12-28 11:30:00-05:00,168.64999389648438,168.64999389648438,167.82090759277344,168.1199951171875,49804,0.0,0.0
2022-12-28 12:30:00-05:00,168.1199951171875,169.0500030517578,168.1199951171875,168.718994140625,29986,0.0,0.0
2022-12-28 13:30:00-05:00,168.66000366210938,168.69000244140625,168.2899932861328,168.36160278320312,35017,0.0,0.0
2022-12-28 14:30:00-05:00,168.3699951171875,168.66000366210938,167.64999389648438,167.83999633789062,56872,0.0,0.0
2022-12-28 15:30:00-05:00,167.88999938964844,168.00999450683594,167.44000244140625,167.63999938964844,84396,0.0,0.0
2022-12-29 09:30:00-05:00,169.39999389648438,171.27999877929688,168.6300048828125,170.6699981689453,112329,0.0,0.0
2022-12-29 10:30:00-05:00,170.6999969482422,171.08999633789062,170.4199981689453,170.66000366210938,37623,0.0,0.0
2022-12-29 11:30:00-05:00,170.7050018310547,171.5800018310547,170.64999389648438,171.52000427246094,42010,0.0,0.0
2022-12-29 12:30:00-05:00,171.52999877929688,171.77999877929688,171.27000427246094,171.75,38504,0.0,0.0
2022-12-29 13:30:00-05:00,171.64999389648438,172.5500030517578,171.60000610351562,171.77000427246094,40328,0.0,0.0
2022-12-29 14:30:00-05:00,171.72000122070312,172.0399932861328,171.45010375976562,171.73500061035156,48932,0.0,0.0
2022-12-29 15:30:00-05:00,171.7342071533203,172.36000061035156,171.72999572753906,172.1999969482422,102125,0.0,0.0
2022-12-30 09:30:00-05:00,170.5,171.0,169.14999389648438,169.8000030517578,50401,0.0,0.0
2022-12-30 10:30:00-05:00,169.7899932861328,170.3800048828125,169.3800048828125,169.50999450683594,37775,0.0,0.0
2022-12-30 11:30:00-05:00,169.2949981689453,170.36000061035156,169.25999450683594,170.00999450683594,50381,0.0,0.0
2022-12-30 12:30:00-05:00,170.11000061035156,170.30999755859375,169.22999572753906,169.61000061035156,32537,0.0,0.0
2022-12-30 13:30:00-05:00,169.6300048828125,169.8350067138672,169.05999755859375,169.56500244140625,36213,0.0,0.0
2022-12-30 14:30:00-05:00,169.63999938964844,170.30999755859375,169.24000549316406,169.86000061035156,47554,0.0,0.0
2022-12-30 15:30:00-05:00,169.89999389648438,171.11000061035156,169.89999389648438,171.05999755859375,69596,0.0,0.0
2023-01-03 09:30:00-05:00,172.8699951171875,172.8699951171875,170.0749969482422,170.3350067138672,123980,0.0,0.0
2023-01-03 10:30:00-05:00,170.27000427246094,170.63999938964844,169.41000366210938,170.2899932861328,62614,0.0,0.0
2023-01-03 11:30:00-05:00,170.25999450683594,170.25999450683594,169.39999389648438,169.72799682617188,45420,0.0,0.0
2023-01-03 12:30:00-05:00,169.83999633789062,170.55999755859375,169.5,170.55999755859375,32230,0.0,0.0
2023-01-03 13:30:00-05:00,170.5399932861328,170.9499969482422,169.85000610351562,169.91000366210938,46327,0.0,0.0
2023-01-03 14:30:00-05:00,169.9499969482422,170.82000732421875,169.50999450683594,170.30999755859375,72658,0.0,0.0
2023-01-03 15:30:00-05:00,170.36000061035156,171.11000061035156,170.3300018310547,170.94000244140625,101463,0.0,0.0
2023-01-04 09:30:00-05:00,172.80999755859375,174.02999877929688,171.85499572753906,172.10000610351562,68818,0.0,0.0
2023-01-04 10:30:00-05:00,172.02000427246094,172.36000061035156,171.19149780273438,171.42999267578125,63643,0.0,0.0
2023-01-04 11:30:00-05:00,171.52000427246094,171.99769592285156,171.0615997314453,171.0615997314453,64951,0.0,0.0
2023-01-04 12:30:00-05:00,171.24420166015625,171.63999938964844,170.61000061035156,170.61000061035156,49280,0.0,0.0
2023-01-04 13:30:00-05:00,170.75,171.97000122070312,170.00999450683594,170.02499389648438,69970,0.0,0.0
2023-01-04 14:30:00-05:00,170.1300048828125,170.89500427246094,169.75,170.07000732421875,75576,0.0,0.0
2023-01-04 15:30:00-05:00,169.99000549316406,170.5800018310547,168.9199981689453,170.44000244140625,148431,0.0,0.0
2023-01-05 09:30:00-05:00,169.13999938964844,169.69000244140625,167.80999755859375,169.10000610351562,91303,0.0,0.0
2023-01-05 10:30:00-05:00,168.9499969482422,170.125,168.94500732421875,169.2100067138672,49282,0.0,0.0
2023-01-05 11:30:00-05:00,169.16000366210938,169.38499450683594,168.77499389648438,169.25,50896,0.0,0.0
2023-01-05 12:30:00-05:00,169.14999389648438,169.57000732421875,168.4499969482422,169.36000061035156,42214,0.0,0.0
2023-01-05 13:30:00-05:00,169.47999572753906,169.88999938964844,169.05999755859375,169.6199951171875,49823,0.0,0.0
2023-01-05 14:30:00-05:00,169.6999969482422,170.38999938964844,168.5500030517578,168.67999267578125,82827,0.0,0.0
2023-01-05 15:30:00-05:00,168.6199951171875,169.0500030517578,168.32000732421875,168.80999755859375,163580,0.0,0.0
2023-01-06 09:30:00-05:00,171.4199981689453,172.84500122070312,170.2899932861328,172.44000244140625,98618,0.0,0.0
2023-01-06 10:30:00-05:00,172.6199951171875,174.22999572753906,172.6199951171875,174.0500030517578,110640,0.0,0.0
2023-01-06 11:30:00-05:00,173.99000549316406,174.2949981689453,173.35000610351562,173.8699951171875,74360,0.0,0.0
2023-01-06 12:30:00-05:00,173.9149932861328,174.24000549316406,173.5,174.16810607910156,40800,0.0,0.0
2023-01-06 13:30:00-05:00,174.27000427246094,175.60800170898438,174.24000549316406,175.47999572753906,51569,0.0,0.0
2023-01-06 14:30:00-05:00,175.47000122070312,176.40499877929688,175.47000122070312,175.6999969482422,83731,0.0,0.0
2023-01-06 15:30:00-05:00,175.67999267578125,175.97000122070312,175.3000030517578,175.3699951171875,139234,0.0,0.0
2023-01-09 09:30:00-05:00,177.27999877929688,178.6199951171875,175.97999572753906,178.3699951171875,94790,0.0,0.0
2023-01-09 10:30:00-05:00,178.4600067138672,180.3000030517578,178.3699951171875,179.92999267578125,79458,0.0,0.0
2023-01-09 11:30:00-05:00,179.89999389648438,180.61500549316406,179.72000122070312,180.11000061035156,91830,0.0,0.0
2023-01-09 12:30:00-05:00,180.0749969482422,180.1199951171875,178.06500244140625,178.22999572753906,75569,0.0,0.0
2023-01-09 13:30:00-05:00,178.27000427246094,178.27000427246094,176.97999572753906,177.8300018310547,105706,0.0,0.0
2023-01-09 14:30:00-05:00,177.85499572753906,177.898193359375,176.47999572753906,177.00999450683594,141663,0.0,0.0
2023-01-09 15:30:00-05:00,176.99000549316406,177.22999572753906,176.52000427246094,176.67999267578125,219477,0.0,0.0
2023-01-10 09:30:00-05:00,177.24000549316406,178.05999755859375,176.74000549316406,176.74000549316406,159877,0.0,0.0
2023-01-10 10:30:00-05:00,176.74000549316406,177.3498992919922,175.84500122070312,176.67999267578125,94294,0.0,0.0
2023-01-10 11:30:00-05:00,176.6699981689453,177.125,176.4250030517578,176.87899780273438,89315,0.0,0.0
2023-01-10 12:30:00-05:00,176.88499450683594,177.6591033935547,176.88499450683594,177.0,89405,0.0,0.0
2023-01-10 13:30:00-05:00,176.9499969482422,178.2100067138672,176.88999938964844,178.2100067138672,94736,0.0,0.0
2023-01-10 14:30:00-05:00,178.25999450683594,178.46949768066406,177.55999755859375,177.77000427246094,100932,0.0,0.0
2023-01-10 15:30:00-05:00,177.7550048828125,178.10000610351562,177.5,177.9600067138672,297881,0.0,0.0
2023-01-11 09:30:00-05:00,175.91000366210938,177.7050018310547,174.69000244140625,177.5800018310547,171411,0.0,0.0
2023-01-11 10:30:00-05:00,177.5850067138672,178.3699951171875,176.7899932861328,178.0800018310547,69621,0.0,0.0
2023-01-11 11:30:00-05:00,178.16000366210938,178.27499389648438,177.58999633789062,178.05499267578125,87462,0.0,0.0
2023-01-11 12:30:00-05:00,178.00999450683594,178.77000427246094,177.6699981689453,178.5050048828125,48716,0.0,0.0
2023-01-11 13:30:00-05:00,178.61000061035156,178.7899932861328,178.36000061035156,178.47000122070312,54392,0.0,0.0
2023-01-11 14:30:00-05:00,178.5,179.1699981689453,178.5,178.6199951171875,80261,0.0,0.0
2023-01-11 15:30:00-05:00,178.55999755859375,179.4499969482422,178.24000549316406,179.3699951171875,188130,0.0,0.0
2023-01-12 09:30:00-05:00,179.3699951171875,180.28489685058594,177.63499450683594,179.61000061035156,76444,0.0,0.0
2023-01-12 10:30:00-05:00,179.53500366210938,180.08999633789062,178.19000244140625,178.8800048828125,52858,0.0,0.0
2023-01-12 11:30:00-05:00,178.85000610351562,180.22999572753906,178.49000549316406,180.22999572753906,34399,0.0,0.0
2023-01-12 12:30:00-05:00,180.08999633789062,180.5,179.25999450683594,179.32000732421875,30062,0.0,0.0
2023-01-12 13:30:00-05:00,179.24000549316406,180.02000427246094,178.84500122070312,178.9149932861328,90226,0.0,0.0
2023-01-12 14:30:00-05:00,178.77000427246094,179.16419982910156,178.00999450683594,178.32000732421875,67455,0.0,0.0
2023-01-12 15:30:00-05:00,178.3350067138672,178.50999450683594,177.77999877929688,177.9199981689453,147585,0.0,0.0
2023-01-13 09:30:00-05:00,177.16000366210938,179.75999450683594,177.16000366210938,179.74000549316406,123004,0.0,0.0
2023-01-13 10:30:00-05:00,179.72999572753906,180.4600067138672,178.96499633789062,180.25999450683594,82699,0.0,0.0
2023-01-13 11:30:00-05:00,180.25999450683594,180.2949981689453,179.72999572753906,180.1300048828125,79116,0.0,0.0
2023-01-13 12:30:00-05:00,180.07000732421875,180.24000549316406,179.72999572753906,179.91000366210938,45527,0.0,0.0
2023-01-13 13:30:00-05:00,179.94000244140625,180.27999877929688,179.6999969482422,179.8800048828125,84235,0.0,0.0
2023-01-13 14:30:00-05:00,179.8800048828125,180.44000244140625,179.80999755859375,180.10000610351562,107930,0.0,0.0
2023-01-13 15:30:00-05:00,180.10000610351562,180.89999389648438,180.10000610351562,180.67999267578125,185368,0.0,0.0
2023-01-17 09:30:00-05:00,180.97999572753906,184.50999450683594,180.61000061035156,184.22500610351562,207172,0.0,0.0
2023-01-17 10:30:00-05:00,184.27999877929688,185.27999877929688,184.11099243164062,185.0050048828125,156221,0.0,0.0
2023-01-17 11:30:00-05:00,185.02000427246094,185.37989807128906,184.48500061035156,184.66009521484375,136538,0.0,0.0
2023-01-17 12:30:00-05:00,184.6649932861328,185.27000427246094,184.55999755859375,185.1699981689453,75857,0.0,0.0
2023-01-17 13:30:00-05:00,185.22000122070312,185.8000030517578,184.89999389648438,184.99000549316406,100233,0.0,0.0
2023-01-17 14:30:00-05:00,184.98500061035156,185.66000366210938,184.98500061035156,185.47999572753906,136838,0.0,0.0
2023-01-17 15:30:00-05:00,185.49000549316406,185.57000732421875,184.92999267578125,184.9600067138672,314203,0.0,0.0
2023-01-18 09:30:00-05:00,186.02000427246094,188.00999450683594,185.75999450683594,187.6199951171875,128887,0.0,0.0
2023-01-18 10:30:00-05:00,187.52000427246094,187.52000427246094,185.3300018310547,185.75,121660,0.0,0.0
2023-01-18 11:30:00-05:00,185.72000122070312,185.72000122070312,184.36000061035156,184.3699951171875,119628,0.0,0.0
2023-01-18 12:30:00-05:00,184.3800048828125,184.3800048828125,182.94000244140625,183.35000610351562,79686,0.0,0.0
2023-01-18 13:30:00-05:00,183.38499450683594,183.6999969482422,182.5399932861328,182.72000122070312,99836,0.0,0.0
2023-01-18 14:30:00-05:00,182.71730041503906,182.97999572753906,182.05999755859375,182.4499969482422,124017,0.0,0.0
2023-01-18 15:30:00-05:00,182.4550018310547,182.49000549316406,181.25999450683594,181.49000549316406,271478,0.0,0.0
2023-01-19 09:30:00-05:00,180.42999267578125,181.33999633789062,177.94000244140625,178.27000427246094,107021,0.0,0.0
2023-01-19 10:30:00-05:00,178.1199951171875,178.27000427246094,176.33999633789062,176.67999267578125,121226,0.0,0.0
2023-01-19 11:30:00-05:00,176.72999572753906,177.13999938964844,176.52000427246094,176.55999755859375,74176,0.0,0.0
2023-01-19 12:30:00-05:00,176.52999877929688,177.1199951171875,176.1999969482422,176.47000122070312,67757,0.0,0.0
2023-01-19 13:30:00-05:00,176.5500030517578,177.41000366210938,176.2899932861328,177.3699951171875,110081,0.0,0.0
2023-01-19 14:30:00-05:00,177.35000610351562,178.0,176.75999450683594,177.1199951171875,117329,0.0,0.0
2023-01-19 15:30:00-05:00,177.0800018310547,177.10000610351562,176.32000732421875,176.7100067138672,273593,0.0,0.0
2023-01-20 09:30:00-05:00,177.11000061035156,177.86000061035156,176.0,176.4199981689453,164716,0.0,0.0
2023-01-20 10:30:00-05:00,176.50999450683594,177.69000244140625,176.30999755859375,177.22999572753906,76700,0.0,0.0
2023-01-20 11:30:00-05:00,177.25,177.5,176.67999267578125,176.94000244140625,79214,0.0,0.0
2023-01-20 12:30:00-05:00,176.94000244140625,177.8699951171875,176.55999755859375,176.77000427246094,97539,0.0,0.0
2023-01-20 13:30:00-05:00,176.7449951171875,178.44000244140625,176.7449951171875,178.4272003173828,87621,0.0,0.0
2023-01-20 14:30:00-05:00,178.47000122070312,179.27000427246094,178.11000061035156,178.63999938964844,137105,0.0,0.0
2023-01-20 15:30:00-05:00,178.66000366210938,178.92999267578125,178.17999267578125,178.92999267578125,244237,0.0,0.0
2023-01-23 09:30:00-05:00,178.77000427246094,180.5500030517578,177.75,180.3699951171875,109023,0.0,0.0
2023-01-23 10:30:00-05:00,180.35499572753906,180.72000122070312,179.28500366210938,179.78500366210938,242558,0.0,0.0
2023-01-23 11:30:00-05:00,179.8249969482422,180.9600067138672,179.8249969482422,180.8300018310547,116843,0.0,0.0
2023-01-23 12:30:00-05:00,180.81500244140625,181.74249267578125,180.72999572753906,181.3800048828125,79556,0.0,0.0
2023-01-23 13:30:00-05:00,181.5,181.95989990234375,180.4499969482422,180.55499267578125,83223,0.0,0.0
2023-01-23 14:30:00-05:00,180.5050048828125,180.7899932861328,179.39500427246094,180.47000122070312,106002,0.0,0.0
2023-01-23 15:30:00-05:00,180.4499969482422,180.6999969482422,180.15499877929688,180.5,181436,0.0,0.0
2023-01-24 09:30:00-05:00,180.5500030517578,180.75999450683594,178.9199981689453,180.64999389648438,88598,0.0,0.0
2023-01-24 10:30:00-05:00,180.52999877929688,181.21249389648438,180.2100067138672,181.1699981689453,39637,0.0,0.0
2023-01-24 11:30:00-05:00,181.3000030517578,181.3000030517578,180.47999572753906,181.13999938964844,81154,0.0,0.0
2023-01-24 12:30:00-05:00,181.1199951171875,181.41600036621094,180.65939331054688,181.38999938964844,30768,0.0,0.0
2023-01-24 13:30:00-05:00,181.49000549316406,181.72000122070312,180.8000030517578,180.88999938964844,42992,0.0,0.0
2023-01-24 14:30:00-05:00,180.875,181.03500366210938,180.60000610351562,180.80999755859375,66870,0.0,0.0
2023-01-24 15:30:00-05:00,180.78500366210938,180.8300018310547,180.17999267578125,180.1999969482422,134926,0.0,0.0
2023-01-25 09:30:00-05:00,177.7100067138672,177.7100067138672,176.21499633789062,176.33999633789062,164452,0.0,0.0
2023-01-25 10:30:00-05:00,176.38999938964844,178.36500549316406,175.85000610351562,178.25999450683594,172120,0.0,0.0
2023-01-25 11:30:00-05:00,178.25,179.25999450683594,178.0,179.24000549316406,106691,0.0,0.0
2023-01-25 12:30:00-05:00,179.22999572753906,179.35499572753906,178.77999877929688,179.13999938964844,76079,0.0,0.0
2023-01-25 13:30:00-05:00,179.09500122070312,179.77999877929688,179.08999633789062,179.52499389648438,115472,0.0,0.0
2023-01-25 14:30:00-05:00,179.53500366210938,180.8000030517578,179.33999633789062,180.4499969482422,90786,0.0,0.0
2023-01-25 15:30:00-05:00,180.47999572753906,180.88999938964844,179.94000244140625,180.86000061035156,191740,0.0,0.0
2023-01-26 09:30:00-05:00,181.47000122070312,182.3300018310547,179.05999755859375,179.72000122070312,108585,0.0,0.0
2023-01-26 10:30:00-05:00,179.75,180.0,179.125,179.47999572753906,120243,0.0,0.0
2023-01-26 11:30:00-05:00,179.52999877929688,179.9149932861328,179.1199951171875,179.55760192871094,82836,0.0,0.0
2023-01-26 12:30:00-05:00,179.5850067138672,180.10589599609375,179.27999877929688,179.47999572753906,66515,0.0,0.0
2023-01-26 13:30:00-05:00,179.52499389648438,180.1999969482422,179.30999755859375,179.4600067138672,85016,0.0,0.0
2023-01-26 14:30:00-05:00,179.5399932861328,180.36839294433594,179.5399932861328,180.13499450683594,137674,0.0,0.0
2023-01-26 15:30:00-05:00,180.07000732421875,180.10000610351562,179.44000244140625,180.08999633789062,268315,0.0,0.0
2023-01-27 09:30:00-05:00,178.80999755859375,179.83999633789062,178.0749969482422,178.83999633789062,76809,0.0,0.0
2023-01-27 10:30:00-05:00,178.8123016357422,178.93499755859375,177.9199981689453,178.44000244140625,119969,0.0,0.0
2023-01-27 11:30:00-05:00,178.50999450683594,179.13250732421875,178.4199981689453,178.83999633789062,187573,0.0,0.0
2023-01-27 12:30:00-05:00,178.8000030517578,179.00999450683594,178.2100067138672,178.39999389648438,109092,0.0,0.0
2023-01-27 13:30:00-05:00,178.38999938964844,178.5449981689453,177.8300018310547,177.85000610351562,102312,0.0,0.0
2023-01-27 14:30:00-05:00,177.85000610351562,179.04249572753906,177.85000610351562,178.61500549316406,209175,0.0,0.0
2023-01-27 15:30:00-05:00,178.64999389648438,178.7100067138672,177.24000549316406,177.4600067138672,188545,0.0,0.0
2023-01-30 09:30:00-05:00,176.1300048828125,177.1699981689453,175.53500366210938,177.1699981689453,161369,0.0,0.0
2023-01-30 10:30:00-05:00,177.22000122070312,177.5800018310547,176.2899932861328,177.23500061035156,94522,0.0,0.0
2023-01-30 11:30:00-05:00,177.23500061035156,177.44900512695312,176.67999267578125,177.35499572753906,107710,0.0,0.0
2023-01-30 12:30:00-05:00,177.39500427246094,177.5290069580078,176.77000427246094,177.25,105775,0.0,0.0
2023-01-30 13:30:00-05:00,177.22999572753906,177.69000244140625,176.9499969482422,177.3000030517578,88608,0.0,0.0
2023-01-30 14:30:00-05:00,177.2050018310547,177.5800018310547,176.77999877929688,177.47999572753906,142371,0.0,0.0
2023-01-30 15:30:00-05:00,177.49000549316406,177.7899932861328,176.72999572753906,176.91000366210938,232646,0.0,0.0
2023-01-31 09:30:00-05:00,177.33999633789062,177.92999267578125,176.72000122070312,177.85000610351562,102227,0.0,0.0
2023-01-31 10:30:00-05:00,177.91000366210938,178.0399932861328,177.5,177.83999633789062,83891,0.0,0.0
2023-01-31 11:30:00-05:00,177.77000427246094,178.02999877929688,177.14999389648438,177.61900329589844,77196,0.0,0.0
2023-01-31 12:30:00-05:00,177.57000732421875,178.3300018310547,177.57000732421875,178.15499877929688,53585,0.0,0.0
2023-01-31 13:30:00-05:00,178.1999969482422,178.8699951171875,178.05250549316406,178.72999572753906,72082,0.0,0.0
2023-01-31 14:30:00-05:00,178.6699981689453,178.75999450683594,177.8699951171875,177.89999389648438,99257,0.0,0.0
2023-01-31 15:30:00-05:00,177.89999389648438,179.44000244140625,177.80999755859375,179.3800048828125,221738,0.0,0.0
2023-02-01 09:30:00-05:00,178.22000122070312,179.0399932861328,177.6999969482422,178.7899932861328,102425,0.0,0.0
2023-02-01 10:30:00-05:00,178.74000549316406,178.88499450683594,177.44000244140625,178.32000732421875,73811,0.0,0.0
2023-02-01 11:30:00-05:00,178.25999450683594,178.3699951171875,177.47000122070312,177.7949981689453,113897,0.0,0.0
2023-02-01 12:30:00-05:00,177.92999267578125,177.92999267578125,176.83749389648438,177.02999877929688,82935,0.0,0.0
2023-02-01 13:30:00-05:00,177.02999877929688,177.32000732421875,175.97999572753906,177.19749450683594,87317,0.0,0.0
2023-02-01 14:30:00-05:00,177.32000732421875,179.5803985595703,176.22999572753906,179.4499969482422,347259,0.0,0.0
2023-02-01 15:30:00-05:00,179.50999450683594,180.47999572753906,179.0399932861328,179.49000549316406,201934,0.0,0.0
2023-02-02 09:30:00-05:00,181.49000549316406,181.59500122070312,179.72000122070312,180.22000122070312,190939,0.0,0.0
2023-02-02 10:30:00-05:00,180.19500732421875,182.16000366210938,180.19500732421875,181.77999877929688,139740,0.0,0.0
2023-02-02 11:30:00-05:00,181.83999633789062,182.97999572753906,181.5399932861328,182.67210388183594,126078,0.0,0.0
2023-02-02 12:30:00-05:00,182.67999267578125,183.1999969482422,182.39999389648438,182.61000061035156,82005,0.0,0.0
2023-02-02 13:30:00-05:00,182.61000061035156,183.5540008544922,182.35000610351562,182.5800018310547,95844,0.0,0.0
2023-02-02 14:30:00-05:00,182.64999389648438,182.64999389648438,181.30999755859375,181.86000061035156,138242,0.0,0.0
2023-02-02 15:30:00-05:00,181.86000061035156,182.24000549316406,181.3800048828125,182.24000549316406,212797,0.0,0.0
2023-02-03 09:30:00-05:00,180.2899932861328,183.3300018310547,180.2899932861328,183.19000244140625,113693,0.0,0.0
2023-02-03 10:30:00-05:00,183.14999389648438,184.41000366210938,182.9499969482422,184.3699951171875,90876,0.0,0.0
2023-02-03 11:30:00-05:00,184.36000061035156,184.61000061035156,183.30999755859375,183.6199951171875,63884,0.0,0.0
2023-02-03 12:30:00-05:00,183.64999389648438,183.69850158691406,182.16000366210938,182.5500030517578,45796,0.0,0.0
2023-02-03 13:30:00-05:00,182.39500427246094,182.7100067138672,181.9199981689453,182.2689971923828,61903,0.0,0.0
2023-02-03 14:30:00-05:00,182.13999938964844,182.4499969482422,181.3699951171875,181.80999755859375,57584,0.0,0.0
2023-02-03 15:30:00-05:00,181.80999755859375,182.0,181.17999267578125,181.38999938964844,139961,0.0,0.0
2023-02-06 09:30:00-05:00,179.6199951171875,180.72000122070312,179.13999938964844,179.3656005859375,107655,0.0,0.0
2023-02-06 10:30:00-05:00,179.17999267578125,180.86000061035156,178.77000427246094,180.6649932861328,188551,0.0,0.0
2023-02-06 11:30:00-05:00,180.7050018310547,180.75,179.75,180.25999450683594,76570,0.0,0.0
2023-02-06 12:30:00-05:00,180.27999877929688,180.56500244140625,179.63009643554688,179.8699951171875,58977,0.0,0.0
2023-02-06 13:30:00-05:00,180.0,180.28750610351562,179.6999969482422,179.94000244140625,74315,0.0,0.0
2023-02-06 14:30:00-05:00,179.89999389648438,179.9600067138672,178.83999633789062,178.85000610351562,96310,0.0,0.0
2023-02-06 15:30:00-05:00,178.75999450683594,179.27999877929688,178.55999755859375,179.2100067138672,129521,0.0,0.0
2023-02-07 09:30:00-05:00,178.47999572753906,179.27000427246094,177.6699981689453,178.6199951171875,65282,0.0,0.0
2023-02-07 10:30:00-05:00,178.72999572753906,179.17999267578125,178.24000549316406,178.9499969482422,69095,0.0,0.0
2023-02-07 11:30:00-05:00,179.02000427246094,179.69000244140625,178.97999572753906,179.6649932861328,63786,0.0,0.0
2023-02-07 12:30:00-05:00,179.6750030517578,181.5800018310547,179.44000244140625,180.15499877929688,85157,0.0,0.0
2023-02-07 13:30:00-05:00,180.10499572753906,181.9499969482422,179.38999938964844,181.72000122070312,104199,0.0,0.0
2023-02-07 14:30:00-05:00,181.64999389648438,182.75,181.625,182.75,104666,0.0,0.0
2023-02-07 15:30:00-05:00,182.75,183.35000610351562,182.3300018310547,182.97000122070312,192382,0.0,0.0
2023-02-08 09:30:00-05:00,182.02000427246094,183.41000366210938,181.69000244140625,182.85000610351562,49152,0.0,0.0
2023-02-08 10:30:00-05:00,182.78500366210938,182.7926025390625,180.99000549316406,181.2050018310547,66312,0.0,0.0
2023-02-08 11:30:00-05:00,181.1199951171875,181.6999969482422,180.3699951171875,181.52999877929688,76907,0.0,0.0
2023-02-08 12:30:00-05:00,181.72000122070312,182.19000244140625,181.22999572753906,181.83999633789062,38119,0.0,0.0
2023-02-08 13:30:00-05:00,181.63999938964844,181.91000366210938,181.25999450683594,181.27000427246094,44612,0.0,0.0
2023-02-08 14:30:00-05:00,181.32000732421875,181.55999755859375,180.6699981689453,180.97000122070312,78621,0.0,0.0
2023-02-08 15:30:00-05:00,180.97999572753906,181.58999633789062,180.91000366210938,181.38999938964844,123893,0.0,0.0
2023-02-09 09:30:00-05:00,183.0800018310547,184.4949951171875,182.14999389648438,182.5500030517578,86957,0.0,0.0
2023-02-09 10:30:00-05:00,182.58999633789062,184.1199951171875,182.52000427246094,183.7050018310547,120704,0.0,0.0
2023-02-09 11:30:00-05:00,183.63999938964844,184.8300018310547,183.26499938964844,184.50999450683594,104338,0.0,0.0
2023-02-09 12:30:00-05:00,184.50999450683594,184.61000061035156,183.2449951171875,183.2449951171875,85737,0.0,0.0
2023-02-09 13:30:00-05:00,183.11500549316406,183.50999450683594,182.75,182.8491973876953,83934,0.0,0.0
2023-02-09 14:30:00-05:00,182.85000610351562,183.07000732421875,181.74000549316406,181.8800048828125,97891,0.0,0.0
2023-02-09 15:30:00-05:00,181.8800048828125,182.86000061035156,181.60000610351562,182.52000427246094,272220,0.0,0.0
2023-02-10 09:30:00-05:00,181.25,182.1300048828125,180.2550048828125,181.22000122070312,138939,0.0,0.0
2023-02-10 10:30:00-05:00,181.27499389648438,181.5399932861328,180.85000610351562,181.00999450683594,114700,0.0,0.0
2023-02-10 11:30:00-05:00,181.0449981689453,181.82000732421875,180.7449951171875,180.9499969482422,68455,0.0,0.0
2023-02-10 12:30:00-05:00,180.93499755859375,181.42999267578125,180.83999633789062,181.0,103297,0.0,0.0
2023-02-10 13:30:00-05:00,181.0,181.10000610351562,180.6300048828125,180.6750030517578,77386,0.0,0.0
2023-02-10 14:30:00-05:00,180.61000061035156,181.17999267578125,180.52499389648438,180.67999267578125,160410,0.0,0.0
2023-02-10 15:30:00-05:00,180.7100067138672,181.20989990234375,180.67999267578125,180.7449951171875,284685,0.0,0.0
2023-02-13 09:30:00-05:00,181.30999755859375,182.72000122070312,181.02000427246094,182.72000122070312,68534,0.0,0.0
2023-02-13 10:30:00-05:00,182.72999572753906,183.86500549316406,182.52000427246094,183.726806640625,57137,0.0,0.0
2023-02-13 11:30:00-05:00,183.74000549316406,184.11270141601562,183.5,183.9799041748047,58909,0.0,0.0
2023-02-13 12:30:00-05:00,184.00999450683594,184.2899932861328,183.75999450683594,184.1199951171875,45630,0.0,0.0
2023-02-13 13:30:00-05:00,184.25990295410156,184.38999938964844,183.85000610351562,183.85000610351562,49158,0.0,0.0
2023-02-13 14:30:00-05:00,183.85000610351562,183.97999572753906,183.53500366210938,183.73500061035156,79700,0.0,0.0
2023-02-13 15:30:00-05:00,183.75999450683594,184.14999389648438,183.72999572753906,183.97000122070312,120298,0.0,0.0
2023-02-14 09:30:00-05:00,183.86000061035156,186.73150634765625,183.2100067138672,185.74000549316406,96774,0.0,0.0
2023-02-14 10:30:00-05:00,185.827392578125,185.88999938964844,183.99000549316406,184.4199981689453,70730,0.0,0.0
2023-02-14 11:30:00-05:00,184.22999572753906,184.44500732421875,183.52999877929688,184.24000549316406,58598,0.0,0.0
2023-02-14 12:30:00-05:00,184.27000427246094,186.00999450683594,184.07000732421875,185.5800018310547,68436,0.0,0.0
2023-02-14 13:30:00-05:00,185.5800018310547,185.82000732421875,184.94000244140625,185.5800018310547,61474,0.0,0.0
2023-02-14 14:30:00-05:00,185.5800018310547,186.14500427246094,185.5800018310547,185.8419952392578,108947,0.0,0.0
2023-02-14 15:30:00-05:00,185.77499389648438,186.30999755859375,185.22000122070312,185.24000549316406,227600,0.0,0.0
2023-02-15 09:30:00-05:00,184.6699981689453,187.16000366210938,184.6699981689453,186.3699951171875,144020,0.0,0.0
2023-02-15 10:30:00-05:00,186.3350067138672,187.22999572753906,186.0399932861328,187.14010620117188,106807,0.0,0.0
2023-02-15 11:30:00-05:00,187.1826934814453,187.72999572753906,186.75999450683594,187.00999450683594,79911,0.0,0.0
2023-02-15 12:30:00-05:00,187.0800018310547,187.8199005126953,186.8300018310547,187.00999450683594,115533,0.0,0.0
2023-02-15 13:30:00-05:00,187.1300048828125,188.1699981689453,186.92999267578125,188.0399932861328,109862,0.0,0.0
2023-02-15 14:30:00-05:00,188.08999633789062,188.3300018310547,187.85499572753906,188.11000061035156,104186,0.0,0.0
2023-02-15 15:30:00-05:00,188.1199951171875,188.56500244140625,187.875,188.50999450683594,163560,0.0,0.0
2023-02-16 09:30:00-05:00,186.64999389648438,187.8800048828125,185.9600067138672,186.88999938964844,134270,0.0,0.0
2023-02-16 10:30:00-05:00,186.9250030517578,187.5800018310547,186.64999389648438,187.5800018310547,151733,0.0,0.0
2023-02-16 11:30:00-05:00,187.5399932861328,188.25,187.27999877929688,188.12100219726562,144645,0.0,0.0
2023-02-16 12:30:00-05:00,188.09500122070312,188.97000122070312,188.08999633789062,188.64500427246094,97689,0.0,0.0
2023-02-16 13:30:00-05:00,188.67999267578125,189.31500244140625,188.33009338378906,189.31500244140625,77923,0.0,0.0
2023-02-16 14:30:00-05:00,189.2899932861328,189.30999755859375,187.8125,187.86000061035156,104115,0.0,0.0
2023-02-16 15:30:00-05:00,187.77999877929688,187.7949981689453,186.92999267578125,187.02000427246094,179926,0.0,0.0
2023-02-17 09:30:00-05:00,185.88999938964844,187.49000549316406,185.40199279785156,186.89999389648438,126721,0.0,0.0
2023-02-17 10:30:00-05:00,186.9199981689453,187.27499389648438,185.0800018310547,185.4499969482422,113994,0.0,0.0
2023-02-17 11:30:00-05:00,185.4250030517578,186.19000244140625,185.08999633789062,185.8300018310547,86470,0.0,0.0
2023-02-17 12:30:00-05:00,185.8000030517578,185.81500244140625,185.0800018310547,185.625,73171,0.0,0.0
2023-02-17 13:30:00-05:00,185.625,186.22000122070312,185.48500061035156,185.9499969482422,136608,0.0,0.0
2023-02-17 14:30:00-05:00,185.9600067138672,186.4199981689453,185.4199981689453,185.7899932861328,219614,0.0,0.0
2023-02-17 15:30:00-05:00,185.8000030517578,186.0500030517578,185.22000122070312,185.7899932861328,234113,0.0,0.0
2023-02-21 09:30:00-05:00,184.2899932861328,185.69000244140625,184.00999450683594,184.36000061035156,217040,0.0,0.0
2023-02-21 10:30:00-05:00,184.40499877929688,185.05999755859375,184.0800018310547,184.97000122070312,141658,0.0,0.0
2023-02-21 11:30:00-05:00,184.9550018310547,185.08999633789062,184.22999572753906,184.8800048828125,166474,0.0,0.0
2023-02-21 12:30:00-05:00,184.88499450683594,185.19000244140625,183.85499572753906,184.1199951171875,139023,0.0,0.0
2023-02-21 13:30:00-05:00,184.13499450683594,184.5500030517578,183.77000427246094,184.1999969482422,180691,0.0,0.0
2023-02-21 14:30:00-05:00,184.2050018310547,184.9199981689453,183.42999267578125,183.7519989013672,222534,0.0,0.0
2023-02-21 15:30:00-05:00,183.77999877929688,184.10000610351562,182.97999572753906,183.0,372667,0.0,0.0
2023-02-22 09:30:00-05:00,160.64999389648438,163.50999450683594,151.30999755859375,152.9774932861328,2116721,0.0,0.0
2023-02-22 10:30:00-05:00,152.97000122070312,159.72000122070312,152.88999938964844,158.5500030517578,1160081,0.0,0.0
2023-02-22 11:30:00-05:00,158.55999755859375,159.2100067138672,155.69000244140625,156.88999938964844,545456,0.0,0.0
2023-02-22 12:30:00-05:00,156.9600067138672,158.3800048828125,156.74000549316406,156.88999938964844,385413,0.0,0.0
2023-02-22 13:30:00-05:00,156.88499450683594,159.6199951171875,156.3699951171875,158.4949951171875,466133,0.0,0.0
2023-02-22 14:30:00-05:00,158.38999938964844,159.2899932861328,157.52999877929688,158.67999267578125,541029,0.0,0.0
2023-02-22 15:30:00-05:00,158.66000366210938,159.91000366210938,158.1999969482422,159.8000030517578,860606,0.0,0.0
2023-02-23 09:30:00-05:00,160.8699951171875,161.99000549316406,158.69500732421875,159.73500061035156,524615,0.0,0.0
2023-02-23 10:30:00-05:00,159.73500061035156,160.32000732421875,159.00999450683594,160.02000427246094,364145,0.0,0.0
2023-02-23 11:30:00-05:00,159.99000549316406,160.63999938964844,158.41000366210938,158.80999755859375,441740,0.0,0.0
2023-02-23 12:30:00-05:00,158.80999755859375,160.55999755859375,158.57000732421875,159.5,246869,0.0,0.0
2023-02-23 13:30:00-05:00,159.47000122070312,160.9600067138672,159.30999755859375,160.75999450683594,209398,0.0,0.0
2023-02-23 14:30:00-05:00,160.7100067138672,161.59190368652344,160.6999969482422,161.1699981689453,277418,0.0,0.0
2023-02-23 15:30:00-05:00,161.18499755859375,161.63999938964844,160.49000549316406,160.8699951171875,518499,0.0,0.0
2023-02-24 09:30:00-05:00,158.77999877929688,158.9799041748047,154.7899932861328,156.13999938964844,338526,0.0,0.0
2023-02-24 10:30:00-05:00,156.2050018310547,157.63999938964844,155.19000244140625,157.39999389648438,427429,0.0,0.0
2023-02-24 11:30:00-05:00,157.52999877929688,157.64500427246094,156.33999633789062,156.91000366210938,128385,0.0,0.0
2023-02-24 12:30:00-05:00,156.80999755859375,157.14999389648438,156.2899932861328,156.99000549316406,84920,0.0,0.0
2023-02-24 13:30:00-05:00,156.9600067138672,157.67999267578125,156.7899932861328,157.63999938964844,119654,0.0,0.0
2023-02-24 14:30:00-05:00,157.72000122070312,158.55870056152344,157.3699951171875,157.94000244140625,120820,0.0,0.0
2023-02-24 15:30:00-05:00,157.9600067138672,158.06500244140625,157.25,157.8699951171875,219648,0.0,0.0
2023-02-27 09:30:00-05:00,159.3800048828125,161.77000427246094,158.85499572753906,161.44000244140625,175999,0.0,0.0
2023-02-27 10:30:00-05:00,161.33999633789062,161.625,160.6300048828125,160.9499969482422,116900,0.0,0.0
2023-02-27 11:30:00-05:00,160.99000549316406,161.53939819335938,160.72000122070312,161.0500030517578,109441,0.0,0.0
2023-02-27 12:30:00-05:00,161.02999877929688,161.42250061035156,160.94000244140625,161.11500549316406,87006,0.0,0.0
2023-02-27 13:30:00-05:00,161.16000366210938,161.55499267578125,160.88999938964844,161.02499389648438,91852,0.0,0.0
2023-02-27 14:30:00-05:00,161.01499938964844,161.0850067138672,160.50999450683594,161.0800018310547,154321,0.0,0.0
2023-02-27 15:30:00-05:00,161.08999633789062,161.32000732421875,160.8300018310547,161.32000732421875,229141,0.0,0.0
2023-02-28 09:30:00-05:00,160.9199981689453,161.59800720214844,160.25,160.25,286108,0.0,0.0
2023-02-28 10:30:00-05:00,160.25999450683594,160.85000610351562,159.8249969482422,160.34500122070312,182781,0.0,0.0
2023-02-28 11:30:00-05:00,160.34500122070312,160.7899932861328,160.1300048828125,160.69000244140625,108048,0.0,0.0
2023-02-28 12:30:00-05:00,160.7100067138672,161.49000549316406,160.3800048828125,160.9199981689453,125099,0.0,0.0
2023-02-28 13:30:00-05:00,160.9199981689453,161.33999633789062,160.42999267578125,160.72000122070312,116965,0.0,0.0
2023-02-28 14:30:00-05:00,160.75,160.8249969482422,160.2100067138672,160.39999389648438,188749,0.0,0.0
2023-02-28 15:30:00-05:00,160.39999389648438,160.44900512695312,159.72000122070312,159.91000366210938,394786,0.0,0.0
2023-03-01 09:30:00-05:00,159.49000549316406,160.64999389648438,158.13499450683594,158.35000610351562,128628,0.0,0.0
2023-03-01 10:30:00-05:00,158.2899932861328,159.07000732421875,157.13499450683594,157.34500122070312,120399,0.0,0.0
2023-03-01 11:30:00-05:00,157.2707977294922,158.27999877929688,157.2010040283203,157.61000061035156,138833,0.0,0.0
2023-03-01 12:30:00-05:00,157.61000061035156,157.75,156.91000366210938,156.97999572753906,71275,0.0,0.0
2023-03-01 13:30:00-05:00,156.91000366210938,156.91000366210938,156.1300048828125,156.15499877929688,123494,0.0,0.0
2023-03-01 14:30:00-05:00,156.1199951171875,156.97000122070312,155.7949981689453,156.92999267578125,175488,0.0,0.0
2023-03-01 15:30:00-05:00,156.8699951171875,157.4290008544922,156.6699981689453,157.0500030517578,281495,0.0,0.0
2023-03-02 09:30:00-05:00,155.77999877929688,156.2949981689453,154.6999969482422,155.85499572753906,101417,0.0,0.0
2023-03-02 10:30:00-05:00,155.88499450683594,156.6300048828125,155.58999633789062,155.72000122070312,85789,0.0,0.0
2023-03-02 11:30:00-05:00,155.75999450683594,156.3000030517578,155.51699829101562,156.1999969482422,85771,0.0,0.0
2023-03-02 12:30:00-05:00,156.1510009765625,156.4084930419922,155.9199981689453,156.11000061035156,59871,0.0,0.0
2023-03-02 13:30:00-05:00,156.14999389648438,156.9149932861328,156.14999389648438,156.82000732421875,114942,0.0,0.0
2023-03-02 14:30:00-05:00,156.80999755859375,157.2899932861328,156.27999877929688,157.13999938964844,145320,0.0,0.0
2023-03-02 15:30:00-05:00,157.17999267578125,157.89999389648438,157.14100646972656,157.86000061035156,276581,0.0,0.0
2023-03-03 09:30:00-05:00,157.5,158.83999633789062,157.33999633789062,158.4499969482422,146730,0.0,0.0
2023-03-03 10:30:00-05:00,158.4600067138672,158.52999877929688,157.3300018310547,157.35000610351562,99437,0.0,0.0
2023-03-03 11:30:00-05:00,157.3699951171875,158.42999267578125,157.3699951171875,158.32000732421875,100674,0.0,0.0
2023-03-03 12:30:00-05:00,158.3699951171875,159.10000610351562,158.30999755859375,158.55999755859375,77710,0.0,0.0
2023-03-03 13:30:00-05:00,158.64999389648438,159.14999389648438,158.55999755859375,159.08999633789062,83967,0.0,0.0
2023-03-03 14:30:00-05:00,159.01100158691406,159.39999389648438,158.76100158691406,159.3699951171875,126150,0.0,0.0
2023-03-03 15:30:00-05:00,159.39999389648438,159.6999969482422,159.13999938964844,159.67999267578125,246711,0.0,0.0
2023-03-06 09:30:00-05:00,160.33999633789062,160.99000549316406,159.5316925048828,160.85000610351562,117087,0.0,0.0
2023-03-06 10:30:00-05:00,160.83999633789062,160.97999572753906,160.41000366210938,160.92999267578125,121290,0.0,0.0
2023-03-06 11:30:00-05:00,160.99000549316406,161.4250030517578,160.69000244140625,161.1699981689453,110397,0.0,0.0
2023-03-06 12:30:00-05:00,161.1699981689453,161.1699981689453,160.6199951171875,160.6199951171875,114593,0.0,0.0
2023-03-06 13:30:00-05:00,160.68499755859375,160.80999755859375,159.52999877929688,159.77999877929688,77225,0.0,0.0
2023-03-06 14:30:00-05:00,159.8699951171875,159.89999389648438,158.9499969482422,159.22000122070312,134850,0.0,0.0
2023-03-06 15:30:00-05:00,159.25,159.72999572753906,159.19000244140625,159.3800048828125,197371,0.0,0.0
2023-03-07 09:30:00-05:00,159.99000549316406,160.6750030517578,157.94500732421875,157.96499633789062,214276,0.0,0.0
2023-03-07 10:30:00-05:00,157.96099853515625,158.55999755859375,157.3300018310547,157.46099853515625,86381,0.0,0.0
2023-03-07 11:30:00-05:00,157.41000366210938,158.6199951171875,157.3699951171875,158.36000061035156,90950,0.0,0.0
2023-03-07 12:30:00-05:00,158.375,158.5399932861328,157.72999572753906,158.05999755859375,86542,0.0,0.0
2023-03-07 13:30:00-05:00,158.0,158.32000732421875,157.35000610351562,158.11000061035156,137108,0.0,0.0
2023-03-07 14:30:00-05:00,158.08999633789062,158.1300048828125,157.63999938964844,157.8699951171875,143098,0.0,0.0
2023-03-07 15:30:00-05:00,157.8699951171875,158.52000427246094,157.8300018310547,158.0,196885,0.0,0.0
2023-03-08 09:30:00-05:00,158.5,158.7050018310547,157.1699981689453,158.02000427246094,216244,0.0,0.0
2023-03-08 10:30:00-05:00,158.02499389648438,158.5800018310547,157.8300018310547,158.16000366210938,213323,0.0,0.0
2023-03-08 11:30:00-05:00,158.1999969482422,159.27999877929688,158.0850067138672,158.25999450683594,269025,0.0,0.0
2023-03-08 12:30:00-05:00,158.3249969482422,158.7100067138672,157.11500549316406,157.3249969482422,138806,0.0,0.0
2023-03-08 13:30:00-05:00,157.27999877929688,157.49000549316406,157.00999450683594,157.41000366210938,138727,0.0,0.0
2023-03-08 14:30:00-05:00,157.44000244140625,157.6699981689453,156.97000122070312,157.33999633789062,123672,0.0,0.0
2023-03-08 15:30:00-05:00,157.35000610351562,158.47999572753906,157.27000427246094,158.3699951171875,278798,0.0,0.0
2023-03-09 09:30:00-05:00,159.2100067138672,159.92999267578125,158.72999572753906,159.51499938964844,93274,0.0,0.0
2023-03-09 10:30:00-05:00,159.52000427246094,160.3437957763672,159.52000427246094,159.7899932861328,96713,0.0,0.0
2023-03-09 11:30:00-05:00,159.7899932861328,160.10000610351562,159.5,159.86500549316406,83219,0.0,0.0
2023-03-09 12:30:00-05:00,159.89999389648438,159.91000366210938,158.57000732421875,158.69590759277344,76089,0.0,0.0
2023-03-09 13:30:00-05:00,158.60000610351562,158.66000366210938,157.55499267578125,158.05499267578125,151750,0.0,0.0
2023-03-09 14:30:00-05:00,157.99000549316406,158.75999450683594,157.21499633789062,157.63999938964844,311070,0.0,0.0
2023-03-09 15:30:00-05:00,157.57000732421875,158.12759399414062,157.32000732421875,157.41000366210938,217717,0.0,0.0
2023-03-10 09:30:00-05:00,157.17999267578125,157.72999572753906,154.85000610351562,155.5449981689453,80027,0.0,0.0
2023-03-10 10:30:00-05:00,155.75999450683594,156.5,155.14999389648438,156.34320068359375,96486,0.0,0.0
2023-03-10 11:30:00-05:00,156.40719604492188,156.50999450683594,154.75,154.99000549316406,59473,0.0,0.0
2023-03-10 12:30:00-05:00,155.09500122070312,155.61000061035156,153.69000244140625,153.97999572753906,69959,0.0,0.0
2023-03-10 13:30:00-05:00,153.86000061035156,154.6475067138672,153.2100067138672,153.74000549316406,96954,0.0,0.0
2023-03-10 14:30:00-05:00,153.8350067138672,155.0500030517578,153.8350067138672,155.0399932861328,109397,0.0,0.0
2023-03-10 15:30:00-05:00,154.97500610351562,155.0800018310547,154.14999389648438,154.52000427246094,222789,0.0,0.0
2023-03-13 09:30:00-04:00,153.3800048828125,154.52999877929688,152.27000427246094,153.26499938964844,145100,0.0,0.0
2023-03-13 10:30:00-04:00,153.44000244140625,156.5,153.36770629882812,156.46499633789062,160213,0.0,0.0
2023-03-13 11:30:00-04:00,156.57000732421875,157.22000122070312,155.9149932861328,156.57000732421875,161722,0.0,0.0
2023-03-13 12:30:00-04:00,156.52999877929688,156.8800048828125,155.55999755859375,155.74000549316406,108771,0.0,0.0
2023-03-13 13:30:00-04:00,155.83999633789062,155.97999572753906,155.08999633789062,155.56500244140625,79854,0.0,0.0
2023-03-13 14:30:00-04:00,155.74000549316406,156.0800018310547,154.08999633789062,154.3350067138672,75194,0.0,0.0
2023-03-13 15:30:00-04:00,154.42999267578125,154.9425048828125,154.10000610351562,154.17999267578125,136891,0.0,0.0
2023-03-14 09:30:00-04:00,156.8300018310547,158.30499267578125,156.47000122070312,157.30999755859375,294245,0.0,0.0
2023-03-14 10:30:00-04:00,157.3350067138672,157.59500122070312,157.0399932861328,157.5500030517578,127783,0.0,0.0
2023-03-14 11:30:00-04:00,157.52000427246094,157.61819458007812,156.8699951171875,156.99989318847656,70246,0.0,0.0
2023-03-14 12:30:00-04:00,156.9499969482422,157.17999267578125,155.75,156.375,57422,0.0,0.0
2023-03-14 13:30:00-04:00,156.35000610351562,156.5500030517578,155.27999877929688,156.0399932861328,47780,0.0,0.0
2023-03-14 14:30:00-04:00,155.92999267578125,156.1649932861328,155.08999633789062,155.61000061035156,77176,0.0,0.0
2023-03-14 15:30:00-04:00,155.5,156.85000610351562,155.4600067138672,156.72999572753906,127251,0.0,0.0
2023-03-15 09:30:00-04:00,154.16000366210938,155.1199951171875,154.0,154.32000732421875,132183,0.0,0.0
2023-03-15 10:30:00-04:00,154.22000122070312,154.42999267578125,153.4600067138672,153.75,91360,0.0,0.0
2023-03-15 11:30:00-04:00,153.80999755859375,153.99000549316406,152.5800018310547,152.72999572753906,87961,0.0,0.0
2023-03-15 12:30:00-04:00,152.9600067138672,154.2960968017578,152.88499450683594,153.97999572753906,64917,0.0,0.0
2023-03-15 13:30:00-04:00,153.9600067138672,155.47000122070312,153.5,155.05999755859375,94637,0.0,0.0
2023-03-15 14:30:00-04:00,155.27000427246094,155.4499969482422,154.3300018310547,154.44000244140625,122359,0.0,0.0
2023-03-15 15:30:00-04:00,154.41000366210938,154.57899475097656,153.69500732421875,154.49000549316406,181695,0.0,0.0
2023-03-16 09:30:00-04:00,154.2100067138672,155.1999969482422,153.66000366210938,154.73500061035156,78632,0.0,0.0
2023-03-16 10:30:00-04:00,154.77000427246094,155.91909790039062,154.43499755859375,155.0399932861328,160496,0.0,0.0
2023-03-16 11:30:00-04:00,155.08999633789062,155.88999938964844,154.51499938964844,155.07000732421875,184318,0.0,0.0
2023-03-16 12:30:00-04:00,154.97999572753906,155.7100067138672,154.75999450683594,154.99000549316406,194772,0.0,0.0
2023-03-16 13:30:00-04:00,154.92999267578125,155.27999877929688,154.64500427246094,155.13999938964844,235728,0.0,0.0
2023-03-16 14:30:00-04:00,155.13999938964844,155.74000549316406,154.88999938964844,155.44500732421875,409149,0.0,0.0
2023-03-16 15:30:00-04:00,155.41000366210938,155.4550018310547,154.6999969482422,155.42999267578125,526697,0.0,0.0
2023-03-17 09:30:00-04:00,155.50999450683594,155.92999267578125,154.02999877929688,154.1999969482422,254747,0.0,0.0
2023-03-17 10:30:00-04:00,154.33999633789062,154.54010009765625,152.9250030517578,153.19000244140625,138075,0.0,0.0
2023-03-17 11:30:00-04:00,153.18499755859375,154.25999450683594,152.88999938964844,154.25999450683594,86519,0.0,0.0
2023-03-17 12:30:00-04:00,154.22999572753906,154.75,153.6699981689453,154.2100067138672,107716,0.0,0.0
2023-03-17 13:30:00-04:00,154.27000427246094,154.90499877929688,153.9199981689453,154.3800048828125,140365,0.0,0.0
2023-03-17 14:30:00-04:00,154.33999633789062,154.8800048828125,153.8300018310547,154.7899932861328,150278,0.0,0.0
2023-03-17 15:30:00-04:00,154.7899932861328,155.32000732421875,154.3300018310547,155.14999389648438,552219,0.0,0.0
2023-03-20 09:30:00-04:00,154.8800048828125,157.0850067138672,154.8800048828125,157.0850067138672,94999,0.0,0.0
2023-03-20 10:30:00-04:00,157.16000366210938,157.85000610351562,156.41000366210938,157.8000030517578,69033,0.0,0.0
2023-03-20 11:30:00-04:00,157.8800048828125,157.8800048828125,156.07000732421875,156.38499450683594,95788,0.0,0.0
2023-03-20 12:30:00-04:00,156.41000366210938,156.74000549316406,156.08999633789062,156.58999633789062,48491,0.0,0.0
2023-03-20 13:30:00-04:00,156.58999633789062,156.75999450683594,155.99000549316406,156.36000061035156,83320,0.0,0.0
2023-03-20 14:30:00-04:00,156.4600067138672,156.4600067138672,155.72999572753906,155.82000732421875,149865,0.0,0.0
2023-03-20 15:30:00-04:00,155.77000427246094,156.02999877929688,155.50999450683594,155.5500030517578,154614,0.0,0.0
2023-03-21 09:30:00-04:00,156.99000549316406,157.85000610351562,156.4499969482422,157.72999572753906,155474,0.0,0.0
2023-03-21 10:30:00-04:00,157.60000610351562,157.6649932861328,156.55999755859375,156.74000549316406,91744,0.0,0.0
2023-03-21 11:30:00-04:00,156.74000549316406,156.8300018310547,156.02999877929688,156.69000244140625,76124,0.0,0.0
2023-03-21 12:30:00-04:00,156.73500061035156,156.75999450683594,156.10000610351562,156.35000610351562,61269,0.0,0.0
2023-03-21 13:30:00-04:00,156.39999389648438,156.51499938964844,155.6300048828125,156.41000366210938,97079,0.0,0.0
2023-03-21 14:30:00-04:00,156.48550415039062,156.9199981689453,156.36000061035156,156.83999633789062,138924,0.0,0.0
2023-03-21 15:30:00-04:00,156.85499572753906,157.52000427246094,156.6199951171875,157.2899932861328,153699,0.0,0.0
2023-03-22 09:30:00-04:00,156.6199951171875,158.49000549316406,156.6199951171875,158.49000549316406,74034,0.0,0.0
2023-03-22 10:30:00-04:00,158.49000549316406,158.52000427246094,157.47000122070312,157.83999633789062,40556,0.0,0.0
2023-03-22 11:30:00-04:00,157.83999633789062,158.27000427246094,157.1300048828125,157.1300048828125,48725,0.0,0.0
2023-03-22 12:30:00-04:00,157.1300048828125,157.49000549316406,156.88999938964844,157.34500122070312,48644,0.0,0.0
2023-03-22 13:30:00-04:00,157.44000244140625,158.9600067138672,157.26499938964844,158.2899932861328,75310,0.0,0.0
2023-03-22 14:30:00-04:00,158.2899932861328,159.27999877929688,156.72760009765625,157.50999450683594,104024,0.0,0.0
2023-03-22 15:30:00-04:00,157.58999633789062,157.58999633789062,154.77000427246094,154.8300018310547,184560,0.0,0.0
2023-03-23 09:30:00-04:00,155.66000366210938,158.22999572753906,154.9199981689453,157.69500732421875,186091,0.0,0.0
2023-03-23 10:30:00-04:00,157.68499755859375,159.0,157.6199951171875,158.50999450683594,126751,0.0,0.0
2023-03-23 11:30:00-04:00,158.5500030517578,158.82000732421875,158.32000732421875,158.4499969482422,191840,0.0,0.0
2023-03-23 12:30:00-04:00,158.53500366210938,158.66000366210938,157.4499969482422,157.7899932861328,199717,0.0,0.0
2023-03-23 13:30:00-04:00,157.77999877929688,158.1699981689453,156.3800048828125,156.38999938964844,191528,0.0,0.0
2023-03-23 14:30:00-04:00,156.32000732421875,156.54800415039062,154.89559936523438,155.72000122070312,216248,0.0,0.0
2023-03-23 15:30:00-04:00,155.72000122070312,156.9250030517578,155.50999450683594,156.42999267578125,245865,0.0,0.0
2023-03-24 09:30:00-04:00,156.17999267578125,156.75,155.36000061035156,156.16000366210938,154986,0.0,0.0
2023-03-24 10:30:00-04:00,156.10000610351562,156.25999450683594,154.67999267578125,155.0800018310547,119861,0.0,0.0
2023-03-24 11:30:00-04:00,155.10000610351562,156.0500030517578,154.97000122070312,155.32000732421875,90047,0.0,0.0
2023-03-24 12:30:00-04:00,155.32000732421875,155.7082061767578,155.1199951171875,155.32000732421875,87760,0.0,0.0
2023-03-24 13:30:00-04:00,155.4499969482422,155.8699951171875,155.1999969482422,155.69000244140625,83645,0.0,0.0
2023-03-24 14:30:00-04:00,155.69500732421875,156.39999389648438,155.5399932861328,156.33999633789062,98303,0.0,0.0
2023-03-24 15:30:00-04:00,156.33999633789062,156.6999969482422,155.89999389648438,156.6699981689453,145583,0.0,0.0
2023-03-27 09:30:00-04:00,157.72000122070312,158.10000610351562,156.77000427246094,156.9600067138672,56576,0.0,0.0
2023-03-27 10:30:00-04:00,156.94000244140625,157.3800048828125,156.16000366210938,156.6199951171875,54874,0.0,0.0
2023-03-27 11:30:00-04:00,156.6042938232422,156.77999877929688,156.0749969482422,156.58990478515625,49258,0.0,0.0
2023-03-27 12:30:00-04:00,156.5749969482422,157.0,156.4199981689453,156.89999389648438,36308,0.0,0.0
2023-03-27 13:30:00-04:00,156.8699951171875,156.96060180664062,156.11500549316406,156.4499969482422,45168,0.0,0.0
2023-03-27 14:30:00-04:00,156.49000549316406,156.82000732421875,156.3699951171875,156.50999450683594,56787,0.0,0.0
2023-03-27 15:30:00-04:00,156.55999755859375,156.55999755859375,155.64999389648438,155.72999572753906,101548,0.0,0.0
2023-03-28 09:30:00-04:00,155.4499969482422,155.47999572753906,154.25,154.57000732421875,79101,0.0,0.0
2023-03-28 10:30:00-04:00,154.60000610351562,154.75999450683594,153.9949951171875,154.72000122070312,52047,0.0,0.0
2023-03-28 11:30:00-04:00,154.77499389648438,154.9499969482422,154.52499389648438,154.77000427246094,34295,0.0,0.0
2023-03-28 12:30:00-04:00,154.80499267578125,155.38499450683594,154.69000244140625,155.0500030517578,30226,0.0,0.0
2023-03-28 13:30:00-04:00,155.02000427246094,155.0749969482422,154.4199981689453,154.6999969482422,41444,0.0,0.0
2023-03-28 14:30:00-04:00,154.69500732421875,155.10000610351562,154.57000732421875,154.6649932861328,57545,0.0,0.0
2023-03-28 15:30:00-04:00,154.6300048828125,155.35000610351562,154.44000244140625,155.27999877929688,91883,0.0,0.0
2023-03-29 09:30:00-04:00,157.1300048828125,157.44500732421875,156.1999969482422,156.5500030517578,76099,0.0,0.0
2023-03-29 10:30:00-04:00,156.6300048828125,156.7100067138672,155.51499938964844,156.02000427246094,62795,0.0,0.0
2023-03-29 11:30:00-04:00,156.00999450683594,156.4499969482422,155.9499969482422,156.38999938964844,42258,0.0,0.0
2023-03-29 12:30:00-04:00,156.39999389648438,156.50999450683594,156.1999969482422,156.43499755859375,25051,0.0,0.0
2023-03-29 13:30:00-04:00,156.3800048828125,156.46719360351562,156.13999938964844,156.36000061035156,35654,0.0,0.0
2023-03-29 14:30:00-04:00,156.33999633789062,157.1699981689453,156.30999755859375,157.07000732421875,53945,0.0,0.0
2023-03-29 15:30:00-04:00,157.02999877929688,157.14500427246094,156.5399932861328,156.67999267578125,119144,0.0,0.0
2023-03-30 09:30:00-04:00,158.27000427246094,158.83999633789062,157.5800018310547,158.72000122070312,89799,0.0,0.0
2023-03-30 10:30:00-04:00,158.7050018310547,159.44000244140625,158.53500366210938,159.24000549316406,72618,0.0,0.0
2023-03-30 11:30:00-04:00,159.2100067138672,159.24000549316406,158.61000061035156,158.91000366210938,55784,0.0,0.0
2023-03-30 12:30:00-04:00,158.83999633789062,158.89999389648438,158.22500610351562,158.39999389648438,76653,0.0,0.0
2023-03-30 13:30:00-04:00,158.41000366210938,158.57000732421875,158.2100067138672,158.32000732421875,60388,0.0,0.0
2023-03-30 14:30:00-04:00,158.25999450683594,158.57269287109375,157.94000244140625,158.52000427246094,90672,0.0,0.0
2023-03-30 15:30:00-04:00,158.5323028564453,158.61990356445312,157.94000244140625,158.05999755859375,137774,0.0,0.0
2023-03-31 09:30:00-04:00,158.6300048828125,159.77999877929688,158.31500244140625,159.49000549316406,70320,0.0,0.0
2023-03-31 10:30:00-04:00,159.52999877929688,160.77999877929688,159.52999877929688,160.72999572753906,68130,0.0,0.0
2023-03-31 11:30:00-04:00,160.6999969482422,160.97000122070312,160.49000549316406,160.75999450683594,54242,0.0,0.0
2023-03-31 12:30:00-04:00,160.7100067138672,160.7100067138672,159.8000030517578,160.05999755859375,67675,0.0,0.0
2023-03-31 13:30:00-04:00,159.86000061035156,160.10000610351562,159.36000061035156,159.9149932861328,58718,0.0,0.0
2023-03-31 14:30:00-04:00,159.9600067138672,160.94000244140625,159.80499267578125,160.89500427246094,75557,0.0,0.0
2023-03-31 15:30:00-04:00,160.85000610351562,161.7100067138672,160.44000244140625,161.47999572753906,225079,0.0,0.0
2023-04-03 09:30:00-04:00,159.91000366210938,160.94000244140625,159.44000244140625,160.92999267578125,66130,0.0,0.0
2023-04-03 10:30:00-04:00,160.9250030517578,160.9250030517578,159.2899932861328,159.75999450683594,54231,0.0,0.0
2023-04-03 11:30:00-04:00,159.6699981689453,160.47000122070312,159.49000549316406,160.30999755859375,52284,0.0,0.0
2023-04-03 12:30:00-04:00,160.25999450683594,160.41000366210938,159.67999267578125,160.1199951171875,40013,0.0,0.0
2023-04-03 13:30:00-04:00,160.14999389648438,160.60000610351562,160.0800018310547,160.49000549316406,82763,0.0,0.0
2023-04-03 14:30:00-04:00,160.49000549316406,160.97000122070312,160.41000366210938,160.50999450683594,117647,0.0,0.0
2023-04-03 15:30:00-04:00,160.52000427246094,161.32000732421875,160.52000427246094,161.10000610351562,137001,0.0,0.0
2023-04-04 09:30:00-04:00,161.36000061035156,161.77000427246094,159.4199981689453,159.50999450683594,67873,0.0,0.0
2023-04-04 10:30:00-04:00,159.55499267578125,159.86289978027344,157.97900390625,158.03500366210938,106194,0.0,0.0
2023-04-04 11:30:00-04:00,158.00999450683594,158.0800018310547,156.92999267578125,157.5500030517578,139095,0.0,0.0
2023-04-04 12:30:00-04:00,157.60499572753906,157.74000549316406,157.0800018310547,157.08999633789062,308492,0.0,0.0
2023-04-04 13:30:00-04:00,157.0800018310547,158.4199981689453,157.0800018310547,157.48500061035156,407315,0.0,0.0
2023-04-04 14:30:00-04:00,157.39999389648438,157.9600067138672,156.60000610351562,156.8800048828125,239619,0.0,0.0
2023-04-04 15:30:00-04:00,156.89999389648438,157.3000030517578,156.50999450683594,157.3000030517578,271166,0.0,0.0
2023-04-05 09:30:00-04:00,156.49000549316406,157.19000244140625,156.17999267578125,156.69500732421875,181149,0.0,0.0
2023-04-05 10:30:00-04:00,156.6999969482422,156.8699951171875,155.64500427246094,155.77000427246094,76818,0.0,0.0
2023-04-05 11:30:00-04:00,155.80999755859375,156.15859985351562,155.52999877929688,155.93499755859375,63152,0.0,0.0
2023-04-05 12:30:00-04:00,155.9149932861328,156.85000610351562,155.6199951171875,156.6999969482422,73042,0.0,0.0
2023-04-05 13:30:00-04:00,156.72999572753906,157.35000610351562,156.67999267578125,156.91000366210938,89275,0.0,0.0
2023-04-05 14:30:00-04:00,156.94000244140625,157.27499389648438,156.44000244140625,156.6199951171875,95916,0.0,0.0
2023-04-05 15:30:00-04:00,156.60000610351562,156.82000732421875,155.92999267578125,155.94000244140625,201028,0.0,0.0
2023-04-06 09:30:00-04:00,154.5,155.60989379882812,153.66000366210938,155.1699981689453,108222,0.0,0.0
2023-04-06 10:30:00-04:00,155.27000427246094,155.67999267578125,154.9250030517578,155.52999877929688,95114,0.0,0.0
2023-04-06 11:30:00-04:00,155.47999572753906,156.3699951171875,155.44000244140625,156.27999877929688,73602,0.0,0.0
2023-04-06 12:30:00-04:00,156.36000061035156,156.64999389648438,155.8300018310547,156.39999389648438,73975,0.0,0.0
2023-04-06 13:30:00-04:00,156.44000244140625,156.67999267578125,156.27999877929688,156.3699951171875,105854,0.0,0.0
2023-04-06 14:30:00-04:00,156.3699951171875,156.42999267578125,155.5449981689453,155.84500122070312,90904,0.0,0.0
2023-04-06 15:30:00-04:00,155.8699951171875,156.00999450683594,155.46499633789062,155.75,142208,0.0,0.0
2023-04-10 09:30:00-04:00,155.0,156.22000122070312,155.0,156.1199951171875,54588,0.0,0.0
2023-04-10 10:30:00-04:00,156.3000030517578,156.72999572753906,156.19500732421875,156.41000366210938,31081,0.0,0.0
2023-04-10 11:30:00-04:00,156.4550018310547,156.55999755859375,155.5399932861328,156.06500244140625,50135,0.0,0.0
2023-04-10 12:30:00-04:00,156.07000732421875,156.6300048828125,155.9600067138672,156.42999267578125,49604,0.0,0.0
2023-04-10 13:30:00-04:00,156.39999389648438,156.5399932861328,156.19000244140625,156.4199981689453,47799,0.0,0.0
2023-04-10 14:30:00-04:00,156.42999267578125,157.11000061035156,156.42999267578125,156.89999389648438,40333,0.0,0.0
2023-04-10 15:30:00-04:00,156.94000244140625,157.44000244140625,156.85000610351562,157.44000244140625,94592,0.0,0.0
2023-04-11 09:30:00-04:00,158.0800018310547,158.42999267578125,157.1699981689453,157.40499877929688,89993,0.0,0.0
2023-04-11 10:30:00-04:00,157.5482940673828,157.5800018310547,156.65499877929688,157.0500030517578,93252,0.0,0.0
2023-04-11 11:30:00-04:00,157.0449981689453,157.3800048828125,156.74000549316406,157.34230041503906,48980,0.0,0.0
2023-04-11 12:30:00-04:00,157.30499267578125,157.41000366210938,156.60499572753906,156.72000122070312,54433,0.0,0.0
2023-04-11 13:30:00-04:00,156.7550048828125,157.05999755859375,156.52000427246094,157.05999755859375,189831,0.0,0.0
2023-04-11 14:30:00-04:00,157.05999755859375,157.4199981689453,156.99000549316406,157.27000427246094,104283,0.0,0.0
2023-04-11 15:30:00-04:00,157.2449951171875,157.2899932861328,155.94500732421875,156.1699981689453,176101,0.0,0.0
2023-04-12 09:30:00-04:00,157.72000122070312,159.60000610351562,157.72000122070312,159.30999755859375,135290,0.0,0.0
2023-04-12 10:30:00-04:00,159.30999755859375,159.35000610351562,157.92999267578125,158.60499572753906,119363,0.0,0.0
2023-04-12 11:30:00-04:00,158.60499572753906,158.99000549316406,158.07000732421875,158.2050018310547,104931,0.0,0.0
2023-04-12 12:30:00-04:00,158.2050018310547,158.5500030517578,158.1699981689453,158.32000732421875,77519,0.0,0.0
2023-04-12 13:30:00-04:00,158.36500549316406,159.1060028076172,158.1999969482422,158.1999969482422,109230,0.0,0.0
2023-04-12 14:30:00-04:00,158.1999969482422,158.1999969482422,157.2899932861328,157.4149932861328,149943,0.0,0.0
2023-04-12 15:30:00-04:00,157.3699951171875,157.91000366210938,157.3699951171875,157.72000122070312,219027,0.0,0.0
2023-04-13 09:30:00-04:00,158.08999633789062,158.53500366210938,157.375,158.0399932861328,54560,0.0,0.0
2023-04-13 10:30:00-04:00,158.16000366210938,158.36000061035156,157.6699981689453,158.20050048828125,57506,0.0,0.0
2023-04-13 11:30:00-04:00,158.2050018310547,158.69500732421875,158.0850067138672,158.67999267578125,51273,0.0,0.0
2023-04-13 12:30:00-04:00,158.74000549316406,158.94000244140625,158.50999450683594,158.86000061035156,48537,0.0,0.0
2023-04-13 13:30:00-04:00,158.85000610351562,159.52000427246094,158.80999755859375,159.47000122070312,65133,0.0,0.0
2023-04-13 14:30:00-04:00,159.41000366210938,160.05999755859375,159.2550048828125,160.0399932861328,83936,0.0,0.0
2023-04-13 15:30:00-04:00,160.01499938964844,160.13999938964844,159.5749969482422,159.77999877929688,296986,0.0,0.0
2023-04-14 09:30:00-04:00,159.61000061035156,161.64999389648438,159.61000061035156,160.78500366210938,125119,0.0,0.0
2023-04-14 10:30:00-04:00,160.86000061035156,160.99000549316406,160.1199951171875,160.38499450683594,72713,0.0,0.0
2023-04-14 11:30:00-04:00,160.4199981689453,160.52999877929688,159.30999755859375,159.30999755859375,70770,0.0,0.0
2023-04-14 12:30:00-04:00,159.30499267578125,159.5399932861328,158.75999450683594,159.16000366210938,45569,0.0,0.0
2023-04-14 13:30:00-04:00,159.1649932861328,159.5500030517578,158.97000122070312,159.51519775390625,75084,0.0,0.0
2023-04-14 14:30:00-04:00,159.52999877929688,159.7899932861328,158.8000030517578,159.3800048828125,83208,0.0,0.0
2023-04-14 15:30:00-04:00,159.39500427246094,159.83999633789062,159.36000061035156,159.57000732421875,136078,0.0,0.0
2023-04-17 09:30:00-04:00,158.6999969482422,158.6999969482422,152.2550048828125,152.64999389648438,468004,0.0,0.0
2023-04-17 10:30:00-04:00,152.75,153.44000244140625,152.07000732421875,152.38999938964844,261228,0.0,0.0
2023-04-17 11:30:00-04:00,152.38999938964844,152.77999877929688,152.0500030517578,152.16000366210938,166927,0.0,0.0
2023-04-17 12:30:00-04:00,152.1300048828125,152.65499877929688,151.82000732421875,152.5800018310547,107645,0.0,0.0
2023-04-17 13:30:00-04:00,152.63999938964844,152.74000549316406,151.5,152.02999877929688,216792,0.0,0.0
2023-04-17 14:30:00-04:00,151.97999572753906,153.02499389648438,151.88999938964844,152.98089599609375,251340,0.0,0.0
2023-04-17 15:30:00-04:00,152.98500061035156,153.25,152.72000122070312,153.0500030517578,316764,0.0,0.0
2023-04-18 09:30:00-04:00,153.61000061035156,153.9499969482422,152.23500061035156,152.30999755859375,193644,0.0,0.0
2023-04-18 10:30:00-04:00,152.24000549316406,152.50999450683594,151.1300048828125,151.3300018310547,122377,0.0,0.0
2023-04-18 11:30:00-04:00,151.2899932861328,151.52499389648438,150.82000732421875,151.16000366210938,152235,0.0,0.0
2023-04-18 12:30:00-04:00,151.19000244140625,151.21499633789062,150.52999877929688,150.8553009033203,216996,0.0,0.0
2023-04-18 13:30:00-04:00,150.85000610351562,151.16000366210938,150.25,150.39999389648438,224639,0.0,0.0
2023-04-18 14:30:00-04:00,150.36000061035156,150.4600067138672,149.83999633789062,149.94000244140625,238205,0.0,0.0
2023-04-18 15:30:00-04:00,149.9250030517578,150.4600067138672,149.77999877929688,150.25,452649,0.0,0.0
2023-04-19 09:30:00-04:00,149.61000061035156,149.7100067138672,146.93499755859375,148.14889526367188,212927,0.0,0.0
2023-04-19 10:30:00-04:00,148.2100067138672,148.6999969482422,147.64999389648438,147.8300018310547,133725,0.0,0.0
2023-04-19 11:30:00-04:00,147.82000732421875,148.05999755859375,147.36000061035156,147.51499938964844,179572,0.0,0.0
2023-04-19 12:30:00-04:00,147.51499938964844,148.3300018310547,147.39999389648438,148.125,237774,0.0,0.0
2023-04-19 13:30:00-04:00,148.14999389648438,148.89999389648438,148.14999389648438,148.72000122070312,211957,0.0,0.0
2023-04-19 14:30:00-04:00,148.72000122070312,148.75,148.35000610351562,148.42999267578125,110805,0.0,0.0
2023-04-19 15:30:00-04:00,148.44500732421875,148.72000122070312,148.2449951171875,148.63999938964844,242212,0.0,0.0
2023-04-20 09:30:00-04:00,147.16000366210938,147.7050018310547,146.30499267578125,147.49000549316406,120376,0.0,0.0
2023-04-20 10:30:00-04:00,147.55499267578125,148.1699981689453,147.4600067138672,147.9300994873047,131460,0.0,0.0
2023-04-20 11:30:00-04:00,147.92999267578125,148.9149932861328,147.8000030517578,148.81100463867188,136393,0.0,0.0
2023-04-20 12:30:00-04:00,148.81500244140625,149.22500610351562,148.67999267578125,149.11000061035156,104537,0.0,0.0
2023-04-20 13:30:00-04:00,149.125,149.22000122070312,147.97999572753906,147.97999572753906,73873,0.0,0.0
2023-04-20 14:30:00-04:00,148.0399932861328,148.2100067138672,147.4250030517578,147.4499969482422,103419,0.0,0.0
2023-04-20 15:30:00-04:00,147.4499969482422,148.05999755859375,147.3699951171875,147.8300018310547,173712,0.0,0.0
2023-04-21 09:30:00-04:00,148.3000030517578,148.82000732421875,147.63999938964844,148.39999389648438,88186,0.0,0.0
2023-04-21 10:30:00-04:00,148.42999267578125,148.44000244140625,147.22000122070312,148.08999633789062,48290,0.0,0.0
2023-04-21 11:30:00-04:00,148.0449981689453,148.27000427246094,147.7899932861328,147.8300018310547,52045,0.0,0.0
2023-04-21 12:30:00-04:00,147.9199981689453,148.10000610351562,147.5850067138672,147.6649932861328,44399,0.0,0.0
2023-04-21 13:30:00-04:00,147.67999267578125,148.2100067138672,147.67999267578125,147.99000549316406,56206,0.0,0.0
2023-04-21 14:30:00-04:00,148.02000427246094,148.09500122070312,147.6999969482422,147.7899932861328,67737,0.0,0.0
2023-04-21 15:30:00-04:00,147.8800048828125,148.41000366210938,147.8699951171875,148.33999633789062,109729,0.0,0.0
2023-04-24 09:30:00-04:00,147.94000244140625,148.32000732421875,146.8300018310547,147.11000061035156,101577,0.0,0.0
2023-04-24 10:30:00-04:00,147.1649932861328,147.24000549316406,146.27000427246094,146.3800048828125,89498,0.0,0.0
2023-04-24 11:30:00-04:00,146.3699951171875,146.66000366210938,145.91029357910156,146.22999572753906,88144,0.0,0.0
2023-04-24 12:30:00-04:00,146.22999572753906,146.55999755859375,146.1649932861328,146.47500610351562,64763,0.0,0.0
2023-04-24 13:30:00-04:00,146.45120239257812,146.60000610351562,146.08999633789062,146.3699951171875,78111,0.0,0.0
2023-04-24 14:30:00-04:00,146.3699951171875,146.5399932861328,146.17999267578125,146.27999877929688,89881,0.0,0.0
2023-04-24 15:30:00-04:00,146.26499938964844,146.83999633789062,146.22000122070312,146.8300018310547,177150,0.0,0.0
2023-04-25 09:30:00-04:00,146.60000610351562,146.60000610351562,144.55999755859375,144.88999938964844,292751,0.0,0.0
2023-04-25 10:30:00-04:00,144.85000610351562,144.97999572753906,144.1999969482422,144.4250030517578,130761,0.0,0.0
2023-04-25 11:30:00-04:00,144.4250030517578,144.4250030517578,143.16000366210938,143.18499755859375,182788,0.0,0.0
2023-04-25 12:30:00-04:00,143.1699981689453,143.22999572753906,142.36000061035156,142.58999633789062,256517,0.0,0.0
2023-04-25 13:30:00-04:00,142.60000610351562,143.02999877929688,142.4550018310547,142.92999267578125,205212,0.0,0.0
2023-04-25 14:30:00-04:00,142.92999267578125,143.02000427246094,142.35000610351562,142.3699951171875,174057,0.0,0.0
2023-04-25 15:30:00-04:00,142.3699951171875,142.52000427246094,141.8699951171875,141.97999572753906,458755,0.0,0.0
2023-04-26 09:30:00-04:00,141.1199951171875,142.0399932861328,141.08999633789062,141.32000732421875,101891,0.0,0.0
2023-04-26 10:30:00-04:00,141.3800048828125,142.0800018310547,141.3699951171875,141.65499877929688,133193,0.0,0.0
2023-04-26 11:30:00-04:00,141.72999572753906,141.9550018310547,141.24000549316406,141.8249969482422,96834,0.0,0.0
2023-04-26 12:30:00-04:00,141.82000732421875,141.82000732421875,141.17999267578125,141.60000610351562,61368,0.0,0.0
2023-04-26 13:30:00-04:00,141.61390686035156,141.64999389648438,141.0,141.28500366210938,75679,0.0,0.0
2023-04-26 14:30:00-04:00,141.24000549316406,141.3300018310547,140.63999938964844,140.8699951171875,100883,0.0,0.0
2023-04-26 15:30:00-04:00,140.8699951171875,141.43499755859375,140.6999969482422,141.25,189204,0.0,0.0
2023-04-27 09:30:00-04:00,141.4499969482422,141.49000549316406,139.625,140.75999450683594,102094,0.0,0.0
2023-04-27 10:30:00-04:00,140.6999969482422,141.1103973388672,140.16000366210938,140.97000122070312,118989,0.0,0.0
2023-04-27 11:30:00-04:00,141.0,141.07000732421875,140.49000549316406,140.76499938964844,117839,0.0,0.0
2023-04-27 12:30:00-04:00,140.80999755859375,141.36000061035156,140.5399932861328,141.1199951171875,209526,0.0,0.0
2023-04-27 13:30:00-04:00,141.11000061035156,141.72999572753906,141.11000061035156,141.4600067138672,109243,0.0,0.0
2023-04-27 14:30:00-04:00,141.49000549316406,141.97230529785156,141.44000244140625,141.74000549316406,223221,0.0,0.0
2023-04-27 15:30:00-04:00,141.72999572753906,142.17999267578125,141.72000122070312,141.88999938964844,178075,0.0,0.0
2023-04-28 09:30:00-04:00,141.4600067138672,144.02999877929688,141.39999389648438,143.72999572753906,312202,0.0,0.0
2023-04-28 10:30:00-04:00,143.75999450683594,144.01499938964844,143.125,143.22000122070312,237052,0.0,0.0
2023-04-28 11:30:00-04:00,143.25,143.9199981689453,143.1699981689453,143.86000061035156,172536,0.0,0.0
2023-04-28 12:30:00-04:00,143.92999267578125,144.13999938964844,143.6999969482422,143.85000610351562,120386,0.0,0.0
2023-04-28 13:30:00-04:00,143.8800048828125,143.92999267578125,143.32000732421875,143.57000732421875,134300,0.0,0.0
2023-04-28 14:30:00-04:00,143.5850067138672,143.99000549316406,143.33999633789062,143.51109313964844,240080,0.0,0.0
2023-04-28 15:30:00-04:00,143.52000427246094,144.72000122070312,143.52000427246094,144.63999938964844,414378,0.0,0.0
2023-05-01 09:30:00-04:00,144.7100067138672,145.92999267578125,144.4600067138672,145.25,252563,0.0,0.0
2023-05-01 10:30:00-04:00,145.33999633789062,145.99000549316406,145.24000549316406,145.55999755859375,166125,0.0,0.0
2023-05-01 11:30:00-04:00,145.50999450683594,145.80999755859375,145.39999389648438,145.69000244140625,155304,0.0,0.0
2023-05-01 12:30:00-04:00,145.6999969482422,145.9499969482422,145.55999755859375,145.57000732421875,132586,0.0,0.0
2023-05-01 13:30:00-04:00,145.5800018310547,145.7218017578125,145.33999633789062,145.41209411621094,90166,0.0,0.0
2023-05-01 14:30:00-04:00,145.4600067138672,145.6699981689453,145.17999267578125,145.22999572753906,147212,0.0,0.0
2023-05-01 15:30:00-04:00,145.25999450683594,145.2689971923828,144.47999572753906,144.55999755859375,468398,0.0,0.0
2023-05-02 09:30:00-04:00,144.02999877929688,144.38999938964844,142.41000366210938,142.7100067138672,181492,0.0,0.0
2023-05-02 10:30:00-04:00,142.63999938964844,142.63999938964844,141.39999389648438,141.6999969482422,196345,0.0,0.0
2023-05-02 11:30:00-04:00,141.64999389648438,142.0500030517578,141.1699981689453,142.0500030517578,137391,0.0,0.0
2023-05-02 12:30:00-04:00,142.0,142.2899932861328,141.64999389648438,141.85000610351562,129743,0.0,0.0
2023-05-02 13:30:00-04:00,141.88999938964844,142.40499877929688,141.63999938964844,142.16000366210938,120717,0.0,0.0
2023-05-02 14:30:00-04:00,142.22000122070312,142.5399932861328,142.1199951171875,142.28500366210938,138068,0.0,0.0
2023-05-02 15:30:00-04:00,142.25,142.5800018310547,141.8300018310547,142.4199981689453,240198,0.0,0.0
2023-05-03 09:30:00-04:00,143.49000549316406,144.6699981689453,143.07000732421875,143.83099365234375,121286,0.0,0.0
2023-05-03 10:30:00-04:00,143.89999389648438,144.13999938964844,143.2449951171875,143.58999633789062,110834,0.0,0.0
2023-05-03 11:30:00-04:00,143.6699981689453,144.22500610351562,143.47000122070312,143.55999755859375,96965,0.0,0.0
2023-05-03 12:30:00-04:00,143.55999755859375,144.00999450683594,143.24000549316406,143.9149932861328,122584,0.0,0.0
2023-05-03 13:30:00-04:00,143.89999389648438,144.98500061035156,143.8699951171875,144.61500549316406,177618,0.0,0.0
2023-05-03 14:30:00-04:00,144.61000061035156,144.9600067138672,143.02999877929688,143.02999877929688,274643,0.0,0.0
2023-05-03 15:30:00-04:00,143.0399932861328,143.2449951171875,142.52000427246094,142.57000732421875,184371,0.0,0.0
2023-05-04 09:30:00-04:00,142.0399932861328,142.61000061035156,141.3300018310547,141.38999938964844,112952,0.0,0.0
2023-05-04 10:30:00-04:00,141.3800048828125,142.07000732421875,140.82000732421875,141.33999633789062,139326,0.0,0.0
2023-05-04 11:30:00-04:00,141.36500549316406,141.63999938964844,140.94000244140625,141.44000244140625,77714,0.0,0.0
2023-05-04 12:30:00-04:00,141.4499969482422,141.72999572753906,141.10000610351562,141.35000610351562,68801,0.0,0.0
2023-05-04 13:30:00-04:00,141.42999267578125,141.55999755859375,140.9199981689453,140.9199981689453,78309,0.0,0.0
2023-05-04 14:30:00-04:00,140.91000366210938,141.4250030517578,140.6699981689453,141.07000732421875,100744,0.0,0.0
2023-05-04 15:30:00-04:00,141.0399932861328,141.39999389648438,140.9199981689453,141.27999877929688,150310,0.0,0.0
2023-05-05 09:30:00-04:00,142.0,143.41000366210938,141.7050018310547,142.99000549316406,91711,0.0,0.0
2023-05-05 10:30:00-04:00,142.92999267578125,143.2899932861328,142.74020385742188,143.19000244140625,65313,0.0,0.0
2023-05-05 11:30:00-04:00,143.25,143.2550048828125,142.14999389648438,142.49000549316406,73339,0.0,0.0
2023-05-05 12:30:00-04:00,142.50999450683594,142.80999755859375,142.39999389648438,142.64840698242188,102034,0.0,0.0
2023-05-05 13:30:00-04:00,142.6186981201172,143.1199951171875,142.61500549316406,143.0399932861328,97405,0.0,0.0
2023-05-05 14:30:00-04:00,143.02000427246094,143.83999633789062,142.9550018310547,143.47999572753906,102753,0.0,0.0
2023-05-05 15:30:00-04:00,143.4499969482422,143.66000366210938,143.25999450683594,143.66000366210938,152441,0.0,0.0
2023-05-08 09:30:00-04:00,144.35000610351562,144.8300018310547,143.2899932861328,143.48500061035156,72223,0.0,0.0
2023-05-08 10:30:00-04:00,143.47000122070312,143.63999938964844,143.00010681152344,143.0500030517578,71029,0.0,0.0
2023-05-08 11:30:00-04:00,143.03500366210938,143.39999389648438,142.8800048828125,142.97000122070312,64936,0.0,0.0
2023-05-08 12:30:00-04:00,142.99000549316406,143.28500366210938,142.8800048828125,143.25999450683594,42715,0.0,0.0
2023-05-08 13:30:00-04:00,143.24000549316406,143.37969970703125,142.61000061035156,143.0500030517578,52310,0.0,0.0
2023-05-08 14:30:00-04:00,143.0399932861328,143.27000427246094,143.0399932861328,143.0399932861328,66133,0.0,0.0
2023-05-08 15:30:00-04:00,143.0500030517578,143.39999389648438,143.02000427246094,143.1300048828125,105289,0.0,0.0
2023-05-09 09:30:00-04:00,141.92999267578125,142.64999389648438,141.47000122070312,142.5500030517578,68794,0.0,0.0
2023-05-09 10:30:00-04:00,142.55999755859375,142.9199981689453,142.5,142.69000244140625,72920,0.0,0.0
2023-05-09 11:30:00-04:00,142.75,142.9040069580078,142.52999877929688,142.61000061035156,51875,0.0,0.0
2023-05-09 12:30:00-04:00,142.63499450683594,142.77000427246094,142.36000061035156,142.6300048828125,42970,0.0,0.0
2023-05-09 13:30:00-04:00,142.63999938964844,143.0399932861328,142.52999877929688,142.94000244140625,47684,0.0,0.0
2023-05-09 14:30:00-04:00,143.00999450683594,143.05999755859375,142.72000122070312,142.8800048828125,53755,0.0,0.0
2023-05-09 15:30:00-04:00,142.85000610351562,143.1699981689453,142.80999755859375,143.0,119957,0.0,0.0
2023-05-10 09:30:00-04:00,144.67999267578125,145.19000244140625,143.42999267578125,144.9499969482422,132666,0.0,0.0
2023-05-10 10:30:00-04:00,145.0,145.2100067138672,143.81500244140625,144.5500030517578,210283,0.0,0.0
2023-05-10 11:30:00-04:00,144.52999877929688,144.77000427246094,144.2100067138672,144.5850067138672,68765,0.0,0.0
2023-05-10 12:30:00-04:00,144.61000061035156,144.72500610351562,143.59500122070312,143.72999572753906,126760,0.0,0.0
2023-05-10 13:30:00-04:00,143.69000244140625,144.58999633789062,143.52499389648438,144.55999755859375,104076,0.0,0.0
2023-05-10 14:30:00-04:00,144.5500030517578,145.72999572753906,144.52000427246094,145.50999450683594,121628,0.0,0.0
2023-05-10 15:30:00-04:00,145.47000122070312,145.77499389648438,145.46099853515625,145.6699981689453,194940,0.0,0.0
2023-05-11 09:30:00-04:00,145.83999633789062,145.83999633789062,143.52999877929688,144.35000610351562,148557,0.0,0.0
2023-05-11 10:30:00-04:00,144.4600067138672,144.77000427246094,143.83999633789062,144.0399932861328,232005,0.0,0.0
2023-05-11 11:30:00-04:00,144.05499267578125,144.71510314941406,144.0500030517578,144.58999633789062,102110,0.0,0.0
2023-05-11 12:30:00-04:00,144.58999633789062,144.77499389648438,144.25,144.25,55592,0.0,0.0
2023-05-11 13:30:00-04:00,144.2725067138672,144.4600067138672,143.7949981689453,144.11000061035156,71112,0.0,0.0
2023-05-11 14:30:00-04:00,144.11500549316406,144.36500549316406,143.97999572753906,144.2550048828125,100664,0.0,0.0
2023-05-11 15:30:00-04:00,144.2100067138672,144.58999633789062,144.02999877929688,144.52000427246094,185623,0.0,0.0
2023-05-12 09:30:00-04:00,145.2899932861328,145.5399932861328,144.49000549316406,144.9499969482422,90896,0.0,0.0
2023-05-12 10:30:00-04:00,144.94000244140625,144.94000244140625,143.99000549316406,144.4199981689453,109204,0.0,0.0
2023-05-12 11:30:00-04:00,144.48500061035156,144.83999633789062,144.25,144.5399932861328,69943,0.0,0.0
2023-05-12 12:30:00-04:00,144.57000732421875,144.8300018310547,144.36000061035156,144.75999450683594,68397,0.0,0.0
2023-05-12 13:30:00-04:00,144.74000549316406,144.91000366210938,144.24000549316406,144.39999389648438,92346,0.0,0.0
2023-05-12 14:30:00-04:00,144.4199981689453,144.8800048828125,144.32000732421875,144.8000030517578,118364,0.0,0.0
2023-05-12 15:30:00-04:00,144.80999755859375,145.47000122070312,144.75,145.25999450683594,210743,0.0,0.0
2023-05-15 09:30:00-04:00,146.0,146.0500030517578,144.89999389648438,145.94000244140625,142960,0.0,0.0
2023-05-15 10:30:00-04:00,145.94749450683594,146.6699981689453,145.81500244140625,146.6251983642578,206276,0.0,0.0
2023-05-15 11:30:00-04:00,146.60000610351562,147.22999572753906,146.4499969482422,147.15499877929688,160780,0.0,0.0
2023-05-15 12:30:00-04:00,147.15499877929688,148.05999755859375,147.02999877929688,147.56500244140625,158791,0.0,0.0
2023-05-15 13:30:00-04:00,147.52000427246094,147.9949951171875,147.28500366210938,147.97000122070312,144522,0.0,0.0
2023-05-15 14:30:00-04:00,147.99000549316406,148.47999572753906,147.97000122070312,148.4149932861328,198519,0.0,0.0
2023-05-15 15:30:00-04:00,148.4149932861328,148.85000610351562,148.39999389648438,148.7899932861328,338565,0.0,0.0
2023-05-16 09:30:00-04:00,148.1300048828125,149.22999572753906,147.75999450683594,148.18499755859375,178939,0.0,0.0
2023-05-16 10:30:00-04:00,148.2899932861328,148.5,147.50999450683594,147.5800018310547,214784,0.0,0.0
2023-05-16 11:30:00-04:00,147.6300048828125,148.05499267578125,147.02000427246094,147.22000122070312,194704,0.0,0.0
2023-05-16 12:30:00-04:00,147.22000122070312,147.43499755859375,146.77999877929688,146.85000610351562,236239,0.0,0.0
2023-05-16 13:30:00-04:00,146.8300018310547,147.02999877929688,146.33999633789062,146.69000244140625,172167,0.0,0.0
2023-05-16 14:30:00-04:00,146.6999969482422,147.25999450683594,146.5850067138672,146.94000244140625,205127,0.0,0.0
2023-05-16 15:30:00-04:00,146.9499969482422,147.3000030517578,146.4499969482422,146.51719665527344,379703,0.0,0.0
2023-05-17 09:30:00-04:00,159.97500610351562,161.64999389648438,156.25,157.875,720545,0.0,0.0
2023-05-17 10:30:00-04:00,157.8927001953125,158.6199951171875,155.9199981689453,156.84500122070312,361502,0.0,0.0
2023-05-17 11:30:00-04:00,156.9499969482422,157.79989624023438,156.60000610351562,156.78500366210938,257650,0.0,0.0
2023-05-17 12:30:00-04:00,156.82000732421875,158.1300048828125,156.58999633789062,157.94000244140625,190142,0.0,0.0
2023-05-17 13:30:00-04:00,157.9600067138672,158.13999938964844,157.17999267578125,157.6710968017578,188856,0.0,0.0
2023-05-17 14:30:00-04:00,157.72500610351562,157.85000610351562,156.6699981689453,156.9499969482422,229573,0.0,0.0
2023-05-17 15:30:00-04:00,157.00999450683594,157.89999389648438,157.00999450683594,157.77000427246094,453314,0.0,0.0
2023-05-18 09:30:00-04:00,157.0,157.3800048828125,155.27000427246094,156.0500030517578,189459,0.0,0.0
2023-05-18 10:30:00-04:00,156.0399932861328,156.82000732421875,155.67999267578125,156.15499877929688,168113,0.0,0.0
2023-05-18 11:30:00-04:00,156.1199951171875,157.1999969482422,155.6300048828125,155.66000366210938,111354,0.0,0.0
2023-05-18 12:30:00-04:00,155.74229431152344,157.1649932861328,155.64999389648438,156.7899932861328,186335,0.0,0.0
2023-05-18 13:30:00-04:00,156.77000427246094,156.97000122070312,156.17999267578125,156.67999267578125,109073,0.0,0.0
2023-05-18 14:30:00-04:00,156.7100067138672,157.3000030517578,156.64999389648438,157.25,127862,0.0,0.0
2023-05-18 15:30:00-04:00,157.27999877929688,157.77999877929688,157.1199951171875,157.72000122070312,238487,0.0,0.0
2023-05-19 09:30:00-04:00,157.49000549316406,158.0050048828125,157.0500030517578,157.9600067138672,116557,0.0,0.0
2023-05-19 10:30:00-04:00,158.00999450683594,158.9799041748047,157.99000549316406,158.22000122070312,118423,0.0,0.0
2023-05-19 11:30:00-04:00,158.10000610351562,158.64500427246094,157.5,157.52000427246094,100119,0.0,0.0
2023-05-19 12:30:00-04:00,157.49729919433594,157.72999572753906,157.2100067138672,157.2899932861328,98859,0.0,0.0
2023-05-19 13:30:00-04:00,157.2899932861328,157.3699951171875,156.9199981689453,157.0800018310547,84795,0.0,0.0
2023-05-19 14:30:00-04:00,157.11000061035156,157.6999969482422,156.88999938964844,157.41000366210938,124703,0.0,0.0
2023-05-19 15:30:00-04:00,157.42999267578125,157.66000366210938,157.16000366210938,157.17999267578125,188000,0.0,0.0
2023-05-22 09:30:00-04:00,157.0,158.44000244140625,156.75,158.05999755859375,89763,0.0,0.0
2023-05-22 10:30:00-04:00,158.02000427246094,158.85499572753906,157.7100067138672,158.63999938964844,117831,0.0,0.0
2023-05-22 11:30:00-04:00,158.6999969482422,158.83999633789062,158.36000061035156,158.4199981689453,60709,0.0,0.0
2023-05-22 12:30:00-04:00,158.43069458007812,158.82000732421875,158.27999877929688,158.66000366210938,87995,0.0,0.0
2023-05-22 13:30:00-04:00,158.6199951171875,158.9600067138672,158.57000732421875,158.94000244140625,75928,0.0,0.0
2023-05-22 14:30:00-04:00,158.94000244140625,159.24000549316406,158.5800018310547,158.6999969482422,127095,0.0,0.0
2023-05-22 15:30:00-04:00,158.69749450683594,159.0,158.52000427246094,158.75,200965,0.0,0.0
2023-05-23 09:30:00-04:00,158.41000366210938,159.39999389648438,158.41000366210938,158.9801025390625,84122,0.0,0.0
2023-05-23 10:30:00-04:00,159.04739379882812,159.2100067138672,158.0800018310547,158.24000549316406,102556,0.0,0.0
2023-05-23 11:30:00-04:00,158.22470092773438,158.6300048828125,157.55999755859375,158.02999877929688,86257,0.0,0.0
2023-05-23 12:30:00-04:00,157.9553985595703,158.4250030517578,157.75999450683594,158.16000366210938,114890,0.0,0.0
2023-05-23 13:30:00-04:00,158.14999389648438,158.35000610351562,157.65499877929688,157.84249877929688,133791,0.0,0.0
2023-05-23 14:30:00-04:00,157.8350067138672,157.86990356445312,157.076904296875,157.52999877929688,120071,0.0,0.0
2023-05-23 15:30:00-04:00,157.53500366210938,157.75999450683594,157.47999572753906,157.50999450683594,191012,0.0,0.0
2023-05-24 09:30:00-04:00,155.7899932861328,156.38999938964844,155.15499877929688,155.61000061035156,148453,0.0,0.0
2023-05-24 10:30:00-04:00,155.60000610351562,156.49000549316406,155.4600067138672,156.13999938964844,134787,0.0,0.0
2023-05-24 11:30:00-04:00,156.25,156.30999755859375,155.64999389648438,155.64999389648438,85493,0.0,0.0
2023-05-24 12:30:00-04:00,155.60000610351562,155.7100067138672,155.0,155.39999389648438,62818,0.0,0.0
2023-05-24 13:30:00-04:00,155.36000061035156,155.9600067138672,155.36000061035156,155.52999877929688,73622,0.0,0.0
2023-05-24 14:30:00-04:00,155.47999572753906,156.24000549316406,155.41000366210938,156.14999389648438,128062,0.0,0.0
2023-05-24 15:30:00-04:00,156.1300048828125,156.41000366210938,155.41000366210938,155.47000122070312,143158,0.0,0.0
2023-05-25 09:30:00-04:00,156.6699981689453,157.67999267578125,156.1699981689453,157.13999938964844,187665,0.0,0.0
2023-05-25 10:30:00-04:00,157.13999938964844,157.5,156.73500061035156,157.0,122285,0.0,0.0
2023-05-25 11:30:00-04:00,156.97999572753906,158.13999938964844,156.9499969482422,157.9499969482422,91521,0.0,0.0
2023-05-25 12:30:00-04:00,157.97000122070312,157.97000122070312,157.4199981689453,157.77000427246094,76270,0.0,0.0
2023-05-25 13:30:00-04:00,157.8300018310547,158.07000732421875,157.33999633789062,157.47000122070312,101356,0.0,0.0
2023-05-25 14:30:00-04:00,157.4199981689453,157.6999969482422,156.88999938964844,157.55999755859375,141144,0.0,0.0
2023-05-25 15:30:00-04:00,157.58999633789062,157.8800048828125,157.0399932861328,157.10000610351562,236728,0.0,0.0
2023-05-26 09:30:00-04:00,158.05999755859375,160.4199981689453,158.05999755859375,160.4199981689453,91975,0.0,0.0
2023-05-26 10:30:00-04:00,160.5399932861328,161.5399932861328,160.44000244140625,161.0800018310547,113906,0.0,0.0
2023-05-26 11:30:00-04:00,161.06500244140625,161.5800018310547,160.9499969482422,161.52000427246094,95314,0.0,0.0
2023-05-26 12:30:00-04:00,161.5800018310547,161.86000061035156,161.3000030517578,161.77499389648438,79511,0.0,0.0
2023-05-26 13:30:00-04:00,161.7100067138672,161.7100067138672,161.35000610351562,161.6699981689453,100549,0.0,0.0
2023-05-26 14:30:00-04:00,161.64999389648438,162.3300018310547,161.6300048828125,162.22000122070312,115942,0.0,0.0
2023-05-26 15:30:00-04:00,162.17999267578125,162.25999450683594,161.55999755859375,161.6300048828125,205263,0.0,0.0
2023-05-30 09:30:00-04:00,163.7100067138672,164.35499572753906,162.1649932861328,162.3300018310547,238214,0.0,0.0
2023-05-30 10:30:00-04:00,162.2899932861328,162.43499755859375,161.36570739746094,161.99000549316406,148932,0.0,0.0
2023-05-30 11:30:00-04:00,162.0,162.9600067138672,162.0,162.67999267578125,117703,0.0,0.0
2023-05-30 12:30:00-04:00,162.72500610351562,162.9499053955078,162.24000549316406,162.25999450683594,75164,0.0,0.0
2023-05-30 13:30:00-04:00,162.2449951171875,162.66000366210938,161.75,162.64999389648438,73331,0.0,0.0
2023-05-30 14:30:00-04:00,162.67999267578125,163.07000732421875,162.38999938964844,163.00999450683594,123842,0.0,0.0
2023-05-30 15:30:00-04:00,162.9949951171875,163.0800018310547,162.13999938964844,162.27999877929688,250339,0.0,0.0
2023-05-31 09:30:00-04:00,160.9499969482422,163.07000732421875,160.7050018310547,162.00999450683594,187902,0.0,0.0
2023-05-31 10:30:00-04:00,161.8699951171875,162.69500732421875,161.32000732421875,161.4499969482422,144434,0.0,0.0
2023-05-31 11:30:00-04:00,161.4600067138672,161.92999267578125,161.23500061035156,161.66000366210938,68575,0.0,0.0
2023-05-31 12:30:00-04:00,161.64999389648438,161.85000610351562,161.3800048828125,161.7949981689453,97027,0.0,0.0
2023-05-31 13:30:00-04:00,161.86000061035156,162.4499969482422,161.5399932861328,162.4149932861328,95953,0.0,0.0
2023-05-31 14:30:00-04:00,162.44000244140625,162.5399932861328,161.9499969482422,162.10000610351562,121304,0.0,0.0
2023-05-31 15:30:00-04:00,162.13999938964844,162.3350067138672,161.0800018310547,161.7899932861328,406363,0.0,0.0
2023-06-01 09:30:00-04:00,161.9600067138672,162.66000366210938,160.9499969482422,161.27099609375,82503,0.0,0.0
2023-06-01 10:30:00-04:00,161.2899932861328,162.1750030517578,161.25,162.05499267578125,75966,0.0,0.0
2023-06-01 11:30:00-04:00,162.05999755859375,162.6204071044922,162.0,162.5449981689453,70339,0.0,0.0
2023-06-01 12:30:00-04:00,162.6199951171875,162.85000610351562,162.17999267578125,162.38499450683594,73035,0.0,0.0
2023-06-01 13:30:00-04:00,162.33999633789062,163.19000244140625,162.33999633789062,163.11500549316406,63715,0.0,0.0
2023-06-01 14:30:00-04:00,163.08999633789062,163.72000122070312,162.91000366210938,163.38999938964844,111391,0.0,0.0
2023-06-01 15:30:00-04:00,163.39500427246094,163.39500427246094,162.7100067138672,163.11000061035156,168169,0.0,0.0
2023-06-02 09:30:00-04:00,164.0800018310547,164.25,161.7899932861328,162.72999572753906,127965,0.0,0.0
2023-06-02 10:30:00-04:00,162.73500061035156,163.6699981689453,162.38999938964844,163.6199951171875,92902,0.0,0.0
2023-06-02 11:30:00-04:00,163.63499450683594,163.8800048828125,163.3697052001953,163.8699951171875,56374,0.0,0.0
2023-06-02 12:30:00-04:00,163.88999938964844,164.38999938964844,163.80999755859375,164.16000366210938,56021,0.0,0.0
2023-06-02 13:30:00-04:00,164.16000366210938,164.16000366210938,163.22000122070312,163.52000427246094,56897,0.0,0.0
2023-06-02 14:30:00-04:00,163.59500122070312,163.82000732421875,163.44500732421875,163.45010375976562,84193,0.0,0.0
2023-06-02 15:30:00-04:00,163.49000549316406,163.69000244140625,163.25,163.25999450683594,152691,0.0,0.0
2023-06-05 09:30:00-04:00,163.3000030517578,163.74000549316406,161.49000549316406,161.50999450683594,87710,0.0,0.0
2023-06-05 10:30:00-04:00,161.44000244140625,162.5500030517578,161.4199981689453,162.5500030517578,53686,0.0,0.0
2023-06-05 11:30:00-04:00,162.5,162.6300048828125,162.24000549316406,162.44000244140625,44120,0.0,0.0
2023-06-05 12:30:00-04:00,162.38999938964844,162.38999938964844,161.2899932861328,161.3000030517578,87419,0.0,0.0
2023-06-05 13:30:00-04:00,161.52999877929688,161.52999877929688,161.07000732421875,161.125,82096,0.0,0.0
2023-06-05 14:30:00-04:00,161.13999938964844,161.2949981689453,160.3800048828125,161.22000122070312,162263,0.0,0.0
2023-06-05 15:30:00-04:00,161.2100067138672,161.60000610351562,161.10890197753906,161.4499969482422,152845,0.0,0.0
2023-06-06 09:30:00-04:00,160.8800048828125,162.40499877929688,160.49000549316406,161.80999755859375,61941,0.0,0.0
2023-06-06 10:30:00-04:00,161.88999938964844,162.1699981689453,161.19500732421875,161.375,62665,0.0,0.0
2023-06-06 11:30:00-04:00,161.52999877929688,162.27000427246094,161.51499938964844,161.92999267578125,39650,0.0,0.0
2023-06-06 12:30:00-04:00,161.9499969482422,161.97959899902344,161.31100463867188,161.3800048828125,33555,0.0,0.0
2023-06-06 13:30:00-04:00,161.4499969482422,161.4499969482422,160.64999389648438,161.07000732421875,71031,0.0,0.0
2023-06-06 14:30:00-04:00,161.10000610351562,161.3000030517578,160.84010314941406,161.2550048828125,83067,0.0,0.0
2023-06-06 15:30:00-04:00,161.22999572753906,161.66000366210938,161.14999389648438,161.44000244140625,119669,0.0,0.0
2023-06-07 09:30:00-04:00,161.88999938964844,163.4600067138672,161.6999969482422,163.3699951171875,64549,0.0,0.0
2023-06-07 10:30:00-04:00,163.3800048828125,163.47000122070312,162.33999633789062,162.8800048828125,72013,0.0,0.0
2023-06-07 11:30:00-04:00,162.8800048828125,163.0050048828125,162.11000061035156,162.3699951171875,66251,0.0,0.0
2023-06-07 12:30:00-04:00,162.42999267578125,162.77499389648438,161.97000122070312,162.0800018310547,62761,0.0,0.0
2023-06-07 13:30:00-04:00,162.11000061035156,162.11000061035156,161.35000610351562,161.3800048828125,82939,0.0,0.0
2023-06-07 14:30:00-04:00,161.3800048828125,161.77999877929688,161.22000122070312,161.64999389648438,77090,0.0,0.0
2023-06-07 15:30:00-04:00,161.67999267578125,161.85499572753906,161.22999572753906,161.52999877929688,133118,0.0,0.0
2023-06-08 09:30:00-04:00,161.89999389648438,162.22000122070312,160.94000244140625,161.52999877929688,69401,0.0,0.0
2023-06-08 10:30:00-04:00,161.6199951171875,162.14500427246094,161.3300018310547,161.73500061035156,61388,0.0,0.0
2023-06-08 11:30:00-04:00,161.75999450683594,162.6300048828125,161.69000244140625,162.6300048828125,61718,0.0,0.0
2023-06-08 12:30:00-04:00,162.69000244140625,162.69000244140625,161.74000549316406,161.85000610351562,61230,0.0,0.0
2023-06-08 13:30:00-04:00,161.77000427246094,161.82000732421875,161.4709930419922,161.80999755859375,50593,0.0,0.0
2023-06-08 14:30:00-04:00,161.82000732421875,162.36000061035156,161.80999755859375,162.32000732421875,59262,0.0,0.0
2023-06-08 15:30:00-04:00,162.25999450683594,162.4949951171875,162.1157989501953,162.3800048828125,140529,0.0,0.0
2023-06-09 09:30:00-04:00,163.39999389648438,164.1649932861328,162.99000549316406,163.3699951171875,90708,0.0,0.0
2023-06-09 10:30:00-04:00,163.42999267578125,163.4971923828125,162.1199951171875,162.14999389648438,63139,0.0,0.0
2023-06-09 11:30:00-04:00,162.10000610351562,162.55999755859375,161.7899932861328,161.8802947998047,58799,0.0,0.0
2023-06-09 12:30:00-04:00,161.91000366210938,162.19000244140625,161.86000061035156,162.13499450683594,61305,0.0,0.0
2023-06-09 13:30:00-04:00,162.1199951171875,162.27999877929688,161.66000366210938,161.74000549316406,81405,0.0,0.0
2023-06-09 14:30:00-04:00,161.8000030517578,162.27999877929688,161.72000122070312,161.9199981689453,90346,0.0,0.0
2023-06-09 15:30:00-04:00,161.89999389648438,161.97000122070312,161.50999450683594,161.58999633789062,180071,0.0,0.0
2023-06-12 09:30:00-04:00,161.9499969482422,163.10000610351562,161.91000366210938,163.07000732421875,90668,0.0,0.0
2023-06-12 10:30:00-04:00,163.17999267578125,164.02999877929688,162.67880249023438,163.38999938964844,54783,0.0,0.0
2023-06-12 11:30:00-04:00,163.49000549316406,163.9499969482422,163.35000610351562,163.71499633789062,54749,0.0,0.0
2023-06-12 12:30:00-04:00,163.72000122070312,164.0,163.5500030517578,163.55999755859375,64139,0.0,0.0
2023-06-12 13:30:00-04:00,163.55999755859375,163.82000732421875,163.44000244140625,163.5449981689453,76629,0.0,0.0
2023-06-12 14:30:00-04:00,163.57000732421875,164.10780334472656,163.5399932861328,164.0500030517578,111734,0.0,0.0
2023-06-12 15:30:00-04:00,164.02999877929688,164.0800018310547,163.58999633789062,164.02999877929688,185068,0.0,0.0
2023-06-13 09:30:00-04:00,164.85000610351562,165.44000244140625,164.24000549316406,164.9199981689453,103361,0.0,0.0
2023-06-13 10:30:00-04:00,164.99000549316406,165.4600067138672,164.77000427246094,165.1199951171875,63488,0.0,0.0
2023-06-13 11:30:00-04:00,165.0800018310547,165.1300048828125,164.1999969482422,164.4199981689453,54496,0.0,0.0
2023-06-13 12:30:00-04:00,164.4199981689453,164.97000122070312,164.25,164.3800048828125,66416,0.0,0.0
2023-06-13 13:30:00-04:00,164.40499877929688,164.5500030517578,164.17999267578125,164.27999877929688,63158,0.0,0.0
2023-06-13 14:30:00-04:00,164.19000244140625,164.41000366210938,163.86000061035156,164.33999633789062,79203,0.0,0.0
2023-06-13 15:30:00-04:00,164.3699951171875,164.97999572753906,164.3699951171875,164.97999572753906,146620,0.0,0.0
2023-06-14 09:30:00-04:00,164.6199951171875,165.88999938964844,164.3000030517578,165.1199951171875,133236,0.0,0.0
2023-06-14 10:30:00-04:00,165.17999267578125,165.89999389648438,164.98500061035156,165.77999877929688,80943,0.0,0.0
2023-06-14 11:30:00-04:00,165.8000030517578,165.9542999267578,165.47999572753906,165.5,45527,0.0,0.0
2023-06-14 12:30:00-04:00,165.52000427246094,165.5500030517578,164.91000366210938,164.9499969482422,43799,0.0,0.0
2023-06-14 13:30:00-04:00,164.9149932861328,165.08999633789062,163.60000610351562,163.74000549316406,81223,0.0,0.0
2023-06-14 14:30:00-04:00,163.73019409179688,165.1125030517578,163.5,164.3300018310547,182369,0.0,0.0
2023-06-14 15:30:00-04:00,164.27999877929688,164.48500061035156,163.36000061035156,164.1999969482422,154337,0.0,0.0
2023-06-15 09:30:00-04:00,163.1199951171875,164.66000366210938,162.94000244140625,164.64999389648438,100598,0.0,0.0
2023-06-15 10:30:00-04:00,164.77000427246094,164.99000549316406,164.25,164.9499969482422,65154,0.0,0.0
2023-06-15 11:30:00-04:00,164.86000061035156,165.2100067138672,164.60000610351562,164.7899932861328,149823,0.0,0.0
2023-06-15 12:30:00-04:00,164.80999755859375,165.07000732421875,164.42999267578125,164.7100067138672,81555,0.0,0.0
2023-06-15 13:30:00-04:00,164.6999969482422,165.16000366210938,164.63999938964844,165.10499572753906,85758,0.0,0.0
2023-06-15 14:30:00-04:00,165.1300048828125,165.89999389648438,165.07000732421875,165.44000244140625,123276,0.0,0.0
2023-06-15 15:30:00-04:00,165.4499969482422,165.57000732421875,165.05999755859375,165.42999267578125,202123,0.0,0.0
2023-06-16 09:30:00-04:00,166.64999389648438,167.4398956298828,165.89999389648438,166.8699951171875,289823,0.0,0.0
2023-06-16 10:30:00-04:00,166.88999938964844,167.02999877929688,165.91000366210938,166.08999633789062,94567,0.0,0.0
2023-06-16 11:30:00-04:00,166.1999969482422,166.27000427246094,165.4250030517578,165.64999389648438,95633,0.0,0.0
2023-06-16 12:30:00-04:00,165.66000366210938,166.3000030517578,165.66000366210938,165.7949981689453,86195,0.0,0.0
2023-06-16 13:30:00-04:00,165.80999755859375,166.0399932861328,165.39999389648438,165.92999267578125,139051,0.0,0.0
2023-06-16 14:30:00-04:00,165.9199981689453,165.97999572753906,165.3000030517578,165.3000030517578,127849,0.0,0.0
2023-06-16 15:30:00-04:00,165.3000030517578,165.73500061035156,164.7899932861328,164.88999938964844,340252,0.0,0.0
2023-06-20 09:30:00-04:00,164.0800018310547,164.86000061035156,162.26499938964844,162.4499969482422,199619,0.0,0.0
2023-06-20 10:30:00-04:00,162.39999389648438,162.47999572753906,161.4387969970703,161.8249969482422,140981,0.0,0.0
2023-06-20 11:30:00-04:00,161.85000610351562,162.09500122070312,161.7100067138672,161.94000244140625,114877,0.0,0.0
2023-06-20 12:30:00-04:00,161.97999572753906,162.69000244140625,161.97000122070312,162.6300048828125,110524,0.0,0.0
2023-06-20 13:30:00-04:00,162.58999633789062,162.8699951171875,162.3300018310547,162.61000061035156,111883,0.0,0.0
2023-06-20 14:30:00-04:00,162.5800018310547,162.9199981689453,162.25999450683594,162.80499267578125,163615,0.0,0.0
2023-06-20 15:30:00-04:00,162.83999633789062,163.0,162.5500030517578,162.58999633789062,190964,0.0,0.0
2023-06-21 09:30:00-04:00,161.61000061035156,162.23500061035156,161.5,161.72999572753906,118551,0.0,0.0
2023-06-21 10:30:00-04:00,161.72500610351562,161.90499877929688,160.8800048828125,161.22999572753906,97723,0.0,0.0
2023-06-21 11:30:00-04:00,161.1699981689453,161.41000366210938,160.88999938964844,161.2100067138672,74528,0.0,0.0
2023-06-21 12:30:00-04:00,161.35000610351562,161.69500732421875,161.1199951171875,161.1199951171875,71081,0.0,0.0
2023-06-21 13:30:00-04:00,161.1425018310547,161.9149932861328,161.07000732421875,161.8800048828125,109227,0.0,0.0
2023-06-21 14:30:00-04:00,161.86000061035156,162.11000061035156,161.47000122070312,161.5399932861328,158863,0.0,0.0
2023-06-21 15:30:00-04:00,161.5800018310547,161.7550048828125,161.11000061035156,161.1699981689453,263608,0.0,0.0
2023-06-22 09:30:00-04:00,161.0399932861328,161.125,159.97000122070312,160.60000610351562,220494,0.0,0.0
2023-06-22 10:30:00-04:00,160.6199951171875,160.92999267578125,158.74000549316406,158.77000427246094,180124,0.0,0.0
2023-06-22 11:30:00-04:00,158.80999755859375,159.67999267578125,158.75,159.24000549316406,145525,0.0,0.0
2023-06-22 12:30:00-04:00,159.22999572753906,159.49000549316406,158.9199981689453,159.4499969482422,95903,0.0,0.0
2023-06-22 13:30:00-04:00,159.47999572753906,160.07000732421875,159.36500549316406,159.77999877929688,220999,0.0,0.0
2023-06-22 14:30:00-04:00,159.74000549316406,159.9949951171875,159.49000549316406,159.50999450683594,171636,0.0,0.0
2023-06-22 15:30:00-04:00,159.50999450683594,160.08999633789062,159.47000122070312,159.8800048828125,326416,0.0,0.0
2023-06-23 09:30:00-04:00,158.25999450683594,158.25999450683594,156.66000366210938,156.97000122070312,124716,0.0,0.0
2023-06-23 10:30:00-04:00,157.0399932861328,157.6199951171875,156.1649932861328,156.25999450683594,141081,0.0,0.0
2023-06-23 11:30:00-04:00,156.3000030517578,157.0399932861328,156.22000122070312,156.75,131772,0.0,0.0
2023-06-23 12:30:00-04:00,156.77220153808594,157.1999969482422,156.4600067138672,157.10000610351562,128004,0.0,0.0
2023-06-23 13:30:00-04:00,157.14500427246094,157.47999572753906,156.6199951171875,157.14999389648438,134141,0.0,0.0
2023-06-23 14:30:00-04:00,157.2100067138672,157.27000427246094,156.47500610351562,157.0500030517578,179289,0.0,0.0
2023-06-23 15:30:00-04:00,157.10000610351562,158.44000244140625,157.0500030517578,157.9600067138672,354039,0.0,0.0
2023-06-26 09:30:00-04:00,158.6199951171875,159.5800018310547,158.2949981689453,159.07000732421875,61260,0.0,0.0
2023-06-26 10:30:00-04:00,159.0399932861328,159.2449951171875,158.4199981689453,159.0500030517578,73161,0.0,0.0
2023-06-26 11:30:00-04:00,159.02999877929688,159.42999267578125,158.89999389648438,159.3000030517578,62302,0.0,0.0
2023-06-26 12:30:00-04:00,159.25,159.69000244140625,159.05499267578125,159.69000244140625,52026,0.0,0.0
2023-06-26 13:30:00-04:00,159.64999389648438,159.8800048828125,159.55999755859375,159.72000122070312,53173,0.0,0.0
2023-06-26 14:30:00-04:00,159.69000244140625,159.8300018310547,159.6199951171875,159.75,79394,0.0,0.0
2023-06-26 15:30:00-04:00,159.72000122070312,159.94000244140625,158.83999633789062,158.92999267578125,146149,0.0,0.0
2023-06-27 09:30:00-04:00,159.3300018310547,160.35000610351562,159.3249969482422,160.30999755859375,57793,0.0,0.0
2023-06-27 10:30:00-04:00,160.22999572753906,160.6999969482422,160.16000366210938,160.69000244140625,46885,0.0,0.0
2023-06-27 11:30:00-04:00,160.73500061035156,161.20419311523438,160.6300048828125,161.185302734375,43121,0.0,0.0
2023-06-27 12:30:00-04:00,161.1699981689453,161.7899932861328,161.1649932861328,161.64999389648438,40751,0.0,0.0
2023-06-27 13:30:00-04:00,161.7100067138672,162.0,161.64999389648438,161.97000122070312,62294,0.0,0.0
2023-06-27 14:30:00-04:00,161.96499633789062,162.71499633789062,161.94000244140625,162.6999969482422,81742,0.0,0.0
2023-06-27 15:30:00-04:00,162.6999969482422,162.85000610351562,162.47999572753906,162.55999755859375,151501,0.0,0.0
2023-06-28 09:30:00-04:00,162.25,163.1699981689453,161.39999389648438,163.14999389648438,77261,0.0,0.0
2023-06-28 10:30:00-04:00,163.1300048828125,163.50999450683594,162.53500366210938,162.97000122070312,69883,0.0,0.0
2023-06-28 11:30:00-04:00,163.02000427246094,163.47999572753906,162.9600067138672,162.97999572753906,42217,0.0,0.0
2023-06-28 12:30:00-04:00,163.0050048828125,163.17999267578125,162.58999633789062,163.0500030517578,54107,0.0,0.0
2023-06-28 13:30:00-04:00,163.14999389648438,163.2198944091797,162.92999267578125,163.0399932861328,68689,0.0,0.0
2023-06-28 14:30:00-04:00,163.02999877929688,163.11000061035156,162.61500549316406,162.89999389648438,72642,0.0,0.0
2023-06-28 15:30:00-04:00,162.89999389648438,163.00999450683594,162.67999267578125,162.99000549316406,128834,0.0,0.0
2023-06-29 09:30:00-04:00,164.0,164.6300048828125,163.2899932861328,164.02000427246094,73011,0.0,0.0
2023-06-29 10:30:00-04:00,164.0399932861328,164.44500732421875,163.5500030517578,164.24000549316406,73338,0.0,0.0
2023-06-29 11:30:00-04:00,164.30999755859375,164.5749969482422,164.07000732421875,164.47999572753906,53245,0.0,0.0
2023-06-29 12:30:00-04:00,164.4949951171875,164.72500610351562,164.36000061035156,164.5850067138672,57511,0.0,0.0
2023-06-29 13:30:00-04:00,164.58999633789062,165.10000610351562,164.47000122070312,164.99000549316406,91285,0.0,0.0
2023-06-29 14:30:00-04:00,165.02000427246094,165.6781005859375,164.86000061035156,165.66000366210938,185617,0.0,0.0
2023-06-29 15:30:00-04:00,165.64999389648438,165.75999450683594,165.17999267578125,165.35000610351562,186178,0.0,0.0
2023-06-30 09:30:00-04:00,167.80999755859375,167.9199981689453,166.55999755859375,167.58999633789062,110672,0.0,0.0
2023-06-30 10:30:00-04:00,167.6199951171875,168.68499755859375,167.4550018310547,168.5500030517578,100978,0.0,0.0
2023-06-30 11:30:00-04:00,168.5399932861328,168.66000366210938,168.1300048828125,168.5500030517578,137208,0.0,0.0
2023-06-30 12:30:00-04:00,168.5,168.7698974609375,168.41000366210938,168.70570373535156,61991,0.0,0.0
2023-06-30 13:30:00-04:00,168.7100067138672,168.80999755859375,168.38999938964844,168.75,64205,0.0,0.0
2023-06-30 14:30:00-04:00,168.77000427246094,168.77000427246094,168.41000366210938,168.42999267578125,85964,0.0,0.0
2023-06-30 15:30:00-04:00,168.42999267578125,168.47999572753906,167.4499969482422,167.4499969482422,244337,0.0,0.0
2023-07-03 09:30:00-04:00,166.22000122070312,166.52000427246094,165.44000244140625,165.4550018310547,102585,0.0,0.0
2023-07-03 10:30:00-04:00,165.39999389648438,165.7100067138672,164.75999450683594,164.9250030517578,103693,0.0,0.0
2023-07-03 11:30:00-04:00,164.8415069580078,165.90499877929688,164.4199981689453,165.89999389648438,87782,0.0,0.0
2023-07-05 09:30:00-04:00,165.57000732421875,166.74000549316406,164.5449981689453,164.63999938964844,117201,0.0,0.0
2023-07-05 10:30:00-04:00,164.72999572753906,165.61000061035156,164.5,165.55999755859375,111237,0.0,0.0
2023-07-05 11:30:00-04:00,165.57000732421875,166.11500549316406,165.38999938964844,166.0,105870,0.0,0.0
2023-07-05 12:30:00-04:00,166.0,166.0749969482422,165.2899932861328,165.3699951171875,129084,0.0,0.0
2023-07-05 13:30:00-04:00,165.3699951171875,165.57000732421875,165.05999755859375,165.25999450683594,90058,0.0,0.0
2023-07-05 14:30:00-04:00,165.22999572753906,165.42999267578125,164.7899932861328,165.42999267578125,93251,0.0,0.0
2023-07-05 15:30:00-04:00,165.44000244140625,165.53709411621094,164.92999267578125,164.97000122070312,158716,0.0,0.0
2023-07-06 09:30:00-04:00,163.27000427246094,164.43910217285156,163.033203125,163.14999389648438,89531,0.0,0.0
2023-07-06 10:30:00-04:00,163.1699981689453,163.2100067138672,162.49000549316406,162.61000061035156,91107,0.0,0.0
2023-07-06 11:30:00-04:00,162.61000061035156,163.13499450683594,162.52499389648438,163.10000610351562,158046,0.0,0.0
2023-07-06 12:30:00-04:00,163.10499572753906,163.82000732421875,163.10000610351562,163.7050018310547,73022,0.0,0.0
2023-07-06 13:30:00-04:00,163.7050018310547,164.27999877929688,163.625,163.91000366210938,120994,0.0,0.0
2023-07-06 14:30:00-04:00,163.9199981689453,164.50999450683594,163.9199981689453,164.38999938964844,88510,0.0,0.0
2023-07-06 15:30:00-04:00,164.35000610351562,164.97000122070312,164.3300018310547,164.6199951171875,154484,0.0,0.0
2023-07-07 09:30:00-04:00,164.10000610351562,165.28500366210938,163.82009887695312,164.44000244140625,104903,0.0,0.0
2023-07-07 10:30:00-04:00,164.3800048828125,164.94000244140625,164.02999877929688,164.58999633789062,51506,0.0,0.0
2023-07-07 11:30:00-04:00,164.63499450683594,164.77000427246094,164.3699951171875,164.74000549316406,107326,0.0,0.0
2023-07-07 12:30:00-04:00,164.75,165.58999633789062,164.72999572753906,165.375,97610,0.0,0.0
2023-07-07 13:30:00-04:00,165.38999938964844,165.52000427246094,164.8300018310547,165.0,52739,0.0,0.0
2023-07-07 14:30:00-04:00,164.9600067138672,164.97999572753906,164.34500122070312,164.34500122070312,53205,0.0,0.0
2023-07-07 15:30:00-04:00,164.32000732421875,164.47000122070312,163.5800018310547,163.7899932861328,109945,0.0,0.0
2023-07-10 09:30:00-04:00,163.9499969482422,166.52499389648438,163.8699951171875,166.14999389648438,67401,0.0,0.0
2023-07-10 10:30:00-04:00,166.1591033935547,168.1699981689453,165.91000366210938,168.05999755859375,96382,0.0,0.0
2023-07-10 11:30:00-04:00,168.19000244140625,168.75999450683594,168.0,168.57000732421875,145623,0.0,0.0
2023-07-10 12:30:00-04:00,168.58749389648438,168.67999267578125,168.24949645996094,168.58999633789062,96041,0.0,0.0
2023-07-10 13:30:00-04:00,168.69000244140625,168.77499389648438,168.19000244140625,168.625,102622,0.0,0.0
2023-07-10 14:30:00-04:00,168.6199951171875,168.9600067138672,168.5,168.64999389648438,119689,0.0,0.0
2023-07-10 15:30:00-04:00,168.50399780273438,168.88999938964844,168.32000732421875,168.88999938964844,185473,0.0,0.0
2023-07-11 09:30:00-04:00,169.42999267578125,169.60000610351562,168.02279663085938,169.07000732421875,99220,0.0,0.0
2023-07-11 10:30:00-04:00,169.10000610351562,169.3800048828125,168.3625030517578,168.53500366210938,58006,0.0,0.0
2023-07-11 11:30:00-04:00,168.47000122070312,168.92999267578125,168.4199981689453,168.61000061035156,74460,0.0,0.0
2023-07-11 12:30:00-04:00,168.65499877929688,168.75,167.97500610351562,168.3800048828125,51482,0.0,0.0
2023-07-11 13:30:00-04:00,168.3800048828125,168.5800018310547,168.1649932861328,168.3000030517578,54838,0.0,0.0
2023-07-11 14:30:00-04:00,168.32000732421875,168.7899932861328,168.16000366210938,168.77499389648438,60765,0.0,0.0
2023-07-11 15:30:00-04:00,168.75,169.6199951171875,168.50999450683594,169.4199981689453,198272,0.0,0.0
2023-07-12 09:30:00-04:00,170.0,170.7100067138672,169.08749389648438,169.5399932861328,108933,0.0,0.0
2023-07-12 10:30:00-04:00,169.64999389648438,170.0500030517578,169.32000732421875,169.32000732421875,63821,0.0,0.0
2023-07-12 11:30:00-04:00,169.27999877929688,169.61000061035156,168.75999450683594,168.8300018310547,100518,0.0,0.0
2023-07-12 12:30:00-04:00,168.82000732421875,169.29119873046875,168.72000122070312,169.02499389648438,153834,0.0,0.0
2023-07-12 13:30:00-04:00,168.9949951171875,169.3000030517578,168.85000610351562,169.0,94019,0.0,0.0
2023-07-12 14:30:00-04:00,168.99000549316406,169.02000427246094,168.1699981689453,168.3699951171875,102509,0.0,0.0
2023-07-12 15:30:00-04:00,168.36000061035156,168.36000061035156,167.875,168.22000122070312,204634,0.0,0.0
2023-07-13 09:30:00-04:00,168.9199981689453,169.4499969482422,168.49000549316406,168.64999389648438,105789,0.0,0.0
2023-07-13 10:30:00-04:00,168.6750030517578,168.91000366210938,168.4600067138672,168.66250610351562,60368,0.0,0.0
2023-07-13 11:30:00-04:00,168.60000610351562,168.74000549316406,168.19500732421875,168.4600067138672,63455,0.0,0.0
2023-07-13 12:30:00-04:00,168.4499969482422,168.99000549316406,168.35000610351562,168.94000244140625,57810,0.0,0.0
2023-07-13 13:30:00-04:00,168.93499755859375,168.93499755859375,168.5399932861328,168.6439971923828,75234,0.0,0.0
2023-07-13 14:30:00-04:00,168.63999938964844,168.97999572753906,168.44500732421875,168.94500732421875,88438,0.0,0.0
2023-07-13 15:30:00-04:00,168.94500732421875,169.22999572753906,168.8011932373047,169.02000427246094,208141,0.0,0.0
2023-07-14 09:30:00-04:00,168.49000549316406,168.49000549316406,166.6699981689453,166.75999450683594,129269,0.0,0.0
2023-07-14 10:30:00-04:00,166.55999755859375,167.44000244140625,165.86000061035156,167.3000030517578,92353,0.0,0.0
2023-07-14 11:30:00-04:00,167.39999389648438,167.6199951171875,167.00999450683594,167.07000732421875,61047,0.0,0.0
2023-07-14 12:30:00-04:00,167.07000732421875,167.6300048828125,166.92999267578125,167.6300048828125,68092,0.0,0.0
2023-07-14 13:30:00-04:00,167.67999267578125,167.97500610351562,167.61000061035156,167.75999450683594,58047,0.0,0.0
2023-07-14 14:30:00-04:00,167.77999877929688,167.9199981689453,167.22999572753906,167.44000244140625,83562,0.0,0.0
2023-07-14 15:30:00-04:00,167.41000366210938,167.52000427246094,166.75,167.1199951171875,169511,0.0,0.0
2023-07-17 09:30:00-04:00,167.07000732421875,169.5,166.19000244140625,169.30999755859375,98541,0.0,0.0
2023-07-17 10:30:00-04:00,169.34869384765625,170.1199951171875,169.2899932861328,170.0,88278,0.0,0.0
2023-07-17 11:30:00-04:00,170.0,170.27999877929688,169.7899932861328,169.92999267578125,70500,0.0,0.0
2023-07-17 12:30:00-04:00,169.97999572753906,170.23500061035156,169.8000030517578,170.21499633789062,82691,0.0,0.0
2023-07-17 13:30:00-04:00,170.22999572753906,170.64999389648438,170.05999755859375,170.36000061035156,123796,0.0,0.0
2023-07-17 14:30:00-04:00,170.3000946044922,170.9199981689453,170.10000610351562,170.71499633789062,131102,0.0,0.0
2023-07-17 15:30:00-04:00,170.6999969482422,170.7899932861328,170.1999969482422,170.44000244140625,271716,0.0,0.0
2023-07-18 09:30:00-04:00,169.36000061035156,169.99000549316406,168.2899932861328,168.57000732421875,87736,0.0,0.0
2023-07-18 10:30:00-04:00,168.50999450683594,169.77999877929688,168.30999755859375,169.4600067138672,91592,0.0,0.0
2023-07-18 11:30:00-04:00,169.42999267578125,169.50999450683594,169.0500030517578,169.35499572753906,77441,0.0,0.0
2023-07-18 12:30:00-04:00,169.36000061035156,169.91000366210938,169.1300048828125,169.64999389648438,75984,0.0,0.0
2023-07-18 13:30:00-04:00,169.52999877929688,169.5800018310547,169.25999450683594,169.54989624023438,61143,0.0,0.0
2023-07-18 14:30:00-04:00,169.5500030517578,170.0,169.19000244140625,169.74000549316406,64923,0.0,0.0
2023-07-18 15:30:00-04:00,169.72000122070312,170.08619689941406,169.69000244140625,169.9199981689453,129280,0.0,0.0
2023-07-19 09:30:00-04:00,170.44000244140625,171.2899932861328,170.25999450683594,170.42999267578125,108566,0.0,0.0
2023-07-19 10:30:00-04:00,170.4199981689453,170.8800048828125,169.6750030517578,170.7899932861328,100746,0.0,0.0
2023-07-19 11:30:00-04:00,170.72999572753906,171.35000610351562,170.67999267578125,170.9600067138672,82445,0.0,0.0
2023-07-19 12:30:00-04:00,170.91000366210938,170.96499633789062,170.63999938964844,170.73500061035156,55040,0.0,0.0
2023-07-19 13:30:00-04:00,170.75,171.39999389648438,170.6699981689453,171.38999938964844,97761,0.0,0.0
2023-07-19 14:30:00-04:00,171.4199981689453,172.5800018310547,171.41000366210938,172.34170532226562,177624,0.0,0.0
2023-07-19 15:30:00-04:00,172.3000030517578,172.72000122070312,172.14999389648438,172.58999633789062,301599,0.0,0.0
2023-07-20 09:30:00-04:00,171.1999969482422,171.39500427246094,169.89990234375,171.2100067138672,92865,0.0,0.0
2023-07-20 10:30:00-04:00,171.36000061035156,171.36000061035156,169.9468994140625,170.60000610351562,179525,0.0,0.0
2023-07-20 11:30:00-04:00,170.64999389648438,170.72000122070312,169.3800048828125,169.3800048828125,67298,0.0,0.0
2023-07-20 12:30:00-04:00,169.44000244140625,169.7100067138672,169.11000061035156,169.52999877929688,74397,0.0,0.0
2023-07-20 13:30:00-04:00,169.5,169.6699981689453,167.6300048828125,167.6999969482422,65379,0.0,0.0
2023-07-20 14:30:00-04:00,167.74000549316406,168.0500030517578,166.9199981689453,167.02000427246094,119095,0.0,0.0
2023-07-20 15:30:00-04:00,167.10000610351562,167.50999450683594,167.02000427246094,167.39999389648438,163188,0.0,0.0
2023-07-21 09:30:00-04:00,168.0800018310547,169.0,167.67999267578125,168.3800048828125,74151,0.0,0.0
2023-07-21 10:30:00-04:00,168.38999938964844,168.77000427246094,167.97000122070312,168.66000366210938,49826,0.0,0.0
2023-07-21 11:30:00-04:00,168.61000061035156,168.6300048828125,168.08999633789062,168.27000427246094,35567,0.0,0.0
2023-07-21 12:30:00-04:00,168.3000030517578,168.67010498046875,168.0500030517578,168.63999938964844,38518,0.0,0.0
2023-07-21 13:30:00-04:00,168.77000427246094,169.05999755859375,168.5,169.03990173339844,56712,0.0,0.0
2023-07-21 14:30:00-04:00,168.9499969482422,169.06419372558594,168.2949981689453,168.5500030517578,56697,0.0,0.0
2023-07-21 15:30:00-04:00,168.5399932861328,168.75999450683594,168.32000732421875,168.3300018310547,88472,0.0,0.0
2023-07-24 09:30:00-04:00,168.97999572753906,169.3800048828125,168.3300018310547,168.61500549316406,76432,0.0,0.0
2023-07-24 10:30:00-04:00,168.6999969482422,168.86000061035156,168.35000610351562,168.4550018310547,53580,0.0,0.0
2023-07-24 11:30:00-04:00,168.4499969482422,168.57000732421875,167.79100036621094,167.9600067138672,48182,0.0,0.0
2023-07-24 12:30:00-04:00,167.99000549316406,168.30999755859375,167.82000732421875,168.25,75271,0.0,0.0
2023-07-24 13:30:00-04:00,168.2100067138672,168.4949951171875,168.08909606933594,168.47999572753906,51695,0.0,0.0
2023-07-24 14:30:00-04:00,168.42999267578125,168.7899932861328,168.25999450683594,168.25999450683594,50599,0.0,0.0
2023-07-24 15:30:00-04:00,168.2899932861328,168.52000427246094,168.17999267578125,168.30999755859375,107029,0.0,0.0
2023-07-25 09:30:00-04:00,168.6999969482422,170.31500244140625,168.02999877929688,169.50999450683594,68770,0.0,0.0
2023-07-25 10:30:00-04:00,169.49000549316406,169.69000244140625,169.27000427246094,169.69000244140625,103316,0.0,0.0
2023-07-25 11:30:00-04:00,169.72500610351562,169.8699951171875,169.33999633789062,169.64999389648438,64013,0.0,0.0
2023-07-25 12:30:00-04:00,169.61000061035156,169.6699981689453,169.33999633789062,169.50750732421875,51884,0.0,0.0
2023-07-25 13:30:00-04:00,169.5500030517578,169.57290649414062,169.34500122070312,169.4949951171875,85095,0.0,0.0
2023-07-25 14:30:00-04:00,169.52000427246094,169.58999633789062,169.13999938964844,169.47000122070312,105245,0.0,0.0
2023-07-25 15:30:00-04:00,169.44000244140625,169.52999877929688,169.0800018310547,169.1300048828125,185911,0.0,0.0
2023-07-26 09:30:00-04:00,168.52000427246094,169.25999450683594,167.8800048828125,168.5800018310547,90994,0.0,0.0
2023-07-26 10:30:00-04:00,168.4499969482422,169.0749969482422,168.08999633789062,168.77499389648438,90475,0.0,0.0
2023-07-26 11:30:00-04:00,168.77000427246094,169.47999572753906,168.61500549316406,169.00999450683594,51430,0.0,0.0
2023-07-26 12:30:00-04:00,169.10000610351562,169.17999267578125,168.9149932861328,169.07000732421875,57055,0.0,0.0
2023-07-26 13:30:00-04:00,169.02110290527344,169.30499267578125,168.63999938964844,168.72000122070312,87380,0.0,0.0
2023-07-26 14:30:00-04:00,168.75999450683594,169.6199951171875,168.1999969482422,168.66000366210938,153169,0.0,0.0
2023-07-26 15:30:00-04:00,168.625,169.2100067138672,168.51499938964844,169.00999450683594,207586,0.0,0.0
2023-07-27 09:30:00-04:00,169.3800048828125,170.60000610351562,169.27999877929688,169.27999877929688,68766,0.0,0.0
2023-07-27 10:30:00-04:00,169.22999572753906,169.52000427246094,168.6699981689453,169.13999938964844,73012,0.0,0.0
2023-07-27 11:30:00-04:00,169.19000244140625,169.3000030517578,168.27999877929688,168.53500366210938,54969,0.0,0.0
2023-07-27 12:30:00-04:00,168.5399932861328,168.60000610351562,167.1750030517578,167.55999755859375,113664,0.0,0.0
2023-07-27 13:30:00-04:00,167.47000122070312,167.55520629882812,166.22000122070312,166.23629760742188,103511,0.0,0.0
2023-07-27 14:30:00-04:00,166.29010009765625,166.44000244140625,165.6999969482422,166.0749969482422,108068,0.0,0.0
2023-07-27 15:30:00-04:00,166.14999389648438,166.39990234375,165.6699981689453,166.0800018310547,247845,0.0,0.0
2023-07-28 09:30:00-04:00,166.4499969482422,167.16000366210938,163.24000549316406,163.49000549316406,241443,0.0,0.0
2023-07-28 10:30:00-04:00,163.5,163.65499877929688,162.6649932861328,163.42999267578125,222008,0.0,0.0
2023-07-28 11:30:00-04:00,163.4178924560547,164.2100067138672,163.24000549316406,163.6750030517578,133074,0.0,0.0
2023-07-28 12:30:00-04:00,163.6750030517578,163.8699951171875,162.41000366210938,162.55999755859375,148720,0.0,0.0
2023-07-28 13:30:00-04:00,162.55999755859375,162.73500061035156,161.66000366210938,162.10000610351562,192483,0.0,0.0
2023-07-28 14:30:00-04:00,162.11000061035156,162.52000427246094,161.9499969482422,162.24000549316406,182964,0.0,0.0
2023-07-28 15:30:00-04:00,162.1999969482422,162.74000549316406,161.79800415039062,162.67999267578125,408255,0.0,0.0
2023-07-31 09:30:00-04:00,161.47000122070312,162.39999389648438,160.8699951171875,161.0399932861328,194647,0.0,0.0
2023-07-31 10:30:00-04:00,161.0449981689453,161.32000732421875,160.25999450683594,161.11000061035156,168736,0.0,0.0
2023-07-31 11:30:00-04:00,161.11000061035156,161.1199951171875,160.27000427246094,160.43499755859375,93651,0.0,0.0
2023-07-31 12:30:00-04:00,160.43499755859375,161.4550018310547,160.25,161.38999938964844,105828,0.0,0.0
2023-07-31 13:30:00-04:00,161.41000366210938,161.58999633789062,160.6699981689453,161.0050048828125,96266,0.0,0.0
2023-07-31 14:30:00-04:00,160.98500061035156,161.05999755859375,160.39999389648438,160.77999877929688,171682,0.0,0.0
2023-07-31 15:30:00-04:00,160.8300018310547,161.17999267578125,160.2899932861328,161.10000610351562,317749,0.0,0.0
2023-08-01 09:30:00-04:00,161.0,162.5399932861328,160.3800048828125,162.0850067138672,112224,0.0,0.0
2023-08-01 10:30:00-04:00,162.1300048828125,162.625,161.52499389648438,161.6999969482422,89299,0.0,0.0
2023-08-01 11:30:00-04:00,161.6999969482422,161.75999450683594,160.95570373535156,161.16000366210938,63010,0.0,0.0
2023-08-01 12:30:00-04:00,161.10000610351562,161.10000610351562,160.44000244140625,160.9600067138672,98411,0.0,0.0
2023-08-01 13:30:00-04:00,160.91000366210938,161.14999389648438,160.4199981689453,160.6649932861328,92367,0.0,0.0
2023-08-01 14:30:00-04:00,160.72999572753906,160.99000549316406,160.47999572753906,160.78500366210938,96253,0.0,0.0
2023-08-01 15:30:00-04:00,160.80499267578125,161.19000244140625,160.3000030517578,161.07000732421875,221586,0.0,0.0
2023-08-02 09:30:00-04:00,160.0,161.1300048828125,158.57009887695312,160.4499969482422,150918,0.0,0.0
2023-08-02 10:30:00-04:00,160.38999938964844,160.82000732421875,159.77999877929688,160.25999450683594,119235,0.0,0.0
2023-08-02 11:30:00-04:00,160.22000122070312,160.74000549316406,160.07000732421875,160.64999389648438,64322,0.0,0.0
2023-08-02 12:30:00-04:00,160.60000610351562,161.27000427246094,160.60000610351562,160.85000610351562,79196,0.0,0.0
2023-08-02 13:30:00-04:00,160.88999938964844,161.33999633789062,160.35499572753906,160.4600067138672,71042,0.0,0.0
2023-08-02 14:30:00-04:00,160.4600067138672,160.5399932861328,159.72000122070312,159.82000732421875,114137,0.0,0.0
2023-08-02 15:30:00-04:00,159.85000610351562,160.22999572753906,159.72000122070312,159.83999633789062,206058,0.0,0.0
2023-08-03 09:30:00-04:00,158.72000122070312,159.0850067138672,157.57000732421875,157.63999938964844,67872,0.0,0.0
2023-08-03 10:30:00-04:00,157.58999633789062,158.05999755859375,157.17010498046875,157.9600067138672,83959,0.0,0.0
2023-08-03 11:30:00-04:00,157.97999572753906,158.5500030517578,157.69000244140625,158.5500030517578,75071,0.0,0.0
2023-08-03 12:30:00-04:00,158.5500030517578,159.3699951171875,158.49000549316406,159.1699981689453,59434,0.0,0.0
2023-08-03 13:30:00-04:00,159.1750030517578,159.36500549316406,158.9600067138672,159.18499755859375,81998,0.0,0.0
2023-08-03 14:30:00-04:00,159.27000427246094,159.30999755859375,158.77000427246094,159.11000061035156,85974,0.0,0.0
2023-08-03 15:30:00-04:00,159.17999267578125,159.1999969482422,158.5399932861328,158.5399932861328,157912,0.0,0.0
2023-08-04 09:30:00-04:00,158.58999633789062,159.52000427246094,157.75999450683594,158.88999938964844,116687,0.0,0.0
2023-08-04 10:30:00-04:00,158.875,159.3350067138672,158.86000061035156,159.1999969482422,101993,0.0,0.0
2023-08-04 11:30:00-04:00,159.25,160.17999267578125,159.10000610351562,160.0399932861328,94832,0.0,0.0
2023-08-04 12:30:00-04:00,160.1199951171875,160.30999755859375,159.52999877929688,159.65460205078125,71474,0.0,0.0
2023-08-04 13:30:00-04:00,159.6199951171875,159.77999877929688,159.08999633789062,159.31500244140625,88493,0.0,0.0
2023-08-04 14:30:00-04:00,159.31500244140625,159.3699951171875,158.42999267578125,158.58999633789062,118963,0.0,0.0
2023-08-04 15:30:00-04:00,158.67999267578125,158.79989624023438,158.42999267578125,158.75999450683594,185881,0.0,0.0
2023-08-07 09:30:00-04:00,158.58999633789062,159.83999633789062,158.17999267578125,159.58999633789062,103493,0.0,0.0
2023-08-07 10:30:00-04:00,159.58999633789062,159.6300048828125,158.52000427246094,158.88999938964844,69577,0.0,0.0
2023-08-07 11:30:00-04:00,158.85000610351562,159.0399932861328,158.60000610351562,158.6699981689453,65726,0.0,0.0
2023-08-07 12:30:00-04:00,158.63499450683594,159.47999572753906,158.48500061035156,159.36000061035156,78266,0.0,0.0
2023-08-07 13:30:00-04:00,159.36000061035156,159.8000030517578,159.2100067138672,159.22999572753906,114689,0.0,0.0
2023-08-07 14:30:00-04:00,159.23500061035156,159.4250030517578,158.9499969482422,158.9499969482422,94511,0.0,0.0
2023-08-07 15:30:00-04:00,158.88999938964844,159.2050018310547,158.88999938964844,159.13999938964844,159224,0.0,0.0
2023-08-08 09:30:00-04:00,158.61000061035156,159.2100067138672,156.30999755859375,156.50999450683594,154722,0.0,0.0
2023-08-08 10:30:00-04:00,156.53939819335938,156.88999938964844,155.97999572753906,156.42999267578125,79646,0.0,0.0
2023-08-08 11:30:00-04:00,156.4199981689453,156.47000122070312,155.9300994873047,156.08999633789062,84108,0.0,0.0
2023-08-08 12:30:00-04:00,156.10499572753906,156.389892578125,155.9499969482422,156.1300048828125,71703,0.0,0.0
2023-08-08 13:30:00-04:00,156.2050018310547,156.5500030517578,156.1199951171875,156.41000366210938,65037,0.0,0.0
2023-08-08 14:30:00-04:00,156.4250030517578,156.75,156.35000610351562,156.6300048828125,95726,0.0,0.0
2023-08-08 15:30:00-04:00,156.6199951171875,156.94000244140625,156.60000610351562,156.91000366210938,175065,0.0,0.0
2023-08-09 09:30:00-04:00,157.0,157.02999877929688,155.73989868164062,155.73989868164062,62978,0.0,0.0
2023-08-09 10:30:00-04:00,155.75,156.55499267578125,155.59500122070312,156.24000549316406,84617,0.0,0.0
2023-08-09 11:30:00-04:00,156.3000030517578,156.5800018310547,156.1649932861328,156.52999877929688,83728,0.0,0.0
2023-08-09 12:30:00-04:00,156.5399932861328,156.80999755859375,156.52499389648438,156.77999877929688,49741,0.0,0.0
2023-08-09 13:30:00-04:00,156.77000427246094,157.23500061035156,156.74000549316406,157.22999572753906,111574,0.0,0.0
2023-08-09 14:30:00-04:00,157.25999450683594,157.35830688476562,156.69000244140625,156.91000366210938,103545,0.0,0.0
2023-08-09 15:30:00-04:00,156.86000061035156,156.94500732421875,156.49000549316406,156.67999267578125,194268,0.0,0.0
2023-08-10 09:30:00-04:00,157.58999633789062,159.50999450683594,157.0399932861328,159.2100067138672,146119,0.0,0.0
2023-08-10 10:30:00-04:00,159.31500244140625,159.40499877929688,158.1282958984375,158.6300048828125,88143,0.0,0.0
2023-08-10 11:30:00-04:00,158.68499755859375,158.88999938964844,157.32000732421875,157.5500030517578,68619,0.0,0.0
2023-08-10 12:30:00-04:00,157.55499267578125,157.8300018310547,157.14999389648438,157.49000549316406,109684,0.0,0.0
2023-08-10 13:30:00-04:00,157.41000366210938,157.6199951171875,156.8000030517578,157.19000244140625,111387,0.0,0.0
2023-08-10 14:30:00-04:00,157.25999450683594,157.74000549316406,156.9499969482422,157.36000061035156,102261,0.0,0.0
2023-08-10 15:30:00-04:00,157.30999755859375,157.6199951171875,157.0500030517578,157.52000427246094,163130,0.0,0.0
2023-08-11 09:30:00-04:00,156.33999633789062,157.10000610351562,155.5800018310547,156.78500366210938,155508,0.0,0.0
2023-08-11 10:30:00-04:00,156.7899932861328,156.9600067138672,156.11000061035156,156.52499389648438,143655,0.0,0.0
2023-08-11 11:30:00-04:00,156.52499389648438,156.8549041748047,156.4600067138672,156.63499450683594,76834,0.0,0.0
2023-08-11 12:30:00-04:00,156.6999969482422,156.9499969482422,156.53500366210938,156.9499969482422,57447,0.0,0.0
2023-08-11 13:30:00-04:00,156.94000244140625,156.9654998779297,156.5,156.75999450683594,80356,0.0,0.0
2023-08-11 14:30:00-04:00,156.8000030517578,156.97999572753906,156.66000366210938,156.86000061035156,75041,0.0,0.0
2023-08-11 15:30:00-04:00,156.8000030517578,156.9199981689453,156.41009521484375,156.57000732421875,164536,0.0,0.0
2023-08-14 09:30:00-04:00,150.44000244140625,156.13999938964844,149.87469482421875,154.7899932861328,452558,0.0,0.0
2023-08-14 10:30:00-04:00,154.79150390625,156.63999938964844,154.79150390625,156.5399932861328,247790,0.0,0.0
2023-08-14 11:30:00-04:00,156.49000549316406,156.9199981689453,156.24000549316406,156.74000549316406,155553,0.0,0.0
2023-08-14 12:30:00-04:00,156.6999969482422,156.80999755859375,156.10000610351562,156.60000610351562,118927,0.0,0.0
2023-08-14 13:30:00-04:00,156.66000366210938,157.1999969482422,156.52000427246094,157.1649932861328,114133,0.0,0.0
2023-08-14 14:30:00-04:00,157.14500427246094,157.1999969482422,156.73500061035156,156.92999267578125,144748,0.0,0.0
2023-08-14 15:30:00-04:00,156.96499633789062,157.32000732421875,156.8800048828125,157.0500030517578,308877,0.0,0.0
2023-08-15 09:30:00-04:00,156.77000427246094,156.77000427246094,154.58999633789062,154.75,133356,0.0,0.0
2023-08-15 10:30:00-04:00,154.69000244140625,155.07000732421875,154.1999969482422,154.44000244140625,84716,0.0,0.0
2023-08-15 11:30:00-04:00,154.3800048828125,154.3800048828125,153.33999633789062,153.6699981689453,74574,0.0,0.0
2023-08-15 12:30:00-04:00,153.6699981689453,153.94000244140625,153.38999938964844,153.49000549316406,77794,0.0,0.0
2023-08-15 13:30:00-04:00,153.47000122070312,153.6199951171875,153.27999877929688,153.3699951171875,101088,0.0,0.0
2023-08-15 14:30:00-04:00,153.360595703125,153.43499755859375,152.66000366210938,152.67599487304688,138125,0.0,0.0
2023-08-15 15:30:00-04:00,152.66000366210938,153.0800018310547,152.4499969482422,152.8800048828125,227206,0.0,0.0
2023-08-16 09:30:00-04:00,152.0800018310547,153.6199951171875,152.0,153.6199951171875,226670,0.0,0.0
2023-08-16 10:30:00-04:00,153.49000549316406,153.61500549316406,152.3699951171875,153.19000244140625,111830,0.0,0.0
2023-08-16 11:30:00-04:00,153.19000244140625,153.3000030517578,152.25,152.25,73529,0.0,0.0
2023-08-16 12:30:00-04:00,152.25999450683594,152.49000549316406,151.57000732421875,151.72000122070312,102872,0.0,0.0
2023-08-16 13:30:00-04:00,151.72000122070312,152.08999633789062,151.44000244140625,152.0,115294,0.0,0.0
2023-08-16 14:30:00-04:00,152.0399932861328,152.27999877929688,151.05999755859375,151.1999969482422,139479,0.0,0.0
2023-08-16 15:30:00-04:00,151.17999267578125,151.33999633789062,150.6699981689453,150.7899932861328,274736,0.0,0.0
2023-08-17 09:30:00-04:00,151.88999938964844,151.88999938964844,150.47999572753906,150.8800048828125,120572,0.0,0.0
2023-08-17 10:30:00-04:00,150.8800048828125,151.2100067138672,150.4199981689453,150.92999267578125,102985,0.0,0.0
2023-08-17 11:30:00-04:00,150.94500732421875,151.27000427246094,150.5399932861328,151.0850067138672,81986,0.0,0.0
2023-08-17 12:30:00-04:00,151.1199951171875,151.3699951171875,150.6300048828125,150.7050018310547,118466,0.0,0.0
2023-08-17 13:30:00-04:00,150.66000366210938,151.24000549316406,150.63499450683594,150.8800048828125,143023,0.0,0.0
2023-08-17 14:30:00-04:00,150.83999633789062,150.92999267578125,150.16000366210938,150.60000610351562,156706,0.0,0.0
2023-08-17 15:30:00-04:00,150.6199951171875,150.75999450683594,149.88999938964844,150.00999450683594,347931,0.0,0.0
2023-08-18 09:30:00-04:00,128.5,135.85000610351562,125.88999938964844,132.5800018310547,2232466,0.0,0.0
2023-08-18 10:30:00-04:00,132.5675048828125,133.25,130.9409942626953,132.47999572753906,753506,0.0,0.0
2023-08-18 11:30:00-04:00,132.5399932861328,132.5500946044922,129.52999877929688,129.6199951171875,786044,0.0,0.0
2023-08-18 12:30:00-04:00,129.625,129.72000122070312,126.38999938964844,127.12000274658203,1077433,0.0,0.0
2023-08-18 13:30:00-04:00,127.19999694824219,128.8249969482422,126.51010131835938,128.47000122070312,802889,0.0,0.0
2023-08-18 14:30:00-04:00,128.46499633789062,129.77499389648438,127.75,128.8000946044922,816298,0.0,0.0
2023-08-18 15:30:00-04:00,128.82000732421875,129.82899475097656,128.59010314941406,129.38499450683594,880591,0.0,0.0
2023-08-21 09:30:00-04:00,128.72000122070312,130.0,126.76000213623047,127.70999908447266,722239,0.0,0.0
2023-08-21 10:30:00-04:00,127.70999908447266,128.2050018310547,126.70999908447266,126.8499984741211,506930,0.0,0.0
2023-08-21 11:30:00-04:00,126.88999938964844,127.3949966430664,126.01000213623047,126.26000213623047,389229,0.0,0.0
2023-08-21 12:30:00-04:00,126.23999786376953,127.0199966430664,126.0199966430664,126.93000030517578,256142,0.0,0.0
2023-08-21 13:30:00-04:00,126.87999725341797,127.08999633789062,126.13130187988281,127.0,383695,0.0,0.0
2023-08-21 14:30:00-04:00,127.0,128.85499572753906,126.98999786376953,128.7711944580078,424447,0.0,0.0
2023-08-21 15:30:00-04:00,128.80999755859375,129.83999633789062,128.75,129.60000610351562,633950,0.0,0.0
2023-08-22 09:30:00-04:00,129.7899932861328,131.49000549316406,128.13999938964844,130.5399932861328,786610,0.0,0.0
2023-08-22 10:30:00-04:00,130.5749969482422,130.71499633789062,128.9499969482422,129.22999572753906,340774,0.0,0.0
2023-08-22 11:30:00-04:00,129.25,129.9199981689453,128.2899932861328,128.63999938964844,246810,0.0,0.0
2023-08-22 12:30:00-04:00,128.67999267578125,129.1699981689453,128.33999633789062,128.63499450683594,244107,0.0,0.0
2023-08-22 13:30:00-04:00,128.6374969482422,128.91000366210938,128.22000122070312,128.91000366210938,349946,0.0,0.0
2023-08-22 14:30:00-04:00,128.9199981689453,129.24000549316406,128.77999877929688,129.05999755859375,288151,0.0,0.0
2023-08-22 15:30:00-04:00,129.07000732421875,129.11000061035156,128.60000610351562,128.67999267578125,407604,0.0,0.0
2023-08-23 09:30:00-04:00,128.69000244140625,129.54989624023438,128.1999969482422,129.2949981689453,337185,0.0,0.0
2023-08-23 10:30:00-04:00,129.2899932861328,130.10000610351562,128.82000732421875,129.8000030517578,261783,0.0,0.0
2023-08-23 11:30:00-04:00,129.7899932861328,130.0399932861328,129.47999572753906,129.6699981689453,152910,0.0,0.0
2023-08-23 12:30:00-04:00,129.6699981689453,130.5,129.54010009765625,130.30499267578125,275161,0.0,0.0
2023-08-23 13:30:00-04:00,130.33999633789062,130.67999267578125,130.13999938964844,130.61500549316406,160465,0.0,0.0
2023-08-23 14:30:00-04:00,130.58999633789062,130.97999572753906,130.5749969482422,130.89999389648438,179703,0.0,0.0
2023-08-23 15:30:00-04:00,130.89999389648438,130.9199981689453,129.86000061035156,130.10000610351562,436303,0.0,0.0
2023-08-24 09:30:00-04:00,130.24000549316406,130.42999267578125,128.84010314941406,129.25,237561,0.0,0.0
2023-08-24 10:30:00-04:00,129.17999267578125,129.75,128.47000122070312,128.77000427246094,189567,0.0,0.0
2023-08-24 11:30:00-04:00,128.74000549316406,128.74000549316406,127.83000183105469,128.13999938964844,155451,0.0,0.0
2023-08-24 12:30:00-04:00,128.1199951171875,128.58999633789062,127.73999786376953,127.86000061035156,183613,0.0,0.0
2023-08-24 13:30:00-04:00,127.81999969482422,128.24000549316406,127.68000030517578,128.0500030517578,189504,0.0,0.0
2023-08-24 14:30:00-04:00,128.06500244140625,128.38999938964844,127.98999786376953,128.31500244140625,179177,0.0,0.0
2023-08-24 15:30:00-04:00,128.30499267578125,128.61000061035156,127.52999877929688,127.68000030517578,333384,0.0,0.0
2023-08-25 09:30:00-04:00,127.83999633789062,129.33999633789062,127.75499725341797,128.0500030517578,171196,0.0,0.0
2023-08-25 10:30:00-04:00,128.0800018310547,128.85499572753906,127.7249984741211,128.85499572753906,101795,0.0,0.0
2023-08-25 11:30:00-04:00,128.8300018310547,129.52999877929688,128.47000122070312,129.38999938964844,184885,0.0,0.0
2023-08-25 12:30:00-04:00,129.41000366210938,129.51499938964844,128.83999633789062,129.05999755859375,112583,0.0,0.0
2023-08-25 13:30:00-04:00,129.09500122070312,129.3699951171875,128.66000366210938,129.3699951171875,181394,0.0,0.0
2023-08-25 14:30:00-04:00,129.46499633789062,130.0,129.42999267578125,129.78500366210938,173362,0.0,0.0
2023-08-25 15:30:00-04:00,129.80499267578125,129.80999755859375,128.97000122070312,129.1999969482422,266317,0.0,0.0
2023-08-28 09:30:00-04:00,130.02000427246094,130.35000610351562,129.30999755859375,130.07000732421875,133882,0.0,0.0
2023-08-28 10:30:00-04:00,130.07000732421875,130.40499877929688,129.92999267578125,130.22000122070312,112499,0.0,0.0
2023-08-28 11:30:00-04:00,130.23500061035156,130.27000427246094,129.47999572753906,129.47999572753906,82865,0.0,0.0
2023-08-28 12:30:00-04:00,129.47500610351562,130.14500427246094,129.40499877929688,129.86000061035156,92186,0.0,0.0
2023-08-28 13:30:00-04:00,129.85000610351562,129.91000366210938,129.3699951171875,129.4600067138672,75419,0.0,0.0
2023-08-28 14:30:00-04:00,129.47500610351562,129.56500244140625,129.0500030517578,129.39500427246094,132862,0.0,0.0
2023-08-28 15:30:00-04:00,129.35000610351562,129.50999450683594,128.99000549316406,129.2899932861328,326287,0.0,0.0
2023-08-29 09:30:00-04:00,128.92999267578125,130.58999633789062,128.7100067138672,130.55999755859375,146714,0.0,0.0
2023-08-29 10:30:00-04:00,130.57000732421875,131.47999572753906,130.4199981689453,131.36500549316406,194833,0.0,0.0
2023-08-29 11:30:00-04:00,131.3699951171875,131.5850067138672,131.02000427246094,131.5800018310547,169307,0.0,0.0
2023-08-29 12:30:00-04:00,131.6699981689453,132.02999877929688,131.4499969482422,131.97000122070312,90561,0.0,0.0
2023-08-29 13:30:00-04:00,131.97999572753906,132.27999877929688,131.5800018310547,132.02999877929688,126953,0.0,0.0
2023-08-29 14:30:00-04:00,132.05999755859375,132.3249969482422,131.9499969482422,132.28500366210938,139292,0.0,0.0
2023-08-29 15:30:00-04:00,132.2899932861328,132.33999633789062,131.9600067138672,132.25999450683594,247963,0.0,0.0
2023-08-30 09:30:00-04:00,131.55999755859375,132.8800048828125,131.38999938964844,132.0,406168,0.0,0.0
2023-08-30 10:30:00-04:00,132.0800018310547,133.0399932861328,132.07000732421875,132.89999389648438,135581,0.0,0.0
2023-08-30 11:30:00-04:00,132.88999938964844,133.02000427246094,132.57000732421875,132.97999572753906,163079,0.0,0.0
2023-08-30 12:30:00-04:00,132.97999572753906,132.99000549316406,132.6300048828125,132.8300018310547,98782,0.0,0.0
2023-08-30 13:30:00-04:00,132.85499572753906,133.0399932861328,132.51100158691406,132.7100067138672,131080,0.0,0.0
2023-08-30 14:30:00-04:00,132.6999969482422,133.36000061035156,132.6999969482422,132.92999267578125,138448,0.0,0.0
2023-08-30 15:30:00-04:00,132.9250030517578,132.97999572753906,132.3300018310547,132.57000732421875,208525,0.0,0.0
2023-08-31 09:30:00-04:00,133.27000427246094,133.7100067138672,132.2100067138672,133.50999450683594,225316,0.0,0.0
2023-08-31 10:30:00-04:00,133.50999450683594,134.30999755859375,133.47500610351562,134.1649932861328,153392,0.0,0.0
2023-08-31 11:30:00-04:00,134.1699981689453,134.1699981689453,133.3800048828125,133.49000549316406,94352,0.0,0.0
2023-08-31 12:30:00-04:00,133.4600067138672,133.74000549316406,133.1824951171875,133.69000244140625,77989,0.0,0.0
2023-08-31 13:30:00-04:00,133.74000549316406,133.85000610351562,133.53500366210938,133.67990112304688,103548,0.0,0.0
2023-08-31 14:30:00-04:00,133.69000244140625,133.77999877929688,133.42999267578125,133.5,181356,0.0,0.0
2023-08-31 15:30:00-04:00,133.52000427246094,133.72999572753906,133.3000030517578,133.3800048828125,291651,0.0,0.0
2023-09-01 09:30:00-04:00,134.47999572753906,134.99000549316406,133.22000122070312,134.4600067138672,136921,0.0,0.0
2023-09-01 10:30:00-04:00,134.52999877929688,134.53900146484375,133.49000549316406,133.52999877929688,106653,0.0,0.0
2023-09-01 11:30:00-04:00,133.60400390625,133.60400390625,133.00999450683594,133.1300048828125,106906,0.0,0.0
2023-09-01 12:30:00-04:00,133.14999389648438,133.2899932861328,132.6300048828125,132.6649932861328,97926,0.0,0.0
2023-09-01 13:30:00-04:00,132.66000366210938,133.27000427246094,132.5399932861328,133.0399932861328,121962,0.0,0.0
2023-09-01 14:30:00-04:00,133.07000732421875,133.5500030517578,132.9499969482422,133.5500030517578,111366,0.0,0.0
2023-09-01 15:30:00-04:00,133.52999877929688,133.94000244140625,133.35000610351562,133.8800048828125,187664,0.0,0.0
2023-09-05 09:30:00-04:00,134.5,136.60499572753906,133.88999938964844,134.66000366210938,323928,0.0,0.0
2023-09-05 10:30:00-04:00,134.6199951171875,135.3000030517578,134.14999389648438,134.7899932861328,201957,0.0,0.0
2023-09-05 11:30:00-04:00,134.82000732421875,134.94000244140625,134.5399932861328,134.7899932861328,94524,0.0,0.0
2023-09-05 12:30:00-04:00,134.8000030517578,134.9199981689453,134.5,134.85000610351562,103484,0.0,0.0
2023-09-05 13:30:00-04:00,134.83999633789062,134.97000122070312,134.44000244140625,134.4954071044922,136773,0.0,0.0
2023-09-05 14:30:00-04:00,134.4949951171875,134.82000732421875,134.4600067138672,134.64500427246094,172772,0.0,0.0
2023-09-05 15:30:00-04:00,134.66990661621094,135.22999572753906,134.52999877929688,134.5500030517578,376978,0.0,0.0
2023-09-06 09:30:00-04:00,134.0,134.34500122070312,133.63999938964844,133.63999938964844,161129,0.0,0.0
2023-09-06 10:30:00-04:00,133.64999389648438,133.97000122070312,133.6300048828125,133.77850341796875,91552,0.0,0.0
2023-09-06 11:30:00-04:00,133.75999450683594,133.86000061035156,133.52999877929688,133.5449981689453,87723,0.0,0.0
2023-09-06 12:30:00-04:00,133.5399932861328,133.85000610351562,133.25999450683594,133.85000610351562,89345,0.0,0.0
2023-09-06 13:30:00-04:00,133.83999633789062,134.0,133.67999267578125,133.8699951171875,101891,0.0,0.0
2023-09-06 14:30:00-04:00,133.89500427246094,133.94000244140625,133.67999267578125,133.8249969482422,116735,0.0,0.0
2023-09-06 15:30:00-04:00,133.83999633789062,134.1300048828125,133.74000549316406,134.00999450683594,205986,0.0,0.0
2023-09-07 09:30:00-04:00,133.07000732421875,133.07000732421875,130.77999877929688,130.9250030517578,272043,0.0,0.0
2023-09-07 10:30:00-04:00,131.0500030517578,131.89999389648438,130.5500030517578,131.44000244140625,315326,0.0,0.0
2023-09-07 11:30:00-04:00,131.52999877929688,131.8000030517578,131.22999572753906,131.66000366210938,98005,0.0,0.0
2023-09-07 12:30:00-04:00,131.65499877929688,132.0399932861328,131.47500610351562,132.02000427246094,78324,0.0,0.0
2023-09-07 13:30:00-04:00,132.05499267578125,132.2899932861328,131.8000030517578,131.83999633789062,104383,0.0,0.0
2023-09-07 14:30:00-04:00,131.83999633789062,131.86500549316406,131.55569458007812,131.8000030517578,120524,0.0,0.0
2023-09-07 15:30:00-04:00,131.80499267578125,131.9499969482422,131.5,131.58999633789062,221374,0.0,0.0
2023-09-08 09:30:00-04:00,131.4600067138672,132.6300048828125,131.2550048828125,132.47999572753906,101312,0.0,0.0
2023-09-08 10:30:00-04:00,132.50999450683594,132.5500030517578,131.5500030517578,131.8719940185547,128913,0.0,0.0
2023-09-08 11:30:00-04:00,131.92999267578125,131.97000122070312,131.27999877929688,131.4801025390625,123066,0.0,0.0
2023-09-08 12:30:00-04:00,131.42999267578125,131.47000122070312,131.14999389648438,131.36500549316406,64582,0.0,0.0
2023-09-08 13:30:00-04:00,131.30999755859375,131.5800018310547,131.125,131.4199981689453,75456,0.0,0.0
2023-09-08 14:30:00-04:00,131.4499969482422,132.2100067138672,131.4199981689453,131.91000366210938,182099,0.0,0.0
2023-09-08 15:30:00-04:00,131.91000366210938,132.35000610351562,131.89999389648438,132.27999877929688,196167,0.0,0.0
2023-09-11 09:30:00-04:00,133.14999389648438,133.75999450683594,132.02999877929688,132.35000610351562,145342,0.0,0.0
2023-09-11 10:30:00-04:00,132.2899932861328,132.74000549316406,131.80999755859375,132.6199951171875,151677,0.0,0.0
2023-09-11 11:30:00-04:00,132.5800018310547,132.77000427246094,132.3800048828125,132.52000427246094,99462,0.0,0.0
2023-09-11 12:30:00-04:00,132.4499969482422,133.0500030517578,132.44000244140625,132.9250030517578,103848,0.0,0.0
2023-09-11 13:30:00-04:00,133.0,133.07110595703125,132.72999572753906,132.88999938964844,104270,0.0,0.0
2023-09-11 14:30:00-04:00,132.82000732421875,133.22999572753906,132.58999633789062,133.07009887695312,183880,0.0,0.0
2023-09-11 15:30:00-04:00,133.08999633789062,133.14999389648438,132.64100646972656,132.72999572753906,278404,0.0,0.0
2023-09-12 09:30:00-04:00,132.60000610351562,133.72500610351562,132.30999755859375,132.7100067138672,127444,0.0,0.0
2023-09-12 10:30:00-04:00,132.7375030517578,133.0500030517578,132.27999877929688,133.0399932861328,91697,0.0,0.0
2023-09-12 11:30:00-04:00,133.02499389648438,133.33999633789062,132.77999877929688,132.8699951171875,96853,0.0,0.0
2023-09-12 12:30:00-04:00,132.8300018310547,133.2624969482422,132.59500122070312,133.1699981689453,76594,0.0,0.0
2023-09-12 13:30:00-04:00,133.1741943359375,133.17999267578125,132.61500549316406,132.74000549316406,135575,0.0,0.0
2023-09-12 14:30:00-04:00,132.72999572753906,132.74000549316406,132.10000610351562,132.11000061035156,204026,0.0,0.0
2023-09-12 15:30:00-04:00,132.15460205078125,132.1699981689453,131.63999938964844,131.64999389648438,182857,0.0,0.0
2023-09-13 09:30:00-04:00,131.1300048828125,132.44000244140625,130.9499969482422,132.08999633789062,76457,0.0,0.0
2023-09-13 10:30:00-04:00,132.1074981689453,132.8000030517578,132.07000732421875,132.76499938964844,68519,0.0,0.0
2023-09-13 11:30:00-04:00,132.7899932861328,133.09620666503906,132.61000061035156,133.06500244140625,57750,0.0,0.0
2023-09-13 12:30:00-04:00,133.09500122070312,133.17999267578125,132.80499267578125,132.88499450683594,58091,0.0,0.0
2023-09-13 13:30:00-04:00,132.83999633789062,132.83999633789062,132.0800018310547,132.18350219726562,63263,0.0,0.0
2023-09-13 14:30:00-04:00,132.1999969482422,132.1999969482422,131.68519592285156,131.88499450683594,103337,0.0,0.0
2023-09-13 15:30:00-04:00,131.88999938964844,132.13999938964844,131.8300018310547,131.89999389648438,222531,0.0,0.0
2023-09-14 09:30:00-04:00,133.0,133.74000549316406,132.52999877929688,133.27999877929688,155976,0.0,0.0
2023-09-14 10:30:00-04:00,133.33999633789062,133.67999267578125,133.1649932861328,133.3300018310547,95277,0.0,0.0
2023-09-14 11:30:00-04:00,133.3000030517578,133.38999938964844,133.00999450683594,133.14999389648438,91557,0.0,0.0
2023-09-14 12:30:00-04:00,133.16000366210938,133.3000030517578,133.05999755859375,133.22999572753906,87916,0.0,0.0
2023-09-14 13:30:00-04:00,133.25,133.30999755859375,133.00999450683594,133.13499450683594,125129,0.0,0.0
2023-09-14 14:30:00-04:00,133.11000061035156,133.6300048828125,133.08999633789062,133.1999969482422,145691,0.0,0.0
2023-09-14 15:30:00-04:00,133.13999938964844,133.30999755859375,133.00999450683594,133.14999389648438,213303,0.0,0.0
2023-09-15 09:30:00-04:00,134.24000549316406,134.63999938964844,133.58999633789062,133.88999938964844,314269,0.0,0.0
2023-09-15 10:30:00-04:00,133.85000610351562,134.05499267578125,133.4499969482422,134.05499267578125,186214,0.0,0.0
2023-09-15 11:30:00-04:00,134.10000610351562,134.44000244140625,133.9499969482422,133.96499633789062,102250,0.0,0.0
2023-09-15 12:30:00-04:00,133.9250030517578,134.08560180664062,133.3699951171875,133.38499450683594,105939,0.0,0.0
2023-09-15 13:30:00-04:00,133.38999938964844,133.74000549316406,133.02099609375,133.02099609375,131168,0.0,0.0
2023-09-15 14:30:00-04:00,133.02000427246094,133.6699981689453,132.88999938964844,133.55999755859375,175994,0.0,0.0
2023-09-15 15:30:00-04:00,133.55999755859375,133.77999877929688,132.69000244140625,132.9499969482422,399694,0.0,0.0
2023-09-18 09:30:00-04:00,131.4600067138672,132.47000122070312,131.02000427246094,132.25,200109,0.0,0.0
2023-09-18 10:30:00-04:00,132.27999877929688,132.35499572753906,131.6999969482422,132.07000732421875,96631,0.0,0.0
2023-09-18 11:30:00-04:00,132.1300048828125,132.58999633789062,132.10000610351562,132.50999450683594,85214,0.0,0.0
2023-09-18 12:30:00-04:00,132.52000427246094,132.9199981689453,132.3800048828125,132.875,93645,0.0,0.0
2023-09-18 13:30:00-04:00,132.89999389648438,133.07000732421875,132.6699981689453,132.89500427246094,157542,0.0,0.0
2023-09-18 14:30:00-04:00,132.91000366210938,133.02000427246094,132.5399932861328,132.77099609375,133775,0.0,0.0
2023-09-18 15:30:00-04:00,132.8000030517578,132.9199981689453,132.5500030517578,132.75,202743,0.0,0.0
2023-09-19 09:30:00-04:00,132.52000427246094,132.5800018310547,131.6699981689453,131.83999633789062,97660,0.0,0.0
2023-09-19 10:30:00-04:00,131.83999633789062,132.22000122070312,131.83999633789062,132.0800018310547,71331,0.0,0.0
2023-09-19 11:30:00-04:00,132.08999633789062,132.3249969482422,131.86000061035156,131.9499969482422,74454,0.0,0.0
2023-09-19 12:30:00-04:00,131.92999267578125,132.16000366210938,131.69000244140625,132.10000610351562,77091,0.0,0.0
2023-09-19 13:30:00-04:00,132.09500122070312,132.80740356445312,132.09500122070312,132.76499938964844,143503,0.0,0.0
2023-09-19 14:30:00-04:00,132.76499938964844,133.02000427246094,132.64999389648438,132.9149932861328,112406,0.0,0.0
2023-09-19 15:30:00-04:00,132.9149932861328,133.2100067138672,132.57000732421875,132.99000549316406,243553,0.0,0.0
2023-09-20 09:30:00-04:00,133.8300018310547,133.8300018310547,132.75999450683594,133.11000061035156,107077,0.0,0.0
2023-09-20 10:30:00-04:00,133.14010620117188,133.6699981689453,133.11000061035156,133.47999572753906,90707,0.0,0.0
2023-09-20 11:30:00-04:00,133.4550018310547,133.77000427246094,133.4199981689453,133.77000427246094,81134,0.0,0.0
2023-09-20 12:30:00-04:00,133.7899932861328,133.89999389648438,133.66000366210938,133.7899932861328,88596,0.0,0.0
2023-09-20 13:30:00-04:00,133.78500366210938,133.7899932861328,133.07000732421875,133.5,150415,0.0,0.0
2023-09-20 14:30:00-04:00,133.4499969482422,133.7852020263672,132.5800018310547,132.8300018310547,199352,0.0,0.0
2023-09-20 15:30:00-04:00,132.82000732421875,132.8300018310547,132.1300048828125,132.5399932861328,293989,0.0,0.0
2023-09-21 09:30:00-04:00,130.99000549316406,131.6699981689453,130.1300048828125,130.18499755859375,202482,0.0,0.0
2023-09-21 10:30:00-04:00,130.25,130.5399932861328,129.85000610351562,130.07000732421875,162642,0.0,0.0
2023-09-21 11:30:00-04:00,130.0500030517578,130.38999938964844,129.9499969482422,130.0449981689453,155087,0.0,0.0
2023-09-21 12:30:00-04:00,130.05999755859375,130.75,129.9499969482422,130.4499969482422,141882,0.0,0.0
2023-09-21 13:30:00-04:00,130.4241943359375,130.74000549316406,130.27999877929688,130.33999633789062,98637,0.0,0.0
2023-09-21 14:30:00-04:00,130.33999633789062,130.97999572753906,130.30999755859375,130.8300018310547,409365,0.0,0.0
2023-09-21 15:30:00-04:00,130.8300018310547,131.1300048828125,130.55499267578125,131.00999450683594,489458,0.0,0.0
2023-09-22 09:30:00-04:00,131.61000061035156,132.47999572753906,131.3699951171875,131.73500061035156,195350,0.0,0.0
2023-09-22 10:30:00-04:00,131.77999877929688,132.32000732421875,131.64999389648438,132.2899932861328,161677,0.0,0.0
2023-09-22 11:30:00-04:00,132.25999450683594,132.44500732421875,131.8800048828125,131.94000244140625,160509,0.0,0.0
2023-09-22 12:30:00-04:00,131.9600067138672,132.17999267578125,131.88999938964844,132.0,101791,0.0,0.0
2023-09-22 13:30:00-04:00,131.9499969482422,132.05499267578125,131.4199981689453,131.52499389648438,140544,0.0,0.0
2023-09-22 14:30:00-04:00,131.50999450683594,131.9499969482422,131.42999267578125,131.7100067138672,156950,0.0,0.0
2023-09-22 15:30:00-04:00,131.72000122070312,131.7899932861328,130.7899932861328,131.0399932861328,212407,0.0,0.0
2023-09-25 09:30:00-04:00,130.1999969482422,131.17999267578125,129.83999633789062,130.39999389648438,97943,0.0,0.0
2023-09-25 10:30:00-04:00,130.39999389648438,131.19000244140625,130.38999938964844,130.97000122070312,125230,0.0,0.0
2023-09-25 11:30:00-04:00,130.96499633789062,131.17999267578125,130.82000732421875,131.16000366210938,70144,0.0,0.0
2023-09-25 12:30:00-04:00,131.14999389648438,131.1750030517578,130.61000061035156,130.74000549316406,84796,0.0,0.0
2023-09-25 13:30:00-04:00,130.74000549316406,130.83999633789062,130.50999450683594,130.66000366210938,110930,0.0,0.0
2023-09-25 14:30:00-04:00,130.64999389648438,130.8699951171875,130.14999389648438,130.39999389648438,128728,0.0,0.0
2023-09-25 15:30:00-04:00,130.4199981689453,130.8800048828125,130.375,130.77000427246094,193875,0.0,0.0
2023-09-26 09:30:00-04:00,129.8000030517578,130.44760131835938,129.69000244140625,130.0500030517578,191140,0.0,0.0
2023-09-26 10:30:00-04:00,129.99009704589844,130.25999450683594,129.88999938964844,130.10000610351562,81080,0.0,0.0
2023-09-26 11:30:00-04:00,130.07000732421875,130.5050048828125,130.00999450683594,130.19000244140625,102936,0.0,0.0
2023-09-26 12:30:00-04:00,130.22999572753906,130.38499450683594,129.97500610351562,130.1699981689453,95593,0.0,0.0
2023-09-26 13:30:00-04:00,130.1699981689453,130.3000030517578,129.92999267578125,130.1750030517578,113452,0.0,0.0
2023-09-26 14:30:00-04:00,130.1699981689453,130.27000427246094,129.8350067138672,130.0050048828125,153379,0.0,0.0
2023-09-26 15:30:00-04:00,129.99000549316406,130.2100067138672,129.89999389648438,130.0399932861328,207651,0.0,0.0
2023-09-27 09:30:00-04:00,130.64999389648438,130.72000122070312,129.90499877929688,130.63999938964844,415826,0.0,0.0
2023-09-27 10:30:00-04:00,130.63999938964844,130.97999572753906,130.47999572753906,130.77000427246094,124603,0.0,0.0
2023-09-27 11:30:00-04:00,130.7449951171875,131.0800018310547,130.3699951171875,130.50999450683594,116252,0.0,0.0
2023-09-27 12:30:00-04:00,130.50999450683594,130.58999633789062,130.0,130.0749969482422,90467,0.0,0.0
2023-09-27 13:30:00-04:00,130.0800018310547,130.6199951171875,129.9600067138672,130.60000610351562,101694,0.0,0.0
2023-09-27 14:30:00-04:00,130.6300048828125,131.3000030517578,130.6300048828125,131.19000244140625,105996,0.0,0.0
2023-09-27 15:30:00-04:00,131.13999938964844,131.17999267578125,130.22500610351562,130.44000244140625,155590,0.0,0.0
2023-09-28 09:30:00-04:00,130.72999572753906,132.08999633789062,130.0399932861328,131.9499969482422,101757,0.0,0.0
2023-09-28 10:30:00-04:00,131.8800048828125,132.9499969482422,131.7449951171875,132.9499969482422,97115,0.0,0.0
2023-09-28 11:30:00-04:00,133.03750610351562,133.71240234375,133.0,133.69650268554688,151152,0.0,0.0
2023-09-28 12:30:00-04:00,133.67999267578125,133.77000427246094,133.1199951171875,133.42999267578125,142934,0.0,0.0
2023-09-28 13:30:00-04:00,133.4199981689453,133.64999389648438,133.1699981689453,133.4499969482422,151956,0.0,0.0
2023-09-28 14:30:00-04:00,133.3800048828125,133.63499450683594,132.89500427246094,133.4499969482422,126820,0.0,0.0
2023-09-28 15:30:00-04:00,133.4499969482422,133.4499969482422,132.61000061035156,132.6300048828125,200378,0.0,0.0
2023-09-29 09:30:00-04:00,134.0,134.11000061035156,133.32000732421875,133.8096923828125,92501,0.0,0.0
2023-09-29 10:30:00-04:00,133.97000122070312,134.19000244140625,133.72999572753906,133.82000732421875,72544,0.0,0.0
2023-09-29 11:30:00-04:00,133.82000732421875,134.10000610351562,133.36000061035156,133.57000732421875,82568,0.0,0.0
2023-09-29 12:30:00-04:00,133.6136932373047,133.69000244140625,132.9949951171875,133.2899932861328,80299,0.0,0.0
2023-09-29 13:30:00-04:00,133.33999633789062,133.33999633789062,132.4550018310547,132.4550018310547,81667,0.0,0.0
2023-09-29 14:30:00-04:00,132.4600067138672,133.02000427246094,132.17999267578125,132.33999633789062,119463,0.0,0.0
2023-09-29 15:30:00-04:00,132.3000030517578,132.66000366210938,131.8000030517578,132.30499267578125,224609,0.0,0.0
2023-10-02 09:30:00-04:00,131.91000366210938,132.6699981689453,131.42999267578125,132.41000366210938,108148,0.0,0.0
2023-10-02 10:30:00-04:00,132.38999938964844,132.72999572753906,132.10000610351562,132.7017059326172,88547,0.0,0.0
2023-10-02 11:30:00-04:00,132.6999969482422,132.77999877929688,131.58999633789062,131.77000427246094,86768,0.0,0.0
2023-10-02 12:30:00-04:00,131.77999877929688,132.18499755859375,131.77999877929688,132.16000366210938,93663,0.0,0.0
2023-10-02 13:30:00-04:00,132.1699981689453,132.39999389648438,131.55999755859375,131.55999755859375,79619,0.0,0.0
2023-10-02 14:30:00-04:00,131.61000061035156,131.91000366210938,131.35499572753906,131.5500030517578,88583,0.0,0.0
2023-10-02 15:30:00-04:00,131.5399932861328,131.78500366210938,131.4250030517578,131.72000122070312,144169,0.0,0.0
2023-10-03 09:30:00-04:00,131.16000366210938,132.14500427246094,130.39999389648438,130.4499969482422,151645,0.0,0.0
2023-10-03 10:30:00-04:00,130.4499969482422,130.82000732421875,130.27000427246094,130.50999450683594,92882,0.0,0.0
2023-10-03 11:30:00-04:00,130.47999572753906,131.0,130.30499267578125,130.91000366210938,83558,0.0,0.0
2023-10-03 12:30:00-04:00,130.9600067138672,131.02000427246094,130.44000244140625,130.66000366210938,51757,0.0,0.0
2023-10-03 13:30:00-04:00,130.64999389648438,131.00999450683594,130.27999877929688,130.9949951171875,114392,0.0,0.0
2023-10-03 14:30:00-04:00,130.99000549316406,131.30999755859375,130.92999267578125,131.1699981689453,156610,0.0,0.0
2023-10-03 15:30:00-04:00,131.15750122070312,131.78500366210938,131.10000610351562,131.30999755859375,244320,0.0,0.0
2023-10-04 09:30:00-04:00,130.72000122070312,131.4199981689453,128.67999267578125,129.25999450683594,306270,0.0,0.0
2023-10-04 10:30:00-04:00,129.22999572753906,129.94000244140625,129.03500366210938,129.92999267578125,136205,0.0,0.0
2023-10-04 11:30:00-04:00,129.86000061035156,130.4600067138672,129.77999877929688,130.01809692382812,112733,0.0,0.0
2023-10-04 12:30:00-04:00,130.07000732421875,130.39999389648438,129.5800018310547,129.6999969482422,124083,0.0,0.0
2023-10-04 13:30:00-04:00,129.6999969482422,129.92999267578125,129.35000610351562,129.72999572753906,105304,0.0,0.0
2023-10-04 14:30:00-04:00,129.72000122070312,130.4499969482422,129.5399932861328,130.36500549316406,121859,0.0,0.0
2023-10-04 15:30:00-04:00,130.3800048828125,130.75,130.27999877929688,130.2899932861328,247058,0.0,0.0
2023-10-05 09:30:00-04:00,130.27999877929688,130.66000366210938,128.60000610351562,128.6199951171875,180039,0.0,0.0
2023-10-05 10:30:00-04:00,128.6199951171875,128.67999267578125,127.58999633789062,128.38999938964844,323733,0.0,0.0
2023-10-05 11:30:00-04:00,128.38999938964844,128.69000244140625,128.00999450683594,128.6284942626953,113497,0.0,0.0
2023-10-05 12:30:00-04:00,128.6300048828125,129.0,128.52000427246094,128.63999938964844,161987,0.0,0.0
2023-10-05 13:30:00-04:00,128.63999938964844,129.3699951171875,128.47999572753906,129.3249969482422,133563,0.0,0.0
2023-10-05 14:30:00-04:00,129.3000030517578,129.91000366210938,129.3000030517578,129.88999938964844,143401,0.0,0.0
2023-10-05 15:30:00-04:00,129.91000366210938,129.9499969482422,129.16000366210938,129.3000030517578,210875,0.0,0.0
2023-10-06 09:30:00-04:00,129.02999877929688,130.80999755859375,128.61000061035156,130.6199951171875,84316,0.0,0.0
2023-10-06 10:30:00-04:00,130.6300048828125,131.02000427246094,130.5399932861328,131.02000427246094,80201,0.0,0.0
2023-10-06 11:30:00-04:00,131.02999877929688,131.99000549316406,131.02999877929688,131.5800018310547,81062,0.0,0.0
2023-10-06 12:30:00-04:00,131.5850067138672,131.8300018310547,131.39999389648438,131.77000427246094,75867,0.0,0.0
2023-10-06 13:30:00-04:00,131.7899932861328,131.875,131.49000549316406,131.75,65902,0.0,0.0
2023-10-06 14:30:00-04:00,131.7100067138672,131.9199981689453,131.52000427246094,131.7449951171875,106755,0.0,0.0
2023-10-06 15:30:00-04:00,131.74000549316406,131.8000030517578,131.0,131.00999450683594,150407,0.0,0.0
2023-10-09 09:30:00-04:00,130.72999572753906,131.44000244140625,130.0800018310547,131.07000732421875,93111,0.0,0.0
2023-10-09 10:30:00-04:00,131.13999938964844,131.2187042236328,130.2852020263672,130.61000061035156,62336,0.0,0.0
2023-10-09 11:30:00-04:00,130.69000244140625,131.36000061035156,130.53919982910156,131.0800018310547,58327,0.0,0.0
2023-10-09 12:30:00-04:00,131.08999633789062,131.1199951171875,130.8300018310547,131.0399932861328,68071,0.0,0.0
2023-10-09 13:30:00-04:00,131.08999633789062,131.6300048828125,131.05999755859375,131.30499267578125,115713,0.0,0.0
2023-10-09 14:30:00-04:00,131.3300018310547,131.67999267578125,131.2100067138672,131.5,89065,0.0,0.0
2023-10-09 15:30:00-04:00,131.4499969482422,131.47999572753906,131.0800018310547,131.16000366210938,151149,0.0,0.0
2023-10-10 09:30:00-04:00,131.5,133.16000366210938,131.27499389648438,133.0800018310547,87895,0.0,0.0
2023-10-10 10:30:00-04:00,133.13890075683594,133.22999572753906,132.63999938964844,133.00999450683594,83993,0.0,0.0
2023-10-10 11:30:00-04:00,133.02999877929688,133.35940551757812,133.00999450683594,133.24000549316406,68001,0.0,0.0
2023-10-10 12:30:00-04:00,133.27000427246094,133.33999633789062,132.61000061035156,132.75,67539,0.0,0.0
2023-10-10 13:30:00-04:00,132.8000030517578,132.9499969482422,132.36000061035156,132.375,71351,0.0,0.0
2023-10-10 14:30:00-04:00,132.39999389648438,132.64999389648438,132.33999633789062,132.43499755859375,90124,0.0,0.0
2023-10-10 15:30:00-04:00,132.4250030517578,132.61000061035156,132.27000427246094,132.30999755859375,131882,0.0,0.0
2023-10-11 09:30:00-04:00,132.5,132.99000549316406,132.11500549316406,132.1699981689453,89787,0.0,0.0
2023-10-11 10:30:00-04:00,132.2100067138672,132.94000244140625,132.0500030517578,132.8000030517578,84495,0.0,0.0
2023-10-11 11:30:00-04:00,132.7899932861328,132.92999267578125,132.47999572753906,132.55999755859375,150380,0.0,0.0
2023-10-11 12:30:00-04:00,132.5399932861328,132.55999755859375,132.19000244140625,132.41000366210938,115549,0.0,0.0
2023-10-11 13:30:00-04:00,132.43499755859375,132.5500030517578,131.98500061035156,132.35000610351562,144578,0.0,0.0
2023-10-11 14:30:00-04:00,132.35000610351562,132.74000549316406,132.32000732421875,132.66000366210938,83469,0.0,0.0
2023-10-11 15:30:00-04:00,132.6199951171875,133.1999969482422,132.5800018310547,132.94000244140625,196320,0.0,0.0
2023-10-12 09:30:00-04:00,133.27000427246094,133.27499389648438,131.3800048828125,132.52000427246094,123929,0.0,0.0
2023-10-12 10:30:00-04:00,132.53500366210938,132.83999633789062,132.35000610351562,132.6199951171875,114214,0.0,0.0
2023-10-12 11:30:00-04:00,132.53500366210938,132.94000244140625,132.2100067138672,132.77000427246094,102225,0.0,0.0
2023-10-12 12:30:00-04:00,132.8300018310547,132.9071044921875,131.55999755859375,131.64999389648438,150307,0.0,0.0
2023-10-12 13:30:00-04:00,131.5800018310547,131.66000366210938,129.7100067138672,129.75,111474,0.0,0.0
2023-10-12 14:30:00-04:00,129.72000122070312,130.25,129.66549682617188,129.69000244140625,129806,0.0,0.0
2023-10-12 15:30:00-04:00,129.74000549316406,130.0800018310547,129.7100067138672,129.7899932861328,157575,0.0,0.0
2023-10-13 09:30:00-04:00,129.61000061035156,129.89999389648438,128.91000366210938,129.82000732421875,100094,0.0,0.0
2023-10-13 10:30:00-04:00,129.77999877929688,129.91000366210938,128.47999572753906,128.64999389648438,88475,0.0,0.0
2023-10-13 11:30:00-04:00,128.57000732421875,129.21499633789062,128.22000122070312,129.1999969482422,72378,0.0,0.0
2023-10-13 12:30:00-04:00,129.1999969482422,129.27000427246094,128.0500030517578,128.07000732421875,107072,0.0,0.0
2023-10-13 13:30:00-04:00,128.0399932861328,128.66000366210938,127.75,128.5500030517578,107472,0.0,0.0
2023-10-13 14:30:00-04:00,128.60000610351562,129.03500366210938,128.51080322265625,128.80999755859375,107427,0.0,0.0
2023-10-13 15:30:00-04:00,128.86000061035156,129.0399932861328,128.66000366210938,128.99000549316406,140854,0.0,0.0
2023-10-16 09:30:00-04:00,129.6699981689453,131.0,129.25999450683594,130.9875030517578,86974,0.0,0.0
2023-10-16 10:30:00-04:00,131.02000427246094,131.64999389648438,130.98500061035156,131.39999389648438,98376,0.0,0.0
2023-10-16 11:30:00-04:00,131.39999389648438,131.47500610351562,131.19000244140625,131.3699951171875,90400,0.0,0.0
2023-10-16 12:30:00-04:00,131.36000061035156,131.8800048828125,131.32000732421875,131.66000366210938,101018,0.0,0.0
2023-10-16 13:30:00-04:00,131.6199951171875,131.97000122070312,131.44000244140625,131.4499969482422,100486,0.0,0.0
2023-10-16 14:30:00-04:00,131.41000366210938,131.72999572753906,131.30499267578125,131.39500427246094,168623,0.0,0.0
2023-10-16 15:30:00-04:00,131.41000366210938,131.57000732421875,131.27000427246094,131.42999267578125,213926,0.0,0.0
2023-10-17 09:30:00-04:00,129.72000122070312,130.2050018310547,128.0399932861328,129.46499633789062,176931,0.0,0.0
2023-10-17 10:30:00-04:00,129.5399932861328,130.25999450683594,129.3000030517578,130.1699981689453,138865,0.0,0.0
2023-10-17 11:30:00-04:00,130.14999389648438,130.7550048828125,130.0800018310547,130.33999633789062,100199,0.0,0.0
2023-10-17 12:30:00-04:00,130.32000732421875,130.32000732421875,129.24099731445312,129.47000122070312,95107,0.0,0.0
2023-10-17 13:30:00-04:00,129.4199981689453,129.52000427246094,128.91000366210938,129.05999755859375,107463,0.0,0.0
2023-10-17 14:30:00-04:00,129.0399932861328,129.35499572753906,128.9199981689453,129.13999938964844,129402,0.0,0.0
2023-10-17 15:30:00-04:00,129.16000366210938,129.33999633789062,128.9199981689453,129.33999633789062,186088,0.0,0.0
2023-10-18 09:30:00-04:00,128.86000061035156,129.25,127.67749786376953,128.77499389648438,133085,0.0,0.0
2023-10-18 10:30:00-04:00,128.6750030517578,128.92999267578125,127.91000366210938,127.98500061035156,90916,0.0,0.0
2023-10-18 11:30:00-04:00,127.97000122070312,128.0500030517578,127.37999725341797,127.51499938964844,71051,0.0,0.0
2023-10-18 12:30:00-04:00,127.54499816894531,127.70500183105469,127.0999984741211,127.23500061035156,106803,0.0,0.0
2023-10-18 13:30:00-04:00,127.19000244140625,127.27989959716797,126.82550048828125,126.95610046386719,96780,0.0,0.0
2023-10-18 14:30:00-04:00,126.91000366210938,127.0999984741211,126.16500091552734,126.21499633789062,118200,0.0,0.0
2023-10-18 15:30:00-04:00,126.23999786376953,126.27999877929688,125.78500366210938,126.01000213623047,231451,0.0,0.0
2023-10-19 09:30:00-04:00,125.52999877929688,126.37000274658203,125.25,125.25,234799,0.0,0.0
2023-10-19 10:30:00-04:00,125.22000122070312,125.27999877929688,124.79000091552734,125.08450317382812,116320,0.0,0.0
2023-10-19 11:30:00-04:00,125.20999908447266,125.62989807128906,124.61000061035156,125.01000213623047,264477,0.0,0.0
2023-10-19 12:30:00-04:00,125.02999877929688,125.88999938964844,124.3761978149414,125.6050033569336,253257,0.0,0.0
2023-10-19 13:30:00-04:00,125.58999633789062,125.61000061035156,124.55000305175781,125.01000213623047,152155,0.0,0.0
2023-10-19 14:30:00-04:00,124.94999694824219,124.94999694824219,123.8550033569336,123.95999908447266,125027,0.0,0.0
2023-10-19 15:30:00-04:00,124.0,124.2300033569336,123.71289825439453,123.97000122070312,201254,0.0,0.0
2023-10-20 09:30:00-04:00,123.58999633789062,124.33999633789062,122.69999694824219,123.27999877929688,216457,0.0,0.0
2023-10-20 10:30:00-04:00,123.26000213623047,123.3499984741211,122.48999786376953,122.91000366210938,127645,0.0,0.0
2023-10-20 11:30:00-04:00,122.9000015258789,123.71499633789062,122.70999908447266,123.5250015258789,187972,0.0,0.0
2023-10-20 12:30:00-04:00,123.56990051269531,123.80999755859375,123.33999633789062,123.62000274658203,149097,0.0,0.0
2023-10-20 13:30:00-04:00,123.68000030517578,123.9000015258789,123.19000244140625,123.33999633789062,110630,0.0,0.0
2023-10-20 14:30:00-04:00,123.33000183105469,123.55999755859375,123.19999694824219,123.38999938964844,148944,0.0,0.0
2023-10-20 15:30:00-04:00,123.41999816894531,123.48999786376953,122.77999877929688,122.81999969482422,256113,0.0,0.0
2023-10-23 09:30:00-04:00,122.45999908447266,122.4749984741211,121.56500244140625,121.95999908447266,145253,0.0,0.0
2023-10-23 10:30:00-04:00,122.0199966430664,122.4999008178711,121.51000213623047,122.4999008178711,94720,0.0,0.0
2023-10-23 11:30:00-04:00,122.47000122070312,122.62000274658203,122.16999816894531,122.58999633789062,130723,0.0,0.0
2023-10-23 12:30:00-04:00,122.58000183105469,123.24199676513672,122.58000183105469,122.92479705810547,111025,0.0,0.0
2023-10-23 13:30:00-04:00,122.91999816894531,123.0999984741211,122.4800033569336,122.62000274658203,118850,0.0,0.0
2023-10-23 14:30:00-04:00,122.6500015258789,122.87000274658203,122.0199966430664,122.13500213623047,127351,0.0,0.0
2023-10-23 15:30:00-04:00,122.11000061035156,122.17500305175781,121.72000122070312,121.94000244140625,206433,0.0,0.0
2023-10-24 09:30:00-04:00,122.05999755859375,122.94989776611328,121.95999908447266,122.5,109083,0.0,0.0
2023-10-24 10:30:00-04:00,122.48999786376953,122.83999633789062,122.18000030517578,122.18000030517578,93934,0.0,0.0
2023-10-24 11:30:00-04:00,122.18000030517578,122.22000122070312,121.33000183105469,121.37000274658203,103722,0.0,0.0
2023-10-24 12:30:00-04:00,121.44000244140625,122.08000183105469,121.38999938964844,122.02999877929688,98745,0.0,0.0
2023-10-24 13:30:00-04:00,122.05000305175781,122.15499877929688,121.69999694824219,122.06999969482422,108999,0.0,0.0
2023-10-24 14:30:00-04:00,122.06999969482422,122.70999908447266,122.06999969482422,122.58000183105469,106289,0.0,0.0
2023-10-24 15:30:00-04:00,122.52999877929688,122.54000091552734,122.22000122070312,122.23999786376953,139451,0.0,0.0
2023-10-25 09:30:00-04:00,121.0,121.20999908447266,120.3499984741211,121.05000305175781,97642,0.0,0.0
2023-10-25 10:30:00-04:00,121.01000213623047,121.19999694824219,120.69000244140625,120.9000015258789,87786,0.0,0.0
2023-10-25 11:30:00-04:00,120.83000183105469,120.8499984741211,120.29000091552734,120.41500091552734,94018,0.0,0.0
2023-10-25 12:30:00-04:00,120.41000366210938,120.62000274658203,119.94000244140625,120.02999877929688,83145,0.0,0.0
2023-10-25 13:30:00-04:00,119.94999694824219,119.98999786376953,119.41999816894531,119.83000183105469,174785,0.0,0.0
2023-10-25 14:30:00-04:00,119.8499984741211,120.45500183105469,119.80000305175781,120.41999816894531,119003,0.0,0.0
2023-10-25 15:30:00-04:00,120.44000244140625,120.94999694824219,120.43000030517578,120.45999908447266,257545,0.0,0.0
2023-10-26 09:30:00-04:00,120.93000030517578,121.8499984741211,120.52999877929688,121.16999816894531,152447,0.0,0.0
2023-10-26 10:30:00-04:00,121.08999633789062,121.47000122070312,120.23999786376953,120.41000366210938,103204,0.0,0.0
2023-10-26 11:30:00-04:00,120.5199966430664,120.61000061035156,119.5999984741211,119.91000366210938,104349,0.0,0.0
2023-10-26 12:30:00-04:00,119.88999938964844,120.05000305175781,119.52999877929688,119.66999816894531,96683,0.0,0.0
2023-10-26 13:30:00-04:00,119.69999694824219,120.70999908447266,119.4800033569336,120.47000122070312,98521,0.0,0.0
2023-10-26 14:30:00-04:00,120.43000030517578,120.81500244140625,120.2699966430664,120.2699966430664,126878,0.0,0.0
2023-10-26 15:30:00-04:00,120.26000213623047,120.26000213623047,119.58000183105469,119.68000030517578,164532,0.0,0.0
2023-10-27 09:30:00-04:00,120.0,120.62000274658203,118.83000183105469,120.52999877929688,127451,0.0,0.0
2023-10-27 10:30:00-04:00,120.44999694824219,120.55999755859375,120.01000213623047,120.22000122070312,84093,0.0,0.0
2023-10-27 11:30:00-04:00,120.22000122070312,120.22000122070312,119.0999984741211,119.23500061035156,95863,0.0,0.0
2023-10-27 12:30:00-04:00,119.25499725341797,119.44499969482422,118.63999938964844,118.78500366210938,113086,0.0,0.0
2023-10-27 13:30:00-04:00,118.73999786376953,119.19000244140625,118.56999969482422,118.90499877929688,102276,0.0,0.0
2023-10-27 14:30:00-04:00,118.8949966430664,119.31639862060547,118.75,119.08999633789062,156181,0.0,0.0
2023-10-27 15:30:00-04:00,119.09500122070312,119.37000274658203,118.75,119.30999755859375,240537,0.0,0.0
2023-10-30 09:30:00-04:00,119.8499984741211,120.30999755859375,118.6500015258789,118.83499908447266,137208,0.0,0.0
2023-10-30 10:30:00-04:00,118.8550033569336,119.97000122070312,118.62999725341797,119.87999725341797,121364,0.0,0.0
2023-10-30 11:30:00-04:00,119.90499877929688,120.4800033569336,119.87000274658203,119.94000244140625,168375,0.0,0.0
2023-10-30 12:30:00-04:00,119.92500305175781,120.33999633789062,119.80000305175781,120.33999633789062,161794,0.0,0.0
2023-10-30 13:30:00-04:00,120.29499816894531,120.58999633789062,120.12999725341797,120.42500305175781,176356,0.0,0.0
2023-10-30 14:30:00-04:00,120.41999816894531,120.54000091552734,120.08999633789062,120.18499755859375,208053,0.0,0.0
2023-10-30 15:30:00-04:00,120.18499755859375,120.18499755859375,119.5999984741211,119.7300033569336,287168,0.0,0.0
2023-10-31 09:30:00-04:00,120.19000244140625,121.24500274658203,119.7699966430664,121.24500274658203,304738,0.0,0.0
2023-10-31 10:30:00-04:00,121.25,122.9749984741211,121.12999725341797,122.9000015258789,172273,0.0,0.0
2023-10-31 11:30:00-04:00,122.95999908447266,123.55999755859375,122.30000305175781,122.46499633789062,195975,0.0,0.0
2023-10-31 12:30:00-04:00,122.5,122.94000244140625,122.20999908447266,122.36499786376953,208219,0.0,0.0
2023-10-31 13:30:00-04:00,122.36499786376953,122.6500015258789,122.08000183105469,122.08999633789062,137181,0.0,0.0
2023-10-31 14:30:00-04:00,122.04000091552734,122.41500091552734,121.86000061035156,122.30999755859375,267850,0.0,0.0
2023-10-31 15:30:00-04:00,122.30999755859375,122.38500213623047,121.88999938964844,122.04499816894531,404166,0.0,0.0
2023-11-01 09:30:00-04:00,122.05999755859375,122.37000274658203,120.12000274658203,120.79000091552734,112653,0.0,0.0
2023-11-01 10:30:00-04:00,120.79000091552734,120.86000061035156,119.81999969482422,119.94000244140625,104869,0.0,0.0
2023-11-01 11:30:00-04:00,119.91999816894531,120.16999816894531,119.77999877929688,120.0199966430664,75729,0.0,0.0
2023-11-01 12:30:00-04:00,119.98500061035156,120.12000274658203,119.54000091552734,119.75,90679,0.0,0.0
2023-11-01 13:30:00-04:00,119.72000122070312,120.22000122070312,119.58000183105469,119.77999877929688,105696,0.0,0.0
2023-11-01 14:30:00-04:00,119.77999877929688,120.55000305175781,119.31999969482422,120.48999786376953,200030,0.0,0.0
2023-11-01 15:30:00-04:00,120.4800033569336,120.8499984741211,120.26000213623047,120.80000305175781,240420,0.0,0.0
2023-11-02 09:30:00-04:00,122.68000030517578,122.93000030517578,121.91999816894531,122.9000015258789,123068,0.0,0.0
2023-11-02 10:30:00-04:00,122.8499984741211,123.66999816894531,122.72000122070312,123.05000305175781,93410,0.0,0.0
2023-11-02 11:30:00-04:00,123.05500030517578,123.05999755859375,122.44999694824219,122.625,99670,0.0,0.0
2023-11-02 12:30:00-04:00,122.62999725341797,123.05999755859375,122.5,122.99500274658203,110012,0.0,0.0
2023-11-02 13:30:00-04:00,123.00499725341797,123.19999694824219,122.47000122070312,122.66000366210938,113212,0.0,0.0
2023-11-02 14:30:00-04:00,122.69999694824219,122.77999877929688,122.3550033569336,122.75,153414,0.0,0.0
2023-11-02 15:30:00-04:00,122.75499725341797,123.2300033569336,122.72000122070312,123.19999694824219,309805,0.0,0.0
2023-11-03 09:30:00-04:00,124.7300033569336,125.75499725341797,124.0,125.7300033569336,83112,0.0,0.0
2023-11-03 10:30:00-04:00,125.7300033569336,126.12000274658203,125.21499633789062,125.33999633789062,116977,0.0,0.0
2023-11-03 11:30:00-04:00,125.3511962890625,125.75,125.33999633789062,125.68000030517578,99726,0.0,0.0
2023-11-03 12:30:00-04:00,125.69000244140625,126.01000213623047,125.44999694824219,125.50499725341797,57046,0.0,0.0
2023-11-03 13:30:00-04:00,125.49500274658203,125.6511001586914,125.12000274658203,125.38999938964844,78326,0.0,0.0
2023-11-03 14:30:00-04:00,125.38999938964844,125.875,125.3479995727539,125.61000061035156,84385,0.0,0.0
2023-11-03 15:30:00-04:00,125.58000183105469,125.79000091552734,125.51249694824219,125.75,217482,0.0,0.0
2023-11-06 09:30:00-05:00,125.44000244140625,125.62699890136719,124.4800033569336,124.80000305175781,103620,0.0,0.0
2023-11-06 10:30:00-05:00,124.80000305175781,124.83000183105469,124.2750015258789,124.2750015258789,90880,0.0,0.0
2023-11-06 11:30:00-05:00,124.27999877929688,124.27999877929688,123.79000091552734,123.83999633789062,154197,0.0,0.0
2023-11-06 12:30:00-05:00,123.83000183105469,124.04879760742188,123.55000305175781,123.73500061035156,122863,0.0,0.0
2023-11-06 13:30:00-05:00,123.69000244140625,123.87999725341797,123.4000015258789,123.44000244140625,91394,0.0,0.0
2023-11-06 14:30:00-05:00,123.44000244140625,124.44000244140625,123.43000030517578,124.13999938964844,180769,0.0,0.0
2023-11-06 15:30:00-05:00,124.13999938964844,124.29000091552734,123.87999725341797,124.06999969482422,269890,0.0,0.0
2023-11-07 09:30:00-05:00,123.62000274658203,124.91999816894531,123.3499984741211,124.73999786376953,152842,0.0,0.0
2023-11-07 10:30:00-05:00,124.70999908447266,125.21499633789062,124.66500091552734,124.80999755859375,54531,0.0,0.0
2023-11-07 11:30:00-05:00,124.8499984741211,125.17500305175781,124.5,124.6500015258789,67961,0.0,0.0
2023-11-07 12:30:00-05:00,124.63999938964844,125.16999816894531,124.5199966430664,125.03500366210938,58717,0.0,0.0
2023-11-07 13:30:00-05:00,125.05000305175781,125.20999908447266,124.71499633789062,124.7750015258789,64597,0.0,0.0
2023-11-07 14:30:00-05:00,124.7699966430664,125.02999877929688,124.72000122070312,124.97000122070312,96505,0.0,0.0
2023-11-07 15:30:00-05:00,124.95999908447266,125.05999755859375,124.63999938964844,125.02999877929688,269480,0.0,0.0
2023-11-08 09:30:00-05:00,125.0,125.51000213623047,124.42500305175781,124.90499877929688,142379,0.0,0.0
2023-11-08 10:30:00-05:00,124.83000183105469,124.87000274658203,124.4000015258789,124.49500274658203,63170,0.0,0.0
2023-11-08 11:30:00-05:00,124.5,124.66000366210938,123.97000122070312,124.01499938964844,86713,0.0,0.0
2023-11-08 12:30:00-05:00,123.97000122070312,124.55000305175781,123.91999816894531,124.42500305175781,73277,0.0,0.0
2023-11-08 13:30:00-05:00,124.41000366210938,124.51439666748047,124.20999908447266,124.45999908447266,70320,0.0,0.0
2023-11-08 14:30:00-05:00,124.45500183105469,124.68000030517578,124.375,124.43499755859375,89996,0.0,0.0
2023-11-08 15:30:00-05:00,124.41999816894531,124.83999633789062,124.08000183105469,124.81500244140625,204813,0.0,0.0
2023-11-09 09:30:00-05:00,124.79000091552734,124.79000091552734,123.63999938964844,123.8499984741211,106151,0.0,0.0
2023-11-09 10:30:00-05:00,123.8499984741211,123.95500183105469,123.20999908447266,123.2699966430664,107131,0.0,0.0
2023-11-09 11:30:00-05:00,123.25499725341797,123.51000213623047,122.88999938964844,122.94999694824219,165099,0.0,0.0
2023-11-09 12:30:00-05:00,122.92440032958984,123.43000030517578,122.28199768066406,122.3499984741211,122456,0.0,0.0
2023-11-09 13:30:00-05:00,122.31999969482422,122.55999755859375,121.22000122070312,121.69999694824219,146071,0.0,0.0
2023-11-09 14:30:00-05:00,121.68000030517578,121.83999633789062,121.27999877929688,121.31500244140625,141512,0.0,0.0
2023-11-09 15:30:00-05:00,121.31500244140625,122.01000213623047,121.31500244140625,121.93000030517578,242661,0.0,0.0
2023-11-10 09:30:00-05:00,122.45999908447266,122.45999908447266,121.0,121.0,260309,0.0,0.0
2023-11-10 10:30:00-05:00,120.98999786376953,121.80999755859375,120.91999816894531,121.51000213623047,310305,0.0,0.0
2023-11-10 11:30:00-05:00,121.51499938964844,121.875,121.3499984741211,121.44999694824219,262603,0.0,0.0
2023-11-10 12:30:00-05:00,121.47000122070312,122.33000183105469,121.44999694824219,122.26000213623047,228386,0.0,0.0
2023-11-10 13:30:00-05:00,122.20320129394531,122.75,122.20320129394531,122.5999984741211,222741,0.0,0.0
2023-11-10 14:30:00-05:00,122.65499877929688,123.51000213623047,122.44000244140625,123.36000061035156,242787,0.0,0.0
2023-11-10 15:30:00-05:00,123.36000061035156,124.2699966430664,123.0,124.25,389849,0.0,0.0
2023-11-13 09:30:00-05:00,123.87000274658203,124.08999633789062,122.33000183105469,122.62000274658203,153298,0.0,0.0
2023-11-13 10:30:00-05:00,122.62000274658203,123.0,122.01000213623047,122.91999816894531,186951,0.0,0.0
2023-11-13 11:30:00-05:00,122.94499969482422,123.40499877929688,122.87000274658203,123.05999755859375,102897,0.0,0.0
2023-11-13 12:30:00-05:00,123.04000091552734,123.30000305175781,122.91000366210938,123.12999725341797,89166,0.0,0.0
2023-11-13 13:30:00-05:00,123.11000061035156,123.41999816894531,122.9000015258789,123.33000183105469,110654,0.0,0.0
2023-11-13 14:30:00-05:00,123.33999633789062,123.54000091552734,123.26170349121094,123.29000091552734,139328,0.0,0.0
2023-11-13 15:30:00-05:00,123.2699966430664,123.46499633789062,123.06999969482422,123.33999633789062,331919,0.0,0.0
2023-11-14 09:30:00-05:00,125.37999725341797,127.63999938964844,124.5,127.36000061035156,229719,0.0,0.0
2023-11-14 10:30:00-05:00,127.37999725341797,128.625,127.18000030517578,128.61000061035156,264326,0.0,0.0
2023-11-14 11:30:00-05:00,128.5500030517578,128.6199951171875,127.91000366210938,128.3000030517578,157484,0.0,0.0
2023-11-14 12:30:00-05:00,128.33999633789062,128.60000610351562,128.25,128.52499389648438,147690,0.0,0.0
2023-11-14 13:30:00-05:00,128.52999877929688,128.85000610351562,128.50999450683594,128.67999267578125,169604,0.0,0.0
2023-11-14 14:30:00-05:00,128.68499755859375,129.02999877929688,128.47999572753906,129.01499938964844,355578,0.0,0.0
2023-11-14 15:30:00-05:00,129.01499938964844,129.5399932861328,128.9199981689453,129.2100067138672,417528,0.0,0.0
2023-11-15 09:30:00-05:00,130.11000061035156,133.60000610351562,130.0,133.35499572753906,417145,0.0,0.0
2023-11-15 10:30:00-05:00,133.36000061035156,134.7825927734375,133.33999633789062,133.9550018310547,277175,0.0,0.0
2023-11-15 11:30:00-05:00,133.93499755859375,134.1199951171875,133.13999938964844,133.4250030517578,145127,0.0,0.0
2023-11-15 12:30:00-05:00,133.4499969482422,133.61000061035156,132.97999572753906,133.44000244140625,154538,0.0,0.0
2023-11-15 13:30:00-05:00,133.47000122070312,133.69500732421875,132.97500610351562,133.3000030517578,190760,0.0,0.0
2023-11-15 14:30:00-05:00,133.32870483398438,133.58999633789062,132.9949951171875,133.53500366210938,181689,0.0,0.0
2023-11-15 15:30:00-05:00,133.5500030517578,133.89999389648438,133.13999938964844,133.24000549316406,417295,0.0,0.0
2023-11-16 09:30:00-05:00,132.6999969482422,133.17999267578125,131.6199951171875,132.1750030517578,284780,0.0,0.0
2023-11-16 10:30:00-05:00,132.13499450683594,132.65499877929688,131.75,132.4199981689453,136587,0.0,0.0
2023-11-16 11:30:00-05:00,132.4199981689453,132.7899932861328,131.89930725097656,132.72500610351562,120994,0.0,0.0
2023-11-16 12:30:00-05:00,132.75999450683594,133.00999450683594,132.47999572753906,132.625,145527,0.0,0.0
2023-11-16 13:30:00-05:00,132.6199951171875,132.7100067138672,132.25,132.38999938964844,122530,0.0,0.0
2023-11-16 14:30:00-05:00,132.42999267578125,132.86000061035156,132.38499450683594,132.60499572753906,97270,0.0,0.0
2023-11-16 15:30:00-05:00,132.57000732421875,133.0,132.4199981689453,132.77000427246094,216896,0.0,0.0
2023-11-17 09:30:00-05:00,134.02999877929688,134.02999877929688,132.17930603027344,133.11000061035156,141700,0.0,0.0
2023-11-17 10:30:00-05:00,133.1343994140625,133.69000244140625,132.69000244140625,132.74000549316406,266122,0.0,0.0
2023-11-17 11:30:00-05:00,132.72999572753906,133.1123046875,132.5399932861328,132.75,73372,0.0,0.0
2023-11-17 12:30:00-05:00,132.7899932861328,133.1999969482422,132.75999450683594,133.0399932861328,74086,0.0,0.0
2023-11-17 13:30:00-05:00,133.05999755859375,133.2528076171875,133.04490661621094,133.0850067138672,78167,0.0,0.0
2023-11-17 14:30:00-05:00,133.10000610351562,133.22999572753906,132.83999633789062,132.99000549316406,90216,0.0,0.0
2023-11-17 15:30:00-05:00,133.0399932861328,133.19000244140625,132.68499755859375,133.19000244140625,227539,0.0,0.0
2023-11-20 09:30:00-05:00,132.82000732421875,134.38999938964844,132.75,134.33999633789062,171769,0.0,0.0
2023-11-20 10:30:00-05:00,134.35000610351562,135.05999755859375,134.27000427246094,134.5449981689453,188871,0.0,0.0
2023-11-20 11:30:00-05:00,134.58999633789062,134.89999389648438,134.451904296875,134.5500030517578,147852,0.0,0.0
2023-11-20 12:30:00-05:00,134.5800018310547,135.22000122070312,134.49000549316406,135.1999969482422,158235,0.0,0.0
2023-11-20 13:30:00-05:00,135.19500732421875,135.58999633789062,135.0500030517578,135.1699981689453,194402,0.0,0.0
2023-11-20 14:30:00-05:00,135.24000549316406,135.55999755859375,135.2100067138672,135.52999877929688,209584,0.0,0.0
2023-11-20 15:30:00-05:00,135.52999877929688,135.58999633789062,134.91000366210938,134.9499969482422,436094,0.0,0.0
2023-11-21 09:30:00-05:00,137.52999877929688,138.5,134.9199981689453,136.44000244140625,695533,0.0,0.0
2023-11-21 10:30:00-05:00,136.3699951171875,136.67999267578125,134.60000610351562,134.6300048828125,498651,0.0,0.0
2023-11-21 11:30:00-05:00,134.66000366210938,135.0399932861328,134.16000366210938,134.88999938964844,211320,0.0,0.0
2023-11-21 12:30:00-05:00,134.875,135.0,134.14999389648438,134.2010040283203,141601,0.0,0.0
2023-11-21 13:30:00-05:00,134.2899932861328,134.44500732421875,133.52999877929688,133.6300048828125,181448,0.0,0.0
2023-11-21 14:30:00-05:00,133.6699981689453,134.38499450683594,133.5399932861328,134.3699951171875,237964,0.0,0.0
2023-11-21 15:30:00-05:00,134.39999389648438,134.72999572753906,134.07000732421875,134.57000732421875,343203,0.0,0.0
2023-11-22 09:30:00-05:00,135.22999572753906,136.74000549316406,135.16000366210938,136.66000366210938,198119,0.0,0.0
2023-11-22 10:30:00-05:00,136.61500549316406,136.97000122070312,136.45660400390625,136.85000610351562,186488,0.0,0.0
2023-11-22 11:30:00-05:00,136.84500122070312,137.0449981689453,136.32000732421875,136.4842071533203,186971,0.0,0.0
2023-11-22 12:30:00-05:00,136.42999267578125,136.57000732421875,136.11000061035156,136.31500244140625,178831,0.0,0.0
2023-11-22 13:30:00-05:00,136.35000610351562,136.35000610351562,135.94500732421875,136.0399932861328,190322,0.0,0.0
2023-11-22 14:30:00-05:00,136.05999755859375,136.05999755859375,135.4499969482422,136.0,234517,0.0,0.0
2023-11-22 15:30:00-05:00,136.00999450683594,136.0500030517578,135.52999877929688,135.72000122070312,343121,0.0,0.0
2023-11-24 09:30:00-05:00,135.60000610351562,136.17999267578125,134.85000610351562,136.05499267578125,132828,0.0,0.0
2023-11-24 10:30:00-05:00,136.02000427246094,136.1199951171875,135.69000244140625,135.77999877929688,99081,0.0,0.0
2023-11-24 11:30:00-05:00,135.75,135.92999267578125,135.63999938964844,135.6999969482422,74668,0.0,0.0
2023-11-27 09:30:00-05:00,134.89999389648438,136.25999450683594,134.7449951171875,136.1999969482422,136265,0.0,0.0
2023-11-27 10:30:00-05:00,136.2100067138672,136.35000610351562,135.8800048828125,136.19500732421875,96806,0.0,0.0
2023-11-27 11:30:00-05:00,136.1699981689453,136.77000427246094,136.10000610351562,136.69000244140625,109027,0.0,0.0
2023-11-27 12:30:00-05:00,136.69000244140625,136.99000549316406,136.50999450683594,136.63999938964844,111675,0.0,0.0
2023-11-27 13:30:00-05:00,136.6116943359375,136.69500732421875,136.1999969482422,136.2949981689453,100839,0.0,0.0
2023-11-27 14:30:00-05:00,136.2949981689453,136.36500549316406,135.89999389648438,136.3300018310547,135501,0.0,0.0
2023-11-27 15:30:00-05:00,136.33999633789062,136.61000061035156,136.18499755859375,136.35000610351562,363257,0.0,0.0
2023-11-28 09:30:00-05:00,135.9600067138672,137.27000427246094,135.85000610351562,137.07000732421875,154934,0.0,0.0
2023-11-28 10:30:00-05:00,137.0574951171875,137.7899932861328,137.0574951171875,137.6699981689453,127881,0.0,0.0
2023-11-28 11:30:00-05:00,137.63999938964844,138.17999267578125,137.38999938964844,137.47000122070312,158026,0.0,0.0
2023-11-28 12:30:00-05:00,137.47000122070312,137.5500030517578,136.6300048828125,136.7949981689453,95833,0.0,0.0
2023-11-28 13:30:00-05:00,136.7899932861328,137.22000122070312,136.72999572753906,137.1649932861328,145759,0.0,0.0
2023-11-28 14:30:00-05:00,137.1649932861328,137.47999572753906,136.94500732421875,137.02000427246094,223202,0.0,0.0
2023-11-28 15:30:00-05:00,137.02999877929688,137.0500030517578,136.1999969482422,136.27999877929688,265288,0.0,0.0
2023-11-29 09:30:00-05:00,137.60000610351562,138.61000061035156,137.3249969482422,138.39999389648438,152771,0.0,0.0
2023-11-29 10:30:00-05:00,138.39999389648438,139.22000122070312,137.80999755859375,137.82000732421875,191085,0.0,0.0
2023-11-29 11:30:00-05:00,137.86000061035156,138.38499450683594,137.81500244140625,138.38499450683594,89402,0.0,0.0
2023-11-29 12:30:00-05:00,138.3699951171875,138.4600067138672,137.9199981689453,138.1190948486328,70847,0.0,0.0
2023-11-29 13:30:00-05:00,138.08999633789062,138.4199981689453,137.9499969482422,138.18499755859375,92630,0.0,0.0
2023-11-29 14:30:00-05:00,138.1699981689453,138.19000244140625,137.6300048828125,137.77499389648438,132928,0.0,0.0
2023-11-29 15:30:00-05:00,137.77999877929688,138.0500030517578,137.61000061035156,137.8699951171875,315028,0.0,0.0
2023-11-30 09:30:00-05:00,138.3699951171875,138.77999877929688,136.7899932861328,136.89999389648438,346913,0.0,0.0
2023-11-30 10:30:00-05:00,136.89999389648438,137.0800018310547,136.08999633789062,136.57000732421875,79877,0.0,0.0
2023-11-30 11:30:00-05:00,136.5399932861328,136.66000366210938,136.17999267578125,136.25999450683594,102746,0.0,0.0
2023-11-30 12:30:00-05:00,136.25999450683594,136.3699951171875,135.8699951171875,135.9499969482422,93036,0.0,0.0
2023-11-30 13:30:00-05:00,136.00999450683594,136.8800048828125,135.9199981689453,136.6699981689453,119963,0.0,0.0
2023-11-30 14:30:00-05:00,136.6999969482422,136.8800048828125,136.05999755859375,136.11500549316406,227190,0.0,0.0
2023-11-30 15:30:00-05:00,136.10000610351562,136.25,135.7100067138672,135.8800048828125,608077,0.0,0.0
2023-12-01 09:30:00-05:00,135.7100067138672,136.60000610351562,135.1199951171875,136.2100067138672,119369,0.0,0.0
2023-12-01 10:30:00-05:00,136.1300048828125,137.16000366210938,136.1199951171875,137.02999877929688,215173,0.0,0.0
2023-12-01 11:30:00-05:00,136.97000122070312,137.66000366210938,136.80999755859375,137.59500122070312,90324,0.0,0.0
2023-12-01 12:30:00-05:00,137.57000732421875,137.7899932861328,137.44000244140625,137.77000427246094,91956,0.0,0.0
2023-12-01 13:30:00-05:00,137.8000030517578,137.80999755859375,137.41000366210938,137.5,99013,0.0,0.0
2023-12-01 14:30:00-05:00,137.5050048828125,138.02000427246094,137.35000610351562,138.02000427246094,111107,0.0,0.0
2023-12-01 15:30:00-05:00,138.0,138.02999877929688,137.64999389648438,137.8800048828125,209834,0.0,0.0
2023-12-04 09:30:00-05:00,136.99000549316406,138.58999633789062,136.65499877929688,137.11000061035156,120626,0.0,0.0
2023-12-04 10:30:00-05:00,137.10499572753906,137.30999755859375,136.3699951171875,137.05999755859375,145429,0.0,0.0
2023-12-04 11:30:00-05:00,137.05999755859375,137.40499877929688,136.91000366210938,137.10000610351562,101702,0.0,0.0
2023-12-04 12:30:00-05:00,137.1300048828125,137.6199951171875,136.9199981689453,137.0399932861328,79520,0.0,0.0
2023-12-04 13:30:00-05:00,137.00999450683594,137.38999938964844,137.00999450683594,137.3000030517578,104007,0.0,0.0
2023-12-04 14:30:00-05:00,137.3000030517578,137.92999267578125,137.2899932861328,137.5500030517578,172615,0.0,0.0
2023-12-04 15:30:00-05:00,137.5800018310547,138.1699981689453,137.41000366210938,138.14999389648438,277627,0.0,0.0
2023-12-05 09:30:00-05:00,137.77999877929688,138.89999389648438,137.25,138.89999389648438,203337,0.0,0.0
2023-12-05 10:30:00-05:00,138.85000610351562,138.92999267578125,138.24000549316406,138.52999877929688,266765,0.0,0.0
2023-12-05 11:30:00-05:00,138.5399932861328,138.75999450683594,138.1699981689453,138.47000122070312,186203,0.0,0.0
2023-12-05 12:30:00-05:00,138.4600067138672,138.5399932861328,137.8000030517578,138.36500549316406,163422,0.0,0.0
2023-12-05 13:30:00-05:00,138.36500549316406,138.4499969482422,137.97500610351562,138.17999267578125,208055,0.0,0.0
2023-12-05 14:30:00-05:00,138.1999969482422,138.4499969482422,137.97000122070312,138.35499572753906,172031,0.0,0.0
2023-12-05 15:30:00-05:00,138.33999633789062,138.35000610351562,138.09500122070312,138.24000549316406,276394,0.0,0.0
2023-12-06 09:30:00-05:00,139.0,141.0,138.50999450683594,140.52999877929688,220359,0.0,0.0
2023-12-06 10:30:00-05:00,140.52000427246094,141.48500061035156,140.5050048828125,141.19000244140625,311979,0.0,0.0
2023-12-06 11:30:00-05:00,141.2100067138672,142.05999755859375,140.89999389648438,141.8000030517578,318476,0.0,0.0
2023-12-06 12:30:00-05:00,141.8300018310547,141.8300018310547,140.9499969482422,141.42999267578125,131292,0.0,0.0
2023-12-06 13:30:00-05:00,141.44000244140625,141.44000244140625,141.0850067138672,141.1300048828125,117521,0.0,0.0
2023-12-06 14:30:00-05:00,141.1300048828125,141.5800018310547,140.57000732421875,140.7949981689453,216816,0.0,0.0
2023-12-06 15:30:00-05:00,140.7949981689453,141.1300048828125,140.6699981689453,141.11000061035156,575051,0.0,0.0
2023-12-07 09:30:00-05:00,141.89999389648438,143.25,141.24000549316406,143.1300048828125,246463,0.0,0.0
2023-12-07 10:30:00-05:00,143.1300048828125,143.2299041748047,141.8300018310547,142.3000030517578,204995,0.0,0.0
2023-12-07 11:30:00-05:00,142.3300018310547,142.69000244140625,142.22999572753906,142.3300018310547,164019,0.0,0.0
2023-12-07 12:30:00-05:00,142.35000610351562,142.57000732421875,142.1999969482422,142.3000030517578,158251,0.0,0.0
2023-12-07 13:30:00-05:00,142.30999755859375,143.02999877929688,142.22000122070312,142.7100067138672,138117,0.0,0.0
2023-12-07 14:30:00-05:00,142.72999572753906,142.7899932861328,142.3300018310547,142.33200073242188,235936,0.0,0.0
2023-12-07 15:30:00-05:00,142.36000061035156,142.44000244140625,141.68499755859375,141.88999938964844,381786,0.0,0.0
2023-12-08 09:30:00-05:00,142.17999267578125,144.08999633789062,142.0500030517578,144.0500030517578,133139,0.0,0.0
2023-12-08 10:30:00-05:00,144.10000610351562,144.2899932861328,143.52000427246094,143.77000427246094,199642,0.0,0.0
2023-12-08 11:30:00-05:00,143.8300018310547,144.02000427246094,143.3300018310547,143.7100067138672,167775,0.0,0.0
2023-12-08 12:30:00-05:00,143.7100067138672,144.25999450683594,143.5500030517578,144.16000366210938,183856,0.0,0.0
2023-12-08 13:30:00-05:00,144.14999389648438,144.4949951171875,144.0,144.2563018798828,159080,0.0,0.0
2023-12-08 14:30:00-05:00,144.30999755859375,144.72999572753906,144.05999755859375,144.58999633789062,181884,0.0,0.0
2023-12-08 15:30:00-05:00,144.5800018310547,144.9199981689453,144.2899932861328,144.32000732421875,401599,0.0,0.0
2023-12-11 09:30:00-05:00,145.0,146.90499877929688,144.72000122070312,146.6300048828125,324717,0.0,0.0
2023-12-11 10:30:00-05:00,146.60000610351562,146.77499389648438,146.1699981689453,146.33999633789062,263283,0.0,0.0
2023-12-11 11:30:00-05:00,146.3000030517578,146.60000610351562,146.19000244140625,146.3300018310547,217551,0.0,0.0
2023-12-11 12:30:00-05:00,146.3249969482422,146.66619873046875,146.21499633789062,146.66619873046875,191936,0.0,0.0
2023-12-11 13:30:00-05:00,146.6699981689453,147.3000030517578,146.66000366210938,147.14649963378906,194068,0.0,0.0
2023-12-11 14:30:00-05:00,147.16090393066406,147.22000122070312,146.80999755859375,146.9344940185547,297276,0.0,0.0
2023-12-11 15:30:00-05:00,146.9600067138672,147.35000610351562,146.9600067138672,147.16000366210938,365651,0.0,0.0
2023-12-12 09:30:00-05:00,147.14999389648438,148.24000549316406,146.4600067138672,147.5800018310547,233637,0.0,0.0
2023-12-12 10:30:00-05:00,147.50999450683594,148.2050018310547,147.50999450683594,148.05499267578125,115972,0.0,0.0
2023-12-12 11:30:00-05:00,148.06500244140625,148.38999938964844,147.68499755859375,148.30499267578125,102135,0.0,0.0
2023-12-12 12:30:00-05:00,148.31500244140625,148.89999389648438,148.31500244140625,148.8699951171875,112174,0.0,0.0
2023-12-12 13:30:00-05:00,148.8800048828125,149.31500244140625,148.78500366210938,148.88499450683594,226646,0.0,0.0
2023-12-12 14:30:00-05:00,148.88499450683594,149.80499267578125,148.88499450683594,149.74000549316406,186661,0.0,0.0
2023-12-12 15:30:00-05:00,149.75,149.9199981689453,149.25999450683594,149.36000061035156,385174,0.0,0.0
2023-12-13 09:30:00-05:00,149.4600067138672,150.3800048828125,149.0,149.6300048828125,257304,0.0,0.0
2023-12-13 10:30:00-05:00,149.6300048828125,149.80499267578125,149.33999633789062,149.5,184002,0.0,0.0
2023-12-13 11:30:00-05:00,149.50999450683594,149.61000061035156,148.8350067138672,149.1300048828125,129926,0.0,0.0
2023-12-13 12:30:00-05:00,149.13499450683594,149.44000244140625,148.75999450683594,149.2899932861328,199311,0.0,0.0
2023-12-13 13:30:00-05:00,149.2899932861328,151.52999877929688,149.05999755859375,151.50999450683594,251271,0.0,0.0
2023-12-13 14:30:00-05:00,151.52000427246094,153.07000732421875,151.23060607910156,152.05499267578125,245743,0.0,0.0
2023-12-13 15:30:00-05:00,152.02999877929688,152.55999755859375,151.92999267578125,152.30999755859375,425623,0.0,0.0
2023-12-14 09:30:00-05:00,153.6300048828125,156.30999755859375,153.5,156.1750030517578,396738,0.0,0.0
2023-12-14 10:30:00-05:00,156.22999572753906,157.22999572753906,155.86000061035156,157.1750030517578,367643,0.0,0.0
2023-12-14 11:30:00-05:00,157.1999969482422,158.6300048828125,156.77999877929688,158.2899932861328,460384,0.0,0.0
2023-12-14 12:30:00-05:00,158.27000427246094,158.52000427246094,157.13999938964844,157.61000061035156,303675,0.0,0.0
2023-12-14 13:30:00-05:00,157.61000061035156,158.7899932861328,157.375,158.77000427246094,215067,0.0,0.0
2023-12-14 14:30:00-05:00,158.74000549316406,158.9600067138672,158.19000244140625,158.9499969482422,263603,0.0,0.0
2023-12-14 15:30:00-05:00,158.9600067138672,159.08999633789062,158.50999450683594,158.6300048828125,467287,0.0,0.0
2023-12-15 09:30:00-05:00,158.32000732421875,159.125,156.2100067138672,158.55999755859375,574141,0.0,0.0
2023-12-15 10:30:00-05:00,158.5050048828125,159.77999877929688,158.4149932861328,159.1999969482422,268247,0.0,0.0
2023-12-15 11:30:00-05:00,159.1750030517578,159.4149932861328,158.74000549316406,159.25999450683594,185138,0.0,0.0
2023-12-15 12:30:00-05:00,159.22999572753906,159.9199981689453,159.0800018310547,159.7100067138672,187006,0.0,0.0
2023-12-15 13:30:00-05:00,159.7100067138672,159.89999389648438,158.5800018310547,158.5800018310547,248462,0.0,0.0
2023-12-15 14:30:00-05:00,158.56500244140625,158.94500732421875,158.32000732421875,158.94000244140625,184702,0.0,0.0
2023-12-15 15:30:00-05:00,158.9600067138672,159.3000030517578,158.52999877929688,158.52999877929688,459420,0.0,0.0
2023-12-18 09:30:00-05:00,158.6199951171875,158.88999938964844,157.0449981689453,157.35000610351562,283867,0.0,0.0
2023-12-18 10:30:00-05:00,157.35000610351562,157.6699981689453,156.97000122070312,157.60000610351562,180067,0.0,0.0
2023-12-18 11:30:00-05:00,157.63999938964844,158.19000244140625,157.4199981689453,158.0800018310547,123978,0.0,0.0
2023-12-18 12:30:00-05:00,158.07000732421875,158.55999755859375,158.02999877929688,158.2799072265625,85148,0.0,0.0
2023-12-18 13:30:00-05:00,158.2899932861328,158.8800048828125,158.1199951171875,158.6999969482422,179096,0.0,0.0
2023-12-18 14:30:00-05:00,158.69000244140625,158.8800048828125,158.38499450683594,158.43499755859375,113502,0.0,0.0
2023-12-18 15:30:00-05:00,158.39999389648438,158.77000427246094,158.2550048828125,158.75999450683594,239730,0.0,0.0
2023-12-19 09:30:00-05:00,159.1999969482422,159.72000122070312,158.90499877929688,159.0399932861328,152524,0.0,0.0
2023-12-19 10:30:00-05:00,159.0,159.39999389648438,158.91000366210938,159.2519989013672,97862,0.0,0.0
2023-12-19 11:30:00-05:00,159.2899932861328,159.2899932861328,158.5500030517578,158.85000610351562,90627,0.0,0.0
2023-12-19 12:30:00-05:00,158.8000030517578,159.11000061035156,158.35000610351562,158.88999938964844,107773,0.0,0.0
2023-12-19 13:30:00-05:00,158.89199829101562,158.91000366210938,158.35000610351562,158.7899932861328,61975,0.0,0.0
2023-12-19 14:30:00-05:00,158.81500244140625,159.2100067138672,158.63499450683594,159.2100067138672,119716,0.0,0.0
2023-12-19 15:30:00-05:00,159.19000244140625,159.32000732421875,158.9600067138672,159.11000061035156,236746,0.0,0.0
2023-12-20 09:30:00-05:00,159.11000061035156,159.14999389648438,158.07000732421875,158.42999267578125,137345,0.0,0.0
2023-12-20 10:30:00-05:00,158.48500061035156,159.33999633789062,158.48500061035156,159.27999877929688,109598,0.0,0.0
2023-12-20 11:30:00-05:00,159.28500366210938,160.1968994140625,159.10000610351562,159.7169952392578,130953,0.0,0.0
2023-12-20 12:30:00-05:00,159.6999969482422,159.80999755859375,159.47000122070312,159.52000427246094,93946,0.0,0.0
2023-12-20 13:30:00-05:00,159.52000427246094,159.6699981689453,159.06500244140625,159.06500244140625,89573,0.0,0.0
2023-12-20 14:30:00-05:00,159.10000610351562,159.1699981689453,156.94000244140625,157.19000244140625,233403,0.0,0.0
2023-12-20 15:30:00-05:00,157.19000244140625,157.60499572753906,156.61000061035156,156.6300048828125,400936,0.0,0.0
2023-12-21 09:30:00-05:00,157.91000366210938,159.4149932861328,157.89999389648438,158.66000366210938,136663,0.0,0.0
2023-12-21 10:30:00-05:00,158.6649932861328,159.00999450683594,158.0800018310547,159.00999450683594,134015,0.0,0.0
2023-12-21 11:30:00-05:00,158.96499633789062,159.3000030517578,158.02000427246094,158.02000427246094,72450,0.0,0.0
2023-12-21 12:30:00-05:00,158.0800018310547,158.39999389648438,157.3800048828125,157.66360473632812,78725,0.0,0.0
2023-12-21 13:30:00-05:00,157.7449951171875,158.1699981689453,157.625,157.91250610351562,66020,0.0,0.0
2023-12-21 14:30:00-05:00,157.88999938964844,158.57119750976562,157.6699981689453,158.5449981689453,70565,0.0,0.0
2023-12-21 15:30:00-05:00,158.5605010986328,159.02999877929688,158.35000610351562,158.7899932861328,197485,0.0,0.0
2023-12-22 09:30:00-05:00,159.8800048828125,159.97000122070312,159.13999938964844,159.83999633789062,61499,0.0,0.0
2023-12-22 10:30:00-05:00,159.8000030517578,160.21499633789062,158.99000549316406,159.4199981689453,88571,0.0,0.0
2023-12-22 11:30:00-05:00,159.4250030517578,159.5800018310547,158.94000244140625,159.31500244140625,61923,0.0,0.0
2023-12-22 12:30:00-05:00,159.3300018310547,159.47000122070312,159.11000061035156,159.19000244140625,41844,0.0,0.0
2023-12-22 13:30:00-05:00,159.14999389648438,159.14999389648438,158.30999755859375,158.51499938964844,73654,0.0,0.0
2023-12-22 14:30:00-05:00,158.44000244140625,159.4199981689453,158.27000427246094,159.24000549316406,69695,0.0,0.0
2023-12-22 15:30:00-05:00,159.27499389648438,159.2949981689453,158.76499938964844,159.1999969482422,114216,0.0,0.0
2023-12-26 09:30:00-05:00,159.32000732421875,159.9199981689453,159.32000732421875,159.4499969482422,43144,0.0,0.0
2023-12-26 10:30:00-05:00,159.4499969482422,159.71499633789062,159.10000610351562,159.5399932861328,56581,0.0,0.0
2023-12-26 11:30:00-05:00,159.5399932861328,159.6199951171875,159.25999450683594,159.5399932861328,46217,0.0,0.0
2023-12-26 12:30:00-05:00,159.51499938964844,159.97000122070312,159.44000244140625,159.8800048828125,42896,0.0,0.0
2023-12-26 13:30:00-05:00,159.89999389648438,160.27999877929688,159.84500122070312,160.1999969482422,43065,0.0,0.0
2023-12-26 14:30:00-05:00,160.1999969482422,160.6060028076172,160.02000427246094,160.52999877929688,58773,0.0,0.0
2023-12-26 15:30:00-05:00,160.57000732421875,160.5800018310547,159.99000549316406,160.02000427246094,103951,0.0,0.0
2023-12-27 09:30:00-05:00,159.82000732421875,160.9499969482422,159.05999755859375,160.6999969482422,93308,0.0,0.0
2023-12-27 10:30:00-05:00,160.6999969482422,160.6999969482422,160.1699981689453,160.6199951171875,53052,0.0,0.0
2023-12-27 11:30:00-05:00,160.66000366210938,160.8300018310547,160.5399932861328,160.68499755859375,47587,0.0,0.0
2023-12-27 12:30:00-05:00,160.64999389648438,160.797607421875,160.33999633789062,160.4199981689453,52999,0.0,0.0
2023-12-27 13:30:00-05:00,160.44000244140625,160.6199951171875,159.9499969482422,160.21499633789062,68601,0.0,0.0
2023-12-27 14:30:00-05:00,160.22000122070312,160.4199981689453,160.0,160.25,56385,0.0,0.0
2023-12-27 15:30:00-05:00,160.22999572753906,160.41000366210938,159.99000549316406,160.39999389648438,93977,0.0,0.0
2023-12-28 09:30:00-05:00,160.5800018310547,160.72999572753906,159.97999572753906,160.4550018310547,51084,0.0,0.0
2023-12-28 10:30:00-05:00,160.4600067138672,160.5500030517578,159.67999267578125,159.85000610351562,63221,0.0,0.0
2023-12-28 11:30:00-05:00,159.86500549316406,160.00999450683594,159.7209930419922,159.8000030517578,43394,0.0,0.0
2023-12-28 12:30:00-05:00,159.82000732421875,159.89999389648438,159.47999572753906,159.64999389648438,57227,0.0,0.0
2023-12-28 13:30:00-05:00,159.6699981689453,160.07000732421875,159.62330627441406,160.0,45805,0.0,0.0
2023-12-28 14:30:00-05:00,160.05999755859375,160.1199951171875,159.80999755859375,160.07000732421875,54702,0.0,0.0
2023-12-28 15:30:00-05:00,160.10000610351562,160.22000122070312,159.77999877929688,159.9600067138672,127795,0.0,0.0
2023-12-29 09:30:00-05:00,159.4499969482422,160.3699951171875,158.9801025390625,159.6699981689453,72863,0.0,0.0
2023-12-29 10:30:00-05:00,159.75,159.75900268554688,158.60000610351562,158.80999755859375,73058,0.0,0.0
2023-12-29 11:30:00-05:00,158.82000732421875,159.0500030517578,158.6199951171875,158.75,49302,0.0,0.0
2023-12-29 12:30:00-05:00,158.75,159.0399932861328,158.60000610351562,158.77999877929688,80835,0.0,0.0
2023-12-29 13:30:00-05:00,158.7899932861328,159.27999877929688,158.75999450683594,159.0500030517578,72721,0.0,0.0
2023-12-29 14:30:00-05:00,159.08999633789062,159.3350067138672,158.9199981689453,159.156005859375,84311,0.0,0.0
2023-12-29 15:30:00-05:00,159.13999938964844,159.22999572753906,158.72999572753906,159.14999389648438,138917,0.0,0.0
2024-01-02 09:30:00-05:00,157.39999389648438,157.39999389648438,155.0800018310547,155.4250030517578,174659,0.0,0.0
2024-01-02 10:30:00-05:00,155.30999755859375,155.97000122070312,155.1199951171875,155.59500122070312,106992,0.0,0.0
2024-01-02 11:30:00-05:00,155.6300048828125,156.64999389648438,155.43499755859375,156.5399932861328,127918,0.0,0.0
2024-01-02 12:30:00-05:00,156.61000061035156,156.97999572753906,156.24000549316406,156.52999877929688,59189,0.0,0.0
2024-01-02 13:30:00-05:00,156.47999572753906,156.60000610351562,155.91000366210938,156.0500030517578,70818,0.0,0.0
2024-01-02 14:30:00-05:00,156.0800018310547,156.16000366210938,155.0500030517578,155.27000427246094,126632,0.0,0.0
2024-01-02 15:30:00-05:00,155.24000549316406,155.75,154.92999267578125,155.55999755859375,196801,0.0,0.0
2024-01-03 09:30:00-05:00,154.00999450683594,154.0850067138672,152.02999877929688,152.35000610351562,95169,0.0,0.0
2024-01-03 10:30:00-05:00,152.33999633789062,152.9199981689453,151.71229553222656,152.39999389648438,80420,0.0,0.0
2024-01-03 11:30:00-05:00,152.4499969482422,152.80999755859375,151.97999572753906,152.7899932861328,91023,0.0,0.0
2024-01-03 12:30:00-05:00,152.7899932861328,152.92999267578125,152.5,152.64999389648438,61681,0.0,0.0
2024-01-03 13:30:00-05:00,152.6199951171875,152.76499938964844,151.8699951171875,152.52999877929688,63442,0.0,0.0
2024-01-03 14:30:00-05:00,152.57000732421875,152.62750244140625,150.6999969482422,150.8699951171875,103221,0.0,0.0
2024-01-03 15:30:00-05:00,150.8300018310547,151.30999755859375,150.6300048828125,150.63999938964844,209770,0.0,0.0
2024-01-04 09:30:00-05:00,149.52000427246094,150.32000732421875,148.9550018310547,150.0399932861328,104088,0.0,0.0
2024-01-04 10:30:00-05:00,150.0800018310547,150.38499450683594,149.64999389648438,150.1750030517578,90933,0.0,0.0
2024-01-04 11:30:00-05:00,150.13999938964844,150.57000732421875,149.88999938964844,150.53799438476562,115015,0.0,0.0
2024-01-04 12:30:00-05:00,150.3800048828125,150.47999572753906,149.88999938964844,150.32000732421875,91245,0.0,0.0
2024-01-04 13:30:00-05:00,150.36000061035156,150.44000244140625,149.64500427246094,149.69000244140625,83515,0.0,0.0
2024-01-04 14:30:00-05:00,149.61000061035156,149.9600067138672,149.2899932861328,149.8350067138672,115063,0.0,0.0
2024-01-04 15:30:00-05:00,149.82000732421875,149.88999938964844,149.38499450683594,149.6300048828125,182543,0.0,0.0
2024-01-05 09:30:00-05:00,148.60000610351562,150.18499755859375,148.5749969482422,149.47000122070312,96918,0.0,0.0
2024-01-05 10:30:00-05:00,149.53500366210938,149.8249969482422,148.97000122070312,148.97000122070312,60192,0.0,0.0
2024-01-05 11:30:00-05:00,149.02499389648438,149.3699951171875,148.47999572753906,148.47999572753906,71830,0.0,0.0
2024-01-05 12:30:00-05:00,148.55499267578125,148.66000366210938,148.19000244140625,148.53500366210938,73496,0.0,0.0
2024-01-05 13:30:00-05:00,148.63999938964844,149.55999755859375,148.5800018310547,149.1300048828125,47984,0.0,0.0
2024-01-05 14:30:00-05:00,149.11000061035156,149.17999267578125,148.64999389648438,148.94500732421875,71559,0.0,0.0
2024-01-05 15:30:00-05:00,148.9499969482422,149.1999969482422,148.8300018310547,148.9600067138672,127332,0.0,0.0
2024-01-08 09:30:00-05:00,149.86000061035156,152.4600067138672,149.1649932861328,151.86500549316406,123211,0.0,0.0
2024-01-08 10:30:00-05:00,151.9597930908203,152.2899932861328,151.6999969482422,151.83999633789062,56047,0.0,0.0
2024-01-08 11:30:00-05:00,151.85000610351562,152.7100067138672,151.82000732421875,152.19239807128906,66671,0.0,0.0
2024-01-08 12:30:00-05:00,152.27999877929688,152.75999450683594,152.27999877929688,152.72000122070312,43359,0.0,0.0
2024-01-08 13:30:00-05:00,152.69000244140625,152.76300048828125,152.4499969482422,152.75999450683594,56273,0.0,0.0
2024-01-08 14:30:00-05:00,152.7899932861328,153.1199951171875,152.7100067138672,152.82000732421875,70562,0.0,0.0
2024-01-08 15:30:00-05:00,152.8699951171875,153.25999450683594,152.80999755859375,153.00999450683594,178005,0.0,0.0
2024-01-09 09:30:00-05:00,151.41000366210938,152.5,151.0800018310547,152.27000427246094,67940,0.0,0.0
2024-01-09 10:30:00-05:00,152.27000427246094,152.36000061035156,151.83999633789062,152.0399932861328,61296,0.0,0.0
2024-01-09 11:30:00-05:00,152.0749969482422,152.5,151.89999389648438,152.5,112118,0.0,0.0
2024-01-09 12:30:00-05:00,152.4949951171875,152.52000427246094,151.83999633789062,151.97999572753906,81604,0.0,0.0
2024-01-09 13:30:00-05:00,151.77000427246094,152.10000610351562,151.3000030517578,151.38999938964844,54571,0.0,0.0
2024-01-09 14:30:00-05:00,151.38999938964844,151.72000122070312,151.08999633789062,151.4499969482422,103361,0.0,0.0
2024-01-09 15:30:00-05:00,151.47999572753906,151.49000549316406,150.92999267578125,151.3800048828125,137634,0.0,0.0
2024-01-10 09:30:00-05:00,152.0,152.52000427246094,151.4600067138672,152.07000732421875,155025,0.0,0.0
2024-01-10 10:30:00-05:00,152.13999938964844,153.16990661621094,152.08999633789062,153.00999450683594,135467,0.0,0.0
2024-01-10 11:30:00-05:00,153.02499389648438,153.64999389648438,152.9801025390625,153.64999389648438,102582,0.0,0.0
2024-01-10 12:30:00-05:00,153.5399932861328,153.74000549316406,152.98500061035156,153.08999633789062,63132,0.0,0.0
2024-01-10 13:30:00-05:00,153.00999450683594,153.33999633789062,152.85000610351562,153.25999450683594,49767,0.0,0.0
2024-01-10 14:30:00-05:00,153.3000030517578,153.57000732421875,152.88999938964844,153.02999877929688,59424,0.0,0.0
2024-01-10 15:30:00-05:00,152.99000549316406,153.1649932861328,152.86000061035156,153.00999450683594,211287,0.0,0.0
2024-01-11 09:30:00-05:00,153.99000549316406,153.99000549316406,151.65499877929688,151.92999267578125,157995,0.0,0.0
2024-01-11 10:30:00-05:00,151.93499755859375,152.51499938964844,151.1199951171875,151.35000610351562,105870,0.0,0.0
2024-01-11 11:30:00-05:00,151.1199951171875,151.59500122070312,150.38999938964844,151.46400451660156,107648,0.0,0.0
2024-01-11 12:30:00-05:00,151.47500610351562,151.92999267578125,151.36000061035156,151.8000030517578,91090,0.0,0.0
2024-01-11 13:30:00-05:00,151.76499938964844,152.05999755859375,151.3300018310547,151.94000244140625,123378,0.0,0.0
2024-01-11 14:30:00-05:00,152.10000610351562,152.25999450683594,151.4600067138672,152.02000427246094,105801,0.0,0.0
2024-01-11 15:30:00-05:00,152.1300048828125,152.4600067138672,151.8800048828125,152.08999633789062,196111,0.0,0.0
2024-01-12 09:30:00-05:00,152.77999877929688,153.27999877929688,151.8800048828125,152.1300048828125,49013,0.0,0.0
2024-01-12 10:30:00-05:00,152.22000122070312,152.63999938964844,151.7100067138672,152.11500549316406,76841,0.0,0.0
2024-01-12 11:30:00-05:00,152.10000610351562,152.2899932861328,151.4600067138672,152.0800018310547,89327,0.0,0.0
2024-01-12 12:30:00-05:00,152.05999755859375,152.16000366210938,151.89500427246094,152.0449981689453,43206,0.0,0.0
2024-01-12 13:30:00-05:00,152.10800170898438,152.31500244140625,151.97999572753906,152.03500366210938,36925,0.0,0.0
2024-01-12 14:30:00-05:00,152.0,152.0850067138672,151.83999633789062,151.97999572753906,92048,0.0,0.0
2024-01-12 15:30:00-05:00,151.97500610351562,152.07000732421875,151.85000610351562,151.92999267578125,201436,0.0,0.0
2024-01-16 09:30:00-05:00,150.75999450683594,151.14999389648438,150.0,150.92999267578125,110206,0.0,0.0
2024-01-16 10:30:00-05:00,150.94000244140625,151.38999938964844,150.58999633789062,150.8800048828125,66683,0.0,0.0
2024-01-16 11:30:00-05:00,150.9199981689453,151.07000732421875,150.33999633789062,150.33999633789062,119014,0.0,0.0
2024-01-16 12:30:00-05:00,150.375,151.11000061035156,150.25999450683594,150.94000244140625,96452,0.0,0.0
2024-01-16 13:30:00-05:00,150.99000549316406,151.0749969482422,150.42999267578125,150.60000610351562,130008,0.0,0.0
2024-01-16 14:30:00-05:00,150.60000610351562,150.8699951171875,150.3800048828125,150.63999938964844,99492,0.0,0.0
2024-01-16 15:30:00-05:00,150.6699981689453,150.7899932861328,150.5048065185547,150.6999969482422,209723,0.0,0.0
2024-01-17 09:30:00-05:00,149.5,150.3800048828125,148.5399932861328,149.6199951171875,207036,0.0,0.0
2024-01-17 10:30:00-05:00,149.5800018310547,149.83999633789062,149.27000427246094,149.55499267578125,85088,0.0,0.0
2024-01-17 11:30:00-05:00,149.52999877929688,149.7449951171875,149.25,149.52000427246094,95989,0.0,0.0
2024-01-17 12:30:00-05:00,149.5,149.60000610351562,149.0500030517578,149.13999938964844,61396,0.0,0.0
2024-01-17 13:30:00-05:00,149.1300048828125,149.42999267578125,148.75,149.35000610351562,72840,0.0,0.0
2024-01-17 14:30:00-05:00,149.4199981689453,149.75999450683594,149.36000061035156,149.72999572753906,119341,0.0,0.0
2024-01-17 15:30:00-05:00,149.72999572753906,150.0399932861328,149.60000610351562,149.77000427246094,206253,0.0,0.0
2024-01-18 09:30:00-05:00,150.94000244140625,150.97000122070312,149.5500030517578,150.2550048828125,100414,0.0,0.0
2024-01-18 10:30:00-05:00,150.2550048828125,150.61500549316406,149.72999572753906,150.55499267578125,105681,0.0,0.0
2024-01-18 11:30:00-05:00,150.5522003173828,150.64999389648438,150.14999389648438,150.3300018310547,120172,0.0,0.0
2024-01-18 12:30:00-05:00,150.2926025390625,150.572998046875,150.1199951171875,150.5,87690,0.0,0.0
2024-01-18 13:30:00-05:00,150.5050048828125,151.8699951171875,150.5050048828125,151.85000610351562,94754,0.0,0.0
2024-01-18 14:30:00-05:00,151.8800048828125,152.44000244140625,151.73500061035156,152.22999572753906,160452,0.0,0.0
2024-01-18 15:30:00-05:00,152.2050018310547,152.50999450683594,152.1199951171875,152.35000610351562,188100,0.0,0.0
2024-01-19 09:30:00-05:00,153.11000061035156,153.11000061035156,151.4550018310547,151.97999572753906,154135,0.0,0.0
2024-01-19 10:30:00-05:00,151.85000610351562,151.9199981689453,151.14500427246094,151.61500549316406,82646,0.0,0.0
2024-01-19 11:30:00-05:00,151.66000366210938,151.72999572753906,151.22999572753906,151.63999938964844,70983,0.0,0.0
2024-01-19 12:30:00-05:00,151.63999938964844,152.41000366210938,151.61000061035156,152.3699951171875,79988,0.0,0.0
2024-01-19 13:30:00-05:00,152.375,153.3800048828125,152.375,153.17999267578125,107915,0.0,0.0
2024-01-19 14:30:00-05:00,153.27000427246094,153.38499450683594,152.89500427246094,153.27499389648438,91941,0.0,0.0
2024-01-19 15:30:00-05:00,153.27000427246094,153.66000366210938,153.14999389648438,153.6300048828125,203717,0.0,0.0
2024-01-22 09:30:00-05:00,154.67999267578125,155.8975067138672,154.5,155.38999938964844,87997,0.0,0.0
2024-01-22 10:30:00-05:00,155.1999969482422,155.44000244140625,154.42999267578125,154.8905029296875,48954,0.0,0.0
2024-01-22 11:30:00-05:00,154.97000122070312,155.0,154.52999877929688,154.67999267578125,48303,0.0,0.0
2024-01-22 12:30:00-05:00,154.72000122070312,155.0,154.47999572753906,154.49000549316406,52213,0.0,0.0
2024-01-22 13:30:00-05:00,154.5050048828125,154.99000549316406,154.44000244140625,154.69000244140625,47608,0.0,0.0
2024-01-22 14:30:00-05:00,154.6903076171875,155.0,154.49000549316406,154.86500549316406,106612,0.0,0.0
2024-01-22 15:30:00-05:00,154.91000366210938,155.08999633789062,154.78500366210938,154.94000244140625,136922,0.0,0.0
2024-01-23 09:30:00-05:00,155.61000061035156,155.83999633789062,154.6199951171875,154.64999389648438,80322,0.0,0.0
2024-01-23 10:30:00-05:00,154.6999969482422,154.7100067138672,153.97000122070312,154.3350067138672,95205,0.0,0.0
2024-01-23 11:30:00-05:00,154.36000061035156,154.82000732421875,154.10000610351562,154.6300048828125,33659,0.0,0.0
2024-01-23 12:30:00-05:00,154.61000061035156,154.72999572753906,154.5,154.57000732421875,28687,0.0,0.0
2024-01-23 13:30:00-05:00,154.5850067138672,154.6999969482422,154.39500427246094,154.59500122070312,37250,0.0,0.0
2024-01-23 14:30:00-05:00,154.57000732421875,155.02000427246094,154.55999755859375,154.75,75752,0.0,0.0
2024-01-23 15:30:00-05:00,154.72000122070312,155.09500122070312,154.50399780273438,155.0800018310547,150608,0.0,0.0
2024-01-24 09:30:00-05:00,156.0500030517578,156.49000549316406,154.56500244140625,156.0500030517578,105650,0.0,0.0
2024-01-24 10:30:00-05:00,156.07000732421875,156.9199981689453,155.91000366210938,156.82000732421875,87946,0.0,0.0
2024-01-24 11:30:00-05:00,156.86500549316406,157.23989868164062,156.66000366210938,156.85499572753906,81590,0.0,0.0
2024-01-24 12:30:00-05:00,156.86500549316406,156.97000122070312,156.4600067138672,156.47999572753906,112218,0.0,0.0
2024-01-24 13:30:00-05:00,156.49000549316406,156.49000549316406,155.7100067138672,155.74400329589844,76540,0.0,0.0
2024-01-24 14:30:00-05:00,155.82000732421875,156.1699981689453,155.25,155.30999755859375,77731,0.0,0.0
2024-01-24 15:30:00-05:00,155.2899932861328,155.72000122070312,155.14999389648438,155.2270050048828,160956,0.0,0.0
2024-01-25 09:30:00-05:00,156.08999633789062,157.41000366210938,155.49000549316406,156.88499450683594,125328,0.0,0.0
2024-01-25 10:30:00-05:00,156.88999938964844,156.9499969482422,155.6999969482422,156.13499450683594,67930,0.0,0.0
2024-01-25 11:30:00-05:00,156.127197265625,156.127197265625,155.11749267578125,155.8249969482422,107662,0.0,0.0
2024-01-25 12:30:00-05:00,155.85000610351562,155.86000061035156,155.4199981689453,155.4499969482422,114360,0.0,0.0
2024-01-25 13:30:00-05:00,155.49000549316406,155.5850067138672,155.0399932861328,155.1649932861328,104241,0.0,0.0
2024-01-25 14:30:00-05:00,155.21499633789062,155.6300048828125,155.0,155.4676971435547,82327,0.0,0.0
2024-01-25 15:30:00-05:00,155.49000549316406,155.7050018310547,155.25,155.63999938964844,175951,0.0,0.0
2024-01-26 09:30:00-05:00,156.4199981689453,156.99000549316406,155.89999389648438,156.72000122070312,75621,0.0,0.0
2024-01-26 10:30:00-05:00,156.6750030517578,156.83999633789062,156.4199981689453,156.5800018310547,76668,0.0,0.0
2024-01-26 11:30:00-05:00,156.57000732421875,156.74000549316406,156.05999755859375,156.14999389648438,88057,0.0,0.0
2024-01-26 12:30:00-05:00,156.1699981689453,156.1699981689453,155.41000366210938,155.69000244140625,52757,0.0,0.0
2024-01-26 13:30:00-05:00,155.75,155.97999572753906,155.5,155.9250030517578,118198,0.0,0.0
2024-01-26 14:30:00-05:00,155.94500732421875,156.27000427246094,155.88999938964844,156.25,118681,0.0,0.0
2024-01-26 15:30:00-05:00,156.25,156.25,155.8800048828125,155.9199981689453,149791,0.0,0.0
2024-01-29 09:30:00-05:00,155.38999938964844,156.2899932861328,155.02000427246094,155.8300018310547,70147,0.0,0.0
2024-01-29 10:30:00-05:00,155.7899932861328,157.23500061035156,155.69000244140625,157.02999877929688,148521,0.0,0.0
2024-01-29 11:30:00-05:00,156.97999572753906,158.02999877929688,156.9600067138672,157.8800048828125,120093,0.0,0.0
2024-01-29 12:30:00-05:00,158.0399932861328,158.19000244140625,157.625,158.19000244140625,67888,0.0,0.0
2024-01-29 13:30:00-05:00,158.19500732421875,158.6999969482422,158.14999389648438,158.5,113079,0.0,0.0
2024-01-29 14:30:00-05:00,158.52000427246094,159.30999755859375,158.19500732421875,159.2050018310547,127020,0.0,0.0
2024-01-29 15:30:00-05:00,159.22999572753906,159.3800048828125,158.8249969482422,159.3300018310547,230327,0.0,0.0
2024-01-30 09:30:00-05:00,159.5,160.30999755859375,158.85499572753906,158.85499572753906,167981,0.0,0.0
2024-01-30 10:30:00-05:00,158.8699951171875,159.52000427246094,158.7949981689453,159.17999267578125,110586,0.0,0.0
2024-01-30 11:30:00-05:00,159.11000061035156,159.5500030517578,158.5500030517578,158.5500030517578,78570,0.0,0.0
2024-01-30 12:30:00-05:00,158.50999450683594,158.67999267578125,158.07000732421875,158.66000366210938,81457,0.0,0.0
2024-01-30 13:30:00-05:00,158.64340209960938,158.68499755859375,157.77999877929688,157.8699951171875,66411,0.0,0.0
2024-01-30 14:30:00-05:00,157.88999938964844,158.6699981689453,157.88999938964844,158.6199951171875,97865,0.0,0.0
2024-01-30 15:30:00-05:00,158.6199951171875,158.6199951171875,157.6999969482422,157.72000122070312,241650,0.0,0.0
2024-01-31 09:30:00-05:00,156.8699951171875,156.8699951171875,153.9499969482422,155.46499633789062,162160,0.0,0.0
2024-01-31 10:30:00-05:00,155.5,155.9199981689453,155.16000366210938,155.52000427246094,61532,0.0,0.0
2024-01-31 11:30:00-05:00,155.52499389648438,155.63999938964844,154.6649932861328,155.0850067138672,51521,0.0,0.0
2024-01-31 12:30:00-05:00,155.0850067138672,155.09500122070312,154.7449951171875,155.00999450683594,63566,0.0,0.0
2024-01-31 13:30:00-05:00,155.00999450683594,155.19000244140625,154.5500030517578,154.97999572753906,102029,0.0,0.0
2024-01-31 14:30:00-05:00,154.97500610351562,156.1300048828125,153.1199951171875,153.52000427246094,197298,0.0,0.0
2024-01-31 15:30:00-05:00,153.47999572753906,153.8000030517578,153.05999755859375,153.25,310108,0.0,0.0
2024-02-01 09:30:00-05:00,153.38999938964844,154.9600067138672,153.22000122070312,154.47500610351562,110800,0.0,0.0
2024-02-01 10:30:00-05:00,154.47000122070312,154.47000122070312,152.22500610351562,152.24000549316406,102961,0.0,0.0
2024-02-01 11:30:00-05:00,152.1999969482422,153.52999877929688,151.67999267578125,152.9199981689453,288348,0.0,0.0
2024-02-01 12:30:00-05:00,152.88499450683594,153.8699951171875,152.72999572753906,153.27999877929688,73550,0.0,0.0
2024-02-01 13:30:00-05:00,153.30999755859375,153.7100067138672,153.02999877929688,153.38999938964844,76327,0.0,0.0
2024-02-01 14:30:00-05:00,153.3699951171875,153.82000732421875,153.1300048828125,153.72000122070312,106004,0.0,0.0
2024-02-01 15:30:00-05:00,153.75999450683594,154.52999877929688,153.75999450683594,154.52999877929688,173070,0.0,0.0
2024-02-02 09:30:00-05:00,153.9499969482422,154.6999969482422,153.25,153.55999755859375,75373,0.0,0.0
2024-02-02 10:30:00-05:00,153.5850067138672,154.9499969482422,153.4499969482422,154.9499969482422,60789,0.0,0.0
2024-02-02 11:30:00-05:00,154.91000366210938,155.50750732421875,154.8800048828125,155.17999267578125,49263,0.0,0.0
2024-02-02 12:30:00-05:00,155.18499755859375,155.4250030517578,154.50999450683594,155.00999450683594,39425,0.0,0.0
2024-02-02 13:30:00-05:00,155.0500030517578,155.72000122070312,154.9499969482422,155.43499755859375,34680,0.0,0.0
2024-02-02 14:30:00-05:00,155.5399932861328,156.3300018310547,155.5399932861328,156.22999572753906,54651,0.0,0.0
2024-02-02 15:30:00-05:00,156.2899932861328,156.2899932861328,155.6649932861328,155.75,99097,0.0,0.0
2024-02-05 09:30:00-05:00,155.22000122070312,155.5800018310547,153.2259063720703,153.42999267578125,58434,0.0,0.0
2024-02-05 10:30:00-05:00,153.47000122070312,154.22999572753906,153.2100067138672,154.0800018310547,35461,0.0,0.0
2024-02-05 11:30:00-05:00,154.02499389648438,154.50999450683594,153.92999267578125,154.50999450683594,35728,0.0,0.0
2024-02-05 12:30:00-05:00,154.55999755859375,155.0,154.47999572753906,154.85000610351562,33754,0.0,0.0
2024-02-05 13:30:00-05:00,154.8800048828125,155.0399932861328,154.5,154.6999969482422,31097,0.0,0.0
2024-02-05 14:30:00-05:00,154.65199279785156,154.9199981689453,154.05999755859375,154.55999755859375,41745,0.0,0.0
2024-02-05 15:30:00-05:00,154.60000610351562,154.72999572753906,154.1199951171875,154.1199951171875,137997,0.0,0.0
2024-02-06 09:30:00-05:00,154.22000122070312,155.3800048828125,153.84010314941406,154.88999938964844,80203,0.0,0.0
2024-02-06 10:30:00-05:00,155.0,155.61000061035156,155.0,155.49000549316406,32887,0.0,0.0
2024-02-06 11:30:00-05:00,155.5,155.58999633789062,154.78500366210938,155.22999572753906,37943,0.0,0.0
2024-02-06 12:30:00-05:00,155.24000549316406,155.38999938964844,154.9199981689453,155.22999572753906,37033,0.0,0.0
2024-02-06 13:30:00-05:00,155.27999877929688,155.58999633789062,154.7115936279297,154.9550018310547,40793,0.0,0.0
2024-02-06 14:30:00-05:00,154.94500732421875,155.4499969482422,154.6999969482422,155.36000061035156,63163,0.0,0.0
2024-02-06 15:30:00-05:00,155.35000610351562,155.97000122070312,155.3000030517578,155.9600067138672,181254,0.0,0.0
2024-02-07 09:30:00-05:00,157.2100067138672,158.8249969482422,156.3300018310547,158.8249969482422,119265,0.0,0.0
2024-02-07 10:30:00-05:00,158.68499755859375,159.1199951171875,158.21409606933594,158.32000732421875,63825,0.0,0.0
2024-02-07 11:30:00-05:00,158.38999938964844,158.44000244140625,157.96499633789062,157.97500610351562,159636,0.0,0.0
2024-02-07 12:30:00-05:00,158.07000732421875,158.41000366210938,157.6300048828125,158.19000244140625,79824,0.0,0.0
2024-02-07 13:30:00-05:00,158.22000122070312,158.36000061035156,157.46240234375,157.72999572753906,58559,0.0,0.0
2024-02-07 14:30:00-05:00,157.7100067138672,158.0399932861328,157.67709350585938,157.93499755859375,46937,0.0,0.0
2024-02-07 15:30:00-05:00,157.9600067138672,158.3800048828125,157.75999450683594,158.13999938964844,175337,0.0,0.0
2024-02-08 09:30:00-05:00,158.47000122070312,160.60000610351562,157.9199981689453,160.2899932861328,95222,0.0,0.0
2024-02-08 10:30:00-05:00,160.27999877929688,161.5,160.2100067138672,161.16000366210938,128302,0.0,0.0
2024-02-08 11:30:00-05:00,161.0800018310547,161.89999389648438,160.92999267578125,161.76010131835938,117558,0.0,0.0
2024-02-08 12:30:00-05:00,161.72999572753906,161.72999572753906,160.91000366210938,161.22000122070312,97216,0.0,0.0
2024-02-08 13:30:00-05:00,161.27999877929688,161.2899932861328,160.53500366210938,160.75999450683594,64291,0.0,0.0
2024-02-08 14:30:00-05:00,160.75999450683594,161.16000366210938,160.52000427246094,161.08999633789062,104442,0.0,0.0
2024-02-08 15:30:00-05:00,160.97000122070312,161.32000732421875,160.75,161.10000610351562,169757,0.0,0.0
2024-02-09 09:30:00-05:00,161.6699981689453,162.50999450683594,160.94000244140625,161.9149932861328,98374,0.0,0.0
2024-02-09 10:30:00-05:00,161.9499969482422,162.24000549316406,161.5399932861328,161.7550048828125,70056,0.0,0.0
2024-02-09 11:30:00-05:00,161.74000549316406,162.16000366210938,161.53500366210938,161.73500061035156,61833,0.0,0.0
2024-02-09 12:30:00-05:00,161.7449951171875,162.0,161.3300018310547,161.97250366210938,143037,0.0,0.0
2024-02-09 13:30:00-05:00,161.9199981689453,162.02000427246094,161.59500122070312,161.88999938964844,72995,0.0,0.0
2024-02-09 14:30:00-05:00,161.8800048828125,161.9774932861328,161.3907928466797,161.52000427246094,68613,0.0,0.0
2024-02-09 15:30:00-05:00,161.52000427246094,161.5500030517578,161.1300048828125,161.5500030517578,125107,0.0,0.0
2024-02-12 09:30:00-05:00,160.85000610351562,161.77499389648438,160.73500061035156,160.7899932861328,65692,0.0,0.0
2024-02-12 10:30:00-05:00,160.7899932861328,161.10000610351562,160.75999450683594,161.0050048828125,99044,0.0,0.0
2024-02-12 11:30:00-05:00,160.99000549316406,161.125,159.85000610351562,160.06500244140625,161141,0.0,0.0
2024-02-12 12:30:00-05:00,160.05999755859375,160.50250244140625,159.85000610351562,160.11500549316406,101612,0.0,0.0
2024-02-12 13:30:00-05:00,160.05999755859375,160.14999389648438,159.4199981689453,159.61500549316406,80747,0.0,0.0
2024-02-12 14:30:00-05:00,159.57000732421875,159.69000244140625,159.22000122070312,159.3000030517578,77177,0.0,0.0
2024-02-12 15:30:00-05:00,159.3249969482422,159.55999755859375,159.00999450683594,159.0399932861328,220321,0.0,0.0
2024-02-13 09:30:00-05:00,155.49000549316406,156.7899932861328,152.0,154.1999969482422,466960,0.0,0.0
2024-02-13 10:30:00-05:00,154.2949981689453,155.0,154.07000732421875,154.52000427246094,150187,0.0,0.0
2024-02-13 11:30:00-05:00,154.5050048828125,154.61000061035156,153.84100341796875,154.05499267578125,214681,0.0,0.0
2024-02-13 12:30:00-05:00,154.07000732421875,154.35000610351562,153.3300018310547,153.44000244140625,106276,0.0,0.0
2024-02-13 13:30:00-05:00,153.3800048828125,153.41000366210938,151.89500427246094,152.44000244140625,177468,0.0,0.0
2024-02-13 14:30:00-05:00,152.375,152.7899932861328,151.8000030517578,152.2949981689453,144470,0.0,0.0
2024-02-13 15:30:00-05:00,152.35000610351562,153.74249267578125,152.3300018310547,153.16000366210938,387619,0.0,0.0
2024-02-14 09:30:00-05:00,155.0,155.9600067138672,154.10499572753906,155.32000732421875,121399,0.0,0.0
2024-02-14 10:30:00-05:00,155.32000732421875,155.46499633789062,154.10499572753906,154.97000122070312,109570,0.0,0.0
2024-02-14 11:30:00-05:00,154.97000122070312,155.1300048828125,154.3300018310547,154.80999755859375,202025,0.0,0.0
2024-02-14 12:30:00-05:00,154.8300018310547,154.94000244140625,154.41000366210938,154.49000549316406,144953,0.0,0.0
2024-02-14 13:30:00-05:00,154.5399932861328,155.6300048828125,154.50999450683594,155.25999450683594,177318,0.0,0.0
2024-02-14 14:30:00-05:00,155.27999877929688,155.5688018798828,154.8699951171875,155.1486053466797,386340,0.0,0.0
2024-02-14 15:30:00-05:00,155.13999938964844,155.1999969482422,154.86000061035156,154.86000061035156,340006,0.0,0.0
2024-02-15 09:30:00-05:00,153.55999755859375,156.0800018310547,153.10000610351562,155.31500244140625,151979,0.0,0.0
2024-02-15 10:30:00-05:00,155.2050018310547,155.72000122070312,154.72999572753906,154.87600708007812,196102,0.0,0.0
2024-02-15 11:30:00-05:00,154.85000610351562,155.0,154.1199951171875,154.24000549316406,143473,0.0,0.0
2024-02-15 12:30:00-05:00,154.27999877929688,154.6699981689453,154.0749969482422,154.32000732421875,109004,0.0,0.0
2024-02-15 13:30:00-05:00,154.30999755859375,154.75,154.12399291992188,154.58999633789062,116340,0.0,0.0
2024-02-15 14:30:00-05:00,154.61500549316406,154.7449951171875,154.3300018310547,154.44000244140625,146854,0.0,0.0
2024-02-15 15:30:00-05:00,154.42999267578125,154.67999267578125,153.86000061035156,154.64999389648438,315738,0.0,0.0
2024-02-16 09:30:00-05:00,154.86000061035156,156.47999572753906,154.05999755859375,154.8000030517578,162565,0.0,0.0
2024-02-16 10:30:00-05:00,154.72000122070312,156.14999389648438,154.39999389648438,156.01499938964844,563564,0.0,0.0
2024-02-16 11:30:00-05:00,156.00999450683594,156.07000732421875,154.97999572753906,155.2050018310547,143675,0.0,0.0
2024-02-16 12:30:00-05:00,155.16000366210938,155.9499969482422,154.9199981689453,155.86000061035156,143456,0.0,0.0
2024-02-16 13:30:00-05:00,155.9250030517578,156.1468048095703,155.5800018310547,155.88499450683594,80892,0.0,0.0
2024-02-16 14:30:00-05:00,155.85000610351562,155.88999938964844,154.625,154.77000427246094,125999,0.0,0.0
2024-02-16 15:30:00-05:00,154.75999450683594,155.3000030517578,154.38999938964844,155.25,300225,0.0,0.0
2024-02-20 09:30:00-05:00,151.35000610351562,154.1699981689453,151.07000732421875,154.0399932861328,197683,0.0,0.0
2024-02-20 10:30:00-05:00,153.94000244140625,154.3300018310547,153.5800018310547,154.3300018310547,154454,0.0,0.0
2024-02-20 11:30:00-05:00,154.25999450683594,154.5800018310547,153.66000366210938,153.74000549316406,162057,0.0,0.0
2024-02-20 12:30:00-05:00,153.83999633789062,154.25,153.5500030517578,153.8300018310547,141444,0.0,0.0
2024-02-20 13:30:00-05:00,153.7899932861328,154.3800048828125,153.75010681152344,154.3800048828125,129817,0.0,0.0
2024-02-20 14:30:00-05:00,154.3699951171875,154.9600067138672,154.22999572753906,154.64999389648438,220520,0.0,0.0
2024-02-20 15:30:00-05:00,154.64999389648438,154.77000427246094,153.92999267578125,154.61000061035156,325362,0.0,0.0
2024-02-21 09:30:00-05:00,140.2899932861328,143.6699981689453,138.18499755859375,141.7100067138672,918421,0.0,0.0
2024-02-21 10:30:00-05:00,141.7100067138672,143.7100067138672,141.7100067138672,143.24000549316406,536376,0.0,0.0
2024-02-21 11:30:00-05:00,143.17999267578125,143.6300048828125,142.44000244140625,143.0500030517578,435861,0.0,0.0
2024-02-21 12:30:00-05:00,142.97999572753906,143.42999267578125,142.6300048828125,143.125,296377,0.0,0.0
2024-02-21 13:30:00-05:00,143.125,143.38999938964844,142.6999969482422,142.8000030517578,260152,0.0,0.0
2024-02-21 14:30:00-05:00,142.7949981689453,143.4550018310547,142.61000061035156,143.4250030517578,461701,0.0,0.0
2024-02-21 15:30:00-05:00,143.43499755859375,144.14999389648438,143.22079467773438,144.14999389648438,864284,0.0,0.0
2024-02-22 09:30:00-05:00,145.83999633789062,146.9499969482422,144.1199951171875,146.86500549316406,240541,0.0,0.0
2024-02-22 10:30:00-05:00,146.86000061035156,147.17999267578125,146.1300048828125,147.1750030517578,171418,0.0,0.0
2024-02-22 11:30:00-05:00,147.16000366210938,147.64999389648438,146.69000244140625,146.75999450683594,114466,0.0,0.0
2024-02-22 12:30:00-05:00,146.77000427246094,147.1300048828125,146.67999267578125,147.0,125231,0.0,0.0
2024-02-22 13:30:00-05:00,147.0,148.02000427246094,146.97000122070312,147.97500610351562,146317,0.0,0.0
2024-02-22 14:30:00-05:00,147.97000122070312,148.92999267578125,147.7050018310547,148.86500549316406,286606,0.0,0.0
2024-02-22 15:30:00-05:00,148.88999938964844,149.30999755859375,148.66000366210938,149.02999877929688,523345,0.0,0.0
2024-02-23 09:30:00-05:00,149.41000366210938,149.89999389648438,147.0841064453125,148.61000061035156,328473,0.0,0.0
2024-02-23 10:30:00-05:00,148.47950744628906,148.8800048828125,147.99000549316406,148.58999633789062,166115,0.0,0.0
2024-02-23 11:30:00-05:00,148.5399932861328,149.1199951171875,148.33749389648438,148.86000061035156,161654,0.0,0.0
2024-02-23 12:30:00-05:00,148.77999877929688,150.42999267578125,148.77999877929688,150.3800048828125,137029,0.0,0.0
2024-02-23 13:30:00-05:00,150.3699951171875,150.5050048828125,149.9600067138672,150.0800018310547,118755,0.0,0.0
2024-02-23 14:30:00-05:00,150.0449981689453,150.44000244140625,149.83999633789062,150.22999572753906,206008,0.0,0.0
2024-02-23 15:30:00-05:00,150.1999969482422,150.39999389648438,149.9499969482422,149.99000549316406,324771,0.0,0.0
2024-02-26 09:30:00-05:00,150.27000427246094,152.1999969482422,150.0500030517578,150.7100067138672,206551,0.0,0.0
2024-02-26 10:30:00-05:00,150.75999450683594,151.34500122070312,150.6199951171875,150.89500427246094,218905,0.0,0.0
2024-02-26 11:30:00-05:00,150.89500427246094,151.0399932861328,150.18499755859375,150.7100067138672,149535,0.0,0.0
2024-02-26 12:30:00-05:00,150.72000122070312,150.82000732421875,149.78509521484375,150.0800018310547,129731,0.0,0.0
2024-02-26 13:30:00-05:00,150.08200073242188,151.3300018310547,149.97999572753906,151.2899932861328,159670,0.0,0.0
2024-02-26 14:30:00-05:00,151.32000732421875,152.39999389648438,151.12449645996094,151.9250030517578,391171,0.0,0.0
2024-02-26 15:30:00-05:00,151.92999267578125,152.41000366210938,151.5,152.35000610351562,569810,0.0,0.0
2024-02-27 09:30:00-05:00,152.30999755859375,153.32000732421875,151.35000610351562,153.11000061035156,150762,0.0,0.0
2024-02-27 10:30:00-05:00,153.10000610351562,153.25999450683594,151.98500061035156,152.22500610351562,154760,0.0,0.0
2024-02-27 11:30:00-05:00,152.22500610351562,152.74000549316406,152.0500030517578,152.08999633789062,107079,0.0,0.0
2024-02-27 12:30:00-05:00,152.0800018310547,152.25999450683594,151.7100067138672,151.77999877929688,138369,0.0,0.0
2024-02-27 13:30:00-05:00,151.75999450683594,152.52999877929688,151.75999450683594,152.47500610351562,167677,0.0,0.0
2024-02-27 14:30:00-05:00,152.47500610351562,152.57000732421875,152.00250244140625,152.27999877929688,130228,0.0,0.0
2024-02-27 15:30:00-05:00,152.2899932861328,152.75999450683594,151.69000244140625,152.75999450683594,346344,0.0,0.0
2024-02-28 09:30:00-05:00,151.7899932861328,152.67999267578125,151.10000610351562,152.65499877929688,198170,0.0,0.0
2024-02-28 10:30:00-05:00,152.69000244140625,153.07000732421875,152.55999755859375,153.07000732421875,90021,0.0,0.0
2024-02-28 11:30:00-05:00,153.01499938964844,153.08999633789062,152.60499572753906,152.8300018310547,83199,0.0,0.0
2024-02-28 12:30:00-05:00,152.8249969482422,153.61000061035156,152.72500610351562,153.52999877929688,92244,0.0,0.0
2024-02-28 13:30:00-05:00,153.57000732421875,153.89999389648438,153.49000549316406,153.7100067138672,107603,0.0,0.0
2024-02-28 14:30:00-05:00,153.74000549316406,154.1699981689453,153.42999267578125,153.6699981689453,183857,0.0,0.0
2024-02-28 15:30:00-05:00,153.66940307617188,153.8800048828125,153.25,153.77999877929688,287256,0.0,0.0
2024-02-29 09:30:00-05:00,155.0,155.08999633789062,153.66000366210938,154.28500366210938,70231,0.0,0.0
2024-02-29 10:30:00-05:00,154.36000061035156,154.5,153.39999389648438,153.8249969482422,77465,0.0,0.0
2024-02-29 11:30:00-05:00,153.72999572753906,153.82000732421875,152.9499969482422,152.9499969482422,101498,0.0,0.0
2024-02-29 12:30:00-05:00,153.02000427246094,153.75999450683594,152.97000122070312,153.72000122070312,60113,0.0,0.0
2024-02-29 13:30:00-05:00,153.72000122070312,154.11500549316406,153.5500030517578,153.7050018310547,89229,0.0,0.0
2024-02-29 14:30:00-05:00,153.7050018310547,154.02499389648438,153.4199981689453,154.0050048828125,121782,0.0,0.0
2024-02-29 15:30:00-05:00,154.0050048828125,154.63499450683594,153.66290283203125,154.1300048828125,266243,0.0,0.0
2024-03-01 09:30:00-05:00,154.25,154.8000030517578,153.3300018310547,154.69500732421875,92794,0.0,0.0
2024-03-01 10:30:00-05:00,154.8300018310547,156.1999969482422,154.61000061035156,156.05999755859375,91119,0.0,0.0
2024-03-01 11:30:00-05:00,156.05999755859375,156.5800018310547,155.7899932861328,156.57000732421875,71302,0.0,0.0
2024-03-01 12:30:00-05:00,156.6300048828125,156.8249969482422,156.3699951171875,156.5,53270,0.0,0.0
2024-03-01 13:30:00-05:00,156.52000427246094,157.32000732421875,156.25,157.1999969482422,63990,0.0,0.0
2024-03-01 14:30:00-05:00,157.22999572753906,157.4008026123047,156.50999450683594,156.94000244140625,91831,0.0,0.0
2024-03-01 15:30:00-05:00,156.94000244140625,157.35000610351562,156.5749969482422,157.08999633789062,306858,0.0,0.0
2024-03-04 09:30:00-05:00,156.0500030517578,156.7899932861328,155.13999938964844,155.47000122070312,230447,0.0,0.0
2024-03-04 10:30:00-05:00,155.47999572753906,156.74000549316406,155.44000244140625,156.74000549316406,88175,0.0,0.0
2024-03-04 11:30:00-05:00,156.77999877929688,157.6999969482422,156.6699981689453,157.6699981689453,94543,0.0,0.0
2024-03-04 12:30:00-05:00,157.67999267578125,158.11000061035156,157.47999572753906,157.6199951171875,93341,0.0,0.0
2024-03-04 13:30:00-05:00,157.6199951171875,158.07000732421875,157.5800018310547,158.05999755859375,73129,0.0,0.0
2024-03-04 14:30:00-05:00,158.05499267578125,158.5,158.01499938964844,158.11500549316406,90850,0.0,0.0
2024-03-04 15:30:00-05:00,158.125,158.125,157.1999969482422,157.5,277748,0.0,0.0
2024-03-05 09:30:00-05:00,156.39999389648438,157.05999755859375,154.0850067138672,155.10000610351562,99330,0.0,0.0
2024-03-05 10:30:00-05:00,154.97000122070312,156.2899932861328,154.86000061035156,156.2899932861328,117847,0.0,0.0
2024-03-05 11:30:00-05:00,156.32000732421875,156.66000366210938,155.97000122070312,156.6300048828125,69230,0.0,0.0
2024-03-05 12:30:00-05:00,156.58999633789062,156.63999938964844,155.97500610351562,156.4199981689453,156166,0.0,0.0
2024-03-05 13:30:00-05:00,156.4199981689453,156.42999267578125,155.50999450683594,155.77999877929688,102908,0.0,0.0
2024-03-05 14:30:00-05:00,155.83999633789062,156.08999633789062,155.0,155.25999450683594,317123,0.0,0.0
2024-03-05 15:30:00-05:00,155.27000427246094,156.27000427246094,155.13999938964844,155.8000030517578,289703,0.0,0.0
2024-03-06 09:30:00-05:00,157.1199951171875,157.8699951171875,156.5800018310547,157.7100067138672,131049,0.0,0.0
2024-03-06 10:30:00-05:00,157.5500030517578,158.0,157.38499450683594,157.61720275878906,87226,0.0,0.0
2024-03-06 11:30:00-05:00,157.6699981689453,158.1199951171875,157.39999389648438,157.55999755859375,88084,0.0,0.0
2024-03-06 12:30:00-05:00,157.5399932861328,157.89999389648438,157.3000030517578,157.61000061035156,72111,0.0,0.0
2024-03-06 13:30:00-05:00,157.61000061035156,157.6199951171875,156.77000427246094,157.21499633789062,105815,0.0,0.0
2024-03-06 14:30:00-05:00,157.25,157.27999877929688,156.56500244140625,156.83999633789062,105751,0.0,0.0
2024-03-06 15:30:00-05:00,156.8699951171875,157.24000549316406,156.60499572753906,157.2100067138672,254748,0.0,0.0
2024-03-07 09:30:00-05:00,156.64999389648438,157.83999633789062,156.11000061035156,157.5850067138672,160198,0.0,0.0
2024-03-07 10:30:00-05:00,157.5,158.30999755859375,156.72000122070312,156.9600067138672,148577,0.0,0.0
2024-03-07 11:30:00-05:00,156.91000366210938,157.41000366210938,156.61000061035156,157.173095703125,154874,0.0,0.0
2024-03-07 12:30:00-05:00,157.11500549316406,157.41000366210938,156.72999572753906,157.3249969482422,91035,0.0,0.0
2024-03-07 13:30:00-05:00,157.30999755859375,158.0399932861328,157.30999755859375,157.6300048828125,87552,0.0,0.0
2024-03-07 14:30:00-05:00,157.6300048828125,157.72000122070312,156.9199981689453,156.97000122070312,125239,0.0,0.0
2024-03-07 15:30:00-05:00,157.00999450683594,157.64999389648438,156.8800048828125,157.30999755859375,237452,0.0,0.0
2024-03-08 09:30:00-05:00,158.07000732421875,158.26499938964844,157.0,157.10499572753906,70588,0.0,0.0
2024-03-08 10:30:00-05:00,157.1300048828125,157.28500366210938,155.9600067138672,155.9600067138672,181805,0.0,0.0
2024-03-08 11:30:00-05:00,155.97000122070312,156.3000030517578,155.44000244140625,156.00999450683594,164938,0.0,0.0
2024-03-08 12:30:00-05:00,156.07000732421875,156.49000549316406,155.33999633789062,155.33999633789062,89245,0.0,0.0
2024-03-08 13:30:00-05:00,155.3300018310547,155.7100067138672,154.9250030517578,155.4199981689453,143347,0.0,0.0
2024-03-08 14:30:00-05:00,155.5,155.76499938964844,154.74000549316406,154.7899932861328,123946,0.0,0.0
2024-03-08 15:30:00-05:00,154.77000427246094,155.00999450683594,154.3300018310547,154.3300018310547,215771,0.0,0.0
2024-03-11 09:30:00-04:00,152.72000122070312,154.02000427246094,152.23500061035156,152.72000122070312,137007,0.0,0.0
2024-03-11 10:30:00-04:00,152.72000122070312,153.21499633789062,152.09500122070312,152.27999877929688,123080,0.0,0.0
2024-03-11 11:30:00-04:00,152.28500366210938,152.6199951171875,151.88999938964844,152.5500030517578,112426,0.0,0.0
2024-03-11 12:30:00-04:00,152.58999633789062,153.1999969482422,152.5,152.77499389648438,76278,0.0,0.0
2024-03-11 13:30:00-04:00,152.80999755859375,152.86000061035156,152.33999633789062,152.58999633789062,86119,0.0,0.0
2024-03-11 14:30:00-04:00,152.61000061035156,152.8094024658203,152.0,152.02000427246094,107442,0.0,0.0
2024-03-11 15:30:00-04:00,152.0,152.64999389648438,151.9499969482422,152.1199951171875,256497,0.0,0.0
2024-03-12 09:30:00-04:00,153.1300048828125,153.1300048828125,152.25999450683594,152.81500244140625,105852,0.0,0.0
2024-03-12 10:30:00-04:00,152.89999389648438,152.97000122070312,152.4199981689453,152.47000122070312,123322,0.0,0.0
2024-03-12 11:30:00-04:00,152.47000122070312,152.47999572753906,151.32000732421875,151.41000366210938,129606,0.0,0.0
2024-03-12 12:30:00-04:00,151.3800048828125,151.63999938964844,151.0,151.3300018310547,93875,0.0,0.0
2024-03-12 13:30:00-04:00,151.27499389648438,152.0449981689453,151.27499389648438,152.0449981689453,91930,0.0,0.0
2024-03-12 14:30:00-04:00,152.14999389648438,152.3350067138672,151.8000030517578,152.17999267578125,126164,0.0,0.0
2024-03-12 15:30:00-04:00,152.13999938964844,152.41000366210938,151.74000549316406,152.07000732421875,257287,0.0,0.0
2024-03-13 09:30:00-04:00,152.0399932861328,153.27000427246094,151.5,152.3300018310547,148971,0.0,0.0
2024-03-13 10:30:00-04:00,152.3300018310547,152.35000610351562,151.1999969482422,151.2899932861328,102884,0.0,0.0
2024-03-13 11:30:00-04:00,151.14999389648438,151.8000030517578,151.1199951171875,151.47999572753906,121275,0.0,0.0
2024-03-13 12:30:00-04:00,151.47500610351562,152.0800018310547,151.3800048828125,152.01499938964844,60262,0.0,0.0
2024-03-13 13:30:00-04:00,152.0399932861328,152.7100067138672,151.7899932861328,152.625,130125,0.0,0.0
2024-03-13 14:30:00-04:00,152.61500549316406,152.61500549316406,151.6750030517578,151.8699951171875,328146,0.0,0.0
2024-03-13 15:30:00-04:00,151.8699951171875,152.2899932861328,151.57000732421875,151.97000122070312,311833,0.0,0.0
2024-03-14 09:30:00-04:00,151.64959716796875,152.64999389648438,150.47500610351562,151.4001007080078,126204,0.0,0.0
2024-03-14 10:30:00-04:00,151.55999755859375,151.74000549316406,150.89999389648438,151.17999267578125,74743,0.0,0.0
2024-03-14 11:30:00-04:00,151.19000244140625,151.77999877929688,151.08999633789062,151.74000549316406,87721,0.0,0.0
2024-03-14 12:30:00-04:00,151.77000427246094,151.77000427246094,150.69000244140625,150.7449951171875,94227,0.0,0.0
2024-03-14 13:30:00-04:00,150.6999969482422,151.2100067138672,150.49009704589844,150.86500549316406,83056,0.0,0.0
2024-03-14 14:30:00-04:00,150.77999877929688,150.86500549316406,149.75,149.89999389648438,121233,0.0,0.0
2024-03-14 15:30:00-04:00,149.89999389648438,151.0399932861328,149.60000610351562,151.0399932861328,232371,0.0,0.0
2024-03-15 09:30:00-04:00,149.39999389648438,150.9199981689453,149.39999389648438,150.43499755859375,267208,0.0,0.0
2024-03-15 10:30:00-04:00,150.41000366210938,150.47999572753906,149.9149932861328,150.05999755859375,116628,0.0,0.0
2024-03-15 11:30:00-04:00,150.0850067138672,150.41000366210938,149.86000061035156,149.97999572753906,101386,0.0,0.0
2024-03-15 12:30:00-04:00,150.00999450683594,150.1999969482422,149.32000732421875,149.60000610351562,94183,0.0,0.0
2024-03-15 13:30:00-04:00,149.55999755859375,150.02999877929688,149.50999450683594,149.64999389648438,93170,0.0,0.0
2024-03-15 14:30:00-04:00,149.60000610351562,150.06500244140625,149.55999755859375,149.64999389648438,156339,0.0,0.0
2024-03-15 15:30:00-04:00,149.64999389648438,149.82000732421875,149.38999938964844,149.8000030517578,331033,0.0,0.0
2024-03-18 09:30:00-04:00,151.1699981689453,151.36000061035156,150.0,150.38999938964844,86171,0.0,0.0
2024-03-18 10:30:00-04:00,150.3300018310547,150.65499877929688,150.16000366210938,150.3300018310547,85345,0.0,0.0
2024-03-18 11:30:00-04:00,150.32000732421875,150.57000732421875,150.22000122070312,150.4600067138672,69193,0.0,0.0
2024-03-18 12:30:00-04:00,150.4499969482422,150.5399932861328,150.0399932861328,150.27999877929688,67165,0.0,0.0
2024-03-18 13:30:00-04:00,150.25,150.48500061035156,150.1999969482422,150.30999755859375,86807,0.0,0.0
2024-03-18 14:30:00-04:00,150.27999877929688,150.47999572753906,149.97000122070312,150.02999877929688,83150,0.0,0.0
2024-03-18 15:30:00-04:00,150.02000427246094,150.22000122070312,149.61000061035156,149.6999969482422,194328,0.0,0.0
2024-03-19 09:30:00-04:00,148.94000244140625,149.97500610351562,148.31500244140625,148.31500244140625,73473,0.0,0.0
2024-03-19 10:30:00-04:00,148.2790069580078,149.16000366210938,148.1699981689453,148.8769073486328,48438,0.0,0.0
2024-03-19 11:30:00-04:00,148.85000610351562,149.39999389648438,148.7899932861328,149.13999938964844,59280,0.0,0.0
2024-03-19 12:30:00-04:00,149.1475067138672,149.9600067138672,149.07000732421875,149.58999633789062,126938,0.0,0.0
2024-03-19 13:30:00-04:00,149.58999633789062,149.75,149.36000061035156,149.55999755859375,71985,0.0,0.0
2024-03-19 14:30:00-04:00,149.57000732421875,149.74000549316406,149.32000732421875,149.4499969482422,70456,0.0,0.0
2024-03-19 15:30:00-04:00,149.4199981689453,149.8000030517578,149.3699951171875,149.61000061035156,181604,0.0,0.0
2024-03-20 09:30:00-04:00,149.92999267578125,149.9499969482422,149.2050018310547,149.6300048828125,73535,0.0,0.0
2024-03-20 10:30:00-04:00,149.63999938964844,149.8000030517578,148.88999938964844,148.91000366210938,71528,0.0,0.0
2024-03-20 11:30:00-04:00,148.9550018310547,149.1300048828125,148.6300048828125,149.0500030517578,71898,0.0,0.0
2024-03-20 12:30:00-04:00,149.00999450683594,149.02000427246094,148.77000427246094,148.9199981689453,50379,0.0,0.0
2024-03-20 13:30:00-04:00,148.91000366210938,149.86000061035156,148.5800018310547,149.42999267578125,126178,0.0,0.0
2024-03-20 14:30:00-04:00,149.49000549316406,150.22999572753906,148.6999969482422,150.21499633789062,149844,0.0,0.0
2024-03-20 15:30:00-04:00,150.1699981689453,150.72999572753906,149.91000366210938,150.6699981689453,221644,0.0,0.0
2024-03-21 09:30:00-04:00,151.72999572753906,153.66000366210938,150.91000366210938,153.66000366210938,169624,0.0,0.0
2024-03-21 10:30:00-04:00,153.5800018310547,154.08999633789062,153.27000427246094,153.8000030517578,82108,0.0,0.0
2024-03-21 11:30:00-04:00,153.77000427246094,154.52999877929688,153.60499572753906,154.47999572753906,69709,0.0,0.0
2024-03-21 12:30:00-04:00,154.5500030517578,154.77000427246094,154.32000732421875,154.52999877929688,57354,0.0,0.0
2024-03-21 13:30:00-04:00,154.52999877929688,154.67999267578125,154.34500122070312,154.6199951171875,77272,0.0,0.0
2024-03-21 14:30:00-04:00,154.6300048828125,155.16000366210938,154.33999633789062,155.1199951171875,112546,0.0,0.0
2024-03-21 15:30:00-04:00,155.10000610351562,155.11000061035156,154.14999389648438,154.17999267578125,238440,0.0,0.0
2024-03-22 09:30:00-04:00,153.7899932861328,153.97999572753906,152.8699951171875,152.9949951171875,103030,0.0,0.0
2024-03-22 10:30:00-04:00,153.10499572753906,153.10499572753906,152.07000732421875,152.92999267578125,90854,0.0,0.0
2024-03-22 11:30:00-04:00,152.92999267578125,153.3800048828125,152.75,153.14999389648438,58209,0.0,0.0
2024-03-22 12:30:00-04:00,153.09500122070312,153.4669952392578,153.02999877929688,153.40499877929688,50282,0.0,0.0
2024-03-22 13:30:00-04:00,153.44760131835938,153.8350067138672,153.2899932861328,153.80580139160156,65557,0.0,0.0
2024-03-22 14:30:00-04:00,153.83999633789062,154.3800048828125,153.64999389648438,154.22999572753906,178590,0.0,0.0
2024-03-22 15:30:00-04:00,154.2550048828125,154.77999877929688,154.1199951171875,154.36000061035156,363873,0.0,0.0
2024-03-25 09:30:00-04:00,153.77999877929688,155.24000549316406,152.5749969482422,152.5749969482422,79176,0.0,0.0
2024-03-25 10:30:00-04:00,152.46499633789062,152.9600067138672,152.24000549316406,152.9550018310547,112150,0.0,0.0
2024-03-25 11:30:00-04:00,152.97999572753906,153.0449981689453,152.5500030517578,152.6999969482422,57693,0.0,0.0
2024-03-25 12:30:00-04:00,152.74000549316406,152.74749755859375,152.4499969482422,152.61000061035156,81839,0.0,0.0
2024-03-25 13:30:00-04:00,152.61000061035156,152.72999572753906,152.39500427246094,152.69000244140625,88501,0.0,0.0
2024-03-25 14:30:00-04:00,152.72999572753906,153.1199951171875,152.4199981689453,152.97000122070312,95040,0.0,0.0
2024-03-25 15:30:00-04:00,152.97500610351562,153.10000610351562,152.52999877929688,152.5800018310547,159992,0.0,0.0
2024-03-26 09:30:00-04:00,152.8800048828125,154.14999389648438,152.85870361328125,153.77999877929688,161343,0.0,0.0
2024-03-26 10:30:00-04:00,153.8000030517578,153.8699951171875,152.7050018310547,152.7050018310547,140504,0.0,0.0
2024-03-26 11:30:00-04:00,152.77999877929688,153.31500244140625,152.65249633789062,152.92999267578125,96085,0.0,0.0
2024-03-26 12:30:00-04:00,152.94000244140625,153.05999755859375,152.47500610351562,152.98500061035156,89769,0.0,0.0
2024-03-26 13:30:00-04:00,153.0,153.0399932861328,152.55999755859375,152.9499969482422,86754,0.0,0.0
2024-03-26 14:30:00-04:00,152.9499969482422,153.2100067138672,152.9199981689453,153.0,122476,0.0,0.0
2024-03-26 15:30:00-04:00,153.02999877929688,153.0399932861328,152.0399932861328,152.3699951171875,377049,0.0,0.0
2024-03-27 09:30:00-04:00,153.38999938964844,155.33999633789062,152.6300048828125,155.1699981689453,237428,0.0,0.0
2024-03-27 10:30:00-04:00,155.30999755859375,155.42999267578125,154.9149932861328,155.0,81170,0.0,0.0
2024-03-27 11:30:00-04:00,155.0,155.1199951171875,154.17999267578125,154.24000549316406,139635,0.0,0.0
2024-03-27 12:30:00-04:00,154.2899932861328,154.7899932861328,154.18499755859375,154.38999938964844,80614,0.0,0.0
2024-03-27 13:30:00-04:00,154.35000610351562,154.5,154.10000610351562,154.4199981689453,91338,0.0,0.0
2024-03-27 14:30:00-04:00,154.43499755859375,155.73500061035156,154.36000061035156,155.66000366210938,269185,0.0,0.0
2024-03-27 15:30:00-04:00,155.66000366210938,156.19000244140625,155.58999633789062,155.88999938964844,203437,0.0,0.0
2024-03-28 09:30:00-04:00,155.6300048828125,156.55999755859375,155.55499267578125,155.97999572753906,154426,0.0,0.0
2024-03-28 10:30:00-04:00,155.9199981689453,157.0399932861328,155.9199981689453,157.02000427246094,119097,0.0,0.0
2024-03-28 11:30:00-04:00,157.02999877929688,157.85000610351562,156.97500610351562,157.66000366210938,170200,0.0,0.0
2024-03-28 12:30:00-04:00,157.6300048828125,157.6300048828125,157.0341033935547,157.2449951171875,66822,0.0,0.0
2024-03-28 13:30:00-04:00,157.28500366210938,157.33999633789062,156.67999267578125,156.67999267578125,59662,0.0,0.0
2024-03-28 14:30:00-04:00,156.6699981689453,157.33999633789062,156.1699981689453,157.33999633789062,134165,0.0,0.0
2024-03-28 15:30:00-04:00,157.38999938964844,157.38999938964844,156.17999267578125,156.22000122070312,232496,0.0,0.0
2024-04-01 09:30:00-04:00,156.0500030517578,156.11000061035156,154.60000610351562,154.72000122070312,56994,0.0,0.0
2024-04-01 10:30:00-04:00,154.6300048828125,155.49000549316406,154.39100646972656,155.0850067138672,52357,0.0,0.0
2024-04-01 11:30:00-04:00,155.0850067138672,155.1199951171875,154.38999938964844,154.97000122070312,62853,0.0,0.0
2024-04-01 12:30:00-04:00,155.07000732421875,155.33999633789062,154.7100067138672,154.9199981689453,54891,0.0,0.0
2024-04-01 13:30:00-04:00,154.94000244140625,155.27999877929688,154.86000061035156,155.10000610351562,48442,0.0,0.0
2024-04-01 14:30:00-04:00,155.11000061035156,155.1999969482422,154.52000427246094,154.75999450683594,88764,0.0,0.0
2024-04-01 15:30:00-04:00,154.74000549316406,155.02000427246094,154.47999572753906,155.00999450683594,161417,0.0,0.0
2024-04-02 09:30:00-04:00,153.13999938964844,153.72000122070312,152.47999572753906,153.49000549316406,155848,0.0,0.0
2024-04-02 10:30:00-04:00,153.49000549316406,153.86500549316406,153.41000366210938,153.60000610351562,63910,0.0,0.0
2024-04-02 11:30:00-04:00,153.64500427246094,153.75999450683594,153.27999877929688,153.6300048828125,128511,0.0,0.0
2024-04-02 12:30:00-04:00,153.6999969482422,154.41000366210938,153.52000427246094,154.0399932861328,79769,0.0,0.0
2024-04-02 13:30:00-04:00,154.02999877929688,154.3699951171875,153.9499969482422,154.3699951171875,76243,0.0,0.0
2024-04-02 14:30:00-04:00,154.27999877929688,154.2899932861328,153.60499572753906,154.0800018310547,112236,0.0,0.0
2024-04-02 15:30:00-04:00,154.1199951171875,154.25,153.67999267578125,153.77999877929688,177915,0.0,0.0
2024-04-03 09:30:00-04:00,153.08999633789062,155.14999389648438,152.74000549316406,155.08999633789062,77857,0.0,0.0
2024-04-03 10:30:00-04:00,155.30499267578125,155.40499877929688,154.94000244140625,155.22189331054688,49903,0.0,0.0
2024-04-03 11:30:00-04:00,155.1999969482422,155.4199981689453,155.08999633789062,155.22000122070312,74480,0.0,0.0
2024-04-03 12:30:00-04:00,155.22000122070312,155.58999633789062,155.0,155.38999938964844,52738,0.0,0.0
2024-04-03 13:30:00-04:00,155.35499572753906,156.1699981689453,155.32000732421875,156.0500030517578,81645,0.0,0.0
2024-04-03 14:30:00-04:00,155.9949951171875,156.22999572753906,155.6824951171875,155.88499450683594,158795,0.0,0.0
2024-04-03 15:30:00-04:00,155.8800048828125,156.2899932861328,155.7899932861328,156.1699981689453,258900,0.0,0.0
2024-04-04 09:30:00-04:00,157.99000549316406,159.82000732421875,157.39999389648438,159.47000122070312,147566,0.0,0.0
2024-04-04 10:30:00-04:00,159.39999389648438,159.5,157.875,158.0800018310547,74878,0.0,0.0
2024-04-04 11:30:00-04:00,158.00999450683594,158.19000244140625,157.71180725097656,158.1649932861328,57193,0.0,0.0
2024-04-04 12:30:00-04:00,158.1999969482422,158.77000427246094,158.13999938964844,158.77000427246094,104523,0.0,0.0
2024-04-04 13:30:00-04:00,158.72500610351562,158.86000061035156,157.85000610351562,157.85000610351562,220560,0.0,0.0
2024-04-04 14:30:00-04:00,157.82000732421875,157.9499969482422,154.48500061035156,154.48500061035156,268106,0.0,0.0
2024-04-04 15:30:00-04:00,154.35000610351562,155.4199981689453,153.6999969482422,154.88999938964844,384560,0.0,0.0
2024-04-05 09:30:00-04:00,154.69000244140625,156.5399932861328,154.25999450683594,156.0500030517578,138727,0.0,0.0
2024-04-05 10:30:00-04:00,156.0800018310547,157.24000549316406,155.9949951171875,156.69000244140625,108875,0.0,0.0
2024-04-05 11:30:00-04:00,156.7100067138672,157.38999938964844,156.6199951171875,157.05999755859375,48394,0.0,0.0
2024-04-05 12:30:00-04:00,157.06500244140625,157.49000549316406,156.75999450683594,156.88250732421875,49262,0.0,0.0
2024-04-05 13:30:00-04:00,156.84750366210938,157.01499938964844,156.41000366210938,156.53500366210938,64987,0.0,0.0
2024-04-05 14:30:00-04:00,156.6199951171875,157.0500030517578,156.5,157.02000427246094,94661,0.0,0.0
2024-04-05 15:30:00-04:00,156.97999572753906,157.58999633789062,156.8800048828125,157.2899932861328,283856,0.0,0.0
2024-04-08 09:30:00-04:00,158.3300018310547,159.22000122070312,157.5399932861328,159.125,177634,0.0,0.0
2024-04-08 10:30:00-04:00,159.14999389648438,159.49000549316406,158.72000122070312,158.82000732421875,99814,0.0,0.0
2024-04-08 11:30:00-04:00,158.74000549316406,158.85499572753906,158.20889282226562,158.64999389648438,114086,0.0,0.0
2024-04-08 12:30:00-04:00,158.60499572753906,158.8699951171875,158.23500061035156,158.7449951171875,111027,0.0,0.0
2024-04-08 13:30:00-04:00,158.7449951171875,159.07000732421875,157.75,158.0399932861328,110669,0.0,0.0
2024-04-08 14:30:00-04:00,158.0,158.8699951171875,157.9250030517578,158.8699951171875,199912,0.0,0.0
2024-04-08 15:30:00-04:00,158.85499572753906,159.05999755859375,158.1999969482422,158.75999450683594,335715,0.0,0.0
2024-04-09 09:30:00-04:00,159.67999267578125,160.0050048828125,158.64999389648438,159.1300048828125,83920,0.0,0.0
2024-04-09 10:30:00-04:00,159.0,159.8699951171875,158.88999938964844,159.57000732421875,166138,0.0,0.0
2024-04-09 11:30:00-04:00,159.5500030517578,159.91000366210938,159.30999755859375,159.75,46815,0.0,0.0
2024-04-09 12:30:00-04:00,159.69000244140625,160.1199951171875,159.69000244140625,159.9600067138672,68408,0.0,0.0
2024-04-09 13:30:00-04:00,159.89939880371094,160.11000061035156,159.77000427246094,160.00999450683594,63005,0.0,0.0
2024-04-09 14:30:00-04:00,159.97999572753906,160.13499450683594,159.27000427246094,160.0,111913,0.0,0.0
2024-04-09 15:30:00-04:00,160.0399932861328,160.1999969482422,159.4499969482422,160.1199951171875,668377,0.0,0.0
2024-04-10 09:30:00-04:00,156.7899932861328,158.2949981689453,156.18499755859375,157.07000732421875,193620,0.0,0.0
2024-04-10 10:30:00-04:00,156.98410034179688,157.22000122070312,155.48500061035156,156.32000732421875,289890,0.0,0.0
2024-04-10 11:30:00-04:00,156.39999389648438,156.39999389648438,155.02000427246094,155.64999389648438,307663,0.0,0.0
2024-04-10 12:30:00-04:00,155.67999267578125,156.5,155.00999450683594,156.32000732421875,252592,0.0,0.0
2024-04-10 13:30:00-04:00,156.05999755859375,156.42999267578125,155.60000610351562,155.7899932861328,132450,0.0,0.0
2024-04-10 14:30:00-04:00,155.82000732421875,157.3800048828125,155.75999450683594,157.02999877929688,135531,0.0,0.0
2024-04-10 15:30:00-04:00,156.8800048828125,157.25999450683594,156.17999267578125,157.0399932861328,251889,0.0,0.0
2024-04-11 09:30:00-04:00,157.17999267578125,157.99000549316406,156.22999572753906,156.23500061035156,220027,0.0,0.0
2024-04-11 10:30:00-04:00,156.35000610351562,157.1999969482422,156.02000427246094,157.02000427246094,291831,0.0,0.0
2024-04-11 11:30:00-04:00,156.9949951171875,157.38999938964844,156.8350067138672,157.2899932861328,159199,0.0,0.0
2024-04-11 12:30:00-04:00,157.2949981689453,158.6699981689453,157.2949981689453,158.5500030517578,99876,0.0,0.0
2024-04-11 13:30:00-04:00,158.55250549316406,159.08999633789062,158.1300048828125,158.9550018310547,88982,0.0,0.0
2024-04-11 14:30:00-04:00,158.9600067138672,159.72000122070312,158.8800048828125,159.6199951171875,97807,0.0,0.0
2024-04-11 15:30:00-04:00,159.55999755859375,160.32000732421875,159.4499969482422,160.1300048828125,272110,0.0,0.0
2024-04-12 09:30:00-04:00,157.80999755859375,159.1199951171875,156.9949951171875,157.53500366210938,520035,0.0,0.0
2024-04-12 10:30:00-04:00,157.4550018310547,157.67999267578125,155.8350067138672,156.4499969482422,336732,0.0,0.0
2024-04-12 11:30:00-04:00,156.44000244140625,157.44000244140625,156.0399932861328,156.0399932861328,254131,0.0,0.0
2024-04-12 12:30:00-04:00,155.9499969482422,156.13999938964844,155.14999389648438,155.22000122070312,180896,0.0,0.0
2024-04-12 13:30:00-04:00,155.1699981689453,155.97000122070312,154.8699951171875,155.72999572753906,191774,0.0,0.0
2024-04-12 14:30:00-04:00,155.61000061035156,155.9499969482422,154.97500610351562,154.99000549316406,128923,0.0,0.0
2024-04-12 15:30:00-04:00,155.0050048828125,155.4499969482422,154.75,155.05999755859375,361338,0.0,0.0
2024-04-15 09:30:00-04:00,157.0500030517578,157.0500030517578,154.63499450683594,154.63499450683594,68379,0.0,0.0
2024-04-15 10:30:00-04:00,154.56500244140625,155.22000122070312,154.44000244140625,154.875,83682,0.0,0.0
2024-04-15 11:30:00-04:00,154.8699951171875,155.82000732421875,154.8699951171875,155.0749969482422,77330,0.0,0.0
2024-04-15 12:30:00-04:00,155.0449981689453,155.07000732421875,153.86000061035156,153.86000061035156,77819,0.0,0.0
2024-04-15 13:30:00-04:00,153.8000030517578,154.35000610351562,153.1199951171875,153.3300018310547,115630,0.0,0.0
2024-04-15 14:30:00-04:00,153.25999450683594,153.5800018310547,152.05999755859375,152.44000244140625,210561,0.0,0.0
2024-04-15 15:30:00-04:00,152.5,153.61000061035156,152.47000122070312,153.3300018310547,205957,0.0,0.0
2024-04-16 09:30:00-04:00,153.16000366210938,153.30999755859375,150.60000610351562,151.3699951171875,141880,0.0,0.0
2024-04-16 10:30:00-04:00,151.30999755859375,152.2100067138672,151.02000427246094,152.1999969482422,140018,0.0,0.0
2024-04-16 11:30:00-04:00,152.27999877929688,152.38499450683594,151.57000732421875,151.9600067138672,82988,0.0,0.0
2024-04-16 12:30:00-04:00,152.02999877929688,152.02999877929688,151.47000122070312,151.47000122070312,47726,0.0,0.0
2024-04-16 13:30:00-04:00,151.49000549316406,152.08999633789062,150.72999572753906,150.77999877929688,75834,0.0,0.0
2024-04-16 14:30:00-04:00,150.8574981689453,152.39500427246094,150.8574981689453,152.30999755859375,73698,0.0,0.0
2024-04-16 15:30:00-04:00,152.27000427246094,152.27000427246094,151.41000366210938,151.61000061035156,224097,0.0,0.0
2024-04-17 09:30:00-04:00,152.05999755859375,152.9600067138672,150.55999755859375,151.64999389648438,85006,0.0,0.0
2024-04-17 10:30:00-04:00,151.59500122070312,152.1300048828125,151.4199981689453,151.77999877929688,162416,0.0,0.0
2024-04-17 11:30:00-04:00,151.5800018310547,151.5800018310547,149.85499572753906,149.98500061035156,61799,0.0,0.0
2024-04-17 12:30:00-04:00,149.98500061035156,150.9199981689453,149.6699981689453,150.875,62041,0.0,0.0
2024-04-17 13:30:00-04:00,150.85000610351562,151.0717010498047,150.05999755859375,150.5500030517578,112465,0.0,0.0
2024-04-17 14:30:00-04:00,150.4199981689453,151.19000244140625,149.87130737304688,149.89999389648438,38301,0.0,0.0
2024-04-17 15:30:00-04:00,149.99000549316406,150.48500061035156,149.88999938964844,149.92999267578125,146689,0.0,0.0
2024-04-18 09:30:00-04:00,149.8699951171875,149.8699951171875,147.80999755859375,148.6649932861328,121210,0.0,0.0
2024-04-18 10:30:00-04:00,148.6649932861328,149.32000732421875,148.6300048828125,148.97999572753906,105097,0.0,0.0
2024-04-18 11:30:00-04:00,148.93499755859375,148.94000244140625,148.3249969482422,148.57000732421875,71015,0.0,0.0
2024-04-18 12:30:00-04:00,148.55999755859375,148.60000610351562,147.1999969482422,147.50999450683594,53571,0.0,0.0
2024-04-18 13:30:00-04:00,147.47000122070312,147.59500122070312,146.82000732421875,147.0500030517578,68138,0.0,0.0
2024-04-18 14:30:00-04:00,147.03460693359375,147.64500427246094,146.65499877929688,147.17100524902344,94699,0.0,0.0
2024-04-18 15:30:00-04:00,147.32000732421875,147.7899932861328,146.75999450683594,146.75999450683594,353542,0.0,0.0
2024-04-19 09:30:00-04:00,146.6199951171875,147.77000427246094,146.25,146.69000244140625,149189,0.0,0.0
2024-04-19 10:30:00-04:00,146.6999969482422,146.8699951171875,146.11500549316406,146.3350067138672,99592,0.0,0.0
2024-04-19 11:30:00-04:00,146.38999938964844,146.47999572753906,145.61000061035156,145.6199951171875,52949,0.0,0.0
2024-04-19 12:30:00-04:00,145.7100067138672,146.0800018310547,145.5399932861328,145.58999633789062,134487,0.0,0.0
2024-04-19 13:30:00-04:00,145.66000366210938,146.1300048828125,145.4600067138672,145.55999755859375,188804,0.0,0.0
2024-04-19 14:30:00-04:00,145.64999389648438,145.78500366210938,144.77999877929688,145.11000061035156,76194,0.0,0.0
2024-04-19 15:30:00-04:00,145.0800018310547,145.32000732421875,144.80999755859375,145.11000061035156,201319,0.0,0.0
2024-04-22 09:30:00-04:00,146.1699981689453,146.75999450683594,144.85000610351562,145.1699981689453,78287,0.0,0.0
2024-04-22 10:30:00-04:00,145.0850067138672,145.85000610351562,144.55999755859375,144.5800018310547,60972,0.0,0.0
2024-04-22 11:30:00-04:00,144.77999877929688,145.2375030517578,144.3300018310547,144.91000366210938,73310,0.0,0.0
2024-04-22 12:30:00-04:00,144.9499969482422,145.58999633789062,144.77999877929688,145.58999633789062,85035,0.0,0.0
2024-04-22 13:30:00-04:00,145.5800018310547,146.38999938964844,145.4199981689453,146.1300048828125,158001,0.0,0.0
2024-04-22 14:30:00-04:00,146.1300048828125,146.41990661621094,145.44000244140625,145.66000366210938,101173,0.0,0.0
2024-04-22 15:30:00-04:00,145.61500549316406,145.72000122070312,144.63999938964844,144.74000549316406,293895,0.0,0.0
2024-04-23 09:30:00-04:00,145.49000549316406,147.3249969482422,145.02999877929688,147.23500061035156,155192,0.0,0.0
2024-04-23 10:30:00-04:00,147.19000244140625,147.52999877929688,146.75999450683594,146.94500732421875,86766,0.0,0.0
2024-04-23 11:30:00-04:00,146.94500732421875,147.85000610351562,146.92999267578125,147.5050048828125,176873,0.0,0.0
2024-04-23 12:30:00-04:00,147.5500030517578,147.75999450683594,147.30999755859375,147.52000427246094,56952,0.0,0.0
2024-04-23 13:30:00-04:00,147.52000427246094,148.43499755859375,147.52000427246094,148.39999389648438,100014,0.0,0.0
2024-04-23 14:30:00-04:00,148.40499877929688,148.40499877929688,147.80999755859375,147.94000244140625,138703,0.0,0.0
2024-04-23 15:30:00-04:00,147.89999389648438,148.16180419921875,146.75999450683594,146.8000030517578,425770,0.0,0.0
2024-04-24 09:30:00-04:00,147.66000366210938,147.66000366210938,146.0500030517578,146.72000122070312,262175,0.0,0.0
2024-04-24 10:30:00-04:00,146.76800537109375,146.76800537109375,145.39999389648438,145.9499969482422,124378,0.0,0.0
2024-04-24 11:30:00-04:00,145.9499969482422,146.22999572753906,145.60000610351562,145.99000549316406,107120,0.0,0.0
2024-04-24 12:30:00-04:00,145.8699951171875,146.50999450683594,145.5,146.50999450683594,75090,0.0,0.0
2024-04-24 13:30:00-04:00,146.50999450683594,146.9199981689453,146.30999755859375,146.36000061035156,104881,0.0,0.0
2024-04-24 14:30:00-04:00,146.33999633789062,146.42999267578125,145.92999267578125,146.1999969482422,133430,0.0,0.0
2024-04-24 15:30:00-04:00,146.1999969482422,146.69000244140625,145.9600067138672,146.52999877929688,351562,0.0,0.0
2024-04-25 09:30:00-04:00,145.9499969482422,146.1300048828125,144.3000030517578,146.1300048828125,98062,0.0,0.0
2024-04-25 10:30:00-04:00,146.10499572753906,146.22000122070312,145.1999969482422,145.8800048828125,80794,0.0,0.0
2024-04-25 11:30:00-04:00,145.8800048828125,146.32000732421875,145.47999572753906,146.1699981689453,79796,0.0,0.0
2024-04-25 12:30:00-04:00,146.1416015625,146.7899932861328,145.9600067138672,146.55999755859375,42237,0.0,0.0
2024-04-25 13:30:00-04:00,146.5399932861328,147.21499633789062,146.49000549316406,146.8000030517578,58440,0.0,0.0
2024-04-25 14:30:00-04:00,146.77000427246094,147.55999755859375,146.6999969482422,147.5449981689453,72617,0.0,0.0
2024-04-25 15:30:00-04:00,147.49000549316406,147.5500030517578,147.00999450683594,147.4199981689453,141909,0.0,0.0
2024-04-26 09:30:00-04:00,147.0,148.5,147.0,148.0399932861328,122454,0.0,0.0
2024-04-26 10:30:00-04:00,148.01499938964844,148.38999938964844,147.92999267578125,148.19500732421875,118189,0.0,0.0
2024-04-26 11:30:00-04:00,148.19000244140625,149.0,148.08999633789062,148.94000244140625,59679,0.0,0.0
2024-04-26 12:30:00-04:00,148.9499969482422,149.4199981689453,148.85499572753906,149.30499267578125,55037,0.0,0.0
2024-04-26 13:30:00-04:00,149.24000549316406,149.3699951171875,148.6199951171875,148.7100067138672,72766,0.0,0.0
2024-04-26 14:30:00-04:00,148.68499755859375,149.10000610351562,148.47999572753906,148.91000366210938,98554,0.0,0.0
2024-04-26 15:30:00-04:00,148.88999938964844,149.00999450683594,148.49000549316406,148.5,206963,0.0,0.0
2024-04-29 09:30:00-04:00,149.25999450683594,150.4600067138672,149.22000122070312,150.07000732421875,94428,0.0,0.0
2024-04-29 10:30:00-04:00,150.17999267578125,150.17999267578125,149.63999938964844,150.02999877929688,54707,0.0,0.0
2024-04-29 11:30:00-04:00,150.0800018310547,150.14999389648438,149.58999633789062,149.93499755859375,58532,0.0,0.0
2024-04-29 12:30:00-04:00,150.00999450683594,150.10000610351562,149.66000366210938,149.7274932861328,51935,0.0,0.0
2024-04-29 13:30:00-04:00,149.6699981689453,150.2899932861328,149.66000366210938,150.25,86833,0.0,0.0
2024-04-29 14:30:00-04:00,150.13999938964844,150.3699951171875,149.57000732421875,149.88900756835938,113994,0.0,0.0
2024-04-29 15:30:00-04:00,149.88999938964844,150.25,149.3800048828125,150.17999267578125,247749,0.0,0.0
2024-04-30 09:30:00-04:00,149.17999267578125,150.8699951171875,148.63999938964844,149.94000244140625,86894,0.0,0.0
2024-04-30 10:30:00-04:00,149.7949981689453,150.02999877929688,149.07000732421875,149.19000244140625,65030,0.0,0.0
2024-04-30 11:30:00-04:00,149.22999572753906,149.3000030517578,148.6999969482422,149.25999450683594,63695,0.0,0.0
2024-04-30 12:30:00-04:00,149.1999969482422,149.1999969482422,148.6750030517578,148.9600067138672,86284,0.0,0.0
2024-04-30 13:30:00-04:00,148.9600067138672,149.27999877929688,148.72999572753906,148.8000030517578,90772,0.0,0.0
2024-04-30 14:30:00-04:00,148.78500366210938,148.8800048828125,148.13999938964844,148.32000732421875,87061,0.0,0.0
2024-04-30 15:30:00-04:00,148.3249969482422,148.5050048828125,147.58999633789062,147.9199981689453,215136,0.0,0.0
2024-05-01 09:30:00-04:00,147.1999969482422,147.1999969482422,145.52999877929688,145.52999877929688,48833,0.0,0.0
2024-05-01 10:30:00-04:00,145.56500244140625,146.2899932861328,145.16000366210938,145.5998992919922,60572,0.0,0.0
2024-05-01 11:30:00-04:00,145.49220275878906,146.29629516601562,145.35000610351562,146.27000427246094,41218,0.0,0.0
2024-05-01 12:30:00-04:00,146.25,146.35989379882812,145.1999969482422,145.23500061035156,167245,0.0,0.0
2024-05-01 13:30:00-04:00,145.24000549316406,145.72000122070312,144.77000427246094,145.67999267578125,121129,0.0,0.0
2024-05-01 14:30:00-04:00,145.6999969482422,147.73500061035156,144.77999877929688,147.07000732421875,159136,0.0,0.0
2024-05-01 15:30:00-04:00,146.91000366210938,147.0,144.82000732421875,144.9499969482422,239552,0.0,0.0
2024-05-02 09:30:00-04:00,146.07000732421875,146.75999450683594,144.0500030517578,145.1999969482422,129798,0.0,0.0
2024-05-02 10:30:00-04:00,145.2100067138672,146.02499389648438,145.06410217285156,145.5800018310547,64766,0.0,0.0
2024-05-02 11:30:00-04:00,145.61500549316406,146.08999633789062,145.47000122070312,145.63999938964844,48210,0.0,0.0
2024-05-02 12:30:00-04:00,145.64500427246094,146.07000732421875,145.32000732421875,146.0500030517578,46612,0.0,0.0
2024-05-02 13:30:00-04:00,146.02999877929688,146.3000030517578,145.77999877929688,146.25,66533,0.0,0.0
2024-05-02 14:30:00-04:00,146.25,147.21499633789062,146.1999969482422,146.97000122070312,139962,0.0,0.0
2024-05-02 15:30:00-04:00,146.8800048828125,147.02000427246094,146.6699981689453,146.99000549316406,148088,0.0,0.0
2024-05-03 09:30:00-04:00,149.61000061035156,149.77999877929688,148.22000122070312,148.30999755859375,73495,0.0,0.0
2024-05-03 10:30:00-04:00,148.38999938964844,148.44500732421875,147.61000061035156,148.14999389648438,44167,0.0,0.0
2024-05-03 11:30:00-04:00,148.10000610351562,148.77000427246094,147.97999572753906,148.60000610351562,44830,0.0,0.0
2024-05-03 12:30:00-04:00,148.64500427246094,148.64500427246094,147.9600067138672,148.16000366210938,42010,0.0,0.0
2024-05-03 13:30:00-04:00,148.0399932861328,148.6999969482422,147.89999389648438,148.66000366210938,40499,0.0,0.0
2024-05-03 14:30:00-04:00,148.6699981689453,149.00999450683594,148.44000244140625,149.0,66172,0.0,0.0
2024-05-03 15:30:00-04:00,148.97000122070312,149.2899932861328,148.72000122070312,149.1999969482422,142259,0.0,0.0
2024-05-06 09:30:00-04:00,150.3000030517578,150.92999267578125,149.51499938964844,150.35000610351562,64464,0.0,0.0
2024-05-06 10:30:00-04:00,150.42999267578125,150.6999969482422,149.80999755859375,149.84500122070312,67613,0.0,0.0
2024-05-06 11:30:00-04:00,149.8800048828125,150.05999755859375,149.69000244140625,149.94500732421875,35960,0.0,0.0
2024-05-06 12:30:00-04:00,149.94500732421875,150.38999938964844,149.47999572753906,150.16000366210938,110449,0.0,0.0
2024-05-06 13:30:00-04:00,150.19500732421875,150.41000366210938,150.19000244140625,150.33999633789062,73401,0.0,0.0
2024-05-06 14:30:00-04:00,150.375,150.3800048828125,149.75999450683594,149.8000030517578,75956,0.0,0.0
2024-05-06 15:30:00-04:00,149.8000030517578,150.60000610351562,149.77999877929688,150.5800018310547,169727,0.0,0.0
2024-05-07 09:30:00-04:00,150.97999572753906,151.5500030517578,150.2899932861328,151.47000122070312,69093,0.0,0.0
2024-05-07 10:30:00-04:00,151.3800048828125,151.77000427246094,151.14999389648438,151.5500030517578,39581,0.0,0.0
2024-05-07 11:30:00-04:00,151.49000549316406,151.64999389648438,151.07000732421875,151.13929748535156,30267,0.0,0.0
2024-05-07 12:30:00-04:00,151.1699981689453,151.52000427246094,151.10000610351562,151.47999572753906,32008,0.0,0.0
2024-05-07 13:30:00-04:00,151.48899841308594,151.5,151.02999877929688,151.0399932861328,42461,0.0,0.0
2024-05-07 14:30:00-04:00,151.05369567871094,151.05999755859375,150.76499938964844,150.82000732421875,76738,0.0,0.0
2024-05-07 15:30:00-04:00,150.77000427246094,150.8300018310547,150.02999877929688,150.1300048828125,224530,0.0,0.0
2024-05-08 09:30:00-04:00,148.66000366210938,148.66000366210938,147.33999633789062,147.77499389648438,233724,0.0,0.0
2024-05-08 10:30:00-04:00,147.77999877929688,148.9499969482422,147.7449951171875,148.63999938964844,181573,0.0,0.0
2024-05-08 11:30:00-04:00,148.65750122070312,148.7899932861328,148.4199981689453,148.7100067138672,161397,0.0,0.0
2024-05-08 12:30:00-04:00,148.75999450683594,149.61000061035156,148.6999969482422,149.5449981689453,81605,0.0,0.0
2024-05-08 13:30:00-04:00,149.55999755859375,150.0449981689453,149.47000122070312,150.02000427246094,78288,0.0,0.0
2024-05-08 14:30:00-04:00,150.0399932861328,150.5500030517578,149.91000366210938,150.5175018310547,73727,0.0,0.0
2024-05-08 15:30:00-04:00,150.5500030517578,151.25,150.47000122070312,150.8800048828125,310426,0.0,0.0
2024-05-09 09:30:00-04:00,150.77000427246094,150.88499450683594,150.0,150.02999877929688,53766,0.0,0.0
2024-05-09 10:30:00-04:00,150.16000366210938,150.9199981689453,150.0800018310547,150.85000610351562,62692,0.0,0.0
2024-05-09 11:30:00-04:00,150.75999450683594,150.8000030517578,150.3300018310547,150.3300018310547,45293,0.0,0.0
2024-05-09 12:30:00-04:00,150.33999633789062,150.64999389648438,150.25999450683594,150.39999389648438,66580,0.0,0.0
2024-05-09 13:30:00-04:00,150.43499755859375,150.5,150.22999572753906,150.42999267578125,44404,0.0,0.0
2024-05-09 14:30:00-04:00,150.4250030517578,151.11000061035156,150.36000061035156,150.8800048828125,62847,0.0,0.0
2024-05-09 15:30:00-04:00,150.83999633789062,151.05999755859375,150.64500427246094,151.00999450683594,191233,0.0,0.0
2024-05-10 09:30:00-04:00,151.7899932861328,152.02999877929688,150.57000732421875,150.77999877929688,56145,0.0,0.0
2024-05-10 10:30:00-04:00,150.7050018310547,151.11000061035156,150.14999389648438,150.32000732421875,78331,0.0,0.0
2024-05-10 11:30:00-04:00,150.40379333496094,150.40379333496094,149.72000122070312,149.89999389648438,91242,0.0,0.0
2024-05-10 12:30:00-04:00,150.02000427246094,150.22000122070312,149.8509979248047,149.94000244140625,106600,0.0,0.0
2024-05-10 13:30:00-04:00,149.92999267578125,150.05999755859375,149.6199951171875,149.76499938964844,60953,0.0,0.0
2024-05-10 14:30:00-04:00,149.75999450683594,150.0,149.60000610351562,149.60499572753906,99495,0.0,0.0
2024-05-10 15:30:00-04:00,149.60499572753906,150.30999755859375,149.5,150.16000366210938,214918,0.0,0.0
2024-05-13 09:30:00-04:00,150.30999755859375,151.24000549316406,150.11500549316406,150.58999633789062,75286,0.0,0.0
2024-05-13 10:30:00-04:00,150.55999755859375,151.19000244140625,150.49000549316406,150.5,58576,0.0,0.0
2024-05-13 11:30:00-04:00,150.39999389648438,150.8000030517578,150.25,150.32000732421875,55477,0.0,0.0
2024-05-13 12:30:00-04:00,150.32000732421875,150.4199981689453,149.6999969482422,149.86000061035156,39271,0.0,0.0
2024-05-13 13:30:00-04:00,149.92999267578125,150.1199951171875,149.6300048828125,149.82000732421875,61928,0.0,0.0
2024-05-13 14:30:00-04:00,149.7899932861328,150.1199951171875,149.5500030517578,149.6300048828125,69900,0.0,0.0
2024-05-13 15:30:00-04:00,149.67999267578125,150.0500030517578,149.58999633789062,149.6699981689453,157926,0.0,0.0
2024-05-14 09:30:00-04:00,150.22000122070312,151.87399291992188,150.22000122070312,150.97999572753906,94094,0.0,0.0
2024-05-14 10:30:00-04:00,150.9250030517578,151.61500549316406,150.5399932861328,151.4949951171875,53230,0.0,0.0
2024-05-14 11:30:00-04:00,151.38999938964844,151.4199981689453,150.80999755859375,150.97999572753906,40980,0.0,0.0
2024-05-14 12:30:00-04:00,150.99000549316406,150.99000549316406,150.50999450683594,150.57000732421875,42419,0.0,0.0
2024-05-14 13:30:00-04:00,150.6199951171875,150.97000122070312,150.50999450683594,150.88389587402344,49775,0.0,0.0
2024-05-14 14:30:00-04:00,150.86000061035156,151.4600067138672,150.75999450683594,151.44900512695312,105606,0.0,0.0
2024-05-14 15:30:00-04:00,151.47999572753906,151.66000366210938,151.1699981689453,151.5,191852,0.0,0.0
2024-05-15 09:30:00-04:00,152.5,154.64999389648438,152.17999267578125,154.39999389648438,152329,0.0,0.0
2024-05-15 10:30:00-04:00,154.39500427246094,155.22000122070312,154.3300018310547,155.1199951171875,76064,0.0,0.0
2024-05-15 11:30:00-04:00,155.19000244140625,155.61000061035156,155.08999633789062,155.5449981689453,77358,0.0,0.0
2024-05-15 12:30:00-04:00,155.56500244140625,155.97000122070312,155.39999389648438,155.92999267578125,89005,0.0,0.0
2024-05-15 13:30:00-04:00,156.00999450683594,156.0800018310547,155.52000427246094,155.7100067138672,93698,0.0,0.0
2024-05-15 14:30:00-04:00,155.75999450683594,155.92999267578125,155.47999572753906,155.63999938964844,93068,0.0,0.0
2024-05-15 15:30:00-04:00,155.6199951171875,155.9499969482422,155.2899932861328,155.75999450683594,229586,0.0,0.0
2024-05-16 09:30:00-04:00,156.27999877929688,156.27999877929688,154.5449981689453,155.55999755859375,85527,0.0,0.0
2024-05-16 10:30:00-04:00,155.5800018310547,156.49000549316406,155.16000366210938,156.34500122070312,87107,0.0,0.0
2024-05-16 11:30:00-04:00,156.34500122070312,156.74000549316406,156.3300018310547,156.41000366210938,83192,0.0,0.0
2024-05-16 12:30:00-04:00,156.41000366210938,156.63999938964844,156.0500030517578,156.5500030517578,111493,0.0,0.0
2024-05-16 13:30:00-04:00,156.61000061035156,156.6999969482422,155.92999267578125,156.12109375,98575,0.0,0.0
2024-05-16 14:30:00-04:00,156.1280975341797,157.1199951171875,156.00999450683594,156.93099975585938,115461,0.0,0.0
2024-05-16 15:30:00-04:00,157.0500030517578,157.11990356445312,156.5500030517578,156.8300018310547,301882,0.0,0.0
2024-05-17 09:30:00-04:00,157.35000610351562,157.75999450683594,156.6999969482422,157.17999267578125,133413,0.0,0.0
2024-05-17 10:30:00-04:00,157.17999267578125,157.6199951171875,156.72000122070312,157.08999633789062,91212,0.0,0.0
2024-05-17 11:30:00-04:00,157.1699981689453,157.375,156.9499969482422,157.0500030517578,84671,0.0,0.0
2024-05-17 12:30:00-04:00,157.02999877929688,157.27000427246094,156.5800018310547,156.7899932861328,74489,0.0,0.0
2024-05-17 13:30:00-04:00,156.7899932861328,157.08999633789062,156.52999877929688,156.72999572753906,105295,0.0,0.0
2024-05-17 14:30:00-04:00,156.72000122070312,157.375,156.22000122070312,157.21249389648438,119307,0.0,0.0
2024-05-17 15:30:00-04:00,157.22000122070312,157.42999267578125,156.87100219726562,157.35000610351562,181130,0.0,0.0
2024-05-20 09:30:00-04:00,157.5500030517578,160.9199981689453,156.8699951171875,160.3300018310547,237281,0.0,0.0
2024-05-20 10:30:00-04:00,160.39999389648438,161.0800018310547,159.86000061035156,160.88499450683594,209440,0.0,0.0
2024-05-20 11:30:00-04:00,160.9199981689453,161.02999877929688,160.05999755859375,160.3800048828125,145872,0.0,0.0
2024-05-20 12:30:00-04:00,160.3800048828125,160.85499572753906,159.92999267578125,159.92999267578125,123865,0.0,0.0
2024-05-20 13:30:00-04:00,159.9550018310547,160.33999633789062,159.5850067138672,160.21499633789062,164339,0.0,0.0
2024-05-20 14:30:00-04:00,160.3000030517578,160.6199951171875,160.0500030517578,160.60499572753906,162090,0.0,0.0
2024-05-20 15:30:00-04:00,160.5800018310547,160.60000610351562,159.61000061035156,159.80999755859375,423221,0.0,0.0
2024-05-21 09:30:00-04:00,153.27000427246094,154.77999877929688,143.00999450683594,143.99000549316406,903187,0.0,0.0
2024-05-21 10:30:00-04:00,143.9199981689453,145.1999969482422,142.64999389648438,143.17999267578125,1046539,0.0,0.0
2024-05-21 11:30:00-04:00,143.16000366210938,144.2198944091797,142.5,143.8300018310547,442643,0.0,0.0
2024-05-21 12:30:00-04:00,143.8300018310547,145.97999572753906,143.6750030517578,145.25,395207,0.0,0.0
2024-05-21 13:30:00-04:00,145.28500366210938,145.60000610351562,144.8800048828125,145.30999755859375,238076,0.0,0.0
2024-05-21 14:30:00-04:00,145.30999755859375,145.86000061035156,145.10000610351562,145.30999755859375,273074,0.0,0.0
2024-05-21 15:30:00-04:00,145.32000732421875,146.66000366210938,145.02000427246094,146.38999938964844,773907,0.0,0.0
2024-05-22 09:30:00-04:00,147.1699981689453,151.33999633789062,147.1699981689453,148.48500061035156,387865,0.0,0.0
2024-05-22 10:30:00-04:00,148.48500061035156,148.86000061035156,147.35000610351562,147.7050018310547,224517,0.0,0.0
2024-05-22 11:30:00-04:00,147.7449951171875,148.8000030517578,147.6977996826172,148.0850067138672,162382,0.0,0.0
2024-05-22 12:30:00-04:00,148.1300048828125,148.60000610351562,147.86000061035156,148.1649932861328,141641,0.0,0.0
2024-05-22 13:30:00-04:00,148.1649932861328,148.2100067138672,146.39999389648438,146.4499969482422,225712,0.0,0.0
2024-05-22 14:30:00-04:00,146.49000549316406,146.94000244140625,146.27000427246094,146.85499572753906,172820,0.0,0.0
2024-05-22 15:30:00-04:00,146.85499572753906,147.5399932861328,146.38999938964844,147.47000122070312,311407,0.0,0.0
2024-05-23 09:30:00-04:00,148.83999633789062,148.83999633789062,145.3509979248047,145.52000427246094,162435,0.0,0.0
2024-05-23 10:30:00-04:00,145.51499938964844,146.02999877929688,145.07000732421875,145.89999389648438,117888,0.0,0.0
2024-05-23 11:30:00-04:00,145.8699951171875,146.55999755859375,145.61000061035156,146.0850067138672,135752,0.0,0.0
2024-05-23 12:30:00-04:00,146.10499572753906,146.13999938964844,145.11000061035156,145.50999450683594,81809,0.0,0.0
2024-05-23 13:30:00-04:00,145.5677947998047,145.5677947998047,143.85000610351562,143.89500427246094,140520,0.0,0.0
2024-05-23 14:30:00-04:00,143.8699951171875,144.17999267578125,143.5500030517578,143.85000610351562,124708,0.0,0.0
2024-05-23 15:30:00-04:00,143.8800048828125,144.2449951171875,143.50999450683594,143.86000061035156,277273,0.0,0.0
2024-05-24 09:30:00-04:00,144.91000366210938,145.25,143.63999938964844,143.91250610351562,127518,0.0,0.0
2024-05-24 10:30:00-04:00,143.72000122070312,144.9600067138672,143.72000122070312,144.83999633789062,67512,0.0,0.0
2024-05-24 11:30:00-04:00,144.88999938964844,144.89999389648438,144.25999450683594,144.58999633789062,63007,0.0,0.0
2024-05-24 12:30:00-04:00,144.6300048828125,144.72000122070312,144.0500030517578,144.30999755859375,44782,0.0,0.0
2024-05-24 13:30:00-04:00,144.27999877929688,144.4199981689453,144.00999450683594,144.08999633789062,51697,0.0,0.0
2024-05-24 14:30:00-04:00,144.0500030517578,144.08999633789062,143.73500061035156,143.77000427246094,74014,0.0,0.0
2024-05-24 15:30:00-04:00,143.7449951171875,144.3800048828125,143.72999572753906,144.0500030517578,210063,0.0,0.0
2024-05-28 09:30:00-04:00,143.6300048828125,144.9499969482422,142.69500732421875,144.13999938964844,133556,0.0,0.0
2024-05-28 10:30:00-04:00,144.17999267578125,144.41000366210938,143.5,143.8300018310547,113626,0.0,0.0
2024-05-28 11:30:00-04:00,143.8300018310547,143.93499755859375,143.36000061035156,143.375,80074,0.0,0.0
2024-05-28 12:30:00-04:00,143.39999389648438,143.61000061035156,142.97000122070312,143.08999633789062,73172,0.0,0.0
2024-05-28 13:30:00-04:00,143.0,143.07000732421875,142.2949981689453,142.2949981689453,81317,0.0,0.0
2024-05-28 14:30:00-04:00,142.30999755859375,142.47500610351562,141.99000549316406,142.1199951171875,123288,0.0,0.0
2024-05-28 15:30:00-04:00,142.11500549316406,142.69000244140625,142.11000061035156,142.55999755859375,280789,0.0,0.0
2024-05-29 09:30:00-04:00,140.75,141.02000427246094,139.83999633789062,140.3000030517578,120483,0.0,0.0
2024-05-29 10:30:00-04:00,140.30999755859375,140.69000244140625,139.89999389648438,140.13999938964844,87866,0.0,0.0
2024-05-29 11:30:00-04:00,140.17999267578125,140.56500244140625,140.0399932861328,140.22999572753906,74517,0.0,0.0
2024-05-29 12:30:00-04:00,140.1999969482422,140.2899932861328,139.89999389648438,140.13999938964844,89334,0.0,0.0
2024-05-29 13:30:00-04:00,140.1300048828125,140.46499633789062,139.77000427246094,139.7949981689453,114152,0.0,0.0
2024-05-29 14:30:00-04:00,139.75999450683594,140.16000366210938,139.4499969482422,139.83999633789062,136006,0.0,0.0
2024-05-29 15:30:00-04:00,139.84500122070312,140.068603515625,139.22999572753906,139.3800048828125,256067,0.0,0.0
2024-05-30 09:30:00-04:00,139.6300048828125,139.93499755859375,138.5500030517578,139.2073974609375,79667,0.0,0.0
2024-05-30 10:30:00-04:00,139.07000732421875,139.5749969482422,138.8300018310547,138.9499969482422,56670,0.0,0.0
2024-05-30 11:30:00-04:00,138.89999389648438,139.5,138.7899932861328,139.42999267578125,50105,0.0,0.0
2024-05-30 12:30:00-04:00,139.49000549316406,139.6300048828125,139.1300048828125,139.3300018310547,41323,0.0,0.0
2024-05-30 13:30:00-04:00,139.3800048828125,139.4499969482422,138.6300048828125,138.94000244140625,74044,0.0,0.0
2024-05-30 14:30:00-04:00,138.94500732421875,139.3800048828125,138.75999450683594,138.9499969482422,80787,0.0,0.0
2024-05-30 15:30:00-04:00,138.9550018310547,139.02000427246094,138.3699951171875,138.47999572753906,214896,0.0,0.0
2024-05-31 09:30:00-04:00,138.6199951171875,139.77999877929688,138.05999755859375,138.22999572753906,154667,0.0,0.0
2024-05-31 10:30:00-04:00,138.1300048828125,138.4199981689453,137.19500732421875,137.24000549316406,165738,0.0,0.0
2024-05-31 11:30:00-04:00,137.13999938964844,137.3800048828125,136.5399932861328,137.2100067138672,140620,0.0,0.0
2024-05-31 12:30:00-04:00,137.1649932861328,137.60000610351562,136.83999633789062,137.60000610351562,89365,0.0,0.0
2024-05-31 13:30:00-04:00,137.63999938964844,137.9499969482422,137.41000366210938,137.5500030517578,95723,0.0,0.0
2024-05-31 14:30:00-04:00,137.5,137.85000610351562,137.1999969482422,137.5800018310547,150387,0.0,0.0
2024-05-31 15:30:00-04:00,137.60000610351562,138.75999450683594,137.44000244140625,138.5,469361,0.0,0.0
2024-06-03 09:30:00-04:00,139.8699951171875,139.8699951171875,138.16000366210938,138.16000366210938,146091,0.0,0.0
2024-06-03 10:30:00-04:00,138.2899932861328,138.46499633789062,137.1999969482422,137.72999572753906,111385,0.0,0.0
2024-06-03 11:30:00-04:00,137.66000366210938,137.97999572753906,136.39999389648438,136.8800048828125,94717,0.0,0.0
2024-06-03 12:30:00-04:00,136.75010681152344,137.02999877929688,136.1199951171875,137.02999877929688,82933,0.0,0.0
2024-06-03 13:30:00-04:00,137.02999877929688,137.63999938964844,136.8159942626953,136.8800048828125,113150,0.0,0.0
2024-06-03 14:30:00-04:00,137.01499938964844,137.3699951171875,136.4199981689453,136.61000061035156,179635,0.0,0.0
2024-06-03 15:30:00-04:00,136.64999389648438,137.1300048828125,136.4499969482422,137.10000610351562,394133,0.0,0.0
2024-06-04 09:30:00-04:00,136.7899932861328,137.1199951171875,135.4499969482422,136.5,156217,0.0,0.0
2024-06-04 10:30:00-04:00,136.5,136.60000610351562,135.80499267578125,135.9499969482422,136747,0.0,0.0
2024-06-04 11:30:00-04:00,135.88999938964844,136.02999877929688,135.47000122070312,135.9550018310547,121562,0.0,0.0
2024-06-04 12:30:00-04:00,135.9550018310547,136.1300048828125,135.52999877929688,135.7899932861328,92788,0.0,0.0
2024-06-04 13:30:00-04:00,135.84500122070312,136.22000122070312,135.27999877929688,136.08999633789062,127164,0.0,0.0
2024-06-04 14:30:00-04:00,136.00999450683594,136.0500030517578,135.52000427246094,135.64999389648438,125135,0.0,0.0
2024-06-04 15:30:00-04:00,135.5850067138672,135.99000549316406,135.38999938964844,135.8300018310547,262614,0.0,0.0
2024-06-05 09:30:00-04:00,136.8800048828125,136.8800048828125,135.19000244140625,136.41000366210938,87264,0.0,0.0
2024-06-05 10:30:00-04:00,136.3300018310547,136.52000427246094,135.83999633789062,136.3300018310547,76977,0.0,0.0
2024-06-05 11:30:00-04:00,136.39500427246094,136.84500122070312,136.0399932861328,136.11000061035156,66618,0.0,0.0
2024-06-05 12:30:00-04:00,136.10000610351562,136.52000427246094,135.8000030517578,136.18499755859375,120804,0.0,0.0
2024-06-05 13:30:00-04:00,136.18499755859375,136.58999633789062,136.05999755859375,136.2449951171875,113030,0.0,0.0
2024-06-05 14:30:00-04:00,136.2449951171875,137.00999450683594,136.14999389648438,136.64500427246094,132737,0.0,0.0
2024-06-05 15:30:00-04:00,136.58999633789062,136.88999938964844,135.77999877929688,136.83999633789062,378283,0.0,0.0
2024-06-06 09:30:00-04:00,136.0,136.41000366210938,135.66000366210938,135.92999267578125,83746,0.0,0.0
2024-06-06 10:30:00-04:00,136.02999877929688,136.27149963378906,135.5399932861328,135.97000122070312,76671,0.0,0.0
2024-06-06 11:30:00-04:00,135.96820068359375,136.1300048828125,135.52000427246094,135.69000244140625,67249,0.0,0.0
2024-06-06 12:30:00-04:00,135.8000030517578,136.00999450683594,135.6699981689453,135.89999389648438,55067,0.0,0.0
2024-06-06 13:30:00-04:00,135.88999938964844,136.0500030517578,135.69000244140625,135.7899932861328,76517,0.0,0.0
2024-06-06 14:30:00-04:00,135.81500244140625,136.08999633789062,135.75999450683594,135.83999633789062,68367,0.0,0.0
2024-06-06 15:30:00-04:00,135.8300018310547,136.0800018310547,135.72999572753906,136.0500030517578,212946,0.0,0.0
2024-06-07 09:30:00-04:00,135.17999267578125,136.3300018310547,134.61000061035156,136.13999938964844,88952,0.0,0.0
2024-06-07 10:30:00-04:00,135.96499633789062,136.4600067138672,135.75,135.8800048828125,63833,0.0,0.0
2024-06-07 11:30:00-04:00,135.94000244140625,136.21499633789062,135.82000732421875,136.0399932861328,52681,0.0,0.0
2024-06-07 12:30:00-04:00,136.0399932861328,136.44000244140625,135.64999389648438,136.34300231933594,49782,0.0,0.0
2024-06-07 13:30:00-04:00,136.27999877929688,136.40499877929688,135.7100067138672,136.13999938964844,48123,0.0,0.0
2024-06-07 14:30:00-04:00,136.10000610351562,136.22000122070312,135.5500946044922,135.88999938964844,71961,0.0,0.0
2024-06-07 15:30:00-04:00,135.8350067138672,135.9499969482422,135.5749969482422,135.8699951171875,142112,0.0,0.0
2024-06-10 09:30:00-04:00,134.47000122070312,135.3699951171875,134.375,135.17999267578125,92491,0.0,0.0
2024-06-10 10:30:00-04:00,135.2899932861328,135.8800048828125,135.16000366210938,135.3699951171875,54945,0.0,0.0
2024-06-10 11:30:00-04:00,135.47000122070312,135.8000030517578,135.38999938964844,135.6999969482422,60671,0.0,0.0
2024-06-10 12:30:00-04:00,135.75,135.8000030517578,135.3699951171875,135.60000610351562,57587,0.0,0.0
2024-06-10 13:30:00-04:00,135.55499267578125,136.07000732421875,135.52000427246094,135.9499969482422,67034,0.0,0.0
2024-06-10 14:30:00-04:00,135.97000122070312,136.8300018310547,135.97000122070312,136.55999755859375,97321,0.0,0.0
2024-06-10 15:30:00-04:00,136.58999633789062,136.86000061035156,136.3800048828125,136.8300018310547,207479,0.0,0.0
2024-06-11 09:30:00-04:00,136.5,136.5,135.56069946289062,136.08999633789062,79823,0.0,0.0
2024-06-11 10:30:00-04:00,136.08999633789062,136.42999267578125,136.00999450683594,136.07000732421875,108762,0.0,0.0
2024-06-11 11:30:00-04:00,136.0800018310547,136.6199951171875,135.89999389648438,136.0,55699,0.0,0.0
2024-06-11 12:30:00-04:00,136.02000427246094,136.4499969482422,135.83999633789062,135.97000122070312,50169,0.0,0.0
2024-06-11 13:30:00-04:00,135.97000122070312,136.32000732421875,135.9499969482422,136.23500061035156,59872,0.0,0.0
2024-06-11 14:30:00-04:00,136.1999969482422,136.38999938964844,136.0399932861328,136.0850067138672,92892,0.0,0.0
2024-06-11 15:30:00-04:00,136.0500030517578,136.1999969482422,135.79710388183594,136.17999267578125,281816,0.0,0.0
2024-06-12 09:30:00-04:00,137.22999572753906,138.7899932861328,136.14999389648438,138.30999755859375,115332,0.0,0.0
2024-06-12 10:30:00-04:00,138.27999877929688,138.3699951171875,137.52000427246094,137.82000732421875,70978,0.0,0.0
2024-06-12 11:30:00-04:00,137.88999938964844,138.0,137.58999633789062,137.72000122070312,51605,0.0,0.0
2024-06-12 12:30:00-04:00,137.68499755859375,137.8874969482422,137.34010314941406,137.4499969482422,63548,0.0,0.0
2024-06-12 13:30:00-04:00,137.3800048828125,138.2100067138672,137.125,138.2100067138672,113184,0.0,0.0
2024-06-12 14:30:00-04:00,138.21499633789062,138.77999877929688,137.5500030517578,137.5800018310547,122606,0.0,0.0
2024-06-12 15:30:00-04:00,137.6199951171875,138.64500427246094,137.42999267578125,138.1300048828125,222705,0.0,0.0
2024-06-13 09:30:00-04:00,137.67999267578125,138.3000030517578,136.5041961669922,137.52999877929688,71548,0.0,0.0
2024-06-13 10:30:00-04:00,137.4499969482422,137.5,136.83999633789062,137.28500366210938,59039,0.0,0.0
2024-06-13 11:30:00-04:00,137.31500244140625,137.6300048828125,137.3000030517578,137.32000732421875,65071,0.0,0.0
2024-06-13 12:30:00-04:00,137.2899932861328,138.22000122070312,137.27499389648438,138.0500030517578,50583,0.0,0.0
2024-06-13 13:30:00-04:00,138.07000732421875,138.10499572753906,137.58999633789062,137.9550018310547,56856,0.0,0.0
2024-06-13 14:30:00-04:00,138.01499938964844,138.10000610351562,137.6300048828125,137.92999267578125,72298,0.0,0.0
2024-06-13 15:30:00-04:00,137.94000244140625,138.33900451660156,137.82000732421875,138.02000427246094,183214,0.0,0.0
2024-06-14 09:30:00-04:00,136.82000732421875,137.52000427246094,135.3800048828125,135.61000061035156,84362,0.0,0.0
2024-06-14 10:30:00-04:00,135.55999755859375,136.00999450683594,135.10000610351562,135.77499389648438,62202,0.0,0.0
2024-06-14 11:30:00-04:00,135.79820251464844,136.08999633789062,135.5,135.91360473632812,41424,0.0,0.0
2024-06-14 12:30:00-04:00,135.86000061035156,136.2100067138672,135.58999633789062,136.2093963623047,50328,0.0,0.0
2024-06-14 13:30:00-04:00,136.14500427246094,136.14500427246094,135.8300018310547,136.08999633789062,46658,0.0,0.0
2024-06-14 14:30:00-04:00,136.06500244140625,136.3800048828125,135.8800048828125,136.2100067138672,64201,0.0,0.0
2024-06-14 15:30:00-04:00,136.1699981689453,136.25,135.85000610351562,136.0050048828125,139228,0.0,0.0
2024-06-17 09:30:00-04:00,135.88999938964844,136.6199951171875,135.32000732421875,136.02499389648438,63285,0.0,0.0
2024-06-17 10:30:00-04:00,135.9949951171875,136.8000030517578,135.9949951171875,136.64999389648438,41340,0.0,0.0
2024-06-17 11:30:00-04:00,136.64999389648438,136.74000549316406,136.41000366210938,136.67999267578125,62527,0.0,0.0
2024-06-17 12:30:00-04:00,136.6699981689453,136.9600067138672,136.63999938964844,136.83999633789062,89988,0.0,0.0
2024-06-17 13:30:00-04:00,136.8000030517578,137.3000030517578,136.77000427246094,137.07000732421875,52555,0.0,0.0
2024-06-17 14:30:00-04:00,137.1300048828125,137.32000732421875,136.47000122070312,136.67999267578125,138165,0.0,0.0
2024-06-17 15:30:00-04:00,136.71499633789062,137.22000122070312,136.66000366210938,136.99000549316406,152166,0.0,0.0
2024-06-18 09:30:00-04:00,137.0,137.6699981689453,136.67999267578125,137.00999450683594,65465,0.0,0.0
2024-06-18 10:30:00-04:00,137.0500030517578,137.2303924560547,136.6999969482422,137.0,44858,0.0,0.0
2024-06-18 11:30:00-04:00,137.0,137.25999450683594,136.8000030517578,137.1199951171875,62089,0.0,0.0
2024-06-18 12:30:00-04:00,137.11000061035156,137.13250732421875,136.47000122070312,136.57000732421875,86000,0.0,0.0
2024-06-18 13:30:00-04:00,136.52999877929688,136.76499938964844,136.0399932861328,136.0850067138672,67837,0.0,0.0
2024-06-18 14:30:00-04:00,136.05999755859375,136.22900390625,135.58999633789062,135.61500549316406,186190,0.0,0.0
2024-06-18 15:30:00-04:00,135.58999633789062,136.1199951171875,135.5500030517578,136.10000610351562,225508,0.0,0.0
2024-06-20 09:30:00-04:00,136.1999969482422,137.24000549316406,135.27999877929688,136.14999389648438,134291,0.0,0.0
2024-06-20 10:30:00-04:00,136.0800018310547,136.42999267578125,135.47999572753906,135.75,60369,0.0,0.0
2024-06-20 11:30:00-04:00,135.77749633789062,136.0500030517578,135.1999969482422,135.35000610351562,78584,0.0,0.0
2024-06-20 12:30:00-04:00,135.32000732421875,135.72999572753906,135.22000122070312,135.55999755859375,51939,0.0,0.0
2024-06-20 13:30:00-04:00,135.55499267578125,135.89999389648438,135.22000122070312,135.6999969482422,79450,0.0,0.0
2024-06-20 14:30:00-04:00,135.72000122070312,135.80999755859375,135.28030395507812,135.66000366210938,153316,0.0,0.0
2024-06-20 15:30:00-04:00,135.6300048828125,135.75900268554688,135.22000122070312,135.47999572753906,224221,0.0,0.0
2024-06-21 09:30:00-04:00,135.27000427246094,135.89990234375,134.3000030517578,135.7899932861328,181384,0.0,0.0
2024-06-21 10:30:00-04:00,135.7899932861328,136.92999267578125,135.66000366210938,136.89999389648438,69525,0.0,0.0
2024-06-21 11:30:00-04:00,136.91000366210938,137.0,136.44000244140625,136.86500549316406,51491,0.0,0.0
2024-06-21 12:30:00-04:00,136.80499267578125,136.92999267578125,136.33529663085938,136.49000549316406,50850,0.0,0.0
2024-06-21 13:30:00-04:00,136.52000427246094,136.80999755859375,136.4149932861328,136.47999572753906,51187,0.0,0.0
2024-06-21 14:30:00-04:00,136.44000244140625,136.75999450683594,136.19000244140625,136.60499572753906,82387,0.0,0.0
2024-06-21 15:30:00-04:00,136.6699981689453,137.3300018310547,136.6199951171875,136.94000244140625,203442,0.0,0.0
2024-06-24 09:30:00-04:00,136.5,137.9499969482422,135.83999633789062,137.58999633789062,87085,0.0,0.0
2024-06-24 10:30:00-04:00,137.67999267578125,138.47999572753906,137.39759826660156,138.17999267578125,71351,0.0,0.0
2024-06-24 11:30:00-04:00,138.11000061035156,138.44000244140625,137.8699951171875,138.39999389648438,79326,0.0,0.0
2024-06-24 12:30:00-04:00,138.39999389648438,138.61000061035156,137.58999633789062,137.61000061035156,77882,0.0,0.0
2024-06-24 13:30:00-04:00,137.57000732421875,137.60000610351562,137.2899932861328,137.5500030517578,60245,0.0,0.0
2024-06-24 14:30:00-04:00,137.60989379882812,137.67999267578125,137.4051971435547,137.4051971435547,72612,0.0,0.0
2024-06-24 15:30:00-04:00,137.33999633789062,137.41000366210938,136.7100067138672,136.9499969482422,191352,0.0,0.0
2024-06-25 09:30:00-04:00,136.75,136.92999267578125,135.9499969482422,136.7176055908203,78778,0.0,0.0
2024-06-25 10:30:00-04:00,136.72000122070312,136.7899932861328,136.0,136.4949951171875,106558,0.0,0.0
2024-06-25 11:30:00-04:00,136.5050048828125,136.889892578125,136.5050048828125,136.77999877929688,67269,0.0,0.0
2024-06-25 12:30:00-04:00,136.77999877929688,137.1199951171875,136.57000732421875,137.1199951171875,84248,0.0,0.0
2024-06-25 13:30:00-04:00,137.17999267578125,137.35000610351562,136.97999572753906,137.35000610351562,65422,0.0,0.0
2024-06-25 14:30:00-04:00,137.3173065185547,137.36000061035156,136.9199981689453,137.11000061035156,100816,0.0,0.0
2024-06-25 15:30:00-04:00,137.0399932861328,137.61000061035156,136.9499969482422,137.57000732421875,213451,0.0,0.0
2024-06-26 09:30:00-04:00,136.07000732421875,136.33999633789062,135.0,135.63999938964844,188083,0.0,0.0
2024-06-26 10:30:00-04:00,135.57000732421875,135.8800048828125,135.1999969482422,135.7899932861328,71170,0.0,0.0
2024-06-26 11:30:00-04:00,135.82000732421875,136.44000244140625,135.42999267578125,136.4250030517578,127792,0.0,0.0
2024-06-26 12:30:00-04:00,136.36000061035156,136.39999389648438,135.8300018310547,136.0,116154,0.0,0.0
2024-06-26 13:30:00-04:00,136.0399932861328,136.0500030517578,135.77000427246094,135.9250030517578,88979,0.0,0.0
2024-06-26 14:30:00-04:00,135.9250030517578,136.0625,135.61000061035156,135.61000061035156,136835,0.0,0.0
2024-06-26 15:30:00-04:00,135.6300048828125,136.05999755859375,135.41929626464844,135.89999389648438,260967,0.0,0.0
2024-06-27 09:30:00-04:00,136.36000061035156,136.68499755859375,135.94009399414062,136.17999267578125,57712,0.0,0.0
2024-06-27 10:30:00-04:00,136.14520263671875,136.47000122070312,135.8800048828125,135.9499969482422,75019,0.0,0.0
2024-06-27 11:30:00-04:00,136.00999450683594,136.00999450683594,135.2899932861328,135.2899932861328,89606,0.0,0.0
2024-06-27 12:30:00-04:00,135.27000427246094,135.4499969482422,135.2100067138672,135.44000244140625,59252,0.0,0.0
2024-06-27 13:30:00-04:00,135.36000061035156,135.58999633789062,135.02000427246094,135.02000427246094,62090,0.0,0.0
2024-06-27 14:30:00-04:00,135.05999755859375,135.08999633789062,134.57000732421875,134.6999969482422,97100,0.0,0.0
2024-06-27 15:30:00-04:00,134.6999969482422,135.24000549316406,134.5500030517578,135.22000122070312,230672,0.0,0.0
2024-06-28 09:30:00-04:00,136.19000244140625,138.1699981689453,135.625,138.13499450683594,204092,0.0,0.0
2024-06-28 10:30:00-04:00,138.25999450683594,138.3300018310547,137.6118927001953,137.9499969482422,69135,0.0,0.0
2024-06-28 11:30:00-04:00,137.96499633789062,138.47300720214844,137.7050018310547,138.20010375976562,86333,0.0,0.0
2024-06-28 12:30:00-04:00,138.30999755859375,138.3300018310547,137.7899932861328,138.0050048828125,68229,0.0,0.0
2024-06-28 13:30:00-04:00,137.9949951171875,138.03500366210938,137.55999755859375,137.63999938964844,65544,0.0,0.0
2024-06-28 14:30:00-04:00,137.6199951171875,137.8000030517578,137.32000732421875,137.3699951171875,102302,0.0,0.0
2024-06-28 15:30:00-04:00,137.4199981689453,137.4199981689453,136.4199981689453,136.72000122070312,535755,0.0,0.0
2024-07-01 09:30:00-04:00,136.75,137.0,134.88999938964844,135.52499389648438,71770,0.0,0.0
2024-07-01 10:30:00-04:00,135.44000244140625,135.6649932861328,135.08749389648438,135.24000549316406,76479,0.0,0.0
2024-07-01 11:30:00-04:00,135.25999450683594,135.69000244140625,135.08999633789062,135.3699951171875,59919,0.0,0.0
2024-07-01 12:30:00-04:00,135.33999633789062,135.50999450683594,135.0800018310547,135.38999938964844,61915,0.0,0.0
2024-07-01 13:30:00-04:00,135.3699951171875,135.4199981689453,134.94000244140625,135.0749969482422,52172,0.0,0.0
2024-07-01 14:30:00-04:00,135.05999755859375,135.27499389648438,134.50999450683594,134.74000549316406,76412,0.0,0.0
2024-07-01 15:30:00-04:00,134.72999572753906,135.2100067138672,134.72999572753906,134.92999267578125,158440,0.0,0.0
2024-07-02 09:30:00-04:00,135.08999633789062,137.67999267578125,135.0800018310547,135.90499877929688,123779,0.0,0.0
2024-07-02 10:30:00-04:00,135.89999389648438,136.11000061035156,135.6699981689453,135.7899932861328,45018,0.0,0.0
2024-07-02 11:30:00-04:00,135.83999633789062,135.9149932861328,135.46499633789062,135.52000427246094,54909,0.0,0.0
2024-07-02 12:30:00-04:00,135.5050048828125,135.75,135.28500366210938,135.52499389648438,34766,0.0,0.0
2024-07-02 13:30:00-04:00,135.52499389648438,135.86000061035156,135.4250030517578,135.83999633789062,43080,0.0,0.0
2024-07-02 14:30:00-04:00,135.82000732421875,136.0500030517578,135.75999450683594,135.88999938964844,63443,0.0,0.0
2024-07-02 15:30:00-04:00,135.89999389648438,136.5,135.85000610351562,136.4600067138672,111745,0.0,0.0
2024-07-03 09:30:00-04:00,136.91000366210938,136.91000366210938,135.35000610351562,135.5,108720,0.0,0.0
2024-07-03 10:30:00-04:00,135.5050048828125,135.74000549316406,134.9550018310547,134.9550018310547,96002,0.0,0.0
2024-07-03 11:30:00-04:00,134.99270629882812,135.44000244140625,134.82000732421875,135.31500244140625,71883,0.0,0.0
2024-07-05 09:30:00-04:00,136.3000030517578,136.3000030517578,134.6999969482422,135.5449981689453,142197,0.0,0.0
2024-07-05 10:30:00-04:00,135.47999572753906,136.19790649414062,135.2899932861328,135.97000122070312,89672,0.0,0.0
2024-07-05 11:30:00-04:00,135.9199981689453,136.72000122070312,135.91000366210938,136.38999938964844,78103,0.0,0.0
2024-07-05 12:30:00-04:00,136.35000610351562,136.5800018310547,136.22000122070312,136.49000549316406,65029,0.0,0.0
2024-07-05 13:30:00-04:00,136.53500366210938,136.8300018310547,136.39999389648438,136.66000366210938,83050,0.0,0.0
2024-07-05 14:30:00-04:00,136.6199951171875,136.97000122070312,136.6199951171875,136.72999572753906,97746,0.0,0.0
2024-07-05 15:30:00-04:00,136.69000244140625,137.47999572753906,136.69000244140625,137.35000610351562,234512,0.0,0.0
2024-07-08 09:30:00-04:00,137.77999877929688,139.57000732421875,137.77999877929688,139.46499633789062,175045,0.0,0.0
2024-07-08 10:30:00-04:00,139.33999633789062,140.3699951171875,139.0800018310547,139.72999572753906,143551,0.0,0.0
2024-07-08 11:30:00-04:00,139.64999389648438,139.72999572753906,139.0050048828125,139.22000122070312,83560,0.0,0.0
2024-07-08 12:30:00-04:00,139.22000122070312,139.67999267578125,139.1699981689453,139.2050018310547,87708,0.0,0.0
2024-07-08 13:30:00-04:00,139.19000244140625,139.32000732421875,138.4600067138672,138.75999450683594,103623,0.0,0.0
2024-07-08 14:30:00-04:00,138.75999450683594,139.02999877929688,138.36000061035156,138.47000122070312,147907,0.0,0.0
2024-07-08 15:30:00-04:00,138.3699951171875,138.41000366210938,137.96249389648438,138.10000610351562,155297,0.0,0.0
2024-07-09 09:30:00-04:00,137.97000122070312,137.97000122070312,135.7899932861328,136.7100067138672,133492,0.0,0.0
2024-07-09 10:30:00-04:00,136.6300048828125,137.27999877929688,136.4600067138672,136.72999572753906,80483,0.0,0.0
2024-07-09 11:30:00-04:00,136.7454071044922,137.18499755859375,136.67999267578125,137.1699981689453,48898,0.0,0.0
2024-07-09 12:30:00-04:00,137.1699981689453,137.3300018310547,136.6699981689453,136.7899932861328,44410,0.0,0.0
2024-07-09 13:30:00-04:00,136.74000549316406,136.80999755859375,136.47000122070312,136.57000732421875,38243,0.0,0.0
2024-07-09 14:30:00-04:00,136.58999633789062,136.61000061035156,136.3000030517578,136.56500244140625,53747,0.0,0.0
2024-07-09 15:30:00-04:00,136.57000732421875,136.66099548339844,135.97999572753906,136.0800018310547,172064,0.0,0.0
2024-07-10 09:30:00-04:00,136.30999755859375,136.52999877929688,135.6300048828125,135.65499877929688,65978,0.0,0.0
2024-07-10 10:30:00-04:00,135.77999877929688,135.92999267578125,135.2100067138672,135.2100067138672,69335,0.0,0.0
2024-07-10 11:30:00-04:00,135.25,135.47000122070312,135.00999450683594,135.3699951171875,68138,0.0,0.0
2024-07-10 12:30:00-04:00,135.33999633789062,136.63999938964844,135.3000030517578,136.63999938964844,145128,0.0,0.0
2024-07-10 13:30:00-04:00,136.49000549316406,136.7899932861328,136.02999877929688,136.61000061035156,105720,0.0,0.0
2024-07-10 14:30:00-04:00,136.66000366210938,136.85000610351562,136.41000366210938,136.6300048828125,116682,0.0,0.0
2024-07-10 15:30:00-04:00,136.6300048828125,137.69000244140625,136.60000610351562,137.47000122070312,237218,0.0,0.0
2024-07-11 09:30:00-04:00,139.22000122070312,140.75999450683594,138.72999572753906,140.09410095214844,70537,0.0,0.0
2024-07-11 10:30:00-04:00,140.08999633789062,140.5500030517578,139.66000366210938,139.8249969482422,62443,0.0,0.0
2024-07-11 11:30:00-04:00,139.88999938964844,139.94000244140625,139.30999755859375,139.60000610351562,74206,0.0,0.0
2024-07-11 12:30:00-04:00,139.60000610351562,139.78990173339844,139.32000732421875,139.67999267578125,62146,0.0,0.0
2024-07-11 13:30:00-04:00,139.64999389648438,140.3300018310547,139.5800018310547,140.1750030517578,65362,0.0,0.0
2024-07-11 14:30:00-04:00,140.19000244140625,140.33999633789062,140.07000732421875,140.22500610351562,71276,0.0,0.0
2024-07-11 15:30:00-04:00,140.23500061035156,140.49000549316406,139.9499969482422,139.97999572753906,156196,0.0,0.0
2024-07-12 09:30:00-04:00,141.0,142.77499389648438,140.17999267578125,142.77499389648438,90920,0.0,0.0
2024-07-12 10:30:00-04:00,142.7949981689453,143.5,142.6300048828125,143.32000732421875,129573,0.0,0.0
2024-07-12 11:30:00-04:00,143.36000061035156,143.36000061035156,142.93499755859375,142.9949951171875,78540,0.0,0.0
2024-07-12 12:30:00-04:00,142.99000549316406,143.52999877929688,142.8350067138672,143.49000549316406,72383,0.0,0.0
2024-07-12 13:30:00-04:00,143.44000244140625,143.77000427246094,143.42999267578125,143.7449951171875,83351,0.0,0.0
2024-07-12 14:30:00-04:00,143.74000549316406,143.89999389648438,143.16000366210938,143.33999633789062,231398,0.0,0.0
2024-07-12 15:30:00-04:00,143.4600067138672,143.4600067138672,141.97999572753906,142.13999938964844,235557,0.0,0.0
2024-07-15 09:30:00-04:00,142.27000427246094,143.80999755859375,142.1300048828125,143.08999633789062,132132,0.0,0.0
2024-07-15 10:30:00-04:00,143.02999877929688,144.13999938964844,143.02000427246094,143.7675018310547,118849,0.0,0.0
2024-07-15 11:30:00-04:00,143.74000549316406,144.49000549316406,143.74000549316406,144.24000549316406,68147,0.0,0.0
2024-07-15 12:30:00-04:00,144.22999572753906,144.22999572753906,143.6125030517578,143.6199951171875,60720,0.0,0.0
2024-07-15 13:30:00-04:00,143.61500549316406,143.77999877929688,143.4199981689453,143.77000427246094,132669,0.0,0.0
2024-07-15 14:30:00-04:00,143.77499389648438,145.1300048828125,143.5449981689453,145.0500030517578,123811,0.0,0.0
2024-07-15 15:30:00-04:00,144.97999572753906,145.5399932861328,144.63499450683594,145.5399932861328,427761,0.0,0.0
2024-07-16 09:30:00-04:00,146.25,147.64999389648438,145.3000030517578,146.9499969482422,123661,0.0,0.0
2024-07-16 10:30:00-04:00,146.77999877929688,148.7100067138672,146.77999877929688,148.5800018310547,212613,0.0,0.0
2024-07-16 11:30:00-04:00,148.5800018310547,148.5800018310547,147.76499938964844,148.39500427246094,108249,0.0,0.0
2024-07-16 12:30:00-04:00,148.39500427246094,148.44000244140625,147.39999389648438,147.66000366210938,160326,0.0,0.0
2024-07-16 13:30:00-04:00,147.61500549316406,148.1999969482422,147.42919921875,148.0399932861328,126665,0.0,0.0
2024-07-16 14:30:00-04:00,148.00999450683594,149.0500030517578,148.00999450683594,148.9499969482422,153600,0.0,0.0
2024-07-16 15:30:00-04:00,148.9199981689453,149.6699981689453,148.69000244140625,149.49000549316406,347563,0.0,0.0
2024-07-17 09:30:00-04:00,147.8699951171875,148.27999877929688,147.02000427246094,147.47000122070312,193289,0.0,0.0
2024-07-17 10:30:00-04:00,147.4199981689453,147.94000244140625,146.47000122070312,146.69000244140625,223415,0.0,0.0
2024-07-17 11:30:00-04:00,146.69000244140625,147.1300048828125,146.4499969482422,146.72999572753906,155837,0.0,0.0
2024-07-17 12:30:00-04:00,146.69000244140625,146.99000549316406,146.41000366210938,146.60000610351562,78794,0.0,0.0
2024-07-17 13:30:00-04:00,146.5800018310547,147.3699951171875,146.5800018310547,147.1649932861328,107351,0.0,0.0
2024-07-17 14:30:00-04:00,147.1699981689453,147.17999267578125,145.99000549316406,146.39999389648438,184071,0.0,0.0
2024-07-17 15:30:00-04:00,146.39999389648438,146.47500610351562,145.52000427246094,145.6300048828125,241101,0.0,0.0
2024-07-18 09:30:00-04:00,145.55999755859375,146.1300048828125,144.74000549316406,144.9600067138672,79737,0.0,0.0
2024-07-18 10:30:00-04:00,145.05999755859375,145.05999755859375,143.24000549316406,143.33999633789062,83717,0.0,0.0
2024-07-18 11:30:00-04:00,143.34500122070312,143.44000244140625,141.8300018310547,141.97999572753906,82878,0.0,0.0
2024-07-18 12:30:00-04:00,141.8800048828125,142.22000122070312,141.64010620117188,141.82000732421875,103064,0.0,0.0
2024-07-18 13:30:00-04:00,141.82000732421875,141.91000366210938,140.3000030517578,140.3000030517578,85856,0.0,0.0
2024-07-18 14:30:00-04:00,140.2100067138672,140.74000549316406,139.93499755859375,140.02000427246094,111308,0.0,0.0
2024-07-18 15:30:00-04:00,140.03500366210938,141.63999938964844,140.02000427246094,141.1300048828125,268839,0.0,0.0
2024-07-19 09:30:00-04:00,141.36000061035156,141.36000061035156,139.22000122070312,139.4199981689453,127304,0.0,0.0
2024-07-19 10:30:00-04:00,139.4199981689453,139.47000122070312,138.0399932861328,138.0399932861328,58326,0.0,0.0
2024-07-19 11:30:00-04:00,138.0399932861328,138.89999389648438,137.97000122070312,138.3730010986328,60059,0.0,0.0
2024-07-19 12:30:00-04:00,138.33999633789062,138.9949951171875,138.33999633789062,138.52000427246094,127617,0.0,0.0
2024-07-19 13:30:00-04:00,138.47999572753906,138.7100067138672,137.9199981689453,137.99000549316406,61894,0.0,0.0
2024-07-19 14:30:00-04:00,137.97999572753906,138.32000732421875,137.47000122070312,137.99000549316406,176356,0.0,0.0
2024-07-19 15:30:00-04:00,137.99000549316406,138.1699981689453,137.17999267578125,137.4499969482422,278428,0.0,0.0
2024-07-22 09:30:00-04:00,138.6999969482422,139.6300048828125,138.10000610351562,138.8760986328125,95761,0.0,0.0
2024-07-22 10:30:00-04:00,138.91000366210938,139.9698944091797,138.88499450683594,139.38499450683594,75007,0.0,0.0
2024-07-22 11:30:00-04:00,139.30999755859375,139.5449981689453,138.9600067138672,139.11500549316406,90601,0.0,0.0
2024-07-22 12:30:00-04:00,139.07000732421875,139.99000549316406,139.00999450683594,139.6699981689453,71521,0.0,0.0
2024-07-22 13:30:00-04:00,139.63999938964844,140.125,139.63999938964844,140.07000732421875,62361,0.0,0.0
2024-07-22 14:30:00-04:00,140.02999877929688,140.6199951171875,140.02999877929688,140.4499969482422,84098,0.0,0.0
2024-07-22 15:30:00-04:00,140.49000549316406,140.67999267578125,140.24000549316406,140.25999450683594,232073,0.0,0.0
2024-07-23 09:30:00-04:00,140.88999938964844,141.89999389648438,140.02999877929688,141.00999450683594,168501,0.0,0.0
2024-07-23 10:30:00-04:00,141.0,141.14999389648438,140.27000427246094,140.52999877929688,127725,0.0,0.0
2024-07-23 11:30:00-04:00,140.50999450683594,140.7899932861328,139.6999969482422,139.8350067138672,103465,0.0,0.0
2024-07-23 12:30:00-04:00,139.7899932861328,139.82000732421875,139.0500030517578,139.0500030517578,90651,0.0,0.0
2024-07-23 13:30:00-04:00,139.0,140.2899932861328,138.97000122070312,140.2899932861328,76259,0.0,0.0
2024-07-23 14:30:00-04:00,140.2899932861328,140.33999633789062,139.9550018310547,140.07000732421875,84950,0.0,0.0
2024-07-23 15:30:00-04:00,140.01499938964844,140.0399932861328,139.10499572753906,139.19000244140625,166058,0.0,0.0
2024-07-24 09:30:00-04:00,138.47000122070312,140.59500122070312,138.36000061035156,139.33999633789062,105811,0.0,0.0
2024-07-24 10:30:00-04:00,139.2899932861328,139.5050048828125,138.25,138.25750732421875,49278,0.0,0.0
2024-07-24 11:30:00-04:00,138.27000427246094,138.52999877929688,137.89999389648438,137.97000122070312,71298,0.0,0.0
2024-07-24 12:30:00-04:00,137.89999389648438,137.99000549316406,137.2899932861328,137.72000122070312,110170,0.0,0.0
2024-07-24 13:30:00-04:00,137.6999969482422,137.9199981689453,137.44000244140625,137.47999572753906,54635,0.0,0.0
2024-07-24 14:30:00-04:00,137.4600067138672,137.47999572753906,136.6199951171875,136.6199951171875,89908,0.0,0.0
2024-07-24 15:30:00-04:00,136.64999389648438,136.94200134277344,135.77999877929688,135.92999267578125,252095,0.0,0.0
2024-07-25 09:30:00-04:00,136.22999572753906,137.05999755859375,135.35000610351562,136.93499755859375,83278,0.0,0.0
2024-07-25 10:30:00-04:00,136.8800048828125,137.27999877929688,136.39999389648438,136.92999267578125,66514,0.0,0.0
2024-07-25 11:30:00-04:00,136.85000610351562,137.52000427246094,136.80999755859375,137.35499572753906,119824,0.0,0.0
2024-07-25 12:30:00-04:00,137.35499572753906,137.8800048828125,136.5399932861328,136.72999572753906,176887,0.0,0.0
2024-07-25 13:30:00-04:00,136.8000030517578,137.3000030517578,136.50999450683594,136.72000122070312,144473,0.0,0.0
2024-07-25 14:30:00-04:00,136.67999267578125,137.1300048828125,135.58999633789062,136.87899780273438,150473,0.0,0.0
2024-07-25 15:30:00-04:00,136.8000030517578,136.82000732421875,135.67999267578125,135.89999389648438,273308,0.0,0.0
2024-07-26 09:30:00-04:00,137.72999572753906,138.97999572753906,137.49200439453125,137.80999755859375,58883,0.0,0.0
2024-07-26 10:30:00-04:00,137.77000427246094,138.1699981689453,137.17999267578125,138.1300048828125,48091,0.0,0.0
2024-07-26 11:30:00-04:00,138.13999938964844,138.7550048828125,137.9199981689453,138.26739501953125,56394,0.0,0.0
2024-07-26 12:30:00-04:00,138.34230041503906,138.75,138.22999572753906,138.72999572753906,38337,0.0,0.0
2024-07-26 13:30:00-04:00,138.72999572753906,138.91000366210938,138.24000549316406,138.5050048828125,68710,0.0,0.0
2024-07-26 14:30:00-04:00,138.4499969482422,138.60000610351562,138.02000427246094,138.49989318847656,77391,0.0,0.0
2024-07-26 15:30:00-04:00,138.44000244140625,138.73500061035156,138.02999877929688,138.39999389648438,156257,0.0,0.0
2024-07-29 09:30:00-04:00,138.6699981689453,139.15879821777344,138.07000732421875,138.10000610351562,55410,0.0,0.0
2024-07-29 10:30:00-04:00,138.0399932861328,138.0399932861328,137.22000122070312,137.52999877929688,32984,0.0,0.0
2024-07-29 11:30:00-04:00,137.49989318847656,138.0399932861328,137.0800018310547,137.93499755859375,47405,0.0,0.0
2024-07-29 12:30:00-04:00,138.00999450683594,138.38999938964844,137.9499969482422,137.9499969482422,35177,0.0,0.0
2024-07-29 13:30:00-04:00,137.8699951171875,138.05999755859375,137.55999755859375,137.73500061035156,39456,0.0,0.0
2024-07-29 14:30:00-04:00,137.7100067138672,138.0500030517578,137.52749633789062,137.93499755859375,56733,0.0,0.0
2024-07-29 15:30:00-04:00,137.94000244140625,138.0399932861328,137.17999267578125,137.3300018310547,117729,0.0,0.0
2024-07-30 09:30:00-04:00,138.08999633789062,139.14999389648438,137.49000549316406,137.52000427246094,42825,0.0,0.0
2024-07-30 10:30:00-04:00,137.68499755859375,137.68499755859375,136.88999938964844,137.24000549316406,65250,0.0,0.0
2024-07-30 11:30:00-04:00,137.2799072265625,137.2799072265625,136.0,136.19500732421875,57334,0.0,0.0
2024-07-30 12:30:00-04:00,136.1999969482422,136.33999633789062,135.3000030517578,135.72500610351562,59690,0.0,0.0
2024-07-30 13:30:00-04:00,135.7449951171875,136.2899932861328,135.69000244140625,136.08999633789062,73919,0.0,0.0
2024-07-30 14:30:00-04:00,136.0749969482422,136.3350067138672,135.88999938964844,136.06500244140625,62667,0.0,0.0
2024-07-30 15:30:00-04:00,136.0,136.49000549316406,135.83999633789062,135.96499633789062,160347,0.0,0.0
2024-07-31 09:30:00-04:00,137.9499969482422,139.69000244140625,137.9499969482422,138.5050048828125,119494,0.0,0.0
2024-07-31 10:30:00-04:00,138.41000366210938,139.12899780273438,138.1300048828125,139.11000061035156,64804,0.0,0.0
2024-07-31 11:30:00-04:00,139.11000061035156,140.1199951171875,139.03359985351562,139.94000244140625,75133,0.0,0.0
2024-07-31 12:30:00-04:00,139.91000366210938,140.14999389648438,139.4600067138672,139.75999450683594,107613,0.0,0.0
2024-07-31 13:30:00-04:00,139.8000030517578,140.5,139.35000610351562,140.19500732421875,109533,0.0,0.0
2024-07-31 14:30:00-04:00,140.19500732421875,142.0399932861328,139.58999633789062,139.64999389648438,181312,0.0,0.0
2024-07-31 15:30:00-04:00,139.60000610351562,140.0399932861328,139.3350067138672,139.5800018310547,300280,0.0,0.0
2024-08-01 09:30:00-04:00,138.75,138.75,135.5850067138672,135.77999877929688,94206,0.0,0.0
2024-08-01 10:30:00-04:00,135.5500030517578,135.74000549316406,133.57000732421875,133.57000732421875,163426,0.0,0.0
2024-08-01 11:30:00-04:00,133.60000610351562,133.89500427246094,132.85000610351562,133.22999572753906,70743,0.0,0.0
2024-08-01 12:30:00-04:00,133.24000549316406,133.3300018310547,131.83999633789062,132.07000732421875,71934,0.0,0.0
2024-08-01 13:30:00-04:00,132.09500122070312,132.5449981689453,131.69000244140625,131.85000610351562,76312,0.0,0.0
2024-08-01 14:30:00-04:00,131.69000244140625,132.02139282226562,131.00999450683594,131.9600067138672,147158,0.0,0.0
2024-08-01 15:30:00-04:00,131.9600067138672,132.83999633789062,131.94000244140625,132.5399932861328,268105,0.0,0.0
2024-08-02 09:30:00-04:00,129.52999877929688,130.9199981689453,125.61000061035156,126.62000274658203,392076,0.0,0.0
2024-08-02 10:30:00-04:00,126.55999755859375,126.82499694824219,125.83000183105469,126.22000122070312,141779,0.0,0.0
2024-08-02 11:30:00-04:00,126.22000122070312,127.30000305175781,126.1803970336914,126.72000122070312,175809,0.0,0.0
2024-08-02 12:30:00-04:00,126.75,126.87999725341797,126.13500213623047,126.37999725341797,79545,0.0,0.0
2024-08-02 13:30:00-04:00,126.31999969482422,126.7968978881836,125.68000030517578,126.7300033569336,164122,0.0,0.0
2024-08-02 14:30:00-04:00,126.73999786376953,127.0,126.32499694824219,126.79499816894531,153103,0.0,0.0
2024-08-02 15:30:00-04:00,126.81999969482422,126.98999786376953,126.30999755859375,126.69999694824219,420298,0.0,0.0
2024-08-05 09:30:00-04:00,122.80000305175781,123.83999633789062,120.95500183105469,120.95500183105469,280361,0.0,0.0
2024-08-05 10:30:00-04:00,120.95500183105469,122.88999938964844,120.95500183105469,122.44000244140625,222614,0.0,0.0
2024-08-05 11:30:00-04:00,122.4000015258789,123.83999633789062,122.4000015258789,123.6500015258789,201978,0.0,0.0
2024-08-05 12:30:00-04:00,123.74500274658203,123.74500274658203,122.37999725341797,122.72000122070312,188559,0.0,0.0
2024-08-05 13:30:00-04:00,122.74500274658203,122.93000030517578,122.12999725341797,122.7750015258789,132969,0.0,0.0
2024-08-05 14:30:00-04:00,122.87999725341797,123.12999725341797,122.19499969482422,122.91500091552734,289856,0.0,0.0
2024-08-05 15:30:00-04:00,122.91999816894531,122.9800033569336,122.12000274658203,122.81999969482422,310018,0.0,0.0
2024-08-06 09:30:00-04:00,123.5199966430664,124.61000061035156,122.83000183105469,123.63999938964844,205287,0.0,0.0
2024-08-06 10:30:00-04:00,123.58499908447266,124.25499725341797,122.31500244140625,122.33000183105469,178735,0.0,0.0
2024-08-06 11:30:00-04:00,122.30999755859375,124.18000030517578,122.30999755859375,123.91500091552734,222524,0.0,0.0
2024-08-06 12:30:00-04:00,123.91999816894531,124.35600280761719,123.45999908447266,124.16999816894531,143554,0.0,0.0
2024-08-06 13:30:00-04:00,124.26499938964844,124.77999877929688,123.62999725341797,124.5999984741211,324979,0.0,0.0
2024-08-06 14:30:00-04:00,124.61000061035156,125.08000183105469,123.55000305175781,123.8499984741211,723717,0.0,0.0
2024-08-06 15:30:00-04:00,123.8499984741211,124.01000213623047,123.11000061035156,123.20999908447266,500026,0.0,0.0
2024-08-07 09:30:00-04:00,124.4000015258789,126.08000183105469,123.08000183105469,123.37000274658203,291893,0.0,0.0
2024-08-07 10:30:00-04:00,123.2300033569336,124.38999938964844,123.06999969482422,123.66000366210938,393091,0.0,0.0
2024-08-07 11:30:00-04:00,123.8949966430664,124.26000213623047,122.80870056152344,123.21499633789062,170426,0.0,0.0
2024-08-07 12:30:00-04:00,123.11000061035156,123.16459655761719,121.55999755859375,121.88999938964844,140077,0.0,0.0
2024-08-07 13:30:00-04:00,122.0999984741211,122.19999694824219,120.68499755859375,121.3499984741211,228889,0.0,0.0
2024-08-07 14:30:00-04:00,121.25,121.7300033569336,120.79000091552734,121.03500366210938,201419,0.0,0.0
2024-08-07 15:30:00-04:00,120.98999786376953,121.25,119.72000122070312,119.87000274658203,356984,0.0,0.0
2024-08-08 09:30:00-04:00,121.19999694824219,122.43000030517578,120.23999786376953,122.37999725341797,335905,0.0,0.0
2024-08-08 10:30:00-04:00,122.41999816894531,123.38999938964844,122.08000183105469,123.09500122070312,158169,0.0,0.0
2024-08-08 11:30:00-04:00,123.0999984741211,123.12999725341797,122.47000122070312,122.58000183105469,87950,0.0,0.0
2024-08-08 12:30:00-04:00,122.5999984741211,123.08999633789062,122.06999969482422,123.08000183105469,198129,0.0,0.0
2024-08-08 13:30:00-04:00,123.08499908447266,123.83999633789062,123.02999877929688,123.16999816894531,281365,0.0,0.0
2024-08-08 14:30:00-04:00,123.19000244140625,123.93000030517578,122.55999755859375,123.0,340458,0.0,0.0
2024-08-08 15:30:00-04:00,123.0199966430664,123.52999877929688,122.83000183105469,123.18000030517578,493655,0.0,0.0
2024-08-09 09:30:00-04:00,122.81999969482422,123.56999969482422,121.44999694824219,122.2750015258789,227394,0.0,0.0
2024-08-09 10:30:00-04:00,122.16999816894531,122.8499984741211,121.88999938964844,122.33000183105469,267915,0.0,0.0
2024-08-09 11:30:00-04:00,122.32499694824219,123.11000061035156,122.27999877929688,122.55000305175781,206445,0.0,0.0
2024-08-09 12:30:00-04:00,122.5999984741211,123.55999755859375,122.5199966430664,123.44000244140625,229106,0.0,0.0
2024-08-09 13:30:00-04:00,123.5,123.61000061035156,122.48999786376953,122.77999877929688,364949,0.0,0.0
2024-08-09 14:30:00-04:00,122.7699966430664,123.05000305175781,122.44999694824219,122.87999725341797,175629,0.0,0.0
2024-08-09 15:30:00-04:00,122.87000274658203,123.20999908447266,122.76000213623047,122.86000061035156,277836,0.0,0.0
2024-08-12 09:30:00-04:00,123.05999755859375,123.91000366210938,122.44000244140625,123.58000183105469,177058,0.0,0.0
2024-08-12 10:30:00-04:00,123.58000183105469,124.37999725341797,123.26000213623047,123.36499786376953,105570,0.0,0.0
2024-08-12 11:30:00-04:00,123.30000305175781,124.0199966430664,123.30000305175781,123.75,93635,0.0,0.0
2024-08-12 12:30:00-04:00,123.76000213623047,124.1050033569336,123.31999969482422,124.0250015258789,142223,0.0,0.0
2024-08-12 13:30:00-04:00,124.0250015258789,124.22000122070312,123.86000061035156,123.87999725341797,89950,0.0,0.0
2024-08-12 14:30:00-04:00,123.83999633789062,124.0199966430664,123.62999725341797,123.93499755859375,120173,0.0,0.0
2024-08-12 15:30:00-04:00,123.98999786376953,124.05000305175781,123.4800033569336,123.7699966430664,302800,0.0,0.0
2024-08-13 09:30:00-04:00,124.58000183105469,126.26000213623047,124.0999984741211,125.83999633789062,319274,0.0,0.0
2024-08-13 10:30:00-04:00,125.83999633789062,126.7300033569336,125.43000030517578,126.36000061035156,101249,0.0,0.0
2024-08-13 11:30:00-04:00,126.38500213623047,127.4000015258789,126.34950256347656,127.2300033569336,83586,0.0,0.0
2024-08-13 12:30:00-04:00,127.1500015258789,127.4000015258789,126.97000122070312,127.2699966430664,74724,0.0,0.0
2024-08-13 13:30:00-04:00,127.30000305175781,127.30000305175781,126.69000244140625,127.19999694824219,63169,0.0,0.0
2024-08-13 14:30:00-04:00,127.16500091552734,127.38130187988281,126.9000015258789,127.23999786376953,104853,0.0,0.0
2024-08-13 15:30:00-04:00,127.28900146484375,128.00999450683594,127.0,127.9000015258789,279642,0.0,0.0
2024-08-14 09:30:00-04:00,128.24000549316406,128.36000061035156,127.08499908447266,127.4800033569336,119660,0.0,0.0
2024-08-14 10:30:00-04:00,127.45099639892578,128.0,126.77999877929688,127.79000091552734,149585,0.0,0.0
2024-08-14 11:30:00-04:00,127.79499816894531,128.47999572753906,127.55999755859375,127.62000274658203,69494,0.0,0.0
2024-08-14 12:30:00-04:00,127.58000183105469,127.75,127.22000122070312,127.5,58674,0.0,0.0
2024-08-14 13:30:00-04:00,127.48999786376953,127.55999755859375,127.13999938964844,127.44999694824219,60545,0.0,0.0
2024-08-14 14:30:00-04:00,127.45500183105469,127.85820007324219,127.12000274658203,127.16000366210938,65596,0.0,0.0
2024-08-14 15:30:00-04:00,127.13999938964844,127.41999816894531,126.8499984741211,127.22000122070312,188615,0.0,0.0
2024-08-15 09:30:00-04:00,129.3350067138672,131.44500732421875,129.3350067138672,131.24000549316406,147124,0.0,0.0
2024-08-15 10:30:00-04:00,131.14999389648438,131.67999267578125,130.9199981689453,131.52999877929688,82118,0.0,0.0
2024-08-15 11:30:00-04:00,131.5,132.17999267578125,131.27000427246094,132.17999267578125,71499,0.0,0.0
2024-08-15 12:30:00-04:00,132.13099670410156,132.16000366210938,131.7100067138672,131.875,61962,0.0,0.0
2024-08-15 13:30:00-04:00,131.8699951171875,131.96499633789062,131.5399932861328,131.72000122070312,56962,0.0,0.0
2024-08-15 14:30:00-04:00,131.7220001220703,132.38999938964844,131.3300018310547,132.38999938964844,121899,0.0,0.0
2024-08-15 15:30:00-04:00,132.33999633789062,132.75,132.3000030517578,132.75,356297,0.0,0.0
2024-08-16 09:30:00-04:00,132.3800048828125,134.24000549316406,132.3800048828125,133.9499969482422,190561,0.0,0.0
2024-08-16 10:30:00-04:00,133.9499969482422,134.6999969482422,133.8300018310547,134.6649932861328,217638,0.0,0.0
2024-08-16 11:30:00-04:00,134.6999969482422,135.05999755859375,134.27000427246094,134.73500061035156,127653,0.0,0.0
2024-08-16 12:30:00-04:00,134.73500061035156,135.27000427246094,134.6699981689453,135.10000610351562,128942,0.0,0.0
2024-08-16 13:30:00-04:00,135.10000610351562,135.25999450683594,134.80999755859375,134.9550018310547,76080,0.0,0.0
2024-08-16 14:30:00-04:00,134.9550018310547,135.1999969482422,134.86000061035156,135.10000610351562,74483,0.0,0.0
2024-08-16 15:30:00-04:00,135.0399932861328,135.57000732421875,134.7899932861328,135.38999938964844,522543,0.0,0.0
2024-08-19 09:30:00-04:00,135.27999877929688,136.44000244140625,135.25999450683594,135.69000244140625,253765,0.0,0.0
2024-08-19 10:30:00-04:00,135.67999267578125,137.05999755859375,135.67999267578125,137.0399932861328,72654,0.0,0.0
2024-08-19 11:30:00-04:00,136.97500610351562,137.02999877929688,136.4600067138672,137.00999450683594,122277,0.0,0.0
2024-08-19 12:30:00-04:00,136.9600067138672,137.25,136.85499572753906,137.11000061035156,99292,0.0,0.0
2024-08-19 13:30:00-04:00,137.11000061035156,138.17999267578125,136.91000366210938,138.1300048828125,116640,0.0,0.0
2024-08-19 14:30:00-04:00,138.1300048828125,138.50999450683594,137.97000122070312,138.44500732421875,153782,0.0,0.0
2024-08-19 15:30:00-04:00,138.44500732421875,138.75999450683594,138.19000244140625,138.5,343309,0.0,0.0
2024-08-20 09:30:00-04:00,138.32000732421875,140.07000732421875,138.30999755859375,139.10000610351562,236897,0.0,0.0
2024-08-20 10:30:00-04:00,139.10000610351562,139.14999389648438,138.38999938964844,138.7550048828125,278321,0.0,0.0
2024-08-20 11:30:00-04:00,138.80999755859375,139.5500030517578,138.7100067138672,139.03500366210938,242193,0.0,0.0
2024-08-20 12:30:00-04:00,138.97000122070312,139.19000244140625,138.88999938964844,139.08999633789062,149685,0.0,0.0
2024-08-20 13:30:00-04:00,139.0,139.32000732421875,138.9600067138672,139.25999450683594,181312,0.0,0.0
2024-08-20 14:30:00-04:00,139.21499633789062,139.92999267578125,138.4199981689453,138.47999572753906,303282,0.0,0.0
2024-08-20 15:30:00-04:00,138.47000122070312,138.75,138.0800018310547,138.5800018310547,411530,0.0,0.0
2024-08-21 09:30:00-04:00,156.5500030517578,157.97999572753906,152.2301025390625,154.5749969482422,1281135,0.0,0.0
2024-08-21 10:30:00-04:00,154.6199951171875,156.35000610351562,154.56239318847656,155.22000122070312,554223,0.0,0.0
2024-08-21 11:30:00-04:00,155.0749969482422,156.10000610351562,153.7100067138672,154.75,393191,0.0,0.0
2024-08-21 12:30:00-04:00,154.75,156.36000061035156,154.55999755859375,156.23500061035156,317429,0.0,0.0
2024-08-21 13:30:00-04:00,156.27999877929688,157.05999755859375,155.74000549316406,156.30999755859375,301400,0.0,0.0
2024-08-21 14:30:00-04:00,156.2899932861328,156.9600067138672,155.72999572753906,156.6699981689453,364063,0.0,0.0
2024-08-21 15:30:00-04:00,156.6699981689453,157.88999938964844,156.4499969482422,157.83999633789062,717363,0.0,0.0
2024-08-22 09:30:00-04:00,157.8300018310547,159.23300170898438,155.52999877929688,156.22500610351562,200984,0.0,0.0
2024-08-22 10:30:00-04:00,156.41000366210938,157.22500610351562,155.69000244140625,156.22500610351562,127059,0.0,0.0
2024-08-22 11:30:00-04:00,156.24000549316406,156.77130126953125,155.58999633789062,156.67779541015625,126984,0.0,0.0
2024-08-22 12:30:00-04:00,156.58009338378906,156.91000366210938,155.61000061035156,156.4600067138672,110664,0.0,0.0
2024-08-22 13:30:00-04:00,156.4600067138672,156.47999572753906,155.36000061035156,155.85000610351562,135399,0.0,0.0
2024-08-22 14:30:00-04:00,155.72999572753906,156.07000732421875,155.10000610351562,155.1649932861328,195782,0.0,0.0
2024-08-22 15:30:00-04:00,155.1300048828125,155.16000366210938,153.92999267578125,154.69000244140625,405230,0.0,0.0
2024-08-23 09:30:00-04:00,155.9600067138672,156.7100067138672,155.58999633789062,155.67999267578125,112959,0.0,0.0
2024-08-23 10:30:00-04:00,155.80499267578125,156.30999755859375,154.85000610351562,156.03500366210938,73729,0.0,0.0
2024-08-23 11:30:00-04:00,156.0399932861328,156.10000610351562,154.74000549316406,155.13999938964844,87906,0.0,0.0
2024-08-23 12:30:00-04:00,155.14999389648438,155.4199981689453,154.9199981689453,155.2550048828125,52756,0.0,0.0
2024-08-23 13:30:00-04:00,155.2899932861328,155.39999389648438,154.33999633789062,154.3800048828125,100437,0.0,0.0
2024-08-23 14:30:00-04:00,154.36000061035156,155.05999755859375,154.25999450683594,155.02999877929688,72445,0.0,0.0
2024-08-23 15:30:00-04:00,155.0449981689453,155.4600067138672,154.22999572753906,154.97000122070312,292230,0.0,0.0
2024-08-26 09:30:00-04:00,155.13999938964844,155.8800048828125,154.9149932861328,155.11000061035156,112368,0.0,0.0
2024-08-26 10:30:00-04:00,155.05999755859375,155.27999877929688,154.3699951171875,154.86000061035156,77917,0.0,0.0
2024-08-26 11:30:00-04:00,154.80499267578125,155.14999389648438,154.4949951171875,154.88999938964844,72911,0.0,0.0
2024-08-26 12:30:00-04:00,154.8800048828125,155.16000366210938,154.72000122070312,154.8300018310547,71979,0.0,0.0
2024-08-26 13:30:00-04:00,154.81500244140625,154.88999938964844,154.27999877929688,154.6699981689453,84026,0.0,0.0
2024-08-26 14:30:00-04:00,154.63999938964844,155.14999389648438,154.53500366210938,154.81500244140625,93004,0.0,0.0
2024-08-26 15:30:00-04:00,154.80999755859375,154.8699951171875,153.6649932861328,154.1199951171875,271983,0.0,0.0
2024-08-27 09:30:00-04:00,153.10000610351562,153.5850067138672,152.25999450683594,153.5850067138672,65173,0.0,0.0
2024-08-27 10:30:00-04:00,153.77499389648438,154.69000244140625,153.6300048828125,154.44000244140625,55404,0.0,0.0
2024-08-27 11:30:00-04:00,154.44500732421875,154.87989807128906,154.02999877929688,154.80360412597656,49576,0.0,0.0
2024-08-27 12:30:00-04:00,154.72999572753906,155.57000732421875,154.6999969482422,155.48480224609375,44931,0.0,0.0
2024-08-27 13:30:00-04:00,155.60000610351562,155.60000610351562,154.8000030517578,154.9199981689453,58175,0.0,0.0
2024-08-27 14:30:00-04:00,154.9199981689453,155.10989379882812,154.72999572753906,154.90499877929688,70917,0.0,0.0
2024-08-27 15:30:00-04:00,154.86000061035156,154.9149932861328,153.99000549316406,154.11000061035156,234109,0.0,0.0
2024-08-28 09:30:00-04:00,154.10000610351562,154.63999938964844,153.58419799804688,154.02999877929688,60849,0.0,0.0
2024-08-28 10:30:00-04:00,154.08999633789062,154.24000549316406,152.74000549316406,152.86000061035156,69070,0.0,0.0
2024-08-28 11:30:00-04:00,152.80999755859375,153.5290069580078,152.44000244140625,152.7899932861328,58376,0.0,0.0
2024-08-28 12:30:00-04:00,152.86000061035156,153.75,152.7949981689453,153.1199951171875,42201,0.0,0.0
2024-08-28 13:30:00-04:00,153.11000061035156,153.25999450683594,151.72999572753906,151.99000549316406,85661,0.0,0.0
2024-08-28 14:30:00-04:00,152.00999450683594,153.0399932861328,151.89999389648438,152.82000732421875,99717,0.0,0.0
2024-08-28 15:30:00-04:00,152.86000061035156,152.9499969482422,152.3699951171875,152.58999633789062,151314,0.0,0.0
2024-08-29 09:30:00-04:00,153.92999267578125,154.5449981689453,152.63999938964844,154.3699951171875,97881,0.0,0.0
2024-08-29 10:30:00-04:00,154.47999572753906,154.9149932861328,154.1999969482422,154.80499267578125,58172,0.0,0.0
2024-08-29 11:30:00-04:00,154.8800048828125,154.97000122070312,154.4499969482422,154.9600067138672,80335,0.0,0.0
2024-08-29 12:30:00-04:00,154.9600067138672,155.0500030517578,154.22000122070312,154.4199981689453,56860,0.0,0.0
2024-08-29 13:30:00-04:00,154.4199981689453,155.05999755859375,154.27999877929688,154.38999938964844,57002,0.0,0.0
2024-08-29 14:30:00-04:00,154.3000030517578,154.3000030517578,152.8300018310547,153.6699981689453,195155,0.0,0.0
2024-08-29 15:30:00-04:00,153.66000366210938,153.83999633789062,152.55999755859375,152.82000732421875,203330,0.0,0.0
2024-08-30 09:30:00-04:00,154.27999877929688,154.85000610351562,153.8800048828125,154.5800018310547,71779,0.0,0.0
2024-08-30 10:30:00-04:00,154.75,155.0,153.4499969482422,153.57000732421875,36788,0.0,0.0
2024-08-30 11:30:00-04:00,153.32000732421875,153.57000732421875,153.0,153.10000610351562,34383,0.0,0.0
2024-08-30 12:30:00-04:00,153.05499267578125,153.66000366210938,152.89999389648438,153.4499969482422,33037,0.0,0.0
2024-08-30 13:30:00-04:00,153.39999389648438,153.5399932861328,153.25999450683594,153.47000122070312,51121,0.0,0.0
2024-08-30 14:30:00-04:00,153.47000122070312,154.39999389648438,153.47000122070312,154.38999938964844,65854,0.0,0.0
2024-08-30 15:30:00-04:00,154.39999389648438,154.4499969482422,153.52000427246094,154.1199951171875,282371,0.0,0.0
2024-09-03 09:30:00-04:00,152.85000610351562,153.27999877929688,149.75999450683594,150.06500244140625,100777,0.0,0.0
2024-09-03 10:30:00-04:00,149.94000244140625,149.94000244140625,149.00999450683594,149.25,116101,0.0,0.0
2024-09-03 11:30:00-04:00,149.25,149.25,148.30999755859375,148.41000366210938,62288,0.0,0.0
2024-09-03 12:30:00-04:00,148.4600067138672,148.66000366210938,147.8300018310547,148.63999938964844,80368,0.0,0.0
2024-09-03 13:30:00-04:00,148.61000061035156,148.68499755859375,147.89999389648438,148.02999877929688,98901,0.0,0.0
2024-09-03 14:30:00-04:00,148.0399932861328,148.1999969482422,147.55999755859375,148.02999877929688,132736,0.0,0.0
2024-09-03 15:30:00-04:00,148.07000732421875,148.11000061035156,147.27499389648438,148.08999633789062,272226,0.0,0.0
2024-09-04 09:30:00-04:00,147.1999969482422,148.5500030517578,147.11000061035156,148.10499572753906,144604,0.0,0.0
2024-09-04 10:30:00-04:00,148.2100067138672,149.02999877929688,148.02000427246094,148.23500061035156,56886,0.0,0.0
2024-09-04 11:30:00-04:00,148.1999969482422,148.41000366210938,147.75,148.41000366210938,44599,0.0,0.0
2024-09-04 12:30:00-04:00,148.4199981689453,148.75,148.2100067138672,148.4499969482422,53723,0.0,0.0
2024-09-04 13:30:00-04:00,148.4499969482422,148.93499755859375,148.27999877929688,148.93499755859375,68763,0.0,0.0
2024-09-04 14:30:00-04:00,148.91000366210938,149.0500030517578,148.2100067138672,148.6750030517578,172853,0.0,0.0
2024-09-04 15:30:00-04:00,148.66000366210938,149.33999633789062,148.4409942626953,149.05999755859375,266725,0.0,0.0
2024-09-05 09:30:00-04:00,148.1300048828125,148.27000427246094,147.07000732421875,147.75,84814,0.0,0.0
2024-09-05 10:30:00-04:00,147.8249969482422,147.92999267578125,147.10000610351562,147.22000122070312,80517,0.0,0.0
2024-09-05 11:30:00-04:00,147.1699981689453,148.0,147.0800018310547,147.91000366210938,71162,0.0,0.0
2024-09-05 12:30:00-04:00,147.9499969482422,148.13999938964844,147.64999389648438,147.64999389648438,46261,0.0,0.0
2024-09-05 13:30:00-04:00,147.63999938964844,148.3699951171875,147.52999877929688,148.03500366210938,57596,0.0,0.0
2024-09-05 14:30:00-04:00,148.10000610351562,148.52000427246094,147.64999389648438,147.92999267578125,84297,0.0,0.0
2024-09-05 15:30:00-04:00,147.9499969482422,148.16000366210938,146.6300048828125,147.08999633789062,148011,0.0,0.0
2024-09-06 09:30:00-04:00,146.9600067138672,147.77999877929688,144.85000610351562,144.85000610351562,119121,0.0,0.0
2024-09-06 10:30:00-04:00,144.86000061035156,145.47000122070312,143.89999389648438,143.96499633789062,83243,0.0,0.0
2024-09-06 11:30:00-04:00,144.09500122070312,144.2899932861328,143.6300048828125,143.66000366210938,46950,0.0,0.0
2024-09-06 12:30:00-04:00,143.66000366210938,144.10000610351562,143.42999267578125,143.8800048828125,54323,0.0,0.0
2024-09-06 13:30:00-04:00,143.89999389648438,144.1199951171875,143.1699981689453,143.41000366210938,64874,0.0,0.0
2024-09-06 14:30:00-04:00,143.41000366210938,143.91000366210938,143.25999450683594,143.80999755859375,80729,0.0,0.0
2024-09-06 15:30:00-04:00,143.75999450683594,143.8699951171875,143.0500030517578,143.2100067138672,139548,0.0,0.0
2024-09-09 09:30:00-04:00,144.67999267578125,147.1699981689453,144.2725067138672,146.52999877929688,150081,0.0,0.0
2024-09-09 10:30:00-04:00,146.34500122070312,146.34500122070312,145.05999755859375,145.57000732421875,85581,0.0,0.0
2024-09-09 11:30:00-04:00,145.64999389648438,146.39999389648438,145.6300048828125,145.9949951171875,96250,0.0,0.0
2024-09-09 12:30:00-04:00,146.02000427246094,146.58999633789062,145.79750061035156,146.07000732421875,97935,0.0,0.0
2024-09-09 13:30:00-04:00,146.08810424804688,146.30499267578125,145.49000549316406,145.92999267578125,99220,0.0,0.0
2024-09-09 14:30:00-04:00,145.9250030517578,146.0399932861328,145.18499755859375,145.63999938964844,99317,0.0,0.0
2024-09-09 15:30:00-04:00,145.63499450683594,145.99000549316406,145.30999755859375,145.82000732421875,160605,0.0,0.0
2024-09-10 09:30:00-04:00,145.67999267578125,146.2899932861328,144.3800048828125,146.2899932861328,58894,0.0,0.0
2024-09-10 10:30:00-04:00,146.32000732421875,147.1699981689453,146.11000061035156,147.00999450683594,63301,0.0,0.0
2024-09-10 11:30:00-04:00,147.14999389648438,147.1699981689453,145.5,146.0050048828125,91169,0.0,0.0
2024-09-10 12:30:00-04:00,145.91000366210938,146.57000732421875,145.9010009765625,146.27999877929688,63399,0.0,0.0
2024-09-10 13:30:00-04:00,146.1750030517578,146.86000061035156,146.1300048828125,146.8000030517578,91064,0.0,0.0
2024-09-10 14:30:00-04:00,146.8000030517578,146.8699951171875,146.08999633789062,146.77999877929688,92429,0.0,0.0
2024-09-10 15:30:00-04:00,146.77999877929688,147.64999389648438,146.69000244140625,147.38999938964844,215185,0.0,0.0
2024-09-11 09:30:00-04:00,147.375,147.375,144.25999450683594,144.32000732421875,82720,0.0,0.0
2024-09-11 10:30:00-04:00,144.16000366210938,145.3000030517578,143.97999572753906,145.1300048828125,44799,0.0,0.0
2024-09-11 11:30:00-04:00,145.22999572753906,146.33999633789062,144.86000061035156,146.3223114013672,34928,0.0,0.0
2024-09-11 12:30:00-04:00,146.42999267578125,146.83999633789062,146.0,146.50999450683594,40086,0.0,0.0
2024-09-11 13:30:00-04:00,146.5399932861328,147.49000549316406,146.5399932861328,147.49000549316406,44942,0.0,0.0
2024-09-11 14:30:00-04:00,147.52000427246094,148.42999267578125,147.52000427246094,147.99000549316406,90586,0.0,0.0
2024-09-11 15:30:00-04:00,147.99000549316406,148.6699981689453,147.83999633789062,148.1699981689453,245332,0.0,0.0
2024-09-12 09:30:00-04:00,148.33999633789062,149.27000427246094,146.77999877929688,148.21499633789062,61506,0.0,0.0
2024-09-12 10:30:00-04:00,148.22000122070312,148.2899932861328,147.50999450683594,147.75999450683594,37698,0.0,0.0
2024-09-12 11:30:00-04:00,147.80999755859375,148.25999450683594,147.63999938964844,148.11000061035156,29407,0.0,0.0
2024-09-12 12:30:00-04:00,148.11000061035156,148.7050018310547,147.8800048828125,148.6199951171875,32339,0.0,0.0
2024-09-12 13:30:00-04:00,148.625,149.639892578125,148.625,148.86000061035156,41294,0.0,0.0
2024-09-12 14:30:00-04:00,148.8800048828125,149.0,148.10000610351562,148.5850067138672,62493,0.0,0.0
2024-09-12 15:30:00-04:00,148.59500122070312,148.72999572753906,148.23660278320312,148.3300018310547,139895,0.0,0.0
2024-09-13 09:30:00-04:00,148.8300018310547,150.72000122070312,148.77000427246094,150.4199981689453,49777,0.0,0.0
2024-09-13 10:30:00-04:00,150.19000244140625,150.77999877929688,149.8300018310547,149.97999572753906,53661,0.0,0.0
2024-09-13 11:30:00-04:00,149.97500610351562,150.7100067138672,149.97500610351562,150.52000427246094,40182,0.0,0.0
2024-09-13 12:30:00-04:00,150.52000427246094,150.89999389648438,150.33999633789062,150.8300018310547,46020,0.0,0.0
2024-09-13 13:30:00-04:00,150.8699951171875,151.1522979736328,150.2899932861328,150.52000427246094,63203,0.0,0.0
2024-09-13 14:30:00-04:00,150.5399932861328,150.78500366210938,149.94000244140625,150.1649932861328,66228,0.0,0.0
2024-09-13 15:30:00-04:00,150.1999969482422,150.55999755859375,149.75,150.02999877929688,171578,0.0,0.0
2024-09-16 09:30:00-04:00,149.50999450683594,150.30499267578125,148.72000122070312,149.02999877929688,59709,0.0,0.0
2024-09-16 10:30:00-04:00,149.02999877929688,149.30999755859375,148.58999633789062,148.77499389648438,43590,0.0,0.0
2024-09-16 11:30:00-04:00,148.7220001220703,149.15780639648438,148.55999755859375,148.97999572753906,35622,0.0,0.0
2024-09-16 12:30:00-04:00,149.0800018310547,149.50990295410156,148.8800048828125,149.32000732421875,75322,0.0,0.0
2024-09-16 13:30:00-04:00,149.17999267578125,149.57000732421875,149.17999267578125,149.50999450683594,33701,0.0,0.0
2024-09-16 14:30:00-04:00,149.3699951171875,149.99000549316406,149.25,149.43499755859375,71386,0.0,0.0
2024-09-16 15:30:00-04:00,149.3800048828125,149.83999633789062,149.3800048828125,149.49000549316406,144941,0.0,0.0
2024-09-17 09:30:00-04:00,150.83999633789062,151.8300018310547,150.0399932861328,151.75999450683594,42555,0.0,0.0
2024-09-17 10:30:00-04:00,151.50999450683594,151.64999389648438,151.0500030517578,151.13999938964844,35979,0.0,0.0
2024-09-17 11:30:00-04:00,151.27999877929688,151.3000030517578,150.3000030517578,150.55999755859375,49453,0.0,0.0
2024-09-17 12:30:00-04:00,150.5399932861328,150.63999938964844,149.46240234375,149.94000244140625,26901,0.0,0.0
2024-09-17 13:30:00-04:00,150.0399932861328,150.11000061035156,149.33999633789062,149.61000061035156,33543,0.0,0.0
2024-09-17 14:30:00-04:00,149.55499267578125,150.02000427246094,149.44000244140625,149.6840057373047,49757,0.0,0.0
2024-09-17 15:30:00-04:00,149.6300048828125,150.69000244140625,149.56500244140625,150.5,125188,0.0,0.0
2024-09-18 09:30:00-04:00,150.8800048828125,151.2899932861328,149.85000610351562,150.0500030517578,35602,0.0,0.0
2024-09-18 10:30:00-04:00,149.89500427246094,150.1999969482422,149.6199951171875,149.8000030517578,26861,0.0,0.0
2024-09-18 11:30:00-04:00,149.7100067138672,149.82000732421875,149.07000732421875,149.63499450683594,27797,0.0,0.0
2024-09-18 12:30:00-04:00,149.61500549316406,149.82000732421875,149.41000366210938,149.55999755859375,33980,0.0,0.0
2024-09-18 13:30:00-04:00,149.50999450683594,151.99000549316406,149.50999450683594,151.60499572753906,66953,0.0,0.0
2024-09-18 14:30:00-04:00,151.77999877929688,152.72999572753906,150.33999633789062,151.13499450683594,134258,0.0,0.0
2024-09-18 15:30:00-04:00,151.41000366210938,151.6300048828125,150.02000427246094,150.3000030517578,139867,0.0,0.0
2024-09-19 09:30:00-04:00,154.1999969482422,154.8699951171875,153.63999938964844,154.55499267578125,98690,0.0,0.0
2024-09-19 10:30:00-04:00,154.6999969482422,155.19000244140625,153.60000610351562,154.6699981689453,94606,0.0,0.0
2024-09-19 11:30:00-04:00,154.8699951171875,155.5050048828125,154.42999267578125,155.375,63772,0.0,0.0
2024-09-19 12:30:00-04:00,155.41000366210938,155.7899932861328,155.1999969482422,155.55499267578125,59406,0.0,0.0
2024-09-19 13:30:00-04:00,155.6300048828125,156.35000610351562,155.3300018310547,155.80999755859375,116723,0.0,0.0
2024-09-19 14:30:00-04:00,155.86500549316406,155.88999938964844,154.81500244140625,155.08999633789062,105556,0.0,0.0
2024-09-19 15:30:00-04:00,155.01499938964844,155.7100067138672,154.8699951171875,155.32000732421875,248862,0.0,0.0
2024-09-20 09:30:00-04:00,154.2100067138672,154.8000030517578,152.30999755859375,152.94000244140625,219665,0.0,0.0
2024-09-20 10:30:00-04:00,152.83999633789062,153.0800018310547,151.8800048828125,152.47999572753906,77061,0.0,0.0
2024-09-20 11:30:00-04:00,152.38999938964844,152.94000244140625,152.14999389648438,152.8800048828125,148650,0.0,0.0
2024-09-20 12:30:00-04:00,152.89999389648438,153.0800018310547,152.3000030517578,152.33999633789062,69435,0.0,0.0
2024-09-20 13:30:00-04:00,152.25,152.52999877929688,151.97999572753906,152.0749969482422,48972,0.0,0.0
2024-09-20 14:30:00-04:00,152.0749969482422,152.625,151.88999938964844,152.5749969482422,90461,0.0,0.0
2024-09-20 15:30:00-04:00,152.52000427246094,153.2899932861328,152.02000427246094,152.4199981689453,223833,0.0,0.0
2024-09-23 09:30:00-04:00,152.9199981689453,153.05999755859375,151.71499633789062,152.42359924316406,66059,0.0,0.0
2024-09-23 10:30:00-04:00,152.30999755859375,152.5,151.07179260253906,151.2949981689453,110183,0.0,0.0
2024-09-23 11:30:00-04:00,151.3000030517578,151.9600067138672,151.2100067138672,151.7899932861328,214476,0.0,0.0
2024-09-23 12:30:00-04:00,151.89500427246094,152.57000732421875,151.66000366210938,152.3800048828125,68204,0.0,0.0
2024-09-23 13:30:00-04:00,152.2899932861328,152.4499969482422,151.85000610351562,151.89999389648438,53998,0.0,0.0
2024-09-23 14:30:00-04:00,151.8350067138672,151.97999572753906,151.50999450683594,151.6833953857422,62166,0.0,0.0
2024-09-23 15:30:00-04:00,151.61000061035156,152.0,151.50999450683594,151.55999755859375,186761,0.0,0.0
2024-09-24 09:30:00-04:00,152.80999755859375,153.47999572753906,152.0500030517578,152.93499755859375,63441,0.0,0.0
2024-09-24 10:30:00-04:00,153.02000427246094,153.8699951171875,152.33999633789062,153.5500030517578,72870,0.0,0.0
2024-09-24 11:30:00-04:00,153.5500030517578,153.72000122070312,153.26499938964844,153.43499755859375,90099,0.0,0.0
2024-09-24 12:30:00-04:00,153.42999267578125,153.97999572753906,153.42999267578125,153.6999969482422,40689,0.0,0.0
2024-09-24 13:30:00-04:00,153.75999450683594,153.89999389648438,153.5449981689453,153.5800018310547,64883,0.0,0.0
2024-09-24 14:30:00-04:00,153.5,154.27999877929688,153.3699951171875,154.21499633789062,77657,0.0,0.0
2024-09-24 15:30:00-04:00,154.2100067138672,154.3699951171875,153.6300048828125,154.14999389648438,189506,0.0,0.0
2024-09-25 09:30:00-04:00,153.61000061035156,154.52000427246094,152.00999450683594,153.5500030517578,117275,0.0,0.0
2024-09-25 10:30:00-04:00,153.3249969482422,153.5800018310547,152.85499572753906,153.03500366210938,60361,0.0,0.0
2024-09-25 11:30:00-04:00,152.86000061035156,153.07989501953125,152.30999755859375,152.41000366210938,32255,0.0,0.0
2024-09-25 12:30:00-04:00,152.30999755859375,152.625,151.98500061035156,152.6125030517578,50529,0.0,0.0
2024-09-25 13:30:00-04:00,152.5399932861328,152.85000610351562,152.2899932861328,152.75,71036,0.0,0.0
2024-09-25 14:30:00-04:00,152.72500610351562,153.13999938964844,152.19000244140625,153.06500244140625,86184,0.0,0.0
2024-09-25 15:30:00-04:00,153.07000732421875,153.27000427246094,152.3800048828125,152.72999572753906,143788,0.0,0.0
2024-09-26 09:30:00-04:00,156.52000427246094,158.1300048828125,155.47500610351562,155.7100067138672,87155,0.0,0.0
2024-09-26 10:30:00-04:00,156.02999877929688,156.8800048828125,155.6699981689453,156.3699951171875,170574,0.0,0.0
2024-09-26 11:30:00-04:00,156.4199981689453,157.72000122070312,156.36000061035156,157.25,99913,0.0,0.0
2024-09-26 12:30:00-04:00,157.1699981689453,157.5500030517578,156.7949981689453,157.4600067138672,82584,0.0,0.0
2024-09-26 13:30:00-04:00,157.5,158.0500030517578,157.4550018310547,158.0,98659,0.0,0.0
2024-09-26 14:30:00-04:00,157.97000122070312,158.14999389648438,157.4199981689453,157.9499969482422,166326,0.0,0.0
2024-09-26 15:30:00-04:00,157.97999572753906,158.75,157.85000610351562,158.63999938964844,237024,0.0,0.0
2024-09-27 09:30:00-04:00,159.0,160.7100067138672,158.8800048828125,159.93499755859375,131064,0.0,0.0
2024-09-27 10:30:00-04:00,159.97999572753906,160.25,159.35789489746094,160.02999877929688,88210,0.0,0.0
2024-09-27 11:30:00-04:00,159.9550018310547,159.9550018310547,158.5,158.74000549316406,60008,0.0,0.0
2024-09-27 12:30:00-04:00,158.66000366210938,159.03500366210938,158.2899932861328,158.57000732421875,70138,0.0,0.0
2024-09-27 13:30:00-04:00,158.57000732421875,158.89999389648438,158.125,158.27000427246094,58881,0.0,0.0
2024-09-27 14:30:00-04:00,158.26499938964844,159.14999389648438,158.0,158.8249969482422,86272,0.0,0.0
2024-09-27 15:30:00-04:00,158.74000549316406,159.02000427246094,158.11000061035156,158.6699981689453,196131,0.0,0.0
