Datetime,Open,High,Low,Close,Volume,Dividends,Stock Splits,Capital Gains
2022-10-03 09:30:00-04:00,12.569999694824219,12.569999694824219,12.515000343322754,12.515000343322754,118,0.0,0.0,0.0
2022-10-03 10:30:00-04:00,12.529999732971191,12.529999732971191,12.529899597167969,12.529899597167969,1190,0.0,0.0,0.0
2022-10-03 13:30:00-04:00,12.550000190734863,12.550000190734863,12.53499984741211,12.53499984741211,0,0.0,0.0,0.0
2022-10-04 11:30:00-04:00,12.880000114440918,12.880000114440918,12.880000114440918,12.880000114440918,107,0.0,0.0,0.0
2022-10-04 12:30:00-04:00,12.795000076293945,12.972000122070312,12.795000076293945,12.795000076293945,782,0.0,0.0,0.0
2022-10-05 09:30:00-04:00,12.800000190734863,12.800000190734863,12.800000190734863,12.800000190734863,0,0.0,0.0,0.0
2022-10-05 15:30:00-04:00,12.880000114440918,12.884699821472168,12.792499542236328,12.884699821472168,400,0.0,0.0,0.0
2022-10-07 15:30:00-04:00,12.34000015258789,12.385000228881836,12.34000015258789,12.385000228881836,0,0.0,0.0,0.0
2022-10-10 13:30:00-04:00,12.210000038146973,12.210000038146973,11.99429988861084,12.14840030670166,42,0.0,0.0,0.0
2022-10-12 09:30:00-04:00,11.989999771118164,12.102299690246582,11.989999771118164,12.102299690246582,0,0.0,0.0,0.0
2022-10-13 13:30:00-04:00,12.17870044708252,12.17870044708252,12.17870044708252,12.17870044708252,200,0.0,0.0,0.0
2022-10-13 14:30:00-04:00,12.329999923706055,12.329999923706055,12.300000190734863,12.300000190734863,200,0.0,0.0,0.0
2022-10-13 15:30:00-04:00,12.350000381469727,12.350000381469727,12.083600044250488,12.340299606323242,200,0.0,0.0,0.0
2022-10-18 09:30:00-04:00,12.460000038146973,12.460000038146973,12.181400299072266,12.193599700927734,0,0.0,0.0,0.0
2022-10-20 12:30:00-04:00,12.1899995803833,12.1899995803833,12.1899995803833,12.1899995803833,111,0.0,0.0,0.0
2022-10-20 13:30:00-04:00,12.170000076293945,12.170000076293945,12.170000076293945,12.170000076293945,100,0.0,0.0,0.0
2022-10-20 14:30:00-04:00,12.100000381469727,12.16409969329834,12.100000381469727,12.108200073242188,100,0.0,0.0,0.0
2022-10-25 10:30:00-04:00,12.373499870300293,13.160900115966797,12.373499870300293,12.373499870300293,280,0.0,0.0,0.0
2022-10-27 10:30:00-04:00,13.140000343322754,13.140000343322754,13.109999656677246,13.109999656677246,0,0.0,0.0,0.0
2022-10-28 09:30:00-04:00,12.979999542236328,12.979999542236328,12.979999542236328,12.979999542236328,452,0.0,0.0,0.0
2022-10-28 10:30:00-04:00,12.989999771118164,12.989999771118164,12.989999771118164,12.989999771118164,201,0.0,0.0,0.0
2022-10-28 13:30:00-04:00,13.010000228881836,13.010000228881836,12.998100280761719,12.998100280761719,106,0.0,0.0,0.0
2022-11-04 15:30:00-04:00,13.390000343322754,13.390000343322754,13.384599685668945,13.384599685668945,100,0.0,0.0,0.0
2022-11-07 15:30:00-05:00,13.1899995803833,13.220000267028809,13.160099983215332,13.202300071716309,781,0.0,0.0,0.0
2022-11-08 09:30:00-05:00,12.960000038146973,12.960000038146973,12.890000343322754,12.890000343322754,0,0.0,0.0,0.0
2022-11-08 11:30:00-05:00,12.920000076293945,12.920000076293945,12.850000381469727,12.850000381469727,330,0.0,0.0,0.0
2022-11-08 13:30:00-05:00,11.6899995803833,11.6899995803833,11.529999732971191,11.529999732971191,1673,0.0,0.0,0.0
2022-11-08 14:30:00-05:00,10.649999618530273,11.411299705505371,10.649999618530273,11.411299705505371,302,0.0,0.0,0.0
2022-11-09 11:30:00-05:00,10.630000114440918,10.630000114440918,10.630000114440918,10.630000114440918,0,0.0,0.0,0.0
2022-11-09 12:30:00-05:00,10.54069995880127,10.54069995880127,10.54069995880127,10.54069995880127,180,0.0,0.0,0.0
2022-11-09 15:30:00-05:00,9.979999542236328,10.020000457763672,9.905400276184082,9.905400276184082,200,0.0,0.0,0.0
2022-11-10 10:30:00-05:00,10.850000381469727,11.218600273132324,10.850000381469727,11.218600273132324,597,0.0,0.0,0.0
2022-11-11 09:30:00-05:00,10.170000076293945,10.170000076293945,10.170000076293945,10.170000076293945,326,0.0,0.0,0.0
2022-11-11 15:30:00-05:00,10.260000228881836,10.336600303649902,10.260000228881836,10.336600303649902,500,0.0,0.0,0.0
2022-11-14 14:30:00-05:00,10.279999732971191,10.569700241088867,10.170000076293945,10.300000190734863,168,0.0,0.0,0.0
2022-11-18 10:30:00-05:00,10.529999732971191,10.694999694824219,10.5,10.5,1380,0.0,0.0,0.0
2022-11-21 09:30:00-05:00,10.5,10.5,9.954700469970703,9.954700469970703,0,0.0,0.0,0.0
2022-12-12 09:30:00-05:00,10.984999656677246,10.984999656677246,10.984999656677246,10.984999656677246,0,0.0,0.0,0.0
2022-12-12 14:30:00-05:00,10.979999542236328,11.450300216674805,10.979999542236328,11.0,500,0.0,0.0,0.0
2023-01-04 11:30:00-05:00,10.640000343322754,10.640000343322754,10.640000343322754,10.640000343322754,0,0.0,0.0,0.0
2023-01-04 13:30:00-05:00,10.739999771118164,10.739999771118164,10.5733003616333,10.5733003616333,150,0.0,0.0,0.0
2023-01-11 13:30:00-05:00,11.039999961853027,11.069999694824219,11.039999961853027,11.039999961853027,124,0.0,0.0,0.0
2023-01-12 12:30:00-05:00,11.869999885559082,12.048999786376953,11.845000267028809,12.048999786376953,101,0.0,0.0,0.0
2023-01-13 14:30:00-05:00,12.260000228881836,12.325799942016602,12.260000228881836,12.325799942016602,850558,0.0,0.0,0.0
2023-01-17 12:30:00-05:00,13.40999984741211,13.514699935913086,13.40999984741211,13.514699935913086,1708,0.0,0.0,0.0
2023-01-18 10:30:00-05:00,13.142999649047852,13.142999649047852,13.142999649047852,13.142999649047852,0,0.0,0.0,0.0
2023-01-18 11:30:00-05:00,13.34000015258789,13.34000015258789,13.119999885559082,13.119999885559082,100,0.0,0.0,0.0
2023-01-19 09:30:00-05:00,13.470000267028809,13.470000267028809,13.350000381469727,13.350000381469727,0,0.0,0.0,0.0
2023-01-19 10:30:00-05:00,13.430000305175781,13.557700157165527,13.430000305175781,13.557700157165527,170,0.0,0.0,0.0
2023-01-20 09:30:00-05:00,13.5,13.5,13.5,13.5,596,0.0,0.0,0.0
2023-01-20 10:30:00-05:00,13.380000114440918,13.380000114440918,13.380000114440918,13.380000114440918,443,0.0,0.0,0.0
2023-01-20 14:30:00-05:00,13.529999732971191,14.069999694824219,13.520000457763672,14.069999694824219,1107,0.0,0.0,0.0
2023-01-23 09:30:00-05:00,14.449999809265137,14.562000274658203,14.339900016784668,14.339900016784668,1231,0.0,0.0,0.0
2023-01-23 13:30:00-05:00,14.659799575805664,14.659799575805664,14.40999984741211,14.525799751281738,1826,0.0,0.0,0.0
2023-01-24 11:30:00-05:00,14.449999809265137,14.449999809265137,14.449999809265137,14.449999809265137,0,0.0,0.0,0.0
2023-01-24 14:30:00-05:00,14.53969955444336,14.539999961853027,14.530699729919434,14.530699729919434,0,0.0,0.0,0.0
2023-01-25 09:30:00-05:00,14.300000190734863,14.300000190734863,14.300000190734863,14.300000190734863,525,0.0,0.0,0.0
2023-01-25 12:30:00-05:00,14.239999771118164,14.260000228881836,14.239999771118164,14.25,1440,0.0,0.0,0.0
2023-01-25 15:30:00-05:00,14.432000160217285,14.479399681091309,14.432000160217285,14.479399681091309,0,0.0,0.0,0.0
2023-01-26 13:30:00-05:00,14.529999732971191,14.609999656677246,14.529999732971191,14.576899528503418,114,0.0,0.0,0.0
2023-01-30 09:30:00-05:00,14.670000076293945,14.670000076293945,14.670000076293945,14.670000076293945,193,0.0,0.0,0.0
2023-01-30 10:30:00-05:00,14.670000076293945,14.670000076293945,14.670000076293945,14.670000076293945,1328,0.0,0.0,0.0
2023-01-30 11:30:00-05:00,14.630000114440918,14.65999984741211,14.630000114440918,14.65999984741211,1500,0.0,0.0,0.0
2023-01-30 12:30:00-05:00,14.725000381469727,14.75,14.65999984741211,14.75,2691,0.0,0.0,0.0
2023-01-30 13:30:00-05:00,14.609999656677246,14.609999656677246,14.399999618530273,14.399999618530273,2479,0.0,0.0,0.0
2023-01-30 14:30:00-05:00,14.34000015258789,14.350000381469727,14.260000228881836,14.260000228881836,2246,0.0,0.0,0.0
2023-01-30 15:30:00-05:00,14.291999816894531,14.291999816894531,14.269599914550781,14.269599914550781,0,0.0,0.0,0.0
2023-01-31 09:30:00-05:00,14.489999771118164,14.54889965057373,14.479999542236328,14.538700103759766,2318,0.0,0.0,0.0
2023-01-31 12:30:00-05:00,14.539999961853027,14.539999961853027,14.509400367736816,14.509400367736816,160,0.0,0.0,0.0
2023-02-01 14:30:00-05:00,14.300000190734863,14.890000343322754,14.300000190734863,14.890000343322754,725,0.0,0.0,0.0
2023-02-02 09:30:00-05:00,14.994999885559082,14.994999885559082,14.994999885559082,14.994999885559082,0,0.0,0.0,0.0
2023-02-02 10:30:00-05:00,14.979999542236328,14.979999542236328,14.979999542236328,14.979999542236328,100,0.0,0.0,0.0
2023-02-02 11:30:00-05:00,15.039999961853027,15.039999961853027,15.039999961853027,15.039999961853027,202,0.0,0.0,0.0
2023-02-02 12:30:00-05:00,15.069999694824219,15.069999694824219,15.069999694824219,15.069999694824219,111,0.0,0.0,0.0
2023-02-02 15:30:00-05:00,14.950300216674805,14.980299949645996,14.950300216674805,14.980299949645996,220,0.0,0.0,0.0
2023-02-03 09:30:00-05:00,14.6899995803833,14.6899995803833,14.6899995803833,14.6899995803833,0,0.0,0.0,0.0
2023-02-03 10:30:00-05:00,14.838899612426758,14.838899612426758,14.838899612426758,14.838899612426758,675,0.0,0.0,0.0
2023-02-03 11:30:00-05:00,14.850000381469727,14.850000381469727,14.850000381469727,14.850000381469727,111,0.0,0.0,0.0
2023-02-03 14:30:00-05:00,14.720000267028809,14.720000267028809,14.680000305175781,14.680000305175781,3000,0.0,0.0,0.0
2023-02-03 15:30:00-05:00,14.680000305175781,14.720000267028809,14.65999984741211,14.65999984741211,1800,0.0,0.0,0.0
2023-02-06 10:30:00-05:00,14.279999732971191,14.539999961853027,14.279999732971191,14.539999961853027,201,0.0,0.0,0.0
2023-02-06 13:30:00-05:00,14.489999771118164,14.489999771118164,14.489999771118164,14.489999771118164,170,0.0,0.0,0.0
2023-02-06 14:30:00-05:00,14.529999732971191,14.529999732971191,14.451199531555176,14.451199531555176,310,0.0,0.0,0.0
2023-02-07 12:30:00-05:00,14.619999885559082,14.619999885559082,14.619999885559082,14.619999885559082,459,0.0,0.0,0.0
2023-02-07 14:30:00-05:00,14.479999542236328,14.538800239562988,14.479999542236328,14.538800239562988,343,0.0,0.0,0.0
2023-02-08 10:30:00-05:00,14.350000381469727,14.350000381469727,14.350000381469727,14.350000381469727,0,0.0,0.0,0.0
2023-02-08 15:30:00-05:00,14.329999923706055,14.380000114440918,14.328100204467773,14.328100204467773,1200,0.0,0.0,0.0
2023-02-09 14:30:00-05:00,13.680000305175781,13.680000305175781,13.680000305175781,13.680000305175781,0,0.0,0.0,0.0
2023-02-09 15:30:00-05:00,13.65999984741211,13.65999984741211,13.545000076293945,13.65999984741211,100,0.0,0.0,0.0
2023-02-13 09:30:00-05:00,13.600000381469727,13.600000381469727,13.510000228881836,13.510000228881836,99,0.0,0.0,0.0
2023-02-14 12:30:00-05:00,13.815999984741211,15.139699935913086,13.815999984741211,13.937600135803223,130,0.0,0.0,0.0
2023-02-16 09:30:00-05:00,15.270000457763672,15.270000457763672,15.270000457763672,15.270000457763672,980,0.0,0.0,0.0
2023-02-16 12:30:00-05:00,15.604999542236328,15.604999542236328,15.370599746704102,15.370599746704102,0,0.0,0.0,0.0
2023-02-17 09:30:00-05:00,15.180000305175781,15.513400077819824,15.180000305175781,15.513400077819824,581,0.0,0.0,0.0
2023-02-22 10:30:00-05:00,14.78030014038086,14.78030014038086,14.78030014038086,14.78030014038086,0,0.0,0.0,0.0
2023-02-22 11:30:00-05:00,14.699999809265137,14.800000190734863,14.699999809265137,14.800000190734863,460,0.0,0.0,0.0
2023-02-23 09:30:00-05:00,14.970000267028809,14.970000267028809,14.81089973449707,14.81089973449707,0,0.0,0.0,0.0
2023-02-24 11:30:00-05:00,14.3100004196167,14.35200023651123,14.3100004196167,14.35200023651123,819,0.0,0.0,0.0
2023-03-01 14:30:00-05:00,14.359999656677246,14.361000061035156,14.359999656677246,14.359999656677246,696,0.0,0.0,0.0
2023-03-01 15:30:00-05:00,14.399999618530273,14.444999694824219,14.380000114440918,14.444999694824219,0,0.0,0.0,0.0
2023-03-03 09:30:00-05:00,13.819999694824219,13.819999694824219,13.819999694824219,13.819999694824219,200,0.0,0.0,0.0
2023-03-03 15:30:00-05:00,13.699999809265137,13.699999809265137,13.699999809265137,13.699999809265137,250,0.0,0.0,0.0
2023-03-06 10:30:00-05:00,13.850000381469727,13.850000381469727,13.850000381469727,13.850000381469727,0,0.0,0.0,0.0
2023-03-06 11:30:00-05:00,13.75,13.75,13.708900451660156,13.708900451660156,0,0.0,0.0,0.0
2023-03-07 09:30:00-05:00,13.59000015258789,13.59000015258789,13.526000022888184,13.526000022888184,222,0.0,0.0,0.0
2023-03-08 15:30:00-05:00,13.5,13.5,13.498100280761719,13.498100280761719,548,0.0,0.0,0.0
2023-03-09 13:30:00-05:00,12.819999694824219,12.819999694824219,12.229999542236328,12.229999542236328,96,0.0,0.0,0.0
2023-03-13 10:30:00-04:00,14.119999885559082,14.838899612426758,14.119999885559082,14.119999885559082,628,0.0,0.0,0.0
2023-03-14 09:30:00-04:00,16.0,16.0,16.0,16.0,0,0.0,0.0,0.0
2023-03-14 10:30:00-04:00,15.949999809265137,15.949999809265137,15.949999809265137,15.949999809265137,715,0.0,0.0,0.0
2023-03-14 12:30:00-04:00,15.90999984741211,15.90999984741211,15.405699729919434,15.405699729919434,144,0.0,0.0,0.0
2023-03-15 13:30:00-04:00,14.930000305175781,14.930000305175781,14.930000305175781,14.930000305175781,0,0.0,0.0,0.0
2023-03-15 15:30:00-04:00,14.84000015258789,14.855899810791016,14.789999961853027,14.855899810791016,1600,0.0,0.0,0.0
2023-03-16 09:30:00-04:00,15.239999771118164,15.332799911499023,15.239899635314941,15.332799911499023,0,0.0,0.0,0.0
2023-03-17 09:30:00-04:00,16.31999969482422,16.31999969482422,16.319900512695312,16.319900512695312,0,0.0,0.0,0.0
2023-03-17 11:30:00-04:00,16.329999923706055,16.329999923706055,16.32990074157715,16.32990074157715,407,0.0,0.0,0.0
2023-03-17 12:30:00-04:00,16.420000076293945,16.420000076293945,16.420000076293945,16.420000076293945,164,0.0,0.0,0.0
2023-03-17 13:30:00-04:00,16.299999237060547,16.487199783325195,16.299999237060547,16.487199783325195,333,0.0,0.0,0.0
2023-03-20 10:30:00-04:00,17.329999923706055,17.329999923706055,17.304399490356445,17.304399490356445,0,0.0,0.0,0.0
2023-03-20 13:30:00-04:00,17.119800567626953,17.119800567626953,17.119800567626953,17.119800567626953,216,0.0,0.0,0.0
2023-03-20 14:30:00-04:00,17.149999618530273,17.1825008392334,17.149999618530273,17.1825008392334,136,0.0,0.0,0.0
2023-03-21 09:30:00-04:00,17.260000228881836,17.260000228881836,17.260000228881836,17.260000228881836,0,0.0,0.0,0.0
2023-03-21 12:30:00-04:00,17.489999771118164,17.489999771118164,17.489999771118164,17.489999771118164,139,0.0,0.0,0.0
2023-03-21 13:30:00-04:00,17.399999618530273,17.399999618530273,17.399999618530273,17.399999618530273,367,0.0,0.0,0.0
2023-03-21 14:30:00-04:00,17.360000610351562,17.372699737548828,17.360000610351562,17.372699737548828,121,0.0,0.0,0.0
2023-03-22 09:30:00-04:00,17.485000610351562,17.485000610351562,17.454999923706055,17.454999923706055,0,0.0,0.0,0.0
2023-03-22 15:30:00-04:00,16.770000457763672,16.770000457763672,16.414600372314453,16.414600372314453,2103,0.0,0.0,0.0
2023-03-23 09:30:00-04:00,16.43000030517578,17.489999771118164,16.43000030517578,17.489999771118164,720,0.0,0.0,0.0
2023-03-24 12:30:00-04:00,17.139999389648438,17.139999389648438,17.09830093383789,17.139999389648438,0,0.0,0.0,0.0
2023-03-27 09:30:00-04:00,16.920000076293945,17.010000228881836,16.389999389648438,16.389999389648438,1863,0.0,0.0,0.0
2023-03-28 09:30:00-04:00,16.357500076293945,16.678300857543945,16.357500076293945,16.678300857543945,0,0.0,0.0,0.0
2023-03-29 15:30:00-04:00,17.239999771118164,17.27359962463379,17.229999542236328,17.27359962463379,613,0.0,0.0,0.0
2023-03-30 13:30:00-04:00,16.959999084472656,17.064599990844727,16.95989990234375,17.064599990844727,165,0.0,0.0,0.0
2023-03-31 10:30:00-04:00,17.354999542236328,17.354999542236328,17.354999542236328,17.354999542236328,3,0.0,0.0,0.0
2023-03-31 13:30:00-04:00,17.239999771118164,17.239999771118164,17.219999313354492,17.219999313354492,211,0.0,0.0,0.0
2023-04-03 09:30:00-04:00,17.145599365234375,17.145599365234375,17.048099517822266,17.048099517822266,0,0.0,0.0,0.0
2023-04-04 10:30:00-04:00,16.979999542236328,16.979999542236328,16.979999542236328,16.979999542236328,0,0.0,0.0,0.0
2023-04-04 14:30:00-04:00,17.0,17.0,17.0,17.0,103,0.0,0.0,0.0
2023-04-04 15:30:00-04:00,17.030000686645508,17.030000686645508,17.020000457763672,17.030000686645508,400,0.0,0.0,0.0
2023-04-05 09:30:00-04:00,17.190000534057617,17.190000534057617,17.170000076293945,17.170000076293945,0,0.0,0.0,0.0
2023-04-05 10:30:00-04:00,17.02869987487793,17.02869987487793,17.02869987487793,17.02869987487793,401,0.0,0.0,0.0
2023-04-05 13:30:00-04:00,16.979999542236328,17.09980010986328,16.959999084472656,16.959999084472656,0,0.0,0.0,0.0
2023-04-10 09:30:00-04:00,17.510000228881836,17.727100372314453,17.09000015258789,17.727100372314453,431,0.0,0.0,0.0
2023-04-11 12:30:00-04:00,18.329999923706055,18.378999710083008,18.329999923706055,18.378999710083008,116,0.0,0.0,0.0
2023-04-12 09:30:00-04:00,18.739999771118164,18.75,18.167499542236328,18.167499542236328,506,0.0,0.0,0.0
2023-04-13 12:30:00-04:00,18.520000457763672,18.520000457763672,18.501100540161133,18.501100540161133,428,0.0,0.0,0.0
2023-04-14 10:30:00-04:00,18.579999923706055,18.579999923706055,18.579999923706055,18.579999923706055,0,0.0,0.0,0.0
2023-04-14 13:30:00-04:00,18.40999984741211,18.4778995513916,18.40999984741211,18.4778995513916,604,0.0,0.0,0.0
2023-04-17 09:30:00-04:00,18.360000610351562,18.360000610351562,17.770000457763672,17.770000457763672,4917,0.0,0.0,0.0
2023-04-17 11:30:00-04:00,17.809999465942383,17.809999465942383,17.809999465942383,17.809999465942383,209,0.0,0.0,0.0
2023-04-17 12:30:00-04:00,17.860000610351562,17.860000610351562,17.84079933166504,17.84079933166504,200,0.0,0.0,0.0
2023-04-17 13:30:00-04:00,17.81999969482422,17.81999969482422,17.81999969482422,17.81999969482422,555,0.0,0.0,0.0
2023-04-17 15:30:00-04:00,17.860000610351562,18.010000228881836,17.860000610351562,17.940000534057617,1400,0.0,0.0,0.0
2023-04-18 09:30:00-04:00,18.5,18.5,18.5,18.5,0,0.0,0.0,0.0
2023-04-18 10:30:00-04:00,18.440000534057617,18.440000534057617,18.440000534057617,18.440000534057617,979,0.0,0.0,0.0
2023-04-18 11:30:00-04:00,18.34000015258789,18.34000015258789,18.34000015258789,18.34000015258789,167,0.0,0.0,0.0
2023-04-18 14:30:00-04:00,18.290000915527344,18.299999237060547,18.290000915527344,18.299999237060547,526,0.0,0.0,0.0
2023-04-18 15:30:00-04:00,18.34000015258789,18.47570037841797,18.34000015258789,18.47570037841797,0,0.0,0.0,0.0
2023-04-19 10:30:00-04:00,17.860000610351562,17.860000610351562,17.860000610351562,17.860000610351562,1108,0.0,0.0,0.0
2023-04-19 15:30:00-04:00,17.809999465942383,17.849899291992188,17.003799438476562,17.003799438476562,0,0.0,0.0,0.0
2023-04-21 09:30:00-04:00,16.969999313354492,17.020000457763672,16.5310001373291,16.5310001373291,0,0.0,0.0,0.0
2023-04-24 09:30:00-04:00,16.790000915527344,16.790000915527344,16.790000915527344,16.790000915527344,0,0.0,0.0,0.0
2023-04-24 15:30:00-04:00,16.565200805664062,16.569599151611328,16.528600692749023,16.565200805664062,0,0.0,0.0,0.0
2023-04-26 10:30:00-04:00,17.940000534057617,18.0,17.8700008392334,18.0,2327,0.0,0.0,0.0
2023-04-26 11:30:00-04:00,17.920000076293945,17.920000076293945,17.920000076293945,17.920000076293945,210,0.0,0.0,0.0
2023-04-26 12:30:00-04:00,17.920000076293945,17.920000076293945,17.920000076293945,17.920000076293945,656,0.0,0.0,0.0
2023-04-26 14:30:00-04:00,17.920000076293945,17.920000076293945,16.793800354003906,16.793800354003906,0,0.0,0.0,0.0
2023-04-27 10:30:00-04:00,17.530000686645508,17.530000686645508,17.450000762939453,17.450000762939453,758,0.0,0.0,0.0
2023-04-27 14:30:00-04:00,17.889999389648438,17.92770004272461,17.889999389648438,17.92770004272461,0,0.0,0.0,0.0
2023-04-28 09:30:00-04:00,17.610000610351562,17.61210060119629,17.610000610351562,17.61210060119629,1528,0.0,0.0,0.0
2023-05-01 09:30:00-04:00,17.114999771118164,17.1200008392334,17.114999771118164,17.1200008392334,0,0.0,0.0,0.0
2023-05-01 12:30:00-04:00,16.959999084472656,16.959999084472656,16.95989990234375,16.95989990234375,876,0.0,0.0,0.0
2023-05-01 15:30:00-04:00,16.829999923706055,17.22949981689453,16.719999313354492,17.22949981689453,0,0.0,0.0,0.0
2023-05-03 09:30:00-04:00,16.93000030517578,17.31599998474121,16.895099639892578,17.31599998474121,17,0.0,0.0,0.0
2023-05-08 09:30:00-04:00,17.700000762939453,17.700000762939453,16.8700008392334,16.8700008392334,1534,0.0,0.0,0.0
2023-05-08 10:30:00-04:00,16.729900360107422,16.778200149536133,16.729900360107422,16.778200149536133,810,0.0,0.0,0.0
2023-05-08 15:30:00-04:00,16.469999313354492,16.469999313354492,16.40999984741211,16.40999984741211,0,0.0,0.0,0.0
2023-05-09 15:30:00-04:00,16.655899047851562,16.655899047851562,16.59000015258789,16.655899047851562,929,0.0,0.0,0.0
2023-05-10 10:30:00-04:00,16.93000030517578,16.93000030517578,16.93000030517578,16.93000030517578,0,0.0,0.0,0.0
2023-05-10 14:30:00-04:00,16.510000228881836,16.635700225830078,16.510000228881836,16.635700225830078,0,0.0,0.0,0.0
2023-05-11 15:30:00-04:00,16.100000381469727,16.100000381469727,16.07819938659668,16.07819938659668,300,0.0,0.0,0.0
2023-05-12 09:30:00-04:00,16.729999542236328,16.729999542236328,15.550000190734863,15.960000038146973,2308,0.0,0.0,0.0
2023-05-12 11:30:00-04:00,15.720000267028809,15.82390022277832,15.720000267028809,15.82390022277832,204,0.0,0.0,0.0
2023-05-15 09:30:00-04:00,16.575000762939453,16.575000762939453,16.575000762939453,16.575000762939453,0,0.0,0.0,0.0
2023-05-15 14:30:00-04:00,16.49049949645996,16.49049949645996,16.475500106811523,16.475500106811523,0,0.0,0.0,0.0
2023-05-16 09:30:00-04:00,16.289899826049805,16.289899826049805,16.220800399780273,16.220800399780273,300,0.0,0.0,0.0
2023-05-16 12:30:00-04:00,16.239999771118164,16.239999771118164,16.165000915527344,16.165000915527344,0,0.0,0.0,0.0
2023-05-17 14:30:00-04:00,16.360000610351562,16.360000610351562,16.360000610351562,16.360000610351562,118,0.0,0.0,0.0
2023-05-17 15:30:00-04:00,16.530000686645508,16.530000686645508,16.464099884033203,16.464099884033203,0,0.0,0.0,0.0
2023-05-18 09:30:00-04:00,15.319999694824219,16.020000457763672,15.319999694824219,16.020000457763672,102,0.0,0.0,0.0
2023-05-19 09:30:00-04:00,16.139999389648438,16.139999389648438,16.059999465942383,16.06999969482422,0,0.0,0.0,0.0
2023-05-19 12:30:00-04:00,16.1299991607666,16.1299991607666,16.1299991607666,16.1299991607666,0,0.0,0.0,0.0
2023-05-22 09:30:00-04:00,16.170000076293945,16.190000534057617,16.170000076293945,16.190000534057617,2417,0.0,0.0,0.0
2023-05-22 10:30:00-04:00,16.299999237060547,16.299999237060547,16.270000457763672,16.270000457763672,285,0.0,0.0,0.0
2023-05-22 13:30:00-04:00,16.139999389648438,16.139999389648438,16.139999389648438,16.139999389648438,201,0.0,0.0,0.0
2023-05-22 15:30:00-04:00,16.149999618530273,16.15999984741211,16.149999618530273,16.149999618530273,0,0.0,0.0,0.0
2023-05-23 13:30:00-04:00,16.3799991607666,16.3799991607666,16.34000015258789,16.34000015258789,300,0.0,0.0,0.0
2023-05-24 09:30:00-04:00,15.890000343322754,15.890000343322754,15.739999771118164,15.739999771118164,927,0.0,0.0,0.0
2023-05-24 10:30:00-04:00,15.759699821472168,15.759699821472168,15.649999618530273,15.649999618530273,705,0.0,0.0,0.0
2023-05-24 12:30:00-04:00,15.676400184631348,15.676400184631348,15.676400184631348,15.676400184631348,500,0.0,0.0,0.0
2023-05-24 13:30:00-04:00,15.680000305175781,16.170000076293945,15.680000305175781,16.170000076293945,383,0.0,0.0,0.0
2023-05-24 14:30:00-04:00,15.670000076293945,15.680000305175781,15.65999984741211,15.65999984741211,0,0.0,0.0,0.0
2023-05-25 11:30:00-04:00,15.670999526977539,15.670999526977539,15.510000228881836,15.670999526977539,0,0.0,0.0,0.0
2023-05-26 09:30:00-04:00,15.727999687194824,15.727999687194824,15.727999687194824,15.727999687194824,0,0.0,0.0,0.0
2023-05-26 10:30:00-04:00,15.989999771118164,15.989999771118164,15.989999771118164,15.989999771118164,1168,0.0,0.0,0.0
2023-05-26 15:30:00-04:00,15.920000076293945,15.920000076293945,15.904999732971191,15.904999732971191,200,0.0,0.0,0.0
2023-05-30 09:30:00-04:00,16.610000610351562,16.6299991607666,16.610000610351562,16.6299991607666,0,0.0,0.0,0.0
2023-05-30 10:30:00-04:00,16.53499984741211,16.53499984741211,16.53499984741211,16.53499984741211,571,0.0,0.0,0.0
2023-05-30 11:30:00-04:00,16.559999465942383,16.559999465942383,16.559999465942383,16.559999465942383,657,0.0,0.0,0.0
2023-05-30 14:30:00-04:00,16.65999984741211,16.65999984741211,16.65999984741211,16.65999984741211,0,0.0,0.0,0.0
2023-05-30 15:30:00-04:00,16.690000534057617,16.700000762939453,16.6658992767334,16.6658992767334,2185,0.0,0.0,0.0
2023-05-31 09:30:00-04:00,16.219999313354492,16.219999313354492,16.219999313354492,16.219999313354492,0,0.0,0.0,0.0
2023-05-31 15:30:00-04:00,16.1299991607666,16.1299991607666,16.054100036621094,16.054100036621094,0,0.0,0.0,0.0
2023-06-01 09:30:00-04:00,15.960000038146973,15.960000038146973,15.960000038146973,15.960000038146973,496,0.0,0.0,0.0
2023-06-01 10:30:00-04:00,15.979999542236328,15.979999542236328,15.956199645996094,15.956199645996094,234,0.0,0.0,0.0
2023-06-01 11:30:00-04:00,16.03459930419922,16.03459930419922,16.03459930419922,16.03459930419922,0,0.0,0.0,0.0
2023-06-01 12:30:00-04:00,16.059999465942383,16.059999465942383,16.059999465942383,16.059999465942383,1323,0.0,0.0,0.0
2023-06-01 13:30:00-04:00,16.049999237060547,16.049999237060547,16.049999237060547,16.049999237060547,166,0.0,0.0,0.0
2023-06-01 15:30:00-04:00,15.829999923706055,15.930700302124023,15.829999923706055,15.930700302124023,610,0.0,0.0,0.0
2023-06-02 09:30:00-04:00,16.110000610351562,16.110000610351562,16.020000457763672,16.020000457763672,0,0.0,0.0,0.0
2023-06-02 10:30:00-04:00,16.079999923706055,16.100000381469727,16.079999923706055,16.100000381469727,467,0.0,0.0,0.0
2023-06-02 11:30:00-04:00,16.139999389648438,16.139999389648438,16.139999389648438,16.139999389648438,136,0.0,0.0,0.0
2023-06-02 13:30:00-04:00,16.190000534057617,16.28499984741211,16.190000534057617,16.28499984741211,404,0.0,0.0,0.0
2023-06-05 09:30:00-04:00,16.020000457763672,16.020000457763672,16.020000457763672,16.020000457763672,0,0.0,0.0,0.0
2023-06-05 10:30:00-04:00,16.020000457763672,16.020000457763672,16.020000457763672,16.020000457763672,3295,0.0,0.0,0.0
2023-06-05 14:30:00-04:00,15.180000305175781,15.180000305175781,15.180000305175781,15.180000305175781,111,0.0,0.0,0.0
2023-06-05 15:30:00-04:00,15.236599922180176,15.25,15.210000038146973,15.236599922180176,0,0.0,0.0,0.0
2023-06-06 11:30:00-04:00,15.40999984741211,15.40999984741211,15.40999984741211,15.40999984741211,413,0.0,0.0,0.0
2023-06-06 14:30:00-04:00,16.216400146484375,16.216400146484375,16.216400146484375,16.216400146484375,0,0.0,0.0,0.0
2023-06-07 09:30:00-04:00,15.960000038146973,15.960100173950195,15.960000038146973,15.960100173950195,626,0.0,0.0,0.0
2023-06-07 13:30:00-04:00,15.792499542236328,15.829999923706055,15.792499542236328,15.829999923706055,207,0.0,0.0,0.0
2023-06-08 09:30:00-04:00,15.920000076293945,15.920000076293945,15.789899826049805,15.880000114440918,0,0.0,0.0,0.0
2023-06-09 11:30:00-04:00,15.901200294494629,15.901200294494629,15.901200294494629,15.901200294494629,0,0.0,0.0,0.0
2023-06-09 12:30:00-04:00,15.814000129699707,15.814000129699707,15.814000129699707,15.814000129699707,1120,0.0,0.0,0.0
2023-06-09 13:30:00-04:00,15.829999923706055,15.829999923706055,15.794500350952148,15.794500350952148,114,0.0,0.0,0.0
2023-06-12 09:30:00-04:00,15.419599533081055,15.419599533081055,15.419599533081055,15.419599533081055,0,0.0,0.0,0.0
2023-06-12 11:30:00-04:00,15.390000343322754,15.399999618530273,15.390000343322754,15.399999618530273,0,0.0,0.0,0.0
2023-06-13 12:30:00-04:00,15.430000305175781,15.430000305175781,15.430000305175781,15.430000305175781,135,0.0,0.0,0.0
2023-06-13 14:30:00-04:00,15.440099716186523,15.457300186157227,15.440099716186523,15.457300186157227,296,0.0,0.0,0.0
2023-06-14 09:30:00-04:00,15.529999732971191,15.529999732971191,15.529999732971191,15.529999732971191,0,0.0,0.0,0.0
2023-06-14 14:30:00-04:00,15.5600004196167,15.5600004196167,15.5600004196167,15.5600004196167,210,0.0,0.0,0.0
2023-06-14 15:30:00-04:00,15.584099769592285,15.584099769592285,15.584099769592285,15.584099769592285,0,0.0,0.0,0.0
2023-06-15 11:30:00-04:00,14.880000114440918,14.90719985961914,14.880000114440918,14.90719985961914,780,0.0,0.0,0.0
2023-06-15 13:30:00-04:00,14.930000305175781,14.949999809265137,14.930000305175781,14.949999809265137,920,0.0,0.0,0.0
2023-06-15 14:30:00-04:00,15.026700019836426,15.185700416564941,15.026700019836426,15.185700416564941,0,0.0,0.0,0.0
2023-06-16 09:30:00-04:00,15.15999984741211,15.210000038146973,15.15999984741211,15.210000038146973,822,0.0,0.0,0.0
2023-06-16 11:30:00-04:00,15.470000267028809,15.470000267028809,15.470000267028809,15.470000267028809,159,0.0,0.0,0.0
2023-06-16 12:30:00-04:00,15.449999809265137,15.579999923706055,15.449999809265137,15.579999923706055,1030,0.0,0.0,0.0
2023-06-16 13:30:00-04:00,15.880000114440918,15.880000114440918,15.788000106811523,15.788000106811523,283,0.0,0.0,0.0
2023-06-20 09:30:00-04:00,16.139999389648438,16.139999389648438,16.139999389648438,16.139999389648438,265,0.0,0.0,0.0
2023-06-20 10:30:00-04:00,15.989999771118164,16.09000015258789,15.989999771118164,16.09000015258789,1345,0.0,0.0,0.0
2023-06-20 11:30:00-04:00,16.09000015258789,16.263999938964844,16.09000015258789,16.263999938964844,470,0.0,0.0,0.0
2023-06-20 12:30:00-04:00,16.42650032043457,16.85610008239746,16.42650032043457,16.85610008239746,275,0.0,0.0,0.0
2023-06-21 09:30:00-04:00,17.56999969482422,17.56999969482422,17.56999969482422,17.56999969482422,0,0.0,0.0,0.0
2023-06-21 11:30:00-04:00,17.989999771118164,17.989999771118164,17.989999771118164,17.989999771118164,153,0.0,0.0,0.0
2023-06-21 12:30:00-04:00,18.040000915527344,18.040000915527344,18.040000915527344,18.040000915527344,200,0.0,0.0,0.0
2023-06-21 13:30:00-04:00,18.07990074157715,18.18000030517578,18.059999465942383,18.18000030517578,876,0.0,0.0,0.0
2023-06-21 14:30:00-04:00,18.149999618530273,18.149999618530273,18.135700225830078,18.135700225830078,0,0.0,0.0,0.0
2023-06-22 15:30:00-04:00,18.17340087890625,18.18000030517578,18.17340087890625,18.18000030517578,583,0.0,0.0,0.0
2023-06-23 09:30:00-04:00,18.139999389648438,18.149999618530273,18.139999389648438,18.149999618530273,0,0.0,0.0,0.0
2023-06-23 14:30:00-04:00,18.739999771118164,18.739999771118164,18.690000534057617,18.690000534057617,267,0.0,0.0,0.0
2023-06-26 10:30:00-04:00,18.270000457763672,18.270000457763672,18.270000457763672,18.270000457763672,0,0.0,0.0,0.0
2023-06-26 11:30:00-04:00,18.31999969482422,18.31999969482422,18.290000915527344,18.290000915527344,276,0.0,0.0,0.0
2023-06-26 12:30:00-04:00,18.06999969482422,18.06999969482422,18.06999969482422,18.06999969482422,102,0.0,0.0,0.0
2023-06-26 13:30:00-04:00,18.1299991607666,18.1299991607666,18.1299991607666,18.1299991607666,100,0.0,0.0,0.0
2023-06-26 14:30:00-04:00,18.1200008392334,18.1299991607666,18.1200008392334,18.1299991607666,326,0.0,0.0,0.0
2023-06-26 15:30:00-04:00,18.219999313354492,18.219999313354492,18.20330047607422,18.20330047607422,230,0.0,0.0,0.0
2023-06-27 09:30:00-04:00,18.375999450683594,18.375999450683594,18.34000015258789,18.34000015258789,0,0.0,0.0,0.0
2023-06-28 09:30:00-04:00,17.979999542236328,17.979999542236328,17.939899444580078,17.939899444580078,0,0.0,0.0,0.0
2023-06-29 09:30:00-04:00,18.3700008392334,18.3700008392334,18.3700008392334,18.3700008392334,235,0.0,0.0,0.0
2023-06-29 10:30:00-04:00,18.329999923706055,18.329999923706055,18.329999923706055,18.329999923706055,602,0.0,0.0,0.0
2023-06-29 11:30:00-04:00,18.329999923706055,18.329999923706055,18.329999923706055,18.329999923706055,381,0.0,0.0,0.0
2023-06-29 12:30:00-04:00,18.31999969482422,18.31999969482422,18.31999969482422,18.31999969482422,213,0.0,0.0,0.0
2023-06-29 15:30:00-04:00,18.297000885009766,18.303800582885742,18.297000885009766,18.303800582885742,0,0.0,0.0,0.0
2023-06-30 09:30:00-04:00,18.709999084472656,18.709999084472656,17.979900360107422,17.979900360107422,1401,0.0,0.0,0.0
2023-06-30 10:30:00-04:00,18.1200008392334,18.1200008392334,18.100000381469727,18.100000381469727,1479,0.0,0.0,0.0
2023-06-30 11:30:00-04:00,18.1299991607666,18.1299991607666,18.1299991607666,18.1299991607666,118,0.0,0.0,0.0
2023-06-30 14:30:00-04:00,18.181100845336914,18.181100845336914,18.181100845336914,18.181100845336914,275,0.0,0.0,0.0
2023-06-30 15:30:00-04:00,18.18000030517578,18.350000381469727,18.18000030517578,18.32349967956543,576,0.0,0.0,0.0
2023-07-03 09:30:00-04:00,18.299999237060547,18.299999237060547,18.27440071105957,18.27440071105957,373,0.0,0.0,0.0
2023-07-03 10:30:00-04:00,18.489999771118164,18.489999771118164,18.3700008392334,18.452600479125977,1109,0.0,0.0,0.0
2023-07-03 11:30:00-04:00,18.6299991607666,18.6299991607666,18.549999237060547,18.549999237060547,164,0.0,0.0,0.0
2023-07-05 09:30:00-04:00,18.09000015258789,18.09000015258789,18.059999465942383,18.06999969482422,179,0.0,0.0,0.0
2023-07-05 11:30:00-04:00,18.079999923706055,18.100000381469727,18.079999923706055,18.100000381469727,643,0.0,0.0,0.0
2023-07-05 14:30:00-04:00,18.170000076293945,18.17009925842285,18.110000610351562,18.110000610351562,723,0.0,0.0,0.0
2023-07-05 15:30:00-04:00,18.229999542236328,18.229999542236328,18.1200008392334,18.1200008392334,0,0.0,0.0,0.0
2023-07-06 10:30:00-04:00,17.890499114990234,17.890499114990234,17.890499114990234,17.890499114990234,252,0.0,0.0,0.0
2023-07-06 11:30:00-04:00,18.030000686645508,18.06999969482422,18.030000686645508,18.06999969482422,950,0.0,0.0,0.0
2023-07-06 12:30:00-04:00,18.040000915527344,18.040000915527344,18.040000915527344,18.040000915527344,169,0.0,0.0,0.0
2023-07-06 15:30:00-04:00,18.020000457763672,18.022199630737305,18.020000457763672,18.022199630737305,0,0.0,0.0,0.0
2023-07-07 09:30:00-04:00,18.010000228881836,18.010000228881836,18.010000228881836,18.010000228881836,260,0.0,0.0,0.0
2023-07-07 10:30:00-04:00,18.010000228881836,18.010000228881836,17.979999542236328,17.979999542236328,551,0.0,0.0,0.0
2023-07-07 11:30:00-04:00,18.09000015258789,18.09000015258789,18.09000015258789,18.09000015258789,397,0.0,0.0,0.0
2023-07-07 13:30:00-04:00,17.989999771118164,18.0,17.93079948425293,17.93079948425293,555,0.0,0.0,0.0
2023-07-10 09:30:00-04:00,17.989999771118164,18.040000915527344,17.98200035095215,18.020000457763672,0,0.0,0.0,0.0
2023-07-10 10:30:00-04:00,18.059999465942383,18.059999465942383,18.059900283813477,18.059900283813477,284,0.0,0.0,0.0
2023-07-10 11:30:00-04:00,18.030000686645508,18.030000686645508,18.030000686645508,18.030000686645508,787,0.0,0.0,0.0
2023-07-10 13:30:00-04:00,18.0,18.381200790405273,18.0,18.381200790405273,0,0.0,0.0,0.0
2023-07-11 09:30:00-04:00,18.0,18.090999603271484,18.0,18.049999237060547,638,0.0,0.0,0.0
2023-07-11 11:30:00-04:00,18.110000610351562,18.110000610351562,18.110000610351562,18.110000610351562,0,0.0,0.0,0.0
2023-07-11 15:30:00-04:00,18.139999389648438,18.139999389648438,18.1200008392334,18.1200008392334,211,0.0,0.0,0.0
2023-07-12 09:30:00-04:00,18.159799575805664,18.299999237060547,18.159799575805664,18.299999237060547,0,0.0,0.0,0.0
2023-07-12 10:30:00-04:00,18.270000457763672,18.270000457763672,18.270000457763672,18.270000457763672,1658,0.0,0.0,0.0
2023-07-12 14:30:00-04:00,18.06999969482422,18.06999969482422,18.06999969482422,18.06999969482422,237,0.0,0.0,0.0
2023-07-12 15:30:00-04:00,17.974199295043945,17.974199295043945,17.974199295043945,17.974199295043945,0,0.0,0.0,0.0
2023-07-13 09:30:00-04:00,18.160499572753906,18.160499572753906,18.160499572753906,18.160499572753906,349,0.0,0.0,0.0
2023-07-13 10:30:00-04:00,18.170000076293945,18.170000076293945,18.170000076293945,18.170000076293945,269,0.0,0.0,0.0
2023-07-13 11:30:00-04:00,18.450000762939453,18.450000762939453,18.450000762939453,18.450000762939453,1110,0.0,0.0,0.0
2023-07-13 12:30:00-04:00,18.420000076293945,18.420000076293945,18.3656005859375,18.3656005859375,340,0.0,0.0,0.0
2023-07-13 13:30:00-04:00,18.549999237060547,18.549999237060547,18.549999237060547,18.549999237060547,101,0.0,0.0,0.0
2023-07-13 14:30:00-04:00,18.709999084472656,19.030000686645508,18.6299991607666,19.030000686645508,0,0.0,0.0,0.0
2023-07-14 09:30:00-04:00,19.040000915527344,19.040000915527344,17.860000610351562,18.59000015258789,3257,0.0,0.0,0.0
2023-07-14 10:30:00-04:00,18.709999084472656,18.709999084472656,18.668399810791016,18.670000076293945,818,0.0,0.0,0.0
2023-07-14 11:30:00-04:00,18.760000228881836,18.760000228881836,18.68000030517578,18.68000030517578,1503,0.0,0.0,0.0
2023-07-14 12:30:00-04:00,18.670000076293945,18.670000076293945,18.375999450683594,18.375999450683594,2257,0.0,0.0,0.0
2023-07-14 13:30:00-04:00,18.43000030517578,18.43000030517578,18.43000030517578,18.43000030517578,809,0.0,0.0,0.0
2023-07-14 14:30:00-04:00,17.969999313354492,18.075000762939453,17.719999313354492,18.049999237060547,2428,0.0,0.0,0.0
2023-07-14 15:30:00-04:00,17.950000762939453,17.989999771118164,17.81999969482422,17.85219955444336,2255,0.0,0.0,0.0
2023-07-17 09:30:00-04:00,18.34000015258789,18.34000015258789,17.8799991607666,18.030000686645508,5347,0.0,0.0,0.0
2023-07-17 10:30:00-04:00,18.030000686645508,18.0398006439209,18.030000686645508,18.0398006439209,572,0.0,0.0,0.0
2023-07-17 11:30:00-04:00,17.90999984741211,17.920000076293945,17.8799991607666,17.90999984741211,1505,0.0,0.0,0.0
2023-07-17 12:30:00-04:00,17.889999389648438,17.889999389648438,17.8700008392334,17.8700008392334,539,0.0,0.0,0.0
2023-07-17 13:30:00-04:00,17.81999969482422,17.829999923706055,17.81999969482422,17.829999923706055,753,0.0,0.0,0.0
2023-07-17 14:30:00-04:00,17.739999771118164,17.739999771118164,17.729999542236328,17.729999542236328,344,0.0,0.0,0.0
2023-07-17 15:30:00-04:00,17.76759910583496,17.76759910583496,17.76759910583496,17.76759910583496,0,0.0,0.0,0.0
2023-07-18 09:30:00-04:00,17.649900436401367,17.75,17.649900436401367,17.75,1129,0.0,0.0,0.0
2023-07-18 10:30:00-04:00,17.769699096679688,17.81999969482422,17.760000228881836,17.799999237060547,741,0.0,0.0,0.0
2023-07-18 12:30:00-04:00,17.700000762939453,17.700000762939453,17.700000762939453,17.700000762939453,639,0.0,0.0,0.0
2023-07-18 13:30:00-04:00,17.690000534057617,17.690000534057617,17.690000534057617,17.690000534057617,710,0.0,0.0,0.0
2023-07-18 14:30:00-04:00,17.760000228881836,17.760000228881836,17.658300399780273,17.658300399780273,0,0.0,0.0,0.0
2023-07-19 09:30:00-04:00,17.759700775146484,17.780000686645508,17.754199981689453,17.780000686645508,1429,0.0,0.0,0.0
2023-07-19 10:30:00-04:00,17.76129913330078,17.76129913330078,17.76129913330078,17.76129913330078,204,0.0,0.0,0.0
2023-07-19 11:30:00-04:00,17.770000457763672,17.81999969482422,17.770000457763672,17.81999969482422,1831,0.0,0.0,0.0
2023-07-19 12:30:00-04:00,17.651199340820312,17.651199340820312,17.639999389648438,17.639999389648438,502,0.0,0.0,0.0
2023-07-19 15:30:00-04:00,17.809999465942383,17.899999618530273,17.809999465942383,17.834999084472656,0,0.0,0.0,0.0
2023-07-20 10:30:00-04:00,17.7549991607666,17.7549991607666,17.600000381469727,17.600000381469727,586,0.0,0.0,0.0
2023-07-20 13:30:00-04:00,17.6200008392334,17.6200008392334,17.6200008392334,17.6200008392334,725,0.0,0.0,0.0
2023-07-20 14:30:00-04:00,17.6299991607666,17.633499145507812,17.59709930419922,17.633499145507812,0,0.0,0.0,0.0
2023-07-21 09:30:00-04:00,17.670000076293945,17.670000076293945,17.6299991607666,17.6299991607666,1701,0.0,0.0,0.0
2023-07-21 13:30:00-04:00,17.68000030517578,17.69219970703125,17.68000030517578,17.69219970703125,243,0.0,0.0,0.0
2023-07-24 09:30:00-04:00,17.969999313354492,17.969999313354492,16.360000610351562,17.40999984741211,6699,0.0,0.0,0.0
2023-07-24 10:30:00-04:00,17.295000076293945,17.295000076293945,17.079999923706055,17.079999923706055,379,0.0,0.0,0.0
2023-07-24 12:30:00-04:00,17.1200008392334,17.1200008392334,17.037399291992188,17.037399291992188,1004,0.0,0.0,0.0
2023-07-24 14:30:00-04:00,17.100000381469727,17.399999618530273,17.100000381469727,17.399999618530273,0,0.0,0.0,0.0
2023-07-25 09:30:00-04:00,18.0,18.0,17.33989906311035,17.463699340820312,3905,0.0,0.0,0.0
2023-07-25 10:30:00-04:00,17.299999237060547,17.299999237060547,17.299999237060547,17.299999237060547,232,0.0,0.0,0.0
2023-07-25 11:30:00-04:00,17.31999969482422,17.329700469970703,17.274999618530273,17.329700469970703,752,0.0,0.0,0.0
2023-07-25 13:30:00-04:00,17.350000381469727,17.350000381469727,17.350000381469727,17.350000381469727,267,0.0,0.0,0.0
2023-07-25 14:30:00-04:00,17.350000381469727,17.350000381469727,17.350000381469727,17.350000381469727,123,0.0,0.0,0.0
2023-07-25 15:30:00-04:00,17.3700008392334,17.3799991607666,17.350000381469727,17.3700008392334,1395,0.0,0.0,0.0
2023-07-26 09:30:00-04:00,17.299999237060547,17.299999237060547,17.15999984741211,17.190000534057617,0,0.0,0.0,0.0
2023-07-26 10:30:00-04:00,17.190000534057617,17.200000762939453,17.190000534057617,17.200000762939453,0,0.0,0.0,0.0
2023-07-26 11:30:00-04:00,17.280000686645508,17.280000686645508,17.280000686645508,17.280000686645508,3631,0.0,0.0,0.0
2023-07-26 12:30:00-04:00,17.209999084472656,17.209999084472656,17.209999084472656,17.209999084472656,246,0.0,0.0,0.0
2023-07-26 15:30:00-04:00,17.21190071105957,17.21190071105957,17.21190071105957,17.21190071105957,0,0.0,0.0,0.0
2023-07-27 09:30:00-04:00,17.17020034790039,17.17020034790039,17.17020034790039,17.17020034790039,790,0.0,0.0,0.0
2023-07-27 15:30:00-04:00,16.979999542236328,16.979999542236328,16.979999542236328,16.979999542236328,0,0.0,0.0,0.0
2023-07-28 11:30:00-04:00,17.219999313354492,17.219999313354492,17.219999313354492,17.219999313354492,1026,0.0,0.0,0.0
2023-07-28 14:30:00-04:00,17.11989974975586,17.11989974975586,17.094999313354492,17.094999313354492,210,0.0,0.0,0.0
2023-07-31 09:30:00-04:00,17.209999084472656,17.209999084472656,17.170000076293945,17.170000076293945,1015,0.0,0.0,0.0
2023-07-31 10:30:00-04:00,17.100000381469727,17.110000610351562,17.100000381469727,17.110000610351562,1003,0.0,0.0,0.0
2023-07-31 11:30:00-04:00,17.08970069885254,17.08970069885254,17.047000885009766,17.047000885009766,386,0.0,0.0,0.0
2023-07-31 14:30:00-04:00,17.06999969482422,17.06999969482422,17.014999389648438,17.014999389648438,0,0.0,0.0,0.0
2023-08-01 09:30:00-04:00,17.010000228881836,17.010000228881836,17.010000228881836,17.010000228881836,425,0.0,0.0,0.0
2023-08-01 10:30:00-04:00,16.829999923706055,16.90999984741211,16.829999923706055,16.90999984741211,652,0.0,0.0,0.0
2023-08-01 11:30:00-04:00,16.81999969482422,16.8700008392334,16.790000915527344,16.8700008392334,995,0.0,0.0,0.0
2023-08-01 12:30:00-04:00,16.895000457763672,16.895000457763672,16.895000457763672,16.895000457763672,158,0.0,0.0,0.0
2023-08-01 14:30:00-04:00,17.15999984741211,17.15999984741211,17.1299991607666,17.1299991607666,0,0.0,0.0,0.0
2023-08-02 09:30:00-04:00,17.209999084472656,17.209999084472656,17.15999984741211,17.15999984741211,402,0.0,0.0,0.0
2023-08-02 12:30:00-04:00,17.098600387573242,17.098600387573242,17.098600387573242,17.098600387573242,699,0.0,0.0,0.0
2023-08-02 13:30:00-04:00,17.030000686645508,17.030000686645508,17.024999618530273,17.024999618530273,0,0.0,0.0,0.0
2023-08-03 09:30:00-04:00,17.09000015258789,17.149999618530273,17.09000015258789,17.149999618530273,3310,0.0,0.0,0.0
2023-08-03 11:30:00-04:00,17.149999618530273,17.149999618530273,17.149999618530273,17.149999618530273,292,0.0,0.0,0.0
2023-08-03 13:30:00-04:00,17.079999923706055,17.079999923706055,17.079999923706055,17.079999923706055,0,0.0,0.0,0.0
2023-08-04 09:30:00-04:00,17.139999389648438,17.139999389648438,17.128999710083008,17.128999710083008,1012,0.0,0.0,0.0
2023-08-04 10:30:00-04:00,17.140899658203125,17.140899658203125,17.140899658203125,17.140899658203125,404,0.0,0.0,0.0
2023-08-04 11:30:00-04:00,17.155000686645508,17.155000686645508,17.1200008392334,17.1200008392334,475,0.0,0.0,0.0
2023-08-04 12:30:00-04:00,17.079999923706055,17.149900436401367,17.079999923706055,17.149900436401367,426,0.0,0.0,0.0
2023-08-04 14:30:00-04:00,17.079999923706055,17.079999923706055,17.079999923706055,17.079999923706055,113,0.0,0.0,0.0
2023-08-04 15:30:00-04:00,16.899999618530273,16.899999618530273,16.885000228881836,16.885000228881836,100,0.0,0.0,0.0
2023-08-07 10:30:00-04:00,17.024499893188477,17.024499893188477,17.024499893188477,17.024499893188477,462,0.0,0.0,0.0
2023-08-07 11:30:00-04:00,16.950000762939453,16.950000762939453,16.899999618530273,16.899999618530273,671,0.0,0.0,0.0
2023-08-07 12:30:00-04:00,16.989999771118164,16.989999771118164,16.950000762939453,16.950000762939453,894,0.0,0.0,0.0
2023-08-07 13:30:00-04:00,16.93000030517578,16.93000030517578,16.93000030517578,16.93000030517578,366,0.0,0.0,0.0
2023-08-07 14:30:00-04:00,17.049999237060547,17.049999237060547,17.049999237060547,17.049999237060547,0,0.0,0.0,0.0
2023-08-08 10:30:00-04:00,17.229999542236328,17.329999923706055,17.229999542236328,17.329999923706055,1126,0.0,0.0,0.0
2023-08-08 11:30:00-04:00,17.3700008392334,17.3700008392334,17.350000381469727,17.350000381469727,1207,0.0,0.0,0.0
2023-08-08 12:30:00-04:00,17.479999542236328,17.579999923706055,17.479999542236328,17.579999923706055,1119,0.0,0.0,0.0
2023-08-08 13:30:00-04:00,17.530000686645508,17.59000015258789,17.530000686645508,17.534700393676758,1523,0.0,0.0,0.0
2023-08-08 14:30:00-04:00,17.649999618530273,17.649999618530273,17.599300384521484,17.599300384521484,0,0.0,0.0,0.0
2023-08-09 09:30:00-04:00,17.440000534057617,17.440000534057617,17.440000534057617,17.440000534057617,1779,0.0,0.0,0.0
2023-08-09 10:30:00-04:00,17.399999618530273,17.400100708007812,17.329999923706055,17.33009910583496,2331,0.0,0.0,0.0
2023-08-09 11:30:00-04:00,17.320199966430664,17.320199966430664,17.320199966430664,17.320199966430664,199,0.0,0.0,0.0
2023-08-09 13:30:00-04:00,17.200000762939453,17.20330047607422,17.200000762939453,17.20330047607422,460,0.0,0.0,0.0
2023-08-09 15:30:00-04:00,17.209999084472656,17.290000915527344,17.190000534057617,17.290000915527344,1438,0.0,0.0,0.0
2023-08-10 09:30:00-04:00,17.260000228881836,17.344999313354492,17.260000228881836,17.344999313354492,0,0.0,0.0,0.0
2023-08-10 10:30:00-04:00,17.197999954223633,17.197999954223633,17.174999237060547,17.174999237060547,421,0.0,0.0,0.0
2023-08-10 15:30:00-04:00,17.190000534057617,17.190000534057617,17.190000534057617,17.190000534057617,0,0.0,0.0,0.0
2023-08-11 10:30:00-04:00,17.239900588989258,17.389999389648438,17.23900032043457,17.389999389648438,1198,0.0,0.0,0.0
2023-08-11 11:30:00-04:00,17.25,17.2549991607666,17.25,17.25,529,0.0,0.0,0.0
2023-08-11 12:30:00-04:00,17.200000762939453,17.200000762939453,17.18000030517578,17.200000762939453,1379,0.0,0.0,0.0
2023-08-14 09:30:00-04:00,17.149999618530273,17.154300689697266,17.148300170898438,17.148300170898438,0,0.0,0.0,0.0
2023-08-14 10:30:00-04:00,17.27720069885254,17.27720069885254,17.25,17.25,762,0.0,0.0,0.0
2023-08-14 12:30:00-04:00,17.450000762939453,17.450000762939453,17.184999465942383,17.184999465942383,0,0.0,0.0,0.0
2023-08-15 09:30:00-04:00,17.170000076293945,17.239999771118164,17.100000381469727,17.100000381469727,3109,0.0,0.0,0.0
2023-08-15 11:30:00-04:00,17.06999969482422,17.06999969482422,17.06999969482422,17.06999969482422,218,0.0,0.0,0.0
2023-08-15 15:30:00-04:00,16.969999313354492,16.979999542236328,16.969999313354492,16.979999542236328,0,0.0,0.0,0.0
2023-08-16 09:30:00-04:00,16.969999313354492,16.969999313354492,16.969999313354492,16.969999313354492,100,0.0,0.0,0.0
2023-08-16 10:30:00-04:00,17.0,17.0,17.0,17.0,158,0.0,0.0,0.0
2023-08-16 13:30:00-04:00,17.0,17.0,17.0,17.0,364,0.0,0.0,0.0
2023-08-16 15:30:00-04:00,16.99209976196289,16.99209976196289,16.99209976196289,16.99209976196289,0,0.0,0.0,0.0
2023-08-17 09:30:00-04:00,16.532499313354492,16.532499313354492,16.520000457763672,16.520000457763672,1228,0.0,0.0,0.0
2023-08-17 10:30:00-04:00,16.540000915527344,16.540000915527344,16.540000915527344,16.540000915527344,174,0.0,0.0,0.0
2023-08-17 11:30:00-04:00,16.5,16.5,16.190000534057617,16.190000534057617,284,0.0,0.0,0.0
2023-08-17 13:30:00-04:00,16.239999771118164,16.299999237060547,16.239999771118164,16.299999237060547,723,0.0,0.0,0.0
2023-08-17 15:30:00-04:00,16.270000457763672,16.270000457763672,16.170000076293945,16.170000076293945,0,0.0,0.0,0.0
2023-08-18 09:30:00-04:00,15.39900016784668,15.39900016784668,15.1899995803833,15.1899995803833,2732,0.0,0.0,0.0
2023-08-18 10:30:00-04:00,15.197600364685059,15.199999809265137,15.130000114440918,15.199999809265137,2316,0.0,0.0,0.0
2023-08-18 12:30:00-04:00,14.920000076293945,14.920000076293945,14.920000076293945,14.920000076293945,698,0.0,0.0,0.0
2023-08-21 09:30:00-04:00,15.119999885559082,15.15999984741211,15.079999923706055,15.079999923706055,0,0.0,0.0,0.0
2023-08-21 10:30:00-04:00,15.140000343322754,15.140000343322754,15.140000343322754,15.140000343322754,128,0.0,0.0,0.0
2023-08-21 11:30:00-04:00,15.058500289916992,15.058500289916992,15.058500289916992,15.058500289916992,224,0.0,0.0,0.0
2023-08-21 12:30:00-04:00,15.130000114440918,15.130000114440918,15.130000114440918,15.130000114440918,0,0.0,0.0,0.0
2023-08-22 11:30:00-04:00,14.930000305175781,15.100000381469727,14.930000305175781,14.930000305175781,255,0.0,0.0,0.0
2023-08-23 09:30:00-04:00,15.039999961853027,15.039999961853027,15.039999961853027,15.039999961853027,350,0.0,0.0,0.0
2023-08-23 11:30:00-04:00,15.390000343322754,15.390000343322754,15.390000343322754,15.390000343322754,559,0.0,0.0,0.0
2023-08-23 15:30:00-04:00,15.359999656677246,15.359999656677246,15.359999656677246,15.359999656677246,0,0.0,0.0,0.0
2023-08-24 13:30:00-04:00,15.076800346374512,15.076800346374512,15.076800346374512,15.076800346374512,382,0.0,0.0,0.0
2023-08-24 14:30:00-04:00,15.09000015258789,15.09000015258789,15.09000015258789,15.09000015258789,144,0.0,0.0,0.0
2023-08-24 15:30:00-04:00,15.101200103759766,15.101200103759766,15.101200103759766,15.101200103759766,0,0.0,0.0,0.0
2023-08-25 10:30:00-04:00,15.079999923706055,15.079999923706055,15.079999923706055,15.079999923706055,210,0.0,0.0,0.0
2023-08-25 12:30:00-04:00,15.045000076293945,15.079999923706055,15.045000076293945,15.079999923706055,2100,0.0,0.0,0.0
2023-08-28 09:30:00-04:00,14.960000038146973,15.010000228881836,14.956000328063965,14.986000061035156,1136,0.0,0.0,0.0
2023-08-28 12:30:00-04:00,15.095100402832031,15.119999885559082,15.095100402832031,15.119999885559082,501,0.0,0.0,0.0
2023-08-28 14:30:00-04:00,14.970000267028809,14.970000267028809,14.970000267028809,14.970000267028809,101,0.0,0.0,0.0
2023-08-28 15:30:00-04:00,14.920000076293945,14.920000076293945,14.920000076293945,14.920000076293945,480,0.0,0.0,0.0
2023-08-29 09:30:00-04:00,15.529999732971191,15.529999732971191,15.529999732971191,15.529999732971191,0,0.0,0.0,0.0
2023-08-29 10:30:00-04:00,15.75,15.920000076293945,15.75,15.869999885559082,2622,0.0,0.0,0.0
2023-08-29 11:30:00-04:00,16.0,16.0,16.0,16.0,129,0.0,0.0,0.0
2023-08-29 13:30:00-04:00,16.18709945678711,16.18709945678711,16.18709945678711,16.18709945678711,372,0.0,0.0,0.0
2023-08-29 15:30:00-04:00,16.049999237060547,16.049999237060547,16.049999237060547,16.049999237060547,0,0.0,0.0,0.0
2023-08-30 09:30:00-04:00,15.710000038146973,15.979999542236328,15.710000038146973,15.800000190734863,1522,0.0,0.0,0.0
2023-08-30 11:30:00-04:00,15.75,15.760000228881836,15.75,15.760000228881836,1048,0.0,0.0,0.0
2023-08-30 12:30:00-04:00,15.710000038146973,15.710000038146973,15.710000038146973,15.710000038146973,704,0.0,0.0,0.0
2023-08-30 13:30:00-04:00,15.696200370788574,15.696599960327148,15.696200370788574,15.696599960327148,0,0.0,0.0,0.0
2023-08-31 09:30:00-04:00,15.720000267028809,15.720000267028809,15.57129955291748,15.57129955291748,705,0.0,0.0,0.0
2023-08-31 13:30:00-04:00,15.15999984741211,15.15999984741211,15.15999984741211,15.15999984741211,518,0.0,0.0,0.0
2023-08-31 14:30:00-04:00,15.0,15.0,15.0,15.0,2124,0.0,0.0,0.0
2023-08-31 15:30:00-04:00,15.09000015258789,15.149999618530273,15.039999961853027,15.039999961853027,0,0.0,0.0,0.0
2023-09-01 09:30:00-04:00,15.0,15.0,14.880000114440918,14.890000343322754,4648,0.0,0.0,0.0
2023-09-01 10:30:00-04:00,14.800000190734863,14.800000190734863,14.800000190734863,14.800000190734863,586,0.0,0.0,0.0
2023-09-01 11:30:00-04:00,14.880000114440918,14.880000114440918,14.859999656677246,14.859999656677246,829,0.0,0.0,0.0
2023-09-01 13:30:00-04:00,14.660200119018555,14.660200119018555,14.609999656677246,14.609999656677246,620,0.0,0.0,0.0
2023-09-01 14:30:00-04:00,14.770000457763672,14.795999526977539,14.770000457763672,14.795999526977539,247,0.0,0.0,0.0
2023-09-01 15:30:00-04:00,14.770000457763672,14.789999961853027,14.737700462341309,14.779999732971191,1016,0.0,0.0,0.0
2023-09-05 09:30:00-04:00,15.430000305175781,15.430000305175781,14.736499786376953,14.736499786376953,1096,0.0,0.0,0.0
2023-09-05 10:30:00-04:00,14.760000228881836,14.760000228881836,14.760000228881836,14.760000228881836,328,0.0,0.0,0.0
2023-09-05 11:30:00-04:00,14.819999694824219,14.819999694824219,14.779999732971191,14.779999732971191,0,0.0,0.0,0.0
2023-09-06 15:30:00-04:00,14.6899995803833,14.859999656677246,14.6899995803833,14.770000457763672,473,0.0,0.0,0.0
2023-09-07 09:30:00-04:00,14.850000381469727,14.850000381469727,14.850000381469727,14.850000381469727,500,0.0,0.0,0.0
2023-09-07 10:30:00-04:00,14.779999732971191,14.779999732971191,14.779999732971191,14.779999732971191,276,0.0,0.0,0.0
2023-09-07 15:30:00-04:00,14.829999923706055,14.859999656677246,14.800000190734863,14.800000190734863,0,0.0,0.0,0.0
2023-09-08 09:30:00-04:00,14.90999984741211,14.90999984741211,14.90999984741211,14.90999984741211,472,0.0,0.0,0.0
2023-09-08 10:30:00-04:00,14.989999771118164,14.989999771118164,14.989999771118164,14.989999771118164,495,0.0,0.0,0.0
2023-09-08 11:30:00-04:00,14.949999809265137,15.149999618530273,14.949999809265137,15.149999618530273,971,0.0,0.0,0.0
2023-09-08 13:30:00-04:00,15.069999694824219,15.069999694824219,15.069999694824219,15.069999694824219,266,0.0,0.0,0.0
2023-09-11 09:30:00-04:00,14.949999809265137,14.949999809265137,14.502799987792969,14.550000190734863,1150,0.0,0.0,0.0
2023-09-11 10:30:00-04:00,14.399999618530273,14.460000038146973,14.399999618530273,14.420000076293945,1038,0.0,0.0,0.0
2023-09-11 13:30:00-04:00,14.4399995803833,14.4399995803833,14.4399995803833,14.4399995803833,264,0.0,0.0,0.0
2023-09-11 14:30:00-04:00,14.449999809265137,14.960000038146973,14.399999618530273,14.960000038146973,0,0.0,0.0,0.0
2023-09-13 15:30:00-04:00,15.0600004196167,15.069999694824219,15.010000228881836,15.010000228881836,0,0.0,0.0,0.0
2023-09-14 09:30:00-04:00,15.34000015258789,15.34000015258789,15.34000015258789,15.34000015258789,424,0.0,0.0,0.0
2023-09-14 15:30:00-04:00,15.359999656677246,15.359999656677246,15.34000015258789,15.34000015258789,0,0.0,0.0,0.0
2023-09-15 09:30:00-04:00,15.359999656677246,15.36970043182373,15.3100004196167,15.3100004196167,914,0.0,0.0,0.0
2023-09-15 10:30:00-04:00,15.300000190734863,15.300000190734863,15.300000190734863,15.300000190734863,133,0.0,0.0,0.0
2023-09-15 11:30:00-04:00,15.199999809265137,15.220000267028809,15.1850004196167,15.219900131225586,1049,0.0,0.0,0.0
2023-09-15 14:30:00-04:00,15.25,15.25,15.239999771118164,15.25,700,0.0,0.0,0.0
2023-09-18 09:30:00-04:00,15.529999732971191,15.770000457763672,15.529999732971191,15.770000457763672,0,0.0,0.0,0.0
2023-09-18 11:30:00-04:00,15.899999618530273,16.0,15.770000457763672,15.970000267028809,5621,0.0,0.0,0.0
2023-09-18 12:30:00-04:00,15.770000457763672,15.770000457763672,15.71500015258789,15.71500015258789,694,0.0,0.0,0.0
2023-09-18 15:30:00-04:00,15.539999961853027,15.626999855041504,15.539999961853027,15.567700386047363,0,0.0,0.0,0.0
2023-09-19 09:30:00-04:00,15.615900039672852,15.615900039672852,15.615900039672852,15.615900039672852,341,0.0,0.0,0.0
2023-09-19 10:30:00-04:00,15.716500282287598,15.716500282287598,15.716500282287598,15.716500282287598,308,0.0,0.0,0.0
2023-09-19 14:30:00-04:00,15.65999984741211,15.680000305175781,15.625,15.625,402,0.0,0.0,0.0
2023-09-19 15:30:00-04:00,15.65999984741211,15.65999984741211,15.649999618530273,15.649999618530273,0,0.0,0.0,0.0
2023-09-20 10:30:00-04:00,15.699999809265137,15.699999809265137,15.699999809265137,15.699999809265137,811,0.0,0.0,0.0
2023-09-20 13:30:00-04:00,15.75,15.75,15.576899528503418,15.576899528503418,0,0.0,0.0,0.0
2023-09-21 09:30:00-04:00,15.5,15.5,15.244999885559082,15.244999885559082,623,0.0,0.0,0.0
2023-09-21 10:30:00-04:00,15.359999656677246,15.359999656677246,15.35990047454834,15.35990047454834,828,0.0,0.0,0.0
2023-09-21 11:30:00-04:00,15.40999984741211,15.4399995803833,15.386199951171875,15.404999732971191,953,0.0,0.0,0.0
2023-09-21 12:30:00-04:00,15.479999542236328,15.479999542236328,15.414999961853027,15.449999809265137,0,0.0,0.0,0.0
2023-09-22 12:30:00-04:00,15.45009994506836,15.520000457763672,15.45009994506836,15.520000457763672,1537,0.0,0.0,0.0
2023-09-22 13:30:00-04:00,15.550000190734863,15.550000190734863,15.489999771118164,15.489999771118164,901,0.0,0.0,0.0
2023-09-22 14:30:00-04:00,15.489999771118164,15.489999771118164,15.489999771118164,15.489999771118164,100,0.0,0.0,0.0
2023-09-22 15:30:00-04:00,15.5,15.5,15.449999809265137,15.449999809265137,700,0.0,0.0,0.0
2023-09-25 09:30:00-04:00,15.449999809265137,15.449999809265137,15.010000228881836,15.010000228881836,2160,0.0,0.0,0.0
2023-09-25 11:30:00-04:00,15.050000190734863,15.15999984741211,15.050000190734863,15.140999794006348,3186,0.0,0.0,0.0
2023-09-25 15:30:00-04:00,15.170000076293945,15.270000457763672,15.15999984741211,15.270000457763672,0,0.0,0.0,0.0
2023-09-26 10:30:00-04:00,15.029999732971191,15.029999732971191,15.029899597167969,15.029899597167969,477,0.0,0.0,0.0
2023-09-26 12:30:00-04:00,15.107399940490723,15.107399940490723,15.107399940490723,15.107399940490723,497,0.0,0.0,0.0
2023-09-26 13:30:00-04:00,15.108499526977539,15.108499526977539,15.108499526977539,15.108499526977539,242,0.0,0.0,0.0
2023-09-26 14:30:00-04:00,15.109999656677246,15.199999809265137,15.109999656677246,15.199999809265137,0,0.0,0.0,0.0
2023-09-27 09:30:00-04:00,15.15999984741211,15.15999984741211,15.100000381469727,15.100000381469727,1070,0.0,0.0,0.0
2023-09-27 10:30:00-04:00,15.100000381469727,15.100000381469727,15.100000381469727,15.100000381469727,827,0.0,0.0,0.0
2023-09-27 11:30:00-04:00,14.937399864196777,15.048199653625488,14.937399864196777,15.048199653625488,2431,0.0,0.0,0.0
2023-09-27 13:30:00-04:00,15.064599990844727,15.064599990844727,15.024999618530273,15.024999618530273,0,0.0,0.0,0.0
2023-09-28 09:30:00-04:00,15.135000228881836,15.135000228881836,15.135000228881836,15.135000228881836,683,0.0,0.0,0.0
2023-09-28 13:30:00-04:00,15.539999961853027,15.760000228881836,15.539999961853027,15.75,3385,0.0,0.0,0.0
2023-09-28 15:30:00-04:00,15.680000305175781,15.680000305175781,15.579999923706055,15.579999923706055,0,0.0,0.0,0.0
2023-09-29 10:30:00-04:00,15.336999893188477,15.34000015258789,15.336999893188477,15.34000015258789,766,0.0,0.0,0.0
2023-09-29 11:30:00-04:00,15.319999694824219,15.322500228881836,15.319999694824219,15.322500228881836,631,0.0,0.0,0.0
2023-09-29 12:30:00-04:00,15.3572998046875,15.3572998046875,15.3572998046875,15.3572998046875,198,0.0,0.0,0.0
2023-09-29 15:30:00-04:00,15.359999656677246,15.460000038146973,15.359999656677246,15.460000038146973,229,0.0,0.0,0.0
2023-10-02 09:30:00-04:00,16.329999923706055,16.329999923706055,16.270000457763672,16.270099639892578,786,0.0,0.0,0.0
2023-10-02 10:30:00-04:00,16.239999771118164,16.253400802612305,16.170000076293945,16.170000076293945,2250,0.0,0.0,0.0
2023-10-02 11:30:00-04:00,16.030000686645508,16.036699295043945,16.030000686645508,16.036699295043945,402,0.0,0.0,0.0
2023-10-02 12:30:00-04:00,15.9306001663208,15.9306001663208,15.899999618530273,15.899999618530273,0,0.0,0.0,0.0
2023-10-03 11:30:00-04:00,15.6899995803833,15.6899995803833,15.680000305175781,15.680000305175781,727,0.0,0.0,0.0
2023-10-03 12:30:00-04:00,15.609999656677246,15.609999656677246,15.609999656677246,15.609999656677246,127,0.0,0.0,0.0
2023-10-03 15:30:00-04:00,15.609999656677246,15.619999885559082,15.5,15.5,0,0.0,0.0,0.0
2023-10-04 10:30:00-04:00,15.550000190734863,15.680000305175781,15.550000190734863,15.630000114440918,1114,0.0,0.0,0.0
2023-10-04 13:30:00-04:00,15.710000038146973,15.710000038146973,15.710000038146973,15.710000038146973,168,0.0,0.0,0.0
2023-10-04 14:30:00-04:00,15.760000228881836,15.760000228881836,15.760000228881836,15.760000228881836,514,0.0,0.0,0.0
2023-10-04 15:30:00-04:00,15.770000457763672,15.819999694824219,15.760000228881836,15.765899658203125,0,0.0,0.0,0.0
2023-10-05 09:30:00-04:00,15.949999809265137,15.949999809265137,15.949999809265137,15.949999809265137,508,0.0,0.0,0.0
2023-10-05 10:30:00-04:00,15.869999885559082,15.869999885559082,15.86520004272461,15.86520004272461,343,0.0,0.0,0.0
2023-10-05 11:30:00-04:00,15.670000076293945,15.670000076293945,15.670000076293945,15.670000076293945,343,0.0,0.0,0.0
2023-10-05 12:30:00-04:00,15.539999961853027,15.539999961853027,15.539999961853027,15.539999961853027,100,0.0,0.0,0.0
2023-10-05 13:30:00-04:00,15.579999923706055,15.789999961853027,15.579999923706055,15.579999923706055,197,0.0,0.0,0.0
2023-10-06 09:30:00-04:00,15.65999984741211,15.75,15.65999984741211,15.75,0,0.0,0.0,0.0
2023-10-06 11:30:00-04:00,15.984999656677246,16.02989959716797,15.984999656677246,16.02989959716797,531,0.0,0.0,0.0
2023-10-06 14:30:00-04:00,15.996600151062012,15.996600151062012,15.996600151062012,15.996600151062012,232,0.0,0.0,0.0
2023-10-06 15:30:00-04:00,15.949999809265137,15.960000038146973,15.949999809265137,15.960000038146973,120,0.0,0.0,0.0
2023-10-09 09:30:00-04:00,15.975000381469727,16.049999237060547,15.807999610900879,15.807999610900879,1067,0.0,0.0,0.0
2023-10-09 10:30:00-04:00,15.720000267028809,15.720000267028809,15.659199714660645,15.659199714660645,882,0.0,0.0,0.0
2023-10-09 11:30:00-04:00,15.65999984741211,15.65999984741211,15.65999984741211,15.65999984741211,200,0.0,0.0,0.0
2023-10-09 12:30:00-04:00,15.649999618530273,15.649999618530273,15.600000381469727,15.600000381469727,1124,0.0,0.0,0.0
2023-10-09 13:30:00-04:00,15.655500411987305,15.655500411987305,15.655500411987305,15.655500411987305,102,0.0,0.0,0.0
2023-10-09 15:30:00-04:00,15.789999961853027,15.8100004196167,15.729999542236328,15.729999542236328,0,0.0,0.0,0.0
2023-10-10 09:30:00-04:00,15.554400444030762,15.699999809265137,15.554400444030762,15.699999809265137,495,0.0,0.0,0.0
2023-10-10 10:30:00-04:00,15.699999809265137,15.699999809265137,15.539999961853027,15.600000381469727,673,0.0,0.0,0.0
2023-10-10 11:30:00-04:00,15.60990047454834,15.609999656677246,15.579999923706055,15.579999923706055,1672,0.0,0.0,0.0
2023-10-10 12:30:00-04:00,15.640000343322754,15.640000343322754,15.596799850463867,15.596799850463867,1178,0.0,0.0,0.0
2023-10-10 15:30:00-04:00,15.595000267028809,15.600000381469727,15.579999923706055,15.579999923706055,0,0.0,0.0,0.0
2023-10-11 10:30:00-04:00,15.390000343322754,15.399900436401367,15.390000343322754,15.399900436401367,569,0.0,0.0,0.0
2023-10-11 14:30:00-04:00,15.110099792480469,15.149999618530273,15.110099792480469,15.149999618530273,0,0.0,0.0,0.0
2023-10-12 09:30:00-04:00,15.539999961853027,15.539999961853027,15.130000114440918,15.13010025024414,1717,0.0,0.0,0.0
2023-10-12 10:30:00-04:00,15.130000114440918,15.149999618530273,15.130000114440918,15.149999618530273,367,0.0,0.0,0.0
2023-10-12 11:30:00-04:00,15.170000076293945,15.180000305175781,15.170000076293945,15.180000305175781,510,0.0,0.0,0.0
2023-10-12 13:30:00-04:00,15.149999618530273,15.15839958190918,15.149999618530273,15.15839958190918,322,0.0,0.0,0.0
2023-10-12 14:30:00-04:00,15.180000305175781,15.188599586486816,15.135000228881836,15.151900291442871,1134,0.0,0.0,0.0
2023-10-12 15:30:00-04:00,15.210000038146973,15.210000038146973,15.170000076293945,15.170000076293945,0,0.0,0.0,0.0
2023-10-16 09:30:00-04:00,16.479999542236328,16.479999542236328,16.0,16.0,1335,0.0,0.0,0.0
2023-10-16 11:30:00-04:00,16.02899932861328,16.02899932861328,16.02899932861328,16.02899932861328,386,0.0,0.0,0.0
2023-10-16 12:30:00-04:00,16.010000228881836,16.31999969482422,16.010000228881836,16.31999969482422,0,0.0,0.0,0.0
2023-10-17 09:30:00-04:00,16.049999237060547,16.049999237060547,16.049999237060547,16.049999237060547,306,0.0,0.0,0.0
2023-10-17 10:30:00-04:00,16.239900588989258,16.239900588989258,16.239900588989258,16.239900588989258,239,0.0,0.0,0.0
2023-10-17 15:30:00-04:00,16.204999923706055,16.25,16.204999923706055,16.22909927368164,0,0.0,0.0,0.0
2023-10-18 09:30:00-04:00,16.110000610351562,16.1200008392334,16.109899520874023,16.1200008392334,1300,0.0,0.0,0.0
2023-10-18 10:30:00-04:00,16.094999313354492,16.094999313354492,16.094999313354492,16.094999313354492,1099,0.0,0.0,0.0
2023-10-18 11:30:00-04:00,16.09000015258789,16.09000015258789,16.06999969482422,16.06999969482422,1257,0.0,0.0,0.0
2023-10-18 13:30:00-04:00,16.090099334716797,16.090099334716797,16.09000015258789,16.09000015258789,0,0.0,0.0,0.0
2023-10-19 09:30:00-04:00,16.22480010986328,16.235000610351562,16.22480010986328,16.235000610351562,399,0.0,0.0,0.0
2023-10-19 10:30:00-04:00,16.3700008392334,16.3700008392334,16.3700008392334,16.3700008392334,138,0.0,0.0,0.0
2023-10-19 11:30:00-04:00,16.379899978637695,16.379899978637695,16.379899978637695,16.379899978637695,275,0.0,0.0,0.0
2023-10-19 12:30:00-04:00,16.30030059814453,16.31999969482422,16.30030059814453,16.31999969482422,0,0.0,0.0,0.0
2023-10-20 09:30:00-04:00,16.850000381469727,16.8700008392334,16.844999313354492,16.85449981689453,1033,0.0,0.0,0.0
2023-10-20 10:30:00-04:00,16.760000228881836,16.8700008392334,16.760000228881836,16.86989974975586,899,0.0,0.0,0.0
2023-10-20 11:30:00-04:00,16.86989974975586,16.8700008392334,16.864200592041016,16.864200592041016,620,0.0,0.0,0.0
2023-10-20 12:30:00-04:00,16.860000610351562,16.860000610351562,16.860000610351562,16.860000610351562,146,0.0,0.0,0.0
2023-10-20 14:30:00-04:00,16.829999923706055,16.829999923706055,16.75,16.813800811767578,581,0.0,0.0,0.0
2023-10-23 09:30:00-04:00,17.37019920349121,17.371299743652344,17.37019920349121,17.371299743652344,830,0.0,0.0,0.0
2023-10-23 10:30:00-04:00,17.479999542236328,17.639999389648438,17.479999542236328,17.556699752807617,2069,0.0,0.0,0.0
2023-10-23 12:30:00-04:00,17.690000534057617,17.770000457763672,17.65999984741211,17.65999984741211,1773,0.0,0.0,0.0
2023-10-23 13:30:00-04:00,17.736000061035156,17.736000061035156,17.736000061035156,17.736000061035156,239,0.0,0.0,0.0
2023-10-23 14:30:00-04:00,17.84000015258789,18.0,17.834999084472656,18.0,0,0.0,0.0,0.0
2023-10-24 09:30:00-04:00,19.799999237060547,19.799999237060547,19.530000686645508,19.530099868774414,1781,0.0,0.0,0.0
2023-10-24 10:30:00-04:00,19.5049991607666,19.649099349975586,19.190000534057617,19.25,3901,0.0,0.0,0.0
2023-10-24 11:30:00-04:00,19.100000381469727,19.368799209594727,19.100000381469727,19.368799209594727,1427,0.0,0.0,0.0
2023-10-24 12:30:00-04:00,19.440000534057617,19.450000762939453,19.356700897216797,19.43000030517578,1995,0.0,0.0,0.0
2023-10-24 13:30:00-04:00,19.149999618530273,19.190000534057617,19.149999618530273,19.190000534057617,300,0.0,0.0,0.0
2023-10-24 14:30:00-04:00,19.18000030517578,19.235000610351562,19.18000030517578,19.235000610351562,1110,0.0,0.0,0.0
2023-10-24 15:30:00-04:00,19.309900283813477,19.309900283813477,19.229999542236328,19.260000228881836,0,0.0,0.0,0.0
2023-10-25 09:30:00-04:00,19.969999313354492,19.969999313354492,19.636199951171875,19.8799991607666,4413,0.0,0.0,0.0
2023-10-25 10:30:00-04:00,19.75,19.88990020751953,19.75,19.88990020751953,809,0.0,0.0,0.0
2023-10-25 11:30:00-04:00,20.0,20.020000457763672,19.989900588989258,20.020000457763672,2452,0.0,0.0,0.0
2023-10-25 12:30:00-04:00,19.899999618530273,19.899999618530273,19.75160026550293,19.75160026550293,773,0.0,0.0,0.0
2023-10-25 13:30:00-04:00,19.79010009765625,19.79010009765625,19.760000228881836,19.760000228881836,919,0.0,0.0,0.0
2023-10-25 14:30:00-04:00,19.75,19.809900283813477,19.6200008392334,19.750200271606445,1421,0.0,0.0,0.0
2023-10-25 15:30:00-04:00,19.809999465942383,19.809999465942383,19.799999237060547,19.799999237060547,0,0.0,0.0,0.0
2023-10-26 09:30:00-04:00,19.8799991607666,19.8799991607666,19.5,19.629899978637695,2204,0.0,0.0,0.0
2023-10-26 10:30:00-04:00,19.610000610351562,19.610000610351562,19.5,19.5,429,0.0,0.0,0.0
2023-10-26 11:30:00-04:00,19.360000610351562,19.5,19.360000610351562,19.450000762939453,4697,0.0,0.0,0.0
2023-10-26 12:30:00-04:00,19.450000762939453,19.450000762939453,19.309999465942383,19.309999465942383,781,0.0,0.0,0.0
2023-10-26 14:30:00-04:00,19.439899444580078,19.439899444580078,19.439899444580078,19.439899444580078,190,0.0,0.0,0.0
2023-10-26 15:30:00-04:00,19.309999465942383,19.309999465942383,19.280000686645508,19.280000686645508,0,0.0,0.0,0.0
2023-10-27 09:30:00-04:00,19.200000762939453,19.200000762939453,19.200000762939453,19.200000762939453,164,0.0,0.0,0.0
2023-10-27 10:30:00-04:00,19.09000015258789,19.139999389648438,19.09000015258789,19.13990020751953,2524,0.0,0.0,0.0
2023-10-27 12:30:00-04:00,19.34000015258789,19.360000610351562,18.979900360107422,19.27989959716797,3833,0.0,0.0,0.0
2023-10-27 13:30:00-04:00,19.049999237060547,19.191299438476562,19.04990005493164,19.08989906311035,2378,0.0,0.0,0.0
2023-10-27 14:30:00-04:00,19.0,19.0,19.0,19.0,352,0.0,0.0,0.0
2023-10-27 15:30:00-04:00,19.18400001525879,19.280000686645508,19.100000381469727,19.100000381469727,1052,0.0,0.0,0.0
2023-10-30 09:30:00-04:00,20.510000228881836,20.510000228881836,19.540000915527344,19.6112003326416,5305,0.0,0.0,0.0
2023-10-30 10:30:00-04:00,19.700000762939453,19.780000686645508,19.698999404907227,19.780000686645508,2836,0.0,0.0,0.0
2023-10-30 11:30:00-04:00,19.780000686645508,19.7898006439209,19.65999984741211,19.65999984741211,494,0.0,0.0,0.0
2023-10-30 12:30:00-04:00,19.65999984741211,19.7893009185791,19.65999984741211,19.65999984741211,1433,0.0,0.0,0.0
2023-10-30 13:30:00-04:00,19.65999984741211,19.65999984741211,19.65999984741211,19.65999984741211,240,0.0,0.0,0.0
2023-10-30 14:30:00-04:00,19.65999984741211,19.65999984741211,19.598800659179688,19.598800659179688,1849,0.0,0.0,0.0
2023-10-30 15:30:00-04:00,19.540000915527344,19.59589958190918,19.540000915527344,19.549999237060547,0,0.0,0.0,0.0
2023-10-31 09:30:00-04:00,19.5,19.507299423217773,19.209999084472656,19.349899291992188,3692,0.0,0.0,0.0
2023-10-31 10:30:00-04:00,19.398399353027344,19.40999984741211,19.30500030517578,19.347999572753906,3724,0.0,0.0,0.0
2023-10-31 11:30:00-04:00,19.364999771118164,19.399900436401367,19.325000762939453,19.389999389648438,588,0.0,0.0,0.0
2023-10-31 13:30:00-04:00,19.450000762939453,19.479999542236328,19.450000762939453,19.479900360107422,2204,0.0,0.0,0.0
2023-10-31 14:30:00-04:00,19.450000762939453,19.45800018310547,19.450000762939453,19.45800018310547,349,0.0,0.0,0.0
2023-10-31 15:30:00-04:00,19.5,19.5049991607666,19.5,19.5049991607666,0,0.0,0.0,0.0
2023-11-01 09:30:00-04:00,19.790000915527344,19.790000915527344,19.609899520874023,19.609899520874023,952,0.0,0.0,0.0
2023-11-01 10:30:00-04:00,19.3700008392334,19.3700008392334,19.25,19.250099182128906,568,0.0,0.0,0.0
2023-11-01 11:30:00-04:00,19.260000228881836,19.40999984741211,19.260000228881836,19.377700805664062,2850,0.0,0.0,0.0
2023-11-01 13:30:00-04:00,19.479999542236328,19.679899215698242,19.479999542236328,19.550100326538086,3622,0.0,0.0,0.0
2023-11-01 14:30:00-04:00,19.700000762939453,19.829999923706055,19.655000686645508,19.655000686645508,0,0.0,0.0,0.0
2023-11-02 09:30:00-04:00,19.82040023803711,19.84000015258789,19.81999969482422,19.82990074157715,2994,0.0,0.0,0.0
2023-11-02 10:30:00-04:00,19.829999923706055,19.839599609375,19.81999969482422,19.81999969482422,960,0.0,0.0,0.0
2023-11-02 13:30:00-04:00,19.510000228881836,19.6200008392334,19.510000228881836,19.6200008392334,1813,0.0,0.0,0.0
2023-11-02 14:30:00-04:00,19.600000381469727,19.6299991607666,19.549999237060547,19.6299991607666,5852,0.0,0.0,0.0
2023-11-02 15:30:00-04:00,19.6299991607666,19.700000762939453,19.6299991607666,19.700000762939453,0,0.0,0.0,0.0
2023-11-03 09:30:00-04:00,19.325000762939453,19.325000762939453,19.325000762939453,19.325000762939453,371,0.0,0.0,0.0
2023-11-03 10:30:00-04:00,19.520000457763672,19.569900512695312,19.520000457763672,19.569900512695312,483,0.0,0.0,0.0
2023-11-03 11:30:00-04:00,19.579999923706055,19.579999923706055,19.579999923706055,19.579999923706055,934,0.0,0.0,0.0
2023-11-03 12:30:00-04:00,19.584999084472656,19.584999084472656,19.579999923706055,19.579999923706055,807,0.0,0.0,0.0
2023-11-03 13:30:00-04:00,19.572799682617188,19.572799682617188,19.459999084472656,19.459999084472656,695,0.0,0.0,0.0
2023-11-03 14:30:00-04:00,19.449899673461914,19.449899673461914,19.449899673461914,19.449899673461914,127,0.0,0.0,0.0
2023-11-03 15:30:00-04:00,19.405000686645508,19.469999313354492,19.405000686645508,19.469999313354492,202,0.0,0.0,0.0
2023-11-06 09:30:00-05:00,20.0,20.0,19.54010009765625,19.709999084472656,7785,0.0,0.0,0.0
2023-11-06 10:30:00-05:00,19.700000762939453,19.700000762939453,19.700000762939453,19.700000762939453,651,0.0,0.0,0.0
2023-11-06 11:30:00-05:00,19.652599334716797,19.652599334716797,19.652599334716797,19.652599334716797,180,0.0,0.0,0.0
2023-11-06 12:30:00-05:00,19.655000686645508,19.655000686645508,19.655000686645508,19.655000686645508,638,0.0,0.0,0.0
2023-11-06 13:30:00-05:00,19.659799575805664,19.66830062866211,19.659799575805664,19.66830062866211,5184,0.0,0.0,0.0
2023-11-06 14:30:00-05:00,19.68000030517578,19.719999313354492,19.639999389648438,19.639999389648438,2459,0.0,0.0,0.0
2023-11-06 15:30:00-05:00,19.661300659179688,19.666799545288086,19.661300659179688,19.661300659179688,0,0.0,0.0,0.0
2023-11-07 09:30:00-05:00,19.479999542236328,19.559999465942383,19.479999542236328,19.559999465942383,754,0.0,0.0,0.0
2023-11-07 10:30:00-05:00,19.519899368286133,19.519899368286133,19.420000076293945,19.507600784301758,1636,0.0,0.0,0.0
2023-11-07 13:30:00-05:00,19.950000762939453,19.950000762939453,19.950000762939453,19.950000762939453,264,0.0,0.0,0.0
2023-11-07 14:30:00-05:00,19.9950008392334,20.18090057373047,19.9950008392334,20.18090057373047,0,0.0,0.0,0.0
2023-11-08 09:30:00-05:00,19.854999542236328,19.854999542236328,19.850000381469727,19.850000381469727,349,0.0,0.0,0.0
2023-11-08 10:30:00-05:00,19.75,19.75,19.75,19.75,200,0.0,0.0,0.0
2023-11-08 11:30:00-05:00,19.934999465942383,19.934999465942383,19.8700008392334,19.889999389648438,1052,0.0,0.0,0.0
2023-11-08 13:30:00-05:00,20.06999969482422,20.079999923706055,20.040000915527344,20.079999923706055,618,0.0,0.0,0.0
2023-11-08 14:30:00-05:00,20.059999465942383,20.06999969482422,20.010000228881836,20.010000228881836,0,0.0,0.0,0.0
2023-11-09 09:30:00-05:00,21.479999542236328,21.604999542236328,21.15999984741211,21.440000534057617,5506,0.0,0.0,0.0
2023-11-09 10:30:00-05:00,21.1200008392334,21.1200008392334,20.639999389648438,20.639999389648438,2273,0.0,0.0,0.0
2023-11-09 11:30:00-05:00,20.549999237060547,20.600000381469727,20.440000534057617,20.600000381469727,1366,0.0,0.0,0.0
2023-11-09 12:30:00-05:00,20.559999465942383,20.65999984741211,20.510000228881836,20.510000228881836,955,0.0,0.0,0.0
2023-11-09 13:30:00-05:00,20.481800079345703,20.502199172973633,20.481800079345703,20.502199172973633,536,0.0,0.0,0.0
2023-11-09 14:30:00-05:00,20.439899444580078,20.439899444580078,20.399999618530273,20.399999618530273,1117,0.0,0.0,0.0
2023-11-09 15:30:00-05:00,20.40999984741211,20.769899368286133,20.40999984741211,20.684499740600586,0,0.0,0.0,0.0
2023-11-10 09:30:00-05:00,20.969999313354492,20.969999313354492,20.86949920654297,20.86949920654297,825,0.0,0.0,0.0
2023-11-10 10:30:00-05:00,21.049999237060547,21.190000534057617,21.049999237060547,21.190000534057617,2044,0.0,0.0,0.0
2023-11-10 11:30:00-05:00,21.200000762939453,21.200000762939453,21.11989974975586,21.11989974975586,852,0.0,0.0,0.0
2023-11-10 12:30:00-05:00,21.049999237060547,21.049999237060547,20.99880027770996,21.0,1212,0.0,0.0,0.0
2023-11-10 13:30:00-05:00,21.030000686645508,21.119699478149414,21.030000686645508,21.119699478149414,1167,0.0,0.0,0.0
2023-11-10 14:30:00-05:00,21.1200008392334,21.1200008392334,20.950000762939453,20.950000762939453,1764,0.0,0.0,0.0
2023-11-10 15:30:00-05:00,21.040000915527344,21.079999923706055,21.010000228881836,21.010000228881836,515,0.0,0.0,0.0
2023-11-13 09:30:00-05:00,21.040000915527344,21.040000915527344,20.600000381469727,20.696199417114258,2766,0.0,0.0,0.0
2023-11-13 11:30:00-05:00,20.920000076293945,20.979999542236328,20.81999969482422,20.979999542236328,1658,0.0,0.0,0.0
2023-11-13 12:30:00-05:00,20.700000762939453,20.700000762939453,20.700000762939453,20.700000762939453,224,0.0,0.0,0.0
2023-11-13 14:30:00-05:00,20.700000762939453,20.700000762939453,20.700000762939453,20.700000762939453,0,0.0,0.0,0.0
2023-11-14 09:30:00-05:00,20.8799991607666,20.8799991607666,20.67970085144043,20.829999923706055,1642,0.0,0.0,0.0
2023-11-14 10:30:00-05:00,20.489999771118164,20.489999771118164,20.15999984741211,20.2549991607666,2426,0.0,0.0,0.0
2023-11-14 11:30:00-05:00,20.395000457763672,20.395000457763672,20.299999237060547,20.299999237060547,483,0.0,0.0,0.0
2023-11-14 12:30:00-05:00,20.280000686645508,20.280000686645508,20.200000762939453,20.200000762939453,893,0.0,0.0,0.0
2023-11-14 13:30:00-05:00,19.790000915527344,19.790000915527344,19.56999969482422,19.753999710083008,2288,0.0,0.0,0.0
2023-11-14 14:30:00-05:00,19.809999465942383,19.869300842285156,19.809999465942383,19.869300842285156,1012,0.0,0.0,0.0
2023-11-14 15:30:00-05:00,19.81999969482422,19.864999771118164,19.81999969482422,19.864999771118164,660,0.0,0.0,0.0
2023-11-15 09:30:00-05:00,20.3799991607666,20.3799991607666,20.3799991607666,20.3799991607666,0,0.0,0.0,0.0
2023-11-15 10:30:00-05:00,20.34000015258789,20.469999313354492,20.33989906311035,20.469999313354492,1639,0.0,0.0,0.0
2023-11-15 11:30:00-05:00,20.399999618530273,20.399999618530273,20.399900436401367,20.399900436401367,1553,0.0,0.0,0.0
2023-11-15 12:30:00-05:00,20.459999084472656,21.0,20.431499481201172,21.0,4791,0.0,0.0,0.0
2023-11-15 13:30:00-05:00,21.020000457763672,21.329999923706055,21.020000457763672,21.239999771118164,1649,0.0,0.0,0.0
2023-11-15 14:30:00-05:00,21.200000762939453,21.200000762939453,21.200000762939453,21.200000762939453,1074,0.0,0.0,0.0
2023-11-15 15:30:00-05:00,21.270000457763672,21.270000457763672,21.260000228881836,21.260000228881836,527,0.0,0.0,0.0
2023-11-16 09:30:00-05:00,20.309999465942383,20.655000686645508,20.309999465942383,20.62030029296875,4955,0.0,0.0,0.0
2023-11-16 10:30:00-05:00,20.430500030517578,20.430500030517578,20.420000076293945,20.420000076293945,438,0.0,0.0,0.0
2023-11-16 11:30:00-05:00,20.450000762939453,20.450000762939453,20.440000534057617,20.450000762939453,428,0.0,0.0,0.0
2023-11-16 12:30:00-05:00,20.450000762939453,20.450000762939453,20.450000762939453,20.450000762939453,523,0.0,0.0,0.0
2023-11-16 14:30:00-05:00,19.91010093688965,20.16990089416504,19.91010093688965,20.16990089416504,539,0.0,0.0,0.0
2023-11-16 15:30:00-05:00,20.15180015563965,20.15180015563965,20.15180015563965,20.15180015563965,186,0.0,0.0,0.0
2023-11-17 09:30:00-05:00,20.260000228881836,20.44700050354004,20.200000762939453,20.24169921875,3428,0.0,0.0,0.0
2023-11-17 11:30:00-05:00,20.377199172973633,20.729999542236328,20.377199172973633,20.729999542236328,364,0.0,0.0,0.0
2023-11-17 12:30:00-05:00,20.559999465942383,20.559999465942383,20.559999465942383,20.559999465942383,440,0.0,0.0,0.0
2023-11-17 13:30:00-05:00,20.540000915527344,20.56999969482422,20.4950008392334,20.506799697875977,1792,0.0,0.0,0.0
2023-11-17 14:30:00-05:00,20.4950008392334,20.579999923706055,20.350000381469727,20.389999389648438,2676,0.0,0.0,0.0
2023-11-20 09:30:00-05:00,21.200000762939453,21.200000762939453,20.670000076293945,20.8799991607666,0,0.0,0.0,0.0
2023-11-20 10:30:00-05:00,20.969999313354492,20.969999313354492,20.969999313354492,20.969999313354492,549,0.0,0.0,0.0
2023-11-20 11:30:00-05:00,20.94409942626953,20.950700759887695,20.889999389648438,20.889999389648438,998,0.0,0.0,0.0
2023-11-20 12:30:00-05:00,20.969999313354492,21.079999923706055,20.969999313354492,21.06999969482422,1862,0.0,0.0,0.0
2023-11-20 13:30:00-05:00,21.13050079345703,21.13050079345703,21.13050079345703,21.13050079345703,769,0.0,0.0,0.0
2023-11-20 14:30:00-05:00,21.190000534057617,21.209999084472656,21.190000534057617,21.209999084472656,514,0.0,0.0,0.0
2023-11-20 15:30:00-05:00,21.329999923706055,21.329999923706055,21.030000686645508,21.030000686645508,0,0.0,0.0,0.0
2023-11-21 09:30:00-05:00,20.610000610351562,20.610000610351562,20.510000228881836,20.524200439453125,1556,0.0,0.0,0.0
2023-11-21 10:30:00-05:00,20.774999618530273,20.809999465942383,20.774999618530273,20.799999237060547,1086,0.0,0.0,0.0
2023-11-21 11:30:00-05:00,20.899999618530273,21.09000015258789,20.899999618530273,20.99489974975586,2277,0.0,0.0,0.0
2023-11-21 12:30:00-05:00,20.950000762939453,20.950000762939453,20.950000762939453,20.950000762939453,558,0.0,0.0,0.0
2023-11-21 15:30:00-05:00,21.059999465942383,21.059999465942383,20.799999237060547,20.799999237060547,0,0.0,0.0,0.0
2023-11-22 09:30:00-05:00,20.829999923706055,20.829999923706055,20.239999771118164,20.286300659179688,2946,0.0,0.0,0.0
2023-11-22 10:30:00-05:00,20.400100708007812,20.400100708007812,20.400100708007812,20.400100708007812,780,0.0,0.0,0.0
2023-11-22 11:30:00-05:00,20.389999389648438,20.42009925842285,20.389999389648438,20.42009925842285,391,0.0,0.0,0.0
2023-11-22 12:30:00-05:00,20.485000610351562,20.709999084472656,20.40999984741211,20.709999084472656,1865,0.0,0.0,0.0
2023-11-22 13:30:00-05:00,20.84000015258789,21.19499969482422,20.84000015258789,21.19499969482422,448,0.0,0.0,0.0
2023-11-22 14:30:00-05:00,20.899999618530273,20.899999618530273,20.899900436401367,20.899900436401367,271,0.0,0.0,0.0
2023-11-22 15:30:00-05:00,20.979999542236328,21.18000030517578,20.979999542236328,21.100000381469727,350,0.0,0.0,0.0
2023-11-24 09:30:00-05:00,21.100000381469727,21.635000228881836,21.0,21.635000228881836,3514,0.0,0.0,0.0
2023-11-24 10:30:00-05:00,21.59000015258789,21.95989990234375,21.59000015258789,21.75,1173,0.0,0.0,0.0
2023-11-24 11:30:00-05:00,21.664100646972656,21.664100646972656,21.664100646972656,21.664100646972656,260,0.0,0.0,0.0
2023-11-24 12:30:00-05:00,21.3799991607666,21.3799991607666,21.3799991607666,21.3799991607666,0,0.0,0.0,0.0
2023-11-27 09:30:00-05:00,20.850000381469727,20.8700008392334,20.285999298095703,20.8700008392334,3536,0.0,0.0,0.0
2023-11-27 10:30:00-05:00,20.649999618530273,20.649999618530273,20.3799991607666,20.3799991607666,1676,0.0,0.0,0.0
2023-11-27 11:30:00-05:00,20.74839973449707,20.74839973449707,20.74839973449707,20.74839973449707,1397,0.0,0.0,0.0
2023-11-27 12:30:00-05:00,20.700000762939453,20.700000762939453,20.700000762939453,20.700000762939453,859,0.0,0.0,0.0
2023-11-27 13:30:00-05:00,20.68000030517578,20.68000030517578,20.68000030517578,20.68000030517578,560,0.0,0.0,0.0
2023-11-27 14:30:00-05:00,20.709999084472656,20.709999084472656,20.709999084472656,20.709999084472656,255,0.0,0.0,0.0
2023-11-27 15:30:00-05:00,20.600000381469727,20.6200008392334,20.589399337768555,20.589399337768555,1394,0.0,0.0,0.0
2023-11-28 09:30:00-05:00,20.760000228881836,20.799999237060547,20.700000762939453,20.75,4456,0.0,0.0,0.0
2023-11-28 10:30:00-05:00,20.899999618530273,20.950000762939453,20.899999618530273,20.915000915527344,474,0.0,0.0,0.0
2023-11-28 11:30:00-05:00,21.079999923706055,21.184099197387695,21.079999923706055,21.184099197387695,932,0.0,0.0,0.0
2023-11-28 12:30:00-05:00,21.359899520874023,21.359899520874023,21.239999771118164,21.239999771118164,2411,0.0,0.0,0.0
2023-11-28 14:30:00-05:00,21.350000381469727,21.469999313354492,21.34869956970215,21.360000610351562,2447,0.0,0.0,0.0
2023-11-28 15:30:00-05:00,21.409900665283203,21.409900665283203,21.360000610351562,21.360000610351562,0,0.0,0.0,0.0
2023-11-29 09:30:00-05:00,21.700000762939453,21.700000762939453,20.875499725341797,20.875499725341797,4057,0.0,0.0,0.0
2023-11-29 10:30:00-05:00,21.010000228881836,21.1200008392334,21.010000228881836,21.030000686645508,1179,0.0,0.0,0.0
2023-11-29 11:30:00-05:00,20.899999618530273,20.899999618530273,20.899999618530273,20.899999618530273,239,0.0,0.0,0.0
2023-11-29 12:30:00-05:00,21.075000762939453,21.075000762939453,21.075000762939453,21.075000762939453,338,0.0,0.0,0.0
2023-11-29 13:30:00-05:00,21.200000762939453,21.200000762939453,21.199899673461914,21.199899673461914,400,0.0,0.0,0.0
2023-11-29 14:30:00-05:00,20.8799991607666,20.8799991607666,20.8799991607666,20.8799991607666,0,0.0,0.0,0.0
2023-11-30 09:30:00-05:00,20.540000915527344,20.700000762939453,20.540000915527344,20.690000534057617,1828,0.0,0.0,0.0
2023-11-30 10:30:00-05:00,20.780000686645508,20.780000686645508,20.680999755859375,20.680999755859375,1725,0.0,0.0,0.0
2023-11-30 12:30:00-05:00,20.81999969482422,20.959999084472656,20.809999465942383,20.809999465942383,0,0.0,0.0,0.0
2023-12-01 09:30:00-05:00,21.1200008392334,21.389999389648438,21.1200008392334,21.350799560546875,3167,0.0,0.0,0.0
2023-12-01 10:30:00-05:00,21.290000915527344,21.43000030517578,21.289899826049805,21.368200302124023,4061,0.0,0.0,0.0
2023-12-01 11:30:00-05:00,21.704999923706055,21.809999465942383,21.610000610351562,21.610000610351562,1896,0.0,0.0,0.0
2023-12-01 12:30:00-05:00,21.790000915527344,21.790000915527344,21.790000915527344,21.790000915527344,580,0.0,0.0,0.0
2023-12-01 13:30:00-05:00,21.6299991607666,21.6299991607666,21.6299991607666,21.6299991607666,387,0.0,0.0,0.0
2023-12-01 14:30:00-05:00,21.559999465942383,21.559999465942383,21.559999465942383,21.559999465942383,510,0.0,0.0,0.0
2023-12-01 15:30:00-05:00,21.579999923706055,21.579999923706055,21.559999465942383,21.56999969482422,581,0.0,0.0,0.0
2023-12-04 09:30:00-05:00,22.520000457763672,24.280000686645508,22.520000457763672,23.298999786376953,16004,0.0,0.0,0.0
2023-12-04 10:30:00-05:00,23.309999465942383,23.309999465942383,22.896499633789062,23.07990074157715,2396,0.0,0.0,0.0
2023-12-04 11:30:00-05:00,23.299999237060547,23.299999237060547,23.040000915527344,23.040000915527344,2326,0.0,0.0,0.0
2023-12-04 12:30:00-05:00,23.1200008392334,23.1200008392334,23.1200008392334,23.1200008392334,320,0.0,0.0,0.0
2023-12-04 13:30:00-05:00,23.040000915527344,23.18000030517578,23.040000915527344,23.18000030517578,666,0.0,0.0,0.0
2023-12-04 14:30:00-05:00,23.190099716186523,23.540000915527344,23.190099716186523,23.450000762939453,0,0.0,0.0,0.0
2023-12-05 09:30:00-05:00,23.450000762939453,23.450000762939453,23.280000686645508,23.290000915527344,1777,0.0,0.0,0.0
2023-12-05 10:30:00-05:00,23.40999984741211,23.469999313354492,23.39579963684082,23.399999618530273,1307,0.0,0.0,0.0
2023-12-05 11:30:00-05:00,23.64699935913086,23.976499557495117,23.64699935913086,23.97330093383789,1556,0.0,0.0,0.0
2023-12-05 12:30:00-05:00,24.049999237060547,24.110000610351562,24.049999237060547,24.110000610351562,1211,0.0,0.0,0.0
2023-12-05 13:30:00-05:00,24.434999465942383,24.6299991607666,24.434999465942383,24.6299991607666,1747,0.0,0.0,0.0
2023-12-05 14:30:00-05:00,24.440000534057617,24.440000534057617,24.200000762939453,24.200000762939453,1002,0.0,0.0,0.0
2023-12-05 15:30:00-05:00,24.447799682617188,24.65999984741211,24.3700008392334,24.65999984741211,0,0.0,0.0,0.0
2023-12-06 09:30:00-05:00,25.100000381469727,25.100000381469727,24.329999923706055,24.559999465942383,6868,0.0,0.0,0.0
2023-12-06 10:30:00-05:00,24.5,24.5,24.38010025024414,24.38010025024414,5770,0.0,0.0,0.0
2023-12-06 12:30:00-05:00,24.540000915527344,24.609899520874023,24.539899826049805,24.59000015258789,608,0.0,0.0,0.0
2023-12-06 13:30:00-05:00,24.609899520874023,24.609899520874023,24.609899520874023,24.609899520874023,439,0.0,0.0,0.0
2023-12-06 15:30:00-05:00,24.659900665283203,24.659900665283203,24.536699295043945,24.536699295043945,0,0.0,0.0,0.0
2023-12-07 09:30:00-05:00,24.559999465942383,24.649999618530273,23.969999313354492,24.22960090637207,3908,0.0,0.0,0.0
2023-12-07 10:30:00-05:00,24.28580093383789,24.3799991607666,24.26959991455078,24.3799991607666,1118,0.0,0.0,0.0
2023-12-07 11:30:00-05:00,24.3799991607666,24.3799991607666,24.3799991607666,24.3799991607666,135,0.0,0.0,0.0
2023-12-07 12:30:00-05:00,24.149999618530273,24.149999618530273,24.149999618530273,24.149999618530273,285,0.0,0.0,0.0
2023-12-07 13:30:00-05:00,24.260000228881836,24.260000228881836,24.260000228881836,24.260000228881836,934,0.0,0.0,0.0
2023-12-07 14:30:00-05:00,24.0,24.079999923706055,23.959999084472656,24.079999923706055,901,0.0,0.0,0.0
2023-12-07 15:30:00-05:00,23.8799991607666,23.93000030517578,23.8799991607666,23.8799991607666,131,0.0,0.0,0.0
2023-12-08 09:30:00-05:00,24.510000228881836,24.510000228881836,24.260000228881836,24.290000915527344,0,0.0,0.0,0.0
2023-12-08 10:30:00-05:00,24.34000015258789,24.364999771118164,24.34000015258789,24.343799591064453,1171,0.0,0.0,0.0
2023-12-08 11:30:00-05:00,24.329200744628906,24.329200744628906,24.329200744628906,24.329200744628906,892,0.0,0.0,0.0
2023-12-08 12:30:00-05:00,24.350000381469727,24.350000381469727,24.350000381469727,24.350000381469727,133,0.0,0.0,0.0
2023-12-08 13:30:00-05:00,24.3843994140625,24.3843994140625,24.3843994140625,24.3843994140625,303,0.0,0.0,0.0
2023-12-08 14:30:00-05:00,24.459999084472656,24.459999084472656,24.459999084472656,24.459999084472656,523,0.0,0.0,0.0
2023-12-08 15:30:00-05:00,24.63990020751953,24.666400909423828,24.63990020751953,24.666400909423828,632,0.0,0.0,0.0
2023-12-11 09:30:00-05:00,23.68000030517578,23.68000030517578,23.1299991607666,23.200000762939453,3305,0.0,0.0,0.0
2023-12-11 10:30:00-05:00,23.139999389648438,23.139999389648438,22.90999984741211,22.92009925842285,3566,0.0,0.0,0.0
2023-12-11 11:30:00-05:00,23.010000228881836,23.010000228881836,23.0,23.0,292,0.0,0.0,0.0
2023-12-11 12:30:00-05:00,22.950000762939453,22.950000762939453,22.520000457763672,22.640199661254883,6686,0.0,0.0,0.0
2023-12-11 13:30:00-05:00,22.524999618530273,22.579999923706055,22.459999084472656,22.5,2005,0.0,0.0,0.0
2023-12-11 14:30:00-05:00,22.5,22.5,22.270000457763672,22.270000457763672,972,0.0,0.0,0.0
2023-12-11 15:30:00-05:00,22.422500610351562,22.540000915527344,22.408599853515625,22.540000915527344,0,0.0,0.0,0.0
2023-12-12 09:30:00-05:00,22.947500228881836,22.969999313354492,22.760000228881836,22.760000228881836,2781,0.0,0.0,0.0
2023-12-12 10:30:00-05:00,22.81999969482422,22.81999969482422,22.639999389648438,22.639999389648438,752,0.0,0.0,0.0
2023-12-12 11:30:00-05:00,22.780000686645508,22.780000686645508,22.70400047302246,22.70400047302246,381,0.0,0.0,0.0
2023-12-12 12:30:00-05:00,22.61989974975586,22.61989974975586,22.574600219726562,22.574600219726562,995,0.0,0.0,0.0
2023-12-12 13:30:00-05:00,22.618600845336914,22.618600845336914,22.618600845336914,22.618600845336914,292,0.0,0.0,0.0
2023-12-12 15:30:00-05:00,22.715999603271484,22.770000457763672,22.700000762939453,22.700000762939453,0,0.0,0.0,0.0
2023-12-13 09:30:00-05:00,22.8700008392334,22.959999084472656,22.8700008392334,22.959999084472656,671,0.0,0.0,0.0
2023-12-13 10:30:00-05:00,23.010000228881836,23.2273006439209,23.010000228881836,23.2273006439209,1119,0.0,0.0,0.0
2023-12-13 11:30:00-05:00,23.209999084472656,23.209999084472656,23.20840072631836,23.20840072631836,1132,0.0,0.0,0.0
2023-12-13 14:30:00-05:00,23.4950008392334,23.65999984741211,23.4950008392334,23.610000610351562,2504,0.0,0.0,0.0
2023-12-14 09:30:00-05:00,23.790000915527344,23.790000915527344,23.52039909362793,23.52039909362793,581,0.0,0.0,0.0
2023-12-14 10:30:00-05:00,23.360000610351562,23.439899444580078,23.360000610351562,23.439899444580078,781,0.0,0.0,0.0
2023-12-14 11:30:00-05:00,23.491600036621094,23.491600036621094,23.491600036621094,23.491600036621094,289,0.0,0.0,0.0
2023-12-14 12:30:00-05:00,23.809999465942383,23.829999923706055,23.809999465942383,23.829999923706055,779,0.0,0.0,0.0
2023-12-14 13:30:00-05:00,23.735000610351562,23.735000610351562,23.735000610351562,23.735000610351562,223,0.0,0.0,0.0
2023-12-14 14:30:00-05:00,23.898500442504883,23.898500442504883,23.790000915527344,23.790000915527344,0,0.0,0.0,0.0
2023-12-15 09:30:00-05:00,23.280000686645508,23.43000030517578,23.280000686645508,23.329999923706055,2971,0.0,0.0,0.0
2023-12-15 10:30:00-05:00,23.34000015258789,23.34000015258789,23.34000015258789,23.34000015258789,838,0.0,0.0,0.0
2023-12-15 11:30:00-05:00,23.1200008392334,23.1200008392334,23.1200008392334,23.1200008392334,352,0.0,0.0,0.0
2023-12-15 12:30:00-05:00,23.110000610351562,23.110000610351562,23.100000381469727,23.100000381469727,361,0.0,0.0,0.0
2023-12-15 13:30:00-05:00,23.172000885009766,23.239999771118164,23.172000885009766,23.239999771118164,551,0.0,0.0,0.0
2023-12-18 09:30:00-05:00,22.56999969482422,22.99850082397461,22.56999969482422,22.99850082397461,0,0.0,0.0,0.0
2023-12-18 10:30:00-05:00,22.989999771118164,22.989999771118164,22.81999969482422,22.954999923706055,2559,0.0,0.0,0.0
2023-12-18 11:30:00-05:00,23.049999237060547,23.049999237060547,23.010000228881836,23.010000228881836,559,0.0,0.0,0.0
2023-12-18 12:30:00-05:00,23.06999969482422,23.06999969482422,23.06999969482422,23.06999969482422,233,0.0,0.0,0.0
2023-12-18 14:30:00-05:00,23.049999237060547,23.049999237060547,23.049999237060547,23.049999237060547,244,0.0,0.0,0.0
2023-12-18 15:30:00-05:00,23.200000762939453,23.299999237060547,23.1299991607666,23.1299991607666,0,0.0,0.0,0.0
2023-12-19 09:30:00-05:00,23.81999969482422,23.81999969482422,23.329999923706055,23.43000030517578,3490,0.0,0.0,0.0
2023-12-19 10:30:00-05:00,23.420000076293945,23.635000228881836,23.40999984741211,23.559999465942383,5403,0.0,0.0,0.0
2023-12-19 11:30:00-05:00,23.600000381469727,23.600000381469727,23.120100021362305,23.120100021362305,4823,0.0,0.0,0.0
2023-12-19 12:30:00-05:00,23.18630027770996,23.18630027770996,23.174999237060547,23.174999237060547,846,0.0,0.0,0.0
2023-12-19 14:30:00-05:00,23.280000686645508,23.450000762939453,23.25,23.399999618530273,2934,0.0,0.0,0.0
2023-12-19 15:30:00-05:00,23.322799682617188,23.34000015258789,23.25,23.260000228881836,561,0.0,0.0,0.0
2023-12-20 09:30:00-05:00,24.459999084472656,24.459999084472656,24.200000762939453,24.399200439453125,0,0.0,0.0,0.0
2023-12-20 10:30:00-05:00,24.3799991607666,24.389999389648438,24.3799991607666,24.389999389648438,1112,0.0,0.0,0.0
2023-12-20 11:30:00-05:00,24.389999389648438,24.389999389648438,24.1200008392334,24.1200008392334,8122,0.0,0.0,0.0
2023-12-20 13:30:00-05:00,24.38990020751953,24.389999389648438,24.3799991607666,24.381900787353516,2787,0.0,0.0,0.0
2023-12-20 14:30:00-05:00,24.183300018310547,24.183300018310547,23.829999923706055,24.11989974975586,3894,0.0,0.0,0.0
2023-12-20 15:30:00-05:00,24.15999984741211,24.15999984741211,23.969999313354492,23.969999313354492,1481,0.0,0.0,0.0
2023-12-21 09:30:00-05:00,24.489999771118164,24.489999771118164,24.049999237060547,24.200000762939453,0,0.0,0.0,0.0
2023-12-21 10:30:00-05:00,24.219499588012695,24.219499588012695,24.151899337768555,24.151899337768555,1304,0.0,0.0,0.0
2023-12-21 11:30:00-05:00,24.184999465942383,24.200000762939453,24.010000228881836,24.010000228881836,3099,0.0,0.0,0.0
2023-12-21 12:30:00-05:00,24.071699142456055,24.200000762939453,24.041000366210938,24.183300018310547,5832,0.0,0.0,0.0
2023-12-21 13:30:00-05:00,24.06999969482422,24.100000381469727,24.06999969482422,24.100000381469727,395,0.0,0.0,0.0
2023-12-21 14:30:00-05:00,24.010099411010742,24.018999099731445,23.891000747680664,23.950000762939453,10935,0.0,0.0,0.0
2023-12-21 15:30:00-05:00,23.940099716186523,24.1200008392334,23.940099716186523,24.1200008392334,0,0.0,0.0,0.0
2023-12-22 09:30:00-05:00,24.209999084472656,24.209999084472656,24.020000457763672,24.020000457763672,1432,0.0,0.0,0.0
2023-12-22 10:30:00-05:00,24.020000457763672,24.020000457763672,24.0,24.000099182128906,3402,0.0,0.0,0.0
2023-12-22 11:30:00-05:00,24.010000228881836,24.03700065612793,24.010000228881836,24.03700065612793,792,0.0,0.0,0.0
2023-12-22 12:30:00-05:00,24.100000381469727,24.100000381469727,24.049999237060547,24.094999313354492,610,0.0,0.0,0.0
2023-12-22 13:30:00-05:00,24.23150062561035,24.23150062561035,24.100000381469727,24.100000381469727,733,0.0,0.0,0.0
2023-12-22 14:30:00-05:00,24.09000015258789,24.09000015258789,24.059999465942383,24.059999465942383,1686,0.0,0.0,0.0
2023-12-22 15:30:00-05:00,24.028400421142578,24.1200008392334,24.020000457763672,24.072599411010742,1310,0.0,0.0,0.0
2023-12-26 09:30:00-05:00,20.420000076293945,20.420000076293945,19.2450008392334,19.264999389648438,15240,0.0,0.0,0.0
2023-12-26 10:30:00-05:00,19.280000686645508,19.350000381469727,19.040000915527344,19.104999542236328,6713,0.0,0.0,0.0
2023-12-26 11:30:00-05:00,19.170000076293945,19.279300689697266,19.110000610351562,19.110000610351562,5944,0.0,0.0,0.0
2023-12-26 12:30:00-05:00,19.110000610351562,19.139999389648438,19.049999237060547,19.049999237060547,2801,0.0,0.0,0.0
2023-12-26 13:30:00-05:00,19.049999237060547,19.200000762939453,19.049999237060547,19.200000762939453,3505,0.0,0.0,0.0
2023-12-26 14:30:00-05:00,19.23859977722168,19.23859977722168,19.049999237060547,19.170000076293945,3564,0.0,0.0,0.0
2023-12-26 15:30:00-05:00,19.209199905395508,19.259899139404297,19.179000854492188,19.179000854492188,0,0.0,0.0,0.0
2023-12-27 09:30:00-05:00,19.8700008392334,20.489999771118164,19.469999313354492,19.6200008392334,37056,0.0,0.0,0.0
2023-12-27 10:30:00-05:00,19.639999389648438,19.75,19.600000381469727,19.722999572753906,9009,0.0,0.0,0.0
2023-12-27 11:30:00-05:00,19.780000686645508,19.790000915527344,19.68000030517578,19.709999084472656,8649,0.0,0.0,0.0
2023-12-27 12:30:00-05:00,19.68000030517578,19.739999771118164,19.68000030517578,19.729999542236328,4978,0.0,0.0,0.0
2023-12-27 13:30:00-05:00,19.68000030517578,19.769899368286133,19.68000030517578,19.68000030517578,2997,0.0,0.0,0.0
2023-12-27 14:30:00-05:00,19.729999542236328,19.809999465942383,19.71500015258789,19.759300231933594,4199,0.0,0.0,0.0
2023-12-27 15:30:00-05:00,19.838699340820312,19.979999542236328,19.838699340820312,19.950000762939453,0,0.0,0.0,0.0
2023-12-28 09:30:00-05:00,19.850000381469727,19.850000381469727,19.3700008392334,19.3700008392334,20928,0.0,0.0,0.0
2023-12-28 10:30:00-05:00,19.479999542236328,19.519899368286133,19.399999618530273,19.399999618530273,3902,0.0,0.0,0.0
2023-12-28 11:30:00-05:00,19.412500381469727,19.530000686645508,19.399999618530273,19.400100708007812,6222,0.0,0.0,0.0
2023-12-28 12:30:00-05:00,19.540000915527344,19.540000915527344,19.389999389648438,19.43000030517578,5392,0.0,0.0,0.0
2023-12-28 13:30:00-05:00,19.43000030517578,19.450000762939453,19.399999618530273,19.440000534057617,2873,0.0,0.0,0.0
2023-12-28 14:30:00-05:00,19.434999465942383,19.510000228881836,19.434999465942383,19.459999084472656,2088,0.0,0.0,0.0
2023-12-28 15:30:00-05:00,19.399999618530273,19.52989959716797,19.399999618530273,19.520000457763672,3328,0.0,0.0,0.0
2023-12-29 09:30:00-05:00,19.639999389648438,19.68000030517578,19.469999313354492,19.469999313354492,8629,0.0,0.0,0.0
2023-12-29 10:30:00-05:00,19.469999313354492,19.469999313354492,18.959999084472656,19.031700134277344,8643,0.0,0.0,0.0
2023-12-29 11:30:00-05:00,19.100000381469727,19.100000381469727,19.03499984741211,19.040000915527344,1511,0.0,0.0,0.0
2023-12-29 12:30:00-05:00,19.05940055847168,19.05940055847168,18.969900131225586,18.969999313354492,1454,0.0,0.0,0.0
2023-12-29 13:30:00-05:00,19.09000015258789,19.09000015258789,19.09000015258789,19.09000015258789,853,0.0,0.0,0.0
2023-12-29 15:30:00-05:00,19.050199508666992,19.190000534057617,19.050199508666992,19.170000076293945,2126,0.0,0.0,0.0
2024-01-02 09:30:00-05:00,21.0,21.639999389648438,20.59000015258789,20.59000015258789,16996,0.0,0.0,0.0
2024-01-02 10:30:00-05:00,20.549999237060547,20.719999313354492,20.520000457763672,20.59000015258789,4205,0.0,0.0,0.0
2024-01-02 11:30:00-05:00,20.600000381469727,20.670000076293945,20.559999465942383,20.6427001953125,3920,0.0,0.0,0.0
2024-01-02 12:30:00-05:00,20.615800857543945,20.6299991607666,20.510000228881836,20.579999923706055,4459,0.0,0.0,0.0
2024-01-02 13:30:00-05:00,20.56999969482422,20.56999969482422,20.459999084472656,20.519699096679688,2102,0.0,0.0,0.0
2024-01-02 14:30:00-05:00,20.5049991607666,20.5049991607666,20.472400665283203,20.472400665283203,902,0.0,0.0,0.0
2024-01-02 15:30:00-05:00,20.450000762939453,20.469999313354492,20.31999969482422,20.420000076293945,0,0.0,0.0,0.0
2024-01-03 09:30:00-05:00,19.959999084472656,19.959999084472656,18.940000534057617,19.290000915527344,19724,0.0,0.0,0.0
2024-01-03 10:30:00-05:00,19.18779945373535,19.68000030517578,19.18779945373535,19.593900680541992,6755,0.0,0.0,0.0
2024-01-03 11:30:00-05:00,19.600000381469727,19.610000610351562,19.399999618530273,19.450000762939453,17281,0.0,0.0,0.0
2024-01-03 12:30:00-05:00,19.329999923706055,19.59000015258789,19.329999923706055,19.489999771118164,2925,0.0,0.0,0.0
2024-01-03 13:30:00-05:00,19.399999618530273,19.399999618530273,19.16200065612793,19.16200065612793,2875,0.0,0.0,0.0
2024-01-03 14:30:00-05:00,19.450000762939453,19.450000762939453,19.450000762939453,19.450000762939453,175,0.0,0.0,0.0
2024-01-03 15:30:00-05:00,19.3799991607666,19.440000534057617,19.290000915527344,19.329999923706055,8751,0.0,0.0,0.0
2024-01-04 09:30:00-05:00,19.940000534057617,20.039899826049805,19.571500778198242,20.039899826049805,3699,0.0,0.0,0.0
2024-01-04 10:30:00-05:00,20.100000381469727,20.149999618530273,19.940000534057617,20.07990074157715,2899,0.0,0.0,0.0
2024-01-04 12:30:00-05:00,20.010000228881836,20.020000457763672,19.969999313354492,20.010000228881836,2254,0.0,0.0,0.0
2024-01-04 13:30:00-05:00,20.0,20.010000228881836,20.0,20.009899139404297,1022,0.0,0.0,0.0
2024-01-04 14:30:00-05:00,20.010000228881836,20.010000228881836,20.010000228881836,20.010000228881836,1063,0.0,0.0,0.0
2024-01-04 15:30:00-05:00,20.149999618530273,20.200000762939453,20.020000457763672,20.1299991607666,0,0.0,0.0,0.0
2024-01-05 09:30:00-05:00,19.90999984741211,19.940000534057617,19.68000030517578,19.84000015258789,6584,0.0,0.0,0.0
2024-01-05 10:30:00-05:00,19.860000610351562,19.865100860595703,19.524999618530273,19.524999618530273,3708,0.0,0.0,0.0
2024-01-05 11:30:00-05:00,19.540000915527344,19.690000534057617,19.530000686645508,19.636199951171875,2285,0.0,0.0,0.0
2024-01-05 12:30:00-05:00,19.639999389648438,19.690000534057617,19.639999389648438,19.690000534057617,776,0.0,0.0,0.0
2024-01-05 13:30:00-05:00,19.799999237060547,19.799999237060547,19.7450008392334,19.7450008392334,672,0.0,0.0,0.0
2024-01-05 14:30:00-05:00,19.763599395751953,19.860000610351562,19.75,19.860000610351562,1177,0.0,0.0,0.0
2024-01-05 15:30:00-05:00,19.815000534057617,19.950000762939453,19.815000534057617,19.950000762939453,2014,0.0,0.0,0.0
2024-01-08 09:30:00-05:00,20.440000534057617,20.469999313354492,20.299999237060547,20.3700008392334,9371,0.0,0.0,0.0
2024-01-08 10:30:00-05:00,20.360000610351562,20.510000228881836,20.350000381469727,20.450000762939453,10530,0.0,0.0,0.0
2024-01-08 11:30:00-05:00,20.481599807739258,20.489999771118164,20.309999465942383,20.489999771118164,4423,0.0,0.0,0.0
2024-01-08 12:30:00-05:00,20.599899291992188,20.969999313354492,20.599899291992188,20.969999313354492,2426,0.0,0.0,0.0
2024-01-08 13:30:00-05:00,21.233999252319336,21.440000534057617,21.170000076293945,21.25,3136,0.0,0.0,0.0
2024-01-08 14:30:00-05:00,21.21769905090332,21.439899444580078,21.21769905090332,21.439899444580078,4381,0.0,0.0,0.0
2024-01-08 15:30:00-05:00,21.449899673461914,21.449899673461914,21.229999542236328,21.299999237060547,0,0.0,0.0,0.0
2024-01-09 09:30:00-05:00,21.450000762939453,21.450000762939453,21.100000381469727,21.19300079345703,17998,0.0,0.0,0.0
2024-01-09 10:30:00-05:00,21.219999313354492,21.338199615478516,21.110000610351562,21.110000610351562,3143,0.0,0.0,0.0
2024-01-09 11:30:00-05:00,21.229999542236328,21.290000915527344,21.170000076293945,21.170000076293945,891,0.0,0.0,0.0
2024-01-09 12:30:00-05:00,21.170000076293945,21.28809928894043,21.170000076293945,21.207199096679688,1496,0.0,0.0,0.0
2024-01-09 13:30:00-05:00,21.200000762939453,21.20639991760254,21.200000762939453,21.20639991760254,581,0.0,0.0,0.0
2024-01-09 14:30:00-05:00,21.288999557495117,21.34000015258789,21.288999557495117,21.30940055847168,1239,0.0,0.0,0.0
2024-01-09 15:30:00-05:00,21.212600708007812,21.260000228881836,21.212600708007812,21.260000228881836,326,0.0,0.0,0.0
2024-01-10 09:30:00-05:00,21.010000228881836,21.1299991607666,20.309999465942383,20.3799991607666,8023,0.0,0.0,0.0
2024-01-10 10:30:00-05:00,20.42620086669922,20.467500686645508,20.36009979248047,20.467500686645508,1956,0.0,0.0,0.0
2024-01-10 11:30:00-05:00,20.51959991455078,20.579999923706055,20.5,20.55500030517578,8054,0.0,0.0,0.0
2024-01-10 12:30:00-05:00,20.8799991607666,20.940000534057617,20.8799991607666,20.940000534057617,537,0.0,0.0,0.0
2024-01-10 13:30:00-05:00,20.969999313354492,21.059900283813477,20.93000030517578,20.950000762939453,2577,0.0,0.0,0.0
2024-01-10 14:30:00-05:00,20.90999984741211,20.989900588989258,20.479999542236328,20.61989974975586,4944,0.0,0.0,0.0
2024-01-10 15:30:00-05:00,20.639999389648438,20.849899291992188,20.549999237060547,20.780000686645508,0,0.0,0.0,0.0
2024-01-11 09:30:00-05:00,21.889999389648438,22.219999313354492,21.476999282836914,21.559999465942383,19728,0.0,0.0,0.0
2024-01-11 10:30:00-05:00,21.559999465942383,21.559999465942383,20.59000015258789,20.65999984741211,9780,0.0,0.0,0.0
2024-01-11 11:30:00-05:00,20.600000381469727,20.68000030517578,20.600000381469727,20.639999389648438,2273,0.0,0.0,0.0
2024-01-11 12:30:00-05:00,20.540000915527344,20.950000762939453,20.540000915527344,20.850000381469727,10550,0.0,0.0,0.0
2024-01-11 13:30:00-05:00,20.93000030517578,20.950000762939453,20.90999984741211,20.940000534057617,2148,0.0,0.0,0.0
2024-01-11 14:30:00-05:00,20.950000762939453,21.110000610351562,20.950000762939453,21.059999465942383,1414,0.0,0.0,0.0
2024-01-11 15:30:00-05:00,21.079999923706055,21.079999923706055,20.90999984741211,20.979999542236328,0,0.0,0.0,0.0
2024-01-12 09:30:00-05:00,20.889999389648438,20.889999389648438,20.246999740600586,20.25,9813,0.0,0.0,0.0
2024-01-12 10:30:00-05:00,20.009899139404297,20.009899139404297,19.75200080871582,19.8700008392334,6909,0.0,0.0,0.0
2024-01-12 11:30:00-05:00,19.670000076293945,19.670000076293945,19.389999389648438,19.459999084472656,7565,0.0,0.0,0.0
2024-01-12 12:30:00-05:00,19.519899368286133,19.6200008392334,19.519899368286133,19.6200008392334,798,0.0,0.0,0.0
2024-01-12 13:30:00-05:00,19.590999603271484,19.599899291992188,19.43000030517578,19.56999969482422,10565,0.0,0.0,0.0
2024-01-12 14:30:00-05:00,19.549999237060547,19.59000015258789,19.450000762939453,19.58989906311035,4657,0.0,0.0,0.0
2024-01-12 15:30:00-05:00,19.600000381469727,19.72920036315918,19.600000381469727,19.65999984741211,1397,0.0,0.0,0.0
2024-01-16 09:30:00-05:00,19.100000381469727,19.39349937438965,18.934999465942383,19.39349937438965,21715,0.0,0.0,0.0
2024-01-16 10:30:00-05:00,19.5,19.5177001953125,19.405000686645508,19.450000762939453,3711,0.0,0.0,0.0
2024-01-16 11:30:00-05:00,19.5,19.5,19.40999984741211,19.43000030517578,1726,0.0,0.0,0.0
2024-01-16 12:30:00-05:00,19.469900131225586,19.469900131225586,19.399999618530273,19.40999984741211,810,0.0,0.0,0.0
2024-01-16 13:30:00-05:00,19.36989974975586,19.36989974975586,19.36989974975586,19.36989974975586,355,0.0,0.0,0.0
2024-01-16 14:30:00-05:00,19.469999313354492,19.540000915527344,19.43549919128418,19.540000915527344,1601,0.0,0.0,0.0
2024-01-16 15:30:00-05:00,19.425899505615234,19.56999969482422,19.425899505615234,19.56999969482422,0,0.0,0.0,0.0
2024-01-17 09:30:00-05:00,19.559999465942383,19.559999465942383,19.149999618530273,19.239999771118164,5882,0.0,0.0,0.0
2024-01-17 10:30:00-05:00,19.200000762939453,19.200000762939453,19.100000381469727,19.100000381469727,1831,0.0,0.0,0.0
2024-01-17 11:30:00-05:00,19.049999237060547,19.139999389648438,19.030000686645508,19.119699478149414,20148,0.0,0.0,0.0
2024-01-17 12:30:00-05:00,19.149999618530273,19.149999618530273,19.082399368286133,19.09309959411621,4056,0.0,0.0,0.0
2024-01-17 13:30:00-05:00,19.1200008392334,19.190000534057617,19.1200008392334,19.190000534057617,1933,0.0,0.0,0.0
2024-01-17 14:30:00-05:00,19.205299377441406,19.205299377441406,19.200300216674805,19.200300216674805,1281,0.0,0.0,0.0
2024-01-17 15:30:00-05:00,19.290000915527344,19.3700008392334,19.280000686645508,19.3700008392334,0,0.0,0.0,0.0
2024-01-18 09:30:00-05:00,19.110000610351562,19.329999923706055,19.100000381469727,19.270000457763672,2794,0.0,0.0,0.0
2024-01-18 10:30:00-05:00,19.31999969482422,19.31999969482422,19.18000030517578,19.190000534057617,1933,0.0,0.0,0.0
2024-01-18 11:30:00-05:00,19.189899444580078,19.189899444580078,18.809999465942383,18.829999923706055,3184,0.0,0.0,0.0
2024-01-18 12:30:00-05:00,18.91990089416504,18.91990089416504,18.670000076293945,18.729999542236328,2965,0.0,0.0,0.0
2024-01-18 13:30:00-05:00,18.65999984741211,18.65999984741211,18.640100479125977,18.640100479125977,1276,0.0,0.0,0.0
2024-01-18 14:30:00-05:00,18.626399993896484,18.626399993896484,18.280000686645508,18.43000030517578,3019,0.0,0.0,0.0
2024-01-18 15:30:00-05:00,18.200000762939453,18.5,18.200000762939453,18.350000381469727,0,0.0,0.0,0.0
2024-01-19 09:30:00-05:00,18.200000762939453,18.523500442504883,18.170000076293945,18.523500442504883,4775,0.0,0.0,0.0
2024-01-19 10:30:00-05:00,18.38010025024414,18.510000228881836,18.329999923706055,18.329999923706055,1664,0.0,0.0,0.0
2024-01-19 11:30:00-05:00,18.329999923706055,18.329999923706055,18.090099334716797,18.145000457763672,6968,0.0,0.0,0.0
2024-01-19 12:30:00-05:00,18.45009994506836,18.530000686645508,18.45009994506836,18.5,1607,0.0,0.0,0.0
2024-01-19 13:30:00-05:00,18.56999969482422,18.779399871826172,18.56999969482422,18.779399871826172,697,0.0,0.0,0.0
2024-01-19 14:30:00-05:00,18.7322998046875,18.959999084472656,18.70009994506836,18.959999084472656,1110,0.0,0.0,0.0
2024-01-19 15:30:00-05:00,18.899900436401367,18.950000762939453,18.729999542236328,18.729999542236328,1920,0.0,0.0,0.0
2024-01-22 09:30:00-05:00,18.5,18.5,18.343700408935547,18.389999389648438,8472,0.0,0.0,0.0
2024-01-22 10:30:00-05:00,18.3700008392334,18.3799991607666,18.329999923706055,18.329999923706055,2284,0.0,0.0,0.0
2024-01-22 11:30:00-05:00,18.399999618530273,18.489999771118164,18.399999618530273,18.479999542236328,2969,0.0,0.0,0.0
2024-01-22 12:30:00-05:00,18.3700008392334,18.469999313354492,18.3700008392334,18.390300750732422,1957,0.0,0.0,0.0
2024-01-22 13:30:00-05:00,18.40999984741211,18.40999984741211,18.25,18.25,1626,0.0,0.0,0.0
2024-01-22 14:30:00-05:00,18.049999237060547,18.241500854492188,18.049999237060547,18.241500854492188,3386,0.0,0.0,0.0
2024-01-22 15:30:00-05:00,18.274200439453125,18.274200439453125,18.200000762939453,18.200000762939453,0,0.0,0.0,0.0
2024-01-23 09:30:00-05:00,17.899999618530273,17.899999618530273,17.200000762939453,17.59000015258789,11859,0.0,0.0,0.0
2024-01-23 10:30:00-05:00,17.549999237060547,17.809999465942383,17.549999237060547,17.570100784301758,3409,0.0,0.0,0.0
2024-01-23 11:30:00-05:00,17.709999084472656,17.735599517822266,17.625,17.709999084472656,5075,0.0,0.0,0.0
2024-01-23 12:30:00-05:00,17.780000686645508,17.790000915527344,17.780000686645508,17.790000915527344,2385,0.0,0.0,0.0
2024-01-23 13:30:00-05:00,17.774999618530273,17.774999618530273,17.549999237060547,17.670000076293945,2479,0.0,0.0,0.0
2024-01-23 14:30:00-05:00,17.6200008392334,17.729999542236328,17.600000381469727,17.729999542236328,3589,0.0,0.0,0.0
2024-01-23 15:30:00-05:00,17.69499969482422,17.69499969482422,17.670000076293945,17.670000076293945,0,0.0,0.0,0.0
2024-01-24 09:30:00-05:00,18.239999771118164,18.239999771118164,18.020000457763672,18.049999237060547,2618,0.0,0.0,0.0
2024-01-24 10:30:00-05:00,18.1299991607666,18.1299991607666,18.059999465942383,18.08530044555664,1479,0.0,0.0,0.0
2024-01-24 11:30:00-05:00,18.078899383544922,18.190000534057617,18.078899383544922,18.189899444580078,1035,0.0,0.0,0.0
2024-01-24 12:30:00-05:00,18.18000030517578,18.18000030517578,17.889999389648438,17.889999389648438,3854,0.0,0.0,0.0
2024-01-24 13:30:00-05:00,18.003700256347656,18.006099700927734,18.003700256347656,18.006099700927734,1981,0.0,0.0,0.0
2024-01-24 14:30:00-05:00,18.149999618530273,18.149999618530273,18.149999618530273,18.149999618530273,212,0.0,0.0,0.0
2024-01-24 15:30:00-05:00,18.100000381469727,18.100000381469727,18.049999237060547,18.05299949645996,0,0.0,0.0,0.0
2024-01-25 09:30:00-05:00,18.350000381469727,18.350000381469727,18.049999237060547,18.109899520874023,5163,0.0,0.0,0.0
2024-01-25 10:30:00-05:00,18.11989974975586,18.1200008392334,18.030000686645508,18.030000686645508,1448,0.0,0.0,0.0
2024-01-25 11:30:00-05:00,18.059999465942383,18.059999465942383,18.010000228881836,18.059999465942383,1668,0.0,0.0,0.0
2024-01-25 12:30:00-05:00,18.110000610351562,18.133899688720703,18.110000610351562,18.133899688720703,458,0.0,0.0,0.0
2024-01-25 13:30:00-05:00,18.059999465942383,18.059999465942383,18.059999465942383,18.059999465942383,815,0.0,0.0,0.0
2024-01-25 14:30:00-05:00,18.065099716186523,18.08009910583496,18.0,18.079999923706055,1597,0.0,0.0,0.0
2024-01-25 15:30:00-05:00,18.14189910888672,18.14189910888672,18.079999923706055,18.09000015258789,0,0.0,0.0,0.0
2024-01-26 09:30:00-05:00,18.41510009765625,18.59000015258789,18.370100021362305,18.469999313354492,5602,0.0,0.0,0.0
2024-01-26 10:30:00-05:00,18.489900588989258,18.659900665283203,18.489900588989258,18.6200008392334,2447,0.0,0.0,0.0
2024-01-26 11:30:00-05:00,18.764999389648438,18.769899368286133,18.759899139404297,18.769899368286133,1045,0.0,0.0,0.0
2024-01-26 12:30:00-05:00,18.760000228881836,18.8700008392334,18.719999313354492,18.7716007232666,2530,0.0,0.0,0.0
2024-01-26 13:30:00-05:00,18.81999969482422,18.820100784301758,18.770000457763672,18.81999969482422,1341,0.0,0.0,0.0
2024-01-26 14:30:00-05:00,18.81999969482422,18.825000762939453,18.799999237060547,18.800100326538086,2499,0.0,0.0,0.0
2024-01-26 15:30:00-05:00,18.78499984741211,18.809999465942383,18.770000457763672,18.809999465942383,404,0.0,0.0,0.0
2024-01-29 09:30:00-05:00,18.5,18.75,18.490100860595703,18.75,11184,0.0,0.0,0.0
2024-01-29 10:30:00-05:00,18.74959945678711,19.059999465942383,18.700000762939453,19.059999465942383,3760,0.0,0.0,0.0
2024-01-29 11:30:00-05:00,19.209999084472656,19.304000854492188,19.190000534057617,19.190000534057617,4022,0.0,0.0,0.0
2024-01-29 12:30:00-05:00,19.209999084472656,19.209999084472656,19.18000030517578,19.18000030517578,554,0.0,0.0,0.0
2024-01-29 13:30:00-05:00,19.149999618530273,19.190000534057617,19.149999618530273,19.180099487304688,859,0.0,0.0,0.0
2024-01-29 14:30:00-05:00,19.229999542236328,19.249900817871094,19.190000534057617,19.200000762939453,1849,0.0,0.0,0.0
2024-01-29 15:30:00-05:00,19.200000762939453,19.2450008392334,19.200000762939453,19.200000762939453,0,0.0,0.0,0.0
2024-01-30 09:30:00-05:00,19.139999389648438,19.31999969482422,19.110000610351562,19.31999969482422,5170,0.0,0.0,0.0
2024-01-30 10:30:00-05:00,19.399999618530273,19.399999618530273,19.299999237060547,19.299999237060547,954,0.0,0.0,0.0
2024-01-30 11:30:00-05:00,19.350000381469727,19.350000381469727,19.31999969482422,19.350000381469727,1001,0.0,0.0,0.0
2024-01-30 12:30:00-05:00,19.350000381469727,19.360000610351562,19.300100326538086,19.360000610351562,1794,0.0,0.0,0.0
2024-01-30 13:30:00-05:00,19.3799991607666,19.3799991607666,19.350000381469727,19.350000381469727,687,0.0,0.0,0.0
2024-01-30 14:30:00-05:00,19.405000686645508,19.405000686645508,19.405000686645508,19.405000686645508,365,0.0,0.0,0.0
2024-01-30 15:30:00-05:00,19.40999984741211,19.40999984741211,19.3700008392334,19.3700008392334,1241,0.0,0.0,0.0
2024-01-31 09:30:00-05:00,18.84000015258789,19.179899215698242,18.84000015258789,19.179899215698242,2166,0.0,0.0,0.0
2024-01-31 10:30:00-05:00,19.229999542236328,19.3700008392334,19.229999542236328,19.3700008392334,2127,0.0,0.0,0.0
2024-01-31 11:30:00-05:00,19.360000610351562,19.360000610351562,19.309999465942383,19.360000610351562,1132,0.0,0.0,0.0
2024-01-31 12:30:00-05:00,19.40999984741211,19.415000915527344,19.36389923095703,19.36389923095703,881,0.0,0.0,0.0
2024-01-31 13:30:00-05:00,19.280000686645508,19.280000686645508,19.190000534057617,19.190099716186523,582,0.0,0.0,0.0
2024-01-31 14:30:00-05:00,19.184999465942383,19.329999923706055,19.184999465942383,19.329999923706055,999,0.0,0.0,0.0
2024-01-31 15:30:00-05:00,19.038000106811523,19.038000106811523,18.860000610351562,18.860000610351562,0,0.0,0.0,0.0
2024-02-01 09:30:00-05:00,19.1200008392334,19.1200008392334,18.739999771118164,19.0049991607666,2183,0.0,0.0,0.0
2024-02-01 10:30:00-05:00,19.06999969482422,19.070100784301758,18.899999618530273,18.969900131225586,3247,0.0,0.0,0.0
2024-02-01 11:30:00-05:00,18.959999084472656,19.040000915527344,18.959999084472656,19.040000915527344,723,0.0,0.0,0.0
2024-02-01 12:30:00-05:00,19.25,19.25,19.25,19.25,235,0.0,0.0,0.0
2024-02-01 13:30:00-05:00,19.200000762939453,19.200000762939453,19.118099212646484,19.118099212646484,1334,0.0,0.0,0.0
2024-02-01 14:30:00-05:00,19.280000686645508,19.280399322509766,19.200000762939453,19.200000762939453,1070,0.0,0.0,0.0
2024-02-01 15:30:00-05:00,19.174999237060547,19.219999313354492,19.135000228881836,19.219999313354492,0,0.0,0.0,0.0
2024-02-02 09:30:00-05:00,19.219999313354492,19.219999313354492,19.049999237060547,19.12380027770996,2303,0.0,0.0,0.0
2024-02-02 10:30:00-05:00,19.12310028076172,19.25,19.12310028076172,19.25,810,0.0,0.0,0.0
2024-02-02 11:30:00-05:00,19.25,19.25,19.235000610351562,19.235000610351562,598,0.0,0.0,0.0
2024-02-02 12:30:00-05:00,19.1200008392334,19.1200008392334,19.079999923706055,19.08009910583496,1332,0.0,0.0,0.0
2024-02-02 13:30:00-05:00,19.135000228881836,19.135000228881836,19.135000228881836,19.135000228881836,560,0.0,0.0,0.0
2024-02-02 14:30:00-05:00,19.170000076293945,19.170000076293945,19.170000076293945,19.170000076293945,404,0.0,0.0,0.0
2024-02-02 15:30:00-05:00,19.149999618530273,19.149999618530273,19.079999923706055,19.110000610351562,647,0.0,0.0,0.0
2024-02-05 09:30:00-05:00,19.110000610351562,19.170000076293945,19.000099182128906,19.000099182128906,5663,0.0,0.0,0.0
2024-02-05 10:30:00-05:00,19.0,19.020000457763672,18.84000015258789,18.989900588989258,2413,0.0,0.0,0.0
2024-02-05 11:30:00-05:00,18.969999313354492,18.969999313354492,18.969999313354492,18.969999313354492,177,0.0,0.0,0.0
2024-02-05 12:30:00-05:00,18.953899383544922,18.953899383544922,18.90999984741211,18.90999984741211,480,0.0,0.0,0.0
2024-02-05 13:30:00-05:00,18.954999923706055,18.954999923706055,18.954999923706055,18.954999923706055,265,0.0,0.0,0.0
2024-02-05 14:30:00-05:00,19.059999465942383,19.079999923706055,18.95989990234375,18.95989990234375,1721,0.0,0.0,0.0
2024-02-05 15:30:00-05:00,18.899999618530273,18.899999618530273,18.864999771118164,18.899999618530273,0,0.0,0.0,0.0
2024-02-06 09:30:00-05:00,19.091899871826172,19.229999542236328,19.060100555419922,19.229999542236328,3039,0.0,0.0,0.0
2024-02-06 10:30:00-05:00,19.230100631713867,19.350000381469727,19.219999313354492,19.350000381469727,3298,0.0,0.0,0.0
2024-02-06 11:30:00-05:00,19.319799423217773,19.319799423217773,19.319799423217773,19.319799423217773,241,0.0,0.0,0.0
2024-02-06 13:30:00-05:00,19.264999389648438,19.264999389648438,19.264999389648438,19.264999389648438,259,0.0,0.0,0.0
2024-02-06 14:30:00-05:00,19.280000686645508,19.280000686645508,19.200000762939453,19.200000762939453,723,0.0,0.0,0.0
2024-02-06 15:30:00-05:00,19.170000076293945,19.200000762939453,19.1299991607666,19.18000030517578,0,0.0,0.0,0.0
2024-02-07 09:30:00-05:00,19.43000030517578,19.43000030517578,19.18000030517578,19.18000030517578,1641,0.0,0.0,0.0
2024-02-07 10:30:00-05:00,19.174999237060547,19.174999237060547,19.174999237060547,19.174999237060547,1422,0.0,0.0,0.0
2024-02-07 11:30:00-05:00,19.170000076293945,19.350000381469727,19.16950035095215,19.350000381469727,1631,0.0,0.0,0.0
2024-02-07 12:30:00-05:00,19.420000076293945,19.440000534057617,19.375,19.440000534057617,1509,0.0,0.0,0.0
2024-02-07 13:30:00-05:00,19.49329948425293,19.49329948425293,19.475000381469727,19.489999771118164,2902,0.0,0.0,0.0
2024-02-07 14:30:00-05:00,19.489999771118164,19.5,19.489999771118164,19.5,1087,0.0,0.0,0.0
2024-02-07 15:30:00-05:00,19.6643009185791,19.700000762939453,19.649999618530273,19.700000762939453,0,0.0,0.0,0.0
2024-02-08 09:30:00-05:00,20.0,20.299999237060547,19.850000381469727,20.299999237060547,8800,0.0,0.0,0.0
2024-02-08 10:30:00-05:00,20.3799991607666,20.43000030517578,20.3799991607666,20.43000030517578,1661,0.0,0.0,0.0
2024-02-08 11:30:00-05:00,20.270000457763672,20.309999465942383,20.239999771118164,20.239999771118164,1365,0.0,0.0,0.0
2024-02-08 12:30:00-05:00,20.270000457763672,20.280000686645508,20.15999984741211,20.16010093688965,2875,0.0,0.0,0.0
2024-02-08 13:30:00-05:00,20.270000457763672,20.270000457763672,20.270000457763672,20.270000457763672,426,0.0,0.0,0.0
2024-02-08 15:30:00-05:00,20.329999923706055,20.3799991607666,20.280000686645508,20.3799991607666,0,0.0,0.0,0.0
2024-02-09 09:30:00-05:00,20.709999084472656,21.09000015258789,20.700000762939453,20.9950008392334,23734,0.0,0.0,0.0
2024-02-09 10:30:00-05:00,21.094999313354492,21.094999313354492,21.059999465942383,21.059999465942383,882,0.0,0.0,0.0
2024-02-09 11:30:00-05:00,21.133399963378906,21.360000610351562,21.079999923706055,21.360000610351562,1886,0.0,0.0,0.0
2024-02-09 12:30:00-05:00,21.3700008392334,21.3799991607666,21.239999771118164,21.320100784301758,12280,0.0,0.0,0.0
2024-02-09 13:30:00-05:00,21.450000762939453,21.454999923706055,21.162500381469727,21.162500381469727,2443,0.0,0.0,0.0
2024-02-09 14:30:00-05:00,21.202899932861328,21.239999771118164,21.1299991607666,21.209999084472656,2567,0.0,0.0,0.0
2024-02-09 15:30:00-05:00,21.145000457763672,21.190000534057617,21.145000457763672,21.190000534057617,433,0.0,0.0,0.0
2024-02-12 09:30:00-05:00,21.729999542236328,21.91990089416504,21.58989906311035,21.84000015258789,5430,0.0,0.0,0.0
2024-02-12 10:30:00-05:00,21.860000610351562,22.450000762939453,21.85700035095215,22.299999237060547,8965,0.0,0.0,0.0
2024-02-12 11:30:00-05:00,22.37299919128418,22.459999084472656,22.22319984436035,22.459999084472656,11493,0.0,0.0,0.0
2024-02-12 12:30:00-05:00,22.450000762939453,22.520000457763672,22.43899917602539,22.520000457763672,1618,0.0,0.0,0.0
2024-02-12 13:30:00-05:00,22.510000228881836,22.510000228881836,22.299999237060547,22.360000610351562,3369,0.0,0.0,0.0
2024-02-12 14:30:00-05:00,22.420000076293945,22.425600051879883,22.299999237060547,22.299999237060547,2210,0.0,0.0,0.0
2024-02-12 15:30:00-05:00,22.374000549316406,22.540000915527344,22.374000549316406,22.489999771118164,0,0.0,0.0,0.0
2024-02-13 09:30:00-05:00,22.1200008392334,22.1200008392334,21.770000457763672,22.0393009185791,4148,0.0,0.0,0.0
2024-02-13 10:30:00-05:00,21.97570037841797,22.059900283813477,21.899999618530273,21.90999984741211,1628,0.0,0.0,0.0
2024-02-13 11:30:00-05:00,21.864999771118164,21.929100036621094,21.864999771118164,21.920000076293945,1520,0.0,0.0,0.0
2024-02-13 12:30:00-05:00,21.959999084472656,22.06999969482422,21.829999923706055,22.065000534057617,10309,0.0,0.0,0.0
2024-02-13 13:30:00-05:00,22.18000030517578,22.190000534057617,22.010000228881836,22.149900436401367,1723,0.0,0.0,0.0
2024-02-13 14:30:00-05:00,22.1200008392334,22.170000076293945,22.010000228881836,22.170000076293945,3492,0.0,0.0,0.0
2024-02-13 15:30:00-05:00,22.149999618530273,22.25,22.149999618530273,22.25,0,0.0,0.0,0.0
2024-02-14 09:30:00-05:00,23.389999389648438,23.43000030517578,23.100000381469727,23.100000381469727,12819,0.0,0.0,0.0
2024-02-14 10:30:00-05:00,23.420000076293945,23.420000076293945,23.020000457763672,23.059999465942383,2401,0.0,0.0,0.0
2024-02-14 11:30:00-05:00,23.11829948425293,23.1299991607666,23.020299911499023,23.049999237060547,2486,0.0,0.0,0.0
2024-02-14 13:30:00-05:00,22.950000762939453,22.950000762939453,22.950000762939453,22.950000762939453,229,0.0,0.0,0.0
2024-02-14 14:30:00-05:00,23.09119987487793,23.218399047851562,23.09119987487793,23.218399047851562,2548,0.0,0.0,0.0
2024-02-14 15:30:00-05:00,23.18000030517578,23.18000030517578,23.155000686645508,23.15999984741211,0,0.0,0.0,0.0
2024-02-15 09:30:00-05:00,23.610000610351562,23.68000030517578,23.385000228881836,23.489999771118164,4786,0.0,0.0,0.0
2024-02-15 10:30:00-05:00,23.3799991607666,23.3799991607666,23.3799991607666,23.3799991607666,520,0.0,0.0,0.0
2024-02-15 11:30:00-05:00,23.309999465942383,23.350000381469727,23.309999465942383,23.350000381469727,505,0.0,0.0,0.0
2024-02-15 12:30:00-05:00,23.309999465942383,23.309999465942383,23.309999465942383,23.309999465942383,393,0.0,0.0,0.0
2024-02-15 13:30:00-05:00,23.200000762939453,23.219999313354492,23.200000762939453,23.200000762939453,665,0.0,0.0,0.0
2024-02-15 15:30:00-05:00,23.239999771118164,23.299999237060547,23.239999771118164,23.299999237060547,0,0.0,0.0,0.0
2024-02-16 09:30:00-05:00,23.59000015258789,23.59000015258789,23.299999237060547,23.299999237060547,2897,0.0,0.0,0.0
2024-02-16 10:30:00-05:00,23.299999237060547,23.459999084472656,23.299999237060547,23.416400909423828,1521,0.0,0.0,0.0
2024-02-16 11:30:00-05:00,23.46500015258789,23.520000457763672,23.399999618530273,23.399999618530273,1688,0.0,0.0,0.0
2024-02-16 12:30:00-05:00,23.3799991607666,23.3799991607666,23.3799991607666,23.3799991607666,110,0.0,0.0,0.0
2024-02-16 13:30:00-05:00,23.459999084472656,23.459999084472656,23.395000457763672,23.459999084472656,1087,0.0,0.0,0.0
2024-02-16 14:30:00-05:00,23.309999465942383,23.309999465942383,23.299999237060547,23.299999237060547,434,0.0,0.0,0.0
2024-02-16 15:30:00-05:00,23.299999237060547,23.3799991607666,23.299999237060547,23.3799991607666,1358,0.0,0.0,0.0
2024-02-20 09:30:00-05:00,23.700000762939453,23.700000762939453,23.200000762939453,23.200000762939453,7694,0.0,0.0,0.0
2024-02-20 10:30:00-05:00,23.0,23.1200008392334,22.959999084472656,23.1200008392334,22534,0.0,0.0,0.0
2024-02-20 11:30:00-05:00,23.139999389648438,23.200000762939453,22.760000228881836,22.760099411010742,7379,0.0,0.0,0.0
2024-02-20 12:30:00-05:00,22.950000762939453,22.979999542236328,22.950000762939453,22.979999542236328,1061,0.0,0.0,0.0
2024-02-20 13:30:00-05:00,23.000099182128906,23.170000076293945,23.000099182128906,23.15999984741211,881,0.0,0.0,0.0
2024-02-20 14:30:00-05:00,23.100000381469727,23.34000015258789,23.100000381469727,23.329999923706055,976,0.0,0.0,0.0
2024-02-20 15:30:00-05:00,23.399999618530273,23.420000076293945,23.399999618530273,23.420000076293945,0,0.0,0.0,0.0
2024-02-21 09:30:00-05:00,23.0,23.06999969482422,22.829999923706055,22.950000762939453,5373,0.0,0.0,0.0
2024-02-21 10:30:00-05:00,22.850000381469727,22.94219970703125,22.850000381469727,22.8700008392334,3362,0.0,0.0,0.0
2024-02-21 11:30:00-05:00,22.860000610351562,22.9950008392334,22.860000610351562,22.979999542236328,3390,0.0,0.0,0.0
2024-02-21 13:30:00-05:00,22.737699508666992,22.889999389648438,22.729999542236328,22.739999771118164,2198,0.0,0.0,0.0
2024-02-21 14:30:00-05:00,22.825000762939453,22.850000381469727,22.825000762939453,22.850000381469727,444,0.0,0.0,0.0
2024-02-21 15:30:00-05:00,22.969999313354492,23.0,22.860000610351562,23.0,0,0.0,0.0,0.0
2024-02-22 09:30:00-05:00,23.040000915527344,23.100000381469727,22.795000076293945,23.050199508666992,18676,0.0,0.0,0.0
2024-02-22 10:30:00-05:00,23.200000762939453,23.200000762939453,23.00909996032715,23.179500579833984,3229,0.0,0.0,0.0
2024-02-22 11:30:00-05:00,23.1200008392334,23.179899215698242,22.989999771118164,23.059999465942383,8673,0.0,0.0,0.0
2024-02-22 12:30:00-05:00,23.075000762939453,23.249799728393555,23.075000762939453,23.190000534057617,6862,0.0,0.0,0.0
2024-02-22 13:30:00-05:00,23.13800048828125,23.149999618530273,23.07270050048828,23.149999618530273,2975,0.0,0.0,0.0
2024-02-22 14:30:00-05:00,23.209999084472656,23.209999084472656,23.164100646972656,23.164100646972656,706,0.0,0.0,0.0
2024-02-22 15:30:00-05:00,23.229999542236328,23.329999923706055,23.229999542236328,23.329999923706055,434,0.0,0.0,0.0
2024-02-23 09:30:00-05:00,23.09000015258789,23.09000015258789,22.59000015258789,22.660999298095703,4642,0.0,0.0,0.0
2024-02-23 10:30:00-05:00,22.6299991607666,22.790000915527344,22.6299991607666,22.770000457763672,2952,0.0,0.0,0.0
2024-02-23 11:30:00-05:00,22.760000228881836,22.798999786376953,22.760000228881836,22.760000228881836,2712,0.0,0.0,0.0
2024-02-23 12:30:00-05:00,22.799999237060547,22.889999389648438,22.799999237060547,22.889999389648438,1298,0.0,0.0,0.0
2024-02-23 13:30:00-05:00,22.860599517822266,22.889999389648438,22.860599517822266,22.889999389648438,1424,0.0,0.0,0.0
2024-02-23 14:30:00-05:00,22.954999923706055,22.954999923706055,22.829999923706055,22.829999923706055,4337,0.0,0.0,0.0
2024-02-23 15:30:00-05:00,22.895000457763672,23.030000686645508,22.860000610351562,23.010000228881836,4233,0.0,0.0,0.0
2024-02-26 09:30:00-05:00,23.18000030517578,23.290000915527344,22.950000762939453,23.290000915527344,5753,0.0,0.0,0.0
2024-02-26 10:30:00-05:00,23.379899978637695,23.799999237060547,23.34000015258789,23.795000076293945,2044,0.0,0.0,0.0
2024-02-26 11:30:00-05:00,23.81999969482422,23.84000015258789,23.75,23.769899368286133,2595,0.0,0.0,0.0
2024-02-26 12:30:00-05:00,23.729999542236328,23.82360076904297,23.729999542236328,23.82360076904297,1610,0.0,0.0,0.0
2024-02-26 13:30:00-05:00,23.790000915527344,24.135000228881836,23.790000915527344,24.135000228881836,1635,0.0,0.0,0.0
2024-02-26 14:30:00-05:00,24.229999542236328,24.30500030517578,24.19499969482422,24.290000915527344,1952,0.0,0.0,0.0
2024-02-26 15:30:00-05:00,24.270000457763672,24.469999313354492,24.270000457763672,24.469999313354492,0,0.0,0.0,0.0
2024-02-27 09:30:00-05:00,25.719999313354492,26.09000015258789,25.329999923706055,25.46980094909668,9782,0.0,0.0,0.0
2024-02-27 10:30:00-05:00,25.450000762939453,25.539899826049805,25.25,25.31999969482422,5860,0.0,0.0,0.0
2024-02-27 11:30:00-05:00,25.28019905090332,25.52989959716797,25.28019905090332,25.4375,4661,0.0,0.0,0.0
2024-02-27 12:30:00-05:00,25.440000534057617,25.450000762939453,25.30150032043457,25.30150032043457,2641,0.0,0.0,0.0
2024-02-27 13:30:00-05:00,25.469999313354492,25.469999313354492,25.39240074157715,25.39240074157715,1154,0.0,0.0,0.0
2024-02-27 14:30:00-05:00,25.440000534057617,25.59000015258789,25.260099411010742,25.260099411010742,2244,0.0,0.0,0.0
2024-02-27 15:30:00-05:00,25.290000915527344,25.5,25.290000915527344,25.5,0,0.0,0.0,0.0
2024-02-28 09:30:00-05:00,27.06999969482422,27.1200008392334,26.530000686645508,27.049999237060547,14198,0.0,0.0,0.0
2024-02-28 10:30:00-05:00,26.8799991607666,27.100000381469727,26.8799991607666,27.079999923706055,3753,0.0,0.0,0.0
2024-02-28 11:30:00-05:00,27.08880043029785,28.18000030517578,27.08880043029785,27.56999969482422,11024,0.0,0.0,0.0
2024-02-28 12:30:00-05:00,27.469999313354492,27.469999313354492,26.209999084472656,26.239999771118164,10969,0.0,0.0,0.0
2024-02-28 13:30:00-05:00,26.709999084472656,26.899999618530273,26.6299991607666,26.899999618530273,3721,0.0,0.0,0.0
2024-02-28 14:30:00-05:00,26.860000610351562,26.86009979248047,26.549999237060547,26.549999237060547,2504,0.0,0.0,0.0
2024-02-28 15:30:00-05:00,26.59000015258789,26.700000762939453,26.59000015258789,26.649999618530273,1937,0.0,0.0,0.0
2024-02-29 09:30:00-05:00,28.05500030517578,28.05500030517578,27.6200008392334,27.87150001525879,10547,0.0,0.0,0.0
2024-02-29 10:30:00-05:00,27.939899444580078,27.939899444580078,27.520000457763672,27.520000457763672,4068,0.0,0.0,0.0
2024-02-29 11:30:00-05:00,27.469999313354492,27.469999313354492,27.20989990234375,27.40999984741211,1836,0.0,0.0,0.0
2024-02-29 12:30:00-05:00,27.2096004486084,27.2096004486084,26.834999084472656,27.15999984741211,5123,0.0,0.0,0.0
2024-02-29 13:30:00-05:00,26.807600021362305,26.807600021362305,26.807600021362305,26.807600021362305,265,0.0,0.0,0.0
2024-02-29 14:30:00-05:00,27.09000015258789,27.415599822998047,27.09000015258789,27.415599822998047,1613,0.0,0.0,0.0
2024-02-29 15:30:00-05:00,27.450000762939453,27.489999771118164,27.399999618530273,27.489999771118164,2247,0.0,0.0,0.0
2024-03-01 09:30:00-05:00,27.770000457763672,27.770000457763672,27.31999969482422,27.600000381469727,5177,0.0,0.0,0.0
2024-03-01 10:30:00-05:00,27.59000015258789,27.59000015258789,27.120100021362305,27.120100021362305,3058,0.0,0.0,0.0
2024-03-01 11:30:00-05:00,27.270000457763672,27.450000762939453,27.268199920654297,27.360000610351562,6998,0.0,0.0,0.0
2024-03-01 12:30:00-05:00,27.450000762939453,27.610000610351562,27.450000762939453,27.57469940185547,2849,0.0,0.0,0.0
2024-03-01 13:30:00-05:00,27.68000030517578,27.690000534057617,27.649999618530273,27.649999618530273,605,0.0,0.0,0.0
2024-03-01 14:30:00-05:00,27.639999389648438,27.780000686645508,27.56999969482422,27.780000686645508,1494,0.0,0.0,0.0
2024-03-01 15:30:00-05:00,27.760000228881836,27.969999313354492,27.717199325561523,27.959999084472656,1834,0.0,0.0,0.0
2024-03-04 09:30:00-05:00,30.0,30.075000762939453,28.81999969482422,29.34000015258789,25233,0.0,0.0,0.0
2024-03-04 10:30:00-05:00,29.040000915527344,29.588899612426758,29.039899826049805,29.479999542236328,3838,0.0,0.0,0.0
2024-03-04 11:30:00-05:00,29.329999923706055,29.775999069213867,29.329999923706055,29.719999313354492,2071,0.0,0.0,0.0
2024-03-04 12:30:00-05:00,29.924999237060547,29.924999237060547,29.463699340820312,29.463699340820312,3227,0.0,0.0,0.0
2024-03-04 13:30:00-05:00,29.63089942932129,29.81999969482422,29.540000915527344,29.81999969482422,805,0.0,0.0,0.0
2024-03-04 14:30:00-05:00,29.940000534057617,30.110000610351562,29.829999923706055,30.0,4104,0.0,0.0,0.0
2024-03-04 15:30:00-05:00,30.0,30.100000381469727,29.900100708007812,30.100000381469727,2150,0.0,0.0,0.0
2024-03-05 09:30:00-05:00,30.299999237060547,30.579999923706055,29.610000610351562,29.81999969482422,22859,0.0,0.0,0.0
2024-03-05 10:30:00-05:00,29.6299991607666,29.829999923706055,28.46430015563965,28.57990074157715,12446,0.0,0.0,0.0
2024-03-05 11:30:00-05:00,28.96380043029785,28.96500015258789,28.100000381469727,28.299999237060547,5226,0.0,0.0,0.0
2024-03-05 12:30:00-05:00,28.220199584960938,28.969900131225586,28.220199584960938,28.6200008392334,5745,0.0,0.0,0.0
2024-03-05 13:30:00-05:00,28.540000915527344,28.54010009765625,27.75,27.75,1437,0.0,0.0,0.0
2024-03-05 14:30:00-05:00,27.771499633789062,27.771499633789062,26.621700286865234,27.489999771118164,16335,0.0,0.0,0.0
2024-03-05 15:30:00-05:00,27.479999542236328,27.479999542236328,27.020099639892578,27.020099639892578,17076,0.0,0.0,0.0
2024-03-06 09:30:00-05:00,29.200000762939453,29.3799991607666,28.850000381469727,28.850099563598633,17194,0.0,0.0,0.0
2024-03-06 10:30:00-05:00,29.145000457763672,29.34000015258789,29.145000457763672,29.34000015258789,0,0.0,0.0,0.0
2024-03-06 11:30:00-05:00,29.299999237060547,29.446199417114258,29.225000381469727,29.446199417114258,2550,0.0,0.0,0.0
2024-03-06 13:30:00-05:00,29.54990005493164,29.54990005493164,29.325000762939453,29.5,2557,0.0,0.0,0.0
2024-03-06 14:30:00-05:00,29.38920021057129,29.54010009765625,29.38920021057129,29.54010009765625,1682,0.0,0.0,0.0
2024-03-06 15:30:00-05:00,29.40999984741211,29.40999984741211,29.40999984741211,29.40999984741211,291,0.0,0.0,0.0
2024-03-07 09:30:00-05:00,29.969999313354492,30.059999465942383,29.545000076293945,29.557199478149414,5843,0.0,0.0,0.0
2024-03-07 10:30:00-05:00,29.5,29.719999313354492,29.5,29.647499084472656,5193,0.0,0.0,0.0
2024-03-07 11:30:00-05:00,29.651399612426758,29.651399612426758,29.600000381469727,29.600000381469727,2887,0.0,0.0,0.0
2024-03-07 12:30:00-05:00,29.940000534057617,30.0,29.940000534057617,30.0,1883,0.0,0.0,0.0
2024-03-07 13:30:00-05:00,30.1299991607666,30.139999389648438,29.96809959411621,29.96809959411621,2366,0.0,0.0,0.0
2024-03-07 14:30:00-05:00,29.809999465942383,29.940000534057617,29.809999465942383,29.940000534057617,276,0.0,0.0,0.0
2024-03-07 15:30:00-05:00,29.939899444580078,29.939899444580078,29.75,29.889999389648438,1733,0.0,0.0,0.0
2024-03-08 09:30:00-05:00,30.56999969482422,30.75,29.90999984741211,30.75,10022,0.0,0.0,0.0
2024-03-08 10:30:00-05:00,30.559999465942383,30.559999465942383,29.15999984741211,29.420000076293945,9565,0.0,0.0,0.0
2024-03-08 11:30:00-05:00,29.43000030517578,30.030000686645508,29.429899215698242,29.989999771118164,1472,0.0,0.0,0.0
2024-03-08 12:30:00-05:00,30.229999542236328,30.280000686645508,30.18000030517578,30.197500228881836,1294,0.0,0.0,0.0
2024-03-08 13:30:00-05:00,30.25,30.299999237060547,30.149999618530273,30.200000762939453,753,0.0,0.0,0.0
2024-03-08 14:30:00-05:00,30.2450008392334,30.600000381469727,30.2450008392334,30.44499969482422,1686,0.0,0.0,0.0
2024-03-08 15:30:00-05:00,30.506799697875977,30.534700393676758,30.40999984741211,30.420000076293945,3251,0.0,0.0,0.0
2024-03-11 09:30:00-04:00,32.11000061035156,32.11000061035156,31.5,31.729999542236328,19157,0.0,0.0,0.0
2024-03-11 10:30:00-04:00,31.700000762939453,31.899999618530273,31.600000381469727,31.899999618530273,8534,0.0,0.0,0.0
2024-03-11 11:30:00-04:00,31.949899673461914,32.0098991394043,31.780000686645508,31.780000686645508,2936,0.0,0.0,0.0
2024-03-11 12:30:00-04:00,31.93000030517578,31.959999084472656,31.790000915527344,31.823200225830078,3446,0.0,0.0,0.0
2024-03-11 13:30:00-04:00,31.88990020751953,31.905000686645508,31.88990020751953,31.899999618530273,1097,0.0,0.0,0.0
2024-03-11 14:30:00-04:00,31.924999237060547,31.989999771118164,31.83989906311035,31.920000076293945,3450,0.0,0.0,0.0
2024-03-11 15:30:00-04:00,31.924999237060547,31.924999237060547,31.639999389648438,31.760000228881836,0,0.0,0.0,0.0
2024-03-12 09:30:00-04:00,32.0,32.029998779296875,31.489999771118164,31.665000915527344,9799,0.0,0.0,0.0
2024-03-12 10:30:00-04:00,31.31999969482422,31.649999618530273,31.305999755859375,31.649999618530273,1909,0.0,0.0,0.0
2024-03-12 11:30:00-04:00,31.665000915527344,31.665000915527344,30.95800018310547,30.95800018310547,2381,0.0,0.0,0.0
2024-03-12 12:30:00-04:00,30.948999404907227,31.062700271606445,30.31999969482422,30.420000076293945,7791,0.0,0.0,0.0
2024-03-12 13:30:00-04:00,30.999399185180664,31.18470001220703,30.90999984741211,31.165000915527344,3280,0.0,0.0,0.0
2024-03-12 14:30:00-04:00,31.270000457763672,31.399999618530273,31.204999923706055,31.392200469970703,4965,0.0,0.0,0.0
2024-03-12 15:30:00-04:00,31.389999389648438,31.449600219726562,31.299999237060547,31.40999984741211,0,0.0,0.0,0.0
2024-03-13 09:30:00-04:00,32.279998779296875,32.279998779296875,31.579999923706055,31.90999984741211,5487,0.0,0.0,0.0
2024-03-13 10:30:00-04:00,31.750999450683594,32.040000915527344,31.75,31.985000610351562,3478,0.0,0.0,0.0
2024-03-13 11:30:00-04:00,31.985000610351562,31.985000610351562,31.79829978942871,31.860000610351562,2310,0.0,0.0,0.0
2024-03-13 12:30:00-04:00,31.915000915527344,32.099998474121094,31.915000915527344,31.930299758911133,1034,0.0,0.0,0.0
2024-03-13 13:30:00-04:00,31.989999771118164,32.119598388671875,31.989999771118164,32.119598388671875,1979,0.0,0.0,0.0
2024-03-13 14:30:00-04:00,32.21989822387695,32.21989822387695,32.06999969482422,32.06999969482422,1829,0.0,0.0,0.0
2024-03-13 15:30:00-04:00,32.02000045776367,32.29499816894531,32.02000045776367,32.29499816894531,2305,0.0,0.0,0.0
2024-03-14 09:30:00-04:00,32.20000076293945,32.20000076293945,31.39080047607422,31.649999618530273,8856,0.0,0.0,0.0
2024-03-14 10:30:00-04:00,31.309999465942383,31.549999237060547,31.040000915527344,31.040000915527344,3838,0.0,0.0,0.0
2024-03-14 11:30:00-04:00,30.84000015258789,31.030000686645508,30.651500701904297,30.651500701904297,3876,0.0,0.0,0.0
2024-03-14 12:30:00-04:00,30.84980010986328,31.03700065612793,30.84980010986328,31.03700065612793,1530,0.0,0.0,0.0
2024-03-14 13:30:00-04:00,31.079999923706055,31.079999923706055,30.770000457763672,30.8700008392334,3562,0.0,0.0,0.0
2024-03-14 14:30:00-04:00,30.760000228881836,30.760000228881836,30.325000762939453,30.40999984741211,8008,0.0,0.0,0.0
2024-03-14 15:30:00-04:00,30.121700286865234,30.40999984741211,30.010000228881836,30.299999237060547,3231,0.0,0.0,0.0
2024-03-15 09:30:00-04:00,29.75,29.889999389648438,29.450000762939453,29.80940055847168,8118,0.0,0.0,0.0
2024-03-15 10:30:00-04:00,29.83839988708496,29.83839988708496,29.809999465942383,29.809999465942383,1187,0.0,0.0,0.0
2024-03-15 11:30:00-04:00,29.809999465942383,29.809999465942383,29.549999237060547,29.55150032043457,1235,0.0,0.0,0.0
2024-03-15 12:30:00-04:00,29.860000610351562,29.860000610351562,29.56999969482422,29.749900817871094,904,0.0,0.0,0.0
2024-03-15 13:30:00-04:00,29.730100631713867,29.875,29.730100631713867,29.8302001953125,1552,0.0,0.0,0.0
2024-03-15 14:30:00-04:00,30.010000228881836,30.725000381469727,30.010000228881836,30.490100860595703,4366,0.0,0.0,0.0
2024-03-15 15:30:00-04:00,30.3799991607666,30.3799991607666,29.979999542236328,30.18000030517578,6882,0.0,0.0,0.0
2024-03-18 09:30:00-04:00,29.34000015258789,29.779300689697266,29.270000457763672,29.47010040283203,7459,0.0,0.0,0.0
2024-03-18 10:30:00-04:00,29.33009910583496,29.33009910583496,29.100000381469727,29.139999389648438,3641,0.0,0.0,0.0
2024-03-18 11:30:00-04:00,29.209999084472656,29.614999771118164,29.209999084472656,29.614999771118164,4175,0.0,0.0,0.0
2024-03-18 13:30:00-04:00,29.15999984741211,29.440000534057617,29.15999984741211,29.40999984741211,4171,0.0,0.0,0.0
2024-03-18 14:30:00-04:00,29.264999389648438,29.329099655151367,29.229999542236328,29.229999542236328,1080,0.0,0.0,0.0
2024-03-18 15:30:00-04:00,29.440000534057617,29.440000534057617,29.139999389648438,29.139999389648438,684,0.0,0.0,0.0
2024-03-19 09:30:00-04:00,27.850000381469727,28.010000228881836,27.200000762939453,27.200000762939453,18377,0.0,0.0,0.0
2024-03-19 10:30:00-04:00,27.200000762939453,27.440000534057617,27.200000762939453,27.420799255371094,7972,0.0,0.0,0.0
2024-03-19 11:30:00-04:00,27.690000534057617,27.940000534057617,27.684999465942383,27.940000534057617,13080,0.0,0.0,0.0
2024-03-19 12:30:00-04:00,28.209999084472656,28.389999389648438,28.13010025024414,28.360000610351562,4729,0.0,0.0,0.0
2024-03-19 13:30:00-04:00,28.579999923706055,28.59000015258789,28.170000076293945,28.170000076293945,7308,0.0,0.0,0.0
2024-03-19 14:30:00-04:00,28.360000610351562,28.360000610351562,28.100000381469727,28.104999542236328,6432,0.0,0.0,0.0
2024-03-19 15:30:00-04:00,28.140100479125977,28.21769905090332,28.140100479125977,28.21769905090332,416,0.0,0.0,0.0
2024-03-20 09:30:00-04:00,27.549999237060547,27.809999465942383,27.549999237060547,27.786300659179688,6990,0.0,0.0,0.0
2024-03-20 10:30:00-04:00,28.139999389648438,28.139999389648438,28.139999389648438,28.139999389648438,2271,0.0,0.0,0.0
2024-03-20 11:30:00-04:00,27.84000015258789,27.84000015258789,27.5,27.5,1996,0.0,0.0,0.0
2024-03-20 12:30:00-04:00,27.631200790405273,27.670000076293945,27.520000457763672,27.520000457763672,1608,0.0,0.0,0.0
2024-03-20 13:30:00-04:00,28.0049991607666,28.1299991607666,27.969999313354492,27.969999313354492,978,0.0,0.0,0.0
2024-03-20 14:30:00-04:00,28.549999237060547,28.868900299072266,28.549999237060547,28.71500015258789,1891,0.0,0.0,0.0
2024-03-20 15:30:00-04:00,28.799999237060547,28.815000534057617,28.799999237060547,28.815000534057617,1108,0.0,0.0,0.0
2024-03-21 09:30:00-04:00,29.799999237060547,29.799999237060547,29.100000381469727,29.420000076293945,4467,0.0,0.0,0.0
2024-03-21 10:30:00-04:00,29.299999237060547,29.299999237060547,29.170000076293945,29.170000076293945,1067,0.0,0.0,0.0
2024-03-21 11:30:00-04:00,28.860000610351562,29.040000915527344,28.860000610351562,29.039899826049805,2082,0.0,0.0,0.0
2024-03-21 12:30:00-04:00,29.042999267578125,29.042999267578125,29.042999267578125,29.042999267578125,207,0.0,0.0,0.0
2024-03-21 13:30:00-04:00,28.811599731445312,28.811599731445312,28.540000915527344,28.540000915527344,1946,0.0,0.0,0.0
2024-03-21 14:30:00-04:00,28.503799438476562,28.510000228881836,28.3799991607666,28.3799991607666,2724,0.0,0.0,0.0
2024-03-21 15:30:00-04:00,28.452800750732422,28.579999923706055,28.390100479125977,28.5,693,0.0,0.0,0.0
2024-03-22 09:30:00-04:00,28.010000228881836,28.010000228881836,27.56999969482422,27.56999969482422,3520,0.0,0.0,0.0
2024-03-22 10:30:00-04:00,27.579999923706055,27.690000534057617,27.40999984741211,27.66010093688965,4211,0.0,0.0,0.0
2024-03-22 11:30:00-04:00,27.719999313354492,27.719999313354492,27.650100708007812,27.650100708007812,12114,0.0,0.0,0.0
2024-03-22 12:30:00-04:00,27.579700469970703,27.768699645996094,27.454999923706055,27.768699645996094,1653,0.0,0.0,0.0
2024-03-22 13:30:00-04:00,27.795000076293945,27.795000076293945,27.760000228881836,27.760099411010742,1906,0.0,0.0,0.0
2024-03-22 14:30:00-04:00,27.810100555419922,27.810100555419922,27.649999618530273,27.735000610351562,3578,0.0,0.0,0.0
2024-03-22 15:30:00-04:00,27.844999313354492,27.844999313354492,27.829999923706055,27.829999923706055,550,0.0,0.0,0.0
2024-03-25 09:30:00-04:00,28.770000457763672,29.889999389648438,28.770000457763672,29.850000381469727,5385,0.0,0.0,0.0
2024-03-25 10:30:00-04:00,29.918399810791016,30.25,29.918399810791016,30.200000762939453,2240,0.0,0.0,0.0
2024-03-25 11:30:00-04:00,30.100000381469727,30.31999969482422,30.100000381469727,30.233400344848633,1578,0.0,0.0,0.0
2024-03-25 13:30:00-04:00,30.611000061035156,30.639999389648438,30.540000915527344,30.565000534057617,1276,0.0,0.0,0.0
2024-03-25 14:30:00-04:00,30.729999542236328,30.799999237060547,30.686899185180664,30.686899185180664,3043,0.0,0.0,0.0
2024-03-25 15:30:00-04:00,30.729999542236328,30.799999237060547,30.729999542236328,30.799999237060547,1677,0.0,0.0,0.0
2024-03-26 09:30:00-04:00,30.440000534057617,30.71030044555664,30.170000076293945,30.170000076293945,11659,0.0,0.0,0.0
2024-03-26 10:30:00-04:00,30.184999465942383,30.280000686645508,30.100000381469727,30.25,9866,0.0,0.0,0.0
2024-03-26 12:30:00-04:00,30.18709945678711,30.222999572753906,30.18709945678711,30.200000762939453,2163,0.0,0.0,0.0
2024-03-26 13:30:00-04:00,30.45989990234375,30.45989990234375,30.405000686645508,30.405000686645508,1114,0.0,0.0,0.0
2024-03-26 14:30:00-04:00,30.5,30.5,30.18000030517578,30.18000030517578,895,0.0,0.0,0.0
2024-03-26 15:30:00-04:00,30.139999389648438,30.139999389648438,30.139999389648438,30.139999389648438,146,0.0,0.0,0.0
2024-03-27 09:30:00-04:00,30.780000686645508,30.8700008392334,29.84819984436035,30.209999084472656,5780,0.0,0.0,0.0
2024-03-27 10:30:00-04:00,30.270000457763672,30.329999923706055,30.024999618530273,30.100000381469727,3760,0.0,0.0,0.0
2024-03-27 11:30:00-04:00,29.899999618530273,29.899999618530273,29.895000457763672,29.899999618530273,2412,0.0,0.0,0.0
2024-03-27 12:30:00-04:00,29.90999984741211,29.90999984741211,29.90999984741211,29.90999984741211,597,0.0,0.0,0.0
2024-03-27 13:30:00-04:00,29.719999313354492,29.770000457763672,29.700000762939453,29.700000762939453,1806,0.0,0.0,0.0
2024-03-27 14:30:00-04:00,29.729900360107422,29.729900360107422,29.690000534057617,29.690000534057617,768,0.0,0.0,0.0
2024-03-27 15:30:00-04:00,29.75,29.799699783325195,29.729900360107422,29.760000228881836,4178,0.0,0.0,0.0
2024-03-28 09:30:00-04:00,30.579999923706055,30.969900131225586,30.479999542236328,30.739999771118164,6583,0.0,0.0,0.0
2024-03-28 10:30:00-04:00,30.75,31.020000457763672,30.75,30.829999923706055,5017,0.0,0.0,0.0
2024-03-28 11:30:00-04:00,30.899999618530273,30.899999618530273,30.670000076293945,30.670000076293945,1724,0.0,0.0,0.0
2024-03-28 12:30:00-04:00,30.770000457763672,30.770000457763672,30.510000228881836,30.709999084472656,1782,0.0,0.0,0.0
2024-03-28 14:30:00-04:00,30.739999771118164,30.768299102783203,30.72920036315918,30.768299102783203,2146,0.0,0.0,0.0
2024-03-28 15:30:00-04:00,30.770000457763672,30.81999969482422,30.729999542236328,30.81999969482422,5024,0.0,0.0,0.0
2024-04-01 09:30:00-04:00,30.739999771118164,30.739999771118164,30.170000076293945,30.219999313354492,5517,0.0,0.0,0.0
2024-04-01 10:30:00-04:00,30.219999313354492,30.25,29.899999618530273,29.899999618530273,9885,0.0,0.0,0.0
2024-04-01 11:30:00-04:00,29.809999465942383,29.81999969482422,29.729999542236328,29.75,5724,0.0,0.0,0.0
2024-04-01 12:30:00-04:00,29.81999969482422,29.829999923706055,29.719999313354492,29.829999923706055,1930,0.0,0.0,0.0
2024-04-01 13:30:00-04:00,29.729999542236328,29.729999542236328,29.729999542236328,29.729999542236328,1200,0.0,0.0,0.0
2024-04-01 14:30:00-04:00,29.8799991607666,30.309999465942383,29.8799991607666,30.309999465942383,1185,0.0,0.0,0.0
2024-04-01 15:30:00-04:00,30.190000534057617,30.270000457763672,30.190000534057617,30.270000457763672,1093,0.0,0.0,0.0
2024-04-02 09:30:00-04:00,28.360000610351562,28.360000610351562,28.0,28.23870086669922,5282,0.0,0.0,0.0
2024-04-02 10:30:00-04:00,28.510000228881836,28.579999923706055,28.489900588989258,28.579999923706055,2652,0.0,0.0,0.0
2024-04-02 11:30:00-04:00,28.139999389648438,28.370100021362305,28.139999389648438,28.25,2525,0.0,0.0,0.0
2024-04-02 12:30:00-04:00,28.520000457763672,28.562999725341797,28.439300537109375,28.439300537109375,5881,0.0,0.0,0.0
2024-04-02 13:30:00-04:00,28.389999389648438,28.530099868774414,28.389999389648438,28.530000686645508,1295,0.0,0.0,0.0
2024-04-02 14:30:00-04:00,28.539899826049805,28.690000534057617,28.539899826049805,28.690000534057617,1273,0.0,0.0,0.0
2024-04-03 09:30:00-04:00,28.520099639892578,28.809999465942383,28.510000228881836,28.809999465942383,5224,0.0,0.0,0.0
2024-04-03 10:30:00-04:00,29.030000686645508,29.040000915527344,28.895000457763672,28.895000457763672,4824,0.0,0.0,0.0
2024-04-03 11:30:00-04:00,28.782699584960938,28.782699584960938,28.782699584960938,28.782699584960938,1198,0.0,0.0,0.0
2024-04-03 12:30:00-04:00,28.75,28.75,28.75,28.75,230,0.0,0.0,0.0
2024-04-03 13:30:00-04:00,28.641799926757812,28.641799926757812,28.58340072631836,28.58340072631836,4187,0.0,0.0,0.0
2024-04-03 14:30:00-04:00,28.641300201416016,28.732999801635742,28.59000015258789,28.59000015258789,876,0.0,0.0,0.0
2024-04-03 15:30:00-04:00,28.5,28.5,28.456600189208984,28.456600189208984,1220,0.0,0.0,0.0
2024-04-04 09:30:00-04:00,29.100000381469727,29.29450035095215,29.010000228881836,29.29450035095215,7776,0.0,0.0,0.0
2024-04-04 11:30:00-04:00,29.37540054321289,29.37540054321289,29.360000610351562,29.360000610351562,1890,0.0,0.0,0.0
2024-04-04 12:30:00-04:00,29.540000915527344,29.540000915527344,29.5,29.5,381,0.0,0.0,0.0
2024-04-04 13:30:00-04:00,29.600000381469727,29.989999771118164,29.600000381469727,29.989999771118164,1088,0.0,0.0,0.0
2024-04-04 14:30:00-04:00,29.808500289916992,29.808500289916992,29.65999984741211,29.670000076293945,3100,0.0,0.0,0.0
2024-04-05 09:30:00-04:00,29.0,29.290000915527344,29.0,29.290000915527344,3261,0.0,0.0,0.0
2024-04-05 10:30:00-04:00,29.249900817871094,29.405000686645508,29.249900817871094,29.405000686645508,1181,0.0,0.0,0.0
2024-04-05 11:30:00-04:00,29.359899520874023,29.359899520874023,29.359899520874023,29.359899520874023,454,0.0,0.0,0.0
2024-04-05 12:30:00-04:00,29.40999984741211,29.40999984741211,29.332500457763672,29.332500457763672,771,0.0,0.0,0.0
2024-04-05 13:30:00-04:00,29.299999237060547,29.299999237060547,29.28499984741211,29.287200927734375,632,0.0,0.0,0.0
2024-04-05 14:30:00-04:00,29.238800048828125,29.290000915527344,29.238800048828125,29.290000915527344,1138,0.0,0.0,0.0
2024-04-05 15:30:00-04:00,29.1200008392334,29.1200008392334,29.110000610351562,29.110000610351562,562,0.0,0.0,0.0
2024-04-08 09:30:00-04:00,30.989999771118164,31.3799991607666,30.989999771118164,31.170000076293945,5032,0.0,0.0,0.0
2024-04-08 10:30:00-04:00,31.06369972229004,31.209999084472656,30.940000534057617,31.209999084472656,2166,0.0,0.0,0.0
2024-04-08 11:30:00-04:00,31.18000030517578,31.18000030517578,31.151100158691406,31.151100158691406,2891,0.0,0.0,0.0
2024-04-08 12:30:00-04:00,31.267499923706055,31.267499923706055,31.014999389648438,31.049999237060547,4181,0.0,0.0,0.0
2024-04-08 13:30:00-04:00,31.049999237060547,31.29990005493164,31.049999237060547,31.290000915527344,1386,0.0,0.0,0.0
2024-04-08 14:30:00-04:00,31.200000762939453,31.200000762939453,31.09000015258789,31.09000015258789,2725,0.0,0.0,0.0
2024-04-08 15:30:00-04:00,31.174999237060547,31.174999237060547,31.06999969482422,31.1200008392334,4622,0.0,0.0,0.0
2024-04-09 09:30:00-04:00,30.850000381469727,30.850000381469727,30.320100784301758,30.320100784301758,8977,0.0,0.0,0.0
2024-04-09 10:30:00-04:00,30.059999465942383,30.059999465942383,29.610000610351562,29.81999969482422,5283,0.0,0.0,0.0
2024-04-09 11:30:00-04:00,29.825000762939453,29.8799991607666,29.639999389648438,29.809999465942383,6840,0.0,0.0,0.0
2024-04-09 12:30:00-04:00,29.739999771118164,29.739999771118164,29.610000610351562,29.690000534057617,5984,0.0,0.0,0.0
2024-04-09 13:30:00-04:00,29.780000686645508,29.809900283813477,29.75,29.809900283813477,2766,0.0,0.0,0.0
2024-04-09 14:30:00-04:00,29.798900604248047,29.83989906311035,29.688600540161133,29.83989906311035,3560,0.0,0.0,0.0
2024-04-09 15:30:00-04:00,29.899999618530273,30.0,29.844999313354492,30.0,10229,0.0,0.0,0.0
2024-04-10 09:30:00-04:00,29.559999465942383,29.559999465942383,29.334999084472656,29.334999084472656,2946,0.0,0.0,0.0
2024-04-10 10:30:00-04:00,29.92140007019043,29.92140007019043,29.68000030517578,29.68000030517578,4646,0.0,0.0,0.0
2024-04-10 11:30:00-04:00,29.780000686645508,29.920000076293945,29.780000686645508,29.888200759887695,914,0.0,0.0,0.0
2024-04-10 12:30:00-04:00,30.030000686645508,30.110000610351562,30.020000457763672,30.09000015258789,1510,0.0,0.0,0.0
2024-04-10 13:30:00-04:00,30.170000076293945,30.170000076293945,30.06999969482422,30.06999969482422,720,0.0,0.0,0.0
2024-04-10 14:30:00-04:00,30.079999923706055,30.079999923706055,29.860000610351562,30.079999923706055,250,0.0,0.0,0.0
2024-04-10 15:30:00-04:00,30.239999771118164,30.479999542236328,30.200000762939453,30.479999542236328,8084,0.0,0.0,0.0
2024-04-11 09:30:00-04:00,30.770000457763672,30.770000457763672,30.299999237060547,30.43000030517578,4972,0.0,0.0,0.0
2024-04-11 10:30:00-04:00,30.440000534057617,30.440000534057617,30.229999542236328,30.2549991607666,2944,0.0,0.0,0.0
2024-04-11 11:30:00-04:00,30.280000686645508,30.389999389648438,30.280000686645508,30.3799991607666,2406,0.0,0.0,0.0
2024-04-11 12:30:00-04:00,30.32990074157715,30.6299991607666,30.23150062561035,30.6299991607666,2107,0.0,0.0,0.0
2024-04-11 13:30:00-04:00,30.59000015258789,30.68000030517578,30.549999237060547,30.600000381469727,1715,0.0,0.0,0.0
2024-04-11 14:30:00-04:00,30.459999084472656,30.56679916381836,30.459999084472656,30.540000915527344,4908,0.0,0.0,0.0
2024-04-11 15:30:00-04:00,30.56999969482422,30.700000762939453,30.457399368286133,30.510000228881836,9563,0.0,0.0,0.0
2024-04-12 09:30:00-04:00,30.81999969482422,30.81999969482422,30.170000076293945,30.30500030517578,2017,0.0,0.0,0.0
2024-04-12 10:30:00-04:00,30.084999084472656,30.170000076293945,29.91670036315918,29.939899444580078,5842,0.0,0.0,0.0
2024-04-12 11:30:00-04:00,29.969999313354492,29.969999313354492,29.8799991607666,29.8799991607666,737,0.0,0.0,0.0
2024-04-12 12:30:00-04:00,29.809999465942383,29.819400787353516,29.725000381469727,29.725000381469727,3834,0.0,0.0,0.0
2024-04-12 13:30:00-04:00,29.3700008392334,29.45989990234375,29.364999771118164,29.45989990234375,2013,0.0,0.0,0.0
2024-04-12 14:30:00-04:00,29.190000534057617,29.190000534057617,28.479999542236328,28.81999969482422,5417,0.0,0.0,0.0
2024-04-12 15:30:00-04:00,28.989999771118164,28.99329948425293,28.989999771118164,28.99329948425293,1344,0.0,0.0,0.0
2024-04-15 09:30:00-04:00,29.079999923706055,29.079999923706055,28.290000915527344,28.39349937438965,15862,0.0,0.0,0.0
2024-04-15 10:30:00-04:00,28.15999984741211,28.15999984741211,27.770000457763672,28.0,5895,0.0,0.0,0.0
2024-04-15 11:30:00-04:00,28.110000610351562,28.110000610351562,28.110000610351562,28.110000610351562,584,0.0,0.0,0.0
2024-04-15 12:30:00-04:00,27.75,27.915000915527344,27.440000534057617,27.440000534057617,4013,0.0,0.0,0.0
2024-04-15 13:30:00-04:00,27.469999313354492,27.56719970703125,27.149999618530273,27.149999618530273,10020,0.0,0.0,0.0
2024-04-15 14:30:00-04:00,27.34000015258789,27.34000015258789,26.709999084472656,26.8700008392334,9456,0.0,0.0,0.0
2024-04-15 15:30:00-04:00,27.177499771118164,27.299999237060547,27.170000076293945,27.280000686645508,1939,0.0,0.0,0.0
2024-04-16 09:30:00-04:00,27.229999542236328,27.229999542236328,26.65999984741211,26.826400756835938,5631,0.0,0.0,0.0
2024-04-16 10:30:00-04:00,26.780000686645508,26.780000686645508,26.540000915527344,26.684999465942383,2598,0.0,0.0,0.0
2024-04-16 11:30:00-04:00,26.610000610351562,26.610000610351562,26.5,26.5,2613,0.0,0.0,0.0
2024-04-16 12:30:00-04:00,26.480100631713867,26.480100631713867,26.480100631713867,26.480100631713867,2439,0.0,0.0,0.0
2024-04-16 13:30:00-04:00,26.71619987487793,26.71619987487793,26.71619987487793,26.71619987487793,176,0.0,0.0,0.0
2024-04-16 14:30:00-04:00,26.800100326538086,26.989999771118164,26.800100326538086,26.989999771118164,881,0.0,0.0,0.0
2024-04-16 15:30:00-04:00,27.0,27.0,27.0,27.0,163,0.0,0.0,0.0
2024-04-17 09:30:00-04:00,27.610000610351562,27.610000610351562,26.688800811767578,26.688800811767578,3495,0.0,0.0,0.0
2024-04-17 10:30:00-04:00,26.18000030517578,26.485000610351562,26.0,26.0,5918,0.0,0.0,0.0
2024-04-17 11:30:00-04:00,25.850000381469727,25.850000381469727,25.5,25.719999313354492,5720,0.0,0.0,0.0
2024-04-17 12:30:00-04:00,25.643999099731445,25.643999099731445,25.620100021362305,25.620100021362305,732,0.0,0.0,0.0
2024-04-17 13:30:00-04:00,26.001100540161133,26.001100540161133,25.944400787353516,25.944400787353516,565,0.0,0.0,0.0
2024-04-17 14:30:00-04:00,26.264999389648438,26.264999389648438,26.102500915527344,26.102500915527344,1269,0.0,0.0,0.0
2024-04-17 15:30:00-04:00,26.19849967956543,26.19849967956543,26.19849967956543,26.19849967956543,745,0.0,0.0,0.0
2024-04-18 09:30:00-04:00,26.610000610351562,27.3700008392334,26.493099212646484,27.36989974975586,7498,0.0,0.0,0.0
2024-04-18 10:30:00-04:00,27.299999237060547,27.649999618530273,27.299999237060547,27.56999969482422,2286,0.0,0.0,0.0
2024-04-18 11:30:00-04:00,27.469999313354492,27.469999313354492,27.329999923706055,27.40999984741211,972,0.0,0.0,0.0
2024-04-18 12:30:00-04:00,27.399999618530273,27.399999618530273,27.399999618530273,27.399999618530273,1854,0.0,0.0,0.0
2024-04-18 13:30:00-04:00,27.239999771118164,27.239999771118164,26.885000228881836,26.959999084472656,2019,0.0,0.0,0.0
2024-04-18 14:30:00-04:00,27.090999603271484,27.090999603271484,27.06999969482422,27.08970069885254,2299,0.0,0.0,0.0
2024-04-18 15:30:00-04:00,27.09000015258789,27.2189998626709,27.09000015258789,27.2189998626709,384,0.0,0.0,0.0
2024-04-19 09:30:00-04:00,27.749900817871094,28.40999984741211,27.749900817871094,27.940000534057617,14522,0.0,0.0,0.0
2024-04-19 10:30:00-04:00,27.825000762939453,27.825000762939453,27.729999542236328,27.75,2337,0.0,0.0,0.0
2024-04-19 11:30:00-04:00,27.604999542236328,27.604999542236328,27.559999465942383,27.559999465942383,702,0.0,0.0,0.0
2024-04-19 12:30:00-04:00,27.600000381469727,27.600000381469727,27.485000610351562,27.559999465942383,1045,0.0,0.0,0.0
2024-04-19 13:30:00-04:00,27.70989990234375,27.70989990234375,27.70989990234375,27.70989990234375,1212,0.0,0.0,0.0
2024-04-19 15:30:00-04:00,27.31999969482422,27.434999465942383,27.270000457763672,27.399999618530273,3246,0.0,0.0,0.0
2024-04-22 09:30:00-04:00,28.649999618530273,28.649999618530273,28.030000686645508,28.559999465942383,3128,0.0,0.0,0.0
2024-04-22 10:30:00-04:00,28.489999771118164,28.559999465942383,27.530000686645508,28.100099563598633,3247,0.0,0.0,0.0
2024-04-22 11:30:00-04:00,28.239999771118164,28.5,28.239999771118164,28.420000076293945,1578,0.0,0.0,0.0
2024-04-22 13:30:00-04:00,28.639999389648438,28.700000762939453,28.639999389648438,28.700000762939453,798,0.0,0.0,0.0
2024-04-22 14:30:00-04:00,28.520000457763672,28.604999542236328,28.520000457763672,28.549999237060547,974,0.0,0.0,0.0
2024-04-22 15:30:00-04:00,28.5,28.60300064086914,28.5,28.60300064086914,1556,0.0,0.0,0.0
2024-04-23 09:30:00-04:00,28.75,28.81999969482422,28.510000228881836,28.700000762939453,11158,0.0,0.0,0.0
2024-04-23 10:30:00-04:00,28.91990089416504,28.929899215698242,28.704999923706055,28.704999923706055,2025,0.0,0.0,0.0
2024-04-23 11:30:00-04:00,28.729999542236328,28.729999542236328,28.650100708007812,28.709999084472656,1732,0.0,0.0,0.0
2024-04-23 12:30:00-04:00,28.690000534057617,28.850000381469727,28.690000534057617,28.850000381469727,2284,0.0,0.0,0.0
2024-04-23 14:30:00-04:00,28.799999237060547,28.799999237060547,28.56999969482422,28.56999969482422,1415,0.0,0.0,0.0
2024-04-23 15:30:00-04:00,28.520000457763672,28.549999237060547,28.479999542236328,28.479999542236328,990,0.0,0.0,0.0
2024-04-24 09:30:00-04:00,28.459999084472656,28.459999084472656,28.424400329589844,28.440000534057617,1598,0.0,0.0,0.0
2024-04-24 10:30:00-04:00,27.919599533081055,27.919599533081055,27.919599533081055,27.919599533081055,431,0.0,0.0,0.0
2024-04-24 11:30:00-04:00,27.649999618530273,27.720500946044922,27.649999618530273,27.720500946044922,1501,0.0,0.0,0.0
2024-04-24 12:30:00-04:00,27.81999969482422,27.899900436401367,27.81999969482422,27.899900436401367,208,0.0,0.0,0.0
2024-04-24 13:30:00-04:00,27.84000015258789,27.84000015258789,27.732799530029297,27.732799530029297,647,0.0,0.0,0.0
2024-04-24 14:30:00-04:00,27.43000030517578,27.6200008392334,27.43000030517578,27.6200008392334,843,0.0,0.0,0.0
2024-04-24 15:30:00-04:00,27.549999237060547,27.549999237060547,27.540000915527344,27.540000915527344,705,0.0,0.0,0.0
2024-04-25 09:30:00-04:00,27.110000610351562,27.110000610351562,27.110000610351562,27.110000610351562,926,0.0,0.0,0.0
2024-04-25 10:30:00-04:00,26.90999984741211,26.90999984741211,26.8700008392334,26.8700008392334,413,0.0,0.0,0.0
2024-04-25 11:30:00-04:00,27.260000228881836,27.360000610351562,27.260000228881836,27.299999237060547,2127,0.0,0.0,0.0
2024-04-25 12:30:00-04:00,27.6200008392334,27.6200008392334,27.598800659179688,27.598800659179688,220,0.0,0.0,0.0
2024-04-25 13:30:00-04:00,27.68000030517578,27.68000030517578,27.65999984741211,27.65999984741211,1219,0.0,0.0,0.0
2024-04-25 14:30:00-04:00,27.749900817871094,27.749900817871094,27.749900817871094,27.749900817871094,308,0.0,0.0,0.0
2024-04-25 15:30:00-04:00,27.645000457763672,27.645000457763672,27.579999923706055,27.579999923706055,441,0.0,0.0,0.0
2024-04-26 09:30:00-04:00,27.5,27.749900817871094,27.309999465942383,27.649999618530273,5965,0.0,0.0,0.0
2024-04-26 10:30:00-04:00,27.22439956665039,27.270000457763672,27.1117000579834,27.1117000579834,2512,0.0,0.0,0.0
2024-04-26 11:30:00-04:00,27.09000015258789,27.09000015258789,26.989999771118164,26.989999771118164,826,0.0,0.0,0.0
2024-04-26 12:30:00-04:00,27.184999465942383,27.219999313354492,27.100000381469727,27.219999313354492,2508,0.0,0.0,0.0
2024-04-26 13:30:00-04:00,27.329999923706055,27.329999923706055,27.329999923706055,27.329999923706055,198,0.0,0.0,0.0
2024-04-26 14:30:00-04:00,27.319900512695312,27.319900512695312,27.319900512695312,27.319900512695312,401,0.0,0.0,0.0
2024-04-26 15:30:00-04:00,27.25,27.26140022277832,27.170000076293945,27.25,1134,0.0,0.0,0.0
2024-04-29 09:30:00-04:00,27.040000915527344,27.040000915527344,26.360000610351562,26.720699310302734,12333,0.0,0.0,0.0
2024-04-29 10:30:00-04:00,26.799999237060547,26.957700729370117,26.739999771118164,26.957700729370117,3533,0.0,0.0,0.0
2024-04-29 11:30:00-04:00,27.040000915527344,27.076400756835938,27.040000915527344,27.049999237060547,2109,0.0,0.0,0.0
2024-04-29 12:30:00-04:00,26.90999984741211,26.959299087524414,26.90999984741211,26.959299087524414,3855,0.0,0.0,0.0
2024-04-29 13:30:00-04:00,26.950000762939453,26.950000762939453,26.950000762939453,26.950000762939453,1675,0.0,0.0,0.0
2024-04-29 14:30:00-04:00,26.908100128173828,26.908100128173828,26.850000381469727,26.850000381469727,2486,0.0,0.0,0.0
2024-04-29 15:30:00-04:00,26.750499725341797,26.750499725341797,26.75,26.75,1883,0.0,0.0,0.0
2024-04-30 09:30:00-04:00,26.420000076293945,26.420000076293945,25.938199996948242,26.0,3307,0.0,0.0,0.0
2024-04-30 10:30:00-04:00,26.079999923706055,26.299999237060547,26.079999923706055,26.1200008392334,6825,0.0,0.0,0.0
2024-04-30 11:30:00-04:00,25.935199737548828,25.969900131225586,25.860000610351562,25.860000610351562,1082,0.0,0.0,0.0
2024-04-30 12:30:00-04:00,25.68000030517578,25.809999465942383,25.639999389648438,25.75,1965,0.0,0.0,0.0
2024-04-30 13:30:00-04:00,25.719999313354492,25.719999313354492,25.590099334716797,25.590099334716797,631,0.0,0.0,0.0
2024-04-30 14:30:00-04:00,25.690000534057617,25.690000534057617,25.450000762939453,25.487199783325195,10667,0.0,0.0,0.0
2024-04-30 15:30:00-04:00,25.485000610351562,25.598800659179688,25.030000686645508,25.030000686645508,6656,0.0,0.0,0.0
2024-05-01 09:30:00-04:00,24.365999221801758,24.56999969482422,24.139999389648438,24.350000381469727,14885,0.0,0.0,0.0
2024-05-01 10:30:00-04:00,24.350000381469727,24.350000381469727,24.299999237060547,24.31999969482422,628,0.0,0.0,0.0
2024-05-01 11:30:00-04:00,24.219900131225586,24.219999313354492,24.1200008392334,24.190000534057617,5696,0.0,0.0,0.0
2024-05-01 12:30:00-04:00,24.15999984741211,24.200000762939453,24.159900665283203,24.199899673461914,1869,0.0,0.0,0.0
2024-05-01 13:30:00-04:00,24.340099334716797,24.709999084472656,24.340099334716797,24.610000610351562,1736,0.0,0.0,0.0
2024-05-01 14:30:00-04:00,24.969999313354492,25.349700927734375,24.969999313354492,25.0,3507,0.0,0.0,0.0
2024-05-01 15:30:00-04:00,24.3799991607666,24.469999313354492,24.309999465942383,24.350000381469727,16567,0.0,0.0,0.0
2024-05-02 09:30:00-04:00,24.834999084472656,24.950000762939453,24.790000915527344,24.927400588989258,1530,0.0,0.0,0.0
2024-05-02 10:30:00-04:00,25.200000762939453,25.200000762939453,25.200000762939453,25.200000762939453,465,0.0,0.0,0.0
2024-05-02 11:30:00-04:00,25.29400062561035,25.29400062561035,25.229999542236328,25.269899368286133,1149,0.0,0.0,0.0
2024-05-02 12:30:00-04:00,25.15999984741211,25.228200912475586,25.15999984741211,25.228200912475586,485,0.0,0.0,0.0
2024-05-02 13:30:00-04:00,25.249900817871094,25.350000381469727,25.18000030517578,25.350000381469727,1662,0.0,0.0,0.0
2024-05-02 14:30:00-04:00,25.420000076293945,25.420000076293945,25.274999618530273,25.274999618530273,981,0.0,0.0,0.0
2024-05-02 15:30:00-04:00,25.440000534057617,25.450000762939453,25.440000534057617,25.450000762939453,432,0.0,0.0,0.0
2024-05-03 09:30:00-04:00,26.010000228881836,26.530000686645508,26.010000228881836,26.529399871826172,8948,0.0,0.0,0.0
2024-05-03 10:30:00-04:00,26.559999465942383,26.559999465942383,26.559999465942383,26.559999465942383,653,0.0,0.0,0.0
2024-05-03 12:30:00-04:00,26.639999389648438,26.639999389648438,26.454999923706055,26.510000228881836,2157,0.0,0.0,0.0
2024-05-03 13:30:00-04:00,26.5049991607666,26.5049991607666,26.5049991607666,26.5049991607666,300,0.0,0.0,0.0
2024-05-03 14:30:00-04:00,26.61989974975586,26.61989974975586,26.495100021362305,26.495100021362305,923,0.0,0.0,0.0
2024-05-03 15:30:00-04:00,26.58989906311035,26.635000228881836,26.58989906311035,26.600000381469727,1076,0.0,0.0,0.0
2024-05-06 09:30:00-04:00,27.059999465942383,27.479999542236328,27.059999465942383,27.454999923706055,2091,0.0,0.0,0.0
2024-05-06 10:30:00-04:00,27.40999984741211,27.40999984741211,26.700000762939453,26.920000076293945,3401,0.0,0.0,0.0
2024-05-06 11:30:00-04:00,27.170000076293945,27.170000076293945,27.1200008392334,27.1200008392334,473,0.0,0.0,0.0
2024-05-06 12:30:00-04:00,27.15220069885254,27.15220069885254,27.15220069885254,27.15220069885254,778,0.0,0.0,0.0
2024-05-06 13:30:00-04:00,27.020000457763672,27.020000457763672,26.975000381469727,27.010000228881836,1153,0.0,0.0,0.0
2024-05-06 14:30:00-04:00,27.07040023803711,27.0757999420166,27.010000228881836,27.0757999420166,1047,0.0,0.0,0.0
2024-05-06 15:30:00-04:00,26.959999084472656,26.959999084472656,26.959999084472656,26.959999084472656,602,0.0,0.0,0.0
2024-05-07 09:30:00-04:00,26.90999984741211,27.200000762939453,26.90999984741211,27.199899673461914,1432,0.0,0.0,0.0
2024-05-07 10:30:00-04:00,27.116500854492188,27.31999969482422,27.116500854492188,27.319900512695312,1913,0.0,0.0,0.0
2024-05-07 12:30:00-04:00,27.241300582885742,27.241300582885742,27.16010093688965,27.190000534057617,1755,0.0,0.0,0.0
2024-05-07 13:30:00-04:00,27.179000854492188,27.179000854492188,27.179000854492188,27.179000854492188,299,0.0,0.0,0.0
2024-05-07 14:30:00-04:00,27.088199615478516,27.088199615478516,27.088199615478516,27.088199615478516,464,0.0,0.0,0.0
2024-05-07 15:30:00-04:00,26.969999313354492,26.969999313354492,26.93000030517578,26.93000030517578,643,0.0,0.0,0.0
2024-05-08 09:30:00-04:00,26.5,26.5,26.5,26.5,1688,0.0,0.0,0.0
2024-05-08 11:30:00-04:00,26.709999084472656,26.709999084472656,26.6924991607666,26.6924991607666,589,0.0,0.0,0.0
2024-05-08 12:30:00-04:00,26.719999313354492,26.719999313354492,26.719999313354492,26.719999313354492,1738,0.0,0.0,0.0
2024-05-08 13:30:00-04:00,26.799999237060547,26.851900100708008,26.799999237060547,26.820100784301758,2451,0.0,0.0,0.0
2024-05-09 09:30:00-04:00,26.149999618530273,26.34000015258789,26.139999389648438,26.260000228881836,3727,0.0,0.0,0.0
2024-05-09 10:30:00-04:00,26.409900665283203,26.409900665283203,26.3799991607666,26.3799991607666,2911,0.0,0.0,0.0
2024-05-09 11:30:00-04:00,26.6299991607666,26.6299991607666,26.6299991607666,26.6299991607666,384,0.0,0.0,0.0
2024-05-09 12:30:00-04:00,26.75,26.75,26.75,26.75,189,0.0,0.0,0.0
2024-05-09 13:30:00-04:00,26.748600006103516,26.748600006103516,26.748600006103516,26.748600006103516,347,0.0,0.0,0.0
2024-05-09 14:30:00-04:00,26.6200008392334,26.620100021362305,26.6200008392334,26.620100021362305,1018,0.0,0.0,0.0
2024-05-09 15:30:00-04:00,26.770000457763672,26.770000457763672,26.6200008392334,26.6200008392334,1069,0.0,0.0,0.0
2024-05-10 09:30:00-04:00,26.75,27.0,26.61199951171875,26.61199951171875,7933,0.0,0.0,0.0
2024-05-10 10:30:00-04:00,26.409000396728516,26.409000396728516,26.09830093383789,26.09830093383789,1435,0.0,0.0,0.0
2024-05-10 11:30:00-04:00,26.069900512695312,26.069900512695312,26.000099182128906,26.000099182128906,1444,0.0,0.0,0.0
2024-05-10 13:30:00-04:00,25.815000534057617,25.817699432373047,25.815000534057617,25.817699432373047,315,0.0,0.0,0.0
2024-05-10 14:30:00-04:00,25.79010009765625,25.810100555419922,25.79010009765625,25.810100555419922,3740,0.0,0.0,0.0
2024-05-10 15:30:00-04:00,25.850099563598633,26.019899368286133,25.850099563598633,26.019899368286133,1287,0.0,0.0,0.0
2024-05-13 09:30:00-04:00,26.59000015258789,27.019899368286133,26.59000015258789,27.009899139404297,6849,0.0,0.0,0.0
2024-05-13 11:30:00-04:00,27.009899139404297,27.139999389648438,26.969999313354492,27.139999389648438,1991,0.0,0.0,0.0
2024-05-13 12:30:00-04:00,27.110000610351562,27.110000610351562,27.109899520874023,27.109899520874023,737,0.0,0.0,0.0
2024-05-13 13:30:00-04:00,26.81999969482422,26.8700008392334,26.81999969482422,26.8700008392334,2324,0.0,0.0,0.0
2024-05-13 14:30:00-04:00,26.82309913635254,26.949899673461914,26.809999465942383,26.920000076293945,3460,0.0,0.0,0.0
2024-05-13 15:30:00-04:00,26.959999084472656,27.0,26.950000762939453,27.0,1017,0.0,0.0,0.0
2024-05-14 09:30:00-04:00,26.629899978637695,26.629899978637695,26.15999984741211,26.31399917602539,9230,0.0,0.0,0.0
2024-05-14 10:30:00-04:00,26.420000076293945,26.434999465942383,26.260000228881836,26.260000228881836,5984,0.0,0.0,0.0
2024-05-14 11:30:00-04:00,26.329299926757812,26.329299926757812,26.280000686645508,26.299999237060547,724,0.0,0.0,0.0
2024-05-14 12:30:00-04:00,26.270000457763672,26.299999237060547,26.25,26.299999237060547,3995,0.0,0.0,0.0
2024-05-14 13:30:00-04:00,26.200000762939453,26.20989990234375,26.15999984741211,26.15999984741211,786,0.0,0.0,0.0
2024-05-14 14:30:00-04:00,26.211599349975586,26.211599349975586,26.211599349975586,26.211599349975586,268,0.0,0.0,0.0
2024-05-14 15:30:00-04:00,26.349899291992188,26.349899291992188,26.25,26.25,1164,0.0,0.0,0.0
2024-05-15 09:30:00-04:00,27.229999542236328,27.799999237060547,27.229999542236328,27.552400588989258,3393,0.0,0.0,0.0
2024-05-15 10:30:00-04:00,27.63990020751953,27.63990020751953,27.617399215698242,27.617399215698242,664,0.0,0.0,0.0
2024-05-15 11:30:00-04:00,27.84000015258789,27.979799270629883,27.84000015258789,27.979799270629883,4660,0.0,0.0,0.0
2024-05-15 12:30:00-04:00,27.969999313354492,27.969999313354492,27.969999313354492,27.969999313354492,565,0.0,0.0,0.0
2024-05-15 13:30:00-04:00,27.975000381469727,28.0,27.975000381469727,28.0,2437,0.0,0.0,0.0
2024-05-15 15:30:00-04:00,28.420000076293945,28.510000228881836,28.399999618530273,28.399999618530273,1966,0.0,0.0,0.0
2024-05-16 09:30:00-04:00,28.479999542236328,28.489999771118164,28.31999969482422,28.31999969482422,3564,0.0,0.0,0.0
2024-05-16 10:30:00-04:00,28.31999969482422,28.31999969482422,28.229999542236328,28.239999771118164,2358,0.0,0.0,0.0
2024-05-16 13:30:00-04:00,27.949899673461914,27.949899673461914,27.900999069213867,27.900999069213867,1141,0.0,0.0,0.0
2024-05-16 14:30:00-04:00,27.799999237060547,28.100000381469727,27.799999237060547,28.073200225830078,6891,0.0,0.0,0.0
2024-05-16 15:30:00-04:00,28.100000381469727,28.139999389648438,27.979999542236328,28.06999969482422,1735,0.0,0.0,0.0
2024-05-17 09:30:00-04:00,28.219999313354492,28.579999923706055,28.219999313354492,28.579999923706055,1370,0.0,0.0,0.0
2024-05-17 10:30:00-04:00,28.65999984741211,28.764999389648438,28.65999984741211,28.764999389648438,2323,0.0,0.0,0.0
2024-05-17 11:30:00-04:00,29.100000381469727,29.100000381469727,28.85059928894043,28.85059928894043,2306,0.0,0.0,0.0
2024-05-17 12:30:00-04:00,28.8799991607666,28.88159942626953,28.620100021362305,28.620100021362305,3091,0.0,0.0,0.0
2024-05-17 13:30:00-04:00,28.49180030822754,28.49180030822754,28.49180030822754,28.49180030822754,525,0.0,0.0,0.0
2024-05-17 14:30:00-04:00,28.65999984741211,28.65999984741211,28.65999984741211,28.65999984741211,1140,0.0,0.0,0.0
2024-05-17 15:30:00-04:00,28.709999084472656,28.709999084472656,28.66710090637207,28.670000076293945,860,0.0,0.0,0.0
2024-05-20 09:30:00-04:00,29.170000076293945,29.170000076293945,28.748699188232422,28.858699798583984,3856,0.0,0.0,0.0
2024-05-20 10:30:00-04:00,28.91860008239746,28.97480010986328,28.800100326538086,28.93000030517578,2954,0.0,0.0,0.0
2024-05-20 11:30:00-04:00,29.083999633789062,29.219999313354492,29.083999633789062,29.219999313354492,4468,0.0,0.0,0.0
2024-05-20 12:30:00-04:00,29.315000534057617,29.768400192260742,29.290000915527344,29.600000381469727,2194,0.0,0.0,0.0
2024-05-20 13:30:00-04:00,29.489999771118164,29.628799438476562,29.479999542236328,29.628799438476562,4893,0.0,0.0,0.0
2024-05-20 14:30:00-04:00,29.694400787353516,29.84000015258789,29.694400787353516,29.84000015258789,962,0.0,0.0,0.0
2024-05-20 15:30:00-04:00,30.0,30.309999465942383,30.0,30.25,4737,0.0,0.0,0.0
2024-05-21 09:30:00-04:00,30.959999084472656,30.959999084472656,30.440000534057617,30.459999084472656,3834,0.0,0.0,0.0
2024-05-21 10:30:00-04:00,30.459999084472656,30.459999084472656,30.350000381469727,30.36199951171875,1439,0.0,0.0,0.0
2024-05-21 11:30:00-04:00,30.140100479125977,30.140100479125977,30.140100479125977,30.140100479125977,470,0.0,0.0,0.0
2024-05-21 12:30:00-04:00,30.075000762939453,30.075000762939453,30.075000762939453,30.075000762939453,700,0.0,0.0,0.0
2024-05-21 14:30:00-04:00,30.13990020751953,30.149999618530273,30.135799407958984,30.149999618530273,873,0.0,0.0,0.0
2024-05-21 15:30:00-04:00,29.86639976501465,29.90999984741211,29.850000381469727,29.90999984741211,959,0.0,0.0,0.0
2024-05-22 09:30:00-04:00,29.860000610351562,30.098600387573242,29.860000610351562,30.039899826049805,3452,0.0,0.0,0.0
2024-05-22 10:30:00-04:00,30.111499786376953,30.389999389648438,30.111499786376953,30.315000534057617,1961,0.0,0.0,0.0
2024-05-22 11:30:00-04:00,30.389999389648438,30.629199981689453,30.389999389648438,30.520000457763672,1684,0.0,0.0,0.0
2024-05-22 12:30:00-04:00,30.59000015258789,30.59000015258789,30.3799991607666,30.3799991607666,1668,0.0,0.0,0.0
2024-05-22 13:30:00-04:00,30.309999465942383,30.309999465942383,30.309999465942383,30.309999465942383,553,0.0,0.0,0.0
2024-05-22 14:30:00-04:00,30.0,30.0,29.969999313354492,29.969999313354492,639,0.0,0.0,0.0
2024-05-22 15:30:00-04:00,30.114900588989258,30.139999389648438,30.114900588989258,30.139999389648438,865,0.0,0.0,0.0
2024-05-23 09:30:00-04:00,30.209999084472656,30.209999084472656,29.309999465942383,29.44219970703125,2567,0.0,0.0,0.0
2024-05-23 10:30:00-04:00,29.400100708007812,29.530000686645508,29.399999618530273,29.530000686645508,1413,0.0,0.0,0.0
2024-05-23 11:30:00-04:00,29.600000381469727,29.600000381469727,29.440000534057617,29.440000534057617,723,0.0,0.0,0.0
2024-05-23 12:30:00-04:00,29.454999923706055,29.454999923706055,29.360000610351562,29.360000610351562,3416,0.0,0.0,0.0
2024-05-23 13:30:00-04:00,29.360000610351562,29.360000610351562,29.0,29.0,1662,0.0,0.0,0.0
2024-05-23 14:30:00-04:00,29.0,29.0,28.829999923706055,28.829999923706055,1319,0.0,0.0,0.0
2024-05-23 15:30:00-04:00,29.188600540161133,29.188600540161133,29.103900909423828,29.103900909423828,1232,0.0,0.0,0.0
2024-05-24 09:30:00-04:00,28.979999542236328,29.040000915527344,28.860000610351562,29.02989959716797,2581,0.0,0.0,0.0
2024-05-24 10:30:00-04:00,29.239999771118164,29.428199768066406,29.239999771118164,29.428199768066406,249,0.0,0.0,0.0
2024-05-24 11:30:00-04:00,29.389999389648438,29.530000686645508,29.389999389648438,29.530000686645508,391,0.0,0.0,0.0
2024-05-24 12:30:00-04:00,29.389999389648438,29.530000686645508,29.389999389648438,29.530000686645508,734,0.0,0.0,0.0
2024-05-24 13:30:00-04:00,29.709999084472656,29.940000534057617,29.700000762939453,29.940000534057617,428,0.0,0.0,0.0
2024-05-24 14:30:00-04:00,29.90999984741211,29.950000762939453,29.90999984741211,29.929000854492188,2776,0.0,0.0,0.0
2024-05-24 15:30:00-04:00,29.795000076293945,29.795000076293945,29.66010093688965,29.66010093688965,1858,0.0,0.0,0.0
2024-05-28 09:30:00-04:00,29.68000030517578,29.68000030517578,28.950000762939453,29.290000915527344,8538,0.0,0.0,0.0
2024-05-28 10:30:00-04:00,29.069299697875977,29.16860008239746,29.069299697875977,29.16860008239746,996,0.0,0.0,0.0
2024-05-28 11:30:00-04:00,29.166400909423828,29.43000030517578,29.166400909423828,29.389999389648438,2184,0.0,0.0,0.0
2024-05-28 12:30:00-04:00,29.161800384521484,29.170000076293945,29.161800384521484,29.170000076293945,2584,0.0,0.0,0.0
2024-05-28 13:30:00-04:00,29.209999084472656,29.299999237060547,29.09000015258789,29.21500015258789,915,0.0,0.0,0.0
2024-05-28 14:30:00-04:00,29.109899520874023,29.309999465942383,29.109899520874023,29.309999465942383,788,0.0,0.0,0.0
2024-05-28 15:30:00-04:00,29.31999969482422,29.329999923706055,29.290000915527344,29.329999923706055,820,0.0,0.0,0.0
2024-05-29 09:30:00-04:00,29.399999618530273,29.479999542236328,29.024999618530273,29.08139991760254,1807,0.0,0.0,0.0
2024-05-29 10:30:00-04:00,29.000099182128906,29.030000686645508,29.000099182128906,29.030000686645508,1110,0.0,0.0,0.0
2024-05-29 11:30:00-04:00,28.950000762939453,28.950000762939453,28.896799087524414,28.896799087524414,820,0.0,0.0,0.0
2024-05-29 12:30:00-04:00,29.010000228881836,29.049999237060547,28.90999984741211,28.90999984741211,4070,0.0,0.0,0.0
2024-05-29 13:30:00-04:00,28.989999771118164,28.989999771118164,28.844999313354492,28.844999313354492,861,0.0,0.0,0.0
2024-05-29 15:30:00-04:00,29.019899368286133,29.019899368286133,29.019899368286133,29.019899368286133,502,0.0,0.0,0.0
2024-05-30 09:30:00-04:00,29.43000030517578,29.489999771118164,29.43000030517578,29.465200424194336,1823,0.0,0.0,0.0
2024-05-30 10:30:00-04:00,29.489999771118164,29.5,29.170000076293945,29.2450008392334,5012,0.0,0.0,0.0
2024-05-30 11:30:00-04:00,29.260000228881836,29.459999084472656,29.260000228881836,29.459999084472656,1539,0.0,0.0,0.0
2024-05-30 12:30:00-04:00,29.399999618530273,29.479900360107422,29.399999618530273,29.479900360107422,2487,0.0,0.0,0.0
2024-05-30 13:30:00-04:00,29.811399459838867,29.811399459838867,29.600099563598633,29.600099563598633,1783,0.0,0.0,0.0
2024-05-30 14:30:00-04:00,29.600000381469727,29.600000381469727,29.600000381469727,29.600000381469727,280,0.0,0.0,0.0
2024-05-30 15:30:00-04:00,29.274999618530273,29.31999969482422,29.270000457763672,29.31999969482422,2539,0.0,0.0,0.0
2024-05-31 09:30:00-04:00,29.790000915527344,29.790000915527344,28.940000534057617,28.940000534057617,3496,0.0,0.0,0.0
2024-05-31 10:30:00-04:00,28.84000015258789,28.84000015258789,28.56999969482422,28.56999969482422,2217,0.0,0.0,0.0
2024-05-31 11:30:00-04:00,28.530000686645508,28.530000686645508,28.15999984741211,28.15999984741211,2283,0.0,0.0,0.0
2024-05-31 12:30:00-04:00,28.41699981689453,28.585599899291992,28.41010093688965,28.585599899291992,1557,0.0,0.0,0.0
2024-05-31 13:30:00-04:00,28.639999389648438,28.639999389648438,28.639999389648438,28.639999389648438,1734,0.0,0.0,0.0
2024-05-31 14:30:00-04:00,28.673200607299805,28.809999465942383,28.6299991607666,28.809999465942383,2620,0.0,0.0,0.0
2024-05-31 15:30:00-04:00,28.920000076293945,28.93000030517578,28.81999969482422,28.81999969482422,1360,0.0,0.0,0.0
2024-06-03 09:30:00-04:00,29.760000228881836,30.200000762939453,29.760000228881836,30.119300842285156,6811,0.0,0.0,0.0
2024-06-03 10:30:00-04:00,29.850000381469727,29.88990020751953,29.799999237060547,29.88990020751953,2044,0.0,0.0,0.0
2024-06-03 11:30:00-04:00,29.799999237060547,29.885799407958984,29.799999237060547,29.885799407958984,1483,0.0,0.0,0.0
2024-06-03 13:30:00-04:00,29.700000762939453,29.860000610351562,29.700000762939453,29.860000610351562,3747,0.0,0.0,0.0
2024-06-03 14:30:00-04:00,29.854999542236328,29.854999542236328,29.690000534057617,29.690000534057617,381,0.0,0.0,0.0
2024-06-03 15:30:00-04:00,29.641199111938477,29.641199111938477,29.641199111938477,29.641199111938477,440,0.0,0.0,0.0
2024-06-04 09:30:00-04:00,29.560100555419922,29.88990020751953,29.560100555419922,29.88990020751953,1559,0.0,0.0,0.0
2024-06-04 10:30:00-04:00,29.799999237060547,29.959999084472656,29.739999771118164,29.959999084472656,2697,0.0,0.0,0.0
2024-06-04 11:30:00-04:00,30.209999084472656,30.420000076293945,30.100000381469727,30.420000076293945,1434,0.0,0.0,0.0
2024-06-04 12:30:00-04:00,30.354999542236328,30.360000610351562,30.260000228881836,30.260000228881836,1221,0.0,0.0,0.0
2024-06-04 13:30:00-04:00,30.170000076293945,30.170000076293945,30.15999984741211,30.161300659179688,768,0.0,0.0,0.0
2024-06-04 14:30:00-04:00,30.389999389648438,30.43000030517578,30.239999771118164,30.239999771118164,2488,0.0,0.0,0.0
2024-06-04 15:30:00-04:00,30.15999984741211,30.25,30.049999237060547,30.25,3741,0.0,0.0,0.0
2024-06-05 09:30:00-04:00,30.469999313354492,30.549999237060547,30.260000228881836,30.260000228881836,7972,0.0,0.0,0.0
2024-06-05 10:30:00-04:00,30.489999771118164,30.640399932861328,30.46500015258789,30.640399932861328,3793,0.0,0.0,0.0
2024-06-05 11:30:00-04:00,30.719999313354492,30.878599166870117,30.719999313354492,30.878599166870117,2458,0.0,0.0,0.0
2024-06-05 12:30:00-04:00,30.867799758911133,30.899999618530273,30.809999465942383,30.81999969482422,3226,0.0,0.0,0.0
2024-06-05 13:30:00-04:00,30.639999389648438,30.809999465942383,30.639999389648438,30.739900588989258,2671,0.0,0.0,0.0
2024-06-05 14:30:00-04:00,30.600000381469727,30.600000381469727,30.489999771118164,30.489999771118164,1623,0.0,0.0,0.0
2024-06-06 09:30:00-04:00,30.920000076293945,30.920000076293945,30.510000228881836,30.510000228881836,1036,0.0,0.0,0.0
2024-06-06 10:30:00-04:00,30.65999984741211,30.65999984741211,30.60300064086914,30.60300064086914,2784,0.0,0.0,0.0
2024-06-06 13:30:00-04:00,30.6299991607666,30.6299991607666,30.399999618530273,30.399999618530273,918,0.0,0.0,0.0
2024-06-06 14:30:00-04:00,30.425199508666992,30.55500030517578,30.3799991607666,30.55500030517578,1823,0.0,0.0,0.0
2024-06-07 09:30:00-04:00,30.81999969482422,30.81999969482422,30.506500244140625,30.506500244140625,2841,0.0,0.0,0.0
2024-06-07 10:30:00-04:00,30.639999389648438,30.639999389648438,30.600000381469727,30.600000381469727,791,0.0,0.0,0.0
2024-06-07 11:30:00-04:00,30.309999465942383,30.56999969482422,30.309999465942383,30.44499969482422,3889,0.0,0.0,0.0
2024-06-07 12:30:00-04:00,30.3799991607666,30.3799991607666,30.309900283813477,30.309900283813477,877,0.0,0.0,0.0
2024-06-07 13:30:00-04:00,30.268999099731445,30.268999099731445,29.514999389648438,29.600000381469727,2796,0.0,0.0,0.0
2024-06-07 14:30:00-04:00,29.360000610351562,29.360000610351562,29.360000610351562,29.360000610351562,642,0.0,0.0,0.0
2024-06-07 15:30:00-04:00,29.540000915527344,29.719999313354492,29.540000915527344,29.719999313354492,1945,0.0,0.0,0.0
2024-06-10 09:30:00-04:00,29.25,29.759899139404297,29.25,29.759899139404297,0,0.0,0.0,0.0
2024-06-10 10:30:00-04:00,29.650100708007812,29.895000457763672,29.650100708007812,29.895000457763672,1827,0.0,0.0,0.0
2024-06-10 11:30:00-04:00,29.889999389648438,29.959299087524414,29.88559913635254,29.88559913635254,2794,0.0,0.0,0.0
2024-06-10 12:30:00-04:00,29.979999542236328,29.979999542236328,29.780000686645508,29.850000381469727,512,0.0,0.0,0.0
2024-06-10 13:30:00-04:00,29.800100326538086,29.975000381469727,29.800100326538086,29.975000381469727,1372,0.0,0.0,0.0
2024-06-10 14:30:00-04:00,29.790000915527344,29.790000915527344,29.790000915527344,29.790000915527344,415,0.0,0.0,0.0
2024-06-10 15:30:00-04:00,29.760000228881836,29.829999923706055,29.65999984741211,29.65999984741211,3284,0.0,0.0,0.0
2024-06-11 09:30:00-04:00,28.6200008392334,28.65999984741211,28.614999771118164,28.614999771118164,2026,0.0,0.0,0.0
2024-06-11 10:30:00-04:00,28.65999984741211,28.75,28.600000381469727,28.75,2347,0.0,0.0,0.0
2024-06-11 11:30:00-04:00,28.44499969482422,28.44499969482422,28.149999618530273,28.149999618530273,3773,0.0,0.0,0.0
2024-06-11 12:30:00-04:00,28.395000457763672,28.395000457763672,28.259899139404297,28.259899139404297,934,0.0,0.0,0.0
2024-06-11 13:30:00-04:00,28.415000915527344,28.600000381469727,28.415000915527344,28.600000381469727,797,0.0,0.0,0.0
2024-06-11 14:30:00-04:00,28.540000915527344,28.600000381469727,28.510000228881836,28.541000366210938,13518,0.0,0.0,0.0
2024-06-11 15:30:00-04:00,28.729999542236328,28.729999542236328,28.649999618530273,28.649999618530273,634,0.0,0.0,0.0
2024-06-12 09:30:00-04:00,29.739999771118164,29.739999771118164,29.739999771118164,29.739999771118164,1492,0.0,0.0,0.0
2024-06-12 10:30:00-04:00,29.78190040588379,29.799999237060547,29.78190040588379,29.799999237060547,2144,0.0,0.0,0.0
2024-06-12 11:30:00-04:00,29.8700008392334,29.90999984741211,29.8700008392334,29.899900436401367,3234,0.0,0.0,0.0
2024-06-12 12:30:00-04:00,29.729999542236328,29.729999542236328,29.729900360107422,29.729900360107422,1551,0.0,0.0,0.0
2024-06-12 13:30:00-04:00,29.850000381469727,29.850000381469727,29.600000381469727,29.649999618530273,1789,0.0,0.0,0.0
2024-06-12 14:30:00-04:00,29.549999237060547,29.699899673461914,29.549999237060547,29.699899673461914,1015,0.0,0.0,0.0
2024-06-12 15:30:00-04:00,28.725900650024414,28.739999771118164,28.700000762939453,28.739999771118164,808,0.0,0.0,0.0
2024-06-13 09:30:00-04:00,28.90999984741211,28.94499969482422,28.670000076293945,28.78499984741211,2376,0.0,0.0,0.0
2024-06-13 10:30:00-04:00,28.809999465942383,28.83989906311035,28.690000534057617,28.690000534057617,1420,0.0,0.0,0.0
2024-06-13 11:30:00-04:00,28.21500015258789,28.21500015258789,28.21500015258789,28.21500015258789,528,0.0,0.0,0.0
2024-06-13 12:30:00-04:00,28.370899200439453,28.510099411010742,28.329999923706055,28.510099411010742,2689,0.0,0.0,0.0
2024-06-13 13:30:00-04:00,28.3799991607666,28.459999084472656,28.3799991607666,28.459999084472656,1003,0.0,0.0,0.0
2024-06-13 14:30:00-04:00,28.479999542236328,28.479999542236328,28.479999542236328,28.479999542236328,340,0.0,0.0,0.0
2024-06-13 15:30:00-04:00,28.389999389648438,28.389999389648438,28.360000610351562,28.389999389648438,1162,0.0,0.0,0.0
2024-06-14 09:30:00-04:00,28.610000610351562,28.610000610351562,28.559999465942383,28.559999465942383,488,0.0,0.0,0.0
2024-06-14 10:30:00-04:00,28.429899215698242,28.429899215698242,28.429899215698242,28.429899215698242,583,0.0,0.0,0.0
2024-06-14 11:30:00-04:00,28.559999465942383,28.559999465942383,28.200000762939453,28.200000762939453,2349,0.0,0.0,0.0
2024-06-14 12:30:00-04:00,27.769800186157227,27.84000015258789,27.700000762939453,27.84000015258789,857,0.0,0.0,0.0
2024-06-14 13:30:00-04:00,27.81999969482422,27.820100784301758,27.590099334716797,27.739999771118164,14149,0.0,0.0,0.0
2024-06-14 14:30:00-04:00,27.760000228881836,27.84000015258789,27.760000228881836,27.84000015258789,1116,0.0,0.0,0.0
2024-06-14 15:30:00-04:00,27.850000381469727,27.860000610351562,27.850000381469727,27.860000610351562,554,0.0,0.0,0.0
2024-06-17 09:30:00-04:00,27.860000610351562,27.940000534057617,27.809999465942383,27.829999923706055,7511,0.0,0.0,0.0
2024-06-17 10:30:00-04:00,27.999900817871094,27.999900817871094,27.899999618530273,27.899999618530273,1157,0.0,0.0,0.0
2024-06-17 11:30:00-04:00,27.8700008392334,27.940000534057617,27.84000015258789,27.920000076293945,784,0.0,0.0,0.0
2024-06-17 12:30:00-04:00,27.969999313354492,28.188199996948242,27.969999313354492,28.06100082397461,1316,0.0,0.0,0.0
2024-06-17 13:30:00-04:00,28.274999618530273,28.53569984436035,28.274999618530273,28.53569984436035,531,0.0,0.0,0.0
2024-06-17 14:30:00-04:00,28.520099639892578,28.520099639892578,28.440000534057617,28.440000534057617,778,0.0,0.0,0.0
2024-06-17 15:30:00-04:00,28.34000015258789,28.34000015258789,28.34000015258789,28.34000015258789,308,0.0,0.0,0.0
2024-06-18 09:30:00-04:00,27.93000030517578,27.93000030517578,27.34000015258789,27.690000534057617,11537,0.0,0.0,0.0
2024-06-18 10:30:00-04:00,27.699899673461914,27.700000762939453,27.33009910583496,27.3700008392334,3177,0.0,0.0,0.0
2024-06-18 11:30:00-04:00,27.40999984741211,27.40999984741211,27.40999984741211,27.40999984741211,646,0.0,0.0,0.0
2024-06-18 12:30:00-04:00,27.3700008392334,27.450000762939453,27.3700008392334,27.450000762939453,1230,0.0,0.0,0.0
2024-06-18 13:30:00-04:00,27.440000534057617,27.440000534057617,27.440000534057617,27.440000534057617,185,0.0,0.0,0.0
2024-06-18 14:30:00-04:00,27.489999771118164,27.489999771118164,27.329999923706055,27.344999313354492,1725,0.0,0.0,0.0
2024-06-18 15:30:00-04:00,27.25,27.25,27.25,27.25,196,0.0,0.0,0.0
2024-06-20 09:30:00-04:00,27.469999313354492,27.780000686645508,27.40049934387207,27.40049934387207,3669,0.0,0.0,0.0
2024-06-20 10:30:00-04:00,27.46470069885254,27.46470069885254,27.451099395751953,27.451099395751953,330,0.0,0.0,0.0
2024-06-20 11:30:00-04:00,27.59000015258789,27.59000015258789,27.59000015258789,27.59000015258789,627,0.0,0.0,0.0
2024-06-20 12:30:00-04:00,27.520000457763672,27.520000457763672,27.520000457763672,27.520000457763672,261,0.0,0.0,0.0
2024-06-20 13:30:00-04:00,27.520000457763672,27.579999923706055,27.520000457763672,27.57990074157715,925,0.0,0.0,0.0
2024-06-20 14:30:00-04:00,27.540000915527344,27.544700622558594,27.540000915527344,27.544700622558594,768,0.0,0.0,0.0
2024-06-21 09:30:00-04:00,27.239999771118164,27.239999771118164,26.81999969482422,26.979999542236328,4120,0.0,0.0,0.0
2024-06-21 10:30:00-04:00,27.124500274658203,27.190000534057617,27.124500274658203,27.190000534057617,943,0.0,0.0,0.0
2024-06-21 11:30:00-04:00,26.8799991607666,26.979999542236328,26.8799991607666,26.979999542236328,1179,0.0,0.0,0.0
2024-06-21 13:30:00-04:00,26.960800170898438,27.000999450683594,26.960800170898438,27.000999450683594,263,0.0,0.0,0.0
2024-06-21 14:30:00-04:00,27.149900436401367,27.149900436401367,27.149900436401367,27.149900436401367,846,0.0,0.0,0.0
2024-06-24 09:30:00-04:00,26.25,26.280000686645508,26.010000228881836,26.08989906311035,6434,0.0,0.0,0.0
2024-06-24 10:30:00-04:00,26.048799514770508,26.048799514770508,25.840099334716797,25.999900817871094,4262,0.0,0.0,0.0
2024-06-24 11:30:00-04:00,25.71739959716797,25.75,25.700000762939453,25.700000762939453,1150,0.0,0.0,0.0
2024-06-24 12:30:00-04:00,25.700000762939453,25.70599937438965,25.400100708007812,25.639999389648438,8609,0.0,0.0,0.0
2024-06-24 13:30:00-04:00,25.399999618530273,25.559999465942383,25.3700008392334,25.3700008392334,17325,0.0,0.0,0.0
2024-06-24 14:30:00-04:00,25.390100479125977,25.530000686645508,25.390100479125977,25.395999908447266,8188,0.0,0.0,0.0
2024-06-24 15:30:00-04:00,25.399999618530273,25.449899673461914,24.93000030517578,25.09000015258789,16870,0.0,0.0,0.0
2024-06-25 09:30:00-04:00,25.559999465942383,26.020000457763672,25.559999465942383,26.020000457763672,2123,0.0,0.0,0.0
2024-06-25 10:30:00-04:00,26.116199493408203,26.139999389648438,25.875,25.875,4394,0.0,0.0,0.0
2024-06-25 11:30:00-04:00,26.1299991607666,26.1299991607666,26.040000915527344,26.040000915527344,849,0.0,0.0,0.0
2024-06-25 12:30:00-04:00,25.950000762939453,25.95490074157715,25.940000534057617,25.95490074157715,859,0.0,0.0,0.0
2024-06-25 13:30:00-04:00,25.8799991607666,25.8799991607666,25.8799991607666,25.8799991607666,415,0.0,0.0,0.0
2024-06-25 14:30:00-04:00,26.190000534057617,26.190000534057617,26.190000534057617,26.190000534057617,195,0.0,0.0,0.0
2024-06-26 09:30:00-04:00,26.030099868774414,26.030099868774414,25.950000762939453,26.02989959716797,2994,0.0,0.0,0.0
2024-06-26 10:30:00-04:00,26.079999923706055,26.079999923706055,26.079999923706055,26.079999923706055,915,0.0,0.0,0.0
2024-06-26 12:30:00-04:00,25.719999313354492,25.850000381469727,25.719999313354492,25.719999313354492,995,0.0,0.0,0.0
2024-06-26 13:30:00-04:00,25.700000762939453,25.70800018310547,25.68000030517578,25.680099487304688,2175,0.0,0.0,0.0
2024-06-26 15:30:00-04:00,25.579999923706055,25.600000381469727,25.579999923706055,25.600000381469727,499,0.0,0.0,0.0
2024-06-27 09:30:00-04:00,26.079999923706055,26.280000686645508,25.969999313354492,26.260000228881836,2831,0.0,0.0,0.0
2024-06-27 10:30:00-04:00,26.190000534057617,26.190000534057617,26.01740074157715,26.01740074157715,1058,0.0,0.0,0.0
2024-06-27 11:30:00-04:00,25.90999984741211,25.90999984741211,25.90999984741211,25.90999984741211,837,0.0,0.0,0.0
2024-06-27 12:30:00-04:00,25.969999313354492,25.969999313354492,25.969999313354492,25.969999313354492,184,0.0,0.0,0.0
2024-06-27 13:30:00-04:00,26.064899444580078,26.064899444580078,26.064899444580078,26.064899444580078,2013,0.0,0.0,0.0
2024-06-27 15:30:00-04:00,25.81999969482422,25.81999969482422,25.81999969482422,25.81999969482422,758,0.0,0.0,0.0
2024-06-28 09:30:00-04:00,25.915000915527344,26.100000381469727,25.8700008392334,25.8700008392334,6006,0.0,0.0,0.0
2024-06-28 10:30:00-04:00,25.68000030517578,25.68000030517578,25.68000030517578,25.68000030517578,545,0.0,0.0,0.0
2024-06-28 12:30:00-04:00,25.565000534057617,25.659900665283203,25.565000534057617,25.659900665283203,466,0.0,0.0,0.0
2024-06-28 13:30:00-04:00,25.58989906311035,25.58989906311035,25.58989906311035,25.58989906311035,933,0.0,0.0,0.0
2024-06-28 14:30:00-04:00,25.507999420166016,25.507999420166016,25.507999420166016,25.507999420166016,252,0.0,0.0,0.0
2024-06-28 15:30:00-04:00,25.40999984741211,25.40999984741211,25.40999984741211,25.40999984741211,502,0.0,0.0,0.0
2024-07-01 09:30:00-04:00,26.1200008392334,26.389999389648438,26.1200008392334,26.379899978637695,5173,0.0,0.0,0.0
2024-07-01 10:30:00-04:00,26.420000076293945,26.520000457763672,26.420000076293945,26.5,3528,0.0,0.0,0.0
2024-07-01 11:30:00-04:00,26.489999771118164,26.609899520874023,26.489999771118164,26.55459976196289,861,0.0,0.0,0.0
2024-07-01 12:30:00-04:00,26.59000015258789,26.59000015258789,26.54210090637207,26.55500030517578,1118,0.0,0.0,0.0
2024-07-01 13:30:00-04:00,26.690000534057617,26.899999618530273,26.690000534057617,26.850000381469727,4664,0.0,0.0,0.0
2024-07-01 14:30:00-04:00,26.809999465942383,26.850000381469727,26.65999984741211,26.700000762939453,3104,0.0,0.0,0.0
2024-07-01 15:30:00-04:00,26.6299991607666,26.700000762939453,26.6299991607666,26.700000762939453,1597,0.0,0.0,0.0
2024-07-02 09:30:00-04:00,27.06999969482422,27.06999969482422,26.239999771118164,26.239999771118164,7956,0.0,0.0,0.0
2024-07-02 10:30:00-04:00,26.100000381469727,26.17340087890625,26.100000381469727,26.17340087890625,1605,0.0,0.0,0.0
2024-07-02 11:30:00-04:00,26.049999237060547,26.049999237060547,25.940000534057617,25.940000534057617,2480,0.0,0.0,0.0
2024-07-02 12:30:00-04:00,25.99519920349121,26.06999969482422,25.99519920349121,26.04490089416504,1113,0.0,0.0,0.0
2024-07-02 13:30:00-04:00,26.1200008392334,26.25,26.1200008392334,26.25,491,0.0,0.0,0.0
2024-07-02 14:30:00-04:00,26.3799991607666,26.3799991607666,26.3799991607666,26.3799991607666,208,0.0,0.0,0.0
2024-07-02 15:30:00-04:00,26.1200008392334,26.209999084472656,26.1200008392334,26.209999084472656,1105,0.0,0.0,0.0
2024-07-03 09:30:00-04:00,25.670000076293945,25.670000076293945,25.421199798583984,25.442800521850586,3541,0.0,0.0,0.0
2024-07-03 10:30:00-04:00,25.420000076293945,25.420000076293945,25.299999237060547,25.299999237060547,1009,0.0,0.0,0.0
2024-07-03 11:30:00-04:00,25.300100326538086,25.300100326538086,25.299999237060547,25.299999237060547,815,0.0,0.0,0.0
2024-07-05 09:30:00-04:00,23.690000534057617,23.81999969482422,23.299999237060547,23.327600479125977,19388,0.0,0.0,0.0
2024-07-05 10:30:00-04:00,23.43000030517578,23.860000610351562,23.43000030517578,23.860000610351562,1840,0.0,0.0,0.0
2024-07-05 11:30:00-04:00,23.860000610351562,23.999900817871094,23.829999923706055,23.950000762939453,5341,0.0,0.0,0.0
2024-07-05 12:30:00-04:00,23.809999465942383,23.985000610351562,23.790000915527344,23.985000610351562,2922,0.0,0.0,0.0
2024-07-05 13:30:00-04:00,23.979900360107422,23.985000610351562,23.889999389648438,23.889999389648438,2394,0.0,0.0,0.0
2024-07-05 14:30:00-04:00,23.920000076293945,23.963199615478516,23.889999389648438,23.963199615478516,2278,0.0,0.0,0.0
2024-07-05 15:30:00-04:00,23.920000076293945,23.969999313354492,23.834999084472656,23.889999389648438,2076,0.0,0.0,0.0
2024-07-08 09:30:00-04:00,23.84000015258789,24.229999542236328,23.84000015258789,23.84000015258789,10538,0.0,0.0,0.0
2024-07-08 10:30:00-04:00,23.73419952392578,23.75,23.570100784301758,23.75,1122,0.0,0.0,0.0
2024-07-08 11:30:00-04:00,23.700000762939453,23.780000686645508,23.459999084472656,23.459999084472656,6004,0.0,0.0,0.0
2024-07-08 13:30:00-04:00,23.76810073852539,23.809999465942383,23.76810073852539,23.809999465942383,1317,0.0,0.0,0.0
2024-07-08 14:30:00-04:00,23.799999237060547,23.799999237060547,23.68000030517578,23.739999771118164,839,0.0,0.0,0.0
2024-07-08 15:30:00-04:00,23.809999465942383,23.809999465942383,23.739999771118164,23.780000686645508,6010,0.0,0.0,0.0
2024-07-09 09:30:00-04:00,24.020099639892578,24.299999237060547,24.0,24.299999237060547,2748,0.0,0.0,0.0
2024-07-09 10:30:00-04:00,24.25,24.25,23.989999771118164,24.114999771118164,1212,0.0,0.0,0.0
2024-07-09 11:30:00-04:00,24.20989990234375,24.20989990234375,24.20989990234375,24.20989990234375,419,0.0,0.0,0.0
2024-07-09 12:30:00-04:00,24.33989906311035,24.33989906311035,24.2450008392334,24.2450008392334,2041,0.0,0.0,0.0
2024-07-09 13:30:00-04:00,24.231800079345703,24.375,24.231800079345703,24.375,549,0.0,0.0,0.0
2024-07-09 14:30:00-04:00,24.5,24.5,24.34600067138672,24.34600067138672,1158,0.0,0.0,0.0
2024-07-09 15:30:00-04:00,24.320100784301758,24.320100784301758,24.270000457763672,24.270000457763672,1344,0.0,0.0,0.0
2024-07-10 09:30:00-04:00,24.553300857543945,24.553300857543945,24.37969970703125,24.389999389648438,3567,0.0,0.0,0.0
2024-07-10 10:30:00-04:00,24.374799728393555,24.459999084472656,24.25,24.310100555419922,2131,0.0,0.0,0.0
2024-07-10 11:30:00-04:00,24.41670036315918,24.469999313354492,24.41670036315918,24.469999313354492,943,0.0,0.0,0.0
2024-07-10 12:30:00-04:00,24.328699111938477,24.328699111938477,24.328699111938477,24.328699111938477,102,0.0,0.0,0.0
2024-07-10 13:30:00-04:00,24.332500457763672,24.332500457763672,24.32349967956543,24.32349967956543,2084,0.0,0.0,0.0
2024-07-10 15:30:00-04:00,24.329999923706055,24.329999923706055,24.229999542236328,24.229999542236328,510,0.0,0.0,0.0
2024-07-11 09:30:00-04:00,25.079999923706055,25.079999923706055,24.350000381469727,24.350000381469727,3475,0.0,0.0,0.0
2024-07-11 10:30:00-04:00,24.258499145507812,24.258499145507812,24.258499145507812,24.258499145507812,710,0.0,0.0,0.0
2024-07-11 11:30:00-04:00,24.259899139404297,24.259899139404297,24.059999465942383,24.150800704956055,950,0.0,0.0,0.0
2024-07-11 12:30:00-04:00,24.149999618530273,24.329999923706055,24.149999618530273,24.329999923706055,4020,0.0,0.0,0.0
2024-07-11 13:30:00-04:00,24.31999969482422,24.31999969482422,24.274999618530273,24.274999618530273,1048,0.0,0.0,0.0
2024-07-11 14:30:00-04:00,24.200000762939453,24.200000762939453,24.200000762939453,24.200000762939453,309,0.0,0.0,0.0
2024-07-11 15:30:00-04:00,24.059999465942383,24.139999389648438,24.059999465942383,24.139999389648438,4314,0.0,0.0,0.0
2024-07-12 09:30:00-04:00,24.40999984741211,24.40999984741211,24.110000610351562,24.18000030517578,4309,0.0,0.0,0.0
2024-07-12 10:30:00-04:00,24.329999923706055,24.329999923706055,24.329999923706055,24.329999923706055,1114,0.0,0.0,0.0
2024-07-12 11:30:00-04:00,24.479999542236328,24.549999237060547,24.479999542236328,24.549999237060547,377,0.0,0.0,0.0
2024-07-12 12:30:00-04:00,24.649999618530273,24.698999404907227,24.610000610351562,24.698999404907227,842,0.0,0.0,0.0
2024-07-12 13:30:00-04:00,24.625,24.625,24.625,24.625,669,0.0,0.0,0.0
2024-07-12 14:30:00-04:00,24.700000762939453,24.700000762939453,24.549999237060547,24.549999237060547,352,0.0,0.0,0.0
2024-07-12 15:30:00-04:00,24.540000915527344,24.540000915527344,24.350000381469727,24.399999618530273,1850,0.0,0.0,0.0
2024-07-15 09:30:00-04:00,25.709999084472656,26.610000610351562,25.700000762939453,26.399999618530273,6678,0.0,0.0,0.0
2024-07-15 10:30:00-04:00,26.55900001525879,26.71809959411621,26.549999237060547,26.59000015258789,2053,0.0,0.0,0.0
2024-07-15 11:30:00-04:00,26.678699493408203,26.678699493408203,26.56800079345703,26.649999618530273,3826,0.0,0.0,0.0
2024-07-15 12:30:00-04:00,26.673799514770508,26.854999542236328,26.673799514770508,26.854999542236328,1524,0.0,0.0,0.0
2024-07-15 13:30:00-04:00,26.723499298095703,26.75,26.723499298095703,26.735599517822266,1389,0.0,0.0,0.0
2024-07-15 14:30:00-04:00,26.858999252319336,26.8700008392334,26.858999252319336,26.860000610351562,613,0.0,0.0,0.0
2024-07-15 15:30:00-04:00,26.860000610351562,26.860000610351562,26.719999313354492,26.719999313354492,2178,0.0,0.0,0.0
2024-07-16 09:30:00-04:00,27.139999389648438,27.139999389648438,26.600000381469727,26.950000762939453,6738,0.0,0.0,0.0
2024-07-16 10:30:00-04:00,26.90999984741211,27.030099868774414,26.799999237060547,27.030099868774414,3909,0.0,0.0,0.0
2024-07-16 11:30:00-04:00,27.170000076293945,27.545900344848633,27.170000076293945,27.20439910888672,3481,0.0,0.0,0.0
2024-07-16 13:30:00-04:00,27.139999389648438,27.299999237060547,27.139999389648438,27.290000915527344,1349,0.0,0.0,0.0
2024-07-16 14:30:00-04:00,27.405000686645508,27.405000686645508,27.405000686645508,27.405000686645508,267,0.0,0.0,0.0
2024-07-16 15:30:00-04:00,27.59000015258789,27.59000015258789,27.40999984741211,27.43000030517578,1879,0.0,0.0,0.0
2024-07-17 09:30:00-04:00,27.31999969482422,27.31999969482422,27.1200008392334,27.1200008392334,1042,0.0,0.0,0.0
2024-07-17 10:30:00-04:00,27.30500030517578,27.399999618530273,27.30500030517578,27.399999618530273,887,0.0,0.0,0.0
2024-07-17 11:30:00-04:00,27.399999618530273,27.399999618530273,27.100000381469727,27.100000381469727,951,0.0,0.0,0.0
2024-07-17 12:30:00-04:00,27.0,27.0,26.7273006439209,26.780000686645508,1445,0.0,0.0,0.0
2024-07-17 13:30:00-04:00,26.90999984741211,26.90999984741211,26.809999465942383,26.809999465942383,1173,0.0,0.0,0.0
2024-07-17 15:30:00-04:00,27.100000381469727,27.100000381469727,27.100000381469727,27.100000381469727,547,0.0,0.0,0.0
2024-07-18 09:30:00-04:00,27.399999618530273,27.399999618530273,27.010000228881836,27.010000228881836,1447,0.0,0.0,0.0
2024-07-18 10:30:00-04:00,26.979999542236328,26.979999542236328,26.469999313354492,26.469999313354492,3934,0.0,0.0,0.0
2024-07-18 11:30:00-04:00,26.549999237060547,26.649999618530273,26.450000762939453,26.540000915527344,4563,0.0,0.0,0.0
2024-07-18 12:30:00-04:00,26.655000686645508,26.655000686645508,26.655000686645508,26.655000686645508,346,0.0,0.0,0.0
2024-07-18 13:30:00-04:00,26.579999923706055,26.579999923706055,26.5,26.5,1376,0.0,0.0,0.0
2024-07-18 14:30:00-04:00,26.450000762939453,26.450000762939453,26.34000015258789,26.34000015258789,1108,0.0,0.0,0.0
2024-07-19 09:30:00-04:00,27.06999969482422,27.479000091552734,27.06999969482422,27.479000091552734,1576,0.0,0.0,0.0
2024-07-19 10:30:00-04:00,27.45599937438965,27.45599937438965,27.329999923706055,27.399999618530273,828,0.0,0.0,0.0
2024-07-19 11:30:00-04:00,27.440000534057617,27.707199096679688,27.440000534057617,27.707199096679688,2651,0.0,0.0,0.0
2024-07-19 12:30:00-04:00,27.73419952392578,27.748199462890625,27.6299991607666,27.6299991607666,1489,0.0,0.0,0.0
2024-07-19 13:30:00-04:00,27.704999923706055,27.75,27.700000762939453,27.75,1587,0.0,0.0,0.0
2024-07-19 14:30:00-04:00,27.764400482177734,28.050100326538086,27.764400482177734,28.050100326538086,3270,0.0,0.0,0.0
2024-07-19 15:30:00-04:00,28.209999084472656,28.209999084472656,27.959999084472656,28.030000686645508,2416,0.0,0.0,0.0
2024-07-22 09:30:00-04:00,27.860000610351562,28.59000015258789,27.84000015258789,27.84000015258789,4584,0.0,0.0,0.0
2024-07-22 10:30:00-04:00,27.844999313354492,27.969900131225586,27.780000686645508,27.780000686645508,1178,0.0,0.0,0.0
2024-07-22 11:30:00-04:00,27.917200088500977,28.040000915527344,27.917200088500977,28.00200080871582,13409,0.0,0.0,0.0
2024-07-22 13:30:00-04:00,28.20989990234375,28.20989990234375,28.170000076293945,28.170000076293945,828,0.0,0.0,0.0
2024-07-22 14:30:00-04:00,28.250099182128906,28.350000381469727,28.250099182128906,28.350000381469727,479,0.0,0.0,0.0
2024-07-22 15:30:00-04:00,28.479999542236328,28.479999542236328,28.469999313354492,28.469999313354492,533,0.0,0.0,0.0
2024-07-23 09:30:00-04:00,28.100000381469727,28.100000381469727,27.670000076293945,27.670000076293945,3975,0.0,0.0,0.0
2024-07-23 10:30:00-04:00,28.100000381469727,28.100000381469727,27.990999221801758,27.990999221801758,1209,0.0,0.0,0.0
2024-07-23 11:30:00-04:00,27.989999771118164,27.989999771118164,27.989999771118164,27.989999771118164,647,0.0,0.0,0.0
2024-07-23 12:30:00-04:00,27.674999237060547,27.69700050354004,27.674999237060547,27.69700050354004,409,0.0,0.0,0.0
2024-07-23 13:30:00-04:00,27.520000457763672,27.600099563598633,27.520000457763672,27.600099563598633,1013,0.0,0.0,0.0
2024-07-23 14:30:00-04:00,27.627899169921875,27.627899169921875,27.627899169921875,27.627899169921875,1275,0.0,0.0,0.0
2024-07-23 15:30:00-04:00,27.57990074157715,27.57990074157715,27.56999969482422,27.56999969482422,329,0.0,0.0,0.0
2024-07-24 09:30:00-04:00,27.6299991607666,27.969999313354492,27.6299991607666,27.690000534057617,2543,0.0,0.0,0.0
2024-07-24 10:30:00-04:00,28.0,28.0,27.719999313354492,27.719999313354492,3336,0.0,0.0,0.0
2024-07-24 11:30:00-04:00,27.65999984741211,27.65999984741211,27.565000534057617,27.565000534057617,646,0.0,0.0,0.0
2024-07-24 12:30:00-04:00,27.56999969482422,27.56999969482422,27.440099716186523,27.479999542236328,1265,0.0,0.0,0.0
2024-07-24 13:30:00-04:00,27.5,27.5,27.420000076293945,27.420000076293945,2011,0.0,0.0,0.0
2024-07-24 14:30:00-04:00,27.145000457763672,27.200000762939453,27.145000457763672,27.200000762939453,989,0.0,0.0,0.0
2024-07-24 15:30:00-04:00,27.34000015258789,27.34000015258789,27.34000015258789,27.34000015258789,1022,0.0,0.0,0.0
2024-07-25 09:30:00-04:00,26.809999465942383,26.809999465942383,25.891700744628906,26.299999237060547,5271,0.0,0.0,0.0
2024-07-25 10:30:00-04:00,26.43000030517578,26.704999923706055,26.270099639892578,26.704999923706055,5022,0.0,0.0,0.0
2024-07-25 11:30:00-04:00,26.592599868774414,26.780000686645508,26.592599868774414,26.780000686645508,2411,0.0,0.0,0.0
2024-07-25 12:30:00-04:00,26.860000610351562,26.90999984741211,26.860000610351562,26.90999984741211,649,0.0,0.0,0.0
2024-07-25 13:30:00-04:00,26.834999084472656,26.950000762939453,26.834999084472656,26.950000762939453,434,0.0,0.0,0.0
2024-07-25 14:30:00-04:00,26.52829933166504,26.52829933166504,26.52829933166504,26.52829933166504,147,0.0,0.0,0.0
2024-07-25 15:30:00-04:00,26.737499237060547,26.737499237060547,26.56999969482422,26.649999618530273,2229,0.0,0.0,0.0
2024-07-26 09:30:00-04:00,26.389999389648438,27.219999313354492,26.389999389648438,26.84000015258789,5979,0.0,0.0,0.0
2024-07-26 10:30:00-04:00,26.549699783325195,26.920000076293945,26.549699783325195,26.920000076293945,5193,0.0,0.0,0.0
2024-07-26 11:30:00-04:00,26.899999618530273,26.949899673461914,26.81999969482422,26.949899673461914,2693,0.0,0.0,0.0
2024-07-26 12:30:00-04:00,27.049999237060547,27.049999237060547,27.049999237060547,27.049999237060547,1291,0.0,0.0,0.0
2024-07-26 13:30:00-04:00,26.899999618530273,26.899999618530273,26.860000610351562,26.87350082397461,1380,0.0,0.0,0.0
2024-07-26 14:30:00-04:00,26.979999542236328,26.979999542236328,26.979999542236328,26.979999542236328,135,0.0,0.0,0.0
2024-07-26 15:30:00-04:00,27.110000610351562,27.110000610351562,27.030000686645508,27.030000686645508,2054,0.0,0.0,0.0
2024-07-29 09:30:00-04:00,28.079999923706055,28.079999923706055,27.559999465942383,27.559999465942383,8228,0.0,0.0,0.0
2024-07-29 10:30:00-04:00,27.5,27.5,27.04010009765625,27.04010009765625,3698,0.0,0.0,0.0
2024-07-29 11:30:00-04:00,27.075000762939453,27.219999313354492,26.850000381469727,26.850000381469727,1673,0.0,0.0,0.0
2024-07-29 12:30:00-04:00,26.899999618530273,26.929899215698242,26.6299991607666,26.829999923706055,2370,0.0,0.0,0.0
2024-07-29 13:30:00-04:00,26.770000457763672,26.969999313354492,26.770000457763672,26.969999313354492,1002,0.0,0.0,0.0
2024-07-29 14:30:00-04:00,26.939899444580078,26.939899444580078,26.939899444580078,26.939899444580078,141,0.0,0.0,0.0
2024-07-29 15:30:00-04:00,27.08989906311035,27.08989906311035,27.07990074157715,27.07990074157715,1425,0.0,0.0,0.0
2024-07-30 09:30:00-04:00,26.700000762939453,26.75,26.47010040283203,26.600000381469727,3004,0.0,0.0,0.0
2024-07-30 10:30:00-04:00,26.329999923706055,26.360000610351562,26.149999618530273,26.290000915527344,3504,0.0,0.0,0.0
2024-07-30 11:30:00-04:00,26.350000381469727,26.399999618530273,26.329999923706055,26.329999923706055,3292,0.0,0.0,0.0
2024-07-30 12:30:00-04:00,26.329999923706055,26.459999084472656,26.079999923706055,26.079999923706055,3001,0.0,0.0,0.0
2024-07-30 13:30:00-04:00,26.079999923706055,26.139999389648438,26.03499984741211,26.079999923706055,985,0.0,0.0,0.0
2024-07-30 14:30:00-04:00,26.149999618530273,26.149999618530273,26.06999969482422,26.06999969482422,1257,0.0,0.0,0.0
2024-07-30 15:30:00-04:00,26.149999618530273,26.200000762939453,26.149999618530273,26.200000762939453,2286,0.0,0.0,0.0
2024-07-31 09:30:00-04:00,26.1200008392334,27.049999237060547,26.1200008392334,26.649999618530273,4728,0.0,0.0,0.0
2024-07-31 10:30:00-04:00,26.450000762939453,26.700000762939453,26.450000762939453,26.469999313354492,5083,0.0,0.0,0.0
2024-07-31 11:30:00-04:00,26.625,26.81999969482422,26.625,26.81999969482422,817,0.0,0.0,0.0
2024-07-31 12:30:00-04:00,26.6737003326416,26.6737003326416,26.550100326538086,26.550100326538086,1426,0.0,0.0,0.0
2024-07-31 14:30:00-04:00,26.549999237060547,26.549999237060547,26.510000228881836,26.510000228881836,1106,0.0,0.0,0.0
2024-08-01 09:30:00-04:00,26.1299991607666,26.1299991607666,25.799999237060547,25.799999237060547,7946,0.0,0.0,0.0
2024-08-01 10:30:00-04:00,25.784000396728516,25.784000396728516,25.5,25.5,1780,0.0,0.0,0.0
2024-08-01 11:30:00-04:00,25.150999069213867,25.270000457763672,25.1200008392334,25.270000457763672,1906,0.0,0.0,0.0
2024-08-01 12:30:00-04:00,25.224000930786133,25.239999771118164,25.224000930786133,25.239999771118164,1072,0.0,0.0,0.0
2024-08-01 13:30:00-04:00,25.059999465942383,25.293500900268555,24.8799991607666,25.26140022277832,3429,0.0,0.0,0.0
2024-08-01 14:30:00-04:00,25.260000228881836,25.309900283813477,25.209999084472656,25.309900283813477,2466,0.0,0.0,0.0
2024-08-01 15:30:00-04:00,25.440000534057617,25.489999771118164,25.440000534057617,25.479999542236328,684,0.0,0.0,0.0
2024-08-02 09:30:00-04:00,25.75,26.020000457763672,25.540000915527344,25.639999389648438,7324,0.0,0.0,0.0
2024-08-02 10:30:00-04:00,25.769899368286133,25.769899368286133,24.8700008392334,24.8700008392334,3457,0.0,0.0,0.0
2024-08-02 11:30:00-04:00,24.975000381469727,25.06999969482422,24.975000381469727,25.030000686645508,2958,0.0,0.0,0.0
2024-08-02 13:30:00-04:00,24.91010093688965,24.91010093688965,24.8700008392334,24.90999984741211,637,0.0,0.0,0.0
2024-08-02 14:30:00-04:00,24.920000076293945,24.920000076293945,24.850000381469727,24.850000381469727,789,0.0,0.0,0.0
2024-08-02 15:30:00-04:00,24.748300552368164,24.748300552368164,24.66990089416504,24.66990089416504,1603,0.0,0.0,0.0
2024-08-05 09:30:00-04:00,21.00149917602539,21.649999618530273,20.790000915527344,21.54990005493164,22775,0.0,0.0,0.0
2024-08-05 10:30:00-04:00,21.549999237060547,21.989999771118164,21.540000915527344,21.850099563598633,5122,0.0,0.0,0.0
2024-08-05 11:30:00-04:00,21.760000228881836,22.1299991607666,21.710800170898438,22.1299991607666,5879,0.0,0.0,0.0
2024-08-05 12:30:00-04:00,21.989999771118164,21.989999771118164,21.719999313354492,21.770000457763672,1986,0.0,0.0,0.0
2024-08-05 13:30:00-04:00,21.799999237060547,22.040000915527344,21.799999237060547,22.040000915527344,8090,0.0,0.0,0.0
2024-08-05 14:30:00-04:00,21.790000915527344,21.790000915527344,21.520000457763672,21.543500900268555,1973,0.0,0.0,0.0
2024-08-05 15:30:00-04:00,21.59819984436035,21.59819984436035,21.510000228881836,21.510000228881836,1398,0.0,0.0,0.0
2024-08-06 09:30:00-04:00,22.059999465942383,22.059999465942383,21.65999984741211,22.0,2244,0.0,0.0,0.0
2024-08-06 10:30:00-04:00,22.190000534057617,22.190000534057617,22.049999237060547,22.128999710083008,1136,0.0,0.0,0.0
2024-08-06 11:30:00-04:00,22.07939910888672,22.2450008392334,22.07939910888672,22.1299991607666,9391,0.0,0.0,0.0
2024-08-06 12:30:00-04:00,22.328699111938477,22.328699111938477,22.189199447631836,22.189199447631836,963,0.0,0.0,0.0
2024-08-06 14:30:00-04:00,22.290000915527344,22.290000915527344,22.250699996948242,22.270000457763672,488,0.0,0.0,0.0
2024-08-06 15:30:00-04:00,22.290000915527344,22.290000915527344,22.290000915527344,22.290000915527344,517,0.0,0.0,0.0
2024-08-07 09:30:00-04:00,22.3700008392334,22.3700008392334,21.8799991607666,21.8799991607666,5831,0.0,0.0,0.0
2024-08-07 10:30:00-04:00,21.82040023803711,21.8799991607666,21.80500030517578,21.851499557495117,1911,0.0,0.0,0.0
2024-08-07 11:30:00-04:00,21.99850082397461,22.030000686645508,21.975000381469727,21.975000381469727,963,0.0,0.0,0.0
2024-08-07 12:30:00-04:00,21.91010093688965,21.969999313354492,21.86009979248047,21.86009979248047,536,0.0,0.0,0.0
2024-08-07 13:30:00-04:00,22.0,22.0,22.0,22.0,573,0.0,0.0,0.0
2024-08-07 14:30:00-04:00,21.760000228881836,21.760000228881836,21.760000228881836,21.760000228881836,288,0.0,0.0,0.0
2024-08-07 15:30:00-04:00,21.6299991607666,21.75,21.6299991607666,21.716400146484375,1825,0.0,0.0,0.0
2024-08-08 09:30:00-04:00,22.600000381469727,22.600000381469727,22.540000915527344,22.540000915527344,1083,0.0,0.0,0.0
2024-08-08 10:30:00-04:00,22.850000381469727,23.149999618530273,22.850000381469727,23.149999618530273,2446,0.0,0.0,0.0
2024-08-08 11:30:00-04:00,23.200000762939453,23.465599060058594,23.173500061035156,23.465599060058594,2028,0.0,0.0,0.0
2024-08-08 12:30:00-04:00,23.40999984741211,23.420000076293945,23.329999923706055,23.329999923706055,743,0.0,0.0,0.0
2024-08-08 13:30:00-04:00,23.3700008392334,23.427099227905273,23.3700008392334,23.385000228881836,2156,0.0,0.0,0.0
2024-08-08 14:30:00-04:00,23.290000915527344,23.309999465942383,23.290000915527344,23.290000915527344,2535,0.0,0.0,0.0
2024-08-08 15:30:00-04:00,23.290000915527344,23.290000915527344,23.290000915527344,23.290000915527344,646,0.0,0.0,0.0
2024-08-09 09:30:00-04:00,23.5,23.93000030517578,23.450000762939453,23.889999389648438,2867,0.0,0.0,0.0
2024-08-09 10:30:00-04:00,23.729999542236328,23.729999542236328,23.309999465942383,23.709999084472656,1848,0.0,0.0,0.0
2024-08-09 11:30:00-04:00,23.790000915527344,23.829999923706055,23.40999984741211,23.559999465942383,3977,0.0,0.0,0.0
2024-08-09 12:30:00-04:00,23.549999237060547,23.709999084472656,23.549999237060547,23.600000381469727,1689,0.0,0.0,0.0
2024-08-09 13:30:00-04:00,23.600000381469727,23.600000381469727,23.459999084472656,23.469999313354492,1829,0.0,0.0,0.0
2024-08-09 14:30:00-04:00,23.489999771118164,23.700000762939453,23.489999771118164,23.700000762939453,1752,0.0,0.0,0.0
2024-08-09 15:30:00-04:00,23.770000457763672,23.829999923706055,23.600000381469727,23.700000762939453,2862,0.0,0.0,0.0
2024-08-12 09:30:00-04:00,23.25,23.360000610351562,23.139999389648438,23.204999923706055,3003,0.0,0.0,0.0
2024-08-12 10:30:00-04:00,23.338499069213867,23.489999771118164,23.000099182128906,23.000099182128906,2470,0.0,0.0,0.0
2024-08-12 11:30:00-04:00,23.0310001373291,23.354999542236328,23.0310001373291,23.289899826049805,1453,0.0,0.0,0.0
2024-08-12 12:30:00-04:00,23.295000076293945,23.295000076293945,23.25,23.25,882,0.0,0.0,0.0
2024-08-12 13:30:00-04:00,23.2549991607666,23.2549991607666,23.209999084472656,23.25,1007,0.0,0.0,0.0
2024-08-12 14:30:00-04:00,22.93000030517578,22.93000030517578,22.920000076293945,22.920000076293945,829,0.0,0.0,0.0
2024-08-12 15:30:00-04:00,23.059999465942383,23.1299991607666,23.059999465942383,23.1299991607666,1200,0.0,0.0,0.0
2024-08-13 09:30:00-04:00,23.079999923706055,23.1299991607666,22.90329933166504,22.989999771118164,2311,0.0,0.0,0.0
2024-08-13 10:30:00-04:00,22.920000076293945,22.920000076293945,22.920000076293945,22.920000076293945,897,0.0,0.0,0.0
2024-08-13 12:30:00-04:00,23.219999313354492,23.649999618530273,23.209999084472656,23.649900436401367,2160,0.0,0.0,0.0
2024-08-13 13:30:00-04:00,23.639999389648438,23.770000457763672,23.423900604248047,23.459999084472656,2588,0.0,0.0,0.0
2024-08-13 14:30:00-04:00,23.3700008392334,23.3700008392334,23.3700008392334,23.3700008392334,225,0.0,0.0,0.0
2024-08-13 15:30:00-04:00,23.41900062561035,23.450000762939453,23.290000915527344,23.450000762939453,1100,0.0,0.0,0.0
2024-08-14 09:30:00-04:00,23.530000686645508,23.540000915527344,22.8700008392334,22.8799991607666,3780,0.0,0.0,0.0
2024-08-14 10:30:00-04:00,22.989999771118164,23.020000457763672,22.989999771118164,23.010000228881836,839,0.0,0.0,0.0
2024-08-14 11:30:00-04:00,22.850000381469727,23.029300689697266,22.850000381469727,22.950000762939453,755,0.0,0.0,0.0
2024-08-14 12:30:00-04:00,22.700000762939453,22.959999084472656,22.649999618530273,22.920000076293945,3469,0.0,0.0,0.0
2024-08-14 13:30:00-04:00,22.764999389648438,22.764999389648438,22.764999389648438,22.764999389648438,230,0.0,0.0,0.0
2024-08-14 14:30:00-04:00,22.749900817871094,22.764999389648438,22.6299991607666,22.6299991607666,1866,0.0,0.0,0.0
2024-08-14 15:30:00-04:00,22.6200008392334,22.6200008392334,22.6200008392334,22.6200008392334,486,0.0,0.0,0.0
2024-08-15 09:30:00-04:00,22.709999084472656,22.920000076293945,22.709999084472656,22.919200897216797,3248,0.0,0.0,0.0
2024-08-15 10:30:00-04:00,22.895999908447266,23.01889991760254,22.895999908447266,22.989999771118164,1570,0.0,0.0,0.0
2024-08-15 11:30:00-04:00,23.0,23.049999237060547,23.0,23.02039909362793,1112,0.0,0.0,0.0
2024-08-15 12:30:00-04:00,23.04800033569336,23.04800033569336,23.024999618530273,23.024999618530273,501,0.0,0.0,0.0
2024-08-15 13:30:00-04:00,22.940000534057617,22.940000534057617,22.79010009765625,22.79010009765625,1474,0.0,0.0,0.0
2024-08-15 14:30:00-04:00,22.065000534057617,22.065000534057617,22.0,22.0,1662,0.0,0.0,0.0
2024-08-15 15:30:00-04:00,21.780000686645508,21.899999618530273,21.780000686645508,21.895000457763672,4626,0.0,0.0,0.0
2024-08-16 09:30:00-04:00,22.170000076293945,22.549999237060547,22.170000076293945,22.200000762939453,7206,0.0,0.0,0.0
2024-08-16 10:30:00-04:00,22.239999771118164,22.309900283813477,22.239999771118164,22.309900283813477,391,0.0,0.0,0.0
2024-08-16 11:30:00-04:00,22.3700008392334,22.3700008392334,22.3700008392334,22.3700008392334,164,0.0,0.0,0.0
2024-08-16 12:30:00-04:00,22.381200790405273,22.52989959716797,22.381200790405273,22.510000228881836,2417,0.0,0.0,0.0
2024-08-16 13:30:00-04:00,22.679000854492188,22.84000015258789,22.679000854492188,22.84000015258789,1339,0.0,0.0,0.0
2024-08-16 14:30:00-04:00,22.875,22.959999084472656,22.875,22.959999084472656,507,0.0,0.0,0.0
2024-08-16 15:30:00-04:00,23.017799377441406,23.030000686645508,23.017799377441406,23.030000686645508,843,0.0,0.0,0.0
2024-08-19 09:30:00-04:00,22.84000015258789,22.84000015258789,22.270000457763672,22.499900817871094,0,0.0,0.0,0.0
2024-08-19 10:30:00-04:00,22.519899368286133,22.670000076293945,22.519899368286133,22.659299850463867,1742,0.0,0.0,0.0
2024-08-19 11:30:00-04:00,22.489999771118164,22.6200008392334,22.489999771118164,22.49139976501465,1296,0.0,0.0,0.0
2024-08-19 12:30:00-04:00,22.56999969482422,22.56999969482422,22.399999618530273,22.399999618530273,907,0.0,0.0,0.0
2024-08-19 13:30:00-04:00,22.670000076293945,22.700000762939453,22.479999542236328,22.479999542236328,1591,0.0,0.0,0.0
2024-08-19 14:30:00-04:00,22.72279930114746,22.72279930114746,22.719999313354492,22.719999313354492,412,0.0,0.0,0.0
2024-08-19 15:30:00-04:00,22.79560089111328,22.79560089111328,22.75,22.780000686645508,904,0.0,0.0,0.0
2024-08-20 09:30:00-04:00,22.90999984741211,23.389999389648438,22.90999984741211,23.139999389648438,3769,0.0,0.0,0.0
2024-08-20 10:30:00-04:00,22.75,22.75,22.739999771118164,22.739999771118164,382,0.0,0.0,0.0
2024-08-20 11:30:00-04:00,22.579999923706055,22.579999923706055,22.579999923706055,22.579999923706055,949,0.0,0.0,0.0
2024-08-20 12:30:00-04:00,22.489999771118164,22.540000915527344,22.489999771118164,22.540000915527344,419,0.0,0.0,0.0
2024-08-20 13:30:00-04:00,22.670000076293945,22.709999084472656,22.670000076293945,22.709999084472656,692,0.0,0.0,0.0
2024-08-20 14:30:00-04:00,22.71980094909668,22.71980094909668,22.71980094909668,22.71980094909668,5188,0.0,0.0,0.0
2024-08-20 15:30:00-04:00,22.86989974975586,22.86989974975586,22.86989974975586,22.86989974975586,886,0.0,0.0,0.0
2024-08-21 09:30:00-04:00,22.790000915527344,22.790000915527344,22.59000015258789,22.771699905395508,2573,0.0,0.0,0.0
2024-08-21 10:30:00-04:00,22.84000015258789,22.84000015258789,22.69499969482422,22.69499969482422,1541,0.0,0.0,0.0
2024-08-21 11:30:00-04:00,22.889999389648438,22.889999389648438,22.75,22.75,1223,0.0,0.0,0.0
2024-08-21 12:30:00-04:00,22.889999389648438,22.936899185180664,22.889999389648438,22.936899185180664,899,0.0,0.0,0.0
2024-08-21 13:30:00-04:00,23.100000381469727,23.165000915527344,23.100000381469727,23.165000915527344,706,0.0,0.0,0.0
2024-08-21 14:30:00-04:00,23.40999984741211,23.459999084472656,23.2716007232666,23.459999084472656,2979,0.0,0.0,0.0
2024-08-22 09:30:00-04:00,23.09000015258789,23.271900177001953,23.09000015258789,23.145000457763672,4686,0.0,0.0,0.0
2024-08-22 10:30:00-04:00,23.209999084472656,23.209999084472656,23.200000762939453,23.200000762939453,429,0.0,0.0,0.0
2024-08-22 11:30:00-04:00,23.06999969482422,23.139999389648438,23.06999969482422,23.139999389648438,5190,0.0,0.0,0.0
2024-08-22 12:30:00-04:00,23.229999542236328,23.229999542236328,23.120100021362305,23.155000686645508,894,0.0,0.0,0.0
2024-08-22 13:30:00-04:00,23.200000762939453,23.248899459838867,22.959999084472656,22.959999084472656,1771,0.0,0.0,0.0
2024-08-22 14:30:00-04:00,23.209999084472656,23.209999084472656,23.1200008392334,23.1200008392334,1305,0.0,0.0,0.0
2024-08-23 09:30:00-04:00,23.3700008392334,23.809999465942383,23.229999542236328,23.809999465942383,8810,0.0,0.0,0.0
2024-08-23 10:30:00-04:00,23.690000534057617,23.700000762939453,23.34000015258789,23.3700008392334,5601,0.0,0.0,0.0
2024-08-23 11:30:00-04:00,23.655000686645508,23.690000534057617,23.530000686645508,23.690000534057617,651,0.0,0.0,0.0
2024-08-23 12:30:00-04:00,23.530000686645508,23.530000686645508,23.530000686645508,23.530000686645508,650,0.0,0.0,0.0
2024-08-23 13:30:00-04:00,23.989999771118164,24.438600540161133,23.989999771118164,24.438600540161133,1820,0.0,0.0,0.0
2024-08-23 14:30:00-04:00,24.310699462890625,24.489999771118164,24.310699462890625,24.489999771118164,1344,0.0,0.0,0.0
2024-08-23 15:30:00-04:00,24.34000015258789,24.34000015258789,24.34000015258789,24.34000015258789,459,0.0,0.0,0.0
2024-08-26 09:30:00-04:00,24.520000457763672,24.6200008392334,24.32029914855957,24.32029914855957,2626,0.0,0.0,0.0
2024-08-26 10:30:00-04:00,24.219999313354492,24.389999389648438,24.219999313354492,24.389999389648438,1236,0.0,0.0,0.0
2024-08-26 11:30:00-04:00,24.43000030517578,24.43000030517578,24.37470054626465,24.43000030517578,1407,0.0,0.0,0.0
2024-08-26 13:30:00-04:00,24.515399932861328,24.515399932861328,24.3799991607666,24.3799991607666,1519,0.0,0.0,0.0
2024-08-26 15:30:00-04:00,24.360000610351562,24.360000610351562,24.34000015258789,24.34000015258789,2291,0.0,0.0,0.0
2024-08-27 09:30:00-04:00,23.149999618530273,23.149999618530273,22.6200008392334,22.6200008392334,3433,0.0,0.0,0.0
2024-08-27 10:30:00-04:00,22.788299560546875,22.829999923706055,22.69659996032715,22.69659996032715,1181,0.0,0.0,0.0
2024-08-27 11:30:00-04:00,22.646099090576172,22.799999237060547,22.646099090576172,22.75,1659,0.0,0.0,0.0
2024-08-27 12:30:00-04:00,22.783000946044922,22.783000946044922,22.690000534057617,22.690000534057617,1964,0.0,0.0,0.0
2024-08-27 13:30:00-04:00,22.700000762939453,22.799999237060547,22.700000762939453,22.799999237060547,668,0.0,0.0,0.0
2024-08-27 14:30:00-04:00,22.851299285888672,22.940000534057617,22.780000686645508,22.940000534057617,3315,0.0,0.0,0.0
2024-08-27 15:30:00-04:00,22.834999084472656,22.920000076293945,22.799999237060547,22.920000076293945,1170,0.0,0.0,0.0
2024-08-28 09:30:00-04:00,22.31999969482422,22.31999969482422,22.05699920654297,22.05699920654297,7704,0.0,0.0,0.0
2024-08-28 10:30:00-04:00,22.0,22.0,21.6299991607666,21.658700942993164,3486,0.0,0.0,0.0
2024-08-28 11:30:00-04:00,21.59000015258789,21.68000030517578,21.479999542236328,21.479999542236328,7053,0.0,0.0,0.0
2024-08-28 12:30:00-04:00,21.40999984741211,21.670000076293945,21.299999237060547,21.649999618530273,4035,0.0,0.0,0.0
2024-08-28 13:30:00-04:00,21.459999084472656,21.520000457763672,21.459999084472656,21.520000457763672,504,0.0,0.0,0.0
2024-08-28 14:30:00-04:00,21.5,21.850000381469727,21.5,21.850000381469727,1563,0.0,0.0,0.0
2024-08-28 15:30:00-04:00,21.659900665283203,21.670000076293945,21.56999969482422,21.56999969482422,1150,0.0,0.0,0.0
2024-08-29 09:30:00-04:00,22.149999618530273,22.239999771118164,22.092500686645508,22.229999542236328,3643,0.0,0.0,0.0
2024-08-29 10:30:00-04:00,22.329999923706055,22.450000762939453,22.295000076293945,22.450000762939453,1245,0.0,0.0,0.0
2024-08-29 11:30:00-04:00,22.450000762939453,22.459999084472656,22.290000915527344,22.389999389648438,2471,0.0,0.0,0.0
2024-08-29 12:30:00-04:00,22.290000915527344,22.299999237060547,22.239999771118164,22.239999771118164,1206,0.0,0.0,0.0
2024-08-29 13:30:00-04:00,22.219999313354492,22.229999542236328,21.8700008392334,21.950000762939453,3989,0.0,0.0,0.0
2024-08-29 14:30:00-04:00,21.68000030517578,21.829999923706055,21.68000030517578,21.829999923706055,646,0.0,0.0,0.0
2024-08-29 15:30:00-04:00,21.81999969482422,21.81999969482422,21.610000610351562,21.670000076293945,1725,0.0,0.0,0.0
2024-08-30 09:30:00-04:00,21.84000015258789,21.989999771118164,21.649999618530273,21.649999618530273,10897,0.0,0.0,0.0
2024-08-30 10:30:00-04:00,21.728200912475586,21.728200912475586,21.559999465942383,21.559999465942383,2693,0.0,0.0,0.0
2024-08-30 11:30:00-04:00,21.40999984741211,21.40999984741211,21.299999237060547,21.299999237060547,628,0.0,0.0,0.0
2024-08-30 12:30:00-04:00,21.364900588989258,21.45009994506836,21.299999237060547,21.45009994506836,932,0.0,0.0,0.0
2024-08-30 13:30:00-04:00,21.5,21.549999237060547,21.5,21.54990005493164,1466,0.0,0.0,0.0
2024-08-30 14:30:00-04:00,21.72559928894043,21.72559928894043,21.69930076599121,21.69930076599121,594,0.0,0.0,0.0
2024-08-30 15:30:00-04:00,21.700000762939453,21.700000762939453,21.662500381469727,21.662500381469727,750,0.0,0.0,0.0
2024-09-03 09:30:00-04:00,22.190000534057617,22.190000534057617,21.200000762939453,21.200000762939453,0,0.0,0.0,0.0
2024-09-03 10:30:00-04:00,21.184200286865234,21.200000762939453,21.049999237060547,21.200000762939453,6288,0.0,0.0,0.0
2024-09-03 11:30:00-04:00,21.059999465942383,21.107999801635742,21.049999237060547,21.049999237060547,1548,0.0,0.0,0.0
2024-09-03 12:30:00-04:00,21.11989974975586,21.11989974975586,21.11989974975586,21.11989974975586,852,0.0,0.0,0.0
2024-09-03 13:30:00-04:00,21.170000076293945,21.170000076293945,21.110000610351562,21.110000610351562,1061,0.0,0.0,0.0
2024-09-03 14:30:00-04:00,21.200000762939453,21.235000610351562,21.16699981689453,21.17840003967285,1329,0.0,0.0,0.0
2024-09-03 15:30:00-04:00,21.1299991607666,21.15999984741211,21.050100326538086,21.079999923706055,3037,0.0,0.0,0.0
2024-09-04 09:30:00-04:00,20.770000457763672,20.770000457763672,20.440000534057617,20.44529914855957,15073,0.0,0.0,0.0
2024-09-04 10:30:00-04:00,20.93120002746582,21.0,20.930099487304688,20.930099487304688,987,0.0,0.0,0.0
2024-09-04 11:30:00-04:00,21.0,21.225000381469727,20.93000030517578,21.225000381469727,1856,0.0,0.0,0.0
2024-09-04 12:30:00-04:00,21.317800521850586,21.360000610351562,21.149999618530273,21.149999618530273,4287,0.0,0.0,0.0
2024-09-04 13:30:00-04:00,21.209999084472656,21.209999084472656,21.1200008392334,21.1200008392334,806,0.0,0.0,0.0
2024-09-04 14:30:00-04:00,21.001300811767578,21.09000015258789,20.959999084472656,21.038700103759766,1873,0.0,0.0,0.0
2024-09-04 15:30:00-04:00,21.110000610351562,21.110000610351562,21.100000381469727,21.100000381469727,781,0.0,0.0,0.0
2024-09-05 09:30:00-04:00,20.969999313354492,20.969999313354492,20.690000534057617,20.7450008392334,6492,0.0,0.0,0.0
2024-09-05 10:30:00-04:00,20.770000457763672,20.770000457763672,20.53499984741211,20.670000076293945,3827,0.0,0.0,0.0
2024-09-05 11:30:00-04:00,20.256999969482422,20.530000686645508,20.25,20.530000686645508,2810,0.0,0.0,0.0
2024-09-05 12:30:00-04:00,20.420000076293945,20.420000076293945,20.420000076293945,20.420000076293945,211,0.0,0.0,0.0
2024-09-05 13:30:00-04:00,20.559999465942383,20.684999465942383,20.559999465942383,20.684999465942383,353,0.0,0.0,0.0
2024-09-05 14:30:00-04:00,20.674999237060547,20.75,20.6299991607666,20.6299991607666,1842,0.0,0.0,0.0
2024-09-05 15:30:00-04:00,20.53499984741211,20.53499984741211,20.389999389648438,20.389999389648438,2903,0.0,0.0,0.0
2024-09-06 09:30:00-04:00,20.600000381469727,20.600000381469727,19.84000015258789,19.84000015258789,4008,0.0,0.0,0.0
2024-09-06 10:30:00-04:00,19.828899383544922,19.889999389648438,19.5,19.511600494384766,5978,0.0,0.0,0.0
2024-09-06 11:30:00-04:00,19.360000610351562,19.360000610351562,19.22960090637207,19.350000381469727,3964,0.0,0.0,0.0
2024-09-06 12:30:00-04:00,19.110000610351562,19.48819923400879,19.110000610351562,19.48819923400879,1636,0.0,0.0,0.0
2024-09-06 13:30:00-04:00,19.16010093688965,19.26919937133789,19.16010093688965,19.190000534057617,2562,0.0,0.0,0.0
2024-09-06 14:30:00-04:00,19.1299991607666,19.280000686645508,19.1299991607666,19.21419906616211,1037,0.0,0.0,0.0
2024-09-06 15:30:00-04:00,19.139999389648438,19.139999389648438,19.010000228881836,19.09000015258789,10080,0.0,0.0,0.0
2024-09-09 09:30:00-04:00,19.854999542236328,20.059999465942383,19.829999923706055,19.829999923706055,5033,0.0,0.0,0.0
2024-09-09 10:30:00-04:00,19.727699279785156,19.8700008392334,19.727699279785156,19.806299209594727,1370,0.0,0.0,0.0
2024-09-09 11:30:00-04:00,19.83099937438965,20.135000228881836,19.83099937438965,20.135000228881836,804,0.0,0.0,0.0
2024-09-09 12:30:00-04:00,20.280000686645508,20.559900283813477,20.25,20.440000534057617,18310,0.0,0.0,0.0
2024-09-09 13:30:00-04:00,20.34079933166504,20.34079933166504,20.34079933166504,20.34079933166504,566,0.0,0.0,0.0
2024-09-09 15:30:00-04:00,20.5049991607666,20.56999969482422,20.440099716186523,20.56999969482422,1845,0.0,0.0,0.0
2024-09-10 09:30:00-04:00,20.790000915527344,20.790000915527344,20.5,20.600000381469727,3753,0.0,0.0,0.0
2024-09-10 10:30:00-04:00,20.6299991607666,20.649999618530273,20.575000762939453,20.649999618530273,2347,0.0,0.0,0.0
2024-09-10 11:30:00-04:00,20.519899368286133,20.519899368286133,20.45009994506836,20.510000228881836,2275,0.0,0.0,0.0
2024-09-10 12:30:00-04:00,20.429000854492188,20.559099197387695,20.420000076293945,20.559099197387695,748,0.0,0.0,0.0
2024-09-10 13:30:00-04:00,20.719999313354492,20.790000915527344,20.709999084472656,20.790000915527344,900,0.0,0.0,0.0
2024-09-10 14:30:00-04:00,21.040000915527344,21.040000915527344,20.871000289916992,20.871000289916992,645,0.0,0.0,0.0
2024-09-11 09:30:00-04:00,20.690000534057617,20.690000534057617,20.020000457763672,20.020000457763672,7747,0.0,0.0,0.0
2024-09-11 10:30:00-04:00,20.09000015258789,20.299999237060547,20.049999237060547,20.299999237060547,3844,0.0,0.0,0.0
2024-09-11 11:30:00-04:00,20.530000686645508,20.530000686645508,20.530000686645508,20.530000686645508,582,0.0,0.0,0.0
2024-09-11 12:30:00-04:00,20.5,20.700000762939453,20.5,20.652299880981445,956,0.0,0.0,0.0
2024-09-11 14:30:00-04:00,20.770000457763672,20.8700008392334,20.770000457763672,20.83989906311035,1489,0.0,0.0,0.0
2024-09-11 15:30:00-04:00,20.959999084472656,20.979999542236328,20.84000015258789,20.979999542236328,1347,0.0,0.0,0.0
2024-09-12 09:30:00-04:00,20.760000228881836,20.90999984741211,20.690000534057617,20.820100784301758,5039,0.0,0.0,0.0
2024-09-12 10:30:00-04:00,20.90999984741211,20.90999984741211,20.841299057006836,20.895000457763672,2186,0.0,0.0,0.0
2024-09-12 12:30:00-04:00,21.08989906311035,21.08989906311035,21.08989906311035,21.08989906311035,972,0.0,0.0,0.0
2024-09-12 14:30:00-04:00,21.200000762939453,21.200000762939453,21.075000762939453,21.075000762939453,3676,0.0,0.0,0.0
2024-09-13 09:30:00-04:00,21.030000686645508,21.229999542236328,21.030000686645508,21.229999542236328,13625,0.0,0.0,0.0
2024-09-13 10:30:00-04:00,21.110000610351562,21.309999465942383,21.110000610351562,21.309999465942383,6808,0.0,0.0,0.0
2024-09-13 11:30:00-04:00,21.420000076293945,21.709999084472656,21.420000076293945,21.68000030517578,3537,0.0,0.0,0.0
2024-09-13 12:30:00-04:00,21.639999389648438,21.75,21.625,21.75,2710,0.0,0.0,0.0
2024-09-13 13:30:00-04:00,21.600000381469727,21.617000579833984,21.600000381469727,21.617000579833984,444,0.0,0.0,0.0
2024-09-13 14:30:00-04:00,21.819000244140625,21.819000244140625,21.819000244140625,21.819000244140625,219,0.0,0.0,0.0
2024-09-13 15:30:00-04:00,21.750900268554688,21.750900268554688,21.610000610351562,21.6299991607666,1474,0.0,0.0,0.0
2024-09-16 09:30:00-04:00,21.229999542236328,21.229999542236328,21.229999542236328,21.229999542236328,2425,0.0,0.0,0.0
2024-09-16 10:30:00-04:00,21.0,21.080900192260742,20.899999618530273,21.080900192260742,1917,0.0,0.0,0.0
2024-09-16 11:30:00-04:00,21.0,21.0,20.96150016784668,20.96150016784668,2047,0.0,0.0,0.0
2024-09-16 12:30:00-04:00,20.95240020751953,20.95240020751953,20.950000762939453,20.950000762939453,1062,0.0,0.0,0.0
2024-09-16 13:30:00-04:00,20.959999084472656,20.959999084472656,20.959999084472656,20.959999084472656,1659,0.0,0.0,0.0
2024-09-16 14:30:00-04:00,20.940000534057617,20.98780059814453,20.940000534057617,20.96500015258789,1146,0.0,0.0,0.0
2024-09-17 09:30:00-04:00,21.219999313354492,21.799999237060547,21.219999313354492,21.799999237060547,5256,0.0,0.0,0.0
2024-09-17 10:30:00-04:00,21.774999618530273,21.8799991607666,21.774999618530273,21.8799991607666,983,0.0,0.0,0.0
2024-09-17 11:30:00-04:00,22.139999389648438,22.229999542236328,22.110000610351562,22.110000610351562,1690,0.0,0.0,0.0
2024-09-17 12:30:00-04:00,22.094999313354492,22.094999313354492,21.940099716186523,22.040000915527344,2672,0.0,0.0,0.0
2024-09-17 13:30:00-04:00,22.094999313354492,22.094999313354492,22.094999313354492,22.094999313354492,293,0.0,0.0,0.0
2024-09-17 14:30:00-04:00,21.989999771118164,21.989999771118164,21.989999771118164,21.989999771118164,319,0.0,0.0,0.0
2024-09-17 15:30:00-04:00,22.020000457763672,22.06999969482422,21.899999618530273,21.979999542236328,2953,0.0,0.0,0.0
2024-09-18 09:30:00-04:00,21.90999984741211,21.90999984741211,21.58300018310547,21.58300018310547,2123,0.0,0.0,0.0
2024-09-18 10:30:00-04:00,21.604999542236328,21.649999618530273,21.604999542236328,21.649999618530273,639,0.0,0.0,0.0
2024-09-18 11:30:00-04:00,21.670000076293945,21.68000030517578,21.649999618530273,21.649999618530273,1025,0.0,0.0,0.0
2024-09-18 12:30:00-04:00,21.655000686645508,21.6653995513916,21.655000686645508,21.6653995513916,1431,0.0,0.0,0.0
2024-09-18 13:30:00-04:00,21.65999984741211,22.040000915527344,21.649999618530273,22.040000915527344,4156,0.0,0.0,0.0
2024-09-18 14:30:00-04:00,22.049999237060547,22.149999618530273,21.905000686645508,21.959999084472656,2389,0.0,0.0,0.0
2024-09-18 15:30:00-04:00,21.860000610351562,21.860000610351562,21.850000381469727,21.850000381469727,634,0.0,0.0,0.0
2024-09-19 09:30:00-04:00,22.959999084472656,22.989999771118164,22.79990005493164,22.989999771118164,13464,0.0,0.0,0.0
2024-09-19 10:30:00-04:00,23.049999237060547,23.049999237060547,22.75,22.75,3717,0.0,0.0,0.0
2024-09-19 11:30:00-04:00,22.889999389648438,22.940000534057617,22.889999389648438,22.889999389648438,1541,0.0,0.0,0.0
2024-09-19 12:30:00-04:00,22.97010040283203,23.059099197387695,22.97010040283203,23.059099197387695,1190,0.0,0.0,0.0
2024-09-19 13:30:00-04:00,23.0049991607666,23.100000381469727,23.0049991607666,23.05500030517578,1159,0.0,0.0,0.0
2024-09-19 14:30:00-04:00,23.100000381469727,23.100000381469727,22.950000762939453,22.950000762939453,2382,0.0,0.0,0.0
2024-09-19 15:30:00-04:00,22.979999542236328,23.0049991607666,22.950000762939453,22.950000762939453,1657,0.0,0.0,0.0
2024-09-20 09:30:00-04:00,22.989999771118164,22.989999771118164,22.639999389648438,22.84589958190918,4445,0.0,0.0,0.0
2024-09-20 10:30:00-04:00,23.0,23.110000610351562,22.860000610351562,22.8700008392334,3810,0.0,0.0,0.0
2024-09-20 11:30:00-04:00,22.850000381469727,23.059999465942383,22.799999237060547,22.860000610351562,4514,0.0,0.0,0.0
2024-09-20 13:30:00-04:00,22.709999084472656,22.739999771118164,22.709999084472656,22.738000869750977,776,0.0,0.0,0.0
2024-09-20 14:30:00-04:00,22.760000228881836,22.93000030517578,22.760000228881836,22.929399490356445,1851,0.0,0.0,0.0
2024-09-20 15:30:00-04:00,22.905000686645508,22.940000534057617,22.905000686645508,22.940000534057617,556,0.0,0.0,0.0
2024-09-23 09:30:00-04:00,23.010000228881836,23.174999237060547,23.010000228881836,23.170700073242188,2380,0.0,0.0,0.0
2024-09-23 10:30:00-04:00,23.229900360107422,23.229900360107422,23.010000228881836,23.178800582885742,4223,0.0,0.0,0.0
2024-09-23 11:30:00-04:00,23.1200008392334,23.299999237060547,23.110000610351562,23.110000610351562,7214,0.0,0.0,0.0
2024-09-23 12:30:00-04:00,23.0,23.0,22.950000762939453,22.96500015258789,2224,0.0,0.0,0.0
2024-09-23 13:30:00-04:00,23.049999237060547,23.049999237060547,23.049999237060547,23.049999237060547,266,0.0,0.0,0.0
2024-09-23 14:30:00-04:00,23.100400924682617,23.190000534057617,23.100400924682617,23.149999618530273,2579,0.0,0.0,0.0
2024-09-23 15:30:00-04:00,23.11009979248047,23.18000030517578,23.079999923706055,23.100000381469727,3131,0.0,0.0,0.0
2024-09-24 09:30:00-04:00,23.100000381469727,23.100000381469727,23.05500030517578,23.084999084472656,1684,0.0,0.0,0.0
2024-09-24 10:30:00-04:00,23.0049991607666,23.02899932861328,22.950000762939453,23.02899932861328,1721,0.0,0.0,0.0
2024-09-24 11:30:00-04:00,23.020000457763672,23.189899444580078,23.020000457763672,23.189899444580078,3310,0.0,0.0,0.0
2024-09-24 13:30:00-04:00,23.260000228881836,23.360000610351562,23.239999771118164,23.239999771118164,1150,0.0,0.0,0.0
2024-09-24 14:30:00-04:00,23.350000381469727,23.350000381469727,23.239999771118164,23.344999313354492,1581,0.0,0.0,0.0
2024-09-24 15:30:00-04:00,23.239999771118164,23.460500717163086,23.239999771118164,23.43000030517578,1408,0.0,0.0,0.0
2024-09-25 09:30:00-04:00,22.329999923706055,22.38990020751953,21.8700008392334,22.359800338745117,8288,0.0,0.0,0.0
2024-09-25 10:30:00-04:00,22.34000015258789,22.377199172973633,22.27400016784668,22.298999786376953,1000,0.0,0.0,0.0
2024-09-25 11:30:00-04:00,22.299999237060547,22.3700008392334,22.299999237060547,22.315000534057617,1971,0.0,0.0,0.0
2024-09-25 12:30:00-04:00,22.25,22.25,22.09000015258789,22.09000015258789,2496,0.0,0.0,0.0
2024-09-25 13:30:00-04:00,22.09000015258789,22.09000015258789,22.09000015258789,22.09000015258789,236,0.0,0.0,0.0
2024-09-25 14:30:00-04:00,22.0,22.05500030517578,22.0,22.010000228881836,807,0.0,0.0,0.0
2024-09-25 15:30:00-04:00,22.128700256347656,22.139999389648438,22.094999313354492,22.094999313354492,1237,0.0,0.0,0.0
2024-09-26 09:30:00-04:00,22.190000534057617,22.764999389648438,22.190000534057617,22.575000762939453,6125,0.0,0.0,0.0
2024-09-26 10:30:00-04:00,22.520099639892578,22.739999771118164,22.459999084472656,22.690000534057617,7130,0.0,0.0,0.0
2024-09-26 11:30:00-04:00,22.850000381469727,22.850000381469727,22.770000457763672,22.799999237060547,1672,0.0,0.0,0.0
2024-09-26 12:30:00-04:00,22.8700008392334,22.894899368286133,22.864999771118164,22.864999771118164,851,0.0,0.0,0.0
2024-09-26 13:30:00-04:00,22.799999237060547,22.799999237060547,22.719999313354492,22.719999313354492,517,0.0,0.0,0.0
2024-09-26 14:30:00-04:00,22.69499969482422,22.889999389648438,22.650100708007812,22.8799991607666,4170,0.0,0.0,0.0
2024-09-26 15:30:00-04:00,22.770000457763672,22.860000610351562,22.530000686645508,22.530000686645508,1899,0.0,0.0,0.0
2024-09-27 09:30:00-04:00,22.989999771118164,23.17930030822754,22.810100555419922,23.170000076293945,7006,0.0,0.0,0.0
2024-09-27 10:30:00-04:00,23.25,23.350000381469727,23.1200008392334,23.290000915527344,4285,0.0,0.0,0.0
2024-09-27 11:30:00-04:00,23.31999969482422,23.31999969482422,23.1299991607666,23.1299991607666,5520,0.0,0.0,0.0
2024-09-27 12:30:00-04:00,23.299999237060547,23.350000381469727,23.200000762939453,23.2007999420166,2589,0.0,0.0,0.0
2024-09-27 13:30:00-04:00,23.05500030517578,23.209999084472656,22.991600036621094,22.991600036621094,1447,0.0,0.0,0.0
2024-09-27 14:30:00-04:00,23.0,23.0,22.989999771118164,22.989999771118164,754,0.0,0.0,0.0
2024-09-27 15:30:00-04:00,23.072900772094727,23.072900772094727,22.889999389648438,22.889999389648438,886,0.0,0.0,0.0
