Datetime,Open,High,Low,Close,Volume,Dividends,Stock Splits
2024-06-13 09:30:00-04:00,4.46999979019165,4.489999771118164,4.465000152587891,4.489999771118164,0,0.0,0.0
2024-06-13 09:35:00-04:00,4.480000019073486,4.489999771118164,4.460000038146973,4.465000152587891,5993,0.0,0.0
2024-06-13 09:40:00-04:00,4.46999979019165,4.46999979019165,4.440000057220459,4.440000057220459,10345,0.0,0.0
2024-06-13 09:45:00-04:00,4.429999828338623,4.440000057220459,4.40500020980835,4.40500020980835,14667,0.0,0.0
2024-06-13 09:50:00-04:00,4.40500020980835,4.414999961853027,4.400000095367432,4.414999961853027,12954,0.0,0.0
2024-06-13 09:55:00-04:00,4.414999961853027,4.440000057220459,4.414999961853027,4.429999828338623,12248,0.0,0.0
2024-06-13 10:00:00-04:00,4.429999828338623,4.429999828338623,4.400000095367432,4.40500020980835,11684,0.0,0.0
2024-06-13 10:05:00-04:00,4.400000095367432,4.409999847412109,4.394999980926514,4.400000095367432,16552,0.0,0.0
2024-06-13 10:10:00-04:00,4.389999866485596,4.389999866485596,4.375,4.375,6539,0.0,0.0
2024-06-13 10:15:00-04:00,4.380000114440918,4.400000095367432,4.380000114440918,4.394999980926514,18234,0.0,0.0
2024-06-13 10:20:00-04:00,4.394999980926514,4.394999980926514,4.389999866485596,4.389999866485596,7861,0.0,0.0
2024-06-13 10:25:00-04:00,4.389999866485596,4.389999866485596,4.364999771118164,4.369999885559082,11589,0.0,0.0
2024-06-13 10:30:00-04:00,4.369999885559082,4.375999927520752,4.349999904632568,4.355000019073486,13190,0.0,0.0
2024-06-13 10:35:00-04:00,4.355000019073486,4.364999771118164,4.34499979019165,4.360000133514404,14745,0.0,0.0
2024-06-13 10:40:00-04:00,4.364999771118164,4.364999771118164,4.360000133514404,4.360000133514404,5517,0.0,0.0
2024-06-13 10:45:00-04:00,4.360000133514404,4.364999771118164,4.355000019073486,4.355000019073486,16666,0.0,0.0
2024-06-13 10:50:00-04:00,4.360000133514404,4.380000114440918,4.360000133514404,4.380000114440918,12352,0.0,0.0
2024-06-13 10:55:00-04:00,4.375,4.380000114440918,4.369999885559082,4.375,3226,0.0,0.0
2024-06-13 11:00:00-04:00,4.369999885559082,4.375,4.364999771118164,4.375,25234,0.0,0.0
2024-06-13 11:05:00-04:00,4.369999885559082,4.369999885559082,4.34499979019165,4.349999904632568,6787,0.0,0.0
2024-06-13 11:10:00-04:00,4.340000152587891,4.34499979019165,4.320000171661377,4.320000171661377,10642,0.0,0.0
2024-06-13 11:15:00-04:00,4.320000171661377,4.324999809265137,4.309999942779541,4.309999942779541,11113,0.0,0.0
2024-06-13 11:20:00-04:00,4.309999942779541,4.329999923706055,4.309999942779541,4.324999809265137,16316,0.0,0.0
2024-06-13 11:25:00-04:00,4.329999923706055,4.349999904632568,4.329999923706055,4.349999904632568,6205,0.0,0.0
2024-06-13 11:30:00-04:00,4.349999904632568,4.349999904632568,4.349999904632568,4.349999904632568,226,0.0,0.0
2024-06-13 11:35:00-04:00,4.34499979019165,4.349999904632568,4.34499979019165,4.349999904632568,1607,0.0,0.0
2024-06-13 11:40:00-04:00,4.34499979019165,4.369999885559082,4.34499979019165,4.369999885559082,10705,0.0,0.0
2024-06-13 11:45:00-04:00,4.369999885559082,4.369999885559082,4.364999771118164,4.364999771118164,2417,0.0,0.0
2024-06-13 11:50:00-04:00,4.364999771118164,4.369999885559082,4.329999923706055,4.335000038146973,14667,0.0,0.0
2024-06-13 11:55:00-04:00,4.329999923706055,4.355000019073486,4.329999923706055,4.355000019073486,5024,0.0,0.0
2024-06-13 12:00:00-04:00,4.355000019073486,4.360000133514404,4.340000152587891,4.340000152587891,9809,0.0,0.0
2024-06-13 12:05:00-04:00,4.34499979019165,4.380000114440918,4.34499979019165,4.380000114440918,5022,0.0,0.0
2024-06-13 12:10:00-04:00,4.375,4.375,4.364999771118164,4.369999885559082,7503,0.0,0.0
2024-06-13 12:15:00-04:00,4.364999771118164,4.364999771118164,4.34499979019165,4.34499979019165,5711,0.0,0.0
2024-06-13 12:20:00-04:00,4.34499979019165,4.346399784088135,4.340000152587891,4.346399784088135,6439,0.0,0.0
2024-06-13 12:25:00-04:00,4.349899768829346,4.349899768829346,4.340000152587891,4.34499979019165,5096,0.0,0.0
2024-06-13 12:30:00-04:00,4.34499979019165,4.34499979019165,4.34499979019165,4.34499979019165,2128,0.0,0.0
2024-06-13 12:35:00-04:00,4.34499979019165,4.349999904632568,4.329999923706055,4.329999923706055,19482,0.0,0.0
2024-06-13 12:40:00-04:00,4.329999923706055,4.335000038146973,4.329999923706055,4.335000038146973,6254,0.0,0.0
2024-06-13 12:45:00-04:00,4.339900016784668,4.339900016784668,4.320000171661377,4.320000171661377,9135,0.0,0.0
2024-06-13 12:50:00-04:00,4.324999809265137,4.335000038146973,4.324999809265137,4.335000038146973,14414,0.0,0.0
2024-06-13 12:55:00-04:00,4.329999923706055,4.329999923706055,4.320000171661377,4.324999809265137,8204,0.0,0.0
2024-06-13 13:00:00-04:00,4.324999809265137,4.34499979019165,4.320000171661377,4.34499979019165,30141,0.0,0.0
2024-06-13 13:05:00-04:00,4.340000152587891,4.340000152587891,4.320000171661377,4.320000171661377,6019,0.0,0.0
2024-06-13 13:10:00-04:00,4.320000171661377,4.320000171661377,4.309999942779541,4.315000057220459,3229,0.0,0.0
2024-06-13 13:15:00-04:00,4.309999942779541,4.309999942779541,4.289999961853027,4.289999961853027,23380,0.0,0.0
2024-06-13 13:20:00-04:00,4.289999961853027,4.289999961853027,4.284999847412109,4.284999847412109,18689,0.0,0.0
2024-06-13 13:25:00-04:00,4.284999847412109,4.284999847412109,4.275000095367432,4.28000020980835,17468,0.0,0.0
2024-06-13 13:30:00-04:00,4.28000020980835,4.289999961853027,4.275000095367432,4.284999847412109,16762,0.0,0.0
2024-06-13 13:35:00-04:00,4.295300006866455,4.300000190734863,4.289999961853027,4.289999961853027,3343,0.0,0.0
2024-06-13 13:40:00-04:00,4.295000076293945,4.300000190734863,4.295000076293945,4.295000076293945,7596,0.0,0.0
2024-06-13 13:45:00-04:00,4.296000003814697,4.300000190734863,4.289999961853027,4.295000076293945,1882,0.0,0.0
2024-06-13 13:50:00-04:00,4.295000076293945,4.295000076293945,4.28000020980835,4.284999847412109,20060,0.0,0.0
2024-06-13 13:55:00-04:00,4.284999847412109,4.304999828338623,4.284999847412109,4.300000190734863,27970,0.0,0.0
2024-06-13 14:00:00-04:00,4.295000076293945,4.295000076293945,4.284999847412109,4.289999961853027,7116,0.0,0.0
2024-06-13 14:05:00-04:00,4.28000020980835,4.284999847412109,4.275000095367432,4.275000095367432,7323,0.0,0.0
2024-06-13 14:10:00-04:00,4.275000095367432,4.284999847412109,4.275000095367432,4.28000020980835,27018,0.0,0.0
2024-06-13 14:15:00-04:00,4.284999847412109,4.304999828338623,4.284999847412109,4.304999828338623,12419,0.0,0.0
2024-06-13 14:20:00-04:00,4.309999942779541,4.309999942779541,4.304999828338623,4.309999942779541,5982,0.0,0.0
2024-06-13 14:25:00-04:00,4.304999828338623,4.304999828338623,4.289999961853027,4.289999961853027,11025,0.0,0.0
2024-06-13 14:30:00-04:00,4.300000190734863,4.320000171661377,4.295000076293945,4.320000171661377,24465,0.0,0.0
2024-06-13 14:35:00-04:00,4.315000057220459,4.320000171661377,4.309999942779541,4.309999942779541,2746,0.0,0.0
2024-06-13 14:40:00-04:00,4.315000057220459,4.315000057220459,4.304999828338623,4.304999828338623,14061,0.0,0.0
2024-06-13 14:45:00-04:00,4.304999828338623,4.304999828338623,4.284999847412109,4.284999847412109,20866,0.0,0.0
2024-06-13 14:50:00-04:00,4.28000020980835,4.284999847412109,4.28000020980835,4.284999847412109,8633,0.0,0.0
2024-06-13 14:55:00-04:00,4.284999847412109,4.300000190734863,4.275000095367432,4.289999961853027,46840,0.0,0.0
2024-06-13 15:00:00-04:00,4.289999961853027,4.295000076293945,4.289999961853027,4.295000076293945,1982,0.0,0.0
2024-06-13 15:05:00-04:00,4.295000076293945,4.295000076293945,4.289999961853027,4.289999961853027,6915,0.0,0.0
2024-06-13 15:10:00-04:00,4.299900054931641,4.299900054931641,4.284999847412109,4.289999961853027,24843,0.0,0.0
2024-06-13 15:15:00-04:00,4.289999961853027,4.289999961853027,4.269999980926514,4.269999980926514,17155,0.0,0.0
2024-06-13 15:20:00-04:00,4.269999980926514,4.289999961853027,4.264999866485596,4.284999847412109,36424,0.0,0.0
2024-06-13 15:25:00-04:00,4.289999961853027,4.289999961853027,4.28000020980835,4.284999847412109,8276,0.0,0.0
2024-06-13 15:30:00-04:00,4.28000020980835,4.28000020980835,4.255000114440918,4.260000228881836,27417,0.0,0.0
2024-06-13 15:35:00-04:00,4.260000228881836,4.269999980926514,4.255000114440918,4.260000228881836,46181,0.0,0.0
2024-06-13 15:40:00-04:00,4.269999980926514,4.269999980926514,4.264999866485596,4.264999866485596,8099,0.0,0.0
2024-06-13 15:45:00-04:00,4.264999866485596,4.289999961853027,4.255000114440918,4.284999847412109,80702,0.0,0.0
2024-06-13 15:50:00-04:00,4.284999847412109,4.300000190734863,4.284999847412109,4.295000076293945,45765,0.0,0.0
2024-06-13 15:55:00-04:00,4.289999961853027,4.289999961853027,4.269999980926514,4.284999847412109,164040,0.0,0.0
2024-06-14 09:30:00-04:00,4.269999980926514,4.269999980926514,4.239999771118164,4.260000228881836,11706,0.0,0.0
2024-06-14 09:35:00-04:00,4.28000020980835,4.284999847412109,4.275000095367432,4.275000095367432,2804,0.0,0.0
2024-06-14 09:40:00-04:00,4.275000095367432,4.275000095367432,4.235000133514404,4.269999980926514,12034,0.0,0.0
2024-06-14 09:45:00-04:00,4.275000095367432,4.289999961853027,4.275000095367432,4.284999847412109,1883,0.0,0.0
2024-06-14 09:50:00-04:00,4.284999847412109,4.309999942779541,4.28000020980835,4.304999828338623,12781,0.0,0.0
2024-06-14 09:55:00-04:00,4.304999828338623,4.304999828338623,4.289999961853027,4.289999961853027,4025,0.0,0.0
2024-06-14 10:00:00-04:00,4.289999961853027,4.289999961853027,4.284999847412109,4.284999847412109,3354,0.0,0.0
2024-06-14 10:05:00-04:00,4.284999847412109,4.284999847412109,4.269999980926514,4.269999980926514,15031,0.0,0.0
2024-06-14 10:10:00-04:00,4.264999866485596,4.300000190734863,4.264999866485596,4.295000076293945,17374,0.0,0.0
2024-06-14 10:15:00-04:00,4.295000076293945,4.295000076293945,4.260000228881836,4.260000228881836,9734,0.0,0.0
2024-06-14 10:20:00-04:00,4.264999866485596,4.264999866485596,4.255000114440918,4.255899906158447,8030,0.0,0.0
2024-06-14 10:25:00-04:00,4.255000114440918,4.260000228881836,4.25,4.260000228881836,9404,0.0,0.0
2024-06-14 10:30:00-04:00,4.264999866485596,4.269999980926514,4.244999885559082,4.269999980926514,11529,0.0,0.0
2024-06-14 10:35:00-04:00,4.275000095367432,4.275000095367432,4.260000228881836,4.260000228881836,6771,0.0,0.0
2024-06-14 10:40:00-04:00,4.264999866485596,4.28000020980835,4.260000228881836,4.28000020980835,9925,0.0,0.0
2024-06-14 10:45:00-04:00,4.284999847412109,4.284999847412109,4.28000020980835,4.284999847412109,5104,0.0,0.0
2024-06-14 10:50:00-04:00,4.284999847412109,4.300000190734863,4.28000020980835,4.295000076293945,19040,0.0,0.0
2024-06-14 10:55:00-04:00,4.295000076293945,4.295000076293945,4.284999847412109,4.295000076293945,13526,0.0,0.0
2024-06-14 11:00:00-04:00,4.295000076293945,4.320000171661377,4.295000076293945,4.320000171661377,4001,0.0,0.0
2024-06-14 11:05:00-04:00,4.315000057220459,4.320000171661377,4.295000076293945,4.295000076293945,8653,0.0,0.0
2024-06-14 11:10:00-04:00,4.289999961853027,4.315000057220459,4.289999961853027,4.309999942779541,10158,0.0,0.0
2024-06-14 11:15:00-04:00,4.315000057220459,4.320000171661377,4.304999828338623,4.304999828338623,10757,0.0,0.0
2024-06-14 11:20:00-04:00,4.304999828338623,4.315000057220459,4.304999828338623,4.304999828338623,9748,0.0,0.0
2024-06-14 11:25:00-04:00,4.304999828338623,4.315000057220459,4.300000190734863,4.304999828338623,23927,0.0,0.0
2024-06-14 11:30:00-04:00,4.309999942779541,4.320000171661377,4.304999828338623,4.304999828338623,10563,0.0,0.0
2024-06-14 11:35:00-04:00,4.304999828338623,4.309999942779541,4.300000190734863,4.300000190734863,6702,0.0,0.0
2024-06-14 11:40:00-04:00,4.295000076293945,4.324999809265137,4.295000076293945,4.320000171661377,64358,0.0,0.0
2024-06-14 11:45:00-04:00,4.315000057220459,4.325799942016602,4.315000057220459,4.324999809265137,8748,0.0,0.0
2024-06-14 11:50:00-04:00,4.324999809265137,4.340000152587891,4.324999809265137,4.340000152587891,10302,0.0,0.0
2024-06-14 11:55:00-04:00,4.335000038146973,4.335000038146973,4.320000171661377,4.324999809265137,13139,0.0,0.0
2024-06-14 12:00:00-04:00,4.324999809265137,4.360000133514404,4.324999809265137,4.34499979019165,13792,0.0,0.0
2024-06-14 12:05:00-04:00,4.34499979019165,4.360000133514404,4.340000152587891,4.355000019073486,14528,0.0,0.0
2024-06-14 12:10:00-04:00,4.355000019073486,4.360000133514404,4.349999904632568,4.349999904632568,4723,0.0,0.0
2024-06-14 12:15:00-04:00,4.349999904632568,4.355000019073486,4.340000152587891,4.340000152587891,6095,0.0,0.0
2024-06-14 12:20:00-04:00,4.34499979019165,4.34499979019165,4.340000152587891,4.340000152587891,5156,0.0,0.0
2024-06-14 12:25:00-04:00,4.340000152587891,4.34499979019165,4.329999923706055,4.335000038146973,6411,0.0,0.0
2024-06-14 12:30:00-04:00,4.335000038146973,4.340000152587891,4.320000171661377,4.340000152587891,12078,0.0,0.0
2024-06-14 12:35:00-04:00,4.340000152587891,4.349999904632568,4.335000038146973,4.349999904632568,4140,0.0,0.0
2024-06-14 12:40:00-04:00,4.34499979019165,4.349999904632568,4.340000152587891,4.340000152587891,5837,0.0,0.0
2024-06-14 12:45:00-04:00,4.34499979019165,4.349999904632568,4.340000152587891,4.34499979019165,6400,0.0,0.0
2024-06-14 12:50:00-04:00,4.34499979019165,4.34499979019165,4.335000038146973,4.335000038146973,7766,0.0,0.0
2024-06-14 12:55:00-04:00,4.335000038146973,4.345200061798096,4.335000038146973,4.34499979019165,9224,0.0,0.0
2024-06-14 13:00:00-04:00,4.34499979019165,4.349999904632568,4.340000152587891,4.349999904632568,7163,0.0,0.0
2024-06-14 13:05:00-04:00,4.34499979019165,4.360000133514404,4.34499979019165,4.360000133514404,7287,0.0,0.0
2024-06-14 13:10:00-04:00,4.360000133514404,4.360000133514404,4.35099983215332,4.355000019073486,5528,0.0,0.0
2024-06-14 13:15:00-04:00,4.355000019073486,4.360000133514404,4.349999904632568,4.360000133514404,6227,0.0,0.0
2024-06-14 13:20:00-04:00,4.355000019073486,4.380000114440918,4.349999904632568,4.349999904632568,22296,0.0,0.0
2024-06-14 13:25:00-04:00,4.34499979019165,4.349999904632568,4.340000152587891,4.340000152587891,4191,0.0,0.0
2024-06-14 13:30:00-04:00,4.340000152587891,4.340000152587891,4.329999923706055,4.335000038146973,13244,0.0,0.0
2024-06-14 13:35:00-04:00,4.335000038146973,4.340000152587891,4.329999923706055,4.335000038146973,4222,0.0,0.0
2024-06-14 13:40:00-04:00,4.329999923706055,4.340000152587891,4.329999923706055,4.340000152587891,4121,0.0,0.0
2024-06-14 13:45:00-04:00,4.329999923706055,4.340000152587891,4.329999923706055,4.340000152587891,6240,0.0,0.0
2024-06-14 13:50:00-04:00,4.335000038146973,4.340000152587891,4.329999923706055,4.340000152587891,6398,0.0,0.0
2024-06-14 13:55:00-04:00,4.335000038146973,4.340000152587891,4.320000171661377,4.32480001449585,17157,0.0,0.0
2024-06-14 14:00:00-04:00,4.324999809265137,4.349999904632568,4.320000171661377,4.34499979019165,22882,0.0,0.0
2024-06-14 14:05:00-04:00,4.34499979019165,4.349999904632568,4.335000038146973,4.335000038146973,11404,0.0,0.0
2024-06-14 14:10:00-04:00,4.335000038146973,4.340000152587891,4.329999923706055,4.335000038146973,4357,0.0,0.0
2024-06-14 14:15:00-04:00,4.335000038146973,4.349999904632568,4.329999923706055,4.349999904632568,13245,0.0,0.0
2024-06-14 14:20:00-04:00,4.34499979019165,4.349999904632568,4.34499979019165,4.349999904632568,4940,0.0,0.0
2024-06-14 14:25:00-04:00,4.34499979019165,4.349999904632568,4.340000152587891,4.349999904632568,6283,0.0,0.0
2024-06-14 14:30:00-04:00,4.349999904632568,4.360000133514404,4.335000038146973,4.349999904632568,18056,0.0,0.0
2024-06-14 14:35:00-04:00,4.355000019073486,4.355000019073486,4.340000152587891,4.34499979019165,8674,0.0,0.0
2024-06-14 14:40:00-04:00,4.34499979019165,4.349999904632568,4.340000152587891,4.34499979019165,12649,0.0,0.0
2024-06-14 14:45:00-04:00,4.349999904632568,4.369999885559082,4.349999904632568,4.369999885559082,10469,0.0,0.0
2024-06-14 14:50:00-04:00,4.364999771118164,4.369999885559082,4.364999771118164,4.369999885559082,4010,0.0,0.0
2024-06-14 14:55:00-04:00,4.364999771118164,4.380000114440918,4.364999771118164,4.369999885559082,11849,0.0,0.0
2024-06-14 15:00:00-04:00,4.369999885559082,4.369999885559082,4.364999771118164,4.364999771118164,17002,0.0,0.0
2024-06-14 15:05:00-04:00,4.364999771118164,4.380000114440918,4.364999771118164,4.375,7692,0.0,0.0
2024-06-14 15:10:00-04:00,4.375,4.375,4.360000133514404,4.360000133514404,13571,0.0,0.0
2024-06-14 15:15:00-04:00,4.364999771118164,4.389999866485596,4.364999771118164,4.389999866485596,20622,0.0,0.0
2024-06-14 15:20:00-04:00,4.385000228881836,4.400000095367432,4.380000114440918,4.389999866485596,18505,0.0,0.0
2024-06-14 15:25:00-04:00,4.389999866485596,4.400000095367432,4.385000228881836,4.394999980926514,11643,0.0,0.0
2024-06-14 15:30:00-04:00,4.394999980926514,4.409999847412109,4.394999980926514,4.409999847412109,17584,0.0,0.0
2024-06-14 15:35:00-04:00,4.40500020980835,4.409999847412109,4.40500020980835,4.409999847412109,19578,0.0,0.0
2024-06-14 15:40:00-04:00,4.409999847412109,4.409999847412109,4.389999866485596,4.394999980926514,26582,0.0,0.0
2024-06-14 15:45:00-04:00,4.400000095367432,4.400000095367432,4.394999980926514,4.394999980926514,31737,0.0,0.0
2024-06-14 15:50:00-04:00,4.394999980926514,4.434999942779541,4.394999980926514,4.429999828338623,90845,0.0,0.0
2024-06-14 15:55:00-04:00,4.425000190734863,4.429999828338623,4.409999847412109,4.429999828338623,110516,0.0,0.0
2024-06-17 09:30:00-04:00,4.369999885559082,4.400000095367432,4.239999771118164,4.360000133514404,13133,0.0,0.0
2024-06-17 09:35:00-04:00,4.369999885559082,4.369999885559082,4.34499979019165,4.34499979019165,10090,0.0,0.0
2024-06-17 09:40:00-04:00,4.349999904632568,4.369999885559082,4.335000038146973,4.335000038146973,7942,0.0,0.0
2024-06-17 09:45:00-04:00,4.335000038146973,4.335000038146973,4.300000190734863,4.304999828338623,7618,0.0,0.0
2024-06-17 09:50:00-04:00,4.295000076293945,4.320000171661377,4.289999961853027,4.289999961853027,20927,0.0,0.0
2024-06-17 09:55:00-04:00,4.300000190734863,4.300000190734863,4.28000020980835,4.28000020980835,16709,0.0,0.0
2024-06-17 10:00:00-04:00,4.284999847412109,4.284999847412109,4.260000228881836,4.260000228881836,11494,0.0,0.0
2024-06-17 10:05:00-04:00,4.255000114440918,4.255000114440918,4.224999904632568,4.230000019073486,27550,0.0,0.0
2024-06-17 10:10:00-04:00,4.230000019073486,4.230000019073486,4.195000171661377,4.204999923706055,19439,0.0,0.0
2024-06-17 10:15:00-04:00,4.199999809265137,4.210000038146973,4.199999809265137,4.204999923706055,8509,0.0,0.0
2024-06-17 10:20:00-04:00,4.200099945068359,4.204999923706055,4.199999809265137,4.204999923706055,2183,0.0,0.0
2024-06-17 10:25:00-04:00,4.199999809265137,4.204999923706055,4.179999828338623,4.179999828338623,4782,0.0,0.0
2024-06-17 10:30:00-04:00,4.184999942779541,4.184999942779541,4.170000076293945,4.170000076293945,5738,0.0,0.0
2024-06-17 10:35:00-04:00,4.170000076293945,4.170000076293945,4.164999961853027,4.164999961853027,13361,0.0,0.0
2024-06-17 10:40:00-04:00,4.159999847412109,4.159999847412109,4.150000095367432,4.15500020980835,5112,0.0,0.0
2024-06-17 10:45:00-04:00,4.15500020980835,4.164999961853027,4.150000095367432,4.164999961853027,13200,0.0,0.0
2024-06-17 10:50:00-04:00,4.160600185394287,4.160600185394287,4.144999980926514,4.159999847412109,21709,0.0,0.0
2024-06-17 10:55:00-04:00,4.15500020980835,4.15500020980835,4.15500020980835,4.15500020980835,1736,0.0,0.0
2024-06-17 11:00:00-04:00,4.15500020980835,4.15500020980835,4.15500020980835,4.15500020980835,2928,0.0,0.0
2024-06-17 11:05:00-04:00,4.15500020980835,4.159999847412109,4.150000095367432,4.15500020980835,17778,0.0,0.0
2024-06-17 11:10:00-04:00,4.15500020980835,4.170000076293945,4.15500020980835,4.164999961853027,27456,0.0,0.0
2024-06-17 11:15:00-04:00,4.164999961853027,4.190000057220459,4.15500020980835,4.175000190734863,27544,0.0,0.0
2024-06-17 11:20:00-04:00,4.178899765014648,4.178899765014648,4.164999961853027,4.164999961853027,11524,0.0,0.0
2024-06-17 11:25:00-04:00,4.164999961853027,4.164999961853027,4.144999980926514,4.144999980926514,16222,0.0,0.0
2024-06-17 11:30:00-04:00,4.144999980926514,4.14900016784668,4.130000114440918,4.135000228881836,25093,0.0,0.0
2024-06-17 11:35:00-04:00,4.149099826812744,4.149099826812744,4.139999866485596,4.144999980926514,4577,0.0,0.0
2024-06-17 11:40:00-04:00,4.139999866485596,4.150000095367432,4.139999866485596,4.139999866485596,3818,0.0,0.0
2024-06-17 11:45:00-04:00,4.139999866485596,4.139999866485596,4.125,4.135200023651123,30230,0.0,0.0
2024-06-17 11:50:00-04:00,4.135000228881836,4.135000228881836,4.130000114440918,4.130000114440918,2197,0.0,0.0
2024-06-17 11:55:00-04:00,4.130000114440918,4.170000076293945,4.125,4.170000076293945,33195,0.0,0.0
2024-06-17 12:00:00-04:00,4.175000190734863,4.179999828338623,4.175000190734863,4.175000190734863,8048,0.0,0.0
2024-06-17 12:05:00-04:00,4.170100212097168,4.195000171661377,4.170000076293945,4.184999942779541,22072,0.0,0.0
2024-06-17 12:10:00-04:00,4.184999942779541,4.184999942779541,4.180099964141846,4.180099964141846,1668,0.0,0.0
2024-06-17 12:15:00-04:00,4.184999942779541,4.184999942779541,4.164999961853027,4.164999961853027,25162,0.0,0.0
2024-06-17 12:20:00-04:00,4.164999961853027,4.164999961853027,4.159999847412109,4.164999961853027,9766,0.0,0.0
2024-06-17 12:25:00-04:00,4.159999847412109,4.179999828338623,4.159999847412109,4.175000190734863,25293,0.0,0.0
2024-06-17 12:30:00-04:00,4.175000190734863,4.177999973297119,4.170000076293945,4.175000190734863,2624,0.0,0.0
2024-06-17 12:35:00-04:00,4.170000076293945,4.199999809265137,4.170000076293945,4.199999809265137,30017,0.0,0.0
2024-06-17 12:40:00-04:00,4.190000057220459,4.195000171661377,4.180799961090088,4.184999942779541,13944,0.0,0.0
2024-06-17 12:45:00-04:00,4.179999828338623,4.184999942779541,4.170000076293945,4.170000076293945,13001,0.0,0.0
2024-06-17 12:50:00-04:00,4.170000076293945,4.190000057220459,4.170000076293945,4.170000076293945,23916,0.0,0.0
2024-06-17 12:55:00-04:00,4.170000076293945,4.175000190734863,4.170000076293945,4.175000190734863,2218,0.0,0.0
2024-06-17 13:00:00-04:00,4.175000190734863,4.179999828338623,4.170000076293945,4.179999828338623,4508,0.0,0.0
2024-06-17 13:05:00-04:00,4.170000076293945,4.179999828338623,4.159999847412109,4.170000076293945,32400,0.0,0.0
2024-06-17 13:10:00-04:00,4.170000076293945,4.170000076293945,4.164999961853027,4.164999961853027,4115,0.0,0.0
2024-06-17 13:15:00-04:00,4.164999961853027,4.170000076293945,4.159999847412109,4.164999961853027,9113,0.0,0.0
2024-06-17 13:20:00-04:00,4.163000106811523,4.164999961853027,4.150000095367432,4.15500020980835,22313,0.0,0.0
2024-06-17 13:25:00-04:00,4.150000095367432,4.159999847412109,4.150000095367432,4.15500020980835,7712,0.0,0.0
2024-06-17 13:30:00-04:00,4.15500020980835,4.164999961853027,4.150000095367432,4.164999961853027,20666,0.0,0.0
2024-06-17 13:35:00-04:00,4.170000076293945,4.170000076293945,4.164999961853027,4.164999961853027,5184,0.0,0.0
2024-06-17 13:40:00-04:00,4.164999961853027,4.179999828338623,4.164999961853027,4.179999828338623,5908,0.0,0.0
2024-06-17 13:45:00-04:00,4.179999828338623,4.179999828338623,4.175000190734863,4.175000190734863,3899,0.0,0.0
2024-06-17 13:50:00-04:00,4.179999828338623,4.199999809265137,4.179999828338623,4.190000057220459,12675,0.0,0.0
2024-06-17 13:55:00-04:00,4.195000171661377,4.199999809265137,4.190000057220459,4.195000171661377,4174,0.0,0.0
2024-06-17 14:00:00-04:00,4.199999809265137,4.199999809265137,4.190000057220459,4.195000171661377,21270,0.0,0.0
2024-06-17 14:05:00-04:00,4.190000057220459,4.199999809265137,4.190000057220459,4.190000057220459,7649,0.0,0.0
2024-06-17 14:10:00-04:00,4.190000057220459,4.210000038146973,4.190000057220459,4.204999923706055,26029,0.0,0.0
2024-06-17 14:15:00-04:00,4.199999809265137,4.199999809265137,4.179999828338623,4.184999942779541,16770,0.0,0.0
2024-06-17 14:20:00-04:00,4.179999828338623,4.179999828338623,4.175000190734863,4.175000190734863,15824,0.0,0.0
2024-06-17 14:25:00-04:00,4.175000190734863,4.175000190734863,4.170000076293945,4.170000076293945,14188,0.0,0.0
2024-06-17 14:30:00-04:00,4.170000076293945,4.170000076293945,4.159999847412109,4.159999847412109,9743,0.0,0.0
2024-06-17 14:35:00-04:00,4.159999847412109,4.170000076293945,4.15500020980835,4.164999961853027,24580,0.0,0.0
2024-06-17 14:40:00-04:00,4.159999847412109,4.164999961853027,4.159999847412109,4.159999847412109,10556,0.0,0.0
2024-06-17 14:45:00-04:00,4.159999847412109,4.159999847412109,4.150000095367432,4.15500020980835,10712,0.0,0.0
2024-06-17 14:50:00-04:00,4.150000095367432,4.159999847412109,4.150000095367432,4.150000095367432,10804,0.0,0.0
2024-06-17 14:55:00-04:00,4.150000095367432,4.15500020980835,4.150000095367432,4.150000095367432,9752,0.0,0.0
2024-06-17 15:00:00-04:00,4.150000095367432,4.155399799346924,4.139999866485596,4.150000095367432,22294,0.0,0.0
2024-06-17 15:05:00-04:00,4.15500020980835,4.190000057220459,4.15500020980835,4.190000057220459,16206,0.0,0.0
2024-06-17 15:10:00-04:00,4.184999942779541,4.190000057220459,4.181000232696533,4.190000057220459,5825,0.0,0.0
2024-06-17 15:15:00-04:00,4.184999942779541,4.190000057220459,4.179999828338623,4.184999942779541,6039,0.0,0.0
2024-06-17 15:20:00-04:00,4.184999942779541,4.199999809265137,4.184999942779541,4.199999809265137,15770,0.0,0.0
2024-06-17 15:25:00-04:00,4.199999809265137,4.199999809265137,4.195000171661377,4.199999809265137,6472,0.0,0.0
2024-06-17 15:30:00-04:00,4.199999809265137,4.21999979019165,4.195000171661377,4.204999923706055,41714,0.0,0.0
2024-06-17 15:35:00-04:00,4.204999923706055,4.204999923706055,4.199999809265137,4.199999809265137,18843,0.0,0.0
2024-06-17 15:40:00-04:00,4.199999809265137,4.210000038146973,4.192500114440918,4.199999809265137,51117,0.0,0.0
2024-06-17 15:45:00-04:00,4.199999809265137,4.210000038146973,4.199999809265137,4.210000038146973,37905,0.0,0.0
2024-06-17 15:50:00-04:00,4.204999923706055,4.230000019073486,4.204999923706055,4.230000019073486,86273,0.0,0.0
2024-06-17 15:55:00-04:00,4.230000019073486,4.28000020980835,4.230000019073486,4.28000020980835,163787,0.0,0.0
2024-06-18 09:30:00-04:00,4.300000190734863,4.320000171661377,4.25,4.25,14723,0.0,0.0
2024-06-18 09:35:00-04:00,4.28000020980835,4.289999961853027,4.260000228881836,4.264999866485596,15456,0.0,0.0
2024-06-18 09:40:00-04:00,4.264999866485596,4.295000076293945,4.264999866485596,4.289999961853027,14428,0.0,0.0
2024-06-18 09:45:00-04:00,4.28000020980835,4.28000020980835,4.264999866485596,4.264999866485596,4661,0.0,0.0
2024-06-18 09:50:00-04:00,4.269999980926514,4.28000020980835,4.269999980926514,4.28000020980835,9364,0.0,0.0
2024-06-18 09:55:00-04:00,4.28000020980835,4.28000020980835,4.275000095367432,4.275000095367432,2892,0.0,0.0
2024-06-18 10:00:00-04:00,4.269999980926514,4.284999847412109,4.264999866485596,4.284999847412109,11745,0.0,0.0
2024-06-18 10:05:00-04:00,4.284999847412109,4.284999847412109,4.275000095367432,4.28000020980835,4683,0.0,0.0
2024-06-18 10:10:00-04:00,4.28000020980835,4.284999847412109,4.269999980926514,4.269999980926514,18588,0.0,0.0
2024-06-18 10:15:00-04:00,4.264999866485596,4.28000020980835,4.260000228881836,4.275000095367432,10130,0.0,0.0
2024-06-18 10:20:00-04:00,4.275000095367432,4.275000095367432,4.270100116729736,4.275000095367432,4223,0.0,0.0
2024-06-18 10:25:00-04:00,4.275000095367432,4.275000095367432,4.275000095367432,4.275000095367432,1807,0.0,0.0
2024-06-18 10:30:00-04:00,4.27400016784668,4.289999961853027,4.27400016784668,4.289999961853027,10155,0.0,0.0
2024-06-18 10:35:00-04:00,4.284999847412109,4.304999828338623,4.284999847412109,4.304999828338623,8838,0.0,0.0
2024-06-18 10:40:00-04:00,4.304999828338623,4.304999828338623,4.304999828338623,4.304999828338623,3400,0.0,0.0
2024-06-18 10:45:00-04:00,4.304999828338623,4.309999942779541,4.304999828338623,4.309999942779541,4952,0.0,0.0
2024-06-18 10:50:00-04:00,4.309999942779541,4.309999942779541,4.304999828338623,4.304999828338623,4520,0.0,0.0
2024-06-18 10:55:00-04:00,4.304999828338623,4.315000057220459,4.300000190734863,4.315000057220459,22993,0.0,0.0
2024-06-18 11:00:00-04:00,4.320000171661377,4.320000171661377,4.304999828338623,4.315000057220459,13896,0.0,0.0
2024-06-18 11:05:00-04:00,4.315000057220459,4.320000171661377,4.309999942779541,4.315000057220459,2433,0.0,0.0
2024-06-18 11:10:00-04:00,4.309999942779541,4.315000057220459,4.269999980926514,4.275000095367432,28100,0.0,0.0
2024-06-18 11:15:00-04:00,4.275000095367432,4.275000095367432,4.275000095367432,4.275000095367432,905,0.0,0.0
2024-06-18 11:20:00-04:00,4.275199890136719,4.295000076293945,4.275000095367432,4.284999847412109,32865,0.0,0.0
2024-06-18 11:25:00-04:00,4.284999847412109,4.284999847412109,4.264999866485596,4.264999866485596,10010,0.0,0.0
2024-06-18 11:30:00-04:00,4.260000228881836,4.260000228881836,4.25,4.255000114440918,10255,0.0,0.0
2024-06-18 11:35:00-04:00,4.25,4.284999847412109,4.25,4.284999847412109,22718,0.0,0.0
2024-06-18 11:40:00-04:00,4.284999847412109,4.284999847412109,4.280099868774414,4.284999847412109,6066,0.0,0.0
2024-06-18 11:45:00-04:00,4.282700061798096,4.282700061798096,4.275000095367432,4.275000095367432,6505,0.0,0.0
2024-06-18 11:50:00-04:00,4.275000095367432,4.275000095367432,4.269999980926514,4.275000095367432,11317,0.0,0.0
2024-06-18 11:55:00-04:00,4.269999980926514,4.275000095367432,4.269999980926514,4.275000095367432,4922,0.0,0.0
2024-06-18 12:00:00-04:00,4.275000095367432,4.275000095367432,4.25,4.25,22459,0.0,0.0
2024-06-18 12:05:00-04:00,4.25,4.264999866485596,4.25,4.264999866485596,18997,0.0,0.0
2024-06-18 12:10:00-04:00,4.264999866485596,4.289999961853027,4.264999866485596,4.289999961853027,23415,0.0,0.0
2024-06-18 12:15:00-04:00,4.289999961853027,4.289999961853027,4.284999847412109,4.284999847412109,2030,0.0,0.0
2024-06-18 12:20:00-04:00,4.284999847412109,4.309999942779541,4.284999847412109,4.304999828338623,17445,0.0,0.0
2024-06-18 12:25:00-04:00,4.304999828338623,4.309999942779541,4.300000190734863,4.309999942779541,5440,0.0,0.0
2024-06-18 12:30:00-04:00,4.304999828338623,4.304999828338623,4.303500175476074,4.304999828338623,7062,0.0,0.0
2024-06-18 12:35:00-04:00,4.304999828338623,4.309999942779541,4.304999828338623,4.304999828338623,8162,0.0,0.0
2024-06-18 12:40:00-04:00,4.304999828338623,4.309999942779541,4.28000020980835,4.284999847412109,53469,0.0,0.0
2024-06-18 12:45:00-04:00,4.28000020980835,4.28000020980835,4.269999980926514,4.275000095367432,14440,0.0,0.0
2024-06-18 12:50:00-04:00,4.269999980926514,4.275000095367432,4.269999980926514,4.275000095367432,7561,0.0,0.0
2024-06-18 12:55:00-04:00,4.275000095367432,4.275000095367432,4.269999980926514,4.275000095367432,6506,0.0,0.0
2024-06-18 13:00:00-04:00,4.275000095367432,4.275000095367432,4.269999980926514,4.269999980926514,8341,0.0,0.0
2024-06-18 13:05:00-04:00,4.275000095367432,4.28000020980835,4.264999866485596,4.275000095367432,22029,0.0,0.0
2024-06-18 13:10:00-04:00,4.269999980926514,4.275000095367432,4.269999980926514,4.269999980926514,6348,0.0,0.0
2024-06-18 13:15:00-04:00,4.275000095367432,4.275000095367432,4.269999980926514,4.269999980926514,10496,0.0,0.0
2024-06-18 13:20:00-04:00,4.269999980926514,4.269999980926514,4.264999866485596,4.264999866485596,9485,0.0,0.0
2024-06-18 13:25:00-04:00,4.260000228881836,4.261499881744385,4.260000228881836,4.260000228881836,8735,0.0,0.0
2024-06-18 13:30:00-04:00,4.260000228881836,4.264999866485596,4.25,4.260000228881836,17764,0.0,0.0
2024-06-18 13:35:00-04:00,4.260000228881836,4.264999866485596,4.260000228881836,4.260000228881836,8654,0.0,0.0
2024-06-18 13:40:00-04:00,4.264999866485596,4.275000095367432,4.264999866485596,4.275000095367432,22022,0.0,0.0
2024-06-18 13:45:00-04:00,4.275000095367432,4.275000095367432,4.264999866485596,4.264999866485596,6457,0.0,0.0
2024-06-18 13:50:00-04:00,4.264999866485596,4.269999980926514,4.260000228881836,4.264999866485596,8817,0.0,0.0
2024-06-18 13:55:00-04:00,4.260000228881836,4.260000228881836,4.260000228881836,4.260000228881836,5847,0.0,0.0
2024-06-18 14:00:00-04:00,4.264999866485596,4.264999866485596,4.25,4.255000114440918,11963,0.0,0.0
2024-06-18 14:05:00-04:00,4.255000114440918,4.255000114440918,4.25,4.255000114440918,8186,0.0,0.0
2024-06-18 14:10:00-04:00,4.255000114440918,4.260000228881836,4.25,4.260000228881836,6337,0.0,0.0
2024-06-18 14:15:00-04:00,4.255000114440918,4.260000228881836,4.25,4.25,8406,0.0,0.0
2024-06-18 14:20:00-04:00,4.255000114440918,4.255000114440918,4.25,4.25,5840,0.0,0.0
2024-06-18 14:25:00-04:00,4.25,4.255000114440918,4.244999885559082,4.255000114440918,18237,0.0,0.0
2024-06-18 14:30:00-04:00,4.255000114440918,4.255000114440918,4.25,4.25,11285,0.0,0.0
2024-06-18 14:35:00-04:00,4.25,4.255000114440918,4.25,4.25,9083,0.0,0.0
2024-06-18 14:40:00-04:00,4.255000114440918,4.264999866485596,4.255000114440918,4.264999866485596,22856,0.0,0.0
2024-06-18 14:45:00-04:00,4.264999866485596,4.264999866485596,4.264999866485596,4.264999866485596,3892,0.0,0.0
2024-06-18 14:50:00-04:00,4.264999866485596,4.264999866485596,4.260000228881836,4.260000228881836,8376,0.0,0.0
2024-06-18 14:55:00-04:00,4.260000228881836,4.264999866485596,4.260000228881836,4.264999866485596,10671,0.0,0.0
2024-06-18 15:00:00-04:00,4.264999866485596,4.264999866485596,4.255000114440918,4.255000114440918,11443,0.0,0.0
2024-06-18 15:05:00-04:00,4.255000114440918,4.260000228881836,4.255000114440918,4.260000228881836,4359,0.0,0.0
2024-06-18 15:10:00-04:00,4.255000114440918,4.275000095367432,4.255000114440918,4.275000095367432,15672,0.0,0.0
2024-06-18 15:15:00-04:00,4.275000095367432,4.275000095367432,4.269999980926514,4.275000095367432,9011,0.0,0.0
2024-06-18 15:20:00-04:00,4.269999980926514,4.28000020980835,4.269999980926514,4.275000095367432,6566,0.0,0.0
2024-06-18 15:25:00-04:00,4.269999980926514,4.275000095367432,4.269999980926514,4.270999908447266,10322,0.0,0.0
2024-06-18 15:30:00-04:00,4.275000095367432,4.28000020980835,4.269999980926514,4.275000095367432,9001,0.0,0.0
2024-06-18 15:35:00-04:00,4.275000095367432,4.289999961853027,4.269999980926514,4.275000095367432,43286,0.0,0.0
2024-06-18 15:40:00-04:00,4.275000095367432,4.28000020980835,4.269999980926514,4.269999980926514,25862,0.0,0.0
2024-06-18 15:45:00-04:00,4.275000095367432,4.275000095367432,4.260000228881836,4.260000228881836,27948,0.0,0.0
2024-06-18 15:50:00-04:00,4.260000228881836,4.275000095367432,4.260000228881836,4.275000095367432,66873,0.0,0.0
2024-06-18 15:55:00-04:00,4.275000095367432,4.28000020980835,4.230000019073486,4.244999885559082,155209,0.0,0.0
2024-06-20 09:30:00-04:00,4.25,4.269999980926514,4.179999828338623,4.224999904632568,37011,0.0,0.0
2024-06-20 09:35:00-04:00,4.239999771118164,4.25,4.230000019073486,4.230000019073486,3867,0.0,0.0
2024-06-20 09:40:00-04:00,4.224999904632568,4.260000228881836,4.224999904632568,4.255000114440918,6339,0.0,0.0
2024-06-20 09:45:00-04:00,4.260000228881836,4.269999980926514,4.239999771118164,4.25,8936,0.0,0.0
2024-06-20 09:50:00-04:00,4.25,4.260000228881836,4.25,4.260000228881836,5138,0.0,0.0
2024-06-20 09:55:00-04:00,4.255000114440918,4.264999866485596,4.25,4.264999866485596,8161,0.0,0.0
2024-06-20 10:00:00-04:00,4.264999866485596,4.28000020980835,4.264999866485596,4.269999980926514,6889,0.0,0.0
2024-06-20 10:05:00-04:00,4.275000095367432,4.28000020980835,4.269999980926514,4.275000095367432,7316,0.0,0.0
2024-06-20 10:10:00-04:00,4.275000095367432,4.295000076293945,4.269999980926514,4.289999961853027,14033,0.0,0.0
2024-06-20 10:15:00-04:00,4.284999847412109,4.284999847412109,4.269999980926514,4.275000095367432,5835,0.0,0.0
2024-06-20 10:20:00-04:00,4.275000095367432,4.295000076293945,4.269999980926514,4.289999961853027,10286,0.0,0.0
2024-06-20 10:25:00-04:00,4.295000076293945,4.295000076293945,4.295000076293945,4.295000076293945,4012,0.0,0.0
2024-06-20 10:30:00-04:00,4.289999961853027,4.289999961853027,4.275000095367432,4.284999847412109,8723,0.0,0.0
2024-06-20 10:35:00-04:00,4.289999961853027,4.289999961853027,4.284999847412109,4.284999847412109,8142,0.0,0.0
2024-06-20 10:40:00-04:00,4.289999961853027,4.295000076293945,4.275000095367432,4.284999847412109,27428,0.0,0.0
2024-06-20 10:45:00-04:00,4.28000020980835,4.288899898529053,4.28000020980835,4.28000020980835,4425,0.0,0.0
2024-06-20 10:50:00-04:00,4.28000020980835,4.284999847412109,4.269999980926514,4.269999980926514,8726,0.0,0.0
2024-06-20 10:55:00-04:00,4.269999980926514,4.275000095367432,4.255000114440918,4.255000114440918,18837,0.0,0.0
2024-06-20 11:00:00-04:00,4.260000228881836,4.275000095367432,4.255000114440918,4.275000095367432,12969,0.0,0.0
2024-06-20 11:05:00-04:00,4.28000020980835,4.295000076293945,4.28000020980835,4.295000076293945,4968,0.0,0.0
2024-06-20 11:10:00-04:00,4.295000076293945,4.349999904632568,4.295000076293945,4.340000152587891,18597,0.0,0.0
2024-06-20 11:15:00-04:00,4.34499979019165,4.34499979019165,4.320000171661377,4.324999809265137,18159,0.0,0.0
2024-06-20 11:20:00-04:00,4.340000152587891,4.340000152587891,4.330100059509277,4.335000038146973,4223,0.0,0.0
2024-06-20 11:25:00-04:00,4.340000152587891,4.349999904632568,4.309999942779541,4.315000057220459,28408,0.0,0.0
2024-06-20 11:30:00-04:00,4.315000057220459,4.324999809265137,4.315000057220459,4.320000171661377,4792,0.0,0.0
2024-06-20 11:35:00-04:00,4.320000171661377,4.349999904632568,4.320000171661377,4.340000152587891,48677,0.0,0.0
2024-06-20 11:40:00-04:00,4.335000038146973,4.335299968719482,4.309999942779541,4.309999942779541,12647,0.0,0.0
2024-06-20 11:45:00-04:00,4.315000057220459,4.324999809265137,4.315000057220459,4.320000171661377,12948,0.0,0.0
2024-06-20 11:50:00-04:00,4.320099830627441,4.322800159454346,4.309999942779541,4.315000057220459,9834,0.0,0.0
2024-06-20 11:55:00-04:00,4.324999809265137,4.324999809265137,4.315000057220459,4.315000057220459,7456,0.0,0.0
2024-06-20 12:00:00-04:00,4.309999942779541,4.34499979019165,4.309999942779541,4.335000038146973,10280,0.0,0.0
2024-06-20 12:05:00-04:00,4.329999923706055,4.335000038146973,4.329999923706055,4.335000038146973,6131,0.0,0.0
2024-06-20 12:10:00-04:00,4.335000038146973,4.349999904632568,4.329999923706055,4.349999904632568,7660,0.0,0.0
2024-06-20 12:15:00-04:00,4.34499979019165,4.34499979019165,4.335000038146973,4.34499979019165,14628,0.0,0.0
2024-06-20 12:20:00-04:00,4.34499979019165,4.349999904632568,4.34499979019165,4.34499979019165,8173,0.0,0.0
2024-06-20 12:25:00-04:00,4.349999904632568,4.349999904632568,4.335000038146973,4.335000038146973,11388,0.0,0.0
2024-06-20 12:30:00-04:00,4.335000038146973,4.335000038146973,4.329999923706055,4.329999923706055,5869,0.0,0.0
2024-06-20 12:35:00-04:00,4.329999923706055,4.335000038146973,4.329999923706055,4.329999923706055,5673,0.0,0.0
2024-06-20 12:40:00-04:00,4.329999923706055,4.335000038146973,4.329999923706055,4.335000038146973,6454,0.0,0.0
2024-06-20 12:45:00-04:00,4.335000038146973,4.360000133514404,4.335000038146973,4.355000019073486,11156,0.0,0.0
2024-06-20 12:50:00-04:00,4.355000019073486,4.375,4.355000019073486,4.375,17105,0.0,0.0
2024-06-20 12:55:00-04:00,4.369999885559082,4.369999885559082,4.360000133514404,4.364999771118164,2596,0.0,0.0
2024-06-20 13:00:00-04:00,4.364999771118164,4.380000114440918,4.360000133514404,4.380000114440918,6327,0.0,0.0
2024-06-20 13:05:00-04:00,4.375,4.375,4.355000019073486,4.355000019073486,11714,0.0,0.0
2024-06-20 13:10:00-04:00,4.355000019073486,4.369999885559082,4.355000019073486,4.360000133514404,6688,0.0,0.0
2024-06-20 13:15:00-04:00,4.360000133514404,4.375,4.360000133514404,4.375,4650,0.0,0.0
2024-06-20 13:20:00-04:00,4.375,4.380000114440918,4.360000133514404,4.364999771118164,26265,0.0,0.0
2024-06-20 13:25:00-04:00,4.380000114440918,4.400000095367432,4.375,4.394999980926514,17568,0.0,0.0
2024-06-20 13:30:00-04:00,4.400000095367432,4.409999847412109,4.400000095367432,4.409999847412109,9643,0.0,0.0
2024-06-20 13:35:00-04:00,4.400000095367432,4.409999847412109,4.400000095367432,4.400000095367432,4766,0.0,0.0
2024-06-20 13:40:00-04:00,4.409999847412109,4.414999961853027,4.400000095367432,4.414999961853027,12982,0.0,0.0
2024-06-20 13:45:00-04:00,4.420000076293945,4.429999828338623,4.414999961853027,4.414999961853027,18081,0.0,0.0
2024-06-20 13:50:00-04:00,4.414999961853027,4.426400184631348,4.40500020980835,4.425000190734863,12832,0.0,0.0
2024-06-20 13:55:00-04:00,4.425000190734863,4.434999942779541,4.420000076293945,4.434999942779541,9421,0.0,0.0
2024-06-20 14:00:00-04:00,4.434999942779541,4.449999809265137,4.434000015258789,4.449999809265137,19423,0.0,0.0
2024-06-20 14:05:00-04:00,4.445000171661377,4.445000171661377,4.420000076293945,4.425000190734863,20595,0.0,0.0
2024-06-20 14:10:00-04:00,4.420100212097168,4.425000190734863,4.409999847412109,4.414999961853027,13057,0.0,0.0
2024-06-20 14:15:00-04:00,4.409999847412109,4.420000076293945,4.409999847412109,4.409999847412109,11865,0.0,0.0
2024-06-20 14:20:00-04:00,4.409999847412109,4.434999942779541,4.409999847412109,4.434999942779541,12914,0.0,0.0
2024-06-20 14:25:00-04:00,4.429999828338623,4.440000057220459,4.429999828338623,4.429999828338623,9211,0.0,0.0
2024-06-20 14:30:00-04:00,4.434999942779541,4.449999809265137,4.429999828338623,4.440000057220459,9812,0.0,0.0
2024-06-20 14:35:00-04:00,4.440000057220459,4.445000171661377,4.429999828338623,4.429999828338623,20206,0.0,0.0
2024-06-20 14:40:00-04:00,4.434999942779541,4.445000171661377,4.434999942779541,4.445000171661377,11020,0.0,0.0
2024-06-20 14:45:00-04:00,4.449999809265137,4.449999809265137,4.440000057220459,4.445000171661377,7880,0.0,0.0
2024-06-20 14:50:00-04:00,4.445000171661377,4.445000171661377,4.429999828338623,4.434999942779541,10315,0.0,0.0
2024-06-20 14:55:00-04:00,4.434999942779541,4.440000057220459,4.414999961853027,4.414999961853027,26170,0.0,0.0
2024-06-20 15:00:00-04:00,4.414999961853027,4.414999961853027,4.400000095367432,4.40500020980835,10111,0.0,0.0
2024-06-20 15:05:00-04:00,4.40500020980835,4.414999961853027,4.400000095367432,4.409999847412109,14479,0.0,0.0
2024-06-20 15:10:00-04:00,4.420000076293945,4.440000057220459,4.409999847412109,4.434999942779541,17445,0.0,0.0
2024-06-20 15:15:00-04:00,4.434999942779541,4.449999809265137,4.434999942779541,4.449999809265137,17294,0.0,0.0
2024-06-20 15:20:00-04:00,4.445000171661377,4.460000038146973,4.420000076293945,4.425000190734863,39489,0.0,0.0
2024-06-20 15:25:00-04:00,4.425000190734863,4.434999942779541,4.425000190734863,4.434999942779541,20230,0.0,0.0
2024-06-20 15:30:00-04:00,4.434999942779541,4.445000171661377,4.429999828338623,4.445000171661377,18476,0.0,0.0
2024-06-20 15:35:00-04:00,4.449999809265137,4.449999809265137,4.434999942779541,4.445000171661377,34434,0.0,0.0
2024-06-20 15:40:00-04:00,4.445000171661377,4.445000171661377,4.440000057220459,4.445000171661377,24146,0.0,0.0
2024-06-20 15:45:00-04:00,4.445000171661377,4.460000038146973,4.440000057220459,4.454999923706055,46373,0.0,0.0
2024-06-20 15:50:00-04:00,4.454999923706055,4.505000114440918,4.449999809265137,4.505000114440918,94504,0.0,0.0
2024-06-20 15:55:00-04:00,4.505000114440918,4.539999961853027,4.489999771118164,4.539999961853027,307345,0.0,0.0
2024-06-21 09:30:00-04:00,4.539999961853027,4.539999961853027,4.489999771118164,4.510000228881836,121564,0.0,0.0
2024-06-21 09:35:00-04:00,4.5,4.5,4.480000019073486,4.489999771118164,5201,0.0,0.0
2024-06-21 09:40:00-04:00,4.485000133514404,4.53000020980835,4.485000133514404,4.53000020980835,12475,0.0,0.0
2024-06-21 09:45:00-04:00,4.519999980926514,4.545000076293945,4.5,4.545000076293945,7254,0.0,0.0
2024-06-21 09:50:00-04:00,4.550000190734863,4.550000190734863,4.53000020980835,4.539999961853027,13710,0.0,0.0
2024-06-21 09:55:00-04:00,4.539999961853027,4.559999942779541,4.539999961853027,4.554999828338623,5194,0.0,0.0
2024-06-21 10:00:00-04:00,4.554999828338623,4.565000057220459,4.550000190734863,4.565000057220459,5049,0.0,0.0
2024-06-21 10:05:00-04:00,4.570000171661377,4.590000152587891,4.570000171661377,4.590000152587891,2737,0.0,0.0
2024-06-21 10:10:00-04:00,4.599999904632568,4.650000095367432,4.599999904632568,4.644999980926514,32179,0.0,0.0
2024-06-21 10:15:00-04:00,4.650000095367432,4.659999847412109,4.625,4.625,47648,0.0,0.0
2024-06-21 10:20:00-04:00,4.619999885559082,4.635000228881836,4.614999771118164,4.614999771118164,8673,0.0,0.0
2024-06-21 10:25:00-04:00,4.614999771118164,4.614999771118164,4.599999904632568,4.614999771118164,3846,0.0,0.0
2024-06-21 10:30:00-04:00,4.614999771118164,4.635000228881836,4.610000133514404,4.619999885559082,15280,0.0,0.0
2024-06-21 10:35:00-04:00,4.625,4.625,4.599999904632568,4.619999885559082,8529,0.0,0.0
2024-06-21 10:40:00-04:00,4.619999885559082,4.630000114440918,4.605000019073486,4.605000019073486,13458,0.0,0.0
2024-06-21 10:45:00-04:00,4.610000133514404,4.619999885559082,4.599999904632568,4.619999885559082,16684,0.0,0.0
2024-06-21 10:50:00-04:00,4.630000114440918,4.630000114440918,4.619999885559082,4.625,4676,0.0,0.0
2024-06-21 10:55:00-04:00,4.619999885559082,4.625,4.619999885559082,4.625,3688,0.0,0.0
2024-06-21 11:00:00-04:00,4.630000114440918,4.630000114440918,4.610000133514404,4.619999885559082,16366,0.0,0.0
2024-06-21 11:05:00-04:00,4.610000133514404,4.614999771118164,4.599999904632568,4.607100009918213,8781,0.0,0.0
2024-06-21 11:10:00-04:00,4.599999904632568,4.599999904632568,4.590000152587891,4.59499979019165,6992,0.0,0.0
2024-06-21 11:15:00-04:00,4.599999904632568,4.599999904632568,4.565000057220459,4.565000057220459,8220,0.0,0.0
2024-06-21 11:20:00-04:00,4.559999942779541,4.559999942779541,4.550000190734863,4.550000190734863,3973,0.0,0.0
2024-06-21 11:25:00-04:00,4.550000190734863,4.559999942779541,4.534999847412109,4.559999942779541,22163,0.0,0.0
2024-06-21 11:30:00-04:00,4.554999828338623,4.559999942779541,4.550000190734863,4.554999828338623,2507,0.0,0.0
2024-06-21 11:35:00-04:00,4.559999942779541,4.570000171661377,4.559999942779541,4.565000057220459,4751,0.0,0.0
2024-06-21 11:40:00-04:00,4.565000057220459,4.570000171661377,4.559999942779541,4.565000057220459,4927,0.0,0.0
2024-06-21 11:45:00-04:00,4.559999942779541,4.590000152587891,4.554999828338623,4.585000038146973,17642,0.0,0.0
2024-06-21 11:50:00-04:00,4.590000152587891,4.590000152587891,4.559999942779541,4.565000057220459,23499,0.0,0.0
2024-06-21 11:55:00-04:00,4.565000057220459,4.585000038146973,4.559999942779541,4.585000038146973,13227,0.0,0.0
2024-06-21 12:00:00-04:00,4.585000038146973,4.59499979019165,4.570000171661377,4.570000171661377,14994,0.0,0.0
2024-06-21 12:05:00-04:00,4.565000057220459,4.565000057220459,4.559999942779541,4.565000057220459,3051,0.0,0.0
2024-06-21 12:10:00-04:00,4.565000057220459,4.574999809265137,4.554999828338623,4.559999942779541,16855,0.0,0.0
2024-06-21 12:15:00-04:00,4.565000057220459,4.565000057220459,4.559999942779541,4.559999942779541,8151,0.0,0.0
2024-06-21 12:20:00-04:00,4.559999942779541,4.574999809265137,4.559999942779541,4.574999809265137,9007,0.0,0.0
2024-06-21 12:25:00-04:00,4.574999809265137,4.574999809265137,4.570000171661377,4.574999809265137,2835,0.0,0.0
2024-06-21 12:30:00-04:00,4.574999809265137,4.579999923706055,4.570000171661377,4.574999809265137,13164,0.0,0.0
2024-06-21 12:35:00-04:00,4.574999809265137,4.579999923706055,4.559999942779541,4.559999942779541,19094,0.0,0.0
2024-06-21 12:40:00-04:00,4.559999942779541,4.570000171661377,4.559999942779541,4.565000057220459,5755,0.0,0.0
2024-06-21 12:45:00-04:00,4.565000057220459,4.565000057220459,4.559999942779541,4.565000057220459,4618,0.0,0.0
2024-06-21 12:50:00-04:00,4.559999942779541,4.579999923706055,4.559999942779541,4.574999809265137,18673,0.0,0.0
2024-06-21 12:55:00-04:00,4.574999809265137,4.574999809265137,4.550000190734863,4.550000190734863,19070,0.0,0.0
2024-06-21 13:00:00-04:00,4.554999828338623,4.570000171661377,4.550000190734863,4.568999767303467,34238,0.0,0.0
2024-06-21 13:05:00-04:00,4.570000171661377,4.579999923706055,4.570000171661377,4.570000171661377,12882,0.0,0.0
2024-06-21 13:10:00-04:00,4.570000171661377,4.574999809265137,4.570000171661377,4.574999809265137,5063,0.0,0.0
2024-06-21 13:15:00-04:00,4.574999809265137,4.574999809265137,4.559999942779541,4.565000057220459,10810,0.0,0.0
2024-06-21 13:20:00-04:00,4.565000057220459,4.570000171661377,4.565000057220459,4.565000057220459,4197,0.0,0.0
2024-06-21 13:25:00-04:00,4.565000057220459,4.570000171661377,4.559999942779541,4.565000057220459,5036,0.0,0.0
2024-06-21 13:30:00-04:00,4.565000057220459,4.579999923706055,4.565000057220459,4.570000171661377,19350,0.0,0.0
2024-06-21 13:35:00-04:00,4.574999809265137,4.57889986038208,4.570000171661377,4.574999809265137,7649,0.0,0.0
2024-06-21 13:40:00-04:00,4.570000171661377,4.579999923706055,4.570000171661377,4.574999809265137,9286,0.0,0.0
2024-06-21 13:45:00-04:00,4.574999809265137,4.590000152587891,4.574999809265137,4.590000152587891,17292,0.0,0.0
2024-06-21 13:50:00-04:00,4.585000038146973,4.59499979019165,4.579999923706055,4.579999923706055,21107,0.0,0.0
2024-06-21 13:55:00-04:00,4.585000038146973,4.585000038146973,4.584000110626221,4.585000038146973,3105,0.0,0.0
2024-06-21 14:00:00-04:00,4.579999923706055,4.59499979019165,4.579999923706055,4.585000038146973,23273,0.0,0.0
2024-06-21 14:05:00-04:00,4.585000038146973,4.590000152587891,4.579999923706055,4.579999923706055,4101,0.0,0.0
2024-06-21 14:10:00-04:00,4.590000152587891,4.590000152587891,4.579999923706055,4.579999923706055,6551,0.0,0.0
2024-06-21 14:15:00-04:00,4.590000152587891,4.590000152587891,4.559999942779541,4.559999942779541,29571,0.0,0.0
2024-06-21 14:20:00-04:00,4.565000057220459,4.565000057220459,4.539999961853027,4.539999961853027,15552,0.0,0.0
2024-06-21 14:25:00-04:00,4.545000076293945,4.550000190734863,4.539999961853027,4.545000076293945,5993,0.0,0.0
2024-06-21 14:30:00-04:00,4.545000076293945,4.550000190734863,4.534999847412109,4.539999961853027,13029,0.0,0.0
2024-06-21 14:35:00-04:00,4.53000020980835,4.534999847412109,4.510000228881836,4.514999866485596,26035,0.0,0.0
2024-06-21 14:40:00-04:00,4.514999866485596,4.514999866485596,4.489999771118164,4.489999771118164,34935,0.0,0.0
2024-06-21 14:45:00-04:00,4.489999771118164,4.494999885559082,4.480000019073486,4.485000133514404,24582,0.0,0.0
2024-06-21 14:50:00-04:00,4.480000019073486,4.480000019073486,4.46999979019165,4.46999979019165,34874,0.0,0.0
2024-06-21 14:55:00-04:00,4.474999904632568,4.519999980926514,4.46999979019165,4.514999866485596,67445,0.0,0.0
2024-06-21 15:00:00-04:00,4.514999866485596,4.514999866485596,4.480000019073486,4.485000133514404,38979,0.0,0.0
2024-06-21 15:05:00-04:00,4.480000019073486,4.489999771118164,4.46999979019165,4.46999979019165,34834,0.0,0.0
2024-06-21 15:10:00-04:00,4.46999979019165,4.485000133514404,4.46999979019165,4.46999979019165,43008,0.0,0.0
2024-06-21 15:15:00-04:00,4.46999979019165,4.474999904632568,4.465000152587891,4.46999979019165,38990,0.0,0.0
2024-06-21 15:20:00-04:00,4.46999979019165,4.485000133514404,4.449999809265137,4.485000133514404,84622,0.0,0.0
2024-06-21 15:25:00-04:00,4.489999771118164,4.494999885559082,4.460000038146973,4.480000019073486,45790,0.0,0.0
2024-06-21 15:30:00-04:00,4.480000019073486,4.480000019073486,4.460000038146973,4.465000152587891,45440,0.0,0.0
2024-06-21 15:35:00-04:00,4.465000152587891,4.480000019073486,4.460000038146973,4.46999979019165,55563,0.0,0.0
2024-06-21 15:40:00-04:00,4.474999904632568,4.474999904632568,4.460000038146973,4.465000152587891,55525,0.0,0.0
2024-06-21 15:45:00-04:00,4.465000152587891,4.480000019073486,4.460000038146973,4.460000038146973,74905,0.0,0.0
2024-06-21 15:50:00-04:00,4.465000152587891,4.465000152587891,4.340000152587891,4.400000095367432,471842,0.0,0.0
2024-06-21 15:55:00-04:00,4.400000095367432,4.429999828338623,4.400000095367432,4.420000076293945,302588,0.0,0.0
2024-06-24 09:30:00-04:00,4.420000076293945,4.46999979019165,4.414999961853027,4.46999979019165,18279,0.0,0.0
2024-06-24 09:35:00-04:00,4.460000038146973,4.460000038146973,4.409999847412109,4.409999847412109,14322,0.0,0.0
2024-06-24 09:40:00-04:00,4.400000095367432,4.429999828338623,4.400000095367432,4.409999847412109,10090,0.0,0.0
2024-06-24 09:45:00-04:00,4.414999961853027,4.429999828338623,4.414999961853027,4.429999828338623,5390,0.0,0.0
2024-06-24 09:50:00-04:00,4.434999942779541,4.460000038146973,4.425000190734863,4.425000190734863,17879,0.0,0.0
2024-06-24 09:55:00-04:00,4.429999828338623,4.440000057220459,4.429999828338623,4.440000057220459,7101,0.0,0.0
2024-06-24 10:00:00-04:00,4.440000057220459,4.449999809265137,4.425000190734863,4.425000190734863,11522,0.0,0.0
2024-06-24 10:05:00-04:00,4.420000076293945,4.420000076293945,4.400000095367432,4.409999847412109,16508,0.0,0.0
2024-06-24 10:10:00-04:00,4.414999961853027,4.414999961853027,4.389999866485596,4.40500020980835,11417,0.0,0.0
2024-06-24 10:15:00-04:00,4.400000095367432,4.40500020980835,4.385000228881836,4.394999980926514,24143,0.0,0.0
2024-06-24 10:20:00-04:00,4.400000095367432,4.40500020980835,4.400000095367432,4.400000095367432,11253,0.0,0.0
2024-06-24 10:25:00-04:00,4.40500020980835,4.40500020980835,4.394999980926514,4.394999980926514,11421,0.0,0.0
2024-06-24 10:30:00-04:00,4.394999980926514,4.40500020980835,4.380000114440918,4.394999980926514,16283,0.0,0.0
2024-06-24 10:35:00-04:00,4.394999980926514,4.40500020980835,4.385000228881836,4.400000095367432,18123,0.0,0.0
2024-06-24 10:40:00-04:00,4.409999847412109,4.414999961853027,4.40500020980835,4.414999961853027,7833,0.0,0.0
2024-06-24 10:45:00-04:00,4.414999961853027,4.414999961853027,4.400000095367432,4.400000095367432,7976,0.0,0.0
2024-06-24 10:50:00-04:00,4.400000095367432,4.40500020980835,4.394999980926514,4.394999980926514,14074,0.0,0.0
2024-06-24 10:55:00-04:00,4.394999980926514,4.400000095367432,4.389999866485596,4.389999866485596,4453,0.0,0.0
2024-06-24 11:00:00-04:00,4.394999980926514,4.400000095367432,4.385000228881836,4.385000228881836,17022,0.0,0.0
2024-06-24 11:05:00-04:00,4.385000228881836,4.400000095367432,4.385000228881836,4.394999980926514,15587,0.0,0.0
2024-06-24 11:10:00-04:00,4.400000095367432,4.400000095367432,4.380000114440918,4.385000228881836,7371,0.0,0.0
2024-06-24 11:15:00-04:00,4.380000114440918,4.400000095367432,4.369999885559082,4.394999980926514,19478,0.0,0.0
2024-06-24 11:20:00-04:00,4.389999866485596,4.389999866485596,4.375,4.380000114440918,12708,0.0,0.0
2024-06-24 11:25:00-04:00,4.380000114440918,4.389999866485596,4.380000114440918,4.380000114440918,3674,0.0,0.0
2024-06-24 11:30:00-04:00,4.385000228881836,4.385000228881836,4.369999885559082,4.369999885559082,5504,0.0,0.0
2024-06-24 11:35:00-04:00,4.369999885559082,4.375,4.369999885559082,4.369999885559082,5179,0.0,0.0
2024-06-24 11:40:00-04:00,4.369999885559082,4.375,4.360000133514404,4.360000133514404,8991,0.0,0.0
2024-06-24 11:45:00-04:00,4.364999771118164,4.364999771118164,4.355000019073486,4.355000019073486,7693,0.0,0.0
2024-06-24 11:50:00-04:00,4.349999904632568,4.369999885559082,4.34499979019165,4.369999885559082,26652,0.0,0.0
2024-06-24 11:55:00-04:00,4.364999771118164,4.369999885559082,4.364999771118164,4.364999771118164,2978,0.0,0.0
2024-06-24 12:00:00-04:00,4.366000175476074,4.377500057220459,4.364999771118164,4.375,11803,0.0,0.0
2024-06-24 12:05:00-04:00,4.369999885559082,4.369999885559082,4.369999885559082,4.369999885559082,3471,0.0,0.0
2024-06-24 12:10:00-04:00,4.369999885559082,4.369999885559082,4.369999885559082,4.369999885559082,2417,0.0,0.0
2024-06-24 12:15:00-04:00,4.369999885559082,4.369999885559082,4.364999771118164,4.364999771118164,6593,0.0,0.0
2024-06-24 12:20:00-04:00,4.360000133514404,4.375,4.360000133514404,4.375,8886,0.0,0.0
2024-06-24 12:25:00-04:00,4.369999885559082,4.369999885559082,4.364999771118164,4.364999771118164,6021,0.0,0.0
2024-06-24 12:30:00-04:00,4.364999771118164,4.364999771118164,4.360000133514404,4.360000133514404,1960,0.0,0.0
2024-06-24 12:35:00-04:00,4.360000133514404,4.360000133514404,4.349999904632568,4.355000019073486,11243,0.0,0.0
2024-06-24 12:40:00-04:00,4.349999904632568,4.349999904632568,4.340000152587891,4.34499979019165,5168,0.0,0.0
2024-06-24 12:45:00-04:00,4.340000152587891,4.355000019073486,4.340000152587891,4.355000019073486,12415,0.0,0.0
2024-06-24 12:50:00-04:00,4.355000019073486,4.355000019073486,4.349999904632568,4.349999904632568,4580,0.0,0.0
2024-06-24 12:55:00-04:00,4.349999904632568,4.355000019073486,4.340000152587891,4.34499979019165,5171,0.0,0.0
2024-06-24 13:00:00-04:00,4.340000152587891,4.340000152587891,4.329999923706055,4.329999923706055,4481,0.0,0.0
2024-06-24 13:05:00-04:00,4.329999923706055,4.34499979019165,4.329999923706055,4.340000152587891,26222,0.0,0.0
2024-06-24 13:10:00-04:00,4.340000152587891,4.34499979019165,4.335000038146973,4.335000038146973,5085,0.0,0.0
2024-06-24 13:15:00-04:00,4.335000038146973,4.335000038146973,4.329999923706055,4.329999923706055,3987,0.0,0.0
2024-06-24 13:20:00-04:00,4.335000038146973,4.340000152587891,4.320000171661377,4.335000038146973,21999,0.0,0.0
2024-06-24 13:25:00-04:00,4.335000038146973,4.335000038146973,4.329999923706055,4.329999923706055,1990,0.0,0.0
2024-06-24 13:30:00-04:00,4.329999923706055,4.340000152587891,4.329999923706055,4.335000038146973,6471,0.0,0.0
2024-06-24 13:35:00-04:00,4.329999923706055,4.335000038146973,4.329999923706055,4.329999923706055,4791,0.0,0.0
2024-06-24 13:40:00-04:00,4.329999923706055,4.335000038146973,4.329999923706055,4.335000038146973,4082,0.0,0.0
2024-06-24 13:45:00-04:00,4.335000038146973,4.335000038146973,4.329999923706055,4.335000038146973,15744,0.0,0.0
2024-06-24 13:50:00-04:00,4.329999923706055,4.335000038146973,4.329999923706055,4.329999923706055,6821,0.0,0.0
2024-06-24 13:55:00-04:00,4.329999923706055,4.340000152587891,4.329999923706055,4.335000038146973,6606,0.0,0.0
2024-06-24 14:00:00-04:00,4.335000038146973,4.335000038146973,4.329999923706055,4.335000038146973,4368,0.0,0.0
2024-06-24 14:05:00-04:00,4.329999923706055,4.340000152587891,4.320000171661377,4.340000152587891,28389,0.0,0.0
2024-06-24 14:10:00-04:00,4.34499979019165,4.349999904632568,4.34499979019165,4.349999904632568,1980,0.0,0.0
2024-06-24 14:15:00-04:00,4.34499979019165,4.349899768829346,4.34499979019165,4.34499979019165,6930,0.0,0.0
2024-06-24 14:20:00-04:00,4.34499979019165,4.347499847412109,4.340000152587891,4.34499979019165,4891,0.0,0.0
2024-06-24 14:25:00-04:00,4.34499979019165,4.34499979019165,4.340000152587891,4.34499979019165,5133,0.0,0.0
2024-06-24 14:30:00-04:00,4.340000152587891,4.34499979019165,4.335000038146973,4.335000038146973,16430,0.0,0.0
2024-06-24 14:35:00-04:00,4.329999923706055,4.340000152587891,4.329999923706055,4.329999923706055,7693,0.0,0.0
2024-06-24 14:40:00-04:00,4.335000038146973,4.335000038146973,4.329999923706055,4.329999923706055,6226,0.0,0.0
2024-06-24 14:45:00-04:00,4.335000038146973,4.335000038146973,4.329999923706055,4.329999923706055,5163,0.0,0.0
2024-06-24 14:50:00-04:00,4.335000038146973,4.339000225067139,4.329999923706055,4.335000038146973,8007,0.0,0.0
2024-06-24 14:55:00-04:00,4.335000038146973,4.340000152587891,4.324999809265137,4.324999809265137,16260,0.0,0.0
2024-06-24 15:00:00-04:00,4.324999809265137,4.335000038146973,4.320000171661377,4.320000171661377,40789,0.0,0.0
2024-06-24 15:05:00-04:00,4.320000171661377,4.324999809265137,4.320000171661377,4.320000171661377,3476,0.0,0.0
2024-06-24 15:10:00-04:00,4.320000171661377,4.320000171661377,4.309999942779541,4.309999942779541,28267,0.0,0.0
2024-06-24 15:15:00-04:00,4.309999942779541,4.318699836730957,4.309999942779541,4.318699836730957,11009,0.0,0.0
2024-06-24 15:20:00-04:00,4.309999942779541,4.317500114440918,4.304999828338623,4.304999828338623,23643,0.0,0.0
2024-06-24 15:25:00-04:00,4.304999828338623,4.309999942779541,4.300000190734863,4.300000190734863,10882,0.0,0.0
2024-06-24 15:30:00-04:00,4.304999828338623,4.315000057220459,4.304999828338623,4.304999828338623,45559,0.0,0.0
2024-06-24 15:35:00-04:00,4.304999828338623,4.309999942779541,4.300000190734863,4.309999942779541,11209,0.0,0.0
2024-06-24 15:40:00-04:00,4.304999828338623,4.304999828338623,4.289999961853027,4.295000076293945,38524,0.0,0.0
2024-06-24 15:45:00-04:00,4.291800022125244,4.2982001304626465,4.289999961853027,4.289999961853027,40109,0.0,0.0
2024-06-24 15:50:00-04:00,4.295000076293945,4.300000190734863,4.289999961853027,4.289999961853027,34424,0.0,0.0
2024-06-24 15:55:00-04:00,4.289999961853027,4.300000190734863,4.28000020980835,4.28000020980835,178074,0.0,0.0
2024-06-25 09:30:00-04:00,4.260000228881836,4.300000190734863,4.21999979019165,4.260000228881836,25905,0.0,0.0
2024-06-25 09:35:00-04:00,4.239999771118164,4.25,4.230000019073486,4.230000019073486,2078,0.0,0.0
2024-06-25 09:40:00-04:00,4.25,4.260000228881836,4.25,4.260000228881836,5967,0.0,0.0
2024-06-25 09:45:00-04:00,4.255000114440918,4.260000228881836,4.255000114440918,4.260000228881836,2312,0.0,0.0
2024-06-25 09:50:00-04:00,4.260000228881836,4.269999980926514,4.255000114440918,4.255000114440918,6111,0.0,0.0
2024-06-25 09:55:00-04:00,4.25,4.255000114440918,4.21999979019165,4.230000019073486,20811,0.0,0.0
2024-06-25 10:00:00-04:00,4.21999979019165,4.224999904632568,4.210000038146973,4.210000038146973,7861,0.0,0.0
2024-06-25 10:05:00-04:00,4.210000038146973,4.255000114440918,4.210000038146973,4.25,27196,0.0,0.0
2024-06-25 10:10:00-04:00,4.260000228881836,4.269999980926514,4.25,4.255000114440918,3363,0.0,0.0
2024-06-25 10:15:00-04:00,4.255000114440918,4.255000114440918,4.239999771118164,4.25,9888,0.0,0.0
2024-06-25 10:20:00-04:00,4.255000114440918,4.260000228881836,4.25,4.25,5324,0.0,0.0
2024-06-25 10:25:00-04:00,4.25,4.25,4.239999771118164,4.25,2369,0.0,0.0
2024-06-25 10:30:00-04:00,4.244999885559082,4.25,4.239999771118164,4.244999885559082,4037,0.0,0.0
2024-06-25 10:35:00-04:00,4.244999885559082,4.244999885559082,4.244999885559082,4.244999885559082,891,0.0,0.0
2024-06-25 10:40:00-04:00,4.244999885559082,4.255000114440918,4.239999771118164,4.244999885559082,7043,0.0,0.0
2024-06-25 10:45:00-04:00,4.239999771118164,4.239999771118164,4.224999904632568,4.230000019073486,15876,0.0,0.0
2024-06-25 10:50:00-04:00,4.230000019073486,4.230000019073486,4.220099925994873,4.220099925994873,1713,0.0,0.0
2024-06-25 10:55:00-04:00,4.224999904632568,4.224999904632568,4.210000038146973,4.215000152587891,9585,0.0,0.0
2024-06-25 11:00:00-04:00,4.215000152587891,4.21999979019165,4.210000038146973,4.215000152587891,4682,0.0,0.0
2024-06-25 11:05:00-04:00,4.215000152587891,4.215000152587891,4.215000152587891,4.215000152587891,864,0.0,0.0
2024-06-25 11:10:00-04:00,4.215000152587891,4.230000019073486,4.210000038146973,4.210000038146973,11004,0.0,0.0
2024-06-25 11:15:00-04:00,4.215000152587891,4.260000228881836,4.215000152587891,4.255000114440918,37117,0.0,0.0
2024-06-25 11:20:00-04:00,4.255000114440918,4.260000228881836,4.239999771118164,4.244999885559082,8831,0.0,0.0
2024-06-25 11:25:00-04:00,4.244999885559082,4.244999885559082,4.244999885559082,4.244999885559082,2465,0.0,0.0
2024-06-25 11:30:00-04:00,4.244999885559082,4.255000114440918,4.239999771118164,4.244999885559082,8723,0.0,0.0
2024-06-25 11:35:00-04:00,4.244999885559082,4.244999885559082,4.244999885559082,4.244999885559082,1566,0.0,0.0
2024-06-25 11:40:00-04:00,4.25,4.25,4.239999771118164,4.244999885559082,2610,0.0,0.0
2024-06-25 11:45:00-04:00,4.244999885559082,4.25,4.239999771118164,4.239999771118164,3255,0.0,0.0
2024-06-25 11:50:00-04:00,4.244999885559082,4.25,4.235000133514404,4.239999771118164,9919,0.0,0.0
2024-06-25 11:55:00-04:00,4.239999771118164,4.239999771118164,4.230000019073486,4.230000019073486,4941,0.0,0.0
2024-06-25 12:00:00-04:00,4.230000019073486,4.235000133514404,4.230000019073486,4.235000133514404,3212,0.0,0.0
2024-06-25 12:05:00-04:00,4.235000133514404,4.239999771118164,4.230000019073486,4.235000133514404,9582,0.0,0.0
2024-06-25 12:10:00-04:00,4.235000133514404,4.235000133514404,4.235000133514404,4.235000133514404,893,0.0,0.0
2024-06-25 12:15:00-04:00,4.235000133514404,4.25,4.235000133514404,4.244999885559082,12396,0.0,0.0
2024-06-25 12:20:00-04:00,4.244999885559082,4.25,4.239999771118164,4.25,2074,0.0,0.0
2024-06-25 12:25:00-04:00,4.244999885559082,4.25,4.239999771118164,4.244999885559082,2137,0.0,0.0
2024-06-25 12:30:00-04:00,4.244999885559082,4.25,4.239999771118164,4.244999885559082,1978,0.0,0.0
2024-06-25 12:35:00-04:00,4.244999885559082,4.25,4.244999885559082,4.244999885559082,3583,0.0,0.0
2024-06-25 12:40:00-04:00,4.244999885559082,4.25,4.244999885559082,4.244999885559082,6260,0.0,0.0
2024-06-25 12:45:00-04:00,4.244999885559082,4.244999885559082,4.230000019073486,4.230000019073486,19050,0.0,0.0
2024-06-25 12:50:00-04:00,4.235000133514404,4.235000133514404,4.230000019073486,4.235000133514404,2156,0.0,0.0
2024-06-25 12:55:00-04:00,4.235000133514404,4.239999771118164,4.230000019073486,4.230199813842773,3128,0.0,0.0
2024-06-25 13:00:00-04:00,4.235000133514404,4.239999771118164,4.230000019073486,4.230000019073486,3042,0.0,0.0
2024-06-25 13:05:00-04:00,4.230000019073486,4.230000019073486,4.21999979019165,4.224999904632568,10400,0.0,0.0
2024-06-25 13:10:00-04:00,4.224999904632568,4.235000133514404,4.224999904632568,4.235000133514404,4128,0.0,0.0
2024-06-25 13:15:00-04:00,4.235000133514404,4.239999771118164,4.235000133514404,4.235000133514404,1368,0.0,0.0
2024-06-25 13:20:00-04:00,4.235000133514404,4.239999771118164,4.230000019073486,4.239999771118164,2663,0.0,0.0
2024-06-25 13:25:00-04:00,4.235000133514404,4.239999771118164,4.235000133514404,4.235000133514404,2643,0.0,0.0
2024-06-25 13:30:00-04:00,4.235000133514404,4.260000228881836,4.235000133514404,4.25,11019,0.0,0.0
2024-06-25 13:35:00-04:00,4.255000114440918,4.260000228881836,4.25,4.260000228881836,2722,0.0,0.0
2024-06-25 13:40:00-04:00,4.260000228881836,4.260000228881836,4.25,4.255000114440918,1913,0.0,0.0
2024-06-25 13:45:00-04:00,4.260000228881836,4.260000228881836,4.25,4.25,2801,0.0,0.0
2024-06-25 13:50:00-04:00,4.255000114440918,4.260000228881836,4.239999771118164,4.239999771118164,15231,0.0,0.0
2024-06-25 13:55:00-04:00,4.239999771118164,4.239999771118164,4.230000019073486,4.230000019073486,4015,0.0,0.0
2024-06-25 14:00:00-04:00,4.235000133514404,4.235000133514404,4.224999904632568,4.230000019073486,10075,0.0,0.0
2024-06-25 14:05:00-04:00,4.230100154876709,4.230100154876709,4.230000019073486,4.230000019073486,2310,0.0,0.0
2024-06-25 14:10:00-04:00,4.230000019073486,4.235000133514404,4.230000019073486,4.235000133514404,1361,0.0,0.0
2024-06-25 14:15:00-04:00,4.235000133514404,4.25,4.235000133514404,4.244999885559082,6619,0.0,0.0
2024-06-25 14:20:00-04:00,4.25,4.25,4.244999885559082,4.244999885559082,2868,0.0,0.0
2024-06-25 14:25:00-04:00,4.25,4.25,4.239999771118164,4.25,1950,0.0,0.0
2024-06-25 14:30:00-04:00,4.25,4.25,4.230000019073486,4.235000133514404,6312,0.0,0.0
2024-06-25 14:35:00-04:00,4.230000019073486,4.239999771118164,4.230000019073486,4.239999771118164,1924,0.0,0.0
2024-06-25 14:40:00-04:00,4.235000133514404,4.239999771118164,4.230000019073486,4.239999771118164,1719,0.0,0.0
2024-06-25 14:45:00-04:00,4.239999771118164,4.239999771118164,4.21999979019165,4.224999904632568,14634,0.0,0.0
2024-06-25 14:50:00-04:00,4.224999904632568,4.224999904632568,4.224999904632568,4.224999904632568,1449,0.0,0.0
2024-06-25 14:55:00-04:00,4.21999979019165,4.230000019073486,4.21999979019165,4.21999979019165,2079,0.0,0.0
2024-06-25 15:00:00-04:00,4.21999979019165,4.230000019073486,4.21999979019165,4.21999979019165,7137,0.0,0.0
2024-06-25 15:05:00-04:00,4.21999979019165,4.21999979019165,4.210000038146973,4.210000038146973,9177,0.0,0.0
2024-06-25 15:10:00-04:00,4.21999979019165,4.21999979019165,4.210000038146973,4.210000038146973,4543,0.0,0.0
2024-06-25 15:15:00-04:00,4.215000152587891,4.21999979019165,4.210000038146973,4.210000038146973,4017,0.0,0.0
2024-06-25 15:20:00-04:00,4.21999979019165,4.230000019073486,4.215000152587891,4.224999904632568,10352,0.0,0.0
2024-06-25 15:25:00-04:00,4.224999904632568,4.230000019073486,4.21999979019165,4.224999904632568,6680,0.0,0.0
2024-06-25 15:30:00-04:00,4.224999904632568,4.224999904632568,4.210000038146973,4.215000152587891,20724,0.0,0.0
2024-06-25 15:35:00-04:00,4.215000152587891,4.215000152587891,4.215000152587891,4.215000152587891,3525,0.0,0.0
2024-06-25 15:40:00-04:00,4.215000152587891,4.21999979019165,4.215000152587891,4.21999979019165,5437,0.0,0.0
2024-06-25 15:45:00-04:00,4.21999979019165,4.21999979019165,4.210000038146973,4.215000152587891,15943,0.0,0.0
2024-06-25 15:50:00-04:00,4.210000038146973,4.21999979019165,4.210000038146973,4.21999979019165,27060,0.0,0.0
2024-06-25 15:55:00-04:00,4.21999979019165,4.21999979019165,4.210000038146973,4.215000152587891,107063,0.0,0.0
2024-06-26 09:30:00-04:00,4.199999809265137,4.230000019073486,4.150000095367432,4.159999847412109,21652,0.0,0.0
2024-06-26 09:35:00-04:00,4.150000095367432,4.159999847412109,4.139999866485596,4.150000095367432,4844,0.0,0.0
2024-06-26 09:40:00-04:00,4.15500020980835,4.170000076293945,4.150000095367432,4.164999961853027,4738,0.0,0.0
2024-06-26 09:45:00-04:00,4.159999847412109,4.159999847412109,4.139999866485596,4.159999847412109,21036,0.0,0.0
2024-06-26 09:50:00-04:00,4.170000076293945,4.195000171661377,4.170000076293945,4.195000171661377,2588,0.0,0.0
2024-06-26 09:55:00-04:00,4.195099830627441,4.195099830627441,4.190000057220459,4.190000057220459,3541,0.0,0.0
2024-06-26 10:00:00-04:00,4.195000171661377,4.215000152587891,4.195000171661377,4.204999923706055,8348,0.0,0.0
2024-06-26 10:05:00-04:00,4.199999809265137,4.204999923706055,4.195000171661377,4.204999923706055,6166,0.0,0.0
2024-06-26 10:10:00-04:00,4.204999923706055,4.2104997634887695,4.204999923706055,4.204999923706055,3688,0.0,0.0
2024-06-26 10:15:00-04:00,4.204999923706055,4.204999923706055,4.199999809265137,4.199999809265137,525,0.0,0.0
2024-06-26 10:20:00-04:00,4.199999809265137,4.215000152587891,4.195000171661377,4.195000171661377,20192,0.0,0.0
2024-06-26 10:25:00-04:00,4.199999809265137,4.204999923706055,4.199999809265137,4.204999923706055,2850,0.0,0.0
2024-06-26 10:30:00-04:00,4.199999809265137,4.204999923706055,4.190000057220459,4.190000057220459,6913,0.0,0.0
2024-06-26 10:35:00-04:00,4.190000057220459,4.190000057220459,4.170000076293945,4.170000076293945,3307,0.0,0.0
2024-06-26 10:40:00-04:00,4.170000076293945,4.179999828338623,4.170000076293945,4.170000076293945,6573,0.0,0.0
2024-06-26 10:45:00-04:00,4.170000076293945,4.170000076293945,4.159999847412109,4.170000076293945,15656,0.0,0.0
2024-06-26 10:50:00-04:00,4.175000190734863,4.179999828338623,4.159999847412109,4.159999847412109,15109,0.0,0.0
2024-06-26 10:55:00-04:00,4.164999961853027,4.164999961853027,4.159999847412109,4.164999961853027,3660,0.0,0.0
2024-06-26 11:00:00-04:00,4.170000076293945,4.204999923706055,4.170000076293945,4.184999942779541,72222,0.0,0.0
2024-06-26 11:05:00-04:00,4.184999942779541,4.195000171661377,4.179999828338623,4.195000171661377,10598,0.0,0.0
2024-06-26 11:10:00-04:00,4.190000057220459,4.195000171661377,4.179999828338623,4.195000171661377,9483,0.0,0.0
2024-06-26 11:15:00-04:00,4.195000171661377,4.195000171661377,4.190000057220459,4.190000057220459,2573,0.0,0.0
2024-06-26 11:20:00-04:00,4.190000057220459,4.195000171661377,4.179999828338623,4.195000171661377,15083,0.0,0.0
2024-06-26 11:25:00-04:00,4.199999809265137,4.199999809265137,4.190000057220459,4.199999809265137,7389,0.0,0.0
2024-06-26 11:30:00-04:00,4.199999809265137,4.210000038146973,4.199999809265137,4.199999809265137,9569,0.0,0.0
2024-06-26 11:35:00-04:00,4.204999923706055,4.210000038146973,4.199999809265137,4.199999809265137,3108,0.0,0.0
2024-06-26 11:40:00-04:00,4.204999923706055,4.210000038146973,4.199999809265137,4.199999809265137,12280,0.0,0.0
2024-06-26 11:45:00-04:00,4.210000038146973,4.21999979019165,4.210000038146973,4.215000152587891,4826,0.0,0.0
2024-06-26 11:50:00-04:00,4.21999979019165,4.21999979019165,4.210000038146973,4.215000152587891,8627,0.0,0.0
2024-06-26 11:55:00-04:00,4.215000152587891,4.215000152587891,4.210000038146973,4.215000152587891,3250,0.0,0.0
2024-06-26 12:00:00-04:00,4.210000038146973,4.210000038146973,4.199999809265137,4.199999809265137,12013,0.0,0.0
2024-06-26 12:05:00-04:00,4.199999809265137,4.204999923706055,4.199999809265137,4.199999809265137,3260,0.0,0.0
2024-06-26 12:10:00-04:00,4.199999809265137,4.199999809265137,4.190000057220459,4.199999809265137,11832,0.0,0.0
2024-06-26 12:15:00-04:00,4.199999809265137,4.204999923706055,4.199999809265137,4.199999809265137,3120,0.0,0.0
2024-06-26 12:20:00-04:00,4.199999809265137,4.204999923706055,4.199999809265137,4.199999809265137,3591,0.0,0.0
2024-06-26 12:25:00-04:00,4.199999809265137,4.199999809265137,4.179999828338623,4.184999942779541,31507,0.0,0.0
2024-06-26 12:30:00-04:00,4.184999942779541,4.195000171661377,4.179999828338623,4.191699981689453,9436,0.0,0.0
2024-06-26 12:35:00-04:00,4.190000057220459,4.190000057220459,4.179999828338623,4.184999942779541,15703,0.0,0.0
2024-06-26 12:40:00-04:00,4.184999942779541,4.190000057220459,4.179999828338623,4.184999942779541,5473,0.0,0.0
2024-06-26 12:45:00-04:00,4.184999942779541,4.190000057220459,4.179999828338623,4.184999942779541,5082,0.0,0.0
2024-06-26 12:50:00-04:00,4.184999942779541,4.184999942779541,4.179999828338623,4.184999942779541,4231,0.0,0.0
2024-06-26 12:55:00-04:00,4.184999942779541,4.195000171661377,4.179999828338623,4.190000057220459,10648,0.0,0.0
2024-06-26 13:00:00-04:00,4.190000057220459,4.199999809265137,4.179999828338623,4.195000171661377,11283,0.0,0.0
2024-06-26 13:05:00-04:00,4.195000171661377,4.19950008392334,4.190000057220459,4.190000057220459,2615,0.0,0.0
2024-06-26 13:10:00-04:00,4.195000171661377,4.195000171661377,4.190000057220459,4.190000057220459,2569,0.0,0.0
2024-06-26 13:15:00-04:00,4.195000171661377,4.195000171661377,4.179999828338623,4.184999942779541,13667,0.0,0.0
2024-06-26 13:20:00-04:00,4.184999942779541,4.190000057220459,4.179999828338623,4.184999942779541,23440,0.0,0.0
2024-06-26 13:25:00-04:00,4.184999942779541,4.184999942779541,4.170000076293945,4.175000190734863,28449,0.0,0.0
2024-06-26 13:30:00-04:00,4.175000190734863,4.179999828338623,4.170000076293945,4.175000190734863,6787,0.0,0.0
2024-06-26 13:35:00-04:00,4.175000190734863,4.184999942779541,4.170000076293945,4.184999942779541,12284,0.0,0.0
2024-06-26 13:40:00-04:00,4.184999942779541,4.184999942779541,4.179999828338623,4.184999942779541,10730,0.0,0.0
2024-06-26 13:45:00-04:00,4.184999942779541,4.184999942779541,4.170000076293945,4.175000190734863,23645,0.0,0.0
2024-06-26 13:50:00-04:00,4.170000076293945,4.179999828338623,4.170000076293945,4.175000190734863,5538,0.0,0.0
2024-06-26 13:55:00-04:00,4.175000190734863,4.179999828338623,4.170000076293945,4.175000190734863,7028,0.0,0.0
2024-06-26 14:00:00-04:00,4.175000190734863,4.179999828338623,4.170000076293945,4.175000190734863,6446,0.0,0.0
2024-06-26 14:05:00-04:00,4.175000190734863,4.179999828338623,4.170000076293945,4.175000190734863,6845,0.0,0.0
2024-06-26 14:10:00-04:00,4.170000076293945,4.179999828338623,4.170000076293945,4.175000190734863,6389,0.0,0.0
2024-06-26 14:15:00-04:00,4.175000190734863,4.175000190734863,4.170000076293945,4.175000190734863,4204,0.0,0.0
2024-06-26 14:20:00-04:00,4.175000190734863,4.190000057220459,4.170000076293945,4.184999942779541,32997,0.0,0.0
2024-06-26 14:25:00-04:00,4.184999942779541,4.195000171661377,4.179999828338623,4.195000171661377,9530,0.0,0.0
2024-06-26 14:30:00-04:00,4.195000171661377,4.199999809265137,4.190000057220459,4.195000171661377,1228,0.0,0.0
2024-06-26 14:35:00-04:00,4.190000057220459,4.195000171661377,4.160999774932861,4.179999828338623,53524,0.0,0.0
2024-06-26 14:40:00-04:00,4.175000190734863,4.175000190734863,4.170000076293945,4.170000076293945,3316,0.0,0.0
2024-06-26 14:45:00-04:00,4.170000076293945,4.175000190734863,4.159999847412109,4.159999847412109,11645,0.0,0.0
2024-06-26 14:50:00-04:00,4.164999961853027,4.170000076293945,4.159999847412109,4.170000076293945,5316,0.0,0.0
2024-06-26 14:55:00-04:00,4.164999961853027,4.164999961853027,4.150000095367432,4.150199890136719,14244,0.0,0.0
2024-06-26 15:00:00-04:00,4.150000095367432,4.15500020980835,4.150000095367432,4.15500020980835,3767,0.0,0.0
2024-06-26 15:05:00-04:00,4.15500020980835,4.165200233459473,4.15500020980835,4.164999961853027,15328,0.0,0.0
2024-06-26 15:10:00-04:00,4.164999961853027,4.164999961853027,4.150000095367432,4.150000095367432,11608,0.0,0.0
2024-06-26 15:15:00-04:00,4.15500020980835,4.15500020980835,4.150000095367432,4.15500020980835,10486,0.0,0.0
2024-06-26 15:20:00-04:00,4.150000095367432,4.164999961853027,4.150000095367432,4.164999961853027,40953,0.0,0.0
2024-06-26 15:25:00-04:00,4.164999961853027,4.170000076293945,4.160999774932861,4.160999774932861,20261,0.0,0.0
2024-06-26 15:30:00-04:00,4.164999961853027,4.170000076293945,4.159999847412109,4.164999961853027,17953,0.0,0.0
2024-06-26 15:35:00-04:00,4.164999961853027,4.170000076293945,4.159999847412109,4.164999961853027,23647,0.0,0.0
2024-06-26 15:40:00-04:00,4.164999961853027,4.170000076293945,4.159999847412109,4.164999961853027,29651,0.0,0.0
2024-06-26 15:45:00-04:00,4.1682000160217285,4.170000076293945,4.159999847412109,4.164999961853027,25797,0.0,0.0
2024-06-26 15:50:00-04:00,4.159999847412109,4.179999828338623,4.159999847412109,4.175000190734863,60374,0.0,0.0
2024-06-26 15:55:00-04:00,4.175000190734863,4.210000038146973,4.170000076293945,4.210000038146973,155947,0.0,0.0
2024-06-27 09:30:00-04:00,4.21999979019165,4.21999979019165,4.150000095367432,4.15500020980835,11342,0.0,0.0
2024-06-27 09:35:00-04:00,4.164999961853027,4.190000057220459,4.159999847412109,4.170000076293945,4415,0.0,0.0
2024-06-27 09:40:00-04:00,4.170000076293945,4.170000076293945,4.170000076293945,4.170000076293945,683,0.0,0.0
2024-06-27 09:45:00-04:00,4.190000057220459,4.199999809265137,4.179999828338623,4.190000057220459,3682,0.0,0.0
2024-06-27 09:50:00-04:00,4.190000057220459,4.204999923706055,4.190000057220459,4.204999923706055,2659,0.0,0.0
2024-06-27 09:55:00-04:00,4.204999923706055,4.2179999351501465,4.199999809265137,4.210000038146973,4461,0.0,0.0
2024-06-27 10:00:00-04:00,4.21999979019165,4.235000133514404,4.204999923706055,4.224999904632568,25076,0.0,0.0
2024-06-27 10:05:00-04:00,4.224999904632568,4.224999904632568,4.210000038146973,4.215000152587891,6097,0.0,0.0
2024-06-27 10:10:00-04:00,4.215000152587891,4.235000133514404,4.204999923706055,4.224999904632568,24472,0.0,0.0
2024-06-27 10:15:00-04:00,4.224999904632568,4.224999904632568,4.195000171661377,4.195000171661377,6765,0.0,0.0
2024-06-27 10:20:00-04:00,4.195000171661377,4.204999923706055,4.195000171661377,4.195000171661377,3044,0.0,0.0
2024-06-27 10:25:00-04:00,4.199999809265137,4.199999809265137,4.199999809265137,4.199999809265137,2627,0.0,0.0
2024-06-27 10:30:00-04:00,4.199999809265137,4.199999809265137,4.190000057220459,4.199999809265137,5333,0.0,0.0
2024-06-27 10:35:00-04:00,4.199999809265137,4.204999923706055,4.199999809265137,4.204999923706055,1809,0.0,0.0
2024-06-27 10:40:00-04:00,4.204999923706055,4.210000038146973,4.204999923706055,4.204999923706055,7412,0.0,0.0
2024-06-27 10:45:00-04:00,4.204999923706055,4.215000152587891,4.199999809265137,4.210000038146973,7006,0.0,0.0
2024-06-27 10:50:00-04:00,4.199999809265137,4.199999809265137,4.190000057220459,4.195000171661377,3315,0.0,0.0
2024-06-27 10:55:00-04:00,4.195000171661377,4.195000171661377,4.190000057220459,4.190000057220459,1558,0.0,0.0
2024-06-27 11:00:00-04:00,4.195000171661377,4.199999809265137,4.190000057220459,4.195000171661377,2809,0.0,0.0
2024-06-27 11:05:00-04:00,4.199999809265137,4.21999979019165,4.195000171661377,4.215000152587891,16650,0.0,0.0
2024-06-27 11:10:00-04:00,4.210000038146973,4.210000038146973,4.199999809265137,4.210000038146973,5344,0.0,0.0
2024-06-27 11:15:00-04:00,4.210000038146973,4.210000038146973,4.199999809265137,4.204999923706055,1561,0.0,0.0
2024-06-27 11:20:00-04:00,4.199999809265137,4.210000038146973,4.199999809265137,4.199999809265137,4442,0.0,0.0
2024-06-27 11:25:00-04:00,4.204999923706055,4.204999923706055,4.190000057220459,4.195000171661377,6020,0.0,0.0
2024-06-27 11:30:00-04:00,4.199999809265137,4.204999923706055,4.195000171661377,4.199999809265137,3067,0.0,0.0
2024-06-27 11:35:00-04:00,4.199999809265137,4.204999923706055,4.190000057220459,4.204999923706055,5247,0.0,0.0
2024-06-27 11:40:00-04:00,4.199999809265137,4.216400146484375,4.199999809265137,4.204999923706055,10489,0.0,0.0
2024-06-27 11:45:00-04:00,4.210000038146973,4.235000133514404,4.199999809265137,4.235000133514404,8014,0.0,0.0
2024-06-27 11:50:00-04:00,4.235000133514404,4.275000095367432,4.235000133514404,4.275000095367432,9126,0.0,0.0
2024-06-27 11:55:00-04:00,4.275000095367432,4.28000020980835,4.260000228881836,4.264999866485596,7219,0.0,0.0
2024-06-27 12:00:00-04:00,4.260000228881836,4.260000228881836,4.239999771118164,4.255000114440918,14409,0.0,0.0
2024-06-27 12:05:00-04:00,4.254300117492676,4.254300117492676,4.244999885559082,4.244999885559082,7553,0.0,0.0
2024-06-27 12:10:00-04:00,4.244999885559082,4.244999885559082,4.244999885559082,4.244999885559082,270,0.0,0.0
2024-06-27 12:15:00-04:00,4.25,4.25,4.244999885559082,4.244999885559082,1721,0.0,0.0
2024-06-27 12:20:00-04:00,4.244999885559082,4.244999885559082,4.230000019073486,4.230000019073486,8587,0.0,0.0
2024-06-27 12:25:00-04:00,4.230000019073486,4.235000133514404,4.230000019073486,4.235000133514404,2648,0.0,0.0
2024-06-27 12:30:00-04:00,4.235000133514404,4.235000133514404,4.235000133514404,4.235000133514404,1177,0.0,0.0
2024-06-27 12:35:00-04:00,4.235000133514404,4.239999771118164,4.230000019073486,4.235000133514404,1637,0.0,0.0
2024-06-27 12:40:00-04:00,4.235000133514404,4.239999771118164,4.235000133514404,4.239999771118164,5631,0.0,0.0
2024-06-27 12:45:00-04:00,4.239999771118164,4.248000144958496,4.239999771118164,4.244999885559082,5130,0.0,0.0
2024-06-27 12:50:00-04:00,4.239999771118164,4.248000144958496,4.239999771118164,4.239999771118164,4027,0.0,0.0
2024-06-27 12:55:00-04:00,4.230000019073486,4.235000133514404,4.230000019073486,4.235000133514404,3586,0.0,0.0
2024-06-27 13:00:00-04:00,4.235000133514404,4.239999771118164,4.2347002029418945,4.235000133514404,14192,0.0,0.0
2024-06-27 13:05:00-04:00,4.235000133514404,4.235000133514404,4.235000133514404,4.235000133514404,2925,0.0,0.0
2024-06-27 13:10:00-04:00,4.239999771118164,4.239999771118164,4.231900215148926,4.235000133514404,8217,0.0,0.0
2024-06-27 13:15:00-04:00,4.235000133514404,4.239999771118164,4.235000133514404,4.235000133514404,3008,0.0,0.0
2024-06-27 13:20:00-04:00,4.235000133514404,4.239999771118164,4.235000133514404,4.235000133514404,2116,0.0,0.0
2024-06-27 13:25:00-04:00,4.235000133514404,4.239999771118164,4.230000019073486,4.235000133514404,6287,0.0,0.0
2024-06-27 13:30:00-04:00,4.239999771118164,4.239999771118164,4.21999979019165,4.224999904632568,12338,0.0,0.0
2024-06-27 13:35:00-04:00,4.224999904632568,4.230000019073486,4.224999904632568,4.230000019073486,2176,0.0,0.0
2024-06-27 13:40:00-04:00,4.224999904632568,4.25,4.224999904632568,4.25,11090,0.0,0.0
2024-06-27 13:45:00-04:00,4.244999885559082,4.255000114440918,4.239999771118164,4.25,25141,0.0,0.0
2024-06-27 13:50:00-04:00,4.255000114440918,4.255000114440918,4.255000114440918,4.255000114440918,1873,0.0,0.0
2024-06-27 13:55:00-04:00,4.255000114440918,4.255000114440918,4.239999771118164,4.239999771118164,4723,0.0,0.0
2024-06-27 14:00:00-04:00,4.244999885559082,4.244999885559082,4.239999771118164,4.239999771118164,7673,0.0,0.0
2024-06-27 14:05:00-04:00,4.244999885559082,4.244999885559082,4.239999771118164,4.239999771118164,1634,0.0,0.0
2024-06-27 14:10:00-04:00,4.25,4.255000114440918,4.239999771118164,4.244999885559082,11170,0.0,0.0
2024-06-27 14:15:00-04:00,4.239999771118164,4.239999771118164,4.215000152587891,4.224999904632568,10220,0.0,0.0
2024-06-27 14:20:00-04:00,4.21999979019165,4.21999979019165,4.21999979019165,4.21999979019165,1925,0.0,0.0
2024-06-27 14:25:00-04:00,4.210000038146973,4.21999979019165,4.210000038146973,4.21999979019165,7462,0.0,0.0
2024-06-27 14:30:00-04:00,4.21999979019165,4.224999904632568,4.21999979019165,4.224999904632568,4964,0.0,0.0
2024-06-27 14:35:00-04:00,4.224999904632568,4.224999904632568,4.21999979019165,4.21999979019165,2666,0.0,0.0
2024-06-27 14:40:00-04:00,4.21999979019165,4.224999904632568,4.21999979019165,4.224999904632568,2175,0.0,0.0
2024-06-27 14:45:00-04:00,4.230000019073486,4.230000019073486,4.224999904632568,4.230000019073486,11383,0.0,0.0
2024-06-27 14:50:00-04:00,4.230000019073486,4.23799991607666,4.230000019073486,4.235000133514404,6532,0.0,0.0
2024-06-27 14:55:00-04:00,4.235000133514404,4.239999771118164,4.232500076293945,4.232500076293945,3991,0.0,0.0
2024-06-27 15:00:00-04:00,4.235000133514404,4.235000133514404,4.230000019073486,4.230000019073486,2970,0.0,0.0
2024-06-27 15:05:00-04:00,4.235000133514404,4.235000133514404,4.230000019073486,4.230000019073486,2435,0.0,0.0
2024-06-27 15:10:00-04:00,4.235000133514404,4.235000133514404,4.21999979019165,4.224999904632568,10106,0.0,0.0
2024-06-27 15:15:00-04:00,4.21999979019165,4.230000019073486,4.21999979019165,4.21999979019165,2905,0.0,0.0
2024-06-27 15:20:00-04:00,4.224999904632568,4.230000019073486,4.21999979019165,4.21999979019165,21432,0.0,0.0
2024-06-27 15:25:00-04:00,4.224999904632568,4.224999904632568,4.21999979019165,4.224999904632568,5049,0.0,0.0
2024-06-27 15:30:00-04:00,4.224999904632568,4.224999904632568,4.210000038146973,4.215000152587891,13842,0.0,0.0
2024-06-27 15:35:00-04:00,4.215000152587891,4.215000152587891,4.210000038146973,4.215000152587891,5178,0.0,0.0
2024-06-27 15:40:00-04:00,4.215000152587891,4.21999979019165,4.210000038146973,4.215000152587891,7019,0.0,0.0
2024-06-27 15:45:00-04:00,4.215000152587891,4.215000152587891,4.210000038146973,4.210000038146973,10228,0.0,0.0
2024-06-27 15:50:00-04:00,4.215000152587891,4.21999979019165,4.210000038146973,4.21999979019165,20654,0.0,0.0
2024-06-27 15:55:00-04:00,4.215000152587891,4.21999979019165,4.210000038146973,4.215000152587891,74611,0.0,0.0
2024-06-28 09:30:00-04:00,4.25,4.284999847412109,4.230000019073486,4.239999771118164,10676,0.0,0.0
2024-06-28 09:35:00-04:00,4.25,4.260000228881836,4.25,4.260000228881836,3199,0.0,0.0
2024-06-28 09:40:00-04:00,4.25,4.25,4.230000019073486,4.230000019073486,6245,0.0,0.0
2024-06-28 09:45:00-04:00,4.230000019073486,4.230000019073486,4.210000038146973,4.215000152587891,1863,0.0,0.0
2024-06-28 09:50:00-04:00,4.21999979019165,4.21999979019165,4.215000152587891,4.215000152587891,2001,0.0,0.0
2024-06-28 09:55:00-04:00,4.215000152587891,4.21999979019165,4.215000152587891,4.21999979019165,4124,0.0,0.0
2024-06-28 10:00:00-04:00,4.21999979019165,4.21999979019165,4.204999923706055,4.210000038146973,5395,0.0,0.0
2024-06-28 10:05:00-04:00,4.210000038146973,4.21999979019165,4.204999923706055,4.21999979019165,13857,0.0,0.0
2024-06-28 10:10:00-04:00,4.210000038146973,4.210000038146973,4.199999809265137,4.199999809265137,5727,0.0,0.0
2024-06-28 10:15:00-04:00,4.204999923706055,4.210000038146973,4.204999923706055,4.210000038146973,1648,0.0,0.0
2024-06-28 10:20:00-04:00,4.204999923706055,4.21999979019165,4.199999809265137,4.21999979019165,7278,0.0,0.0
2024-06-28 10:25:00-04:00,4.230000019073486,4.239999771118164,4.224999904632568,4.236800193786621,4086,0.0,0.0
2024-06-28 10:30:00-04:00,4.239999771118164,4.239999771118164,4.239999771118164,4.239999771118164,630,0.0,0.0
2024-06-28 10:35:00-04:00,4.230000019073486,4.239999771118164,4.230000019073486,4.235000133514404,2533,0.0,0.0
2024-06-28 10:40:00-04:00,4.235000133514404,4.244999885559082,4.235000133514404,4.244999885559082,3916,0.0,0.0
2024-06-28 10:45:00-04:00,4.25,4.25,4.244999885559082,4.244999885559082,1381,0.0,0.0
2024-06-28 10:50:00-04:00,4.25,4.25,4.239999771118164,4.239999771118164,2941,0.0,0.0
2024-06-28 10:55:00-04:00,4.239999771118164,4.244999885559082,4.230000019073486,4.235000133514404,5363,0.0,0.0
2024-06-28 11:00:00-04:00,4.239999771118164,4.239999771118164,4.235000133514404,4.235000133514404,2494,0.0,0.0
2024-06-28 11:05:00-04:00,4.235000133514404,4.235000133514404,4.21999979019165,4.224999904632568,5986,0.0,0.0
2024-06-28 11:10:00-04:00,4.224999904632568,4.224999904632568,4.224999904632568,4.224999904632568,149,0.0,0.0
2024-06-28 11:15:00-04:00,4.21999979019165,4.230000019073486,4.21999979019165,4.230000019073486,1827,0.0,0.0
2024-06-28 11:20:00-04:00,4.21999979019165,4.239999771118164,4.21999979019165,4.239999771118164,5557,0.0,0.0
2024-06-28 11:25:00-04:00,4.239999771118164,4.244999885559082,4.235199928283691,4.244999885559082,8007,0.0,0.0
2024-06-28 11:30:00-04:00,4.244999885559082,4.25,4.239999771118164,4.239999771118164,2629,0.0,0.0
2024-06-28 11:35:00-04:00,4.244999885559082,4.25,4.242499828338623,4.25,7410,0.0,0.0
2024-06-28 11:40:00-04:00,4.244999885559082,4.25,4.235000133514404,4.235000133514404,6216,0.0,0.0
2024-06-28 11:45:00-04:00,4.239999771118164,4.239999771118164,4.230000019073486,4.235000133514404,3803,0.0,0.0
2024-06-28 11:50:00-04:00,4.230000019073486,4.239999771118164,4.230000019073486,4.235000133514404,6121,0.0,0.0
2024-06-28 11:55:00-04:00,4.239999771118164,4.25,4.239999771118164,4.244999885559082,4866,0.0,0.0
2024-06-28 12:00:00-04:00,4.244999885559082,4.244999885559082,4.239999771118164,4.239999771118164,2949,0.0,0.0
2024-06-28 12:05:00-04:00,4.244999885559082,4.25,4.235000133514404,4.25,4514,0.0,0.0
2024-06-28 12:10:00-04:00,4.244999885559082,4.244999885559082,4.239999771118164,4.239999771118164,2633,0.0,0.0
2024-06-28 12:15:00-04:00,4.239999771118164,4.239999771118164,4.224999904632568,4.230000019073486,7777,0.0,0.0
2024-06-28 12:20:00-04:00,4.230000019073486,4.235000133514404,4.230000019073486,4.235000133514404,5586,0.0,0.0
2024-06-28 12:25:00-04:00,4.235000133514404,4.239999771118164,4.235000133514404,4.239999771118164,3046,0.0,0.0
2024-06-28 12:30:00-04:00,4.235000133514404,4.239999771118164,4.224999904632568,4.224999904632568,3931,0.0,0.0
2024-06-28 12:35:00-04:00,4.230000019073486,4.230000019073486,4.224999904632568,4.224999904632568,1415,0.0,0.0
2024-06-28 12:40:00-04:00,4.224999904632568,4.224999904632568,4.21999979019165,4.224999904632568,2266,0.0,0.0
2024-06-28 12:45:00-04:00,4.224999904632568,4.224999904632568,4.21999979019165,4.224999904632568,3610,0.0,0.0
2024-06-28 12:50:00-04:00,4.224999904632568,4.230000019073486,4.21999979019165,4.229899883270264,3095,0.0,0.0
2024-06-28 12:55:00-04:00,4.21999979019165,4.21999979019165,4.210000038146973,4.215000152587891,11059,0.0,0.0
2024-06-28 13:00:00-04:00,4.215000152587891,4.224999904632568,4.210000038146973,4.224999904632568,6898,0.0,0.0
2024-06-28 13:05:00-04:00,4.230000019073486,4.230000019073486,4.21999979019165,4.230000019073486,13457,0.0,0.0
2024-06-28 13:10:00-04:00,4.224999904632568,4.230000019073486,4.224999904632568,4.230000019073486,3102,0.0,0.0
2024-06-28 13:15:00-04:00,4.230000019073486,4.230000019073486,4.21999979019165,4.21999979019165,4486,0.0,0.0
2024-06-28 13:20:00-04:00,4.230000019073486,4.230000019073486,4.224999904632568,4.230000019073486,4249,0.0,0.0
2024-06-28 13:25:00-04:00,4.224999904632568,4.230000019073486,4.21999979019165,4.21999979019165,4582,0.0,0.0
2024-06-28 13:30:00-04:00,4.224999904632568,4.230000019073486,4.215000152587891,4.215000152587891,11004,0.0,0.0
2024-06-28 13:35:00-04:00,4.215000152587891,4.215000152587891,4.204999923706055,4.215000152587891,13403,0.0,0.0
2024-06-28 13:40:00-04:00,4.215000152587891,4.21999979019165,4.215000152587891,4.21999979019165,2494,0.0,0.0
2024-06-28 13:45:00-04:00,4.210000038146973,4.215000152587891,4.210000038146973,4.210000038146973,4583,0.0,0.0
2024-06-28 13:50:00-04:00,4.215000152587891,4.224999904632568,4.215000152587891,4.224999904632568,9330,0.0,0.0
2024-06-28 13:55:00-04:00,4.224999904632568,4.224999904632568,4.21999979019165,4.224999904632568,11727,0.0,0.0
2024-06-28 14:00:00-04:00,4.224999904632568,4.235000133514404,4.224999904632568,4.235000133514404,6444,0.0,0.0
2024-06-28 14:05:00-04:00,4.235000133514404,4.239999771118164,4.235000133514404,4.235000133514404,4957,0.0,0.0
2024-06-28 14:10:00-04:00,4.239999771118164,4.244999885559082,4.230000019073486,4.235000133514404,15652,0.0,0.0
2024-06-28 14:15:00-04:00,4.235000133514404,4.239999771118164,4.230000019073486,4.239999771118164,3676,0.0,0.0
2024-06-28 14:20:00-04:00,4.235000133514404,4.235000133514404,4.235000133514404,4.235000133514404,3285,0.0,0.0
2024-06-28 14:25:00-04:00,4.239999771118164,4.25,4.235000133514404,4.239999771118164,17643,0.0,0.0
2024-06-28 14:30:00-04:00,4.239999771118164,4.239999771118164,4.230000019073486,4.235000133514404,6904,0.0,0.0
2024-06-28 14:35:00-04:00,4.235000133514404,4.244999885559082,4.230000019073486,4.230000019073486,10536,0.0,0.0
2024-06-28 14:40:00-04:00,4.235000133514404,4.239999771118164,4.230000019073486,4.235000133514404,5159,0.0,0.0
2024-06-28 14:45:00-04:00,4.235000133514404,4.235000133514404,4.230000019073486,4.235000133514404,1890,0.0,0.0
2024-06-28 14:50:00-04:00,4.235000133514404,4.235000133514404,4.230000019073486,4.230000019073486,3248,0.0,0.0
2024-06-28 14:55:00-04:00,4.235000133514404,4.239999771118164,4.21999979019165,4.21999979019165,14797,0.0,0.0
2024-06-28 15:00:00-04:00,4.224999904632568,4.224999904632568,4.210000038146973,4.215000152587891,5057,0.0,0.0
2024-06-28 15:05:00-04:00,4.215000152587891,4.21999979019165,4.210000038146973,4.210000038146973,4618,0.0,0.0
2024-06-28 15:10:00-04:00,4.215000152587891,4.215000152587891,4.195000171661377,4.195000171661377,9216,0.0,0.0
2024-06-28 15:15:00-04:00,4.195000171661377,4.195000171661377,4.190000057220459,4.195000171661377,3419,0.0,0.0
2024-06-28 15:20:00-04:00,4.190000057220459,4.199999809265137,4.190000057220459,4.195000171661377,5420,0.0,0.0
2024-06-28 15:25:00-04:00,4.195000171661377,4.195000171661377,4.190000057220459,4.190000057220459,6685,0.0,0.0
2024-06-28 15:30:00-04:00,4.195000171661377,4.195000171661377,4.179999828338623,4.184999942779541,11157,0.0,0.0
2024-06-28 15:35:00-04:00,4.184999942779541,4.199999809265137,4.179999828338623,4.195000171661377,26595,0.0,0.0
2024-06-28 15:40:00-04:00,4.195000171661377,4.195000171661377,4.190000057220459,4.195000171661377,8361,0.0,0.0
2024-06-28 15:45:00-04:00,4.198299884796143,4.199999809265137,4.190000057220459,4.195000171661377,9209,0.0,0.0
2024-06-28 15:50:00-04:00,4.199999809265137,4.380000114440918,4.195000171661377,4.309999942779541,386006,0.0,0.0
2024-06-28 15:55:00-04:00,4.320000171661377,4.320000171661377,4.25,4.25,130418,0.0,0.0
2024-07-01 09:30:00-04:00,4.269999980926514,4.380000114440918,4.269999980926514,4.275000095367432,10933,0.0,0.0
2024-07-01 09:35:00-04:00,4.289999961853027,4.289999961853027,4.260000228881836,4.289999961853027,2307,0.0,0.0
2024-07-01 09:40:00-04:00,4.289999961853027,4.295000076293945,4.28000020980835,4.28000020980835,1852,0.0,0.0
2024-07-01 09:45:00-04:00,4.269999980926514,4.284999847412109,4.269999980926514,4.28000020980835,4501,0.0,0.0
2024-07-01 09:50:00-04:00,4.28000020980835,4.300000190734863,4.28000020980835,4.300000190734863,5085,0.0,0.0
2024-07-01 09:55:00-04:00,4.309999942779541,4.329999923706055,4.300000190734863,4.329999923706055,10710,0.0,0.0
2024-07-01 10:00:00-04:00,4.329999923706055,4.335000038146973,4.329999923706055,4.335000038146973,8659,0.0,0.0
2024-07-01 10:05:00-04:00,4.340000152587891,4.355000019073486,4.340000152587891,4.349999904632568,6353,0.0,0.0
2024-07-01 10:10:00-04:00,4.34499979019165,4.355000019073486,4.34499979019165,4.35129976272583,18415,0.0,0.0
2024-07-01 10:15:00-04:00,4.355000019073486,4.355000019073486,4.335000038146973,4.340000152587891,19700,0.0,0.0
2024-07-01 10:20:00-04:00,4.349999904632568,4.349999904632568,4.329999923706055,4.335000038146973,15270,0.0,0.0
2024-07-01 10:25:00-04:00,4.340000152587891,4.340000152587891,4.315000057220459,4.315000057220459,6917,0.0,0.0
2024-07-01 10:30:00-04:00,4.309999942779541,4.315000057220459,4.309999942779541,4.315000057220459,7006,0.0,0.0
2024-07-01 10:35:00-04:00,4.315000057220459,4.315000057220459,4.28000020980835,4.28000020980835,13919,0.0,0.0
2024-07-01 10:40:00-04:00,4.28000020980835,4.295000076293945,4.28000020980835,4.284999847412109,4683,0.0,0.0
2024-07-01 10:45:00-04:00,4.28000020980835,4.28000020980835,4.275000095367432,4.275300025939941,7197,0.0,0.0
2024-07-01 10:50:00-04:00,4.275000095367432,4.28000020980835,4.275000095367432,4.275000095367432,2338,0.0,0.0
2024-07-01 10:55:00-04:00,4.275000095367432,4.284999847412109,4.269999980926514,4.284999847412109,52355,0.0,0.0
2024-07-01 11:00:00-04:00,4.284999847412109,4.309999942779541,4.284999847412109,4.309999942779541,20501,0.0,0.0
2024-07-01 11:05:00-04:00,4.309999942779541,4.320000171661377,4.304999828338623,4.304999828338623,16611,0.0,0.0
2024-07-01 11:10:00-04:00,4.304999828338623,4.304999828338623,4.300000190734863,4.300000190734863,3884,0.0,0.0
2024-07-01 11:15:00-04:00,4.295000076293945,4.300000190734863,4.260000228881836,4.260000228881836,47431,0.0,0.0
2024-07-01 11:20:00-04:00,4.260000228881836,4.264999866485596,4.260000228881836,4.263999938964844,10266,0.0,0.0
2024-07-01 11:25:00-04:00,4.264999866485596,4.264999866485596,4.230000019073486,4.230000019073486,16632,0.0,0.0
2024-07-01 11:30:00-04:00,4.235000133514404,4.239999771118164,4.230000019073486,4.230000019073486,15273,0.0,0.0
2024-07-01 11:35:00-04:00,4.230000019073486,4.230000019073486,4.21999979019165,4.224999904632568,6985,0.0,0.0
2024-07-01 11:40:00-04:00,4.224999904632568,4.235000133514404,4.224999904632568,4.235000133514404,3901,0.0,0.0
2024-07-01 11:45:00-04:00,4.235000133514404,4.244999885559082,4.235000133514404,4.235000133514404,15800,0.0,0.0
2024-07-01 11:50:00-04:00,4.235000133514404,4.239999771118164,4.235000133514404,4.239999771118164,1214,0.0,0.0
2024-07-01 11:55:00-04:00,4.235000133514404,4.239999771118164,4.235000133514404,4.239999771118164,4186,0.0,0.0
2024-07-01 12:00:00-04:00,4.239999771118164,4.25,4.239999771118164,4.25,8861,0.0,0.0
2024-07-01 12:05:00-04:00,4.255000114440918,4.264999866485596,4.255000114440918,4.260000228881836,7792,0.0,0.0
2024-07-01 12:10:00-04:00,4.264999866485596,4.264999866485596,4.255000114440918,4.255000114440918,7184,0.0,0.0
2024-07-01 12:15:00-04:00,4.255000114440918,4.255000114440918,4.25,4.255000114440918,1640,0.0,0.0
2024-07-01 12:20:00-04:00,4.255000114440918,4.255000114440918,4.224999904632568,4.230000019073486,11046,0.0,0.0
2024-07-01 12:25:00-04:00,4.224999904632568,4.229000091552734,4.224999904632568,4.229000091552734,1433,0.0,0.0
2024-07-01 12:30:00-04:00,4.224999904632568,4.230000019073486,4.21999979019165,4.224999904632568,9950,0.0,0.0
2024-07-01 12:35:00-04:00,4.230000019073486,4.239999771118164,4.2220001220703125,4.239999771118164,4730,0.0,0.0
2024-07-01 12:40:00-04:00,4.235000133514404,4.239999771118164,4.235000133514404,4.239299774169922,2823,0.0,0.0
2024-07-01 12:45:00-04:00,4.235000133514404,4.239999771118164,4.230000019073486,4.239999771118164,3420,0.0,0.0
2024-07-01 12:50:00-04:00,4.239999771118164,4.239999771118164,4.224999904632568,4.224999904632568,8848,0.0,0.0
2024-07-01 12:55:00-04:00,4.224999904632568,4.230000019073486,4.21999979019165,4.230000019073486,7584,0.0,0.0
2024-07-01 13:00:00-04:00,4.224999904632568,4.239999771118164,4.21999979019165,4.224999904632568,11837,0.0,0.0
2024-07-01 13:05:00-04:00,4.224999904632568,4.230000019073486,4.2220001220703125,4.224999904632568,2130,0.0,0.0
2024-07-01 13:10:00-04:00,4.224999904632568,4.230000019073486,4.224999904632568,4.224999904632568,3408,0.0,0.0
2024-07-01 13:15:00-04:00,4.224999904632568,4.224999904632568,4.2220001220703125,4.224999904632568,1549,0.0,0.0
2024-07-01 13:20:00-04:00,4.224999904632568,4.224999904632568,4.210000038146973,4.21999979019165,25683,0.0,0.0
2024-07-01 13:25:00-04:00,4.21999979019165,4.230000019073486,4.21999979019165,4.224999904632568,7476,0.0,0.0
2024-07-01 13:30:00-04:00,4.224999904632568,4.224999904632568,4.223299980163574,4.224999904632568,2920,0.0,0.0
2024-07-01 13:35:00-04:00,4.224999904632568,4.224999904632568,4.215000152587891,4.215000152587891,6676,0.0,0.0
2024-07-01 13:40:00-04:00,4.215000152587891,4.215000152587891,4.215000152587891,4.215000152587891,1388,0.0,0.0
2024-07-01 13:45:00-04:00,4.215000152587891,4.215000152587891,4.215000152587891,4.215000152587891,4631,0.0,0.0
2024-07-01 13:50:00-04:00,4.215000152587891,4.21999979019165,4.210000038146973,4.215000152587891,1777,0.0,0.0
2024-07-01 13:55:00-04:00,4.210000038146973,4.210000038146973,4.204999923706055,4.204999923706055,8614,0.0,0.0
2024-07-01 14:00:00-04:00,4.204999923706055,4.210000038146973,4.204999923706055,4.210000038146973,2988,0.0,0.0
2024-07-01 14:05:00-04:00,4.210000038146973,4.210000038146973,4.2042999267578125,4.204999923706055,10323,0.0,0.0
2024-07-01 14:10:00-04:00,4.204999923706055,4.210000038146973,4.199999809265137,4.210000038146973,3106,0.0,0.0
2024-07-01 14:15:00-04:00,4.210000038146973,4.210000038146973,4.210000038146973,4.210000038146973,2746,0.0,0.0
2024-07-01 14:20:00-04:00,4.210000038146973,4.210000038146973,4.204999923706055,4.204999923706055,4880,0.0,0.0
2024-07-01 14:25:00-04:00,4.204999923706055,4.210000038146973,4.204999923706055,4.204999923706055,3387,0.0,0.0
2024-07-01 14:30:00-04:00,4.204999923706055,4.210000038146973,4.204999923706055,4.204999923706055,2625,0.0,0.0
2024-07-01 14:35:00-04:00,4.204999923706055,4.210000038146973,4.204999923706055,4.210000038146973,2071,0.0,0.0
2024-07-01 14:40:00-04:00,4.210000038146973,4.210000038146973,4.204999923706055,4.204999923706055,4054,0.0,0.0
2024-07-01 14:45:00-04:00,4.204999923706055,4.235000133514404,4.204999923706055,4.21999979019165,98195,0.0,0.0
2024-07-01 14:50:00-04:00,4.215000152587891,4.21999979019165,4.215000152587891,4.21999979019165,5071,0.0,0.0
2024-07-01 14:55:00-04:00,4.21999979019165,4.230000019073486,4.210000038146973,4.224999904632568,44785,0.0,0.0
2024-07-01 15:00:00-04:00,4.230000019073486,4.25,4.230000019073486,4.25,12391,0.0,0.0
2024-07-01 15:05:00-04:00,4.25,4.25,4.25,4.25,3346,0.0,0.0
2024-07-01 15:10:00-04:00,4.244999885559082,4.260000228881836,4.244999885559082,4.260000228881836,7385,0.0,0.0
2024-07-01 15:15:00-04:00,4.255000114440918,4.260000228881836,4.255000114440918,4.255000114440918,2625,0.0,0.0
2024-07-01 15:20:00-04:00,4.255000114440918,4.264999866485596,4.255000114440918,4.264999866485596,9322,0.0,0.0
2024-07-01 15:25:00-04:00,4.264999866485596,4.269999980926514,4.264999866485596,4.269999980926514,5228,0.0,0.0
2024-07-01 15:30:00-04:00,4.269999980926514,4.275000095367432,4.230000019073486,4.239999771118164,129991,0.0,0.0
2024-07-01 15:35:00-04:00,4.244999885559082,4.244999885559082,4.244999885559082,4.244999885559082,4142,0.0,0.0
2024-07-01 15:40:00-04:00,4.244999885559082,4.264999866485596,4.244999885559082,4.264999866485596,16845,0.0,0.0
2024-07-01 15:45:00-04:00,4.269999980926514,4.269999980926514,4.264999866485596,4.264999866485596,6103,0.0,0.0
2024-07-01 15:50:00-04:00,4.267600059509277,4.269999980926514,4.262400150299072,4.262400150299072,21401,0.0,0.0
2024-07-01 15:55:00-04:00,4.264999866485596,4.269999980926514,4.260000228881836,4.260000228881836,53076,0.0,0.0
2024-07-02 09:30:00-04:00,4.230000019073486,4.230000019073486,4.199999809265137,4.199999809265137,6594,0.0,0.0
2024-07-02 09:35:00-04:00,4.215000152587891,4.215000152587891,4.215000152587891,4.215000152587891,667,0.0,0.0
2024-07-02 09:40:00-04:00,4.21999979019165,4.21999979019165,4.199999809265137,4.199999809265137,3523,0.0,0.0
2024-07-02 09:45:00-04:00,4.210000038146973,4.210000038146973,4.210000038146973,4.210000038146973,1359,0.0,0.0
2024-07-02 10:00:00-04:00,4.210000038146973,4.215000152587891,4.195000171661377,4.195000171661377,2545,0.0,0.0
2024-07-02 10:05:00-04:00,4.190000057220459,4.190000057220459,4.179999828338623,4.190000057220459,1337,0.0,0.0
2024-07-02 10:10:00-04:00,4.190000057220459,4.190000057220459,4.189899921417236,4.189899921417236,3652,0.0,0.0
2024-07-02 10:15:00-04:00,4.179999828338623,4.179999828338623,4.175000190734863,4.175000190734863,4033,0.0,0.0
2024-07-02 10:20:00-04:00,4.170000076293945,4.170000076293945,4.170000076293945,4.170000076293945,840,0.0,0.0
2024-07-02 10:30:00-04:00,4.164999961853027,4.164999961853027,4.164999961853027,4.164999961853027,578,0.0,0.0
2024-07-02 10:35:00-04:00,4.170000076293945,4.175000190734863,4.164999961853027,4.164999961853027,2811,0.0,0.0
2024-07-02 10:40:00-04:00,4.164999961853027,4.164999961853027,4.139999866485596,4.144999980926514,8697,0.0,0.0
2024-07-02 10:45:00-04:00,4.144999980926514,4.15500020980835,4.144999980926514,4.15500020980835,2835,0.0,0.0
2024-07-02 10:50:00-04:00,4.150000095367432,4.159999847412109,4.150000095367432,4.159999847412109,1089,0.0,0.0
2024-07-02 10:55:00-04:00,4.159999847412109,4.159999847412109,4.15500020980835,4.159999847412109,666,0.0,0.0
2024-07-02 11:00:00-04:00,4.159999847412109,4.159999847412109,4.15500020980835,4.15500020980835,613,0.0,0.0
2024-07-02 11:05:00-04:00,4.15500020980835,4.184999942779541,4.15500020980835,4.179999828338623,10077,0.0,0.0
2024-07-02 11:10:00-04:00,4.175000190734863,4.184999942779541,4.175000190734863,4.179999828338623,6033,0.0,0.0
2024-07-02 11:15:00-04:00,4.179999828338623,4.184999942779541,4.179999828338623,4.184999942779541,2887,0.0,0.0
2024-07-02 11:20:00-04:00,4.191999912261963,4.191999912261963,4.191999912261963,4.191999912261963,1708,0.0,0.0
2024-07-02 11:30:00-04:00,4.190000057220459,4.190000057220459,4.179999828338623,4.179999828338623,3871,0.0,0.0
2024-07-02 11:35:00-04:00,4.184999942779541,4.184999942779541,4.184999942779541,4.184999942779541,453,0.0,0.0
2024-07-02 11:40:00-04:00,4.179999828338623,4.179999828338623,4.179999828338623,4.179999828338623,693,0.0,0.0
2024-07-02 11:45:00-04:00,4.184999942779541,4.184999942779541,4.184999942779541,4.184999942779541,196,0.0,0.0
2024-07-02 11:50:00-04:00,4.188899993896484,4.188899993896484,4.179999828338623,4.179999828338623,1445,0.0,0.0
2024-07-02 11:55:00-04:00,4.179999828338623,4.179999828338623,4.179999828338623,4.179999828338623,123,0.0,0.0
2024-07-02 12:00:00-04:00,4.179999828338623,4.179999828338623,4.179999828338623,4.179999828338623,5507,0.0,0.0
2024-07-02 12:10:00-04:00,4.179999828338623,4.179999828338623,4.179999828338623,4.179999828338623,2417,0.0,0.0
2024-07-02 12:15:00-04:00,4.184999942779541,4.190000057220459,4.184999942779541,4.184999942779541,1493,0.0,0.0
2024-07-02 12:20:00-04:00,4.179999828338623,4.179999828338623,4.175000190734863,4.179999828338623,4687,0.0,0.0
2024-07-02 12:25:00-04:00,4.175000190734863,4.184999942779541,4.170000076293945,4.184999942779541,7691,0.0,0.0
2024-07-02 12:30:00-04:00,4.186299800872803,4.186299800872803,4.179999828338623,4.179999828338623,4588,0.0,0.0
2024-07-02 12:35:00-04:00,4.180099964141846,4.180099964141846,4.180099964141846,4.180099964141846,615,0.0,0.0
2024-07-02 12:40:00-04:00,4.184999942779541,4.184999942779541,4.179999828338623,4.184999942779541,2151,0.0,0.0
2024-07-02 12:45:00-04:00,4.179999828338623,4.184999942779541,4.179999828338623,4.179999828338623,1035,0.0,0.0
2024-07-02 12:55:00-04:00,4.179999828338623,4.179999828338623,4.15500020980835,4.15500020980835,25868,0.0,0.0
2024-07-02 13:00:00-04:00,4.15500020980835,4.15500020980835,4.150000095367432,4.15500020980835,4468,0.0,0.0
2024-07-02 13:05:00-04:00,4.15500020980835,4.15500020980835,4.130000114440918,4.130000114440918,14218,0.0,0.0
2024-07-02 13:10:00-04:00,4.130000114440918,4.130000114440918,4.125,4.125,3232,0.0,0.0
2024-07-02 13:15:00-04:00,4.125,4.135000228881836,4.125,4.125,8025,0.0,0.0
2024-07-02 13:20:00-04:00,4.125,4.135000228881836,4.125,4.135000228881836,8374,0.0,0.0
2024-07-02 13:25:00-04:00,4.135000228881836,4.135000228881836,4.135000228881836,4.135000228881836,1147,0.0,0.0
2024-07-02 13:30:00-04:00,4.130000114440918,4.130000114440918,4.125,4.130000114440918,11666,0.0,0.0
2024-07-02 13:35:00-04:00,4.130000114440918,4.130000114440918,4.125,4.130000114440918,2035,0.0,0.0
2024-07-02 13:40:00-04:00,4.125,4.125,4.119999885559082,4.119999885559082,2891,0.0,0.0
2024-07-02 13:45:00-04:00,4.119999885559082,4.119999885559082,4.110000133514404,4.114999771118164,7525,0.0,0.0
2024-07-02 13:50:00-04:00,4.119999885559082,4.125,4.119999885559082,4.125,3758,0.0,0.0
2024-07-02 13:55:00-04:00,4.125,4.125,4.125,4.125,1502,0.0,0.0
2024-07-02 14:00:00-04:00,4.125,4.139999866485596,4.119999885559082,4.125,22064,0.0,0.0
2024-07-02 14:05:00-04:00,4.125,4.125,4.119999885559082,4.119999885559082,1644,0.0,0.0
2024-07-02 14:10:00-04:00,4.125,4.125,4.125,4.125,1264,0.0,0.0
2024-07-02 14:15:00-04:00,4.125,4.125,4.099999904632568,4.105000019073486,9639,0.0,0.0
2024-07-02 14:20:00-04:00,4.100100040435791,4.105000019073486,4.099999904632568,4.105000019073486,16482,0.0,0.0
2024-07-02 14:25:00-04:00,4.105000019073486,4.105000019073486,4.09499979019165,4.09499979019165,6558,0.0,0.0
2024-07-02 14:30:00-04:00,4.09499979019165,4.105000019073486,4.09499979019165,4.099999904632568,18940,0.0,0.0
2024-07-02 14:35:00-04:00,4.099999904632568,4.099999904632568,4.09499979019165,4.09499979019165,3418,0.0,0.0
2024-07-02 14:40:00-04:00,4.09499979019165,4.09499979019165,4.09499979019165,4.09499979019165,988,0.0,0.0
2024-07-02 14:45:00-04:00,4.09499979019165,4.09499979019165,4.090000152587891,4.090000152587891,1034,0.0,0.0
2024-07-02 14:50:00-04:00,4.090000152587891,4.090000152587891,4.081999778747559,4.081999778747559,6814,0.0,0.0
2024-07-02 14:55:00-04:00,4.085000038146973,4.085000038146973,4.085000038146973,4.085000038146973,2231,0.0,0.0
2024-07-02 15:00:00-04:00,4.079999923706055,4.090000152587891,4.079999923706055,4.085000038146973,4864,0.0,0.0
2024-07-02 15:05:00-04:00,4.085000038146973,4.110000133514404,4.085000038146973,4.105000019073486,13263,0.0,0.0
2024-07-02 15:10:00-04:00,4.099999904632568,4.110000133514404,4.099999904632568,4.099999904632568,3987,0.0,0.0
2024-07-02 15:15:00-04:00,4.099999904632568,4.105000019073486,4.099999904632568,4.105000019073486,1201,0.0,0.0
2024-07-02 15:20:00-04:00,4.099999904632568,4.105000019073486,4.099999904632568,4.099999904632568,2318,0.0,0.0
2024-07-02 15:25:00-04:00,4.105000019073486,4.105000019073486,4.099999904632568,4.105000019073486,3474,0.0,0.0
2024-07-02 15:30:00-04:00,4.105000019073486,4.105000019073486,4.09499979019165,4.098800182342529,7517,0.0,0.0
2024-07-02 15:35:00-04:00,4.09499979019165,4.09499979019165,4.090000152587891,4.09499979019165,4337,0.0,0.0
2024-07-02 15:40:00-04:00,4.09499979019165,4.09499979019165,4.079999923706055,4.085000038146973,12397,0.0,0.0
2024-07-02 15:45:00-04:00,4.085000038146973,4.090000152587891,4.079999923706055,4.085000038146973,10006,0.0,0.0
2024-07-02 15:50:00-04:00,4.085000038146973,4.090000152587891,4.079999923706055,4.085000038146973,9823,0.0,0.0
2024-07-02 15:55:00-04:00,4.085000038146973,4.090000152587891,4.070000171661377,4.079999923706055,59337,0.0,0.0
2024-07-03 09:30:00-04:00,4.059999942779541,4.090000152587891,4.050000190734863,4.050000190734863,12429,0.0,0.0
2024-07-03 09:35:00-04:00,4.059999942779541,4.079999923706055,4.059999942779541,4.079999923706055,1569,0.0,0.0
2024-07-03 09:40:00-04:00,4.070000171661377,4.090000152587891,4.070000171661377,4.079999923706055,2273,0.0,0.0
2024-07-03 09:45:00-04:00,4.090000152587891,4.090000152587891,4.070000171661377,4.070000171661377,2193,0.0,0.0
2024-07-03 09:50:00-04:00,4.074999809265137,4.074999809265137,4.050000190734863,4.057499885559082,6594,0.0,0.0
2024-07-03 09:55:00-04:00,4.065000057220459,4.065000057220459,4.059999942779541,4.065000057220459,1127,0.0,0.0
2024-07-03 10:00:00-04:00,4.070000171661377,4.070000171661377,4.034999847412109,4.039999961853027,13610,0.0,0.0
2024-07-03 10:05:00-04:00,4.045000076293945,4.050000190734863,4.039999961853027,4.039999961853027,1304,0.0,0.0
2024-07-03 10:10:00-04:00,4.050000190734863,4.054999828338623,4.039999961853027,4.050000190734863,9876,0.0,0.0
2024-07-03 10:15:00-04:00,4.050000190734863,4.054999828338623,4.039999961853027,4.054999828338623,2909,0.0,0.0
2024-07-03 10:20:00-04:00,4.054999828338623,4.054999828338623,4.039999961853027,4.050000190734863,4589,0.0,0.0
2024-07-03 10:25:00-04:00,4.050000190734863,4.054999828338623,4.03000020980835,4.03000020980835,8889,0.0,0.0
2024-07-03 10:30:00-04:00,4.03000020980835,4.03000020980835,4.019999980926514,4.03000020980835,2627,0.0,0.0
2024-07-03 10:35:00-04:00,4.025000095367432,4.039999961853027,4.025000095367432,4.034999847412109,17894,0.0,0.0
2024-07-03 10:40:00-04:00,4.034999847412109,4.045000076293945,4.03000020980835,4.045000076293945,8392,0.0,0.0
2024-07-03 10:45:00-04:00,4.045000076293945,4.059999942779541,4.039999961853027,4.054999828338623,7026,0.0,0.0
2024-07-03 10:50:00-04:00,4.054999828338623,4.059999942779541,4.050000190734863,4.054999828338623,7258,0.0,0.0
2024-07-03 10:55:00-04:00,4.050000190734863,4.050000190734863,4.03000020980835,4.034999847412109,6305,0.0,0.0
2024-07-03 11:00:00-04:00,4.034999847412109,4.050000190734863,4.03000020980835,4.050000190734863,7268,0.0,0.0
2024-07-03 11:05:00-04:00,4.050000190734863,4.054999828338623,4.050000190734863,4.054999828338623,4894,0.0,0.0
2024-07-03 11:10:00-04:00,4.05019998550415,4.054999828338623,4.039999961853027,4.045000076293945,9920,0.0,0.0
2024-07-03 11:15:00-04:00,4.045000076293945,4.047500133514404,4.039999961853027,4.045000076293945,2805,0.0,0.0
2024-07-03 11:20:00-04:00,4.039999961853027,4.045000076293945,4.039999961853027,4.045000076293945,9415,0.0,0.0
2024-07-03 11:25:00-04:00,4.045000076293945,4.045000076293945,4.039999961853027,4.039999961853027,1256,0.0,0.0
2024-07-03 11:30:00-04:00,4.039999961853027,4.050000190734863,4.039999961853027,4.045000076293945,3416,0.0,0.0
2024-07-03 11:35:00-04:00,4.050000190734863,4.050000190734863,4.039999961853027,4.045000076293945,2480,0.0,0.0
2024-07-03 11:40:00-04:00,4.039999961853027,4.050000190734863,4.039999961853027,4.045000076293945,2536,0.0,0.0
2024-07-03 11:45:00-04:00,4.049900054931641,4.059999942779541,4.039999961853027,4.054999828338623,10647,0.0,0.0
2024-07-03 11:50:00-04:00,4.054999828338623,4.054999828338623,4.039999961853027,4.045000076293945,5215,0.0,0.0
2024-07-03 11:55:00-04:00,4.045000076293945,4.049900054931641,4.039999961853027,4.049900054931641,2868,0.0,0.0
2024-07-03 12:00:00-04:00,4.039999961853027,4.050000190734863,4.039999961853027,4.050000190734863,4611,0.0,0.0
2024-07-03 12:05:00-04:00,4.050000190734863,4.054999828338623,4.039999961853027,4.050000190734863,6960,0.0,0.0
2024-07-03 12:10:00-04:00,4.054999828338623,4.059999942779541,4.050000190734863,4.050000190734863,2200,0.0,0.0
2024-07-03 12:15:00-04:00,4.054999828338623,4.059999942779541,4.050000190734863,4.054999828338623,3282,0.0,0.0
2024-07-03 12:20:00-04:00,4.054999828338623,4.054999828338623,4.050000190734863,4.054999828338623,8857,0.0,0.0
2024-07-03 12:25:00-04:00,4.054999828338623,4.054999828338623,4.050000190734863,4.050000190734863,3360,0.0,0.0
2024-07-03 12:30:00-04:00,4.050099849700928,4.059999942779541,4.050000190734863,4.050000190734863,6140,0.0,0.0
2024-07-03 12:35:00-04:00,4.050000190734863,4.054999828338623,4.039999961853027,4.045000076293945,18079,0.0,0.0
2024-07-03 12:40:00-04:00,4.039999961853027,4.050000190734863,4.039999961853027,4.039999961853027,8157,0.0,0.0
2024-07-03 12:45:00-04:00,4.039999961853027,4.050000190734863,4.039999961853027,4.039999961853027,9346,0.0,0.0
2024-07-03 12:50:00-04:00,4.039999961853027,4.050000190734863,4.039999961853027,4.050000190734863,18168,0.0,0.0
2024-07-03 12:55:00-04:00,4.045000076293945,4.045000076293945,4.019999980926514,4.025000095367432,44013,0.0,0.0
2024-07-05 09:30:00-04:00,4.010000228881836,4.019999980926514,3.990000009536743,4.019999980926514,0,0.0,0.0
2024-07-05 09:35:00-04:00,4.019999980926514,4.03000020980835,4.019999980926514,4.03000020980835,1320,0.0,0.0
2024-07-05 09:40:00-04:00,4.03000020980835,4.039999961853027,4.019999980926514,4.03000020980835,7907,0.0,0.0
2024-07-05 09:45:00-04:00,4.03000020980835,4.034999847412109,4.025000095367432,4.025000095367432,7908,0.0,0.0
2024-07-05 09:50:00-04:00,4.025000095367432,4.034999847412109,4.019999980926514,4.03000020980835,3121,0.0,0.0
2024-07-05 09:55:00-04:00,4.039999961853027,4.054999828338623,4.03000020980835,4.050000190734863,13990,0.0,0.0
2024-07-05 10:00:00-04:00,4.054999828338623,4.065000057220459,4.050000190734863,4.054999828338623,14480,0.0,0.0
2024-07-05 10:05:00-04:00,4.050000190734863,4.050000190734863,4.045000076293945,4.050000190734863,759,0.0,0.0
2024-07-05 10:10:00-04:00,4.045000076293945,4.045000076293945,4.03000020980835,4.045000076293945,7339,0.0,0.0
2024-07-05 10:15:00-04:00,4.039999961853027,4.039999961853027,4.034999847412109,4.034999847412109,2046,0.0,0.0
2024-07-05 10:20:00-04:00,4.040299892425537,4.045000076293945,4.019999980926514,4.019999980926514,15107,0.0,0.0
2024-07-05 10:25:00-04:00,4.019999980926514,4.019999980926514,4.005000114440918,4.005000114440918,3121,0.0,0.0
2024-07-05 10:30:00-04:00,4.005000114440918,4.005000114440918,3.990000009536743,4.0,9158,0.0,0.0
2024-07-05 10:35:00-04:00,4.0,4.005000114440918,4.0,4.005000114440918,2437,0.0,0.0
2024-07-05 10:40:00-04:00,4.005000114440918,4.014999866485596,4.005000114440918,4.014999866485596,6112,0.0,0.0
2024-07-05 10:45:00-04:00,4.019999980926514,4.025000095367432,4.010000228881836,4.025000095367432,13072,0.0,0.0
2024-07-05 10:50:00-04:00,4.025000095367432,4.025000095367432,4.019999980926514,4.019999980926514,5242,0.0,0.0
2024-07-05 10:55:00-04:00,4.019999980926514,4.025000095367432,4.010000228881836,4.019999980926514,12075,0.0,0.0
2024-07-05 11:00:00-04:00,4.019999980926514,4.019999980926514,4.010000228881836,4.010000228881836,954,0.0,0.0
2024-07-05 11:05:00-04:00,4.014999866485596,4.019999980926514,4.010000228881836,4.010000228881836,1872,0.0,0.0
2024-07-05 11:10:00-04:00,4.014999866485596,4.025000095367432,4.010000228881836,4.025000095367432,11205,0.0,0.0
2024-07-05 11:15:00-04:00,4.025000095367432,4.025000095367432,4.010000228881836,4.010000228881836,6916,0.0,0.0
2024-07-05 11:20:00-04:00,4.0,4.0,3.990000009536743,4.0,6742,0.0,0.0
2024-07-05 11:25:00-04:00,4.0,4.0,3.990000009536743,3.994999885559082,6087,0.0,0.0
2024-07-05 11:30:00-04:00,3.990000009536743,3.994999885559082,3.990000009536743,3.994999885559082,3752,0.0,0.0
2024-07-05 11:35:00-04:00,3.994999885559082,4.0,3.990000009536743,3.990000009536743,2074,0.0,0.0
2024-07-05 11:40:00-04:00,3.994999885559082,4.0,3.990000009536743,3.994999885559082,5188,0.0,0.0
2024-07-05 11:45:00-04:00,3.990000009536743,4.005000114440918,3.990000009536743,4.005000114440918,8727,0.0,0.0
2024-07-05 11:50:00-04:00,4.010000228881836,4.025000095367432,4.010000228881836,4.019999980926514,10264,0.0,0.0
2024-07-05 11:55:00-04:00,4.025000095367432,4.025000095367432,4.010000228881836,4.010000228881836,10457,0.0,0.0
2024-07-05 12:00:00-04:00,4.010000228881836,4.010000228881836,4.0,4.0,2407,0.0,0.0
2024-07-05 12:05:00-04:00,4.005000114440918,4.019999980926514,4.005000114440918,4.014999866485596,2909,0.0,0.0
2024-07-05 12:10:00-04:00,4.010000228881836,4.017399787902832,4.0,4.0,14018,0.0,0.0
2024-07-05 12:15:00-04:00,4.005000114440918,4.009699821472168,4.0,4.005000114440918,10045,0.0,0.0
2024-07-05 12:20:00-04:00,4.0,4.005000114440918,4.0,4.000100135803223,6167,0.0,0.0
2024-07-05 12:25:00-04:00,4.0,4.005000114440918,3.990000009536743,4.0,51193,0.0,0.0
2024-07-05 12:30:00-04:00,3.994999885559082,4.0,3.990000009536743,3.994999885559082,6550,0.0,0.0
2024-07-05 12:35:00-04:00,3.990000009536743,3.9999001026153564,3.9800000190734863,3.9800000190734863,5379,0.0,0.0
2024-07-05 12:40:00-04:00,3.9800000190734863,3.984999895095825,3.9800000190734863,3.9800000190734863,4495,0.0,0.0
2024-07-05 12:45:00-04:00,3.9800000190734863,3.984999895095825,3.9800000190734863,3.984999895095825,3459,0.0,0.0
2024-07-05 12:50:00-04:00,3.9800000190734863,3.9800000190734863,3.9800000190734863,3.9800000190734863,2084,0.0,0.0
2024-07-05 12:55:00-04:00,3.984999895095825,3.984999895095825,3.9800000190734863,3.984999895095825,4221,0.0,0.0
2024-07-05 13:00:00-04:00,3.9800000190734863,3.9860000610351562,3.9800000190734863,3.9860000610351562,2173,0.0,0.0
2024-07-05 13:05:00-04:00,3.9800000190734863,3.9800000190734863,3.9800000190734863,3.9800000190734863,585,0.0,0.0
2024-07-05 13:10:00-04:00,3.9800000190734863,3.990000009536743,3.9700000286102295,3.9798998832702637,9872,0.0,0.0
2024-07-05 13:15:00-04:00,3.9700000286102295,3.9700000286102295,3.950000047683716,3.9549999237060547,17180,0.0,0.0
2024-07-05 13:20:00-04:00,3.950000047683716,3.9549999237060547,3.950000047683716,3.9500999450683594,4638,0.0,0.0
2024-07-05 13:25:00-04:00,3.9549999237060547,3.9549999237060547,3.950000047683716,3.9549999237060547,2713,0.0,0.0
2024-07-05 13:30:00-04:00,3.9549999237060547,3.9649999141693115,3.950000047683716,3.9549999237060547,14414,0.0,0.0
2024-07-05 13:35:00-04:00,3.9549999237060547,3.9649999141693115,3.9549999237060547,3.9600000381469727,8562,0.0,0.0
2024-07-05 13:40:00-04:00,3.9600000381469727,3.9700000286102295,3.9600000381469727,3.9700000286102295,5505,0.0,0.0
2024-07-05 13:45:00-04:00,3.9700000286102295,3.9749999046325684,3.9649999141693115,3.9700000286102295,5308,0.0,0.0
2024-07-05 13:50:00-04:00,3.9749999046325684,3.9798998832702637,3.9649999141693115,3.9649999141693115,7727,0.0,0.0
2024-07-05 13:55:00-04:00,3.9700000286102295,3.9700000286102295,3.9600000381469727,3.960099935531616,6460,0.0,0.0
2024-07-05 14:00:00-04:00,3.9600000381469727,3.9700000286102295,3.9600000381469727,3.9700000286102295,1159,0.0,0.0
2024-07-05 14:05:00-04:00,3.9649999141693115,3.9649999141693115,3.9600000381469727,3.9600000381469727,3397,0.0,0.0
2024-07-05 14:10:00-04:00,3.9649999141693115,3.969899892807007,3.9600000381469727,3.960099935531616,2976,0.0,0.0
2024-07-05 14:15:00-04:00,3.9600000381469727,3.9600000381469727,3.9549999237060547,3.9600000381469727,19577,0.0,0.0
2024-07-05 14:20:00-04:00,3.9600000381469727,3.9649999141693115,3.940000057220459,3.940000057220459,11233,0.0,0.0
2024-07-05 14:25:00-04:00,3.940000057220459,3.940000057220459,3.930000066757202,3.930000066757202,13027,0.0,0.0
2024-07-05 14:30:00-04:00,3.930000066757202,3.934999942779541,3.924999952316284,3.930000066757202,11515,0.0,0.0
2024-07-05 14:35:00-04:00,3.930000066757202,3.934999942779541,3.930000066757202,3.930000066757202,11725,0.0,0.0
2024-07-05 14:40:00-04:00,3.934999942779541,3.9398999214172363,3.930000066757202,3.930000066757202,10225,0.0,0.0
2024-07-05 14:45:00-04:00,3.930000066757202,3.934999942779541,3.924999952316284,3.930000066757202,25024,0.0,0.0
2024-07-05 14:50:00-04:00,3.924999952316284,3.934999942779541,3.9149999618530273,3.9200000762939453,51049,0.0,0.0
2024-07-05 14:55:00-04:00,3.9200000762939453,3.930000066757202,3.9200000762939453,3.924999952316284,5466,0.0,0.0
2024-07-05 15:00:00-04:00,3.9200000762939453,3.930000066757202,3.9200000762939453,3.924999952316284,15095,0.0,0.0
2024-07-05 15:05:00-04:00,3.924999952316284,3.934999942779541,3.9200000762939453,3.924999952316284,37629,0.0,0.0
2024-07-05 15:10:00-04:00,3.930000066757202,3.930000066757202,3.9200000762939453,3.9200000762939453,4720,0.0,0.0
2024-07-05 15:15:00-04:00,3.924999952316284,3.924999952316284,3.9200000762939453,3.9200000762939453,6308,0.0,0.0
2024-07-05 15:20:00-04:00,3.9200000762939453,3.9458000659942627,3.9200000762939453,3.944999933242798,26138,0.0,0.0
2024-07-05 15:25:00-04:00,3.940000057220459,3.944999933242798,3.930000066757202,3.930000066757202,15653,0.0,0.0
2024-07-05 15:30:00-04:00,3.930000066757202,3.934999942779541,3.930000066757202,3.930000066757202,8672,0.0,0.0
2024-07-05 15:35:00-04:00,3.934999942779541,3.934999942779541,3.930000066757202,3.934999942779541,11780,0.0,0.0
2024-07-05 15:40:00-04:00,3.934999942779541,3.944999933242798,3.930000066757202,3.930000066757202,43213,0.0,0.0
2024-07-05 15:45:00-04:00,3.934999942779541,3.940000057220459,3.930000066757202,3.930000066757202,10591,0.0,0.0
2024-07-05 15:50:00-04:00,3.934999942779541,3.934999942779541,3.9200000762939453,3.9200000762939453,45382,0.0,0.0
2024-07-05 15:55:00-04:00,3.9200000762939453,3.930000066757202,3.9200000762939453,3.924999952316284,70346,0.0,0.0
2024-07-08 09:30:00-04:00,3.9600000381469727,3.990000009536743,3.9600000381469727,3.990000009536743,13943,0.0,0.0
2024-07-08 09:35:00-04:00,4.0,4.010000228881836,3.9800000190734863,4.0,7359,0.0,0.0
2024-07-08 09:40:00-04:00,4.0,4.0,3.990000009536743,3.990000009536743,3248,0.0,0.0
2024-07-08 09:45:00-04:00,3.994999885559082,4.019999980926514,3.994999885559082,4.019999980926514,2424,0.0,0.0
2024-07-08 09:50:00-04:00,4.014999866485596,4.0192999839782715,4.010000228881836,4.014999866485596,3351,0.0,0.0
2024-07-08 09:55:00-04:00,4.019899845123291,4.025000095367432,4.005000114440918,4.005000114440918,15690,0.0,0.0
2024-07-08 10:00:00-04:00,4.010000228881836,4.025000095367432,4.005000114440918,4.019999980926514,3356,0.0,0.0
2024-07-08 10:05:00-04:00,4.014999866485596,4.014999866485596,4.005000114440918,4.005000114440918,125063,0.0,0.0
2024-07-08 10:10:00-04:00,4.005000114440918,4.019999980926514,4.0,4.014999866485596,15399,0.0,0.0
2024-07-08 10:15:00-04:00,4.014999866485596,4.014999866485596,4.010000228881836,4.014999866485596,5586,0.0,0.0
2024-07-08 10:20:00-04:00,4.014999866485596,4.014999866485596,4.010000228881836,4.014999866485596,5334,0.0,0.0
2024-07-08 10:25:00-04:00,4.014999866485596,4.014999866485596,4.0,4.005000114440918,18622,0.0,0.0
2024-07-08 10:30:00-04:00,4.005000114440918,4.005000114440918,4.005000114440918,4.005000114440918,2623,0.0,0.0
2024-07-08 10:35:00-04:00,4.005000114440918,4.010000228881836,4.005000114440918,4.005000114440918,4445,0.0,0.0
2024-07-08 10:40:00-04:00,4.005000114440918,4.010000228881836,4.0,4.005000114440918,24773,0.0,0.0
2024-07-08 10:45:00-04:00,4.005000114440918,4.014999866485596,4.005000114440918,4.014999866485596,9824,0.0,0.0
2024-07-08 10:50:00-04:00,4.014999866485596,4.015999794006348,4.014999866485596,4.014999866485596,2087,0.0,0.0
2024-07-08 10:55:00-04:00,4.014999866485596,4.014999866485596,4.010000228881836,4.014999866485596,3648,0.0,0.0
2024-07-08 11:00:00-04:00,4.014999866485596,4.014999866485596,4.005000114440918,4.005000114440918,5324,0.0,0.0
2024-07-08 11:05:00-04:00,4.005000114440918,4.005000114440918,3.994999885559082,4.005000114440918,38378,0.0,0.0
2024-07-08 11:10:00-04:00,4.005000114440918,4.005000114440918,4.0,4.0,4345,0.0,0.0
2024-07-08 11:15:00-04:00,4.005000114440918,4.005000114440918,4.005000114440918,4.005000114440918,894,0.0,0.0
2024-07-08 11:20:00-04:00,4.005000114440918,4.005000114440918,4.0,4.0,4226,0.0,0.0
2024-07-08 11:25:00-04:00,3.994999885559082,3.994999885559082,3.990000009536743,3.994999885559082,1920,0.0,0.0
2024-07-08 11:30:00-04:00,3.994999885559082,3.994999885559082,3.994999885559082,3.994999885559082,1733,0.0,0.0
2024-07-08 11:35:00-04:00,3.990000009536743,3.994999885559082,3.984999895095825,3.984999895095825,9020,0.0,0.0
2024-07-08 11:40:00-04:00,3.9800000190734863,3.984999895095825,3.9749999046325684,3.9749999046325684,6894,0.0,0.0
2024-07-08 11:45:00-04:00,3.9749999046325684,3.9749999046325684,3.9700000286102295,3.9700000286102295,868,0.0,0.0
2024-07-08 11:50:00-04:00,3.9749999046325684,3.9749999046325684,3.9700000286102295,3.9749999046325684,3732,0.0,0.0
2024-07-08 11:55:00-04:00,3.9800000190734863,3.9800000190734863,3.9700000286102295,3.9700000286102295,1385,0.0,0.0
2024-07-08 12:00:00-04:00,3.9749999046325684,3.9749999046325684,3.9649999141693115,3.9649999141693115,7740,0.0,0.0
2024-07-08 12:05:00-04:00,3.9649999141693115,3.9749999046325684,3.9649999141693115,3.9749999046325684,10909,0.0,0.0
2024-07-08 12:10:00-04:00,3.9700000286102295,3.9700000286102295,3.9600000381469727,3.9649999141693115,4500,0.0,0.0
2024-07-08 12:15:00-04:00,3.9649999141693115,3.9749999046325684,3.9649999141693115,3.9649999141693115,24714,0.0,0.0
2024-07-08 12:20:00-04:00,3.9649999141693115,3.9649999141693115,3.9600000381469727,3.9649999141693115,1067,0.0,0.0
2024-07-08 12:25:00-04:00,3.9700000286102295,3.9800000190734863,3.9600000381469727,3.9749999046325684,44312,0.0,0.0
2024-07-08 12:30:00-04:00,3.9800000190734863,4.0,3.9749999046325684,3.994999885559082,42412,0.0,0.0
2024-07-08 12:35:00-04:00,4.0,4.034999847412109,3.994999885559082,4.034999847412109,20750,0.0,0.0
2024-07-08 12:40:00-04:00,4.039999961853027,4.054999828338623,4.039999961853027,4.054999828338623,3719,0.0,0.0
2024-07-08 12:45:00-04:00,4.059999942779541,4.070000171661377,4.059999942779541,4.070000171661377,2175,0.0,0.0
2024-07-08 12:50:00-04:00,4.070000171661377,4.074999809265137,4.065000057220459,4.065000057220459,9181,0.0,0.0
2024-07-08 12:55:00-04:00,4.059999942779541,4.065000057220459,4.059999942779541,4.065000057220459,9180,0.0,0.0
2024-07-08 13:00:00-04:00,4.065000057220459,4.065000057220459,4.059999942779541,4.059999942779541,4626,0.0,0.0
2024-07-08 13:05:00-04:00,4.054999828338623,4.054999828338623,4.054999828338623,4.054999828338623,245,0.0,0.0
2024-07-08 13:10:00-04:00,4.054999828338623,4.054999828338623,4.045000076293945,4.045000076293945,6764,0.0,0.0
2024-07-08 13:15:00-04:00,4.045000076293945,4.050000190734863,4.045000076293945,4.045000076293945,2067,0.0,0.0
2024-07-08 13:20:00-04:00,4.050000190734863,4.054999828338623,4.050000190734863,4.054999828338623,5502,0.0,0.0
2024-07-08 13:25:00-04:00,4.050000190734863,4.050000190734863,4.039999961853027,4.039999961853027,3274,0.0,0.0
2024-07-08 13:30:00-04:00,4.050000190734863,4.054999828338623,4.045000076293945,4.054999828338623,7167,0.0,0.0
2024-07-08 13:35:00-04:00,4.054999828338623,4.054999828338623,4.039999961853027,4.039999961853027,12996,0.0,0.0
2024-07-08 13:40:00-04:00,4.03000020980835,4.034999847412109,4.019999980926514,4.019999980926514,6143,0.0,0.0
2024-07-08 13:45:00-04:00,4.019999980926514,4.019999980926514,4.019999980926514,4.019999980926514,3424,0.0,0.0
2024-07-08 13:50:00-04:00,4.019999980926514,4.025000095367432,4.014999866485596,4.014999866485596,14726,0.0,0.0
2024-07-08 13:55:00-04:00,4.019999980926514,4.019999980926514,3.990000009536743,3.990000009536743,22795,0.0,0.0
2024-07-08 14:00:00-04:00,3.990000009536743,4.010000228881836,3.9800000190734863,4.010000228881836,14109,0.0,0.0
2024-07-08 14:05:00-04:00,4.014999866485596,4.014999866485596,4.010000228881836,4.010000228881836,6362,0.0,0.0
2024-07-08 14:10:00-04:00,4.010000228881836,4.010000228881836,4.010000228881836,4.010000228881836,1484,0.0,0.0
2024-07-08 14:15:00-04:00,4.005000114440918,4.025000095367432,4.005000114440918,4.025000095367432,10886,0.0,0.0
2024-07-08 14:20:00-04:00,4.019999980926514,4.019999980926514,4.010000228881836,4.014999866485596,11776,0.0,0.0
2024-07-08 14:25:00-04:00,4.014999866485596,4.014999866485596,4.010000228881836,4.014999866485596,2937,0.0,0.0
2024-07-08 14:30:00-04:00,4.010000228881836,4.010000228881836,4.0,4.0,4541,0.0,0.0
2024-07-08 14:35:00-04:00,4.005000114440918,4.010000228881836,4.0,4.005000114440918,5235,0.0,0.0
2024-07-08 14:40:00-04:00,4.0,4.005000114440918,3.990000009536743,3.994999885559082,7684,0.0,0.0
2024-07-08 14:45:00-04:00,3.994999885559082,3.994999885559082,3.990000009536743,3.990000009536743,4078,0.0,0.0
2024-07-08 14:50:00-04:00,3.994999885559082,3.994999885559082,3.990000009536743,3.990000009536743,4167,0.0,0.0
2024-07-08 14:55:00-04:00,3.994999885559082,3.994999885559082,3.990000009536743,3.990000009536743,6381,0.0,0.0
2024-07-08 15:00:00-04:00,3.994999885559082,4.0,3.990000009536743,3.990000009536743,4058,0.0,0.0
2024-07-08 15:05:00-04:00,3.9902000427246094,3.994999885559082,3.990000009536743,3.994999885559082,4827,0.0,0.0
2024-07-08 15:10:00-04:00,3.990000009536743,4.014999866485596,3.990000009536743,4.010000228881836,27862,0.0,0.0
2024-07-08 15:15:00-04:00,4.005000114440918,4.014999866485596,4.005000114440918,4.014999866485596,7448,0.0,0.0
2024-07-08 15:20:00-04:00,4.014999866485596,4.019000053405762,4.010000228881836,4.014999866485596,4815,0.0,0.0
2024-07-08 15:25:00-04:00,4.010000228881836,4.014999866485596,4.010000228881836,4.014999866485596,10099,0.0,0.0
2024-07-08 15:30:00-04:00,4.014999866485596,4.039999961853027,4.010000228881836,4.039999961853027,15297,0.0,0.0
2024-07-08 15:35:00-04:00,4.039999961853027,4.050000190734863,4.039999961853027,4.050000190734863,7519,0.0,0.0
2024-07-08 15:40:00-04:00,4.050000190734863,4.074999809265137,4.050000190734863,4.074999809265137,25109,0.0,0.0
2024-07-08 15:45:00-04:00,4.074999809265137,4.079999923706055,4.070000171661377,4.079999923706055,17908,0.0,0.0
2024-07-08 15:50:00-04:00,4.079999923706055,4.090000152587891,4.079999923706055,4.090000152587891,27270,0.0,0.0
2024-07-08 15:55:00-04:00,4.090000152587891,4.098999977111816,4.079999923706055,4.090000152587891,94632,0.0,0.0
2024-07-09 09:30:00-04:00,4.079999923706055,4.079999923706055,4.03000020980835,4.03000020980835,6595,0.0,0.0
2024-07-09 09:35:00-04:00,4.039999961853027,4.039999961853027,4.03000020980835,4.039999961853027,1547,0.0,0.0
2024-07-09 09:40:00-04:00,4.050000190734863,4.050000190734863,4.039999961853027,4.050000190734863,3394,0.0,0.0
2024-07-09 09:45:00-04:00,4.050000190734863,4.050000190734863,4.050000190734863,4.050000190734863,1030,0.0,0.0
2024-07-09 09:50:00-04:00,4.050000190734863,4.050000190734863,4.039999961853027,4.039999961853027,6493,0.0,0.0
2024-07-09 09:55:00-04:00,4.039999961853027,4.039999961853027,4.03000020980835,4.03000020980835,2028,0.0,0.0
2024-07-09 10:00:00-04:00,4.034999847412109,4.034999847412109,4.034999847412109,4.034999847412109,355,0.0,0.0
2024-07-09 10:05:00-04:00,4.03000020980835,4.039999961853027,4.03000020980835,4.039999961853027,4488,0.0,0.0
2024-07-09 10:10:00-04:00,4.045000076293945,4.045000076293945,4.025000095367432,4.025000095367432,3851,0.0,0.0
2024-07-09 10:15:00-04:00,4.025000095367432,4.025000095367432,4.025000095367432,4.025000095367432,1773,0.0,0.0
2024-07-09 10:20:00-04:00,4.014999866485596,4.019999980926514,4.014999866485596,4.019999980926514,2143,0.0,0.0
2024-07-09 10:25:00-04:00,4.010000228881836,4.014999866485596,4.010000228881836,4.010000228881836,2630,0.0,0.0
2024-07-09 10:30:00-04:00,4.014999866485596,4.025000095367432,4.014999866485596,4.019999980926514,3502,0.0,0.0
2024-07-09 10:35:00-04:00,4.014999866485596,4.014999866485596,4.014999866485596,4.014999866485596,1612,0.0,0.0
2024-07-09 10:40:00-04:00,4.019999980926514,4.019999980926514,3.984999895095825,3.984999895095825,10185,0.0,0.0
2024-07-09 10:45:00-04:00,3.984999895095825,3.990000009536743,3.9800000190734863,3.9800000190734863,4894,0.0,0.0
2024-07-09 10:50:00-04:00,3.9800000190734863,3.9899001121520996,3.9749999046325684,3.984999895095825,6830,0.0,0.0
2024-07-09 10:55:00-04:00,3.984999895095825,3.990000009536743,3.9800000190734863,3.984999895095825,4228,0.0,0.0
2024-07-09 11:00:00-04:00,3.984999895095825,3.989000082015991,3.984999895095825,3.984999895095825,784,0.0,0.0
2024-07-09 11:05:00-04:00,3.990000009536743,4.014999866485596,3.990000009536743,4.0,11814,0.0,0.0
2024-07-09 11:10:00-04:00,4.005000114440918,4.010000228881836,4.005000114440918,4.010000228881836,10556,0.0,0.0
2024-07-09 11:15:00-04:00,4.010000228881836,4.03000020980835,4.010000228881836,4.03000020980835,7357,0.0,0.0
2024-07-09 11:20:00-04:00,4.034999847412109,4.039999961853027,4.034999847412109,4.034999847412109,615,0.0,0.0
2024-07-09 11:25:00-04:00,4.034999847412109,4.034999847412109,4.019999980926514,4.025000095367432,12129,0.0,0.0
2024-07-09 11:30:00-04:00,4.025000095367432,4.025000095367432,4.025000095367432,4.025000095367432,415,0.0,0.0
2024-07-09 11:35:00-04:00,4.025000095367432,4.03000020980835,4.019999980926514,4.03000020980835,16860,0.0,0.0
2024-07-09 11:45:00-04:00,4.034999847412109,4.039999961853027,4.034999847412109,4.034999847412109,1292,0.0,0.0
2024-07-09 11:50:00-04:00,4.039999961853027,4.050000190734863,4.039999961853027,4.050000190734863,4136,0.0,0.0
2024-07-09 11:55:00-04:00,4.054999828338623,4.059999942779541,4.050000190734863,4.054999828338623,3704,0.0,0.0
2024-07-09 12:00:00-04:00,4.050000190734863,4.054999828338623,4.050000190734863,4.050000190734863,2801,0.0,0.0
2024-07-09 12:05:00-04:00,4.054999828338623,4.059999942779541,4.054999828338623,4.054999828338623,6113,0.0,0.0
2024-07-09 12:15:00-04:00,4.059999942779541,4.065000057220459,4.059999942779541,4.059999942779541,9789,0.0,0.0
2024-07-09 12:20:00-04:00,4.065000057220459,4.065000057220459,4.054999828338623,4.054999828338623,3324,0.0,0.0
2024-07-09 12:25:00-04:00,4.050000190734863,4.054999828338623,4.050000190734863,4.054999828338623,1816,0.0,0.0
2024-07-09 12:30:00-04:00,4.050000190734863,4.065000057220459,4.050000190734863,4.065000057220459,3811,0.0,0.0
2024-07-09 12:35:00-04:00,4.065000057220459,4.065000057220459,4.054999828338623,4.054999828338623,4108,0.0,0.0
2024-07-09 12:40:00-04:00,4.050000190734863,4.054999828338623,4.050000190734863,4.054999828338623,944,0.0,0.0
2024-07-09 12:45:00-04:00,4.054999828338623,4.054999828338623,4.050000190734863,4.054999828338623,633,0.0,0.0
2024-07-09 12:50:00-04:00,4.050000190734863,4.054999828338623,4.045000076293945,4.054999828338623,11824,0.0,0.0
2024-07-09 12:55:00-04:00,4.050000190734863,4.074999809265137,4.050000190734863,4.074999809265137,7538,0.0,0.0
2024-07-09 13:00:00-04:00,4.074999809265137,4.079999923706055,4.065000057220459,4.065000057220459,15828,0.0,0.0
2024-07-09 13:05:00-04:00,4.065000057220459,4.09499979019165,4.059999942779541,4.09499979019165,84909,0.0,0.0
2024-07-09 13:10:00-04:00,4.099999904632568,4.105000019073486,4.090000152587891,4.090199947357178,3044,0.0,0.0
2024-07-09 13:15:00-04:00,4.09499979019165,4.09499979019165,4.085000038146973,4.085000038146973,4155,0.0,0.0
2024-07-09 13:20:00-04:00,4.085000038146973,4.085000038146973,4.079999923706055,4.079999923706055,3943,0.0,0.0
2024-07-09 13:25:00-04:00,4.085000038146973,4.09499979019165,4.085000038146973,4.090000152587891,5257,0.0,0.0
2024-07-09 13:30:00-04:00,4.09499979019165,4.09499979019165,4.090000152587891,4.090000152587891,0,0.0,0.0
2024-07-09 13:40:00-04:00,4.09499979019165,4.09499979019165,4.090000152587891,4.090000152587891,62026,0.0,0.0
2024-07-09 13:45:00-04:00,4.09499979019165,4.099999904632568,4.090000152587891,4.099999904632568,4419,0.0,0.0
2024-07-09 13:50:00-04:00,4.090000152587891,4.09499979019165,4.090000152587891,4.09499979019165,2403,0.0,0.0
2024-07-09 13:55:00-04:00,4.09499979019165,4.09499979019165,4.09499979019165,4.09499979019165,2138,0.0,0.0
2024-07-09 14:00:00-04:00,4.09499979019165,4.09499979019165,4.09499979019165,4.09499979019165,972,0.0,0.0
2024-07-09 14:05:00-04:00,4.0903000831604,4.09499979019165,4.0903000831604,4.09499979019165,1120,0.0,0.0
2024-07-09 14:10:00-04:00,4.090000152587891,4.099999904632568,4.090000152587891,4.099999904632568,3782,0.0,0.0
2024-07-09 14:15:00-04:00,4.09499979019165,4.09499979019165,4.09499979019165,4.09499979019165,500,0.0,0.0
2024-07-09 14:20:00-04:00,4.09499979019165,4.105000019073486,4.09499979019165,4.105000019073486,7044,0.0,0.0
2024-07-09 14:25:00-04:00,4.105000019073486,4.110000133514404,4.105000019073486,4.105000019073486,1359,0.0,0.0
2024-07-09 14:30:00-04:00,4.105000019073486,4.105000019073486,4.105000019073486,4.105000019073486,3438,0.0,0.0
2024-07-09 14:35:00-04:00,4.099999904632568,4.105000019073486,4.09499979019165,4.09499979019165,7292,0.0,0.0
2024-07-09 14:40:00-04:00,4.09499979019165,4.09499979019165,4.090000152587891,4.090000152587891,2152,0.0,0.0
2024-07-09 14:45:00-04:00,4.090000152587891,4.09499979019165,4.090000152587891,4.09499979019165,940,0.0,0.0
2024-07-09 14:50:00-04:00,4.09499979019165,4.099999904632568,4.09499979019165,4.09499979019165,4886,0.0,0.0
2024-07-09 14:55:00-04:00,4.090000152587891,4.099999904632568,4.090000152587891,4.099999904632568,1673,0.0,0.0
2024-07-09 15:00:00-04:00,4.09499979019165,4.09499979019165,4.090000152587891,4.090099811553955,3287,0.0,0.0
2024-07-09 15:05:00-04:00,4.099999904632568,4.099999904632568,4.090000152587891,4.090000152587891,4162,0.0,0.0
2024-07-09 15:10:00-04:00,4.090000152587891,4.090000152587891,4.079999923706055,4.085000038146973,14479,0.0,0.0
2024-07-09 15:15:00-04:00,4.085000038146973,4.085000038146973,4.079999923706055,4.085000038146973,2206,0.0,0.0
2024-07-09 15:20:00-04:00,4.085000038146973,4.088900089263916,4.079999923706055,4.088900089263916,4210,0.0,0.0
2024-07-09 15:25:00-04:00,4.085000038146973,4.085000038146973,4.079999923706055,4.079999923706055,3265,0.0,0.0
2024-07-09 15:30:00-04:00,4.085000038146973,4.085000038146973,4.079999923706055,4.079999923706055,6814,0.0,0.0
2024-07-09 15:35:00-04:00,4.085000038146973,4.085000038146973,4.079999923706055,4.085000038146973,9330,0.0,0.0
2024-07-09 15:40:00-04:00,4.079999923706055,4.09499979019165,4.079999923706055,4.09499979019165,12161,0.0,0.0
2024-07-09 15:45:00-04:00,4.098199844360352,4.098199844360352,4.090000152587891,4.090000152587891,9721,0.0,0.0
2024-07-09 15:50:00-04:00,4.090000152587891,4.09499979019165,4.090000152587891,4.09499979019165,13476,0.0,0.0
2024-07-09 15:55:00-04:00,4.09499979019165,4.110000133514404,4.090000152587891,4.110000133514404,81688,0.0,0.0
2024-07-10 09:30:00-04:00,4.139999866485596,4.204999923706055,4.139999866485596,4.204999923706055,18233,0.0,0.0
2024-07-10 09:35:00-04:00,4.199999809265137,4.215000152587891,4.179999828338623,4.215000152587891,8029,0.0,0.0
2024-07-10 09:40:00-04:00,4.215000152587891,4.224999904632568,4.215000152587891,4.224999904632568,4135,0.0,0.0
2024-07-10 09:45:00-04:00,4.224999904632568,4.224999904632568,4.190000057220459,4.190000057220459,10139,0.0,0.0
2024-07-10 09:50:00-04:00,4.190000057220459,4.190000057220459,4.179999828338623,4.184999942779541,9445,0.0,0.0
2024-07-10 09:55:00-04:00,4.179999828338623,4.179999828338623,4.170000076293945,4.170000076293945,3538,0.0,0.0
2024-07-10 10:00:00-04:00,4.159999847412109,4.1697998046875,4.159999847412109,4.164999961853027,4134,0.0,0.0
2024-07-10 10:05:00-04:00,4.164999961853027,4.170000076293945,4.150000095367432,4.15500020980835,9982,0.0,0.0
2024-07-10 10:10:00-04:00,4.159999847412109,4.164999961853027,4.159999847412109,4.164999961853027,4484,0.0,0.0
2024-07-10 10:15:00-04:00,4.164999961853027,4.164999961853027,4.159999847412109,4.164999961853027,5607,0.0,0.0
2024-07-10 10:20:00-04:00,4.164999961853027,4.175000190734863,4.15500020980835,4.15500020980835,8217,0.0,0.0
2024-07-10 10:25:00-04:00,4.15500020980835,4.164999961853027,4.150000095367432,4.159999847412109,10863,0.0,0.0
2024-07-10 10:30:00-04:00,4.15500020980835,4.15500020980835,4.144999980926514,4.144999980926514,6379,0.0,0.0
2024-07-10 10:35:00-04:00,4.144999980926514,4.144999980926514,4.144999980926514,4.144999980926514,2523,0.0,0.0
2024-07-10 10:40:00-04:00,4.144999980926514,4.159999847412109,4.144999980926514,4.15500020980835,18305,0.0,0.0
2024-07-10 10:45:00-04:00,4.15500020980835,4.15500020980835,4.15500020980835,4.15500020980835,931,0.0,0.0
2024-07-10 10:50:00-04:00,4.150000095367432,4.150000095367432,4.135000228881836,4.144999980926514,14604,0.0,0.0
2024-07-10 10:55:00-04:00,4.144999980926514,4.150000095367432,4.144999980926514,4.150000095367432,4048,0.0,0.0
2024-07-10 11:00:00-04:00,4.15500020980835,4.15500020980835,4.15500020980835,4.15500020980835,1370,0.0,0.0
2024-07-10 11:05:00-04:00,4.15500020980835,4.164999961853027,4.15500020980835,4.164999961853027,10033,0.0,0.0
2024-07-10 11:10:00-04:00,4.164999961853027,4.170000076293945,4.164999961853027,4.164999961853027,8356,0.0,0.0
2024-07-10 11:15:00-04:00,4.164999961853027,4.164999961853027,4.159999847412109,4.159999847412109,4998,0.0,0.0
2024-07-10 11:20:00-04:00,4.15500020980835,4.170000076293945,4.150000095367432,4.159999847412109,14050,0.0,0.0
2024-07-10 11:25:00-04:00,4.15500020980835,4.15500020980835,4.15500020980835,4.15500020980835,984,0.0,0.0
2024-07-10 11:30:00-04:00,4.15500020980835,4.15500020980835,4.15500020980835,4.15500020980835,1498,0.0,0.0
2024-07-10 11:35:00-04:00,4.15500020980835,4.15500020980835,4.150000095367432,4.15500020980835,16360,0.0,0.0
2024-07-10 11:40:00-04:00,4.150199890136719,4.15500020980835,4.150199890136719,4.15500020980835,1212,0.0,0.0
2024-07-10 11:45:00-04:00,4.15500020980835,4.164999961853027,4.150000095367432,4.164999961853027,23667,0.0,0.0
2024-07-10 11:50:00-04:00,4.164999961853027,4.164999961853027,4.164999961853027,4.164999961853027,2314,0.0,0.0
2024-07-10 11:55:00-04:00,4.164999961853027,4.170000076293945,4.164999961853027,4.170000076293945,2138,0.0,0.0
2024-07-10 12:00:00-04:00,4.164999961853027,4.175000190734863,4.164999961853027,4.175000190734863,5775,0.0,0.0
2024-07-10 12:05:00-04:00,4.175000190734863,4.179999828338623,4.175000190734863,4.175000190734863,20420,0.0,0.0
2024-07-10 12:10:00-04:00,4.175000190734863,4.190000057220459,4.175000190734863,4.190000057220459,12279,0.0,0.0
2024-07-10 12:15:00-04:00,4.190000057220459,4.190000057220459,4.184999942779541,4.184999942779541,738,0.0,0.0
2024-07-10 12:20:00-04:00,4.184999942779541,4.184999942779541,4.179999828338623,4.179999828338623,2009,0.0,0.0
2024-07-10 12:25:00-04:00,4.184999942779541,4.195000171661377,4.184999942779541,4.184999942779541,13533,0.0,0.0
2024-07-10 12:30:00-04:00,4.184999942779541,4.184999942779541,4.184999942779541,4.184999942779541,2164,0.0,0.0
2024-07-10 12:35:00-04:00,4.179999828338623,4.186500072479248,4.179999828338623,4.186500072479248,4050,0.0,0.0
2024-07-10 12:40:00-04:00,4.179999828338623,4.179999828338623,4.179999828338623,4.179999828338623,844,0.0,0.0
2024-07-10 12:45:00-04:00,4.175000190734863,4.175000190734863,4.170000076293945,4.170000076293945,1105,0.0,0.0
2024-07-10 12:50:00-04:00,4.170000076293945,4.170000076293945,4.150000095367432,4.15500020980835,13638,0.0,0.0
2024-07-10 12:55:00-04:00,4.15500020980835,4.179999828338623,4.15500020980835,4.179999828338623,12094,0.0,0.0
2024-07-10 13:05:00-04:00,4.175000190734863,4.175000190734863,4.175000190734863,4.175000190734863,536,0.0,0.0
2024-07-10 13:10:00-04:00,4.175000190734863,4.175000190734863,4.175000190734863,4.175000190734863,450,0.0,0.0
2024-07-10 13:15:00-04:00,4.170000076293945,4.175000190734863,4.170000076293945,4.175000190734863,1005,0.0,0.0
2024-07-10 13:20:00-04:00,4.170000076293945,4.175000190734863,4.164999961853027,4.170000076293945,12085,0.0,0.0
2024-07-10 13:25:00-04:00,4.164999961853027,4.164999961853027,4.164999961853027,4.164999961853027,1372,0.0,0.0
2024-07-10 13:30:00-04:00,4.164999961853027,4.170000076293945,4.164999961853027,4.164999961853027,3482,0.0,0.0
2024-07-10 13:35:00-04:00,4.170000076293945,4.170000076293945,4.170000076293945,4.170000076293945,4076,0.0,0.0
2024-07-10 13:40:00-04:00,4.175000190734863,4.179999828338623,4.170000076293945,4.175000190734863,10032,0.0,0.0
2024-07-10 13:45:00-04:00,4.170000076293945,4.170000076293945,4.164999961853027,4.170000076293945,4934,0.0,0.0
2024-07-10 13:50:00-04:00,4.170000076293945,4.179999828338623,4.164999961853027,4.179999828338623,10660,0.0,0.0
2024-07-10 13:55:00-04:00,4.179999828338623,4.179999828338623,4.177499771118164,4.179999828338623,2153,0.0,0.0
2024-07-10 14:00:00-04:00,4.179999828338623,4.184999942779541,4.175000190734863,4.179999828338623,11153,0.0,0.0
2024-07-10 14:05:00-04:00,4.179999828338623,4.179999828338623,4.175000190734863,4.175000190734863,1388,0.0,0.0
2024-07-10 14:10:00-04:00,4.179999828338623,4.184999942779541,4.175000190734863,4.175000190734863,10800,0.0,0.0
2024-07-10 14:15:00-04:00,4.179999828338623,4.179999828338623,4.164999961853027,4.164999961853027,3215,0.0,0.0
2024-07-10 14:20:00-04:00,4.159999847412109,4.159999847412109,4.15500020980835,4.159999847412109,4089,0.0,0.0
2024-07-10 14:25:00-04:00,4.159999847412109,4.179999828338623,4.15500020980835,4.164999961853027,60584,0.0,0.0
2024-07-10 14:30:00-04:00,4.164999961853027,4.170000076293945,4.159999847412109,4.159999847412109,15819,0.0,0.0
2024-07-10 14:35:00-04:00,4.164999961853027,4.164999961853027,4.159999847412109,4.159999847412109,1477,0.0,0.0
2024-07-10 14:40:00-04:00,4.159999847412109,4.170000076293945,4.15500020980835,4.164999961853027,11921,0.0,0.0
2024-07-10 14:45:00-04:00,4.159999847412109,4.159999847412109,4.15500020980835,4.15500020980835,3386,0.0,0.0
2024-07-10 14:50:00-04:00,4.15500020980835,4.15500020980835,4.15500020980835,4.15500020980835,1017,0.0,0.0
2024-07-10 14:55:00-04:00,4.15500020980835,4.170000076293945,4.150000095367432,4.170000076293945,14602,0.0,0.0
2024-07-10 15:00:00-04:00,4.15500020980835,4.15500020980835,4.15500020980835,4.15500020980835,4296,0.0,0.0
2024-07-10 15:05:00-04:00,4.159999847412109,4.159999847412109,4.15500020980835,4.15500020980835,1247,0.0,0.0
2024-07-10 15:10:00-04:00,4.159999847412109,4.170000076293945,4.159999847412109,4.164999961853027,5739,0.0,0.0
2024-07-10 15:15:00-04:00,4.164999961853027,4.170000076293945,4.159999847412109,4.164999961853027,5047,0.0,0.0
2024-07-10 15:20:00-04:00,4.164999961853027,4.170000076293945,4.159999847412109,4.164999961853027,28910,0.0,0.0
2024-07-10 15:25:00-04:00,4.164999961853027,4.179999828338623,4.164999961853027,4.170000076293945,11339,0.0,0.0
2024-07-10 15:30:00-04:00,4.175000190734863,4.199999809265137,4.175000190734863,4.199999809265137,11768,0.0,0.0
2024-07-10 15:35:00-04:00,4.195000171661377,4.195000171661377,4.190000057220459,4.190000057220459,3378,0.0,0.0
2024-07-10 15:40:00-04:00,4.195000171661377,4.195000171661377,4.184999942779541,4.195000171661377,10198,0.0,0.0
2024-07-10 15:45:00-04:00,4.195000171661377,4.195000171661377,4.184999942779541,4.184999942779541,12959,0.0,0.0
2024-07-10 15:50:00-04:00,4.179999828338623,4.195000171661377,4.179999828338623,4.195000171661377,17242,0.0,0.0
2024-07-10 15:55:00-04:00,4.195000171661377,4.195000171661377,4.179999828338623,4.179999828338623,68817,0.0,0.0
2024-07-11 09:30:00-04:00,4.21999979019165,4.340000152587891,4.21999979019165,4.289999961853027,15582,0.0,0.0
2024-07-11 09:35:00-04:00,4.289999961853027,4.320000171661377,4.289999961853027,4.309999942779541,1943,0.0,0.0
2024-07-11 09:40:00-04:00,4.304999828338623,4.304999828338623,4.289999961853027,4.304999828338623,5690,0.0,0.0
2024-07-11 09:45:00-04:00,4.309999942779541,4.340000152587891,4.309999942779541,4.340000152587891,4410,0.0,0.0
2024-07-11 09:50:00-04:00,4.340000152587891,4.355000019073486,4.340000152587891,4.355000019073486,2985,0.0,0.0
2024-07-11 09:55:00-04:00,4.349999904632568,4.355000019073486,4.34499979019165,4.349999904632568,4532,0.0,0.0
2024-07-11 10:00:00-04:00,4.360000133514404,4.375,4.355000019073486,4.360000133514404,11552,0.0,0.0
2024-07-11 10:05:00-04:00,4.362199783325195,4.362199783325195,4.349999904632568,4.355000019073486,8846,0.0,0.0
2024-07-11 10:10:00-04:00,4.355000019073486,4.355000019073486,4.34499979019165,4.34499979019165,3680,0.0,0.0
2024-07-11 10:15:00-04:00,4.349999904632568,4.349999904632568,4.34499979019165,4.34499979019165,5522,0.0,0.0
2024-07-11 10:20:00-04:00,4.34499979019165,4.349999904632568,4.335000038146973,4.340000152587891,7200,0.0,0.0
2024-07-11 10:25:00-04:00,4.335000038146973,4.349999904632568,4.335000038146973,4.349999904632568,5356,0.0,0.0
2024-07-11 10:30:00-04:00,4.355000019073486,4.355999946594238,4.340000152587891,4.340000152587891,6664,0.0,0.0
2024-07-11 10:35:00-04:00,4.34499979019165,4.34499979019165,4.335000038146973,4.335000038146973,3067,0.0,0.0
2024-07-11 10:45:00-04:00,4.324999809265137,4.329999923706055,4.324999809265137,4.324999809265137,3821,0.0,0.0
2024-07-11 10:50:00-04:00,4.324999809265137,4.324999809265137,4.324999809265137,4.324999809265137,3214,0.0,0.0
2024-07-11 10:55:00-04:00,4.329999923706055,4.349999904632568,4.324999809265137,4.340000152587891,6674,0.0,0.0
2024-07-11 11:00:00-04:00,4.34499979019165,4.34499979019165,4.320000171661377,4.320000171661377,2637,0.0,0.0
2024-07-11 11:05:00-04:00,4.324999809265137,4.329999923706055,4.324999809265137,4.324999809265137,4062,0.0,0.0
2024-07-11 11:10:00-04:00,4.324999809265137,4.324999809265137,4.324999809265137,4.324999809265137,959,0.0,0.0
2024-07-11 11:15:00-04:00,4.322199821472168,4.322199821472168,4.300000190734863,4.304999828338623,16586,0.0,0.0
2024-07-11 11:20:00-04:00,4.304999828338623,4.309999942779541,4.300000190734863,4.304999828338623,2300,0.0,0.0
2024-07-11 11:25:00-04:00,4.309999942779541,4.309999942779541,4.300000190734863,4.300000190734863,784,0.0,0.0
2024-07-11 11:30:00-04:00,4.300000190734863,4.309999942779541,4.300000190734863,4.309999942779541,1335,0.0,0.0
2024-07-11 11:35:00-04:00,4.304999828338623,4.309999942779541,4.300000190734863,4.309999942779541,1205,0.0,0.0
2024-07-11 11:40:00-04:00,4.309999942779541,4.315000057220459,4.304999828338623,4.304999828338623,7961,0.0,0.0
2024-07-11 11:45:00-04:00,4.309999942779541,4.315000057220459,4.309999942779541,4.314700126647949,4280,0.0,0.0
2024-07-11 11:50:00-04:00,4.309999942779541,4.309999942779541,4.295000076293945,4.295000076293945,2833,0.0,0.0
2024-07-11 11:55:00-04:00,4.295000076293945,4.295000076293945,4.295000076293945,4.295000076293945,823,0.0,0.0
2024-07-11 12:00:00-04:00,4.289999961853027,4.289999961853027,4.284999847412109,4.284999847412109,3373,0.0,0.0
2024-07-11 12:05:00-04:00,4.284999847412109,4.300000190734863,4.284999847412109,4.295000076293945,6164,0.0,0.0
2024-07-11 12:10:00-04:00,4.295000076293945,4.309999942779541,4.295000076293945,4.309999942779541,5434,0.0,0.0
2024-07-11 12:15:00-04:00,4.309999942779541,4.309999942779541,4.304999828338623,4.309999942779541,5396,0.0,0.0
2024-07-11 12:20:00-04:00,4.304999828338623,4.320000171661377,4.304900169372559,4.315000057220459,6337,0.0,0.0
2024-07-11 12:25:00-04:00,4.320000171661377,4.324999809265137,4.315000057220459,4.324999809265137,13599,0.0,0.0
2024-07-11 12:30:00-04:00,4.329999923706055,4.340000152587891,4.324999809265137,4.340000152587891,7085,0.0,0.0
2024-07-11 12:35:00-04:00,4.340000152587891,4.340000152587891,4.324999809265137,4.335000038146973,14325,0.0,0.0
2024-07-11 12:40:00-04:00,4.335000038146973,4.340000152587891,4.329999923706055,4.329999923706055,1633,0.0,0.0
2024-07-11 12:45:00-04:00,4.329999923706055,4.329999923706055,4.315000057220459,4.315000057220459,3728,0.0,0.0
2024-07-11 12:50:00-04:00,4.315000057220459,4.320000171661377,4.315000057220459,4.315000057220459,1420,0.0,0.0
2024-07-11 12:55:00-04:00,4.320000171661377,4.329999923706055,4.320000171661377,4.329999923706055,4299,0.0,0.0
2024-07-11 13:00:00-04:00,4.32420015335083,4.32420015335083,4.320000171661377,4.320000171661377,4397,0.0,0.0
2024-07-11 13:05:00-04:00,4.315000057220459,4.320000171661377,4.315000057220459,4.320000171661377,2970,0.0,0.0
2024-07-11 13:10:00-04:00,4.315000057220459,4.315000057220459,4.289999961853027,4.289999961853027,6881,0.0,0.0
2024-07-11 13:15:00-04:00,4.295000076293945,4.300000190734863,4.295000076293945,4.300000190734863,4047,0.0,0.0
2024-07-11 13:20:00-04:00,4.300000190734863,4.300000190734863,4.289999961853027,4.300000190734863,5893,0.0,0.0
2024-07-11 13:25:00-04:00,4.295000076293945,4.300000190734863,4.295000076293945,4.295000076293945,2154,0.0,0.0
2024-07-11 13:30:00-04:00,4.300000190734863,4.3028998374938965,4.295000076293945,4.295000076293945,5461,0.0,0.0
2024-07-11 13:35:00-04:00,4.295000076293945,4.295000076293945,4.289999961853027,4.289999961853027,1795,0.0,0.0
2024-07-11 13:40:00-04:00,4.295000076293945,4.300000190734863,4.295000076293945,4.295000076293945,1124,0.0,0.0
2024-07-11 13:45:00-04:00,4.295000076293945,4.295000076293945,4.295000076293945,4.295000076293945,752,0.0,0.0
2024-07-11 13:50:00-04:00,4.289999961853027,4.295000076293945,4.289999961853027,4.295000076293945,1329,0.0,0.0
2024-07-11 13:55:00-04:00,4.291100025177002,4.295000076293945,4.284999847412109,4.284999847412109,7548,0.0,0.0
2024-07-11 14:00:00-04:00,4.284999847412109,4.284999847412109,4.269999980926514,4.275000095367432,5259,0.0,0.0
2024-07-11 14:05:00-04:00,4.275000095367432,4.275000095367432,4.270899772644043,4.275000095367432,1305,0.0,0.0
2024-07-11 14:10:00-04:00,4.275000095367432,4.275000095367432,4.269999980926514,4.275000095367432,2465,0.0,0.0
2024-07-11 14:15:00-04:00,4.275000095367432,4.28000020980835,4.275000095367432,4.28000020980835,7780,0.0,0.0
2024-07-11 14:20:00-04:00,4.275000095367432,4.28000020980835,4.269999980926514,4.28000020980835,3270,0.0,0.0
2024-07-11 14:25:00-04:00,4.275000095367432,4.28000020980835,4.275000095367432,4.275000095367432,3498,0.0,0.0
2024-07-11 14:30:00-04:00,4.275000095367432,4.289999961853027,4.275000095367432,4.289999961853027,9108,0.0,0.0
2024-07-11 14:35:00-04:00,4.281000137329102,4.284999847412109,4.269999980926514,4.275000095367432,2641,0.0,0.0
2024-07-11 14:40:00-04:00,4.275000095367432,4.275000095367432,4.264999866485596,4.275000095367432,11197,0.0,0.0
2024-07-11 14:45:00-04:00,4.275000095367432,4.28000020980835,4.275000095367432,4.275000095367432,1269,0.0,0.0
2024-07-11 14:50:00-04:00,4.275000095367432,4.275000095367432,4.275000095367432,4.275000095367432,937,0.0,0.0
2024-07-11 14:55:00-04:00,4.275000095367432,4.28000020980835,4.264999866485596,4.269999980926514,6299,0.0,0.0
2024-07-11 15:00:00-04:00,4.269999980926514,4.275000095367432,4.264999866485596,4.269999980926514,10140,0.0,0.0
2024-07-11 15:05:00-04:00,4.264999866485596,4.264999866485596,4.25,4.260000228881836,6866,0.0,0.0
2024-07-11 15:10:00-04:00,4.255000114440918,4.255000114440918,4.255000114440918,4.255000114440918,3378,0.0,0.0
2024-07-11 15:15:00-04:00,4.260000228881836,4.269999980926514,4.260000228881836,4.264999866485596,8675,0.0,0.0
2024-07-11 15:20:00-04:00,4.264999866485596,4.269999980926514,4.264999866485596,4.269899845123291,6218,0.0,0.0
2024-07-11 15:25:00-04:00,4.264999866485596,4.275000095367432,4.264999866485596,4.275000095367432,9870,0.0,0.0
2024-07-11 15:30:00-04:00,4.275000095367432,4.295000076293945,4.269999980926514,4.295000076293945,14360,0.0,0.0
2024-07-11 15:35:00-04:00,4.295000076293945,4.300000190734863,4.292699813842773,4.295000076293945,6447,0.0,0.0
2024-07-11 15:40:00-04:00,4.295000076293945,4.304999828338623,4.295000076293945,4.300000190734863,20363,0.0,0.0
2024-07-11 15:45:00-04:00,4.295000076293945,4.304999828338623,4.295000076293945,4.304999828338623,14793,0.0,0.0
2024-07-11 15:50:00-04:00,4.304999828338623,4.307499885559082,4.295000076293945,4.300000190734863,19333,0.0,0.0
2024-07-11 15:55:00-04:00,4.300000190734863,4.304999828338623,4.28000020980835,4.295000076293945,92805,0.0,0.0
2024-07-12 09:30:00-04:00,4.340000152587891,4.440000057220459,4.340000152587891,4.369999885559082,31158,0.0,0.0
2024-07-12 09:35:00-04:00,4.349999904632568,4.360000133514404,4.324999809265137,4.329999923706055,6423,0.0,0.0
2024-07-12 09:40:00-04:00,4.340000152587891,4.360000133514404,4.340000152587891,4.360000133514404,3085,0.0,0.0
2024-07-12 09:45:00-04:00,4.349999904632568,4.355000019073486,4.340000152587891,4.34499979019165,1941,0.0,0.0
2024-07-12 09:50:00-04:00,4.340000152587891,4.340000152587891,4.340000152587891,4.340000152587891,3595,0.0,0.0
2024-07-12 09:55:00-04:00,4.329999923706055,4.335000038146973,4.329999923706055,4.335000038146973,576,0.0,0.0
2024-07-12 10:00:00-04:00,4.340000152587891,4.355000019073486,4.340000152587891,4.355000019073486,3812,0.0,0.0
2024-07-12 10:05:00-04:00,4.355000019073486,4.355000019073486,4.34499979019165,4.34499979019165,7027,0.0,0.0
2024-07-12 10:10:00-04:00,4.324999809265137,4.349999904632568,4.324999809265137,4.349999904632568,3494,0.0,0.0
2024-07-12 10:15:00-04:00,4.349999904632568,4.349999904632568,4.349999904632568,4.349999904632568,2349,0.0,0.0
2024-07-12 10:20:00-04:00,4.355000019073486,4.360000133514404,4.355000019073486,4.360000133514404,1295,0.0,0.0
2024-07-12 10:25:00-04:00,4.355000019073486,4.360000133514404,4.34499979019165,4.350200176239014,7272,0.0,0.0
2024-07-12 10:30:00-04:00,4.355000019073486,4.355000019073486,4.349999904632568,4.349999904632568,1690,0.0,0.0
2024-07-12 10:35:00-04:00,4.349999904632568,4.349999904632568,4.349999904632568,4.349999904632568,2479,0.0,0.0
2024-07-12 10:40:00-04:00,4.355000019073486,4.355000019073486,4.349999904632568,4.349999904632568,3720,0.0,0.0
2024-07-12 10:45:00-04:00,4.355000019073486,4.380000114440918,4.349999904632568,4.380000114440918,15221,0.0,0.0
2024-07-12 10:50:00-04:00,4.375999927520752,4.394999980926514,4.375999927520752,4.389999866485596,6127,0.0,0.0
2024-07-12 10:55:00-04:00,4.385000228881836,4.389999866485596,4.380000114440918,4.389999866485596,8303,0.0,0.0
2024-07-12 11:00:00-04:00,4.380000114440918,4.380000114440918,4.380000114440918,4.380000114440918,945,0.0,0.0
2024-07-12 11:05:00-04:00,4.380000114440918,4.389999866485596,4.380000114440918,4.385000228881836,6013,0.0,0.0
2024-07-12 11:15:00-04:00,4.389999866485596,4.389999866485596,4.389999866485596,4.389999866485596,2685,0.0,0.0
2024-07-12 11:20:00-04:00,4.385000228881836,4.385000228881836,4.380000114440918,4.380000114440918,3339,0.0,0.0
2024-07-12 11:25:00-04:00,4.380000114440918,4.380000114440918,4.375,4.375,4659,0.0,0.0
2024-07-12 11:30:00-04:00,4.375,4.375,4.375,4.375,1152,0.0,0.0
2024-07-12 11:40:00-04:00,4.375,4.375,4.375,4.375,138,0.0,0.0
2024-07-12 11:45:00-04:00,4.375,4.375,4.375,4.375,1127,0.0,0.0
2024-07-12 11:50:00-04:00,4.375,4.375,4.369999885559082,4.369999885559082,928,0.0,0.0
2024-07-12 11:55:00-04:00,4.369999885559082,4.369999885559082,4.349999904632568,4.355000019073486,22179,0.0,0.0
2024-07-12 12:00:00-04:00,4.360000133514404,4.364999771118164,4.360000133514404,4.364999771118164,4294,0.0,0.0
2024-07-12 12:05:00-04:00,4.364999771118164,4.364999771118164,4.360000133514404,4.364999771118164,1044,0.0,0.0
2024-07-12 12:10:00-04:00,4.364999771118164,4.369999885559082,4.360000133514404,4.364999771118164,3239,0.0,0.0
2024-07-12 12:15:00-04:00,4.364999771118164,4.369999885559082,4.364999771118164,4.369999885559082,3193,0.0,0.0
2024-07-12 12:20:00-04:00,4.369999885559082,4.369999885559082,4.364999771118164,4.364999771118164,650,0.0,0.0
2024-07-12 12:25:00-04:00,4.364999771118164,4.364999771118164,4.355000019073486,4.355000019073486,9840,0.0,0.0
2024-07-12 12:30:00-04:00,4.355000019073486,4.355000019073486,4.355000019073486,4.355000019073486,1321,0.0,0.0
2024-07-12 12:35:00-04:00,4.355000019073486,4.355000019073486,4.320000171661377,4.321000099182129,21359,0.0,0.0
2024-07-12 12:40:00-04:00,4.324999809265137,4.324999809265137,4.320199966430664,4.320199966430664,2324,0.0,0.0
2024-07-12 12:45:00-04:00,4.320000171661377,4.324999809265137,4.320000171661377,4.320000171661377,829,0.0,0.0
2024-07-12 12:50:00-04:00,4.320000171661377,4.324999809265137,4.309999942779541,4.324999809265137,11113,0.0,0.0
2024-07-12 12:55:00-04:00,4.329999923706055,4.329999923706055,4.324999809265137,4.324999809265137,937,0.0,0.0
2024-07-12 13:00:00-04:00,4.328000068664551,4.335000038146973,4.324999809265137,4.335000038146973,8720,0.0,0.0
2024-07-12 13:05:00-04:00,4.335000038146973,4.335000038146973,4.335000038146973,4.335000038146973,408,0.0,0.0
2024-07-12 13:10:00-04:00,4.340000152587891,4.340000152587891,4.335000038146973,4.335000038146973,4816,0.0,0.0
2024-07-12 13:15:00-04:00,4.335000038146973,4.335000038146973,4.335000038146973,4.335000038146973,813,0.0,0.0
2024-07-12 13:20:00-04:00,4.335000038146973,4.340000152587891,4.335000038146973,4.335000038146973,1845,0.0,0.0
2024-07-12 13:25:00-04:00,4.340000152587891,4.340000152587891,4.329999923706055,4.335000038146973,2577,0.0,0.0
2024-07-12 13:30:00-04:00,4.340000152587891,4.34499979019165,4.340000152587891,4.34499979019165,7798,0.0,0.0
2024-07-12 13:35:00-04:00,4.349999904632568,4.349999904632568,4.34499979019165,4.34499979019165,1049,0.0,0.0
2024-07-12 13:40:00-04:00,4.349999904632568,4.349999904632568,4.335000038146973,4.34499979019165,11763,0.0,0.0
2024-07-12 13:45:00-04:00,4.349999904632568,4.349999904632568,4.340000152587891,4.340000152587891,2536,0.0,0.0
2024-07-12 13:50:00-04:00,4.335000038146973,4.335000038146973,4.329999923706055,4.329999923706055,3453,0.0,0.0
2024-07-12 13:55:00-04:00,4.329999923706055,4.329999923706055,4.324999809265137,4.324999809265137,909,0.0,0.0
2024-07-12 14:00:00-04:00,4.320300102233887,4.320300102233887,4.320300102233887,4.320300102233887,569,0.0,0.0
2024-07-12 14:05:00-04:00,4.324999809265137,4.324999809265137,4.320000171661377,4.320000171661377,1702,0.0,0.0
2024-07-12 14:10:00-04:00,4.329999923706055,4.335000038146973,4.315000057220459,4.315000057220459,15574,0.0,0.0
2024-07-12 14:15:00-04:00,4.315000057220459,4.320000171661377,4.315000057220459,4.320000171661377,983,0.0,0.0
2024-07-12 14:20:00-04:00,4.315000057220459,4.320000171661377,4.300000190734863,4.304999828338623,4496,0.0,0.0
2024-07-12 14:25:00-04:00,4.304999828338623,4.304999828338623,4.301199913024902,4.301199913024902,1228,0.0,0.0
2024-07-12 14:30:00-04:00,4.304999828338623,4.304999828338623,4.289999961853027,4.295000076293945,3906,0.0,0.0
2024-07-12 14:35:00-04:00,4.295000076293945,4.309999942779541,4.295000076293945,4.309999942779541,5905,0.0,0.0
2024-07-12 14:40:00-04:00,4.304999828338623,4.304999828338623,4.304999828338623,4.304999828338623,1485,0.0,0.0
2024-07-12 14:45:00-04:00,4.308000087738037,4.308000087738037,4.304999828338623,4.304999828338623,3146,0.0,0.0
2024-07-12 14:50:00-04:00,4.309999942779541,4.309999942779541,4.304999828338623,4.309999942779541,1897,0.0,0.0
2024-07-12 14:55:00-04:00,4.309999942779541,4.320000171661377,4.304999828338623,4.320000171661377,11962,0.0,0.0
2024-07-12 15:00:00-04:00,4.315000057220459,4.320000171661377,4.315000057220459,4.320000171661377,2587,0.0,0.0
2024-07-12 15:05:00-04:00,4.320000171661377,4.320000171661377,4.315000057220459,4.315000057220459,3030,0.0,0.0
2024-07-12 15:10:00-04:00,4.315000057220459,4.320000171661377,4.304999828338623,4.320000171661377,20295,0.0,0.0
2024-07-12 15:15:00-04:00,4.320000171661377,4.329999923706055,4.315000057220459,4.329999923706055,5904,0.0,0.0
2024-07-12 15:20:00-04:00,4.324999809265137,4.335000038146973,4.324999809265137,4.335000038146973,8614,0.0,0.0
2024-07-12 15:25:00-04:00,4.335000038146973,4.340000152587891,4.329999923706055,4.335000038146973,5143,0.0,0.0
2024-07-12 15:30:00-04:00,4.335000038146973,4.335000038146973,4.324999809265137,4.3302001953125,15793,0.0,0.0
2024-07-12 15:35:00-04:00,4.335000038146973,4.335000038146973,4.329999923706055,4.335000038146973,3544,0.0,0.0
2024-07-12 15:40:00-04:00,4.335000038146973,4.335000038146973,4.324999809265137,4.324999809265137,8914,0.0,0.0
2024-07-12 15:45:00-04:00,4.324999809265137,4.335000038146973,4.324999809265137,4.335000038146973,12957,0.0,0.0
2024-07-12 15:50:00-04:00,4.335000038146973,4.340000152587891,4.329999923706055,4.340000152587891,17014,0.0,0.0
2024-07-12 15:55:00-04:00,4.340000152587891,4.340000152587891,4.289999961853027,4.289999961853027,83850,0.0,0.0
