Datetime,Open,High,Low,Close,Volume,Dividends,Stock Splits
2022-08-12 09:00:00+09:00,1390.0,1390.0,1320.0,1330.0,0,0.0,0.0
2022-08-12 10:00:00+09:00,1331.0,1331.0,1331.0,1331.0,100,0.0,0.0
2022-08-12 11:00:00+09:00,1331.0,1331.0,1331.0,1331.0,0,0.0,0.0
2022-08-12 14:00:00+09:00,1331.0,1347.0,1331.0,1347.0,1700,0.0,0.0
2022-08-15 09:00:00+09:00,1320.0,1351.0,1320.0,1351.0,900,0.0,0.0
2022-08-15 10:00:00+09:00,1321.0,1329.0,1321.0,1329.0,400,0.0,0.0
2022-08-15 11:00:00+09:00,1324.0,1324.0,1324.0,1324.0,0,0.0,0.0
2022-08-15 12:00:00+09:00,1330.0,1330.0,1330.0,1330.0,1500,0.0,0.0
2022-08-15 13:00:00+09:00,1330.0,1330.0,1330.0,1330.0,100,0.0,0.0
2022-08-15 14:00:00+09:00,1325.0,1325.0,1325.0,1325.0,200,0.0,0.0
2022-08-16 09:00:00+09:00,1320.0,1351.0,1301.0,1350.0,1500,0.0,0.0
2022-08-16 11:00:00+09:00,1350.0,1350.0,1350.0,1350.0,0,0.0,0.0
2022-08-16 12:00:00+09:00,1332.0,1348.0,1332.0,1348.0,1700,0.0,0.0
2022-08-16 13:00:00+09:00,1351.0,1424.0,1351.0,1400.0,900,0.0,0.0
2022-08-16 14:00:00+09:00,1400.0,1400.0,1360.0,1385.0,1200,0.0,0.0
2022-08-17 09:00:00+09:00,1415.0,1473.0,1402.0,1425.0,2400,0.0,0.0
2022-08-17 10:00:00+09:00,1425.0,1425.0,1411.0,1411.0,800,0.0,0.0
2022-08-17 11:00:00+09:00,1411.0,1411.0,1411.0,1411.0,0,0.0,0.0
2022-08-17 12:00:00+09:00,1381.0,1391.0,1350.0,1350.0,6100,0.0,0.0
2022-08-17 13:00:00+09:00,1360.0,1380.0,1360.0,1375.0,1400,0.0,0.0
2022-08-17 14:00:00+09:00,1372.0,1372.0,1366.0,1366.0,400,0.0,0.0
2022-08-18 09:00:00+09:00,1356.0,1377.0,1326.0,1370.0,2400,0.0,0.0
2022-08-18 11:00:00+09:00,1368.0,1368.0,1368.0,1368.0,0,0.0,0.0
2022-08-18 13:00:00+09:00,1338.0,1338.0,1338.0,1338.0,0,0.0,0.0
2022-08-18 14:00:00+09:00,1333.0,1333.0,1331.0,1331.0,2800,0.0,0.0
2022-08-19 09:00:00+09:00,1338.0,1338.0,1318.0,1318.0,700,0.0,0.0
2022-08-19 11:00:00+09:00,1318.0,1318.0,1318.0,1318.0,0,0.0,0.0
2022-08-19 13:00:00+09:00,1317.0,1317.0,1317.0,1317.0,800,0.0,0.0
2022-08-19 14:00:00+09:00,1316.0,1320.0,1316.0,1316.0,1400,0.0,0.0
2022-08-22 09:00:00+09:00,1293.0,1293.0,1293.0,1293.0,1000,0.0,0.0
2022-08-22 10:00:00+09:00,1300.0,1318.0,1300.0,1318.0,200,0.0,0.0
2022-08-22 11:00:00+09:00,1318.0,1318.0,1318.0,1318.0,0,0.0,0.0
2022-08-22 13:00:00+09:00,1305.0,1305.0,1305.0,1305.0,1300,0.0,0.0
2022-08-22 14:00:00+09:00,1305.0,1335.0,1305.0,1335.0,200,0.0,0.0
2022-08-23 09:00:00+09:00,1275.0,1302.0,1275.0,1302.0,1000,0.0,0.0
2022-08-23 10:00:00+09:00,1294.0,1294.0,1290.0,1290.0,500,0.0,0.0
2022-08-23 11:00:00+09:00,1290.0,1290.0,1290.0,1290.0,0,0.0,0.0
2022-08-23 13:00:00+09:00,1291.0,1291.0,1283.0,1283.0,2000,0.0,0.0
2022-08-23 14:00:00+09:00,1283.0,1283.0,1283.0,1283.0,300,0.0,0.0
2022-08-24 09:00:00+09:00,1294.0,1294.0,1284.0,1284.0,700,0.0,0.0
2022-08-24 10:00:00+09:00,1288.0,1315.0,1285.0,1315.0,500,0.0,0.0
2022-08-24 11:00:00+09:00,1341.0,1341.0,1320.0,1320.0,0,0.0,0.0
2022-08-24 13:00:00+09:00,1339.0,1339.0,1326.0,1326.0,1600,0.0,0.0
2022-08-25 09:00:00+09:00,1350.0,1379.0,1341.0,1343.0,1400,0.0,0.0
2022-08-25 10:00:00+09:00,1346.0,1346.0,1343.0,1343.0,200,0.0,0.0
2022-08-25 11:00:00+09:00,1343.0,1343.0,1343.0,1343.0,0,0.0,0.0
2022-08-25 12:00:00+09:00,1350.0,1355.0,1346.0,1355.0,3100,0.0,0.0
2022-08-25 13:00:00+09:00,1355.0,1626.0,1355.0,1621.0,16300,0.0,0.0
2022-08-26 09:00:00+09:00,1746.0,1779.0,1507.0,1515.0,57700,0.0,0.0
2022-08-26 10:00:00+09:00,1515.0,1549.0,1472.0,1505.0,9300,0.0,0.0
2022-08-26 11:00:00+09:00,1506.0,1526.0,1505.0,1526.0,0,0.0,0.0
2022-08-26 12:00:00+09:00,1510.0,1580.0,1510.0,1563.0,72300,0.0,0.0
2022-08-26 13:00:00+09:00,1554.0,1555.0,1492.0,1538.0,4500,0.0,0.0
2022-08-26 14:00:00+09:00,1539.0,1566.0,1508.0,1537.0,8300,0.0,0.0
2022-08-29 09:00:00+09:00,1499.0,1515.0,1499.0,1515.0,1700,0.0,0.0
2022-08-29 11:00:00+09:00,1517.0,1570.0,1515.0,1541.0,0,0.0,0.0
2022-08-29 12:00:00+09:00,1541.0,1560.0,1516.0,1516.0,4000,0.0,0.0
2022-08-29 13:00:00+09:00,1516.0,1522.0,1516.0,1522.0,200,0.0,0.0
2022-08-29 14:00:00+09:00,1521.0,1530.0,1520.0,1530.0,1100,0.0,0.0
2022-08-30 09:00:00+09:00,1500.0,1500.0,1449.0,1460.0,1700,0.0,0.0
2022-08-30 11:00:00+09:00,1470.0,1470.0,1470.0,1470.0,0,0.0,0.0
2022-08-30 12:00:00+09:00,1470.0,1470.0,1470.0,1470.0,1900,0.0,0.0
2022-08-30 13:00:00+09:00,1474.0,1498.0,1474.0,1474.0,800,0.0,0.0
2022-08-30 14:00:00+09:00,1492.0,1492.0,1484.0,1484.0,200,0.0,0.0
2022-08-31 09:00:00+09:00,1500.0,1540.0,1470.0,1471.0,1700,0.0,0.0
2022-08-31 11:00:00+09:00,1473.0,1473.0,1471.0,1471.0,0,0.0,0.0
2022-08-31 12:00:00+09:00,1501.0,1501.0,1470.0,1470.0,2700,0.0,0.0
2022-08-31 13:00:00+09:00,1470.0,1470.0,1454.0,1454.0,300,0.0,0.0
2022-08-31 14:00:00+09:00,1454.0,1454.0,1454.0,1454.0,200,0.0,0.0
2022-09-01 09:00:00+09:00,1454.0,1454.0,1454.0,1454.0,200,0.0,0.0
2022-09-01 11:00:00+09:00,1454.0,1454.0,1454.0,1454.0,0,0.0,0.0
2022-09-01 12:00:00+09:00,1460.0,1475.0,1460.0,1475.0,600,0.0,0.0
2022-09-01 13:00:00+09:00,1477.0,1525.0,1477.0,1492.0,1600,0.0,0.0
2022-09-01 14:00:00+09:00,1513.0,1538.0,1484.0,1484.0,2200,0.0,0.0
2022-09-02 09:00:00+09:00,1481.0,1499.0,1430.0,1431.0,1500,0.0,0.0
2022-09-02 10:00:00+09:00,1429.0,1429.0,1429.0,1429.0,100,0.0,0.0
2022-09-02 11:00:00+09:00,1429.0,1429.0,1429.0,1429.0,0,0.0,0.0
2022-09-02 12:00:00+09:00,1433.0,1433.0,1419.0,1419.0,2200,0.0,0.0
2022-09-02 13:00:00+09:00,1407.0,1480.0,1385.0,1480.0,2000,0.0,0.0
2022-09-02 14:00:00+09:00,1450.0,1450.0,1450.0,1450.0,100,0.0,0.0
2022-09-05 09:00:00+09:00,1420.0,1420.0,1420.0,1420.0,0,0.0,0.0
2022-09-05 11:00:00+09:00,1439.0,1439.0,1439.0,1439.0,0,0.0,0.0
2022-09-05 13:00:00+09:00,1409.0,1409.0,1409.0,1409.0,300,0.0,0.0
2022-09-05 14:00:00+09:00,1409.0,1409.0,1401.0,1401.0,400,0.0,0.0
2022-09-06 09:00:00+09:00,1389.0,1628.0,1389.0,1501.0,6200,0.0,0.0
2022-09-06 10:00:00+09:00,1503.0,1600.0,1490.0,1490.0,5200,0.0,0.0
2022-09-06 11:00:00+09:00,1490.0,1518.0,1480.0,1500.0,0,0.0,0.0
2022-09-06 12:00:00+09:00,1500.0,1500.0,1485.0,1485.0,13500,0.0,0.0
2022-09-06 13:00:00+09:00,1486.0,1486.0,1463.0,1463.0,800,0.0,0.0
2022-09-06 14:00:00+09:00,1464.0,1480.0,1462.0,1467.0,600,0.0,0.0
2022-09-07 09:00:00+09:00,1453.0,1453.0,1427.0,1428.0,800,0.0,0.0
2022-09-07 10:00:00+09:00,1428.0,1428.0,1425.0,1425.0,500,0.0,0.0
2022-09-07 11:00:00+09:00,1425.0,1425.0,1425.0,1425.0,0,0.0,0.0
2022-09-07 13:00:00+09:00,1450.0,1468.0,1438.0,1438.0,1900,0.0,0.0
2022-09-08 09:00:00+09:00,1440.0,1440.0,1440.0,1440.0,100,0.0,0.0
2022-09-08 11:00:00+09:00,1450.0,1450.0,1450.0,1450.0,0,0.0,0.0
2022-09-08 13:00:00+09:00,1460.0,1460.0,1460.0,1460.0,300,0.0,0.0
2022-09-09 09:00:00+09:00,1490.0,1490.0,1479.0,1479.0,400,0.0,0.0
2022-09-09 11:00:00+09:00,1479.0,1479.0,1479.0,1479.0,0,0.0,0.0
2022-09-09 14:00:00+09:00,1451.0,1460.0,1451.0,1460.0,700,0.0,0.0
2022-09-12 09:00:00+09:00,1488.0,1488.0,1430.0,1441.0,700,0.0,0.0
2022-09-12 10:00:00+09:00,1422.0,1425.0,1422.0,1425.0,200,0.0,0.0
2022-09-12 11:00:00+09:00,1425.0,1425.0,1425.0,1425.0,0,0.0,0.0
2022-09-12 12:00:00+09:00,1426.0,1426.0,1426.0,1426.0,1900,0.0,0.0
2022-09-12 14:00:00+09:00,1450.0,1450.0,1448.0,1448.0,500,0.0,0.0
2022-09-13 09:00:00+09:00,1418.0,1450.0,1418.0,1450.0,2000,0.0,0.0
2022-09-13 11:00:00+09:00,1450.0,1450.0,1450.0,1450.0,0,0.0,0.0
2022-09-13 12:00:00+09:00,1450.0,1450.0,1450.0,1450.0,2100,0.0,0.0
2022-09-13 13:00:00+09:00,1444.0,1444.0,1444.0,1444.0,100,0.0,0.0
2022-09-13 14:00:00+09:00,1432.0,1483.0,1432.0,1435.0,400,0.0,0.0
2022-09-14 09:00:00+09:00,1425.0,1480.0,1425.0,1480.0,600,0.0,0.0
2022-09-14 10:00:00+09:00,1480.0,1480.0,1480.0,1480.0,100,0.0,0.0
2022-09-14 11:00:00+09:00,1480.0,1480.0,1480.0,1480.0,0,0.0,0.0
2022-09-14 12:00:00+09:00,1462.0,1462.0,1462.0,1462.0,800,0.0,0.0
2022-09-14 13:00:00+09:00,1461.0,1461.0,1461.0,1461.0,300,0.0,0.0
2022-09-15 09:00:00+09:00,1465.0,1465.0,1434.0,1434.0,600,0.0,0.0
2022-09-15 11:00:00+09:00,1450.0,1450.0,1450.0,1450.0,0,0.0,0.0
2022-09-15 12:00:00+09:00,1472.0,1472.0,1472.0,1472.0,800,0.0,0.0
2022-09-15 14:00:00+09:00,1481.0,1548.0,1457.0,1517.0,4000,0.0,0.0
2022-09-16 09:00:00+09:00,1470.0,1470.0,1409.0,1409.0,1500,0.0,0.0
2022-09-16 10:00:00+09:00,1418.0,1441.0,1418.0,1440.0,900,0.0,0.0
2022-09-16 11:00:00+09:00,1440.0,1440.0,1440.0,1440.0,0,0.0,0.0
2022-09-16 12:00:00+09:00,1447.0,1447.0,1419.0,1419.0,2700,0.0,0.0
2022-09-20 09:00:00+09:00,1469.0,1469.0,1423.0,1423.0,0,0.0,0.0
2022-09-20 10:00:00+09:00,1440.0,1440.0,1425.0,1425.0,1200,0.0,0.0
2022-09-20 11:00:00+09:00,1425.0,1425.0,1425.0,1425.0,0,0.0,0.0
2022-09-20 12:00:00+09:00,1439.0,1439.0,1430.0,1430.0,1600,0.0,0.0
2022-09-20 13:00:00+09:00,1435.0,1435.0,1435.0,1435.0,100,0.0,0.0
2022-09-20 14:00:00+09:00,1432.0,1432.0,1425.0,1425.0,200,0.0,0.0
2022-09-21 09:00:00+09:00,1447.0,1455.0,1395.0,1395.0,800,0.0,0.0
2022-09-21 10:00:00+09:00,1387.0,1387.0,1387.0,1387.0,100,0.0,0.0
2022-09-21 11:00:00+09:00,1389.0,1389.0,1389.0,1389.0,0,0.0,0.0
2022-09-21 14:00:00+09:00,1389.0,1389.0,1380.0,1380.0,1400,0.0,0.0
2022-09-22 09:00:00+09:00,1380.0,1380.0,1357.0,1357.0,200,0.0,0.0
2022-09-22 11:00:00+09:00,1350.0,1350.0,1350.0,1350.0,0,0.0,0.0
2022-09-22 13:00:00+09:00,1341.0,1341.0,1341.0,1341.0,500,0.0,0.0
2022-09-22 14:00:00+09:00,1370.0,1370.0,1334.0,1334.0,300,0.0,0.0
2022-09-26 09:00:00+09:00,1334.0,1334.0,1248.0,1248.0,600,0.0,0.0
2022-09-26 10:00:00+09:00,1242.0,1272.0,1242.0,1272.0,200,0.0,0.0
2022-09-26 11:00:00+09:00,1281.0,1281.0,1281.0,1281.0,0,0.0,0.0
2022-09-28 09:00:00+09:00,1253.0,1253.0,1222.0,1222.0,500,0.0,0.0
2022-09-28 10:00:00+09:00,1216.0,1224.0,1215.0,1224.0,500,0.0,0.0
2022-09-28 11:00:00+09:00,1224.0,1224.0,1224.0,1224.0,0,0.0,0.0
2022-09-28 12:00:00+09:00,1215.0,1215.0,1215.0,1215.0,1100,0.0,0.0
2022-09-28 13:00:00+09:00,1219.0,1220.0,1219.0,1220.0,200,0.0,0.0
2022-09-29 09:00:00+09:00,1233.0,1254.0,1230.0,1254.0,600,0.0,0.0
2022-09-29 11:00:00+09:00,1254.0,1254.0,1254.0,1254.0,0,0.0,0.0
2022-09-29 12:00:00+09:00,1225.0,1225.0,1225.0,1225.0,0,0.0,0.0
2022-09-29 14:00:00+09:00,1225.0,1225.0,1225.0,1225.0,900,0.0,0.0
2022-09-30 09:00:00+09:00,1225.0,1225.0,1217.0,1217.0,1300,0.0,0.0
2022-09-30 11:00:00+09:00,1217.0,1217.0,1217.0,1217.0,0,0.0,0.0
2022-09-30 12:00:00+09:00,1187.0,1187.0,1187.0,1187.0,1400,0.0,0.0
2022-10-03 09:00:00+09:00,1187.0,1236.0,1187.0,1236.0,500,0.0,0.0
2022-10-03 11:00:00+09:00,1236.0,1236.0,1236.0,1236.0,0,0.0,0.0
2022-10-04 10:00:00+09:00,1206.0,1206.0,1187.0,1187.0,400,0.0,0.0
2022-10-04 11:00:00+09:00,1187.0,1187.0,1187.0,1187.0,0,0.0,0.0
2022-10-04 12:00:00+09:00,1200.0,1200.0,1200.0,1200.0,500,0.0,0.0
2022-10-04 14:00:00+09:00,1230.0,1230.0,1230.0,1230.0,100,0.0,0.0
2022-10-05 13:00:00+09:00,1200.0,1210.0,1150.0,1200.0,1400,0.0,0.0
2022-10-05 14:00:00+09:00,1170.0,1180.0,1168.0,1180.0,300,0.0,0.0
2022-10-06 09:00:00+09:00,1175.0,1180.0,1175.0,1180.0,300,0.0,0.0
2022-10-06 10:00:00+09:00,1174.0,1196.0,1174.0,1196.0,200,0.0,0.0
2022-10-06 11:00:00+09:00,1196.0,1196.0,1196.0,1196.0,0,0.0,0.0
2022-10-06 12:00:00+09:00,1186.0,1195.0,1180.0,1195.0,900,0.0,0.0
2022-10-06 13:00:00+09:00,1195.0,1196.0,1195.0,1196.0,200,0.0,0.0
2022-10-06 14:00:00+09:00,1190.0,1190.0,1190.0,1190.0,400,0.0,0.0
2022-10-07 09:00:00+09:00,1280.0,1429.0,1270.0,1328.0,8500,0.0,0.0
2022-10-07 10:00:00+09:00,1328.0,1330.0,1310.0,1329.0,2100,0.0,0.0
2022-10-07 11:00:00+09:00,1325.0,1325.0,1296.0,1296.0,0,0.0,0.0
2022-10-07 12:00:00+09:00,1282.0,1282.0,1252.0,1252.0,11600,0.0,0.0
2022-10-07 14:00:00+09:00,1265.0,1279.0,1265.0,1272.0,500,0.0,0.0
2022-10-11 09:00:00+09:00,1452.0,1452.0,1380.0,1409.0,5200,0.0,0.0
2022-10-11 10:00:00+09:00,1381.0,1411.0,1381.0,1411.0,300,0.0,0.0
2022-10-11 11:00:00+09:00,1412.0,1462.0,1412.0,1462.0,0,0.0,0.0
2022-10-11 12:00:00+09:00,1484.0,1596.0,1364.0,1384.0,34100,0.0,0.0
2022-10-11 13:00:00+09:00,1367.0,1367.0,1331.0,1361.0,3400,0.0,0.0
2022-10-11 14:00:00+09:00,1361.0,1369.0,1338.0,1340.0,2700,0.0,0.0
2022-10-12 09:00:00+09:00,1325.0,1342.0,1309.0,1309.0,1900,0.0,0.0
2022-10-12 11:00:00+09:00,1309.0,1309.0,1309.0,1309.0,0,0.0,0.0
2022-10-12 12:00:00+09:00,1328.0,1328.0,1328.0,1328.0,2000,0.0,0.0
2022-10-12 13:00:00+09:00,1325.0,1325.0,1324.0,1324.0,300,0.0,0.0
2022-10-12 14:00:00+09:00,1322.0,1342.0,1319.0,1342.0,400,0.0,0.0
2022-10-13 09:00:00+09:00,1342.0,1342.0,1342.0,1342.0,500,0.0,0.0
2022-10-13 11:00:00+09:00,1342.0,1342.0,1342.0,1342.0,0,0.0,0.0
2022-10-13 12:00:00+09:00,1316.0,1316.0,1315.0,1315.0,700,0.0,0.0
2022-10-13 13:00:00+09:00,1319.0,1319.0,1319.0,1319.0,100,0.0,0.0
2022-10-13 14:00:00+09:00,1344.0,1346.0,1344.0,1346.0,300,0.0,0.0
2022-10-14 09:00:00+09:00,1392.0,1396.0,1344.0,1344.0,700,0.0,0.0
2022-10-14 10:00:00+09:00,1350.0,1351.0,1350.0,1351.0,200,0.0,0.0
2022-10-14 11:00:00+09:00,1351.0,1351.0,1351.0,1351.0,0,0.0,0.0
2022-10-14 14:00:00+09:00,1351.0,1351.0,1351.0,1351.0,1100,0.0,0.0
2022-10-17 09:00:00+09:00,1350.0,1350.0,1341.0,1341.0,200,0.0,0.0
2022-10-17 10:00:00+09:00,1312.0,1312.0,1312.0,1312.0,100,0.0,0.0
2022-10-17 11:00:00+09:00,1311.0,1311.0,1311.0,1311.0,0,0.0,0.0
2022-10-17 12:00:00+09:00,1303.0,1304.0,1265.0,1265.0,1500,0.0,0.0
2022-10-17 13:00:00+09:00,1267.0,1288.0,1267.0,1288.0,500,0.0,0.0
2022-10-17 14:00:00+09:00,1288.0,1288.0,1278.0,1278.0,200,0.0,0.0
2022-10-18 09:00:00+09:00,1308.0,1308.0,1308.0,1308.0,100,0.0,0.0
2022-10-18 10:00:00+09:00,1312.0,1323.0,1293.0,1301.0,400,0.0,0.0
2022-10-18 11:00:00+09:00,1301.0,1301.0,1301.0,1301.0,0,0.0,0.0
2022-10-19 09:00:00+09:00,1280.0,1301.0,1280.0,1297.0,400,0.0,0.0
2022-10-19 11:00:00+09:00,1297.0,1297.0,1297.0,1297.0,0,0.0,0.0
2022-10-19 14:00:00+09:00,1310.0,1312.0,1310.0,1312.0,600,0.0,0.0
2022-10-20 09:00:00+09:00,1335.0,1335.0,1335.0,1335.0,700,0.0,0.0
2022-10-20 10:00:00+09:00,1323.0,1323.0,1323.0,1323.0,100,0.0,0.0
2022-10-20 11:00:00+09:00,1324.0,1324.0,1323.0,1323.0,0,0.0,0.0
2022-10-21 09:00:00+09:00,1335.0,1340.0,1323.0,1323.0,500,0.0,0.0
2022-10-21 10:00:00+09:00,1299.0,1299.0,1299.0,1299.0,100,0.0,0.0
2022-10-21 11:00:00+09:00,1299.0,1299.0,1299.0,1299.0,0,0.0,0.0
2022-10-21 12:00:00+09:00,1301.0,1301.0,1301.0,1301.0,700,0.0,0.0
2022-10-24 09:00:00+09:00,1328.0,1328.0,1283.0,1301.0,600,0.0,0.0
2022-10-24 10:00:00+09:00,1298.0,1298.0,1286.0,1287.0,300,0.0,0.0
2022-10-24 11:00:00+09:00,1287.0,1287.0,1287.0,1287.0,0,0.0,0.0
2022-10-24 12:00:00+09:00,1297.0,1298.0,1297.0,1298.0,1200,0.0,0.0
2022-10-24 14:00:00+09:00,1294.0,1294.0,1294.0,1294.0,100,0.0,0.0
2022-10-25 09:00:00+09:00,1371.0,1600.0,1371.0,1475.0,107900,0.0,0.0
2022-10-25 10:00:00+09:00,1470.0,1518.0,1449.0,1466.0,11700,0.0,0.0
2022-10-25 11:00:00+09:00,1469.0,1470.0,1450.0,1460.0,0,0.0,0.0
2022-10-25 12:00:00+09:00,1460.0,1470.0,1430.0,1442.0,123100,0.0,0.0
2022-10-25 13:00:00+09:00,1434.0,1483.0,1429.0,1477.0,7000,0.0,0.0
2022-10-25 14:00:00+09:00,1463.0,1502.0,1436.0,1502.0,10000,0.0,0.0
2022-10-26 09:00:00+09:00,1555.0,1555.0,1473.0,1495.0,11100,0.0,0.0
2022-10-26 10:00:00+09:00,1490.0,1490.0,1471.0,1475.0,1100,0.0,0.0
2022-10-26 11:00:00+09:00,1475.0,1475.0,1475.0,1475.0,0,0.0,0.0
2022-10-26 12:00:00+09:00,1490.0,1509.0,1490.0,1509.0,13000,0.0,0.0
2022-10-26 13:00:00+09:00,1485.0,1489.0,1481.0,1481.0,600,0.0,0.0
2022-10-26 14:00:00+09:00,1473.0,1500.0,1431.0,1500.0,2300,0.0,0.0
2022-10-27 09:00:00+09:00,1442.0,1483.0,1442.0,1463.0,1700,0.0,0.0
2022-10-27 10:00:00+09:00,1483.0,1485.0,1483.0,1485.0,300,0.0,0.0
2022-10-27 11:00:00+09:00,1485.0,1500.0,1475.0,1475.0,0,0.0,0.0
2022-10-27 12:00:00+09:00,1475.0,1521.0,1475.0,1516.0,4200,0.0,0.0
2022-10-27 14:00:00+09:00,1520.0,1543.0,1505.0,1530.0,1000,0.0,0.0
2022-10-28 09:00:00+09:00,1530.0,1531.0,1451.0,1451.0,2500,0.0,0.0
2022-10-28 10:00:00+09:00,1449.0,1475.0,1417.0,1475.0,1600,0.0,0.0
2022-10-28 11:00:00+09:00,1475.0,1475.0,1475.0,1475.0,0,0.0,0.0
2022-10-28 12:00:00+09:00,1450.0,1450.0,1450.0,1450.0,4200,0.0,0.0
2022-10-28 13:00:00+09:00,1445.0,1450.0,1443.0,1450.0,400,0.0,0.0
2022-10-28 14:00:00+09:00,1460.0,1460.0,1450.0,1450.0,300,0.0,0.0
2022-10-31 09:00:00+09:00,1450.0,1455.0,1450.0,1450.0,700,0.0,0.0
2022-10-31 10:00:00+09:00,1422.0,1422.0,1422.0,1422.0,100,0.0,0.0
2022-10-31 11:00:00+09:00,1434.0,1434.0,1434.0,1434.0,0,0.0,0.0
2022-10-31 12:00:00+09:00,1436.0,1436.0,1436.0,1436.0,1000,0.0,0.0
2022-10-31 14:00:00+09:00,1445.0,1445.0,1418.0,1418.0,800,0.0,0.0
2022-11-01 09:00:00+09:00,1439.0,1439.0,1439.0,1439.0,400,0.0,0.0
2022-11-01 11:00:00+09:00,1439.0,1439.0,1439.0,1439.0,0,0.0,0.0
2022-11-01 14:00:00+09:00,1439.0,1439.0,1439.0,1439.0,500,0.0,0.0
2022-11-02 09:00:00+09:00,1409.0,1409.0,1340.0,1382.0,1800,0.0,0.0
2022-11-02 10:00:00+09:00,1369.0,1369.0,1369.0,1369.0,0,0.0,0.0
2022-11-02 11:00:00+09:00,1369.0,1369.0,1369.0,1369.0,0,0.0,0.0
2022-11-02 12:00:00+09:00,1362.0,1366.0,1362.0,1366.0,2100,0.0,0.0
2022-11-02 13:00:00+09:00,1364.0,1364.0,1364.0,1364.0,100,0.0,0.0
2022-11-02 14:00:00+09:00,1363.0,1363.0,1360.0,1361.0,400,0.0,0.0
2022-11-04 09:00:00+09:00,1322.0,1334.0,1305.0,1305.0,800,0.0,0.0
2022-11-04 10:00:00+09:00,1317.0,1317.0,1317.0,1317.0,100,0.0,0.0
2022-11-04 11:00:00+09:00,1317.0,1317.0,1317.0,1317.0,0,0.0,0.0
2022-11-04 13:00:00+09:00,1311.0,1311.0,1311.0,1311.0,1000,0.0,0.0
2022-11-04 14:00:00+09:00,1326.0,1336.0,1326.0,1336.0,600,0.0,0.0
2022-11-07 09:00:00+09:00,1331.0,1331.0,1316.0,1316.0,200,0.0,0.0
2022-11-07 10:00:00+09:00,1333.0,1333.0,1322.0,1322.0,200,0.0,0.0
2022-11-07 11:00:00+09:00,1322.0,1322.0,1322.0,1322.0,0,0.0,0.0
2022-11-07 14:00:00+09:00,1321.0,1321.0,1321.0,1321.0,500,0.0,0.0
2022-11-08 10:00:00+09:00,1337.0,1337.0,1303.0,1303.0,1100,0.0,0.0
2022-11-08 11:00:00+09:00,1298.0,1298.0,1298.0,1298.0,0,0.0,0.0
2022-11-08 14:00:00+09:00,1311.0,1311.0,1311.0,1311.0,1300,0.0,0.0
2022-11-09 09:00:00+09:00,1291.0,1335.0,1291.0,1335.0,600,0.0,0.0
2022-11-09 11:00:00+09:00,1335.0,1335.0,1335.0,1335.0,0,0.0,0.0
2022-11-11 09:00:00+09:00,1322.0,1322.0,1308.0,1313.0,500,0.0,0.0
2022-11-11 11:00:00+09:00,1313.0,1313.0,1313.0,1313.0,0,0.0,0.0
2022-11-11 14:00:00+09:00,1313.0,1313.0,1313.0,1313.0,600,0.0,0.0
2022-11-14 11:00:00+09:00,1337.0,1337.0,1337.0,1337.0,100,0.0,0.0
2022-11-14 12:00:00+09:00,1340.0,1340.0,1340.0,1340.0,200,0.0,0.0
2022-11-15 09:00:00+09:00,1333.0,1333.0,1333.0,1333.0,100,0.0,0.0
2022-11-15 10:00:00+09:00,1320.0,1320.0,1320.0,1320.0,100,0.0,0.0
2022-11-15 11:00:00+09:00,1320.0,1320.0,1320.0,1320.0,0,0.0,0.0
2022-11-15 12:00:00+09:00,1320.0,1320.0,1320.0,1320.0,400,0.0,0.0
2022-11-15 13:00:00+09:00,1322.0,1322.0,1322.0,1322.0,100,0.0,0.0
2022-11-16 12:00:00+09:00,1335.0,1335.0,1295.0,1295.0,1400,0.0,0.0
2022-11-16 13:00:00+09:00,1295.0,1295.0,1295.0,1295.0,200,0.0,0.0
2022-11-16 14:00:00+09:00,1300.0,1300.0,1300.0,1300.0,100,0.0,0.0
2022-11-17 09:00:00+09:00,1300.0,1301.0,1300.0,1301.0,200,0.0,0.0
2022-11-17 10:00:00+09:00,1301.0,1301.0,1301.0,1301.0,100,0.0,0.0
2022-11-17 11:00:00+09:00,1322.0,1341.0,1322.0,1341.0,0,0.0,0.0
2022-11-17 13:00:00+09:00,1340.0,1476.0,1340.0,1425.0,3700,0.0,0.0
2022-11-17 14:00:00+09:00,1401.0,1419.0,1389.0,1419.0,400,0.0,0.0
2022-11-18 09:00:00+09:00,1359.0,1373.0,1359.0,1368.0,300,0.0,0.0
2022-11-18 10:00:00+09:00,1367.0,1404.0,1367.0,1404.0,300,0.0,0.0
2022-11-18 11:00:00+09:00,1404.0,1404.0,1404.0,1404.0,0,0.0,0.0
2022-11-18 13:00:00+09:00,1378.0,1378.0,1378.0,1378.0,700,0.0,0.0
2022-11-18 14:00:00+09:00,1390.0,1390.0,1380.0,1380.0,200,0.0,0.0
2022-11-21 09:00:00+09:00,1419.0,1419.0,1419.0,1419.0,500,0.0,0.0
2022-11-21 11:00:00+09:00,1418.0,1418.0,1418.0,1418.0,0,0.0,0.0
2022-11-21 14:00:00+09:00,1358.0,1358.0,1358.0,1358.0,700,0.0,0.0
2022-11-22 09:00:00+09:00,1350.0,1350.0,1350.0,1350.0,100,0.0,0.0
2022-11-22 11:00:00+09:00,1350.0,1350.0,1350.0,1350.0,0,0.0,0.0
2022-11-25 12:00:00+09:00,1350.0,1350.0,1350.0,1350.0,100,0.0,0.0
2022-11-28 09:00:00+09:00,1350.0,1460.0,1350.0,1403.0,1800,0.0,0.0
2022-11-28 11:00:00+09:00,1403.0,1403.0,1403.0,1403.0,0,0.0,0.0
2022-11-28 12:00:00+09:00,1403.0,1403.0,1403.0,1403.0,1900,0.0,0.0
2022-11-28 13:00:00+09:00,1381.0,1381.0,1373.0,1373.0,200,0.0,0.0
2022-11-28 14:00:00+09:00,1351.0,1351.0,1351.0,1351.0,100,0.0,0.0
2022-11-29 09:00:00+09:00,1381.0,1381.0,1381.0,1381.0,100,0.0,0.0
2022-11-29 11:00:00+09:00,1370.0,1370.0,1370.0,1370.0,0,0.0,0.0
2022-11-29 12:00:00+09:00,1370.0,1370.0,1370.0,1370.0,300,0.0,0.0
2022-11-29 13:00:00+09:00,1367.0,1367.0,1367.0,1367.0,100,0.0,0.0
2022-11-30 12:00:00+09:00,1370.0,1393.0,1370.0,1393.0,300,0.0,0.0
2022-12-02 11:00:00+09:00,1372.0,1372.0,1372.0,1372.0,100,0.0,0.0
2022-12-06 14:00:00+09:00,1342.0,1342.0,1331.0,1331.0,400,0.0,0.0
2022-12-07 10:00:00+09:00,1301.0,1301.0,1301.0,1301.0,100,0.0,0.0
2022-12-07 11:00:00+09:00,1317.0,1317.0,1317.0,1317.0,0,0.0,0.0
2022-12-07 12:00:00+09:00,1317.0,1317.0,1317.0,1317.0,400,0.0,0.0
2022-12-08 09:00:00+09:00,1311.0,1311.0,1311.0,1311.0,100,0.0,0.0
2022-12-08 11:00:00+09:00,1311.0,1311.0,1311.0,1311.0,0,0.0,0.0
2022-12-08 12:00:00+09:00,1326.0,1338.0,1326.0,1338.0,600,0.0,0.0
2022-12-08 13:00:00+09:00,1340.0,1340.0,1340.0,1340.0,100,0.0,0.0
2022-12-09 09:00:00+09:00,1385.0,1385.0,1355.0,1356.0,0,0.0,0.0
2022-12-09 11:00:00+09:00,1356.0,1356.0,1356.0,1356.0,0,0.0,0.0
2022-12-09 12:00:00+09:00,1356.0,1356.0,1356.0,1356.0,700,0.0,0.0
2022-12-12 12:00:00+09:00,1356.0,1356.0,1356.0,1356.0,100,0.0,0.0
2022-12-12 14:00:00+09:00,1333.0,1333.0,1333.0,1333.0,100,0.0,0.0
2022-12-13 09:00:00+09:00,1390.0,1390.0,1360.0,1367.0,500,0.0,0.0
2022-12-13 11:00:00+09:00,1367.0,1367.0,1367.0,1367.0,0,0.0,0.0
2022-12-13 12:00:00+09:00,1376.0,1376.0,1376.0,1376.0,600,0.0,0.0
2022-12-13 13:00:00+09:00,1346.0,1376.0,1346.0,1376.0,200,0.0,0.0
2022-12-13 14:00:00+09:00,1361.0,1361.0,1361.0,1361.0,100,0.0,0.0
2022-12-14 09:00:00+09:00,1369.0,1369.0,1369.0,1369.0,100,0.0,0.0
2022-12-14 11:00:00+09:00,1369.0,1369.0,1369.0,1369.0,0,0.0,0.0
2022-12-14 12:00:00+09:00,1368.0,1368.0,1368.0,1368.0,200,0.0,0.0
2022-12-15 09:00:00+09:00,1368.0,1368.0,1368.0,1368.0,100,0.0,0.0
2022-12-15 11:00:00+09:00,1368.0,1368.0,1368.0,1368.0,0,0.0,0.0
2022-12-16 09:00:00+09:00,1368.0,1368.0,1367.0,1368.0,300,0.0,0.0
2022-12-16 11:00:00+09:00,1368.0,1368.0,1368.0,1368.0,0,0.0,0.0
2022-12-16 12:00:00+09:00,1368.0,1368.0,1368.0,1368.0,500,0.0,0.0
2022-12-19 14:00:00+09:00,1365.0,1370.0,1365.0,1370.0,500,0.0,0.0
2022-12-20 09:00:00+09:00,1392.0,1392.0,1392.0,1392.0,600,0.0,0.0
2022-12-20 11:00:00+09:00,1392.0,1392.0,1392.0,1392.0,0,0.0,0.0
2022-12-23 09:00:00+09:00,1383.0,1383.0,1383.0,1383.0,200,0.0,0.0
2022-12-23 11:00:00+09:00,1383.0,1383.0,1383.0,1383.0,0,0.0,0.0
2022-12-26 09:00:00+09:00,1379.0,1379.0,1379.0,1379.0,200,0.0,0.0
2022-12-26 11:00:00+09:00,1367.0,1367.0,1359.0,1359.0,0,0.0,0.0
2022-12-27 09:00:00+09:00,1359.0,1359.0,1359.0,1359.0,200,0.0,0.0
2022-12-27 11:00:00+09:00,1359.0,1359.0,1359.0,1359.0,0,0.0,0.0
2022-12-28 09:00:00+09:00,1302.0,1302.0,1302.0,1302.0,100,0.0,0.0
2022-12-28 10:00:00+09:00,1304.0,1349.0,1304.0,1349.0,900,0.0,0.0
2022-12-28 11:00:00+09:00,1349.0,1349.0,1349.0,1349.0,0,0.0,0.0
2022-12-28 14:00:00+09:00,1344.0,1349.0,1344.0,1349.0,1200,0.0,0.0
2022-12-30 09:00:00+09:00,1349.0,1349.0,1349.0,1349.0,2100,0.0,0.0
2022-12-30 11:00:00+09:00,1349.0,1349.0,1349.0,1349.0,0,0.0,0.0
2022-12-30 12:00:00+09:00,1346.0,1346.0,1346.0,1346.0,2600,0.0,0.0
2023-01-04 12:00:00+09:00,1344.0,1344.0,1344.0,1344.0,400,0.0,0.0
2023-01-05 10:00:00+09:00,1314.0,1330.0,1304.0,1330.0,500,0.0,0.0
2023-01-05 11:00:00+09:00,1330.0,1330.0,1330.0,1330.0,0,0.0,0.0
2023-01-05 14:00:00+09:00,1330.0,1330.0,1303.0,1308.0,1600,0.0,0.0
2023-01-06 09:00:00+09:00,1311.0,1311.0,1311.0,1311.0,100,0.0,0.0
2023-01-06 11:00:00+09:00,1328.0,1330.0,1328.0,1330.0,0,0.0,0.0
2023-01-06 13:00:00+09:00,1331.0,1331.0,1331.0,1331.0,400,0.0,0.0
2023-01-10 09:00:00+09:00,1380.0,1380.0,1380.0,1380.0,1000,0.0,0.0
2023-01-10 10:00:00+09:00,1350.0,1350.0,1334.0,1334.0,200,0.0,0.0
2023-01-10 11:00:00+09:00,1334.0,1334.0,1334.0,1334.0,0,0.0,0.0
2023-01-11 09:00:00+09:00,1305.0,1305.0,1305.0,1305.0,100,0.0,0.0
2023-01-11 11:00:00+09:00,1335.0,1335.0,1335.0,1335.0,0,0.0,0.0
2023-01-11 13:00:00+09:00,1340.0,1377.0,1311.0,1377.0,1100,0.0,0.0
2023-01-12 10:00:00+09:00,1350.0,1350.0,1350.0,1350.0,200,0.0,0.0
2023-01-12 11:00:00+09:00,1347.0,1347.0,1347.0,1347.0,0,0.0,0.0
2023-01-13 10:00:00+09:00,1350.0,1350.0,1350.0,1350.0,100,0.0,0.0
2023-01-13 11:00:00+09:00,1350.0,1350.0,1350.0,1350.0,0,0.0,0.0
2023-01-13 13:00:00+09:00,1350.0,1355.0,1350.0,1355.0,500,0.0,0.0
2023-01-13 14:00:00+09:00,1365.0,1365.0,1365.0,1365.0,100,0.0,0.0
2023-01-18 11:00:00+09:00,1399.0,1399.0,1399.0,1399.0,100,0.0,0.0
2023-01-18 12:00:00+09:00,1370.0,1370.0,1370.0,1370.0,200,0.0,0.0
2023-01-19 09:00:00+09:00,1370.0,1370.0,1370.0,1370.0,100,0.0,0.0
2023-01-19 11:00:00+09:00,1370.0,1370.0,1370.0,1370.0,0,0.0,0.0
2023-01-19 14:00:00+09:00,1393.0,1393.0,1393.0,1393.0,500,0.0,0.0
2023-01-20 09:00:00+09:00,1454.0,1454.0,1424.0,1425.0,1700,0.0,0.0
2023-01-20 10:00:00+09:00,1443.0,1476.0,1442.0,1471.0,2100,0.0,0.0
2023-01-20 11:00:00+09:00,1442.0,1442.0,1433.0,1433.0,0,0.0,0.0
2023-01-20 14:00:00+09:00,1443.0,1443.0,1401.0,1426.0,4800,0.0,0.0
2023-01-25 09:00:00+09:00,1430.0,1430.0,1426.0,1426.0,400,0.0,0.0
2023-01-25 11:00:00+09:00,1426.0,1426.0,1426.0,1426.0,0,0.0,0.0
2023-01-26 09:00:00+09:00,1426.0,1426.0,1426.0,1426.0,100,0.0,0.0
2023-01-26 10:00:00+09:00,1425.0,1426.0,1425.0,1426.0,400,0.0,0.0
2023-01-26 11:00:00+09:00,1449.0,1449.0,1419.0,1420.0,0,0.0,0.0
2023-01-26 12:00:00+09:00,1420.0,1446.0,1420.0,1446.0,1800,0.0,0.0
2023-01-26 13:00:00+09:00,1448.0,1448.0,1448.0,1448.0,100,0.0,0.0
2023-01-26 14:00:00+09:00,1420.0,1427.0,1419.0,1427.0,500,0.0,0.0
2023-01-27 09:00:00+09:00,1428.0,1428.0,1410.0,1410.0,700,0.0,0.0
2023-01-27 11:00:00+09:00,1410.0,1410.0,1410.0,1410.0,0,0.0,0.0
2023-01-27 14:00:00+09:00,1425.0,1425.0,1403.0,1403.0,1400,0.0,0.0
2023-01-30 09:00:00+09:00,1512.0,1651.0,1470.0,1552.0,21700,0.0,0.0
2023-01-30 10:00:00+09:00,1536.0,1549.0,1519.0,1521.0,1000,0.0,0.0
2023-01-30 11:00:00+09:00,1522.0,1560.0,1522.0,1560.0,0,0.0,0.0
2023-01-30 12:00:00+09:00,1581.0,1581.0,1541.0,1541.0,25400,0.0,0.0
2023-01-30 13:00:00+09:00,1541.0,1577.0,1540.0,1576.0,1100,0.0,0.0
2023-01-30 14:00:00+09:00,1564.0,1566.0,1518.0,1518.0,3200,0.0,0.0
2023-01-31 09:00:00+09:00,1528.0,1528.0,1444.0,1444.0,2300,0.0,0.0
2023-01-31 10:00:00+09:00,1440.0,1440.0,1429.0,1435.0,800,0.0,0.0
2023-01-31 11:00:00+09:00,1435.0,1437.0,1430.0,1430.0,0,0.0,0.0
2023-01-31 12:00:00+09:00,1430.0,1439.0,1428.0,1439.0,4200,0.0,0.0
2023-01-31 13:00:00+09:00,1429.0,1432.0,1420.0,1432.0,600,0.0,0.0
2023-01-31 14:00:00+09:00,1431.0,1442.0,1431.0,1436.0,500,0.0,0.0
2023-02-01 09:00:00+09:00,1407.0,1407.0,1407.0,1407.0,100,0.0,0.0
2023-02-01 10:00:00+09:00,1409.0,1409.0,1400.0,1400.0,1200,0.0,0.0
2023-02-01 11:00:00+09:00,1400.0,1400.0,1400.0,1400.0,0,0.0,0.0
2023-02-01 12:00:00+09:00,1409.0,1409.0,1405.0,1405.0,1700,0.0,0.0
2023-02-01 14:00:00+09:00,1400.0,1400.0,1386.0,1386.0,1300,0.0,0.0
2023-02-02 09:00:00+09:00,1382.0,1382.0,1370.0,1370.0,600,0.0,0.0
2023-02-02 10:00:00+09:00,1355.0,1360.0,1355.0,1360.0,0,0.0,0.0
2023-02-02 11:00:00+09:00,1377.0,1377.0,1377.0,1377.0,0,0.0,0.0
2023-02-02 12:00:00+09:00,1384.0,1384.0,1384.0,1384.0,1400,0.0,0.0
2023-02-03 09:00:00+09:00,1365.0,1365.0,1359.0,1360.0,600,0.0,0.0
2023-02-03 11:00:00+09:00,1360.0,1360.0,1360.0,1360.0,0,0.0,0.0
2023-02-03 12:00:00+09:00,1377.0,1377.0,1377.0,1377.0,700,0.0,0.0
2023-02-03 13:00:00+09:00,1355.0,1355.0,1355.0,1355.0,0,0.0,0.0
2023-02-03 14:00:00+09:00,1360.0,1360.0,1360.0,1360.0,1000,0.0,0.0
2023-02-06 09:00:00+09:00,1372.0,1375.0,1372.0,1375.0,500,0.0,0.0
2023-02-06 11:00:00+09:00,1375.0,1375.0,1375.0,1375.0,0,0.0,0.0
2023-02-06 12:00:00+09:00,1376.0,1385.0,1376.0,1385.0,800,0.0,0.0
2023-02-06 13:00:00+09:00,1385.0,1385.0,1385.0,1385.0,100,0.0,0.0
2023-02-07 13:00:00+09:00,1362.0,1362.0,1360.0,1360.0,400,0.0,0.0
2023-02-07 14:00:00+09:00,1360.0,1360.0,1342.0,1342.0,700,0.0,0.0
2023-02-09 12:00:00+09:00,1335.0,1335.0,1335.0,1335.0,300,0.0,0.0
2023-02-09 13:00:00+09:00,1335.0,1335.0,1335.0,1335.0,100,0.0,0.0
2023-02-09 14:00:00+09:00,1340.0,1340.0,1340.0,1340.0,100,0.0,0.0
2023-02-13 09:00:00+09:00,1340.0,1340.0,1340.0,1340.0,200,0.0,0.0
2023-02-13 11:00:00+09:00,1340.0,1340.0,1340.0,1340.0,0,0.0,0.0
2023-02-13 13:00:00+09:00,1339.0,1339.0,1339.0,1339.0,400,0.0,0.0
2023-02-13 14:00:00+09:00,1359.0,1359.0,1351.0,1351.0,300,0.0,0.0
2023-02-14 13:00:00+09:00,1339.0,1339.0,1339.0,1339.0,100,0.0,0.0
2023-02-15 09:00:00+09:00,1341.0,1371.0,1341.0,1350.0,300,0.0,0.0
2023-02-15 11:00:00+09:00,1350.0,1350.0,1350.0,1350.0,0,0.0,0.0
2023-02-15 13:00:00+09:00,1350.0,1350.0,1350.0,1350.0,500,0.0,0.0
2023-02-16 13:00:00+09:00,1350.0,1350.0,1350.0,1350.0,100,0.0,0.0
2023-02-16 14:00:00+09:00,1371.0,1371.0,1351.0,1351.0,200,0.0,0.0
2023-02-17 09:00:00+09:00,1354.0,1354.0,1354.0,1354.0,100,0.0,0.0
2023-02-17 10:00:00+09:00,1350.0,1350.0,1350.0,1350.0,500,0.0,0.0
2023-02-17 11:00:00+09:00,1350.0,1350.0,1350.0,1350.0,0,0.0,0.0
2023-02-17 14:00:00+09:00,1350.0,1355.0,1350.0,1355.0,1100,0.0,0.0
2023-02-20 09:00:00+09:00,1380.0,1380.0,1380.0,1380.0,600,0.0,0.0
2023-02-20 11:00:00+09:00,1380.0,1380.0,1380.0,1380.0,0,0.0,0.0
2023-02-20 12:00:00+09:00,1365.0,1365.0,1365.0,1365.0,700,0.0,0.0
2023-02-21 09:00:00+09:00,1364.0,1364.0,1364.0,1364.0,100,0.0,0.0
2023-02-21 11:00:00+09:00,1364.0,1364.0,1364.0,1364.0,0,0.0,0.0
2023-02-22 09:00:00+09:00,1341.0,1341.0,1341.0,1341.0,100,0.0,0.0
2023-02-22 10:00:00+09:00,1343.0,1343.0,1343.0,1343.0,100,0.0,0.0
2023-02-22 11:00:00+09:00,1343.0,1343.0,1343.0,1343.0,0,0.0,0.0
2023-02-22 14:00:00+09:00,1341.0,1343.0,1341.0,1343.0,600,0.0,0.0
2023-02-24 10:00:00+09:00,1346.0,1346.0,1346.0,1346.0,100,0.0,0.0
2023-02-24 11:00:00+09:00,1346.0,1346.0,1346.0,1346.0,0,0.0,0.0
2023-02-27 10:00:00+09:00,1354.0,1354.0,1354.0,1354.0,100,0.0,0.0
2023-02-27 11:00:00+09:00,1354.0,1354.0,1354.0,1354.0,0,0.0,0.0
2023-02-27 13:00:00+09:00,1364.0,1364.0,1364.0,1364.0,200,0.0,0.0
2023-03-01 10:00:00+09:00,1394.0,1395.0,1374.0,1374.0,700,0.0,0.0
2023-03-01 11:00:00+09:00,1374.0,1374.0,1374.0,1374.0,0,0.0,0.0
2023-03-01 14:00:00+09:00,1366.0,1366.0,1366.0,1366.0,900,0.0,0.0
2023-03-02 13:00:00+09:00,1381.0,1381.0,1381.0,1381.0,100,0.0,0.0
2023-03-03 09:00:00+09:00,1381.0,1386.0,1381.0,1386.0,300,0.0,0.0
2023-03-03 10:00:00+09:00,1393.0,1405.0,1393.0,1405.0,400,0.0,0.0
2023-03-03 11:00:00+09:00,1405.0,1405.0,1405.0,1405.0,0,0.0,0.0
2023-03-03 12:00:00+09:00,1405.0,1405.0,1404.0,1404.0,1000,0.0,0.0
2023-03-06 09:00:00+09:00,1404.0,1404.0,1404.0,1404.0,300,0.0,0.0
2023-03-06 11:00:00+09:00,1404.0,1404.0,1404.0,1404.0,0,0.0,0.0
2023-03-06 14:00:00+09:00,1397.0,1397.0,1397.0,1397.0,400,0.0,0.0
2023-03-07 13:00:00+09:00,1406.0,1406.0,1406.0,1406.0,100,0.0,0.0
2023-03-08 11:00:00+09:00,1420.0,1450.0,1420.0,1450.0,500,0.0,0.0
2023-03-08 13:00:00+09:00,1433.0,1447.0,1433.0,1447.0,800,0.0,0.0
2023-03-08 14:00:00+09:00,1430.0,1430.0,1426.0,1426.0,400,0.0,0.0
2023-03-09 10:00:00+09:00,1396.0,1412.0,1396.0,1409.0,700,0.0,0.0
2023-03-09 11:00:00+09:00,1431.0,1431.0,1431.0,1431.0,0,0.0,0.0
2023-03-09 12:00:00+09:00,1430.0,1430.0,1430.0,1430.0,900,0.0,0.0
2023-03-09 14:00:00+09:00,1401.0,1401.0,1381.0,1382.0,500,0.0,0.0
2023-03-10 12:00:00+09:00,1357.0,1372.0,1357.0,1372.0,200,0.0,0.0
2023-03-13 09:00:00+09:00,1402.0,1402.0,1397.0,1400.0,500,0.0,0.0
2023-03-13 11:00:00+09:00,1399.0,1399.0,1399.0,1399.0,0,0.0,0.0
2023-03-14 10:00:00+09:00,1379.0,1382.0,1379.0,1382.0,400,0.0,0.0
2023-03-14 11:00:00+09:00,1382.0,1382.0,1382.0,1382.0,0,0.0,0.0
2023-03-14 12:00:00+09:00,1400.0,1400.0,1400.0,1400.0,500,0.0,0.0
2023-03-15 09:00:00+09:00,1411.0,1411.0,1411.0,1411.0,100,0.0,0.0
2023-03-15 11:00:00+09:00,1411.0,1411.0,1411.0,1411.0,0,0.0,0.0
2023-03-16 10:00:00+09:00,1382.0,1382.0,1378.0,1378.0,200,0.0,0.0
2023-03-16 11:00:00+09:00,1378.0,1378.0,1378.0,1378.0,0,0.0,0.0
2023-03-16 13:00:00+09:00,1359.0,1359.0,1359.0,1359.0,300,0.0,0.0
2023-03-20 09:00:00+09:00,1415.0,1430.0,1351.0,1351.0,1200,0.0,0.0
2023-03-20 11:00:00+09:00,1351.0,1351.0,1351.0,1351.0,0,0.0,0.0
2023-03-20 12:00:00+09:00,1356.0,1356.0,1356.0,1356.0,1300,0.0,0.0
2023-03-27 09:00:00+09:00,1386.0,1386.0,1386.0,1386.0,100,0.0,0.0
2023-03-27 11:00:00+09:00,1402.0,1402.0,1402.0,1402.0,0,0.0,0.0
2023-03-28 11:00:00+09:00,1403.0,1403.0,1403.0,1403.0,200,0.0,0.0
2023-03-28 12:00:00+09:00,1461.0,1461.0,1435.0,1435.0,400,0.0,0.0
2023-03-28 14:00:00+09:00,1406.0,1406.0,1402.0,1402.0,200,0.0,0.0
2023-03-29 09:00:00+09:00,1402.0,1402.0,1402.0,1402.0,400,0.0,0.0
2023-03-29 10:00:00+09:00,1380.0,1380.0,1380.0,1380.0,100,0.0,0.0
2023-03-29 11:00:00+09:00,1380.0,1380.0,1380.0,1380.0,0,0.0,0.0
2023-03-30 09:00:00+09:00,1371.0,1371.0,1371.0,1371.0,100,0.0,0.0
2023-03-30 11:00:00+09:00,1371.0,1371.0,1371.0,1371.0,0,0.0,0.0
2023-03-30 14:00:00+09:00,1396.0,1396.0,1396.0,1396.0,200,0.0,0.0
2023-03-31 12:00:00+09:00,1400.0,1400.0,1400.0,1400.0,100,0.0,0.0
2023-04-03 09:00:00+09:00,1400.0,1400.0,1400.0,1400.0,200,0.0,0.0
2023-04-03 10:00:00+09:00,1400.0,1400.0,1400.0,1400.0,200,0.0,0.0
2023-04-03 11:00:00+09:00,1400.0,1400.0,1400.0,1400.0,0,0.0,0.0
2023-04-05 09:00:00+09:00,1421.0,1421.0,1420.0,1420.0,900,0.0,0.0
2023-04-05 10:00:00+09:00,1420.0,1420.0,1420.0,1420.0,100,0.0,0.0
2023-04-05 11:00:00+09:00,1420.0,1420.0,1420.0,1420.0,0,0.0,0.0
2023-04-05 12:00:00+09:00,1420.0,1420.0,1420.0,1420.0,1100,0.0,0.0
2023-04-05 14:00:00+09:00,1412.0,1412.0,1412.0,1412.0,100,0.0,0.0
2023-04-06 13:00:00+09:00,1399.0,1401.0,1399.0,1401.0,200,0.0,0.0
2023-04-07 13:00:00+09:00,1371.0,1371.0,1356.0,1356.0,1400,0.0,0.0
2023-04-07 14:00:00+09:00,1351.0,1371.0,1351.0,1371.0,600,0.0,0.0
2023-04-10 09:00:00+09:00,1351.0,1369.0,1351.0,1369.0,700,0.0,0.0
2023-04-10 11:00:00+09:00,1372.0,1372.0,1372.0,1372.0,0,0.0,0.0
2023-04-18 10:00:00+09:00,1400.0,1406.0,1392.0,1392.0,400,0.0,0.0
2023-04-18 11:00:00+09:00,1392.0,1392.0,1392.0,1392.0,0,0.0,0.0
2023-04-19 09:00:00+09:00,1392.0,1392.0,1392.0,1392.0,100,0.0,0.0
2023-04-19 11:00:00+09:00,1392.0,1392.0,1392.0,1392.0,0,0.0,0.0
2023-04-20 09:00:00+09:00,1422.0,1422.0,1422.0,1422.0,700,0.0,0.0
2023-04-20 11:00:00+09:00,1422.0,1422.0,1422.0,1422.0,0,0.0,0.0
2023-04-20 12:00:00+09:00,1392.0,1392.0,1392.0,1392.0,800,0.0,0.0
2023-04-20 14:00:00+09:00,1390.0,1390.0,1390.0,1390.0,100,0.0,0.0
2023-04-25 09:00:00+09:00,1390.0,1390.0,1390.0,1390.0,200,0.0,0.0
2023-04-25 11:00:00+09:00,1390.0,1390.0,1390.0,1390.0,0,0.0,0.0
2023-04-26 09:00:00+09:00,1380.0,1380.0,1355.0,1355.0,300,0.0,0.0
2023-04-26 11:00:00+09:00,1355.0,1355.0,1355.0,1355.0,0,0.0,0.0
2023-04-26 12:00:00+09:00,1380.0,1380.0,1380.0,1380.0,400,0.0,0.0
2023-04-27 09:00:00+09:00,1399.0,1399.0,1399.0,1399.0,100,0.0,0.0
2023-04-27 11:00:00+09:00,1399.0,1399.0,1399.0,1399.0,0,0.0,0.0
2023-04-27 12:00:00+09:00,1380.0,1380.0,1380.0,1380.0,200,0.0,0.0
2023-05-02 09:00:00+09:00,1390.0,1390.0,1390.0,1390.0,600,0.0,0.0
2023-05-02 10:00:00+09:00,1370.0,1370.0,1370.0,1370.0,100,0.0,0.0
2023-05-02 11:00:00+09:00,1370.0,1370.0,1370.0,1370.0,0,0.0,0.0
2023-05-09 09:00:00+09:00,1388.0,1388.0,1388.0,1388.0,400,0.0,0.0
2023-05-09 10:00:00+09:00,1370.0,1370.0,1360.0,1360.0,200,0.0,0.0
2023-05-09 11:00:00+09:00,1360.0,1360.0,1360.0,1360.0,0,0.0,0.0
2023-05-09 14:00:00+09:00,1390.0,1390.0,1390.0,1390.0,1100,0.0,0.0
2023-05-10 12:00:00+09:00,1400.0,1400.0,1373.0,1373.0,600,0.0,0.0
2023-05-11 10:00:00+09:00,1365.0,1365.0,1365.0,1365.0,300,0.0,0.0
2023-05-11 11:00:00+09:00,1365.0,1365.0,1365.0,1365.0,0,0.0,0.0
2023-05-12 14:00:00+09:00,1428.0,1428.0,1428.0,1428.0,200,0.0,0.0
2023-05-15 09:00:00+09:00,1278.0,1368.0,1278.0,1368.0,1000,0.0,0.0
2023-05-15 10:00:00+09:00,1366.0,1368.0,1366.0,1368.0,300,0.0,0.0
2023-05-15 11:00:00+09:00,1368.0,1368.0,1368.0,1368.0,0,0.0,0.0
2023-05-16 09:00:00+09:00,1308.0,1308.0,1308.0,1308.0,100,0.0,0.0
2023-05-16 11:00:00+09:00,1308.0,1308.0,1308.0,1308.0,0,0.0,0.0
2023-05-16 13:00:00+09:00,1317.0,1317.0,1317.0,1317.0,200,0.0,0.0
2023-05-16 14:00:00+09:00,1347.0,1347.0,1347.0,1347.0,100,0.0,0.0
2023-05-17 14:00:00+09:00,1317.0,1317.0,1317.0,1317.0,900,0.0,0.0
2023-05-18 12:00:00+09:00,1377.0,1377.0,1377.0,1377.0,0,0.0,0.0
2023-05-18 14:00:00+09:00,1362.0,1362.0,1362.0,1362.0,200,0.0,0.0
2023-05-19 10:00:00+09:00,1332.0,1332.0,1332.0,1332.0,100,0.0,0.0
2023-05-19 11:00:00+09:00,1356.0,1356.0,1356.0,1356.0,0,0.0,0.0
2023-05-19 13:00:00+09:00,1370.0,1370.0,1370.0,1370.0,300,0.0,0.0
2023-05-19 14:00:00+09:00,1369.0,1369.0,1369.0,1369.0,200,0.0,0.0
2023-05-22 09:00:00+09:00,1381.0,1381.0,1381.0,1381.0,600,0.0,0.0
2023-05-22 11:00:00+09:00,1381.0,1381.0,1381.0,1381.0,0,0.0,0.0
2023-05-22 12:00:00+09:00,1375.0,1375.0,1375.0,1375.0,700,0.0,0.0
2023-05-25 14:00:00+09:00,1387.0,1387.0,1387.0,1387.0,100,0.0,0.0
2023-05-26 10:00:00+09:00,1387.0,1387.0,1366.0,1366.0,200,0.0,0.0
2023-05-26 11:00:00+09:00,1366.0,1366.0,1366.0,1366.0,0,0.0,0.0
2023-05-30 09:00:00+09:00,1366.0,1366.0,1366.0,1366.0,100,0.0,0.0
2023-05-30 11:00:00+09:00,1366.0,1366.0,1366.0,1366.0,0,0.0,0.0
2023-06-07 13:00:00+09:00,1336.0,1336.0,1330.0,1330.0,500,0.0,0.0
2023-06-08 09:00:00+09:00,1357.0,1357.0,1357.0,1357.0,100,0.0,0.0
2023-06-08 11:00:00+09:00,1354.0,1354.0,1354.0,1354.0,0,0.0,0.0
2023-06-09 13:00:00+09:00,1332.0,1332.0,1332.0,1332.0,100,0.0,0.0
2023-06-12 14:00:00+09:00,1327.0,1327.0,1327.0,1327.0,100,0.0,0.0
2023-06-14 09:00:00+09:00,1327.0,1327.0,1327.0,1327.0,100,0.0,0.0
2023-06-14 11:00:00+09:00,1327.0,1327.0,1327.0,1327.0,0,0.0,0.0
2023-06-14 12:00:00+09:00,1327.0,1327.0,1327.0,1327.0,300,0.0,0.0
2023-06-15 13:00:00+09:00,1357.0,1360.0,1357.0,1360.0,200,0.0,0.0
2023-06-16 13:00:00+09:00,1360.0,1360.0,1360.0,1360.0,100,0.0,0.0
2023-06-19 11:00:00+09:00,1360.0,1360.0,1360.0,1360.0,100,0.0,0.0
2023-06-19 12:00:00+09:00,1370.0,1370.0,1370.0,1370.0,200,0.0,0.0
2023-06-20 09:00:00+09:00,1370.0,1370.0,1370.0,1370.0,0,0.0,0.0
2023-06-20 11:00:00+09:00,1370.0,1370.0,1370.0,1370.0,0,0.0,0.0
2023-06-21 10:00:00+09:00,1340.0,1340.0,1331.0,1331.0,200,0.0,0.0
2023-06-21 11:00:00+09:00,1331.0,1331.0,1331.0,1331.0,0,0.0,0.0
2023-06-21 12:00:00+09:00,1358.0,1358.0,1358.0,1358.0,400,0.0,0.0
2023-06-23 09:00:00+09:00,1357.0,1357.0,1357.0,1357.0,100,0.0,0.0
2023-06-23 11:00:00+09:00,1357.0,1357.0,1357.0,1357.0,0,0.0,0.0
2023-06-26 09:00:00+09:00,1362.0,1362.0,1357.0,1357.0,200,0.0,0.0
2023-06-26 11:00:00+09:00,1357.0,1357.0,1357.0,1357.0,0,0.0,0.0
2023-06-26 14:00:00+09:00,1368.0,1368.0,1368.0,1368.0,300,0.0,0.0
2023-06-28 09:00:00+09:00,1354.0,1354.0,1354.0,1354.0,100,0.0,0.0
2023-06-28 11:00:00+09:00,1354.0,1354.0,1354.0,1354.0,0,0.0,0.0
2023-06-30 12:00:00+09:00,1354.0,1354.0,1354.0,1354.0,100,0.0,0.0
2023-06-30 14:00:00+09:00,1355.0,1355.0,1355.0,1355.0,100,0.0,0.0
2023-07-03 09:00:00+09:00,1355.0,1355.0,1355.0,1355.0,0,0.0,0.0
2023-07-03 11:00:00+09:00,1355.0,1355.0,1355.0,1355.0,0,0.0,0.0
2023-07-07 12:00:00+09:00,1325.0,1325.0,1316.0,1317.0,600,0.0,0.0
2023-07-11 09:00:00+09:00,1320.0,1320.0,1320.0,1320.0,100,0.0,0.0
2023-07-11 10:00:00+09:00,1314.0,1314.0,1290.0,1290.0,1000,0.0,0.0
2023-07-11 11:00:00+09:00,1305.0,1305.0,1305.0,1305.0,0,0.0,0.0
2023-07-11 13:00:00+09:00,1335.0,1335.0,1333.0,1333.0,1400,0.0,0.0
2023-07-12 09:00:00+09:00,1303.0,1303.0,1284.0,1287.0,400,0.0,0.0
2023-07-12 10:00:00+09:00,1303.0,1303.0,1303.0,1303.0,100,0.0,0.0
2023-07-12 11:00:00+09:00,1303.0,1303.0,1303.0,1303.0,0,0.0,0.0
2023-07-12 13:00:00+09:00,1333.0,1333.0,1333.0,1333.0,700,0.0,0.0
2023-07-13 14:00:00+09:00,1303.0,1303.0,1285.0,1292.0,1500,0.0,0.0
2023-07-14 09:00:00+09:00,1307.0,1337.0,1307.0,1336.0,500,0.0,0.0
2023-07-14 10:00:00+09:00,1323.0,1323.0,1323.0,1323.0,100,0.0,0.0
2023-07-14 11:00:00+09:00,1323.0,1323.0,1323.0,1323.0,0,0.0,0.0
2023-07-14 12:00:00+09:00,1323.0,1323.0,1323.0,1323.0,700,0.0,0.0
2023-07-14 13:00:00+09:00,1335.0,1335.0,1335.0,1335.0,0,0.0,0.0
2023-07-14 14:00:00+09:00,1335.0,1335.0,1335.0,1335.0,1100,0.0,0.0
2023-07-19 09:00:00+09:00,1316.0,1316.0,1316.0,1316.0,100,0.0,0.0
2023-07-19 10:00:00+09:00,1300.0,1300.0,1300.0,1300.0,100,0.0,0.0
2023-07-19 11:00:00+09:00,1300.0,1300.0,1300.0,1300.0,0,0.0,0.0
2023-07-19 13:00:00+09:00,1306.0,1306.0,1306.0,1306.0,500,0.0,0.0
2023-07-20 09:00:00+09:00,1287.0,1287.0,1287.0,1287.0,1200,0.0,0.0
2023-07-20 10:00:00+09:00,1317.0,1317.0,1317.0,1317.0,100,0.0,0.0
2023-07-20 11:00:00+09:00,1317.0,1317.0,1317.0,1317.0,0,0.0,0.0
2023-07-21 09:00:00+09:00,1310.0,1310.0,1310.0,1310.0,0,0.0,0.0
2023-07-21 11:00:00+09:00,1310.0,1310.0,1310.0,1310.0,0,0.0,0.0
2023-07-21 12:00:00+09:00,1310.0,1310.0,1310.0,1310.0,300,0.0,0.0
2023-07-24 09:00:00+09:00,1288.0,1308.0,1288.0,1308.0,300,0.0,0.0
2023-07-24 11:00:00+09:00,1308.0,1308.0,1308.0,1308.0,0,0.0,0.0
2023-07-25 09:00:00+09:00,1308.0,1308.0,1308.0,1308.0,100,0.0,0.0
2023-07-25 11:00:00+09:00,1308.0,1308.0,1308.0,1308.0,0,0.0,0.0
2023-07-25 12:00:00+09:00,1308.0,1308.0,1308.0,1308.0,200,0.0,0.0
2023-07-25 14:00:00+09:00,1308.0,1308.0,1308.0,1308.0,100,0.0,0.0
2023-07-26 09:00:00+09:00,1308.0,1308.0,1308.0,1308.0,0,0.0,0.0
2023-07-26 11:00:00+09:00,1308.0,1308.0,1308.0,1308.0,0,0.0,0.0
2023-07-26 14:00:00+09:00,1310.0,1310.0,1310.0,1310.0,600,0.0,0.0
2023-07-27 10:00:00+09:00,1300.0,1320.0,1300.0,1320.0,1800,0.0,0.0
2023-07-27 11:00:00+09:00,1320.0,1320.0,1320.0,1320.0,0,0.0,0.0
2023-07-27 14:00:00+09:00,1349.0,1349.0,1349.0,1349.0,2000,0.0,0.0
2023-07-28 09:00:00+09:00,1379.0,1379.0,1350.0,1350.0,1700,0.0,0.0
2023-07-28 11:00:00+09:00,1352.0,1352.0,1352.0,1352.0,0,0.0,0.0
2023-07-28 12:00:00+09:00,1400.0,1425.0,1400.0,1425.0,2400,0.0,0.0
2023-07-28 13:00:00+09:00,1420.0,1420.0,1420.0,1420.0,200,0.0,0.0
2023-07-28 14:00:00+09:00,1371.0,1378.0,1367.0,1378.0,300,0.0,0.0
2023-07-31 09:00:00+09:00,1415.0,1470.0,1415.0,1440.0,2000,0.0,0.0
2023-07-31 10:00:00+09:00,1420.0,1420.0,1419.0,1419.0,200,0.0,0.0
2023-07-31 11:00:00+09:00,1420.0,1420.0,1420.0,1420.0,0,0.0,0.0
2023-07-31 13:00:00+09:00,1420.0,1420.0,1420.0,1420.0,3400,0.0,0.0
2023-08-01 09:00:00+09:00,1449.0,1449.0,1427.0,1427.0,400,0.0,0.0
2023-08-01 10:00:00+09:00,1421.0,1421.0,1421.0,1421.0,100,0.0,0.0
2023-08-01 11:00:00+09:00,1421.0,1421.0,1421.0,1421.0,0,0.0,0.0
2023-08-01 12:00:00+09:00,1420.0,1420.0,1420.0,1420.0,700,0.0,0.0
2023-08-01 13:00:00+09:00,1430.0,1439.0,1430.0,1439.0,200,0.0,0.0
2023-08-01 14:00:00+09:00,1453.0,1453.0,1453.0,1453.0,100,0.0,0.0
2023-08-02 12:00:00+09:00,1456.0,1456.0,1456.0,1456.0,100,0.0,0.0
2023-08-03 09:00:00+09:00,1467.0,1545.0,1467.0,1485.0,2100,0.0,0.0
2023-08-03 10:00:00+09:00,1469.0,1469.0,1469.0,1469.0,100,0.0,0.0
2023-08-03 11:00:00+09:00,1469.0,1469.0,1469.0,1469.0,0,0.0,0.0
2023-08-03 12:00:00+09:00,1466.0,1500.0,1466.0,1500.0,2600,0.0,0.0
2023-08-03 14:00:00+09:00,1524.0,1524.0,1524.0,1524.0,200,0.0,0.0
2023-08-04 09:00:00+09:00,1522.0,1524.0,1499.0,1499.0,300,0.0,0.0
2023-08-04 10:00:00+09:00,1529.0,1529.0,1529.0,1529.0,100,0.0,0.0
2023-08-04 11:00:00+09:00,1529.0,1529.0,1529.0,1529.0,0,0.0,0.0
2023-08-04 12:00:00+09:00,1527.0,1527.0,1523.0,1523.0,700,0.0,0.0
2023-08-04 13:00:00+09:00,1503.0,1528.0,1503.0,1528.0,600,0.0,0.0
2023-08-04 14:00:00+09:00,1529.0,1529.0,1529.0,1529.0,300,0.0,0.0
2023-08-07 10:00:00+09:00,1544.0,1551.0,1544.0,1551.0,1400,0.0,0.0
2023-08-07 11:00:00+09:00,1551.0,1551.0,1551.0,1551.0,0,0.0,0.0
2023-08-07 12:00:00+09:00,1551.0,1551.0,1545.0,1545.0,1600,0.0,0.0
2023-08-07 13:00:00+09:00,1565.0,1565.0,1565.0,1565.0,100,0.0,0.0
2023-08-07 14:00:00+09:00,1551.0,1551.0,1541.0,1541.0,300,0.0,0.0
2023-08-08 09:00:00+09:00,1564.0,1597.0,1560.0,1565.0,2900,0.0,0.0
2023-08-08 11:00:00+09:00,1580.0,1580.0,1580.0,1580.0,0,0.0,0.0
2023-08-08 12:00:00+09:00,1580.0,1580.0,1580.0,1580.0,4000,0.0,0.0
2023-08-08 14:00:00+09:00,1580.0,1597.0,1580.0,1597.0,700,0.0,0.0
2023-08-09 12:00:00+09:00,1598.0,1598.0,1598.0,1598.0,100,0.0,0.0
2023-08-09 14:00:00+09:00,1598.0,1598.0,1598.0,1598.0,0,0.0,0.0
2023-08-10 09:00:00+09:00,1598.0,1598.0,1572.0,1572.0,400,0.0,0.0
2023-08-10 11:00:00+09:00,1572.0,1572.0,1572.0,1572.0,0,0.0,0.0
2023-08-10 12:00:00+09:00,1547.0,1547.0,1547.0,1547.0,500,0.0,0.0
2023-08-10 13:00:00+09:00,1555.0,1555.0,1555.0,1555.0,200,0.0,0.0
2023-08-10 14:00:00+09:00,1553.0,1553.0,1551.0,1551.0,200,0.0,0.0
2023-08-14 09:00:00+09:00,1570.0,1599.0,1562.0,1562.0,600,0.0,0.0
2023-08-14 10:00:00+09:00,1574.0,1574.0,1574.0,1574.0,100,0.0,0.0
2023-08-14 11:00:00+09:00,1574.0,1574.0,1574.0,1574.0,0,0.0,0.0
2023-08-14 13:00:00+09:00,1599.0,1600.0,1599.0,1600.0,1000,0.0,0.0
2023-08-14 14:00:00+09:00,1620.0,1630.0,1620.0,1630.0,400,0.0,0.0
2023-08-15 09:00:00+09:00,1870.0,1870.0,1760.0,1760.0,3300,0.0,0.0
2023-08-15 10:00:00+09:00,1630.0,1784.0,1630.0,1784.0,700,0.0,0.0
2023-08-15 11:00:00+09:00,1761.0,1761.0,1760.0,1760.0,0,0.0,0.0
2023-08-15 12:00:00+09:00,1759.0,1759.0,1759.0,1759.0,4600,0.0,0.0
2023-08-15 13:00:00+09:00,1760.0,1800.0,1760.0,1800.0,3000,0.0,0.0
2023-08-16 09:00:00+09:00,1800.0,1800.0,1800.0,1800.0,200,0.0,0.0
2023-08-16 10:00:00+09:00,1800.0,1800.0,1752.0,1752.0,500,0.0,0.0
2023-08-16 11:00:00+09:00,1792.0,1792.0,1772.0,1772.0,0,0.0,0.0
2023-08-16 12:00:00+09:00,1800.0,1800.0,1800.0,1800.0,3300,0.0,0.0
2023-08-16 13:00:00+09:00,1803.0,1803.0,1800.0,1800.0,500,0.0,0.0
2023-08-16 14:00:00+09:00,1800.0,1800.0,1800.0,1800.0,1000,0.0,0.0
2023-08-17 09:00:00+09:00,1808.0,1808.0,1791.0,1791.0,1100,0.0,0.0
2023-08-17 10:00:00+09:00,1810.0,1815.0,1810.0,1815.0,1200,0.0,0.0
2023-08-17 11:00:00+09:00,1815.0,1815.0,1815.0,1815.0,0,0.0,0.0
2023-08-17 13:00:00+09:00,1849.0,1950.0,1849.0,1950.0,5500,0.0,0.0
2023-08-17 14:00:00+09:00,1949.0,1950.0,1947.0,1947.0,300,0.0,0.0
2023-08-18 09:00:00+09:00,1950.0,1975.0,1900.0,1900.0,1400,0.0,0.0
2023-08-18 10:00:00+09:00,1891.0,1900.0,1891.0,1900.0,700,0.0,0.0
2023-08-18 11:00:00+09:00,1820.0,1843.0,1820.0,1843.0,0,0.0,0.0
2023-08-18 12:00:00+09:00,1818.0,1874.0,1818.0,1874.0,3200,0.0,0.0
2023-08-18 14:00:00+09:00,1876.0,1876.0,1876.0,1876.0,100,0.0,0.0
2023-08-21 09:00:00+09:00,1980.0,1990.0,1830.0,1870.0,6300,0.0,0.0
2023-08-21 10:00:00+09:00,1871.0,1871.0,1871.0,1871.0,0,0.0,0.0
2023-08-21 11:00:00+09:00,1871.0,1871.0,1871.0,1871.0,0,0.0,0.0
2023-08-21 12:00:00+09:00,1871.0,1871.0,1871.0,1871.0,6600,0.0,0.0
2023-08-21 13:00:00+09:00,1890.0,1890.0,1890.0,1890.0,100,0.0,0.0
2023-08-21 14:00:00+09:00,1874.0,1920.0,1874.0,1920.0,400,0.0,0.0
2023-08-22 09:00:00+09:00,1908.0,1997.0,1858.0,1997.0,3900,0.0,0.0
2023-08-22 10:00:00+09:00,2000.0,2090.0,2000.0,2090.0,3400,0.0,0.0
2023-08-22 11:00:00+09:00,2090.0,2090.0,2090.0,2090.0,0,0.0,0.0
2023-08-22 12:00:00+09:00,2082.0,2082.0,2082.0,2082.0,7500,0.0,0.0
2023-08-22 13:00:00+09:00,2071.0,2071.0,2071.0,2071.0,100,0.0,0.0
2023-08-22 14:00:00+09:00,2055.0,2070.0,2020.0,2047.0,1500,0.0,0.0
2023-08-23 09:00:00+09:00,2019.0,2170.0,1995.0,1995.0,5000,0.0,0.0
2023-08-23 10:00:00+09:00,1967.0,1967.0,1943.0,1965.0,700,0.0,0.0
2023-08-23 11:00:00+09:00,1970.0,1970.0,1970.0,1970.0,0,0.0,0.0
2023-08-23 12:00:00+09:00,1987.0,1987.0,1987.0,1987.0,6200,0.0,0.0
2023-08-23 13:00:00+09:00,1970.0,1970.0,1970.0,1970.0,100,0.0,0.0
2023-08-23 14:00:00+09:00,1987.0,1990.0,1987.0,1990.0,300,0.0,0.0
2023-08-24 09:00:00+09:00,1970.0,1995.0,1969.0,1995.0,0,0.0,0.0
2023-08-24 10:00:00+09:00,1915.0,1995.0,1915.0,1995.0,3800,0.0,0.0
2023-08-24 11:00:00+09:00,1995.0,1995.0,1995.0,1995.0,0,0.0,0.0
2023-08-24 13:00:00+09:00,1979.0,1980.0,1979.0,1980.0,4100,0.0,0.0
2023-08-24 14:00:00+09:00,1940.0,1995.0,1940.0,1995.0,1400,0.0,0.0
2023-08-25 09:00:00+09:00,1995.0,1995.0,1957.0,1957.0,1300,0.0,0.0
2023-08-25 11:00:00+09:00,1957.0,1957.0,1957.0,1957.0,0,0.0,0.0
2023-08-25 12:00:00+09:00,1995.0,1995.0,1995.0,1995.0,2300,0.0,0.0
2023-08-25 13:00:00+09:00,1995.0,1995.0,1995.0,1995.0,1000,0.0,0.0
2023-08-28 09:00:00+09:00,1955.0,1955.0,1945.0,1955.0,700,0.0,0.0
2023-08-28 11:00:00+09:00,1922.0,1922.0,1922.0,1922.0,0,0.0,0.0
2023-08-28 12:00:00+09:00,1886.0,1886.0,1886.0,1886.0,0,0.0,0.0
2023-08-28 13:00:00+09:00,1925.0,1965.0,1925.0,1964.0,3400,0.0,0.0
2023-08-28 14:00:00+09:00,1964.0,1964.0,1964.0,1964.0,300,0.0,0.0
2023-08-29 10:00:00+09:00,1964.0,1964.0,1964.0,1964.0,100,0.0,0.0
2023-08-29 11:00:00+09:00,1964.0,1964.0,1964.0,1964.0,0,0.0,0.0
2023-08-30 09:00:00+09:00,1964.0,1980.0,1964.0,1979.0,3300,0.0,0.0
2023-08-30 11:00:00+09:00,1979.0,1979.0,1979.0,1979.0,0,0.0,0.0
2023-08-31 09:00:00+09:00,1979.0,1979.0,1979.0,1979.0,1000,0.0,0.0
2023-08-31 10:00:00+09:00,1978.0,1980.0,1978.0,1980.0,2100,0.0,0.0
2023-08-31 11:00:00+09:00,1980.0,1980.0,1980.0,1980.0,0,0.0,0.0
2023-08-31 14:00:00+09:00,1950.0,1950.0,1950.0,1950.0,3600,0.0,0.0
2023-09-01 10:00:00+09:00,1970.0,1970.0,1970.0,1970.0,1000,0.0,0.0
2023-09-01 11:00:00+09:00,1970.0,1970.0,1970.0,1970.0,0,0.0,0.0
2023-09-01 12:00:00+09:00,1970.0,1979.0,1933.0,1933.0,3200,0.0,0.0
2023-09-04 12:00:00+09:00,1973.0,1973.0,1973.0,1973.0,1000,0.0,0.0
2023-09-04 14:00:00+09:00,1965.0,1965.0,1965.0,1965.0,100,0.0,0.0
2023-09-05 11:00:00+09:00,1963.0,1963.0,1963.0,1963.0,100,0.0,0.0
2023-09-06 09:00:00+09:00,1963.0,1963.0,1962.0,1963.0,2100,0.0,0.0
2023-09-06 11:00:00+09:00,1959.0,1959.0,1959.0,1959.0,0,0.0,0.0
2023-09-06 14:00:00+09:00,1960.0,1963.0,1921.0,1963.0,3600,0.0,0.0
2023-09-07 11:00:00+09:00,1960.0,1960.0,1960.0,1960.0,100,0.0,0.0
2023-09-08 09:00:00+09:00,1947.0,1969.0,1947.0,1969.0,600,0.0,0.0
2023-09-08 11:00:00+09:00,1968.0,1968.0,1930.0,1930.0,0,0.0,0.0
2023-09-08 12:00:00+09:00,1960.0,1960.0,1920.0,1920.0,0,0.0,0.0
2023-09-11 09:00:00+09:00,1988.0,1990.0,1950.0,1950.0,2300,0.0,0.0
2023-09-11 10:00:00+09:00,1963.0,1963.0,1950.0,1950.0,1500,0.0,0.0
2023-09-11 11:00:00+09:00,1950.0,1950.0,1950.0,1950.0,0,0.0,0.0
2023-09-12 09:00:00+09:00,1957.0,1970.0,1957.0,1960.0,4600,0.0,0.0
2023-09-12 11:00:00+09:00,1922.0,1922.0,1922.0,1922.0,0,0.0,0.0
2023-09-12 14:00:00+09:00,1950.0,1950.0,1950.0,1950.0,4800,0.0,0.0
2023-09-13 09:00:00+09:00,2030.0,2350.0,2030.0,2347.0,32400,0.0,0.0
2023-09-13 10:00:00+09:00,2346.0,2346.0,2138.0,2146.0,16700,0.0,0.0
2023-09-13 11:00:00+09:00,2178.0,2222.0,2155.0,2199.0,0,0.0,0.0
2023-09-13 12:00:00+09:00,2199.0,2222.0,2160.0,2222.0,54200,0.0,0.0
2023-09-13 13:00:00+09:00,2207.0,2270.0,2195.0,2250.0,4500,0.0,0.0
2023-09-13 14:00:00+09:00,2250.0,2350.0,2250.0,2350.0,7900,0.0,0.0
2023-09-14 09:00:00+09:00,2350.0,2840.0,2350.0,2506.0,71700,0.0,0.0
2023-09-14 10:00:00+09:00,2543.0,2700.0,2543.0,2698.0,12600,0.0,0.0
2023-09-14 11:00:00+09:00,2694.0,2757.0,2653.0,2694.0,0,0.0,0.0
2023-09-14 12:00:00+09:00,2699.0,2717.0,2632.0,2636.0,104200,0.0,0.0
2023-09-14 13:00:00+09:00,2655.0,2747.0,2655.0,2740.0,12400,0.0,0.0
2023-09-14 14:00:00+09:00,2739.0,2780.0,2687.0,2780.0,16900,0.0,0.0
2023-09-15 09:00:00+09:00,2790.0,2840.0,2506.0,2789.0,32300,0.0,0.0
2023-09-15 10:00:00+09:00,2762.0,2762.0,2665.0,2665.0,2500,0.0,0.0
2023-09-15 11:00:00+09:00,2699.0,2740.0,2699.0,2731.0,0,0.0,0.0
2023-09-15 12:00:00+09:00,2685.0,2685.0,2601.0,2663.0,38400,0.0,0.0
2023-09-15 13:00:00+09:00,2650.0,2700.0,2615.0,2615.0,4000,0.0,0.0
2023-09-15 14:00:00+09:00,2616.0,2670.0,2562.0,2670.0,14000,0.0,0.0
2023-09-19 09:00:00+09:00,2700.0,2780.0,2500.0,2757.0,23300,0.0,0.0
2023-09-19 10:00:00+09:00,2759.0,2770.0,2700.0,2700.0,2700,0.0,0.0
2023-09-19 11:00:00+09:00,2745.0,2745.0,2745.0,2745.0,0,0.0,0.0
2023-09-19 12:00:00+09:00,2734.0,2814.0,2734.0,2787.0,31600,0.0,0.0
2023-09-19 13:00:00+09:00,2787.0,2800.0,2703.0,2703.0,2900,0.0,0.0
2023-09-19 14:00:00+09:00,2705.0,2791.0,2705.0,2791.0,3200,0.0,0.0
2023-09-20 09:00:00+09:00,2790.0,2806.0,2650.0,2786.0,10300,0.0,0.0
2023-09-20 10:00:00+09:00,2775.0,2775.0,2700.0,2732.0,3400,0.0,0.0
2023-09-20 11:00:00+09:00,2749.0,2785.0,2733.0,2754.0,0,0.0,0.0
2023-09-20 12:00:00+09:00,2714.0,2787.0,2714.0,2721.0,20600,0.0,0.0
2023-09-20 13:00:00+09:00,2719.0,2790.0,2719.0,2782.0,7100,0.0,0.0
2023-09-20 14:00:00+09:00,2782.0,2807.0,2780.0,2807.0,7300,0.0,0.0
2023-09-21 09:00:00+09:00,2808.0,2808.0,2702.0,2752.0,1200,0.0,0.0
2023-09-21 10:00:00+09:00,2752.0,2775.0,2725.0,2749.0,500,0.0,0.0
2023-09-21 11:00:00+09:00,2749.0,2749.0,2749.0,2749.0,0,0.0,0.0
2023-09-21 12:00:00+09:00,2720.0,2720.0,2700.0,2700.0,2100,0.0,0.0
2023-09-21 13:00:00+09:00,2750.0,2750.0,2750.0,2750.0,100,0.0,0.0
2023-09-22 09:00:00+09:00,2760.0,2766.0,2758.0,2758.0,1000,0.0,0.0
2023-09-22 10:00:00+09:00,2744.0,2744.0,2744.0,2744.0,100,0.0,0.0
2023-09-22 11:00:00+09:00,2744.0,2744.0,2744.0,2744.0,0,0.0,0.0
2023-09-22 12:00:00+09:00,2758.0,2758.0,2758.0,2758.0,1200,0.0,0.0
2023-09-22 13:00:00+09:00,2788.0,2790.0,2788.0,2790.0,500,0.0,0.0
2023-09-22 14:00:00+09:00,2790.0,2803.0,2790.0,2803.0,0,0.0,0.0
2023-09-25 09:00:00+09:00,2803.0,3200.0,2797.0,3100.0,10100,0.0,0.0
2023-09-25 10:00:00+09:00,3095.0,3170.0,3000.0,3080.0,3400,0.0,0.0
2023-09-25 11:00:00+09:00,3080.0,3130.0,3080.0,3130.0,0,0.0,0.0
2023-09-25 12:00:00+09:00,3140.0,3140.0,3110.0,3110.0,16300,0.0,0.0
2023-09-25 13:00:00+09:00,3115.0,3115.0,3115.0,3115.0,100,0.0,0.0
2023-09-25 14:00:00+09:00,3125.0,3200.0,3090.0,3195.0,3700,0.0,0.0
2023-09-26 09:00:00+09:00,3170.0,3170.0,3100.0,3100.0,2600,0.0,0.0
2023-09-26 10:00:00+09:00,3120.0,3120.0,3100.0,3100.0,400,0.0,0.0
2023-09-26 11:00:00+09:00,3100.0,3100.0,3100.0,3100.0,0,0.0,0.0
2023-09-26 12:00:00+09:00,3100.0,3100.0,3015.0,3015.0,3600,0.0,0.0
2023-09-26 13:00:00+09:00,3010.0,3095.0,3000.0,3095.0,600,0.0,0.0
2023-09-26 14:00:00+09:00,3100.0,3100.0,3040.0,3085.0,500,0.0,0.0
2023-09-27 09:00:00+09:00,3025.0,3025.0,2996.0,2996.0,400,0.0,0.0
2023-09-27 11:00:00+09:00,3050.0,3085.0,3050.0,3085.0,0,0.0,0.0
2023-09-27 14:00:00+09:00,3085.0,3085.0,2999.0,2999.0,1600,0.0,0.0
2023-09-28 12:00:00+09:00,2999.0,3370.0,2989.0,3325.0,6000,0.0,0.0
2023-09-28 13:00:00+09:00,3255.0,3325.0,3255.0,3260.0,1000,0.0,0.0
2023-09-28 14:00:00+09:00,3285.0,3480.0,3280.0,3480.0,3200,0.0,0.0
2023-09-29 09:00:00+09:00,3380.0,3405.0,3320.0,3335.0,3100,0.0,0.0
2023-09-29 10:00:00+09:00,3345.0,3345.0,3345.0,3345.0,100,0.0,0.0
2023-09-29 11:00:00+09:00,3345.0,3375.0,3345.0,3370.0,0,0.0,0.0
2023-09-29 12:00:00+09:00,3340.0,3375.0,3320.0,3340.0,4900,0.0,0.0
2023-09-29 14:00:00+09:00,3340.0,3455.0,3335.0,3455.0,700,0.0,0.0
2023-10-02 09:00:00+09:00,3475.0,3480.0,3330.0,3480.0,1800,0.0,0.0
2023-10-02 10:00:00+09:00,3480.0,3580.0,3395.0,3395.0,1600,0.0,0.0
2023-10-02 11:00:00+09:00,3430.0,3430.0,3430.0,3430.0,0,0.0,0.0
2023-10-02 12:00:00+09:00,3440.0,3440.0,3440.0,3440.0,3600,0.0,0.0
2023-10-02 13:00:00+09:00,3440.0,3440.0,3400.0,3400.0,300,0.0,0.0
2023-10-02 14:00:00+09:00,3415.0,3415.0,3370.0,3370.0,600,0.0,0.0
2023-10-03 09:00:00+09:00,3400.0,3400.0,3400.0,3400.0,500,0.0,0.0
2023-10-03 10:00:00+09:00,3400.0,3400.0,3400.0,3400.0,100,0.0,0.0
2023-10-03 11:00:00+09:00,3400.0,3400.0,3400.0,3400.0,0,0.0,0.0
2023-10-03 12:00:00+09:00,3395.0,3395.0,3395.0,3395.0,700,0.0,0.0
2023-10-03 14:00:00+09:00,3300.0,3300.0,3250.0,3250.0,300,0.0,0.0
2023-10-04 09:00:00+09:00,3250.0,3250.0,3250.0,3250.0,100,0.0,0.0
2023-10-04 10:00:00+09:00,2990.0,3040.0,2970.0,2970.0,700,0.0,0.0
2023-10-04 11:00:00+09:00,3015.0,3085.0,3015.0,3020.0,0,0.0,0.0
2023-10-04 12:00:00+09:00,3090.0,3090.0,3035.0,3035.0,2100,0.0,0.0
2023-10-04 13:00:00+09:00,3085.0,3085.0,3040.0,3040.0,700,0.0,0.0
2023-10-04 14:00:00+09:00,3010.0,3010.0,3000.0,3000.0,400,0.0,0.0
2023-10-05 09:00:00+09:00,2951.0,3005.0,2947.0,2947.0,4300,0.0,0.0
2023-10-05 10:00:00+09:00,2953.0,2990.0,2862.0,2912.0,5500,0.0,0.0
2023-10-05 11:00:00+09:00,2912.0,2912.0,2912.0,2912.0,0,0.0,0.0
2023-10-05 12:00:00+09:00,2900.0,2900.0,2900.0,2900.0,10100,0.0,0.0
2023-10-05 13:00:00+09:00,2950.0,2950.0,2870.0,2900.0,600,0.0,0.0
2023-10-05 14:00:00+09:00,2869.0,2869.0,2855.0,2855.0,400,0.0,0.0
2023-10-06 09:00:00+09:00,2824.0,2824.0,2741.0,2779.0,1300,0.0,0.0
2023-10-06 10:00:00+09:00,2780.0,2780.0,2780.0,2780.0,100,0.0,0.0
2023-10-06 11:00:00+09:00,2780.0,2780.0,2780.0,2780.0,0,0.0,0.0
2023-10-10 09:00:00+09:00,2730.0,2730.0,2730.0,2730.0,200,0.0,0.0
2023-10-10 11:00:00+09:00,2701.0,2732.0,2680.0,2680.0,0,0.0,0.0
2023-10-10 12:00:00+09:00,2680.0,2680.0,2680.0,2680.0,1900,0.0,0.0
2023-10-10 13:00:00+09:00,2680.0,2680.0,2668.0,2668.0,400,0.0,0.0
2023-10-10 14:00:00+09:00,2642.0,2642.0,2600.0,2600.0,700,0.0,0.0
2023-10-11 09:00:00+09:00,2565.0,2565.0,2500.0,2550.0,0,0.0,0.0
2023-10-11 10:00:00+09:00,2500.0,2550.0,2450.0,2550.0,2600,0.0,0.0
2023-10-11 11:00:00+09:00,2450.0,2450.0,2446.0,2446.0,0,0.0,0.0
2023-10-11 12:00:00+09:00,2446.0,2446.0,2231.0,2266.0,7700,0.0,0.0
2023-10-11 13:00:00+09:00,2266.0,2266.0,2106.0,2106.0,3700,0.0,0.0
2023-10-11 14:00:00+09:00,2149.0,2149.0,2084.0,2084.0,6800,0.0,0.0
2023-10-12 09:00:00+09:00,2034.0,2050.0,2000.0,2005.0,4100,0.0,0.0
2023-10-12 10:00:00+09:00,2028.0,2050.0,1998.0,1998.0,2900,0.0,0.0
2023-10-12 11:00:00+09:00,2013.0,2013.0,2001.0,2001.0,0,0.0,0.0
2023-10-12 12:00:00+09:00,1979.0,1979.0,1886.0,1940.0,12900,0.0,0.0
2023-10-12 13:00:00+09:00,1920.0,1920.0,1901.0,1901.0,1500,0.0,0.0
2023-10-12 14:00:00+09:00,1917.0,1949.0,1897.0,1900.0,1800,0.0,0.0
2023-10-13 09:00:00+09:00,1935.0,1950.0,1930.0,1930.0,2600,0.0,0.0
2023-10-13 10:00:00+09:00,1953.0,1958.0,1891.0,1891.0,6200,0.0,0.0
2023-10-13 11:00:00+09:00,1893.0,1894.0,1800.0,1810.0,0,0.0,0.0
2023-10-13 12:00:00+09:00,1850.0,1850.0,1813.0,1846.0,19600,0.0,0.0
2023-10-13 13:00:00+09:00,1850.0,1850.0,1849.0,1849.0,200,0.0,0.0
2023-10-13 14:00:00+09:00,1823.0,1823.0,1813.0,1814.0,1600,0.0,0.0
2023-10-16 09:00:00+09:00,1700.0,1812.0,1649.0,1720.0,11200,0.0,0.0
2023-10-16 10:00:00+09:00,1734.0,1734.0,1710.0,1713.0,2200,0.0,0.0
2023-10-16 11:00:00+09:00,1712.0,1733.0,1711.0,1711.0,0,0.0,0.0
2023-10-16 12:00:00+09:00,1734.0,1734.0,1710.0,1719.0,16000,0.0,0.0
2023-10-16 13:00:00+09:00,1716.0,1719.0,1714.0,1719.0,400,0.0,0.0
2023-10-16 14:00:00+09:00,1713.0,1713.0,1606.0,1635.0,17400,0.0,0.0
2023-10-17 09:00:00+09:00,1688.0,1730.0,1680.0,1730.0,1300,0.0,0.0
2023-10-17 10:00:00+09:00,1730.0,1740.0,1700.0,1711.0,700,0.0,0.0
2023-10-17 11:00:00+09:00,1711.0,1711.0,1711.0,1711.0,0,0.0,0.0
2023-10-17 12:00:00+09:00,1614.0,1615.0,1614.0,1615.0,8500,0.0,0.0
2023-10-17 13:00:00+09:00,1634.0,1688.0,1620.0,1620.0,2700,0.0,0.0
2023-10-17 14:00:00+09:00,1648.0,1677.0,1648.0,1674.0,1200,0.0,0.0
2023-10-18 09:00:00+09:00,1671.0,1700.0,1637.0,1700.0,1400,0.0,0.0
2023-10-18 11:00:00+09:00,1700.0,1700.0,1700.0,1700.0,0,0.0,0.0
2023-10-18 12:00:00+09:00,1710.0,1740.0,1710.0,1730.0,1900,0.0,0.0
2023-10-18 13:00:00+09:00,1730.0,1740.0,1730.0,1740.0,300,0.0,0.0
2023-10-18 14:00:00+09:00,1740.0,1740.0,1711.0,1711.0,600,0.0,0.0
2023-10-19 09:00:00+09:00,1739.0,1830.0,1739.0,1809.0,8100,0.0,0.0
2023-10-19 10:00:00+09:00,1832.0,1859.0,1832.0,1859.0,2600,0.0,0.0
2023-10-19 11:00:00+09:00,1838.0,1838.0,1838.0,1838.0,0,0.0,0.0
2023-10-19 12:00:00+09:00,1839.0,1932.0,1839.0,1930.0,17300,0.0,0.0
2023-10-19 13:00:00+09:00,1932.0,2139.0,1881.0,2139.0,37900,0.0,0.0
2023-10-20 09:00:00+09:00,2289.0,2300.0,2030.0,2184.0,93000,0.0,0.0
2023-10-20 10:00:00+09:00,2185.0,2207.0,2101.0,2161.0,17300,0.0,0.0
2023-10-20 11:00:00+09:00,2161.0,2196.0,2141.0,2158.0,0,0.0,0.0
2023-10-20 12:00:00+09:00,2162.0,2188.0,2160.0,2162.0,115200,0.0,0.0
2023-10-20 13:00:00+09:00,2166.0,2168.0,2111.0,2165.0,3300,0.0,0.0
2023-10-20 14:00:00+09:00,2164.0,2238.0,2135.0,2210.0,15700,0.0,0.0
2023-10-23 09:00:00+09:00,2209.0,2209.0,2072.0,2110.0,9800,0.0,0.0
2023-10-23 10:00:00+09:00,2110.0,2110.0,2077.0,2100.0,500,0.0,0.0
2023-10-23 11:00:00+09:00,2071.0,2071.0,2050.0,2067.0,0,0.0,0.0
2023-10-23 12:00:00+09:00,2050.0,2055.0,2009.0,2055.0,15300,0.0,0.0
2023-10-23 13:00:00+09:00,2036.0,2053.0,1984.0,1985.0,4200,0.0,0.0
2023-10-23 14:00:00+09:00,1986.0,2074.0,1957.0,2000.0,6900,0.0,0.0
2023-10-24 09:00:00+09:00,1996.0,2004.0,1804.0,1810.0,9500,0.0,0.0
2023-10-24 10:00:00+09:00,1827.0,1860.0,1816.0,1830.0,3000,0.0,0.0
2023-10-24 11:00:00+09:00,1835.0,1870.0,1835.0,1841.0,0,0.0,0.0
2023-10-24 12:00:00+09:00,1850.0,1869.0,1850.0,1869.0,13700,0.0,0.0
2023-10-24 13:00:00+09:00,1851.0,1868.0,1839.0,1842.0,0,0.0,0.0
2023-10-24 14:00:00+09:00,1866.0,1919.0,1865.0,1900.0,18700,0.0,0.0
2023-10-25 09:00:00+09:00,1881.0,1881.0,1881.0,1881.0,400,0.0,0.0
2023-10-25 10:00:00+09:00,1900.0,1920.0,1900.0,1920.0,400,0.0,0.0
2023-10-25 11:00:00+09:00,1912.0,1921.0,1912.0,1920.0,0,0.0,0.0
2023-10-25 12:00:00+09:00,1921.0,1921.0,1920.0,1920.0,1500,0.0,0.0
2023-10-25 13:00:00+09:00,1920.0,1920.0,1881.0,1881.0,1100,0.0,0.0
2023-10-25 14:00:00+09:00,1873.0,1880.0,1872.0,1873.0,500,0.0,0.0
2023-10-26 09:00:00+09:00,1842.0,1850.0,1800.0,1800.0,0,0.0,0.0
2023-10-26 10:00:00+09:00,1828.0,1836.0,1800.0,1801.0,4300,0.0,0.0
2023-10-26 11:00:00+09:00,1800.0,1800.0,1800.0,1800.0,0,0.0,0.0
2023-10-26 12:00:00+09:00,1799.0,1800.0,1750.0,1750.0,7400,0.0,0.0
2023-10-26 13:00:00+09:00,1782.0,1782.0,1750.0,1750.0,500,0.0,0.0
2023-10-26 14:00:00+09:00,1740.0,1796.0,1731.0,1736.0,3000,0.0,0.0
2023-10-27 09:00:00+09:00,1771.0,1818.0,1750.0,1796.0,0,0.0,0.0
2023-10-27 10:00:00+09:00,1796.0,1796.0,1776.0,1776.0,1500,0.0,0.0
2023-10-27 11:00:00+09:00,1761.0,1767.0,1725.0,1725.0,0,0.0,0.0
2023-10-27 12:00:00+09:00,1724.0,1724.0,1671.0,1700.0,7100,0.0,0.0
2023-10-27 13:00:00+09:00,1700.0,1729.0,1550.0,1603.0,12400,0.0,0.0
2023-10-27 14:00:00+09:00,1611.0,1669.0,1599.0,1600.0,6700,0.0,0.0
2023-10-30 09:00:00+09:00,1600.0,1650.0,1585.0,1650.0,6200,0.0,0.0
2023-10-30 10:00:00+09:00,1650.0,1957.0,1650.0,1899.0,33400,0.0,0.0
2023-10-30 11:00:00+09:00,1894.0,1960.0,1830.0,1884.0,0,0.0,0.0
2023-10-30 12:00:00+09:00,1863.0,1919.0,1857.0,1905.0,72700,0.0,0.0
2023-10-30 13:00:00+09:00,1884.0,1903.0,1821.0,1842.0,27600,0.0,0.0
2023-10-30 14:00:00+09:00,1842.0,1890.0,1775.0,1775.0,39300,0.0,0.0
2023-10-31 09:00:00+09:00,1760.0,1917.0,1730.0,1917.0,9200,0.0,0.0
2023-10-31 10:00:00+09:00,1865.0,1898.0,1752.0,1769.0,4500,0.0,0.0
2023-10-31 11:00:00+09:00,1761.0,1779.0,1741.0,1752.0,0,0.0,0.0
2023-10-31 12:00:00+09:00,1761.0,1765.0,1750.0,1750.0,19900,0.0,0.0
2023-10-31 13:00:00+09:00,1751.0,1755.0,1680.0,1680.0,5100,0.0,0.0
2023-10-31 14:00:00+09:00,1686.0,1699.0,1610.0,1660.0,15000,0.0,0.0
2023-11-01 09:00:00+09:00,1664.0,1850.0,1664.0,1790.0,11900,0.0,0.0
2023-11-01 10:00:00+09:00,1830.0,1846.0,1783.0,1783.0,2500,0.0,0.0
2023-11-01 11:00:00+09:00,1743.0,1743.0,1732.0,1732.0,0,0.0,0.0
2023-11-01 12:00:00+09:00,1758.0,1812.0,1739.0,1811.0,16400,0.0,0.0
2023-11-01 13:00:00+09:00,1809.0,1811.0,1760.0,1775.0,800,0.0,0.0
2023-11-01 14:00:00+09:00,1765.0,1800.0,1765.0,1800.0,1100,0.0,0.0
2023-11-02 09:00:00+09:00,1800.0,1893.0,1800.0,1856.0,0,0.0,0.0
2023-11-02 10:00:00+09:00,1866.0,1868.0,1866.0,1868.0,5200,0.0,0.0
2023-11-02 11:00:00+09:00,1874.0,1887.0,1872.0,1887.0,0,0.0,0.0
2023-11-02 12:00:00+09:00,1889.0,1893.0,1889.0,1893.0,7500,0.0,0.0
2023-11-02 13:00:00+09:00,1908.0,1918.0,1842.0,1842.0,3200,0.0,0.0
2023-11-02 14:00:00+09:00,1863.0,1885.0,1861.0,1885.0,1900,0.0,0.0
2023-11-06 09:00:00+09:00,1935.0,2016.0,1808.0,1835.0,17500,0.0,0.0
2023-11-06 10:00:00+09:00,1835.0,1850.0,1818.0,1818.0,900,0.0,0.0
2023-11-06 11:00:00+09:00,1818.0,1818.0,1818.0,1818.0,0,0.0,0.0
2023-11-06 12:00:00+09:00,1826.0,1826.0,1751.0,1787.0,22600,0.0,0.0
2023-11-06 13:00:00+09:00,1776.0,1830.0,1776.0,1788.0,1200,0.0,0.0
2023-11-06 14:00:00+09:00,1815.0,1835.0,1806.0,1806.0,1700,0.0,0.0
2023-11-07 09:00:00+09:00,1805.0,1835.0,1735.0,1803.0,13600,0.0,0.0
2023-11-07 10:00:00+09:00,1816.0,1920.0,1816.0,1899.0,9900,0.0,0.0
2023-11-07 11:00:00+09:00,1893.0,1930.0,1867.0,1923.0,0,0.0,0.0
2023-11-07 12:00:00+09:00,1893.0,2150.0,1890.0,2000.0,124000,0.0,0.0
2023-11-07 13:00:00+09:00,1999.0,2051.0,1975.0,2017.0,40600,0.0,0.0
2023-11-07 14:00:00+09:00,2019.0,2136.0,1994.0,2109.0,56200,0.0,0.0
2023-11-08 09:00:00+09:00,2098.0,2140.0,2005.0,2053.0,45200,0.0,0.0
2023-11-08 10:00:00+09:00,2054.0,2054.0,2011.0,2030.0,4800,0.0,0.0
2023-11-08 11:00:00+09:00,2033.0,2034.0,2007.0,2020.0,0,0.0,0.0
2023-11-08 12:00:00+09:00,2012.0,2023.0,1951.0,1977.0,66100,0.0,0.0
2023-11-08 13:00:00+09:00,1970.0,2047.0,1953.0,1975.0,14700,0.0,0.0
2023-11-08 14:00:00+09:00,1975.0,1991.0,1930.0,1991.0,14700,0.0,0.0
2023-11-09 09:00:00+09:00,1987.0,2030.0,1845.0,1877.0,24000,0.0,0.0
2023-11-09 10:00:00+09:00,1875.0,1881.0,1824.0,1840.0,12000,0.0,0.0
2023-11-09 11:00:00+09:00,1847.0,1850.0,1825.0,1830.0,0,0.0,0.0
2023-11-09 12:00:00+09:00,1859.0,1863.0,1840.0,1840.0,41600,0.0,0.0
2023-11-09 13:00:00+09:00,1859.0,1860.0,1855.0,1855.0,700,0.0,0.0
2023-11-09 14:00:00+09:00,1860.0,1898.0,1850.0,1863.0,9900,0.0,0.0
2023-11-10 09:00:00+09:00,1857.0,1884.0,1750.0,1859.0,68600,0.0,0.0
2023-11-10 10:00:00+09:00,1859.0,1896.0,1841.0,1872.0,92300,0.0,0.0
2023-11-10 11:00:00+09:00,1872.0,1895.0,1862.0,1872.0,0,0.0,0.0
2023-11-10 12:00:00+09:00,1866.0,1871.0,1757.0,1797.0,220600,0.0,0.0
2023-11-10 13:00:00+09:00,1787.0,1857.0,1785.0,1853.0,13400,0.0,0.0
2023-11-10 14:00:00+09:00,1853.0,1960.0,1853.0,1960.0,15600,0.0,0.0
2023-11-13 09:00:00+09:00,1984.0,1985.0,1860.0,1888.0,16600,0.0,0.0
2023-11-13 10:00:00+09:00,1888.0,1895.0,1877.0,1877.0,3100,0.0,0.0
2023-11-13 11:00:00+09:00,1883.0,1884.0,1870.0,1870.0,0,0.0,0.0
2023-11-13 12:00:00+09:00,1869.0,1869.0,1860.0,1867.0,24400,0.0,0.0
2023-11-13 13:00:00+09:00,1867.0,1885.0,1832.0,1839.0,3900,0.0,0.0
2023-11-13 14:00:00+09:00,1836.0,1849.0,1813.0,1835.0,5000,0.0,0.0
2023-11-14 09:00:00+09:00,1843.0,1857.0,1800.0,1827.0,3400,0.0,0.0
2023-11-14 10:00:00+09:00,1826.0,1831.0,1815.0,1815.0,2700,0.0,0.0
2023-11-14 11:00:00+09:00,1816.0,1817.0,1805.0,1805.0,0,0.0,0.0
2023-11-14 12:00:00+09:00,1800.0,1822.0,1798.0,1822.0,11900,0.0,0.0
2023-11-14 13:00:00+09:00,1809.0,1811.0,1802.0,1803.0,1300,0.0,0.0
2023-11-14 14:00:00+09:00,1801.0,1801.0,1763.0,1789.0,5100,0.0,0.0
2023-11-15 09:00:00+09:00,1810.0,1890.0,1810.0,1887.0,11600,0.0,0.0
2023-11-15 10:00:00+09:00,1880.0,1943.0,1880.0,1910.0,10400,0.0,0.0
2023-11-15 11:00:00+09:00,1910.0,1955.0,1910.0,1930.0,0,0.0,0.0
2023-11-15 12:00:00+09:00,1937.0,1952.0,1923.0,1933.0,31200,0.0,0.0
2023-11-15 13:00:00+09:00,1930.0,1963.0,1929.0,1955.0,10000,0.0,0.0
2023-11-15 14:00:00+09:00,1954.0,1964.0,1940.0,1946.0,5700,0.0,0.0
2023-11-16 09:00:00+09:00,1931.0,2030.0,1921.0,1986.0,8800,0.0,0.0
2023-11-16 10:00:00+09:00,1965.0,1965.0,1927.0,1927.0,1400,0.0,0.0
2023-11-16 11:00:00+09:00,1927.0,1927.0,1900.0,1909.0,0,0.0,0.0
2023-11-16 12:00:00+09:00,1905.0,1926.0,1905.0,1916.0,14000,0.0,0.0
2023-11-16 13:00:00+09:00,1919.0,1925.0,1917.0,1925.0,900,0.0,0.0
2023-11-16 14:00:00+09:00,1925.0,1967.0,1920.0,1967.0,2700,0.0,0.0
2023-11-17 09:00:00+09:00,1906.0,1925.0,1899.0,1925.0,3500,0.0,0.0
2023-11-17 10:00:00+09:00,1916.0,1916.0,1899.0,1899.0,1000,0.0,0.0
2023-11-17 11:00:00+09:00,1908.0,1926.0,1908.0,1926.0,0,0.0,0.0
2023-11-17 12:00:00+09:00,1926.0,1931.0,1923.0,1923.0,5200,0.0,0.0
2023-11-17 13:00:00+09:00,1917.0,1920.0,1917.0,1920.0,200,0.0,0.0
2023-11-17 14:00:00+09:00,1921.0,1964.0,1921.0,1943.0,1800,0.0,0.0
2023-11-20 09:00:00+09:00,1954.0,2054.0,1909.0,2000.0,0,0.0,0.0
2023-11-20 10:00:00+09:00,2000.0,2010.0,1985.0,1986.0,16700,0.0,0.0
2023-11-20 11:00:00+09:00,1985.0,1985.0,1985.0,1985.0,0,0.0,0.0
2023-11-20 12:00:00+09:00,1985.0,1985.0,1960.0,1960.0,18600,0.0,0.0
2023-11-20 13:00:00+09:00,1968.0,1968.0,1907.0,1955.0,5200,0.0,0.0
2023-11-20 14:00:00+09:00,1951.0,1994.0,1951.0,1957.0,2100,0.0,0.0
2023-11-21 09:00:00+09:00,1974.0,1974.0,1930.0,1950.0,0,0.0,0.0
2023-11-21 10:00:00+09:00,1955.0,1955.0,1933.0,1933.0,4900,0.0,0.0
2023-11-21 11:00:00+09:00,1931.0,1950.0,1930.0,1950.0,0,0.0,0.0
2023-11-21 12:00:00+09:00,1935.0,1937.0,1929.0,1937.0,6000,0.0,0.0
2023-11-21 13:00:00+09:00,1937.0,1944.0,1923.0,1940.0,1400,0.0,0.0
2023-11-21 14:00:00+09:00,1934.0,1940.0,1931.0,1940.0,1200,0.0,0.0
2023-11-22 09:00:00+09:00,1933.0,1933.0,1886.0,1900.0,2800,0.0,0.0
2023-11-22 10:00:00+09:00,1892.0,1900.0,1890.0,1890.0,700,0.0,0.0
2023-11-22 11:00:00+09:00,1890.0,1890.0,1866.0,1866.0,0,0.0,0.0
2023-11-22 12:00:00+09:00,1866.0,1873.0,1866.0,1867.0,5800,0.0,0.0
2023-11-22 13:00:00+09:00,1878.0,1892.0,1870.0,1889.0,900,0.0,0.0
2023-11-22 14:00:00+09:00,1892.0,1892.0,1891.0,1891.0,1000,0.0,0.0
2023-11-24 09:00:00+09:00,1920.0,1969.0,1920.0,1926.0,5600,0.0,0.0
2023-11-24 10:00:00+09:00,1910.0,1910.0,1910.0,1910.0,300,0.0,0.0
2023-11-24 11:00:00+09:00,1908.0,1908.0,1880.0,1880.0,0,0.0,0.0
2023-11-24 12:00:00+09:00,1880.0,1880.0,1880.0,1880.0,9400,0.0,0.0
2023-11-24 13:00:00+09:00,1880.0,1899.0,1880.0,1899.0,0,0.0,0.0
2023-11-24 14:00:00+09:00,1885.0,1890.0,1879.0,1890.0,11400,0.0,0.0
2023-11-27 09:00:00+09:00,1890.0,1890.0,1811.0,1840.0,2000,0.0,0.0
2023-11-27 10:00:00+09:00,1835.0,1835.0,1781.0,1808.0,8900,0.0,0.0
2023-11-27 11:00:00+09:00,1826.0,1830.0,1820.0,1820.0,0,0.0,0.0
2023-11-27 12:00:00+09:00,1830.0,1830.0,1820.0,1820.0,12000,0.0,0.0
2023-11-27 13:00:00+09:00,1820.0,1820.0,1800.0,1816.0,3200,0.0,0.0
2023-11-27 14:00:00+09:00,1817.0,1817.0,1815.0,1815.0,300,0.0,0.0
2023-11-28 09:00:00+09:00,1853.0,1870.0,1816.0,1821.0,3900,0.0,0.0
2023-11-28 10:00:00+09:00,1825.0,1852.0,1825.0,1843.0,1200,0.0,0.0
2023-11-28 11:00:00+09:00,1843.0,1843.0,1843.0,1843.0,0,0.0,0.0
2023-11-28 12:00:00+09:00,1840.0,1843.0,1832.0,1832.0,5700,0.0,0.0
2023-11-28 13:00:00+09:00,1852.0,1880.0,1852.0,1880.0,4100,0.0,0.0
2023-11-28 14:00:00+09:00,1880.0,1880.0,1869.0,1870.0,1000,0.0,0.0
2023-11-29 09:00:00+09:00,1871.0,1900.0,1870.0,1891.0,1500,0.0,0.0
2023-11-29 10:00:00+09:00,1884.0,1911.0,1884.0,1904.0,3700,0.0,0.0
2023-11-29 11:00:00+09:00,1900.0,1900.0,1893.0,1893.0,0,0.0,0.0
2023-11-29 12:00:00+09:00,1892.0,1920.0,1870.0,1870.0,11000,0.0,0.0
2023-11-29 13:00:00+09:00,1861.0,1861.0,1840.0,1840.0,600,0.0,0.0
2023-11-29 14:00:00+09:00,1873.0,1873.0,1850.0,1850.0,300,0.0,0.0
2023-11-30 09:00:00+09:00,1853.0,1859.0,1853.0,1859.0,500,0.0,0.0
2023-11-30 11:00:00+09:00,1855.0,1855.0,1833.0,1833.0,0,0.0,0.0
2023-11-30 12:00:00+09:00,1840.0,1840.0,1840.0,1840.0,1900,0.0,0.0
2023-11-30 13:00:00+09:00,1840.0,1840.0,1805.0,1805.0,3300,0.0,0.0
2023-11-30 14:00:00+09:00,1801.0,1815.0,1801.0,1815.0,300,0.0,0.0
2023-12-01 09:00:00+09:00,1870.0,1879.0,1830.0,1830.0,600,0.0,0.0
2023-12-01 10:00:00+09:00,1829.0,1861.0,1829.0,1836.0,1300,0.0,0.0
2023-12-01 11:00:00+09:00,1836.0,1836.0,1836.0,1836.0,0,0.0,0.0
2023-12-01 12:00:00+09:00,1840.0,1856.0,1840.0,1856.0,3300,0.0,0.0
2023-12-01 13:00:00+09:00,1856.0,1858.0,1856.0,1858.0,800,0.0,0.0
2023-12-01 14:00:00+09:00,1857.0,1879.0,1845.0,1845.0,2900,0.0,0.0
2023-12-04 09:00:00+09:00,1822.0,1827.0,1822.0,1827.0,200,0.0,0.0
2023-12-04 10:00:00+09:00,1907.0,1907.0,1872.0,1890.0,2900,0.0,0.0
2023-12-04 11:00:00+09:00,1900.0,1920.0,1900.0,1920.0,0,0.0,0.0
2023-12-04 12:00:00+09:00,1905.0,1905.0,1905.0,1905.0,4900,0.0,0.0
2023-12-04 13:00:00+09:00,1904.0,1919.0,1883.0,1889.0,2100,0.0,0.0
2023-12-04 14:00:00+09:00,1898.0,1914.0,1898.0,1914.0,200,0.0,0.0
2023-12-05 09:00:00+09:00,1930.0,1930.0,1899.0,1899.0,0,0.0,0.0
2023-12-05 11:00:00+09:00,1880.0,1880.0,1876.0,1876.0,0,0.0,0.0
2023-12-05 13:00:00+09:00,1876.0,1900.0,1876.0,1900.0,10200,0.0,0.0
2023-12-06 09:00:00+09:00,1900.0,1900.0,1881.0,1881.0,1700,0.0,0.0
2023-12-06 10:00:00+09:00,1892.0,1892.0,1859.0,1880.0,300,0.0,0.0
2023-12-06 11:00:00+09:00,1880.0,1880.0,1880.0,1880.0,0,0.0,0.0
2023-12-06 12:00:00+09:00,1867.0,1867.0,1867.0,1867.0,0,0.0,0.0
2023-12-06 13:00:00+09:00,1871.0,1871.0,1870.0,1870.0,2600,0.0,0.0
2023-12-06 14:00:00+09:00,1866.0,1866.0,1860.0,1865.0,1100,0.0,0.0
2023-12-07 09:00:00+09:00,1844.0,1844.0,1841.0,1841.0,1200,0.0,0.0
2023-12-07 10:00:00+09:00,1840.0,1878.0,1761.0,1761.0,7100,0.0,0.0
2023-12-07 11:00:00+09:00,1790.0,1790.0,1784.0,1784.0,0,0.0,0.0
2023-12-07 12:00:00+09:00,1789.0,1808.0,1765.0,1808.0,10800,0.0,0.0
2023-12-07 13:00:00+09:00,1787.0,1809.0,1780.0,1809.0,1300,0.0,0.0
2023-12-07 14:00:00+09:00,1800.0,1800.0,1780.0,1799.0,1200,0.0,0.0
2023-12-08 09:00:00+09:00,1726.0,1809.0,1701.0,1789.0,4100,0.0,0.0
2023-12-08 10:00:00+09:00,1789.0,1789.0,1774.0,1779.0,400,0.0,0.0
2023-12-08 11:00:00+09:00,1776.0,1776.0,1773.0,1773.0,0,0.0,0.0
2023-12-08 12:00:00+09:00,1767.0,1780.0,1767.0,1776.0,5600,0.0,0.0
2023-12-08 13:00:00+09:00,1787.0,1790.0,1787.0,1790.0,400,0.0,0.0
2023-12-08 14:00:00+09:00,1787.0,1798.0,1778.0,1779.0,2500,0.0,0.0
2023-12-11 10:00:00+09:00,1817.0,1855.0,1817.0,1820.0,1300,0.0,0.0
2023-12-11 11:00:00+09:00,1820.0,1820.0,1820.0,1820.0,0,0.0,0.0
2023-12-11 12:00:00+09:00,1784.0,1784.0,1784.0,1784.0,1400,0.0,0.0
2023-12-11 13:00:00+09:00,1794.0,1794.0,1752.0,1752.0,1500,0.0,0.0
2023-12-11 14:00:00+09:00,1771.0,1814.0,1771.0,1813.0,1200,0.0,0.0
2023-12-12 09:00:00+09:00,1773.0,1799.0,1773.0,1799.0,1000,0.0,0.0
2023-12-12 11:00:00+09:00,1799.0,1799.0,1799.0,1799.0,0,0.0,0.0
2023-12-12 14:00:00+09:00,1776.0,1809.0,1776.0,1785.0,1700,0.0,0.0
2023-12-14 09:00:00+09:00,1751.0,1787.0,1743.0,1770.0,3000,0.0,0.0
2023-12-14 10:00:00+09:00,1765.0,1765.0,1750.0,1750.0,500,0.0,0.0
2023-12-14 11:00:00+09:00,1750.0,1750.0,1750.0,1750.0,0,0.0,0.0
2023-12-14 12:00:00+09:00,1751.0,1751.0,1702.0,1702.0,8000,0.0,0.0
2023-12-14 13:00:00+09:00,1720.0,1750.0,1707.0,1711.0,1300,0.0,0.0
2023-12-14 14:00:00+09:00,1729.0,1759.0,1689.0,1736.0,4600,0.0,0.0
2023-12-15 09:00:00+09:00,1721.0,1721.0,1660.0,1660.0,3200,0.0,0.0
2023-12-15 10:00:00+09:00,1663.0,1679.0,1660.0,1679.0,900,0.0,0.0
2023-12-15 11:00:00+09:00,1679.0,1679.0,1679.0,1679.0,0,0.0,0.0
2023-12-15 12:00:00+09:00,1680.0,1680.0,1670.0,1670.0,5100,0.0,0.0
2023-12-15 13:00:00+09:00,1657.0,1676.0,1648.0,1676.0,3100,0.0,0.0
2023-12-15 14:00:00+09:00,1653.0,1687.0,1653.0,1682.0,2900,0.0,0.0
2023-12-18 09:00:00+09:00,1679.0,1736.0,1649.0,1663.0,8500,0.0,0.0
2023-12-18 10:00:00+09:00,1668.0,1668.0,1668.0,1668.0,300,0.0,0.0
2023-12-18 11:00:00+09:00,1665.0,1665.0,1663.0,1663.0,0,0.0,0.0
2023-12-18 12:00:00+09:00,1649.0,1661.0,1649.0,1654.0,10300,0.0,0.0
2023-12-18 13:00:00+09:00,1680.0,1680.0,1665.0,1665.0,400,0.0,0.0
2023-12-18 14:00:00+09:00,1665.0,1665.0,1663.0,1665.0,1100,0.0,0.0
2023-12-19 09:00:00+09:00,1717.0,1717.0,1640.0,1667.0,4200,0.0,0.0
2023-12-19 10:00:00+09:00,1663.0,1663.0,1663.0,1663.0,100,0.0,0.0
2023-12-19 11:00:00+09:00,1654.0,1654.0,1654.0,1654.0,0,0.0,0.0
2023-12-19 12:00:00+09:00,1653.0,1690.0,1653.0,1690.0,5900,0.0,0.0
2023-12-19 13:00:00+09:00,1667.0,1667.0,1659.0,1660.0,1100,0.0,0.0
2023-12-19 14:00:00+09:00,1660.0,1688.0,1660.0,1688.0,900,0.0,0.0
2023-12-20 09:00:00+09:00,1698.0,1786.0,1698.0,1757.0,3400,0.0,0.0
2023-12-20 10:00:00+09:00,1757.0,1775.0,1755.0,1775.0,1300,0.0,0.0
2023-12-20 11:00:00+09:00,1759.0,1759.0,1759.0,1759.0,0,0.0,0.0
2023-12-20 12:00:00+09:00,1759.0,1775.0,1759.0,1775.0,5400,0.0,0.0
2023-12-20 14:00:00+09:00,1762.0,1787.0,1762.0,1786.0,800,0.0,0.0
2023-12-22 09:00:00+09:00,1779.0,1798.0,1745.0,1745.0,800,0.0,0.0
2023-12-22 10:00:00+09:00,1760.0,1760.0,1725.0,1725.0,2900,0.0,0.0
2023-12-22 11:00:00+09:00,1725.0,1725.0,1725.0,1725.0,0,0.0,0.0
2023-12-22 12:00:00+09:00,1769.0,1769.0,1743.0,1751.0,4500,0.0,0.0
2023-12-22 13:00:00+09:00,1725.0,1752.0,1725.0,1752.0,800,0.0,0.0
2023-12-22 14:00:00+09:00,1753.0,1753.0,1730.0,1730.0,700,0.0,0.0
2023-12-25 09:00:00+09:00,1757.0,1757.0,1751.0,1751.0,300,0.0,0.0
2023-12-25 11:00:00+09:00,1711.0,1711.0,1630.0,1659.0,0,0.0,0.0
2023-12-25 12:00:00+09:00,1699.0,1699.0,1695.0,1695.0,3300,0.0,0.0
2023-12-25 14:00:00+09:00,1694.0,1695.0,1694.0,1695.0,200,0.0,0.0
2023-12-26 09:00:00+09:00,1699.0,1730.0,1691.0,1691.0,3900,0.0,0.0
2023-12-26 10:00:00+09:00,1689.0,1720.0,1689.0,1720.0,2700,0.0,0.0
2023-12-26 11:00:00+09:00,1720.0,1720.0,1720.0,1720.0,0,0.0,0.0
2023-12-26 13:00:00+09:00,1732.0,1732.0,1692.0,1725.0,7500,0.0,0.0
2023-12-26 14:00:00+09:00,1729.0,1732.0,1698.0,1732.0,1700,0.0,0.0
2023-12-27 12:00:00+09:00,1735.0,1735.0,1735.0,1735.0,400,0.0,0.0
2023-12-27 13:00:00+09:00,1735.0,1735.0,1735.0,1735.0,100,0.0,0.0
2023-12-27 14:00:00+09:00,1730.0,1799.0,1730.0,1799.0,4600,0.0,0.0
2023-12-28 09:00:00+09:00,1794.0,1794.0,1794.0,1794.0,500,0.0,0.0
2023-12-28 10:00:00+09:00,1799.0,1840.0,1761.0,1840.0,3000,0.0,0.0
2023-12-28 11:00:00+09:00,1879.0,1879.0,1799.0,1851.0,0,0.0,0.0
2023-12-28 12:00:00+09:00,1840.0,1849.0,1826.0,1849.0,16700,0.0,0.0
2023-12-28 13:00:00+09:00,1850.0,1851.0,1849.0,1850.0,3900,0.0,0.0
2023-12-28 14:00:00+09:00,1859.0,1949.0,1845.0,1889.0,8800,0.0,0.0
2023-12-29 09:00:00+09:00,1861.0,1891.0,1860.0,1861.0,2200,0.0,0.0
2023-12-29 10:00:00+09:00,1863.0,1863.0,1863.0,1863.0,200,0.0,0.0
2023-12-29 11:00:00+09:00,1862.0,1923.0,1850.0,1923.0,0,0.0,0.0
2023-12-29 12:00:00+09:00,1876.0,1898.0,1876.0,1898.0,8500,0.0,0.0
2023-12-29 13:00:00+09:00,1873.0,1873.0,1825.0,1825.0,4800,0.0,0.0
2023-12-29 14:00:00+09:00,1825.0,1825.0,1825.0,1825.0,400,0.0,0.0
2024-01-04 09:00:00+09:00,1815.0,1878.0,1809.0,1877.0,3000,0.0,0.0
2024-01-04 10:00:00+09:00,1887.0,1904.0,1884.0,1884.0,3200,0.0,0.0
2024-01-04 11:00:00+09:00,1879.0,1884.0,1879.0,1883.0,0,0.0,0.0
2024-01-04 12:00:00+09:00,1853.0,1878.0,1853.0,1878.0,7400,0.0,0.0
2024-01-04 13:00:00+09:00,1877.0,1910.0,1877.0,1896.0,2500,0.0,0.0
2024-01-04 14:00:00+09:00,1895.0,1904.0,1850.0,1877.0,3100,0.0,0.0
2024-01-05 10:00:00+09:00,1878.0,1890.0,1878.0,1879.0,900,0.0,0.0
2024-01-05 11:00:00+09:00,1879.0,1879.0,1879.0,1879.0,0,0.0,0.0
2024-01-05 13:00:00+09:00,1878.0,1878.0,1878.0,1878.0,1100,0.0,0.0
2024-01-05 14:00:00+09:00,1876.0,1880.0,1876.0,1880.0,200,0.0,0.0
2024-01-09 09:00:00+09:00,1894.0,1894.0,1872.0,1872.0,500,0.0,0.0
2024-01-09 10:00:00+09:00,1890.0,1921.0,1890.0,1921.0,4100,0.0,0.0
2024-01-09 11:00:00+09:00,1919.0,1935.0,1900.0,1913.0,0,0.0,0.0
2024-01-09 12:00:00+09:00,1935.0,1938.0,1900.0,1938.0,10800,0.0,0.0
2024-01-09 13:00:00+09:00,1930.0,2100.0,1930.0,2099.0,16000,0.0,0.0
2024-01-09 14:00:00+09:00,2034.0,2157.0,2021.0,2067.0,13800,0.0,0.0
2024-01-10 09:00:00+09:00,2069.0,2157.0,2044.0,2100.0,8400,0.0,0.0
2024-01-10 10:00:00+09:00,2072.0,2078.0,2044.0,2044.0,3700,0.0,0.0
2024-01-10 11:00:00+09:00,2044.0,2044.0,2044.0,2044.0,0,0.0,0.0
2024-01-10 12:00:00+09:00,2050.0,2050.0,1980.0,1980.0,16900,0.0,0.0
2024-01-10 13:00:00+09:00,2020.0,2049.0,1995.0,2035.0,4900,0.0,0.0
2024-01-10 14:00:00+09:00,2047.0,2109.0,2047.0,2086.0,6100,0.0,0.0
2024-01-11 09:00:00+09:00,2076.0,2080.0,2007.0,2035.0,1900,0.0,0.0
2024-01-11 10:00:00+09:00,2033.0,2086.0,2033.0,2086.0,1000,0.0,0.0
2024-01-11 11:00:00+09:00,2096.0,2107.0,2096.0,2107.0,0,0.0,0.0
2024-01-11 12:00:00+09:00,2107.0,2120.0,2107.0,2120.0,4000,0.0,0.0
2024-01-11 13:00:00+09:00,2081.0,2082.0,2080.0,2080.0,600,0.0,0.0
2024-01-11 14:00:00+09:00,2078.0,2105.0,2078.0,2100.0,1200,0.0,0.0
2024-01-12 09:00:00+09:00,2060.0,2148.0,2050.0,2062.0,0,0.0,0.0
2024-01-12 10:00:00+09:00,2055.0,2064.0,2040.0,2064.0,1100,0.0,0.0
2024-01-12 11:00:00+09:00,2064.0,2064.0,2064.0,2064.0,0,0.0,0.0
2024-01-12 14:00:00+09:00,2100.0,2100.0,2042.0,2042.0,8700,0.0,0.0
2024-01-15 09:00:00+09:00,1952.0,2054.0,1952.0,2011.0,0,0.0,0.0
2024-01-15 10:00:00+09:00,2002.0,2002.0,1971.0,1972.0,5600,0.0,0.0
2024-01-15 11:00:00+09:00,1989.0,1989.0,1973.0,1973.0,0,0.0,0.0
2024-01-15 12:00:00+09:00,2000.0,2043.0,2000.0,2002.0,7700,0.0,0.0
2024-01-15 13:00:00+09:00,2032.0,2033.0,2015.0,2015.0,800,0.0,0.0
2024-01-15 14:00:00+09:00,2031.0,2044.0,2024.0,2024.0,800,0.0,0.0
2024-01-16 09:00:00+09:00,2024.0,2080.0,2010.0,2010.0,6000,0.0,0.0
2024-01-16 10:00:00+09:00,2007.0,2007.0,2001.0,2001.0,400,0.0,0.0
2024-01-16 11:00:00+09:00,2003.0,2003.0,2003.0,2003.0,0,0.0,0.0
2024-01-16 12:00:00+09:00,2001.0,2009.0,2001.0,2009.0,7900,0.0,0.0
2024-01-16 13:00:00+09:00,2003.0,2010.0,2001.0,2010.0,2000,0.0,0.0
2024-01-16 14:00:00+09:00,2018.0,2022.0,2018.0,2020.0,800,0.0,0.0
2024-01-17 09:00:00+09:00,2021.0,2048.0,2009.0,2010.0,1800,0.0,0.0
2024-01-17 11:00:00+09:00,2010.0,2010.0,2008.0,2008.0,0,0.0,0.0
2024-01-17 13:00:00+09:00,2020.0,2020.0,2020.0,2020.0,2100,0.0,0.0
2024-01-17 14:00:00+09:00,2020.0,2021.0,2014.0,2014.0,700,0.0,0.0
2024-01-18 09:00:00+09:00,2017.0,2046.0,2016.0,2020.0,1100,0.0,0.0
2024-01-18 10:00:00+09:00,2013.0,2030.0,2012.0,2022.0,500,0.0,0.0
2024-01-18 11:00:00+09:00,2018.0,2038.0,2018.0,2038.0,0,0.0,0.0
2024-01-18 13:00:00+09:00,2019.0,2035.0,1995.0,1998.0,11800,0.0,0.0
2024-01-18 14:00:00+09:00,2024.0,2024.0,2003.0,2003.0,200,0.0,0.0
2024-01-19 09:00:00+09:00,2010.0,2010.0,1941.0,1990.0,11100,0.0,0.0
2024-01-19 10:00:00+09:00,1991.0,1991.0,1988.0,1988.0,1500,0.0,0.0
2024-01-19 11:00:00+09:00,1995.0,1995.0,1995.0,1995.0,0,0.0,0.0
2024-01-19 13:00:00+09:00,2010.0,2010.0,2010.0,2010.0,14600,0.0,0.0
2024-01-19 14:00:00+09:00,1990.0,2004.0,1989.0,2004.0,800,0.0,0.0
2024-01-22 09:00:00+09:00,2002.0,2038.0,1940.0,1980.0,6700,0.0,0.0
2024-01-22 10:00:00+09:00,1975.0,2009.0,1975.0,2009.0,1800,0.0,0.0
2024-01-22 11:00:00+09:00,2000.0,2010.0,2000.0,2010.0,0,0.0,0.0
2024-01-22 12:00:00+09:00,2010.0,2010.0,1977.0,2005.0,12600,0.0,0.0
2024-01-22 13:00:00+09:00,1986.0,1986.0,1986.0,1986.0,200,0.0,0.0
2024-01-22 14:00:00+09:00,1988.0,2027.0,1988.0,2026.0,1600,0.0,0.0
2024-01-23 09:00:00+09:00,2028.0,2110.0,2028.0,2100.0,5700,0.0,0.0
2024-01-23 10:00:00+09:00,2103.0,2103.0,2060.0,2067.0,1700,0.0,0.0
2024-01-23 11:00:00+09:00,2068.0,2101.0,2066.0,2101.0,0,0.0,0.0
2024-01-23 12:00:00+09:00,2071.0,2071.0,2049.0,2049.0,10000,0.0,0.0
2024-01-23 13:00:00+09:00,2041.0,2061.0,2040.0,2061.0,600,0.0,0.0
2024-01-23 14:00:00+09:00,2020.0,2054.0,2020.0,2034.0,1400,0.0,0.0
2024-01-24 09:00:00+09:00,2020.0,2020.0,2010.0,2011.0,1400,0.0,0.0
2024-01-24 10:00:00+09:00,2016.0,2017.0,1986.0,1986.0,2900,0.0,0.0
2024-01-24 11:00:00+09:00,1986.0,1986.0,1986.0,1986.0,0,0.0,0.0
2024-01-24 12:00:00+09:00,2001.0,2015.0,2001.0,2003.0,5000,0.0,0.0
2024-01-24 13:00:00+09:00,2001.0,2001.0,2001.0,2001.0,100,0.0,0.0
2024-01-25 09:00:00+09:00,2021.0,2049.0,1986.0,1986.0,1500,0.0,0.0
2024-01-25 10:00:00+09:00,2017.0,2017.0,1996.0,1996.0,200,0.0,0.0
2024-01-25 11:00:00+09:00,2019.0,2020.0,2019.0,2020.0,0,0.0,0.0
2024-01-25 12:00:00+09:00,2000.0,2060.0,2000.0,2050.0,5100,0.0,0.0
2024-01-25 13:00:00+09:00,2031.0,2031.0,2020.0,2020.0,2700,0.0,0.0
2024-01-25 14:00:00+09:00,2024.0,2052.0,2000.0,2052.0,2900,0.0,0.0
2024-01-26 09:00:00+09:00,2058.0,2058.0,1970.0,2000.0,0,0.0,0.0
2024-01-26 10:00:00+09:00,1990.0,2002.0,1985.0,2000.0,10900,0.0,0.0
2024-01-26 11:00:00+09:00,1985.0,1990.0,1985.0,1986.0,0,0.0,0.0
2024-01-26 12:00:00+09:00,2018.0,2018.0,1988.0,1990.0,13200,0.0,0.0
2024-01-26 13:00:00+09:00,1989.0,2029.0,1989.0,2029.0,500,0.0,0.0
2024-01-26 14:00:00+09:00,2011.0,2026.0,1989.0,2026.0,2900,0.0,0.0
2024-01-29 09:00:00+09:00,2020.0,2020.0,1966.0,2000.0,9600,0.0,0.0
2024-01-29 10:00:00+09:00,2000.0,2021.0,1978.0,1988.0,3700,0.0,0.0
2024-01-29 11:00:00+09:00,1976.0,1978.0,1898.0,1938.0,0,0.0,0.0
2024-01-29 12:00:00+09:00,1940.0,1959.0,1935.0,1959.0,23900,0.0,0.0
2024-01-29 13:00:00+09:00,1962.0,1962.0,1917.0,1960.0,6900,0.0,0.0
2024-01-29 14:00:00+09:00,1936.0,1936.0,1818.0,1827.0,23200,0.0,0.0
2024-01-30 09:00:00+09:00,1873.0,2050.0,1871.0,1975.0,16100,0.0,0.0
2024-01-30 10:00:00+09:00,1952.0,1995.0,1911.0,1912.0,3400,0.0,0.0
2024-01-30 11:00:00+09:00,1944.0,1944.0,1905.0,1906.0,0,0.0,0.0
2024-01-30 12:00:00+09:00,1897.0,1913.0,1897.0,1911.0,22700,0.0,0.0
2024-01-30 13:00:00+09:00,1913.0,1913.0,1894.0,1894.0,1900,0.0,0.0
2024-01-30 14:00:00+09:00,1887.0,1898.0,1849.0,1866.0,3800,0.0,0.0
2024-01-31 09:00:00+09:00,1859.0,1859.0,1820.0,1835.0,0,0.0,0.0
2024-01-31 10:00:00+09:00,1830.0,1830.0,1799.0,1805.0,6100,0.0,0.0
2024-01-31 11:00:00+09:00,1845.0,1845.0,1845.0,1845.0,0,0.0,0.0
2024-01-31 12:00:00+09:00,1812.0,1812.0,1795.0,1797.0,7400,0.0,0.0
2024-01-31 13:00:00+09:00,1810.0,1811.0,1780.0,1780.0,4900,0.0,0.0
2024-01-31 14:00:00+09:00,1790.0,1808.0,1760.0,1800.0,9600,0.0,0.0
2024-02-01 09:00:00+09:00,1783.0,1793.0,1769.0,1776.0,0,0.0,0.0
2024-02-01 10:00:00+09:00,1785.0,1796.0,1785.0,1796.0,2100,0.0,0.0
2024-02-01 11:00:00+09:00,1790.0,1808.0,1789.0,1806.0,0,0.0,0.0
2024-02-01 12:00:00+09:00,1793.0,1793.0,1793.0,1793.0,2800,0.0,0.0
2024-02-01 13:00:00+09:00,1798.0,1798.0,1798.0,1798.0,100,0.0,0.0
2024-02-01 14:00:00+09:00,1790.0,1791.0,1779.0,1779.0,1300,0.0,0.0
2024-02-02 09:00:00+09:00,1798.0,1798.0,1798.0,1798.0,100,0.0,0.0
2024-02-02 10:00:00+09:00,1797.0,1820.0,1797.0,1799.0,1800,0.0,0.0
2024-02-02 11:00:00+09:00,1811.0,1819.0,1811.0,1819.0,0,0.0,0.0
2024-02-02 13:00:00+09:00,1818.0,1818.0,1784.0,1785.0,3400,0.0,0.0
2024-02-02 14:00:00+09:00,1799.0,1801.0,1799.0,1801.0,300,0.0,0.0
2024-02-05 09:00:00+09:00,1809.0,1809.0,1772.0,1804.0,10900,0.0,0.0
2024-02-05 11:00:00+09:00,1822.0,1822.0,1793.0,1793.0,0,0.0,0.0
2024-02-05 12:00:00+09:00,1793.0,1793.0,1793.0,1793.0,11400,0.0,0.0
2024-02-05 14:00:00+09:00,1807.0,1822.0,1807.0,1822.0,400,0.0,0.0
2024-02-06 09:00:00+09:00,1793.0,1793.0,1770.0,1770.0,1800,0.0,0.0
2024-02-06 10:00:00+09:00,1760.0,1772.0,1760.0,1769.0,900,0.0,0.0
2024-02-06 11:00:00+09:00,1769.0,1769.0,1769.0,1769.0,0,0.0,0.0
2024-02-06 12:00:00+09:00,1772.0,1772.0,1750.0,1750.0,3700,0.0,0.0
2024-02-06 13:00:00+09:00,1754.0,1754.0,1754.0,1754.0,100,0.0,0.0
2024-02-06 14:00:00+09:00,1769.0,1772.0,1769.0,1772.0,500,0.0,0.0
2024-02-07 09:00:00+09:00,1741.0,1799.0,1726.0,1785.0,0,0.0,0.0
2024-02-07 10:00:00+09:00,1766.0,1766.0,1765.0,1765.0,2600,0.0,0.0
2024-02-07 11:00:00+09:00,1765.0,1765.0,1765.0,1765.0,0,0.0,0.0
2024-02-07 12:00:00+09:00,1765.0,1768.0,1765.0,1768.0,2800,0.0,0.0
2024-02-07 13:00:00+09:00,1771.0,1771.0,1770.0,1770.0,400,0.0,0.0
2024-02-07 14:00:00+09:00,1766.0,1766.0,1766.0,1766.0,300,0.0,0.0
2024-02-08 09:00:00+09:00,1746.0,1746.0,1746.0,1746.0,100,0.0,0.0
2024-02-08 10:00:00+09:00,1748.0,1748.0,1668.0,1718.0,9000,0.0,0.0
2024-02-08 11:00:00+09:00,1705.0,1705.0,1705.0,1705.0,0,0.0,0.0
2024-02-08 12:00:00+09:00,1705.0,1730.0,1705.0,1730.0,10300,0.0,0.0
2024-02-08 13:00:00+09:00,1695.0,1695.0,1690.0,1694.0,1500,0.0,0.0
2024-02-08 14:00:00+09:00,1685.0,1715.0,1680.0,1712.0,4700,0.0,0.0
2024-02-09 09:00:00+09:00,1726.0,1726.0,1700.0,1700.0,1300,0.0,0.0
2024-02-09 10:00:00+09:00,1691.0,1760.0,1650.0,1760.0,8800,0.0,0.0
2024-02-09 11:00:00+09:00,1761.0,1761.0,1760.0,1760.0,0,0.0,0.0
2024-02-09 12:00:00+09:00,1777.0,1777.0,1722.0,1755.0,18200,0.0,0.0
2024-02-09 13:00:00+09:00,1742.0,1787.0,1736.0,1787.0,10800,0.0,0.0
2024-02-09 14:00:00+09:00,1786.0,1786.0,1760.0,1779.0,3800,0.0,0.0
2024-02-13 09:00:00+09:00,1765.0,1794.0,1702.0,1724.0,6700,0.0,0.0
2024-02-13 10:00:00+09:00,1706.0,1706.0,1706.0,1706.0,1000,0.0,0.0
2024-02-13 11:00:00+09:00,1709.0,1709.0,1708.0,1708.0,0,0.0,0.0
2024-02-13 12:00:00+09:00,1730.0,1739.0,1715.0,1736.0,9400,0.0,0.0
2024-02-13 13:00:00+09:00,1722.0,1728.0,1715.0,1728.0,600,0.0,0.0
2024-02-13 14:00:00+09:00,1716.0,1717.0,1710.0,1710.0,2300,0.0,0.0
2024-02-14 09:00:00+09:00,1650.0,1685.0,1650.0,1658.0,4100,0.0,0.0
2024-02-14 10:00:00+09:00,1670.0,1670.0,1658.0,1658.0,400,0.0,0.0
2024-02-14 11:00:00+09:00,1659.0,1659.0,1610.0,1635.0,0,0.0,0.0
2024-02-14 12:00:00+09:00,1613.0,1613.0,1567.0,1589.0,13200,0.0,0.0
2024-02-14 13:00:00+09:00,1589.0,1601.0,1588.0,1596.0,1300,0.0,0.0
2024-02-14 14:00:00+09:00,1596.0,1608.0,1595.0,1600.0,1300,0.0,0.0
2024-02-15 09:00:00+09:00,1586.0,1586.0,1453.0,1481.0,6800,0.0,0.0
2024-02-15 10:00:00+09:00,1486.0,1510.0,1460.0,1510.0,6800,0.0,0.0
2024-02-15 11:00:00+09:00,1510.0,1510.0,1510.0,1510.0,0,0.0,0.0
2024-02-15 12:00:00+09:00,1514.0,1543.0,1511.0,1540.0,17000,0.0,0.0
2024-02-15 13:00:00+09:00,1548.0,1548.0,1542.0,1547.0,400,0.0,0.0
2024-02-15 14:00:00+09:00,1540.0,1540.0,1530.0,1530.0,200,0.0,0.0
2024-02-16 09:00:00+09:00,1501.0,1521.0,1455.0,1490.0,14400,0.0,0.0
2024-02-16 10:00:00+09:00,1483.0,1508.0,1481.0,1500.0,3500,0.0,0.0
2024-02-16 11:00:00+09:00,1496.0,1504.0,1496.0,1504.0,0,0.0,0.0
2024-02-16 12:00:00+09:00,1505.0,1505.0,1505.0,1505.0,19000,0.0,0.0
2024-02-16 13:00:00+09:00,1507.0,1522.0,1507.0,1521.0,1000,0.0,0.0
2024-02-16 14:00:00+09:00,1518.0,1527.0,1518.0,1527.0,400,0.0,0.0
2024-02-19 09:00:00+09:00,1559.0,1614.0,1559.0,1614.0,0,0.0,0.0
2024-02-19 10:00:00+09:00,1575.0,1575.0,1575.0,1575.0,5000,0.0,0.0
2024-02-19 11:00:00+09:00,1579.0,1579.0,1579.0,1579.0,0,0.0,0.0
2024-02-19 12:00:00+09:00,1519.0,1539.0,1474.0,1495.0,24400,0.0,0.0
2024-02-19 13:00:00+09:00,1495.0,1496.0,1492.0,1492.0,300,0.0,0.0
2024-02-19 14:00:00+09:00,1490.0,1500.0,1484.0,1499.0,4600,0.0,0.0
2024-02-20 09:00:00+09:00,1519.0,1560.0,1510.0,1560.0,5600,0.0,0.0
2024-02-20 10:00:00+09:00,1566.0,1576.0,1559.0,1576.0,4400,0.0,0.0
2024-02-20 11:00:00+09:00,1569.0,1569.0,1569.0,1569.0,0,0.0,0.0
2024-02-20 12:00:00+09:00,1583.0,1583.0,1571.0,1580.0,10600,0.0,0.0
2024-02-20 13:00:00+09:00,1575.0,1575.0,1573.0,1573.0,300,0.0,0.0
2024-02-20 14:00:00+09:00,1566.0,1579.0,1553.0,1555.0,4000,0.0,0.0
2024-02-21 09:00:00+09:00,1519.0,1598.0,1519.0,1567.0,1600,0.0,0.0
2024-02-21 10:00:00+09:00,1554.0,1554.0,1523.0,1539.0,1000,0.0,0.0
2024-02-21 11:00:00+09:00,1544.0,1544.0,1544.0,1544.0,0,0.0,0.0
2024-02-21 14:00:00+09:00,1544.0,1544.0,1544.0,1544.0,2800,0.0,0.0
2024-02-22 09:00:00+09:00,1584.0,1584.0,1545.0,1548.0,700,0.0,0.0
2024-02-22 10:00:00+09:00,1551.0,1551.0,1544.0,1544.0,500,0.0,0.0
2024-02-22 11:00:00+09:00,1544.0,1544.0,1544.0,1544.0,0,0.0,0.0
2024-02-22 13:00:00+09:00,1529.0,1529.0,1519.0,1519.0,1900,0.0,0.0
2024-02-22 14:00:00+09:00,1505.0,1510.0,1501.0,1510.0,500,0.0,0.0
2024-02-26 10:00:00+09:00,1910.0,1910.0,1755.0,1795.0,127300,0.0,0.0
2024-02-26 11:00:00+09:00,1794.0,1836.0,1780.0,1824.0,0,0.0,0.0
2024-02-26 12:00:00+09:00,1837.0,1837.0,1776.0,1780.0,162900,0.0,0.0
2024-02-26 13:00:00+09:00,1780.0,1799.0,1777.0,1799.0,10700,0.0,0.0
2024-02-26 14:00:00+09:00,1797.0,1797.0,1766.0,1781.0,16500,0.0,0.0
2024-02-27 09:00:00+09:00,1821.0,1821.0,1690.0,1707.0,46500,0.0,0.0
2024-02-27 10:00:00+09:00,1705.0,1739.0,1703.0,1739.0,6000,0.0,0.0
2024-02-27 11:00:00+09:00,1720.0,1725.0,1720.0,1721.0,0,0.0,0.0
2024-02-27 12:00:00+09:00,1715.0,1739.0,1709.0,1721.0,54900,0.0,0.0
2024-02-27 13:00:00+09:00,1721.0,1725.0,1700.0,1700.0,2900,0.0,0.0
2024-02-27 14:00:00+09:00,1700.0,1707.0,1688.0,1688.0,7100,0.0,0.0
2024-02-28 09:00:00+09:00,1673.0,1697.0,1635.0,1693.0,11600,0.0,0.0
2024-02-28 10:00:00+09:00,1682.0,1682.0,1654.0,1668.0,3100,0.0,0.0
2024-02-28 11:00:00+09:00,1657.0,1661.0,1657.0,1659.0,0,0.0,0.0
2024-02-28 12:00:00+09:00,1660.0,1661.0,1653.0,1654.0,19700,0.0,0.0
2024-02-28 13:00:00+09:00,1655.0,1660.0,1655.0,1660.0,1100,0.0,0.0
2024-02-28 14:00:00+09:00,1674.0,1717.0,1660.0,1696.0,7700,0.0,0.0
2024-02-29 09:00:00+09:00,1707.0,1716.0,1662.0,1690.0,2300,0.0,0.0
2024-02-29 10:00:00+09:00,1674.0,1674.0,1662.0,1664.0,1200,0.0,0.0
2024-02-29 11:00:00+09:00,1675.0,1675.0,1663.0,1663.0,0,0.0,0.0
2024-02-29 12:00:00+09:00,1674.0,1677.0,1660.0,1668.0,5500,0.0,0.0
2024-02-29 13:00:00+09:00,1678.0,1678.0,1670.0,1670.0,300,0.0,0.0
2024-02-29 14:00:00+09:00,1688.0,1688.0,1673.0,1688.0,900,0.0,0.0
2024-03-01 09:00:00+09:00,1690.0,1695.0,1606.0,1611.0,4700,0.0,0.0
2024-03-01 10:00:00+09:00,1611.0,1627.0,1607.0,1612.0,1800,0.0,0.0
2024-03-01 11:00:00+09:00,1612.0,1643.0,1612.0,1643.0,0,0.0,0.0
2024-03-01 12:00:00+09:00,1621.0,1638.0,1613.0,1613.0,8100,0.0,0.0
2024-03-01 14:00:00+09:00,1627.0,1638.0,1627.0,1630.0,0,0.0,0.0
2024-03-04 09:00:00+09:00,1630.0,1630.0,1581.0,1593.0,3700,0.0,0.0
2024-03-04 10:00:00+09:00,1598.0,1600.0,1583.0,1586.0,2300,0.0,0.0
2024-03-04 11:00:00+09:00,1585.0,1613.0,1583.0,1586.0,0,0.0,0.0
2024-03-04 12:00:00+09:00,1581.0,1581.0,1581.0,1581.0,8000,0.0,0.0
2024-03-04 13:00:00+09:00,1586.0,1594.0,1582.0,1593.0,800,0.0,0.0
2024-03-04 14:00:00+09:00,1586.0,1600.0,1586.0,1600.0,800,0.0,0.0
2024-03-05 09:00:00+09:00,1602.0,1602.0,1516.0,1539.0,6900,0.0,0.0
2024-03-05 10:00:00+09:00,1533.0,1572.0,1529.0,1572.0,3900,0.0,0.0
2024-03-05 11:00:00+09:00,1564.0,1564.0,1564.0,1564.0,0,0.0,0.0
2024-03-05 12:00:00+09:00,1576.0,1590.0,1574.0,1590.0,12100,0.0,0.0
2024-03-05 13:00:00+09:00,1590.0,1597.0,1585.0,1585.0,700,0.0,0.0
2024-03-05 14:00:00+09:00,1590.0,1593.0,1589.0,1593.0,600,0.0,0.0
2024-03-06 09:00:00+09:00,1569.0,1600.0,1546.0,1600.0,4700,0.0,0.0
2024-03-06 10:00:00+09:00,1615.0,1635.0,1613.0,1613.0,3500,0.0,0.0
2024-03-06 11:00:00+09:00,1626.0,1626.0,1614.0,1614.0,0,0.0,0.0
2024-03-06 12:00:00+09:00,1613.0,1613.0,1599.0,1610.0,11200,0.0,0.0
2024-03-06 13:00:00+09:00,1614.0,1623.0,1601.0,1623.0,1800,0.0,0.0
2024-03-06 14:00:00+09:00,1615.0,1619.0,1601.0,1601.0,1300,0.0,0.0
2024-03-07 09:00:00+09:00,1571.0,1599.0,1571.0,1581.0,2200,0.0,0.0
2024-03-07 10:00:00+09:00,1596.0,1596.0,1570.0,1570.0,1500,0.0,0.0
2024-03-07 11:00:00+09:00,1570.0,1580.0,1570.0,1580.0,0,0.0,0.0
2024-03-07 12:00:00+09:00,1570.0,1570.0,1567.0,1567.0,5700,0.0,0.0
2024-03-07 13:00:00+09:00,1567.0,1599.0,1567.0,1599.0,2800,0.0,0.0
2024-03-07 14:00:00+09:00,1580.0,1580.0,1473.0,1515.0,12900,0.0,0.0
2024-03-08 09:00:00+09:00,1512.0,1534.0,1510.0,1517.0,3200,0.0,0.0
2024-03-08 10:00:00+09:00,1520.0,1525.0,1520.0,1521.0,700,0.0,0.0
2024-03-08 11:00:00+09:00,1520.0,1520.0,1518.0,1518.0,0,0.0,0.0
2024-03-08 12:00:00+09:00,1517.0,1530.0,1517.0,1530.0,5100,0.0,0.0
2024-03-08 13:00:00+09:00,1517.0,1517.0,1517.0,1517.0,100,0.0,0.0
2024-03-08 14:00:00+09:00,1517.0,1525.0,1510.0,1510.0,0,0.0,0.0
2024-03-11 09:00:00+09:00,1481.0,1534.0,1481.0,1499.0,3100,0.0,0.0
2024-03-11 10:00:00+09:00,1499.0,1512.0,1496.0,1510.0,700,0.0,0.0
2024-03-11 11:00:00+09:00,1510.0,1510.0,1510.0,1510.0,0,0.0,0.0
2024-03-11 12:00:00+09:00,1500.0,1500.0,1482.0,1482.0,6700,0.0,0.0
2024-03-11 13:00:00+09:00,1482.0,1482.0,1464.0,1464.0,2300,0.0,0.0
2024-03-11 14:00:00+09:00,1473.0,1473.0,1461.0,1461.0,1100,0.0,0.0
2024-03-12 09:00:00+09:00,1487.0,1487.0,1450.0,1450.0,3000,0.0,0.0
2024-03-12 10:00:00+09:00,1453.0,1453.0,1405.0,1424.0,5700,0.0,0.0
2024-03-12 11:00:00+09:00,1422.0,1434.0,1420.0,1434.0,0,0.0,0.0
2024-03-12 12:00:00+09:00,1460.0,1460.0,1450.0,1450.0,9600,0.0,0.0
2024-03-12 13:00:00+09:00,1465.0,1491.0,1434.0,1443.0,4000,0.0,0.0
2024-03-12 14:00:00+09:00,1451.0,1479.0,1436.0,1452.0,3700,0.0,0.0
2024-03-13 09:00:00+09:00,1482.0,1482.0,1447.0,1471.0,0,0.0,0.0
2024-03-13 10:00:00+09:00,1467.0,1467.0,1450.0,1450.0,3700,0.0,0.0
2024-03-13 11:00:00+09:00,1450.0,1453.0,1450.0,1453.0,0,0.0,0.0
2024-03-13 12:00:00+09:00,1472.0,1472.0,1447.0,1465.0,4800,0.0,0.0
2024-03-13 13:00:00+09:00,1462.0,1499.0,1462.0,1499.0,2300,0.0,0.0
2024-03-13 14:00:00+09:00,1494.0,1515.0,1482.0,1515.0,3200,0.0,0.0
2024-03-14 09:00:00+09:00,1524.0,1535.0,1519.0,1519.0,0,0.0,0.0
2024-03-14 10:00:00+09:00,1513.0,1513.0,1513.0,1513.0,1000,0.0,0.0
2024-03-14 11:00:00+09:00,1516.0,1519.0,1510.0,1513.0,0,0.0,0.0
2024-03-14 12:00:00+09:00,1524.0,1525.0,1510.0,1510.0,1900,0.0,0.0
2024-03-14 13:00:00+09:00,1512.0,1513.0,1512.0,1513.0,200,0.0,0.0
2024-03-14 14:00:00+09:00,1513.0,1513.0,1513.0,1513.0,200,0.0,0.0
2024-03-15 09:00:00+09:00,1500.0,1520.0,1482.0,1520.0,3000,0.0,0.0
2024-03-15 10:00:00+09:00,1515.0,1567.0,1515.0,1567.0,3600,0.0,0.0
2024-03-15 11:00:00+09:00,1558.0,1563.0,1557.0,1563.0,0,0.0,0.0
2024-03-15 12:00:00+09:00,1563.0,1563.0,1543.0,1543.0,7200,0.0,0.0
2024-03-15 13:00:00+09:00,1545.0,1545.0,1545.0,1545.0,200,0.0,0.0
2024-03-15 14:00:00+09:00,1562.0,1588.0,1550.0,1550.0,3600,0.0,0.0
2024-03-18 09:00:00+09:00,1520.0,1549.0,1519.0,1549.0,1100,0.0,0.0
2024-03-18 11:00:00+09:00,1549.0,1549.0,1549.0,1549.0,0,0.0,0.0
2024-03-18 12:00:00+09:00,1549.0,1550.0,1549.0,1550.0,1500,0.0,0.0
2024-03-18 13:00:00+09:00,1554.0,1577.0,1553.0,1577.0,2200,0.0,0.0
2024-03-18 14:00:00+09:00,1580.0,1598.0,1573.0,1577.0,3400,0.0,0.0
2024-03-19 09:00:00+09:00,1552.0,1565.0,1544.0,1559.0,2800,0.0,0.0
2024-03-19 10:00:00+09:00,1552.0,1552.0,1548.0,1548.0,500,0.0,0.0
2024-03-19 11:00:00+09:00,1550.0,1550.0,1550.0,1550.0,0,0.0,0.0
2024-03-19 12:00:00+09:00,1548.0,1548.0,1548.0,1548.0,3600,0.0,0.0
2024-03-19 13:00:00+09:00,1547.0,1547.0,1546.0,1546.0,200,0.0,0.0
2024-03-19 14:00:00+09:00,1550.0,1555.0,1535.0,1535.0,2100,0.0,0.0
2024-03-21 09:00:00+09:00,1560.0,1560.0,1539.0,1539.0,1700,0.0,0.0
2024-03-21 10:00:00+09:00,1539.0,1539.0,1530.0,1530.0,700,0.0,0.0
2024-03-21 11:00:00+09:00,1530.0,1530.0,1530.0,1530.0,0,0.0,0.0
2024-03-21 12:00:00+09:00,1530.0,1530.0,1528.0,1528.0,2800,0.0,0.0
2024-03-21 14:00:00+09:00,1554.0,1560.0,1542.0,1560.0,2400,0.0,0.0
2024-03-22 09:00:00+09:00,1527.0,1547.0,1527.0,1547.0,200,0.0,0.0
2024-03-22 10:00:00+09:00,1558.0,1589.0,1558.0,1589.0,400,0.0,0.0
2024-03-22 11:00:00+09:00,1589.0,1589.0,1589.0,1589.0,0,0.0,0.0
2024-03-22 12:00:00+09:00,1570.0,1570.0,1570.0,1570.0,900,0.0,0.0
2024-03-22 13:00:00+09:00,1569.0,1570.0,1551.0,1551.0,300,0.0,0.0
2024-03-22 14:00:00+09:00,1569.0,1569.0,1569.0,1569.0,100,0.0,0.0
2024-03-25 09:00:00+09:00,1570.0,1570.0,1570.0,1570.0,100,0.0,0.0
2024-03-25 10:00:00+09:00,1570.0,1570.0,1560.0,1560.0,500,0.0,0.0
2024-03-25 11:00:00+09:00,1560.0,1560.0,1560.0,1560.0,0,0.0,0.0
2024-03-25 14:00:00+09:00,1530.0,1546.0,1530.0,1546.0,900,0.0,0.0
2024-03-26 09:00:00+09:00,1565.0,1565.0,1545.0,1545.0,900,0.0,0.0
2024-03-26 10:00:00+09:00,1528.0,1528.0,1528.0,1528.0,300,0.0,0.0
2024-03-26 11:00:00+09:00,1528.0,1528.0,1528.0,1528.0,0,0.0,0.0
2024-03-26 12:00:00+09:00,1564.0,1572.0,1564.0,1572.0,2000,0.0,0.0
2024-03-26 14:00:00+09:00,1568.0,1570.0,1568.0,1570.0,800,0.0,0.0
2024-03-27 09:00:00+09:00,1558.0,1558.0,1558.0,1558.0,400,0.0,0.0
2024-03-27 10:00:00+09:00,1558.0,1558.0,1558.0,1558.0,400,0.0,0.0
2024-03-27 11:00:00+09:00,1558.0,1558.0,1558.0,1558.0,0,0.0,0.0
2024-03-27 12:00:00+09:00,1560.0,1560.0,1560.0,1560.0,1000,0.0,0.0
2024-03-27 14:00:00+09:00,1545.0,1558.0,1545.0,1558.0,500,0.0,0.0
2024-03-28 09:00:00+09:00,1543.0,1579.0,1543.0,1577.0,900,0.0,0.0
2024-03-28 11:00:00+09:00,1577.0,1577.0,1577.0,1577.0,0,0.0,0.0
2024-03-28 13:00:00+09:00,1544.0,1544.0,1544.0,1544.0,1000,0.0,0.0
2024-03-28 14:00:00+09:00,1573.0,1577.0,1573.0,1576.0,900,0.0,0.0
2024-03-29 09:00:00+09:00,1570.0,1570.0,1570.0,1570.0,600,0.0,0.0
2024-03-29 10:00:00+09:00,1569.0,1576.0,1569.0,1576.0,500,0.0,0.0
2024-03-29 11:00:00+09:00,1571.0,1571.0,1571.0,1571.0,0,0.0,0.0
2024-03-29 12:00:00+09:00,1576.0,1576.0,1576.0,1576.0,1300,0.0,0.0
2024-03-29 13:00:00+09:00,1576.0,1577.0,1576.0,1577.0,1100,0.0,0.0
2024-03-29 14:00:00+09:00,1577.0,1577.0,1571.0,1577.0,400,0.0,0.0
2024-04-01 09:00:00+09:00,1551.0,1551.0,1551.0,1551.0,200,0.0,0.0
2024-04-01 11:00:00+09:00,1551.0,1551.0,1551.0,1551.0,0,0.0,0.0
2024-04-01 12:00:00+09:00,1552.0,1552.0,1552.0,1552.0,300,0.0,0.0
2024-04-02 09:00:00+09:00,1560.0,1575.0,1551.0,1553.0,0,0.0,0.0
2024-04-02 11:00:00+09:00,1554.0,1554.0,1553.0,1553.0,0,0.0,0.0
2024-04-02 12:00:00+09:00,1567.0,1567.0,1567.0,1567.0,2200,0.0,0.0
2024-04-02 13:00:00+09:00,1560.0,1560.0,1501.0,1501.0,2500,0.0,0.0
2024-04-02 14:00:00+09:00,1490.0,1539.0,1486.0,1539.0,1000,0.0,0.0
2024-04-03 09:00:00+09:00,1499.0,1528.0,1477.0,1507.0,800,0.0,0.0
2024-04-03 10:00:00+09:00,1486.0,1520.0,1486.0,1488.0,1000,0.0,0.0
2024-04-03 11:00:00+09:00,1518.0,1518.0,1518.0,1518.0,0,0.0,0.0
2024-04-03 12:00:00+09:00,1493.0,1514.0,1477.0,1492.0,5600,0.0,0.0
2024-04-03 13:00:00+09:00,1501.0,1501.0,1500.0,1500.0,400,0.0,0.0
2024-04-03 14:00:00+09:00,1508.0,1522.0,1495.0,1522.0,1000,0.0,0.0
2024-04-04 09:00:00+09:00,1522.0,1522.0,1495.0,1495.0,300,0.0,0.0
2024-04-04 10:00:00+09:00,1498.0,1511.0,1498.0,1502.0,1500,0.0,0.0
2024-04-04 11:00:00+09:00,1502.0,1502.0,1502.0,1502.0,0,0.0,0.0
2024-04-04 13:00:00+09:00,1503.0,1503.0,1503.0,1503.0,2100,0.0,0.0
2024-04-04 14:00:00+09:00,1503.0,1503.0,1503.0,1503.0,100,0.0,0.0
2024-04-05 09:00:00+09:00,1499.0,1499.0,1490.0,1493.0,700,0.0,0.0
2024-04-05 10:00:00+09:00,1493.0,1493.0,1490.0,1490.0,300,0.0,0.0
2024-04-05 11:00:00+09:00,1490.0,1490.0,1490.0,1490.0,0,0.0,0.0
2024-04-05 12:00:00+09:00,1490.0,1490.0,1482.0,1482.0,1600,0.0,0.0
2024-04-05 13:00:00+09:00,1482.0,1487.0,1482.0,1487.0,500,0.0,0.0
2024-04-05 14:00:00+09:00,1487.0,1500.0,1487.0,1500.0,800,0.0,0.0
2024-04-08 09:00:00+09:00,1510.0,1510.0,1510.0,1510.0,100,0.0,0.0
2024-04-08 10:00:00+09:00,1509.0,1510.0,1509.0,1510.0,500,0.0,0.0
2024-04-08 11:00:00+09:00,1501.0,1501.0,1501.0,1501.0,0,0.0,0.0
2024-04-08 12:00:00+09:00,1491.0,1491.0,1489.0,1489.0,1000,0.0,0.0
2024-04-09 10:00:00+09:00,1486.0,1486.0,1483.0,1483.0,300,0.0,0.0
2024-04-09 11:00:00+09:00,1505.0,1505.0,1486.0,1486.0,0,0.0,0.0
2024-04-09 13:00:00+09:00,1487.0,1504.0,1487.0,1504.0,1900,0.0,0.0
2024-04-09 14:00:00+09:00,1513.0,1526.0,1513.0,1526.0,2800,0.0,0.0
2024-04-10 12:00:00+09:00,1499.0,1499.0,1499.0,1499.0,300,0.0,0.0
2024-04-11 09:00:00+09:00,1504.0,1504.0,1496.0,1496.0,900,0.0,0.0
2024-04-11 11:00:00+09:00,1496.0,1496.0,1496.0,1496.0,0,0.0,0.0
2024-04-12 09:00:00+09:00,1496.0,1496.0,1490.0,1490.0,1200,0.0,0.0
2024-04-12 10:00:00+09:00,1491.0,1491.0,1491.0,1491.0,200,0.0,0.0
2024-04-12 11:00:00+09:00,1491.0,1491.0,1491.0,1491.0,0,0.0,0.0
2024-04-12 14:00:00+09:00,1504.0,1504.0,1504.0,1504.0,1600,0.0,0.0
2024-04-15 09:00:00+09:00,1497.0,1497.0,1497.0,1497.0,200,0.0,0.0
2024-04-15 10:00:00+09:00,1480.0,1480.0,1450.0,1480.0,2900,0.0,0.0
2024-04-15 11:00:00+09:00,1480.0,1480.0,1480.0,1480.0,0,0.0,0.0
2024-04-15 12:00:00+09:00,1480.0,1480.0,1479.0,1480.0,5400,0.0,0.0
2024-04-15 13:00:00+09:00,1479.0,1480.0,1470.0,1470.0,400,0.0,0.0
2024-04-15 14:00:00+09:00,1479.0,1499.0,1479.0,1499.0,1300,0.0,0.0
2024-04-16 09:00:00+09:00,1463.0,1517.0,1463.0,1517.0,600,0.0,0.0
2024-04-16 10:00:00+09:00,1510.0,1520.0,1500.0,1510.0,600,0.0,0.0
2024-04-16 11:00:00+09:00,1510.0,1510.0,1510.0,1510.0,0,0.0,0.0
2024-04-16 12:00:00+09:00,1519.0,1519.0,1498.0,1498.0,1700,0.0,0.0
2024-04-16 13:00:00+09:00,1519.0,1550.0,1519.0,1520.0,2200,0.0,0.0
2024-04-18 09:00:00+09:00,1500.0,1500.0,1491.0,1491.0,500,0.0,0.0
2024-04-18 10:00:00+09:00,1492.0,1492.0,1492.0,1492.0,0,0.0,0.0
2024-04-18 11:00:00+09:00,1472.0,1472.0,1472.0,1472.0,0,0.0,0.0
2024-04-18 12:00:00+09:00,1472.0,1472.0,1472.0,1472.0,1000,0.0,0.0
2024-04-18 13:00:00+09:00,1463.0,1463.0,1430.0,1430.0,2000,0.0,0.0
2024-04-18 14:00:00+09:00,1460.0,1470.0,1460.0,1470.0,700,0.0,0.0
2024-04-19 09:00:00+09:00,1461.0,1461.0,1450.0,1450.0,800,0.0,0.0
2024-04-19 10:00:00+09:00,1450.0,1450.0,1450.0,1450.0,300,0.0,0.0
2024-04-19 11:00:00+09:00,1450.0,1450.0,1450.0,1450.0,0,0.0,0.0
2024-04-19 12:00:00+09:00,1450.0,1450.0,1433.0,1433.0,1700,0.0,0.0
2024-04-19 13:00:00+09:00,1459.0,1459.0,1459.0,1459.0,400,0.0,0.0
2024-04-19 14:00:00+09:00,1460.0,1478.0,1460.0,1462.0,500,0.0,0.0
2024-04-22 09:00:00+09:00,1476.0,1476.0,1452.0,1452.0,800,0.0,0.0
2024-04-22 10:00:00+09:00,1450.0,1450.0,1450.0,1450.0,0,0.0,0.0
2024-04-22 11:00:00+09:00,1438.0,1438.0,1438.0,1438.0,0,0.0,0.0
2024-04-22 12:00:00+09:00,1439.0,1439.0,1439.0,1439.0,1600,0.0,0.0
2024-04-23 09:00:00+09:00,1469.0,1469.0,1464.0,1464.0,600,0.0,0.0
2024-04-23 10:00:00+09:00,1449.0,1449.0,1449.0,1449.0,100,0.0,0.0
2024-04-23 11:00:00+09:00,1441.0,1441.0,1438.0,1438.0,0,0.0,0.0
2024-04-23 12:00:00+09:00,1436.0,1436.0,1435.0,1435.0,1400,0.0,0.0
2024-04-23 13:00:00+09:00,1431.0,1431.0,1431.0,1431.0,100,0.0,0.0
2024-04-23 14:00:00+09:00,1432.0,1432.0,1432.0,1432.0,100,0.0,0.0
2024-04-24 09:00:00+09:00,1435.0,1450.0,1435.0,1450.0,1000,0.0,0.0
2024-04-24 10:00:00+09:00,1468.0,1468.0,1468.0,1468.0,200,0.0,0.0
2024-04-24 11:00:00+09:00,1468.0,1468.0,1468.0,1468.0,0,0.0,0.0
2024-04-24 12:00:00+09:00,1451.0,1451.0,1450.0,1450.0,1700,0.0,0.0
2024-04-24 13:00:00+09:00,1478.0,1480.0,1452.0,1470.0,1200,0.0,0.0
2024-04-24 14:00:00+09:00,1471.0,1471.0,1471.0,1471.0,100,0.0,0.0
2024-04-25 09:00:00+09:00,1469.0,1469.0,1469.0,1469.0,100,0.0,0.0
2024-04-25 11:00:00+09:00,1469.0,1469.0,1469.0,1469.0,0,0.0,0.0
2024-04-25 12:00:00+09:00,1447.0,1447.0,1446.0,1446.0,600,0.0,0.0
2024-04-25 13:00:00+09:00,1446.0,1446.0,1446.0,1446.0,100,0.0,0.0
2024-04-26 09:00:00+09:00,1475.0,1475.0,1475.0,1475.0,100,0.0,0.0
2024-04-26 11:00:00+09:00,1475.0,1475.0,1475.0,1475.0,0,0.0,0.0
2024-04-26 13:00:00+09:00,1475.0,1476.0,1475.0,1476.0,2500,0.0,0.0
2024-04-26 14:00:00+09:00,1453.0,1453.0,1452.0,1452.0,400,0.0,0.0
2024-04-30 09:00:00+09:00,1452.0,1479.0,1452.0,1479.0,500,0.0,0.0
2024-04-30 10:00:00+09:00,1481.0,1490.0,1481.0,1490.0,300,0.0,0.0
2024-04-30 11:00:00+09:00,1490.0,1490.0,1490.0,1490.0,0,0.0,0.0
2024-04-30 12:00:00+09:00,1490.0,1490.0,1453.0,1453.0,1300,0.0,0.0
2024-04-30 13:00:00+09:00,1467.0,1470.0,1452.0,1470.0,1800,0.0,0.0
2024-04-30 14:00:00+09:00,1470.0,1470.0,1468.0,1468.0,200,0.0,0.0
2024-05-01 09:00:00+09:00,1452.0,1452.0,1452.0,1452.0,100,0.0,0.0
2024-05-01 11:00:00+09:00,1472.0,1501.0,1472.0,1501.0,0,0.0,0.0
2024-05-01 12:00:00+09:00,1518.0,1518.0,1518.0,1518.0,700,0.0,0.0
2024-05-01 13:00:00+09:00,1526.0,1526.0,1526.0,1526.0,100,0.0,0.0
2024-05-01 14:00:00+09:00,1528.0,1528.0,1528.0,1528.0,100,0.0,0.0
2024-05-02 10:00:00+09:00,1512.0,1537.0,1512.0,1537.0,200,0.0,0.0
2024-05-02 11:00:00+09:00,1535.0,1535.0,1535.0,1535.0,0,0.0,0.0
2024-05-02 14:00:00+09:00,1505.0,1505.0,1496.0,1496.0,700,0.0,0.0
2024-05-07 09:00:00+09:00,1496.0,1496.0,1496.0,1496.0,600,0.0,0.0
2024-05-07 10:00:00+09:00,1499.0,1499.0,1473.0,1473.0,600,0.0,0.0
2024-05-07 11:00:00+09:00,1473.0,1473.0,1473.0,1473.0,0,0.0,0.0
2024-05-07 14:00:00+09:00,1517.0,1539.0,1517.0,1539.0,1800,0.0,0.0
2024-05-08 14:00:00+09:00,1490.0,1505.0,1490.0,1505.0,200,0.0,0.0
2024-05-09 10:00:00+09:00,1492.0,1492.0,1492.0,1492.0,100,0.0,0.0
2024-05-09 11:00:00+09:00,1492.0,1492.0,1492.0,1492.0,0,0.0,0.0
2024-05-09 13:00:00+09:00,1507.0,1507.0,1507.0,1507.0,200,0.0,0.0
2024-05-09 14:00:00+09:00,1507.0,1507.0,1507.0,1507.0,200,0.0,0.0
2024-05-10 09:00:00+09:00,1523.0,1523.0,1510.0,1522.0,300,0.0,0.0
2024-05-10 10:00:00+09:00,1512.0,1512.0,1512.0,1512.0,100,0.0,0.0
2024-05-10 11:00:00+09:00,1512.0,1512.0,1512.0,1512.0,0,0.0,0.0
2024-05-10 13:00:00+09:00,1502.0,1502.0,1500.0,1500.0,600,0.0,0.0
2024-05-10 14:00:00+09:00,1512.0,1512.0,1512.0,1512.0,100,0.0,0.0
2024-05-13 09:00:00+09:00,1442.0,1480.0,1442.0,1467.0,2200,0.0,0.0
2024-05-13 10:00:00+09:00,1467.0,1480.0,1467.0,1480.0,0,0.0,0.0
2024-05-13 11:00:00+09:00,1480.0,1480.0,1480.0,1480.0,0,0.0,0.0
2024-05-13 12:00:00+09:00,1491.0,1492.0,1491.0,1492.0,2800,0.0,0.0
2024-05-13 13:00:00+09:00,1490.0,1490.0,1490.0,1490.0,100,0.0,0.0
2024-05-13 14:00:00+09:00,1489.0,1493.0,1489.0,1493.0,400,0.0,0.0
2024-05-14 09:00:00+09:00,1492.0,1504.0,1492.0,1501.0,600,0.0,0.0
2024-05-14 11:00:00+09:00,1501.0,1501.0,1501.0,1501.0,0,0.0,0.0
2024-05-14 12:00:00+09:00,1503.0,1507.0,1503.0,1507.0,1800,0.0,0.0
2024-05-14 13:00:00+09:00,1505.0,1508.0,1505.0,1508.0,500,0.0,0.0
2024-05-14 14:00:00+09:00,1518.0,1518.0,1518.0,1518.0,200,0.0,0.0
2024-05-15 09:00:00+09:00,1421.0,1450.0,1421.0,1450.0,3700,0.0,0.0
2024-05-15 11:00:00+09:00,1469.0,1469.0,1469.0,1469.0,0,0.0,0.0
2024-05-15 12:00:00+09:00,1469.0,1469.0,1469.0,1469.0,3900,0.0,0.0
2024-05-15 14:00:00+09:00,1458.0,1458.0,1451.0,1451.0,200,0.0,0.0
2024-05-16 09:00:00+09:00,1430.0,1430.0,1366.0,1378.0,1700,0.0,0.0
2024-05-16 10:00:00+09:00,1396.0,1396.0,1393.0,1393.0,300,0.0,0.0
2024-05-16 11:00:00+09:00,1394.0,1397.0,1394.0,1397.0,0,0.0,0.0
2024-05-17 10:00:00+09:00,1427.0,1427.0,1427.0,1427.0,100,0.0,0.0
2024-05-17 11:00:00+09:00,1427.0,1427.0,1427.0,1427.0,0,0.0,0.0
2024-05-17 12:00:00+09:00,1369.0,1398.0,1369.0,1376.0,2000,0.0,0.0
2024-05-20 09:00:00+09:00,1400.0,1400.0,1400.0,1400.0,600,0.0,0.0
2024-05-20 10:00:00+09:00,1377.0,1377.0,1375.0,1375.0,300,0.0,0.0
2024-05-20 11:00:00+09:00,1345.0,1396.0,1337.0,1396.0,0,0.0,0.0
2024-05-20 13:00:00+09:00,1400.0,1400.0,1400.0,1400.0,2100,0.0,0.0
2024-05-20 14:00:00+09:00,1400.0,1400.0,1400.0,1400.0,100,0.0,0.0
2024-05-21 14:00:00+09:00,1370.0,1370.0,1370.0,1370.0,100,0.0,0.0
2024-05-23 09:00:00+09:00,1360.0,1360.0,1360.0,1360.0,200,0.0,0.0
2024-05-23 11:00:00+09:00,1390.0,1390.0,1390.0,1390.0,0,0.0,0.0
2024-05-23 13:00:00+09:00,1361.0,1361.0,1361.0,1361.0,500,0.0,0.0
2024-05-23 14:00:00+09:00,1381.0,1381.0,1364.0,1364.0,300,0.0,0.0
2024-05-24 09:00:00+09:00,1404.0,1404.0,1404.0,1404.0,100,0.0,0.0
2024-05-24 11:00:00+09:00,1404.0,1404.0,1404.0,1404.0,0,0.0,0.0
2024-05-24 14:00:00+09:00,1404.0,1404.0,1404.0,1404.0,200,0.0,0.0
2024-05-27 09:00:00+09:00,1374.0,1384.0,1350.0,1384.0,1300,0.0,0.0
2024-05-27 10:00:00+09:00,1399.0,1399.0,1399.0,1399.0,100,0.0,0.0
2024-05-27 11:00:00+09:00,1388.0,1388.0,1388.0,1388.0,0,0.0,0.0
2024-05-27 13:00:00+09:00,1399.0,1399.0,1399.0,1399.0,1600,0.0,0.0
2024-05-28 14:00:00+09:00,1400.0,1400.0,1400.0,1400.0,400,0.0,0.0
2024-05-29 10:00:00+09:00,1350.0,1361.0,1350.0,1360.0,2300,0.0,0.0
2024-05-29 11:00:00+09:00,1336.0,1336.0,1325.0,1325.0,0,0.0,0.0
2024-05-29 12:00:00+09:00,1338.0,1338.0,1338.0,1338.0,2700,0.0,0.0
2024-05-29 13:00:00+09:00,1345.0,1345.0,1345.0,1345.0,100,0.0,0.0
2024-05-29 14:00:00+09:00,1332.0,1350.0,1330.0,1350.0,4000,0.0,0.0
2024-05-30 09:00:00+09:00,1290.0,1306.0,1290.0,1306.0,600,0.0,0.0
2024-05-30 10:00:00+09:00,1293.0,1293.0,1293.0,1293.0,200,0.0,0.0
2024-05-30 11:00:00+09:00,1293.0,1293.0,1293.0,1293.0,0,0.0,0.0
2024-05-30 12:00:00+09:00,1323.0,1323.0,1293.0,1293.0,5900,0.0,0.0
2024-05-30 13:00:00+09:00,1293.0,1350.0,1293.0,1350.0,1500,0.0,0.0
2024-05-30 14:00:00+09:00,1332.0,1332.0,1332.0,1332.0,200,0.0,0.0
2024-05-31 09:00:00+09:00,1349.0,1349.0,1332.0,1332.0,200,0.0,0.0
2024-05-31 11:00:00+09:00,1348.0,1348.0,1348.0,1348.0,0,0.0,0.0
2024-05-31 12:00:00+09:00,1360.0,1389.0,1348.0,1348.0,800,0.0,0.0
2024-05-31 13:00:00+09:00,1388.0,1388.0,1354.0,1354.0,600,0.0,0.0
2024-05-31 14:00:00+09:00,1384.0,1384.0,1378.0,1378.0,500,0.0,0.0
2024-06-03 10:00:00+09:00,1378.0,1379.0,1378.0,1378.0,400,0.0,0.0
2024-06-03 11:00:00+09:00,1378.0,1378.0,1378.0,1378.0,0,0.0,0.0
2024-06-03 13:00:00+09:00,1379.0,1379.0,1349.0,1379.0,900,0.0,0.0
2024-06-03 14:00:00+09:00,1388.0,1388.0,1388.0,1388.0,100,0.0,0.0
2024-06-05 09:00:00+09:00,1345.0,1346.0,1345.0,1345.0,300,0.0,0.0
2024-06-05 11:00:00+09:00,1345.0,1345.0,1345.0,1345.0,0,0.0,0.0
2024-06-05 14:00:00+09:00,1345.0,1345.0,1345.0,1345.0,400,0.0,0.0
2024-06-06 09:00:00+09:00,1345.0,1353.0,1345.0,1353.0,300,0.0,0.0
2024-06-06 11:00:00+09:00,1365.0,1365.0,1351.0,1351.0,0,0.0,0.0
2024-06-06 13:00:00+09:00,1368.0,1368.0,1368.0,1368.0,700,0.0,0.0
2024-06-07 09:00:00+09:00,1338.0,1382.0,1338.0,1382.0,1400,0.0,0.0
2024-06-07 11:00:00+09:00,1372.0,1372.0,1372.0,1372.0,0,0.0,0.0
2024-06-07 14:00:00+09:00,1377.0,1377.0,1377.0,1377.0,2200,0.0,0.0
2024-06-10 09:00:00+09:00,1332.0,1332.0,1332.0,1332.0,100,0.0,0.0
2024-06-10 10:00:00+09:00,1351.0,1351.0,1351.0,1351.0,1000,0.0,0.0
2024-06-10 11:00:00+09:00,1351.0,1351.0,1351.0,1351.0,0,0.0,0.0
2024-06-10 12:00:00+09:00,1351.0,1351.0,1351.0,1351.0,1400,0.0,0.0
2024-06-10 13:00:00+09:00,1368.0,1376.0,1368.0,1376.0,200,0.0,0.0
2024-06-11 09:00:00+09:00,1351.0,1466.0,1351.0,1386.0,4400,0.0,0.0
2024-06-11 10:00:00+09:00,1381.0,1381.0,1365.0,1365.0,500,0.0,0.0
2024-06-11 11:00:00+09:00,1381.0,1381.0,1381.0,1381.0,0,0.0,0.0
2024-06-11 13:00:00+09:00,1381.0,1400.0,1381.0,1400.0,5600,0.0,0.0
2024-06-12 12:00:00+09:00,1372.0,1372.0,1372.0,1372.0,100,0.0,0.0
2024-06-13 11:00:00+09:00,1361.0,1361.0,1330.0,1330.0,100,0.0,0.0
2024-06-13 13:00:00+09:00,1335.0,1344.0,1335.0,1344.0,2300,0.0,0.0
2024-06-14 09:00:00+09:00,1341.0,1353.0,1341.0,1353.0,500,0.0,0.0
2024-06-14 10:00:00+09:00,1345.0,1350.0,1345.0,1350.0,1700,0.0,0.0
2024-06-14 11:00:00+09:00,1355.0,1390.0,1355.0,1390.0,0,0.0,0.0
2024-06-14 14:00:00+09:00,1360.0,1360.0,1360.0,1360.0,2700,0.0,0.0
2024-06-17 11:00:00+09:00,1360.0,1360.0,1360.0,1360.0,100,0.0,0.0
2024-06-17 12:00:00+09:00,1340.0,1340.0,1340.0,1340.0,500,0.0,0.0
2024-06-17 13:00:00+09:00,1360.0,1360.0,1360.0,1360.0,100,0.0,0.0
2024-06-17 14:00:00+09:00,1360.0,1361.0,1350.0,1350.0,600,0.0,0.0
2024-06-18 13:00:00+09:00,1375.0,1375.0,1375.0,1375.0,100,0.0,0.0
2024-06-18 14:00:00+09:00,1398.0,1398.0,1368.0,1397.0,400,0.0,0.0
2024-06-19 09:00:00+09:00,1400.0,1421.0,1400.0,1400.0,600,0.0,0.0
2024-06-19 11:00:00+09:00,1400.0,1400.0,1400.0,1400.0,0,0.0,0.0
2024-06-19 14:00:00+09:00,1400.0,1405.0,1400.0,1405.0,900,0.0,0.0
2024-06-20 09:00:00+09:00,1389.0,1389.0,1382.0,1382.0,800,0.0,0.0
2024-06-20 10:00:00+09:00,1382.0,1382.0,1382.0,1382.0,0,0.0,0.0
2024-06-20 11:00:00+09:00,1395.0,1395.0,1395.0,1395.0,0,0.0,0.0
2024-06-20 12:00:00+09:00,1424.0,1424.0,1424.0,1424.0,1200,0.0,0.0
2024-06-20 13:00:00+09:00,1403.0,1403.0,1403.0,1403.0,100,0.0,0.0
2024-06-24 09:00:00+09:00,1430.0,1430.0,1396.0,1396.0,300,0.0,0.0
2024-06-24 11:00:00+09:00,1396.0,1396.0,1396.0,1396.0,0,0.0,0.0
2024-06-24 12:00:00+09:00,1396.0,1396.0,1396.0,1396.0,500,0.0,0.0
2024-06-24 13:00:00+09:00,1375.0,1400.0,1375.0,1400.0,400,0.0,0.0
2024-06-24 14:00:00+09:00,1400.0,1400.0,1400.0,1400.0,100,0.0,0.0
2024-06-25 09:00:00+09:00,1400.0,1400.0,1400.0,1400.0,100,0.0,0.0
2024-06-25 11:00:00+09:00,1400.0,1400.0,1400.0,1400.0,0,0.0,0.0
2024-06-26 09:00:00+09:00,1400.0,1400.0,1400.0,1400.0,0,0.0,0.0
2024-06-26 11:00:00+09:00,1400.0,1400.0,1400.0,1400.0,0,0.0,0.0
2024-06-26 12:00:00+09:00,1399.0,1406.0,1399.0,1406.0,300,0.0,0.0
2024-06-26 14:00:00+09:00,1414.0,1414.0,1414.0,1414.0,100,0.0,0.0
2024-06-27 09:00:00+09:00,1414.0,1430.0,1414.0,1430.0,200,0.0,0.0
2024-06-27 10:00:00+09:00,1439.0,1439.0,1439.0,1439.0,200,0.0,0.0
2024-06-27 11:00:00+09:00,1439.0,1439.0,1439.0,1439.0,0,0.0,0.0
2024-06-27 14:00:00+09:00,1439.0,1439.0,1439.0,1439.0,1000,0.0,0.0
2024-06-28 09:00:00+09:00,1439.0,1439.0,1439.0,1439.0,1000,0.0,0.0
2024-06-28 10:00:00+09:00,1439.0,1439.0,1439.0,1439.0,200,0.0,0.0
2024-06-28 11:00:00+09:00,1439.0,1439.0,1439.0,1439.0,0,0.0,0.0
2024-07-02 09:00:00+09:00,1435.0,1435.0,1434.0,1434.0,300,0.0,0.0
2024-07-02 10:00:00+09:00,1434.0,1434.0,1434.0,1434.0,200,0.0,0.0
2024-07-02 11:00:00+09:00,1434.0,1434.0,1434.0,1434.0,0,0.0,0.0
2024-07-03 09:00:00+09:00,1405.0,1432.0,1405.0,1432.0,300,0.0,0.0
2024-07-03 10:00:00+09:00,1431.0,1431.0,1431.0,1431.0,200,0.0,0.0
2024-07-03 11:00:00+09:00,1431.0,1431.0,1431.0,1431.0,0,0.0,0.0
2024-07-03 12:00:00+09:00,1401.0,1401.0,1401.0,1401.0,700,0.0,0.0
2024-07-04 09:00:00+09:00,1396.0,1396.0,1396.0,1396.0,5000,0.0,0.0
2024-07-04 11:00:00+09:00,1396.0,1396.0,1396.0,1396.0,0,0.0,0.0
2024-07-04 13:00:00+09:00,1400.0,1400.0,1400.0,1400.0,6100,0.0,0.0
2024-07-08 13:00:00+09:00,1396.0,1424.0,1396.0,1424.0,200,0.0,0.0
2024-07-09 13:00:00+09:00,1394.0,1405.0,1392.0,1405.0,600,0.0,0.0
2024-07-09 14:00:00+09:00,1405.0,1405.0,1405.0,1405.0,100,0.0,0.0
2024-07-10 09:00:00+09:00,1375.0,1380.0,1375.0,1380.0,1100,0.0,0.0
2024-07-10 10:00:00+09:00,1376.0,1376.0,1376.0,1376.0,300,0.0,0.0
2024-07-10 11:00:00+09:00,1380.0,1380.0,1380.0,1380.0,0,0.0,0.0
2024-07-10 12:00:00+09:00,1379.0,1379.0,1369.0,1369.0,1700,0.0,0.0
2024-07-11 09:00:00+09:00,1347.0,1347.0,1347.0,1347.0,100,0.0,0.0
2024-07-11 11:00:00+09:00,1347.0,1347.0,1347.0,1347.0,0,0.0,0.0
2024-07-11 12:00:00+09:00,1358.0,1358.0,1348.0,1348.0,300,0.0,0.0
2024-07-11 13:00:00+09:00,1361.0,1361.0,1361.0,1361.0,100,0.0,0.0
2024-07-11 14:00:00+09:00,1375.0,1399.0,1375.0,1399.0,200,0.0,0.0
2024-07-12 10:00:00+09:00,1356.0,1385.0,1356.0,1385.0,300,0.0,0.0
2024-07-12 11:00:00+09:00,1385.0,1385.0,1385.0,1385.0,0,0.0,0.0
2024-07-12 12:00:00+09:00,1373.0,1373.0,1373.0,1373.0,500,0.0,0.0
2024-07-16 09:00:00+09:00,1400.0,1409.0,1400.0,1409.0,500,0.0,0.0
2024-07-16 11:00:00+09:00,1407.0,1407.0,1407.0,1407.0,0,0.0,0.0
2024-07-16 13:00:00+09:00,1408.0,1408.0,1400.0,1400.0,900,0.0,0.0
2024-07-17 10:00:00+09:00,1410.0,1420.0,1410.0,1420.0,200,0.0,0.0
2024-07-17 11:00:00+09:00,1420.0,1420.0,1420.0,1420.0,0,0.0,0.0
2024-07-17 13:00:00+09:00,1410.0,1410.0,1410.0,1410.0,300,0.0,0.0
2024-07-17 14:00:00+09:00,1410.0,1410.0,1410.0,1410.0,100,0.0,0.0
2024-07-18 09:00:00+09:00,1402.0,1402.0,1402.0,1402.0,100,0.0,0.0
2024-07-18 11:00:00+09:00,1402.0,1402.0,1402.0,1402.0,0,0.0,0.0
2024-07-18 12:00:00+09:00,1406.0,1407.0,1406.0,1407.0,300,0.0,0.0
2024-07-18 13:00:00+09:00,1424.0,1424.0,1424.0,1424.0,100,0.0,0.0
2024-07-18 14:00:00+09:00,1420.0,1420.0,1420.0,1420.0,100,0.0,0.0
2024-07-19 13:00:00+09:00,1380.0,1409.0,1380.0,1409.0,1100,0.0,0.0
2024-07-22 09:00:00+09:00,1409.0,1409.0,1409.0,1409.0,1300,0.0,0.0
2024-07-22 11:00:00+09:00,1408.0,1408.0,1408.0,1408.0,0,0.0,0.0
2024-07-22 12:00:00+09:00,1408.0,1408.0,1408.0,1408.0,1500,0.0,0.0
2024-07-22 14:00:00+09:00,1408.0,1408.0,1405.0,1405.0,200,0.0,0.0
2024-07-24 09:00:00+09:00,1409.0,1409.0,1409.0,1409.0,100,0.0,0.0
2024-07-24 10:00:00+09:00,1409.0,1409.0,1409.0,1409.0,100,0.0,0.0
2024-07-24 11:00:00+09:00,1409.0,1427.0,1409.0,1427.0,0,0.0,0.0
2024-07-24 12:00:00+09:00,1428.0,1428.0,1428.0,1428.0,700,0.0,0.0
2024-07-24 14:00:00+09:00,1409.0,1409.0,1409.0,1409.0,100,0.0,0.0
2024-07-25 10:00:00+09:00,1409.0,1409.0,1409.0,1409.0,200,0.0,0.0
2024-07-25 11:00:00+09:00,1409.0,1409.0,1409.0,1409.0,0,0.0,0.0
2024-07-26 09:00:00+09:00,1409.0,1409.0,1409.0,1409.0,900,0.0,0.0
2024-07-26 11:00:00+09:00,1409.0,1409.0,1409.0,1409.0,0,0.0,0.0
2024-07-26 13:00:00+09:00,1379.0,1379.0,1379.0,1379.0,1000,0.0,0.0
2024-07-26 14:00:00+09:00,1389.0,1400.0,1389.0,1400.0,400,0.0,0.0
2024-07-29 09:00:00+09:00,1349.0,1399.0,1349.0,1355.0,2400,0.0,0.0
2024-07-29 10:00:00+09:00,1377.0,1408.0,1377.0,1408.0,700,0.0,0.0
2024-07-29 11:00:00+09:00,1408.0,1408.0,1408.0,1408.0,0,0.0,0.0
2024-07-29 14:00:00+09:00,1404.0,1404.0,1404.0,1404.0,3200,0.0,0.0
2024-07-30 09:00:00+09:00,1364.0,1365.0,1364.0,1365.0,700,0.0,0.0
2024-07-30 11:00:00+09:00,1365.0,1365.0,1365.0,1365.0,0,0.0,0.0
2024-07-30 13:00:00+09:00,1366.0,1366.0,1365.0,1366.0,1100,0.0,0.0
2024-07-30 14:00:00+09:00,1364.0,1364.0,1364.0,1364.0,100,0.0,0.0
2024-07-31 09:00:00+09:00,1408.0,1417.0,1408.0,1417.0,1400,0.0,0.0
2024-07-31 11:00:00+09:00,1417.0,1417.0,1417.0,1417.0,0,0.0,0.0
2024-07-31 14:00:00+09:00,1388.0,1388.0,1388.0,1388.0,1500,0.0,0.0
2024-08-02 11:00:00+09:00,1324.0,1324.0,1324.0,1324.0,100,0.0,0.0
2024-08-02 12:00:00+09:00,1325.0,1325.0,1325.0,1325.0,200,0.0,0.0
2024-08-02 13:00:00+09:00,1325.0,1335.0,1325.0,1335.0,400,0.0,0.0
2024-08-02 14:00:00+09:00,1343.0,1343.0,1260.0,1260.0,1600,0.0,0.0
2024-08-05 09:00:00+09:00,1211.0,1241.0,1060.0,1060.0,4500,0.0,0.0
2024-08-05 10:00:00+09:00,1055.0,1086.0,1050.0,1086.0,3600,0.0,0.0
2024-08-05 11:00:00+09:00,1085.0,1106.0,1085.0,1106.0,0,0.0,0.0
2024-08-05 12:00:00+09:00,1106.0,1131.0,1091.0,1111.0,9800,0.0,0.0
2024-08-05 13:00:00+09:00,1103.0,1103.0,1070.0,1070.0,1100,0.0,0.0
2024-08-05 14:00:00+09:00,1010.0,1156.0,1005.0,1126.0,1800,0.0,0.0
2024-08-06 09:00:00+09:00,1120.0,1120.0,1029.0,1080.0,1600,0.0,0.0
2024-08-06 10:00:00+09:00,1110.0,1110.0,1003.0,1010.0,7400,0.0,0.0
2024-08-06 11:00:00+09:00,1007.0,1032.0,1005.0,1015.0,0,0.0,0.0
2024-08-06 12:00:00+09:00,1015.0,1030.0,1015.0,1030.0,11300,0.0,0.0
2024-08-06 13:00:00+09:00,1040.0,1040.0,1038.0,1038.0,300,0.0,0.0
2024-08-06 14:00:00+09:00,1031.0,1031.0,1016.0,1030.0,1100,0.0,0.0
2024-08-07 09:00:00+09:00,1006.0,1048.0,996.0,1048.0,3800,0.0,0.0
2024-08-07 10:00:00+09:00,1048.0,1055.0,1048.0,1055.0,700,0.0,0.0
2024-08-07 11:00:00+09:00,1055.0,1074.0,1055.0,1074.0,0,0.0,0.0
2024-08-07 12:00:00+09:00,1050.0,1050.0,1050.0,1050.0,5200,0.0,0.0
2024-08-07 13:00:00+09:00,1089.0,1100.0,1089.0,1100.0,600,0.0,0.0
2024-08-08 09:00:00+09:00,1081.0,1081.0,1040.0,1040.0,500,0.0,0.0
2024-08-08 11:00:00+09:00,1040.0,1040.0,1040.0,1040.0,0,0.0,0.0
2024-08-08 12:00:00+09:00,1069.0,1070.0,1069.0,1070.0,700,0.0,0.0
2024-08-08 14:00:00+09:00,1099.0,1100.0,1099.0,1100.0,200,0.0,0.0
2024-08-09 09:00:00+09:00,1100.0,1114.0,1100.0,1114.0,200,0.0,0.0
2024-08-09 10:00:00+09:00,1114.0,1114.0,1110.0,1110.0,600,0.0,0.0
2024-08-09 11:00:00+09:00,1110.0,1110.0,1110.0,1110.0,0,0.0,0.0
2024-08-09 12:00:00+09:00,1110.0,1110.0,1110.0,1110.0,1000,0.0,0.0
2024-08-09 13:00:00+09:00,1113.0,1113.0,1113.0,1113.0,100,0.0,0.0
2024-08-09 14:00:00+09:00,1111.0,1114.0,1111.0,1114.0,300,0.0,0.0
