Datetime,Open,High,Low,Close,Volume,Dividends,Stock Splits
2022-07-07 09:00:00+09:00,2259.0,2259.0,2259.0,2259.0,0,0.0,0.0
2022-07-07 10:00:00+09:00,2245.0,2245.0,2213.0,2213.0,500,0.0,0.0
2022-07-07 11:00:00+09:00,2213.0,2213.0,2213.0,2213.0,0,0.0,0.0
2022-07-08 09:00:00+09:00,2213.0,2213.0,2213.0,2213.0,1800,0.0,0.0
2022-07-08 11:00:00+09:00,2241.0,2241.0,2215.0,2215.0,0,0.0,0.0
2022-07-08 14:00:00+09:00,2242.0,2243.0,2242.0,2243.0,2200,0.0,0.0
2022-07-12 10:00:00+09:00,2232.0,2232.0,2232.0,2232.0,500,0.0,0.0
2022-07-12 11:00:00+09:00,2232.0,2232.0,2232.0,2232.0,0,0.0,0.0
2022-07-12 13:00:00+09:00,2231.0,2231.0,2231.0,2231.0,600,0.0,0.0
2022-07-13 10:00:00+09:00,2272.0,2272.0,2272.0,2272.0,200,0.0,0.0
2022-07-13 11:00:00+09:00,2270.0,2270.0,2236.0,2236.0,0,0.0,0.0
2022-07-14 09:00:00+09:00,2237.0,2237.0,2237.0,2237.0,100,0.0,0.0
2022-07-14 11:00:00+09:00,2237.0,2237.0,2237.0,2237.0,0,0.0,0.0
2022-07-15 13:00:00+09:00,2268.0,2268.0,2268.0,2268.0,200,0.0,0.0
2022-07-20 10:00:00+09:00,2278.0,2278.0,2268.0,2268.0,300,0.0,0.0
2022-07-20 11:00:00+09:00,2268.0,2268.0,2268.0,2268.0,0,0.0,0.0
2022-07-20 12:00:00+09:00,2268.0,2268.0,2268.0,2268.0,400,0.0,0.0
2022-07-20 13:00:00+09:00,2257.0,2257.0,2257.0,2257.0,100,0.0,0.0
2022-07-21 10:00:00+09:00,2264.0,2264.0,2264.0,2264.0,100,0.0,0.0
2022-07-21 11:00:00+09:00,2272.0,2273.0,2272.0,2273.0,0,0.0,0.0
2022-07-21 14:00:00+09:00,2269.0,2273.0,2261.0,2261.0,700,0.0,0.0
2022-07-22 10:00:00+09:00,2266.0,2266.0,2266.0,2266.0,100,0.0,0.0
2022-07-22 11:00:00+09:00,2266.0,2266.0,2266.0,2266.0,0,0.0,0.0
2022-07-22 12:00:00+09:00,2266.0,2266.0,2264.0,2264.0,1400,0.0,0.0
2022-07-25 09:00:00+09:00,2252.0,2258.0,2252.0,2257.0,300,0.0,0.0
2022-07-25 11:00:00+09:00,2257.0,2257.0,2257.0,2257.0,0,0.0,0.0
2022-07-25 13:00:00+09:00,2273.0,2277.0,2265.0,2265.0,800,0.0,0.0
2022-07-26 09:00:00+09:00,2264.0,2277.0,2264.0,2277.0,3200,0.0,0.0
2022-07-26 10:00:00+09:00,2277.0,2279.0,2271.0,2271.0,300,0.0,0.0
2022-07-26 11:00:00+09:00,2273.0,2273.0,2273.0,2273.0,0,0.0,0.0
2022-07-26 12:00:00+09:00,2283.0,2283.0,2273.0,2273.0,3800,0.0,0.0
2022-07-26 13:00:00+09:00,2284.0,2284.0,2271.0,2271.0,500,0.0,0.0
2022-07-26 14:00:00+09:00,2292.0,2300.0,2282.0,2300.0,300,0.0,0.0
2022-07-29 09:00:00+09:00,2300.0,2300.0,2300.0,2300.0,100,0.0,0.0
2022-07-29 10:00:00+09:00,2300.0,2300.0,2299.0,2300.0,400,0.0,0.0
2022-07-29 11:00:00+09:00,2300.0,2300.0,2300.0,2300.0,0,0.0,0.0
2022-07-29 13:00:00+09:00,2300.0,2310.0,2300.0,2300.0,1400,0.0,0.0
2022-07-29 14:00:00+09:00,2297.0,2300.0,2297.0,2300.0,300,0.0,0.0
2022-08-01 09:00:00+09:00,2300.0,2300.0,2300.0,2300.0,100,0.0,0.0
2022-08-01 11:00:00+09:00,2300.0,2300.0,2300.0,2300.0,0,0.0,0.0
2022-08-01 14:00:00+09:00,2270.0,2270.0,2260.0,2260.0,1200,0.0,0.0
2022-08-02 09:00:00+09:00,2260.0,2260.0,2240.0,2240.0,1000,0.0,0.0
2022-08-02 10:00:00+09:00,2240.0,2240.0,2240.0,2240.0,500,0.0,0.0
2022-08-02 11:00:00+09:00,2240.0,2240.0,2240.0,2240.0,0,0.0,0.0
2022-08-02 12:00:00+09:00,2240.0,2240.0,2240.0,2240.0,2000,0.0,0.0
2022-08-03 09:00:00+09:00,2229.0,2229.0,2196.0,2196.0,1000,0.0,0.0
2022-08-03 10:00:00+09:00,2200.0,2261.0,2200.0,2261.0,400,0.0,0.0
2022-08-03 11:00:00+09:00,2223.0,2223.0,2223.0,2223.0,0,0.0,0.0
2022-08-04 12:00:00+09:00,2229.0,2229.0,2229.0,2229.0,100,0.0,0.0
2022-08-05 09:00:00+09:00,2229.0,2269.0,2229.0,2229.0,500,0.0,0.0
2022-08-05 10:00:00+09:00,2235.0,2235.0,2231.0,2231.0,200,0.0,0.0
2022-08-05 11:00:00+09:00,2231.0,2231.0,2231.0,2231.0,0,0.0,0.0
2022-08-05 14:00:00+09:00,2234.0,2234.0,2234.0,2234.0,800,0.0,0.0
2022-08-08 09:00:00+09:00,2234.0,2234.0,2234.0,2234.0,800,0.0,0.0
2022-08-08 11:00:00+09:00,2234.0,2234.0,2234.0,2234.0,0,0.0,0.0
2022-08-08 13:00:00+09:00,2229.0,2229.0,2229.0,2229.0,900,0.0,0.0
2022-08-08 14:00:00+09:00,2244.0,2252.0,2234.0,2252.0,300,0.0,0.0
2022-08-09 09:00:00+09:00,2202.0,2208.0,2202.0,2208.0,600,0.0,0.0
2022-08-09 11:00:00+09:00,2208.0,2208.0,2208.0,2208.0,0,0.0,0.0
2022-08-09 12:00:00+09:00,2208.0,2230.0,2208.0,2230.0,800,0.0,0.0
2022-08-10 13:00:00+09:00,2222.0,2222.0,2222.0,2222.0,100,0.0,0.0
2022-08-12 09:00:00+09:00,2249.0,2249.0,2228.0,2228.0,1000,0.0,0.0
2022-08-12 11:00:00+09:00,2228.0,2228.0,2228.0,2228.0,0,0.0,0.0
2022-08-15 09:00:00+09:00,2229.0,2229.0,2228.0,2228.0,200,0.0,0.0
2022-08-15 10:00:00+09:00,2230.0,2230.0,2228.0,2228.0,200,0.0,0.0
2022-08-15 11:00:00+09:00,2228.0,2228.0,2228.0,2228.0,0,0.0,0.0
2022-08-15 13:00:00+09:00,2261.0,2262.0,2236.0,2239.0,1100,0.0,0.0
2022-08-16 09:00:00+09:00,2230.0,2230.0,2230.0,2230.0,100,0.0,0.0
2022-08-16 11:00:00+09:00,2230.0,2230.0,2230.0,2230.0,0,0.0,0.0
2022-08-16 13:00:00+09:00,2230.0,2230.0,2230.0,2230.0,200,0.0,0.0
2022-08-17 09:00:00+09:00,2229.0,2250.0,2228.0,2250.0,2400,0.0,0.0
2022-08-17 10:00:00+09:00,2230.0,2230.0,2230.0,2230.0,100,0.0,0.0
2022-08-17 11:00:00+09:00,2230.0,2230.0,2230.0,2230.0,0,0.0,0.0
2022-08-17 14:00:00+09:00,2231.0,2231.0,2230.0,2230.0,2700,0.0,0.0
2022-08-18 09:00:00+09:00,2255.0,2255.0,2255.0,2255.0,100,0.0,0.0
2022-08-18 11:00:00+09:00,2255.0,2255.0,2255.0,2255.0,0,0.0,0.0
2022-08-19 11:00:00+09:00,2250.0,2250.0,2250.0,2250.0,100,0.0,0.0
2022-08-19 13:00:00+09:00,2255.0,2258.0,2255.0,2258.0,400,0.0,0.0
2022-08-22 09:00:00+09:00,2230.0,2230.0,2229.0,2229.0,400,0.0,0.0
2022-08-22 10:00:00+09:00,2247.0,2247.0,2247.0,2247.0,100,0.0,0.0
2022-08-22 11:00:00+09:00,2225.0,2225.0,2225.0,2225.0,0,0.0,0.0
2022-08-23 09:00:00+09:00,2225.0,2225.0,2223.0,2223.0,200,0.0,0.0
2022-08-23 11:00:00+09:00,2223.0,2223.0,2223.0,2223.0,0,0.0,0.0
2022-08-23 12:00:00+09:00,2222.0,2222.0,2222.0,2222.0,500,0.0,0.0
2022-08-23 14:00:00+09:00,2225.0,2225.0,2225.0,2225.0,100,0.0,0.0
2022-08-24 10:00:00+09:00,2220.0,2220.0,2220.0,2220.0,200,0.0,0.0
2022-08-24 11:00:00+09:00,2220.0,2220.0,2220.0,2220.0,0,0.0,0.0
2022-08-25 09:00:00+09:00,2223.0,2239.0,2223.0,2239.0,200,0.0,0.0
2022-08-25 11:00:00+09:00,2239.0,2239.0,2239.0,2239.0,0,0.0,0.0
2022-08-25 14:00:00+09:00,2238.0,2238.0,2227.0,2227.0,400,0.0,0.0
2022-08-26 09:00:00+09:00,2240.0,2240.0,2240.0,2240.0,500,0.0,0.0
2022-08-26 11:00:00+09:00,2240.0,2240.0,2240.0,2240.0,0,0.0,0.0
2022-08-29 09:00:00+09:00,2221.0,2230.0,2214.0,2214.0,500,0.0,0.0
2022-08-29 11:00:00+09:00,2214.0,2214.0,2214.0,2214.0,0,0.0,0.0
2022-08-29 12:00:00+09:00,2212.0,2212.0,2212.0,2212.0,600,0.0,0.0
2022-08-30 09:00:00+09:00,2212.0,2212.0,2212.0,2212.0,100,0.0,0.0
2022-08-30 11:00:00+09:00,2212.0,2212.0,2212.0,2212.0,0,0.0,0.0
2022-08-30 14:00:00+09:00,2216.0,2216.0,2212.0,2212.0,400,0.0,0.0
2022-08-31 09:00:00+09:00,2212.0,2212.0,2212.0,2212.0,100,0.0,0.0
2022-08-31 11:00:00+09:00,2212.0,2212.0,2212.0,2212.0,0,0.0,0.0
2022-08-31 14:00:00+09:00,2213.0,2213.0,2213.0,2213.0,200,0.0,0.0
2022-09-01 11:00:00+09:00,2212.0,2244.0,2212.0,2212.0,400,0.0,0.0
2022-09-01 14:00:00+09:00,2212.0,2229.0,2212.0,2229.0,1900,0.0,0.0
2022-09-02 09:00:00+09:00,2229.0,2229.0,2227.0,2227.0,1300,0.0,0.0
2022-09-02 10:00:00+09:00,2225.0,2225.0,2225.0,2225.0,100,0.0,0.0
2022-09-02 11:00:00+09:00,2226.0,2226.0,2226.0,2226.0,0,0.0,0.0
2022-09-05 09:00:00+09:00,2210.0,2210.0,2202.0,2202.0,300,0.0,0.0
2022-09-05 11:00:00+09:00,2202.0,2202.0,2202.0,2202.0,0,0.0,0.0
2022-09-05 13:00:00+09:00,2210.0,2210.0,2210.0,2210.0,600,0.0,0.0
2022-09-07 09:00:00+09:00,2203.0,2203.0,2203.0,2203.0,100,0.0,0.0
2022-09-07 11:00:00+09:00,2203.0,2203.0,2203.0,2203.0,0,0.0,0.0
2022-09-08 09:00:00+09:00,2199.0,2199.0,2199.0,2199.0,600,0.0,0.0
2022-09-08 10:00:00+09:00,2199.0,2199.0,2193.0,2193.0,200,0.0,0.0
2022-09-08 11:00:00+09:00,2193.0,2193.0,2193.0,2193.0,0,0.0,0.0
2022-09-08 13:00:00+09:00,2192.0,2192.0,2192.0,2192.0,900,0.0,0.0
2022-09-08 14:00:00+09:00,2198.0,2198.0,2198.0,2198.0,200,0.0,0.0
2022-09-09 09:00:00+09:00,2191.0,2191.0,2191.0,2191.0,200,0.0,0.0
2022-09-09 10:00:00+09:00,2190.0,2190.0,2190.0,2190.0,300,0.0,0.0
2022-09-09 11:00:00+09:00,2190.0,2190.0,2190.0,2190.0,0,0.0,0.0
2022-09-09 13:00:00+09:00,2190.0,2190.0,2190.0,2190.0,700,0.0,0.0
2022-09-12 09:00:00+09:00,2191.0,2191.0,2191.0,2191.0,100,0.0,0.0
2022-09-12 11:00:00+09:00,2191.0,2191.0,2191.0,2191.0,0,0.0,0.0
2022-09-12 12:00:00+09:00,2200.0,2200.0,2191.0,2191.0,400,0.0,0.0
2022-09-13 09:00:00+09:00,2191.0,2191.0,2191.0,2191.0,100,0.0,0.0
2022-09-13 11:00:00+09:00,2193.0,2193.0,2193.0,2193.0,0,0.0,0.0
2022-09-13 13:00:00+09:00,2200.0,2200.0,2192.0,2192.0,500,0.0,0.0
2022-09-14 09:00:00+09:00,2200.0,2200.0,2192.0,2192.0,300,0.0,0.0
2022-09-14 10:00:00+09:00,2190.0,2190.0,2190.0,2190.0,200,0.0,0.0
2022-09-14 11:00:00+09:00,2190.0,2190.0,2190.0,2190.0,0,0.0,0.0
2022-09-15 09:00:00+09:00,2205.0,2205.0,2205.0,2205.0,200,0.0,0.0
2022-09-15 11:00:00+09:00,2205.0,2205.0,2205.0,2205.0,0,0.0,0.0
2022-09-15 13:00:00+09:00,2205.0,2205.0,2205.0,2205.0,300,0.0,0.0
2022-09-15 14:00:00+09:00,2205.0,2205.0,2205.0,2205.0,100,0.0,0.0
2022-09-16 09:00:00+09:00,2214.0,2214.0,2205.0,2205.0,400,0.0,0.0
2022-09-16 11:00:00+09:00,2205.0,2205.0,2205.0,2205.0,0,0.0,0.0
2022-09-16 12:00:00+09:00,2214.0,2214.0,2214.0,2214.0,500,0.0,0.0
2022-09-20 09:00:00+09:00,2205.0,2205.0,2205.0,2205.0,400,0.0,0.0
2022-09-20 11:00:00+09:00,2205.0,2205.0,2205.0,2205.0,0,0.0,0.0
2022-09-20 12:00:00+09:00,2205.0,2205.0,2205.0,2205.0,500,0.0,0.0
2022-09-20 13:00:00+09:00,2218.0,2218.0,2218.0,2218.0,100,0.0,0.0
2022-09-20 14:00:00+09:00,2213.0,2219.0,2213.0,2219.0,200,0.0,0.0
2022-09-21 09:00:00+09:00,2200.0,2200.0,2200.0,2200.0,3300,0.0,0.0
2022-09-21 10:00:00+09:00,2196.0,2200.0,2196.0,2200.0,600,0.0,0.0
2022-09-21 11:00:00+09:00,2200.0,2200.0,2200.0,2200.0,0,0.0,0.0
2022-09-22 09:00:00+09:00,2191.0,2192.0,2189.0,2189.0,800,0.0,0.0
2022-09-22 11:00:00+09:00,2189.0,2189.0,2189.0,2189.0,0,0.0,0.0
2022-09-22 14:00:00+09:00,2217.0,2217.0,2217.0,2217.0,900,0.0,0.0
2022-09-26 09:00:00+09:00,2220.0,2220.0,2190.0,2190.0,800,0.0,0.0
2022-09-26 11:00:00+09:00,2190.0,2190.0,2190.0,2190.0,0,0.0,0.0
2022-09-26 12:00:00+09:00,2190.0,2190.0,2190.0,2190.0,900,0.0,0.0
2022-09-26 13:00:00+09:00,2175.0,2175.0,2166.0,2166.0,400,0.0,0.0
2022-09-26 14:00:00+09:00,2216.0,2220.0,2210.0,2210.0,300,0.0,0.0
2022-09-27 14:00:00+09:00,2215.0,2215.0,2215.0,2215.0,100,0.0,0.0
2022-09-28 11:00:00+09:00,2200.0,2200.0,2200.0,2200.0,100,0.0,0.0
2022-09-28 14:00:00+09:00,2185.0,2185.0,2185.0,2185.0,200,0.0,0.0
2022-09-29 12:00:00+09:00,2185.0,2185.0,2185.0,2185.0,300,0.0,0.0
2022-09-29 14:00:00+09:00,2185.0,2185.0,2185.0,2185.0,100,0.0,0.0
2022-09-30 09:00:00+09:00,2165.0,2165.0,2156.0,2156.0,300,0.0,0.0
2022-09-30 11:00:00+09:00,2156.0,2156.0,2156.0,2156.0,0,0.0,0.0
2022-10-03 09:00:00+09:00,2155.0,2155.0,2155.0,2155.0,3000,0.0,0.0
2022-10-03 11:00:00+09:00,2155.0,2155.0,2155.0,2155.0,0,0.0,0.0
2022-10-03 12:00:00+09:00,2155.0,2155.0,2155.0,2155.0,3100,0.0,0.0
2022-10-04 09:00:00+09:00,2197.0,2197.0,2156.0,2156.0,400,0.0,0.0
2022-10-04 11:00:00+09:00,2156.0,2156.0,2156.0,2156.0,0,0.0,0.0
2022-10-05 09:00:00+09:00,2156.0,2156.0,2156.0,2156.0,800,0.0,0.0
2022-10-05 11:00:00+09:00,2156.0,2156.0,2156.0,2156.0,0,0.0,0.0
2022-10-06 10:00:00+09:00,2161.0,2161.0,2161.0,2161.0,200,0.0,0.0
2022-10-06 11:00:00+09:00,2161.0,2161.0,2161.0,2161.0,0,0.0,0.0
2022-10-06 12:00:00+09:00,2161.0,2161.0,2161.0,2161.0,500,0.0,0.0
2022-10-11 12:00:00+09:00,2180.0,2180.0,2180.0,2180.0,100,0.0,0.0
2022-10-12 14:00:00+09:00,2170.0,2170.0,2170.0,2170.0,100,0.0,0.0
2022-10-13 09:00:00+09:00,2160.0,2160.0,2160.0,2160.0,300,0.0,0.0
2022-10-13 10:00:00+09:00,2155.0,2155.0,2153.0,2153.0,200,0.0,0.0
2022-10-13 11:00:00+09:00,2153.0,2153.0,2153.0,2153.0,0,0.0,0.0
2022-10-13 12:00:00+09:00,2160.0,2160.0,2160.0,2160.0,700,0.0,0.0
2022-10-14 09:00:00+09:00,2160.0,2160.0,2160.0,2160.0,100,0.0,0.0
2022-10-14 11:00:00+09:00,2160.0,2160.0,2160.0,2160.0,0,0.0,0.0
2022-10-17 09:00:00+09:00,2151.0,2151.0,2151.0,2151.0,1700,0.0,0.0
2022-10-17 11:00:00+09:00,2151.0,2151.0,2151.0,2151.0,0,0.0,0.0
2022-10-18 09:00:00+09:00,2151.0,2151.0,2149.0,2149.0,900,0.0,0.0
2022-10-18 10:00:00+09:00,2149.0,2149.0,2149.0,2149.0,200,0.0,0.0
2022-10-18 11:00:00+09:00,2149.0,2149.0,2149.0,2149.0,0,0.0,0.0
2022-10-19 13:00:00+09:00,2151.0,2151.0,2151.0,2151.0,100,0.0,0.0
2022-10-19 14:00:00+09:00,2151.0,2151.0,2150.0,2150.0,300,0.0,0.0
2022-10-20 09:00:00+09:00,2147.0,2155.0,2140.0,2155.0,0,0.0,0.0
2022-10-20 11:00:00+09:00,2140.0,2140.0,2140.0,2140.0,0,0.0,0.0
2022-10-20 14:00:00+09:00,2140.0,2140.0,2140.0,2140.0,1000,0.0,0.0
2022-10-21 09:00:00+09:00,2155.0,2155.0,2155.0,2155.0,100,0.0,0.0
2022-10-21 11:00:00+09:00,2155.0,2155.0,2155.0,2155.0,0,0.0,0.0
2022-10-21 14:00:00+09:00,2156.0,2156.0,2156.0,2156.0,200,0.0,0.0
2022-10-24 12:00:00+09:00,2156.0,2156.0,2156.0,2156.0,1700,0.0,0.0
2022-10-24 14:00:00+09:00,2156.0,2156.0,2156.0,2156.0,100,0.0,0.0
2022-10-25 09:00:00+09:00,2156.0,2156.0,2156.0,2156.0,100,0.0,0.0
2022-10-25 11:00:00+09:00,2156.0,2156.0,2156.0,2156.0,0,0.0,0.0
2022-10-25 12:00:00+09:00,2156.0,2156.0,2156.0,2156.0,400,0.0,0.0
2022-10-25 13:00:00+09:00,2156.0,2156.0,2156.0,2156.0,100,0.0,0.0
2022-10-25 14:00:00+09:00,2155.0,2155.0,2148.0,2148.0,400,0.0,0.0
2022-10-26 09:00:00+09:00,2194.0,2194.0,2148.0,2148.0,700,0.0,0.0
2022-10-26 11:00:00+09:00,2148.0,2148.0,2148.0,2148.0,0,0.0,0.0
2022-10-26 13:00:00+09:00,2148.0,2148.0,2148.0,2148.0,900,0.0,0.0
2022-10-26 14:00:00+09:00,2148.0,2148.0,2148.0,2148.0,100,0.0,0.0
2022-10-27 10:00:00+09:00,2148.0,2187.0,2147.0,2147.0,500,0.0,0.0
2022-10-27 11:00:00+09:00,2146.0,2146.0,2145.0,2145.0,0,0.0,0.0
2022-10-27 13:00:00+09:00,2160.0,2160.0,2160.0,2160.0,800,0.0,0.0
2022-10-28 09:00:00+09:00,2145.0,2145.0,2145.0,2145.0,200,0.0,0.0
2022-10-28 11:00:00+09:00,2145.0,2145.0,2145.0,2145.0,0,0.0,0.0
2022-10-28 12:00:00+09:00,2155.0,2197.0,2155.0,2197.0,1200,0.0,0.0
2022-10-28 14:00:00+09:00,2160.0,2160.0,2160.0,2160.0,0,0.0,0.0
2022-10-31 14:00:00+09:00,2162.0,2162.0,2160.0,2160.0,500,0.0,0.0
2022-11-01 09:00:00+09:00,2160.0,2160.0,2160.0,2160.0,1500,0.0,0.0
2022-11-01 11:00:00+09:00,2160.0,2160.0,2160.0,2160.0,0,0.0,0.0
2022-11-01 14:00:00+09:00,2160.0,2160.0,2160.0,2160.0,2000,0.0,0.0
2022-11-02 09:00:00+09:00,2160.0,2200.0,2160.0,2200.0,500,0.0,0.0
2022-11-02 11:00:00+09:00,2200.0,2200.0,2200.0,2200.0,0,0.0,0.0
2022-11-04 09:00:00+09:00,2200.0,2200.0,2200.0,2200.0,1100,0.0,0.0
2022-11-04 11:00:00+09:00,2200.0,2200.0,2200.0,2200.0,0,0.0,0.0
2022-11-07 09:00:00+09:00,2150.0,2150.0,2150.0,2150.0,100,0.0,0.0
2022-11-07 11:00:00+09:00,2150.0,2150.0,2150.0,2150.0,0,0.0,0.0
2022-11-08 09:00:00+09:00,2150.0,2150.0,2149.0,2149.0,700,0.0,0.0
2022-11-08 10:00:00+09:00,2150.0,2150.0,2150.0,2150.0,100,0.0,0.0
2022-11-08 11:00:00+09:00,2150.0,2150.0,2150.0,2150.0,0,0.0,0.0
2022-11-08 12:00:00+09:00,2150.0,2150.0,2150.0,2150.0,900,0.0,0.0
2022-11-08 14:00:00+09:00,2143.0,2143.0,2140.0,2140.0,200,0.0,0.0
2022-11-09 10:00:00+09:00,2140.0,2140.0,2121.0,2121.0,400,0.0,0.0
2022-11-09 11:00:00+09:00,2130.0,2130.0,2130.0,2130.0,0,0.0,0.0
2022-11-09 12:00:00+09:00,2130.0,2130.0,2130.0,2130.0,600,0.0,0.0
2022-11-09 13:00:00+09:00,2130.0,2130.0,2130.0,2130.0,100,0.0,0.0
2022-11-09 14:00:00+09:00,2140.0,2140.0,2140.0,2140.0,600,0.0,0.0
2022-11-10 09:00:00+09:00,2140.0,2140.0,2140.0,2140.0,100,0.0,0.0
2022-11-10 11:00:00+09:00,2140.0,2140.0,2140.0,2140.0,0,0.0,0.0
2022-11-10 13:00:00+09:00,2140.0,2140.0,2140.0,2140.0,200,0.0,0.0
2022-11-10 14:00:00+09:00,2140.0,2140.0,2140.0,2140.0,100,0.0,0.0
2022-11-14 09:00:00+09:00,2140.0,2140.0,2130.0,2130.0,200,0.0,0.0
2022-11-14 11:00:00+09:00,2130.0,2130.0,2120.0,2120.0,0,0.0,0.0
2022-11-14 13:00:00+09:00,2149.0,2149.0,2149.0,2149.0,900,0.0,0.0
2022-11-15 09:00:00+09:00,2149.0,2149.0,2149.0,2149.0,400,0.0,0.0
2022-11-15 11:00:00+09:00,2147.0,2149.0,2147.0,2149.0,0,0.0,0.0
2022-11-15 13:00:00+09:00,2125.0,2125.0,2125.0,2125.0,700,0.0,0.0
2022-11-15 14:00:00+09:00,2125.0,2125.0,2125.0,2125.0,100,0.0,0.0
2022-11-16 09:00:00+09:00,2126.0,2126.0,2126.0,2126.0,200,0.0,0.0
2022-11-16 11:00:00+09:00,2126.0,2126.0,2126.0,2126.0,0,0.0,0.0
2022-11-16 13:00:00+09:00,2126.0,2126.0,2126.0,2126.0,700,0.0,0.0
2022-11-16 14:00:00+09:00,2125.0,2125.0,2125.0,2125.0,100,0.0,0.0
2022-11-17 09:00:00+09:00,2127.0,2127.0,2127.0,2127.0,200,0.0,0.0
2022-11-17 10:00:00+09:00,2135.0,2172.0,2135.0,2172.0,300,0.0,0.0
2022-11-17 11:00:00+09:00,2172.0,2172.0,2172.0,2172.0,0,0.0,0.0
2022-11-17 12:00:00+09:00,2166.0,2166.0,2166.0,2166.0,600,0.0,0.0
2022-11-18 12:00:00+09:00,2140.0,2140.0,2140.0,2140.0,200,0.0,0.0
2022-11-18 13:00:00+09:00,2150.0,2150.0,2150.0,2150.0,300,0.0,0.0
2022-11-18 14:00:00+09:00,2127.0,2127.0,2127.0,2127.0,100,0.0,0.0
2022-11-21 09:00:00+09:00,2116.0,2127.0,2116.0,2127.0,1100,0.0,0.0
2022-11-21 10:00:00+09:00,2127.0,2127.0,2127.0,2127.0,100,0.0,0.0
2022-11-21 11:00:00+09:00,2127.0,2127.0,2119.0,2119.0,0,0.0,0.0
2022-11-21 13:00:00+09:00,2119.0,2119.0,2118.0,2118.0,2000,0.0,0.0
2022-11-22 09:00:00+09:00,2118.0,2119.0,2118.0,2119.0,200,0.0,0.0
2022-11-22 11:00:00+09:00,2119.0,2119.0,2119.0,2119.0,0,0.0,0.0
2022-11-22 12:00:00+09:00,2120.0,2120.0,2120.0,2120.0,400,0.0,0.0
2022-11-22 14:00:00+09:00,2140.0,2140.0,2140.0,2140.0,100,0.0,0.0
2022-11-24 09:00:00+09:00,2120.0,2122.0,2120.0,2122.0,400,0.0,0.0
2022-11-24 11:00:00+09:00,2122.0,2122.0,2122.0,2122.0,0,0.0,0.0
2022-11-24 12:00:00+09:00,2140.0,2150.0,2140.0,2150.0,700,0.0,0.0
2022-11-24 13:00:00+09:00,2139.0,2139.0,2139.0,2139.0,100,0.0,0.0
2022-11-24 14:00:00+09:00,2135.0,2135.0,2125.0,2125.0,300,0.0,0.0
2022-11-25 09:00:00+09:00,2125.0,2125.0,2125.0,2125.0,1300,0.0,0.0
2022-11-25 10:00:00+09:00,2126.0,2126.0,2126.0,2126.0,100,0.0,0.0
2022-11-25 11:00:00+09:00,2126.0,2126.0,2126.0,2126.0,0,0.0,0.0
2022-11-25 14:00:00+09:00,2150.0,2150.0,2140.0,2140.0,1700,0.0,0.0
2022-11-28 09:00:00+09:00,2168.0,2168.0,2168.0,2168.0,700,0.0,0.0
2022-11-28 11:00:00+09:00,2140.0,2173.0,2140.0,2173.0,0,0.0,0.0
2022-11-28 14:00:00+09:00,2140.0,2140.0,2128.0,2128.0,1200,0.0,0.0
2022-11-30 12:00:00+09:00,2140.0,2140.0,2140.0,2140.0,100,0.0,0.0
2022-11-30 14:00:00+09:00,2130.0,2130.0,2130.0,2130.0,100,0.0,0.0
2022-12-01 10:00:00+09:00,2140.0,2140.0,2140.0,2140.0,100,0.0,0.0
2022-12-01 11:00:00+09:00,2140.0,2140.0,2140.0,2140.0,0,0.0,0.0
2022-12-01 12:00:00+09:00,2133.0,2133.0,2133.0,2133.0,400,0.0,0.0
2022-12-01 14:00:00+09:00,2139.0,2139.0,2134.0,2134.0,200,0.0,0.0
2022-12-02 09:00:00+09:00,2138.0,2138.0,2138.0,2138.0,1700,0.0,0.0
2022-12-02 11:00:00+09:00,2138.0,2138.0,2138.0,2138.0,0,0.0,0.0
2022-12-05 09:00:00+09:00,2140.0,2140.0,2130.0,2130.0,0,0.0,0.0
2022-12-05 10:00:00+09:00,2139.0,2139.0,2139.0,2139.0,1100,0.0,0.0
2022-12-05 11:00:00+09:00,2139.0,2139.0,2139.0,2139.0,0,0.0,0.0
2022-12-05 12:00:00+09:00,2140.0,2140.0,2140.0,2140.0,1600,0.0,0.0
2022-12-05 13:00:00+09:00,2132.0,2132.0,2132.0,2132.0,100,0.0,0.0
2022-12-05 14:00:00+09:00,2131.0,2131.0,2131.0,2131.0,300,0.0,0.0
2022-12-06 10:00:00+09:00,2125.0,2125.0,2125.0,2125.0,300,0.0,0.0
2022-12-06 11:00:00+09:00,2125.0,2125.0,2125.0,2125.0,0,0.0,0.0
2022-12-06 13:00:00+09:00,2125.0,2125.0,2125.0,2125.0,400,0.0,0.0
2022-12-06 14:00:00+09:00,2126.0,2129.0,2125.0,2125.0,400,0.0,0.0
2022-12-07 09:00:00+09:00,2125.0,2130.0,2125.0,2130.0,0,0.0,0.0
2022-12-07 11:00:00+09:00,2125.0,2125.0,2122.0,2122.0,0,0.0,0.0
2022-12-07 13:00:00+09:00,2122.0,2122.0,2122.0,2122.0,900,0.0,0.0
2022-12-07 14:00:00+09:00,2122.0,2122.0,2122.0,2122.0,200,0.0,0.0
2022-12-08 09:00:00+09:00,2165.0,2165.0,2125.0,2125.0,1900,0.0,0.0
2022-12-08 10:00:00+09:00,2125.0,2125.0,2125.0,2125.0,100,0.0,0.0
2022-12-08 11:00:00+09:00,2125.0,2125.0,2125.0,2125.0,0,0.0,0.0
2022-12-08 13:00:00+09:00,2124.0,2124.0,2124.0,2124.0,2200,0.0,0.0
2022-12-08 14:00:00+09:00,2123.0,2123.0,2123.0,2123.0,100,0.0,0.0
2022-12-09 09:00:00+09:00,2120.0,2120.0,2120.0,2120.0,1100,0.0,0.0
2022-12-09 10:00:00+09:00,2121.0,2121.0,2121.0,2121.0,200,0.0,0.0
2022-12-09 11:00:00+09:00,2121.0,2121.0,2121.0,2121.0,0,0.0,0.0
2022-12-09 12:00:00+09:00,2121.0,2121.0,2120.0,2120.0,1500,0.0,0.0
2022-12-09 13:00:00+09:00,2121.0,2121.0,2121.0,2121.0,100,0.0,0.0
2022-12-09 14:00:00+09:00,2121.0,2121.0,2114.0,2114.0,800,0.0,0.0
2022-12-12 09:00:00+09:00,2114.0,2119.0,2114.0,2119.0,700,0.0,0.0
2022-12-12 10:00:00+09:00,2120.0,2120.0,2119.0,2119.0,300,0.0,0.0
2022-12-12 11:00:00+09:00,2120.0,2120.0,2120.0,2120.0,0,0.0,0.0
2022-12-12 12:00:00+09:00,2120.0,2120.0,2120.0,2120.0,1300,0.0,0.0
2022-12-12 13:00:00+09:00,2120.0,2120.0,2120.0,2120.0,300,0.0,0.0
2022-12-12 14:00:00+09:00,2116.0,2116.0,2115.0,2115.0,300,0.0,0.0
2022-12-13 09:00:00+09:00,2130.0,2130.0,2120.0,2120.0,600,0.0,0.0
2022-12-13 10:00:00+09:00,2121.0,2121.0,2120.0,2120.0,1000,0.0,0.0
2022-12-13 11:00:00+09:00,2120.0,2120.0,2120.0,2120.0,0,0.0,0.0
2022-12-13 14:00:00+09:00,2119.0,2119.0,2119.0,2119.0,1700,0.0,0.0
2022-12-14 09:00:00+09:00,2119.0,2154.0,2119.0,2154.0,1500,0.0,0.0
2022-12-14 10:00:00+09:00,2135.0,2135.0,2117.0,2117.0,400,0.0,0.0
2022-12-14 11:00:00+09:00,2117.0,2117.0,2117.0,2117.0,0,0.0,0.0
2022-12-14 12:00:00+09:00,2113.0,2113.0,2113.0,2113.0,2200,0.0,0.0
2022-12-14 13:00:00+09:00,2114.0,2114.0,2114.0,2114.0,100,0.0,0.0
2022-12-14 14:00:00+09:00,2118.0,2118.0,2118.0,2118.0,100,0.0,0.0
2022-12-15 09:00:00+09:00,2119.0,2119.0,2119.0,2119.0,300,0.0,0.0
2022-12-15 11:00:00+09:00,2119.0,2119.0,2119.0,2119.0,0,0.0,0.0
2022-12-15 13:00:00+09:00,2120.0,2120.0,2120.0,2120.0,400,0.0,0.0
2022-12-15 14:00:00+09:00,2117.0,2120.0,2117.0,2120.0,200,0.0,0.0
2022-12-19 09:00:00+09:00,2120.0,2120.0,2120.0,2120.0,400,0.0,0.0
2022-12-19 10:00:00+09:00,2119.0,2119.0,2119.0,2119.0,200,0.0,0.0
2022-12-19 11:00:00+09:00,2119.0,2119.0,2119.0,2119.0,0,0.0,0.0
2022-12-19 12:00:00+09:00,2112.0,2112.0,2112.0,2112.0,1100,0.0,0.0
2022-12-19 13:00:00+09:00,2110.0,2110.0,2110.0,2110.0,100,0.0,0.0
2022-12-19 14:00:00+09:00,2110.0,2110.0,2110.0,2110.0,100,0.0,0.0
2022-12-20 09:00:00+09:00,2120.0,2120.0,2119.0,2120.0,1400,0.0,0.0
2022-12-20 10:00:00+09:00,2139.0,2150.0,2120.0,2120.0,1000,0.0,0.0
2022-12-20 11:00:00+09:00,2120.0,2120.0,2120.0,2120.0,0,0.0,0.0
2022-12-20 12:00:00+09:00,2107.0,2107.0,2107.0,2107.0,2500,0.0,0.0
2022-12-20 13:00:00+09:00,2106.0,2106.0,2096.0,2096.0,1900,0.0,0.0
2022-12-20 14:00:00+09:00,2096.0,2096.0,2096.0,2096.0,100,0.0,0.0
2022-12-21 09:00:00+09:00,2146.0,2146.0,2146.0,2146.0,100,0.0,0.0
2022-12-21 11:00:00+09:00,2146.0,2146.0,2146.0,2146.0,0,0.0,0.0
2022-12-21 14:00:00+09:00,2120.0,2120.0,2120.0,2120.0,300,0.0,0.0
2022-12-22 09:00:00+09:00,2121.0,2121.0,2121.0,2121.0,500,0.0,0.0
2022-12-22 10:00:00+09:00,2120.0,2120.0,2120.0,2120.0,1800,0.0,0.0
2022-12-22 11:00:00+09:00,2120.0,2120.0,2120.0,2120.0,0,0.0,0.0
2022-12-22 12:00:00+09:00,2120.0,2120.0,2120.0,2120.0,3100,0.0,0.0
2022-12-22 13:00:00+09:00,2120.0,2120.0,2118.0,2120.0,700,0.0,0.0
2022-12-22 14:00:00+09:00,2120.0,2134.0,2120.0,2134.0,1000,0.0,0.0
2022-12-23 09:00:00+09:00,2120.0,2120.0,2120.0,2120.0,200,0.0,0.0
2022-12-23 11:00:00+09:00,2120.0,2120.0,2120.0,2120.0,0,0.0,0.0
2022-12-23 12:00:00+09:00,2120.0,2120.0,2120.0,2120.0,700,0.0,0.0
2022-12-23 13:00:00+09:00,2120.0,2120.0,2120.0,2120.0,1200,0.0,0.0
2022-12-23 14:00:00+09:00,2115.0,2120.0,2114.0,2120.0,500,0.0,0.0
2022-12-26 09:00:00+09:00,2144.0,2144.0,2120.0,2122.0,1100,0.0,0.0
2022-12-26 10:00:00+09:00,2122.0,2122.0,2120.0,2120.0,700,0.0,0.0
2022-12-26 11:00:00+09:00,2120.0,2121.0,2118.0,2121.0,0,0.0,0.0
2022-12-26 12:00:00+09:00,2139.0,2165.0,2124.0,2140.0,3500,0.0,0.0
2022-12-26 13:00:00+09:00,2140.0,2140.0,2122.0,2122.0,700,0.0,0.0
2022-12-26 14:00:00+09:00,2124.0,2124.0,2120.0,2120.0,800,0.0,0.0
2022-12-27 09:00:00+09:00,2120.0,2120.0,2104.0,2119.0,2100,0.0,0.0
2022-12-27 10:00:00+09:00,2118.0,2119.0,2118.0,2119.0,200,0.0,0.0
2022-12-27 11:00:00+09:00,2119.0,2119.0,2119.0,2119.0,0,0.0,0.0
2022-12-27 13:00:00+09:00,2110.0,2110.0,2110.0,2110.0,2400,0.0,0.0
2022-12-27 14:00:00+09:00,2111.0,2116.0,2111.0,2116.0,300,0.0,0.0
2022-12-28 09:00:00+09:00,2106.0,2120.0,2106.0,2120.0,400,0.0,0.0
2022-12-28 10:00:00+09:00,2120.0,2120.0,2120.0,2120.0,0,0.0,0.0
2022-12-28 11:00:00+09:00,2120.0,2120.0,2120.0,2120.0,0,0.0,0.0
2022-12-28 12:00:00+09:00,2105.0,2120.0,2105.0,2120.0,800,0.0,0.0
2022-12-29 09:00:00+09:00,2120.0,2172.0,2100.0,2121.0,4800,0.0,0.0
2022-12-29 10:00:00+09:00,2171.0,2172.0,2171.0,2172.0,300,0.0,0.0
2022-12-29 11:00:00+09:00,2140.0,2140.0,2121.0,2121.0,0,0.0,0.0
2022-12-29 12:00:00+09:00,2120.0,2120.0,2120.0,2120.0,6000,0.0,0.0
2022-12-29 13:00:00+09:00,2120.0,2120.0,2120.0,2120.0,100,0.0,0.0
2022-12-29 14:00:00+09:00,2120.0,2123.0,2116.0,2116.0,1300,0.0,0.0
2022-12-30 09:00:00+09:00,2166.0,2179.0,2149.0,2179.0,1600,0.0,0.0
2022-12-30 10:00:00+09:00,2180.0,2198.0,2180.0,2190.0,700,0.0,0.0
2022-12-30 11:00:00+09:00,2195.0,2196.0,2195.0,2196.0,0,0.0,0.0
2022-12-30 13:00:00+09:00,2196.0,2196.0,2196.0,2196.0,2700,0.0,0.0
2022-12-30 14:00:00+09:00,2187.0,2187.0,2187.0,2187.0,100,0.0,0.0
2023-01-04 09:00:00+09:00,2185.0,2185.0,2185.0,2185.0,500,0.0,0.0
2023-01-04 11:00:00+09:00,2185.0,2185.0,2185.0,2185.0,0,0.0,0.0
2023-01-04 12:00:00+09:00,2185.0,2185.0,2185.0,2185.0,2000,0.0,0.0
2023-01-04 13:00:00+09:00,2185.0,2185.0,2150.0,2150.0,1300,0.0,0.0
2023-01-05 09:00:00+09:00,2168.0,2168.0,2150.0,2150.0,500,0.0,0.0
2023-01-05 11:00:00+09:00,2150.0,2150.0,2150.0,2150.0,0,0.0,0.0
2023-01-05 12:00:00+09:00,2168.0,2168.0,2168.0,2168.0,600,0.0,0.0
2023-01-06 09:00:00+09:00,2137.0,2198.0,2137.0,2170.0,500,0.0,0.0
2023-01-06 10:00:00+09:00,2170.0,2170.0,2170.0,2170.0,200,0.0,0.0
2023-01-06 11:00:00+09:00,2170.0,2170.0,2170.0,2170.0,0,0.0,0.0
2023-01-06 12:00:00+09:00,2170.0,2170.0,2170.0,2170.0,900,0.0,0.0
2023-01-06 14:00:00+09:00,2170.0,2170.0,2162.0,2162.0,500,0.0,0.0
2023-01-10 09:00:00+09:00,2164.0,2165.0,2164.0,2165.0,400,0.0,0.0
2023-01-10 11:00:00+09:00,2164.0,2164.0,2164.0,2164.0,0,0.0,0.0
2023-01-10 13:00:00+09:00,2170.0,2170.0,2170.0,2170.0,800,0.0,0.0
2023-01-10 14:00:00+09:00,2164.0,2164.0,2164.0,2164.0,200,0.0,0.0
2023-01-11 09:00:00+09:00,2170.0,2170.0,2170.0,2170.0,300,0.0,0.0
2023-01-11 10:00:00+09:00,2170.0,2170.0,2170.0,2170.0,1200,0.0,0.0
2023-01-11 11:00:00+09:00,2170.0,2170.0,2170.0,2170.0,0,0.0,0.0
2023-01-12 09:00:00+09:00,2170.0,2183.0,2170.0,2183.0,200,0.0,0.0
2023-01-12 11:00:00+09:00,2183.0,2183.0,2183.0,2183.0,0,0.0,0.0
2023-01-12 12:00:00+09:00,2170.0,2170.0,2170.0,2170.0,300,0.0,0.0
2023-01-12 13:00:00+09:00,2161.0,2161.0,2161.0,2161.0,200,0.0,0.0
2023-01-13 09:00:00+09:00,2169.0,2170.0,2169.0,2170.0,0,0.0,0.0
2023-01-13 11:00:00+09:00,2166.0,2166.0,2166.0,2166.0,0,0.0,0.0
2023-01-16 09:00:00+09:00,2163.0,2163.0,2163.0,2163.0,200,0.0,0.0
2023-01-16 11:00:00+09:00,2163.0,2163.0,2163.0,2163.0,0,0.0,0.0
2023-01-16 12:00:00+09:00,2188.0,2188.0,2188.0,2188.0,300,0.0,0.0
2023-01-17 09:00:00+09:00,2187.0,2188.0,2187.0,2188.0,200,0.0,0.0
2023-01-17 11:00:00+09:00,2188.0,2188.0,2188.0,2188.0,0,0.0,0.0
2023-01-17 12:00:00+09:00,2189.0,2189.0,2189.0,2189.0,300,0.0,0.0
2023-01-18 12:00:00+09:00,2189.0,2190.0,2189.0,2190.0,1400,0.0,0.0
2023-01-18 13:00:00+09:00,2190.0,2190.0,2190.0,2190.0,100,0.0,0.0
2023-01-19 09:00:00+09:00,2190.0,2200.0,2190.0,2200.0,400,0.0,0.0
2023-01-19 10:00:00+09:00,2200.0,2200.0,2200.0,2200.0,200,0.0,0.0
2023-01-19 11:00:00+09:00,2200.0,2200.0,2200.0,2200.0,0,0.0,0.0
2023-01-19 13:00:00+09:00,2186.0,2186.0,2156.0,2156.0,0,0.0,0.0
2023-01-19 14:00:00+09:00,2180.0,2198.0,2180.0,2198.0,2500,0.0,0.0
2023-01-20 09:00:00+09:00,2194.0,2194.0,2172.0,2172.0,200,0.0,0.0
2023-01-20 11:00:00+09:00,2180.0,2180.0,2180.0,2180.0,0,0.0,0.0
2023-01-20 14:00:00+09:00,2198.0,2200.0,2198.0,2200.0,1500,0.0,0.0
2023-01-23 09:00:00+09:00,2200.0,2200.0,2191.0,2191.0,800,0.0,0.0
2023-01-23 11:00:00+09:00,2191.0,2191.0,2191.0,2191.0,0,0.0,0.0
2023-01-23 14:00:00+09:00,2199.0,2199.0,2199.0,2199.0,900,0.0,0.0
2023-01-24 09:00:00+09:00,2220.0,2239.0,2220.0,2235.0,500,0.0,0.0
2023-01-24 10:00:00+09:00,2240.0,2240.0,2235.0,2240.0,1500,0.0,0.0
2023-01-24 11:00:00+09:00,2240.0,2240.0,2240.0,2240.0,0,0.0,0.0
2023-01-24 12:00:00+09:00,2247.0,2247.0,2247.0,2247.0,2100,0.0,0.0
2023-01-25 09:00:00+09:00,2300.0,2332.0,2293.0,2314.0,2300,0.0,0.0
2023-01-25 11:00:00+09:00,2315.0,2332.0,2315.0,2332.0,0,0.0,0.0
2023-01-26 09:00:00+09:00,2330.0,2330.0,2330.0,2330.0,2800,0.0,0.0
2023-01-26 10:00:00+09:00,2330.0,2330.0,2330.0,2330.0,300,0.0,0.0
2023-01-26 11:00:00+09:00,2330.0,2330.0,2330.0,2330.0,0,0.0,0.0
2023-01-26 12:00:00+09:00,2330.0,2330.0,2330.0,2330.0,3700,0.0,0.0
2023-01-26 13:00:00+09:00,2330.0,2348.0,2330.0,2348.0,800,0.0,0.0
2023-01-27 09:00:00+09:00,2350.0,2370.0,2350.0,2354.0,2600,0.0,0.0
2023-01-27 10:00:00+09:00,2353.0,2369.0,2349.0,2369.0,3000,0.0,0.0
2023-01-27 11:00:00+09:00,2369.0,2369.0,2369.0,2369.0,0,0.0,0.0
2023-01-27 13:00:00+09:00,2350.0,2350.0,2302.0,2302.0,6200,0.0,0.0
2023-01-30 09:00:00+09:00,2300.0,2300.0,2293.0,2300.0,1200,0.0,0.0
2023-01-30 10:00:00+09:00,2300.0,2300.0,2300.0,2300.0,0,0.0,0.0
2023-01-30 11:00:00+09:00,2300.0,2300.0,2300.0,2300.0,0,0.0,0.0
2023-01-31 11:00:00+09:00,2299.0,2300.0,2299.0,2300.0,300,0.0,0.0
2023-02-01 14:00:00+09:00,2275.0,2275.0,2275.0,2275.0,200,0.0,0.0
2023-02-02 09:00:00+09:00,2299.0,2299.0,2299.0,2299.0,200,0.0,0.0
2023-02-02 11:00:00+09:00,2299.0,2299.0,2299.0,2299.0,0,0.0,0.0
2023-02-03 09:00:00+09:00,2249.0,2250.0,2247.0,2247.0,500,0.0,0.0
2023-02-03 11:00:00+09:00,2247.0,2247.0,2247.0,2247.0,0,0.0,0.0
2023-02-03 12:00:00+09:00,2249.0,2249.0,2249.0,2249.0,600,0.0,0.0
2023-02-06 09:00:00+09:00,2276.0,2276.0,2276.0,2276.0,200,0.0,0.0
2023-02-06 10:00:00+09:00,2273.0,2273.0,2273.0,2273.0,100,0.0,0.0
2023-02-06 11:00:00+09:00,2273.0,2273.0,2273.0,2273.0,0,0.0,0.0
2023-02-06 14:00:00+09:00,2272.0,2272.0,2272.0,2272.0,400,0.0,0.0
2023-02-07 09:00:00+09:00,2271.0,2271.0,2271.0,2271.0,100,0.0,0.0
2023-02-07 10:00:00+09:00,2263.0,2272.0,2263.0,2272.0,1100,0.0,0.0
2023-02-07 11:00:00+09:00,2272.0,2272.0,2272.0,2272.0,0,0.0,0.0
2023-02-07 12:00:00+09:00,2280.0,2280.0,2280.0,2280.0,1300,0.0,0.0
2023-02-07 13:00:00+09:00,2293.0,2293.0,2293.0,2293.0,100,0.0,0.0
2023-02-08 09:00:00+09:00,2293.0,2300.0,2293.0,2300.0,600,0.0,0.0
2023-02-08 10:00:00+09:00,2290.0,2290.0,2290.0,2290.0,200,0.0,0.0
2023-02-08 11:00:00+09:00,2290.0,2290.0,2290.0,2290.0,0,0.0,0.0
2023-02-08 12:00:00+09:00,2295.0,2295.0,2295.0,2295.0,900,0.0,0.0
2023-02-08 13:00:00+09:00,2280.0,2280.0,2280.0,2280.0,100,0.0,0.0
2023-02-10 12:00:00+09:00,2288.0,2288.0,2288.0,2288.0,100,0.0,0.0
2023-02-10 14:00:00+09:00,2290.0,2290.0,2290.0,2290.0,100,0.0,0.0
2023-02-13 09:00:00+09:00,2295.0,2295.0,2295.0,2295.0,200,0.0,0.0
2023-02-13 11:00:00+09:00,2295.0,2295.0,2295.0,2295.0,0,0.0,0.0
2023-02-13 12:00:00+09:00,2287.0,2287.0,2287.0,2287.0,400,0.0,0.0
2023-02-13 14:00:00+09:00,2271.0,2271.0,2246.0,2255.0,300,0.0,0.0
2023-02-14 11:00:00+09:00,2266.0,2266.0,2266.0,2266.0,200,0.0,0.0
2023-02-15 14:00:00+09:00,2267.0,2267.0,2267.0,2267.0,200,0.0,0.0
2023-02-16 09:00:00+09:00,2245.0,2245.0,2245.0,2245.0,400,0.0,0.0
2023-02-16 10:00:00+09:00,2248.0,2266.0,2248.0,2266.0,200,0.0,0.0
2023-02-16 11:00:00+09:00,2266.0,2266.0,2266.0,2266.0,0,0.0,0.0
2023-02-16 13:00:00+09:00,2249.0,2249.0,2249.0,2249.0,700,0.0,0.0
2023-02-17 09:00:00+09:00,2254.0,2255.0,2254.0,2255.0,200,0.0,0.0
2023-02-17 11:00:00+09:00,2255.0,2255.0,2255.0,2255.0,0,0.0,0.0
2023-02-17 14:00:00+09:00,2235.0,2235.0,2235.0,2235.0,800,0.0,0.0
2023-02-20 09:00:00+09:00,2263.0,2263.0,2263.0,2263.0,100,0.0,0.0
2023-02-20 11:00:00+09:00,2265.0,2265.0,2265.0,2265.0,0,0.0,0.0
2023-02-21 09:00:00+09:00,2265.0,2265.0,2265.0,2265.0,200,0.0,0.0
2023-02-21 11:00:00+09:00,2265.0,2265.0,2265.0,2265.0,0,0.0,0.0
2023-02-21 13:00:00+09:00,2266.0,2266.0,2266.0,2266.0,0,0.0,0.0
2023-02-21 14:00:00+09:00,2268.0,2275.0,2268.0,2275.0,600,0.0,0.0
2023-02-24 09:00:00+09:00,2275.0,2275.0,2275.0,2275.0,100,0.0,0.0
2023-02-24 11:00:00+09:00,2275.0,2275.0,2275.0,2275.0,0,0.0,0.0
2023-02-24 13:00:00+09:00,2280.0,2280.0,2280.0,2280.0,400,0.0,0.0
2023-02-24 14:00:00+09:00,2280.0,2280.0,2280.0,2280.0,100,0.0,0.0
2023-02-27 09:00:00+09:00,2280.0,2280.0,2270.0,2270.0,800,0.0,0.0
2023-02-27 11:00:00+09:00,2270.0,2270.0,2270.0,2270.0,0,0.0,0.0
2023-02-27 13:00:00+09:00,2280.0,2280.0,2280.0,2280.0,0,0.0,0.0
2023-02-27 14:00:00+09:00,2280.0,2282.0,2280.0,2280.0,5200,0.0,0.0
2023-02-28 09:00:00+09:00,2280.0,2280.0,2279.0,2280.0,800,0.0,0.0
2023-02-28 11:00:00+09:00,2281.0,2281.0,2281.0,2281.0,0,0.0,0.0
2023-02-28 12:00:00+09:00,2280.0,2280.0,2280.0,2280.0,2000,0.0,0.0
2023-02-28 13:00:00+09:00,2280.0,2280.0,2280.0,2280.0,600,0.0,0.0
2023-02-28 14:00:00+09:00,2280.0,2280.0,2276.0,2276.0,600,0.0,0.0
2023-03-01 09:00:00+09:00,2262.0,2265.0,2236.0,2236.0,1000,0.0,0.0
2023-03-01 10:00:00+09:00,2238.0,2239.0,2238.0,2239.0,400,0.0,0.0
2023-03-01 11:00:00+09:00,2239.0,2239.0,2239.0,2239.0,0,0.0,0.0
2023-03-01 12:00:00+09:00,2239.0,2239.0,2239.0,2239.0,1500,0.0,0.0
2023-03-01 13:00:00+09:00,2250.0,2250.0,2250.0,2250.0,100,0.0,0.0
2023-03-01 14:00:00+09:00,2250.0,2253.0,2250.0,2253.0,400,0.0,0.0
2023-03-02 09:00:00+09:00,2276.0,2276.0,2244.0,2244.0,500,0.0,0.0
2023-03-02 10:00:00+09:00,2244.0,2255.0,2244.0,2255.0,200,0.0,0.0
2023-03-02 11:00:00+09:00,2255.0,2255.0,2255.0,2255.0,0,0.0,0.0
2023-03-02 13:00:00+09:00,2255.0,2260.0,2255.0,2260.0,1000,0.0,0.0
2023-03-03 09:00:00+09:00,2260.0,2260.0,2260.0,2260.0,100,0.0,0.0
2023-03-03 11:00:00+09:00,2260.0,2260.0,2260.0,2260.0,0,0.0,0.0
2023-03-03 14:00:00+09:00,2270.0,2270.0,2270.0,2270.0,300,0.0,0.0
2023-03-06 09:00:00+09:00,2263.0,2263.0,2261.0,2261.0,300,0.0,0.0
2023-03-06 10:00:00+09:00,2261.0,2261.0,2260.0,2260.0,900,0.0,0.0
2023-03-06 11:00:00+09:00,2260.0,2260.0,2260.0,2260.0,0,0.0,0.0
2023-03-06 14:00:00+09:00,2260.0,2269.0,2260.0,2269.0,2300,0.0,0.0
2023-03-07 09:00:00+09:00,2269.0,2270.0,2269.0,2270.0,800,0.0,0.0
2023-03-07 10:00:00+09:00,2260.0,2270.0,2260.0,2270.0,500,0.0,0.0
2023-03-07 11:00:00+09:00,2270.0,2270.0,2270.0,2270.0,0,0.0,0.0
2023-03-07 12:00:00+09:00,2270.0,2270.0,2269.0,2269.0,2000,0.0,0.0
2023-03-07 13:00:00+09:00,2269.0,2269.0,2269.0,2269.0,100,0.0,0.0
2023-03-07 14:00:00+09:00,2269.0,2270.0,2269.0,2270.0,1000,0.0,0.0
2023-03-08 09:00:00+09:00,2270.0,2270.0,2270.0,2270.0,400,0.0,0.0
2023-03-08 10:00:00+09:00,2264.0,2264.0,2264.0,2264.0,100,0.0,0.0
2023-03-08 11:00:00+09:00,2257.0,2257.0,2257.0,2257.0,0,0.0,0.0
2023-03-08 12:00:00+09:00,2257.0,2257.0,2257.0,2257.0,1100,0.0,0.0
2023-03-08 13:00:00+09:00,2248.0,2248.0,2248.0,2248.0,100,0.0,0.0
2023-03-08 14:00:00+09:00,2262.0,2263.0,2262.0,2263.0,300,0.0,0.0
2023-03-09 09:00:00+09:00,2254.0,2270.0,2254.0,2266.0,1200,0.0,0.0
2023-03-09 11:00:00+09:00,2266.0,2266.0,2266.0,2266.0,0,0.0,0.0
2023-03-09 12:00:00+09:00,2262.0,2263.0,2254.0,2263.0,1700,0.0,0.0
2023-03-09 13:00:00+09:00,2264.0,2265.0,2263.0,2263.0,500,0.0,0.0
2023-03-09 14:00:00+09:00,2263.0,2265.0,2263.0,2265.0,800,0.0,0.0
2023-03-10 09:00:00+09:00,2270.0,2270.0,2265.0,2265.0,500,0.0,0.0
2023-03-10 11:00:00+09:00,2265.0,2265.0,2265.0,2265.0,0,0.0,0.0
2023-03-10 12:00:00+09:00,2250.0,2250.0,2250.0,2250.0,600,0.0,0.0
2023-03-10 13:00:00+09:00,2270.0,2270.0,2270.0,2270.0,100,0.0,0.0
2023-03-13 10:00:00+09:00,2236.0,2265.0,2236.0,2265.0,800,0.0,0.0
2023-03-13 11:00:00+09:00,2265.0,2265.0,2265.0,2265.0,0,0.0,0.0
2023-03-13 14:00:00+09:00,2263.0,2263.0,2263.0,2263.0,1000,0.0,0.0
2023-03-14 09:00:00+09:00,2240.0,2240.0,2226.0,2231.0,1000,0.0,0.0
2023-03-14 10:00:00+09:00,2230.0,2230.0,2230.0,2230.0,100,0.0,0.0
2023-03-14 11:00:00+09:00,2230.0,2230.0,2230.0,2230.0,0,0.0,0.0
2023-03-14 12:00:00+09:00,2230.0,2230.0,2230.0,2230.0,1200,0.0,0.0
2023-03-14 14:00:00+09:00,2229.0,2229.0,2228.0,2228.0,400,0.0,0.0
2023-03-15 09:00:00+09:00,2225.0,2225.0,2225.0,2225.0,100,0.0,0.0
2023-03-15 11:00:00+09:00,2225.0,2225.0,2225.0,2225.0,0,0.0,0.0
2023-03-15 12:00:00+09:00,2243.0,2243.0,2243.0,2243.0,200,0.0,0.0
2023-03-15 13:00:00+09:00,2245.0,2245.0,2245.0,2245.0,100,0.0,0.0
2023-03-15 14:00:00+09:00,2246.0,2250.0,2246.0,2250.0,400,0.0,0.0
2023-03-16 09:00:00+09:00,2221.0,2221.0,2205.0,2205.0,700,0.0,0.0
2023-03-16 11:00:00+09:00,2206.0,2206.0,2206.0,2206.0,0,0.0,0.0
2023-03-16 12:00:00+09:00,2207.0,2207.0,2207.0,2207.0,900,0.0,0.0
2023-03-16 14:00:00+09:00,2229.0,2230.0,2229.0,2230.0,200,0.0,0.0
2023-03-17 13:00:00+09:00,2255.0,2255.0,2255.0,2255.0,200,0.0,0.0
2023-03-20 12:00:00+09:00,2270.0,2270.0,2270.0,2270.0,1000,0.0,0.0
2023-03-20 14:00:00+09:00,2270.0,2270.0,2270.0,2270.0,200,0.0,0.0
2023-03-22 09:00:00+09:00,2270.0,2271.0,2269.0,2270.0,2500,0.0,0.0
2023-03-22 11:00:00+09:00,2269.0,2270.0,2269.0,2270.0,0,0.0,0.0
2023-03-22 12:00:00+09:00,2270.0,2270.0,2270.0,2270.0,3400,0.0,0.0
2023-03-22 13:00:00+09:00,2270.0,2270.0,2203.0,2203.0,400,0.0,0.0
2023-03-23 09:00:00+09:00,2215.0,2215.0,2215.0,2215.0,100,0.0,0.0
2023-03-23 11:00:00+09:00,2215.0,2215.0,2215.0,2215.0,0,0.0,0.0
2023-03-23 13:00:00+09:00,2216.0,2216.0,2216.0,2216.0,200,0.0,0.0
2023-03-27 09:00:00+09:00,2203.0,2203.0,2200.0,2200.0,1400,0.0,0.0
2023-03-27 10:00:00+09:00,2210.0,2210.0,2210.0,2210.0,100,0.0,0.0
2023-03-27 11:00:00+09:00,2207.0,2207.0,2207.0,2207.0,0,0.0,0.0
2023-03-27 13:00:00+09:00,2206.0,2206.0,2206.0,2206.0,1800,0.0,0.0
2023-03-28 09:00:00+09:00,2306.0,2306.0,2256.0,2257.0,2200,0.0,0.0
2023-03-28 11:00:00+09:00,2257.0,2257.0,2257.0,2257.0,0,0.0,0.0
2023-03-29 09:00:00+09:00,2250.0,2250.0,2250.0,2250.0,500,0.0,0.0
2023-03-29 11:00:00+09:00,2249.0,2250.0,2249.0,2250.0,0,0.0,0.0
2023-03-30 09:00:00+09:00,2188.0,2197.0,2130.0,2130.0,600,0.0,0.0
2023-03-30 10:00:00+09:00,2230.0,2258.0,2230.0,2258.0,200,0.0,0.0
2023-03-30 11:00:00+09:00,2258.0,2258.0,2258.0,2258.0,0,0.0,0.0
2023-03-30 12:00:00+09:00,2250.0,2250.0,2250.0,2250.0,900,0.0,0.0
2023-03-31 09:00:00+09:00,2234.0,2234.0,2234.0,2234.0,2200,0.0,0.0
2023-03-31 11:00:00+09:00,2220.0,2220.0,2220.0,2220.0,0,0.0,0.0
2023-03-31 12:00:00+09:00,2215.0,2220.0,2215.0,2220.0,4200,0.0,0.0
2023-03-31 13:00:00+09:00,2220.0,2220.0,2220.0,2220.0,100,0.0,0.0
2023-03-31 14:00:00+09:00,2218.0,2230.0,2202.0,2230.0,600,0.0,0.0
2023-04-03 09:00:00+09:00,2230.0,2239.0,2230.0,2239.0,300,0.0,0.0
2023-04-03 10:00:00+09:00,2230.0,2230.0,2230.0,2230.0,300,0.0,0.0
2023-04-03 11:00:00+09:00,2235.0,2239.0,2235.0,2239.0,0,0.0,0.0
2023-04-03 12:00:00+09:00,2208.0,2235.0,2208.0,2235.0,1400,0.0,0.0
2023-04-04 09:00:00+09:00,2252.0,2252.0,2252.0,2252.0,200,0.0,0.0
2023-04-04 11:00:00+09:00,2252.0,2252.0,2252.0,2252.0,0,0.0,0.0
2023-04-04 14:00:00+09:00,2252.0,2252.0,2252.0,2252.0,300,0.0,0.0
2023-04-05 09:00:00+09:00,2204.0,2216.0,2204.0,2216.0,400,0.0,0.0
2023-04-05 10:00:00+09:00,2214.0,2214.0,2214.0,2214.0,100,0.0,0.0
2023-04-05 11:00:00+09:00,2214.0,2214.0,2214.0,2214.0,0,0.0,0.0
2023-04-05 13:00:00+09:00,2211.0,2211.0,2211.0,2211.0,700,0.0,0.0
2023-04-05 14:00:00+09:00,2208.0,2208.0,2208.0,2208.0,0,0.0,0.0
2023-04-06 09:00:00+09:00,2208.0,2208.0,2200.0,2200.0,300,0.0,0.0
2023-04-06 11:00:00+09:00,2200.0,2200.0,2200.0,2200.0,0,0.0,0.0
2023-04-06 12:00:00+09:00,2171.0,2171.0,2171.0,2171.0,500,0.0,0.0
2023-04-10 10:00:00+09:00,2214.0,2214.0,2214.0,2214.0,100,0.0,0.0
2023-04-10 11:00:00+09:00,2214.0,2214.0,2214.0,2214.0,0,0.0,0.0
2023-04-10 12:00:00+09:00,2224.0,2226.0,2224.0,2226.0,400,0.0,0.0
2023-04-10 13:00:00+09:00,2220.0,2220.0,2220.0,2220.0,200,0.0,0.0
2023-04-11 11:00:00+09:00,2194.0,2194.0,2182.0,2182.0,200,0.0,0.0
2023-04-12 09:00:00+09:00,2182.0,2182.0,2182.0,2182.0,100,0.0,0.0
2023-04-12 10:00:00+09:00,2215.0,2215.0,2215.0,2215.0,100,0.0,0.0
2023-04-12 11:00:00+09:00,2183.0,2183.0,2181.0,2181.0,0,0.0,0.0
2023-04-13 09:00:00+09:00,2181.0,2181.0,2181.0,2181.0,200,0.0,0.0
2023-04-13 11:00:00+09:00,2181.0,2181.0,2181.0,2181.0,0,0.0,0.0
2023-04-14 09:00:00+09:00,2211.0,2211.0,2211.0,2211.0,200,0.0,0.0
2023-04-14 11:00:00+09:00,2211.0,2211.0,2211.0,2211.0,0,0.0,0.0
2023-04-17 09:00:00+09:00,2200.0,2210.0,2200.0,2210.0,600,0.0,0.0
2023-04-17 11:00:00+09:00,2210.0,2210.0,2210.0,2210.0,0,0.0,0.0
2023-04-17 13:00:00+09:00,2210.0,2213.0,2210.0,2213.0,1100,0.0,0.0
2023-04-18 09:00:00+09:00,2220.0,2220.0,2220.0,2220.0,100,0.0,0.0
2023-04-18 11:00:00+09:00,2220.0,2220.0,2220.0,2220.0,0,0.0,0.0
2023-04-18 14:00:00+09:00,2221.0,2221.0,2221.0,2221.0,200,0.0,0.0
2023-04-19 09:00:00+09:00,2220.0,2220.0,2213.0,2213.0,200,0.0,0.0
2023-04-19 10:00:00+09:00,2200.0,2200.0,2200.0,2200.0,100,0.0,0.0
2023-04-19 11:00:00+09:00,2200.0,2200.0,2200.0,2200.0,0,0.0,0.0
2023-04-19 14:00:00+09:00,2203.0,2203.0,2203.0,2203.0,400,0.0,0.0
2023-04-21 10:00:00+09:00,2203.0,2203.0,2203.0,2203.0,100,0.0,0.0
2023-04-21 11:00:00+09:00,2203.0,2203.0,2203.0,2203.0,0,0.0,0.0
2023-04-21 12:00:00+09:00,2204.0,2204.0,2204.0,2204.0,200,0.0,0.0
2023-04-21 14:00:00+09:00,2212.0,2212.0,2212.0,2212.0,100,0.0,0.0
2023-04-25 12:00:00+09:00,2227.0,2227.0,2227.0,2227.0,100,0.0,0.0
2023-04-25 13:00:00+09:00,2219.0,2219.0,2219.0,2219.0,100,0.0,0.0
2023-04-26 09:00:00+09:00,2237.0,2237.0,2211.0,2211.0,700,0.0,0.0
2023-04-26 11:00:00+09:00,2211.0,2211.0,2211.0,2211.0,0,0.0,0.0
2023-04-27 11:00:00+09:00,2240.0,2240.0,2240.0,2240.0,200,0.0,0.0
2023-04-27 14:00:00+09:00,2235.0,2235.0,2235.0,2235.0,300,0.0,0.0
2023-04-28 09:00:00+09:00,2235.0,2235.0,2235.0,2235.0,0,0.0,0.0
2023-04-28 11:00:00+09:00,2235.0,2235.0,2235.0,2235.0,0,0.0,0.0
2023-04-28 14:00:00+09:00,2213.0,2213.0,2213.0,2213.0,200,0.0,0.0
2023-05-01 09:00:00+09:00,2280.0,2280.0,2236.0,2243.0,500,0.0,0.0
2023-05-01 10:00:00+09:00,2214.0,2214.0,2214.0,2214.0,100,0.0,0.0
2023-05-01 11:00:00+09:00,2214.0,2214.0,2214.0,2214.0,0,0.0,0.0
2023-05-01 12:00:00+09:00,2238.0,2238.0,2238.0,2238.0,700,0.0,0.0
2023-05-01 14:00:00+09:00,2238.0,2238.0,2182.0,2182.0,1000,0.0,0.0
2023-05-02 09:00:00+09:00,2232.0,2232.0,2232.0,2232.0,200,0.0,0.0
2023-05-02 11:00:00+09:00,2232.0,2232.0,2232.0,2232.0,0,0.0,0.0
2023-05-02 12:00:00+09:00,2206.0,2206.0,2206.0,2206.0,300,0.0,0.0
2023-05-08 09:00:00+09:00,2207.0,2220.0,2207.0,2220.0,200,0.0,0.0
2023-05-08 10:00:00+09:00,2219.0,2219.0,2219.0,2219.0,0,0.0,0.0
2023-05-08 11:00:00+09:00,2219.0,2219.0,2219.0,2219.0,0,0.0,0.0
2023-05-08 14:00:00+09:00,2246.0,2246.0,2246.0,2246.0,400,0.0,0.0
2023-05-09 09:00:00+09:00,2228.0,2228.0,2228.0,2228.0,100,0.0,0.0
2023-05-09 11:00:00+09:00,2228.0,2228.0,2228.0,2228.0,0,0.0,0.0
2023-05-09 13:00:00+09:00,2228.0,2228.0,2228.0,2228.0,200,0.0,0.0
2023-05-09 14:00:00+09:00,2231.0,2231.0,2231.0,2231.0,100,0.0,0.0
2023-05-10 09:00:00+09:00,2231.0,2231.0,2231.0,2231.0,100,0.0,0.0
2023-05-10 10:00:00+09:00,2230.0,2230.0,2230.0,2230.0,100,0.0,0.0
2023-05-10 11:00:00+09:00,2230.0,2230.0,2230.0,2230.0,0,0.0,0.0
2023-05-10 14:00:00+09:00,2218.0,2218.0,2218.0,2218.0,300,0.0,0.0
2023-05-11 14:00:00+09:00,2215.0,2215.0,2215.0,2215.0,200,0.0,0.0
2023-05-12 09:00:00+09:00,2243.0,2243.0,2212.0,2212.0,300,0.0,0.0
2023-05-12 11:00:00+09:00,2212.0,2212.0,2212.0,2212.0,0,0.0,0.0
2023-05-15 09:00:00+09:00,2220.0,2220.0,2200.0,2200.0,3600,0.0,0.0
2023-05-15 10:00:00+09:00,2228.0,2228.0,2220.0,2220.0,200,0.0,0.0
2023-05-15 11:00:00+09:00,2195.0,2195.0,2160.0,2160.0,0,0.0,0.0
2023-05-15 12:00:00+09:00,2164.0,2164.0,2164.0,2164.0,4500,0.0,0.0
2023-05-15 13:00:00+09:00,2170.0,2170.0,2170.0,2170.0,100,0.0,0.0
2023-05-15 14:00:00+09:00,2205.0,2205.0,2197.0,2197.0,200,0.0,0.0
2023-05-16 09:00:00+09:00,2210.0,2236.0,2210.0,2236.0,500,0.0,0.0
2023-05-16 11:00:00+09:00,2236.0,2236.0,2236.0,2236.0,0,0.0,0.0
2023-05-16 12:00:00+09:00,2220.0,2220.0,2220.0,2220.0,700,0.0,0.0
2023-05-16 13:00:00+09:00,2210.0,2220.0,2210.0,2219.0,500,0.0,0.0
2023-05-16 14:00:00+09:00,2205.0,2205.0,2203.0,2203.0,300,0.0,0.0
2023-05-17 14:00:00+09:00,2212.0,2212.0,2211.0,2211.0,200,0.0,0.0
2023-05-18 09:00:00+09:00,2229.0,2229.0,2211.0,2211.0,300,0.0,0.0
2023-05-18 11:00:00+09:00,2211.0,2211.0,2211.0,2211.0,0,0.0,0.0
2023-05-18 14:00:00+09:00,2211.0,2211.0,2211.0,2211.0,400,0.0,0.0
2023-05-19 09:00:00+09:00,2211.0,2211.0,2202.0,2202.0,400,0.0,0.0
2023-05-19 11:00:00+09:00,2209.0,2209.0,2209.0,2209.0,0,0.0,0.0
2023-05-22 09:00:00+09:00,2210.0,2210.0,2210.0,2210.0,100,0.0,0.0
2023-05-22 11:00:00+09:00,2210.0,2210.0,2210.0,2210.0,0,0.0,0.0
2023-05-22 14:00:00+09:00,2202.0,2202.0,2202.0,2202.0,400,0.0,0.0
2023-05-23 09:00:00+09:00,2219.0,2225.0,2219.0,2225.0,0,0.0,0.0
2023-05-23 10:00:00+09:00,2205.0,2210.0,2203.0,2210.0,700,0.0,0.0
2023-05-23 11:00:00+09:00,2210.0,2210.0,2210.0,2210.0,0,0.0,0.0
2023-05-23 14:00:00+09:00,2210.0,2210.0,2199.0,2199.0,3300,0.0,0.0
2023-05-24 09:00:00+09:00,2218.0,2218.0,2218.0,2218.0,100,0.0,0.0
2023-05-24 10:00:00+09:00,2212.0,2212.0,2195.0,2195.0,200,0.0,0.0
2023-05-24 11:00:00+09:00,2195.0,2195.0,2195.0,2195.0,0,0.0,0.0
2023-05-25 09:00:00+09:00,2200.0,2210.0,2195.0,2205.0,1200,0.0,0.0
2023-05-25 10:00:00+09:00,2204.0,2208.0,2204.0,2208.0,200,0.0,0.0
2023-05-25 11:00:00+09:00,2198.0,2198.0,2198.0,2198.0,0,0.0,0.0
2023-05-25 14:00:00+09:00,2206.0,2206.0,2206.0,2206.0,1700,0.0,0.0
2023-05-26 09:00:00+09:00,2224.0,2224.0,2224.0,2224.0,600,0.0,0.0
2023-05-26 10:00:00+09:00,2200.0,2200.0,2200.0,2200.0,300,0.0,0.0
2023-05-26 11:00:00+09:00,2200.0,2200.0,2200.0,2200.0,0,0.0,0.0
2023-05-26 12:00:00+09:00,2200.0,2200.0,2200.0,2200.0,1300,0.0,0.0
2023-05-29 09:00:00+09:00,2200.0,2230.0,2200.0,2230.0,1000,0.0,0.0
2023-05-29 10:00:00+09:00,2226.0,2226.0,2226.0,2226.0,100,0.0,0.0
2023-05-29 11:00:00+09:00,2226.0,2226.0,2226.0,2226.0,0,0.0,0.0
2023-05-29 13:00:00+09:00,2230.0,2230.0,2226.0,2226.0,1300,0.0,0.0
2023-05-30 09:00:00+09:00,2225.0,2225.0,2203.0,2225.0,300,0.0,0.0
2023-05-30 11:00:00+09:00,2225.0,2225.0,2225.0,2225.0,0,0.0,0.0
2023-05-31 09:00:00+09:00,2223.0,2223.0,2201.0,2201.0,1200,0.0,0.0
2023-05-31 10:00:00+09:00,2202.0,2202.0,2202.0,2202.0,100,0.0,0.0
2023-05-31 11:00:00+09:00,2202.0,2202.0,2202.0,2202.0,0,0.0,0.0
2023-06-01 09:00:00+09:00,2202.0,2209.0,2202.0,2209.0,0,0.0,0.0
2023-06-01 11:00:00+09:00,2209.0,2209.0,2209.0,2209.0,0,0.0,0.0
2023-06-02 09:00:00+09:00,2259.0,2259.0,2259.0,2259.0,0,0.0,0.0
2023-06-02 11:00:00+09:00,2259.0,2259.0,2259.0,2259.0,0,0.0,0.0
2023-06-02 12:00:00+09:00,2237.0,2237.0,2237.0,2237.0,600,0.0,0.0
2023-06-02 13:00:00+09:00,2230.0,2230.0,2230.0,2230.0,100,0.0,0.0
2023-06-05 09:00:00+09:00,2230.0,2230.0,2230.0,2230.0,100,0.0,0.0
2023-06-05 11:00:00+09:00,2239.0,2239.0,2239.0,2239.0,0,0.0,0.0
2023-06-05 12:00:00+09:00,2231.0,2231.0,2231.0,2231.0,300,0.0,0.0
2023-06-05 14:00:00+09:00,2233.0,2233.0,2231.0,2231.0,300,0.0,0.0
2023-06-06 09:00:00+09:00,2249.0,2249.0,2249.0,2249.0,200,0.0,0.0
2023-06-06 10:00:00+09:00,2246.0,2246.0,2246.0,2246.0,0,0.0,0.0
2023-06-06 11:00:00+09:00,2246.0,2246.0,2246.0,2246.0,0,0.0,0.0
2023-06-06 12:00:00+09:00,2235.0,2235.0,2214.0,2214.0,500,0.0,0.0
2023-06-07 09:00:00+09:00,2210.0,2245.0,2210.0,2245.0,200,0.0,0.0
2023-06-07 10:00:00+09:00,2211.0,2211.0,2211.0,2211.0,100,0.0,0.0
2023-06-07 11:00:00+09:00,2211.0,2211.0,2211.0,2211.0,0,0.0,0.0
2023-06-07 12:00:00+09:00,2237.0,2239.0,2237.0,2239.0,500,0.0,0.0
2023-06-08 09:00:00+09:00,2269.0,2277.0,2256.0,2256.0,300,0.0,0.0
2023-06-08 11:00:00+09:00,2256.0,2256.0,2256.0,2256.0,0,0.0,0.0
2023-06-09 09:00:00+09:00,2245.0,2245.0,2245.0,2245.0,0,0.0,0.0
2023-06-09 11:00:00+09:00,2245.0,2245.0,2245.0,2245.0,0,0.0,0.0
2023-06-09 12:00:00+09:00,2245.0,2245.0,2245.0,2245.0,900,0.0,0.0
2023-06-12 09:00:00+09:00,2250.0,2250.0,2250.0,2250.0,100,0.0,0.0
2023-06-12 10:00:00+09:00,2250.0,2250.0,2250.0,2250.0,100,0.0,0.0
2023-06-12 11:00:00+09:00,2250.0,2250.0,2250.0,2250.0,0,0.0,0.0
2023-06-13 13:00:00+09:00,2250.0,2250.0,2250.0,2250.0,300,0.0,0.0
2023-06-13 14:00:00+09:00,2255.0,2255.0,2255.0,2255.0,200,0.0,0.0
2023-06-14 09:00:00+09:00,2274.0,2274.0,2274.0,2274.0,100,0.0,0.0
2023-06-14 11:00:00+09:00,2274.0,2274.0,2274.0,2274.0,0,0.0,0.0
2023-06-15 13:00:00+09:00,2236.0,2236.0,2236.0,2236.0,200,0.0,0.0
2023-06-16 09:00:00+09:00,2270.0,2273.0,2270.0,2273.0,200,0.0,0.0
2023-06-16 11:00:00+09:00,2268.0,2268.0,2268.0,2268.0,0,0.0,0.0
2023-06-16 13:00:00+09:00,2260.0,2260.0,2260.0,2260.0,500,0.0,0.0
2023-06-19 09:00:00+09:00,2281.0,2300.0,2281.0,2294.0,1200,0.0,0.0
2023-06-19 10:00:00+09:00,2320.0,2320.0,2320.0,2320.0,100,0.0,0.0
2023-06-19 11:00:00+09:00,2320.0,2320.0,2320.0,2320.0,0,0.0,0.0
2023-06-19 12:00:00+09:00,2320.0,2320.0,2320.0,2320.0,1800,0.0,0.0
2023-06-19 13:00:00+09:00,2324.0,2324.0,2324.0,2324.0,200,0.0,0.0
2023-06-19 14:00:00+09:00,2344.0,2345.0,2344.0,2345.0,700,0.0,0.0
2023-06-20 09:00:00+09:00,2345.0,2350.0,2335.0,2350.0,0,0.0,0.0
2023-06-20 11:00:00+09:00,2350.0,2350.0,2350.0,2350.0,0,0.0,0.0
2023-06-20 12:00:00+09:00,2350.0,2350.0,2350.0,2350.0,600,0.0,0.0
2023-06-20 13:00:00+09:00,2349.0,2350.0,2349.0,2350.0,400,0.0,0.0
2023-06-21 09:00:00+09:00,2350.0,2350.0,2350.0,2350.0,200,0.0,0.0
2023-06-21 10:00:00+09:00,2355.0,2389.0,2355.0,2365.0,400,0.0,0.0
2023-06-21 11:00:00+09:00,2372.0,2372.0,2372.0,2372.0,0,0.0,0.0
2023-06-21 12:00:00+09:00,2393.0,2393.0,2373.0,2373.0,900,0.0,0.0
2023-06-21 13:00:00+09:00,2375.0,2376.0,2375.0,2376.0,300,0.0,0.0
2023-06-22 10:00:00+09:00,2395.0,2400.0,2390.0,2400.0,1200,0.0,0.0
2023-06-22 11:00:00+09:00,2403.0,2409.0,2401.0,2409.0,0,0.0,0.0
2023-06-22 12:00:00+09:00,2450.0,2450.0,2450.0,2450.0,1900,0.0,0.0
2023-06-22 13:00:00+09:00,2450.0,2460.0,2450.0,2456.0,700,0.0,0.0
2023-06-22 14:00:00+09:00,2415.0,2415.0,2415.0,2415.0,100,0.0,0.0
2023-06-23 09:00:00+09:00,2427.0,2450.0,2427.0,2450.0,300,0.0,0.0
2023-06-23 10:00:00+09:00,2455.0,2500.0,2455.0,2500.0,1400,0.0,0.0
2023-06-23 11:00:00+09:00,2495.0,2495.0,2495.0,2495.0,0,0.0,0.0
2023-06-23 12:00:00+09:00,2440.0,2495.0,2440.0,2495.0,2200,0.0,0.0
2023-06-23 13:00:00+09:00,2494.0,2495.0,2494.0,2495.0,1000,0.0,0.0
2023-06-23 14:00:00+09:00,2493.0,2495.0,2493.0,2493.0,500,0.0,0.0
2023-06-26 09:00:00+09:00,2499.0,2499.0,2399.0,2399.0,800,0.0,0.0
2023-06-26 11:00:00+09:00,2399.0,2399.0,2399.0,2399.0,0,0.0,0.0
2023-06-26 14:00:00+09:00,2486.0,2494.0,2486.0,2494.0,1400,0.0,0.0
2023-06-27 09:00:00+09:00,2490.0,2490.0,2490.0,2490.0,300,0.0,0.0
2023-06-27 11:00:00+09:00,2452.0,2452.0,2452.0,2452.0,0,0.0,0.0
2023-06-28 13:00:00+09:00,2427.0,2455.0,2427.0,2455.0,300,0.0,0.0
2023-06-29 12:00:00+09:00,2483.0,2483.0,2483.0,2483.0,100,0.0,0.0
2023-06-29 14:00:00+09:00,2491.0,2491.0,2491.0,2491.0,100,0.0,0.0
2023-06-30 12:00:00+09:00,2500.0,2500.0,2500.0,2500.0,100,0.0,0.0
2023-07-03 09:00:00+09:00,2500.0,2500.0,2460.0,2460.0,0,0.0,0.0
2023-07-03 10:00:00+09:00,2458.0,2458.0,2457.0,2457.0,400,0.0,0.0
2023-07-03 11:00:00+09:00,2457.0,2457.0,2457.0,2457.0,0,0.0,0.0
2023-07-03 14:00:00+09:00,2456.0,2458.0,2456.0,2458.0,800,0.0,0.0
2023-07-04 09:00:00+09:00,2458.0,2458.0,2458.0,2458.0,200,0.0,0.0
2023-07-04 11:00:00+09:00,2458.0,2458.0,2458.0,2458.0,0,0.0,0.0
2023-07-04 14:00:00+09:00,2442.0,2442.0,2442.0,2442.0,300,0.0,0.0
2023-07-05 09:00:00+09:00,2440.0,2440.0,2440.0,2440.0,400,0.0,0.0
2023-07-05 11:00:00+09:00,2440.0,2440.0,2440.0,2440.0,0,0.0,0.0
2023-07-05 13:00:00+09:00,2475.0,2475.0,2475.0,2475.0,500,0.0,0.0
2023-07-05 14:00:00+09:00,2471.0,2471.0,2471.0,2471.0,100,0.0,0.0
2023-07-06 09:00:00+09:00,2461.0,2481.0,2461.0,2474.0,700,0.0,0.0
2023-07-06 10:00:00+09:00,2475.0,2475.0,2475.0,2475.0,100,0.0,0.0
2023-07-06 11:00:00+09:00,2475.0,2475.0,2475.0,2475.0,0,0.0,0.0
2023-07-06 13:00:00+09:00,2475.0,2475.0,2475.0,2475.0,900,0.0,0.0
2023-07-06 14:00:00+09:00,2478.0,2478.0,2478.0,2478.0,100,0.0,0.0
2023-07-07 09:00:00+09:00,2480.0,2480.0,2480.0,2480.0,100,0.0,0.0
2023-07-07 10:00:00+09:00,2470.0,2470.0,2460.0,2460.0,200,0.0,0.0
2023-07-07 11:00:00+09:00,2460.0,2460.0,2460.0,2460.0,0,0.0,0.0
2023-07-07 13:00:00+09:00,2457.0,2457.0,2457.0,2457.0,400,0.0,0.0
2023-07-07 14:00:00+09:00,2460.0,2464.0,2450.0,2450.0,300,0.0,0.0
2023-07-10 09:00:00+09:00,2500.0,2500.0,2500.0,2500.0,1500,0.0,0.0
2023-07-10 11:00:00+09:00,2500.0,2500.0,2500.0,2500.0,0,0.0,0.0
2023-07-10 13:00:00+09:00,2450.0,2450.0,2443.0,2443.0,1700,0.0,0.0
2023-07-10 14:00:00+09:00,2470.0,2470.0,2470.0,2470.0,100,0.0,0.0
2023-07-11 09:00:00+09:00,2498.0,2498.0,2498.0,2498.0,200,0.0,0.0
2023-07-11 10:00:00+09:00,2494.0,2494.0,2490.0,2490.0,200,0.0,0.0
2023-07-11 11:00:00+09:00,2490.0,2490.0,2490.0,2490.0,0,0.0,0.0
2023-07-11 14:00:00+09:00,2440.0,2440.0,2440.0,2440.0,500,0.0,0.0
2023-07-12 09:00:00+09:00,2440.0,2440.0,2440.0,2440.0,200,0.0,0.0
2023-07-12 10:00:00+09:00,2441.0,2441.0,2440.0,2440.0,1100,0.0,0.0
2023-07-12 11:00:00+09:00,2440.0,2440.0,2440.0,2440.0,0,0.0,0.0
2023-07-13 09:00:00+09:00,2465.0,2465.0,2465.0,2465.0,0,0.0,0.0
2023-07-13 11:00:00+09:00,2465.0,2465.0,2465.0,2465.0,0,0.0,0.0
2023-07-19 14:00:00+09:00,2416.0,2416.0,2416.0,2416.0,100,0.0,0.0
2023-07-21 09:00:00+09:00,2430.0,2470.0,2430.0,2470.0,0,0.0,0.0
2023-07-21 10:00:00+09:00,2470.0,2470.0,2470.0,2470.0,600,0.0,0.0
2023-07-21 11:00:00+09:00,2474.0,2474.0,2474.0,2474.0,0,0.0,0.0
2023-07-21 12:00:00+09:00,2474.0,2474.0,2474.0,2474.0,900,0.0,0.0
2023-07-21 14:00:00+09:00,2470.0,2470.0,2465.0,2465.0,200,0.0,0.0
2023-07-24 09:00:00+09:00,2483.0,2483.0,2483.0,2483.0,100,0.0,0.0
2023-07-24 11:00:00+09:00,2483.0,2483.0,2483.0,2483.0,0,0.0,0.0
2023-07-24 13:00:00+09:00,2483.0,2483.0,2483.0,2483.0,200,0.0,0.0
2023-07-24 14:00:00+09:00,2483.0,2483.0,2483.0,2483.0,100,0.0,0.0
2023-07-25 09:00:00+09:00,2483.0,2483.0,2483.0,2483.0,500,0.0,0.0
2023-07-25 10:00:00+09:00,2485.0,2490.0,2485.0,2490.0,600,0.0,0.0
2023-07-25 11:00:00+09:00,2490.0,2490.0,2490.0,2490.0,0,0.0,0.0
2023-07-25 13:00:00+09:00,2495.0,2495.0,2495.0,2495.0,1200,0.0,0.0
2023-07-25 14:00:00+09:00,2495.0,2513.0,2495.0,2513.0,500,0.0,0.0
2023-07-26 09:00:00+09:00,2600.0,2600.0,2560.0,2560.0,0,0.0,0.0
2023-07-26 10:00:00+09:00,2575.0,2590.0,2575.0,2590.0,0,0.0,0.0
2023-07-26 11:00:00+09:00,2590.0,2590.0,2590.0,2590.0,0,0.0,0.0
2023-07-26 13:00:00+09:00,2554.0,2554.0,2554.0,2554.0,4000,0.0,0.0
2023-07-26 14:00:00+09:00,2554.0,2554.0,2554.0,2554.0,100,0.0,0.0
2023-07-27 09:00:00+09:00,2550.0,2550.0,2450.0,2478.0,900,0.0,0.0
2023-07-27 11:00:00+09:00,2478.0,2478.0,2478.0,2478.0,0,0.0,0.0
2023-07-27 13:00:00+09:00,2467.0,2467.0,2467.0,2467.0,0,0.0,0.0
2023-07-28 09:00:00+09:00,2467.0,2467.0,2467.0,2467.0,200,0.0,0.0
2023-07-28 10:00:00+09:00,2463.0,2463.0,2463.0,2463.0,100,0.0,0.0
2023-07-28 11:00:00+09:00,2475.0,2495.0,2475.0,2495.0,0,0.0,0.0
2023-07-28 14:00:00+09:00,2485.0,2530.0,2485.0,2530.0,800,0.0,0.0
2023-07-31 09:00:00+09:00,2540.0,2540.0,2540.0,2540.0,300,0.0,0.0
2023-07-31 11:00:00+09:00,2540.0,2540.0,2540.0,2540.0,0,0.0,0.0
2023-08-01 09:00:00+09:00,2584.0,2584.0,2534.0,2534.0,300,0.0,0.0
2023-08-01 11:00:00+09:00,2534.0,2534.0,2534.0,2534.0,0,0.0,0.0
2023-08-01 12:00:00+09:00,2583.0,2583.0,2583.0,2583.0,400,0.0,0.0
2023-08-01 14:00:00+09:00,2560.0,2560.0,2560.0,2560.0,200,0.0,0.0
2023-08-02 09:00:00+09:00,2560.0,2560.0,2560.0,2560.0,200,0.0,0.0
2023-08-02 11:00:00+09:00,2560.0,2560.0,2560.0,2560.0,0,0.0,0.0
2023-08-02 12:00:00+09:00,2556.0,2556.0,2556.0,2556.0,300,0.0,0.0
2023-08-03 09:00:00+09:00,2514.0,2514.0,2514.0,2514.0,100,0.0,0.0
2023-08-03 10:00:00+09:00,2512.0,2512.0,2511.0,2511.0,200,0.0,0.0
2023-08-03 11:00:00+09:00,2511.0,2511.0,2511.0,2511.0,0,0.0,0.0
2023-08-03 12:00:00+09:00,2500.0,2500.0,2460.0,2460.0,500,0.0,0.0
2023-08-03 14:00:00+09:00,2462.0,2462.0,2462.0,2462.0,100,0.0,0.0
2023-08-04 09:00:00+09:00,2442.0,2443.0,2441.0,2443.0,800,0.0,0.0
2023-08-04 10:00:00+09:00,2441.0,2441.0,2440.0,2440.0,300,0.0,0.0
2023-08-04 11:00:00+09:00,2440.0,2440.0,2440.0,2440.0,0,0.0,0.0
2023-08-07 10:00:00+09:00,2480.0,2480.0,2480.0,2480.0,100,0.0,0.0
2023-08-07 11:00:00+09:00,2480.0,2480.0,2480.0,2480.0,0,0.0,0.0
2023-08-07 12:00:00+09:00,2451.0,2456.0,2450.0,2450.0,600,0.0,0.0
2023-08-07 13:00:00+09:00,2455.0,2455.0,2451.0,2451.0,300,0.0,0.0
2023-08-07 14:00:00+09:00,2499.0,2499.0,2499.0,2499.0,0,0.0,0.0
2023-08-08 09:00:00+09:00,2483.0,2483.0,2410.0,2410.0,600,0.0,0.0
2023-08-08 10:00:00+09:00,2363.0,2363.0,2356.0,2356.0,700,0.0,0.0
2023-08-08 11:00:00+09:00,2364.0,2380.0,2356.0,2376.0,0,0.0,0.0
2023-08-08 12:00:00+09:00,2380.0,2380.0,2380.0,2380.0,2600,0.0,0.0
2023-08-08 13:00:00+09:00,2380.0,2380.0,2380.0,2380.0,200,0.0,0.0
2023-08-08 14:00:00+09:00,2365.0,2368.0,2315.0,2316.0,0,0.0,0.0
2023-08-09 09:00:00+09:00,2320.0,2353.0,2320.0,2353.0,500,0.0,0.0
2023-08-09 11:00:00+09:00,2353.0,2353.0,2353.0,2353.0,0,0.0,0.0
2023-08-09 14:00:00+09:00,2325.0,2325.0,2325.0,2325.0,600,0.0,0.0
2023-08-10 09:00:00+09:00,2325.0,2350.0,2325.0,2350.0,700,0.0,0.0
2023-08-10 11:00:00+09:00,2350.0,2350.0,2350.0,2350.0,0,0.0,0.0
2023-08-14 09:00:00+09:00,2350.0,2377.0,2300.0,2377.0,1100,0.0,0.0
2023-08-14 11:00:00+09:00,2377.0,2377.0,2377.0,2377.0,0,0.0,0.0
2023-08-14 13:00:00+09:00,2370.0,2370.0,2370.0,2370.0,1200,0.0,0.0
2023-08-14 14:00:00+09:00,2370.0,2370.0,2370.0,2370.0,100,0.0,0.0
2023-08-15 09:00:00+09:00,2412.0,2412.0,2311.0,2311.0,700,0.0,0.0
2023-08-15 10:00:00+09:00,2312.0,2312.0,2310.0,2310.0,800,0.0,0.0
2023-08-15 11:00:00+09:00,2310.0,2310.0,2310.0,2310.0,0,0.0,0.0
2023-08-16 09:00:00+09:00,2310.0,2310.0,2308.0,2308.0,600,0.0,0.0
2023-08-16 11:00:00+09:00,2308.0,2308.0,2308.0,2308.0,0,0.0,0.0
2023-08-16 12:00:00+09:00,2318.0,2322.0,2317.0,2322.0,900,0.0,0.0
2023-08-17 09:00:00+09:00,2325.0,2329.0,2325.0,2325.0,300,0.0,0.0
2023-08-17 10:00:00+09:00,2310.0,2310.0,2310.0,2310.0,500,0.0,0.0
2023-08-17 11:00:00+09:00,2310.0,2310.0,2310.0,2310.0,0,0.0,0.0
2023-08-18 09:00:00+09:00,2310.0,2344.0,2308.0,2344.0,4600,0.0,0.0
2023-08-18 10:00:00+09:00,2305.0,2305.0,2305.0,2305.0,0,0.0,0.0
2023-08-18 11:00:00+09:00,2310.0,2310.0,2310.0,2310.0,0,0.0,0.0
2023-08-21 09:00:00+09:00,2295.0,2300.0,2295.0,2295.0,500,0.0,0.0
2023-08-21 11:00:00+09:00,2300.0,2301.0,2300.0,2301.0,0,0.0,0.0
2023-08-21 13:00:00+09:00,2290.0,2290.0,2290.0,2290.0,800,0.0,0.0
2023-08-21 14:00:00+09:00,2289.0,2290.0,2289.0,2290.0,400,0.0,0.0
2023-08-22 09:00:00+09:00,2276.0,2276.0,2273.0,2275.0,600,0.0,0.0
2023-08-22 11:00:00+09:00,2302.0,2302.0,2302.0,2302.0,0,0.0,0.0
2023-08-22 12:00:00+09:00,2298.0,2298.0,2298.0,2298.0,800,0.0,0.0
2023-08-22 13:00:00+09:00,2298.0,2298.0,2298.0,2298.0,100,0.0,0.0
2023-08-24 09:00:00+09:00,2310.0,2310.0,2310.0,2310.0,0,0.0,0.0
2023-08-24 11:00:00+09:00,2310.0,2310.0,2310.0,2310.0,0,0.0,0.0
2023-08-24 12:00:00+09:00,2310.0,2310.0,2310.0,2310.0,300,0.0,0.0
2023-08-25 10:00:00+09:00,2310.0,2310.0,2310.0,2310.0,100,0.0,0.0
2023-08-25 11:00:00+09:00,2310.0,2310.0,2310.0,2310.0,0,0.0,0.0
2023-08-25 12:00:00+09:00,2310.0,2310.0,2310.0,2310.0,400,0.0,0.0
2023-08-25 13:00:00+09:00,2310.0,2310.0,2310.0,2310.0,100,0.0,0.0
2023-08-25 14:00:00+09:00,2337.0,2342.0,2337.0,2342.0,200,0.0,0.0
2023-08-28 09:00:00+09:00,2382.0,2382.0,2321.0,2321.0,900,0.0,0.0
2023-08-28 10:00:00+09:00,2332.0,2332.0,2332.0,2332.0,100,0.0,0.0
2023-08-28 11:00:00+09:00,2332.0,2332.0,2332.0,2332.0,0,0.0,0.0
2023-08-28 14:00:00+09:00,2382.0,2382.0,2382.0,2382.0,1100,0.0,0.0
2023-08-29 10:00:00+09:00,2337.0,2339.0,2322.0,2322.0,600,0.0,0.0
2023-08-29 11:00:00+09:00,2322.0,2322.0,2322.0,2322.0,0,0.0,0.0
2023-08-29 13:00:00+09:00,2359.0,2359.0,2359.0,2359.0,700,0.0,0.0
2023-08-29 14:00:00+09:00,2359.0,2359.0,2359.0,2359.0,100,0.0,0.0
2023-08-30 09:00:00+09:00,2360.0,2360.0,2360.0,2360.0,100,0.0,0.0
2023-08-30 11:00:00+09:00,2360.0,2360.0,2360.0,2360.0,0,0.0,0.0
2023-08-30 14:00:00+09:00,2351.0,2351.0,2351.0,2351.0,200,0.0,0.0
2023-09-01 12:00:00+09:00,2352.0,2352.0,2352.0,2352.0,100,0.0,0.0
2023-09-01 14:00:00+09:00,2355.0,2355.0,2355.0,2355.0,100,0.0,0.0
2023-09-04 09:00:00+09:00,2355.0,2396.0,2355.0,2396.0,300,0.0,0.0
2023-09-04 10:00:00+09:00,2386.0,2386.0,2343.0,2343.0,300,0.0,0.0
2023-09-04 11:00:00+09:00,2343.0,2343.0,2343.0,2343.0,0,0.0,0.0
2023-09-05 09:00:00+09:00,2345.0,2346.0,2345.0,2345.0,300,0.0,0.0
2023-09-05 11:00:00+09:00,2345.0,2345.0,2343.0,2343.0,0,0.0,0.0
2023-09-07 09:00:00+09:00,2393.0,2393.0,2393.0,2393.0,100,0.0,0.0
2023-09-07 11:00:00+09:00,2393.0,2393.0,2393.0,2393.0,0,0.0,0.0
2023-09-07 14:00:00+09:00,2357.0,2357.0,2357.0,2357.0,200,0.0,0.0
2023-09-08 09:00:00+09:00,2392.0,2392.0,2392.0,2392.0,100,0.0,0.0
2023-09-08 11:00:00+09:00,2376.0,2376.0,2350.0,2350.0,0,0.0,0.0
2023-09-08 14:00:00+09:00,2340.0,2340.0,2330.0,2330.0,1100,0.0,0.0
2023-09-11 09:00:00+09:00,2330.0,2330.0,2330.0,2330.0,100,0.0,0.0
2023-09-11 11:00:00+09:00,2330.0,2330.0,2330.0,2330.0,0,0.0,0.0
2023-09-11 13:00:00+09:00,2333.0,2333.0,2333.0,2333.0,200,0.0,0.0
2023-09-12 13:00:00+09:00,2375.0,2375.0,2375.0,2375.0,100,0.0,0.0
2023-09-14 09:00:00+09:00,2372.0,2372.0,2360.0,2360.0,200,0.0,0.0
2023-09-14 10:00:00+09:00,2350.0,2350.0,2345.0,2345.0,200,0.0,0.0
2023-09-14 11:00:00+09:00,2345.0,2345.0,2345.0,2345.0,0,0.0,0.0
2023-09-14 12:00:00+09:00,2321.0,2321.0,2321.0,2321.0,900,0.0,0.0
2023-09-14 14:00:00+09:00,2340.0,2340.0,2340.0,2340.0,100,0.0,0.0
2023-09-15 09:00:00+09:00,2340.0,2340.0,2340.0,2340.0,200,0.0,0.0
2023-09-15 10:00:00+09:00,2330.0,2330.0,2330.0,2330.0,100,0.0,0.0
2023-09-15 11:00:00+09:00,2330.0,2330.0,2330.0,2330.0,0,0.0,0.0
2023-09-15 12:00:00+09:00,2332.0,2332.0,2332.0,2332.0,500,0.0,0.0
2023-09-15 13:00:00+09:00,2366.0,2370.0,2366.0,2370.0,700,0.0,0.0
2023-09-15 14:00:00+09:00,2370.0,2370.0,2370.0,2370.0,100,0.0,0.0
2023-09-19 09:00:00+09:00,2365.0,2365.0,2365.0,2365.0,100,0.0,0.0
2023-09-19 11:00:00+09:00,2365.0,2365.0,2365.0,2365.0,0,0.0,0.0
2023-09-19 12:00:00+09:00,2414.0,2414.0,2414.0,2414.0,200,0.0,0.0
2023-09-19 13:00:00+09:00,2432.0,2432.0,2432.0,2432.0,200,0.0,0.0
2023-09-20 09:00:00+09:00,2390.0,2390.0,2390.0,2390.0,100,0.0,0.0
2023-09-20 11:00:00+09:00,2391.0,2391.0,2390.0,2390.0,0,0.0,0.0
2023-09-20 13:00:00+09:00,2420.0,2420.0,2403.0,2403.0,700,0.0,0.0
2023-09-20 14:00:00+09:00,2397.0,2397.0,2397.0,2397.0,100,0.0,0.0
2023-09-21 09:00:00+09:00,2370.0,2370.0,2370.0,2370.0,200,0.0,0.0
2023-09-21 11:00:00+09:00,2370.0,2370.0,2370.0,2370.0,0,0.0,0.0
2023-09-21 13:00:00+09:00,2370.0,2370.0,2370.0,2370.0,600,0.0,0.0
2023-09-21 14:00:00+09:00,2398.0,2398.0,2398.0,2398.0,100,0.0,0.0
2023-09-25 14:00:00+09:00,2396.0,2400.0,2389.0,2400.0,300,0.0,0.0
2023-09-26 09:00:00+09:00,2400.0,2400.0,2400.0,2400.0,3600,0.0,0.0
2023-09-26 10:00:00+09:00,2360.0,2360.0,2360.0,2360.0,0,0.0,0.0
2023-09-26 11:00:00+09:00,2365.0,2365.0,2365.0,2365.0,0,0.0,0.0
2023-09-26 14:00:00+09:00,2349.0,2349.0,2331.0,2343.0,4600,0.0,0.0
2023-09-27 09:00:00+09:00,2361.0,2362.0,2359.0,2362.0,500,0.0,0.0
2023-09-27 11:00:00+09:00,2362.0,2364.0,2362.0,2364.0,0,0.0,0.0
2023-09-27 13:00:00+09:00,2322.0,2322.0,2321.0,2321.0,900,0.0,0.0
2023-09-28 13:00:00+09:00,2326.0,2326.0,2326.0,2326.0,200,0.0,0.0
2023-09-29 09:00:00+09:00,2426.0,2426.0,2426.0,2426.0,200,0.0,0.0
2023-09-29 10:00:00+09:00,2417.0,2417.0,2417.0,2417.0,100,0.0,0.0
2023-09-29 11:00:00+09:00,2417.0,2417.0,2417.0,2417.0,0,0.0,0.0
2023-09-29 13:00:00+09:00,2339.0,2339.0,2339.0,2339.0,400,0.0,0.0
2023-10-02 09:00:00+09:00,2289.0,2301.0,2286.0,2301.0,3000,0.0,0.0
2023-10-02 11:00:00+09:00,2301.0,2301.0,2301.0,2301.0,0,0.0,0.0
2023-10-02 12:00:00+09:00,2321.0,2321.0,2305.0,2305.0,3300,0.0,0.0
2023-10-02 13:00:00+09:00,2305.0,2305.0,2304.0,2304.0,200,0.0,0.0
2023-10-03 09:00:00+09:00,2311.0,2311.0,2300.0,2300.0,500,0.0,0.0
2023-10-03 10:00:00+09:00,2300.0,2300.0,2300.0,2300.0,200,0.0,0.0
2023-10-03 11:00:00+09:00,2300.0,2300.0,2300.0,2300.0,0,0.0,0.0
2023-10-03 12:00:00+09:00,2272.0,2272.0,2270.0,2270.0,1000,0.0,0.0
2023-10-03 14:00:00+09:00,2270.0,2270.0,2270.0,2270.0,100,0.0,0.0
2023-10-04 09:00:00+09:00,2245.0,2270.0,2245.0,2270.0,2000,0.0,0.0
2023-10-04 10:00:00+09:00,2270.0,2270.0,2270.0,2270.0,100,0.0,0.0
2023-10-04 11:00:00+09:00,2270.0,2270.0,2270.0,2270.0,0,0.0,0.0
2023-10-04 13:00:00+09:00,2258.0,2258.0,2258.0,2258.0,2200,0.0,0.0
2023-10-04 14:00:00+09:00,2257.0,2257.0,2257.0,2257.0,100,0.0,0.0
2023-10-05 13:00:00+09:00,2258.0,2258.0,2253.0,2253.0,200,0.0,0.0
2023-10-06 09:00:00+09:00,2263.0,2288.0,2263.0,2288.0,300,0.0,0.0
2023-10-06 10:00:00+09:00,2304.0,2304.0,2304.0,2304.0,100,0.0,0.0
2023-10-06 11:00:00+09:00,2304.0,2304.0,2304.0,2304.0,0,0.0,0.0
2023-10-06 12:00:00+09:00,2304.0,2304.0,2304.0,2304.0,500,0.0,0.0
2023-10-10 09:00:00+09:00,2304.0,2304.0,2304.0,2304.0,100,0.0,0.0
2023-10-10 11:00:00+09:00,2304.0,2304.0,2304.0,2304.0,0,0.0,0.0
2023-10-10 12:00:00+09:00,2303.0,2303.0,2303.0,2303.0,500,0.0,0.0
2023-10-10 14:00:00+09:00,2303.0,2303.0,2303.0,2303.0,100,0.0,0.0
2023-10-12 09:00:00+09:00,2280.0,2280.0,2280.0,2280.0,100,0.0,0.0
2023-10-12 10:00:00+09:00,2280.0,2280.0,2280.0,2280.0,100,0.0,0.0
2023-10-12 11:00:00+09:00,2280.0,2280.0,2280.0,2280.0,0,0.0,0.0
2023-10-12 13:00:00+09:00,2315.0,2315.0,2315.0,2315.0,300,0.0,0.0
2023-10-12 14:00:00+09:00,2285.0,2285.0,2285.0,2285.0,100,0.0,0.0
2023-10-13 11:00:00+09:00,2316.0,2316.0,2316.0,2316.0,100,0.0,0.0
2023-10-17 09:00:00+09:00,2300.0,2300.0,2300.0,2300.0,100,0.0,0.0
2023-10-17 11:00:00+09:00,2300.0,2300.0,2300.0,2300.0,0,0.0,0.0
2023-10-17 13:00:00+09:00,2300.0,2300.0,2300.0,2300.0,300,0.0,0.0
2023-10-18 13:00:00+09:00,2309.0,2309.0,2301.0,2301.0,200,0.0,0.0
2023-10-19 09:00:00+09:00,2300.0,2300.0,2300.0,2300.0,100,0.0,0.0
2023-10-19 10:00:00+09:00,2301.0,2301.0,2301.0,2301.0,100,0.0,0.0
2023-10-19 11:00:00+09:00,2301.0,2301.0,2301.0,2301.0,0,0.0,0.0
2023-10-19 12:00:00+09:00,2320.0,2320.0,2320.0,2320.0,300,0.0,0.0
2023-10-20 09:00:00+09:00,2300.0,2300.0,2290.0,2290.0,400,0.0,0.0
2023-10-20 11:00:00+09:00,2285.0,2285.0,2285.0,2285.0,0,0.0,0.0
2023-10-23 09:00:00+09:00,2285.0,2285.0,2281.0,2281.0,200,0.0,0.0
2023-10-23 11:00:00+09:00,2281.0,2281.0,2281.0,2281.0,0,0.0,0.0
2023-10-23 12:00:00+09:00,2281.0,2281.0,2281.0,2281.0,300,0.0,0.0
2023-10-24 10:00:00+09:00,2290.0,2290.0,2290.0,2290.0,100,0.0,0.0
2023-10-24 11:00:00+09:00,2290.0,2290.0,2290.0,2290.0,0,0.0,0.0
2023-10-24 12:00:00+09:00,2298.0,2298.0,2298.0,2298.0,200,0.0,0.0
2023-10-24 14:00:00+09:00,2281.0,2281.0,2281.0,2281.0,100,0.0,0.0
2023-10-25 14:00:00+09:00,2319.0,2320.0,2319.0,2320.0,200,0.0,0.0
2023-10-26 09:00:00+09:00,2320.0,2342.0,2320.0,2342.0,600,0.0,0.0
2023-10-26 11:00:00+09:00,2342.0,2342.0,2342.0,2342.0,0,0.0,0.0
2023-10-27 09:00:00+09:00,2300.0,2300.0,2280.0,2280.0,200,0.0,0.0
2023-10-27 10:00:00+09:00,2299.0,2300.0,2299.0,2300.0,800,0.0,0.0
2023-10-27 11:00:00+09:00,2300.0,2300.0,2300.0,2300.0,0,0.0,0.0
2023-10-27 14:00:00+09:00,2301.0,2301.0,2301.0,2301.0,1400,0.0,0.0
2023-10-30 09:00:00+09:00,2315.0,2315.0,2290.0,2290.0,300,0.0,0.0
2023-10-30 11:00:00+09:00,2291.0,2291.0,2290.0,2290.0,0,0.0,0.0
2023-11-01 09:00:00+09:00,2283.0,2283.0,2283.0,2283.0,1300,0.0,0.0
2023-11-01 11:00:00+09:00,2283.0,2283.0,2283.0,2283.0,0,0.0,0.0
2023-11-01 14:00:00+09:00,2284.0,2284.0,2283.0,2283.0,1800,0.0,0.0
2023-11-02 09:00:00+09:00,2286.0,2286.0,2286.0,2286.0,200,0.0,0.0
2023-11-02 11:00:00+09:00,2286.0,2286.0,2286.0,2286.0,0,0.0,0.0
2023-11-06 09:00:00+09:00,2286.0,2286.0,2286.0,2286.0,100,0.0,0.0
2023-11-06 11:00:00+09:00,2286.0,2286.0,2286.0,2286.0,0,0.0,0.0
2023-11-06 13:00:00+09:00,2284.0,2284.0,2284.0,2284.0,200,0.0,0.0
2023-11-07 13:00:00+09:00,2284.0,2284.0,2284.0,2284.0,100,0.0,0.0
2023-11-07 14:00:00+09:00,2285.0,2285.0,2285.0,2285.0,100,0.0,0.0
2023-11-09 13:00:00+09:00,2294.0,2294.0,2294.0,2294.0,100,0.0,0.0
2023-11-09 14:00:00+09:00,2294.0,2294.0,2294.0,2294.0,100,0.0,0.0
2023-11-10 09:00:00+09:00,2294.0,2294.0,2294.0,2294.0,300,0.0,0.0
2023-11-10 11:00:00+09:00,2285.0,2285.0,2285.0,2285.0,0,0.0,0.0
2023-11-10 13:00:00+09:00,2290.0,2290.0,2290.0,2290.0,600,0.0,0.0
2023-11-10 14:00:00+09:00,2290.0,2290.0,2284.0,2284.0,300,0.0,0.0
2023-11-13 12:00:00+09:00,2297.0,2297.0,2297.0,2297.0,200,0.0,0.0
2023-11-13 13:00:00+09:00,2300.0,2300.0,2300.0,2300.0,400,0.0,0.0
2023-11-13 14:00:00+09:00,2334.0,2334.0,2334.0,2334.0,100,0.0,0.0
2023-11-14 09:00:00+09:00,2259.0,2277.0,2249.0,2277.0,2100,0.0,0.0
2023-11-14 10:00:00+09:00,2275.0,2277.0,2275.0,2277.0,300,0.0,0.0
2023-11-14 11:00:00+09:00,2287.0,2287.0,2287.0,2287.0,0,0.0,0.0
2023-11-14 13:00:00+09:00,2262.0,2265.0,2262.0,2265.0,2800,0.0,0.0
2023-11-14 14:00:00+09:00,2262.0,2279.0,2262.0,2279.0,300,0.0,0.0
2023-11-15 11:00:00+09:00,2265.0,2265.0,2265.0,2265.0,100,0.0,0.0
2023-11-15 14:00:00+09:00,2270.0,2275.0,2270.0,2275.0,400,0.0,0.0
2023-11-16 09:00:00+09:00,2287.0,2287.0,2287.0,2287.0,300,0.0,0.0
2023-11-16 11:00:00+09:00,2280.0,2280.0,2280.0,2280.0,0,0.0,0.0
2023-11-16 12:00:00+09:00,2267.0,2267.0,2267.0,2267.0,1400,0.0,0.0
2023-11-16 13:00:00+09:00,2266.0,2266.0,2266.0,2266.0,100,0.0,0.0
2023-11-17 09:00:00+09:00,2266.0,2266.0,2266.0,2266.0,100,0.0,0.0
2023-11-17 10:00:00+09:00,2293.0,2293.0,2263.0,2263.0,300,0.0,0.0
2023-11-17 11:00:00+09:00,2263.0,2263.0,2263.0,2263.0,0,0.0,0.0
2023-11-17 13:00:00+09:00,2263.0,2263.0,2263.0,2263.0,600,0.0,0.0
2023-11-20 09:00:00+09:00,2283.0,2283.0,2265.0,2265.0,200,0.0,0.0
2023-11-20 10:00:00+09:00,2265.0,2265.0,2260.0,2260.0,1100,0.0,0.0
2023-11-20 11:00:00+09:00,2260.0,2260.0,2260.0,2260.0,0,0.0,0.0
2023-11-20 12:00:00+09:00,2260.0,2260.0,2260.0,2260.0,1500,0.0,0.0
2023-11-20 13:00:00+09:00,2260.0,2260.0,2260.0,2260.0,1700,0.0,0.0
2023-11-20 14:00:00+09:00,2260.0,2295.0,2260.0,2295.0,300,0.0,0.0
2023-11-22 09:00:00+09:00,2295.0,2300.0,2295.0,2295.0,1100,0.0,0.0
2023-11-22 11:00:00+09:00,2309.0,2309.0,2309.0,2309.0,0,0.0,0.0
2023-11-22 12:00:00+09:00,2262.0,2262.0,2262.0,2262.0,1300,0.0,0.0
2023-11-22 14:00:00+09:00,2267.0,2267.0,2267.0,2267.0,100,0.0,0.0
2023-11-24 13:00:00+09:00,2300.0,2300.0,2276.0,2276.0,200,0.0,0.0
2023-11-24 14:00:00+09:00,2280.0,2304.0,2280.0,2304.0,200,0.0,0.0
2023-11-27 09:00:00+09:00,2310.0,2310.0,2310.0,2310.0,1100,0.0,0.0
2023-11-27 10:00:00+09:00,2310.0,2310.0,2310.0,2310.0,200,0.0,0.0
2023-11-27 11:00:00+09:00,2310.0,2310.0,2310.0,2310.0,0,0.0,0.0
2023-11-27 13:00:00+09:00,2310.0,2310.0,2310.0,2310.0,1800,0.0,0.0
2023-11-27 14:00:00+09:00,2310.0,2310.0,2310.0,2310.0,400,0.0,0.0
2023-11-28 09:00:00+09:00,2310.0,2310.0,2310.0,2310.0,200,0.0,0.0
2023-11-28 10:00:00+09:00,2310.0,2310.0,2310.0,2310.0,100,0.0,0.0
2023-11-28 11:00:00+09:00,2276.0,2276.0,2276.0,2276.0,0,0.0,0.0
2023-11-28 12:00:00+09:00,2310.0,2310.0,2310.0,2310.0,500,0.0,0.0
2023-11-29 09:00:00+09:00,2305.0,2305.0,2305.0,2305.0,500,0.0,0.0
2023-11-29 11:00:00+09:00,2305.0,2305.0,2305.0,2305.0,0,0.0,0.0
2023-11-29 13:00:00+09:00,2303.0,2303.0,2303.0,2303.0,700,0.0,0.0
2023-11-30 10:00:00+09:00,2290.0,2290.0,2274.0,2274.0,300,0.0,0.0
2023-11-30 11:00:00+09:00,2274.0,2274.0,2274.0,2274.0,0,0.0,0.0
2023-11-30 13:00:00+09:00,2303.0,2303.0,2303.0,2303.0,400,0.0,0.0
2023-12-01 09:00:00+09:00,2280.0,2280.0,2280.0,2280.0,200,0.0,0.0
2023-12-01 11:00:00+09:00,2300.0,2300.0,2300.0,2300.0,0,0.0,0.0
2023-12-04 09:00:00+09:00,2300.0,2300.0,2300.0,2300.0,200,0.0,0.0
2023-12-04 10:00:00+09:00,2305.0,2305.0,2305.0,2305.0,200,0.0,0.0
2023-12-04 11:00:00+09:00,2305.0,2305.0,2305.0,2305.0,0,0.0,0.0
2023-12-04 12:00:00+09:00,2305.0,2305.0,2305.0,2305.0,500,0.0,0.0
2023-12-05 09:00:00+09:00,2305.0,2310.0,2305.0,2310.0,1200,0.0,0.0
2023-12-05 11:00:00+09:00,2310.0,2310.0,2310.0,2310.0,0,0.0,0.0
2023-12-05 12:00:00+09:00,2310.0,2310.0,2310.0,2310.0,1300,0.0,0.0
2023-12-05 13:00:00+09:00,2309.0,2310.0,2309.0,2310.0,300,0.0,0.0
2023-12-05 14:00:00+09:00,2310.0,2310.0,2310.0,2310.0,100,0.0,0.0
2023-12-06 09:00:00+09:00,2310.0,2310.0,2310.0,2310.0,200,0.0,0.0
2023-12-06 11:00:00+09:00,2310.0,2310.0,2310.0,2310.0,0,0.0,0.0
2023-12-06 13:00:00+09:00,2318.0,2318.0,2318.0,2318.0,300,0.0,0.0
2023-12-07 09:00:00+09:00,2335.0,2335.0,2321.0,2335.0,400,0.0,0.0
2023-12-07 10:00:00+09:00,2335.0,2335.0,2331.0,2331.0,500,0.0,0.0
2023-12-07 11:00:00+09:00,2331.0,2331.0,2331.0,2331.0,0,0.0,0.0
2023-12-07 14:00:00+09:00,2331.0,2331.0,2331.0,2331.0,1000,0.0,0.0
2023-12-08 09:00:00+09:00,2348.0,2348.0,2348.0,2348.0,1600,0.0,0.0
2023-12-08 10:00:00+09:00,2321.0,2321.0,2321.0,2321.0,100,0.0,0.0
2023-12-08 11:00:00+09:00,2332.0,2332.0,2332.0,2332.0,0,0.0,0.0
2023-12-08 14:00:00+09:00,2332.0,2332.0,2332.0,2332.0,2100,0.0,0.0
2023-12-11 10:00:00+09:00,2347.0,2347.0,2347.0,2347.0,100,0.0,0.0
2023-12-11 11:00:00+09:00,2347.0,2347.0,2347.0,2347.0,0,0.0,0.0
2023-12-11 14:00:00+09:00,2348.0,2348.0,2348.0,2348.0,200,0.0,0.0
2023-12-12 09:00:00+09:00,2348.0,2348.0,2348.0,2348.0,100,0.0,0.0
2023-12-12 11:00:00+09:00,2337.0,2337.0,2336.0,2336.0,0,0.0,0.0
2023-12-12 13:00:00+09:00,2335.0,2335.0,2335.0,2335.0,500,0.0,0.0
2023-12-13 13:00:00+09:00,2345.0,2350.0,2345.0,2350.0,700,0.0,0.0
2023-12-14 09:00:00+09:00,2341.0,2341.0,2341.0,2341.0,100,0.0,0.0
2023-12-14 10:00:00+09:00,2340.0,2340.0,2340.0,2340.0,300,0.0,0.0
2023-12-14 11:00:00+09:00,2338.0,2338.0,2338.0,2338.0,0,0.0,0.0
2023-12-14 12:00:00+09:00,2320.0,2320.0,2314.0,2314.0,700,0.0,0.0
2023-12-15 09:00:00+09:00,2307.0,2330.0,2305.0,2330.0,500,0.0,0.0
2023-12-15 11:00:00+09:00,2330.0,2330.0,2330.0,2330.0,0,0.0,0.0
2023-12-15 12:00:00+09:00,2330.0,2330.0,2330.0,2330.0,600,0.0,0.0
2023-12-18 12:00:00+09:00,2325.0,2325.0,2314.0,2314.0,200,0.0,0.0
2023-12-18 13:00:00+09:00,2315.0,2315.0,2315.0,2315.0,100,0.0,0.0
2023-12-19 09:00:00+09:00,2315.0,2315.0,2315.0,2315.0,200,0.0,0.0
2023-12-19 10:00:00+09:00,2319.0,2319.0,2319.0,2319.0,200,0.0,0.0
2023-12-19 11:00:00+09:00,2319.0,2319.0,2319.0,2319.0,0,0.0,0.0
2023-12-20 13:00:00+09:00,2320.0,2320.0,2320.0,2320.0,100,0.0,0.0
2023-12-21 09:00:00+09:00,2310.0,2310.0,2310.0,2310.0,100,0.0,0.0
2023-12-21 10:00:00+09:00,2314.0,2314.0,2309.0,2309.0,400,0.0,0.0
2023-12-21 11:00:00+09:00,2309.0,2309.0,2309.0,2309.0,0,0.0,0.0
2023-12-21 12:00:00+09:00,2345.0,2345.0,2345.0,2345.0,600,0.0,0.0
2023-12-22 09:00:00+09:00,2362.0,2362.0,2313.0,2313.0,700,0.0,0.0
2023-12-22 11:00:00+09:00,2313.0,2313.0,2313.0,2313.0,0,0.0,0.0
2023-12-22 14:00:00+09:00,2357.0,2357.0,2357.0,2357.0,800,0.0,0.0
2023-12-25 10:00:00+09:00,2349.0,2349.0,2322.0,2322.0,600,0.0,0.0
2023-12-25 11:00:00+09:00,2331.0,2331.0,2331.0,2331.0,0,0.0,0.0
2023-12-26 09:00:00+09:00,2342.0,2342.0,2342.0,2342.0,700,0.0,0.0
2023-12-26 10:00:00+09:00,2347.0,2347.0,2321.0,2321.0,600,0.0,0.0
2023-12-26 11:00:00+09:00,2340.0,2367.0,2320.0,2320.0,0,0.0,0.0
2023-12-26 12:00:00+09:00,2321.0,2321.0,2315.0,2315.0,3200,0.0,0.0
2023-12-26 13:00:00+09:00,2314.0,2314.0,2301.0,2314.0,1000,0.0,0.0
2023-12-26 14:00:00+09:00,2316.0,2316.0,2316.0,2316.0,200,0.0,0.0
2023-12-27 09:00:00+09:00,2320.0,2320.0,2320.0,2320.0,100,0.0,0.0
2023-12-27 11:00:00+09:00,2320.0,2320.0,2320.0,2320.0,0,0.0,0.0
2023-12-27 12:00:00+09:00,2320.0,2320.0,2320.0,2320.0,200,0.0,0.0
2023-12-27 14:00:00+09:00,2316.0,2316.0,2316.0,2316.0,100,0.0,0.0
2023-12-28 09:00:00+09:00,2319.0,2319.0,2318.0,2318.0,200,0.0,0.0
2023-12-28 11:00:00+09:00,2340.0,2384.0,2340.0,2384.0,0,0.0,0.0
2023-12-29 09:00:00+09:00,2372.0,2372.0,2370.0,2370.0,200,0.0,0.0
2023-12-29 10:00:00+09:00,2372.0,2374.0,2349.0,2349.0,600,0.0,0.0
2023-12-29 11:00:00+09:00,2349.0,2349.0,2349.0,2349.0,0,0.0,0.0
2023-12-29 12:00:00+09:00,2347.0,2347.0,2347.0,2347.0,1000,0.0,0.0
2023-12-29 13:00:00+09:00,2347.0,2347.0,2347.0,2347.0,200,0.0,0.0
2024-01-04 09:00:00+09:00,2375.0,2398.0,2375.0,2398.0,600,0.0,0.0
2024-01-04 10:00:00+09:00,2397.0,2400.0,2397.0,2400.0,600,0.0,0.0
2024-01-04 11:00:00+09:00,2401.0,2404.0,2401.0,2404.0,0,0.0,0.0
2024-01-04 12:00:00+09:00,2423.0,2423.0,2423.0,2423.0,1500,0.0,0.0
2024-01-05 09:00:00+09:00,2423.0,2425.0,2422.0,2425.0,700,0.0,0.0
2024-01-05 10:00:00+09:00,2425.0,2425.0,2425.0,2425.0,100,0.0,0.0
2024-01-05 11:00:00+09:00,2425.0,2425.0,2425.0,2425.0,0,0.0,0.0
2024-01-05 12:00:00+09:00,2411.0,2411.0,2411.0,2411.0,900,0.0,0.0
2024-01-05 14:00:00+09:00,2411.0,2411.0,2405.0,2405.0,300,0.0,0.0
2024-01-09 09:00:00+09:00,2418.0,2418.0,2418.0,2418.0,100,0.0,0.0
2024-01-09 11:00:00+09:00,2418.0,2418.0,2418.0,2418.0,0,0.0,0.0
2024-01-09 14:00:00+09:00,2423.0,2423.0,2423.0,2423.0,200,0.0,0.0
2024-01-10 09:00:00+09:00,2401.0,2401.0,2401.0,2401.0,1000,0.0,0.0
2024-01-10 11:00:00+09:00,2402.0,2402.0,2402.0,2402.0,0,0.0,0.0
2024-01-10 12:00:00+09:00,2446.0,2446.0,2446.0,2446.0,1200,0.0,0.0
2024-01-11 12:00:00+09:00,2406.0,2406.0,2406.0,2406.0,100,0.0,0.0
2024-01-11 14:00:00+09:00,2443.0,2443.0,2443.0,2443.0,100,0.0,0.0
2024-01-15 09:00:00+09:00,2402.0,2404.0,2402.0,2404.0,200,0.0,0.0
2024-01-15 11:00:00+09:00,2404.0,2404.0,2404.0,2404.0,0,0.0,0.0
2024-01-16 09:00:00+09:00,2444.0,2444.0,2444.0,2444.0,400,0.0,0.0
2024-01-16 11:00:00+09:00,2444.0,2444.0,2444.0,2444.0,0,0.0,0.0
2024-01-16 12:00:00+09:00,2444.0,2444.0,2444.0,2444.0,900,0.0,0.0
2024-01-16 14:00:00+09:00,2412.0,2412.0,2411.0,2411.0,400,0.0,0.0
2024-01-17 09:00:00+09:00,2402.0,2403.0,2400.0,2400.0,400,0.0,0.0
2024-01-17 11:00:00+09:00,2400.0,2400.0,2400.0,2400.0,0,0.0,0.0
2024-01-17 14:00:00+09:00,2410.0,2410.0,2410.0,2410.0,700,0.0,0.0
2024-01-18 09:00:00+09:00,2439.0,2439.0,2439.0,2439.0,100,0.0,0.0
2024-01-18 10:00:00+09:00,2412.0,2412.0,2412.0,2412.0,100,0.0,0.0
2024-01-18 11:00:00+09:00,2412.0,2412.0,2412.0,2412.0,0,0.0,0.0
2024-01-19 09:00:00+09:00,2400.0,2400.0,2386.0,2386.0,900,0.0,0.0
2024-01-19 11:00:00+09:00,2386.0,2386.0,2377.0,2377.0,0,0.0,0.0
2024-01-19 12:00:00+09:00,2427.0,2427.0,2427.0,2427.0,2000,0.0,0.0
2024-01-22 09:00:00+09:00,2399.0,2400.0,2399.0,2400.0,900,0.0,0.0
2024-01-22 10:00:00+09:00,2399.0,2399.0,2398.0,2398.0,200,0.0,0.0
2024-01-22 11:00:00+09:00,2398.0,2398.0,2398.0,2398.0,0,0.0,0.0
2024-01-22 12:00:00+09:00,2425.0,2425.0,2425.0,2425.0,1200,0.0,0.0
2024-01-22 13:00:00+09:00,2425.0,2425.0,2425.0,2425.0,100,0.0,0.0
2024-01-23 14:00:00+09:00,2408.0,2408.0,2408.0,2408.0,100,0.0,0.0
2024-01-24 09:00:00+09:00,2429.0,2429.0,2420.0,2420.0,900,0.0,0.0
2024-01-24 11:00:00+09:00,2420.0,2420.0,2420.0,2420.0,0,0.0,0.0
2024-01-24 12:00:00+09:00,2423.0,2423.0,2418.0,2418.0,1300,0.0,0.0
2024-01-25 14:00:00+09:00,2440.0,2440.0,2440.0,2440.0,700,0.0,0.0
2024-01-26 09:00:00+09:00,2459.0,2459.0,2459.0,2459.0,0,0.0,0.0
2024-01-26 11:00:00+09:00,2459.0,2459.0,2459.0,2459.0,0,0.0,0.0
2024-01-26 12:00:00+09:00,2450.0,2450.0,2450.0,2450.0,800,0.0,0.0
2024-01-29 09:00:00+09:00,2450.0,2450.0,2450.0,2450.0,200,0.0,0.0
2024-01-29 11:00:00+09:00,2450.0,2450.0,2450.0,2450.0,0,0.0,0.0
2024-01-29 14:00:00+09:00,2450.0,2450.0,2450.0,2450.0,300,0.0,0.0
2024-01-30 09:00:00+09:00,2450.0,2450.0,2450.0,2450.0,200,0.0,0.0
2024-01-30 10:00:00+09:00,2450.0,2450.0,2450.0,2450.0,400,0.0,0.0
2024-01-30 11:00:00+09:00,2450.0,2450.0,2450.0,2450.0,0,0.0,0.0
2024-01-31 09:00:00+09:00,2450.0,2450.0,2450.0,2450.0,100,0.0,0.0
2024-01-31 10:00:00+09:00,2455.0,2455.0,2455.0,2455.0,100,0.0,0.0
2024-01-31 11:00:00+09:00,2455.0,2455.0,2455.0,2455.0,0,0.0,0.0
2024-02-01 09:00:00+09:00,2462.0,2462.0,2461.0,2461.0,200,0.0,0.0
2024-02-01 11:00:00+09:00,2461.0,2461.0,2461.0,2461.0,0,0.0,0.0
2024-02-01 12:00:00+09:00,2461.0,2461.0,2460.0,2460.0,400,0.0,0.0
2024-02-01 14:00:00+09:00,2473.0,2473.0,2473.0,2473.0,100,0.0,0.0
2024-02-02 09:00:00+09:00,2473.0,2473.0,2473.0,2473.0,200,0.0,0.0
2024-02-02 11:00:00+09:00,2473.0,2473.0,2473.0,2473.0,0,0.0,0.0
2024-02-02 13:00:00+09:00,2462.0,2462.0,2462.0,2462.0,300,0.0,0.0
2024-02-05 09:00:00+09:00,2440.0,2479.0,2440.0,2479.0,700,0.0,0.0
2024-02-05 11:00:00+09:00,2476.0,2476.0,2476.0,2476.0,0,0.0,0.0
2024-02-05 12:00:00+09:00,2451.0,2451.0,2451.0,2451.0,900,0.0,0.0
2024-02-05 14:00:00+09:00,2455.0,2455.0,2455.0,2455.0,200,0.0,0.0
2024-02-06 09:00:00+09:00,2454.0,2461.0,2454.0,2461.0,500,0.0,0.0
2024-02-06 10:00:00+09:00,2462.0,2472.0,2462.0,2472.0,400,0.0,0.0
2024-02-06 11:00:00+09:00,2472.0,2472.0,2472.0,2472.0,0,0.0,0.0
2024-02-06 14:00:00+09:00,2457.0,2457.0,2457.0,2457.0,1000,0.0,0.0
2024-02-07 13:00:00+09:00,2460.0,2460.0,2455.0,2455.0,800,0.0,0.0
2024-02-07 14:00:00+09:00,2454.0,2454.0,2454.0,2454.0,200,0.0,0.0
2024-02-08 09:00:00+09:00,2454.0,2454.0,2454.0,2454.0,100,0.0,0.0
2024-02-08 10:00:00+09:00,2456.0,2456.0,2456.0,2456.0,100,0.0,0.0
2024-02-08 11:00:00+09:00,2490.0,2490.0,2490.0,2490.0,0,0.0,0.0
2024-02-08 13:00:00+09:00,2461.0,2461.0,2461.0,2461.0,500,0.0,0.0
2024-02-09 09:00:00+09:00,2465.0,2465.0,2455.0,2455.0,200,0.0,0.0
2024-02-09 10:00:00+09:00,2457.0,2457.0,2457.0,2457.0,100,0.0,0.0
2024-02-09 11:00:00+09:00,2457.0,2457.0,2457.0,2457.0,0,0.0,0.0
2024-02-09 14:00:00+09:00,2457.0,2457.0,2457.0,2457.0,400,0.0,0.0
2024-02-13 09:00:00+09:00,2465.0,2465.0,2465.0,2465.0,700,0.0,0.0
2024-02-13 10:00:00+09:00,2481.0,2481.0,2463.0,2463.0,200,0.0,0.0
2024-02-13 11:00:00+09:00,2463.0,2463.0,2463.0,2463.0,0,0.0,0.0
2024-02-13 13:00:00+09:00,2463.0,2463.0,2453.0,2453.0,1900,0.0,0.0
2024-02-13 14:00:00+09:00,2474.0,2494.0,2473.0,2490.0,2800,0.0,0.0
2024-02-14 09:00:00+09:00,2402.0,2410.0,2400.0,2410.0,3300,0.0,0.0
2024-02-14 10:00:00+09:00,2400.0,2404.0,2400.0,2404.0,300,0.0,0.0
2024-02-14 11:00:00+09:00,2404.0,2404.0,2404.0,2404.0,0,0.0,0.0
2024-02-14 12:00:00+09:00,2401.0,2401.0,2401.0,2401.0,3700,0.0,0.0
2024-02-14 13:00:00+09:00,2401.0,2401.0,2401.0,2401.0,100,0.0,0.0
2024-02-15 09:00:00+09:00,2397.0,2400.0,2397.0,2398.0,500,0.0,0.0
2024-02-15 11:00:00+09:00,2398.0,2398.0,2398.0,2398.0,0,0.0,0.0
2024-02-15 12:00:00+09:00,2421.0,2421.0,2420.0,2420.0,700,0.0,0.0
2024-02-15 14:00:00+09:00,2412.0,2412.0,2412.0,2412.0,100,0.0,0.0
2024-02-16 09:00:00+09:00,2397.0,2397.0,2397.0,2397.0,200,0.0,0.0
2024-02-16 10:00:00+09:00,2377.0,2377.0,2377.0,2377.0,300,0.0,0.0
2024-02-16 11:00:00+09:00,2377.0,2377.0,2377.0,2377.0,0,0.0,0.0
2024-02-16 12:00:00+09:00,2416.0,2416.0,2416.0,2416.0,600,0.0,0.0
2024-02-16 13:00:00+09:00,2416.0,2416.0,2416.0,2416.0,100,0.0,0.0
2024-02-16 14:00:00+09:00,2419.0,2419.0,2419.0,2419.0,100,0.0,0.0
2024-02-19 09:00:00+09:00,2400.0,2400.0,2389.0,2389.0,1700,0.0,0.0
2024-02-19 11:00:00+09:00,2389.0,2389.0,2389.0,2389.0,0,0.0,0.0
2024-02-19 14:00:00+09:00,2413.0,2413.0,2413.0,2413.0,1900,0.0,0.0
2024-02-20 10:00:00+09:00,2382.0,2382.0,2380.0,2380.0,500,0.0,0.0
2024-02-20 11:00:00+09:00,2399.0,2399.0,2399.0,2399.0,0,0.0,0.0
2024-02-20 14:00:00+09:00,2399.0,2399.0,2399.0,2399.0,700,0.0,0.0
2024-02-21 10:00:00+09:00,2397.0,2397.0,2397.0,2397.0,100,0.0,0.0
2024-02-21 11:00:00+09:00,2397.0,2397.0,2397.0,2397.0,0,0.0,0.0
2024-02-21 14:00:00+09:00,2400.0,2400.0,2388.0,2388.0,300,0.0,0.0
2024-02-22 12:00:00+09:00,2397.0,2397.0,2397.0,2397.0,200,0.0,0.0
2024-02-22 13:00:00+09:00,2389.0,2389.0,2389.0,2389.0,100,0.0,0.0
2024-02-22 14:00:00+09:00,2412.0,2412.0,2412.0,2412.0,100,0.0,0.0
2024-02-26 09:00:00+09:00,2412.0,2416.0,2412.0,2416.0,900,0.0,0.0
2024-02-26 11:00:00+09:00,2416.0,2416.0,2416.0,2416.0,0,0.0,0.0
2024-02-26 13:00:00+09:00,2412.0,2412.0,2412.0,2412.0,1100,0.0,0.0
2024-02-26 14:00:00+09:00,2421.0,2421.0,2421.0,2421.0,100,0.0,0.0
2024-02-27 09:00:00+09:00,2405.0,2408.0,2405.0,2405.0,1200,0.0,0.0
2024-02-27 10:00:00+09:00,2405.0,2405.0,2405.0,2405.0,100,0.0,0.0
2024-02-27 11:00:00+09:00,2405.0,2405.0,2405.0,2405.0,0,0.0,0.0
2024-02-27 13:00:00+09:00,2450.0,2450.0,2450.0,2450.0,1500,0.0,0.0
2024-02-28 13:00:00+09:00,2403.0,2403.0,2403.0,2403.0,100,0.0,0.0
2024-02-29 09:00:00+09:00,2425.0,2425.0,2425.0,2425.0,600,0.0,0.0
2024-02-29 11:00:00+09:00,2425.0,2425.0,2425.0,2425.0,0,0.0,0.0
2024-02-29 13:00:00+09:00,2402.0,2402.0,2402.0,2402.0,700,0.0,0.0
2024-03-01 09:00:00+09:00,2402.0,2405.0,2402.0,2405.0,800,0.0,0.0
2024-03-01 10:00:00+09:00,2402.0,2402.0,2402.0,2402.0,200,0.0,0.0
2024-03-01 11:00:00+09:00,2402.0,2402.0,2400.0,2400.0,0,0.0,0.0
2024-03-04 09:00:00+09:00,2411.0,2411.0,2411.0,2411.0,500,0.0,0.0
2024-03-04 10:00:00+09:00,2412.0,2412.0,2401.0,2401.0,300,0.0,0.0
2024-03-04 11:00:00+09:00,2401.0,2401.0,2401.0,2401.0,0,0.0,0.0
2024-03-04 12:00:00+09:00,2392.0,2392.0,2392.0,2392.0,1300,0.0,0.0
2024-03-05 09:00:00+09:00,2390.0,2390.0,2380.0,2390.0,900,0.0,0.0
2024-03-05 11:00:00+09:00,2390.0,2390.0,2390.0,2390.0,0,0.0,0.0
2024-03-05 12:00:00+09:00,2365.0,2365.0,2365.0,2365.0,1400,0.0,0.0
2024-03-06 09:00:00+09:00,2368.0,2368.0,2368.0,2368.0,100,0.0,0.0
2024-03-06 11:00:00+09:00,2368.0,2368.0,2368.0,2368.0,0,0.0,0.0
2024-03-06 13:00:00+09:00,2368.0,2368.0,2363.0,2363.0,600,0.0,0.0
2024-03-06 14:00:00+09:00,2372.0,2372.0,2372.0,2372.0,100,0.0,0.0
2024-03-07 09:00:00+09:00,2377.0,2377.0,2377.0,2377.0,100,0.0,0.0
2024-03-07 11:00:00+09:00,2377.0,2377.0,2377.0,2377.0,0,0.0,0.0
2024-03-07 14:00:00+09:00,2377.0,2377.0,2377.0,2377.0,200,0.0,0.0
2024-03-08 12:00:00+09:00,2365.0,2365.0,2365.0,2365.0,100,0.0,0.0
2024-03-08 14:00:00+09:00,2367.0,2367.0,2367.0,2367.0,300,0.0,0.0
2024-03-12 10:00:00+09:00,2368.0,2368.0,2368.0,2368.0,200,0.0,0.0
2024-03-12 11:00:00+09:00,2368.0,2368.0,2368.0,2368.0,0,0.0,0.0
2024-03-13 14:00:00+09:00,2375.0,2375.0,2375.0,2375.0,100,0.0,0.0
2024-03-14 09:00:00+09:00,2370.0,2370.0,2350.0,2350.0,800,0.0,0.0
2024-03-14 11:00:00+09:00,2358.0,2358.0,2358.0,2358.0,0,0.0,0.0
2024-03-14 12:00:00+09:00,2360.0,2360.0,2360.0,2360.0,1000,0.0,0.0
2024-03-15 14:00:00+09:00,2351.0,2351.0,2350.0,2350.0,400,0.0,0.0
2024-03-18 09:00:00+09:00,2362.0,2362.0,2362.0,2362.0,500,0.0,0.0
2024-03-18 10:00:00+09:00,2365.0,2365.0,2365.0,2365.0,300,0.0,0.0
2024-03-18 11:00:00+09:00,2365.0,2365.0,2365.0,2365.0,0,0.0,0.0
2024-03-18 14:00:00+09:00,2372.0,2372.0,2372.0,2372.0,900,0.0,0.0
2024-03-19 09:00:00+09:00,2400.0,2400.0,2400.0,2400.0,500,0.0,0.0
2024-03-19 11:00:00+09:00,2400.0,2400.0,2400.0,2400.0,0,0.0,0.0
2024-03-19 12:00:00+09:00,2400.0,2400.0,2400.0,2400.0,1100,0.0,0.0
2024-03-19 13:00:00+09:00,2401.0,2401.0,2401.0,2401.0,800,0.0,0.0
2024-03-19 14:00:00+09:00,2401.0,2401.0,2401.0,2401.0,500,0.0,0.0
2024-03-21 09:00:00+09:00,2451.0,2451.0,2451.0,2451.0,100,0.0,0.0
2024-03-21 11:00:00+09:00,2451.0,2451.0,2451.0,2451.0,0,0.0,0.0
2024-03-21 14:00:00+09:00,2431.0,2431.0,2431.0,2431.0,0,0.0,0.0
2024-03-22 10:00:00+09:00,2431.0,2431.0,2431.0,2431.0,400,0.0,0.0
2024-03-22 11:00:00+09:00,2431.0,2431.0,2431.0,2431.0,0,0.0,0.0
2024-03-22 12:00:00+09:00,2431.0,2431.0,2431.0,2431.0,500,0.0,0.0
2024-03-22 14:00:00+09:00,2431.0,2431.0,2431.0,2431.0,100,0.0,0.0
2024-03-25 09:00:00+09:00,2431.0,2431.0,2407.0,2407.0,3000,0.0,0.0
2024-03-25 11:00:00+09:00,2411.0,2411.0,2411.0,2411.0,0,0.0,0.0
2024-03-25 12:00:00+09:00,2425.0,2430.0,2425.0,2430.0,3400,0.0,0.0
2024-03-25 14:00:00+09:00,2431.0,2431.0,2431.0,2431.0,100,0.0,0.0
2024-03-26 09:00:00+09:00,2459.0,2459.0,2455.0,2459.0,700,0.0,0.0
2024-03-26 11:00:00+09:00,2459.0,2459.0,2459.0,2459.0,0,0.0,0.0
2024-03-26 14:00:00+09:00,2457.0,2458.0,2457.0,2458.0,1200,0.0,0.0
2024-03-27 14:00:00+09:00,2471.0,2471.0,2421.0,2431.0,300,0.0,0.0
2024-03-28 09:00:00+09:00,2345.0,2350.0,2345.0,2350.0,200,0.0,0.0
2024-03-28 10:00:00+09:00,2352.0,2352.0,2352.0,2352.0,100,0.0,0.0
2024-03-28 11:00:00+09:00,2352.0,2352.0,2352.0,2352.0,0,0.0,0.0
2024-03-28 12:00:00+09:00,2354.0,2354.0,2354.0,2354.0,500,0.0,0.0
2024-03-28 13:00:00+09:00,2350.0,2350.0,2350.0,2350.0,100,0.0,0.0
2024-03-29 09:00:00+09:00,2350.0,2350.0,2346.0,2346.0,1400,0.0,0.0
2024-03-29 11:00:00+09:00,2346.0,2346.0,2346.0,2346.0,0,0.0,0.0
2024-03-29 14:00:00+09:00,2396.0,2396.0,2350.0,2350.0,1600,0.0,0.0
2024-04-01 09:00:00+09:00,2340.0,2340.0,2340.0,2340.0,100,0.0,0.0
2024-04-01 10:00:00+09:00,2341.0,2341.0,2341.0,2341.0,100,0.0,0.0
2024-04-01 11:00:00+09:00,2341.0,2341.0,2341.0,2341.0,0,0.0,0.0
2024-04-02 09:00:00+09:00,2390.0,2390.0,2390.0,2390.0,0,0.0,0.0
2024-04-02 11:00:00+09:00,2341.0,2341.0,2341.0,2341.0,0,0.0,0.0
2024-04-02 12:00:00+09:00,2360.0,2360.0,2360.0,2360.0,400,0.0,0.0
2024-04-03 09:00:00+09:00,2351.0,2351.0,2338.0,2338.0,200,0.0,0.0
2024-04-03 11:00:00+09:00,2338.0,2338.0,2338.0,2338.0,0,0.0,0.0
2024-04-04 14:00:00+09:00,2352.0,2352.0,2352.0,2352.0,100,0.0,0.0
2024-04-05 14:00:00+09:00,2341.0,2341.0,2341.0,2341.0,200,0.0,0.0
2024-04-09 11:00:00+09:00,2341.0,2341.0,2341.0,2341.0,100,0.0,0.0
2024-04-09 13:00:00+09:00,2341.0,2341.0,2341.0,2341.0,200,0.0,0.0
2024-04-10 09:00:00+09:00,2338.0,2338.0,2338.0,2338.0,100,0.0,0.0
2024-04-10 11:00:00+09:00,2338.0,2338.0,2338.0,2338.0,0,0.0,0.0
2024-04-10 12:00:00+09:00,2337.0,2337.0,2337.0,2337.0,400,0.0,0.0
2024-04-10 13:00:00+09:00,2336.0,2336.0,2330.0,2330.0,200,0.0,0.0
2024-04-10 14:00:00+09:00,2330.0,2330.0,2330.0,2330.0,100,0.0,0.0
2024-04-11 09:00:00+09:00,2325.0,2325.0,2325.0,2325.0,100,0.0,0.0
2024-04-11 10:00:00+09:00,2326.0,2326.0,2326.0,2326.0,100,0.0,0.0
2024-04-11 11:00:00+09:00,2326.0,2326.0,2326.0,2326.0,0,0.0,0.0
2024-04-11 12:00:00+09:00,2338.0,2338.0,2338.0,2338.0,400,0.0,0.0
2024-04-11 14:00:00+09:00,2340.0,2340.0,2340.0,2340.0,100,0.0,0.0
2024-04-12 09:00:00+09:00,2332.0,2332.0,2332.0,2332.0,100,0.0,0.0
2024-04-12 11:00:00+09:00,2332.0,2332.0,2332.0,2332.0,0,0.0,0.0
2024-04-12 13:00:00+09:00,2332.0,2332.0,2332.0,2332.0,1500,0.0,0.0
2024-04-12 14:00:00+09:00,2332.0,2332.0,2332.0,2332.0,400,0.0,0.0
2024-04-15 09:00:00+09:00,2346.0,2357.0,2334.0,2334.0,300,0.0,0.0
2024-04-15 10:00:00+09:00,2334.0,2334.0,2334.0,2334.0,100,0.0,0.0
2024-04-15 11:00:00+09:00,2334.0,2334.0,2334.0,2334.0,0,0.0,0.0
2024-04-16 09:00:00+09:00,2331.0,2331.0,2327.0,2327.0,200,0.0,0.0
2024-04-16 10:00:00+09:00,2326.0,2327.0,2325.0,2325.0,500,0.0,0.0
2024-04-16 11:00:00+09:00,2325.0,2325.0,2325.0,2325.0,0,0.0,0.0
2024-04-16 13:00:00+09:00,2323.0,2323.0,2323.0,2323.0,800,0.0,0.0
2024-04-16 14:00:00+09:00,2319.0,2319.0,2319.0,2319.0,200,0.0,0.0
2024-04-17 09:00:00+09:00,2320.0,2320.0,2278.0,2278.0,2000,0.0,0.0
2024-04-17 11:00:00+09:00,2278.0,2278.0,2278.0,2278.0,0,0.0,0.0
2024-04-17 12:00:00+09:00,2314.0,2314.0,2314.0,2314.0,2200,0.0,0.0
2024-04-19 12:00:00+09:00,2274.0,2274.0,2272.0,2272.0,400,0.0,0.0
2024-04-19 14:00:00+09:00,2273.0,2273.0,2272.0,2272.0,400,0.0,0.0
2024-04-22 11:00:00+09:00,2273.0,2296.0,2273.0,2296.0,300,0.0,0.0
2024-04-23 09:00:00+09:00,2296.0,2316.0,2296.0,2316.0,200,0.0,0.0
2024-04-23 11:00:00+09:00,2316.0,2316.0,2316.0,2316.0,0,0.0,0.0
2024-04-23 13:00:00+09:00,2312.0,2312.0,2312.0,2312.0,300,0.0,0.0
2024-04-23 14:00:00+09:00,2296.0,2296.0,2296.0,2296.0,100,0.0,0.0
2024-04-24 09:00:00+09:00,2296.0,2296.0,2296.0,2296.0,100,0.0,0.0
2024-04-24 11:00:00+09:00,2296.0,2296.0,2296.0,2296.0,0,0.0,0.0
2024-04-24 14:00:00+09:00,2290.0,2296.0,2290.0,2296.0,300,0.0,0.0
2024-04-25 10:00:00+09:00,2296.0,2296.0,2296.0,2296.0,100,0.0,0.0
2024-04-25 11:00:00+09:00,2297.0,2297.0,2296.0,2296.0,0,0.0,0.0
2024-04-26 09:00:00+09:00,2304.0,2304.0,2304.0,2304.0,600,0.0,0.0
2024-04-26 11:00:00+09:00,2304.0,2304.0,2304.0,2304.0,0,0.0,0.0
2024-04-26 14:00:00+09:00,2348.0,2348.0,2348.0,2348.0,0,0.0,0.0
2024-05-02 09:00:00+09:00,2340.0,2340.0,2340.0,2340.0,200,0.0,0.0
2024-05-02 11:00:00+09:00,2290.0,2290.0,2290.0,2290.0,0,0.0,0.0
2024-05-02 14:00:00+09:00,2291.0,2291.0,2291.0,2291.0,500,0.0,0.0
2024-05-07 09:00:00+09:00,2300.0,2345.0,2300.0,2345.0,500,0.0,0.0
2024-05-07 11:00:00+09:00,2345.0,2345.0,2345.0,2345.0,0,0.0,0.0
2024-05-07 14:00:00+09:00,2345.0,2345.0,2345.0,2345.0,700,0.0,0.0
2024-05-10 09:00:00+09:00,2300.0,2300.0,2300.0,2300.0,100,0.0,0.0
2024-05-10 10:00:00+09:00,2300.0,2300.0,2300.0,2300.0,100,0.0,0.0
2024-05-10 11:00:00+09:00,2290.0,2290.0,2290.0,2290.0,0,0.0,0.0
2024-05-10 14:00:00+09:00,2290.0,2290.0,2286.0,2286.0,900,0.0,0.0
2024-05-13 11:00:00+09:00,2291.0,2291.0,2291.0,2291.0,100,0.0,0.0
2024-05-13 12:00:00+09:00,2300.0,2300.0,2300.0,2300.0,300,0.0,0.0
2024-05-14 09:00:00+09:00,2285.0,2285.0,2285.0,2285.0,200,0.0,0.0
2024-05-14 10:00:00+09:00,2290.0,2290.0,2290.0,2290.0,100,0.0,0.0
2024-05-14 11:00:00+09:00,2290.0,2290.0,2290.0,2290.0,0,0.0,0.0
2024-05-15 10:00:00+09:00,2290.0,2295.0,2280.0,2290.0,1100,0.0,0.0
2024-05-15 11:00:00+09:00,2290.0,2290.0,2290.0,2290.0,0,0.0,0.0
2024-05-16 09:00:00+09:00,2290.0,2291.0,2289.0,2289.0,900,0.0,0.0
2024-05-16 11:00:00+09:00,2289.0,2289.0,2289.0,2289.0,0,0.0,0.0
2024-05-16 12:00:00+09:00,2289.0,2289.0,2280.0,2280.0,2000,0.0,0.0
2024-05-17 09:00:00+09:00,2284.0,2284.0,2284.0,2284.0,100,0.0,0.0
2024-05-17 10:00:00+09:00,2284.0,2284.0,2284.0,2284.0,100,0.0,0.0
2024-05-17 11:00:00+09:00,2284.0,2284.0,2284.0,2284.0,0,0.0,0.0
2024-05-17 12:00:00+09:00,2284.0,2284.0,2284.0,2284.0,300,0.0,0.0
2024-05-20 09:00:00+09:00,2281.0,2283.0,2278.0,2281.0,400,0.0,0.0
2024-05-20 10:00:00+09:00,2283.0,2283.0,2283.0,2283.0,100,0.0,0.0
2024-05-20 11:00:00+09:00,2283.0,2283.0,2283.0,2283.0,0,0.0,0.0
2024-05-21 09:00:00+09:00,2283.0,2283.0,2283.0,2283.0,700,0.0,0.0
2024-05-21 11:00:00+09:00,2286.0,2286.0,2286.0,2286.0,0,0.0,0.0
2024-05-21 14:00:00+09:00,2310.0,2310.0,2306.0,2306.0,1100,0.0,0.0
2024-05-23 09:00:00+09:00,2297.0,2297.0,2297.0,2297.0,100,0.0,0.0
2024-05-23 10:00:00+09:00,2310.0,2310.0,2310.0,2310.0,100,0.0,0.0
2024-05-23 11:00:00+09:00,2310.0,2310.0,2310.0,2310.0,0,0.0,0.0
2024-05-23 12:00:00+09:00,2300.0,2300.0,2300.0,2300.0,300,0.0,0.0
2024-05-23 14:00:00+09:00,2282.0,2282.0,2277.0,2277.0,500,0.0,0.0
2024-05-24 13:00:00+09:00,2290.0,2290.0,2281.0,2281.0,300,0.0,0.0
2024-05-27 09:00:00+09:00,2295.0,2295.0,2295.0,2295.0,500,0.0,0.0
2024-05-27 10:00:00+09:00,2300.0,2300.0,2300.0,2300.0,100,0.0,0.0
2024-05-27 11:00:00+09:00,2300.0,2300.0,2300.0,2300.0,0,0.0,0.0
2024-05-27 13:00:00+09:00,2299.0,2299.0,2299.0,2299.0,700,0.0,0.0
2024-05-28 09:00:00+09:00,2285.0,2285.0,2285.0,2285.0,100,0.0,0.0
2024-05-28 10:00:00+09:00,2284.0,2284.0,2280.0,2280.0,400,0.0,0.0
2024-05-28 11:00:00+09:00,2280.0,2280.0,2280.0,2280.0,0,0.0,0.0
2024-05-28 13:00:00+09:00,2280.0,2310.0,2280.0,2310.0,1100,0.0,0.0
2024-05-29 09:00:00+09:00,2300.0,2300.0,2274.0,2274.0,300,0.0,0.0
2024-05-29 10:00:00+09:00,2266.0,2266.0,2260.0,2260.0,1900,0.0,0.0
2024-05-29 11:00:00+09:00,2260.0,2260.0,2260.0,2260.0,0,0.0,0.0
2024-05-29 12:00:00+09:00,2289.0,2289.0,2289.0,2289.0,2500,0.0,0.0
2024-05-29 13:00:00+09:00,2290.0,2297.0,2290.0,2297.0,200,0.0,0.0
2024-05-29 14:00:00+09:00,2275.0,2275.0,2273.0,2273.0,300,0.0,0.0
2024-05-30 12:00:00+09:00,2281.0,2281.0,2281.0,2281.0,100,0.0,0.0
2024-05-31 09:00:00+09:00,2281.0,2281.0,2281.0,2281.0,100,0.0,0.0
2024-05-31 11:00:00+09:00,2281.0,2281.0,2281.0,2281.0,0,0.0,0.0
2024-05-31 13:00:00+09:00,2281.0,2281.0,2281.0,2281.0,100,0.0,0.0
2024-06-03 09:00:00+09:00,2305.0,2305.0,2305.0,2305.0,600,0.0,0.0
2024-06-03 11:00:00+09:00,2305.0,2305.0,2305.0,2305.0,0,0.0,0.0
2024-06-03 14:00:00+09:00,2297.0,2297.0,2297.0,2297.0,1100,0.0,0.0
2024-06-04 09:00:00+09:00,2301.0,2301.0,2301.0,2301.0,300,0.0,0.0
2024-06-04 10:00:00+09:00,2290.0,2290.0,2290.0,2290.0,100,0.0,0.0
2024-06-04 11:00:00+09:00,2290.0,2290.0,2290.0,2290.0,0,0.0,0.0
2024-06-04 12:00:00+09:00,2290.0,2290.0,2290.0,2290.0,500,0.0,0.0
2024-06-05 13:00:00+09:00,2284.0,2284.0,2284.0,2284.0,400,0.0,0.0
2024-06-06 09:00:00+09:00,2300.0,2300.0,2300.0,2300.0,500,0.0,0.0
2024-06-06 11:00:00+09:00,2300.0,2300.0,2300.0,2300.0,0,0.0,0.0
2024-06-10 12:00:00+09:00,2300.0,2300.0,2300.0,2300.0,200,0.0,0.0
2024-06-11 12:00:00+09:00,2300.0,2300.0,2300.0,2300.0,100,0.0,0.0
2024-06-12 09:00:00+09:00,2305.0,2305.0,2305.0,2305.0,100,0.0,0.0
2024-06-12 11:00:00+09:00,2305.0,2305.0,2305.0,2305.0,0,0.0,0.0
2024-06-12 13:00:00+09:00,2291.0,2291.0,2291.0,2291.0,200,0.0,0.0
2024-06-13 10:00:00+09:00,2295.0,2295.0,2291.0,2291.0,200,0.0,0.0
2024-06-13 11:00:00+09:00,2291.0,2291.0,2291.0,2291.0,0,0.0,0.0
2024-06-13 12:00:00+09:00,2290.0,2290.0,2290.0,2290.0,700,0.0,0.0
2024-06-14 09:00:00+09:00,2298.0,2298.0,2298.0,2298.0,100,0.0,0.0
2024-06-14 11:00:00+09:00,2298.0,2298.0,2298.0,2298.0,0,0.0,0.0
2024-06-17 09:00:00+09:00,2308.0,2309.0,2308.0,2309.0,0,0.0,0.0
2024-06-17 11:00:00+09:00,2309.0,2309.0,2309.0,2309.0,0,0.0,0.0
2024-06-17 13:00:00+09:00,2309.0,2309.0,2309.0,2309.0,300,0.0,0.0
2024-06-17 14:00:00+09:00,2298.0,2298.0,2287.0,2298.0,300,0.0,0.0
2024-06-18 09:00:00+09:00,2305.0,2305.0,2305.0,2305.0,100,0.0,0.0
2024-06-18 11:00:00+09:00,2305.0,2305.0,2305.0,2305.0,0,0.0,0.0
2024-06-18 13:00:00+09:00,2300.0,2300.0,2300.0,2300.0,300,0.0,0.0
2024-06-18 14:00:00+09:00,2299.0,2299.0,2293.0,2293.0,200,0.0,0.0
2024-06-19 09:00:00+09:00,2300.0,2308.0,2300.0,2308.0,200,0.0,0.0
2024-06-19 11:00:00+09:00,2308.0,2308.0,2308.0,2308.0,0,0.0,0.0
2024-06-20 09:00:00+09:00,2308.0,2308.0,2308.0,2308.0,100,0.0,0.0
2024-06-20 11:00:00+09:00,2308.0,2308.0,2308.0,2308.0,0,0.0,0.0
2024-06-20 12:00:00+09:00,2308.0,2308.0,2308.0,2308.0,300,0.0,0.0
2024-06-21 09:00:00+09:00,2300.0,2301.0,2300.0,2301.0,900,0.0,0.0
2024-06-21 10:00:00+09:00,2310.0,2329.0,2306.0,2315.0,700,0.0,0.0
2024-06-21 11:00:00+09:00,2304.0,2304.0,2303.0,2303.0,0,0.0,0.0
2024-06-21 13:00:00+09:00,2304.0,2304.0,2304.0,2304.0,1900,0.0,0.0
2024-06-24 09:00:00+09:00,2310.0,2310.0,2310.0,2310.0,500,0.0,0.0
2024-06-24 10:00:00+09:00,2296.0,2310.0,2296.0,2300.0,900,0.0,0.0
2024-06-24 11:00:00+09:00,2300.0,2300.0,2300.0,2300.0,0,0.0,0.0
2024-06-24 12:00:00+09:00,2300.0,2300.0,2300.0,2300.0,12000,0.0,0.0
2024-06-24 13:00:00+09:00,2300.0,2325.0,2300.0,2315.0,7300,0.0,0.0
2024-06-25 09:00:00+09:00,2306.0,2306.0,2306.0,2306.0,100,0.0,0.0
2024-06-25 10:00:00+09:00,2305.0,2305.0,2300.0,2300.0,1600,0.0,0.0
2024-06-25 11:00:00+09:00,2300.0,2300.0,2300.0,2300.0,0,0.0,0.0
2024-06-25 14:00:00+09:00,2300.0,2300.0,2300.0,2300.0,4100,0.0,0.0
2024-06-26 09:00:00+09:00,2300.0,2300.0,2298.0,2298.0,800,0.0,0.0
2024-06-26 10:00:00+09:00,2300.0,2309.0,2300.0,2301.0,1400,0.0,0.0
2024-06-26 11:00:00+09:00,2310.0,2310.0,2310.0,2310.0,0,0.0,0.0
2024-06-26 12:00:00+09:00,2310.0,2310.0,2310.0,2310.0,2400,0.0,0.0
2024-06-27 09:00:00+09:00,2300.0,2300.0,2300.0,2300.0,300,0.0,0.0
2024-06-27 10:00:00+09:00,2297.0,2297.0,2296.0,2296.0,500,0.0,0.0
2024-06-27 11:00:00+09:00,2296.0,2296.0,2296.0,2296.0,0,0.0,0.0
2024-06-27 13:00:00+09:00,2296.0,2305.0,2296.0,2305.0,1000,0.0,0.0
2024-06-27 14:00:00+09:00,2309.0,2309.0,2309.0,2309.0,1200,0.0,0.0
2024-06-28 09:00:00+09:00,2300.0,2303.0,2295.0,2295.0,900,0.0,0.0
2024-06-28 10:00:00+09:00,2294.0,2308.0,2294.0,2308.0,300,0.0,0.0
2024-06-28 11:00:00+09:00,2308.0,2308.0,2308.0,2308.0,0,0.0,0.0
2024-06-28 13:00:00+09:00,2293.0,2296.0,2293.0,2296.0,1600,0.0,0.0
2024-06-28 14:00:00+09:00,2300.0,2300.0,2300.0,2300.0,100,0.0,0.0
2024-07-01 09:00:00+09:00,2306.0,2306.0,2300.0,2300.0,3100,0.0,0.0
2024-07-01 11:00:00+09:00,2296.0,2296.0,2296.0,2296.0,0,0.0,0.0
2024-07-01 13:00:00+09:00,2305.0,2305.0,2305.0,2305.0,3600,0.0,0.0
2024-07-01 14:00:00+09:00,2300.0,2300.0,2291.0,2291.0,1300,0.0,0.0
2024-07-02 09:00:00+09:00,2309.0,2315.0,2309.0,2315.0,1000,0.0,0.0
2024-07-02 10:00:00+09:00,2305.0,2316.0,2305.0,2316.0,200,0.0,0.0
2024-07-02 11:00:00+09:00,2316.0,2316.0,2316.0,2316.0,0,0.0,0.0
2024-07-02 14:00:00+09:00,2306.0,2316.0,2306.0,2316.0,1400,0.0,0.0
2024-07-03 09:00:00+09:00,2318.0,2320.0,2314.0,2315.0,2700,0.0,0.0
2024-07-03 10:00:00+09:00,2315.0,2317.0,2315.0,2317.0,400,0.0,0.0
2024-07-03 11:00:00+09:00,2317.0,2317.0,2317.0,2317.0,0,0.0,0.0
2024-07-03 12:00:00+09:00,2320.0,2320.0,2320.0,2320.0,4400,0.0,0.0
2024-07-03 13:00:00+09:00,2323.0,2323.0,2323.0,2323.0,100,0.0,0.0
2024-07-03 14:00:00+09:00,2320.0,2320.0,2320.0,2320.0,300,0.0,0.0
2024-07-04 09:00:00+09:00,2326.0,2326.0,2310.0,2325.0,700,0.0,0.0
2024-07-04 10:00:00+09:00,2325.0,2332.0,2325.0,2332.0,500,0.0,0.0
2024-07-04 11:00:00+09:00,2319.0,2319.0,2318.0,2318.0,0,0.0,0.0
2024-07-04 12:00:00+09:00,2348.0,2348.0,2339.0,2339.0,2200,0.0,0.0
2024-07-04 13:00:00+09:00,2343.0,2343.0,2343.0,2343.0,100,0.0,0.0
2024-07-04 14:00:00+09:00,2321.0,2342.0,2321.0,2342.0,500,0.0,0.0
2024-07-05 09:00:00+09:00,2330.0,2335.0,2330.0,2335.0,400,0.0,0.0
2024-07-05 10:00:00+09:00,2335.0,2336.0,2335.0,2336.0,700,0.0,0.0
2024-07-05 11:00:00+09:00,2336.0,2336.0,2332.0,2332.0,0,0.0,0.0
2024-07-05 12:00:00+09:00,2328.0,2328.0,2328.0,2328.0,1700,0.0,0.0
2024-07-05 13:00:00+09:00,2328.0,2328.0,2328.0,2328.0,1900,0.0,0.0
2024-07-05 14:00:00+09:00,2328.0,2328.0,2328.0,2328.0,300,0.0,0.0
