Datetime,Open,High,Low,Close,Volume,Dividends,Stock Splits
2022-07-07 09:00:00+09:00,4315.0,4340.0,4250.0,4255.0,157500,0.0,0.0
2022-07-07 10:00:00+09:00,4250.0,4250.0,4215.0,4240.0,133900,0.0,0.0
2022-07-07 11:00:00+09:00,4240.0,4265.0,4240.0,4245.0,0,0.0,0.0
2022-07-07 12:00:00+09:00,4290.0,4300.0,4280.0,4290.0,427200,0.0,0.0
2022-07-07 13:00:00+09:00,4285.0,4295.0,4270.0,4275.0,92400,0.0,0.0
2022-07-07 14:00:00+09:00,4275.0,4300.0,4270.0,4300.0,134800,0.0,0.0
2022-07-08 09:00:00+09:00,4360.0,4440.0,4340.0,4430.0,320100,0.0,0.0
2022-07-08 10:00:00+09:00,4435.0,4455.0,4420.0,4450.0,68800,0.0,0.0
2022-07-08 11:00:00+09:00,4450.0,4455.0,4440.0,4450.0,0,0.0,0.0
2022-07-08 12:00:00+09:00,4415.0,4425.0,4385.0,4395.0,528300,0.0,0.0
2022-07-08 13:00:00+09:00,4400.0,4425.0,4400.0,4415.0,73700,0.0,0.0
2022-07-08 14:00:00+09:00,4420.0,4420.0,4380.0,4380.0,210300,0.0,0.0
2022-07-11 09:00:00+09:00,4460.0,4490.0,4440.0,4485.0,0,0.0,0.0
2022-07-11 10:00:00+09:00,4480.0,4485.0,4445.0,4445.0,76500,0.0,0.0
2022-07-11 11:00:00+09:00,4445.0,4450.0,4425.0,4450.0,0,0.0,0.0
2022-07-11 12:00:00+09:00,4450.0,4455.0,4440.0,4445.0,272200,0.0,0.0
2022-07-11 13:00:00+09:00,4445.0,4450.0,4435.0,4445.0,62500,0.0,0.0
2022-07-11 14:00:00+09:00,4445.0,4450.0,4430.0,4435.0,92900,0.0,0.0
2022-07-12 09:00:00+09:00,4405.0,4405.0,4335.0,4355.0,158900,0.0,0.0
2022-07-12 10:00:00+09:00,4350.0,4360.0,4345.0,4355.0,60200,0.0,0.0
2022-07-12 11:00:00+09:00,4360.0,4375.0,4360.0,4370.0,0,0.0,0.0
2022-07-12 12:00:00+09:00,4350.0,4350.0,4335.0,4335.0,296600,0.0,0.0
2022-07-12 13:00:00+09:00,4335.0,4345.0,4330.0,4335.0,49600,0.0,0.0
2022-07-12 14:00:00+09:00,4335.0,4345.0,4330.0,4330.0,106600,0.0,0.0
2022-07-13 09:00:00+09:00,4355.0,4375.0,4340.0,4370.0,92400,0.0,0.0
2022-07-13 10:00:00+09:00,4370.0,4375.0,4340.0,4345.0,73100,0.0,0.0
2022-07-13 11:00:00+09:00,4345.0,4355.0,4345.0,4345.0,0,0.0,0.0
2022-07-13 12:00:00+09:00,4345.0,4355.0,4345.0,4345.0,220100,0.0,0.0
2022-07-13 13:00:00+09:00,4345.0,4345.0,4335.0,4340.0,50200,0.0,0.0
2022-07-13 14:00:00+09:00,4345.0,4355.0,4340.0,4350.0,64300,0.0,0.0
2022-07-14 09:00:00+09:00,4315.0,4325.0,4280.0,4305.0,170400,0.0,0.0
2022-07-14 10:00:00+09:00,4300.0,4345.0,4300.0,4330.0,98200,0.0,0.0
2022-07-14 11:00:00+09:00,4330.0,4340.0,4330.0,4340.0,0,0.0,0.0
2022-07-14 12:00:00+09:00,4340.0,4350.0,4340.0,4340.0,352100,0.0,0.0
2022-07-14 13:00:00+09:00,4340.0,4365.0,4340.0,4365.0,43700,0.0,0.0
2022-07-14 14:00:00+09:00,4365.0,4370.0,4345.0,4345.0,75700,0.0,0.0
2022-07-15 09:00:00+09:00,4365.0,4375.0,4300.0,4310.0,137100,0.0,0.0
2022-07-15 10:00:00+09:00,4310.0,4340.0,4300.0,4340.0,72100,0.0,0.0
2022-07-15 11:00:00+09:00,4340.0,4355.0,4330.0,4355.0,0,0.0,0.0
2022-07-15 12:00:00+09:00,4350.0,4360.0,4345.0,4345.0,271900,0.0,0.0
2022-07-15 13:00:00+09:00,4345.0,4345.0,4335.0,4340.0,31200,0.0,0.0
2022-07-15 14:00:00+09:00,4335.0,4345.0,4320.0,4325.0,87300,0.0,0.0
2022-07-19 09:00:00+09:00,4355.0,4455.0,4355.0,4435.0,238900,0.0,0.0
2022-07-19 10:00:00+09:00,4435.0,4450.0,4425.0,4430.0,66700,0.0,0.0
2022-07-19 11:00:00+09:00,4430.0,4430.0,4420.0,4425.0,0,0.0,0.0
2022-07-19 12:00:00+09:00,4435.0,4435.0,4430.0,4435.0,356900,0.0,0.0
2022-07-19 13:00:00+09:00,4435.0,4440.0,4425.0,4425.0,49800,0.0,0.0
2022-07-19 14:00:00+09:00,4425.0,4440.0,4420.0,4435.0,74000,0.0,0.0
2022-07-20 09:00:00+09:00,4555.0,4590.0,4530.0,4590.0,218600,0.0,0.0
2022-07-20 10:00:00+09:00,4585.0,4600.0,4575.0,4595.0,99200,0.0,0.0
2022-07-20 11:00:00+09:00,4595.0,4615.0,4595.0,4605.0,0,0.0,0.0
2022-07-20 12:00:00+09:00,4620.0,4620.0,4605.0,4605.0,441400,0.0,0.0
2022-07-20 13:00:00+09:00,4605.0,4610.0,4595.0,4600.0,52100,0.0,0.0
2022-07-20 14:00:00+09:00,4600.0,4615.0,4600.0,4615.0,84900,0.0,0.0
2022-07-21 09:00:00+09:00,4585.0,4630.0,4580.0,4625.0,123400,0.0,0.0
2022-07-21 10:00:00+09:00,4630.0,4630.0,4600.0,4615.0,73500,0.0,0.0
2022-07-21 11:00:00+09:00,4610.0,4620.0,4610.0,4610.0,0,0.0,0.0
2022-07-21 12:00:00+09:00,4630.0,4635.0,4620.0,4630.0,266800,0.0,0.0
2022-07-21 13:00:00+09:00,4625.0,4650.0,4625.0,4645.0,84500,0.0,0.0
2022-07-21 14:00:00+09:00,4645.0,4655.0,4640.0,4645.0,95400,0.0,0.0
2022-07-22 09:00:00+09:00,4605.0,4605.0,4560.0,4580.0,155200,0.0,0.0
2022-07-22 10:00:00+09:00,4575.0,4585.0,4565.0,4585.0,67400,0.0,0.0
2022-07-22 11:00:00+09:00,4590.0,4595.0,4585.0,4590.0,0,0.0,0.0
2022-07-22 12:00:00+09:00,4600.0,4605.0,4595.0,4600.0,270900,0.0,0.0
2022-07-22 13:00:00+09:00,4600.0,4605.0,4595.0,4600.0,40400,0.0,0.0
2022-07-22 14:00:00+09:00,4605.0,4620.0,4595.0,4615.0,134100,0.0,0.0
2022-07-25 09:00:00+09:00,4580.0,4605.0,4555.0,4575.0,0,0.0,0.0
2022-07-25 10:00:00+09:00,4575.0,4590.0,4565.0,4575.0,58700,0.0,0.0
2022-07-25 11:00:00+09:00,4575.0,4585.0,4570.0,4575.0,0,0.0,0.0
2022-07-25 12:00:00+09:00,4560.0,4575.0,4560.0,4565.0,199900,0.0,0.0
2022-07-25 13:00:00+09:00,4570.0,4570.0,4555.0,4555.0,31300,0.0,0.0
2022-07-25 14:00:00+09:00,4560.0,4565.0,4550.0,4550.0,98600,0.0,0.0
2022-07-26 09:00:00+09:00,4620.0,4620.0,4545.0,4550.0,137400,0.0,0.0
2022-07-26 10:00:00+09:00,4550.0,4565.0,4550.0,4555.0,43600,0.0,0.0
2022-07-26 11:00:00+09:00,4560.0,4580.0,4560.0,4580.0,0,0.0,0.0
2022-07-26 12:00:00+09:00,4575.0,4580.0,4565.0,4575.0,219700,0.0,0.0
2022-07-26 13:00:00+09:00,4575.0,4580.0,4565.0,4565.0,22200,0.0,0.0
2022-07-26 14:00:00+09:00,4570.0,4575.0,4560.0,4565.0,44600,0.0,0.0
2022-07-27 09:00:00+09:00,4525.0,4535.0,4495.0,4520.0,146500,0.0,0.0
2022-07-27 10:00:00+09:00,4525.0,4525.0,4505.0,4510.0,42000,0.0,0.0
2022-07-27 11:00:00+09:00,4515.0,4530.0,4515.0,4530.0,0,0.0,0.0
2022-07-27 12:00:00+09:00,4530.0,4540.0,4525.0,4540.0,245000,0.0,0.0
2022-07-27 13:00:00+09:00,4545.0,4555.0,4535.0,4550.0,44100,0.0,0.0
2022-07-27 14:00:00+09:00,4550.0,4555.0,4540.0,4550.0,57800,0.0,0.0
2022-07-28 09:00:00+09:00,4575.0,4585.0,4550.0,4555.0,84600,0.0,0.0
2022-07-28 10:00:00+09:00,4555.0,4555.0,4535.0,4545.0,45700,0.0,0.0
2022-07-28 11:00:00+09:00,4540.0,4560.0,4540.0,4560.0,0,0.0,0.0
2022-07-28 12:00:00+09:00,4540.0,4565.0,4540.0,4555.0,176400,0.0,0.0
2022-07-28 13:00:00+09:00,4555.0,4560.0,4550.0,4560.0,34900,0.0,0.0
2022-07-28 14:00:00+09:00,4560.0,4570.0,4555.0,4565.0,65000,0.0,0.0
2022-07-29 09:00:00+09:00,4580.0,4585.0,4540.0,4555.0,86400,0.0,0.0
2022-07-29 10:00:00+09:00,4555.0,4580.0,4550.0,4580.0,44400,0.0,0.0
2022-07-29 11:00:00+09:00,4580.0,4580.0,4560.0,4565.0,0,0.0,0.0
2022-07-29 12:00:00+09:00,4515.0,4530.0,4500.0,4505.0,251400,0.0,0.0
2022-07-29 13:00:00+09:00,4505.0,4520.0,4495.0,4500.0,88000,0.0,0.0
2022-07-29 14:00:00+09:00,4500.0,4520.0,4495.0,4510.0,104300,0.0,0.0
2022-08-01 09:00:00+09:00,4795.0,4795.0,4685.0,4740.0,0,0.0,0.0
2022-08-01 10:00:00+09:00,4745.0,4745.0,4690.0,4700.0,119800,0.0,0.0
2022-08-01 11:00:00+09:00,4700.0,4715.0,4680.0,4680.0,0,0.0,0.0
2022-08-01 12:00:00+09:00,4690.0,4725.0,4690.0,4710.0,574000,0.0,0.0
2022-08-01 13:00:00+09:00,4710.0,4760.0,4710.0,4725.0,183200,0.0,0.0
2022-08-01 14:00:00+09:00,4725.0,4725.0,4700.0,4705.0,115600,0.0,0.0
2022-08-02 09:00:00+09:00,4630.0,4650.0,4550.0,4555.0,169000,0.0,0.0
2022-08-02 10:00:00+09:00,4555.0,4575.0,4535.0,4555.0,92900,0.0,0.0
2022-08-02 11:00:00+09:00,4555.0,4560.0,4535.0,4560.0,0,0.0,0.0
2022-08-02 12:00:00+09:00,4550.0,4580.0,4550.0,4580.0,343500,0.0,0.0
2022-08-02 13:00:00+09:00,4575.0,4635.0,4575.0,4610.0,140700,0.0,0.0
2022-08-02 14:00:00+09:00,4615.0,4615.0,4590.0,4595.0,131900,0.0,0.0
2022-08-03 09:00:00+09:00,4560.0,4610.0,4545.0,4590.0,128500,0.0,0.0
2022-08-03 10:00:00+09:00,4590.0,4590.0,4565.0,4575.0,68300,0.0,0.0
2022-08-03 11:00:00+09:00,4580.0,4580.0,4565.0,4565.0,0,0.0,0.0
2022-08-03 12:00:00+09:00,4590.0,4595.0,4575.0,4590.0,274500,0.0,0.0
2022-08-03 13:00:00+09:00,4590.0,4620.0,4585.0,4620.0,62600,0.0,0.0
2022-08-03 14:00:00+09:00,4620.0,4625.0,4595.0,4605.0,66800,0.0,0.0
2022-08-04 09:00:00+09:00,4595.0,4600.0,4560.0,4575.0,106400,0.0,0.0
2022-08-04 10:00:00+09:00,4570.0,4605.0,4570.0,4595.0,65000,0.0,0.0
2022-08-04 11:00:00+09:00,4595.0,4595.0,4570.0,4575.0,0,0.0,0.0
2022-08-04 12:00:00+09:00,4570.0,4575.0,4565.0,4575.0,224600,0.0,0.0
2022-08-04 13:00:00+09:00,4575.0,4580.0,4565.0,4565.0,52800,0.0,0.0
2022-08-04 14:00:00+09:00,4570.0,4585.0,4560.0,4575.0,67000,0.0,0.0
2022-08-05 09:00:00+09:00,4540.0,4565.0,4525.0,4550.0,111900,0.0,0.0
2022-08-05 10:00:00+09:00,4550.0,4585.0,4550.0,4575.0,70900,0.0,0.0
2022-08-05 11:00:00+09:00,4575.0,4605.0,4575.0,4595.0,0,0.0,0.0
2022-08-05 12:00:00+09:00,4590.0,4610.0,4585.0,4605.0,261100,0.0,0.0
2022-08-05 13:00:00+09:00,4605.0,4605.0,4580.0,4600.0,67500,0.0,0.0
2022-08-05 14:00:00+09:00,4600.0,4600.0,4585.0,4590.0,58900,0.0,0.0
2022-08-08 09:00:00+09:00,4585.0,4620.0,4580.0,4595.0,0,0.0,0.0
2022-08-08 10:00:00+09:00,4595.0,4640.0,4590.0,4625.0,58800,0.0,0.0
2022-08-08 11:00:00+09:00,4625.0,4635.0,4620.0,4635.0,0,0.0,0.0
2022-08-08 12:00:00+09:00,4635.0,4635.0,4620.0,4625.0,194700,0.0,0.0
2022-08-08 13:00:00+09:00,4630.0,4630.0,4625.0,4630.0,30600,0.0,0.0
2022-08-08 14:00:00+09:00,4635.0,4635.0,4625.0,4630.0,55200,0.0,0.0
2022-08-09 09:00:00+09:00,4650.0,4660.0,4605.0,4605.0,98200,0.0,0.0
2022-08-09 10:00:00+09:00,4605.0,4615.0,4575.0,4580.0,56000,0.0,0.0
2022-08-09 11:00:00+09:00,4580.0,4590.0,4580.0,4585.0,0,0.0,0.0
2022-08-09 12:00:00+09:00,4580.0,4595.0,4580.0,4590.0,187000,0.0,0.0
2022-08-09 13:00:00+09:00,4590.0,4595.0,4580.0,4595.0,38200,0.0,0.0
2022-08-09 14:00:00+09:00,4590.0,4610.0,4590.0,4605.0,53700,0.0,0.0
2022-08-10 09:00:00+09:00,4615.0,4625.0,4585.0,4600.0,57400,0.0,0.0
2022-08-10 10:00:00+09:00,4600.0,4610.0,4600.0,4605.0,28800,0.0,0.0
2022-08-10 11:00:00+09:00,4605.0,4605.0,4590.0,4590.0,0,0.0,0.0
2022-08-10 12:00:00+09:00,4605.0,4605.0,4575.0,4575.0,121400,0.0,0.0
2022-08-10 13:00:00+09:00,4580.0,4580.0,4560.0,4565.0,45000,0.0,0.0
2022-08-10 14:00:00+09:00,4560.0,4565.0,4545.0,4555.0,102600,0.0,0.0
2022-08-12 09:00:00+09:00,4730.0,4745.0,4695.0,4730.0,82600,0.0,0.0
2022-08-12 10:00:00+09:00,4730.0,4765.0,4730.0,4755.0,121400,0.0,0.0
2022-08-12 11:00:00+09:00,4755.0,4765.0,4750.0,4755.0,0,0.0,0.0
2022-08-12 12:00:00+09:00,4750.0,4760.0,4740.0,4755.0,719000,0.0,0.0
2022-08-12 13:00:00+09:00,4755.0,4760.0,4745.0,4750.0,55400,0.0,0.0
2022-08-12 14:00:00+09:00,4750.0,4770.0,4750.0,4765.0,94800,0.0,0.0
2022-08-15 09:00:00+09:00,4785.0,4785.0,4745.0,4770.0,0,0.0,0.0
2022-08-15 10:00:00+09:00,4765.0,4775.0,4750.0,4765.0,42000,0.0,0.0
2022-08-15 11:00:00+09:00,4765.0,4770.0,4760.0,4760.0,0,0.0,0.0
2022-08-15 12:00:00+09:00,4775.0,4775.0,4760.0,4760.0,194700,0.0,0.0
2022-08-15 13:00:00+09:00,4760.0,4775.0,4760.0,4775.0,35400,0.0,0.0
2022-08-15 14:00:00+09:00,4775.0,4775.0,4760.0,4765.0,46100,0.0,0.0
2022-08-16 09:00:00+09:00,4785.0,4785.0,4730.0,4745.0,139300,0.0,0.0
2022-08-16 10:00:00+09:00,4745.0,4745.0,4725.0,4730.0,43300,0.0,0.0
2022-08-16 11:00:00+09:00,4730.0,4730.0,4720.0,4730.0,0,0.0,0.0
2022-08-16 12:00:00+09:00,4730.0,4730.0,4715.0,4720.0,220300,0.0,0.0
2022-08-16 13:00:00+09:00,4725.0,4745.0,4720.0,4740.0,37500,0.0,0.0
2022-08-16 14:00:00+09:00,4740.0,4745.0,4730.0,4740.0,32000,0.0,0.0
2022-08-17 09:00:00+09:00,4780.0,4825.0,4770.0,4820.0,112800,0.0,0.0
2022-08-17 10:00:00+09:00,4815.0,4815.0,4795.0,4805.0,53800,0.0,0.0
2022-08-17 11:00:00+09:00,4805.0,4810.0,4795.0,4810.0,0,0.0,0.0
2022-08-17 12:00:00+09:00,4810.0,4825.0,4810.0,4820.0,233700,0.0,0.0
2022-08-17 13:00:00+09:00,4820.0,4830.0,4820.0,4830.0,38800,0.0,0.0
2022-08-17 14:00:00+09:00,4825.0,4835.0,4820.0,4825.0,83400,0.0,0.0
2022-08-18 09:00:00+09:00,4765.0,4800.0,4755.0,4780.0,95600,0.0,0.0
2022-08-18 10:00:00+09:00,4780.0,4785.0,4775.0,4775.0,21700,0.0,0.0
2022-08-18 11:00:00+09:00,4775.0,4790.0,4775.0,4785.0,0,0.0,0.0
2022-08-18 12:00:00+09:00,4795.0,4795.0,4770.0,4775.0,149400,0.0,0.0
2022-08-18 13:00:00+09:00,4775.0,4775.0,4760.0,4770.0,27200,0.0,0.0
2022-08-18 14:00:00+09:00,4770.0,4780.0,4765.0,4770.0,49800,0.0,0.0
2022-08-19 09:00:00+09:00,4810.0,4810.0,4770.0,4795.0,114500,0.0,0.0
2022-08-19 10:00:00+09:00,4790.0,4795.0,4765.0,4790.0,55100,0.0,0.0
2022-08-19 11:00:00+09:00,4785.0,4785.0,4775.0,4780.0,0,0.0,0.0
2022-08-19 12:00:00+09:00,4780.0,4785.0,4775.0,4780.0,235300,0.0,0.0
2022-08-19 13:00:00+09:00,4785.0,4790.0,4775.0,4775.0,48800,0.0,0.0
2022-08-19 14:00:00+09:00,4775.0,4780.0,4770.0,4775.0,64000,0.0,0.0
2022-08-22 09:00:00+09:00,4780.0,4815.0,4765.0,4810.0,0,0.0,0.0
2022-08-22 10:00:00+09:00,4810.0,4840.0,4800.0,4835.0,85300,0.0,0.0
2022-08-22 11:00:00+09:00,4835.0,4840.0,4830.0,4830.0,0,0.0,0.0
2022-08-22 12:00:00+09:00,4840.0,4845.0,4820.0,4840.0,367000,0.0,0.0
2022-08-22 13:00:00+09:00,4840.0,4840.0,4820.0,4825.0,45200,0.0,0.0
2022-08-22 14:00:00+09:00,4830.0,4835.0,4810.0,4825.0,106100,0.0,0.0
2022-08-23 09:00:00+09:00,4765.0,4805.0,4760.0,4780.0,166500,0.0,0.0
2022-08-23 10:00:00+09:00,4780.0,4780.0,4760.0,4760.0,58300,0.0,0.0
2022-08-23 11:00:00+09:00,4760.0,4775.0,4760.0,4770.0,0,0.0,0.0
2022-08-23 12:00:00+09:00,4785.0,4785.0,4770.0,4770.0,294700,0.0,0.0
2022-08-23 13:00:00+09:00,4775.0,4775.0,4760.0,4765.0,32300,0.0,0.0
2022-08-23 14:00:00+09:00,4760.0,4770.0,4750.0,4765.0,63500,0.0,0.0
2022-08-24 09:00:00+09:00,4900.0,4990.0,4870.0,4985.0,384900,0.0,0.0
2022-08-24 10:00:00+09:00,4985.0,4990.0,4935.0,4950.0,171100,0.0,0.0
2022-08-24 11:00:00+09:00,4950.0,4955.0,4940.0,4945.0,0,0.0,0.0
2022-08-24 12:00:00+09:00,4950.0,4955.0,4940.0,4945.0,646400,0.0,0.0
2022-08-24 13:00:00+09:00,4945.0,4960.0,4945.0,4955.0,67700,0.0,0.0
2022-08-24 14:00:00+09:00,4955.0,4965.0,4945.0,4950.0,98400,0.0,0.0
2022-08-25 09:00:00+09:00,4965.0,4965.0,4910.0,4935.0,126200,0.0,0.0
2022-08-25 10:00:00+09:00,4930.0,4945.0,4925.0,4935.0,52900,0.0,0.0
2022-08-25 11:00:00+09:00,4935.0,4935.0,4930.0,4930.0,0,0.0,0.0
2022-08-25 12:00:00+09:00,4920.0,4925.0,4895.0,4905.0,260000,0.0,0.0
2022-08-25 13:00:00+09:00,4905.0,4910.0,4900.0,4910.0,41700,0.0,0.0
2022-08-25 14:00:00+09:00,4910.0,4915.0,4900.0,4900.0,67100,0.0,0.0
2022-08-26 09:00:00+09:00,4975.0,5030.0,4965.0,5020.0,197000,0.0,0.0
2022-08-26 10:00:00+09:00,5020.0,5040.0,5010.0,5030.0,123400,0.0,0.0
2022-08-26 11:00:00+09:00,5020.0,5030.0,5010.0,5020.0,0,0.0,0.0
2022-08-26 12:00:00+09:00,5020.0,5020.0,5000.0,5000.0,412200,0.0,0.0
2022-08-26 13:00:00+09:00,5000.0,5010.0,4995.0,5000.0,26400,0.0,0.0
2022-08-26 14:00:00+09:00,5000.0,5020.0,5000.0,5000.0,63200,0.0,0.0
2022-08-29 09:00:00+09:00,4900.0,4910.0,4865.0,4865.0,182700,0.0,0.0
2022-08-29 10:00:00+09:00,4860.0,4875.0,4840.0,4850.0,67800,0.0,0.0
2022-08-29 11:00:00+09:00,4845.0,4870.0,4845.0,4865.0,0,0.0,0.0
2022-08-29 12:00:00+09:00,4875.0,4875.0,4860.0,4875.0,314200,0.0,0.0
2022-08-29 13:00:00+09:00,4875.0,4890.0,4870.0,4875.0,47600,0.0,0.0
2022-08-29 14:00:00+09:00,4875.0,4895.0,4875.0,4880.0,80700,0.0,0.0
2022-08-30 09:00:00+09:00,4955.0,4985.0,4920.0,4970.0,155600,0.0,0.0
2022-08-30 10:00:00+09:00,4970.0,5000.0,4960.0,4985.0,79600,0.0,0.0
2022-08-30 11:00:00+09:00,4980.0,4990.0,4970.0,4980.0,0,0.0,0.0
2022-08-30 12:00:00+09:00,4995.0,4995.0,4980.0,4995.0,314500,0.0,0.0
2022-08-30 13:00:00+09:00,4995.0,5000.0,4990.0,4995.0,30400,0.0,0.0
2022-08-30 14:00:00+09:00,4995.0,5000.0,4990.0,4995.0,87000,0.0,0.0
2022-08-31 09:00:00+09:00,4910.0,4940.0,4885.0,4935.0,143500,0.0,0.0
2022-08-31 10:00:00+09:00,4940.0,4960.0,4925.0,4930.0,48900,0.0,0.0
2022-08-31 11:00:00+09:00,4930.0,4935.0,4925.0,4935.0,0,0.0,0.0
2022-08-31 12:00:00+09:00,4950.0,4955.0,4950.0,4950.0,239800,0.0,0.0
2022-08-31 13:00:00+09:00,4950.0,4950.0,4920.0,4925.0,56800,0.0,0.0
2022-08-31 14:00:00+09:00,4925.0,4925.0,4905.0,4910.0,85900,0.0,0.0
2022-09-01 09:00:00+09:00,4860.0,4885.0,4795.0,4795.0,148800,0.0,0.0
2022-09-01 10:00:00+09:00,4795.0,4800.0,4775.0,4785.0,79800,0.0,0.0
2022-09-01 11:00:00+09:00,4790.0,4805.0,4785.0,4805.0,0,0.0,0.0
2022-09-01 12:00:00+09:00,4795.0,4795.0,4770.0,4770.0,307600,0.0,0.0
2022-09-01 13:00:00+09:00,4770.0,4780.0,4765.0,4780.0,54000,0.0,0.0
2022-09-01 14:00:00+09:00,4775.0,4785.0,4770.0,4770.0,87200,0.0,0.0
2022-09-02 09:00:00+09:00,4770.0,4785.0,4735.0,4750.0,126500,0.0,0.0
2022-09-02 10:00:00+09:00,4750.0,4765.0,4740.0,4740.0,40100,0.0,0.0
2022-09-02 11:00:00+09:00,4740.0,4745.0,4725.0,4735.0,0,0.0,0.0
2022-09-02 12:00:00+09:00,4750.0,4750.0,4735.0,4745.0,227600,0.0,0.0
2022-09-02 13:00:00+09:00,4745.0,4755.0,4740.0,4750.0,0,0.0,0.0
2022-09-02 14:00:00+09:00,4750.0,4750.0,4730.0,4750.0,342800,0.0,0.0
2022-09-05 09:00:00+09:00,4770.0,4795.0,4730.0,4750.0,0,0.0,0.0
2022-09-05 10:00:00+09:00,4755.0,4785.0,4755.0,4780.0,96900,0.0,0.0
2022-09-05 11:00:00+09:00,4780.0,4795.0,4780.0,4785.0,0,0.0,0.0
2022-09-05 12:00:00+09:00,4790.0,4800.0,4785.0,4795.0,256200,0.0,0.0
2022-09-05 13:00:00+09:00,4795.0,4800.0,4795.0,4800.0,48300,0.0,0.0
2022-09-05 14:00:00+09:00,4795.0,4805.0,4790.0,4800.0,82900,0.0,0.0
2022-09-06 09:00:00+09:00,4790.0,4815.0,4750.0,4810.0,92300,0.0,0.0
2022-09-06 10:00:00+09:00,4810.0,4820.0,4790.0,4790.0,35300,0.0,0.0
2022-09-06 11:00:00+09:00,4790.0,4800.0,4785.0,4795.0,0,0.0,0.0
2022-09-06 12:00:00+09:00,4795.0,4795.0,4780.0,4785.0,183800,0.0,0.0
2022-09-06 13:00:00+09:00,4785.0,4795.0,4780.0,4785.0,32600,0.0,0.0
2022-09-06 14:00:00+09:00,4780.0,4800.0,4780.0,4790.0,73200,0.0,0.0
2022-09-07 09:00:00+09:00,4765.0,4780.0,4730.0,4755.0,128800,0.0,0.0
2022-09-07 10:00:00+09:00,4755.0,4765.0,4750.0,4760.0,46500,0.0,0.0
2022-09-07 11:00:00+09:00,4760.0,4770.0,4755.0,4770.0,0,0.0,0.0
2022-09-07 12:00:00+09:00,4775.0,4775.0,4755.0,4770.0,211400,0.0,0.0
2022-09-07 13:00:00+09:00,4765.0,4790.0,4765.0,4785.0,27400,0.0,0.0
2022-09-07 14:00:00+09:00,4790.0,4800.0,4780.0,4795.0,68400,0.0,0.0
2022-09-08 09:00:00+09:00,4840.0,4870.0,4810.0,4870.0,118000,0.0,0.0
2022-09-08 10:00:00+09:00,4870.0,4885.0,4870.0,4880.0,66400,0.0,0.0
2022-09-08 11:00:00+09:00,4885.0,4895.0,4885.0,4890.0,0,0.0,0.0
2022-09-08 12:00:00+09:00,4890.0,4895.0,4885.0,4890.0,252600,0.0,0.0
2022-09-08 13:00:00+09:00,4895.0,4935.0,4895.0,4910.0,104200,0.0,0.0
2022-09-08 14:00:00+09:00,4915.0,4925.0,4915.0,4925.0,99500,0.0,0.0
2022-09-09 09:00:00+09:00,4950.0,4960.0,4910.0,4950.0,571500,0.0,0.0
2022-09-09 10:00:00+09:00,4950.0,4950.0,4925.0,4935.0,68600,0.0,0.0
2022-09-09 11:00:00+09:00,4935.0,4970.0,4935.0,4965.0,0,0.0,0.0
2022-09-09 12:00:00+09:00,4965.0,4970.0,4950.0,4965.0,738600,0.0,0.0
2022-09-09 13:00:00+09:00,4960.0,4980.0,4960.0,4975.0,85700,0.0,0.0
2022-09-09 14:00:00+09:00,4975.0,4995.0,4970.0,4990.0,147800,0.0,0.0
2022-09-12 09:00:00+09:00,5060.0,5080.0,5030.0,5040.0,0,0.0,0.0
2022-09-12 10:00:00+09:00,5040.0,5040.0,5010.0,5030.0,41400,0.0,0.0
2022-09-12 11:00:00+09:00,5030.0,5050.0,5030.0,5040.0,0,0.0,0.0
2022-09-12 12:00:00+09:00,5050.0,5050.0,5030.0,5050.0,219200,0.0,0.0
2022-09-12 13:00:00+09:00,5040.0,5060.0,5040.0,5060.0,23900,0.0,0.0
2022-09-12 14:00:00+09:00,5050.0,5060.0,5050.0,5060.0,47100,0.0,0.0
2022-09-13 09:00:00+09:00,5060.0,5080.0,5050.0,5070.0,67200,0.0,0.0
2022-09-13 10:00:00+09:00,5070.0,5090.0,5070.0,5080.0,41900,0.0,0.0
2022-09-13 11:00:00+09:00,5080.0,5090.0,5070.0,5080.0,0,0.0,0.0
2022-09-13 12:00:00+09:00,5080.0,5090.0,5080.0,5080.0,146700,0.0,0.0
2022-09-13 13:00:00+09:00,5080.0,5090.0,5070.0,5080.0,24700,0.0,0.0
2022-09-13 14:00:00+09:00,5080.0,5080.0,5060.0,5070.0,58900,0.0,0.0
2022-09-14 09:00:00+09:00,4960.0,4960.0,4920.0,4945.0,160700,0.0,0.0
2022-09-14 10:00:00+09:00,4945.0,5010.0,4945.0,5010.0,98100,0.0,0.0
2022-09-14 11:00:00+09:00,5010.0,5010.0,4995.0,4995.0,0,0.0,0.0
2022-09-14 12:00:00+09:00,4990.0,4995.0,4960.0,4975.0,349000,0.0,0.0
2022-09-14 13:00:00+09:00,4975.0,4980.0,4945.0,4955.0,79400,0.0,0.0
2022-09-14 14:00:00+09:00,4955.0,4960.0,4945.0,4950.0,92500,0.0,0.0
2022-09-15 09:00:00+09:00,4955.0,4960.0,4925.0,4930.0,135600,0.0,0.0
2022-09-15 10:00:00+09:00,4930.0,4940.0,4915.0,4930.0,51600,0.0,0.0
2022-09-15 11:00:00+09:00,4935.0,4955.0,4930.0,4955.0,0,0.0,0.0
2022-09-15 12:00:00+09:00,4950.0,4950.0,4935.0,4940.0,227200,0.0,0.0
2022-09-15 13:00:00+09:00,4940.0,4955.0,4940.0,4950.0,29700,0.0,0.0
2022-09-15 14:00:00+09:00,4950.0,4955.0,4945.0,4950.0,61300,0.0,0.0
2022-09-16 09:00:00+09:00,4900.0,4925.0,4900.0,4905.0,86600,0.0,0.0
2022-09-16 10:00:00+09:00,4905.0,4910.0,4890.0,4905.0,36600,0.0,0.0
2022-09-16 11:00:00+09:00,4905.0,4910.0,4895.0,4900.0,0,0.0,0.0
2022-09-16 12:00:00+09:00,4895.0,4895.0,4875.0,4885.0,196700,0.0,0.0
2022-09-16 13:00:00+09:00,4890.0,4890.0,4880.0,4885.0,44100,0.0,0.0
2022-09-16 14:00:00+09:00,4885.0,4910.0,4880.0,4910.0,131200,0.0,0.0
2022-09-20 09:00:00+09:00,4970.0,5020.0,4955.0,4965.0,0,0.0,0.0
2022-09-20 10:00:00+09:00,4970.0,4975.0,4930.0,4935.0,40300,0.0,0.0
2022-09-20 11:00:00+09:00,4930.0,4930.0,4925.0,4925.0,0,0.0,0.0
2022-09-20 12:00:00+09:00,4920.0,4935.0,4915.0,4930.0,200900,0.0,0.0
2022-09-20 13:00:00+09:00,4930.0,4940.0,4925.0,4930.0,41400,0.0,0.0
2022-09-20 14:00:00+09:00,4930.0,4940.0,4930.0,4935.0,38100,0.0,0.0
2022-09-21 09:00:00+09:00,4880.0,4890.0,4860.0,4865.0,114200,0.0,0.0
2022-09-21 10:00:00+09:00,4860.0,4870.0,4835.0,4840.0,76700,0.0,0.0
2022-09-21 11:00:00+09:00,4845.0,4860.0,4845.0,4860.0,0,0.0,0.0
2022-09-21 12:00:00+09:00,4855.0,4865.0,4850.0,4865.0,263500,0.0,0.0
2022-09-21 13:00:00+09:00,4860.0,4860.0,4830.0,4835.0,49600,0.0,0.0
2022-09-21 14:00:00+09:00,4840.0,4845.0,4825.0,4835.0,94400,0.0,0.0
2022-09-22 09:00:00+09:00,4805.0,4860.0,4795.0,4850.0,119100,0.0,0.0
2022-09-22 10:00:00+09:00,4845.0,4850.0,4810.0,4830.0,59100,0.0,0.0
2022-09-22 11:00:00+09:00,4830.0,4850.0,4825.0,4845.0,0,0.0,0.0
2022-09-22 12:00:00+09:00,4860.0,4875.0,4850.0,4870.0,272000,0.0,0.0
2022-09-22 13:00:00+09:00,4870.0,4900.0,4870.0,4885.0,58600,0.0,0.0
2022-09-22 14:00:00+09:00,4885.0,4900.0,4880.0,4885.0,83000,0.0,0.0
2022-09-26 09:00:00+09:00,4800.0,4800.0,4700.0,4700.0,0,0.0,0.0
2022-09-26 10:00:00+09:00,4705.0,4705.0,4660.0,4665.0,106000,0.0,0.0
2022-09-26 11:00:00+09:00,4665.0,4695.0,4665.0,4695.0,0,0.0,0.0
2022-09-26 12:00:00+09:00,4675.0,4680.0,4655.0,4665.0,396700,0.0,0.0
2022-09-26 13:00:00+09:00,4665.0,4665.0,4625.0,4630.0,0,0.0,0.0
2022-09-26 14:00:00+09:00,4635.0,4665.0,4635.0,4640.0,627700,0.0,0.0
2022-09-27 09:00:00+09:00,4680.0,4750.0,4670.0,4745.0,123300,0.0,0.0
2022-09-27 10:00:00+09:00,4745.0,4750.0,4700.0,4710.0,60300,0.0,0.0
2022-09-27 11:00:00+09:00,4705.0,4725.0,4700.0,4720.0,0,0.0,0.0
2022-09-27 12:00:00+09:00,4710.0,4715.0,4695.0,4700.0,227900,0.0,0.0
2022-09-27 13:00:00+09:00,4705.0,4710.0,4695.0,4705.0,46000,0.0,0.0
2022-09-27 14:00:00+09:00,4705.0,4715.0,4695.0,4700.0,121800,0.0,0.0
2022-09-28 09:00:00+09:00,4650.0,4725.0,4650.0,4680.0,149200,0.0,0.0
2022-09-28 10:00:00+09:00,4685.0,4695.0,4580.0,4600.0,102900,0.0,0.0
2022-09-28 11:00:00+09:00,4600.0,4600.0,4560.0,4585.0,0,0.0,0.0
2022-09-28 12:00:00+09:00,4575.0,4575.0,4545.0,4565.0,381200,0.0,0.0
2022-09-28 13:00:00+09:00,4570.0,4575.0,4555.0,4570.0,72700,0.0,0.0
2022-09-28 14:00:00+09:00,4570.0,4590.0,4550.0,4590.0,142100,0.0,0.0
2022-09-29 09:00:00+09:00,4640.0,4665.0,4575.0,4595.0,134200,0.0,0.0
2022-09-29 10:00:00+09:00,4590.0,4625.0,4575.0,4590.0,63400,0.0,0.0
2022-09-29 11:00:00+09:00,4590.0,4590.0,4540.0,4545.0,0,0.0,0.0
2022-09-29 12:00:00+09:00,4570.0,4595.0,4565.0,4585.0,313800,0.0,0.0
2022-09-29 13:00:00+09:00,4590.0,4610.0,4590.0,4605.0,95700,0.0,0.0
2022-09-29 14:00:00+09:00,4610.0,4630.0,4600.0,4615.0,125700,0.0,0.0
2022-09-30 09:00:00+09:00,4540.0,4590.0,4525.0,4540.0,131800,0.0,0.0
2022-09-30 10:00:00+09:00,4535.0,4540.0,4500.0,4535.0,79200,0.0,0.0
2022-09-30 11:00:00+09:00,4530.0,4545.0,4500.0,4515.0,0,0.0,0.0
2022-09-30 12:00:00+09:00,4515.0,4515.0,4485.0,4490.0,299600,0.0,0.0
2022-09-30 13:00:00+09:00,4490.0,4490.0,4420.0,4470.0,216100,0.0,0.0
2022-09-30 14:00:00+09:00,4470.0,4495.0,4465.0,4495.0,151000,0.0,0.0
2022-10-03 09:00:00+09:00,4450.0,4525.0,4450.0,4465.0,177900,0.0,0.0
2022-10-03 10:00:00+09:00,4470.0,4565.0,4470.0,4555.0,89800,0.0,0.0
2022-10-03 11:00:00+09:00,4555.0,4555.0,4540.0,4555.0,0,0.0,0.0
2022-10-03 12:00:00+09:00,4530.0,4550.0,4530.0,4545.0,326500,0.0,0.0
2022-10-03 13:00:00+09:00,4545.0,4560.0,4535.0,4540.0,78700,0.0,0.0
2022-10-03 14:00:00+09:00,4540.0,4575.0,4535.0,4565.0,93000,0.0,0.0
2022-10-04 09:00:00+09:00,4695.0,4770.0,4680.0,4765.0,175000,0.0,0.0
2022-10-04 10:00:00+09:00,4765.0,4795.0,4750.0,4750.0,105200,0.0,0.0
2022-10-04 11:00:00+09:00,4750.0,4755.0,4725.0,4750.0,0,0.0,0.0
2022-10-04 12:00:00+09:00,4750.0,4795.0,4750.0,4785.0,398800,0.0,0.0
2022-10-04 13:00:00+09:00,4785.0,4805.0,4780.0,4795.0,80900,0.0,0.0
2022-10-04 14:00:00+09:00,4795.0,4810.0,4785.0,4795.0,132600,0.0,0.0
2022-10-05 09:00:00+09:00,4870.0,4900.0,4840.0,4860.0,256700,0.0,0.0
2022-10-05 10:00:00+09:00,4855.0,4870.0,4805.0,4810.0,70900,0.0,0.0
2022-10-05 11:00:00+09:00,4810.0,4825.0,4800.0,4805.0,0,0.0,0.0
2022-10-05 12:00:00+09:00,4800.0,4800.0,4785.0,4800.0,412300,0.0,0.0
2022-10-05 13:00:00+09:00,4795.0,4795.0,4780.0,4785.0,41600,0.0,0.0
2022-10-05 14:00:00+09:00,4785.0,4805.0,4785.0,4795.0,83900,0.0,0.0
2022-10-06 09:00:00+09:00,4805.0,4870.0,4805.0,4820.0,128000,0.0,0.0
2022-10-06 10:00:00+09:00,4815.0,4830.0,4795.0,4825.0,74800,0.0,0.0
2022-10-06 11:00:00+09:00,4825.0,4830.0,4810.0,4810.0,0,0.0,0.0
2022-10-06 12:00:00+09:00,4835.0,4835.0,4820.0,4835.0,268700,0.0,0.0
2022-10-06 13:00:00+09:00,4835.0,4850.0,4830.0,4835.0,69200,0.0,0.0
2022-10-06 14:00:00+09:00,4845.0,4845.0,4815.0,4815.0,93200,0.0,0.0
2022-10-07 09:00:00+09:00,4745.0,4780.0,4730.0,4760.0,158900,0.0,0.0
2022-10-07 10:00:00+09:00,4760.0,4770.0,4745.0,4760.0,55500,0.0,0.0
2022-10-07 11:00:00+09:00,4760.0,4775.0,4760.0,4765.0,0,0.0,0.0
2022-10-07 12:00:00+09:00,4745.0,4765.0,4740.0,4765.0,279100,0.0,0.0
2022-10-07 13:00:00+09:00,4770.0,4775.0,4755.0,4760.0,31600,0.0,0.0
2022-10-07 14:00:00+09:00,4760.0,4775.0,4755.0,4760.0,65200,0.0,0.0
2022-10-11 09:00:00+09:00,4690.0,4700.0,4645.0,4690.0,173500,0.0,0.0
2022-10-11 10:00:00+09:00,4690.0,4720.0,4675.0,4700.0,84000,0.0,0.0
2022-10-11 11:00:00+09:00,4700.0,4700.0,4670.0,4685.0,0,0.0,0.0
2022-10-11 12:00:00+09:00,4680.0,4690.0,4665.0,4665.0,338800,0.0,0.0
2022-10-11 13:00:00+09:00,4665.0,4680.0,4660.0,4670.0,62600,0.0,0.0
2022-10-11 14:00:00+09:00,4670.0,4675.0,4660.0,4660.0,91200,0.0,0.0
2022-10-12 09:00:00+09:00,4660.0,4670.0,4580.0,4620.0,98900,0.0,0.0
2022-10-12 10:00:00+09:00,4620.0,4620.0,4590.0,4610.0,57700,0.0,0.0
2022-10-12 11:00:00+09:00,4610.0,4610.0,4595.0,4600.0,0,0.0,0.0
2022-10-12 12:00:00+09:00,4605.0,4605.0,4595.0,4595.0,208600,0.0,0.0
2022-10-12 13:00:00+09:00,4595.0,4620.0,4595.0,4615.0,38800,0.0,0.0
2022-10-12 14:00:00+09:00,4615.0,4625.0,4600.0,4625.0,91300,0.0,0.0
2022-10-13 09:00:00+09:00,4600.0,4600.0,4560.0,4590.0,80400,0.0,0.0
2022-10-13 10:00:00+09:00,4590.0,4595.0,4565.0,4565.0,61900,0.0,0.0
2022-10-13 11:00:00+09:00,4565.0,4570.0,4560.0,4565.0,0,0.0,0.0
2022-10-13 12:00:00+09:00,4580.0,4580.0,4565.0,4565.0,184100,0.0,0.0
2022-10-13 13:00:00+09:00,4570.0,4580.0,4565.0,4580.0,28800,0.0,0.0
2022-10-13 14:00:00+09:00,4575.0,4590.0,4575.0,4580.0,55900,0.0,0.0
2022-10-14 09:00:00+09:00,4645.0,4685.0,4630.0,4685.0,345000,0.0,0.0
2022-10-14 10:00:00+09:00,4690.0,4725.0,4680.0,4715.0,84100,0.0,0.0
2022-10-14 11:00:00+09:00,4710.0,4740.0,4710.0,4730.0,0,0.0,0.0
2022-10-14 12:00:00+09:00,4735.0,4735.0,4725.0,4735.0,512400,0.0,0.0
2022-10-14 13:00:00+09:00,4730.0,4740.0,4710.0,4715.0,49900,0.0,0.0
2022-10-14 14:00:00+09:00,4720.0,4730.0,4710.0,4710.0,80500,0.0,0.0
2022-10-17 09:00:00+09:00,4610.0,4640.0,4590.0,4620.0,112800,0.0,0.0
2022-10-17 10:00:00+09:00,4620.0,4630.0,4605.0,4610.0,54400,0.0,0.0
2022-10-17 11:00:00+09:00,4615.0,4615.0,4610.0,4610.0,0,0.0,0.0
2022-10-17 12:00:00+09:00,4630.0,4630.0,4615.0,4620.0,213600,0.0,0.0
2022-10-17 13:00:00+09:00,4615.0,4630.0,4610.0,4630.0,50000,0.0,0.0
2022-10-17 14:00:00+09:00,4635.0,4635.0,4620.0,4620.0,57900,0.0,0.0
2022-10-18 09:00:00+09:00,4750.0,4750.0,4690.0,4705.0,157700,0.0,0.0
2022-10-18 10:00:00+09:00,4700.0,4705.0,4670.0,4680.0,82000,0.0,0.0
2022-10-18 11:00:00+09:00,4680.0,4685.0,4665.0,4665.0,0,0.0,0.0
2022-10-18 12:00:00+09:00,4680.0,4705.0,4680.0,4700.0,309400,0.0,0.0
2022-10-18 13:00:00+09:00,4700.0,4725.0,4700.0,4710.0,58900,0.0,0.0
2022-10-18 14:00:00+09:00,4710.0,4720.0,4705.0,4715.0,65300,0.0,0.0
2022-10-19 09:00:00+09:00,4695.0,4725.0,4680.0,4695.0,73100,0.0,0.0
2022-10-19 10:00:00+09:00,4690.0,4720.0,4690.0,4710.0,33900,0.0,0.0
2022-10-19 11:00:00+09:00,4715.0,4725.0,4710.0,4725.0,0,0.0,0.0
2022-10-19 12:00:00+09:00,4725.0,4725.0,4710.0,4710.0,161400,0.0,0.0
2022-10-19 13:00:00+09:00,4715.0,4735.0,4710.0,4725.0,34000,0.0,0.0
2022-10-19 14:00:00+09:00,4730.0,4735.0,4710.0,4715.0,68000,0.0,0.0
2022-10-20 09:00:00+09:00,4655.0,4685.0,4650.0,4655.0,85100,0.0,0.0
2022-10-20 10:00:00+09:00,4650.0,4655.0,4625.0,4630.0,68300,0.0,0.0
2022-10-20 11:00:00+09:00,4630.0,4645.0,4630.0,4640.0,0,0.0,0.0
2022-10-20 12:00:00+09:00,4625.0,4625.0,4610.0,4615.0,210600,0.0,0.0
2022-10-20 13:00:00+09:00,4615.0,4645.0,4610.0,4625.0,93100,0.0,0.0
2022-10-20 14:00:00+09:00,4625.0,4650.0,4625.0,4650.0,101500,0.0,0.0
2022-10-21 09:00:00+09:00,4595.0,4625.0,4595.0,4620.0,91700,0.0,0.0
2022-10-21 10:00:00+09:00,4615.0,4620.0,4590.0,4620.0,55000,0.0,0.0
2022-10-21 11:00:00+09:00,4620.0,4630.0,4615.0,4630.0,0,0.0,0.0
2022-10-21 12:00:00+09:00,4630.0,4630.0,4605.0,4605.0,192400,0.0,0.0
2022-10-21 13:00:00+09:00,4610.0,4610.0,4595.0,4605.0,52600,0.0,0.0
2022-10-21 14:00:00+09:00,4605.0,4605.0,4580.0,4585.0,52900,0.0,0.0
2022-10-24 09:00:00+09:00,4720.0,4725.0,4665.0,4695.0,135000,0.0,0.0
2022-10-24 10:00:00+09:00,4695.0,4705.0,4675.0,4690.0,69100,0.0,0.0
2022-10-24 11:00:00+09:00,4685.0,4685.0,4675.0,4680.0,0,0.0,0.0
2022-10-24 12:00:00+09:00,4665.0,4675.0,4660.0,4670.0,252500,0.0,0.0
2022-10-24 13:00:00+09:00,4670.0,4675.0,4650.0,4665.0,61600,0.0,0.0
2022-10-24 14:00:00+09:00,4670.0,4670.0,4645.0,4650.0,60100,0.0,0.0
2022-10-25 09:00:00+09:00,4695.0,4720.0,4675.0,4710.0,140200,0.0,0.0
2022-10-25 10:00:00+09:00,4710.0,4715.0,4695.0,4710.0,80400,0.0,0.0
2022-10-25 11:00:00+09:00,4715.0,4720.0,4710.0,4720.0,0,0.0,0.0
2022-10-25 12:00:00+09:00,4730.0,4765.0,4730.0,4745.0,327900,0.0,0.0
2022-10-25 13:00:00+09:00,4745.0,4755.0,4740.0,4750.0,37200,0.0,0.0
2022-10-25 14:00:00+09:00,4755.0,4775.0,4750.0,4755.0,122100,0.0,0.0
2022-10-26 09:00:00+09:00,4790.0,4815.0,4760.0,4795.0,145300,0.0,0.0
2022-10-26 10:00:00+09:00,4800.0,4830.0,4795.0,4815.0,100900,0.0,0.0
2022-10-26 11:00:00+09:00,4815.0,4820.0,4810.0,4810.0,0,0.0,0.0
2022-10-26 12:00:00+09:00,4815.0,4815.0,4790.0,4800.0,336800,0.0,0.0
2022-10-26 13:00:00+09:00,4795.0,4810.0,4790.0,4810.0,46300,0.0,0.0
2022-10-26 14:00:00+09:00,4805.0,4810.0,4785.0,4795.0,89500,0.0,0.0
2022-10-27 09:00:00+09:00,4780.0,4780.0,4705.0,4715.0,115200,0.0,0.0
2022-10-27 10:00:00+09:00,4720.0,4725.0,4695.0,4705.0,73100,0.0,0.0
2022-10-27 11:00:00+09:00,4700.0,4700.0,4680.0,4680.0,0,0.0,0.0
2022-10-27 12:00:00+09:00,4670.0,4700.0,4665.0,4690.0,263700,0.0,0.0
2022-10-27 13:00:00+09:00,4695.0,4695.0,4685.0,4685.0,46200,0.0,0.0
2022-10-27 14:00:00+09:00,4685.0,4685.0,4670.0,4675.0,79200,0.0,0.0
2022-10-28 09:00:00+09:00,4590.0,4635.0,4585.0,4630.0,231500,0.0,0.0
2022-10-28 10:00:00+09:00,4635.0,4660.0,4620.0,4650.0,85500,0.0,0.0
2022-10-28 11:00:00+09:00,4650.0,4665.0,4645.0,4655.0,0,0.0,0.0
2022-10-28 12:00:00+09:00,4640.0,4655.0,4630.0,4645.0,428800,0.0,0.0
2022-10-28 13:00:00+09:00,4650.0,4655.0,4625.0,4655.0,95100,0.0,0.0
2022-10-28 14:00:00+09:00,4650.0,4660.0,4615.0,4630.0,185200,0.0,0.0
2022-10-31 09:00:00+09:00,4920.0,5050.0,4895.0,5050.0,0,0.0,0.0
2022-10-31 10:00:00+09:00,5030.0,5050.0,4940.0,4980.0,249000,0.0,0.0
2022-10-31 11:00:00+09:00,4980.0,4990.0,4960.0,4975.0,0,0.0,0.0
2022-10-31 12:00:00+09:00,4980.0,5010.0,4975.0,5000.0,1071500,0.0,0.0
2022-10-31 13:00:00+09:00,5000.0,5020.0,4995.0,5010.0,111800,0.0,0.0
2022-10-31 14:00:00+09:00,5000.0,5010.0,4970.0,5000.0,282900,0.0,0.0
2022-11-01 09:00:00+09:00,5000.0,5050.0,4980.0,5010.0,167800,0.0,0.0
2022-11-01 10:00:00+09:00,5000.0,5020.0,4970.0,5020.0,68000,0.0,0.0
2022-11-01 11:00:00+09:00,5020.0,5020.0,5000.0,5000.0,0,0.0,0.0
2022-11-01 12:00:00+09:00,4985.0,5000.0,4970.0,5000.0,322000,0.0,0.0
2022-11-01 13:00:00+09:00,5000.0,5010.0,4980.0,5000.0,62000,0.0,0.0
2022-11-01 14:00:00+09:00,5010.0,5030.0,5000.0,5010.0,119600,0.0,0.0
2022-11-02 09:00:00+09:00,4985.0,5090.0,4965.0,5070.0,243400,0.0,0.0
2022-11-02 10:00:00+09:00,5070.0,5090.0,5040.0,5070.0,118200,0.0,0.0
2022-11-02 11:00:00+09:00,5070.0,5080.0,5060.0,5060.0,0,0.0,0.0
2022-11-02 12:00:00+09:00,5060.0,5070.0,5040.0,5050.0,444500,0.0,0.0
2022-11-02 13:00:00+09:00,5050.0,5060.0,5040.0,5040.0,44300,0.0,0.0
2022-11-02 14:00:00+09:00,5040.0,5060.0,5040.0,5050.0,64300,0.0,0.0
2022-11-04 09:00:00+09:00,4970.0,5080.0,4970.0,5010.0,0,0.0,0.0
2022-11-04 10:00:00+09:00,5010.0,5030.0,4995.0,5030.0,97400,0.0,0.0
2022-11-04 11:00:00+09:00,5020.0,5030.0,5000.0,5010.0,0,0.0,0.0
2022-11-04 12:00:00+09:00,5020.0,5050.0,5010.0,5050.0,342000,0.0,0.0
2022-11-04 13:00:00+09:00,5040.0,5050.0,5020.0,5050.0,60800,0.0,0.0
2022-11-04 14:00:00+09:00,5050.0,5100.0,5050.0,5080.0,144300,0.0,0.0
2022-11-07 09:00:00+09:00,5120.0,5130.0,5060.0,5080.0,150500,0.0,0.0
2022-11-07 10:00:00+09:00,5080.0,5110.0,5060.0,5110.0,63400,0.0,0.0
2022-11-07 11:00:00+09:00,5110.0,5110.0,5090.0,5090.0,0,0.0,0.0
2022-11-07 12:00:00+09:00,5100.0,5120.0,5100.0,5110.0,245800,0.0,0.0
2022-11-07 13:00:00+09:00,5110.0,5120.0,5110.0,5110.0,31800,0.0,0.0
2022-11-07 14:00:00+09:00,5110.0,5110.0,5090.0,5100.0,60500,0.0,0.0
2022-11-08 09:00:00+09:00,5140.0,5170.0,5100.0,5160.0,260000,0.0,0.0
2022-11-08 10:00:00+09:00,5160.0,5180.0,5140.0,5140.0,54900,0.0,0.0
2022-11-08 11:00:00+09:00,5140.0,5150.0,5140.0,5140.0,0,0.0,0.0
2022-11-08 12:00:00+09:00,5150.0,5170.0,5150.0,5150.0,354800,0.0,0.0
2022-11-08 13:00:00+09:00,5150.0,5160.0,5120.0,5130.0,96700,0.0,0.0
2022-11-08 14:00:00+09:00,5120.0,5140.0,5120.0,5140.0,50300,0.0,0.0
2022-11-09 09:00:00+09:00,5150.0,5170.0,5120.0,5150.0,106400,0.0,0.0
2022-11-09 10:00:00+09:00,5140.0,5160.0,5130.0,5140.0,43700,0.0,0.0
2022-11-09 11:00:00+09:00,5140.0,5150.0,5130.0,5150.0,0,0.0,0.0
2022-11-09 12:00:00+09:00,5120.0,5130.0,5100.0,5120.0,207800,0.0,0.0
2022-11-09 13:00:00+09:00,5120.0,5120.0,5100.0,5110.0,43000,0.0,0.0
2022-11-09 14:00:00+09:00,5110.0,5120.0,5100.0,5100.0,62900,0.0,0.0
2022-11-10 09:00:00+09:00,5100.0,5110.0,5070.0,5100.0,115800,0.0,0.0
2022-11-10 10:00:00+09:00,5090.0,5110.0,5090.0,5100.0,40400,0.0,0.0
2022-11-10 11:00:00+09:00,5090.0,5090.0,5070.0,5080.0,0,0.0,0.0
2022-11-10 12:00:00+09:00,5080.0,5120.0,5080.0,5110.0,218900,0.0,0.0
2022-11-10 13:00:00+09:00,5110.0,5110.0,5090.0,5090.0,25600,0.0,0.0
2022-11-10 14:00:00+09:00,5090.0,5100.0,5070.0,5080.0,33800,0.0,0.0
2022-11-11 09:00:00+09:00,5240.0,5240.0,5140.0,5200.0,376800,0.0,0.0
2022-11-11 10:00:00+09:00,5200.0,5220.0,5170.0,5180.0,81200,0.0,0.0
2022-11-11 11:00:00+09:00,5180.0,5200.0,5180.0,5200.0,0,0.0,0.0
2022-11-11 12:00:00+09:00,5200.0,5200.0,5190.0,5200.0,520300,0.0,0.0
2022-11-11 13:00:00+09:00,5200.0,5220.0,5190.0,5210.0,53700,0.0,0.0
2022-11-11 14:00:00+09:00,5210.0,5230.0,5200.0,5200.0,146400,0.0,0.0
2022-11-14 09:00:00+09:00,5180.0,5190.0,5130.0,5140.0,87900,0.0,0.0
2022-11-14 10:00:00+09:00,5150.0,5170.0,5140.0,5160.0,62900,0.0,0.0
2022-11-14 11:00:00+09:00,5170.0,5170.0,5160.0,5170.0,0,0.0,0.0
2022-11-14 12:00:00+09:00,5170.0,5170.0,5150.0,5170.0,197100,0.0,0.0
2022-11-14 13:00:00+09:00,5170.0,5180.0,5150.0,5180.0,51200,0.0,0.0
2022-11-14 14:00:00+09:00,5170.0,5190.0,5160.0,5160.0,66600,0.0,0.0
2022-11-15 09:00:00+09:00,5160.0,5190.0,5120.0,5130.0,168700,0.0,0.0
2022-11-15 10:00:00+09:00,5130.0,5150.0,5100.0,5130.0,139100,0.0,0.0
2022-11-15 11:00:00+09:00,5120.0,5140.0,5120.0,5140.0,0,0.0,0.0
2022-11-15 12:00:00+09:00,5120.0,5170.0,5120.0,5160.0,398700,0.0,0.0
2022-11-15 13:00:00+09:00,5160.0,5170.0,5150.0,5170.0,26700,0.0,0.0
2022-11-15 14:00:00+09:00,5170.0,5170.0,5140.0,5140.0,93400,0.0,0.0
2022-11-16 09:00:00+09:00,5150.0,5180.0,5110.0,5120.0,127600,0.0,0.0
2022-11-16 10:00:00+09:00,5120.0,5130.0,5100.0,5130.0,55200,0.0,0.0
2022-11-16 11:00:00+09:00,5130.0,5130.0,5120.0,5130.0,0,0.0,0.0
2022-11-16 12:00:00+09:00,5120.0,5160.0,5120.0,5150.0,244400,0.0,0.0
2022-11-16 13:00:00+09:00,5150.0,5150.0,5130.0,5140.0,36100,0.0,0.0
2022-11-16 14:00:00+09:00,5140.0,5140.0,5110.0,5110.0,65700,0.0,0.0
2022-11-17 09:00:00+09:00,5040.0,5090.0,5020.0,5030.0,185400,0.0,0.0
2022-11-17 10:00:00+09:00,5040.0,5050.0,5030.0,5030.0,80200,0.0,0.0
2022-11-17 11:00:00+09:00,5030.0,5040.0,5030.0,5040.0,0,0.0,0.0
2022-11-17 12:00:00+09:00,5040.0,5040.0,5020.0,5040.0,328100,0.0,0.0
2022-11-17 13:00:00+09:00,5040.0,5050.0,5030.0,5040.0,63000,0.0,0.0
2022-11-17 14:00:00+09:00,5050.0,5060.0,5040.0,5050.0,56000,0.0,0.0
2022-11-18 09:00:00+09:00,5070.0,5110.0,5070.0,5110.0,100600,0.0,0.0
2022-11-18 10:00:00+09:00,5110.0,5110.0,5080.0,5090.0,54400,0.0,0.0
2022-11-18 11:00:00+09:00,5090.0,5090.0,5070.0,5090.0,0,0.0,0.0
2022-11-18 12:00:00+09:00,5090.0,5090.0,5070.0,5080.0,212200,0.0,0.0
2022-11-18 13:00:00+09:00,5070.0,5070.0,5040.0,5050.0,58300,0.0,0.0
2022-11-18 14:00:00+09:00,5050.0,5060.0,5040.0,5050.0,60500,0.0,0.0
2022-11-21 09:00:00+09:00,5060.0,5130.0,5040.0,5080.0,0,0.0,0.0
2022-11-21 10:00:00+09:00,5080.0,5090.0,5060.0,5060.0,63100,0.0,0.0
2022-11-21 11:00:00+09:00,5060.0,5080.0,5060.0,5080.0,0,0.0,0.0
2022-11-21 12:00:00+09:00,5090.0,5100.0,5080.0,5090.0,192700,0.0,0.0
2022-11-21 13:00:00+09:00,5100.0,5110.0,5090.0,5100.0,18600,0.0,0.0
2022-11-21 14:00:00+09:00,5090.0,5100.0,5090.0,5100.0,17400,0.0,0.0
2022-11-22 09:00:00+09:00,5140.0,5180.0,5130.0,5170.0,0,0.0,0.0
2022-11-22 10:00:00+09:00,5180.0,5190.0,5150.0,5150.0,201600,0.0,0.0
2022-11-22 11:00:00+09:00,5160.0,5170.0,5150.0,5160.0,0,0.0,0.0
2022-11-22 12:00:00+09:00,5190.0,5210.0,5170.0,5190.0,301100,0.0,0.0
2022-11-22 13:00:00+09:00,5190.0,5190.0,5170.0,5170.0,36300,0.0,0.0
2022-11-22 14:00:00+09:00,5180.0,5190.0,5150.0,5160.0,113900,0.0,0.0
2022-11-24 09:00:00+09:00,5220.0,5230.0,5180.0,5220.0,0,0.0,0.0
2022-11-24 10:00:00+09:00,5230.0,5270.0,5230.0,5260.0,301700,0.0,0.0
2022-11-24 11:00:00+09:00,5260.0,5260.0,5240.0,5250.0,0,0.0,0.0
2022-11-24 12:00:00+09:00,5260.0,5260.0,5250.0,5260.0,360500,0.0,0.0
2022-11-24 13:00:00+09:00,5260.0,5260.0,5250.0,5260.0,27600,0.0,0.0
2022-11-24 14:00:00+09:00,5260.0,5260.0,5250.0,5260.0,33700,0.0,0.0
2022-11-25 09:00:00+09:00,5270.0,5270.0,5180.0,5190.0,121800,0.0,0.0
2022-11-25 10:00:00+09:00,5200.0,5210.0,5200.0,5200.0,34600,0.0,0.0
2022-11-25 11:00:00+09:00,5200.0,5210.0,5190.0,5190.0,0,0.0,0.0
2022-11-25 12:00:00+09:00,5190.0,5190.0,5180.0,5190.0,190800,0.0,0.0
2022-11-25 13:00:00+09:00,5190.0,5190.0,5170.0,5190.0,29700,0.0,0.0
2022-11-25 14:00:00+09:00,5180.0,5190.0,5170.0,5190.0,58400,0.0,0.0
2022-11-28 09:00:00+09:00,5240.0,5240.0,5190.0,5220.0,133500,0.0,0.0
2022-11-28 10:00:00+09:00,5210.0,5260.0,5210.0,5250.0,94100,0.0,0.0
2022-11-28 11:00:00+09:00,5250.0,5270.0,5250.0,5250.0,0,0.0,0.0
2022-11-28 12:00:00+09:00,5270.0,5270.0,5240.0,5250.0,368100,0.0,0.0
2022-11-28 13:00:00+09:00,5250.0,5250.0,5220.0,5230.0,81600,0.0,0.0
2022-11-28 14:00:00+09:00,5230.0,5250.0,5220.0,5220.0,76000,0.0,0.0
2022-11-29 09:00:00+09:00,5230.0,5250.0,5150.0,5180.0,253100,0.0,0.0
2022-11-29 10:00:00+09:00,5180.0,5210.0,5180.0,5190.0,60200,0.0,0.0
2022-11-29 11:00:00+09:00,5180.0,5190.0,5170.0,5180.0,0,0.0,0.0
2022-11-29 12:00:00+09:00,5190.0,5190.0,5170.0,5180.0,368400,0.0,0.0
2022-11-29 13:00:00+09:00,5190.0,5210.0,5180.0,5190.0,88900,0.0,0.0
2022-11-29 14:00:00+09:00,5190.0,5210.0,5190.0,5210.0,61200,0.0,0.0
2022-11-30 09:00:00+09:00,5200.0,5210.0,5170.0,5200.0,88700,0.0,0.0
2022-11-30 10:00:00+09:00,5200.0,5200.0,5170.0,5200.0,66200,0.0,0.0
2022-11-30 11:00:00+09:00,5190.0,5190.0,5160.0,5180.0,0,0.0,0.0
2022-11-30 12:00:00+09:00,5210.0,5220.0,5190.0,5200.0,233100,0.0,0.0
2022-11-30 13:00:00+09:00,5200.0,5230.0,5190.0,5220.0,66500,0.0,0.0
2022-11-30 14:00:00+09:00,5210.0,5260.0,5210.0,5240.0,145900,0.0,0.0
2022-12-01 09:00:00+09:00,5310.0,5330.0,5260.0,5280.0,217500,0.0,0.0
2022-12-01 10:00:00+09:00,5280.0,5330.0,5280.0,5300.0,126000,0.0,0.0
2022-12-01 11:00:00+09:00,5300.0,5310.0,5290.0,5310.0,0,0.0,0.0
2022-12-01 12:00:00+09:00,5300.0,5310.0,5300.0,5300.0,423600,0.0,0.0
2022-12-01 13:00:00+09:00,5300.0,5310.0,5280.0,5280.0,43700,0.0,0.0
2022-12-01 14:00:00+09:00,5280.0,5290.0,5260.0,5280.0,80800,0.0,0.0
2022-12-02 09:00:00+09:00,5230.0,5240.0,5130.0,5170.0,272300,0.0,0.0
2022-12-02 10:00:00+09:00,5160.0,5170.0,5110.0,5120.0,113800,0.0,0.0
2022-12-02 11:00:00+09:00,5120.0,5120.0,5100.0,5100.0,0,0.0,0.0
2022-12-02 12:00:00+09:00,5130.0,5170.0,5110.0,5160.0,467800,0.0,0.0
2022-12-02 13:00:00+09:00,5160.0,5170.0,5140.0,5170.0,29100,0.0,0.0
2022-12-02 14:00:00+09:00,5160.0,5170.0,5140.0,5150.0,136500,0.0,0.0
2022-12-05 09:00:00+09:00,5130.0,5180.0,5110.0,5160.0,123000,0.0,0.0
2022-12-05 10:00:00+09:00,5150.0,5180.0,5130.0,5160.0,70700,0.0,0.0
2022-12-05 11:00:00+09:00,5160.0,5170.0,5150.0,5150.0,0,0.0,0.0
2022-12-05 12:00:00+09:00,5150.0,5160.0,5120.0,5160.0,264300,0.0,0.0
2022-12-05 13:00:00+09:00,5160.0,5160.0,5140.0,5140.0,37300,0.0,0.0
2022-12-05 14:00:00+09:00,5150.0,5160.0,5130.0,5130.0,81400,0.0,0.0
2022-12-06 09:00:00+09:00,5120.0,5200.0,5120.0,5190.0,98800,0.0,0.0
2022-12-06 10:00:00+09:00,5190.0,5190.0,5170.0,5170.0,46300,0.0,0.0
2022-12-06 11:00:00+09:00,5180.0,5200.0,5180.0,5200.0,0,0.0,0.0
2022-12-06 12:00:00+09:00,5220.0,5250.0,5210.0,5240.0,247500,0.0,0.0
2022-12-06 13:00:00+09:00,5240.0,5250.0,5200.0,5230.0,97600,0.0,0.0
2022-12-06 14:00:00+09:00,5220.0,5240.0,5210.0,5240.0,141300,0.0,0.0
2022-12-07 09:00:00+09:00,5200.0,5270.0,5180.0,5250.0,168900,0.0,0.0
2022-12-07 10:00:00+09:00,5250.0,5290.0,5250.0,5260.0,96100,0.0,0.0
2022-12-07 11:00:00+09:00,5260.0,5290.0,5260.0,5290.0,0,0.0,0.0
2022-12-07 12:00:00+09:00,5270.0,5280.0,5240.0,5240.0,363300,0.0,0.0
2022-12-07 13:00:00+09:00,5240.0,5250.0,5230.0,5240.0,34200,0.0,0.0
2022-12-07 14:00:00+09:00,5240.0,5240.0,5200.0,5200.0,102400,0.0,0.0
2022-12-08 09:00:00+09:00,5220.0,5250.0,5190.0,5210.0,117800,0.0,0.0
2022-12-08 10:00:00+09:00,5200.0,5230.0,5190.0,5210.0,67100,0.0,0.0
2022-12-08 11:00:00+09:00,5220.0,5230.0,5210.0,5220.0,0,0.0,0.0
2022-12-08 12:00:00+09:00,5230.0,5240.0,5230.0,5240.0,260200,0.0,0.0
2022-12-08 13:00:00+09:00,5240.0,5260.0,5230.0,5250.0,36100,0.0,0.0
2022-12-08 14:00:00+09:00,5250.0,5260.0,5230.0,5250.0,56900,0.0,0.0
2022-12-09 09:00:00+09:00,5320.0,5380.0,5300.0,5360.0,498100,0.0,0.0
2022-12-09 10:00:00+09:00,5360.0,5380.0,5340.0,5350.0,72800,0.0,0.0
2022-12-09 11:00:00+09:00,5360.0,5370.0,5350.0,5370.0,0,0.0,0.0
2022-12-09 12:00:00+09:00,5370.0,5370.0,5340.0,5340.0,613900,0.0,0.0
2022-12-09 13:00:00+09:00,5350.0,5350.0,5330.0,5330.0,25300,0.0,0.0
2022-12-09 14:00:00+09:00,5330.0,5350.0,5330.0,5330.0,41800,0.0,0.0
2022-12-12 09:00:00+09:00,5340.0,5380.0,5340.0,5370.0,0,0.0,0.0
2022-12-12 10:00:00+09:00,5370.0,5380.0,5350.0,5360.0,57700,0.0,0.0
2022-12-12 11:00:00+09:00,5370.0,5370.0,5360.0,5370.0,0,0.0,0.0
2022-12-12 12:00:00+09:00,5350.0,5350.0,5320.0,5330.0,216400,0.0,0.0
2022-12-12 13:00:00+09:00,5330.0,5330.0,5320.0,5320.0,4800,0.0,0.0
2022-12-12 14:00:00+09:00,5330.0,5330.0,5300.0,5320.0,47000,0.0,0.0
2022-12-13 09:00:00+09:00,5370.0,5380.0,5320.0,5330.0,123300,0.0,0.0
2022-12-13 10:00:00+09:00,5330.0,5350.0,5310.0,5340.0,65500,0.0,0.0
2022-12-13 11:00:00+09:00,5330.0,5350.0,5330.0,5350.0,0,0.0,0.0
2022-12-13 12:00:00+09:00,5350.0,5350.0,5330.0,5340.0,238200,0.0,0.0
2022-12-13 13:00:00+09:00,5340.0,5360.0,5340.0,5350.0,25500,0.0,0.0
2022-12-13 14:00:00+09:00,5360.0,5360.0,5340.0,5350.0,60600,0.0,0.0
2022-12-14 09:00:00+09:00,5400.0,5400.0,5360.0,5390.0,112900,0.0,0.0
2022-12-14 10:00:00+09:00,5390.0,5410.0,5380.0,5400.0,77300,0.0,0.0
2022-12-14 11:00:00+09:00,5400.0,5400.0,5370.0,5380.0,0,0.0,0.0
2022-12-14 12:00:00+09:00,5390.0,5390.0,5370.0,5380.0,234300,0.0,0.0
2022-12-14 13:00:00+09:00,5380.0,5380.0,5360.0,5370.0,36300,0.0,0.0
2022-12-14 14:00:00+09:00,5360.0,5380.0,5360.0,5370.0,44700,0.0,0.0
2022-12-15 09:00:00+09:00,5340.0,5400.0,5320.0,5390.0,96100,0.0,0.0
2022-12-15 10:00:00+09:00,5390.0,5390.0,5370.0,5380.0,37800,0.0,0.0
2022-12-15 11:00:00+09:00,5380.0,5390.0,5380.0,5380.0,0,0.0,0.0
2022-12-15 12:00:00+09:00,5360.0,5390.0,5360.0,5390.0,168100,0.0,0.0
2022-12-15 13:00:00+09:00,5390.0,5390.0,5370.0,5380.0,24100,0.0,0.0
2022-12-15 14:00:00+09:00,5380.0,5380.0,5360.0,5370.0,57900,0.0,0.0
2022-12-16 09:00:00+09:00,5290.0,5350.0,5290.0,5330.0,137100,0.0,0.0
2022-12-16 10:00:00+09:00,5340.0,5340.0,5320.0,5340.0,58100,0.0,0.0
2022-12-16 11:00:00+09:00,5330.0,5340.0,5330.0,5340.0,0,0.0,0.0
2022-12-16 12:00:00+09:00,5340.0,5350.0,5330.0,5330.0,259000,0.0,0.0
2022-12-16 13:00:00+09:00,5330.0,5330.0,5300.0,5300.0,50300,0.0,0.0
2022-12-16 14:00:00+09:00,5310.0,5320.0,5290.0,5320.0,156000,0.0,0.0
2022-12-19 09:00:00+09:00,5270.0,5270.0,5180.0,5210.0,0,0.0,0.0
2022-12-19 10:00:00+09:00,5210.0,5220.0,5140.0,5150.0,364700,0.0,0.0
2022-12-19 11:00:00+09:00,5140.0,5170.0,5140.0,5150.0,0,0.0,0.0
2022-12-19 12:00:00+09:00,5180.0,5190.0,5170.0,5190.0,493400,0.0,0.0
2022-12-19 13:00:00+09:00,5180.0,5200.0,5180.0,5190.0,26400,0.0,0.0
2022-12-19 14:00:00+09:00,5190.0,5210.0,5190.0,5190.0,97400,0.0,0.0
2022-12-20 09:00:00+09:00,5240.0,5290.0,5230.0,5290.0,112300,0.0,0.0
2022-12-20 10:00:00+09:00,5290.0,5290.0,5260.0,5280.0,53600,0.0,0.0
2022-12-20 11:00:00+09:00,5280.0,5280.0,5270.0,5270.0,0,0.0,0.0
2022-12-20 12:00:00+09:00,5070.0,5150.0,5060.0,5110.0,360400,0.0,0.0
2022-12-20 13:00:00+09:00,5110.0,5120.0,5070.0,5090.0,171000,0.0,0.0
2022-12-20 14:00:00+09:00,5090.0,5100.0,5050.0,5100.0,167200,0.0,0.0
2022-12-21 09:00:00+09:00,5100.0,5100.0,4965.0,4985.0,282800,0.0,0.0
2022-12-21 10:00:00+09:00,4980.0,5030.0,4970.0,5020.0,142800,0.0,0.0
2022-12-21 11:00:00+09:00,5020.0,5030.0,4990.0,4990.0,0,0.0,0.0
2022-12-21 12:00:00+09:00,4985.0,4985.0,4955.0,4960.0,556600,0.0,0.0
2022-12-21 13:00:00+09:00,4960.0,4970.0,4935.0,4945.0,154300,0.0,0.0
2022-12-21 14:00:00+09:00,4940.0,4955.0,4920.0,4925.0,190800,0.0,0.0
2022-12-22 09:00:00+09:00,5010.0,5030.0,4950.0,5010.0,270200,0.0,0.0
2022-12-22 10:00:00+09:00,5000.0,5010.0,4985.0,4995.0,89200,0.0,0.0
2022-12-22 11:00:00+09:00,5000.0,5020.0,4995.0,4995.0,0,0.0,0.0
2022-12-22 12:00:00+09:00,5000.0,5000.0,4990.0,5000.0,464800,0.0,0.0
2022-12-22 13:00:00+09:00,5000.0,5010.0,4990.0,4995.0,57200,0.0,0.0
2022-12-22 14:00:00+09:00,4995.0,5010.0,4955.0,4960.0,157300,0.0,0.0
2022-12-23 09:00:00+09:00,4875.0,4890.0,4835.0,4850.0,178500,0.0,0.0
2022-12-23 10:00:00+09:00,4855.0,4860.0,4835.0,4855.0,87800,0.0,0.0
2022-12-23 11:00:00+09:00,4855.0,4865.0,4850.0,4860.0,0,0.0,0.0
2022-12-23 12:00:00+09:00,4875.0,4885.0,4855.0,4870.0,367700,0.0,0.0
2022-12-23 13:00:00+09:00,4865.0,4870.0,4860.0,4865.0,54900,0.0,0.0
2022-12-23 14:00:00+09:00,4865.0,4865.0,4840.0,4850.0,114700,0.0,0.0
2022-12-26 09:00:00+09:00,4890.0,4915.0,4865.0,4890.0,67800,0.0,0.0
2022-12-26 10:00:00+09:00,4890.0,4900.0,4885.0,4900.0,23800,0.0,0.0
2022-12-26 11:00:00+09:00,4900.0,4905.0,4880.0,4905.0,0,0.0,0.0
2022-12-26 12:00:00+09:00,4900.0,4905.0,4890.0,4900.0,140500,0.0,0.0
2022-12-26 13:00:00+09:00,4900.0,4905.0,4900.0,4905.0,30000,0.0,0.0
2022-12-26 14:00:00+09:00,4900.0,4905.0,4890.0,4890.0,51700,0.0,0.0
2022-12-27 09:00:00+09:00,4935.0,4945.0,4865.0,4870.0,125700,0.0,0.0
2022-12-27 10:00:00+09:00,4870.0,4890.0,4855.0,4860.0,82800,0.0,0.0
2022-12-27 11:00:00+09:00,4860.0,4885.0,4860.0,4880.0,0,0.0,0.0
2022-12-27 12:00:00+09:00,4875.0,4875.0,4855.0,4855.0,263700,0.0,0.0
2022-12-27 13:00:00+09:00,4855.0,4870.0,4855.0,4870.0,42800,0.0,0.0
2022-12-27 14:00:00+09:00,4870.0,4870.0,4860.0,4870.0,41300,0.0,0.0
2022-12-28 09:00:00+09:00,4855.0,4875.0,4835.0,4850.0,59500,0.0,0.0
2022-12-28 10:00:00+09:00,4850.0,4895.0,4850.0,4870.0,58500,0.0,0.0
2022-12-28 11:00:00+09:00,4865.0,4885.0,4865.0,4885.0,0,0.0,0.0
2022-12-28 12:00:00+09:00,4880.0,4885.0,4875.0,4880.0,156400,0.0,0.0
2022-12-28 13:00:00+09:00,4880.0,4890.0,4875.0,4890.0,26100,0.0,0.0
2022-12-28 14:00:00+09:00,4890.0,4900.0,4880.0,4890.0,97400,0.0,0.0
2022-12-29 09:00:00+09:00,4845.0,4850.0,4810.0,4835.0,144500,0.0,0.0
2022-12-29 10:00:00+09:00,4835.0,4855.0,4825.0,4825.0,73600,0.0,0.0
2022-12-29 11:00:00+09:00,4820.0,4830.0,4820.0,4830.0,0,0.0,0.0
2022-12-29 12:00:00+09:00,4825.0,4850.0,4825.0,4850.0,281900,0.0,0.0
2022-12-29 13:00:00+09:00,4845.0,4870.0,4845.0,4865.0,56000,0.0,0.0
2022-12-29 14:00:00+09:00,4865.0,4890.0,4865.0,4890.0,126600,0.0,0.0
2022-12-30 09:00:00+09:00,4935.0,4940.0,4875.0,4895.0,149100,0.0,0.0
2022-12-30 10:00:00+09:00,4895.0,4895.0,4865.0,4885.0,44400,0.0,0.0
2022-12-30 11:00:00+09:00,4885.0,4885.0,4880.0,4885.0,0,0.0,0.0
2022-12-30 12:00:00+09:00,4885.0,4910.0,4885.0,4905.0,230900,0.0,0.0
2022-12-30 13:00:00+09:00,4900.0,4910.0,4890.0,4900.0,0,0.0,0.0
2022-12-30 14:00:00+09:00,4905.0,4915.0,4885.0,4890.0,341300,0.0,0.0
2023-01-04 09:00:00+09:00,4820.0,4825.0,4780.0,4815.0,0,0.0,0.0
2023-01-04 10:00:00+09:00,4810.0,4840.0,4805.0,4820.0,116500,0.0,0.0
2023-01-04 11:00:00+09:00,4815.0,4820.0,4815.0,4815.0,0,0.0,0.0
2023-01-04 12:00:00+09:00,4820.0,4830.0,4815.0,4825.0,335800,0.0,0.0
2023-01-04 13:00:00+09:00,4825.0,4825.0,4805.0,4815.0,41900,0.0,0.0
2023-01-04 14:00:00+09:00,4810.0,4815.0,4790.0,4800.0,82600,0.0,0.0
2023-01-05 09:00:00+09:00,4790.0,4830.0,4770.0,4810.0,141800,0.0,0.0
2023-01-05 10:00:00+09:00,4805.0,4820.0,4790.0,4790.0,70400,0.0,0.0
2023-01-05 11:00:00+09:00,4790.0,4790.0,4770.0,4790.0,0,0.0,0.0
2023-01-05 12:00:00+09:00,4770.0,4785.0,4770.0,4775.0,301600,0.0,0.0
2023-01-05 13:00:00+09:00,4775.0,4795.0,4775.0,4790.0,30100,0.0,0.0
2023-01-05 14:00:00+09:00,4790.0,4805.0,4785.0,4795.0,86900,0.0,0.0
2023-01-06 09:00:00+09:00,4780.0,4820.0,4780.0,4815.0,0,0.0,0.0
2023-01-06 10:00:00+09:00,4810.0,4825.0,4810.0,4810.0,122500,0.0,0.0
2023-01-06 11:00:00+09:00,4810.0,4815.0,4800.0,4805.0,0,0.0,0.0
2023-01-06 12:00:00+09:00,4820.0,4835.0,4815.0,4835.0,168300,0.0,0.0
2023-01-06 13:00:00+09:00,4830.0,4840.0,4830.0,4830.0,35400,0.0,0.0
2023-01-06 14:00:00+09:00,4825.0,4830.0,4800.0,4800.0,98500,0.0,0.0
2023-01-10 09:00:00+09:00,4840.0,4885.0,4835.0,4870.0,0,0.0,0.0
2023-01-10 10:00:00+09:00,4875.0,4875.0,4855.0,4875.0,70800,0.0,0.0
2023-01-10 11:00:00+09:00,4875.0,4885.0,4865.0,4870.0,0,0.0,0.0
2023-01-10 12:00:00+09:00,4865.0,4865.0,4845.0,4850.0,312500,0.0,0.0
2023-01-10 13:00:00+09:00,4850.0,4860.0,4845.0,4860.0,44400,0.0,0.0
2023-01-10 14:00:00+09:00,4860.0,4870.0,4855.0,4860.0,50500,0.0,0.0
2023-01-11 09:00:00+09:00,4900.0,4905.0,4880.0,4905.0,101600,0.0,0.0
2023-01-11 10:00:00+09:00,4905.0,4920.0,4895.0,4915.0,61700,0.0,0.0
2023-01-11 11:00:00+09:00,4915.0,4915.0,4910.0,4915.0,0,0.0,0.0
2023-01-11 12:00:00+09:00,4910.0,4930.0,4900.0,4925.0,232300,0.0,0.0
2023-01-11 13:00:00+09:00,4930.0,4935.0,4915.0,4925.0,42400,0.0,0.0
2023-01-11 14:00:00+09:00,4925.0,4935.0,4915.0,4930.0,101400,0.0,0.0
2023-01-12 09:00:00+09:00,4955.0,4970.0,4935.0,4950.0,0,0.0,0.0
2023-01-12 10:00:00+09:00,4950.0,4955.0,4940.0,4950.0,179400,0.0,0.0
2023-01-12 11:00:00+09:00,4950.0,4960.0,4945.0,4960.0,0,0.0,0.0
2023-01-12 12:00:00+09:00,4970.0,4975.0,4960.0,4965.0,253900,0.0,0.0
2023-01-12 13:00:00+09:00,4970.0,4980.0,4955.0,4965.0,50700,0.0,0.0
2023-01-12 14:00:00+09:00,4960.0,4965.0,4945.0,4950.0,62400,0.0,0.0
2023-01-13 09:00:00+09:00,4950.0,4975.0,4910.0,4975.0,287000,0.0,0.0
2023-01-13 10:00:00+09:00,4970.0,4970.0,4905.0,4930.0,87800,0.0,0.0
2023-01-13 11:00:00+09:00,4930.0,4935.0,4920.0,4925.0,0,0.0,0.0
2023-01-13 12:00:00+09:00,4940.0,4940.0,4920.0,4930.0,452900,0.0,0.0
2023-01-13 13:00:00+09:00,4930.0,4935.0,4920.0,4920.0,46600,0.0,0.0
2023-01-13 14:00:00+09:00,4920.0,4935.0,4920.0,4925.0,100900,0.0,0.0
2023-01-16 09:00:00+09:00,4860.0,4890.0,4820.0,4865.0,0,0.0,0.0
2023-01-16 10:00:00+09:00,4865.0,4885.0,4855.0,4885.0,69100,0.0,0.0
2023-01-16 11:00:00+09:00,4885.0,4885.0,4875.0,4880.0,0,0.0,0.0
2023-01-16 12:00:00+09:00,4875.0,4880.0,4855.0,4875.0,281200,0.0,0.0
2023-01-16 13:00:00+09:00,4875.0,4875.0,4855.0,4875.0,33800,0.0,0.0
2023-01-16 14:00:00+09:00,4880.0,4890.0,4875.0,4885.0,79900,0.0,0.0
2023-01-17 09:00:00+09:00,4925.0,4970.0,4910.0,4965.0,120100,0.0,0.0
2023-01-17 10:00:00+09:00,4965.0,4990.0,4965.0,4980.0,49300,0.0,0.0
2023-01-17 11:00:00+09:00,4980.0,4990.0,4970.0,4980.0,0,0.0,0.0
2023-01-17 12:00:00+09:00,4980.0,4995.0,4980.0,4990.0,227200,0.0,0.0
2023-01-17 13:00:00+09:00,4995.0,5000.0,4990.0,4995.0,35100,0.0,0.0
2023-01-17 14:00:00+09:00,5000.0,5010.0,4995.0,5000.0,62600,0.0,0.0
2023-01-18 09:00:00+09:00,5030.0,5040.0,5010.0,5030.0,116200,0.0,0.0
2023-01-18 10:00:00+09:00,5030.0,5070.0,5020.0,5060.0,103100,0.0,0.0
2023-01-18 11:00:00+09:00,5060.0,5080.0,5050.0,5070.0,0,0.0,0.0
2023-01-18 12:00:00+09:00,5170.0,5200.0,5100.0,5160.0,485800,0.0,0.0
2023-01-18 13:00:00+09:00,5150.0,5210.0,5150.0,5200.0,175300,0.0,0.0
2023-01-18 14:00:00+09:00,5200.0,5200.0,5170.0,5180.0,220000,0.0,0.0
2023-01-19 09:00:00+09:00,5130.0,5160.0,5100.0,5120.0,177000,0.0,0.0
2023-01-19 10:00:00+09:00,5120.0,5130.0,5080.0,5080.0,95000,0.0,0.0
2023-01-19 11:00:00+09:00,5080.0,5080.0,5060.0,5060.0,0,0.0,0.0
2023-01-19 12:00:00+09:00,5070.0,5090.0,5040.0,5060.0,369700,0.0,0.0
2023-01-19 13:00:00+09:00,5050.0,5080.0,5050.0,5070.0,62700,0.0,0.0
2023-01-19 14:00:00+09:00,5070.0,5090.0,5060.0,5070.0,172700,0.0,0.0
2023-01-20 09:00:00+09:00,5110.0,5140.0,5080.0,5100.0,252500,0.0,0.0
2023-01-20 10:00:00+09:00,5100.0,5130.0,5100.0,5130.0,79300,0.0,0.0
2023-01-20 11:00:00+09:00,5120.0,5140.0,5110.0,5120.0,0,0.0,0.0
2023-01-20 12:00:00+09:00,5130.0,5140.0,5110.0,5130.0,465400,0.0,0.0
2023-01-20 13:00:00+09:00,5130.0,5150.0,5120.0,5140.0,46200,0.0,0.0
2023-01-20 14:00:00+09:00,5130.0,5150.0,5130.0,5130.0,68300,0.0,0.0
2023-01-23 09:00:00+09:00,5240.0,5250.0,5180.0,5210.0,138900,0.0,0.0
2023-01-23 10:00:00+09:00,5210.0,5240.0,5200.0,5230.0,65500,0.0,0.0
2023-01-23 11:00:00+09:00,5230.0,5240.0,5230.0,5230.0,0,0.0,0.0
2023-01-23 12:00:00+09:00,5230.0,5240.0,5220.0,5240.0,242300,0.0,0.0
2023-01-23 13:00:00+09:00,5230.0,5240.0,5220.0,5230.0,72700,0.0,0.0
2023-01-23 14:00:00+09:00,5230.0,5240.0,5230.0,5230.0,140900,0.0,0.0
2023-01-24 09:00:00+09:00,5270.0,5320.0,5240.0,5320.0,106200,0.0,0.0
2023-01-24 10:00:00+09:00,5320.0,5360.0,5290.0,5330.0,163000,0.0,0.0
2023-01-24 11:00:00+09:00,5340.0,5340.0,5320.0,5320.0,0,0.0,0.0
2023-01-24 12:00:00+09:00,5330.0,5340.0,5320.0,5330.0,325100,0.0,0.0
2023-01-24 13:00:00+09:00,5330.0,5330.0,5310.0,5330.0,43400,0.0,0.0
2023-01-24 14:00:00+09:00,5330.0,5340.0,5320.0,5340.0,70300,0.0,0.0
2023-01-25 09:00:00+09:00,5310.0,5380.0,5300.0,5370.0,116000,0.0,0.0
2023-01-25 10:00:00+09:00,5370.0,5380.0,5350.0,5360.0,39200,0.0,0.0
2023-01-25 11:00:00+09:00,5360.0,5360.0,5350.0,5350.0,0,0.0,0.0
2023-01-25 12:00:00+09:00,5370.0,5410.0,5370.0,5400.0,224200,0.0,0.0
2023-01-25 13:00:00+09:00,5390.0,5400.0,5370.0,5380.0,61900,0.0,0.0
2023-01-25 14:00:00+09:00,5380.0,5390.0,5360.0,5360.0,72200,0.0,0.0
2023-01-26 09:00:00+09:00,5390.0,5420.0,5360.0,5360.0,92500,0.0,0.0
2023-01-26 10:00:00+09:00,5370.0,5370.0,5340.0,5350.0,67300,0.0,0.0
2023-01-26 11:00:00+09:00,5350.0,5360.0,5340.0,5350.0,0,0.0,0.0
2023-01-26 12:00:00+09:00,5340.0,5360.0,5340.0,5360.0,224500,0.0,0.0
2023-01-26 13:00:00+09:00,5350.0,5370.0,5340.0,5370.0,51700,0.0,0.0
2023-01-26 14:00:00+09:00,5360.0,5380.0,5360.0,5370.0,85800,0.0,0.0
2023-01-27 09:00:00+09:00,5440.0,5440.0,5410.0,5420.0,109800,0.0,0.0
2023-01-27 10:00:00+09:00,5410.0,5450.0,5410.0,5440.0,56400,0.0,0.0
2023-01-27 11:00:00+09:00,5440.0,5440.0,5430.0,5440.0,0,0.0,0.0
2023-01-27 12:00:00+09:00,5440.0,5440.0,5430.0,5440.0,201400,0.0,0.0
2023-01-27 13:00:00+09:00,5430.0,5450.0,5430.0,5440.0,39500,0.0,0.0
2023-01-27 14:00:00+09:00,5440.0,5450.0,5430.0,5440.0,66700,0.0,0.0
2023-01-30 09:00:00+09:00,5430.0,5440.0,5380.0,5420.0,103200,0.0,0.0
2023-01-30 10:00:00+09:00,5420.0,5430.0,5420.0,5430.0,39200,0.0,0.0
2023-01-30 11:00:00+09:00,5430.0,5430.0,5420.0,5430.0,0,0.0,0.0
2023-01-30 12:00:00+09:00,5410.0,5420.0,5400.0,5400.0,187200,0.0,0.0
2023-01-30 13:00:00+09:00,5400.0,5420.0,5400.0,5420.0,40500,0.0,0.0
2023-01-30 14:00:00+09:00,5420.0,5420.0,5400.0,5410.0,51500,0.0,0.0
2023-01-31 09:00:00+09:00,5440.0,5500.0,5440.0,5500.0,129100,0.0,0.0
2023-01-31 10:00:00+09:00,5490.0,5500.0,5480.0,5500.0,67700,0.0,0.0
2023-01-31 11:00:00+09:00,5490.0,5500.0,5490.0,5490.0,0,0.0,0.0
2023-01-31 12:00:00+09:00,5510.0,5510.0,5480.0,5490.0,271000,0.0,0.0
2023-01-31 13:00:00+09:00,5490.0,5490.0,5470.0,5480.0,48300,0.0,0.0
2023-01-31 14:00:00+09:00,5480.0,5480.0,5450.0,5460.0,83600,0.0,0.0
2023-02-01 09:00:00+09:00,5500.0,5560.0,5490.0,5540.0,193500,0.0,0.0
2023-02-01 10:00:00+09:00,5540.0,5560.0,5540.0,5550.0,93100,0.0,0.0
2023-02-01 11:00:00+09:00,5550.0,5560.0,5530.0,5530.0,0,0.0,0.0
2023-02-01 12:00:00+09:00,5530.0,5540.0,5520.0,5530.0,353700,0.0,0.0
2023-02-01 13:00:00+09:00,5530.0,5540.0,5520.0,5530.0,36900,0.0,0.0
2023-02-01 14:00:00+09:00,5530.0,5550.0,5520.0,5530.0,74700,0.0,0.0
2023-02-02 09:00:00+09:00,5540.0,5550.0,5470.0,5500.0,116500,0.0,0.0
2023-02-02 10:00:00+09:00,5490.0,5490.0,5450.0,5470.0,64500,0.0,0.0
2023-02-02 11:00:00+09:00,5470.0,5480.0,5440.0,5460.0,0,0.0,0.0
2023-02-02 12:00:00+09:00,5430.0,5440.0,5400.0,5430.0,267100,0.0,0.0
2023-02-02 13:00:00+09:00,5430.0,5450.0,5420.0,5450.0,34300,0.0,0.0
2023-02-02 14:00:00+09:00,5440.0,5460.0,5420.0,5440.0,68700,0.0,0.0
2023-02-03 09:00:00+09:00,5400.0,5440.0,5360.0,5430.0,111200,0.0,0.0
2023-02-03 10:00:00+09:00,5430.0,5430.0,5380.0,5390.0,99500,0.0,0.0
2023-02-03 11:00:00+09:00,5390.0,5400.0,5370.0,5390.0,0,0.0,0.0
2023-02-03 12:00:00+09:00,5370.0,5390.0,5370.0,5370.0,291900,0.0,0.0
2023-02-03 13:00:00+09:00,5370.0,5410.0,5370.0,5410.0,75600,0.0,0.0
2023-02-03 14:00:00+09:00,5410.0,5420.0,5400.0,5420.0,69200,0.0,0.0
2023-02-06 09:00:00+09:00,5500.0,5600.0,5490.0,5580.0,235400,0.0,0.0
2023-02-06 10:00:00+09:00,5580.0,5630.0,5570.0,5620.0,166800,0.0,0.0
2023-02-06 11:00:00+09:00,5620.0,5650.0,5610.0,5650.0,0,0.0,0.0
2023-02-06 12:00:00+09:00,5640.0,5660.0,5610.0,5610.0,554200,0.0,0.0
2023-02-06 13:00:00+09:00,5620.0,5620.0,5580.0,5600.0,75300,0.0,0.0
2023-02-06 14:00:00+09:00,5600.0,5600.0,5570.0,5600.0,87100,0.0,0.0
2023-02-07 09:00:00+09:00,5630.0,5660.0,5560.0,5600.0,150000,0.0,0.0
2023-02-07 10:00:00+09:00,5600.0,5640.0,5600.0,5640.0,96600,0.0,0.0
2023-02-07 11:00:00+09:00,5640.0,5640.0,5630.0,5640.0,0,0.0,0.0
2023-02-07 12:00:00+09:00,5630.0,5650.0,5630.0,5640.0,305400,0.0,0.0
2023-02-07 13:00:00+09:00,5640.0,5640.0,5620.0,5630.0,44900,0.0,0.0
2023-02-07 14:00:00+09:00,5630.0,5640.0,5620.0,5620.0,45900,0.0,0.0
2023-02-08 09:00:00+09:00,5590.0,5650.0,5570.0,5600.0,130400,0.0,0.0
2023-02-08 10:00:00+09:00,5600.0,5600.0,5560.0,5570.0,107800,0.0,0.0
2023-02-08 11:00:00+09:00,5580.0,5590.0,5560.0,5580.0,0,0.0,0.0
2023-02-08 12:00:00+09:00,5580.0,5590.0,5580.0,5590.0,284000,0.0,0.0
2023-02-08 13:00:00+09:00,5590.0,5590.0,5580.0,5590.0,13500,0.0,0.0
2023-02-08 14:00:00+09:00,5590.0,5610.0,5580.0,5590.0,76200,0.0,0.0
2023-02-09 09:00:00+09:00,5550.0,5600.0,5550.0,5590.0,73400,0.0,0.0
2023-02-09 10:00:00+09:00,5590.0,5610.0,5590.0,5600.0,33600,0.0,0.0
2023-02-09 11:00:00+09:00,5600.0,5600.0,5590.0,5590.0,0,0.0,0.0
2023-02-09 12:00:00+09:00,5570.0,5590.0,5560.0,5570.0,152900,0.0,0.0
2023-02-09 13:00:00+09:00,5570.0,5600.0,5570.0,5590.0,36500,0.0,0.0
2023-02-09 14:00:00+09:00,5600.0,5610.0,5580.0,5600.0,88100,0.0,0.0
2023-02-10 09:00:00+09:00,5720.0,5720.0,5600.0,5640.0,549500,0.0,0.0
2023-02-10 10:00:00+09:00,5640.0,5670.0,5630.0,5640.0,69700,0.0,0.0
2023-02-10 11:00:00+09:00,5640.0,5650.0,5620.0,5630.0,0,0.0,0.0
2023-02-10 12:00:00+09:00,5610.0,5620.0,5580.0,5600.0,719800,0.0,0.0
2023-02-10 13:00:00+09:00,5600.0,5610.0,5570.0,5580.0,71300,0.0,0.0
2023-02-10 14:00:00+09:00,5580.0,5580.0,5550.0,5560.0,140500,0.0,0.0
2023-02-13 09:00:00+09:00,5560.0,5580.0,5540.0,5580.0,120600,0.0,0.0
2023-02-13 10:00:00+09:00,5580.0,5580.0,5520.0,5570.0,143200,0.0,0.0
2023-02-13 11:00:00+09:00,5570.0,5590.0,5570.0,5580.0,0,0.0,0.0
2023-02-13 12:00:00+09:00,5600.0,5610.0,5590.0,5610.0,372400,0.0,0.0
2023-02-13 13:00:00+09:00,5610.0,5630.0,5610.0,5630.0,80200,0.0,0.0
2023-02-13 14:00:00+09:00,5620.0,5640.0,5620.0,5630.0,92100,0.0,0.0
2023-02-14 09:00:00+09:00,5690.0,5720.0,5610.0,5610.0,167800,0.0,0.0
2023-02-14 10:00:00+09:00,5610.0,5610.0,5580.0,5590.0,89100,0.0,0.0
2023-02-14 11:00:00+09:00,5600.0,5600.0,5580.0,5590.0,0,0.0,0.0
2023-02-14 12:00:00+09:00,5600.0,5630.0,5590.0,5620.0,319000,0.0,0.0
2023-02-14 13:00:00+09:00,5630.0,5640.0,5620.0,5630.0,43600,0.0,0.0
2023-02-14 14:00:00+09:00,5620.0,5630.0,5610.0,5630.0,50600,0.0,0.0
2023-02-15 09:00:00+09:00,5670.0,5680.0,5630.0,5660.0,113600,0.0,0.0
2023-02-15 10:00:00+09:00,5660.0,5670.0,5630.0,5640.0,65600,0.0,0.0
2023-02-15 11:00:00+09:00,5640.0,5650.0,5610.0,5630.0,0,0.0,0.0
2023-02-15 12:00:00+09:00,5620.0,5620.0,5580.0,5610.0,270900,0.0,0.0
2023-02-15 13:00:00+09:00,5610.0,5610.0,5580.0,5590.0,42000,0.0,0.0
2023-02-15 14:00:00+09:00,5600.0,5600.0,5560.0,5570.0,116500,0.0,0.0
2023-02-16 09:00:00+09:00,5650.0,5650.0,5590.0,5600.0,94500,0.0,0.0
2023-02-16 10:00:00+09:00,5600.0,5610.0,5570.0,5600.0,0,0.0,0.0
2023-02-16 11:00:00+09:00,5590.0,5600.0,5580.0,5600.0,0,0.0,0.0
2023-02-16 12:00:00+09:00,5580.0,5590.0,5570.0,5580.0,198700,0.0,0.0
2023-02-16 13:00:00+09:00,5580.0,5580.0,5570.0,5580.0,9900,0.0,0.0
2023-02-16 14:00:00+09:00,5570.0,5590.0,5570.0,5590.0,89300,0.0,0.0
2023-02-17 09:00:00+09:00,5530.0,5570.0,5530.0,5560.0,163000,0.0,0.0
2023-02-17 10:00:00+09:00,5550.0,5590.0,5550.0,5570.0,117200,0.0,0.0
2023-02-17 11:00:00+09:00,5560.0,5580.0,5550.0,5560.0,0,0.0,0.0
2023-02-17 12:00:00+09:00,5530.0,5570.0,5530.0,5560.0,350500,0.0,0.0
2023-02-17 13:00:00+09:00,5560.0,5580.0,5550.0,5580.0,36900,0.0,0.0
2023-02-17 14:00:00+09:00,5580.0,5600.0,5570.0,5600.0,85600,0.0,0.0
2023-02-20 09:00:00+09:00,5620.0,5630.0,5580.0,5590.0,78700,0.0,0.0
2023-02-20 10:00:00+09:00,5590.0,5600.0,5580.0,5590.0,28900,0.0,0.0
2023-02-20 11:00:00+09:00,5590.0,5600.0,5580.0,5580.0,0,0.0,0.0
2023-02-20 12:00:00+09:00,5580.0,5600.0,5580.0,5600.0,129400,0.0,0.0
2023-02-20 13:00:00+09:00,5590.0,5600.0,5580.0,5590.0,17200,0.0,0.0
2023-02-20 14:00:00+09:00,5590.0,5590.0,5570.0,5580.0,29900,0.0,0.0
2023-02-21 09:00:00+09:00,5560.0,5610.0,5550.0,5560.0,130800,0.0,0.0
2023-02-21 10:00:00+09:00,5560.0,5600.0,5550.0,5590.0,44700,0.0,0.0
2023-02-21 11:00:00+09:00,5590.0,5610.0,5590.0,5610.0,0,0.0,0.0
2023-02-21 12:00:00+09:00,5610.0,5610.0,5600.0,5600.0,226400,0.0,0.0
2023-02-21 13:00:00+09:00,5600.0,5610.0,5600.0,5600.0,18800,0.0,0.0
2023-02-21 14:00:00+09:00,5600.0,5610.0,5590.0,5590.0,53600,0.0,0.0
2023-02-22 09:00:00+09:00,5570.0,5600.0,5530.0,5540.0,97800,0.0,0.0
2023-02-22 10:00:00+09:00,5540.0,5540.0,5490.0,5490.0,79000,0.0,0.0
2023-02-22 11:00:00+09:00,5500.0,5510.0,5490.0,5500.0,0,0.0,0.0
2023-02-22 12:00:00+09:00,5510.0,5520.0,5500.0,5520.0,229000,0.0,0.0
2023-02-22 13:00:00+09:00,5510.0,5520.0,5510.0,5520.0,18000,0.0,0.0
2023-02-22 14:00:00+09:00,5520.0,5520.0,5500.0,5510.0,31600,0.0,0.0
2023-02-24 09:00:00+09:00,5500.0,5520.0,5470.0,5490.0,0,0.0,0.0
2023-02-24 10:00:00+09:00,5490.0,5530.0,5490.0,5530.0,207300,0.0,0.0
2023-02-24 11:00:00+09:00,5520.0,5520.0,5500.0,5510.0,0,0.0,0.0
2023-02-24 12:00:00+09:00,5540.0,5540.0,5510.0,5510.0,258300,0.0,0.0
2023-02-24 13:00:00+09:00,5520.0,5520.0,5500.0,5510.0,33700,0.0,0.0
2023-02-24 14:00:00+09:00,5510.0,5520.0,5500.0,5520.0,35500,0.0,0.0
2023-02-27 09:00:00+09:00,5530.0,5570.0,5520.0,5560.0,70800,0.0,0.0
2023-02-27 10:00:00+09:00,5570.0,5640.0,5570.0,5620.0,100800,0.0,0.0
2023-02-27 11:00:00+09:00,5620.0,5630.0,5610.0,5610.0,0,0.0,0.0
2023-02-27 12:00:00+09:00,5620.0,5630.0,5620.0,5620.0,233000,0.0,0.0
2023-02-27 13:00:00+09:00,5610.0,5620.0,5600.0,5610.0,17400,0.0,0.0
2023-02-27 14:00:00+09:00,5610.0,5630.0,5600.0,5630.0,68900,0.0,0.0
2023-02-28 09:00:00+09:00,5660.0,5720.0,5650.0,5670.0,133000,0.0,0.0
2023-02-28 10:00:00+09:00,5670.0,5680.0,5660.0,5670.0,33900,0.0,0.0
2023-02-28 11:00:00+09:00,5670.0,5680.0,5660.0,5680.0,0,0.0,0.0
2023-02-28 12:00:00+09:00,5660.0,5670.0,5610.0,5610.0,265900,0.0,0.0
2023-02-28 13:00:00+09:00,5610.0,5620.0,5600.0,5610.0,13000,0.0,0.0
2023-02-28 14:00:00+09:00,5610.0,5620.0,5560.0,5560.0,207000,0.0,0.0
2023-03-01 09:00:00+09:00,5560.0,5630.0,5560.0,5610.0,95800,0.0,0.0
2023-03-01 10:00:00+09:00,5610.0,5640.0,5590.0,5640.0,60600,0.0,0.0
2023-03-01 11:00:00+09:00,5620.0,5640.0,5620.0,5640.0,0,0.0,0.0
2023-03-01 12:00:00+09:00,5640.0,5660.0,5640.0,5650.0,236500,0.0,0.0
2023-03-01 13:00:00+09:00,5650.0,5660.0,5640.0,5650.0,30900,0.0,0.0
2023-03-01 14:00:00+09:00,5650.0,5660.0,5640.0,5650.0,54200,0.0,0.0
2023-03-02 09:00:00+09:00,5670.0,5680.0,5630.0,5640.0,104300,0.0,0.0
2023-03-02 10:00:00+09:00,5640.0,5650.0,5620.0,5620.0,56400,0.0,0.0
2023-03-02 11:00:00+09:00,5620.0,5650.0,5620.0,5650.0,0,0.0,0.0
2023-03-02 12:00:00+09:00,5630.0,5630.0,5620.0,5630.0,199900,0.0,0.0
2023-03-02 13:00:00+09:00,5630.0,5630.0,5610.0,5620.0,15900,0.0,0.0
2023-03-02 14:00:00+09:00,5620.0,5620.0,5590.0,5600.0,109200,0.0,0.0
2023-03-03 09:00:00+09:00,5600.0,5630.0,5580.0,5630.0,181300,0.0,0.0
2023-03-03 10:00:00+09:00,5630.0,5660.0,5620.0,5640.0,122100,0.0,0.0
2023-03-03 11:00:00+09:00,5640.0,5640.0,5630.0,5630.0,0,0.0,0.0
2023-03-03 12:00:00+09:00,5650.0,5650.0,5630.0,5630.0,360200,0.0,0.0
2023-03-03 13:00:00+09:00,5630.0,5650.0,5630.0,5640.0,44800,0.0,0.0
2023-03-03 14:00:00+09:00,5640.0,5640.0,5600.0,5610.0,174000,0.0,0.0
2023-03-06 09:00:00+09:00,5700.0,5770.0,5680.0,5770.0,161100,0.0,0.0
2023-03-06 10:00:00+09:00,5770.0,5800.0,5770.0,5790.0,109400,0.0,0.0
2023-03-06 11:00:00+09:00,5790.0,5800.0,5780.0,5800.0,0,0.0,0.0
2023-03-06 12:00:00+09:00,5820.0,5820.0,5780.0,5790.0,338900,0.0,0.0
2023-03-06 13:00:00+09:00,5790.0,5800.0,5770.0,5770.0,28700,0.0,0.0
2023-03-06 14:00:00+09:00,5770.0,5790.0,5770.0,5790.0,58500,0.0,0.0
2023-03-07 09:00:00+09:00,5750.0,5770.0,5720.0,5740.0,190900,0.0,0.0
2023-03-07 10:00:00+09:00,5740.0,5770.0,5740.0,5740.0,47300,0.0,0.0
2023-03-07 11:00:00+09:00,5740.0,5750.0,5740.0,5750.0,0,0.0,0.0
2023-03-07 12:00:00+09:00,5740.0,5740.0,5730.0,5740.0,282600,0.0,0.0
2023-03-07 13:00:00+09:00,5750.0,5750.0,5740.0,5750.0,18800,0.0,0.0
2023-03-07 14:00:00+09:00,5740.0,5750.0,5730.0,5750.0,48200,0.0,0.0
2023-03-08 09:00:00+09:00,5700.0,5760.0,5690.0,5730.0,123800,0.0,0.0
2023-03-08 10:00:00+09:00,5740.0,5770.0,5730.0,5740.0,76700,0.0,0.0
2023-03-08 11:00:00+09:00,5730.0,5740.0,5660.0,5670.0,0,0.0,0.0
2023-03-08 12:00:00+09:00,5680.0,5690.0,5670.0,5680.0,527500,0.0,0.0
2023-03-08 13:00:00+09:00,5670.0,5700.0,5640.0,5700.0,119200,0.0,0.0
2023-03-08 14:00:00+09:00,5700.0,5710.0,5660.0,5670.0,142600,0.0,0.0
2023-03-09 09:00:00+09:00,5740.0,5760.0,5700.0,5740.0,183700,0.0,0.0
2023-03-09 10:00:00+09:00,5730.0,5770.0,5720.0,5760.0,72000,0.0,0.0
2023-03-09 11:00:00+09:00,5760.0,5760.0,5720.0,5740.0,0,0.0,0.0
2023-03-09 12:00:00+09:00,5740.0,5740.0,5720.0,5720.0,315700,0.0,0.0
2023-03-09 13:00:00+09:00,5720.0,5720.0,5680.0,5690.0,102000,0.0,0.0
2023-03-09 14:00:00+09:00,5700.0,5710.0,5690.0,5710.0,56200,0.0,0.0
2023-03-10 09:00:00+09:00,5570.0,5650.0,5570.0,5640.0,929500,0.0,0.0
2023-03-10 10:00:00+09:00,5630.0,5690.0,5630.0,5660.0,79400,0.0,0.0
2023-03-10 11:00:00+09:00,5650.0,5680.0,5640.0,5660.0,0,0.0,0.0
2023-03-10 12:00:00+09:00,5660.0,5680.0,5620.0,5620.0,1100500,0.0,0.0
2023-03-10 13:00:00+09:00,5620.0,5630.0,5610.0,5610.0,72400,0.0,0.0
2023-03-10 14:00:00+09:00,5610.0,5630.0,5610.0,5620.0,70600,0.0,0.0
2023-03-13 09:00:00+09:00,5550.0,5550.0,5470.0,5500.0,226000,0.0,0.0
2023-03-13 10:00:00+09:00,5510.0,5520.0,5490.0,5520.0,77100,0.0,0.0
2023-03-13 11:00:00+09:00,5520.0,5530.0,5510.0,5520.0,0,0.0,0.0
2023-03-13 12:00:00+09:00,5530.0,5550.0,5530.0,5540.0,372100,0.0,0.0
2023-03-13 13:00:00+09:00,5540.0,5540.0,5520.0,5530.0,27500,0.0,0.0
2023-03-13 14:00:00+09:00,5530.0,5580.0,5520.0,5560.0,83200,0.0,0.0
2023-03-14 09:00:00+09:00,5410.0,5430.0,5310.0,5330.0,183200,0.0,0.0
2023-03-14 10:00:00+09:00,5320.0,5340.0,5300.0,5330.0,97600,0.0,0.0
2023-03-14 11:00:00+09:00,5330.0,5370.0,5320.0,5360.0,0,0.0,0.0
2023-03-14 12:00:00+09:00,5370.0,5370.0,5330.0,5360.0,444200,0.0,0.0
2023-03-14 13:00:00+09:00,5360.0,5370.0,5340.0,5360.0,89800,0.0,0.0
2023-03-14 14:00:00+09:00,5350.0,5400.0,5350.0,5370.0,145300,0.0,0.0
2023-03-15 09:00:00+09:00,5460.0,5480.0,5400.0,5410.0,141400,0.0,0.0
2023-03-15 10:00:00+09:00,5420.0,5450.0,5400.0,5450.0,76800,0.0,0.0
2023-03-15 11:00:00+09:00,5450.0,5450.0,5430.0,5450.0,0,0.0,0.0
2023-03-15 12:00:00+09:00,5460.0,5470.0,5440.0,5460.0,288700,0.0,0.0
2023-03-15 13:00:00+09:00,5460.0,5460.0,5450.0,5460.0,28400,0.0,0.0
2023-03-15 14:00:00+09:00,5460.0,5460.0,5420.0,5440.0,77800,0.0,0.0
2023-03-16 09:00:00+09:00,5270.0,5290.0,5220.0,5280.0,197900,0.0,0.0
2023-03-16 10:00:00+09:00,5280.0,5300.0,5250.0,5250.0,87300,0.0,0.0
2023-03-16 11:00:00+09:00,5250.0,5270.0,5240.0,5270.0,0,0.0,0.0
2023-03-16 12:00:00+09:00,5270.0,5290.0,5250.0,5290.0,390400,0.0,0.0
2023-03-16 13:00:00+09:00,5290.0,5310.0,5290.0,5310.0,55900,0.0,0.0
2023-03-16 14:00:00+09:00,5300.0,5310.0,5290.0,5300.0,93100,0.0,0.0
2023-03-17 09:00:00+09:00,5350.0,5360.0,5250.0,5270.0,222300,0.0,0.0
2023-03-17 10:00:00+09:00,5260.0,5300.0,5250.0,5300.0,78500,0.0,0.0
2023-03-17 11:00:00+09:00,5290.0,5300.0,5270.0,5300.0,0,0.0,0.0
2023-03-17 12:00:00+09:00,5320.0,5330.0,5300.0,5320.0,399700,0.0,0.0
2023-03-17 13:00:00+09:00,5320.0,5350.0,5320.0,5340.0,66000,0.0,0.0
2023-03-17 14:00:00+09:00,5340.0,5340.0,5310.0,5320.0,86500,0.0,0.0
2023-03-20 09:00:00+09:00,5230.0,5340.0,5220.0,5310.0,106200,0.0,0.0
2023-03-20 10:00:00+09:00,5300.0,5310.0,5260.0,5280.0,80900,0.0,0.0
2023-03-20 11:00:00+09:00,5280.0,5280.0,5260.0,5260.0,0,0.0,0.0
2023-03-20 12:00:00+09:00,5240.0,5240.0,5220.0,5230.0,257900,0.0,0.0
2023-03-20 13:00:00+09:00,5230.0,5230.0,5200.0,5210.0,33300,0.0,0.0
2023-03-20 14:00:00+09:00,5210.0,5240.0,5200.0,5230.0,93500,0.0,0.0
2023-03-22 09:00:00+09:00,5320.0,5320.0,5240.0,5250.0,185100,0.0,0.0
2023-03-22 10:00:00+09:00,5250.0,5280.0,5240.0,5280.0,72100,0.0,0.0
2023-03-22 11:00:00+09:00,5270.0,5280.0,5260.0,5280.0,0,0.0,0.0
2023-03-22 12:00:00+09:00,5270.0,5300.0,5270.0,5290.0,311300,0.0,0.0
2023-03-22 13:00:00+09:00,5280.0,5310.0,5280.0,5310.0,57500,0.0,0.0
2023-03-22 14:00:00+09:00,5310.0,5310.0,5270.0,5280.0,74100,0.0,0.0
2023-03-23 09:00:00+09:00,5240.0,5280.0,5230.0,5260.0,106800,0.0,0.0
2023-03-23 10:00:00+09:00,5260.0,5280.0,5250.0,5280.0,70400,0.0,0.0
2023-03-23 11:00:00+09:00,5270.0,5310.0,5270.0,5300.0,0,0.0,0.0
2023-03-23 12:00:00+09:00,5310.0,5310.0,5290.0,5300.0,252800,0.0,0.0
2023-03-23 13:00:00+09:00,5310.0,5320.0,5300.0,5300.0,0,0.0,0.0
2023-03-23 14:00:00+09:00,5310.0,5330.0,5300.0,5310.0,345700,0.0,0.0
2023-03-24 09:00:00+09:00,5270.0,5270.0,5220.0,5230.0,176100,0.0,0.0
2023-03-24 10:00:00+09:00,5230.0,5230.0,5210.0,5220.0,64300,0.0,0.0
2023-03-24 11:00:00+09:00,5220.0,5240.0,5220.0,5230.0,0,0.0,0.0
2023-03-24 12:00:00+09:00,5230.0,5240.0,5220.0,5230.0,293200,0.0,0.0
2023-03-24 13:00:00+09:00,5230.0,5240.0,5220.0,5230.0,30600,0.0,0.0
2023-03-24 14:00:00+09:00,5230.0,5260.0,5220.0,5250.0,70900,0.0,0.0
2023-03-27 09:00:00+09:00,5330.0,5340.0,5290.0,5320.0,96600,0.0,0.0
2023-03-27 10:00:00+09:00,5320.0,5340.0,5310.0,5330.0,72300,0.0,0.0
2023-03-27 11:00:00+09:00,5330.0,5350.0,5330.0,5350.0,0,0.0,0.0
2023-03-27 12:00:00+09:00,5350.0,5360.0,5340.0,5360.0,232900,0.0,0.0
2023-03-27 13:00:00+09:00,5360.0,5360.0,5330.0,5340.0,35200,0.0,0.0
2023-03-27 14:00:00+09:00,5350.0,5400.0,5340.0,5370.0,80700,0.0,0.0
2023-03-28 09:00:00+09:00,5410.0,5440.0,5390.0,5440.0,117600,0.0,0.0
2023-03-28 10:00:00+09:00,5440.0,5460.0,5420.0,5430.0,49100,0.0,0.0
2023-03-28 11:00:00+09:00,5430.0,5440.0,5420.0,5430.0,0,0.0,0.0
2023-03-28 12:00:00+09:00,5420.0,5420.0,5390.0,5400.0,228100,0.0,0.0
2023-03-28 13:00:00+09:00,5400.0,5410.0,5390.0,5400.0,60500,0.0,0.0
2023-03-28 14:00:00+09:00,5410.0,5450.0,5410.0,5440.0,101200,0.0,0.0
2023-03-29 09:00:00+09:00,5420.0,5430.0,5380.0,5420.0,124200,0.0,0.0
2023-03-29 10:00:00+09:00,5420.0,5450.0,5420.0,5420.0,51600,0.0,0.0
2023-03-29 11:00:00+09:00,5420.0,5430.0,5410.0,5420.0,0,0.0,0.0
2023-03-29 12:00:00+09:00,5430.0,5440.0,5410.0,5430.0,237400,0.0,0.0
2023-03-29 13:00:00+09:00,5440.0,5460.0,5430.0,5450.0,47900,0.0,0.0
2023-03-29 14:00:00+09:00,5450.0,5500.0,5450.0,5490.0,113800,0.0,0.0
2023-03-30 09:00:00+09:00,5440.0,5470.0,5420.0,5420.0,112500,0.0,0.0
2023-03-30 10:00:00+09:00,5420.0,5440.0,5410.0,5420.0,40700,0.0,0.0
2023-03-30 11:00:00+09:00,5420.0,5440.0,5420.0,5440.0,0,0.0,0.0
2023-03-30 12:00:00+09:00,5440.0,5450.0,5430.0,5450.0,225200,0.0,0.0
2023-03-30 13:00:00+09:00,5450.0,5460.0,5450.0,5450.0,25700,0.0,0.0
2023-03-30 14:00:00+09:00,5450.0,5470.0,5440.0,5470.0,58800,0.0,0.0
2023-03-31 09:00:00+09:00,5550.0,5650.0,5520.0,5630.0,181000,0.0,0.0
2023-03-31 10:00:00+09:00,5640.0,5660.0,5630.0,5630.0,91700,0.0,0.0
2023-03-31 11:00:00+09:00,5630.0,5640.0,5620.0,5640.0,0,0.0,0.0
2023-03-31 12:00:00+09:00,5630.0,5640.0,5610.0,5630.0,369600,0.0,0.0
2023-03-31 13:00:00+09:00,5640.0,5660.0,5630.0,5640.0,52100,0.0,0.0
2023-03-31 14:00:00+09:00,5640.0,5650.0,5610.0,5630.0,144900,0.0,0.0
2023-04-03 09:00:00+09:00,5660.0,5660.0,5600.0,5620.0,194200,0.0,0.0
2023-04-03 10:00:00+09:00,5620.0,5620.0,5580.0,5580.0,69700,0.0,0.0
2023-04-03 11:00:00+09:00,5590.0,5590.0,5570.0,5580.0,0,0.0,0.0
2023-04-03 12:00:00+09:00,5600.0,5620.0,5590.0,5610.0,352600,0.0,0.0
2023-04-03 13:00:00+09:00,5610.0,5650.0,5610.0,5640.0,27300,0.0,0.0
2023-04-03 14:00:00+09:00,5650.0,5650.0,5630.0,5640.0,72600,0.0,0.0
2023-04-04 09:00:00+09:00,5650.0,5720.0,5620.0,5710.0,135200,0.0,0.0
2023-04-04 10:00:00+09:00,5710.0,5730.0,5700.0,5710.0,76100,0.0,0.0
2023-04-04 11:00:00+09:00,5710.0,5710.0,5680.0,5700.0,0,0.0,0.0
2023-04-04 12:00:00+09:00,5720.0,5730.0,5680.0,5680.0,313400,0.0,0.0
2023-04-04 13:00:00+09:00,5680.0,5680.0,5650.0,5650.0,78500,0.0,0.0
2023-04-04 14:00:00+09:00,5660.0,5660.0,5650.0,5660.0,34000,0.0,0.0
2023-04-05 09:00:00+09:00,5570.0,5630.0,5570.0,5570.0,141400,0.0,0.0
2023-04-05 10:00:00+09:00,5560.0,5560.0,5470.0,5470.0,120400,0.0,0.0
2023-04-05 11:00:00+09:00,5470.0,5470.0,5450.0,5450.0,0,0.0,0.0
2023-04-05 12:00:00+09:00,5450.0,5480.0,5450.0,5470.0,373800,0.0,0.0
2023-04-05 13:00:00+09:00,5470.0,5470.0,5440.0,5440.0,62700,0.0,0.0
2023-04-05 14:00:00+09:00,5450.0,5470.0,5440.0,5470.0,73400,0.0,0.0
2023-04-06 09:00:00+09:00,5420.0,5420.0,5360.0,5390.0,105000,0.0,0.0
2023-04-06 10:00:00+09:00,5390.0,5420.0,5390.0,5410.0,35500,0.0,0.0
2023-04-06 11:00:00+09:00,5410.0,5410.0,5390.0,5390.0,0,0.0,0.0
2023-04-06 12:00:00+09:00,5380.0,5400.0,5370.0,5370.0,209400,0.0,0.0
2023-04-06 13:00:00+09:00,5380.0,5380.0,5360.0,5360.0,31900,0.0,0.0
2023-04-06 14:00:00+09:00,5360.0,5380.0,5350.0,5370.0,72700,0.0,0.0
2023-04-07 09:00:00+09:00,5380.0,5430.0,5370.0,5430.0,101500,0.0,0.0
2023-04-07 10:00:00+09:00,5420.0,5430.0,5410.0,5410.0,28000,0.0,0.0
2023-04-07 11:00:00+09:00,5410.0,5420.0,5400.0,5400.0,0,0.0,0.0
2023-04-07 12:00:00+09:00,5400.0,5410.0,5400.0,5400.0,144100,0.0,0.0
2023-04-07 13:00:00+09:00,5410.0,5430.0,5410.0,5420.0,14700,0.0,0.0
2023-04-07 14:00:00+09:00,5410.0,5420.0,5390.0,5390.0,34600,0.0,0.0
2023-04-10 09:00:00+09:00,5460.0,5480.0,5420.0,5430.0,0,0.0,0.0
2023-04-10 10:00:00+09:00,5430.0,5450.0,5430.0,5440.0,28300,0.0,0.0
2023-04-10 11:00:00+09:00,5450.0,5460.0,5450.0,5450.0,0,0.0,0.0
2023-04-10 12:00:00+09:00,5450.0,5470.0,5450.0,5470.0,132400,0.0,0.0
2023-04-10 13:00:00+09:00,5460.0,5480.0,5460.0,5480.0,10200,0.0,0.0
2023-04-10 14:00:00+09:00,5470.0,5480.0,5450.0,5470.0,45200,0.0,0.0
2023-04-11 09:00:00+09:00,5530.0,5550.0,5510.0,5520.0,90500,0.0,0.0
2023-04-11 10:00:00+09:00,5520.0,5540.0,5500.0,5520.0,54200,0.0,0.0
2023-04-11 11:00:00+09:00,5520.0,5580.0,5520.0,5570.0,0,0.0,0.0
2023-04-11 12:00:00+09:00,5560.0,5590.0,5560.0,5580.0,314500,0.0,0.0
2023-04-11 13:00:00+09:00,5580.0,5600.0,5570.0,5600.0,66300,0.0,0.0
2023-04-11 14:00:00+09:00,5600.0,5600.0,5570.0,5570.0,78900,0.0,0.0
2023-04-12 09:00:00+09:00,5630.0,5710.0,5610.0,5640.0,141700,0.0,0.0
2023-04-12 10:00:00+09:00,5630.0,5670.0,5630.0,5640.0,56000,0.0,0.0
2023-04-12 11:00:00+09:00,5640.0,5660.0,5640.0,5650.0,0,0.0,0.0
2023-04-12 12:00:00+09:00,5650.0,5650.0,5640.0,5640.0,238000,0.0,0.0
2023-04-12 13:00:00+09:00,5640.0,5650.0,5630.0,5640.0,17100,0.0,0.0
2023-04-12 14:00:00+09:00,5640.0,5640.0,5610.0,5620.0,73900,0.0,0.0
2023-04-13 09:00:00+09:00,5600.0,5610.0,5530.0,5590.0,85900,0.0,0.0
2023-04-13 10:00:00+09:00,5570.0,5590.0,5560.0,5580.0,41800,0.0,0.0
2023-04-13 11:00:00+09:00,5580.0,5590.0,5570.0,5590.0,0,0.0,0.0
2023-04-13 12:00:00+09:00,5600.0,5600.0,5570.0,5590.0,155200,0.0,0.0
2023-04-13 13:00:00+09:00,5580.0,5600.0,5580.0,5580.0,29500,0.0,0.0
2023-04-13 14:00:00+09:00,5580.0,5610.0,5580.0,5590.0,75500,0.0,0.0
2023-04-14 09:00:00+09:00,5670.0,5670.0,5620.0,5650.0,423300,0.0,0.0
2023-04-14 10:00:00+09:00,5640.0,5650.0,5620.0,5620.0,94400,0.0,0.0
2023-04-14 11:00:00+09:00,5620.0,5630.0,5610.0,5630.0,0,0.0,0.0
2023-04-14 12:00:00+09:00,5640.0,5650.0,5630.0,5650.0,588000,0.0,0.0
2023-04-14 13:00:00+09:00,5650.0,5670.0,5640.0,5650.0,51100,0.0,0.0
2023-04-14 14:00:00+09:00,5640.0,5660.0,5640.0,5640.0,71900,0.0,0.0
2023-04-17 09:00:00+09:00,5670.0,5680.0,5640.0,5650.0,90300,0.0,0.0
2023-04-17 10:00:00+09:00,5640.0,5660.0,5630.0,5660.0,32300,0.0,0.0
2023-04-17 11:00:00+09:00,5660.0,5690.0,5660.0,5680.0,0,0.0,0.0
2023-04-17 12:00:00+09:00,5680.0,5690.0,5670.0,5690.0,172300,0.0,0.0
2023-04-17 13:00:00+09:00,5690.0,5700.0,5680.0,5690.0,41300,0.0,0.0
2023-04-17 14:00:00+09:00,5690.0,5710.0,5690.0,5700.0,64700,0.0,0.0
2023-04-18 09:00:00+09:00,5710.0,5730.0,5670.0,5730.0,134400,0.0,0.0
2023-04-18 10:00:00+09:00,5720.0,5750.0,5720.0,5730.0,78800,0.0,0.0
2023-04-18 11:00:00+09:00,5740.0,5750.0,5730.0,5730.0,0,0.0,0.0
2023-04-18 12:00:00+09:00,5750.0,5750.0,5720.0,5730.0,257400,0.0,0.0
2023-04-18 13:00:00+09:00,5740.0,5740.0,5710.0,5720.0,40700,0.0,0.0
2023-04-18 14:00:00+09:00,5720.0,5730.0,5700.0,5720.0,66900,0.0,0.0
2023-04-19 09:00:00+09:00,5760.0,5790.0,5700.0,5710.0,152800,0.0,0.0
2023-04-19 10:00:00+09:00,5710.0,5730.0,5700.0,5700.0,53500,0.0,0.0
2023-04-19 11:00:00+09:00,5690.0,5720.0,5690.0,5710.0,0,0.0,0.0
2023-04-19 12:00:00+09:00,5720.0,5720.0,5710.0,5720.0,250300,0.0,0.0
2023-04-19 13:00:00+09:00,5710.0,5730.0,5710.0,5710.0,41400,0.0,0.0
2023-04-19 14:00:00+09:00,5710.0,5730.0,5710.0,5720.0,52500,0.0,0.0
2023-04-20 09:00:00+09:00,5680.0,5700.0,5660.0,5700.0,108600,0.0,0.0
2023-04-20 10:00:00+09:00,5690.0,5710.0,5670.0,5700.0,57600,0.0,0.0
2023-04-20 11:00:00+09:00,5710.0,5710.0,5690.0,5690.0,0,0.0,0.0
2023-04-20 12:00:00+09:00,5690.0,5700.0,5680.0,5700.0,256700,0.0,0.0
2023-04-20 13:00:00+09:00,5700.0,5710.0,5690.0,5700.0,35000,0.0,0.0
2023-04-20 14:00:00+09:00,5700.0,5720.0,5700.0,5700.0,49800,0.0,0.0
2023-04-21 09:00:00+09:00,5690.0,5720.0,5670.0,5720.0,101800,0.0,0.0
2023-04-21 10:00:00+09:00,5720.0,5730.0,5680.0,5700.0,82800,0.0,0.0
2023-04-21 11:00:00+09:00,5700.0,5710.0,5690.0,5690.0,0,0.0,0.0
2023-04-21 12:00:00+09:00,5710.0,5710.0,5700.0,5700.0,238900,0.0,0.0
2023-04-21 13:00:00+09:00,5700.0,5710.0,5680.0,5710.0,33300,0.0,0.0
2023-04-21 14:00:00+09:00,5710.0,5730.0,5710.0,5720.0,52900,0.0,0.0
2023-04-24 09:00:00+09:00,5710.0,5720.0,5670.0,5690.0,50500,0.0,0.0
2023-04-24 10:00:00+09:00,5700.0,5700.0,5670.0,5680.0,42100,0.0,0.0
2023-04-24 11:00:00+09:00,5680.0,5700.0,5670.0,5700.0,0,0.0,0.0
2023-04-24 12:00:00+09:00,5700.0,5710.0,5700.0,5710.0,146400,0.0,0.0
2023-04-24 13:00:00+09:00,5700.0,5720.0,5700.0,5710.0,35700,0.0,0.0
2023-04-24 14:00:00+09:00,5710.0,5730.0,5710.0,5710.0,47300,0.0,0.0
2023-04-25 09:00:00+09:00,5760.0,5770.0,5750.0,5760.0,127400,0.0,0.0
2023-04-25 10:00:00+09:00,5760.0,5790.0,5760.0,5780.0,58200,0.0,0.0
2023-04-25 11:00:00+09:00,5770.0,5780.0,5760.0,5770.0,0,0.0,0.0
2023-04-25 12:00:00+09:00,5780.0,5780.0,5760.0,5770.0,263300,0.0,0.0
2023-04-25 13:00:00+09:00,5770.0,5780.0,5760.0,5770.0,46600,0.0,0.0
2023-04-25 14:00:00+09:00,5770.0,5780.0,5760.0,5770.0,68500,0.0,0.0
2023-04-26 09:00:00+09:00,5700.0,5710.0,5640.0,5710.0,145500,0.0,0.0
2023-04-26 10:00:00+09:00,5710.0,5730.0,5690.0,5700.0,69100,0.0,0.0
2023-04-26 11:00:00+09:00,5710.0,5740.0,5710.0,5730.0,0,0.0,0.0
2023-04-26 12:00:00+09:00,5720.0,5720.0,5700.0,5700.0,295200,0.0,0.0
2023-04-26 13:00:00+09:00,5690.0,5710.0,5690.0,5710.0,22300,0.0,0.0
2023-04-26 14:00:00+09:00,5710.0,5730.0,5710.0,5730.0,63400,0.0,0.0
2023-04-27 09:00:00+09:00,5750.0,5770.0,5720.0,5740.0,139900,0.0,0.0
2023-04-27 10:00:00+09:00,5730.0,5760.0,5730.0,5740.0,51500,0.0,0.0
2023-04-27 11:00:00+09:00,5740.0,5770.0,5740.0,5770.0,0,0.0,0.0
2023-04-27 12:00:00+09:00,5770.0,5780.0,5760.0,5770.0,273800,0.0,0.0
2023-04-27 13:00:00+09:00,5770.0,5820.0,5770.0,5820.0,166200,0.0,0.0
2023-04-27 14:00:00+09:00,5810.0,5850.0,5800.0,5830.0,155800,0.0,0.0
2023-04-28 09:00:00+09:00,5410.0,5560.0,5400.0,5510.0,607300,0.0,0.0
2023-04-28 10:00:00+09:00,5510.0,5620.0,5510.0,5600.0,297500,0.0,0.0
2023-04-28 11:00:00+09:00,5590.0,5610.0,5570.0,5600.0,0,0.0,0.0
2023-04-28 12:00:00+09:00,5600.0,5610.0,5570.0,5590.0,1132300,0.0,0.0
2023-04-28 13:00:00+09:00,5580.0,5620.0,5570.0,5570.0,199000,0.0,0.0
2023-04-28 14:00:00+09:00,5580.0,5640.0,5570.0,5620.0,271500,0.0,0.0
2023-05-01 09:00:00+09:00,5670.0,5760.0,5660.0,5750.0,238500,0.0,0.0
2023-05-01 10:00:00+09:00,5750.0,5760.0,5710.0,5720.0,124800,0.0,0.0
2023-05-01 11:00:00+09:00,5730.0,5750.0,5730.0,5730.0,0,0.0,0.0
2023-05-01 12:00:00+09:00,5740.0,5800.0,5740.0,5780.0,502000,0.0,0.0
2023-05-01 13:00:00+09:00,5780.0,5790.0,5740.0,5750.0,115300,0.0,0.0
2023-05-01 14:00:00+09:00,5750.0,5770.0,5750.0,5750.0,94500,0.0,0.0
2023-05-02 09:00:00+09:00,5820.0,5830.0,5730.0,5760.0,246000,0.0,0.0
2023-05-02 10:00:00+09:00,5750.0,5770.0,5730.0,5740.0,121500,0.0,0.0
2023-05-02 11:00:00+09:00,5740.0,5740.0,5710.0,5730.0,0,0.0,0.0
2023-05-02 12:00:00+09:00,5720.0,5740.0,5700.0,5740.0,518600,0.0,0.0
2023-05-02 13:00:00+09:00,5750.0,5760.0,5720.0,5720.0,131000,0.0,0.0
2023-05-02 14:00:00+09:00,5720.0,5730.0,5690.0,5730.0,142300,0.0,0.0
2023-05-08 09:00:00+09:00,5780.0,5820.0,5740.0,5780.0,224700,0.0,0.0
2023-05-08 10:00:00+09:00,5790.0,5810.0,5780.0,5790.0,66800,0.0,0.0
2023-05-08 11:00:00+09:00,5790.0,5810.0,5790.0,5810.0,0,0.0,0.0
2023-05-08 12:00:00+09:00,5820.0,5820.0,5780.0,5790.0,386700,0.0,0.0
2023-05-08 13:00:00+09:00,5800.0,5810.0,5800.0,5810.0,44900,0.0,0.0
2023-05-08 14:00:00+09:00,5800.0,5810.0,5770.0,5780.0,87400,0.0,0.0
2023-05-09 09:00:00+09:00,5870.0,5920.0,5850.0,5900.0,238300,0.0,0.0
2023-05-09 10:00:00+09:00,5890.0,5900.0,5880.0,5900.0,120900,0.0,0.0
2023-05-09 11:00:00+09:00,5900.0,5930.0,5900.0,5930.0,0,0.0,0.0
2023-05-09 12:00:00+09:00,5930.0,5940.0,5910.0,5910.0,474500,0.0,0.0
2023-05-09 13:00:00+09:00,5910.0,5930.0,5900.0,5920.0,73600,0.0,0.0
2023-05-09 14:00:00+09:00,5920.0,5960.0,5920.0,5950.0,154200,0.0,0.0
2023-05-10 09:00:00+09:00,6030.0,6050.0,5920.0,5930.0,159600,0.0,0.0
2023-05-10 10:00:00+09:00,5930.0,5980.0,5930.0,5950.0,72300,0.0,0.0
2023-05-10 11:00:00+09:00,5950.0,5960.0,5940.0,5950.0,0,0.0,0.0
2023-05-10 12:00:00+09:00,5940.0,5950.0,5900.0,5910.0,298100,0.0,0.0
2023-05-10 13:00:00+09:00,5920.0,5940.0,5910.0,5940.0,41700,0.0,0.0
2023-05-10 14:00:00+09:00,5940.0,5960.0,5920.0,5960.0,148000,0.0,0.0
2023-05-11 09:00:00+09:00,5920.0,5950.0,5880.0,5910.0,0,0.0,0.0
2023-05-11 10:00:00+09:00,5910.0,5920.0,5880.0,5880.0,134400,0.0,0.0
2023-05-11 11:00:00+09:00,5890.0,5890.0,5830.0,5850.0,0,0.0,0.0
2023-05-11 12:00:00+09:00,5850.0,5880.0,5850.0,5850.0,322200,0.0,0.0
2023-05-11 13:00:00+09:00,5850.0,5890.0,5850.0,5870.0,50600,0.0,0.0
2023-05-11 14:00:00+09:00,5860.0,5920.0,5850.0,5920.0,157000,0.0,0.0
2023-05-12 09:00:00+09:00,5990.0,5990.0,5890.0,5930.0,390800,0.0,0.0
2023-05-12 10:00:00+09:00,5930.0,5970.0,5930.0,5940.0,93700,0.0,0.0
2023-05-12 11:00:00+09:00,5940.0,5960.0,5940.0,5960.0,0,0.0,0.0
2023-05-12 12:00:00+09:00,5980.0,5980.0,5930.0,5930.0,566900,0.0,0.0
2023-05-12 13:00:00+09:00,5940.0,5950.0,5930.0,5940.0,39400,0.0,0.0
2023-05-12 14:00:00+09:00,5940.0,5980.0,5940.0,5950.0,94600,0.0,0.0
2023-05-15 09:00:00+09:00,6030.0,6050.0,6000.0,6010.0,157100,0.0,0.0
2023-05-15 10:00:00+09:00,6010.0,6020.0,5990.0,6020.0,65400,0.0,0.0
2023-05-15 11:00:00+09:00,6010.0,6010.0,5990.0,6000.0,0,0.0,0.0
2023-05-15 12:00:00+09:00,6010.0,6010.0,5990.0,6000.0,293700,0.0,0.0
2023-05-15 13:00:00+09:00,6010.0,6020.0,5990.0,5990.0,42100,0.0,0.0
2023-05-15 14:00:00+09:00,5990.0,6010.0,5980.0,6000.0,75700,0.0,0.0
2023-05-16 09:00:00+09:00,6040.0,6050.0,5970.0,5980.0,151300,0.0,0.0
2023-05-16 10:00:00+09:00,5970.0,5980.0,5950.0,5970.0,80800,0.0,0.0
2023-05-16 11:00:00+09:00,5960.0,5970.0,5940.0,5960.0,0,0.0,0.0
2023-05-16 12:00:00+09:00,5970.0,5970.0,5950.0,5960.0,324100,0.0,0.0
2023-05-16 13:00:00+09:00,5960.0,5960.0,5950.0,5960.0,54700,0.0,0.0
2023-05-16 14:00:00+09:00,5950.0,5960.0,5940.0,5960.0,79000,0.0,0.0
2023-05-17 09:00:00+09:00,5980.0,5990.0,5950.0,5980.0,100800,0.0,0.0
2023-05-17 10:00:00+09:00,5980.0,6000.0,5970.0,5990.0,54800,0.0,0.0
2023-05-17 11:00:00+09:00,5990.0,6000.0,5980.0,5990.0,0,0.0,0.0
2023-05-17 12:00:00+09:00,6000.0,6010.0,5980.0,5980.0,248400,0.0,0.0
2023-05-17 13:00:00+09:00,5980.0,5990.0,5970.0,5970.0,31600,0.0,0.0
2023-05-17 14:00:00+09:00,5970.0,6010.0,5970.0,6000.0,110900,0.0,0.0
2023-05-18 09:00:00+09:00,6050.0,6100.0,6040.0,6050.0,157100,0.0,0.0
2023-05-18 10:00:00+09:00,6050.0,6080.0,6050.0,6070.0,62300,0.0,0.0
2023-05-18 11:00:00+09:00,6070.0,6100.0,6070.0,6090.0,0,0.0,0.0
2023-05-18 12:00:00+09:00,6100.0,6120.0,6090.0,6110.0,345800,0.0,0.0
2023-05-18 13:00:00+09:00,6110.0,6130.0,6100.0,6100.0,101900,0.0,0.0
2023-05-18 14:00:00+09:00,6110.0,6140.0,6100.0,6130.0,121000,0.0,0.0
2023-05-19 09:00:00+09:00,6200.0,6200.0,6160.0,6180.0,155300,0.0,0.0
2023-05-19 10:00:00+09:00,6180.0,6200.0,6160.0,6180.0,80600,0.0,0.0
2023-05-19 11:00:00+09:00,6180.0,6190.0,6170.0,6180.0,0,0.0,0.0
2023-05-19 12:00:00+09:00,6180.0,6180.0,6150.0,6170.0,304700,0.0,0.0
2023-05-19 13:00:00+09:00,6160.0,6170.0,6140.0,6160.0,43200,0.0,0.0
2023-05-19 14:00:00+09:00,6170.0,6170.0,6140.0,6160.0,89100,0.0,0.0
2023-05-22 09:00:00+09:00,6150.0,6200.0,6120.0,6190.0,146400,0.0,0.0
2023-05-22 10:00:00+09:00,6190.0,6190.0,6160.0,6160.0,51200,0.0,0.0
2023-05-22 11:00:00+09:00,6170.0,6190.0,6170.0,6180.0,0,0.0,0.0
2023-05-22 12:00:00+09:00,6190.0,6210.0,6180.0,6200.0,261000,0.0,0.0
2023-05-22 13:00:00+09:00,6200.0,6230.0,6190.0,6230.0,71000,0.0,0.0
2023-05-22 14:00:00+09:00,6230.0,6240.0,6220.0,6220.0,99600,0.0,0.0
2023-05-23 09:00:00+09:00,6280.0,6320.0,6280.0,6290.0,188200,0.0,0.0
2023-05-23 10:00:00+09:00,6290.0,6310.0,6280.0,6300.0,77600,0.0,0.0
2023-05-23 11:00:00+09:00,6300.0,6330.0,6300.0,6330.0,0,0.0,0.0
2023-05-23 12:00:00+09:00,6310.0,6320.0,6220.0,6270.0,473300,0.0,0.0
2023-05-23 13:00:00+09:00,6270.0,6270.0,6200.0,6220.0,131400,0.0,0.0
2023-05-23 14:00:00+09:00,6220.0,6220.0,6190.0,6210.0,126000,0.0,0.0
2023-05-24 09:00:00+09:00,6220.0,6260.0,6200.0,6230.0,144000,0.0,0.0
2023-05-24 10:00:00+09:00,6220.0,6220.0,6170.0,6180.0,102500,0.0,0.0
2023-05-24 11:00:00+09:00,6190.0,6190.0,6180.0,6180.0,0,0.0,0.0
2023-05-24 12:00:00+09:00,6180.0,6210.0,6180.0,6190.0,312700,0.0,0.0
2023-05-24 13:00:00+09:00,6200.0,6210.0,6190.0,6200.0,61400,0.0,0.0
2023-05-24 14:00:00+09:00,6200.0,6220.0,6180.0,6190.0,90700,0.0,0.0
2023-05-25 09:00:00+09:00,6160.0,6240.0,6140.0,6240.0,177100,0.0,0.0
2023-05-25 10:00:00+09:00,6240.0,6240.0,6210.0,6230.0,62400,0.0,0.0
2023-05-25 11:00:00+09:00,6230.0,6250.0,6220.0,6240.0,0,0.0,0.0
2023-05-25 12:00:00+09:00,6250.0,6260.0,6240.0,6250.0,361700,0.0,0.0
2023-05-25 13:00:00+09:00,6250.0,6260.0,6220.0,6230.0,89400,0.0,0.0
2023-05-25 14:00:00+09:00,6230.0,6250.0,6210.0,6230.0,122900,0.0,0.0
2023-05-26 09:00:00+09:00,6290.0,6290.0,6230.0,6240.0,131900,0.0,0.0
2023-05-26 10:00:00+09:00,6250.0,6300.0,6250.0,6280.0,101300,0.0,0.0
2023-05-26 11:00:00+09:00,6280.0,6280.0,6270.0,6270.0,0,0.0,0.0
2023-05-26 12:00:00+09:00,6260.0,6260.0,6230.0,6240.0,322100,0.0,0.0
2023-05-26 13:00:00+09:00,6240.0,6240.0,6200.0,6220.0,68500,0.0,0.0
2023-05-26 14:00:00+09:00,6210.0,6230.0,6200.0,6200.0,74300,0.0,0.0
2023-05-29 09:00:00+09:00,6430.0,6470.0,6370.0,6400.0,248300,0.0,0.0
2023-05-29 10:00:00+09:00,6400.0,6430.0,6400.0,6410.0,79800,0.0,0.0
2023-05-29 11:00:00+09:00,6410.0,6420.0,6400.0,6400.0,0,0.0,0.0
2023-05-29 12:00:00+09:00,6410.0,6410.0,6370.0,6370.0,424900,0.0,0.0
2023-05-29 13:00:00+09:00,6370.0,6390.0,6360.0,6370.0,85300,0.0,0.0
2023-05-29 14:00:00+09:00,6370.0,6400.0,6360.0,6370.0,153500,0.0,0.0
2023-05-30 09:00:00+09:00,6330.0,6370.0,6310.0,6330.0,138300,0.0,0.0
2023-05-30 10:00:00+09:00,6330.0,6330.0,6300.0,6310.0,54300,0.0,0.0
2023-05-30 11:00:00+09:00,6310.0,6330.0,6310.0,6320.0,0,0.0,0.0
2023-05-30 12:00:00+09:00,6300.0,6330.0,6290.0,6330.0,276400,0.0,0.0
2023-05-30 13:00:00+09:00,6330.0,6360.0,6330.0,6350.0,54300,0.0,0.0
2023-05-30 14:00:00+09:00,6350.0,6380.0,6350.0,6370.0,70900,0.0,0.0
2023-05-31 09:00:00+09:00,6300.0,6310.0,6270.0,6290.0,134500,0.0,0.0
2023-05-31 10:00:00+09:00,6280.0,6280.0,6260.0,6270.0,57200,0.0,0.0
2023-05-31 11:00:00+09:00,6270.0,6270.0,6240.0,6250.0,0,0.0,0.0
2023-05-31 12:00:00+09:00,6250.0,6250.0,6210.0,6210.0,292900,0.0,0.0
2023-05-31 13:00:00+09:00,6210.0,6210.0,6170.0,6180.0,100900,0.0,0.0
2023-05-31 14:00:00+09:00,6180.0,6180.0,6130.0,6160.0,147500,0.0,0.0
2023-06-01 09:00:00+09:00,6180.0,6250.0,6170.0,6200.0,145700,0.0,0.0
2023-06-01 10:00:00+09:00,6200.0,6240.0,6190.0,6210.0,74300,0.0,0.0
2023-06-01 11:00:00+09:00,6210.0,6220.0,6200.0,6200.0,0,0.0,0.0
2023-06-01 12:00:00+09:00,6230.0,6250.0,6210.0,6250.0,302000,0.0,0.0
2023-06-01 13:00:00+09:00,6250.0,6250.0,6230.0,6240.0,37200,0.0,0.0
2023-06-01 14:00:00+09:00,6240.0,6250.0,6220.0,6240.0,76900,0.0,0.0
2023-06-02 09:00:00+09:00,6330.0,6340.0,6290.0,6300.0,139800,0.0,0.0
2023-06-02 10:00:00+09:00,6300.0,6300.0,6260.0,6300.0,67700,0.0,0.0
2023-06-02 11:00:00+09:00,6300.0,6310.0,6280.0,6310.0,0,0.0,0.0
2023-06-02 12:00:00+09:00,6300.0,6330.0,6290.0,6320.0,267700,0.0,0.0
2023-06-02 13:00:00+09:00,6320.0,6330.0,6310.0,6310.0,47000,0.0,0.0
2023-06-02 14:00:00+09:00,6320.0,6350.0,6320.0,6340.0,82100,0.0,0.0
2023-06-05 09:00:00+09:00,6500.0,6535.0,6485.0,6532.0,0,0.0,0.0
2023-06-05 10:00:00+09:00,6532.0,6567.0,6519.0,6553.0,120100,0.0,0.0
2023-06-05 11:00:00+09:00,6553.0,6561.0,6533.0,6536.0,0,0.0,0.0
2023-06-05 12:00:00+09:00,6540.0,6548.0,6512.0,6534.0,523200,0.0,0.0
2023-06-05 13:00:00+09:00,6536.0,6546.0,6522.0,6539.0,71300,0.0,0.0
2023-06-05 14:00:00+09:00,6539.0,6550.0,6528.0,6549.0,74800,0.0,0.0
2023-06-06 09:00:00+09:00,6567.0,6660.0,6548.0,6650.0,286400,0.0,0.0
2023-06-06 10:00:00+09:00,6652.0,6720.0,6633.0,6696.0,124100,0.0,0.0
2023-06-06 11:00:00+09:00,6696.0,6730.0,6671.0,6722.0,0,0.0,0.0
2023-06-06 12:00:00+09:00,6703.0,6709.0,6665.0,6705.0,547300,0.0,0.0
2023-06-06 13:00:00+09:00,6707.0,6741.0,6704.0,6734.0,119900,0.0,0.0
2023-06-06 14:00:00+09:00,6733.0,6770.0,6730.0,6770.0,121400,0.0,0.0
2023-06-07 09:00:00+09:00,6793.0,6903.0,6778.0,6846.0,349800,0.0,0.0
2023-06-07 10:00:00+09:00,6847.0,6853.0,6738.0,6747.0,248100,0.0,0.0
2023-06-07 11:00:00+09:00,6744.0,6759.0,6720.0,6747.0,0,0.0,0.0
2023-06-07 12:00:00+09:00,6753.0,6821.0,6749.0,6821.0,743800,0.0,0.0
2023-06-07 13:00:00+09:00,6819.0,6820.0,6717.0,6774.0,213800,0.0,0.0
2023-06-07 14:00:00+09:00,6777.0,6786.0,6713.0,6713.0,192700,0.0,0.0
2023-06-08 09:00:00+09:00,6761.0,6806.0,6722.0,6730.0,232500,0.0,0.0
2023-06-08 10:00:00+09:00,6729.0,6756.0,6706.0,6727.0,110600,0.0,0.0
2023-06-08 11:00:00+09:00,6727.0,6727.0,6699.0,6702.0,0,0.0,0.0
2023-06-08 12:00:00+09:00,6680.0,6688.0,6626.0,6638.0,525900,0.0,0.0
2023-06-08 13:00:00+09:00,6638.0,6651.0,6590.0,6593.0,123700,0.0,0.0
2023-06-08 14:00:00+09:00,6592.0,6658.0,6571.0,6642.0,144500,0.0,0.0
2023-06-09 09:00:00+09:00,6765.0,6830.0,6731.0,6812.0,726700,0.0,0.0
2023-06-09 10:00:00+09:00,6813.0,6845.0,6797.0,6822.0,113900,0.0,0.0
2023-06-09 11:00:00+09:00,6823.0,6832.0,6765.0,6802.0,0,0.0,0.0
2023-06-09 12:00:00+09:00,6822.0,6837.0,6804.0,6836.0,967100,0.0,0.0
2023-06-09 13:00:00+09:00,6836.0,6845.0,6827.0,6836.0,89600,0.0,0.0
2023-06-09 14:00:00+09:00,6837.0,6863.0,6831.0,6847.0,152500,0.0,0.0
2023-06-12 09:00:00+09:00,6834.0,6865.0,6806.0,6861.0,212500,0.0,0.0
2023-06-12 10:00:00+09:00,6860.0,6868.0,6841.0,6848.0,57500,0.0,0.0
2023-06-12 11:00:00+09:00,6847.0,6848.0,6841.0,6841.0,0,0.0,0.0
2023-06-12 12:00:00+09:00,6835.0,6835.0,6773.0,6818.0,402100,0.0,0.0
2023-06-12 13:00:00+09:00,6819.0,6832.0,6796.0,6830.0,71300,0.0,0.0
2023-06-12 14:00:00+09:00,6829.0,6855.0,6829.0,6850.0,84700,0.0,0.0
2023-06-13 09:00:00+09:00,6854.0,6939.0,6851.0,6939.0,178100,0.0,0.0
2023-06-13 10:00:00+09:00,6939.0,7031.0,6934.0,7006.0,109100,0.0,0.0
2023-06-13 11:00:00+09:00,7010.0,7030.0,6981.0,7015.0,0,0.0,0.0
2023-06-13 12:00:00+09:00,7016.0,7085.0,7016.0,7060.0,437200,0.0,0.0
2023-06-13 13:00:00+09:00,7062.0,7088.0,7059.0,7077.0,107600,0.0,0.0
2023-06-13 14:00:00+09:00,7078.0,7088.0,7052.0,7066.0,127100,0.0,0.0
2023-06-14 09:00:00+09:00,7164.0,7213.0,7127.0,7148.0,229100,0.0,0.0
2023-06-14 10:00:00+09:00,7149.0,7202.0,7146.0,7196.0,147100,0.0,0.0
2023-06-14 11:00:00+09:00,7198.0,7206.0,7158.0,7181.0,0,0.0,0.0
2023-06-14 12:00:00+09:00,7175.0,7202.0,7160.0,7200.0,527200,0.0,0.0
2023-06-14 13:00:00+09:00,7200.0,7259.0,7195.0,7233.0,163600,0.0,0.0
2023-06-14 14:00:00+09:00,7232.0,7263.0,7183.0,7192.0,225700,0.0,0.0
2023-06-15 09:00:00+09:00,7190.0,7228.0,7137.0,7228.0,174800,0.0,0.0
2023-06-15 10:00:00+09:00,7225.0,7234.0,7174.0,7221.0,104800,0.0,0.0
2023-06-15 11:00:00+09:00,7221.0,7275.0,7204.0,7275.0,0,0.0,0.0
2023-06-15 12:00:00+09:00,7299.0,7324.0,7274.0,7284.0,440100,0.0,0.0
2023-06-15 13:00:00+09:00,7284.0,7305.0,7267.0,7280.0,99200,0.0,0.0
2023-06-15 14:00:00+09:00,7280.0,7283.0,7217.0,7224.0,146400,0.0,0.0
2023-06-16 09:00:00+09:00,7201.0,7270.0,7199.0,7237.0,221700,0.0,0.0
2023-06-16 10:00:00+09:00,7236.0,7275.0,7227.0,7267.0,144500,0.0,0.0
2023-06-16 11:00:00+09:00,7271.0,7315.0,7271.0,7315.0,0,0.0,0.0
2023-06-16 12:00:00+09:00,7358.0,7419.0,7337.0,7405.0,574300,0.0,0.0
2023-06-16 13:00:00+09:00,7407.0,7420.0,7381.0,7407.0,105400,0.0,0.0
2023-06-16 14:00:00+09:00,7405.0,7453.0,7390.0,7430.0,207600,0.0,0.0
2023-06-19 09:00:00+09:00,7314.0,7323.0,7158.0,7294.0,485400,0.0,0.0
2023-06-19 10:00:00+09:00,7290.0,7306.0,7215.0,7235.0,126500,0.0,0.0
2023-06-19 11:00:00+09:00,7236.0,7268.0,7226.0,7268.0,0,0.0,0.0
2023-06-19 12:00:00+09:00,7250.0,7251.0,7105.0,7112.0,851300,0.0,0.0
2023-06-19 13:00:00+09:00,7111.0,7132.0,7085.0,7097.0,217000,0.0,0.0
2023-06-19 14:00:00+09:00,7097.0,7112.0,7064.0,7099.0,300900,0.0,0.0
2023-06-20 09:00:00+09:00,7164.0,7242.0,7137.0,7176.0,342700,0.0,0.0
2023-06-20 10:00:00+09:00,7174.0,7220.0,7116.0,7141.0,163500,0.0,0.0
2023-06-20 11:00:00+09:00,7139.0,7158.0,7105.0,7128.0,0,0.0,0.0
2023-06-20 12:00:00+09:00,7100.0,7155.0,7100.0,7135.0,665500,0.0,0.0
2023-06-20 13:00:00+09:00,7137.0,7147.0,7111.0,7144.0,81000,0.0,0.0
2023-06-20 14:00:00+09:00,7142.0,7158.0,7123.0,7149.0,116200,0.0,0.0
2023-06-21 09:00:00+09:00,7050.0,7145.0,7010.0,7133.0,221500,0.0,0.0
2023-06-21 10:00:00+09:00,7132.0,7158.0,7110.0,7147.0,116600,0.0,0.0
2023-06-21 11:00:00+09:00,7146.0,7167.0,7133.0,7164.0,0,0.0,0.0
2023-06-21 12:00:00+09:00,7147.0,7164.0,7124.0,7143.0,454900,0.0,0.0
2023-06-21 13:00:00+09:00,7144.0,7180.0,7132.0,7163.0,95800,0.0,0.0
2023-06-21 14:00:00+09:00,7164.0,7172.0,7132.0,7143.0,127500,0.0,0.0
2023-06-22 09:00:00+09:00,7101.0,7212.0,7094.0,7183.0,361200,0.0,0.0
2023-06-22 10:00:00+09:00,7185.0,7241.0,7185.0,7241.0,150400,0.0,0.0
2023-06-22 11:00:00+09:00,7242.0,7252.0,7216.0,7252.0,0,0.0,0.0
2023-06-22 12:00:00+09:00,7251.0,7259.0,7215.0,7230.0,642300,0.0,0.0
2023-06-22 13:00:00+09:00,7229.0,7232.0,7168.0,7214.0,108100,0.0,0.0
2023-06-22 14:00:00+09:00,7213.0,7217.0,7165.0,7184.0,124900,0.0,0.0
2023-06-23 09:00:00+09:00,7264.0,7283.0,7152.0,7181.0,265500,0.0,0.0
2023-06-23 10:00:00+09:00,7180.0,7184.0,6992.0,7030.0,139100,0.0,0.0
2023-06-23 11:00:00+09:00,7021.0,7031.0,6976.0,6988.0,0,0.0,0.0
2023-06-23 12:00:00+09:00,6981.0,6998.0,6932.0,6980.0,573300,0.0,0.0
2023-06-23 13:00:00+09:00,6984.0,6991.0,6941.0,6972.0,120700,0.0,0.0
2023-06-23 14:00:00+09:00,6971.0,7024.0,6970.0,7010.0,155900,0.0,0.0
2023-06-26 09:00:00+09:00,6960.0,7050.0,6836.0,7044.0,0,0.0,0.0
2023-06-26 10:00:00+09:00,7040.0,7089.0,7011.0,7038.0,103800,0.0,0.0
2023-06-26 11:00:00+09:00,7036.0,7064.0,7023.0,7059.0,0,0.0,0.0
2023-06-26 12:00:00+09:00,7059.0,7065.0,6985.0,7009.0,488900,0.0,0.0
2023-06-26 13:00:00+09:00,7017.0,7047.0,7012.0,7031.0,87400,0.0,0.0
2023-06-26 14:00:00+09:00,7033.0,7058.0,7017.0,7029.0,105100,0.0,0.0
2023-06-27 09:00:00+09:00,7018.0,7089.0,6951.0,6954.0,280400,0.0,0.0
2023-06-27 10:00:00+09:00,6957.0,6986.0,6904.0,6980.0,178400,0.0,0.0
2023-06-27 11:00:00+09:00,6982.0,6999.0,6952.0,6971.0,0,0.0,0.0
2023-06-27 12:00:00+09:00,6940.0,6978.0,6931.0,6953.0,596300,0.0,0.0
2023-06-27 13:00:00+09:00,6954.0,7030.0,6952.0,7021.0,105800,0.0,0.0
2023-06-27 14:00:00+09:00,7018.0,7034.0,7002.0,7020.0,118600,0.0,0.0
2023-06-28 09:00:00+09:00,7150.0,7161.0,7050.0,7075.0,147200,0.0,0.0
2023-06-28 10:00:00+09:00,7075.0,7100.0,7031.0,7066.0,83200,0.0,0.0
2023-06-28 11:00:00+09:00,7065.0,7119.0,7054.0,7119.0,0,0.0,0.0
2023-06-28 12:00:00+09:00,7150.0,7198.0,7149.0,7174.0,367200,0.0,0.0
2023-06-28 13:00:00+09:00,7175.0,7193.0,7156.0,7182.0,90000,0.0,0.0
2023-06-28 14:00:00+09:00,7181.0,7210.0,7179.0,7201.0,165100,0.0,0.0
2023-06-29 09:00:00+09:00,7237.0,7272.0,7218.0,7225.0,99600,0.0,0.0
2023-06-29 10:00:00+09:00,7228.0,7247.0,7200.0,7237.0,53500,0.0,0.0
2023-06-29 11:00:00+09:00,7235.0,7245.0,7167.0,7203.0,0,0.0,0.0
2023-06-29 12:00:00+09:00,7190.0,7236.0,7167.0,7230.0,227100,0.0,0.0
2023-06-29 13:00:00+09:00,7230.0,7243.0,7189.0,7197.0,45200,0.0,0.0
2023-06-29 14:00:00+09:00,7198.0,7210.0,7143.0,7177.0,75700,0.0,0.0
2023-06-30 09:00:00+09:00,7102.0,7157.0,7062.0,7088.0,161400,0.0,0.0
2023-06-30 10:00:00+09:00,7088.0,7113.0,7071.0,7113.0,75300,0.0,0.0
2023-06-30 11:00:00+09:00,7109.0,7136.0,7101.0,7121.0,0,0.0,0.0
2023-06-30 12:00:00+09:00,7103.0,7116.0,7068.0,7092.0,358400,0.0,0.0
2023-06-30 13:00:00+09:00,7090.0,7106.0,7078.0,7101.0,92500,0.0,0.0
2023-06-30 14:00:00+09:00,7102.0,7143.0,7097.0,7143.0,140800,0.0,0.0
2023-07-03 09:00:00+09:00,7183.0,7249.0,7179.0,7224.0,0,0.0,0.0
2023-07-03 10:00:00+09:00,7225.0,7238.0,7207.0,7234.0,120600,0.0,0.0
2023-07-03 11:00:00+09:00,7232.0,7250.0,7219.0,7246.0,0,0.0,0.0
2023-07-03 12:00:00+09:00,7236.0,7248.0,7226.0,7241.0,381100,0.0,0.0
2023-07-03 13:00:00+09:00,7239.0,7243.0,7229.0,7231.0,53000,0.0,0.0
2023-07-03 14:00:00+09:00,7232.0,7242.0,7225.0,7242.0,83600,0.0,0.0
2023-07-04 09:00:00+09:00,7250.0,7285.0,7181.0,7237.0,220900,0.0,0.0
2023-07-04 10:00:00+09:00,7238.0,7245.0,7147.0,7164.0,79700,0.0,0.0
2023-07-04 11:00:00+09:00,7166.0,7197.0,7156.0,7191.0,0,0.0,0.0
2023-07-04 12:00:00+09:00,7200.0,7202.0,7183.0,7196.0,391800,0.0,0.0
2023-07-04 13:00:00+09:00,7196.0,7196.0,7174.0,7176.0,46100,0.0,0.0
2023-07-04 14:00:00+09:00,7175.0,7190.0,7169.0,7175.0,76800,0.0,0.0
2023-07-05 09:00:00+09:00,7115.0,7211.0,7077.0,7209.0,119800,0.0,0.0
2023-07-05 10:00:00+09:00,7208.0,7224.0,7188.0,7203.0,64400,0.0,0.0
2023-07-05 11:00:00+09:00,7198.0,7211.0,7174.0,7211.0,0,0.0,0.0
2023-07-05 12:00:00+09:00,7212.0,7224.0,7198.0,7207.0,251500,0.0,0.0
2023-07-05 13:00:00+09:00,7208.0,7210.0,7168.0,7174.0,63400,0.0,0.0
2023-07-05 14:00:00+09:00,7175.0,7201.0,7168.0,7191.0,59700,0.0,0.0
2023-07-06 09:00:00+09:00,7160.0,7278.0,7160.0,7273.0,181800,0.0,0.0
2023-07-06 10:00:00+09:00,7271.0,7284.0,7249.0,7281.0,92600,0.0,0.0
2023-07-06 11:00:00+09:00,7281.0,7285.0,7241.0,7249.0,0,0.0,0.0
2023-07-06 12:00:00+09:00,7186.0,7206.0,7170.0,7196.0,412600,0.0,0.0
2023-07-06 13:00:00+09:00,7200.0,7259.0,7161.0,7248.0,124200,0.0,0.0
2023-07-06 14:00:00+09:00,7248.0,7269.0,7224.0,7260.0,181100,0.0,0.0
2023-07-07 09:00:00+09:00,7162.0,7222.0,7097.0,7213.0,182400,0.0,0.0
2023-07-07 10:00:00+09:00,7216.0,7269.0,7177.0,7192.0,108600,0.0,0.0
2023-07-07 11:00:00+09:00,7195.0,7224.0,7193.0,7224.0,0,0.0,0.0
2023-07-07 12:00:00+09:00,7243.0,7252.0,7223.0,7244.0,384600,0.0,0.0
2023-07-07 13:00:00+09:00,7244.0,7246.0,7221.0,7236.0,60200,0.0,0.0
2023-07-07 14:00:00+09:00,7238.0,7244.0,7170.0,7171.0,124500,0.0,0.0
2023-07-10 09:00:00+09:00,7255.0,7321.0,7194.0,7197.0,0,0.0,0.0
2023-07-10 10:00:00+09:00,7198.0,7226.0,7158.0,7177.0,84700,0.0,0.0
2023-07-10 11:00:00+09:00,7178.0,7216.0,7176.0,7205.0,0,0.0,0.0
2023-07-10 12:00:00+09:00,7205.0,7219.0,7178.0,7214.0,413400,0.0,0.0
2023-07-10 13:00:00+09:00,7212.0,7291.0,7201.0,7282.0,96900,0.0,0.0
2023-07-10 14:00:00+09:00,7277.0,7289.0,7232.0,7250.0,202300,0.0,0.0
2023-07-11 09:00:00+09:00,7300.0,7326.0,7259.0,7324.0,140700,0.0,0.0
2023-07-11 10:00:00+09:00,7323.0,7323.0,7247.0,7267.0,76800,0.0,0.0
2023-07-11 11:00:00+09:00,7264.0,7267.0,7241.0,7249.0,0,0.0,0.0
2023-07-11 12:00:00+09:00,7238.0,7256.0,7227.0,7247.0,296000,0.0,0.0
2023-07-11 13:00:00+09:00,7247.0,7247.0,7202.0,7217.0,80800,0.0,0.0
2023-07-11 14:00:00+09:00,7218.0,7244.0,7191.0,7220.0,131600,0.0,0.0
2023-07-12 09:00:00+09:00,7289.0,7290.0,7084.0,7118.0,134300,0.0,0.0
2023-07-12 10:00:00+09:00,7121.0,7123.0,7061.0,7110.0,68300,0.0,0.0
2023-07-12 11:00:00+09:00,7107.0,7147.0,7094.0,7139.0,0,0.0,0.0
2023-07-12 12:00:00+09:00,7129.0,7149.0,7094.0,7114.0,265800,0.0,0.0
2023-07-12 13:00:00+09:00,7115.0,7121.0,7086.0,7089.0,51900,0.0,0.0
2023-07-12 14:00:00+09:00,7090.0,7098.0,7041.0,7058.0,151800,0.0,0.0
2023-07-13 09:00:00+09:00,7022.0,7140.0,7015.0,7140.0,0,0.0,0.0
2023-07-13 10:00:00+09:00,7138.0,7181.0,7122.0,7159.0,67800,0.0,0.0
2023-07-13 11:00:00+09:00,7157.0,7174.0,7143.0,7174.0,0,0.0,0.0
2023-07-13 12:00:00+09:00,7168.0,7202.0,7168.0,7199.0,250800,0.0,0.0
2023-07-13 13:00:00+09:00,7200.0,7201.0,7138.0,7138.0,49200,0.0,0.0
2023-07-13 14:00:00+09:00,7141.0,7160.0,7138.0,7150.0,70500,0.0,0.0
2023-07-14 09:00:00+09:00,7076.0,7183.0,7040.0,7043.0,455600,0.0,0.0
2023-07-14 10:00:00+09:00,7042.0,7075.0,7020.0,7071.0,66700,0.0,0.0
2023-07-14 11:00:00+09:00,7069.0,7109.0,7065.0,7102.0,0,0.0,0.0
2023-07-14 12:00:00+09:00,7122.0,7169.0,7113.0,7129.0,612600,0.0,0.0
2023-07-14 13:00:00+09:00,7130.0,7150.0,7120.0,7130.0,49900,0.0,0.0
2023-07-14 14:00:00+09:00,7130.0,7139.0,7110.0,7127.0,74200,0.0,0.0
2023-07-18 09:00:00+09:00,7151.0,7291.0,7124.0,7284.0,206900,0.0,0.0
2023-07-18 10:00:00+09:00,7283.0,7294.0,7240.0,7262.0,79800,0.0,0.0
2023-07-18 11:00:00+09:00,7260.0,7262.0,7232.0,7236.0,0,0.0,0.0
2023-07-18 12:00:00+09:00,7216.0,7265.0,7216.0,7247.0,373600,0.0,0.0
2023-07-18 13:00:00+09:00,7245.0,7276.0,7239.0,7273.0,57900,0.0,0.0
2023-07-18 14:00:00+09:00,7271.0,7290.0,7257.0,7282.0,100100,0.0,0.0
2023-07-19 09:00:00+09:00,7360.0,7393.0,7325.0,7355.0,109000,0.0,0.0
2023-07-19 10:00:00+09:00,7359.0,7386.0,7345.0,7366.0,49800,0.0,0.0
2023-07-19 11:00:00+09:00,7369.0,7375.0,7341.0,7347.0,0,0.0,0.0
2023-07-19 12:00:00+09:00,7310.0,7332.0,7295.0,7330.0,221900,0.0,0.0
2023-07-19 13:00:00+09:00,7328.0,7339.0,7317.0,7330.0,41500,0.0,0.0
2023-07-19 14:00:00+09:00,7327.0,7378.0,7319.0,7378.0,65700,0.0,0.0
2023-07-20 09:00:00+09:00,7380.0,7451.0,7366.0,7404.0,145400,0.0,0.0
2023-07-20 10:00:00+09:00,7404.0,7415.0,7373.0,7382.0,54100,0.0,0.0
2023-07-20 11:00:00+09:00,7381.0,7392.0,7363.0,7369.0,0,0.0,0.0
2023-07-20 12:00:00+09:00,7368.0,7396.0,7361.0,7389.0,263100,0.0,0.0
2023-07-20 13:00:00+09:00,7388.0,7393.0,7367.0,7390.0,47600,0.0,0.0
2023-07-20 14:00:00+09:00,7389.0,7400.0,7377.0,7397.0,116900,0.0,0.0
2023-07-21 09:00:00+09:00,7445.0,7480.0,7399.0,7455.0,240000,0.0,0.0
2023-07-21 10:00:00+09:00,7451.0,7470.0,7421.0,7438.0,55700,0.0,0.0
2023-07-21 11:00:00+09:00,7438.0,7472.0,7438.0,7466.0,0,0.0,0.0
2023-07-21 12:00:00+09:00,7472.0,7485.0,7453.0,7468.0,364900,0.0,0.0
2023-07-21 13:00:00+09:00,7468.0,7471.0,7447.0,7451.0,48900,0.0,0.0
2023-07-21 14:00:00+09:00,7453.0,7459.0,7431.0,7456.0,101900,0.0,0.0
2023-07-24 09:00:00+09:00,7530.0,7566.0,7500.0,7562.0,139500,0.0,0.0
2023-07-24 10:00:00+09:00,7565.0,7579.0,7535.0,7555.0,56500,0.0,0.0
2023-07-24 11:00:00+09:00,7555.0,7555.0,7532.0,7540.0,0,0.0,0.0
2023-07-24 12:00:00+09:00,7575.0,7581.0,7561.0,7564.0,251100,0.0,0.0
2023-07-24 13:00:00+09:00,7561.0,7563.0,7544.0,7551.0,46300,0.0,0.0
2023-07-24 14:00:00+09:00,7552.0,7560.0,7517.0,7543.0,89800,0.0,0.0
2023-07-25 09:00:00+09:00,7567.0,7567.0,7468.0,7536.0,152100,0.0,0.0
2023-07-25 10:00:00+09:00,7537.0,7558.0,7519.0,7544.0,48300,0.0,0.0
2023-07-25 11:00:00+09:00,7546.0,7548.0,7533.0,7546.0,0,0.0,0.0
2023-07-25 12:00:00+09:00,7530.0,7569.0,7525.0,7569.0,259200,0.0,0.0
2023-07-25 13:00:00+09:00,7569.0,7569.0,7550.0,7555.0,49200,0.0,0.0
2023-07-25 14:00:00+09:00,7556.0,7584.0,7554.0,7575.0,79100,0.0,0.0
2023-07-26 09:00:00+09:00,7599.0,7649.0,7548.0,7568.0,215200,0.0,0.0
2023-07-26 10:00:00+09:00,7567.0,7593.0,7562.0,7576.0,66800,0.0,0.0
2023-07-26 11:00:00+09:00,7577.0,7577.0,7561.0,7576.0,0,0.0,0.0
2023-07-26 12:00:00+09:00,7571.0,7607.0,7569.0,7580.0,336800,0.0,0.0
2023-07-26 13:00:00+09:00,7580.0,7595.0,7562.0,7566.0,40700,0.0,0.0
2023-07-26 14:00:00+09:00,7564.0,7584.0,7556.0,7559.0,94800,0.0,0.0
2023-07-27 09:00:00+09:00,7535.0,7561.0,7521.0,7542.0,191000,0.0,0.0
2023-07-27 10:00:00+09:00,7544.0,7544.0,7511.0,7523.0,113100,0.0,0.0
2023-07-27 11:00:00+09:00,7523.0,7555.0,7521.0,7553.0,0,0.0,0.0
2023-07-27 12:00:00+09:00,7560.0,7584.0,7559.0,7567.0,414900,0.0,0.0
2023-07-27 13:00:00+09:00,7568.0,7599.0,7568.0,7595.0,88700,0.0,0.0
2023-07-27 14:00:00+09:00,7596.0,7624.0,7591.0,7620.0,134600,0.0,0.0
2023-07-28 09:00:00+09:00,7451.0,7529.0,7408.0,7523.0,235700,0.0,0.0
2023-07-28 10:00:00+09:00,7520.0,7532.0,7490.0,7514.0,125100,0.0,0.0
2023-07-28 11:00:00+09:00,7512.0,7524.0,7495.0,7515.0,0,0.0,0.0
2023-07-28 12:00:00+09:00,7520.0,7607.0,7450.0,7450.0,599800,0.0,0.0
2023-07-28 13:00:00+09:00,7452.0,7469.0,7336.0,7461.0,173400,0.0,0.0
2023-07-28 14:00:00+09:00,7460.0,7595.0,7428.0,7541.0,203800,0.0,0.0
2023-07-31 09:00:00+09:00,7999.0,8259.0,7990.0,8246.0,627900,0.0,0.0
2023-07-31 10:00:00+09:00,8246.0,8389.0,8234.0,8345.0,332400,0.0,0.0
2023-07-31 11:00:00+09:00,8346.0,8350.0,8279.0,8279.0,0,0.0,0.0
2023-07-31 12:00:00+09:00,8236.0,8291.0,8192.0,8258.0,1270700,0.0,0.0
2023-07-31 13:00:00+09:00,8261.0,8267.0,8221.0,8251.0,178500,0.0,0.0
2023-07-31 14:00:00+09:00,8251.0,8337.0,8239.0,8326.0,272100,0.0,0.0
2023-08-01 09:00:00+09:00,8346.0,8615.0,8346.0,8610.0,517300,0.0,0.0
2023-08-01 10:00:00+09:00,8608.0,8645.0,8582.0,8605.0,167900,0.0,0.0
2023-08-01 11:00:00+09:00,8605.0,8655.0,8594.0,8647.0,0,0.0,0.0
2023-08-01 12:00:00+09:00,8610.0,8611.0,8524.0,8568.0,858100,0.0,0.0
2023-08-01 13:00:00+09:00,8571.0,8582.0,8493.0,8559.0,189800,0.0,0.0
2023-08-01 14:00:00+09:00,8556.0,8648.0,8554.0,8644.0,234700,0.0,0.0
2023-08-02 09:00:00+09:00,8444.0,8468.0,8360.0,8432.0,390700,0.0,0.0
2023-08-02 10:00:00+09:00,8435.0,8480.0,8370.0,8378.0,223600,0.0,0.0
2023-08-02 11:00:00+09:00,8379.0,8379.0,8257.0,8260.0,0,0.0,0.0
2023-08-02 12:00:00+09:00,8251.0,8289.0,8220.0,8241.0,910600,0.0,0.0
2023-08-02 13:00:00+09:00,8243.0,8287.0,8235.0,8254.0,130000,0.0,0.0
2023-08-02 14:00:00+09:00,8254.0,8272.0,8218.0,8218.0,206200,0.0,0.0
2023-08-03 09:00:00+09:00,8179.0,8240.0,8131.0,8206.0,196500,0.0,0.0
2023-08-03 10:00:00+09:00,8202.0,8280.0,8163.0,8230.0,106600,0.0,0.0
2023-08-03 11:00:00+09:00,8229.0,8254.0,8213.0,8219.0,0,0.0,0.0
2023-08-03 12:00:00+09:00,8197.0,8271.0,8185.0,8265.0,402300,0.0,0.0
2023-08-03 13:00:00+09:00,8262.0,8294.0,8198.0,8214.0,86000,0.0,0.0
2023-08-03 14:00:00+09:00,8217.0,8269.0,8176.0,8176.0,130700,0.0,0.0
2023-08-04 09:00:00+09:00,8162.0,8350.0,8133.0,8341.0,244500,0.0,0.0
2023-08-04 10:00:00+09:00,8337.0,8339.0,8225.0,8242.0,170900,0.0,0.0
2023-08-04 11:00:00+09:00,8244.0,8289.0,8236.0,8288.0,0,0.0,0.0
2023-08-04 12:00:00+09:00,8306.0,8341.0,8306.0,8334.0,515100,0.0,0.0
2023-08-04 13:00:00+09:00,8334.0,8342.0,8289.0,8308.0,67300,0.0,0.0
2023-08-04 14:00:00+09:00,8307.0,8319.0,8282.0,8312.0,104300,0.0,0.0
2023-08-07 09:00:00+09:00,8201.0,8272.0,8177.0,8268.0,171500,0.0,0.0
2023-08-07 10:00:00+09:00,8267.0,8316.0,8238.0,8310.0,86500,0.0,0.0
2023-08-07 11:00:00+09:00,8310.0,8341.0,8303.0,8341.0,0,0.0,0.0
2023-08-07 12:00:00+09:00,8337.0,8345.0,8294.0,8316.0,339100,0.0,0.0
2023-08-07 13:00:00+09:00,8315.0,8342.0,8299.0,8318.0,67200,0.0,0.0
2023-08-07 14:00:00+09:00,8318.0,8331.0,8285.0,8312.0,91700,0.0,0.0
2023-08-08 09:00:00+09:00,8523.0,8563.0,8467.0,8528.0,297600,0.0,0.0
2023-08-08 10:00:00+09:00,8530.0,8539.0,8457.0,8457.0,109000,0.0,0.0
2023-08-08 11:00:00+09:00,8454.0,8470.0,8432.0,8470.0,0,0.0,0.0
2023-08-08 12:00:00+09:00,8480.0,8489.0,8447.0,8447.0,517400,0.0,0.0
2023-08-08 13:00:00+09:00,8443.0,8475.0,8440.0,8452.0,91200,0.0,0.0
2023-08-08 14:00:00+09:00,8451.0,8476.0,8439.0,8441.0,136100,0.0,0.0
2023-08-09 09:00:00+09:00,8495.0,8558.0,8464.0,8514.0,201000,0.0,0.0
2023-08-09 10:00:00+09:00,8514.0,8556.0,8488.0,8528.0,127200,0.0,0.0
2023-08-09 11:00:00+09:00,8533.0,8547.0,8494.0,8494.0,0,0.0,0.0
2023-08-09 12:00:00+09:00,8490.0,8490.0,8427.0,8452.0,478600,0.0,0.0
2023-08-09 13:00:00+09:00,8453.0,8470.0,8433.0,8468.0,65900,0.0,0.0
2023-08-09 14:00:00+09:00,8469.0,8494.0,8465.0,8482.0,74800,0.0,0.0
2023-08-10 09:00:00+09:00,8425.0,8538.0,8420.0,8532.0,336100,0.0,0.0
2023-08-10 10:00:00+09:00,8530.0,8536.0,8507.0,8519.0,86100,0.0,0.0
2023-08-10 11:00:00+09:00,8519.0,8587.0,8519.0,8581.0,0,0.0,0.0
2023-08-10 12:00:00+09:00,8585.0,8598.0,8543.0,8564.0,559600,0.0,0.0
2023-08-10 13:00:00+09:00,8564.0,8597.0,8555.0,8590.0,85100,0.0,0.0
2023-08-10 14:00:00+09:00,8591.0,8602.0,8574.0,8587.0,142000,0.0,0.0
2023-08-14 09:00:00+09:00,8571.0,8586.0,8491.0,8494.0,159100,0.0,0.0
2023-08-14 10:00:00+09:00,8493.0,8499.0,8456.0,8468.0,109700,0.0,0.0
2023-08-14 11:00:00+09:00,8468.0,8472.0,8376.0,8377.0,0,0.0,0.0
2023-08-14 12:00:00+09:00,8350.0,8372.0,8304.0,8328.0,481600,0.0,0.0
2023-08-14 13:00:00+09:00,8328.0,8334.0,8307.0,8309.0,134500,0.0,0.0
2023-08-14 14:00:00+09:00,8311.0,8370.0,8307.0,8344.0,240100,0.0,0.0
2023-08-15 09:00:00+09:00,8460.0,8466.0,8383.0,8434.0,212300,0.0,0.0
2023-08-15 10:00:00+09:00,8437.0,8437.0,8373.0,8411.0,106000,0.0,0.0
2023-08-15 11:00:00+09:00,8410.0,8413.0,8388.0,8405.0,0,0.0,0.0
2023-08-15 12:00:00+09:00,8403.0,8415.0,8388.0,8388.0,401700,0.0,0.0
2023-08-15 13:00:00+09:00,8390.0,8420.0,8383.0,8410.0,69000,0.0,0.0
2023-08-15 14:00:00+09:00,8410.0,8414.0,8384.0,8384.0,122400,0.0,0.0
2023-08-16 09:00:00+09:00,8245.0,8287.0,8157.0,8181.0,258700,0.0,0.0
2023-08-16 10:00:00+09:00,8181.0,8226.0,8166.0,8185.0,154200,0.0,0.0
2023-08-16 11:00:00+09:00,8186.0,8199.0,8126.0,8160.0,0,0.0,0.0
2023-08-16 12:00:00+09:00,8161.0,8223.0,8160.0,8216.0,615800,0.0,0.0
2023-08-16 13:00:00+09:00,8216.0,8221.0,8182.0,8199.0,59200,0.0,0.0
2023-08-16 14:00:00+09:00,8198.0,8200.0,8167.0,8194.0,141700,0.0,0.0
2023-08-17 09:00:00+09:00,8095.0,8130.0,7972.0,8029.0,277400,0.0,0.0
2023-08-17 10:00:00+09:00,8028.0,8032.0,7951.0,8015.0,216600,0.0,0.0
2023-08-17 11:00:00+09:00,8017.0,8053.0,8005.0,8050.0,0,0.0,0.0
2023-08-17 12:00:00+09:00,8109.0,8162.0,8089.0,8158.0,765800,0.0,0.0
2023-08-17 13:00:00+09:00,8160.0,8181.0,8133.0,8142.0,91800,0.0,0.0
2023-08-17 14:00:00+09:00,8143.0,8149.0,8090.0,8123.0,142500,0.0,0.0
2023-08-18 09:00:00+09:00,8075.0,8151.0,8072.0,8110.0,208400,0.0,0.0
2023-08-18 10:00:00+09:00,8111.0,8176.0,8100.0,8158.0,96800,0.0,0.0
2023-08-18 11:00:00+09:00,8159.0,8174.0,8128.0,8132.0,0,0.0,0.0
2023-08-18 12:00:00+09:00,8136.0,8173.0,8118.0,8154.0,456700,0.0,0.0
2023-08-18 13:00:00+09:00,8156.0,8178.0,8122.0,8146.0,78800,0.0,0.0
2023-08-18 14:00:00+09:00,8146.0,8155.0,8115.0,8155.0,133600,0.0,0.0
2023-08-21 09:00:00+09:00,8186.0,8192.0,8113.0,8165.0,147300,0.0,0.0
2023-08-21 10:00:00+09:00,8160.0,8185.0,8080.0,8172.0,89200,0.0,0.0
2023-08-21 11:00:00+09:00,8170.0,8238.0,8164.0,8234.0,0,0.0,0.0
2023-08-21 12:00:00+09:00,8230.0,8230.0,8199.0,8199.0,303000,0.0,0.0
2023-08-21 13:00:00+09:00,8197.0,8198.0,8173.0,8173.0,33900,0.0,0.0
2023-08-21 14:00:00+09:00,8172.0,8177.0,8135.0,8147.0,56100,0.0,0.0
2023-08-22 09:00:00+09:00,8290.0,8432.0,8270.0,8401.0,325700,0.0,0.0
2023-08-22 10:00:00+09:00,8403.0,8404.0,8340.0,8371.0,91800,0.0,0.0
2023-08-22 11:00:00+09:00,8369.0,8398.0,8359.0,8397.0,0,0.0,0.0
2023-08-22 12:00:00+09:00,8425.0,8444.0,8409.0,8437.0,553400,0.0,0.0
2023-08-22 13:00:00+09:00,8435.0,8442.0,8405.0,8439.0,95900,0.0,0.0
2023-08-22 14:00:00+09:00,8440.0,8459.0,8423.0,8453.0,130800,0.0,0.0
2023-08-23 09:00:00+09:00,8320.0,8439.0,8308.0,8423.0,135700,0.0,0.0
2023-08-23 10:00:00+09:00,8425.0,8475.0,8415.0,8471.0,94500,0.0,0.0
2023-08-23 11:00:00+09:00,8472.0,8482.0,8455.0,8482.0,0,0.0,0.0
2023-08-23 12:00:00+09:00,8455.0,8472.0,8428.0,8437.0,302100,0.0,0.0
2023-08-23 13:00:00+09:00,8436.0,8448.0,8423.0,8443.0,43300,0.0,0.0
2023-08-23 14:00:00+09:00,8442.0,8487.0,8438.0,8487.0,85100,0.0,0.0
2023-08-24 09:00:00+09:00,8469.0,8490.0,8447.0,8464.0,113200,0.0,0.0
2023-08-24 10:00:00+09:00,8463.0,8490.0,8436.0,8464.0,49300,0.0,0.0
2023-08-24 11:00:00+09:00,8465.0,8483.0,8460.0,8477.0,0,0.0,0.0
2023-08-24 12:00:00+09:00,8500.0,8550.0,8496.0,8515.0,272600,0.0,0.0
2023-08-24 13:00:00+09:00,8514.0,8561.0,8507.0,8549.0,55700,0.0,0.0
2023-08-24 14:00:00+09:00,8551.0,8563.0,8519.0,8519.0,144700,0.0,0.0
2023-08-25 09:00:00+09:00,8378.0,8508.0,8377.0,8479.0,143300,0.0,0.0
2023-08-25 10:00:00+09:00,8477.0,8497.0,8435.0,8460.0,66200,0.0,0.0
2023-08-25 11:00:00+09:00,8459.0,8475.0,8445.0,8448.0,0,0.0,0.0
2023-08-25 12:00:00+09:00,8450.0,8468.0,8436.0,8447.0,259400,0.0,0.0
2023-08-25 13:00:00+09:00,8447.0,8447.0,8417.0,8417.0,36600,0.0,0.0
2023-08-25 14:00:00+09:00,8420.0,8439.0,8402.0,8439.0,113000,0.0,0.0
2023-08-28 09:00:00+09:00,8521.0,8525.0,8465.0,8516.0,87900,0.0,0.0
2023-08-28 10:00:00+09:00,8518.0,8550.0,8509.0,8542.0,48100,0.0,0.0
2023-08-28 11:00:00+09:00,8542.0,8555.0,8534.0,8551.0,0,0.0,0.0
2023-08-28 12:00:00+09:00,8542.0,8583.0,8542.0,8577.0,197400,0.0,0.0
2023-08-28 13:00:00+09:00,8577.0,8601.0,8573.0,8601.0,56000,0.0,0.0
2023-08-28 14:00:00+09:00,8599.0,8615.0,8586.0,8615.0,88300,0.0,0.0
2023-08-29 09:00:00+09:00,8636.0,8639.0,8552.0,8552.0,118400,0.0,0.0
2023-08-29 10:00:00+09:00,8552.0,8560.0,8515.0,8536.0,80000,0.0,0.0
2023-08-29 11:00:00+09:00,8534.0,8541.0,8502.0,8510.0,0,0.0,0.0
2023-08-29 12:00:00+09:00,8512.0,8532.0,8511.0,8524.0,275200,0.0,0.0
2023-08-29 13:00:00+09:00,8527.0,8537.0,8520.0,8531.0,38000,0.0,0.0
2023-08-29 14:00:00+09:00,8532.0,8535.0,8502.0,8530.0,102100,0.0,0.0
2023-08-30 09:00:00+09:00,8619.0,8625.0,8590.0,8603.0,110800,0.0,0.0
2023-08-30 10:00:00+09:00,8600.0,8638.0,8597.0,8631.0,49100,0.0,0.0
2023-08-30 11:00:00+09:00,8630.0,8645.0,8627.0,8638.0,0,0.0,0.0
2023-08-30 12:00:00+09:00,8637.0,8657.0,8622.0,8651.0,227300,0.0,0.0
2023-08-30 13:00:00+09:00,8649.0,8652.0,8618.0,8618.0,52300,0.0,0.0
2023-08-30 14:00:00+09:00,8615.0,8615.0,8584.0,8607.0,106500,0.0,0.0
2023-08-31 09:00:00+09:00,8588.0,8686.0,8577.0,8665.0,100800,0.0,0.0
2023-08-31 10:00:00+09:00,8664.0,8730.0,8657.0,8715.0,108200,0.0,0.0
2023-08-31 11:00:00+09:00,8716.0,8726.0,8700.0,8719.0,0,0.0,0.0
2023-08-31 12:00:00+09:00,8702.0,8742.0,8693.0,8740.0,295600,0.0,0.0
2023-08-31 13:00:00+09:00,8741.0,8758.0,8728.0,8755.0,56300,0.0,0.0
2023-08-31 14:00:00+09:00,8753.0,8769.0,8668.0,8668.0,177800,0.0,0.0
2023-09-01 09:00:00+09:00,8680.0,8866.0,8675.0,8826.0,223900,0.0,0.0
2023-09-01 10:00:00+09:00,8825.0,8842.0,8800.0,8835.0,79500,0.0,0.0
2023-09-01 11:00:00+09:00,8835.0,8849.0,8830.0,8839.0,0,0.0,0.0
2023-09-01 12:00:00+09:00,8828.0,8836.0,8809.0,8833.0,386100,0.0,0.0
2023-09-01 13:00:00+09:00,8834.0,8838.0,8813.0,8824.0,46100,0.0,0.0
2023-09-01 14:00:00+09:00,8825.0,8838.0,8793.0,8793.0,116400,0.0,0.0
2023-09-04 09:00:00+09:00,8831.0,8949.0,8830.0,8934.0,0,0.0,0.0
2023-09-04 10:00:00+09:00,8932.0,8934.0,8898.0,8918.0,91800,0.0,0.0
2023-09-04 11:00:00+09:00,8920.0,8925.0,8906.0,8919.0,0,0.0,0.0
2023-09-04 12:00:00+09:00,8920.0,8949.0,8917.0,8948.0,417600,0.0,0.0
2023-09-04 13:00:00+09:00,8948.0,8956.0,8936.0,8954.0,71800,0.0,0.0
2023-09-04 14:00:00+09:00,8951.0,8979.0,8946.0,8979.0,124800,0.0,0.0
2023-09-05 09:00:00+09:00,9010.0,9059.0,8962.0,8962.0,119500,0.0,0.0
2023-09-05 10:00:00+09:00,8962.0,8982.0,8933.0,8981.0,53000,0.0,0.0
2023-09-05 11:00:00+09:00,8981.0,9020.0,8974.0,9017.0,0,0.0,0.0
2023-09-05 12:00:00+09:00,9004.0,9015.0,8963.0,8970.0,258400,0.0,0.0
2023-09-05 13:00:00+09:00,8968.0,8990.0,8960.0,8987.0,66300,0.0,0.0
2023-09-05 14:00:00+09:00,8988.0,9018.0,8974.0,9013.0,122400,0.0,0.0
2023-09-06 09:00:00+09:00,9094.0,9142.0,9062.0,9132.0,142900,0.0,0.0
2023-09-06 10:00:00+09:00,9134.0,9148.0,9035.0,9057.0,84900,0.0,0.0
2023-09-06 11:00:00+09:00,9060.0,9114.0,9054.0,9114.0,0,0.0,0.0
2023-09-06 12:00:00+09:00,9110.0,9120.0,9083.0,9092.0,319100,0.0,0.0
2023-09-06 13:00:00+09:00,9090.0,9100.0,9051.0,9054.0,58200,0.0,0.0
2023-09-06 14:00:00+09:00,9054.0,9082.0,9040.0,9082.0,116000,0.0,0.0
2023-09-07 09:00:00+09:00,9080.0,9185.0,9080.0,9150.0,190400,0.0,0.0
2023-09-07 10:00:00+09:00,9149.0,9174.0,9097.0,9123.0,90900,0.0,0.0
2023-09-07 11:00:00+09:00,9123.0,9138.0,9114.0,9126.0,0,0.0,0.0
2023-09-07 12:00:00+09:00,9119.0,9126.0,9083.0,9084.0,371900,0.0,0.0
2023-09-07 13:00:00+09:00,9086.0,9097.0,9026.0,9036.0,69100,0.0,0.0
2023-09-07 14:00:00+09:00,9034.0,9059.0,9016.0,9022.0,184600,0.0,0.0
2023-09-08 09:00:00+09:00,8926.0,8987.0,8792.0,8862.0,611700,0.0,0.0
2023-09-08 10:00:00+09:00,8869.0,8905.0,8852.0,8867.0,86400,0.0,0.0
2023-09-08 11:00:00+09:00,8869.0,8901.0,8856.0,8901.0,0,0.0,0.0
2023-09-08 12:00:00+09:00,8876.0,8876.0,8842.0,8842.0,790300,0.0,0.0
2023-09-08 13:00:00+09:00,8843.0,8844.0,8798.0,8798.0,73900,0.0,0.0
2023-09-08 14:00:00+09:00,8798.0,8820.0,8790.0,8804.0,125200,0.0,0.0
2023-09-11 09:00:00+09:00,8887.0,8949.0,8847.0,8905.0,161300,0.0,0.0
2023-09-11 10:00:00+09:00,8908.0,8928.0,8859.0,8903.0,72000,0.0,0.0
2023-09-11 11:00:00+09:00,8905.0,8918.0,8877.0,8889.0,0,0.0,0.0
2023-09-11 12:00:00+09:00,8859.0,8878.0,8852.0,8855.0,305900,0.0,0.0
2023-09-11 13:00:00+09:00,8854.0,8866.0,8819.0,8825.0,57200,0.0,0.0
2023-09-11 14:00:00+09:00,8827.0,8836.0,8796.0,8836.0,104000,0.0,0.0
2023-09-12 09:00:00+09:00,8868.0,8910.0,8775.0,8779.0,155500,0.0,0.0
2023-09-12 10:00:00+09:00,8779.0,8781.0,8730.0,8747.0,79900,0.0,0.0
2023-09-12 11:00:00+09:00,8748.0,8782.0,8748.0,8778.0,0,0.0,0.0
2023-09-12 12:00:00+09:00,8805.0,8857.0,8798.0,8849.0,334100,0.0,0.0
2023-09-12 13:00:00+09:00,8846.0,8864.0,8812.0,8826.0,67400,0.0,0.0
2023-09-12 14:00:00+09:00,8829.0,8866.0,8803.0,8866.0,109400,0.0,0.0
2023-09-13 09:00:00+09:00,8851.0,8920.0,8821.0,8861.0,147200,0.0,0.0
2023-09-13 10:00:00+09:00,8863.0,8865.0,8810.0,8821.0,78800,0.0,0.0
2023-09-13 11:00:00+09:00,8819.0,8841.0,8771.0,8774.0,0,0.0,0.0
2023-09-13 12:00:00+09:00,8768.0,8786.0,8733.0,8753.0,336400,0.0,0.0
2023-09-13 13:00:00+09:00,8753.0,8825.0,8750.0,8817.0,66700,0.0,0.0
2023-09-13 14:00:00+09:00,8823.0,8823.0,8778.0,8795.0,104300,0.0,0.0
2023-09-14 09:00:00+09:00,8890.0,8914.0,8856.0,8910.0,159800,0.0,0.0
2023-09-14 10:00:00+09:00,8911.0,8954.0,8900.0,8942.0,77200,0.0,0.0
2023-09-14 11:00:00+09:00,8941.0,8945.0,8903.0,8910.0,0,0.0,0.0
2023-09-14 12:00:00+09:00,8930.0,8952.0,8916.0,8950.0,333600,0.0,0.0
2023-09-14 13:00:00+09:00,8949.0,9025.0,8947.0,9023.0,110800,0.0,0.0
2023-09-14 14:00:00+09:00,9022.0,9044.0,8998.0,9028.0,157500,0.0,0.0
2023-09-15 09:00:00+09:00,9200.0,9230.0,9130.0,9199.0,233100,0.0,0.0
2023-09-15 10:00:00+09:00,9199.0,9230.0,9162.0,9229.0,117000,0.0,0.0
2023-09-15 11:00:00+09:00,9229.0,9270.0,9226.0,9241.0,0,0.0,0.0
2023-09-15 12:00:00+09:00,9247.0,9264.0,9229.0,9257.0,518300,0.0,0.0
2023-09-15 13:00:00+09:00,9258.0,9258.0,9180.0,9207.0,86500,0.0,0.0
2023-09-15 14:00:00+09:00,9208.0,9219.0,9125.0,9180.0,263900,0.0,0.0
2023-09-19 09:00:00+09:00,9141.0,9189.0,9080.0,9170.0,154500,0.0,0.0
2023-09-19 10:00:00+09:00,9173.0,9179.0,9129.0,9163.0,73400,0.0,0.0
2023-09-19 11:00:00+09:00,9162.0,9163.0,9115.0,9115.0,0,0.0,0.0
2023-09-19 12:00:00+09:00,9164.0,9189.0,9156.0,9183.0,346300,0.0,0.0
2023-09-19 13:00:00+09:00,9184.0,9200.0,9174.0,9197.0,59300,0.0,0.0
2023-09-19 14:00:00+09:00,9195.0,9202.0,9173.0,9192.0,106100,0.0,0.0
2023-09-20 09:00:00+09:00,9250.0,9267.0,9189.0,9217.0,150900,0.0,0.0
2023-09-20 10:00:00+09:00,9215.0,9220.0,9173.0,9216.0,73100,0.0,0.0
2023-09-20 11:00:00+09:00,9215.0,9215.0,9167.0,9174.0,0,0.0,0.0
2023-09-20 12:00:00+09:00,9178.0,9178.0,9143.0,9149.0,334300,0.0,0.0
2023-09-20 13:00:00+09:00,9148.0,9169.0,9145.0,9156.0,51500,0.0,0.0
2023-09-20 14:00:00+09:00,9157.0,9182.0,9142.0,9150.0,93300,0.0,0.0
2023-09-21 09:00:00+09:00,9201.0,9287.0,9188.0,9211.0,213200,0.0,0.0
2023-09-21 10:00:00+09:00,9209.0,9228.0,9162.0,9162.0,74800,0.0,0.0
2023-09-21 11:00:00+09:00,9163.0,9165.0,9080.0,9080.0,0,0.0,0.0
2023-09-21 12:00:00+09:00,9081.0,9094.0,9055.0,9070.0,442200,0.0,0.0
2023-09-21 13:00:00+09:00,9070.0,9073.0,9047.0,9054.0,72400,0.0,0.0
2023-09-21 14:00:00+09:00,9054.0,9072.0,9040.0,9069.0,102000,0.0,0.0
2023-09-22 09:00:00+09:00,8994.0,8995.0,8861.0,8927.0,189000,0.0,0.0
2023-09-22 10:00:00+09:00,8925.0,8972.0,8916.0,8922.0,64700,0.0,0.0
2023-09-22 11:00:00+09:00,8926.0,8967.0,8922.0,8937.0,0,0.0,0.0
2023-09-22 12:00:00+09:00,9001.0,9048.0,8984.0,9020.0,348400,0.0,0.0
2023-09-22 13:00:00+09:00,9020.0,9048.0,8996.0,9030.0,51400,0.0,0.0
2023-09-22 14:00:00+09:00,9027.0,9078.0,9014.0,9014.0,111100,0.0,0.0
2023-09-25 09:00:00+09:00,9030.0,9080.0,8987.0,9080.0,182800,0.0,0.0
2023-09-25 10:00:00+09:00,9080.0,9125.0,9080.0,9102.0,49800,0.0,0.0
2023-09-25 11:00:00+09:00,9100.0,9114.0,9083.0,9083.0,0,0.0,0.0
2023-09-25 12:00:00+09:00,9104.0,9121.0,9099.0,9117.0,303400,0.0,0.0
2023-09-25 13:00:00+09:00,9121.0,9137.0,9092.0,9103.0,69100,0.0,0.0
2023-09-25 14:00:00+09:00,9106.0,9110.0,9083.0,9102.0,87700,0.0,0.0
2023-09-26 09:00:00+09:00,9083.0,9106.0,9015.0,9052.0,137500,0.0,0.0
2023-09-26 10:00:00+09:00,9056.0,9099.0,9044.0,9087.0,53600,0.0,0.0
2023-09-26 11:00:00+09:00,9091.0,9098.0,9056.0,9058.0,0,0.0,0.0
2023-09-26 12:00:00+09:00,9018.0,9075.0,9018.0,9071.0,272800,0.0,0.0
2023-09-26 13:00:00+09:00,9070.0,9076.0,9042.0,9074.0,44300,0.0,0.0
2023-09-26 14:00:00+09:00,9075.0,9083.0,9044.0,9059.0,88800,0.0,0.0
2023-09-27 09:00:00+09:00,8969.0,8969.0,8870.0,8889.0,0,0.0,0.0
2023-09-27 10:00:00+09:00,8885.0,8966.0,8883.0,8959.0,173500,0.0,0.0
2023-09-27 11:00:00+09:00,8962.0,8979.0,8957.0,8974.0,0,0.0,0.0
2023-09-27 12:00:00+09:00,8945.0,8961.0,8926.0,8941.0,246200,0.0,0.0
2023-09-27 13:00:00+09:00,8938.0,8965.0,8929.0,8965.0,54700,0.0,0.0
2023-09-27 14:00:00+09:00,8964.0,9020.0,8942.0,9020.0,115100,0.0,0.0
2023-09-28 09:00:00+09:00,9002.0,9040.0,8920.0,9013.0,158800,0.0,0.0
2023-09-28 10:00:00+09:00,9012.0,9051.0,9001.0,9021.0,73800,0.0,0.0
2023-09-28 11:00:00+09:00,9020.0,9025.0,8891.0,8895.0,0,0.0,0.0
2023-09-28 12:00:00+09:00,8895.0,8912.0,8875.0,8905.0,408500,0.0,0.0
2023-09-28 13:00:00+09:00,8905.0,8921.0,8875.0,8907.0,91300,0.0,0.0
2023-09-28 14:00:00+09:00,8906.0,8973.0,8903.0,8912.0,150900,0.0,0.0
2023-09-29 09:00:00+09:00,8870.0,8892.0,8697.0,8743.0,263700,0.0,0.0
2023-09-29 10:00:00+09:00,8748.0,8807.0,8745.0,8765.0,81900,0.0,0.0
2023-09-29 11:00:00+09:00,8763.0,8767.0,8694.0,8716.0,0,0.0,0.0
2023-09-29 12:00:00+09:00,8719.0,8785.0,8719.0,8767.0,444300,0.0,0.0
2023-09-29 13:00:00+09:00,8767.0,8777.0,8733.0,8755.0,80300,0.0,0.0
2023-09-29 14:00:00+09:00,8757.0,8817.0,8752.0,8804.0,244500,0.0,0.0
2023-10-02 09:00:00+09:00,8888.0,8965.0,8823.0,8884.0,171000,0.0,0.0
2023-10-02 10:00:00+09:00,8885.0,8910.0,8866.0,8873.0,60600,0.0,0.0
2023-10-02 11:00:00+09:00,8874.0,8891.0,8854.0,8859.0,0,0.0,0.0
2023-10-02 12:00:00+09:00,8817.0,8839.0,8760.0,8776.0,353400,0.0,0.0
2023-10-02 13:00:00+09:00,8782.0,8786.0,8717.0,8741.0,96800,0.0,0.0
2023-10-02 14:00:00+09:00,8746.0,8767.0,8697.0,8724.0,118400,0.0,0.0
2023-10-03 09:00:00+09:00,8575.0,8689.0,8381.0,8436.0,271200,0.0,0.0
2023-10-03 10:00:00+09:00,8431.0,8440.0,8370.0,8406.0,121700,0.0,0.0
2023-10-03 11:00:00+09:00,8409.0,8418.0,8384.0,8410.0,0,0.0,0.0
2023-10-03 12:00:00+09:00,8390.0,8390.0,8320.0,8325.0,562200,0.0,0.0
2023-10-03 13:00:00+09:00,8324.0,8324.0,8264.0,8275.0,178400,0.0,0.0
2023-10-03 14:00:00+09:00,8275.0,8290.0,8246.0,8285.0,204300,0.0,0.0
2023-10-04 09:00:00+09:00,8143.0,8156.0,8002.0,8018.0,296200,0.0,0.0
2023-10-04 10:00:00+09:00,8017.0,8044.0,7939.0,7954.0,139200,0.0,0.0
2023-10-04 11:00:00+09:00,7955.0,7960.0,7916.0,7923.0,0,0.0,0.0
2023-10-04 12:00:00+09:00,7940.0,7953.0,7871.0,7899.0,592700,0.0,0.0
2023-10-04 13:00:00+09:00,7894.0,7993.0,7865.0,7953.0,127100,0.0,0.0
2023-10-04 14:00:00+09:00,7953.0,7972.0,7867.0,7907.0,179500,0.0,0.0
2023-10-05 09:00:00+09:00,8014.0,8045.0,7882.0,7950.0,215000,0.0,0.0
2023-10-05 10:00:00+09:00,7948.0,7999.0,7930.0,7993.0,128200,0.0,0.0
2023-10-05 11:00:00+09:00,7988.0,8024.0,7973.0,8017.0,0,0.0,0.0
2023-10-05 12:00:00+09:00,8015.0,8067.0,8009.0,8048.0,502500,0.0,0.0
2023-10-05 13:00:00+09:00,8048.0,8097.0,8044.0,8086.0,131200,0.0,0.0
2023-10-05 14:00:00+09:00,8085.0,8089.0,8023.0,8071.0,139800,0.0,0.0
2023-10-06 09:00:00+09:00,8188.0,8244.0,8120.0,8216.0,287900,0.0,0.0
2023-10-06 10:00:00+09:00,8216.0,8291.0,8210.0,8219.0,163400,0.0,0.0
2023-10-06 11:00:00+09:00,8225.0,8255.0,8198.0,8198.0,0,0.0,0.0
2023-10-06 12:00:00+09:00,8208.0,8221.0,8190.0,8207.0,587500,0.0,0.0
2023-10-06 13:00:00+09:00,8208.0,8247.0,8207.0,8209.0,74000,0.0,0.0
2023-10-06 14:00:00+09:00,8210.0,8222.0,8162.0,8180.0,105700,0.0,0.0
2023-10-10 09:00:00+09:00,8490.0,8533.0,8443.0,8526.0,282500,0.0,0.0
2023-10-10 10:00:00+09:00,8525.0,8574.0,8477.0,8492.0,113500,0.0,0.0
2023-10-10 11:00:00+09:00,8493.0,8545.0,8481.0,8545.0,0,0.0,0.0
2023-10-10 12:00:00+09:00,8540.0,8549.0,8509.0,8523.0,498100,0.0,0.0
2023-10-10 13:00:00+09:00,8526.0,8553.0,8517.0,8537.0,70500,0.0,0.0
2023-10-10 14:00:00+09:00,8540.0,8562.0,8521.0,8558.0,133900,0.0,0.0
2023-10-11 09:00:00+09:00,8557.0,8620.0,8496.0,8592.0,193100,0.0,0.0
2023-10-11 10:00:00+09:00,8591.0,8615.0,8544.0,8548.0,87300,0.0,0.0
2023-10-11 11:00:00+09:00,8543.0,8543.0,8500.0,8507.0,0,0.0,0.0
2023-10-11 12:00:00+09:00,8500.0,8544.0,8499.0,8530.0,395300,0.0,0.0
2023-10-11 13:00:00+09:00,8530.0,8560.0,8518.0,8520.0,78300,0.0,0.0
2023-10-11 14:00:00+09:00,8519.0,8527.0,8455.0,8455.0,141000,0.0,0.0
2023-10-12 09:00:00+09:00,8519.0,8556.0,8492.0,8539.0,143400,0.0,0.0
2023-10-12 10:00:00+09:00,8533.0,8549.0,8496.0,8542.0,80200,0.0,0.0
2023-10-12 11:00:00+09:00,8540.0,8543.0,8508.0,8508.0,0,0.0,0.0
2023-10-12 12:00:00+09:00,8500.0,8558.0,8500.0,8539.0,369500,0.0,0.0
2023-10-12 13:00:00+09:00,8539.0,8546.0,8516.0,8516.0,102900,0.0,0.0
2023-10-12 14:00:00+09:00,8518.0,8567.0,8515.0,8537.0,135500,0.0,0.0
2023-10-13 09:00:00+09:00,8408.0,8493.0,8373.0,8479.0,416700,0.0,0.0
2023-10-13 10:00:00+09:00,8478.0,8544.0,8471.0,8516.0,55800,0.0,0.0
2023-10-13 11:00:00+09:00,8514.0,8533.0,8498.0,8498.0,0,0.0,0.0
2023-10-13 12:00:00+09:00,8463.0,8497.0,8463.0,8483.0,539400,0.0,0.0
2023-10-13 13:00:00+09:00,8486.0,8506.0,8462.0,8462.0,45100,0.0,0.0
2023-10-13 14:00:00+09:00,8463.0,8485.0,8453.0,8475.0,73300,0.0,0.0
2023-10-16 09:00:00+09:00,8382.0,8422.0,8295.0,8306.0,154400,0.0,0.0
2023-10-16 10:00:00+09:00,8311.0,8355.0,8291.0,8311.0,68800,0.0,0.0
2023-10-16 11:00:00+09:00,8310.0,8365.0,8291.0,8350.0,0,0.0,0.0
2023-10-16 12:00:00+09:00,8330.0,8364.0,8326.0,8353.0,304000,0.0,0.0
2023-10-16 13:00:00+09:00,8357.0,8373.0,8339.0,8372.0,44400,0.0,0.0
2023-10-16 14:00:00+09:00,8371.0,8372.0,8310.0,8346.0,99000,0.0,0.0
2023-10-17 09:00:00+09:00,8509.0,8509.0,8439.0,8457.0,108600,0.0,0.0
2023-10-17 10:00:00+09:00,8462.0,8467.0,8366.0,8377.0,64800,0.0,0.0
2023-10-17 11:00:00+09:00,8375.0,8376.0,8333.0,8350.0,0,0.0,0.0
2023-10-17 12:00:00+09:00,8386.0,8394.0,8363.0,8390.0,237400,0.0,0.0
2023-10-17 13:00:00+09:00,8387.0,8402.0,8345.0,8373.0,56800,0.0,0.0
2023-10-17 14:00:00+09:00,8373.0,8396.0,8355.0,8387.0,76200,0.0,0.0
2023-10-18 09:00:00+09:00,8450.0,8465.0,8390.0,8410.0,114000,0.0,0.0
2023-10-18 10:00:00+09:00,8406.0,8407.0,8360.0,8379.0,50000,0.0,0.0
2023-10-18 11:00:00+09:00,8382.0,8415.0,8371.0,8379.0,0,0.0,0.0
2023-10-18 12:00:00+09:00,8369.0,8383.0,8357.0,8379.0,215800,0.0,0.0
2023-10-18 13:00:00+09:00,8379.0,8403.0,8319.0,8319.0,91300,0.0,0.0
2023-10-18 14:00:00+09:00,8320.0,8345.0,8293.0,8345.0,146100,0.0,0.0
2023-10-19 09:00:00+09:00,8106.0,8152.0,8055.0,8113.0,236300,0.0,0.0
2023-10-19 10:00:00+09:00,8106.0,8111.0,8011.0,8013.0,150000,0.0,0.0
2023-10-19 11:00:00+09:00,8015.0,8038.0,8012.0,8012.0,0,0.0,0.0
2023-10-19 12:00:00+09:00,8001.0,8019.0,7985.0,8007.0,539500,0.0,0.0
2023-10-19 13:00:00+09:00,8009.0,8069.0,8007.0,8060.0,86100,0.0,0.0
2023-10-19 14:00:00+09:00,8061.0,8070.0,8018.0,8059.0,161500,0.0,0.0
2023-10-20 09:00:00+09:00,7990.0,8024.0,7920.0,7977.0,239800,0.0,0.0
2023-10-20 10:00:00+09:00,7974.0,8035.0,7965.0,8021.0,125700,0.0,0.0
2023-10-20 11:00:00+09:00,8017.0,8041.0,8012.0,8028.0,0,0.0,0.0
2023-10-20 12:00:00+09:00,8070.0,8086.0,8038.0,8038.0,492900,0.0,0.0
2023-10-20 13:00:00+09:00,8041.0,8070.0,8024.0,8048.0,88800,0.0,0.0
2023-10-20 14:00:00+09:00,8049.0,8077.0,8044.0,8076.0,198800,0.0,0.0
2023-10-23 09:00:00+09:00,8001.0,8006.0,7908.0,7957.0,174100,0.0,0.0
2023-10-23 10:00:00+09:00,7957.0,8003.0,7935.0,8001.0,92500,0.0,0.0
2023-10-23 11:00:00+09:00,7996.0,8008.0,7954.0,7954.0,0,0.0,0.0
2023-10-23 12:00:00+09:00,7970.0,7980.0,7926.0,7935.0,372500,0.0,0.0
2023-10-23 13:00:00+09:00,7935.0,7959.0,7911.0,7954.0,60100,0.0,0.0
2023-10-23 14:00:00+09:00,7951.0,7961.0,7928.0,7928.0,106200,0.0,0.0
2023-10-24 09:00:00+09:00,8020.0,8047.0,7835.0,7838.0,164800,0.0,0.0
2023-10-24 10:00:00+09:00,7840.0,7865.0,7752.0,7801.0,109200,0.0,0.0
2023-10-24 11:00:00+09:00,7800.0,7925.0,7796.0,7885.0,0,0.0,0.0
2023-10-24 12:00:00+09:00,7833.0,7877.0,7815.0,7845.0,416500,0.0,0.0
2023-10-24 13:00:00+09:00,7844.0,7930.0,7835.0,7925.0,75500,0.0,0.0
2023-10-24 14:00:00+09:00,7922.0,7960.0,7921.0,7943.0,120500,0.0,0.0
2023-10-25 09:00:00+09:00,7930.0,8104.0,7930.0,8063.0,218100,0.0,0.0
2023-10-25 10:00:00+09:00,8063.0,8094.0,8036.0,8065.0,91300,0.0,0.0
2023-10-25 11:00:00+09:00,8064.0,8084.0,8048.0,8082.0,0,0.0,0.0
2023-10-25 12:00:00+09:00,8051.0,8120.0,8051.0,8114.0,458200,0.0,0.0
2023-10-25 13:00:00+09:00,8112.0,8112.0,8049.0,8056.0,77700,0.0,0.0
2023-10-25 14:00:00+09:00,8055.0,8067.0,8001.0,8026.0,99500,0.0,0.0
2023-10-26 09:00:00+09:00,7903.0,7970.0,7863.0,7864.0,164800,0.0,0.0
2023-10-26 10:00:00+09:00,7866.0,7933.0,7863.0,7890.0,88900,0.0,0.0
2023-10-26 11:00:00+09:00,7890.0,7898.0,7839.0,7852.0,0,0.0,0.0
2023-10-26 12:00:00+09:00,7855.0,7951.0,7855.0,7898.0,447200,0.0,0.0
2023-10-26 13:00:00+09:00,7899.0,7930.0,7897.0,7916.0,87200,0.0,0.0
2023-10-26 14:00:00+09:00,7915.0,7925.0,7859.0,7884.0,129800,0.0,0.0
2023-10-27 09:00:00+09:00,7912.0,8009.0,7910.0,7961.0,185800,0.0,0.0
2023-10-27 10:00:00+09:00,7958.0,8012.0,7956.0,8000.0,75300,0.0,0.0
2023-10-27 11:00:00+09:00,8001.0,8066.0,8000.0,8058.0,0,0.0,0.0
2023-10-27 12:00:00+09:00,8031.0,8052.0,8022.0,8024.0,415100,0.0,0.0
2023-10-27 13:00:00+09:00,8026.0,8063.0,8003.0,8063.0,99700,0.0,0.0
2023-10-27 14:00:00+09:00,8060.0,8090.0,8029.0,8086.0,182800,0.0,0.0
2023-10-30 09:00:00+09:00,7927.0,7927.0,7813.0,7875.0,204000,0.0,0.0
2023-10-30 10:00:00+09:00,7878.0,7883.0,7824.0,7836.0,80700,0.0,0.0
2023-10-30 11:00:00+09:00,7837.0,7844.0,7808.0,7817.0,0,0.0,0.0
2023-10-30 12:00:00+09:00,7875.0,7910.0,7874.0,7900.0,399600,0.0,0.0
2023-10-30 13:00:00+09:00,7902.0,7919.0,7845.0,7845.0,95400,0.0,0.0
2023-10-30 14:00:00+09:00,7848.0,7920.0,7848.0,7909.0,165600,0.0,0.0
2023-10-31 09:00:00+09:00,7950.0,7960.0,7770.0,7834.0,225400,0.0,0.0
2023-10-31 10:00:00+09:00,7834.0,7836.0,7731.0,7736.0,104800,0.0,0.0
2023-10-31 11:00:00+09:00,7737.0,7738.0,7693.0,7735.0,0,0.0,0.0
2023-10-31 12:00:00+09:00,7774.0,7807.0,7701.0,7783.0,511800,0.0,0.0
2023-10-31 13:00:00+09:00,7783.0,7855.0,7774.0,7798.0,124600,0.0,0.0
2023-10-31 14:00:00+09:00,7794.0,7912.0,7784.0,7912.0,201700,0.0,0.0
2023-11-01 09:00:00+09:00,8480.0,8483.0,8282.0,8319.0,500900,0.0,0.0
2023-11-01 10:00:00+09:00,8322.0,8400.0,8297.0,8394.0,218900,0.0,0.0
2023-11-01 11:00:00+09:00,8394.0,8420.0,8364.0,8410.0,0,0.0,0.0
2023-11-01 12:00:00+09:00,8415.0,8483.0,8415.0,8458.0,966200,0.0,0.0
2023-11-01 13:00:00+09:00,8457.0,8472.0,8371.0,8394.0,149900,0.0,0.0
2023-11-01 14:00:00+09:00,8399.0,8465.0,8378.0,8421.0,206500,0.0,0.0
2023-11-02 09:00:00+09:00,8597.0,8637.0,8495.0,8623.0,393300,0.0,0.0
2023-11-02 10:00:00+09:00,8627.0,8686.0,8564.0,8683.0,204600,0.0,0.0
2023-11-02 11:00:00+09:00,8684.0,8706.0,8608.0,8631.0,0,0.0,0.0
2023-11-02 12:00:00+09:00,8600.0,8625.0,8584.0,8608.0,837700,0.0,0.0
2023-11-02 13:00:00+09:00,8608.0,8612.0,8511.0,8591.0,168700,0.0,0.0
2023-11-02 14:00:00+09:00,8592.0,8628.0,8570.0,8600.0,205700,0.0,0.0
2023-11-06 09:00:00+09:00,8880.0,8960.0,8823.0,8928.0,268000,0.0,0.0
2023-11-06 10:00:00+09:00,8927.0,8955.0,8921.0,8923.0,100000,0.0,0.0
2023-11-06 11:00:00+09:00,8925.0,8932.0,8860.0,8860.0,0,0.0,0.0
2023-11-06 12:00:00+09:00,8855.0,8926.0,8841.0,8914.0,484000,0.0,0.0
2023-11-06 13:00:00+09:00,8919.0,8946.0,8899.0,8925.0,83100,0.0,0.0
2023-11-06 14:00:00+09:00,8927.0,8961.0,8913.0,8945.0,147000,0.0,0.0
2023-11-07 09:00:00+09:00,8869.0,8970.0,8863.0,8905.0,184300,0.0,0.0
2023-11-07 10:00:00+09:00,8899.0,8907.0,8834.0,8848.0,108700,0.0,0.0
2023-11-07 11:00:00+09:00,8848.0,8852.0,8830.0,8837.0,0,0.0,0.0
2023-11-07 12:00:00+09:00,8831.0,8848.0,8781.0,8794.0,437800,0.0,0.0
2023-11-07 13:00:00+09:00,8791.0,8820.0,8781.0,8792.0,72400,0.0,0.0
2023-11-07 14:00:00+09:00,8793.0,8813.0,8780.0,8780.0,116000,0.0,0.0
2023-11-08 09:00:00+09:00,8932.0,8949.0,8775.0,8794.0,214700,0.0,0.0
2023-11-08 10:00:00+09:00,8793.0,8805.0,8696.0,8701.0,114200,0.0,0.0
2023-11-08 11:00:00+09:00,8700.0,8720.0,8688.0,8706.0,0,0.0,0.0
2023-11-08 12:00:00+09:00,8680.0,8694.0,8503.0,8522.0,489900,0.0,0.0
2023-11-08 13:00:00+09:00,8525.0,8627.0,8519.0,8609.0,93700,0.0,0.0
2023-11-08 14:00:00+09:00,8610.0,8626.0,8553.0,8558.0,171000,0.0,0.0
2023-11-09 09:00:00+09:00,8544.0,8650.0,8499.0,8528.0,172900,0.0,0.0
2023-11-09 10:00:00+09:00,8533.0,8563.0,8523.0,8533.0,86700,0.0,0.0
2023-11-09 11:00:00+09:00,8535.0,8548.0,8521.0,8548.0,0,0.0,0.0
2023-11-09 12:00:00+09:00,8528.0,8561.0,8510.0,8553.0,348700,0.0,0.0
2023-11-09 13:00:00+09:00,8553.0,8621.0,8532.0,8618.0,57500,0.0,0.0
2023-11-09 14:00:00+09:00,8619.0,8658.0,8612.0,8613.0,111600,0.0,0.0
2023-11-10 09:00:00+09:00,8481.0,8629.0,8479.0,8600.0,312500,0.0,0.0
2023-11-10 10:00:00+09:00,8599.0,8625.0,8587.0,8590.0,40800,0.0,0.0
2023-11-10 11:00:00+09:00,8590.0,8641.0,8568.0,8612.0,0,0.0,0.0
2023-11-10 12:00:00+09:00,8607.0,8621.0,8603.0,8614.0,418300,0.0,0.0
2023-11-10 13:00:00+09:00,8612.0,8671.0,8611.0,8654.0,51600,0.0,0.0
2023-11-10 14:00:00+09:00,8656.0,8685.0,8643.0,8678.0,71200,0.0,0.0
2023-11-13 09:00:00+09:00,8748.0,8749.0,8604.0,8627.0,0,0.0,0.0
2023-11-13 10:00:00+09:00,8629.0,8655.0,8607.0,8630.0,86200,0.0,0.0
2023-11-13 11:00:00+09:00,8631.0,8676.0,8623.0,8642.0,0,0.0,0.0
2023-11-13 12:00:00+09:00,8607.0,8613.0,8568.0,8582.0,374000,0.0,0.0
2023-11-13 13:00:00+09:00,8581.0,8604.0,8561.0,8561.0,51500,0.0,0.0
2023-11-13 14:00:00+09:00,8562.0,8584.0,8541.0,8567.0,96700,0.0,0.0
2023-11-14 09:00:00+09:00,8563.0,8654.0,8563.0,8571.0,122600,0.0,0.0
2023-11-14 10:00:00+09:00,8573.0,8652.0,8557.0,8652.0,95800,0.0,0.0
2023-11-14 11:00:00+09:00,8651.0,8654.0,8575.0,8575.0,0,0.0,0.0
2023-11-14 12:00:00+09:00,8558.0,8602.0,8555.0,8599.0,326600,0.0,0.0
2023-11-14 13:00:00+09:00,8598.0,8606.0,8568.0,8584.0,36600,0.0,0.0
2023-11-14 14:00:00+09:00,8584.0,8586.0,8553.0,8573.0,70700,0.0,0.0
2023-11-15 09:00:00+09:00,8696.0,8708.0,8613.0,8674.0,231000,0.0,0.0
2023-11-15 10:00:00+09:00,8673.0,8688.0,8639.0,8654.0,55400,0.0,0.0
2023-11-15 11:00:00+09:00,8655.0,8665.0,8631.0,8648.0,0,0.0,0.0
2023-11-15 12:00:00+09:00,8679.0,8688.0,8648.0,8669.0,361100,0.0,0.0
2023-11-15 13:00:00+09:00,8668.0,8680.0,8650.0,8654.0,52900,0.0,0.0
2023-11-15 14:00:00+09:00,8653.0,8693.0,8644.0,8678.0,107700,0.0,0.0
2023-11-16 09:00:00+09:00,8613.0,8761.0,8597.0,8665.0,151600,0.0,0.0
2023-11-16 10:00:00+09:00,8665.0,8670.0,8613.0,8613.0,57800,0.0,0.0
2023-11-16 11:00:00+09:00,8613.0,8617.0,8591.0,8601.0,0,0.0,0.0
2023-11-16 12:00:00+09:00,8597.0,8611.0,8570.0,8575.0,253300,0.0,0.0
2023-11-16 13:00:00+09:00,8573.0,8617.0,8571.0,8617.0,32600,0.0,0.0
2023-11-16 14:00:00+09:00,8618.0,8656.0,8615.0,8625.0,70700,0.0,0.0
2023-11-17 09:00:00+09:00,8648.0,8654.0,8526.0,8604.0,151600,0.0,0.0
2023-11-17 10:00:00+09:00,8600.0,8632.0,8574.0,8619.0,59300,0.0,0.0
2023-11-17 11:00:00+09:00,8622.0,8639.0,8614.0,8619.0,0,0.0,0.0
2023-11-17 12:00:00+09:00,8610.0,8656.0,8610.0,8656.0,280000,0.0,0.0
2023-11-17 13:00:00+09:00,8655.0,8666.0,8648.0,8666.0,46000,0.0,0.0
2023-11-17 14:00:00+09:00,8664.0,8725.0,8664.0,8725.0,107500,0.0,0.0
2023-11-20 09:00:00+09:00,8681.0,8759.0,8653.0,8690.0,128000,0.0,0.0
2023-11-20 10:00:00+09:00,8687.0,8698.0,8614.0,8653.0,63700,0.0,0.0
2023-11-20 11:00:00+09:00,8659.0,8671.0,8610.0,8615.0,0,0.0,0.0
2023-11-20 12:00:00+09:00,8615.0,8615.0,8529.0,8529.0,274500,0.0,0.0
2023-11-20 13:00:00+09:00,8529.0,8545.0,8506.0,8520.0,73300,0.0,0.0
2023-11-20 14:00:00+09:00,8520.0,8528.0,8485.0,8485.0,115100,0.0,0.0
2023-11-21 09:00:00+09:00,8450.0,8495.0,8374.0,8398.0,164400,0.0,0.0
2023-11-21 10:00:00+09:00,8395.0,8418.0,8359.0,8407.0,93400,0.0,0.0
2023-11-21 11:00:00+09:00,8411.0,8425.0,8386.0,8386.0,0,0.0,0.0
2023-11-21 12:00:00+09:00,8392.0,8411.0,8375.0,8375.0,348800,0.0,0.0
2023-11-21 13:00:00+09:00,8372.0,8393.0,8354.0,8364.0,55500,0.0,0.0
2023-11-21 14:00:00+09:00,8365.0,8382.0,8345.0,8345.0,132000,0.0,0.0
2023-11-22 09:00:00+09:00,8355.0,8464.0,8316.0,8404.0,158100,0.0,0.0
2023-11-22 10:00:00+09:00,8404.0,8453.0,8404.0,8447.0,60300,0.0,0.0
2023-11-22 11:00:00+09:00,8448.0,8469.0,8431.0,8463.0,0,0.0,0.0
2023-11-22 12:00:00+09:00,8450.0,8465.0,8417.0,8420.0,288100,0.0,0.0
2023-11-22 13:00:00+09:00,8418.0,8418.0,8389.0,8416.0,38300,0.0,0.0
2023-11-22 14:00:00+09:00,8415.0,8429.0,8385.0,8406.0,72700,0.0,0.0
2023-11-24 09:00:00+09:00,8522.0,8532.0,8443.0,8479.0,130400,0.0,0.0
2023-11-24 10:00:00+09:00,8479.0,8509.0,8454.0,8507.0,62200,0.0,0.0
2023-11-24 11:00:00+09:00,8506.0,8507.0,8487.0,8494.0,0,0.0,0.0
2023-11-24 12:00:00+09:00,8487.0,8516.0,8469.0,8515.0,252600,0.0,0.0
2023-11-24 13:00:00+09:00,8516.0,8524.0,8499.0,8508.0,61700,0.0,0.0
2023-11-24 14:00:00+09:00,8506.0,8520.0,8492.0,8520.0,105600,0.0,0.0
2023-11-27 09:00:00+09:00,8511.0,8518.0,8457.0,8492.0,115700,0.0,0.0
2023-11-27 10:00:00+09:00,8493.0,8493.0,8407.0,8413.0,67800,0.0,0.0
2023-11-27 11:00:00+09:00,8414.0,8433.0,8414.0,8431.0,0,0.0,0.0
2023-11-27 12:00:00+09:00,8418.0,8428.0,8410.0,8426.0,255900,0.0,0.0
2023-11-27 13:00:00+09:00,8425.0,8452.0,8422.0,8449.0,49200,0.0,0.0
2023-11-27 14:00:00+09:00,8450.0,8450.0,8426.0,8440.0,78500,0.0,0.0
2023-11-28 09:00:00+09:00,8431.0,8449.0,8312.0,8313.0,178900,0.0,0.0
2023-11-28 10:00:00+09:00,8315.0,8335.0,8285.0,8291.0,126300,0.0,0.0
2023-11-28 11:00:00+09:00,8292.0,8315.0,8290.0,8290.0,0,0.0,0.0
2023-11-28 12:00:00+09:00,8300.0,8308.0,8290.0,8296.0,431100,0.0,0.0
2023-11-28 13:00:00+09:00,8298.0,8305.0,8270.0,8304.0,97200,0.0,0.0
2023-11-28 14:00:00+09:00,8304.0,8329.0,8276.0,8313.0,188300,0.0,0.0
2023-11-29 09:00:00+09:00,8250.0,8285.0,8111.0,8125.0,281000,0.0,0.0
2023-11-29 10:00:00+09:00,8120.0,8228.0,8120.0,8182.0,149100,0.0,0.0
2023-11-29 11:00:00+09:00,8184.0,8224.0,8184.0,8204.0,0,0.0,0.0
2023-11-29 12:00:00+09:00,8200.0,8219.0,8187.0,8195.0,565600,0.0,0.0
2023-11-29 13:00:00+09:00,8194.0,8200.0,8153.0,8155.0,103900,0.0,0.0
2023-11-29 14:00:00+09:00,8155.0,8158.0,8113.0,8135.0,172100,0.0,0.0
2023-11-30 09:00:00+09:00,8080.0,8122.0,8039.0,8101.0,264800,0.0,0.0
2023-11-30 10:00:00+09:00,8103.0,8104.0,8062.0,8083.0,96200,0.0,0.0
2023-11-30 11:00:00+09:00,8082.0,8160.0,8082.0,8123.0,0,0.0,0.0
2023-11-30 12:00:00+09:00,8123.0,8178.0,8123.0,8149.0,498500,0.0,0.0
2023-11-30 13:00:00+09:00,8150.0,8170.0,8125.0,8159.0,83000,0.0,0.0
2023-11-30 14:00:00+09:00,8160.0,8201.0,8154.0,8195.0,161600,0.0,0.0
2023-12-01 09:00:00+09:00,8281.0,8291.0,8194.0,8244.0,123600,0.0,0.0
2023-12-01 10:00:00+09:00,8240.0,8256.0,8222.0,8235.0,68300,0.0,0.0
2023-12-01 11:00:00+09:00,8231.0,8252.0,8227.0,8252.0,0,0.0,0.0
2023-12-01 12:00:00+09:00,8256.0,8265.0,8222.0,8235.0,284300,0.0,0.0
2023-12-01 13:00:00+09:00,8233.0,8251.0,8218.0,8222.0,47900,0.0,0.0
2023-12-01 14:00:00+09:00,8222.0,8240.0,8201.0,8240.0,103000,0.0,0.0
2023-12-04 09:00:00+09:00,8151.0,8195.0,8075.0,8188.0,180200,0.0,0.0
2023-12-04 10:00:00+09:00,8184.0,8231.0,8166.0,8218.0,95500,0.0,0.0
2023-12-04 11:00:00+09:00,8216.0,8216.0,8172.0,8173.0,0,0.0,0.0
2023-12-04 12:00:00+09:00,8166.0,8180.0,8154.0,8178.0,367900,0.0,0.0
2023-12-04 13:00:00+09:00,8181.0,8208.0,8169.0,8202.0,61200,0.0,0.0
2023-12-04 14:00:00+09:00,8204.0,8204.0,8153.0,8173.0,99900,0.0,0.0
2023-12-05 09:00:00+09:00,8207.0,8275.0,8189.0,8234.0,154300,0.0,0.0
2023-12-05 10:00:00+09:00,8235.0,8265.0,8176.0,8233.0,78000,0.0,0.0
2023-12-05 11:00:00+09:00,8235.0,8263.0,8233.0,8244.0,0,0.0,0.0
2023-12-05 12:00:00+09:00,8264.0,8264.0,8241.0,8257.0,325100,0.0,0.0
2023-12-05 13:00:00+09:00,8259.0,8287.0,8257.0,8278.0,63600,0.0,0.0
2023-12-05 14:00:00+09:00,8278.0,8300.0,8270.0,8300.0,123700,0.0,0.0
2023-12-06 09:00:00+09:00,8319.0,8500.0,8306.0,8475.0,211400,0.0,0.0
2023-12-06 10:00:00+09:00,8474.0,8484.0,8435.0,8446.0,67000,0.0,0.0
2023-12-06 11:00:00+09:00,8447.0,8461.0,8445.0,8457.0,0,0.0,0.0
2023-12-06 12:00:00+09:00,8460.0,8493.0,8454.0,8490.0,372300,0.0,0.0
2023-12-06 13:00:00+09:00,8491.0,8509.0,8475.0,8502.0,74300,0.0,0.0
2023-12-06 14:00:00+09:00,8502.0,8535.0,8497.0,8521.0,107900,0.0,0.0
2023-12-07 09:00:00+09:00,8537.0,8602.0,8507.0,8553.0,220700,0.0,0.0
2023-12-07 10:00:00+09:00,8554.0,8556.0,8448.0,8455.0,103900,0.0,0.0
2023-12-07 11:00:00+09:00,8452.0,8485.0,8446.0,8476.0,0,0.0,0.0
2023-12-07 12:00:00+09:00,8456.0,8492.0,8451.0,8489.0,432600,0.0,0.0
2023-12-07 13:00:00+09:00,8490.0,8502.0,8477.0,8496.0,63800,0.0,0.0
2023-12-07 14:00:00+09:00,8497.0,8531.0,8482.0,8531.0,134200,0.0,0.0
2023-12-08 09:00:00+09:00,8380.0,8380.0,8160.0,8174.0,567800,0.0,0.0
2023-12-08 10:00:00+09:00,8174.0,8174.0,8055.0,8057.0,166900,0.0,0.0
2023-12-08 11:00:00+09:00,8056.0,8073.0,8042.0,8069.0,0,0.0,0.0
2023-12-08 12:00:00+09:00,8072.0,8112.0,8065.0,8090.0,909600,0.0,0.0
2023-12-08 13:00:00+09:00,8089.0,8122.0,8055.0,8056.0,97700,0.0,0.0
2023-12-08 14:00:00+09:00,8058.0,8100.0,8037.0,8093.0,213800,0.0,0.0
2023-12-11 09:00:00+09:00,8258.0,8388.0,8231.0,8305.0,210700,0.0,0.0
2023-12-11 10:00:00+09:00,8309.0,8334.0,8287.0,8318.0,80600,0.0,0.0
2023-12-11 11:00:00+09:00,8317.0,8338.0,8312.0,8315.0,0,0.0,0.0
2023-12-11 12:00:00+09:00,8315.0,8319.0,8274.0,8283.0,364600,0.0,0.0
2023-12-11 13:00:00+09:00,8284.0,8337.0,8284.0,8334.0,75300,0.0,0.0
2023-12-11 14:00:00+09:00,8335.0,8372.0,8320.0,8369.0,125400,0.0,0.0
2023-12-12 09:00:00+09:00,8400.0,8400.0,8300.0,8316.0,160700,0.0,0.0
2023-12-12 10:00:00+09:00,8318.0,8362.0,8283.0,8337.0,87800,0.0,0.0
2023-12-12 11:00:00+09:00,8337.0,8346.0,8310.0,8324.0,0,0.0,0.0
2023-12-12 12:00:00+09:00,8309.0,8327.0,8289.0,8295.0,338200,0.0,0.0
2023-12-12 13:00:00+09:00,8298.0,8298.0,8270.0,8282.0,66200,0.0,0.0
2023-12-12 14:00:00+09:00,8281.0,8297.0,8258.0,8285.0,84400,0.0,0.0
2023-12-13 09:00:00+09:00,8268.0,8279.0,8128.0,8166.0,162700,0.0,0.0
2023-12-13 10:00:00+09:00,8162.0,8164.0,8090.0,8112.0,96100,0.0,0.0
2023-12-13 11:00:00+09:00,8109.0,8140.0,8099.0,8105.0,0,0.0,0.0
2023-12-13 12:00:00+09:00,8116.0,8142.0,8110.0,8132.0,339400,0.0,0.0
2023-12-13 13:00:00+09:00,8133.0,8158.0,8110.0,8154.0,71200,0.0,0.0
2023-12-13 14:00:00+09:00,8155.0,8178.0,8142.0,8148.0,111400,0.0,0.0
2023-12-14 09:00:00+09:00,8110.0,8130.0,7924.0,7932.0,280400,0.0,0.0
2023-12-14 10:00:00+09:00,7933.0,7961.0,7918.0,7945.0,128200,0.0,0.0
2023-12-14 11:00:00+09:00,7947.0,7970.0,7927.0,7930.0,0,0.0,0.0
2023-12-14 12:00:00+09:00,7906.0,7920.0,7850.0,7855.0,580600,0.0,0.0
2023-12-14 13:00:00+09:00,7852.0,7897.0,7845.0,7889.0,117100,0.0,0.0
2023-12-14 14:00:00+09:00,7889.0,7908.0,7882.0,7898.0,171400,0.0,0.0
2023-12-15 09:00:00+09:00,7985.0,8069.0,7954.0,8064.0,242700,0.0,0.0
2023-12-15 10:00:00+09:00,8065.0,8142.0,8050.0,8117.0,119200,0.0,0.0
2023-12-15 11:00:00+09:00,8120.0,8156.0,8118.0,8134.0,0,0.0,0.0
2023-12-15 12:00:00+09:00,8124.0,8156.0,8119.0,8156.0,504600,0.0,0.0
2023-12-15 13:00:00+09:00,8156.0,8177.0,8142.0,8156.0,98700,0.0,0.0
2023-12-15 14:00:00+09:00,8154.0,8212.0,8147.0,8194.0,232800,0.0,0.0
2023-12-18 09:00:00+09:00,8283.0,8349.0,8194.0,8195.0,276500,0.0,0.0
2023-12-18 10:00:00+09:00,8196.0,8222.0,8174.0,8193.0,100700,0.0,0.0
2023-12-18 11:00:00+09:00,8194.0,8228.0,8188.0,8217.0,0,0.0,0.0
2023-12-18 12:00:00+09:00,8181.0,8307.0,8181.0,8307.0,495200,0.0,0.0
2023-12-18 13:00:00+09:00,8307.0,8369.0,8302.0,8355.0,167500,0.0,0.0
2023-12-18 14:00:00+09:00,8355.0,8412.0,8347.0,8398.0,273700,0.0,0.0
2023-12-19 09:00:00+09:00,8335.0,8335.0,8234.0,8312.0,174100,0.0,0.0
2023-12-19 10:00:00+09:00,8308.0,8315.0,8285.0,8308.0,53500,0.0,0.0
2023-12-19 11:00:00+09:00,8306.0,8337.0,8303.0,8325.0,0,0.0,0.0
2023-12-19 12:00:00+09:00,8415.0,8464.0,8407.0,8419.0,366900,0.0,0.0
2023-12-19 13:00:00+09:00,8413.0,8416.0,8351.0,8369.0,71800,0.0,0.0
2023-12-19 14:00:00+09:00,8368.0,8435.0,8355.0,8435.0,133100,0.0,0.0
2023-12-20 09:00:00+09:00,8533.0,8644.0,8491.0,8617.0,231500,0.0,0.0
2023-12-20 10:00:00+09:00,8617.0,8662.0,8585.0,8650.0,110100,0.0,0.0
2023-12-20 11:00:00+09:00,8649.0,8651.0,8613.0,8629.0,0,0.0,0.0
2023-12-20 12:00:00+09:00,8635.0,8695.0,8632.0,8690.0,458900,0.0,0.0
2023-12-20 13:00:00+09:00,8689.0,8699.0,8619.0,8628.0,107100,0.0,0.0
2023-12-20 14:00:00+09:00,8630.0,8660.0,8617.0,8617.0,113900,0.0,0.0
2023-12-21 09:00:00+09:00,8441.0,8466.0,8353.0,8373.0,172100,0.0,0.0
2023-12-21 10:00:00+09:00,8371.0,8396.0,8342.0,8380.0,97800,0.0,0.0
2023-12-21 11:00:00+09:00,8380.0,8380.0,8341.0,8356.0,0,0.0,0.0
2023-12-21 12:00:00+09:00,8345.0,8366.0,8313.0,8319.0,363400,0.0,0.0
2023-12-21 13:00:00+09:00,8317.0,8346.0,8314.0,8321.0,53900,0.0,0.0
2023-12-21 14:00:00+09:00,8321.0,8339.0,8311.0,8312.0,100800,0.0,0.0
2023-12-22 09:00:00+09:00,8293.0,8399.0,8293.0,8362.0,102400,0.0,0.0
2023-12-22 10:00:00+09:00,8364.0,8366.0,8329.0,8344.0,32600,0.0,0.0
2023-12-22 11:00:00+09:00,8344.0,8367.0,8344.0,8356.0,0,0.0,0.0
2023-12-22 12:00:00+09:00,8360.0,8368.0,8345.0,8355.0,172900,0.0,0.0
2023-12-22 13:00:00+09:00,8353.0,8358.0,8330.0,8341.0,23200,0.0,0.0
2023-12-22 14:00:00+09:00,8340.0,8368.0,8333.0,8333.0,45300,0.0,0.0
2023-12-25 09:00:00+09:00,8431.0,8431.0,8355.0,8374.0,91000,0.0,0.0
2023-12-25 10:00:00+09:00,8375.0,8388.0,8329.0,8340.0,26800,0.0,0.0
2023-12-25 11:00:00+09:00,8342.0,8345.0,8326.0,8328.0,0,0.0,0.0
2023-12-25 12:00:00+09:00,8327.0,8357.0,8327.0,8355.0,144900,0.0,0.0
2023-12-25 13:00:00+09:00,8357.0,8365.0,8337.0,8357.0,15500,0.0,0.0
2023-12-25 14:00:00+09:00,8357.0,8365.0,8342.0,8365.0,35700,0.0,0.0
2023-12-26 09:00:00+09:00,8411.0,8430.0,8375.0,8421.0,65000,0.0,0.0
2023-12-26 10:00:00+09:00,8419.0,8420.0,8347.0,8383.0,28400,0.0,0.0
2023-12-26 11:00:00+09:00,8384.0,8393.0,8366.0,8382.0,0,0.0,0.0
2023-12-26 12:00:00+09:00,8370.0,8377.0,8332.0,8337.0,124000,0.0,0.0
2023-12-26 13:00:00+09:00,8334.0,8340.0,8318.0,8337.0,23000,0.0,0.0
2023-12-26 14:00:00+09:00,8338.0,8358.0,8331.0,8342.0,42800,0.0,0.0
2023-12-27 09:00:00+09:00,8425.0,8429.0,8387.0,8426.0,88700,0.0,0.0
2023-12-27 10:00:00+09:00,8424.0,8468.0,8410.0,8423.0,53900,0.0,0.0
2023-12-27 11:00:00+09:00,8425.0,8451.0,8411.0,8411.0,0,0.0,0.0
2023-12-27 12:00:00+09:00,8388.0,8438.0,8388.0,8435.0,202400,0.0,0.0
2023-12-27 13:00:00+09:00,8435.0,8435.0,8412.0,8416.0,37600,0.0,0.0
2023-12-27 14:00:00+09:00,8418.0,8435.0,8399.0,8407.0,78900,0.0,0.0
2023-12-28 09:00:00+09:00,8306.0,8383.0,8301.0,8349.0,86200,0.0,0.0
2023-12-28 10:00:00+09:00,8348.0,8361.0,8331.0,8333.0,49800,0.0,0.0
2023-12-28 11:00:00+09:00,8333.0,8336.0,8317.0,8332.0,0,0.0,0.0
2023-12-28 12:00:00+09:00,8332.0,8342.0,8322.0,8332.0,182300,0.0,0.0
2023-12-28 13:00:00+09:00,8331.0,8340.0,8319.0,8330.0,39300,0.0,0.0
2023-12-28 14:00:00+09:00,8330.0,8331.0,8301.0,8320.0,85700,0.0,0.0
2023-12-29 09:00:00+09:00,8300.0,8372.0,8298.0,8321.0,111500,0.0,0.0
2023-12-29 10:00:00+09:00,8321.0,8325.0,8286.0,8318.0,64900,0.0,0.0
2023-12-29 11:00:00+09:00,8314.0,8326.0,8296.0,8319.0,0,0.0,0.0
2023-12-29 12:00:00+09:00,8310.0,8310.0,8287.0,8292.0,239300,0.0,0.0
2023-12-29 13:00:00+09:00,8293.0,8293.0,8242.0,8267.0,59500,0.0,0.0
2023-12-29 14:00:00+09:00,8266.0,8300.0,8242.0,8300.0,113600,0.0,0.0
2024-01-04 09:00:00+09:00,8297.0,8342.0,8174.0,8333.0,175200,0.0,0.0
2024-01-04 10:00:00+09:00,8334.0,8438.0,8328.0,8429.0,120300,0.0,0.0
2024-01-04 11:00:00+09:00,8429.0,8457.0,8424.0,8450.0,0,0.0,0.0
2024-01-04 12:00:00+09:00,8478.0,8539.0,8464.0,8535.0,428900,0.0,0.0
2024-01-04 13:00:00+09:00,8535.0,8585.0,8528.0,8579.0,124500,0.0,0.0
2024-01-04 14:00:00+09:00,8577.0,8588.0,8558.0,8571.0,198700,0.0,0.0
2024-01-05 09:00:00+09:00,8724.0,8825.0,8724.0,8776.0,299400,0.0,0.0
2024-01-05 10:00:00+09:00,8776.0,8850.0,8758.0,8849.0,124200,0.0,0.0
2024-01-05 11:00:00+09:00,8848.0,8860.0,8829.0,8853.0,0,0.0,0.0
2024-01-05 12:00:00+09:00,8869.0,8904.0,8854.0,8855.0,586600,0.0,0.0
2024-01-05 13:00:00+09:00,8855.0,8867.0,8826.0,8826.0,92700,0.0,0.0
2024-01-05 14:00:00+09:00,8828.0,8853.0,8798.0,8816.0,134300,0.0,0.0
2024-01-09 09:00:00+09:00,8979.0,9027.0,8844.0,8875.0,289400,0.0,0.0
2024-01-09 10:00:00+09:00,8879.0,8884.0,8776.0,8778.0,115400,0.0,0.0
2024-01-09 11:00:00+09:00,8778.0,8836.0,8778.0,8836.0,0,0.0,0.0
2024-01-09 12:00:00+09:00,8828.0,8836.0,8811.0,8824.0,509800,0.0,0.0
2024-01-09 13:00:00+09:00,8824.0,8828.0,8767.0,8787.0,92600,0.0,0.0
2024-01-09 14:00:00+09:00,8784.0,8818.0,8784.0,8795.0,107400,0.0,0.0
2024-01-10 09:00:00+09:00,8880.0,9023.0,8862.0,9012.0,251900,0.0,0.0
2024-01-10 10:00:00+09:00,9011.0,9066.0,9008.0,9050.0,160400,0.0,0.0
2024-01-10 11:00:00+09:00,9047.0,9076.0,9041.0,9042.0,0,0.0,0.0
2024-01-10 12:00:00+09:00,9023.0,9036.0,8977.0,9027.0,594500,0.0,0.0
2024-01-10 13:00:00+09:00,9031.0,9078.0,9028.0,9060.0,109000,0.0,0.0
2024-01-10 14:00:00+09:00,9063.0,9080.0,9040.0,9056.0,161200,0.0,0.0
2024-01-11 09:00:00+09:00,9278.0,9378.0,9264.0,9338.0,373000,0.0,0.0
2024-01-11 10:00:00+09:00,9343.0,9394.0,9339.0,9350.0,158900,0.0,0.0
2024-01-11 11:00:00+09:00,9350.0,9374.0,9333.0,9353.0,0,0.0,0.0
2024-01-11 12:00:00+09:00,9353.0,9373.0,9339.0,9359.0,670800,0.0,0.0
2024-01-11 13:00:00+09:00,9362.0,9365.0,9323.0,9324.0,112000,0.0,0.0
2024-01-11 14:00:00+09:00,9324.0,9342.0,9317.0,9326.0,147800,0.0,0.0
2024-01-12 09:00:00+09:00,9615.0,9615.0,9290.0,9301.0,0,0.0,0.0
2024-01-12 10:00:00+09:00,9299.0,9333.0,9295.0,9317.0,121900,0.0,0.0
2024-01-12 11:00:00+09:00,9319.0,9346.0,9314.0,9321.0,0,0.0,0.0
2024-01-12 12:00:00+09:00,9344.0,9345.0,9321.0,9330.0,885000,0.0,0.0
2024-01-12 13:00:00+09:00,9329.0,9331.0,9301.0,9311.0,59200,0.0,0.0
2024-01-12 14:00:00+09:00,9313.0,9356.0,9301.0,9322.0,162500,0.0,0.0
2024-01-15 09:00:00+09:00,9446.0,9575.0,9443.0,9566.0,177100,0.0,0.0
2024-01-15 10:00:00+09:00,9568.0,9622.0,9563.0,9584.0,94300,0.0,0.0
2024-01-15 11:00:00+09:00,9585.0,9600.0,9567.0,9600.0,0,0.0,0.0
2024-01-15 12:00:00+09:00,9620.0,9729.0,9616.0,9723.0,401800,0.0,0.0
2024-01-15 13:00:00+09:00,9724.0,9724.0,9665.0,9700.0,102700,0.0,0.0
2024-01-15 14:00:00+09:00,9700.0,9720.0,9680.0,9701.0,159100,0.0,0.0
2024-01-16 09:00:00+09:00,9600.0,9625.0,9486.0,9487.0,183800,0.0,0.0
2024-01-16 10:00:00+09:00,9485.0,9499.0,9425.0,9463.0,93700,0.0,0.0
2024-01-16 11:00:00+09:00,9462.0,9534.0,9460.0,9527.0,0,0.0,0.0
2024-01-16 12:00:00+09:00,9488.0,9488.0,9403.0,9415.0,404600,0.0,0.0
2024-01-16 13:00:00+09:00,9416.0,9443.0,9392.0,9415.0,97300,0.0,0.0
2024-01-16 14:00:00+09:00,9413.0,9417.0,9384.0,9384.0,137400,0.0,0.0
2024-01-17 09:00:00+09:00,9566.0,9714.0,9566.0,9712.0,335800,0.0,0.0
2024-01-17 10:00:00+09:00,9714.0,9793.0,9652.0,9667.0,207000,0.0,0.0
2024-01-17 11:00:00+09:00,9670.0,9705.0,9618.0,9660.0,0,0.0,0.0
2024-01-17 12:00:00+09:00,9640.0,9660.0,9560.0,9572.0,829400,0.0,0.0
2024-01-17 13:00:00+09:00,9574.0,9652.0,9572.0,9648.0,110200,0.0,0.0
2024-01-17 14:00:00+09:00,9647.0,9655.0,9557.0,9557.0,190400,0.0,0.0
2024-01-18 09:00:00+09:00,9505.0,9707.0,9505.0,9620.0,206800,0.0,0.0
2024-01-18 10:00:00+09:00,9617.0,9643.0,9571.0,9643.0,105200,0.0,0.0
2024-01-18 11:00:00+09:00,9642.0,9642.0,9601.0,9604.0,0,0.0,0.0
2024-01-18 12:00:00+09:00,9610.0,9619.0,9598.0,9603.0,387800,0.0,0.0
2024-01-18 13:00:00+09:00,9602.0,9602.0,9568.0,9585.0,110800,0.0,0.0
2024-01-18 14:00:00+09:00,9583.0,9610.0,9580.0,9584.0,113400,0.0,0.0
2024-01-19 09:00:00+09:00,9792.0,9830.0,9636.0,9658.0,248900,0.0,0.0
2024-01-19 10:00:00+09:00,9659.0,9687.0,9650.0,9673.0,75000,0.0,0.0
2024-01-19 11:00:00+09:00,9673.0,9673.0,9645.0,9652.0,0,0.0,0.0
2024-01-19 12:00:00+09:00,9642.0,9650.0,9591.0,9595.0,422500,0.0,0.0
2024-01-19 13:00:00+09:00,9597.0,9611.0,9567.0,9572.0,81200,0.0,0.0
2024-01-19 14:00:00+09:00,9573.0,9617.0,9573.0,9613.0,111800,0.0,0.0
2024-01-22 09:00:00+09:00,9727.0,9727.0,9606.0,9684.0,0,0.0,0.0
2024-01-22 10:00:00+09:00,9687.0,9695.0,9655.0,9663.0,47100,0.0,0.0
2024-01-22 11:00:00+09:00,9662.0,9691.0,9657.0,9690.0,0,0.0,0.0
2024-01-22 12:00:00+09:00,9672.0,9697.0,9668.0,9685.0,248600,0.0,0.0
2024-01-22 13:00:00+09:00,9685.0,9719.0,9679.0,9715.0,57700,0.0,0.0
2024-01-22 14:00:00+09:00,9715.0,9766.0,9712.0,9756.0,99900,0.0,0.0
2024-01-23 09:00:00+09:00,9734.0,9828.0,9734.0,9745.0,114400,0.0,0.0
2024-01-23 10:00:00+09:00,9744.0,9746.0,9690.0,9713.0,61600,0.0,0.0
2024-01-23 11:00:00+09:00,9717.0,9730.0,9701.0,9717.0,0,0.0,0.0
2024-01-23 12:00:00+09:00,9746.0,9763.0,9655.0,9671.0,311400,0.0,0.0
2024-01-23 13:00:00+09:00,9666.0,9760.0,9666.0,9744.0,100200,0.0,0.0
2024-01-23 14:00:00+09:00,9742.0,9760.0,9700.0,9743.0,137200,0.0,0.0
2024-01-24 09:00:00+09:00,9655.0,9721.0,9605.0,9655.0,216000,0.0,0.0
2024-01-24 10:00:00+09:00,9653.0,9665.0,9611.0,9616.0,93600,0.0,0.0
2024-01-24 11:00:00+09:00,9618.0,9632.0,9592.0,9622.0,0,0.0,0.0
2024-01-24 12:00:00+09:00,9622.0,9636.0,9563.0,9589.0,428200,0.0,0.0
2024-01-24 13:00:00+09:00,9588.0,9599.0,9526.0,9544.0,154500,0.0,0.0
2024-01-24 14:00:00+09:00,9547.0,9607.0,9539.0,9582.0,146900,0.0,0.0
2024-01-25 09:00:00+09:00,9573.0,9630.0,9548.0,9610.0,119700,0.0,0.0
2024-01-25 10:00:00+09:00,9611.0,9655.0,9595.0,9647.0,80600,0.0,0.0
2024-01-25 11:00:00+09:00,9648.0,9719.0,9648.0,9706.0,0,0.0,0.0
2024-01-25 12:00:00+09:00,9706.0,9713.0,9661.0,9676.0,273300,0.0,0.0
2024-01-25 13:00:00+09:00,9676.0,9696.0,9674.0,9679.0,42500,0.0,0.0
2024-01-25 14:00:00+09:00,9681.0,9700.0,9650.0,9672.0,80900,0.0,0.0
2024-01-26 09:00:00+09:00,9607.0,9609.0,9505.0,9546.0,145800,0.0,0.0
2024-01-26 10:00:00+09:00,9548.0,9570.0,9515.0,9563.0,40800,0.0,0.0
2024-01-26 11:00:00+09:00,9559.0,9586.0,9554.0,9567.0,0,0.0,0.0
2024-01-26 12:00:00+09:00,9552.0,9558.0,9514.0,9517.0,248200,0.0,0.0
2024-01-26 13:00:00+09:00,9518.0,9518.0,9495.0,9506.0,43200,0.0,0.0
2024-01-26 14:00:00+09:00,9508.0,9539.0,9476.0,9476.0,91400,0.0,0.0
2024-01-29 09:00:00+09:00,9575.0,9642.0,9548.0,9603.0,84400,0.0,0.0
2024-01-29 10:00:00+09:00,9599.0,9641.0,9584.0,9637.0,40200,0.0,0.0
2024-01-29 11:00:00+09:00,9638.0,9650.0,9622.0,9635.0,0,0.0,0.0
2024-01-29 12:00:00+09:00,9621.0,9698.0,9621.0,9683.0,202800,0.0,0.0
2024-01-29 13:00:00+09:00,9683.0,9688.0,9662.0,9672.0,42300,0.0,0.0
2024-01-29 14:00:00+09:00,9679.0,9680.0,9625.0,9657.0,84900,0.0,0.0
2024-01-30 09:00:00+09:00,9564.0,9640.0,9510.0,9600.0,108400,0.0,0.0
2024-01-30 10:00:00+09:00,9609.0,9629.0,9604.0,9618.0,20100,0.0,0.0
2024-01-30 11:00:00+09:00,9617.0,9629.0,9591.0,9591.0,0,0.0,0.0
2024-01-30 12:00:00+09:00,9587.0,9612.0,9587.0,9600.0,172200,0.0,0.0
2024-01-30 13:00:00+09:00,9601.0,9610.0,9573.0,9586.0,33700,0.0,0.0
2024-01-30 14:00:00+09:00,9584.0,9592.0,9554.0,9558.0,71600,0.0,0.0
2024-01-31 09:00:00+09:00,9524.0,9685.0,9523.0,9640.0,109300,0.0,0.0
2024-01-31 10:00:00+09:00,9641.0,9697.0,9619.0,9686.0,85600,0.0,0.0
2024-01-31 11:00:00+09:00,9690.0,9699.0,9679.0,9690.0,0,0.0,0.0
2024-01-31 12:00:00+09:00,9691.0,9739.0,9691.0,9732.0,279400,0.0,0.0
2024-01-31 13:00:00+09:00,9733.0,9745.0,9713.0,9735.0,66100,0.0,0.0
2024-01-31 14:00:00+09:00,9736.0,9785.0,9731.0,9785.0,110800,0.0,0.0
2024-02-01 09:00:00+09:00,9636.0,9733.0,9615.0,9631.0,187900,0.0,0.0
2024-02-01 10:00:00+09:00,9632.0,9655.0,9615.0,9623.0,78100,0.0,0.0
2024-02-01 11:00:00+09:00,9623.0,9635.0,9604.0,9635.0,0,0.0,0.0
2024-02-01 12:00:00+09:00,9614.0,9628.0,9572.0,9595.0,388300,0.0,0.0
2024-02-01 13:00:00+09:00,9593.0,9598.0,9566.0,9597.0,86000,0.0,0.0
2024-02-01 14:00:00+09:00,9597.0,9634.0,9596.0,9634.0,102300,0.0,0.0
2024-02-02 09:00:00+09:00,9606.0,9641.0,9595.0,9602.0,117700,0.0,0.0
2024-02-02 10:00:00+09:00,9607.0,9714.0,9591.0,9700.0,88600,0.0,0.0
2024-02-02 11:00:00+09:00,9701.0,9714.0,9647.0,9676.0,0,0.0,0.0
2024-02-02 12:00:00+09:00,9629.0,9700.0,9627.0,9690.0,324500,0.0,0.0
2024-02-02 13:00:00+09:00,9688.0,9733.0,9647.0,9723.0,128700,0.0,0.0
2024-02-02 14:00:00+09:00,9721.0,9741.0,9691.0,9731.0,206400,0.0,0.0
2024-02-05 09:00:00+09:00,9650.0,9687.0,9336.0,9394.0,516200,0.0,0.0
2024-02-05 10:00:00+09:00,9391.0,9484.0,9335.0,9481.0,187000,0.0,0.0
2024-02-05 11:00:00+09:00,9477.0,9484.0,9419.0,9454.0,0,0.0,0.0
2024-02-05 12:00:00+09:00,9449.0,9468.0,9336.0,9353.0,934600,0.0,0.0
2024-02-05 13:00:00+09:00,9353.0,9358.0,9306.0,9335.0,181600,0.0,0.0
2024-02-05 14:00:00+09:00,9335.0,9373.0,9321.0,9336.0,314800,0.0,0.0
2024-02-06 09:00:00+09:00,9250.0,9295.0,9151.0,9158.0,315100,0.0,0.0
2024-02-06 10:00:00+09:00,9159.0,9259.0,9134.0,9213.0,140100,0.0,0.0
2024-02-06 11:00:00+09:00,9210.0,9215.0,9175.0,9190.0,0,0.0,0.0
2024-02-06 12:00:00+09:00,9188.0,9189.0,9154.0,9172.0,570900,0.0,0.0
2024-02-06 13:00:00+09:00,9171.0,9245.0,9164.0,9245.0,97300,0.0,0.0
2024-02-06 14:00:00+09:00,9248.0,9266.0,9207.0,9239.0,163900,0.0,0.0
2024-02-07 09:00:00+09:00,9246.0,9387.0,9218.0,9387.0,205500,0.0,0.0
2024-02-07 10:00:00+09:00,9390.0,9399.0,9274.0,9285.0,111000,0.0,0.0
2024-02-07 11:00:00+09:00,9284.0,9291.0,9256.0,9276.0,0,0.0,0.0
2024-02-07 12:00:00+09:00,9256.0,9265.0,9166.0,9178.0,423600,0.0,0.0
2024-02-07 13:00:00+09:00,9177.0,9299.0,9177.0,9293.0,84200,0.0,0.0
2024-02-07 14:00:00+09:00,9293.0,9310.0,9266.0,9310.0,119200,0.0,0.0
2024-02-08 09:00:00+09:00,9300.0,9336.0,9198.0,9199.0,219800,0.0,0.0
2024-02-08 10:00:00+09:00,9201.0,9276.0,9157.0,9272.0,158500,0.0,0.0
2024-02-08 11:00:00+09:00,9271.0,9318.0,9266.0,9297.0,0,0.0,0.0
2024-02-08 12:00:00+09:00,9300.0,9318.0,9269.0,9276.0,524400,0.0,0.0
2024-02-08 13:00:00+09:00,9275.0,9315.0,9263.0,9305.0,110000,0.0,0.0
2024-02-08 14:00:00+09:00,9306.0,9306.0,9271.0,9284.0,163800,0.0,0.0
2024-02-09 09:00:00+09:00,9201.0,9345.0,9180.0,9336.0,501100,0.0,0.0
2024-02-09 10:00:00+09:00,9339.0,9355.0,9258.0,9259.0,96900,0.0,0.0
2024-02-09 11:00:00+09:00,9257.0,9258.0,9220.0,9240.0,0,0.0,0.0
2024-02-09 12:00:00+09:00,9230.0,9299.0,9230.0,9296.0,705400,0.0,0.0
2024-02-09 13:00:00+09:00,9295.0,9306.0,9204.0,9213.0,72800,0.0,0.0
2024-02-09 14:00:00+09:00,9211.0,9260.0,9209.0,9229.0,118800,0.0,0.0
2024-02-13 09:00:00+09:00,9233.0,9270.0,9144.0,9249.0,226700,0.0,0.0
2024-02-13 10:00:00+09:00,9247.0,9272.0,9198.0,9272.0,109900,0.0,0.0
2024-02-13 11:00:00+09:00,9271.0,9340.0,9270.0,9340.0,0,0.0,0.0
2024-02-13 12:00:00+09:00,9334.0,9341.0,9300.0,9321.0,489100,0.0,0.0
2024-02-13 13:00:00+09:00,9324.0,9366.0,9317.0,9334.0,133100,0.0,0.0
2024-02-13 14:00:00+09:00,9334.0,9383.0,9323.0,9368.0,189500,0.0,0.0
2024-02-14 09:00:00+09:00,9280.0,9317.0,9191.0,9214.0,306900,0.0,0.0
2024-02-14 10:00:00+09:00,9212.0,9225.0,9161.0,9171.0,137700,0.0,0.0
2024-02-14 11:00:00+09:00,9170.0,9187.0,9135.0,9135.0,0,0.0,0.0
2024-02-14 12:00:00+09:00,9150.0,9211.0,9150.0,9174.0,640800,0.0,0.0
2024-02-14 13:00:00+09:00,9177.0,9185.0,9135.0,9169.0,110800,0.0,0.0
2024-02-14 14:00:00+09:00,9168.0,9266.0,9159.0,9250.0,217600,0.0,0.0
2024-02-15 09:00:00+09:00,9300.0,9319.0,9227.0,9241.0,771900,0.0,0.0
2024-02-15 10:00:00+09:00,9242.0,9262.0,9211.0,9221.0,86500,0.0,0.0
2024-02-15 11:00:00+09:00,9221.0,9228.0,9194.0,9205.0,0,0.0,0.0
2024-02-15 12:00:00+09:00,9205.0,9241.0,9205.0,9216.0,956000,0.0,0.0
2024-02-15 13:00:00+09:00,9217.0,9249.0,9217.0,9226.0,55000,0.0,0.0
2024-02-15 14:00:00+09:00,9223.0,9266.0,9220.0,9238.0,138900,0.0,0.0
2024-02-16 09:00:00+09:00,9270.0,9346.0,9195.0,9255.0,447600,0.0,0.0
2024-02-16 10:00:00+09:00,9256.0,9335.0,9246.0,9292.0,226500,0.0,0.0
2024-02-16 11:00:00+09:00,9293.0,9309.0,9282.0,9291.0,0,0.0,0.0
2024-02-16 12:00:00+09:00,9320.0,9375.0,9308.0,9366.0,864800,0.0,0.0
2024-02-16 13:00:00+09:00,9367.0,9368.0,9229.0,9240.0,117500,0.0,0.0
2024-02-16 14:00:00+09:00,9237.0,9268.0,9230.0,9263.0,122000,0.0,0.0
2024-02-19 09:00:00+09:00,9250.0,9297.0,9221.0,9271.0,153300,0.0,0.0
2024-02-19 10:00:00+09:00,9275.0,9280.0,9231.0,9266.0,101700,0.0,0.0
2024-02-19 11:00:00+09:00,9262.0,9279.0,9249.0,9279.0,0,0.0,0.0
2024-02-19 12:00:00+09:00,9280.0,9307.0,9261.0,9269.0,343700,0.0,0.0
2024-02-19 13:00:00+09:00,9271.0,9297.0,9269.0,9281.0,57700,0.0,0.0
2024-02-19 14:00:00+09:00,9277.0,9320.0,9268.0,9320.0,107000,0.0,0.0
2024-02-20 09:00:00+09:00,9365.0,9365.0,9305.0,9326.0,158000,0.0,0.0
2024-02-20 10:00:00+09:00,9330.0,9347.0,9242.0,9261.0,88000,0.0,0.0
2024-02-20 11:00:00+09:00,9263.0,9284.0,9250.0,9260.0,0,0.0,0.0
2024-02-20 12:00:00+09:00,9260.0,9261.0,9199.0,9214.0,338000,0.0,0.0
2024-02-20 13:00:00+09:00,9214.0,9225.0,9169.0,9175.0,77900,0.0,0.0
2024-02-20 14:00:00+09:00,9174.0,9207.0,9168.0,9195.0,97700,0.0,0.0
2024-02-21 09:00:00+09:00,9247.0,9399.0,9207.0,9244.0,276600,0.0,0.0
2024-02-21 10:00:00+09:00,9241.0,9277.0,9233.0,9235.0,96600,0.0,0.0
2024-02-21 11:00:00+09:00,9237.0,9248.0,9228.0,9230.0,0,0.0,0.0
2024-02-21 12:00:00+09:00,9219.0,9229.0,9172.0,9199.0,467400,0.0,0.0
2024-02-21 13:00:00+09:00,9196.0,9259.0,9196.0,9245.0,61100,0.0,0.0
2024-02-21 14:00:00+09:00,9247.0,9262.0,9230.0,9254.0,114200,0.0,0.0
2024-02-22 09:00:00+09:00,9209.0,9331.0,9202.0,9321.0,219100,0.0,0.0
2024-02-22 10:00:00+09:00,9319.0,9364.0,9280.0,9281.0,125600,0.0,0.0
2024-02-22 11:00:00+09:00,9285.0,9285.0,9245.0,9258.0,0,0.0,0.0
2024-02-22 12:00:00+09:00,9278.0,9285.0,9239.0,9252.0,430500,0.0,0.0
2024-02-22 13:00:00+09:00,9250.0,9258.0,9210.0,9212.0,85700,0.0,0.0
2024-02-22 14:00:00+09:00,9211.0,9316.0,9207.0,9302.0,119800,0.0,0.0
2024-02-26 09:00:00+09:00,9336.0,9390.0,9267.0,9385.0,250600,0.0,0.0
2024-02-26 10:00:00+09:00,9388.0,9414.0,9353.0,9373.0,163300,0.0,0.0
2024-02-26 11:00:00+09:00,9376.0,9390.0,9335.0,9340.0,0,0.0,0.0
2024-02-26 12:00:00+09:00,9338.0,9357.0,9319.0,9335.0,518600,0.0,0.0
2024-02-26 13:00:00+09:00,9331.0,9340.0,9315.0,9324.0,60000,0.0,0.0
2024-02-26 14:00:00+09:00,9320.0,9340.0,9296.0,9318.0,107000,0.0,0.0
2024-02-27 09:00:00+09:00,9376.0,9470.0,9312.0,9467.0,305100,0.0,0.0
2024-02-27 10:00:00+09:00,9467.0,9495.0,9393.0,9450.0,125400,0.0,0.0
2024-02-27 11:00:00+09:00,9451.0,9484.0,9426.0,9449.0,0,0.0,0.0
2024-02-27 12:00:00+09:00,9450.0,9459.0,9420.0,9432.0,582900,0.0,0.0
2024-02-27 13:00:00+09:00,9435.0,9442.0,9358.0,9382.0,106100,0.0,0.0
2024-02-27 14:00:00+09:00,9385.0,9401.0,9343.0,9370.0,187200,0.0,0.0
2024-02-28 09:00:00+09:00,9403.0,9417.0,9330.0,9387.0,166500,0.0,0.0
2024-02-28 10:00:00+09:00,9379.0,9387.0,9336.0,9344.0,112200,0.0,0.0
2024-02-28 11:00:00+09:00,9345.0,9440.0,9341.0,9430.0,0,0.0,0.0
2024-02-28 12:00:00+09:00,9430.0,9619.0,9422.0,9588.0,516900,0.0,0.0
2024-02-28 13:00:00+09:00,9587.0,9600.0,9494.0,9501.0,124600,0.0,0.0
2024-02-28 14:00:00+09:00,9501.0,9513.0,9461.0,9466.0,122900,0.0,0.0
2024-02-29 09:00:00+09:00,9550.0,9615.0,9492.0,9588.0,295400,0.0,0.0
2024-02-29 10:00:00+09:00,9587.0,9607.0,9526.0,9543.0,133300,0.0,0.0
2024-02-29 11:00:00+09:00,9540.0,9547.0,9502.0,9523.0,0,0.0,0.0
2024-02-29 12:00:00+09:00,9534.0,9626.0,9518.0,9626.0,643700,0.0,0.0
2024-02-29 13:00:00+09:00,9627.0,9720.0,9627.0,9672.0,263300,0.0,0.0
2024-02-29 14:00:00+09:00,9672.0,9702.0,9650.0,9669.0,180200,0.0,0.0
2024-03-01 09:00:00+09:00,9630.0,9697.0,9580.0,9622.0,184900,0.0,0.0
2024-03-01 10:00:00+09:00,9625.0,9681.0,9625.0,9676.0,76400,0.0,0.0
2024-03-01 11:00:00+09:00,9674.0,9675.0,9652.0,9663.0,0,0.0,0.0
2024-03-01 12:00:00+09:00,9670.0,9692.0,9662.0,9680.0,358000,0.0,0.0
2024-03-01 13:00:00+09:00,9681.0,9718.0,9667.0,9717.0,86100,0.0,0.0
2024-03-01 14:00:00+09:00,9714.0,9739.0,9694.0,9734.0,147700,0.0,0.0
2024-03-04 09:00:00+09:00,9800.0,9895.0,9734.0,9817.0,248200,0.0,0.0
2024-03-04 10:00:00+09:00,9817.0,9873.0,9800.0,9842.0,101800,0.0,0.0
2024-03-04 11:00:00+09:00,9843.0,9859.0,9813.0,9838.0,0,0.0,0.0
2024-03-04 12:00:00+09:00,9821.0,9829.0,9763.0,9808.0,442600,0.0,0.0
2024-03-04 13:00:00+09:00,9806.0,9820.0,9775.0,9798.0,66700,0.0,0.0
2024-03-04 14:00:00+09:00,9796.0,9824.0,9779.0,9821.0,114700,0.0,0.0
2024-03-05 09:00:00+09:00,9936.0,10060.0,9871.0,10055.0,338800,0.0,0.0
2024-03-05 10:00:00+09:00,10060.0,10105.0,10035.0,10080.0,129800,0.0,0.0
2024-03-05 11:00:00+09:00,10080.0,10115.0,10070.0,10105.0,0,0.0,0.0
2024-03-05 12:00:00+09:00,10115.0,10185.0,10110.0,10130.0,620900,0.0,0.0
2024-03-05 13:00:00+09:00,10135.0,10185.0,10135.0,10180.0,96200,0.0,0.0
2024-03-05 14:00:00+09:00,10180.0,10195.0,10140.0,10180.0,186200,0.0,0.0
2024-03-06 09:00:00+09:00,10195.0,10290.0,10120.0,10125.0,256400,0.0,0.0
2024-03-06 10:00:00+09:00,10125.0,10185.0,10125.0,10155.0,58000,0.0,0.0
2024-03-06 11:00:00+09:00,10160.0,10175.0,10155.0,10170.0,0,0.0,0.0
2024-03-06 12:00:00+09:00,10165.0,10190.0,10155.0,10185.0,424400,0.0,0.0
2024-03-06 13:00:00+09:00,10185.0,10250.0,10185.0,10235.0,70000,0.0,0.0
2024-03-06 14:00:00+09:00,10235.0,10280.0,10215.0,10255.0,119200,0.0,0.0
2024-03-07 09:00:00+09:00,10295.0,10305.0,10125.0,10125.0,158900,0.0,0.0
2024-03-07 10:00:00+09:00,10120.0,10165.0,10060.0,10095.0,77600,0.0,0.0
2024-03-07 11:00:00+09:00,10100.0,10105.0,10005.0,10045.0,0,0.0,0.0
2024-03-07 12:00:00+09:00,10045.0,10055.0,9985.0,10050.0,361800,0.0,0.0
2024-03-07 13:00:00+09:00,10045.0,10050.0,9978.0,9979.0,51200,0.0,0.0
2024-03-07 14:00:00+09:00,9980.0,9988.0,9915.0,9948.0,141700,0.0,0.0
2024-03-08 09:00:00+09:00,10065.0,10085.0,9940.0,10015.0,731900,0.0,0.0
2024-03-08 10:00:00+09:00,10005.0,10075.0,9950.0,10040.0,66200,0.0,0.0
2024-03-08 11:00:00+09:00,10040.0,10075.0,10040.0,10075.0,0,0.0,0.0
2024-03-08 12:00:00+09:00,10065.0,10100.0,10055.0,10080.0,874900,0.0,0.0
2024-03-08 13:00:00+09:00,10075.0,10100.0,10025.0,10035.0,52000,0.0,0.0
2024-03-08 14:00:00+09:00,10030.0,10035.0,9962.0,9971.0,79600,0.0,0.0
2024-03-11 09:00:00+09:00,9840.0,9843.0,9561.0,9570.0,234700,0.0,0.0
2024-03-11 10:00:00+09:00,9571.0,9586.0,9505.0,9509.0,119500,0.0,0.0
2024-03-11 11:00:00+09:00,9513.0,9528.0,9488.0,9488.0,0,0.0,0.0
2024-03-11 12:00:00+09:00,9488.0,9509.0,9382.0,9394.0,506200,0.0,0.0
2024-03-11 13:00:00+09:00,9397.0,9414.0,9343.0,9351.0,105200,0.0,0.0
2024-03-11 14:00:00+09:00,9351.0,9431.0,9325.0,9431.0,176400,0.0,0.0
2024-03-12 09:00:00+09:00,9328.0,9330.0,9168.0,9175.0,253700,0.0,0.0
2024-03-12 10:00:00+09:00,9174.0,9233.0,9156.0,9176.0,103800,0.0,0.0
2024-03-12 11:00:00+09:00,9173.0,9300.0,9171.0,9282.0,0,0.0,0.0
2024-03-12 12:00:00+09:00,9307.0,9357.0,9293.0,9335.0,467700,0.0,0.0
2024-03-12 13:00:00+09:00,9335.0,9356.0,9282.0,9291.0,53600,0.0,0.0
2024-03-12 14:00:00+09:00,9293.0,9380.0,9289.0,9368.0,94600,0.0,0.0
2024-03-13 09:00:00+09:00,9446.0,9507.0,9327.0,9331.0,138400,0.0,0.0
2024-03-13 10:00:00+09:00,9328.0,9332.0,9244.0,9293.0,96600,0.0,0.0
2024-03-13 11:00:00+09:00,9292.0,9316.0,9234.0,9236.0,0,0.0,0.0
2024-03-13 12:00:00+09:00,9231.0,9243.0,9164.0,9234.0,381800,0.0,0.0
2024-03-13 13:00:00+09:00,9234.0,9278.0,9219.0,9270.0,110700,0.0,0.0
2024-03-13 14:00:00+09:00,9268.0,9284.0,9241.0,9279.0,120100,0.0,0.0
2024-03-14 09:00:00+09:00,9365.0,9370.0,9250.0,9282.0,139500,0.0,0.0
2024-03-14 10:00:00+09:00,9281.0,9313.0,9254.0,9297.0,88500,0.0,0.0
2024-03-14 11:00:00+09:00,9294.0,9307.0,9279.0,9279.0,0,0.0,0.0
2024-03-14 12:00:00+09:00,9270.0,9315.0,9258.0,9283.0,321100,0.0,0.0
2024-03-14 13:00:00+09:00,9283.0,9290.0,9264.0,9284.0,62000,0.0,0.0
2024-03-14 14:00:00+09:00,9284.0,9322.0,9255.0,9322.0,136200,0.0,0.0
2024-03-15 09:00:00+09:00,9290.0,9461.0,9245.0,9443.0,199000,0.0,0.0
2024-03-15 10:00:00+09:00,9443.0,9487.0,9408.0,9487.0,81200,0.0,0.0
2024-03-15 11:00:00+09:00,9484.0,9535.0,9483.0,9528.0,0,0.0,0.0
2024-03-15 12:00:00+09:00,9517.0,9549.0,9494.0,9543.0,366400,0.0,0.0
2024-03-15 13:00:00+09:00,9542.0,9555.0,9480.0,9492.0,73000,0.0,0.0
2024-03-15 14:00:00+09:00,9488.0,9579.0,9476.0,9555.0,139600,0.0,0.0
2024-03-18 09:00:00+09:00,9704.0,9831.0,9656.0,9825.0,173900,0.0,0.0
2024-03-18 10:00:00+09:00,9823.0,9850.0,9792.0,9838.0,76100,0.0,0.0
2024-03-18 11:00:00+09:00,9838.0,9838.0,9790.0,9818.0,0,0.0,0.0
2024-03-18 12:00:00+09:00,9818.0,9821.0,9766.0,9785.0,324600,0.0,0.0
2024-03-18 13:00:00+09:00,9785.0,9788.0,9755.0,9765.0,62100,0.0,0.0
2024-03-18 14:00:00+09:00,9766.0,9811.0,9745.0,9811.0,105800,0.0,0.0
2024-03-19 09:00:00+09:00,9711.0,9840.0,9705.0,9797.0,126000,0.0,0.0
2024-03-19 10:00:00+09:00,9804.0,9836.0,9761.0,9807.0,49900,0.0,0.0
2024-03-19 11:00:00+09:00,9815.0,9870.0,9815.0,9870.0,0,0.0,0.0
2024-03-19 12:00:00+09:00,9870.0,9957.0,9835.0,9943.0,320700,0.0,0.0
2024-03-19 13:00:00+09:00,9944.0,9978.0,9905.0,9967.0,101400,0.0,0.0
2024-03-19 14:00:00+09:00,9964.0,9989.0,9937.0,9989.0,117300,0.0,0.0
2024-03-21 09:00:00+09:00,10255.0,10375.0,10155.0,10355.0,288000,0.0,0.0
2024-03-21 10:00:00+09:00,10360.0,10410.0,10275.0,10400.0,147900,0.0,0.0
2024-03-21 11:00:00+09:00,10405.0,10405.0,10360.0,10390.0,0,0.0,0.0
2024-03-21 12:00:00+09:00,10385.0,10415.0,10340.0,10410.0,560300,0.0,0.0
2024-03-21 13:00:00+09:00,10405.0,10465.0,10405.0,10455.0,112600,0.0,0.0
2024-03-21 14:00:00+09:00,10460.0,10480.0,10425.0,10440.0,168000,0.0,0.0
2024-03-22 09:00:00+09:00,10555.0,10635.0,10485.0,10585.0,190700,0.0,0.0
2024-03-22 10:00:00+09:00,10585.0,10620.0,10520.0,10525.0,75100,0.0,0.0
2024-03-22 11:00:00+09:00,10520.0,10540.0,10460.0,10460.0,0,0.0,0.0
2024-03-22 12:00:00+09:00,10460.0,10490.0,10410.0,10455.0,404800,0.0,0.0
2024-03-22 13:00:00+09:00,10455.0,10485.0,10435.0,10485.0,60700,0.0,0.0
2024-03-22 14:00:00+09:00,10485.0,10535.0,10475.0,10495.0,95100,0.0,0.0
2024-03-25 09:00:00+09:00,10470.0,10480.0,10355.0,10475.0,133500,0.0,0.0
2024-03-25 10:00:00+09:00,10475.0,10490.0,10405.0,10430.0,55100,0.0,0.0
2024-03-25 11:00:00+09:00,10430.0,10450.0,10380.0,10425.0,0,0.0,0.0
2024-03-25 12:00:00+09:00,10410.0,10460.0,10410.0,10455.0,250200,0.0,0.0
2024-03-25 13:00:00+09:00,10450.0,10510.0,10440.0,10485.0,48100,0.0,0.0
2024-03-25 14:00:00+09:00,10490.0,10515.0,10415.0,10415.0,66900,0.0,0.0
2024-03-26 09:00:00+09:00,10375.0,10445.0,10320.0,10410.0,96300,0.0,0.0
2024-03-26 10:00:00+09:00,10405.0,10460.0,10400.0,10435.0,43000,0.0,0.0
2024-03-26 11:00:00+09:00,10430.0,10430.0,10380.0,10390.0,0,0.0,0.0
2024-03-26 12:00:00+09:00,10330.0,10375.0,10320.0,10355.0,229000,0.0,0.0
2024-03-26 13:00:00+09:00,10360.0,10415.0,10340.0,10375.0,43600,0.0,0.0
2024-03-26 14:00:00+09:00,10375.0,10425.0,10375.0,10410.0,69100,0.0,0.0
2024-03-27 09:00:00+09:00,10590.0,10635.0,10495.0,10530.0,118700,0.0,0.0
2024-03-27 10:00:00+09:00,10530.0,10605.0,10495.0,10595.0,51700,0.0,0.0
2024-03-27 11:00:00+09:00,10600.0,10605.0,10580.0,10595.0,0,0.0,0.0
2024-03-27 12:00:00+09:00,10590.0,10600.0,10545.0,10575.0,242200,0.0,0.0
2024-03-27 13:00:00+09:00,10575.0,10595.0,10525.0,10550.0,48700,0.0,0.0
2024-03-27 14:00:00+09:00,10545.0,10590.0,10475.0,10475.0,96700,0.0,0.0
2024-03-28 09:00:00+09:00,10240.0,10395.0,10180.0,10345.0,92900,0.0,0.0
2024-03-28 10:00:00+09:00,10335.0,10340.0,10270.0,10275.0,46900,0.0,0.0
2024-03-28 11:00:00+09:00,10280.0,10315.0,10255.0,10315.0,0,0.0,0.0
2024-03-28 12:00:00+09:00,10325.0,10350.0,10315.0,10345.0,204300,0.0,0.0
2024-03-28 13:00:00+09:00,10345.0,10355.0,10315.0,10340.0,29100,0.0,0.0
2024-03-28 14:00:00+09:00,10335.0,10335.0,10250.0,10325.0,72800,0.0,0.0
2024-03-29 09:00:00+09:00,10215.0,10285.0,10150.0,10215.0,93600,0.0,0.0
2024-03-29 10:00:00+09:00,10210.0,10295.0,10210.0,10270.0,35000,0.0,0.0
2024-03-29 11:00:00+09:00,10275.0,10310.0,10275.0,10300.0,0,0.0,0.0
2024-03-29 12:00:00+09:00,10255.0,10330.0,10250.0,10285.0,190400,0.0,0.0
2024-03-29 13:00:00+09:00,10280.0,10310.0,10280.0,10290.0,62400,0.0,0.0
2024-03-29 14:00:00+09:00,10295.0,10330.0,10275.0,10290.0,145200,0.0,0.0
2024-04-01 09:00:00+09:00,10360.0,10405.0,10080.0,10100.0,105000,0.0,0.0
2024-04-01 10:00:00+09:00,10095.0,10095.0,9903.0,9909.0,88400,0.0,0.0
2024-04-01 11:00:00+09:00,9911.0,9921.0,9801.0,9828.0,0,0.0,0.0
2024-04-01 12:00:00+09:00,9801.0,9883.0,9788.0,9867.0,346500,0.0,0.0
2024-04-01 13:00:00+09:00,9869.0,9915.0,9862.0,9900.0,75600,0.0,0.0
2024-04-01 14:00:00+09:00,9899.0,9902.0,9855.0,9858.0,117100,0.0,0.0
2024-04-02 09:00:00+09:00,9993.0,10150.0,9914.0,10115.0,176400,0.0,0.0
2024-04-02 10:00:00+09:00,10115.0,10125.0,9985.0,10035.0,59600,0.0,0.0
2024-04-02 11:00:00+09:00,10035.0,10040.0,9948.0,9955.0,0,0.0,0.0
2024-04-02 12:00:00+09:00,9950.0,9985.0,9921.0,9946.0,304400,0.0,0.0
2024-04-02 13:00:00+09:00,9945.0,9968.0,9914.0,9954.0,46400,0.0,0.0
2024-04-02 14:00:00+09:00,9953.0,10040.0,9935.0,10040.0,126100,0.0,0.0
2024-04-03 09:00:00+09:00,9901.0,10040.0,9783.0,9998.0,129600,0.0,0.0
2024-04-03 10:00:00+09:00,9998.0,9998.0,9867.0,9923.0,54900,0.0,0.0
2024-04-03 11:00:00+09:00,9920.0,9953.0,9909.0,9918.0,0,0.0,0.0
2024-04-03 12:00:00+09:00,9910.0,9970.0,9905.0,9951.0,256800,0.0,0.0
2024-04-03 13:00:00+09:00,9951.0,10030.0,9951.0,9991.0,69400,0.0,0.0
2024-04-03 14:00:00+09:00,9993.0,9998.0,9921.0,9967.0,107600,0.0,0.0
2024-04-04 09:00:00+09:00,10170.0,10315.0,10045.0,10270.0,187600,0.0,0.0
2024-04-04 10:00:00+09:00,10270.0,10310.0,10255.0,10280.0,81200,0.0,0.0
2024-04-04 11:00:00+09:00,10275.0,10280.0,10175.0,10205.0,0,0.0,0.0
2024-04-04 12:00:00+09:00,10200.0,10245.0,10190.0,10190.0,343900,0.0,0.0
2024-04-04 13:00:00+09:00,10185.0,10185.0,10120.0,10125.0,42000,0.0,0.0
2024-04-04 14:00:00+09:00,10130.0,10135.0,10055.0,10105.0,112100,0.0,0.0
2024-04-05 09:00:00+09:00,9919.0,9959.0,9860.0,9920.0,184700,0.0,0.0
2024-04-05 10:00:00+09:00,9927.0,9953.0,9854.0,9862.0,91500,0.0,0.0
2024-04-05 11:00:00+09:00,9859.0,9881.0,9824.0,9830.0,0,0.0,0.0
2024-04-05 12:00:00+09:00,9830.0,9930.0,9830.0,9923.0,361300,0.0,0.0
2024-04-05 13:00:00+09:00,9920.0,9965.0,9900.0,9909.0,48900,0.0,0.0
2024-04-05 14:00:00+09:00,9911.0,9994.0,9903.0,9994.0,103600,0.0,0.0
2024-04-08 09:00:00+09:00,10050.0,10095.0,9971.0,10090.0,89900,0.0,0.0
2024-04-08 10:00:00+09:00,10080.0,10125.0,10055.0,10100.0,59100,0.0,0.0
2024-04-08 11:00:00+09:00,10115.0,10115.0,10070.0,10070.0,0,0.0,0.0
2024-04-08 12:00:00+09:00,10005.0,10040.0,9964.0,9996.0,193900,0.0,0.0
2024-04-08 13:00:00+09:00,9993.0,10030.0,9983.0,10030.0,24600,0.0,0.0
2024-04-08 14:00:00+09:00,10030.0,10070.0,9995.0,10070.0,70800,0.0,0.0
2024-04-09 09:00:00+09:00,10170.0,10265.0,10135.0,10165.0,85000,0.0,0.0
2024-04-09 10:00:00+09:00,10165.0,10205.0,10150.0,10175.0,32900,0.0,0.0
2024-04-09 11:00:00+09:00,10175.0,10220.0,10145.0,10220.0,0,0.0,0.0
2024-04-09 12:00:00+09:00,10155.0,10240.0,10155.0,10235.0,174000,0.0,0.0
2024-04-09 13:00:00+09:00,10230.0,10250.0,10215.0,10250.0,44400,0.0,0.0
2024-04-09 14:00:00+09:00,10250.0,10320.0,10240.0,10305.0,86700,0.0,0.0
2024-04-10 09:00:00+09:00,10270.0,10275.0,10065.0,10105.0,110300,0.0,0.0
2024-04-10 10:00:00+09:00,10105.0,10135.0,10090.0,10115.0,30500,0.0,0.0
2024-04-10 11:00:00+09:00,10115.0,10155.0,10115.0,10130.0,0,0.0,0.0
2024-04-10 12:00:00+09:00,10160.0,10175.0,10130.0,10130.0,198300,0.0,0.0
2024-04-10 13:00:00+09:00,10130.0,10145.0,10095.0,10140.0,52900,0.0,0.0
2024-04-10 14:00:00+09:00,10140.0,10155.0,10085.0,10090.0,70000,0.0,0.0
2024-04-11 09:00:00+09:00,9902.0,10165.0,9867.0,10165.0,157100,0.0,0.0
2024-04-11 10:00:00+09:00,10170.0,10175.0,10120.0,10125.0,40500,0.0,0.0
2024-04-11 11:00:00+09:00,10120.0,10150.0,10120.0,10150.0,0,0.0,0.0
2024-04-11 12:00:00+09:00,10150.0,10190.0,10135.0,10165.0,265600,0.0,0.0
2024-04-11 13:00:00+09:00,10165.0,10185.0,10150.0,10165.0,28200,0.0,0.0
2024-04-11 14:00:00+09:00,10170.0,10170.0,10105.0,10125.0,57700,0.0,0.0
2024-04-12 09:00:00+09:00,10340.0,10340.0,10215.0,10240.0,326500,0.0,0.0
2024-04-12 10:00:00+09:00,10240.0,10345.0,10225.0,10345.0,43900,0.0,0.0
2024-04-12 11:00:00+09:00,10340.0,10375.0,10335.0,10340.0,0,0.0,0.0
2024-04-12 12:00:00+09:00,10370.0,10395.0,10350.0,10350.0,432600,0.0,0.0
2024-04-12 13:00:00+09:00,10350.0,10360.0,10310.0,10325.0,31900,0.0,0.0
2024-04-12 14:00:00+09:00,10330.0,10360.0,10325.0,10350.0,66600,0.0,0.0
2024-04-15 09:00:00+09:00,9982.0,10020.0,9894.0,10010.0,261300,0.0,0.0
2024-04-15 10:00:00+09:00,10015.0,10060.0,9978.0,10055.0,72400,0.0,0.0
2024-04-15 11:00:00+09:00,10050.0,10090.0,10035.0,10055.0,0,0.0,0.0
2024-04-15 12:00:00+09:00,10065.0,10075.0,10035.0,10050.0,413800,0.0,0.0
2024-04-15 13:00:00+09:00,10050.0,10080.0,10025.0,10040.0,68900,0.0,0.0
2024-04-15 14:00:00+09:00,10045.0,10085.0,10040.0,10085.0,92100,0.0,0.0
2024-04-16 09:00:00+09:00,9980.0,10030.0,9896.0,9896.0,203300,0.0,0.0
2024-04-16 10:00:00+09:00,9895.0,9912.0,9820.0,9861.0,102000,0.0,0.0
2024-04-16 11:00:00+09:00,9860.0,9869.0,9800.0,9800.0,0,0.0,0.0
2024-04-16 12:00:00+09:00,9801.0,9831.0,9761.0,9831.0,398400,0.0,0.0
2024-04-16 13:00:00+09:00,9829.0,9829.0,9767.0,9808.0,51100,0.0,0.0
2024-04-16 14:00:00+09:00,9809.0,9860.0,9795.0,9796.0,97100,0.0,0.0
2024-04-17 09:00:00+09:00,9750.0,9768.0,9531.0,9613.0,188200,0.0,0.0
2024-04-17 10:00:00+09:00,9605.0,9646.0,9554.0,9642.0,91400,0.0,0.0
2024-04-17 11:00:00+09:00,9643.0,9680.0,9632.0,9646.0,0,0.0,0.0
2024-04-17 12:00:00+09:00,9668.0,9738.0,9652.0,9735.0,393400,0.0,0.0
2024-04-17 13:00:00+09:00,9738.0,9741.0,9636.0,9684.0,62200,0.0,0.0
2024-04-17 14:00:00+09:00,9681.0,9718.0,9626.0,9641.0,93600,0.0,0.0
2024-04-18 09:00:00+09:00,9523.0,9575.0,9453.0,9505.0,151700,0.0,0.0
2024-04-18 10:00:00+09:00,9506.0,9550.0,9487.0,9550.0,71200,0.0,0.0
2024-04-18 11:00:00+09:00,9546.0,9584.0,9540.0,9582.0,0,0.0,0.0
2024-04-18 12:00:00+09:00,9600.0,9639.0,9576.0,9594.0,317700,0.0,0.0
2024-04-18 13:00:00+09:00,9595.0,9618.0,9537.0,9538.0,65000,0.0,0.0
2024-04-18 14:00:00+09:00,9541.0,9604.0,9520.0,9521.0,127800,0.0,0.0
2024-04-19 09:00:00+09:00,9500.0,9534.0,9259.0,9276.0,296900,0.0,0.0
2024-04-19 10:00:00+09:00,9279.0,9300.0,9139.0,9192.0,188700,0.0,0.0
2024-04-19 11:00:00+09:00,9191.0,9203.0,9084.0,9109.0,0,0.0,0.0
2024-04-19 12:00:00+09:00,9126.0,9310.0,9126.0,9292.0,717200,0.0,0.0
2024-04-19 13:00:00+09:00,9296.0,9326.0,9245.0,9287.0,136400,0.0,0.0
2024-04-19 14:00:00+09:00,9288.0,9359.0,9264.0,9301.0,169500,0.0,0.0
2024-04-22 09:00:00+09:00,9307.0,9524.0,9307.0,9396.0,200100,0.0,0.0
2024-04-22 10:00:00+09:00,9389.0,9417.0,9300.0,9366.0,104400,0.0,0.0
2024-04-22 11:00:00+09:00,9369.0,9415.0,9360.0,9387.0,0,0.0,0.0
2024-04-22 12:00:00+09:00,9388.0,9388.0,9300.0,9310.0,404300,0.0,0.0
2024-04-22 13:00:00+09:00,9307.0,9351.0,9294.0,9348.0,78600,0.0,0.0
2024-04-22 14:00:00+09:00,9348.0,9406.0,9302.0,9406.0,120900,0.0,0.0
2024-04-23 09:00:00+09:00,9500.0,9533.0,9417.0,9495.0,187900,0.0,0.0
2024-04-23 10:00:00+09:00,9498.0,9498.0,9415.0,9451.0,86900,0.0,0.0
2024-04-23 11:00:00+09:00,9446.0,9481.0,9410.0,9470.0,0,0.0,0.0
2024-04-23 12:00:00+09:00,9484.0,9494.0,9449.0,9484.0,367100,0.0,0.0
2024-04-23 13:00:00+09:00,9482.0,9495.0,9449.0,9477.0,55200,0.0,0.0
2024-04-23 14:00:00+09:00,9478.0,9527.0,9451.0,9519.0,126000,0.0,0.0
2024-04-24 09:00:00+09:00,9649.0,9761.0,9627.0,9705.0,267900,0.0,0.0
2024-04-24 10:00:00+09:00,9704.0,9781.0,9681.0,9781.0,124700,0.0,0.0
2024-04-24 11:00:00+09:00,9781.0,9793.0,9763.0,9769.0,0,0.0,0.0
2024-04-24 12:00:00+09:00,9800.0,9823.0,9772.0,9819.0,511700,0.0,0.0
2024-04-24 13:00:00+09:00,9817.0,9838.0,9800.0,9819.0,75100,0.0,0.0
2024-04-24 14:00:00+09:00,9820.0,9840.0,9800.0,9839.0,134800,0.0,0.0
2024-04-25 09:00:00+09:00,9749.0,9823.0,9706.0,9727.0,186800,0.0,0.0
2024-04-25 10:00:00+09:00,9729.0,9736.0,9651.0,9684.0,98000,0.0,0.0
2024-04-25 11:00:00+09:00,9685.0,9705.0,9666.0,9695.0,0,0.0,0.0
2024-04-25 12:00:00+09:00,9676.0,9676.0,9586.0,9624.0,417100,0.0,0.0
2024-04-25 13:00:00+09:00,9623.0,9627.0,9588.0,9614.0,74100,0.0,0.0
2024-04-25 14:00:00+09:00,9615.0,9628.0,9589.0,9613.0,114600,0.0,0.0
2024-04-26 09:00:00+09:00,9706.0,9706.0,9525.0,9556.0,174800,0.0,0.0
2024-04-26 10:00:00+09:00,9551.0,9666.0,9544.0,9607.0,128200,0.0,0.0
2024-04-26 11:00:00+09:00,9607.0,9675.0,9606.0,9635.0,0,0.0,0.0
2024-04-26 12:00:00+09:00,9650.0,9703.0,9644.0,9682.0,454200,0.0,0.0
2024-04-26 13:00:00+09:00,9680.0,9744.0,9667.0,9712.0,106600,0.0,0.0
2024-04-26 14:00:00+09:00,9713.0,9716.0,9624.0,9654.0,155400,0.0,0.0
2024-04-30 09:00:00+09:00,9970.0,10165.0,9869.0,10150.0,421800,0.0,0.0
2024-04-30 10:00:00+09:00,10145.0,10265.0,10135.0,10240.0,172800,0.0,0.0
2024-04-30 11:00:00+09:00,10240.0,10250.0,10175.0,10185.0,0,0.0,0.0
2024-04-30 12:00:00+09:00,10180.0,10220.0,10135.0,10185.0,745000,0.0,0.0
2024-04-30 13:00:00+09:00,10185.0,10210.0,10065.0,10100.0,105800,0.0,0.0
2024-04-30 14:00:00+09:00,10100.0,10115.0,10035.0,10085.0,163000,0.0,0.0
2024-05-01 09:00:00+09:00,9880.0,9935.0,9722.0,9766.0,268900,0.0,0.0
2024-05-01 10:00:00+09:00,9766.0,9867.0,9734.0,9802.0,126700,0.0,0.0
2024-05-01 11:00:00+09:00,9806.0,9821.0,9770.0,9816.0,0,0.0,0.0
2024-05-01 12:00:00+09:00,9814.0,9875.0,9813.0,9864.0,505800,0.0,0.0
2024-05-01 13:00:00+09:00,9864.0,9898.0,9829.0,9835.0,74600,0.0,0.0
2024-05-01 14:00:00+09:00,9837.0,9847.0,9750.0,9750.0,158700,0.0,0.0
2024-05-02 09:00:00+09:00,9928.0,10025.0,9850.0,9964.0,253400,0.0,0.0
2024-05-02 10:00:00+09:00,9969.0,10040.0,9944.0,10025.0,96000,0.0,0.0
2024-05-02 11:00:00+09:00,10030.0,10030.0,10005.0,10015.0,0,0.0,0.0
2024-05-02 12:00:00+09:00,10050.0,10090.0,10045.0,10070.0,482800,0.0,0.0
2024-05-02 13:00:00+09:00,10070.0,10070.0,10000.0,10020.0,81300,0.0,0.0
2024-05-02 14:00:00+09:00,10030.0,10090.0,9999.0,9999.0,149400,0.0,0.0
2024-05-07 09:00:00+09:00,10110.0,10125.0,9967.0,9971.0,160200,0.0,0.0
2024-05-07 10:00:00+09:00,9974.0,10035.0,9948.0,10030.0,77100,0.0,0.0
2024-05-07 11:00:00+09:00,10030.0,10035.0,9995.0,10020.0,0,0.0,0.0
2024-05-07 12:00:00+09:00,10025.0,10130.0,10025.0,10110.0,336500,0.0,0.0
2024-05-07 13:00:00+09:00,10110.0,10115.0,10060.0,10065.0,84300,0.0,0.0
2024-05-07 14:00:00+09:00,10060.0,10125.0,10045.0,10120.0,125200,0.0,0.0
2024-05-08 09:00:00+09:00,10125.0,10125.0,9967.0,10000.0,146000,0.0,0.0
2024-05-08 10:00:00+09:00,10000.0,10010.0,9925.0,9936.0,71400,0.0,0.0
2024-05-08 11:00:00+09:00,9937.0,9968.0,9873.0,9888.0,0,0.0,0.0
2024-05-08 12:00:00+09:00,9862.0,9873.0,9792.0,9807.0,388400,0.0,0.0
2024-05-08 13:00:00+09:00,9806.0,9808.0,9762.0,9789.0,167600,0.0,0.0
2024-05-08 14:00:00+09:00,9781.0,9872.0,9777.0,9820.0,159400,0.0,0.0
2024-05-09 09:00:00+09:00,9809.0,9843.0,9699.0,9724.0,247400,0.0,0.0
2024-05-09 10:00:00+09:00,9724.0,9751.0,9685.0,9742.0,112200,0.0,0.0
2024-05-09 11:00:00+09:00,9742.0,9770.0,9729.0,9754.0,0,0.0,0.0
2024-05-09 12:00:00+09:00,9747.0,9782.0,9742.0,9753.0,455000,0.0,0.0
2024-05-09 13:00:00+09:00,9753.0,9793.0,9745.0,9751.0,66800,0.0,0.0
2024-05-09 14:00:00+09:00,9751.0,9757.0,9708.0,9710.0,120600,0.0,0.0
2024-05-10 09:00:00+09:00,9829.0,10000.0,9772.0,9989.0,319700,0.0,0.0
2024-05-10 10:00:00+09:00,9989.0,9999.0,9850.0,9886.0,75400,0.0,0.0
2024-05-10 11:00:00+09:00,9883.0,9891.0,9856.0,9856.0,0,0.0,0.0
2024-05-10 12:00:00+09:00,9853.0,9853.0,9802.0,9829.0,481700,0.0,0.0
2024-05-10 13:00:00+09:00,9832.0,9844.0,9785.0,9791.0,70400,0.0,0.0
2024-05-10 14:00:00+09:00,9789.0,9810.0,9776.0,9806.0,91100,0.0,0.0
2024-05-13 09:00:00+09:00,9734.0,9786.0,9685.0,9776.0,115200,0.0,0.0
2024-05-13 10:00:00+09:00,9777.0,9804.0,9708.0,9727.0,67500,0.0,0.0
2024-05-13 11:00:00+09:00,9727.0,9794.0,9727.0,9779.0,0,0.0,0.0
2024-05-13 12:00:00+09:00,9758.0,9758.0,9711.0,9712.0,262300,0.0,0.0
2024-05-13 13:00:00+09:00,9711.0,9717.0,9666.0,9682.0,83400,0.0,0.0
2024-05-13 14:00:00+09:00,9683.0,9702.0,9665.0,9665.0,152500,0.0,0.0
2024-05-14 09:00:00+09:00,9600.0,9714.0,9589.0,9605.0,168400,0.0,0.0
2024-05-14 10:00:00+09:00,9609.0,9615.0,9455.0,9515.0,149400,0.0,0.0
2024-05-14 11:00:00+09:00,9516.0,9533.0,9495.0,9500.0,0,0.0,0.0
2024-05-14 12:00:00+09:00,9479.0,9496.0,9443.0,9488.0,457400,0.0,0.0
2024-05-14 13:00:00+09:00,9488.0,9512.0,9473.0,9494.0,74600,0.0,0.0
2024-05-14 14:00:00+09:00,9494.0,9555.0,9484.0,9538.0,118000,0.0,0.0
2024-05-15 09:00:00+09:00,9607.0,9767.0,9589.0,9657.0,211100,0.0,0.0
2024-05-15 10:00:00+09:00,9659.0,9710.0,9647.0,9680.0,60400,0.0,0.0
2024-05-15 11:00:00+09:00,9680.0,9683.0,9634.0,9655.0,0,0.0,0.0
2024-05-15 12:00:00+09:00,9695.0,9712.0,9664.0,9666.0,340300,0.0,0.0
2024-05-15 13:00:00+09:00,9664.0,9664.0,9620.0,9626.0,48700,0.0,0.0
2024-05-15 14:00:00+09:00,9626.0,9645.0,9602.0,9628.0,71700,0.0,0.0
2024-05-16 09:00:00+09:00,9629.0,9707.0,9482.0,9497.0,168700,0.0,0.0
2024-05-16 10:00:00+09:00,9498.0,9514.0,9438.0,9474.0,115700,0.0,0.0
2024-05-16 11:00:00+09:00,9472.0,9486.0,9440.0,9461.0,0,0.0,0.0
2024-05-16 12:00:00+09:00,9480.0,9535.0,9477.0,9528.0,397500,0.0,0.0
2024-05-16 13:00:00+09:00,9529.0,9565.0,9514.0,9546.0,82400,0.0,0.0
2024-05-16 14:00:00+09:00,9547.0,9678.0,9547.0,9655.0,177900,0.0,0.0
2024-05-17 09:00:00+09:00,9620.0,9668.0,9568.0,9576.0,268700,0.0,0.0
2024-05-17 10:00:00+09:00,9578.0,9601.0,9569.0,9587.0,60400,0.0,0.0
2024-05-17 11:00:00+09:00,9589.0,9594.0,9572.0,9578.0,0,0.0,0.0
2024-05-17 12:00:00+09:00,9568.0,9622.0,9557.0,9590.0,441400,0.0,0.0
2024-05-17 13:00:00+09:00,9588.0,9589.0,9545.0,9549.0,53000,0.0,0.0
2024-05-17 14:00:00+09:00,9550.0,9583.0,9531.0,9578.0,119300,0.0,0.0
2024-05-20 09:00:00+09:00,9550.0,9663.0,9545.0,9663.0,237200,0.0,0.0
2024-05-20 10:00:00+09:00,9663.0,9713.0,9656.0,9688.0,145600,0.0,0.0
2024-05-20 11:00:00+09:00,9686.0,9686.0,9646.0,9685.0,0,0.0,0.0
2024-05-20 12:00:00+09:00,9652.0,9659.0,9625.0,9650.0,480700,0.0,0.0
2024-05-20 13:00:00+09:00,9647.0,9657.0,9626.0,9654.0,56200,0.0,0.0
2024-05-20 14:00:00+09:00,9652.0,9664.0,9611.0,9646.0,116000,0.0,0.0
2024-05-21 09:00:00+09:00,9594.0,9676.0,9587.0,9613.0,190100,0.0,0.0
2024-05-21 10:00:00+09:00,9611.0,9644.0,9586.0,9614.0,75100,0.0,0.0
2024-05-21 11:00:00+09:00,9612.0,9634.0,9595.0,9634.0,0,0.0,0.0
2024-05-21 12:00:00+09:00,9623.0,9642.0,9593.0,9593.0,360600,0.0,0.0
2024-05-21 13:00:00+09:00,9591.0,9602.0,9573.0,9592.0,69700,0.0,0.0
2024-05-21 14:00:00+09:00,9592.0,9614.0,9570.0,9584.0,129400,0.0,0.0
2024-05-22 09:00:00+09:00,9600.0,9614.0,9478.0,9514.0,159600,0.0,0.0
2024-05-22 10:00:00+09:00,9511.0,9580.0,9491.0,9561.0,105700,0.0,0.0
2024-05-22 11:00:00+09:00,9564.0,9586.0,9541.0,9545.0,0,0.0,0.0
2024-05-22 12:00:00+09:00,9550.0,9553.0,9511.0,9549.0,375900,0.0,0.0
2024-05-22 13:00:00+09:00,9548.0,9570.0,9532.0,9535.0,84200,0.0,0.0
2024-05-22 14:00:00+09:00,9535.0,9563.0,9477.0,9477.0,133200,0.0,0.0
2024-05-23 09:00:00+09:00,9444.0,9468.0,9332.0,9436.0,152200,0.0,0.0
2024-05-23 10:00:00+09:00,9441.0,9461.0,9425.0,9443.0,59300,0.0,0.0
2024-05-23 11:00:00+09:00,9443.0,9458.0,9422.0,9451.0,0,0.0,0.0
2024-05-23 12:00:00+09:00,9478.0,9517.0,9450.0,9478.0,292000,0.0,0.0
2024-05-23 13:00:00+09:00,9480.0,9507.0,9464.0,9507.0,51100,0.0,0.0
2024-05-23 14:00:00+09:00,9508.0,9535.0,9487.0,9535.0,117800,0.0,0.0
2024-05-24 09:00:00+09:00,9300.0,9402.0,9265.0,9377.0,193700,0.0,0.0
2024-05-24 10:00:00+09:00,9379.0,9442.0,9375.0,9413.0,58600,0.0,0.0
2024-05-24 11:00:00+09:00,9415.0,9450.0,9409.0,9448.0,0,0.0,0.0
2024-05-24 12:00:00+09:00,9450.0,9475.0,9435.0,9447.0,330800,0.0,0.0
2024-05-24 13:00:00+09:00,9450.0,9508.0,9440.0,9491.0,59900,0.0,0.0
2024-05-24 14:00:00+09:00,9490.0,9502.0,9408.0,9449.0,114000,0.0,0.0
2024-05-27 09:00:00+09:00,9530.0,9544.0,9478.0,9487.0,102200,0.0,0.0
2024-05-27 10:00:00+09:00,9491.0,9534.0,9486.0,9521.0,49000,0.0,0.0
2024-05-27 11:00:00+09:00,9523.0,9526.0,9509.0,9515.0,0,0.0,0.0
2024-05-27 12:00:00+09:00,9533.0,9568.0,9508.0,9546.0,226800,0.0,0.0
2024-05-27 13:00:00+09:00,9543.0,9596.0,9525.0,9545.0,74700,0.0,0.0
2024-05-27 14:00:00+09:00,9546.0,9589.0,9545.0,9587.0,93800,0.0,0.0
2024-05-28 09:00:00+09:00,9619.0,9688.0,9601.0,9639.0,166200,0.0,0.0
2024-05-28 10:00:00+09:00,9638.0,9644.0,9574.0,9581.0,72100,0.0,0.0
2024-05-28 11:00:00+09:00,9581.0,9589.0,9569.0,9582.0,0,0.0,0.0
2024-05-28 12:00:00+09:00,9582.0,9658.0,9580.0,9644.0,333700,0.0,0.0
2024-05-28 13:00:00+09:00,9645.0,9680.0,9619.0,9627.0,102900,0.0,0.0
2024-05-28 14:00:00+09:00,9628.0,9678.0,9622.0,9674.0,96900,0.0,0.0
2024-05-29 09:00:00+09:00,9699.0,9742.0,9611.0,9620.0,202100,0.0,0.0
2024-05-29 10:00:00+09:00,9620.0,9637.0,9561.0,9596.0,66400,0.0,0.0
2024-05-29 11:00:00+09:00,9595.0,9644.0,9582.0,9633.0,0,0.0,0.0
2024-05-29 12:00:00+09:00,9640.0,9645.0,9596.0,9602.0,355000,0.0,0.0
2024-05-29 13:00:00+09:00,9603.0,9627.0,9598.0,9605.0,60600,0.0,0.0
2024-05-29 14:00:00+09:00,9606.0,9626.0,9565.0,9568.0,105100,0.0,0.0
2024-05-30 09:00:00+09:00,9583.0,9584.0,9288.0,9301.0,379900,0.0,0.0
2024-05-30 10:00:00+09:00,9300.0,9425.0,9290.0,9400.0,117300,0.0,0.0
2024-05-30 11:00:00+09:00,9401.0,9461.0,9401.0,9458.0,0,0.0,0.0
2024-05-30 12:00:00+09:00,9480.0,9524.0,9465.0,9504.0,629200,0.0,0.0
2024-05-30 13:00:00+09:00,9505.0,9524.0,9492.0,9514.0,83900,0.0,0.0
2024-05-30 14:00:00+09:00,9512.0,9517.0,9432.0,9477.0,144700,0.0,0.0
2024-05-31 09:00:00+09:00,9507.0,9533.0,9406.0,9470.0,264300,0.0,0.0
2024-05-31 10:00:00+09:00,9470.0,9490.0,9428.0,9448.0,103900,0.0,0.0
2024-05-31 11:00:00+09:00,9450.0,9464.0,9436.0,9454.0,0,0.0,0.0
2024-05-31 12:00:00+09:00,9474.0,9535.0,9465.0,9531.0,533600,0.0,0.0
2024-05-31 13:00:00+09:00,9530.0,9542.0,9454.0,9541.0,108500,0.0,0.0
2024-05-31 14:00:00+09:00,9542.0,9583.0,9532.0,9532.0,192800,0.0,0.0
2024-06-03 09:00:00+09:00,9638.0,9730.0,9610.0,9660.0,244700,0.0,0.0
2024-06-03 10:00:00+09:00,9660.0,9685.0,9614.0,9626.0,90700,0.0,0.0
2024-06-03 11:00:00+09:00,9628.0,9650.0,9605.0,9636.0,0,0.0,0.0
2024-06-03 12:00:00+09:00,9600.0,9632.0,9572.0,9609.0,458500,0.0,0.0
2024-06-03 13:00:00+09:00,9607.0,9629.0,9595.0,9614.0,77100,0.0,0.0
2024-06-03 14:00:00+09:00,9612.0,9614.0,9567.0,9567.0,143500,0.0,0.0
2024-06-04 09:00:00+09:00,9483.0,9508.0,9422.0,9431.0,217600,0.0,0.0
2024-06-04 10:00:00+09:00,9427.0,9427.0,9301.0,9316.0,146500,0.0,0.0
2024-06-04 11:00:00+09:00,9323.0,9323.0,9290.0,9300.0,0,0.0,0.0
2024-06-04 12:00:00+09:00,9341.0,9395.0,9324.0,9350.0,516100,0.0,0.0
2024-06-04 13:00:00+09:00,9351.0,9385.0,9345.0,9377.0,90500,0.0,0.0
2024-06-04 14:00:00+09:00,9373.0,9394.0,9349.0,9393.0,125300,0.0,0.0
2024-06-05 09:00:00+09:00,9287.0,9299.0,9052.0,9130.0,356100,0.0,0.0
2024-06-05 10:00:00+09:00,9133.0,9142.0,9070.0,9110.0,132700,0.0,0.0
2024-06-05 11:00:00+09:00,9110.0,9135.0,9105.0,9106.0,0,0.0,0.0
2024-06-05 12:00:00+09:00,9106.0,9107.0,9033.0,9060.0,655500,0.0,0.0
2024-06-05 13:00:00+09:00,9058.0,9085.0,9051.0,9054.0,85700,0.0,0.0
2024-06-05 14:00:00+09:00,9053.0,9098.0,9035.0,9094.0,203600,0.0,0.0
2024-06-06 09:00:00+09:00,9099.0,9164.0,9068.0,9112.0,186300,0.0,0.0
2024-06-06 10:00:00+09:00,9111.0,9158.0,9072.0,9152.0,83000,0.0,0.0
2024-06-06 11:00:00+09:00,9151.0,9151.0,9109.0,9130.0,0,0.0,0.0
2024-06-06 12:00:00+09:00,9115.0,9128.0,9083.0,9084.0,349400,0.0,0.0
2024-06-06 13:00:00+09:00,9086.0,9113.0,9079.0,9106.0,58700,0.0,0.0
2024-06-06 14:00:00+09:00,9106.0,9133.0,9092.0,9092.0,84200,0.0,0.0
2024-06-07 09:00:00+09:00,9100.0,9170.0,9084.0,9157.0,134100,0.0,0.0
2024-06-07 10:00:00+09:00,9158.0,9178.0,9110.0,9110.0,56200,0.0,0.0
2024-06-07 11:00:00+09:00,9105.0,9147.0,9099.0,9140.0,0,0.0,0.0
2024-06-07 12:00:00+09:00,9158.0,9171.0,9135.0,9159.0,255800,0.0,0.0
2024-06-07 13:00:00+09:00,9160.0,9168.0,9132.0,9157.0,43400,0.0,0.0
2024-06-07 14:00:00+09:00,9154.0,9190.0,9148.0,9182.0,91600,0.0,0.0
2024-06-10 09:00:00+09:00,9152.0,9279.0,9152.0,9254.0,104300,0.0,0.0
2024-06-10 10:00:00+09:00,9251.0,9259.0,9230.0,9257.0,41800,0.0,0.0
2024-06-10 11:00:00+09:00,9255.0,9283.0,9250.0,9281.0,0,0.0,0.0
2024-06-10 12:00:00+09:00,9300.0,9324.0,9284.0,9288.0,237500,0.0,0.0
2024-06-10 13:00:00+09:00,9287.0,9324.0,9271.0,9323.0,62200,0.0,0.0
2024-06-10 14:00:00+09:00,9323.0,9335.0,9305.0,9321.0,85700,0.0,0.0
2024-06-11 09:00:00+09:00,9360.0,9412.0,9320.0,9382.0,134600,0.0,0.0
2024-06-11 10:00:00+09:00,9379.0,9386.0,9312.0,9332.0,63400,0.0,0.0
2024-06-11 11:00:00+09:00,9329.0,9337.0,9314.0,9324.0,0,0.0,0.0
2024-06-11 12:00:00+09:00,9305.0,9311.0,9275.0,9289.0,262800,0.0,0.0
2024-06-11 13:00:00+09:00,9292.0,9312.0,9276.0,9294.0,36400,0.0,0.0
2024-06-11 14:00:00+09:00,9291.0,9316.0,9277.0,9311.0,99400,0.0,0.0
2024-06-12 09:00:00+09:00,9251.0,9273.0,9180.0,9261.0,134300,0.0,0.0
2024-06-12 10:00:00+09:00,9260.0,9264.0,9201.0,9202.0,57600,0.0,0.0
2024-06-12 11:00:00+09:00,9201.0,9217.0,9199.0,9206.0,0,0.0,0.0
2024-06-12 12:00:00+09:00,9217.0,9227.0,9198.0,9210.0,282800,0.0,0.0
2024-06-12 13:00:00+09:00,9211.0,9233.0,9209.0,9232.0,43500,0.0,0.0
2024-06-12 14:00:00+09:00,9233.0,9237.0,9215.0,9235.0,76800,0.0,0.0
2024-06-13 09:00:00+09:00,9168.0,9218.0,9022.0,9058.0,236400,0.0,0.0
2024-06-13 10:00:00+09:00,9058.0,9065.0,8996.0,8997.0,110300,0.0,0.0
2024-06-13 11:00:00+09:00,8999.0,9012.0,8962.0,8969.0,0,0.0,0.0
2024-06-13 12:00:00+09:00,8962.0,8994.0,8936.0,8981.0,503500,0.0,0.0
2024-06-13 13:00:00+09:00,8980.0,8997.0,8962.0,8982.0,59200,0.0,0.0
2024-06-13 14:00:00+09:00,8980.0,8991.0,8943.0,8955.0,134500,0.0,0.0
2024-06-14 09:00:00+09:00,8955.0,9032.0,8930.0,9005.0,876600,0.0,0.0
2024-06-14 10:00:00+09:00,9001.0,9072.0,8995.0,9055.0,85500,0.0,0.0
2024-06-14 11:00:00+09:00,9053.0,9069.0,9037.0,9055.0,0,0.0,0.0
2024-06-14 12:00:00+09:00,9094.0,9133.0,9073.0,9118.0,1068200,0.0,0.0
2024-06-14 13:00:00+09:00,9116.0,9133.0,9085.0,9123.0,80300,0.0,0.0
2024-06-14 14:00:00+09:00,9122.0,9153.0,9112.0,9153.0,129700,0.0,0.0
2024-06-17 09:00:00+09:00,8920.0,8939.0,8790.0,8790.0,350200,0.0,0.0
2024-06-17 10:00:00+09:00,8794.0,8833.0,8766.0,8833.0,176800,0.0,0.0
2024-06-17 11:00:00+09:00,8834.0,8843.0,8813.0,8834.0,0,0.0,0.0
2024-06-17 12:00:00+09:00,8830.0,8830.0,8771.0,8775.0,701300,0.0,0.0
2024-06-17 13:00:00+09:00,8775.0,8800.0,8770.0,8795.0,119600,0.0,0.0
2024-06-17 14:00:00+09:00,8795.0,8848.0,8787.0,8820.0,189200,0.0,0.0
2024-06-18 09:00:00+09:00,8830.0,8851.0,8751.0,8756.0,225600,0.0,0.0
2024-06-18 10:00:00+09:00,8756.0,8786.0,8741.0,8766.0,91300,0.0,0.0
2024-06-18 11:00:00+09:00,8768.0,8797.0,8764.0,8784.0,0,0.0,0.0
2024-06-18 12:00:00+09:00,8761.0,8799.0,8747.0,8765.0,456600,0.0,0.0
2024-06-18 13:00:00+09:00,8768.0,8770.0,8737.0,8755.0,112100,0.0,0.0
2024-06-18 14:00:00+09:00,8756.0,8804.0,8752.0,8804.0,150000,0.0,0.0
2024-06-19 09:00:00+09:00,8819.0,8868.0,8777.0,8817.0,141500,0.0,0.0
2024-06-19 10:00:00+09:00,8818.0,8849.0,8798.0,8815.0,81800,0.0,0.0
2024-06-19 11:00:00+09:00,8814.0,8840.0,8798.0,8832.0,0,0.0,0.0
2024-06-19 12:00:00+09:00,8817.0,8848.0,8805.0,8848.0,332300,0.0,0.0
2024-06-19 13:00:00+09:00,8848.0,8859.0,8825.0,8839.0,81100,0.0,0.0
2024-06-19 14:00:00+09:00,8839.0,8876.0,8828.0,8873.0,112200,0.0,0.0
2024-06-20 09:00:00+09:00,8770.0,8842.0,8755.0,8805.0,184100,0.0,0.0
2024-06-20 10:00:00+09:00,8806.0,8813.0,8755.0,8766.0,85000,0.0,0.0
2024-06-20 11:00:00+09:00,8766.0,8773.0,8757.0,8769.0,0,0.0,0.0
2024-06-20 12:00:00+09:00,8768.0,8814.0,8768.0,8810.0,362300,0.0,0.0
2024-06-20 13:00:00+09:00,8809.0,8858.0,8792.0,8856.0,81000,0.0,0.0
2024-06-20 14:00:00+09:00,8855.0,8896.0,8835.0,8896.0,108200,0.0,0.0
2024-06-21 09:00:00+09:00,8950.0,8986.0,8841.0,8865.0,193000,0.0,0.0
2024-06-21 10:00:00+09:00,8864.0,8870.0,8829.0,8847.0,67800,0.0,0.0
2024-06-21 11:00:00+09:00,8846.0,8870.0,8842.0,8856.0,0,0.0,0.0
2024-06-21 12:00:00+09:00,8855.0,8863.0,8830.0,8856.0,332200,0.0,0.0
2024-06-21 13:00:00+09:00,8856.0,8875.0,8846.0,8864.0,55600,0.0,0.0
2024-06-21 14:00:00+09:00,8861.0,8895.0,8850.0,8879.0,137800,0.0,0.0
2024-06-24 09:00:00+09:00,8965.0,9008.0,8915.0,9007.0,191300,0.0,0.0
2024-06-24 10:00:00+09:00,9008.0,9010.0,8939.0,8997.0,86600,0.0,0.0
2024-06-24 11:00:00+09:00,8997.0,9006.0,8981.0,8986.0,0,0.0,0.0
2024-06-24 12:00:00+09:00,9015.0,9062.0,8999.0,9062.0,395100,0.0,0.0
2024-06-24 13:00:00+09:00,9061.0,9099.0,9060.0,9093.0,97700,0.0,0.0
2024-06-24 14:00:00+09:00,9096.0,9117.0,9083.0,9099.0,195800,0.0,0.0
2024-06-25 09:00:00+09:00,9249.0,9335.0,9207.0,9308.0,229500,0.0,0.0
2024-06-25 10:00:00+09:00,9310.0,9412.0,9301.0,9396.0,184000,0.0,0.0
2024-06-25 11:00:00+09:00,9395.0,9429.0,9389.0,9418.0,0,0.0,0.0
2024-06-25 12:00:00+09:00,9431.0,9448.0,9415.0,9441.0,552000,0.0,0.0
2024-06-25 13:00:00+09:00,9441.0,9459.0,9420.0,9459.0,128400,0.0,0.0
2024-06-25 14:00:00+09:00,9459.0,9545.0,9450.0,9539.0,207400,0.0,0.0
2024-06-26 09:00:00+09:00,9550.0,9556.0,9382.0,9434.0,197700,0.0,0.0
2024-06-26 10:00:00+09:00,9438.0,9479.0,9404.0,9463.0,93300,0.0,0.0
2024-06-26 11:00:00+09:00,9463.0,9482.0,9440.0,9478.0,0,0.0,0.0
2024-06-26 12:00:00+09:00,9478.0,9509.0,9457.0,9487.0,391600,0.0,0.0
2024-06-26 13:00:00+09:00,9494.0,9494.0,9452.0,9457.0,118000,0.0,0.0
2024-06-26 14:00:00+09:00,9458.0,9518.0,9458.0,9518.0,137600,0.0,0.0
2024-06-27 09:00:00+09:00,3161.0,3170.0,3116.0,3118.0,396300,0.0,0.0
2024-06-27 10:00:00+09:00,3118.0,3125.0,3112.0,3124.0,176300,0.0,0.0
2024-06-27 11:00:00+09:00,3123.0,3124.0,3113.0,3124.0,0,0.0,0.0
2024-06-27 12:00:00+09:00,3130.0,3139.0,3124.0,3128.0,751100,0.0,0.0
2024-06-27 13:00:00+09:00,3129.0,3135.0,3120.0,3126.0,122200,0.0,0.0
2024-06-27 14:00:00+09:00,3127.0,3133.0,3091.0,3098.0,412400,0.0,0.0
2024-06-28 09:00:00+09:00,3128.0,3141.0,3108.0,3129.0,467300,0.0,0.0
2024-06-28 10:00:00+09:00,3130.0,3143.0,3109.0,3118.0,328000,0.0,0.0
2024-06-28 11:00:00+09:00,3117.0,3120.0,3110.0,3115.0,0,0.0,0.0
2024-06-28 12:00:00+09:00,3117.0,3138.0,3115.0,3137.0,1044600,0.0,0.0
2024-06-28 13:00:00+09:00,3137.0,3138.0,3123.0,3124.0,176600,0.0,0.0
2024-06-28 14:00:00+09:00,3124.0,3128.0,3114.0,3125.0,288400,0.0,0.0
2024-07-01 09:00:00+09:00,3200.0,3215.0,3178.0,3182.0,685100,0.0,0.0
2024-07-01 10:00:00+09:00,3183.0,3200.0,3175.0,3196.0,264500,0.0,0.0
2024-07-01 11:00:00+09:00,3197.0,3201.0,3192.0,3201.0,0,0.0,0.0
2024-07-01 12:00:00+09:00,3210.0,3211.0,3193.0,3195.0,1272100,0.0,0.0
2024-07-01 13:00:00+09:00,3195.0,3197.0,3187.0,3190.0,167300,0.0,0.0
2024-07-01 14:00:00+09:00,3189.0,3194.0,3178.0,3178.0,341200,0.0,0.0
2024-07-02 09:00:00+09:00,3166.0,3202.0,3157.0,3199.0,413400,0.0,0.0
2024-07-02 10:00:00+09:00,3199.0,3238.0,3199.0,3238.0,347800,0.0,0.0
2024-07-02 11:00:00+09:00,3236.0,3244.0,3221.0,3223.0,0,0.0,0.0
2024-07-02 12:00:00+09:00,3217.0,3218.0,3202.0,3217.0,1000700,0.0,0.0
2024-07-02 13:00:00+09:00,3215.0,3242.0,3214.0,3238.0,162700,0.0,0.0
2024-07-02 14:00:00+09:00,3238.0,3238.0,3219.0,3219.0,269300,0.0,0.0
2024-07-03 09:00:00+09:00,3232.0,3241.0,3198.0,3218.0,508000,0.0,0.0
2024-07-03 10:00:00+09:00,3219.0,3236.0,3210.0,3229.0,234100,0.0,0.0
2024-07-03 11:00:00+09:00,3230.0,3235.0,3228.0,3229.0,0,0.0,0.0
2024-07-03 12:00:00+09:00,3225.0,3242.0,3224.0,3227.0,1012500,0.0,0.0
2024-07-03 13:00:00+09:00,3227.0,3241.0,3222.0,3240.0,185300,0.0,0.0
2024-07-03 14:00:00+09:00,3240.0,3257.0,3238.0,3248.0,470600,0.0,0.0
2024-07-04 09:00:00+09:00,3260.0,3299.0,3259.0,3281.0,480300,0.0,0.0
2024-07-04 10:00:00+09:00,3282.0,3295.0,3281.0,3288.0,152100,0.0,0.0
2024-07-04 11:00:00+09:00,3287.0,3294.0,3284.0,3292.0,0,0.0,0.0
2024-07-04 12:00:00+09:00,3292.0,3319.0,3292.0,3319.0,989700,0.0,0.0
2024-07-04 13:00:00+09:00,3318.0,3329.0,3312.0,3325.0,241700,0.0,0.0
2024-07-04 14:00:00+09:00,3324.0,3333.0,3315.0,3330.0,388300,0.0,0.0
2024-07-05 09:00:00+09:00,3324.0,3341.0,3289.0,3298.0,351800,0.0,0.0
2024-07-05 10:00:00+09:00,3299.0,3308.0,3291.0,3304.0,156400,0.0,0.0
2024-07-05 11:00:00+09:00,3304.0,3305.0,3296.0,3299.0,0,0.0,0.0
2024-07-05 12:00:00+09:00,3280.0,3289.0,3272.0,3280.0,738500,0.0,0.0
2024-07-05 13:00:00+09:00,3280.0,3294.0,3279.0,3283.0,104000,0.0,0.0
2024-07-05 14:00:00+09:00,3284.0,3284.0,3264.0,3266.0,229400,0.0,0.0
