Datetime,Open,High,Low,Close,Volume,Dividends,Stock Splits
2024-10-28 09:30:00-04:00,0.7799999713897705,0.7875000238418579,0.7799999713897705,0.7875000238418579,6773,0.0,0.0
2024-10-28 09:33:00-04:00,0.7766000032424927,0.7766000032424927,0.7766000032424927,0.7766000032424927,3674,0.0,0.0
2024-10-28 09:34:00-04:00,0.7797999978065491,0.7797999978065491,0.7797999978065491,0.7797999978065491,100,0.0,0.0
2024-10-28 09:41:00-04:00,0.7795000076293945,0.7795000076293945,0.7795000076293945,0.7795000076293945,537,0.0,0.0
2024-10-28 09:43:00-04:00,0.7795000076293945,0.7795000076293945,0.7795000076293945,0.7795000076293945,530,0.0,0.0
2024-10-28 09:44:00-04:00,0.7699000239372253,0.7699000239372253,0.7699000239372253,0.7699000239372253,1002,0.0,0.0
2024-10-28 09:49:00-04:00,0.7700999975204468,0.7700999975204468,0.7700999975204468,0.7700999975204468,0,0.0,0.0
2024-10-28 09:51:00-04:00,0.7778000235557556,0.7778000235557556,0.7778000235557556,0.7778000235557556,14916,0.0,0.0
2024-10-28 09:52:00-04:00,0.777899980545044,0.777899980545044,0.7778000235557556,0.7778000235557556,732,0.0,0.0
2024-10-28 09:53:00-04:00,0.777899980545044,0.777899980545044,0.777899980545044,0.777899980545044,736,0.0,0.0
2024-10-28 09:54:00-04:00,0.760699987411499,0.7692999839782715,0.760699987411499,0.7692999839782715,3055,0.0,0.0
2024-10-28 09:55:00-04:00,0.7692999839782715,0.7692999839782715,0.7692999839782715,0.7692999839782715,500,0.0,0.0
2024-10-28 09:56:00-04:00,0.7778000235557556,0.7778000235557556,0.7778000235557556,0.7778000235557556,132,0.0,0.0
2024-10-28 09:59:00-04:00,0.7777000069618225,0.7778000235557556,0.7777000069618225,0.7778000235557556,680,0.0,0.0
2024-10-28 10:00:00-04:00,0.760699987411499,0.760699987411499,0.760699987411499,0.760699987411499,126,0.0,0.0
2024-10-28 10:05:00-04:00,0.7743790149688721,0.7743790149688721,0.7743790149688721,0.7743790149688721,201,0.0,0.0
2024-10-28 10:10:00-04:00,0.760699987411499,0.760699987411499,0.7538999915122986,0.7538999915122986,1783,0.0,0.0
2024-10-28 10:11:00-04:00,0.7502999901771545,0.7502999901771545,0.7502999901771545,0.7502999901771545,251,0.0,0.0
2024-10-28 10:13:00-04:00,0.774399995803833,0.774399995803833,0.7623000144958496,0.7623000144958496,200,0.0,0.0
2024-10-28 10:17:00-04:00,0.774399995803833,0.774399995803833,0.774399995803833,0.774399995803833,100,0.0,0.0
2024-10-28 10:18:00-04:00,0.7509999871253967,0.7509999871253967,0.7509999871253967,0.7509999871253967,135,0.0,0.0
2024-10-28 10:26:00-04:00,0.7716000080108643,0.7716000080108643,0.7716000080108643,0.7716000080108643,709,0.0,0.0
2024-10-28 10:29:00-04:00,0.7544999718666077,0.7576000094413757,0.7544999718666077,0.7576000094413757,437,0.0,0.0
2024-10-28 10:36:00-04:00,0.7509999871253967,0.7509999871253967,0.7509999871253967,0.7509999871253967,100,0.0,0.0
2024-10-28 10:37:00-04:00,0.774399995803833,0.774399995803833,0.774399995803833,0.774399995803833,100,0.0,0.0
2024-10-28 10:40:00-04:00,0.774399995803833,0.774399995803833,0.774399995803833,0.774399995803833,136,0.0,0.0
2024-10-28 10:55:00-04:00,0.7654820084571838,0.7654820084571838,0.7654820084571838,0.7654820084571838,500,0.0,0.0
2024-10-28 10:56:00-04:00,0.7707840204238892,0.7742999792098999,0.7707840204238892,0.7742999792098999,748,0.0,0.0
2024-10-28 11:00:00-04:00,0.7609999775886536,0.7671499848365784,0.7599999904632568,0.7599999904632568,4053,0.0,0.0
2024-10-28 11:03:00-04:00,0.7504000067710876,0.7504000067710876,0.7504000067710876,0.7504000067710876,204,0.0,0.0
2024-10-28 11:15:00-04:00,0.7509999871253967,0.7509999871253967,0.7509999871253967,0.7509999871253967,192,0.0,0.0
2024-10-28 11:22:00-04:00,0.7502999901771545,0.7502999901771545,0.7502999901771545,0.7502999901771545,3637,0.0,0.0
2024-10-28 11:24:00-04:00,0.7742999792098999,0.7742999792098999,0.7742999792098999,0.7742999792098999,100,0.0,0.0
2024-10-28 11:28:00-04:00,0.7509999871253967,0.7509999871253967,0.7501000165939331,0.7501000165939331,2309,0.0,0.0
2024-10-28 11:30:00-04:00,0.7742999792098999,0.7742999792098999,0.7742999792098999,0.7742999792098999,108,0.0,0.0
2024-10-28 11:36:00-04:00,0.7502999901771545,0.7502999901771545,0.7502999901771545,0.7502999901771545,123,0.0,0.0
2024-10-28 11:51:00-04:00,0.7699499726295471,0.7699499726295471,0.7699499726295471,0.7699499726295471,198,0.0,0.0
2024-10-28 11:53:00-04:00,0.7739999890327454,0.7739999890327454,0.7739999890327454,0.7739999890327454,100,0.0,0.0
2024-10-28 11:54:00-04:00,0.7739999890327454,0.7739999890327454,0.7739999890327454,0.7739999890327454,123,0.0,0.0
2024-10-28 11:58:00-04:00,0.7506999969482422,0.7506999969482422,0.7506999969482422,0.7506999969482422,162,0.0,0.0
2024-10-28 12:05:00-04:00,0.7506999969482422,0.7509999871253967,0.7506999969482422,0.7509999871253967,457,0.0,0.0
2024-10-28 12:19:00-04:00,0.7512000203132629,0.7512000203132629,0.7512000203132629,0.7512000203132629,4000,0.0,0.0
2024-10-28 12:21:00-04:00,0.7511000037193298,0.7511000037193298,0.7511000037193298,0.7511000037193298,105,0.0,0.0
2024-10-28 12:29:00-04:00,0.7739999890327454,0.7739999890327454,0.7739999890327454,0.7739999890327454,246,0.0,0.0
2024-10-28 12:32:00-04:00,0.7738999724388123,0.7738999724388123,0.7738999724388123,0.7738999724388123,792,0.0,0.0
2024-10-28 12:42:00-04:00,0.7727000117301941,0.7727000117301941,0.7727000117301941,0.7727000117301941,154,0.0,0.0
2024-10-28 12:45:00-04:00,0.7511000037193298,0.7511000037193298,0.7511000037193298,0.7511000037193298,122,0.0,0.0
2024-10-28 13:02:00-04:00,0.7552639842033386,0.7626000046730042,0.7552639842033386,0.7626000046730042,1625,0.0,0.0
2024-10-28 13:03:00-04:00,0.762499988079071,0.762499988079071,0.762499988079071,0.762499988079071,500,0.0,0.0
2024-10-28 13:04:00-04:00,0.7738999724388123,0.7738999724388123,0.7738999724388123,0.7738999724388123,100,0.0,0.0
2024-10-28 13:05:00-04:00,0.7738999724388123,0.7738999724388123,0.7738999724388123,0.7738999724388123,117,0.0,0.0
2024-10-28 13:10:00-04:00,0.7519999742507935,0.7519999742507935,0.7519999742507935,0.7519999742507935,432,0.0,0.0
2024-10-28 13:40:00-04:00,0.7491999864578247,0.7491999864578247,0.7491999864578247,0.7491999864578247,0,0.0,0.0
2024-10-28 13:42:00-04:00,0.7462999820709229,0.7559000253677368,0.7462999820709229,0.7559000253677368,52688,0.0,0.0
2024-10-28 13:44:00-04:00,0.7547000050544739,0.7547000050544739,0.7547000050544739,0.7547000050544739,114,0.0,0.0
2024-10-28 13:49:00-04:00,0.7479000091552734,0.7479000091552734,0.7366999983787537,0.7366999983787537,1216,0.0,0.0
2024-10-28 13:54:00-04:00,0.7411999702453613,0.7411999702453613,0.7411999702453613,0.7411999702453613,1091,0.0,0.0
2024-10-28 13:57:00-04:00,0.734000027179718,0.734000027179718,0.734000027179718,0.734000027179718,100,0.0,0.0
2024-10-28 13:59:00-04:00,0.7516989707946777,0.7516989707946777,0.7516989707946777,0.7516989707946777,118,0.0,0.0
2024-10-28 14:01:00-04:00,0.7335000038146973,0.7335000038146973,0.7335000038146973,0.7335000038146973,337,0.0,0.0
2024-10-28 14:07:00-04:00,0.7411999702453613,0.7411999702453613,0.7411999702453613,0.7411999702453613,500,0.0,0.0
2024-10-28 14:12:00-04:00,0.734000027179718,0.734000027179718,0.734000027179718,0.734000027179718,100,0.0,0.0
2024-10-28 14:17:00-04:00,0.7516999840736389,0.7516999840736389,0.7516999840736389,0.7516999840736389,100,0.0,0.0
2024-10-28 14:19:00-04:00,0.734000027179718,0.734000027179718,0.734000027179718,0.734000027179718,100,0.0,0.0
2024-10-28 14:22:00-04:00,0.7502999901771545,0.7502999901771545,0.7502999901771545,0.7502999901771545,100,0.0,0.0
2024-10-28 14:28:00-04:00,0.7454190254211426,0.7454190254211426,0.7454190254211426,0.7454190254211426,250,0.0,0.0
2024-10-28 14:33:00-04:00,0.7422999739646912,0.7422999739646912,0.7335000038146973,0.7379000186920166,737,0.0,0.0
2024-10-28 14:47:00-04:00,0.7357000112533569,0.7477999925613403,0.7357000112533569,0.7477999925613403,11151,0.0,0.0
2024-10-28 14:48:00-04:00,0.7548999786376953,0.7548999786376953,0.7548999786376953,0.7548999786376953,400,0.0,0.0
2024-10-28 14:53:00-04:00,0.7599999904632568,0.7599999904632568,0.7599999904632568,0.7599999904632568,100,0.0,0.0
2024-10-28 14:55:00-04:00,0.7501000165939331,0.7501000165939331,0.7501000165939331,0.7501000165939331,130,0.0,0.0
2024-10-28 15:10:00-04:00,0.7501000165939331,0.7501000165939331,0.7409999966621399,0.7409999966621399,600,0.0,0.0
2024-10-28 15:15:00-04:00,0.7324000000953674,0.7324000000953674,0.7324000000953674,0.7324000000953674,1000,0.0,0.0
2024-10-28 15:16:00-04:00,0.7598000168800354,0.7598000168800354,0.7598000168800354,0.7598000168800354,100,0.0,0.0
2024-10-28 15:19:00-04:00,0.7598000168800354,0.7598000168800354,0.7598000168800354,0.7598000168800354,100,0.0,0.0
2024-10-28 15:20:00-04:00,0.7598000168800354,0.7598000168800354,0.7598000168800354,0.7598000168800354,205,0.0,0.0
2024-10-28 15:21:00-04:00,0.7598000168800354,0.7598000168800354,0.7597000002861023,0.7597000002861023,270,0.0,0.0
2024-10-28 15:25:00-04:00,0.7598000168800354,0.7598000168800354,0.7598000168800354,0.7598000168800354,190,0.0,0.0
2024-10-28 15:27:00-04:00,0.7598000168800354,0.7598000168800354,0.7598000168800354,0.7598000168800354,100,0.0,0.0
2024-10-28 15:30:00-04:00,0.7597000002861023,0.7597000002861023,0.7597000002861023,0.7597000002861023,100,0.0,0.0
2024-10-28 15:32:00-04:00,0.7597000002861023,0.7597000002861023,0.7597000002861023,0.7597000002861023,100,0.0,0.0
2024-10-28 15:34:00-04:00,0.7597000002861023,0.7597000002861023,0.7597000002861023,0.7597000002861023,149,0.0,0.0
2024-10-28 15:35:00-04:00,0.7597000002861023,0.7597000002861023,0.7597000002861023,0.7597000002861023,100,0.0,0.0
2024-10-28 15:37:00-04:00,0.7597000002861023,0.7597000002861023,0.7597000002861023,0.7597000002861023,103,0.0,0.0
2024-10-28 15:39:00-04:00,0.7595999836921692,0.7595999836921692,0.7595999836921692,0.7595999836921692,100,0.0,0.0
2024-10-28 15:41:00-04:00,0.7595999836921692,0.7595999836921692,0.7595999836921692,0.7595999836921692,100,0.0,0.0
2024-10-28 15:43:00-04:00,0.7330999970436096,0.7595999836921692,0.7330999970436096,0.7595999836921692,217,0.0,0.0
2024-10-28 15:44:00-04:00,0.7595999836921692,0.7595999836921692,0.7595999836921692,0.7595999836921692,100,0.0,0.0
2024-10-28 15:45:00-04:00,0.7466999888420105,0.7554200291633606,0.7466999888420105,0.7554200291633606,2886,0.0,0.0
2024-10-28 15:46:00-04:00,0.7595999836921692,0.7595999836921692,0.7353000044822693,0.7353000044822693,2101,0.0,0.0
2024-10-28 15:48:00-04:00,0.7353000044822693,0.7551000118255615,0.7353000044822693,0.7551000118255615,203,0.0,0.0
2024-10-28 15:49:00-04:00,0.7354999780654907,0.7354999780654907,0.7353000044822693,0.7353000044822693,433,0.0,0.0
2024-10-28 15:51:00-04:00,0.7540000081062317,0.7540000081062317,0.7540000081062317,0.7540000081062317,100,0.0,0.0
2024-10-28 15:52:00-04:00,0.7545999884605408,0.7545999884605408,0.7545999884605408,0.7545999884605408,200,0.0,0.0
2024-10-28 15:53:00-04:00,0.7545999884605408,0.7545999884605408,0.7545999884605408,0.7545999884605408,100,0.0,0.0
2024-10-28 15:54:00-04:00,0.7545999884605408,0.7545999884605408,0.7346000075340271,0.7346000075340271,206,0.0,0.0
2024-10-28 15:55:00-04:00,0.7544999718666077,0.7544999718666077,0.7340999841690063,0.7544000148773193,697,0.0,0.0
2024-10-28 15:56:00-04:00,0.7544000148773193,0.7545999884605408,0.7544000148773193,0.7545999884605408,206,0.0,0.0
2024-10-28 15:57:00-04:00,0.7545999884605408,0.7545999884605408,0.7361999750137329,0.7361999750137329,303,0.0,0.0
2024-10-28 15:58:00-04:00,0.7542999982833862,0.7542999982833862,0.7540000081062317,0.7540000081062317,686,0.0,0.0
2024-10-28 15:59:00-04:00,0.7540000081062317,0.7540000081062317,0.7540000081062317,0.7540000081062317,969,0.0,0.0
2024-10-29 09:30:00-04:00,0.732200026512146,0.7508999705314636,0.732200026512146,0.75,3480,0.0,0.0
2024-10-29 09:31:00-04:00,0.7300000190734863,0.7300000190734863,0.7300000190734863,0.7300000190734863,323,0.0,0.0
2024-10-29 09:35:00-04:00,0.75,0.7508000135421753,0.75,0.7508000135421753,4548,0.0,0.0
2024-10-29 09:36:00-04:00,0.7508999705314636,0.7541000247001648,0.7508999705314636,0.7541000247001648,290,0.0,0.0
2024-10-29 09:43:00-04:00,0.7770000100135803,0.7773000001907349,0.7770000100135803,0.7773000001907349,3566,0.0,0.0
2024-10-29 09:44:00-04:00,0.765999972820282,0.765999972820282,0.765999972820282,0.765999972820282,400,0.0,0.0
2024-10-29 09:50:00-04:00,0.7537999749183655,0.7537999749183655,0.7537999749183655,0.7537999749183655,156,0.0,0.0
2024-10-29 09:56:00-04:00,0.7537999749183655,0.7537999749183655,0.7516000270843506,0.7516000270843506,705,0.0,0.0
2024-10-29 09:57:00-04:00,0.7523000240325928,0.7649000287055969,0.7523000240325928,0.7649000287055969,6479,0.0,0.0
2024-10-29 10:01:00-04:00,0.7520999908447266,0.7520999908447266,0.7520999908447266,0.7520999908447266,540,0.0,0.0
2024-10-29 10:15:00-04:00,0.7506999969482422,0.7506999969482422,0.7506999969482422,0.7506999969482422,10160,0.0,0.0
2024-10-29 10:32:00-04:00,0.7520999908447266,0.7520999908447266,0.7520999908447266,0.7520999908447266,300,0.0,0.0
2024-10-29 10:42:00-04:00,0.7526000142097473,0.7526000142097473,0.7526000142097473,0.7526000142097473,9451,0.0,0.0
2024-10-29 10:45:00-04:00,0.7581999897956848,0.7581999897956848,0.7581999897956848,0.7581999897956848,1079,0.0,0.0
2024-10-29 10:58:00-04:00,0.7583000063896179,0.7583000063896179,0.7583000063896179,0.7583000063896179,1343,0.0,0.0
2024-10-29 11:01:00-04:00,0.7634000182151794,0.7638999819755554,0.7634000182151794,0.7634000182151794,2700,0.0,0.0
2024-10-29 11:03:00-04:00,0.7533000111579895,0.7534000277519226,0.7533000111579895,0.7534000277519226,18074,0.0,0.0
2024-10-29 11:25:00-04:00,0.7709000110626221,0.7709000110626221,0.7709000110626221,0.7709000110626221,297,0.0,0.0
2024-10-29 12:03:00-04:00,0.7702999711036682,0.7702999711036682,0.7702999711036682,0.7702999711036682,1351,0.0,0.0
2024-10-29 12:09:00-04:00,0.7641000151634216,0.7641000151634216,0.7641000151634216,0.7641000151634216,1344,0.0,0.0
2024-10-29 12:11:00-04:00,0.7595999836921692,0.7595999836921692,0.7595999836921692,0.7595999836921692,885,0.0,0.0
2024-10-29 12:17:00-04:00,0.7666410207748413,0.7666410207748413,0.7666410207748413,0.7666410207748413,100,0.0,0.0
2024-10-29 12:21:00-04:00,0.7638499736785889,0.7692999839782715,0.7638499736785889,0.7692999839782715,1306,0.0,0.0
2024-10-29 12:23:00-04:00,0.7694000005722046,0.7694000005722046,0.7694000005722046,0.7694000005722046,3007,0.0,0.0
2024-10-29 12:37:00-04:00,0.7694000005722046,0.7694000005722046,0.7694000005722046,0.7694000005722046,2573,0.0,0.0
2024-10-29 12:43:00-04:00,0.7591999769210815,0.7591999769210815,0.7591999769210815,0.7591999769210815,437,0.0,0.0
2024-10-29 12:48:00-04:00,0.7692000269889832,0.7692000269889832,0.7692000269889832,0.7692000269889832,100,0.0,0.0
2024-10-29 12:49:00-04:00,0.7689999938011169,0.7689999938011169,0.7689999938011169,0.7689999938011169,130,0.0,0.0
2024-10-29 12:53:00-04:00,0.7638499736785889,0.7638499736785889,0.7638499736785889,0.7638499736785889,100,0.0,0.0
2024-10-29 13:05:00-04:00,0.7694000005722046,0.7694000005722046,0.7694000005722046,0.7694000005722046,10000,0.0,0.0
2024-10-29 13:06:00-04:00,0.7599999904632568,0.7599999904632568,0.7599999904632568,0.7599999904632568,239,0.0,0.0
2024-10-29 13:11:00-04:00,0.7577999830245972,0.7583000063896179,0.7577999830245972,0.7577999830245972,500,0.0,0.0
2024-10-29 13:17:00-04:00,0.7596570253372192,0.7596570253372192,0.7596570253372192,0.7596570253372192,575,0.0,0.0
2024-10-29 13:34:00-04:00,0.7598000168800354,0.7598000168800354,0.7598000168800354,0.7598000168800354,210,0.0,0.0
2024-10-29 13:45:00-04:00,0.7597000002861023,0.7597000002861023,0.7595000267028809,0.7595000267028809,3210,0.0,0.0
2024-10-29 13:50:00-04:00,0.7534000277519226,0.753600001335144,0.7534000277519226,0.753600001335144,202,0.0,0.0
2024-10-29 14:00:00-04:00,0.7534000277519226,0.7534000277519226,0.7534000277519226,0.7534000277519226,100,0.0,0.0
2024-10-29 14:03:00-04:00,0.7565000057220459,0.7565000057220459,0.7565000057220459,0.7565000057220459,477,0.0,0.0
2024-10-29 14:43:00-04:00,0.7563999891281128,0.7563999891281128,0.7563999891281128,0.7563999891281128,213,0.0,0.0
2024-10-29 14:47:00-04:00,0.7534000277519226,0.7534000277519226,0.7534000277519226,0.7534000277519226,303,0.0,0.0
2024-10-29 14:58:00-04:00,0.7534000277519226,0.7591999769210815,0.75,0.7591999769210815,3349,0.0,0.0
2024-10-29 15:31:00-04:00,0.7504000067710876,0.7573999762535095,0.7504000067710876,0.7573999762535095,998,0.0,0.0
2024-10-29 15:34:00-04:00,0.7537999749183655,0.7572000026702881,0.7537999749183655,0.7572000026702881,706,0.0,0.0
2024-10-29 15:40:00-04:00,0.7504000067710876,0.7504000067710876,0.7504000067710876,0.7504000067710876,142,0.0,0.0
2024-10-29 15:42:00-04:00,0.7504000067710876,0.7504000067710876,0.7504000067710876,0.7504000067710876,120,0.0,0.0
2024-10-29 15:48:00-04:00,0.7504000067710876,0.7504000067710876,0.7504000067710876,0.7504000067710876,100,0.0,0.0
2024-10-29 15:49:00-04:00,0.757099986076355,0.7580000162124634,0.757099986076355,0.7580000162124634,2834,0.0,0.0
2024-10-29 15:50:00-04:00,0.758899986743927,0.758899986743927,0.758899986743927,0.758899986743927,200,0.0,0.0
2024-10-29 15:51:00-04:00,0.7591999769210815,0.7591999769210815,0.7591999769210815,0.7591999769210815,361,0.0,0.0
2024-10-29 15:54:00-04:00,0.7695000171661377,0.7695000171661377,0.7695000171661377,0.7695000171661377,120,0.0,0.0
2024-10-29 15:55:00-04:00,0.7695000171661377,0.7695000171661377,0.7695000171661377,0.7695000171661377,100,0.0,0.0
2024-10-30 09:30:00-04:00,0.75,0.7505000233650208,0.75,0.7505000233650208,1254,0.0,0.0
2024-10-30 09:32:00-04:00,0.7501000165939331,0.7501000165939331,0.7501000165939331,0.7501000165939331,130,0.0,0.0
2024-10-30 09:33:00-04:00,0.7554579973220825,0.7554579973220825,0.7554579973220825,0.7554579973220825,370,0.0,0.0
2024-10-30 09:38:00-04:00,0.7692999839782715,0.7692999839782715,0.7692999839782715,0.7692999839782715,315,0.0,0.0
2024-10-30 09:55:00-04:00,0.7508000135421753,0.7508000135421753,0.7508000135421753,0.7508000135421753,316,0.0,0.0
2024-10-30 10:02:00-04:00,0.7685999870300293,0.7685999870300293,0.7685999870300293,0.7685999870300293,273,0.0,0.0
2024-10-30 10:08:00-04:00,0.7511000037193298,0.7511000037193298,0.7511000037193298,0.7511000037193298,100,0.0,0.0
2024-10-30 10:10:00-04:00,0.7631999850273132,0.7631999850273132,0.7631999850273132,0.7631999850273132,157,0.0,0.0
2024-10-30 10:14:00-04:00,0.7631999850273132,0.7685999870300293,0.7631999850273132,0.7685999870300293,1294,0.0,0.0
2024-10-30 10:18:00-04:00,0.7685999870300293,0.7685999870300293,0.7685999870300293,0.7685999870300293,202,0.0,0.0
2024-10-30 10:24:00-04:00,0.7519999742507935,0.7519999742507935,0.7519999742507935,0.7519999742507935,193,0.0,0.0
2024-10-30 10:42:00-04:00,0.7519999742507935,0.7519999742507935,0.7519999742507935,0.7519999742507935,102,0.0,0.0
2024-10-30 10:43:00-04:00,0.7519999742507935,0.7519999742507935,0.7511000037193298,0.7511000037193298,1100,0.0,0.0
2024-10-30 10:46:00-04:00,0.7527999877929688,0.7527999877929688,0.7527999877929688,0.7527999877929688,330,0.0,0.0
2024-10-30 10:49:00-04:00,0.7631999850273132,0.7631999850273132,0.7631999850273132,0.7631999850273132,146,0.0,0.0
2024-10-30 10:51:00-04:00,0.7509999871253967,0.7511000037193298,0.75,0.75,1074,0.0,0.0
2024-10-30 10:57:00-04:00,0.75,0.75,0.7405999898910522,0.7405999898910522,1019,0.0,0.0
2024-10-30 10:59:00-04:00,0.7404999732971191,0.7404999732971191,0.7404999732971191,0.7404999732971191,100,0.0,0.0
2024-10-30 11:00:00-04:00,0.7405999898910522,0.7405999898910522,0.7405999898910522,0.7405999898910522,294,0.0,0.0
2024-10-30 11:09:00-04:00,0.7405999898910522,0.75,0.7405999898910522,0.7470999956130981,2236,0.0,0.0
2024-10-30 11:12:00-04:00,0.7400000095367432,0.7400000095367432,0.737500011920929,0.737500011920929,1107,0.0,0.0
2024-10-30 11:17:00-04:00,0.7320500016212463,0.7320500016212463,0.7320500016212463,0.7320500016212463,180,0.0,0.0
2024-10-30 11:19:00-04:00,0.7300000190734863,0.7300000190734863,0.7300000190734863,0.7300000190734863,100,0.0,0.0
2024-10-30 11:20:00-04:00,0.7253000140190125,0.7253000140190125,0.7253000140190125,0.7253000140190125,250,0.0,0.0
2024-10-30 11:21:00-04:00,0.7320500016212463,0.7320500016212463,0.7320500016212463,0.7320500016212463,122,0.0,0.0
2024-10-30 11:27:00-04:00,0.7215999960899353,0.722000002861023,0.7159000039100647,0.7159000039100647,3200,0.0,0.0
2024-10-30 11:29:00-04:00,0.7254999876022339,0.7254999876022339,0.7254999876022339,0.7254999876022339,290,0.0,0.0
2024-10-30 11:34:00-04:00,0.7200000286102295,0.7200000286102295,0.7200000286102295,0.7200000286102295,100,0.0,0.0
2024-10-30 11:37:00-04:00,0.7271000146865845,0.7271000146865845,0.7271000146865845,0.7271000146865845,124,0.0,0.0
2024-10-30 11:38:00-04:00,0.7271000146865845,0.7271000146865845,0.7271000146865845,0.7271000146865845,120,0.0,0.0
2024-10-30 11:39:00-04:00,0.7200000286102295,0.7200000286102295,0.7157999873161316,0.7157999873161316,2320,0.0,0.0
2024-10-30 11:41:00-04:00,0.7200000286102295,0.7200000286102295,0.7200000286102295,0.7200000286102295,673,0.0,0.0
2024-10-30 11:59:00-04:00,0.7200999855995178,0.7200999855995178,0.7200999855995178,0.7200999855995178,119,0.0,0.0
2024-10-30 12:00:00-04:00,0.7200999855995178,0.7200999855995178,0.7200999855995178,0.7200999855995178,155,0.0,0.0
2024-10-30 12:08:00-04:00,0.7250000238418579,0.7347000241279602,0.7250000238418579,0.7347000241279602,1532,0.0,0.0
2024-10-30 12:16:00-04:00,0.7347000241279602,0.7400000095367432,0.7347000241279602,0.7400000095367432,350,0.0,0.0
2024-10-30 12:18:00-04:00,0.7400000095367432,0.7400000095367432,0.7400000095367432,0.7400000095367432,100,0.0,0.0
2024-10-30 12:20:00-04:00,0.7458999752998352,0.7458999752998352,0.7458999752998352,0.7458999752998352,150,0.0,0.0
2024-10-30 12:33:00-04:00,0.739300012588501,0.739300012588501,0.739300012588501,0.739300012588501,238,0.0,0.0
2024-10-30 12:42:00-04:00,0.7303000092506409,0.7303000092506409,0.7303000092506409,0.7303000092506409,135,0.0,0.0
2024-10-30 12:48:00-04:00,0.7357000112533569,0.7357000112533569,0.7357000112533569,0.7357000112533569,717,0.0,0.0
2024-10-30 12:51:00-04:00,0.7458000183105469,0.7458000183105469,0.7301099896430969,0.7301099896430969,354,0.0,0.0
2024-10-30 13:01:00-04:00,0.7458000183105469,0.7458000183105469,0.7458000183105469,0.7458000183105469,230,0.0,0.0
2024-10-30 13:21:00-04:00,0.7400000095367432,0.7400000095367432,0.7400000095367432,0.7400000095367432,150,0.0,0.0
2024-10-30 13:31:00-04:00,0.7400000095367432,0.7400000095367432,0.7400000095367432,0.7400000095367432,100,0.0,0.0
2024-10-30 13:35:00-04:00,0.7400000095367432,0.7400000095367432,0.7400000095367432,0.7400000095367432,1003,0.0,0.0
2024-10-30 13:40:00-04:00,0.7461000084877014,0.7461000084877014,0.7461000084877014,0.7461000084877014,211,0.0,0.0
2024-10-30 13:53:00-04:00,0.7301999926567078,0.7301999926567078,0.7301999926567078,0.7301999926567078,103,0.0,0.0
2024-10-30 13:59:00-04:00,0.7461000084877014,0.7461000084877014,0.7461000084877014,0.7461000084877014,244,0.0,0.0
2024-10-30 14:08:00-04:00,0.7381510138511658,0.7381510138511658,0.7381510138511658,0.7381510138511658,104,0.0,0.0
2024-10-30 14:11:00-04:00,0.7461000084877014,0.7461000084877014,0.7461000084877014,0.7461000084877014,216,0.0,0.0
2024-10-30 14:14:00-04:00,0.7382000088691711,0.7382000088691711,0.7382000088691711,0.7382000088691711,2386,0.0,0.0
2024-10-30 14:15:00-04:00,0.7301999926567078,0.7381500005722046,0.7301999926567078,0.7301999926567078,2600,0.0,0.0
2024-10-30 14:19:00-04:00,0.7430999875068665,0.7459999918937683,0.7430999875068665,0.7459999918937683,5110,0.0,0.0
2024-10-30 14:25:00-04:00,0.7459999918937683,0.7459999918937683,0.7459999918937683,0.7459999918937683,534,0.0,0.0
2024-10-30 14:33:00-04:00,0.7459999918937683,0.7459999918937683,0.7459999918937683,0.7459999918937683,456,0.0,0.0
2024-10-30 14:34:00-04:00,0.7301999926567078,0.7301999926567078,0.7301999926567078,0.7301999926567078,100,0.0,0.0
2024-10-30 14:36:00-04:00,0.7400000095367432,0.7400000095367432,0.7400000095367432,0.7400000095367432,194,0.0,0.0
2024-10-30 14:44:00-04:00,0.7400000095367432,0.7400000095367432,0.7400000095367432,0.7400000095367432,424,0.0,0.0
2024-10-30 14:49:00-04:00,0.7414000034332275,0.7414000034332275,0.7414000034332275,0.7414000034332275,500,0.0,0.0
2024-10-30 14:54:00-04:00,0.7301999926567078,0.7301999926567078,0.7301999926567078,0.7301999926567078,100,0.0,0.0
2024-10-30 14:56:00-04:00,0.7379000186920166,0.7379000186920166,0.7379000186920166,0.7379000186920166,161,0.0,0.0
2024-10-30 15:07:00-04:00,0.7301999926567078,0.7310000061988831,0.7300000190734863,0.7300000190734863,2520,0.0,0.0
2024-10-30 15:08:00-04:00,0.7300000190734863,0.7300000190734863,0.7300000190734863,0.7300000190734863,300,0.0,0.0
2024-10-30 15:11:00-04:00,0.7250999808311462,0.7250999808311462,0.7250999808311462,0.7250999808311462,110,0.0,0.0
2024-10-30 15:26:00-04:00,0.7300000190734863,0.7300000190734863,0.7300000190734863,0.7300000190734863,100,0.0,0.0
2024-10-30 15:28:00-04:00,0.7333999872207642,0.7333999872207642,0.7333999872207642,0.7333999872207642,301,0.0,0.0
2024-10-30 15:38:00-04:00,0.7300000190734863,0.7300999760627747,0.7300000190734863,0.7300000190734863,5002,0.0,0.0
2024-10-30 15:39:00-04:00,0.7300000190734863,0.7300000190734863,0.7300000190734863,0.7300000190734863,400,0.0,0.0
2024-10-30 15:40:00-04:00,0.7368000149726868,0.7368000149726868,0.7368000149726868,0.7368000149726868,928,0.0,0.0
2024-10-30 15:46:00-04:00,0.7303000092506409,0.7303000092506409,0.7303000092506409,0.7303000092506409,100,0.0,0.0
2024-10-30 15:50:00-04:00,0.7300000190734863,0.7300000190734863,0.7300000190734863,0.7300000190734863,212,0.0,0.0
2024-10-30 15:53:00-04:00,0.7335000038146973,0.7335000038146973,0.7300000190734863,0.7300000190734863,1305,0.0,0.0
2024-10-30 15:54:00-04:00,0.7336999773979187,0.7343999743461609,0.7336999773979187,0.7336999773979187,2429,0.0,0.0
2024-10-30 15:56:00-04:00,0.7398999929428101,0.7398999929428101,0.7398999929428101,0.7398999929428101,139,0.0,0.0
2024-10-30 15:59:00-04:00,0.7398989796638489,0.7398989796638489,0.7398989796638489,0.7398989796638489,355,0.0,0.0
2024-10-31 09:30:00-04:00,0.7799999713897705,0.7799999713897705,0.7730000019073486,0.7730000019073486,991,0.0,0.0
2024-10-31 09:40:00-04:00,0.7303000092506409,0.7303000092506409,0.7303000092506409,0.7303000092506409,1000,0.0,0.0
2024-10-31 09:53:00-04:00,0.7304999828338623,0.7304999828338623,0.7304999828338623,0.7304999828338623,108,0.0,0.0
2024-10-31 09:56:00-04:00,0.730400025844574,0.730400025844574,0.730400025844574,0.730400025844574,1756,0.0,0.0
2024-10-31 09:59:00-04:00,0.7305999994277954,0.7305999994277954,0.7305999994277954,0.7305999994277954,200,0.0,0.0
2024-10-31 10:01:00-04:00,0.7305999994277954,0.7305999994277954,0.7305999994277954,0.7305999994277954,122,0.0,0.0
2024-10-31 10:03:00-04:00,0.7300999760627747,0.7300999760627747,0.7300000190734863,0.7300999760627747,1379,0.0,0.0
2024-10-31 10:47:00-04:00,0.7394999861717224,0.7394999861717224,0.7394999861717224,0.7394999861717224,703,0.0,0.0
2024-10-31 10:56:00-04:00,0.7200999855995178,0.7200999855995178,0.7200999855995178,0.7200999855995178,100,0.0,0.0
2024-10-31 10:57:00-04:00,0.7384999990463257,0.7384999990463257,0.7384999990463257,0.7384999990463257,811,0.0,0.0
2024-10-31 10:58:00-04:00,0.7233999967575073,0.7233999967575073,0.7233999967575073,0.7233999967575073,173,0.0,0.0
2024-10-31 11:05:00-04:00,0.7297999858856201,0.7297999858856201,0.7297999858856201,0.7297999858856201,370,0.0,0.0
2024-10-31 11:22:00-04:00,0.7200999855995178,0.7200999855995178,0.7196000218391418,0.7196000218391418,1835,0.0,0.0
2024-10-31 11:26:00-04:00,0.7193499803543091,0.7193499803543091,0.7193499803543091,0.7193499803543091,839,0.0,0.0
2024-10-31 11:31:00-04:00,0.7110000252723694,0.7110000252723694,0.7099999785423279,0.7099999785423279,523,0.0,0.0
2024-10-31 11:36:00-04:00,0.7099999785423279,0.7103999853134155,0.7095000147819519,0.7103999853134155,1480,0.0,0.0
2024-10-31 11:38:00-04:00,0.7099999785423279,0.7099999785423279,0.7099999785423279,0.7099999785423279,190,0.0,0.0
2024-10-31 11:45:00-04:00,0.7078999876976013,0.7078999876976013,0.7078999876976013,0.7078999876976013,187,0.0,0.0
2024-10-31 12:01:00-04:00,0.7186999917030334,0.7186999917030334,0.7186999917030334,0.7186999917030334,1111,0.0,0.0
2024-10-31 12:05:00-04:00,0.710099995136261,0.710099995136261,0.710099995136261,0.710099995136261,601,0.0,0.0
2024-10-31 12:07:00-04:00,0.7099999785423279,0.7099999785423279,0.7099999785423279,0.7099999785423279,351,0.0,0.0
2024-10-31 12:18:00-04:00,0.7120000123977661,0.7120000123977661,0.7097010016441345,0.7097010016441345,635,0.0,0.0
2024-10-31 12:24:00-04:00,0.7168999910354614,0.7168999910354614,0.7168999910354614,0.7168999910354614,438,0.0,0.0
2024-10-31 12:58:00-04:00,0.7134000062942505,0.7134000062942505,0.7134000062942505,0.7134000062942505,419,0.0,0.0
2024-10-31 13:09:00-04:00,0.7099999785423279,0.7099999785423279,0.7099999785423279,0.7099999785423279,400,0.0,0.0
2024-10-31 13:12:00-04:00,0.7133510112762451,0.7133510112762451,0.7020000219345093,0.7020000219345093,22498,0.0,0.0
2024-10-31 13:13:00-04:00,0.7008000016212463,0.7008000016212463,0.7008000016212463,0.7008000016212463,166,0.0,0.0
2024-10-31 13:21:00-04:00,0.7077999711036682,0.7077999711036682,0.7077999711036682,0.7077999711036682,150,0.0,0.0
2024-10-31 13:22:00-04:00,0.699999988079071,0.7053999900817871,0.6951000094413757,0.7053999900817871,1786,0.0,0.0
2024-10-31 13:28:00-04:00,0.6952000260353088,0.6952000260353088,0.6952000260353088,0.6952000260353088,125,0.0,0.0
2024-10-31 13:32:00-04:00,0.6952000260353088,0.6952000260353088,0.6952000260353088,0.6952000260353088,1003,0.0,0.0
2024-10-31 13:43:00-04:00,0.7156000137329102,0.7156000137329102,0.7156000137329102,0.7156000137329102,250,0.0,0.0
2024-10-31 13:47:00-04:00,0.7053999900817871,0.7053999900817871,0.7053999900817871,0.7053999900817871,254,0.0,0.0
2024-10-31 14:21:00-04:00,0.6957929730415344,0.6957929730415344,0.6957929730415344,0.6957929730415344,2201,0.0,0.0
2024-10-31 14:27:00-04:00,0.6965000033378601,0.6965000033378601,0.6965000033378601,0.6965000033378601,100,0.0,0.0
2024-10-31 14:30:00-04:00,0.6960999965667725,0.6960999965667725,0.6960999965667725,0.6960999965667725,4141,0.0,0.0
2024-10-31 14:53:00-04:00,0.7148000001907349,0.7148000001907349,0.7148000001907349,0.7148000001907349,200,0.0,0.0
2024-10-31 15:01:00-04:00,0.7099999785423279,0.7099999785423279,0.7099999785423279,0.7099999785423279,100,0.0,0.0
2024-10-31 15:02:00-04:00,0.7002000212669373,0.7002000212669373,0.7002000212669373,0.7002000212669373,324,0.0,0.0
2024-10-31 15:28:00-04:00,0.6959999799728394,0.6959999799728394,0.6959999799728394,0.6959999799728394,207,0.0,0.0
2024-10-31 15:44:00-04:00,0.7113000154495239,0.7113000154495239,0.7113000154495239,0.7113000154495239,507,0.0,0.0
2024-10-31 15:49:00-04:00,0.6966999769210815,0.6966999769210815,0.6966999769210815,0.6966999769210815,100,0.0,0.0
2024-10-31 15:52:00-04:00,0.6970000267028809,0.6970000267028809,0.6970000267028809,0.6970000267028809,129,0.0,0.0
2024-10-31 15:55:00-04:00,0.6970999836921692,0.6970999836921692,0.6970999836921692,0.6970999836921692,106,0.0,0.0
2024-10-31 15:57:00-04:00,0.6970999836921692,0.6970999836921692,0.6970999836921692,0.6970999836921692,101,0.0,0.0
2024-10-31 15:58:00-04:00,0.7059000134468079,0.7059000134468079,0.7059000134468079,0.7059000134468079,383,0.0,0.0
2024-10-31 15:59:00-04:00,0.6970999836921692,0.6970999836921692,0.6970999836921692,0.6970999836921692,100,0.0,0.0
2024-11-01 09:30:00-04:00,0.6930000185966492,0.7379000186920166,0.6930000185966492,0.7365249991416931,5066,0.0,0.0
2024-11-01 09:32:00-04:00,0.7097499966621399,0.7097499966621399,0.7097499966621399,0.7097499966621399,101,0.0,0.0
2024-11-01 09:37:00-04:00,0.695937991142273,0.695937991142273,0.695937991142273,0.695937991142273,152,0.0,0.0
2024-11-01 09:42:00-04:00,0.7099999785423279,0.723800003528595,0.7099999785423279,0.7236999869346619,20100,0.0,0.0
2024-11-01 09:46:00-04:00,0.7228999733924866,0.739300012588501,0.7228000164031982,0.739300012588501,30000,0.0,0.0
2024-11-01 09:47:00-04:00,0.7397000193595886,0.7397000193595886,0.7397000193595886,0.7397000193595886,159,0.0,0.0
2024-11-01 10:09:00-04:00,0.7261999845504761,0.739300012588501,0.7261999845504761,0.739300012588501,653,0.0,0.0
2024-11-01 10:10:00-04:00,0.7294099926948547,0.7294099926948547,0.7294099926948547,0.7294099926948547,100,0.0,0.0
2024-11-01 10:14:00-04:00,0.739300012588501,0.7397000193595886,0.739300012588501,0.739300012588501,2317,0.0,0.0
2024-11-01 10:16:00-04:00,0.739799976348877,0.739799976348877,0.739799976348877,0.739799976348877,102,0.0,0.0
2024-11-01 10:17:00-04:00,0.7400000095367432,0.7402999997138977,0.7400000095367432,0.7402999997138977,1154,0.0,0.0
2024-11-01 10:22:00-04:00,0.739300012588501,0.75,0.739300012588501,0.75,237,0.0,0.0
2024-11-01 10:23:00-04:00,0.7462999820709229,0.7497000098228455,0.7394999861717224,0.7497000098228455,3502,0.0,0.0
2024-11-01 10:36:00-04:00,0.739300012588501,0.739300012588501,0.7387999892234802,0.739300012588501,2298,0.0,0.0
2024-11-01 10:42:00-04:00,0.7128000259399414,0.7128000259399414,0.7128000259399414,0.7128000259399414,1069,0.0,0.0
2024-11-01 10:56:00-04:00,0.7099999785423279,0.7099999785423279,0.7099999785423279,0.7099999785423279,908,0.0,0.0
2024-11-01 10:57:00-04:00,0.7069000005722046,0.7069000005722046,0.7062000036239624,0.7062000036239624,900,0.0,0.0
2024-11-01 11:08:00-04:00,0.7020000219345093,0.7020000219345093,0.7020000219345093,0.7020000219345093,123,0.0,0.0
2024-11-01 11:26:00-04:00,0.703000009059906,0.703000009059906,0.703000009059906,0.703000009059906,266,0.0,0.0
2024-11-01 11:28:00-04:00,0.7020000219345093,0.7020000219345093,0.7020000219345093,0.7020000219345093,100,0.0,0.0
2024-11-01 11:41:00-04:00,0.7062000036239624,0.7062000036239624,0.7062000036239624,0.7062000036239624,379,0.0,0.0
2024-11-01 11:50:00-04:00,0.7020000219345093,0.7099999785423279,0.7020000219345093,0.7099999785423279,461,0.0,0.0
2024-11-01 11:54:00-04:00,0.7062000036239624,0.7062000036239624,0.7062000036239624,0.7062000036239624,230,0.0,0.0
2024-11-01 12:01:00-04:00,0.7062000036239624,0.7062000036239624,0.7062000036239624,0.7062000036239624,393,0.0,0.0
2024-11-01 12:11:00-04:00,0.7105000019073486,0.71670001745224,0.7063000202178955,0.7063000202178955,6288,0.0,0.0
2024-11-01 12:16:00-04:00,0.7127000093460083,0.7127000093460083,0.7127000093460083,0.7127000093460083,115,0.0,0.0
2024-11-01 12:27:00-04:00,0.7190999984741211,0.7200000286102295,0.7190999984741211,0.7196000218391418,713,0.0,0.0
2024-11-01 12:45:00-04:00,0.739300012588501,0.739300012588501,0.739300012588501,0.739300012588501,300,0.0,0.0
2024-11-01 12:54:00-04:00,0.739300012588501,0.739300012588501,0.739300012588501,0.739300012588501,257,0.0,0.0
2024-11-01 13:01:00-04:00,0.739300012588501,0.739300012588501,0.739300012588501,0.739300012588501,267,0.0,0.0
2024-11-01 13:07:00-04:00,0.7263000011444092,0.7263000011444092,0.7263000011444092,0.7263000011444092,2000,0.0,0.0
2024-11-01 13:10:00-04:00,0.739300012588501,0.739300012588501,0.739300012588501,0.739300012588501,253,0.0,0.0
2024-11-01 13:16:00-04:00,0.739300012588501,0.739300012588501,0.739300012588501,0.739300012588501,277,0.0,0.0
2024-11-01 13:21:00-04:00,0.739300012588501,0.739300012588501,0.739300012588501,0.739300012588501,253,0.0,0.0
2024-11-01 13:27:00-04:00,0.739300012588501,0.739300012588501,0.739300012588501,0.739300012588501,251,0.0,0.0
2024-11-01 13:32:00-04:00,0.739300012588501,0.739300012588501,0.739300012588501,0.739300012588501,266,0.0,0.0
2024-11-01 13:39:00-04:00,0.739300012588501,0.739300012588501,0.739300012588501,0.739300012588501,267,0.0,0.0
2024-11-01 13:45:00-04:00,0.7263010144233704,0.7263010144233704,0.7263010144233704,0.7263010144233704,2000,0.0,0.0
2024-11-01 13:48:00-04:00,0.7263000011444092,0.739300012588501,0.7263000011444092,0.739300012588501,1272,0.0,0.0
2024-11-01 13:49:00-04:00,0.7261999845504761,0.7263000011444092,0.7261999845504761,0.7263000011444092,1800,0.0,0.0
2024-11-01 14:02:00-04:00,0.7390000224113464,0.7390000224113464,0.7390000224113464,0.7390000224113464,569,0.0,0.0
2024-11-01 14:12:00-04:00,0.7264999747276306,0.7264999747276306,0.7264999747276306,0.7264999747276306,100,0.0,0.0
2024-11-01 14:13:00-04:00,0.7390000224113464,0.7400000095367432,0.7390000224113464,0.7400000095367432,752,0.0,0.0
2024-11-01 14:15:00-04:00,0.7400000095367432,0.7400000095367432,0.7400000095367432,0.7400000095367432,464,0.0,0.0
2024-11-01 14:17:00-04:00,0.7264999747276306,0.7264999747276306,0.7264999747276306,0.7264999747276306,500,0.0,0.0
2024-11-01 14:19:00-04:00,0.739300012588501,0.739300012588501,0.7264999747276306,0.7264999747276306,828,0.0,0.0
2024-11-01 14:27:00-04:00,0.739300012588501,0.739300012588501,0.739300012588501,0.739300012588501,274,0.0,0.0
2024-11-01 14:32:00-04:00,0.739300012588501,0.739300012588501,0.739300012588501,0.739300012588501,366,0.0,0.0
2024-11-01 14:33:00-04:00,0.7264999747276306,0.7264999747276306,0.7264000177383423,0.7264000177383423,577,0.0,0.0
2024-11-01 14:38:00-04:00,0.739300012588501,0.739300012588501,0.7260000109672546,0.7332000136375427,1360,0.0,0.0
2024-11-01 14:40:00-04:00,0.7260000109672546,0.7260000109672546,0.7260000109672546,0.7260000109672546,1937,0.0,0.0
2024-11-01 14:47:00-04:00,0.723048985004425,0.723048985004425,0.723048985004425,0.723048985004425,103,0.0,0.0
2024-11-01 14:53:00-04:00,0.7142999768257141,0.7142999768257141,0.7142999768257141,0.7142999768257141,120,0.0,0.0
2024-11-01 15:12:00-04:00,0.7142999768257141,0.7142999768257141,0.7142999768257141,0.7142999768257141,100,0.0,0.0
2024-11-01 15:16:00-04:00,0.7325000166893005,0.7325000166893005,0.7325000166893005,0.7325000166893005,188,0.0,0.0
2024-11-01 15:19:00-04:00,0.7293999791145325,0.7293999791145325,0.7293999791145325,0.7293999791145325,150,0.0,0.0
2024-11-01 15:20:00-04:00,0.7305999994277954,0.7305999994277954,0.7305999994277954,0.7305999994277954,146,0.0,0.0
2024-11-01 15:22:00-04:00,0.7251999974250793,0.7251999974250793,0.7251999974250793,0.7251999974250793,178,0.0,0.0
2024-11-01 15:23:00-04:00,0.7142999768257141,0.7142999768257141,0.7142999768257141,0.7142999768257141,2033,0.0,0.0
2024-11-01 15:27:00-04:00,0.7142999768257141,0.7142999768257141,0.7142999768257141,0.7142999768257141,101,0.0,0.0
2024-11-01 15:40:00-04:00,0.7142000198364258,0.7142000198364258,0.7142000198364258,0.7142000198364258,114,0.0,0.0
2024-11-01 15:47:00-04:00,0.7149999737739563,0.7149999737739563,0.7142000198364258,0.7142000198364258,709,0.0,0.0
2024-11-01 15:51:00-04:00,0.7142999768257141,0.7142999768257141,0.7142999768257141,0.7142999768257141,124,0.0,0.0
2024-11-01 15:56:00-04:00,0.7099999785423279,0.7106999754905701,0.7099999785423279,0.7106999754905701,2529,0.0,0.0
2024-11-01 15:57:00-04:00,0.7001000046730042,0.7001000046730042,0.7001000046730042,0.7001000046730042,786,0.0,0.0
2024-11-01 15:58:00-04:00,0.6934000253677368,0.6934000253677368,0.6934000253677368,0.6934000253677368,560,0.0,0.0
2024-11-01 15:59:00-04:00,0.6933000087738037,0.6933000087738037,0.6933000087738037,0.6933000087738037,205,0.0,0.0
