Datetime,Open,High,Low,Close,Volume,Dividends,Stock Splits,Capital Gains
2024-10-28 09:30:00-04:00,34.75,34.75,34.75,34.75,0,0.0,0.0,0.0
2024-10-28 10:06:00-04:00,34.70500183105469,34.70500183105469,34.70500183105469,34.70500183105469,0,0.0,0.0,0.0
2024-10-28 10:10:00-04:00,34.68000030517578,34.68000030517578,34.68000030517578,34.68000030517578,5420,0.0,0.0,0.0
2024-10-28 10:14:00-04:00,34.73830032348633,34.73830032348633,34.73830032348633,34.73830032348633,3750,0.0,0.0,0.0
2024-10-28 10:21:00-04:00,34.73830032348633,34.73830032348633,34.68000030517578,34.68000030517578,312,0.0,0.0,0.0
2024-10-28 10:37:00-04:00,34.724998474121094,34.724998474121094,34.724998474121094,34.724998474121094,1928,0.0,0.0,0.0
2024-10-28 10:42:00-04:00,34.72999954223633,34.72999954223633,34.689998626708984,34.689998626708984,200,0.0,0.0,0.0
2024-10-28 10:43:00-04:00,34.72999954223633,34.7400016784668,34.72999954223633,34.72999954223633,1162,0.0,0.0,0.0
2024-10-28 10:48:00-04:00,34.689998626708984,34.689998626708984,34.689998626708984,34.689998626708984,100,0.0,0.0,0.0
2024-10-28 10:51:00-04:00,34.72999954223633,34.7400016784668,34.72999954223633,34.7400016784668,347,0.0,0.0,0.0
2024-10-28 10:54:00-04:00,34.689998626708984,34.689998626708984,34.689998626708984,34.689998626708984,100,0.0,0.0,0.0
2024-10-28 10:55:00-04:00,34.72999954223633,34.7400016784668,34.72999954223633,34.7400016784668,500,0.0,0.0,0.0
2024-10-28 11:04:00-04:00,34.70500183105469,34.70500183105469,34.70500183105469,34.70500183105469,750,0.0,0.0,0.0
2024-10-28 11:05:00-04:00,34.68000030517578,34.68000030517578,34.68000030517578,34.68000030517578,119,0.0,0.0,0.0
2024-10-28 11:06:00-04:00,34.709999084472656,34.720001220703125,34.709999084472656,34.720001220703125,750,0.0,0.0,0.0
2024-10-28 11:08:00-04:00,34.720001220703125,34.720001220703125,34.720001220703125,34.720001220703125,287,0.0,0.0,0.0
2024-10-28 11:09:00-04:00,34.709999084472656,34.720001220703125,34.709999084472656,34.720001220703125,103844,0.0,0.0,0.0
2024-10-28 11:11:00-04:00,34.73939895629883,34.73939895629883,34.73939895629883,34.73939895629883,865,0.0,0.0,0.0
2024-10-28 11:16:00-04:00,34.689998626708984,34.689998626708984,34.689998626708984,34.689998626708984,100,0.0,0.0,0.0
2024-10-28 11:19:00-04:00,34.73910140991211,34.73910140991211,34.709999084472656,34.709999084472656,1801,0.0,0.0,0.0
2024-10-28 11:24:00-04:00,34.68000030517578,34.68000030517578,34.68000030517578,34.68000030517578,100,0.0,0.0,0.0
2024-10-28 11:48:00-04:00,34.70289993286133,34.70289993286133,34.70289993286133,34.70289993286133,1151,0.0,0.0,0.0
2024-10-28 11:50:00-04:00,34.709999084472656,34.709999084472656,34.68000030517578,34.68000030517578,347,0.0,0.0,0.0
2024-10-28 11:56:00-04:00,34.68000030517578,34.68000030517578,34.68000030517578,34.68000030517578,100,0.0,0.0,0.0
2024-10-28 12:01:00-04:00,34.68000030517578,34.68000030517578,34.68000030517578,34.68000030517578,200,0.0,0.0,0.0
2024-10-28 12:02:00-04:00,34.650001525878906,34.650001525878906,34.650001525878906,34.650001525878906,100,0.0,0.0,0.0
2024-10-28 12:03:00-04:00,34.69670104980469,34.69670104980469,34.69670104980469,34.69670104980469,195,0.0,0.0,0.0
2024-10-28 12:11:00-04:00,34.70000076293945,34.70000076293945,34.70000076293945,34.70000076293945,1807,0.0,0.0,0.0
2024-10-28 12:14:00-04:00,34.65999984741211,34.65999984741211,34.65999984741211,34.65999984741211,158,0.0,0.0,0.0
2024-10-28 12:24:00-04:00,34.66999816894531,34.66999816894531,34.66999816894531,34.66999816894531,100,0.0,0.0,0.0
2024-10-28 12:26:00-04:00,34.701900482177734,34.701900482177734,34.701900482177734,34.701900482177734,250,0.0,0.0,0.0
2024-10-28 12:27:00-04:00,34.71879959106445,34.71879959106445,34.71879959106445,34.71879959106445,110,0.0,0.0,0.0
2024-10-28 12:34:00-04:00,34.66999816894531,34.685001373291016,34.66999816894531,34.685001373291016,450,0.0,0.0,0.0
2024-10-28 12:43:00-04:00,34.709999084472656,34.709999084472656,34.709999084472656,34.709999084472656,461,0.0,0.0,0.0
2024-10-28 12:45:00-04:00,34.720001220703125,34.720001220703125,34.720001220703125,34.720001220703125,201,0.0,0.0,0.0
2024-10-28 12:46:00-04:00,34.720001220703125,34.720001220703125,34.720001220703125,34.720001220703125,472,0.0,0.0,0.0
2024-10-28 12:57:00-04:00,34.70000076293945,34.709999084472656,34.70000076293945,34.709999084472656,5760,0.0,0.0,0.0
2024-10-28 13:14:00-04:00,34.689998626708984,34.689998626708984,34.689998626708984,34.689998626708984,1440,0.0,0.0,0.0
2024-10-28 13:16:00-04:00,34.689998626708984,34.689998626708984,34.689998626708984,34.689998626708984,100,0.0,0.0,0.0
2024-10-28 13:17:00-04:00,34.66999816894531,34.66999816894531,34.66999816894531,34.66999816894531,135,0.0,0.0,0.0
2024-10-28 13:22:00-04:00,34.66999816894531,34.66999816894531,34.66999816894531,34.66999816894531,158,0.0,0.0,0.0
2024-10-28 13:45:00-04:00,34.66999816894531,34.66999816894531,34.66999816894531,34.66999816894531,114,0.0,0.0,0.0
2024-10-28 13:51:00-04:00,34.689998626708984,34.689998626708984,34.689998626708984,34.689998626708984,430,0.0,0.0,0.0
2024-10-28 13:54:00-04:00,34.720001220703125,34.720001220703125,34.720001220703125,34.720001220703125,290,0.0,0.0,0.0
2024-10-28 13:55:00-04:00,34.66999816894531,34.720001220703125,34.66999816894531,34.720001220703125,820,0.0,0.0,0.0
2024-10-28 13:56:00-04:00,34.720001220703125,34.72999954223633,34.709999084472656,34.720001220703125,6758,0.0,0.0,0.0
2024-10-28 14:02:00-04:00,34.685001373291016,34.685001373291016,34.685001373291016,34.685001373291016,600,0.0,0.0,0.0
2024-10-28 14:03:00-04:00,34.709999084472656,34.720001220703125,34.709999084472656,34.720001220703125,3829,0.0,0.0,0.0
2024-10-28 14:05:00-04:00,34.689998626708984,34.709999084472656,34.689998626708984,34.709999084472656,1130,0.0,0.0,0.0
2024-10-28 14:08:00-04:00,34.72999954223633,34.72999954223633,34.72999954223633,34.72999954223633,247,0.0,0.0,0.0
2024-10-28 14:09:00-04:00,34.720001220703125,34.720001220703125,34.720001220703125,34.720001220703125,1151,0.0,0.0,0.0
2024-10-28 14:11:00-04:00,34.689998626708984,34.689998626708984,34.689998626708984,34.689998626708984,100,0.0,0.0,0.0
2024-10-28 14:14:00-04:00,34.706199645996094,34.706199645996094,34.706199645996094,34.706199645996094,110,0.0,0.0,0.0
2024-10-28 14:19:00-04:00,34.66999816894531,34.66999816894531,34.66999816894531,34.66999816894531,100,0.0,0.0,0.0
2024-10-28 14:34:00-04:00,34.709999084472656,34.709999084472656,34.65999984741211,34.65999984741211,366,0.0,0.0,0.0
2024-10-28 14:35:00-04:00,34.70000076293945,34.70000076293945,34.70000076293945,34.70000076293945,100,0.0,0.0,0.0
2024-10-28 14:38:00-04:00,34.70000076293945,34.709999084472656,34.70000076293945,34.709999084472656,1008,0.0,0.0,0.0
2024-10-28 14:39:00-04:00,34.709999084472656,34.709999084472656,34.709999084472656,34.709999084472656,300,0.0,0.0,0.0
2024-10-28 14:40:00-04:00,34.689998626708984,34.689998626708984,34.66999816894531,34.66999816894531,965,0.0,0.0,0.0
2024-10-28 14:41:00-04:00,34.70000076293945,34.70000076293945,34.70000076293945,34.70000076293945,200,0.0,0.0,0.0
2024-10-28 14:44:00-04:00,34.70000076293945,34.70000076293945,34.70000076293945,34.70000076293945,300,0.0,0.0,0.0
2024-10-28 14:45:00-04:00,34.70000076293945,34.709999084472656,34.70000076293945,34.70000076293945,980,0.0,0.0,0.0
2024-10-28 14:49:00-04:00,34.689998626708984,34.70000076293945,34.689998626708984,34.70000076293945,400,0.0,0.0,0.0
2024-10-28 14:51:00-04:00,34.709999084472656,34.709999084472656,34.70719909667969,34.70719909667969,286,0.0,0.0,0.0
2024-10-28 14:52:00-04:00,34.709999084472656,34.709999084472656,34.709999084472656,34.709999084472656,300,0.0,0.0,0.0
2024-10-28 14:53:00-04:00,34.72529983520508,34.72529983520508,34.72529983520508,34.72529983520508,875,0.0,0.0,0.0
2024-10-28 14:54:00-04:00,34.720001220703125,34.720001220703125,34.720001220703125,34.720001220703125,200,0.0,0.0,0.0
2024-10-28 14:56:00-04:00,34.709999084472656,34.709999084472656,34.709999084472656,34.709999084472656,200,0.0,0.0,0.0
2024-10-28 14:58:00-04:00,34.709999084472656,34.709999084472656,34.709999084472656,34.709999084472656,1479,0.0,0.0,0.0
2024-10-28 14:59:00-04:00,34.66999816894531,34.709999084472656,34.66999816894531,34.70000076293945,689,0.0,0.0,0.0
2024-10-28 15:02:00-04:00,34.709999084472656,34.709999084472656,34.709999084472656,34.709999084472656,324,0.0,0.0,0.0
2024-10-28 15:17:00-04:00,34.709999084472656,34.709999084472656,34.70000076293945,34.70000076293945,2053,0.0,0.0,0.0
2024-10-28 15:29:00-04:00,34.6974983215332,34.71849822998047,34.6974983215332,34.71849822998047,2990,0.0,0.0,0.0
2024-10-28 15:30:00-04:00,34.709999084472656,34.709999084472656,34.709999084472656,34.709999084472656,384,0.0,0.0,0.0
2024-10-28 15:33:00-04:00,34.720001220703125,34.72999954223633,34.70920181274414,34.70920181274414,1033,0.0,0.0,0.0
2024-10-28 15:41:00-04:00,34.720001220703125,34.720001220703125,34.720001220703125,34.720001220703125,732,0.0,0.0,0.0
2024-10-28 15:42:00-04:00,34.720001220703125,34.720001220703125,34.720001220703125,34.720001220703125,1141,0.0,0.0,0.0
2024-10-28 15:43:00-04:00,34.720001220703125,34.720001220703125,34.70180130004883,34.709999084472656,1550,0.0,0.0,0.0
2024-10-28 15:55:00-04:00,34.70000076293945,34.70000076293945,34.689998626708984,34.689998626708984,2760,0.0,0.0,0.0
2024-10-28 15:57:00-04:00,34.689998626708984,34.70000076293945,34.689998626708984,34.689998626708984,1727,0.0,0.0,0.0
2024-10-28 15:59:00-04:00,34.689998626708984,34.689998626708984,34.689998626708984,34.689998626708984,0,0.0,0.0,0.0
2024-10-29 09:30:00-04:00,34.65999984741211,34.65999984741211,34.650001525878906,34.650001525878906,3104,0.0,0.0,0.0
2024-10-29 09:32:00-04:00,34.650001525878906,34.650001525878906,34.650001525878906,34.650001525878906,150,0.0,0.0,0.0
2024-10-29 09:35:00-04:00,34.6150016784668,34.6150016784668,34.6150016784668,34.6150016784668,600,0.0,0.0,0.0
2024-10-29 09:38:00-04:00,34.61750030517578,34.61750030517578,34.61750030517578,34.61750030517578,580,0.0,0.0,0.0
2024-10-29 09:40:00-04:00,34.61000061035156,34.61000061035156,34.61000061035156,34.61000061035156,100,0.0,0.0,0.0
2024-10-29 09:47:00-04:00,34.63999938964844,34.63999938964844,34.63999938964844,34.63999938964844,230,0.0,0.0,0.0
2024-10-29 09:48:00-04:00,34.59519958496094,34.59519958496094,34.59519958496094,34.59519958496094,210,0.0,0.0,0.0
2024-10-29 09:52:00-04:00,34.63999938964844,34.65999984741211,34.63999938964844,34.650001525878906,3213,0.0,0.0,0.0
2024-10-29 10:05:00-04:00,34.698699951171875,34.698699951171875,34.698699951171875,34.698699951171875,7661,0.0,0.0,0.0
2024-10-29 10:18:00-04:00,34.65999984741211,34.65999984741211,34.65999984741211,34.65999984741211,1000,0.0,0.0,0.0
2024-10-29 10:26:00-04:00,34.739200592041016,34.739200592041016,34.739200592041016,34.739200592041016,288,0.0,0.0,0.0
2024-10-29 10:28:00-04:00,34.65999984741211,34.65999984741211,34.65999984741211,34.65999984741211,337,0.0,0.0,0.0
2024-10-29 10:39:00-04:00,34.7036018371582,34.7036018371582,34.7036018371582,34.7036018371582,506,0.0,0.0,0.0
2024-10-29 10:58:00-04:00,34.69380187988281,34.69380187988281,34.69380187988281,34.69380187988281,300,0.0,0.0,0.0
2024-10-29 11:05:00-04:00,34.70000076293945,34.70989990234375,34.70000076293945,34.70989990234375,690,0.0,0.0,0.0
2024-10-29 11:09:00-04:00,34.68000030517578,34.697898864746094,34.68000030517578,34.697898864746094,400,0.0,0.0,0.0
2024-10-29 11:10:00-04:00,34.69540023803711,34.69540023803711,34.69540023803711,34.69540023803711,1730,0.0,0.0,0.0
2024-10-29 11:16:00-04:00,34.689998626708984,34.689998626708984,34.689998626708984,34.689998626708984,1568,0.0,0.0,0.0
2024-10-29 11:18:00-04:00,34.689998626708984,34.689998626708984,34.689998626708984,34.689998626708984,100,0.0,0.0,0.0
2024-10-29 11:20:00-04:00,34.67499923706055,34.67499923706055,34.67499923706055,34.67499923706055,100,0.0,0.0,0.0
2024-10-29 11:22:00-04:00,34.689998626708984,34.69850158691406,34.689998626708984,34.69850158691406,375,0.0,0.0,0.0
2024-10-29 11:29:00-04:00,34.68000030517578,34.69960021972656,34.68000030517578,34.69960021972656,984,0.0,0.0,0.0
2024-10-29 11:35:00-04:00,34.68000030517578,34.68000030517578,34.68000030517578,34.68000030517578,100,0.0,0.0,0.0
2024-10-29 11:54:00-04:00,34.67499923706055,34.67499923706055,34.67499923706055,34.67499923706055,0,0.0,0.0,0.0
2024-10-29 11:57:00-04:00,34.689998626708984,34.689998626708984,34.689998626708984,34.689998626708984,26390,0.0,0.0,0.0
2024-10-29 12:11:00-04:00,34.70000076293945,34.72999954223633,34.70000076293945,34.72999954223633,869,0.0,0.0,0.0
2024-10-29 12:25:00-04:00,34.6775016784668,34.6775016784668,34.6775016784668,34.6775016784668,821,0.0,0.0,0.0
2024-10-29 12:26:00-04:00,34.72930145263672,34.72930145263672,34.72930145263672,34.72930145263672,1439,0.0,0.0,0.0
2024-10-29 12:48:00-04:00,34.70000076293945,34.709999084472656,34.70000076293945,34.709999084472656,380,0.0,0.0,0.0
2024-10-29 12:49:00-04:00,34.70000076293945,34.709999084472656,34.70000076293945,34.70000076293945,2605,0.0,0.0,0.0
2024-10-29 12:52:00-04:00,34.70800018310547,34.70800018310547,34.70800018310547,34.70800018310547,100,0.0,0.0,0.0
2024-10-29 12:54:00-04:00,34.709999084472656,34.709999084472656,34.709999084472656,34.709999084472656,645,0.0,0.0,0.0
2024-10-29 13:00:00-04:00,34.68000030517578,34.709999084472656,34.66189956665039,34.709999084472656,1085,0.0,0.0,0.0
2024-10-29 13:06:00-04:00,34.72999954223633,34.74959945678711,34.72999954223633,34.74959945678711,3300,0.0,0.0,0.0
2024-10-29 13:07:00-04:00,34.72999954223633,34.72999954223633,34.72999954223633,34.72999954223633,287,0.0,0.0,0.0
2024-10-29 13:24:00-04:00,34.74810028076172,34.74810028076172,34.74810028076172,34.74810028076172,345,0.0,0.0,0.0
2024-10-29 13:25:00-04:00,34.724998474121094,34.724998474121094,34.724998474121094,34.724998474121094,609,0.0,0.0,0.0
2024-10-29 13:27:00-04:00,34.73899841308594,34.73899841308594,34.73899841308594,34.73899841308594,836,0.0,0.0,0.0
2024-10-29 13:31:00-04:00,34.720001220703125,34.7400016784668,34.720001220703125,34.7400016784668,12800,0.0,0.0,0.0
2024-10-29 13:33:00-04:00,34.72999954223633,34.72999954223633,34.72999954223633,34.72999954223633,410,0.0,0.0,0.0
2024-10-29 13:36:00-04:00,34.73189926147461,34.73189926147461,34.73189926147461,34.73189926147461,300,0.0,0.0,0.0
2024-10-29 13:42:00-04:00,34.720001220703125,34.720001220703125,34.720001220703125,34.720001220703125,300,0.0,0.0,0.0
2024-10-29 13:43:00-04:00,34.709999084472656,34.709999084472656,34.70000076293945,34.70000076293945,3273,0.0,0.0,0.0
2024-10-29 13:52:00-04:00,34.709999084472656,34.709999084472656,34.709999084472656,34.709999084472656,115,0.0,0.0,0.0
2024-10-29 13:54:00-04:00,34.720001220703125,34.720001220703125,34.720001220703125,34.720001220703125,275046,0.0,0.0,0.0
2024-10-29 13:58:00-04:00,34.720001220703125,34.720001220703125,34.720001220703125,34.720001220703125,7224,0.0,0.0,0.0
2024-10-29 14:05:00-04:00,34.709999084472656,34.709999084472656,34.709999084472656,34.709999084472656,2845,0.0,0.0,0.0
2024-10-29 14:11:00-04:00,34.73939895629883,34.73939895629883,34.73939895629883,34.73939895629883,2878,0.0,0.0,0.0
2024-10-29 14:13:00-04:00,34.73809814453125,34.73809814453125,34.73809814453125,34.73809814453125,1439,0.0,0.0,0.0
2024-10-29 14:16:00-04:00,34.724998474121094,34.724998474121094,34.724998474121094,34.724998474121094,1125,0.0,0.0,0.0
2024-10-29 14:21:00-04:00,34.709999084472656,34.709999084472656,34.709999084472656,34.709999084472656,528,0.0,0.0,0.0
2024-10-29 14:24:00-04:00,34.709999084472656,34.709999084472656,34.709999084472656,34.709999084472656,1224,0.0,0.0,0.0
2024-10-29 14:27:00-04:00,34.709999084472656,34.72460174560547,34.709999084472656,34.72460174560547,6564,0.0,0.0,0.0
2024-10-29 14:35:00-04:00,34.739200592041016,34.739200592041016,34.739200592041016,34.739200592041016,172,0.0,0.0,0.0
2024-10-29 14:38:00-04:00,34.72999954223633,34.7400016784668,34.72949981689453,34.72949981689453,2400,0.0,0.0,0.0
2024-10-29 14:45:00-04:00,34.72999954223633,34.72999954223633,34.72949981689453,34.72949981689453,2400,0.0,0.0,0.0
2024-10-29 14:46:00-04:00,34.72999954223633,34.72999954223633,34.72999954223633,34.72999954223633,100,0.0,0.0,0.0
2024-10-29 14:56:00-04:00,34.739898681640625,34.739898681640625,34.739898681640625,34.739898681640625,172,0.0,0.0,0.0
2024-10-29 14:59:00-04:00,34.72999954223633,34.7400016784668,34.72999954223633,34.7400016784668,600,0.0,0.0,0.0
2024-10-29 15:01:00-04:00,34.72999954223633,34.7400016784668,34.72999954223633,34.739898681640625,2000,0.0,0.0,0.0
2024-10-29 15:07:00-04:00,34.724998474121094,34.724998474121094,34.724998474121094,34.724998474121094,287,0.0,0.0,0.0
2024-10-29 15:08:00-04:00,34.7400016784668,34.7400016784668,34.722900390625,34.73939895629883,27679,0.0,0.0,0.0
2024-10-29 15:11:00-04:00,34.7400016784668,34.7400016784668,34.7400016784668,34.7400016784668,11010,0.0,0.0,0.0
2024-10-29 15:12:00-04:00,34.7400016784668,34.7400016784668,34.737998962402344,34.737998962402344,3100,0.0,0.0,0.0
2024-10-29 15:13:00-04:00,34.73899841308594,34.7400016784668,34.73899841308594,34.739898681640625,2150,0.0,0.0,0.0
2024-10-29 15:20:00-04:00,34.72999954223633,34.72999954223633,34.72949981689453,34.72949981689453,327,0.0,0.0,0.0
2024-10-29 15:24:00-04:00,34.7400016784668,34.7599983215332,34.7400016784668,34.7599983215332,300,0.0,0.0,0.0
2024-10-29 15:25:00-04:00,34.739200592041016,34.7598991394043,34.739200592041016,34.7598991394043,1430,0.0,0.0,0.0
2024-10-29 15:27:00-04:00,34.75,34.75,34.75,34.75,720,0.0,0.0,0.0
2024-10-29 15:28:00-04:00,34.75,34.7598991394043,34.75,34.7598991394043,21050,0.0,0.0,0.0
2024-10-29 15:29:00-04:00,34.7400016784668,34.75,34.7400016784668,34.75,1764,0.0,0.0,0.0
2024-10-29 15:30:00-04:00,34.75,34.757301330566406,34.75,34.757301330566406,1500,0.0,0.0,0.0
2024-10-29 15:31:00-04:00,34.7400016784668,34.75,34.7400016784668,34.75,2000,0.0,0.0,0.0
2024-10-29 15:35:00-04:00,34.75,34.75979995727539,34.75,34.75979995727539,2088,0.0,0.0,0.0
2024-10-29 15:41:00-04:00,34.7400016784668,34.7400016784668,34.7400016784668,34.7400016784668,300,0.0,0.0,0.0
2024-10-29 15:42:00-04:00,34.7400016784668,34.75,34.7400016784668,34.75,1410,0.0,0.0,0.0
2024-10-29 15:45:00-04:00,34.75320053100586,34.75320053100586,34.75320053100586,34.75320053100586,175,0.0,0.0,0.0
2024-10-29 15:47:00-04:00,34.724998474121094,34.724998474121094,34.724998474121094,34.724998474121094,585,0.0,0.0,0.0
2024-10-29 15:56:00-04:00,34.720001220703125,34.720001220703125,34.720001220703125,34.720001220703125,137,0.0,0.0,0.0
2024-10-29 15:59:00-04:00,34.709999084472656,34.709999084472656,34.709999084472656,34.709999084472656,200,0.0,0.0,0.0
2024-10-30 09:30:00-04:00,34.709999084472656,34.709999084472656,34.709999084472656,34.709999084472656,0,0.0,0.0,0.0
2024-10-30 09:43:00-04:00,34.63999938964844,34.63999938964844,34.63999938964844,34.63999938964844,272,0.0,0.0,0.0
2024-10-30 09:46:00-04:00,34.650001525878906,34.650001525878906,34.63999938964844,34.63999938964844,1750,0.0,0.0,0.0
2024-10-30 09:53:00-04:00,34.689998626708984,34.689998626708984,34.689998626708984,34.689998626708984,1000,0.0,0.0,0.0
2024-10-30 10:12:00-04:00,34.66999816894531,34.66999816894531,34.66999816894531,34.66999816894531,288,0.0,0.0,0.0
2024-10-30 10:25:00-04:00,34.72999954223633,34.72999954223633,34.72999954223633,34.72999954223633,435,0.0,0.0,0.0
2024-10-30 10:28:00-04:00,34.75669860839844,34.75669860839844,34.75669860839844,34.75669860839844,971,0.0,0.0,0.0
2024-10-30 10:30:00-04:00,34.7400016784668,34.75,34.7400016784668,34.75,575,0.0,0.0,0.0
2024-10-30 10:35:00-04:00,34.7400016784668,34.7400016784668,34.7400016784668,34.7400016784668,865,0.0,0.0,0.0
2024-10-30 10:47:00-04:00,34.72999954223633,34.72999954223633,34.72999954223633,34.72999954223633,247,0.0,0.0,0.0
2024-10-30 10:48:00-04:00,34.72129821777344,34.72129821777344,34.72129821777344,34.72129821777344,288,0.0,0.0,0.0
2024-10-30 11:22:00-04:00,34.709999084472656,34.709999084472656,34.709999084472656,34.709999084472656,144,0.0,0.0,0.0
2024-10-30 11:24:00-04:00,34.720001220703125,34.720001220703125,34.720001220703125,34.720001220703125,400,0.0,0.0,0.0
2024-10-30 11:25:00-04:00,34.720001220703125,34.720001220703125,34.720001220703125,34.720001220703125,207,0.0,0.0,0.0
2024-10-30 11:37:00-04:00,34.724998474121094,34.724998474121094,34.724998474121094,34.724998474121094,100,0.0,0.0,0.0
2024-10-30 11:39:00-04:00,34.74909973144531,34.74909973144531,34.74909973144531,34.74909973144531,186,0.0,0.0,0.0
2024-10-30 11:54:00-04:00,34.75,34.77000045776367,34.75,34.77000045776367,865,0.0,0.0,0.0
2024-10-30 12:02:00-04:00,34.72999954223633,34.72999954223633,34.72999954223633,34.72999954223633,500,0.0,0.0,0.0
2024-10-30 12:09:00-04:00,34.7400016784668,34.7400016784668,34.73149871826172,34.73149871826172,1770,0.0,0.0,0.0
2024-10-30 12:28:00-04:00,34.72999954223633,34.72999954223633,34.72999954223633,34.72999954223633,2880,0.0,0.0,0.0
2024-10-30 12:29:00-04:00,34.72570037841797,34.74879837036133,34.72570037841797,34.74879837036133,1000,0.0,0.0,0.0
2024-10-30 12:30:00-04:00,34.738399505615234,34.738399505615234,34.738399505615234,34.738399505615234,570,0.0,0.0,0.0
2024-10-30 12:39:00-04:00,34.759300231933594,34.759300231933594,34.759300231933594,34.759300231933594,953,0.0,0.0,0.0
2024-10-30 12:44:00-04:00,34.75,34.75,34.75,34.75,194,0.0,0.0,0.0
2024-10-30 12:50:00-04:00,34.7400016784668,34.7400016784668,34.7400016784668,34.7400016784668,100,0.0,0.0,0.0
2024-10-30 13:01:00-04:00,34.72999954223633,34.72999954223633,34.72999954223633,34.72999954223633,108,0.0,0.0,0.0
2024-10-30 13:24:00-04:00,34.709999084472656,34.709999084472656,34.709999084472656,34.709999084472656,286,0.0,0.0,0.0
2024-10-30 13:25:00-04:00,34.70000076293945,34.70000076293945,34.70000076293945,34.70000076293945,100,0.0,0.0,0.0
2024-10-30 13:28:00-04:00,34.70500183105469,34.70500183105469,34.689998626708984,34.689998626708984,221,0.0,0.0,0.0
2024-10-30 13:38:00-04:00,34.66999816894531,34.66999816894531,34.66999816894531,34.66999816894531,3413,0.0,0.0,0.0
2024-10-30 13:39:00-04:00,34.65999984741211,34.65999984741211,34.65999984741211,34.65999984741211,700,0.0,0.0,0.0
2024-10-30 13:42:00-04:00,34.63999938964844,34.63999938964844,34.63999938964844,34.63999938964844,1920,0.0,0.0,0.0
2024-10-30 13:47:00-04:00,34.669700622558594,34.669700622558594,34.669700622558594,34.669700622558594,1586,0.0,0.0,0.0
2024-10-30 14:00:00-04:00,34.66999816894531,34.66999816894531,34.657501220703125,34.66999816894531,4246,0.0,0.0,0.0
2024-10-30 14:03:00-04:00,34.689300537109375,34.689300537109375,34.689300537109375,34.689300537109375,1084,0.0,0.0,0.0
2024-10-30 14:07:00-04:00,34.68000030517578,34.68000030517578,34.68000030517578,34.68000030517578,100,0.0,0.0,0.0
2024-10-30 14:11:00-04:00,34.689998626708984,34.689998626708984,34.679500579833984,34.689998626708984,1167,0.0,0.0,0.0
2024-10-30 14:12:00-04:00,34.70899963378906,34.70899963378906,34.70000076293945,34.70000076293945,1450,0.0,0.0,0.0
2024-10-30 14:15:00-04:00,34.68980026245117,34.689998626708984,34.68980026245117,34.689998626708984,1034,0.0,0.0,0.0
2024-10-30 14:17:00-04:00,34.689998626708984,34.689998626708984,34.689998626708984,34.689998626708984,200,0.0,0.0,0.0
2024-10-30 14:22:00-04:00,34.689998626708984,34.70000076293945,34.68619918823242,34.68619918823242,3574,0.0,0.0,0.0
2024-10-30 14:35:00-04:00,34.68000030517578,34.68000030517578,34.68000030517578,34.68000030517578,115,0.0,0.0,0.0
2024-10-30 14:39:00-04:00,34.68000030517578,34.68000030517578,34.68000030517578,34.68000030517578,2517,0.0,0.0,0.0
2024-10-30 14:42:00-04:00,34.68000030517578,34.68000030517578,34.68000030517578,34.68000030517578,175,0.0,0.0,0.0
2024-10-30 14:50:00-04:00,34.68000030517578,34.68000030517578,34.68000030517578,34.68000030517578,1730,0.0,0.0,0.0
2024-10-30 14:52:00-04:00,34.68000030517578,34.68000030517578,34.68000030517578,34.68000030517578,1500,0.0,0.0,0.0
2024-10-30 14:56:00-04:00,34.689998626708984,34.689998626708984,34.689998626708984,34.689998626708984,26430,0.0,0.0,0.0
2024-10-30 14:57:00-04:00,34.68000030517578,34.68000030517578,34.68000030517578,34.68000030517578,203,0.0,0.0,0.0
2024-10-30 15:02:00-04:00,34.663700103759766,34.663700103759766,34.663700103759766,34.663700103759766,400,0.0,0.0,0.0
2024-10-30 15:03:00-04:00,34.666500091552734,34.666500091552734,34.666500091552734,34.666500091552734,1442,0.0,0.0,0.0
2024-10-30 15:05:00-04:00,34.66999816894531,34.66999816894531,34.65999984741211,34.65999984741211,2198,0.0,0.0,0.0
2024-10-30 15:06:00-04:00,34.654998779296875,34.654998779296875,34.654998779296875,34.654998779296875,1415,0.0,0.0,0.0
2024-10-30 15:07:00-04:00,34.66999816894531,34.67470169067383,34.65999984741211,34.67470169067383,1832,0.0,0.0,0.0
2024-10-30 15:08:00-04:00,34.676998138427734,34.676998138427734,34.676998138427734,34.676998138427734,1300,0.0,0.0,0.0
2024-10-30 15:09:00-04:00,34.66999816894531,34.66999816894531,34.66999816894531,34.66999816894531,1300,0.0,0.0,0.0
2024-10-30 15:10:00-04:00,34.66999816894531,34.689300537109375,34.66999816894531,34.689300537109375,590,0.0,0.0,0.0
2024-10-30 15:12:00-04:00,34.68000030517578,34.68000030517578,34.68000030517578,34.68000030517578,417,0.0,0.0,0.0
2024-10-30 15:14:00-04:00,34.68000030517578,34.68000030517578,34.68000030517578,34.68000030517578,250,0.0,0.0,0.0
2024-10-30 15:16:00-04:00,34.66999816894531,34.66999816894531,34.66999816894531,34.66999816894531,796,0.0,0.0,0.0
2024-10-30 15:20:00-04:00,34.66999816894531,34.66999816894531,34.66999816894531,34.66999816894531,346,0.0,0.0,0.0
2024-10-30 15:23:00-04:00,34.66999816894531,34.66999816894531,34.66999816894531,34.66999816894531,1867,0.0,0.0,0.0
2024-10-30 15:24:00-04:00,34.665401458740234,34.665401458740234,34.665401458740234,34.665401458740234,690,0.0,0.0,0.0
2024-10-30 15:26:00-04:00,34.68000030517578,34.68000030517578,34.66999816894531,34.66999816894531,1806,0.0,0.0,0.0
2024-10-30 15:28:00-04:00,34.66999816894531,34.66999816894531,34.66999816894531,34.66999816894531,138,0.0,0.0,0.0
2024-10-30 15:30:00-04:00,34.66999816894531,34.66999816894531,34.66999816894531,34.66999816894531,2069,0.0,0.0,0.0
2024-10-30 15:35:00-04:00,34.65999984741211,34.65999984741211,34.65999984741211,34.65999984741211,100,0.0,0.0,0.0
2024-10-30 15:36:00-04:00,34.650001525878906,34.650001525878906,34.650001525878906,34.650001525878906,673,0.0,0.0,0.0
2024-10-30 15:37:00-04:00,34.65999984741211,34.65999984741211,34.65999984741211,34.65999984741211,268,0.0,0.0,0.0
2024-10-30 15:39:00-04:00,34.67940139770508,34.67940139770508,34.67940139770508,34.67940139770508,250,0.0,0.0,0.0
2024-10-30 15:44:00-04:00,34.650001525878906,34.650001525878906,34.650001525878906,34.650001525878906,550,0.0,0.0,0.0
2024-10-30 15:46:00-04:00,34.65999984741211,34.65999984741211,34.65999984741211,34.65999984741211,212,0.0,0.0,0.0
2024-10-30 15:47:00-04:00,34.64500045776367,34.64500045776367,34.64500045776367,34.64500045776367,317,0.0,0.0,0.0
2024-10-30 15:49:00-04:00,34.65810012817383,34.65810012817383,34.65810012817383,34.65810012817383,125,0.0,0.0,0.0
2024-10-30 15:50:00-04:00,34.66360092163086,34.66360092163086,34.66360092163086,34.66360092163086,350,0.0,0.0,0.0
2024-10-30 15:51:00-04:00,34.66999816894531,34.68000030517578,34.65999984741211,34.66999816894531,2900,0.0,0.0,0.0
2024-10-30 15:52:00-04:00,34.67499923706055,34.67499923706055,34.66999816894531,34.67499923706055,2200,0.0,0.0,0.0
2024-10-30 15:53:00-04:00,34.65999984741211,34.65999984741211,34.65999984741211,34.65999984741211,1384,0.0,0.0,0.0
2024-10-30 15:54:00-04:00,34.65999984741211,34.65999984741211,34.65999984741211,34.65999984741211,554,0.0,0.0,0.0
2024-10-30 15:55:00-04:00,34.64550018310547,34.64550018310547,34.64550018310547,34.64550018310547,1500,0.0,0.0,0.0
2024-10-31 09:30:00-04:00,34.540000915527344,34.540000915527344,34.540000915527344,34.540000915527344,0,0.0,0.0,0.0
2024-10-31 09:33:00-04:00,34.470001220703125,34.470001220703125,34.470001220703125,34.470001220703125,100,0.0,0.0,0.0
2024-10-31 09:39:00-04:00,34.4900016784668,34.4900016784668,34.4900016784668,34.4900016784668,608,0.0,0.0,0.0
2024-10-31 09:40:00-04:00,34.5099983215332,34.5099983215332,34.5,34.5,200,0.0,0.0,0.0
2024-10-31 09:43:00-04:00,34.5099983215332,34.5099983215332,34.5099983215332,34.5099983215332,100,0.0,0.0,0.0
2024-10-31 09:44:00-04:00,34.5,34.5,34.5,34.5,100,0.0,0.0,0.0
2024-10-31 09:45:00-04:00,34.470001220703125,34.470001220703125,34.470001220703125,34.470001220703125,108,0.0,0.0,0.0
2024-10-31 09:48:00-04:00,34.459999084472656,34.459999084472656,34.459999084472656,34.459999084472656,100,0.0,0.0,0.0
2024-10-31 09:49:00-04:00,34.439998626708984,34.439998626708984,34.439998626708984,34.439998626708984,400,0.0,0.0,0.0
2024-10-31 09:55:00-04:00,34.459598541259766,34.459598541259766,34.459598541259766,34.459598541259766,1783,0.0,0.0,0.0
2024-10-31 09:57:00-04:00,34.47999954223633,34.47999954223633,34.47999954223633,34.47999954223633,100,0.0,0.0,0.0
2024-10-31 09:58:00-04:00,34.45500183105469,34.45500183105469,34.45500183105469,34.45500183105469,932,0.0,0.0,0.0
2024-10-31 10:07:00-04:00,34.43000030517578,34.43000030517578,34.43000030517578,34.43000030517578,100,0.0,0.0,0.0
2024-10-31 10:09:00-04:00,34.42499923706055,34.42499923706055,34.42499923706055,34.42499923706055,3600,0.0,0.0,0.0
2024-10-31 10:11:00-04:00,34.400001525878906,34.400001525878906,34.400001525878906,34.400001525878906,200,0.0,0.0,0.0
2024-10-31 10:14:00-04:00,34.41999816894531,34.41999816894531,34.41999816894531,34.41999816894531,750,0.0,0.0,0.0
2024-10-31 10:15:00-04:00,34.369998931884766,34.369998931884766,34.369998931884766,34.369998931884766,182,0.0,0.0,0.0
2024-10-31 10:22:00-04:00,34.41999816894531,34.41999816894531,34.41999816894531,34.41999816894531,100,0.0,0.0,0.0
2024-10-31 10:23:00-04:00,34.41999816894531,34.41999816894531,34.41999816894531,34.41999816894531,320,0.0,0.0,0.0
2024-10-31 10:25:00-04:00,34.40999984741211,34.40999984741211,34.40999984741211,34.40999984741211,210,0.0,0.0,0.0
2024-10-31 10:35:00-04:00,34.38999938964844,34.38999938964844,34.38999938964844,34.38999938964844,205,0.0,0.0,0.0
2024-10-31 10:39:00-04:00,34.38999938964844,34.38999938964844,34.38999938964844,34.38999938964844,100,0.0,0.0,0.0
2024-10-31 10:41:00-04:00,34.3849983215332,34.3849983215332,34.3849983215332,34.3849983215332,600,0.0,0.0,0.0
2024-10-31 10:45:00-04:00,34.380001068115234,34.380001068115234,34.380001068115234,34.380001068115234,100,0.0,0.0,0.0
2024-10-31 10:46:00-04:00,34.369998931884766,34.369998931884766,34.369998931884766,34.369998931884766,200,0.0,0.0,0.0
2024-10-31 10:47:00-04:00,34.36000061035156,34.36000061035156,34.36000061035156,34.36000061035156,400,0.0,0.0,0.0
2024-10-31 10:55:00-04:00,34.355098724365234,34.355098724365234,34.355098724365234,34.355098724365234,1455,0.0,0.0,0.0
2024-10-31 10:56:00-04:00,34.36000061035156,34.36000061035156,34.36000061035156,34.36000061035156,4000,0.0,0.0,0.0
2024-10-31 10:57:00-04:00,34.36000061035156,34.36000061035156,34.36000061035156,34.36000061035156,1835,0.0,0.0,0.0
2024-10-31 10:59:00-04:00,34.36000061035156,34.36000061035156,34.36000061035156,34.36000061035156,964,0.0,0.0,0.0
2024-10-31 11:00:00-04:00,34.349998474121094,34.35350036621094,34.349998474121094,34.35350036621094,1155,0.0,0.0,0.0
2024-10-31 11:01:00-04:00,34.349998474121094,34.349998474121094,34.34000015258789,34.34000015258789,1400,0.0,0.0,0.0
2024-10-31 11:02:00-04:00,34.34000015258789,34.34000015258789,34.34000015258789,34.34000015258789,14790,0.0,0.0,0.0
2024-10-31 11:04:00-04:00,34.34000015258789,34.349998474121094,34.33620071411133,34.33620071411133,1680,0.0,0.0,0.0
2024-10-31 11:05:00-04:00,34.33209991455078,34.33209991455078,34.33209991455078,34.33209991455078,1360,0.0,0.0,0.0
2024-10-31 11:10:00-04:00,34.349998474121094,34.36000061035156,34.34989929199219,34.36000061035156,1935,0.0,0.0,0.0
2024-10-31 11:13:00-04:00,34.32939910888672,34.32939910888672,34.32939910888672,34.32939910888672,940,0.0,0.0,0.0
2024-10-31 11:17:00-04:00,34.33300018310547,34.34000015258789,34.33300018310547,34.34000015258789,1425,0.0,0.0,0.0
2024-10-31 11:18:00-04:00,34.349998474121094,34.349998474121094,34.349998474121094,34.349998474121094,100,0.0,0.0,0.0
2024-10-31 11:22:00-04:00,34.36000061035156,34.36000061035156,34.36000061035156,34.36000061035156,167,0.0,0.0,0.0
2024-10-31 11:28:00-04:00,34.36000061035156,34.36000061035156,34.34000015258789,34.34000015258789,930,0.0,0.0,0.0
2024-10-31 11:30:00-04:00,34.349998474121094,34.36000061035156,34.349998474121094,34.36000061035156,319,0.0,0.0,0.0
2024-10-31 11:33:00-04:00,34.349998474121094,34.349998474121094,34.34000015258789,34.34000015258789,1770,0.0,0.0,0.0
2024-10-31 11:38:00-04:00,34.349998474121094,34.349998474121094,34.349998474121094,34.349998474121094,3250,0.0,0.0,0.0
2024-10-31 11:39:00-04:00,34.36000061035156,34.36000061035156,34.36000061035156,34.36000061035156,100,0.0,0.0,0.0
2024-10-31 11:41:00-04:00,34.34000015258789,34.349998474121094,34.34000015258789,34.349998474121094,900,0.0,0.0,0.0
2024-10-31 11:42:00-04:00,34.349998474121094,34.36000061035156,34.334999084472656,34.334999084472656,1886,0.0,0.0,0.0
2024-10-31 11:45:00-04:00,34.36000061035156,34.36000061035156,34.36000061035156,34.36000061035156,100,0.0,0.0,0.0
2024-10-31 11:51:00-04:00,34.349998474121094,34.349998474121094,34.34000015258789,34.34000015258789,200,0.0,0.0,0.0
2024-10-31 11:57:00-04:00,34.349998474121094,34.349998474121094,34.3307991027832,34.3307991027832,536,0.0,0.0,0.0
2024-10-31 12:03:00-04:00,34.349998474121094,34.349998474121094,34.349998474121094,34.349998474121094,100,0.0,0.0,0.0
2024-10-31 12:09:00-04:00,34.380001068115234,34.380001068115234,34.380001068115234,34.380001068115234,110,0.0,0.0,0.0
2024-10-31 12:15:00-04:00,34.369998931884766,34.369998931884766,34.369998931884766,34.369998931884766,100,0.0,0.0,0.0
2024-10-31 12:22:00-04:00,34.369998931884766,34.369998931884766,34.369998931884766,34.369998931884766,129,0.0,0.0,0.0
2024-10-31 12:24:00-04:00,34.369998931884766,34.369998931884766,34.369998931884766,34.369998931884766,4090,0.0,0.0,0.0
2024-10-31 12:32:00-04:00,34.35960006713867,34.35960006713867,34.35960006713867,34.35960006713867,145,0.0,0.0,0.0
2024-10-31 12:36:00-04:00,34.35960006713867,34.35960006713867,34.35960006713867,34.35960006713867,154,0.0,0.0,0.0
2024-10-31 12:37:00-04:00,34.36479949951172,34.36479949951172,34.36479949951172,34.36479949951172,161,0.0,0.0,0.0
2024-10-31 12:41:00-04:00,34.36000061035156,34.36000061035156,34.36000061035156,34.36000061035156,108,0.0,0.0,0.0
2024-10-31 12:44:00-04:00,34.36880111694336,34.36880111694336,34.36880111694336,34.36880111694336,230,0.0,0.0,0.0
2024-10-31 12:45:00-04:00,34.36989974975586,34.36989974975586,34.36989974975586,34.36989974975586,880,0.0,0.0,0.0
2024-10-31 12:47:00-04:00,34.369998931884766,34.369998931884766,34.369998931884766,34.369998931884766,100,0.0,0.0,0.0
2024-10-31 12:51:00-04:00,34.36000061035156,34.36000061035156,34.36000061035156,34.36000061035156,200,0.0,0.0,0.0
2024-10-31 12:54:00-04:00,34.369998931884766,34.369998931884766,34.369998931884766,34.369998931884766,100,0.0,0.0,0.0
2024-10-31 12:56:00-04:00,34.369998931884766,34.369998931884766,34.369998931884766,34.369998931884766,253,0.0,0.0,0.0
2024-10-31 13:00:00-04:00,34.36000061035156,34.36000061035156,34.36000061035156,34.36000061035156,100,0.0,0.0,0.0
2024-10-31 13:06:00-04:00,34.380001068115234,34.380001068115234,34.380001068115234,34.380001068115234,100,0.0,0.0,0.0
2024-10-31 13:13:00-04:00,34.369998931884766,34.369998931884766,34.369998931884766,34.369998931884766,400,0.0,0.0,0.0
2024-10-31 13:17:00-04:00,34.3650016784668,34.3650016784668,34.3650016784668,34.3650016784668,300,0.0,0.0,0.0
2024-10-31 13:19:00-04:00,34.369998931884766,34.369998931884766,34.369998931884766,34.369998931884766,400,0.0,0.0,0.0
2024-10-31 13:24:00-04:00,34.369998931884766,34.369998931884766,34.369998931884766,34.369998931884766,575,0.0,0.0,0.0
2024-10-31 13:25:00-04:00,34.38990020751953,34.38990020751953,34.38990020751953,34.38990020751953,300,0.0,0.0,0.0
2024-10-31 13:26:00-04:00,34.369998931884766,34.369998931884766,34.369998931884766,34.369998931884766,100,0.0,0.0,0.0
2024-10-31 13:29:00-04:00,34.3650016784668,34.3650016784668,34.3650016784668,34.3650016784668,300,0.0,0.0,0.0
2024-10-31 13:30:00-04:00,34.3650016784668,34.3650016784668,34.3650016784668,34.3650016784668,915,0.0,0.0,0.0
2024-10-31 13:31:00-04:00,34.349998474121094,34.349998474121094,34.349998474121094,34.349998474121094,200,0.0,0.0,0.0
2024-10-31 13:32:00-04:00,34.345001220703125,34.345001220703125,34.345001220703125,34.345001220703125,700,0.0,0.0,0.0
2024-10-31 13:33:00-04:00,34.349998474121094,34.349998474121094,34.349998474121094,34.349998474121094,2182,0.0,0.0,0.0
2024-10-31 13:34:00-04:00,34.349998474121094,34.349998474121094,34.349998474121094,34.349998474121094,200,0.0,0.0,0.0
2024-10-31 13:36:00-04:00,34.349998474121094,34.349998474121094,34.349998474121094,34.349998474121094,300,0.0,0.0,0.0
2024-10-31 13:38:00-04:00,34.35960006713867,34.35960006713867,34.35960006713867,34.35960006713867,300,0.0,0.0,0.0
2024-10-31 13:43:00-04:00,34.345001220703125,34.345001220703125,34.345001220703125,34.345001220703125,300,0.0,0.0,0.0
2024-10-31 13:45:00-04:00,34.34000015258789,34.34000015258789,34.34000015258789,34.34000015258789,110,0.0,0.0,0.0
2024-10-31 13:46:00-04:00,34.33000183105469,34.33000183105469,34.33000183105469,34.33000183105469,200,0.0,0.0,0.0
2024-10-31 13:51:00-04:00,34.34989929199219,34.34989929199219,34.33000183105469,34.33000183105469,3560,0.0,0.0,0.0
2024-10-31 13:52:00-04:00,34.34000015258789,34.349998474121094,34.32500076293945,34.34000015258789,6376,0.0,0.0,0.0
2024-10-31 13:53:00-04:00,34.34000015258789,34.34000015258789,34.33570098876953,34.33570098876953,300,0.0,0.0,0.0
2024-10-31 13:56:00-04:00,34.33000183105469,34.34000015258789,34.33000183105469,34.33000183105469,3101,0.0,0.0,0.0
2024-10-31 13:57:00-04:00,34.34000015258789,34.34000015258789,34.33000183105469,34.33570098876953,500,0.0,0.0,0.0
2024-10-31 14:01:00-04:00,34.33000183105469,34.33000183105469,34.33000183105469,34.33000183105469,100,0.0,0.0,0.0
2024-10-31 14:02:00-04:00,34.31999969482422,34.31999969482422,34.31999969482422,34.31999969482422,100,0.0,0.0,0.0
2024-10-31 14:08:00-04:00,34.31999969482422,34.31999969482422,34.31999969482422,34.31999969482422,350,0.0,0.0,0.0
2024-10-31 14:13:00-04:00,34.33000183105469,34.33000183105469,34.33000183105469,34.33000183105469,100,0.0,0.0,0.0
2024-10-31 14:15:00-04:00,34.33000183105469,34.33000183105469,34.33000183105469,34.33000183105469,200,0.0,0.0,0.0
2024-10-31 14:17:00-04:00,34.32500076293945,34.32500076293945,34.32500076293945,34.32500076293945,524,0.0,0.0,0.0
2024-10-31 14:18:00-04:00,34.33000183105469,34.33000183105469,34.33000183105469,34.33000183105469,100,0.0,0.0,0.0
2024-10-31 14:19:00-04:00,34.31999969482422,34.31999969482422,34.31999969482422,34.31999969482422,100,0.0,0.0,0.0
2024-10-31 14:24:00-04:00,34.33000183105469,34.33000183105469,34.33000183105469,34.33000183105469,100,0.0,0.0,0.0
2024-10-31 14:29:00-04:00,34.34000015258789,34.34000015258789,34.34000015258789,34.34000015258789,100,0.0,0.0,0.0
2024-10-31 14:31:00-04:00,34.34000015258789,34.349998474121094,34.34000015258789,34.349998474121094,250,0.0,0.0,0.0
2024-10-31 14:33:00-04:00,34.32849884033203,34.32849884033203,34.32849884033203,34.32849884033203,400,0.0,0.0,0.0
2024-10-31 14:35:00-04:00,34.33000183105469,34.33000183105469,34.33000183105469,34.33000183105469,100,0.0,0.0,0.0
2024-10-31 14:37:00-04:00,34.31999969482422,34.31999969482422,34.31999969482422,34.31999969482422,1200,0.0,0.0,0.0
2024-10-31 14:41:00-04:00,34.33000183105469,34.34000015258789,34.33000183105469,34.34000015258789,10100,0.0,0.0,0.0
2024-10-31 14:50:00-04:00,34.33000183105469,34.33000183105469,34.33000183105469,34.33000183105469,190,0.0,0.0,0.0
2024-10-31 14:54:00-04:00,34.31999969482422,34.31999969482422,34.31999969482422,34.31999969482422,200,0.0,0.0,0.0
2024-10-31 14:55:00-04:00,34.349998474121094,34.349998474121094,34.349998474121094,34.349998474121094,100,0.0,0.0,0.0
2024-10-31 15:00:00-04:00,34.36000061035156,34.36000061035156,34.36000061035156,34.36000061035156,100,0.0,0.0,0.0
2024-10-31 15:05:00-04:00,34.36000061035156,34.36000061035156,34.36000061035156,34.36000061035156,100,0.0,0.0,0.0
2024-10-31 15:09:00-04:00,34.349998474121094,34.349998474121094,34.349998474121094,34.349998474121094,100,0.0,0.0,0.0
2024-10-31 15:14:00-04:00,34.369998931884766,34.369998931884766,34.369998931884766,34.369998931884766,100,0.0,0.0,0.0
2024-10-31 15:18:00-04:00,34.380001068115234,34.380001068115234,34.380001068115234,34.380001068115234,100,0.0,0.0,0.0
2024-10-31 15:23:00-04:00,34.38999938964844,34.38999938964844,34.38999938964844,34.38999938964844,100,0.0,0.0,0.0
2024-10-31 15:25:00-04:00,34.369998931884766,34.369998931884766,34.369998931884766,34.369998931884766,2900,0.0,0.0,0.0
2024-10-31 15:27:00-04:00,34.369998931884766,34.369998931884766,34.369998931884766,34.369998931884766,100,0.0,0.0,0.0
2024-10-31 15:30:00-04:00,34.345001220703125,34.369998931884766,34.345001220703125,34.369998931884766,15667,0.0,0.0,0.0
2024-10-31 15:31:00-04:00,34.38999938964844,34.38999938964844,34.36000061035156,34.36000061035156,67951,0.0,0.0,0.0
2024-10-31 15:32:00-04:00,34.369998931884766,34.369998931884766,34.36000061035156,34.36000061035156,724,0.0,0.0,0.0
2024-10-31 15:36:00-04:00,34.36000061035156,34.36000061035156,34.359901428222656,34.359901428222656,600,0.0,0.0,0.0
2024-10-31 15:37:00-04:00,34.36000061035156,34.36000061035156,34.36000061035156,34.36000061035156,5400,0.0,0.0,0.0
2024-10-31 15:40:00-04:00,34.342899322509766,34.342899322509766,34.342899322509766,34.342899322509766,660,0.0,0.0,0.0
2024-10-31 15:41:00-04:00,34.337100982666016,34.369998931884766,34.337100982666016,34.369998931884766,664,0.0,0.0,0.0
2024-10-31 15:44:00-04:00,34.357200622558594,34.357200622558594,34.34920120239258,34.34920120239258,1089,0.0,0.0,0.0
2024-10-31 15:45:00-04:00,34.31999969482422,34.380001068115234,34.31999969482422,34.380001068115234,480,0.0,0.0,0.0
2024-10-31 15:48:00-04:00,34.380001068115234,34.380001068115234,34.380001068115234,34.380001068115234,100,0.0,0.0,0.0
2024-10-31 15:51:00-04:00,34.380001068115234,34.380001068115234,34.380001068115234,34.380001068115234,100,0.0,0.0,0.0
2024-10-31 15:54:00-04:00,34.36000061035156,34.36000061035156,34.35900115966797,34.36000061035156,530,0.0,0.0,0.0
2024-10-31 15:55:00-04:00,34.34000015258789,34.34000015258789,34.314998626708984,34.314998626708984,350,0.0,0.0,0.0
2024-10-31 15:56:00-04:00,34.34000015258789,34.34000015258789,34.34000015258789,34.34000015258789,147,0.0,0.0,0.0
2024-10-31 15:57:00-04:00,34.349998474121094,34.349998474121094,34.349998474121094,34.349998474121094,100,0.0,0.0,0.0
2024-10-31 15:58:00-04:00,34.349998474121094,34.349998474121094,34.34000015258789,34.34000015258789,200,0.0,0.0,0.0
2024-10-31 15:59:00-04:00,34.310001373291016,34.310001373291016,34.310001373291016,34.310001373291016,300,0.0,0.0,0.0
2024-11-01 09:33:00-04:00,34.400001525878906,34.40999984741211,34.400001525878906,34.400001525878906,0,0.0,0.0,0.0
2024-11-01 09:50:00-04:00,34.439998626708984,34.45840072631836,34.439998626708984,34.45840072631836,1244,0.0,0.0,0.0
2024-11-01 10:11:00-04:00,34.459999084472656,34.470001220703125,34.459999084472656,34.470001220703125,2668,0.0,0.0,0.0
2024-11-01 10:14:00-04:00,34.472900390625,34.472900390625,34.472900390625,34.472900390625,296,0.0,0.0,0.0
2024-11-01 10:15:00-04:00,34.48659896850586,34.48659896850586,34.48659896850586,34.48659896850586,927,0.0,0.0,0.0
2024-11-01 10:23:00-04:00,34.4900016784668,34.50299835205078,34.4900016784668,34.50299835205078,2900,0.0,0.0,0.0
2024-11-01 10:27:00-04:00,34.519901275634766,34.519901275634766,34.519901275634766,34.519901275634766,2323,0.0,0.0,0.0
2024-11-01 10:29:00-04:00,34.46080017089844,34.46080017089844,34.46080017089844,34.46080017089844,318,0.0,0.0,0.0
2024-11-01 10:35:00-04:00,34.4900016784668,34.4900016784668,34.4900016784668,34.4900016784668,690,0.0,0.0,0.0
2024-11-01 10:40:00-04:00,34.5,34.5,34.5,34.5,156,0.0,0.0,0.0
2024-11-01 11:00:00-04:00,34.47999954223633,34.47999954223633,34.47999954223633,34.47999954223633,521,0.0,0.0,0.0
2024-11-01 11:01:00-04:00,34.47999954223633,34.4900016784668,34.47999954223633,34.4900016784668,1014,0.0,0.0,0.0
2024-11-01 11:11:00-04:00,34.44820022583008,34.4900016784668,34.44820022583008,34.487701416015625,8008,0.0,0.0,0.0
2024-11-01 11:37:00-04:00,34.4900016784668,34.4900016784668,34.48569869995117,34.48569869995117,290,0.0,0.0,0.0
2024-11-01 11:41:00-04:00,34.4995002746582,34.4995002746582,34.4995002746582,34.4995002746582,1669,0.0,0.0,0.0
2024-11-01 11:43:00-04:00,34.47999954223633,34.47999954223633,34.47999954223633,34.47999954223633,0,0.0,0.0,0.0
2024-11-01 11:54:00-04:00,34.459999084472656,34.459999084472656,34.4556999206543,34.4556999206543,33978,0.0,0.0,0.0
2024-11-01 12:20:00-04:00,34.45000076293945,34.45000076293945,34.44620132446289,34.44620132446289,1808,0.0,0.0,0.0
2024-11-01 12:24:00-04:00,34.469200134277344,34.469200134277344,34.469200134277344,34.469200134277344,200,0.0,0.0,0.0
2024-11-01 12:53:00-04:00,34.43000030517578,34.43000030517578,34.43000030517578,34.43000030517578,1098,0.0,0.0,0.0
2024-11-01 13:10:00-04:00,34.429901123046875,34.429901123046875,34.429901123046875,34.429901123046875,2177,0.0,0.0,0.0
2024-11-01 13:18:00-04:00,34.41999816894531,34.41999816894531,34.41999816894531,34.41999816894531,232,0.0,0.0,0.0
2024-11-01 13:21:00-04:00,34.43000030517578,34.43000030517578,34.43000030517578,34.43000030517578,405,0.0,0.0,0.0
2024-11-01 13:24:00-04:00,34.459999084472656,34.459999084472656,34.457698822021484,34.457698822021484,3600,0.0,0.0,0.0
2024-11-01 13:27:00-04:00,34.41999816894531,34.46860122680664,34.400699615478516,34.46860122680664,977,0.0,0.0,0.0
2024-11-01 13:36:00-04:00,34.404998779296875,34.404998779296875,34.404998779296875,34.404998779296875,405,0.0,0.0,0.0
2024-11-01 13:51:00-04:00,34.380001068115234,34.380001068115234,34.380001068115234,34.380001068115234,100,0.0,0.0,0.0
2024-11-01 13:55:00-04:00,34.412200927734375,34.412200927734375,34.412200927734375,34.412200927734375,429,0.0,0.0,0.0
2024-11-01 13:56:00-04:00,34.380001068115234,34.380001068115234,34.380001068115234,34.380001068115234,255,0.0,0.0,0.0
2024-11-01 14:02:00-04:00,34.400001525878906,34.400001525878906,34.400001525878906,34.400001525878906,550,0.0,0.0,0.0
2024-11-01 14:03:00-04:00,34.369998931884766,34.369998931884766,34.369998931884766,34.369998931884766,270,0.0,0.0,0.0
2024-11-01 14:34:00-04:00,34.400001525878906,34.400001525878906,34.400001525878906,34.400001525878906,200,0.0,0.0,0.0
2024-11-01 14:40:00-04:00,34.39950180053711,34.400001525878906,34.369998931884766,34.369998931884766,1185,0.0,0.0,0.0
2024-11-01 14:46:00-04:00,34.400001525878906,34.40999984741211,34.400001525878906,34.40999984741211,300,0.0,0.0,0.0
2024-11-01 14:51:00-04:00,34.41999816894531,34.41999816894531,34.41999816894531,34.41999816894531,300,0.0,0.0,0.0
2024-11-01 14:55:00-04:00,34.40999984741211,34.40999984741211,34.40999984741211,34.40999984741211,200,0.0,0.0,0.0
2024-11-01 14:56:00-04:00,34.40999984741211,34.41999816894531,34.39500045776367,34.40999984741211,3082,0.0,0.0,0.0
2024-11-01 14:57:00-04:00,34.380001068115234,34.380001068115234,34.36000061035156,34.380001068115234,1166,0.0,0.0,0.0
2024-11-01 14:58:00-04:00,34.40999984741211,34.40999984741211,34.40999984741211,34.40999984741211,100,0.0,0.0,0.0
2024-11-01 14:59:00-04:00,34.40999984741211,34.40999984741211,34.40999984741211,34.40999984741211,179,0.0,0.0,0.0
2024-11-01 15:00:00-04:00,34.41809844970703,34.41809844970703,34.41809844970703,34.41809844970703,5817,0.0,0.0,0.0
2024-11-01 15:01:00-04:00,34.399898529052734,34.399898529052734,34.399898529052734,34.399898529052734,1085,0.0,0.0,0.0
2024-11-01 15:07:00-04:00,34.429298400878906,34.429298400878906,34.429298400878906,34.429298400878906,240,0.0,0.0,0.0
2024-11-01 15:11:00-04:00,34.43000030517578,34.43000030517578,34.429901123046875,34.429901123046875,7813,0.0,0.0,0.0
2024-11-01 15:12:00-04:00,34.4297981262207,34.4297981262207,34.4297981262207,34.4297981262207,871,0.0,0.0,0.0
2024-11-01 15:13:00-04:00,34.38999938964844,34.38999938964844,34.38999938964844,34.38999938964844,958,0.0,0.0,0.0
2024-11-01 15:27:00-04:00,34.417999267578125,34.417999267578125,34.417999267578125,34.417999267578125,875,0.0,0.0,0.0
2024-11-01 15:31:00-04:00,34.400001525878906,34.400001525878906,34.400001525878906,34.400001525878906,370,0.0,0.0,0.0
2024-11-01 15:37:00-04:00,34.38999938964844,34.38999938964844,34.38999938964844,34.38999938964844,120,0.0,0.0,0.0
2024-11-01 15:38:00-04:00,34.400001525878906,34.400001525878906,34.400001525878906,34.400001525878906,875,0.0,0.0,0.0
2024-11-01 15:44:00-04:00,34.40999984741211,34.40999984741211,34.40999984741211,34.40999984741211,145,0.0,0.0,0.0
2024-11-01 15:45:00-04:00,34.400001525878906,34.400001525878906,34.400001525878906,34.400001525878906,1450,0.0,0.0,0.0
2024-11-01 15:48:00-04:00,34.39500045776367,34.39500045776367,34.39500045776367,34.39500045776367,1552,0.0,0.0,0.0
2024-11-01 15:50:00-04:00,34.369998931884766,34.369998931884766,34.369998931884766,34.369998931884766,300,0.0,0.0,0.0
2024-11-01 15:52:00-04:00,34.375,34.375,34.375,34.375,2212,0.0,0.0,0.0
2024-11-01 15:55:00-04:00,34.400001525878906,34.400001525878906,34.400001525878906,34.400001525878906,190,0.0,0.0,0.0
2024-11-01 15:57:00-04:00,34.400001525878906,34.400001525878906,34.400001525878906,34.400001525878906,600,0.0,0.0,0.0
2024-11-01 15:58:00-04:00,34.400001525878906,34.400001525878906,34.400001525878906,34.400001525878906,600,0.0,0.0,0.0
2024-11-01 15:59:00-04:00,34.400001525878906,34.400001525878906,34.400001525878906,34.400001525878906,500,0.0,0.0,0.0
