Datetime,Open,High,Low,Close,Volume,Dividends,Stock Splits
2024-10-28 09:30:00-04:00,90.68000030517578,90.77999877929688,90.58999633789062,90.68000030517578,73035,0.0,0.0
2024-10-28 09:33:00-04:00,91.11000061035156,91.14920043945312,91.11000061035156,91.12000274658203,15727,0.0,0.0
2024-10-28 09:34:00-04:00,91.12560272216797,91.19999694824219,91.12560272216797,91.19999694824219,5902,0.0,0.0
2024-10-28 09:35:00-04:00,91.12999725341797,91.1500015258789,91.12999725341797,91.12999725341797,2603,0.0,0.0
2024-10-28 09:37:00-04:00,91.05000305175781,91.16000366210938,91.05000305175781,91.11000061035156,9590,0.0,0.0
2024-10-28 09:38:00-04:00,91.11000061035156,91.11000061035156,91.0999984741211,91.11000061035156,612,0.0,0.0
2024-10-28 09:40:00-04:00,91.01000213623047,91.02739715576172,91.01000213623047,91.02739715576172,15200,0.0,0.0
2024-10-28 09:41:00-04:00,91.01000213623047,91.16500091552734,90.9800033569336,91.16500091552734,3250,0.0,0.0
2024-10-28 09:42:00-04:00,91.16000366210938,91.2699966430664,91.16000366210938,91.2300033569336,3001,0.0,0.0
2024-10-28 09:43:00-04:00,91.2300033569336,91.25,91.20999908447266,91.2300033569336,2782,0.0,0.0
2024-10-28 09:44:00-04:00,91.23999786376953,91.23999786376953,91.22000122070312,91.23999786376953,1757,0.0,0.0
2024-10-28 09:45:00-04:00,91.25,91.31999969482422,91.23999786376953,91.30000305175781,6556,0.0,0.0
2024-10-28 09:46:00-04:00,91.29000091552734,91.29000091552734,91.23999786376953,91.23999786376953,1195,0.0,0.0
2024-10-28 09:47:00-04:00,91.21499633789062,91.21499633789062,91.19000244140625,91.19000244140625,1481,0.0,0.0
2024-10-28 09:48:00-04:00,91.29499816894531,91.29499816894531,91.28730010986328,91.29499816894531,1087,0.0,0.0
2024-10-28 09:50:00-04:00,91.30000305175781,91.30999755859375,91.2699966430664,91.27999877929688,15612,0.0,0.0
2024-10-28 09:51:00-04:00,91.2500991821289,91.2500991821289,91.20169830322266,91.25,8106,0.0,0.0
2024-10-28 09:52:00-04:00,91.26000213623047,91.26000213623047,91.1989974975586,91.21499633789062,3956,0.0,0.0
2024-10-28 09:53:00-04:00,91.22000122070312,91.25409698486328,91.20999908447266,91.23999786376953,5922,0.0,0.0
2024-10-28 09:54:00-04:00,91.26000213623047,91.29000091552734,91.24500274658203,91.29000091552734,5937,0.0,0.0
2024-10-28 09:55:00-04:00,91.28500366210938,91.30500030517578,91.25,91.25,7025,0.0,0.0
2024-10-28 09:56:00-04:00,91.22000122070312,91.23680114746094,91.19000244140625,91.19000244140625,9149,0.0,0.0
2024-10-28 09:57:00-04:00,91.20249938964844,91.20249938964844,91.17500305175781,91.19000244140625,3811,0.0,0.0
2024-10-28 09:58:00-04:00,91.18000030517578,91.2300033569336,91.16999816894531,91.19000244140625,5087,0.0,0.0
2024-10-28 09:59:00-04:00,91.19000244140625,91.20999908447266,91.10250091552734,91.13999938964844,9680,0.0,0.0
2024-10-28 10:00:00-04:00,91.13500213623047,91.13999938964844,91.05650329589844,91.05650329589844,2768,0.0,0.0
2024-10-28 10:01:00-04:00,91.05000305175781,91.05000305175781,90.95999908447266,90.97000122070312,8012,0.0,0.0
2024-10-28 10:02:00-04:00,90.98999786376953,91.04000091552734,90.98999786376953,91.0250015258789,3847,0.0,0.0
2024-10-28 10:03:00-04:00,91.01000213623047,91.02999877929688,90.9800033569336,90.9800033569336,6976,0.0,0.0
2024-10-28 10:04:00-04:00,90.97000122070312,90.9749984741211,90.95999908447266,90.9749984741211,1097,0.0,0.0
2024-10-28 10:05:00-04:00,91.05999755859375,91.05999755859375,91.04499816894531,91.05000305175781,6430,0.0,0.0
2024-10-28 10:06:00-04:00,91.05999755859375,91.11499786376953,91.05999755859375,91.11499786376953,4374,0.0,0.0
2024-10-28 10:07:00-04:00,91.125,91.12999725341797,91.08999633789062,91.1167984008789,3487,0.0,0.0
2024-10-28 10:08:00-04:00,91.12000274658203,91.15499877929688,91.12000274658203,91.15499877929688,6034,0.0,0.0
2024-10-28 10:09:00-04:00,91.16000366210938,91.16999816894531,91.1449966430664,91.1449966430664,3871,0.0,0.0
2024-10-28 10:10:00-04:00,91.16000366210938,91.18499755859375,91.16000366210938,91.16000366210938,11127,0.0,0.0
2024-10-28 10:11:00-04:00,91.16999816894531,91.18000030517578,91.16000366210938,91.16000366210938,4058,0.0,0.0
2024-10-28 10:12:00-04:00,91.15799713134766,91.15799713134766,91.06999969482422,91.06999969482422,8781,0.0,0.0
2024-10-28 10:13:00-04:00,91.08000183105469,91.08999633789062,91.05999755859375,91.08999633789062,2238,0.0,0.0
2024-10-28 10:14:00-04:00,91.08000183105469,91.08000183105469,91.02739715576172,91.02999877929688,2312,0.0,0.0
2024-10-28 10:15:00-04:00,91.0199966430664,91.03500366210938,91.0000991821289,91.0000991821289,5627,0.0,0.0
2024-10-28 10:16:00-04:00,91.0,91.01000213623047,90.98999786376953,91.002197265625,4800,0.0,0.0
2024-10-28 10:17:00-04:00,91.01000213623047,91.0199966430664,90.97000122070312,90.97000122070312,5395,0.0,0.0
2024-10-28 10:18:00-04:00,90.97000122070312,90.97000122070312,90.95999908447266,90.95999908447266,2757,0.0,0.0
2024-10-28 10:19:00-04:00,90.95999908447266,90.9800033569336,90.95999908447266,90.9800033569336,3949,0.0,0.0
2024-10-28 10:20:00-04:00,90.98500061035156,90.98500061035156,90.94499969482422,90.94499969482422,4037,0.0,0.0
2024-10-28 10:21:00-04:00,90.95999908447266,90.98999786376953,90.94999694824219,90.98999786376953,3939,0.0,0.0
2024-10-28 10:22:00-04:00,90.98999786376953,91.04000091552734,90.9800033569336,91.04000091552734,4476,0.0,0.0
2024-10-28 10:23:00-04:00,91.04407501220703,91.05000305175781,91.0250015258789,91.04499816894531,4049,0.0,0.0
2024-10-28 10:24:00-04:00,91.05000305175781,91.06999969482422,91.05000305175781,91.05500030517578,3186,0.0,0.0
2024-10-28 10:25:00-04:00,91.05960083007812,91.08000183105469,91.04000091552734,91.08000183105469,2328,0.0,0.0
2024-10-28 10:26:00-04:00,91.08999633789062,91.1500015258789,91.08999633789062,91.1500015258789,3052,0.0,0.0
2024-10-28 10:27:00-04:00,91.18000030517578,91.18000030517578,91.16999816894531,91.16999816894531,634,0.0,0.0
2024-10-28 10:28:00-04:00,91.19000244140625,91.19999694824219,91.17009735107422,91.18000030517578,2696,0.0,0.0
2024-10-28 10:29:00-04:00,91.18000030517578,91.19000244140625,91.16000366210938,91.16000366210938,2177,0.0,0.0
2024-10-28 10:30:00-04:00,91.13999938964844,91.16999816894531,91.12000274658203,91.12000274658203,3686,0.0,0.0
2024-10-28 10:31:00-04:00,91.13500213623047,91.16000366210938,91.11499786376953,91.12969970703125,4660,0.0,0.0
2024-10-28 10:32:00-04:00,91.11000061035156,91.12000274658203,91.08000183105469,91.12000274658203,1902,0.0,0.0
2024-10-28 10:33:00-04:00,91.11000061035156,91.12000274658203,91.11000061035156,91.11000061035156,1737,0.0,0.0
2024-10-28 10:34:00-04:00,91.11000061035156,91.12000274658203,91.09500122070312,91.12000274658203,2413,0.0,0.0
2024-10-28 10:35:00-04:00,91.11000061035156,91.12000274658203,91.0999984741211,91.0999984741211,3282,0.0,0.0
2024-10-28 10:36:00-04:00,91.06999969482422,91.08499908447266,91.05000305175781,91.05000305175781,2659,0.0,0.0
2024-10-28 10:37:00-04:00,91.08000183105469,91.08999633789062,91.0602035522461,91.08999633789062,2779,0.0,0.0
2024-10-28 10:38:00-04:00,91.08000183105469,91.08000183105469,91.04000091552734,91.04000091552734,2420,0.0,0.0
2024-10-28 10:39:00-04:00,91.03500366210938,91.03500366210938,90.98500061035156,91.02999877929688,7298,0.0,0.0
2024-10-28 10:40:00-04:00,91.02999877929688,91.03990173339844,90.99500274658203,91.0199966430664,2722,0.0,0.0
2024-10-28 10:41:00-04:00,91.01000213623047,91.01000213623047,90.97000122070312,90.98999786376953,4672,0.0,0.0
2024-10-28 10:42:00-04:00,90.9800033569336,90.9800033569336,90.93000030517578,90.93000030517578,1534,0.0,0.0
2024-10-28 10:43:00-04:00,90.94999694824219,90.94999694824219,90.88999938964844,90.91000366210938,11191,0.0,0.0
2024-10-28 10:44:00-04:00,90.90499877929688,90.91999816894531,90.9000015258789,90.91999816894531,4293,0.0,0.0
2024-10-28 10:45:00-04:00,90.91999816894531,90.95500183105469,90.91529846191406,90.95500183105469,3407,0.0,0.0
2024-10-28 10:46:00-04:00,90.94999694824219,90.98999786376953,90.94000244140625,90.97000122070312,7211,0.0,0.0
2024-10-28 10:47:00-04:00,90.97000122070312,90.9800033569336,90.94750213623047,90.9800033569336,3318,0.0,0.0
2024-10-28 10:48:00-04:00,90.97000122070312,90.97920227050781,90.94000244140625,90.94000244140625,3437,0.0,0.0
2024-10-28 10:49:00-04:00,90.93499755859375,90.94000244140625,90.9000015258789,90.9000015258789,4028,0.0,0.0
2024-10-28 10:50:00-04:00,90.9000015258789,90.91729736328125,90.81999969482422,90.82499694824219,32936,0.0,0.0
2024-10-28 10:51:00-04:00,90.81400299072266,90.84500122070312,90.78389739990234,90.81999969482422,47484,0.0,0.0
2024-10-28 10:52:00-04:00,90.82499694824219,90.82759857177734,90.80000305175781,90.80999755859375,6782,0.0,0.0
2024-10-28 10:53:00-04:00,90.81999969482422,90.83999633789062,90.80000305175781,90.83999633789062,27864,0.0,0.0
2024-10-28 10:54:00-04:00,90.8499984741211,90.8499984741211,90.80000305175781,90.80000305175781,5243,0.0,0.0
2024-10-28 10:55:00-04:00,90.80000305175781,90.80000305175781,90.7750015258789,90.79000091552734,3529,0.0,0.0
2024-10-28 10:56:00-04:00,90.78500366210938,90.83999633789062,90.78500366210938,90.83999633789062,4294,0.0,0.0
2024-10-28 10:57:00-04:00,90.83999633789062,90.94000244140625,90.83999633789062,90.94000244140625,9690,0.0,0.0
2024-10-28 10:58:00-04:00,90.94000244140625,90.94999694824219,90.93000030517578,90.94000244140625,3961,0.0,0.0
2024-10-28 10:59:00-04:00,90.91999816894531,91.01000213623047,90.91999816894531,91.01000213623047,12234,0.0,0.0
2024-10-28 11:00:00-04:00,91.0,91.04000091552734,90.96499633789062,91.04000091552734,5194,0.0,0.0
2024-10-28 11:01:00-04:00,91.05999755859375,91.0999984741211,91.05500030517578,91.0999984741211,3963,0.0,0.0
2024-10-28 11:02:00-04:00,91.11000061035156,91.13999938964844,91.0999984741211,91.13999938964844,2444,0.0,0.0
2024-10-28 11:03:00-04:00,91.16000366210938,91.16000366210938,91.13999938964844,91.1500015258789,2145,0.0,0.0
2024-10-28 11:04:00-04:00,91.16000366210938,91.16999816894531,91.1449966430664,91.15499877929688,4774,0.0,0.0
2024-10-28 11:05:00-04:00,91.18000030517578,91.18689727783203,91.0999984741211,91.11000061035156,4087,0.0,0.0
2024-10-28 11:06:00-04:00,91.11499786376953,91.12999725341797,91.11000061035156,91.11000061035156,1278,0.0,0.0
2024-10-28 11:07:00-04:00,91.11000061035156,91.11000061035156,91.09500122070312,91.0999984741211,1023,0.0,0.0
2024-10-28 11:08:00-04:00,91.09500122070312,91.12999725341797,91.09500122070312,91.11000061035156,2585,0.0,0.0
2024-10-28 11:09:00-04:00,91.12000274658203,91.12000274658203,91.01499938964844,91.01499938964844,6724,0.0,0.0
2024-10-28 11:10:00-04:00,91.01499938964844,91.0199966430664,90.95999908447266,90.96499633789062,7508,0.0,0.0
2024-10-28 11:11:00-04:00,90.97000122070312,90.97000122070312,90.90499877929688,90.94999694824219,8021,0.0,0.0
2024-10-28 11:12:00-04:00,90.95999908447266,90.9800033569336,90.95999908447266,90.95999908447266,2397,0.0,0.0
2024-10-28 11:13:00-04:00,90.9800033569336,91.01499938964844,90.9800033569336,90.98999786376953,20595,0.0,0.0
2024-10-28 11:14:00-04:00,90.98999786376953,91.05000305175781,90.93000030517578,90.95999908447266,34558,0.0,0.0
2024-10-28 11:15:00-04:00,90.95999908447266,91.01000213623047,90.94000244140625,90.95010375976562,19683,0.0,0.0
2024-10-28 11:16:00-04:00,90.97000122070312,90.9749984741211,90.91999816894531,90.94000244140625,9855,0.0,0.0
2024-10-28 11:17:00-04:00,90.95259857177734,90.95259857177734,90.86000061035156,90.87999725341797,5166,0.0,0.0
2024-10-28 11:18:00-04:00,90.87999725341797,90.8843994140625,90.83999633789062,90.875,7343,0.0,0.0
2024-10-28 11:19:00-04:00,90.87999725341797,90.87999725341797,90.86000061035156,90.86000061035156,1696,0.0,0.0
2024-10-28 11:20:00-04:00,90.86499786376953,90.87000274658203,90.8499984741211,90.86000061035156,2726,0.0,0.0
2024-10-28 11:21:00-04:00,90.86000061035156,90.86499786376953,90.86000061035156,90.86499786376953,1283,0.0,0.0
2024-10-28 11:22:00-04:00,90.87000274658203,90.94999694824219,90.87000274658203,90.93000030517578,9043,0.0,0.0
2024-10-28 11:23:00-04:00,90.93499755859375,90.94999694824219,90.91999816894531,90.91999816894531,3426,0.0,0.0
2024-10-28 11:24:00-04:00,90.91999816894531,90.91999816894531,90.88999938964844,90.88999938964844,1430,0.0,0.0
2024-10-28 11:25:00-04:00,90.88999938964844,90.88999938964844,90.87000274658203,90.88500213623047,2819,0.0,0.0
2024-10-28 11:26:00-04:00,90.88999938964844,90.88999938964844,90.82499694824219,90.83000183105469,7872,0.0,0.0
2024-10-28 11:27:00-04:00,90.83000183105469,90.83000183105469,90.80999755859375,90.81500244140625,4098,0.0,0.0
2024-10-28 11:28:00-04:00,90.80840301513672,90.80840301513672,90.7699966430664,90.77999877929688,7154,0.0,0.0
2024-10-28 11:29:00-04:00,90.78450012207031,90.79000091552734,90.7699966430664,90.77999877929688,2889,0.0,0.0
2024-10-28 11:30:00-04:00,90.77999877929688,90.79000091552734,90.76000213623047,90.77999877929688,11917,0.0,0.0
2024-10-28 11:31:00-04:00,90.77999877929688,90.77999877929688,90.76000213623047,90.76499938964844,9240,0.0,0.0
2024-10-28 11:32:00-04:00,90.76000213623047,90.78500366210938,90.75,90.76000213623047,10954,0.0,0.0
2024-10-28 11:33:00-04:00,90.76000213623047,90.7750015258789,90.74019622802734,90.7750015258789,6721,0.0,0.0
2024-10-28 11:34:00-04:00,90.7750015258789,90.8499984741211,90.74500274658203,90.8499984741211,67194,0.0,0.0
2024-10-28 11:35:00-04:00,90.8499984741211,90.85009765625,90.81500244140625,90.8499984741211,6150,0.0,0.0
2024-10-28 11:36:00-04:00,90.8499984741211,90.86000061035156,90.84500122070312,90.8499984741211,6936,0.0,0.0
2024-10-28 11:37:00-04:00,90.8499984741211,90.86000061035156,90.80000305175781,90.81500244140625,18729,0.0,0.0
2024-10-28 11:38:00-04:00,90.83000183105469,90.83000183105469,90.83000183105469,90.83000183105469,262,0.0,0.0
2024-10-28 11:39:00-04:00,90.82499694824219,90.83000183105469,90.81999969482422,90.81999969482422,14662,0.0,0.0
2024-10-28 11:40:00-04:00,90.8041000366211,90.8041000366211,90.7750015258789,90.77999877929688,4595,0.0,0.0
2024-10-28 11:41:00-04:00,90.77999877929688,90.78500366210938,90.73999786376953,90.73999786376953,4307,0.0,0.0
2024-10-28 11:42:00-04:00,90.73989868164062,90.73989868164062,90.7249984741211,90.7249984741211,2353,0.0,0.0
2024-10-28 11:43:00-04:00,90.72000122070312,90.7300033569336,90.69999694824219,90.7249984741211,6855,0.0,0.0
2024-10-28 11:44:00-04:00,90.72000122070312,90.7300033569336,90.71499633789062,90.72000122070312,3080,0.0,0.0
2024-10-28 11:45:00-04:00,90.70999908447266,90.72000122070312,90.66999816894531,90.66999816894531,19978,0.0,0.0
2024-10-28 11:46:00-04:00,90.66000366210938,90.69000244140625,90.6500015258789,90.69000244140625,9924,0.0,0.0
2024-10-28 11:47:00-04:00,90.69999694824219,90.73500061035156,90.68000030517578,90.69000244140625,28547,0.0,0.0
2024-10-28 11:48:00-04:00,90.69499969482422,90.75,90.69000244140625,90.73999786376953,5016,0.0,0.0
2024-10-28 11:49:00-04:00,90.75,90.75,90.73999786376953,90.73999786376953,1145,0.0,0.0
2024-10-28 11:50:00-04:00,90.73999786376953,90.73999786376953,90.70999908447266,90.73999786376953,3936,0.0,0.0
2024-10-28 11:51:00-04:00,90.7300033569336,90.73999786376953,90.71499633789062,90.73999786376953,4076,0.0,0.0
2024-10-28 11:52:00-04:00,90.74690246582031,90.79000091552734,90.7300033569336,90.7300033569336,23356,0.0,0.0
2024-10-28 11:53:00-04:00,90.70999908447266,90.75,90.69999694824219,90.73999786376953,9319,0.0,0.0
2024-10-28 11:55:00-04:00,90.73999786376953,90.75,90.73999786376953,90.73999786376953,7236,0.0,0.0
2024-10-28 11:56:00-04:00,90.75,90.80000305175781,90.75,90.79100036621094,5572,0.0,0.0
2024-10-28 11:57:00-04:00,90.80999755859375,90.8550033569336,90.8041000366211,90.8550033569336,5232,0.0,0.0
2024-10-28 11:58:00-04:00,90.86499786376953,90.87999725341797,90.86000061035156,90.87000274658203,4004,0.0,0.0
2024-10-28 11:59:00-04:00,90.86000061035156,90.86000061035156,90.83999633789062,90.83999633789062,6184,0.0,0.0
2024-10-28 12:00:00-04:00,90.83000183105469,90.83000183105469,90.79000091552734,90.80999755859375,4783,0.0,0.0
2024-10-28 12:01:00-04:00,90.80500030517578,90.83000183105469,90.77999877929688,90.77999877929688,4322,0.0,0.0
2024-10-28 12:02:00-04:00,90.79170227050781,90.80999755859375,90.79000091552734,90.80999755859375,4872,0.0,0.0
2024-10-28 12:03:00-04:00,90.80000305175781,90.80999755859375,90.7750015258789,90.77999877929688,2280,0.0,0.0
2024-10-28 12:04:00-04:00,90.7699966430664,90.7699966430664,90.70999908447266,90.70999908447266,4285,0.0,0.0
2024-10-28 12:05:00-04:00,90.70999908447266,90.74500274658203,90.70999908447266,90.7249984741211,8742,0.0,0.0
2024-10-28 12:06:00-04:00,90.72000122070312,90.72000122070312,90.6500015258789,90.66000366210938,11613,0.0,0.0
2024-10-28 12:07:00-04:00,90.66500091552734,90.69000244140625,90.6624984741211,90.67500305175781,14186,0.0,0.0
2024-10-28 12:08:00-04:00,90.67500305175781,90.68499755859375,90.66999816894531,90.68499755859375,2345,0.0,0.0
2024-10-28 12:09:00-04:00,90.69499969482422,90.70500183105469,90.69000244140625,90.69999694824219,3862,0.0,0.0
2024-10-28 12:11:00-04:00,90.70999908447266,90.70999908447266,90.70999908447266,90.70999908447266,12679,0.0,0.0
2024-10-28 12:12:00-04:00,90.70999908447266,90.7249984741211,90.70500183105469,90.7249984741211,6268,0.0,0.0
2024-10-28 12:13:00-04:00,90.7249984741211,90.77999877929688,90.7249984741211,90.77999877929688,4346,0.0,0.0
2024-10-28 12:14:00-04:00,90.77999877929688,90.79000091552734,90.77999877929688,90.77999877929688,3036,0.0,0.0
2024-10-28 12:15:00-04:00,90.77999877929688,90.81500244140625,90.77999877929688,90.81500244140625,4765,0.0,0.0
2024-10-28 12:16:00-04:00,90.81999969482422,90.875,90.81999969482422,90.875,3274,0.0,0.0
2024-10-28 12:17:00-04:00,90.87000274658203,90.88999938964844,90.87000274658203,90.87999725341797,2742,0.0,0.0
2024-10-28 12:18:00-04:00,90.88999938964844,90.91999816894531,90.86000061035156,90.91500091552734,6593,0.0,0.0
2024-10-28 12:19:00-04:00,90.92009735107422,90.92500305175781,90.9113998413086,90.92500305175781,3544,0.0,0.0
2024-10-28 12:20:00-04:00,90.93000030517578,90.93000030517578,90.91000366210938,90.91999816894531,3212,0.0,0.0
2024-10-28 12:21:00-04:00,90.91179656982422,90.94999694824219,90.91000366210938,90.93000030517578,5508,0.0,0.0
2024-10-28 12:22:00-04:00,90.94000244140625,90.94000244140625,90.89009857177734,90.91000366210938,3517,0.0,0.0
2024-10-28 12:23:00-04:00,90.91000366210938,90.91999816894531,90.87000274658203,90.87000274658203,9137,0.0,0.0
2024-10-28 12:24:00-04:00,90.87000274658203,90.91000366210938,90.86000061035156,90.91000366210938,4400,0.0,0.0
2024-10-28 12:25:00-04:00,90.91000366210938,90.91000366210938,90.91000366210938,90.91000366210938,1399,0.0,0.0
2024-10-28 12:26:00-04:00,90.91000366210938,90.91000366210938,90.88999938964844,90.91000366210938,3763,0.0,0.0
2024-10-28 12:27:00-04:00,90.91500091552734,90.93000030517578,90.88999938964844,90.88999938964844,4201,0.0,0.0
2024-10-28 12:28:00-04:00,90.9000015258789,90.9000015258789,90.87999725341797,90.87999725341797,2067,0.0,0.0
2024-10-28 12:29:00-04:00,90.87000274658203,90.875,90.87000274658203,90.875,1461,0.0,0.0
2024-10-28 12:30:00-04:00,90.87000274658203,90.87000274658203,90.86499786376953,90.86499786376953,1338,0.0,0.0
2024-10-28 12:31:00-04:00,90.86499786376953,90.9000015258789,90.8499984741211,90.86000061035156,10516,0.0,0.0
2024-10-28 12:32:00-04:00,90.87000274658203,90.87000274658203,90.83999633789062,90.84500122070312,4080,0.0,0.0
2024-10-28 12:33:00-04:00,90.8499984741211,90.87000274658203,90.84500122070312,90.84500122070312,2835,0.0,0.0
2024-10-28 12:34:00-04:00,90.83999633789062,90.83999633789062,90.7699966430664,90.7699966430664,7455,0.0,0.0
2024-10-28 12:35:00-04:00,90.7750015258789,90.79000091552734,90.76499938964844,90.79000091552734,3911,0.0,0.0
2024-10-28 12:36:00-04:00,90.78620147705078,90.78620147705078,90.7300033569336,90.7300033569336,3122,0.0,0.0
2024-10-28 12:37:00-04:00,90.7300033569336,90.7300033569336,90.72000122070312,90.72129821777344,2134,0.0,0.0
2024-10-28 12:38:00-04:00,90.7249984741211,90.7249984741211,90.71499633789062,90.71499633789062,2780,0.0,0.0
2024-10-28 12:39:00-04:00,90.71499633789062,90.80000305175781,90.71499633789062,90.79000091552734,9759,0.0,0.0
2024-10-28 12:40:00-04:00,90.79000091552734,90.80000305175781,90.78469848632812,90.78500366210938,2635,0.0,0.0
2024-10-28 12:41:00-04:00,90.77999877929688,90.79499816894531,90.7699966430664,90.79499816894531,2187,0.0,0.0
2024-10-28 12:42:00-04:00,90.80000305175781,90.83999633789062,90.80000305175781,90.83000183105469,1900,0.0,0.0
2024-10-28 12:43:00-04:00,90.83999633789062,90.83999633789062,90.83499908447266,90.83999633789062,3313,0.0,0.0
2024-10-28 12:44:00-04:00,90.8499984741211,90.86000061035156,90.83999633789062,90.8499984741211,2997,0.0,0.0
2024-10-28 12:45:00-04:00,90.86000061035156,90.86000061035156,90.81999969482422,90.81999969482422,834,0.0,0.0
2024-10-28 12:46:00-04:00,90.81999969482422,90.81999969482422,90.79499816894531,90.79499816894531,1195,0.0,0.0
2024-10-28 12:47:00-04:00,90.79000091552734,90.81999969482422,90.77999877929688,90.81500244140625,20428,0.0,0.0
2024-10-28 12:48:00-04:00,90.80999755859375,90.81999969482422,90.80000305175781,90.80000305175781,3688,0.0,0.0
2024-10-28 12:49:00-04:00,90.80999755859375,90.83999633789062,90.80000305175781,90.83999633789062,3968,0.0,0.0
2024-10-28 12:50:00-04:00,90.83999633789062,90.83999633789062,90.80000305175781,90.80000305175781,2938,0.0,0.0
2024-10-28 12:51:00-04:00,90.80999755859375,90.81500244140625,90.80999755859375,90.81500244140625,1146,0.0,0.0
2024-10-28 12:52:00-04:00,90.81500244140625,90.81999969482422,90.79000091552734,90.79499816894531,2136,0.0,0.0
2024-10-28 12:53:00-04:00,90.80999755859375,90.81500244140625,90.80999755859375,90.81500244140625,1239,0.0,0.0
2024-10-28 12:54:00-04:00,90.81999969482422,90.83000183105469,90.81999969482422,90.81999969482422,3535,0.0,0.0
2024-10-28 12:55:00-04:00,90.80500030517578,90.80500030517578,90.79000091552734,90.79499816894531,1863,0.0,0.0
2024-10-28 12:56:00-04:00,90.79000091552734,90.79499816894531,90.78500366210938,90.79000091552734,3066,0.0,0.0
2024-10-28 12:57:00-04:00,90.79000091552734,90.7925033569336,90.7699966430664,90.78739929199219,4775,0.0,0.0
2024-10-28 12:58:00-04:00,90.78500366210938,90.78500366210938,90.77999877929688,90.77999877929688,1791,0.0,0.0
2024-10-28 12:59:00-04:00,90.77999877929688,90.79000091552734,90.7699966430664,90.77999877929688,6696,0.0,0.0
2024-10-28 13:00:00-04:00,90.77999877929688,90.79000091552734,90.7750015258789,90.79000091552734,6221,0.0,0.0
2024-10-28 13:01:00-04:00,90.78500366210938,90.81549835205078,90.78500366210938,90.81500244140625,2957,0.0,0.0
2024-10-28 13:02:00-04:00,90.81500244140625,90.81500244140625,90.77999877929688,90.77999877929688,4465,0.0,0.0
2024-10-28 13:03:00-04:00,90.7699966430664,90.7699966430664,90.7699966430664,90.7699966430664,1793,0.0,0.0
2024-10-28 13:04:00-04:00,90.7699966430664,90.77999877929688,90.7699966430664,90.77999877929688,832,0.0,0.0
2024-10-28 13:05:00-04:00,90.7750015258789,90.7750015258789,90.7750015258789,90.7750015258789,1119,0.0,0.0
2024-10-28 13:06:00-04:00,90.7750015258789,90.7750015258789,90.76000213623047,90.76499938964844,1757,0.0,0.0
2024-10-28 13:07:00-04:00,90.7699966430664,90.79499816894531,90.7699966430664,90.79499816894531,3958,0.0,0.0
2024-10-28 13:08:00-04:00,90.79499816894531,90.82499694824219,90.79000091552734,90.82499694824219,6960,0.0,0.0
2024-10-28 13:09:00-04:00,90.83000183105469,90.83000183105469,90.79000091552734,90.79000091552734,2065,0.0,0.0
2024-10-28 13:10:00-04:00,90.77999877929688,90.80000305175781,90.76490020751953,90.79000091552734,4439,0.0,0.0
2024-10-28 13:11:00-04:00,90.79499816894531,90.80989837646484,90.79000091552734,90.79010009765625,3687,0.0,0.0
2024-10-28 13:12:00-04:00,90.79499816894531,90.80500030517578,90.76499938964844,90.80500030517578,7963,0.0,0.0
2024-10-28 13:13:00-04:00,90.77999877929688,90.77999877929688,90.76930236816406,90.76930236816406,1854,0.0,0.0
2024-10-28 13:14:00-04:00,90.7750015258789,90.77999877929688,90.7699966430664,90.7750015258789,1208,0.0,0.0
2024-10-28 13:15:00-04:00,90.77999877929688,90.80000305175781,90.77999877929688,90.79499816894531,3700,0.0,0.0
2024-10-28 13:16:00-04:00,90.79499816894531,90.80000305175781,90.79000091552734,90.80000305175781,3419,0.0,0.0
2024-10-28 13:17:00-04:00,90.80000305175781,90.81500244140625,90.7699966430664,90.78500366210938,6156,0.0,0.0
2024-10-28 13:18:00-04:00,90.79000091552734,90.80999755859375,90.79000091552734,90.80999755859375,2989,0.0,0.0
2024-10-28 13:19:00-04:00,90.80500030517578,90.80999755859375,90.79000091552734,90.79499816894531,7025,0.0,0.0
2024-10-28 13:20:00-04:00,90.79499816894531,90.81999969482422,90.79499816894531,90.81500244140625,1429,0.0,0.0
2024-10-28 13:21:00-04:00,90.81999969482422,90.82499694824219,90.81800079345703,90.81999969482422,3116,0.0,0.0
2024-10-28 13:22:00-04:00,90.81999969482422,90.82499694824219,90.80500030517578,90.81999969482422,2580,0.0,0.0
2024-10-28 13:23:00-04:00,90.81999969482422,90.83000183105469,90.80999755859375,90.83000183105469,3660,0.0,0.0
2024-10-28 13:24:00-04:00,90.82499694824219,90.83000183105469,90.81999969482422,90.82460021972656,1841,0.0,0.0
2024-10-28 13:25:00-04:00,90.82499694824219,90.82499694824219,90.80999755859375,90.80999755859375,3676,0.0,0.0
2024-10-28 13:26:00-04:00,90.80000305175781,90.80000305175781,90.7750015258789,90.78500366210938,3335,0.0,0.0
2024-10-28 13:27:00-04:00,90.78500366210938,90.78500366210938,90.7699966430664,90.7699966430664,4467,0.0,0.0
2024-10-28 13:28:00-04:00,90.76000213623047,90.7699966430664,90.73999786376953,90.76000213623047,10490,0.0,0.0
2024-10-28 13:29:00-04:00,90.75,90.76000213623047,90.73999786376953,90.75,2972,0.0,0.0
2024-10-28 13:30:00-04:00,90.75,90.77999877929688,90.75,90.77999877929688,4510,0.0,0.0
2024-10-28 13:31:00-04:00,90.79000091552734,90.80000305175781,90.79000091552734,90.80000305175781,3434,0.0,0.0
2024-10-28 13:32:00-04:00,90.79000091552734,90.80000305175781,90.79000091552734,90.79499816894531,1949,0.0,0.0
2024-10-28 13:33:00-04:00,90.79000091552734,90.79000091552734,90.78500366210938,90.78500366210938,1441,0.0,0.0
2024-10-28 13:34:00-04:00,90.77999877929688,90.80999755859375,90.77999877929688,90.80999755859375,7480,0.0,0.0
2024-10-28 13:35:00-04:00,90.81500244140625,90.81500244140625,90.79000091552734,90.80000305175781,3081,0.0,0.0
2024-10-28 13:36:00-04:00,90.77999877929688,90.79000091552734,90.77999877929688,90.79000091552734,1597,0.0,0.0
2024-10-28 13:37:00-04:00,90.78500366210938,90.80500030517578,90.78500366210938,90.80470275878906,4879,0.0,0.0
2024-10-28 13:38:00-04:00,90.80500030517578,90.80999755859375,90.79499816894531,90.80999755859375,3838,0.0,0.0
2024-10-28 13:41:00-04:00,90.8550033569336,90.86000061035156,90.8499984741211,90.85690307617188,15231,0.0,0.0
2024-10-28 13:42:00-04:00,90.8499984741211,90.8499984741211,90.83999633789062,90.8499984741211,1554,0.0,0.0
2024-10-28 13:43:00-04:00,90.84500122070312,90.86000061035156,90.84500122070312,90.86000061035156,2981,0.0,0.0
2024-10-28 13:44:00-04:00,90.86000061035156,90.86000061035156,90.83000183105469,90.83999633789062,21009,0.0,0.0
2024-10-28 13:45:00-04:00,90.84500122070312,90.84500122070312,90.80000305175781,90.80500030517578,4380,0.0,0.0
2024-10-28 13:46:00-04:00,90.81500244140625,90.81500244140625,90.81500244140625,90.81500244140625,436,0.0,0.0
2024-10-28 13:47:00-04:00,90.80999755859375,90.83000183105469,90.79499816894531,90.80999755859375,7803,0.0,0.0
2024-10-28 13:48:00-04:00,90.81500244140625,90.81839752197266,90.80999755859375,90.81819915771484,1453,0.0,0.0
2024-10-28 13:49:00-04:00,90.80999755859375,90.80999755859375,90.79000091552734,90.80500030517578,9586,0.0,0.0
2024-10-28 13:50:00-04:00,90.80000305175781,90.80000305175781,90.77999877929688,90.77999877929688,1139,0.0,0.0
2024-10-28 13:51:00-04:00,90.79000091552734,90.79000091552734,90.77999877929688,90.77999877929688,1769,0.0,0.0
2024-10-28 13:52:00-04:00,90.7876968383789,90.79000091552734,90.78179931640625,90.78600311279297,3117,0.0,0.0
2024-10-28 13:53:00-04:00,90.79000091552734,90.79499816894531,90.76499938964844,90.76499938964844,7310,0.0,0.0
2024-10-28 13:54:00-04:00,90.7699966430664,90.7750015258789,90.76000213623047,90.76499938964844,6309,0.0,0.0
2024-10-28 13:55:00-04:00,90.74500274658203,90.74500274658203,90.7300033569336,90.7300033569336,5909,0.0,0.0
2024-10-28 13:56:00-04:00,90.73999786376953,90.73999786376953,90.72010040283203,90.73500061035156,5199,0.0,0.0
2024-10-28 13:57:00-04:00,90.73500061035156,90.73989868164062,90.73500061035156,90.73989868164062,991,0.0,0.0
2024-10-28 13:58:00-04:00,90.73500061035156,90.73500061035156,90.70999908447266,90.71499633789062,4472,0.0,0.0
2024-10-28 13:59:00-04:00,90.71499633789062,90.71499633789062,90.70500183105469,90.70500183105469,5815,0.0,0.0
2024-10-28 14:00:00-04:00,90.69999694824219,90.70500183105469,90.69000244140625,90.69000244140625,4347,0.0,0.0
2024-10-28 14:01:00-04:00,90.68499755859375,90.68569946289062,90.6449966430664,90.67500305175781,7996,0.0,0.0
2024-10-28 14:02:00-04:00,90.68000030517578,90.73999786376953,90.68000030517578,90.73999786376953,7279,0.0,0.0
2024-10-28 14:03:00-04:00,90.73999786376953,90.75,90.71499633789062,90.71499633789062,5224,0.0,0.0
2024-10-28 14:04:00-04:00,90.7300033569336,90.73999786376953,90.7300033569336,90.73999786376953,2492,0.0,0.0
2024-10-28 14:05:00-04:00,90.73999786376953,90.73999786376953,90.7249984741211,90.7300033569336,3932,0.0,0.0
2024-10-28 14:06:00-04:00,90.7300033569336,90.79000091552734,90.7300033569336,90.79000091552734,3404,0.0,0.0
2024-10-28 14:07:00-04:00,90.78500366210938,90.81999969482422,90.78500366210938,90.81999969482422,3170,0.0,0.0
2024-10-28 14:08:00-04:00,90.81529998779297,90.81529998779297,90.80000305175781,90.81199645996094,3089,0.0,0.0
2024-10-28 14:09:00-04:00,90.81900024414062,90.81900024414062,90.79000091552734,90.79000091552734,3255,0.0,0.0
2024-10-28 14:10:00-04:00,90.80000305175781,90.8550033569336,90.80000305175781,90.8550033569336,12895,0.0,0.0
2024-10-28 14:11:00-04:00,90.86000061035156,90.91999816894531,90.8499984741211,90.91000366210938,10660,0.0,0.0
2024-10-28 14:12:00-04:00,90.91999816894531,90.96499633789062,90.91999816894531,90.96499633789062,12769,0.0,0.0
2024-10-28 14:13:00-04:00,90.95999908447266,90.96499633789062,90.94000244140625,90.95999908447266,4239,0.0,0.0
2024-10-28 14:14:00-04:00,90.95500183105469,90.95999908447266,90.94000244140625,90.94000244140625,6915,0.0,0.0
2024-10-28 14:15:00-04:00,90.94499969482422,90.94999694824219,90.94000244140625,90.94999694824219,8081,0.0,0.0
2024-10-28 14:16:00-04:00,90.94670104980469,90.97000122070312,90.91999816894531,90.91999816894531,12116,0.0,0.0
2024-10-28 14:17:00-04:00,90.91639709472656,90.91999816894531,90.87000274658203,90.87000274658203,2406,0.0,0.0
2024-10-28 14:18:00-04:00,90.86910247802734,90.9000015258789,90.86910247802734,90.88999938964844,4523,0.0,0.0
2024-10-28 14:19:00-04:00,90.9000015258789,90.90579986572266,90.88999938964844,90.90579986572266,6896,0.0,0.0
2024-10-28 14:20:00-04:00,90.90499877929688,90.92500305175781,90.90499877929688,90.91999816894531,5499,0.0,0.0
2024-10-28 14:21:00-04:00,90.91999816894531,90.91999816894531,90.87000274658203,90.87999725341797,4673,0.0,0.0
2024-10-28 14:22:00-04:00,90.87999725341797,90.87999725341797,90.85800170898438,90.85800170898438,2179,0.0,0.0
2024-10-28 14:23:00-04:00,90.8583984375,90.8583984375,90.83499908447266,90.83499908447266,1479,0.0,0.0
2024-10-28 14:24:00-04:00,90.83499908447266,90.84809875488281,90.83499908447266,90.84500122070312,3378,0.0,0.0
2024-10-28 14:25:00-04:00,90.84500122070312,90.86750030517578,90.83999633789062,90.86750030517578,5460,0.0,0.0
2024-10-28 14:26:00-04:00,90.86499786376953,90.88999938964844,90.86499786376953,90.88999938964844,4620,0.0,0.0
2024-10-28 14:27:00-04:00,90.88999938964844,90.88999938964844,90.87000274658203,90.875,4117,0.0,0.0
2024-10-28 14:28:00-04:00,90.87000274658203,90.87000274658203,90.8499984741211,90.8499984741211,2683,0.0,0.0
2024-10-28 14:29:00-04:00,90.83000183105469,90.83000183105469,90.81999969482422,90.81999969482422,1102,0.0,0.0
2024-10-28 14:30:00-04:00,90.81999969482422,90.84500122070312,90.80000305175781,90.80999755859375,8931,0.0,0.0
2024-10-28 14:31:00-04:00,90.81999969482422,90.82599639892578,90.81999969482422,90.82009887695312,1304,0.0,0.0
2024-10-28 14:32:00-04:00,90.81999969482422,90.83999633789062,90.81230163574219,90.81230163574219,4565,0.0,0.0
2024-10-28 14:33:00-04:00,90.81999969482422,90.81999969482422,90.80000305175781,90.80000305175781,5479,0.0,0.0
2024-10-28 14:34:00-04:00,90.80000305175781,90.80000305175781,90.80000305175781,90.80000305175781,484,0.0,0.0
2024-10-28 14:35:00-04:00,90.80000305175781,90.80500030517578,90.79000091552734,90.80000305175781,3157,0.0,0.0
2024-10-28 14:36:00-04:00,90.80500030517578,90.82499694824219,90.80000305175781,90.80000305175781,6284,0.0,0.0
2024-10-28 14:37:00-04:00,90.80000305175781,90.81500244140625,90.80000305175781,90.80999755859375,5951,0.0,0.0
2024-10-28 14:38:00-04:00,90.81500244140625,90.83999633789062,90.80999755859375,90.83499908447266,5539,0.0,0.0
2024-10-28 14:39:00-04:00,90.83000183105469,90.83000183105469,90.80500030517578,90.80500030517578,1694,0.0,0.0
2024-10-28 14:40:00-04:00,90.81999969482422,90.83000183105469,90.81999969482422,90.81999969482422,4112,0.0,0.0
2024-10-28 14:41:00-04:00,90.83000183105469,90.86000061035156,90.83000183105469,90.83000183105469,5840,0.0,0.0
2024-10-28 14:42:00-04:00,90.83820343017578,90.83820343017578,90.83820343017578,90.83820343017578,1374,0.0,0.0
2024-10-28 14:43:00-04:00,90.8313980102539,90.8499984741211,90.83000183105469,90.83000183105469,4067,0.0,0.0
2024-10-28 14:44:00-04:00,90.83000183105469,90.8499984741211,90.82499694824219,90.83000183105469,7056,0.0,0.0
2024-10-28 14:45:00-04:00,90.81999969482422,90.82740020751953,90.80000305175781,90.80999755859375,3255,0.0,0.0
2024-10-28 14:46:00-04:00,90.81999969482422,90.81999969482422,90.80000305175781,90.80000305175781,4569,0.0,0.0
2024-10-28 14:47:00-04:00,90.80500030517578,90.81999969482422,90.80500030517578,90.81999969482422,7520,0.0,0.0
2024-10-28 14:48:00-04:00,90.81999969482422,90.81999969482422,90.81999969482422,90.81999969482422,353,0.0,0.0
2024-10-28 14:49:00-04:00,90.82499694824219,90.86000061035156,90.82499694824219,90.8550033569336,5724,0.0,0.0
2024-10-28 14:50:00-04:00,90.86000061035156,90.87999725341797,90.86000061035156,90.87000274658203,3245,0.0,0.0
2024-10-28 14:51:00-04:00,90.87000274658203,90.87750244140625,90.8499984741211,90.8582992553711,4396,0.0,0.0
2024-10-28 14:52:00-04:00,90.8550033569336,90.8550033569336,90.83000183105469,90.83000183105469,2025,0.0,0.0
2024-10-28 14:53:00-04:00,90.83000183105469,90.83000183105469,90.82499694824219,90.83000183105469,2518,0.0,0.0
2024-10-28 14:54:00-04:00,90.83000183105469,90.83000183105469,90.81500244140625,90.81500244140625,3995,0.0,0.0
2024-10-28 14:55:00-04:00,90.80999755859375,90.80999755859375,90.78500366210938,90.78500366210938,3243,0.0,0.0
2024-10-28 14:56:00-04:00,90.78500366210938,90.79000091552734,90.77999877929688,90.77999877929688,2215,0.0,0.0
2024-10-28 14:57:00-04:00,90.79000091552734,90.79499816894531,90.78500366210938,90.79499816894531,3673,0.0,0.0
2024-10-28 14:58:00-04:00,90.79000091552734,90.81999969482422,90.77999877929688,90.81999969482422,8368,0.0,0.0
2024-10-28 14:59:00-04:00,90.81580352783203,90.81580352783203,90.77999877929688,90.77999877929688,6819,0.0,0.0
2024-10-28 15:00:00-04:00,90.78500366210938,90.80999755859375,90.76499938964844,90.80999755859375,3913,0.0,0.0
2024-10-28 15:01:00-04:00,90.80999755859375,90.81999969482422,90.80000305175781,90.80999755859375,4127,0.0,0.0
2024-10-28 15:02:00-04:00,90.81500244140625,90.81500244140625,90.81500244140625,90.81500244140625,837,0.0,0.0
2024-10-28 15:03:00-04:00,90.80999755859375,90.80999755859375,90.79000091552734,90.80000305175781,12336,0.0,0.0
2024-10-28 15:04:00-04:00,90.79000091552734,90.7959976196289,90.79000091552734,90.7959976196289,1443,0.0,0.0
2024-10-28 15:05:00-04:00,90.79499816894531,90.79720306396484,90.79000091552734,90.79499816894531,6115,0.0,0.0
2024-10-28 15:06:00-04:00,90.79000091552734,90.79499816894531,90.77999877929688,90.77999877929688,5123,0.0,0.0
2024-10-28 15:07:00-04:00,90.79000091552734,90.79000091552734,90.76100158691406,90.7699966430664,6356,0.0,0.0
2024-10-28 15:08:00-04:00,90.76000213623047,90.76920318603516,90.74500274658203,90.75,9263,0.0,0.0
2024-10-28 15:09:00-04:00,90.75,90.75499725341797,90.73500061035156,90.73500061035156,4987,0.0,0.0
2024-10-28 15:10:00-04:00,90.73999786376953,90.7699966430664,90.73999786376953,90.7645034790039,9377,0.0,0.0
2024-10-28 15:11:00-04:00,90.76580047607422,90.78500366210938,90.76580047607422,90.78500366210938,2238,0.0,0.0
2024-10-28 15:12:00-04:00,90.77999877929688,90.79000091552734,90.77999877929688,90.78109741210938,3581,0.0,0.0
2024-10-28 15:13:00-04:00,90.78009796142578,90.79000091552734,90.7750015258789,90.77999877929688,5099,0.0,0.0
2024-10-28 15:14:00-04:00,90.78500366210938,90.78730010986328,90.77020263671875,90.78500366210938,3708,0.0,0.0
2024-10-28 15:15:00-04:00,90.78500366210938,90.78500366210938,90.7750015258789,90.7761001586914,2987,0.0,0.0
2024-10-28 15:16:00-04:00,90.7750015258789,90.77999877929688,90.7699966430664,90.7750015258789,2469,0.0,0.0
2024-10-28 15:17:00-04:00,90.7750015258789,90.7750015258789,90.7750015258789,90.7750015258789,2230,0.0,0.0
2024-10-28 15:18:00-04:00,90.77400207519531,90.77999877929688,90.76499938964844,90.76499938964844,6730,0.0,0.0
2024-10-28 15:19:00-04:00,90.76499938964844,90.76789855957031,90.76000213623047,90.76499938964844,4548,0.0,0.0
2024-10-28 15:20:00-04:00,90.76499938964844,90.78500366210938,90.75,90.76000213623047,10724,0.0,0.0
2024-10-28 15:21:00-04:00,90.7699966430664,90.7699966430664,90.76000213623047,90.76000213623047,3543,0.0,0.0
2024-10-28 15:22:00-04:00,90.76000213623047,90.76000213623047,90.74500274658203,90.75540161132812,4846,0.0,0.0
2024-10-28 15:23:00-04:00,90.75499725341797,90.7750015258789,90.75499725341797,90.76499938964844,6740,0.0,0.0
2024-10-28 15:24:00-04:00,90.7699966430664,90.7699966430664,90.75499725341797,90.75499725341797,3213,0.0,0.0
2024-10-28 15:25:00-04:00,90.76499938964844,90.78839874267578,90.7614974975586,90.78500366210938,5314,0.0,0.0
2024-10-28 15:26:00-04:00,90.78500366210938,90.78990173339844,90.7782974243164,90.77999877929688,4779,0.0,0.0
2024-10-28 15:27:00-04:00,90.7750015258789,90.78459930419922,90.7750015258789,90.78459930419922,4275,0.0,0.0
2024-10-28 15:28:00-04:00,90.78500366210938,90.80999755859375,90.78130340576172,90.80000305175781,9181,0.0,0.0
2024-10-28 15:29:00-04:00,90.80000305175781,90.80999755859375,90.80000305175781,90.80000305175781,5938,0.0,0.0
2024-10-28 15:30:00-04:00,90.80159759521484,90.80269622802734,90.77999877929688,90.78500366210938,9974,0.0,0.0
2024-10-28 15:31:00-04:00,90.7699966430664,90.7699966430664,90.73999786376953,90.73999786376953,4870,0.0,0.0
2024-10-28 15:32:00-04:00,90.73999786376953,90.76499938964844,90.73999786376953,90.76499938964844,6980,0.0,0.0
2024-10-28 15:33:00-04:00,90.76499938964844,90.77999877929688,90.75,90.75,8623,0.0,0.0
2024-10-28 15:34:00-04:00,90.73999786376953,90.76000213623047,90.73999786376953,90.76000213623047,9258,0.0,0.0
2024-10-28 15:35:00-04:00,90.76000213623047,90.77999877929688,90.75,90.7750015258789,8431,0.0,0.0
2024-10-28 15:36:00-04:00,90.7750015258789,90.77999877929688,90.76000213623047,90.7750015258789,4075,0.0,0.0
2024-10-28 15:37:00-04:00,90.77860260009766,90.78500366210938,90.7699966430664,90.78500366210938,15494,0.0,0.0
2024-10-28 15:38:00-04:00,90.78500366210938,90.78500366210938,90.73999786376953,90.73999786376953,15682,0.0,0.0
2024-10-28 15:39:00-04:00,90.73500061035156,90.77999877929688,90.7300033569336,90.77999877929688,9613,0.0,0.0
2024-10-28 15:40:00-04:00,90.77999877929688,90.80999755859375,90.7699966430664,90.77999877929688,6281,0.0,0.0
2024-10-28 15:41:00-04:00,90.78500366210938,90.79000091552734,90.78350067138672,90.78350067138672,1632,0.0,0.0
2024-10-28 15:42:00-04:00,90.78500366210938,90.78500366210938,90.7699966430664,90.7750015258789,6420,0.0,0.0
2024-10-28 15:43:00-04:00,90.7750015258789,90.7750015258789,90.76370239257812,90.76499938964844,4574,0.0,0.0
2024-10-28 15:44:00-04:00,90.76499938964844,90.76519775390625,90.76000213623047,90.76519775390625,5948,0.0,0.0
2024-10-28 15:45:00-04:00,90.7699966430664,90.7750015258789,90.76499938964844,90.7750015258789,11205,0.0,0.0
2024-10-28 15:46:00-04:00,90.7750015258789,90.7750015258789,90.76000213623047,90.76499938964844,10474,0.0,0.0
2024-10-28 15:47:00-04:00,90.76499938964844,90.76499938964844,90.73999786376953,90.75,19120,0.0,0.0
2024-10-28 15:48:00-04:00,90.75,90.75,90.69999694824219,90.7249984741211,11996,0.0,0.0
2024-10-28 15:49:00-04:00,90.7249984741211,90.7300033569336,90.72000122070312,90.7300033569336,8679,0.0,0.0
2024-10-28 15:50:00-04:00,90.7300033569336,90.76000213623047,90.69999694824219,90.69999694824219,23988,0.0,0.0
2024-10-28 15:51:00-04:00,90.69000244140625,90.69000244140625,90.6449966430664,90.65499877929688,11560,0.0,0.0
2024-10-28 15:52:00-04:00,90.65499877929688,90.66999816894531,90.6449966430664,90.65499877929688,11669,0.0,0.0
2024-10-28 15:53:00-04:00,90.6500015258789,90.66000366210938,90.63999938964844,90.66000366210938,26364,0.0,0.0
2024-10-28 15:54:00-04:00,90.65499877929688,90.66000366210938,90.62000274658203,90.62999725341797,20852,0.0,0.0
2024-10-28 15:55:00-04:00,90.62999725341797,90.63999938964844,90.55000305175781,90.58000183105469,46522,0.0,0.0
2024-10-28 15:56:00-04:00,90.58499908447266,90.59500122070312,90.56999969482422,90.58499908447266,40683,0.0,0.0
2024-10-28 15:57:00-04:00,90.58499908447266,90.62000274658203,90.58000183105469,90.61000061035156,40133,0.0,0.0
2024-10-28 15:58:00-04:00,90.61000061035156,90.6500015258789,90.6050033569336,90.63500213623047,46589,0.0,0.0
2024-10-28 15:59:00-04:00,90.63500213623047,90.66000366210938,90.58999633789062,90.63999938964844,114481,0.0,0.0
2024-10-29 09:30:00-04:00,90.37000274658203,90.41999816894531,90.31999969482422,90.41999816894531,59006,0.0,0.0
2024-10-29 09:31:00-04:00,90.38999938964844,90.43000030517578,90.31999969482422,90.3499984741211,11232,0.0,0.0
2024-10-29 09:32:00-04:00,90.37000274658203,90.7300033569336,90.37000274658203,90.70999908447266,8411,0.0,0.0
2024-10-29 09:33:00-04:00,90.66999816894531,90.7699966430664,90.6500015258789,90.73999786376953,9467,0.0,0.0
2024-10-29 09:34:00-04:00,90.73500061035156,90.80000305175781,90.7249984741211,90.7249984741211,5026,0.0,0.0
2024-10-29 09:35:00-04:00,90.7699966430664,90.81999969482422,90.72000122070312,90.72000122070312,5651,0.0,0.0
2024-10-29 09:36:00-04:00,90.55999755859375,90.61000061035156,90.5,90.5,6331,0.0,0.0
2024-10-29 09:37:00-04:00,90.4800033569336,90.4800033569336,90.41519927978516,90.44000244140625,4839,0.0,0.0
2024-10-29 09:38:00-04:00,90.41000366210938,90.47000122070312,90.36000061035156,90.47000122070312,4021,0.0,0.0
2024-10-29 09:39:00-04:00,90.47000122070312,90.58000183105469,90.44999694824219,90.55000305175781,7874,0.0,0.0
2024-10-29 09:40:00-04:00,90.54000091552734,90.5999984741211,90.51000213623047,90.5999984741211,4137,0.0,0.0
2024-10-29 09:41:00-04:00,90.56999969482422,90.61000061035156,90.56999969482422,90.56999969482422,8351,0.0,0.0
2024-10-29 09:42:00-04:00,90.55999755859375,90.5999984741211,90.52999877929688,90.58999633789062,6671,0.0,0.0
2024-10-29 09:43:00-04:00,90.58000183105469,90.66999816894531,90.58000183105469,90.66999816894531,7069,0.0,0.0
2024-10-29 09:44:00-04:00,90.66000366210938,90.7300033569336,90.66000366210938,90.70500183105469,5949,0.0,0.0
2024-10-29 09:45:00-04:00,90.69999694824219,90.75,90.63999938964844,90.72000122070312,7273,0.0,0.0
2024-10-29 09:46:00-04:00,90.72000122070312,90.7750015258789,90.69000244140625,90.7750015258789,18079,0.0,0.0
2024-10-29 09:47:00-04:00,90.7699966430664,90.80999755859375,90.7300033569336,90.73999786376953,18936,0.0,0.0
2024-10-29 09:48:00-04:00,90.75,90.83000183105469,90.70999908447266,90.83000183105469,26486,0.0,0.0
2024-10-29 09:49:00-04:00,90.86000061035156,90.8666000366211,90.80000305175781,90.8666000366211,7078,0.0,0.0
2024-10-29 09:50:00-04:00,90.8499984741211,90.9000015258789,90.8499984741211,90.87100219726562,5095,0.0,0.0
2024-10-29 09:51:00-04:00,90.87999725341797,90.94999694824219,90.8550033569336,90.94999694824219,9773,0.0,0.0
2024-10-29 09:52:00-04:00,90.97000122070312,91.02999877929688,90.93000030517578,90.93000030517578,10373,0.0,0.0
2024-10-29 09:53:00-04:00,90.93000030517578,90.97000122070312,90.92030334472656,90.97000122070312,2474,0.0,0.0
2024-10-29 09:54:00-04:00,90.9800033569336,91.01000213623047,90.95999908447266,90.95999908447266,9103,0.0,0.0
2024-10-29 09:55:00-04:00,90.95999908447266,90.95999908447266,90.91000366210938,90.94499969482422,4119,0.0,0.0
2024-10-29 09:56:00-04:00,90.93000030517578,90.94999694824219,90.88999938964844,90.88999938964844,4694,0.0,0.0
2024-10-29 09:57:00-04:00,90.87999725341797,90.94000244140625,90.87000274658203,90.94000244140625,4354,0.0,0.0
2024-10-29 09:58:00-04:00,90.93000030517578,90.93000030517578,90.9000015258789,90.91000366210938,1672,0.0,0.0
2024-10-29 09:59:00-04:00,90.9000015258789,90.94999694824219,90.88999938964844,90.94999694824219,4534,0.0,0.0
2024-10-29 10:00:00-04:00,90.93000030517578,91.0199966430664,90.91000366210938,90.98999786376953,39742,0.0,0.0
2024-10-29 10:01:00-04:00,90.98999786376953,91.11000061035156,90.98999786376953,91.06999969482422,4990,0.0,0.0
2024-10-29 10:02:00-04:00,91.08999633789062,91.2699966430664,91.08999633789062,91.2300033569336,5947,0.0,0.0
2024-10-29 10:03:00-04:00,91.23999786376953,91.25,91.22000122070312,91.23500061035156,5337,0.0,0.0
2024-10-29 10:04:00-04:00,91.23999786376953,91.30000305175781,91.2300033569336,91.30000305175781,14943,0.0,0.0
2024-10-29 10:05:00-04:00,91.30999755859375,91.31999969482422,91.26000213623047,91.2699966430664,9590,0.0,0.0
2024-10-29 10:06:00-04:00,91.2699966430664,91.29000091552734,91.22000122070312,91.2699966430664,11334,0.0,0.0
2024-10-29 10:07:00-04:00,91.2699966430664,91.33000183105469,91.2699966430664,91.30000305175781,6740,0.0,0.0
2024-10-29 10:08:00-04:00,91.29000091552734,91.33999633789062,91.27999877929688,91.33999633789062,8206,0.0,0.0
2024-10-29 10:09:00-04:00,91.31999969482422,91.36000061035156,91.30000305175781,91.33000183105469,10383,0.0,0.0
2024-10-29 10:10:00-04:00,91.36000061035156,91.36260223388672,91.33499908447266,91.33499908447266,5483,0.0,0.0
2024-10-29 10:11:00-04:00,91.33499908447266,91.38999938964844,91.27999877929688,91.38999938964844,8377,0.0,0.0
2024-10-29 10:12:00-04:00,91.37000274658203,91.4000015258789,91.27999877929688,91.27999877929688,10831,0.0,0.0
2024-10-29 10:13:00-04:00,91.20999908447266,91.20999908447266,91.18000030517578,91.19999694824219,4094,0.0,0.0
2024-10-29 10:14:00-04:00,91.19999694824219,91.29000091552734,91.16000366210938,91.27999877929688,6921,0.0,0.0
2024-10-29 10:15:00-04:00,91.27999877929688,91.33999633789062,91.27999877929688,91.339599609375,4734,0.0,0.0
2024-10-29 10:16:00-04:00,91.37999725341797,91.3949966430664,91.36000061035156,91.37999725341797,3450,0.0,0.0
2024-10-29 10:17:00-04:00,91.37999725341797,91.43000030517578,91.37000274658203,91.39759826660156,8797,0.0,0.0
2024-10-29 10:18:00-04:00,91.37999725341797,91.40499877929688,91.37999725341797,91.38999938964844,2986,0.0,0.0
2024-10-29 10:19:00-04:00,91.37999725341797,91.37999725341797,91.33000183105469,91.33000183105469,9246,0.0,0.0
2024-10-29 10:20:00-04:00,91.27999877929688,91.29000091552734,91.2699966430664,91.27999877929688,1282,0.0,0.0
2024-10-29 10:21:00-04:00,91.29499816894531,91.31999969482422,91.24500274658203,91.27999877929688,8574,0.0,0.0
2024-10-29 10:22:00-04:00,91.2699966430664,91.30000305175781,91.26000213623047,91.27999877929688,4538,0.0,0.0
2024-10-29 10:23:00-04:00,91.30000305175781,91.33000183105469,91.29000091552734,91.30000305175781,4926,0.0,0.0
2024-10-29 10:24:00-04:00,91.30000305175781,91.31900024414062,91.30000305175781,91.30999755859375,3494,0.0,0.0
2024-10-29 10:25:00-04:00,91.31999969482422,91.33000183105469,91.27999877929688,91.27999877929688,2657,0.0,0.0
2024-10-29 10:26:00-04:00,91.29499816894531,91.30000305175781,91.24500274658203,91.24500274658203,5752,0.0,0.0
2024-10-29 10:27:00-04:00,91.23999786376953,91.23999786376953,91.16999816894531,91.21499633789062,6289,0.0,0.0
2024-10-29 10:28:00-04:00,91.19999694824219,91.19999694824219,91.1500015258789,91.1500015258789,2927,0.0,0.0
2024-10-29 10:29:00-04:00,91.16000366210938,91.19999694824219,91.13999938964844,91.13999938964844,3182,0.0,0.0
2024-10-29 10:30:00-04:00,91.16000366210938,91.16000366210938,91.11000061035156,91.13999938964844,3613,0.0,0.0
2024-10-29 10:31:00-04:00,91.12000274658203,91.13860321044922,91.0999984741211,91.13860321044922,2153,0.0,0.0
2024-10-29 10:32:00-04:00,91.13999938964844,91.20999908447266,91.13999938964844,91.19999694824219,3054,0.0,0.0
2024-10-29 10:33:00-04:00,91.19999694824219,91.23290252685547,91.19000244140625,91.23290252685547,6350,0.0,0.0
2024-10-29 10:34:00-04:00,91.23999786376953,91.25,91.23999786376953,91.25,770,0.0,0.0
2024-10-29 10:35:00-04:00,91.22000122070312,91.23999786376953,91.22000122070312,91.22000122070312,6577,0.0,0.0
2024-10-29 10:36:00-04:00,91.2300033569336,91.26000213623047,91.20999908447266,91.2300033569336,6187,0.0,0.0
2024-10-29 10:37:00-04:00,91.20999908447266,91.22059631347656,91.18499755859375,91.22000122070312,2451,0.0,0.0
2024-10-29 10:38:00-04:00,91.22000122070312,91.26000213623047,91.21499633789062,91.23200225830078,8074,0.0,0.0
2024-10-29 10:39:00-04:00,91.2300033569336,91.26000213623047,91.2300033569336,91.23999786376953,6409,0.0,0.0
2024-10-29 10:40:00-04:00,91.22000122070312,91.22000122070312,91.11000061035156,91.11000061035156,5414,0.0,0.0
2024-10-29 10:41:00-04:00,91.16000366210938,91.16999816894531,91.1500015258789,91.16999816894531,2248,0.0,0.0
2024-10-29 10:42:00-04:00,91.19000244140625,91.19000244140625,91.1500015258789,91.1500015258789,2610,0.0,0.0
2024-10-29 10:43:00-04:00,91.16999816894531,91.16999816894531,91.1500015258789,91.16999816894531,3513,0.0,0.0
2024-10-29 10:44:00-04:00,91.17990112304688,91.19000244140625,91.16899871826172,91.16999816894531,3610,0.0,0.0
2024-10-29 10:45:00-04:00,91.16500091552734,91.16500091552734,91.08000183105469,91.08999633789062,7422,0.0,0.0
2024-10-29 10:46:00-04:00,91.08999633789062,91.08999633789062,91.0625,91.06999969482422,3130,0.0,0.0
2024-10-29 10:47:00-04:00,91.05999755859375,91.08000183105469,91.04000091552734,91.06999969482422,8037,0.0,0.0
2024-10-29 10:48:00-04:00,91.04000091552734,91.04499816894531,91.01229858398438,91.02100372314453,2263,0.0,0.0
2024-10-29 10:49:00-04:00,91.02999877929688,91.1500015258789,91.02999877929688,91.13999938964844,19792,0.0,0.0
2024-10-29 10:50:00-04:00,91.15399932861328,91.15399932861328,91.11000061035156,91.12999725341797,4215,0.0,0.0
2024-10-29 10:51:00-04:00,91.13999938964844,91.22000122070312,91.13999938964844,91.22000122070312,3614,0.0,0.0
2024-10-29 10:52:00-04:00,91.2300033569336,91.25,91.20999908447266,91.22000122070312,6180,0.0,0.0
2024-10-29 10:53:00-04:00,91.22000122070312,91.2300033569336,91.19999694824219,91.19999694824219,3966,0.0,0.0
2024-10-29 10:54:00-04:00,91.20999908447266,91.22000122070312,91.19999694824219,91.19999694824219,3770,0.0,0.0
2024-10-29 10:55:00-04:00,91.18000030517578,91.2300033569336,91.18000030517578,91.22000122070312,5440,0.0,0.0
2024-10-29 10:56:00-04:00,91.22000122070312,91.23999786376953,91.22000122070312,91.2300033569336,9519,0.0,0.0
2024-10-29 10:57:00-04:00,91.23999786376953,91.27999877929688,91.23999786376953,91.2699966430664,6787,0.0,0.0
2024-10-29 10:58:00-04:00,91.26000213623047,91.2699966430664,91.2300033569336,91.25,8851,0.0,0.0
2024-10-29 10:59:00-04:00,91.25,91.26000213623047,91.13999938964844,91.13999938964844,19888,0.0,0.0
2024-10-29 11:00:00-04:00,91.15499877929688,91.18389892578125,91.14900207519531,91.18389892578125,18249,0.0,0.0
2024-10-29 11:01:00-04:00,91.18499755859375,91.18499755859375,91.12999725341797,91.16000366210938,8503,0.0,0.0
2024-10-29 11:02:00-04:00,91.16000366210938,91.19000244140625,91.16000366210938,91.18000030517578,3271,0.0,0.0
2024-10-29 11:03:00-04:00,91.19000244140625,91.22000122070312,91.19000244140625,91.19999694824219,4648,0.0,0.0
2024-10-29 11:04:00-04:00,91.19000244140625,91.20999908447266,91.16999816894531,91.19999694824219,3960,0.0,0.0
2024-10-29 11:05:00-04:00,91.19000244140625,91.20999908447266,91.18000030517578,91.19999694824219,2993,0.0,0.0
2024-10-29 11:06:00-04:00,91.20999908447266,91.20999908447266,91.19000244140625,91.19000244140625,2386,0.0,0.0
2024-10-29 11:07:00-04:00,91.19499969482422,91.19499969482422,91.15499877929688,91.16999816894531,4593,0.0,0.0
2024-10-29 11:08:00-04:00,91.15499877929688,91.17606353759766,91.1500015258789,91.16500091552734,5340,0.0,0.0
2024-10-29 11:09:00-04:00,91.16500091552734,91.16500091552734,91.11000061035156,91.11799621582031,4443,0.0,0.0
2024-10-29 11:10:00-04:00,91.11499786376953,91.11499786376953,91.05999755859375,91.0739974975586,9584,0.0,0.0
2024-10-29 11:11:00-04:00,91.07499694824219,91.07499694824219,91.06500244140625,91.06999969482422,2688,0.0,0.0
2024-10-29 11:12:00-04:00,91.06999969482422,91.08000183105469,91.02999877929688,91.06999969482422,8783,0.0,0.0
2024-10-29 11:13:00-04:00,91.06999969482422,91.06999969482422,91.05000305175781,91.05000305175781,1037,0.0,0.0
2024-10-29 11:14:00-04:00,91.05709838867188,91.08499908447266,91.02999877929688,91.08499908447266,5403,0.0,0.0
2024-10-29 11:15:00-04:00,91.08999633789062,91.12000274658203,91.08000183105469,91.0999984741211,5123,0.0,0.0
2024-10-29 11:16:00-04:00,91.09210205078125,91.12000274658203,91.09210205078125,91.11000061035156,1968,0.0,0.0
2024-10-29 11:17:00-04:00,91.11000061035156,91.12000274658203,91.09750366210938,91.11000061035156,3715,0.0,0.0
2024-10-29 11:18:00-04:00,91.11000061035156,91.11000061035156,91.06999969482422,91.07499694824219,4923,0.0,0.0
2024-10-29 11:19:00-04:00,91.06999969482422,91.11000061035156,91.05000305175781,91.06999969482422,8711,0.0,0.0
2024-10-29 11:20:00-04:00,91.07499694824219,91.07499694824219,91.0199966430664,91.02999877929688,2918,0.0,0.0
2024-10-29 11:21:00-04:00,91.03500366210938,91.05500030517578,91.0199966430664,91.05500030517578,5807,0.0,0.0
2024-10-29 11:22:00-04:00,91.05000305175781,91.06999969482422,91.04499816894531,91.04499816894531,3603,0.0,0.0
2024-10-29 11:23:00-04:00,91.04499816894531,91.04499816894531,91.02999877929688,91.03500366210938,1801,0.0,0.0
2024-10-29 11:24:00-04:00,91.02999877929688,91.04000091552734,91.02999877929688,91.02999877929688,3472,0.0,0.0
2024-10-29 11:25:00-04:00,91.02999877929688,91.05999755859375,91.02999877929688,91.02999877929688,3110,0.0,0.0
2024-10-29 11:26:00-04:00,91.04000091552734,91.04000091552734,90.98999786376953,90.98999786376953,3688,0.0,0.0
2024-10-29 11:27:00-04:00,91.01000213623047,91.02999877929688,91.00499725341797,91.01000213623047,5116,0.0,0.0
2024-10-29 11:28:00-04:00,91.01000213623047,91.05999755859375,91.01000213623047,91.04499816894531,5528,0.0,0.0
2024-10-29 11:29:00-04:00,91.05000305175781,91.05999755859375,91.04499816894531,91.05999755859375,1984,0.0,0.0
2024-10-29 11:30:00-04:00,91.05999755859375,91.11000061035156,91.05000305175781,91.0999984741211,5068,0.0,0.0
2024-10-29 11:31:00-04:00,91.0999984741211,91.13500213623047,91.08499908447266,91.12999725341797,4816,0.0,0.0
2024-10-29 11:32:00-04:00,91.12999725341797,91.1500015258789,91.125,91.12999725341797,4635,0.0,0.0
2024-10-29 11:33:00-04:00,91.12000274658203,91.12999725341797,91.0999984741211,91.11000061035156,2986,0.0,0.0
2024-10-29 11:34:00-04:00,91.12999725341797,91.12999725341797,91.0999984741211,91.12999725341797,4334,0.0,0.0
2024-10-29 11:35:00-04:00,91.11000061035156,91.11000061035156,91.08999633789062,91.10269927978516,3398,0.0,0.0
2024-10-29 11:36:00-04:00,91.0999984741211,91.16000366210938,91.0999984741211,91.16000366210938,3611,0.0,0.0
2024-10-29 11:37:00-04:00,91.16999816894531,91.19000244140625,91.16999816894531,91.18499755859375,2718,0.0,0.0
2024-10-29 11:38:00-04:00,91.18150329589844,91.18150329589844,91.16000366210938,91.16999816894531,3359,0.0,0.0
2024-10-29 11:39:00-04:00,91.18000030517578,91.18000030517578,91.13999938964844,91.16000366210938,2591,0.0,0.0
2024-10-29 11:40:00-04:00,91.16500091552734,91.16999816894531,91.1449966430664,91.1449966430664,3377,0.0,0.0
2024-10-29 11:41:00-04:00,91.13500213623047,91.13999938964844,91.12000274658203,91.13500213623047,4549,0.0,0.0
2024-10-29 11:42:00-04:00,91.13999938964844,91.18499755859375,91.12999725341797,91.17500305175781,8199,0.0,0.0
2024-10-29 11:43:00-04:00,91.18000030517578,91.19000244140625,91.18000030517578,91.19000244140625,4402,0.0,0.0
2024-10-29 11:44:00-04:00,91.18000030517578,91.18160247802734,91.16000366210938,91.16000366210938,2755,0.0,0.0
2024-10-29 11:45:00-04:00,91.16999816894531,91.18000030517578,91.16500091552734,91.17500305175781,3009,0.0,0.0
2024-10-29 11:46:00-04:00,91.17500305175781,91.17500305175781,91.12000274658203,91.12100219726562,5525,0.0,0.0
2024-10-29 11:47:00-04:00,91.12000274658203,91.12000274658203,91.0999984741211,91.0999984741211,2367,0.0,0.0
2024-10-29 11:48:00-04:00,91.0999984741211,91.0999984741211,91.08000183105469,91.08000183105469,3002,0.0,0.0
2024-10-29 11:49:00-04:00,91.06999969482422,91.06999969482422,91.05000305175781,91.05999755859375,2770,0.0,0.0
2024-10-29 11:50:00-04:00,91.05750274658203,91.06500244140625,91.05500030517578,91.06500244140625,3593,0.0,0.0
2024-10-29 11:51:00-04:00,91.06500244140625,91.09500122070312,91.05999755859375,91.08499908447266,7007,0.0,0.0
2024-10-29 11:52:00-04:00,91.08999633789062,91.08999633789062,91.08499908447266,91.08499908447266,666,0.0,0.0
2024-10-29 11:54:00-04:00,91.04000091552734,91.05999755859375,91.04000091552734,91.05000305175781,13367,0.0,0.0
2024-10-29 11:55:00-04:00,91.05680084228516,91.05680084228516,91.01499938964844,91.02999877929688,4107,0.0,0.0
2024-10-29 11:56:00-04:00,91.0199966430664,91.05000305175781,91.0199966430664,91.02999877929688,8721,0.0,0.0
2024-10-29 11:57:00-04:00,91.03500366210938,91.05000305175781,91.02999877929688,91.04000091552734,3457,0.0,0.0
2024-10-29 11:58:00-04:00,91.04000091552734,91.08699798583984,91.03500366210938,91.06999969482422,7169,0.0,0.0
2024-10-29 11:59:00-04:00,91.08000183105469,91.08999633789062,91.06999969482422,91.08000183105469,3498,0.0,0.0
2024-10-29 12:00:00-04:00,91.08000183105469,91.12999725341797,91.06999969482422,91.12010192871094,6863,0.0,0.0
2024-10-29 12:01:00-04:00,91.125,91.13300323486328,91.11499786376953,91.12000274658203,1693,0.0,0.0
2024-10-29 12:02:00-04:00,91.12999725341797,91.13999938964844,91.125,91.13999938964844,6075,0.0,0.0
2024-10-29 12:03:00-04:00,91.1500015258789,91.16000366210938,91.13999938964844,91.13999938964844,4462,0.0,0.0
2024-10-29 12:04:00-04:00,91.13999938964844,91.16929626464844,91.13999938964844,91.16500091552734,3081,0.0,0.0
2024-10-29 12:05:00-04:00,91.16000366210938,91.16999816894531,91.13999938964844,91.16000366210938,5078,0.0,0.0
2024-10-29 12:06:00-04:00,91.16999816894531,91.18000030517578,91.16999816894531,91.17459869384766,2963,0.0,0.0
2024-10-29 12:07:00-04:00,91.17500305175781,91.19000244140625,91.15059661865234,91.18000030517578,6045,0.0,0.0
2024-10-29 12:08:00-04:00,91.17500305175781,91.19999694824219,91.17500305175781,91.19000244140625,6806,0.0,0.0
2024-10-29 12:09:00-04:00,91.18499755859375,91.19000244140625,91.17960357666016,91.17960357666016,3769,0.0,0.0
2024-10-29 12:10:00-04:00,91.16999816894531,91.18550109863281,91.16999816894531,91.18000030517578,5085,0.0,0.0
2024-10-29 12:11:00-04:00,91.19000244140625,91.19499969482422,91.16000366210938,91.17510223388672,5339,0.0,0.0
2024-10-29 12:12:00-04:00,91.17849731445312,91.20999908447266,91.17849731445312,91.20999908447266,2780,0.0,0.0
2024-10-29 12:13:00-04:00,91.19999694824219,91.20999908447266,91.19000244140625,91.19000244140625,2678,0.0,0.0
2024-10-29 12:14:00-04:00,91.19499969482422,91.20850372314453,91.18399810791016,91.19999694824219,6807,0.0,0.0
2024-10-29 12:15:00-04:00,91.19999694824219,91.20500183105469,91.19000244140625,91.19999694824219,2008,0.0,0.0
2024-10-29 12:16:00-04:00,91.19499969482422,91.19999694824219,91.18000030517578,91.18000030517578,6112,0.0,0.0
2024-10-29 12:17:00-04:00,91.18000030517578,91.19999694824219,91.18000030517578,91.19000244140625,3563,0.0,0.0
2024-10-29 12:18:00-04:00,91.19999694824219,91.23999786376953,91.19999694824219,91.23999786376953,5389,0.0,0.0
2024-10-29 12:19:00-04:00,91.2300033569336,91.2311019897461,91.18000030517578,91.18000030517578,3987,0.0,0.0
2024-10-29 12:20:00-04:00,91.18000030517578,91.18000030517578,91.13999938964844,91.13999938964844,3371,0.0,0.0
2024-10-29 12:21:00-04:00,91.13999938964844,91.1500015258789,91.13500213623047,91.13500213623047,2353,0.0,0.0
2024-10-29 12:22:00-04:00,91.12999725341797,91.15499877929688,91.12999725341797,91.13999938964844,6908,0.0,0.0
2024-10-29 12:23:00-04:00,91.1449966430664,91.16000366210938,91.1449966430664,91.15499877929688,4137,0.0,0.0
2024-10-29 12:24:00-04:00,91.1500015258789,91.15499877929688,91.1449966430664,91.15499877929688,2359,0.0,0.0
2024-10-29 12:25:00-04:00,91.15499877929688,91.17500305175781,91.1500015258789,91.1500015258789,2895,0.0,0.0
2024-10-29 12:26:00-04:00,91.15499877929688,91.18499755859375,91.15499877929688,91.16999816894531,2696,0.0,0.0
2024-10-29 12:27:00-04:00,91.18990325927734,91.19999694824219,91.16999816894531,91.16999816894531,9066,0.0,0.0
2024-10-29 12:28:00-04:00,91.17500305175781,91.18720245361328,91.16999816894531,91.17500305175781,2865,0.0,0.0
2024-10-29 12:29:00-04:00,91.17500305175781,91.17500305175781,91.1500015258789,91.16999816894531,4801,0.0,0.0
2024-10-29 12:30:00-04:00,91.16999816894531,91.17430114746094,91.13999938964844,91.1500015258789,3095,0.0,0.0
2024-10-29 12:31:00-04:00,91.1500015258789,91.16000366210938,91.1500015258789,91.15499877929688,1584,0.0,0.0
2024-10-29 12:32:00-04:00,91.1500015258789,91.1500015258789,91.125,91.13999938964844,3609,0.0,0.0
2024-10-29 12:33:00-04:00,91.13999938964844,91.16999816894531,91.13999938964844,91.16999816894531,4565,0.0,0.0
2024-10-29 12:34:00-04:00,91.16999816894531,91.19999694824219,91.16999816894531,91.18000030517578,3422,0.0,0.0
2024-10-29 12:35:00-04:00,91.19000244140625,91.19999694824219,91.16999816894531,91.18000030517578,4412,0.0,0.0
2024-10-29 12:36:00-04:00,91.17500305175781,91.19999694824219,91.17500305175781,91.19000244140625,3088,0.0,0.0
2024-10-29 12:37:00-04:00,91.18000030517578,91.2300033569336,91.18000030517578,91.2300033569336,5730,0.0,0.0
2024-10-29 12:38:00-04:00,91.2249984741211,91.2699966430664,91.2249984741211,91.2645034790039,3775,0.0,0.0
2024-10-29 12:39:00-04:00,91.26499938964844,91.27999877929688,91.25,91.27999877929688,11980,0.0,0.0
2024-10-29 12:40:00-04:00,91.2699966430664,91.2699966430664,91.23999786376953,91.25,4399,0.0,0.0
2024-10-29 12:41:00-04:00,91.24500274658203,91.25,91.24400329589844,91.24500274658203,2155,0.0,0.0
2024-10-29 12:42:00-04:00,91.24500274658203,91.25,91.2300033569336,91.2300033569336,5049,0.0,0.0
2024-10-29 12:43:00-04:00,91.20500183105469,91.20500183105469,91.16999816894531,91.16999816894531,2376,0.0,0.0
2024-10-29 12:44:00-04:00,91.16999816894531,91.18000030517578,91.16999816894531,91.18000030517578,3589,0.0,0.0
2024-10-29 12:45:00-04:00,91.20999908447266,91.22000122070312,91.19499969482422,91.19499969482422,3526,0.0,0.0
2024-10-29 12:46:00-04:00,91.19499969482422,91.20999908447266,91.19499969482422,91.20999908447266,2891,0.0,0.0
2024-10-29 12:47:00-04:00,91.20999908447266,91.20999908447266,91.16000366210938,91.16999816894531,3527,0.0,0.0
2024-10-29 12:48:00-04:00,91.16999816894531,91.19000244140625,91.1500015258789,91.18000030517578,21201,0.0,0.0
2024-10-29 12:49:00-04:00,91.16999816894531,91.18000030517578,91.15499877929688,91.16000366210938,12877,0.0,0.0
2024-10-29 12:50:00-04:00,91.19000244140625,91.2300033569336,91.19000244140625,91.2300033569336,5394,0.0,0.0
2024-10-29 12:51:00-04:00,91.2300033569336,91.27999877929688,91.2300033569336,91.27999877929688,4456,0.0,0.0
2024-10-29 12:52:00-04:00,91.2750015258789,91.29000091552734,91.26000213623047,91.27999877929688,5984,0.0,0.0
2024-10-29 12:53:00-04:00,91.2699966430664,91.29000091552734,91.26000213623047,91.29000091552734,2332,0.0,0.0
2024-10-29 12:54:00-04:00,91.29000091552734,91.29000091552734,91.26000213623047,91.27999877929688,4527,0.0,0.0
2024-10-29 12:55:00-04:00,91.25499725341797,91.26000213623047,91.23999786376953,91.25,1728,0.0,0.0
2024-10-29 12:56:00-04:00,91.24500274658203,91.2699966430664,91.24500274658203,91.25,3762,0.0,0.0
2024-10-29 12:57:00-04:00,91.23999786376953,91.24500274658203,91.23500061035156,91.24500274658203,2561,0.0,0.0
2024-10-29 12:58:00-04:00,91.23999786376953,91.26000213623047,91.2300033569336,91.26000213623047,2524,0.0,0.0
2024-10-29 12:59:00-04:00,91.25,91.2699966430664,91.25,91.26499938964844,5404,0.0,0.0
2024-10-29 13:00:00-04:00,91.26390075683594,91.27999877929688,91.25,91.2699966430664,5988,0.0,0.0
2024-10-29 13:01:00-04:00,91.26000213623047,91.26000213623047,91.25,91.25,752,0.0,0.0
2024-10-29 13:02:00-04:00,91.26000213623047,91.27999877929688,91.25,91.25,5610,0.0,0.0
2024-10-29 13:03:00-04:00,91.26000213623047,91.31999969482422,91.26000213623047,91.2699966430664,8255,0.0,0.0
2024-10-29 13:04:00-04:00,91.2699966430664,91.27999877929688,91.25499725341797,91.26000213623047,5018,0.0,0.0
2024-10-29 13:05:00-04:00,91.25,91.25,91.2300033569336,91.23500061035156,1908,0.0,0.0
2024-10-29 13:06:00-04:00,91.23999786376953,91.25499725341797,91.2300033569336,91.23999786376953,2567,0.0,0.0
2024-10-29 13:07:00-04:00,91.25,91.26000213623047,91.22000122070312,91.22000122070312,4331,0.0,0.0
2024-10-29 13:08:00-04:00,91.19999694824219,91.20999908447266,91.16999816894531,91.18000030517578,5254,0.0,0.0
2024-10-29 13:09:00-04:00,91.1677017211914,91.16999816894531,91.13500213623047,91.13500213623047,4344,0.0,0.0
2024-10-29 13:10:00-04:00,91.13999938964844,91.16000366210938,91.13500213623047,91.15499877929688,5779,0.0,0.0
2024-10-29 13:11:00-04:00,91.16500091552734,91.16999816894531,91.13999938964844,91.1500015258789,5624,0.0,0.0
2024-10-29 13:12:00-04:00,91.1500015258789,91.18000030517578,91.1500015258789,91.18000030517578,1522,0.0,0.0
2024-10-29 13:13:00-04:00,91.18000030517578,91.18000030517578,91.15499877929688,91.16000366210938,8636,0.0,0.0
2024-10-29 13:14:00-04:00,91.15750122070312,91.16000366210938,91.13999938964844,91.1500015258789,4080,0.0,0.0
2024-10-29 13:15:00-04:00,91.12999725341797,91.16000366210938,91.11000061035156,91.11000061035156,2464,0.0,0.0
2024-10-29 13:16:00-04:00,91.11499786376953,91.1500015258789,91.08000183105469,91.13999938964844,9343,0.0,0.0
2024-10-29 13:17:00-04:00,91.12000274658203,91.13999938964844,91.12000274658203,91.12999725341797,2223,0.0,0.0
2024-10-29 13:18:00-04:00,91.12999725341797,91.13999938964844,91.12999725341797,91.13999938964844,2070,0.0,0.0
2024-10-29 13:19:00-04:00,91.13999938964844,91.1500015258789,91.12999725341797,91.13500213623047,3184,0.0,0.0
2024-10-29 13:20:00-04:00,91.13999938964844,91.13999938964844,91.12999725341797,91.13500213623047,3315,0.0,0.0
2024-10-29 13:21:00-04:00,91.13999938964844,91.13999938964844,91.08000183105469,91.08499908447266,14826,0.0,0.0
2024-10-29 13:22:00-04:00,91.08000183105469,91.08999633789062,91.02999877929688,91.05000305175781,8923,0.0,0.0
2024-10-29 13:23:00-04:00,91.05999755859375,91.08000183105469,91.04000091552734,91.05999755859375,8023,0.0,0.0
2024-10-29 13:24:00-04:00,91.06999969482422,91.08499908447266,91.05999755859375,91.06999969482422,4599,0.0,0.0
2024-10-29 13:25:00-04:00,91.07499694824219,91.08999633789062,91.05000305175781,91.05999755859375,7424,0.0,0.0
2024-10-29 13:26:00-04:00,91.04000091552734,91.05500030517578,91.04000091552734,91.05500030517578,1572,0.0,0.0
2024-10-29 13:27:00-04:00,91.05000305175781,91.05000305175781,91.0199966430664,91.02999877929688,8602,0.0,0.0
2024-10-29 13:28:00-04:00,91.03500366210938,91.04000091552734,91.01000213623047,91.0199966430664,10785,0.0,0.0
2024-10-29 13:29:00-04:00,91.0199966430664,91.04000091552734,91.0199966430664,91.02999877929688,4003,0.0,0.0
2024-10-29 13:30:00-04:00,91.04000091552734,91.04000091552734,91.01000213623047,91.0199966430664,4153,0.0,0.0
2024-10-29 13:31:00-04:00,91.00499725341797,91.00499725341797,90.97000122070312,90.9800033569336,4378,0.0,0.0
2024-10-29 13:32:00-04:00,90.97000122070312,90.98999786376953,90.96499633789062,90.96499633789062,3364,0.0,0.0
2024-10-29 13:33:00-04:00,90.97000122070312,90.98999786376953,90.96499633789062,90.9800033569336,3166,0.0,0.0
2024-10-29 13:34:00-04:00,90.98999786376953,90.98999786376953,90.96499633789062,90.97000122070312,2161,0.0,0.0
2024-10-29 13:35:00-04:00,90.97000122070312,91.0,90.97000122070312,90.98999786376953,3135,0.0,0.0
2024-10-29 13:36:00-04:00,90.9800033569336,90.98999786376953,90.97000122070312,90.9749984741211,1942,0.0,0.0
2024-10-29 13:37:00-04:00,90.9800033569336,90.9800033569336,90.94999694824219,90.94999694824219,2842,0.0,0.0
2024-10-29 13:38:00-04:00,90.94999694824219,90.94999694824219,90.93000030517578,90.93000030517578,2528,0.0,0.0
2024-10-29 13:39:00-04:00,90.93000030517578,90.93000030517578,90.91000366210938,90.91999816894531,4768,0.0,0.0
2024-10-29 13:40:00-04:00,90.93000030517578,90.94000244140625,90.92019653320312,90.92500305175781,7167,0.0,0.0
2024-10-29 13:41:00-04:00,90.93000030517578,90.93000030517578,90.8949966430664,90.8949966430664,3939,0.0,0.0
2024-10-29 13:42:00-04:00,90.88999938964844,90.8949966430664,90.87999725341797,90.88500213623047,4134,0.0,0.0
2024-10-29 13:43:00-04:00,90.88999938964844,90.88999938964844,90.81999969482422,90.81999969482422,7313,0.0,0.0
2024-10-29 13:44:00-04:00,90.81500244140625,90.81999969482422,90.79000091552734,90.79000091552734,8843,0.0,0.0
2024-10-29 13:45:00-04:00,90.80000305175781,90.83499908447266,90.80000305175781,90.81999969482422,6803,0.0,0.0
2024-10-29 13:46:00-04:00,90.81999969482422,90.87000274658203,90.81999969482422,90.87000274658203,3910,0.0,0.0
2024-10-29 13:47:00-04:00,90.87000274658203,90.91000366210938,90.8499984741211,90.91000366210938,16270,0.0,0.0
2024-10-29 13:48:00-04:00,90.9000015258789,90.91000366210938,90.87000274658203,90.9000015258789,6253,0.0,0.0
2024-10-29 13:49:00-04:00,90.8949966430664,90.91999816894531,90.88999938964844,90.91999816894531,2993,0.0,0.0
2024-10-29 13:50:00-04:00,90.91999816894531,90.94000244140625,90.91000366210938,90.93000030517578,5754,0.0,0.0
2024-10-29 13:51:00-04:00,90.93000030517578,90.94999694824219,90.91999816894531,90.94999694824219,4974,0.0,0.0
2024-10-29 13:52:00-04:00,90.94999694824219,90.94999694824219,90.93499755859375,90.94999694824219,4183,0.0,0.0
2024-10-29 13:53:00-04:00,90.94499969482422,91.01000213623047,90.93000030517578,91.01000213623047,14858,0.0,0.0
2024-10-29 13:54:00-04:00,91.01000213623047,91.03500366210938,91.0,91.0,5922,0.0,0.0
2024-10-29 13:55:00-04:00,91.0,91.05000305175781,91.0,91.04000091552734,4400,0.0,0.0
2024-10-29 13:56:00-04:00,91.04000091552734,91.04000091552734,91.0,91.0,5733,0.0,0.0
2024-10-29 13:57:00-04:00,91.0,91.0199966430664,90.97000122070312,91.0199966430664,14344,0.0,0.0
2024-10-29 13:58:00-04:00,91.0199966430664,91.02999877929688,91.01000213623047,91.0199966430664,3754,0.0,0.0
2024-10-29 13:59:00-04:00,91.0199966430664,91.0199966430664,90.9800033569336,91.0,5002,0.0,0.0
2024-10-29 14:00:00-04:00,91.0,91.02999877929688,90.98999786376953,91.02999877929688,4090,0.0,0.0
2024-10-29 14:01:00-04:00,91.02999877929688,91.02999877929688,91.0,91.0,3889,0.0,0.0
2024-10-29 14:02:00-04:00,91.01000213623047,91.04000091552734,91.00499725341797,91.04000091552734,4580,0.0,0.0
2024-10-29 14:03:00-04:00,91.04000091552734,91.05000305175781,91.02999877929688,91.05000305175781,5088,0.0,0.0
2024-10-29 14:04:00-04:00,91.05000305175781,91.05000305175781,91.0199966430664,91.0250015258789,5555,0.0,0.0
2024-10-29 14:05:00-04:00,91.0199966430664,91.04499816894531,91.01499938964844,91.01499938964844,7545,0.0,0.0
2024-10-29 14:06:00-04:00,91.0199966430664,91.05000305175781,91.01499938964844,91.04499816894531,3754,0.0,0.0
2024-10-29 14:07:00-04:00,91.04499816894531,91.05000305175781,91.0199966430664,91.02999877929688,4141,0.0,0.0
2024-10-29 14:08:00-04:00,91.02999877929688,91.04000091552734,91.01499938964844,91.0199966430664,3410,0.0,0.0
2024-10-29 14:09:00-04:00,91.01000213623047,91.02999877929688,91.01000213623047,91.0199966430664,9458,0.0,0.0
2024-10-29 14:10:00-04:00,91.01499938964844,91.0199966430664,90.99500274658203,91.0,4575,0.0,0.0
2024-10-29 14:11:00-04:00,90.98999786376953,91.0199966430664,90.98999786376953,91.0199966430664,18280,0.0,0.0
2024-10-29 14:12:00-04:00,91.02999877929688,91.02999877929688,91.01499938964844,91.0199966430664,6932,0.0,0.0
2024-10-29 14:13:00-04:00,91.0199966430664,91.04000091552734,91.00499725341797,91.03500366210938,6064,0.0,0.0
2024-10-29 14:14:00-04:00,91.02999877929688,91.06999969482422,91.0250015258789,91.06999969482422,8317,0.0,0.0
2024-10-29 14:15:00-04:00,91.06500244140625,91.06999969482422,91.05000305175781,91.05999755859375,7114,0.0,0.0
2024-10-29 14:16:00-04:00,91.06999969482422,91.08000183105469,91.04000091552734,91.04499816894531,6784,0.0,0.0
2024-10-29 14:17:00-04:00,91.04000091552734,91.05999755859375,91.03500366210938,91.04000091552734,9283,0.0,0.0
2024-10-29 14:18:00-04:00,91.03500366210938,91.08000183105469,91.02999877929688,91.08000183105469,4767,0.0,0.0
2024-10-29 14:19:00-04:00,91.08000183105469,91.08499908447266,91.06500244140625,91.08499908447266,5069,0.0,0.0
2024-10-29 14:20:00-04:00,91.0801010131836,91.11000061035156,91.08000183105469,91.1050033569336,7317,0.0,0.0
2024-10-29 14:21:00-04:00,91.11000061035156,91.12000274658203,91.08000183105469,91.08999633789062,6196,0.0,0.0
2024-10-29 14:22:00-04:00,91.08999633789062,91.08999633789062,91.04000091552734,91.05000305175781,7217,0.0,0.0
2024-10-29 14:23:00-04:00,91.04000091552734,91.06500244140625,91.02999877929688,91.06500244140625,5618,0.0,0.0
2024-10-29 14:24:00-04:00,91.06999969482422,91.08000183105469,91.05000305175781,91.06500244140625,5389,0.0,0.0
2024-10-29 14:25:00-04:00,91.05999755859375,91.06999969482422,91.04000091552734,91.05500030517578,6664,0.0,0.0
2024-10-29 14:26:00-04:00,91.05000305175781,91.06999969482422,91.04109954833984,91.04499816894531,5005,0.0,0.0
2024-10-29 14:27:00-04:00,91.04000091552734,91.04750061035156,91.03500366210938,91.03500366210938,3790,0.0,0.0
2024-10-29 14:28:00-04:00,91.04000091552734,91.04499816894531,91.01000213623047,91.01499938964844,7768,0.0,0.0
2024-10-29 14:29:00-04:00,91.01499938964844,91.02999877929688,91.01000213623047,91.0250015258789,4377,0.0,0.0
2024-10-29 14:30:00-04:00,91.02999877929688,91.04000091552734,91.01000213623047,91.02870178222656,10825,0.0,0.0
2024-10-29 14:31:00-04:00,91.0199966430664,91.04499816894531,91.0199966430664,91.0250015258789,9589,0.0,0.0
2024-10-29 14:32:00-04:00,91.03500366210938,91.03500366210938,90.99500274658203,90.99500274658203,5297,0.0,0.0
2024-10-29 14:33:00-04:00,90.99500274658203,91.0199966430664,90.98500061035156,90.98500061035156,43373,0.0,0.0
2024-10-29 14:34:00-04:00,90.98500061035156,91.01499938964844,90.94999694824219,90.98500061035156,19668,0.0,0.0
2024-10-29 14:35:00-04:00,90.98500061035156,91.0199966430664,90.9832992553711,91.0,8590,0.0,0.0
2024-10-29 14:36:00-04:00,91.00499725341797,91.02999877929688,91.0,91.01000213623047,5569,0.0,0.0
2024-10-29 14:37:00-04:00,91.01499938964844,91.01499938964844,90.9800033569336,91.00499725341797,7526,0.0,0.0
2024-10-29 14:38:00-04:00,91.00499725341797,91.01000213623047,90.98999786376953,91.00499725341797,6816,0.0,0.0
2024-10-29 14:39:00-04:00,91.0,91.01000213623047,90.97000122070312,90.98999786376953,59981,0.0,0.0
2024-10-29 14:40:00-04:00,90.98999786376953,90.98999786376953,90.87000274658203,90.87000274658203,21246,0.0,0.0
2024-10-29 14:41:00-04:00,90.87000274658203,90.875,90.83000183105469,90.87000274658203,15595,0.0,0.0
2024-10-29 14:42:00-04:00,90.8499984741211,90.86710357666016,90.83000183105469,90.86000061035156,6577,0.0,0.0
2024-10-29 14:43:00-04:00,90.87000274658203,90.87000274658203,90.83000183105469,90.83499908447266,2765,0.0,0.0
2024-10-29 14:44:00-04:00,90.83499908447266,90.83499908447266,90.7979965209961,90.7979965209961,2558,0.0,0.0
2024-10-29 14:45:00-04:00,90.79499816894531,90.80000305175781,90.7699966430664,90.77999877929688,6152,0.0,0.0
2024-10-29 14:46:00-04:00,90.7750015258789,90.77999877929688,90.75,90.7699966430664,5639,0.0,0.0
2024-10-29 14:47:00-04:00,90.7699966430664,90.79000091552734,90.75,90.77999877929688,10153,0.0,0.0
2024-10-29 14:48:00-04:00,90.79000091552734,90.79000091552734,90.75,90.75,5448,0.0,0.0
2024-10-29 14:49:00-04:00,90.75,90.79000091552734,90.75,90.78500366210938,5270,0.0,0.0
2024-10-29 14:50:00-04:00,90.79000091552734,90.81999969482422,90.79000091552734,90.81500244140625,5724,0.0,0.0
2024-10-29 14:51:00-04:00,90.81500244140625,90.83000183105469,90.79000091552734,90.83000183105469,7642,0.0,0.0
2024-10-29 14:52:00-04:00,90.81999969482422,90.83000183105469,90.81999969482422,90.82499694824219,4473,0.0,0.0
2024-10-29 14:53:00-04:00,90.82499694824219,90.82720184326172,90.80999755859375,90.81610107421875,9142,0.0,0.0
2024-10-29 14:54:00-04:00,90.80999755859375,90.86000061035156,90.80999755859375,90.8499984741211,6573,0.0,0.0
2024-10-29 14:55:00-04:00,90.8499984741211,90.8499984741211,90.83000183105469,90.83000183105469,6041,0.0,0.0
2024-10-29 14:56:00-04:00,90.82820129394531,90.8550033569336,90.80999755859375,90.81500244140625,4312,0.0,0.0
2024-10-29 14:57:00-04:00,90.81500244140625,90.81999969482422,90.80000305175781,90.80500030517578,4078,0.0,0.0
2024-10-29 14:58:00-04:00,90.79499816894531,90.80999755859375,90.73999786376953,90.74500274658203,6693,0.0,0.0
2024-10-29 14:59:00-04:00,90.74500274658203,90.76000213623047,90.73999786376953,90.75499725341797,2933,0.0,0.0
2024-10-29 15:00:00-04:00,90.75499725341797,90.76499938964844,90.70999908447266,90.71499633789062,6047,0.0,0.0
2024-10-29 15:01:00-04:00,90.71499633789062,90.73989868164062,90.71499633789062,90.7249984741211,7446,0.0,0.0
2024-10-29 15:02:00-04:00,90.72000122070312,90.73500061035156,90.72000122070312,90.73500061035156,4480,0.0,0.0
2024-10-29 15:03:00-04:00,90.7300033569336,90.7300033569336,90.69000244140625,90.70999908447266,6368,0.0,0.0
2024-10-29 15:04:00-04:00,90.71499633789062,90.7300033569336,90.70999908447266,90.71499633789062,3686,0.0,0.0
2024-10-29 15:05:00-04:00,90.71499633789062,90.72000122070312,90.69999694824219,90.71499633789062,7420,0.0,0.0
2024-10-29 15:06:00-04:00,90.71510314941406,90.72000122070312,90.68000030517578,90.68000030517578,3618,0.0,0.0
2024-10-29 15:07:00-04:00,90.68499755859375,90.69000244140625,90.66000366210938,90.66000366210938,5372,0.0,0.0
2024-10-29 15:08:00-04:00,90.66999816894531,90.67500305175781,90.63999938964844,90.66000366210938,10234,0.0,0.0
2024-10-29 15:09:00-04:00,90.66500091552734,90.66999816894531,90.62000274658203,90.63500213623047,7897,0.0,0.0
2024-10-29 15:10:00-04:00,90.63500213623047,90.68000030517578,90.62999725341797,90.65499877929688,9295,0.0,0.0
2024-10-29 15:11:00-04:00,90.65499877929688,90.66000366210938,90.62999725341797,90.62999725341797,2669,0.0,0.0
2024-10-29 15:12:00-04:00,90.63500213623047,90.63999938964844,90.62999725341797,90.63420104980469,7858,0.0,0.0
2024-10-29 15:13:00-04:00,90.62999725341797,90.6500015258789,90.62421417236328,90.6449966430664,8440,0.0,0.0
2024-10-29 15:14:00-04:00,90.6449966430664,90.66000366210938,90.62000274658203,90.625,13447,0.0,0.0
2024-10-29 15:15:00-04:00,90.62229919433594,90.62969970703125,90.6050033569336,90.625,7613,0.0,0.0
2024-10-29 15:16:00-04:00,90.62999725341797,90.62999725341797,90.591796875,90.60900115966797,5034,0.0,0.0
2024-10-29 15:17:00-04:00,90.61000061035156,90.62000274658203,90.6050033569336,90.6050033569336,5026,0.0,0.0
2024-10-29 15:18:00-04:00,90.61000061035156,90.61000061035156,90.59500122070312,90.6050033569336,4232,0.0,0.0
2024-10-29 15:19:00-04:00,90.61000061035156,90.62000274658203,90.59500122070312,90.59500122070312,6983,0.0,0.0
2024-10-29 15:20:00-04:00,90.59500122070312,90.61499786376953,90.59500122070312,90.5999984741211,4393,0.0,0.0
2024-10-29 15:21:00-04:00,90.59500122070312,90.5999984741211,90.56999969482422,90.56999969482422,5974,0.0,0.0
2024-10-29 15:22:00-04:00,90.58000183105469,90.58499908447266,90.55999755859375,90.58499908447266,5349,0.0,0.0
2024-10-29 15:23:00-04:00,90.58499908447266,90.59500122070312,90.55999755859375,90.55999755859375,8300,0.0,0.0
2024-10-29 15:24:00-04:00,90.56500244140625,90.56500244140625,90.54000091552734,90.54000091552734,6765,0.0,0.0
2024-10-29 15:25:00-04:00,90.5199966430664,90.55999755859375,90.5199966430664,90.55439758300781,9002,0.0,0.0
2024-10-29 15:26:00-04:00,90.55500030517578,90.55500030517578,90.54499816894531,90.55000305175781,6933,0.0,0.0
2024-10-29 15:27:00-04:00,90.55000305175781,90.55999755859375,90.54499816894531,90.54499816894531,7391,0.0,0.0
2024-10-29 15:28:00-04:00,90.54499816894531,90.55000305175781,90.54000091552734,90.54499816894531,5277,0.0,0.0
2024-10-29 15:29:00-04:00,90.54000091552734,90.55500030517578,90.5199966430664,90.55000305175781,11353,0.0,0.0
2024-10-29 15:30:00-04:00,90.54660034179688,90.55000305175781,90.51000213623047,90.51000213623047,8498,0.0,0.0
2024-10-29 15:31:00-04:00,90.51499938964844,90.54000091552734,90.50499725341797,90.54000091552734,10857,0.0,0.0
2024-10-29 15:32:00-04:00,90.5199966430664,90.55000305175781,90.51499938964844,90.54000091552734,11543,0.0,0.0
2024-10-29 15:33:00-04:00,90.5374984741211,90.55500030517578,90.5374984741211,90.54499816894531,6767,0.0,0.0
2024-10-29 15:34:00-04:00,90.54000091552734,90.54000091552734,90.5,90.50499725341797,14834,0.0,0.0
2024-10-29 15:35:00-04:00,90.51000213623047,90.55000305175781,90.4801025390625,90.5,18409,0.0,0.0
2024-10-29 15:36:00-04:00,90.50499725341797,90.50499725341797,90.4800033569336,90.48500061035156,8265,0.0,0.0
2024-10-29 15:37:00-04:00,90.48500061035156,90.5,90.4800033569336,90.5,5875,0.0,0.0
2024-10-29 15:38:00-04:00,90.50499725341797,90.51499938964844,90.49500274658203,90.50499725341797,6568,0.0,0.0
2024-10-29 15:39:00-04:00,90.5,90.53500366210938,90.49500274658203,90.52899932861328,6357,0.0,0.0
2024-10-29 15:40:00-04:00,90.5250015258789,90.5250015258789,90.51000213623047,90.5199966430664,10069,0.0,0.0
2024-10-29 15:41:00-04:00,90.5250015258789,90.52899932861328,90.50499725341797,90.50499725341797,5378,0.0,0.0
2024-10-29 15:42:00-04:00,90.50499725341797,90.50499725341797,90.44000244140625,90.44000244140625,13575,0.0,0.0
2024-10-29 15:43:00-04:00,90.43000030517578,90.43000030517578,90.41000366210938,90.41500091552734,7710,0.0,0.0
2024-10-29 15:44:00-04:00,90.41500091552734,90.45999908447266,90.41500091552734,90.44999694824219,10250,0.0,0.0
2024-10-29 15:45:00-04:00,90.44499969482422,90.4489974975586,90.37999725341797,90.38500213623047,13046,0.0,0.0
2024-10-29 15:46:00-04:00,90.38999938964844,90.4000015258789,90.38500213623047,90.3949966430664,11471,0.0,0.0
2024-10-29 15:47:00-04:00,90.3949966430664,90.40499877929688,90.37000274658203,90.37999725341797,8521,0.0,0.0
2024-10-29 15:48:00-04:00,90.37999725341797,90.3949966430664,90.37000274658203,90.38500213623047,11359,0.0,0.0
2024-10-29 15:49:00-04:00,90.38500213623047,90.3949966430664,90.375,90.38500213623047,10282,0.0,0.0
2024-10-29 15:50:00-04:00,90.4000015258789,90.44499969482422,90.37999725341797,90.3949966430664,41051,0.0,0.0
2024-10-29 15:51:00-04:00,90.38999938964844,90.41999816894531,90.34500122070312,90.37000274658203,27501,0.0,0.0
2024-10-29 15:52:00-04:00,90.36499786376953,90.38999938964844,90.33499908447266,90.38500213623047,23492,0.0,0.0
2024-10-29 15:53:00-04:00,90.3949966430664,90.41000366210938,90.37000274658203,90.40499877929688,22126,0.0,0.0
2024-10-29 15:54:00-04:00,90.40499877929688,90.44000244140625,90.375,90.4000015258789,26420,0.0,0.0
2024-10-29 15:55:00-04:00,90.41000366210938,90.42500305175781,90.37000274658203,90.38500213623047,37157,0.0,0.0
2024-10-29 15:56:00-04:00,90.38999938964844,90.4000015258789,90.37000274658203,90.375,42542,0.0,0.0
2024-10-29 15:57:00-04:00,90.37000274658203,90.375,90.31999969482422,90.33000183105469,41814,0.0,0.0
2024-10-29 15:58:00-04:00,90.33499908447266,90.38999938964844,90.33000183105469,90.37999725341797,52578,0.0,0.0
2024-10-29 15:59:00-04:00,90.38999938964844,90.44999694824219,90.30999755859375,90.31999969482422,196784,0.0,0.0
2024-10-30 09:30:00-04:00,89.9800033569336,90.2699966430664,89.95159912109375,90.26499938964844,64168,0.0,0.0
2024-10-30 09:31:00-04:00,90.30000305175781,90.3550033569336,90.16000366210938,90.16000366210938,4324,0.0,0.0
2024-10-30 09:32:00-04:00,90.22000122070312,90.38999938964844,90.22000122070312,90.37999725341797,6058,0.0,0.0
2024-10-30 09:33:00-04:00,90.36000061035156,90.48999786376953,90.36000061035156,90.36000061035156,13849,0.0,0.0
2024-10-30 09:34:00-04:00,90.37000274658203,90.5999984741211,90.37000274658203,90.5,23100,0.0,0.0
2024-10-30 09:35:00-04:00,90.51000213623047,90.51000213623047,90.33000183105469,90.33999633789062,22712,0.0,0.0
2024-10-30 09:36:00-04:00,90.33999633789062,90.33999633789062,90.27999877929688,90.27999877929688,2540,0.0,0.0
2024-10-30 09:37:00-04:00,90.29000091552734,90.33000183105469,90.16999816894531,90.16999816894531,3717,0.0,0.0
2024-10-30 09:38:00-04:00,90.2300033569336,90.33920288085938,90.19000244140625,90.30000305175781,8790,0.0,0.0
2024-10-30 09:39:00-04:00,90.30999755859375,90.41000366210938,90.30999755859375,90.375,21643,0.0,0.0
2024-10-30 09:40:00-04:00,90.3949966430664,90.48999786376953,90.37000274658203,90.4884033203125,6921,0.0,0.0
2024-10-30 09:41:00-04:00,90.44999694824219,90.54000091552734,90.44999694824219,90.54000091552734,3076,0.0,0.0
2024-10-30 09:42:00-04:00,90.49500274658203,90.55999755859375,90.47000122070312,90.4800033569336,4535,0.0,0.0
2024-10-30 09:43:00-04:00,90.47000122070312,90.47000122070312,90.37000274658203,90.37000274658203,1427,0.0,0.0
2024-10-30 09:44:00-04:00,90.38999938964844,90.4749984741211,90.38999938964844,90.43000030517578,3045,0.0,0.0
2024-10-30 09:45:00-04:00,90.41999816894531,90.47000122070312,90.41999816894531,90.44550323486328,3334,0.0,0.0
2024-10-30 09:46:00-04:00,90.41999816894531,90.52999877929688,90.41999816894531,90.51000213623047,2158,0.0,0.0
2024-10-30 09:47:00-04:00,90.55000305175781,90.61000061035156,90.5,90.56999969482422,4857,0.0,0.0
2024-10-30 09:48:00-04:00,90.5999984741211,90.62000274658203,90.58000183105469,90.62000274658203,2959,0.0,0.0
2024-10-30 09:49:00-04:00,90.5999984741211,90.68299865722656,90.5999984741211,90.66000366210938,4480,0.0,0.0
2024-10-30 09:50:00-04:00,90.66000366210938,90.66000366210938,90.50499725341797,90.50499725341797,4134,0.0,0.0
2024-10-30 09:51:00-04:00,90.50499725341797,90.5199966430664,90.45549774169922,90.48999786376953,3349,0.0,0.0
2024-10-30 09:52:00-04:00,90.48999786376953,90.61000061035156,90.48999786376953,90.61000061035156,1598,0.0,0.0
2024-10-30 09:53:00-04:00,90.56999969482422,90.61000061035156,90.56999969482422,90.58999633789062,1838,0.0,0.0
2024-10-30 09:54:00-04:00,90.58999633789062,90.69000244140625,90.58999633789062,90.5999984741211,18394,0.0,0.0
2024-10-30 09:55:00-04:00,90.625,90.625,90.6050033569336,90.6050033569336,999,0.0,0.0
2024-10-30 09:56:00-04:00,90.59957885742188,90.63999938964844,90.5199966430664,90.54499816894531,6586,0.0,0.0
2024-10-30 09:57:00-04:00,90.52999877929688,90.52999877929688,90.47000122070312,90.48999786376953,4308,0.0,0.0
2024-10-30 09:58:00-04:00,90.48999786376953,90.5,90.43000030517578,90.44999694824219,6744,0.0,0.0
2024-10-30 09:59:00-04:00,90.47000122070312,90.47000122070312,90.38999938964844,90.41000366210938,5465,0.0,0.0
2024-10-30 10:00:00-04:00,90.41000366210938,90.41999816894531,90.20999908447266,90.25499725341797,31053,0.0,0.0
2024-10-30 10:01:00-04:00,90.2699966430664,90.2699966430664,90.16999816894531,90.18000030517578,9056,0.0,0.0
2024-10-30 10:02:00-04:00,90.20999908447266,90.2699966430664,90.18000030517578,90.2699966430664,25695,0.0,0.0
2024-10-30 10:03:00-04:00,90.24569702148438,90.30000305175781,90.22000122070312,90.25,5344,0.0,0.0
2024-10-30 10:04:00-04:00,90.25,90.29000091552734,90.23999786376953,90.2699966430664,4351,0.0,0.0
2024-10-30 10:05:00-04:00,90.22000122070312,90.22000122070312,90.13999938964844,90.16000366210938,12646,0.0,0.0
2024-10-30 10:06:00-04:00,90.18000030517578,90.2300033569336,90.16000366210938,90.2300033569336,39818,0.0,0.0
2024-10-30 10:07:00-04:00,90.26000213623047,90.26000213623047,90.23500061035156,90.24500274658203,2659,0.0,0.0
2024-10-30 10:08:00-04:00,90.25,90.29000091552734,90.2249984741211,90.28500366210938,5199,0.0,0.0
2024-10-30 10:09:00-04:00,90.2699966430664,90.27999877929688,90.2249984741211,90.26000213623047,14150,0.0,0.0
2024-10-30 10:10:00-04:00,90.23999786376953,90.27999877929688,90.23999786376953,90.26000213623047,7571,0.0,0.0
2024-10-30 10:11:00-04:00,90.26499938964844,90.26499938964844,90.16000366210938,90.22000122070312,64099,0.0,0.0
2024-10-30 10:12:00-04:00,90.25,90.26000213623047,90.19499969482422,90.26000213623047,8298,0.0,0.0
2024-10-30 10:13:00-04:00,90.26470184326172,90.38999938964844,90.26000213623047,90.38999938964844,9588,0.0,0.0
2024-10-30 10:14:00-04:00,90.38999938964844,90.4800033569336,90.37999725341797,90.45999908447266,5336,0.0,0.0
2024-10-30 10:15:00-04:00,90.44999694824219,90.47000122070312,90.41999816894531,90.47000122070312,4594,0.0,0.0
2024-10-30 10:16:00-04:00,90.45500183105469,90.48999786376953,90.43499755859375,90.47000122070312,5507,0.0,0.0
2024-10-30 10:17:00-04:00,90.48500061035156,90.5199966430664,90.48500061035156,90.51499938964844,2703,0.0,0.0
2024-10-30 10:18:00-04:00,90.51000213623047,90.51000213623047,90.41999816894531,90.42569732666016,2794,0.0,0.0
2024-10-30 10:19:00-04:00,90.43000030517578,90.55000305175781,90.43000030517578,90.47000122070312,5907,0.0,0.0
2024-10-30 10:20:00-04:00,90.5025405883789,90.51000213623047,90.44999694824219,90.48500061035156,7341,0.0,0.0
2024-10-30 10:21:00-04:00,90.4800033569336,90.4800033569336,90.41500091552734,90.41500091552734,4393,0.0,0.0
2024-10-30 10:22:00-04:00,90.41500091552734,90.43000030517578,90.37999725341797,90.4000015258789,17679,0.0,0.0
2024-10-30 10:23:00-04:00,90.4000015258789,90.41000366210938,90.38999938964844,90.3949966430664,6752,0.0,0.0
2024-10-30 10:24:00-04:00,90.4000015258789,90.41000366210938,90.33000183105469,90.34500122070312,8201,0.0,0.0
2024-10-30 10:25:00-04:00,90.33000183105469,90.38999938964844,90.31999969482422,90.38999938964844,15430,0.0,0.0
2024-10-30 10:26:00-04:00,90.37999725341797,90.37999725341797,90.35009765625,90.37999725341797,4265,0.0,0.0
2024-10-30 10:27:00-04:00,90.38500213623047,90.41380310058594,90.37999725341797,90.4000015258789,3626,0.0,0.0
2024-10-30 10:28:00-04:00,90.41999816894531,90.44000244140625,90.41000366210938,90.41999816894531,2534,0.0,0.0
2024-10-30 10:29:00-04:00,90.41000366210938,90.41000366210938,90.24500274658203,90.24500274658203,21578,0.0,0.0
2024-10-30 10:30:00-04:00,90.26000213623047,90.33000183105469,90.22000122070312,90.33000183105469,15066,0.0,0.0
2024-10-30 10:31:00-04:00,90.34500122070312,90.34500122070312,90.27799987792969,90.31999969482422,3533,0.0,0.0
2024-10-30 10:32:00-04:00,90.31999969482422,90.33499908447266,90.29499816894531,90.33499908447266,2292,0.0,0.0
2024-10-30 10:33:00-04:00,90.33000183105469,90.39990234375,90.32499694824219,90.38999938964844,4135,0.0,0.0
2024-10-30 10:34:00-04:00,90.41000366210938,90.44049835205078,90.38999938964844,90.44049835205078,2494,0.0,0.0
2024-10-30 10:35:00-04:00,90.41999816894531,90.42500305175781,90.32129669189453,90.3280029296875,4200,0.0,0.0
2024-10-30 10:36:00-04:00,90.33999633789062,90.36000061035156,90.31999969482422,90.31999969482422,1883,0.0,0.0
2024-10-30 10:37:00-04:00,90.3499984741211,90.37000274658203,90.33000183105469,90.37000274658203,5138,0.0,0.0
2024-10-30 10:38:00-04:00,90.33999633789062,90.34500122070312,90.31999969482422,90.33999633789062,2014,0.0,0.0
2024-10-30 10:39:00-04:00,90.33999633789062,90.3772964477539,90.33999633789062,90.37000274658203,2292,0.0,0.0
2024-10-30 10:40:00-04:00,90.36000061035156,90.36000061035156,90.31999969482422,90.31999969482422,4032,0.0,0.0
2024-10-30 10:41:00-04:00,90.33000183105469,90.33000183105469,90.29000091552734,90.29000091552734,1855,0.0,0.0
2024-10-30 10:42:00-04:00,90.27999877929688,90.30000305175781,90.26499938964844,90.30000305175781,6566,0.0,0.0
2024-10-30 10:43:00-04:00,90.3052978515625,90.33000183105469,90.2699966430664,90.31999969482422,6256,0.0,0.0
2024-10-30 10:44:00-04:00,90.31300354003906,90.31999969482422,90.27999877929688,90.30000305175781,4881,0.0,0.0
2024-10-30 10:45:00-04:00,90.30000305175781,90.33999633789062,90.27999877929688,90.33999633789062,3430,0.0,0.0
2024-10-30 10:46:00-04:00,90.34500122070312,90.3499984741211,90.31999969482422,90.31999969482422,4781,0.0,0.0
2024-10-30 10:47:00-04:00,90.30999755859375,90.33999633789062,90.29000091552734,90.33999633789062,3830,0.0,0.0
2024-10-30 10:48:00-04:00,90.31999969482422,90.32499694824219,90.30000305175781,90.32499694824219,1553,0.0,0.0
2024-10-30 10:49:00-04:00,90.31999969482422,90.33000183105469,90.28170013427734,90.30999755859375,4428,0.0,0.0
2024-10-30 10:50:00-04:00,90.30999755859375,90.31999969482422,90.30000305175781,90.30000305175781,3147,0.0,0.0
2024-10-30 10:51:00-04:00,90.30000305175781,90.33999633789062,90.30000305175781,90.33999633789062,2705,0.0,0.0
2024-10-30 10:52:00-04:00,90.33999633789062,90.38999938964844,90.33999633789062,90.38999938964844,2185,0.0,0.0
2024-10-30 10:53:00-04:00,90.37999725341797,90.38999938964844,90.3550033569336,90.37750244140625,3071,0.0,0.0
2024-10-30 10:54:00-04:00,90.37999725341797,90.4000015258789,90.36000061035156,90.38999938964844,4873,0.0,0.0
2024-10-30 10:55:00-04:00,90.37999725341797,90.3949966430664,90.37000274658203,90.38990020751953,2953,0.0,0.0
2024-10-30 10:56:00-04:00,90.38999938964844,90.41000366210938,90.38999938964844,90.41000366210938,2825,0.0,0.0
2024-10-30 10:57:00-04:00,90.41780090332031,90.41780090332031,90.3499984741211,90.3499984741211,4253,0.0,0.0
2024-10-30 10:58:00-04:00,90.3499984741211,90.3499984741211,90.32389831542969,90.33999633789062,3096,0.0,0.0
2024-10-30 10:59:00-04:00,90.36000061035156,90.37999725341797,90.33999633789062,90.37999725341797,2593,0.0,0.0
2024-10-30 11:00:00-04:00,90.37999725341797,90.41000366210938,90.3499984741211,90.3499984741211,4616,0.0,0.0
2024-10-30 11:01:00-04:00,90.37000274658203,90.37000274658203,90.33999633789062,90.3499984741211,2845,0.0,0.0
2024-10-30 11:02:00-04:00,90.3499984741211,90.38999938964844,90.33000183105469,90.33499908447266,3338,0.0,0.0
2024-10-30 11:03:00-04:00,90.30999755859375,90.33999633789062,90.30500030517578,90.33999633789062,9483,0.0,0.0
2024-10-30 11:04:00-04:00,90.33999633789062,90.34249877929688,90.30999755859375,90.33999633789062,3767,0.0,0.0
2024-10-30 11:05:00-04:00,90.33000183105469,90.3499984741211,90.27989959716797,90.29499816894531,13543,0.0,0.0
2024-10-30 11:06:00-04:00,90.30999755859375,90.36000061035156,90.30000305175781,90.33999633789062,4799,0.0,0.0
2024-10-30 11:07:00-04:00,90.34500122070312,90.34500122070312,90.28500366210938,90.28500366210938,13620,0.0,0.0
2024-10-30 11:08:00-04:00,90.29000091552734,90.30999755859375,90.25,90.29499816894531,18190,0.0,0.0
2024-10-30 11:09:00-04:00,90.29499816894531,90.33000183105469,90.25,90.25,7329,0.0,0.0
2024-10-30 11:10:00-04:00,90.26000213623047,90.33000183105469,90.23500061035156,90.33000183105469,14092,0.0,0.0
2024-10-30 11:11:00-04:00,90.36000061035156,90.37000274658203,90.33999633789062,90.37000274658203,2766,0.0,0.0
2024-10-30 11:12:00-04:00,90.3550033569336,90.44000244140625,90.3550033569336,90.38999938964844,3066,0.0,0.0
2024-10-30 11:13:00-04:00,90.38999938964844,90.4000015258789,90.37999725341797,90.4000015258789,1367,0.0,0.0
2024-10-30 11:14:00-04:00,90.38999938964844,90.38999938964844,90.33999633789062,90.33999633789062,6668,0.0,0.0
2024-10-30 11:15:00-04:00,90.3499984741211,90.36000061035156,90.33999633789062,90.3499984741211,1655,0.0,0.0
2024-10-30 11:16:00-04:00,90.33999633789062,90.33999633789062,90.28500366210938,90.28500366210938,7400,0.0,0.0
2024-10-30 11:17:00-04:00,90.27999877929688,90.29000091552734,90.26000213623047,90.27999877929688,4232,0.0,0.0
2024-10-30 11:18:00-04:00,90.2699966430664,90.29000091552734,90.2300033569336,90.24500274658203,9331,0.0,0.0
2024-10-30 11:19:00-04:00,90.25,90.26000213623047,90.2300033569336,90.23999786376953,22079,0.0,0.0
2024-10-30 11:20:00-04:00,90.23999786376953,90.23999786376953,90.18000030517578,90.18000030517578,14330,0.0,0.0
2024-10-30 11:21:00-04:00,90.16999816894531,90.16999816894531,90.13999938964844,90.1500015258789,5308,0.0,0.0
2024-10-30 11:22:00-04:00,90.1500015258789,90.17500305175781,90.1500015258789,90.17500305175781,10049,0.0,0.0
2024-10-30 11:23:00-04:00,90.17410278320312,90.18000030517578,90.11990356445312,90.11990356445312,3654,0.0,0.0
2024-10-30 11:24:00-04:00,90.12000274658203,90.12000274658203,90.0999984741211,90.0999984741211,1880,0.0,0.0
2024-10-30 11:25:00-04:00,90.0999984741211,90.11000061035156,90.08999633789062,90.0999984741211,4792,0.0,0.0
2024-10-30 11:26:00-04:00,90.0999984741211,90.12999725341797,90.08499908447266,90.12999725341797,4185,0.0,0.0
2024-10-30 11:27:00-04:00,90.12000274658203,90.20999908447266,90.0999984741211,90.18000030517578,51491,0.0,0.0
2024-10-30 11:28:00-04:00,90.19000244140625,90.22000122070312,90.18000030517578,90.20999908447266,5317,0.0,0.0
2024-10-30 11:29:00-04:00,90.20610046386719,90.30000305175781,90.20610046386719,90.29000091552734,9608,0.0,0.0
2024-10-30 11:30:00-04:00,90.27999877929688,90.30999755859375,90.23999786376953,90.25,19729,0.0,0.0
2024-10-30 11:31:00-04:00,90.25499725341797,90.33999633789062,90.19000244140625,90.33999633789062,43458,0.0,0.0
2024-10-30 11:32:00-04:00,90.31999969482422,90.38999938964844,90.31999969482422,90.375,3793,0.0,0.0
2024-10-30 11:33:00-04:00,90.375,91.58999633789062,90.3499984741211,91.58999633789062,336516,0.0,0.0
2024-10-30 11:34:00-04:00,91.54499816894531,91.80000305175781,91.0,91.05000305175781,232734,0.0,0.0
2024-10-30 11:35:00-04:00,91.05000305175781,91.55000305175781,90.9000015258789,91.18990325927734,93152,0.0,0.0
2024-10-30 11:36:00-04:00,91.19999694824219,91.25,90.77999877929688,90.83059692382812,57068,0.0,0.0
2024-10-30 11:37:00-04:00,90.91999816894531,91.11000061035156,90.83000183105469,91.00499725341797,34221,0.0,0.0
2024-10-30 11:38:00-04:00,90.94999694824219,91.0,90.72000122070312,90.80000305175781,15739,0.0,0.0
2024-10-30 11:39:00-04:00,90.83000183105469,90.83940124511719,90.6500015258789,90.6500015258789,22409,0.0,0.0
2024-10-30 11:40:00-04:00,90.69999694824219,90.9000015258789,90.55999755859375,90.66999816894531,31408,0.0,0.0
2024-10-30 11:41:00-04:00,90.72000122070312,90.72000122070312,90.47000122070312,90.55000305175781,23231,0.0,0.0
2024-10-30 11:42:00-04:00,90.54000091552734,90.86000061035156,90.54000091552734,90.69000244140625,66490,0.0,0.0
2024-10-30 11:43:00-04:00,90.69999694824219,90.69999694824219,90.47000122070312,90.5999984741211,32596,0.0,0.0
2024-10-30 11:44:00-04:00,90.58000183105469,90.58000183105469,90.33000183105469,90.33000183105469,26746,0.0,0.0
2024-10-30 11:45:00-04:00,90.31999969482422,90.36000061035156,90.18000030517578,90.30999755859375,32742,0.0,0.0
2024-10-30 11:46:00-04:00,90.30500030517578,90.55000305175781,90.29000091552734,90.47000122070312,22543,0.0,0.0
2024-10-30 11:47:00-04:00,90.54000091552734,90.55999755859375,90.47810363769531,90.55000305175781,5493,0.0,0.0
2024-10-30 11:48:00-04:00,90.5199966430664,90.63999938964844,90.5199966430664,90.63999938964844,3336,0.0,0.0
2024-10-30 11:49:00-04:00,90.70999908447266,90.73809814453125,90.61000061035156,90.61139678955078,12430,0.0,0.0
2024-10-30 11:50:00-04:00,90.58719635009766,90.58719635009766,90.55000305175781,90.57499694824219,2991,0.0,0.0
2024-10-30 11:51:00-04:00,90.56999969482422,90.61000061035156,90.5199966430664,90.55999755859375,5395,0.0,0.0
2024-10-30 11:52:00-04:00,90.57499694824219,90.57499694824219,90.55000305175781,90.56999969482422,2374,0.0,0.0
2024-10-30 11:53:00-04:00,90.56999969482422,90.58999633789062,90.5510025024414,90.55999755859375,2748,0.0,0.0
2024-10-30 11:54:00-04:00,90.56500244140625,90.58000183105469,90.55000305175781,90.55000305175781,2599,0.0,0.0
2024-10-30 11:55:00-04:00,90.52999877929688,90.55999755859375,90.51000213623047,90.54499816894531,4789,0.0,0.0
2024-10-30 11:56:00-04:00,90.52999877929688,90.58999633789062,90.44999694824219,90.58999633789062,5566,0.0,0.0
2024-10-30 11:57:00-04:00,90.58999633789062,90.66999816894531,90.58999633789062,90.66999816894531,3979,0.0,0.0
2024-10-30 11:58:00-04:00,90.64080047607422,90.64080047607422,90.55999755859375,90.56500244140625,3779,0.0,0.0
2024-10-30 11:59:00-04:00,90.55999755859375,90.56500244140625,90.54000091552734,90.55999755859375,1539,0.0,0.0
2024-10-30 12:00:00-04:00,90.55000305175781,90.59130096435547,90.55000305175781,90.59130096435547,3538,0.0,0.0
2024-10-30 12:01:00-04:00,90.56999969482422,90.61000061035156,90.56999969482422,90.58000183105469,3460,0.0,0.0
2024-10-30 12:02:00-04:00,90.625,90.63999938964844,90.5999984741211,90.63999938964844,2742,0.0,0.0
2024-10-30 12:03:00-04:00,90.625,90.625,90.58000183105469,90.58000183105469,1886,0.0,0.0
2024-10-30 12:04:00-04:00,90.58000183105469,90.58000183105469,90.56500244140625,90.56500244140625,760,0.0,0.0
2024-10-30 12:05:00-04:00,90.55000305175781,90.56999969482422,90.5,90.51499938964844,5143,0.0,0.0
2024-10-30 12:06:00-04:00,90.5,90.5,90.41999816894531,90.48500061035156,6302,0.0,0.0
2024-10-30 12:07:00-04:00,90.4800033569336,90.55000305175781,90.4800033569336,90.55000305175781,4924,0.0,0.0
2024-10-30 12:08:00-04:00,90.55000305175781,90.55999755859375,90.54000091552734,90.55999755859375,3338,0.0,0.0
2024-10-30 12:09:00-04:00,90.55000305175781,90.55000305175781,90.50199890136719,90.50199890136719,3620,0.0,0.0
2024-10-30 12:10:00-04:00,90.51499938964844,90.51499938964844,90.47000122070312,90.47599792480469,4673,0.0,0.0
2024-10-30 12:11:00-04:00,90.4800033569336,90.48500061035156,90.41999816894531,90.48500061035156,7497,0.0,0.0
2024-10-30 12:12:00-04:00,90.51000213623047,90.51499938964844,90.49500274658203,90.51499938964844,3039,0.0,0.0
2024-10-30 12:13:00-04:00,90.51000213623047,90.58000183105469,90.5,90.58000183105469,12379,0.0,0.0
2024-10-30 12:14:00-04:00,90.56999969482422,90.58419799804688,90.55000305175781,90.57510375976562,5646,0.0,0.0
2024-10-30 12:15:00-04:00,90.55999755859375,90.55999755859375,90.54000091552734,90.55000305175781,1871,0.0,0.0
2024-10-30 12:16:00-04:00,90.55000305175781,90.61000061035156,90.55000305175781,90.55999755859375,4534,0.0,0.0
2024-10-30 12:17:00-04:00,90.52999877929688,90.55999755859375,90.52269744873047,90.55999755859375,7285,0.0,0.0
2024-10-30 12:18:00-04:00,90.54000091552734,90.54000091552734,90.5,90.5199966430664,2446,0.0,0.0
2024-10-30 12:19:00-04:00,90.5250015258789,90.58999633789062,90.5,90.5824966430664,9685,0.0,0.0
2024-10-30 12:20:00-04:00,90.58000183105469,90.61000061035156,90.56999969482422,90.56999969482422,3446,0.0,0.0
2024-10-30 12:21:00-04:00,90.58000183105469,90.6500015258789,90.58000183105469,90.6500015258789,3616,0.0,0.0
2024-10-30 12:22:00-04:00,90.66999816894531,90.69000244140625,90.63999938964844,90.66999816894531,4893,0.0,0.0
2024-10-30 12:23:00-04:00,90.66999816894531,90.66999816894531,90.6449966430664,90.66000366210938,5064,0.0,0.0
2024-10-30 12:24:00-04:00,90.66000366210938,90.66999816894531,90.63999938964844,90.6500015258789,3951,0.0,0.0
2024-10-30 12:25:00-04:00,90.6500015258789,90.66000366210938,90.55999755859375,90.58499908447266,7733,0.0,0.0
2024-10-30 12:27:00-04:00,90.55999755859375,90.55999755859375,90.55999755859375,90.55999755859375,14481,0.0,0.0
2024-10-30 12:28:00-04:00,90.54000091552734,90.55000305175781,90.54000091552734,90.55000305175781,3375,0.0,0.0
2024-10-30 12:29:00-04:00,90.55000305175781,90.55000305175781,90.54000091552734,90.55000305175781,1217,0.0,0.0
2024-10-30 12:30:00-04:00,90.55000305175781,90.56009674072266,90.54000091552734,90.55000305175781,6603,0.0,0.0
2024-10-30 12:31:00-04:00,90.55999755859375,90.55999755859375,90.54000091552734,90.54000091552734,6682,0.0,0.0
2024-10-30 12:32:00-04:00,90.54000091552734,90.55000305175781,90.52999877929688,90.55000305175781,8775,0.0,0.0
2024-10-30 12:33:00-04:00,90.54000091552734,90.55000305175781,90.54000091552734,90.54499816894531,3393,0.0,0.0
2024-10-30 12:34:00-04:00,90.54499816894531,90.56999969482422,90.52999877929688,90.52999877929688,5222,0.0,0.0
2024-10-30 12:35:00-04:00,90.55000305175781,90.55000305175781,90.47000122070312,90.50499725341797,6476,0.0,0.0
2024-10-30 12:36:00-04:00,90.51000213623047,90.58429718017578,90.51000213623047,90.5541000366211,2638,0.0,0.0
2024-10-30 12:37:00-04:00,90.56999969482422,90.56999969482422,90.55500030517578,90.56999969482422,1415,0.0,0.0
2024-10-30 12:38:00-04:00,90.54000091552734,90.54000091552734,90.5,90.52999877929688,10493,0.0,0.0
2024-10-30 12:39:00-04:00,90.54000091552734,90.55000305175781,90.5199966430664,90.5199966430664,3348,0.0,0.0
2024-10-30 12:40:00-04:00,90.5199966430664,90.5199966430664,90.5,90.5,961,0.0,0.0
2024-10-30 12:41:00-04:00,90.45999908447266,90.47000122070312,90.44999694824219,90.45999908447266,2443,0.0,0.0
2024-10-30 12:42:00-04:00,90.46499633789062,90.4884033203125,90.44999694824219,90.45999908447266,3715,0.0,0.0
2024-10-30 12:43:00-04:00,90.47000122070312,90.49500274658203,90.45999908447266,90.4800033569336,4132,0.0,0.0
2024-10-30 12:44:00-04:00,90.47000122070312,90.5,90.47000122070312,90.5,2567,0.0,0.0
2024-10-30 12:45:00-04:00,90.49500274658203,90.5199966430664,90.47000122070312,90.5199966430664,6215,0.0,0.0
2024-10-30 12:46:00-04:00,90.51000213623047,90.5250015258789,90.51000213623047,90.5250015258789,2996,0.0,0.0
2024-10-30 12:47:00-04:00,90.52999877929688,90.55000305175781,90.52999877929688,90.55000305175781,2355,0.0,0.0
2024-10-30 12:48:00-04:00,90.55000305175781,90.55500030517578,90.54399871826172,90.55000305175781,5737,0.0,0.0
2024-10-30 12:49:00-04:00,90.55000305175781,90.55999755859375,90.55000305175781,90.55000305175781,3074,0.0,0.0
2024-10-30 12:50:00-04:00,90.54000091552734,90.54000091552734,90.4800033569336,90.51000213623047,8209,0.0,0.0
2024-10-30 12:51:00-04:00,90.51000213623047,90.54000091552734,90.51000213623047,90.54000091552734,2146,0.0,0.0
2024-10-30 12:52:00-04:00,90.54000091552734,90.54499816894531,90.52999877929688,90.52999877929688,4784,0.0,0.0
2024-10-30 12:53:00-04:00,90.52999877929688,90.52999877929688,90.5199966430664,90.52999877929688,1181,0.0,0.0
2024-10-30 12:54:00-04:00,90.5199966430664,90.54499816894531,90.51000213623047,90.54499816894531,6157,0.0,0.0
2024-10-30 12:55:00-04:00,90.54000091552734,90.55999755859375,90.52999877929688,90.55000305175781,6842,0.0,0.0
2024-10-30 12:56:00-04:00,90.54499816894531,90.58499908447266,90.54000091552734,90.56999969482422,5000,0.0,0.0
2024-10-30 12:57:00-04:00,90.58000183105469,90.58000183105469,90.55999755859375,90.55999755859375,1930,0.0,0.0
2024-10-30 12:58:00-04:00,90.56999969482422,90.6050033569336,90.56999969482422,90.5999984741211,1970,0.0,0.0
2024-10-30 12:59:00-04:00,90.59220123291016,90.59220123291016,90.55000305175781,90.55000305175781,1992,0.0,0.0
2024-10-30 13:00:00-04:00,90.55999755859375,90.56999969482422,90.55000305175781,90.5552978515625,3241,0.0,0.0
2024-10-30 13:01:00-04:00,90.54100036621094,90.5647964477539,90.53700256347656,90.53700256347656,5872,0.0,0.0
2024-10-30 13:02:00-04:00,90.54499816894531,90.58999633789062,90.54499816894531,90.58999633789062,2645,0.0,0.0
2024-10-30 13:03:00-04:00,90.56999969482422,90.625,90.55999755859375,90.61499786376953,3713,0.0,0.0
2024-10-30 13:04:00-04:00,90.62000274658203,90.62000274658203,90.58000183105469,90.581298828125,1528,0.0,0.0
2024-10-30 13:05:00-04:00,90.58360290527344,90.61499786376953,90.58000183105469,90.61499786376953,2320,0.0,0.0
2024-10-30 13:06:00-04:00,90.62000274658203,90.63999938964844,90.61000061035156,90.61000061035156,1904,0.0,0.0
2024-10-30 13:07:00-04:00,90.61000061035156,90.63999938964844,90.61000061035156,90.62000274658203,2561,0.0,0.0
2024-10-30 13:08:00-04:00,90.62000274658203,90.68000030517578,90.62000274658203,90.6500015258789,4063,0.0,0.0
2024-10-30 13:09:00-04:00,90.6500015258789,90.6500015258789,90.5999984741211,90.61000061035156,3426,0.0,0.0
2024-10-30 13:10:00-04:00,90.5999984741211,90.61000061035156,90.59750366210938,90.61000061035156,2434,0.0,0.0
2024-10-30 13:11:00-04:00,90.61000061035156,90.62000274658203,90.60800170898438,90.62000274658203,3010,0.0,0.0
2024-10-30 13:12:00-04:00,90.62999725341797,90.63999938964844,90.62000274658203,90.63999938964844,2038,0.0,0.0
2024-10-30 13:13:00-04:00,90.63999938964844,90.6500015258789,90.62999725341797,90.6500015258789,1445,0.0,0.0
2024-10-30 13:14:00-04:00,90.6500015258789,90.65499877929688,90.63999938964844,90.6449966430664,2344,0.0,0.0
2024-10-30 13:15:00-04:00,90.64009857177734,90.6500015258789,90.62000274658203,90.62000274658203,4794,0.0,0.0
2024-10-30 13:16:00-04:00,90.62799835205078,90.62799835205078,90.59500122070312,90.62000274658203,1587,0.0,0.0
2024-10-30 13:17:00-04:00,90.625,90.625,90.62000274658203,90.62000274658203,875,0.0,0.0
2024-10-30 13:18:00-04:00,90.62000274658203,90.63999938964844,90.61499786376953,90.625,3591,0.0,0.0
2024-10-30 13:19:00-04:00,90.62999725341797,90.62999725341797,90.61000061035156,90.61499786376953,1728,0.0,0.0
2024-10-30 13:20:00-04:00,90.61000061035156,90.62000274658203,90.58999633789062,90.58999633789062,2161,0.0,0.0
2024-10-30 13:21:00-04:00,90.58000183105469,90.58000183105469,90.51000213623047,90.54000091552734,10219,0.0,0.0
2024-10-30 13:22:00-04:00,90.54000091552734,90.55999755859375,90.52999877929688,90.55000305175781,5533,0.0,0.0
2024-10-30 13:23:00-04:00,90.54000091552734,90.56999969482422,90.54000091552734,90.55000305175781,4249,0.0,0.0
2024-10-30 13:24:00-04:00,90.55000305175781,90.55999755859375,90.54000091552734,90.55999755859375,8544,0.0,0.0
2024-10-30 13:25:00-04:00,90.56999969482422,90.5875015258789,90.55999755859375,90.5875015258789,10059,0.0,0.0
2024-10-30 13:26:00-04:00,90.58000183105469,90.62000274658203,90.58000183105469,90.61499786376953,4555,0.0,0.0
2024-10-30 13:27:00-04:00,90.61499786376953,90.625,90.61000061035156,90.625,4957,0.0,0.0
2024-10-30 13:28:00-04:00,90.62999725341797,90.66500091552734,90.61000061035156,90.625,6203,0.0,0.0
2024-10-30 13:29:00-04:00,90.625,90.625,90.61000061035156,90.61499786376953,833,0.0,0.0
2024-10-30 13:30:00-04:00,90.61000061035156,90.61000061035156,90.56999969482422,90.58000183105469,4233,0.0,0.0
2024-10-30 13:31:00-04:00,90.58999633789062,90.58999633789062,90.55999755859375,90.56999969482422,18893,0.0,0.0
2024-10-30 13:32:00-04:00,90.57499694824219,90.61499786376953,90.56999969482422,90.57499694824219,5604,0.0,0.0
2024-10-30 13:33:00-04:00,90.58000183105469,90.58000183105469,90.52999877929688,90.54499816894531,2326,0.0,0.0
2024-10-30 13:34:00-04:00,90.54000091552734,90.55000305175781,90.5363998413086,90.54000091552734,3274,0.0,0.0
2024-10-30 13:35:00-04:00,90.54000091552734,90.55000305175781,90.5199966430664,90.54000091552734,9636,0.0,0.0
2024-10-30 13:36:00-04:00,90.54000091552734,90.58000183105469,90.54000091552734,90.55999755859375,5140,0.0,0.0
2024-10-30 13:37:00-04:00,90.55999755859375,90.56500244140625,90.55000305175781,90.56500244140625,3279,0.0,0.0
2024-10-30 13:38:00-04:00,90.56500244140625,90.56500244140625,90.54499816894531,90.55000305175781,1598,0.0,0.0
2024-10-30 13:39:00-04:00,90.55000305175781,90.55500030517578,90.54499816894531,90.55500030517578,2123,0.0,0.0
2024-10-30 13:40:00-04:00,90.55500030517578,90.55999755859375,90.5,90.5,9676,0.0,0.0
2024-10-30 13:41:00-04:00,90.5,90.52999877929688,90.48999786376953,90.52999877929688,11270,0.0,0.0
2024-10-30 13:42:00-04:00,90.5199966430664,90.58999633789062,90.5199966430664,90.55999755859375,6721,0.0,0.0
2024-10-30 13:43:00-04:00,90.58000183105469,90.58000183105469,90.57640075683594,90.57640075683594,1370,0.0,0.0
2024-10-30 13:44:00-04:00,90.58000183105469,90.58000183105469,90.56999969482422,90.57499694824219,916,0.0,0.0
2024-10-30 13:45:00-04:00,90.55999755859375,90.55999755859375,90.53589630126953,90.53589630126953,2117,0.0,0.0
2024-10-30 13:46:00-04:00,90.54000091552734,90.57460021972656,90.54000091552734,90.57460021972656,5400,0.0,0.0
2024-10-30 13:47:00-04:00,90.58000183105469,90.5999984741211,90.58000183105469,90.5999984741211,1866,0.0,0.0
2024-10-30 13:48:00-04:00,90.61000061035156,90.61000061035156,90.58999633789062,90.59989929199219,2984,0.0,0.0
2024-10-30 13:49:00-04:00,90.5999984741211,90.61499786376953,90.5999984741211,90.61499786376953,1597,0.0,0.0
2024-10-30 13:50:00-04:00,90.61499786376953,90.62999725341797,90.61000061035156,90.61000061035156,2137,0.0,0.0
2024-10-30 13:51:00-04:00,90.6050033569336,90.6050033569336,90.56500244140625,90.56999969482422,3817,0.0,0.0
2024-10-30 13:52:00-04:00,90.58000183105469,90.58000183105469,90.54000091552734,90.54000091552734,7281,0.0,0.0
2024-10-30 13:53:00-04:00,90.54000091552734,90.56999969482422,90.54000091552734,90.55999755859375,6339,0.0,0.0
2024-10-30 13:54:00-04:00,90.56999969482422,90.56999969482422,90.54499816894531,90.55000305175781,2989,0.0,0.0
2024-10-30 13:55:00-04:00,90.55999755859375,90.56670379638672,90.55000305175781,90.55000305175781,4008,0.0,0.0
2024-10-30 13:56:00-04:00,90.55999755859375,90.58999633789062,90.55999755859375,90.56520080566406,5113,0.0,0.0
2024-10-30 13:57:00-04:00,90.56500244140625,90.56999969482422,90.54499816894531,90.54499816894531,2609,0.0,0.0
2024-10-30 13:58:00-04:00,90.58000183105469,90.58499908447266,90.56999969482422,90.57499694824219,3617,0.0,0.0
2024-10-30 13:59:00-04:00,90.56999969482422,90.56999969482422,90.54499816894531,90.55999755859375,2691,0.0,0.0
2024-10-30 14:00:00-04:00,90.56999969482422,90.5999984741211,90.56999969482422,90.58999633789062,3068,0.0,0.0
2024-10-30 14:01:00-04:00,90.58499908447266,90.60420227050781,90.58499908447266,90.58999633789062,3532,0.0,0.0
2024-10-30 14:02:00-04:00,90.58999633789062,90.61000061035156,90.58999633789062,90.61000061035156,2160,0.0,0.0
2024-10-30 14:03:00-04:00,90.6134033203125,90.61499786376953,90.60099792480469,90.61000061035156,2335,0.0,0.0
2024-10-30 14:04:00-04:00,90.5999984741211,90.5999984741211,90.58000183105469,90.58000183105469,1117,0.0,0.0
2024-10-30 14:05:00-04:00,90.58999633789062,90.5999984741211,90.58000183105469,90.58380126953125,4231,0.0,0.0
2024-10-30 14:06:00-04:00,90.5999984741211,90.6500015258789,90.5999984741211,90.6500015258789,3436,0.0,0.0
2024-10-30 14:07:00-04:00,90.66000366210938,90.69999694824219,90.6500015258789,90.68000030517578,6995,0.0,0.0
2024-10-30 14:08:00-04:00,90.68000030517578,90.69999694824219,90.67500305175781,90.67500305175781,2293,0.0,0.0
2024-10-30 14:09:00-04:00,90.68000030517578,90.68000030517578,90.66000366210938,90.66000366210938,2488,0.0,0.0
2024-10-30 14:10:00-04:00,90.66000366210938,90.68000030517578,90.66000366210938,90.66580200195312,2174,0.0,0.0
2024-10-30 14:11:00-04:00,90.6500015258789,90.6500015258789,90.6500015258789,90.6500015258789,2556,0.0,0.0
2024-10-30 14:12:00-04:00,90.66000366210938,90.66000366210938,90.63500213623047,90.66000366210938,2229,0.0,0.0
2024-10-30 14:13:00-04:00,90.66999816894531,90.68000030517578,90.66000366210938,90.66000366210938,3562,0.0,0.0
2024-10-30 14:14:00-04:00,90.65499877929688,90.66000366210938,90.61000061035156,90.61000061035156,3022,0.0,0.0
2024-10-30 14:15:00-04:00,90.61000061035156,90.62000274658203,90.60320281982422,90.61000061035156,2941,0.0,0.0
2024-10-30 14:16:00-04:00,90.5999984741211,90.5999984741211,90.55999755859375,90.58999633789062,3025,0.0,0.0
2024-10-30 14:17:00-04:00,90.58100128173828,90.58100128173828,90.56639862060547,90.57499694824219,1346,0.0,0.0
2024-10-30 14:18:00-04:00,90.58000183105469,90.58000183105469,90.56500244140625,90.58000183105469,2479,0.0,0.0
2024-10-30 14:19:00-04:00,90.58000183105469,90.58000183105469,90.55000305175781,90.55000305175781,4145,0.0,0.0
2024-10-30 14:20:00-04:00,90.56999969482422,90.58000183105469,90.56999969482422,90.56999969482422,1655,0.0,0.0
2024-10-30 14:21:00-04:00,90.56999969482422,90.5999984741211,90.56069946289062,90.58499908447266,6152,0.0,0.0
2024-10-30 14:22:00-04:00,90.58999633789062,90.59500122070312,90.56999969482422,90.58999633789062,7341,0.0,0.0
2024-10-30 14:23:00-04:00,90.59500122070312,90.59500122070312,90.56420135498047,90.56500244140625,2244,0.0,0.0
2024-10-30 14:24:00-04:00,90.55999755859375,90.56999969482422,90.55000305175781,90.55999755859375,2499,0.0,0.0
2024-10-30 14:25:00-04:00,90.55999755859375,90.58319854736328,90.55000305175781,90.58000183105469,11360,0.0,0.0
2024-10-30 14:26:00-04:00,90.56999969482422,90.58000183105469,90.55500030517578,90.58000183105469,4278,0.0,0.0
2024-10-30 14:27:00-04:00,90.58000183105469,90.58209991455078,90.56999969482422,90.57530212402344,2662,0.0,0.0
2024-10-30 14:28:00-04:00,90.56999969482422,90.56999969482422,90.54499816894531,90.55000305175781,4818,0.0,0.0
2024-10-30 14:29:00-04:00,90.55999755859375,90.56999969482422,90.55500030517578,90.56500244140625,2835,0.0,0.0
2024-10-30 14:30:00-04:00,90.56500244140625,90.56500244140625,90.55500030517578,90.55500030517578,1978,0.0,0.0
2024-10-30 14:31:00-04:00,90.55500030517578,90.56999969482422,90.55000305175781,90.55500030517578,3458,0.0,0.0
2024-10-30 14:32:00-04:00,90.55999755859375,90.56999969482422,90.55999755859375,90.56500244140625,3296,0.0,0.0
2024-10-30 14:33:00-04:00,90.56500244140625,90.56999969482422,90.55999755859375,90.56999969482422,2123,0.0,0.0
2024-10-30 14:34:00-04:00,90.56999969482422,90.58499908447266,90.56420135498047,90.56500244140625,4992,0.0,0.0
2024-10-30 14:35:00-04:00,90.56999969482422,90.58000183105469,90.56500244140625,90.58000183105469,3876,0.0,0.0
2024-10-30 14:36:00-04:00,90.5999984741211,90.61000061035156,90.58000183105469,90.58999633789062,7557,0.0,0.0
2024-10-30 14:37:00-04:00,90.5999984741211,90.60970306396484,90.59500122070312,90.6050033569336,3793,0.0,0.0
2024-10-30 14:38:00-04:00,90.5999984741211,90.5999984741211,90.55999755859375,90.55999755859375,7196,0.0,0.0
2024-10-30 14:39:00-04:00,90.55000305175781,90.56500244140625,90.54499816894531,90.55000305175781,8385,0.0,0.0
2024-10-30 14:40:00-04:00,90.55000305175781,90.55500030517578,90.54000091552734,90.55500030517578,2466,0.0,0.0
2024-10-30 14:41:00-04:00,90.55500030517578,90.57499694824219,90.55500030517578,90.57499694824219,2209,0.0,0.0
2024-10-30 14:42:00-04:00,90.56999969482422,90.58000183105469,90.56999969482422,90.57160186767578,2999,0.0,0.0
2024-10-30 14:43:00-04:00,90.58000183105469,90.62000274658203,90.58000183105469,90.5999984741211,8532,0.0,0.0
2024-10-30 14:44:00-04:00,90.59500122070312,90.6176986694336,90.59500122070312,90.6176986694336,1995,0.0,0.0
2024-10-30 14:45:00-04:00,90.61000061035156,90.61499786376953,90.58999633789062,90.58999633789062,4476,0.0,0.0
2024-10-30 14:46:00-04:00,90.58999633789062,90.5999984741211,90.58499908447266,90.5999984741211,2363,0.0,0.0
2024-10-30 14:47:00-04:00,90.5999984741211,90.5999984741211,90.59700012207031,90.5999984741211,1491,0.0,0.0
2024-10-30 14:48:00-04:00,90.5999984741211,90.6050033569336,90.59500122070312,90.59500122070312,3573,0.0,0.0
2024-10-30 14:49:00-04:00,90.5999984741211,90.625,90.59500122070312,90.6050033569336,8642,0.0,0.0
2024-10-30 14:50:00-04:00,90.61000061035156,90.62000274658203,90.59500122070312,90.59500122070312,3526,0.0,0.0
2024-10-30 14:51:00-04:00,90.5999984741211,90.62979888916016,90.5999984741211,90.62979888916016,2726,0.0,0.0
2024-10-30 14:52:00-04:00,90.62000274658203,90.62999725341797,90.61000061035156,90.61499786376953,3830,0.0,0.0
2024-10-30 14:53:00-04:00,90.62000274658203,90.62000274658203,90.5999984741211,90.5999984741211,5332,0.0,0.0
2024-10-30 14:54:00-04:00,90.6050033569336,90.63500213623047,90.6050033569336,90.63500213623047,2808,0.0,0.0
2024-10-30 14:55:00-04:00,90.63999938964844,90.66000366210938,90.63999938964844,90.6500015258789,4665,0.0,0.0
2024-10-30 14:56:00-04:00,90.66000366210938,90.66500091552734,90.63999938964844,90.65499877929688,6050,0.0,0.0
2024-10-30 14:57:00-04:00,90.66000366210938,90.68000030517578,90.61000061035156,90.61000061035156,10580,0.0,0.0
2024-10-30 14:58:00-04:00,90.62000274658203,90.62999725341797,90.56999969482422,90.56999969482422,5135,0.0,0.0
2024-10-30 14:59:00-04:00,90.57499694824219,90.62000274658203,90.57499694824219,90.61000061035156,5484,0.0,0.0
2024-10-30 15:00:00-04:00,90.61499786376953,90.61499786376953,90.5999984741211,90.5999984741211,1785,0.0,0.0
2024-10-30 15:01:00-04:00,90.5999984741211,90.6500015258789,90.5999984741211,90.62000274658203,5694,0.0,0.0
2024-10-30 15:02:00-04:00,90.62999725341797,90.63500213623047,90.59500122070312,90.59500122070312,4291,0.0,0.0
2024-10-30 15:03:00-04:00,90.59500122070312,90.61499786376953,90.59500122070312,90.61499786376953,4358,0.0,0.0
2024-10-30 15:04:00-04:00,90.61000061035156,90.62000274658203,90.58999633789062,90.58999633789062,4951,0.0,0.0
2024-10-30 15:05:00-04:00,90.58399963378906,90.59500122070312,90.58000183105469,90.58499908447266,4020,0.0,0.0
2024-10-30 15:06:00-04:00,90.56999969482422,90.58999633789062,90.55999755859375,90.58499908447266,5168,0.0,0.0
2024-10-30 15:07:00-04:00,90.58999633789062,90.5999984741211,90.56999969482422,90.5999984741211,4594,0.0,0.0
2024-10-30 15:08:00-04:00,90.58999633789062,90.59500122070312,90.55999755859375,90.59500122070312,4075,0.0,0.0
2024-10-30 15:09:00-04:00,90.58999633789062,90.59500122070312,90.57499694824219,90.58499908447266,3926,0.0,0.0
2024-10-30 15:10:00-04:00,90.58999633789062,90.5999984741211,90.58100128173828,90.5999984741211,4104,0.0,0.0
2024-10-30 15:11:00-04:00,90.58999633789062,90.58999633789062,90.58000183105469,90.58000183105469,5353,0.0,0.0
2024-10-30 15:12:00-04:00,90.58499908447266,90.5999984741211,90.58000183105469,90.5999984741211,7126,0.0,0.0
2024-10-30 15:13:00-04:00,90.6050033569336,90.61000061035156,90.58999633789062,90.6050033569336,7004,0.0,0.0
2024-10-30 15:14:00-04:00,90.5999984741211,90.60990142822266,90.5999984741211,90.6050033569336,3074,0.0,0.0
2024-10-30 15:15:00-04:00,90.61000061035156,90.61000061035156,90.58100128173828,90.58499908447266,4957,0.0,0.0
2024-10-30 15:16:00-04:00,90.58499908447266,90.58499908447266,90.54499816894531,90.55000305175781,12953,0.0,0.0
2024-10-30 15:17:00-04:00,90.55500030517578,90.56500244140625,90.55000305175781,90.55999755859375,4731,0.0,0.0
2024-10-30 15:18:00-04:00,90.56500244140625,90.56999969482422,90.5199966430664,90.5250015258789,6892,0.0,0.0
2024-10-30 15:19:00-04:00,90.5250015258789,90.55999755859375,90.52400207519531,90.54499816894531,4764,0.0,0.0
2024-10-30 15:20:00-04:00,90.55500030517578,90.55500030517578,90.53500366210938,90.54499816894531,5132,0.0,0.0
2024-10-30 15:21:00-04:00,90.54499816894531,90.56500244140625,90.52999877929688,90.56500244140625,21163,0.0,0.0
2024-10-30 15:22:00-04:00,90.56500244140625,90.56999969482422,90.55999755859375,90.55999755859375,1765,0.0,0.0
2024-10-30 15:23:00-04:00,90.55999755859375,90.58999633789062,90.55999755859375,90.56999969482422,6853,0.0,0.0
2024-10-30 15:24:00-04:00,90.58000183105469,90.5999984741211,90.58000183105469,90.59500122070312,3802,0.0,0.0
2024-10-30 15:25:00-04:00,90.58999633789062,90.5999984741211,90.58999633789062,90.59500122070312,3215,0.0,0.0
2024-10-30 15:26:00-04:00,90.59500122070312,90.59500122070312,90.58499908447266,90.58499908447266,8090,0.0,0.0
2024-10-30 15:27:00-04:00,90.58000183105469,90.58999633789062,90.56999969482422,90.56999969482422,4053,0.0,0.0
2024-10-30 15:28:00-04:00,90.56999969482422,90.56999969482422,90.55999755859375,90.56500244140625,3921,0.0,0.0
2024-10-30 15:29:00-04:00,90.56999969482422,90.58499908447266,90.56999969482422,90.58499908447266,3642,0.0,0.0
2024-10-30 15:30:00-04:00,90.58499908447266,90.63999938964844,90.58499908447266,90.625,7424,0.0,0.0
2024-10-30 15:31:00-04:00,90.625,90.6500015258789,90.61000061035156,90.6449966430664,6250,0.0,0.0
2024-10-30 15:32:00-04:00,90.6449966430664,90.66000366210938,90.63500213623047,90.65499877929688,6529,0.0,0.0
2024-10-30 15:33:00-04:00,90.65390014648438,90.66000366210938,90.6500015258789,90.65499877929688,3347,0.0,0.0
2024-10-30 15:34:00-04:00,90.65499877929688,90.66000366210938,90.643798828125,90.66000366210938,5387,0.0,0.0
2024-10-30 15:35:00-04:00,90.66000366210938,90.7300033569336,90.6500015258789,90.69000244140625,32372,0.0,0.0
2024-10-30 15:36:00-04:00,90.69000244140625,90.7300033569336,90.66000366210938,90.70999908447266,11002,0.0,0.0
2024-10-30 15:37:00-04:00,90.69999694824219,90.69999694824219,90.65499877929688,90.69499969482422,11637,0.0,0.0
2024-10-30 15:38:00-04:00,90.69000244140625,90.71499633789062,90.69000244140625,90.70999908447266,7286,0.0,0.0
2024-10-30 15:39:00-04:00,90.69999694824219,90.72000122070312,90.69999694824219,90.72000122070312,4174,0.0,0.0
2024-10-30 15:40:00-04:00,90.7249984741211,90.72850036621094,90.69000244140625,90.69499969482422,7709,0.0,0.0
2024-10-30 15:41:00-04:00,90.69499969482422,90.70999908447266,90.66500091552734,90.70999908447266,7488,0.0,0.0
2024-10-30 15:42:00-04:00,90.72000122070312,90.73500061035156,90.70500183105469,90.7300033569336,9011,0.0,0.0
2024-10-30 15:43:00-04:00,90.72000122070312,90.7300033569336,90.68499755859375,90.69999694824219,7069,0.0,0.0
2024-10-30 15:44:00-04:00,90.69999694824219,90.70999908447266,90.65499877929688,90.66000366210938,7953,0.0,0.0
2024-10-30 15:45:00-04:00,90.6500015258789,90.66000366210938,90.58000183105469,90.60590362548828,7740,0.0,0.0
2024-10-30 15:46:00-04:00,90.59500122070312,90.59500122070312,90.55999755859375,90.56999969482422,9737,0.0,0.0
2024-10-30 15:47:00-04:00,90.58000183105469,90.58000183105469,90.54149627685547,90.57499694824219,7929,0.0,0.0
2024-10-30 15:48:00-04:00,90.56999969482422,90.58999633789062,90.55999755859375,90.57499694824219,8545,0.0,0.0
2024-10-30 15:49:00-04:00,90.57499694824219,90.58000183105469,90.55000305175781,90.56999969482422,8906,0.0,0.0
2024-10-30 15:50:00-04:00,90.56500244140625,90.65499877929688,90.56500244140625,90.6449966430664,20697,0.0,0.0
2024-10-30 15:51:00-04:00,90.6449966430664,90.6449966430664,90.57499694824219,90.58499908447266,21504,0.0,0.0
2024-10-30 15:52:00-04:00,90.5999984741211,90.5999984741211,90.55999755859375,90.58499908447266,14915,0.0,0.0
2024-10-30 15:53:00-04:00,90.58999633789062,90.5999984741211,90.54000091552734,90.58000183105469,22095,0.0,0.0
2024-10-30 15:54:00-04:00,90.58999633789062,90.66000366210938,90.58999633789062,90.63999938964844,19801,0.0,0.0
2024-10-30 15:55:00-04:00,90.66000366210938,90.69999694824219,90.5999984741211,90.61000061035156,31135,0.0,0.0
2024-10-30 15:56:00-04:00,90.5999984741211,90.5999984741211,90.54499816894531,90.55000305175781,26492,0.0,0.0
2024-10-30 15:57:00-04:00,90.55999755859375,90.59500122070312,90.54000091552734,90.58000183105469,38210,0.0,0.0
2024-10-30 15:58:00-04:00,90.58820343017578,90.61499786376953,90.56999969482422,90.58999633789062,31626,0.0,0.0
2024-10-30 15:59:00-04:00,90.59500122070312,90.6050033569336,90.44999694824219,90.55999755859375,207780,0.0,0.0
2024-10-31 09:30:00-04:00,89.82499694824219,89.91500091552734,89.28099822998047,89.5199966430664,121547,0.0,0.0
2024-10-31 09:31:00-04:00,89.55999755859375,89.58000183105469,89.33000183105469,89.33000183105469,10352,0.0,0.0
2024-10-31 09:33:00-04:00,89.68499755859375,89.70999908447266,89.58000183105469,89.6050033569336,25497,0.0,0.0
2024-10-31 09:34:00-04:00,89.55999755859375,89.69999694824219,89.51000213623047,89.68000030517578,19401,0.0,0.0
2024-10-31 09:35:00-04:00,89.68499755859375,89.69999694824219,89.6050033569336,89.66999816894531,7394,0.0,0.0
2024-10-31 09:38:00-04:00,89.48500061035156,89.54000091552734,89.4000015258789,89.50499725341797,31659,0.0,0.0
2024-10-31 09:39:00-04:00,89.54000091552734,89.7249984741211,89.5199966430664,89.5199966430664,8839,0.0,0.0
2024-10-31 09:40:00-04:00,89.48999786376953,89.69000244140625,89.48999786376953,89.6500015258789,7915,0.0,0.0
2024-10-31 09:41:00-04:00,89.63500213623047,89.63500213623047,89.44000244140625,89.44000244140625,7519,0.0,0.0
2024-10-31 09:42:00-04:00,89.47000122070312,89.51000213623047,89.36000061035156,89.36000061035156,10527,0.0,0.0
2024-10-31 09:43:00-04:00,89.36499786376953,89.36499786376953,89.12999725341797,89.16999816894531,9231,0.0,0.0
2024-10-31 09:44:00-04:00,89.15499877929688,89.25,89.125,89.23999786376953,7318,0.0,0.0
2024-10-31 09:45:00-04:00,89.30000305175781,89.41000366210938,89.20500183105469,89.41000366210938,7832,0.0,0.0
2024-10-31 09:46:00-04:00,89.375,89.375,89.22000122070312,89.25499725341797,7468,0.0,0.0
2024-10-31 09:47:00-04:00,89.26000213623047,89.41000366210938,89.25,89.41000366210938,4761,0.0,0.0
2024-10-31 09:48:00-04:00,89.37000274658203,89.37000274658203,89.30989837646484,89.36000061035156,5013,0.0,0.0
2024-10-31 09:49:00-04:00,89.36000061035156,89.37999725341797,89.31159973144531,89.31159973144531,9716,0.0,0.0
2024-10-31 09:50:00-04:00,89.33499908447266,89.6500015258789,89.31999969482422,89.62999725341797,76223,0.0,0.0
2024-10-31 09:51:00-04:00,89.63999938964844,89.79000091552734,89.5999984741211,89.7300033569336,17789,0.0,0.0
2024-10-31 09:52:00-04:00,89.73999786376953,89.86499786376953,89.69999694824219,89.75,12566,0.0,0.0
2024-10-31 09:53:00-04:00,89.70020294189453,89.93000030517578,89.66000366210938,89.93000030517578,7474,0.0,0.0
2024-10-31 09:54:00-04:00,89.9000015258789,89.9000015258789,89.77999877929688,89.80999755859375,4992,0.0,0.0
2024-10-31 09:55:00-04:00,89.79000091552734,89.83000183105469,89.74500274658203,89.81629943847656,4980,0.0,0.0
2024-10-31 09:56:00-04:00,89.77999877929688,89.80000305175781,89.75,89.75,3792,0.0,0.0
2024-10-31 09:57:00-04:00,89.76499938964844,89.87999725341797,89.76000213623047,89.79000091552734,5933,0.0,0.0
2024-10-31 09:58:00-04:00,89.77999877929688,89.8949966430664,89.75,89.87999725341797,5468,0.0,0.0
2024-10-31 09:59:00-04:00,89.87000274658203,89.87000274658203,89.72000122070312,89.72000122070312,28982,0.0,0.0
2024-10-31 10:00:00-04:00,89.7300033569336,89.81999969482422,89.69999694824219,89.69999694824219,10712,0.0,0.0
2024-10-31 10:01:00-04:00,89.70999908447266,89.76000213623047,89.70999908447266,89.72000122070312,5788,0.0,0.0
2024-10-31 10:02:00-04:00,89.69000244140625,89.81999969482422,89.68000030517578,89.76000213623047,6640,0.0,0.0
2024-10-31 10:03:00-04:00,89.75,89.75,89.72000122070312,89.7300033569336,4334,0.0,0.0
2024-10-31 10:04:00-04:00,89.76000213623047,89.80000305175781,89.7300033569336,89.7300033569336,5351,0.0,0.0
2024-10-31 10:05:00-04:00,89.7300033569336,89.7300033569336,89.61000061035156,89.61000061035156,4451,0.0,0.0
2024-10-31 10:06:00-04:00,89.58499908447266,89.63500213623047,89.56999969482422,89.62000274658203,12865,0.0,0.0
2024-10-31 10:07:00-04:00,89.625,89.62760162353516,89.58000183105469,89.5999984741211,12397,0.0,0.0
2024-10-31 10:08:00-04:00,89.6050033569336,89.62000274658203,89.48999786376953,89.5199966430664,8808,0.0,0.0
2024-10-31 10:09:00-04:00,89.5199966430664,89.58000183105469,89.51499938964844,89.51499938964844,3970,0.0,0.0
2024-10-31 10:10:00-04:00,89.48999786376953,89.52999877929688,89.44000244140625,89.44000244140625,2846,0.0,0.0
2024-10-31 10:11:00-04:00,89.41000366210938,89.41000366210938,89.36000061035156,89.4000015258789,5246,0.0,0.0
2024-10-31 10:12:00-04:00,89.4000015258789,89.51000213623047,89.4000015258789,89.48999786376953,9452,0.0,0.0
2024-10-31 10:13:00-04:00,89.48999786376953,89.55999755859375,89.44999694824219,89.55999755859375,4184,0.0,0.0
2024-10-31 10:14:00-04:00,89.58000183105469,89.62999725341797,89.58000183105469,89.6050033569336,2033,0.0,0.0
2024-10-31 10:15:00-04:00,89.61499786376953,89.69499969482422,89.61499786376953,89.63999938964844,5742,0.0,0.0
2024-10-31 10:16:00-04:00,89.67500305175781,89.67500305175781,89.61000061035156,89.62000274658203,5134,0.0,0.0
2024-10-31 10:17:00-04:00,89.62069702148438,89.66999816894531,89.62069702148438,89.66500091552734,2938,0.0,0.0
2024-10-31 10:18:00-04:00,89.66500091552734,89.69000244140625,89.625,89.625,3566,0.0,0.0
2024-10-31 10:19:00-04:00,89.63999938964844,89.63999938964844,89.51000213623047,89.51000213623047,5704,0.0,0.0
2024-10-31 10:20:00-04:00,89.52989959716797,89.5968017578125,89.5,89.5968017578125,6506,0.0,0.0
2024-10-31 10:21:00-04:00,89.58000183105469,89.58000183105469,89.37999725341797,89.43000030517578,16984,0.0,0.0
2024-10-31 10:22:00-04:00,89.44999694824219,89.44999694824219,89.3499984741211,89.43000030517578,10223,0.0,0.0
2024-10-31 10:23:00-04:00,89.4229965209961,89.47000122070312,89.40180206298828,89.47000122070312,6258,0.0,0.0
2024-10-31 10:24:00-04:00,89.43000030517578,89.43499755859375,89.40499877929688,89.41000366210938,6532,0.0,0.0
2024-10-31 10:25:00-04:00,89.41999816894531,89.43000030517578,89.33000183105469,89.33280181884766,4442,0.0,0.0
2024-10-31 10:26:00-04:00,89.31999969482422,89.31999969482422,89.2300033569336,89.2699966430664,5552,0.0,0.0
2024-10-31 10:27:00-04:00,89.26000213623047,89.4000015258789,89.23999786376953,89.37999725341797,12783,0.0,0.0
2024-10-31 10:28:00-04:00,89.36499786376953,89.38999938964844,89.28489685058594,89.29000091552734,12426,0.0,0.0
2024-10-31 10:29:00-04:00,89.26000213623047,89.3499984741211,89.25499725341797,89.33999633789062,10422,0.0,0.0
2024-10-31 10:30:00-04:00,89.30999755859375,89.44000244140625,89.30000305175781,89.43499755859375,13577,0.0,0.0
2024-10-31 10:31:00-04:00,89.41999816894531,89.41999816894531,89.31999969482422,89.36000061035156,13922,0.0,0.0
2024-10-31 10:32:00-04:00,89.37000274658203,89.47000122070312,89.3550033569336,89.41999816894531,9240,0.0,0.0
2024-10-31 10:33:00-04:00,89.43000030517578,89.52999877929688,89.42500305175781,89.47000122070312,5548,0.0,0.0
2024-10-31 10:34:00-04:00,89.47000122070312,89.5,89.44000244140625,89.4749984741211,5518,0.0,0.0
2024-10-31 10:35:00-04:00,89.4749984741211,89.48999786376953,89.38999938964844,89.38999938964844,3430,0.0,0.0
2024-10-31 10:36:00-04:00,89.38999938964844,89.4000015258789,89.2699966430664,89.2699966430664,10194,0.0,0.0
2024-10-31 10:37:00-04:00,89.29000091552734,89.37000274658203,89.2699966430664,89.37000274658203,15771,0.0,0.0
2024-10-31 10:38:00-04:00,89.37000274658203,89.37999725341797,89.33499908447266,89.37999725341797,4260,0.0,0.0
2024-10-31 10:39:00-04:00,89.38999938964844,89.41999816894531,89.37000274658203,89.37000274658203,7364,0.0,0.0
2024-10-31 10:40:00-04:00,89.37999725341797,89.38999938964844,89.30999755859375,89.30999755859375,6904,0.0,0.0
2024-10-31 10:41:00-04:00,89.31999969482422,89.33999633789062,89.2750015258789,89.27999877929688,7210,0.0,0.0
2024-10-31 10:42:00-04:00,89.30000305175781,89.30999755859375,89.24009704589844,89.2699966430664,5950,0.0,0.0
2024-10-31 10:43:00-04:00,89.28970336914062,89.32250213623047,89.25,89.25,5338,0.0,0.0
2024-10-31 10:44:00-04:00,89.23999786376953,89.29000091552734,89.19999694824219,89.23999786376953,14272,0.0,0.0
2024-10-31 10:45:00-04:00,89.23999786376953,89.29000091552734,89.23999786376953,89.25,3227,0.0,0.0
2024-10-31 10:46:00-04:00,89.23999786376953,89.23999786376953,89.18000030517578,89.19000244140625,5616,0.0,0.0
2024-10-31 10:47:00-04:00,89.19999694824219,89.2300033569336,89.18000030517578,89.19999694824219,6583,0.0,0.0
2024-10-31 10:48:00-04:00,89.19740295410156,89.30999755859375,89.19740295410156,89.30999755859375,7193,0.0,0.0
2024-10-31 10:49:00-04:00,89.33000183105469,89.37999725341797,89.31999969482422,89.37999725341797,5068,0.0,0.0
2024-10-31 10:50:00-04:00,89.36000061035156,89.4000015258789,89.35990142822266,89.375,16102,0.0,0.0
2024-10-31 10:51:00-04:00,89.37999725341797,89.44999694824219,89.3550033569336,89.44000244140625,6729,0.0,0.0
2024-10-31 10:52:00-04:00,89.43000030517578,89.44999694824219,89.41000366210938,89.41000366210938,3204,0.0,0.0
2024-10-31 10:53:00-04:00,89.41500091552734,89.44999694824219,89.41500091552734,89.44000244140625,4575,0.0,0.0
2024-10-31 10:54:00-04:00,89.44999694824219,89.44999694824219,89.4000015258789,89.4000015258789,5618,0.0,0.0
2024-10-31 10:55:00-04:00,89.38999938964844,89.4011001586914,89.37999725341797,89.37999725341797,4305,0.0,0.0
2024-10-31 10:56:00-04:00,89.37000274658203,89.41000366210938,89.37000274658203,89.38500213623047,3090,0.0,0.0
2024-10-31 10:57:00-04:00,89.37999725341797,89.4000015258789,89.33999633789062,89.36000061035156,9127,0.0,0.0
2024-10-31 10:58:00-04:00,89.37999725341797,89.4000015258789,89.37999725341797,89.4000015258789,4233,0.0,0.0
2024-10-31 10:59:00-04:00,89.41000366210938,89.43000030517578,89.4000015258789,89.41000366210938,5426,0.0,0.0
2024-10-31 11:00:00-04:00,89.40679931640625,89.43000030517578,89.38999938964844,89.4000015258789,6160,0.0,0.0
2024-10-31 11:01:00-04:00,89.4000015258789,89.41999816894531,89.30000305175781,89.30500030517578,7017,0.0,0.0
2024-10-31 11:02:00-04:00,89.31999969482422,89.31999969482422,89.26000213623047,89.26000213623047,10238,0.0,0.0
2024-10-31 11:03:00-04:00,89.26000213623047,89.26000213623047,89.19000244140625,89.22000122070312,15434,0.0,0.0
2024-10-31 11:04:00-04:00,89.2300033569336,89.2300033569336,89.1500015258789,89.17500305175781,11668,0.0,0.0
2024-10-31 11:05:00-04:00,89.19000244140625,89.23999786376953,89.16999816894531,89.23999786376953,6657,0.0,0.0
2024-10-31 11:06:00-04:00,89.23999786376953,89.26000213623047,89.23999786376953,89.25,4074,0.0,0.0
2024-10-31 11:07:00-04:00,89.25,89.33999633789062,89.25,89.27999877929688,10875,0.0,0.0
2024-10-31 11:08:00-04:00,89.28500366210938,89.28500366210938,89.16999816894531,89.18000030517578,5280,0.0,0.0
2024-10-31 11:09:00-04:00,89.18000030517578,89.2300033569336,89.18000030517578,89.20999908447266,5748,0.0,0.0
2024-10-31 11:10:00-04:00,89.19000244140625,89.30999755859375,89.19000244140625,89.24500274658203,7874,0.0,0.0
2024-10-31 11:11:00-04:00,89.24500274658203,89.26000213623047,89.22000122070312,89.2300033569336,9932,0.0,0.0
2024-10-31 11:12:00-04:00,89.23699951171875,89.23999786376953,89.16000366210938,89.18000030517578,5909,0.0,0.0
2024-10-31 11:13:00-04:00,89.19000244140625,89.27999877929688,89.18499755859375,89.2750015258789,5276,0.0,0.0
2024-10-31 11:14:00-04:00,89.2750015258789,89.29000091552734,89.25,89.27999877929688,4654,0.0,0.0
2024-10-31 11:15:00-04:00,89.27999877929688,89.30347442626953,89.25,89.27999877929688,7156,0.0,0.0
2024-10-31 11:16:00-04:00,89.27999877929688,89.29000091552734,89.2300033569336,89.23999786376953,4065,0.0,0.0
2024-10-31 11:17:00-04:00,89.23999786376953,89.2699966430664,89.2300033569336,89.23999786376953,8456,0.0,0.0
2024-10-31 11:18:00-04:00,89.23999786376953,89.25,89.19999694824219,89.19999694824219,6321,0.0,0.0
2024-10-31 11:19:00-04:00,89.22000122070312,89.22209930419922,89.18000030517578,89.19000244140625,5378,0.0,0.0
2024-10-31 11:20:00-04:00,89.18000030517578,89.20999908447266,89.16999816894531,89.18000030517578,3982,0.0,0.0
2024-10-31 11:21:00-04:00,89.19000244140625,89.22000122070312,89.18000030517578,89.20999908447266,5330,0.0,0.0
2024-10-31 11:22:00-04:00,89.19000244140625,89.20999908447266,89.18299865722656,89.19999694824219,8614,0.0,0.0
2024-10-31 11:23:00-04:00,89.19499969482422,89.2249984741211,89.19000244140625,89.2249984741211,5764,0.0,0.0
2024-10-31 11:24:00-04:00,89.2249984741211,89.23999786376953,89.22000122070312,89.22000122070312,2399,0.0,0.0
2024-10-31 11:25:00-04:00,89.22000122070312,89.22000122070312,89.11000061035156,89.13999938964844,7008,0.0,0.0
2024-10-31 11:26:00-04:00,89.12999725341797,89.12999725341797,89.05999755859375,89.06999969482422,4048,0.0,0.0
2024-10-31 11:27:00-04:00,89.05999755859375,89.06999969482422,88.98999786376953,89.0199966430664,9686,0.0,0.0
2024-10-31 11:28:00-04:00,89.02999877929688,89.02999877929688,89.01000213623047,89.01000213623047,5748,0.0,0.0
2024-10-31 11:29:00-04:00,89.0199966430664,89.08000183105469,89.00384521484375,89.06999969482422,11626,0.0,0.0
2024-10-31 11:30:00-04:00,89.06999969482422,89.08999633789062,89.04000091552734,89.04000091552734,6249,0.0,0.0
2024-10-31 11:31:00-04:00,89.05000305175781,89.08000183105469,89.0199966430664,89.0199966430664,6405,0.0,0.0
2024-10-31 11:32:00-04:00,89.0199966430664,89.10919952392578,89.0199966430664,89.10919952392578,5619,0.0,0.0
2024-10-31 11:33:00-04:00,89.08999633789062,89.0999984741211,89.08000183105469,89.0999984741211,5101,0.0,0.0
2024-10-31 11:34:00-04:00,89.11000061035156,89.11000061035156,89.06999969482422,89.08999633789062,5425,0.0,0.0
2024-10-31 11:35:00-04:00,89.08000183105469,89.0999984741211,89.06999969482422,89.0999984741211,4745,0.0,0.0
2024-10-31 11:36:00-04:00,89.08000183105469,89.0999984741211,89.06500244140625,89.08000183105469,3294,0.0,0.0
2024-10-31 11:37:00-04:00,89.08000183105469,89.12999725341797,89.08000183105469,89.1050033569336,6403,0.0,0.0
2024-10-31 11:38:00-04:00,89.12000274658203,89.19999694824219,89.11940002441406,89.19999694824219,143983,0.0,0.0
2024-10-31 11:39:00-04:00,89.19000244140625,89.19999694824219,89.0999984741211,89.16999816894531,11966,0.0,0.0
2024-10-31 11:40:00-04:00,89.16609954833984,89.16609954833984,89.08999633789062,89.08999633789062,3572,0.0,0.0
2024-10-31 11:41:00-04:00,89.08999633789062,89.0999984741211,89.08000183105469,89.08999633789062,3349,0.0,0.0
2024-10-31 11:42:00-04:00,89.11000061035156,89.12999725341797,89.0999984741211,89.12000274658203,6952,0.0,0.0
2024-10-31 11:43:00-04:00,89.11000061035156,89.12999725341797,89.08000183105469,89.08000183105469,4414,0.0,0.0
2024-10-31 11:44:00-04:00,89.08000183105469,89.08499908447266,89.04499816894531,89.06999969482422,7518,0.0,0.0
2024-10-31 11:45:00-04:00,89.05999755859375,89.08000183105469,89.0,89.0199966430664,7233,0.0,0.0
2024-10-31 11:46:00-04:00,89.0199966430664,89.0199966430664,89.01000213623047,89.01399993896484,2966,0.0,0.0
2024-10-31 11:47:00-04:00,89.0199966430664,89.02999877929688,88.98999786376953,89.0,3486,0.0,0.0
2024-10-31 11:48:00-04:00,89.01000213623047,89.05000305175781,88.98999786376953,89.02999877929688,13812,0.0,0.0
2024-10-31 11:49:00-04:00,89.05999755859375,89.0999984741211,89.05500030517578,89.0999984741211,5903,0.0,0.0
2024-10-31 11:50:00-04:00,89.08999633789062,89.1500015258789,89.08999633789062,89.13999938964844,4648,0.0,0.0
2024-10-31 11:51:00-04:00,89.1500015258789,89.16999816894531,89.1500015258789,89.16000366210938,5001,0.0,0.0
2024-10-31 11:52:00-04:00,89.16999816894531,89.18000030517578,89.1500015258789,89.16999816894531,4658,0.0,0.0
2024-10-31 11:53:00-04:00,89.16999816894531,89.19499969482422,89.16999816894531,89.19000244140625,5651,0.0,0.0
2024-10-31 11:54:00-04:00,89.19000244140625,89.19000244140625,89.16999816894531,89.16999816894531,1571,0.0,0.0
2024-10-31 11:56:00-04:00,89.08000183105469,89.08000183105469,89.05000305175781,89.05000305175781,17290,0.0,0.0
2024-10-31 11:57:00-04:00,89.05999755859375,89.08499908447266,89.0,89.08499908447266,18346,0.0,0.0
2024-10-31 11:58:00-04:00,89.0999984741211,89.11000061035156,89.07499694824219,89.07499694824219,3457,0.0,0.0
2024-10-31 11:59:00-04:00,89.07499694824219,89.1500015258789,89.07499694824219,89.1500015258789,2329,0.0,0.0
2024-10-31 12:00:00-04:00,89.16000366210938,89.19000244140625,89.16000366210938,89.16000366210938,3854,0.0,0.0
2024-10-31 12:01:00-04:00,89.15499877929688,89.26000213623047,89.15499877929688,89.22000122070312,4902,0.0,0.0
2024-10-31 12:02:00-04:00,89.2300033569336,89.30000305175781,89.22000122070312,89.2699966430664,5994,0.0,0.0
2024-10-31 12:03:00-04:00,89.26000213623047,89.30139923095703,89.26000213623047,89.28500366210938,2860,0.0,0.0
2024-10-31 12:04:00-04:00,89.29000091552734,89.31999969482422,89.29000091552734,89.31999969482422,2017,0.0,0.0
2024-10-31 12:05:00-04:00,89.30000305175781,89.32080078125,89.30000305175781,89.31999969482422,13192,0.0,0.0
2024-10-31 12:06:00-04:00,89.30999755859375,89.33499908447266,89.30999755859375,89.33499908447266,6287,0.0,0.0
2024-10-31 12:07:00-04:00,89.33000183105469,89.38999938964844,89.29499816894531,89.33000183105469,34409,0.0,0.0
2024-10-31 12:08:00-04:00,89.31999969482422,89.33999633789062,89.29499816894531,89.33999633789062,4860,0.0,0.0
2024-10-31 12:09:00-04:00,89.33999633789062,89.36000061035156,89.30000305175781,89.33999633789062,7056,0.0,0.0
2024-10-31 12:10:00-04:00,89.33999633789062,89.34500122070312,89.33499908447266,89.33999633789062,1005,0.0,0.0
2024-10-31 12:12:00-04:00,89.33499908447266,89.37000274658203,89.32499694824219,89.37000274658203,21000,0.0,0.0
2024-10-31 12:13:00-04:00,89.41000366210938,89.41000366210938,89.37999725341797,89.4000015258789,3818,0.0,0.0
2024-10-31 12:14:00-04:00,89.41000366210938,89.41000366210938,89.37999725341797,89.41000366210938,4563,0.0,0.0
2024-10-31 12:15:00-04:00,89.41999816894531,89.44999694824219,89.4032974243164,89.41500091552734,6148,0.0,0.0
2024-10-31 12:16:00-04:00,89.41000366210938,89.41999816894531,89.38999938964844,89.38999938964844,3802,0.0,0.0
2024-10-31 12:17:00-04:00,89.37999725341797,89.38500213623047,89.37000274658203,89.37999725341797,6535,0.0,0.0
2024-10-31 12:18:00-04:00,89.38500213623047,89.3949966430664,89.37000274658203,89.37999725341797,5368,0.0,0.0
2024-10-31 12:19:00-04:00,89.375,89.41000366210938,89.36000061035156,89.37999725341797,6331,0.0,0.0
2024-10-31 12:20:00-04:00,89.37999725341797,89.38999938964844,89.36000061035156,89.36499786376953,2933,0.0,0.0
2024-10-31 12:21:00-04:00,89.37000274658203,89.37000274658203,89.33499908447266,89.33999633789062,7042,0.0,0.0
2024-10-31 12:22:00-04:00,89.33000183105469,89.4000015258789,89.32499694824219,89.38999938964844,8906,0.0,0.0
2024-10-31 12:23:00-04:00,89.40499877929688,89.43579864501953,89.38999938964844,89.43000030517578,5239,0.0,0.0
2024-10-31 12:24:00-04:00,89.43000030517578,89.43000030517578,89.30500030517578,89.30500030517578,6068,0.0,0.0
2024-10-31 12:25:00-04:00,89.30500030517578,89.31999969482422,89.2699966430664,89.2699966430664,3409,0.0,0.0
2024-10-31 12:27:00-04:00,89.36000061035156,89.375,89.36000061035156,89.37000274658203,26795,0.0,0.0
2024-10-31 12:28:00-04:00,89.3499984741211,89.37999725341797,89.33999633789062,89.37000274658203,27956,0.0,0.0
2024-10-31 12:29:00-04:00,89.37000274658203,89.37999725341797,89.33999633789062,89.33999633789062,5997,0.0,0.0
2024-10-31 12:30:00-04:00,89.33999633789062,89.33999633789062,89.26000213623047,89.31999969482422,14207,0.0,0.0
2024-10-31 12:31:00-04:00,89.31500244140625,89.31500244140625,89.29000091552734,89.30999755859375,79045,0.0,0.0
2024-10-31 12:32:00-04:00,89.30999755859375,89.36840057373047,89.30999755859375,89.33999633789062,4526,0.0,0.0
2024-10-31 12:33:00-04:00,89.33000183105469,89.33999633789062,89.30500030517578,89.30500030517578,19563,0.0,0.0
2024-10-31 12:34:00-04:00,89.31999969482422,89.33000183105469,89.27999877929688,89.28500366210938,6222,0.0,0.0
2024-10-31 12:35:00-04:00,89.2750015258789,89.31593322753906,89.2750015258789,89.31593322753906,3569,0.0,0.0
2024-10-31 12:36:00-04:00,89.30000305175781,89.37999725341797,89.29000091552734,89.31999969482422,5671,0.0,0.0
2024-10-31 12:37:00-04:00,89.33000183105469,89.33999633789062,89.30000305175781,89.33999633789062,5932,0.0,0.0
2024-10-31 12:38:00-04:00,89.33999633789062,89.36000061035156,89.30999755859375,89.3499984741211,3812,0.0,0.0
2024-10-31 12:39:00-04:00,89.3550033569336,89.37000274658203,89.30999755859375,89.31999969482422,8478,0.0,0.0
2024-10-31 12:40:00-04:00,89.31999969482422,89.33999633789062,89.31999969482422,89.33000183105469,2886,0.0,0.0
2024-10-31 12:41:00-04:00,89.33000183105469,89.3499984741211,89.31999969482422,89.3499984741211,4524,0.0,0.0
2024-10-31 12:42:00-04:00,89.3499984741211,89.44000244140625,89.30999755859375,89.41999816894531,18113,0.0,0.0
2024-10-31 12:43:00-04:00,89.41999816894531,89.41999816894531,89.37999725341797,89.41000366210938,5451,0.0,0.0
2024-10-31 12:44:00-04:00,89.41000366210938,89.44000244140625,89.37999725341797,89.41000366210938,11375,0.0,0.0
2024-10-31 12:45:00-04:00,89.41000366210938,89.41000366210938,89.3499984741211,89.37999725341797,10891,0.0,0.0
2024-10-31 12:46:00-04:00,89.37000274658203,89.37000274658203,89.30000305175781,89.30999755859375,25757,0.0,0.0
2024-10-31 12:47:00-04:00,89.3395004272461,89.38999938964844,89.3395004272461,89.38999938964844,2670,0.0,0.0
2024-10-31 12:48:00-04:00,89.38999938964844,89.41000366210938,89.37999725341797,89.37999725341797,3056,0.0,0.0
2024-10-31 12:49:00-04:00,89.37670135498047,89.41999816894531,89.37000274658203,89.38999938964844,4189,0.0,0.0
2024-10-31 12:50:00-04:00,89.37999725341797,89.4000015258789,89.37000274658203,89.37000274658203,3849,0.0,0.0
2024-10-31 12:51:00-04:00,89.37000274658203,89.41999816894531,89.36139678955078,89.41999816894531,7016,0.0,0.0
2024-10-31 12:52:00-04:00,89.41999816894531,89.41999816894531,89.30999755859375,89.31500244140625,10633,0.0,0.0
2024-10-31 12:53:00-04:00,89.31999969482422,89.3499984741211,89.29499816894531,89.31999969482422,7775,0.0,0.0
2024-10-31 12:54:00-04:00,89.33000183105469,89.33000183105469,89.30999755859375,89.31500244140625,4329,0.0,0.0
2024-10-31 12:55:00-04:00,89.31999969482422,89.33999633789062,89.29499816894531,89.31999969482422,3380,0.0,0.0
2024-10-31 12:56:00-04:00,89.32969665527344,89.33000183105469,89.30000305175781,89.31999969482422,9089,0.0,0.0
2024-10-31 12:57:00-04:00,89.33000183105469,89.3499984741211,89.31999969482422,89.31999969482422,4894,0.0,0.0
2024-10-31 12:58:00-04:00,89.31690216064453,89.36000061035156,89.30999755859375,89.36000061035156,3760,0.0,0.0
2024-10-31 12:59:00-04:00,89.36000061035156,89.375,89.3467025756836,89.37000274658203,4085,0.0,0.0
2024-10-31 13:00:00-04:00,89.375,89.43000030517578,89.375,89.43000030517578,4443,0.0,0.0
2024-10-31 13:01:00-04:00,89.43990325927734,89.47000122070312,89.41999816894531,89.45999908447266,3710,0.0,0.0
2024-10-31 13:02:00-04:00,89.47000122070312,89.5,89.47000122070312,89.5,15482,0.0,0.0
2024-10-31 13:03:00-04:00,89.5,89.5,89.46499633789062,89.4800033569336,14100,0.0,0.0
2024-10-31 13:04:00-04:00,89.4800033569336,89.48999786376953,89.45999908447266,89.45999908447266,4577,0.0,0.0
2024-10-31 13:05:00-04:00,89.47000122070312,89.4800033569336,89.41000366210938,89.41000366210938,7646,0.0,0.0
2024-10-31 13:06:00-04:00,89.41000366210938,89.43000030517578,89.41000366210938,89.43000030517578,3201,0.0,0.0
2024-10-31 13:07:00-04:00,89.43000030517578,89.44000244140625,89.42500305175781,89.44000244140625,3583,0.0,0.0
2024-10-31 13:08:00-04:00,89.44000244140625,89.45999908447266,89.44000244140625,89.45500183105469,1978,0.0,0.0
2024-10-31 13:09:00-04:00,89.44000244140625,89.44999694824219,89.42500305175781,89.44000244140625,3808,0.0,0.0
2024-10-31 13:10:00-04:00,89.44000244140625,89.44999694824219,89.44000244140625,89.44499969482422,2962,0.0,0.0
2024-10-31 13:11:00-04:00,89.44000244140625,89.44000244140625,89.41500091552734,89.41999816894531,4403,0.0,0.0
2024-10-31 13:12:00-04:00,89.41000366210938,89.41000366210938,89.38999938964844,89.4000015258789,4719,0.0,0.0
2024-10-31 13:13:00-04:00,89.41000366210938,89.41000366210938,89.38500213623047,89.40550231933594,4675,0.0,0.0
2024-10-31 13:14:00-04:00,89.4000015258789,89.4000015258789,89.38999938964844,89.3949966430664,2038,0.0,0.0
2024-10-31 13:15:00-04:00,89.3949966430664,89.4000015258789,89.37999725341797,89.38500213623047,3352,0.0,0.0
2024-10-31 13:16:00-04:00,89.38500213623047,89.38999938964844,89.36499786376953,89.3770980834961,4152,0.0,0.0
2024-10-31 13:17:00-04:00,89.37999725341797,89.37999725341797,89.3499984741211,89.37999725341797,9795,0.0,0.0
2024-10-31 13:18:00-04:00,89.37000274658203,89.45999908447266,89.37000274658203,89.43499755859375,8295,0.0,0.0
2024-10-31 13:19:00-04:00,89.44999694824219,89.47000122070312,89.44000244140625,89.47000122070312,1976,0.0,0.0
2024-10-31 13:20:00-04:00,89.45999908447266,89.48500061035156,89.44999694824219,89.46800231933594,4911,0.0,0.0
2024-10-31 13:21:00-04:00,89.4800033569336,89.52999877929688,89.4800033569336,89.52999877929688,1476,0.0,0.0
2024-10-31 13:22:00-04:00,89.52999877929688,89.54989624023438,89.52999877929688,89.52999877929688,2234,0.0,0.0
2024-10-31 13:23:00-04:00,89.52999877929688,89.55000305175781,89.52999877929688,89.54499816894531,8430,0.0,0.0
2024-10-31 13:24:00-04:00,89.54000091552734,89.55999755859375,89.52839660644531,89.54000091552734,3824,0.0,0.0
2024-10-31 13:25:00-04:00,89.54000091552734,89.57820129394531,89.54000091552734,89.55000305175781,4438,0.0,0.0
2024-10-31 13:26:00-04:00,89.55000305175781,89.55999755859375,89.52999877929688,89.55000305175781,3420,0.0,0.0
2024-10-31 13:27:00-04:00,89.55000305175781,89.56999969482422,89.48999786376953,89.48999786376953,8017,0.0,0.0
2024-10-31 13:28:00-04:00,89.5,89.51499938964844,89.48999786376953,89.48999786376953,5568,0.0,0.0
2024-10-31 13:29:00-04:00,89.5,89.52999877929688,89.5,89.5199966430664,5034,0.0,0.0
2024-10-31 13:30:00-04:00,89.5,89.51000213623047,89.4844970703125,89.5,10723,0.0,0.0
2024-10-31 13:31:00-04:00,89.50900268554688,89.5199966430664,89.48999786376953,89.5,7226,0.0,0.0
2024-10-31 13:32:00-04:00,89.47000122070312,89.4800033569336,89.46009826660156,89.4800033569336,2886,0.0,0.0
2024-10-31 13:33:00-04:00,89.5,89.58000183105469,89.5,89.58000183105469,5569,0.0,0.0
2024-10-31 13:34:00-04:00,89.5999984741211,89.62999725341797,89.58000183105469,89.58499908447266,5907,0.0,0.0
2024-10-31 13:35:00-04:00,89.58499908447266,89.7300033569336,89.58499908447266,89.7300033569336,24820,0.0,0.0
2024-10-31 13:36:00-04:00,89.7300033569336,89.75,89.71759796142578,89.72000122070312,16249,0.0,0.0
2024-10-31 13:37:00-04:00,89.72000122070312,89.7300033569336,89.68000030517578,89.69000244140625,9506,0.0,0.0
2024-10-31 13:38:00-04:00,89.68000030517578,89.69999694824219,89.66999816894531,89.66999816894531,6262,0.0,0.0
2024-10-31 13:39:00-04:00,89.66000366210938,89.70999908447266,89.6500015258789,89.69210052490234,11496,0.0,0.0
2024-10-31 13:40:00-04:00,89.66999816894531,89.72000122070312,89.66999816894531,89.72000122070312,6087,0.0,0.0
2024-10-31 13:41:00-04:00,89.70999908447266,89.75,89.69999694824219,89.75,4076,0.0,0.0
2024-10-31 13:42:00-04:00,89.75499725341797,89.76000213623047,89.7249984741211,89.73999786376953,7128,0.0,0.0
2024-10-31 13:43:00-04:00,89.75,89.75,89.69999694824219,89.69999694824219,4892,0.0,0.0
2024-10-31 13:44:00-04:00,89.70500183105469,89.70999908447266,89.66999816894531,89.68000030517578,3137,0.0,0.0
2024-10-31 13:45:00-04:00,89.69000244140625,89.72000122070312,89.69000244140625,89.69999694824219,3520,0.0,0.0
2024-10-31 13:46:00-04:00,89.69999694824219,89.69999694824219,89.6500015258789,89.66000366210938,7013,0.0,0.0
2024-10-31 13:47:00-04:00,89.6500015258789,89.69999694824219,89.6500015258789,89.66000366210938,4090,0.0,0.0
2024-10-31 13:48:00-04:00,89.66000366210938,89.69000244140625,89.65010070800781,89.68309783935547,4284,0.0,0.0
2024-10-31 13:49:00-04:00,89.68499755859375,89.72000122070312,89.68000030517578,89.70999908447266,4640,0.0,0.0
2024-10-31 13:50:00-04:00,89.69999694824219,89.75,89.69999694824219,89.72000122070312,5383,0.0,0.0
2024-10-31 13:51:00-04:00,89.72000122070312,89.72000122070312,89.69000244140625,89.70500183105469,6361,0.0,0.0
2024-10-31 13:52:00-04:00,89.72000122070312,89.72000122070312,89.69000244140625,89.69999694824219,4517,0.0,0.0
2024-10-31 13:53:00-04:00,89.69999694824219,89.72000122070312,89.69999694824219,89.72000122070312,3842,0.0,0.0
2024-10-31 13:54:00-04:00,89.70999908447266,89.72000122070312,89.70999908447266,89.72000122070312,2132,0.0,0.0
2024-10-31 13:55:00-04:00,89.7249984741211,89.7300033569336,89.72000122070312,89.72000122070312,4474,0.0,0.0
2024-10-31 13:56:00-04:00,89.7249984741211,89.76000213623047,89.7249984741211,89.75,4930,0.0,0.0
2024-10-31 13:57:00-04:00,89.75,89.752197265625,89.73999786376953,89.752197265625,1524,0.0,0.0
2024-10-31 13:58:00-04:00,89.75,89.81999969482422,89.73999786376953,89.81999969482422,6716,0.0,0.0
2024-10-31 13:59:00-04:00,89.81999969482422,89.83000183105469,89.80999755859375,89.81999969482422,3860,0.0,0.0
2024-10-31 14:00:00-04:00,89.83000183105469,89.8499984741211,89.79000091552734,89.80000305175781,8712,0.0,0.0
2024-10-31 14:01:00-04:00,89.79000091552734,89.79989624023438,89.75170135498047,89.77999877929688,5880,0.0,0.0
2024-10-31 14:02:00-04:00,89.7699966430664,89.77999877929688,89.76499938964844,89.77999877929688,5012,0.0,0.0
2024-10-31 14:03:00-04:00,89.7750015258789,89.79000091552734,89.7750015258789,89.79000091552734,1783,0.0,0.0
2024-10-31 14:04:00-04:00,89.77999877929688,89.81500244140625,89.77999877929688,89.80999755859375,8046,0.0,0.0
2024-10-31 14:05:00-04:00,89.81999969482422,89.83000183105469,89.77999877929688,89.77999877929688,5891,0.0,0.0
2024-10-31 14:06:00-04:00,89.76000213623047,89.7699966430664,89.73999786376953,89.75,7093,0.0,0.0
2024-10-31 14:07:00-04:00,89.77999877929688,89.80000305175781,89.7699966430664,89.7699966430664,5263,0.0,0.0
2024-10-31 14:08:00-04:00,89.7699966430664,89.79499816894531,89.76000213623047,89.79499816894531,4480,0.0,0.0
2024-10-31 14:09:00-04:00,89.80000305175781,89.80000305175781,89.7699966430664,89.77999877929688,7233,0.0,0.0
2024-10-31 14:10:00-04:00,89.77950286865234,89.80000305175781,89.75,89.75,20920,0.0,0.0
2024-10-31 14:11:00-04:00,89.76119995117188,89.80000305175781,89.76000213623047,89.79000091552734,5837,0.0,0.0
2024-10-31 14:12:00-04:00,89.79000091552734,89.80000305175781,89.77999877929688,89.79000091552734,5761,0.0,0.0
2024-10-31 14:13:00-04:00,89.77999877929688,89.79000091552734,89.7699966430664,89.77999877929688,5650,0.0,0.0
2024-10-31 14:14:00-04:00,89.7699966430664,89.79000091552734,89.76000213623047,89.7699966430664,5421,0.0,0.0
2024-10-31 14:15:00-04:00,89.77999877929688,89.80000305175781,89.77999877929688,89.79000091552734,8372,0.0,0.0
2024-10-31 14:16:00-04:00,89.79000091552734,89.80000305175781,89.7750015258789,89.7770004272461,13480,0.0,0.0
2024-10-31 14:17:00-04:00,89.77999877929688,89.80000305175781,89.77320098876953,89.79000091552734,2862,0.0,0.0
2024-10-31 14:18:00-04:00,89.78829956054688,89.80000305175781,89.7699966430664,89.7699966430664,6642,0.0,0.0
2024-10-31 14:19:00-04:00,89.75,89.7699966430664,89.75,89.7699966430664,6766,0.0,0.0
2024-10-31 14:20:00-04:00,89.7699966430664,89.80000305175781,89.7699966430664,89.80000305175781,6266,0.0,0.0
2024-10-31 14:21:00-04:00,89.80000305175781,89.80000305175781,89.75499725341797,89.76000213623047,9792,0.0,0.0
2024-10-31 14:22:00-04:00,89.7699966430664,89.79000091552734,89.7699966430664,89.7879409790039,5169,0.0,0.0
2024-10-31 14:23:00-04:00,89.79499816894531,89.80000305175781,89.7699966430664,89.79000091552734,8140,0.0,0.0
2024-10-31 14:24:00-04:00,89.79000091552734,89.80000305175781,89.7699966430664,89.80000305175781,8635,0.0,0.0
2024-10-31 14:25:00-04:00,89.80000305175781,89.80999755859375,89.79000091552734,89.79499816894531,14202,0.0,0.0
2024-10-31 14:26:00-04:00,89.79180145263672,89.80000305175781,89.79180145263672,89.79499816894531,6751,0.0,0.0
2024-10-31 14:27:00-04:00,89.80000305175781,89.80000305175781,89.78389739990234,89.78389739990234,6461,0.0,0.0
2024-10-31 14:28:00-04:00,89.80000305175781,89.80000305175781,89.7750015258789,89.79000091552734,14208,0.0,0.0
2024-10-31 14:29:00-04:00,89.79000091552734,89.80000305175781,89.77999877929688,89.78500366210938,22901,0.0,0.0
2024-10-31 14:30:00-04:00,89.77999877929688,89.79000091552734,89.75,89.76000213623047,4771,0.0,0.0
2024-10-31 14:31:00-04:00,89.76000213623047,89.76000213623047,89.7300033569336,89.73999786376953,3895,0.0,0.0
2024-10-31 14:32:00-04:00,89.7300033569336,89.73999786376953,89.72000122070312,89.7300033569336,6534,0.0,0.0
2024-10-31 14:33:00-04:00,89.72000122070312,89.7300033569336,89.69000244140625,89.69000244140625,7004,0.0,0.0
2024-10-31 14:34:00-04:00,89.69999694824219,89.7300033569336,89.66999816894531,89.7300033569336,5362,0.0,0.0
2024-10-31 14:35:00-04:00,89.73500061035156,89.73999786376953,89.69000244140625,89.70999908447266,5053,0.0,0.0
2024-10-31 14:36:00-04:00,89.72000122070312,89.76000213623047,89.72000122070312,89.7300033569336,5164,0.0,0.0
2024-10-31 14:37:00-04:00,89.72000122070312,89.73999786376953,89.69000244140625,89.7300033569336,25814,0.0,0.0
2024-10-31 14:38:00-04:00,89.73500061035156,89.73500061035156,89.67430114746094,89.68000030517578,5783,0.0,0.0
2024-10-31 14:39:00-04:00,89.66999816894531,89.71499633789062,89.66000366210938,89.70999908447266,6936,0.0,0.0
2024-10-31 14:40:00-04:00,89.70999908447266,89.70999908447266,89.66999816894531,89.66999816894531,5690,0.0,0.0
2024-10-31 14:41:00-04:00,89.67990112304688,89.69000244140625,89.67410278320312,89.69000244140625,3214,0.0,0.0
2024-10-31 14:42:00-04:00,89.68000030517578,89.68000030517578,89.66999816894531,89.68000030517578,3663,0.0,0.0
2024-10-31 14:43:00-04:00,89.69000244140625,89.69000244140625,89.63999938964844,89.6500015258789,5521,0.0,0.0
2024-10-31 14:44:00-04:00,89.6500015258789,89.7300033569336,89.6500015258789,89.7300033569336,5470,0.0,0.0
2024-10-31 14:45:00-04:00,89.72000122070312,89.73999786376953,89.70999908447266,89.70999908447266,4908,0.0,0.0
2024-10-31 14:46:00-04:00,89.72000122070312,89.73999786376953,89.70999908447266,89.7300033569336,4550,0.0,0.0
2024-10-31 14:47:00-04:00,89.7300033569336,89.75,89.7300033569336,89.75,3260,0.0,0.0
2024-10-31 14:48:00-04:00,89.76499938964844,89.78500366210938,89.76129913330078,89.7750015258789,4124,0.0,0.0
2024-10-31 14:49:00-04:00,89.78679656982422,89.79000091552734,89.75499725341797,89.77999877929688,18127,0.0,0.0
2024-10-31 14:50:00-04:00,89.7761001586914,89.77999877929688,89.73999786376953,89.74500274658203,4289,0.0,0.0
2024-10-31 14:51:00-04:00,89.74500274658203,89.7699966430664,89.74500274658203,89.7699966430664,5543,0.0,0.0
2024-10-31 14:52:00-04:00,89.77999877929688,89.80999755859375,89.77999877929688,89.80000305175781,5129,0.0,0.0
2024-10-31 14:53:00-04:00,89.80000305175781,89.80999755859375,89.7750015258789,89.7750015258789,8471,0.0,0.0
2024-10-31 14:54:00-04:00,89.7750015258789,89.77999877929688,89.76000213623047,89.7699966430664,7057,0.0,0.0
2024-10-31 14:55:00-04:00,89.7699966430664,89.7699966430664,89.7300033569336,89.75,10958,0.0,0.0
2024-10-31 14:56:00-04:00,89.7300033569336,89.7300033569336,89.70500183105469,89.70999908447266,12887,0.0,0.0
2024-10-31 14:57:00-04:00,89.70999908447266,89.76000213623047,89.69999694824219,89.76000213623047,28419,0.0,0.0
2024-10-31 14:58:00-04:00,89.7699966430664,89.7699966430664,89.73999786376953,89.7699966430664,8389,0.0,0.0
2024-10-31 14:59:00-04:00,89.7750015258789,89.80000305175781,89.7750015258789,89.77999877929688,9795,0.0,0.0
2024-10-31 15:00:00-04:00,89.77999877929688,89.80000305175781,89.75499725341797,89.7750015258789,24396,0.0,0.0
2024-10-31 15:01:00-04:00,89.7699966430664,89.77999877929688,89.72000122070312,89.75,8766,0.0,0.0
2024-10-31 15:02:00-04:00,89.75,89.76000213623047,89.73999786376953,89.75,10286,0.0,0.0
2024-10-31 15:03:00-04:00,89.73999786376953,89.73999786376953,89.70880126953125,89.7300033569336,7019,0.0,0.0
2024-10-31 15:04:00-04:00,89.7249984741211,89.7300033569336,89.71499633789062,89.72000122070312,7302,0.0,0.0
2024-10-31 15:05:00-04:00,89.72000122070312,89.72000122070312,89.67500305175781,89.68499755859375,6648,0.0,0.0
2024-10-31 15:06:00-04:00,89.68499755859375,89.70500183105469,89.68190002441406,89.69499969482422,7764,0.0,0.0
2024-10-31 15:07:00-04:00,89.69999694824219,89.72000122070312,89.69999694824219,89.70999908447266,7167,0.0,0.0
2024-10-31 15:08:00-04:00,89.72000122070312,89.75,89.70999908447266,89.75,12448,0.0,0.0
2024-10-31 15:09:00-04:00,89.75,89.7750015258789,89.75,89.75,10755,0.0,0.0
2024-10-31 15:10:00-04:00,89.73999786376953,89.76000213623047,89.69499969482422,89.69999694824219,9948,0.0,0.0
2024-10-31 15:11:00-04:00,89.69499969482422,89.69499969482422,89.68000030517578,89.68499755859375,4503,0.0,0.0
2024-10-31 15:12:00-04:00,89.68499755859375,89.69999694824219,89.67500305175781,89.69000244140625,9761,0.0,0.0
2024-10-31 15:13:00-04:00,89.68499755859375,89.69999694824219,89.66500091552734,89.66999816894531,9150,0.0,0.0
2024-10-31 15:14:00-04:00,89.66999816894531,89.69999694824219,89.66999816894531,89.6989974975586,6691,0.0,0.0
2024-10-31 15:15:00-04:00,89.69999694824219,89.69999694824219,89.68440246582031,89.69000244140625,8734,0.0,0.0
2024-10-31 15:16:00-04:00,89.69499969482422,89.69499969482422,89.63999938964844,89.63999938964844,7718,0.0,0.0
2024-10-31 15:17:00-04:00,89.6449966430664,89.66999816894531,89.63999938964844,89.66000366210938,9097,0.0,0.0
2024-10-31 15:18:00-04:00,89.66000366210938,89.66500091552734,89.62000274658203,89.66500091552734,15167,0.0,0.0
2024-10-31 15:19:00-04:00,89.66999816894531,89.67500305175781,89.65499877929688,89.66999816894531,11580,0.0,0.0
2024-10-31 15:20:00-04:00,89.68000030517578,89.69000244140625,89.6500015258789,89.6500015258789,11523,0.0,0.0
2024-10-31 15:21:00-04:00,89.63999938964844,89.65499877929688,89.63500213623047,89.6449966430664,18633,0.0,0.0
2024-10-31 15:22:00-04:00,89.6449966430664,89.65499877929688,89.63500213623047,89.65499877929688,13380,0.0,0.0
2024-10-31 15:23:00-04:00,89.65499877929688,89.65499877929688,89.63500213623047,89.6500015258789,23090,0.0,0.0
2024-10-31 15:24:00-04:00,89.6500015258789,89.66999816894531,89.61000061035156,89.61000061035156,13480,0.0,0.0
2024-10-31 15:25:00-04:00,89.61499786376953,89.625,89.6050033569336,89.6050033569336,19331,0.0,0.0
2024-10-31 15:26:00-04:00,89.60900115966797,89.61900329589844,89.58000183105469,89.58499908447266,12494,0.0,0.0
2024-10-31 15:27:00-04:00,89.58000183105469,89.6050033569336,89.57499694824219,89.57499694824219,21603,0.0,0.0
2024-10-31 15:28:00-04:00,89.58000183105469,89.58000183105469,89.56999969482422,89.57499694824219,6055,0.0,0.0
2024-10-31 15:29:00-04:00,89.58000183105469,89.6050033569336,89.55500030517578,89.55500030517578,31262,0.0,0.0
2024-10-31 15:30:00-04:00,89.55000305175781,89.55999755859375,89.48500061035156,89.48500061035156,28060,0.0,0.0
2024-10-31 15:31:00-04:00,89.48999786376953,89.48999786376953,89.44000244140625,89.45999908447266,22178,0.0,0.0
2024-10-31 15:32:00-04:00,89.45999908447266,89.4800033569336,89.45999908447266,89.46499633789062,9026,0.0,0.0
2024-10-31 15:33:00-04:00,89.45999908447266,89.48500061035156,89.31999969482422,89.45999908447266,77811,0.0,0.0
2024-10-31 15:34:00-04:00,89.44000244140625,89.5,89.44000244140625,89.4800033569336,11062,0.0,0.0
2024-10-31 15:35:00-04:00,89.4800033569336,89.4800033569336,89.43499755859375,89.44000244140625,14975,0.0,0.0
2024-10-31 15:36:00-04:00,89.44499969482422,89.4800033569336,89.43499755859375,89.47090148925781,15223,0.0,0.0
2024-10-31 15:37:00-04:00,89.4800033569336,89.4800033569336,89.42500305175781,89.43000030517578,10314,0.0,0.0
2024-10-31 15:38:00-04:00,89.43499755859375,89.44000244140625,89.41000366210938,89.41999816894531,14888,0.0,0.0
2024-10-31 15:39:00-04:00,89.41639709472656,89.41999816894531,89.40499877929688,89.41999816894531,11412,0.0,0.0
2024-10-31 15:40:00-04:00,89.41000366210938,89.41000366210938,89.37000274658203,89.37999725341797,14069,0.0,0.0
2024-10-31 15:41:00-04:00,89.37999725341797,89.41500091552734,89.36019897460938,89.41000366210938,16352,0.0,0.0
2024-10-31 15:42:00-04:00,89.41000366210938,89.41899871826172,89.36499786376953,89.38500213623047,12013,0.0,0.0
2024-10-31 15:43:00-04:00,89.38500213623047,89.4000015258789,89.37999725341797,89.38999938964844,18256,0.0,0.0
2024-10-31 15:44:00-04:00,89.4000015258789,89.4000015258789,89.38500213623047,89.4000015258789,13198,0.0,0.0
2024-10-31 15:45:00-04:00,89.4000015258789,89.47000122070312,89.4000015258789,89.45999908447266,19630,0.0,0.0
2024-10-31 15:46:00-04:00,89.46749877929688,89.48999786376953,89.45999908447266,89.47000122070312,17383,0.0,0.0
2024-10-31 15:47:00-04:00,89.47000122070312,89.5,89.44999694824219,89.47000122070312,16480,0.0,0.0
2024-10-31 15:48:00-04:00,89.4749984741211,89.5,89.47000122070312,89.4749984741211,15207,0.0,0.0
2024-10-31 15:49:00-04:00,89.4749984741211,89.51000213623047,89.4749984741211,89.5,21364,0.0,0.0
2024-10-31 15:50:00-04:00,89.51000213623047,89.5999984741211,89.5,89.5999984741211,35838,0.0,0.0
2024-10-31 15:51:00-04:00,89.58999633789062,89.5999984741211,89.0,89.55999755859375,131119,0.0,0.0
2024-10-31 15:52:00-04:00,89.55000305175781,89.55999755859375,89.45999908447266,89.4749984741211,54211,0.0,0.0
2024-10-31 15:53:00-04:00,89.4749984741211,89.5,89.44999694824219,89.48500061035156,32730,0.0,0.0
2024-10-31 15:54:00-04:00,89.48999786376953,89.52999877929688,89.48999786376953,89.5,42302,0.0,0.0
2024-10-31 15:55:00-04:00,89.50499725341797,89.52999877929688,89.42500305175781,89.47000122070312,49810,0.0,0.0
2024-10-31 15:56:00-04:00,89.46499633789062,89.47000122070312,89.33999633789062,89.3949966430664,57917,0.0,0.0
2024-10-31 15:57:00-04:00,89.4000015258789,89.41999816894531,89.38999938964844,89.41000366210938,65339,0.0,0.0
2024-10-31 15:58:00-04:00,89.41000366210938,89.41000366210938,89.37000274658203,89.37000274658203,59895,0.0,0.0
2024-10-31 15:59:00-04:00,89.37000274658203,89.37999725341797,89.19000244140625,89.24500274658203,200562,0.0,0.0
2024-11-01 09:30:00-04:00,89.83000183105469,89.83000183105469,89.31999969482422,89.31999969482422,86249,0.0,0.0
2024-11-01 09:31:00-04:00,89.47000122070312,89.56999969482422,89.47000122070312,89.55500030517578,12595,0.0,0.0
2024-11-01 09:32:00-04:00,89.63500213623047,89.9000015258789,89.63500213623047,89.79000091552734,6393,0.0,0.0
2024-11-01 09:33:00-04:00,89.74500274658203,89.80000305175781,89.74500274658203,89.7699966430664,3073,0.0,0.0
2024-11-01 09:34:00-04:00,89.76000213623047,89.94999694824219,89.76000213623047,89.94010162353516,3522,0.0,0.0
2024-11-01 09:35:00-04:00,89.97000122070312,90.05999755859375,89.93000030517578,90.02999877929688,29949,0.0,0.0
2024-11-01 09:36:00-04:00,90.04499816894531,90.19999694824219,90.04499816894531,90.13999938964844,6776,0.0,0.0
2024-11-01 09:37:00-04:00,90.16999816894531,90.37999725341797,90.16999816894531,90.37999725341797,7294,0.0,0.0
2024-11-01 09:38:00-04:00,90.3499984741211,90.375,90.30000305175781,90.33609771728516,9244,0.0,0.0
2024-11-01 09:39:00-04:00,90.30999755859375,90.32440185546875,90.27999877929688,90.31999969482422,2248,0.0,0.0
2024-11-01 09:40:00-04:00,90.25,90.26000213623047,90.19000244140625,90.19000244140625,5096,0.0,0.0
2024-11-01 09:41:00-04:00,90.26719665527344,90.26719665527344,90.20030212402344,90.20030212402344,3139,0.0,0.0
2024-11-01 09:42:00-04:00,90.19999694824219,90.25,90.12999725341797,90.25,9731,0.0,0.0
2024-11-01 09:43:00-04:00,90.2699966430664,90.2699966430664,90.25559997558594,90.25559997558594,1322,0.0,0.0
2024-11-01 09:44:00-04:00,90.26000213623047,90.34960174560547,90.22000122070312,90.22000122070312,4105,0.0,0.0
2024-11-01 09:45:00-04:00,90.22000122070312,90.30999755859375,90.19999694824219,90.30000305175781,6747,0.0,0.0
2024-11-01 09:46:00-04:00,90.27999877929688,90.27999877929688,90.19499969482422,90.26000213623047,8702,0.0,0.0
2024-11-01 09:47:00-04:00,90.29000091552734,90.29000091552734,90.25499725341797,90.26909637451172,4227,0.0,0.0
2024-11-01 09:48:00-04:00,90.30950164794922,90.33000183105469,90.30000305175781,90.30999755859375,2797,0.0,0.0
2024-11-01 09:49:00-04:00,90.33499908447266,90.33499908447266,90.2615966796875,90.33000183105469,1957,0.0,0.0
2024-11-01 09:50:00-04:00,90.33499908447266,90.37000274658203,90.31999969482422,90.34500122070312,3091,0.0,0.0
2024-11-01 09:51:00-04:00,90.37999725341797,91.0,90.32499694824219,90.4000015258789,46031,0.0,0.0
2024-11-01 09:52:00-04:00,90.38500213623047,90.38500213623047,90.22000122070312,90.29499816894531,9736,0.0,0.0
2024-11-01 09:53:00-04:00,90.30000305175781,90.4000015258789,90.29000091552734,90.37000274658203,20221,0.0,0.0
2024-11-01 09:54:00-04:00,90.4000015258789,90.4000015258789,90.3499984741211,90.37000274658203,3438,0.0,0.0
2024-11-01 09:55:00-04:00,90.33000183105469,90.33000183105469,90.22000122070312,90.2300033569336,4631,0.0,0.0
2024-11-01 09:56:00-04:00,90.25,90.2699966430664,90.25,90.26000213623047,3402,0.0,0.0
2024-11-01 09:57:00-04:00,90.25499725341797,90.25499725341797,90.18000030517578,90.18000030517578,3181,0.0,0.0
2024-11-01 09:58:00-04:00,90.19000244140625,90.20999908447266,90.16999816894531,90.18000030517578,5378,0.0,0.0
2024-11-01 09:59:00-04:00,90.17500305175781,90.18000030517578,90.13999938964844,90.13999938964844,3271,0.0,0.0
2024-11-01 10:00:00-04:00,90.13999938964844,90.13999938964844,90.04000091552734,90.08999633789062,10543,0.0,0.0
2024-11-01 10:01:00-04:00,90.0999984741211,90.13999938964844,90.06999969482422,90.07499694824219,4510,0.0,0.0
2024-11-01 10:02:00-04:00,90.05999755859375,90.12999725341797,90.05999755859375,90.12000274658203,9467,0.0,0.0
2024-11-01 10:03:00-04:00,90.12999725341797,90.12999725341797,90.0199966430664,90.0199966430664,3803,0.0,0.0
2024-11-01 10:04:00-04:00,90.04000091552734,90.22000122070312,90.04000091552734,90.20999908447266,7283,0.0,0.0
2024-11-01 10:05:00-04:00,90.20999908447266,90.22000122070312,90.19000244140625,90.19000244140625,5869,0.0,0.0
2024-11-01 10:06:00-04:00,90.19999694824219,90.23500061035156,90.19000244140625,90.19000244140625,3763,0.0,0.0
2024-11-01 10:07:00-04:00,90.19999694824219,90.19999694824219,90.16999816894531,90.19000244140625,3662,0.0,0.0
2024-11-01 10:08:00-04:00,90.16999816894531,90.23999786376953,90.1449966430664,90.23999786376953,5923,0.0,0.0
2024-11-01 10:09:00-04:00,90.23999786376953,90.25499725341797,90.2300033569336,90.25499725341797,3259,0.0,0.0
2024-11-01 10:10:00-04:00,90.26010131835938,90.29499816894531,90.23999786376953,90.23999786376953,3494,0.0,0.0
2024-11-01 10:11:00-04:00,90.24500274658203,90.25,90.20760345458984,90.20760345458984,2463,0.0,0.0
2024-11-01 10:12:00-04:00,90.18499755859375,90.25,90.18499755859375,90.25,5297,0.0,0.0
2024-11-01 10:13:00-04:00,90.2699966430664,90.2750015258789,90.25,90.2750015258789,2039,0.0,0.0
2024-11-01 10:14:00-04:00,90.32990264892578,90.32990264892578,90.29000091552734,90.29000091552734,3582,0.0,0.0
2024-11-01 10:15:00-04:00,90.29000091552734,90.33999633789062,90.28040313720703,90.29000091552734,7854,0.0,0.0
2024-11-01 10:16:00-04:00,90.30000305175781,90.34500122070312,90.29000091552734,90.30000305175781,4595,0.0,0.0
2024-11-01 10:17:00-04:00,90.31999969482422,90.33999633789062,90.29000091552734,90.33999633789062,3689,0.0,0.0
2024-11-01 10:18:00-04:00,90.32499694824219,90.33999633789062,90.2699966430664,90.2699966430664,2679,0.0,0.0
2024-11-01 10:19:00-04:00,90.27999877929688,90.32499694824219,90.2750015258789,90.32499694824219,2811,0.0,0.0
2024-11-01 10:20:00-04:00,90.30740356445312,90.30999755859375,90.30000305175781,90.30000305175781,3425,0.0,0.0
2024-11-01 10:21:00-04:00,90.31999969482422,90.33000183105469,90.30999755859375,90.31999969482422,4006,0.0,0.0
2024-11-01 10:22:00-04:00,90.30999755859375,90.30999755859375,90.2699966430664,90.27999877929688,6587,0.0,0.0
2024-11-01 10:23:00-04:00,90.2699966430664,90.2699966430664,90.18000030517578,90.19000244140625,8900,0.0,0.0
2024-11-01 10:24:00-04:00,90.19000244140625,90.25,90.16999816894531,90.25,10470,0.0,0.0
2024-11-01 10:25:00-04:00,90.22000122070312,90.23500061035156,90.22000122070312,90.23500061035156,5086,0.0,0.0
2024-11-01 10:26:00-04:00,90.23999786376953,90.23999786376953,90.18789672851562,90.19000244140625,6503,0.0,0.0
2024-11-01 10:27:00-04:00,90.18000030517578,90.19000244140625,90.16500091552734,90.19000244140625,4401,0.0,0.0
2024-11-01 10:28:00-04:00,90.20999908447266,90.25,90.20999908447266,90.22000122070312,2669,0.0,0.0
2024-11-01 10:29:00-04:00,90.22000122070312,90.2699966430664,90.22000122070312,90.25,5036,0.0,0.0
2024-11-01 10:30:00-04:00,90.2699966430664,90.2699966430664,90.19000244140625,90.19000244140625,5523,0.0,0.0
2024-11-01 10:31:00-04:00,90.18000030517578,90.22000122070312,90.17500305175781,90.22000122070312,2779,0.0,0.0
2024-11-01 10:32:00-04:00,90.22000122070312,90.22000122070312,90.16000366210938,90.16000366210938,5039,0.0,0.0
2024-11-01 10:33:00-04:00,90.18000030517578,90.21499633789062,90.13500213623047,90.18000030517578,33543,0.0,0.0
2024-11-01 10:34:00-04:00,90.16000366210938,90.16089630126953,90.13999938964844,90.13999938964844,5857,0.0,0.0
2024-11-01 10:35:00-04:00,90.1500015258789,90.18000030517578,90.14340209960938,90.17500305175781,5404,0.0,0.0
2024-11-01 10:36:00-04:00,90.18499755859375,90.18499755859375,90.11000061035156,90.12000274658203,6696,0.0,0.0
2024-11-01 10:37:00-04:00,90.11000061035156,90.11000061035156,90.04000091552734,90.06500244140625,15020,0.0,0.0
2024-11-01 10:38:00-04:00,90.08000183105469,90.11000061035156,90.06500244140625,90.0802001953125,11441,0.0,0.0
2024-11-01 10:39:00-04:00,90.06999969482422,90.08000183105469,90.05999755859375,90.08000183105469,4308,0.0,0.0
2024-11-01 10:40:00-04:00,90.06999969482422,90.08999633789062,90.03500366210938,90.06999969482422,6769,0.0,0.0
2024-11-01 10:41:00-04:00,90.06269836425781,90.11000061035156,90.04499816894531,90.08499908447266,25779,0.0,0.0
2024-11-01 10:42:00-04:00,90.08000183105469,90.11000061035156,90.05000305175781,90.05000305175781,8399,0.0,0.0
2024-11-01 10:43:00-04:00,90.05000305175781,90.05000305175781,89.95999908447266,89.98999786376953,7677,0.0,0.0
2024-11-01 10:44:00-04:00,89.99500274658203,90.00499725341797,89.98999786376953,89.98999786376953,3515,0.0,0.0
2024-11-01 10:45:00-04:00,89.99500274658203,90.00499725341797,89.97350311279297,89.98999786376953,4226,0.0,0.0
2024-11-01 10:46:00-04:00,90.01000213623047,90.01000213623047,89.94999694824219,89.95999908447266,12317,0.0,0.0
2024-11-01 10:47:00-04:00,89.94999694824219,89.97000122070312,89.94999694824219,89.95999908447266,2182,0.0,0.0
2024-11-01 10:48:00-04:00,89.9800033569336,89.9800033569336,89.94000244140625,89.94999694824219,4493,0.0,0.0
2024-11-01 10:49:00-04:00,89.95999908447266,90.01000213623047,89.95999908447266,90.01000213623047,2977,0.0,0.0
2024-11-01 10:50:00-04:00,90.0,90.05000305175781,89.98999786376953,90.01000213623047,63644,0.0,0.0
2024-11-01 10:51:00-04:00,90.04000091552734,90.05999755859375,90.01000213623047,90.05000305175781,6373,0.0,0.0
2024-11-01 10:52:00-04:00,90.05000305175781,90.06999969482422,90.01499938964844,90.0250015258789,7674,0.0,0.0
2024-11-01 10:53:00-04:00,90.02999877929688,90.06999969482422,90.0199966430664,90.06999969482422,6057,0.0,0.0
2024-11-01 10:54:00-04:00,90.08000183105469,90.25,90.08000183105469,90.23999786376953,15418,0.0,0.0
2024-11-01 10:55:00-04:00,90.23999786376953,90.23999786376953,90.20999908447266,90.22000122070312,3805,0.0,0.0
2024-11-01 10:56:00-04:00,90.22000122070312,90.22000122070312,90.18000030517578,90.20999908447266,4074,0.0,0.0
2024-11-01 10:57:00-04:00,90.21499633789062,90.2300033569336,90.20999908447266,90.20999908447266,3467,0.0,0.0
2024-11-01 10:58:00-04:00,90.22000122070312,90.23500061035156,90.22000122070312,90.22000122070312,3322,0.0,0.0
2024-11-01 10:59:00-04:00,90.22000122070312,90.2300033569336,90.19999694824219,90.22750091552734,3733,0.0,0.0
2024-11-01 11:00:00-04:00,90.22000122070312,90.26000213623047,90.21334838867188,90.25499725341797,3809,0.0,0.0
2024-11-01 11:01:00-04:00,90.26499938964844,90.2699966430664,90.26499938964844,90.2699966430664,2916,0.0,0.0
2024-11-01 11:02:00-04:00,90.26000213623047,90.29000091552734,90.26000213623047,90.28669738769531,4193,0.0,0.0
2024-11-01 11:03:00-04:00,90.29000091552734,90.30000305175781,90.26000213623047,90.26000213623047,6174,0.0,0.0
2024-11-01 11:04:00-04:00,90.26000213623047,90.31600189208984,90.26000213623047,90.30999755859375,5091,0.0,0.0
2024-11-01 11:05:00-04:00,90.30000305175781,90.30999755859375,90.25,90.25,3845,0.0,0.0
2024-11-01 11:06:00-04:00,90.26000213623047,90.2750015258789,90.25,90.2699966430664,2569,0.0,0.0
2024-11-01 11:07:00-04:00,90.26000213623047,90.27999877929688,90.25,90.2699966430664,2859,0.0,0.0
2024-11-01 11:08:00-04:00,90.2699966430664,90.33000183105469,90.26000213623047,90.30000305175781,11009,0.0,0.0
2024-11-01 11:09:00-04:00,90.27999877929688,90.29000091552734,90.19000244140625,90.19000244140625,11547,0.0,0.0
2024-11-01 11:10:00-04:00,90.22000122070312,90.2750015258789,90.22000122070312,90.2699966430664,4577,0.0,0.0
2024-11-01 11:11:00-04:00,90.2699966430664,90.36000061035156,90.2699966430664,90.3550033569336,16512,0.0,0.0
2024-11-01 11:12:00-04:00,90.37999725341797,90.38999938964844,90.37000274658203,90.37000274658203,1989,0.0,0.0
2024-11-01 11:13:00-04:00,90.37999725341797,90.4000015258789,90.33999633789062,90.33999633789062,3177,0.0,0.0
2024-11-01 11:14:00-04:00,90.33999633789062,90.38999938964844,90.33999633789062,90.38999938964844,23284,0.0,0.0
2024-11-01 11:15:00-04:00,90.3949966430664,90.41999816894531,90.38999938964844,90.4000015258789,13517,0.0,0.0
2024-11-01 11:16:00-04:00,90.4000015258789,90.4000015258789,90.3499984741211,90.3499984741211,4063,0.0,0.0
2024-11-01 11:17:00-04:00,90.3499984741211,90.36000061035156,90.28009796142578,90.30120086669922,5516,0.0,0.0
2024-11-01 11:18:00-04:00,90.29000091552734,90.31999969482422,90.27999877929688,90.30999755859375,5430,0.0,0.0
2024-11-01 11:19:00-04:00,90.33000183105469,90.36000061035156,90.33000183105469,90.3499984741211,2801,0.0,0.0
2024-11-01 11:20:00-04:00,90.36000061035156,90.36000061035156,90.30999755859375,90.33000183105469,20085,0.0,0.0
2024-11-01 11:21:00-04:00,90.33000183105469,90.33999633789062,90.29000091552734,90.33000183105469,9569,0.0,0.0
2024-11-01 11:22:00-04:00,90.33999633789062,90.37000274658203,90.33999633789062,90.34400177001953,17808,0.0,0.0
2024-11-01 11:23:00-04:00,90.3499984741211,90.36720275878906,90.30999755859375,90.3499984741211,5811,0.0,0.0
2024-11-01 11:24:00-04:00,90.37000274658203,90.37000274658203,90.3499984741211,90.36000061035156,1555,0.0,0.0
2024-11-01 11:25:00-04:00,90.37000274658203,90.37000274658203,90.3499984741211,90.3499984741211,2219,0.0,0.0
2024-11-01 11:26:00-04:00,90.37000274658203,90.37999725341797,90.30999755859375,90.30999755859375,5387,0.0,0.0
2024-11-01 11:27:00-04:00,90.30999755859375,90.36000061035156,90.30999755859375,90.3499984741211,3976,0.0,0.0
2024-11-01 11:28:00-04:00,90.33999633789062,90.37000274658203,90.33999633789062,90.36750030517578,3277,0.0,0.0
2024-11-01 11:29:00-04:00,90.36000061035156,90.36499786376953,90.3499984741211,90.36499786376953,1752,0.0,0.0
2024-11-01 11:30:00-04:00,90.3499984741211,90.37000274658203,90.3499984741211,90.3499984741211,2239,0.0,0.0
2024-11-01 11:31:00-04:00,90.3499984741211,90.36000061035156,90.33000183105469,90.3499984741211,3286,0.0,0.0
2024-11-01 11:32:00-04:00,90.3499984741211,90.38500213623047,90.3499984741211,90.36000061035156,3492,0.0,0.0
2024-11-01 11:33:00-04:00,90.36000061035156,90.37999725341797,90.36000061035156,90.36499786376953,3058,0.0,0.0
2024-11-01 11:34:00-04:00,90.36000061035156,90.4000015258789,90.3499984741211,90.3949966430664,5957,0.0,0.0
2024-11-01 11:35:00-04:00,90.3949966430664,90.3949966430664,90.36000061035156,90.36000061035156,3853,0.0,0.0
2024-11-01 11:36:00-04:00,90.37000274658203,90.39520263671875,90.36000061035156,90.38500213623047,3101,0.0,0.0
2024-11-01 11:37:00-04:00,90.38999938964844,90.38999938964844,90.3499984741211,90.3499984741211,4863,0.0,0.0
2024-11-01 11:38:00-04:00,90.3499984741211,90.3499984741211,90.30000305175781,90.33000183105469,4128,0.0,0.0
2024-11-01 11:39:00-04:00,90.31999969482422,90.33000183105469,90.29000091552734,90.29000091552734,2017,0.0,0.0
2024-11-01 11:40:00-04:00,90.29000091552734,90.30999755859375,90.29000091552734,90.30999755859375,6159,0.0,0.0
2024-11-01 11:41:00-04:00,90.30999755859375,90.30999755859375,90.28009796142578,90.29499816894531,2103,0.0,0.0
2024-11-01 11:42:00-04:00,90.27999877929688,90.4000015258789,90.2750015258789,90.4000015258789,23222,0.0,0.0
2024-11-01 11:44:00-04:00,90.41999816894531,90.47000122070312,90.41999816894531,90.43000030517578,11159,0.0,0.0
2024-11-01 11:45:00-04:00,90.43499755859375,90.5199966430664,90.43000030517578,90.5199966430664,11278,0.0,0.0
2024-11-01 11:46:00-04:00,90.5199966430664,90.56999969482422,90.51010131835938,90.55999755859375,21081,0.0,0.0
2024-11-01 11:47:00-04:00,90.54000091552734,90.62000274658203,90.54000091552734,90.5999984741211,13892,0.0,0.0
2024-11-01 11:48:00-04:00,90.61000061035156,90.69000244140625,90.58000183105469,90.68000030517578,21257,0.0,0.0
2024-11-01 11:49:00-04:00,90.68000030517578,90.68000030517578,90.61000061035156,90.62999725341797,11163,0.0,0.0
2024-11-01 11:50:00-04:00,90.63500213623047,90.66999816894531,90.61000061035156,90.63999938964844,15867,0.0,0.0
2024-11-01 11:51:00-04:00,90.61199951171875,90.61199951171875,90.55999755859375,90.55999755859375,12289,0.0,0.0
2024-11-01 11:52:00-04:00,90.55999755859375,90.56999969482422,90.54000091552734,90.55500030517578,5415,0.0,0.0
2024-11-01 11:53:00-04:00,90.55999755859375,90.55999755859375,90.50499725341797,90.54000091552734,9106,0.0,0.0
2024-11-01 11:54:00-04:00,90.54000091552734,90.62000274658203,90.54000091552734,90.62000274658203,9388,0.0,0.0
2024-11-01 11:55:00-04:00,90.61000061035156,90.61000061035156,90.54499816894531,90.55999755859375,9613,0.0,0.0
2024-11-01 11:56:00-04:00,90.55999755859375,90.66999816894531,90.55000305175781,90.6500015258789,10568,0.0,0.0
2024-11-01 11:57:00-04:00,90.63999938964844,90.6500015258789,90.58999633789062,90.58999633789062,3483,0.0,0.0
2024-11-01 11:58:00-04:00,90.58999633789062,90.5999984741211,90.58000183105469,90.58999633789062,1519,0.0,0.0
2024-11-01 12:00:00-04:00,90.70999908447266,90.70999908447266,90.69499969482422,90.69999694824219,23944,0.0,0.0
2024-11-01 12:01:00-04:00,90.69999694824219,90.7699966430664,90.68000030517578,90.7699966430664,12503,0.0,0.0
2024-11-01 12:02:00-04:00,90.7750015258789,90.80999755859375,90.73999786376953,90.77999877929688,12585,0.0,0.0
2024-11-01 12:03:00-04:00,90.77239990234375,90.80500030517578,90.77239990234375,90.80500030517578,5140,0.0,0.0
2024-11-01 12:04:00-04:00,90.80500030517578,90.83999633789062,90.79000091552734,90.81999969482422,12430,0.0,0.0
2024-11-01 12:05:00-04:00,90.83000183105469,90.86000061035156,90.80000305175781,90.80000305175781,4884,0.0,0.0
2024-11-01 12:06:00-04:00,90.79499816894531,90.80999755859375,90.7699966430664,90.7699966430664,6666,0.0,0.0
2024-11-01 12:07:00-04:00,90.78849792480469,90.78849792480469,90.7300033569336,90.76000213623047,5166,0.0,0.0
2024-11-01 12:08:00-04:00,90.7699966430664,90.77999877929688,90.75499725341797,90.75499725341797,1785,0.0,0.0
2024-11-01 12:09:00-04:00,90.75499725341797,90.80000305175781,90.75499725341797,90.79000091552734,5124,0.0,0.0
2024-11-01 12:10:00-04:00,90.79499816894531,90.80000305175781,90.77999877929688,90.79499816894531,5230,0.0,0.0
2024-11-01 12:11:00-04:00,90.80000305175781,90.83999633789062,90.80000305175781,90.81999969482422,9873,0.0,0.0
2024-11-01 12:12:00-04:00,90.81739807128906,90.8499984741211,90.810302734375,90.84130096435547,2848,0.0,0.0
2024-11-01 12:13:00-04:00,90.8499984741211,90.86000061035156,90.81999969482422,90.81999969482422,4897,0.0,0.0
2024-11-01 12:14:00-04:00,90.82499694824219,90.82499694824219,90.80999755859375,90.80999755859375,598,0.0,0.0
2024-11-01 12:16:00-04:00,90.80000305175781,90.83999633789062,90.80000305175781,90.83999633789062,23280,0.0,0.0
2024-11-01 12:17:00-04:00,90.83499908447266,90.86000061035156,90.83499908447266,90.83999633789062,4842,0.0,0.0
2024-11-01 12:18:00-04:00,90.83999633789062,90.84519958496094,90.80999755859375,90.81500244140625,4263,0.0,0.0
2024-11-01 12:19:00-04:00,90.80999755859375,90.83499908447266,90.80500030517578,90.83499908447266,4438,0.0,0.0
2024-11-01 12:20:00-04:00,90.83499908447266,90.83499908447266,90.79000091552734,90.79499816894531,7681,0.0,0.0
2024-11-01 12:21:00-04:00,90.7699966430664,90.79000091552734,90.76000213623047,90.78500366210938,3477,0.0,0.0
2024-11-01 12:22:00-04:00,90.79000091552734,90.81999969482422,90.79000091552734,90.80999755859375,3088,0.0,0.0
2024-11-01 12:23:00-04:00,90.80999755859375,90.81999969482422,90.79000091552734,90.80999755859375,5755,0.0,0.0
2024-11-01 12:24:00-04:00,90.80000305175781,90.83000183105469,90.80000305175781,90.81999969482422,3666,0.0,0.0
2024-11-01 12:25:00-04:00,90.80999755859375,90.80999755859375,90.75,90.77999877929688,10193,0.0,0.0
2024-11-01 12:26:00-04:00,90.78710174560547,90.82469940185547,90.77999877929688,90.82469940185547,3572,0.0,0.0
2024-11-01 12:27:00-04:00,90.81500244140625,90.81999969482422,90.80000305175781,90.81500244140625,2119,0.0,0.0
2024-11-01 12:28:00-04:00,90.81999969482422,90.84500122070312,90.81999969482422,90.83499908447266,5844,0.0,0.0
2024-11-01 12:29:00-04:00,90.83999633789062,90.83999633789062,90.73999786376953,90.75,14954,0.0,0.0
2024-11-01 12:31:00-04:00,90.76000213623047,90.76000213623047,90.75,90.75499725341797,16373,0.0,0.0
2024-11-01 12:32:00-04:00,90.80000305175781,90.81999969482422,90.78579711914062,90.81999969482422,6618,0.0,0.0
2024-11-01 12:33:00-04:00,90.82499694824219,90.91000366210938,90.82499694824219,90.91000366210938,8768,0.0,0.0
2024-11-01 12:34:00-04:00,90.91000366210938,90.91999816894531,90.87100219726562,90.87999725341797,6067,0.0,0.0
2024-11-01 12:35:00-04:00,90.87000274658203,90.87000274658203,90.81999969482422,90.82499694824219,2937,0.0,0.0
2024-11-01 12:36:00-04:00,90.83000183105469,90.83999633789062,90.77999877929688,90.77999877929688,6564,0.0,0.0
2024-11-01 12:37:00-04:00,90.77999877929688,90.77999877929688,90.75,90.7750015258789,4378,0.0,0.0
2024-11-01 12:38:00-04:00,90.77999877929688,90.80000305175781,90.7699966430664,90.79000091552734,6294,0.0,0.0
2024-11-01 12:39:00-04:00,90.79000091552734,90.79000091552734,90.76000213623047,90.7699966430664,4658,0.0,0.0
2024-11-01 12:40:00-04:00,90.7699966430664,90.7699966430664,90.7300033569336,90.73500061035156,6606,0.0,0.0
2024-11-01 12:41:00-04:00,90.7300033569336,90.7300033569336,90.70999908447266,90.71009826660156,3547,0.0,0.0
2024-11-01 12:42:00-04:00,90.70999908447266,90.70999908447266,90.63999938964844,90.63999938964844,4851,0.0,0.0
2024-11-01 12:43:00-04:00,90.63999938964844,90.6500015258789,90.58000183105469,90.61000061035156,13848,0.0,0.0
2024-11-01 12:44:00-04:00,90.5999984741211,90.61000061035156,90.58999633789062,90.61000061035156,7560,0.0,0.0
2024-11-01 12:45:00-04:00,90.61000061035156,90.63999938964844,90.58999633789062,90.62999725341797,6774,0.0,0.0
2024-11-01 12:46:00-04:00,90.63999938964844,90.6449966430664,90.62999725341797,90.63999938964844,2772,0.0,0.0
2024-11-01 12:47:00-04:00,90.62999725341797,90.62999725341797,90.5999984741211,90.62000274658203,12902,0.0,0.0
2024-11-01 12:48:00-04:00,90.62000274658203,90.62000274658203,90.58999633789062,90.62000274658203,7693,0.0,0.0
2024-11-01 12:49:00-04:00,90.61000061035156,90.61499786376953,90.58000183105469,90.58999633789062,4395,0.0,0.0
2024-11-01 12:50:00-04:00,90.58999633789062,90.5999984741211,90.56999969482422,90.58999633789062,5193,0.0,0.0
2024-11-01 12:51:00-04:00,90.58999633789062,90.5999984741211,90.58000183105469,90.58000183105469,4531,0.0,0.0
2024-11-01 12:52:00-04:00,90.58000183105469,90.58000183105469,90.52999877929688,90.56500244140625,14383,0.0,0.0
2024-11-01 12:53:00-04:00,90.55999755859375,90.57150268554688,90.54000091552734,90.56500244140625,13763,0.0,0.0
2024-11-01 12:54:00-04:00,90.55000305175781,90.55999755859375,90.53500366210938,90.55000305175781,3842,0.0,0.0
2024-11-01 12:55:00-04:00,90.54499816894531,90.55999755859375,90.5199966430664,90.55500030517578,3518,0.0,0.0
2024-11-01 12:56:00-04:00,90.55000305175781,90.55999755859375,90.54499816894531,90.55000305175781,5534,0.0,0.0
2024-11-01 12:57:00-04:00,90.55999755859375,90.55999755859375,90.5199966430664,90.53500366210938,10207,0.0,0.0
2024-11-01 12:58:00-04:00,90.5250015258789,90.5250015258789,90.51000213623047,90.51000213623047,6284,0.0,0.0
2024-11-01 12:59:00-04:00,90.51000213623047,90.56999969482422,90.51000213623047,90.56999969482422,3555,0.0,0.0
2024-11-01 13:00:00-04:00,90.56999969482422,90.58999633789062,90.55999755859375,90.58000183105469,9324,0.0,0.0
2024-11-01 13:01:00-04:00,90.58000183105469,90.58000183105469,90.55000305175781,90.55500030517578,6212,0.0,0.0
2024-11-01 13:02:00-04:00,90.55999755859375,90.55999755859375,90.53500366210938,90.53500366210938,3956,0.0,0.0
2024-11-01 13:03:00-04:00,90.54000091552734,90.54499816894531,90.50250244140625,90.5199966430664,4825,0.0,0.0
2024-11-01 13:04:00-04:00,90.52999877929688,90.55000305175781,90.52999877929688,90.54000091552734,6026,0.0,0.0
2024-11-01 13:05:00-04:00,90.54000091552734,90.62000274658203,90.52999877929688,90.6050033569336,8403,0.0,0.0
2024-11-01 13:06:00-04:00,90.5999984741211,90.5999984741211,90.58000183105469,90.58000183105469,6920,0.0,0.0
2024-11-01 13:07:00-04:00,90.58000183105469,90.58999633789062,90.55000305175781,90.58999633789062,3007,0.0,0.0
2024-11-01 13:08:00-04:00,90.58000183105469,90.58000183105469,90.52999877929688,90.53500366210938,9592,0.0,0.0
2024-11-01 13:09:00-04:00,90.52999877929688,90.53990173339844,90.52320098876953,90.52320098876953,1454,0.0,0.0
2024-11-01 13:10:00-04:00,90.5250015258789,90.5250015258789,90.45500183105469,90.45500183105469,7511,0.0,0.0
2024-11-01 13:11:00-04:00,90.45999908447266,90.48999786376953,90.44999694824219,90.48999786376953,3718,0.0,0.0
2024-11-01 13:12:00-04:00,90.48500061035156,90.5199966430664,90.48500061035156,90.5199966430664,3722,0.0,0.0
2024-11-01 13:13:00-04:00,90.53500366210938,90.53500366210938,90.48999786376953,90.49500274658203,4186,0.0,0.0
2024-11-01 13:14:00-04:00,90.48999786376953,90.50499725341797,90.45999908447266,90.45999908447266,4418,0.0,0.0
2024-11-01 13:15:00-04:00,90.44999694824219,90.44999694824219,90.41999816894531,90.43000030517578,7752,0.0,0.0
2024-11-01 13:16:00-04:00,90.42500305175781,90.44000244140625,90.4000015258789,90.43000030517578,4943,0.0,0.0
2024-11-01 13:17:00-04:00,90.41999816894531,90.45999908447266,90.41999816894531,90.45999908447266,3597,0.0,0.0
2024-11-01 13:18:00-04:00,90.45500183105469,90.55999755859375,90.45500183105469,90.52999877929688,12268,0.0,0.0
2024-11-01 13:19:00-04:00,90.54000091552734,90.54640197753906,90.48999786376953,90.48999786376953,15040,0.0,0.0
2024-11-01 13:20:00-04:00,90.48999786376953,90.48999786376953,90.44000244140625,90.44999694824219,3783,0.0,0.0
2024-11-01 13:21:00-04:00,90.44999694824219,90.51000213623047,90.44000244140625,90.5,6381,0.0,0.0
2024-11-01 13:22:00-04:00,90.51000213623047,90.55000305175781,90.51000213623047,90.55000305175781,8688,0.0,0.0
2024-11-01 13:23:00-04:00,90.55500030517578,90.58000183105469,90.55500030517578,90.55999755859375,6591,0.0,0.0
2024-11-01 13:24:00-04:00,90.58000183105469,90.62999725341797,90.58000183105469,90.62000274658203,9414,0.0,0.0
2024-11-01 13:25:00-04:00,90.62000274658203,90.68000030517578,90.58999633789062,90.62999725341797,21069,0.0,0.0
2024-11-01 13:26:00-04:00,90.63999938964844,90.65499877929688,90.59020233154297,90.6084976196289,11499,0.0,0.0
2024-11-01 13:27:00-04:00,90.6050033569336,90.6050033569336,90.52729797363281,90.53500366210938,5247,0.0,0.0
2024-11-01 13:28:00-04:00,90.52999877929688,90.54000091552734,90.52999877929688,90.54000091552734,2440,0.0,0.0
2024-11-01 13:29:00-04:00,90.54000091552734,90.55999755859375,90.54000091552734,90.54000091552734,3556,0.0,0.0
2024-11-01 13:30:00-04:00,90.51000213623047,90.51000213623047,90.44999694824219,90.44999694824219,1657,0.0,0.0
2024-11-01 13:31:00-04:00,90.44999694824219,90.4749984741211,90.41000366210938,90.41999816894531,5030,0.0,0.0
2024-11-01 13:32:00-04:00,90.42500305175781,90.44000244140625,90.36920166015625,90.38159942626953,3531,0.0,0.0
2024-11-01 13:33:00-04:00,90.3499984741211,90.37000274658203,90.31999969482422,90.31999969482422,4610,0.0,0.0
2024-11-01 13:34:00-04:00,90.32589721679688,90.32589721679688,90.30000305175781,90.30999755859375,3292,0.0,0.0
2024-11-01 13:35:00-04:00,90.30999755859375,90.33000183105469,90.28990173339844,90.30999755859375,7037,0.0,0.0
2024-11-01 13:36:00-04:00,90.30999755859375,90.33000183105469,90.29000091552734,90.30000305175781,3815,0.0,0.0
2024-11-01 13:37:00-04:00,90.30000305175781,90.30999755859375,90.26480102539062,90.29000091552734,4141,0.0,0.0
2024-11-01 13:38:00-04:00,90.29000091552734,90.3550033569336,90.29000091552734,90.3499984741211,5792,0.0,0.0
2024-11-01 13:39:00-04:00,90.36000061035156,90.36000061035156,90.3499984741211,90.3499984741211,3860,0.0,0.0
2024-11-01 13:40:00-04:00,90.3499984741211,90.37000274658203,90.32099914550781,90.32099914550781,4146,0.0,0.0
2024-11-01 13:41:00-04:00,90.31999969482422,90.32990264892578,90.29499816894531,90.30999755859375,4301,0.0,0.0
2024-11-01 13:42:00-04:00,90.30000305175781,90.31999969482422,90.30000305175781,90.30000305175781,1165,0.0,0.0
2024-11-01 13:43:00-04:00,90.30999755859375,90.30999755859375,90.2699966430664,90.27999877929688,2499,0.0,0.0
2024-11-01 13:44:00-04:00,90.29000091552734,90.29499816894531,90.26000213623047,90.26000213623047,3394,0.0,0.0
2024-11-01 13:45:00-04:00,90.26499938964844,90.2699966430664,90.26000213623047,90.26000213623047,4041,0.0,0.0
2024-11-01 13:46:00-04:00,90.25,90.26000213623047,90.23999786376953,90.23999786376953,1350,0.0,0.0
2024-11-01 13:47:00-04:00,90.25,90.25,90.22000122070312,90.2300033569336,2460,0.0,0.0
2024-11-01 13:48:00-04:00,90.2300033569336,90.25,90.2300033569336,90.25,2288,0.0,0.0
2024-11-01 13:49:00-04:00,90.23999786376953,90.2699966430664,90.23999786376953,90.26000213623047,3947,0.0,0.0
2024-11-01 13:50:00-04:00,90.26000213623047,90.3499984741211,90.25,90.3499984741211,9384,0.0,0.0
2024-11-01 13:51:00-04:00,90.36000061035156,90.36250305175781,90.27999877929688,90.27999877929688,5019,0.0,0.0
2024-11-01 13:52:00-04:00,90.29000091552734,90.30000305175781,90.2699966430664,90.27999877929688,4392,0.0,0.0
2024-11-01 13:53:00-04:00,90.27999877929688,90.30999755859375,90.27999877929688,90.27999877929688,6148,0.0,0.0
2024-11-01 13:54:00-04:00,90.29000091552734,90.30000305175781,90.27999877929688,90.29000091552734,2484,0.0,0.0
2024-11-01 13:55:00-04:00,90.29000091552734,90.30000305175781,90.26000213623047,90.26000213623047,2540,0.0,0.0
2024-11-01 13:56:00-04:00,90.26499938964844,90.28500366210938,90.26000213623047,90.28500366210938,3689,0.0,0.0
2024-11-01 13:57:00-04:00,90.2750015258789,90.2750015258789,90.23999786376953,90.2699966430664,2699,0.0,0.0
2024-11-01 13:58:00-04:00,90.26000213623047,90.26000213623047,90.2300033569336,90.24500274658203,2875,0.0,0.0
2024-11-01 13:59:00-04:00,90.2300033569336,90.2300033569336,90.20999908447266,90.20999908447266,2549,0.0,0.0
2024-11-01 14:00:00-04:00,90.20999908447266,90.20999908447266,90.16999816894531,90.19999694824219,3021,0.0,0.0
2024-11-01 14:01:00-04:00,90.19999694824219,90.23999786376953,90.19999694824219,90.2300033569336,4319,0.0,0.0
2024-11-01 14:02:00-04:00,90.2300033569336,90.2300033569336,90.19000244140625,90.19999694824219,4771,0.0,0.0
2024-11-01 14:03:00-04:00,90.19580078125,90.19580078125,90.18499755859375,90.19000244140625,3997,0.0,0.0
2024-11-01 14:04:00-04:00,90.19499969482422,90.19499969482422,90.16999816894531,90.19000244140625,5634,0.0,0.0
2024-11-01 14:05:00-04:00,90.20999908447266,90.22000122070312,90.18000030517578,90.20999908447266,5662,0.0,0.0
2024-11-01 14:06:00-04:00,90.19999694824219,90.25499725341797,90.19999694824219,90.23999786376953,10325,0.0,0.0
2024-11-01 14:07:00-04:00,90.2300033569336,90.2300033569336,90.18000030517578,90.18000030517578,3276,0.0,0.0
2024-11-01 14:08:00-04:00,90.18000030517578,90.20999908447266,90.18000030517578,90.18000030517578,3374,0.0,0.0
2024-11-01 14:09:00-04:00,90.18000030517578,90.19000244140625,90.16000366210938,90.19000244140625,3566,0.0,0.0
2024-11-01 14:10:00-04:00,90.17500305175781,90.19000244140625,90.16000366210938,90.1709976196289,4908,0.0,0.0
2024-11-01 14:11:00-04:00,90.17279815673828,90.18000030517578,90.13999938964844,90.13999938964844,5064,0.0,0.0
2024-11-01 14:12:00-04:00,90.125,90.16999816894531,90.125,90.16999816894531,3592,0.0,0.0
2024-11-01 14:13:00-04:00,90.16500091552734,90.16999816894531,90.1500015258789,90.16999816894531,2051,0.0,0.0
2024-11-01 14:14:00-04:00,90.16999816894531,90.19999694824219,90.16999816894531,90.19000244140625,3097,0.0,0.0
2024-11-01 14:15:00-04:00,90.18000030517578,90.19000244140625,90.18000030517578,90.19000244140625,1084,0.0,0.0
2024-11-01 14:16:00-04:00,90.19499969482422,90.20999908447266,90.19499969482422,90.20500183105469,2758,0.0,0.0
2024-11-01 14:17:00-04:00,90.20159912109375,90.25,90.19999694824219,90.2300033569336,5053,0.0,0.0
2024-11-01 14:18:00-04:00,90.2300033569336,90.2677993774414,90.2300033569336,90.25,3625,0.0,0.0
2024-11-01 14:19:00-04:00,90.25,90.25,90.20999908447266,90.2240982055664,5486,0.0,0.0
2024-11-01 14:20:00-04:00,90.22000122070312,90.25,90.22000122070312,90.25,6575,0.0,0.0
2024-11-01 14:21:00-04:00,90.23999786376953,90.2699966430664,90.23999786376953,90.2699966430664,3292,0.0,0.0
2024-11-01 14:22:00-04:00,90.27999877929688,90.31999969482422,90.2750015258789,90.30000305175781,6689,0.0,0.0
2024-11-01 14:23:00-04:00,90.31999969482422,90.36000061035156,90.31999969482422,90.3499984741211,5067,0.0,0.0
2024-11-01 14:24:00-04:00,90.3499984741211,90.38999938964844,90.3499984741211,90.38999938964844,2970,0.0,0.0
2024-11-01 14:25:00-04:00,90.4000015258789,90.41000366210938,90.33000183105469,90.33000183105469,5216,0.0,0.0
2024-11-01 14:26:00-04:00,90.3499984741211,90.3550033569336,90.33999633789062,90.33999633789062,2820,0.0,0.0
2024-11-01 14:27:00-04:00,90.33999633789062,90.37899780273438,90.33999633789062,90.37899780273438,2218,0.0,0.0
2024-11-01 14:28:00-04:00,90.375,90.4000015258789,90.375,90.4000015258789,1527,0.0,0.0
2024-11-01 14:29:00-04:00,90.41000366210938,90.41500091552734,90.4000015258789,90.4010009765625,3552,0.0,0.0
2024-11-01 14:30:00-04:00,90.40499877929688,90.40499877929688,90.36000061035156,90.37000274658203,2785,0.0,0.0
2024-11-01 14:31:00-04:00,90.37999725341797,90.3949966430664,90.37000274658203,90.38999938964844,2591,0.0,0.0
2024-11-01 14:32:00-04:00,90.38999938964844,90.4000015258789,90.36499786376953,90.37000274658203,3039,0.0,0.0
2024-11-01 14:33:00-04:00,90.36499786376953,90.37000274658203,90.36000061035156,90.37000274658203,2235,0.0,0.0
2024-11-01 14:34:00-04:00,90.37999725341797,90.39800262451172,90.37999725341797,90.39800262451172,2185,0.0,0.0
2024-11-01 14:35:00-04:00,90.38500213623047,90.38999938964844,90.38500213623047,90.38999938964844,2106,0.0,0.0
2024-11-01 14:36:00-04:00,90.37999725341797,90.41000366210938,90.36000061035156,90.41000366210938,5301,0.0,0.0
2024-11-01 14:37:00-04:00,90.4000015258789,90.43000030517578,90.4000015258789,90.41999816894531,2784,0.0,0.0
2024-11-01 14:38:00-04:00,90.41999816894531,90.41999816894531,90.4000015258789,90.4000015258789,2985,0.0,0.0
2024-11-01 14:39:00-04:00,90.38999938964844,90.41999816894531,90.38999938964844,90.41000366210938,3496,0.0,0.0
2024-11-01 14:40:00-04:00,90.4000015258789,90.41999816894531,90.4000015258789,90.41000366210938,2894,0.0,0.0
2024-11-01 14:41:00-04:00,90.4000015258789,90.41000366210938,90.38999938964844,90.38999938964844,2399,0.0,0.0
2024-11-01 14:42:00-04:00,90.38999938964844,90.41000366210938,90.38999938964844,90.41000366210938,6547,0.0,0.0
2024-11-01 14:43:00-04:00,90.41560363769531,90.42500305175781,90.41000366210938,90.41999816894531,4385,0.0,0.0
2024-11-01 14:44:00-04:00,90.41999816894531,90.43499755859375,90.4000015258789,90.43499755859375,3525,0.0,0.0
2024-11-01 14:45:00-04:00,90.44000244140625,90.45500183105469,90.44000244140625,90.44999694824219,3063,0.0,0.0
2024-11-01 14:46:00-04:00,90.44000244140625,90.44000244140625,90.41000366210938,90.41500091552734,5262,0.0,0.0
2024-11-01 14:47:00-04:00,90.41500091552734,90.44000244140625,90.4000015258789,90.43000030517578,4794,0.0,0.0
2024-11-01 14:48:00-04:00,90.43499755859375,90.44000244140625,90.41999816894531,90.41999816894531,2764,0.0,0.0
2024-11-01 14:49:00-04:00,90.41000366210938,90.43499755859375,90.40190124511719,90.43499755859375,3120,0.0,0.0
2024-11-01 14:50:00-04:00,90.44000244140625,90.44999694824219,90.41999816894531,90.44000244140625,4643,0.0,0.0
2024-11-01 14:51:00-04:00,90.44999694824219,90.45500183105469,90.40499877929688,90.40499877929688,2821,0.0,0.0
2024-11-01 14:52:00-04:00,90.40499877929688,90.42500305175781,90.40499877929688,90.42500305175781,2481,0.0,0.0
2024-11-01 14:53:00-04:00,90.42500305175781,90.42500305175781,90.4000015258789,90.41000366210938,3001,0.0,0.0
2024-11-01 14:54:00-04:00,90.40499877929688,90.41000366210938,90.3949966430664,90.4000015258789,3645,0.0,0.0
2024-11-01 14:55:00-04:00,90.38999938964844,90.41000366210938,90.38500213623047,90.41000366210938,2583,0.0,0.0
2024-11-01 14:56:00-04:00,90.40499877929688,90.43000030517578,90.40499877929688,90.43000030517578,4841,0.0,0.0
2024-11-01 14:57:00-04:00,90.43000030517578,90.44499969482422,90.43000030517578,90.44499969482422,1295,0.0,0.0
2024-11-01 14:58:00-04:00,90.44499969482422,90.48999786376953,90.44499969482422,90.48500061035156,3244,0.0,0.0
2024-11-01 14:59:00-04:00,90.48500061035156,90.48999786376953,90.46499633789062,90.46499633789062,7575,0.0,0.0
2024-11-01 15:00:00-04:00,90.46499633789062,90.49500274658203,90.45500183105469,90.45500183105469,4465,0.0,0.0
2024-11-01 15:01:00-04:00,90.45500183105469,90.4800033569336,90.44499969482422,90.4800033569336,3806,0.0,0.0
2024-11-01 15:02:00-04:00,90.48999786376953,90.48999786376953,90.46499633789062,90.46499633789062,3553,0.0,0.0
2024-11-01 15:03:00-04:00,90.46499633789062,90.48999786376953,90.46499633789062,90.4749984741211,4284,0.0,0.0
2024-11-01 15:04:00-04:00,90.46499633789062,90.48999786376953,90.45999908447266,90.4800033569336,3710,0.0,0.0
2024-11-01 15:05:00-04:00,90.48500061035156,90.49634552001953,90.4800033569336,90.49500274658203,3633,0.0,0.0
2024-11-01 15:06:00-04:00,90.5,90.52999877929688,90.5,90.5250015258789,5977,0.0,0.0
2024-11-01 15:07:00-04:00,90.5250015258789,90.52999877929688,90.51000213623047,90.51499938964844,10200,0.0,0.0
2024-11-01 15:08:00-04:00,90.51499938964844,90.55000305175781,90.51010131835938,90.54499816894531,4550,0.0,0.0
2024-11-01 15:09:00-04:00,90.54499816894531,90.58499908447266,90.54499816894531,90.58000183105469,6732,0.0,0.0
2024-11-01 15:10:00-04:00,90.58000183105469,90.58999633789062,90.56999969482422,90.56999969482422,5758,0.0,0.0
2024-11-01 15:11:00-04:00,90.55000305175781,90.55000305175781,90.51180267333984,90.5199966430664,5146,0.0,0.0
2024-11-01 15:12:00-04:00,90.5376968383789,90.5385971069336,90.52999877929688,90.53009796142578,3129,0.0,0.0
2024-11-01 15:13:00-04:00,90.52999877929688,90.55999755859375,90.51499938964844,90.55500030517578,8600,0.0,0.0
2024-11-01 15:14:00-04:00,90.55500030517578,90.58000183105469,90.55000305175781,90.56999969482422,6044,0.0,0.0
2024-11-01 15:15:00-04:00,90.58000183105469,90.5999984741211,90.57499694824219,90.58000183105469,9141,0.0,0.0
2024-11-01 15:16:00-04:00,90.58000183105469,90.58999633789062,90.52999877929688,90.52999877929688,9658,0.0,0.0
2024-11-01 15:17:00-04:00,90.52999877929688,90.55000305175781,90.5,90.51000213623047,6585,0.0,0.0
2024-11-01 15:18:00-04:00,90.5000991821289,90.51000213623047,90.48999786376953,90.5,6227,0.0,0.0
2024-11-01 15:19:00-04:00,90.5,90.55000305175781,90.5,90.52999877929688,4645,0.0,0.0
2024-11-01 15:20:00-04:00,90.5250015258789,90.55999755859375,90.51000213623047,90.55999755859375,3219,0.0,0.0
2024-11-01 15:21:00-04:00,90.55000305175781,90.55000305175781,90.52999877929688,90.52999877929688,4653,0.0,0.0
2024-11-01 15:22:00-04:00,90.53500366210938,90.55000305175781,90.51000213623047,90.55000305175781,6543,0.0,0.0
2024-11-01 15:23:00-04:00,90.54000091552734,90.54000091552734,90.5199966430664,90.5199966430664,3365,0.0,0.0
2024-11-01 15:24:00-04:00,90.5250015258789,90.54499816894531,90.5248031616211,90.5248031616211,4784,0.0,0.0
2024-11-01 15:25:00-04:00,90.5250015258789,90.5250015258789,90.48999786376953,90.49500274658203,4509,0.0,0.0
2024-11-01 15:26:00-04:00,90.49500274658203,90.51000213623047,90.4800033569336,90.4800033569336,5031,0.0,0.0
2024-11-01 15:27:00-04:00,90.48829650878906,90.5199966430664,90.47000122070312,90.47000122070312,15335,0.0,0.0
2024-11-01 15:28:00-04:00,90.47000122070312,90.4749984741211,90.41999816894531,90.43499755859375,8804,0.0,0.0
2024-11-01 15:29:00-04:00,90.44000244140625,90.44999694824219,90.41000366210938,90.41000366210938,8527,0.0,0.0
2024-11-01 15:30:00-04:00,90.41000366210938,90.42890167236328,90.37999725341797,90.42890167236328,13189,0.0,0.0
2024-11-01 15:31:00-04:00,90.43000030517578,90.44499969482422,90.41999816894531,90.44000244140625,6252,0.0,0.0
2024-11-01 15:32:00-04:00,90.44999694824219,90.44999694824219,90.41000366210938,90.43499755859375,4015,0.0,0.0
2024-11-01 15:33:00-04:00,90.43499755859375,90.43900299072266,90.38999938964844,90.41500091552734,6947,0.0,0.0
2024-11-01 15:34:00-04:00,90.41000366210938,90.41999816894531,90.3963394165039,90.4000015258789,5535,0.0,0.0
2024-11-01 15:35:00-04:00,90.38999938964844,90.38999938964844,90.36499786376953,90.375,8056,0.0,0.0
2024-11-01 15:36:00-04:00,90.37999725341797,90.37999725341797,90.29499816894531,90.29499816894531,8116,0.0,0.0
2024-11-01 15:37:00-04:00,90.30000305175781,90.30999755859375,90.2699966430664,90.2699966430664,7713,0.0,0.0
2024-11-01 15:38:00-04:00,90.27999877929688,90.27999877929688,90.25,90.25,7684,0.0,0.0
2024-11-01 15:39:00-04:00,90.25499725341797,90.27999877929688,90.25499725341797,90.26000213623047,6734,0.0,0.0
2024-11-01 15:40:00-04:00,90.26000213623047,90.2699966430664,90.24500274658203,90.2699966430664,6810,0.0,0.0
2024-11-01 15:41:00-04:00,90.26000213623047,90.31999969482422,90.26000213623047,90.30999755859375,7181,0.0,0.0
2024-11-01 15:42:00-04:00,90.30000305175781,90.30999755859375,90.2750015258789,90.30999755859375,8717,0.0,0.0
2024-11-01 15:43:00-04:00,90.30999755859375,90.31500244140625,90.30000305175781,90.31500244140625,6624,0.0,0.0
2024-11-01 15:44:00-04:00,90.30999755859375,90.31999969482422,90.25,90.25,6661,0.0,0.0
2024-11-01 15:45:00-04:00,90.25,90.26499938964844,90.21499633789062,90.2300033569336,7724,0.0,0.0
2024-11-01 15:46:00-04:00,90.2249984741211,90.2249984741211,90.19000244140625,90.20999908447266,8912,0.0,0.0
2024-11-01 15:47:00-04:00,90.22000122070312,90.22000122070312,90.16999816894531,90.19499969482422,8224,0.0,0.0
2024-11-01 15:48:00-04:00,90.19499969482422,90.20999908447266,90.18000030517578,90.19999694824219,8099,0.0,0.0
2024-11-01 15:49:00-04:00,90.19999694824219,90.20999908447266,90.17500305175781,90.17500305175781,7827,0.0,0.0
2024-11-01 15:50:00-04:00,90.16999816894531,90.16999816894531,90.06999969482422,90.07499694824219,20862,0.0,0.0
2024-11-01 15:51:00-04:00,90.06999969482422,90.08899688720703,90.02999877929688,90.05999755859375,19669,0.0,0.0
2024-11-01 15:52:00-04:00,90.05500030517578,90.0999984741211,90.05500030517578,90.06189727783203,15376,0.0,0.0
2024-11-01 15:53:00-04:00,90.05000305175781,90.05999755859375,90.0250015258789,90.04900360107422,19725,0.0,0.0
2024-11-01 15:54:00-04:00,90.05000305175781,90.0999984741211,90.04499816894531,90.0999984741211,17545,0.0,0.0
2024-11-01 15:55:00-04:00,90.0999984741211,90.12000274658203,90.04000091552734,90.04499816894531,24712,0.0,0.0
2024-11-01 15:56:00-04:00,90.04499816894531,90.05999755859375,90.03500366210938,90.04000091552734,24415,0.0,0.0
2024-11-01 15:57:00-04:00,90.04000091552734,90.05000305175781,90.0199966430664,90.03500366210938,37620,0.0,0.0
2024-11-01 15:58:00-04:00,90.02999877929688,90.03500366210938,89.98999786376953,90.01010131835938,52108,0.0,0.0
2024-11-01 15:59:00-04:00,90.01499938964844,90.06999969482422,90.01000213623047,90.04000091552734,95391,0.0,0.0
