Datetime,Open,High,Low,Close,Volume,Dividends,Stock Splits
2024-10-28 09:30:00-04:00,13.329999923706055,13.329999923706055,13.329999923706055,13.329999923706055,4653,0.0,0.0
2024-10-28 09:35:00-04:00,13.507599830627441,13.507599830627441,13.507599830627441,13.507599830627441,375,0.0,0.0
2024-10-28 09:40:00-04:00,13.579999923706055,13.579999923706055,13.579999923706055,13.579999923706055,751,0.0,0.0
2024-10-28 09:49:00-04:00,13.539999961853027,13.539999961853027,13.539999961853027,13.539999961853027,172,0.0,0.0
2024-10-28 09:53:00-04:00,13.54539966583252,13.640000343322754,13.54539966583252,13.640000343322754,731,0.0,0.0
2024-10-28 09:54:00-04:00,13.739999771118164,13.739999771118164,13.739999771118164,13.739999771118164,1612,0.0,0.0
2024-10-28 09:58:00-04:00,13.765000343322754,13.770000457763672,13.765000343322754,13.770000457763672,492,0.0,0.0
2024-10-28 09:59:00-04:00,13.859999656677246,13.859999656677246,13.859999656677246,13.859999656677246,120,0.0,0.0
2024-10-28 10:01:00-04:00,13.869999885559082,13.869999885559082,13.850000381469727,13.859999656677246,1222,0.0,0.0
2024-10-28 10:03:00-04:00,13.84000015258789,13.850000381469727,13.84000015258789,13.850000381469727,1779,0.0,0.0
2024-10-28 10:07:00-04:00,13.899999618530273,13.899999618530273,13.899999618530273,13.899999618530273,229,0.0,0.0
2024-10-28 10:10:00-04:00,13.770000457763672,13.770000457763672,13.720000267028809,13.720000267028809,411,0.0,0.0
2024-10-28 10:11:00-04:00,13.590100288391113,13.590100288391113,13.590100288391113,13.590100288391113,158,0.0,0.0
2024-10-28 10:14:00-04:00,13.600000381469727,13.600000381469727,13.579999923706055,13.579999923706055,745,0.0,0.0
2024-10-28 10:16:00-04:00,13.630000114440918,13.630000114440918,13.630000114440918,13.630000114440918,416,0.0,0.0
2024-10-28 10:25:00-04:00,13.5600004196167,13.5600004196167,13.5600004196167,13.5600004196167,857,0.0,0.0
2024-10-28 10:31:00-04:00,13.5600004196167,13.5600004196167,13.5600004196167,13.5600004196167,381,0.0,0.0
2024-10-28 10:36:00-04:00,13.635000228881836,13.635000228881836,13.635000228881836,13.635000228881836,241,0.0,0.0
2024-10-28 10:40:00-04:00,13.635000228881836,13.635000228881836,13.635000228881836,13.635000228881836,157,0.0,0.0
2024-10-28 10:42:00-04:00,13.635000228881836,13.635000228881836,13.635000228881836,13.635000228881836,186,0.0,0.0
2024-10-28 10:43:00-04:00,13.699999809265137,13.699999809265137,13.699999809265137,13.699999809265137,405,0.0,0.0
2024-10-28 10:51:00-04:00,13.6899995803833,13.6899995803833,13.6899995803833,13.6899995803833,270,0.0,0.0
2024-10-28 10:59:00-04:00,13.60569953918457,13.60569953918457,13.60569953918457,13.60569953918457,281,0.0,0.0
2024-10-28 11:00:00-04:00,13.702699661254883,13.702699661254883,13.702699661254883,13.702699661254883,834,0.0,0.0
2024-10-28 11:02:00-04:00,13.579999923706055,13.579999923706055,13.579999923706055,13.579999923706055,554,0.0,0.0
2024-10-28 11:14:00-04:00,13.5246000289917,13.5246000289917,13.5246000289917,13.5246000289917,645,0.0,0.0
2024-10-28 11:17:00-04:00,13.510000228881836,13.510000228881836,13.5,13.5,701,0.0,0.0
2024-10-28 11:19:00-04:00,13.5,13.5,13.5,13.5,770,0.0,0.0
2024-10-28 11:20:00-04:00,13.5447998046875,13.5447998046875,13.5447998046875,13.5447998046875,779,0.0,0.0
2024-10-28 11:23:00-04:00,13.59000015258789,13.59000015258789,13.5600004196167,13.59000015258789,630,0.0,0.0
2024-10-28 11:26:00-04:00,13.59000015258789,13.600000381469727,13.59000015258789,13.600000381469727,821,0.0,0.0
2024-10-28 11:29:00-04:00,13.595999717712402,13.595999717712402,13.595999717712402,13.595999717712402,465,0.0,0.0
2024-10-28 11:33:00-04:00,13.520000457763672,13.520000457763672,13.520000457763672,13.520000457763672,127,0.0,0.0
2024-10-28 11:35:00-04:00,13.5,13.5,13.5,13.5,651,0.0,0.0
2024-10-28 11:42:00-04:00,13.443400382995605,13.443400382995605,13.443400382995605,13.443400382995605,1122,0.0,0.0
2024-10-28 11:50:00-04:00,13.470000267028809,13.539999961853027,13.470000267028809,13.539999961853027,328,0.0,0.0
2024-10-28 11:55:00-04:00,13.569999694824219,13.569999694824219,13.569999694824219,13.569999694824219,103,0.0,0.0
2024-10-28 11:58:00-04:00,13.536999702453613,13.536999702453613,13.536999702453613,13.536999702453613,365,0.0,0.0
2024-10-28 12:00:00-04:00,13.539999961853027,13.539999961853027,13.539999961853027,13.539999961853027,285,0.0,0.0
2024-10-28 12:01:00-04:00,13.539999961853027,13.539999961853027,13.529999732971191,13.529999732971191,564,0.0,0.0
2024-10-28 12:02:00-04:00,13.50570011138916,13.50570011138916,13.50570011138916,13.50570011138916,513,0.0,0.0
2024-10-28 12:06:00-04:00,13.470000267028809,13.470000267028809,13.449999809265137,13.449999809265137,898,0.0,0.0
2024-10-28 12:15:00-04:00,13.489999771118164,13.489999771118164,13.489999771118164,13.489999771118164,289,0.0,0.0
2024-10-28 12:19:00-04:00,13.479999542236328,13.479999542236328,13.470100402832031,13.470100402832031,676,0.0,0.0
2024-10-28 12:23:00-04:00,13.449999809265137,13.479999542236328,13.449999809265137,13.479999542236328,538,0.0,0.0
2024-10-28 12:24:00-04:00,13.4399995803833,13.489999771118164,13.4399995803833,13.489999771118164,566,0.0,0.0
2024-10-28 12:28:00-04:00,13.470000267028809,13.470000267028809,13.470000267028809,13.470000267028809,249,0.0,0.0
2024-10-28 12:29:00-04:00,13.489999771118164,13.489999771118164,13.489999771118164,13.489999771118164,642,0.0,0.0
2024-10-28 12:47:00-04:00,13.486300468444824,13.486300468444824,13.486300468444824,13.486300468444824,798,0.0,0.0
2024-10-28 12:58:00-04:00,13.539999961853027,13.539999961853027,13.539999961853027,13.539999961853027,301,0.0,0.0
2024-10-28 12:59:00-04:00,13.555100440979004,13.555100440979004,13.529999732971191,13.529999732971191,500,0.0,0.0
2024-10-28 13:03:00-04:00,13.489999771118164,13.489999771118164,13.489999771118164,13.489999771118164,410,0.0,0.0
2024-10-28 13:18:00-04:00,13.420999526977539,13.420999526977539,13.420999526977539,13.420999526977539,395,0.0,0.0
2024-10-28 13:22:00-04:00,13.471199989318848,13.471199989318848,13.471199989318848,13.471199989318848,336,0.0,0.0
2024-10-28 13:26:00-04:00,13.430000305175781,13.462699890136719,13.420000076293945,13.462699890136719,1664,0.0,0.0
2024-10-28 13:31:00-04:00,13.449999809265137,13.449999809265137,13.449999809265137,13.449999809265137,201,0.0,0.0
2024-10-28 13:32:00-04:00,13.420000076293945,13.420000076293945,13.420000076293945,13.420000076293945,301,0.0,0.0
2024-10-28 13:41:00-04:00,13.411299705505371,13.411299705505371,13.411299705505371,13.411299705505371,529,0.0,0.0
2024-10-28 13:51:00-04:00,13.399999618530273,13.399999618530273,13.399999618530273,13.399999618530273,117,0.0,0.0
2024-10-28 13:52:00-04:00,13.431400299072266,13.431400299072266,13.431400299072266,13.431400299072266,602,0.0,0.0
2024-10-28 13:59:00-04:00,13.359999656677246,13.359999656677246,13.359999656677246,13.359999656677246,125,0.0,0.0
2024-10-28 14:00:00-04:00,13.34000015258789,13.369999885559082,13.34000015258789,13.369999885559082,451,0.0,0.0
2024-10-28 14:05:00-04:00,13.335000038146973,13.390000343322754,13.335000038146973,13.390000343322754,1559,0.0,0.0
2024-10-28 14:07:00-04:00,13.385000228881836,13.385000228881836,13.385000228881836,13.385000228881836,121,0.0,0.0
2024-10-28 14:08:00-04:00,13.375,13.375,13.375,13.375,181,0.0,0.0
2024-10-28 14:18:00-04:00,13.356300354003906,13.399999618530273,13.356300354003906,13.399999618530273,608,0.0,0.0
2024-10-28 14:19:00-04:00,13.364999771118164,13.364999771118164,13.364999771118164,13.364999771118164,148,0.0,0.0
2024-10-28 14:20:00-04:00,13.390000343322754,13.390000343322754,13.390000343322754,13.390000343322754,240,0.0,0.0
2024-10-28 14:26:00-04:00,13.375,13.375,13.375,13.375,104,0.0,0.0
2024-10-28 14:27:00-04:00,13.375,13.375,13.375,13.375,628,0.0,0.0
2024-10-28 14:32:00-04:00,13.329999923706055,13.329999923706055,13.319999694824219,13.319999694824219,388,0.0,0.0
2024-10-28 14:34:00-04:00,13.295000076293945,13.295000076293945,13.295000076293945,13.295000076293945,277,0.0,0.0
2024-10-28 14:37:00-04:00,13.28499984741211,13.3100004196167,13.28499984741211,13.3100004196167,1055,0.0,0.0
2024-10-28 14:43:00-04:00,13.350000381469727,13.350000381469727,13.350000381469727,13.350000381469727,319,0.0,0.0
2024-10-28 14:44:00-04:00,13.300000190734863,13.300000190734863,13.300000190734863,13.300000190734863,112,0.0,0.0
2024-10-28 14:46:00-04:00,13.300100326538086,13.300100326538086,13.300100326538086,13.300100326538086,473,0.0,0.0
2024-10-28 14:55:00-04:00,13.343400001525879,13.350000381469727,13.343400001525879,13.350000381469727,1369,0.0,0.0
2024-10-28 14:57:00-04:00,13.335000038146973,13.335000038146973,13.335000038146973,13.335000038146973,302,0.0,0.0
2024-10-28 15:05:00-04:00,13.350000381469727,13.350000381469727,13.350000381469727,13.350000381469727,233,0.0,0.0
2024-10-28 15:10:00-04:00,13.360199928283691,13.369999885559082,13.34000015258789,13.34000015258789,4288,0.0,0.0
2024-10-28 15:11:00-04:00,13.390000343322754,13.390000343322754,13.385000228881836,13.385000228881836,357,0.0,0.0
2024-10-28 15:12:00-04:00,13.399999618530273,13.399999618530273,13.399999618530273,13.399999618530273,168,0.0,0.0
2024-10-28 15:14:00-04:00,13.430000305175781,13.430000305175781,13.3100004196167,13.3100004196167,1720,0.0,0.0
2024-10-28 15:16:00-04:00,13.335000038146973,13.335000038146973,13.335000038146973,13.335000038146973,322,0.0,0.0
2024-10-28 15:17:00-04:00,13.300000190734863,13.300000190734863,13.300000190734863,13.300000190734863,523,0.0,0.0
2024-10-28 15:18:00-04:00,13.324999809265137,13.324999809265137,13.289999961853027,13.289999961853027,695,0.0,0.0
2024-10-28 15:19:00-04:00,13.289999961853027,13.289999961853027,13.289999961853027,13.289999961853027,280,0.0,0.0
2024-10-28 15:21:00-04:00,13.34000015258789,13.350000381469727,13.34000015258789,13.350000381469727,339,0.0,0.0
2024-10-28 15:22:00-04:00,13.3149995803833,13.3149995803833,13.3149995803833,13.3149995803833,539,0.0,0.0
2024-10-28 15:30:00-04:00,13.289999961853027,13.305000305175781,13.279999732971191,13.305000305175781,757,0.0,0.0
2024-10-28 15:31:00-04:00,13.279999732971191,13.279999732971191,13.274999618530273,13.274999618530273,634,0.0,0.0
2024-10-28 15:34:00-04:00,13.270000457763672,13.3100004196167,13.270000457763672,13.300000190734863,2973,0.0,0.0
2024-10-28 15:36:00-04:00,13.279999732971191,13.279999732971191,13.279999732971191,13.279999732971191,682,0.0,0.0
2024-10-28 15:37:00-04:00,13.250100135803223,13.250100135803223,13.250100135803223,13.250100135803223,569,0.0,0.0
2024-10-28 15:39:00-04:00,13.274999618530273,13.274999618530273,13.274999618530273,13.274999618530273,198,0.0,0.0
2024-10-28 15:41:00-04:00,13.28499984741211,13.28499984741211,13.28499984741211,13.28499984741211,276,0.0,0.0
2024-10-28 15:42:00-04:00,13.300000190734863,13.300000190734863,13.300000190734863,13.300000190734863,433,0.0,0.0
2024-10-28 15:43:00-04:00,13.319999694824219,13.319999694824219,13.319999694824219,13.319999694824219,203,0.0,0.0
2024-10-28 15:44:00-04:00,13.319999694824219,13.319999694824219,13.319999694824219,13.319999694824219,157,0.0,0.0
2024-10-28 15:45:00-04:00,13.300000190734863,13.300000190734863,13.300000190734863,13.300000190734863,707,0.0,0.0
2024-10-28 15:46:00-04:00,13.260000228881836,13.260000228881836,13.260000228881836,13.260000228881836,175,0.0,0.0
2024-10-28 15:47:00-04:00,13.25,13.270000457763672,13.25,13.255000114440918,1348,0.0,0.0
2024-10-28 15:48:00-04:00,13.256699562072754,13.256699562072754,13.229999542236328,13.229999542236328,733,0.0,0.0
2024-10-28 15:49:00-04:00,13.220000267028809,13.270000457763672,13.220000267028809,13.234999656677246,2682,0.0,0.0
2024-10-28 15:50:00-04:00,13.260000228881836,13.260000228881836,13.180000305175781,13.180000305175781,908,0.0,0.0
2024-10-28 15:52:00-04:00,13.229999542236328,13.239999771118164,13.229999542236328,13.239999771118164,967,0.0,0.0
2024-10-28 15:53:00-04:00,13.239999771118164,13.25,13.239999771118164,13.244999885559082,629,0.0,0.0
2024-10-28 15:54:00-04:00,13.25,13.25,13.25,13.25,117,0.0,0.0
2024-10-28 15:56:00-04:00,13.239999771118164,13.239999771118164,13.229999542236328,13.229999542236328,598,0.0,0.0
2024-10-28 15:57:00-04:00,13.244999885559082,13.260000228881836,13.244999885559082,13.260000228881836,756,0.0,0.0
2024-10-28 15:58:00-04:00,13.229999542236328,13.229999542236328,13.1899995803833,13.1899995803833,1417,0.0,0.0
2024-10-28 15:59:00-04:00,13.180000305175781,13.210000038146973,13.140000343322754,13.1899995803833,6697,0.0,0.0
2024-10-29 09:30:00-04:00,13.050000190734863,13.050000190734863,13.050000190734863,13.050000190734863,5974,0.0,0.0
2024-10-29 09:34:00-04:00,13.109999656677246,13.109999656677246,13.100000381469727,13.100000381469727,306,0.0,0.0
2024-10-29 09:37:00-04:00,13.265999794006348,13.265999794006348,13.265999794006348,13.265999794006348,681,0.0,0.0
2024-10-29 09:40:00-04:00,13.149999618530273,13.149999618530273,13.149999618530273,13.149999618530273,100,0.0,0.0
2024-10-29 09:41:00-04:00,13.149999618530273,13.149999618530273,13.149999618530273,13.149999618530273,258,0.0,0.0
2024-10-29 09:45:00-04:00,13.149999618530273,13.149999618530273,13.09000015258789,13.125,503,0.0,0.0
2024-10-29 09:46:00-04:00,13.050000190734863,13.050000190734863,13.050000190734863,13.050000190734863,1146,0.0,0.0
2024-10-29 09:47:00-04:00,13.050000190734863,13.050000190734863,13.050000190734863,13.050000190734863,613,0.0,0.0
2024-10-29 09:53:00-04:00,13.04010009765625,13.04010009765625,13.04010009765625,13.04010009765625,354,0.0,0.0
2024-10-29 10:00:00-04:00,13.09000015258789,13.09000015258789,13.09000015258789,13.09000015258789,1373,0.0,0.0
2024-10-29 10:10:00-04:00,13.125499725341797,13.125499725341797,13.125499725341797,13.125499725341797,1435,0.0,0.0
2024-10-29 10:11:00-04:00,13.109999656677246,13.130000114440918,13.109999656677246,13.119999885559082,789,0.0,0.0
2024-10-29 10:17:00-04:00,13.109999656677246,13.109999656677246,13.109999656677246,13.109999656677246,375,0.0,0.0
2024-10-29 10:21:00-04:00,13.10949993133545,13.10949993133545,13.10949993133545,13.10949993133545,560,0.0,0.0
2024-10-29 10:28:00-04:00,13.154999732971191,13.180000305175781,13.154999732971191,13.180000305175781,899,0.0,0.0
2024-10-29 10:29:00-04:00,13.15999984741211,13.15999984741211,13.130000114440918,13.130000114440918,504,0.0,0.0
2024-10-29 10:30:00-04:00,13.15999984741211,13.15999984741211,13.15999984741211,13.15999984741211,127,0.0,0.0
2024-10-29 10:31:00-04:00,13.164999961853027,13.164999961853027,13.164999961853027,13.164999961853027,452,0.0,0.0
2024-10-29 10:40:00-04:00,13.20199966430664,13.20199966430664,13.20199966430664,13.20199966430664,465,0.0,0.0
2024-10-29 10:43:00-04:00,13.239999771118164,13.239999771118164,13.239999771118164,13.239999771118164,772,0.0,0.0
2024-10-29 10:49:00-04:00,13.289999961853027,13.289999961853027,13.289999961853027,13.289999961853027,159,0.0,0.0
2024-10-29 10:51:00-04:00,13.1899995803833,13.1899995803833,13.1899995803833,13.1899995803833,560,0.0,0.0
2024-10-29 10:58:00-04:00,13.237299919128418,13.237299919128418,13.1899995803833,13.1899995803833,1486,0.0,0.0
2024-10-29 10:59:00-04:00,13.170000076293945,13.170000076293945,13.170000076293945,13.170000076293945,172,0.0,0.0
2024-10-29 11:00:00-04:00,13.15999984741211,13.15999984741211,13.15999984741211,13.15999984741211,282,0.0,0.0
2024-10-29 11:02:00-04:00,13.123299598693848,13.123299598693848,13.123299598693848,13.123299598693848,156,0.0,0.0
2024-10-29 11:04:00-04:00,13.149999618530273,13.149999618530273,13.050000190734863,13.050000190734863,4515,0.0,0.0
2024-10-29 11:05:00-04:00,13.050000190734863,13.050000190734863,13.050000190734863,13.050000190734863,243,0.0,0.0
2024-10-29 11:12:00-04:00,13.09000015258789,13.09000015258789,13.09000015258789,13.09000015258789,164,0.0,0.0
2024-10-29 11:17:00-04:00,13.079999923706055,13.079999923706055,13.079999923706055,13.079999923706055,152,0.0,0.0
2024-10-29 11:22:00-04:00,13.079999923706055,13.100000381469727,13.079999923706055,13.100000381469727,1426,0.0,0.0
2024-10-29 11:26:00-04:00,13.050000190734863,13.069999694824219,13.050000190734863,13.069999694824219,452,0.0,0.0
2024-10-29 11:27:00-04:00,13.100000381469727,13.119999885559082,13.100000381469727,13.119999885559082,805,0.0,0.0
2024-10-29 11:28:00-04:00,13.119999885559082,13.119999885559082,13.119999885559082,13.119999885559082,222,0.0,0.0
2024-10-29 11:29:00-04:00,13.09000015258789,13.09000015258789,13.09000015258789,13.09000015258789,3047,0.0,0.0
2024-10-29 11:30:00-04:00,13.135000228881836,13.135000228881836,13.135000228881836,13.135000228881836,100,0.0,0.0
2024-10-29 11:31:00-04:00,13.135000228881836,13.135000228881836,13.135000228881836,13.135000228881836,100,0.0,0.0
2024-10-29 11:33:00-04:00,13.09000015258789,13.109999656677246,13.079999923706055,13.079999923706055,1989,0.0,0.0
2024-10-29 11:37:00-04:00,13.010000228881836,13.03499984741211,13.010000228881836,13.03499984741211,336,0.0,0.0
2024-10-29 11:39:00-04:00,13.0,13.0,13.0,13.0,548,0.0,0.0
2024-10-29 11:41:00-04:00,12.970000267028809,13.010000228881836,12.90999984741211,13.010000228881836,3931,0.0,0.0
2024-10-29 11:43:00-04:00,13.069999694824219,13.069999694824219,13.069999694824219,13.069999694824219,1565,0.0,0.0
2024-10-29 11:50:00-04:00,13.010000228881836,13.010000228881836,13.010000228881836,13.010000228881836,141,0.0,0.0
2024-10-29 11:59:00-04:00,13.005900382995605,13.005900382995605,13.005900382995605,13.005900382995605,1013,0.0,0.0
2024-10-29 12:00:00-04:00,13.0,13.0,13.0,13.0,387,0.0,0.0
2024-10-29 12:06:00-04:00,12.970000267028809,12.970000267028809,12.970000267028809,12.970000267028809,200,0.0,0.0
2024-10-29 12:10:00-04:00,12.9399995803833,12.9399995803833,12.9399995803833,12.9399995803833,255,0.0,0.0
2024-10-29 12:12:00-04:00,12.9399995803833,12.9399995803833,12.9399995803833,12.9399995803833,120,0.0,0.0
2024-10-29 12:13:00-04:00,12.930000305175781,12.930000305175781,12.930000305175781,12.930000305175781,202,0.0,0.0
2024-10-29 12:14:00-04:00,12.9399995803833,12.9399995803833,12.930000305175781,12.9399995803833,498,0.0,0.0
2024-10-29 12:16:00-04:00,12.90999984741211,12.90999984741211,12.90999984741211,12.90999984741211,528,0.0,0.0
2024-10-29 12:17:00-04:00,12.9399995803833,12.944999694824219,12.9399995803833,12.944999694824219,1018,0.0,0.0
2024-10-29 12:18:00-04:00,12.960000038146973,12.960000038146973,12.960000038146973,12.960000038146973,592,0.0,0.0
2024-10-29 12:25:00-04:00,12.944999694824219,12.944999694824219,12.944999694824219,12.944999694824219,231,0.0,0.0
2024-10-29 12:34:00-04:00,12.91450023651123,12.91450023651123,12.91450023651123,12.91450023651123,453,0.0,0.0
2024-10-29 12:35:00-04:00,12.899999618530273,12.930000305175781,12.899999618530273,12.930000305175781,640,0.0,0.0
2024-10-29 12:38:00-04:00,12.90999984741211,12.960000038146973,12.90999984741211,12.960000038146973,1137,0.0,0.0
2024-10-29 12:41:00-04:00,12.944999694824219,12.944999694824219,12.944999694824219,12.944999694824219,875,0.0,0.0
2024-10-29 12:55:00-04:00,12.920000076293945,12.9399995803833,12.920000076293945,12.920000076293945,1207,0.0,0.0
2024-10-29 12:58:00-04:00,12.9350004196167,12.9350004196167,12.9350004196167,12.9350004196167,2591,0.0,0.0
2024-10-29 13:02:00-04:00,12.960000038146973,12.979999542236328,12.960000038146973,12.979999542236328,798,0.0,0.0
2024-10-29 13:03:00-04:00,13.0,13.029999732971191,13.0,13.029999732971191,1344,0.0,0.0
2024-10-29 13:07:00-04:00,13.010000228881836,13.010000228881836,13.010000228881836,13.010000228881836,295,0.0,0.0
2024-10-29 13:09:00-04:00,12.980999946594238,12.980999946594238,12.980999946594238,12.980999946594238,325,0.0,0.0
2024-10-29 13:10:00-04:00,12.960000038146973,12.960000038146973,12.960000038146973,12.960000038146973,138,0.0,0.0
2024-10-29 13:11:00-04:00,12.970000267028809,12.970000267028809,12.970000267028809,12.970000267028809,201,0.0,0.0
2024-10-29 13:17:00-04:00,12.999899864196777,12.999899864196777,12.999899864196777,12.999899864196777,225,0.0,0.0
2024-10-29 13:18:00-04:00,13.0,13.010000228881836,13.0,13.010000228881836,921,0.0,0.0
2024-10-29 13:21:00-04:00,12.979999542236328,12.979999542236328,12.960000038146973,12.960000038146973,293,0.0,0.0
2024-10-29 13:27:00-04:00,12.989999771118164,12.989999771118164,12.989999771118164,12.989999771118164,210,0.0,0.0
2024-10-29 13:30:00-04:00,13.021699905395508,13.021699905395508,13.021699905395508,13.021699905395508,375,0.0,0.0
2024-10-29 13:32:00-04:00,12.960000038146973,13.0,12.949999809265137,12.970000267028809,822,0.0,0.0
2024-10-29 13:42:00-04:00,12.970000267028809,12.970000267028809,12.970000267028809,12.970000267028809,128,0.0,0.0
2024-10-29 13:46:00-04:00,12.979999542236328,12.979999542236328,12.970000267028809,12.970000267028809,1135,0.0,0.0
2024-10-29 13:49:00-04:00,13.010000228881836,13.010000228881836,12.979999542236328,12.979999542236328,516,0.0,0.0
2024-10-29 13:52:00-04:00,13.010000228881836,13.010000228881836,12.979999542236328,12.989999771118164,963,0.0,0.0
2024-10-29 14:00:00-04:00,12.994999885559082,13.020000457763672,12.994999885559082,13.020000457763672,560,0.0,0.0
2024-10-29 14:02:00-04:00,12.993800163269043,13.010000228881836,12.989999771118164,13.010000228881836,1096,0.0,0.0
2024-10-29 14:04:00-04:00,13.005999565124512,13.005999565124512,13.005999565124512,13.005999565124512,703,0.0,0.0
2024-10-29 14:05:00-04:00,12.979999542236328,12.979999542236328,12.979999542236328,12.979999542236328,414,0.0,0.0
2024-10-29 14:09:00-04:00,12.994999885559082,12.994999885559082,12.994999885559082,12.994999885559082,286,0.0,0.0
2024-10-29 14:14:00-04:00,12.984999656677246,12.984999656677246,12.984999656677246,12.984999656677246,626,0.0,0.0
2024-10-29 14:24:00-04:00,13.0,13.0,12.975000381469727,12.975000381469727,276,0.0,0.0
2024-10-29 14:25:00-04:00,12.979999542236328,12.979999542236328,12.979999542236328,12.979999542236328,105,0.0,0.0
2024-10-29 14:28:00-04:00,12.979999542236328,12.979999542236328,12.979999542236328,12.979999542236328,189,0.0,0.0
2024-10-29 14:31:00-04:00,12.960000038146973,12.960000038146973,12.949999809265137,12.949999809265137,1074,0.0,0.0
2024-10-29 14:35:00-04:00,12.949999809265137,12.949999809265137,12.949999809265137,12.949999809265137,3031,0.0,0.0
2024-10-29 14:36:00-04:00,12.949999809265137,12.949999809265137,12.949999809265137,12.949999809265137,108,0.0,0.0
2024-10-29 14:38:00-04:00,12.949999809265137,12.949999809265137,12.949999809265137,12.949999809265137,100,0.0,0.0
2024-10-29 14:39:00-04:00,12.949999809265137,12.970000267028809,12.949999809265137,12.970000267028809,634,0.0,0.0
2024-10-29 14:49:00-04:00,12.989999771118164,13.0,12.989999771118164,12.99120044708252,1519,0.0,0.0
2024-10-29 14:50:00-04:00,12.960000038146973,12.960100173950195,12.960000038146973,12.960100173950195,670,0.0,0.0
2024-10-29 14:51:00-04:00,12.960000038146973,12.960000038146973,12.960000038146973,12.960000038146973,202,0.0,0.0
2024-10-29 14:53:00-04:00,12.960000038146973,12.960000038146973,12.925700187683105,12.925700187683105,402,0.0,0.0
2024-10-29 14:55:00-04:00,12.9399995803833,12.9399995803833,12.9399995803833,12.9399995803833,266,0.0,0.0
2024-10-29 14:56:00-04:00,12.925000190734863,12.960000038146973,12.925000190734863,12.960000038146973,553,0.0,0.0
2024-10-29 14:59:00-04:00,12.920000076293945,12.920000076293945,12.920000076293945,12.920000076293945,152,0.0,0.0
2024-10-29 15:01:00-04:00,12.960000038146973,12.960000038146973,12.960000038146973,12.960000038146973,108,0.0,0.0
2024-10-29 15:02:00-04:00,12.954999923706055,12.954999923706055,12.954999923706055,12.954999923706055,413,0.0,0.0
2024-10-29 15:06:00-04:00,12.949999809265137,12.949999809265137,12.949999809265137,12.949999809265137,135,0.0,0.0
2024-10-29 15:08:00-04:00,12.970000267028809,13.0,12.970000267028809,12.999899864196777,2107,0.0,0.0
2024-10-29 15:10:00-04:00,13.021200180053711,13.029999732971191,13.021200180053711,13.029999732971191,1024,0.0,0.0
2024-10-29 15:11:00-04:00,13.010000228881836,13.010000228881836,13.010000228881836,13.010000228881836,578,0.0,0.0
2024-10-29 15:14:00-04:00,12.979999542236328,12.979999542236328,12.960000038146973,12.960000038146973,847,0.0,0.0
2024-10-29 15:18:00-04:00,12.975000381469727,12.975000381469727,12.975000381469727,12.975000381469727,835,0.0,0.0
2024-10-29 15:26:00-04:00,12.925000190734863,12.9399995803833,12.925000190734863,12.9399995803833,1300,0.0,0.0
2024-10-29 15:27:00-04:00,12.9350004196167,12.9350004196167,12.9350004196167,12.9350004196167,988,0.0,0.0
2024-10-29 15:31:00-04:00,12.930000305175781,12.930000305175781,12.90999984741211,12.914999961853027,992,0.0,0.0
2024-10-29 15:32:00-04:00,12.930000305175781,12.930000305175781,12.920000076293945,12.930000305175781,982,0.0,0.0
2024-10-29 15:33:00-04:00,12.930000305175781,12.9399995803833,12.920000076293945,12.920000076293945,3696,0.0,0.0
2024-10-29 15:36:00-04:00,12.899999618530273,12.899999618530273,12.859999656677246,12.859999656677246,1146,0.0,0.0
2024-10-29 15:37:00-04:00,12.859999656677246,12.869999885559082,12.819999694824219,12.84000015258789,6284,0.0,0.0
2024-10-29 15:38:00-04:00,12.850000381469727,12.850000381469727,12.845000267028809,12.845000267028809,920,0.0,0.0
2024-10-29 15:39:00-04:00,12.869999885559082,12.890000343322754,12.869999885559082,12.890000343322754,381,0.0,0.0
2024-10-29 15:40:00-04:00,12.869999885559082,12.869999885559082,12.869999885559082,12.869999885559082,230,0.0,0.0
2024-10-29 15:41:00-04:00,12.864999771118164,12.890000343322754,12.864999771118164,12.890000343322754,1604,0.0,0.0
2024-10-29 15:42:00-04:00,12.859999656677246,12.887900352478027,12.859999656677246,12.885000228881836,910,0.0,0.0
2024-10-29 15:43:00-04:00,12.90999984741211,12.90999984741211,12.885000228881836,12.885000228881836,811,0.0,0.0
2024-10-29 15:45:00-04:00,12.850000381469727,12.869999885559082,12.850000381469727,12.869999885559082,1510,0.0,0.0
2024-10-29 15:46:00-04:00,12.850000381469727,12.850000381469727,12.850000381469727,12.850000381469727,907,0.0,0.0
2024-10-29 15:48:00-04:00,12.880000114440918,12.890000343322754,12.869999885559082,12.890000343322754,1447,0.0,0.0
2024-10-29 15:49:00-04:00,12.88599967956543,12.890000343322754,12.869999885559082,12.869999885559082,1701,0.0,0.0
2024-10-29 15:50:00-04:00,12.899999618530273,12.899999618530273,12.885000228881836,12.885000228881836,829,0.0,0.0
2024-10-29 15:51:00-04:00,12.859999656677246,12.859999656677246,12.859999656677246,12.859999656677246,440,0.0,0.0
2024-10-29 15:52:00-04:00,12.893600463867188,12.90999984741211,12.890000343322754,12.899999618530273,3497,0.0,0.0
2024-10-29 15:53:00-04:00,12.930000305175781,12.949999809265137,12.930000305175781,12.93179988861084,2014,0.0,0.0
2024-10-29 15:54:00-04:00,12.930000305175781,12.960000038146973,12.930000305175781,12.960000038146973,2979,0.0,0.0
2024-10-29 15:55:00-04:00,12.960000038146973,12.979999542236328,12.960000038146973,12.960000038146973,1025,0.0,0.0
2024-10-29 15:56:00-04:00,12.9399995803833,12.989999771118164,12.9399995803833,12.989999771118164,1660,0.0,0.0
2024-10-29 15:57:00-04:00,12.960000038146973,12.979999542236328,12.960000038146973,12.975000381469727,2030,0.0,0.0
2024-10-29 15:58:00-04:00,12.960000038146973,12.989999771118164,12.9399995803833,12.979999542236328,1874,0.0,0.0
2024-10-29 15:59:00-04:00,12.970000267028809,13.020000457763672,12.960000038146973,13.010000228881836,6840,0.0,0.0
2024-10-30 09:30:00-04:00,12.9399995803833,12.9399995803833,12.9399995803833,12.9399995803833,2722,0.0,0.0
2024-10-30 09:33:00-04:00,12.970000267028809,13.050000190734863,12.970000267028809,13.050000190734863,396,0.0,0.0
2024-10-30 09:50:00-04:00,13.085000038146973,13.085000038146973,13.085000038146973,13.085000038146973,109,0.0,0.0
2024-10-30 09:53:00-04:00,13.130000114440918,13.180000305175781,13.130000114440918,13.180000305175781,1273,0.0,0.0
2024-10-30 10:00:00-04:00,13.265000343322754,13.265000343322754,13.265000343322754,13.265000343322754,170,0.0,0.0
2024-10-30 10:13:00-04:00,13.3100004196167,13.3100004196167,13.3100004196167,13.3100004196167,118,0.0,0.0
2024-10-30 10:19:00-04:00,13.399999618530273,13.399999618530273,13.399999618530273,13.399999618530273,122,0.0,0.0
2024-10-30 10:22:00-04:00,13.34000015258789,13.34000015258789,13.34000015258789,13.34000015258789,217,0.0,0.0
2024-10-30 10:26:00-04:00,13.34000015258789,13.34000015258789,13.34000015258789,13.34000015258789,115,0.0,0.0
2024-10-30 10:27:00-04:00,13.283699989318848,13.300000190734863,13.283699989318848,13.300000190734863,1277,0.0,0.0
2024-10-30 10:37:00-04:00,13.390000343322754,13.404000282287598,13.345000267028809,13.345000267028809,2256,0.0,0.0
2024-10-30 10:40:00-04:00,13.349800109863281,13.40999984741211,13.349800109863281,13.40999984741211,957,0.0,0.0
2024-10-30 10:43:00-04:00,13.449999809265137,13.449999809265137,13.449999809265137,13.449999809265137,726,0.0,0.0
2024-10-30 10:45:00-04:00,13.515000343322754,13.515000343322754,13.515000343322754,13.515000343322754,136,0.0,0.0
2024-10-30 10:46:00-04:00,13.460000038146973,13.460000038146973,13.460000038146973,13.460000038146973,271,0.0,0.0
2024-10-30 10:55:00-04:00,13.4399995803833,13.4399995803833,13.4399995803833,13.4399995803833,221,0.0,0.0
2024-10-30 10:57:00-04:00,13.550000190734863,13.550000190734863,13.550000190734863,13.550000190734863,2955,0.0,0.0
2024-10-30 11:02:00-04:00,13.40999984741211,13.40999984741211,13.40999984741211,13.40999984741211,2839,0.0,0.0
2024-10-30 11:03:00-04:00,13.510000228881836,13.510000228881836,13.510000228881836,13.510000228881836,111,0.0,0.0
2024-10-30 11:05:00-04:00,13.510000228881836,13.510000228881836,13.510000228881836,13.510000228881836,100,0.0,0.0
2024-10-30 11:06:00-04:00,13.420000076293945,13.510000228881836,13.420000076293945,13.510000228881836,1781,0.0,0.0
2024-10-30 11:11:00-04:00,13.489999771118164,13.489999771118164,13.489999771118164,13.489999771118164,142,0.0,0.0
2024-10-30 11:12:00-04:00,13.430000305175781,13.484999656677246,13.430000305175781,13.484999656677246,265,0.0,0.0
2024-10-30 11:16:00-04:00,13.430000305175781,13.47700023651123,13.329999923706055,13.4399995803833,4861,0.0,0.0
2024-10-30 11:20:00-04:00,13.40999984741211,13.4350004196167,13.40999984741211,13.4350004196167,618,0.0,0.0
2024-10-30 11:29:00-04:00,13.512999534606934,13.512999534606934,13.512999534606934,13.512999534606934,101,0.0,0.0
2024-10-30 11:35:00-04:00,13.520000457763672,13.520000457763672,13.520000457763672,13.520000457763672,127,0.0,0.0
2024-10-30 11:36:00-04:00,13.550000190734863,13.550000190734863,13.550000190734863,13.550000190734863,142,0.0,0.0
2024-10-30 11:39:00-04:00,13.470000267028809,13.470000267028809,13.470000267028809,13.470000267028809,101,0.0,0.0
2024-10-30 11:42:00-04:00,13.529999732971191,13.529999732971191,13.475000381469727,13.475000381469727,201,0.0,0.0
2024-10-30 11:45:00-04:00,13.5600004196167,13.5600004196167,13.5600004196167,13.5600004196167,1804,0.0,0.0
2024-10-30 11:48:00-04:00,13.569999694824219,13.569999694824219,13.569999694824219,13.569999694824219,138,0.0,0.0
2024-10-30 11:50:00-04:00,13.5600004196167,13.5600004196167,13.5600004196167,13.5600004196167,266,0.0,0.0
2024-10-30 11:52:00-04:00,13.640000343322754,13.640000343322754,13.640000343322754,13.640000343322754,306,0.0,0.0
2024-10-30 11:57:00-04:00,13.59000015258789,13.649999618530273,13.59000015258789,13.649999618530273,715,0.0,0.0
2024-10-30 11:58:00-04:00,13.649999618530273,13.649999618530273,13.600000381469727,13.600000381469727,900,0.0,0.0
2024-10-30 11:59:00-04:00,13.649999618530273,13.649999618530273,13.579999923706055,13.59000015258789,1874,0.0,0.0
2024-10-30 12:02:00-04:00,13.510100364685059,13.61989974975586,13.510100364685059,13.61989974975586,522,0.0,0.0
2024-10-30 12:03:00-04:00,13.550000190734863,13.550000190734863,13.550000190734863,13.550000190734863,769,0.0,0.0
2024-10-30 12:06:00-04:00,13.5,13.5,13.449999809265137,13.449999809265137,1142,0.0,0.0
2024-10-30 12:09:00-04:00,13.440099716186523,13.440099716186523,13.440099716186523,13.440099716186523,350,0.0,0.0
2024-10-30 12:18:00-04:00,13.510000228881836,13.510000228881836,13.510000228881836,13.510000228881836,313,0.0,0.0
2024-10-30 12:28:00-04:00,13.460000038146973,13.460000038146973,13.460000038146973,13.460000038146973,139,0.0,0.0
2024-10-30 12:29:00-04:00,13.460000038146973,13.460000038146973,13.460000038146973,13.460000038146973,1684,0.0,0.0
2024-10-30 12:37:00-04:00,13.444999694824219,13.444999694824219,13.399999618530273,13.399999618530273,514,0.0,0.0
2024-10-30 12:38:00-04:00,13.399999618530273,13.401000022888184,13.399999618530273,13.401000022888184,1226,0.0,0.0
2024-10-30 12:42:00-04:00,13.369999885559082,13.369999885559082,13.369999885559082,13.369999885559082,348,0.0,0.0
2024-10-30 12:56:00-04:00,13.4399995803833,13.4399995803833,13.4399995803833,13.4399995803833,128,0.0,0.0
2024-10-30 12:58:00-04:00,13.429200172424316,13.429200172424316,13.429100036621094,13.429100036621094,1088,0.0,0.0
2024-10-30 12:59:00-04:00,13.380000114440918,13.380000114440918,13.380000114440918,13.380000114440918,576,0.0,0.0
2024-10-30 13:05:00-04:00,13.3100004196167,13.34000015258789,13.3100004196167,13.34000015258789,486,0.0,0.0
2024-10-30 13:13:00-04:00,13.350000381469727,13.350000381469727,13.350000381469727,13.350000381469727,459,0.0,0.0
2024-10-30 13:18:00-04:00,13.324999809265137,13.324999809265137,13.324999809265137,13.324999809265137,149,0.0,0.0
2024-10-30 13:22:00-04:00,13.287500381469727,13.324999809265137,13.180000305175781,13.180000305175781,2278,0.0,0.0
2024-10-30 13:23:00-04:00,13.1899995803833,13.1899995803833,13.1899995803833,13.1899995803833,266,0.0,0.0
2024-10-30 13:24:00-04:00,13.1899995803833,13.1899995803833,13.1899995803833,13.1899995803833,560,0.0,0.0
2024-10-30 13:28:00-04:00,13.239999771118164,13.25,13.199999809265137,13.210000038146973,1247,0.0,0.0
2024-10-30 13:29:00-04:00,13.260000228881836,13.260000228881836,13.260000228881836,13.260000228881836,266,0.0,0.0
2024-10-30 13:31:00-04:00,13.1899995803833,13.1899995803833,13.100000381469727,13.100000381469727,748,0.0,0.0
2024-10-30 13:38:00-04:00,13.15999984741211,13.15999984741211,13.15999984741211,13.15999984741211,100,0.0,0.0
2024-10-30 13:39:00-04:00,13.15999984741211,13.218400001525879,13.15999984741211,13.218400001525879,3000,0.0,0.0
2024-10-30 13:40:00-04:00,13.164999961853027,13.164999961853027,13.164999961853027,13.164999961853027,100,0.0,0.0
2024-10-30 13:41:00-04:00,13.164999961853027,13.164999961853027,13.164999961853027,13.164999961853027,107,0.0,0.0
2024-10-30 13:42:00-04:00,13.164999961853027,13.164999961853027,13.164999961853027,13.164999961853027,111,0.0,0.0
2024-10-30 13:47:00-04:00,13.157099723815918,13.157099723815918,13.157099723815918,13.157099723815918,221,0.0,0.0
2024-10-30 13:48:00-04:00,13.15999984741211,13.15999984741211,13.149999618530273,13.149999618530273,337,0.0,0.0
2024-10-30 13:51:00-04:00,13.09000015258789,13.09000015258789,13.09000015258789,13.09000015258789,246,0.0,0.0
2024-10-30 13:53:00-04:00,13.090100288391113,13.149999618530273,13.088522911071777,13.088522911071777,1250,0.0,0.0
2024-10-30 13:56:00-04:00,13.140000343322754,13.140000343322754,13.140000343322754,13.140000343322754,555,0.0,0.0
2024-10-30 14:01:00-04:00,13.12399959564209,13.170000076293945,13.12399959564209,13.170000076293945,1564,0.0,0.0
2024-10-30 14:03:00-04:00,13.210000038146973,13.210000038146973,13.210000038146973,13.210000038146973,500,0.0,0.0
2024-10-30 14:07:00-04:00,13.210000038146973,13.210000038146973,13.15999984741211,13.15999984741211,334,0.0,0.0
2024-10-30 14:09:00-04:00,13.21500015258789,13.21500015258789,13.21500015258789,13.21500015258789,106,0.0,0.0
2024-10-30 14:11:00-04:00,13.21500015258789,13.21500015258789,13.21500015258789,13.21500015258789,103,0.0,0.0
2024-10-30 14:16:00-04:00,13.18809986114502,13.18809986114502,13.149999618530273,13.149999618530273,841,0.0,0.0
2024-10-30 14:21:00-04:00,13.21500015258789,13.21500015258789,13.21500015258789,13.21500015258789,175,0.0,0.0
2024-10-30 14:23:00-04:00,13.15999984741211,13.15999984741211,13.15999984741211,13.15999984741211,638,0.0,0.0
2024-10-30 14:25:00-04:00,13.164999961853027,13.164999961853027,13.164999961853027,13.164999961853027,136,0.0,0.0
2024-10-30 14:31:00-04:00,13.131999969482422,13.131999969482422,13.131999969482422,13.131999969482422,174,0.0,0.0
2024-10-30 14:33:00-04:00,13.119999885559082,13.119999885559082,13.119999885559082,13.119999885559082,264,0.0,0.0
2024-10-30 14:35:00-04:00,13.119999885559082,13.119999885559082,13.119999885559082,13.119999885559082,220,0.0,0.0
2024-10-30 14:38:00-04:00,13.199999809265137,13.199999809265137,13.1899995803833,13.1899995803833,529,0.0,0.0
2024-10-30 14:42:00-04:00,13.15999984741211,13.15999984741211,13.15999984741211,13.15999984741211,111,0.0,0.0
2024-10-30 14:43:00-04:00,13.184000015258789,13.199999809265137,13.15999984741211,13.199999809265137,6568,0.0,0.0
2024-10-30 14:44:00-04:00,13.180000305175781,13.1899995803833,13.180000305175781,13.1899995803833,655,0.0,0.0
2024-10-30 14:46:00-04:00,13.199999809265137,13.199999809265137,13.199999809265137,13.199999809265137,435,0.0,0.0
2024-10-30 14:56:00-04:00,13.175000190734863,13.175000190734863,13.175000190734863,13.175000190734863,109,0.0,0.0
2024-10-30 14:57:00-04:00,13.199999809265137,13.218000411987305,13.199999809265137,13.218000411987305,3649,0.0,0.0
2024-10-30 15:02:00-04:00,13.199999809265137,13.199999809265137,13.170000076293945,13.170000076293945,672,0.0,0.0
2024-10-30 15:05:00-04:00,13.130000114440918,13.130000114440918,13.130000114440918,13.130000114440918,122,0.0,0.0
2024-10-30 15:08:00-04:00,13.154999732971191,13.154999732971191,13.154999732971191,13.154999732971191,150,0.0,0.0
2024-10-30 15:10:00-04:00,13.154999732971191,13.154999732971191,13.0600004196167,13.0600004196167,732,0.0,0.0
2024-10-30 15:12:00-04:00,13.130000114440918,13.130000114440918,13.130000114440918,13.130000114440918,132,0.0,0.0
2024-10-30 15:13:00-04:00,13.130000114440918,13.130000114440918,13.130000114440918,13.130000114440918,182,0.0,0.0
2024-10-30 15:14:00-04:00,13.189900398254395,13.189900398254395,13.189900398254395,13.189900398254395,189,0.0,0.0
2024-10-30 15:16:00-04:00,13.130000114440918,13.130000114440918,13.130000114440918,13.130000114440918,398,0.0,0.0
2024-10-30 15:17:00-04:00,13.124500274658203,13.124500274658203,13.124500274658203,13.124500274658203,285,0.0,0.0
2024-10-30 15:18:00-04:00,13.125,13.125,13.125,13.125,292,0.0,0.0
2024-10-30 15:20:00-04:00,13.130000114440918,13.130000114440918,13.130000114440918,13.130000114440918,314,0.0,0.0
2024-10-30 15:22:00-04:00,13.15999984741211,13.194999694824219,13.15999984741211,13.194999694824219,519,0.0,0.0
2024-10-30 15:23:00-04:00,13.199999809265137,13.199999809265137,13.199999809265137,13.199999809265137,112,0.0,0.0
2024-10-30 15:24:00-04:00,13.194999694824219,13.194999694824219,13.194999694824219,13.194999694824219,101,0.0,0.0
2024-10-30 15:25:00-04:00,13.194999694824219,13.194999694824219,13.194999694824219,13.194999694824219,230,0.0,0.0
2024-10-30 15:26:00-04:00,13.194999694824219,13.194999694824219,13.194999694824219,13.194999694824219,340,0.0,0.0
2024-10-30 15:28:00-04:00,13.239999771118164,13.239999771118164,13.220000267028809,13.220000267028809,775,0.0,0.0
2024-10-30 15:29:00-04:00,13.220000267028809,13.220000267028809,13.220000267028809,13.220000267028809,169,0.0,0.0
2024-10-30 15:30:00-04:00,13.260000228881836,13.260000228881836,13.239999771118164,13.239999771118164,749,0.0,0.0
2024-10-30 15:31:00-04:00,13.3100004196167,13.3100004196167,13.3100004196167,13.3100004196167,102,0.0,0.0
2024-10-30 15:32:00-04:00,13.300000190734863,13.300000190734863,13.279999732971191,13.300000190734863,2522,0.0,0.0
2024-10-30 15:33:00-04:00,13.300000190734863,13.300000190734863,13.1899995803833,13.270000457763672,3747,0.0,0.0
2024-10-30 15:34:00-04:00,13.149999618530273,13.204999923706055,13.149999618530273,13.204999923706055,508,0.0,0.0
2024-10-30 15:35:00-04:00,13.199999809265137,13.199999809265137,13.199999809265137,13.199999809265137,318,0.0,0.0
2024-10-30 15:36:00-04:00,13.204999923706055,13.204999923706055,13.204999923706055,13.204999923706055,227,0.0,0.0
2024-10-30 15:37:00-04:00,13.15999984741211,13.204999923706055,13.15999984741211,13.170000076293945,765,0.0,0.0
2024-10-30 15:38:00-04:00,13.210000038146973,13.210000038146973,13.210000038146973,13.210000038146973,702,0.0,0.0
2024-10-30 15:39:00-04:00,13.225000381469727,13.225000381469727,13.225000381469727,13.225000381469727,175,0.0,0.0
2024-10-30 15:40:00-04:00,13.229999542236328,13.229999542236328,13.229999542236328,13.229999542236328,687,0.0,0.0
2024-10-30 15:42:00-04:00,13.239999771118164,13.239999771118164,13.239999771118164,13.239999771118164,716,0.0,0.0
2024-10-30 15:43:00-04:00,13.239999771118164,13.279999732971191,13.239999771118164,13.279999732971191,895,0.0,0.0
2024-10-30 15:44:00-04:00,13.279999732971191,13.300000190734863,13.274999618530273,13.300000190734863,1130,0.0,0.0
2024-10-30 15:45:00-04:00,13.28499984741211,13.28499984741211,13.229999542236328,13.25,1527,0.0,0.0
2024-10-30 15:46:00-04:00,13.274999618530273,13.274999618530273,13.265000343322754,13.265000343322754,758,0.0,0.0
2024-10-30 15:47:00-04:00,13.265000343322754,13.265000343322754,13.210000038146973,13.220000267028809,2077,0.0,0.0
2024-10-30 15:48:00-04:00,13.175000190734863,13.199999809265137,13.175000190734863,13.199999809265137,1764,0.0,0.0
2024-10-30 15:49:00-04:00,13.260000228881836,13.260000228881836,13.260000228881836,13.260000228881836,378,0.0,0.0
2024-10-30 15:50:00-04:00,13.25,13.25,13.220000267028809,13.220000267028809,950,0.0,0.0
2024-10-30 15:51:00-04:00,13.220000267028809,13.220000267028809,13.220000267028809,13.220000267028809,513,0.0,0.0
2024-10-30 15:52:00-04:00,13.229999542236328,13.229999542236328,13.229999542236328,13.229999542236328,1056,0.0,0.0
2024-10-30 15:53:00-04:00,13.225000381469727,13.225000381469727,13.225000381469727,13.225000381469727,294,0.0,0.0
2024-10-30 15:54:00-04:00,13.225000381469727,13.229999542236328,13.225000381469727,13.229999542236328,235,0.0,0.0
2024-10-30 15:55:00-04:00,13.229999542236328,13.25,13.220000267028809,13.244999885559082,3617,0.0,0.0
2024-10-30 15:56:00-04:00,13.244999885559082,13.244999885559082,13.244999885559082,13.244999885559082,371,0.0,0.0
2024-10-30 15:57:00-04:00,13.289999961853027,13.289999961853027,13.220000267028809,13.220000267028809,4686,0.0,0.0
2024-10-30 15:58:00-04:00,13.210000038146973,13.244999885559082,13.210000038146973,13.244999885559082,1851,0.0,0.0
2024-10-30 15:59:00-04:00,13.255000114440918,13.255000114440918,13.180000305175781,13.210000038146973,6278,0.0,0.0
2024-10-31 09:31:00-04:00,12.600000381469727,13.234999656677246,12.600000381469727,12.75,4500,0.0,0.0
2024-10-31 09:34:00-04:00,12.850000381469727,12.880000114440918,12.850000381469727,12.880000114440918,358,0.0,0.0
2024-10-31 09:36:00-04:00,12.75,12.75,12.75,12.75,914,0.0,0.0
2024-10-31 09:45:00-04:00,12.899999618530273,12.899999618530273,12.899999618530273,12.899999618530273,101,0.0,0.0
2024-10-31 09:46:00-04:00,12.930000305175781,12.930000305175781,12.930000305175781,12.930000305175781,103,0.0,0.0
2024-10-31 09:47:00-04:00,12.899999618530273,12.930000305175781,12.899999618530273,12.930000305175781,700,0.0,0.0
2024-10-31 09:48:00-04:00,12.885000228881836,12.899999618530273,12.885000228881836,12.885000228881836,489,0.0,0.0
2024-10-31 09:55:00-04:00,12.850000381469727,12.850000381469727,12.850000381469727,12.850000381469727,100,0.0,0.0
2024-10-31 09:58:00-04:00,12.875,12.875,12.875,12.875,100,0.0,0.0
2024-10-31 09:59:00-04:00,12.930000305175781,12.9399995803833,12.930000305175781,12.9399995803833,239,0.0,0.0
2024-10-31 10:04:00-04:00,12.899999618530273,12.960000038146973,12.899999618530273,12.949999809265137,1875,0.0,0.0
2024-10-31 10:07:00-04:00,12.949999809265137,12.949999809265137,12.949999809265137,12.949999809265137,1380,0.0,0.0
2024-10-31 10:08:00-04:00,12.947999954223633,12.947999954223633,12.947999954223633,12.947999954223633,152,0.0,0.0
2024-10-31 10:13:00-04:00,13.134599685668945,13.134599685668945,12.960000038146973,12.960000038146973,580,0.0,0.0
2024-10-31 10:17:00-04:00,12.989999771118164,12.989999771118164,12.989999771118164,12.989999771118164,272,0.0,0.0
2024-10-31 10:19:00-04:00,13.0,13.0,13.0,13.0,1853,0.0,0.0
2024-10-31 10:21:00-04:00,13.079999923706055,13.079999923706055,13.079999923706055,13.079999923706055,100,0.0,0.0
2024-10-31 10:22:00-04:00,13.050000190734863,13.100000381469727,13.050000190734863,13.100000381469727,1909,0.0,0.0
2024-10-31 10:25:00-04:00,13.104999542236328,13.104999542236328,13.104999542236328,13.104999542236328,209,0.0,0.0
2024-10-31 10:29:00-04:00,13.029999732971191,13.029999732971191,13.029999732971191,13.029999732971191,122,0.0,0.0
2024-10-31 10:33:00-04:00,13.029999732971191,13.029999732971191,13.029999732971191,13.029999732971191,153,0.0,0.0
2024-10-31 10:40:00-04:00,13.020000457763672,13.020000457763672,13.020000457763672,13.020000457763672,127,0.0,0.0
2024-10-31 10:42:00-04:00,13.029999732971191,13.029999732971191,13.029999732971191,13.029999732971191,100,0.0,0.0
2024-10-31 10:43:00-04:00,13.020000457763672,13.020000457763672,13.0,13.0,3814,0.0,0.0
2024-10-31 10:44:00-04:00,12.949999809265137,12.949999809265137,12.899999618530273,12.899999618530273,1449,0.0,0.0
2024-10-31 10:46:00-04:00,12.899999618530273,12.899999618530273,12.899999618530273,12.899999618530273,200,0.0,0.0
2024-10-31 10:47:00-04:00,12.930000305175781,12.930000305175781,12.930000305175781,12.930000305175781,110,0.0,0.0
2024-10-31 10:49:00-04:00,12.936400413513184,12.936400413513184,12.936400413513184,12.936400413513184,800,0.0,0.0
2024-10-31 10:51:00-04:00,13.022899627685547,13.022899627685547,13.022899627685547,13.022899627685547,283,0.0,0.0
2024-10-31 10:54:00-04:00,12.930000305175781,12.930000305175781,12.930000305175781,12.930000305175781,184,0.0,0.0
2024-10-31 10:57:00-04:00,12.930000305175781,12.931599617004395,12.899999618530273,12.899999618530273,1268,0.0,0.0
2024-10-31 11:00:00-04:00,13.01990032196045,13.01990032196045,13.01990032196045,13.01990032196045,588,0.0,0.0
2024-10-31 11:01:00-04:00,12.984999656677246,12.984999656677246,12.984999656677246,12.984999656677246,605,0.0,0.0
2024-10-31 11:04:00-04:00,12.989999771118164,13.069999694824219,12.989999771118164,13.039999961853027,1268,0.0,0.0
2024-10-31 11:06:00-04:00,13.157699584960938,13.157699584960938,13.015299797058105,13.015299797058105,1437,0.0,0.0
2024-10-31 11:08:00-04:00,13.079999923706055,13.079999923706055,13.079999923706055,13.079999923706055,196,0.0,0.0
2024-10-31 11:12:00-04:00,13.069999694824219,13.140000343322754,13.069999694824219,13.140000343322754,387,0.0,0.0
2024-10-31 11:13:00-04:00,13.140000343322754,13.199999809265137,13.140000343322754,13.199999809265137,1173,0.0,0.0
2024-10-31 11:20:00-04:00,13.180000305175781,13.180000305175781,13.180000305175781,13.180000305175781,167,0.0,0.0
2024-10-31 11:21:00-04:00,13.239999771118164,13.239999771118164,13.239999771118164,13.239999771118164,238,0.0,0.0
2024-10-31 11:23:00-04:00,13.25,13.25,13.25,13.25,162,0.0,0.0
2024-10-31 11:28:00-04:00,13.25,13.25,13.25,13.25,317,0.0,0.0
2024-10-31 11:32:00-04:00,13.234999656677246,13.234999656677246,13.234999656677246,13.234999656677246,517,0.0,0.0
2024-10-31 11:44:00-04:00,13.206000328063965,13.206000328063965,13.206000328063965,13.206000328063965,260,0.0,0.0
2024-10-31 11:47:00-04:00,13.192399978637695,13.192399978637695,13.192399978637695,13.192399978637695,685,0.0,0.0
2024-10-31 11:48:00-04:00,13.260000228881836,13.260000228881836,13.1899995803833,13.1899995803833,312,0.0,0.0
2024-10-31 11:49:00-04:00,13.293789863586426,13.293789863586426,13.239999771118164,13.239999771118164,1703,0.0,0.0
2024-10-31 11:51:00-04:00,13.220000267028809,13.25,13.20199966430664,13.244999885559082,718,0.0,0.0
2024-10-31 11:52:00-04:00,13.199999809265137,13.199999809265137,13.180000305175781,13.180000305175781,541,0.0,0.0
2024-10-31 12:04:00-04:00,13.199999809265137,13.199999809265137,13.199999809265137,13.199999809265137,964,0.0,0.0
2024-10-31 12:14:00-04:00,13.220000267028809,13.220000267028809,13.210000038146973,13.210000038146973,430,0.0,0.0
2024-10-31 12:22:00-04:00,13.261646270751953,13.261646270751953,13.261646270751953,13.261646270751953,184,0.0,0.0
2024-10-31 12:24:00-04:00,13.289999961853027,13.289999961853027,13.289999961853027,13.289999961853027,224,0.0,0.0
2024-10-31 12:27:00-04:00,13.300000190734863,13.300000190734863,13.300000190734863,13.300000190734863,142,0.0,0.0
2024-10-31 12:32:00-04:00,13.329999923706055,13.329999923706055,13.329999923706055,13.329999923706055,384,0.0,0.0
2024-10-31 12:34:00-04:00,13.324999809265137,13.324999809265137,13.324999809265137,13.324999809265137,100,0.0,0.0
2024-10-31 12:35:00-04:00,13.324999809265137,13.324999809265137,13.267000198364258,13.267000198364258,605,0.0,0.0
2024-10-31 12:36:00-04:00,13.300000190734863,13.300000190734863,13.300000190734863,13.300000190734863,275,0.0,0.0
2024-10-31 12:41:00-04:00,13.3149995803833,13.3149995803833,13.3149995803833,13.3149995803833,176,0.0,0.0
2024-10-31 12:44:00-04:00,13.3149995803833,13.3149995803833,13.260000228881836,13.260000228881836,1026,0.0,0.0
2024-10-31 12:45:00-04:00,13.241999626159668,13.241999626159668,13.241999626159668,13.241999626159668,411,0.0,0.0
2024-10-31 12:56:00-04:00,13.229999542236328,13.229999542236328,13.210000038146973,13.210000038146973,1388,0.0,0.0
2024-10-31 12:57:00-04:00,13.220000267028809,13.244999885559082,13.220000267028809,13.239999771118164,347,0.0,0.0
2024-10-31 12:59:00-04:00,13.244999885559082,13.244999885559082,13.244999885559082,13.244999885559082,149,0.0,0.0
2024-10-31 13:02:00-04:00,13.262499809265137,13.262499809265137,13.262499809265137,13.262499809265137,108,0.0,0.0
2024-10-31 13:05:00-04:00,13.255000114440918,13.300000190734863,13.255000114440918,13.300000190734863,292,0.0,0.0
2024-10-31 13:06:00-04:00,13.295000076293945,13.295000076293945,13.295000076293945,13.295000076293945,262,0.0,0.0
2024-10-31 13:12:00-04:00,13.289999961853027,13.289999961853027,13.289999961853027,13.289999961853027,543,0.0,0.0
2024-10-31 13:28:00-04:00,13.3149995803833,13.3149995803833,13.3149995803833,13.3149995803833,370,0.0,0.0
2024-10-31 13:32:00-04:00,13.255000114440918,13.255000114440918,13.25,13.25,341,0.0,0.0
2024-10-31 13:35:00-04:00,13.220000267028809,13.220000267028809,13.220000267028809,13.220000267028809,150,0.0,0.0
2024-10-31 13:38:00-04:00,13.252300262451172,13.252300262451172,13.252300262451172,13.252300262451172,712,0.0,0.0
2024-10-31 13:45:00-04:00,13.210000038146973,13.210000038146973,13.210000038146973,13.210000038146973,2000,0.0,0.0
2024-10-31 13:46:00-04:00,13.284700393676758,13.284700393676758,13.255000114440918,13.255000114440918,235,0.0,0.0
2024-10-31 13:51:00-04:00,13.255000114440918,13.255000114440918,13.255000114440918,13.255000114440918,253,0.0,0.0
2024-10-31 13:52:00-04:00,13.270000457763672,13.270000457763672,13.270000457763672,13.270000457763672,104,0.0,0.0
2024-10-31 13:54:00-04:00,13.300000190734863,13.300000190734863,13.300000190734863,13.300000190734863,140,0.0,0.0
2024-10-31 14:00:00-04:00,13.270000457763672,13.300000190734863,13.270000457763672,13.300000190734863,380,0.0,0.0
2024-10-31 14:03:00-04:00,13.260000228881836,13.260000228881836,13.260000228881836,13.260000228881836,114,0.0,0.0
2024-10-31 14:05:00-04:00,13.260000228881836,13.260000228881836,13.220000267028809,13.220000267028809,568,0.0,0.0
2024-10-31 14:07:00-04:00,13.210000038146973,13.255000114440918,13.199999809265137,13.239999771118164,1105,0.0,0.0
2024-10-31 14:10:00-04:00,13.234999656677246,13.234999656677246,13.234999656677246,13.234999656677246,722,0.0,0.0
2024-10-31 14:14:00-04:00,13.199999809265137,13.199999809265137,13.199999809265137,13.199999809265137,884,0.0,0.0
2024-10-31 14:32:00-04:00,13.239999771118164,13.239999771118164,13.239999771118164,13.239999771118164,150,0.0,0.0
2024-10-31 14:33:00-04:00,13.1899995803833,13.253899574279785,13.1899995803833,13.253899574279785,1592,0.0,0.0
2024-10-31 14:50:00-04:00,13.210000038146973,13.210000038146973,13.210000038146973,13.210000038146973,441,0.0,0.0
2024-10-31 14:52:00-04:00,13.220000267028809,13.220000267028809,13.220000267028809,13.220000267028809,697,0.0,0.0
2024-10-31 14:56:00-04:00,13.229700088500977,13.229700088500977,13.229700088500977,13.229700088500977,526,0.0,0.0
2024-10-31 14:58:00-04:00,13.25,13.25,13.25,13.25,277,0.0,0.0
2024-10-31 15:04:00-04:00,13.239999771118164,13.25,13.220000267028809,13.220000267028809,614,0.0,0.0
2024-10-31 15:08:00-04:00,13.229999542236328,13.229999542236328,13.229999542236328,13.229999542236328,177,0.0,0.0
2024-10-31 15:11:00-04:00,13.229999542236328,13.229999542236328,13.199999809265137,13.199999809265137,406,0.0,0.0
2024-10-31 15:15:00-04:00,13.239999771118164,13.239999771118164,13.239999771118164,13.239999771118164,201,0.0,0.0
2024-10-31 15:16:00-04:00,13.25,13.289999961853027,13.25,13.289999961853027,1022,0.0,0.0
2024-10-31 15:19:00-04:00,13.274999618530273,13.274999618530273,13.274999618530273,13.274999618530273,216,0.0,0.0
2024-10-31 15:21:00-04:00,13.239999771118164,13.25,13.239999771118164,13.244999885559082,1131,0.0,0.0
2024-10-31 15:22:00-04:00,13.25,13.25,13.25,13.25,166,0.0,0.0
2024-10-31 15:26:00-04:00,13.253399848937988,13.253399848937988,13.253399848937988,13.253399848937988,606,0.0,0.0
2024-10-31 15:31:00-04:00,13.25,13.25,13.25,13.25,700,0.0,0.0
2024-10-31 15:34:00-04:00,13.232000350952148,13.232000350952148,13.232000350952148,13.232000350952148,368,0.0,0.0
2024-10-31 15:35:00-04:00,13.28499984741211,13.3100004196167,13.28499984741211,13.3100004196167,303,0.0,0.0
2024-10-31 15:36:00-04:00,13.295000076293945,13.295000076293945,13.295000076293945,13.295000076293945,1705,0.0,0.0
2024-10-31 15:37:00-04:00,13.295000076293945,13.305000305175781,13.295000076293945,13.305000305175781,524,0.0,0.0
2024-10-31 15:40:00-04:00,13.305000305175781,13.305000305175781,13.305000305175781,13.305000305175781,428,0.0,0.0
2024-10-31 15:47:00-04:00,13.295000076293945,13.34000015258789,13.295000076293945,13.34000015258789,580,0.0,0.0
2024-10-31 15:48:00-04:00,13.305000305175781,13.34000015258789,13.305000305175781,13.34000015258789,219,0.0,0.0
2024-10-31 15:49:00-04:00,13.329999923706055,13.329999923706055,13.329999923706055,13.329999923706055,246,0.0,0.0
2024-10-31 15:50:00-04:00,13.270000457763672,13.295000076293945,13.220000267028809,13.260000228881836,4670,0.0,0.0
2024-10-31 15:51:00-04:00,13.220000267028809,13.224200248718262,13.210000038146973,13.224200248718262,731,0.0,0.0
2024-10-31 15:52:00-04:00,13.234999656677246,13.234999656677246,13.170000076293945,13.170000076293945,1541,0.0,0.0
2024-10-31 15:53:00-04:00,13.170000076293945,13.1899995803833,13.170000076293945,13.1899995803833,580,0.0,0.0
2024-10-31 15:54:00-04:00,13.199999809265137,13.21500015258789,13.199999809265137,13.21500015258789,739,0.0,0.0
2024-10-31 15:55:00-04:00,13.220000267028809,13.229999542236328,13.199999809265137,13.202500343322754,1611,0.0,0.0
2024-10-31 15:56:00-04:00,13.204999923706055,13.239999771118164,13.204999923706055,13.239999771118164,601,0.0,0.0
2024-10-31 15:57:00-04:00,13.239999771118164,13.239999771118164,13.1899995803833,13.1899995803833,1774,0.0,0.0
2024-10-31 15:58:00-04:00,13.180000305175781,13.1899995803833,13.15999984741211,13.15999984741211,1646,0.0,0.0
2024-10-31 15:59:00-04:00,13.199999809265137,13.199999809265137,13.109999656677246,13.109999656677246,5537,0.0,0.0
2024-11-01 09:30:00-04:00,13.40999984741211,13.40999984741211,13.40999984741211,13.40999984741211,1935,0.0,0.0
2024-11-01 09:38:00-04:00,13.182600021362305,13.182600021362305,13.182600021362305,13.182600021362305,183,0.0,0.0
2024-11-01 09:39:00-04:00,13.199999809265137,13.359999656677246,13.199999809265137,13.359999656677246,410,0.0,0.0
2024-11-01 09:45:00-04:00,13.121100425720215,13.121100425720215,13.121100425720215,13.121100425720215,1719,0.0,0.0
2024-11-01 09:49:00-04:00,13.324999809265137,13.324999809265137,13.324999809265137,13.324999809265137,316,0.0,0.0
2024-11-01 10:19:00-04:00,13.449999809265137,13.449999809265137,13.449999809265137,13.449999809265137,171,0.0,0.0
2024-11-01 10:28:00-04:00,13.479999542236328,13.489999771118164,13.479999542236328,13.489999771118164,780,0.0,0.0
2024-11-01 10:29:00-04:00,13.529999732971191,13.529999732971191,13.5,13.520000457763672,1660,0.0,0.0
2024-11-01 10:31:00-04:00,13.529999732971191,13.529999732971191,13.510000228881836,13.510000228881836,558,0.0,0.0
2024-11-01 10:32:00-04:00,13.479999542236328,13.479999542236328,13.320099830627441,13.404999732971191,2593,0.0,0.0
2024-11-01 10:36:00-04:00,13.34000015258789,13.359999656677246,13.3149995803833,13.319999694824219,1803,0.0,0.0
2024-11-01 10:37:00-04:00,13.239999771118164,13.239999771118164,13.239999771118164,13.239999771118164,307,0.0,0.0
2024-11-01 10:41:00-04:00,13.210000038146973,13.210000038146973,13.210000038146973,13.210000038146973,560,0.0,0.0
2024-11-01 10:44:00-04:00,13.170000076293945,13.170000076293945,13.15999984741211,13.15999984741211,354,0.0,0.0
2024-11-01 10:46:00-04:00,13.15999984741211,13.15999984741211,13.15999984741211,13.15999984741211,239,0.0,0.0
2024-11-01 10:51:00-04:00,13.109999656677246,13.109999656677246,13.109999656677246,13.109999656677246,379,0.0,0.0
2024-11-01 10:55:00-04:00,13.039999961853027,13.079999923706055,13.039999961853027,13.039999961853027,641,0.0,0.0
2024-11-01 10:59:00-04:00,13.046299934387207,13.046299934387207,13.039999961853027,13.039999961853027,368,0.0,0.0
2024-11-01 11:08:00-04:00,13.0649995803833,13.0649995803833,13.0649995803833,13.0649995803833,279,0.0,0.0
2024-11-01 11:09:00-04:00,13.010000228881836,13.010000228881836,12.975000381469727,12.975000381469727,542,0.0,0.0
2024-11-01 11:11:00-04:00,13.050000190734863,13.050000190734863,13.050000190734863,13.050000190734863,896,0.0,0.0
2024-11-01 11:12:00-04:00,12.989999771118164,13.0,12.989999771118164,13.0,705,0.0,0.0
2024-11-01 11:15:00-04:00,13.0,13.03499984741211,12.989999771118164,13.03499984741211,1167,0.0,0.0
2024-11-01 11:16:00-04:00,13.063699722290039,13.063699722290039,13.063699722290039,13.063699722290039,101,0.0,0.0
2024-11-01 11:17:00-04:00,13.058799743652344,13.058799743652344,13.058799743652344,13.058799743652344,550,0.0,0.0
2024-11-01 11:18:00-04:00,13.09119987487793,13.09119987487793,13.09119987487793,13.09119987487793,656,0.0,0.0
2024-11-01 11:28:00-04:00,13.0600004196167,13.0600004196167,13.0600004196167,13.0600004196167,734,0.0,0.0
2024-11-01 11:36:00-04:00,13.050000190734863,13.069999694824219,13.039999961853027,13.069999694824219,688,0.0,0.0
2024-11-01 11:37:00-04:00,13.0,13.0,13.0,13.0,359,0.0,0.0
2024-11-01 11:40:00-04:00,13.0,13.0,13.0,13.0,1690,0.0,0.0
2024-11-01 11:45:00-04:00,13.0,13.0,13.0,13.0,1003,0.0,0.0
2024-11-01 11:46:00-04:00,12.996399879455566,12.996399879455566,12.984999656677246,12.984999656677246,1303,0.0,0.0
2024-11-01 11:48:00-04:00,12.970000267028809,12.970000267028809,12.970000267028809,12.970000267028809,1173,0.0,0.0
2024-11-01 11:49:00-04:00,12.944999694824219,12.989700317382812,12.944999694824219,12.987000465393066,575,0.0,0.0
2024-11-01 11:50:00-04:00,12.944999694824219,12.970000267028809,12.944999694824219,12.970000267028809,206,0.0,0.0
2024-11-01 11:51:00-04:00,12.99370002746582,13.0,12.989999771118164,13.0,2071,0.0,0.0
2024-11-01 11:58:00-04:00,13.0,13.0,13.0,13.0,269,0.0,0.0
2024-11-01 12:04:00-04:00,13.069999694824219,13.069999694824219,13.069999694824219,13.069999694824219,100,0.0,0.0
2024-11-01 12:09:00-04:00,13.055000305175781,13.055000305175781,13.055000305175781,13.055000305175781,174,0.0,0.0
2024-11-01 12:12:00-04:00,13.050000190734863,13.050000190734863,13.050000190734863,13.050000190734863,387,0.0,0.0
2024-11-01 12:14:00-04:00,13.045000076293945,13.045000076293945,13.045000076293945,13.045000076293945,149,0.0,0.0
2024-11-01 12:25:00-04:00,13.020000457763672,13.029999732971191,12.9399995803833,12.9399995803833,1274,0.0,0.0
2024-11-01 12:37:00-04:00,12.992899894714355,12.992899894714355,12.959500312805176,12.959500312805176,488,0.0,0.0
2024-11-01 12:42:00-04:00,12.930000305175781,12.930000305175781,12.930000305175781,12.930000305175781,442,0.0,0.0
2024-11-01 12:45:00-04:00,12.930000305175781,12.930000305175781,12.930000305175781,12.930000305175781,420,0.0,0.0
2024-11-01 12:53:00-04:00,12.949999809265137,12.949999809265137,12.949999809265137,12.949999809265137,1311,0.0,0.0
2024-11-01 12:55:00-04:00,13.0,13.0,13.0,13.0,531,0.0,0.0
2024-11-01 13:00:00-04:00,12.960000038146973,12.960000038146973,12.960000038146973,12.960000038146973,430,0.0,0.0
2024-11-01 13:01:00-04:00,12.930000305175781,12.930000305175781,12.930000305175781,12.930000305175781,155,0.0,0.0
2024-11-01 13:02:00-04:00,12.979999542236328,12.979999542236328,12.899999618530273,12.971199989318848,3254,0.0,0.0
2024-11-01 13:06:00-04:00,12.90839958190918,12.90999984741211,12.895400047302246,12.895400047302246,1146,0.0,0.0
2024-11-01 13:07:00-04:00,12.890000343322754,12.890000343322754,12.890000343322754,12.890000343322754,482,0.0,0.0
2024-11-01 13:08:00-04:00,12.888799667358398,12.888799667358398,12.888799667358398,12.888799667358398,120,0.0,0.0
2024-11-01 13:09:00-04:00,12.9399995803833,12.9399995803833,12.9399995803833,12.9399995803833,192,0.0,0.0
2024-11-01 13:12:00-04:00,12.8774995803833,12.8774995803833,12.8774995803833,12.8774995803833,289,0.0,0.0
2024-11-01 13:15:00-04:00,12.904999732971191,12.904999732971191,12.904999732971191,12.904999732971191,128,0.0,0.0
2024-11-01 13:16:00-04:00,12.869999885559082,12.939900398254395,12.869999885559082,12.939900398254395,945,0.0,0.0
2024-11-01 13:17:00-04:00,12.90719985961914,12.9399995803833,12.90719985961914,12.9399995803833,872,0.0,0.0
2024-11-01 13:24:00-04:00,12.970000267028809,13.010000228881836,12.970000267028809,13.0,661,0.0,0.0
2024-11-01 13:28:00-04:00,13.0,13.0,13.0,13.0,205,0.0,0.0
2024-11-01 13:32:00-04:00,12.975000381469727,12.975000381469727,12.975000381469727,12.975000381469727,409,0.0,0.0
2024-11-01 13:36:00-04:00,12.960000038146973,12.960000038146973,12.960000038146973,12.960000038146973,656,0.0,0.0
2024-11-01 13:37:00-04:00,12.965200424194336,12.965200424194336,12.965200424194336,12.965200424194336,180,0.0,0.0
2024-11-01 13:40:00-04:00,12.949999809265137,12.949999809265137,12.949999809265137,12.949999809265137,323,0.0,0.0
2024-11-01 13:48:00-04:00,12.930000305175781,12.949999809265137,12.930000305175781,12.949999809265137,1237,0.0,0.0
2024-11-01 13:54:00-04:00,12.954999923706055,12.954999923706055,12.954999923706055,12.954999923706055,100,0.0,0.0
2024-11-01 13:55:00-04:00,12.954999923706055,12.954999923706055,12.954999923706055,12.954999923706055,659,0.0,0.0
2024-11-01 13:58:00-04:00,12.944999694824219,12.944999694824219,12.944999694824219,12.944999694824219,276,0.0,0.0
2024-11-01 14:00:00-04:00,12.960000038146973,12.960000038146973,12.960000038146973,12.960000038146973,391,0.0,0.0
2024-11-01 14:05:00-04:00,12.979999542236328,12.979999542236328,12.975000381469727,12.975000381469727,630,0.0,0.0
2024-11-01 14:06:00-04:00,12.972999572753906,12.972999572753906,12.960000038146973,12.960000038146973,3765,0.0,0.0
2024-11-01 14:07:00-04:00,12.944999694824219,12.944999694824219,12.899999618530273,12.899999618530273,1318,0.0,0.0
2024-11-01 14:08:00-04:00,12.9399995803833,12.9399995803833,12.9399995803833,12.9399995803833,163,0.0,0.0
2024-11-01 14:11:00-04:00,12.9399995803833,12.9399995803833,12.9399995803833,12.9399995803833,307,0.0,0.0
2024-11-01 14:12:00-04:00,12.9552001953125,12.9552001953125,12.9399995803833,12.9399995803833,244,0.0,0.0
2024-11-01 14:13:00-04:00,12.899999618530273,12.899999618530273,12.899999618530273,12.899999618530273,290,0.0,0.0
2024-11-01 14:17:00-04:00,12.9399995803833,12.9399995803833,12.850000381469727,12.850000381469727,4868,0.0,0.0
2024-11-01 14:18:00-04:00,12.84000015258789,12.84000015258789,12.779999732971191,12.8100004196167,4911,0.0,0.0
2024-11-01 14:19:00-04:00,12.795000076293945,12.795000076293945,12.795000076293945,12.795000076293945,216,0.0,0.0
2024-11-01 14:20:00-04:00,12.822999954223633,12.822999954223633,12.822999954223633,12.822999954223633,313,0.0,0.0
2024-11-01 14:21:00-04:00,12.770000457763672,12.770000457763672,12.770000457763672,12.770000457763672,160,0.0,0.0
2024-11-01 14:22:00-04:00,12.774999618530273,12.774999618530273,12.774999618530273,12.774999618530273,100,0.0,0.0
2024-11-01 14:24:00-04:00,12.720000267028809,12.720000267028809,12.720000267028809,12.720000267028809,298,0.0,0.0
2024-11-01 14:28:00-04:00,12.779999732971191,12.779999732971191,12.779999732971191,12.779999732971191,1280,0.0,0.0
2024-11-01 14:31:00-04:00,12.779999732971191,12.829999923706055,12.779999732971191,12.819999694824219,797,0.0,0.0
2024-11-01 14:33:00-04:00,12.878299713134766,12.878299713134766,12.878299713134766,12.878299713134766,261,0.0,0.0
2024-11-01 14:34:00-04:00,12.890000343322754,12.890000343322754,12.890000343322754,12.890000343322754,136,0.0,0.0
2024-11-01 14:35:00-04:00,12.819999694824219,12.819999694824219,12.819999694824219,12.819999694824219,141,0.0,0.0
2024-11-01 14:36:00-04:00,12.819999694824219,12.819999694824219,12.819999694824219,12.819999694824219,100,0.0,0.0
2024-11-01 14:37:00-04:00,12.880000114440918,12.880000114440918,12.880000114440918,12.880000114440918,263,0.0,0.0
2024-11-01 14:39:00-04:00,12.779999732971191,12.90999984741211,12.779999732971191,12.90999984741211,991,0.0,0.0
2024-11-01 14:41:00-04:00,12.890000343322754,12.890000343322754,12.890000343322754,12.890000343322754,698,0.0,0.0
2024-11-01 14:42:00-04:00,12.899999618530273,12.949999809265137,12.899999618530273,12.949999809265137,573,0.0,0.0
2024-11-01 14:43:00-04:00,13.010000228881836,13.010000228881836,13.010000228881836,13.010000228881836,248,0.0,0.0
2024-11-01 14:45:00-04:00,13.0,13.050000190734863,13.0,13.050000190734863,243,0.0,0.0
2024-11-01 14:47:00-04:00,13.029999732971191,13.029999732971191,13.029999732971191,13.029999732971191,445,0.0,0.0
2024-11-01 14:50:00-04:00,13.029999732971191,13.029999732971191,13.029999732971191,13.029999732971191,252,0.0,0.0
2024-11-01 14:51:00-04:00,12.970000267028809,12.975000381469727,12.970000267028809,12.975000381469727,1056,0.0,0.0
2024-11-01 14:55:00-04:00,12.9399995803833,12.9399995803833,12.9399995803833,12.9399995803833,261,0.0,0.0
2024-11-01 14:57:00-04:00,12.979999542236328,12.979999542236328,12.96500015258789,12.979999542236328,657,0.0,0.0
2024-11-01 15:00:00-04:00,12.979999542236328,12.979999542236328,12.979999542236328,12.979999542236328,587,0.0,0.0
2024-11-01 15:02:00-04:00,12.960000038146973,12.960000038146973,12.9399995803833,12.9399995803833,767,0.0,0.0
2024-11-01 15:06:00-04:00,12.9399995803833,12.9399995803833,12.9399995803833,12.9399995803833,174,0.0,0.0
2024-11-01 15:11:00-04:00,12.930000305175781,12.949999809265137,12.90999984741211,12.949999809265137,2059,0.0,0.0
2024-11-01 15:15:00-04:00,12.930000305175781,12.930000305175781,12.930000305175781,12.930000305175781,431,0.0,0.0
2024-11-01 15:21:00-04:00,12.954999923706055,12.954999923706055,12.954999923706055,12.954999923706055,116,0.0,0.0
2024-11-01 15:23:00-04:00,12.954999923706055,12.954999923706055,12.954999923706055,12.954999923706055,110,0.0,0.0
2024-11-01 15:24:00-04:00,12.965200424194336,12.965200424194336,12.965200424194336,12.965200424194336,776,0.0,0.0
2024-11-01 15:25:00-04:00,12.979999542236328,12.979999542236328,12.979999542236328,12.979999542236328,130,0.0,0.0
2024-11-01 15:26:00-04:00,12.979999542236328,13.0,12.975000381469727,13.0,937,0.0,0.0
2024-11-01 15:27:00-04:00,13.039999961853027,13.039999961853027,13.0,13.0,356,0.0,0.0
2024-11-01 15:28:00-04:00,12.970000267028809,12.970000267028809,12.970000267028809,12.970000267028809,980,0.0,0.0
2024-11-01 15:30:00-04:00,12.944999694824219,12.944999694824219,12.944999694824219,12.944999694824219,403,0.0,0.0
2024-11-01 15:34:00-04:00,12.930000305175781,12.930000305175781,12.930000305175781,12.930000305175781,156,0.0,0.0
2024-11-01 15:36:00-04:00,12.930000305175781,12.930000305175781,12.899999618530273,12.899999618530273,2060,0.0,0.0
2024-11-01 15:37:00-04:00,12.914999961853027,12.914999961853027,12.914999961853027,12.914999961853027,283,0.0,0.0
2024-11-01 15:38:00-04:00,12.914999961853027,12.914999961853027,12.914999961853027,12.914999961853027,944,0.0,0.0
2024-11-01 15:39:00-04:00,12.930000305175781,12.930000305175781,12.90999984741211,12.920000076293945,953,0.0,0.0
2024-11-01 15:41:00-04:00,12.930000305175781,12.930000305175781,12.930000305175781,12.930000305175781,102,0.0,0.0
2024-11-01 15:42:00-04:00,12.930000305175781,12.930000305175781,12.930000305175781,12.930000305175781,256,0.0,0.0
2024-11-01 15:44:00-04:00,12.90999984741211,12.90999984741211,12.885000228881836,12.885000228881836,1674,0.0,0.0
2024-11-01 15:45:00-04:00,12.874799728393555,12.874799728393555,12.874799728393555,12.874799728393555,494,0.0,0.0
2024-11-01 15:46:00-04:00,12.88860034942627,12.920000076293945,12.88860034942627,12.920000076293945,1502,0.0,0.0
2024-11-01 15:48:00-04:00,12.899999618530273,12.899999618530273,12.899999618530273,12.899999618530273,302,0.0,0.0
2024-11-01 15:49:00-04:00,12.899999618530273,12.899999618530273,12.869999885559082,12.869999885559082,1326,0.0,0.0
2024-11-01 15:50:00-04:00,12.90999984741211,12.9399995803833,12.869999885559082,12.9399995803833,863,0.0,0.0
2024-11-01 15:51:00-04:00,12.960000038146973,12.960000038146973,12.960000038146973,12.960000038146973,738,0.0,0.0
2024-11-01 15:52:00-04:00,12.970000267028809,12.989999771118164,12.970000267028809,12.989999771118164,1536,0.0,0.0
2024-11-01 15:53:00-04:00,12.989999771118164,12.989999771118164,12.989999771118164,12.989999771118164,509,0.0,0.0
2024-11-01 15:54:00-04:00,13.020000457763672,13.029999732971191,13.020000457763672,13.029999732971191,1490,0.0,0.0
2024-11-01 15:55:00-04:00,13.0,13.045000076293945,12.989999771118164,13.045000076293945,5997,0.0,0.0
2024-11-01 15:56:00-04:00,13.0600004196167,13.069999694824219,13.0600004196167,13.069999694824219,1868,0.0,0.0
2024-11-01 15:57:00-04:00,13.045000076293945,13.045000076293945,13.045000076293945,13.045000076293945,433,0.0,0.0
2024-11-01 15:58:00-04:00,13.029999732971191,13.0600004196167,13.029999732971191,13.029999732971191,1078,0.0,0.0
2024-11-01 15:59:00-04:00,12.970000267028809,13.069999694824219,12.970000267028809,13.0600004196167,3543,0.0,0.0
