Datetime,Open,High,Low,Close,Volume,Dividends,Stock Splits
2025-02-03 09:30:00-05:00,0.6735000014305115,0.6735000014305115,0.6735000014305115,0.6735000014305115,25305,0.0,0.0
2025-02-03 09:34:00-05:00,0.7001000046730042,0.7199000120162964,0.7001000046730042,0.7199000120162964,978,0.0,0.0
2025-02-03 09:37:00-05:00,0.7005000114440918,0.7005000114440918,0.7005000114440918,0.7005000114440918,1696,0.0,0.0
2025-02-03 09:38:00-05:00,0.7098000049591064,0.7098000049591064,0.7098000049591064,0.7098000049591064,0,0.0,0.0
2025-02-03 09:42:00-05:00,0.7096999883651733,0.7096999883651733,0.7096999883651733,0.7096999883651733,462,0.0,0.0
2025-02-03 09:43:00-05:00,0.7098000049591064,0.7098000049591064,0.7098000049591064,0.7098000049591064,704,0.0,0.0
2025-02-03 09:45:00-05:00,0.7089999914169312,0.7098000049591064,0.7089999914169312,0.7098000049591064,6200,0.0,0.0
2025-02-03 09:46:00-05:00,0.7089999914169312,0.7089999914169312,0.7089999914169312,0.7089999914169312,4200,0.0,0.0
2025-02-03 09:48:00-05:00,0.7024000287055969,0.7052000164985657,0.7001000046730042,0.7001000046730042,4871,0.0,0.0
2025-02-03 09:54:00-05:00,0.7099000215530396,0.7099000215530396,0.7099000215530396,0.7099000215530396,600,0.0,0.0
2025-02-03 09:55:00-05:00,0.7098000049591064,0.7098000049591064,0.7098000049591064,0.7098000049591064,0,0.0,0.0
2025-02-03 09:57:00-05:00,0.715499997138977,0.715499997138977,0.715499997138977,0.715499997138977,1965,0.0,0.0
2025-02-03 09:58:00-05:00,0.715399980545044,0.7200000286102295,0.715399980545044,0.7200000286102295,2701,0.0,0.0
2025-02-03 09:59:00-05:00,0.7208999991416931,0.7208999991416931,0.7208999991416931,0.7208999991416931,800,0.0,0.0
2025-02-03 10:00:00-05:00,0.7409999966621399,0.7409999966621399,0.7409999966621399,0.7409999966621399,271,0.0,0.0
2025-02-03 10:01:00-05:00,0.7350000143051147,0.7350000143051147,0.7350000143051147,0.7350000143051147,1188,0.0,0.0
2025-02-03 10:03:00-05:00,0.7272999882698059,0.7272999882698059,0.7272999882698059,0.7272999882698059,301,0.0,0.0
2025-02-03 10:07:00-05:00,0.7342000007629395,0.7400000095367432,0.7342000007629395,0.7400000095367432,1872,0.0,0.0
2025-02-03 10:09:00-05:00,0.7272999882698059,0.7340999841690063,0.7272999882698059,0.7272999882698059,3595,0.0,0.0
2025-02-03 10:10:00-05:00,0.7228000164031982,0.7426000237464905,0.7228000164031982,0.7426000237464905,12103,0.0,0.0
2025-02-03 10:12:00-05:00,0.7222999930381775,0.7418000102043152,0.7222999930381775,0.7418000102043152,13678,0.0,0.0
2025-02-03 10:13:00-05:00,0.7419999837875366,0.800000011920929,0.7419999837875366,0.800000011920929,13606,0.0,0.0
2025-02-03 10:14:00-05:00,0.7998999953269958,0.800000011920929,0.7985000014305115,0.800000011920929,19967,0.0,0.0
2025-02-03 10:16:00-05:00,0.7982000112533569,0.7985000014305115,0.7953000068664551,0.7953000068664551,2516,0.0,0.0
2025-02-03 10:17:00-05:00,0.7982000112533569,0.800000011920929,0.7982000112533569,0.800000011920929,8752,0.0,0.0
2025-02-03 10:18:00-05:00,0.7997999787330627,0.8500000238418579,0.7997999787330627,0.8478999733924866,7575,0.0,0.0
2025-02-03 10:19:00-05:00,0.7900000214576721,0.8500000238418579,0.7900000214576721,0.8399999737739563,11647,0.0,0.0
2025-02-03 10:20:00-05:00,0.8500000238418579,0.9157999753952026,0.8399999737739563,0.8950999975204468,56554,0.0,0.0
2025-02-03 10:21:00-05:00,0.9041000008583069,0.9100000262260437,0.8600000143051147,0.9000999927520752,64177,0.0,0.0
2025-02-03 10:22:00-05:00,0.9099000096321106,0.9100000262260437,0.8427000045776367,0.8427000045776367,82641,0.0,0.0
2025-02-03 10:23:00-05:00,0.833299994468689,0.8587999939918518,0.8199999928474426,0.8330000042915344,27771,0.0,0.0
2025-02-03 10:24:00-05:00,0.8458999991416931,0.8999999761581421,0.8458999991416931,0.8988999724388123,16941,0.0,0.0
2025-02-03 10:25:00-05:00,0.9016000032424927,0.9635999798774719,0.8726999759674072,0.9401000142097473,66245,0.0,0.0
2025-02-03 10:26:00-05:00,0.9401000142097473,1.0,0.9293000102043152,0.9976999759674072,159697,0.0,0.0
2025-02-03 10:27:00-05:00,0.996999979019165,1.1100000143051147,0.9800999760627747,1.1100000143051147,218142,0.0,0.0
2025-02-03 10:32:00-05:00,1.1200000047683716,1.1799999475479126,1.100000023841858,1.1298999786376953,666206,0.0,0.0
2025-02-03 10:33:00-05:00,1.1291999816894531,1.1298999786376953,0.9700000286102295,0.9700000286102295,616106,0.0,0.0
2025-02-03 10:38:00-05:00,0.8906999826431274,0.9409000277519226,0.8799999952316284,0.9200000166893005,369144,0.0,0.0
2025-02-03 10:39:00-05:00,0.9291999936103821,0.9387999773025513,0.8730000257492065,0.9200000166893005,458450,0.0,0.0
2025-02-03 10:40:00-05:00,0.9232000112533569,1.059999942779541,0.9101999998092651,1.0351999998092651,745385,0.0,0.0
2025-02-03 10:41:00-05:00,1.020799994468689,1.0700000524520874,1.0,1.020799994468689,589687,0.0,0.0
2025-02-03 10:42:00-05:00,1.0296000242233276,1.0399999618530273,0.8949999809265137,0.9099000096321106,600287,0.0,0.0
2025-02-03 10:43:00-05:00,0.8950999975204468,0.9700000286102295,0.8299999833106995,0.9492999911308289,576591,0.0,0.0
2025-02-03 10:44:00-05:00,0.9347000122070312,1.1299999952316284,0.9079999923706055,1.1299999952316284,732962,0.0,0.0
2025-02-03 10:45:00-05:00,1.1100000143051147,1.1299999952316284,1.1100000143051147,1.1299999952316284,102254,0.0,0.0
2025-02-03 10:50:00-05:00,1.1399999856948853,1.2000000476837158,0.9900000095367432,0.9900000095367432,1050291,0.0,0.0
2025-02-03 10:55:00-05:00,0.9966999888420105,1.0299999713897705,0.9549999833106995,0.9549999833106995,200762,0.0,0.0
2025-02-03 10:56:00-05:00,0.9599999785423279,1.0700000524520874,0.949999988079071,0.9912999868392944,493854,0.0,0.0
2025-02-03 10:57:00-05:00,0.9962000250816345,0.9962999820709229,0.9200000166893005,0.947700023651123,270707,0.0,0.0
2025-02-03 10:58:00-05:00,0.9477999806404114,0.9697999954223633,0.920799970626831,0.9684000015258789,125706,0.0,0.0
2025-02-03 10:59:00-05:00,0.9697999954223633,0.9697999954223633,0.9333000183105469,0.9336000084877014,63561,0.0,0.0
2025-02-03 11:00:00-05:00,0.9336000084877014,0.9440000057220459,0.9100000262260437,0.9100000262260437,90991,0.0,0.0
2025-02-03 11:01:00-05:00,0.9013000130653381,0.9373000264167786,0.8999999761581421,0.9120000004768372,103111,0.0,0.0
2025-02-03 11:02:00-05:00,0.9120000004768372,0.9372000098228455,0.8999999761581421,0.9294999837875366,69964,0.0,0.0
2025-02-03 11:03:00-05:00,0.9372000098228455,0.9372000098228455,0.8999999761581421,0.9182999730110168,49814,0.0,0.0
2025-02-03 11:04:00-05:00,0.9196000099182129,0.9459999799728394,0.9196000099182129,0.945900022983551,85937,0.0,0.0
2025-02-03 11:05:00-05:00,0.945900022983551,1.0199999809265137,0.9186999797821045,0.9876000285148621,258535,0.0,0.0
2025-02-03 11:06:00-05:00,1.0,1.0600999593734741,0.998199999332428,1.0110000371932983,329426,0.0,0.0
2025-02-03 11:07:00-05:00,1.0099999904632568,1.0192999839782715,0.9778000116348267,0.9785000085830688,100304,0.0,0.0
2025-02-03 11:08:00-05:00,0.9836999773979187,0.9898999929428101,0.9599999785423279,0.960099995136261,166085,0.0,0.0
2025-02-03 11:09:00-05:00,0.9700000286102295,1.0499999523162842,0.9603000283241272,1.024999976158142,347231,0.0,0.0
2025-02-03 11:10:00-05:00,1.0299999713897705,1.0499000549316406,0.9901000261306763,1.0199999809265137,223852,0.0,0.0
2025-02-03 11:11:00-05:00,1.031499981880188,1.1299999952316284,1.0099999904632568,1.0993000268936157,744164,0.0,0.0
2025-02-03 11:12:00-05:00,1.090399980545044,1.2200000286102295,1.0700000524520874,1.2200000286102295,888472,0.0,0.0
2025-02-03 11:13:00-05:00,1.2200000286102295,1.2200000286102295,1.2200000286102295,1.2200000286102295,39823,0.0,0.0
2025-02-03 11:18:00-05:00,1.2200000286102295,1.3700000047683716,1.1799999475479126,1.25,1701400,0.0,0.0
2025-02-03 11:19:00-05:00,1.2592999935150146,1.3200000524520874,1.1799999475479126,1.250100016593933,1205348,0.0,0.0
2025-02-03 11:20:00-05:00,1.2699999809265137,1.374400019645691,1.2400000095367432,1.3151999711990356,1373104,0.0,0.0
2025-02-03 11:21:00-05:00,1.3179999589920044,1.399999976158142,1.2000000476837158,1.2898999452590942,1238698,0.0,0.0
2025-02-03 11:22:00-05:00,1.2898000478744507,1.2899999618530273,1.2000000476837158,1.2400000095367432,481762,0.0,0.0
2025-02-03 11:23:00-05:00,1.2400000095367432,1.2599999904632568,1.2000000476837158,1.215000033378601,478163,0.0,0.0
2025-02-03 11:24:00-05:00,1.215000033378601,1.340000033378601,1.1799999475479126,1.315000057220459,1540302,0.0,0.0
2025-02-03 11:25:00-05:00,1.3199000358581543,1.399999976158142,1.25,1.3895000219345093,1323327,0.0,0.0
2025-02-03 11:26:00-05:00,1.3899999856948853,1.440000057220459,1.309999942779541,1.3250000476837158,1270458,0.0,0.0
2025-02-03 11:27:00-05:00,1.3200000524520874,1.3799999952316284,1.309999942779541,1.340000033378601,517395,0.0,0.0
2025-02-03 11:28:00-05:00,1.350000023841858,1.3899999856948853,1.340000033378601,1.3595000505447388,717273,0.0,0.0
2025-02-03 11:29:00-05:00,1.3600000143051147,1.3700000047683716,1.25,1.3101999759674072,833181,0.0,0.0
2025-02-03 11:30:00-05:00,1.3187999725341797,1.3300000429153442,1.2699999809265137,1.2799999713897705,350826,0.0,0.0
2025-02-03 11:31:00-05:00,1.2799999713897705,1.350000023841858,1.2799999713897705,1.3306000232696533,352555,0.0,0.0
2025-02-03 11:32:00-05:00,1.3398000001907349,1.4500000476837158,1.3394999504089355,1.4119999408721924,1303429,0.0,0.0
2025-02-03 11:33:00-05:00,1.4198999404907227,1.4500000476837158,1.399999976158142,1.4009000062942505,1160704,0.0,0.0
2025-02-03 11:34:00-05:00,1.4048000574111938,1.409999966621399,1.350000023841858,1.3899999856948853,677537,0.0,0.0
2025-02-03 11:35:00-05:00,1.399999976158142,1.409999966621399,1.3200000524520874,1.3401000499725342,944749,0.0,0.0
2025-02-03 11:36:00-05:00,1.3490999937057495,1.3490999937057495,1.2200000286102295,1.2200000286102295,716540,0.0,0.0
2025-02-03 11:37:00-05:00,1.2200000286102295,1.2200000286102295,1.2200000286102295,1.2200000286102295,74935,0.0,0.0
2025-02-03 11:42:00-05:00,1.1200000047683716,1.2200000286102295,1.100000023841858,1.2089999914169312,934231,0.0,0.0
2025-02-03 11:43:00-05:00,1.2100000381469727,1.2200000286102295,1.1799999475479126,1.2000000476837158,349533,0.0,0.0
2025-02-03 11:44:00-05:00,1.2005000114440918,1.2009999752044678,1.1299999952316284,1.1349999904632568,576243,0.0,0.0
2025-02-03 11:45:00-05:00,1.1349999904632568,1.2000000476837158,1.1299999952316284,1.1299999952316284,351251,0.0,0.0
2025-02-03 11:46:00-05:00,1.131100058555603,1.131100058555603,1.059999942779541,1.100000023841858,649661,0.0,0.0
2025-02-03 11:47:00-05:00,1.0950000286102295,1.1100000143051147,1.090000033378601,1.100000023841858,219368,0.0,0.0
2025-02-03 11:48:00-05:00,1.1089999675750732,1.1299999952316284,1.100000023841858,1.1200000047683716,174548,0.0,0.0
2025-02-03 11:49:00-05:00,1.1150000095367432,1.1200000047683716,1.100000023841858,1.1009999513626099,126113,0.0,0.0
2025-02-03 11:50:00-05:00,1.1002999544143677,1.1002999544143677,1.0399999618530273,1.0399999618530273,364932,0.0,0.0
2025-02-03 11:51:00-05:00,1.0449999570846558,1.100000023841858,1.0399999618530273,1.0750000476837158,224065,0.0,0.0
2025-02-03 11:52:00-05:00,1.070099949836731,1.090000033378601,1.0700000524520874,1.090000033378601,41743,0.0,0.0
2025-02-03 11:53:00-05:00,1.0850000381469727,1.1100000143051147,1.0700000524520874,1.0750000476837158,107791,0.0,0.0
2025-02-03 11:54:00-05:00,1.0788999795913696,1.0800000429153442,1.0700000524520874,1.0700000524520874,44979,0.0,0.0
2025-02-03 11:55:00-05:00,1.0700000524520874,1.0800000429153442,1.0399999618530273,1.0700000524520874,113044,0.0,0.0
2025-02-03 11:56:00-05:00,1.052899956703186,1.0800000429153442,1.0499000549316406,1.0799000263214111,140455,0.0,0.0
2025-02-03 11:57:00-05:00,1.07669997215271,1.1100000143051147,1.0750000476837158,1.1007000207901,128756,0.0,0.0
2025-02-03 11:58:00-05:00,1.1050000190734863,1.1299999952316284,1.090000033378601,1.090000033378601,266867,0.0,0.0
2025-02-03 11:59:00-05:00,1.0901000499725342,1.1799999475479126,1.0800000429153442,1.1699999570846558,289730,0.0,0.0
2025-02-03 12:00:00-05:00,1.179900050163269,1.1799999475479126,1.1200000047683716,1.149999976158142,191628,0.0,0.0
2025-02-03 12:01:00-05:00,1.1399999856948853,1.159999966621399,1.1200000047683716,1.1203999519348145,186795,0.0,0.0
2025-02-03 12:02:00-05:00,1.1200000047683716,1.1299999952316284,1.100000023841858,1.1089999675750732,134920,0.0,0.0
2025-02-03 12:03:00-05:00,1.1098999977111816,1.149999976158142,1.100100040435791,1.1399999856948853,138181,0.0,0.0
2025-02-03 12:04:00-05:00,1.1339999437332153,1.1799999475479126,1.1299999952316284,1.149999976158142,178867,0.0,0.0
2025-02-03 12:05:00-05:00,1.149999976158142,1.1799999475479126,1.149999976158142,1.1505000591278076,230982,0.0,0.0
2025-02-03 12:06:00-05:00,1.1500999927520752,1.1500999927520752,1.1299999952316284,1.1299999952316284,92685,0.0,0.0
2025-02-03 12:07:00-05:00,1.1349999904632568,1.1399999856948853,1.100000023841858,1.1104999780654907,96421,0.0,0.0
2025-02-03 12:08:00-05:00,1.1100000143051147,1.1200000047683716,1.100000023841858,1.1150000095367432,22421,0.0,0.0
2025-02-03 12:09:00-05:00,1.1193000078201294,1.1200000047683716,1.100000023841858,1.100000023841858,22137,0.0,0.0
2025-02-03 12:10:00-05:00,1.1007000207901,1.1198999881744385,1.100000023841858,1.1150000095367432,41004,0.0,0.0
2025-02-03 12:11:00-05:00,1.110700011253357,1.1200000047683716,1.059999942779541,1.0602999925613403,86226,0.0,0.0
2025-02-03 12:12:00-05:00,1.067199945449829,1.1198999881744385,1.059999942779541,1.100000023841858,111665,0.0,0.0
2025-02-03 12:13:00-05:00,1.0950000286102295,1.1200000047683716,1.090000033378601,1.1009999513626099,57153,0.0,0.0
2025-02-03 12:14:00-05:00,1.100000023841858,1.1096999645233154,1.100000023841858,1.1092000007629395,24531,0.0,0.0
2025-02-03 12:15:00-05:00,1.1050000190734863,1.1200000047683716,1.100000023841858,1.1110999584197998,45635,0.0,0.0
2025-02-03 12:16:00-05:00,1.1150000095367432,1.1399999856948853,1.1050000190734863,1.1303000450134277,52803,0.0,0.0
2025-02-03 12:17:00-05:00,1.1299999952316284,1.1399999856948853,1.100100040435791,1.1100000143051147,67824,0.0,0.0
2025-02-03 12:18:00-05:00,1.110700011253357,1.1299999952316284,1.1100000143051147,1.1299999952316284,17602,0.0,0.0
2025-02-03 12:19:00-05:00,1.1299999952316284,1.1299999952316284,1.100000023841858,1.110200047492981,40944,0.0,0.0
2025-02-03 12:20:00-05:00,1.100000023841858,1.1100000143051147,1.0800000429153442,1.0850000381469727,69422,0.0,0.0
2025-02-03 12:21:00-05:00,1.0810999870300293,1.0920000076293945,1.0800000429153442,1.0807000398635864,27470,0.0,0.0
2025-02-03 12:22:00-05:00,1.0805000066757202,1.090000033378601,1.0700000524520874,1.0789999961853027,36631,0.0,0.0
2025-02-03 12:23:00-05:00,1.070199966430664,1.100000023841858,1.0700000524520874,1.0920000076293945,23220,0.0,0.0
2025-02-03 12:24:00-05:00,1.0950000286102295,1.0950000286102295,1.0700000524520874,1.0700000524520874,25900,0.0,0.0
2025-02-03 12:25:00-05:00,1.0700000524520874,1.0700000524520874,1.0399999618530273,1.0400999784469604,137420,0.0,0.0
2025-02-03 12:26:00-05:00,1.0399999618530273,1.0499999523162842,1.0399999618530273,1.0499000549316406,41737,0.0,0.0
2025-02-03 12:27:00-05:00,1.0399999618530273,1.0499999523162842,1.0399999618530273,1.0399999618530273,45800,0.0,0.0
2025-02-03 12:28:00-05:00,1.0399999618530273,1.0499999523162842,1.0099999904632568,1.0187000036239624,116406,0.0,0.0
2025-02-03 12:29:00-05:00,1.0103000402450562,1.059999942779541,1.0103000402450562,1.059999942779541,117588,0.0,0.0
2025-02-03 12:30:00-05:00,1.0699000358581543,1.0700000524520874,1.0499999523162842,1.059999942779541,32639,0.0,0.0
2025-02-03 12:31:00-05:00,1.0700000524520874,1.0800000429153442,1.0599000453948975,1.059999942779541,41630,0.0,0.0
2025-02-03 12:32:00-05:00,1.0499999523162842,1.059999942779541,1.0499999523162842,1.059999942779541,23717,0.0,0.0
2025-02-03 12:33:00-05:00,1.059000015258789,1.0700000524520874,1.0499999523162842,1.059999942779541,31628,0.0,0.0
2025-02-03 12:34:00-05:00,1.059999942779541,1.079300045967102,1.0499999523162842,1.0750000476837158,37204,0.0,0.0
2025-02-03 12:35:00-05:00,1.0703999996185303,1.0800000429153442,1.0700000524520874,1.0700000524520874,36467,0.0,0.0
2025-02-03 12:36:00-05:00,1.0781999826431274,1.0781999826431274,1.0500999689102173,1.059999942779541,40438,0.0,0.0
2025-02-03 12:37:00-05:00,1.0601999759674072,1.0700000524520874,1.0499999523162842,1.0699000358581543,14331,0.0,0.0
2025-02-03 12:38:00-05:00,1.0700000524520874,1.0700000524520874,1.0399999618530273,1.0599000453948975,25901,0.0,0.0
2025-02-03 12:39:00-05:00,1.0582000017166138,1.062000036239624,1.0528000593185425,1.0579999685287476,6464,0.0,0.0
2025-02-03 12:40:00-05:00,1.0579999685287476,1.0599000453948975,1.0499999523162842,1.0592999458312988,5344,0.0,0.0
2025-02-03 12:41:00-05:00,1.0500999689102173,1.059999942779541,1.0399999618530273,1.0399999618530273,29121,0.0,0.0
2025-02-03 12:42:00-05:00,1.0407999753952026,1.0494999885559082,1.0299999713897705,1.0300999879837036,27088,0.0,0.0
2025-02-03 12:43:00-05:00,1.0299999713897705,1.059999942779541,1.0199999809265137,1.0595999956130981,57690,0.0,0.0
2025-02-03 12:44:00-05:00,1.059999942779541,1.100000023841858,1.0549999475479126,1.0950000286102295,171900,0.0,0.0
2025-02-03 12:45:00-05:00,1.0911999940872192,1.1224000453948975,1.090000033378601,1.0999000072479248,116605,0.0,0.0
2025-02-03 12:46:00-05:00,1.0999000072479248,1.100000023841858,1.0800000429153442,1.0999000072479248,35154,0.0,0.0
2025-02-03 12:47:00-05:00,1.090499997138977,1.1198999881744385,1.090000033378601,1.1100000143051147,59280,0.0,0.0
2025-02-03 12:48:00-05:00,1.1100000143051147,1.1100000143051147,1.090000033378601,1.100000023841858,43580,0.0,0.0
2025-02-03 12:49:00-05:00,1.0999000072479248,1.1089999675750732,1.070099949836731,1.100000023841858,71057,0.0,0.0
2025-02-03 12:50:00-05:00,1.1060999631881714,1.1100000143051147,1.100000023841858,1.1050000190734863,10331,0.0,0.0
2025-02-03 12:51:00-05:00,1.1050000190734863,1.1100000143051147,1.100000023841858,1.101099967956543,17298,0.0,0.0
2025-02-03 12:52:00-05:00,1.1050000190734863,1.1050000190734863,1.0901000499725342,1.100000023841858,28951,0.0,0.0
2025-02-03 12:53:00-05:00,1.100000023841858,1.100000023841858,1.059999942779541,1.0702999830245972,54698,0.0,0.0
2025-02-03 12:54:00-05:00,1.079300045967102,1.0800000429153442,1.059999942779541,1.0700000524520874,16767,0.0,0.0
2025-02-03 12:55:00-05:00,1.0750000476837158,1.0800000429153442,1.0700000524520874,1.070099949836731,17367,0.0,0.0
2025-02-03 12:56:00-05:00,1.0700000524520874,1.0800000429153442,1.059999942779541,1.0700000524520874,15466,0.0,0.0
2025-02-03 12:57:00-05:00,1.0700000524520874,1.0700000524520874,1.059999942779541,1.059999942779541,6155,0.0,0.0
2025-02-03 12:58:00-05:00,1.059999942779541,1.0700000524520874,1.059999942779541,1.0699000358581543,22355,0.0,0.0
2025-02-03 12:59:00-05:00,1.0700000524520874,1.100000023841858,1.0700000524520874,1.100000023841858,57804,0.0,0.0
2025-02-03 13:00:00-05:00,1.100000023841858,1.1299999952316284,1.0901000499725342,1.100000023841858,100816,0.0,0.0
2025-02-03 13:01:00-05:00,1.1050000190734863,1.1050000190734863,1.0800000429153442,1.090000033378601,40389,0.0,0.0
2025-02-03 13:02:00-05:00,1.090000033378601,1.090000033378601,1.059999942779541,1.0700000524520874,37899,0.0,0.0
2025-02-03 13:03:00-05:00,1.065000057220459,1.065000057220459,1.059999942779541,1.059999942779541,3168,0.0,0.0
2025-02-03 13:04:00-05:00,1.0606000423431396,1.1100000143051147,1.0606000423431396,1.1003999710083008,71905,0.0,0.0
2025-02-03 13:05:00-05:00,1.1098999977111816,1.1100000143051147,1.100000023841858,1.1090999841690063,29750,0.0,0.0
2025-02-03 13:06:00-05:00,1.0980000495910645,1.0980000495910645,1.090000033378601,1.0950000286102295,4338,0.0,0.0
2025-02-03 13:07:00-05:00,1.0906000137329102,1.1100000143051147,1.090000033378601,1.100000023841858,15382,0.0,0.0
2025-02-03 13:08:00-05:00,1.100000023841858,1.1100000143051147,1.0987999439239502,1.1061999797821045,22922,0.0,0.0
2025-02-03 13:09:00-05:00,1.1050000190734863,1.1200000047683716,1.0800000429153442,1.0944000482559204,69119,0.0,0.0
2025-02-03 13:10:00-05:00,1.0951999425888062,1.1086000204086304,1.090000033378601,1.1086000204086304,28592,0.0,0.0
2025-02-03 13:11:00-05:00,1.1004999876022339,1.1399999856948853,1.100000023841858,1.1390999555587769,182502,0.0,0.0
2025-02-03 13:12:00-05:00,1.2009999752044678,1.2009999752044678,1.13100004196167,1.2009999752044678,290004,0.0,0.0
2025-02-03 13:13:00-05:00,1.2100000381469727,1.25,1.1699999570846558,1.2000000476837158,393432,0.0,0.0
2025-02-03 13:14:00-05:00,1.2000999450683594,1.2100000381469727,1.149999976158142,1.1510000228881836,252105,0.0,0.0
2025-02-03 13:15:00-05:00,1.159000039100647,1.2000000476837158,1.149999976158142,1.1950000524520874,118413,0.0,0.0
2025-02-03 13:16:00-05:00,1.190000057220459,1.2000000476837158,1.1699999570846558,1.184999942779541,70521,0.0,0.0
2025-02-03 13:17:00-05:00,1.190000057220459,1.2100000381469727,1.170799970626831,1.1900999546051025,100558,0.0,0.0
2025-02-03 13:18:00-05:00,1.1900999546051025,1.2098000049591064,1.1700999736785889,1.184999942779541,123029,0.0,0.0
2025-02-03 13:19:00-05:00,1.1859999895095825,1.2000000476837158,1.149999976158142,1.1711000204086304,121418,0.0,0.0
2025-02-03 13:20:00-05:00,1.1749999523162842,1.2200000286102295,1.1749999523162842,1.2148000001907349,192097,0.0,0.0
2025-02-03 13:21:00-05:00,1.2101000547409058,1.2200000286102295,1.1799999475479126,1.1950000524520874,129114,0.0,0.0
2025-02-03 13:22:00-05:00,1.1907999515533447,1.1907999515533447,1.149999976158142,1.1624000072479248,142026,0.0,0.0
2025-02-03 13:23:00-05:00,1.1759999990463257,1.1799999475479126,1.149999976158142,1.149999976158142,40106,0.0,0.0
2025-02-03 13:24:00-05:00,1.1500999927520752,1.1500999927520752,1.1200000047683716,1.1299999952316284,63760,0.0,0.0
2025-02-03 13:25:00-05:00,1.1399999856948853,1.149999976158142,1.13100004196167,1.1390000581741333,23778,0.0,0.0
2025-02-03 13:26:00-05:00,1.1299999952316284,1.1799999475479126,1.1299999952316284,1.1710000038146973,103860,0.0,0.0
2025-02-03 13:27:00-05:00,1.1700999736785889,1.2100000381469727,1.1486999988555908,1.190000057220459,168880,0.0,0.0
2025-02-03 13:28:00-05:00,1.2000000476837158,1.2599999904632568,1.1950000524520874,1.2549999952316284,351904,0.0,0.0
2025-02-03 13:29:00-05:00,1.250100016593933,1.250100016593933,1.1799999475479126,1.1800999641418457,192305,0.0,0.0
2025-02-03 13:30:00-05:00,1.1799999475479126,1.2100000381469727,1.159999966621399,1.2000000476837158,113335,0.0,0.0
2025-02-03 13:31:00-05:00,1.1999000310897827,1.2000000476837158,1.1751999855041504,1.184999942779541,41894,0.0,0.0
2025-02-03 13:32:00-05:00,1.180999994277954,1.2000000476837158,1.1799999475479126,1.1979999542236328,35699,0.0,0.0
2025-02-03 13:33:00-05:00,1.2000000476837158,1.2100000381469727,1.180999994277954,1.180999994277954,52878,0.0,0.0
2025-02-03 13:34:00-05:00,1.190000057220459,1.190000057220459,1.149899959564209,1.1699999570846558,143764,0.0,0.0
2025-02-03 13:35:00-05:00,1.1720000505447388,1.1799999475479126,1.1699999570846558,1.1712000370025635,22321,0.0,0.0
2025-02-03 13:36:00-05:00,1.1749999523162842,1.2200000286102295,1.1699999570846558,1.2000999450683594,158975,0.0,0.0
2025-02-03 13:37:00-05:00,1.208799958229065,1.2400000095367432,1.2000000476837158,1.2101000547409058,172481,0.0,0.0
2025-02-03 13:38:00-05:00,1.2200000286102295,1.2688000202178955,1.2200000286102295,1.2688000202178955,218128,0.0,0.0
2025-02-03 13:39:00-05:00,1.2699999809265137,1.2799999713897705,1.2000000476837158,1.2400000095367432,364614,0.0,0.0
2025-02-03 13:40:00-05:00,1.23989999294281,1.25,1.2000000476837158,1.2200000286102295,128579,0.0,0.0
2025-02-03 13:41:00-05:00,1.2300000190734863,1.25,1.2200000286102295,1.2401000261306763,77260,0.0,0.0
2025-02-03 13:42:00-05:00,1.2400000095367432,1.2400000095367432,1.1799999475479126,1.2100000381469727,130415,0.0,0.0
2025-02-03 13:43:00-05:00,1.2103999853134155,1.2352999448776245,1.2000999450683594,1.2203999757766724,58709,0.0,0.0
2025-02-03 13:44:00-05:00,1.2300000190734863,1.2300000190734863,1.2000000476837158,1.2099000215530396,40367,0.0,0.0
2025-02-03 13:45:00-05:00,1.2005000114440918,1.2200000286102295,1.190000057220459,1.2197999954223633,101078,0.0,0.0
2025-02-03 13:46:00-05:00,1.2109999656677246,1.2200000286102295,1.190000057220459,1.2000999450683594,35835,0.0,0.0
2025-02-03 13:47:00-05:00,1.2000000476837158,1.2100000381469727,1.2000000476837158,1.2000000476837158,26424,0.0,0.0
2025-02-03 13:48:00-05:00,1.2000999450683594,1.2100000381469727,1.1699999570846558,1.1699999570846558,124459,0.0,0.0
2025-02-03 13:49:00-05:00,1.1699999570846558,1.179800033569336,1.1399999856948853,1.1705000400543213,97106,0.0,0.0
2025-02-03 13:50:00-05:00,1.1649999618530273,1.2100000381469727,1.159999966621399,1.1699999570846558,74979,0.0,0.0
2025-02-03 13:51:00-05:00,1.1710000038146973,1.190000057220459,1.170199990272522,1.1793999671936035,21913,0.0,0.0
2025-02-03 13:52:00-05:00,1.1700999736785889,1.1799999475479126,1.1699999570846558,1.1799999475479126,14019,0.0,0.0
2025-02-03 13:53:00-05:00,1.1651999950408936,1.1782000064849854,1.159999966621399,1.1712000370025635,14372,0.0,0.0
2025-02-03 13:54:00-05:00,1.1699999570846558,1.190000057220459,1.160099983215332,1.1699999570846558,19726,0.0,0.0
2025-02-03 13:55:00-05:00,1.1699999570846558,1.1700999736785889,1.159999966621399,1.1698999404907227,11782,0.0,0.0
2025-02-03 13:56:00-05:00,1.1699999570846558,1.1799999475479126,1.1699999570846558,1.179900050163269,17180,0.0,0.0
2025-02-03 13:57:00-05:00,1.1710000038146973,1.1799999475479126,1.160599946975708,1.1649999618530273,29979,0.0,0.0
2025-02-03 13:58:00-05:00,1.160099983215332,1.169700026512146,1.149999976158142,1.1505000591278076,45413,0.0,0.0
2025-02-03 13:59:00-05:00,1.1505000591278076,1.159999966621399,1.149999976158142,1.149999976158142,12244,0.0,0.0
2025-02-03 14:00:00-05:00,1.1549999713897705,1.159999966621399,1.1401000022888184,1.148800015449524,9858,0.0,0.0
2025-02-03 14:01:00-05:00,1.1349999904632568,1.149999976158142,1.1100000143051147,1.149899959564209,92493,0.0,0.0
2025-02-03 14:02:00-05:00,1.148300051689148,1.149999976158142,1.121999979019165,1.149999976158142,48945,0.0,0.0
2025-02-03 14:03:00-05:00,1.149999976158142,1.190000057220459,1.1399999856948853,1.179900050163269,73343,0.0,0.0
2025-02-03 14:04:00-05:00,1.1749999523162842,1.1799999475479126,1.1649999618530273,1.1699999570846558,36637,0.0,0.0
2025-02-03 14:05:00-05:00,1.1649999618530273,1.1699999570846558,1.1504000425338745,1.1504000425338745,24627,0.0,0.0
2025-02-03 14:06:00-05:00,1.1549999713897705,1.1699999570846558,1.1549999713897705,1.1679999828338623,15391,0.0,0.0
2025-02-03 14:07:00-05:00,1.149999976158142,1.1699999570846558,1.149999976158142,1.1698999404907227,27453,0.0,0.0
2025-02-03 14:08:00-05:00,1.1699999570846558,1.1999000310897827,1.1698999404907227,1.1950000524520874,65647,0.0,0.0
2025-02-03 14:09:00-05:00,1.1990000009536743,1.2100000381469727,1.190000057220459,1.2100000381469727,73855,0.0,0.0
2025-02-03 14:10:00-05:00,1.2100000381469727,1.2100000381469727,1.149999976158142,1.179900050163269,88597,0.0,0.0
2025-02-03 14:11:00-05:00,1.1700999736785889,1.190000057220459,1.1700999736785889,1.1899000406265259,38570,0.0,0.0
2025-02-03 14:12:00-05:00,1.190000057220459,1.190000057220459,1.1799999475479126,1.190000057220459,20357,0.0,0.0
2025-02-03 14:13:00-05:00,1.190000057220459,1.190000057220459,1.159999966621399,1.1799999475479126,52641,0.0,0.0
2025-02-03 14:14:00-05:00,1.1700999736785889,1.1799999475479126,1.1699999570846558,1.1799999475479126,9635,0.0,0.0
2025-02-03 14:15:00-05:00,1.190000057220459,1.2000000476837158,1.1699999570846558,1.179900050163269,35688,0.0,0.0
2025-02-03 14:16:00-05:00,1.1782000064849854,1.2100000381469727,1.1782000064849854,1.2100000381469727,446232,0.0,0.0
2025-02-03 14:17:00-05:00,1.2799999713897705,1.2899999618530273,1.2699999809265137,1.2790000438690186,45085,0.0,0.0
2025-02-03 14:18:00-05:00,1.2710000276565552,1.3300000429153442,1.25,1.3293999433517456,307151,0.0,0.0
2025-02-03 14:19:00-05:00,1.3250000476837158,1.350000023841858,1.3003000020980835,1.3099000453948975,216236,0.0,0.0
2025-02-03 14:20:00-05:00,1.309999942779541,1.399999976158142,1.309999942779541,1.399999976158142,474816,0.0,0.0
2025-02-03 14:21:00-05:00,1.3901000022888184,1.399999976158142,1.3600000143051147,1.3650000095367432,206893,0.0,0.0
2025-02-03 14:22:00-05:00,1.309999942779541,1.3700000047683716,1.2899999618530273,1.309999942779541,299608,0.0,0.0
2025-02-03 14:23:00-05:00,1.3200000524520874,1.3200000524520874,1.2700999975204468,1.2999999523162842,190132,0.0,0.0
2025-02-03 14:24:00-05:00,1.3097000122070312,1.340000033378601,1.2999999523162842,1.3300000429153442,160899,0.0,0.0
2025-02-03 14:25:00-05:00,1.3091000318527222,1.3300000429153442,1.281000018119812,1.3091000318527222,126021,0.0,0.0
2025-02-03 14:26:00-05:00,1.2999999523162842,1.309999942779541,1.2300000190734863,1.2979999780654907,200240,0.0,0.0
2025-02-03 14:27:00-05:00,1.2900999784469604,1.350000023841858,1.2752000093460083,1.3481999635696411,197344,0.0,0.0
2025-02-03 14:28:00-05:00,1.3406000137329102,1.399999976158142,1.320099949836731,1.3698999881744385,542072,0.0,0.0
2025-02-03 14:29:00-05:00,1.3700000047683716,1.4199999570846558,1.350000023841858,1.399899959564209,543096,0.0,0.0
2025-02-03 14:30:00-05:00,1.399899959564209,1.4199999570846558,1.350000023841858,1.3799999952316284,325812,0.0,0.0
2025-02-03 14:31:00-05:00,1.3700000047683716,1.5,1.3600000143051147,1.4199999570846558,792855,0.0,0.0
2025-02-03 14:32:00-05:00,1.4199999570846558,1.4600000381469727,1.3600000143051147,1.385200023651123,430836,0.0,0.0
2025-02-03 14:33:00-05:00,1.3799999952316284,1.4299999475479126,1.3700000047683716,1.375,176692,0.0,0.0
2025-02-03 14:34:00-05:00,1.3799999952316284,1.409999966621399,1.3779000043869019,1.3799999952316284,80217,0.0,0.0
2025-02-03 14:35:00-05:00,1.382699966430664,1.3899999856948853,1.340000033378601,1.34089994430542,170319,0.0,0.0
2025-02-03 14:36:00-05:00,1.350000023841858,1.3899999856948853,1.3300000429153442,1.3550000190734863,200594,0.0,0.0
2025-02-03 14:37:00-05:00,1.3589999675750732,1.3700000047683716,1.309999942779541,1.3300000429153442,203051,0.0,0.0
2025-02-03 14:38:00-05:00,1.3300000429153442,1.340000033378601,1.2400000095367432,1.2999999523162842,165774,0.0,0.0
2025-02-03 14:39:00-05:00,1.2949999570846558,1.3200000524520874,1.2599999904632568,1.2805999517440796,116065,0.0,0.0
2025-02-03 14:40:00-05:00,1.2892999649047852,1.3200000524520874,1.2799999713897705,1.2992000579833984,99520,0.0,0.0
2025-02-03 14:41:00-05:00,1.309999942779541,1.3200000524520874,1.2899999618530273,1.309999942779541,72482,0.0,0.0
2025-02-03 14:42:00-05:00,1.2999999523162842,1.309999942779541,1.284999966621399,1.301200032234192,43065,0.0,0.0
2025-02-03 14:43:00-05:00,1.3049999475479126,1.309999942779541,1.2805999517440796,1.281999945640564,68544,0.0,0.0
2025-02-03 14:44:00-05:00,1.281999945640564,1.309999942779541,1.2699999809265137,1.3009999990463257,78251,0.0,0.0
2025-02-03 14:45:00-05:00,1.3092000484466553,1.309999942779541,1.2899999618530273,1.2949999570846558,42033,0.0,0.0
2025-02-03 14:46:00-05:00,1.2999999523162842,1.2999999523162842,1.2699999809265137,1.2711999416351318,23007,0.0,0.0
2025-02-03 14:47:00-05:00,1.270900011062622,1.2999999523162842,1.2699999809265137,1.284999966621399,79793,0.0,0.0
2025-02-03 14:48:00-05:00,1.2799999713897705,1.2999999523162842,1.25,1.2699999809265137,67375,0.0,0.0
2025-02-03 14:49:00-05:00,1.259600043296814,1.2899999618530273,1.2549999952316284,1.2704999446868896,75399,0.0,0.0
2025-02-03 14:50:00-05:00,1.2706999778747559,1.3300000429153442,1.2706999778747559,1.3200000524520874,137706,0.0,0.0
2025-02-03 14:51:00-05:00,1.3100999593734741,1.3200000524520874,1.2799999713897705,1.3097000122070312,49586,0.0,0.0
2025-02-03 14:52:00-05:00,1.2999999523162842,1.3300000429153442,1.2999999523162842,1.3300000429153442,53615,0.0,0.0
2025-02-03 14:53:00-05:00,1.3300000429153442,1.3799999952316284,1.329800009727478,1.3401000499725342,154838,0.0,0.0
2025-02-03 14:54:00-05:00,1.3447999954223633,1.350000023841858,1.3200000524520874,1.3200000524520874,125394,0.0,0.0
2025-02-03 14:55:00-05:00,1.3200000524520874,1.340000033378601,1.3200000524520874,1.340000033378601,26225,0.0,0.0
2025-02-03 14:56:00-05:00,1.340000033378601,1.340000033378601,1.320099949836731,1.3250000476837158,44201,0.0,0.0
2025-02-03 14:57:00-05:00,1.3217999935150146,1.3300000429153442,1.3200000524520874,1.3200000524520874,23052,0.0,0.0
2025-02-03 14:58:00-05:00,1.3207999467849731,1.3700000047683716,1.2999999523162842,1.3348000049591064,205033,0.0,0.0
2025-02-03 14:59:00-05:00,1.3300000429153442,1.3600000143051147,1.3300000429153442,1.3600000143051147,60118,0.0,0.0
2025-02-03 15:00:00-05:00,1.3508000373840332,1.3600000143051147,1.319599986076355,1.319599986076355,136859,0.0,0.0
2025-02-03 15:01:00-05:00,1.3250000476837158,1.399999976158142,1.320099949836731,1.399399995803833,219017,0.0,0.0
2025-02-03 15:02:00-05:00,1.3906999826431274,1.440000057220459,1.3700000047683716,1.4299999475479126,344879,0.0,0.0
2025-02-03 15:03:00-05:00,1.4200999736785889,1.4800000190734863,1.4200999736785889,1.445199966430664,265458,0.0,0.0
2025-02-03 15:04:00-05:00,1.4484000205993652,1.4500000476837158,1.4199999570846558,1.4199999570846558,114453,0.0,0.0
2025-02-03 15:05:00-05:00,1.4282000064849854,1.4500000476837158,1.4199999570846558,1.4299999475479126,109574,0.0,0.0
2025-02-03 15:06:00-05:00,1.4399000406265259,1.440000057220459,1.409999966621399,1.420699954032898,91907,0.0,0.0
2025-02-03 15:07:00-05:00,1.4242000579833984,1.4299999475479126,1.399999976158142,1.410099983215332,151317,0.0,0.0
2025-02-03 15:08:00-05:00,1.4198999404907227,1.4199999570846558,1.3300000429153442,1.3711999654769897,185309,0.0,0.0
2025-02-03 15:09:00-05:00,1.3701000213623047,1.3799999952316284,1.25,1.25,174049,0.0,0.0
2025-02-03 15:10:00-05:00,1.25,1.25,1.25,1.25,20947,0.0,0.0
2025-02-03 15:15:00-05:00,1.159999966621399,1.2999999523162842,1.1200000047683716,1.1790000200271606,687037,0.0,0.0
2025-02-03 15:16:00-05:00,1.1799999475479126,1.190000057220459,1.1399999856948853,1.1706000566482544,154588,0.0,0.0
2025-02-03 15:17:00-05:00,1.1704000234603882,1.1799999475479126,1.149999976158142,1.159999966621399,92535,0.0,0.0
2025-02-03 15:18:00-05:00,1.1649999618530273,1.1699999570846558,1.1399999856948853,1.1651999950408936,100192,0.0,0.0
2025-02-03 15:19:00-05:00,1.1698999404907227,1.1699999570846558,1.1399999856948853,1.1649999618530273,89652,0.0,0.0
2025-02-03 15:20:00-05:00,1.159999966621399,1.1799999475479126,1.149999976158142,1.1649999618530273,65780,0.0,0.0
2025-02-03 15:21:00-05:00,1.169600009918213,1.1699999570846558,1.0499999523162842,1.1100000143051147,336393,0.0,0.0
2025-02-03 15:22:00-05:00,1.1096999645233154,1.1299999952316284,1.0700000524520874,1.0997999906539917,120338,0.0,0.0
2025-02-03 15:23:00-05:00,1.100000023841858,1.1399999856948853,1.0950000286102295,1.1299999952316284,70797,0.0,0.0
2025-02-03 15:24:00-05:00,1.1299999952316284,1.1399999856948853,1.1200000047683716,1.1399999856948853,51522,0.0,0.0
2025-02-03 15:25:00-05:00,1.1349999904632568,1.149999976158142,1.1201000213623047,1.1449999809265137,41037,0.0,0.0
2025-02-03 15:26:00-05:00,1.1409000158309937,1.149999976158142,1.1299999952316284,1.149999976158142,26035,0.0,0.0
2025-02-03 15:27:00-05:00,1.1399999856948853,1.149999976158142,1.1299999952316284,1.1399999856948853,28398,0.0,0.0
2025-02-03 15:28:00-05:00,1.13100004196167,1.1399999856948853,1.1200000047683716,1.139299988746643,26771,0.0,0.0
2025-02-03 15:29:00-05:00,1.1311999559402466,1.159999966621399,1.1299999952316284,1.159999966621399,26968,0.0,0.0
2025-02-03 15:30:00-05:00,1.1598999500274658,1.159999966621399,1.1305999755859375,1.1399999856948853,65159,0.0,0.0
2025-02-03 15:31:00-05:00,1.1347999572753906,1.149999976158142,1.1299999952316284,1.149999976158142,16694,0.0,0.0
2025-02-03 15:32:00-05:00,1.149999976158142,1.159999966621399,1.1404000520706177,1.1500999927520752,9382,0.0,0.0
2025-02-03 15:33:00-05:00,1.149999976158142,1.159999966621399,1.149999976158142,1.1506999731063843,24507,0.0,0.0
2025-02-03 15:34:00-05:00,1.1549999713897705,1.159999966621399,1.149999976158142,1.159999966621399,14753,0.0,0.0
2025-02-03 15:35:00-05:00,1.1500999927520752,1.159999966621399,1.149999976158142,1.159999966621399,20271,0.0,0.0
2025-02-03 15:36:00-05:00,1.1506999731063843,1.159999966621399,1.149999976158142,1.1509000062942505,26729,0.0,0.0
2025-02-03 15:37:00-05:00,1.149999976158142,1.159999966621399,1.149999976158142,1.1505999565124512,20316,0.0,0.0
2025-02-03 15:38:00-05:00,1.149999976158142,1.159999966621399,1.149999976158142,1.159999966621399,6755,0.0,0.0
2025-02-03 15:39:00-05:00,1.159999966621399,1.159999966621399,1.149999976158142,1.159999966621399,11318,0.0,0.0
2025-02-03 15:40:00-05:00,1.159999966621399,1.159999966621399,1.149999976158142,1.159999966621399,6165,0.0,0.0
2025-02-03 15:41:00-05:00,1.159999966621399,1.159999966621399,1.1399999856948853,1.149999976158142,37728,0.0,0.0
2025-02-03 15:42:00-05:00,1.1303000450134277,1.1399999856948853,1.1299999952316284,1.131100058555603,12762,0.0,0.0
2025-02-03 15:43:00-05:00,1.1299999952316284,1.1399999856948853,1.1299999952316284,1.1399999856948853,20271,0.0,0.0
2025-02-03 15:44:00-05:00,1.1303000450134277,1.1399999856948853,1.1299999952316284,1.1349999904632568,5148,0.0,0.0
2025-02-03 15:45:00-05:00,1.1299999952316284,1.1399999856948853,1.1299999952316284,1.1399999856948853,14089,0.0,0.0
2025-02-03 15:46:00-05:00,1.1328999996185303,1.1399999856948853,1.1299999952316284,1.1399999856948853,26300,0.0,0.0
2025-02-03 15:47:00-05:00,1.1349999904632568,1.159999966621399,1.1349999904632568,1.159600019454956,40378,0.0,0.0
2025-02-03 15:48:00-05:00,1.159999966621399,1.159999966621399,1.149999976158142,1.159999966621399,6604,0.0,0.0
2025-02-03 15:49:00-05:00,1.1549999713897705,1.159999966621399,1.149999976158142,1.149999976158142,24390,0.0,0.0
2025-02-03 15:50:00-05:00,1.1497999429702759,1.149999976158142,1.1299999952316284,1.1399999856948853,14003,0.0,0.0
2025-02-03 15:51:00-05:00,1.1399999856948853,1.159999966621399,1.1399999856948853,1.159999966621399,51656,0.0,0.0
2025-02-03 15:52:00-05:00,1.159999966621399,1.159999966621399,1.149999976158142,1.159000039100647,28393,0.0,0.0
2025-02-03 15:53:00-05:00,1.159999966621399,1.159999966621399,1.1510000228881836,1.1552000045776367,8183,0.0,0.0
2025-02-03 15:54:00-05:00,1.159999966621399,1.159999966621399,1.149999976158142,1.159999966621399,29166,0.0,0.0
2025-02-03 15:55:00-05:00,1.1449999809265137,1.149999976158142,1.1399999856948853,1.149999976158142,8694,0.0,0.0
2025-02-03 15:56:00-05:00,1.149999976158142,1.149999976158142,1.100000023841858,1.1150000095367432,65341,0.0,0.0
2025-02-03 15:57:00-05:00,1.100000023841858,1.1200000047683716,1.0800000429153442,1.100000023841858,93145,0.0,0.0
2025-02-03 15:58:00-05:00,1.0950000286102295,1.100000023841858,1.0800000429153442,1.100000023841858,51368,0.0,0.0
2025-02-03 15:59:00-05:00,1.100000023841858,1.1299999952316284,1.059999942779541,1.100000023841858,67625,0.0,0.0
2025-02-04 09:30:00-05:00,1.1399999856948853,1.2000000476837158,1.100000023841858,1.100000023841858,302130,0.0,0.0
2025-02-04 09:31:00-05:00,1.0844999551773071,1.1150000095367432,1.070099949836731,1.0889999866485596,17571,0.0,0.0
2025-02-04 09:32:00-05:00,1.059999942779541,1.1299999952316284,1.059999942779541,1.1299999952316284,19924,0.0,0.0
2025-02-04 09:33:00-05:00,1.1050000190734863,1.1699999570846558,1.1050000190734863,1.1475000381469727,13646,0.0,0.0
2025-02-04 09:34:00-05:00,1.1399999856948853,1.1399999856948853,1.1200000047683716,1.1200000047683716,2512,0.0,0.0
2025-02-04 09:35:00-05:00,1.1200000047683716,1.1200000047683716,1.090000033378601,1.090000033378601,6763,0.0,0.0
2025-02-04 09:36:00-05:00,1.0925999879837036,1.100000023841858,1.090000033378601,1.090000033378601,10331,0.0,0.0
2025-02-04 09:37:00-05:00,1.0920000076293945,1.093000054359436,1.0628000497817993,1.0628000497817993,6951,0.0,0.0
2025-02-04 09:38:00-05:00,1.0600999593734741,1.0700000524520874,1.059999942779541,1.0607000589370728,32160,0.0,0.0
2025-02-04 09:39:00-05:00,1.0700000524520874,1.0700000524520874,1.059999942779541,1.059999942779541,31166,0.0,0.0
2025-02-04 09:40:00-05:00,1.062000036239624,1.0850000381469727,1.059999942779541,1.0700000524520874,7142,0.0,0.0
2025-02-04 09:41:00-05:00,1.0700000524520874,1.0908000469207764,1.0700000524520874,1.0700000524520874,1888,0.0,0.0
2025-02-04 09:42:00-05:00,1.080899953842163,1.080899953842163,1.059999942779541,1.059999942779541,4715,0.0,0.0
2025-02-04 09:43:00-05:00,1.0738999843597412,1.0738999843597412,1.0199999809265137,1.0449999570846558,114947,0.0,0.0
2025-02-04 09:44:00-05:00,1.0299999713897705,1.041200041770935,1.0099999904632568,1.0199999809265137,5678,0.0,0.0
2025-02-04 09:45:00-05:00,1.0219999551773071,1.0299999713897705,1.0,1.0299999713897705,28767,0.0,0.0
2025-02-04 09:46:00-05:00,1.0219999551773071,1.0399999618530273,1.0219999551773071,1.0325000286102295,11656,0.0,0.0
2025-02-04 09:47:00-05:00,1.0199999809265137,1.0297000408172607,1.0,1.000100016593933,15293,0.0,0.0
2025-02-04 09:48:00-05:00,1.0054999589920044,1.0399999618530273,0.9894999861717224,1.0226000547409058,37519,0.0,0.0
2025-02-04 09:49:00-05:00,1.0298999547958374,1.0494999885559082,1.0227999687194824,1.0494999885559082,4616,0.0,0.0
2025-02-04 09:50:00-05:00,1.0396000146865845,1.0499999523162842,1.0396000146865845,1.0398000478744507,1686,0.0,0.0
2025-02-04 09:51:00-05:00,1.0321999788284302,1.034999966621399,1.0321999788284302,1.034999966621399,3379,0.0,0.0
2025-02-04 09:52:00-05:00,1.0299999713897705,1.0299999713897705,1.0149999856948853,1.0299999713897705,5780,0.0,0.0
2025-02-04 09:53:00-05:00,1.0407999753952026,1.049399971961975,1.0407999753952026,1.049399971961975,3179,0.0,0.0
2025-02-04 09:54:00-05:00,1.049299955368042,1.0499999523162842,1.0407999753952026,1.0407999753952026,6481,0.0,0.0
2025-02-04 09:55:00-05:00,1.0499999523162842,1.059999942779541,1.0499000549316406,1.0499999523162842,6372,0.0,0.0
2025-02-04 09:56:00-05:00,1.0499999523162842,1.0499999523162842,1.0499999523162842,1.0499999523162842,10976,0.0,0.0
2025-02-04 09:57:00-05:00,1.0498000383377075,1.0498000383377075,1.0498000383377075,1.0498000383377075,237,0.0,0.0
2025-02-04 09:58:00-05:00,1.0400999784469604,1.041100025177002,1.0400999784469604,1.041100025177002,2722,0.0,0.0
2025-02-04 09:59:00-05:00,1.0399999618530273,1.0399999618530273,1.0399999618530273,1.0399999618530273,14755,0.0,0.0
2025-02-04 10:00:00-05:00,1.0302000045776367,1.0700000524520874,1.0302000045776367,1.0499000549316406,33933,0.0,0.0
2025-02-04 10:01:00-05:00,1.0307999849319458,1.0307999849319458,1.0299999713897705,1.0299999713897705,1860,0.0,0.0
2025-02-04 10:02:00-05:00,1.0299999713897705,1.0299999713897705,1.0,1.0,7922,0.0,0.0
2025-02-04 10:03:00-05:00,1.0025999546051025,1.0296000242233276,1.0025999546051025,1.0199999809265137,3304,0.0,0.0
2025-02-04 10:04:00-05:00,1.0199999809265137,1.024999976158142,1.0,1.020799994468689,17746,0.0,0.0
2025-02-04 10:05:00-05:00,1.0199999809265137,1.0199999809265137,1.0199999809265137,1.0199999809265137,340,0.0,0.0
2025-02-04 10:07:00-05:00,1.0199999809265137,1.0200999975204468,1.0,1.0199999809265137,5012,0.0,0.0
2025-02-04 10:08:00-05:00,1.0199999809265137,1.0199999809265137,1.0199999809265137,1.0199999809265137,200,0.0,0.0
2025-02-04 10:09:00-05:00,1.010200023651123,1.0299999713897705,1.01010000705719,1.0299999713897705,9785,0.0,0.0
2025-02-04 10:10:00-05:00,1.0299999713897705,1.031999945640564,1.0299999713897705,1.031999945640564,1350,0.0,0.0
2025-02-04 10:11:00-05:00,1.0399999618530273,1.0399999618530273,1.0399999618530273,1.0399999618530273,269,0.0,0.0
2025-02-04 10:12:00-05:00,1.0399999618530273,1.0399999618530273,1.0399999618530273,1.0399999618530273,991,0.0,0.0
2025-02-04 10:13:00-05:00,1.0484000444412231,1.0499999523162842,1.0399999618530273,1.0499999523162842,5018,0.0,0.0
2025-02-04 10:14:00-05:00,1.0400999784469604,1.0400999784469604,1.0400999784469604,1.0400999784469604,3905,0.0,0.0
2025-02-04 10:15:00-05:00,1.0405999422073364,1.0405999422073364,1.0405999422073364,1.0405999422073364,199,0.0,0.0
2025-02-04 10:16:00-05:00,1.0399999618530273,1.0399999618530273,1.0391000509262085,1.0391000509262085,2209,0.0,0.0
2025-02-04 10:19:00-05:00,1.0399999618530273,1.0399999618530273,1.0399999618530273,1.0399999618530273,679,0.0,0.0
2025-02-04 10:20:00-05:00,1.0499999523162842,1.0599000453948975,1.0499999523162842,1.0599000453948975,1893,0.0,0.0
2025-02-04 10:21:00-05:00,1.059999942779541,1.059999942779541,1.041700005531311,1.0499999523162842,7291,0.0,0.0
2025-02-04 10:22:00-05:00,1.0399999618530273,1.0399999618530273,1.0399999618530273,1.0399999618530273,1120,0.0,0.0
2025-02-04 10:23:00-05:00,1.0499999523162842,1.059999942779541,1.0478999614715576,1.0478999614715576,1602,0.0,0.0
2025-02-04 10:24:00-05:00,1.0499999523162842,1.0499999523162842,1.0499999523162842,1.0499999523162842,1380,0.0,0.0
2025-02-04 10:25:00-05:00,1.059999942779541,1.059999942779541,1.059999942779541,1.059999942779541,340,0.0,0.0
2025-02-04 10:26:00-05:00,1.0599000453948975,1.0700000524520874,1.0599000453948975,1.0700000524520874,6292,0.0,0.0
2025-02-04 10:27:00-05:00,1.0700000524520874,1.0700000524520874,1.06659996509552,1.06659996509552,2920,0.0,0.0
2025-02-04 10:29:00-05:00,1.059999942779541,1.059999942779541,1.0499999523162842,1.0551999807357788,1624,0.0,0.0
2025-02-04 10:30:00-05:00,1.0507999658584595,1.0507999658584595,1.0507999658584595,1.0507999658584595,251,0.0,0.0
2025-02-04 10:31:00-05:00,1.0499999523162842,1.0499999523162842,1.0499999523162842,1.0499999523162842,737,0.0,0.0
2025-02-04 10:32:00-05:00,1.0399999618530273,1.0399999618530273,1.0299999713897705,1.0299999713897705,2315,0.0,0.0
2025-02-04 10:33:00-05:00,1.0299999713897705,1.0300999879837036,1.0299999713897705,1.0299999713897705,12200,0.0,0.0
2025-02-04 10:34:00-05:00,1.0199999809265137,1.0291999578475952,1.0199999809265137,1.0199999809265137,1354,0.0,0.0
2025-02-04 10:36:00-05:00,1.0299999713897705,1.0299999713897705,1.0199999809265137,1.0199999809265137,384,0.0,0.0
2025-02-04 10:37:00-05:00,1.0205999612808228,1.0205999612808228,1.0200999975204468,1.0200999975204468,1720,0.0,0.0
2025-02-04 10:38:00-05:00,1.024999976158142,1.024999976158142,1.024999976158142,1.024999976158142,717,0.0,0.0
2025-02-04 10:39:00-05:00,1.0199999809265137,1.0199999809265137,1.0099999904632568,1.0099999904632568,5078,0.0,0.0
2025-02-04 10:40:00-05:00,1.0099999904632568,1.0099999904632568,1.0,1.0,9307,0.0,0.0
2025-02-04 10:41:00-05:00,1.0,1.0199999809265137,1.0,1.0099999904632568,6987,0.0,0.0
2025-02-04 10:42:00-05:00,1.0127999782562256,1.0127999782562256,1.0049999952316284,1.0049999952316284,3084,0.0,0.0
2025-02-04 10:43:00-05:00,1.0008000135421753,1.0099999904632568,1.0,1.0,17532,0.0,0.0
2025-02-04 10:44:00-05:00,0.9965000152587891,0.9965000152587891,0.9800000190734863,0.9944000244140625,25215,0.0,0.0
2025-02-04 10:45:00-05:00,0.9998000264167786,1.0,0.9998000264167786,1.0,4644,0.0,0.0
2025-02-04 10:46:00-05:00,1.0049999952316284,1.0049999952316284,1.0,1.0,3300,0.0,0.0
2025-02-04 10:47:00-05:00,1.0029000043869019,1.0029000043869019,1.0029000043869019,1.0029000043869019,348,0.0,0.0
2025-02-04 10:48:00-05:00,1.0098999738693237,1.01010000705719,1.0097999572753906,1.01010000705719,6961,0.0,0.0
2025-02-04 10:49:00-05:00,1.0199999809265137,1.0199999809265137,1.0099999904632568,1.0099999904632568,1209,0.0,0.0
2025-02-04 10:50:00-05:00,1.0099999904632568,1.0099999904632568,1.0099999904632568,1.0099999904632568,2852,0.0,0.0
2025-02-04 10:52:00-05:00,1.0098999738693237,1.0098999738693237,1.0049999952316284,1.0049999952316284,743,0.0,0.0
2025-02-04 10:53:00-05:00,1.0003999471664429,1.0003999471664429,1.0003999471664429,1.0003999471664429,585,0.0,0.0
2025-02-04 10:54:00-05:00,1.0,1.0,0.9800000190734863,0.9890000224113464,28728,0.0,0.0
2025-02-04 10:56:00-05:00,0.9980000257492065,0.9980000257492065,0.9980000257492065,0.9980000257492065,900,0.0,0.0
2025-02-04 10:57:00-05:00,0.9970999956130981,0.9998999834060669,0.9890999794006348,0.9998999834060669,1944,0.0,0.0
2025-02-04 10:58:00-05:00,1.0084999799728394,1.0084999799728394,1.0084999799728394,1.0084999799728394,1914,0.0,0.0
2025-02-04 10:59:00-05:00,1.0099999904632568,1.0099999904632568,0.9955000281333923,1.0099999904632568,3680,0.0,0.0
2025-02-04 11:00:00-05:00,1.0083999633789062,1.0099999904632568,1.0083999633789062,1.0099999904632568,2150,0.0,0.0
2025-02-04 11:01:00-05:00,1.0020999908447266,1.0398000478744507,1.0020999908447266,1.0398000478744507,8237,0.0,0.0
2025-02-04 11:02:00-05:00,1.0003000497817993,1.0003000497817993,1.0003000497817993,1.0003000497817993,1316,0.0,0.0
2025-02-04 11:04:00-05:00,1.0198999643325806,1.0198999643325806,1.0198999643325806,1.0198999643325806,654,0.0,0.0
2025-02-04 11:06:00-05:00,1.0199999809265137,1.0299999713897705,1.0199999809265137,1.0299999713897705,876,0.0,0.0
2025-02-04 11:07:00-05:00,1.0299999713897705,1.0299999713897705,1.01010000705719,1.01010000705719,1407,0.0,0.0
2025-02-04 11:08:00-05:00,1.01010000705719,1.0160000324249268,1.01010000705719,1.0160000324249268,3171,0.0,0.0
2025-02-04 11:09:00-05:00,1.0399999618530273,1.0399999618530273,1.0399999618530273,1.0399999618530273,0,0.0,0.0
2025-02-04 11:10:00-05:00,1.01010000705719,1.01010000705719,1.01010000705719,1.01010000705719,646,0.0,0.0
2025-02-04 11:11:00-05:00,1.024999976158142,1.024999976158142,1.024999976158142,1.024999976158142,130,0.0,0.0
2025-02-04 11:12:00-05:00,1.0399999618530273,1.0399999618530273,1.0399999618530273,1.0399999618530273,240,0.0,0.0
2025-02-04 11:13:00-05:00,1.01010000705719,1.01010000705719,1.01010000705719,1.01010000705719,579,0.0,0.0
2025-02-04 11:14:00-05:00,1.024999976158142,1.024999976158142,1.024999976158142,1.024999976158142,322,0.0,0.0
2025-02-04 11:15:00-05:00,1.0099999904632568,1.0399999618530273,1.0099999904632568,1.0399999618530273,5003,0.0,0.0
2025-02-04 11:17:00-05:00,1.0211000442504883,1.0211000442504883,1.0211000442504883,1.0211000442504883,225,0.0,0.0
2025-02-04 11:18:00-05:00,1.0199999809265137,1.0199999809265137,1.0199999809265137,1.0199999809265137,502,0.0,0.0
2025-02-04 11:22:00-05:00,1.0399999618530273,1.0399999618530273,1.0099999904632568,1.0099999904632568,3149,0.0,0.0
2025-02-04 11:24:00-05:00,1.0399999618530273,1.0399999618530273,1.0399999618530273,1.0399999618530273,1376,0.0,0.0
2025-02-04 11:25:00-05:00,1.0199999809265137,1.0399999618530273,1.0199999809265137,1.0399999618530273,9034,0.0,0.0
2025-02-04 11:26:00-05:00,1.0399999618530273,1.0399999618530273,1.0399999618530273,1.0399999618530273,1347,0.0,0.0
2025-02-04 11:28:00-05:00,1.0199999809265137,1.0299999713897705,1.0199999809265137,1.0299999713897705,1594,0.0,0.0
2025-02-04 11:29:00-05:00,1.0199999809265137,1.0199999809265137,1.0199999809265137,1.0199999809265137,2456,0.0,0.0
2025-02-04 11:31:00-05:00,1.0199999809265137,1.0399999618530273,1.0199999809265137,1.0299999713897705,8046,0.0,0.0
2025-02-04 11:32:00-05:00,1.0399999618530273,1.0399999618530273,1.0299999713897705,1.0399999618530273,1335,0.0,0.0
2025-02-04 11:34:00-05:00,1.0394999980926514,1.0394999980926514,1.0394999980926514,1.0394999980926514,442,0.0,0.0
2025-02-04 11:35:00-05:00,1.0390000343322754,1.0398999452590942,1.0390000343322754,1.0398999452590942,1327,0.0,0.0
2025-02-04 11:36:00-05:00,1.0499999523162842,1.0499999523162842,1.0498000383377075,1.0498000383377075,3298,0.0,0.0
2025-02-04 11:37:00-05:00,1.0299999713897705,1.0299999713897705,1.0299999713897705,1.0299999713897705,217,0.0,0.0
2025-02-04 11:38:00-05:00,1.04830002784729,1.04830002784729,1.04830002784729,1.04830002784729,272,0.0,0.0
2025-02-04 11:41:00-05:00,1.0399999618530273,1.0399999618530273,1.0299999713897705,1.0299999713897705,604,0.0,0.0
2025-02-04 11:43:00-05:00,1.034999966621399,1.034999966621399,1.034999966621399,1.034999966621399,763,0.0,0.0
2025-02-04 11:45:00-05:00,1.0299999713897705,1.0299999713897705,1.0299999713897705,1.0299999713897705,1936,0.0,0.0
2025-02-04 11:46:00-05:00,1.034999966621399,1.0399999618530273,1.034999966621399,1.0399999618530273,4341,0.0,0.0
2025-02-04 11:50:00-05:00,1.0397000312805176,1.0397000312805176,1.0397000312805176,1.0397000312805176,4400,0.0,0.0
2025-02-04 11:51:00-05:00,1.034999966621399,1.059999942779541,1.034999966621399,1.059999942779541,7513,0.0,0.0
2025-02-04 11:52:00-05:00,1.0399999618530273,1.0401999950408936,1.0399999618530273,1.0401999950408936,1753,0.0,0.0
2025-02-04 11:53:00-05:00,1.0410000085830688,1.0499999523162842,1.0410000085830688,1.0499999523162842,5858,0.0,0.0
2025-02-04 11:55:00-05:00,1.0509999990463257,1.0509999990463257,1.0499999523162842,1.0499999523162842,343,0.0,0.0
2025-02-04 11:56:00-05:00,1.0499999523162842,1.0509999990463257,1.0499999523162842,1.0509999990463257,462,0.0,0.0
2025-02-04 11:57:00-05:00,1.0509999990463257,1.0509999990463257,1.0509999990463257,1.0509999990463257,45,0.0,0.0
2025-02-04 11:59:00-05:00,1.0549999475479126,1.0549999475479126,1.0549999475479126,1.0549999475479126,306,0.0,0.0
2025-02-04 12:01:00-05:00,1.0500999689102173,1.0500999689102173,1.0500999689102173,1.0500999689102173,4100,0.0,0.0
2025-02-04 12:02:00-05:00,1.0499999523162842,1.0700000524520874,1.0299999713897705,1.0678000450134277,10291,0.0,0.0
2025-02-04 12:03:00-05:00,1.0609999895095825,1.065000057220459,1.059999942779541,1.059999942779541,0,0.0,0.0
2025-02-04 12:04:00-05:00,1.0679999589920044,1.0700000524520874,1.065000057220459,1.0700000524520874,1470,0.0,0.0
2025-02-04 12:06:00-05:00,1.059999942779541,1.0800000429153442,1.059999942779541,1.0800000429153442,9499,0.0,0.0
2025-02-04 12:07:00-05:00,1.0743999481201172,1.0750000476837158,1.0743999481201172,1.0750000476837158,3200,0.0,0.0
2025-02-04 12:08:00-05:00,1.0800000429153442,1.0800000429153442,1.0743999481201172,1.0800000429153442,2002,0.0,0.0
2025-02-04 12:09:00-05:00,1.090000033378601,1.100000023841858,1.089900016784668,1.100000023841858,16389,0.0,0.0
2025-02-04 12:10:00-05:00,1.1100000143051147,1.1150000095367432,1.1100000143051147,1.1100000143051147,13214,0.0,0.0
2025-02-04 12:11:00-05:00,1.100000023841858,1.100000023841858,1.090000033378601,1.090000033378601,1004,0.0,0.0
2025-02-04 12:12:00-05:00,1.100000023841858,1.100000023841858,1.100000023841858,1.100000023841858,469,0.0,0.0
2025-02-04 12:13:00-05:00,1.1100000143051147,1.1100000143051147,1.0499999523162842,1.0800000429153442,126538,0.0,0.0
2025-02-04 12:14:00-05:00,1.1081000566482544,1.1081000566482544,1.0720000267028809,1.0720000267028809,2594,0.0,0.0
2025-02-04 12:15:00-05:00,1.090000033378601,1.090000033378601,1.0199999809265137,1.0499999523162842,55409,0.0,0.0
2025-02-04 12:16:00-05:00,1.0750000476837158,1.0750000476837158,1.0750000476837158,1.0750000476837158,1366,0.0,0.0
2025-02-04 12:17:00-05:00,1.0700000524520874,1.090000033378601,1.0700000524520874,1.0895999670028687,5772,0.0,0.0
2025-02-04 12:18:00-05:00,1.0543999671936035,1.075600028038025,1.0543999671936035,1.0543999671936035,5436,0.0,0.0
2025-02-04 12:19:00-05:00,1.0800000429153442,1.090000033378601,1.0800000429153442,1.089900016784668,5799,0.0,0.0
2025-02-04 12:23:00-05:00,1.0640000104904175,1.0640000104904175,1.0640000104904175,1.0640000104904175,1272,0.0,0.0
2025-02-04 12:24:00-05:00,1.0499999523162842,1.0499999523162842,1.0499999523162842,1.0499999523162842,152,0.0,0.0
2025-02-04 12:25:00-05:00,1.059999942779541,1.059999942779541,1.059999942779541,1.059999942779541,952,0.0,0.0
2025-02-04 12:30:00-05:00,1.0499999523162842,1.0499999523162842,1.0499999523162842,1.0499999523162842,109,0.0,0.0
2025-02-04 12:31:00-05:00,1.0499999523162842,1.059999942779541,1.0499999523162842,1.059999942779541,1236,0.0,0.0
2025-02-04 12:32:00-05:00,1.0499999523162842,1.0499999523162842,1.0399999618530273,1.0399999618530273,2991,0.0,0.0
2025-02-04 12:35:00-05:00,1.0414999723434448,1.0414999723434448,1.0414999723434448,1.0414999723434448,1170,0.0,0.0
2025-02-04 12:37:00-05:00,1.0404000282287598,1.0404000282287598,1.0404000282287598,1.0404000282287598,1317,0.0,0.0
2025-02-04 12:38:00-05:00,1.059999942779541,1.059999942779541,1.059999942779541,1.059999942779541,3160,0.0,0.0
2025-02-04 12:39:00-05:00,1.0426000356674194,1.0426000356674194,1.0426000356674194,1.0426000356674194,132,0.0,0.0
2025-02-04 12:41:00-05:00,1.0499999523162842,1.0499999523162842,1.0499999523162842,1.0499999523162842,1292,0.0,0.0
2025-02-04 12:42:00-05:00,1.0499999523162842,1.0499999523162842,1.0499999523162842,1.0499999523162842,943,0.0,0.0
2025-02-04 12:47:00-05:00,1.0399999618530273,1.0399999618530273,1.0399999618530273,1.0399999618530273,105,0.0,0.0
2025-02-04 12:48:00-05:00,1.0410000085830688,1.0410000085830688,1.0399999618530273,1.0399999618530273,1755,0.0,0.0
2025-02-04 12:53:00-05:00,1.0499000549316406,1.0499000549316406,1.0410000085830688,1.0410000085830688,575,0.0,0.0
2025-02-04 12:54:00-05:00,1.0400999784469604,1.0400999784469604,1.0400999784469604,1.0400999784469604,3341,0.0,0.0
2025-02-04 12:55:00-05:00,1.059999942779541,1.059999942779541,1.0404000282287598,1.0404000282287598,259,0.0,0.0
2025-02-04 12:58:00-05:00,1.065000057220459,1.065000057220459,1.065000057220459,1.065000057220459,2075,0.0,0.0
2025-02-04 13:03:00-05:00,1.0499999523162842,1.0503000020980835,1.0499999523162842,1.0499999523162842,4154,0.0,0.0
2025-02-04 13:08:00-05:00,1.0507999658584595,1.0507999658584595,1.0507999658584595,1.0507999658584595,1408,0.0,0.0
2025-02-04 13:09:00-05:00,1.0500999689102173,1.0500999689102173,1.0500999689102173,1.0500999689102173,964,0.0,0.0
2025-02-04 13:11:00-05:00,1.059999942779541,1.059999942779541,1.059999942779541,1.059999942779541,1416,0.0,0.0
2025-02-04 13:22:00-05:00,1.0703999996185303,1.0703999996185303,1.0703999996185303,1.0703999996185303,2046,0.0,0.0
2025-02-04 13:23:00-05:00,1.0700000524520874,1.0800000429153442,1.0499999523162842,1.0800000429153442,4662,0.0,0.0
2025-02-04 13:24:00-05:00,1.0700000524520874,1.100000023841858,1.0700000524520874,1.0700000524520874,6938,0.0,0.0
2025-02-04 13:25:00-05:00,1.062000036239624,1.072100043296814,1.059999942779541,1.072100043296814,1787,0.0,0.0
2025-02-04 13:26:00-05:00,1.0700000524520874,1.0700000524520874,1.0700000524520874,1.0700000524520874,779,0.0,0.0
2025-02-04 13:33:00-05:00,1.059999942779541,1.059999942779541,1.0499999523162842,1.0499999523162842,2229,0.0,0.0
2025-02-04 13:34:00-05:00,1.0556000471115112,1.0556000471115112,1.0556000471115112,1.0556000471115112,611,0.0,0.0
2025-02-04 13:39:00-05:00,1.0399999618530273,1.0399999618530273,1.0199999809265137,1.0199999809265137,20655,0.0,0.0
2025-02-04 13:40:00-05:00,1.0199999809265137,1.024999976158142,1.0199999809265137,1.024999976158142,6129,0.0,0.0
2025-02-04 13:42:00-05:00,1.0152000188827515,1.0299999713897705,1.0152000188827515,1.0299999713897705,1413,0.0,0.0
2025-02-04 13:43:00-05:00,1.027999997138977,1.027999997138977,1.027999997138977,1.027999997138977,122,0.0,0.0
2025-02-04 13:44:00-05:00,1.029099941253662,1.029099941253662,1.029099941253662,1.029099941253662,1900,0.0,0.0
2025-02-04 13:45:00-05:00,1.0196000337600708,1.0196000337600708,1.0196000337600708,1.0196000337600708,164,0.0,0.0
2025-02-04 13:48:00-05:00,1.0299999713897705,1.0299999713897705,1.0299999713897705,1.0299999713897705,1610,0.0,0.0
2025-02-04 13:49:00-05:00,1.0299999713897705,1.0299999713897705,1.0205999612808228,1.0205999612808228,2931,0.0,0.0
2025-02-04 13:51:00-05:00,1.0219000577926636,1.0219000577926636,1.0219000577926636,1.0219000577926636,1260,0.0,0.0
2025-02-04 13:52:00-05:00,1.024999976158142,1.024999976158142,1.0199999809265137,1.0199999809265137,28,0.0,0.0
2025-02-04 13:53:00-05:00,1.0299999713897705,1.0399999618530273,1.0299999713897705,1.0399999618530273,3848,0.0,0.0
2025-02-04 13:55:00-05:00,1.0300999879837036,1.0300999879837036,1.0300999879837036,1.0300999879837036,1260,0.0,0.0
2025-02-04 14:05:00-05:00,1.0299999713897705,1.0299999713897705,1.0299999713897705,1.0299999713897705,945,0.0,0.0
2025-02-04 14:06:00-05:00,1.0499999523162842,1.0499999523162842,1.0440000295639038,1.0440000295639038,755,0.0,0.0
2025-02-04 14:08:00-05:00,1.0399999618530273,1.0499999523162842,1.0199999809265137,1.0199999809265137,6765,0.0,0.0
2025-02-04 14:10:00-05:00,1.0492000579833984,1.0492000579833984,1.0492000579833984,1.0492000579833984,457,0.0,0.0
2025-02-04 14:11:00-05:00,1.0300999879837036,1.0300999879837036,1.0300999879837036,1.0300999879837036,5346,0.0,0.0
2025-02-04 14:12:00-05:00,1.0218000411987305,1.0218000411987305,1.0218000411987305,1.0218000411987305,232,0.0,0.0
2025-02-04 14:16:00-05:00,1.0297000408172607,1.0297000408172607,1.0297000408172607,1.0297000408172607,3005,0.0,0.0
2025-02-04 14:18:00-05:00,1.0256999731063843,1.0256999731063843,1.0256999731063843,1.0256999731063843,644,0.0,0.0
2025-02-04 14:21:00-05:00,1.0399999618530273,1.0399999618530273,1.0399999618530273,1.0399999618530273,5329,0.0,0.0
2025-02-04 14:22:00-05:00,1.0199999809265137,1.034999966621399,1.0199999809265137,1.034999966621399,857,0.0,0.0
2025-02-04 14:23:00-05:00,1.0399999618530273,1.0399999618530273,1.0299999713897705,1.0399999618530273,507,0.0,0.0
2025-02-04 14:25:00-05:00,1.0499999523162842,1.0499999523162842,1.0499999523162842,1.0499999523162842,1003,0.0,0.0
2025-02-04 14:26:00-05:00,1.0448999404907227,1.0448999404907227,1.0448999404907227,1.0448999404907227,551,0.0,0.0
2025-02-04 14:31:00-05:00,1.0405999422073364,1.049299955368042,1.0405999422073364,1.049299955368042,552,0.0,0.0
2025-02-04 14:32:00-05:00,1.0399999618530273,1.0399999618530273,1.0399999618530273,1.0399999618530273,200,0.0,0.0
2025-02-04 14:33:00-05:00,1.0499999523162842,1.100000023841858,1.0484999418258667,1.090000033378601,62218,0.0,0.0
2025-02-04 14:34:00-05:00,1.0801000595092773,1.0801000595092773,1.0700000524520874,1.0800000429153442,6145,0.0,0.0
2025-02-04 14:36:00-05:00,1.0800000429153442,1.0800000429153442,1.0800000429153442,1.0800000429153442,1030,0.0,0.0
2025-02-04 14:41:00-05:00,1.0800000429153442,1.090000033378601,1.0800000429153442,1.0800000429153442,3943,0.0,0.0
2025-02-04 14:45:00-05:00,1.090000033378601,1.090000033378601,1.0700000524520874,1.0800000429153442,3050,0.0,0.0
2025-02-04 14:47:00-05:00,1.0700000524520874,1.0750000476837158,1.0700000524520874,1.0750000476837158,1727,0.0,0.0
2025-02-04 14:49:00-05:00,1.0709999799728394,1.0709999799728394,1.0700000524520874,1.0700000524520874,596,0.0,0.0
2025-02-04 14:53:00-05:00,1.0700000524520874,1.0750000476837158,1.0700000524520874,1.0750000476837158,1002,0.0,0.0
2025-02-04 14:54:00-05:00,1.070099949836731,1.070099949836731,1.070099949836731,1.070099949836731,1102,0.0,0.0
2025-02-04 14:59:00-05:00,1.0800000429153442,1.090000033378601,1.0800000429153442,1.0800000429153442,1816,0.0,0.0
2025-02-04 15:00:00-05:00,1.0700000524520874,1.0700000524520874,1.0700000524520874,1.0700000524520874,1006,0.0,0.0
2025-02-04 15:01:00-05:00,1.0800000429153442,1.0800000429153442,1.0700000524520874,1.0800000429153442,1734,0.0,0.0
2025-02-04 15:10:00-05:00,1.0700000524520874,1.0700000524520874,1.0700000524520874,1.0700000524520874,3880,0.0,0.0
2025-02-04 15:14:00-05:00,1.090000033378601,1.090000033378601,1.0800000429153442,1.0800000429153442,4092,0.0,0.0
2025-02-04 15:16:00-05:00,1.0700000524520874,1.0700000524520874,1.0700000524520874,1.0700000524520874,200,0.0,0.0
2025-02-04 15:17:00-05:00,1.0800000429153442,1.090000033378601,1.0700000524520874,1.0800000429153442,2860,0.0,0.0
2025-02-04 15:24:00-05:00,1.0700000524520874,1.0700000524520874,1.0700000524520874,1.0700000524520874,4303,0.0,0.0
2025-02-04 15:25:00-05:00,1.0800000429153442,1.0800000429153442,1.0800000429153442,1.0800000429153442,6,0.0,0.0
2025-02-04 15:32:00-05:00,1.0700000524520874,1.0700000524520874,1.0700000524520874,1.0700000524520874,5628,0.0,0.0
2025-02-04 15:33:00-05:00,1.059999942779541,1.059999942779541,1.059999942779541,1.059999942779541,200,0.0,0.0
2025-02-04 15:34:00-05:00,1.059999942779541,1.059999942779541,1.059999942779541,1.059999942779541,634,0.0,0.0
2025-02-04 15:35:00-05:00,1.051800012588501,1.051800012588501,1.051800012588501,1.051800012588501,2080,0.0,0.0
2025-02-04 15:37:00-05:00,1.059999942779541,1.059999942779541,1.059999942779541,1.059999942779541,349,0.0,0.0
2025-02-04 15:43:00-05:00,1.059999942779541,1.0700000524520874,1.059999942779541,1.0640000104904175,3068,0.0,0.0
2025-02-04 15:44:00-05:00,1.0700000524520874,1.0700000524520874,1.0700000524520874,1.0700000524520874,256,0.0,0.0
2025-02-04 15:45:00-05:00,1.0700000524520874,1.079300045967102,1.0700000524520874,1.079300045967102,1854,0.0,0.0
2025-02-04 15:47:00-05:00,1.0800000429153442,1.0800000429153442,1.0794999599456787,1.0794999599456787,4682,0.0,0.0
2025-02-04 15:48:00-05:00,1.0800000429153442,1.090000033378601,1.0800000429153442,1.0812000036239624,15504,0.0,0.0
2025-02-04 15:49:00-05:00,1.0850000381469727,1.0894999504089355,1.0820000171661377,1.0889999866485596,31524,0.0,0.0
2025-02-04 15:50:00-05:00,1.0850000381469727,1.0850000381469727,1.0800000429153442,1.0800000429153442,2611,0.0,0.0
2025-02-04 15:51:00-05:00,1.0808000564575195,1.0850000381469727,1.0808000564575195,1.0850000381469727,793,0.0,0.0
2025-02-04 15:54:00-05:00,1.0800000429153442,1.0800000429153442,1.0800000429153442,1.0800000429153442,103,0.0,0.0
2025-02-04 15:55:00-05:00,1.0800000429153442,1.0800000429153442,1.0700000524520874,1.0700000524520874,5750,0.0,0.0
2025-02-04 15:56:00-05:00,1.0499999523162842,1.0700000524520874,1.0499999523162842,1.0535999536514282,9102,0.0,0.0
2025-02-04 15:57:00-05:00,1.0687999725341797,1.0793999433517456,1.059999942779541,1.0764000415802002,22809,0.0,0.0
2025-02-04 15:58:00-05:00,1.0750000476837158,1.0800000429153442,1.0499999523162842,1.065000057220459,19486,0.0,0.0
2025-02-04 15:59:00-05:00,1.0499999523162842,1.059999942779541,1.0499999523162842,1.059999942779541,1246,0.0,0.0
2025-02-05 09:30:00-05:00,1.0499999523162842,1.0499999523162842,1.0499999523162842,1.0499999523162842,47026,0.0,0.0
2025-02-05 09:31:00-05:00,1.0499999523162842,1.0549999475479126,1.0499999523162842,1.0549999475479126,1315,0.0,0.0
2025-02-05 09:33:00-05:00,1.0597000122070312,1.0597000122070312,1.0597000122070312,1.0597000122070312,2144,0.0,0.0
2025-02-05 09:37:00-05:00,1.0299999713897705,1.0399999618530273,1.0225000381469727,1.0225000381469727,3363,0.0,0.0
2025-02-05 09:38:00-05:00,1.0202000141143799,1.0202000141143799,1.0202000141143799,1.0202000141143799,471,0.0,0.0
2025-02-05 09:39:00-05:00,1.0199999809265137,1.024999976158142,1.0099999904632568,1.024999976158142,2463,0.0,0.0
2025-02-05 09:40:00-05:00,1.0,1.0,1.0,1.0,7998,0.0,0.0
2025-02-05 09:41:00-05:00,1.0049999952316284,1.0049999952316284,1.0009000301361084,1.0009000301361084,0,0.0,0.0
2025-02-05 09:42:00-05:00,1.0002000331878662,1.0002000331878662,1.0,1.0,2700,0.0,0.0
2025-02-05 09:43:00-05:00,1.0,1.0,1.0,1.0,9880,0.0,0.0
2025-02-05 09:44:00-05:00,1.0003000497817993,1.0003000497817993,1.0003000497817993,1.0003000497817993,0,0.0,0.0
2025-02-05 09:47:00-05:00,1.0099999904632568,1.010200023651123,1.0099999904632568,1.010200023651123,768,0.0,0.0
2025-02-05 09:48:00-05:00,1.011199951171875,1.011199951171875,1.011199951171875,1.011199951171875,1866,0.0,0.0
2025-02-05 09:49:00-05:00,1.0121999979019165,1.0121999979019165,1.0121999979019165,1.0121999979019165,120,0.0,0.0
2025-02-05 09:50:00-05:00,1.0120999813079834,1.0120999813079834,1.0120999813079834,1.0120999813079834,200,0.0,0.0
2025-02-05 09:51:00-05:00,1.0135999917984009,1.0135999917984009,1.0135999917984009,1.0135999917984009,1515,0.0,0.0
2025-02-05 09:52:00-05:00,1.0,1.0,1.0,1.0,201,0.0,0.0
2025-02-05 09:53:00-05:00,1.0,1.0,1.0,1.0,2400,0.0,0.0
2025-02-05 09:54:00-05:00,1.0099999904632568,1.0099999904632568,1.0099999904632568,1.0099999904632568,5044,0.0,0.0
2025-02-05 09:59:00-05:00,1.001099944114685,1.001099944114685,1.001099944114685,1.001099944114685,4930,0.0,0.0
2025-02-05 10:06:00-05:00,1.0,1.0099999904632568,1.0,1.0,18869,0.0,0.0
2025-02-05 10:08:00-05:00,1.0,1.0,0.9900000095367432,0.9900000095367432,814,0.0,0.0
2025-02-05 10:09:00-05:00,0.9800000190734863,0.9814000129699707,0.9769999980926514,0.9776999950408936,64091,0.0,0.0
2025-02-05 10:10:00-05:00,0.9776999950408936,0.9778000116348267,0.9776999950408936,0.9776999950408936,1872,0.0,0.0
2025-02-05 10:12:00-05:00,0.9778000116348267,0.9778000116348267,0.9778000116348267,0.9778000116348267,3811,0.0,0.0
2025-02-05 10:13:00-05:00,0.9776999950408936,0.9776999950408936,0.9776999950408936,0.9776999950408936,901,0.0,0.0
2025-02-05 10:14:00-05:00,0.9778000116348267,0.9896000027656555,0.9778000116348267,0.9896000027656555,1084,0.0,0.0
2025-02-05 10:15:00-05:00,0.9776999950408936,0.9998999834060669,0.9776999950408936,0.9908000230789185,2379,0.0,0.0
2025-02-05 10:16:00-05:00,0.9886000156402588,0.9886000156402588,0.9886000156402588,0.9886000156402588,111,0.0,0.0
2025-02-05 10:17:00-05:00,0.9912999868392944,0.9997000098228455,0.9900000095367432,0.9997000098228455,4551,0.0,0.0
2025-02-05 10:18:00-05:00,0.9993000030517578,1.0,0.9993000030517578,1.0,0,0.0,0.0
2025-02-05 10:21:00-05:00,0.9879999756813049,0.9879999756813049,0.9776999950408936,0.9778000116348267,9162,0.0,0.0
2025-02-05 10:23:00-05:00,0.9848999977111816,0.9848999977111816,0.9848999977111816,0.9848999977111816,1077,0.0,0.0
2025-02-05 10:24:00-05:00,0.9908000230789185,0.9908000230789185,0.9908000230789185,0.9908000230789185,1030,0.0,0.0
2025-02-05 10:25:00-05:00,0.9776999950408936,0.9776999950408936,0.9776999950408936,0.9776999950408936,1019,0.0,0.0
2025-02-05 10:29:00-05:00,0.9909999966621399,0.9909999966621399,0.9909999966621399,0.9909999966621399,1745,0.0,0.0
2025-02-05 10:31:00-05:00,0.9776999950408936,1.0,0.9776999950408936,1.0,4978,0.0,0.0
2025-02-05 10:35:00-05:00,0.9901000261306763,0.9901000261306763,0.9901000261306763,0.9901000261306763,1508,0.0,0.0
2025-02-05 10:37:00-05:00,1.0,1.0099999904632568,0.9921000003814697,1.0,4882,0.0,0.0
2025-02-05 10:38:00-05:00,1.007699966430664,1.007699966430664,1.007699966430664,1.007699966430664,1000,0.0,0.0
2025-02-05 10:42:00-05:00,1.0002000331878662,1.0002000331878662,1.0002000331878662,1.0002000331878662,2396,0.0,0.0
2025-02-05 10:43:00-05:00,1.000100016593933,1.000100016593933,1.0,1.000100016593933,1979,0.0,0.0
2025-02-05 10:44:00-05:00,1.0026999711990356,1.0026999711990356,1.0026999711990356,1.0026999711990356,1940,0.0,0.0
2025-02-05 10:49:00-05:00,1.000100016593933,1.000100016593933,1.000100016593933,1.000100016593933,7149,0.0,0.0
2025-02-05 10:53:00-05:00,1.0299999713897705,1.0299999713897705,1.0299999713897705,1.0299999713897705,6913,0.0,0.0
2025-02-05 10:57:00-05:00,1.0149999856948853,1.0149999856948853,1.0099999904632568,1.0099999904632568,700,0.0,0.0
2025-02-05 10:58:00-05:00,1.0199999809265137,1.0299999713897705,1.0,1.0,16105,0.0,0.0
2025-02-05 11:01:00-05:00,1.0104000568389893,1.0104000568389893,1.0104000568389893,1.0104000568389893,8005,0.0,0.0
2025-02-05 11:02:00-05:00,1.0099999904632568,1.0199999809265137,1.0049999952316284,1.0199999809265137,26,0.0,0.0
2025-02-05 11:11:00-05:00,1.0149999856948853,1.0149999856948853,1.0149999856948853,1.0149999856948853,1400,0.0,0.0
2025-02-05 11:12:00-05:00,1.0199999809265137,1.0399999618530273,1.0199999809265137,1.0299999713897705,17223,0.0,0.0
2025-02-05 11:15:00-05:00,1.034999966621399,1.034999966621399,1.034999966621399,1.034999966621399,26,0.0,0.0
2025-02-05 11:28:00-05:00,1.0299999713897705,1.0299999713897705,1.0299999713897705,1.0299999713897705,1669,0.0,0.0
2025-02-05 11:39:00-05:00,1.0204999446868896,1.0204999446868896,1.0204999446868896,1.0204999446868896,200,0.0,0.0
2025-02-05 11:42:00-05:00,1.024899959564209,1.024899959564209,1.024899959564209,1.024899959564209,880,0.0,0.0
2025-02-05 11:44:00-05:00,1.0099999904632568,1.0099999904632568,1.0099999904632568,1.0099999904632568,549,0.0,0.0
2025-02-05 11:53:00-05:00,1.0299999713897705,1.0299999713897705,1.0299999713897705,1.0299999713897705,3284,0.0,0.0
2025-02-05 11:54:00-05:00,1.0399999618530273,1.0399999618530273,1.0399999618530273,1.0399999618530273,1000,0.0,0.0
2025-02-05 11:55:00-05:00,1.0299999713897705,1.0299999713897705,1.0299999713897705,1.0299999713897705,0,0.0,0.0
2025-02-05 11:57:00-05:00,1.0299999713897705,1.0299999713897705,1.0199999809265137,1.0199999809265137,443,0.0,0.0
2025-02-05 11:58:00-05:00,1.01010000705719,1.01010000705719,1.01010000705719,1.01010000705719,8768,0.0,0.0
2025-02-05 12:08:00-05:00,1.0299999713897705,1.0299999713897705,1.0299999713897705,1.0299999713897705,304,0.0,0.0
2025-02-05 12:09:00-05:00,1.0299999713897705,1.0299999713897705,1.0299999713897705,1.0299999713897705,850,0.0,0.0
2025-02-05 12:10:00-05:00,1.021299958229065,1.021299958229065,1.021299958229065,1.021299958229065,0,0.0,0.0
2025-02-05 12:16:00-05:00,1.0299999713897705,1.0299999713897705,1.0199999809265137,1.0199999809265137,2294,0.0,0.0
2025-02-05 12:18:00-05:00,1.0199999809265137,1.0199999809265137,1.0199999809265137,1.0199999809265137,610,0.0,0.0
2025-02-05 12:20:00-05:00,1.0199999809265137,1.0199999809265137,1.0199999809265137,1.0199999809265137,1062,0.0,0.0
2025-02-05 12:23:00-05:00,1.0299999713897705,1.0335999727249146,1.0299999713897705,1.0335999727249146,11465,0.0,0.0
2025-02-05 12:25:00-05:00,1.0351999998092651,1.0351999998092651,1.0351999998092651,1.0351999998092651,2052,0.0,0.0
2025-02-05 12:26:00-05:00,1.034000039100647,1.034000039100647,1.034000039100647,1.034000039100647,2516,0.0,0.0
2025-02-05 12:28:00-05:00,1.0400999784469604,1.0400999784469604,1.0399999618530273,1.0399999618530273,4475,0.0,0.0
2025-02-05 12:33:00-05:00,1.038699984550476,1.038699984550476,1.0262999534606934,1.0262999534606934,2910,0.0,0.0
2025-02-05 12:34:00-05:00,1.0299999713897705,1.0299999713897705,1.0299999713897705,1.0299999713897705,2759,0.0,0.0
2025-02-05 12:36:00-05:00,1.0324000120162964,1.0324000120162964,1.0324000120162964,1.0324000120162964,376,0.0,0.0
2025-02-05 12:39:00-05:00,1.034999966621399,1.034999966621399,1.034999966621399,1.034999966621399,300,0.0,0.0
2025-02-05 12:40:00-05:00,1.0299999713897705,1.0299999713897705,1.0219999551773071,1.0219999551773071,2159,0.0,0.0
2025-02-05 12:44:00-05:00,1.0399999618530273,1.0399999618530273,1.0399999618530273,1.0399999618530273,30601,0.0,0.0
2025-02-05 12:46:00-05:00,1.0399999618530273,1.0399999618530273,1.0399999618530273,1.0399999618530273,2700,0.0,0.0
2025-02-05 12:48:00-05:00,1.0399999618530273,1.0399999618530273,1.0399999618530273,1.0399999618530273,19000,0.0,0.0
2025-02-05 12:50:00-05:00,1.0299999713897705,1.0299999713897705,1.0299999713897705,1.0299999713897705,0,0.0,0.0
2025-02-05 12:52:00-05:00,1.0299999713897705,1.0399999618530273,1.0299999713897705,1.0399999618530273,1881,0.0,0.0
2025-02-05 12:53:00-05:00,1.0399999618530273,1.0401999950408936,1.0382000207901,1.0399999618530273,10530,0.0,0.0
2025-02-05 12:59:00-05:00,1.0399999618530273,1.059999942779541,1.0399999618530273,1.059999942779541,65095,0.0,0.0
2025-02-05 13:00:00-05:00,1.0509999990463257,1.0509999990463257,1.0509999990463257,1.0509999990463257,131,0.0,0.0
2025-02-05 13:02:00-05:00,1.0501999855041504,1.0501999855041504,1.0501999855041504,1.0501999855041504,252,0.0,0.0
2025-02-05 13:03:00-05:00,1.051900029182434,1.051900029182434,1.051900029182434,1.051900029182434,208,0.0,0.0
2025-02-05 13:04:00-05:00,1.059999942779541,1.059999942779541,1.059999942779541,1.059999942779541,200,0.0,0.0
2025-02-05 13:07:00-05:00,1.0501999855041504,1.059999942779541,1.0501999855041504,1.059999942779541,907,0.0,0.0
2025-02-05 13:08:00-05:00,1.0700000524520874,1.0700000524520874,1.059999942779541,1.059999942779541,1300,0.0,0.0
2025-02-05 13:09:00-05:00,1.059999942779541,1.059999942779541,1.0401999950408936,1.0401999950408936,1775,0.0,0.0
2025-02-05 13:12:00-05:00,1.059999942779541,1.059999942779541,1.059999942779541,1.059999942779541,858,0.0,0.0
2025-02-05 13:14:00-05:00,1.0800000429153442,1.0800000429153442,1.0700000524520874,1.0700000524520874,2625,0.0,0.0
2025-02-05 13:18:00-05:00,1.062000036239624,1.0700000524520874,1.0607000589370728,1.0700000524520874,788,0.0,0.0
2025-02-05 13:21:00-05:00,1.0800000429153442,1.090000033378601,1.0800000429153442,1.090000033378601,14354,0.0,0.0
2025-02-05 13:22:00-05:00,1.098099946975708,1.098099946975708,1.080199956893921,1.080199956893921,596,0.0,0.0
2025-02-05 13:23:00-05:00,1.100000023841858,1.100000023841858,1.0801000595092773,1.100000023841858,9024,0.0,0.0
2025-02-05 13:24:00-05:00,1.1009999513626099,1.1009999513626099,1.1007000207901,1.1007000207901,1904,0.0,0.0
2025-02-05 13:26:00-05:00,1.100000023841858,1.100000023841858,1.0901000499725342,1.0901000499725342,2640,0.0,0.0
2025-02-05 13:30:00-05:00,1.100000023841858,1.100000023841858,1.100000023841858,1.100000023841858,1954,0.0,0.0
2025-02-05 13:31:00-05:00,1.1095000505447388,1.1299999952316284,1.1095000505447388,1.1294000148773193,24024,0.0,0.0
2025-02-05 13:32:00-05:00,1.1299999952316284,1.159999966621399,1.1299999952316284,1.1579999923706055,32296,0.0,0.0
2025-02-05 13:33:00-05:00,1.1500999927520752,1.1500999927520752,1.1406999826431274,1.149999976158142,4508,0.0,0.0
2025-02-05 13:34:00-05:00,1.1399999856948853,1.149999976158142,1.1399999856948853,1.1432000398635864,4539,0.0,0.0
2025-02-05 13:35:00-05:00,1.1399999856948853,1.1399999856948853,1.1399999856948853,1.1399999856948853,534,0.0,0.0
2025-02-05 13:36:00-05:00,1.1402000188827515,1.1402000188827515,1.1399999856948853,1.1399999856948853,1335,0.0,0.0
2025-02-05 13:37:00-05:00,1.13919997215271,1.13919997215271,1.1302000284194946,1.1302000284194946,2929,0.0,0.0
2025-02-05 13:38:00-05:00,1.1399999856948853,1.1399999856948853,1.1302000284194946,1.1302000284194946,362,0.0,0.0
2025-02-05 13:40:00-05:00,1.13100004196167,1.13100004196167,1.090000033378601,1.090000033378601,23708,0.0,0.0
2025-02-05 13:42:00-05:00,1.1100000143051147,1.128499984741211,1.1100000143051147,1.128499984741211,2357,0.0,0.0
2025-02-05 13:44:00-05:00,1.1200000047683716,1.1200000047683716,1.1200000047683716,1.1200000047683716,521,0.0,0.0
2025-02-05 13:46:00-05:00,1.121999979019165,1.125,1.1100000143051147,1.1100000143051147,7040,0.0,0.0
2025-02-05 13:48:00-05:00,1.0950000286102295,1.0950000286102295,1.0901000499725342,1.0901000499725342,928,0.0,0.0
2025-02-05 13:49:00-05:00,1.0800000429153442,1.0800000429153442,1.0800000429153442,1.0800000429153442,2709,0.0,0.0
2025-02-05 13:50:00-05:00,1.1100000143051147,1.1100000143051147,1.0950000286102295,1.1050000190734863,2329,0.0,0.0
2025-02-05 13:52:00-05:00,1.1100000143051147,1.1100000143051147,1.1100000143051147,1.1100000143051147,792,0.0,0.0
2025-02-05 13:54:00-05:00,1.100000023841858,1.100000023841858,1.100000023841858,1.100000023841858,3360,0.0,0.0
2025-02-05 13:56:00-05:00,1.1100000143051147,1.1100000143051147,1.1050000190734863,1.1098999977111816,1601,0.0,0.0
2025-02-05 13:57:00-05:00,1.1050000190734863,1.1050000190734863,1.1050000190734863,1.1050000190734863,120,0.0,0.0
2025-02-05 14:00:00-05:00,1.1098999977111816,1.1098999977111816,1.1098999977111816,1.1098999977111816,1000,0.0,0.0
2025-02-05 14:02:00-05:00,1.1093000173568726,1.1093000173568726,1.100000023841858,1.100000023841858,138,0.0,0.0
2025-02-05 14:03:00-05:00,1.100000023841858,1.100000023841858,1.090000033378601,1.090000033378601,821,0.0,0.0
2025-02-05 14:05:00-05:00,1.0800000429153442,1.0800000429153442,1.0800000429153442,1.0800000429153442,104,0.0,0.0
2025-02-05 14:09:00-05:00,1.090000033378601,1.090000033378601,1.090000033378601,1.090000033378601,1050,0.0,0.0
2025-02-05 14:10:00-05:00,1.090399980545044,1.090399980545044,1.090399980545044,1.090399980545044,300,0.0,0.0
2025-02-05 14:11:00-05:00,1.090000033378601,1.090000033378601,1.090000033378601,1.090000033378601,100,0.0,0.0
2025-02-05 14:13:00-05:00,1.0801000595092773,1.0801000595092773,1.0801000595092773,1.0801000595092773,223,0.0,0.0
2025-02-05 14:16:00-05:00,1.080899953842163,1.080899953842163,1.080899953842163,1.080899953842163,600,0.0,0.0
2025-02-05 14:18:00-05:00,1.0806000232696533,1.0806000232696533,1.0806000232696533,1.0806000232696533,2278,0.0,0.0
2025-02-05 14:22:00-05:00,1.090000033378601,1.090000033378601,1.090000033378601,1.090000033378601,2579,0.0,0.0
2025-02-05 14:24:00-05:00,1.090000033378601,1.090000033378601,1.0801000595092773,1.0801000595092773,503,0.0,0.0
2025-02-05 14:28:00-05:00,1.0850000381469727,1.090000033378601,1.0850000381469727,1.090000033378601,2114,0.0,0.0
2025-02-05 14:30:00-05:00,1.0800000429153442,1.0851999521255493,1.0800000429153442,1.0851999521255493,803,0.0,0.0
2025-02-05 14:39:00-05:00,1.090000033378601,1.090000033378601,1.090000033378601,1.090000033378601,1001,0.0,0.0
2025-02-05 14:45:00-05:00,1.090000033378601,1.090000033378601,1.090000033378601,1.090000033378601,298,0.0,0.0
2025-02-05 14:50:00-05:00,1.090000033378601,1.090000033378601,1.090000033378601,1.090000033378601,1033,0.0,0.0
2025-02-05 15:03:00-05:00,1.0850000381469727,1.090000033378601,1.0850000381469727,1.090000033378601,4764,0.0,0.0
2025-02-05 15:04:00-05:00,1.0850000381469727,1.0850000381469727,1.062000036239624,1.0800000429153442,11165,0.0,0.0
2025-02-05 15:08:00-05:00,1.090000033378601,1.090000033378601,1.090000033378601,1.090000033378601,627,0.0,0.0
2025-02-05 15:15:00-05:00,1.0800000429153442,1.0800000429153442,1.063099980354309,1.063099980354309,638,0.0,0.0
2025-02-05 15:18:00-05:00,1.0800000429153442,1.0875999927520752,1.0800000429153442,1.0800000429153442,800,0.0,0.0
2025-02-05 15:21:00-05:00,1.0880000591278076,1.090000033378601,1.0880000591278076,1.090000033378601,2615,0.0,0.0
2025-02-05 15:23:00-05:00,1.090000033378601,1.090000033378601,1.0850000381469727,1.0850000381469727,813,0.0,0.0
2025-02-05 15:27:00-05:00,1.0850000381469727,1.0850000381469727,1.0850000381469727,1.0850000381469727,1439,0.0,0.0
2025-02-05 15:31:00-05:00,1.0801000595092773,1.0801000595092773,1.0800000429153442,1.0800000429153442,3224,0.0,0.0
2025-02-05 15:38:00-05:00,1.0800000429153442,1.090000033378601,1.0800000429153442,1.089900016784668,6869,0.0,0.0
2025-02-05 15:40:00-05:00,1.090000033378601,1.090000033378601,1.0800000429153442,1.0800000429153442,1362,0.0,0.0
2025-02-05 15:41:00-05:00,1.0800000429153442,1.0800000429153442,1.0600999593734741,1.0600999593734741,4316,0.0,0.0
2025-02-05 15:42:00-05:00,1.0600999593734741,1.0600999593734741,1.0600999593734741,1.0600999593734741,1887,0.0,0.0
2025-02-05 15:43:00-05:00,1.0609999895095825,1.0700000524520874,1.0499999523162842,1.0600999593734741,10748,0.0,0.0
2025-02-05 15:44:00-05:00,1.0600999593734741,1.0600999593734741,1.0500999689102173,1.0500999689102173,6818,0.0,0.0
2025-02-05 15:45:00-05:00,1.0500999689102173,1.0509999990463257,1.0500999689102173,1.0506999492645264,0,0.0,0.0
2025-02-05 15:46:00-05:00,1.0500999689102173,1.0500999689102173,1.0399999618530273,1.0399999618530273,5667,0.0,0.0
2025-02-05 15:47:00-05:00,1.0400999784469604,1.0449999570846558,1.0400999784469604,1.0407999753952026,3594,0.0,0.0
2025-02-05 15:48:00-05:00,1.0400999784469604,1.044800043106079,1.0399999618530273,1.0399999618530273,2554,0.0,0.0
2025-02-05 15:49:00-05:00,1.0407999753952026,1.0449999570846558,1.0407999753952026,1.0449999570846558,2224,0.0,0.0
2025-02-05 15:50:00-05:00,1.0456000566482544,1.0456000566482544,1.0449999570846558,1.0456000566482544,3000,0.0,0.0
2025-02-05 15:51:00-05:00,1.0407999753952026,1.0407999753952026,1.0400999784469604,1.0400999784469604,2145,0.0,0.0
2025-02-05 15:52:00-05:00,1.0434999465942383,1.0449999570846558,1.0407999753952026,1.0407999753952026,1888,0.0,0.0
2025-02-05 15:53:00-05:00,1.0400999784469604,1.0750000476837158,1.0400999784469604,1.0750000476837158,7078,0.0,0.0
2025-02-05 15:54:00-05:00,1.065000057220459,1.065000057220459,1.065000057220459,1.065000057220459,1805,0.0,0.0
2025-02-05 15:57:00-05:00,1.059999942779541,1.059999942779541,1.0503000020980835,1.0503000020980835,5839,0.0,0.0
2025-02-05 15:58:00-05:00,1.0549999475479126,1.059999942779541,1.0549999475479126,1.0549999475479126,0,0.0,0.0
2025-02-05 15:59:00-05:00,1.0499999523162842,1.059999942779541,1.0499999523162842,1.059999942779541,5554,0.0,0.0
2025-02-06 09:30:00-05:00,1.0099999904632568,1.0099999904632568,1.0099999904632568,1.0099999904632568,11570,0.0,0.0
2025-02-06 09:34:00-05:00,1.01419997215271,1.01419997215271,1.0099999904632568,1.0099999904632568,10785,0.0,0.0
2025-02-06 09:37:00-05:00,1.0002000331878662,1.0002000331878662,1.0002000331878662,1.0002000331878662,330,0.0,0.0
2025-02-06 09:38:00-05:00,1.0099999904632568,1.0199999809265137,1.0099999904632568,1.0199999809265137,5151,0.0,0.0
2025-02-06 09:39:00-05:00,1.0299999713897705,1.0299999713897705,1.0204999446868896,1.0204999446868896,1200,0.0,0.0
2025-02-06 09:40:00-05:00,1.034999966621399,1.034999966621399,1.034999966621399,1.034999966621399,502,0.0,0.0
2025-02-06 09:42:00-05:00,1.0199999809265137,1.0199999809265137,1.0199999809265137,1.0199999809265137,200,0.0,0.0
2025-02-06 09:44:00-05:00,1.0200999975204468,1.0206999778747559,1.0200999975204468,1.0206999778747559,8649,0.0,0.0
2025-02-06 09:46:00-05:00,1.0299999713897705,1.0299999713897705,1.0299999713897705,1.0299999713897705,1116,0.0,0.0
2025-02-06 09:49:00-05:00,1.0399999618530273,1.0399999618530273,1.0399999618530273,1.0399999618530273,500,0.0,0.0
2025-02-06 09:50:00-05:00,1.0202000141143799,1.0202000141143799,1.0202000141143799,1.0202000141143799,545,0.0,0.0
2025-02-06 09:51:00-05:00,1.0436999797821045,1.0436999797821045,1.0436999797821045,1.0436999797821045,1800,0.0,0.0
2025-02-06 09:52:00-05:00,1.0199999809265137,1.034999966621399,1.0199999809265137,1.034999966621399,255,0.0,0.0
2025-02-06 09:56:00-05:00,1.0199999809265137,1.0199999809265137,1.0199999809265137,1.0199999809265137,262,0.0,0.0
2025-02-06 10:00:00-05:00,1.0206999778747559,1.0206999778747559,1.0206999778747559,1.0206999778747559,104,0.0,0.0
2025-02-06 10:02:00-05:00,1.0499999523162842,1.0499999523162842,1.0499999523162842,1.0499999523162842,104,0.0,0.0
2025-02-06 10:04:00-05:00,1.0299999713897705,1.0299999713897705,1.0299999713897705,1.0299999713897705,3800,0.0,0.0
2025-02-06 10:08:00-05:00,1.0300999879837036,1.0300999879837036,1.0199999809265137,1.0299999713897705,695,0.0,0.0
2025-02-06 10:09:00-05:00,1.0199999809265137,1.0399999618530273,1.0199999809265137,1.0299999713897705,400,0.0,0.0
2025-02-06 10:10:00-05:00,1.0219999551773071,1.0219999551773071,1.0219999551773071,1.0219999551773071,1803,0.0,0.0
2025-02-06 10:11:00-05:00,1.0299999713897705,1.0299999713897705,1.0299999713897705,1.0299999713897705,200,0.0,0.0
2025-02-06 10:13:00-05:00,1.0199999809265137,1.0199999809265137,1.0199999809265137,1.0199999809265137,53,0.0,0.0
2025-02-06 10:15:00-05:00,1.0399999618530273,1.0399999618530273,1.0399999618530273,1.0399999618530273,800,0.0,0.0
2025-02-06 10:16:00-05:00,1.0399999618530273,1.0399999618530273,1.0299999713897705,1.0299999713897705,1030,0.0,0.0
2025-02-06 10:21:00-05:00,1.0299999713897705,1.0299999713897705,1.0299999713897705,1.0299999713897705,264,0.0,0.0
2025-02-06 10:24:00-05:00,1.0299999713897705,1.0299999713897705,1.0199999809265137,1.0199999809265137,6246,0.0,0.0
2025-02-06 10:25:00-05:00,1.0200999975204468,1.0200999975204468,1.0200999975204468,1.0200999975204468,2253,0.0,0.0
2025-02-06 10:26:00-05:00,1.0204999446868896,1.0204999446868896,1.000100016593933,1.000100016593933,10729,0.0,0.0
2025-02-06 10:27:00-05:00,1.0,1.0099999904632568,1.0,1.0099999904632568,6258,0.0,0.0
2025-02-06 10:28:00-05:00,1.0,1.0,1.0,1.0,5450,0.0,0.0
2025-02-06 10:33:00-05:00,0.9800999760627747,0.9800999760627747,0.9800999760627747,0.9800999760627747,720,0.0,0.0
2025-02-06 10:34:00-05:00,0.9951000213623047,0.9951000213623047,0.9951000213623047,0.9951000213623047,0,0.0,0.0
2025-02-06 10:37:00-05:00,0.9977999925613403,0.9977999925613403,0.9977999925613403,0.9977999925613403,220,0.0,0.0
2025-02-06 10:40:00-05:00,0.9847999811172485,0.9847999811172485,0.9800000190734863,0.9800000190734863,2879,0.0,0.0
2025-02-06 10:41:00-05:00,0.9977999925613403,0.9998000264167786,0.9918000102043152,0.9918000102043152,1602,0.0,0.0
2025-02-06 10:45:00-05:00,0.9900000095367432,0.9900000095367432,0.9900000095367432,0.9900000095367432,1017,0.0,0.0
2025-02-06 10:46:00-05:00,0.9800000190734863,0.9800000190734863,0.9800000190734863,0.9800000190734863,660,0.0,0.0
2025-02-06 10:47:00-05:00,0.9851999878883362,0.9879999756813049,0.954800009727478,0.954800009727478,8764,0.0,0.0
2025-02-06 10:48:00-05:00,0.954800009727478,0.9643999934196472,0.954800009727478,0.9599999785423279,4419,0.0,0.0
2025-02-06 10:49:00-05:00,0.953499972820282,0.953499972820282,0.9399999976158142,0.9399999976158142,6716,0.0,0.0
2025-02-06 10:50:00-05:00,0.9399999976158142,0.9399999976158142,0.9399999976158142,0.9399999976158142,502,0.0,0.0
2025-02-06 10:51:00-05:00,0.9556999802589417,0.9556999802589417,0.9556999802589417,0.9556999802589417,520,0.0,0.0
2025-02-06 10:52:00-05:00,0.9556999802589417,0.9556999802589417,0.9408000111579895,0.9408000111579895,1352,0.0,0.0
2025-02-06 10:54:00-05:00,0.9478999972343445,0.9478999972343445,0.9478999972343445,0.9478999972343445,500,0.0,0.0
2025-02-06 10:55:00-05:00,0.9399999976158142,0.9399999976158142,0.9399999976158142,0.9399999976158142,566,0.0,0.0
2025-02-06 10:56:00-05:00,0.9408000111579895,0.9408000111579895,0.9408000111579895,0.9408000111579895,3292,0.0,0.0
2025-02-06 10:57:00-05:00,0.9399999976158142,0.9399999976158142,0.9399999976158142,0.9399999976158142,1292,0.0,0.0
2025-02-06 10:58:00-05:00,0.9474999904632568,0.9599000215530396,0.9474999904632568,0.949999988079071,2025,0.0,0.0
2025-02-06 11:00:00-05:00,0.9556999802589417,0.9556999802589417,0.9556999802589417,0.9556999802589417,150,0.0,0.0
2025-02-06 11:01:00-05:00,0.9599000215530396,0.9599000215530396,0.9599000215530396,0.9599000215530396,419,0.0,0.0
2025-02-06 11:04:00-05:00,0.9599999785423279,0.9599999785423279,0.9538999795913696,0.9538999795913696,1347,0.0,0.0
2025-02-06 11:05:00-05:00,0.9677000045776367,0.9677000045776367,0.9556999802589417,0.9556999802589417,3714,0.0,0.0
2025-02-06 11:07:00-05:00,0.9714999794960022,0.9714999794960022,0.9700999855995178,0.9700999855995178,245,0.0,0.0
2025-02-06 11:08:00-05:00,0.9998999834060669,0.9998999834060669,0.9998999834060669,0.9998999834060669,439,0.0,0.0
2025-02-06 11:09:00-05:00,0.9700000286102295,0.9700000286102295,0.9700000286102295,0.9700000286102295,504,0.0,0.0
2025-02-06 11:15:00-05:00,0.9700999855995178,0.9700999855995178,0.9700999855995178,0.9700999855995178,200,0.0,0.0
2025-02-06 11:20:00-05:00,0.9998999834060669,0.9998999834060669,0.9998999834060669,0.9998999834060669,1929,0.0,0.0
2025-02-06 11:21:00-05:00,0.9995999932289124,0.9995999932289124,0.9995999932289124,0.9995999932289124,205,0.0,0.0
2025-02-06 11:22:00-05:00,0.9998999834060669,0.9998999834060669,0.9998999834060669,0.9998999834060669,287,0.0,0.0
2025-02-06 11:23:00-05:00,0.9995999932289124,0.9995999932289124,0.9995999932289124,0.9995999932289124,200,0.0,0.0
2025-02-06 11:24:00-05:00,1.0,1.0,1.0,1.0,1106,0.0,0.0
2025-02-06 11:25:00-05:00,0.9998999834060669,0.9998999834060669,0.9998999834060669,0.9998999834060669,140,0.0,0.0
2025-02-06 11:33:00-05:00,0.9800000190734863,0.9800000190734863,0.970300018787384,0.970300018787384,4342,0.0,0.0
2025-02-06 11:39:00-05:00,0.9750000238418579,1.0,0.9750000238418579,1.0,8528,0.0,0.0
2025-02-06 11:49:00-05:00,0.9998999834060669,0.9998999834060669,0.9998999834060669,0.9998999834060669,2466,0.0,0.0
2025-02-06 11:54:00-05:00,0.9995999932289124,1.0,0.9995999932289124,1.0,8271,0.0,0.0
2025-02-06 11:55:00-05:00,1.0,1.0,1.0,1.0,5514,0.0,0.0
2025-02-06 12:01:00-05:00,1.0099999904632568,1.0099999904632568,1.0099999904632568,1.0099999904632568,405,0.0,0.0
2025-02-06 12:06:00-05:00,1.0,1.0,1.0,1.0,1981,0.0,0.0
2025-02-06 12:11:00-05:00,0.9764999747276306,0.9764999747276306,0.9764999747276306,0.9764999747276306,10030,0.0,0.0
2025-02-06 12:12:00-05:00,1.0,1.0,1.0,1.0,0,0.0,0.0
2025-02-06 12:17:00-05:00,1.0,1.0199999809265137,1.0,1.0199999809265137,296,0.0,0.0
2025-02-06 12:21:00-05:00,0.9800000190734863,1.0099999904632568,0.9800000190734863,1.0099999904632568,597,0.0,0.0
2025-02-06 12:26:00-05:00,0.9797999858856201,0.9797999858856201,0.9797999858856201,0.9797999858856201,924,0.0,0.0
2025-02-06 12:29:00-05:00,1.0,1.0,0.9927999973297119,0.9927999973297119,946,0.0,0.0
2025-02-06 12:32:00-05:00,0.9926999807357788,0.9926999807357788,0.9926999807357788,0.9926999807357788,1445,0.0,0.0
2025-02-06 12:36:00-05:00,1.0,1.0,1.0,1.0,535,0.0,0.0
2025-02-06 12:44:00-05:00,0.9810000061988831,0.9810000061988831,0.9800999760627747,0.9800999760627747,1906,0.0,0.0
2025-02-06 12:46:00-05:00,0.9797999858856201,0.9797999858856201,0.9797999858856201,0.9797999858856201,4751,0.0,0.0
2025-02-06 12:48:00-05:00,0.9772999882698059,0.9799000024795532,0.9772999882698059,0.9799000024795532,5219,0.0,0.0
2025-02-06 12:50:00-05:00,0.9995999932289124,0.9995999932289124,0.9995999932289124,0.9995999932289124,536,0.0,0.0
2025-02-06 12:56:00-05:00,0.9897000193595886,1.0399999618530273,0.9897000193595886,1.0399999618530273,250,0.0,0.0
2025-02-06 13:00:00-05:00,1.0099999904632568,1.0099999904632568,1.0099999904632568,1.0099999904632568,200,0.0,0.0
2025-02-06 13:05:00-05:00,1.0099999904632568,1.0099999904632568,0.9803000092506409,0.9980000257492065,4964,0.0,0.0
2025-02-06 13:13:00-05:00,1.0299999713897705,1.0299999713897705,1.0299999713897705,1.0299999713897705,200,0.0,0.0
2025-02-06 13:18:00-05:00,1.0009000301361084,1.0009000301361084,1.0009000301361084,1.0009000301361084,473,0.0,0.0
2025-02-06 13:20:00-05:00,1.0099999904632568,1.0099999904632568,1.0099999904632568,1.0099999904632568,338,0.0,0.0
2025-02-06 13:28:00-05:00,1.0099999904632568,1.0199999809265137,1.0099999904632568,1.0199999809265137,285,0.0,0.0
2025-02-06 13:29:00-05:00,1.0099999904632568,1.0099999904632568,1.0099999904632568,1.0099999904632568,200,0.0,0.0
2025-02-06 13:30:00-05:00,1.0055999755859375,1.0055999755859375,1.0055999755859375,1.0055999755859375,113,0.0,0.0
2025-02-06 13:37:00-05:00,1.0099999904632568,1.0099999904632568,1.0099999904632568,1.0099999904632568,3761,0.0,0.0
2025-02-06 13:54:00-05:00,0.9900000095367432,0.9900000095367432,0.9900000095367432,0.9900000095367432,550,0.0,0.0
2025-02-06 14:00:00-05:00,0.970300018787384,0.970300018787384,0.970300018787384,0.970300018787384,5582,0.0,0.0
2025-02-06 14:03:00-05:00,1.0099999904632568,1.0099999904632568,1.0099999904632568,1.0099999904632568,0,0.0,0.0
2025-02-06 14:09:00-05:00,0.9950000047683716,0.9950000047683716,0.9950000047683716,0.9950000047683716,517,0.0,0.0
2025-02-06 14:12:00-05:00,0.9900000095367432,0.9901000261306763,0.9900000095367432,0.9901000261306763,4100,0.0,0.0
2025-02-06 14:13:00-05:00,1.0099999904632568,1.0099999904632568,1.0099999904632568,1.0099999904632568,348,0.0,0.0
2025-02-06 14:20:00-05:00,1.0099999904632568,1.0099999904632568,1.0099999904632568,1.0099999904632568,1053,0.0,0.0
2025-02-06 14:24:00-05:00,1.0199999809265137,1.0199999809265137,1.0199999809265137,1.0199999809265137,107,0.0,0.0
2025-02-06 14:31:00-05:00,1.0099999904632568,1.0099999904632568,1.0099999904632568,1.0099999904632568,250,0.0,0.0
2025-02-06 14:34:00-05:00,1.0199999809265137,1.0199999809265137,1.0199999809265137,1.0199999809265137,1213,0.0,0.0
2025-02-06 14:38:00-05:00,1.0199999809265137,1.0199999809265137,1.0199999809265137,1.0199999809265137,193,0.0,0.0
2025-02-06 14:43:00-05:00,1.0195000171661377,1.0195000171661377,1.0195000171661377,1.0195000171661377,160,0.0,0.0
2025-02-06 14:45:00-05:00,1.0199999809265137,1.0199999809265137,1.0199999809265137,1.0199999809265137,200,0.0,0.0
2025-02-06 14:49:00-05:00,1.0199999809265137,1.0199999809265137,1.0199999809265137,1.0199999809265137,954,0.0,0.0
2025-02-06 14:52:00-05:00,1.0199999809265137,1.0199999809265137,1.0199999809265137,1.0199999809265137,204,0.0,0.0
2025-02-06 14:58:00-05:00,1.0199999809265137,1.0199999809265137,1.0199999809265137,1.0199999809265137,396,0.0,0.0
2025-02-06 15:01:00-05:00,1.0099999904632568,1.0099999904632568,1.0099999904632568,1.0099999904632568,200,0.0,0.0
2025-02-06 15:04:00-05:00,1.0199999809265137,1.0199999809265137,1.0199999809265137,1.0199999809265137,204,0.0,0.0
2025-02-06 15:05:00-05:00,1.0099999904632568,1.0099999904632568,1.0099999904632568,1.0099999904632568,837,0.0,0.0
2025-02-06 15:11:00-05:00,1.0299999713897705,1.0299999713897705,1.0099999904632568,1.0199999809265137,13835,0.0,0.0
2025-02-06 15:13:00-05:00,1.0299999713897705,1.0299999713897705,1.0299999713897705,1.0299999713897705,4262,0.0,0.0
2025-02-06 15:14:00-05:00,1.0299999713897705,1.0299999713897705,1.0299999713897705,1.0299999713897705,0,0.0,0.0
2025-02-06 15:18:00-05:00,1.0299999713897705,1.0299999713897705,1.0299999713897705,1.0299999713897705,201,0.0,0.0
2025-02-06 15:20:00-05:00,1.0299999713897705,1.0299999713897705,1.0299999713897705,1.0299999713897705,105,0.0,0.0
2025-02-06 15:21:00-05:00,1.0299999713897705,1.0299999713897705,1.0299999713897705,1.0299999713897705,985,0.0,0.0
2025-02-06 15:22:00-05:00,1.0399999618530273,1.0399999618530273,1.0399999618530273,1.0399999618530273,200,0.0,0.0
2025-02-06 15:23:00-05:00,1.0299999713897705,1.0299999713897705,1.0299999713897705,1.0299999713897705,243,0.0,0.0
2025-02-06 15:24:00-05:00,1.0199999809265137,1.0199999809265137,1.0199999809265137,1.0199999809265137,1690,0.0,0.0
2025-02-06 15:25:00-05:00,1.0299999713897705,1.0399999618530273,1.0299999713897705,1.0399999618530273,2685,0.0,0.0
2025-02-06 15:26:00-05:00,1.0399999618530273,1.0399999618530273,1.0399999618530273,1.0399999618530273,1091,0.0,0.0
2025-02-06 15:30:00-05:00,1.0399999618530273,1.0399999618530273,1.0299999713897705,1.0299999713897705,300,0.0,0.0
2025-02-06 15:31:00-05:00,1.020400047302246,1.020400047302246,1.020400047302246,1.020400047302246,336,0.0,0.0
2025-02-06 15:32:00-05:00,1.0211999416351318,1.0211999416351318,1.0211999416351318,1.0211999416351318,198,0.0,0.0
2025-02-06 15:36:00-05:00,1.0299999713897705,1.0299999713897705,1.0299999713897705,1.0299999713897705,1304,0.0,0.0
2025-02-06 15:37:00-05:00,1.0399999618530273,1.0399999618530273,1.0399999618530273,1.0399999618530273,1338,0.0,0.0
2025-02-06 15:40:00-05:00,1.0399999618530273,1.0499999523162842,1.0299999713897705,1.0499999523162842,11904,0.0,0.0
2025-02-06 15:42:00-05:00,1.0399999618530273,1.0399999618530273,1.0399999618530273,1.0399999618530273,100,0.0,0.0
2025-02-06 15:44:00-05:00,1.0399999618530273,1.0399999618530273,1.0399999618530273,1.0399999618530273,1004,0.0,0.0
2025-02-06 15:45:00-05:00,1.0399999618530273,1.0399999618530273,1.0399999618530273,1.0399999618530273,200,0.0,0.0
2025-02-06 15:47:00-05:00,1.0399999618530273,1.0399999618530273,1.0399999618530273,1.0399999618530273,100,0.0,0.0
2025-02-06 15:48:00-05:00,1.048699975013733,1.048699975013733,1.048699975013733,1.048699975013733,4000,0.0,0.0
2025-02-06 15:49:00-05:00,1.0399999618530273,1.0399999618530273,1.0399999618530273,1.0399999618530273,0,0.0,0.0
2025-02-06 15:52:00-05:00,1.0384999513626099,1.0384999513626099,1.0384999513626099,1.0384999513626099,1024,0.0,0.0
2025-02-06 15:53:00-05:00,1.0399999618530273,1.0399999618530273,1.0399999618530273,1.0399999618530273,224,0.0,0.0
2025-02-06 15:54:00-05:00,1.0399999618530273,1.0399999618530273,1.0399999618530273,1.0399999618530273,5316,0.0,0.0
2025-02-06 15:55:00-05:00,1.0499999523162842,1.0499999523162842,1.0499999523162842,1.0499999523162842,2639,0.0,0.0
2025-02-06 15:56:00-05:00,1.0499999523162842,1.0499999523162842,1.0499999523162842,1.0499999523162842,224,0.0,0.0
2025-02-06 15:58:00-05:00,1.0449999570846558,1.0499999523162842,1.0449999570846558,1.0499999523162842,364,0.0,0.0
2025-02-06 15:59:00-05:00,1.0399999618530273,1.0499999523162842,1.0399999618530273,1.0499999523162842,7180,0.0,0.0
2025-02-07 09:30:00-05:00,1.1100000143051147,1.1100000143051147,1.1100000143051147,1.1100000143051147,6938,0.0,0.0
2025-02-07 09:31:00-05:00,1.031999945640564,1.031999945640564,1.031999945640564,1.031999945640564,1280,0.0,0.0
2025-02-07 09:32:00-05:00,1.0549999475479126,1.0549999475479126,1.0299999713897705,1.0299999713897705,796,0.0,0.0
2025-02-07 09:33:00-05:00,1.0225000381469727,1.0225000381469727,1.0225000381469727,1.0225000381469727,606,0.0,0.0
2025-02-07 09:35:00-05:00,1.0099999904632568,1.0199999809265137,1.0099999904632568,1.0199999809265137,908,0.0,0.0
2025-02-07 09:39:00-05:00,1.0299999713897705,1.0299999713897705,1.0299999713897705,1.0299999713897705,65,0.0,0.0
2025-02-07 09:40:00-05:00,1.024999976158142,1.024999976158142,1.024999976158142,1.024999976158142,200,0.0,0.0
2025-02-07 09:41:00-05:00,1.0399999618530273,1.0399999618530273,1.0399999618530273,1.0399999618530273,1000,0.0,0.0
2025-02-07 09:45:00-05:00,1.0306999683380127,1.0306999683380127,1.0306999683380127,1.0306999683380127,3532,0.0,0.0
2025-02-07 09:47:00-05:00,1.0325000286102295,1.108199954032898,1.024999976158142,1.108199954032898,32220,0.0,0.0
2025-02-07 09:48:00-05:00,1.1079000234603882,1.1079000234603882,1.100000023841858,1.100000023841858,7852,0.0,0.0
2025-02-07 09:50:00-05:00,1.0700000524520874,1.0700000524520874,1.0700000524520874,1.0700000524520874,3071,0.0,0.0
2025-02-07 09:51:00-05:00,1.0400999784469604,1.0400999784469604,1.0400999784469604,1.0400999784469604,3895,0.0,0.0
2025-02-07 09:53:00-05:00,1.0753999948501587,1.0753999948501587,1.0753999948501587,1.0753999948501587,0,0.0,0.0
2025-02-07 09:56:00-05:00,1.0698000192642212,1.0700000524520874,1.0698000192642212,1.0700000524520874,1200,0.0,0.0
2025-02-07 09:57:00-05:00,1.0700000524520874,1.0700000524520874,1.0700000524520874,1.0700000524520874,301,0.0,0.0
2025-02-07 09:59:00-05:00,1.090000033378601,1.090000033378601,1.090000033378601,1.090000033378601,15490,0.0,0.0
2025-02-07 10:01:00-05:00,1.100000023841858,1.100000023841858,1.090000033378601,1.090000033378601,12545,0.0,0.0
2025-02-07 10:02:00-05:00,1.100000023841858,1.100100040435791,1.100000023841858,1.100100040435791,7272,0.0,0.0
2025-02-07 10:03:00-05:00,1.1009999513626099,1.1009999513626099,1.1009999513626099,1.1009999513626099,517,0.0,0.0
2025-02-07 10:04:00-05:00,1.1098999977111816,1.1098999977111816,1.1098999977111816,1.1098999977111816,6574,0.0,0.0
2025-02-07 10:05:00-05:00,1.0499999523162842,1.100000023841858,1.0499999523162842,1.100000023841858,2787,0.0,0.0
2025-02-07 10:08:00-05:00,1.100100040435791,1.100100040435791,1.100100040435791,1.100100040435791,304,0.0,0.0
2025-02-07 10:09:00-05:00,1.1009000539779663,1.1009000539779663,1.1009000539779663,1.1009000539779663,7212,0.0,0.0
2025-02-07 10:12:00-05:00,1.100100040435791,1.100100040435791,1.100100040435791,1.100100040435791,1601,0.0,0.0
2025-02-07 10:13:00-05:00,1.1100000143051147,1.1100000143051147,1.1100000143051147,1.1100000143051147,5203,0.0,0.0
2025-02-07 10:14:00-05:00,1.1095999479293823,1.1095999479293823,1.1095999479293823,1.1095999479293823,200,0.0,0.0
2025-02-07 10:15:00-05:00,1.1200000047683716,1.1200000047683716,1.117900013923645,1.117900013923645,3132,0.0,0.0
2025-02-07 10:17:00-05:00,1.1100000143051147,1.1100000143051147,1.1100000143051147,1.1100000143051147,425,0.0,0.0
2025-02-07 10:18:00-05:00,1.1095999479293823,1.1095999479293823,1.1009000539779663,1.1009000539779663,691,0.0,0.0
2025-02-07 10:20:00-05:00,1.100000023841858,1.100000023841858,1.100000023841858,1.100000023841858,440,0.0,0.0
2025-02-07 10:24:00-05:00,1.100000023841858,1.100000023841858,1.100000023841858,1.100000023841858,2090,0.0,0.0
2025-02-07 10:27:00-05:00,1.075600028038025,1.1100000143051147,1.075600028038025,1.090000033378601,8823,0.0,0.0
2025-02-07 10:28:00-05:00,1.0628000497817993,1.0628000497817993,1.0628000497817993,1.0628000497817993,501,0.0,0.0
2025-02-07 10:29:00-05:00,1.090000033378601,1.090000033378601,1.090000033378601,1.090000033378601,200,0.0,0.0
2025-02-07 10:30:00-05:00,1.090000033378601,1.090000033378601,1.090000033378601,1.090000033378601,107,0.0,0.0
2025-02-07 10:31:00-05:00,1.0800000429153442,1.0800000429153442,1.0800000429153442,1.0800000429153442,2792,0.0,0.0
2025-02-07 10:32:00-05:00,1.0800000429153442,1.0800000429153442,1.0700000524520874,1.0800000429153442,1189,0.0,0.0
2025-02-07 10:35:00-05:00,1.082800030708313,1.082800030708313,1.082800030708313,1.082800030708313,1264,0.0,0.0
2025-02-07 10:36:00-05:00,1.0800000429153442,1.0800000429153442,1.0800000429153442,1.0800000429153442,508,0.0,0.0
2025-02-07 10:50:00-05:00,1.059999942779541,1.065000057220459,1.059999942779541,1.059999942779541,435,0.0,0.0
2025-02-07 10:51:00-05:00,1.059999942779541,1.059999942779541,1.059999942779541,1.059999942779541,352,0.0,0.0
2025-02-07 10:52:00-05:00,1.059999942779541,1.059999942779541,1.059999942779541,1.059999942779541,1990,0.0,0.0
2025-02-07 10:53:00-05:00,1.0700000524520874,1.0700000524520874,1.0700000524520874,1.0700000524520874,135,0.0,0.0
2025-02-07 10:54:00-05:00,1.059999942779541,1.059999942779541,1.059999942779541,1.059999942779541,265,0.0,0.0
2025-02-07 10:55:00-05:00,1.065000057220459,1.065000057220459,1.065000057220459,1.065000057220459,700,0.0,0.0
2025-02-07 10:56:00-05:00,1.065000057220459,1.065000057220459,1.059999942779541,1.059999942779541,303,0.0,0.0
2025-02-07 10:59:00-05:00,1.059999942779541,1.059999942779541,1.059999942779541,1.059999942779541,2305,0.0,0.0
2025-02-07 11:01:00-05:00,1.059999942779541,1.059999942779541,1.059999942779541,1.059999942779541,2257,0.0,0.0
2025-02-07 11:04:00-05:00,1.059999942779541,1.059999942779541,1.059999942779541,1.059999942779541,200,0.0,0.0
2025-02-07 11:05:00-05:00,1.059999942779541,1.059999942779541,1.059999942779541,1.059999942779541,307,0.0,0.0
2025-02-07 11:08:00-05:00,1.059999942779541,1.0700000524520874,1.059999942779541,1.0700000524520874,1460,0.0,0.0
2025-02-07 11:16:00-05:00,1.059999942779541,1.059999942779541,1.059999942779541,1.059999942779541,328,0.0,0.0
2025-02-07 11:17:00-05:00,1.0501999855041504,1.0549999475479126,1.0501999855041504,1.0549999475479126,9653,0.0,0.0
2025-02-07 11:18:00-05:00,1.0499999523162842,1.0499999523162842,1.0499999523162842,1.0499999523162842,2270,0.0,0.0
2025-02-07 11:23:00-05:00,1.0499999523162842,1.0499999523162842,1.0499999523162842,1.0499999523162842,126,0.0,0.0
2025-02-07 11:27:00-05:00,1.059999942779541,1.059999942779541,1.059999942779541,1.059999942779541,501,0.0,0.0
2025-02-07 11:28:00-05:00,1.0499999523162842,1.0499999523162842,1.0499999523162842,1.0499999523162842,313,0.0,0.0
2025-02-07 11:31:00-05:00,1.0800000429153442,1.090000033378601,1.0800000429153442,1.090000033378601,2178,0.0,0.0
2025-02-07 11:32:00-05:00,1.0600999593734741,1.0600999593734741,1.0600999593734741,1.0600999593734741,0,0.0,0.0
2025-02-07 11:38:00-05:00,1.059999942779541,1.059999942779541,1.059999942779541,1.059999942779541,173,0.0,0.0
2025-02-07 11:43:00-05:00,1.059999942779541,1.059999942779541,1.059999942779541,1.059999942779541,200,0.0,0.0
2025-02-07 11:44:00-05:00,1.0605000257492065,1.0605000257492065,1.0605000257492065,1.0605000257492065,720,0.0,0.0
2025-02-07 11:49:00-05:00,1.0700000524520874,1.0700000524520874,1.0700000524520874,1.0700000524520874,309,0.0,0.0
2025-02-07 11:58:00-05:00,1.0800000429153442,1.0800000429153442,1.0800000429153442,1.0800000429153442,374,0.0,0.0
2025-02-07 12:00:00-05:00,1.0800000429153442,1.0800000429153442,1.0800000429153442,1.0800000429153442,226,0.0,0.0
2025-02-07 12:05:00-05:00,1.059999942779541,1.059999942779541,1.059999942779541,1.059999942779541,200,0.0,0.0
2025-02-07 12:06:00-05:00,1.0700000524520874,1.0700000524520874,1.0700000524520874,1.0700000524520874,211,0.0,0.0
2025-02-07 12:09:00-05:00,1.070099949836731,1.070099949836731,1.070099949836731,1.070099949836731,824,0.0,0.0
2025-02-07 12:17:00-05:00,1.0700000524520874,1.0700000524520874,1.0700000524520874,1.0700000524520874,1490,0.0,0.0
2025-02-07 12:27:00-05:00,1.0709999799728394,1.0709999799728394,1.0709999799728394,1.0709999799728394,405,0.0,0.0
2025-02-07 12:32:00-05:00,1.0700000524520874,1.0800000429153442,1.0700000524520874,1.0800000429153442,4490,0.0,0.0
2025-02-07 12:35:00-05:00,1.090000033378601,1.090000033378601,1.0600999593734741,1.0600999593734741,1568,0.0,0.0
2025-02-07 12:43:00-05:00,1.0750000476837158,1.0750000476837158,1.0750000476837158,1.0750000476837158,1700,0.0,0.0
2025-02-07 12:44:00-05:00,1.0700000524520874,1.0700000524520874,1.0700000524520874,1.0700000524520874,0,0.0,0.0
2025-02-07 12:45:00-05:00,1.059999942779541,1.059999942779541,1.059999942779541,1.059999942779541,198,0.0,0.0
2025-02-07 12:48:00-05:00,1.059999942779541,1.059999942779541,1.059999942779541,1.059999942779541,222,0.0,0.0
2025-02-07 12:50:00-05:00,1.0700000524520874,1.0700000524520874,1.059999942779541,1.0700000524520874,1249,0.0,0.0
2025-02-07 12:54:00-05:00,1.0499999523162842,1.0499999523162842,1.0499999523162842,1.0499999523162842,341,0.0,0.0
2025-02-07 13:04:00-05:00,1.0501999855041504,1.0501999855041504,1.0501999855041504,1.0501999855041504,340,0.0,0.0
2025-02-07 13:05:00-05:00,1.0520000457763672,1.0520000457763672,1.0520000457763672,1.0520000457763672,580,0.0,0.0
2025-02-07 13:15:00-05:00,1.0499999523162842,1.0499999523162842,1.0499999523162842,1.0499999523162842,10272,0.0,0.0
2025-02-07 13:16:00-05:00,1.0549999475479126,1.0549999475479126,1.0549999475479126,1.0549999475479126,1122,0.0,0.0
2025-02-07 13:17:00-05:00,1.0700000524520874,1.0700000524520874,1.0700000524520874,1.0700000524520874,762,0.0,0.0
2025-02-07 13:30:00-05:00,1.059999942779541,1.0700000524520874,1.059999942779541,1.059999942779541,1364,0.0,0.0
2025-02-07 13:32:00-05:00,1.059999942779541,1.059999942779541,1.059999942779541,1.059999942779541,100,0.0,0.0
2025-02-07 13:38:00-05:00,1.059999942779541,1.059999942779541,1.059999942779541,1.059999942779541,3807,0.0,0.0
2025-02-07 13:44:00-05:00,1.0700000524520874,1.0700000524520874,1.059999942779541,1.059999942779541,1374,0.0,0.0
2025-02-07 13:51:00-05:00,1.059999942779541,1.0679999589920044,1.0511000156402588,1.0511000156402588,3026,0.0,0.0
2025-02-07 13:54:00-05:00,1.0499999523162842,1.0499999523162842,1.0399999618530273,1.0499999523162842,1958,0.0,0.0
2025-02-07 13:58:00-05:00,1.0499999523162842,1.0499999523162842,1.0499999523162842,1.0499999523162842,603,0.0,0.0
2025-02-07 13:59:00-05:00,1.059999942779541,1.0700000524520874,1.059999942779541,1.0700000524520874,458,0.0,0.0
2025-02-07 14:03:00-05:00,1.0499999523162842,1.0499999523162842,1.0499999523162842,1.0499999523162842,230,0.0,0.0
2025-02-07 14:09:00-05:00,1.059999942779541,1.059999942779541,1.059999942779541,1.059999942779541,518,0.0,0.0
2025-02-07 14:15:00-05:00,1.0399999618530273,1.0399999618530273,1.0399999618530273,1.0399999618530273,222,0.0,0.0
2025-02-07 14:27:00-05:00,1.0299999713897705,1.0299999713897705,1.0299999713897705,1.0299999713897705,200,0.0,0.0
2025-02-07 14:32:00-05:00,1.0299999713897705,1.0299999713897705,1.0299999713897705,1.0299999713897705,11,0.0,0.0
2025-02-07 14:36:00-05:00,1.0399999618530273,1.0399999618530273,1.0399999618530273,1.0399999618530273,200,0.0,0.0
2025-02-07 14:38:00-05:00,1.0399999618530273,1.0399999618530273,1.0399999618530273,1.0399999618530273,1,0.0,0.0
2025-02-07 14:44:00-05:00,1.0399999618530273,1.0399999618530273,1.0399999618530273,1.0399999618530273,101,0.0,0.0
2025-02-07 14:49:00-05:00,1.0399999618530273,1.0399999618530273,1.0399999618530273,1.0399999618530273,502,0.0,0.0
2025-02-07 14:55:00-05:00,1.0299999713897705,1.0299999713897705,1.0200999975204468,1.0200999975204468,301,0.0,0.0
2025-02-07 14:56:00-05:00,1.0204999446868896,1.0204999446868896,1.0204999446868896,1.0204999446868896,344,0.0,0.0
2025-02-07 15:14:00-05:00,1.0010000467300415,1.0010000467300415,1.0,1.0,3128,0.0,0.0
2025-02-07 15:19:00-05:00,1.0099999904632568,1.0099999904632568,1.0099999904632568,1.0099999904632568,200,0.0,0.0
2025-02-07 15:20:00-05:00,1.0199999809265137,1.0199999809265137,1.0199999809265137,1.0199999809265137,162,0.0,0.0
2025-02-07 15:24:00-05:00,1.0099999904632568,1.0099999904632568,1.0099999904632568,1.0099999904632568,300,0.0,0.0
2025-02-07 15:28:00-05:00,1.0,1.0,1.0,1.0,100,0.0,0.0
2025-02-07 15:29:00-05:00,1.0119999647140503,1.0119999647140503,1.0119999647140503,1.0119999647140503,403,0.0,0.0
2025-02-07 15:32:00-05:00,1.0399999618530273,1.0399999618530273,1.0399999618530273,1.0399999618530273,2124,0.0,0.0
2025-02-07 15:35:00-05:00,1.0200999975204468,1.0299999713897705,1.0200999975204468,1.0299999713897705,3354,0.0,0.0
2025-02-07 15:49:00-05:00,1.0399999618530273,1.059999942779541,1.0399999618530273,1.059999942779541,2618,0.0,0.0
2025-02-07 15:50:00-05:00,1.059999942779541,1.059999942779541,1.059999942779541,1.059999942779541,500,0.0,0.0
2025-02-07 15:51:00-05:00,1.059999942779541,1.059999942779541,1.059999942779541,1.059999942779541,4840,0.0,0.0
2025-02-07 15:54:00-05:00,1.059999942779541,1.059999942779541,1.059999942779541,1.059999942779541,159,0.0,0.0
2025-02-07 15:55:00-05:00,1.059999942779541,1.059999942779541,1.059999942779541,1.059999942779541,101,0.0,0.0
2025-02-07 15:56:00-05:00,1.059999942779541,1.059999942779541,1.059999942779541,1.059999942779541,722,0.0,0.0
2025-02-07 15:58:00-05:00,1.0500999689102173,1.0500999689102173,1.0500999689102173,1.0500999689102173,1340,0.0,0.0
2025-02-07 15:59:00-05:00,1.0499999523162842,1.059999942779541,1.0399999618530273,1.0549999475479126,3504,0.0,0.0
