Datetime,Open,High,Low,Close,Volume,Dividends,Stock Splits
2025-02-03 09:30:00-05:00,1.6399999856948853,1.690000057220459,1.6399999856948853,1.649999976158142,162024,0.0,0.0
2025-02-03 09:31:00-05:00,1.649999976158142,1.659999966621399,1.6471999883651733,1.659999966621399,6575,0.0,0.0
2025-02-03 09:32:00-05:00,1.649999976158142,1.659999966621399,1.641800045967102,1.6450999975204468,21273,0.0,0.0
2025-02-03 09:33:00-05:00,1.6419999599456787,1.6419999599456787,1.639799952507019,1.639799952507019,7030,0.0,0.0
2025-02-03 09:34:00-05:00,1.6399999856948853,1.6399999856948853,1.6200000047683716,1.6232000589370728,42150,0.0,0.0
2025-02-03 09:35:00-05:00,1.6299999952316284,1.635200023651123,1.6299999952316284,1.6301000118255615,9863,0.0,0.0
2025-02-03 09:36:00-05:00,1.6349999904632568,1.6399999856948853,1.6349999904632568,1.6399999856948853,6097,0.0,0.0
2025-02-03 09:37:00-05:00,1.6449999809265137,1.6449999809265137,1.6399999856948853,1.6449999809265137,1349,0.0,0.0
2025-02-03 09:38:00-05:00,1.6425000429153442,1.649999976158142,1.6399999856948853,1.6449999809265137,5366,0.0,0.0
2025-02-03 09:39:00-05:00,1.6411999464035034,1.6526000499725342,1.6411999464035034,1.6511000394821167,4861,0.0,0.0
2025-02-03 09:40:00-05:00,1.6514999866485596,1.6598999500274658,1.6449999809265137,1.649999976158142,19624,0.0,0.0
2025-02-03 09:42:00-05:00,1.649999976158142,1.6549999713897705,1.649999976158142,1.649999976158142,1439,0.0,0.0
2025-02-03 09:43:00-05:00,1.6549999713897705,1.6649999618530273,1.649999976158142,1.659999966621399,16827,0.0,0.0
2025-02-03 09:44:00-05:00,1.6610000133514404,1.6649999618530273,1.659999966621399,1.6649999618530273,3584,0.0,0.0
2025-02-03 09:45:00-05:00,1.6682000160217285,1.6682000160217285,1.6549999713897705,1.6549999713897705,1113,0.0,0.0
2025-02-03 09:46:00-05:00,1.6516000032424927,1.6516000032424927,1.649999976158142,1.649999976158142,623,0.0,0.0
2025-02-03 09:47:00-05:00,1.659999966621399,1.659999966621399,1.6549999713897705,1.6549999713897705,4944,0.0,0.0
2025-02-03 09:48:00-05:00,1.649999976158142,1.649999976158142,1.649999976158142,1.649999976158142,139,0.0,0.0
2025-02-03 09:49:00-05:00,1.6563999652862549,1.659999966621399,1.6563999652862549,1.659999966621399,5215,0.0,0.0
2025-02-03 09:50:00-05:00,1.659999966621399,1.6699999570846558,1.659999966621399,1.669800043106079,4550,0.0,0.0
2025-02-03 09:51:00-05:00,1.6699999570846558,1.6699999570846558,1.6649999618530273,1.6649999618530273,485,0.0,0.0
2025-02-03 09:52:00-05:00,1.6699999570846558,1.6699999570846558,1.6699999570846558,1.6699999570846558,2525,0.0,0.0
2025-02-03 09:53:00-05:00,1.667099952697754,1.667099952697754,1.6649999618530273,1.6649999618530273,794,0.0,0.0
2025-02-03 09:54:00-05:00,1.6692999601364136,1.6692999601364136,1.6692999601364136,1.6692999601364136,330451,0.0,0.0
2025-02-03 09:55:00-05:00,1.6799999475479126,1.6799999475479126,1.6699999570846558,1.6799999475479126,2392,0.0,0.0
2025-02-03 09:56:00-05:00,1.6749999523162842,1.6749999523162842,1.6649999618530273,1.6699999570846558,31822,0.0,0.0
2025-02-03 09:57:00-05:00,1.6797000169754028,1.684999942779541,1.6749999523162842,1.6799999475479126,7136,0.0,0.0
2025-02-03 09:58:00-05:00,1.684999942779541,1.6899000406265259,1.684999942779541,1.684999942779541,376190,0.0,0.0
2025-02-03 09:59:00-05:00,1.7000000476837158,1.7100000381469727,1.690000057220459,1.7000000476837158,87570,0.0,0.0
2025-02-03 10:00:00-05:00,1.7089999914169312,1.7089999914169312,1.7089999914169312,1.7089999914169312,645,0.0,0.0
2025-02-03 10:01:00-05:00,1.7000000476837158,1.705199956893921,1.7000000476837158,1.7050000429153442,2466,0.0,0.0
2025-02-03 10:02:00-05:00,1.7000000476837158,1.7050000429153442,1.7000000476837158,1.7000000476837158,7961,0.0,0.0
2025-02-03 10:03:00-05:00,1.7100000381469727,1.7100000381469727,1.7000000476837158,1.708899974822998,7428,0.0,0.0
2025-02-03 10:04:00-05:00,1.7100000381469727,1.7100000381469727,1.7050000429153442,1.7050000429153442,9723,0.0,0.0
2025-02-03 10:05:00-05:00,1.7050000429153442,1.725000023841858,1.7050000429153442,1.725000023841858,42774,0.0,0.0
2025-02-03 10:06:00-05:00,1.7300000190734863,1.7300000190734863,1.7173000574111938,1.7173000574111938,7466,0.0,0.0
2025-02-03 10:07:00-05:00,1.715000033378601,1.7200000286102295,1.715000033378601,1.7200000286102295,18316,0.0,0.0
2025-02-03 10:08:00-05:00,1.7288999557495117,1.7299000024795532,1.7288999557495117,1.7299000024795532,803,0.0,0.0
2025-02-03 10:09:00-05:00,1.7201000452041626,1.7300000190734863,1.7100000381469727,1.7200000286102295,26056,0.0,0.0
2025-02-03 10:10:00-05:00,1.7200000286102295,1.7300000190734863,1.7100000381469727,1.7100000381469727,2341,0.0,0.0
2025-02-03 10:11:00-05:00,1.7050000429153442,1.7050000429153442,1.7000000476837158,1.7000000476837158,1955,0.0,0.0
2025-02-03 10:12:00-05:00,1.6999000310897827,1.6999000310897827,1.6999000310897827,1.6999000310897827,572,0.0,0.0
2025-02-03 10:13:00-05:00,1.7000000476837158,1.7100000381469727,1.7000000476837158,1.7100000381469727,1867,0.0,0.0
2025-02-03 10:14:00-05:00,1.7103999853134155,1.7151999473571777,1.7100000381469727,1.7100000381469727,2700,0.0,0.0
2025-02-03 10:15:00-05:00,1.7100000381469727,1.7100000381469727,1.6950000524520874,1.6950000524520874,8205,0.0,0.0
2025-02-03 10:16:00-05:00,1.7000000476837158,1.7100000381469727,1.7000000476837158,1.7100000381469727,323,0.0,0.0
2025-02-03 10:18:00-05:00,1.7000000476837158,1.7000000476837158,1.7000000476837158,1.7000000476837158,214,0.0,0.0
2025-02-03 10:19:00-05:00,1.7000000476837158,1.7000000476837158,1.7000000476837158,1.7000000476837158,128,0.0,0.0
2025-02-03 10:20:00-05:00,1.6990000009536743,1.6990000009536743,1.6990000009536743,1.6990000009536743,1011,0.0,0.0
2025-02-03 10:21:00-05:00,1.7000000476837158,1.7000000476837158,1.7000000476837158,1.7000000476837158,479,0.0,0.0
2025-02-03 10:22:00-05:00,1.715000033378601,1.715000033378601,1.715000033378601,1.715000033378601,205,0.0,0.0
2025-02-03 10:23:00-05:00,1.715000033378601,1.715000033378601,1.7148000001907349,1.7148000001907349,1192,0.0,0.0
2025-02-03 10:24:00-05:00,1.7200000286102295,1.7253999710083008,1.7200000286102295,1.725000023841858,1315,0.0,0.0
2025-02-03 10:25:00-05:00,1.7300000190734863,1.7300000190734863,1.7200000286102295,1.7200000286102295,7017,0.0,0.0
2025-02-03 10:28:00-05:00,1.7300000190734863,1.7300000190734863,1.725000023841858,1.729099988937378,3910,0.0,0.0
2025-02-03 10:29:00-05:00,1.725000023841858,1.738800048828125,1.725000023841858,1.738800048828125,3756,0.0,0.0
2025-02-03 10:30:00-05:00,1.7400000095367432,1.7400000095367432,1.7350000143051147,1.73989999294281,4135,0.0,0.0
2025-02-03 10:31:00-05:00,1.73989999294281,1.73989999294281,1.73989999294281,1.73989999294281,5349,0.0,0.0
2025-02-03 10:32:00-05:00,1.73989999294281,1.7450000047683716,1.73989999294281,1.7447999715805054,1262,0.0,0.0
2025-02-03 10:33:00-05:00,1.7487000226974487,1.7487000226974487,1.7400000095367432,1.7400000095367432,3306,0.0,0.0
2025-02-03 10:34:00-05:00,1.75,1.75,1.75,1.75,319,0.0,0.0
2025-02-03 10:35:00-05:00,1.7416000366210938,1.7416000366210938,1.7416000366210938,1.7416000366210938,199,0.0,0.0
2025-02-03 10:36:00-05:00,1.7484999895095825,1.7484999895095825,1.7484999895095825,1.7484999895095825,141,0.0,0.0
2025-02-03 10:37:00-05:00,1.7410999536514282,1.745300054550171,1.7410999536514282,1.745300054550171,2000,0.0,0.0
2025-02-03 10:38:00-05:00,1.7450000047683716,1.7450000047683716,1.7350000143051147,1.7364000082015991,12139,0.0,0.0
2025-02-03 10:39:00-05:00,1.7379000186920166,1.7379000186920166,1.7379000186920166,1.7379000186920166,500,0.0,0.0
2025-02-03 10:40:00-05:00,1.7386000156402588,1.7400000095367432,1.7300000190734863,1.7300000190734863,7628,0.0,0.0
2025-02-03 10:41:00-05:00,1.7300000190734863,1.7350000143051147,1.7300000190734863,1.7350000143051147,6575,0.0,0.0
2025-02-03 10:42:00-05:00,1.7300000190734863,1.7350000143051147,1.7100000381469727,1.7200000286102295,63154,0.0,0.0
2025-02-03 10:43:00-05:00,1.7201000452041626,1.725000023841858,1.7200000286102295,1.7200000286102295,5869,0.0,0.0
2025-02-03 10:45:00-05:00,1.715000033378601,1.715000033378601,1.715000033378601,1.715000033378601,1402,0.0,0.0
2025-02-03 10:46:00-05:00,1.7100000381469727,1.7167999744415283,1.7100000381469727,1.7167999744415283,548,0.0,0.0
2025-02-03 10:47:00-05:00,1.715000033378601,1.715000033378601,1.715000033378601,1.715000033378601,525,0.0,0.0
2025-02-03 10:48:00-05:00,1.7100000381469727,1.7100000381469727,1.7100000381469727,1.7100000381469727,192,0.0,0.0
2025-02-03 10:49:00-05:00,1.7100000381469727,1.7100000381469727,1.7099000215530396,1.7099000215530396,1566,0.0,0.0
2025-02-03 10:50:00-05:00,1.708799958229065,1.715000033378601,1.708799958229065,1.715000033378601,4723,0.0,0.0
2025-02-03 10:51:00-05:00,1.715000033378601,1.7200000286102295,1.7100000381469727,1.7200000286102295,917,0.0,0.0
2025-02-03 10:52:00-05:00,1.7100000381469727,1.7200000286102295,1.7100000381469727,1.7200000286102295,6245,0.0,0.0
2025-02-03 10:53:00-05:00,1.7300000190734863,1.7300000190734863,1.7300000190734863,1.7300000190734863,1500,0.0,0.0
2025-02-03 10:54:00-05:00,1.725000023841858,1.725000023841858,1.7200000286102295,1.725000023841858,1412,0.0,0.0
2025-02-03 10:55:00-05:00,1.725000023841858,1.725000023841858,1.7200000286102295,1.7200000286102295,1360,0.0,0.0
2025-02-03 10:57:00-05:00,1.7240999937057495,1.7240999937057495,1.7200000286102295,1.7200000286102295,2615,0.0,0.0
2025-02-03 10:58:00-05:00,1.7148000001907349,1.7148000001907349,1.7100000381469727,1.7100000381469727,1815,0.0,0.0
2025-02-03 10:59:00-05:00,1.7100000381469727,1.7200000286102295,1.7100000381469727,1.7200000286102295,3119,0.0,0.0
2025-02-03 11:00:00-05:00,1.715000033378601,1.715000033378601,1.715000033378601,1.715000033378601,468,0.0,0.0
2025-02-03 11:01:00-05:00,1.715000033378601,1.715000033378601,1.715000033378601,1.715000033378601,100,0.0,0.0
2025-02-03 11:02:00-05:00,1.718400001525879,1.718400001525879,1.718400001525879,1.718400001525879,1068,0.0,0.0
2025-02-03 11:03:00-05:00,1.7100000381469727,1.7100000381469727,1.7000000476837158,1.7000000476837158,2732,0.0,0.0
2025-02-03 11:04:00-05:00,1.7050000429153442,1.7050000429153442,1.7050000429153442,1.7050000429153442,227,0.0,0.0
2025-02-03 11:05:00-05:00,1.7050000429153442,1.7050000429153442,1.7000000476837158,1.7041000127792358,11386,0.0,0.0
2025-02-03 11:06:00-05:00,1.7081999778747559,1.715000033378601,1.7050000429153442,1.715000033378601,8538,0.0,0.0
2025-02-03 11:07:00-05:00,1.715000033378601,1.715000033378601,1.7100000381469727,1.7100000381469727,5756,0.0,0.0
2025-02-03 11:10:00-05:00,1.718000054359436,1.718000054359436,1.715000033378601,1.715000033378601,1081,0.0,0.0
2025-02-03 11:11:00-05:00,1.7100000381469727,1.7100000381469727,1.6950000524520874,1.7050000429153442,32164,0.0,0.0
2025-02-03 11:12:00-05:00,1.7050000429153442,1.7050000429153442,1.7050000429153442,1.7050000429153442,8531,0.0,0.0
2025-02-03 11:13:00-05:00,1.715000033378601,1.715000033378601,1.7100000381469727,1.715000033378601,840004,0.0,0.0
2025-02-03 11:14:00-05:00,1.7100000381469727,1.7146999835968018,1.7050000429153442,1.7050000429153442,7697,0.0,0.0
2025-02-03 11:15:00-05:00,1.7100000381469727,1.7100000381469727,1.7000000476837158,1.7000000476837158,16299,0.0,0.0
2025-02-03 11:16:00-05:00,1.708400011062622,1.708400011062622,1.6950000524520874,1.7000000476837158,12875,0.0,0.0
2025-02-03 11:17:00-05:00,1.7000000476837158,1.7050000429153442,1.6950000524520874,1.7050000429153442,1870,0.0,0.0
2025-02-03 11:18:00-05:00,1.7039999961853027,1.7039999961853027,1.7039999961853027,1.7039999961853027,123,0.0,0.0
2025-02-03 11:19:00-05:00,1.7099000215530396,1.7099000215530396,1.7000999450683594,1.7072999477386475,4460,0.0,0.0
2025-02-03 11:20:00-05:00,1.708899974822998,1.715000033378601,1.708899974822998,1.7100000381469727,4434,0.0,0.0
2025-02-03 11:21:00-05:00,1.7100000381469727,1.7200000286102295,1.7050000429153442,1.7200000286102295,2307,0.0,0.0
2025-02-03 11:22:00-05:00,1.7199000120162964,1.7200000286102295,1.7199000120162964,1.7200000286102295,5763,0.0,0.0
2025-02-03 11:23:00-05:00,1.7200000286102295,1.7200000286102295,1.7200000286102295,1.7200000286102295,307,0.0,0.0
2025-02-03 11:24:00-05:00,1.7300000190734863,1.7300000190734863,1.7200000286102295,1.725000023841858,2422,0.0,0.0
2025-02-03 11:25:00-05:00,1.7200000286102295,1.7200000286102295,1.7200000286102295,1.7200000286102295,899561,0.0,0.0
2025-02-03 11:26:00-05:00,1.725100040435791,1.725100040435791,1.7200000286102295,1.7200000286102295,500,0.0,0.0
2025-02-03 11:27:00-05:00,1.7288999557495117,1.7288999557495117,1.7200000286102295,1.7200000286102295,1386,0.0,0.0
2025-02-03 11:31:00-05:00,1.7300000190734863,1.7300000190734863,1.7300000190734863,1.7300000190734863,300,0.0,0.0
2025-02-03 11:32:00-05:00,1.7288000583648682,1.7288000583648682,1.7288000583648682,1.7288000583648682,580,0.0,0.0
2025-02-03 11:34:00-05:00,1.7285000085830688,1.7285000085830688,1.725100040435791,1.725100040435791,300,0.0,0.0
2025-02-03 11:35:00-05:00,1.7300000190734863,1.7350000143051147,1.7300000190734863,1.7300000190734863,6741,0.0,0.0
2025-02-03 11:36:00-05:00,1.7273000478744507,1.7273000478744507,1.7273000478744507,1.7273000478744507,1009,0.0,0.0
2025-02-03 11:37:00-05:00,1.725000023841858,1.725000023841858,1.7200000286102295,1.7200000286102295,2777,0.0,0.0
2025-02-03 11:38:00-05:00,1.7200000286102295,1.7200000286102295,1.7200000286102295,1.7200000286102295,500,0.0,0.0
2025-02-03 11:39:00-05:00,1.7200000286102295,1.7201999425888062,1.715000033378601,1.718999981880188,4844,0.0,0.0
2025-02-03 11:40:00-05:00,1.7200000286102295,1.725000023841858,1.7200000286102295,1.7200000286102295,1376,0.0,0.0
2025-02-03 11:41:00-05:00,1.7200000286102295,1.7200000286102295,1.7200000286102295,1.7200000286102295,470,0.0,0.0
2025-02-03 11:42:00-05:00,1.7200000286102295,1.7200000286102295,1.7200000286102295,1.7200000286102295,281,0.0,0.0
2025-02-03 11:45:00-05:00,1.725000023841858,1.725000023841858,1.725000023841858,1.725000023841858,127,0.0,0.0
2025-02-03 11:47:00-05:00,1.722599983215332,1.722599983215332,1.7201000452041626,1.7201000452041626,1502,0.0,0.0
2025-02-03 11:48:00-05:00,1.725000023841858,1.725000023841858,1.7200000286102295,1.725000023841858,1846,0.0,0.0
2025-02-03 11:51:00-05:00,1.7202999591827393,1.725000023841858,1.7202999591827393,1.725000023841858,2104,0.0,0.0
2025-02-03 11:52:00-05:00,1.7204999923706055,1.725000023841858,1.7204999923706055,1.725000023841858,5651,0.0,0.0
2025-02-03 11:53:00-05:00,1.7288999557495117,1.7288999557495117,1.7288999557495117,1.7288999557495117,1000,0.0,0.0
2025-02-03 11:54:00-05:00,1.7200000286102295,1.7200000286102295,1.7200000286102295,1.7200000286102295,501,0.0,0.0
2025-02-03 11:55:00-05:00,1.7209999561309814,1.7209999561309814,1.7200000286102295,1.7200000286102295,3243,0.0,0.0
2025-02-03 11:56:00-05:00,1.7100000381469727,1.7100000381469727,1.7049000263214111,1.7049000263214111,3228,0.0,0.0
2025-02-03 12:00:00-05:00,1.7100000381469727,1.7100000381469727,1.7100000381469727,1.7100000381469727,100,0.0,0.0
2025-02-03 12:01:00-05:00,1.7018059492111206,1.7018059492111206,1.7018059492111206,1.7018059492111206,2000,0.0,0.0
2025-02-03 12:02:00-05:00,1.7050000429153442,1.7050000429153442,1.7050000429153442,1.7050000429153442,268,0.0,0.0
2025-02-03 12:03:00-05:00,1.7000000476837158,1.7000000476837158,1.7000000476837158,1.7000000476837158,135,0.0,0.0
2025-02-03 12:04:00-05:00,1.7050000429153442,1.7100000381469727,1.7050000429153442,1.7100000381469727,1616,0.0,0.0
2025-02-03 12:07:00-05:00,1.7050000429153442,1.7050000429153442,1.7000000476837158,1.7000000476837158,710,0.0,0.0
2025-02-03 12:08:00-05:00,1.7000000476837158,1.7050000429153442,1.6950000524520874,1.7050000429153442,11155,0.0,0.0
2025-02-03 12:09:00-05:00,1.7086999416351318,1.7086999416351318,1.7086999416351318,1.7086999416351318,103,0.0,0.0
2025-02-03 12:10:00-05:00,1.7100000381469727,1.7100000381469727,1.7100000381469727,1.7100000381469727,378,0.0,0.0
2025-02-03 12:18:00-05:00,1.704800009727478,1.704800009727478,1.704800009727478,1.704800009727478,250,0.0,0.0
2025-02-03 12:19:00-05:00,1.7000999450683594,1.7050000429153442,1.7000999450683594,1.7050000429153442,463,0.0,0.0
2025-02-03 12:20:00-05:00,1.7050000429153442,1.7050000429153442,1.7050000429153442,1.7050000429153442,222,0.0,0.0
2025-02-03 12:22:00-05:00,1.7008999586105347,1.7008999586105347,1.7008999586105347,1.7008999586105347,2102,0.0,0.0
2025-02-03 12:23:00-05:00,1.7000000476837158,1.7050000429153442,1.7000000476837158,1.7050000429153442,660,0.0,0.0
2025-02-03 12:25:00-05:00,1.7050000429153442,1.7100000381469727,1.7050000429153442,1.7100000381469727,570,0.0,0.0
2025-02-03 12:26:00-05:00,1.7024999856948853,1.7024999856948853,1.7024999856948853,1.7024999856948853,546,0.0,0.0
2025-02-03 12:27:00-05:00,1.7050000429153442,1.7050000429153442,1.7050000429153442,1.7050000429153442,111,0.0,0.0
2025-02-03 12:28:00-05:00,1.7000000476837158,1.7050000429153442,1.7000000476837158,1.7050000429153442,301,0.0,0.0
2025-02-03 12:29:00-05:00,1.7000000476837158,1.7100000381469727,1.7000000476837158,1.7000000476837158,3221,0.0,0.0
2025-02-03 12:30:00-05:00,1.7000000476837158,1.7000000476837158,1.6950000524520874,1.6950000524520874,966393,0.0,0.0
2025-02-03 12:33:00-05:00,1.690000057220459,1.690000057220459,1.690000057220459,1.690000057220459,531,0.0,0.0
2025-02-03 12:35:00-05:00,1.690000057220459,1.690000057220459,1.684999942779541,1.684999942779541,1590,0.0,0.0
2025-02-03 12:37:00-05:00,1.684999942779541,1.684999942779541,1.684999942779541,1.684999942779541,1173,0.0,0.0
2025-02-03 12:39:00-05:00,1.684999942779541,1.684999942779541,1.684999942779541,1.684999942779541,399,0.0,0.0
2025-02-03 12:42:00-05:00,1.690000057220459,1.690000057220459,1.6806000471115112,1.6806000471115112,483,0.0,0.0
2025-02-03 12:44:00-05:00,1.684999942779541,1.684999942779541,1.6699999570846558,1.6749999523162842,5179,0.0,0.0
2025-02-03 12:45:00-05:00,1.6799999475479126,1.6799999475479126,1.6799999475479126,1.6799999475479126,2630,0.0,0.0
2025-02-03 12:46:00-05:00,1.684999942779541,1.684999942779541,1.684999942779541,1.684999942779541,1201,0.0,0.0
2025-02-03 12:47:00-05:00,1.6799999475479126,1.6799999475479126,1.6799999475479126,1.6799999475479126,2193,0.0,0.0
2025-02-03 12:48:00-05:00,1.6799999475479126,1.6800999641418457,1.6749999523162842,1.6799999475479126,7898,0.0,0.0
2025-02-03 12:49:00-05:00,1.6799999475479126,1.6799999475479126,1.6799999475479126,1.6799999475479126,129,0.0,0.0
2025-02-03 12:51:00-05:00,1.6899000406265259,1.6899000406265259,1.6899000406265259,1.6899000406265259,1274,0.0,0.0
2025-02-03 12:54:00-05:00,1.690000057220459,1.6950000524520874,1.690000057220459,1.6950000524520874,745,0.0,0.0
2025-02-03 12:55:00-05:00,1.690000057220459,1.690000057220459,1.690000057220459,1.690000057220459,1393,0.0,0.0
2025-02-03 12:56:00-05:00,1.690000057220459,1.6931999921798706,1.6800999641418457,1.6890000104904175,5020,0.0,0.0
2025-02-03 12:57:00-05:00,1.6799999475479126,1.6799999475479126,1.6799999475479126,1.6799999475479126,3873,0.0,0.0
2025-02-03 12:58:00-05:00,1.6799999475479126,1.6799999475479126,1.6799999475479126,1.6799999475479126,202,0.0,0.0
2025-02-03 12:59:00-05:00,1.6899000406265259,1.6899000406265259,1.6799999475479126,1.6799999475479126,334,0.0,0.0
2025-02-03 13:00:00-05:00,1.6885000467300415,1.6885000467300415,1.6799999475479126,1.6799999475479126,376,0.0,0.0
2025-02-03 13:02:00-05:00,1.6888999938964844,1.6888999938964844,1.6888999938964844,1.6888999938964844,1004,0.0,0.0
2025-02-03 13:03:00-05:00,1.6837999820709229,1.684999942779541,1.6837999820709229,1.684999942779541,820,0.0,0.0
2025-02-03 13:04:00-05:00,1.684999942779541,1.6890000104904175,1.684999942779541,1.684999942779541,666,0.0,0.0
2025-02-03 13:05:00-05:00,1.690000057220459,1.6950000524520874,1.690000057220459,1.6950000524520874,1200,0.0,0.0
2025-02-03 13:06:00-05:00,1.690000057220459,1.690000057220459,1.690000057220459,1.690000057220459,1223,0.0,0.0
2025-02-03 13:08:00-05:00,1.690000057220459,1.690000057220459,1.690000057220459,1.690000057220459,322,0.0,0.0
2025-02-03 13:09:00-05:00,1.6799999475479126,1.6799999475479126,1.6799999475479126,1.6799999475479126,172,0.0,0.0
2025-02-03 13:10:00-05:00,1.688599944114685,1.688599944114685,1.684999942779541,1.684999942779541,506,0.0,0.0
2025-02-03 13:11:00-05:00,1.6881999969482422,1.6881999969482422,1.6881999969482422,1.6881999969482422,150,0.0,0.0
2025-02-03 13:12:00-05:00,1.684999942779541,1.6950000524520874,1.684999942779541,1.6950000524520874,1686,0.0,0.0
2025-02-03 13:15:00-05:00,1.690000057220459,1.6998000144958496,1.690000057220459,1.690000057220459,4204,0.0,0.0
2025-02-03 13:18:00-05:00,1.684999942779541,1.690000057220459,1.684999942779541,1.684999942779541,15475,0.0,0.0
2025-02-03 13:19:00-05:00,1.684999942779541,1.684999942779541,1.684999942779541,1.684999942779541,742,0.0,0.0
2025-02-03 13:21:00-05:00,1.6899000406265259,1.6899000406265259,1.6848000288009644,1.6848000288009644,373,0.0,0.0
2025-02-03 13:22:00-05:00,1.6898000240325928,1.6898000240325928,1.6898000240325928,1.6898000240325928,320,0.0,0.0
2025-02-03 13:23:00-05:00,1.6799999475479126,1.6799999475479126,1.6799999475479126,1.6799999475479126,797,0.0,0.0
2025-02-03 13:25:00-05:00,1.684999942779541,1.684999942779541,1.684999942779541,1.684999942779541,351,0.0,0.0
2025-02-03 13:26:00-05:00,1.6885000467300415,1.6885000467300415,1.6800999641418457,1.684999942779541,10150,0.0,0.0
2025-02-03 13:27:00-05:00,1.684999942779541,1.684999942779541,1.6749999523162842,1.6749999523162842,1587,0.0,0.0
2025-02-03 13:28:00-05:00,1.6799999475479126,1.690000057220459,1.6749999523162842,1.690000057220459,3397,0.0,0.0
2025-02-03 13:30:00-05:00,1.684999942779541,1.684999942779541,1.684999942779541,1.684999942779541,235,0.0,0.0
2025-02-03 13:32:00-05:00,1.6899000406265259,1.6899000406265259,1.6899000406265259,1.6899000406265259,3000,0.0,0.0
2025-02-03 13:33:00-05:00,1.6899000406265259,1.6950000524520874,1.6800999641418457,1.684999942779541,17558,0.0,0.0
2025-02-03 13:34:00-05:00,1.684999942779541,1.684999942779541,1.684999942779541,1.684999942779541,157,0.0,0.0
2025-02-03 13:35:00-05:00,1.6890000104904175,1.6890000104904175,1.6890000104904175,1.6890000104904175,503,0.0,0.0
2025-02-03 13:36:00-05:00,1.684999942779541,1.684999942779541,1.684999942779541,1.684999942779541,2331,0.0,0.0
2025-02-03 13:37:00-05:00,1.684999942779541,1.6898000240325928,1.6848000288009644,1.6848000288009644,1765,0.0,0.0
2025-02-03 13:41:00-05:00,1.684999942779541,1.684999942779541,1.684999942779541,1.684999942779541,102,0.0,0.0
2025-02-03 13:42:00-05:00,1.684999942779541,1.684999942779541,1.684999942779541,1.684999942779541,1120,0.0,0.0
2025-02-03 13:44:00-05:00,1.684999942779541,1.684999942779541,1.6799999475479126,1.684999942779541,103,0.0,0.0
2025-02-03 13:45:00-05:00,1.690000057220459,1.690000057220459,1.684999942779541,1.684999942779541,10477,0.0,0.0
2025-02-03 13:48:00-05:00,1.684999942779541,1.684999942779541,1.684999942779541,1.684999942779541,500,0.0,0.0
2025-02-03 13:49:00-05:00,1.690000057220459,1.690000057220459,1.6799999475479126,1.6799999475479126,2642,0.0,0.0
2025-02-03 13:50:00-05:00,1.6799999475479126,1.684999942779541,1.6799999475479126,1.684999942779541,1052,0.0,0.0
2025-02-03 13:51:00-05:00,1.6898000240325928,1.6898000240325928,1.6898000240325928,1.6898000240325928,3575,0.0,0.0
2025-02-03 13:52:00-05:00,1.6850999593734741,1.6850999593734741,1.6850999593734741,1.6850999593734741,177,0.0,0.0
2025-02-03 13:54:00-05:00,1.6890000104904175,1.7000000476837158,1.684999942779541,1.6950000524520874,6532,0.0,0.0
2025-02-03 13:56:00-05:00,1.6950000524520874,1.6950000524520874,1.6950000524520874,1.6950000524520874,102,0.0,0.0
2025-02-03 13:57:00-05:00,1.6950000524520874,1.6950000524520874,1.690000057220459,1.690000057220459,2116,0.0,0.0
2025-02-03 13:59:00-05:00,1.6998000144958496,1.6998000144958496,1.690000057220459,1.690000057220459,4180,0.0,0.0
2025-02-03 14:01:00-05:00,1.6950000524520874,1.6950000524520874,1.6950000524520874,1.6950000524520874,164,0.0,0.0
2025-02-03 14:02:00-05:00,1.7000000476837158,1.7000000476837158,1.7000000476837158,1.7000000476837158,263,0.0,0.0
2025-02-03 14:03:00-05:00,1.695199966430664,1.695199966430664,1.695199966430664,1.695199966430664,2061,0.0,0.0
2025-02-03 14:05:00-05:00,1.6950000524520874,1.6950000524520874,1.6950000524520874,1.6950000524520874,7318,0.0,0.0
2025-02-03 14:06:00-05:00,1.6950000524520874,1.6950000524520874,1.6950000524520874,1.6950000524520874,364,0.0,0.0
2025-02-03 14:08:00-05:00,1.7000000476837158,1.7000000476837158,1.6950000524520874,1.6950000524520874,1123,0.0,0.0
2025-02-03 14:11:00-05:00,1.6950000524520874,1.6950000524520874,1.6950000524520874,1.6950000524520874,437,0.0,0.0
2025-02-03 14:13:00-05:00,1.6950000524520874,1.7050000429153442,1.6948000192642212,1.7000000476837158,13209,0.0,0.0
2025-02-03 14:14:00-05:00,1.6950000524520874,1.6950000524520874,1.6950000524520874,1.6950000524520874,117,0.0,0.0
2025-02-03 14:16:00-05:00,1.6950000524520874,1.6950000524520874,1.6948000192642212,1.6948000192642212,471,0.0,0.0
2025-02-03 14:17:00-05:00,1.6950000524520874,1.6950000524520874,1.6950000524520874,1.6950000524520874,101,0.0,0.0
2025-02-03 14:18:00-05:00,1.6985000371932983,1.6985000371932983,1.6985000371932983,1.6985000371932983,100,0.0,0.0
2025-02-03 14:19:00-05:00,1.7000000476837158,1.7000000476837158,1.6948000192642212,1.6948000192642212,284,0.0,0.0
2025-02-03 14:21:00-05:00,1.7000000476837158,1.7000000476837158,1.7000000476837158,1.7000000476837158,1092,0.0,0.0
2025-02-03 14:22:00-05:00,1.6950000524520874,1.6950000524520874,1.6950000524520874,1.6950000524520874,211,0.0,0.0
2025-02-03 14:23:00-05:00,1.6950000524520874,1.6950000524520874,1.6950000524520874,1.6950000524520874,114,0.0,0.0
2025-02-03 14:24:00-05:00,1.6950000524520874,1.6950000524520874,1.6950000524520874,1.6950000524520874,444,0.0,0.0
2025-02-03 14:26:00-05:00,1.6950000524520874,1.6950000524520874,1.6950000524520874,1.6950000524520874,173,0.0,0.0
2025-02-03 14:27:00-05:00,1.6950000524520874,1.6950000524520874,1.6950000524520874,1.6950000524520874,202,0.0,0.0
2025-02-03 14:28:00-05:00,1.6985000371932983,1.6985000371932983,1.690000057220459,1.6950000524520874,518,0.0,0.0
2025-02-03 14:29:00-05:00,1.6950000524520874,1.6950000524520874,1.6950000524520874,1.6950000524520874,200,0.0,0.0
2025-02-03 14:30:00-05:00,1.6913000345230103,1.6913000345230103,1.6913000345230103,1.6913000345230103,361,0.0,0.0
2025-02-03 14:31:00-05:00,1.698199987411499,1.698199987411499,1.698199987411499,1.698199987411499,314,0.0,0.0
2025-02-03 14:37:00-05:00,1.6902999877929688,1.6950000524520874,1.690000057220459,1.6950000524520874,1921,0.0,0.0
2025-02-03 14:38:00-05:00,1.6950000524520874,1.6950000524520874,1.690000057220459,1.690000057220459,201,0.0,0.0
2025-02-03 14:39:00-05:00,1.6988999843597412,1.6988999843597412,1.6950000524520874,1.6950000524520874,1260,0.0,0.0
2025-02-03 14:43:00-05:00,1.7000000476837158,1.7000000476837158,1.7000000476837158,1.7000000476837158,300,0.0,0.0
2025-02-03 14:44:00-05:00,1.6950000524520874,1.6950000524520874,1.6950000524520874,1.6950000524520874,570,0.0,0.0
2025-02-03 14:46:00-05:00,1.6950000524520874,1.6950000524520874,1.6950000524520874,1.6950000524520874,1190,0.0,0.0
2025-02-03 14:47:00-05:00,1.6950000524520874,1.6950000524520874,1.6950000524520874,1.6950000524520874,520,0.0,0.0
2025-02-03 14:50:00-05:00,1.6950000524520874,1.6950000524520874,1.6950000524520874,1.6950000524520874,308,0.0,0.0
2025-02-03 14:52:00-05:00,1.6991000175476074,1.6991000175476074,1.6991000175476074,1.6991000175476074,1606,0.0,0.0
2025-02-03 14:53:00-05:00,1.7000000476837158,1.7000000476837158,1.7000000476837158,1.7000000476837158,1395,0.0,0.0
2025-02-03 14:55:00-05:00,1.690000057220459,1.6950000524520874,1.690000057220459,1.6950000524520874,260,0.0,0.0
2025-02-03 14:56:00-05:00,1.6950000524520874,1.6950000524520874,1.6950000524520874,1.6950000524520874,101,0.0,0.0
2025-02-03 14:57:00-05:00,1.6950000524520874,1.6950000524520874,1.6950000524520874,1.6950000524520874,300,0.0,0.0
2025-02-03 14:58:00-05:00,1.6950000524520874,1.6950000524520874,1.6950000524520874,1.6950000524520874,728,0.0,0.0
2025-02-03 14:59:00-05:00,1.6988999843597412,1.6988999843597412,1.6988999843597412,1.6988999843597412,1001,0.0,0.0
2025-02-03 15:00:00-05:00,1.6950000524520874,1.6950000524520874,1.6950000524520874,1.6950000524520874,354,0.0,0.0
2025-02-03 15:01:00-05:00,1.6950000524520874,1.6950000524520874,1.6950000524520874,1.6950000524520874,100,0.0,0.0
2025-02-03 15:02:00-05:00,1.6950000524520874,1.6950000524520874,1.6950000524520874,1.6950000524520874,101,0.0,0.0
2025-02-03 15:03:00-05:00,1.684999942779541,1.695099949836731,1.684999942779541,1.684999942779541,1181404,0.0,0.0
2025-02-03 15:04:00-05:00,1.690000057220459,1.6950000524520874,1.6799999475479126,1.690000057220459,15402,0.0,0.0
2025-02-03 15:05:00-05:00,1.690000057220459,1.6950000524520874,1.690000057220459,1.6950000524520874,8479,0.0,0.0
2025-02-03 15:06:00-05:00,1.6999000310897827,1.6999000310897827,1.690000057220459,1.690000057220459,3334,0.0,0.0
2025-02-03 15:07:00-05:00,1.684999942779541,1.684999942779541,1.684999942779541,1.684999942779541,100,0.0,0.0
2025-02-03 15:09:00-05:00,1.684999942779541,1.684999942779541,1.684999942779541,1.684999942779541,265,0.0,0.0
2025-02-03 15:11:00-05:00,1.684999942779541,1.684999942779541,1.684999942779541,1.684999942779541,200,0.0,0.0
2025-02-03 15:13:00-05:00,1.684999942779541,1.684999942779541,1.6749999523162842,1.6749999523162842,6555,0.0,0.0
2025-02-03 15:14:00-05:00,1.6799999475479126,1.7000000476837158,1.6799999475479126,1.7000000476837158,13973,0.0,0.0
2025-02-03 15:15:00-05:00,1.7000000476837158,1.7000000476837158,1.690500020980835,1.690500020980835,488,0.0,0.0
2025-02-03 15:16:00-05:00,1.6950000524520874,1.6950000524520874,1.6950000524520874,1.6950000524520874,167,0.0,0.0
2025-02-03 15:18:00-05:00,1.6950000524520874,1.6950000524520874,1.6950000524520874,1.6950000524520874,300,0.0,0.0
2025-02-03 15:19:00-05:00,1.6950000524520874,1.6950000524520874,1.690000057220459,1.6950000524520874,520,0.0,0.0
2025-02-03 15:22:00-05:00,1.6950000524520874,1.6950000524520874,1.6950000524520874,1.6950000524520874,309,0.0,0.0
2025-02-03 15:23:00-05:00,1.6950000524520874,1.6986000537872314,1.6950000524520874,1.6950000524520874,605,0.0,0.0
2025-02-03 15:26:00-05:00,1.6950000524520874,1.6950000524520874,1.690000057220459,1.690000057220459,3378,0.0,0.0
2025-02-03 15:27:00-05:00,1.690000057220459,1.6950000524520874,1.684999942779541,1.6950000524520874,2217,0.0,0.0
2025-02-03 15:28:00-05:00,1.690000057220459,1.6950000524520874,1.690000057220459,1.690000057220459,2367,0.0,0.0
2025-02-03 15:29:00-05:00,1.690000057220459,1.6950000524520874,1.690000057220459,1.690000057220459,800,0.0,0.0
2025-02-03 15:30:00-05:00,1.6950000524520874,1.6950000524520874,1.6950000524520874,1.6950000524520874,437,0.0,0.0
2025-02-03 15:31:00-05:00,1.6950000524520874,1.6988999843597412,1.6901999711990356,1.6948000192642212,3650,0.0,0.0
2025-02-03 15:32:00-05:00,1.6950000524520874,1.6950000524520874,1.6950000524520874,1.6950000524520874,204,0.0,0.0
2025-02-03 15:33:00-05:00,1.6950000524520874,1.6950000524520874,1.6950000524520874,1.6950000524520874,100,0.0,0.0
2025-02-03 15:34:00-05:00,1.6950000524520874,1.6950000524520874,1.6950000524520874,1.6950000524520874,239,0.0,0.0
2025-02-03 15:35:00-05:00,1.6950000524520874,1.6950000524520874,1.690000057220459,1.6950000524520874,3406,0.0,0.0
2025-02-03 15:37:00-05:00,1.694700002670288,1.694700002670288,1.694700002670288,1.694700002670288,280,0.0,0.0
2025-02-03 15:38:00-05:00,1.6950000524520874,1.6950000524520874,1.6950000524520874,1.6950000524520874,807,0.0,0.0
2025-02-03 15:39:00-05:00,1.6950000524520874,1.6950000524520874,1.6950000524520874,1.6950000524520874,1117,0.0,0.0
2025-02-03 15:40:00-05:00,1.6950000524520874,1.6950000524520874,1.6950000524520874,1.6950000524520874,1890,0.0,0.0
2025-02-03 15:41:00-05:00,1.6950000524520874,1.6950000524520874,1.6950000524520874,1.6950000524520874,505,0.0,0.0
2025-02-03 15:43:00-05:00,1.6999000310897827,1.7050000429153442,1.6999000310897827,1.7050000429153442,15344,0.0,0.0
2025-02-03 15:44:00-05:00,1.7050000429153442,1.7100000381469727,1.7050000429153442,1.7100000381469727,1815,0.0,0.0
2025-02-03 15:45:00-05:00,1.7050000429153442,1.7050000429153442,1.7050000429153442,1.7050000429153442,210,0.0,0.0
2025-02-03 15:46:00-05:00,1.7050000429153442,1.7050000429153442,1.7050000429153442,1.7050000429153442,501,0.0,0.0
2025-02-03 15:47:00-05:00,1.7050000429153442,1.7100000381469727,1.7050000429153442,1.7100000381469727,2086,0.0,0.0
2025-02-03 15:48:00-05:00,1.7100000381469727,1.7100000381469727,1.7050000429153442,1.7100000381469727,1470,0.0,0.0
2025-02-03 15:49:00-05:00,1.7050000429153442,1.7100000381469727,1.7008999586105347,1.7050000429153442,2787,0.0,0.0
2025-02-03 15:50:00-05:00,1.7050000429153442,1.7050000429153442,1.7000000476837158,1.7050000429153442,7208,0.0,0.0
2025-02-03 15:51:00-05:00,1.7050000429153442,1.7050000429153442,1.7000000476837158,1.7050000429153442,4566,0.0,0.0
2025-02-03 15:52:00-05:00,1.7050000429153442,1.7050000429153442,1.6950000524520874,1.6950000524520874,6656,0.0,0.0
2025-02-03 15:53:00-05:00,1.7000000476837158,1.7000000476837158,1.6950000524520874,1.7000000476837158,1307,0.0,0.0
2025-02-03 15:54:00-05:00,1.7000000476837158,1.7000000476837158,1.7000000476837158,1.7000000476837158,1200,0.0,0.0
2025-02-03 15:55:00-05:00,1.7000000476837158,1.7000000476837158,1.6950000524520874,1.6950000524520874,3590,0.0,0.0
2025-02-03 15:56:00-05:00,1.7000000476837158,1.7000000476837158,1.690000057220459,1.690000057220459,15416,0.0,0.0
2025-02-03 15:57:00-05:00,1.684999942779541,1.690000057220459,1.684999942779541,1.684999942779541,4611,0.0,0.0
2025-02-03 15:58:00-05:00,1.690000057220459,1.6950000524520874,1.684999942779541,1.690000057220459,15283,0.0,0.0
2025-02-03 15:59:00-05:00,1.684999942779541,1.690000057220459,1.6799999475479126,1.684999942779541,6863,0.0,0.0
2025-02-04 09:30:00-05:00,1.7400000095367432,1.7400000095367432,1.7300000190734863,1.7350000143051147,91200,0.0,0.0
2025-02-04 09:31:00-05:00,1.7400000095367432,1.746399998664856,1.7300000190734863,1.7400000095367432,17170,0.0,0.0
2025-02-04 09:32:00-05:00,1.7350000143051147,1.7450000047683716,1.7350000143051147,1.7450000047683716,2138,0.0,0.0
2025-02-04 09:33:00-05:00,1.7450000047683716,1.75,1.7300000190734863,1.75,48097,0.0,0.0
2025-02-04 09:34:00-05:00,1.7590999603271484,1.7690000534057617,1.750100016593933,1.7661999464035034,18514,0.0,0.0
2025-02-04 09:35:00-05:00,1.7599999904632568,1.7699999809265137,1.75,1.75,5341,0.0,0.0
2025-02-04 09:36:00-05:00,1.75,1.7599999904632568,1.75,1.75,3764,0.0,0.0
2025-02-04 09:37:00-05:00,1.7599999904632568,1.7599999904632568,1.7549999952316284,1.7599999904632568,10281,0.0,0.0
2025-02-04 09:38:00-05:00,1.7549999952316284,1.7596999406814575,1.75,1.75,3321,0.0,0.0
2025-02-04 09:39:00-05:00,1.7585999965667725,1.7585999965667725,1.75,1.75,1262,0.0,0.0
2025-02-04 09:40:00-05:00,1.75,1.75,1.75,1.75,101,0.0,0.0
2025-02-04 09:41:00-05:00,1.7475999593734741,1.7599999904632568,1.7450000047683716,1.7599999904632568,12759,0.0,0.0
2025-02-04 09:42:00-05:00,1.75,1.7599999904632568,1.75,1.7599999904632568,916,0.0,0.0
2025-02-04 09:43:00-05:00,1.753600001335144,1.7599999904632568,1.7517000436782837,1.7549999952316284,10911,0.0,0.0
2025-02-04 09:44:00-05:00,1.7549999952316284,1.7549999952316284,1.7549999952316284,1.7549999952316284,1110,0.0,0.0
2025-02-04 09:45:00-05:00,1.7598999738693237,1.7599999904632568,1.750100016593933,1.750100016593933,9730,0.0,0.0
2025-02-04 09:46:00-05:00,1.7599999904632568,1.7599999904632568,1.7547999620437622,1.7547999620437622,1319,0.0,0.0
2025-02-04 09:47:00-05:00,1.752500057220459,1.7599999904632568,1.752500057220459,1.7599999904632568,2821,0.0,0.0
2025-02-04 09:48:00-05:00,1.7599999904632568,1.7599999904632568,1.75,1.75,15056,0.0,0.0
2025-02-04 09:49:00-05:00,1.753999948501587,1.753999948501587,1.75,1.75,535,0.0,0.0
2025-02-04 09:50:00-05:00,1.7575000524520874,1.7575000524520874,1.75,1.75,1100,0.0,0.0
2025-02-04 09:51:00-05:00,1.75,1.75,1.75,1.75,1186,0.0,0.0
2025-02-04 09:52:00-05:00,1.7450000047683716,1.75,1.7450000047683716,1.75,2100,0.0,0.0
2025-02-04 09:53:00-05:00,1.7483999729156494,1.7483999729156494,1.7483999729156494,1.7483999729156494,5849,0.0,0.0
2025-02-04 09:54:00-05:00,1.7599999904632568,1.7599999904632568,1.750100016593933,1.7549999952316284,9159,0.0,0.0
2025-02-04 09:55:00-05:00,1.7599999904632568,1.7599999904632568,1.7502000331878662,1.7502000331878662,1604,0.0,0.0
2025-02-04 09:57:00-05:00,1.7599999904632568,1.7599999904632568,1.7599999904632568,1.7599999904632568,690,0.0,0.0
2025-02-04 09:58:00-05:00,1.753600001335144,1.7599999904632568,1.75,1.7599999904632568,1475,0.0,0.0
2025-02-04 09:59:00-05:00,1.75,1.75,1.75,1.75,897,0.0,0.0
2025-02-04 10:00:00-05:00,1.7599999904632568,1.7649999856948853,1.7599999904632568,1.7599999904632568,8344,0.0,0.0
2025-02-04 10:02:00-05:00,1.7649999856948853,1.7699999809265137,1.7649999856948853,1.7699999809265137,964,0.0,0.0
2025-02-04 10:03:00-05:00,1.764799952507019,1.7649999856948853,1.764799952507019,1.7649999856948853,315,0.0,0.0
2025-02-04 10:04:00-05:00,1.7649999856948853,1.7687000036239624,1.7619999647140503,1.7619999647140503,1602,0.0,0.0
2025-02-04 10:05:00-05:00,1.7699999809265137,1.7699999809265137,1.760200023651123,1.7619999647140503,813,0.0,0.0
2025-02-04 10:07:00-05:00,1.7649999856948853,1.7649999856948853,1.7649999856948853,1.7649999856948853,2012,0.0,0.0
2025-02-04 10:08:00-05:00,1.7649999856948853,1.7799999713897705,1.7649999856948853,1.7798999547958374,18697,0.0,0.0
2025-02-04 10:09:00-05:00,1.781499981880188,1.7879999876022339,1.781499981880188,1.7879999876022339,894,0.0,0.0
2025-02-04 10:10:00-05:00,1.7890000343322754,1.7999999523162842,1.7890000343322754,1.7949999570846558,17659,0.0,0.0
2025-02-04 10:11:00-05:00,1.7949999570846558,1.7949999570846558,1.7899999618530273,1.7900999784469604,11254,0.0,0.0
2025-02-04 10:12:00-05:00,1.7999999523162842,1.7999999523162842,1.7949999570846558,1.7949999570846558,1328,0.0,0.0
2025-02-04 10:13:00-05:00,1.7942999601364136,1.7949999570846558,1.781000018119812,1.7843999862670898,3614,0.0,0.0
2025-02-04 10:15:00-05:00,1.7835999727249146,1.7847000360488892,1.7799999713897705,1.7799999713897705,2247,0.0,0.0
2025-02-04 10:16:00-05:00,1.7788000106811523,1.7788000106811523,1.7705999612808228,1.770799994468689,3551,0.0,0.0
2025-02-04 10:17:00-05:00,1.774999976158142,1.7799999713897705,1.7699999809265137,1.7706999778747559,8233,0.0,0.0
2025-02-04 10:18:00-05:00,1.774999976158142,1.774999976158142,1.774999976158142,1.774999976158142,188,0.0,0.0
2025-02-04 10:19:00-05:00,1.774999976158142,1.774999976158142,1.774999976158142,1.774999976158142,1837,0.0,0.0
2025-02-04 10:23:00-05:00,1.774999976158142,1.774999976158142,1.774999976158142,1.774999976158142,201,0.0,0.0
2025-02-04 10:24:00-05:00,1.7798999547958374,1.7798999547958374,1.7798999547958374,1.7798999547958374,1703,0.0,0.0
2025-02-04 10:25:00-05:00,1.7799999713897705,1.7799999713897705,1.7711999416351318,1.7711999416351318,10704,0.0,0.0
2025-02-04 10:26:00-05:00,1.7711000442504883,1.7711000442504883,1.7710000276565552,1.7710000276565552,3114,0.0,0.0
2025-02-04 10:27:00-05:00,1.7799999713897705,1.7799999713897705,1.7714999914169312,1.7714999914169312,528,0.0,0.0
2025-02-04 10:28:00-05:00,1.7735999822616577,1.774999976158142,1.7735999822616577,1.774999976158142,1348,0.0,0.0
2025-02-04 10:29:00-05:00,1.774999976158142,1.774999976158142,1.774999976158142,1.774999976158142,1897,0.0,0.0
2025-02-04 10:30:00-05:00,1.774999976158142,1.774999976158142,1.771299958229065,1.774999976158142,1062,0.0,0.0
2025-02-04 10:31:00-05:00,1.778499960899353,1.778499960899353,1.7719999551773071,1.774999976158142,2190,0.0,0.0
2025-02-04 10:33:00-05:00,1.7700999975204468,1.7700999975204468,1.7700999975204468,1.7700999975204468,414,0.0,0.0
2025-02-04 10:34:00-05:00,1.7699999809265137,1.7699999809265137,1.7599999904632568,1.7599999904632568,14422,0.0,0.0
2025-02-04 10:35:00-05:00,1.7649999856948853,1.7649999856948853,1.7649999856948853,1.7649999856948853,1110,0.0,0.0
2025-02-04 10:36:00-05:00,1.7649999856948853,1.7699999809265137,1.7649999856948853,1.7699999809265137,13686,0.0,0.0
2025-02-04 10:37:00-05:00,1.7699999809265137,1.7699999809265137,1.7698999643325806,1.7698999643325806,1803,0.0,0.0
2025-02-04 10:38:00-05:00,1.7699999809265137,1.7699999809265137,1.7599999904632568,1.7599999904632568,728,0.0,0.0
2025-02-04 10:40:00-05:00,1.7649999856948853,1.7649999856948853,1.7610000371932983,1.7610000371932983,3001,0.0,0.0
2025-02-04 10:41:00-05:00,1.7699999809265137,1.7699999809265137,1.7699999809265137,1.7699999809265137,134,0.0,0.0
2025-02-04 10:42:00-05:00,1.7659000158309937,1.7659000158309937,1.7609000205993652,1.7609000205993652,2426,0.0,0.0
2025-02-04 10:43:00-05:00,1.7649999856948853,1.7699999809265137,1.7649999856948853,1.7663999795913696,830,0.0,0.0
2025-02-04 10:44:00-05:00,1.7649999856948853,1.7649999856948853,1.7649999856948853,1.7649999856948853,820,0.0,0.0
2025-02-04 10:45:00-05:00,1.7635999917984009,1.7699999809265137,1.7635999917984009,1.7699999809265137,700,0.0,0.0
2025-02-04 10:46:00-05:00,1.7649999856948853,1.7649999856948853,1.7599999904632568,1.7649999856948853,2136,0.0,0.0
2025-02-04 10:48:00-05:00,1.7649999856948853,1.7649999856948853,1.7649999856948853,1.7649999856948853,150,0.0,0.0
2025-02-04 10:49:00-05:00,1.760200023651123,1.760200023651123,1.760200023651123,1.760200023651123,100,0.0,0.0
2025-02-04 10:50:00-05:00,1.7699999809265137,1.7699999809265137,1.7699999809265137,1.7699999809265137,235,0.0,0.0
2025-02-04 10:51:00-05:00,1.7649999856948853,1.7674000263214111,1.7649999856948853,1.7674000263214111,640,0.0,0.0
2025-02-04 10:52:00-05:00,1.761199951171875,1.7649999856948853,1.761199951171875,1.7649999856948853,784,0.0,0.0
2025-02-04 10:53:00-05:00,1.7649999856948853,1.7699999809265137,1.7552000284194946,1.7599999904632568,11961,0.0,0.0
2025-02-04 10:54:00-05:00,1.7599999904632568,1.7699999809265137,1.7549999952316284,1.7649999856948853,11829,0.0,0.0
2025-02-04 10:56:00-05:00,1.7649999856948853,1.7649999856948853,1.7649999856948853,1.7649999856948853,149,0.0,0.0
2025-02-04 10:57:00-05:00,1.7599999904632568,1.7649999856948853,1.7599999904632568,1.7649999856948853,278,0.0,0.0
2025-02-04 10:58:00-05:00,1.7674000263214111,1.7674000263214111,1.7616000175476074,1.7616000175476074,1393,0.0,0.0
2025-02-04 11:00:00-05:00,1.7649999856948853,1.766700029373169,1.7610000371932983,1.7610000371932983,945,0.0,0.0
2025-02-04 11:01:00-05:00,1.7599999904632568,1.768399953842163,1.7599999904632568,1.768399953842163,1383,0.0,0.0
2025-02-04 11:02:00-05:00,1.7680000066757202,1.7680000066757202,1.7599999904632568,1.7599999904632568,600,0.0,0.0
2025-02-04 11:03:00-05:00,1.7649999856948853,1.7649999856948853,1.7649999856948853,1.7649999856948853,460,0.0,0.0
2025-02-04 11:04:00-05:00,1.7604999542236328,1.7604999542236328,1.7604999542236328,1.7604999542236328,2000,0.0,0.0
2025-02-04 11:05:00-05:00,1.7649999856948853,1.7649999856948853,1.7649999856948853,1.7649999856948853,149,0.0,0.0
2025-02-04 11:06:00-05:00,1.7649999856948853,1.7649999856948853,1.7649999856948853,1.7649999856948853,103,0.0,0.0
2025-02-04 11:07:00-05:00,1.7685999870300293,1.7685999870300293,1.7685999870300293,1.7685999870300293,808,0.0,0.0
2025-02-04 11:10:00-05:00,1.7649999856948853,1.7649999856948853,1.7649999856948853,1.7649999856948853,290,0.0,0.0
2025-02-04 11:11:00-05:00,1.7649999856948853,1.7649999856948853,1.7649999856948853,1.7649999856948853,1284,0.0,0.0
2025-02-04 11:12:00-05:00,1.761299967765808,1.761299967765808,1.7599999904632568,1.7599999904632568,576,0.0,0.0
2025-02-04 11:13:00-05:00,1.7603000402450562,1.7615000009536743,1.7603000402450562,1.7615000009536743,1746,0.0,0.0
2025-02-04 11:14:00-05:00,1.7599999904632568,1.7599999904632568,1.75,1.75,2943,0.0,0.0
2025-02-04 11:15:00-05:00,1.7549999952316284,1.7549999952316284,1.7549999952316284,1.7549999952316284,303,0.0,0.0
2025-02-04 11:16:00-05:00,1.75,1.75,1.75,1.75,475405,0.0,0.0
2025-02-04 11:17:00-05:00,1.7450000047683716,1.7450000047683716,1.7450000047683716,1.7450000047683716,1673,0.0,0.0
2025-02-04 11:18:00-05:00,1.7400000095367432,1.7400000095367432,1.7400000095367432,1.7400000095367432,248,0.0,0.0
2025-02-04 11:19:00-05:00,1.7450000047683716,1.7450000047683716,1.7400000095367432,1.7400000095367432,4329,0.0,0.0
2025-02-04 11:20:00-05:00,1.7491999864578247,1.7491999864578247,1.7400000095367432,1.7400000095367432,2489,0.0,0.0
2025-02-04 11:21:00-05:00,1.7400000095367432,1.743299961090088,1.7400000095367432,1.743299961090088,222,0.0,0.0
2025-02-04 11:22:00-05:00,1.7400000095367432,1.7450000047683716,1.7400000095367432,1.7450000047683716,326,0.0,0.0
2025-02-04 11:23:00-05:00,1.7400000095367432,1.7400000095367432,1.7400000095367432,1.7400000095367432,130,0.0,0.0
2025-02-04 11:24:00-05:00,1.7496999502182007,1.7496999502182007,1.7450000047683716,1.7450000047683716,722,0.0,0.0
2025-02-04 11:25:00-05:00,1.7400000095367432,1.7450000047683716,1.7400000095367432,1.7410000562667847,2101,0.0,0.0
2025-02-04 11:26:00-05:00,1.7400000095367432,1.7401000261306763,1.7350000143051147,1.7350000143051147,8615,0.0,0.0
2025-02-04 11:27:00-05:00,1.7400000095367432,1.7400000095367432,1.7396999597549438,1.7396999597549438,613,0.0,0.0
2025-02-04 11:28:00-05:00,1.7400000095367432,1.7400000095367432,1.7400000095367432,1.7400000095367432,10145,0.0,0.0
2025-02-04 11:29:00-05:00,1.7400000095367432,1.7400000095367432,1.7350000143051147,1.7350000143051147,1377,0.0,0.0
2025-02-04 11:30:00-05:00,1.7400000095367432,1.7400000095367432,1.7400000095367432,1.7400000095367432,100,0.0,0.0
2025-02-04 11:31:00-05:00,1.7400000095367432,1.7400000095367432,1.7347999811172485,1.7400000095367432,6528,0.0,0.0
2025-02-04 11:33:00-05:00,1.7350000143051147,1.7350000143051147,1.7350000143051147,1.7350000143051147,208,0.0,0.0
2025-02-04 11:34:00-05:00,1.7350000143051147,1.7350000143051147,1.7350000143051147,1.7350000143051147,869,0.0,0.0
2025-02-04 11:35:00-05:00,1.7350000143051147,1.7350000143051147,1.7350000143051147,1.7350000143051147,214,0.0,0.0
2025-02-04 11:36:00-05:00,1.7301000356674194,1.7301000356674194,1.7301000356674194,1.7301000356674194,256,0.0,0.0
2025-02-04 11:37:00-05:00,1.7350000143051147,1.7350000143051147,1.7350000143051147,1.7350000143051147,101,0.0,0.0
2025-02-04 11:38:00-05:00,1.7350000143051147,1.7350000143051147,1.7200000286102295,1.7350000143051147,39285,0.0,0.0
2025-02-04 11:39:00-05:00,1.7300000190734863,1.7300000190734863,1.7300000190734863,1.7300000190734863,1100,0.0,0.0
2025-02-04 11:40:00-05:00,1.73989999294281,1.7450000047683716,1.73989999294281,1.7450000047683716,3798,0.0,0.0
2025-02-04 11:41:00-05:00,1.749899983406067,1.75,1.7447999715805054,1.75,7030,0.0,0.0
2025-02-04 11:42:00-05:00,1.7450000047683716,1.7649999856948853,1.7450000047683716,1.7573000192642212,20464,0.0,0.0
2025-02-04 11:43:00-05:00,1.751099944114685,1.7549999952316284,1.75,1.75,6885,0.0,0.0
2025-02-04 11:44:00-05:00,1.7401000261306763,1.7401000261306763,1.7401000261306763,1.7401000261306763,3651,0.0,0.0
2025-02-04 11:46:00-05:00,1.7450000047683716,1.75,1.7450000047683716,1.75,900,0.0,0.0
2025-02-04 11:47:00-05:00,1.7447999715805054,1.75,1.7447999715805054,1.7450000047683716,1706,0.0,0.0
2025-02-04 11:48:00-05:00,1.75,1.75,1.75,1.75,702,0.0,0.0
2025-02-04 11:49:00-05:00,1.7450000047683716,1.7450000047683716,1.7408000230789185,1.7450000047683716,6017,0.0,0.0
2025-02-04 11:50:00-05:00,1.7450000047683716,1.7450000047683716,1.7400000095367432,1.7450000047683716,650,0.0,0.0
2025-02-04 11:51:00-05:00,1.7401000261306763,1.7414000034332275,1.7401000261306763,1.7414000034332275,476,0.0,0.0
2025-02-04 11:52:00-05:00,1.7400000095367432,1.7400000095367432,1.7400000095367432,1.7400000095367432,100,0.0,0.0
2025-02-04 11:53:00-05:00,1.7414000034332275,1.7549999952316284,1.7414000034332275,1.7549999952316284,3046,0.0,0.0
2025-02-04 11:54:00-05:00,1.7599999904632568,1.7599999904632568,1.756100058555603,1.756100058555603,1724,0.0,0.0
2025-02-04 11:57:00-05:00,1.7599999904632568,1.7599999904632568,1.7599999904632568,1.7599999904632568,183,0.0,0.0
2025-02-04 12:01:00-05:00,1.7508000135421753,1.7599999904632568,1.7508000135421753,1.7599999904632568,3730,0.0,0.0
2025-02-04 12:02:00-05:00,1.7549999952316284,1.7549999952316284,1.7549999952316284,1.7549999952316284,114,0.0,0.0
2025-02-04 12:03:00-05:00,1.7599999904632568,1.7599999904632568,1.7549999952316284,1.7549999952316284,1350,0.0,0.0
2025-02-04 12:04:00-05:00,1.7516000270843506,1.7516000270843506,1.7516000270843506,1.7516000270843506,254,0.0,0.0
2025-02-04 12:08:00-05:00,1.7599999904632568,1.7599999904632568,1.7599999904632568,1.7599999904632568,194,0.0,0.0
2025-02-04 12:09:00-05:00,1.7552000284194946,1.7552000284194946,1.7552000284194946,1.7552000284194946,101,0.0,0.0
2025-02-04 12:10:00-05:00,1.7549999952316284,1.7549999952316284,1.7549999952316284,1.7549999952316284,907,0.0,0.0
2025-02-04 12:11:00-05:00,1.7549999952316284,1.7549999952316284,1.7549999952316284,1.7549999952316284,201,0.0,0.0
2025-02-04 12:12:00-05:00,1.75,1.7549999952316284,1.75,1.7549999952316284,502,0.0,0.0
2025-02-04 12:13:00-05:00,1.7549999952316284,1.7549999952316284,1.7549999952316284,1.7549999952316284,100,0.0,0.0
2025-02-04 12:14:00-05:00,1.7552000284194946,1.7599999904632568,1.7549999952316284,1.7549999952316284,7500,0.0,0.0
2025-02-04 12:15:00-05:00,1.7574000358581543,1.7699999809265137,1.7574000358581543,1.7699999809265137,7185,0.0,0.0
2025-02-04 12:17:00-05:00,1.76010000705719,1.7649999856948853,1.76010000705719,1.7649999856948853,1141,0.0,0.0
2025-02-04 12:18:00-05:00,1.7649999856948853,1.7649999856948853,1.7649999856948853,1.7649999856948853,404,0.0,0.0
2025-02-04 12:19:00-05:00,1.7599999904632568,1.7699999809265137,1.7599999904632568,1.7649999856948853,13604,0.0,0.0
2025-02-04 12:21:00-05:00,1.7690000534057617,1.7690000534057617,1.7687000036239624,1.7687000036239624,800,0.0,0.0
2025-02-04 12:22:00-05:00,1.7699999809265137,1.7699999809265137,1.7649999856948853,1.7649999856948853,8554,0.0,0.0
2025-02-04 12:23:00-05:00,1.7649999856948853,1.7649999856948853,1.7649999856948853,1.7649999856948853,146,0.0,0.0
2025-02-04 12:24:00-05:00,1.7649999856948853,1.768399953842163,1.7649999856948853,1.768399953842163,218,0.0,0.0
2025-02-04 12:25:00-05:00,1.7649999856948853,1.7649999856948853,1.7649999856948853,1.7649999856948853,101,0.0,0.0
2025-02-04 12:26:00-05:00,1.7649999856948853,1.7649999856948853,1.7649999856948853,1.7649999856948853,140,0.0,0.0
2025-02-04 12:27:00-05:00,1.7699999809265137,1.7699999809265137,1.7659000158309937,1.7659000158309937,531,0.0,0.0
2025-02-04 12:28:00-05:00,1.7652000188827515,1.7652000188827515,1.7649999856948853,1.7649999856948853,402,0.0,0.0
2025-02-04 12:29:00-05:00,1.7649999856948853,1.7699999809265137,1.7599999904632568,1.7699999809265137,1284,0.0,0.0
2025-02-04 12:30:00-05:00,1.7649999856948853,1.7649999856948853,1.7599999904632568,1.7649999856948853,2694,0.0,0.0
2025-02-04 12:31:00-05:00,1.7598999738693237,1.7598999738693237,1.7549999952316284,1.7549999952316284,3268,0.0,0.0
2025-02-04 12:32:00-05:00,1.7598999738693237,1.7599999904632568,1.7598999738693237,1.7599999904632568,1734,0.0,0.0
2025-02-04 12:33:00-05:00,1.7549999952316284,1.7549999952316284,1.7549999952316284,1.7549999952316284,510,0.0,0.0
2025-02-04 12:34:00-05:00,1.7589000463485718,1.7589000463485718,1.7589000463485718,1.7589000463485718,284,0.0,0.0
2025-02-04 12:36:00-05:00,1.7599999904632568,1.7599999904632568,1.7599999904632568,1.7599999904632568,130,0.0,0.0
2025-02-04 12:37:00-05:00,1.7587000131607056,1.7699999809265137,1.7587000131607056,1.7699999809265137,1330,0.0,0.0
2025-02-04 12:38:00-05:00,1.7649999856948853,1.7649999856948853,1.7649999856948853,1.7649999856948853,206,0.0,0.0
2025-02-04 12:39:00-05:00,1.7649999856948853,1.7649999856948853,1.7649999856948853,1.7649999856948853,421,0.0,0.0
2025-02-04 12:40:00-05:00,1.7699999809265137,1.7699999809265137,1.7699999809265137,1.7699999809265137,160,0.0,0.0
2025-02-04 12:42:00-05:00,1.7698999643325806,1.7699999809265137,1.76010000705719,1.7699999809265137,3773,0.0,0.0
2025-02-04 12:43:00-05:00,1.7699999809265137,1.7699999809265137,1.76010000705719,1.7699999809265137,12204,0.0,0.0
2025-02-04 12:44:00-05:00,1.7649999856948853,1.774999976158142,1.7649999856948853,1.774999976158142,2849,0.0,0.0
2025-02-04 12:45:00-05:00,1.774999976158142,1.7799999713897705,1.774999976158142,1.7799999713897705,14227,0.0,0.0
2025-02-04 12:47:00-05:00,1.774999976158142,1.7799999713897705,1.7741999626159668,1.7799999713897705,2445,0.0,0.0
2025-02-04 12:48:00-05:00,1.774999976158142,1.774999976158142,1.774999976158142,1.774999976158142,115,0.0,0.0
2025-02-04 12:49:00-05:00,1.774999976158142,1.774999976158142,1.774999976158142,1.774999976158142,375,0.0,0.0
2025-02-04 12:50:00-05:00,1.774999976158142,1.778499960899353,1.774999976158142,1.778499960899353,260,0.0,0.0
2025-02-04 12:51:00-05:00,1.7799999713897705,1.7949999570846558,1.7799999713897705,1.7949999570846558,32066,0.0,0.0
2025-02-04 12:52:00-05:00,1.7899999618530273,1.7899999618530273,1.7855000495910645,1.7855000495910645,6193,0.0,0.0
2025-02-04 12:53:00-05:00,1.784999966621399,1.7899999618530273,1.7811000347137451,1.7897000312805176,8413,0.0,0.0
2025-02-04 12:54:00-05:00,1.7899999618530273,1.7899999618530273,1.7899999618530273,1.7899999618530273,715,0.0,0.0
2025-02-04 12:55:00-05:00,1.7865999937057495,1.7899999618530273,1.7865999937057495,1.7899999618530273,4746,0.0,0.0
2025-02-04 12:56:00-05:00,1.7899999618530273,1.7899999618530273,1.7899999618530273,1.7899999618530273,215,0.0,0.0
2025-02-04 12:57:00-05:00,1.7898999452590942,1.7949999570846558,1.7898999452590942,1.7949999570846558,16083,0.0,0.0
2025-02-04 12:58:00-05:00,1.7920000553131104,1.7999999523162842,1.7899999618530273,1.7999999523162842,17405,0.0,0.0
2025-02-04 12:59:00-05:00,1.7899999618530273,1.809999942779541,1.7899999618530273,1.8049999475479126,88225,0.0,0.0
2025-02-04 13:00:00-05:00,1.8049999475479126,1.809999942779541,1.7999999523162842,1.809000015258789,6105,0.0,0.0
2025-02-04 13:01:00-05:00,1.8049999475479126,1.8049999475479126,1.8049999475479126,1.8049999475479126,302,0.0,0.0
2025-02-04 13:02:00-05:00,1.8049999475479126,1.809999942779541,1.8049999475479126,1.809999942779541,1710,0.0,0.0
2025-02-04 13:03:00-05:00,1.8092000484466553,1.809999942779541,1.7999999523162842,1.8049999475479126,14954,0.0,0.0
2025-02-04 13:04:00-05:00,1.8049999475479126,1.8099000453948975,1.7999999523162842,1.8049999475479126,1322,0.0,0.0
2025-02-04 13:05:00-05:00,1.8011000156402588,1.809999942779541,1.7999999523162842,1.8099000453948975,9540,0.0,0.0
2025-02-04 13:06:00-05:00,1.8049999475479126,1.8092999458312988,1.8000999689102173,1.8015999794006348,6715,0.0,0.0
2025-02-04 13:07:00-05:00,1.802299976348877,1.8049999475479126,1.791200041770935,1.791200041770935,20798,0.0,0.0
2025-02-04 13:08:00-05:00,1.7949999570846558,1.7949999570846558,1.7949999570846558,1.7949999570846558,235,0.0,0.0
2025-02-04 13:09:00-05:00,1.7900999784469604,1.7914999723434448,1.7900999784469604,1.7914999723434448,434,0.0,0.0
2025-02-04 13:10:00-05:00,1.7949999570846558,1.7949999570846558,1.7949999570846558,1.7949999570846558,3083,0.0,0.0
2025-02-04 13:12:00-05:00,1.795699954032898,1.795699954032898,1.7930999994277954,1.7930999994277954,1558,0.0,0.0
2025-02-04 13:13:00-05:00,1.7949999570846558,1.8049999475479126,1.7949999570846558,1.8049999475479126,4883,0.0,0.0
2025-02-04 13:14:00-05:00,1.8015999794006348,1.8049999475479126,1.7999999523162842,1.7999999523162842,6391,0.0,0.0
2025-02-04 13:16:00-05:00,1.7999999523162842,1.8049999475479126,1.7914999723434448,1.8049999475479126,4339,0.0,0.0
2025-02-04 13:17:00-05:00,1.7999999523162842,1.8092999458312988,1.7999999523162842,1.7999999523162842,5676,0.0,0.0
2025-02-04 13:18:00-05:00,1.8049999475479126,1.8049999475479126,1.7999999523162842,1.8049999475479126,6310,0.0,0.0
2025-02-04 13:19:00-05:00,1.7999999523162842,1.8049999475479126,1.7999999523162842,1.8049999475479126,1531,0.0,0.0
2025-02-04 13:20:00-05:00,1.8015999794006348,1.8049999475479126,1.8015999794006348,1.8049999475479126,1468,0.0,0.0
2025-02-04 13:22:00-05:00,1.8049999475479126,1.8049999475479126,1.8013999462127686,1.8013999462127686,830,0.0,0.0
2025-02-04 13:23:00-05:00,1.8049999475479126,1.8049999475479126,1.8049999475479126,1.8049999475479126,122,0.0,0.0
2025-02-04 13:24:00-05:00,1.809999942779541,1.809999942779541,1.8007999658584595,1.8056000471115112,3621,0.0,0.0
2025-02-04 13:25:00-05:00,1.8011000156402588,1.809999942779541,1.8011000156402588,1.8049999475479126,1986,0.0,0.0
2025-02-04 13:26:00-05:00,1.8049999475479126,1.8066999912261963,1.7999999523162842,1.8049999475479126,1801,0.0,0.0
2025-02-04 13:27:00-05:00,1.8049999475479126,1.809999942779541,1.7999999523162842,1.7999999523162842,7063,0.0,0.0
2025-02-04 13:28:00-05:00,1.8000999689102173,1.8000999689102173,1.8000999689102173,1.8000999689102173,205,0.0,0.0
2025-02-04 13:29:00-05:00,1.7999999523162842,1.8000999689102173,1.7990000247955322,1.7990000247955322,8426,0.0,0.0
2025-02-04 13:31:00-05:00,1.7999999523162842,1.7999999523162842,1.7949999570846558,1.7999999523162842,3776,0.0,0.0
2025-02-04 13:32:00-05:00,1.791200041770935,1.7999999523162842,1.791200041770935,1.7949999570846558,2724,0.0,0.0
2025-02-04 13:33:00-05:00,1.7899999618530273,1.8049999475479126,1.7899999618530273,1.7999999523162842,4724,0.0,0.0
2025-02-04 13:34:00-05:00,1.7999999523162842,1.809999942779541,1.7999999523162842,1.809999942779541,1686,0.0,0.0
2025-02-04 13:35:00-05:00,1.8049999475479126,1.8049999475479126,1.8049999475479126,1.8049999475479126,250,0.0,0.0
2025-02-04 13:36:00-05:00,1.8049999475479126,1.809999942779541,1.7999999523162842,1.8049999475479126,8903,0.0,0.0
2025-02-04 13:39:00-05:00,1.8049999475479126,1.8049999475479126,1.7999999523162842,1.7999999523162842,1033414,0.0,0.0
2025-02-04 13:40:00-05:00,1.7999999523162842,1.8049999475479126,1.7940000295639038,1.7940000295639038,20185,0.0,0.0
2025-02-04 13:41:00-05:00,1.7999999523162842,1.7999999523162842,1.7906999588012695,1.7949999570846558,24648,0.0,0.0
2025-02-04 13:42:00-05:00,1.7949999570846558,1.7949999570846558,1.7949999570846558,1.7949999570846558,445,0.0,0.0
2025-02-04 13:43:00-05:00,1.7899999618530273,1.7949999570846558,1.7799999713897705,1.780900001525879,7903,0.0,0.0
2025-02-04 13:44:00-05:00,1.7799999713897705,1.784999966621399,1.7799999713897705,1.784999966621399,273,0.0,0.0
2025-02-04 13:45:00-05:00,1.784999966621399,1.784999966621399,1.7812000513076782,1.784999966621399,1226,0.0,0.0
2025-02-04 13:46:00-05:00,1.781214952468872,1.7899999618530273,1.781214952468872,1.7899999618530273,1075,0.0,0.0
2025-02-04 13:47:00-05:00,1.7899999618530273,1.7899999618530273,1.7899999618530273,1.7899999618530273,804,0.0,0.0
2025-02-04 13:49:00-05:00,1.7899999618530273,1.7899999618530273,1.7899999618530273,1.7899999618530273,1673,0.0,0.0
2025-02-04 13:50:00-05:00,1.784999966621399,1.784999966621399,1.784999966621399,1.784999966621399,112,0.0,0.0
2025-02-04 13:51:00-05:00,1.7899999618530273,1.7899999618530273,1.7899999618530273,1.7899999618530273,815,0.0,0.0
2025-02-04 13:53:00-05:00,1.784999966621399,1.784999966621399,1.784999966621399,1.784999966621399,338,0.0,0.0
2025-02-04 13:54:00-05:00,1.7899999618530273,1.7899999618530273,1.784999966621399,1.7899999618530273,831,0.0,0.0
2025-02-04 13:55:00-05:00,1.784500002861023,1.784999966621399,1.7799999713897705,1.7799999713897705,30793,0.0,0.0
2025-02-04 13:56:00-05:00,1.7799999713897705,1.784999966621399,1.7799999713897705,1.784999966621399,656,0.0,0.0
2025-02-04 13:57:00-05:00,1.7812169790267944,1.781499981880188,1.7812169790267944,1.781499981880188,430,0.0,0.0
2025-02-04 13:58:00-05:00,1.784999966621399,1.784999966621399,1.784999966621399,1.784999966621399,473,0.0,0.0
2025-02-04 13:59:00-05:00,1.784999966621399,1.784999966621399,1.784999966621399,1.784999966621399,518,0.0,0.0
2025-02-04 14:00:00-05:00,1.7799999713897705,1.784999966621399,1.7799999713897705,1.784999966621399,1354,0.0,0.0
2025-02-04 14:01:00-05:00,1.7799999713897705,1.7799999713897705,1.7799999713897705,1.7799999713897705,518,0.0,0.0
2025-02-04 14:02:00-05:00,1.7899999618530273,1.7899999618530273,1.7899999618530273,1.7899999618530273,819,0.0,0.0
2025-02-04 14:04:00-05:00,1.7899999618530273,1.7899999618530273,1.7813999652862549,1.7813999652862549,1189,0.0,0.0
2025-02-04 14:05:00-05:00,1.784999966621399,1.784999966621399,1.784999966621399,1.784999966621399,128,0.0,0.0
2025-02-04 14:06:00-05:00,1.7899999618530273,1.7973999977111816,1.7899999618530273,1.7973999977111816,6297,0.0,0.0
2025-02-04 14:07:00-05:00,1.7949999570846558,1.7949999570846558,1.7899999618530273,1.7899999618530273,1404,0.0,0.0
2025-02-04 14:08:00-05:00,1.7899999618530273,1.7949999570846558,1.7899999618530273,1.7949999570846558,10450,0.0,0.0
2025-02-04 14:09:00-05:00,1.7999000549316406,1.7999999523162842,1.7949999570846558,1.7999999523162842,2212,0.0,0.0
2025-02-04 14:10:00-05:00,1.7999999523162842,1.7999999523162842,1.7999999523162842,1.7999999523162842,750,0.0,0.0
2025-02-04 14:11:00-05:00,1.7999999523162842,1.7999999523162842,1.7935999631881714,1.7949999570846558,3145,0.0,0.0
2025-02-04 14:12:00-05:00,1.7999999523162842,1.7999999523162842,1.7949999570846558,1.7949999570846558,5712,0.0,0.0
2025-02-04 14:13:00-05:00,1.7949999570846558,1.7999999523162842,1.7949999570846558,1.7999999523162842,931,0.0,0.0
2025-02-04 14:14:00-05:00,1.7999999523162842,1.7999999523162842,1.7999999523162842,1.7999999523162842,717,0.0,0.0
2025-02-04 14:15:00-05:00,1.7999000549316406,1.7999000549316406,1.7934999465942383,1.7934999465942383,743,0.0,0.0
2025-02-04 14:16:00-05:00,1.7999999523162842,1.7999999523162842,1.7999999523162842,1.7999999523162842,700,0.0,0.0
2025-02-04 14:17:00-05:00,1.7899999618530273,1.7997000217437744,1.7899999618530273,1.7949999570846558,2351,0.0,0.0
2025-02-04 14:18:00-05:00,1.7976000308990479,1.8049999475479126,1.7976000308990479,1.7999000549316406,16732,0.0,0.0
2025-02-04 14:19:00-05:00,1.7949999570846558,1.8049999475479126,1.7949999570846558,1.8049999475479126,3609,0.0,0.0
2025-02-04 14:20:00-05:00,1.8049999475479126,1.8049999475479126,1.8049999475479126,1.8049999475479126,346,0.0,0.0
2025-02-04 14:21:00-05:00,1.809999942779541,1.809999942779541,1.809999942779541,1.809999942779541,700,0.0,0.0
2025-02-04 14:22:00-05:00,1.7999999523162842,1.8049999475479126,1.7999999523162842,1.8049999475479126,1530,0.0,0.0
2025-02-04 14:23:00-05:00,1.8049999475479126,1.809999942779541,1.8049999475479126,1.809999942779541,800,0.0,0.0
2025-02-04 14:24:00-05:00,1.8087999820709229,1.8087999820709229,1.8087999820709229,1.8087999820709229,1114,0.0,0.0
2025-02-04 14:25:00-05:00,1.8000999689102173,1.809999942779541,1.7999999523162842,1.8049999475479126,7035,0.0,0.0
2025-02-04 14:26:00-05:00,1.809999942779541,1.809999942779541,1.7999999523162842,1.7999999523162842,10956,0.0,0.0
2025-02-04 14:27:00-05:00,1.7999999523162842,1.8099000453948975,1.7999999523162842,1.7999999523162842,25550,0.0,0.0
2025-02-04 14:28:00-05:00,1.8049999475479126,1.8049999475479126,1.7999999523162842,1.8000999689102173,1544,0.0,0.0
2025-02-04 14:29:00-05:00,1.8079999685287476,1.8079999685287476,1.7999999523162842,1.8049999475479126,4158,0.0,0.0
2025-02-04 14:30:00-05:00,1.8049999475479126,1.8049999475479126,1.8049999475479126,1.8049999475479126,875,0.0,0.0
2025-02-04 14:31:00-05:00,1.8034000396728516,1.8034000396728516,1.7999999523162842,1.7999999523162842,2100,0.0,0.0
2025-02-04 14:35:00-05:00,1.8049999475479126,1.809999942779541,1.8049999475479126,1.8049999475479126,3130,0.0,0.0
2025-02-04 14:36:00-05:00,1.809999942779541,1.809999942779541,1.8049999475479126,1.8049999475479126,4818,0.0,0.0
2025-02-04 14:37:00-05:00,1.809999942779541,1.809999942779541,1.809999942779541,1.809999942779541,610,0.0,0.0
2025-02-04 14:38:00-05:00,1.8049999475479126,1.8049999475479126,1.8049999475479126,1.8049999475479126,187,0.0,0.0
2025-02-04 14:39:00-05:00,1.809999942779541,1.809999942779541,1.8049999475479126,1.806399941444397,1404,0.0,0.0
2025-02-04 14:40:00-05:00,1.8049999475479126,1.808500051498413,1.7999999523162842,1.8049999475479126,9636,0.0,0.0
2025-02-04 14:41:00-05:00,1.8049999475479126,1.8049999475479126,1.8049999475479126,1.8049999475479126,747,0.0,0.0
2025-02-04 14:44:00-05:00,1.809999942779541,1.809999942779541,1.809999942779541,1.809999942779541,778,0.0,0.0
2025-02-04 14:45:00-05:00,1.8049999475479126,1.8079999685287476,1.8049999475479126,1.8049999475479126,1810,0.0,0.0
2025-02-04 14:46:00-05:00,1.808899998664856,1.809999942779541,1.808899998664856,1.809999942779541,2776,0.0,0.0
2025-02-04 14:47:00-05:00,1.8092999458312988,1.809999942779541,1.8049999475479126,1.809999942779541,4046,0.0,0.0
2025-02-04 14:48:00-05:00,1.809999942779541,1.809999942779541,1.8049999475479126,1.8049999475479126,900,0.0,0.0
2025-02-04 14:49:00-05:00,1.8049999475479126,1.809999942779541,1.8049999475479126,1.809999942779541,2000,0.0,0.0
2025-02-04 14:50:00-05:00,1.809999942779541,1.809999942779541,1.809999942779541,1.809999942779541,757,0.0,0.0
2025-02-04 14:51:00-05:00,1.809999942779541,1.809999942779541,1.809999942779541,1.809999942779541,732,0.0,0.0
2025-02-04 14:52:00-05:00,1.8049999475479126,1.809999942779541,1.8049999475479126,1.809999942779541,1200,0.0,0.0
2025-02-04 14:53:00-05:00,1.809999942779541,1.809999942779541,1.8015999794006348,1.8015999794006348,827,0.0,0.0
2025-02-04 14:54:00-05:00,1.809999942779541,1.809999942779541,1.804800033569336,1.8049999475479126,1479,0.0,0.0
2025-02-04 14:55:00-05:00,1.809000015258789,1.809999942779541,1.809000015258789,1.809999942779541,2920,0.0,0.0
2025-02-04 14:56:00-05:00,1.809999942779541,1.809999942779541,1.8049999475479126,1.8049999475479126,4071,0.0,0.0
2025-02-04 14:57:00-05:00,1.809999942779541,1.809999942779541,1.8049999475479126,1.8049999475479126,882,0.0,0.0
2025-02-04 14:58:00-05:00,1.809999942779541,1.809999942779541,1.8049999475479126,1.8049999475479126,4666,0.0,0.0
2025-02-04 14:59:00-05:00,1.809999942779541,1.815000057220459,1.8049999475479126,1.8049999475479126,24075,0.0,0.0
2025-02-04 15:00:00-05:00,1.7999999523162842,1.7999999523162842,1.7999999523162842,1.7999999523162842,670,0.0,0.0
2025-02-04 15:01:00-05:00,1.7999999523162842,1.8049999475479126,1.7999999523162842,1.7999999523162842,1110,0.0,0.0
2025-02-04 15:02:00-05:00,1.8049999475479126,1.8049999475479126,1.7999999523162842,1.8049999475479126,6130,0.0,0.0
2025-02-04 15:03:00-05:00,1.7999999523162842,1.8049999475479126,1.7999999523162842,1.8049999475479126,706,0.0,0.0
2025-02-04 15:04:00-05:00,1.8049999475479126,1.8049999475479126,1.8049999475479126,1.8049999475479126,641,0.0,0.0
2025-02-04 15:05:00-05:00,1.8049999475479126,1.8049999475479126,1.8049999475479126,1.8049999475479126,968,0.0,0.0
2025-02-04 15:06:00-05:00,1.804800033569336,1.8199000358581543,1.804800033569336,1.815000057220459,18051,0.0,0.0
2025-02-04 15:07:00-05:00,1.8200000524520874,1.8200000524520874,1.815000057220459,1.815000057220459,16750,0.0,0.0
2025-02-04 15:08:00-05:00,1.8200000524520874,1.8200000524520874,1.7999999523162842,1.8049999475479126,131705,0.0,0.0
2025-02-04 15:09:00-05:00,1.8049999475479126,1.809999942779541,1.8049999475479126,1.8049999475479126,6252,0.0,0.0
2025-02-04 15:10:00-05:00,1.809999942779541,1.809999942779541,1.7999999523162842,1.8026000261306763,3891,0.0,0.0
2025-02-04 15:11:00-05:00,1.8099000453948975,1.809999942779541,1.8099000453948975,1.809999942779541,868,0.0,0.0
2025-02-04 15:12:00-05:00,1.8085999488830566,1.809999942779541,1.8015999794006348,1.8015999794006348,1223,0.0,0.0
2025-02-04 15:13:00-05:00,1.809999942779541,1.809999942779541,1.8098000288009644,1.8098000288009644,906,0.0,0.0
2025-02-04 15:14:00-05:00,1.809999942779541,1.809999942779541,1.809999942779541,1.809999942779541,541,0.0,0.0
2025-02-04 15:15:00-05:00,1.809999942779541,1.809999942779541,1.8049999475479126,1.8049999475479126,706,0.0,0.0
2025-02-04 15:16:00-05:00,1.809999942779541,1.809999942779541,1.8049999475479126,1.809999942779541,16901,0.0,0.0
2025-02-04 15:17:00-05:00,1.8049999475479126,1.809999942779541,1.8049999475479126,1.8068000078201294,649,0.0,0.0
2025-02-04 15:18:00-05:00,1.8020000457763672,1.8200000524520874,1.8020000457763672,1.815000057220459,24646,0.0,0.0
2025-02-04 15:19:00-05:00,1.8199000358581543,1.8200000524520874,1.815000057220459,1.8199000358581543,7256,0.0,0.0
2025-02-04 15:20:00-05:00,1.8200000524520874,1.840000033378601,1.8200000524520874,1.8350000381469727,32296,0.0,0.0
2025-02-04 15:21:00-05:00,1.8350000381469727,1.839900016784668,1.8300000429153442,1.8325999975204468,9788,0.0,0.0
2025-02-04 15:22:00-05:00,1.8398000001907349,1.8398000001907349,1.8350000381469727,1.8350000381469727,3226,0.0,0.0
2025-02-04 15:23:00-05:00,1.8386000394821167,1.840000033378601,1.8300000429153442,1.8350000381469727,3090,0.0,0.0
2025-02-04 15:24:00-05:00,1.8307000398635864,1.840000033378601,1.8300000429153442,1.8396999835968018,20566,0.0,0.0
2025-02-04 15:25:00-05:00,1.840000033378601,1.850000023841858,1.8310999870300293,1.850000023841858,87507,0.0,0.0
2025-02-04 15:26:00-05:00,1.840000033378601,1.850000023841858,1.840000033378601,1.8450000286102295,30641,0.0,0.0
2025-02-04 15:27:00-05:00,1.843000054359436,1.8590999841690063,1.843000054359436,1.8550000190734863,68250,0.0,0.0
2025-02-04 15:28:00-05:00,1.8550000190734863,1.8698999881744385,1.8550000190734863,1.8650000095367432,50799,0.0,0.0
2025-02-04 15:29:00-05:00,1.875,1.8799999952316284,1.8700000047683716,1.875,1891824,0.0,0.0
2025-02-04 15:30:00-05:00,1.8700000047683716,1.8798999786376953,1.8700000047683716,1.875,24911,0.0,0.0
2025-02-04 15:31:00-05:00,1.8700000047683716,1.8797999620437622,1.8700000047683716,1.875,50785,0.0,0.0
2025-02-04 15:32:00-05:00,1.875,1.8794000148773193,1.8450000286102295,1.850000023841858,80513,0.0,0.0
2025-02-04 15:33:00-05:00,1.850000023841858,1.850000023841858,1.8415000438690186,1.850000023841858,8512,0.0,0.0
2025-02-04 15:34:00-05:00,1.850000023841858,1.850000023841858,1.8450000286102295,1.8450000286102295,9714,0.0,0.0
2025-02-04 15:35:00-05:00,1.8450000286102295,1.850000023841858,1.8450000286102295,1.8450000286102295,1154,0.0,0.0
2025-02-04 15:36:00-05:00,1.8427000045776367,1.850000023841858,1.8350000381469727,1.8350000381469727,15149,0.0,0.0
2025-02-04 15:37:00-05:00,1.8350000381469727,1.840000033378601,1.8350000381469727,1.8387999534606934,2993,0.0,0.0
2025-02-04 15:38:00-05:00,1.8350000381469727,1.840000033378601,1.8300000429153442,1.8350000381469727,17330,0.0,0.0
2025-02-04 15:39:00-05:00,1.8300000429153442,1.8350000381469727,1.8250000476837158,1.8284000158309937,10847,0.0,0.0
2025-02-04 15:40:00-05:00,1.8250000476837158,1.8388999700546265,1.8223999738693237,1.8350000381469727,15602,0.0,0.0
2025-02-04 15:41:00-05:00,1.8310999870300293,1.8350000381469727,1.8310999870300293,1.832200050354004,9922,0.0,0.0
2025-02-04 15:42:00-05:00,1.8325999975204468,1.840000033378601,1.8325999975204468,1.8350000381469727,2176,0.0,0.0
2025-02-04 15:43:00-05:00,1.8388999700546265,1.8388999700546265,1.8350000381469727,1.8350000381469727,1452,0.0,0.0
2025-02-04 15:44:00-05:00,1.840000033378601,1.840000033378601,1.8350000381469727,1.8350000381469727,1720,0.0,0.0
2025-02-04 15:45:00-05:00,1.840000033378601,1.850000023841858,1.8341000080108643,1.840000033378601,27020,0.0,0.0
2025-02-04 15:46:00-05:00,1.8350000381469727,1.840000033378601,1.8300000429153442,1.839900016784668,2069,0.0,0.0
2025-02-04 15:47:00-05:00,1.8350000381469727,1.8450000286102295,1.8336000442504883,1.8450000286102295,35858,0.0,0.0
2025-02-04 15:48:00-05:00,1.8450000286102295,1.850000023841858,1.8401000499725342,1.850000023841858,884,0.0,0.0
2025-02-04 15:49:00-05:00,1.850000023841858,1.850000023841858,1.841599941253662,1.850000023841858,3774,0.0,0.0
2025-02-04 15:50:00-05:00,1.8450000286102295,1.8550000190734863,1.8450000286102295,1.850000023841858,9844,0.0,0.0
2025-02-04 15:51:00-05:00,1.8450000286102295,1.850000023841858,1.8300000429153442,1.8300000429153442,34836,0.0,0.0
2025-02-04 15:52:00-05:00,1.8350000381469727,1.8350000381469727,1.8350000381469727,1.8350000381469727,500,0.0,0.0
2025-02-04 15:53:00-05:00,1.8350000381469727,1.8450000286102295,1.8350000381469727,1.8450000286102295,15994,0.0,0.0
2025-02-04 15:54:00-05:00,1.840000033378601,1.8497999906539917,1.840000033378601,1.8450000286102295,9481,0.0,0.0
2025-02-04 15:55:00-05:00,1.840000033378601,1.8450000286102295,1.809999942779541,1.815000057220459,56435,0.0,0.0
2025-02-04 15:56:00-05:00,1.815000057220459,1.8251999616622925,1.815000057220459,1.82260000705719,8891,0.0,0.0
2025-02-04 15:57:00-05:00,1.8250000476837158,1.8300000429153442,1.8200000524520874,1.8250000476837158,17943,0.0,0.0
2025-02-04 15:58:00-05:00,1.8300000429153442,1.8350000381469727,1.8250000476837158,1.8350000381469727,15122,0.0,0.0
2025-02-04 15:59:00-05:00,1.8350000381469727,1.840000033378601,1.8300000429153442,1.8300000429153442,15236,0.0,0.0
2025-02-05 09:30:00-05:00,1.850000023841858,1.8732999563217163,1.850000023841858,1.850000023841858,73556,0.0,0.0
2025-02-05 09:31:00-05:00,1.840000033378601,1.840000033378601,1.815000057220459,1.815000057220459,12611,0.0,0.0
2025-02-05 09:32:00-05:00,1.8151999711990356,1.8200000524520874,1.809999942779541,1.809999942779541,6170,0.0,0.0
2025-02-05 09:33:00-05:00,1.8199000358581543,1.8350000381469727,1.8199000358581543,1.8350000381469727,2096,0.0,0.0
2025-02-05 09:34:00-05:00,1.840000033378601,1.8450000286102295,1.840000033378601,1.8450000286102295,745,0.0,0.0
2025-02-05 09:35:00-05:00,1.8335000276565552,1.8450000286102295,1.8335000276565552,1.8335000276565552,97876,0.0,0.0
2025-02-05 09:36:00-05:00,1.8300000429153442,1.8301000595092773,1.8235000371932983,1.8300000429153442,14843,0.0,0.0
2025-02-05 09:37:00-05:00,1.8365000486373901,1.8365000486373901,1.8253999948501587,1.8253999948501587,993,0.0,0.0
2025-02-05 09:38:00-05:00,1.8270000219345093,1.8300000429153442,1.8270000219345093,1.8300000429153442,1253,0.0,0.0
2025-02-05 09:39:00-05:00,1.8379000425338745,1.8379000425338745,1.809999942779541,1.8199000358581543,29743,0.0,0.0
2025-02-05 09:40:00-05:00,1.815000057220459,1.815000057220459,1.8118000030517578,1.8118000030517578,1620,0.0,0.0
2025-02-05 09:41:00-05:00,1.815000057220459,1.815000057220459,1.8100999593734741,1.8100999593734741,697,0.0,0.0
2025-02-05 09:42:00-05:00,1.8100999593734741,1.815000057220459,1.8100999593734741,1.815000057220459,564,0.0,0.0
2025-02-05 09:43:00-05:00,1.815000057220459,1.815000057220459,1.809999942779541,1.809999942779541,3572,0.0,0.0
2025-02-05 09:44:00-05:00,1.809999942779541,1.809999942779541,1.809999942779541,1.809999942779541,250,0.0,0.0
2025-02-05 09:45:00-05:00,1.809999942779541,1.815000057220459,1.809999942779541,1.815000057220459,8418,0.0,0.0
2025-02-05 09:46:00-05:00,1.8200000524520874,1.8200000524520874,1.809999942779541,1.815000057220459,8446,0.0,0.0
2025-02-05 09:47:00-05:00,1.8200000524520874,1.8300000429153442,1.815000057220459,1.8300000429153442,1758,0.0,0.0
2025-02-05 09:48:00-05:00,1.8251999616622925,1.8350000381469727,1.8250000476837158,1.8350000381469727,12726,0.0,0.0
2025-02-05 09:49:00-05:00,1.840000033378601,1.840000033378601,1.8300000429153442,1.8300000429153442,1120,0.0,0.0
2025-02-05 09:50:00-05:00,1.8336000442504883,1.8336000442504883,1.8250000476837158,1.8251999616622925,3772,0.0,0.0
2025-02-05 09:51:00-05:00,1.829200029373169,1.829200029373169,1.809999942779541,1.8200000524520874,40763,0.0,0.0
2025-02-05 09:52:00-05:00,1.8200000524520874,1.8250000476837158,1.815000057220459,1.8250000476837158,4265,0.0,0.0
2025-02-05 09:53:00-05:00,1.8243000507354736,1.8243000507354736,1.8243000507354736,1.8243000507354736,286,0.0,0.0
2025-02-05 09:54:00-05:00,1.8250000476837158,1.8300000429153442,1.820099949836731,1.8300000429153442,2058,0.0,0.0
2025-02-05 09:55:00-05:00,1.8300000429153442,1.8300000429153442,1.8300000429153442,1.8300000429153442,100,0.0,0.0
2025-02-05 09:56:00-05:00,1.8250000476837158,1.8250000476837158,1.8250000476837158,1.8250000476837158,627,0.0,0.0
2025-02-05 09:59:00-05:00,1.8250000476837158,1.8286999464035034,1.8212000131607056,1.8212000131607056,3108,0.0,0.0
2025-02-05 10:00:00-05:00,1.8300000429153442,1.8300000429153442,1.8200000524520874,1.8250000476837158,11960,0.0,0.0
2025-02-05 10:01:00-05:00,1.820099949836731,1.820099949836731,1.815000057220459,1.815000057220459,3686,0.0,0.0
2025-02-05 10:02:00-05:00,1.819100022315979,1.819100022315979,1.809999942779541,1.8187999725341797,257527,0.0,0.0
2025-02-05 10:03:00-05:00,1.809999942779541,1.809999942779541,1.809999942779541,1.809999942779541,583,0.0,0.0
2025-02-05 10:04:00-05:00,1.809999942779541,1.809999942779541,1.809999942779541,1.809999942779541,2428,0.0,0.0
2025-02-05 10:05:00-05:00,1.809999942779541,1.809999942779541,1.809999942779541,1.809999942779541,276,0.0,0.0
2025-02-05 10:06:00-05:00,1.809999942779541,1.809999942779541,1.8049999475479126,1.8049999475479126,854,0.0,0.0
2025-02-05 10:07:00-05:00,1.8004000186920166,1.809999942779541,1.7999999523162842,1.7999999523162842,15782,0.0,0.0
2025-02-05 10:08:00-05:00,1.8049999475479126,1.8092999458312988,1.7999999523162842,1.8049999475479126,10510,0.0,0.0
2025-02-05 10:09:00-05:00,1.808899998664856,1.808899998664856,1.7999999523162842,1.8049999475479126,3240,0.0,0.0
2025-02-05 10:10:00-05:00,1.809999942779541,1.8200000524520874,1.8049999475479126,1.815000057220459,5818,0.0,0.0
2025-02-05 10:12:00-05:00,1.8200000524520874,1.8200000524520874,1.815000057220459,1.815000057220459,10503,0.0,0.0
2025-02-05 10:13:00-05:00,1.812000036239624,1.815000057220459,1.812000036239624,1.815000057220459,780,0.0,0.0
2025-02-05 10:14:00-05:00,1.815000057220459,1.815000057220459,1.8138999938964844,1.8138999938964844,420,0.0,0.0
2025-02-05 10:15:00-05:00,1.815000057220459,1.815000057220459,1.815000057220459,1.815000057220459,180,0.0,0.0
2025-02-05 10:17:00-05:00,1.819000005722046,1.819000005722046,1.819000005722046,1.819000005722046,1000,0.0,0.0
2025-02-05 10:18:00-05:00,1.8199000358581543,1.8199000358581543,1.815000057220459,1.815000057220459,724,0.0,0.0
2025-02-05 10:20:00-05:00,1.8199000358581543,1.8199000358581543,1.8137999773025513,1.8137999773025513,2074,0.0,0.0
2025-02-05 10:21:00-05:00,1.815000057220459,1.815000057220459,1.815000057220459,1.815000057220459,275,0.0,0.0
2025-02-05 10:22:00-05:00,1.815000057220459,1.815000057220459,1.7999999523162842,1.809999942779541,32402,0.0,0.0
2025-02-05 10:23:00-05:00,1.8049999475479126,1.8200000524520874,1.8049999475479126,1.815000057220459,10394,0.0,0.0
2025-02-05 10:24:00-05:00,1.8193999528884888,1.8193999528884888,1.8193999528884888,1.8193999528884888,4091,0.0,0.0
2025-02-05 10:25:00-05:00,1.8179999589920044,1.8179999589920044,1.8179999589920044,1.8179999589920044,147,0.0,0.0
2025-02-05 10:26:00-05:00,1.815000057220459,1.815000057220459,1.815000057220459,1.815000057220459,420,0.0,0.0
2025-02-05 10:27:00-05:00,1.809999942779541,1.809999942779541,1.809999942779541,1.809999942779541,378,0.0,0.0
2025-02-05 10:28:00-05:00,1.8199000358581543,1.8199000358581543,1.815000057220459,1.815000057220459,447,0.0,0.0
2025-02-05 10:29:00-05:00,1.8200000524520874,1.8200000524520874,1.815000057220459,1.815000057220459,320,0.0,0.0
2025-02-05 10:30:00-05:00,1.815000057220459,1.8199000358581543,1.815000057220459,1.8199000358581543,3602,0.0,0.0
2025-02-05 10:31:00-05:00,1.815000057220459,1.8188999891281128,1.809999942779541,1.809999942779541,20451,0.0,0.0
2025-02-05 10:32:00-05:00,1.8049999475479126,1.8049999475479126,1.7999999523162842,1.7999999523162842,622,0.0,0.0
2025-02-05 10:33:00-05:00,1.8099000453948975,1.809999942779541,1.8099000453948975,1.809999942779541,3865,0.0,0.0
2025-02-05 10:34:00-05:00,1.8049999475479126,1.809999942779541,1.8000999689102173,1.809999942779541,3682,0.0,0.0
2025-02-05 10:35:00-05:00,1.809999942779541,1.809999942779541,1.8049999475479126,1.8049999475479126,769,0.0,0.0
2025-02-05 10:36:00-05:00,1.8049999475479126,1.8049999475479126,1.8049999475479126,1.8049999475479126,240,0.0,0.0
2025-02-05 10:37:00-05:00,1.8085999488830566,1.8085999488830566,1.8085999488830566,1.8085999488830566,1011,0.0,0.0
2025-02-05 10:39:00-05:00,1.8099000453948975,1.8099000453948975,1.8040000200271606,1.8040000200271606,998,0.0,0.0
2025-02-05 10:41:00-05:00,1.8000999689102173,1.8049999475479126,1.8000999689102173,1.8049999475479126,1612,0.0,0.0
2025-02-05 10:42:00-05:00,1.809999942779541,1.809999942779541,1.7999999523162842,1.8049999475479126,1800,0.0,0.0
2025-02-05 10:43:00-05:00,1.8051999807357788,1.8051999807357788,1.8049999475479126,1.8049999475479126,3206,0.0,0.0
2025-02-05 10:44:00-05:00,1.8097000122070312,1.8097000122070312,1.8097000122070312,1.8097000122070312,111,0.0,0.0
2025-02-05 10:45:00-05:00,1.809999942779541,1.8187999725341797,1.8092999458312988,1.8187999725341797,8684,0.0,0.0
2025-02-05 10:47:00-05:00,1.815000057220459,1.815000057220459,1.815000057220459,1.815000057220459,100,0.0,0.0
2025-02-05 10:48:00-05:00,1.815000057220459,1.8200000524520874,1.815000057220459,1.8200000524520874,525,0.0,0.0
2025-02-05 10:49:00-05:00,1.8200000524520874,1.8200000524520874,1.815000057220459,1.815000057220459,202,0.0,0.0
2025-02-05 10:50:00-05:00,1.815000057220459,1.815000057220459,1.809999942779541,1.809999942779541,508,0.0,0.0
2025-02-05 10:52:00-05:00,1.8113000392913818,1.8199000358581543,1.8113000392913818,1.8199000358581543,3401,0.0,0.0
2025-02-05 10:53:00-05:00,1.809999942779541,1.809999942779541,1.809999942779541,1.809999942779541,1665,0.0,0.0
2025-02-05 10:54:00-05:00,1.815000057220459,1.815000057220459,1.815000057220459,1.815000057220459,200,0.0,0.0
2025-02-05 10:55:00-05:00,1.815000057220459,1.8187999725341797,1.815000057220459,1.8187999725341797,1626,0.0,0.0
2025-02-05 10:56:00-05:00,1.815000057220459,1.8250000476837158,1.815000057220459,1.8250000476837158,22088,0.0,0.0
2025-02-05 10:58:00-05:00,1.8200000524520874,1.8200000524520874,1.8200000524520874,1.8200000524520874,221,0.0,0.0
2025-02-05 10:59:00-05:00,1.8250000476837158,1.8250000476837158,1.8250000476837158,1.8250000476837158,140,0.0,0.0
2025-02-05 11:00:00-05:00,1.8200000524520874,1.8250000476837158,1.8200000524520874,1.8250000476837158,882,0.0,0.0
2025-02-05 11:01:00-05:00,1.8300000429153442,1.8300000429153442,1.8250000476837158,1.8250000476837158,3200,0.0,0.0
2025-02-05 11:02:00-05:00,1.8250000476837158,1.8250000476837158,1.8250000476837158,1.8250000476837158,200,0.0,0.0
2025-02-05 11:03:00-05:00,1.8250000476837158,1.8250000476837158,1.8250000476837158,1.8250000476837158,200,0.0,0.0
2025-02-05 11:04:00-05:00,1.8224999904632568,1.8250000476837158,1.8200000524520874,1.8250000476837158,1700,0.0,0.0
2025-02-05 11:05:00-05:00,1.8250000476837158,1.8250000476837158,1.8250000476837158,1.8250000476837158,371,0.0,0.0
2025-02-05 11:06:00-05:00,1.8299000263214111,1.8300000429153442,1.8299000263214111,1.8300000429153442,518,0.0,0.0
2025-02-05 11:08:00-05:00,1.8250000476837158,1.8250000476837158,1.8250000476837158,1.8250000476837158,2155,0.0,0.0
2025-02-05 11:10:00-05:00,1.8300000429153442,1.8300000429153442,1.8236000537872314,1.8250000476837158,2429,0.0,0.0
2025-02-05 11:12:00-05:00,1.8250000476837158,1.8288999795913696,1.8250000476837158,1.8288999795913696,1150,0.0,0.0
2025-02-05 11:15:00-05:00,1.8250000476837158,1.8300000429153442,1.8250000476837158,1.8250000476837158,4500,0.0,0.0
2025-02-05 11:16:00-05:00,1.8289999961853027,1.8289999961853027,1.8250000476837158,1.8250000476837158,300,0.0,0.0
2025-02-05 11:17:00-05:00,1.8250000476837158,1.8250000476837158,1.8250000476837158,1.8250000476837158,200,0.0,0.0
2025-02-05 11:18:00-05:00,1.8250000476837158,1.8250000476837158,1.8250000476837158,1.8250000476837158,1281,0.0,0.0
2025-02-05 11:19:00-05:00,1.8250000476837158,1.8250000476837158,1.8250000476837158,1.8250000476837158,4774,0.0,0.0
2025-02-05 11:20:00-05:00,1.8300000429153442,1.8300000429153442,1.8300000429153442,1.8300000429153442,948,0.0,0.0
2025-02-05 11:21:00-05:00,1.8286999464035034,1.8286999464035034,1.8286999464035034,1.8286999464035034,540,0.0,0.0
2025-02-05 11:22:00-05:00,1.840000033378601,1.840000033378601,1.8300000429153442,1.840000033378601,10458,0.0,0.0
2025-02-05 11:23:00-05:00,1.840000033378601,1.8450000286102295,1.840000033378601,1.8450000286102295,5118,0.0,0.0
2025-02-05 11:24:00-05:00,1.8450000286102295,1.8450000286102295,1.8402999639511108,1.8450000286102295,2688,0.0,0.0
2025-02-05 11:25:00-05:00,1.8450000286102295,1.8483999967575073,1.8450000286102295,1.8450000286102295,1363,0.0,0.0
2025-02-05 11:26:00-05:00,1.8450000286102295,1.8497999906539917,1.8450000286102295,1.8450000286102295,5440,0.0,0.0
2025-02-05 11:27:00-05:00,1.8450000286102295,1.8494000434875488,1.840000033378601,1.8450000286102295,11059,0.0,0.0
2025-02-05 11:28:00-05:00,1.8450000286102295,1.8480000495910645,1.8450000286102295,1.8450000286102295,1544,0.0,0.0
2025-02-05 11:29:00-05:00,1.850000023841858,1.850000023841858,1.8450000286102295,1.850000023841858,1072,0.0,0.0
2025-02-05 11:30:00-05:00,1.840000033378601,1.8450000286102295,1.840000033378601,1.8450000286102295,2110,0.0,0.0
2025-02-05 11:31:00-05:00,1.850000023841858,1.850000023841858,1.8450000286102295,1.8450000286102295,3578,0.0,0.0
2025-02-05 11:32:00-05:00,1.8450000286102295,1.8450000286102295,1.8450000286102295,1.8450000286102295,272,0.0,0.0
2025-02-05 11:33:00-05:00,1.8410999774932861,1.8450000286102295,1.8410999774932861,1.8450000286102295,1176,0.0,0.0
2025-02-05 11:34:00-05:00,1.850000023841858,1.850000023841858,1.8456000089645386,1.8456000089645386,1294,0.0,0.0
2025-02-05 11:35:00-05:00,1.850000023841858,1.850000023841858,1.850000023841858,1.850000023841858,466,0.0,0.0
2025-02-05 11:36:00-05:00,1.8499000072479248,1.8499000072479248,1.840000033378601,1.8450000286102295,5323,0.0,0.0
2025-02-05 11:37:00-05:00,1.840000033378601,1.8450000286102295,1.840000033378601,1.8450000286102295,1109,0.0,0.0
2025-02-05 11:38:00-05:00,1.8487000465393066,1.8487000465393066,1.8483999967575073,1.8483999967575073,752,0.0,0.0
2025-02-05 11:40:00-05:00,1.8450000286102295,1.8600000143051147,1.8450000286102295,1.8600000143051147,55217,0.0,0.0
2025-02-05 11:41:00-05:00,1.8592000007629395,1.8600000143051147,1.8550000190734863,1.8550000190734863,18681,0.0,0.0
2025-02-05 11:42:00-05:00,1.8600000143051147,1.8600000143051147,1.8516000509262085,1.8550000190734863,1974,0.0,0.0
2025-02-05 11:43:00-05:00,1.850100040435791,1.8554999828338623,1.850000023841858,1.8550000190734863,3876,0.0,0.0
2025-02-05 11:44:00-05:00,1.8550000190734863,1.8583999872207642,1.8550000190734863,1.8550000190734863,4052,0.0,0.0
2025-02-05 11:45:00-05:00,1.8586000204086304,1.8586000204086304,1.8550000190734863,1.8550000190734863,4100,0.0,0.0
2025-02-05 11:46:00-05:00,1.8550000190734863,1.8590999841690063,1.8550000190734863,1.8590999841690063,3319,0.0,0.0
2025-02-05 11:47:00-05:00,1.8550000190734863,1.8550000190734863,1.8509999513626099,1.8550000190734863,2604,0.0,0.0
2025-02-05 11:48:00-05:00,1.8550000190734863,1.8550000190734863,1.850000023841858,1.850000023841858,7180,0.0,0.0
2025-02-05 11:50:00-05:00,1.8598999977111816,1.8598999977111816,1.8550000190734863,1.8550000190734863,1409,0.0,0.0
2025-02-05 11:51:00-05:00,1.8600000143051147,1.8799999952316284,1.8550000190734863,1.8797999620437622,18507,0.0,0.0
2025-02-05 11:52:00-05:00,1.8789000511169434,1.8789000511169434,1.875,1.875,1523,0.0,0.0
2025-02-05 11:53:00-05:00,1.8799999952316284,1.8799999952316284,1.8700000047683716,1.8700000047683716,5003,0.0,0.0
2025-02-05 11:54:00-05:00,1.8763999938964844,1.878499984741211,1.8700000047683716,1.870300054550171,5101,0.0,0.0
2025-02-05 11:55:00-05:00,1.875,1.8791999816894531,1.875,1.875,3622,0.0,0.0
2025-02-05 11:56:00-05:00,1.875,1.8799999952316284,1.875,1.875,2400,0.0,0.0
2025-02-05 11:57:00-05:00,1.875,1.8799999952316284,1.875,1.8799999952316284,5101,0.0,0.0
2025-02-05 11:58:00-05:00,1.875,1.875,1.875,1.875,753,0.0,0.0
2025-02-05 11:59:00-05:00,1.8763999938964844,1.8798999786376953,1.875,1.875,1710,0.0,0.0
2025-02-05 12:00:00-05:00,1.8795000314712524,1.8849999904632568,1.875,1.8849999904632568,29406,0.0,0.0
2025-02-05 12:01:00-05:00,1.8849999904632568,1.889299988746643,1.8849999904632568,1.888700008392334,4619,0.0,0.0
2025-02-05 12:02:00-05:00,1.8849999904632568,1.8849999904632568,1.8801000118255615,1.8801000118255615,5150,0.0,0.0
2025-02-05 12:03:00-05:00,1.8849999904632568,1.8849999904632568,1.8799999952316284,1.8849999904632568,910,0.0,0.0
2025-02-05 12:04:00-05:00,1.8898999691009521,1.8899999856948853,1.8799999952316284,1.8799999952316284,38583,0.0,0.0
2025-02-05 12:05:00-05:00,1.8799999952316284,1.888700008392334,1.875,1.8799999952316284,3238,0.0,0.0
2025-02-05 12:06:00-05:00,1.8799999952316284,1.8858000040054321,1.8799999952316284,1.8858000040054321,860,0.0,0.0
2025-02-05 12:07:00-05:00,1.8899999856948853,1.8899999856948853,1.8899999856948853,1.8899999856948853,158,0.0,0.0
2025-02-05 12:08:00-05:00,1.8849999904632568,1.8899999856948853,1.8813999891281128,1.8899999856948853,11569,0.0,0.0
2025-02-05 12:09:00-05:00,1.8899999856948853,1.899899959564209,1.8899999856948853,1.899899959564209,14128,0.0,0.0
2025-02-05 12:10:00-05:00,1.8949999809265137,1.8949999809265137,1.8949999809265137,1.8949999809265137,427,0.0,0.0
2025-02-05 12:11:00-05:00,1.8949999809265137,1.898800015449524,1.8849999904632568,1.8849999904632568,11566,0.0,0.0
2025-02-05 12:12:00-05:00,1.8899999856948853,1.895900011062622,1.8899999856948853,1.895900011062622,1729,0.0,0.0
2025-02-05 12:13:00-05:00,1.8949999809265137,1.8949999809265137,1.8949999809265137,1.8949999809265137,435,0.0,0.0
2025-02-05 12:14:00-05:00,1.8933000564575195,1.8949999809265137,1.8899999856948853,1.8899999856948853,2457,0.0,0.0
2025-02-05 12:15:00-05:00,1.8949999809265137,1.899999976158142,1.8949999809265137,1.899999976158142,1025,0.0,0.0
2025-02-05 12:16:00-05:00,1.8949999809265137,1.899999976158142,1.8949999809265137,1.899999976158142,1077,0.0,0.0
2025-02-05 12:17:00-05:00,1.8949999809265137,1.8949999809265137,1.8899999856948853,1.8949999809265137,801,0.0,0.0
2025-02-05 12:18:00-05:00,1.8899999856948853,1.8901000022888184,1.8899999856948853,1.8899999856948853,6996,0.0,0.0
2025-02-05 12:19:00-05:00,1.8854000568389893,1.8899999856948853,1.8799999952316284,1.8899999856948853,9215,0.0,0.0
2025-02-05 12:20:00-05:00,1.8849999904632568,1.8849999904632568,1.8849999904632568,1.8849999904632568,2320,0.0,0.0
2025-02-05 12:21:00-05:00,1.8799999952316284,1.8849999904632568,1.8799999952316284,1.8799999952316284,4890,0.0,0.0
2025-02-05 12:22:00-05:00,1.875,1.875,1.875,1.875,676,0.0,0.0
2025-02-05 12:23:00-05:00,1.875,1.8799999952316284,1.875,1.8799999952316284,200,0.0,0.0
2025-02-05 12:24:00-05:00,1.8799999952316284,1.8849999904632568,1.8799999952316284,1.8849999904632568,3703,0.0,0.0
2025-02-05 12:25:00-05:00,1.8849999904632568,1.8899999856948853,1.8849999904632568,1.8849999904632568,1554,0.0,0.0
2025-02-05 12:26:00-05:00,1.8824000358581543,1.8899999856948853,1.8824000358581543,1.8899999856948853,13647,0.0,0.0
2025-02-05 12:27:00-05:00,1.8899999856948853,1.8899999856948853,1.8849999904632568,1.8849999904632568,6374,0.0,0.0
2025-02-05 12:28:00-05:00,1.8880000114440918,1.8899999856948853,1.8849999904632568,1.8899999856948853,1454,0.0,0.0
2025-02-05 12:29:00-05:00,1.8849999904632568,1.8899999856948853,1.8799999952316284,1.8849999904632568,5628,0.0,0.0
2025-02-05 12:30:00-05:00,1.8849999904632568,1.8849999904632568,1.8849999904632568,1.8849999904632568,220,0.0,0.0
2025-02-05 12:31:00-05:00,1.8849999904632568,1.8849999904632568,1.8849999904632568,1.8849999904632568,726,0.0,0.0
2025-02-05 12:32:00-05:00,1.8899999856948853,1.8899999856948853,1.8899999856948853,1.8899999856948853,200,0.0,0.0
2025-02-05 12:33:00-05:00,1.8883999586105347,1.8899999856948853,1.8849999904632568,1.8899999856948853,841,0.0,0.0
2025-02-05 12:34:00-05:00,1.8899999856948853,1.8899999856948853,1.8849999904632568,1.8899999856948853,1389,0.0,0.0
2025-02-05 12:35:00-05:00,1.8835999965667725,1.8899999856948853,1.8835999965667725,1.8899999856948853,493,0.0,0.0
2025-02-05 12:36:00-05:00,1.8863999843597412,1.8863999843597412,1.8863999843597412,1.8863999843597412,3252,0.0,0.0
2025-02-05 12:37:00-05:00,1.8899999856948853,1.8899999856948853,1.888800024986267,1.8899999856948853,678,0.0,0.0
2025-02-05 12:38:00-05:00,1.8899999856948853,1.8899999856948853,1.8801000118255615,1.8801000118255615,4207,0.0,0.0
2025-02-05 12:39:00-05:00,1.8899999856948853,1.899999976158142,1.8885999917984009,1.8949999809265137,13192,0.0,0.0
2025-02-05 12:40:00-05:00,1.8986999988555908,1.8986999988555908,1.8949999809265137,1.8985999822616577,1581,0.0,0.0
2025-02-05 12:41:00-05:00,1.8949999809265137,1.899999976158142,1.8949999809265137,1.899999976158142,13149,0.0,0.0
2025-02-05 12:42:00-05:00,1.8969999551773071,1.8969999551773071,1.8901000022888184,1.8949999809265137,4711,0.0,0.0
2025-02-05 12:43:00-05:00,1.8911000490188599,1.899999976158142,1.8911000490188599,1.899999976158142,1154,0.0,0.0
2025-02-05 12:44:00-05:00,1.8901000022888184,1.8949999809265137,1.8901000022888184,1.8949999809265137,2045,0.0,0.0
2025-02-05 12:45:00-05:00,1.899999976158142,1.899999976158142,1.8949999809265137,1.8949999809265137,3538,0.0,0.0
2025-02-05 12:46:00-05:00,1.899999976158142,1.899999976158142,1.8949999809265137,1.898900032043457,2451,0.0,0.0
2025-02-05 12:47:00-05:00,1.8901000022888184,1.899999976158142,1.8901000022888184,1.8906999826431274,3031,0.0,0.0
2025-02-05 12:48:00-05:00,1.8949999809265137,1.898900032043457,1.8949999809265137,1.898900032043457,1205,0.0,0.0
2025-02-05 12:49:00-05:00,1.8914999961853027,1.899999976158142,1.8914999961853027,1.8986999988555908,1422,0.0,0.0
2025-02-05 12:50:00-05:00,1.8983999490737915,1.8983999490737915,1.8901000022888184,1.8949999809265137,1145,0.0,0.0
2025-02-05 12:51:00-05:00,1.8949999809265137,1.8949999809265137,1.8949999809265137,1.8949999809265137,1200,0.0,0.0
2025-02-05 12:52:00-05:00,1.8949999809265137,1.8949999809265137,1.8949999809265137,1.8949999809265137,607,0.0,0.0
2025-02-05 12:53:00-05:00,1.8949999809265137,1.8949999809265137,1.8899999856948853,1.8949999809265137,680,0.0,0.0
2025-02-05 12:54:00-05:00,1.899999976158142,1.899999976158142,1.8949999809265137,1.898800015449524,1345,0.0,0.0
2025-02-05 12:56:00-05:00,1.8974000215530396,1.899999976158142,1.8916000127792358,1.899999976158142,1351,0.0,0.0
2025-02-05 12:57:00-05:00,1.899999976158142,1.899999976158142,1.8799999952316284,1.8899999856948853,49444,0.0,0.0
2025-02-05 12:58:00-05:00,1.8899999856948853,1.8899999856948853,1.8899999856948853,1.8899999856948853,439,0.0,0.0
2025-02-05 13:00:00-05:00,1.8849999904632568,1.8849999904632568,1.8849999904632568,1.8849999904632568,1002,0.0,0.0
2025-02-05 13:01:00-05:00,1.8849999904632568,1.889299988746643,1.8849999904632568,1.889299988746643,2100,0.0,0.0
2025-02-05 13:02:00-05:00,1.8899999856948853,1.8899999856948853,1.8801000118255615,1.8853000402450562,26967,0.0,0.0
2025-02-05 13:03:00-05:00,1.8890999555587769,1.8890999555587769,1.8890999555587769,1.8890999555587769,2055,0.0,0.0
2025-02-05 13:04:00-05:00,1.8839999437332153,1.8839999437332153,1.8839999437332153,1.8839999437332153,100,0.0,0.0
2025-02-05 13:05:00-05:00,1.8899999856948853,1.8899999856948853,1.8899999856948853,1.8899999856948853,1232,0.0,0.0
2025-02-05 13:06:00-05:00,1.8899999856948853,1.8899999856948853,1.8898999691009521,1.8899999856948853,6123,0.0,0.0
2025-02-05 13:08:00-05:00,1.8799999952316284,1.8899999856948853,1.8799999952316284,1.8899999856948853,6409,0.0,0.0
2025-02-05 13:09:00-05:00,1.885200023651123,1.8899999856948853,1.885200023651123,1.8899999856948853,512,0.0,0.0
2025-02-05 13:10:00-05:00,1.8849999904632568,1.8899999856948853,1.8849999904632568,1.8899999856948853,1300,0.0,0.0
2025-02-05 13:11:00-05:00,1.8849999904632568,1.8899999856948853,1.8849999904632568,1.8899999856948853,6661,0.0,0.0
2025-02-05 13:12:00-05:00,1.8799999952316284,1.8899999856948853,1.8799999952316284,1.882599949836731,1387,0.0,0.0
2025-02-05 13:13:00-05:00,1.8899999856948853,1.8899999856948853,1.8899999856948853,1.8899999856948853,451,0.0,0.0
2025-02-05 13:15:00-05:00,1.8899999856948853,1.8949999809265137,1.8899999856948853,1.8949999809265137,8694,0.0,0.0
2025-02-05 13:16:00-05:00,1.8949999809265137,1.8949999809265137,1.8949999809265137,1.8949999809265137,335,0.0,0.0
2025-02-05 13:17:00-05:00,1.8903000354766846,1.898800015449524,1.8903000354766846,1.898800015449524,8906,0.0,0.0
2025-02-05 13:18:00-05:00,1.8949999809265137,1.8949999809265137,1.8949999809265137,1.8949999809265137,1150,0.0,0.0
2025-02-05 13:19:00-05:00,1.8949999809265137,1.896399974822998,1.8940000534057617,1.8940000534057617,964,0.0,0.0
2025-02-05 13:20:00-05:00,1.8949999809265137,1.8949999809265137,1.8949999809265137,1.8949999809265137,311,0.0,0.0
2025-02-05 13:21:00-05:00,1.8949999809265137,1.8949999809265137,1.8949999809265137,1.8949999809265137,546,0.0,0.0
2025-02-05 13:22:00-05:00,1.899999976158142,1.899999976158142,1.899999976158142,1.899999976158142,2371,0.0,0.0
2025-02-05 13:23:00-05:00,1.899999976158142,1.899999976158142,1.899899959564209,1.899899959564209,1301,0.0,0.0
2025-02-05 13:24:00-05:00,1.899999976158142,1.899999976158142,1.899999976158142,1.899999976158142,200,0.0,0.0
2025-02-05 13:25:00-05:00,1.8949999809265137,1.899999976158142,1.8899999856948853,1.899999976158142,898,0.0,0.0
2025-02-05 13:26:00-05:00,1.8910000324249268,1.8910000324249268,1.8910000324249268,1.8910000324249268,6345,0.0,0.0
2025-02-05 13:27:00-05:00,1.8899999856948853,1.8949999809265137,1.8849999904632568,1.8849999904632568,11989,0.0,0.0
2025-02-05 13:28:00-05:00,1.8898999691009521,1.898800015449524,1.8898999691009521,1.898800015449524,7903,0.0,0.0
2025-02-05 13:30:00-05:00,1.8940999507904053,1.898800015449524,1.8940999507904053,1.898800015449524,1500,0.0,0.0
2025-02-05 13:31:00-05:00,1.899999976158142,1.899999976158142,1.8899999856948853,1.898800015449524,3798,0.0,0.0
2025-02-05 13:32:00-05:00,1.899999976158142,1.899999976158142,1.899999976158142,1.899999976158142,1014,0.0,0.0
2025-02-05 13:33:00-05:00,1.899999976158142,1.899999976158142,1.899999976158142,1.899999976158142,140,0.0,0.0
2025-02-05 13:34:00-05:00,1.8985999822616577,1.8985999822616577,1.8942999839782715,1.8949999809265137,2960,0.0,0.0
2025-02-05 13:35:00-05:00,1.8949999809265137,1.8949999809265137,1.8947999477386475,1.8947999477386475,2200,0.0,0.0
2025-02-05 13:36:00-05:00,1.899899959564209,1.899899959564209,1.8930000066757202,1.8930000066757202,2846,0.0,0.0
2025-02-05 13:37:00-05:00,1.899999976158142,1.899999976158142,1.8916000127792358,1.8916000127792358,3630,0.0,0.0
2025-02-05 13:38:00-05:00,1.8949999809265137,1.8949999809265137,1.8899999856948853,1.8899999856948853,17686,0.0,0.0
2025-02-05 13:39:00-05:00,1.8899999856948853,1.8899999856948853,1.8899999856948853,1.8899999856948853,482,0.0,0.0
2025-02-05 13:40:00-05:00,1.8799999952316284,1.8799999952316284,1.8799999952316284,1.8799999952316284,32000,0.0,0.0
2025-02-05 13:41:00-05:00,1.8849999904632568,1.8849999904632568,1.8849999904632568,1.8849999904632568,400,0.0,0.0
2025-02-05 13:42:00-05:00,1.8799999952316284,1.8849999904632568,1.8799999952316284,1.8799999952316284,6875,0.0,0.0
2025-02-05 13:43:00-05:00,1.8849999904632568,1.885200023651123,1.8801000118255615,1.885200023651123,3183,0.0,0.0
2025-02-05 13:44:00-05:00,1.8889000415802002,1.8889000415802002,1.8889000415802002,1.8889000415802002,1948,0.0,0.0
2025-02-05 13:46:00-05:00,1.8849999904632568,1.8899999856948853,1.8849999904632568,1.8899999856948853,2980,0.0,0.0
2025-02-05 13:47:00-05:00,1.881500005722046,1.882599949836731,1.881500005722046,1.882599949836731,597,0.0,0.0
2025-02-05 13:48:00-05:00,1.8899999856948853,1.8899999856948853,1.8899999856948853,1.8899999856948853,202,0.0,0.0
2025-02-05 13:49:00-05:00,1.8849999904632568,1.8849999904632568,1.8849999904632568,1.8849999904632568,646,0.0,0.0
2025-02-05 13:50:00-05:00,1.8899999856948853,1.8899999856948853,1.8899999856948853,1.8899999856948853,101,0.0,0.0
2025-02-05 13:51:00-05:00,1.8899999856948853,1.8899999856948853,1.8899999856948853,1.8899999856948853,376,0.0,0.0
2025-02-05 13:52:00-05:00,1.8849999904632568,1.8849999904632568,1.8799999952316284,1.882699966430664,2456,0.0,0.0
2025-02-05 13:53:00-05:00,1.8849999904632568,1.8849999904632568,1.8849999904632568,1.8849999904632568,1120,0.0,0.0
2025-02-05 13:54:00-05:00,1.8849999904632568,1.888800024986267,1.8849999904632568,1.888800024986267,850,0.0,0.0
2025-02-05 13:55:00-05:00,1.8849999904632568,1.8849999904632568,1.8849999904632568,1.8849999904632568,480,0.0,0.0
2025-02-05 13:56:00-05:00,1.8849999904632568,1.8849999904632568,1.8849999904632568,1.8849999904632568,100,0.0,0.0
2025-02-05 13:57:00-05:00,1.8849999904632568,1.8849999904632568,1.8849999904632568,1.8849999904632568,341,0.0,0.0
2025-02-05 13:58:00-05:00,1.8849999904632568,1.8849999904632568,1.8849999904632568,1.8849999904632568,285,0.0,0.0
2025-02-05 13:59:00-05:00,1.8801000118255615,1.888800024986267,1.8801000118255615,1.8849999904632568,7801,0.0,0.0
2025-02-05 14:00:00-05:00,1.8880000114440918,1.8949999809265137,1.8849999904632568,1.8949999809265137,22243,0.0,0.0
2025-02-05 14:03:00-05:00,1.8934999704360962,1.8949999809265137,1.8934999704360962,1.8949999809265137,671,0.0,0.0
2025-02-05 14:04:00-05:00,1.899999976158142,1.899999976158142,1.8949999809265137,1.8949999809265137,1166,0.0,0.0
2025-02-05 14:06:00-05:00,1.8901000022888184,1.8911999464035034,1.8901000022888184,1.8911999464035034,2204,0.0,0.0
2025-02-05 14:07:00-05:00,1.8910000324249268,1.8949999809265137,1.8899999856948853,1.8899999856948853,16493,0.0,0.0
2025-02-05 14:08:00-05:00,1.8899999856948853,1.8899999856948853,1.8883999586105347,1.8883999586105347,253,0.0,0.0
2025-02-05 14:09:00-05:00,1.8849999904632568,1.8849999904632568,1.8811999559402466,1.8811999559402466,2705,0.0,0.0
2025-02-05 14:10:00-05:00,1.8849999904632568,1.8849999904632568,1.8819999694824219,1.8819999694824219,1115,0.0,0.0
2025-02-05 14:12:00-05:00,1.8849999904632568,1.8849999904632568,1.8849999904632568,1.8849999904632568,299,0.0,0.0
2025-02-05 14:14:00-05:00,1.889799952507019,1.889799952507019,1.8799999952316284,1.8849999904632568,2758,0.0,0.0
2025-02-05 14:16:00-05:00,1.8899999856948853,1.8899999856948853,1.889299988746643,1.889299988746643,5532,0.0,0.0
2025-02-05 14:17:00-05:00,1.8899999856948853,1.8899999856948853,1.8799999952316284,1.8849999904632568,7792,0.0,0.0
2025-02-05 14:18:00-05:00,1.889299988746643,1.889299988746643,1.8849999904632568,1.8849999904632568,700,0.0,0.0
2025-02-05 14:20:00-05:00,1.882599949836731,1.882599949836731,1.882599949836731,1.882599949836731,1223,0.0,0.0
2025-02-05 14:21:00-05:00,1.8799999952316284,1.8849999904632568,1.8799999952316284,1.8849999904632568,2918,0.0,0.0
2025-02-05 14:22:00-05:00,1.8898999691009521,1.8898999691009521,1.8889000415802002,1.8889000415802002,1321,0.0,0.0
2025-02-05 14:24:00-05:00,1.8898999691009521,1.8898999691009521,1.885200023651123,1.885200023651123,3360,0.0,0.0
2025-02-05 14:25:00-05:00,1.8799999952316284,1.886299967765808,1.8799999952316284,1.886299967765808,4081,0.0,0.0
2025-02-05 14:26:00-05:00,1.8849999904632568,1.8849999904632568,1.8849999904632568,1.8849999904632568,201,0.0,0.0
2025-02-05 14:28:00-05:00,1.8801000118255615,1.8849999904632568,1.8799999952316284,1.8799999952316284,11762,0.0,0.0
2025-02-05 14:29:00-05:00,1.876099944114685,1.876099944114685,1.876099944114685,1.876099944114685,126,0.0,0.0
2025-02-05 14:31:00-05:00,1.875,1.8763999938964844,1.8694000244140625,1.8763999938964844,19194,0.0,0.0
2025-02-05 14:32:00-05:00,1.8799999952316284,1.8799999952316284,1.8700000047683716,1.8700000047683716,3206,0.0,0.0
2025-02-05 14:33:00-05:00,1.875,1.875,1.875,1.875,154,0.0,0.0
2025-02-05 14:35:00-05:00,1.8798999786376953,1.8798999786376953,1.875,1.8798999786376953,6698,0.0,0.0
2025-02-05 14:39:00-05:00,1.8799999952316284,1.8849999904632568,1.8799999952316284,1.8849999904632568,5878,0.0,0.0
2025-02-05 14:40:00-05:00,1.8853000402450562,1.8899999856948853,1.8853000402450562,1.8899999856948853,466,0.0,0.0
2025-02-05 14:41:00-05:00,1.8899999856948853,1.8899999856948853,1.8849999904632568,1.8849999904632568,2203,0.0,0.0
2025-02-05 14:42:00-05:00,1.8899999856948853,1.8899999856948853,1.8899999856948853,1.8899999856948853,400,0.0,0.0
2025-02-05 14:43:00-05:00,1.8849999904632568,1.888800024986267,1.8799999952316284,1.8849999904632568,11158,0.0,0.0
2025-02-05 14:44:00-05:00,1.8849999904632568,1.8849999904632568,1.8849999904632568,1.8849999904632568,1000,0.0,0.0
2025-02-05 14:45:00-05:00,1.8803999423980713,1.8849999904632568,1.8803999423980713,1.8812999725341797,2657,0.0,0.0
2025-02-05 14:47:00-05:00,1.8849999904632568,1.8849999904632568,1.8849999904632568,1.8849999904632568,402,0.0,0.0
2025-02-05 14:48:00-05:00,1.8849999904632568,1.8849999904632568,1.8849999904632568,1.8849999904632568,493,0.0,0.0
2025-02-05 14:50:00-05:00,1.8849999904632568,1.8849999904632568,1.8849999904632568,1.8849999904632568,2005,0.0,0.0
2025-02-05 14:51:00-05:00,1.8849999904632568,1.8849999904632568,1.8849999904632568,1.8849999904632568,2007,0.0,0.0
2025-02-05 14:52:00-05:00,1.8849999904632568,1.8849999904632568,1.8849999904632568,1.8849999904632568,383,0.0,0.0
2025-02-05 14:53:00-05:00,1.8849999904632568,1.8890999555587769,1.8849999904632568,1.8884999752044678,2461,0.0,0.0
2025-02-05 14:54:00-05:00,1.8849999904632568,1.88510000705719,1.8849999904632568,1.8849999904632568,2468,0.0,0.0
2025-02-05 14:55:00-05:00,1.8849999904632568,1.8849999904632568,1.8849999904632568,1.8849999904632568,1000,0.0,0.0
2025-02-05 14:56:00-05:00,1.885200023651123,1.889299988746643,1.8801000118255615,1.8849999904632568,9461,0.0,0.0
2025-02-05 14:57:00-05:00,1.8868000507354736,1.8868000507354736,1.8801000118255615,1.8834999799728394,950,0.0,0.0
2025-02-05 14:58:00-05:00,1.8849999904632568,1.8849999904632568,1.8849999904632568,1.8849999904632568,400,0.0,0.0
2025-02-05 14:59:00-05:00,1.8801000118255615,1.8801000118255615,1.8700000047683716,1.8799999952316284,17717,0.0,0.0
2025-02-05 15:00:00-05:00,1.8799999952316284,1.8799999952316284,1.875,1.8799999952316284,8296,0.0,0.0
2025-02-05 15:01:00-05:00,1.8799999952316284,1.8799999952316284,1.8799999952316284,1.8799999952316284,2578,0.0,0.0
2025-02-05 15:03:00-05:00,1.8847999572753906,1.8847999572753906,1.8847999572753906,1.8847999572753906,163,0.0,0.0
2025-02-05 15:06:00-05:00,1.8799999952316284,1.8849999904632568,1.8799999952316284,1.8849999904632568,1636,0.0,0.0
2025-02-05 15:07:00-05:00,1.8833999633789062,1.8833999633789062,1.8801000118255615,1.8801000118255615,8179,0.0,0.0
2025-02-05 15:08:00-05:00,1.8849999904632568,1.8849999904632568,1.8849999904632568,1.8849999904632568,100,0.0,0.0
2025-02-05 15:09:00-05:00,1.8899999856948853,1.8899999856948853,1.8849999904632568,1.8849999904632568,494,0.0,0.0
2025-02-05 15:10:00-05:00,1.8899999856948853,1.8899999856948853,1.8899999856948853,1.8899999856948853,1513,0.0,0.0
2025-02-05 15:12:00-05:00,1.8899999856948853,1.8899999856948853,1.8899999856948853,1.8899999856948853,420,0.0,0.0
2025-02-05 15:13:00-05:00,1.8812999725341797,1.8812999725341797,1.8812999725341797,1.8812999725341797,518,0.0,0.0
2025-02-05 15:14:00-05:00,1.8899999856948853,1.8899999856948853,1.8899999856948853,1.8899999856948853,450,0.0,0.0
2025-02-05 15:15:00-05:00,1.8889000415802002,1.8889000415802002,1.8801000118255615,1.8801000118255615,1578,0.0,0.0
2025-02-05 15:16:00-05:00,1.8899999856948853,1.8899999856948853,1.8849999904632568,1.8899999856948853,1398,0.0,0.0
2025-02-05 15:17:00-05:00,1.8898999691009521,1.8898999691009521,1.8849999904632568,1.8849999904632568,4101,0.0,0.0
2025-02-05 15:18:00-05:00,1.8899999856948853,1.8899999856948853,1.8849999904632568,1.8899999856948853,2393,0.0,0.0
2025-02-05 15:19:00-05:00,1.8898999691009521,1.8898999691009521,1.8803000450134277,1.8803000450134277,1798,0.0,0.0
2025-02-05 15:20:00-05:00,1.8899999856948853,1.8899999856948853,1.8849999904632568,1.8899999856948853,843,0.0,0.0
2025-02-05 15:21:00-05:00,1.8849999904632568,1.8849999904632568,1.8849999904632568,1.8849999904632568,260,0.0,0.0
2025-02-05 15:22:00-05:00,1.8849999904632568,1.8899999856948853,1.8849999904632568,1.8849999904632568,2667,0.0,0.0
2025-02-05 15:23:00-05:00,1.8899999856948853,1.8899999856948853,1.8849999904632568,1.8849999904632568,4477,0.0,0.0
2025-02-05 15:24:00-05:00,1.8899999856948853,1.8899999856948853,1.8849999904632568,1.8849999904632568,1458,0.0,0.0
2025-02-05 15:25:00-05:00,1.8849999904632568,1.8899999856948853,1.881600022315979,1.881600022315979,1100,0.0,0.0
2025-02-05 15:26:00-05:00,1.881500005722046,1.8849999904632568,1.881500005722046,1.8849999904632568,1321,0.0,0.0
2025-02-05 15:27:00-05:00,1.8849999904632568,1.8899999856948853,1.8847999572753906,1.8849999904632568,1930,0.0,0.0
2025-02-05 15:28:00-05:00,1.8849999904632568,1.8899999856948853,1.8849999904632568,1.8899999856948853,590,0.0,0.0
2025-02-05 15:29:00-05:00,1.8849999904632568,1.8849999904632568,1.8849999904632568,1.8849999904632568,1864,0.0,0.0
2025-02-05 15:30:00-05:00,1.8849999904632568,1.8849999904632568,1.8849999904632568,1.8849999904632568,740,0.0,0.0
2025-02-05 15:31:00-05:00,1.8849999904632568,1.8884999752044678,1.8849999904632568,1.8849999904632568,690,0.0,0.0
2025-02-05 15:32:00-05:00,1.8899999856948853,1.8899999856948853,1.8849999904632568,1.8849999904632568,826,0.0,0.0
2025-02-05 15:33:00-05:00,1.8849999904632568,1.8849999904632568,1.8849999904632568,1.8849999904632568,1581,0.0,0.0
2025-02-05 15:34:00-05:00,1.8849999904632568,1.8849999904632568,1.8847999572753906,1.8849999904632568,1106,0.0,0.0
2025-02-05 15:35:00-05:00,1.8849999904632568,1.885200023651123,1.8700000047683716,1.8799999952316284,53400,0.0,0.0
2025-02-05 15:36:00-05:00,1.875,1.875,1.871500015258789,1.871500015258789,979,0.0,0.0
2025-02-05 15:37:00-05:00,1.875,1.8799999952316284,1.875,1.8798999786376953,9845,0.0,0.0
2025-02-05 15:38:00-05:00,1.8799999952316284,1.8849999904632568,1.8799999952316284,1.8849999904632568,11037,0.0,0.0
2025-02-05 15:39:00-05:00,1.8849999904632568,1.8849999904632568,1.8849999904632568,1.8849999904632568,1507,0.0,0.0
2025-02-05 15:40:00-05:00,1.8849999904632568,1.8849999904632568,1.8849999904632568,1.8849999904632568,1869,0.0,0.0
2025-02-05 15:41:00-05:00,1.8849999904632568,1.8899999856948853,1.8801000118255615,1.8801000118255615,14390,0.0,0.0
2025-02-05 15:42:00-05:00,1.8801000118255615,1.8899999856948853,1.8801000118255615,1.8849999904632568,4361,0.0,0.0
2025-02-05 15:43:00-05:00,1.8849999904632568,1.8849999904632568,1.8799999952316284,1.8849999904632568,1702,0.0,0.0
2025-02-05 15:44:00-05:00,1.8799999952316284,1.8849999904632568,1.8799999952316284,1.8845000267028809,15068,0.0,0.0
2025-02-05 15:46:00-05:00,1.8799999952316284,1.8849999904632568,1.8799999952316284,1.8799999952316284,7540,0.0,0.0
2025-02-05 15:47:00-05:00,1.8799999952316284,1.8849999904632568,1.8799999952316284,1.8799999952316284,1244,0.0,0.0
2025-02-05 15:48:00-05:00,1.8849999904632568,1.8849999904632568,1.8849999904632568,1.8849999904632568,2516,0.0,0.0
2025-02-05 15:49:00-05:00,1.8849999904632568,1.8890999555587769,1.8799999952316284,1.881100058555603,3891,0.0,0.0
2025-02-05 15:50:00-05:00,1.8799999952316284,1.8849999904632568,1.8799999952316284,1.8849999904632568,703,0.0,0.0
2025-02-05 15:51:00-05:00,1.8849999904632568,1.8899999856948853,1.8849999904632568,1.8849999904632568,8281,0.0,0.0
2025-02-05 15:52:00-05:00,1.8849999904632568,1.8899999856948853,1.8849999904632568,1.8849999904632568,10652,0.0,0.0
2025-02-05 15:53:00-05:00,1.8899999856948853,1.8899999856948853,1.8849999904632568,1.8899999856948853,3859,0.0,0.0
2025-02-05 15:54:00-05:00,1.8899999856948853,1.8899999856948853,1.8801000118255615,1.8899999856948853,2970,0.0,0.0
2025-02-05 15:55:00-05:00,1.8880000114440918,1.8899999856948853,1.8849999904632568,1.8849999904632568,3090,0.0,0.0
2025-02-05 15:56:00-05:00,1.8849999904632568,1.8899999856948853,1.881500005722046,1.8849999904632568,5832,0.0,0.0
2025-02-05 15:57:00-05:00,1.8899999856948853,1.9199999570846558,1.8899999856948853,1.9199999570846558,282196,0.0,0.0
2025-02-05 15:58:00-05:00,1.9199999570846558,1.9199999570846558,1.9148000478744507,1.9199999570846558,14803,0.0,0.0
2025-02-05 15:59:00-05:00,1.9199999570846558,1.9500000476837158,1.9199999570846558,1.9500000476837158,68103,0.0,0.0
2025-02-06 09:30:00-05:00,1.9500000476837158,1.9573999643325806,1.9249999523162842,1.940000057220459,170757,0.0,0.0
2025-02-06 09:31:00-05:00,1.9490000009536743,1.9700000286102295,1.940000057220459,1.965000033378601,47726,0.0,0.0
2025-02-06 09:32:00-05:00,1.965000033378601,1.9774999618530273,1.9550000429153442,1.9586000442504883,25102,0.0,0.0
2025-02-06 09:33:00-05:00,1.9599000215530396,1.9700000286102295,1.9599000215530396,1.9700000286102295,16744,0.0,0.0
2025-02-06 09:34:00-05:00,1.9699000120162964,1.9700000286102295,1.9572999477386475,1.9642000198364258,9521,0.0,0.0
2025-02-06 09:35:00-05:00,1.9674999713897705,1.9700000286102295,1.965000033378601,1.9700000286102295,4548,0.0,0.0
2025-02-06 09:36:00-05:00,1.9700000286102295,1.9900000095367432,1.9700000286102295,1.9850000143051147,50806,0.0,0.0
2025-02-06 09:37:00-05:00,1.988700032234192,1.9900000095367432,1.975000023841858,1.9850000143051147,28062,0.0,0.0
2025-02-06 09:38:00-05:00,1.989799976348877,1.9900000095367432,1.9700000286102295,1.9850000143051147,78539,0.0,0.0
2025-02-06 09:39:00-05:00,1.9807000160217285,1.9883999824523926,1.9600000381469727,1.9700000286102295,10842,0.0,0.0
2025-02-06 09:40:00-05:00,1.9702999591827393,1.9774999618530273,1.965000033378601,1.9700000286102295,8438,0.0,0.0
2025-02-06 09:41:00-05:00,1.9700000286102295,1.9700000286102295,1.9586999416351318,1.9586999416351318,1457,0.0,0.0
2025-02-06 09:42:00-05:00,1.958400011062622,1.9593000411987305,1.909999966621399,1.9149999618530273,68665,0.0,0.0
2025-02-06 09:43:00-05:00,1.9149999618530273,1.934999942779541,1.899999976158142,1.934999942779541,268345,0.0,0.0
2025-02-06 09:44:00-05:00,1.940000057220459,1.9550000429153442,1.9299999475479126,1.9520000219345093,40541,0.0,0.0
2025-02-06 09:45:00-05:00,1.9550000429153442,1.9599000215530396,1.9500000476837158,1.9550000429153442,16309,0.0,0.0
2025-02-06 09:46:00-05:00,1.9550000429153442,1.965000033378601,1.9550000429153442,1.965000033378601,52417,0.0,0.0
2025-02-06 09:47:00-05:00,1.9601000547409058,1.9700000286102295,1.9601000547409058,1.9700000286102295,9033,0.0,0.0
2025-02-06 09:48:00-05:00,1.9600000381469727,1.9600000381469727,1.9500000476837158,1.9500000476837158,916511,0.0,0.0
2025-02-06 09:49:00-05:00,1.9600000381469727,1.9600000381469727,1.954699993133545,1.9550000429153442,8378,0.0,0.0
2025-02-06 09:50:00-05:00,1.9585000276565552,1.9585000276565552,1.9585000276565552,1.9585000276565552,495,0.0,0.0
2025-02-06 09:51:00-05:00,1.9600000381469727,1.9600000381469727,1.9500999450683594,1.9500999450683594,1161,0.0,0.0
2025-02-06 09:52:00-05:00,1.9550000429153442,1.9550000429153442,1.9500000476837158,1.9500000476837158,6941,0.0,0.0
2025-02-06 09:53:00-05:00,1.9550000429153442,1.9596999883651733,1.9550000429153442,1.9550000429153442,523,0.0,0.0
2025-02-06 09:54:00-05:00,1.9600000381469727,1.9600000381469727,1.951200008392334,1.9550000429153442,7661,0.0,0.0
2025-02-06 09:55:00-05:00,1.958799958229065,1.9600000381469727,1.9500000476837158,1.9550000429153442,1982,0.0,0.0
2025-02-06 09:56:00-05:00,1.9500000476837158,1.9500000476837158,1.9249999523162842,1.9249999523162842,5665,0.0,0.0
2025-02-06 09:57:00-05:00,1.9299999475479126,1.9299999475479126,1.9226000308990479,1.9249999523162842,1468,0.0,0.0
2025-02-06 09:58:00-05:00,1.9249999523162842,1.9249999523162842,1.9249999523162842,1.9249999523162842,443,0.0,0.0
2025-02-06 10:00:00-05:00,1.9251999855041504,1.9299999475479126,1.9249999523162842,1.9283000230789185,4071,0.0,0.0
2025-02-06 10:01:00-05:00,1.9299999475479126,1.934999942779541,1.9263999462127686,1.9263999462127686,2505,0.0,0.0
2025-02-06 10:02:00-05:00,1.9299999475479126,1.9299999475479126,1.9249999523162842,1.9249999523162842,551,0.0,0.0
2025-02-06 10:03:00-05:00,1.9286999702453613,1.940000057220459,1.9249999523162842,1.9249999523162842,11010,0.0,0.0
2025-02-06 10:04:00-05:00,1.9249999523162842,1.9249999523162842,1.9199999570846558,1.9199999570846558,5903,0.0,0.0
2025-02-06 10:05:00-05:00,1.9199999570846558,1.9199999570846558,1.909999966621399,1.909999966621399,5359,0.0,0.0
2025-02-06 10:06:00-05:00,1.9149999618530273,1.9149999618530273,1.899999976158142,1.9149999618530273,14891,0.0,0.0
2025-02-06 10:07:00-05:00,1.9183000326156616,1.9183000326156616,1.9179999828338623,1.9179999828338623,1196,0.0,0.0
2025-02-06 10:08:00-05:00,1.9138000011444092,1.9149999618530273,1.909999966621399,1.9149999618530273,2846,0.0,0.0
2025-02-06 10:09:00-05:00,1.9146000146865845,1.9199999570846558,1.910099983215332,1.910099983215332,1502,0.0,0.0
2025-02-06 10:10:00-05:00,1.9199999570846558,1.9199999570846558,1.9199999570846558,1.9199999570846558,105,0.0,0.0
2025-02-06 10:11:00-05:00,1.9149999618530273,1.9199999570846558,1.899999976158142,1.899999976158142,21046,0.0,0.0
2025-02-06 10:12:00-05:00,1.899999976158142,1.9049999713897705,1.8899999856948853,1.8899999856948853,24816,0.0,0.0
2025-02-06 10:13:00-05:00,1.8969000577926636,1.8969000577926636,1.8899999856948853,1.8899999856948853,3596,0.0,0.0
2025-02-06 10:14:00-05:00,1.8906999826431274,1.8947999477386475,1.8901000022888184,1.8901000022888184,1657,0.0,0.0
2025-02-06 10:15:00-05:00,1.8949999809265137,1.909999966621399,1.8901000022888184,1.8974000215530396,9518,0.0,0.0
2025-02-06 10:16:00-05:00,1.899999976158142,1.9098999500274658,1.8901000022888184,1.9049999713897705,7052,0.0,0.0
2025-02-06 10:17:00-05:00,1.909999966621399,1.909999966621399,1.9049999713897705,1.9049999713897705,1499,0.0,0.0
2025-02-06 10:18:00-05:00,1.899999976158142,1.899999976158142,1.8949999809265137,1.8949999809265137,4048,0.0,0.0
2025-02-06 10:19:00-05:00,1.8949999809265137,1.899999976158142,1.8949999809265137,1.8949999809265137,715,0.0,0.0
2025-02-06 10:20:00-05:00,1.8984999656677246,1.8984999656677246,1.8949999809265137,1.8949999809265137,1062,0.0,0.0
2025-02-06 10:21:00-05:00,1.899999976158142,1.899999976158142,1.8899999856948853,1.8899999856948853,1130,0.0,0.0
2025-02-06 10:22:00-05:00,1.8949999809265137,1.899899959564209,1.8949999809265137,1.899899959564209,459,0.0,0.0
2025-02-06 10:23:00-05:00,1.8916000127792358,1.8916000127792358,1.8700000047683716,1.8700000047683716,19417,0.0,0.0
2025-02-06 10:24:00-05:00,1.875,1.8752000331878662,1.8700000047683716,1.8700000047683716,4132,0.0,0.0
2025-02-06 10:25:00-05:00,1.8700000047683716,1.8799999952316284,1.8600000143051147,1.8797999620437622,19637,0.0,0.0
2025-02-06 10:26:00-05:00,1.874400019645691,1.899999976158142,1.874400019645691,1.8799999952316284,45691,0.0,0.0
2025-02-06 10:27:00-05:00,1.8949999809265137,1.8983999490737915,1.8899999856948853,1.8983999490737915,3015,0.0,0.0
2025-02-06 10:28:00-05:00,1.8949999809265137,1.8949999809265137,1.8949999809265137,1.8949999809265137,356,0.0,0.0
2025-02-06 10:30:00-05:00,1.8949999809265137,1.9049999713897705,1.8949999809265137,1.9049999713897705,11575,0.0,0.0
2025-02-06 10:31:00-05:00,1.9049999713897705,1.9049999713897705,1.8916000127792358,1.8916000127792358,6923,0.0,0.0
2025-02-06 10:32:00-05:00,1.8949999809265137,1.899999976158142,1.8899999856948853,1.8949999809265137,11645,0.0,0.0
2025-02-06 10:34:00-05:00,1.8949999809265137,1.8954999446868896,1.8899999856948853,1.8949999809265137,2456,0.0,0.0
2025-02-06 10:35:00-05:00,1.8949999809265137,1.8949999809265137,1.8949999809265137,1.8949999809265137,176,0.0,0.0
2025-02-06 10:36:00-05:00,1.8960000276565552,1.9049999713897705,1.895799994468689,1.9049999713897705,6003,0.0,0.0
2025-02-06 10:37:00-05:00,1.899999976158142,1.9086999893188477,1.899999976158142,1.9086999893188477,1458,0.0,0.0
2025-02-06 10:38:00-05:00,1.9049999713897705,1.9049999713897705,1.8955999612808228,1.9049999713897705,2882,0.0,0.0
2025-02-06 10:39:00-05:00,1.9049999713897705,1.9049999713897705,1.9049999713897705,1.9049999713897705,388,0.0,0.0
2025-02-06 10:40:00-05:00,1.9000999927520752,1.9098999500274658,1.9000999927520752,1.9000999927520752,9735,0.0,0.0
2025-02-06 10:41:00-05:00,1.909999966621399,1.9249999523162842,1.9098999500274658,1.9249999523162842,54148,0.0,0.0
2025-02-06 10:42:00-05:00,1.909999966621399,1.916700005531311,1.909999966621399,1.916700005531311,632,0.0,0.0
2025-02-06 10:43:00-05:00,1.9149999618530273,1.9149999618530273,1.909999966621399,1.909999966621399,535,0.0,0.0
2025-02-06 10:44:00-05:00,1.9149999618530273,1.9199999570846558,1.9098999500274658,1.9098999500274658,2792,0.0,0.0
2025-02-06 10:45:00-05:00,1.9076999425888062,1.9199999570846558,1.9076999425888062,1.9149999618530273,14457,0.0,0.0
2025-02-06 10:46:00-05:00,1.9148000478744507,1.9199999570846558,1.9148000478744507,1.9199999570846558,3072,0.0,0.0
2025-02-06 10:47:00-05:00,1.910099983215332,1.910099983215332,1.910099983215332,1.910099983215332,552,0.0,0.0
2025-02-06 10:48:00-05:00,1.909999966621399,1.9110000133514404,1.9049999713897705,1.9049999713897705,3363,0.0,0.0
2025-02-06 10:50:00-05:00,1.9049999713897705,1.9049999713897705,1.9000999927520752,1.9000999927520752,5156,0.0,0.0
2025-02-06 10:51:00-05:00,1.904099941253662,1.904099941253662,1.904099941253662,1.904099941253662,354,0.0,0.0
2025-02-06 10:52:00-05:00,1.906499981880188,1.909999966621399,1.899999976158142,1.9067000150680542,2628,0.0,0.0
2025-02-06 10:53:00-05:00,1.9049999713897705,1.9049999713897705,1.899999976158142,1.9049999713897705,3037,0.0,0.0
2025-02-06 10:54:00-05:00,1.9098999500274658,1.9098999500274658,1.899999976158142,1.899999976158142,3119,0.0,0.0
2025-02-06 10:55:00-05:00,1.9049999713897705,1.9049999713897705,1.9049999713897705,1.9049999713897705,212,0.0,0.0
2025-02-06 10:56:00-05:00,1.899999976158142,1.899999976158142,1.899999976158142,1.899999976158142,365,0.0,0.0
2025-02-06 10:57:00-05:00,1.9049999713897705,1.9049999713897705,1.9049999713897705,1.9049999713897705,345,0.0,0.0
2025-02-06 11:01:00-05:00,1.9000999927520752,1.9000999927520752,1.9000999927520752,1.9000999927520752,346,0.0,0.0
2025-02-06 11:02:00-05:00,1.9049999713897705,1.9049999713897705,1.9049999713897705,1.9049999713897705,352,0.0,0.0
2025-02-06 11:03:00-05:00,1.9049999713897705,1.9049999713897705,1.9019999504089355,1.9049999713897705,1701,0.0,0.0
2025-02-06 11:04:00-05:00,1.9049999713897705,1.9049999713897705,1.9049999713897705,1.9049999713897705,148,0.0,0.0
2025-02-06 11:05:00-05:00,1.908400058746338,1.909999966621399,1.908400058746338,1.909999966621399,423,0.0,0.0
2025-02-06 11:07:00-05:00,1.909999966621399,1.909999966621399,1.9049999713897705,1.9049999713897705,283,0.0,0.0
2025-02-06 11:08:00-05:00,1.909999966621399,1.909999966621399,1.909999966621399,1.909999966621399,131,0.0,0.0
2025-02-06 11:09:00-05:00,1.909999966621399,1.9149999618530273,1.909999966621399,1.9149999618530273,5498,0.0,0.0
2025-02-06 11:10:00-05:00,1.9149999618530273,1.9149999618530273,1.909999966621399,1.910099983215332,8800,0.0,0.0
2025-02-06 11:11:00-05:00,1.9149999618530273,1.9199999570846558,1.909999966621399,1.909999966621399,760,0.0,0.0
2025-02-06 11:12:00-05:00,1.9149999618530273,1.9149999618530273,1.9049999713897705,1.9049999713897705,3047,0.0,0.0
2025-02-06 11:13:00-05:00,1.9049999713897705,1.9049999713897705,1.9049999713897705,1.9049999713897705,1341258,0.0,0.0
2025-02-06 11:15:00-05:00,1.9085999727249146,1.9085999727249146,1.9085999727249146,1.9085999727249146,390,0.0,0.0
2025-02-06 11:16:00-05:00,1.908400058746338,1.908400058746338,1.908400058746338,1.908400058746338,294,0.0,0.0
2025-02-06 11:17:00-05:00,1.899999976158142,1.899999976158142,1.8899999856948853,1.8949999809265137,3710,0.0,0.0
2025-02-06 11:18:00-05:00,1.898900032043457,1.909999966621399,1.8949999809265137,1.9049999713897705,9885,0.0,0.0
2025-02-06 11:22:00-05:00,1.9049999713897705,1.9049999713897705,1.9049999713897705,1.9049999713897705,122,0.0,0.0
2025-02-06 11:23:00-05:00,1.909999966621399,1.909999966621399,1.909999966621399,1.909999966621399,825,0.0,0.0
2025-02-06 11:24:00-05:00,1.9049999713897705,1.9049999713897705,1.9049999713897705,1.9049999713897705,215,0.0,0.0
2025-02-06 11:25:00-05:00,1.9050999879837036,1.9098999500274658,1.9049999713897705,1.9049999713897705,653,0.0,0.0
2025-02-06 11:27:00-05:00,1.9061000347137451,1.9061000347137451,1.9049999713897705,1.9049999713897705,3467,0.0,0.0
2025-02-06 11:28:00-05:00,1.9012000560760498,1.909999966621399,1.9012000560760498,1.909999966621399,448,0.0,0.0
2025-02-06 11:29:00-05:00,1.9049999713897705,1.909999966621399,1.9009000062942505,1.909999966621399,2401,0.0,0.0
2025-02-06 11:30:00-05:00,1.9049999713897705,1.9049999713897705,1.9000999927520752,1.9049999713897705,519,0.0,0.0
2025-02-06 11:31:00-05:00,1.9016000032424927,1.9016000032424927,1.9016000032424927,1.9016000032424927,157,0.0,0.0
2025-02-06 11:32:00-05:00,1.9012999534606934,1.9049999713897705,1.9012999534606934,1.9049999713897705,346,0.0,0.0
2025-02-06 11:33:00-05:00,1.9012000560760498,1.9049999713897705,1.9012000560760498,1.9049999713897705,858,0.0,0.0
2025-02-06 11:34:00-05:00,1.9049999713897705,1.9049999713897705,1.9049999713897705,1.9049999713897705,420,0.0,0.0
2025-02-06 11:36:00-05:00,1.909999966621399,1.909999966621399,1.9049999713897705,1.9049999713897705,687,0.0,0.0
2025-02-06 11:38:00-05:00,1.9049999713897705,1.9049999713897705,1.8949999809265137,1.8949999809265137,6976,0.0,0.0
2025-02-06 11:39:00-05:00,1.8976000547409058,1.899899959564209,1.8949999809265137,1.8949999809265137,9139,0.0,0.0
2025-02-06 11:40:00-05:00,1.8983999490737915,1.8983999490737915,1.8983999490737915,1.8983999490737915,247,0.0,0.0
2025-02-06 11:41:00-05:00,1.8949999809265137,1.8949999809265137,1.8949999809265137,1.8949999809265137,500,0.0,0.0
2025-02-06 11:42:00-05:00,1.8949999809265137,1.8949999809265137,1.8949999809265137,1.8949999809265137,184,0.0,0.0
2025-02-06 11:43:00-05:00,1.8949999809265137,1.8986999988555908,1.8949999809265137,1.8949999809265137,5003,0.0,0.0
2025-02-06 11:44:00-05:00,1.8899999856948853,1.8983999490737915,1.8899999856948853,1.8983999490737915,472,0.0,0.0
2025-02-06 11:47:00-05:00,1.8949999809265137,1.8949999809265137,1.8949999809265137,1.8949999809265137,2954,0.0,0.0
2025-02-06 11:48:00-05:00,1.899999976158142,1.899999976158142,1.899999976158142,1.899999976158142,122,0.0,0.0
2025-02-06 11:49:00-05:00,1.8912999629974365,1.899999976158142,1.8912999629974365,1.899999976158142,1767,0.0,0.0
2025-02-06 11:50:00-05:00,1.8949999809265137,1.8949999809265137,1.8949999809265137,1.8949999809265137,609,0.0,0.0
2025-02-06 11:51:00-05:00,1.8901000022888184,1.8901000022888184,1.8901000022888184,1.8901000022888184,111,0.0,0.0
2025-02-06 11:52:00-05:00,1.8984999656677246,1.8984999656677246,1.8984999656677246,1.8984999656677246,371,0.0,0.0
2025-02-06 11:53:00-05:00,1.8949999809265137,1.8949999809265137,1.8949999809265137,1.8949999809265137,136,0.0,0.0
2025-02-06 11:54:00-05:00,1.8949999809265137,1.8949999809265137,1.8903000354766846,1.8903000354766846,760,0.0,0.0
2025-02-06 11:55:00-05:00,1.8949999809265137,1.8949999809265137,1.8949999809265137,1.8949999809265137,125,0.0,0.0
2025-02-06 11:56:00-05:00,1.8949999809265137,1.899999976158142,1.8899999856948853,1.8949999809265137,6099,0.0,0.0
2025-02-06 11:57:00-05:00,1.8986999988555908,1.8986999988555908,1.8949999809265137,1.8949999809265137,1286,0.0,0.0
2025-02-06 11:58:00-05:00,1.8949999809265137,1.899999976158142,1.8949999809265137,1.899999976158142,949,0.0,0.0
2025-02-06 12:01:00-05:00,1.8949999809265137,1.8949999809265137,1.8949999809265137,1.8949999809265137,131,0.0,0.0
2025-02-06 12:02:00-05:00,1.8949999809265137,1.8949999809265137,1.8949999809265137,1.8949999809265137,1070,0.0,0.0
2025-02-06 12:03:00-05:00,1.8949999809265137,1.8949999809265137,1.8949999809265137,1.8949999809265137,100,0.0,0.0
2025-02-06 12:04:00-05:00,1.899999976158142,1.899999976158142,1.899999976158142,1.899999976158142,203,0.0,0.0
2025-02-06 12:05:00-05:00,1.8997999429702759,1.8997999429702759,1.8899999856948853,1.8899999856948853,1847,0.0,0.0
2025-02-06 12:07:00-05:00,1.8899999856948853,1.8949999809265137,1.8849999904632568,1.888800024986267,47978,0.0,0.0
2025-02-06 12:08:00-05:00,1.8863999843597412,1.8863999843597412,1.8863999843597412,1.8863999843597412,2052,0.0,0.0
2025-02-06 12:09:00-05:00,1.8899999856948853,1.8899999856948853,1.882599949836731,1.882599949836731,582,0.0,0.0
2025-02-06 12:10:00-05:00,1.8849999904632568,1.8899999856948853,1.882599949836731,1.8899999856948853,7620,0.0,0.0
2025-02-06 12:11:00-05:00,1.8899999856948853,1.8899999856948853,1.8801000118255615,1.8801000118255615,11367,0.0,0.0
2025-02-06 12:12:00-05:00,1.8849999904632568,1.8849999904632568,1.8849999904632568,1.8849999904632568,1452,0.0,0.0
2025-02-06 12:13:00-05:00,1.8849999904632568,1.8849999904632568,1.8700000047683716,1.875,9368,0.0,0.0
2025-02-06 12:15:00-05:00,1.875,1.875,1.871999979019165,1.871999979019165,6529,0.0,0.0
2025-02-06 12:16:00-05:00,1.8701000213623047,1.875,1.8700000047683716,1.8700000047683716,9187,0.0,0.0
2025-02-06 12:17:00-05:00,1.8650000095367432,1.8650000095367432,1.8650000095367432,1.8650000095367432,302,0.0,0.0
2025-02-06 12:18:00-05:00,1.8600000143051147,1.8700000047683716,1.8600000143051147,1.8700000047683716,1712,0.0,0.0
2025-02-06 12:19:00-05:00,1.8698999881744385,1.8698999881744385,1.8698999881744385,1.8698999881744385,2953,0.0,0.0
2025-02-06 12:20:00-05:00,1.8700000047683716,1.875,1.8700000047683716,1.875,7473,0.0,0.0
2025-02-06 12:21:00-05:00,1.8741999864578247,1.8741999864578247,1.8741999864578247,1.8741999864578247,277,0.0,0.0
2025-02-06 12:22:00-05:00,1.875,1.875,1.875,1.875,1261,0.0,0.0
2025-02-06 12:23:00-05:00,1.8799999952316284,1.8799999952316284,1.8799999952316284,1.8799999952316284,1167,0.0,0.0
2025-02-06 12:26:00-05:00,1.875,1.875,1.8600000143051147,1.8700000047683716,34715,0.0,0.0
2025-02-06 12:27:00-05:00,1.875,1.875,1.8650000095367432,1.868399977684021,8548,0.0,0.0
2025-02-06 12:29:00-05:00,1.861199975013733,1.861199975013733,1.861199975013733,1.861199975013733,1033,0.0,0.0
2025-02-06 12:30:00-05:00,1.8634999990463257,1.8700000047683716,1.8634999990463257,1.8700000047683716,6302,0.0,0.0
2025-02-06 12:31:00-05:00,1.8650000095367432,1.8650000095367432,1.8600000143051147,1.8600000143051147,6707,0.0,0.0
2025-02-06 12:32:00-05:00,1.8650000095367432,1.8650000095367432,1.8604999780654907,1.8650000095367432,601,0.0,0.0
2025-02-06 12:33:00-05:00,1.8700000047683716,1.8700000047683716,1.8653000593185425,1.8653000593185425,1203,0.0,0.0
2025-02-06 12:34:00-05:00,1.8650000095367432,1.8650000095367432,1.8650000095367432,1.8650000095367432,328,0.0,0.0
2025-02-06 12:36:00-05:00,1.8653000593185425,1.8653000593185425,1.8653000593185425,1.8653000593185425,520,0.0,0.0
2025-02-06 12:37:00-05:00,1.861299991607666,1.861299991607666,1.861299991607666,1.861299991607666,515,0.0,0.0
2025-02-06 12:38:00-05:00,1.8650000095367432,1.8650000095367432,1.8650000095367432,1.8650000095367432,266,0.0,0.0
2025-02-06 12:39:00-05:00,1.8650000095367432,1.8650000095367432,1.8650000095367432,1.8650000095367432,145,0.0,0.0
2025-02-06 12:40:00-05:00,1.8617000579833984,1.8617000579833984,1.8617000579833984,1.8617000579833984,219,0.0,0.0
2025-02-06 12:41:00-05:00,1.8650000095367432,1.8650000095367432,1.8650000095367432,1.8650000095367432,260,0.0,0.0
2025-02-06 12:42:00-05:00,1.8650000095367432,1.8650000095367432,1.8601000308990479,1.8625999689102173,1725,0.0,0.0
2025-02-06 12:45:00-05:00,1.8700000047683716,1.8700000047683716,1.8650000095367432,1.8650000095367432,5633,0.0,0.0
2025-02-06 12:46:00-05:00,1.8700000047683716,1.8700000047683716,1.8650000095367432,1.8650000095367432,1583,0.0,0.0
2025-02-06 12:49:00-05:00,1.8700000047683716,1.8700000047683716,1.850000023841858,1.8600000143051147,43575,0.0,0.0
2025-02-06 12:50:00-05:00,1.8650000095367432,1.8650000095367432,1.8650000095367432,1.8650000095367432,348,0.0,0.0
2025-02-06 12:51:00-05:00,1.8652000427246094,1.8652000427246094,1.8650000095367432,1.8650000095367432,637,0.0,0.0
2025-02-06 12:52:00-05:00,1.8650000095367432,1.8650000095367432,1.8601000308990479,1.8634999990463257,2260,0.0,0.0
2025-02-06 12:53:00-05:00,1.8650000095367432,1.8650000095367432,1.8650000095367432,1.8650000095367432,130,0.0,0.0
2025-02-06 12:54:00-05:00,1.8600000143051147,1.8650000095367432,1.8550000190734863,1.8550000190734863,4039,0.0,0.0
2025-02-06 12:55:00-05:00,1.8575999736785889,1.8598999977111816,1.8550000190734863,1.8550000190734863,9052,0.0,0.0
2025-02-06 12:56:00-05:00,1.8600000143051147,1.8650000095367432,1.8600000143051147,1.8650000095367432,1716,0.0,0.0
2025-02-06 12:57:00-05:00,1.8600000143051147,1.8600000143051147,1.8600000143051147,1.8600000143051147,528,0.0,0.0
2025-02-06 13:00:00-05:00,1.8650000095367432,1.8650000095367432,1.8650000095367432,1.8650000095367432,5666,0.0,0.0
2025-02-06 13:02:00-05:00,1.861299991607666,1.861299991607666,1.861299991607666,1.861299991607666,510,0.0,0.0
2025-02-06 13:03:00-05:00,1.8688000440597534,1.8688000440597534,1.8688000440597534,1.8688000440597534,1082,0.0,0.0
2025-02-06 13:04:00-05:00,1.8650000095367432,1.8650000095367432,1.8650000095367432,1.8650000095367432,267,0.0,0.0
2025-02-06 13:06:00-05:00,1.8650000095367432,1.8650000095367432,1.8650000095367432,1.8650000095367432,422,0.0,0.0
2025-02-06 13:07:00-05:00,1.8650000095367432,1.8650000095367432,1.8650000095367432,1.8650000095367432,250,0.0,0.0
2025-02-06 13:08:00-05:00,1.8650000095367432,1.8650000095367432,1.8650000095367432,1.8650000095367432,522,0.0,0.0
2025-02-06 13:11:00-05:00,1.8650000095367432,1.8700000047683716,1.8550000190734863,1.8550000190734863,17073,0.0,0.0
2025-02-06 13:12:00-05:00,1.8586000204086304,1.8700000047683716,1.8586000204086304,1.8687000274658203,11952,0.0,0.0
2025-02-06 13:13:00-05:00,1.8650000095367432,1.875,1.8650000095367432,1.875,12511,0.0,0.0
2025-02-06 13:14:00-05:00,1.875,1.8788000345230103,1.875,1.8788000345230103,1704177,0.0,0.0
2025-02-06 13:15:00-05:00,1.875,1.875,1.8621000051498413,1.875,21015,0.0,0.0
2025-02-06 13:16:00-05:00,1.8791999816894531,1.8799999952316284,1.875,1.875,2982,0.0,0.0
2025-02-06 13:17:00-05:00,1.875,1.875,1.875,1.875,345,0.0,0.0
2025-02-06 13:18:00-05:00,1.879699945449829,1.879699945449829,1.879699945449829,1.879699945449829,7513,0.0,0.0
2025-02-06 13:19:00-05:00,1.8799999952316284,1.8899999856948853,1.877500057220459,1.8899999856948853,27431,0.0,0.0
2025-02-06 13:20:00-05:00,1.8849999904632568,1.8899999856948853,1.8849999904632568,1.8849999904632568,8027,0.0,0.0
2025-02-06 13:21:00-05:00,1.8825000524520874,1.8899999856948853,1.8825000524520874,1.8849999904632568,2562,0.0,0.0
2025-02-06 13:23:00-05:00,1.8899999856948853,1.8899999856948853,1.8804999589920044,1.8849999904632568,8572,0.0,0.0
2025-02-06 13:25:00-05:00,1.8849999904632568,1.8899999856948853,1.8849999904632568,1.8849999904632568,977,0.0,0.0
2025-02-06 13:26:00-05:00,1.8799999952316284,1.8799999952316284,1.8799999952316284,1.8799999952316284,201,0.0,0.0
2025-02-06 13:27:00-05:00,1.8799999952316284,1.8849999904632568,1.8799999952316284,1.8799999952316284,2071,0.0,0.0
2025-02-06 13:31:00-05:00,1.875,1.875,1.875,1.875,135,0.0,0.0
2025-02-06 13:32:00-05:00,1.875,1.875,1.875,1.875,310,0.0,0.0
2025-02-06 13:33:00-05:00,1.875,1.875,1.875,1.875,339,0.0,0.0
2025-02-06 13:35:00-05:00,1.875,1.875,1.875,1.875,211,0.0,0.0
2025-02-06 13:36:00-05:00,1.875,1.875,1.875,1.875,106,0.0,0.0
2025-02-06 13:37:00-05:00,1.8788000345230103,1.8788000345230103,1.8788000345230103,1.8788000345230103,1093,0.0,0.0
2025-02-06 13:38:00-05:00,1.875,1.875,1.875,1.875,219,0.0,0.0
2025-02-06 13:40:00-05:00,1.8700000047683716,1.875,1.8700000047683716,1.875,381,0.0,0.0
2025-02-06 13:43:00-05:00,1.8782999515533447,1.8782999515533447,1.8782999515533447,1.8782999515533447,166,0.0,0.0
2025-02-06 13:44:00-05:00,1.875,1.875,1.875,1.875,569,0.0,0.0
2025-02-06 13:45:00-05:00,1.8700000047683716,1.8700000047683716,1.8700000047683716,1.8700000047683716,230,0.0,0.0
2025-02-06 13:46:00-05:00,1.8700000047683716,1.8700000047683716,1.8700000047683716,1.8700000047683716,198,0.0,0.0
2025-02-06 13:47:00-05:00,1.8798999786376953,1.8799999952316284,1.8798999786376953,1.8799999952316284,1300,0.0,0.0
2025-02-06 13:48:00-05:00,1.8792999982833862,1.8799999952316284,1.8792999982833862,1.8799999952316284,5977,0.0,0.0
2025-02-06 13:49:00-05:00,1.8899999856948853,1.8899999856948853,1.8849999904632568,1.8899999856948853,1210,0.0,0.0
2025-02-06 13:50:00-05:00,1.8899999856948853,1.8899999856948853,1.8849999904632568,1.8849999904632568,12214,0.0,0.0
2025-02-06 13:51:00-05:00,1.884600043296814,1.884600043296814,1.884600043296814,1.884600043296814,3243,0.0,0.0
2025-02-06 13:52:00-05:00,1.8849999904632568,1.8849999904632568,1.8799999952316284,1.8799999952316284,2400,0.0,0.0
2025-02-06 13:53:00-05:00,1.8867000341415405,1.8867000341415405,1.8849999904632568,1.8849999904632568,1601,0.0,0.0
2025-02-06 13:55:00-05:00,1.8849999904632568,1.886199951171875,1.8849999904632568,1.886199951171875,1118,0.0,0.0
2025-02-06 13:56:00-05:00,1.8849999904632568,1.8849999904632568,1.8849999904632568,1.8849999904632568,238,0.0,0.0
2025-02-06 13:57:00-05:00,1.8849999904632568,1.8849999904632568,1.8849999904632568,1.8849999904632568,4063,0.0,0.0
2025-02-06 14:00:00-05:00,1.8849999904632568,1.8849999904632568,1.8849999904632568,1.8849999904632568,378,0.0,0.0
2025-02-06 14:02:00-05:00,1.8849999904632568,1.8849999904632568,1.8849999904632568,1.8849999904632568,185,0.0,0.0
2025-02-06 14:05:00-05:00,1.8803000450134277,1.8849999904632568,1.8700000047683716,1.8799999952316284,28799,0.0,0.0
2025-02-06 14:06:00-05:00,1.8701000213623047,1.875,1.8700000047683716,1.8700000047683716,9509,0.0,0.0
2025-02-06 14:07:00-05:00,1.8650000095367432,1.8700000047683716,1.8650000095367432,1.8700000047683716,594,0.0,0.0
2025-02-06 14:08:00-05:00,1.8700000047683716,1.8700000047683716,1.8650000095367432,1.8700000047683716,1829,0.0,0.0
2025-02-06 14:09:00-05:00,1.8700000047683716,1.8700000047683716,1.8650000095367432,1.8650000095367432,1614,0.0,0.0
2025-02-06 14:11:00-05:00,1.8600000143051147,1.8650000095367432,1.8600000143051147,1.8650000095367432,1866,0.0,0.0
2025-02-06 14:12:00-05:00,1.86489999294281,1.8650000095367432,1.86489999294281,1.8650000095367432,2100,0.0,0.0
2025-02-06 14:13:00-05:00,1.8600000143051147,1.8650000095367432,1.850000023841858,1.8588000535964966,30517,0.0,0.0
2025-02-06 14:14:00-05:00,1.8600000143051147,1.8600000143051147,1.8550000190734863,1.8600000143051147,2593,0.0,0.0
2025-02-06 14:15:00-05:00,1.8600000143051147,1.8600000143051147,1.8600000143051147,1.8600000143051147,672,0.0,0.0
2025-02-06 14:16:00-05:00,1.8598999977111816,1.8700000047683716,1.8598999977111816,1.8650000095367432,12284,0.0,0.0
2025-02-06 14:18:00-05:00,1.861299991607666,1.8650000095367432,1.861299991607666,1.8650000095367432,912,0.0,0.0
2025-02-06 14:20:00-05:00,1.8650000095367432,1.8650000095367432,1.8650000095367432,1.8650000095367432,1103,0.0,0.0
2025-02-06 14:21:00-05:00,1.8650000095367432,1.8650000095367432,1.8650000095367432,1.8650000095367432,239,0.0,0.0
2025-02-06 14:24:00-05:00,1.8650000095367432,1.8650000095367432,1.8650000095367432,1.8650000095367432,441,0.0,0.0
2025-02-06 14:25:00-05:00,1.8664000034332275,1.8664000034332275,1.8664000034332275,1.8664000034332275,200,0.0,0.0
2025-02-06 14:26:00-05:00,1.8650000095367432,1.8650000095367432,1.8650000095367432,1.8650000095367432,220,0.0,0.0
2025-02-06 14:27:00-05:00,1.8650000095367432,1.8650000095367432,1.8650000095367432,1.8650000095367432,107,0.0,0.0
2025-02-06 14:28:00-05:00,1.8650000095367432,1.8650000095367432,1.8650000095367432,1.8650000095367432,115,0.0,0.0
2025-02-06 14:29:00-05:00,1.8600000143051147,1.8650000095367432,1.850000023841858,1.8550000190734863,11257,0.0,0.0
2025-02-06 14:30:00-05:00,1.8550000190734863,1.8588000535964966,1.8550000190734863,1.8588000535964966,1132,0.0,0.0
2025-02-06 14:31:00-05:00,1.850000023841858,1.8550000190734863,1.8401000499725342,1.8401000499725342,19902,0.0,0.0
2025-02-06 14:32:00-05:00,1.840000033378601,1.8450000286102295,1.840000033378601,1.8401000499725342,6214,0.0,0.0
2025-02-06 14:33:00-05:00,1.8450000286102295,1.8450000286102295,1.840000033378601,1.8450000286102295,11699,0.0,0.0
2025-02-06 14:34:00-05:00,1.8497999906539917,1.8497999906539917,1.8425999879837036,1.8490999937057495,4136,0.0,0.0
2025-02-06 14:35:00-05:00,1.8450000286102295,1.8450000286102295,1.8450000286102295,1.8450000286102295,105,0.0,0.0
2025-02-06 14:37:00-05:00,1.8450000286102295,1.8550000190734863,1.8450000286102295,1.850100040435791,15576,0.0,0.0
2025-02-06 14:38:00-05:00,1.8587000370025635,1.8587000370025635,1.8550000190734863,1.8550000190734863,646,0.0,0.0
2025-02-06 14:39:00-05:00,1.850000023841858,1.8550000190734863,1.850000023841858,1.8550000190734863,345,0.0,0.0
2025-02-06 14:40:00-05:00,1.850000023841858,1.8550000190734863,1.850000023841858,1.8550000190734863,210,0.0,0.0
2025-02-06 14:41:00-05:00,1.854200005531311,1.8550000190734863,1.8509999513626099,1.8550000190734863,4386,0.0,0.0
2025-02-06 14:42:00-05:00,1.850000023841858,1.8585000038146973,1.850000023841858,1.8583999872207642,647,0.0,0.0
2025-02-06 14:43:00-05:00,1.850000023841858,1.8538999557495117,1.850000023841858,1.8538999557495117,532,0.0,0.0
2025-02-06 14:44:00-05:00,1.850000023841858,1.8550000190734863,1.840000033378601,1.8450000286102295,34094,0.0,0.0
2025-02-06 14:45:00-05:00,1.8450000286102295,1.8490999937057495,1.8450000286102295,1.847499966621399,8626,0.0,0.0
2025-02-06 14:46:00-05:00,1.850000023841858,1.850000023841858,1.850000023841858,1.850000023841858,819,0.0,0.0
2025-02-06 14:47:00-05:00,1.840499997138977,1.8450000286102295,1.840499997138977,1.8450000286102295,10185,0.0,0.0
2025-02-06 14:48:00-05:00,1.8401000499725342,1.850000023841858,1.8401000499725342,1.850000023841858,466,0.0,0.0
2025-02-06 14:49:00-05:00,1.8402999639511108,1.8402999639511108,1.8402999639511108,1.8402999639511108,4101,0.0,0.0
2025-02-06 14:50:00-05:00,1.8450000286102295,1.8450000286102295,1.8450000286102295,1.8450000286102295,700,0.0,0.0
2025-02-06 14:51:00-05:00,1.8450000286102295,1.8450000286102295,1.8450000286102295,1.8450000286102295,1117,0.0,0.0
2025-02-06 14:52:00-05:00,1.850000023841858,1.850000023841858,1.850000023841858,1.850000023841858,265,0.0,0.0
2025-02-06 14:53:00-05:00,1.8450000286102295,1.850000023841858,1.8450000286102295,1.850000023841858,327,0.0,0.0
2025-02-06 14:54:00-05:00,1.8450000286102295,1.850000023841858,1.840000033378601,1.850000023841858,7664,0.0,0.0
2025-02-06 14:55:00-05:00,1.8472000360488892,1.8472000360488892,1.8450000286102295,1.8450000286102295,986,0.0,0.0
2025-02-06 14:57:00-05:00,1.8450000286102295,1.8450000286102295,1.840000033378601,1.840000033378601,877,0.0,0.0
2025-02-06 14:58:00-05:00,1.8450000286102295,1.8450000286102295,1.840000033378601,1.8450000286102295,779,0.0,0.0
2025-02-06 14:59:00-05:00,1.8421000242233276,1.8421000242233276,1.8421000242233276,1.8421000242233276,2000,0.0,0.0
2025-02-06 15:00:00-05:00,1.8450000286102295,1.8450000286102295,1.8450000286102295,1.8450000286102295,630,0.0,0.0
2025-02-06 15:01:00-05:00,1.8450000286102295,1.8450000286102295,1.8450000286102295,1.8450000286102295,102,0.0,0.0
2025-02-06 15:02:00-05:00,1.8450000286102295,1.8450000286102295,1.8450000286102295,1.8450000286102295,124,0.0,0.0
2025-02-06 15:03:00-05:00,1.8450000286102295,1.8450000286102295,1.8450000286102295,1.8450000286102295,679,0.0,0.0
2025-02-06 15:05:00-05:00,1.8416999578475952,1.8450000286102295,1.8416999578475952,1.8450000286102295,321,0.0,0.0
2025-02-06 15:06:00-05:00,1.842900037765503,1.842900037765503,1.842900037765503,1.842900037765503,2000,0.0,0.0
2025-02-06 15:07:00-05:00,1.8450000286102295,1.8450000286102295,1.8450000286102295,1.8450000286102295,1741,0.0,0.0
2025-02-06 15:08:00-05:00,1.8450000286102295,1.8450000286102295,1.8450000286102295,1.8450000286102295,188,0.0,0.0
2025-02-06 15:09:00-05:00,1.8450000286102295,1.8550000190734863,1.8450000286102295,1.8550000190734863,5192,0.0,0.0
2025-02-06 15:10:00-05:00,1.8550000190734863,1.8550000190734863,1.854200005531311,1.8550000190734863,332,0.0,0.0
2025-02-06 15:11:00-05:00,1.8600000143051147,1.8600000143051147,1.8550000190734863,1.8550000190734863,649,0.0,0.0
2025-02-06 15:12:00-05:00,1.8550000190734863,1.8550000190734863,1.8550000190734863,1.8550000190734863,527,0.0,0.0
2025-02-06 15:13:00-05:00,1.8550000190734863,1.8550000190734863,1.8550000190734863,1.8550000190734863,116,0.0,0.0
2025-02-06 15:14:00-05:00,1.8600000143051147,1.8600000143051147,1.840000033378601,1.8450000286102295,21078,0.0,0.0
2025-02-06 15:15:00-05:00,1.8483999967575073,1.8483999967575073,1.8450000286102295,1.8450000286102295,505,0.0,0.0
2025-02-06 15:16:00-05:00,1.8450000286102295,1.8550000190734863,1.8450000286102295,1.8550000190734863,5054,0.0,0.0
2025-02-06 15:17:00-05:00,1.8550000190734863,1.8550000190734863,1.840000033378601,1.8420000076293945,12263,0.0,0.0
2025-02-06 15:18:00-05:00,1.8450000286102295,1.8450000286102295,1.840000033378601,1.8450000286102295,969,0.0,0.0
2025-02-06 15:19:00-05:00,1.8450000286102295,1.8485000133514404,1.8450000286102295,1.8485000133514404,1067,0.0,0.0
2025-02-06 15:20:00-05:00,1.8415000438690186,1.8415000438690186,1.8415000438690186,1.8415000438690186,224,0.0,0.0
2025-02-06 15:21:00-05:00,1.8450000286102295,1.8487000465393066,1.8450000286102295,1.8450000286102295,981,0.0,0.0
2025-02-06 15:22:00-05:00,1.8450000286102295,1.8450000286102295,1.8450000286102295,1.8450000286102295,902,0.0,0.0
2025-02-06 15:23:00-05:00,1.843999981880188,1.843999981880188,1.843999981880188,1.843999981880188,501,0.0,0.0
2025-02-06 15:24:00-05:00,1.8450000286102295,1.8450000286102295,1.8450000286102295,1.8450000286102295,215,0.0,0.0
2025-02-06 15:25:00-05:00,1.8499000072479248,1.8499000072479248,1.8450000286102295,1.8450000286102295,232,0.0,0.0
2025-02-06 15:26:00-05:00,1.850000023841858,1.850000023841858,1.850000023841858,1.850000023841858,501,0.0,0.0
2025-02-06 15:27:00-05:00,1.8450000286102295,1.8450000286102295,1.8450000286102295,1.8450000286102295,2406,0.0,0.0
2025-02-06 15:28:00-05:00,1.8450000286102295,1.8450000286102295,1.8450000286102295,1.8450000286102295,801,0.0,0.0
2025-02-06 15:29:00-05:00,1.8450000286102295,1.8450000286102295,1.8450000286102295,1.8450000286102295,2006,0.0,0.0
2025-02-06 15:30:00-05:00,1.8401000499725342,1.8450000286102295,1.8401000499725342,1.8450000286102295,523,0.0,0.0
2025-02-06 15:31:00-05:00,1.8450000286102295,1.8450000286102295,1.8450000286102295,1.8450000286102295,1065,0.0,0.0
2025-02-06 15:33:00-05:00,1.8450000286102295,1.8450000286102295,1.8450000286102295,1.8450000286102295,415,0.0,0.0
2025-02-06 15:34:00-05:00,1.8450000286102295,1.8450000286102295,1.840000033378601,1.840000033378601,2705,0.0,0.0
2025-02-06 15:35:00-05:00,1.8450000286102295,1.8499000072479248,1.8450000286102295,1.8499000072479248,739,0.0,0.0
2025-02-06 15:36:00-05:00,1.8450000286102295,1.8450000286102295,1.8447999954223633,1.8447999954223633,2055,0.0,0.0
2025-02-06 15:37:00-05:00,1.8450000286102295,1.8450000286102295,1.8450000286102295,1.8450000286102295,154,0.0,0.0
2025-02-06 15:38:00-05:00,1.8496999740600586,1.8550000190734863,1.8487000465393066,1.8550000190734863,8033,0.0,0.0
2025-02-06 15:39:00-05:00,1.8550000190734863,1.858299970626831,1.8550000190734863,1.858299970626831,1728,0.0,0.0
2025-02-06 15:40:00-05:00,1.8550000190734863,1.8550000190734863,1.8550000190734863,1.8550000190734863,450,0.0,0.0
2025-02-06 15:41:00-05:00,1.8550000190734863,1.8550000190734863,1.840000033378601,1.8450000286102295,6007,0.0,0.0
2025-02-06 15:42:00-05:00,1.8450000286102295,1.8450000286102295,1.8450000286102295,1.8450000286102295,922,0.0,0.0
2025-02-06 15:43:00-05:00,1.8450000286102295,1.8450000286102295,1.8450000286102295,1.8450000286102295,370,0.0,0.0
2025-02-06 15:44:00-05:00,1.8450000286102295,1.8499000072479248,1.8450000286102295,1.8499000072479248,1751,0.0,0.0
2025-02-06 15:45:00-05:00,1.8450000286102295,1.8450000286102295,1.8450000286102295,1.8450000286102295,348,0.0,0.0
2025-02-06 15:46:00-05:00,1.850000023841858,1.850000023841858,1.850000023841858,1.850000023841858,284,0.0,0.0
2025-02-06 15:47:00-05:00,1.8415000438690186,1.850000023841858,1.8415000438690186,1.8450000286102295,968,0.0,0.0
2025-02-06 15:48:00-05:00,1.8450000286102295,1.8450000286102295,1.8450000286102295,1.8450000286102295,100,0.0,0.0
2025-02-06 15:49:00-05:00,1.84089994430542,1.850000023841858,1.84089994430542,1.850000023841858,2600,0.0,0.0
2025-02-06 15:50:00-05:00,1.850000023841858,1.850000023841858,1.8450000286102295,1.8461999893188477,2866,0.0,0.0
2025-02-06 15:51:00-05:00,1.8450000286102295,1.8450000286102295,1.8450000286102295,1.8450000286102295,555,0.0,0.0
2025-02-06 15:53:00-05:00,1.8490999937057495,1.8490999937057495,1.840000033378601,1.8450000286102295,11333,0.0,0.0
2025-02-06 15:54:00-05:00,1.8487000465393066,1.8497999906539917,1.8487000465393066,1.8497999906539917,1125,0.0,0.0
2025-02-06 15:55:00-05:00,1.8450000286102295,1.850000023841858,1.840000033378601,1.8450000286102295,14974,0.0,0.0
2025-02-06 15:56:00-05:00,1.8450000286102295,1.8450000286102295,1.8350000381469727,1.8350000381469727,13825,0.0,0.0
2025-02-06 15:57:00-05:00,1.8350000381469727,1.839900016784668,1.8350000381469727,1.8350000381469727,1293,0.0,0.0
2025-02-06 15:58:00-05:00,1.8350000381469727,1.836400032043457,1.8300000429153442,1.8300000429153442,7252,0.0,0.0
2025-02-06 15:59:00-05:00,1.8350000381469727,1.840000033378601,1.8300000429153442,1.8350000381469727,11064,0.0,0.0
2025-02-07 09:30:00-05:00,1.8550000190734863,1.8550000190734863,1.850000023841858,1.8550000190734863,39304,0.0,0.0
2025-02-07 09:31:00-05:00,1.8600000143051147,1.8650000095367432,1.8547999858856201,1.8600000143051147,7165,0.0,0.0
2025-02-07 09:32:00-05:00,1.8551000356674194,1.8799999952316284,1.8551000356674194,1.8700000047683716,4676,0.0,0.0
2025-02-07 09:34:00-05:00,1.8600000143051147,1.8766000270843506,1.8600000143051147,1.8600000143051147,1124,0.0,0.0
2025-02-07 09:35:00-05:00,1.8600000143051147,1.8650000095367432,1.8600000143051147,1.8650000095367432,305,0.0,0.0
2025-02-07 09:36:00-05:00,1.8650000095367432,1.868899941444397,1.8600000143051147,1.8600000143051147,5378,0.0,0.0
2025-02-07 09:37:00-05:00,1.8650000095367432,1.8650000095367432,1.8600000143051147,1.8600000143051147,3904,0.0,0.0
2025-02-07 09:38:00-05:00,1.850000023841858,1.8550000190734863,1.850000023841858,1.8550000190734863,280,0.0,0.0
2025-02-07 09:39:00-05:00,1.8519999980926514,1.8552000522613525,1.850000023841858,1.850000023841858,20893,0.0,0.0
2025-02-07 09:40:00-05:00,1.8516000509262085,1.8550000190734863,1.850000023841858,1.8550000190734863,5375,0.0,0.0
2025-02-07 09:41:00-05:00,1.8507000207901,1.8550000190734863,1.8424999713897705,1.850000023841858,105311,0.0,0.0
2025-02-07 09:43:00-05:00,1.8485000133514404,1.8485000133514404,1.8485000133514404,1.8485000133514404,177,0.0,0.0
2025-02-07 09:44:00-05:00,1.8487999439239502,1.8487999439239502,1.8450000286102295,1.8450000286102295,5501,0.0,0.0
2025-02-07 09:45:00-05:00,1.8401999473571777,1.8600000143051147,1.8401999473571777,1.8600000143051147,2249,0.0,0.0
2025-02-07 09:46:00-05:00,1.8687000274658203,1.8687000274658203,1.8687000274658203,1.8687000274658203,938,0.0,0.0
2025-02-07 09:47:00-05:00,1.8650000095367432,1.8650000095367432,1.8650000095367432,1.8650000095367432,1198,0.0,0.0
2025-02-07 09:48:00-05:00,1.8650000095367432,1.8700000047683716,1.8645000457763672,1.8650000095367432,7109,0.0,0.0
2025-02-07 09:49:00-05:00,1.8700000047683716,1.8700000047683716,1.8700000047683716,1.8700000047683716,1122,0.0,0.0
2025-02-07 09:50:00-05:00,1.8700000047683716,1.875,1.8700000047683716,1.875,2954,0.0,0.0
2025-02-07 09:51:00-05:00,1.875,1.8799999952316284,1.8701000213623047,1.8701000213623047,7167,0.0,0.0
2025-02-07 09:52:00-05:00,1.8741999864578247,1.8741999864578247,1.8741999864578247,1.8741999864578247,118,0.0,0.0
2025-02-07 09:53:00-05:00,1.875,1.8799999952316284,1.875,1.8799999952316284,1600,0.0,0.0
2025-02-07 09:54:00-05:00,1.875,1.875,1.8747999668121338,1.875,1300,0.0,0.0
2025-02-07 09:55:00-05:00,1.875,1.8797999620437622,1.875,1.8763999938964844,2612,0.0,0.0
2025-02-07 09:56:00-05:00,1.875,1.8799999952316284,1.875,1.875,3354,0.0,0.0
2025-02-07 09:57:00-05:00,1.8700000047683716,1.8700000047683716,1.8664000034332275,1.8700000047683716,15690,0.0,0.0
2025-02-07 09:58:00-05:00,1.86899995803833,1.8799999952316284,1.86899995803833,1.875,22632,0.0,0.0
2025-02-07 09:59:00-05:00,1.875,1.875,1.8600000143051147,1.8727999925613403,3971,0.0,0.0
2025-02-07 10:00:00-05:00,1.8700000047683716,1.8700000047683716,1.8700000047683716,1.8700000047683716,1027,0.0,0.0
2025-02-07 10:01:00-05:00,1.8650000095367432,1.8650000095367432,1.8600000143051147,1.8600000143051147,2785,0.0,0.0
2025-02-07 10:02:00-05:00,1.8600000143051147,1.8650000095367432,1.850000023841858,1.8507000207901,3757,0.0,0.0
2025-02-07 10:03:00-05:00,1.8550000190734863,1.8600000143051147,1.8507000207901,1.8507000207901,1171,0.0,0.0
2025-02-07 10:04:00-05:00,1.8600000143051147,1.8600000143051147,1.850000023841858,1.850000023841858,987,0.0,0.0
2025-02-07 10:05:00-05:00,1.8450000286102295,1.8514000177383423,1.840000033378601,1.8514000177383423,3812,0.0,0.0
2025-02-07 10:06:00-05:00,1.8600000143051147,1.8600000143051147,1.8600000143051147,1.8600000143051147,2042,0.0,0.0
2025-02-07 10:08:00-05:00,1.8700000047683716,1.8700000047683716,1.8700000047683716,1.8700000047683716,160,0.0,0.0
2025-02-07 10:09:00-05:00,1.8650000095367432,1.8650000095367432,1.8650000095367432,1.8650000095367432,300,0.0,0.0
2025-02-07 10:11:00-05:00,1.868399977684021,1.868399977684021,1.8650000095367432,1.8650000095367432,1103,0.0,0.0
2025-02-07 10:12:00-05:00,1.8698999881744385,1.8698999881744385,1.8600000143051147,1.8600000143051147,3023,0.0,0.0
2025-02-07 10:13:00-05:00,1.8600000143051147,1.8600000143051147,1.8550000190734863,1.8550000190734863,1378,0.0,0.0
2025-02-07 10:14:00-05:00,1.8550000190734863,1.8550000190734863,1.8550000190734863,1.8550000190734863,386,0.0,0.0
2025-02-07 10:15:00-05:00,1.8550000190734863,1.8550000190734863,1.8550000190734863,1.8550000190734863,210,0.0,0.0
2025-02-07 10:16:00-05:00,1.8550000190734863,1.8550000190734863,1.8550000190734863,1.8550000190734863,254,0.0,0.0
2025-02-07 10:17:00-05:00,1.8600000143051147,1.8600000143051147,1.840000033378601,1.8450000286102295,21682,0.0,0.0
2025-02-07 10:18:00-05:00,1.847000002861023,1.850000023841858,1.8450000286102295,1.8450000286102295,4113,0.0,0.0
2025-02-07 10:19:00-05:00,1.840000033378601,1.8450000286102295,1.840000033378601,1.8450000286102295,602,0.0,0.0
2025-02-07 10:20:00-05:00,1.850000023841858,1.8700000047683716,1.850000023841858,1.8650000095367432,4366,0.0,0.0
2025-02-07 10:21:00-05:00,1.8698999881744385,1.8698999881744385,1.8625999689102173,1.8686000108718872,900,0.0,0.0
2025-02-07 10:22:00-05:00,1.8686000108718872,1.8700000047683716,1.8600000143051147,1.8650000095367432,3966,0.0,0.0
2025-02-07 10:23:00-05:00,1.8641999959945679,1.8700000047683716,1.8641999959945679,1.8650000095367432,5179,0.0,0.0
2025-02-07 10:24:00-05:00,1.86489999294281,1.86489999294281,1.86489999294281,1.86489999294281,134,0.0,0.0
2025-02-07 10:25:00-05:00,1.8650000095367432,1.8700000047683716,1.8650000095367432,1.8700000047683716,4581,0.0,0.0
2025-02-07 10:26:00-05:00,1.875,1.8798999786376953,1.875,1.8798999786376953,903,0.0,0.0
2025-02-07 10:27:00-05:00,1.875,1.875,1.8700000047683716,1.8700000047683716,11481,0.0,0.0
2025-02-07 10:28:00-05:00,1.8700000047683716,1.8700000047683716,1.8650000095367432,1.8650000095367432,6446,0.0,0.0
2025-02-07 10:29:00-05:00,1.8600000143051147,1.8600000143051147,1.8550000190734863,1.8583999872207642,274771,0.0,0.0
2025-02-07 10:30:00-05:00,1.8600000143051147,1.8650000095367432,1.8600000143051147,1.8650000095367432,3857,0.0,0.0
2025-02-07 10:31:00-05:00,1.8700000047683716,1.8700000047683716,1.8600000143051147,1.8600000143051147,9736,0.0,0.0
2025-02-07 10:32:00-05:00,1.8650000095367432,1.8650000095367432,1.8650000095367432,1.8650000095367432,106,0.0,0.0
2025-02-07 10:33:00-05:00,1.8601000308990479,1.8601000308990479,1.8601000308990479,1.8601000308990479,755,0.0,0.0
2025-02-07 10:35:00-05:00,1.8650000095367432,1.8650000095367432,1.8650000095367432,1.8650000095367432,203,0.0,0.0
2025-02-07 10:36:00-05:00,1.8698999881744385,1.8698999881744385,1.8600000143051147,1.8600000143051147,2677,0.0,0.0
2025-02-07 10:37:00-05:00,1.8650000095367432,1.8650000095367432,1.8650000095367432,1.8650000095367432,208,0.0,0.0
2025-02-07 10:38:00-05:00,1.8695000410079956,1.8695000410079956,1.8633999824523926,1.8633999824523926,888,0.0,0.0
2025-02-07 10:39:00-05:00,1.8650000095367432,1.8650000095367432,1.8650000095367432,1.8650000095367432,268,0.0,0.0
2025-02-07 10:40:00-05:00,1.8600000143051147,1.8700000047683716,1.8600000143051147,1.8687000274658203,2509,0.0,0.0
2025-02-07 10:43:00-05:00,1.8698999881744385,1.8700000047683716,1.8650000095367432,1.8700000047683716,817,0.0,0.0
2025-02-07 10:45:00-05:00,1.8650000095367432,1.8650000095367432,1.8600000143051147,1.8600000143051147,1427,0.0,0.0
2025-02-07 10:46:00-05:00,1.8650000095367432,1.8700000047683716,1.8650000095367432,1.8650000095367432,4461,0.0,0.0
2025-02-07 10:47:00-05:00,1.8650000095367432,1.8694000244140625,1.86080002784729,1.8694000244140625,8325,0.0,0.0
2025-02-07 10:49:00-05:00,1.8700000047683716,1.875,1.8700000047683716,1.875,5643,0.0,0.0
2025-02-07 10:51:00-05:00,1.8701000213623047,1.8701000213623047,1.8701000213623047,1.8701000213623047,281,0.0,0.0
2025-02-07 10:53:00-05:00,1.875,1.875,1.8700000047683716,1.8700000047683716,2270,0.0,0.0
2025-02-07 10:55:00-05:00,1.8700000047683716,1.8700000047683716,1.8600000143051147,1.8600000143051147,2471,0.0,0.0
2025-02-07 10:56:00-05:00,1.861199975013733,1.8799999952316284,1.861199975013733,1.8700000047683716,5503,0.0,0.0
2025-02-07 10:57:00-05:00,1.8798999786376953,1.8798999786376953,1.8700000047683716,1.8700000047683716,6828,0.0,0.0
2025-02-07 10:58:00-05:00,1.8650000095367432,1.8700000047683716,1.8600000143051147,1.8600000143051147,3558,0.0,0.0
2025-02-07 10:59:00-05:00,1.868299961090088,1.8700000047683716,1.868299961090088,1.8700000047683716,365,0.0,0.0
2025-02-07 11:01:00-05:00,1.8650000095367432,1.8650000095367432,1.8550000190734863,1.8600000143051147,6539,0.0,0.0
2025-02-07 11:02:00-05:00,1.8600000143051147,1.8600000143051147,1.8600000143051147,1.8600000143051147,1873,0.0,0.0
2025-02-07 11:03:00-05:00,1.8550000190734863,1.8550000190734863,1.8550000190734863,1.8550000190734863,195,0.0,0.0
2025-02-07 11:04:00-05:00,1.8504999876022339,1.8600000143051147,1.8504999876022339,1.8550000190734863,13530,0.0,0.0
2025-02-07 11:05:00-05:00,1.850000023841858,1.8600000143051147,1.850000023841858,1.8550000190734863,2455,0.0,0.0
2025-02-07 11:06:00-05:00,1.8550000190734863,1.8700000047683716,1.8550000190734863,1.8700000047683716,2043,0.0,0.0
2025-02-07 11:07:00-05:00,1.8700000047683716,1.8700000047683716,1.8700000047683716,1.8700000047683716,5377,0.0,0.0
2025-02-07 11:08:00-05:00,1.8700000047683716,1.8700000047683716,1.8700000047683716,1.8700000047683716,370593,0.0,0.0
2025-02-07 11:09:00-05:00,1.8700000047683716,1.8799999952316284,1.8700000047683716,1.8799999952316284,8948,0.0,0.0
2025-02-07 11:10:00-05:00,1.875,1.875,1.875,1.875,218,0.0,0.0
2025-02-07 11:11:00-05:00,1.875,1.875,1.875,1.875,197,0.0,0.0
2025-02-07 11:12:00-05:00,1.8700000047683716,1.875,1.8700000047683716,1.875,601,0.0,0.0
2025-02-07 11:13:00-05:00,1.875,1.8797999620437622,1.875,1.8797999620437622,1054,0.0,0.0
2025-02-07 11:14:00-05:00,1.8700000047683716,1.8700000047683716,1.8700000047683716,1.8700000047683716,101,0.0,0.0
2025-02-07 11:15:00-05:00,1.875,1.875,1.8600000143051147,1.8600000143051147,8287,0.0,0.0
2025-02-07 11:16:00-05:00,1.8600000143051147,1.868399977684021,1.8600000143051147,1.8600000143051147,816,0.0,0.0
2025-02-07 11:17:00-05:00,1.8624000549316406,1.8696999549865723,1.8600000143051147,1.8600000143051147,2100,0.0,0.0
2025-02-07 11:18:00-05:00,1.8700000047683716,1.8700000047683716,1.8600000143051147,1.860200047492981,565,0.0,0.0
2025-02-07 11:19:00-05:00,1.8600000143051147,1.8650000095367432,1.8600000143051147,1.8650000095367432,340,0.0,0.0
2025-02-07 11:20:00-05:00,1.8600000143051147,1.868299961090088,1.8600000143051147,1.868299961090088,672,0.0,0.0
2025-02-07 11:21:00-05:00,1.8600000143051147,1.8600000143051147,1.8600000143051147,1.8600000143051147,163,0.0,0.0
2025-02-07 11:22:00-05:00,1.8600000143051147,1.8600000143051147,1.8550000190734863,1.8550000190734863,2881,0.0,0.0
2025-02-07 11:23:00-05:00,1.8600000143051147,1.8600000143051147,1.8600000143051147,1.8600000143051147,1924,0.0,0.0
2025-02-07 11:24:00-05:00,1.8650000095367432,1.8650000095367432,1.8650000095367432,1.8650000095367432,125,0.0,0.0
2025-02-07 11:26:00-05:00,1.8600000143051147,1.8600000143051147,1.8550000190734863,1.8550000190734863,1706,0.0,0.0
2025-02-07 11:27:00-05:00,1.8523000478744507,1.857200026512146,1.8523000478744507,1.8550000190734863,3866,0.0,0.0
2025-02-07 11:28:00-05:00,1.8550000190734863,1.8586000204086304,1.8514000177383423,1.8586000204086304,1432,0.0,0.0
2025-02-07 11:29:00-05:00,1.8550000190734863,1.8550000190734863,1.8550000190734863,1.8550000190734863,297,0.0,0.0
2025-02-07 11:30:00-05:00,1.850000023841858,1.850000023841858,1.850000023841858,1.850000023841858,328,0.0,0.0
2025-02-07 11:31:00-05:00,1.850100040435791,1.850100040435791,1.850000023841858,1.850000023841858,382,0.0,0.0
2025-02-07 11:32:00-05:00,1.8600000143051147,1.8600000143051147,1.8550000190734863,1.8550000190734863,833,0.0,0.0
2025-02-07 11:33:00-05:00,1.8528000116348267,1.8528000116348267,1.8528000116348267,1.8528000116348267,847,0.0,0.0
2025-02-07 11:34:00-05:00,1.850000023841858,1.8586000204086304,1.850000023841858,1.8586000204086304,751,0.0,0.0
2025-02-07 11:35:00-05:00,1.850000023841858,1.850000023841858,1.850000023841858,1.850000023841858,7106,0.0,0.0
2025-02-07 11:36:00-05:00,1.8550000190734863,1.8598999977111816,1.8550000190734863,1.8550000190734863,7045,0.0,0.0
2025-02-07 11:37:00-05:00,1.8550000190734863,1.8550000190734863,1.8550000190734863,1.8550000190734863,332,0.0,0.0
2025-02-07 11:38:00-05:00,1.8550000190734863,1.8550000190734863,1.8550000190734863,1.8550000190734863,403,0.0,0.0
2025-02-07 11:39:00-05:00,1.8550000190734863,1.8550000190734863,1.8550000190734863,1.8550000190734863,113,0.0,0.0
2025-02-07 11:41:00-05:00,1.8528000116348267,1.8550000190734863,1.8528000116348267,1.8550000190734863,1971,0.0,0.0
2025-02-07 11:43:00-05:00,1.8586000204086304,1.8586000204086304,1.8586000204086304,1.8586000204086304,418,0.0,0.0
2025-02-07 11:44:00-05:00,1.8550000190734863,1.8550000190734863,1.8550000190734863,1.8550000190734863,350,0.0,0.0
2025-02-07 11:46:00-05:00,1.8550000190734863,1.8550000190734863,1.840000033378601,1.840000033378601,24884,0.0,0.0
2025-02-07 11:47:00-05:00,1.8450000286102295,1.8450000286102295,1.8450000286102295,1.8450000286102295,100,0.0,0.0
2025-02-07 11:48:00-05:00,1.8420000076293945,1.8420000076293945,1.840000033378601,1.8401000499725342,1000,0.0,0.0
2025-02-07 11:49:00-05:00,1.8450000286102295,1.8450000286102295,1.8450000286102295,1.8450000286102295,1000,0.0,0.0
2025-02-07 11:50:00-05:00,1.840000033378601,1.850000023841858,1.840000033378601,1.8450000286102295,2027,0.0,0.0
2025-02-07 11:52:00-05:00,1.8450000286102295,1.8450000286102295,1.8450000286102295,1.8450000286102295,125,0.0,0.0
2025-02-07 11:53:00-05:00,1.8450000286102295,1.8499000072479248,1.840000033378601,1.840000033378601,8672,0.0,0.0
2025-02-07 11:55:00-05:00,1.8496999740600586,1.8496999740600586,1.8496999740600586,1.8496999740600586,203,0.0,0.0
2025-02-07 11:56:00-05:00,1.8450000286102295,1.8450000286102295,1.8450000286102295,1.8450000286102295,465,0.0,0.0
2025-02-07 11:57:00-05:00,1.850000023841858,1.850000023841858,1.8450000286102295,1.8450000286102295,2135,0.0,0.0
2025-02-07 11:59:00-05:00,1.8450000286102295,1.8450000286102295,1.8450000286102295,1.8450000286102295,320,0.0,0.0
2025-02-07 12:02:00-05:00,1.8450000286102295,1.8450000286102295,1.8450000286102295,1.8450000286102295,252,0.0,0.0
2025-02-07 12:03:00-05:00,1.8450000286102295,1.8473000526428223,1.8450000286102295,1.8473000526428223,2314,0.0,0.0
2025-02-07 12:04:00-05:00,1.8483999967575073,1.8483999967575073,1.8451999425888062,1.8451999425888062,361,0.0,0.0
2025-02-07 12:05:00-05:00,1.8450000286102295,1.850000023841858,1.8450000286102295,1.8450000286102295,1779,0.0,0.0
2025-02-07 12:06:00-05:00,1.8401000499725342,1.8401000499725342,1.8401000499725342,1.8401000499725342,7960,0.0,0.0
2025-02-07 12:07:00-05:00,1.8450000286102295,1.8450000286102295,1.8350000381469727,1.8350000381469727,19362,0.0,0.0
2025-02-07 12:09:00-05:00,1.840000033378601,1.840000033378601,1.840000033378601,1.840000033378601,1033,0.0,0.0
2025-02-07 12:10:00-05:00,1.8392000198364258,1.840000033378601,1.8387999534606934,1.840000033378601,4010,0.0,0.0
2025-02-07 12:11:00-05:00,1.8350000381469727,1.840000033378601,1.8350000381469727,1.840000033378601,465,0.0,0.0
2025-02-07 12:12:00-05:00,1.8350000381469727,1.8350000381469727,1.8350000381469727,1.8350000381469727,231,0.0,0.0
2025-02-07 12:14:00-05:00,1.839900016784668,1.839900016784668,1.839900016784668,1.839900016784668,776,0.0,0.0
2025-02-07 12:15:00-05:00,1.8350000381469727,1.8350000381469727,1.8350000381469727,1.8350000381469727,315,0.0,0.0
2025-02-07 12:18:00-05:00,1.8351999521255493,1.8351999521255493,1.820099949836731,1.8250000476837158,40611,0.0,0.0
2025-02-07 12:19:00-05:00,1.8300000429153442,1.8300000429153442,1.8300000429153442,1.8300000429153442,7240,0.0,0.0
2025-02-07 12:21:00-05:00,1.836400032043457,1.840000033378601,1.836400032043457,1.840000033378601,1510,0.0,0.0
2025-02-07 12:22:00-05:00,1.8350000381469727,1.8350000381469727,1.8350000381469727,1.8350000381469727,152,0.0,0.0
2025-02-07 12:24:00-05:00,1.840000033378601,1.8450000286102295,1.8350000381469727,1.8450000286102295,20048,0.0,0.0
2025-02-07 12:25:00-05:00,1.8450000286102295,1.8482999801635742,1.841599941253662,1.841599941253662,2632,0.0,0.0
2025-02-07 12:27:00-05:00,1.840000033378601,1.8450000286102295,1.840000033378601,1.840999960899353,13780,0.0,0.0
2025-02-07 12:29:00-05:00,1.840000033378601,1.840000033378601,1.840000033378601,1.840000033378601,124,0.0,0.0
2025-02-07 12:32:00-05:00,1.8396999835968018,1.8396999835968018,1.8396999835968018,1.8396999835968018,596,0.0,0.0
2025-02-07 12:34:00-05:00,1.8350000381469727,1.8350000381469727,1.8350000381469727,1.8350000381469727,2030,0.0,0.0
2025-02-07 12:35:00-05:00,1.8300000429153442,1.8300000429153442,1.8300000429153442,1.8300000429153442,150,0.0,0.0
2025-02-07 12:36:00-05:00,1.8350000381469727,1.840000033378601,1.8350000381469727,1.840000033378601,477,0.0,0.0
2025-02-07 12:37:00-05:00,1.840000033378601,1.840000033378601,1.840000033378601,1.840000033378601,215,0.0,0.0
2025-02-07 12:38:00-05:00,1.840000033378601,1.840000033378601,1.840000033378601,1.840000033378601,110,0.0,0.0
2025-02-07 12:39:00-05:00,1.8350000381469727,1.839900016784668,1.8350000381469727,1.839900016784668,1932,0.0,0.0
2025-02-07 12:41:00-05:00,1.8350000381469727,1.8350000381469727,1.8350000381469727,1.8350000381469727,291,0.0,0.0
2025-02-07 12:43:00-05:00,1.8350000381469727,1.8350000381469727,1.8350000381469727,1.8350000381469727,272,0.0,0.0
2025-02-07 12:44:00-05:00,1.8301000595092773,1.840000033378601,1.8300000429153442,1.840000033378601,710,0.0,0.0
2025-02-07 12:45:00-05:00,1.839900016784668,1.839900016784668,1.8358999490737915,1.8358999490737915,600,0.0,0.0
2025-02-07 12:46:00-05:00,1.8342000246047974,1.8342000246047974,1.8342000246047974,1.8342000246047974,211,0.0,0.0
2025-02-07 12:48:00-05:00,1.840000033378601,1.840000033378601,1.8312000036239624,1.8312000036239624,1758,0.0,0.0
2025-02-07 12:50:00-05:00,1.840000033378601,1.840000033378601,1.8350000381469727,1.8396999835968018,931,0.0,0.0
2025-02-07 12:52:00-05:00,1.8350000381469727,1.8350000381469727,1.8350000381469727,1.8350000381469727,199,0.0,0.0
2025-02-07 12:57:00-05:00,1.8350000381469727,1.8350000381469727,1.8350000381469727,1.8350000381469727,150,0.0,0.0
2025-02-07 12:58:00-05:00,1.8350000381469727,1.8350000381469727,1.8350000381469727,1.8350000381469727,301,0.0,0.0
2025-02-07 12:59:00-05:00,1.8350000381469727,1.8350000381469727,1.8350000381469727,1.8350000381469727,754,0.0,0.0
2025-02-07 13:00:00-05:00,1.840000033378601,1.840000033378601,1.840000033378601,1.840000033378601,484,0.0,0.0
2025-02-07 13:03:00-05:00,1.8384000062942505,1.8384000062942505,1.8350000381469727,1.8350000381469727,700,0.0,0.0
2025-02-07 13:04:00-05:00,1.8350000381469727,1.8350000381469727,1.8350000381469727,1.8350000381469727,246,0.0,0.0
2025-02-07 13:06:00-05:00,1.840000033378601,1.840000033378601,1.840000033378601,1.840000033378601,1291,0.0,0.0
2025-02-07 13:09:00-05:00,1.8325999975204468,1.8325999975204468,1.8325999975204468,1.8325999975204468,270,0.0,0.0
2025-02-07 13:10:00-05:00,1.840000033378601,1.840000033378601,1.840000033378601,1.840000033378601,140,0.0,0.0
2025-02-07 13:11:00-05:00,1.8350000381469727,1.840000033378601,1.8350000381469727,1.840000033378601,18540,0.0,0.0
2025-02-07 13:12:00-05:00,1.8358999490737915,1.8384000062942505,1.8358999490737915,1.8384000062942505,616,0.0,0.0
2025-02-07 13:13:00-05:00,1.8350000381469727,1.840000033378601,1.8350000381469727,1.840000033378601,812,0.0,0.0
2025-02-07 13:14:00-05:00,1.8313000202178955,1.8450000286102295,1.8313000202178955,1.8450000286102295,2961,0.0,0.0
2025-02-07 13:16:00-05:00,1.8450000286102295,1.8450000286102295,1.840000033378601,1.8450000286102295,1100,0.0,0.0
2025-02-07 13:17:00-05:00,1.8438999652862549,1.8483999967575073,1.8438999652862549,1.8483999967575073,517,0.0,0.0
2025-02-07 13:18:00-05:00,1.8450000286102295,1.8450000286102295,1.8450000286102295,1.8450000286102295,10272,0.0,0.0
2025-02-07 13:20:00-05:00,1.8436000347137451,1.8436000347137451,1.8436000347137451,1.8436000347137451,370,0.0,0.0
2025-02-07 13:21:00-05:00,1.8482999801635742,1.8482999801635742,1.8482999801635742,1.8482999801635742,200,0.0,0.0
2025-02-07 13:22:00-05:00,1.8450000286102295,1.8450000286102295,1.8450000286102295,1.8450000286102295,229,0.0,0.0
2025-02-07 13:24:00-05:00,1.8482999801635742,1.8482999801635742,1.8482999801635742,1.8482999801635742,301,0.0,0.0
2025-02-07 13:25:00-05:00,1.8450000286102295,1.8450000286102295,1.8450000286102295,1.8450000286102295,131,0.0,0.0
2025-02-07 13:26:00-05:00,1.8449000120162964,1.8450000286102295,1.8449000120162964,1.8450000286102295,221,0.0,0.0
2025-02-07 13:29:00-05:00,1.8450000286102295,1.8450000286102295,1.8450000286102295,1.8450000286102295,2102,0.0,0.0
2025-02-07 13:30:00-05:00,1.8459999561309814,1.8499000072479248,1.8450000286102295,1.8499000072479248,2611,0.0,0.0
2025-02-07 13:31:00-05:00,1.8450000286102295,1.8450000286102295,1.8450000286102295,1.8450000286102295,200,0.0,0.0
2025-02-07 13:32:00-05:00,1.8450000286102295,1.850000023841858,1.8450000286102295,1.850000023841858,1781,0.0,0.0
2025-02-07 13:33:00-05:00,1.850000023841858,1.850000023841858,1.850000023841858,1.850000023841858,110,0.0,0.0
2025-02-07 13:34:00-05:00,1.850000023841858,1.850000023841858,1.8450000286102295,1.8450000286102295,870,0.0,0.0
2025-02-07 13:35:00-05:00,1.850000023841858,1.850000023841858,1.850000023841858,1.850000023841858,444,0.0,0.0
2025-02-07 13:36:00-05:00,1.850000023841858,1.850000023841858,1.850000023841858,1.850000023841858,142,0.0,0.0
2025-02-07 13:37:00-05:00,1.8450000286102295,1.8450000286102295,1.8450000286102295,1.8450000286102295,135,0.0,0.0
2025-02-07 13:38:00-05:00,1.8450000286102295,1.8450000286102295,1.8450000286102295,1.8450000286102295,220,0.0,0.0
2025-02-07 13:39:00-05:00,1.8408000469207764,1.8408000469207764,1.8408000469207764,1.8408000469207764,3518,0.0,0.0
2025-02-07 13:40:00-05:00,1.8450000286102295,1.8450000286102295,1.8450000286102295,1.8450000286102295,1972,0.0,0.0
2025-02-07 13:41:00-05:00,1.8450000286102295,1.8450000286102295,1.8450000286102295,1.8450000286102295,872,0.0,0.0
2025-02-07 13:43:00-05:00,1.8450000286102295,1.8466999530792236,1.8450000286102295,1.8466999530792236,253,0.0,0.0
2025-02-07 13:44:00-05:00,1.8486000299453735,1.8486000299453735,1.8486000299453735,1.8486000299453735,252,0.0,0.0
2025-02-07 13:45:00-05:00,1.850000023841858,1.850000023841858,1.850000023841858,1.850000023841858,207,0.0,0.0
2025-02-07 13:47:00-05:00,1.8483999967575073,1.8483999967575073,1.8450000286102295,1.8450000286102295,410,0.0,0.0
2025-02-07 13:48:00-05:00,1.850000023841858,1.850000023841858,1.850000023841858,1.850000023841858,107,0.0,0.0
2025-02-07 13:49:00-05:00,1.840000033378601,1.8450000286102295,1.840000033378601,1.8450000286102295,3306,0.0,0.0
2025-02-07 13:50:00-05:00,1.8450000286102295,1.8450000286102295,1.8450000286102295,1.8450000286102295,3308,0.0,0.0
2025-02-07 13:51:00-05:00,1.8437000513076782,1.8437000513076782,1.8437000513076782,1.8437000513076782,294,0.0,0.0
2025-02-07 13:52:00-05:00,1.8450000286102295,1.8450000286102295,1.8450000286102295,1.8450000286102295,244,0.0,0.0
2025-02-07 13:53:00-05:00,1.8450000286102295,1.8450000286102295,1.8401999473571777,1.8401999473571777,386,0.0,0.0
2025-02-07 13:55:00-05:00,1.8450000286102295,1.8450000286102295,1.8450000286102295,1.8450000286102295,281,0.0,0.0
2025-02-07 13:56:00-05:00,1.8450000286102295,1.8450000286102295,1.8350000381469727,1.8350000381469727,15707,0.0,0.0
2025-02-07 13:57:00-05:00,1.839900016784668,1.839900016784668,1.839900016784668,1.839900016784668,2389,0.0,0.0
2025-02-07 13:58:00-05:00,1.8307000398635864,1.8350000381469727,1.8300000429153442,1.8350000381469727,22782,0.0,0.0
2025-02-07 13:59:00-05:00,1.8300000429153442,1.8300000429153442,1.8300000429153442,1.8300000429153442,494,0.0,0.0
2025-02-07 14:00:00-05:00,1.830299973487854,1.8350000381469727,1.8300000429153442,1.8300000429153442,9350,0.0,0.0
2025-02-07 14:01:00-05:00,1.830299973487854,1.830299973487854,1.830299973487854,1.830299973487854,1000,0.0,0.0
2025-02-07 14:02:00-05:00,1.8350000381469727,1.8350000381469727,1.8300000429153442,1.8306000232696533,3716,0.0,0.0
2025-02-07 14:04:00-05:00,1.839900016784668,1.839900016784668,1.839900016784668,1.839900016784668,281,0.0,0.0
2025-02-07 14:05:00-05:00,1.8350000381469727,1.8351999521255493,1.8310999870300293,1.8351999521255493,8478,0.0,0.0
2025-02-07 14:06:00-05:00,1.8382999897003174,1.8382999897003174,1.8323999643325806,1.8350000381469727,2318,0.0,0.0
2025-02-07 14:07:00-05:00,1.840000033378601,1.840000033378601,1.8350000381469727,1.8350000381469727,300,0.0,0.0
2025-02-07 14:08:00-05:00,1.8391000032424927,1.8391000032424927,1.8350000381469727,1.8382999897003174,2703,0.0,0.0
2025-02-07 14:09:00-05:00,1.839900016784668,1.839900016784668,1.839900016784668,1.839900016784668,233,0.0,0.0
2025-02-07 14:10:00-05:00,1.8350000381469727,1.8350000381469727,1.8350000381469727,1.8350000381469727,130,0.0,0.0
2025-02-07 14:11:00-05:00,1.8350000381469727,1.8350000381469727,1.8350000381469727,1.8350000381469727,567,0.0,0.0
2025-02-07 14:12:00-05:00,1.8336999416351318,1.8350000381469727,1.8200000524520874,1.8200000524520874,18168,0.0,0.0
2025-02-07 14:13:00-05:00,1.8300000429153442,1.8300000429153442,1.8300000429153442,1.8300000429153442,1020,0.0,0.0
2025-02-07 14:14:00-05:00,1.8300000429153442,1.8300000429153442,1.8300000429153442,1.8300000429153442,5003,0.0,0.0
2025-02-07 14:15:00-05:00,1.8236000537872314,1.8236000537872314,1.8236000537872314,1.8236000537872314,197,0.0,0.0
2025-02-07 14:16:00-05:00,1.8250000476837158,1.8250000476837158,1.8250000476837158,1.8250000476837158,282,0.0,0.0
2025-02-07 14:17:00-05:00,1.8216999769210815,1.8250000476837158,1.8200000524520874,1.8250000476837158,3038,0.0,0.0
2025-02-07 14:19:00-05:00,1.8284000158309937,1.8300000429153442,1.7999999523162842,1.8049999475479126,41198,0.0,0.0
2025-02-07 14:20:00-05:00,1.8086999654769897,1.815000057220459,1.8049999475479126,1.8127000331878662,36218,0.0,0.0
2025-02-07 14:22:00-05:00,1.815000057220459,1.815000057220459,1.809999942779541,1.809999942779541,619,0.0,0.0
2025-02-07 14:24:00-05:00,1.815000057220459,1.815000057220459,1.815000057220459,1.815000057220459,750,0.0,0.0
2025-02-07 14:25:00-05:00,1.809999942779541,1.809999942779541,1.809999942779541,1.809999942779541,335,0.0,0.0
2025-02-07 14:26:00-05:00,1.8100999593734741,1.8100999593734741,1.8100999593734741,1.8100999593734741,10098,0.0,0.0
2025-02-07 14:27:00-05:00,1.815000057220459,1.815000057220459,1.815000057220459,1.815000057220459,336,0.0,0.0
2025-02-07 14:29:00-05:00,1.8116999864578247,1.815000057220459,1.8116999864578247,1.815000057220459,340,0.0,0.0
2025-02-07 14:30:00-05:00,1.8114999532699585,1.8114999532699585,1.8114999532699585,1.8114999532699585,2404,0.0,0.0
2025-02-07 14:31:00-05:00,1.809999942779541,1.809999942779541,1.809999942779541,1.809999942779541,164,0.0,0.0
2025-02-07 14:33:00-05:00,1.809999942779541,1.809999942779541,1.809999942779541,1.809999942779541,466,0.0,0.0
2025-02-07 14:34:00-05:00,1.809999942779541,1.809999942779541,1.809999942779541,1.809999942779541,186,0.0,0.0
2025-02-07 14:36:00-05:00,1.809999942779541,1.8199000358581543,1.809999942779541,1.8199000358581543,653,0.0,0.0
2025-02-07 14:37:00-05:00,1.809999942779541,1.809999942779541,1.809999942779541,1.809999942779541,353,0.0,0.0
2025-02-07 14:39:00-05:00,1.8100999593734741,1.8194999694824219,1.8100999593734741,1.8100999593734741,931,0.0,0.0
2025-02-07 14:40:00-05:00,1.809999942779541,1.809999942779541,1.809999942779541,1.809999942779541,100,0.0,0.0
2025-02-07 14:41:00-05:00,1.8100999593734741,1.8100999593734741,1.8100999593734741,1.8100999593734741,501,0.0,0.0
2025-02-07 14:42:00-05:00,1.815000057220459,1.815000057220459,1.815000057220459,1.815000057220459,520,0.0,0.0
2025-02-07 14:43:00-05:00,1.815000057220459,1.815000057220459,1.8148000240325928,1.8148000240325928,6138,0.0,0.0
2025-02-07 14:44:00-05:00,1.815000057220459,1.815000057220459,1.8102999925613403,1.8102999925613403,3309,0.0,0.0
2025-02-07 14:45:00-05:00,1.815000057220459,1.815000057220459,1.815000057220459,1.815000057220459,327,0.0,0.0
2025-02-07 14:46:00-05:00,1.815000057220459,1.815000057220459,1.815000057220459,1.815000057220459,162,0.0,0.0
2025-02-07 14:47:00-05:00,1.815000057220459,1.815000057220459,1.813599944114685,1.813599944114685,967,0.0,0.0
2025-02-07 14:48:00-05:00,1.815000057220459,1.815000057220459,1.809999942779541,1.809999942779541,986,0.0,0.0
2025-02-07 14:50:00-05:00,1.8115999698638916,1.8115999698638916,1.8115999698638916,1.8115999698638916,201,0.0,0.0
2025-02-07 14:51:00-05:00,1.815000057220459,1.815000057220459,1.815000057220459,1.815000057220459,938,0.0,0.0
2025-02-07 14:52:00-05:00,1.809999942779541,1.809999942779541,1.809999942779541,1.809999942779541,681,0.0,0.0
2025-02-07 14:54:00-05:00,1.8200000524520874,1.8200000524520874,1.8200000524520874,1.8200000524520874,666,0.0,0.0
2025-02-07 14:56:00-05:00,1.815000057220459,1.815000057220459,1.7999999523162842,1.809999942779541,25299,0.0,0.0
2025-02-07 14:58:00-05:00,1.8182100057601929,1.8182100057601929,1.8182100057601929,1.8182100057601929,5037,0.0,0.0
2025-02-07 14:59:00-05:00,1.815000057220459,1.815000057220459,1.815000057220459,1.815000057220459,101,0.0,0.0
2025-02-07 15:00:00-05:00,1.8116999864578247,1.815000057220459,1.8116999864578247,1.815000057220459,531,0.0,0.0
2025-02-07 15:02:00-05:00,1.815000057220459,1.815000057220459,1.815000057220459,1.815000057220459,563,0.0,0.0
2025-02-07 15:06:00-05:00,1.815000057220459,1.815000057220459,1.815000057220459,1.815000057220459,339,0.0,0.0
2025-02-07 15:09:00-05:00,1.815000057220459,1.815000057220459,1.815000057220459,1.815000057220459,100,0.0,0.0
2025-02-07 15:10:00-05:00,1.8186999559402466,1.8186999559402466,1.8186999559402466,1.8186999559402466,573,0.0,0.0
2025-02-07 15:11:00-05:00,1.8100999593734741,1.8100999593734741,1.8100999593734741,1.8100999593734741,580,0.0,0.0
2025-02-07 15:12:00-05:00,1.8200000524520874,1.8200000524520874,1.8200000524520874,1.8200000524520874,201,0.0,0.0
2025-02-07 15:13:00-05:00,1.815000057220459,1.815000057220459,1.815000057220459,1.815000057220459,448,0.0,0.0
2025-02-07 15:15:00-05:00,1.809999942779541,1.809999942779541,1.809999942779541,1.809999942779541,124,0.0,0.0
2025-02-07 15:16:00-05:00,1.8115999698638916,1.815000057220459,1.8115999698638916,1.815000057220459,848,0.0,0.0
2025-02-07 15:17:00-05:00,1.815000057220459,1.815000057220459,1.815000057220459,1.815000057220459,255,0.0,0.0
2025-02-07 15:18:00-05:00,1.7999999523162842,1.815000057220459,1.7999999523162842,1.7999999523162842,14155,0.0,0.0
2025-02-07 15:19:00-05:00,1.7999999523162842,1.8087999820709229,1.7999999523162842,1.8087999820709229,18845,0.0,0.0
2025-02-07 15:23:00-05:00,1.809999942779541,1.809999942779541,1.809999942779541,1.809999942779541,884,0.0,0.0
2025-02-07 15:24:00-05:00,1.8049999475479126,1.8049999475479126,1.8049999475479126,1.8049999475479126,1498,0.0,0.0
2025-02-07 15:26:00-05:00,1.8049999475479126,1.8049999475479126,1.7999999523162842,1.7999999523162842,1262,0.0,0.0
2025-02-07 15:27:00-05:00,1.8049999475479126,1.8049999475479126,1.8049999475479126,1.8049999475479126,430,0.0,0.0
2025-02-07 15:29:00-05:00,1.8049999475479126,1.8049999475479126,1.7999999523162842,1.8049999475479126,3983,0.0,0.0
2025-02-07 15:30:00-05:00,1.7999999523162842,1.8049999475479126,1.7899999618530273,1.7899999618530273,30756,0.0,0.0
2025-02-07 15:31:00-05:00,1.7999000549316406,1.7999000549316406,1.7899999618530273,1.7899999618530273,1108,0.0,0.0
2025-02-07 15:32:00-05:00,1.7949999570846558,1.7949999570846558,1.7949999570846558,1.7949999570846558,2640,0.0,0.0
2025-02-07 15:33:00-05:00,1.7949999570846558,1.7949999570846558,1.7949999570846558,1.7949999570846558,100,0.0,0.0
2025-02-07 15:34:00-05:00,1.7900999784469604,1.7949999570846558,1.7899999618530273,1.7949999570846558,2496,0.0,0.0
2025-02-07 15:35:00-05:00,1.7949999570846558,1.7999999523162842,1.7949999570846558,1.7999999523162842,1190,0.0,0.0
2025-02-07 15:36:00-05:00,1.7999999523162842,1.7999999523162842,1.7949999570846558,1.7949999570846558,622,0.0,0.0
2025-02-07 15:37:00-05:00,1.7999000549316406,1.8049999475479126,1.7949999570846558,1.8049999475479126,10828,0.0,0.0
2025-02-07 15:38:00-05:00,1.7999999523162842,1.7999999523162842,1.7999999523162842,1.7999999523162842,374,0.0,0.0
2025-02-07 15:39:00-05:00,1.8049999475479126,1.8049999475479126,1.8049999475479126,1.8049999475479126,793,0.0,0.0
2025-02-07 15:40:00-05:00,1.8049999475479126,1.8049999475479126,1.8049999475479126,1.8049999475479126,107,0.0,0.0
2025-02-07 15:41:00-05:00,1.8049999475479126,1.808500051498413,1.7999999523162842,1.808500051498413,697,0.0,0.0
2025-02-07 15:42:00-05:00,1.8049999475479126,1.8049999475479126,1.8049999475479126,1.8049999475479126,666,0.0,0.0
2025-02-07 15:43:00-05:00,1.8049999475479126,1.809999942779541,1.7999999523162842,1.809999942779541,11823,0.0,0.0
2025-02-07 15:44:00-05:00,1.815000057220459,1.8200000524520874,1.815000057220459,1.815000057220459,2240,0.0,0.0
2025-02-07 15:45:00-05:00,1.815000057220459,1.815000057220459,1.809999942779541,1.815000057220459,1892,0.0,0.0
2025-02-07 15:46:00-05:00,1.815000057220459,1.8200000524520874,1.815000057220459,1.815000057220459,3365,0.0,0.0
2025-02-07 15:47:00-05:00,1.8200000524520874,1.8200000524520874,1.8116999864578247,1.815000057220459,4131,0.0,0.0
2025-02-07 15:48:00-05:00,1.8200000524520874,1.8250000476837158,1.815000057220459,1.8200000524520874,4273,0.0,0.0
2025-02-07 15:49:00-05:00,1.8250000476837158,1.8300000429153442,1.8250000476837158,1.8300000429153442,23160,0.0,0.0
2025-02-07 15:50:00-05:00,1.8250000476837158,1.8300000429153442,1.8250000476837158,1.8279999494552612,2735,0.0,0.0
2025-02-07 15:51:00-05:00,1.8250000476837158,1.8300000429153442,1.8200000524520874,1.8200000524520874,9428,0.0,0.0
2025-02-07 15:52:00-05:00,1.8250000476837158,1.8300000429153442,1.8250000476837158,1.8250000476837158,2161,0.0,0.0
2025-02-07 15:53:00-05:00,1.8250000476837158,1.8250000476837158,1.8250000476837158,1.8250000476837158,796,0.0,0.0
2025-02-07 15:54:00-05:00,1.8250000476837158,1.8250000476837158,1.8200000524520874,1.8250000476837158,2822,0.0,0.0
2025-02-07 15:55:00-05:00,1.8209999799728394,1.8250000476837158,1.8200000524520874,1.8245999813079834,8746,0.0,0.0
2025-02-07 15:56:00-05:00,1.8250000476837158,1.8300000429153442,1.8200000524520874,1.8250000476837158,3275,0.0,0.0
2025-02-07 15:57:00-05:00,1.8300000429153442,1.8300000429153442,1.8250000476837158,1.8250000476837158,1743,0.0,0.0
2025-02-07 15:58:00-05:00,1.8300000429153442,1.8300000429153442,1.8250000476837158,1.8300000429153442,3866,0.0,0.0
2025-02-07 15:59:00-05:00,1.8300000429153442,1.840000033378601,1.8250000476837158,1.8350000381469727,14958,0.0,0.0
