Datetime,Open,High,Low,Close,Volume,Dividends,Stock Splits
2024-07-18 09:00:00+09:00,648.0,648.0,647.0,647.0,21700,0.0,0.0
2024-07-18 09:05:00+09:00,646.0,647.0,645.0,647.0,8000,0.0,0.0
2024-07-18 09:10:00+09:00,647.0,648.0,647.0,648.0,1900,0.0,0.0
2024-07-18 09:15:00+09:00,647.0,647.0,646.0,647.0,3300,0.0,0.0
2024-07-18 09:20:00+09:00,648.0,648.0,647.0,647.0,2800,0.0,0.0
2024-07-18 09:25:00+09:00,648.0,648.0,648.0,648.0,1500,0.0,0.0
2024-07-18 09:30:00+09:00,648.0,648.0,648.0,648.0,400,0.0,0.0
2024-07-18 09:35:00+09:00,647.0,647.0,646.0,646.0,13600,0.0,0.0
2024-07-18 09:40:00+09:00,646.0,646.0,646.0,646.0,900,0.0,0.0
2024-07-18 09:45:00+09:00,647.0,647.0,647.0,647.0,1800,0.0,0.0
2024-07-18 09:50:00+09:00,647.0,648.0,647.0,647.0,1900,0.0,0.0
2024-07-18 09:55:00+09:00,647.0,647.0,647.0,647.0,11800,0.0,0.0
2024-07-18 10:00:00+09:00,648.0,649.0,648.0,648.0,2000,0.0,0.0
2024-07-18 10:05:00+09:00,648.0,648.0,648.0,648.0,100,0.0,0.0
2024-07-18 10:10:00+09:00,648.0,648.0,648.0,648.0,100,0.0,0.0
2024-07-18 10:15:00+09:00,647.0,649.0,647.0,648.0,1300,0.0,0.0
2024-07-18 10:20:00+09:00,648.0,650.0,648.0,650.0,1800,0.0,0.0
2024-07-18 10:25:00+09:00,650.0,652.0,650.0,652.0,7200,0.0,0.0
2024-07-18 10:30:00+09:00,651.0,651.0,650.0,650.0,6200,0.0,0.0
2024-07-18 10:35:00+09:00,650.0,650.0,650.0,650.0,500,0.0,0.0
2024-07-18 10:45:00+09:00,650.0,650.0,650.0,650.0,700,0.0,0.0
2024-07-18 10:50:00+09:00,650.0,650.0,650.0,650.0,400,0.0,0.0
2024-07-18 10:55:00+09:00,649.0,649.0,648.0,648.0,5200,0.0,0.0
2024-07-18 11:00:00+09:00,649.0,649.0,649.0,649.0,100,0.0,0.0
2024-07-18 11:05:00+09:00,648.0,648.0,648.0,648.0,100,0.0,0.0
2024-07-18 11:10:00+09:00,648.0,648.0,648.0,648.0,2700,0.0,0.0
2024-07-18 11:15:00+09:00,648.0,648.0,647.0,648.0,300,0.0,0.0
2024-07-18 11:20:00+09:00,648.0,648.0,647.0,647.0,400,0.0,0.0
2024-07-18 11:25:00+09:00,647.0,648.0,647.0,647.0,1000,0.0,0.0
2024-07-18 11:30:00+09:00,647.0,647.0,647.0,647.0,100,0.0,0.0
2024-07-18 11:35:00+09:00,647.0,647.0,647.0,647.0,0,0.0,0.0
2024-07-18 12:30:00+09:00,647.0,650.0,647.0,649.0,110100,0.0,0.0
2024-07-18 12:35:00+09:00,648.0,649.0,648.0,649.0,300,0.0,0.0
2024-07-18 12:40:00+09:00,648.0,648.0,647.0,647.0,10200,0.0,0.0
2024-07-18 12:45:00+09:00,648.0,648.0,648.0,648.0,2000,0.0,0.0
2024-07-18 12:50:00+09:00,648.0,648.0,648.0,648.0,1600,0.0,0.0
2024-07-18 12:55:00+09:00,648.0,648.0,648.0,648.0,1400,0.0,0.0
2024-07-18 13:00:00+09:00,649.0,649.0,649.0,649.0,5300,0.0,0.0
2024-07-18 13:05:00+09:00,649.0,649.0,649.0,649.0,400,0.0,0.0
2024-07-18 13:15:00+09:00,650.0,650.0,649.0,649.0,200,0.0,0.0
2024-07-18 13:20:00+09:00,649.0,649.0,649.0,649.0,5100,0.0,0.0
2024-07-18 13:25:00+09:00,648.0,649.0,648.0,649.0,300,0.0,0.0
2024-07-18 13:30:00+09:00,649.0,649.0,648.0,649.0,500,0.0,0.0
2024-07-18 13:40:00+09:00,649.0,649.0,647.0,647.0,7200,0.0,0.0
2024-07-18 13:45:00+09:00,648.0,648.0,647.0,647.0,1000,0.0,0.0
2024-07-18 13:50:00+09:00,648.0,648.0,648.0,648.0,400,0.0,0.0
2024-07-18 13:55:00+09:00,648.0,648.0,648.0,648.0,1500,0.0,0.0
2024-07-18 14:00:00+09:00,648.0,648.0,648.0,648.0,1000,0.0,0.0
2024-07-18 14:05:00+09:00,648.0,648.0,648.0,648.0,200,0.0,0.0
2024-07-18 14:10:00+09:00,648.0,648.0,648.0,648.0,1300,0.0,0.0
2024-07-18 14:15:00+09:00,649.0,649.0,648.0,648.0,400,0.0,0.0
2024-07-18 14:20:00+09:00,649.0,649.0,647.0,648.0,4600,0.0,0.0
2024-07-18 14:25:00+09:00,647.0,648.0,647.0,648.0,300,0.0,0.0
2024-07-18 14:30:00+09:00,648.0,648.0,647.0,648.0,300,0.0,0.0
2024-07-18 14:35:00+09:00,647.0,647.0,647.0,647.0,100,0.0,0.0
2024-07-18 14:40:00+09:00,647.0,648.0,646.0,647.0,11500,0.0,0.0
2024-07-18 14:45:00+09:00,647.0,647.0,646.0,646.0,11600,0.0,0.0
2024-07-18 14:50:00+09:00,646.0,647.0,646.0,647.0,1200,0.0,0.0
2024-07-18 14:55:00+09:00,647.0,647.0,646.0,647.0,1800,0.0,0.0
2024-07-19 09:00:00+09:00,641.0,641.0,639.0,640.0,46800,0.0,0.0
2024-07-19 09:05:00+09:00,640.0,641.0,640.0,640.0,2800,0.0,0.0
2024-07-19 09:10:00+09:00,641.0,641.0,641.0,641.0,5500,0.0,0.0
2024-07-19 09:15:00+09:00,641.0,641.0,641.0,641.0,1600,0.0,0.0
2024-07-19 09:20:00+09:00,641.0,642.0,641.0,641.0,3700,0.0,0.0
2024-07-19 09:25:00+09:00,641.0,641.0,641.0,641.0,1600,0.0,0.0
2024-07-19 09:35:00+09:00,642.0,642.0,641.0,641.0,5000,0.0,0.0
2024-07-19 09:45:00+09:00,641.0,641.0,641.0,641.0,400,0.0,0.0
2024-07-19 09:50:00+09:00,641.0,641.0,640.0,640.0,12900,0.0,0.0
2024-07-19 09:55:00+09:00,641.0,641.0,641.0,641.0,100,0.0,0.0
2024-07-19 10:00:00+09:00,640.0,640.0,640.0,640.0,600,0.0,0.0
2024-07-19 10:10:00+09:00,640.0,640.0,640.0,640.0,400,0.0,0.0
2024-07-19 10:15:00+09:00,640.0,640.0,640.0,640.0,6100,0.0,0.0
2024-07-19 10:20:00+09:00,640.0,640.0,640.0,640.0,1300,0.0,0.0
2024-07-19 10:25:00+09:00,640.0,640.0,640.0,640.0,1300,0.0,0.0
2024-07-19 10:35:00+09:00,640.0,640.0,640.0,640.0,3600,0.0,0.0
2024-07-19 10:40:00+09:00,640.0,641.0,640.0,641.0,500,0.0,0.0
2024-07-19 10:45:00+09:00,641.0,641.0,640.0,640.0,1700,0.0,0.0
2024-07-19 10:50:00+09:00,640.0,640.0,640.0,640.0,100,0.0,0.0
2024-07-19 10:55:00+09:00,639.0,639.0,639.0,639.0,200,0.0,0.0
2024-07-19 11:00:00+09:00,639.0,640.0,639.0,640.0,500,0.0,0.0
2024-07-19 11:05:00+09:00,640.0,640.0,640.0,640.0,2400,0.0,0.0
2024-07-19 11:20:00+09:00,641.0,641.0,640.0,640.0,6200,0.0,0.0
2024-07-19 11:25:00+09:00,640.0,640.0,640.0,640.0,1600,0.0,0.0
2024-07-19 11:30:00+09:00,639.0,639.0,639.0,639.0,200,0.0,0.0
2024-07-19 11:35:00+09:00,639.0,639.0,639.0,639.0,0,0.0,0.0
2024-07-19 12:30:00+09:00,639.0,640.0,638.0,638.0,119400,0.0,0.0
2024-07-19 12:35:00+09:00,639.0,639.0,637.0,637.0,23400,0.0,0.0
2024-07-19 12:40:00+09:00,637.0,637.0,636.0,636.0,15100,0.0,0.0
2024-07-19 12:45:00+09:00,636.0,637.0,636.0,637.0,6600,0.0,0.0
2024-07-19 12:50:00+09:00,637.0,637.0,637.0,637.0,2300,0.0,0.0
2024-07-19 12:55:00+09:00,637.0,638.0,637.0,638.0,7700,0.0,0.0
2024-07-19 13:00:00+09:00,638.0,638.0,637.0,638.0,2700,0.0,0.0
2024-07-19 13:10:00+09:00,637.0,638.0,637.0,638.0,200,0.0,0.0
2024-07-19 13:15:00+09:00,637.0,638.0,637.0,638.0,400,0.0,0.0
2024-07-19 13:20:00+09:00,638.0,638.0,638.0,638.0,100,0.0,0.0
2024-07-19 13:25:00+09:00,638.0,638.0,638.0,638.0,100,0.0,0.0
2024-07-19 13:30:00+09:00,638.0,638.0,637.0,637.0,300,0.0,0.0
2024-07-19 13:35:00+09:00,637.0,637.0,637.0,637.0,5400,0.0,0.0
2024-07-19 13:40:00+09:00,637.0,637.0,637.0,637.0,3400,0.0,0.0
2024-07-19 13:45:00+09:00,638.0,638.0,638.0,638.0,100,0.0,0.0
2024-07-19 13:50:00+09:00,638.0,638.0,638.0,638.0,0,0.0,0.0
2024-07-19 13:55:00+09:00,638.0,638.0,638.0,638.0,193800,0.0,0.0
2024-07-19 14:00:00+09:00,638.0,639.0,638.0,639.0,200,0.0,0.0
2024-07-19 14:05:00+09:00,639.0,639.0,639.0,639.0,200,0.0,0.0
2024-07-19 14:10:00+09:00,639.0,639.0,639.0,639.0,400,0.0,0.0
2024-07-19 14:15:00+09:00,639.0,639.0,639.0,639.0,900,0.0,0.0
2024-07-19 14:20:00+09:00,638.0,638.0,638.0,638.0,2500,0.0,0.0
2024-07-19 14:25:00+09:00,638.0,639.0,638.0,638.0,1400,0.0,0.0
2024-07-19 14:30:00+09:00,638.0,638.0,638.0,638.0,1000,0.0,0.0
2024-07-19 14:40:00+09:00,639.0,639.0,639.0,639.0,1500,0.0,0.0
2024-07-19 14:45:00+09:00,639.0,639.0,637.0,638.0,2200,0.0,0.0
2024-07-19 14:50:00+09:00,639.0,639.0,639.0,639.0,0,0.0,0.0
2024-07-19 14:55:00+09:00,638.0,639.0,638.0,639.0,208600,0.0,0.0
2024-07-22 09:00:00+09:00,636.0,636.0,632.0,632.0,18900,0.0,0.0
2024-07-22 09:05:00+09:00,632.0,633.0,631.0,632.0,4300,0.0,0.0
2024-07-22 09:10:00+09:00,631.0,632.0,630.0,632.0,7400,0.0,0.0
2024-07-22 09:15:00+09:00,633.0,634.0,633.0,634.0,4700,0.0,0.0
2024-07-22 09:20:00+09:00,634.0,634.0,632.0,633.0,1800,0.0,0.0
2024-07-22 09:25:00+09:00,632.0,632.0,631.0,631.0,6900,0.0,0.0
2024-07-22 09:30:00+09:00,631.0,631.0,629.0,630.0,17100,0.0,0.0
2024-07-22 09:35:00+09:00,630.0,630.0,629.0,629.0,3000,0.0,0.0
2024-07-22 09:40:00+09:00,629.0,629.0,629.0,629.0,1000,0.0,0.0
2024-07-22 09:45:00+09:00,629.0,630.0,629.0,630.0,3600,0.0,0.0
2024-07-22 09:50:00+09:00,631.0,631.0,630.0,630.0,200,0.0,0.0
2024-07-22 09:55:00+09:00,630.0,630.0,629.0,630.0,4800,0.0,0.0
2024-07-22 10:00:00+09:00,630.0,630.0,628.0,628.0,3600,0.0,0.0
2024-07-22 10:05:00+09:00,629.0,629.0,628.0,629.0,2600,0.0,0.0
2024-07-22 10:10:00+09:00,630.0,631.0,630.0,630.0,8300,0.0,0.0
2024-07-22 10:15:00+09:00,630.0,630.0,630.0,630.0,1000,0.0,0.0
2024-07-22 10:20:00+09:00,630.0,630.0,630.0,630.0,1100,0.0,0.0
2024-07-22 10:25:00+09:00,631.0,632.0,631.0,631.0,2000,0.0,0.0
2024-07-22 10:30:00+09:00,631.0,631.0,631.0,631.0,100,0.0,0.0
2024-07-22 10:40:00+09:00,632.0,632.0,632.0,632.0,4300,0.0,0.0
2024-07-22 10:50:00+09:00,632.0,632.0,632.0,632.0,3400,0.0,0.0
2024-07-22 10:55:00+09:00,632.0,632.0,631.0,631.0,200,0.0,0.0
2024-07-22 11:00:00+09:00,631.0,631.0,631.0,631.0,800,0.0,0.0
2024-07-22 11:05:00+09:00,632.0,632.0,632.0,632.0,0,0.0,0.0
2024-07-22 11:10:00+09:00,632.0,632.0,632.0,632.0,103600,0.0,0.0
2024-07-22 11:15:00+09:00,633.0,633.0,633.0,633.0,200,0.0,0.0
2024-07-22 11:20:00+09:00,633.0,634.0,633.0,634.0,5600,0.0,0.0
2024-07-22 11:25:00+09:00,633.0,633.0,633.0,633.0,4000,0.0,0.0
2024-07-22 11:30:00+09:00,632.0,632.0,632.0,632.0,600,0.0,0.0
2024-07-22 11:35:00+09:00,632.0,632.0,632.0,632.0,0,0.0,0.0
2024-07-22 12:30:00+09:00,634.0,634.0,633.0,634.0,117600,0.0,0.0
2024-07-22 12:35:00+09:00,633.0,633.0,633.0,633.0,2400,0.0,0.0
2024-07-22 12:40:00+09:00,633.0,633.0,632.0,632.0,3000,0.0,0.0
2024-07-22 12:45:00+09:00,633.0,633.0,633.0,633.0,500,0.0,0.0
2024-07-22 12:50:00+09:00,633.0,633.0,633.0,633.0,2800,0.0,0.0
2024-07-22 12:55:00+09:00,633.0,633.0,633.0,633.0,500,0.0,0.0
2024-07-22 13:00:00+09:00,633.0,633.0,633.0,633.0,700,0.0,0.0
2024-07-22 13:05:00+09:00,633.0,633.0,633.0,633.0,100,0.0,0.0
2024-07-22 13:10:00+09:00,633.0,633.0,633.0,633.0,100,0.0,0.0
2024-07-22 13:20:00+09:00,633.0,633.0,631.0,632.0,20000,0.0,0.0
2024-07-22 13:25:00+09:00,631.0,632.0,631.0,632.0,4100,0.0,0.0
2024-07-22 13:30:00+09:00,632.0,632.0,632.0,632.0,1100,0.0,0.0
2024-07-22 13:40:00+09:00,633.0,633.0,633.0,633.0,1600,0.0,0.0
2024-07-22 13:45:00+09:00,633.0,633.0,633.0,633.0,200,0.0,0.0
2024-07-22 13:50:00+09:00,633.0,633.0,633.0,633.0,100,0.0,0.0
2024-07-22 13:55:00+09:00,634.0,634.0,634.0,634.0,200,0.0,0.0
2024-07-22 14:00:00+09:00,634.0,634.0,634.0,634.0,200,0.0,0.0
2024-07-22 14:05:00+09:00,633.0,634.0,633.0,634.0,3600,0.0,0.0
2024-07-22 14:10:00+09:00,634.0,634.0,634.0,634.0,9100,0.0,0.0
2024-07-22 14:15:00+09:00,633.0,634.0,633.0,634.0,200,0.0,0.0
2024-07-22 14:20:00+09:00,633.0,633.0,633.0,633.0,700,0.0,0.0
2024-07-22 14:30:00+09:00,633.0,633.0,633.0,633.0,100,0.0,0.0
2024-07-22 14:40:00+09:00,632.0,632.0,632.0,632.0,5400,0.0,0.0
2024-07-22 14:50:00+09:00,632.0,632.0,632.0,632.0,11100,0.0,0.0
2024-07-22 14:55:00+09:00,632.0,634.0,631.0,634.0,3000,0.0,0.0
2024-07-23 09:00:00+09:00,634.0,635.0,633.0,635.0,16400,0.0,0.0
2024-07-23 09:05:00+09:00,635.0,637.0,634.0,637.0,6600,0.0,0.0
2024-07-23 09:10:00+09:00,637.0,637.0,635.0,636.0,2400,0.0,0.0
2024-07-23 09:15:00+09:00,636.0,636.0,635.0,635.0,5700,0.0,0.0
2024-07-23 09:20:00+09:00,636.0,637.0,636.0,636.0,3200,0.0,0.0
2024-07-23 09:25:00+09:00,636.0,638.0,636.0,638.0,6700,0.0,0.0
2024-07-23 09:30:00+09:00,638.0,638.0,638.0,638.0,4400,0.0,0.0
2024-07-23 09:35:00+09:00,638.0,638.0,638.0,638.0,2000,0.0,0.0
2024-07-23 09:40:00+09:00,638.0,638.0,636.0,636.0,1300,0.0,0.0
2024-07-23 09:45:00+09:00,635.0,635.0,635.0,635.0,4000,0.0,0.0
2024-07-23 09:50:00+09:00,635.0,635.0,635.0,635.0,200,0.0,0.0
2024-07-23 09:55:00+09:00,634.0,634.0,634.0,634.0,1400,0.0,0.0
2024-07-23 10:00:00+09:00,633.0,634.0,633.0,634.0,5600,0.0,0.0
2024-07-23 10:05:00+09:00,634.0,635.0,634.0,635.0,4900,0.0,0.0
2024-07-23 10:10:00+09:00,635.0,635.0,635.0,635.0,500,0.0,0.0
2024-07-23 10:20:00+09:00,635.0,635.0,635.0,635.0,1900,0.0,0.0
2024-07-23 10:25:00+09:00,636.0,636.0,636.0,636.0,200,0.0,0.0
2024-07-23 10:30:00+09:00,636.0,636.0,636.0,636.0,500,0.0,0.0
2024-07-23 10:40:00+09:00,635.0,635.0,634.0,634.0,1300,0.0,0.0
2024-07-23 10:55:00+09:00,635.0,635.0,633.0,633.0,6600,0.0,0.0
2024-07-23 11:00:00+09:00,633.0,633.0,632.0,633.0,2100,0.0,0.0
2024-07-23 11:10:00+09:00,633.0,633.0,633.0,633.0,100,0.0,0.0
2024-07-23 11:15:00+09:00,634.0,635.0,633.0,635.0,4100,0.0,0.0
2024-07-23 11:20:00+09:00,634.0,634.0,634.0,634.0,400,0.0,0.0
2024-07-23 11:25:00+09:00,634.0,634.0,634.0,634.0,900,0.0,0.0
2024-07-23 11:30:00+09:00,634.0,634.0,634.0,634.0,100,0.0,0.0
2024-07-23 11:35:00+09:00,634.0,634.0,634.0,634.0,0,0.0,0.0
2024-07-23 12:30:00+09:00,632.0,634.0,631.0,631.0,90900,0.0,0.0
2024-07-23 12:35:00+09:00,631.0,632.0,631.0,632.0,7000,0.0,0.0
2024-07-23 12:40:00+09:00,632.0,632.0,632.0,632.0,100,0.0,0.0
2024-07-23 12:45:00+09:00,632.0,632.0,632.0,632.0,200,0.0,0.0
2024-07-23 12:50:00+09:00,632.0,632.0,631.0,632.0,2900,0.0,0.0
2024-07-23 13:05:00+09:00,632.0,632.0,632.0,632.0,200,0.0,0.0
2024-07-23 13:20:00+09:00,633.0,633.0,633.0,633.0,5600,0.0,0.0
2024-07-23 13:30:00+09:00,634.0,634.0,633.0,633.0,200,0.0,0.0
2024-07-23 13:35:00+09:00,634.0,634.0,633.0,634.0,400,0.0,0.0
2024-07-23 13:40:00+09:00,634.0,634.0,634.0,634.0,300,0.0,0.0
2024-07-23 13:45:00+09:00,634.0,634.0,634.0,634.0,300,0.0,0.0
2024-07-23 13:50:00+09:00,634.0,634.0,634.0,634.0,200,0.0,0.0
2024-07-23 14:05:00+09:00,634.0,634.0,634.0,634.0,6800,0.0,0.0
2024-07-23 14:10:00+09:00,635.0,635.0,635.0,635.0,300,0.0,0.0
2024-07-23 14:15:00+09:00,635.0,635.0,635.0,635.0,6600,0.0,0.0
2024-07-23 14:20:00+09:00,635.0,636.0,635.0,636.0,6700,0.0,0.0
2024-07-23 14:30:00+09:00,636.0,636.0,635.0,635.0,5600,0.0,0.0
2024-07-23 14:35:00+09:00,635.0,635.0,635.0,635.0,1400,0.0,0.0
2024-07-23 14:40:00+09:00,635.0,636.0,635.0,636.0,6700,0.0,0.0
2024-07-23 14:45:00+09:00,636.0,636.0,635.0,635.0,1100,0.0,0.0
2024-07-23 14:50:00+09:00,636.0,636.0,636.0,636.0,1700,0.0,0.0
2024-07-23 14:55:00+09:00,636.0,637.0,635.0,636.0,6800,0.0,0.0
2024-07-24 09:00:00+09:00,632.0,633.0,631.0,633.0,15800,0.0,0.0
2024-07-24 09:05:00+09:00,632.0,632.0,630.0,631.0,5600,0.0,0.0
2024-07-24 09:10:00+09:00,631.0,631.0,630.0,631.0,4400,0.0,0.0
2024-07-24 09:15:00+09:00,630.0,630.0,629.0,629.0,3900,0.0,0.0
2024-07-24 09:20:00+09:00,630.0,630.0,630.0,630.0,1700,0.0,0.0
2024-07-24 09:25:00+09:00,629.0,629.0,628.0,628.0,9100,0.0,0.0
2024-07-24 09:30:00+09:00,629.0,629.0,628.0,628.0,9600,0.0,0.0
2024-07-24 09:35:00+09:00,627.0,627.0,627.0,627.0,100,0.0,0.0
2024-07-24 09:40:00+09:00,627.0,628.0,627.0,628.0,6300,0.0,0.0
2024-07-24 09:45:00+09:00,628.0,629.0,628.0,629.0,3200,0.0,0.0
2024-07-24 09:50:00+09:00,629.0,629.0,628.0,629.0,1900,0.0,0.0
2024-07-24 09:55:00+09:00,628.0,628.0,628.0,628.0,4700,0.0,0.0
2024-07-24 10:00:00+09:00,628.0,628.0,627.0,627.0,400,0.0,0.0
2024-07-24 10:05:00+09:00,628.0,628.0,627.0,628.0,3600,0.0,0.0
2024-07-24 10:15:00+09:00,628.0,628.0,628.0,628.0,1800,0.0,0.0
2024-07-24 10:20:00+09:00,628.0,628.0,628.0,628.0,700,0.0,0.0
2024-07-24 10:25:00+09:00,628.0,628.0,628.0,628.0,500,0.0,0.0
2024-07-24 10:30:00+09:00,628.0,628.0,628.0,628.0,100,0.0,0.0
2024-07-24 10:35:00+09:00,628.0,628.0,628.0,628.0,3800,0.0,0.0
2024-07-24 10:40:00+09:00,629.0,629.0,628.0,628.0,400,0.0,0.0
2024-07-24 10:50:00+09:00,628.0,628.0,628.0,628.0,2300,0.0,0.0
2024-07-24 11:05:00+09:00,628.0,628.0,627.0,627.0,6100,0.0,0.0
2024-07-24 11:10:00+09:00,626.0,627.0,626.0,627.0,400,0.0,0.0
2024-07-24 11:20:00+09:00,626.0,626.0,625.0,626.0,10700,0.0,0.0
2024-07-24 11:25:00+09:00,625.0,626.0,625.0,626.0,2500,0.0,0.0
2024-07-24 11:30:00+09:00,627.0,627.0,627.0,627.0,700,0.0,0.0
2024-07-24 11:35:00+09:00,627.0,627.0,627.0,627.0,0,0.0,0.0
2024-07-24 12:30:00+09:00,625.0,626.0,624.0,625.0,114300,0.0,0.0
2024-07-24 12:35:00+09:00,625.0,625.0,624.0,625.0,2100,0.0,0.0
2024-07-24 12:40:00+09:00,625.0,625.0,625.0,625.0,600,0.0,0.0
2024-07-24 12:45:00+09:00,624.0,624.0,624.0,624.0,10800,0.0,0.0
2024-07-24 12:50:00+09:00,624.0,624.0,624.0,624.0,1200,0.0,0.0
2024-07-24 12:55:00+09:00,624.0,624.0,624.0,624.0,600,0.0,0.0
2024-07-24 13:00:00+09:00,624.0,624.0,624.0,624.0,2300,0.0,0.0
2024-07-24 13:05:00+09:00,624.0,624.0,622.0,622.0,6200,0.0,0.0
2024-07-24 13:10:00+09:00,622.0,622.0,622.0,622.0,200,0.0,0.0
2024-07-24 13:15:00+09:00,622.0,623.0,622.0,622.0,400,0.0,0.0
2024-07-24 13:20:00+09:00,622.0,622.0,622.0,622.0,900,0.0,0.0
2024-07-24 13:25:00+09:00,622.0,623.0,622.0,622.0,400,0.0,0.0
2024-07-24 13:30:00+09:00,622.0,623.0,621.0,621.0,8800,0.0,0.0
2024-07-24 13:35:00+09:00,621.0,622.0,621.0,622.0,600,0.0,0.0
2024-07-24 13:40:00+09:00,622.0,622.0,621.0,621.0,700,0.0,0.0
2024-07-24 13:45:00+09:00,621.0,622.0,621.0,622.0,4700,0.0,0.0
2024-07-24 13:50:00+09:00,622.0,622.0,622.0,622.0,1800,0.0,0.0
2024-07-24 13:55:00+09:00,622.0,623.0,621.0,622.0,5400,0.0,0.0
2024-07-24 14:00:00+09:00,622.0,622.0,622.0,622.0,300,0.0,0.0
2024-07-24 14:05:00+09:00,622.0,622.0,622.0,622.0,2200,0.0,0.0
2024-07-24 14:10:00+09:00,622.0,624.0,622.0,623.0,10300,0.0,0.0
2024-07-24 14:20:00+09:00,623.0,624.0,623.0,623.0,2900,0.0,0.0
2024-07-24 14:25:00+09:00,623.0,623.0,622.0,622.0,1800,0.0,0.0
2024-07-24 14:30:00+09:00,622.0,622.0,622.0,622.0,200,0.0,0.0
2024-07-24 14:35:00+09:00,622.0,622.0,622.0,622.0,100,0.0,0.0
2024-07-24 14:40:00+09:00,622.0,622.0,622.0,622.0,2800,0.0,0.0
2024-07-24 14:45:00+09:00,621.0,622.0,621.0,621.0,1000,0.0,0.0
2024-07-24 14:55:00+09:00,621.0,622.0,621.0,622.0,5400,0.0,0.0
2024-07-25 09:00:00+09:00,613.0,613.0,611.0,613.0,83600,0.0,0.0
2024-07-25 09:05:00+09:00,614.0,615.0,611.0,612.0,6200,0.0,0.0
2024-07-25 09:10:00+09:00,612.0,613.0,611.0,613.0,7300,0.0,0.0
2024-07-25 09:15:00+09:00,612.0,614.0,612.0,613.0,8700,0.0,0.0
2024-07-25 09:20:00+09:00,613.0,614.0,612.0,613.0,7800,0.0,0.0
2024-07-25 09:25:00+09:00,613.0,614.0,613.0,614.0,6100,0.0,0.0
2024-07-25 09:30:00+09:00,614.0,614.0,613.0,614.0,2000,0.0,0.0
2024-07-25 09:35:00+09:00,614.0,614.0,612.0,612.0,6900,0.0,0.0
2024-07-25 09:40:00+09:00,612.0,612.0,611.0,611.0,9100,0.0,0.0
2024-07-25 09:45:00+09:00,612.0,612.0,610.0,611.0,10800,0.0,0.0
2024-07-25 09:50:00+09:00,610.0,610.0,609.0,610.0,5900,0.0,0.0
2024-07-25 09:55:00+09:00,611.0,611.0,610.0,610.0,5500,0.0,0.0
2024-07-25 10:00:00+09:00,611.0,611.0,610.0,610.0,4700,0.0,0.0
2024-07-25 10:05:00+09:00,610.0,610.0,609.0,609.0,2900,0.0,0.0
2024-07-25 10:10:00+09:00,608.0,609.0,608.0,608.0,2300,0.0,0.0
2024-07-25 10:15:00+09:00,609.0,610.0,609.0,610.0,14000,0.0,0.0
2024-07-25 10:20:00+09:00,610.0,611.0,610.0,610.0,1100,0.0,0.0
2024-07-25 10:25:00+09:00,609.0,609.0,609.0,609.0,2000,0.0,0.0
2024-07-25 10:30:00+09:00,609.0,609.0,608.0,609.0,4200,0.0,0.0
2024-07-25 10:35:00+09:00,609.0,610.0,608.0,609.0,3600,0.0,0.0
2024-07-25 10:40:00+09:00,610.0,610.0,609.0,609.0,2900,0.0,0.0
2024-07-25 10:45:00+09:00,609.0,610.0,609.0,610.0,1800,0.0,0.0
2024-07-25 10:50:00+09:00,610.0,611.0,610.0,611.0,3100,0.0,0.0
2024-07-25 10:55:00+09:00,610.0,610.0,609.0,609.0,2000,0.0,0.0
2024-07-25 11:00:00+09:00,610.0,610.0,609.0,609.0,1500,0.0,0.0
2024-07-25 11:05:00+09:00,609.0,609.0,609.0,609.0,1000,0.0,0.0
2024-07-25 11:10:00+09:00,609.0,610.0,609.0,610.0,4200,0.0,0.0
2024-07-25 11:15:00+09:00,610.0,611.0,610.0,611.0,2200,0.0,0.0
2024-07-25 11:20:00+09:00,612.0,613.0,612.0,613.0,3200,0.0,0.0
2024-07-25 11:25:00+09:00,613.0,614.0,613.0,614.0,3400,0.0,0.0
2024-07-25 11:35:00+09:00,614.0,614.0,614.0,614.0,0,0.0,0.0
2024-07-25 12:30:00+09:00,612.0,612.0,611.0,611.0,232200,0.0,0.0
2024-07-25 12:35:00+09:00,611.0,612.0,611.0,612.0,6300,0.0,0.0
2024-07-25 12:40:00+09:00,611.0,611.0,611.0,611.0,3300,0.0,0.0
2024-07-25 12:45:00+09:00,611.0,612.0,611.0,612.0,7900,0.0,0.0
2024-07-25 12:50:00+09:00,612.0,613.0,612.0,612.0,300,0.0,0.0
2024-07-25 12:55:00+09:00,612.0,612.0,612.0,612.0,200,0.0,0.0
2024-07-25 13:00:00+09:00,612.0,613.0,612.0,613.0,3900,0.0,0.0
2024-07-25 13:05:00+09:00,614.0,614.0,614.0,614.0,100,0.0,0.0
2024-07-25 13:10:00+09:00,614.0,615.0,614.0,615.0,2800,0.0,0.0
2024-07-25 13:15:00+09:00,615.0,615.0,614.0,614.0,4600,0.0,0.0
2024-07-25 13:20:00+09:00,614.0,614.0,614.0,614.0,600,0.0,0.0
2024-07-25 13:25:00+09:00,614.0,614.0,613.0,614.0,1300,0.0,0.0
2024-07-25 13:30:00+09:00,614.0,614.0,614.0,614.0,10500,0.0,0.0
2024-07-25 13:35:00+09:00,614.0,614.0,614.0,614.0,2700,0.0,0.0
2024-07-25 13:40:00+09:00,614.0,614.0,614.0,614.0,5800,0.0,0.0
2024-07-25 13:45:00+09:00,614.0,614.0,614.0,614.0,100,0.0,0.0
2024-07-25 13:50:00+09:00,613.0,614.0,613.0,613.0,6700,0.0,0.0
2024-07-25 13:55:00+09:00,614.0,614.0,614.0,614.0,700,0.0,0.0
2024-07-25 14:00:00+09:00,613.0,614.0,613.0,613.0,3700,0.0,0.0
2024-07-25 14:05:00+09:00,613.0,614.0,613.0,614.0,1300,0.0,0.0
2024-07-25 14:10:00+09:00,614.0,615.0,613.0,614.0,7700,0.0,0.0
2024-07-25 14:15:00+09:00,614.0,614.0,614.0,614.0,700,0.0,0.0
2024-07-25 14:20:00+09:00,614.0,615.0,614.0,615.0,3300,0.0,0.0
2024-07-25 14:25:00+09:00,614.0,614.0,613.0,613.0,6100,0.0,0.0
2024-07-25 14:30:00+09:00,612.0,613.0,612.0,612.0,14600,0.0,0.0
2024-07-25 14:35:00+09:00,612.0,612.0,612.0,612.0,7300,0.0,0.0
2024-07-25 14:40:00+09:00,612.0,612.0,612.0,612.0,2800,0.0,0.0
2024-07-25 14:45:00+09:00,612.0,612.0,611.0,612.0,3000,0.0,0.0
2024-07-25 14:50:00+09:00,611.0,612.0,611.0,611.0,8700,0.0,0.0
2024-07-25 14:55:00+09:00,611.0,612.0,610.0,611.0,5200,0.0,0.0
2024-07-26 09:00:00+09:00,613.0,614.0,611.0,612.0,12300,0.0,0.0
2024-07-26 09:05:00+09:00,612.0,612.0,610.0,611.0,3300,0.0,0.0
2024-07-26 09:10:00+09:00,611.0,611.0,609.0,611.0,6600,0.0,0.0
2024-07-26 09:15:00+09:00,610.0,611.0,610.0,610.0,4100,0.0,0.0
2024-07-26 09:20:00+09:00,610.0,611.0,610.0,611.0,1700,0.0,0.0
2024-07-26 09:25:00+09:00,610.0,611.0,610.0,610.0,8400,0.0,0.0
2024-07-26 09:30:00+09:00,610.0,611.0,610.0,611.0,5800,0.0,0.0
2024-07-26 09:35:00+09:00,612.0,612.0,612.0,612.0,3300,0.0,0.0
2024-07-26 09:40:00+09:00,612.0,614.0,612.0,614.0,0,0.0,0.0
2024-07-26 09:45:00+09:00,614.0,614.0,614.0,614.0,67200,0.0,0.0
2024-07-26 09:50:00+09:00,613.0,613.0,612.0,613.0,4200,0.0,0.0
2024-07-26 09:55:00+09:00,613.0,613.0,613.0,613.0,1100,0.0,0.0
2024-07-26 10:00:00+09:00,614.0,615.0,614.0,615.0,3100,0.0,0.0
2024-07-26 10:05:00+09:00,615.0,615.0,615.0,615.0,200,0.0,0.0
2024-07-26 10:10:00+09:00,615.0,616.0,615.0,616.0,2600,0.0,0.0
2024-07-26 10:15:00+09:00,615.0,615.0,614.0,614.0,3100,0.0,0.0
2024-07-26 10:20:00+09:00,614.0,614.0,614.0,614.0,700,0.0,0.0
2024-07-26 10:25:00+09:00,613.0,613.0,613.0,613.0,1500,0.0,0.0
2024-07-26 10:30:00+09:00,612.0,612.0,612.0,612.0,3000,0.0,0.0
2024-07-26 10:35:00+09:00,612.0,613.0,612.0,613.0,3700,0.0,0.0
2024-07-26 10:40:00+09:00,613.0,613.0,613.0,613.0,300,0.0,0.0
2024-07-26 10:45:00+09:00,613.0,613.0,613.0,613.0,800,0.0,0.0
2024-07-26 10:50:00+09:00,613.0,613.0,613.0,613.0,600,0.0,0.0
2024-07-26 10:55:00+09:00,612.0,612.0,612.0,612.0,2400,0.0,0.0
2024-07-26 11:00:00+09:00,613.0,613.0,613.0,613.0,2200,0.0,0.0
2024-07-26 11:05:00+09:00,613.0,613.0,613.0,613.0,100,0.0,0.0
2024-07-26 11:10:00+09:00,614.0,615.0,614.0,615.0,1800,0.0,0.0
2024-07-26 11:15:00+09:00,614.0,614.0,614.0,614.0,2000,0.0,0.0
2024-07-26 11:20:00+09:00,615.0,615.0,615.0,615.0,200,0.0,0.0
2024-07-26 11:25:00+09:00,615.0,615.0,615.0,615.0,1100,0.0,0.0
2024-07-26 11:35:00+09:00,615.0,615.0,615.0,615.0,0,0.0,0.0
2024-07-26 12:30:00+09:00,613.0,616.0,613.0,615.0,116000,0.0,0.0
2024-07-26 12:35:00+09:00,614.0,614.0,614.0,614.0,5300,0.0,0.0
2024-07-26 12:40:00+09:00,615.0,615.0,614.0,614.0,800,0.0,0.0
2024-07-26 12:45:00+09:00,615.0,615.0,615.0,615.0,5700,0.0,0.0
2024-07-26 12:50:00+09:00,615.0,615.0,615.0,615.0,100,0.0,0.0
2024-07-26 13:00:00+09:00,615.0,615.0,614.0,614.0,200,0.0,0.0
2024-07-26 13:05:00+09:00,614.0,614.0,614.0,614.0,2700,0.0,0.0
2024-07-26 13:10:00+09:00,613.0,613.0,613.0,613.0,200,0.0,0.0
2024-07-26 13:15:00+09:00,613.0,613.0,613.0,613.0,100,0.0,0.0
2024-07-26 13:20:00+09:00,613.0,614.0,613.0,614.0,6900,0.0,0.0
2024-07-26 13:25:00+09:00,614.0,614.0,614.0,614.0,1600,0.0,0.0
2024-07-26 13:30:00+09:00,614.0,614.0,614.0,614.0,100,0.0,0.0
2024-07-26 13:35:00+09:00,615.0,615.0,615.0,615.0,300,0.0,0.0
2024-07-26 13:45:00+09:00,614.0,614.0,614.0,614.0,100,0.0,0.0
2024-07-26 13:50:00+09:00,614.0,614.0,613.0,613.0,3700,0.0,0.0
2024-07-26 13:55:00+09:00,614.0,614.0,614.0,614.0,200,0.0,0.0
2024-07-26 14:00:00+09:00,613.0,613.0,613.0,613.0,200,0.0,0.0
2024-07-26 14:05:00+09:00,613.0,613.0,613.0,613.0,5100,0.0,0.0
2024-07-26 14:10:00+09:00,613.0,615.0,613.0,615.0,9400,0.0,0.0
2024-07-26 14:15:00+09:00,615.0,616.0,615.0,616.0,2900,0.0,0.0
2024-07-26 14:20:00+09:00,615.0,615.0,615.0,615.0,2600,0.0,0.0
2024-07-26 14:25:00+09:00,615.0,615.0,615.0,615.0,300,0.0,0.0
2024-07-26 14:30:00+09:00,614.0,614.0,614.0,614.0,400,0.0,0.0
2024-07-26 14:35:00+09:00,614.0,614.0,613.0,613.0,2200,0.0,0.0
2024-07-26 14:40:00+09:00,613.0,613.0,613.0,613.0,500,0.0,0.0
2024-07-26 14:45:00+09:00,613.0,613.0,613.0,613.0,800,0.0,0.0
2024-07-26 14:50:00+09:00,613.0,613.0,612.0,613.0,7100,0.0,0.0
2024-07-26 14:55:00+09:00,613.0,614.0,612.0,613.0,5400,0.0,0.0
2024-07-29 09:00:00+09:00,621.0,622.0,617.0,617.0,13400,0.0,0.0
2024-07-29 09:05:00+09:00,618.0,622.0,618.0,621.0,8400,0.0,0.0
2024-07-29 09:10:00+09:00,621.0,621.0,619.0,619.0,5900,0.0,0.0
2024-07-29 09:15:00+09:00,620.0,620.0,619.0,620.0,11400,0.0,0.0
2024-07-29 09:20:00+09:00,621.0,622.0,621.0,621.0,4500,0.0,0.0
2024-07-29 09:25:00+09:00,622.0,626.0,622.0,626.0,48400,0.0,0.0
2024-07-29 09:30:00+09:00,624.0,625.0,623.0,625.0,3600,0.0,0.0
2024-07-29 09:35:00+09:00,625.0,625.0,625.0,625.0,600,0.0,0.0
2024-07-29 09:40:00+09:00,626.0,626.0,626.0,626.0,100,0.0,0.0
2024-07-29 09:45:00+09:00,626.0,626.0,625.0,625.0,7100,0.0,0.0
2024-07-29 09:50:00+09:00,625.0,625.0,625.0,625.0,3600,0.0,0.0
2024-07-29 09:55:00+09:00,625.0,625.0,624.0,624.0,2600,0.0,0.0
2024-07-29 10:00:00+09:00,624.0,626.0,624.0,626.0,12600,0.0,0.0
2024-07-29 10:05:00+09:00,625.0,625.0,624.0,624.0,1300,0.0,0.0
2024-07-29 10:10:00+09:00,624.0,625.0,624.0,625.0,800,0.0,0.0
2024-07-29 10:15:00+09:00,625.0,625.0,624.0,624.0,500,0.0,0.0
2024-07-29 10:20:00+09:00,625.0,625.0,623.0,623.0,2900,0.0,0.0
2024-07-29 10:25:00+09:00,624.0,625.0,624.0,624.0,5000,0.0,0.0
2024-07-29 10:30:00+09:00,624.0,624.0,624.0,624.0,1500,0.0,0.0
2024-07-29 10:35:00+09:00,623.0,623.0,622.0,622.0,1100,0.0,0.0
2024-07-29 10:40:00+09:00,621.0,621.0,621.0,621.0,1200,0.0,0.0
2024-07-29 10:45:00+09:00,621.0,621.0,621.0,621.0,4700,0.0,0.0
2024-07-29 10:50:00+09:00,621.0,621.0,621.0,621.0,1200,0.0,0.0
2024-07-29 10:55:00+09:00,622.0,622.0,622.0,622.0,200,0.0,0.0
2024-07-29 11:00:00+09:00,622.0,623.0,622.0,623.0,2100,0.0,0.0
2024-07-29 11:05:00+09:00,623.0,623.0,622.0,622.0,1900,0.0,0.0
2024-07-29 11:10:00+09:00,621.0,621.0,621.0,621.0,300,0.0,0.0
2024-07-29 11:15:00+09:00,621.0,621.0,621.0,621.0,6000,0.0,0.0
2024-07-29 11:20:00+09:00,620.0,621.0,620.0,621.0,200,0.0,0.0
2024-07-29 11:25:00+09:00,620.0,620.0,617.0,619.0,51100,0.0,0.0
2024-07-29 11:30:00+09:00,619.0,619.0,619.0,619.0,100,0.0,0.0
2024-07-29 11:35:00+09:00,619.0,619.0,619.0,619.0,0,0.0,0.0
2024-07-29 12:30:00+09:00,620.0,621.0,620.0,620.0,212300,0.0,0.0
2024-07-29 12:35:00+09:00,620.0,621.0,620.0,621.0,1800,0.0,0.0
2024-07-29 12:40:00+09:00,621.0,621.0,621.0,621.0,2600,0.0,0.0
2024-07-29 12:45:00+09:00,621.0,621.0,621.0,621.0,300,0.0,0.0
2024-07-29 12:50:00+09:00,620.0,621.0,620.0,620.0,1900,0.0,0.0
2024-07-29 12:55:00+09:00,621.0,621.0,620.0,620.0,200,0.0,0.0
2024-07-29 13:00:00+09:00,620.0,620.0,620.0,620.0,1400,0.0,0.0
2024-07-29 13:05:00+09:00,620.0,620.0,620.0,620.0,300,0.0,0.0
2024-07-29 13:10:00+09:00,620.0,621.0,620.0,620.0,700,0.0,0.0
2024-07-29 13:15:00+09:00,620.0,620.0,620.0,620.0,3600,0.0,0.0
2024-07-29 13:20:00+09:00,620.0,620.0,620.0,620.0,500,0.0,0.0
2024-07-29 13:25:00+09:00,621.0,621.0,620.0,621.0,300,0.0,0.0
2024-07-29 13:30:00+09:00,621.0,621.0,620.0,621.0,300,0.0,0.0
2024-07-29 13:35:00+09:00,621.0,621.0,620.0,620.0,200,0.0,0.0
2024-07-29 13:40:00+09:00,621.0,621.0,621.0,621.0,200,0.0,0.0
2024-07-29 13:45:00+09:00,621.0,621.0,621.0,621.0,100,0.0,0.0
2024-07-29 13:50:00+09:00,620.0,620.0,620.0,620.0,6300,0.0,0.0
2024-07-29 13:55:00+09:00,619.0,621.0,619.0,621.0,2200,0.0,0.0
2024-07-29 14:00:00+09:00,621.0,621.0,620.0,620.0,400,0.0,0.0
2024-07-29 14:05:00+09:00,621.0,621.0,620.0,620.0,600,0.0,0.0
2024-07-29 14:10:00+09:00,620.0,621.0,620.0,621.0,400,0.0,0.0
2024-07-29 14:15:00+09:00,621.0,621.0,620.0,621.0,3200,0.0,0.0
2024-07-29 14:20:00+09:00,620.0,621.0,620.0,621.0,1000,0.0,0.0
2024-07-29 14:25:00+09:00,621.0,621.0,620.0,620.0,300,0.0,0.0
2024-07-29 14:30:00+09:00,621.0,621.0,621.0,621.0,3600,0.0,0.0
2024-07-29 14:35:00+09:00,622.0,622.0,622.0,622.0,400,0.0,0.0
2024-07-29 14:40:00+09:00,622.0,622.0,621.0,621.0,3000,0.0,0.0
2024-07-29 14:45:00+09:00,621.0,621.0,621.0,621.0,3600,0.0,0.0
2024-07-29 14:50:00+09:00,621.0,622.0,621.0,622.0,900,0.0,0.0
2024-07-29 14:55:00+09:00,622.0,623.0,620.0,620.0,9500,0.0,0.0
2024-07-30 09:00:00+09:00,619.0,620.0,619.0,620.0,5700,0.0,0.0
2024-07-30 09:05:00+09:00,619.0,619.0,619.0,619.0,2000,0.0,0.0
2024-07-30 09:10:00+09:00,619.0,620.0,619.0,620.0,4400,0.0,0.0
2024-07-30 09:15:00+09:00,619.0,619.0,619.0,619.0,5200,0.0,0.0
2024-07-30 09:20:00+09:00,620.0,621.0,619.0,621.0,3500,0.0,0.0
2024-07-30 09:25:00+09:00,621.0,621.0,619.0,620.0,2400,0.0,0.0
2024-07-30 09:30:00+09:00,620.0,620.0,619.0,619.0,2200,0.0,0.0
2024-07-30 09:35:00+09:00,620.0,620.0,620.0,620.0,1300,0.0,0.0
2024-07-30 09:40:00+09:00,620.0,620.0,620.0,620.0,100,0.0,0.0
2024-07-30 09:45:00+09:00,621.0,621.0,621.0,621.0,1900,0.0,0.0
2024-07-30 09:55:00+09:00,621.0,621.0,621.0,621.0,200,0.0,0.0
2024-07-30 10:00:00+09:00,621.0,621.0,621.0,621.0,1300,0.0,0.0
2024-07-30 10:05:00+09:00,621.0,621.0,621.0,621.0,1300,0.0,0.0
2024-07-30 10:20:00+09:00,621.0,621.0,621.0,621.0,100,0.0,0.0
2024-07-30 10:25:00+09:00,620.0,620.0,620.0,620.0,3800,0.0,0.0
2024-07-30 10:35:00+09:00,620.0,620.0,620.0,620.0,400,0.0,0.0
2024-07-30 10:40:00+09:00,619.0,619.0,619.0,619.0,2100,0.0,0.0
2024-07-30 10:45:00+09:00,619.0,619.0,619.0,619.0,200,0.0,0.0
2024-07-30 10:55:00+09:00,618.0,618.0,618.0,618.0,6700,0.0,0.0
2024-07-30 11:05:00+09:00,618.0,619.0,618.0,619.0,1800,0.0,0.0
2024-07-30 11:20:00+09:00,619.0,619.0,619.0,619.0,1400,0.0,0.0
2024-07-30 11:25:00+09:00,619.0,620.0,619.0,620.0,1200,0.0,0.0
2024-07-30 11:35:00+09:00,620.0,620.0,620.0,620.0,0,0.0,0.0
2024-07-30 12:30:00+09:00,620.0,620.0,620.0,620.0,53600,0.0,0.0
2024-07-30 12:35:00+09:00,620.0,620.0,620.0,620.0,600,0.0,0.0
2024-07-30 12:45:00+09:00,620.0,620.0,620.0,620.0,100,0.0,0.0
2024-07-30 12:55:00+09:00,619.0,619.0,619.0,619.0,100,0.0,0.0
2024-07-30 13:25:00+09:00,620.0,621.0,620.0,621.0,3300,0.0,0.0
2024-07-30 13:35:00+09:00,620.0,622.0,620.0,621.0,6300,0.0,0.0
2024-07-30 13:45:00+09:00,622.0,622.0,622.0,622.0,5200,0.0,0.0
2024-07-30 13:55:00+09:00,621.0,621.0,621.0,621.0,600,0.0,0.0
2024-07-30 14:00:00+09:00,621.0,621.0,621.0,621.0,2100,0.0,0.0
2024-07-30 14:05:00+09:00,621.0,621.0,621.0,621.0,300,0.0,0.0
2024-07-30 14:10:00+09:00,621.0,621.0,620.0,621.0,1300,0.0,0.0
2024-07-30 14:15:00+09:00,621.0,623.0,621.0,622.0,2600,0.0,0.0
2024-07-30 14:25:00+09:00,623.0,624.0,623.0,623.0,1900,0.0,0.0
2024-07-30 14:30:00+09:00,623.0,624.0,623.0,623.0,3900,0.0,0.0
2024-07-30 14:35:00+09:00,622.0,622.0,622.0,622.0,800,0.0,0.0
2024-07-30 14:40:00+09:00,623.0,623.0,623.0,623.0,1600,0.0,0.0
2024-07-30 14:45:00+09:00,624.0,626.0,624.0,625.0,11700,0.0,0.0
2024-07-30 14:50:00+09:00,624.0,624.0,623.0,624.0,2800,0.0,0.0
2024-07-30 14:55:00+09:00,625.0,625.0,624.0,625.0,1900,0.0,0.0
2024-07-31 09:00:00+09:00,620.0,620.0,619.0,619.0,72300,0.0,0.0
2024-07-31 09:05:00+09:00,619.0,619.0,619.0,619.0,2500,0.0,0.0
2024-07-31 09:10:00+09:00,619.0,619.0,616.0,616.0,6200,0.0,0.0
2024-07-31 09:15:00+09:00,616.0,618.0,616.0,618.0,6200,0.0,0.0
2024-07-31 09:20:00+09:00,618.0,620.0,618.0,619.0,3000,0.0,0.0
2024-07-31 09:25:00+09:00,619.0,619.0,619.0,619.0,200,0.0,0.0
2024-07-31 09:30:00+09:00,619.0,619.0,619.0,619.0,2400,0.0,0.0
2024-07-31 09:35:00+09:00,620.0,620.0,620.0,620.0,2900,0.0,0.0
2024-07-31 09:40:00+09:00,621.0,622.0,621.0,622.0,0,0.0,0.0
2024-07-31 09:50:00+09:00,622.0,622.0,622.0,622.0,97500,0.0,0.0
2024-07-31 09:55:00+09:00,622.0,623.0,622.0,622.0,1700,0.0,0.0
2024-07-31 10:10:00+09:00,622.0,622.0,622.0,622.0,900,0.0,0.0
2024-07-31 10:15:00+09:00,622.0,622.0,622.0,622.0,1000,0.0,0.0
2024-07-31 10:25:00+09:00,622.0,622.0,622.0,622.0,300,0.0,0.0
2024-07-31 10:35:00+09:00,622.0,623.0,622.0,623.0,4600,0.0,0.0
2024-07-31 10:40:00+09:00,623.0,623.0,623.0,623.0,800,0.0,0.0
2024-07-31 10:45:00+09:00,624.0,624.0,624.0,624.0,2400,0.0,0.0
2024-07-31 10:50:00+09:00,625.0,625.0,625.0,625.0,1000,0.0,0.0
2024-07-31 10:55:00+09:00,624.0,624.0,624.0,624.0,2000,0.0,0.0
2024-07-31 11:00:00+09:00,623.0,623.0,623.0,623.0,200,0.0,0.0
2024-07-31 11:05:00+09:00,624.0,624.0,624.0,624.0,400,0.0,0.0
2024-07-31 11:10:00+09:00,624.0,624.0,624.0,624.0,1200,0.0,0.0
2024-07-31 11:20:00+09:00,624.0,626.0,624.0,626.0,5000,0.0,0.0
2024-07-31 11:25:00+09:00,626.0,627.0,625.0,627.0,3400,0.0,0.0
2024-07-31 11:30:00+09:00,626.0,626.0,626.0,626.0,400,0.0,0.0
2024-07-31 11:35:00+09:00,626.0,626.0,626.0,626.0,0,0.0,0.0
2024-07-31 12:30:00+09:00,626.0,626.0,624.0,624.0,125900,0.0,0.0
2024-07-31 12:35:00+09:00,624.0,624.0,624.0,624.0,1700,0.0,0.0
2024-07-31 12:40:00+09:00,623.0,623.0,623.0,623.0,2000,0.0,0.0
2024-07-31 12:45:00+09:00,623.0,623.0,623.0,623.0,1200,0.0,0.0
2024-07-31 12:55:00+09:00,623.0,624.0,623.0,624.0,7000,0.0,0.0
2024-07-31 13:00:00+09:00,624.0,624.0,624.0,624.0,800,0.0,0.0
2024-07-31 13:05:00+09:00,624.0,624.0,623.0,623.0,2600,0.0,0.0
2024-07-31 13:10:00+09:00,624.0,624.0,624.0,624.0,700,0.0,0.0
2024-07-31 13:15:00+09:00,625.0,626.0,625.0,625.0,6400,0.0,0.0
2024-07-31 13:20:00+09:00,625.0,625.0,623.0,623.0,7900,0.0,0.0
2024-07-31 13:25:00+09:00,623.0,623.0,623.0,623.0,4300,0.0,0.0
2024-07-31 13:30:00+09:00,624.0,624.0,624.0,624.0,100,0.0,0.0
2024-07-31 13:40:00+09:00,624.0,624.0,624.0,624.0,4300,0.0,0.0
2024-07-31 13:45:00+09:00,625.0,625.0,625.0,625.0,1700,0.0,0.0
2024-07-31 13:50:00+09:00,625.0,625.0,625.0,625.0,1500,0.0,0.0
2024-07-31 13:55:00+09:00,625.0,625.0,625.0,625.0,2600,0.0,0.0
2024-07-31 14:00:00+09:00,625.0,625.0,625.0,625.0,600,0.0,0.0
2024-07-31 14:05:00+09:00,626.0,627.0,626.0,626.0,4500,0.0,0.0
2024-07-31 14:10:00+09:00,626.0,626.0,626.0,626.0,100,0.0,0.0
2024-07-31 14:15:00+09:00,625.0,625.0,625.0,625.0,3200,0.0,0.0
2024-07-31 14:20:00+09:00,625.0,625.0,625.0,625.0,1900,0.0,0.0
2024-07-31 14:25:00+09:00,626.0,626.0,625.0,626.0,5700,0.0,0.0
2024-07-31 14:35:00+09:00,626.0,626.0,626.0,626.0,4400,0.0,0.0
2024-07-31 14:40:00+09:00,627.0,628.0,627.0,627.0,6500,0.0,0.0
2024-07-31 14:45:00+09:00,627.0,629.0,627.0,628.0,8800,0.0,0.0
2024-07-31 14:50:00+09:00,628.0,628.0,628.0,628.0,4900,0.0,0.0
2024-07-31 14:55:00+09:00,628.0,630.0,626.0,629.0,12200,0.0,0.0
2024-08-01 09:00:00+09:00,621.0,621.0,615.0,616.0,43100,0.0,0.0
2024-08-01 09:05:00+09:00,616.0,618.0,615.0,617.0,6000,0.0,0.0
2024-08-01 09:10:00+09:00,616.0,618.0,615.0,618.0,16600,0.0,0.0
2024-08-01 09:15:00+09:00,617.0,617.0,615.0,616.0,6300,0.0,0.0
2024-08-01 09:20:00+09:00,616.0,616.0,614.0,615.0,6800,0.0,0.0
2024-08-01 09:25:00+09:00,614.0,615.0,614.0,614.0,3400,0.0,0.0
2024-08-01 09:30:00+09:00,614.0,614.0,614.0,614.0,800,0.0,0.0
2024-08-01 09:35:00+09:00,613.0,615.0,613.0,615.0,4100,0.0,0.0
2024-08-01 09:40:00+09:00,615.0,615.0,615.0,615.0,1700,0.0,0.0
2024-08-01 09:45:00+09:00,616.0,616.0,615.0,615.0,2300,0.0,0.0
2024-08-01 09:50:00+09:00,614.0,614.0,614.0,614.0,1800,0.0,0.0
2024-08-01 09:55:00+09:00,613.0,613.0,612.0,612.0,6500,0.0,0.0
2024-08-01 10:00:00+09:00,612.0,612.0,611.0,611.0,10700,0.0,0.0
2024-08-01 10:05:00+09:00,611.0,611.0,609.0,609.0,5000,0.0,0.0
2024-08-01 10:10:00+09:00,610.0,610.0,608.0,609.0,4700,0.0,0.0
2024-08-01 10:15:00+09:00,609.0,609.0,609.0,609.0,300,0.0,0.0
2024-08-01 10:20:00+09:00,609.0,610.0,609.0,610.0,3100,0.0,0.0
2024-08-01 10:25:00+09:00,611.0,611.0,609.0,609.0,2700,0.0,0.0
2024-08-01 10:30:00+09:00,608.0,608.0,606.0,606.0,4500,0.0,0.0
2024-08-01 10:35:00+09:00,606.0,606.0,605.0,605.0,7200,0.0,0.0
2024-08-01 10:40:00+09:00,605.0,605.0,605.0,605.0,500,0.0,0.0
2024-08-01 10:45:00+09:00,606.0,607.0,606.0,606.0,3800,0.0,0.0
2024-08-01 10:50:00+09:00,607.0,607.0,607.0,607.0,400,0.0,0.0
2024-08-01 10:55:00+09:00,607.0,607.0,607.0,607.0,1200,0.0,0.0
2024-08-01 11:00:00+09:00,608.0,608.0,606.0,607.0,2100,0.0,0.0
2024-08-01 11:05:00+09:00,607.0,608.0,607.0,608.0,5000,0.0,0.0
2024-08-01 11:10:00+09:00,607.0,607.0,606.0,606.0,600,0.0,0.0
2024-08-01 11:15:00+09:00,605.0,606.0,605.0,606.0,800,0.0,0.0
2024-08-01 11:20:00+09:00,606.0,606.0,606.0,606.0,700,0.0,0.0
2024-08-01 11:25:00+09:00,607.0,610.0,607.0,610.0,4400,0.0,0.0
2024-08-01 11:30:00+09:00,609.0,609.0,609.0,609.0,100,0.0,0.0
2024-08-01 11:35:00+09:00,609.0,609.0,609.0,609.0,0,0.0,0.0
2024-08-01 12:30:00+09:00,608.0,608.0,608.0,608.0,163900,0.0,0.0
2024-08-01 12:35:00+09:00,607.0,607.0,606.0,606.0,4900,0.0,0.0
2024-08-01 12:40:00+09:00,607.0,607.0,606.0,607.0,1600,0.0,0.0
2024-08-01 12:45:00+09:00,607.0,609.0,607.0,609.0,4100,0.0,0.0
2024-08-01 12:50:00+09:00,608.0,608.0,607.0,608.0,2600,0.0,0.0
2024-08-01 12:55:00+09:00,608.0,609.0,608.0,608.0,2800,0.0,0.0
2024-08-01 13:00:00+09:00,608.0,608.0,607.0,608.0,5300,0.0,0.0
2024-08-01 13:05:00+09:00,608.0,609.0,608.0,609.0,1900,0.0,0.0
2024-08-01 13:10:00+09:00,608.0,608.0,608.0,608.0,1100,0.0,0.0
2024-08-01 13:15:00+09:00,608.0,608.0,608.0,608.0,4000,0.0,0.0
2024-08-01 13:20:00+09:00,608.0,608.0,607.0,608.0,900,0.0,0.0
2024-08-01 13:25:00+09:00,608.0,608.0,607.0,608.0,2100,0.0,0.0
2024-08-01 13:30:00+09:00,607.0,608.0,607.0,607.0,3100,0.0,0.0
2024-08-01 13:35:00+09:00,607.0,608.0,607.0,607.0,4000,0.0,0.0
2024-08-01 13:40:00+09:00,606.0,606.0,606.0,606.0,5900,0.0,0.0
2024-08-01 13:45:00+09:00,606.0,606.0,606.0,606.0,100,0.0,0.0
2024-08-01 13:50:00+09:00,607.0,608.0,607.0,608.0,2600,0.0,0.0
2024-08-01 13:55:00+09:00,608.0,608.0,608.0,608.0,200,0.0,0.0
2024-08-01 14:00:00+09:00,608.0,608.0,608.0,608.0,2300,0.0,0.0
2024-08-01 14:05:00+09:00,608.0,608.0,608.0,608.0,500,0.0,0.0
2024-08-01 14:10:00+09:00,609.0,610.0,609.0,610.0,2600,0.0,0.0
2024-08-01 14:20:00+09:00,609.0,609.0,609.0,609.0,2900,0.0,0.0
2024-08-01 14:25:00+09:00,609.0,609.0,609.0,609.0,1200,0.0,0.0
2024-08-01 14:30:00+09:00,608.0,608.0,608.0,608.0,200,0.0,0.0
2024-08-01 14:35:00+09:00,608.0,610.0,608.0,610.0,4400,0.0,0.0
2024-08-01 14:40:00+09:00,610.0,610.0,609.0,609.0,5600,0.0,0.0
2024-08-01 14:45:00+09:00,610.0,610.0,610.0,610.0,2700,0.0,0.0
2024-08-01 14:50:00+09:00,610.0,610.0,610.0,610.0,0,0.0,0.0
2024-08-01 14:55:00+09:00,610.0,610.0,609.0,609.0,241000,0.0,0.0
2024-08-02 09:05:00+09:00,587.0,588.0,582.0,582.0,51300,0.0,0.0
2024-08-02 09:10:00+09:00,583.0,586.0,582.0,584.0,12700,0.0,0.0
2024-08-02 09:15:00+09:00,583.0,583.0,582.0,582.0,5000,0.0,0.0
2024-08-02 09:20:00+09:00,582.0,582.0,582.0,582.0,2800,0.0,0.0
2024-08-02 09:25:00+09:00,581.0,582.0,577.0,579.0,23900,0.0,0.0
2024-08-02 09:30:00+09:00,581.0,582.0,581.0,581.0,7900,0.0,0.0
2024-08-02 09:35:00+09:00,582.0,583.0,581.0,581.0,4100,0.0,0.0
2024-08-02 09:40:00+09:00,581.0,582.0,579.0,579.0,3600,0.0,0.0
2024-08-02 09:45:00+09:00,578.0,579.0,577.0,577.0,4800,0.0,0.0
2024-08-02 09:50:00+09:00,578.0,579.0,578.0,579.0,2900,0.0,0.0
2024-08-02 09:55:00+09:00,578.0,578.0,576.0,577.0,7800,0.0,0.0
2024-08-02 10:00:00+09:00,578.0,579.0,578.0,578.0,3400,0.0,0.0
2024-08-02 10:05:00+09:00,577.0,579.0,577.0,579.0,4100,0.0,0.0
2024-08-02 10:10:00+09:00,579.0,581.0,578.0,581.0,10900,0.0,0.0
2024-08-02 10:15:00+09:00,582.0,582.0,582.0,582.0,1400,0.0,0.0
2024-08-02 10:20:00+09:00,581.0,582.0,581.0,582.0,1300,0.0,0.0
2024-08-02 10:25:00+09:00,581.0,581.0,581.0,581.0,1800,0.0,0.0
2024-08-02 10:30:00+09:00,582.0,584.0,581.0,581.0,2400,0.0,0.0
2024-08-02 10:35:00+09:00,581.0,584.0,581.0,583.0,3900,0.0,0.0
2024-08-02 10:40:00+09:00,583.0,584.0,582.0,584.0,6600,0.0,0.0
2024-08-02 10:45:00+09:00,585.0,586.0,585.0,586.0,2900,0.0,0.0
2024-08-02 10:50:00+09:00,586.0,586.0,586.0,586.0,2600,0.0,0.0
2024-08-02 10:55:00+09:00,586.0,587.0,585.0,586.0,8100,0.0,0.0
2024-08-02 11:00:00+09:00,587.0,588.0,586.0,586.0,2600,0.0,0.0
2024-08-02 11:05:00+09:00,586.0,588.0,586.0,588.0,1400,0.0,0.0
2024-08-02 11:10:00+09:00,587.0,587.0,585.0,585.0,1500,0.0,0.0
2024-08-02 11:15:00+09:00,586.0,587.0,585.0,585.0,2300,0.0,0.0
2024-08-02 11:20:00+09:00,585.0,585.0,585.0,585.0,3000,0.0,0.0
2024-08-02 11:25:00+09:00,584.0,585.0,584.0,585.0,1600,0.0,0.0
2024-08-02 11:35:00+09:00,585.0,585.0,585.0,585.0,0,0.0,0.0
2024-08-02 12:30:00+09:00,584.0,585.0,584.0,585.0,198900,0.0,0.0
2024-08-02 12:35:00+09:00,584.0,584.0,583.0,583.0,6500,0.0,0.0
2024-08-02 12:40:00+09:00,582.0,583.0,582.0,583.0,3500,0.0,0.0
2024-08-02 12:45:00+09:00,583.0,583.0,583.0,583.0,500,0.0,0.0
2024-08-02 12:50:00+09:00,584.0,585.0,584.0,585.0,4100,0.0,0.0
2024-08-02 12:55:00+09:00,584.0,584.0,584.0,584.0,1200,0.0,0.0
2024-08-02 13:00:00+09:00,583.0,584.0,583.0,584.0,2000,0.0,0.0
2024-08-02 13:05:00+09:00,584.0,584.0,584.0,584.0,600,0.0,0.0
2024-08-02 13:10:00+09:00,583.0,583.0,583.0,583.0,2900,0.0,0.0
2024-08-02 13:15:00+09:00,582.0,582.0,582.0,582.0,2800,0.0,0.0
2024-08-02 13:20:00+09:00,582.0,582.0,582.0,582.0,1300,0.0,0.0
2024-08-02 13:25:00+09:00,582.0,582.0,582.0,582.0,300,0.0,0.0
2024-08-02 13:30:00+09:00,582.0,582.0,582.0,582.0,2800,0.0,0.0
2024-08-02 13:35:00+09:00,582.0,582.0,581.0,582.0,1200,0.0,0.0
2024-08-02 13:40:00+09:00,581.0,582.0,580.0,582.0,4900,0.0,0.0
2024-08-02 13:45:00+09:00,580.0,581.0,580.0,581.0,400,0.0,0.0
2024-08-02 13:50:00+09:00,580.0,580.0,579.0,580.0,14600,0.0,0.0
2024-08-02 13:55:00+09:00,580.0,580.0,580.0,580.0,2300,0.0,0.0
2024-08-02 14:00:00+09:00,581.0,581.0,581.0,581.0,2200,0.0,0.0
2024-08-02 14:05:00+09:00,581.0,581.0,581.0,581.0,1200,0.0,0.0
2024-08-02 14:10:00+09:00,581.0,581.0,581.0,581.0,1600,0.0,0.0
2024-08-02 14:15:00+09:00,580.0,580.0,580.0,580.0,2800,0.0,0.0
2024-08-02 14:20:00+09:00,579.0,580.0,579.0,580.0,2900,0.0,0.0
2024-08-02 14:25:00+09:00,580.0,580.0,580.0,580.0,1100,0.0,0.0
2024-08-02 14:30:00+09:00,580.0,580.0,577.0,578.0,11600,0.0,0.0
2024-08-02 14:35:00+09:00,579.0,579.0,578.0,578.0,5300,0.0,0.0
2024-08-02 14:40:00+09:00,578.0,578.0,577.0,577.0,3600,0.0,0.0
2024-08-02 14:45:00+09:00,578.0,578.0,576.0,576.0,10800,0.0,0.0
2024-08-02 14:50:00+09:00,576.0,577.0,575.0,576.0,9600,0.0,0.0
2024-08-02 14:55:00+09:00,576.0,577.0,575.0,575.0,9400,0.0,0.0
2024-08-05 09:15:00+09:00,520.0,520.0,514.0,516.0,101600,0.0,0.0
2024-08-05 09:20:00+09:00,516.0,516.0,514.0,515.0,12800,0.0,0.0
2024-08-05 09:25:00+09:00,515.0,521.0,515.0,521.0,7700,0.0,0.0
2024-08-05 09:30:00+09:00,522.0,527.0,522.0,526.0,14000,0.0,0.0
2024-08-05 09:35:00+09:00,526.0,528.0,524.0,525.0,9000,0.0,0.0
2024-08-05 09:40:00+09:00,525.0,527.0,525.0,527.0,6800,0.0,0.0
2024-08-05 09:45:00+09:00,526.0,526.0,525.0,525.0,3900,0.0,0.0
2024-08-05 09:50:00+09:00,525.0,525.0,524.0,524.0,2100,0.0,0.0
2024-08-05 09:55:00+09:00,525.0,527.0,525.0,527.0,5400,0.0,0.0
2024-08-05 10:00:00+09:00,527.0,529.0,527.0,527.0,4100,0.0,0.0
2024-08-05 10:05:00+09:00,526.0,526.0,524.0,524.0,2700,0.0,0.0
2024-08-05 10:10:00+09:00,525.0,526.0,524.0,526.0,2200,0.0,0.0
2024-08-05 10:15:00+09:00,526.0,526.0,526.0,526.0,1700,0.0,0.0
2024-08-05 10:20:00+09:00,526.0,526.0,524.0,524.0,5500,0.0,0.0
2024-08-05 10:25:00+09:00,524.0,524.0,521.0,523.0,10000,0.0,0.0
2024-08-05 10:30:00+09:00,524.0,525.0,524.0,525.0,7700,0.0,0.0
2024-08-05 10:35:00+09:00,525.0,526.0,525.0,526.0,4100,0.0,0.0
2024-08-05 10:40:00+09:00,526.0,526.0,525.0,526.0,4300,0.0,0.0
2024-08-05 10:45:00+09:00,526.0,526.0,525.0,525.0,1200,0.0,0.0
2024-08-05 10:50:00+09:00,524.0,524.0,523.0,523.0,2300,0.0,0.0
2024-08-05 10:55:00+09:00,523.0,524.0,523.0,524.0,5200,0.0,0.0
2024-08-05 11:00:00+09:00,524.0,525.0,524.0,525.0,4100,0.0,0.0
2024-08-05 11:05:00+09:00,525.0,525.0,525.0,525.0,300,0.0,0.0
2024-08-05 11:10:00+09:00,525.0,525.0,524.0,524.0,2500,0.0,0.0
2024-08-05 11:15:00+09:00,524.0,525.0,524.0,525.0,6000,0.0,0.0
2024-08-05 11:20:00+09:00,526.0,528.0,526.0,528.0,8500,0.0,0.0
2024-08-05 11:25:00+09:00,528.0,531.0,528.0,531.0,3200,0.0,0.0
2024-08-05 11:30:00+09:00,531.0,531.0,531.0,531.0,200,0.0,0.0
2024-08-05 11:35:00+09:00,531.0,531.0,531.0,531.0,0,0.0,0.0
2024-08-05 12:30:00+09:00,532.0,532.0,530.0,530.0,257000,0.0,0.0
2024-08-05 12:35:00+09:00,530.0,531.0,530.0,530.0,5100,0.0,0.0
2024-08-05 12:40:00+09:00,529.0,530.0,527.0,527.0,8400,0.0,0.0
2024-08-05 12:45:00+09:00,528.0,528.0,527.0,528.0,6700,0.0,0.0
2024-08-05 12:50:00+09:00,528.0,528.0,526.0,526.0,6700,0.0,0.0
2024-08-05 12:55:00+09:00,525.0,526.0,525.0,525.0,400,0.0,0.0
2024-08-05 13:00:00+09:00,525.0,525.0,524.0,524.0,4700,0.0,0.0
2024-08-05 13:05:00+09:00,524.0,524.0,521.0,521.0,3400,0.0,0.0
2024-08-05 13:10:00+09:00,521.0,521.0,519.0,520.0,9100,0.0,0.0
2024-08-05 13:15:00+09:00,519.0,520.0,517.0,517.0,6900,0.0,0.0
2024-08-05 13:20:00+09:00,518.0,518.0,516.0,516.0,4200,0.0,0.0
2024-08-05 13:25:00+09:00,516.0,516.0,515.0,515.0,2500,0.0,0.0
2024-08-05 13:30:00+09:00,515.0,516.0,515.0,516.0,4800,0.0,0.0
2024-08-05 13:35:00+09:00,516.0,516.0,515.0,516.0,17500,0.0,0.0
2024-08-05 13:40:00+09:00,516.0,516.0,516.0,516.0,1200,0.0,0.0
2024-08-05 13:45:00+09:00,515.0,515.0,515.0,515.0,5700,0.0,0.0
2024-08-05 13:50:00+09:00,514.0,516.0,510.0,512.0,36700,0.0,0.0
2024-08-05 13:55:00+09:00,512.0,512.0,511.0,511.0,2900,0.0,0.0
2024-08-05 14:00:00+09:00,511.0,511.0,507.0,507.0,5600,0.0,0.0
2024-08-05 14:05:00+09:00,507.0,507.0,507.0,507.0,1200,0.0,0.0
2024-08-05 14:10:00+09:00,507.0,507.0,505.0,505.0,6100,0.0,0.0
2024-08-05 14:15:00+09:00,505.0,506.0,505.0,505.0,2900,0.0,0.0
2024-08-05 14:20:00+09:00,505.0,506.0,504.0,504.0,5000,0.0,0.0
2024-08-05 14:25:00+09:00,504.0,504.0,497.0,497.0,17500,0.0,0.0
2024-08-05 14:30:00+09:00,497.0,498.0,489.0,490.0,35700,0.0,0.0
2024-08-05 14:35:00+09:00,490.0,490.0,488.0,489.0,11900,0.0,0.0
2024-08-05 14:40:00+09:00,488.0,492.0,488.0,492.0,9400,0.0,0.0
2024-08-05 14:45:00+09:00,492.0,492.0,488.0,488.0,4700,0.0,0.0
2024-08-05 14:50:00+09:00,488.0,489.0,488.0,489.0,8600,0.0,0.0
2024-08-05 14:55:00+09:00,488.0,490.0,486.0,490.0,9700,0.0,0.0
2024-08-06 09:10:00+09:00,527.0,540.0,527.0,536.0,76100,0.0,0.0
2024-08-06 09:15:00+09:00,536.0,540.0,534.0,539.0,19500,0.0,0.0
2024-08-06 09:20:00+09:00,541.0,547.0,538.0,547.0,22200,0.0,0.0
2024-08-06 09:25:00+09:00,546.0,547.0,543.0,543.0,12900,0.0,0.0
2024-08-06 09:30:00+09:00,542.0,548.0,541.0,548.0,8000,0.0,0.0
2024-08-06 09:35:00+09:00,548.0,552.0,548.0,551.0,5800,0.0,0.0
2024-08-06 09:40:00+09:00,551.0,553.0,548.0,553.0,8000,0.0,0.0
2024-08-06 09:45:00+09:00,553.0,554.0,552.0,553.0,2500,0.0,0.0
2024-08-06 09:50:00+09:00,553.0,556.0,553.0,554.0,16300,0.0,0.0
2024-08-06 09:55:00+09:00,555.0,557.0,555.0,556.0,5200,0.0,0.0
2024-08-06 10:00:00+09:00,557.0,557.0,556.0,556.0,8000,0.0,0.0
2024-08-06 10:05:00+09:00,557.0,557.0,552.0,552.0,12300,0.0,0.0
2024-08-06 10:10:00+09:00,552.0,553.0,551.0,553.0,15400,0.0,0.0
2024-08-06 10:15:00+09:00,553.0,555.0,550.0,550.0,9500,0.0,0.0
2024-08-06 10:20:00+09:00,550.0,552.0,550.0,550.0,11200,0.0,0.0
2024-08-06 10:25:00+09:00,551.0,551.0,549.0,551.0,7000,0.0,0.0
2024-08-06 10:30:00+09:00,550.0,551.0,547.0,547.0,4900,0.0,0.0
2024-08-06 10:35:00+09:00,547.0,547.0,545.0,545.0,5000,0.0,0.0
2024-08-06 10:40:00+09:00,544.0,544.0,538.0,538.0,6400,0.0,0.0
2024-08-06 10:45:00+09:00,538.0,541.0,537.0,541.0,5500,0.0,0.0
2024-08-06 10:50:00+09:00,540.0,542.0,540.0,542.0,2300,0.0,0.0
2024-08-06 10:55:00+09:00,542.0,543.0,541.0,543.0,7100,0.0,0.0
2024-08-06 11:00:00+09:00,544.0,546.0,543.0,546.0,8200,0.0,0.0
2024-08-06 11:05:00+09:00,546.0,547.0,544.0,544.0,3400,0.0,0.0
2024-08-06 11:10:00+09:00,544.0,545.0,544.0,545.0,5400,0.0,0.0
2024-08-06 11:15:00+09:00,544.0,546.0,544.0,546.0,3600,0.0,0.0
2024-08-06 11:20:00+09:00,545.0,547.0,545.0,547.0,2100,0.0,0.0
2024-08-06 11:25:00+09:00,546.0,548.0,546.0,548.0,2300,0.0,0.0
2024-08-06 11:30:00+09:00,548.0,548.0,548.0,548.0,100,0.0,0.0
2024-08-06 11:35:00+09:00,548.0,548.0,548.0,548.0,0,0.0,0.0
2024-08-06 12:30:00+09:00,550.0,550.0,546.0,546.0,309400,0.0,0.0
2024-08-06 12:35:00+09:00,546.0,547.0,545.0,547.0,6800,0.0,0.0
2024-08-06 12:40:00+09:00,547.0,549.0,547.0,549.0,6300,0.0,0.0
2024-08-06 12:45:00+09:00,549.0,552.0,548.0,552.0,9000,0.0,0.0
2024-08-06 12:50:00+09:00,551.0,552.0,551.0,551.0,5600,0.0,0.0
2024-08-06 12:55:00+09:00,550.0,551.0,550.0,550.0,5200,0.0,0.0
2024-08-06 13:00:00+09:00,550.0,550.0,549.0,550.0,3800,0.0,0.0
2024-08-06 13:05:00+09:00,550.0,551.0,550.0,550.0,3800,0.0,0.0
2024-08-06 13:10:00+09:00,550.0,551.0,550.0,550.0,1700,0.0,0.0
2024-08-06 13:15:00+09:00,549.0,549.0,549.0,549.0,1300,0.0,0.0
2024-08-06 13:20:00+09:00,549.0,549.0,549.0,549.0,3000,0.0,0.0
2024-08-06 13:25:00+09:00,549.0,549.0,549.0,549.0,1300,0.0,0.0
2024-08-06 13:30:00+09:00,548.0,548.0,546.0,546.0,5300,0.0,0.0
2024-08-06 13:35:00+09:00,545.0,545.0,543.0,544.0,7400,0.0,0.0
2024-08-06 13:40:00+09:00,544.0,544.0,543.0,543.0,1700,0.0,0.0
2024-08-06 13:45:00+09:00,543.0,543.0,539.0,539.0,2700,0.0,0.0
2024-08-06 13:50:00+09:00,539.0,540.0,539.0,539.0,2600,0.0,0.0
2024-08-06 13:55:00+09:00,538.0,539.0,535.0,535.0,6600,0.0,0.0
2024-08-06 14:00:00+09:00,536.0,537.0,534.0,534.0,8600,0.0,0.0
2024-08-06 14:05:00+09:00,534.0,535.0,532.0,535.0,9400,0.0,0.0
2024-08-06 14:10:00+09:00,534.0,534.0,533.0,534.0,3200,0.0,0.0
2024-08-06 14:15:00+09:00,535.0,535.0,534.0,534.0,7700,0.0,0.0
2024-08-06 14:20:00+09:00,534.0,537.0,534.0,537.0,14000,0.0,0.0
2024-08-06 14:25:00+09:00,537.0,539.0,537.0,539.0,12700,0.0,0.0
2024-08-06 14:30:00+09:00,539.0,542.0,539.0,541.0,9600,0.0,0.0
2024-08-06 14:35:00+09:00,540.0,540.0,539.0,539.0,4900,0.0,0.0
2024-08-06 14:40:00+09:00,540.0,542.0,540.0,542.0,13000,0.0,0.0
2024-08-06 14:45:00+09:00,541.0,541.0,539.0,539.0,4000,0.0,0.0
2024-08-06 14:50:00+09:00,538.0,539.0,538.0,539.0,8300,0.0,0.0
2024-08-06 14:55:00+09:00,538.0,541.0,538.0,541.0,7800,0.0,0.0
2024-08-07 09:00:00+09:00,526.0,527.0,522.0,525.0,29400,0.0,0.0
2024-08-07 09:05:00+09:00,526.0,532.0,525.0,530.0,20700,0.0,0.0
2024-08-07 09:10:00+09:00,531.0,534.0,528.0,528.0,11000,0.0,0.0
2024-08-07 09:15:00+09:00,528.0,530.0,526.0,527.0,9400,0.0,0.0
2024-08-07 09:20:00+09:00,527.0,533.0,527.0,532.0,7300,0.0,0.0
2024-08-07 09:25:00+09:00,533.0,536.0,532.0,536.0,7300,0.0,0.0
2024-08-07 09:30:00+09:00,536.0,536.0,532.0,535.0,4900,0.0,0.0
2024-08-07 09:35:00+09:00,535.0,535.0,533.0,534.0,4200,0.0,0.0
2024-08-07 09:40:00+09:00,534.0,537.0,532.0,536.0,5200,0.0,0.0
2024-08-07 09:45:00+09:00,537.0,540.0,537.0,539.0,6000,0.0,0.0
2024-08-07 09:50:00+09:00,540.0,540.0,537.0,538.0,4100,0.0,0.0
2024-08-07 09:55:00+09:00,537.0,537.0,534.0,536.0,4500,0.0,0.0
2024-08-07 10:00:00+09:00,535.0,535.0,532.0,534.0,5000,0.0,0.0
2024-08-07 10:05:00+09:00,533.0,533.0,530.0,531.0,9800,0.0,0.0
2024-08-07 10:10:00+09:00,531.0,531.0,528.0,530.0,9000,0.0,0.0
2024-08-07 10:15:00+09:00,531.0,533.0,531.0,533.0,3400,0.0,0.0
2024-08-07 10:20:00+09:00,534.0,534.0,533.0,534.0,10600,0.0,0.0
2024-08-07 10:25:00+09:00,535.0,538.0,535.0,535.0,4500,0.0,0.0
2024-08-07 10:30:00+09:00,535.0,538.0,535.0,538.0,5800,0.0,0.0
2024-08-07 10:35:00+09:00,538.0,539.0,538.0,539.0,3400,0.0,0.0
2024-08-07 10:40:00+09:00,540.0,544.0,540.0,543.0,17300,0.0,0.0
2024-08-07 10:45:00+09:00,544.0,549.0,544.0,549.0,6300,0.0,0.0
2024-08-07 10:50:00+09:00,549.0,552.0,548.0,550.0,5400,0.0,0.0
2024-08-07 10:55:00+09:00,550.0,551.0,548.0,551.0,5100,0.0,0.0
2024-08-07 11:00:00+09:00,551.0,551.0,547.0,548.0,37200,0.0,0.0
2024-08-07 11:05:00+09:00,549.0,549.0,547.0,548.0,2400,0.0,0.0
2024-08-07 11:10:00+09:00,547.0,548.0,544.0,544.0,1800,0.0,0.0
2024-08-07 11:15:00+09:00,544.0,546.0,544.0,545.0,2800,0.0,0.0
2024-08-07 11:20:00+09:00,545.0,548.0,545.0,548.0,2600,0.0,0.0
2024-08-07 11:25:00+09:00,547.0,549.0,547.0,548.0,2400,0.0,0.0
2024-08-07 11:30:00+09:00,547.0,547.0,547.0,547.0,200,0.0,0.0
2024-08-07 11:35:00+09:00,547.0,547.0,547.0,547.0,0,0.0,0.0
2024-08-07 12:30:00+09:00,544.0,548.0,542.0,548.0,276000,0.0,0.0
2024-08-07 12:35:00+09:00,548.0,550.0,546.0,550.0,5600,0.0,0.0
2024-08-07 12:40:00+09:00,550.0,553.0,550.0,553.0,5700,0.0,0.0
2024-08-07 12:45:00+09:00,552.0,552.0,549.0,549.0,9400,0.0,0.0
2024-08-07 12:50:00+09:00,550.0,552.0,550.0,552.0,6500,0.0,0.0
2024-08-07 12:55:00+09:00,552.0,552.0,550.0,551.0,1900,0.0,0.0
2024-08-07 13:00:00+09:00,552.0,553.0,551.0,552.0,5600,0.0,0.0
2024-08-07 13:05:00+09:00,551.0,554.0,551.0,552.0,2300,0.0,0.0
2024-08-07 13:10:00+09:00,552.0,553.0,551.0,552.0,6000,0.0,0.0
2024-08-07 13:15:00+09:00,551.0,551.0,550.0,550.0,3400,0.0,0.0
2024-08-07 13:20:00+09:00,550.0,552.0,550.0,551.0,4200,0.0,0.0
2024-08-07 13:25:00+09:00,551.0,553.0,551.0,553.0,3000,0.0,0.0
2024-08-07 13:30:00+09:00,554.0,554.0,552.0,553.0,3500,0.0,0.0
2024-08-07 13:35:00+09:00,554.0,556.0,554.0,555.0,3600,0.0,0.0
2024-08-07 13:40:00+09:00,556.0,557.0,556.0,557.0,2000,0.0,0.0
2024-08-07 13:45:00+09:00,556.0,556.0,554.0,555.0,4800,0.0,0.0
2024-08-07 13:50:00+09:00,556.0,557.0,556.0,556.0,2000,0.0,0.0
2024-08-07 13:55:00+09:00,556.0,557.0,555.0,557.0,3100,0.0,0.0
2024-08-07 14:00:00+09:00,555.0,555.0,552.0,553.0,5200,0.0,0.0
2024-08-07 14:05:00+09:00,553.0,556.0,553.0,554.0,10200,0.0,0.0
2024-08-07 14:10:00+09:00,554.0,554.0,553.0,553.0,1600,0.0,0.0
2024-08-07 14:15:00+09:00,553.0,554.0,551.0,551.0,5700,0.0,0.0
2024-08-07 14:20:00+09:00,551.0,553.0,550.0,552.0,2700,0.0,0.0
2024-08-07 14:25:00+09:00,552.0,553.0,551.0,551.0,3900,0.0,0.0
2024-08-07 14:30:00+09:00,551.0,553.0,550.0,551.0,8100,0.0,0.0
2024-08-07 14:35:00+09:00,551.0,551.0,548.0,548.0,4800,0.0,0.0
2024-08-07 14:40:00+09:00,548.0,548.0,545.0,545.0,6500,0.0,0.0
2024-08-07 14:45:00+09:00,544.0,545.0,543.0,543.0,4700,0.0,0.0
2024-08-07 14:50:00+09:00,541.0,542.0,541.0,542.0,5300,0.0,0.0
2024-08-07 14:55:00+09:00,542.0,543.0,539.0,540.0,21500,0.0,0.0
2024-08-08 09:00:00+09:00,520.0,527.0,520.0,525.0,50600,0.0,0.0
2024-08-08 09:05:00+09:00,528.0,530.0,525.0,528.0,14200,0.0,0.0
2024-08-08 09:10:00+09:00,527.0,527.0,525.0,526.0,6600,0.0,0.0
2024-08-08 09:15:00+09:00,525.0,527.0,525.0,527.0,14400,0.0,0.0
2024-08-08 09:20:00+09:00,528.0,529.0,525.0,527.0,15300,0.0,0.0
2024-08-08 09:25:00+09:00,528.0,529.0,526.0,526.0,8300,0.0,0.0
2024-08-08 09:30:00+09:00,525.0,525.0,519.0,520.0,73500,0.0,0.0
2024-08-08 09:35:00+09:00,520.0,522.0,519.0,520.0,17200,0.0,0.0
2024-08-08 09:40:00+09:00,521.0,523.0,521.0,522.0,7100,0.0,0.0
2024-08-08 09:45:00+09:00,521.0,522.0,520.0,522.0,7500,0.0,0.0
2024-08-08 09:50:00+09:00,523.0,527.0,523.0,527.0,7100,0.0,0.0
2024-08-08 09:55:00+09:00,526.0,527.0,526.0,526.0,4500,0.0,0.0
2024-08-08 10:00:00+09:00,525.0,526.0,521.0,524.0,16300,0.0,0.0
2024-08-08 10:05:00+09:00,524.0,526.0,524.0,524.0,3800,0.0,0.0
2024-08-08 10:10:00+09:00,523.0,526.0,522.0,526.0,5200,0.0,0.0
2024-08-08 10:15:00+09:00,526.0,526.0,524.0,524.0,8100,0.0,0.0
2024-08-08 10:20:00+09:00,525.0,525.0,525.0,525.0,3700,0.0,0.0
2024-08-08 10:25:00+09:00,525.0,526.0,525.0,526.0,4100,0.0,0.0
2024-08-08 10:30:00+09:00,525.0,525.0,523.0,523.0,10000,0.0,0.0
2024-08-08 10:35:00+09:00,523.0,524.0,523.0,524.0,2900,0.0,0.0
2024-08-08 10:40:00+09:00,523.0,523.0,522.0,522.0,7400,0.0,0.0
2024-08-08 10:45:00+09:00,521.0,521.0,518.0,520.0,10400,0.0,0.0
2024-08-08 10:50:00+09:00,519.0,522.0,519.0,520.0,8700,0.0,0.0
2024-08-08 10:55:00+09:00,520.0,523.0,519.0,522.0,5500,0.0,0.0
2024-08-08 11:00:00+09:00,521.0,522.0,521.0,521.0,1700,0.0,0.0
2024-08-08 11:05:00+09:00,521.0,523.0,520.0,523.0,5000,0.0,0.0
2024-08-08 11:10:00+09:00,523.0,525.0,523.0,525.0,4200,0.0,0.0
2024-08-08 11:15:00+09:00,526.0,527.0,525.0,526.0,8400,0.0,0.0
2024-08-08 11:20:00+09:00,527.0,527.0,526.0,527.0,4200,0.0,0.0
2024-08-08 11:25:00+09:00,527.0,528.0,525.0,526.0,5900,0.0,0.0
2024-08-08 11:30:00+09:00,526.0,526.0,526.0,526.0,1200,0.0,0.0
2024-08-08 11:35:00+09:00,526.0,526.0,526.0,526.0,0,0.0,0.0
2024-08-08 12:30:00+09:00,527.0,532.0,527.0,532.0,365600,0.0,0.0
2024-08-08 12:35:00+09:00,532.0,532.0,531.0,531.0,13900,0.0,0.0
2024-08-08 12:40:00+09:00,530.0,531.0,530.0,531.0,8000,0.0,0.0
2024-08-08 12:45:00+09:00,530.0,531.0,528.0,530.0,11600,0.0,0.0
2024-08-08 12:50:00+09:00,531.0,531.0,529.0,530.0,6200,0.0,0.0
2024-08-08 12:55:00+09:00,531.0,531.0,529.0,529.0,8000,0.0,0.0
2024-08-08 13:00:00+09:00,530.0,530.0,526.0,526.0,18100,0.0,0.0
2024-08-08 13:05:00+09:00,526.0,527.0,526.0,526.0,9300,0.0,0.0
2024-08-08 13:10:00+09:00,526.0,527.0,525.0,526.0,4000,0.0,0.0
2024-08-08 13:15:00+09:00,526.0,528.0,526.0,528.0,7300,0.0,0.0
2024-08-08 13:20:00+09:00,528.0,529.0,528.0,529.0,5400,0.0,0.0
2024-08-08 13:25:00+09:00,530.0,530.0,530.0,530.0,7200,0.0,0.0
2024-08-08 13:30:00+09:00,529.0,530.0,528.0,529.0,10900,0.0,0.0
2024-08-08 13:35:00+09:00,530.0,530.0,527.0,527.0,7300,0.0,0.0
2024-08-08 13:40:00+09:00,528.0,529.0,527.0,527.0,5300,0.0,0.0
2024-08-08 13:45:00+09:00,528.0,528.0,525.0,525.0,8200,0.0,0.0
2024-08-08 13:50:00+09:00,525.0,526.0,525.0,526.0,4500,0.0,0.0
2024-08-08 13:55:00+09:00,526.0,526.0,525.0,526.0,4400,0.0,0.0
2024-08-08 14:00:00+09:00,526.0,527.0,526.0,526.0,8900,0.0,0.0
2024-08-08 14:05:00+09:00,526.0,527.0,526.0,527.0,5600,0.0,0.0
2024-08-08 14:10:00+09:00,527.0,527.0,526.0,526.0,4600,0.0,0.0
2024-08-08 14:15:00+09:00,526.0,527.0,525.0,526.0,10300,0.0,0.0
2024-08-08 14:20:00+09:00,526.0,526.0,526.0,526.0,2300,0.0,0.0
2024-08-08 14:25:00+09:00,527.0,527.0,526.0,526.0,8600,0.0,0.0
2024-08-08 14:30:00+09:00,527.0,528.0,527.0,528.0,9000,0.0,0.0
2024-08-08 14:35:00+09:00,527.0,527.0,526.0,526.0,6300,0.0,0.0
2024-08-08 14:40:00+09:00,525.0,526.0,524.0,524.0,11700,0.0,0.0
2024-08-08 14:45:00+09:00,524.0,526.0,524.0,525.0,4400,0.0,0.0
2024-08-08 14:50:00+09:00,525.0,526.0,524.0,526.0,14300,0.0,0.0
2024-08-08 14:55:00+09:00,526.0,526.0,524.0,525.0,16200,0.0,0.0
2024-08-09 09:00:00+09:00,546.0,548.0,546.0,548.0,75700,0.0,0.0
2024-08-09 09:05:00+09:00,547.0,565.0,546.0,562.0,63700,0.0,0.0
2024-08-09 09:10:00+09:00,563.0,567.0,556.0,567.0,38300,0.0,0.0
2024-08-09 09:15:00+09:00,567.0,571.0,566.0,571.0,18200,0.0,0.0
2024-08-09 09:20:00+09:00,571.0,572.0,566.0,566.0,10100,0.0,0.0
2024-08-09 09:25:00+09:00,565.0,566.0,565.0,565.0,5900,0.0,0.0
2024-08-09 09:30:00+09:00,565.0,572.0,565.0,567.0,28300,0.0,0.0
2024-08-09 09:35:00+09:00,567.0,567.0,565.0,565.0,3700,0.0,0.0
2024-08-09 09:40:00+09:00,565.0,566.0,563.0,565.0,9300,0.0,0.0
2024-08-09 09:45:00+09:00,565.0,568.0,565.0,568.0,7300,0.0,0.0
2024-08-09 09:50:00+09:00,568.0,570.0,567.0,570.0,8400,0.0,0.0
2024-08-09 09:55:00+09:00,569.0,572.0,569.0,569.0,7400,0.0,0.0
2024-08-09 10:00:00+09:00,568.0,570.0,567.0,570.0,7100,0.0,0.0
2024-08-09 10:05:00+09:00,570.0,570.0,567.0,567.0,6500,0.0,0.0
2024-08-09 10:10:00+09:00,568.0,568.0,567.0,568.0,4500,0.0,0.0
2024-08-09 10:15:00+09:00,569.0,571.0,569.0,569.0,7000,0.0,0.0
2024-08-09 10:20:00+09:00,569.0,570.0,567.0,567.0,7100,0.0,0.0
2024-08-09 10:25:00+09:00,566.0,568.0,566.0,567.0,3600,0.0,0.0
2024-08-09 10:30:00+09:00,568.0,571.0,568.0,570.0,17900,0.0,0.0
2024-08-09 10:35:00+09:00,570.0,571.0,570.0,571.0,7500,0.0,0.0
2024-08-09 10:40:00+09:00,571.0,572.0,570.0,571.0,9800,0.0,0.0
2024-08-09 10:45:00+09:00,570.0,570.0,569.0,569.0,4800,0.0,0.0
2024-08-09 10:50:00+09:00,569.0,570.0,568.0,570.0,4800,0.0,0.0
2024-08-09 10:55:00+09:00,570.0,570.0,569.0,569.0,3800,0.0,0.0
2024-08-09 11:00:00+09:00,569.0,569.0,569.0,569.0,2800,0.0,0.0
2024-08-09 11:05:00+09:00,569.0,569.0,566.0,567.0,8100,0.0,0.0
2024-08-09 11:10:00+09:00,568.0,569.0,568.0,568.0,1500,0.0,0.0
2024-08-09 11:15:00+09:00,569.0,569.0,567.0,567.0,3700,0.0,0.0
2024-08-09 11:20:00+09:00,568.0,569.0,568.0,569.0,5100,0.0,0.0
2024-08-09 11:25:00+09:00,569.0,571.0,569.0,571.0,4300,0.0,0.0
2024-08-09 11:30:00+09:00,571.0,571.0,571.0,571.0,100,0.0,0.0
2024-08-09 11:35:00+09:00,571.0,571.0,571.0,571.0,0,0.0,0.0
2024-08-09 12:30:00+09:00,572.0,574.0,572.0,573.0,417700,0.0,0.0
2024-08-09 12:35:00+09:00,574.0,575.0,573.0,575.0,3500,0.0,0.0
2024-08-09 12:40:00+09:00,574.0,574.0,573.0,573.0,10000,0.0,0.0
2024-08-09 12:45:00+09:00,573.0,573.0,569.0,571.0,8600,0.0,0.0
2024-08-09 12:50:00+09:00,570.0,570.0,569.0,569.0,2900,0.0,0.0
2024-08-09 12:55:00+09:00,569.0,569.0,569.0,569.0,3300,0.0,0.0
2024-08-09 13:00:00+09:00,569.0,569.0,568.0,568.0,4500,0.0,0.0
2024-08-09 13:05:00+09:00,568.0,569.0,568.0,568.0,400,0.0,0.0
2024-08-09 13:10:00+09:00,568.0,568.0,567.0,567.0,11000,0.0,0.0
2024-08-09 13:20:00+09:00,567.0,567.0,567.0,567.0,5100,0.0,0.0
2024-08-09 13:25:00+09:00,566.0,566.0,565.0,565.0,5400,0.0,0.0
2024-08-09 13:30:00+09:00,564.0,565.0,564.0,565.0,3700,0.0,0.0
2024-08-09 13:35:00+09:00,565.0,565.0,565.0,565.0,1700,0.0,0.0
2024-08-09 13:40:00+09:00,565.0,565.0,563.0,564.0,6900,0.0,0.0
2024-08-09 13:45:00+09:00,563.0,564.0,563.0,563.0,3100,0.0,0.0
2024-08-09 13:50:00+09:00,563.0,563.0,563.0,563.0,5000,0.0,0.0
2024-08-09 13:55:00+09:00,562.0,562.0,561.0,561.0,3100,0.0,0.0
2024-08-09 14:00:00+09:00,561.0,561.0,559.0,559.0,7000,0.0,0.0
2024-08-09 14:05:00+09:00,560.0,561.0,557.0,560.0,28900,0.0,0.0
2024-08-09 14:10:00+09:00,560.0,566.0,560.0,564.0,25200,0.0,0.0
2024-08-09 14:15:00+09:00,564.0,565.0,564.0,565.0,3500,0.0,0.0
2024-08-09 14:20:00+09:00,565.0,565.0,565.0,565.0,1600,0.0,0.0
2024-08-09 14:25:00+09:00,566.0,567.0,565.0,567.0,7500,0.0,0.0
2024-08-09 14:30:00+09:00,568.0,570.0,568.0,570.0,6600,0.0,0.0
2024-08-09 14:35:00+09:00,570.0,570.0,569.0,569.0,7600,0.0,0.0
2024-08-09 14:40:00+09:00,569.0,571.0,569.0,571.0,6200,0.0,0.0
2024-08-09 14:45:00+09:00,572.0,573.0,571.0,571.0,8200,0.0,0.0
2024-08-09 14:50:00+09:00,571.0,571.0,569.0,570.0,7700,0.0,0.0
2024-08-09 14:55:00+09:00,570.0,571.0,568.0,571.0,7800,0.0,0.0
2024-08-13 09:00:00+09:00,573.0,584.0,573.0,581.0,40500,0.0,0.0
2024-08-13 09:05:00+09:00,582.0,583.0,580.0,580.0,9700,0.0,0.0
2024-08-13 09:10:00+09:00,581.0,581.0,580.0,580.0,2000,0.0,0.0
2024-08-13 09:15:00+09:00,579.0,579.0,578.0,579.0,5400,0.0,0.0
2024-08-13 09:20:00+09:00,579.0,581.0,578.0,580.0,8200,0.0,0.0
2024-08-13 09:25:00+09:00,581.0,582.0,580.0,581.0,6600,0.0,0.0
2024-08-13 09:30:00+09:00,581.0,581.0,580.0,580.0,4600,0.0,0.0
2024-08-13 09:35:00+09:00,579.0,579.0,577.0,577.0,3600,0.0,0.0
2024-08-13 09:40:00+09:00,577.0,577.0,576.0,576.0,4800,0.0,0.0
2024-08-13 09:45:00+09:00,577.0,577.0,576.0,576.0,6900,0.0,0.0
2024-08-13 09:50:00+09:00,576.0,577.0,576.0,577.0,400,0.0,0.0
2024-08-13 09:55:00+09:00,577.0,579.0,577.0,578.0,6800,0.0,0.0
2024-08-13 10:00:00+09:00,578.0,578.0,578.0,578.0,1800,0.0,0.0
2024-08-13 10:05:00+09:00,577.0,577.0,576.0,576.0,1100,0.0,0.0
2024-08-13 10:10:00+09:00,576.0,577.0,576.0,577.0,6300,0.0,0.0
2024-08-13 10:15:00+09:00,577.0,578.0,577.0,578.0,2600,0.0,0.0
2024-08-13 10:20:00+09:00,578.0,578.0,577.0,578.0,4800,0.0,0.0
2024-08-13 10:25:00+09:00,579.0,580.0,579.0,580.0,2000,0.0,0.0
2024-08-13 10:30:00+09:00,580.0,581.0,580.0,581.0,7100,0.0,0.0
2024-08-13 10:35:00+09:00,581.0,581.0,581.0,581.0,2100,0.0,0.0
2024-08-13 10:40:00+09:00,580.0,580.0,578.0,578.0,2100,0.0,0.0
2024-08-13 10:45:00+09:00,579.0,581.0,577.0,577.0,8200,0.0,0.0
2024-08-13 10:50:00+09:00,577.0,578.0,577.0,577.0,4200,0.0,0.0
2024-08-13 10:55:00+09:00,577.0,577.0,576.0,576.0,2300,0.0,0.0
2024-08-13 11:00:00+09:00,576.0,576.0,575.0,575.0,2100,0.0,0.0
2024-08-13 11:05:00+09:00,576.0,577.0,576.0,577.0,5100,0.0,0.0
2024-08-13 11:10:00+09:00,577.0,577.0,577.0,577.0,3200,0.0,0.0
2024-08-13 11:15:00+09:00,577.0,577.0,576.0,576.0,6800,0.0,0.0
2024-08-13 11:20:00+09:00,576.0,576.0,576.0,576.0,3000,0.0,0.0
2024-08-13 11:25:00+09:00,576.0,576.0,576.0,576.0,2300,0.0,0.0
2024-08-13 11:35:00+09:00,576.0,576.0,576.0,576.0,0,0.0,0.0
2024-08-13 12:30:00+09:00,575.0,576.0,575.0,576.0,176400,0.0,0.0
2024-08-13 12:35:00+09:00,575.0,577.0,575.0,577.0,3000,0.0,0.0
2024-08-13 12:40:00+09:00,577.0,578.0,577.0,577.0,5000,0.0,0.0
2024-08-13 12:45:00+09:00,577.0,577.0,577.0,577.0,1300,0.0,0.0
2024-08-13 12:50:00+09:00,576.0,577.0,576.0,576.0,5500,0.0,0.0
2024-08-13 12:55:00+09:00,576.0,576.0,576.0,576.0,900,0.0,0.0
2024-08-13 13:00:00+09:00,576.0,576.0,576.0,576.0,1200,0.0,0.0
2024-08-13 13:05:00+09:00,576.0,576.0,576.0,576.0,700,0.0,0.0
2024-08-13 13:15:00+09:00,575.0,575.0,574.0,574.0,11600,0.0,0.0
2024-08-13 13:20:00+09:00,574.0,575.0,574.0,575.0,10500,0.0,0.0
2024-08-13 13:25:00+09:00,575.0,575.0,575.0,575.0,900,0.0,0.0
2024-08-13 13:30:00+09:00,575.0,576.0,575.0,576.0,1700,0.0,0.0
2024-08-13 13:35:00+09:00,576.0,577.0,576.0,577.0,7000,0.0,0.0
2024-08-13 13:45:00+09:00,577.0,577.0,577.0,577.0,100,0.0,0.0
2024-08-13 13:50:00+09:00,577.0,577.0,577.0,577.0,2500,0.0,0.0
2024-08-13 13:55:00+09:00,577.0,577.0,577.0,577.0,2700,0.0,0.0
2024-08-13 14:00:00+09:00,577.0,577.0,577.0,577.0,2800,0.0,0.0
2024-08-13 14:05:00+09:00,577.0,577.0,577.0,577.0,900,0.0,0.0
2024-08-13 14:10:00+09:00,577.0,577.0,577.0,577.0,3000,0.0,0.0
2024-08-13 14:15:00+09:00,577.0,577.0,577.0,577.0,4400,0.0,0.0
2024-08-13 14:20:00+09:00,577.0,577.0,577.0,577.0,700,0.0,0.0
2024-08-13 14:25:00+09:00,577.0,577.0,577.0,577.0,300,0.0,0.0
2024-08-13 14:30:00+09:00,577.0,578.0,577.0,578.0,9300,0.0,0.0
2024-08-13 14:35:00+09:00,578.0,578.0,578.0,578.0,3000,0.0,0.0
2024-08-13 14:40:00+09:00,578.0,579.0,578.0,579.0,2100,0.0,0.0
2024-08-13 14:45:00+09:00,579.0,579.0,579.0,579.0,11100,0.0,0.0
2024-08-13 14:50:00+09:00,579.0,579.0,579.0,579.0,100,0.0,0.0
2024-08-13 14:55:00+09:00,579.0,581.0,579.0,581.0,7500,0.0,0.0
2024-08-14 09:00:00+09:00,576.0,578.0,575.0,576.0,16000,0.0,0.0
2024-08-14 09:05:00+09:00,574.0,575.0,570.0,573.0,16400,0.0,0.0
2024-08-14 09:10:00+09:00,574.0,574.0,572.0,572.0,2200,0.0,0.0
2024-08-14 09:15:00+09:00,572.0,574.0,571.0,574.0,4000,0.0,0.0
2024-08-14 09:20:00+09:00,574.0,574.0,574.0,574.0,3000,0.0,0.0
2024-08-14 09:25:00+09:00,573.0,573.0,571.0,572.0,4300,0.0,0.0
2024-08-14 09:30:00+09:00,571.0,572.0,571.0,572.0,1900,0.0,0.0
2024-08-14 09:35:00+09:00,572.0,575.0,572.0,575.0,2900,0.0,0.0
2024-08-14 09:40:00+09:00,575.0,575.0,575.0,575.0,600,0.0,0.0
2024-08-14 09:45:00+09:00,573.0,574.0,573.0,574.0,1000,0.0,0.0
2024-08-14 09:50:00+09:00,575.0,576.0,575.0,576.0,400,0.0,0.0
2024-08-14 09:55:00+09:00,576.0,577.0,576.0,577.0,2700,0.0,0.0
2024-08-14 10:00:00+09:00,577.0,577.0,575.0,575.0,1300,0.0,0.0
2024-08-14 10:05:00+09:00,576.0,576.0,576.0,576.0,800,0.0,0.0
2024-08-14 10:10:00+09:00,576.0,576.0,575.0,576.0,900,0.0,0.0
2024-08-14 10:15:00+09:00,575.0,575.0,574.0,575.0,3900,0.0,0.0
2024-08-14 10:20:00+09:00,575.0,578.0,575.0,578.0,3600,0.0,0.0
2024-08-14 10:25:00+09:00,578.0,580.0,578.0,579.0,4800,0.0,0.0
2024-08-14 10:30:00+09:00,579.0,580.0,579.0,580.0,1900,0.0,0.0
2024-08-14 10:35:00+09:00,581.0,581.0,581.0,581.0,3200,0.0,0.0
2024-08-14 10:40:00+09:00,581.0,581.0,581.0,581.0,100,0.0,0.0
2024-08-14 10:45:00+09:00,581.0,581.0,579.0,579.0,2700,0.0,0.0
2024-08-14 10:50:00+09:00,580.0,580.0,579.0,579.0,300,0.0,0.0
2024-08-14 10:55:00+09:00,580.0,584.0,580.0,582.0,15300,0.0,0.0
2024-08-14 11:00:00+09:00,583.0,583.0,580.0,580.0,5300,0.0,0.0
2024-08-14 11:05:00+09:00,579.0,579.0,578.0,579.0,3500,0.0,0.0
2024-08-14 11:10:00+09:00,579.0,579.0,576.0,576.0,9500,0.0,0.0
2024-08-14 11:15:00+09:00,576.0,578.0,576.0,577.0,1700,0.0,0.0
2024-08-14 11:20:00+09:00,577.0,577.0,576.0,576.0,700,0.0,0.0
2024-08-14 11:25:00+09:00,575.0,575.0,573.0,573.0,5600,0.0,0.0
2024-08-14 11:30:00+09:00,572.0,572.0,572.0,572.0,300,0.0,0.0
2024-08-14 11:35:00+09:00,572.0,572.0,572.0,572.0,0,0.0,0.0
2024-08-14 12:30:00+09:00,573.0,577.0,573.0,577.0,128000,0.0,0.0
2024-08-14 12:35:00+09:00,577.0,577.0,577.0,577.0,1000,0.0,0.0
2024-08-14 12:40:00+09:00,578.0,578.0,577.0,577.0,1700,0.0,0.0
2024-08-14 12:45:00+09:00,578.0,578.0,576.0,578.0,6500,0.0,0.0
2024-08-14 12:50:00+09:00,577.0,577.0,576.0,576.0,1100,0.0,0.0
2024-08-14 12:55:00+09:00,577.0,578.0,576.0,576.0,1500,0.0,0.0
2024-08-14 13:00:00+09:00,576.0,576.0,576.0,576.0,300,0.0,0.0
2024-08-14 13:05:00+09:00,576.0,576.0,576.0,576.0,300,0.0,0.0
2024-08-14 13:10:00+09:00,576.0,576.0,576.0,576.0,1600,0.0,0.0
2024-08-14 13:15:00+09:00,577.0,577.0,576.0,576.0,700,0.0,0.0
2024-08-14 13:20:00+09:00,576.0,576.0,576.0,576.0,1600,0.0,0.0
2024-08-14 13:25:00+09:00,576.0,577.0,576.0,577.0,1200,0.0,0.0
2024-08-14 13:30:00+09:00,577.0,577.0,577.0,577.0,100,0.0,0.0
2024-08-14 13:35:00+09:00,577.0,578.0,577.0,578.0,1700,0.0,0.0
2024-08-14 13:40:00+09:00,578.0,578.0,577.0,578.0,1800,0.0,0.0
2024-08-14 13:45:00+09:00,577.0,577.0,577.0,577.0,100,0.0,0.0
2024-08-14 13:50:00+09:00,577.0,577.0,577.0,577.0,300,0.0,0.0
2024-08-14 13:55:00+09:00,577.0,577.0,576.0,576.0,3400,0.0,0.0
2024-08-14 14:00:00+09:00,576.0,576.0,576.0,576.0,300,0.0,0.0
2024-08-14 14:05:00+09:00,576.0,576.0,575.0,576.0,2500,0.0,0.0
2024-08-14 14:10:00+09:00,577.0,577.0,576.0,576.0,200,0.0,0.0
2024-08-14 14:15:00+09:00,576.0,577.0,576.0,577.0,1800,0.0,0.0
2024-08-14 14:20:00+09:00,578.0,578.0,577.0,577.0,600,0.0,0.0
2024-08-14 14:25:00+09:00,578.0,578.0,577.0,578.0,700,0.0,0.0
2024-08-14 14:30:00+09:00,578.0,578.0,577.0,578.0,2600,0.0,0.0
2024-08-14 14:35:00+09:00,578.0,579.0,578.0,579.0,4700,0.0,0.0
2024-08-14 14:40:00+09:00,579.0,579.0,579.0,579.0,1700,0.0,0.0
2024-08-14 14:45:00+09:00,580.0,582.0,580.0,580.0,4800,0.0,0.0
2024-08-14 14:50:00+09:00,580.0,582.0,579.0,581.0,5100,0.0,0.0
2024-08-14 14:55:00+09:00,580.0,581.0,579.0,581.0,5800,0.0,0.0
2024-08-15 09:00:00+09:00,590.0,596.0,589.0,595.0,36400,0.0,0.0
2024-08-15 09:05:00+09:00,595.0,599.0,594.0,594.0,19400,0.0,0.0
2024-08-15 09:10:00+09:00,594.0,594.0,592.0,593.0,8500,0.0,0.0
2024-08-15 09:15:00+09:00,594.0,595.0,594.0,595.0,10400,0.0,0.0
2024-08-15 09:20:00+09:00,595.0,596.0,595.0,596.0,2800,0.0,0.0
2024-08-15 09:25:00+09:00,596.0,596.0,596.0,596.0,3300,0.0,0.0
2024-08-15 09:30:00+09:00,596.0,596.0,596.0,596.0,2200,0.0,0.0
2024-08-15 09:35:00+09:00,596.0,596.0,596.0,596.0,1900,0.0,0.0
2024-08-15 09:40:00+09:00,596.0,596.0,596.0,596.0,0,0.0,0.0
2024-08-15 09:45:00+09:00,596.0,596.0,594.0,595.0,92300,0.0,0.0
2024-08-15 09:50:00+09:00,594.0,596.0,594.0,596.0,1800,0.0,0.0
2024-08-15 09:55:00+09:00,596.0,596.0,595.0,595.0,3300,0.0,0.0
2024-08-15 10:00:00+09:00,594.0,594.0,592.0,592.0,2200,0.0,0.0
2024-08-15 10:05:00+09:00,592.0,594.0,592.0,594.0,2900,0.0,0.0
2024-08-15 10:10:00+09:00,593.0,593.0,592.0,592.0,2300,0.0,0.0
2024-08-15 10:15:00+09:00,592.0,592.0,592.0,592.0,3600,0.0,0.0
2024-08-15 10:20:00+09:00,591.0,591.0,590.0,590.0,3200,0.0,0.0
2024-08-15 10:25:00+09:00,590.0,591.0,590.0,591.0,6200,0.0,0.0
2024-08-15 10:30:00+09:00,592.0,592.0,592.0,592.0,1100,0.0,0.0
2024-08-15 10:35:00+09:00,593.0,593.0,593.0,593.0,2200,0.0,0.0
2024-08-15 10:40:00+09:00,594.0,594.0,594.0,594.0,300,0.0,0.0
2024-08-15 10:45:00+09:00,594.0,595.0,594.0,595.0,900,0.0,0.0
2024-08-15 10:50:00+09:00,595.0,595.0,595.0,595.0,1400,0.0,0.0
2024-08-15 10:55:00+09:00,595.0,596.0,595.0,596.0,400,0.0,0.0
2024-08-15 11:00:00+09:00,596.0,596.0,595.0,596.0,1100,0.0,0.0
2024-08-15 11:05:00+09:00,596.0,597.0,596.0,597.0,5800,0.0,0.0
2024-08-15 11:10:00+09:00,597.0,597.0,597.0,597.0,400,0.0,0.0
2024-08-15 11:15:00+09:00,597.0,597.0,597.0,597.0,300,0.0,0.0
2024-08-15 11:20:00+09:00,597.0,597.0,596.0,597.0,800,0.0,0.0
2024-08-15 11:25:00+09:00,597.0,597.0,596.0,596.0,3000,0.0,0.0
2024-08-15 11:30:00+09:00,597.0,597.0,597.0,597.0,200,0.0,0.0
2024-08-15 11:35:00+09:00,597.0,597.0,597.0,597.0,0,0.0,0.0
2024-08-15 12:30:00+09:00,597.0,598.0,596.0,597.0,145200,0.0,0.0
2024-08-15 12:35:00+09:00,597.0,599.0,597.0,599.0,4600,0.0,0.0
2024-08-15 12:40:00+09:00,598.0,598.0,597.0,597.0,2600,0.0,0.0
2024-08-15 12:45:00+09:00,597.0,597.0,595.0,595.0,5300,0.0,0.0
2024-08-15 12:50:00+09:00,595.0,595.0,594.0,594.0,2000,0.0,0.0
2024-08-15 12:55:00+09:00,594.0,596.0,594.0,596.0,2000,0.0,0.0
2024-08-15 13:00:00+09:00,596.0,596.0,596.0,596.0,3400,0.0,0.0
2024-08-15 13:05:00+09:00,595.0,595.0,595.0,595.0,1400,0.0,0.0
2024-08-15 13:10:00+09:00,595.0,595.0,595.0,595.0,500,0.0,0.0
2024-08-15 13:15:00+09:00,594.0,594.0,593.0,593.0,2400,0.0,0.0
2024-08-15 13:20:00+09:00,593.0,593.0,593.0,593.0,1800,0.0,0.0
2024-08-15 13:25:00+09:00,593.0,594.0,593.0,594.0,1200,0.0,0.0
2024-08-15 13:30:00+09:00,594.0,594.0,594.0,594.0,100,0.0,0.0
2024-08-15 13:40:00+09:00,593.0,593.0,593.0,593.0,2400,0.0,0.0
2024-08-15 13:55:00+09:00,593.0,593.0,593.0,593.0,800,0.0,0.0
2024-08-15 14:00:00+09:00,593.0,593.0,592.0,593.0,700,0.0,0.0
2024-08-15 14:05:00+09:00,593.0,593.0,592.0,592.0,6600,0.0,0.0
2024-08-15 14:10:00+09:00,593.0,593.0,593.0,593.0,100,0.0,0.0
2024-08-15 14:20:00+09:00,592.0,592.0,592.0,592.0,1600,0.0,0.0
2024-08-15 14:25:00+09:00,592.0,592.0,592.0,592.0,3400,0.0,0.0
2024-08-15 14:30:00+09:00,592.0,593.0,592.0,592.0,4000,0.0,0.0
2024-08-15 14:35:00+09:00,593.0,595.0,592.0,595.0,8500,0.0,0.0
2024-08-15 14:40:00+09:00,595.0,596.0,595.0,595.0,3800,0.0,0.0
2024-08-15 14:45:00+09:00,595.0,595.0,594.0,594.0,2800,0.0,0.0
2024-08-15 14:50:00+09:00,594.0,594.0,594.0,594.0,4500,0.0,0.0
2024-08-15 14:55:00+09:00,594.0,595.0,594.0,595.0,800,0.0,0.0
2024-08-16 09:00:00+09:00,604.0,604.0,601.0,603.0,15200,0.0,0.0
2024-08-16 09:05:00+09:00,604.0,604.0,603.0,604.0,11600,0.0,0.0
2024-08-16 09:10:00+09:00,604.0,608.0,604.0,608.0,7700,0.0,0.0
2024-08-16 09:15:00+09:00,608.0,608.0,604.0,605.0,5400,0.0,0.0
2024-08-16 09:20:00+09:00,605.0,608.0,605.0,608.0,2800,0.0,0.0
2024-08-16 09:25:00+09:00,608.0,610.0,608.0,609.0,8400,0.0,0.0
2024-08-16 09:30:00+09:00,609.0,609.0,608.0,608.0,1900,0.0,0.0
2024-08-16 09:35:00+09:00,607.0,609.0,607.0,607.0,3900,0.0,0.0
2024-08-16 09:40:00+09:00,608.0,608.0,608.0,608.0,1400,0.0,0.0
2024-08-16 09:45:00+09:00,608.0,608.0,608.0,608.0,200,0.0,0.0
2024-08-16 09:50:00+09:00,608.0,608.0,607.0,607.0,2300,0.0,0.0
2024-08-16 09:55:00+09:00,608.0,608.0,608.0,608.0,10700,0.0,0.0
2024-08-16 10:00:00+09:00,609.0,609.0,609.0,609.0,1400,0.0,0.0
2024-08-16 10:05:00+09:00,610.0,611.0,610.0,610.0,16300,0.0,0.0
2024-08-16 10:10:00+09:00,610.0,610.0,609.0,609.0,3000,0.0,0.0
2024-08-16 10:15:00+09:00,609.0,610.0,609.0,610.0,2300,0.0,0.0
2024-08-16 10:20:00+09:00,610.0,610.0,610.0,610.0,900,0.0,0.0
2024-08-16 10:25:00+09:00,610.0,610.0,609.0,610.0,2500,0.0,0.0
2024-08-16 10:30:00+09:00,610.0,610.0,610.0,610.0,100,0.0,0.0
2024-08-16 10:35:00+09:00,609.0,610.0,609.0,610.0,2000,0.0,0.0
2024-08-16 10:40:00+09:00,610.0,610.0,610.0,610.0,100,0.0,0.0
2024-08-16 10:45:00+09:00,611.0,611.0,610.0,610.0,3800,0.0,0.0
2024-08-16 10:50:00+09:00,610.0,610.0,610.0,610.0,600,0.0,0.0
2024-08-16 10:55:00+09:00,611.0,611.0,610.0,610.0,1400,0.0,0.0
2024-08-16 11:00:00+09:00,611.0,611.0,611.0,611.0,200,0.0,0.0
2024-08-16 11:05:00+09:00,610.0,610.0,610.0,610.0,100,0.0,0.0
2024-08-16 11:10:00+09:00,610.0,610.0,610.0,610.0,1100,0.0,0.0
2024-08-16 11:15:00+09:00,610.0,610.0,610.0,610.0,600,0.0,0.0
2024-08-16 11:20:00+09:00,611.0,611.0,609.0,609.0,13100,0.0,0.0
2024-08-16 11:25:00+09:00,610.0,610.0,610.0,610.0,1600,0.0,0.0
2024-08-16 11:30:00+09:00,609.0,609.0,609.0,609.0,100,0.0,0.0
2024-08-16 11:35:00+09:00,609.0,609.0,609.0,609.0,0,0.0,0.0
2024-08-16 12:30:00+09:00,609.0,610.0,609.0,610.0,131300,0.0,0.0
2024-08-16 12:35:00+09:00,609.0,609.0,608.0,609.0,26000,0.0,0.0
2024-08-16 12:40:00+09:00,609.0,609.0,607.0,607.0,2600,0.0,0.0
2024-08-16 12:45:00+09:00,607.0,608.0,606.0,607.0,2000,0.0,0.0
2024-08-16 12:50:00+09:00,606.0,606.0,606.0,606.0,200,0.0,0.0
2024-08-16 12:55:00+09:00,606.0,607.0,604.0,604.0,4500,0.0,0.0
2024-08-16 13:00:00+09:00,605.0,606.0,605.0,606.0,1300,0.0,0.0
2024-08-16 13:05:00+09:00,605.0,606.0,605.0,606.0,400,0.0,0.0
2024-08-16 13:10:00+09:00,606.0,606.0,605.0,605.0,500,0.0,0.0
2024-08-16 13:15:00+09:00,605.0,605.0,605.0,605.0,1100,0.0,0.0
2024-08-16 13:20:00+09:00,605.0,606.0,605.0,606.0,300,0.0,0.0
2024-08-16 13:25:00+09:00,605.0,605.0,605.0,605.0,500,0.0,0.0
2024-08-16 13:30:00+09:00,605.0,605.0,604.0,604.0,2100,0.0,0.0
2024-08-16 13:35:00+09:00,603.0,603.0,600.0,601.0,26500,0.0,0.0
2024-08-16 13:40:00+09:00,601.0,601.0,601.0,601.0,3000,0.0,0.0
2024-08-16 13:45:00+09:00,600.0,602.0,600.0,602.0,5500,0.0,0.0
2024-08-16 13:50:00+09:00,603.0,603.0,603.0,603.0,4400,0.0,0.0
2024-08-16 13:55:00+09:00,603.0,603.0,603.0,603.0,900,0.0,0.0
2024-08-16 14:00:00+09:00,604.0,604.0,604.0,604.0,200,0.0,0.0
2024-08-16 14:05:00+09:00,604.0,604.0,603.0,604.0,7800,0.0,0.0
2024-08-16 14:10:00+09:00,604.0,604.0,604.0,604.0,1100,0.0,0.0
2024-08-16 14:15:00+09:00,604.0,604.0,604.0,604.0,200,0.0,0.0
2024-08-16 14:20:00+09:00,604.0,604.0,603.0,603.0,3200,0.0,0.0
2024-08-16 14:25:00+09:00,604.0,604.0,604.0,604.0,100,0.0,0.0
2024-08-16 14:30:00+09:00,604.0,604.0,604.0,604.0,4100,0.0,0.0
2024-08-16 14:35:00+09:00,605.0,605.0,604.0,605.0,500,0.0,0.0
2024-08-16 14:40:00+09:00,605.0,605.0,605.0,605.0,4000,0.0,0.0
2024-08-16 14:45:00+09:00,605.0,605.0,605.0,605.0,1400,0.0,0.0
2024-08-16 14:50:00+09:00,606.0,606.0,606.0,606.0,2300,0.0,0.0
2024-08-16 14:55:00+09:00,606.0,607.0,604.0,604.0,4600,0.0,0.0
