Datetime,Open,High,Low,Close,Volume,Dividends,Stock Splits
2024-07-18 09:00:00+09:00,790.0,792.0,790.0,791.0,24500,0.0,0.0
2024-07-18 09:05:00+09:00,791.0,792.0,791.0,791.0,700,0.0,0.0
2024-07-18 09:10:00+09:00,791.0,792.0,791.0,792.0,8600,0.0,0.0
2024-07-18 09:15:00+09:00,791.0,791.0,791.0,791.0,800,0.0,0.0
2024-07-18 09:20:00+09:00,791.0,791.0,788.0,788.0,9700,0.0,0.0
2024-07-18 09:25:00+09:00,789.0,789.0,789.0,789.0,300,0.0,0.0
2024-07-18 09:30:00+09:00,788.0,788.0,787.0,787.0,4300,0.0,0.0
2024-07-18 09:35:00+09:00,787.0,787.0,786.0,786.0,1200,0.0,0.0
2024-07-18 09:40:00+09:00,786.0,786.0,783.0,784.0,13200,0.0,0.0
2024-07-18 09:45:00+09:00,784.0,784.0,782.0,784.0,4500,0.0,0.0
2024-07-18 09:50:00+09:00,783.0,784.0,783.0,784.0,7400,0.0,0.0
2024-07-18 09:55:00+09:00,784.0,784.0,783.0,784.0,2500,0.0,0.0
2024-07-18 10:00:00+09:00,783.0,784.0,783.0,783.0,8800,0.0,0.0
2024-07-18 10:05:00+09:00,784.0,784.0,783.0,784.0,1400,0.0,0.0
2024-07-18 10:10:00+09:00,784.0,784.0,784.0,784.0,2400,0.0,0.0
2024-07-18 10:15:00+09:00,785.0,785.0,785.0,785.0,1000,0.0,0.0
2024-07-18 10:20:00+09:00,785.0,786.0,784.0,786.0,6900,0.0,0.0
2024-07-18 10:25:00+09:00,787.0,790.0,787.0,790.0,29900,0.0,0.0
2024-07-18 10:30:00+09:00,789.0,789.0,788.0,788.0,5200,0.0,0.0
2024-07-18 10:35:00+09:00,787.0,787.0,787.0,787.0,700,0.0,0.0
2024-07-18 10:40:00+09:00,787.0,787.0,787.0,787.0,100,0.0,0.0
2024-07-18 10:45:00+09:00,787.0,787.0,787.0,787.0,200,0.0,0.0
2024-07-18 10:50:00+09:00,786.0,787.0,786.0,787.0,800,0.0,0.0
2024-07-18 10:55:00+09:00,786.0,786.0,785.0,786.0,1100,0.0,0.0
2024-07-18 11:05:00+09:00,786.0,786.0,786.0,786.0,500,0.0,0.0
2024-07-18 11:10:00+09:00,786.0,786.0,786.0,786.0,1200,0.0,0.0
2024-07-18 11:15:00+09:00,786.0,786.0,785.0,786.0,1500,0.0,0.0
2024-07-18 11:20:00+09:00,786.0,786.0,786.0,786.0,2300,0.0,0.0
2024-07-18 11:25:00+09:00,787.0,787.0,787.0,787.0,100,0.0,0.0
2024-07-18 11:30:00+09:00,786.0,786.0,786.0,786.0,500,0.0,0.0
2024-07-18 11:35:00+09:00,786.0,786.0,786.0,786.0,0,0.0,0.0
2024-07-18 12:30:00+09:00,786.0,787.0,786.0,786.0,151400,0.0,0.0
2024-07-18 12:35:00+09:00,785.0,785.0,785.0,785.0,100,0.0,0.0
2024-07-18 12:40:00+09:00,786.0,786.0,786.0,786.0,1800,0.0,0.0
2024-07-18 12:45:00+09:00,787.0,787.0,786.0,787.0,300,0.0,0.0
2024-07-18 12:50:00+09:00,786.0,786.0,786.0,786.0,2300,0.0,0.0
2024-07-18 12:55:00+09:00,786.0,787.0,786.0,787.0,1800,0.0,0.0
2024-07-18 13:00:00+09:00,788.0,788.0,788.0,788.0,500,0.0,0.0
2024-07-18 13:10:00+09:00,788.0,788.0,788.0,788.0,200,0.0,0.0
2024-07-18 13:15:00+09:00,788.0,788.0,788.0,788.0,1800,0.0,0.0
2024-07-18 13:20:00+09:00,788.0,788.0,788.0,788.0,1300,0.0,0.0
2024-07-18 13:25:00+09:00,788.0,788.0,788.0,788.0,100,0.0,0.0
2024-07-18 13:30:00+09:00,788.0,788.0,787.0,787.0,1800,0.0,0.0
2024-07-18 13:35:00+09:00,787.0,787.0,787.0,787.0,200,0.0,0.0
2024-07-18 13:45:00+09:00,786.0,787.0,786.0,786.0,3700,0.0,0.0
2024-07-18 13:55:00+09:00,786.0,786.0,786.0,786.0,1000,0.0,0.0
2024-07-18 14:00:00+09:00,786.0,787.0,786.0,786.0,1800,0.0,0.0
2024-07-18 14:05:00+09:00,787.0,787.0,787.0,787.0,500,0.0,0.0
2024-07-18 14:10:00+09:00,786.0,786.0,786.0,786.0,2000,0.0,0.0
2024-07-18 14:15:00+09:00,786.0,786.0,786.0,786.0,300,0.0,0.0
2024-07-18 14:20:00+09:00,786.0,786.0,785.0,785.0,6700,0.0,0.0
2024-07-18 14:25:00+09:00,785.0,785.0,785.0,785.0,600,0.0,0.0
2024-07-18 14:35:00+09:00,786.0,786.0,786.0,786.0,100,0.0,0.0
2024-07-18 14:40:00+09:00,785.0,785.0,784.0,784.0,11200,0.0,0.0
2024-07-18 14:45:00+09:00,784.0,784.0,783.0,784.0,900,0.0,0.0
2024-07-18 14:50:00+09:00,784.0,784.0,783.0,783.0,4000,0.0,0.0
2024-07-18 14:55:00+09:00,784.0,784.0,783.0,783.0,4900,0.0,0.0
2024-07-19 09:00:00+09:00,781.0,782.0,777.0,778.0,24600,0.0,0.0
2024-07-19 09:05:00+09:00,779.0,779.0,776.0,778.0,4400,0.0,0.0
2024-07-19 09:10:00+09:00,778.0,779.0,778.0,778.0,1700,0.0,0.0
2024-07-19 09:15:00+09:00,779.0,781.0,779.0,781.0,6100,0.0,0.0
2024-07-19 09:20:00+09:00,782.0,783.0,782.0,782.0,1100,0.0,0.0
2024-07-19 09:25:00+09:00,782.0,783.0,782.0,783.0,2100,0.0,0.0
2024-07-19 09:30:00+09:00,782.0,784.0,782.0,783.0,7100,0.0,0.0
2024-07-19 09:35:00+09:00,783.0,790.0,783.0,786.0,30500,0.0,0.0
2024-07-19 09:40:00+09:00,785.0,785.0,785.0,785.0,600,0.0,0.0
2024-07-19 09:45:00+09:00,785.0,785.0,784.0,784.0,1300,0.0,0.0
2024-07-19 09:50:00+09:00,784.0,784.0,784.0,784.0,2000,0.0,0.0
2024-07-19 09:55:00+09:00,784.0,785.0,784.0,784.0,400,0.0,0.0
2024-07-19 10:00:00+09:00,784.0,784.0,783.0,783.0,2800,0.0,0.0
2024-07-19 10:10:00+09:00,784.0,784.0,784.0,784.0,800,0.0,0.0
2024-07-19 10:15:00+09:00,783.0,783.0,783.0,783.0,1200,0.0,0.0
2024-07-19 10:20:00+09:00,782.0,782.0,782.0,782.0,800,0.0,0.0
2024-07-19 10:25:00+09:00,781.0,782.0,781.0,781.0,1600,0.0,0.0
2024-07-19 10:30:00+09:00,781.0,781.0,781.0,781.0,400,0.0,0.0
2024-07-19 10:35:00+09:00,781.0,781.0,781.0,781.0,300,0.0,0.0
2024-07-19 10:40:00+09:00,781.0,781.0,780.0,780.0,900,0.0,0.0
2024-07-19 10:45:00+09:00,780.0,780.0,779.0,779.0,7200,0.0,0.0
2024-07-19 10:50:00+09:00,778.0,778.0,778.0,778.0,1400,0.0,0.0
2024-07-19 10:55:00+09:00,778.0,778.0,778.0,778.0,700,0.0,0.0
2024-07-19 11:00:00+09:00,777.0,778.0,777.0,778.0,800,0.0,0.0
2024-07-19 11:05:00+09:00,778.0,778.0,777.0,778.0,1300,0.0,0.0
2024-07-19 11:10:00+09:00,777.0,778.0,777.0,778.0,300,0.0,0.0
2024-07-19 11:15:00+09:00,778.0,778.0,778.0,778.0,100,0.0,0.0
2024-07-19 11:20:00+09:00,777.0,777.0,775.0,777.0,14200,0.0,0.0
2024-07-19 11:25:00+09:00,777.0,777.0,776.0,777.0,2800,0.0,0.0
2024-07-19 11:30:00+09:00,775.0,775.0,775.0,775.0,1400,0.0,0.0
2024-07-19 11:35:00+09:00,775.0,775.0,775.0,775.0,0,0.0,0.0
2024-07-19 12:30:00+09:00,775.0,777.0,775.0,776.0,129100,0.0,0.0
2024-07-19 12:35:00+09:00,776.0,776.0,775.0,775.0,700,0.0,0.0
2024-07-19 12:40:00+09:00,775.0,775.0,775.0,775.0,8200,0.0,0.0
2024-07-19 12:45:00+09:00,775.0,775.0,774.0,774.0,1100,0.0,0.0
2024-07-19 12:50:00+09:00,775.0,775.0,775.0,775.0,900,0.0,0.0
2024-07-19 12:55:00+09:00,775.0,776.0,775.0,775.0,3700,0.0,0.0
2024-07-19 13:00:00+09:00,776.0,777.0,776.0,776.0,3600,0.0,0.0
2024-07-19 13:05:00+09:00,776.0,776.0,775.0,776.0,1000,0.0,0.0
2024-07-19 13:10:00+09:00,776.0,776.0,776.0,776.0,300,0.0,0.0
2024-07-19 13:15:00+09:00,776.0,776.0,775.0,776.0,1800,0.0,0.0
2024-07-19 13:25:00+09:00,776.0,776.0,776.0,776.0,100,0.0,0.0
2024-07-19 13:35:00+09:00,777.0,777.0,776.0,776.0,1700,0.0,0.0
2024-07-19 13:45:00+09:00,777.0,777.0,776.0,776.0,1800,0.0,0.0
2024-07-19 13:50:00+09:00,777.0,777.0,777.0,777.0,0,0.0,0.0
2024-07-19 14:00:00+09:00,778.0,778.0,778.0,778.0,155800,0.0,0.0
2024-07-19 14:10:00+09:00,779.0,779.0,778.0,778.0,1800,0.0,0.0
2024-07-19 14:15:00+09:00,778.0,778.0,777.0,777.0,400,0.0,0.0
2024-07-19 14:20:00+09:00,777.0,777.0,777.0,777.0,5300,0.0,0.0
2024-07-19 14:25:00+09:00,776.0,777.0,776.0,776.0,1200,0.0,0.0
2024-07-19 14:30:00+09:00,777.0,777.0,777.0,777.0,1500,0.0,0.0
2024-07-19 14:35:00+09:00,777.0,777.0,776.0,777.0,2500,0.0,0.0
2024-07-19 14:40:00+09:00,777.0,778.0,777.0,778.0,600,0.0,0.0
2024-07-19 14:45:00+09:00,777.0,777.0,777.0,777.0,2500,0.0,0.0
2024-07-19 14:50:00+09:00,777.0,777.0,776.0,776.0,1600,0.0,0.0
2024-07-19 14:55:00+09:00,777.0,779.0,777.0,777.0,7200,0.0,0.0
2024-07-22 09:00:00+09:00,779.0,780.0,777.0,777.0,29900,0.0,0.0
2024-07-22 09:05:00+09:00,777.0,778.0,777.0,778.0,1700,0.0,0.0
2024-07-22 09:10:00+09:00,778.0,778.0,778.0,778.0,400,0.0,0.0
2024-07-22 09:15:00+09:00,778.0,779.0,778.0,779.0,2500,0.0,0.0
2024-07-22 09:20:00+09:00,779.0,779.0,778.0,779.0,500,0.0,0.0
2024-07-22 09:25:00+09:00,778.0,780.0,774.0,774.0,23700,0.0,0.0
2024-07-22 09:30:00+09:00,774.0,775.0,774.0,774.0,700,0.0,0.0
2024-07-22 09:35:00+09:00,774.0,774.0,771.0,772.0,16300,0.0,0.0
2024-07-22 09:40:00+09:00,773.0,773.0,773.0,773.0,1000,0.0,0.0
2024-07-22 09:45:00+09:00,773.0,773.0,772.0,773.0,800,0.0,0.0
2024-07-22 09:50:00+09:00,772.0,773.0,771.0,771.0,5400,0.0,0.0
2024-07-22 09:55:00+09:00,771.0,772.0,770.0,772.0,11800,0.0,0.0
2024-07-22 10:00:00+09:00,771.0,772.0,770.0,772.0,700,0.0,0.0
2024-07-22 10:05:00+09:00,772.0,773.0,772.0,773.0,2600,0.0,0.0
2024-07-22 10:10:00+09:00,773.0,775.0,773.0,775.0,4700,0.0,0.0
2024-07-22 10:15:00+09:00,775.0,775.0,774.0,774.0,2500,0.0,0.0
2024-07-22 10:20:00+09:00,773.0,775.0,773.0,775.0,1500,0.0,0.0
2024-07-22 10:30:00+09:00,775.0,775.0,775.0,775.0,200,0.0,0.0
2024-07-22 10:35:00+09:00,774.0,775.0,774.0,774.0,400,0.0,0.0
2024-07-22 10:40:00+09:00,775.0,776.0,774.0,774.0,2300,0.0,0.0
2024-07-22 10:45:00+09:00,775.0,775.0,775.0,775.0,100,0.0,0.0
2024-07-22 10:50:00+09:00,775.0,776.0,775.0,776.0,1500,0.0,0.0
2024-07-22 10:55:00+09:00,776.0,776.0,773.0,774.0,1700,0.0,0.0
2024-07-22 11:00:00+09:00,774.0,774.0,773.0,774.0,1100,0.0,0.0
2024-07-22 11:05:00+09:00,775.0,775.0,775.0,775.0,2300,0.0,0.0
2024-07-22 11:15:00+09:00,775.0,775.0,775.0,775.0,800,0.0,0.0
2024-07-22 11:20:00+09:00,776.0,776.0,776.0,776.0,2400,0.0,0.0
2024-07-22 11:25:00+09:00,776.0,776.0,776.0,776.0,300,0.0,0.0
2024-07-22 11:30:00+09:00,776.0,776.0,776.0,776.0,400,0.0,0.0
2024-07-22 11:35:00+09:00,776.0,776.0,776.0,776.0,0,0.0,0.0
2024-07-22 12:30:00+09:00,777.0,778.0,777.0,778.0,127300,0.0,0.0
2024-07-22 12:35:00+09:00,777.0,777.0,776.0,776.0,8700,0.0,0.0
2024-07-22 12:40:00+09:00,776.0,776.0,776.0,776.0,3200,0.0,0.0
2024-07-22 12:45:00+09:00,776.0,776.0,775.0,775.0,1600,0.0,0.0
2024-07-22 12:50:00+09:00,776.0,776.0,776.0,776.0,500,0.0,0.0
2024-07-22 12:55:00+09:00,775.0,775.0,775.0,775.0,400,0.0,0.0
2024-07-22 13:00:00+09:00,776.0,776.0,775.0,776.0,500,0.0,0.0
2024-07-22 13:05:00+09:00,775.0,775.0,774.0,774.0,5200,0.0,0.0
2024-07-22 13:10:00+09:00,774.0,774.0,774.0,774.0,1200,0.0,0.0
2024-07-22 13:15:00+09:00,774.0,774.0,774.0,774.0,200,0.0,0.0
2024-07-22 13:20:00+09:00,773.0,773.0,773.0,773.0,1700,0.0,0.0
2024-07-22 13:25:00+09:00,774.0,774.0,774.0,774.0,100,0.0,0.0
2024-07-22 13:30:00+09:00,774.0,774.0,774.0,774.0,200,0.0,0.0
2024-07-22 13:35:00+09:00,773.0,774.0,773.0,774.0,3100,0.0,0.0
2024-07-22 13:40:00+09:00,775.0,776.0,775.0,776.0,1800,0.0,0.0
2024-07-22 13:45:00+09:00,776.0,776.0,776.0,776.0,100,0.0,0.0
2024-07-22 13:50:00+09:00,776.0,776.0,776.0,776.0,100,0.0,0.0
2024-07-22 13:55:00+09:00,776.0,776.0,776.0,776.0,100,0.0,0.0
2024-07-22 14:00:00+09:00,776.0,776.0,776.0,776.0,200,0.0,0.0
2024-07-22 14:05:00+09:00,776.0,776.0,776.0,776.0,100,0.0,0.0
2024-07-22 14:10:00+09:00,775.0,776.0,775.0,776.0,1900,0.0,0.0
2024-07-22 14:15:00+09:00,775.0,775.0,775.0,775.0,3300,0.0,0.0
2024-07-22 14:20:00+09:00,775.0,775.0,774.0,774.0,1600,0.0,0.0
2024-07-22 14:25:00+09:00,774.0,774.0,771.0,772.0,29500,0.0,0.0
2024-07-22 14:30:00+09:00,773.0,774.0,773.0,774.0,3300,0.0,0.0
2024-07-22 14:35:00+09:00,774.0,774.0,774.0,774.0,1900,0.0,0.0
2024-07-22 14:40:00+09:00,774.0,774.0,773.0,774.0,5900,0.0,0.0
2024-07-22 14:45:00+09:00,774.0,774.0,773.0,773.0,4100,0.0,0.0
2024-07-22 14:50:00+09:00,773.0,774.0,773.0,774.0,800,0.0,0.0
2024-07-22 14:55:00+09:00,774.0,775.0,773.0,775.0,11300,0.0,0.0
2024-07-23 09:00:00+09:00,783.0,783.0,780.0,783.0,17100,0.0,0.0
2024-07-23 09:05:00+09:00,783.0,784.0,783.0,784.0,2300,0.0,0.0
2024-07-23 09:10:00+09:00,783.0,784.0,783.0,784.0,3400,0.0,0.0
2024-07-23 09:15:00+09:00,783.0,786.0,783.0,786.0,3500,0.0,0.0
2024-07-23 09:20:00+09:00,786.0,788.0,786.0,788.0,3800,0.0,0.0
2024-07-23 09:25:00+09:00,787.0,789.0,787.0,789.0,7200,0.0,0.0
2024-07-23 09:30:00+09:00,789.0,789.0,789.0,789.0,7200,0.0,0.0
2024-07-23 09:35:00+09:00,789.0,789.0,789.0,789.0,100,0.0,0.0
2024-07-23 09:40:00+09:00,788.0,788.0,788.0,788.0,2200,0.0,0.0
2024-07-23 09:45:00+09:00,788.0,788.0,788.0,788.0,600,0.0,0.0
2024-07-23 09:50:00+09:00,787.0,787.0,785.0,785.0,1900,0.0,0.0
2024-07-23 09:55:00+09:00,785.0,785.0,785.0,785.0,1000,0.0,0.0
2024-07-23 10:00:00+09:00,786.0,786.0,785.0,785.0,1300,0.0,0.0
2024-07-23 10:05:00+09:00,786.0,787.0,786.0,787.0,3200,0.0,0.0
2024-07-23 10:10:00+09:00,788.0,788.0,788.0,788.0,500,0.0,0.0
2024-07-23 10:15:00+09:00,787.0,787.0,787.0,787.0,100,0.0,0.0
2024-07-23 10:20:00+09:00,788.0,788.0,787.0,787.0,1300,0.0,0.0
2024-07-23 10:25:00+09:00,787.0,788.0,787.0,788.0,4200,0.0,0.0
2024-07-23 10:35:00+09:00,789.0,789.0,788.0,788.0,3200,0.0,0.0
2024-07-23 10:40:00+09:00,788.0,789.0,788.0,789.0,1900,0.0,0.0
2024-07-23 10:45:00+09:00,789.0,789.0,789.0,789.0,900,0.0,0.0
2024-07-23 10:50:00+09:00,789.0,789.0,788.0,788.0,1200,0.0,0.0
2024-07-23 10:55:00+09:00,789.0,789.0,789.0,789.0,200,0.0,0.0
2024-07-23 11:05:00+09:00,789.0,789.0,789.0,789.0,100,0.0,0.0
2024-07-23 11:10:00+09:00,789.0,789.0,789.0,789.0,1000,0.0,0.0
2024-07-23 11:20:00+09:00,790.0,790.0,789.0,789.0,1800,0.0,0.0
2024-07-23 11:25:00+09:00,790.0,791.0,790.0,791.0,5100,0.0,0.0
2024-07-23 11:35:00+09:00,791.0,791.0,791.0,791.0,0,0.0,0.0
2024-07-23 12:30:00+09:00,791.0,791.0,790.0,790.0,84600,0.0,0.0
2024-07-23 12:35:00+09:00,789.0,789.0,789.0,789.0,1700,0.0,0.0
2024-07-23 12:45:00+09:00,788.0,788.0,788.0,788.0,1700,0.0,0.0
2024-07-23 12:50:00+09:00,788.0,788.0,788.0,788.0,200,0.0,0.0
2024-07-23 12:55:00+09:00,788.0,788.0,788.0,788.0,200,0.0,0.0
2024-07-23 13:00:00+09:00,787.0,787.0,787.0,787.0,100,0.0,0.0
2024-07-23 13:05:00+09:00,788.0,789.0,788.0,789.0,5800,0.0,0.0
2024-07-23 13:10:00+09:00,789.0,790.0,789.0,789.0,700,0.0,0.0
2024-07-23 13:20:00+09:00,790.0,790.0,790.0,790.0,1900,0.0,0.0
2024-07-23 13:25:00+09:00,790.0,790.0,790.0,790.0,100,0.0,0.0
2024-07-23 13:30:00+09:00,790.0,790.0,789.0,790.0,3200,0.0,0.0
2024-07-23 13:35:00+09:00,790.0,790.0,789.0,790.0,800,0.0,0.0
2024-07-23 13:40:00+09:00,790.0,790.0,789.0,790.0,500,0.0,0.0
2024-07-23 13:45:00+09:00,790.0,790.0,790.0,790.0,2700,0.0,0.0
2024-07-23 13:50:00+09:00,789.0,790.0,789.0,790.0,300,0.0,0.0
2024-07-23 13:55:00+09:00,790.0,790.0,789.0,789.0,400,0.0,0.0
2024-07-23 14:00:00+09:00,790.0,791.0,789.0,791.0,2400,0.0,0.0
2024-07-23 14:05:00+09:00,791.0,791.0,791.0,791.0,400,0.0,0.0
2024-07-23 14:10:00+09:00,790.0,790.0,779.0,784.0,102100,0.0,0.0
2024-07-23 14:15:00+09:00,784.0,785.0,784.0,785.0,5400,0.0,0.0
2024-07-23 14:20:00+09:00,785.0,787.0,785.0,787.0,5900,0.0,0.0
2024-07-23 14:25:00+09:00,786.0,786.0,786.0,786.0,4000,0.0,0.0
2024-07-23 14:30:00+09:00,786.0,786.0,785.0,786.0,4700,0.0,0.0
2024-07-23 14:35:00+09:00,786.0,786.0,786.0,786.0,4100,0.0,0.0
2024-07-23 14:40:00+09:00,786.0,787.0,786.0,787.0,3100,0.0,0.0
2024-07-23 14:50:00+09:00,788.0,788.0,788.0,788.0,1700,0.0,0.0
2024-07-23 14:55:00+09:00,789.0,790.0,789.0,790.0,5700,0.0,0.0
2024-07-24 09:00:00+09:00,786.0,787.0,783.0,784.0,6800,0.0,0.0
2024-07-24 09:05:00+09:00,783.0,783.0,783.0,783.0,300,0.0,0.0
2024-07-24 09:10:00+09:00,784.0,785.0,782.0,785.0,1300,0.0,0.0
2024-07-24 09:15:00+09:00,784.0,784.0,783.0,783.0,2300,0.0,0.0
2024-07-24 09:20:00+09:00,784.0,787.0,784.0,786.0,2400,0.0,0.0
2024-07-24 09:25:00+09:00,786.0,786.0,786.0,786.0,1000,0.0,0.0
2024-07-24 09:30:00+09:00,785.0,785.0,784.0,785.0,2500,0.0,0.0
2024-07-24 09:35:00+09:00,785.0,786.0,785.0,786.0,600,0.0,0.0
2024-07-24 09:40:00+09:00,787.0,787.0,786.0,787.0,800,0.0,0.0
2024-07-24 09:45:00+09:00,789.0,789.0,788.0,788.0,200,0.0,0.0
2024-07-24 09:50:00+09:00,788.0,788.0,787.0,787.0,1500,0.0,0.0
2024-07-24 09:55:00+09:00,786.0,787.0,786.0,787.0,300,0.0,0.0
2024-07-24 10:00:00+09:00,787.0,787.0,787.0,787.0,500,0.0,0.0
2024-07-24 10:05:00+09:00,786.0,786.0,786.0,786.0,1000,0.0,0.0
2024-07-24 10:10:00+09:00,786.0,786.0,785.0,786.0,400,0.0,0.0
2024-07-24 10:15:00+09:00,786.0,786.0,786.0,786.0,1100,0.0,0.0
2024-07-24 10:20:00+09:00,786.0,786.0,786.0,786.0,800,0.0,0.0
2024-07-24 10:25:00+09:00,785.0,785.0,785.0,785.0,200,0.0,0.0
2024-07-24 10:30:00+09:00,786.0,786.0,786.0,786.0,100,0.0,0.0
2024-07-24 10:35:00+09:00,787.0,787.0,787.0,787.0,100,0.0,0.0
2024-07-24 10:45:00+09:00,786.0,786.0,786.0,786.0,2000,0.0,0.0
2024-07-24 10:50:00+09:00,786.0,786.0,786.0,786.0,100,0.0,0.0
2024-07-24 10:55:00+09:00,786.0,787.0,786.0,787.0,500,0.0,0.0
2024-07-24 11:00:00+09:00,787.0,787.0,787.0,787.0,1600,0.0,0.0
2024-07-24 11:05:00+09:00,787.0,787.0,786.0,786.0,1000,0.0,0.0
2024-07-24 11:10:00+09:00,787.0,787.0,787.0,787.0,100,0.0,0.0
2024-07-24 11:15:00+09:00,787.0,787.0,786.0,786.0,800,0.0,0.0
2024-07-24 11:20:00+09:00,786.0,786.0,786.0,786.0,200,0.0,0.0
2024-07-24 11:30:00+09:00,787.0,787.0,787.0,787.0,100,0.0,0.0
2024-07-24 11:35:00+09:00,787.0,787.0,787.0,787.0,0,0.0,0.0
2024-07-24 12:30:00+09:00,785.0,787.0,785.0,786.0,36800,0.0,0.0
2024-07-24 12:35:00+09:00,786.0,786.0,786.0,786.0,1200,0.0,0.0
2024-07-24 12:40:00+09:00,785.0,785.0,785.0,785.0,3300,0.0,0.0
2024-07-24 12:45:00+09:00,784.0,785.0,784.0,785.0,900,0.0,0.0
2024-07-24 12:50:00+09:00,784.0,784.0,784.0,784.0,100,0.0,0.0
2024-07-24 12:55:00+09:00,783.0,784.0,783.0,784.0,500,0.0,0.0
2024-07-24 13:00:00+09:00,784.0,784.0,784.0,784.0,500,0.0,0.0
2024-07-24 13:05:00+09:00,784.0,784.0,782.0,782.0,5600,0.0,0.0
2024-07-24 13:10:00+09:00,782.0,782.0,782.0,782.0,1100,0.0,0.0
2024-07-24 13:15:00+09:00,782.0,782.0,782.0,782.0,1200,0.0,0.0
2024-07-24 13:20:00+09:00,781.0,782.0,780.0,781.0,2700,0.0,0.0
2024-07-24 13:25:00+09:00,781.0,781.0,781.0,781.0,400,0.0,0.0
2024-07-24 13:30:00+09:00,781.0,781.0,781.0,781.0,900,0.0,0.0
2024-07-24 13:35:00+09:00,780.0,781.0,780.0,781.0,400,0.0,0.0
2024-07-24 13:40:00+09:00,781.0,781.0,781.0,781.0,900,0.0,0.0
2024-07-24 13:45:00+09:00,781.0,781.0,780.0,781.0,600,0.0,0.0
2024-07-24 13:55:00+09:00,781.0,781.0,781.0,781.0,300,0.0,0.0
2024-07-24 14:00:00+09:00,781.0,781.0,780.0,780.0,1900,0.0,0.0
2024-07-24 14:05:00+09:00,781.0,781.0,781.0,781.0,100,0.0,0.0
2024-07-24 14:15:00+09:00,781.0,781.0,781.0,781.0,1800,0.0,0.0
2024-07-24 14:20:00+09:00,781.0,781.0,781.0,781.0,200,0.0,0.0
2024-07-24 14:25:00+09:00,782.0,782.0,782.0,782.0,500,0.0,0.0
2024-07-24 14:30:00+09:00,781.0,782.0,781.0,782.0,1300,0.0,0.0
2024-07-24 14:35:00+09:00,781.0,781.0,781.0,781.0,500,0.0,0.0
2024-07-24 14:40:00+09:00,781.0,781.0,781.0,781.0,100,0.0,0.0
2024-07-24 14:45:00+09:00,780.0,780.0,780.0,780.0,300,0.0,0.0
2024-07-24 14:50:00+09:00,780.0,781.0,779.0,781.0,11700,0.0,0.0
2024-07-24 14:55:00+09:00,780.0,780.0,779.0,780.0,1000,0.0,0.0
2024-07-25 09:00:00+09:00,771.0,772.0,768.0,770.0,35900,0.0,0.0
2024-07-25 09:05:00+09:00,771.0,772.0,769.0,771.0,5600,0.0,0.0
2024-07-25 09:10:00+09:00,770.0,771.0,769.0,770.0,4200,0.0,0.0
2024-07-25 09:15:00+09:00,771.0,772.0,770.0,771.0,2400,0.0,0.0
2024-07-25 09:20:00+09:00,772.0,772.0,770.0,771.0,2800,0.0,0.0
2024-07-25 09:25:00+09:00,771.0,771.0,769.0,769.0,2900,0.0,0.0
2024-07-25 09:30:00+09:00,770.0,771.0,769.0,769.0,1600,0.0,0.0
2024-07-25 09:35:00+09:00,769.0,769.0,764.0,764.0,49000,0.0,0.0
2024-07-25 09:40:00+09:00,763.0,763.0,761.0,762.0,9000,0.0,0.0
2024-07-25 09:45:00+09:00,762.0,763.0,759.0,763.0,33500,0.0,0.0
2024-07-25 09:50:00+09:00,762.0,762.0,761.0,761.0,2300,0.0,0.0
2024-07-25 09:55:00+09:00,762.0,763.0,761.0,763.0,6400,0.0,0.0
2024-07-25 10:00:00+09:00,762.0,763.0,761.0,762.0,2800,0.0,0.0
2024-07-25 10:05:00+09:00,762.0,762.0,761.0,762.0,3000,0.0,0.0
2024-07-25 10:10:00+09:00,762.0,763.0,760.0,761.0,3400,0.0,0.0
2024-07-25 10:15:00+09:00,761.0,761.0,760.0,761.0,3300,0.0,0.0
2024-07-25 10:20:00+09:00,760.0,760.0,759.0,760.0,4300,0.0,0.0
2024-07-25 10:25:00+09:00,759.0,759.0,757.0,757.0,8600,0.0,0.0
2024-07-25 10:30:00+09:00,758.0,760.0,756.0,757.0,24200,0.0,0.0
2024-07-25 10:35:00+09:00,758.0,760.0,757.0,758.0,16900,0.0,0.0
2024-07-25 10:40:00+09:00,758.0,760.0,758.0,760.0,1400,0.0,0.0
2024-07-25 10:45:00+09:00,760.0,761.0,759.0,759.0,3300,0.0,0.0
2024-07-25 10:50:00+09:00,761.0,762.0,760.0,762.0,2300,0.0,0.0
2024-07-25 10:55:00+09:00,761.0,761.0,761.0,761.0,600,0.0,0.0
2024-07-25 11:00:00+09:00,761.0,761.0,760.0,760.0,800,0.0,0.0
2024-07-25 11:05:00+09:00,761.0,761.0,761.0,761.0,500,0.0,0.0
2024-07-25 11:10:00+09:00,761.0,761.0,761.0,761.0,100,0.0,0.0
2024-07-25 11:15:00+09:00,761.0,762.0,761.0,761.0,1200,0.0,0.0
2024-07-25 11:20:00+09:00,763.0,765.0,762.0,765.0,3800,0.0,0.0
2024-07-25 11:25:00+09:00,765.0,767.0,765.0,767.0,4900,0.0,0.0
2024-07-25 11:30:00+09:00,766.0,766.0,766.0,766.0,1500,0.0,0.0
2024-07-25 11:35:00+09:00,766.0,766.0,766.0,766.0,0,0.0,0.0
2024-07-25 12:30:00+09:00,766.0,767.0,765.0,767.0,250700,0.0,0.0
2024-07-25 12:35:00+09:00,766.0,766.0,764.0,764.0,4000,0.0,0.0
2024-07-25 12:40:00+09:00,764.0,764.0,763.0,764.0,2600,0.0,0.0
2024-07-25 12:45:00+09:00,763.0,765.0,763.0,765.0,1100,0.0,0.0
2024-07-25 12:50:00+09:00,765.0,765.0,765.0,765.0,600,0.0,0.0
2024-07-25 12:55:00+09:00,764.0,765.0,763.0,765.0,7200,0.0,0.0
2024-07-25 13:00:00+09:00,765.0,766.0,765.0,766.0,800,0.0,0.0
2024-07-25 13:05:00+09:00,767.0,767.0,766.0,766.0,2000,0.0,0.0
2024-07-25 13:10:00+09:00,767.0,769.0,767.0,769.0,4700,0.0,0.0
2024-07-25 13:15:00+09:00,769.0,769.0,768.0,768.0,3000,0.0,0.0
2024-07-25 13:20:00+09:00,768.0,768.0,768.0,768.0,1700,0.0,0.0
2024-07-25 13:25:00+09:00,767.0,767.0,763.0,765.0,36500,0.0,0.0
2024-07-25 13:30:00+09:00,765.0,766.0,765.0,766.0,800,0.0,0.0
2024-07-25 13:35:00+09:00,766.0,766.0,766.0,766.0,800,0.0,0.0
2024-07-25 13:40:00+09:00,767.0,767.0,766.0,766.0,2700,0.0,0.0
2024-07-25 13:45:00+09:00,766.0,766.0,766.0,766.0,1600,0.0,0.0
2024-07-25 13:50:00+09:00,766.0,766.0,766.0,766.0,500,0.0,0.0
2024-07-25 13:55:00+09:00,766.0,767.0,766.0,767.0,200,0.0,0.0
2024-07-25 14:00:00+09:00,766.0,766.0,766.0,766.0,1700,0.0,0.0
2024-07-25 14:05:00+09:00,766.0,767.0,766.0,767.0,6800,0.0,0.0
2024-07-25 14:10:00+09:00,767.0,767.0,764.0,766.0,23000,0.0,0.0
2024-07-25 14:15:00+09:00,766.0,766.0,765.0,765.0,4800,0.0,0.0
2024-07-25 14:20:00+09:00,766.0,766.0,766.0,766.0,1900,0.0,0.0
2024-07-25 14:25:00+09:00,765.0,765.0,764.0,765.0,3700,0.0,0.0
2024-07-25 14:30:00+09:00,764.0,764.0,764.0,764.0,1200,0.0,0.0
2024-07-25 14:35:00+09:00,764.0,765.0,764.0,765.0,900,0.0,0.0
2024-07-25 14:40:00+09:00,765.0,765.0,765.0,765.0,1100,0.0,0.0
2024-07-25 14:45:00+09:00,764.0,764.0,763.0,763.0,3100,0.0,0.0
2024-07-25 14:50:00+09:00,763.0,764.0,763.0,763.0,1500,0.0,0.0
2024-07-25 14:55:00+09:00,764.0,764.0,763.0,763.0,6100,0.0,0.0
2024-07-26 09:00:00+09:00,775.0,775.0,765.0,765.0,41100,0.0,0.0
2024-07-26 09:05:00+09:00,767.0,767.0,761.0,761.0,6600,0.0,0.0
2024-07-26 09:10:00+09:00,760.0,760.0,753.0,757.0,65100,0.0,0.0
2024-07-26 09:15:00+09:00,757.0,760.0,757.0,758.0,9900,0.0,0.0
2024-07-26 09:20:00+09:00,757.0,757.0,753.0,755.0,14900,0.0,0.0
2024-07-26 09:25:00+09:00,754.0,758.0,754.0,758.0,9900,0.0,0.0
2024-07-26 09:30:00+09:00,756.0,757.0,754.0,756.0,3900,0.0,0.0
2024-07-26 09:35:00+09:00,758.0,758.0,755.0,756.0,3600,0.0,0.0
2024-07-26 09:40:00+09:00,757.0,759.0,757.0,759.0,3600,0.0,0.0
2024-07-26 09:45:00+09:00,759.0,760.0,758.0,759.0,6200,0.0,0.0
2024-07-26 09:50:00+09:00,758.0,759.0,758.0,759.0,2100,0.0,0.0
2024-07-26 09:55:00+09:00,758.0,759.0,758.0,759.0,700,0.0,0.0
2024-07-26 10:00:00+09:00,759.0,759.0,757.0,759.0,4000,0.0,0.0
2024-07-26 10:05:00+09:00,758.0,759.0,758.0,759.0,600,0.0,0.0
2024-07-26 10:10:00+09:00,759.0,759.0,758.0,759.0,900,0.0,0.0
2024-07-26 10:15:00+09:00,759.0,759.0,757.0,757.0,4600,0.0,0.0
2024-07-26 10:20:00+09:00,757.0,757.0,755.0,756.0,4600,0.0,0.0
2024-07-26 10:25:00+09:00,756.0,756.0,755.0,755.0,3000,0.0,0.0
2024-07-26 10:30:00+09:00,754.0,755.0,753.0,755.0,4500,0.0,0.0
2024-07-26 10:35:00+09:00,754.0,756.0,754.0,756.0,300,0.0,0.0
2024-07-26 10:40:00+09:00,754.0,754.0,753.0,753.0,8600,0.0,0.0
2024-07-26 10:45:00+09:00,753.0,754.0,752.0,754.0,3000,0.0,0.0
2024-07-26 10:50:00+09:00,754.0,755.0,754.0,754.0,3200,0.0,0.0
2024-07-26 10:55:00+09:00,754.0,755.0,754.0,755.0,900,0.0,0.0
2024-07-26 11:00:00+09:00,755.0,755.0,754.0,754.0,2100,0.0,0.0
2024-07-26 11:05:00+09:00,756.0,756.0,756.0,756.0,800,0.0,0.0
2024-07-26 11:10:00+09:00,757.0,757.0,756.0,757.0,1100,0.0,0.0
2024-07-26 11:15:00+09:00,757.0,758.0,757.0,758.0,2500,0.0,0.0
2024-07-26 11:20:00+09:00,758.0,758.0,758.0,758.0,300,0.0,0.0
2024-07-26 11:25:00+09:00,758.0,761.0,758.0,761.0,2600,0.0,0.0
2024-07-26 11:30:00+09:00,761.0,761.0,761.0,761.0,600,0.0,0.0
2024-07-26 11:35:00+09:00,761.0,761.0,761.0,761.0,0,0.0,0.0
2024-07-26 12:30:00+09:00,762.0,764.0,762.0,763.0,220500,0.0,0.0
2024-07-26 12:35:00+09:00,763.0,765.0,763.0,765.0,3300,0.0,0.0
2024-07-26 12:40:00+09:00,766.0,766.0,766.0,766.0,4800,0.0,0.0
2024-07-26 12:45:00+09:00,766.0,767.0,765.0,767.0,1500,0.0,0.0
2024-07-26 12:50:00+09:00,766.0,766.0,765.0,765.0,800,0.0,0.0
2024-07-26 12:55:00+09:00,766.0,766.0,765.0,765.0,300,0.0,0.0
2024-07-26 13:00:00+09:00,766.0,767.0,766.0,767.0,1400,0.0,0.0
2024-07-26 13:05:00+09:00,767.0,767.0,767.0,767.0,1000,0.0,0.0
2024-07-26 13:10:00+09:00,767.0,767.0,766.0,767.0,1800,0.0,0.0
2024-07-26 13:15:00+09:00,766.0,766.0,766.0,766.0,700,0.0,0.0
2024-07-26 13:20:00+09:00,766.0,766.0,766.0,766.0,100,0.0,0.0
2024-07-26 13:25:00+09:00,766.0,766.0,766.0,766.0,1000,0.0,0.0
2024-07-26 13:30:00+09:00,766.0,766.0,766.0,766.0,200,0.0,0.0
2024-07-26 13:35:00+09:00,767.0,768.0,767.0,768.0,1400,0.0,0.0
2024-07-26 13:40:00+09:00,767.0,767.0,767.0,767.0,100,0.0,0.0
2024-07-26 13:45:00+09:00,767.0,767.0,767.0,767.0,1200,0.0,0.0
2024-07-26 13:50:00+09:00,766.0,766.0,766.0,766.0,1200,0.0,0.0
2024-07-26 13:55:00+09:00,766.0,766.0,766.0,766.0,200,0.0,0.0
2024-07-26 14:00:00+09:00,766.0,766.0,766.0,766.0,900,0.0,0.0
2024-07-26 14:05:00+09:00,766.0,766.0,766.0,766.0,200,0.0,0.0
2024-07-26 14:10:00+09:00,767.0,768.0,767.0,768.0,1500,0.0,0.0
2024-07-26 14:15:00+09:00,767.0,767.0,767.0,767.0,1200,0.0,0.0
2024-07-26 14:20:00+09:00,767.0,767.0,767.0,767.0,500,0.0,0.0
2024-07-26 14:25:00+09:00,767.0,768.0,767.0,767.0,4100,0.0,0.0
2024-07-26 14:30:00+09:00,767.0,768.0,766.0,766.0,4700,0.0,0.0
2024-07-26 14:35:00+09:00,765.0,765.0,765.0,765.0,4100,0.0,0.0
2024-07-26 14:40:00+09:00,764.0,765.0,764.0,765.0,1800,0.0,0.0
2024-07-26 14:45:00+09:00,764.0,764.0,763.0,763.0,2100,0.0,0.0
2024-07-26 14:50:00+09:00,763.0,764.0,762.0,762.0,3600,0.0,0.0
2024-07-26 14:55:00+09:00,762.0,763.0,761.0,761.0,5300,0.0,0.0
2024-07-29 09:00:00+09:00,770.0,772.0,768.0,769.0,23900,0.0,0.0
2024-07-29 09:05:00+09:00,769.0,774.0,769.0,770.0,8000,0.0,0.0
2024-07-29 09:10:00+09:00,770.0,771.0,769.0,771.0,2500,0.0,0.0
2024-07-29 09:15:00+09:00,771.0,771.0,767.0,770.0,21700,0.0,0.0
2024-07-29 09:20:00+09:00,770.0,771.0,770.0,771.0,2100,0.0,0.0
2024-07-29 09:25:00+09:00,771.0,773.0,771.0,773.0,1800,0.0,0.0
2024-07-29 09:30:00+09:00,773.0,774.0,770.0,773.0,10700,0.0,0.0
2024-07-29 09:35:00+09:00,773.0,773.0,773.0,773.0,100,0.0,0.0
2024-07-29 09:40:00+09:00,774.0,775.0,773.0,775.0,4900,0.0,0.0
2024-07-29 09:45:00+09:00,774.0,775.0,774.0,775.0,3900,0.0,0.0
2024-07-29 09:50:00+09:00,775.0,775.0,774.0,774.0,700,0.0,0.0
2024-07-29 09:55:00+09:00,774.0,775.0,773.0,774.0,3100,0.0,0.0
2024-07-29 10:00:00+09:00,775.0,775.0,774.0,774.0,700,0.0,0.0
2024-07-29 10:05:00+09:00,774.0,774.0,772.0,773.0,3400,0.0,0.0
2024-07-29 10:10:00+09:00,772.0,772.0,771.0,772.0,1100,0.0,0.0
2024-07-29 10:15:00+09:00,772.0,773.0,772.0,773.0,3200,0.0,0.0
2024-07-29 10:20:00+09:00,773.0,773.0,771.0,772.0,3900,0.0,0.0
2024-07-29 10:25:00+09:00,772.0,772.0,772.0,772.0,1700,0.0,0.0
2024-07-29 10:30:00+09:00,771.0,772.0,771.0,771.0,1700,0.0,0.0
2024-07-29 10:35:00+09:00,770.0,770.0,769.0,769.0,3300,0.0,0.0
2024-07-29 10:40:00+09:00,769.0,769.0,768.0,769.0,4000,0.0,0.0
2024-07-29 10:45:00+09:00,769.0,769.0,769.0,769.0,300,0.0,0.0
2024-07-29 10:50:00+09:00,768.0,769.0,767.0,768.0,3600,0.0,0.0
2024-07-29 10:55:00+09:00,769.0,769.0,767.0,767.0,1800,0.0,0.0
2024-07-29 11:00:00+09:00,767.0,768.0,767.0,768.0,1800,0.0,0.0
2024-07-29 11:05:00+09:00,769.0,769.0,769.0,769.0,2600,0.0,0.0
2024-07-29 11:10:00+09:00,769.0,769.0,769.0,769.0,300,0.0,0.0
2024-07-29 11:15:00+09:00,769.0,769.0,769.0,769.0,2000,0.0,0.0
2024-07-29 11:20:00+09:00,769.0,769.0,767.0,767.0,3300,0.0,0.0
2024-07-29 11:25:00+09:00,767.0,767.0,764.0,766.0,29000,0.0,0.0
2024-07-29 11:30:00+09:00,765.0,765.0,765.0,765.0,300,0.0,0.0
2024-07-29 11:35:00+09:00,765.0,765.0,765.0,765.0,0,0.0,0.0
2024-07-29 12:30:00+09:00,766.0,768.0,766.0,768.0,159100,0.0,0.0
2024-07-29 12:35:00+09:00,768.0,769.0,768.0,769.0,3200,0.0,0.0
2024-07-29 12:40:00+09:00,770.0,771.0,770.0,771.0,3000,0.0,0.0
2024-07-29 12:45:00+09:00,770.0,770.0,770.0,770.0,500,0.0,0.0
2024-07-29 12:50:00+09:00,769.0,769.0,768.0,768.0,2100,0.0,0.0
2024-07-29 12:55:00+09:00,768.0,769.0,768.0,769.0,600,0.0,0.0
2024-07-29 13:05:00+09:00,769.0,769.0,769.0,769.0,1300,0.0,0.0
2024-07-29 13:10:00+09:00,769.0,769.0,768.0,769.0,2900,0.0,0.0
2024-07-29 13:15:00+09:00,769.0,769.0,769.0,769.0,1700,0.0,0.0
2024-07-29 13:20:00+09:00,769.0,770.0,769.0,770.0,3100,0.0,0.0
2024-07-29 13:25:00+09:00,771.0,771.0,771.0,771.0,200,0.0,0.0
2024-07-29 13:35:00+09:00,770.0,770.0,770.0,770.0,100,0.0,0.0
2024-07-29 13:40:00+09:00,770.0,770.0,770.0,770.0,2000,0.0,0.0
2024-07-29 13:45:00+09:00,770.0,770.0,770.0,770.0,100,0.0,0.0
2024-07-29 13:50:00+09:00,770.0,770.0,770.0,770.0,5900,0.0,0.0
2024-07-29 13:55:00+09:00,770.0,770.0,770.0,770.0,100,0.0,0.0
2024-07-29 14:00:00+09:00,770.0,770.0,770.0,770.0,100,0.0,0.0
2024-07-29 14:05:00+09:00,770.0,771.0,770.0,770.0,600,0.0,0.0
2024-07-29 14:10:00+09:00,770.0,770.0,770.0,770.0,300,0.0,0.0
2024-07-29 14:15:00+09:00,770.0,770.0,770.0,770.0,100,0.0,0.0
2024-07-29 14:20:00+09:00,770.0,771.0,770.0,770.0,400,0.0,0.0
2024-07-29 14:25:00+09:00,771.0,772.0,771.0,772.0,4500,0.0,0.0
2024-07-29 14:30:00+09:00,772.0,772.0,772.0,772.0,700,0.0,0.0
2024-07-29 14:35:00+09:00,772.0,772.0,772.0,772.0,3000,0.0,0.0
2024-07-29 14:45:00+09:00,772.0,772.0,770.0,770.0,8200,0.0,0.0
2024-07-29 14:50:00+09:00,771.0,771.0,771.0,771.0,5400,0.0,0.0
2024-07-29 14:55:00+09:00,771.0,772.0,771.0,772.0,5300,0.0,0.0
2024-07-30 09:00:00+09:00,771.0,771.0,769.0,769.0,7300,0.0,0.0
2024-07-30 09:05:00+09:00,768.0,768.0,767.0,768.0,2200,0.0,0.0
2024-07-30 09:10:00+09:00,768.0,768.0,764.0,764.0,6000,0.0,0.0
2024-07-30 09:15:00+09:00,765.0,765.0,765.0,765.0,900,0.0,0.0
2024-07-30 09:20:00+09:00,766.0,768.0,766.0,767.0,4800,0.0,0.0
2024-07-30 09:25:00+09:00,767.0,767.0,766.0,767.0,5100,0.0,0.0
2024-07-30 09:30:00+09:00,768.0,768.0,767.0,767.0,2300,0.0,0.0
2024-07-30 09:35:00+09:00,768.0,768.0,766.0,766.0,1500,0.0,0.0
2024-07-30 09:40:00+09:00,767.0,768.0,767.0,768.0,800,0.0,0.0
2024-07-30 09:45:00+09:00,768.0,770.0,768.0,770.0,2600,0.0,0.0
2024-07-30 09:55:00+09:00,770.0,771.0,770.0,771.0,2700,0.0,0.0
2024-07-30 10:00:00+09:00,769.0,770.0,769.0,769.0,2000,0.0,0.0
2024-07-30 10:05:00+09:00,769.0,769.0,768.0,768.0,800,0.0,0.0
2024-07-30 10:10:00+09:00,769.0,769.0,768.0,769.0,1800,0.0,0.0
2024-07-30 10:15:00+09:00,769.0,769.0,769.0,769.0,1000,0.0,0.0
2024-07-30 10:20:00+09:00,769.0,769.0,769.0,769.0,1300,0.0,0.0
2024-07-30 10:25:00+09:00,769.0,769.0,767.0,767.0,1500,0.0,0.0
2024-07-30 10:30:00+09:00,767.0,767.0,766.0,766.0,2000,0.0,0.0
2024-07-30 10:35:00+09:00,766.0,766.0,766.0,766.0,2300,0.0,0.0
2024-07-30 10:40:00+09:00,767.0,767.0,767.0,767.0,1300,0.0,0.0
2024-07-30 10:45:00+09:00,767.0,767.0,767.0,767.0,1000,0.0,0.0
2024-07-30 10:50:00+09:00,767.0,767.0,765.0,766.0,3800,0.0,0.0
2024-07-30 10:55:00+09:00,767.0,767.0,767.0,767.0,900,0.0,0.0
2024-07-30 11:00:00+09:00,766.0,767.0,766.0,767.0,300,0.0,0.0
2024-07-30 11:05:00+09:00,767.0,767.0,766.0,767.0,600,0.0,0.0
2024-07-30 11:10:00+09:00,767.0,767.0,767.0,767.0,2700,0.0,0.0
2024-07-30 11:15:00+09:00,767.0,767.0,767.0,767.0,800,0.0,0.0
2024-07-30 11:20:00+09:00,767.0,767.0,766.0,767.0,1000,0.0,0.0
2024-07-30 11:25:00+09:00,768.0,768.0,766.0,766.0,2500,0.0,0.0
2024-07-30 11:30:00+09:00,766.0,766.0,766.0,766.0,300,0.0,0.0
2024-07-30 11:35:00+09:00,766.0,766.0,766.0,766.0,0,0.0,0.0
2024-07-30 12:30:00+09:00,766.0,767.0,766.0,767.0,0,0.0,0.0
2024-07-30 12:35:00+09:00,768.0,768.0,767.0,767.0,68800,0.0,0.0
2024-07-30 12:40:00+09:00,766.0,767.0,766.0,767.0,2000,0.0,0.0
2024-07-30 12:45:00+09:00,768.0,769.0,768.0,769.0,2000,0.0,0.0
2024-07-30 12:50:00+09:00,768.0,768.0,768.0,768.0,1800,0.0,0.0
2024-07-30 12:55:00+09:00,769.0,769.0,768.0,768.0,1800,0.0,0.0
2024-07-30 13:00:00+09:00,768.0,768.0,768.0,768.0,500,0.0,0.0
2024-07-30 13:05:00+09:00,768.0,768.0,768.0,768.0,1300,0.0,0.0
2024-07-30 13:10:00+09:00,768.0,771.0,768.0,769.0,10600,0.0,0.0
2024-07-30 13:15:00+09:00,769.0,769.0,769.0,769.0,1500,0.0,0.0
2024-07-30 13:20:00+09:00,770.0,770.0,770.0,770.0,600,0.0,0.0
2024-07-30 13:25:00+09:00,770.0,771.0,769.0,771.0,1600,0.0,0.0
2024-07-30 13:30:00+09:00,770.0,770.0,769.0,769.0,2300,0.0,0.0
2024-07-30 13:35:00+09:00,770.0,770.0,770.0,770.0,1600,0.0,0.0
2024-07-30 13:40:00+09:00,771.0,772.0,770.0,772.0,3800,0.0,0.0
2024-07-30 13:45:00+09:00,772.0,772.0,772.0,772.0,500,0.0,0.0
2024-07-30 13:50:00+09:00,772.0,774.0,772.0,773.0,8300,0.0,0.0
2024-07-30 13:55:00+09:00,773.0,773.0,772.0,772.0,3100,0.0,0.0
2024-07-30 14:00:00+09:00,772.0,772.0,772.0,772.0,200,0.0,0.0
2024-07-30 14:05:00+09:00,771.0,771.0,770.0,771.0,5100,0.0,0.0
2024-07-30 14:10:00+09:00,771.0,771.0,771.0,771.0,1600,0.0,0.0
2024-07-30 14:15:00+09:00,770.0,770.0,769.0,770.0,3300,0.0,0.0
2024-07-30 14:20:00+09:00,770.0,770.0,770.0,770.0,100,0.0,0.0
2024-07-30 14:30:00+09:00,770.0,770.0,770.0,770.0,3000,0.0,0.0
2024-07-30 14:35:00+09:00,770.0,770.0,769.0,770.0,3000,0.0,0.0
2024-07-30 14:40:00+09:00,771.0,771.0,771.0,771.0,200,0.0,0.0
2024-07-30 14:45:00+09:00,770.0,771.0,770.0,771.0,4200,0.0,0.0
2024-07-30 14:50:00+09:00,770.0,771.0,769.0,770.0,5400,0.0,0.0
2024-07-30 14:55:00+09:00,770.0,771.0,769.0,769.0,1100,0.0,0.0
2024-07-31 09:00:00+09:00,764.0,764.0,759.0,761.0,31400,0.0,0.0
2024-07-31 09:05:00+09:00,762.0,765.0,762.0,765.0,1200,0.0,0.0
2024-07-31 09:10:00+09:00,763.0,765.0,762.0,762.0,4300,0.0,0.0
2024-07-31 09:15:00+09:00,763.0,767.0,763.0,767.0,3400,0.0,0.0
2024-07-31 09:20:00+09:00,767.0,771.0,767.0,770.0,4200,0.0,0.0
2024-07-31 09:25:00+09:00,770.0,770.0,769.0,769.0,3100,0.0,0.0
2024-07-31 09:30:00+09:00,769.0,770.0,769.0,770.0,3300,0.0,0.0
2024-07-31 09:35:00+09:00,771.0,771.0,771.0,771.0,1400,0.0,0.0
2024-07-31 09:40:00+09:00,772.0,773.0,772.0,773.0,3000,0.0,0.0
2024-07-31 09:45:00+09:00,773.0,774.0,772.0,774.0,1100,0.0,0.0
2024-07-31 09:50:00+09:00,774.0,774.0,773.0,773.0,800,0.0,0.0
2024-07-31 09:55:00+09:00,774.0,776.0,774.0,776.0,7800,0.0,0.0
2024-07-31 10:00:00+09:00,776.0,776.0,775.0,776.0,1300,0.0,0.0
2024-07-31 10:05:00+09:00,776.0,776.0,775.0,775.0,3400,0.0,0.0
2024-07-31 10:10:00+09:00,776.0,776.0,775.0,775.0,800,0.0,0.0
2024-07-31 10:15:00+09:00,774.0,775.0,774.0,775.0,1200,0.0,0.0
2024-07-31 10:20:00+09:00,775.0,775.0,775.0,775.0,300,0.0,0.0
2024-07-31 10:25:00+09:00,775.0,775.0,774.0,775.0,1900,0.0,0.0
2024-07-31 10:30:00+09:00,776.0,777.0,776.0,777.0,900,0.0,0.0
2024-07-31 10:35:00+09:00,777.0,777.0,777.0,777.0,2200,0.0,0.0
2024-07-31 10:40:00+09:00,776.0,776.0,775.0,775.0,1600,0.0,0.0
2024-07-31 10:50:00+09:00,776.0,777.0,776.0,776.0,3100,0.0,0.0
2024-07-31 10:55:00+09:00,775.0,775.0,775.0,775.0,1000,0.0,0.0
2024-07-31 11:00:00+09:00,775.0,775.0,775.0,775.0,100,0.0,0.0
2024-07-31 11:05:00+09:00,775.0,775.0,775.0,775.0,100,0.0,0.0
2024-07-31 11:10:00+09:00,776.0,776.0,776.0,776.0,900,0.0,0.0
2024-07-31 11:15:00+09:00,776.0,778.0,776.0,777.0,2100,0.0,0.0
2024-07-31 11:20:00+09:00,777.0,777.0,777.0,777.0,200,0.0,0.0
2024-07-31 11:25:00+09:00,777.0,780.0,777.0,780.0,4600,0.0,0.0
2024-07-31 11:30:00+09:00,778.0,778.0,778.0,778.0,100,0.0,0.0
2024-07-31 11:35:00+09:00,778.0,778.0,778.0,778.0,0,0.0,0.0
2024-07-31 12:30:00+09:00,778.0,779.0,777.0,779.0,95200,0.0,0.0
2024-07-31 12:35:00+09:00,778.0,778.0,778.0,778.0,2300,0.0,0.0
2024-07-31 12:40:00+09:00,777.0,777.0,776.0,777.0,1400,0.0,0.0
2024-07-31 12:45:00+09:00,776.0,776.0,776.0,776.0,100,0.0,0.0
2024-07-31 12:50:00+09:00,777.0,779.0,777.0,779.0,3100,0.0,0.0
2024-07-31 12:55:00+09:00,777.0,778.0,775.0,778.0,7000,0.0,0.0
2024-07-31 13:00:00+09:00,779.0,779.0,778.0,778.0,500,0.0,0.0
2024-07-31 13:05:00+09:00,778.0,779.0,778.0,779.0,900,0.0,0.0
2024-07-31 13:10:00+09:00,779.0,779.0,778.0,778.0,2100,0.0,0.0
2024-07-31 13:15:00+09:00,778.0,779.0,777.0,777.0,1000,0.0,0.0
2024-07-31 13:20:00+09:00,779.0,779.0,778.0,778.0,1200,0.0,0.0
2024-07-31 13:25:00+09:00,778.0,780.0,776.0,780.0,11800,0.0,0.0
2024-07-31 13:35:00+09:00,780.0,780.0,779.0,780.0,500,0.0,0.0
2024-07-31 13:40:00+09:00,780.0,780.0,780.0,780.0,100,0.0,0.0
2024-07-31 13:45:00+09:00,779.0,779.0,779.0,779.0,800,0.0,0.0
2024-07-31 13:50:00+09:00,779.0,779.0,779.0,779.0,700,0.0,0.0
2024-07-31 13:55:00+09:00,779.0,779.0,779.0,779.0,1100,0.0,0.0
2024-07-31 14:00:00+09:00,779.0,780.0,779.0,780.0,2400,0.0,0.0
2024-07-31 14:05:00+09:00,781.0,782.0,781.0,782.0,2900,0.0,0.0
2024-07-31 14:10:00+09:00,782.0,783.0,777.0,780.0,17500,0.0,0.0
2024-07-31 14:15:00+09:00,780.0,780.0,780.0,780.0,1200,0.0,0.0
2024-07-31 14:20:00+09:00,780.0,781.0,780.0,781.0,3400,0.0,0.0
2024-07-31 14:25:00+09:00,781.0,781.0,780.0,780.0,2200,0.0,0.0
2024-07-31 14:30:00+09:00,781.0,781.0,779.0,780.0,5600,0.0,0.0
2024-07-31 14:35:00+09:00,780.0,780.0,780.0,780.0,1100,0.0,0.0
2024-07-31 14:40:00+09:00,781.0,782.0,780.0,781.0,5500,0.0,0.0
2024-07-31 14:45:00+09:00,781.0,781.0,780.0,780.0,5200,0.0,0.0
2024-07-31 14:50:00+09:00,781.0,782.0,781.0,782.0,16900,0.0,0.0
2024-07-31 14:55:00+09:00,782.0,787.0,782.0,787.0,15900,0.0,0.0
2024-08-01 09:00:00+09:00,755.0,755.0,744.0,751.0,90000,0.0,0.0
2024-08-01 09:05:00+09:00,750.0,750.0,734.0,735.0,32000,0.0,0.0
2024-08-01 09:10:00+09:00,735.0,737.0,730.0,735.0,17800,0.0,0.0
2024-08-01 09:15:00+09:00,735.0,738.0,734.0,738.0,12000,0.0,0.0
2024-08-01 09:20:00+09:00,738.0,739.0,735.0,736.0,7600,0.0,0.0
2024-08-01 09:25:00+09:00,736.0,736.0,734.0,734.0,10600,0.0,0.0
2024-08-01 09:30:00+09:00,735.0,735.0,728.0,728.0,19600,0.0,0.0
2024-08-01 09:35:00+09:00,728.0,732.0,727.0,732.0,11000,0.0,0.0
2024-08-01 09:40:00+09:00,731.0,732.0,731.0,731.0,3000,0.0,0.0
2024-08-01 09:45:00+09:00,731.0,732.0,730.0,731.0,7400,0.0,0.0
2024-08-01 09:50:00+09:00,732.0,732.0,731.0,731.0,10700,0.0,0.0
2024-08-01 09:55:00+09:00,730.0,730.0,726.0,727.0,18500,0.0,0.0
2024-08-01 10:00:00+09:00,727.0,728.0,725.0,726.0,9300,0.0,0.0
2024-08-01 10:05:00+09:00,725.0,725.0,722.0,724.0,19500,0.0,0.0
2024-08-01 10:10:00+09:00,724.0,724.0,722.0,723.0,4700,0.0,0.0
2024-08-01 10:15:00+09:00,724.0,724.0,722.0,723.0,5900,0.0,0.0
2024-08-01 10:20:00+09:00,723.0,728.0,723.0,728.0,12100,0.0,0.0
2024-08-01 10:25:00+09:00,727.0,728.0,724.0,724.0,5900,0.0,0.0
2024-08-01 10:30:00+09:00,725.0,725.0,721.0,722.0,8200,0.0,0.0
2024-08-01 10:35:00+09:00,721.0,721.0,720.0,720.0,10400,0.0,0.0
2024-08-01 10:40:00+09:00,720.0,722.0,720.0,721.0,5500,0.0,0.0
2024-08-01 10:45:00+09:00,722.0,723.0,721.0,723.0,4700,0.0,0.0
2024-08-01 10:50:00+09:00,724.0,725.0,724.0,725.0,10200,0.0,0.0
2024-08-01 10:55:00+09:00,724.0,725.0,721.0,722.0,4700,0.0,0.0
2024-08-01 11:00:00+09:00,723.0,725.0,722.0,725.0,3800,0.0,0.0
2024-08-01 11:05:00+09:00,725.0,727.0,724.0,727.0,2900,0.0,0.0
2024-08-01 11:10:00+09:00,726.0,726.0,722.0,724.0,8200,0.0,0.0
2024-08-01 11:15:00+09:00,723.0,724.0,723.0,723.0,1600,0.0,0.0
2024-08-01 11:20:00+09:00,724.0,726.0,724.0,725.0,4800,0.0,0.0
2024-08-01 11:25:00+09:00,726.0,727.0,726.0,726.0,1800,0.0,0.0
2024-08-01 11:30:00+09:00,726.0,726.0,726.0,726.0,100,0.0,0.0
2024-08-01 11:35:00+09:00,726.0,726.0,726.0,726.0,0,0.0,0.0
2024-08-01 12:30:00+09:00,728.0,728.0,723.0,723.0,381500,0.0,0.0
2024-08-01 12:35:00+09:00,724.0,724.0,724.0,724.0,2700,0.0,0.0
2024-08-01 12:40:00+09:00,725.0,727.0,725.0,727.0,2400,0.0,0.0
2024-08-01 12:45:00+09:00,727.0,729.0,727.0,728.0,1900,0.0,0.0
2024-08-01 12:50:00+09:00,728.0,728.0,727.0,727.0,4000,0.0,0.0
2024-08-01 12:55:00+09:00,727.0,729.0,727.0,729.0,9300,0.0,0.0
2024-08-01 13:00:00+09:00,730.0,730.0,729.0,729.0,1900,0.0,0.0
2024-08-01 13:05:00+09:00,728.0,728.0,726.0,726.0,4600,0.0,0.0
2024-08-01 13:10:00+09:00,726.0,727.0,726.0,727.0,3400,0.0,0.0
2024-08-01 13:15:00+09:00,726.0,726.0,726.0,726.0,1400,0.0,0.0
2024-08-01 13:20:00+09:00,726.0,726.0,724.0,725.0,6000,0.0,0.0
2024-08-01 13:25:00+09:00,725.0,725.0,723.0,723.0,3600,0.0,0.0
2024-08-01 13:30:00+09:00,724.0,725.0,724.0,724.0,1600,0.0,0.0
2024-08-01 13:35:00+09:00,725.0,725.0,724.0,724.0,2300,0.0,0.0
2024-08-01 13:40:00+09:00,724.0,724.0,724.0,724.0,3600,0.0,0.0
2024-08-01 13:45:00+09:00,725.0,726.0,725.0,726.0,1800,0.0,0.0
2024-08-01 13:50:00+09:00,727.0,728.0,727.0,727.0,2100,0.0,0.0
2024-08-01 13:55:00+09:00,727.0,729.0,727.0,727.0,3800,0.0,0.0
2024-08-01 14:00:00+09:00,728.0,728.0,726.0,726.0,1000,0.0,0.0
2024-08-01 14:05:00+09:00,727.0,728.0,727.0,728.0,2300,0.0,0.0
2024-08-01 14:10:00+09:00,728.0,728.0,727.0,728.0,2200,0.0,0.0
2024-08-01 14:15:00+09:00,727.0,727.0,724.0,724.0,11000,0.0,0.0
2024-08-01 14:20:00+09:00,724.0,724.0,723.0,723.0,3500,0.0,0.0
2024-08-01 14:25:00+09:00,723.0,724.0,722.0,723.0,9300,0.0,0.0
2024-08-01 14:30:00+09:00,722.0,722.0,722.0,722.0,4700,0.0,0.0
2024-08-01 14:35:00+09:00,722.0,723.0,722.0,723.0,4000,0.0,0.0
2024-08-01 14:40:00+09:00,723.0,723.0,722.0,723.0,4400,0.0,0.0
2024-08-01 14:45:00+09:00,723.0,723.0,722.0,722.0,4900,0.0,0.0
2024-08-01 14:50:00+09:00,723.0,723.0,722.0,723.0,6000,0.0,0.0
2024-08-01 14:55:00+09:00,723.0,726.0,721.0,721.0,23100,0.0,0.0
2024-08-02 09:00:00+09:00,690.0,696.0,688.0,696.0,88100,0.0,0.0
2024-08-02 09:05:00+09:00,696.0,703.0,693.0,696.0,18300,0.0,0.0
2024-08-02 09:10:00+09:00,695.0,699.0,694.0,695.0,7300,0.0,0.0
2024-08-02 09:15:00+09:00,695.0,695.0,693.0,694.0,5700,0.0,0.0
2024-08-02 09:20:00+09:00,694.0,697.0,694.0,695.0,7700,0.0,0.0
2024-08-02 09:25:00+09:00,695.0,695.0,692.0,692.0,7200,0.0,0.0
2024-08-02 09:30:00+09:00,693.0,696.0,692.0,696.0,8500,0.0,0.0
2024-08-02 09:35:00+09:00,697.0,701.0,696.0,696.0,9700,0.0,0.0
2024-08-02 09:40:00+09:00,695.0,696.0,693.0,693.0,3400,0.0,0.0
2024-08-02 09:45:00+09:00,693.0,693.0,691.0,691.0,7500,0.0,0.0
2024-08-02 09:50:00+09:00,691.0,696.0,691.0,696.0,3500,0.0,0.0
2024-08-02 09:55:00+09:00,695.0,695.0,691.0,692.0,8600,0.0,0.0
2024-08-02 10:00:00+09:00,693.0,694.0,692.0,692.0,6400,0.0,0.0
2024-08-02 10:05:00+09:00,692.0,694.0,692.0,694.0,2400,0.0,0.0
2024-08-02 10:10:00+09:00,694.0,699.0,694.0,699.0,5800,0.0,0.0
2024-08-02 10:15:00+09:00,699.0,701.0,697.0,701.0,6400,0.0,0.0
2024-08-02 10:20:00+09:00,701.0,701.0,697.0,698.0,10100,0.0,0.0
2024-08-02 10:25:00+09:00,698.0,698.0,695.0,696.0,4900,0.0,0.0
2024-08-02 10:30:00+09:00,697.0,700.0,697.0,699.0,5300,0.0,0.0
2024-08-02 10:35:00+09:00,698.0,703.0,698.0,701.0,6200,0.0,0.0
2024-08-02 10:40:00+09:00,702.0,705.0,702.0,704.0,4100,0.0,0.0
2024-08-02 10:45:00+09:00,705.0,708.0,705.0,706.0,4600,0.0,0.0
2024-08-02 10:50:00+09:00,705.0,705.0,705.0,705.0,1100,0.0,0.0
2024-08-02 10:55:00+09:00,706.0,707.0,706.0,707.0,1700,0.0,0.0
2024-08-02 11:00:00+09:00,707.0,707.0,706.0,706.0,2700,0.0,0.0
2024-08-02 11:05:00+09:00,706.0,707.0,706.0,707.0,1800,0.0,0.0
2024-08-02 11:10:00+09:00,706.0,706.0,705.0,706.0,3200,0.0,0.0
2024-08-02 11:15:00+09:00,706.0,707.0,706.0,706.0,2500,0.0,0.0
2024-08-02 11:20:00+09:00,706.0,706.0,704.0,704.0,2800,0.0,0.0
2024-08-02 11:25:00+09:00,705.0,708.0,705.0,707.0,4000,0.0,0.0
2024-08-02 11:30:00+09:00,709.0,709.0,709.0,709.0,800,0.0,0.0
2024-08-02 11:35:00+09:00,709.0,709.0,709.0,709.0,0,0.0,0.0
2024-08-02 12:30:00+09:00,707.0,707.0,706.0,706.0,266400,0.0,0.0
2024-08-02 12:35:00+09:00,707.0,707.0,704.0,704.0,5000,0.0,0.0
2024-08-02 12:40:00+09:00,704.0,704.0,703.0,703.0,1700,0.0,0.0
2024-08-02 12:45:00+09:00,704.0,704.0,704.0,704.0,1800,0.0,0.0
2024-08-02 12:50:00+09:00,703.0,705.0,703.0,705.0,3000,0.0,0.0
2024-08-02 12:55:00+09:00,705.0,705.0,704.0,704.0,2600,0.0,0.0
2024-08-02 13:00:00+09:00,704.0,704.0,704.0,704.0,1000,0.0,0.0
2024-08-02 13:05:00+09:00,705.0,705.0,703.0,703.0,4600,0.0,0.0
2024-08-02 13:10:00+09:00,704.0,706.0,704.0,706.0,9700,0.0,0.0
2024-08-02 13:15:00+09:00,704.0,705.0,703.0,705.0,4300,0.0,0.0
2024-08-02 13:20:00+09:00,705.0,707.0,705.0,706.0,4200,0.0,0.0
2024-08-02 13:25:00+09:00,706.0,707.0,705.0,707.0,1700,0.0,0.0
2024-08-02 13:30:00+09:00,706.0,706.0,704.0,704.0,3700,0.0,0.0
2024-08-02 13:35:00+09:00,704.0,705.0,703.0,703.0,1700,0.0,0.0
2024-08-02 13:40:00+09:00,703.0,704.0,703.0,704.0,2600,0.0,0.0
2024-08-02 13:45:00+09:00,704.0,704.0,703.0,703.0,400,0.0,0.0
2024-08-02 13:50:00+09:00,704.0,704.0,703.0,704.0,4200,0.0,0.0
2024-08-02 13:55:00+09:00,704.0,705.0,704.0,704.0,1400,0.0,0.0
2024-08-02 14:00:00+09:00,705.0,705.0,703.0,704.0,2600,0.0,0.0
2024-08-02 14:05:00+09:00,704.0,704.0,703.0,703.0,2900,0.0,0.0
2024-08-02 14:10:00+09:00,703.0,703.0,703.0,703.0,2700,0.0,0.0
2024-08-02 14:15:00+09:00,702.0,703.0,702.0,702.0,700,0.0,0.0
2024-08-02 14:20:00+09:00,702.0,702.0,702.0,702.0,5300,0.0,0.0
2024-08-02 14:25:00+09:00,702.0,703.0,702.0,703.0,3900,0.0,0.0
2024-08-02 14:30:00+09:00,703.0,703.0,700.0,701.0,22600,0.0,0.0
2024-08-02 14:35:00+09:00,700.0,701.0,699.0,699.0,6000,0.0,0.0
2024-08-02 14:40:00+09:00,699.0,700.0,696.0,698.0,13500,0.0,0.0
2024-08-02 14:45:00+09:00,699.0,700.0,698.0,699.0,6900,0.0,0.0
2024-08-02 14:50:00+09:00,699.0,700.0,697.0,700.0,16200,0.0,0.0
2024-08-02 14:55:00+09:00,700.0,700.0,698.0,698.0,6200,0.0,0.0
2024-08-05 09:05:00+09:00,660.0,660.0,656.0,658.0,64100,0.0,0.0
2024-08-05 09:10:00+09:00,656.0,659.0,651.0,655.0,33800,0.0,0.0
2024-08-05 09:15:00+09:00,655.0,655.0,651.0,651.0,14400,0.0,0.0
2024-08-05 09:20:00+09:00,651.0,653.0,650.0,653.0,24000,0.0,0.0
2024-08-05 09:25:00+09:00,653.0,658.0,652.0,658.0,11500,0.0,0.0
2024-08-05 09:30:00+09:00,658.0,661.0,657.0,661.0,6900,0.0,0.0
2024-08-05 09:35:00+09:00,662.0,665.0,660.0,661.0,9300,0.0,0.0
2024-08-05 09:40:00+09:00,661.0,667.0,661.0,666.0,5900,0.0,0.0
2024-08-05 09:45:00+09:00,664.0,665.0,663.0,663.0,4200,0.0,0.0
2024-08-05 09:50:00+09:00,662.0,663.0,661.0,661.0,3600,0.0,0.0
2024-08-05 09:55:00+09:00,662.0,666.0,662.0,665.0,6500,0.0,0.0
2024-08-05 10:00:00+09:00,665.0,667.0,663.0,663.0,4800,0.0,0.0
2024-08-05 10:05:00+09:00,663.0,663.0,660.0,660.0,13900,0.0,0.0
2024-08-05 10:10:00+09:00,661.0,661.0,659.0,659.0,7000,0.0,0.0
2024-08-05 10:15:00+09:00,659.0,661.0,657.0,661.0,41200,0.0,0.0
2024-08-05 10:20:00+09:00,661.0,661.0,657.0,657.0,9600,0.0,0.0
2024-08-05 10:25:00+09:00,657.0,658.0,655.0,656.0,8300,0.0,0.0
2024-08-05 10:30:00+09:00,656.0,660.0,656.0,660.0,9900,0.0,0.0
2024-08-05 10:35:00+09:00,660.0,661.0,659.0,659.0,4600,0.0,0.0
2024-08-05 10:40:00+09:00,660.0,660.0,658.0,658.0,3500,0.0,0.0
2024-08-05 10:45:00+09:00,658.0,659.0,658.0,658.0,3100,0.0,0.0
2024-08-05 10:50:00+09:00,657.0,658.0,656.0,657.0,7000,0.0,0.0
2024-08-05 10:55:00+09:00,657.0,659.0,656.0,658.0,3600,0.0,0.0
2024-08-05 11:00:00+09:00,659.0,660.0,658.0,658.0,5400,0.0,0.0
2024-08-05 11:05:00+09:00,660.0,660.0,658.0,659.0,2900,0.0,0.0
2024-08-05 11:10:00+09:00,659.0,659.0,658.0,658.0,5000,0.0,0.0
2024-08-05 11:15:00+09:00,658.0,660.0,658.0,660.0,2500,0.0,0.0
2024-08-05 11:20:00+09:00,660.0,664.0,660.0,664.0,7300,0.0,0.0
2024-08-05 11:25:00+09:00,664.0,666.0,663.0,665.0,6400,0.0,0.0
2024-08-05 11:30:00+09:00,666.0,666.0,666.0,666.0,19600,0.0,0.0
2024-08-05 11:35:00+09:00,666.0,666.0,666.0,666.0,0,0.0,0.0
2024-08-05 12:30:00+09:00,665.0,667.0,664.0,666.0,365100,0.0,0.0
2024-08-05 12:35:00+09:00,667.0,667.0,666.0,666.0,4300,0.0,0.0
2024-08-05 12:40:00+09:00,665.0,666.0,663.0,663.0,7600,0.0,0.0
2024-08-05 12:45:00+09:00,664.0,665.0,662.0,663.0,5000,0.0,0.0
2024-08-05 12:50:00+09:00,662.0,663.0,661.0,663.0,5500,0.0,0.0
2024-08-05 12:55:00+09:00,662.0,663.0,661.0,661.0,2500,0.0,0.0
2024-08-05 13:00:00+09:00,661.0,661.0,659.0,659.0,7200,0.0,0.0
2024-08-05 13:05:00+09:00,659.0,659.0,654.0,655.0,17900,0.0,0.0
2024-08-05 13:10:00+09:00,655.0,656.0,653.0,656.0,15000,0.0,0.0
2024-08-05 13:15:00+09:00,655.0,655.0,652.0,652.0,13700,0.0,0.0
2024-08-05 13:20:00+09:00,651.0,653.0,651.0,651.0,2400,0.0,0.0
2024-08-05 13:25:00+09:00,651.0,651.0,650.0,651.0,4100,0.0,0.0
2024-08-05 13:30:00+09:00,650.0,650.0,646.0,647.0,32000,0.0,0.0
2024-08-05 13:35:00+09:00,648.0,649.0,647.0,648.0,2200,0.0,0.0
2024-08-05 13:40:00+09:00,648.0,648.0,646.0,646.0,5100,0.0,0.0
2024-08-05 13:45:00+09:00,646.0,647.0,643.0,643.0,7900,0.0,0.0
2024-08-05 13:50:00+09:00,644.0,645.0,642.0,642.0,5500,0.0,0.0
2024-08-05 13:55:00+09:00,642.0,643.0,640.0,640.0,7300,0.0,0.0
2024-08-05 14:00:00+09:00,640.0,641.0,638.0,638.0,8000,0.0,0.0
2024-08-05 14:05:00+09:00,639.0,640.0,635.0,635.0,9400,0.0,0.0
2024-08-05 14:10:00+09:00,635.0,636.0,632.0,633.0,12500,0.0,0.0
2024-08-05 14:15:00+09:00,634.0,635.0,630.0,630.0,7200,0.0,0.0
2024-08-05 14:20:00+09:00,630.0,631.0,626.0,627.0,10300,0.0,0.0
2024-08-05 14:25:00+09:00,627.0,627.0,624.0,625.0,7800,0.0,0.0
2024-08-05 14:30:00+09:00,625.0,626.0,621.0,621.0,13800,0.0,0.0
2024-08-05 14:35:00+09:00,621.0,623.0,620.0,620.0,12400,0.0,0.0
2024-08-05 14:40:00+09:00,620.0,622.0,620.0,620.0,12400,0.0,0.0
2024-08-05 14:45:00+09:00,620.0,621.0,618.0,620.0,10900,0.0,0.0
2024-08-05 14:50:00+09:00,621.0,624.0,619.0,621.0,9900,0.0,0.0
2024-08-05 14:55:00+09:00,623.0,628.0,622.0,626.0,7100,0.0,0.0
2024-08-06 09:05:00+09:00,657.0,665.0,657.0,664.0,49600,0.0,0.0
2024-08-06 09:10:00+09:00,665.0,674.0,663.0,673.0,21900,0.0,0.0
2024-08-06 09:15:00+09:00,672.0,676.0,670.0,676.0,27500,0.0,0.0
2024-08-06 09:20:00+09:00,675.0,678.0,672.0,678.0,19100,0.0,0.0
2024-08-06 09:25:00+09:00,679.0,680.0,677.0,677.0,10700,0.0,0.0
2024-08-06 09:30:00+09:00,676.0,684.0,675.0,683.0,8300,0.0,0.0
2024-08-06 09:35:00+09:00,682.0,685.0,682.0,684.0,4500,0.0,0.0
2024-08-06 09:40:00+09:00,685.0,686.0,682.0,686.0,5100,0.0,0.0
2024-08-06 09:45:00+09:00,687.0,687.0,686.0,686.0,3200,0.0,0.0
2024-08-06 09:50:00+09:00,686.0,688.0,686.0,688.0,6300,0.0,0.0
2024-08-06 09:55:00+09:00,686.0,689.0,686.0,689.0,5400,0.0,0.0
2024-08-06 10:00:00+09:00,689.0,690.0,687.0,690.0,1700,0.0,0.0
2024-08-06 10:05:00+09:00,689.0,690.0,685.0,687.0,8300,0.0,0.0
2024-08-06 10:10:00+09:00,686.0,689.0,686.0,689.0,4100,0.0,0.0
2024-08-06 10:15:00+09:00,688.0,692.0,685.0,685.0,7300,0.0,0.0
2024-08-06 10:20:00+09:00,685.0,687.0,685.0,686.0,4200,0.0,0.0
2024-08-06 10:25:00+09:00,686.0,687.0,684.0,686.0,2800,0.0,0.0
2024-08-06 10:30:00+09:00,687.0,687.0,682.0,683.0,2100,0.0,0.0
2024-08-06 10:35:00+09:00,682.0,682.0,677.0,681.0,11600,0.0,0.0
2024-08-06 10:40:00+09:00,678.0,678.0,675.0,677.0,5200,0.0,0.0
2024-08-06 10:45:00+09:00,675.0,678.0,673.0,678.0,5300,0.0,0.0
2024-08-06 10:50:00+09:00,677.0,680.0,677.0,678.0,4600,0.0,0.0
2024-08-06 10:55:00+09:00,679.0,680.0,677.0,679.0,4800,0.0,0.0
2024-08-06 11:00:00+09:00,679.0,681.0,679.0,680.0,4600,0.0,0.0
2024-08-06 11:05:00+09:00,681.0,681.0,676.0,676.0,4500,0.0,0.0
2024-08-06 11:10:00+09:00,675.0,678.0,674.0,677.0,7800,0.0,0.0
2024-08-06 11:15:00+09:00,677.0,679.0,676.0,676.0,4600,0.0,0.0
2024-08-06 11:20:00+09:00,677.0,677.0,677.0,677.0,3400,0.0,0.0
2024-08-06 11:25:00+09:00,677.0,680.0,677.0,679.0,5100,0.0,0.0
2024-08-06 11:30:00+09:00,680.0,680.0,680.0,680.0,700,0.0,0.0
2024-08-06 11:35:00+09:00,680.0,680.0,680.0,680.0,0,0.0,0.0
2024-08-06 12:30:00+09:00,680.0,682.0,680.0,681.0,266600,0.0,0.0
2024-08-06 12:35:00+09:00,681.0,684.0,681.0,684.0,5800,0.0,0.0
2024-08-06 12:40:00+09:00,685.0,688.0,685.0,688.0,4400,0.0,0.0
2024-08-06 12:45:00+09:00,688.0,689.0,688.0,689.0,2500,0.0,0.0
2024-08-06 12:50:00+09:00,689.0,691.0,689.0,690.0,6500,0.0,0.0
2024-08-06 12:55:00+09:00,689.0,691.0,688.0,688.0,2900,0.0,0.0
2024-08-06 13:00:00+09:00,688.0,689.0,688.0,689.0,1200,0.0,0.0
2024-08-06 13:05:00+09:00,689.0,690.0,687.0,687.0,4000,0.0,0.0
2024-08-06 13:10:00+09:00,687.0,688.0,687.0,687.0,1600,0.0,0.0
2024-08-06 13:15:00+09:00,687.0,687.0,686.0,686.0,2500,0.0,0.0
2024-08-06 13:20:00+09:00,686.0,686.0,685.0,685.0,1000,0.0,0.0
2024-08-06 13:25:00+09:00,685.0,685.0,684.0,684.0,4100,0.0,0.0
2024-08-06 13:30:00+09:00,683.0,683.0,682.0,682.0,1500,0.0,0.0
2024-08-06 13:35:00+09:00,682.0,682.0,680.0,680.0,8600,0.0,0.0
2024-08-06 13:40:00+09:00,680.0,680.0,679.0,679.0,1400,0.0,0.0
2024-08-06 13:45:00+09:00,678.0,678.0,674.0,674.0,13000,0.0,0.0
2024-08-06 13:50:00+09:00,675.0,677.0,675.0,675.0,4900,0.0,0.0
2024-08-06 13:55:00+09:00,674.0,675.0,672.0,673.0,5900,0.0,0.0
2024-08-06 14:00:00+09:00,674.0,674.0,670.0,670.0,3600,0.0,0.0
2024-08-06 14:05:00+09:00,670.0,673.0,668.0,673.0,13500,0.0,0.0
2024-08-06 14:10:00+09:00,673.0,673.0,672.0,673.0,3400,0.0,0.0
2024-08-06 14:15:00+09:00,673.0,675.0,673.0,675.0,4300,0.0,0.0
2024-08-06 14:20:00+09:00,675.0,678.0,675.0,678.0,5000,0.0,0.0
2024-08-06 14:25:00+09:00,679.0,680.0,679.0,679.0,2200,0.0,0.0
2024-08-06 14:30:00+09:00,680.0,683.0,680.0,683.0,7700,0.0,0.0
2024-08-06 14:35:00+09:00,683.0,683.0,683.0,683.0,1900,0.0,0.0
2024-08-06 14:40:00+09:00,684.0,686.0,684.0,686.0,2800,0.0,0.0
2024-08-06 14:45:00+09:00,685.0,685.0,682.0,683.0,9800,0.0,0.0
2024-08-06 14:50:00+09:00,683.0,685.0,683.0,683.0,4200,0.0,0.0
2024-08-06 14:55:00+09:00,683.0,685.0,682.0,684.0,4900,0.0,0.0
2024-08-07 09:00:00+09:00,675.0,676.0,669.0,669.0,21500,0.0,0.0
2024-08-07 09:05:00+09:00,668.0,676.0,668.0,672.0,6500,0.0,0.0
2024-08-07 09:10:00+09:00,672.0,675.0,670.0,671.0,5100,0.0,0.0
2024-08-07 09:15:00+09:00,670.0,670.0,669.0,669.0,5200,0.0,0.0
2024-08-07 09:20:00+09:00,669.0,675.0,669.0,675.0,3200,0.0,0.0
2024-08-07 09:25:00+09:00,676.0,678.0,675.0,677.0,4300,0.0,0.0
2024-08-07 09:30:00+09:00,677.0,677.0,673.0,675.0,5100,0.0,0.0
2024-08-07 09:35:00+09:00,676.0,678.0,674.0,678.0,5000,0.0,0.0
2024-08-07 09:40:00+09:00,678.0,679.0,677.0,679.0,2900,0.0,0.0
2024-08-07 09:45:00+09:00,680.0,685.0,680.0,685.0,11000,0.0,0.0
2024-08-07 09:50:00+09:00,685.0,685.0,681.0,681.0,3800,0.0,0.0
2024-08-07 09:55:00+09:00,681.0,682.0,680.0,681.0,6700,0.0,0.0
2024-08-07 10:00:00+09:00,681.0,682.0,679.0,682.0,7600,0.0,0.0
2024-08-07 10:05:00+09:00,681.0,681.0,680.0,680.0,1000,0.0,0.0
2024-08-07 10:10:00+09:00,680.0,680.0,679.0,680.0,1600,0.0,0.0
2024-08-07 10:15:00+09:00,681.0,682.0,681.0,682.0,3700,0.0,0.0
2024-08-07 10:20:00+09:00,683.0,686.0,683.0,685.0,3800,0.0,0.0
2024-08-07 10:25:00+09:00,685.0,686.0,685.0,685.0,1100,0.0,0.0
2024-08-07 10:30:00+09:00,685.0,687.0,684.0,687.0,5200,0.0,0.0
2024-08-07 10:35:00+09:00,688.0,690.0,687.0,689.0,2400,0.0,0.0
2024-08-07 10:40:00+09:00,689.0,693.0,689.0,692.0,4100,0.0,0.0
2024-08-07 10:45:00+09:00,694.0,697.0,694.0,696.0,6000,0.0,0.0
2024-08-07 10:50:00+09:00,696.0,698.0,696.0,698.0,4100,0.0,0.0
2024-08-07 10:55:00+09:00,697.0,697.0,696.0,697.0,2200,0.0,0.0
2024-08-07 11:00:00+09:00,697.0,698.0,692.0,694.0,13400,0.0,0.0
2024-08-07 11:05:00+09:00,695.0,697.0,694.0,697.0,3000,0.0,0.0
2024-08-07 11:10:00+09:00,698.0,698.0,696.0,697.0,2600,0.0,0.0
2024-08-07 11:15:00+09:00,695.0,696.0,695.0,696.0,1300,0.0,0.0
2024-08-07 11:20:00+09:00,695.0,698.0,695.0,698.0,2300,0.0,0.0
2024-08-07 11:25:00+09:00,698.0,698.0,697.0,697.0,1500,0.0,0.0
2024-08-07 11:30:00+09:00,698.0,698.0,698.0,698.0,2800,0.0,0.0
2024-08-07 11:35:00+09:00,698.0,698.0,698.0,698.0,0,0.0,0.0
2024-08-07 12:30:00+09:00,696.0,697.0,695.0,697.0,167100,0.0,0.0
2024-08-07 12:35:00+09:00,698.0,699.0,698.0,699.0,2700,0.0,0.0
2024-08-07 12:40:00+09:00,700.0,701.0,699.0,701.0,8600,0.0,0.0
2024-08-07 12:45:00+09:00,701.0,701.0,697.0,697.0,9500,0.0,0.0
2024-08-07 12:50:00+09:00,697.0,698.0,697.0,698.0,1300,0.0,0.0
2024-08-07 12:55:00+09:00,698.0,698.0,696.0,697.0,4900,0.0,0.0
2024-08-07 13:00:00+09:00,697.0,699.0,697.0,699.0,2600,0.0,0.0
2024-08-07 13:05:00+09:00,700.0,702.0,700.0,701.0,4200,0.0,0.0
2024-08-07 13:10:00+09:00,700.0,701.0,700.0,701.0,1300,0.0,0.0
2024-08-07 13:15:00+09:00,701.0,701.0,700.0,700.0,3500,0.0,0.0
2024-08-07 13:20:00+09:00,700.0,700.0,699.0,700.0,800,0.0,0.0
2024-08-07 13:25:00+09:00,700.0,704.0,700.0,704.0,4900,0.0,0.0
2024-08-07 13:30:00+09:00,704.0,704.0,703.0,704.0,2500,0.0,0.0
2024-08-07 13:35:00+09:00,704.0,705.0,704.0,705.0,600,0.0,0.0
2024-08-07 13:40:00+09:00,705.0,707.0,704.0,707.0,6400,0.0,0.0
2024-08-07 13:45:00+09:00,706.0,706.0,705.0,705.0,3100,0.0,0.0
2024-08-07 13:50:00+09:00,705.0,706.0,705.0,706.0,1700,0.0,0.0
2024-08-07 13:55:00+09:00,706.0,706.0,706.0,706.0,2400,0.0,0.0
2024-08-07 14:00:00+09:00,706.0,706.0,704.0,704.0,4000,0.0,0.0
2024-08-07 14:05:00+09:00,704.0,706.0,704.0,705.0,4400,0.0,0.0
2024-08-07 14:10:00+09:00,706.0,706.0,705.0,705.0,1900,0.0,0.0
2024-08-07 14:15:00+09:00,706.0,706.0,706.0,706.0,1700,0.0,0.0
2024-08-07 14:20:00+09:00,705.0,705.0,704.0,704.0,4300,0.0,0.0
2024-08-07 14:25:00+09:00,704.0,705.0,704.0,705.0,2500,0.0,0.0
2024-08-07 14:30:00+09:00,705.0,705.0,703.0,704.0,8400,0.0,0.0
2024-08-07 14:35:00+09:00,704.0,704.0,701.0,701.0,1800,0.0,0.0
2024-08-07 14:40:00+09:00,701.0,701.0,699.0,699.0,7900,0.0,0.0
2024-08-07 14:45:00+09:00,698.0,699.0,697.0,697.0,5100,0.0,0.0
2024-08-07 14:50:00+09:00,696.0,696.0,693.0,694.0,9400,0.0,0.0
2024-08-07 14:55:00+09:00,695.0,695.0,691.0,691.0,6300,0.0,0.0
2024-08-08 09:00:00+09:00,685.0,693.0,685.0,689.0,21100,0.0,0.0
2024-08-08 09:05:00+09:00,690.0,694.0,689.0,691.0,10000,0.0,0.0
2024-08-08 09:10:00+09:00,692.0,693.0,688.0,689.0,4200,0.0,0.0
2024-08-08 09:15:00+09:00,689.0,695.0,689.0,695.0,8200,0.0,0.0
2024-08-08 09:20:00+09:00,695.0,696.0,694.0,695.0,3500,0.0,0.0
2024-08-08 09:25:00+09:00,696.0,699.0,696.0,697.0,3100,0.0,0.0
2024-08-08 09:30:00+09:00,697.0,700.0,696.0,699.0,3800,0.0,0.0
2024-08-08 09:35:00+09:00,698.0,698.0,693.0,693.0,6900,0.0,0.0
2024-08-08 09:40:00+09:00,693.0,693.0,692.0,693.0,3700,0.0,0.0
2024-08-08 09:45:00+09:00,692.0,692.0,691.0,692.0,1100,0.0,0.0
2024-08-08 09:50:00+09:00,692.0,694.0,692.0,693.0,5100,0.0,0.0
2024-08-08 09:55:00+09:00,693.0,695.0,693.0,694.0,2100,0.0,0.0
2024-08-08 10:00:00+09:00,694.0,696.0,694.0,696.0,3900,0.0,0.0
2024-08-08 10:05:00+09:00,697.0,697.0,695.0,695.0,1000,0.0,0.0
2024-08-08 10:10:00+09:00,695.0,696.0,695.0,696.0,600,0.0,0.0
2024-08-08 10:15:00+09:00,696.0,697.0,696.0,696.0,2500,0.0,0.0
2024-08-08 10:20:00+09:00,696.0,696.0,695.0,696.0,700,0.0,0.0
2024-08-08 10:25:00+09:00,696.0,697.0,696.0,697.0,2000,0.0,0.0
2024-08-08 10:30:00+09:00,696.0,697.0,696.0,697.0,1100,0.0,0.0
2024-08-08 10:35:00+09:00,696.0,696.0,696.0,696.0,100,0.0,0.0
2024-08-08 10:40:00+09:00,695.0,695.0,694.0,694.0,2700,0.0,0.0
2024-08-08 10:45:00+09:00,693.0,693.0,692.0,692.0,600,0.0,0.0
2024-08-08 10:50:00+09:00,691.0,691.0,691.0,691.0,3300,0.0,0.0
2024-08-08 10:55:00+09:00,691.0,692.0,691.0,692.0,2300,0.0,0.0
2024-08-08 11:00:00+09:00,692.0,692.0,692.0,692.0,600,0.0,0.0
2024-08-08 11:05:00+09:00,692.0,692.0,692.0,692.0,200,0.0,0.0
2024-08-08 11:10:00+09:00,693.0,695.0,693.0,695.0,1500,0.0,0.0
2024-08-08 11:15:00+09:00,696.0,697.0,695.0,695.0,2300,0.0,0.0
2024-08-08 11:20:00+09:00,697.0,697.0,697.0,697.0,900,0.0,0.0
2024-08-08 11:25:00+09:00,698.0,698.0,695.0,695.0,1300,0.0,0.0
2024-08-08 11:30:00+09:00,694.0,694.0,694.0,694.0,3700,0.0,0.0
2024-08-08 11:35:00+09:00,694.0,694.0,694.0,694.0,0,0.0,0.0
2024-08-08 12:30:00+09:00,698.0,701.0,698.0,700.0,110700,0.0,0.0
2024-08-08 12:35:00+09:00,702.0,702.0,701.0,701.0,3800,0.0,0.0
2024-08-08 12:40:00+09:00,701.0,702.0,701.0,701.0,700,0.0,0.0
2024-08-08 12:45:00+09:00,700.0,700.0,699.0,699.0,2900,0.0,0.0
2024-08-08 12:50:00+09:00,699.0,700.0,696.0,696.0,2500,0.0,0.0
2024-08-08 12:55:00+09:00,696.0,696.0,695.0,696.0,2500,0.0,0.0
2024-08-08 13:00:00+09:00,696.0,696.0,693.0,693.0,3700,0.0,0.0
2024-08-08 13:05:00+09:00,693.0,695.0,693.0,693.0,1700,0.0,0.0
2024-08-08 13:10:00+09:00,694.0,694.0,693.0,693.0,1100,0.0,0.0
2024-08-08 13:15:00+09:00,694.0,694.0,694.0,694.0,900,0.0,0.0
2024-08-08 13:20:00+09:00,695.0,696.0,695.0,696.0,2400,0.0,0.0
2024-08-08 13:25:00+09:00,696.0,696.0,694.0,694.0,1000,0.0,0.0
2024-08-08 13:35:00+09:00,694.0,694.0,692.0,692.0,5200,0.0,0.0
2024-08-08 13:40:00+09:00,692.0,693.0,692.0,693.0,1100,0.0,0.0
2024-08-08 13:45:00+09:00,694.0,694.0,693.0,693.0,2300,0.0,0.0
2024-08-08 13:50:00+09:00,693.0,693.0,693.0,693.0,200,0.0,0.0
2024-08-08 13:55:00+09:00,694.0,694.0,693.0,693.0,2200,0.0,0.0
2024-08-08 14:00:00+09:00,693.0,694.0,693.0,694.0,1500,0.0,0.0
2024-08-08 14:05:00+09:00,693.0,693.0,693.0,693.0,1700,0.0,0.0
2024-08-08 14:10:00+09:00,693.0,693.0,693.0,693.0,900,0.0,0.0
2024-08-08 14:15:00+09:00,693.0,694.0,693.0,693.0,2500,0.0,0.0
2024-08-08 14:20:00+09:00,693.0,693.0,693.0,693.0,300,0.0,0.0
2024-08-08 14:25:00+09:00,694.0,694.0,693.0,693.0,7600,0.0,0.0
2024-08-08 14:30:00+09:00,694.0,696.0,694.0,694.0,4600,0.0,0.0
2024-08-08 14:35:00+09:00,694.0,694.0,692.0,692.0,1500,0.0,0.0
2024-08-08 14:40:00+09:00,692.0,692.0,690.0,691.0,3500,0.0,0.0
2024-08-08 14:45:00+09:00,691.0,691.0,691.0,691.0,500,0.0,0.0
2024-08-08 14:50:00+09:00,691.0,692.0,690.0,692.0,3800,0.0,0.0
2024-08-08 14:55:00+09:00,692.0,693.0,690.0,690.0,4100,0.0,0.0
2024-08-09 09:00:00+09:00,701.0,702.0,696.0,696.0,33300,0.0,0.0
2024-08-09 09:05:00+09:00,694.0,702.0,694.0,702.0,1600,0.0,0.0
2024-08-09 09:10:00+09:00,700.0,700.0,694.0,694.0,4600,0.0,0.0
2024-08-09 09:15:00+09:00,696.0,703.0,696.0,703.0,2300,0.0,0.0
2024-08-09 09:20:00+09:00,703.0,703.0,701.0,702.0,2200,0.0,0.0
2024-08-09 09:25:00+09:00,702.0,702.0,701.0,701.0,2400,0.0,0.0
2024-08-09 09:30:00+09:00,701.0,703.0,701.0,703.0,5800,0.0,0.0
2024-08-09 09:35:00+09:00,703.0,705.0,703.0,704.0,7500,0.0,0.0
2024-08-09 09:40:00+09:00,704.0,705.0,703.0,705.0,2500,0.0,0.0
2024-08-09 09:45:00+09:00,705.0,705.0,704.0,705.0,2900,0.0,0.0
2024-08-09 09:50:00+09:00,706.0,707.0,706.0,707.0,4800,0.0,0.0
2024-08-09 09:55:00+09:00,706.0,708.0,705.0,705.0,5500,0.0,0.0
2024-08-09 10:00:00+09:00,705.0,705.0,704.0,705.0,2700,0.0,0.0
2024-08-09 10:05:00+09:00,704.0,705.0,703.0,703.0,3900,0.0,0.0
2024-08-09 10:10:00+09:00,703.0,703.0,702.0,702.0,2800,0.0,0.0
2024-08-09 10:15:00+09:00,703.0,705.0,702.0,703.0,3300,0.0,0.0
2024-08-09 10:20:00+09:00,702.0,702.0,699.0,699.0,9100,0.0,0.0
2024-08-09 10:25:00+09:00,700.0,701.0,700.0,701.0,2100,0.0,0.0
2024-08-09 10:30:00+09:00,701.0,701.0,700.0,701.0,1600,0.0,0.0
2024-08-09 10:35:00+09:00,702.0,702.0,702.0,702.0,1000,0.0,0.0
2024-08-09 10:40:00+09:00,702.0,703.0,702.0,703.0,3400,0.0,0.0
2024-08-09 10:45:00+09:00,703.0,703.0,702.0,702.0,1000,0.0,0.0
2024-08-09 10:50:00+09:00,701.0,703.0,700.0,703.0,3300,0.0,0.0
2024-08-09 10:55:00+09:00,704.0,704.0,703.0,703.0,1800,0.0,0.0
2024-08-09 11:00:00+09:00,702.0,702.0,702.0,702.0,300,0.0,0.0
2024-08-09 11:05:00+09:00,703.0,703.0,701.0,701.0,2100,0.0,0.0
2024-08-09 11:10:00+09:00,701.0,701.0,700.0,700.0,500,0.0,0.0
2024-08-09 11:15:00+09:00,700.0,700.0,700.0,700.0,3200,0.0,0.0
2024-08-09 11:20:00+09:00,700.0,700.0,699.0,699.0,1300,0.0,0.0
2024-08-09 11:25:00+09:00,699.0,701.0,699.0,700.0,1400,0.0,0.0
2024-08-09 11:30:00+09:00,699.0,699.0,699.0,699.0,200,0.0,0.0
2024-08-09 11:35:00+09:00,699.0,699.0,699.0,699.0,0,0.0,0.0
2024-08-09 12:30:00+09:00,702.0,705.0,702.0,705.0,128000,0.0,0.0
2024-08-09 12:35:00+09:00,704.0,704.0,702.0,703.0,2200,0.0,0.0
2024-08-09 12:40:00+09:00,703.0,703.0,702.0,702.0,1800,0.0,0.0
2024-08-09 12:45:00+09:00,701.0,701.0,700.0,700.0,1700,0.0,0.0
2024-08-09 12:50:00+09:00,699.0,699.0,698.0,699.0,2300,0.0,0.0
2024-08-09 12:55:00+09:00,699.0,699.0,699.0,699.0,1000,0.0,0.0
2024-08-09 13:00:00+09:00,699.0,699.0,698.0,698.0,1500,0.0,0.0
2024-08-09 13:05:00+09:00,698.0,699.0,697.0,698.0,4500,0.0,0.0
2024-08-09 13:10:00+09:00,698.0,699.0,698.0,698.0,2500,0.0,0.0
2024-08-09 13:15:00+09:00,698.0,698.0,697.0,697.0,300,0.0,0.0
2024-08-09 13:20:00+09:00,697.0,697.0,696.0,696.0,4200,0.0,0.0
2024-08-09 13:25:00+09:00,695.0,695.0,694.0,694.0,1200,0.0,0.0
2024-08-09 13:30:00+09:00,694.0,694.0,693.0,694.0,6000,0.0,0.0
2024-08-09 13:35:00+09:00,694.0,694.0,694.0,694.0,1500,0.0,0.0
2024-08-09 13:40:00+09:00,693.0,693.0,692.0,692.0,1900,0.0,0.0
2024-08-09 13:45:00+09:00,693.0,693.0,692.0,693.0,1500,0.0,0.0
2024-08-09 13:50:00+09:00,692.0,693.0,692.0,692.0,1300,0.0,0.0
2024-08-09 13:55:00+09:00,692.0,692.0,690.0,690.0,5200,0.0,0.0
2024-08-09 14:00:00+09:00,691.0,691.0,690.0,690.0,2700,0.0,0.0
2024-08-09 14:05:00+09:00,691.0,693.0,691.0,693.0,2000,0.0,0.0
2024-08-09 14:10:00+09:00,694.0,697.0,694.0,697.0,4000,0.0,0.0
2024-08-09 14:15:00+09:00,697.0,698.0,697.0,698.0,4200,0.0,0.0
2024-08-09 14:20:00+09:00,698.0,698.0,697.0,698.0,2200,0.0,0.0
2024-08-09 14:25:00+09:00,698.0,701.0,698.0,701.0,3600,0.0,0.0
2024-08-09 14:30:00+09:00,701.0,704.0,701.0,703.0,5200,0.0,0.0
2024-08-09 14:35:00+09:00,704.0,704.0,701.0,701.0,2500,0.0,0.0
2024-08-09 14:40:00+09:00,700.0,701.0,700.0,701.0,2600,0.0,0.0
2024-08-09 14:45:00+09:00,702.0,702.0,700.0,701.0,2500,0.0,0.0
2024-08-09 14:50:00+09:00,701.0,701.0,699.0,700.0,4900,0.0,0.0
2024-08-09 14:55:00+09:00,700.0,702.0,699.0,699.0,8000,0.0,0.0
2024-08-13 09:00:00+09:00,703.0,703.0,700.0,700.0,23600,0.0,0.0
2024-08-13 09:05:00+09:00,700.0,701.0,699.0,701.0,9000,0.0,0.0
2024-08-13 09:10:00+09:00,701.0,701.0,698.0,698.0,2800,0.0,0.0
2024-08-13 09:15:00+09:00,698.0,698.0,696.0,697.0,13300,0.0,0.0
2024-08-13 09:20:00+09:00,697.0,698.0,695.0,696.0,5800,0.0,0.0
2024-08-13 09:25:00+09:00,697.0,697.0,696.0,697.0,4500,0.0,0.0
2024-08-13 09:30:00+09:00,697.0,697.0,696.0,696.0,1400,0.0,0.0
2024-08-13 09:35:00+09:00,696.0,697.0,696.0,696.0,3500,0.0,0.0
2024-08-13 09:40:00+09:00,696.0,699.0,696.0,699.0,8000,0.0,0.0
2024-08-13 09:45:00+09:00,699.0,703.0,699.0,700.0,12000,0.0,0.0
2024-08-13 09:50:00+09:00,699.0,699.0,698.0,699.0,2700,0.0,0.0
2024-08-13 09:55:00+09:00,700.0,700.0,699.0,699.0,2000,0.0,0.0
2024-08-13 10:00:00+09:00,699.0,700.0,699.0,700.0,1200,0.0,0.0
2024-08-13 10:05:00+09:00,698.0,699.0,698.0,698.0,1200,0.0,0.0
2024-08-13 10:10:00+09:00,698.0,699.0,697.0,699.0,4000,0.0,0.0
2024-08-13 10:15:00+09:00,699.0,701.0,699.0,700.0,2700,0.0,0.0
2024-08-13 10:20:00+09:00,700.0,700.0,699.0,699.0,900,0.0,0.0
2024-08-13 10:25:00+09:00,699.0,700.0,699.0,700.0,1000,0.0,0.0
2024-08-13 10:30:00+09:00,700.0,701.0,699.0,699.0,4100,0.0,0.0
2024-08-13 10:35:00+09:00,699.0,699.0,698.0,698.0,1200,0.0,0.0
2024-08-13 10:40:00+09:00,698.0,698.0,698.0,698.0,2000,0.0,0.0
2024-08-13 10:45:00+09:00,697.0,698.0,697.0,697.0,3400,0.0,0.0
2024-08-13 10:50:00+09:00,697.0,697.0,697.0,697.0,2100,0.0,0.0
2024-08-13 11:00:00+09:00,698.0,698.0,697.0,697.0,200,0.0,0.0
2024-08-13 11:05:00+09:00,697.0,697.0,697.0,697.0,1700,0.0,0.0
2024-08-13 11:10:00+09:00,697.0,697.0,697.0,697.0,3800,0.0,0.0
2024-08-13 11:15:00+09:00,697.0,697.0,697.0,697.0,100,0.0,0.0
2024-08-13 11:20:00+09:00,697.0,697.0,696.0,696.0,1600,0.0,0.0
2024-08-13 11:25:00+09:00,696.0,697.0,696.0,697.0,6600,0.0,0.0
2024-08-13 11:30:00+09:00,697.0,697.0,697.0,697.0,200,0.0,0.0
2024-08-13 11:35:00+09:00,697.0,697.0,697.0,697.0,0,0.0,0.0
2024-08-13 12:30:00+09:00,697.0,700.0,697.0,700.0,138300,0.0,0.0
2024-08-13 12:35:00+09:00,700.0,701.0,700.0,701.0,3000,0.0,0.0
2024-08-13 12:40:00+09:00,701.0,702.0,701.0,702.0,1200,0.0,0.0
2024-08-13 12:45:00+09:00,702.0,702.0,701.0,701.0,3900,0.0,0.0
2024-08-13 12:50:00+09:00,701.0,701.0,700.0,700.0,300,0.0,0.0
2024-08-13 12:55:00+09:00,700.0,701.0,700.0,701.0,400,0.0,0.0
2024-08-13 13:00:00+09:00,700.0,700.0,700.0,700.0,100,0.0,0.0
2024-08-13 13:05:00+09:00,701.0,701.0,699.0,699.0,3500,0.0,0.0
2024-08-13 13:10:00+09:00,699.0,699.0,699.0,699.0,2300,0.0,0.0
2024-08-13 13:15:00+09:00,698.0,698.0,698.0,698.0,800,0.0,0.0
2024-08-13 13:20:00+09:00,698.0,700.0,698.0,700.0,5300,0.0,0.0
2024-08-13 13:25:00+09:00,700.0,700.0,699.0,699.0,3300,0.0,0.0
2024-08-13 13:35:00+09:00,699.0,699.0,694.0,696.0,66600,0.0,0.0
2024-08-13 13:40:00+09:00,697.0,697.0,697.0,697.0,1400,0.0,0.0
2024-08-13 13:50:00+09:00,698.0,698.0,696.0,696.0,3600,0.0,0.0
2024-08-13 13:55:00+09:00,697.0,697.0,697.0,697.0,1600,0.0,0.0
2024-08-13 14:00:00+09:00,697.0,697.0,697.0,697.0,400,0.0,0.0
2024-08-13 14:05:00+09:00,696.0,696.0,696.0,696.0,100,0.0,0.0
2024-08-13 14:10:00+09:00,696.0,696.0,696.0,696.0,4200,0.0,0.0
2024-08-13 14:15:00+09:00,697.0,697.0,695.0,696.0,1500,0.0,0.0
2024-08-13 14:20:00+09:00,696.0,696.0,695.0,695.0,500,0.0,0.0
2024-08-13 14:25:00+09:00,695.0,697.0,695.0,697.0,5400,0.0,0.0
2024-08-13 14:30:00+09:00,697.0,697.0,697.0,697.0,1100,0.0,0.0
2024-08-13 14:35:00+09:00,696.0,696.0,696.0,696.0,1400,0.0,0.0
2024-08-13 14:40:00+09:00,696.0,697.0,696.0,697.0,3400,0.0,0.0
2024-08-13 14:45:00+09:00,697.0,697.0,696.0,697.0,1500,0.0,0.0
2024-08-13 14:50:00+09:00,697.0,697.0,697.0,697.0,2800,0.0,0.0
2024-08-13 14:55:00+09:00,696.0,699.0,696.0,697.0,5900,0.0,0.0
2024-08-14 09:00:00+09:00,704.0,708.0,703.0,708.0,21000,0.0,0.0
2024-08-14 09:05:00+09:00,707.0,708.0,703.0,706.0,12700,0.0,0.0
2024-08-14 09:10:00+09:00,707.0,707.0,706.0,707.0,3000,0.0,0.0
2024-08-14 09:15:00+09:00,707.0,708.0,706.0,707.0,2800,0.0,0.0
2024-08-14 09:20:00+09:00,707.0,709.0,707.0,708.0,3000,0.0,0.0
2024-08-14 09:25:00+09:00,708.0,708.0,707.0,707.0,800,0.0,0.0
2024-08-14 09:30:00+09:00,707.0,708.0,707.0,708.0,1700,0.0,0.0
2024-08-14 09:35:00+09:00,709.0,710.0,708.0,710.0,5000,0.0,0.0
2024-08-14 09:40:00+09:00,709.0,710.0,709.0,709.0,1000,0.0,0.0
2024-08-14 09:45:00+09:00,708.0,710.0,708.0,709.0,2700,0.0,0.0
2024-08-14 09:50:00+09:00,709.0,709.0,709.0,709.0,1600,0.0,0.0
2024-08-14 09:55:00+09:00,709.0,709.0,709.0,709.0,1400,0.0,0.0
2024-08-14 10:00:00+09:00,708.0,708.0,708.0,708.0,100,0.0,0.0
2024-08-14 10:10:00+09:00,709.0,709.0,708.0,708.0,1700,0.0,0.0
2024-08-14 10:15:00+09:00,708.0,708.0,706.0,707.0,2200,0.0,0.0
2024-08-14 10:20:00+09:00,708.0,708.0,707.0,707.0,500,0.0,0.0
2024-08-14 10:30:00+09:00,709.0,711.0,709.0,710.0,5800,0.0,0.0
2024-08-14 10:35:00+09:00,711.0,711.0,711.0,711.0,5100,0.0,0.0
2024-08-14 10:40:00+09:00,712.0,713.0,712.0,713.0,3000,0.0,0.0
2024-08-14 10:45:00+09:00,711.0,711.0,711.0,711.0,800,0.0,0.0
2024-08-14 10:55:00+09:00,711.0,713.0,711.0,713.0,3900,0.0,0.0
2024-08-14 11:00:00+09:00,714.0,714.0,712.0,712.0,2200,0.0,0.0
2024-08-14 11:05:00+09:00,711.0,711.0,710.0,711.0,2600,0.0,0.0
2024-08-14 11:10:00+09:00,711.0,711.0,708.0,708.0,3100,0.0,0.0
2024-08-14 11:15:00+09:00,708.0,709.0,708.0,708.0,1200,0.0,0.0
2024-08-14 11:20:00+09:00,708.0,708.0,707.0,707.0,1300,0.0,0.0
2024-08-14 11:25:00+09:00,706.0,707.0,706.0,707.0,1900,0.0,0.0
2024-08-14 11:30:00+09:00,707.0,707.0,707.0,707.0,100,0.0,0.0
2024-08-14 11:35:00+09:00,707.0,707.0,707.0,707.0,0,0.0,0.0
2024-08-14 12:30:00+09:00,709.0,709.0,708.0,709.0,93700,0.0,0.0
2024-08-14 12:35:00+09:00,709.0,710.0,709.0,710.0,1900,0.0,0.0
2024-08-14 12:40:00+09:00,710.0,710.0,709.0,709.0,300,0.0,0.0
2024-08-14 12:45:00+09:00,709.0,710.0,709.0,710.0,2900,0.0,0.0
2024-08-14 12:50:00+09:00,710.0,710.0,710.0,710.0,700,0.0,0.0
2024-08-14 12:55:00+09:00,710.0,710.0,708.0,708.0,6500,0.0,0.0
2024-08-14 13:00:00+09:00,709.0,709.0,709.0,709.0,1100,0.0,0.0
2024-08-14 13:05:00+09:00,708.0,708.0,708.0,708.0,400,0.0,0.0
2024-08-14 13:10:00+09:00,708.0,708.0,708.0,708.0,100,0.0,0.0
2024-08-14 13:15:00+09:00,707.0,707.0,707.0,707.0,100,0.0,0.0
2024-08-14 13:20:00+09:00,707.0,707.0,706.0,706.0,1700,0.0,0.0
2024-08-14 13:25:00+09:00,707.0,707.0,707.0,707.0,800,0.0,0.0
2024-08-14 13:30:00+09:00,708.0,708.0,708.0,708.0,600,0.0,0.0
2024-08-14 13:35:00+09:00,708.0,708.0,708.0,708.0,300,0.0,0.0
2024-08-14 13:40:00+09:00,709.0,709.0,708.0,708.0,500,0.0,0.0
2024-08-14 13:45:00+09:00,708.0,708.0,706.0,706.0,3000,0.0,0.0
2024-08-14 13:50:00+09:00,706.0,706.0,704.0,704.0,3700,0.0,0.0
2024-08-14 13:55:00+09:00,704.0,705.0,704.0,704.0,2000,0.0,0.0
2024-08-14 14:00:00+09:00,704.0,704.0,704.0,704.0,1300,0.0,0.0
2024-08-14 14:05:00+09:00,703.0,704.0,703.0,704.0,1200,0.0,0.0
2024-08-14 14:10:00+09:00,704.0,706.0,704.0,705.0,4200,0.0,0.0
2024-08-14 14:15:00+09:00,705.0,706.0,705.0,706.0,500,0.0,0.0
2024-08-14 14:20:00+09:00,706.0,706.0,704.0,704.0,4700,0.0,0.0
2024-08-14 14:25:00+09:00,705.0,705.0,705.0,705.0,500,0.0,0.0
2024-08-14 14:30:00+09:00,705.0,707.0,705.0,707.0,2300,0.0,0.0
2024-08-14 14:35:00+09:00,707.0,707.0,706.0,707.0,1800,0.0,0.0
2024-08-14 14:40:00+09:00,708.0,708.0,708.0,708.0,2600,0.0,0.0
2024-08-14 14:45:00+09:00,709.0,710.0,708.0,708.0,1400,0.0,0.0
2024-08-14 14:50:00+09:00,708.0,709.0,708.0,709.0,3000,0.0,0.0
2024-08-14 14:55:00+09:00,709.0,710.0,709.0,710.0,4000,0.0,0.0
2024-08-15 09:00:00+09:00,711.0,712.0,709.0,710.0,18700,0.0,0.0
2024-08-15 09:05:00+09:00,709.0,710.0,707.0,708.0,8500,0.0,0.0
2024-08-15 09:10:00+09:00,708.0,708.0,705.0,706.0,20600,0.0,0.0
2024-08-15 09:15:00+09:00,707.0,708.0,706.0,707.0,6500,0.0,0.0
2024-08-15 09:20:00+09:00,707.0,707.0,706.0,706.0,600,0.0,0.0
2024-08-15 09:25:00+09:00,706.0,707.0,706.0,707.0,4600,0.0,0.0
2024-08-15 09:30:00+09:00,707.0,707.0,707.0,707.0,500,0.0,0.0
2024-08-15 09:35:00+09:00,708.0,709.0,708.0,709.0,5100,0.0,0.0
2024-08-15 09:40:00+09:00,709.0,709.0,709.0,709.0,1200,0.0,0.0
2024-08-15 09:45:00+09:00,709.0,709.0,708.0,708.0,2000,0.0,0.0
2024-08-15 09:50:00+09:00,708.0,709.0,708.0,709.0,1500,0.0,0.0
2024-08-15 09:55:00+09:00,709.0,711.0,709.0,711.0,6700,0.0,0.0
2024-08-15 10:00:00+09:00,711.0,711.0,711.0,711.0,1000,0.0,0.0
2024-08-15 10:05:00+09:00,711.0,712.0,711.0,711.0,3700,0.0,0.0
2024-08-15 10:10:00+09:00,711.0,711.0,711.0,711.0,300,0.0,0.0
2024-08-15 10:15:00+09:00,712.0,712.0,712.0,712.0,600,0.0,0.0
2024-08-15 10:20:00+09:00,712.0,712.0,711.0,711.0,3400,0.0,0.0
2024-08-15 10:25:00+09:00,710.0,710.0,710.0,710.0,100,0.0,0.0
2024-08-15 10:30:00+09:00,710.0,711.0,710.0,711.0,800,0.0,0.0
2024-08-15 10:35:00+09:00,711.0,711.0,711.0,711.0,1100,0.0,0.0
2024-08-15 10:40:00+09:00,711.0,711.0,711.0,711.0,400,0.0,0.0
2024-08-15 10:45:00+09:00,712.0,712.0,712.0,712.0,100,0.0,0.0
2024-08-15 10:55:00+09:00,711.0,712.0,711.0,712.0,400,0.0,0.0
2024-08-15 11:00:00+09:00,711.0,711.0,711.0,711.0,300,0.0,0.0
2024-08-15 11:05:00+09:00,711.0,713.0,711.0,713.0,1700,0.0,0.0
2024-08-15 11:10:00+09:00,713.0,713.0,712.0,712.0,300,0.0,0.0
2024-08-15 11:15:00+09:00,712.0,715.0,712.0,715.0,6500,0.0,0.0
2024-08-15 11:20:00+09:00,714.0,714.0,714.0,714.0,200,0.0,0.0
2024-08-15 11:25:00+09:00,714.0,715.0,714.0,715.0,3600,0.0,0.0
2024-08-15 11:30:00+09:00,714.0,714.0,714.0,714.0,200,0.0,0.0
2024-08-15 11:35:00+09:00,714.0,714.0,714.0,714.0,0,0.0,0.0
2024-08-15 12:30:00+09:00,716.0,717.0,716.0,717.0,109500,0.0,0.0
2024-08-15 12:35:00+09:00,716.0,718.0,716.0,718.0,2400,0.0,0.0
2024-08-15 12:40:00+09:00,717.0,717.0,717.0,717.0,2400,0.0,0.0
2024-08-15 12:45:00+09:00,716.0,716.0,716.0,716.0,400,0.0,0.0
2024-08-15 12:50:00+09:00,716.0,716.0,716.0,716.0,1400,0.0,0.0
2024-08-15 12:55:00+09:00,716.0,716.0,715.0,715.0,2800,0.0,0.0
2024-08-15 13:00:00+09:00,716.0,716.0,716.0,716.0,500,0.0,0.0
2024-08-15 13:05:00+09:00,716.0,716.0,715.0,715.0,2200,0.0,0.0
2024-08-15 13:10:00+09:00,714.0,714.0,714.0,714.0,400,0.0,0.0
2024-08-15 13:15:00+09:00,714.0,714.0,714.0,714.0,100,0.0,0.0
2024-08-15 13:20:00+09:00,714.0,714.0,714.0,714.0,5500,0.0,0.0
2024-08-15 13:25:00+09:00,714.0,715.0,714.0,714.0,500,0.0,0.0
2024-08-15 13:30:00+09:00,715.0,715.0,715.0,715.0,800,0.0,0.0
2024-08-15 13:35:00+09:00,715.0,715.0,715.0,715.0,1200,0.0,0.0
2024-08-15 13:40:00+09:00,714.0,714.0,714.0,714.0,1500,0.0,0.0
2024-08-15 13:45:00+09:00,714.0,714.0,714.0,714.0,1000,0.0,0.0
2024-08-15 13:50:00+09:00,714.0,714.0,714.0,714.0,100,0.0,0.0
2024-08-15 13:55:00+09:00,714.0,714.0,714.0,714.0,300,0.0,0.0
2024-08-15 14:00:00+09:00,714.0,714.0,714.0,714.0,2000,0.0,0.0
2024-08-15 14:05:00+09:00,714.0,714.0,714.0,714.0,300,0.0,0.0
2024-08-15 14:10:00+09:00,714.0,714.0,713.0,714.0,2000,0.0,0.0
2024-08-15 14:15:00+09:00,714.0,714.0,714.0,714.0,200,0.0,0.0
2024-08-15 14:20:00+09:00,714.0,714.0,713.0,713.0,4700,0.0,0.0
2024-08-15 14:25:00+09:00,713.0,714.0,713.0,714.0,2600,0.0,0.0
2024-08-15 14:30:00+09:00,714.0,715.0,714.0,714.0,1400,0.0,0.0
2024-08-15 14:35:00+09:00,714.0,715.0,714.0,715.0,3400,0.0,0.0
2024-08-15 14:40:00+09:00,715.0,715.0,715.0,715.0,2300,0.0,0.0
2024-08-15 14:45:00+09:00,714.0,714.0,714.0,714.0,1800,0.0,0.0
2024-08-15 14:50:00+09:00,714.0,715.0,714.0,714.0,3400,0.0,0.0
2024-08-15 14:55:00+09:00,714.0,716.0,714.0,716.0,4000,0.0,0.0
2024-08-16 09:00:00+09:00,724.0,726.0,722.0,722.0,20100,0.0,0.0
2024-08-16 09:05:00+09:00,725.0,726.0,722.0,725.0,5700,0.0,0.0
2024-08-16 09:10:00+09:00,726.0,730.0,725.0,729.0,11600,0.0,0.0
2024-08-16 09:15:00+09:00,728.0,729.0,726.0,728.0,4500,0.0,0.0
2024-08-16 09:20:00+09:00,729.0,731.0,729.0,731.0,8000,0.0,0.0
2024-08-16 09:25:00+09:00,730.0,730.0,729.0,729.0,2200,0.0,0.0
2024-08-16 09:30:00+09:00,729.0,731.0,729.0,730.0,1500,0.0,0.0
2024-08-16 09:35:00+09:00,731.0,733.0,731.0,732.0,7800,0.0,0.0
2024-08-16 09:40:00+09:00,731.0,732.0,728.0,728.0,0,0.0,0.0
2024-08-16 09:45:00+09:00,727.0,728.0,726.0,726.0,68700,0.0,0.0
2024-08-16 09:50:00+09:00,726.0,728.0,726.0,728.0,1900,0.0,0.0
2024-08-16 09:55:00+09:00,729.0,731.0,729.0,730.0,6800,0.0,0.0
2024-08-16 10:00:00+09:00,731.0,732.0,730.0,730.0,3900,0.0,0.0
2024-08-16 10:05:00+09:00,731.0,731.0,730.0,730.0,1600,0.0,0.0
2024-08-16 10:10:00+09:00,730.0,730.0,728.0,728.0,1800,0.0,0.0
2024-08-16 10:15:00+09:00,728.0,729.0,728.0,729.0,2700,0.0,0.0
2024-08-16 10:20:00+09:00,729.0,729.0,727.0,727.0,10400,0.0,0.0
2024-08-16 10:25:00+09:00,727.0,727.0,725.0,726.0,11300,0.0,0.0
2024-08-16 10:30:00+09:00,725.0,728.0,725.0,728.0,1600,0.0,0.0
2024-08-16 10:35:00+09:00,729.0,729.0,729.0,729.0,200,0.0,0.0
2024-08-16 10:40:00+09:00,729.0,729.0,728.0,728.0,2600,0.0,0.0
2024-08-16 10:45:00+09:00,729.0,729.0,729.0,729.0,1100,0.0,0.0
2024-08-16 10:55:00+09:00,729.0,729.0,729.0,729.0,1900,0.0,0.0
2024-08-16 11:00:00+09:00,729.0,730.0,729.0,730.0,300,0.0,0.0
2024-08-16 11:05:00+09:00,729.0,729.0,729.0,729.0,1200,0.0,0.0
2024-08-16 11:10:00+09:00,729.0,729.0,729.0,729.0,200,0.0,0.0
2024-08-16 11:15:00+09:00,729.0,730.0,729.0,729.0,700,0.0,0.0
2024-08-16 11:20:00+09:00,729.0,729.0,729.0,729.0,900,0.0,0.0
2024-08-16 11:25:00+09:00,728.0,728.0,728.0,728.0,3000,0.0,0.0
2024-08-16 11:30:00+09:00,728.0,728.0,728.0,728.0,400,0.0,0.0
2024-08-16 11:35:00+09:00,728.0,728.0,728.0,728.0,0,0.0,0.0
2024-08-16 12:30:00+09:00,728.0,728.0,728.0,728.0,127400,0.0,0.0
2024-08-16 12:35:00+09:00,728.0,728.0,728.0,728.0,800,0.0,0.0
2024-08-16 12:40:00+09:00,728.0,728.0,728.0,728.0,700,0.0,0.0
2024-08-16 12:45:00+09:00,728.0,728.0,728.0,728.0,500,0.0,0.0
2024-08-16 12:50:00+09:00,729.0,729.0,729.0,729.0,400,0.0,0.0
2024-08-16 12:55:00+09:00,729.0,729.0,729.0,729.0,600,0.0,0.0
2024-08-16 13:00:00+09:00,729.0,729.0,729.0,729.0,800,0.0,0.0
2024-08-16 13:05:00+09:00,729.0,729.0,729.0,729.0,1100,0.0,0.0
2024-08-16 13:10:00+09:00,729.0,729.0,728.0,729.0,4100,0.0,0.0
2024-08-16 13:15:00+09:00,728.0,728.0,728.0,728.0,100,0.0,0.0
2024-08-16 13:20:00+09:00,729.0,729.0,729.0,729.0,1800,0.0,0.0
2024-08-16 13:25:00+09:00,729.0,729.0,728.0,728.0,2000,0.0,0.0
2024-08-16 13:30:00+09:00,728.0,728.0,728.0,728.0,1600,0.0,0.0
2024-08-16 13:35:00+09:00,728.0,728.0,727.0,727.0,3400,0.0,0.0
2024-08-16 13:40:00+09:00,727.0,728.0,727.0,727.0,600,0.0,0.0
2024-08-16 13:45:00+09:00,727.0,727.0,727.0,727.0,800,0.0,0.0
2024-08-16 13:50:00+09:00,727.0,727.0,727.0,727.0,500,0.0,0.0
2024-08-16 14:00:00+09:00,727.0,727.0,727.0,727.0,2400,0.0,0.0
2024-08-16 14:05:00+09:00,728.0,728.0,727.0,727.0,500,0.0,0.0
2024-08-16 14:10:00+09:00,728.0,728.0,728.0,728.0,1500,0.0,0.0
2024-08-16 14:15:00+09:00,728.0,728.0,728.0,728.0,900,0.0,0.0
2024-08-16 14:20:00+09:00,728.0,728.0,725.0,725.0,24300,0.0,0.0
2024-08-16 14:30:00+09:00,726.0,727.0,726.0,727.0,600,0.0,0.0
2024-08-16 14:35:00+09:00,727.0,727.0,727.0,727.0,1000,0.0,0.0
2024-08-16 14:40:00+09:00,727.0,727.0,726.0,726.0,4600,0.0,0.0
2024-08-16 14:45:00+09:00,726.0,726.0,725.0,726.0,1100,0.0,0.0
2024-08-16 14:50:00+09:00,726.0,727.0,726.0,726.0,600,0.0,0.0
2024-08-16 14:55:00+09:00,726.0,728.0,726.0,728.0,1800,0.0,0.0
