Datetime,Open,High,Low,Close,Volume,Dividends,Stock Splits
2024-07-15 09:30:00-04:00,1.6399999856948853,1.6399999856948853,1.6399999856948853,1.6399999856948853,420,0.0,0.0
2024-07-15 09:39:00-04:00,1.690000057220459,1.690000057220459,1.690000057220459,1.690000057220459,0,0.0,0.0
2024-07-15 09:41:00-04:00,1.649999976158142,1.649999976158142,1.649999976158142,1.649999976158142,1022,0.0,0.0
2024-07-15 09:42:00-04:00,1.659999966621399,1.659999966621399,1.649999976158142,1.649999976158142,700,0.0,0.0
2024-07-15 09:47:00-04:00,1.649999976158142,1.6996999979019165,1.649999976158142,1.6996999979019165,447,0.0,0.0
2024-07-15 09:48:00-04:00,1.6100000143051147,1.6100000143051147,1.6100000143051147,1.6100000143051147,189,0.0,0.0
2024-07-15 09:55:00-04:00,1.625,1.7000000476837158,1.625,1.7000000476837158,2806,0.0,0.0
2024-07-15 09:57:00-04:00,1.7000000476837158,1.7000000476837158,1.7000000476837158,1.7000000476837158,2199,0.0,0.0
2024-07-15 09:58:00-04:00,1.649999976158142,1.659999966621399,1.649999976158142,1.649999976158142,841,0.0,0.0
2024-07-15 10:00:00-04:00,1.6449999809265137,1.6449999809265137,1.6449999809265137,1.6449999809265137,246,0.0,0.0
2024-07-15 10:01:00-04:00,1.649999976158142,1.649999976158142,1.649999976158142,1.649999976158142,202,0.0,0.0
2024-07-15 10:02:00-04:00,1.649999976158142,1.649999976158142,1.6100000143051147,1.6100000143051147,636,0.0,0.0
2024-07-15 10:03:00-04:00,1.649999976158142,1.649999976158142,1.649999976158142,1.649999976158142,316,0.0,0.0
2024-07-15 10:04:00-04:00,1.6549999713897705,1.6549999713897705,1.6549999713897705,1.6549999713897705,100,0.0,0.0
2024-07-15 10:05:00-04:00,1.6449999809265137,1.6449999809265137,1.6449999809265137,1.6449999809265137,100,0.0,0.0
2024-07-15 10:06:00-04:00,1.6399999856948853,1.6399999856948853,1.6399999856948853,1.6399999856948853,100,0.0,0.0
2024-07-15 10:08:00-04:00,1.6349999904632568,1.6349999904632568,1.6349999904632568,1.6349999904632568,100,0.0,0.0
2024-07-15 10:10:00-04:00,1.6349999904632568,1.6349999904632568,1.6349999904632568,1.6349999904632568,100,0.0,0.0
2024-07-15 10:12:00-04:00,1.6349999904632568,1.6349999904632568,1.6349999904632568,1.6349999904632568,100,0.0,0.0
2024-07-15 10:15:00-04:00,1.6299999952316284,1.6299999952316284,1.6299999952316284,1.6299999952316284,100,0.0,0.0
2024-07-15 10:17:00-04:00,1.6299999952316284,1.6299999952316284,1.6299999952316284,1.6299999952316284,100,0.0,0.0
2024-07-15 10:18:00-04:00,1.6200000047683716,1.6399999856948853,1.6200000047683716,1.6399999856948853,296,0.0,0.0
2024-07-15 10:22:00-04:00,1.6399999856948853,1.649999976158142,1.6399999856948853,1.649999976158142,502,0.0,0.0
2024-07-15 10:23:00-04:00,1.659999966621399,1.659999966621399,1.659999966621399,1.659999966621399,104,0.0,0.0
2024-07-15 10:25:00-04:00,1.659999966621399,1.659999966621399,1.659999966621399,1.659999966621399,100,0.0,0.0
2024-07-15 10:26:00-04:00,1.6799999475479126,1.6799999475479126,1.6799999475479126,1.6799999475479126,1000,0.0,0.0
2024-07-15 10:27:00-04:00,1.7200000286102295,1.7200000286102295,1.7200000286102295,1.7200000286102295,100,0.0,0.0
2024-07-15 10:28:00-04:00,1.7100000381469727,1.7100000381469727,1.7000000476837158,1.7000000476837158,500,0.0,0.0
2024-07-15 10:29:00-04:00,1.7000000476837158,1.7000000476837158,1.7000000476837158,1.7000000476837158,100,0.0,0.0
2024-07-15 10:30:00-04:00,1.7000000476837158,1.7000000476837158,1.7000000476837158,1.7000000476837158,956,0.0,0.0
2024-07-15 10:31:00-04:00,1.7000000476837158,1.7000000476837158,1.7000000476837158,1.7000000476837158,404,0.0,0.0
2024-07-15 10:34:00-04:00,1.6799999475479126,1.6799999475479126,1.6799999475479126,1.6799999475479126,455,0.0,0.0
2024-07-15 10:36:00-04:00,1.659999966621399,1.659999966621399,1.659999966621399,1.659999966621399,143,0.0,0.0
2024-07-15 10:40:00-04:00,1.649999976158142,1.649999976158142,1.649999976158142,1.649999976158142,405,0.0,0.0
2024-07-15 10:52:00-04:00,1.6699999570846558,1.6699999570846558,1.659999966621399,1.659999966621399,500,0.0,0.0
2024-07-15 10:53:00-04:00,1.6699999570846558,1.6699999570846558,1.6699999570846558,1.6699999570846558,308,0.0,0.0
2024-07-15 11:01:00-04:00,1.6699999570846558,1.6699999570846558,1.6699999570846558,1.6699999570846558,1000,0.0,0.0
2024-07-15 11:04:00-04:00,1.659999966621399,1.659999966621399,1.659999966621399,1.659999966621399,698,0.0,0.0
2024-07-15 11:07:00-04:00,1.659999966621399,1.659999966621399,1.659999966621399,1.659999966621399,698,0.0,0.0
2024-07-15 11:08:00-04:00,1.649999976158142,1.649999976158142,1.649999976158142,1.649999976158142,300,0.0,0.0
2024-07-15 11:16:00-04:00,1.649999976158142,1.649999976158142,1.649999976158142,1.649999976158142,1524,0.0,0.0
2024-07-15 11:24:00-04:00,1.649999976158142,1.649999976158142,1.649999976158142,1.649999976158142,300,0.0,0.0
2024-07-15 11:27:00-04:00,1.649999976158142,1.659999966621399,1.649999976158142,1.649999976158142,4430,0.0,0.0
2024-07-15 11:28:00-04:00,1.625,1.625,1.625,1.625,196,0.0,0.0
2024-07-15 11:29:00-04:00,1.625,1.625,1.625,1.625,184,0.0,0.0
2024-07-15 11:30:00-04:00,1.6200000047683716,1.6200000047683716,1.6200000047683716,1.6200000047683716,424,0.0,0.0
2024-07-15 11:32:00-04:00,1.590000033378601,1.590000033378601,1.590000033378601,1.590000033378601,114,0.0,0.0
2024-07-15 11:33:00-04:00,1.5888999700546265,1.590000033378601,1.5884000062942505,1.590000033378601,1235,0.0,0.0
2024-07-15 11:34:00-04:00,1.5499999523162842,1.5850000381469727,1.5499999523162842,1.5850000381469727,895,0.0,0.0
2024-07-15 11:36:00-04:00,1.5499999523162842,1.5499999523162842,1.5499999523162842,1.5499999523162842,220,0.0,0.0
2024-07-15 11:40:00-04:00,1.600000023841858,1.6100000143051147,1.600000023841858,1.6100000143051147,490,0.0,0.0
2024-07-15 11:42:00-04:00,1.6399999856948853,1.6399999856948853,1.6399999856948853,1.6399999856948853,506,0.0,0.0
2024-07-15 11:43:00-04:00,1.6301000118255615,1.659999966621399,1.6200000047683716,1.6200000047683716,2102,0.0,0.0
2024-07-15 11:46:00-04:00,1.6299999952316284,1.6299999952316284,1.6200000047683716,1.6200000047683716,300,0.0,0.0
2024-07-15 11:47:00-04:00,1.6200000047683716,1.6200000047683716,1.600000023841858,1.6200000047683716,1398,0.0,0.0
2024-07-15 11:50:00-04:00,1.6200000047683716,1.6200000047683716,1.600000023841858,1.600000023841858,2159,0.0,0.0
2024-07-15 11:53:00-04:00,1.6200000047683716,1.6200000047683716,1.600000023841858,1.600000023841858,1516,0.0,0.0
2024-07-15 11:54:00-04:00,1.659999966621399,1.659999966621399,1.6100000143051147,1.6100000143051147,300,0.0,0.0
2024-07-15 11:55:00-04:00,1.6100000143051147,1.6100000143051147,1.559999942779541,1.559999942779541,6060,0.0,0.0
2024-07-15 12:01:00-04:00,1.5800000429153442,1.5800000429153442,1.5800000429153442,1.5800000429153442,521,0.0,0.0
2024-07-15 12:02:00-04:00,1.5800000429153442,1.600000023841858,1.5800000429153442,1.600000023841858,1235,0.0,0.0
2024-07-15 12:05:00-04:00,1.5800000429153442,1.5800000429153442,1.5800000429153442,1.5800000429153442,0,0.0,0.0
2024-07-15 12:08:00-04:00,1.590000033378601,1.6100000143051147,1.590000033378601,1.6100000143051147,48034,0.0,0.0
2024-07-15 12:12:00-04:00,1.565000057220459,1.565000057220459,1.565000057220459,1.565000057220459,102,0.0,0.0
2024-07-15 12:30:00-04:00,1.5700000524520874,1.5700000524520874,1.5700000524520874,1.5700000524520874,179,0.0,0.0
2024-07-15 12:33:00-04:00,1.590000033378601,1.590000033378601,1.5800000429153442,1.5800000429153442,951,0.0,0.0
2024-07-15 12:34:00-04:00,1.600000023841858,1.600000023841858,1.590000033378601,1.600000023841858,2106,0.0,0.0
2024-07-15 12:36:00-04:00,1.5299999713897705,1.5299999713897705,1.5299999713897705,1.5299999713897705,101,0.0,0.0
2024-07-15 12:42:00-04:00,1.5299999713897705,1.5299999713897705,1.5299999713897705,1.5299999713897705,100,0.0,0.0
2024-07-15 12:44:00-04:00,1.590000033378601,1.649899959564209,1.590000033378601,1.649899959564209,2617,0.0,0.0
2024-07-15 12:45:00-04:00,1.649899959564209,1.649999976158142,1.6473000049591064,1.649999976158142,4300,0.0,0.0
2024-07-15 12:53:00-04:00,1.6299999952316284,1.6299999952316284,1.6299999952316284,1.6299999952316284,459,0.0,0.0
2024-07-15 13:11:00-04:00,1.6399999856948853,1.6399999856948853,1.6399999856948853,1.6399999856948853,706,0.0,0.0
2024-07-15 13:23:00-04:00,1.6399999856948853,1.6399999856948853,1.6399999856948853,1.6399999856948853,233,0.0,0.0
2024-07-15 13:24:00-04:00,1.6399999856948853,1.6399999856948853,1.6399999856948853,1.6399999856948853,532,0.0,0.0
2024-07-15 13:34:00-04:00,1.6198999881744385,1.649999976158142,1.61899995803833,1.649999976158142,720,0.0,0.0
2024-07-15 13:43:00-04:00,1.5399999618530273,1.6200000047683716,1.5399999618530273,1.6191999912261963,1915,0.0,0.0
2024-07-15 13:44:00-04:00,1.6299999952316284,1.6299999952316284,1.6299999952316284,1.6299999952316284,1206,0.0,0.0
2024-07-15 13:46:00-04:00,1.6299999952316284,1.6299999952316284,1.6299999952316284,1.6299999952316284,182,0.0,0.0
2024-07-15 13:47:00-04:00,1.600000023841858,1.6200000047683716,1.600000023841858,1.6100000143051147,2074,0.0,0.0
2024-07-15 13:48:00-04:00,1.625,1.629699945449829,1.6100000143051147,1.629699945449829,1541,0.0,0.0
2024-07-15 13:49:00-04:00,1.649999976158142,1.649999976158142,1.649999976158142,1.649999976158142,1271,0.0,0.0
2024-07-15 14:21:00-04:00,1.639299988746643,1.6399999856948853,1.6299999952316284,1.6399999856948853,1512,0.0,0.0
2024-07-15 14:28:00-04:00,1.649999976158142,1.649999976158142,1.649999976158142,1.649999976158142,1004,0.0,0.0
2024-07-15 14:38:00-04:00,1.649999976158142,1.649999976158142,1.649999976158142,1.649999976158142,600,0.0,0.0
2024-07-15 14:39:00-04:00,1.649999976158142,1.649999976158142,1.649999976158142,1.649999976158142,777,0.0,0.0
2024-07-15 14:40:00-04:00,1.649999976158142,1.649999976158142,1.649999976158142,1.649999976158142,104,0.0,0.0
2024-07-15 14:44:00-04:00,1.649999976158142,1.649999976158142,1.649999976158142,1.649999976158142,319,0.0,0.0
2024-07-15 14:51:00-04:00,1.6699999570846558,1.6699999570846558,1.6699999570846558,1.6699999570846558,116,0.0,0.0
2024-07-15 14:52:00-04:00,1.7009999752044678,1.7009999752044678,1.7000000476837158,1.7000000476837158,308,0.0,0.0
2024-07-15 14:54:00-04:00,1.7200000286102295,1.7201000452041626,1.6699999570846558,1.6699999570846558,2485,0.0,0.0
2024-07-15 14:55:00-04:00,1.6799999475479126,1.6799999475479126,1.649999976158142,1.6699999570846558,3911,0.0,0.0
2024-07-15 14:56:00-04:00,1.6699999570846558,1.7450000047683716,1.6699999570846558,1.7450000047683716,2200,0.0,0.0
2024-07-15 14:57:00-04:00,1.6699999570846558,1.7549999952316284,1.6399999856948853,1.6500999927520752,4603,0.0,0.0
2024-07-15 15:03:00-04:00,1.7000000476837158,1.7000000476837158,1.7000000476837158,1.7000000476837158,300,0.0,0.0
2024-07-15 15:04:00-04:00,1.690000057220459,1.690000057220459,1.6699999570846558,1.6699999570846558,437,0.0,0.0
2024-07-15 15:05:00-04:00,1.6699999570846558,1.6799999475479126,1.6699999570846558,1.6799999475479126,2197,0.0,0.0
2024-07-15 15:06:00-04:00,1.6799999475479126,1.7200000286102295,1.6399999856948853,1.7200000286102295,1423,0.0,0.0
2024-07-15 15:07:00-04:00,1.7200000286102295,1.7200000286102295,1.7200000286102295,1.7200000286102295,408,0.0,0.0
2024-07-15 15:15:00-04:00,1.6900999546051025,1.746000051498413,1.690000057220459,1.746000051498413,1218,0.0,0.0
2024-07-15 15:16:00-04:00,1.690000057220459,1.690000057220459,1.659999966621399,1.6700999736785889,1713,0.0,0.0
2024-07-15 15:21:00-04:00,1.6699999570846558,1.6881999969482422,1.649999976158142,1.649999976158142,2054,0.0,0.0
2024-07-15 15:24:00-04:00,1.690000057220459,1.690000057220459,1.690000057220459,1.690000057220459,202,0.0,0.0
2024-07-15 15:25:00-04:00,1.6799999475479126,1.6799999475479126,1.6799999475479126,1.6799999475479126,820,0.0,0.0
2024-07-15 15:30:00-04:00,1.6950000524520874,1.6950000524520874,1.6950000524520874,1.6950000524520874,397,0.0,0.0
2024-07-15 15:43:00-04:00,1.7100000381469727,1.7200000286102295,1.7100000381469727,1.7200000286102295,2316,0.0,0.0
2024-07-15 15:53:00-04:00,1.6699999570846558,1.6699999570846558,1.6699999570846558,1.6699999570846558,100,0.0,0.0
2024-07-15 15:54:00-04:00,1.690000057220459,1.7000000476837158,1.690000057220459,1.7000000476837158,200,0.0,0.0
2024-07-15 15:55:00-04:00,1.7400000095367432,1.7400000095367432,1.7400000095367432,1.7400000095367432,784,0.0,0.0
2024-07-16 09:30:00-04:00,1.6399999856948853,1.690000057220459,1.6399999856948853,1.690000057220459,782,0.0,0.0
2024-07-16 09:31:00-04:00,1.6100000143051147,1.659999966621399,1.6100000143051147,1.659999966621399,750,0.0,0.0
2024-07-16 09:35:00-04:00,1.6480000019073486,1.649999976158142,1.6480000019073486,1.649999976158142,800,0.0,0.0
2024-07-16 09:36:00-04:00,1.659999966621399,1.659999966621399,1.659999966621399,1.659999966621399,251,0.0,0.0
2024-07-16 09:38:00-04:00,1.6699999570846558,1.6699999570846558,1.6699999570846558,1.6699999570846558,500,0.0,0.0
2024-07-16 09:41:00-04:00,1.625,1.625,1.625,1.625,100,0.0,0.0
2024-07-16 09:42:00-04:00,1.6699999570846558,1.6699999570846558,1.6699999570846558,1.6699999570846558,100,0.0,0.0
2024-07-16 09:45:00-04:00,1.659999966621399,1.659999966621399,1.659999966621399,1.659999966621399,100,0.0,0.0
2024-07-16 09:47:00-04:00,1.659999966621399,1.659999966621399,1.659999966621399,1.659999966621399,106,0.0,0.0
2024-07-16 09:49:00-04:00,1.6449999809265137,1.659999966621399,1.6449999809265137,1.6549999713897705,601,0.0,0.0
2024-07-16 09:50:00-04:00,1.6299999952316284,1.6299999952316284,1.6299999952316284,1.6299999952316284,103,0.0,0.0
2024-07-16 09:53:00-04:00,1.6698999404907227,1.6699999570846558,1.649999976158142,1.6699999570846558,705,0.0,0.0
2024-07-16 09:58:00-04:00,1.6699999570846558,1.6699999570846558,1.6699999570846558,1.6699999570846558,5698,0.0,0.0
2024-07-16 10:03:00-04:00,1.6699999570846558,1.6699999570846558,1.6699999570846558,1.6699999570846558,100,0.0,0.0
2024-07-16 10:04:00-04:00,1.7000000476837158,1.7100000381469727,1.7000000476837158,1.7100000381469727,306,0.0,0.0
2024-07-16 10:05:00-04:00,1.7699999809265137,1.7699999809265137,1.7000000476837158,1.7200000286102295,1000,0.0,0.0
2024-07-16 10:06:00-04:00,1.6799999475479126,1.6799999475479126,1.6799999475479126,1.6799999475479126,350,0.0,0.0
2024-07-16 10:08:00-04:00,1.690000057220459,1.690000057220459,1.690000057220459,1.690000057220459,250,0.0,0.0
2024-07-16 10:10:00-04:00,1.7020000219345093,1.7020000219345093,1.659999966621399,1.659999966621399,1614,0.0,0.0
2024-07-16 10:11:00-04:00,1.659999966621399,1.659999966621399,1.649999976158142,1.659999966621399,441,0.0,0.0
2024-07-16 10:12:00-04:00,1.6699999570846558,1.6699999570846558,1.6699999570846558,1.6699999570846558,100,0.0,0.0
2024-07-16 10:16:00-04:00,1.6699999570846558,1.6699999570846558,1.6699999570846558,1.6699999570846558,200,0.0,0.0
2024-07-16 10:18:00-04:00,1.6299999952316284,1.6299999952316284,1.6299999952316284,1.6299999952316284,100,0.0,0.0
2024-07-16 10:20:00-04:00,1.6549999713897705,1.6549999713897705,1.6549999713897705,1.6549999713897705,100,0.0,0.0
2024-07-16 10:21:00-04:00,1.6449999809265137,1.659999966621399,1.6449999809265137,1.659999966621399,800,0.0,0.0
2024-07-16 10:26:00-04:00,1.6679999828338623,1.6699999570846558,1.6679999828338623,1.6699999570846558,664,0.0,0.0
2024-07-16 10:31:00-04:00,1.6699999570846558,1.6699999570846558,1.6699999570846558,1.6699999570846558,300,0.0,0.0
2024-07-16 10:38:00-04:00,1.6699999570846558,1.6699999570846558,1.6699999570846558,1.6699999570846558,300,0.0,0.0
2024-07-16 10:44:00-04:00,1.6399999856948853,1.6399999856948853,1.6399999856948853,1.6399999856948853,119,0.0,0.0
2024-07-16 10:48:00-04:00,1.6699999570846558,1.6699999570846558,1.6699999570846558,1.6699999570846558,100,0.0,0.0
2024-07-16 10:49:00-04:00,1.6399999856948853,1.6399999856948853,1.6399999856948853,1.6399999856948853,100,0.0,0.0
2024-07-16 10:50:00-04:00,1.677299976348877,1.677299976348877,1.677299976348877,1.677299976348877,1077,0.0,0.0
2024-07-16 10:52:00-04:00,1.6799999475479126,1.6799999475479126,1.6799999475479126,1.6799999475479126,100,0.0,0.0
2024-07-16 10:56:00-04:00,1.6799999475479126,1.6799999475479126,1.6799999475479126,1.6799999475479126,314,0.0,0.0
2024-07-16 10:58:00-04:00,1.690000057220459,1.690000057220459,1.690000057220459,1.690000057220459,300,0.0,0.0
2024-07-16 10:59:00-04:00,1.690000057220459,1.7100000381469727,1.690000057220459,1.7100000381469727,212,0.0,0.0
2024-07-16 11:05:00-04:00,1.659999966621399,1.659999966621399,1.659999966621399,1.659999966621399,558,0.0,0.0
2024-07-16 11:06:00-04:00,1.690000057220459,1.690000057220459,1.690000057220459,1.690000057220459,1063,0.0,0.0
2024-07-16 11:10:00-04:00,1.6799999475479126,1.690000057220459,1.6749999523162842,1.6749999523162842,1263,0.0,0.0
2024-07-16 11:12:00-04:00,1.6749999523162842,1.6749999523162842,1.6749999523162842,1.6749999523162842,100,0.0,0.0
2024-07-16 11:13:00-04:00,1.6799999475479126,1.6892999410629272,1.6799999475479126,1.6892999410629272,1600,0.0,0.0
2024-07-16 11:14:00-04:00,1.6799999475479126,1.6799999475479126,1.6799999475479126,1.6799999475479126,524,0.0,0.0
2024-07-16 11:15:00-04:00,1.690000057220459,1.690000057220459,1.690000057220459,1.690000057220459,100,0.0,0.0
2024-07-16 11:16:00-04:00,1.7000000476837158,1.7100000381469727,1.7000000476837158,1.7000000476837158,2000,0.0,0.0
2024-07-16 11:17:00-04:00,1.7100000381469727,1.7200000286102295,1.7100000381469727,1.7200000286102295,200,0.0,0.0
2024-07-16 11:18:00-04:00,1.7200000286102295,1.7200000286102295,1.7200000286102295,1.7200000286102295,205,0.0,0.0
2024-07-16 11:20:00-04:00,1.7200000286102295,1.7200000286102295,1.7100000381469727,1.7100000381469727,261,0.0,0.0
2024-07-16 11:21:00-04:00,1.7100000381469727,1.7101000547409058,1.7100000381469727,1.7100000381469727,1450,0.0,0.0
2024-07-16 11:22:00-04:00,1.704200029373169,1.7350000143051147,1.7000000476837158,1.7000000476837158,1003,0.0,0.0
2024-07-16 11:24:00-04:00,1.7300000190734863,1.7699999809265137,1.7300000190734863,1.7699999809265137,600,0.0,0.0
2024-07-16 11:26:00-04:00,1.7100000381469727,1.7100000381469727,1.7000000476837158,1.7000000476837158,712,0.0,0.0
2024-07-16 11:28:00-04:00,1.7000000476837158,1.7000000476837158,1.7000000476837158,1.7000000476837158,963,0.0,0.0
2024-07-16 11:29:00-04:00,1.6799999475479126,1.6799999475479126,1.6799999475479126,1.6799999475479126,302,0.0,0.0
2024-07-16 11:31:00-04:00,1.690000057220459,1.690000057220459,1.690000057220459,1.690000057220459,301,0.0,0.0
2024-07-16 11:33:00-04:00,1.659999966621399,1.659999966621399,1.659999966621399,1.659999966621399,419,0.0,0.0
2024-07-16 11:34:00-04:00,1.690000057220459,1.690000057220459,1.690000057220459,1.690000057220459,1263,0.0,0.0
2024-07-16 11:35:00-04:00,1.690000057220459,1.690000057220459,1.659999966621399,1.659999966621399,500,0.0,0.0
2024-07-16 11:36:00-04:00,1.659999966621399,1.6799999475479126,1.659999966621399,1.6799999475479126,300,0.0,0.0
2024-07-16 11:37:00-04:00,1.6799999475479126,1.690000057220459,1.6699999570846558,1.6699999570846558,1888,0.0,0.0
2024-07-16 11:40:00-04:00,1.6699999570846558,1.6699999570846558,1.6699999570846558,1.6699999570846558,363,0.0,0.0
2024-07-16 11:41:00-04:00,1.6699999570846558,1.6699999570846558,1.6699999570846558,1.6699999570846558,484,0.0,0.0
2024-07-16 11:42:00-04:00,1.6749999523162842,1.6799999475479126,1.6699999570846558,1.6699999570846558,1147,0.0,0.0
2024-07-16 11:43:00-04:00,1.6950000524520874,1.6950000524520874,1.6700999736785889,1.6950000524520874,527,0.0,0.0
2024-07-16 11:44:00-04:00,1.659999966621399,1.659999966621399,1.659999966621399,1.659999966621399,1314,0.0,0.0
2024-07-16 11:47:00-04:00,1.649999976158142,1.649999976158142,1.649999976158142,1.649999976158142,1314,0.0,0.0
2024-07-16 11:49:00-04:00,1.6299999952316284,1.6299999952316284,1.6299999952316284,1.6299999952316284,550,0.0,0.0
2024-07-16 11:50:00-04:00,1.6299999952316284,1.6299999952316284,1.6299999952316284,1.6299999952316284,1317,0.0,0.0
2024-07-16 11:53:00-04:00,1.600000023841858,1.600000023841858,1.600000023841858,1.600000023841858,1600,0.0,0.0
2024-07-16 11:54:00-04:00,1.6299999952316284,1.6399999856948853,1.6299999952316284,1.6399999856948853,201,0.0,0.0
2024-07-16 11:56:00-04:00,1.690000057220459,1.690000057220459,1.690000057220459,1.690000057220459,108,0.0,0.0
2024-07-16 11:57:00-04:00,1.6399999856948853,1.6649999618530273,1.6399999856948853,1.6649999618530273,900,0.0,0.0
2024-07-16 11:58:00-04:00,1.6401000022888184,1.656999945640564,1.6399999856948853,1.6401000022888184,1300,0.0,0.0
2024-07-16 12:02:00-04:00,1.6299999952316284,1.6299999952316284,1.6299999952316284,1.6299999952316284,100,0.0,0.0
2024-07-16 12:04:00-04:00,1.6299999952316284,1.6500999927520752,1.6299999952316284,1.649999976158142,900,0.0,0.0
2024-07-16 12:05:00-04:00,1.649999976158142,1.684999942779541,1.649999976158142,1.673799991607666,703,0.0,0.0
2024-07-16 12:06:00-04:00,1.649999976158142,1.684999942779541,1.649999976158142,1.649999976158142,802,0.0,0.0
2024-07-16 12:07:00-04:00,1.6500999927520752,1.6990000009536743,1.649999976158142,1.649999976158142,400,0.0,0.0
2024-07-16 12:08:00-04:00,1.6500999927520752,1.666200041770935,1.649999976158142,1.666200041770935,1202,0.0,0.0
2024-07-16 12:09:00-04:00,1.6399999856948853,1.6649999618530273,1.6399999856948853,1.6399999856948853,400,0.0,0.0
2024-07-16 12:10:00-04:00,1.6406999826431274,1.6406999826431274,1.6299999952316284,1.6301000118255615,601,0.0,0.0
2024-07-16 12:11:00-04:00,1.6200000047683716,1.6200000047683716,1.6200000047683716,1.6200000047683716,100,0.0,0.0
2024-07-16 12:12:00-04:00,1.600000023841858,1.600000023841858,1.600000023841858,1.600000023841858,477,0.0,0.0
2024-07-16 12:17:00-04:00,1.6200000047683716,1.659999966621399,1.6200000047683716,1.659999966621399,1100,0.0,0.0
2024-07-16 12:21:00-04:00,1.5800000429153442,1.5800000429153442,1.5800000429153442,1.5800000429153442,1678,0.0,0.0
2024-07-16 12:22:00-04:00,1.6399999856948853,1.6399999856948853,1.6299999952316284,1.6299999952316284,306,0.0,0.0
2024-07-16 12:23:00-04:00,1.6299999952316284,1.6399999856948853,1.625,1.6399999856948853,1300,0.0,0.0
2024-07-16 12:24:00-04:00,1.6399999856948853,1.6399999856948853,1.6100000143051147,1.6100000143051147,513,0.0,0.0
2024-07-16 12:25:00-04:00,1.6200000047683716,1.6749999523162842,1.6200000047683716,1.6299999952316284,1000,0.0,0.0
2024-07-16 12:26:00-04:00,1.6299999952316284,1.690000057220459,1.6299999952316284,1.6299999952316284,1600,0.0,0.0
2024-07-16 12:27:00-04:00,1.6200000047683716,1.6699999570846558,1.6200000047683716,1.6699999570846558,801,0.0,0.0
2024-07-16 12:28:00-04:00,1.6299999952316284,1.6301000118255615,1.600000023841858,1.600000023841858,1596,0.0,0.0
2024-07-16 12:29:00-04:00,1.600000023841858,1.600000023841858,1.600000023841858,1.600000023841858,502,0.0,0.0
2024-07-16 12:30:00-04:00,1.62090003490448,1.6301000118255615,1.62090003490448,1.6299999952316284,609,0.0,0.0
2024-07-16 12:31:00-04:00,1.6299999952316284,1.6301000118255615,1.6299999952316284,1.6301000118255615,200,0.0,0.0
2024-07-16 12:32:00-04:00,1.6299999952316284,1.659999966621399,1.6200000047683716,1.6201000213623047,701,0.0,0.0
2024-07-16 12:33:00-04:00,1.6200000047683716,1.6549999713897705,1.6200000047683716,1.6201000213623047,800,0.0,0.0
2024-07-16 12:34:00-04:00,1.6200000047683716,1.6420999765396118,1.6200000047683716,1.6420999765396118,200,0.0,0.0
2024-07-16 12:35:00-04:00,1.6200000047683716,1.6200000047683716,1.6200000047683716,1.6200000047683716,100,0.0,0.0
2024-07-16 12:36:00-04:00,1.6200000047683716,1.6201000213623047,1.6200000047683716,1.6200000047683716,300,0.0,0.0
2024-07-16 12:37:00-04:00,1.6201000213623047,1.6201000213623047,1.6200000047683716,1.6200000047683716,200,0.0,0.0
2024-07-16 12:40:00-04:00,1.6200000047683716,1.6201000213623047,1.6200000047683716,1.6200000047683716,300,0.0,0.0
2024-07-16 12:43:00-04:00,1.6200000047683716,1.6200000047683716,1.6200000047683716,1.6200000047683716,100,0.0,0.0
2024-07-16 12:45:00-04:00,1.6100000143051147,1.6100000143051147,1.6100000143051147,1.6100000143051147,100,0.0,0.0
2024-07-16 12:55:00-04:00,1.600000023841858,1.600000023841858,1.600000023841858,1.600000023841858,200,0.0,0.0
2024-07-16 12:56:00-04:00,1.5817999839782715,1.5817999839782715,1.5817999839782715,1.5817999839782715,400,0.0,0.0
2024-07-16 13:01:00-04:00,1.621899962425232,1.621899962425232,1.6200000047683716,1.6200000047683716,200,0.0,0.0
2024-07-16 13:02:00-04:00,1.6299999952316284,1.6299999952316284,1.5800000429153442,1.5800000429153442,2915,0.0,0.0
2024-07-16 13:06:00-04:00,1.590000033378601,1.600000023841858,1.590000033378601,1.600000023841858,600,0.0,0.0
2024-07-16 13:09:00-04:00,1.6100000143051147,1.6100000143051147,1.600000023841858,1.6100000143051147,3012,0.0,0.0
2024-07-16 13:10:00-04:00,1.6100000143051147,1.6100000143051147,1.6100000143051147,1.6100000143051147,100,0.0,0.0
2024-07-16 13:14:00-04:00,1.6100000143051147,1.6100000143051147,1.6100000143051147,1.6100000143051147,100,0.0,0.0
2024-07-16 13:18:00-04:00,1.6100000143051147,1.6100000143051147,1.6100000143051147,1.6100000143051147,100,0.0,0.0
2024-07-16 13:20:00-04:00,1.5800000429153442,1.5800000429153442,1.5700000524520874,1.5700000524520874,2112,0.0,0.0
2024-07-16 13:33:00-04:00,1.5800000429153442,1.5800000429153442,1.5800000429153442,1.5800000429153442,1312,0.0,0.0
2024-07-16 13:34:00-04:00,1.5800000429153442,1.5800000429153442,1.5800000429153442,1.5800000429153442,545,0.0,0.0
2024-07-16 13:36:00-04:00,1.590000033378601,1.590000033378601,1.590000033378601,1.590000033378601,767,0.0,0.0
2024-07-16 13:37:00-04:00,1.5800000429153442,1.5800000429153442,1.5800000429153442,1.5800000429153442,759,0.0,0.0
2024-07-16 13:38:00-04:00,1.590000033378601,1.590000033378601,1.590000033378601,1.590000033378601,691,0.0,0.0
2024-07-16 13:40:00-04:00,1.5800000429153442,1.5800000429153442,1.5800000429153442,1.5800000429153442,700,0.0,0.0
2024-07-16 13:41:00-04:00,1.5800000429153442,1.6200000047683716,1.559999942779541,1.559999942779541,500,0.0,0.0
2024-07-16 13:42:00-04:00,1.649999976158142,1.649999976158142,1.5499999523162842,1.5499999523162842,334,0.0,0.0
2024-07-16 13:44:00-04:00,1.5800000429153442,1.5800000429153442,1.5800000429153442,1.5800000429153442,800,0.0,0.0
2024-07-16 13:46:00-04:00,1.5800000429153442,1.590000033378601,1.559999942779541,1.559999942779541,1200,0.0,0.0
2024-07-16 13:47:00-04:00,1.559999942779541,1.644700050354004,1.559999942779541,1.5700000524520874,1040,0.0,0.0
2024-07-16 13:48:00-04:00,1.5700000524520874,1.5700000524520874,1.5700000524520874,1.5700000524520874,100,0.0,0.0
2024-07-16 13:49:00-04:00,1.559999942779541,1.649999976158142,1.5499999523162842,1.600000023841858,4158,0.0,0.0
2024-07-16 13:50:00-04:00,1.5399999618530273,1.5399999618530273,1.5399999618530273,1.5399999618530273,467,0.0,0.0
2024-07-16 13:51:00-04:00,1.5399999618530273,1.5499999523162842,1.5399999618530273,1.5499999523162842,444,0.0,0.0
2024-07-16 13:52:00-04:00,1.559999942779541,1.559999942779541,1.559999942779541,1.559999942779541,345,0.0,0.0
2024-07-16 13:53:00-04:00,1.5499999523162842,1.5499999523162842,1.5499999523162842,1.5499999523162842,1361,0.0,0.0
2024-07-16 13:54:00-04:00,1.524999976158142,1.5499999523162842,1.524999976158142,1.5499999523162842,1002,0.0,0.0
2024-07-16 13:55:00-04:00,1.5800000429153442,1.5800000429153442,1.5800000429153442,1.5800000429153442,138,0.0,0.0
2024-07-16 13:57:00-04:00,1.5449999570846558,1.5800000429153442,1.5449999570846558,1.5799000263214111,7730,0.0,0.0
2024-07-16 13:58:00-04:00,1.559999942779541,1.559999942779541,1.559999942779541,1.559999942779541,1400,0.0,0.0
2024-07-16 14:11:00-04:00,1.590000033378601,1.590000033378601,1.590000033378601,1.590000033378601,100,0.0,0.0
2024-07-16 14:21:00-04:00,1.6100000143051147,1.6100000143051147,1.6100000143051147,1.6100000143051147,150,0.0,0.0
2024-07-16 14:32:00-04:00,1.5700000524520874,1.600000023841858,1.5700000524520874,1.600000023841858,200,0.0,0.0
2024-07-16 14:41:00-04:00,1.600000023841858,1.600000023841858,1.600000023841858,1.600000023841858,100,0.0,0.0
2024-07-16 14:43:00-04:00,1.5800000429153442,1.6299999952316284,1.5700000524520874,1.5800000429153442,1100,0.0,0.0
2024-07-16 14:52:00-04:00,1.5750000476837158,1.5750000476837158,1.5750000476837158,1.5750000476837158,123,0.0,0.0
2024-07-16 15:10:00-04:00,1.5800000429153442,1.5800000429153442,1.5800000429153442,1.5800000429153442,105,0.0,0.0
2024-07-16 15:12:00-04:00,1.559999942779541,1.559999942779541,1.559999942779541,1.559999942779541,762,0.0,0.0
2024-07-16 15:18:00-04:00,1.559999942779541,1.559999942779541,1.559999942779541,1.559999942779541,112,0.0,0.0
2024-07-16 15:28:00-04:00,1.559999942779541,1.559999942779541,1.559999942779541,1.559999942779541,158,0.0,0.0
2024-07-16 15:38:00-04:00,1.5700000524520874,1.5700000524520874,1.5700000524520874,1.5700000524520874,143,0.0,0.0
2024-07-16 15:59:00-04:00,1.5099999904632568,1.5199999809265137,1.5099999904632568,1.5199999809265137,0,0.0,0.0
2024-07-17 09:33:00-04:00,1.600000023841858,1.600000023841858,1.600000023841858,1.600000023841858,725,0.0,0.0
2024-07-17 09:43:00-04:00,1.5499999523162842,1.5499999523162842,1.5399999618530273,1.5399999618530273,1531,0.0,0.0
2024-07-17 09:56:00-04:00,1.5499999523162842,1.5499999523162842,1.5499999523162842,1.5499999523162842,855,0.0,0.0
2024-07-17 10:17:00-04:00,1.5499999523162842,1.559999942779541,1.5499999523162842,1.559999942779541,202,0.0,0.0
2024-07-17 10:18:00-04:00,1.5199999809265137,1.5199999809265137,1.5199999809265137,1.5199999809265137,999,0.0,0.0
2024-07-17 10:34:00-04:00,1.5099999904632568,1.5099999904632568,1.5099999904632568,1.5099999904632568,1349,0.0,0.0
2024-07-17 10:46:00-04:00,1.5099999904632568,1.5099999904632568,1.5099999904632568,1.5099999904632568,1000,0.0,0.0
2024-07-17 10:49:00-04:00,1.5396000146865845,1.5396000146865845,1.5396000146865845,1.5396000146865845,193,0.0,0.0
2024-07-17 10:53:00-04:00,1.5,1.5,1.5,1.5,100,0.0,0.0
2024-07-17 10:54:00-04:00,1.5,1.5,1.5,1.5,1079,0.0,0.0
2024-07-17 11:02:00-04:00,1.5,1.5,1.5,1.5,855,0.0,0.0
2024-07-17 11:04:00-04:00,1.5,1.5,1.5,1.5,700,0.0,0.0
2024-07-17 11:15:00-04:00,1.5099999904632568,1.5099999904632568,1.5099999904632568,1.5099999904632568,793,0.0,0.0
2024-07-17 11:23:00-04:00,1.5099999904632568,1.524999976158142,1.5099999904632568,1.524999976158142,400,0.0,0.0
2024-07-17 11:24:00-04:00,1.5099999904632568,1.524999976158142,1.5099999904632568,1.5099999904632568,1100,0.0,0.0
2024-07-17 11:25:00-04:00,1.5197999477386475,1.524999976158142,1.5099999904632568,1.5099999904632568,1200,0.0,0.0
2024-07-17 11:26:00-04:00,1.5099999904632568,1.5099999904632568,1.5099999904632568,1.5099999904632568,500,0.0,0.0
2024-07-17 11:30:00-04:00,1.5099999904632568,1.5099999904632568,1.5099999904632568,1.5099999904632568,300,0.0,0.0
2024-07-17 11:31:00-04:00,1.4900000095367432,1.4900000095367432,1.4900000095367432,1.4900000095367432,322,0.0,0.0
2024-07-17 11:32:00-04:00,1.4900000095367432,1.4900000095367432,1.4900000095367432,1.4900000095367432,500,0.0,0.0
2024-07-17 11:33:00-04:00,1.4900000095367432,1.4900000095367432,1.4900000095367432,1.4900000095367432,378,0.0,0.0
2024-07-17 11:34:00-04:00,1.4600000381469727,1.4600000381469727,1.4600000381469727,1.4600000381469727,110,0.0,0.0
2024-07-17 11:35:00-04:00,1.4700000286102295,1.4900000095367432,1.4700000286102295,1.4800000190734863,2340,0.0,0.0
2024-07-17 11:36:00-04:00,1.4800000190734863,1.4900000095367432,1.4799000024795532,1.4900000095367432,1500,0.0,0.0
2024-07-17 11:38:00-04:00,1.4800000190734863,1.4900000095367432,1.4800000190734863,1.4900000095367432,500,0.0,0.0
2024-07-17 11:40:00-04:00,1.4600000381469727,1.4600000381469727,1.4600000381469727,1.4600000381469727,150,0.0,0.0
2024-07-17 11:53:00-04:00,1.4799000024795532,1.4800000190734863,1.4799000024795532,1.4800000190734863,812,0.0,0.0
2024-07-17 11:58:00-04:00,1.4800000190734863,1.4800000190734863,1.4800000190734863,1.4800000190734863,1500,0.0,0.0
2024-07-17 11:59:00-04:00,1.5,1.5099999904632568,1.5,1.5099999904632568,300,0.0,0.0
2024-07-17 12:01:00-04:00,1.5099999904632568,1.5099999904632568,1.5,1.5099999904632568,3221,0.0,0.0
2024-07-17 12:02:00-04:00,1.5,1.5099999904632568,1.5,1.5099999904632568,943,0.0,0.0
2024-07-17 12:03:00-04:00,1.5,1.5099999904632568,1.5,1.5,500,0.0,0.0
2024-07-17 12:04:00-04:00,1.5,1.5,1.5,1.5,222,0.0,0.0
2024-07-17 12:06:00-04:00,1.5099999904632568,1.5199999809265137,1.500100016593933,1.5199999809265137,700,0.0,0.0
2024-07-17 12:08:00-04:00,1.5199999809265137,1.5199999809265137,1.5099999904632568,1.5199999809265137,4550,0.0,0.0
2024-07-17 12:10:00-04:00,1.50600004196167,1.5199999809265137,1.50600004196167,1.5099999904632568,1200,0.0,0.0
2024-07-17 12:12:00-04:00,1.5099999904632568,1.5099999904632568,1.5099999904632568,1.5099999904632568,1200,0.0,0.0
2024-07-17 12:13:00-04:00,1.5099999904632568,1.5099999904632568,1.5099999904632568,1.5099999904632568,1500,0.0,0.0
2024-07-17 12:14:00-04:00,1.5099999904632568,1.5099999904632568,1.5099999904632568,1.5099999904632568,1288,0.0,0.0
2024-07-17 12:16:00-04:00,1.5099999904632568,1.5099999904632568,1.5,1.5,1912,0.0,0.0
2024-07-17 12:17:00-04:00,1.5,1.5,1.5,1.5,447,0.0,0.0
2024-07-17 12:20:00-04:00,1.5,1.5149999856948853,1.5,1.5099999904632568,1653,0.0,0.0
2024-07-17 12:21:00-04:00,1.5,1.5,1.5,1.5,136,0.0,0.0
2024-07-17 12:22:00-04:00,1.5,1.5099999904632568,1.5,1.5099999904632568,418,0.0,0.0
2024-07-17 12:23:00-04:00,1.5,1.5099999904632568,1.5,1.5099999904632568,710,0.0,0.0
2024-07-17 12:24:00-04:00,1.5,1.5099999904632568,1.5,1.5049999952316284,1022,0.0,0.0
2024-07-17 12:25:00-04:00,1.5097999572753906,1.5299999713897705,1.5097999572753906,1.5260000228881836,3056,0.0,0.0
2024-07-17 12:26:00-04:00,1.5499999523162842,1.5499999523162842,1.5499999523162842,1.5499999523162842,500,0.0,0.0
2024-07-17 12:27:00-04:00,1.5299999713897705,1.5299999713897705,1.5299999713897705,1.5299999713897705,584,0.0,0.0
2024-07-17 12:28:00-04:00,1.5299999713897705,1.5299999713897705,1.5199999809265137,1.5199999809265137,1712,0.0,0.0
2024-07-17 12:31:00-04:00,1.5,1.5,1.5,1.5,407,0.0,0.0
2024-07-17 12:36:00-04:00,1.5099999904632568,1.5099999904632568,1.5,1.5099999904632568,1333,0.0,0.0
2024-07-17 12:37:00-04:00,1.5,1.5099999904632568,1.5,1.5099999904632568,1868,0.0,0.0
2024-07-17 12:40:00-04:00,1.5099999904632568,1.5099999904632568,1.5099999904632568,1.5099999904632568,2000,0.0,0.0
2024-07-17 12:42:00-04:00,1.5,1.5299999713897705,1.5,1.5299999713897705,5658,0.0,0.0
2024-07-17 12:43:00-04:00,1.5299999713897705,1.5299999713897705,1.5299999713897705,1.5299999713897705,2000,0.0,0.0
2024-07-17 12:45:00-04:00,1.5399999618530273,1.5399999618530273,1.5399999618530273,1.5399999618530273,200,0.0,0.0
2024-07-17 12:46:00-04:00,1.5499999523162842,1.5499999523162842,1.5399999618530273,1.5499999523162842,1200,0.0,0.0
2024-07-17 12:59:00-04:00,1.5499999523162842,1.5499999523162842,1.5499999523162842,1.5499999523162842,500,0.0,0.0
2024-07-17 13:00:00-04:00,1.5499999523162842,1.5499999523162842,1.5299999713897705,1.5299999713897705,1200,0.0,0.0
2024-07-17 13:03:00-04:00,1.5499999523162842,1.5499999523162842,1.5399999618530273,1.5401999950408936,2308,0.0,0.0
2024-07-17 13:04:00-04:00,1.5499999523162842,1.5499999523162842,1.5499999523162842,1.5499999523162842,601,0.0,0.0
2024-07-17 13:05:00-04:00,1.5299999713897705,1.5299999713897705,1.5299999713897705,1.5299999713897705,2392,0.0,0.0
2024-07-17 13:06:00-04:00,1.5499999523162842,1.5499999523162842,1.5499999523162842,1.5499999523162842,706,0.0,0.0
2024-07-17 13:07:00-04:00,1.5399999618530273,1.5400999784469604,1.5399999618530273,1.5399999618530273,2951,0.0,0.0
2024-07-17 13:09:00-04:00,1.5299999713897705,1.5299999713897705,1.5299999713897705,1.5299999713897705,2300,0.0,0.0
2024-07-17 13:10:00-04:00,1.5099999904632568,1.5199999809265137,1.5099999904632568,1.5199999809265137,442,0.0,0.0
2024-07-17 13:11:00-04:00,1.5,1.5199999809265137,1.5,1.5,621,0.0,0.0
2024-07-17 13:12:00-04:00,1.5,1.5,1.5,1.5,208,0.0,0.0
2024-07-17 13:25:00-04:00,1.5,1.5,1.5,1.5,100,0.0,0.0
2024-07-17 13:30:00-04:00,1.5,1.5,1.5,1.5,400,0.0,0.0
2024-07-17 13:31:00-04:00,1.5149999856948853,1.5199999809265137,1.5149999856948853,1.5199999809265137,4627,0.0,0.0
2024-07-17 13:32:00-04:00,1.5199999809265137,1.5199999809265137,1.5199999809265137,1.5199999809265137,102,0.0,0.0
2024-07-17 13:33:00-04:00,1.5199999809265137,1.5199999809265137,1.5199999809265137,1.5199999809265137,1500,0.0,0.0
2024-07-17 13:34:00-04:00,1.50600004196167,1.50600004196167,1.50600004196167,1.50600004196167,354,0.0,0.0
2024-07-17 13:36:00-04:00,1.5199999809265137,1.5199999809265137,1.5199999809265137,1.5199999809265137,354,0.0,0.0
2024-07-17 13:37:00-04:00,1.5198999643325806,1.5299999713897705,1.513700008392334,1.5204999446868896,2300,0.0,0.0
2024-07-17 13:38:00-04:00,1.5298999547958374,1.5299999713897705,1.5119999647140503,1.527400016784668,958,0.0,0.0
2024-07-17 13:39:00-04:00,1.5299999713897705,1.5299999713897705,1.5299999713897705,1.5299999713897705,935,0.0,0.0
2024-07-17 13:44:00-04:00,1.517699956893921,1.517699956893921,1.517699956893921,1.517699956893921,548,0.0,0.0
2024-07-17 13:56:00-04:00,1.51010000705719,1.51010000705719,1.51010000705719,1.51010000705719,549,0.0,0.0
2024-07-17 14:15:00-04:00,1.5299999713897705,1.5299999713897705,1.5299999713897705,1.5299999713897705,700,0.0,0.0
2024-07-17 14:31:00-04:00,1.5299999713897705,1.5299999713897705,1.5299999713897705,1.5299999713897705,532,0.0,0.0
2024-07-17 14:34:00-04:00,1.5299999713897705,1.5299999713897705,1.5299999713897705,1.5299999713897705,200,0.0,0.0
2024-07-17 14:35:00-04:00,1.5299999713897705,1.5299999713897705,1.5299999713897705,1.5299999713897705,548,0.0,0.0
2024-07-17 14:39:00-04:00,1.5299999713897705,1.5299999713897705,1.5299999713897705,1.5299999713897705,100,0.0,0.0
2024-07-17 14:55:00-04:00,1.534999966621399,1.534999966621399,1.534999966621399,1.534999966621399,700,0.0,0.0
2024-07-17 15:06:00-04:00,1.5399999618530273,1.5399999618530273,1.5399999618530273,1.5399999618530273,619,0.0,0.0
2024-07-17 15:20:00-04:00,1.5399999618530273,1.5399999618530273,1.5399999618530273,1.5399999618530273,596,0.0,0.0
2024-07-17 15:24:00-04:00,1.5399999618530273,1.5399999618530273,1.5399999618530273,1.5399999618530273,817,0.0,0.0
2024-07-17 15:27:00-04:00,1.5199999809265137,1.5199999809265137,1.5199999809265137,1.5199999809265137,315,0.0,0.0
2024-07-17 15:35:00-04:00,1.5199999809265137,1.5199999809265137,1.5199999809265137,1.5199999809265137,1341,0.0,0.0
2024-07-17 15:37:00-04:00,1.5299999713897705,1.5299999713897705,1.5299999713897705,1.5299999713897705,599,0.0,0.0
2024-07-17 15:40:00-04:00,1.5299999713897705,1.5299999713897705,1.5299999713897705,1.5299999713897705,702,0.0,0.0
2024-07-17 15:41:00-04:00,1.5194000005722046,1.5194000005722046,1.5194000005722046,1.5194000005722046,135,0.0,0.0
2024-07-17 15:43:00-04:00,1.5299999713897705,1.5299999713897705,1.5299999713897705,1.5299999713897705,300,0.0,0.0
2024-07-17 15:48:00-04:00,1.5299999713897705,1.5299999713897705,1.5299999713897705,1.5299999713897705,415,0.0,0.0
2024-07-17 15:49:00-04:00,1.5199999809265137,1.5199999809265137,1.5199999809265137,1.5199999809265137,332,0.0,0.0
2024-07-17 15:56:00-04:00,1.5299999713897705,1.5299999713897705,1.5299999713897705,1.5299999713897705,558,0.0,0.0
2024-07-17 15:57:00-04:00,1.5099999904632568,1.5099999904632568,1.5099999904632568,1.5099999904632568,0,0.0,0.0
2024-07-18 09:33:00-04:00,1.5499999523162842,1.5499999523162842,1.5499999523162842,1.5499999523162842,163,0.0,0.0
2024-07-18 09:34:00-04:00,1.5399999618530273,1.5399999618530273,1.5399999618530273,1.5399999618530273,285,0.0,0.0
2024-07-18 09:35:00-04:00,1.5399999618530273,1.5399999618530273,1.5199999809265137,1.5199999809265137,306,0.0,0.0
2024-07-18 09:36:00-04:00,1.5392999649047852,1.5399999618530273,1.5392999649047852,1.5399999618530273,298,0.0,0.0
2024-07-18 09:48:00-04:00,1.559999942779541,1.5800000429153442,1.559999942779541,1.5800000429153442,1900,0.0,0.0
2024-07-18 09:49:00-04:00,1.600000023841858,1.600000023841858,1.600000023841858,1.600000023841858,1074,0.0,0.0
2024-07-18 09:54:00-04:00,1.600000023841858,1.600000023841858,1.600000023841858,1.600000023841858,0,0.0,0.0
2024-07-18 09:57:00-04:00,1.5800000429153442,1.5800000429153442,1.5800000429153442,1.5800000429153442,5026,0.0,0.0
2024-07-18 09:59:00-04:00,1.600000023841858,1.600000023841858,1.600000023841858,1.600000023841858,707,0.0,0.0
2024-07-18 10:00:00-04:00,1.590000033378601,1.590000033378601,1.590000033378601,1.590000033378601,407,0.0,0.0
2024-07-18 10:03:00-04:00,1.5850000381469727,1.5994999408721924,1.5700000524520874,1.5700000524520874,1201,0.0,0.0
2024-07-18 10:04:00-04:00,1.5850000381469727,1.600000023841858,1.5850000381469727,1.600000023841858,1000,0.0,0.0
2024-07-18 10:05:00-04:00,1.590000033378601,1.590000033378601,1.590000033378601,1.590000033378601,107,0.0,0.0
2024-07-18 10:06:00-04:00,1.5700000524520874,1.5700000524520874,1.5700000524520874,1.5700000524520874,1139,0.0,0.0
2024-07-18 10:07:00-04:00,1.5700000524520874,1.5700000524520874,1.5700000524520874,1.5700000524520874,500,0.0,0.0
2024-07-18 10:08:00-04:00,1.590000033378601,1.600000023841858,1.590000033378601,1.600000023841858,1373,0.0,0.0
2024-07-18 10:10:00-04:00,1.5931999683380127,1.5931999683380127,1.590000033378601,1.590000033378601,500,0.0,0.0
2024-07-18 10:11:00-04:00,1.600000023841858,1.600000023841858,1.600000023841858,1.600000023841858,600,0.0,0.0
2024-07-18 10:12:00-04:00,1.600000023841858,1.600000023841858,1.5700000524520874,1.5700000524520874,1908,0.0,0.0
2024-07-18 10:13:00-04:00,1.5800000429153442,1.600000023841858,1.5800000429153442,1.600000023841858,400,0.0,0.0
2024-07-18 10:14:00-04:00,1.600000023841858,1.600000023841858,1.600000023841858,1.600000023841858,500,0.0,0.0
2024-07-18 10:15:00-04:00,1.600000023841858,1.600000023841858,1.5700000524520874,1.5778000354766846,2105,0.0,0.0
2024-07-18 10:16:00-04:00,1.5800000429153442,1.600000023841858,1.5700000524520874,1.590000033378601,3600,0.0,0.0
2024-07-18 10:18:00-04:00,1.6100000143051147,1.6100000143051147,1.6100000143051147,1.6100000143051147,115,0.0,0.0
2024-07-18 10:27:00-04:00,1.6200000047683716,1.6200000047683716,1.6100000143051147,1.6198999881744385,2100,0.0,0.0
2024-07-18 10:29:00-04:00,1.600000023841858,1.600000023841858,1.5750000476837158,1.600000023841858,2400,0.0,0.0
2024-07-18 10:30:00-04:00,1.6050000190734863,1.6100000143051147,1.600000023841858,1.6100000143051147,1500,0.0,0.0
2024-07-18 10:31:00-04:00,1.6100000143051147,1.6200000047683716,1.6050000190734863,1.6200000047683716,1206,0.0,0.0
2024-07-18 10:33:00-04:00,1.6375000476837158,1.6375000476837158,1.6200000047683716,1.6200000047683716,1100,0.0,0.0
2024-07-18 10:34:00-04:00,1.600000023841858,1.6100000143051147,1.5800000429153442,1.600000023841858,2440,0.0,0.0
2024-07-18 10:35:00-04:00,1.600000023841858,1.6100000143051147,1.600000023841858,1.600000023841858,901,0.0,0.0
2024-07-18 10:46:00-04:00,1.600000023841858,1.600000023841858,1.600000023841858,1.600000023841858,500,0.0,0.0
2024-07-18 10:47:00-04:00,1.600000023841858,1.600000023841858,1.5800000429153442,1.5950000286102295,604,0.0,0.0
2024-07-18 10:48:00-04:00,1.600000023841858,1.600000023841858,1.590000033378601,1.600000023841858,900,0.0,0.0
2024-07-18 10:53:00-04:00,1.600000023841858,1.6100000143051147,1.600000023841858,1.6100000143051147,910,0.0,0.0
2024-07-18 11:04:00-04:00,1.600000023841858,1.600000023841858,1.600000023841858,1.600000023841858,158,0.0,0.0
2024-07-18 11:06:00-04:00,1.600000023841858,1.600000023841858,1.600000023841858,1.600000023841858,168,0.0,0.0
2024-07-18 11:07:00-04:00,1.600000023841858,1.600000023841858,1.590000033378601,1.600000023841858,751,0.0,0.0
2024-07-18 11:08:00-04:00,1.6200000047683716,1.6200000047683716,1.600000023841858,1.600000023841858,304,0.0,0.0
2024-07-18 11:09:00-04:00,1.600000023841858,1.600000023841858,1.600000023841858,1.600000023841858,214,0.0,0.0
2024-07-18 11:11:00-04:00,1.590000033378601,1.590000033378601,1.590000033378601,1.590000033378601,200,0.0,0.0
2024-07-18 11:25:00-04:00,1.600000023841858,1.600000023841858,1.5850000381469727,1.5850000381469727,2000,0.0,0.0
2024-07-18 11:26:00-04:00,1.600000023841858,1.6050000190734863,1.5499999523162842,1.5499999523162842,900,0.0,0.0
2024-07-18 11:27:00-04:00,1.600000023841858,1.6050000190734863,1.600000023841858,1.6050000190734863,1464,0.0,0.0
2024-07-18 11:28:00-04:00,1.600000023841858,1.600000023841858,1.600000023841858,1.600000023841858,100,0.0,0.0
2024-07-18 11:29:00-04:00,1.5850000381469727,1.5850000381469727,1.5850000381469727,1.5850000381469727,300,0.0,0.0
2024-07-18 11:30:00-04:00,1.600000023841858,1.6050000190734863,1.5850000381469727,1.600000023841858,1300,0.0,0.0
2024-07-18 11:31:00-04:00,1.600000023841858,1.600000023841858,1.590000033378601,1.590000033378601,200,0.0,0.0
2024-07-18 11:32:00-04:00,1.6100000143051147,1.6399999856948853,1.6100000143051147,1.6399999856948853,1425,0.0,0.0
2024-07-18 11:38:00-04:00,1.6100000143051147,1.6299999952316284,1.6100000143051147,1.6299999952316284,244,0.0,0.0
2024-07-18 11:39:00-04:00,1.6200000047683716,1.6200000047683716,1.6200000047683716,1.6200000047683716,356,0.0,0.0
2024-07-18 11:46:00-04:00,1.6059000492095947,1.6742000579833984,1.600000023841858,1.6742000579833984,2013,0.0,0.0
2024-07-18 11:51:00-04:00,1.6299999952316284,1.6299999952316284,1.6299999952316284,1.6299999952316284,100,0.0,0.0
2024-07-18 11:52:00-04:00,1.6299999952316284,1.6299999952316284,1.6299999952316284,1.6299999952316284,232,0.0,0.0
2024-07-18 11:55:00-04:00,1.6619000434875488,1.6619000434875488,1.5800000429153442,1.6150000095367432,566,0.0,0.0
2024-07-18 11:56:00-04:00,1.6237000226974487,1.6299999952316284,1.6050000190734863,1.6050000190734863,500,0.0,0.0
2024-07-18 11:57:00-04:00,1.6332000494003296,1.6332000494003296,1.600000023841858,1.6100000143051147,401,0.0,0.0
2024-07-18 12:19:00-04:00,1.6399999856948853,1.6399999856948853,1.6399999856948853,1.6399999856948853,1421,0.0,0.0
2024-07-18 12:38:00-04:00,1.6399999856948853,1.6399999856948853,1.6399999856948853,1.6399999856948853,1684,0.0,0.0
2024-07-18 12:56:00-04:00,1.6200000047683716,1.6200000047683716,1.6200000047683716,1.6200000047683716,213,0.0,0.0
2024-07-18 13:07:00-04:00,1.6299999952316284,1.6299999952316284,1.6299999952316284,1.6299999952316284,879,0.0,0.0
2024-07-18 13:08:00-04:00,1.6299999952316284,1.6299999952316284,1.6299999952316284,1.6299999952316284,848,0.0,0.0
2024-07-18 13:21:00-04:00,1.6200000047683716,1.6200000047683716,1.6200000047683716,1.6200000047683716,1626,0.0,0.0
2024-07-18 13:22:00-04:00,1.625,1.625,1.600000023841858,1.600000023841858,903,0.0,0.0
2024-07-18 13:24:00-04:00,1.590000033378601,1.590000033378601,1.5850000381469727,1.5850000381469727,404,0.0,0.0
2024-07-18 13:25:00-04:00,1.5850000381469727,1.590000033378601,1.5800000429153442,1.5800000429153442,507,0.0,0.0
2024-07-18 13:27:00-04:00,1.5800000429153442,1.5800000429153442,1.5800000429153442,1.5800000429153442,103,0.0,0.0
2024-07-18 13:28:00-04:00,1.5700000524520874,1.5700000524520874,1.5700000524520874,1.5700000524520874,100,0.0,0.0
2024-07-18 13:29:00-04:00,1.590000033378601,1.590000033378601,1.5800000429153442,1.5800000429153442,700,0.0,0.0
2024-07-18 13:30:00-04:00,1.600000023841858,1.600000023841858,1.600000023841858,1.600000023841858,1100,0.0,0.0
2024-07-18 13:31:00-04:00,1.600000023841858,1.6100000143051147,1.600000023841858,1.6100000143051147,1200,0.0,0.0
2024-07-18 13:33:00-04:00,1.590000033378601,1.590000033378601,1.590000033378601,1.590000033378601,105,0.0,0.0
2024-07-18 13:34:00-04:00,1.590000033378601,1.590000033378601,1.590000033378601,1.590000033378601,995,0.0,0.0
2024-07-18 13:35:00-04:00,1.590000033378601,1.590000033378601,1.590000033378601,1.590000033378601,129,0.0,0.0
2024-07-18 13:39:00-04:00,1.590000033378601,1.590000033378601,1.590000033378601,1.590000033378601,501,0.0,0.0
2024-07-18 13:45:00-04:00,1.6299999952316284,1.6299999952316284,1.6299999952316284,1.6299999952316284,1927,0.0,0.0
2024-07-18 13:47:00-04:00,1.6100000143051147,1.6100000143051147,1.600000023841858,1.600000023841858,2029,0.0,0.0
2024-07-18 13:50:00-04:00,1.590000033378601,1.6101000308990479,1.590000033378601,1.600000023841858,3413,0.0,0.0
2024-07-18 13:52:00-04:00,1.5914000272750854,1.600000023841858,1.590000033378601,1.590000033378601,3458,0.0,0.0
2024-07-18 13:53:00-04:00,1.5800000429153442,1.5800000429153442,1.5800000429153442,1.5800000429153442,686,0.0,0.0
2024-07-18 13:54:00-04:00,1.5800000429153442,1.590000033378601,1.5791000127792358,1.590000033378601,3300,0.0,0.0
2024-07-18 13:55:00-04:00,1.590000033378601,1.590000033378601,1.5700000524520874,1.590000033378601,3903,0.0,0.0
2024-07-18 13:56:00-04:00,1.590000033378601,1.600000023841858,1.590000033378601,1.600000023841858,900,0.0,0.0
2024-07-18 13:57:00-04:00,1.590000033378601,1.5901000499725342,1.590000033378601,1.590000033378601,800,0.0,0.0
2024-07-18 13:58:00-04:00,1.590000033378601,1.590000033378601,1.590000033378601,1.590000033378601,1500,0.0,0.0
2024-07-18 13:59:00-04:00,1.586300015449524,1.586300015449524,1.5800000429153442,1.5800000429153442,916,0.0,0.0
2024-07-18 14:12:00-04:00,1.6160000562667847,1.6160000562667847,1.6160000562667847,1.6160000562667847,993,0.0,0.0
2024-07-18 14:22:00-04:00,1.590000033378601,1.590000033378601,1.590000033378601,1.590000033378601,200,0.0,0.0
2024-07-18 14:23:00-04:00,1.590000033378601,1.590000033378601,1.590000033378601,1.590000033378601,1480,0.0,0.0
2024-07-18 14:50:00-04:00,1.600000023841858,1.600000023841858,1.600000023841858,1.600000023841858,304,0.0,0.0
2024-07-18 14:58:00-04:00,1.5800000429153442,1.5800000429153442,1.5750000476837158,1.5750000476837158,600,0.0,0.0
2024-07-18 14:59:00-04:00,1.5800000429153442,1.5800000429153442,1.5750000476837158,1.5800000429153442,1000,0.0,0.0
2024-07-18 15:00:00-04:00,1.590000033378601,1.5901000499725342,1.5800000429153442,1.5800000429153442,2359,0.0,0.0
2024-07-18 15:01:00-04:00,1.565000057220459,1.5700000524520874,1.565000057220459,1.5700000524520874,863,0.0,0.0
2024-07-18 15:03:00-04:00,1.5800000429153442,1.5800000429153442,1.5800000429153442,1.5800000429153442,782,0.0,0.0
2024-07-18 15:04:00-04:00,1.5800000429153442,1.5800000429153442,1.5800000429153442,1.5800000429153442,100,0.0,0.0
2024-07-18 15:05:00-04:00,1.5800000429153442,1.5800000429153442,1.5800000429153442,1.5800000429153442,300,0.0,0.0
2024-07-18 15:06:00-04:00,1.5800000429153442,1.5800000429153442,1.5800000429153442,1.5800000429153442,300,0.0,0.0
2024-07-18 15:08:00-04:00,1.5800000429153442,1.583899974822998,1.5800000429153442,1.5800000429153442,1000,0.0,0.0
2024-07-18 15:09:00-04:00,1.5800000429153442,1.6080000400543213,1.5800000429153442,1.5800000429153442,800,0.0,0.0
2024-07-18 15:10:00-04:00,1.559999942779541,1.600000023841858,1.559999942779541,1.5800000429153442,1556,0.0,0.0
2024-07-18 15:11:00-04:00,1.570099949836731,1.5801000595092773,1.570099949836731,1.5801000595092773,400,0.0,0.0
2024-07-18 15:12:00-04:00,1.5800000429153442,1.5858999490737915,1.5800000429153442,1.5858999490737915,500,0.0,0.0
2024-07-18 15:17:00-04:00,1.5800000429153442,1.5800000429153442,1.5800000429153442,1.5800000429153442,123,0.0,0.0
2024-07-18 15:22:00-04:00,1.5800000429153442,1.5800000429153442,1.5800000429153442,1.5800000429153442,159,0.0,0.0
2024-07-18 15:30:00-04:00,1.5700000524520874,1.5700000524520874,1.5700000524520874,1.5700000524520874,271,0.0,0.0
2024-07-18 15:38:00-04:00,1.5700000524520874,1.5700000524520874,1.5700000524520874,1.5700000524520874,125,0.0,0.0
2024-07-18 15:44:00-04:00,1.5700000524520874,1.5700000524520874,1.5700000524520874,1.5700000524520874,100,0.0,0.0
2024-07-18 15:48:00-04:00,1.590000033378601,1.590000033378601,1.590000033378601,1.590000033378601,107,0.0,0.0
2024-07-18 15:53:00-04:00,1.5700000524520874,1.5700000524520874,1.5700000524520874,1.5700000524520874,0,0.0,0.0
2024-07-19 09:32:00-04:00,1.5,1.5,1.5,1.5,566,0.0,0.0
2024-07-19 09:33:00-04:00,1.559999942779541,1.559999942779541,1.559999942779541,1.559999942779541,200,0.0,0.0
2024-07-19 09:36:00-04:00,1.559999942779541,1.559999942779541,1.559999942779541,1.559999942779541,100,0.0,0.0
2024-07-19 09:39:00-04:00,1.5700000524520874,1.5700000524520874,1.5700000524520874,1.5700000524520874,300,0.0,0.0
2024-07-19 09:40:00-04:00,1.5700000524520874,1.5800000429153442,1.5700000524520874,1.5800000429153442,377,0.0,0.0
2024-07-19 09:48:00-04:00,1.5299999713897705,1.5299999713897705,1.5299999713897705,1.5299999713897705,100,0.0,0.0
2024-07-19 09:49:00-04:00,1.5800000429153442,1.5800000429153442,1.5800000429153442,1.5800000429153442,289,0.0,0.0
2024-07-19 09:51:00-04:00,1.5700000524520874,1.5700000524520874,1.5700000524520874,1.5700000524520874,103,0.0,0.0
2024-07-19 09:53:00-04:00,1.5800000429153442,1.5800000429153442,1.5700000524520874,1.5800000429153442,706,0.0,0.0
2024-07-19 09:59:00-04:00,1.6299999952316284,1.6299999952316284,1.6100000143051147,1.6100000143051147,1300,0.0,0.0
2024-07-19 10:01:00-04:00,1.6200000047683716,1.6200000047683716,1.6100000143051147,1.6100000143051147,1100,0.0,0.0
2024-07-19 10:02:00-04:00,1.600000023841858,1.600000023841858,1.5800000429153442,1.5800000429153442,2063,0.0,0.0
2024-07-19 10:03:00-04:00,1.559999942779541,1.5700000524520874,1.559999942779541,1.565000057220459,634,0.0,0.0
2024-07-19 10:04:00-04:00,1.5750000476837158,1.5800000429153442,1.559999942779541,1.559999942779541,3323,0.0,0.0
2024-07-19 10:05:00-04:00,1.559999942779541,1.559999942779541,1.5205999612808228,1.5205999612808228,1500,0.0,0.0
2024-07-19 10:07:00-04:00,1.5579999685287476,1.559999942779541,1.5579999685287476,1.559999942779541,807,0.0,0.0
2024-07-19 10:09:00-04:00,1.5800000429153442,1.600000023841858,1.5800000429153442,1.5800000429153442,500,0.0,0.0
2024-07-19 10:10:00-04:00,1.600000023841858,1.6200000047683716,1.600000023841858,1.6200000047683716,1000,0.0,0.0
2024-07-19 10:12:00-04:00,1.5800000429153442,1.5901000499725342,1.5709999799728394,1.5901000499725342,2303,0.0,0.0
2024-07-19 10:14:00-04:00,1.6100000143051147,1.6200000047683716,1.5950000286102295,1.6150000095367432,2368,0.0,0.0
2024-07-19 10:15:00-04:00,1.621399998664856,1.621399998664856,1.621399998664856,1.621399998664856,1500,0.0,0.0
2024-07-19 10:16:00-04:00,1.6299999952316284,1.6699999570846558,1.6299999952316284,1.649999976158142,717,0.0,0.0
2024-07-19 10:17:00-04:00,1.6419999599456787,1.6699999570846558,1.6299999952316284,1.6699999570846558,2200,0.0,0.0
2024-07-19 10:18:00-04:00,1.6699999570846558,1.6699999570846558,1.6200000047683716,1.6699999570846558,2319,0.0,0.0
2024-07-19 10:19:00-04:00,1.6699999570846558,1.6699999570846558,1.649999976158142,1.649999976158142,1300,0.0,0.0
2024-07-19 10:20:00-04:00,1.6449999809265137,1.6699999570846558,1.6200000047683716,1.6699999570846558,8986,0.0,0.0
2024-07-19 10:22:00-04:00,1.5980000495910645,1.6100000143051147,1.5800000429153442,1.6100000143051147,4912,0.0,0.0
2024-07-19 10:25:00-04:00,1.600000023841858,1.600000023841858,1.600000023841858,1.600000023841858,200,0.0,0.0
2024-07-19 10:51:00-04:00,1.6200000047683716,1.6200000047683716,1.6200000047683716,1.6200000047683716,1500,0.0,0.0
2024-07-19 10:52:00-04:00,1.6299999952316284,1.6299999952316284,1.6299999952316284,1.6299999952316284,106,0.0,0.0
2024-07-19 11:11:00-04:00,1.625,1.649999976158142,1.625,1.649999976158142,1894,0.0,0.0
2024-07-19 11:19:00-04:00,1.6549999713897705,1.6549999713897705,1.649999976158142,1.649999976158142,200,0.0,0.0
2024-07-19 11:23:00-04:00,1.649999976158142,1.659999966621399,1.649999976158142,1.659999966621399,754,0.0,0.0
2024-07-19 12:06:00-04:00,1.659999966621399,1.659999966621399,1.649999976158142,1.649999976158142,235,0.0,0.0
2024-07-19 12:07:00-04:00,1.659999966621399,1.659999966621399,1.659999966621399,1.659999966621399,514,0.0,0.0
2024-07-19 12:35:00-04:00,1.659999966621399,1.659999966621399,1.659999966621399,1.659999966621399,304,0.0,0.0
2024-07-19 12:36:00-04:00,1.649999976158142,1.649999976158142,1.649999976158142,1.649999976158142,2606,0.0,0.0
2024-07-19 12:41:00-04:00,1.6299999952316284,1.6299999952316284,1.600000023841858,1.600000023841858,1170,0.0,0.0
2024-07-19 12:42:00-04:00,1.600000023841858,1.6100000143051147,1.590000033378601,1.590000033378601,900,0.0,0.0
2024-07-19 12:43:00-04:00,1.590000033378601,1.590000033378601,1.590000033378601,1.590000033378601,200,0.0,0.0
2024-07-19 12:44:00-04:00,1.6050000190734863,1.6050000190734863,1.6050000190734863,1.6050000190734863,387,0.0,0.0
2024-07-19 12:54:00-04:00,1.6098999977111816,1.6098999977111816,1.6098999977111816,1.6098999977111816,900,0.0,0.0
2024-07-19 12:55:00-04:00,1.5499999523162842,1.5499999523162842,1.5499999523162842,1.5499999523162842,116,0.0,0.0
2024-07-19 12:56:00-04:00,1.6200000047683716,1.6200000047683716,1.6200000047683716,1.6200000047683716,226,0.0,0.0
2024-07-19 12:58:00-04:00,1.6100000143051147,1.6200000047683716,1.6098999977111816,1.6100000143051147,1700,0.0,0.0
2024-07-19 13:08:00-04:00,1.6200000047683716,1.6200000047683716,1.6200000047683716,1.6200000047683716,994,0.0,0.0
2024-07-19 13:10:00-04:00,1.6200000047683716,1.6200000047683716,1.6200000047683716,1.6200000047683716,816,0.0,0.0
2024-07-19 13:34:00-04:00,1.6200000047683716,1.6200000047683716,1.6200000047683716,1.6200000047683716,200,0.0,0.0
2024-07-19 13:36:00-04:00,1.6200000047683716,1.6200000047683716,1.6200000047683716,1.6200000047683716,1800,0.0,0.0
2024-07-19 13:37:00-04:00,1.6150000095367432,1.6150000095367432,1.6150000095367432,1.6150000095367432,100,0.0,0.0
2024-07-19 13:38:00-04:00,1.6100000143051147,1.6100000143051147,1.6100000143051147,1.6100000143051147,200,0.0,0.0
2024-07-19 13:39:00-04:00,1.6299999952316284,1.6299999952316284,1.6299999952316284,1.6299999952316284,199,0.0,0.0
2024-07-19 13:44:00-04:00,1.6200000047683716,1.6200000047683716,1.6200000047683716,1.6200000047683716,900,0.0,0.0
2024-07-19 13:45:00-04:00,1.6200000047683716,1.6200000047683716,1.6200000047683716,1.6200000047683716,1100,0.0,0.0
2024-07-19 13:46:00-04:00,1.6200000047683716,1.6200000047683716,1.6200000047683716,1.6200000047683716,1200,0.0,0.0
2024-07-19 13:49:00-04:00,1.6200000047683716,1.6200000047683716,1.6200000047683716,1.6200000047683716,100,0.0,0.0
2024-07-19 13:52:00-04:00,1.6200000047683716,1.6200000047683716,1.6200000047683716,1.6200000047683716,3310,0.0,0.0
2024-07-19 13:57:00-04:00,1.6200000047683716,1.6200000047683716,1.6200000047683716,1.6200000047683716,193,0.0,0.0
2024-07-19 13:59:00-04:00,1.6100000143051147,1.6100000143051147,1.6100000143051147,1.6100000143051147,205,0.0,0.0
2024-07-19 14:07:00-04:00,1.6200000047683716,1.6399999856948853,1.6200000047683716,1.6399999856948853,859,0.0,0.0
2024-07-19 14:08:00-04:00,1.6301000118255615,1.6301000118255615,1.6299999952316284,1.6299999952316284,1000,0.0,0.0
2024-07-19 14:09:00-04:00,1.659999966621399,1.659999966621399,1.6200000047683716,1.6200000047683716,300,0.0,0.0
2024-07-19 14:10:00-04:00,1.6699999570846558,1.6699999570846558,1.6699999570846558,1.6699999570846558,114,0.0,0.0
2024-07-19 14:11:00-04:00,1.6200000047683716,1.6200000047683716,1.6200000047683716,1.6200000047683716,300,0.0,0.0
2024-07-19 14:12:00-04:00,1.6399999856948853,1.6699999570846558,1.6399999856948853,1.6699999570846558,1000,0.0,0.0
2024-07-19 14:13:00-04:00,1.6399999856948853,1.6399999856948853,1.6399999856948853,1.6399999856948853,100,0.0,0.0
2024-07-19 14:18:00-04:00,1.6401000022888184,1.6401000022888184,1.6401000022888184,1.6401000022888184,900,0.0,0.0
2024-07-19 14:19:00-04:00,1.6419999599456787,1.6419999599456787,1.6299999952316284,1.6299999952316284,800,0.0,0.0
2024-07-19 14:20:00-04:00,1.6299999952316284,1.6299999952316284,1.6299999952316284,1.6299999952316284,200,0.0,0.0
2024-07-19 14:22:00-04:00,1.6299999952316284,1.6299999952316284,1.6200000047683716,1.6200000047683716,300,0.0,0.0
2024-07-19 14:23:00-04:00,1.6299999952316284,1.6299999952316284,1.6299999952316284,1.6299999952316284,108,0.0,0.0
2024-07-19 14:27:00-04:00,1.6299999952316284,1.6299999952316284,1.6200000047683716,1.6299999952316284,2477,0.0,0.0
2024-07-19 14:30:00-04:00,1.6200000047683716,1.6299999952316284,1.6200000047683716,1.6299999952316284,610,0.0,0.0
2024-07-19 14:31:00-04:00,1.6299999952316284,1.6399999856948853,1.6299999952316284,1.6399999856948853,1801,0.0,0.0
2024-07-19 14:32:00-04:00,1.6399999856948853,1.6399999856948853,1.6200000047683716,1.6200000047683716,897,0.0,0.0
2024-07-19 14:33:00-04:00,1.6399999856948853,1.6399999856948853,1.6399999856948853,1.6399999856948853,500,0.0,0.0
2024-07-19 14:34:00-04:00,1.6399999856948853,1.6399999856948853,1.6399999856948853,1.6399999856948853,318,0.0,0.0
2024-07-19 14:36:00-04:00,1.6399999856948853,1.6399999856948853,1.6399999856948853,1.6399999856948853,1405,0.0,0.0
2024-07-19 14:37:00-04:00,1.6299999952316284,1.6299999952316284,1.6299999952316284,1.6299999952316284,100,0.0,0.0
2024-07-19 14:38:00-04:00,1.6406999826431274,1.6406999826431274,1.6406999826431274,1.6406999826431274,500,0.0,0.0
2024-07-19 14:39:00-04:00,1.6399999856948853,1.6502000093460083,1.6399999856948853,1.6502000093460083,700,0.0,0.0
2024-07-19 14:40:00-04:00,1.6399999856948853,1.6549999713897705,1.6299999952316284,1.6399999856948853,1876,0.0,0.0
2024-07-19 14:41:00-04:00,1.6399999856948853,1.6399999856948853,1.6299999952316284,1.6299999952316284,1178,0.0,0.0
2024-07-19 14:42:00-04:00,1.6299999952316284,1.6399999856948853,1.6200000047683716,1.6302000284194946,1100,0.0,0.0
2024-07-19 14:43:00-04:00,1.6299999952316284,1.6399999856948853,1.6299999952316284,1.6299999952316284,678,0.0,0.0
2024-07-19 14:45:00-04:00,1.6200000047683716,1.6200000047683716,1.6200000047683716,1.6200000047683716,100,0.0,0.0
2024-07-19 14:52:00-04:00,1.6200000047683716,1.6200000047683716,1.6200000047683716,1.6200000047683716,400,0.0,0.0
2024-07-19 14:53:00-04:00,1.6299999952316284,1.6299999952316284,1.6299999952316284,1.6299999952316284,500,0.0,0.0
2024-07-19 14:54:00-04:00,1.6200000047683716,1.6200000047683716,1.6200000047683716,1.6200000047683716,324,0.0,0.0
2024-07-19 14:56:00-04:00,1.6100000143051147,1.6100000143051147,1.600000023841858,1.600000023841858,269,0.0,0.0
2024-07-19 14:57:00-04:00,1.5800000429153442,1.600000023841858,1.5800000429153442,1.590000033378601,3589,0.0,0.0
2024-07-19 14:58:00-04:00,1.590000033378601,1.600000023841858,1.590000033378601,1.600000023841858,600,0.0,0.0
2024-07-19 15:03:00-04:00,1.6200000047683716,1.6299999952316284,1.6200000047683716,1.6299999952316284,323,0.0,0.0
2024-07-19 15:04:00-04:00,1.621999979019165,1.6299999952316284,1.5880000591278076,1.590000033378601,2600,0.0,0.0
2024-07-19 15:05:00-04:00,1.5999000072479248,1.6100000143051147,1.5999000072479248,1.6100000143051147,2100,0.0,0.0
2024-07-19 15:06:00-04:00,1.590000033378601,1.6095000505447388,1.5800000429153442,1.600000023841858,500,0.0,0.0
2024-07-19 15:07:00-04:00,1.6080000400543213,1.6100000143051147,1.600000023841858,1.6100000143051147,1002,0.0,0.0
2024-07-19 15:24:00-04:00,1.6100000143051147,1.6100000143051147,1.6100000143051147,1.6100000143051147,500,0.0,0.0
2024-07-19 15:25:00-04:00,1.625,1.625,1.625,1.625,169,0.0,0.0
2024-07-19 15:37:00-04:00,1.6100000143051147,1.6100000143051147,1.6100000143051147,1.6100000143051147,100,0.0,0.0
2024-07-19 15:39:00-04:00,1.6100000143051147,1.6100000143051147,1.6100000143051147,1.6100000143051147,737,0.0,0.0
2024-07-19 15:40:00-04:00,1.6009000539779663,1.6009000539779663,1.600000023841858,1.600000023841858,235,0.0,0.0
2024-07-19 15:41:00-04:00,1.6100000143051147,1.6100000143051147,1.600000023841858,1.600000023841858,413,0.0,0.0
2024-07-19 15:50:00-04:00,1.6200000047683716,1.6200000047683716,1.6200000047683716,1.6200000047683716,100,0.0,0.0
2024-07-19 15:52:00-04:00,1.6200000047683716,1.6200000047683716,1.6200000047683716,1.6200000047683716,100,0.0,0.0
2024-07-19 15:55:00-04:00,1.6200000047683716,1.6200000047683716,1.6200000047683716,1.6200000047683716,100,0.0,0.0
2024-07-19 15:58:00-04:00,1.6200000047683716,1.6200000047683716,1.6200000047683716,1.6200000047683716,559,0.0,0.0
2024-07-19 15:59:00-04:00,1.6299999952316284,1.6399999856948853,1.6299999952316284,1.6399999856948853,837,0.0,0.0
