Datetime,Open,High,Low,Close,Volume,Dividends,Stock Splits,Capital Gains
2024-07-15 09:30:00-04:00,144.63999938964844,144.63999938964844,144.63999938964844,144.63999938964844,4733,0.0,0.0,0.0
2024-07-15 09:33:00-04:00,144.17250061035156,144.17300415039062,144.17250061035156,144.17250061035156,274,0.0,0.0,0.0
2024-07-15 09:35:00-04:00,144.31500244140625,144.31500244140625,144.31500244140625,144.31500244140625,215,0.0,0.0,0.0
2024-07-15 09:38:00-04:00,144.46499633789062,144.46499633789062,144.4199981689453,144.4199981689453,593,0.0,0.0,0.0
2024-07-15 09:40:00-04:00,144.41000366210938,144.41000366210938,144.41000366210938,144.41000366210938,271,0.0,0.0,0.0
2024-07-15 09:43:00-04:00,144.49000549316406,144.49000549316406,144.49000549316406,144.49000549316406,901,0.0,0.0,0.0
2024-07-15 09:48:00-04:00,144.88999938964844,144.88999938964844,144.88999938964844,144.88999938964844,334,0.0,0.0,0.0
2024-07-15 09:49:00-04:00,145.0,145.05999755859375,145.0,145.05999755859375,1407,0.0,0.0,0.0
2024-07-15 09:52:00-04:00,144.9517059326172,145.10000610351562,144.9517059326172,145.10000610351562,1710,0.0,0.0,0.0
2024-07-15 09:53:00-04:00,145.14500427246094,145.1699981689453,145.14500427246094,145.1699981689453,462,0.0,0.0,0.0
2024-07-15 09:54:00-04:00,145.22999572753906,145.27999877929688,145.2100067138672,145.2100067138672,507,0.0,0.0,0.0
2024-07-15 09:55:00-04:00,145.16000366210938,145.16000366210938,145.16000366210938,145.16000366210938,316,0.0,0.0,0.0
2024-07-15 09:56:00-04:00,145.17979431152344,145.17979431152344,145.17979431152344,145.17979431152344,202,0.0,0.0,0.0
2024-07-15 09:57:00-04:00,145.05250549316406,145.17999267578125,145.05250549316406,145.17999267578125,305,0.0,0.0,0.0
2024-07-15 09:58:00-04:00,145.08999633789062,145.08999633789062,145.08999633789062,145.08999633789062,156,0.0,0.0,0.0
2024-07-15 09:59:00-04:00,145.14999389648438,145.14999389648438,145.13999938964844,145.13999938964844,406,0.0,0.0,0.0
2024-07-15 10:01:00-04:00,145.25999450683594,145.25999450683594,145.25999450683594,145.25999450683594,113,0.0,0.0,0.0
2024-07-15 10:02:00-04:00,145.17149353027344,145.3699951171875,145.17149353027344,145.3699951171875,712,0.0,0.0,0.0
2024-07-15 10:05:00-04:00,145.3350067138672,145.38999938964844,145.3350067138672,145.38999938964844,1784,0.0,0.0,0.0
2024-07-15 10:08:00-04:00,145.47000122070312,145.47000122070312,145.47000122070312,145.47000122070312,131,0.0,0.0,0.0
2024-07-15 10:09:00-04:00,145.39430236816406,145.39430236816406,145.39430236816406,145.39430236816406,454,0.0,0.0,0.0
2024-07-15 10:12:00-04:00,145.22000122070312,145.22000122070312,145.22000122070312,145.22000122070312,340,0.0,0.0,0.0
2024-07-15 10:13:00-04:00,145.3000030517578,145.3000030517578,145.3000030517578,145.3000030517578,624,0.0,0.0,0.0
2024-07-15 10:16:00-04:00,145.24000549316406,145.24000549316406,145.24000549316406,145.24000549316406,100,0.0,0.0,0.0
2024-07-15 10:17:00-04:00,145.25999450683594,145.25999450683594,145.13999938964844,145.17999267578125,680,0.0,0.0,0.0
2024-07-15 10:19:00-04:00,145.17999267578125,145.19000244140625,145.1425018310547,145.1425018310547,614,0.0,0.0,0.0
2024-07-15 10:20:00-04:00,145.19000244140625,145.19000244140625,145.19000244140625,145.19000244140625,19072,0.0,0.0,0.0
2024-07-15 10:28:00-04:00,145.16000366210938,145.16000366210938,145.16000366210938,145.16000366210938,3576,0.0,0.0,0.0
2024-07-15 10:30:00-04:00,145.0222930908203,145.08999633789062,145.0222930908203,145.08999633789062,411,0.0,0.0,0.0
2024-07-15 10:31:00-04:00,145.05999755859375,145.1300048828125,145.05999755859375,145.0850067138672,1940,0.0,0.0,0.0
2024-07-15 10:36:00-04:00,145.30999755859375,145.30999755859375,145.30999755859375,145.30999755859375,104,0.0,0.0,0.0
2024-07-15 10:37:00-04:00,145.2100067138672,145.2100067138672,145.2100067138672,145.2100067138672,294,0.0,0.0,0.0
2024-07-15 10:40:00-04:00,145.02999877929688,145.02999877929688,145.02999877929688,145.02999877929688,133,0.0,0.0,0.0
2024-07-15 10:41:00-04:00,145.05999755859375,145.05999755859375,145.05999755859375,145.05999755859375,151,0.0,0.0,0.0
2024-07-15 10:45:00-04:00,144.8350067138672,144.8350067138672,144.8350067138672,144.8350067138672,450,0.0,0.0,0.0
2024-07-15 10:47:00-04:00,144.8070068359375,144.89999389648438,144.8070068359375,144.89999389648438,663,0.0,0.0,0.0
2024-07-15 10:52:00-04:00,144.94000244140625,144.99000549316406,144.94000244140625,144.9499969482422,931,0.0,0.0,0.0
2024-07-15 10:55:00-04:00,144.9499969482422,144.97000122070312,144.9499969482422,144.97000122070312,1312,0.0,0.0,0.0
2024-07-15 10:57:00-04:00,144.85499572753906,144.85499572753906,144.85499572753906,144.85499572753906,142,0.0,0.0,0.0
2024-07-15 10:58:00-04:00,144.88999938964844,144.88999938964844,144.88999938964844,144.88999938964844,154,0.0,0.0,0.0
2024-07-15 11:00:00-04:00,144.81500244140625,144.81500244140625,144.81500244140625,144.81500244140625,336,0.0,0.0,0.0
2024-07-15 11:02:00-04:00,144.91000366210938,144.9199981689453,144.91000366210938,144.9199981689453,456,0.0,0.0,0.0
2024-07-15 11:09:00-04:00,144.9499969482422,144.9499969482422,144.908203125,144.9499969482422,280,0.0,0.0,0.0
2024-07-15 11:10:00-04:00,144.9600067138672,144.9600067138672,144.9600067138672,144.9600067138672,316,0.0,0.0,0.0
2024-07-15 11:14:00-04:00,145.0800018310547,145.0800018310547,145.0800018310547,145.0800018310547,357,0.0,0.0,0.0
2024-07-15 11:19:00-04:00,145.15499877929688,145.1999969482422,145.15499877929688,145.15499877929688,778,0.0,0.0,0.0
2024-07-15 11:23:00-04:00,145.3000030517578,145.3000030517578,145.3000030517578,145.3000030517578,182,0.0,0.0,0.0
2024-07-15 11:24:00-04:00,145.32000732421875,145.35000610351562,145.32000732421875,145.35000610351562,204,0.0,0.0,0.0
2024-07-15 11:25:00-04:00,145.36000061035156,145.36000061035156,145.35000610351562,145.36000061035156,660,0.0,0.0,0.0
2024-07-15 11:28:00-04:00,145.2913055419922,145.2913055419922,145.2913055419922,145.2913055419922,522,0.0,0.0,0.0
2024-07-15 11:30:00-04:00,145.25,145.25,145.25,145.25,126,0.0,0.0,0.0
2024-07-15 11:32:00-04:00,145.15499877929688,145.2100067138672,145.15499877929688,145.2100067138672,2550,0.0,0.0,0.0
2024-07-15 11:37:00-04:00,145.35000610351562,145.35000610351562,145.35000610351562,145.35000610351562,234,0.0,0.0,0.0
2024-07-15 11:38:00-04:00,145.33290100097656,145.33290100097656,145.33290100097656,145.33290100097656,111,0.0,0.0,0.0
2024-07-15 11:39:00-04:00,145.41000366210938,145.41000366210938,145.41000366210938,145.41000366210938,315,0.0,0.0,0.0
2024-07-15 11:42:00-04:00,145.42999267578125,145.5,145.42999267578125,145.5,965,0.0,0.0,0.0
2024-07-15 11:45:00-04:00,145.33999633789062,145.33999633789062,145.33999633789062,145.33999633789062,344,0.0,0.0,0.0
2024-07-15 11:47:00-04:00,145.3300018310547,145.3300018310547,145.3300018310547,145.3300018310547,204,0.0,0.0,0.0
2024-07-15 11:48:00-04:00,145.3800048828125,145.41619873046875,145.3800048828125,145.41619873046875,587,0.0,0.0,0.0
2024-07-15 11:52:00-04:00,145.47000122070312,145.47000122070312,145.47000122070312,145.47000122070312,132,0.0,0.0,0.0
2024-07-15 11:53:00-04:00,145.47000122070312,145.50999450683594,145.47000122070312,145.50999450683594,455,0.0,0.0,0.0
2024-07-15 11:55:00-04:00,145.50999450683594,145.50999450683594,145.50799560546875,145.50799560546875,380,0.0,0.0,0.0
2024-07-15 11:57:00-04:00,145.5500030517578,145.5500030517578,145.5500030517578,145.5500030517578,114,0.0,0.0,0.0
2024-07-15 12:00:00-04:00,145.4949951171875,145.4949951171875,145.4949951171875,145.4949951171875,196,0.0,0.0,0.0
2024-07-15 12:01:00-04:00,145.47000122070312,145.47000122070312,145.47000122070312,145.47000122070312,200,0.0,0.0,0.0
2024-07-15 12:03:00-04:00,145.4949951171875,145.4949951171875,145.4949951171875,145.4949951171875,214,0.0,0.0,0.0
2024-07-15 12:04:00-04:00,145.44000244140625,145.44000244140625,145.44000244140625,145.44000244140625,500,0.0,0.0,0.0
2024-07-15 12:06:00-04:00,145.37600708007812,145.37600708007812,145.37600708007812,145.37600708007812,504,0.0,0.0,0.0
2024-07-15 12:08:00-04:00,145.47999572753906,145.47999572753906,145.47999572753906,145.47999572753906,221,0.0,0.0,0.0
2024-07-15 12:09:00-04:00,145.49000549316406,145.49000549316406,145.49000549316406,145.49000549316406,160,0.0,0.0,0.0
2024-07-15 12:10:00-04:00,145.52999877929688,145.52999877929688,145.52999877929688,145.52999877929688,385,0.0,0.0,0.0
2024-07-15 12:11:00-04:00,145.47000122070312,145.52000427246094,145.47000122070312,145.52000427246094,582,0.0,0.0,0.0
2024-07-15 12:14:00-04:00,145.4600067138672,145.4600067138672,145.4600067138672,145.4600067138672,216,0.0,0.0,0.0
2024-07-15 12:17:00-04:00,145.50999450683594,145.50999450683594,145.50999450683594,145.50999450683594,129,0.0,0.0,0.0
2024-07-15 12:19:00-04:00,145.52000427246094,145.52000427246094,145.52000427246094,145.52000427246094,410,0.0,0.0,0.0
2024-07-15 12:22:00-04:00,145.4600067138672,145.4600067138672,145.4600067138672,145.4600067138672,480,0.0,0.0,0.0
2024-07-15 12:25:00-04:00,145.48500061035156,145.48500061035156,145.48500061035156,145.48500061035156,219,0.0,0.0,0.0
2024-07-15 12:30:00-04:00,145.47999572753906,145.47999572753906,145.47999572753906,145.47999572753906,466,0.0,0.0,0.0
2024-07-15 12:33:00-04:00,145.3560028076172,145.3560028076172,145.3560028076172,145.3560028076172,603,0.0,0.0,0.0
2024-07-15 12:41:00-04:00,145.30999755859375,145.30999755859375,145.30999755859375,145.30999755859375,352,0.0,0.0,0.0
2024-07-15 12:42:00-04:00,145.3800048828125,145.41000366210938,145.3800048828125,145.41000366210938,533,0.0,0.0,0.0
2024-07-15 12:47:00-04:00,145.19500732421875,145.24000549316406,145.19500732421875,145.24000549316406,307,0.0,0.0,0.0
2024-07-15 12:48:00-04:00,145.19000244140625,145.19000244140625,145.19000244140625,145.19000244140625,281,0.0,0.0,0.0
2024-07-15 12:51:00-04:00,145.24000549316406,145.25,145.24000549316406,145.25,329,0.0,0.0,0.0
2024-07-15 12:52:00-04:00,145.27000427246094,145.27000427246094,145.27000427246094,145.27000427246094,100,0.0,0.0,0.0
2024-07-15 12:54:00-04:00,145.19000244140625,145.24830627441406,145.19000244140625,145.24830627441406,393,0.0,0.0,0.0
2024-07-15 12:57:00-04:00,145.25,145.25,145.25,145.25,100,0.0,0.0,0.0
2024-07-15 12:58:00-04:00,145.21499633789062,145.21499633789062,145.21499633789062,145.21499633789062,503,0.0,0.0,0.0
2024-07-15 12:59:00-04:00,145.14999389648438,145.14999389648438,145.14999389648438,145.14999389648438,1564,0.0,0.0,0.0
2024-07-15 13:04:00-04:00,144.9250030517578,144.9250030517578,144.9250030517578,144.9250030517578,245,0.0,0.0,0.0
2024-07-15 13:05:00-04:00,144.97999572753906,144.97999572753906,144.97999572753906,144.97999572753906,144,0.0,0.0,0.0
2024-07-15 13:09:00-04:00,145.16000366210938,145.16000366210938,145.16000366210938,145.16000366210938,341,0.0,0.0,0.0
2024-07-15 13:14:00-04:00,145.13999938964844,145.13999938964844,145.13999938964844,145.13999938964844,208,0.0,0.0,0.0
2024-07-15 13:17:00-04:00,145.1699981689453,145.1699981689453,145.1699981689453,145.1699981689453,317,0.0,0.0,0.0
2024-07-15 13:21:00-04:00,145.22999572753906,145.22999572753906,145.22999572753906,145.22999572753906,238,0.0,0.0,0.0
2024-07-15 13:22:00-04:00,145.32000732421875,145.33999633789062,145.32000732421875,145.33999633789062,306,0.0,0.0,0.0
2024-07-15 13:24:00-04:00,145.3300018310547,145.41000366210938,145.3300018310547,145.41000366210938,428,0.0,0.0,0.0
2024-07-15 13:25:00-04:00,145.3800048828125,145.3800048828125,145.3800048828125,145.3800048828125,337,0.0,0.0,0.0
2024-07-15 13:29:00-04:00,145.17539978027344,145.17539978027344,145.17539978027344,145.17539978027344,496,0.0,0.0,0.0
2024-07-15 13:31:00-04:00,145.1699981689453,145.1699981689453,145.1699981689453,145.1699981689453,499,0.0,0.0,0.0
2024-07-15 13:34:00-04:00,144.99000549316406,144.99000549316406,144.99000549316406,144.99000549316406,101,0.0,0.0,0.0
2024-07-15 13:37:00-04:00,145.00999450683594,145.02000427246094,145.00999450683594,145.02000427246094,346,0.0,0.0,0.0
2024-07-15 13:40:00-04:00,145.02000427246094,145.0500030517578,145.02000427246094,145.0500030517578,207,0.0,0.0,0.0
2024-07-15 13:42:00-04:00,145.07000732421875,145.07000732421875,145.07000732421875,145.07000732421875,646,0.0,0.0,0.0
2024-07-15 13:47:00-04:00,145.0399932861328,145.0399932861328,145.0399932861328,145.0399932861328,364,0.0,0.0,0.0
2024-07-15 13:52:00-04:00,145.00999450683594,145.00999450683594,145.00999450683594,145.00999450683594,323,0.0,0.0,0.0
2024-07-15 13:53:00-04:00,145.02999877929688,145.05999755859375,145.02999877929688,145.05999755859375,281,0.0,0.0,0.0
2024-07-15 13:55:00-04:00,145.1300048828125,145.1300048828125,145.1300048828125,145.1300048828125,234,0.0,0.0,0.0
2024-07-15 13:59:00-04:00,145.0500030517578,145.0500030517578,145.0500030517578,145.0500030517578,124,0.0,0.0,0.0
2024-07-15 14:01:00-04:00,144.97000122070312,144.97000122070312,144.97000122070312,144.97000122070312,126,0.0,0.0,0.0
2024-07-15 14:04:00-04:00,145.0800018310547,145.0800018310547,145.0800018310547,145.0800018310547,210,0.0,0.0,0.0
2024-07-15 14:05:00-04:00,145.0850067138672,145.0850067138672,145.0850067138672,145.0850067138672,354,0.0,0.0,0.0
2024-07-15 14:09:00-04:00,145.0800018310547,145.0800018310547,145.0800018310547,145.0800018310547,173,0.0,0.0,0.0
2024-07-15 14:10:00-04:00,145.13999938964844,145.14999389648438,145.13999938964844,145.13999938964844,543,0.0,0.0,0.0
2024-07-15 14:14:00-04:00,145.0,145.0,145.0,145.0,203,0.0,0.0,0.0
2024-07-15 14:15:00-04:00,145.01280212402344,145.02999877929688,145.01280212402344,145.02999877929688,493,0.0,0.0,0.0
2024-07-15 14:16:00-04:00,144.99000549316406,144.99000549316406,144.99000549316406,144.99000549316406,391,0.0,0.0,0.0
2024-07-15 14:21:00-04:00,145.0800018310547,145.0800018310547,145.0800018310547,145.0800018310547,162,0.0,0.0,0.0
2024-07-15 14:22:00-04:00,145.0800018310547,145.10000610351562,145.07000732421875,145.10000610351562,758,0.0,0.0,0.0
2024-07-15 14:23:00-04:00,145.13150024414062,145.13150024414062,145.13150024414062,145.13150024414062,100,0.0,0.0,0.0
2024-07-15 14:24:00-04:00,145.16000366210938,145.1999969482422,145.16000366210938,145.1999969482422,953,0.0,0.0,0.0
2024-07-15 14:26:00-04:00,145.1999969482422,145.22999572753906,145.16000366210938,145.16000366210938,1160,0.0,0.0,0.0
2024-07-15 14:28:00-04:00,145.19659423828125,145.19659423828125,145.16000366210938,145.19000244140625,407,0.0,0.0,0.0
2024-07-15 14:30:00-04:00,145.16000366210938,145.16000366210938,145.13999938964844,145.13999938964844,528,0.0,0.0,0.0
2024-07-15 14:31:00-04:00,145.1300048828125,145.1300048828125,145.1300048828125,145.1300048828125,505,0.0,0.0,0.0
2024-07-15 14:32:00-04:00,145.14999389648438,145.1699981689453,145.14999389648438,145.1699981689453,278,0.0,0.0,0.0
2024-07-15 14:35:00-04:00,145.2100067138672,145.2100067138672,145.2100067138672,145.2100067138672,207,0.0,0.0,0.0
2024-07-15 14:37:00-04:00,145.16000366210938,145.16000366210938,145.1300048828125,145.1300048828125,236,0.0,0.0,0.0
2024-07-15 14:38:00-04:00,145.15499877929688,145.15499877929688,145.15499877929688,145.15499877929688,206,0.0,0.0,0.0
2024-07-15 14:44:00-04:00,145.1999969482422,145.22999572753906,145.1999969482422,145.22999572753906,400,0.0,0.0,0.0
2024-07-15 14:45:00-04:00,145.22999572753906,145.22999572753906,145.22999572753906,145.22999572753906,64503,0.0,0.0,0.0
2024-07-15 14:46:00-04:00,145.19000244140625,145.19000244140625,145.19000244140625,145.19000244140625,327,0.0,0.0,0.0
2024-07-15 14:48:00-04:00,145.17999267578125,145.22000122070312,145.17999267578125,145.17999267578125,616,0.0,0.0,0.0
2024-07-15 14:49:00-04:00,145.2100067138672,145.2100067138672,145.2100067138672,145.2100067138672,113,0.0,0.0,0.0
2024-07-15 14:51:00-04:00,145.17999267578125,145.17999267578125,145.17999267578125,145.17999267578125,670,0.0,0.0,0.0
2024-07-15 14:54:00-04:00,145.22000122070312,145.22000122070312,145.22000122070312,145.22000122070312,330,0.0,0.0,0.0
2024-07-15 14:56:00-04:00,145.1300048828125,145.14999389648438,145.1300048828125,145.14999389648438,292,0.0,0.0,0.0
2024-07-15 14:58:00-04:00,145.18499755859375,145.18499755859375,145.18499755859375,145.18499755859375,345,0.0,0.0,0.0
2024-07-15 15:00:00-04:00,145.24000549316406,145.24000549316406,145.24000549316406,145.24000549316406,137,0.0,0.0,0.0
2024-07-15 15:01:00-04:00,145.21499633789062,145.21499633789062,145.21499633789062,145.21499633789062,526,0.0,0.0,0.0
2024-07-15 15:04:00-04:00,145.22000122070312,145.22000122070312,145.22000122070312,145.22000122070312,117,0.0,0.0,0.0
2024-07-15 15:05:00-04:00,145.22999572753906,145.22999572753906,145.22999572753906,145.22999572753906,185,0.0,0.0,0.0
2024-07-15 15:09:00-04:00,145.3000030517578,145.3000030517578,145.3000030517578,145.3000030517578,171,0.0,0.0,0.0
2024-07-15 15:10:00-04:00,145.33999633789062,145.33999633789062,145.33999633789062,145.33999633789062,153,0.0,0.0,0.0
2024-07-15 15:12:00-04:00,145.32000732421875,145.33999633789062,145.32000732421875,145.33999633789062,26224,0.0,0.0,0.0
2024-07-15 15:15:00-04:00,145.36000061035156,145.36000061035156,145.36000061035156,145.36000061035156,236,0.0,0.0,0.0
2024-07-15 15:17:00-04:00,145.42999267578125,145.42999267578125,145.42999267578125,145.42999267578125,116,0.0,0.0,0.0
2024-07-15 15:18:00-04:00,145.38999938964844,145.38999938964844,145.38999938964844,145.38999938964844,272,0.0,0.0,0.0
2024-07-15 15:20:00-04:00,145.39999389648438,145.41000366210938,145.38490295410156,145.41000366210938,535,0.0,0.0,0.0
2024-07-15 15:22:00-04:00,145.47000122070312,145.47000122070312,145.47000122070312,145.47000122070312,341,0.0,0.0,0.0
2024-07-15 15:24:00-04:00,145.49000549316406,145.49000549316406,145.49000549316406,145.49000549316406,185,0.0,0.0,0.0
2024-07-15 15:25:00-04:00,145.49000549316406,145.5,145.4600067138672,145.4600067138672,990,0.0,0.0,0.0
2024-07-15 15:28:00-04:00,145.32000732421875,145.32000732421875,145.32000732421875,145.32000732421875,201,0.0,0.0,0.0
2024-07-15 15:29:00-04:00,145.3000030517578,145.3000030517578,145.3000030517578,145.3000030517578,309,0.0,0.0,0.0
2024-07-15 15:33:00-04:00,145.25,145.25,145.25,145.25,297,0.0,0.0,0.0
2024-07-15 15:34:00-04:00,145.2100067138672,145.2100067138672,145.2100067138672,145.2100067138672,446,0.0,0.0,0.0
2024-07-15 15:39:00-04:00,145.15499877929688,145.15499877929688,145.15499877929688,145.15499877929688,282,0.0,0.0,0.0
2024-07-15 15:43:00-04:00,145.13999938964844,145.13999938964844,145.13999938964844,145.13999938964844,308,0.0,0.0,0.0
2024-07-15 15:44:00-04:00,145.13999938964844,145.14999389648438,145.11000061035156,145.11000061035156,780,0.0,0.0,0.0
2024-07-15 15:47:00-04:00,145.0800018310547,145.0800018310547,145.0500030517578,145.0500030517578,464,0.0,0.0,0.0
2024-07-15 15:48:00-04:00,145.0399932861328,145.0399932861328,145.0399932861328,145.0399932861328,228,0.0,0.0,0.0
2024-07-15 15:50:00-04:00,145.02999877929688,145.02999877929688,145.02999877929688,145.02999877929688,183,0.0,0.0,0.0
2024-07-15 15:51:00-04:00,145.02029418945312,145.02029418945312,144.97999572753906,144.97999572753906,471,0.0,0.0,0.0
2024-07-15 15:53:00-04:00,144.8699951171875,144.8699951171875,144.8699951171875,144.8699951171875,391,0.0,0.0,0.0
2024-07-15 15:54:00-04:00,144.99000549316406,144.99000549316406,144.99000549316406,144.99000549316406,229,0.0,0.0,0.0
2024-07-15 15:55:00-04:00,144.97999572753906,145.00999450683594,144.97999572753906,145.00999450683594,1135,0.0,0.0,0.0
2024-07-15 15:56:00-04:00,144.99000549316406,144.99000549316406,144.99000549316406,144.99000549316406,100,0.0,0.0,0.0
2024-07-15 15:57:00-04:00,144.97999572753906,144.97999572753906,144.97999572753906,144.97999572753906,433,0.0,0.0,0.0
2024-07-15 15:58:00-04:00,144.94000244140625,144.9499969482422,144.92999267578125,144.9499969482422,1049,0.0,0.0,0.0
2024-07-15 15:59:00-04:00,144.93499755859375,144.99000549316406,144.92999267578125,144.99000549316406,2253,0.0,0.0,0.0
2024-07-16 09:30:00-04:00,145.69000244140625,145.69000244140625,145.69000244140625,145.69000244140625,1330,0.0,0.0,0.0
2024-07-16 09:31:00-04:00,145.7415008544922,145.74200439453125,145.7415008544922,145.74200439453125,498,0.0,0.0,0.0
2024-07-16 09:34:00-04:00,145.78810119628906,145.78810119628906,145.78810119628906,145.78810119628906,438,0.0,0.0,0.0
2024-07-16 09:36:00-04:00,145.86500549316406,145.86500549316406,145.86500549316406,145.86500549316406,135,0.0,0.0,0.0
2024-07-16 09:37:00-04:00,145.9232940673828,145.9232940673828,145.9232940673828,145.9232940673828,277,0.0,0.0,0.0
2024-07-16 09:40:00-04:00,146.42999267578125,146.42999267578125,146.42999267578125,146.42999267578125,367,0.0,0.0,0.0
2024-07-16 09:44:00-04:00,146.47540283203125,146.47540283203125,146.47500610351562,146.47540283203125,368,0.0,0.0,0.0
2024-07-16 09:45:00-04:00,146.6199951171875,146.6199951171875,146.6199951171875,146.6199951171875,302,0.0,0.0,0.0
2024-07-16 09:46:00-04:00,146.75,146.81869506835938,146.75,146.75,621,0.0,0.0,0.0
2024-07-16 09:47:00-04:00,146.91000366210938,146.91000366210938,146.91000366210938,146.91000366210938,302,0.0,0.0,0.0
2024-07-16 09:48:00-04:00,146.8800048828125,146.94000244140625,146.81739807128906,146.8800048828125,1116,0.0,0.0,0.0
2024-07-16 09:50:00-04:00,147.0,147.0,147.0,147.0,300,0.0,0.0,0.0
2024-07-16 09:51:00-04:00,147.02999877929688,147.02999877929688,147.02999877929688,147.02999877929688,251,0.0,0.0,0.0
2024-07-16 09:52:00-04:00,147.00999450683594,147.00999450683594,147.00999450683594,147.00999450683594,155,0.0,0.0,0.0
2024-07-16 09:54:00-04:00,146.9506072998047,146.9506072998047,146.9506072998047,146.9506072998047,359,0.0,0.0,0.0
2024-07-16 09:58:00-04:00,147.17999267578125,147.17999267578125,147.17999267578125,147.17999267578125,430,0.0,0.0,0.0
2024-07-16 10:00:00-04:00,147.37989807128906,147.37989807128906,147.3699951171875,147.3699951171875,1541,0.0,0.0,0.0
2024-07-16 10:05:00-04:00,147.202392578125,147.202392578125,147.1300048828125,147.1300048828125,697,0.0,0.0,0.0
2024-07-16 10:10:00-04:00,147.05810546875,147.05810546875,147.05810546875,147.05810546875,300,0.0,0.0,0.0
2024-07-16 10:15:00-04:00,147.33999633789062,147.33999633789062,147.33999633789062,147.33999633789062,123,0.0,0.0,0.0
2024-07-16 10:16:00-04:00,147.44000244140625,147.44500732421875,147.44000244140625,147.44500732421875,620,0.0,0.0,0.0
2024-07-16 10:19:00-04:00,147.36000061035156,147.36000061035156,147.3300018310547,147.3592071533203,580,0.0,0.0,0.0
2024-07-16 10:20:00-04:00,147.30780029296875,147.30780029296875,147.30780029296875,147.30780029296875,309,0.0,0.0,0.0
2024-07-16 10:21:00-04:00,147.32000732421875,147.33999633789062,147.32000732421875,147.33059692382812,1163,0.0,0.0,0.0
2024-07-16 10:22:00-04:00,147.27999877929688,147.27999877929688,147.22999572753906,147.22999572753906,535,0.0,0.0,0.0
2024-07-16 10:28:00-04:00,147.14500427246094,147.14500427246094,147.14500427246094,147.14500427246094,469,0.0,0.0,0.0
2024-07-16 10:39:00-04:00,147.43800354003906,147.44000244140625,147.4199981689453,147.4199981689453,822,0.0,0.0,0.0
2024-07-16 10:47:00-04:00,147.3699951171875,147.3800048828125,147.3699951171875,147.3800048828125,317,0.0,0.0,0.0
2024-07-16 10:49:00-04:00,147.60000610351562,147.60000610351562,147.60000610351562,147.60000610351562,180,0.0,0.0,0.0
2024-07-16 10:50:00-04:00,147.6699981689453,147.6699981689453,147.6699981689453,147.6699981689453,181,0.0,0.0,0.0
2024-07-16 10:51:00-04:00,147.72999572753906,147.72999572753906,147.7200927734375,147.7200927734375,614,0.0,0.0,0.0
2024-07-16 10:53:00-04:00,147.85000610351562,147.85000610351562,147.85000610351562,147.85000610351562,328,0.0,0.0,0.0
2024-07-16 10:56:00-04:00,147.82000732421875,147.82000732421875,147.82000732421875,147.82000732421875,226,0.0,0.0,0.0
2024-07-16 10:57:00-04:00,147.75,147.75,147.75,147.75,107,0.0,0.0,0.0
2024-07-16 10:58:00-04:00,147.7899932861328,147.80999755859375,147.7899932861328,147.80999755859375,810,0.0,0.0,0.0
2024-07-16 11:01:00-04:00,147.7899932861328,147.7899932861328,147.77999877929688,147.77999877929688,1681,0.0,0.0,0.0
2024-07-16 11:02:00-04:00,147.75999450683594,147.82000732421875,147.75999450683594,147.82000732421875,321,0.0,0.0,0.0
2024-07-16 11:03:00-04:00,147.8699951171875,147.8699951171875,147.8699951171875,147.8699951171875,189,0.0,0.0,0.0
2024-07-16 11:04:00-04:00,147.89999389648438,147.89999389648438,147.89999389648438,147.89999389648438,107,0.0,0.0,0.0
2024-07-16 11:05:00-04:00,147.8997039794922,147.8997039794922,147.8997039794922,147.8997039794922,720,0.0,0.0,0.0
2024-07-16 11:06:00-04:00,147.9199981689453,147.9550018310547,147.9199981689453,147.9199981689453,989,0.0,0.0,0.0
2024-07-16 11:08:00-04:00,147.91050720214844,147.91050720214844,147.91050720214844,147.91050720214844,260,0.0,0.0,0.0
2024-07-16 11:09:00-04:00,148.0,148.0,148.0,148.0,694,0.0,0.0,0.0
2024-07-16 11:10:00-04:00,148.0850067138672,148.0850067138672,148.0850067138672,148.0850067138672,100,0.0,0.0,0.0
2024-07-16 11:11:00-04:00,148.11000061035156,148.11000061035156,148.11000061035156,148.11000061035156,865,0.0,0.0,0.0
2024-07-16 11:12:00-04:00,148.22999572753906,148.22999572753906,148.22999572753906,148.22999572753906,101,0.0,0.0,0.0
2024-07-16 11:13:00-04:00,148.25,148.25,148.25,148.25,236,0.0,0.0,0.0
2024-07-16 11:14:00-04:00,148.16000366210938,148.16000366210938,148.16000366210938,148.16000366210938,352,0.0,0.0,0.0
2024-07-16 11:16:00-04:00,148.16000366210938,148.16000366210938,148.16000366210938,148.16000366210938,460,0.0,0.0,0.0
2024-07-16 11:17:00-04:00,148.16000366210938,148.16000366210938,148.16000366210938,148.16000366210938,107,0.0,0.0,0.0
2024-07-16 11:18:00-04:00,148.2156982421875,148.2156982421875,148.2156982421875,148.2156982421875,1087,0.0,0.0,0.0
2024-07-16 11:19:00-04:00,148.27000427246094,148.27000427246094,148.27000427246094,148.27000427246094,335,0.0,0.0,0.0
2024-07-16 11:20:00-04:00,148.19000244140625,148.19000244140625,148.19000244140625,148.19000244140625,383,0.0,0.0,0.0
2024-07-16 11:22:00-04:00,148.22999572753906,148.22999572753906,148.2227020263672,148.22999572753906,922,0.0,0.0,0.0
2024-07-16 11:24:00-04:00,148.16000366210938,148.16000366210938,148.16000366210938,148.16000366210938,221,0.0,0.0,0.0
2024-07-16 11:26:00-04:00,148.14199829101562,148.15499877929688,148.11740112304688,148.15499877929688,1234,0.0,0.0,0.0
2024-07-16 11:27:00-04:00,148.19000244140625,148.19000244140625,148.19000244140625,148.19000244140625,432,0.0,0.0,0.0
2024-07-16 11:30:00-04:00,148.1300048828125,148.1300048828125,148.1300048828125,148.1300048828125,29354,0.0,0.0,0.0
2024-07-16 11:32:00-04:00,148.1300048828125,148.1300048828125,148.1300048828125,148.1300048828125,268,0.0,0.0,0.0
2024-07-16 11:37:00-04:00,148.1300048828125,148.1300048828125,148.1300048828125,148.1300048828125,177,0.0,0.0,0.0
2024-07-16 11:40:00-04:00,148.2100067138672,148.2100067138672,148.2100067138672,148.2100067138672,538,0.0,0.0,0.0
2024-07-16 11:42:00-04:00,148.1300048828125,148.1300048828125,148.1300048828125,148.1300048828125,423,0.0,0.0,0.0
2024-07-16 11:43:00-04:00,148.1300048828125,148.1300048828125,148.08999633789062,148.08999633789062,1244,0.0,0.0,0.0
2024-07-16 11:48:00-04:00,148.00999450683594,148.00999450683594,148.00999450683594,148.00999450683594,350,0.0,0.0,0.0
2024-07-16 11:50:00-04:00,148.00999450683594,148.05999755859375,148.00999450683594,148.0399932861328,1641,0.0,0.0,0.0
2024-07-16 11:53:00-04:00,148.05999755859375,148.05999755859375,148.05999755859375,148.05999755859375,299,0.0,0.0,0.0
2024-07-16 11:55:00-04:00,148.02999877929688,148.03500366210938,148.02999877929688,148.03500366210938,287,0.0,0.0,0.0
2024-07-16 11:57:00-04:00,148.0500030517578,148.0500030517578,148.0500030517578,148.0500030517578,180,0.0,0.0,0.0
2024-07-16 11:58:00-04:00,148.0800018310547,148.08819580078125,148.0800018310547,148.08819580078125,407,0.0,0.0,0.0
2024-07-16 11:59:00-04:00,148.0800018310547,148.0800018310547,148.0800018310547,148.0800018310547,134,0.0,0.0,0.0
2024-07-16 12:00:00-04:00,148.06520080566406,148.06520080566406,148.06520080566406,148.06520080566406,479,0.0,0.0,0.0
2024-07-16 12:01:00-04:00,148.0,148.0,148.0,148.0,1099,0.0,0.0,0.0
2024-07-16 12:02:00-04:00,148.02000427246094,148.02000427246094,148.02000427246094,148.02000427246094,106,0.0,0.0,0.0
2024-07-16 12:03:00-04:00,147.92010498046875,148.00999450683594,147.92010498046875,148.00999450683594,967,0.0,0.0,0.0
2024-07-16 12:05:00-04:00,148.00999450683594,148.0500030517578,148.00999450683594,148.0500030517578,520,0.0,0.0,0.0
2024-07-16 12:10:00-04:00,148.22999572753906,148.3000030517578,148.22999572753906,148.3000030517578,1108,0.0,0.0,0.0
2024-07-16 12:11:00-04:00,148.27999877929688,148.27999877929688,148.27999877929688,148.27999877929688,327,0.0,0.0,0.0
2024-07-16 12:14:00-04:00,148.36000061035156,148.36000061035156,148.36000061035156,148.36000061035156,324,0.0,0.0,0.0
2024-07-16 12:15:00-04:00,148.42990112304688,148.42990112304688,148.42990112304688,148.42990112304688,223,0.0,0.0,0.0
2024-07-16 12:16:00-04:00,148.3300018310547,148.3300018310547,148.3300018310547,148.3300018310547,201,0.0,0.0,0.0
2024-07-16 12:17:00-04:00,148.27999877929688,148.32200622558594,148.27999877929688,148.32200622558594,294,0.0,0.0,0.0
2024-07-16 12:21:00-04:00,148.44000244140625,148.49000549316406,148.44000244140625,148.49000549316406,552,0.0,0.0,0.0
2024-07-16 12:27:00-04:00,148.52740478515625,148.52740478515625,148.52740478515625,148.52740478515625,314,0.0,0.0,0.0
2024-07-16 12:29:00-04:00,148.4499969482422,148.4600067138672,148.4499969482422,148.4600067138672,331,0.0,0.0,0.0
2024-07-16 12:30:00-04:00,148.39999389648438,148.39999389648438,148.39450073242188,148.39450073242188,928,0.0,0.0,0.0
2024-07-16 12:34:00-04:00,148.49000549316406,148.49000549316406,148.49000549316406,148.49000549316406,957,0.0,0.0,0.0
2024-07-16 12:48:00-04:00,148.61000061035156,148.61000061035156,148.61000061035156,148.61000061035156,235,0.0,0.0,0.0
2024-07-16 12:54:00-04:00,148.6300048828125,148.6300048828125,148.6300048828125,148.6300048828125,300,0.0,0.0,0.0
2024-07-16 12:55:00-04:00,148.6750030517578,148.6750030517578,148.6750030517578,148.6750030517578,450,0.0,0.0,0.0
2024-07-16 12:57:00-04:00,148.6199951171875,148.6199951171875,148.6199951171875,148.6199951171875,254,0.0,0.0,0.0
2024-07-16 13:03:00-04:00,148.7100067138672,148.73500061035156,148.7100067138672,148.73500061035156,447,0.0,0.0,0.0
2024-07-16 13:07:00-04:00,148.72000122070312,148.72000122070312,148.72000122070312,148.72000122070312,698,0.0,0.0,0.0
2024-07-16 13:14:00-04:00,148.6300048828125,148.6300048828125,148.6300048828125,148.6300048828125,320,0.0,0.0,0.0
2024-07-16 13:21:00-04:00,148.67999267578125,148.67999267578125,148.67999267578125,148.67999267578125,221,0.0,0.0,0.0
2024-07-16 13:22:00-04:00,148.75999450683594,148.77000427246094,148.75999450683594,148.77000427246094,753,0.0,0.0,0.0
2024-07-16 13:26:00-04:00,148.7299041748047,148.7299041748047,148.67999267578125,148.67999267578125,455,0.0,0.0,0.0
2024-07-16 13:28:00-04:00,148.69500732421875,148.69500732421875,148.6717071533203,148.6717071533203,630,0.0,0.0,0.0
2024-07-16 13:30:00-04:00,148.64999389648438,148.64999389648438,148.64999389648438,148.64999389648438,311,0.0,0.0,0.0
2024-07-16 13:32:00-04:00,148.64370727539062,148.64370727539062,148.6208038330078,148.6208038330078,334,0.0,0.0,0.0
2024-07-16 13:38:00-04:00,148.72999572753906,148.75,148.72999572753906,148.75,673,0.0,0.0,0.0
2024-07-16 13:39:00-04:00,148.7100067138672,148.75,148.7100067138672,148.75,761,0.0,0.0,0.0
2024-07-16 13:44:00-04:00,148.69000244140625,148.69000244140625,148.69000244140625,148.69000244140625,101,0.0,0.0,0.0
2024-07-16 13:46:00-04:00,148.70750427246094,148.70750427246094,148.70750427246094,148.70750427246094,166,0.0,0.0,0.0
2024-07-16 13:50:00-04:00,148.6949005126953,148.6949005126953,148.6949005126953,148.6949005126953,145,0.0,0.0,0.0
2024-07-16 13:51:00-04:00,148.71420288085938,148.71420288085938,148.71420288085938,148.71420288085938,356,0.0,0.0,0.0
2024-07-16 13:52:00-04:00,148.66000366210938,148.66000366210938,148.6300048828125,148.6300048828125,595,0.0,0.0,0.0
2024-07-16 13:53:00-04:00,148.66000366210938,148.66000366210938,148.66000366210938,148.66000366210938,237,0.0,0.0,0.0
2024-07-16 13:56:00-04:00,148.74569702148438,148.768798828125,148.74569702148438,148.768798828125,254,0.0,0.0,0.0
2024-07-16 13:58:00-04:00,148.74899291992188,148.74899291992188,148.7050018310547,148.7050018310547,1082,0.0,0.0,0.0
2024-07-16 14:00:00-04:00,148.64999389648438,148.64999389648438,148.64999389648438,148.64999389648438,335,0.0,0.0,0.0
2024-07-16 14:03:00-04:00,148.66000366210938,148.66000366210938,148.66000366210938,148.66000366210938,101,0.0,0.0,0.0
2024-07-16 14:04:00-04:00,148.64500427246094,148.64500427246094,148.64500427246094,148.64500427246094,526,0.0,0.0,0.0
2024-07-16 14:06:00-04:00,148.6674041748047,148.6674041748047,148.6674041748047,148.6674041748047,563,0.0,0.0,0.0
2024-07-16 14:11:00-04:00,148.8800048828125,148.8800048828125,148.8800048828125,148.8800048828125,298,0.0,0.0,0.0
2024-07-16 14:15:00-04:00,148.85000610351562,148.85000610351562,148.85000610351562,148.85000610351562,113,0.0,0.0,0.0
2024-07-16 14:16:00-04:00,148.77999877929688,148.77999877929688,148.77999877929688,148.77999877929688,422,0.0,0.0,0.0
2024-07-16 14:21:00-04:00,148.61000061035156,148.61000061035156,148.61000061035156,148.61000061035156,606,0.0,0.0,0.0
2024-07-16 14:36:00-04:00,148.64999389648438,148.72000122070312,148.64999389648438,148.65240478515625,963,0.0,0.0,0.0
2024-07-16 14:37:00-04:00,148.6300048828125,148.6300048828125,148.6300048828125,148.6300048828125,370,0.0,0.0,0.0
2024-07-16 14:39:00-04:00,148.67999267578125,148.67999267578125,148.67999267578125,148.67999267578125,436,0.0,0.0,0.0
2024-07-16 14:44:00-04:00,148.6999969482422,148.6999969482422,148.6999969482422,148.6999969482422,206,0.0,0.0,0.0
2024-07-16 14:45:00-04:00,148.6663055419922,148.6663055419922,148.63999938964844,148.63999938964844,278,0.0,0.0,0.0
2024-07-16 14:48:00-04:00,148.72000122070312,148.72000122070312,148.72000122070312,148.72000122070312,1175,0.0,0.0,0.0
2024-07-16 14:56:00-04:00,148.85000610351562,148.85000610351562,148.85000610351562,148.85000610351562,835,0.0,0.0,0.0
2024-07-16 14:57:00-04:00,148.86000061035156,148.88999938964844,148.86000061035156,148.88999938964844,803,0.0,0.0,0.0
2024-07-16 14:58:00-04:00,148.8800048828125,148.8800048828125,148.8800048828125,148.8800048828125,243,0.0,0.0,0.0
2024-07-16 15:00:00-04:00,148.85000610351562,148.85000610351562,148.85000610351562,148.85000610351562,417,0.0,0.0,0.0
2024-07-16 15:02:00-04:00,148.8800048828125,148.8800048828125,148.8800048828125,148.8800048828125,108,0.0,0.0,0.0
2024-07-16 15:03:00-04:00,148.83999633789062,148.83999633789062,148.83999633789062,148.83999633789062,203,0.0,0.0,0.0
2024-07-16 15:04:00-04:00,148.94769287109375,148.94769287109375,148.94769287109375,148.94769287109375,151,0.0,0.0,0.0
2024-07-16 15:05:00-04:00,148.88999938964844,148.88999938964844,148.88999938964844,148.88999938964844,301,0.0,0.0,0.0
2024-07-16 15:06:00-04:00,148.89999389648438,148.89999389648438,148.89999389648438,148.89999389648438,216,0.0,0.0,0.0
2024-07-16 15:08:00-04:00,148.91510009765625,148.91510009765625,148.91510009765625,148.91510009765625,152,0.0,0.0,0.0
2024-07-16 15:09:00-04:00,148.9199981689453,148.9199981689453,148.9199981689453,148.9199981689453,281,0.0,0.0,0.0
2024-07-16 15:11:00-04:00,149.0,149.02000427246094,149.0,149.00999450683594,2952,0.0,0.0,0.0
2024-07-16 15:12:00-04:00,149.00999450683594,149.0399932861328,149.0,149.0,1098,0.0,0.0,0.0
2024-07-16 15:13:00-04:00,149.0,149.0,149.0,149.0,319,0.0,0.0,0.0
2024-07-16 15:15:00-04:00,149.00999450683594,149.00999450683594,149.00999450683594,149.00999450683594,361,0.0,0.0,0.0
2024-07-16 15:16:00-04:00,149.02000427246094,149.02999877929688,149.02000427246094,149.02000427246094,1454,0.0,0.0,0.0
2024-07-16 15:18:00-04:00,148.99209594726562,148.99209594726562,148.99209594726562,148.99209594726562,410,0.0,0.0,0.0
2024-07-16 15:21:00-04:00,149.00999450683594,149.00999450683594,149.00999450683594,149.00999450683594,255,0.0,0.0,0.0
2024-07-16 15:25:00-04:00,149.03810119628906,149.03810119628906,148.99000549316406,148.99000549316406,223,0.0,0.0,0.0
2024-07-16 15:26:00-04:00,148.97500610351562,148.97500610351562,148.97500610351562,148.97500610351562,223,0.0,0.0,0.0
2024-07-16 15:27:00-04:00,149.0166015625,149.0166015625,149.0166015625,149.0166015625,457,0.0,0.0,0.0
2024-07-16 15:32:00-04:00,149.08999633789062,149.08999633789062,149.08999633789062,149.08999633789062,112,0.0,0.0,0.0
2024-07-16 15:33:00-04:00,149.0749969482422,149.0749969482422,149.0749969482422,149.0749969482422,614,0.0,0.0,0.0
2024-07-16 15:37:00-04:00,149.0800018310547,149.0800018310547,149.0800018310547,149.0800018310547,148,0.0,0.0,0.0
2024-07-16 15:40:00-04:00,149.0500030517578,149.0500030517578,149.02999877929688,149.04100036621094,623,0.0,0.0,0.0
2024-07-16 15:44:00-04:00,148.9949951171875,148.9949951171875,148.9949951171875,148.9949951171875,125,0.0,0.0,0.0
2024-07-16 15:48:00-04:00,149.1199951171875,149.1199951171875,149.1199951171875,149.1199951171875,535,0.0,0.0,0.0
2024-07-16 15:50:00-04:00,149.07000732421875,149.2100067138672,149.07000732421875,149.2100067138672,615,0.0,0.0,0.0
2024-07-16 15:51:00-04:00,149.27000427246094,149.27000427246094,149.27000427246094,149.27000427246094,442,0.0,0.0,0.0
2024-07-16 15:52:00-04:00,149.2899932861328,149.2899932861328,149.2899932861328,149.2899932861328,247,0.0,0.0,0.0
2024-07-16 15:54:00-04:00,149.3000030517578,149.3000030517578,149.25999450683594,149.25999450683594,522,0.0,0.0,0.0
2024-07-16 15:55:00-04:00,149.24989318847656,149.25999450683594,149.24989318847656,149.25999450683594,279,0.0,0.0,0.0
2024-07-16 15:56:00-04:00,149.1699981689453,149.1699981689453,149.14999389648438,149.14999389648438,1606,0.0,0.0,0.0
2024-07-16 15:57:00-04:00,149.14999389648438,149.2100067138672,149.14999389648438,149.2100067138672,3396,0.0,0.0,0.0
2024-07-16 15:58:00-04:00,149.2100067138672,149.2100067138672,149.2100067138672,149.2100067138672,383,0.0,0.0,0.0
2024-07-16 15:59:00-04:00,149.19000244140625,149.19000244140625,149.19000244140625,149.19000244140625,175,0.0,0.0,0.0
2024-07-17 09:30:00-04:00,148.22000122070312,148.22000122070312,148.22000122070312,148.22000122070312,2461,0.0,0.0,0.0
2024-07-17 09:31:00-04:00,148.4550018310547,148.64999389648438,148.4550018310547,148.64999389648438,204,0.0,0.0,0.0
2024-07-17 09:32:00-04:00,148.3603973388672,148.3603973388672,148.3603973388672,148.3603973388672,1380,0.0,0.0,0.0
2024-07-17 09:33:00-04:00,148.99000549316406,148.99000549316406,148.99000549316406,148.99000549316406,100,0.0,0.0,0.0
2024-07-17 09:34:00-04:00,148.7816925048828,149.13999938964844,148.7816925048828,148.8715057373047,1014,0.0,0.0,0.0
2024-07-17 09:35:00-04:00,149.30999755859375,149.30999755859375,149.2572021484375,149.2572021484375,323,0.0,0.0,0.0
2024-07-17 09:36:00-04:00,149.38999938964844,149.38999938964844,149.2550048828125,149.2550048828125,250,0.0,0.0,0.0
2024-07-17 09:37:00-04:00,149.2899932861328,149.39999389648438,149.28500366210938,149.39999389648438,941,0.0,0.0,0.0
2024-07-17 09:38:00-04:00,149.48500061035156,149.48500061035156,149.24000549316406,149.25,5610,0.0,0.0,0.0
2024-07-17 09:39:00-04:00,149.32000732421875,149.32000732421875,149.32000732421875,149.32000732421875,160,0.0,0.0,0.0
2024-07-17 09:40:00-04:00,149.38999938964844,149.38999938964844,149.25999450683594,149.25999450683594,450,0.0,0.0,0.0
2024-07-17 09:41:00-04:00,149.30999755859375,149.35000610351562,149.11929321289062,149.11929321289062,820,0.0,0.0,0.0
2024-07-17 09:42:00-04:00,149.15499877929688,149.15499877929688,149.15499877929688,149.15499877929688,2249,0.0,0.0,0.0
2024-07-17 09:43:00-04:00,149.1699981689453,149.1699981689453,148.96499633789062,148.96499633789062,729,0.0,0.0,0.0
2024-07-17 09:44:00-04:00,148.95509338378906,149.16000366210938,148.9550018310547,149.14999389648438,3280,0.0,0.0,0.0
2024-07-17 09:45:00-04:00,149.08169555664062,149.27999877929688,149.08169555664062,149.27999877929688,700,0.0,0.0,0.0
2024-07-17 09:47:00-04:00,149.19500732421875,149.19500732421875,149.14500427246094,149.14500427246094,548,0.0,0.0,0.0
2024-07-17 09:48:00-04:00,149.1999969482422,149.1999969482422,149.0500030517578,149.0500030517578,518,0.0,0.0,0.0
2024-07-17 09:50:00-04:00,149.16000366210938,149.16000366210938,149.16000366210938,149.16000366210938,120,0.0,0.0,0.0
2024-07-17 09:51:00-04:00,149.3800048828125,149.3800048828125,149.3800048828125,149.3800048828125,255,0.0,0.0,0.0
2024-07-17 09:53:00-04:00,149.60000610351562,149.60000610351562,149.60000610351562,149.60000610351562,100,0.0,0.0,0.0
2024-07-17 09:54:00-04:00,149.67999267578125,149.67999267578125,149.67999267578125,149.67999267578125,324,0.0,0.0,0.0
2024-07-17 09:55:00-04:00,149.69000244140625,149.69000244140625,149.55999755859375,149.55999755859375,489,0.0,0.0,0.0
2024-07-17 09:59:00-04:00,149.5,149.5,149.5,149.5,304,0.0,0.0,0.0
2024-07-17 10:00:00-04:00,149.36000061035156,149.36000061035156,149.36000061035156,149.36000061035156,270,0.0,0.0,0.0
2024-07-17 10:02:00-04:00,149.30499267578125,149.30499267578125,149.30499267578125,149.30499267578125,427,0.0,0.0,0.0
2024-07-17 10:04:00-04:00,149.3300018310547,149.3300018310547,149.3300018310547,149.3300018310547,461,0.0,0.0,0.0
2024-07-17 10:08:00-04:00,148.8300018310547,148.8300018310547,148.8300018310547,148.8300018310547,105,0.0,0.0,0.0
2024-07-17 10:10:00-04:00,148.59449768066406,148.69000244140625,148.59449768066406,148.69000244140625,467,0.0,0.0,0.0
2024-07-17 10:12:00-04:00,148.61000061035156,148.61000061035156,148.61000061035156,148.61000061035156,551,0.0,0.0,0.0
2024-07-17 10:15:00-04:00,149.14999389648438,149.14999389648438,149.14999389648438,149.14999389648438,796,0.0,0.0,0.0
2024-07-17 10:23:00-04:00,148.77000427246094,148.77000427246094,148.77000427246094,148.77000427246094,308,0.0,0.0,0.0
2024-07-17 10:25:00-04:00,148.52000427246094,148.72999572753906,148.52000427246094,148.72999572753906,640,0.0,0.0,0.0
2024-07-17 10:35:00-04:00,148.48289489746094,148.48289489746094,148.48289489746094,148.48289489746094,200,0.0,0.0,0.0
2024-07-17 10:36:00-04:00,148.39999389648438,148.47000122070312,148.39999389648438,148.47000122070312,747,0.0,0.0,0.0
2024-07-17 10:42:00-04:00,148.14010620117188,148.3000030517578,148.13999938964844,148.3000030517578,7812,0.0,0.0,0.0
2024-07-17 10:43:00-04:00,148.1800994873047,148.3000030517578,148.1800994873047,148.23680114746094,2667,0.0,0.0,0.0
2024-07-17 10:44:00-04:00,148.17999267578125,148.17999267578125,148.17999267578125,148.17999267578125,2900,0.0,0.0,0.0
2024-07-17 10:45:00-04:00,148.35009765625,148.35009765625,148.35009765625,148.35009765625,389,0.0,0.0,0.0
2024-07-17 10:46:00-04:00,148.44000244140625,148.5500030517578,148.44000244140625,148.5399932861328,1115,0.0,0.0,0.0
2024-07-17 10:51:00-04:00,148.5821075439453,148.5821075439453,148.5821075439453,148.5821075439453,0,0.0,0.0,0.0
2024-07-17 10:52:00-04:00,148.50999450683594,148.6999969482422,148.50999450683594,148.6999969482422,58913,0.0,0.0,0.0
2024-07-17 10:56:00-04:00,148.5124969482422,148.5124969482422,148.41000366210938,148.41000366210938,502,0.0,0.0,0.0
2024-07-17 11:00:00-04:00,148.2550048828125,148.2550048828125,148.25,148.25,263,0.0,0.0,0.0
2024-07-17 11:01:00-04:00,148.33999633789062,148.33999633789062,148.33999633789062,148.33999633789062,524,0.0,0.0,0.0
2024-07-17 11:13:00-04:00,148.3249969482422,148.3800048828125,148.3249969482422,148.3800048828125,295,0.0,0.0,0.0
2024-07-17 11:15:00-04:00,148.28500366210938,148.38999938964844,148.28500366210938,148.38999938964844,864,0.0,0.0,0.0
2024-07-17 11:23:00-04:00,148.16000366210938,148.1649932861328,148.16000366210938,148.1649932861328,263,0.0,0.0,0.0
2024-07-17 11:26:00-04:00,148.2100067138672,148.25,148.2100067138672,148.25,1219,0.0,0.0,0.0
2024-07-17 11:28:00-04:00,148.25999450683594,148.25999450683594,148.25999450683594,148.25999450683594,266,0.0,0.0,0.0
2024-07-17 11:29:00-04:00,148.18130493164062,148.18130493164062,148.18130493164062,148.18130493164062,1158,0.0,0.0,0.0
2024-07-17 11:30:00-04:00,148.1699981689453,148.1699981689453,148.1699981689453,148.1699981689453,204,0.0,0.0,0.0
2024-07-17 11:32:00-04:00,148.2100067138672,148.2100067138672,148.2100067138672,148.2100067138672,455,0.0,0.0,0.0
2024-07-17 11:37:00-04:00,148.0,148.0,148.0,148.0,368,0.0,0.0,0.0
2024-07-17 11:38:00-04:00,147.9499969482422,147.9499969482422,147.9499969482422,147.9499969482422,214,0.0,0.0,0.0
2024-07-17 11:39:00-04:00,148.10000610351562,148.10000610351562,148.10000610351562,148.10000610351562,132,0.0,0.0,0.0
2024-07-17 11:40:00-04:00,148.10000610351562,148.10000610351562,148.10000610351562,148.10000610351562,199,0.0,0.0,0.0
2024-07-17 11:41:00-04:00,148.08999633789062,148.08999633789062,148.08999633789062,148.08999633789062,208,0.0,0.0,0.0
2024-07-17 11:42:00-04:00,148.02020263671875,148.02020263671875,148.02020263671875,148.02020263671875,293,0.0,0.0,0.0
2024-07-17 11:46:00-04:00,147.97999572753906,148.02999877929688,147.97000122070312,148.00999450683594,1406,0.0,0.0,0.0
2024-07-17 11:47:00-04:00,147.87010192871094,147.87010192871094,147.87010192871094,147.87010192871094,632,0.0,0.0,0.0
2024-07-17 11:59:00-04:00,148.1385040283203,148.1385040283203,148.1385040283203,148.1385040283203,363,0.0,0.0,0.0
2024-07-17 12:03:00-04:00,148.0399932861328,148.0399932861328,148.0399932861328,148.0399932861328,207,0.0,0.0,0.0
2024-07-17 12:05:00-04:00,147.95010375976562,147.95010375976562,147.95010375976562,147.95010375976562,505,0.0,0.0,0.0
2024-07-17 12:10:00-04:00,147.875,147.875,147.875,147.875,417,0.0,0.0,0.0
2024-07-17 12:15:00-04:00,147.67999267578125,147.67999267578125,147.67999267578125,147.67999267578125,749,0.0,0.0,0.0
2024-07-17 12:18:00-04:00,147.7899932861328,147.80999755859375,147.7899932861328,147.80999755859375,2013,0.0,0.0,0.0
2024-07-17 12:20:00-04:00,147.83999633789062,147.83999633789062,147.83999633789062,147.83999633789062,213,0.0,0.0,0.0
2024-07-17 12:24:00-04:00,147.75,147.75,147.75,147.75,294,0.0,0.0,0.0
2024-07-17 12:25:00-04:00,147.78990173339844,147.78990173339844,147.78990173339844,147.78990173339844,342,0.0,0.0,0.0
2024-07-17 12:28:00-04:00,147.75,147.75,147.75,147.75,445,0.0,0.0,0.0
2024-07-17 12:30:00-04:00,147.75,147.75,147.75,147.75,276,0.0,0.0,0.0
2024-07-17 12:38:00-04:00,147.52999877929688,147.55999755859375,147.5157928466797,147.55999755859375,851,0.0,0.0,0.0
2024-07-17 12:39:00-04:00,147.49000549316406,147.49009704589844,147.47999572753906,147.47999572753906,5357,0.0,0.0,0.0
2024-07-17 12:40:00-04:00,147.5,147.5,147.5,147.5,249,0.0,0.0,0.0
2024-07-17 12:41:00-04:00,147.4499969482422,147.52000427246094,147.44000244140625,147.52000427246094,2728,0.0,0.0,0.0
2024-07-17 12:42:00-04:00,147.4499969482422,147.52999877929688,147.4499969482422,147.4499969482422,5479,0.0,0.0,0.0
2024-07-17 12:43:00-04:00,147.47500610351562,147.47500610351562,147.47500610351562,147.47500610351562,305,0.0,0.0,0.0
2024-07-17 12:48:00-04:00,147.47000122070312,147.47000122070312,147.47000122070312,147.47000122070312,151,0.0,0.0,0.0
2024-07-17 12:50:00-04:00,147.4949951171875,147.4949951171875,147.4949951171875,147.4949951171875,627,0.0,0.0,0.0
2024-07-17 12:56:00-04:00,147.66160583496094,147.66160583496094,147.66160583496094,147.66160583496094,1260,0.0,0.0,0.0
2024-07-17 12:57:00-04:00,147.66000366210938,147.66000366210938,147.66000366210938,147.66000366210938,1439,0.0,0.0,0.0
2024-07-17 12:59:00-04:00,147.72000122070312,147.72000122070312,147.72000122070312,147.72000122070312,487,0.0,0.0,0.0
2024-07-17 13:06:00-04:00,147.57000732421875,147.57000732421875,147.57000732421875,147.57000732421875,178,0.0,0.0,0.0
2024-07-17 13:11:00-04:00,147.5998992919922,147.5998992919922,147.5998992919922,147.5998992919922,636,0.0,0.0,0.0
2024-07-17 13:16:00-04:00,147.39999389648438,147.4499969482422,147.39010620117188,147.4499969482422,654,0.0,0.0,0.0
2024-07-17 13:18:00-04:00,147.48500061035156,147.52999877929688,147.48500061035156,147.52999877929688,1758,0.0,0.0,0.0
2024-07-17 13:19:00-04:00,147.44000244140625,147.44000244140625,147.44000244140625,147.44000244140625,178,0.0,0.0,0.0
2024-07-17 13:20:00-04:00,147.4199981689453,147.4199981689453,147.4199981689453,147.4199981689453,132,0.0,0.0,0.0
2024-07-17 13:21:00-04:00,147.39010620117188,147.39010620117188,147.39010620117188,147.39010620117188,356,0.0,0.0,0.0
2024-07-17 13:24:00-04:00,147.4208984375,147.42999267578125,147.4208984375,147.42999267578125,455,0.0,0.0,0.0
2024-07-17 13:33:00-04:00,147.39999389648438,147.41000366210938,147.3800048828125,147.3800048828125,1796,0.0,0.0,0.0
2024-07-17 13:34:00-04:00,147.37600708007812,147.37600708007812,147.37600708007812,147.37600708007812,583,0.0,0.0,0.0
2024-07-17 13:38:00-04:00,147.36000061035156,147.47000122070312,147.36000061035156,147.3800048828125,5031,0.0,0.0,0.0
2024-07-17 13:40:00-04:00,147.3300018310547,147.38999938964844,147.30999755859375,147.30999755859375,4432,0.0,0.0,0.0
2024-07-17 13:53:00-04:00,147.44000244140625,147.44000244140625,147.44000244140625,147.44000244140625,436,0.0,0.0,0.0
2024-07-17 13:56:00-04:00,147.30999755859375,147.30999755859375,147.30999755859375,147.30999755859375,190,0.0,0.0,0.0
2024-07-17 13:57:00-04:00,147.27000427246094,147.3000030517578,147.25999450683594,147.3000030517578,700,0.0,0.0,0.0
2024-07-17 13:58:00-04:00,147.25999450683594,147.2899932861328,147.22999572753906,147.25,7921,0.0,0.0,0.0
2024-07-17 14:03:00-04:00,147.1999969482422,147.24000549316406,147.1999969482422,147.24000549316406,894,0.0,0.0,0.0
2024-07-17 14:05:00-04:00,147.1699981689453,147.1699981689453,147.1699981689453,147.1699981689453,672,0.0,0.0,0.0
2024-07-17 14:07:00-04:00,147.13999938964844,147.22000122070312,147.1199951171875,147.1300048828125,5170,0.0,0.0,0.0
2024-07-17 14:08:00-04:00,147.13999938964844,147.22000122070312,147.1199951171875,147.22000122070312,5575,0.0,0.0,0.0
2024-07-17 14:09:00-04:00,147.27999877929688,147.27999877929688,147.27999877929688,147.27999877929688,244,0.0,0.0,0.0
2024-07-17 14:13:00-04:00,147.39959716796875,147.39959716796875,147.39959716796875,147.39959716796875,754,0.0,0.0,0.0
2024-07-17 14:15:00-04:00,147.42999267578125,147.47999572753906,147.42999267578125,147.47999572753906,233,0.0,0.0,0.0
2024-07-17 14:16:00-04:00,147.5,147.5,147.5,147.5,268662,0.0,0.0,0.0
2024-07-17 14:22:00-04:00,147.38999938964844,147.38999938964844,147.38999938964844,147.38999938964844,14053,0.0,0.0,0.0
2024-07-17 14:26:00-04:00,147.44000244140625,147.44000244140625,147.44000244140625,147.44000244140625,221,0.0,0.0,0.0
2024-07-17 14:28:00-04:00,147.47500610351562,147.47500610351562,147.47500610351562,147.47500610351562,150,0.0,0.0,0.0
2024-07-17 14:29:00-04:00,147.54049682617188,147.54049682617188,147.54049682617188,147.54049682617188,413,0.0,0.0,0.0
2024-07-17 14:35:00-04:00,147.5,147.5,147.5,147.5,16330,0.0,0.0,0.0
2024-07-17 14:38:00-04:00,147.51510620117188,147.52000427246094,147.51510620117188,147.52000427246094,1870,0.0,0.0,0.0
2024-07-17 14:41:00-04:00,147.6300048828125,147.6300048828125,147.6300048828125,147.6300048828125,889,0.0,0.0,0.0
2024-07-17 14:51:00-04:00,147.60000610351562,147.60000610351562,147.52999877929688,147.52999877929688,2006,0.0,0.0,0.0
2024-07-17 14:52:00-04:00,147.52999877929688,147.55999755859375,147.52999877929688,147.55999755859375,520,0.0,0.0,0.0
2024-07-17 14:59:00-04:00,147.57000732421875,147.57000732421875,147.57000732421875,147.57000732421875,107,0.0,0.0,0.0
2024-07-17 15:00:00-04:00,147.45140075683594,147.55999755859375,147.45140075683594,147.55999755859375,284,0.0,0.0,0.0
2024-07-17 15:02:00-04:00,147.47000122070312,147.47000122070312,147.47000122070312,147.47000122070312,214,0.0,0.0,0.0
2024-07-17 15:05:00-04:00,147.2899932861328,147.2899932861328,147.2899932861328,147.2899932861328,438017,0.0,0.0,0.0
2024-07-17 15:08:00-04:00,147.3800048828125,147.3800048828125,147.3800048828125,147.3800048828125,617,0.0,0.0,0.0
2024-07-17 15:20:00-04:00,147.55409240722656,147.55409240722656,147.55409240722656,147.55409240722656,272,0.0,0.0,0.0
2024-07-17 15:22:00-04:00,147.5800018310547,147.6300048828125,147.5800018310547,147.6300048828125,342,0.0,0.0,0.0
2024-07-17 15:24:00-04:00,147.65150451660156,147.65150451660156,147.65150451660156,147.65150451660156,175,0.0,0.0,0.0
2024-07-17 15:26:00-04:00,147.6199951171875,147.6479949951172,147.60000610351562,147.61000061035156,2828,0.0,0.0,0.0
2024-07-17 15:27:00-04:00,147.6699981689453,147.69610595703125,147.6699981689453,147.69610595703125,5217,0.0,0.0,0.0
2024-07-17 15:28:00-04:00,147.75,147.75,147.75,147.75,0,0.0,0.0,0.0
2024-07-17 15:29:00-04:00,147.75,147.75,147.75,147.75,448390,0.0,0.0,0.0
2024-07-17 15:33:00-04:00,147.75,147.75,147.75,147.75,176,0.0,0.0,0.0
2024-07-17 15:37:00-04:00,147.65499877929688,147.65499877929688,147.65499877929688,147.65499877929688,154,0.0,0.0,0.0
2024-07-17 15:38:00-04:00,147.61000061035156,147.61000061035156,147.60000610351562,147.60000610351562,408,0.0,0.0,0.0
2024-07-17 15:41:00-04:00,147.47999572753906,147.47999572753906,147.47999572753906,147.47999572753906,155,0.0,0.0,0.0
2024-07-17 15:43:00-04:00,147.4199981689453,147.4199981689453,147.4199981689453,147.4199981689453,468,0.0,0.0,0.0
2024-07-17 15:50:00-04:00,147.50999450683594,147.50999450683594,147.50999450683594,147.50999450683594,132,0.0,0.0,0.0
2024-07-17 15:51:00-04:00,147.52000427246094,147.5343017578125,147.49000549316406,147.49000549316406,3202,0.0,0.0,0.0
2024-07-17 15:53:00-04:00,147.52999877929688,147.52999877929688,147.52999877929688,147.52999877929688,203,0.0,0.0,0.0
2024-07-17 15:54:00-04:00,147.50999450683594,147.50999450683594,147.47000122070312,147.47000122070312,816,0.0,0.0,0.0
2024-07-17 15:55:00-04:00,147.3800048828125,147.3800048828125,147.3800048828125,147.3800048828125,242,0.0,0.0,0.0
2024-07-17 15:56:00-04:00,147.32000732421875,147.33999633789062,147.32000732421875,147.33999633789062,361,0.0,0.0,0.0
2024-07-17 15:59:00-04:00,147.25999450683594,147.27000427246094,147.25,147.27000427246094,1893,0.0,0.0,0.0
2024-07-18 09:30:00-04:00,147.05999755859375,147.05999755859375,147.05999755859375,147.05999755859375,2998,0.0,0.0,0.0
2024-07-18 09:33:00-04:00,146.9250030517578,146.9250030517578,146.843994140625,146.843994140625,341,0.0,0.0,0.0
2024-07-18 09:34:00-04:00,147.0500030517578,147.0500030517578,147.0500030517578,147.0500030517578,363,0.0,0.0,0.0
2024-07-18 09:35:00-04:00,147.1699981689453,147.1699981689453,147.1699981689453,147.1699981689453,250,0.0,0.0,0.0
2024-07-18 09:36:00-04:00,147.22999572753906,147.22999572753906,147.22999572753906,147.22999572753906,352,0.0,0.0,0.0
2024-07-18 09:37:00-04:00,147.34249877929688,147.34249877929688,147.1999969482422,147.1999969482422,888,0.0,0.0,0.0
2024-07-18 09:45:00-04:00,147.5800018310547,147.6699981689453,147.5800018310547,147.6699981689453,680,0.0,0.0,0.0
2024-07-18 09:47:00-04:00,147.4199981689453,147.4199981689453,147.4199981689453,147.4199981689453,4176,0.0,0.0,0.0
2024-07-18 09:55:00-04:00,147.3800048828125,147.3800048828125,147.33999633789062,147.33999633789062,617,0.0,0.0,0.0
2024-07-18 09:59:00-04:00,147.74000549316406,147.75999450683594,147.74000549316406,147.75999450683594,504,0.0,0.0,0.0
2024-07-18 10:00:00-04:00,147.66000366210938,147.66000366210938,147.66000366210938,147.66000366210938,100,0.0,0.0,0.0
2024-07-18 10:01:00-04:00,147.7449951171875,147.75,147.7449951171875,147.75,1057,0.0,0.0,0.0
2024-07-18 10:02:00-04:00,147.94000244140625,147.94000244140625,147.85000610351562,147.85000610351562,408,0.0,0.0,0.0
2024-07-18 10:03:00-04:00,147.9199981689453,147.9199981689453,147.9199981689453,147.9199981689453,321,0.0,0.0,0.0
2024-07-18 10:04:00-04:00,147.80999755859375,147.80999755859375,147.8000030517578,147.8000030517578,426,0.0,0.0,0.0
2024-07-18 10:13:00-04:00,147.72000122070312,147.72000122070312,147.72000122070312,147.72000122070312,383,0.0,0.0,0.0
2024-07-18 10:15:00-04:00,147.94949340820312,147.94949340820312,147.94949340820312,147.94949340820312,487,0.0,0.0,0.0
2024-07-18 10:16:00-04:00,148.11000061035156,148.1199951171875,148.11000061035156,148.1199951171875,1716,0.0,0.0,0.0
2024-07-18 10:18:00-04:00,147.8800048828125,147.8800048828125,147.8800048828125,147.8800048828125,109,0.0,0.0,0.0
2024-07-18 10:20:00-04:00,147.74000549316406,147.8000030517578,147.74000549316406,147.8000030517578,876,0.0,0.0,0.0
2024-07-18 10:22:00-04:00,147.83999633789062,147.83999633789062,147.83999633789062,147.83999633789062,104,0.0,0.0,0.0
2024-07-18 10:23:00-04:00,147.65499877929688,147.65499877929688,147.65499877929688,147.65499877929688,836,0.0,0.0,0.0
2024-07-18 10:27:00-04:00,147.7115020751953,147.7115020751953,147.7115020751953,147.7115020751953,162,0.0,0.0,0.0
2024-07-18 10:29:00-04:00,147.8800048828125,147.8800048828125,147.8800048828125,147.8800048828125,101,0.0,0.0,0.0
2024-07-18 10:30:00-04:00,147.82000732421875,147.82000732421875,147.82000732421875,147.82000732421875,686,0.0,0.0,0.0
2024-07-18 10:35:00-04:00,147.58999633789062,147.58999633789062,147.58999633789062,147.58999633789062,260,0.0,0.0,0.0
2024-07-18 10:43:00-04:00,147.2100067138672,147.2100067138672,147.2100067138672,147.2100067138672,301,0.0,0.0,0.0
2024-07-18 10:52:00-04:00,147.05099487304688,147.05099487304688,147.05099487304688,147.05099487304688,218,0.0,0.0,0.0
2024-07-18 10:53:00-04:00,147.0,147.14999389648438,147.0,147.14999389648438,490,0.0,0.0,0.0
2024-07-18 10:55:00-04:00,147.1699981689453,147.1699981689453,147.1699981689453,147.1699981689453,201,0.0,0.0,0.0
2024-07-18 10:56:00-04:00,147.05499267578125,147.05499267578125,147.05499267578125,147.05499267578125,425,0.0,0.0,0.0
2024-07-18 11:01:00-04:00,147.00799560546875,147.00799560546875,147.00799560546875,147.00799560546875,341,0.0,0.0,0.0
2024-07-18 11:07:00-04:00,146.97000122070312,146.97000122070312,146.97000122070312,146.97000122070312,174,0.0,0.0,0.0
2024-07-18 11:08:00-04:00,146.84500122070312,146.84500122070312,146.84500122070312,146.84500122070312,102,0.0,0.0,0.0
2024-07-18 11:10:00-04:00,146.66009521484375,146.66009521484375,146.66009521484375,146.66009521484375,519,0.0,0.0,0.0
2024-07-18 11:12:00-04:00,146.72000122070312,146.72999572753906,146.72000122070312,146.72999572753906,1267,0.0,0.0,0.0
2024-07-18 11:14:00-04:00,146.72000122070312,146.75,146.72000122070312,146.75,552,0.0,0.0,0.0
2024-07-18 11:19:00-04:00,146.7100067138672,146.7100067138672,146.64999389648438,146.64999389648438,818,0.0,0.0,0.0
2024-07-18 11:24:00-04:00,146.71499633789062,146.71499633789062,146.71499633789062,146.71499633789062,302,0.0,0.0,0.0
2024-07-18 11:25:00-04:00,146.65570068359375,146.65570068359375,146.65570068359375,146.65570068359375,260,0.0,0.0,0.0
2024-07-18 11:32:00-04:00,146.60000610351562,146.60000610351562,146.60000610351562,146.60000610351562,100,0.0,0.0,0.0
2024-07-18 11:33:00-04:00,146.56500244140625,146.56500244140625,146.56500244140625,146.56500244140625,1698,0.0,0.0,0.0
2024-07-18 11:35:00-04:00,146.5399932861328,146.5500030517578,146.5399932861328,146.5500030517578,1931,0.0,0.0,0.0
2024-07-18 11:43:00-04:00,146.77499389648438,146.77499389648438,146.77499389648438,146.77499389648438,302,0.0,0.0,0.0
2024-07-18 11:47:00-04:00,146.52000427246094,146.52000427246094,146.52000427246094,146.52000427246094,130,0.0,0.0,0.0
2024-07-18 11:49:00-04:00,146.47999572753906,146.47999572753906,146.42999267578125,146.42999267578125,300,0.0,0.0,0.0
2024-07-18 11:52:00-04:00,146.35519409179688,146.35519409179688,146.35519409179688,146.35519409179688,156,0.0,0.0,0.0
2024-07-18 11:54:00-04:00,146.36720275878906,146.36720275878906,146.36720275878906,146.36720275878906,239,0.0,0.0,0.0
2024-07-18 11:55:00-04:00,146.36000061035156,146.36000061035156,146.36000061035156,146.36000061035156,108,0.0,0.0,0.0
2024-07-18 11:58:00-04:00,146.38540649414062,146.38540649414062,146.38540649414062,146.38540649414062,218,0.0,0.0,0.0
2024-07-18 12:01:00-04:00,146.3800048828125,146.3800048828125,146.3800048828125,146.3800048828125,425,0.0,0.0,0.0
2024-07-18 12:06:00-04:00,146.31500244140625,146.31500244140625,146.31500244140625,146.31500244140625,203,0.0,0.0,0.0
2024-07-18 12:09:00-04:00,146.50999450683594,146.50999450683594,146.50990295410156,146.50990295410156,200,0.0,0.0,0.0
2024-07-18 12:10:00-04:00,146.42840576171875,146.42840576171875,146.42840576171875,146.42840576171875,631,0.0,0.0,0.0
2024-07-18 12:17:00-04:00,146.25,146.25,146.25,146.25,134,0.0,0.0,0.0
2024-07-18 12:20:00-04:00,146.33999633789062,146.33999633789062,146.33999633789062,146.33999633789062,314,0.0,0.0,0.0
2024-07-18 12:23:00-04:00,146.27000427246094,146.27000427246094,146.27000427246094,146.27000427246094,252,0.0,0.0,0.0
2024-07-18 12:24:00-04:00,146.24000549316406,146.24000549316406,146.24000549316406,146.24000549316406,1950,0.0,0.0,0.0
2024-07-18 12:30:00-04:00,146.1300048828125,146.1300048828125,146.03050231933594,146.03050231933594,245,0.0,0.0,0.0
2024-07-18 12:31:00-04:00,146.1300048828125,146.1300048828125,146.1300048828125,146.1300048828125,179,0.0,0.0,0.0
2024-07-18 12:32:00-04:00,146.17999267578125,146.17999267578125,146.17999267578125,146.17999267578125,334,0.0,0.0,0.0
2024-07-18 12:40:00-04:00,146.22000122070312,146.22760009765625,146.22000122070312,146.22760009765625,876,0.0,0.0,0.0
2024-07-18 12:49:00-04:00,146.30999755859375,146.30999755859375,146.30999755859375,146.30999755859375,101,0.0,0.0,0.0
2024-07-18 12:53:00-04:00,146.44000244140625,146.44000244140625,146.44000244140625,146.44000244140625,347,0.0,0.0,0.0
2024-07-18 12:57:00-04:00,146.39129638671875,146.39129638671875,146.39129638671875,146.39129638671875,2532,0.0,0.0,0.0
2024-07-18 12:59:00-04:00,146.4600067138672,146.47000122070312,146.4600067138672,146.47000122070312,393,0.0,0.0,0.0
2024-07-18 13:00:00-04:00,146.47999572753906,146.5,146.47999572753906,146.5,571,0.0,0.0,0.0
2024-07-18 13:02:00-04:00,146.49000549316406,146.49000549316406,146.49000549316406,146.49000549316406,348,0.0,0.0,0.0
2024-07-18 13:05:00-04:00,146.4600067138672,146.4600067138672,146.41000366210938,146.41000366210938,398,0.0,0.0,0.0
2024-07-18 13:11:00-04:00,146.30999755859375,146.30999755859375,146.30999755859375,146.30999755859375,200,0.0,0.0,0.0
2024-07-18 13:12:00-04:00,146.28860473632812,146.389892578125,146.28860473632812,146.389892578125,372,0.0,0.0,0.0
2024-07-18 13:16:00-04:00,146.3249969482422,146.3249969482422,146.3249969482422,146.3249969482422,182,0.0,0.0,0.0
2024-07-18 13:21:00-04:00,146.27999877929688,146.27999877929688,146.27999877929688,146.27999877929688,122,0.0,0.0,0.0
2024-07-18 13:22:00-04:00,146.1999969482422,146.1999969482422,146.1999969482422,146.1999969482422,221,0.0,0.0,0.0
2024-07-18 13:24:00-04:00,146.11000061035156,146.11000061035156,146.11000061035156,146.11000061035156,402,0.0,0.0,0.0
2024-07-18 13:26:00-04:00,146.05990600585938,146.05990600585938,146.05990600585938,146.05990600585938,362,0.0,0.0,0.0
2024-07-18 13:32:00-04:00,146.10000610351562,146.10000610351562,146.10000610351562,146.10000610351562,455,0.0,0.0,0.0
2024-07-18 13:35:00-04:00,146.0500030517578,146.0500030517578,146.0500030517578,146.0500030517578,148,0.0,0.0,0.0
2024-07-18 13:40:00-04:00,146.0,146.0,145.9499969482422,145.9499969482422,335,0.0,0.0,0.0
2024-07-18 13:45:00-04:00,146.0800018310547,146.0800018310547,146.0800018310547,146.0800018310547,460,0.0,0.0,0.0
2024-07-18 13:52:00-04:00,146.00999450683594,146.00999450683594,146.00999450683594,146.00999450683594,117,0.0,0.0,0.0
2024-07-18 13:55:00-04:00,146.0,146.0,146.0,146.0,44500,0.0,0.0,0.0
2024-07-18 14:01:00-04:00,145.6999969482422,145.6999969482422,145.6999969482422,145.6999969482422,379,0.0,0.0,0.0
2024-07-18 14:02:00-04:00,145.67999267578125,145.67999267578125,145.67999267578125,145.67999267578125,249,0.0,0.0,0.0
2024-07-18 14:08:00-04:00,145.6300048828125,145.6300048828125,145.57119750976562,145.57119750976562,406,0.0,0.0,0.0
2024-07-18 14:13:00-04:00,145.53219604492188,145.53219604492188,145.53219604492188,145.53219604492188,204,0.0,0.0,0.0
2024-07-18 14:16:00-04:00,145.74000549316406,145.74000549316406,145.74000549316406,145.74000549316406,300,0.0,0.0,0.0
2024-07-18 14:17:00-04:00,145.6999969482422,145.6999969482422,145.6999969482422,145.6999969482422,200,0.0,0.0,0.0
2024-07-18 14:19:00-04:00,145.67999267578125,145.67999267578125,145.67999267578125,145.67999267578125,417,0.0,0.0,0.0
2024-07-18 14:24:00-04:00,145.77000427246094,145.77999877929688,145.77000427246094,145.77999877929688,420,0.0,0.0,0.0
2024-07-18 14:26:00-04:00,145.72999572753906,145.72999572753906,145.72999572753906,145.72999572753906,160,0.0,0.0,0.0
2024-07-18 14:29:00-04:00,145.52000427246094,145.52000427246094,145.52000427246094,145.52000427246094,222,0.0,0.0,0.0
2024-07-18 14:35:00-04:00,145.5399932861328,145.57000732421875,145.5399932861328,145.57000732421875,405,0.0,0.0,0.0
2024-07-18 14:39:00-04:00,145.4149932861328,145.4149932861328,145.4149932861328,145.4149932861328,466,0.0,0.0,0.0
2024-07-18 14:42:00-04:00,145.35000610351562,145.35000610351562,145.35000610351562,145.35000610351562,124,0.0,0.0,0.0
2024-07-18 14:43:00-04:00,145.27000427246094,145.27000427246094,145.27000427246094,145.27000427246094,110,0.0,0.0,0.0
2024-07-18 14:44:00-04:00,145.27999877929688,145.27999877929688,145.27999877929688,145.27999877929688,12417,0.0,0.0,0.0
2024-07-18 14:49:00-04:00,145.30999755859375,145.30999755859375,145.30999755859375,145.30999755859375,117,0.0,0.0,0.0
2024-07-18 14:52:00-04:00,145.27999877929688,145.27999877929688,145.27999877929688,145.27999877929688,236,0.0,0.0,0.0
2024-07-18 14:54:00-04:00,145.4199981689453,145.44000244140625,145.4199981689453,145.42999267578125,1670,0.0,0.0,0.0
2024-07-18 14:55:00-04:00,145.47000122070312,145.47000122070312,145.47000122070312,145.47000122070312,193,0.0,0.0,0.0
2024-07-18 14:57:00-04:00,145.4600067138672,145.4600067138672,145.4600067138672,145.4600067138672,145,0.0,0.0,0.0
2024-07-18 14:59:00-04:00,145.46499633789062,145.47450256347656,145.46499633789062,145.47450256347656,843,0.0,0.0,0.0
2024-07-18 15:04:00-04:00,145.61000061035156,145.61000061035156,145.61000061035156,145.61000061035156,434,0.0,0.0,0.0
2024-07-18 15:07:00-04:00,145.52220153808594,145.52220153808594,145.52220153808594,145.52220153808594,539,0.0,0.0,0.0
2024-07-18 15:12:00-04:00,145.30409240722656,145.30409240722656,145.25,145.25,583,0.0,0.0,0.0
2024-07-18 15:14:00-04:00,145.0872039794922,145.0872039794922,145.0872039794922,145.0872039794922,745,0.0,0.0,0.0
2024-07-18 15:24:00-04:00,145.07000732421875,145.07000732421875,145.07000732421875,145.07000732421875,100,0.0,0.0,0.0
2024-07-18 15:25:00-04:00,145.03379821777344,145.03379821777344,145.03379821777344,145.03379821777344,491,0.0,0.0,0.0
2024-07-18 15:27:00-04:00,145.1300048828125,145.1300048828125,145.1300048828125,145.1300048828125,252,0.0,0.0,0.0
2024-07-18 15:29:00-04:00,145.17999267578125,145.17999267578125,145.17999267578125,145.17999267578125,233,0.0,0.0,0.0
2024-07-18 15:30:00-04:00,145.22999572753906,145.22999572753906,145.22999572753906,145.22999572753906,439,0.0,0.0,0.0
2024-07-18 15:33:00-04:00,145.22999572753906,145.22999572753906,145.1999969482422,145.1999969482422,281,0.0,0.0,0.0
2024-07-18 15:35:00-04:00,145.2550048828125,145.2550048828125,145.2550048828125,145.2550048828125,163,0.0,0.0,0.0
2024-07-18 15:37:00-04:00,145.33999633789062,145.38999938964844,145.33999633789062,145.38999938964844,1003,0.0,0.0,0.0
2024-07-18 15:38:00-04:00,145.38999938964844,145.38999938964844,145.38999938964844,145.38999938964844,226,0.0,0.0,0.0
2024-07-18 15:41:00-04:00,145.47900390625,145.47900390625,145.47900390625,145.47900390625,589,0.0,0.0,0.0
2024-07-18 15:42:00-04:00,145.39999389648438,145.39999389648438,145.39999389648438,145.39999389648438,126,0.0,0.0,0.0
2024-07-18 15:44:00-04:00,145.42599487304688,145.42599487304688,145.42599487304688,145.42599487304688,253,0.0,0.0,0.0
2024-07-18 15:51:00-04:00,145.6300048828125,145.6300048828125,145.6300048828125,145.6300048828125,378,0.0,0.0,0.0
2024-07-18 15:58:00-04:00,145.30999755859375,145.30999755859375,145.30999755859375,145.30999755859375,698,0.0,0.0,0.0
2024-07-18 15:59:00-04:00,145.39999389648438,145.39999389648438,145.39999389648438,145.39999389648438,982,0.0,0.0,0.0
2024-07-19 09:30:00-04:00,145.39999389648438,145.39999389648438,145.39999389648438,145.39999389648438,1353,0.0,0.0,0.0
2024-07-19 09:31:00-04:00,145.00999450683594,145.22999572753906,145.0,145.19000244140625,1187,0.0,0.0,0.0
2024-07-19 09:32:00-04:00,145.05499267578125,145.10000610351562,144.80999755859375,144.80999755859375,466,0.0,0.0,0.0
2024-07-19 09:33:00-04:00,144.66000366210938,144.66000366210938,144.5399932861328,144.5399932861328,558,0.0,0.0,0.0
2024-07-19 09:36:00-04:00,144.50999450683594,144.50999450683594,144.39999389648438,144.39999389648438,1732,0.0,0.0,0.0
2024-07-19 09:38:00-04:00,144.60879516601562,144.60879516601562,144.3800048828125,144.3800048828125,537,0.0,0.0,0.0
2024-07-19 09:39:00-04:00,144.69000244140625,144.69000244140625,144.69000244140625,144.69000244140625,423,0.0,0.0,0.0
2024-07-19 09:43:00-04:00,144.89999389648438,144.89999389648438,144.88999938964844,144.88999938964844,1084,0.0,0.0,0.0
2024-07-19 09:45:00-04:00,144.63999938964844,144.64999389648438,144.63999938964844,144.64999389648438,279,0.0,0.0,0.0
2024-07-19 09:48:00-04:00,144.60000610351562,144.60000610351562,144.60000610351562,144.60000610351562,324,0.0,0.0,0.0
2024-07-19 09:53:00-04:00,144.38999938964844,144.4499969482422,144.38999938964844,144.4499969482422,218,0.0,0.0,0.0
2024-07-19 09:58:00-04:00,144.6750030517578,144.6750030517578,144.5800018310547,144.66000366210938,1731,0.0,0.0,0.0
2024-07-19 10:05:00-04:00,144.5800018310547,144.5800018310547,144.5800018310547,144.5800018310547,729,0.0,0.0,0.0
2024-07-19 10:10:00-04:00,144.49000549316406,144.49000549316406,144.49000549316406,144.49000549316406,479,0.0,0.0,0.0
2024-07-19 10:16:00-04:00,144.44000244140625,144.44000244140625,144.44000244140625,144.44000244140625,313,0.0,0.0,0.0
2024-07-19 10:19:00-04:00,144.44000244140625,144.44000244140625,144.44000244140625,144.44000244140625,146,0.0,0.0,0.0
2024-07-19 10:21:00-04:00,144.4600067138672,144.4600067138672,144.4600067138672,144.4600067138672,211,0.0,0.0,0.0
2024-07-19 10:22:00-04:00,144.3800048828125,144.3800048828125,144.3800048828125,144.3800048828125,250,0.0,0.0,0.0
2024-07-19 10:27:00-04:00,144.17999267578125,144.17999267578125,144.17999267578125,144.17999267578125,184,0.0,0.0,0.0
2024-07-19 10:33:00-04:00,144.3000030517578,144.3000030517578,144.3000030517578,144.3000030517578,129,0.0,0.0,0.0
2024-07-19 10:38:00-04:00,144.44000244140625,144.44000244140625,144.44000244140625,144.44000244140625,348,0.0,0.0,0.0
2024-07-19 10:44:00-04:00,144.22500610351562,144.22500610351562,144.22500610351562,144.22500610351562,234,0.0,0.0,0.0
2024-07-19 10:45:00-04:00,144.1999969482422,144.1999969482422,144.1999969482422,144.1999969482422,148,0.0,0.0,0.0
2024-07-19 10:51:00-04:00,144.0749969482422,144.0749969482422,144.0749969482422,144.0749969482422,188,0.0,0.0,0.0
2024-07-19 10:53:00-04:00,144.06500244140625,144.06500244140625,144.06500244140625,144.06500244140625,159,0.0,0.0,0.0
2024-07-19 10:56:00-04:00,143.97999572753906,143.97999572753906,143.97999572753906,143.97999572753906,559,0.0,0.0,0.0
2024-07-19 11:07:00-04:00,144.0800018310547,144.0800018310547,144.0800018310547,144.0800018310547,100,0.0,0.0,0.0
2024-07-19 11:08:00-04:00,144.0800018310547,144.0800018310547,144.0399932861328,144.0399932861328,369,0.0,0.0,0.0
2024-07-19 11:12:00-04:00,144.0,144.0,144.0,144.0,851,0.0,0.0,0.0
2024-07-19 11:13:00-04:00,143.9250030517578,143.9250030517578,143.9250030517578,143.9250030517578,201,0.0,0.0,0.0
2024-07-19 11:16:00-04:00,143.89999389648438,143.89999389648438,143.89999389648438,143.89999389648438,313,0.0,0.0,0.0
2024-07-19 11:17:00-04:00,143.9199981689453,143.9199981689453,143.9199981689453,143.9199981689453,222,0.0,0.0,0.0
2024-07-19 11:19:00-04:00,143.9499969482422,143.9499969482422,143.9499969482422,143.9499969482422,157,0.0,0.0,0.0
2024-07-19 11:21:00-04:00,144.11000061035156,144.11000061035156,144.11000061035156,144.11000061035156,177,0.0,0.0,0.0
2024-07-19 11:25:00-04:00,143.9199981689453,143.9199981689453,143.9199981689453,143.9199981689453,562,0.0,0.0,0.0
2024-07-19 11:31:00-04:00,143.63999938964844,143.7050018310547,143.63999938964844,143.7050018310547,385,0.0,0.0,0.0
2024-07-19 11:36:00-04:00,143.82000732421875,143.82000732421875,143.82000732421875,143.82000732421875,584,0.0,0.0,0.0
2024-07-19 11:47:00-04:00,143.6999969482422,143.6999969482422,143.6999969482422,143.6999969482422,100,0.0,0.0,0.0
2024-07-19 11:48:00-04:00,143.7100067138672,143.7100067138672,143.7100067138672,143.7100067138672,389,0.0,0.0,0.0
2024-07-19 11:58:00-04:00,143.8300018310547,143.97000122070312,143.8300018310547,143.91000366210938,1246,0.0,0.0,0.0
2024-07-19 12:00:00-04:00,144.09500122070312,144.09500122070312,144.09500122070312,144.09500122070312,111,0.0,0.0,0.0
2024-07-19 12:04:00-04:00,144.12049865722656,144.12049865722656,144.1199951171875,144.1199951171875,550,0.0,0.0,0.0
2024-07-19 12:05:00-04:00,144.1208038330078,144.1208038330078,144.1208038330078,144.1208038330078,392,0.0,0.0,0.0
2024-07-19 12:09:00-04:00,144.41000366210938,144.41000366210938,144.41000366210938,144.41000366210938,602,0.0,0.0,0.0
2024-07-19 12:14:00-04:00,144.25999450683594,144.25999450683594,144.25999450683594,144.25999450683594,240,0.0,0.0,0.0
2024-07-19 12:22:00-04:00,144.097900390625,144.097900390625,144.00999450683594,144.00999450683594,491,0.0,0.0,0.0
2024-07-19 12:30:00-04:00,143.9600067138672,143.9600067138672,143.9600067138672,143.9600067138672,354,0.0,0.0,0.0
2024-07-19 12:36:00-04:00,143.92999267578125,143.92999267578125,143.92999267578125,143.92999267578125,283,0.0,0.0,0.0
2024-07-19 12:38:00-04:00,144.03500366210938,144.03500366210938,143.94000244140625,143.94000244140625,266,0.0,0.0,0.0
2024-07-19 12:40:00-04:00,143.99000549316406,143.99000549316406,143.99000549316406,143.99000549316406,757,0.0,0.0,0.0
2024-07-19 12:53:00-04:00,143.77999877929688,143.77999877929688,143.77999877929688,143.77999877929688,142,0.0,0.0,0.0
2024-07-19 12:56:00-04:00,143.8800048828125,143.8800048828125,143.8800048828125,143.8800048828125,457,0.0,0.0,0.0
2024-07-19 13:03:00-04:00,143.8000030517578,143.8000030517578,143.8000030517578,143.8000030517578,150,0.0,0.0,0.0
2024-07-19 13:06:00-04:00,143.70010375976562,143.70010375976562,143.70010375976562,143.70010375976562,218,0.0,0.0,0.0
2024-07-19 13:09:00-04:00,143.77920532226562,143.77920532226562,143.77920532226562,143.77920532226562,990,0.0,0.0,0.0
2024-07-19 13:11:00-04:00,143.76600646972656,143.76600646972656,143.76600646972656,143.76600646972656,514,0.0,0.0,0.0
2024-07-19 13:12:00-04:00,143.71499633789062,143.71499633789062,143.71499633789062,143.71499633789062,209,0.0,0.0,0.0
2024-07-19 13:14:00-04:00,143.7198944091797,143.7198944091797,143.7198944091797,143.7198944091797,455,0.0,0.0,0.0
2024-07-19 13:16:00-04:00,143.7550048828125,143.7550048828125,143.7550048828125,143.7550048828125,403,0.0,0.0,0.0
2024-07-19 13:20:00-04:00,143.72830200195312,143.72830200195312,143.72830200195312,143.72830200195312,190,0.0,0.0,0.0
2024-07-19 13:21:00-04:00,143.6999969482422,143.6999969482422,143.6999969482422,143.6999969482422,225,0.0,0.0,0.0
2024-07-19 13:24:00-04:00,143.625,143.625,143.625,143.625,235,0.0,0.0,0.0
2024-07-19 13:25:00-04:00,143.72999572753906,143.77000427246094,143.72999572753906,143.77000427246094,363,0.0,0.0,0.0
2024-07-19 13:27:00-04:00,143.75,143.75,143.75,143.75,336,0.0,0.0,0.0
2024-07-19 13:38:00-04:00,143.82000732421875,143.82000732421875,143.82000732421875,143.82000732421875,841,0.0,0.0,0.0
2024-07-19 13:51:00-04:00,143.86000061035156,143.86000061035156,143.86000061035156,143.86000061035156,413,0.0,0.0,0.0
2024-07-19 14:06:00-04:00,143.85830688476562,143.85830688476562,143.85830688476562,143.85830688476562,261,0.0,0.0,0.0
2024-07-19 14:09:00-04:00,143.88999938964844,143.88999938964844,143.88999938964844,143.88999938964844,604,0.0,0.0,0.0
2024-07-19 14:26:00-04:00,143.77389526367188,143.77389526367188,143.75779724121094,143.75779724121094,670,0.0,0.0,0.0
2024-07-19 14:28:00-04:00,143.77999877929688,143.77999877929688,143.77999877929688,143.77999877929688,274,0.0,0.0,0.0
2024-07-19 14:32:00-04:00,143.65499877929688,143.6999969482422,143.65499877929688,143.67999267578125,2976,0.0,0.0,0.0
2024-07-19 14:41:00-04:00,143.6999969482422,143.6999969482422,143.6999969482422,143.6999969482422,662,0.0,0.0,0.0
2024-07-19 14:50:00-04:00,143.67999267578125,143.67999267578125,143.67999267578125,143.67999267578125,201,0.0,0.0,0.0
2024-07-19 14:55:00-04:00,143.7949981689453,143.7949981689453,143.7949981689453,143.7949981689453,150,0.0,0.0,0.0
2024-07-19 14:57:00-04:00,143.76499938964844,143.7841033935547,143.76499938964844,143.7841033935547,979,0.0,0.0,0.0
2024-07-19 15:04:00-04:00,143.82000732421875,143.85000610351562,143.80999755859375,143.80999755859375,507,0.0,0.0,0.0
2024-07-19 15:09:00-04:00,143.9199981689453,143.9199981689453,143.9199981689453,143.9199981689453,1763,0.0,0.0,0.0
2024-07-19 15:20:00-04:00,143.91000366210938,143.91000366210938,143.91000366210938,143.91000366210938,331,0.0,0.0,0.0
2024-07-19 15:22:00-04:00,143.9499969482422,143.9499969482422,143.9499969482422,143.9499969482422,103,0.0,0.0,0.0
2024-07-19 15:24:00-04:00,143.9691925048828,143.9691925048828,143.9691925048828,143.9691925048828,684,0.0,0.0,0.0
2024-07-19 15:26:00-04:00,144.02200317382812,144.02200317382812,144.02200317382812,144.02200317382812,601,0.0,0.0,0.0
2024-07-19 15:32:00-04:00,143.91009521484375,143.91009521484375,143.91009521484375,143.91009521484375,1571,0.0,0.0,0.0
2024-07-19 15:37:00-04:00,143.84500122070312,143.84500122070312,143.84500122070312,143.84500122070312,1150,0.0,0.0,0.0
2024-07-19 15:40:00-04:00,143.83999633789062,143.8437042236328,143.81239318847656,143.8437042236328,2000,0.0,0.0,0.0
2024-07-19 15:41:00-04:00,143.83999633789062,143.8699951171875,143.82000732421875,143.8699951171875,2286,0.0,0.0,0.0
2024-07-19 15:42:00-04:00,143.92999267578125,143.92999267578125,143.92999267578125,143.92999267578125,101,0.0,0.0,0.0
2024-07-19 15:43:00-04:00,143.88999938964844,143.88999938964844,143.88999938964844,143.88999938964844,277,0.0,0.0,0.0
2024-07-19 15:44:00-04:00,143.82989501953125,143.82989501953125,143.82989501953125,143.82989501953125,156,0.0,0.0,0.0
2024-07-19 15:45:00-04:00,143.76719665527344,143.76719665527344,143.76719665527344,143.76719665527344,196,0.0,0.0,0.0
2024-07-19 15:46:00-04:00,143.8459930419922,143.8459930419922,143.8459930419922,143.8459930419922,119,0.0,0.0,0.0
2024-07-19 15:47:00-04:00,143.91000366210938,143.91000366210938,143.86090087890625,143.86090087890625,804,0.0,0.0,0.0
2024-07-19 15:49:00-04:00,143.8800048828125,143.8800048828125,143.8800048828125,143.8800048828125,290,0.0,0.0,0.0
2024-07-19 15:50:00-04:00,143.8800048828125,143.8800048828125,143.8800048828125,143.8800048828125,101,0.0,0.0,0.0
2024-07-19 15:55:00-04:00,143.75,143.7550048828125,143.7100067138672,143.7100067138672,1424,0.0,0.0,0.0
2024-07-19 15:58:00-04:00,143.6999969482422,143.6999969482422,143.6999969482422,143.6999969482422,544,0.0,0.0,0.0
2024-07-19 15:59:00-04:00,143.75,143.7899932861328,143.75,143.75,1817,0.0,0.0,0.0
