Datetime,Open,High,Low,Close,Volume,Dividends,Stock Splits
2024-06-27 09:30:00-04:00,88.18000030517578,88.41000366210938,87.66000366210938,87.8499984741211,168529,0.0,0.0
2024-06-27 09:35:00-04:00,87.83999633789062,87.91999816894531,87.58719635009766,87.62000274658203,75900,0.0,0.0
2024-06-27 09:40:00-04:00,87.58000183105469,87.9000015258789,87.55000305175781,87.81999969482422,53174,0.0,0.0
2024-06-27 09:45:00-04:00,87.83999633789062,88.02999877929688,87.83999633789062,87.93000030517578,65222,0.0,0.0
2024-06-27 09:50:00-04:00,87.93000030517578,88.16999816894531,87.7699966430664,87.99089813232422,43145,0.0,0.0
2024-06-27 09:55:00-04:00,88.01000213623047,88.02999877929688,87.8499984741211,87.97000122070312,20536,0.0,0.0
2024-06-27 10:00:00-04:00,87.94999694824219,88.02999877929688,87.87010192871094,87.87010192871094,24262,0.0,0.0
2024-06-27 10:05:00-04:00,87.9000015258789,88.0,87.82499694824219,87.91000366210938,34871,0.0,0.0
2024-06-27 10:10:00-04:00,87.86000061035156,87.88999938964844,87.76000213623047,87.77999877929688,17822,0.0,0.0
2024-06-27 10:15:00-04:00,87.79000091552734,87.87000274658203,87.70999908447266,87.78730010986328,25824,0.0,0.0
2024-06-27 10:20:00-04:00,87.80500030517578,87.83000183105469,87.62000274658203,87.625,27339,0.0,0.0
2024-06-27 10:25:00-04:00,87.61730194091797,87.66999816894531,87.58000183105469,87.62960052490234,40955,0.0,0.0
2024-06-27 10:30:00-04:00,87.61000061035156,87.67990112304688,87.45999908447266,87.54000091552734,65784,0.0,0.0
2024-06-27 10:35:00-04:00,87.54000091552734,87.69000244140625,87.52999877929688,87.69000244140625,22096,0.0,0.0
2024-06-27 10:40:00-04:00,87.72000122070312,87.72000122070312,87.58999633789062,87.58999633789062,16981,0.0,0.0
2024-06-27 10:45:00-04:00,87.58999633789062,87.6698989868164,87.56999969482422,87.59500122070312,21186,0.0,0.0
2024-06-27 10:50:00-04:00,87.5999984741211,87.5999984741211,87.2699966430664,87.30999755859375,91932,0.0,0.0
2024-06-27 10:55:00-04:00,87.31999969482422,87.37999725341797,87.2300033569336,87.37999725341797,65478,0.0,0.0
2024-06-27 11:00:00-04:00,87.41999816894531,87.44000244140625,87.3499984741211,87.41999816894531,15152,0.0,0.0
2024-06-27 11:05:00-04:00,87.42500305175781,87.47000122070312,87.3499984741211,87.3499984741211,16879,0.0,0.0
2024-06-27 11:10:00-04:00,87.3499984741211,87.41999816894531,87.30999755859375,87.33999633789062,14570,0.0,0.0
2024-06-27 11:15:00-04:00,87.36000061035156,87.44380187988281,87.33000183105469,87.42109680175781,41868,0.0,0.0
2024-06-27 11:20:00-04:00,87.42500305175781,87.43930053710938,87.2874984741211,87.3550033569336,32003,0.0,0.0
2024-06-27 11:25:00-04:00,87.36000061035156,87.37999725341797,87.26000213623047,87.28500366210938,30630,0.0,0.0
2024-06-27 11:30:00-04:00,87.27999877929688,87.27999877929688,87.1500015258789,87.22000122070312,68460,0.0,0.0
2024-06-27 11:35:00-04:00,87.22000122070312,87.33999633789062,87.19000244140625,87.27999877929688,37348,0.0,0.0
2024-06-27 11:40:00-04:00,87.27169799804688,87.34010314941406,87.23500061035156,87.23500061035156,10584,0.0,0.0
2024-06-27 11:45:00-04:00,87.22840118408203,87.33000183105469,87.22000122070312,87.31999969482422,15440,0.0,0.0
2024-06-27 11:50:00-04:00,87.31999969482422,87.33070373535156,87.26000213623047,87.29000091552734,18203,0.0,0.0
2024-06-27 11:55:00-04:00,87.29000091552734,87.33999633789062,87.20999908447266,87.26000213623047,19630,0.0,0.0
2024-06-27 12:00:00-04:00,87.23999786376953,87.26000213623047,87.2300033569336,87.23999786376953,7343,0.0,0.0
2024-06-27 12:05:00-04:00,87.2499008178711,87.31999969482422,87.22010040283203,87.29920196533203,12638,0.0,0.0
2024-06-27 12:10:00-04:00,87.30449676513672,87.3499984741211,87.20999908447266,87.25,25431,0.0,0.0
2024-06-27 12:15:00-04:00,87.25,87.25,87.17250061035156,87.1865005493164,8648,0.0,0.0
2024-06-27 12:20:00-04:00,87.1968994140625,87.25,87.1968994140625,87.22989654541016,16817,0.0,0.0
2024-06-27 12:25:00-04:00,87.2300033569336,87.2300033569336,87.18000030517578,87.19999694824219,13217,0.0,0.0
2024-06-27 12:30:00-04:00,87.19999694824219,87.27999877929688,87.18499755859375,87.26300048828125,21862,0.0,0.0
2024-06-27 12:35:00-04:00,87.27999877929688,87.29000091552734,87.26000213623047,87.29000091552734,14309,0.0,0.0
2024-06-27 12:40:00-04:00,87.29000091552734,87.29000091552734,87.22000122070312,87.27999877929688,26248,0.0,0.0
2024-06-27 12:45:00-04:00,87.29000091552734,87.30999755859375,87.2699966430664,87.29000091552734,15131,0.0,0.0
2024-06-27 12:50:00-04:00,87.29010009765625,87.39990234375,87.29000091552734,87.37000274658203,13035,0.0,0.0
2024-06-27 12:55:00-04:00,87.37989807128906,87.41780090332031,87.36509704589844,87.37000274658203,12146,0.0,0.0
2024-06-27 13:00:00-04:00,87.38990020751953,87.45999908447266,87.36840057373047,87.4000015258789,17367,0.0,0.0
2024-06-27 13:05:00-04:00,87.41680145263672,87.4198989868164,87.37999725341797,87.41000366210938,6779,0.0,0.0
2024-06-27 13:10:00-04:00,87.39459991455078,87.4198989868164,87.29730224609375,87.30339813232422,15549,0.0,0.0
2024-06-27 13:15:00-04:00,87.30999755859375,87.33999633789062,87.25,87.31759643554688,36301,0.0,0.0
2024-06-27 13:20:00-04:00,87.33000183105469,87.37000274658203,87.33000183105469,87.37000274658203,5745,0.0,0.0
2024-06-27 13:25:00-04:00,87.36000061035156,87.37760162353516,87.30999755859375,87.33000183105469,12793,0.0,0.0
2024-06-27 13:30:00-04:00,87.33999633789062,87.39520263671875,87.31999969482422,87.37000274658203,10593,0.0,0.0
2024-06-27 13:35:00-04:00,87.37000274658203,87.3822021484375,87.31999969482422,87.31999969482422,12913,0.0,0.0
2024-06-27 13:40:00-04:00,87.31999969482422,87.34989929199219,87.30999755859375,87.33000183105469,12326,0.0,0.0
2024-06-27 13:45:00-04:00,87.33000183105469,87.33999633789062,87.30999755859375,87.30999755859375,6838,0.0,0.0
2024-06-27 13:50:00-04:00,87.30999755859375,87.38999938964844,87.30999755859375,87.3499984741211,20523,0.0,0.0
2024-06-27 13:55:00-04:00,87.3301010131836,87.3499984741211,87.2699966430664,87.2699966430664,12528,0.0,0.0
2024-06-27 14:00:00-04:00,87.23999786376953,87.25,87.12000274658203,87.19999694824219,33410,0.0,0.0
2024-06-27 14:05:00-04:00,87.19989776611328,87.23999786376953,87.16000366210938,87.21720123291016,10557,0.0,0.0
2024-06-27 14:10:00-04:00,87.22899627685547,87.24729919433594,87.19999694824219,87.20829772949219,9837,0.0,0.0
2024-06-27 14:15:00-04:00,87.19999694824219,87.19999694824219,87.12010192871094,87.1500015258789,17370,0.0,0.0
2024-06-27 14:20:00-04:00,87.16000366210938,87.16000366210938,87.12999725341797,87.12999725341797,11637,0.0,0.0
2024-06-27 14:25:00-04:00,87.12000274658203,87.16999816894531,87.11000061035156,87.13999938964844,19981,0.0,0.0
2024-06-27 14:30:00-04:00,87.1500015258789,87.16999816894531,87.12999725341797,87.15010070800781,15033,0.0,0.0
2024-06-27 14:35:00-04:00,87.16000366210938,87.18000030517578,87.0999984741211,87.0999984741211,30667,0.0,0.0
2024-06-27 14:40:00-04:00,87.0999984741211,87.1050033569336,87.01000213623047,87.08000183105469,30121,0.0,0.0
2024-06-27 14:45:00-04:00,87.06939697265625,87.18000030517578,87.06939697265625,87.18000030517578,16510,0.0,0.0
2024-06-27 14:50:00-04:00,87.1769027709961,87.2300033569336,87.1769027709961,87.19200134277344,12730,0.0,0.0
2024-06-27 14:55:00-04:00,87.19000244140625,87.2699966430664,87.18000030517578,87.26200103759766,13432,0.0,0.0
2024-06-27 15:00:00-04:00,87.2699966430664,87.2699966430664,87.16000366210938,87.18499755859375,14528,0.0,0.0
2024-06-27 15:05:00-04:00,87.18000030517578,87.19999694824219,87.12999725341797,87.18000030517578,16481,0.0,0.0
2024-06-27 15:10:00-04:00,87.18000030517578,87.22000122070312,87.16000366210938,87.16999816894531,12035,0.0,0.0
2024-06-27 15:15:00-04:00,87.17500305175781,87.20999908447266,87.16000366210938,87.18000030517578,19250,0.0,0.0
2024-06-27 15:20:00-04:00,87.18229675292969,87.25,87.13999938964844,87.19999694824219,24077,0.0,0.0
2024-06-27 15:25:00-04:00,87.19999694824219,87.25,87.19000244140625,87.23999786376953,17682,0.0,0.0
2024-06-27 15:30:00-04:00,87.23999786376953,87.23999786376953,87.13999938964844,87.16000366210938,48541,0.0,0.0
2024-06-27 15:35:00-04:00,87.16999816894531,87.19000244140625,87.11000061035156,87.13999938964844,29125,0.0,0.0
2024-06-27 15:40:00-04:00,87.12999725341797,87.16000366210938,87.11000061035156,87.12000274658203,37926,0.0,0.0
2024-06-27 15:45:00-04:00,87.12999725341797,87.2083969116211,87.12000274658203,87.16999816894531,76935,0.0,0.0
2024-06-27 15:50:00-04:00,87.18499755859375,87.25499725341797,87.08999633789062,87.08999633789062,94870,0.0,0.0
2024-06-27 15:55:00-04:00,87.0999984741211,87.0999984741211,87.02999877929688,87.04000091552734,159541,0.0,0.0
2024-06-28 09:30:00-04:00,87.1500015258789,87.23999786376953,86.66000366210938,87.08999633789062,187283,0.0,0.0
2024-06-28 09:35:00-04:00,87.11239624023438,87.27230072021484,86.94999694824219,87.08999633789062,42341,0.0,0.0
2024-06-28 09:40:00-04:00,87.04000091552734,87.19999694824219,86.9000015258789,87.19999694824219,36106,0.0,0.0
2024-06-28 09:45:00-04:00,87.23999786376953,87.30999755859375,87.16010284423828,87.21920013427734,36495,0.0,0.0
2024-06-28 09:50:00-04:00,87.25,87.3499984741211,87.19999694824219,87.2300033569336,26633,0.0,0.0
2024-06-28 09:55:00-04:00,87.21499633789062,87.29000091552734,87.01860046386719,87.08809661865234,32888,0.0,0.0
2024-06-28 10:00:00-04:00,87.08999633789062,87.20999908447266,86.8499984741211,86.8499984741211,47482,0.0,0.0
2024-06-28 10:05:00-04:00,86.8499984741211,86.97000122070312,86.80000305175781,86.86499786376953,52147,0.0,0.0
2024-06-28 10:10:00-04:00,86.87999725341797,87.09989929199219,86.87999725341797,87.02999877929688,36917,0.0,0.0
2024-06-28 10:15:00-04:00,87.02999877929688,87.16000366210938,86.91999816894531,87.16000366210938,32276,0.0,0.0
2024-06-28 10:20:00-04:00,87.14990234375,87.2699966430664,87.06009674072266,87.24030303955078,33394,0.0,0.0
2024-06-28 10:25:00-04:00,87.29000091552734,87.41000366210938,87.2614974975586,87.41000366210938,16614,0.0,0.0
2024-06-28 10:30:00-04:00,87.4000015258789,87.43499755859375,87.3499984741211,87.41100311279297,28375,0.0,0.0
2024-06-28 10:35:00-04:00,87.42759704589844,87.44999694824219,87.34349822998047,87.37000274658203,63613,0.0,0.0
2024-06-28 10:40:00-04:00,87.34249877929688,87.37000274658203,87.27200317382812,87.36499786376953,17565,0.0,0.0
2024-06-28 10:45:00-04:00,87.37999725341797,87.5999984741211,87.36000061035156,87.55500030517578,33978,0.0,0.0
2024-06-28 10:50:00-04:00,87.55000305175781,87.58000183105469,87.47000122070312,87.48999786376953,21017,0.0,0.0
2024-06-28 10:55:00-04:00,87.48999786376953,87.49759674072266,87.38999938964844,87.41000366210938,18494,0.0,0.0
2024-06-28 11:00:00-04:00,87.37999725341797,87.4000015258789,87.27999877929688,87.27999877929688,9600,0.0,0.0
2024-06-28 11:05:00-04:00,87.2699966430664,87.2699966430664,87.07499694824219,87.12000274658203,67451,0.0,0.0
2024-06-28 11:10:00-04:00,87.10870361328125,87.16000366210938,87.05999755859375,87.1500015258789,18555,0.0,0.0
2024-06-28 11:15:00-04:00,87.1500015258789,87.23999786376953,87.12999725341797,87.22000122070312,10236,0.0,0.0
2024-06-28 11:20:00-04:00,87.2300033569336,87.36000061035156,87.20999908447266,87.32569885253906,19926,0.0,0.0
2024-06-28 11:25:00-04:00,87.32499694824219,87.33999633789062,87.1500015258789,87.22000122070312,16059,0.0,0.0
2024-06-28 11:30:00-04:00,87.2249984741211,87.33999633789062,87.22000122070312,87.23999786376953,10371,0.0,0.0
2024-06-28 11:35:00-04:00,87.23999786376953,87.36990356445312,87.20999908447266,87.36990356445312,24581,0.0,0.0
2024-06-28 11:40:00-04:00,87.36499786376953,87.43000030517578,87.2750015258789,87.37999725341797,36093,0.0,0.0
2024-06-28 11:45:00-04:00,87.38999938964844,87.4000015258789,87.27210235595703,87.27210235595703,11067,0.0,0.0
2024-06-28 11:50:00-04:00,87.2699966430664,87.33000183105469,87.2699966430664,87.33000183105469,6567,0.0,0.0
2024-06-28 11:55:00-04:00,87.30999755859375,87.44000244140625,87.30999755859375,87.37999725341797,8914,0.0,0.0
2024-06-28 12:00:00-04:00,87.38999938964844,87.41000366210938,87.30999755859375,87.33999633789062,4389,0.0,0.0
2024-06-28 12:05:00-04:00,87.33000183105469,87.36000061035156,87.20999908447266,87.21499633789062,30411,0.0,0.0
2024-06-28 12:10:00-04:00,87.25990295410156,87.26000213623047,87.1500015258789,87.19499969482422,9612,0.0,0.0
2024-06-28 12:15:00-04:00,87.20999908447266,87.20999908447266,87.08999633789062,87.13500213623047,19439,0.0,0.0
2024-06-28 12:20:00-04:00,87.12999725341797,87.12999725341797,86.95999908447266,86.97000122070312,24592,0.0,0.0
2024-06-28 12:25:00-04:00,86.94000244140625,86.9800033569336,86.93000030517578,86.94999694824219,15044,0.0,0.0
2024-06-28 12:30:00-04:00,86.94000244140625,86.94999694824219,86.80999755859375,86.83499908447266,17893,0.0,0.0
2024-06-28 12:35:00-04:00,86.8499984741211,86.86000061035156,86.7667007446289,86.79989624023438,23832,0.0,0.0
2024-06-28 12:40:00-04:00,86.7699966430664,86.79989624023438,86.72000122070312,86.79000091552734,17865,0.0,0.0
2024-06-28 12:45:00-04:00,86.80999755859375,86.80999755859375,86.69000244140625,86.69999694824219,17161,0.0,0.0
2024-06-28 12:50:00-04:00,86.66000366210938,86.77999877929688,86.66000366210938,86.72799682617188,15935,0.0,0.0
2024-06-28 12:55:00-04:00,86.70999908447266,86.80000305175781,86.70999908447266,86.80000305175781,7416,0.0,0.0
2024-06-28 13:00:00-04:00,86.81909942626953,86.83989715576172,86.72000122070312,86.77999877929688,9373,0.0,0.0
2024-06-28 13:05:00-04:00,86.80000305175781,86.83999633789062,86.79000091552734,86.80000305175781,13786,0.0,0.0
2024-06-28 13:10:00-04:00,86.80000305175781,86.81999969482422,86.7300033569336,86.79000091552734,12349,0.0,0.0
2024-06-28 13:15:00-04:00,86.7748031616211,86.86990356445312,86.75,86.77999877929688,23834,0.0,0.0
2024-06-28 13:20:00-04:00,86.77999877929688,86.83499908447266,86.72000122070312,86.7699966430664,18995,0.0,0.0
2024-06-28 13:25:00-04:00,86.78170013427734,86.8550033569336,86.77999877929688,86.8499984741211,13102,0.0,0.0
2024-06-28 13:30:00-04:00,86.8499984741211,86.87000274658203,86.80999755859375,86.83000183105469,6952,0.0,0.0
2024-06-28 13:35:00-04:00,86.83000183105469,86.87999725341797,86.83000183105469,86.87000274658203,9970,0.0,0.0
2024-06-28 13:40:00-04:00,86.86000061035156,86.87989807128906,86.80999755859375,86.84980010986328,11395,0.0,0.0
2024-06-28 13:45:00-04:00,86.83280181884766,86.83499908447266,86.79000091552734,86.80000305175781,8377,0.0,0.0
2024-06-28 13:50:00-04:00,86.79000091552734,86.80049896240234,86.72000122070312,86.72000122070312,12317,0.0,0.0
2024-06-28 13:55:00-04:00,86.7249984741211,86.76419830322266,86.72000122070312,86.7301025390625,8466,0.0,0.0
2024-06-28 14:00:00-04:00,86.7300033569336,86.77999877929688,86.70999908447266,86.74500274658203,13614,0.0,0.0
2024-06-28 14:05:00-04:00,86.74500274658203,86.7499008178711,86.66000366210938,86.7300033569336,10788,0.0,0.0
2024-06-28 14:10:00-04:00,86.75,86.78199768066406,86.72000122070312,86.78199768066406,4764,0.0,0.0
2024-06-28 14:15:00-04:00,86.76000213623047,86.7699966430664,86.7300033569336,86.76170349121094,6389,0.0,0.0
2024-06-28 14:20:00-04:00,86.76000213623047,86.77200317382812,86.66000366210938,86.70999908447266,21510,0.0,0.0
2024-06-28 14:25:00-04:00,86.70999908447266,86.79989624023438,86.70999908447266,86.73400115966797,11723,0.0,0.0
2024-06-28 14:30:00-04:00,86.714599609375,86.75479888916016,86.68000030517578,86.72000122070312,12205,0.0,0.0
2024-06-28 14:35:00-04:00,86.72560119628906,86.83999633789062,86.7249984741211,86.7926025390625,23543,0.0,0.0
2024-06-28 14:40:00-04:00,86.79000091552734,86.82050323486328,86.75,86.80500030517578,10079,0.0,0.0
2024-06-28 14:45:00-04:00,86.79299926757812,86.79299926757812,86.72000122070312,86.75,8948,0.0,0.0
2024-06-28 14:50:00-04:00,86.75,86.8499984741211,86.73999786376953,86.80039978027344,17932,0.0,0.0
2024-06-28 14:55:00-04:00,86.80000305175781,86.80000305175781,86.7072982788086,86.72000122070312,35456,0.0,0.0
2024-06-28 15:00:00-04:00,86.68000030517578,86.68000030517578,86.62000274658203,86.63999938964844,23695,0.0,0.0
2024-06-28 15:05:00-04:00,86.625,86.66500091552734,86.625,86.63999938964844,13146,0.0,0.0
2024-06-28 15:10:00-04:00,86.63999938964844,86.67990112304688,86.62000274658203,86.62999725341797,13941,0.0,0.0
2024-06-28 15:15:00-04:00,86.62999725341797,86.6698989868164,86.5801010131836,86.5999984741211,22933,0.0,0.0
2024-06-28 15:20:00-04:00,86.61000061035156,86.677001953125,86.58999633789062,86.625,31020,0.0,0.0
2024-06-28 15:25:00-04:00,86.625,86.67990112304688,86.60099792480469,86.63999938964844,13107,0.0,0.0
2024-06-28 15:30:00-04:00,86.62010192871094,86.6500015258789,86.55999755859375,86.61000061035156,35675,0.0,0.0
2024-06-28 15:35:00-04:00,86.6104965209961,86.66999816894531,86.56999969482422,86.6449966430664,33047,0.0,0.0
2024-06-28 15:40:00-04:00,86.63200378417969,86.75,86.62000274658203,86.69010162353516,41421,0.0,0.0
2024-06-28 15:45:00-04:00,86.68000030517578,86.68000030517578,86.61100006103516,86.6500015258789,41514,0.0,0.0
2024-06-28 15:50:00-04:00,86.63999938964844,86.66000366210938,86.54000091552734,86.54000091552734,75135,0.0,0.0
2024-06-28 15:55:00-04:00,86.54000091552734,86.55989837646484,86.43000030517578,86.4800033569336,195398,0.0,0.0
2024-07-01 09:30:00-04:00,86.61000061035156,87.31999969482422,86.61000061035156,87.0199966430664,127526,0.0,0.0
2024-07-01 09:35:00-04:00,87.05000305175781,87.33999633789062,87.02999877929688,87.19999694824219,35076,0.0,0.0
2024-07-01 09:40:00-04:00,87.27999877929688,87.64550018310547,87.1500015258789,87.64550018310547,53978,0.0,0.0
2024-07-01 09:45:00-04:00,87.55999755859375,87.55999755859375,87.16999816894531,87.21420288085938,29198,0.0,0.0
2024-07-01 09:50:00-04:00,87.16999816894531,87.30000305175781,87.0999984741211,87.19999694824219,20487,0.0,0.0
2024-07-01 09:55:00-04:00,87.20999908447266,87.23999786376953,87.06999969482422,87.1050033569336,23702,0.0,0.0
2024-07-01 10:00:00-04:00,87.13999938964844,87.33000183105469,87.11000061035156,87.26119995117188,28030,0.0,0.0
2024-07-01 10:05:00-04:00,87.2699966430664,87.2699966430664,87.0,87.0999984741211,25267,0.0,0.0
2024-07-01 10:10:00-04:00,87.08999633789062,87.12999725341797,86.9000015258789,86.9000015258789,17401,0.0,0.0
2024-07-01 10:15:00-04:00,86.88500213623047,87.1416015625,86.86060333251953,87.125,22663,0.0,0.0
2024-07-01 10:20:00-04:00,87.11000061035156,87.11000061035156,86.8479995727539,86.91000366210938,14727,0.0,0.0
2024-07-01 10:25:00-04:00,86.91000366210938,87.0,86.88999938964844,86.9000015258789,12140,0.0,0.0
2024-07-01 10:30:00-04:00,86.90270233154297,86.95040130615234,86.8499984741211,86.92500305175781,18157,0.0,0.0
2024-07-01 10:35:00-04:00,86.93000030517578,86.97000122070312,86.7842025756836,86.7842025756836,19448,0.0,0.0
2024-07-01 10:40:00-04:00,86.76000213623047,86.83899688720703,86.69999694824219,86.78990173339844,129603,0.0,0.0
2024-07-01 10:45:00-04:00,86.76080322265625,86.79000091552734,86.61000061035156,86.68000030517578,88402,0.0,0.0
2024-07-01 10:50:00-04:00,86.6500015258789,86.70999908447266,86.62999725341797,86.63999938964844,16628,0.0,0.0
2024-07-01 10:55:00-04:00,86.62999725341797,86.72000122070312,86.62000274658203,86.6698989868164,31960,0.0,0.0
2024-07-01 11:00:00-04:00,86.6449966430664,86.69999694824219,86.62000274658203,86.68910217285156,17692,0.0,0.0
2024-07-01 11:05:00-04:00,86.66000366210938,86.70989990234375,86.61009979248047,86.63999938964844,14501,0.0,0.0
2024-07-01 11:10:00-04:00,86.65499877929688,86.74500274658203,86.65499877929688,86.74500274658203,10097,0.0,0.0
2024-07-01 11:15:00-04:00,86.66999816894531,86.75,86.66999816894531,86.7300033569336,17991,0.0,0.0
2024-07-01 11:20:00-04:00,86.72660064697266,86.75990295410156,86.62999725341797,86.68499755859375,19235,0.0,0.0
2024-07-01 11:25:00-04:00,86.68499755859375,86.69999694824219,86.55000305175781,86.61000061035156,20647,0.0,0.0
2024-07-01 11:30:00-04:00,86.61000061035156,86.6500015258789,86.56999969482422,86.625,17918,0.0,0.0
2024-07-01 11:35:00-04:00,86.64990234375,86.64990234375,86.4800033569336,86.51000213623047,28094,0.0,0.0
2024-07-01 11:40:00-04:00,86.52999877929688,86.55999755859375,86.48999786376953,86.52999877929688,17985,0.0,0.0
2024-07-01 11:45:00-04:00,86.52999877929688,86.58499908447266,86.52999877929688,86.58499908447266,8111,0.0,0.0
2024-07-01 11:50:00-04:00,86.58499908447266,86.66000366210938,86.56999969482422,86.56999969482422,18668,0.0,0.0
2024-07-01 11:55:00-04:00,86.57499694824219,86.61000061035156,86.57499694824219,86.5999984741211,9648,0.0,0.0
2024-07-01 12:00:00-04:00,86.58000183105469,86.58999633789062,86.51000213623047,86.51000213623047,17477,0.0,0.0
2024-07-01 12:05:00-04:00,86.54499816894531,86.69000244140625,86.54000091552734,86.69000244140625,68504,0.0,0.0
2024-07-01 12:10:00-04:00,86.71990203857422,86.71990203857422,86.56999969482422,86.65049743652344,83832,0.0,0.0
2024-07-01 12:15:00-04:00,86.66999816894531,86.68000030517578,86.54000091552734,86.55999755859375,15125,0.0,0.0
2024-07-01 12:20:00-04:00,86.54000091552734,86.55999755859375,86.36000061035156,86.37000274658203,42262,0.0,0.0
2024-07-01 12:25:00-04:00,86.36000061035156,86.44999694824219,86.36000061035156,86.43000030517578,106908,0.0,0.0
2024-07-01 12:30:00-04:00,86.42500305175781,86.43000030517578,86.30000305175781,86.40499877929688,31317,0.0,0.0
2024-07-01 12:35:00-04:00,86.44000244140625,86.5199966430664,86.41999816894531,86.50499725341797,19101,0.0,0.0
2024-07-01 12:40:00-04:00,86.49500274658203,86.49500274658203,86.4000015258789,86.46369934082031,16363,0.0,0.0
2024-07-01 12:45:00-04:00,86.44999694824219,86.47000122070312,86.22000122070312,86.25499725341797,39755,0.0,0.0
2024-07-01 12:50:00-04:00,86.23500061035156,86.2699966430664,86.20999908447266,86.25499725341797,22697,0.0,0.0
2024-07-01 12:55:00-04:00,86.2699966430664,86.30999755859375,86.23999786376953,86.2699966430664,22842,0.0,0.0
2024-07-01 13:00:00-04:00,86.25499725341797,86.26000213623047,86.14559936523438,86.20999908447266,37869,0.0,0.0
2024-07-01 13:05:00-04:00,86.21939849853516,86.2699966430664,86.21939849853516,86.2699966430664,18994,0.0,0.0
2024-07-01 13:10:00-04:00,86.2699966430664,86.2699966430664,86.19000244140625,86.19000244140625,20854,0.0,0.0
2024-07-01 13:15:00-04:00,86.19000244140625,86.25,86.1885986328125,86.24500274658203,20559,0.0,0.0
2024-07-01 13:20:00-04:00,86.22920227050781,86.2300033569336,86.11499786376953,86.12999725341797,27192,0.0,0.0
2024-07-01 13:25:00-04:00,86.12999725341797,86.12999725341797,86.08000183105469,86.12689971923828,18226,0.0,0.0
2024-07-01 13:30:00-04:00,86.11000061035156,86.12000274658203,86.05999755859375,86.09989929199219,28844,0.0,0.0
2024-07-01 13:35:00-04:00,86.09940338134766,86.12979888916016,86.0199966430664,86.11499786376953,41885,0.0,0.0
2024-07-01 13:40:00-04:00,86.11000061035156,86.16790008544922,86.06999969482422,86.14320373535156,24099,0.0,0.0
2024-07-01 13:45:00-04:00,86.1500015258789,86.1500015258789,86.01000213623047,86.02999877929688,41800,0.0,0.0
2024-07-01 13:50:00-04:00,86.03679656982422,86.1720962524414,86.0199966430664,86.13999938964844,93370,0.0,0.0
2024-07-01 13:55:00-04:00,86.14600372314453,86.19000244140625,86.13999938964844,86.18000030517578,16026,0.0,0.0
2024-07-01 14:00:00-04:00,86.18000030517578,86.23999786376953,86.15499877929688,86.23999786376953,22957,0.0,0.0
2024-07-01 14:05:00-04:00,86.25,86.30999755859375,86.2300033569336,86.24500274658203,13113,0.0,0.0
2024-07-01 14:10:00-04:00,86.25,86.25689697265625,86.19999694824219,86.2300033569336,19289,0.0,0.0
2024-07-01 14:15:00-04:00,86.2394027709961,86.30989837646484,86.2394027709961,86.23999786376953,18299,0.0,0.0
2024-07-01 14:20:00-04:00,86.25,86.26000213623047,86.19999694824219,86.20999908447266,17248,0.0,0.0
2024-07-01 14:25:00-04:00,86.20999908447266,86.20999908447266,86.13999938964844,86.16000366210938,22014,0.0,0.0
2024-07-01 14:30:00-04:00,86.17949676513672,86.18499755859375,86.12000274658203,86.16999816894531,17928,0.0,0.0
2024-07-01 14:35:00-04:00,86.17500305175781,86.25,86.1718978881836,86.20500183105469,14493,0.0,0.0
2024-07-01 14:40:00-04:00,86.21150207519531,86.24690246582031,86.20999908447266,86.22000122070312,12585,0.0,0.0
2024-07-01 14:45:00-04:00,86.2300033569336,86.25,86.20999908447266,86.25,14387,0.0,0.0
2024-07-01 14:50:00-04:00,86.25640106201172,86.25640106201172,86.1500015258789,86.20999908447266,20352,0.0,0.0
2024-07-01 14:55:00-04:00,86.18000030517578,86.18000030517578,86.125,86.13200378417969,12349,0.0,0.0
2024-07-01 15:00:00-04:00,86.12999725341797,86.12999725341797,86.06999969482422,86.06999969482422,15740,0.0,0.0
2024-07-01 15:05:00-04:00,86.08999633789062,86.1500015258789,86.08999633789062,86.12999725341797,21283,0.0,0.0
2024-07-01 15:10:00-04:00,86.1365966796875,86.1365966796875,85.9800033569336,86.0199966430664,43350,0.0,0.0
2024-07-01 15:15:00-04:00,86.01499938964844,86.05000305175781,85.96499633789062,86.01000213623047,23527,0.0,0.0
2024-07-01 15:20:00-04:00,86.01000213623047,86.01000213623047,85.93000030517578,85.9800033569336,38143,0.0,0.0
2024-07-01 15:25:00-04:00,85.98069763183594,86.01499938964844,85.97000122070312,85.98999786376953,28012,0.0,0.0
2024-07-01 15:30:00-04:00,85.95999908447266,86.01000213623047,85.95999908447266,86.0,28826,0.0,0.0
2024-07-01 15:35:00-04:00,86.0093002319336,86.05999755859375,85.97000122070312,86.02999877929688,32269,0.0,0.0
2024-07-01 15:40:00-04:00,86.02999877929688,86.08000183105469,85.98999786376953,85.98999786376953,29840,0.0,0.0
2024-07-01 15:45:00-04:00,86.00669860839844,86.12999725341797,85.98500061035156,86.08999633789062,35359,0.0,0.0
2024-07-01 15:50:00-04:00,86.0999984741211,86.20500183105469,86.08000183105469,86.19000244140625,67016,0.0,0.0
2024-07-01 15:55:00-04:00,86.20999908447266,86.27999877929688,86.17320251464844,86.19100189208984,144171,0.0,0.0
2024-07-02 09:30:00-04:00,86.0,86.06500244140625,85.30999755859375,85.6050033569336,176804,0.0,0.0
2024-07-02 09:35:00-04:00,85.65889739990234,85.84200286865234,85.55000305175781,85.75,41421,0.0,0.0
2024-07-02 09:40:00-04:00,85.78990173339844,85.97000122070312,85.75499725341797,85.80999755859375,38561,0.0,0.0
2024-07-02 09:45:00-04:00,85.7699966430664,85.81999969482422,85.69999694824219,85.70999908447266,30579,0.0,0.0
2024-07-02 09:50:00-04:00,85.65010070800781,85.9000015258789,85.63999938964844,85.82050323486328,33130,0.0,0.0
2024-07-02 09:55:00-04:00,85.81999969482422,85.81999969482422,85.67500305175781,85.72840118408203,32053,0.0,0.0
2024-07-02 10:00:00-04:00,85.76000213623047,85.80000305175781,85.59400177001953,85.59400177001953,42535,0.0,0.0
2024-07-02 10:05:00-04:00,85.63999938964844,85.68000030517578,85.58999633789062,85.6500015258789,25067,0.0,0.0
2024-07-02 10:10:00-04:00,85.63999938964844,85.6500015258789,85.5199966430664,85.57499694824219,39966,0.0,0.0
2024-07-02 10:15:00-04:00,85.58000183105469,85.60399627685547,85.4800033569336,85.54000091552734,39059,0.0,0.0
2024-07-02 10:20:00-04:00,85.56999969482422,85.56999969482422,85.3499984741211,85.38990020751953,39869,0.0,0.0
2024-07-02 10:25:00-04:00,85.38500213623047,85.45989990234375,85.27999877929688,85.4094009399414,39621,0.0,0.0
2024-07-02 10:30:00-04:00,85.4000015258789,85.41999816894531,85.3499984741211,85.38999938964844,41503,0.0,0.0
2024-07-02 10:35:00-04:00,85.4000015258789,85.44000244140625,85.2300033569336,85.23999786376953,46595,0.0,0.0
2024-07-02 10:40:00-04:00,85.23500061035156,85.2750015258789,85.08409881591797,85.11000061035156,50958,0.0,0.0
2024-07-02 10:45:00-04:00,85.11000061035156,85.27999877929688,85.08000183105469,85.20999908447266,35666,0.0,0.0
2024-07-02 10:50:00-04:00,85.20999908447266,85.2947998046875,85.19999694824219,85.27999877929688,16691,0.0,0.0
2024-07-02 10:55:00-04:00,85.2969970703125,85.38999938964844,85.24500274658203,85.37190246582031,33209,0.0,0.0
2024-07-02 11:00:00-04:00,85.37000274658203,85.51000213623047,85.36499786376953,85.51000213623047,29587,0.0,0.0
2024-07-02 11:05:00-04:00,85.5199966430664,85.63999938964844,85.48999786376953,85.63999938964844,44874,0.0,0.0
2024-07-02 11:10:00-04:00,85.66000366210938,85.87000274658203,85.6500015258789,85.86000061035156,46524,0.0,0.0
2024-07-02 11:15:00-04:00,85.87999725341797,86.87000274658203,85.87999725341797,86.63999938964844,200924,0.0,0.0
2024-07-02 11:20:00-04:00,86.63500213623047,87.2698974609375,86.63500213623047,86.80000305175781,123793,0.0,0.0
2024-07-02 11:25:00-04:00,86.80000305175781,86.81420135498047,86.62000274658203,86.76000213623047,59312,0.0,0.0
2024-07-02 11:30:00-04:00,86.72000122070312,86.73999786376953,86.45999908447266,86.51000213623047,36168,0.0,0.0
2024-07-02 11:35:00-04:00,86.5199966430664,86.58000183105469,86.46499633789062,86.48999786376953,22355,0.0,0.0
2024-07-02 11:40:00-04:00,86.44000244140625,86.4800033569336,86.30999755859375,86.41999816894531,22656,0.0,0.0
2024-07-02 11:45:00-04:00,86.39350128173828,86.41999816894531,86.31500244140625,86.33999633789062,13658,0.0,0.0
2024-07-02 11:50:00-04:00,86.32109832763672,86.41799926757812,86.32050323486328,86.41000366210938,19350,0.0,0.0
2024-07-02 11:55:00-04:00,86.3499984741211,86.63999938964844,86.3499984741211,86.59940338134766,27391,0.0,0.0
2024-07-02 12:00:00-04:00,86.64900207519531,86.64900207519531,86.33000183105469,86.36009979248047,33168,0.0,0.0
2024-07-02 12:05:00-04:00,86.3499984741211,86.36000061035156,86.27999877929688,86.30000305175781,13096,0.0,0.0
2024-07-02 12:10:00-04:00,86.30000305175781,86.31999969482422,86.18000030517578,86.31999969482422,15615,0.0,0.0
2024-07-02 12:15:00-04:00,86.29499816894531,86.30989837646484,86.26000213623047,86.26000213623047,13248,0.0,0.0
2024-07-02 12:20:00-04:00,86.25,86.34989929199219,86.18000030517578,86.31300354003906,12583,0.0,0.0
2024-07-02 12:25:00-04:00,86.31999969482422,86.50990295410156,86.29499816894531,86.43000030517578,33421,0.0,0.0
2024-07-02 12:30:00-04:00,86.41999816894531,86.45999908447266,86.36000061035156,86.45999908447266,18808,0.0,0.0
2024-07-02 12:35:00-04:00,86.45999908447266,86.45999908447266,86.41000366210938,86.45999908447266,8652,0.0,0.0
2024-07-02 12:40:00-04:00,86.44999694824219,86.44999694824219,86.37000274658203,86.41000366210938,6674,0.0,0.0
2024-07-02 12:45:00-04:00,86.3949966430664,86.44999694824219,86.37480163574219,86.42500305175781,25310,0.0,0.0
2024-07-02 12:50:00-04:00,86.47000122070312,86.6500015258789,86.47000122070312,86.63999938964844,13728,0.0,0.0
2024-07-02 12:55:00-04:00,86.6686019897461,86.69000244140625,86.59290313720703,86.66999816894531,21908,0.0,0.0
2024-07-02 13:00:00-04:00,86.66999816894531,86.70999908447266,86.6500015258789,86.69000244140625,9781,0.0,0.0
2024-07-02 13:05:00-04:00,86.68000030517578,86.73500061035156,86.62999725341797,86.67500305175781,27109,0.0,0.0
2024-07-02 13:10:00-04:00,86.70780181884766,86.76000213623047,86.62100219726562,86.62100219726562,18372,0.0,0.0
2024-07-02 13:15:00-04:00,86.67960357666016,86.70999908447266,86.63520050048828,86.63520050048828,19402,0.0,0.0
2024-07-02 13:20:00-04:00,86.63099670410156,86.68499755859375,86.58000183105469,86.62000274658203,10691,0.0,0.0
2024-07-02 13:25:00-04:00,86.62000274658203,86.63999938964844,86.58999633789062,86.6155014038086,7852,0.0,0.0
2024-07-02 13:30:00-04:00,86.62000274658203,86.66999816894531,86.56999969482422,86.6050033569336,20256,0.0,0.0
2024-07-02 13:35:00-04:00,86.62999725341797,86.69999694824219,86.62000274658203,86.66000366210938,12505,0.0,0.0
2024-07-02 13:40:00-04:00,86.66500091552734,86.66500091552734,86.62000274658203,86.65119934082031,6490,0.0,0.0
2024-07-02 13:45:00-04:00,86.6500015258789,86.66000366210938,86.62999725341797,86.63999938964844,6065,0.0,0.0
2024-07-02 13:50:00-04:00,86.65750122070312,86.72000122070312,86.625,86.625,12583,0.0,0.0
2024-07-02 13:55:00-04:00,86.62999725341797,86.6500015258789,86.56999969482422,86.56999969482422,16646,0.0,0.0
2024-07-02 14:00:00-04:00,86.56400299072266,86.5999984741211,86.54900360107422,86.55000305175781,17443,0.0,0.0
2024-07-02 14:05:00-04:00,86.55000305175781,86.5999984741211,86.52999877929688,86.52999877929688,19047,0.0,0.0
2024-07-02 14:10:00-04:00,86.55999755859375,86.63990020751953,86.54000091552734,86.61000061035156,21797,0.0,0.0
2024-07-02 14:15:00-04:00,86.62989807128906,86.63999938964844,86.58000183105469,86.5999984741211,9480,0.0,0.0
2024-07-02 14:20:00-04:00,86.59950256347656,86.6500015258789,86.56999969482422,86.6500015258789,21170,0.0,0.0
2024-07-02 14:25:00-04:00,86.66000366210938,86.66000366210938,86.51000213623047,86.51000213623047,12971,0.0,0.0
2024-07-02 14:30:00-04:00,86.5199966430664,86.5199966430664,86.45999908447266,86.5199966430664,19310,0.0,0.0
2024-07-02 14:35:00-04:00,86.48999786376953,86.55999755859375,86.48999786376953,86.55000305175781,4922,0.0,0.0
2024-07-02 14:40:00-04:00,86.54000091552734,86.64990234375,86.5,86.64990234375,14734,0.0,0.0
2024-07-02 14:45:00-04:00,86.6500015258789,86.67980194091797,86.625,86.62999725341797,13121,0.0,0.0
2024-07-02 14:50:00-04:00,86.6500015258789,86.6500015258789,86.58000183105469,86.62999725341797,8558,0.0,0.0
2024-07-02 14:55:00-04:00,86.63500213623047,86.6718978881836,86.61000061035156,86.62529754638672,9526,0.0,0.0
2024-07-02 15:00:00-04:00,86.60009765625,86.66000366210938,86.60009765625,86.62999725341797,6290,0.0,0.0
2024-07-02 15:05:00-04:00,86.62999725341797,86.71499633789062,86.62999725341797,86.69999694824219,14260,0.0,0.0
2024-07-02 15:10:00-04:00,86.70999908447266,86.70999908447266,86.62000274658203,86.63999938964844,23165,0.0,0.0
2024-07-02 15:15:00-04:00,86.65499877929688,86.70999908447266,86.6500015258789,86.69999694824219,18913,0.0,0.0
2024-07-02 15:20:00-04:00,86.70989990234375,86.80000305175781,86.69999694824219,86.7780990600586,17186,0.0,0.0
2024-07-02 15:25:00-04:00,86.78179931640625,86.87999725341797,86.77999877929688,86.87999725341797,28626,0.0,0.0
2024-07-02 15:30:00-04:00,86.87000274658203,86.98989868164062,86.8499984741211,86.97000122070312,33357,0.0,0.0
2024-07-02 15:35:00-04:00,86.96900177001953,86.96900177001953,86.87000274658203,86.88500213623047,34097,0.0,0.0
2024-07-02 15:40:00-04:00,86.88500213623047,86.90899658203125,86.7979965209961,86.88999938964844,37770,0.0,0.0
2024-07-02 15:45:00-04:00,86.88999938964844,86.94000244140625,86.8499984741211,86.87999725341797,51120,0.0,0.0
2024-07-02 15:50:00-04:00,86.87999725341797,86.97000122070312,86.83000183105469,86.88999938964844,80061,0.0,0.0
2024-07-02 15:55:00-04:00,86.88999938964844,86.9000015258789,86.77999877929688,86.84100341796875,120015,0.0,0.0
2024-07-03 09:30:00-04:00,88.51000213623047,88.9000015258789,88.3499984741211,88.73999786376953,333199,0.0,0.0
2024-07-03 09:35:00-04:00,88.7699966430664,88.8499984741211,88.43499755859375,88.5999984741211,98421,0.0,0.0
2024-07-03 09:40:00-04:00,88.5999984741211,88.80000305175781,88.44000244140625,88.62999725341797,101376,0.0,0.0
2024-07-03 09:45:00-04:00,88.6500015258789,88.69000244140625,88.44999694824219,88.66999816894531,54666,0.0,0.0
2024-07-03 09:50:00-04:00,88.69000244140625,88.9800033569336,88.69000244140625,88.7699966430664,81990,0.0,0.0
2024-07-03 09:55:00-04:00,88.73999786376953,88.80999755859375,88.62000274658203,88.69999694824219,61397,0.0,0.0
2024-07-03 10:00:00-04:00,88.77999877929688,88.95999908447266,88.75,88.87999725341797,63583,0.0,0.0
2024-07-03 10:05:00-04:00,88.89790344238281,88.94999694824219,88.7509994506836,88.7509994506836,47349,0.0,0.0
2024-07-03 10:10:00-04:00,88.80000305175781,88.97989654541016,88.78009796142578,88.95999908447266,56408,0.0,0.0
2024-07-03 10:15:00-04:00,88.95999908447266,89.48989868164062,88.94999694824219,89.41999816894531,86765,0.0,0.0
2024-07-03 10:20:00-04:00,89.44000244140625,89.86000061035156,89.37000274658203,89.80670166015625,113972,0.0,0.0
2024-07-03 10:25:00-04:00,89.80999755859375,89.86499786376953,89.55999755859375,89.6500015258789,96248,0.0,0.0
2024-07-03 10:30:00-04:00,89.63999938964844,89.65499877929688,89.41999816894531,89.42649841308594,48071,0.0,0.0
2024-07-03 10:35:00-04:00,89.44999694824219,89.73999786376953,89.27999877929688,89.6449966430664,45983,0.0,0.0
2024-07-03 10:40:00-04:00,89.65499877929688,89.73999786376953,89.62999725341797,89.65499877929688,50943,0.0,0.0
2024-07-03 10:45:00-04:00,89.67500305175781,89.75,89.52999877929688,89.72000122070312,55391,0.0,0.0
2024-07-03 10:50:00-04:00,89.75,89.87999725341797,89.75,89.81999969482422,46588,0.0,0.0
2024-07-03 10:55:00-04:00,89.82499694824219,90.02010345458984,89.80999755859375,90.0199966430664,83212,0.0,0.0
2024-07-03 11:00:00-04:00,90.0199966430664,90.04000091552734,89.7699966430664,89.7699966430664,44701,0.0,0.0
2024-07-03 11:05:00-04:00,89.75,89.80000305175781,89.45999908447266,89.5999984741211,55218,0.0,0.0
2024-07-03 11:10:00-04:00,89.58499908447266,89.60070037841797,89.38500213623047,89.45999908447266,28724,0.0,0.0
2024-07-03 11:15:00-04:00,89.47000122070312,89.4999008178711,89.4000015258789,89.45970153808594,51851,0.0,0.0
2024-07-03 11:20:00-04:00,89.45500183105469,89.58000183105469,89.4000015258789,89.48500061035156,51933,0.0,0.0
2024-07-03 11:25:00-04:00,89.47000122070312,89.52999877929688,89.40460205078125,89.5250015258789,37511,0.0,0.0
2024-07-03 11:30:00-04:00,89.53500366210938,89.56999969482422,89.44999694824219,89.44999694824219,35208,0.0,0.0
2024-07-03 11:35:00-04:00,89.44000244140625,89.5,89.41000366210938,89.43000030517578,34593,0.0,0.0
2024-07-03 11:40:00-04:00,89.44999694824219,89.73989868164062,89.44999694824219,89.58499908447266,30927,0.0,0.0
2024-07-03 11:45:00-04:00,89.56999969482422,89.6500015258789,89.54000091552734,89.6332015991211,16979,0.0,0.0
2024-07-03 11:50:00-04:00,89.62000274658203,89.87999725341797,89.62000274658203,89.80999755859375,23779,0.0,0.0
2024-07-03 11:55:00-04:00,89.80500030517578,89.91000366210938,89.80500030517578,89.86000061035156,25681,0.0,0.0
2024-07-03 12:00:00-04:00,89.8499984741211,90.08000183105469,89.8499984741211,90.02999877929688,44681,0.0,0.0
2024-07-03 12:05:00-04:00,90.01000213623047,90.1500015258789,90.0,90.08000183105469,44091,0.0,0.0
2024-07-03 12:10:00-04:00,90.0979995727539,90.18930053710938,90.06999969482422,90.08000183105469,47031,0.0,0.0
2024-07-03 12:15:00-04:00,90.08499908447266,90.18000030517578,90.04299926757812,90.13999938964844,32385,0.0,0.0
2024-07-03 12:20:00-04:00,90.13999938964844,90.30000305175781,90.06999969482422,90.08499908447266,52123,0.0,0.0
2024-07-03 12:25:00-04:00,90.06999969482422,90.26000213623047,90.0199966430664,90.16999816894531,53646,0.0,0.0
2024-07-03 12:30:00-04:00,90.1500015258789,90.16000366210938,90.05999755859375,90.11499786376953,44978,0.0,0.0
2024-07-03 12:35:00-04:00,90.11000061035156,90.18000030517578,90.08000183105469,90.0989990234375,55360,0.0,0.0
2024-07-03 12:40:00-04:00,90.08999633789062,90.0999984741211,90.01000213623047,90.0291976928711,50468,0.0,0.0
2024-07-03 12:45:00-04:00,90.02999877929688,90.05000305175781,89.84500122070312,89.94000244140625,80957,0.0,0.0
2024-07-03 12:50:00-04:00,89.93000030517578,89.93000030517578,89.80500030517578,89.80989837646484,83137,0.0,0.0
2024-07-03 12:55:00-04:00,89.80999755859375,90.08999633789062,89.75,90.05999755859375,133924,0.0,0.0
2024-07-05 09:30:00-04:00,88.51000213623047,88.81990051269531,87.90119934082031,88.80999755859375,209683,0.0,0.0
2024-07-05 09:35:00-04:00,88.81999969482422,88.94999694824219,88.12999725341797,88.29000091552734,72643,0.0,0.0
2024-07-05 09:40:00-04:00,88.27799987792969,88.75,88.12000274658203,88.62999725341797,43155,0.0,0.0
2024-07-05 09:45:00-04:00,88.58000183105469,88.58999633789062,88.2699966430664,88.2699966430664,38060,0.0,0.0
2024-07-05 09:50:00-04:00,88.30500030517578,88.3499984741211,88.01000213623047,88.02999877929688,51450,0.0,0.0
2024-07-05 09:55:00-04:00,88.04499816894531,88.12999725341797,87.83000183105469,87.9800033569336,59944,0.0,0.0
2024-07-05 10:00:00-04:00,87.92500305175781,88.12899780273438,87.91000366210938,88.01499938964844,28628,0.0,0.0
2024-07-05 10:05:00-04:00,88.05999755859375,88.12999725341797,87.94129943847656,87.98999786376953,41754,0.0,0.0
2024-07-05 10:10:00-04:00,87.9000015258789,88.01000213623047,87.83499908447266,87.93499755859375,40225,0.0,0.0
2024-07-05 10:15:00-04:00,87.93499755859375,88.05000305175781,87.87999725341797,87.9800033569336,19068,0.0,0.0
2024-07-05 10:20:00-04:00,88.01000213623047,88.127197265625,87.9800033569336,88.08760070800781,66485,0.0,0.0
2024-07-05 10:25:00-04:00,88.11000061035156,88.19999694824219,88.08000183105469,88.19439697265625,15751,0.0,0.0
2024-07-05 10:30:00-04:00,88.19999694824219,88.25,88.05000305175781,88.06500244140625,35052,0.0,0.0
2024-07-05 10:35:00-04:00,88.08999633789062,88.16999816894531,88.07499694824219,88.0999984741211,14662,0.0,0.0
2024-07-05 10:40:00-04:00,88.08719635009766,88.2300033569336,88.06999969482422,88.18499755859375,18533,0.0,0.0
2024-07-05 10:45:00-04:00,88.18000030517578,88.5,88.13999938964844,88.43499755859375,50256,0.0,0.0
2024-07-05 10:50:00-04:00,88.4000015258789,88.45989990234375,88.3406982421875,88.44999694824219,34556,0.0,0.0
2024-07-05 10:55:00-04:00,88.44499969482422,88.46990203857422,88.36530303955078,88.37999725341797,22880,0.0,0.0
2024-07-05 11:00:00-04:00,88.36000061035156,88.41999816894531,88.30999755859375,88.41999816894531,22728,0.0,0.0
2024-07-05 11:05:00-04:00,88.43000030517578,88.45500183105469,88.21869659423828,88.2699966430664,45810,0.0,0.0
2024-07-05 11:10:00-04:00,88.26000213623047,88.48999786376953,88.20999908447266,88.46499633789062,28065,0.0,0.0
2024-07-05 11:15:00-04:00,88.45500183105469,88.4800033569336,88.43000030517578,88.45500183105469,14232,0.0,0.0
2024-07-05 11:20:00-04:00,88.45500183105469,88.4800033569336,88.35749816894531,88.45099639892578,12671,0.0,0.0
2024-07-05 11:25:00-04:00,88.45999908447266,88.55000305175781,88.43000030517578,88.5199966430664,11741,0.0,0.0
2024-07-05 11:30:00-04:00,88.5199966430664,88.55999755859375,88.41999816894531,88.41999816894531,21301,0.0,0.0
2024-07-05 11:35:00-04:00,88.44000244140625,88.5,88.44000244140625,88.46499633789062,9328,0.0,0.0
2024-07-05 11:40:00-04:00,88.47000122070312,88.5,88.29910278320312,88.30490112304688,35846,0.0,0.0
2024-07-05 11:45:00-04:00,88.3499984741211,88.38999938964844,88.3218994140625,88.34500122070312,9204,0.0,0.0
2024-07-05 11:50:00-04:00,88.3301010131836,88.36000061035156,88.19999694824219,88.2699966430664,24346,0.0,0.0
2024-07-05 11:55:00-04:00,88.23999786376953,88.29000091552734,88.19999694824219,88.26000213623047,13373,0.0,0.0
2024-07-05 12:00:00-04:00,88.2699966430664,88.38390350341797,88.2301025390625,88.33999633789062,12292,0.0,0.0
2024-07-05 12:05:00-04:00,88.30010223388672,88.37000274658203,88.29010009765625,88.29010009765625,9413,0.0,0.0
2024-07-05 12:10:00-04:00,88.3280029296875,88.33000183105469,88.2500991821289,88.30000305175781,10152,0.0,0.0
2024-07-05 12:15:00-04:00,88.30000305175781,88.36000061035156,88.27999877929688,88.27999877929688,17855,0.0,0.0
2024-07-05 12:20:00-04:00,88.29000091552734,88.3499984741211,88.26010131835938,88.30000305175781,14918,0.0,0.0
2024-07-05 12:25:00-04:00,88.31500244140625,88.37999725341797,88.2699966430664,88.33999633789062,16372,0.0,0.0
2024-07-05 12:30:00-04:00,88.34500122070312,88.37999725341797,88.2699966430664,88.2699966430664,11083,0.0,0.0
2024-07-05 12:35:00-04:00,88.27999877929688,88.32499694824219,88.2699966430664,88.30500030517578,11398,0.0,0.0
2024-07-05 12:40:00-04:00,88.30500030517578,88.30500030517578,88.18499755859375,88.19999694824219,10797,0.0,0.0
2024-07-05 12:45:00-04:00,88.2040023803711,88.26000213623047,88.19499969482422,88.26000213623047,17671,0.0,0.0
2024-07-05 12:50:00-04:00,88.23999786376953,88.30000305175781,88.23999786376953,88.28790283203125,10680,0.0,0.0
2024-07-05 12:55:00-04:00,88.26000213623047,88.2699966430664,88.19000244140625,88.22000122070312,15668,0.0,0.0
2024-07-05 13:00:00-04:00,88.20500183105469,88.25,88.19000244140625,88.23590087890625,12371,0.0,0.0
2024-07-05 13:05:00-04:00,88.25,88.31990051269531,88.21060180664062,88.30500030517578,10313,0.0,0.0
2024-07-05 13:10:00-04:00,88.29000091552734,88.33000183105469,88.25,88.29499816894531,9396,0.0,0.0
2024-07-05 13:15:00-04:00,88.30999755859375,88.36000061035156,88.29000091552734,88.30000305175781,7461,0.0,0.0
2024-07-05 13:20:00-04:00,88.29000091552734,88.37000274658203,88.28009796142578,88.36000061035156,6005,0.0,0.0
2024-07-05 13:25:00-04:00,88.36499786376953,88.50499725341797,88.36499786376953,88.49099731445312,16145,0.0,0.0
2024-07-05 13:30:00-04:00,88.47789764404297,88.55000305175781,88.47789764404297,88.5199966430664,12334,0.0,0.0
2024-07-05 13:35:00-04:00,88.5199966430664,88.58200073242188,88.4800033569336,88.58000183105469,10499,0.0,0.0
2024-07-05 13:40:00-04:00,88.55000305175781,88.73989868164062,88.55000305175781,88.72000122070312,24575,0.0,0.0
2024-07-05 13:45:00-04:00,88.72869873046875,88.80000305175781,88.71700286865234,88.7699966430664,11261,0.0,0.0
2024-07-05 13:50:00-04:00,88.7699966430664,88.83999633789062,88.74320220947266,88.74320220947266,17333,0.0,0.0
2024-07-05 13:55:00-04:00,88.75,88.75499725341797,88.72000122070312,88.72000122070312,6387,0.0,0.0
2024-07-05 14:00:00-04:00,88.73999786376953,88.7699966430664,88.7135009765625,88.75499725341797,9668,0.0,0.0
2024-07-05 14:05:00-04:00,88.75499725341797,88.85990142822266,88.75499725341797,88.85990142822266,21355,0.0,0.0
2024-07-05 14:10:00-04:00,88.83999633789062,88.91999816894531,88.83000183105469,88.87999725341797,13768,0.0,0.0
2024-07-05 14:15:00-04:00,88.9000015258789,88.93000030517578,88.87999725341797,88.91000366210938,11726,0.0,0.0
2024-07-05 14:20:00-04:00,88.90619659423828,89.0,88.87000274658203,88.93499755859375,30913,0.0,0.0
2024-07-05 14:25:00-04:00,88.93499755859375,88.94999694824219,88.87999725341797,88.93000030517578,14572,0.0,0.0
2024-07-05 14:30:00-04:00,88.9000015258789,88.9000015258789,88.72000122070312,88.83499908447266,38736,0.0,0.0
2024-07-05 14:35:00-04:00,88.8499984741211,88.8499984741211,88.69010162353516,88.69010162353516,16598,0.0,0.0
2024-07-05 14:40:00-04:00,88.70999908447266,88.76840209960938,88.69999694824219,88.74949645996094,10318,0.0,0.0
2024-07-05 14:45:00-04:00,88.77760314941406,88.87999725341797,88.77760314941406,88.87989807128906,12692,0.0,0.0
2024-07-05 14:50:00-04:00,88.87370300292969,88.91000366210938,88.86000061035156,88.88999938964844,28814,0.0,0.0
2024-07-05 14:55:00-04:00,88.88500213623047,88.94999694824219,88.87000274658203,88.91000366210938,15517,0.0,0.0
2024-07-05 15:00:00-04:00,88.91999816894531,88.93000030517578,88.86499786376953,88.88999938964844,12261,0.0,0.0
2024-07-05 15:05:00-04:00,88.9000015258789,88.93000030517578,88.86000061035156,88.86000061035156,12750,0.0,0.0
2024-07-05 15:10:00-04:00,88.87000274658203,88.87999725341797,88.83999633789062,88.83999633789062,17438,0.0,0.0
2024-07-05 15:15:00-04:00,88.85990142822266,88.90989685058594,88.81999969482422,88.86000061035156,14984,0.0,0.0
2024-07-05 15:20:00-04:00,88.86000061035156,88.93900299072266,88.8510971069336,88.93900299072266,14842,0.0,0.0
2024-07-05 15:25:00-04:00,88.93499755859375,88.95800018310547,88.9000015258789,88.91999816894531,21089,0.0,0.0
2024-07-05 15:30:00-04:00,88.91549682617188,88.93000030517578,88.86250305175781,88.92500305175781,24077,0.0,0.0
2024-07-05 15:35:00-04:00,88.91000366210938,89.08699798583984,88.9000015258789,89.08699798583984,29119,0.0,0.0
2024-07-05 15:40:00-04:00,89.08999633789062,89.08999633789062,88.95999908447266,89.01000213623047,26622,0.0,0.0
2024-07-05 15:45:00-04:00,89.01499938964844,89.0989990234375,89.01010131835938,89.06800079345703,29588,0.0,0.0
2024-07-05 15:50:00-04:00,89.06999969482422,89.19999694824219,89.05999755859375,89.12000274658203,101865,0.0,0.0
2024-07-05 15:55:00-04:00,89.0999984741211,89.11000061035156,88.95999908447266,88.95999908447266,128559,0.0,0.0
2024-07-08 09:30:00-04:00,88.51000213623047,88.67990112304688,87.91999816894531,88.11000061035156,134374,0.0,0.0
2024-07-08 09:35:00-04:00,88.0999984741211,88.36499786376953,87.98999786376953,88.29000091552734,109511,0.0,0.0
2024-07-08 09:40:00-04:00,88.26499938964844,88.54989624023438,88.26499938964844,88.30000305175781,23774,0.0,0.0
2024-07-08 09:45:00-04:00,88.26000213623047,88.2699966430664,88.06999969482422,88.12000274658203,32798,0.0,0.0
2024-07-08 09:50:00-04:00,88.13999938964844,88.22000122070312,88.04000091552734,88.22000122070312,35829,0.0,0.0
2024-07-08 09:55:00-04:00,88.2300033569336,88.28500366210938,88.11000061035156,88.20999908447266,22812,0.0,0.0
2024-07-08 10:00:00-04:00,88.16500091552734,88.19000244140625,88.08000183105469,88.13200378417969,24091,0.0,0.0
2024-07-08 10:05:00-04:00,88.12000274658203,88.18000030517578,88.08000183105469,88.1050033569336,36200,0.0,0.0
2024-07-08 10:10:00-04:00,88.11000061035156,88.12000274658203,87.97000122070312,87.9800033569336,47881,0.0,0.0
2024-07-08 10:15:00-04:00,87.98970031738281,88.08999633789062,87.93000030517578,88.05690002441406,45166,0.0,0.0
2024-07-08 10:20:00-04:00,88.04000091552734,88.12000274658203,87.94999694824219,87.96399688720703,44551,0.0,0.0
2024-07-08 10:25:00-04:00,87.97000122070312,87.97000122070312,87.79000091552734,87.80999755859375,36192,0.0,0.0
2024-07-08 10:30:00-04:00,87.80999755859375,87.80999755859375,87.52999877929688,87.56999969482422,71309,0.0,0.0
2024-07-08 10:35:00-04:00,87.55999755859375,87.58000183105469,87.33000183105469,87.375,110665,0.0,0.0
2024-07-08 10:40:00-04:00,87.37999725341797,87.52999877929688,87.37000274658203,87.43499755859375,33865,0.0,0.0
2024-07-08 10:45:00-04:00,87.45999908447266,87.45999908447266,87.37999725341797,87.43810272216797,18972,0.0,0.0
2024-07-08 10:50:00-04:00,87.42829895019531,87.44000244140625,87.29000091552734,87.36499786376953,33696,0.0,0.0
2024-07-08 10:55:00-04:00,87.35769653320312,87.36499786376953,87.23999786376953,87.33000183105469,29605,0.0,0.0
2024-07-08 11:00:00-04:00,87.30999755859375,87.4094009399414,87.27999877929688,87.29199981689453,32138,0.0,0.0
2024-07-08 11:05:00-04:00,87.29429626464844,87.41999816894531,87.29429626464844,87.37999725341797,19726,0.0,0.0
2024-07-08 11:10:00-04:00,87.37999725341797,87.40879821777344,87.29000091552734,87.30500030517578,19201,0.0,0.0
2024-07-08 11:15:00-04:00,87.31999969482422,87.38999938964844,87.25,87.2500991821289,23380,0.0,0.0
2024-07-08 11:20:00-04:00,87.25,87.26000213623047,87.18000030517578,87.19999694824219,48039,0.0,0.0
2024-07-08 11:25:00-04:00,87.19999694824219,87.23999786376953,87.16000366210938,87.21499633789062,21726,0.0,0.0
2024-07-08 11:30:00-04:00,87.19999694824219,87.2699966430664,87.05000305175781,87.0999984741211,64192,0.0,0.0
2024-07-08 11:35:00-04:00,87.06999969482422,87.1500015258789,87.01000213623047,87.03500366210938,47387,0.0,0.0
2024-07-08 11:40:00-04:00,87.04000091552734,87.05999755859375,86.94000244140625,87.02749633789062,63627,0.0,0.0
2024-07-08 11:45:00-04:00,87.08999633789062,87.08999633789062,87.0250015258789,87.07599639892578,20844,0.0,0.0
2024-07-08 11:50:00-04:00,87.08999633789062,87.22000122070312,87.08999633789062,87.18000030517578,13253,0.0,0.0
2024-07-08 11:55:00-04:00,87.19000244140625,87.31999969482422,87.19000244140625,87.30999755859375,20932,0.0,0.0
2024-07-08 12:00:00-04:00,87.30000305175781,87.33999633789062,87.2500991821289,87.30000305175781,22916,0.0,0.0
2024-07-08 12:05:00-04:00,87.31999969482422,87.4000015258789,87.30999755859375,87.30999755859375,23042,0.0,0.0
2024-07-08 12:10:00-04:00,87.30000305175781,87.33999633789062,87.29000091552734,87.33999633789062,6181,0.0,0.0
2024-07-08 12:15:00-04:00,87.33000183105469,87.34989929199219,87.2750015258789,87.30000305175781,9415,0.0,0.0
2024-07-08 12:20:00-04:00,87.31999969482422,87.37999725341797,87.31999969482422,87.37999725341797,14685,0.0,0.0
2024-07-08 12:25:00-04:00,87.38999938964844,87.4000015258789,87.31999969482422,87.38999938964844,18336,0.0,0.0
2024-07-08 12:30:00-04:00,87.37000274658203,87.5199966430664,87.37000274658203,87.46499633789062,26587,0.0,0.0
2024-07-08 12:35:00-04:00,87.47000122070312,87.52999877929688,87.41999816894531,87.52999877929688,28489,0.0,0.0
2024-07-08 12:40:00-04:00,87.52999877929688,87.62999725341797,87.5199966430664,87.58000183105469,33072,0.0,0.0
2024-07-08 12:45:00-04:00,87.5999984741211,87.76000213623047,87.5999984741211,87.76000213623047,23633,0.0,0.0
2024-07-08 12:50:00-04:00,87.76000213623047,87.7750015258789,87.73999786376953,87.768798828125,17932,0.0,0.0
2024-07-08 12:55:00-04:00,87.75,87.76000213623047,87.62999725341797,87.63999938964844,11000,0.0,0.0
2024-07-08 13:00:00-04:00,87.63999938964844,87.73999786376953,87.63999938964844,87.7249984741211,12048,0.0,0.0
2024-07-08 13:05:00-04:00,87.7300033569336,87.73999786376953,87.62999725341797,87.66999816894531,11771,0.0,0.0
2024-07-08 13:10:00-04:00,87.6500015258789,87.6500015258789,87.58000183105469,87.63999938964844,12627,0.0,0.0
2024-07-08 13:15:00-04:00,87.62999725341797,87.67359924316406,87.62999725341797,87.6500015258789,7986,0.0,0.0
2024-07-08 13:20:00-04:00,87.63999938964844,87.76499938964844,87.63999938964844,87.74590301513672,6779,0.0,0.0
2024-07-08 13:25:00-04:00,87.7698974609375,87.78949737548828,87.6864013671875,87.7332992553711,10263,0.0,0.0
2024-07-08 13:30:00-04:00,87.76000213623047,87.81999969482422,87.76000213623047,87.81710052490234,7774,0.0,0.0
2024-07-08 13:35:00-04:00,87.81999969482422,87.86499786376953,87.76000213623047,87.86499786376953,16467,0.0,0.0
2024-07-08 13:40:00-04:00,87.83999633789062,87.91000366210938,87.83999633789062,87.88300323486328,14201,0.0,0.0
2024-07-08 13:45:00-04:00,87.86000061035156,87.92009735107422,87.83000183105469,87.86000061035156,9704,0.0,0.0
2024-07-08 13:50:00-04:00,87.87000274658203,87.9166030883789,87.86000061035156,87.88999938964844,9411,0.0,0.0
2024-07-08 13:55:00-04:00,87.9000015258789,87.90119934082031,87.82499694824219,87.87000274658203,12670,0.0,0.0
2024-07-08 14:00:00-04:00,87.8499984741211,87.94000244140625,87.83000183105469,87.94000244140625,10601,0.0,0.0
2024-07-08 14:05:00-04:00,87.9281005859375,87.94999694824219,87.87999725341797,87.91000366210938,7955,0.0,0.0
2024-07-08 14:10:00-04:00,87.90499877929688,87.97000122070312,87.87999725341797,87.94499969482422,16380,0.0,0.0
2024-07-08 14:15:00-04:00,87.94000244140625,87.97000122070312,87.90010070800781,87.90010070800781,10592,0.0,0.0
2024-07-08 14:20:00-04:00,87.91000366210938,87.93000030517578,87.86000061035156,87.8949966430664,12065,0.0,0.0
2024-07-08 14:25:00-04:00,87.89800262451172,87.95999908447266,87.89800262451172,87.94499969482422,6439,0.0,0.0
2024-07-08 14:30:00-04:00,87.94000244140625,87.94000244140625,87.87000274658203,87.93000030517578,9587,0.0,0.0
2024-07-08 14:35:00-04:00,87.9000015258789,87.94000244140625,87.88009643554688,87.90499877929688,14054,0.0,0.0
2024-07-08 14:40:00-04:00,87.88500213623047,87.90699768066406,87.7699966430664,87.81999969482422,11703,0.0,0.0
2024-07-08 14:45:00-04:00,87.82499694824219,87.87000274658203,87.7957992553711,87.87000274658203,8724,0.0,0.0
2024-07-08 14:50:00-04:00,87.8550033569336,87.87999725341797,87.84750366210938,87.85800170898438,7563,0.0,0.0
2024-07-08 14:55:00-04:00,87.8499984741211,87.88999938964844,87.8499984741211,87.8499984741211,9391,0.0,0.0
2024-07-08 15:00:00-04:00,87.8499984741211,87.86000061035156,87.83000183105469,87.83000183105469,10044,0.0,0.0
2024-07-08 15:05:00-04:00,87.83999633789062,87.94000244140625,87.83999633789062,87.93000030517578,12088,0.0,0.0
2024-07-08 15:10:00-04:00,87.93000030517578,88.0,87.92500305175781,88.0,19804,0.0,0.0
2024-07-08 15:15:00-04:00,88.01000213623047,88.0199966430664,87.98609924316406,88.01000213623047,12307,0.0,0.0
2024-07-08 15:20:00-04:00,88.01000213623047,88.03990173339844,87.94000244140625,87.94000244140625,15337,0.0,0.0
2024-07-08 15:25:00-04:00,87.94999694824219,87.95999908447266,87.88999938964844,87.91999816894531,17810,0.0,0.0
2024-07-08 15:30:00-04:00,87.91000366210938,88.0199966430664,87.91000366210938,87.9749984741211,18162,0.0,0.0
2024-07-08 15:35:00-04:00,87.97000122070312,88.01499938964844,87.94999694824219,87.98999786376953,22665,0.0,0.0
2024-07-08 15:40:00-04:00,87.9800033569336,87.98999786376953,87.9000015258789,87.91999816894531,20289,0.0,0.0
2024-07-08 15:45:00-04:00,87.93000030517578,87.9800033569336,87.93000030517578,87.94000244140625,21442,0.0,0.0
2024-07-08 15:50:00-04:00,87.94000244140625,88.0271987915039,87.9000015258789,88.01000213623047,79412,0.0,0.0
2024-07-08 15:55:00-04:00,88.0199966430664,88.0250015258789,87.91000366210938,87.91999816894531,135264,0.0,0.0
2024-07-09 09:30:00-04:00,88.375,88.43000030517578,88.15599822998047,88.18000030517578,113268,0.0,0.0
2024-07-09 09:35:00-04:00,88.12999725341797,88.26000213623047,87.97000122070312,87.97000122070312,34215,0.0,0.0
2024-07-09 09:40:00-04:00,87.97000122070312,88.67500305175781,87.9573974609375,88.67500305175781,83067,0.0,0.0
2024-07-09 09:45:00-04:00,88.67500305175781,88.68190002441406,88.23999786376953,88.29000091552734,53315,0.0,0.0
2024-07-09 09:50:00-04:00,88.28399658203125,88.44999694824219,88.20999908447266,88.43000030517578,35571,0.0,0.0
2024-07-09 09:55:00-04:00,88.43000030517578,88.43000030517578,88.1500015258789,88.1500015258789,28923,0.0,0.0
2024-07-09 10:00:00-04:00,88.19000244140625,88.30999755859375,88.04869842529297,88.2300033569336,33657,0.0,0.0
2024-07-09 10:05:00-04:00,88.16000366210938,88.5,88.12999725341797,88.43000030517578,42010,0.0,0.0
2024-07-09 10:10:00-04:00,88.43499755859375,88.6500015258789,88.4000015258789,88.625,70121,0.0,0.0
2024-07-09 10:15:00-04:00,88.62000274658203,89.08999633789062,88.6050033569336,89.02989959716797,117645,0.0,0.0
2024-07-09 10:20:00-04:00,88.94000244140625,89.2699966430664,88.94000244140625,89.12000274658203,53322,0.0,0.0
2024-07-09 10:25:00-04:00,89.08999633789062,89.13999938964844,88.97000122070312,88.98999786376953,60552,0.0,0.0
2024-07-09 10:30:00-04:00,88.9800033569336,89.13999938964844,88.95999908447266,89.13089752197266,69990,0.0,0.0
2024-07-09 10:35:00-04:00,89.1500015258789,89.4800033569336,89.13999938964844,89.45999908447266,90457,0.0,0.0
2024-07-09 10:40:00-04:00,89.43499755859375,89.81999969482422,89.43499755859375,89.73999786376953,112874,0.0,0.0
2024-07-09 10:45:00-04:00,89.7300033569336,90.25,89.6803970336914,90.23989868164062,127250,0.0,0.0
2024-07-09 10:50:00-04:00,90.19999694824219,91.18000030517578,90.18499755859375,91.11499786376953,231902,0.0,0.0
2024-07-09 10:55:00-04:00,91.08000183105469,91.72899627685547,91.08000183105469,91.69499969482422,412954,0.0,0.0
2024-07-09 11:00:00-04:00,91.66999816894531,91.72969818115234,90.94999694824219,91.44999694824219,134896,0.0,0.0
2024-07-09 11:05:00-04:00,91.41999816894531,92.75,91.30000305175781,92.73999786376953,327952,0.0,0.0
2024-07-09 11:10:00-04:00,92.75,92.9800033569336,91.94999694824219,92.08989715576172,318286,0.0,0.0
2024-07-09 11:15:00-04:00,92.07849884033203,92.33000183105469,92.0199966430664,92.23999786376953,170870,0.0,0.0
2024-07-09 11:20:00-04:00,92.19999694824219,92.39990234375,91.91000366210938,91.97000122070312,153224,0.0,0.0
2024-07-09 11:25:00-04:00,91.98500061035156,91.98999786376953,91.41999816894531,91.4800033569336,202010,0.0,0.0
2024-07-09 11:30:00-04:00,91.48500061035156,91.6500015258789,91.33000183105469,91.55000305175781,76626,0.0,0.0
2024-07-09 11:35:00-04:00,91.5,91.62999725341797,91.31999969482422,91.41000366210938,83627,0.0,0.0
2024-07-09 11:40:00-04:00,91.36499786376953,91.71900177001953,91.25,91.71279907226562,71595,0.0,0.0
2024-07-09 11:45:00-04:00,91.69999694824219,91.93000030517578,91.56999969482422,91.9000015258789,89766,0.0,0.0
2024-07-09 11:50:00-04:00,91.9000015258789,92.23999786376953,91.83000183105469,92.18499755859375,133408,0.0,0.0
2024-07-09 11:55:00-04:00,92.20999908447266,92.75,92.17250061035156,92.75,164281,0.0,0.0
2024-07-09 12:00:00-04:00,92.76499938964844,93.51000213623047,92.7300033569336,93.30500030517578,388781,0.0,0.0
2024-07-09 12:05:00-04:00,93.30999755859375,93.36000061035156,92.73999786376953,92.95999908447266,162387,0.0,0.0
2024-07-09 12:10:00-04:00,92.96869659423828,93.23999786376953,92.80000305175781,93.20999908447266,102987,0.0,0.0
2024-07-09 12:15:00-04:00,93.2300033569336,93.80000305175781,93.08000183105469,93.79000091552734,252480,0.0,0.0
2024-07-09 12:20:00-04:00,93.80000305175781,94.37999725341797,93.69999694824219,94.20999908447266,290145,0.0,0.0
2024-07-09 12:25:00-04:00,94.18499755859375,94.25,93.81999969482422,94.04000091552734,169641,0.0,0.0
2024-07-09 12:30:00-04:00,94.02999877929688,94.39900207519531,93.91000366210938,94.37000274658203,148511,0.0,0.0
2024-07-09 12:35:00-04:00,94.37989807128906,94.61000061035156,94.0,94.61000061035156,180457,0.0,0.0
2024-07-09 12:40:00-04:00,94.61750030517578,95.04000091552734,94.54000091552734,94.97920227050781,354264,0.0,0.0
2024-07-09 12:45:00-04:00,94.98999786376953,95.06839752197266,94.27999877929688,94.3324966430664,281932,0.0,0.0
2024-07-09 12:50:00-04:00,94.31210327148438,95.23999786376953,94.25,94.87000274658203,421444,0.0,0.0
2024-07-09 12:55:00-04:00,94.8499984741211,95.7300033569336,94.66999816894531,95.37999725341797,276101,0.0,0.0
2024-07-09 13:00:00-04:00,95.38999938964844,95.5999984741211,95.08999633789062,95.375,177447,0.0,0.0
2024-07-09 13:05:00-04:00,95.37999725341797,95.53939819335938,95.27010345458984,95.42500305175781,97097,0.0,0.0
2024-07-09 13:10:00-04:00,95.41999816894531,95.86000061035156,95.2699966430664,95.30999755859375,225642,0.0,0.0
2024-07-09 13:15:00-04:00,95.30999755859375,95.37989807128906,95.05000305175781,95.19999694824219,102940,0.0,0.0
2024-07-09 13:20:00-04:00,95.12999725341797,95.5999984741211,94.83000183105469,95.5199966430664,142086,0.0,0.0
2024-07-09 13:25:00-04:00,95.5199966430664,96.20500183105469,95.43000030517578,96.07050323486328,198743,0.0,0.0
2024-07-09 13:30:00-04:00,96.05999755859375,96.12999725341797,95.72000122070312,95.91999816894531,164298,0.0,0.0
2024-07-09 13:35:00-04:00,95.94999694824219,96.24800109863281,95.83000183105469,96.04000091552734,171168,0.0,0.0
2024-07-09 13:40:00-04:00,96.04000091552734,96.07319641113281,95.58000183105469,95.88999938964844,112158,0.0,0.0
2024-07-09 13:45:00-04:00,95.91999816894531,96.03269958496094,95.6500015258789,95.6500015258789,81444,0.0,0.0
2024-07-09 13:50:00-04:00,95.63999938964844,95.9000015258789,95.54000091552734,95.62010192871094,130761,0.0,0.0
2024-07-09 13:55:00-04:00,95.63999938964844,96.02999877929688,95.58000183105469,95.62000274658203,133162,0.0,0.0
2024-07-09 14:00:00-04:00,95.61000061035156,95.70999908447266,95.33999633789062,95.55999755859375,95893,0.0,0.0
2024-07-09 14:05:00-04:00,95.56999969482422,95.94000244140625,95.54000091552734,95.76950073242188,78624,0.0,0.0
2024-07-09 14:10:00-04:00,95.72000122070312,95.83000183105469,95.56999969482422,95.62999725341797,59628,0.0,0.0
2024-07-09 14:15:00-04:00,95.63999938964844,96.08000183105469,95.63999938964844,95.98999786376953,87600,0.0,0.0
2024-07-09 14:20:00-04:00,95.98999786376953,96.0199966430664,95.83999633789062,95.95999908447266,97667,0.0,0.0
2024-07-09 14:25:00-04:00,95.94999694824219,95.95189666748047,95.81999969482422,95.83999633789062,59118,0.0,0.0
2024-07-09 14:30:00-04:00,95.83000183105469,95.86000061035156,95.66449737548828,95.8499984741211,75666,0.0,0.0
2024-07-09 14:35:00-04:00,95.84500122070312,96.01000213623047,95.84500122070312,95.95500183105469,79959,0.0,0.0
2024-07-09 14:40:00-04:00,95.95500183105469,95.98999786376953,95.73500061035156,95.92500305175781,114361,0.0,0.0
2024-07-09 14:45:00-04:00,95.97160339355469,96.0,95.56999969482422,95.65499877929688,200637,0.0,0.0
2024-07-09 14:50:00-04:00,95.64399719238281,95.65989685058594,94.65010070800781,94.66999816894531,175005,0.0,0.0
2024-07-09 14:55:00-04:00,94.63999938964844,94.78500366210938,94.37999725341797,94.47000122070312,185185,0.0,0.0
2024-07-09 15:00:00-04:00,94.4800033569336,95.15879821777344,94.41000366210938,95.11000061035156,149535,0.0,0.0
2024-07-09 15:05:00-04:00,95.11000061035156,95.29000091552734,94.94499969482422,95.25499725341797,90953,0.0,0.0
2024-07-09 15:10:00-04:00,95.2699966430664,95.27999877929688,95.0,95.16000366210938,77396,0.0,0.0
2024-07-09 15:15:00-04:00,95.18000030517578,95.44999694824219,95.13999938964844,95.41999816894531,91001,0.0,0.0
2024-07-09 15:20:00-04:00,95.41500091552734,95.42539978027344,95.2300033569336,95.33000183105469,66650,0.0,0.0
2024-07-09 15:25:00-04:00,95.32499694824219,95.4000015258789,95.24299621582031,95.31999969482422,73722,0.0,0.0
2024-07-09 15:30:00-04:00,95.2699966430664,95.30000305175781,95.08000183105469,95.18000030517578,104028,0.0,0.0
2024-07-09 15:35:00-04:00,95.16999816894531,95.33000183105469,95.08000183105469,95.30000305175781,106682,0.0,0.0
2024-07-09 15:40:00-04:00,95.30000305175781,95.30999755859375,95.08000183105469,95.1050033569336,125600,0.0,0.0
2024-07-09 15:45:00-04:00,95.12000274658203,95.27999877929688,95.11000061035156,95.26000213623047,120189,0.0,0.0
2024-07-09 15:50:00-04:00,95.2300033569336,95.58000183105469,95.07499694824219,95.12000274658203,257913,0.0,0.0
2024-07-09 15:55:00-04:00,95.12999725341797,95.43000030517578,95.06999969482422,95.4000015258789,400463,0.0,0.0
2024-07-10 09:30:00-04:00,98.63800048828125,100.84989929199219,98.51200103759766,100.79900360107422,2851378,0.0,0.0
2024-07-10 09:35:00-04:00,100.73889923095703,100.94000244140625,99.75,100.12999725341797,749405,0.0,0.0
2024-07-10 09:40:00-04:00,100.125,101.30000305175781,100.0094985961914,100.16500091552734,715906,0.0,0.0
2024-07-10 09:45:00-04:00,100.19999694824219,100.20999908447266,99.45999908447266,99.93499755859375,604234,0.0,0.0
2024-07-10 09:50:00-04:00,99.94999694824219,100.0199966430664,98.5250015258789,98.98889923095703,613060,0.0,0.0
2024-07-10 09:55:00-04:00,98.96499633789062,99.5199966430664,98.63999938964844,98.68000030517578,279810,0.0,0.0
2024-07-10 10:00:00-04:00,98.7249984741211,99.05000305175781,98.12049865722656,98.83000183105469,308073,0.0,0.0
2024-07-10 10:05:00-04:00,98.8499984741211,99.83899688720703,98.71009826660156,99.77999877929688,232939,0.0,0.0
2024-07-10 10:10:00-04:00,99.79000091552734,99.80000305175781,99.15010070800781,99.6500015258789,338861,0.0,0.0
2024-07-10 10:15:00-04:00,99.6676025390625,99.8395004272461,99.3499984741211,99.6500015258789,254928,0.0,0.0
2024-07-10 10:20:00-04:00,99.63999938964844,99.66999816894531,99.0199966430664,99.2699966430664,165968,0.0,0.0
2024-07-10 10:25:00-04:00,99.2300033569336,99.48930358886719,98.91000366210938,99.44000244140625,170436,0.0,0.0
2024-07-10 10:30:00-04:00,99.44999694824219,99.4800033569336,98.83999633789062,98.98999786376953,114050,0.0,0.0
2024-07-10 10:35:00-04:00,98.99919891357422,99.06999969482422,98.83999633789062,98.875,117072,0.0,0.0
2024-07-10 10:40:00-04:00,98.87000274658203,98.87999725341797,98.51000213623047,98.62999725341797,139663,0.0,0.0
2024-07-10 10:45:00-04:00,98.66999816894531,98.83999633789062,98.58999633789062,98.70500183105469,124639,0.0,0.0
2024-07-10 10:50:00-04:00,98.69999694824219,98.69999694824219,97.22000122070312,97.2699966430664,304582,0.0,0.0
2024-07-10 10:55:00-04:00,97.30000305175781,97.62999725341797,97.05719757080078,97.37999725341797,201203,0.0,0.0
2024-07-10 11:00:00-04:00,97.36000061035156,97.36000061035156,96.9000015258789,97.12039947509766,171515,0.0,0.0
2024-07-10 11:05:00-04:00,97.08999633789062,97.12000274658203,96.53839874267578,97.12000274658203,273711,0.0,0.0
2024-07-10 11:10:00-04:00,97.06999969482422,97.66000366210938,97.06999969482422,97.51000213623047,165179,0.0,0.0
2024-07-10 11:15:00-04:00,97.50199890136719,97.54000091552734,97.125,97.21499633789062,120212,0.0,0.0
2024-07-10 11:20:00-04:00,97.19000244140625,97.7300033569336,97.12999725341797,97.51000213623047,94838,0.0,0.0
2024-07-10 11:25:00-04:00,97.52100372314453,97.97000122070312,97.4020004272461,97.94999694824219,211609,0.0,0.0
2024-07-10 11:30:00-04:00,97.97000122070312,98.12999725341797,97.73999786376953,98.04000091552734,153274,0.0,0.0
2024-07-10 11:35:00-04:00,98.06999969482422,98.30000305175781,97.97000122070312,98.2300033569336,128322,0.0,0.0
2024-07-10 11:40:00-04:00,98.2300033569336,98.66999816894531,98.18000030517578,98.49500274658203,178171,0.0,0.0
2024-07-10 11:45:00-04:00,98.4800033569336,98.55999755859375,98.05000305175781,98.06999969482422,104198,0.0,0.0
2024-07-10 11:50:00-04:00,98.0999984741211,98.18000030517578,97.76000213623047,97.79000091552734,76989,0.0,0.0
2024-07-10 11:55:00-04:00,97.76000213623047,97.76000213623047,97.59500122070312,97.59500122070312,53611,0.0,0.0
2024-07-10 12:00:00-04:00,97.58000183105469,97.75,97.30999755859375,97.36000061035156,88345,0.0,0.0
2024-07-10 12:05:00-04:00,97.30999755859375,97.53959655761719,97.20999908447266,97.37000274658203,94899,0.0,0.0
2024-07-10 12:10:00-04:00,97.37999725341797,97.43000030517578,97.22000122070312,97.33000183105469,52865,0.0,0.0
2024-07-10 12:15:00-04:00,97.36000061035156,97.55999755859375,97.27999877929688,97.50499725341797,58238,0.0,0.0
2024-07-10 12:20:00-04:00,97.50499725341797,97.83000183105469,97.50499725341797,97.83000183105469,63469,0.0,0.0
2024-07-10 12:25:00-04:00,97.83000183105469,98.05000305175781,97.75,97.88050079345703,62356,0.0,0.0
2024-07-10 12:30:00-04:00,97.91000366210938,97.91000366210938,97.51000213623047,97.625,67133,0.0,0.0
2024-07-10 12:35:00-04:00,97.62000274658203,97.80000305175781,97.56749725341797,97.80000305175781,35717,0.0,0.0
2024-07-10 12:40:00-04:00,97.79000091552734,97.79000091552734,97.55999755859375,97.6500015258789,62801,0.0,0.0
2024-07-10 12:45:00-04:00,97.68000030517578,97.68000030517578,97.45999908447266,97.58589935302734,41372,0.0,0.0
2024-07-10 12:50:00-04:00,97.58000183105469,97.6719970703125,97.16000366210938,97.17859649658203,71980,0.0,0.0
2024-07-10 12:55:00-04:00,97.18000030517578,97.33499908447266,97.12000274658203,97.31999969482422,103981,0.0,0.0
2024-07-10 13:00:00-04:00,97.3499984741211,97.44999694824219,97.2300033569336,97.38999938964844,43253,0.0,0.0
2024-07-10 13:05:00-04:00,97.37000274658203,97.54000091552734,97.25,97.33999633789062,33830,0.0,0.0
2024-07-10 13:10:00-04:00,97.33999633789062,97.5999984741211,97.33000183105469,97.51429748535156,50899,0.0,0.0
2024-07-10 13:15:00-04:00,97.5199966430664,97.55390167236328,97.33999633789062,97.33999633789062,51418,0.0,0.0
2024-07-10 13:20:00-04:00,97.33999633789062,97.33999633789062,97.02999877929688,97.19999694824219,68128,0.0,0.0
2024-07-10 13:25:00-04:00,97.21499633789062,97.77999877929688,97.12999725341797,97.7699966430664,51350,0.0,0.0
2024-07-10 13:30:00-04:00,97.77999877929688,97.83999633789062,97.69000244140625,97.83000183105469,65420,0.0,0.0
2024-07-10 13:35:00-04:00,97.83999633789062,97.87999725341797,97.6500015258789,97.87000274658203,34271,0.0,0.0
2024-07-10 13:40:00-04:00,97.87979888916016,98.02999877929688,97.87979888916016,97.94999694824219,49410,0.0,0.0
2024-07-10 13:45:00-04:00,97.95999908447266,98.1532974243164,97.87000274658203,98.12999725341797,41267,0.0,0.0
2024-07-10 13:50:00-04:00,98.12999725341797,98.16000366210938,97.8499984741211,97.9749984741211,132655,0.0,0.0
2024-07-10 13:55:00-04:00,97.9800033569336,98.04000091552734,97.91999816894531,97.97000122070312,64991,0.0,0.0
2024-07-10 14:00:00-04:00,97.95999908447266,98.04000091552734,97.76000213623047,97.78500366210938,91221,0.0,0.0
2024-07-10 14:05:00-04:00,97.78500366210938,97.9800033569336,97.62000274658203,97.66000366210938,147513,0.0,0.0
2024-07-10 14:10:00-04:00,97.63999938964844,97.6500015258789,97.51010131835938,97.58000183105469,44236,0.0,0.0
2024-07-10 14:15:00-04:00,97.58000183105469,97.59500122070312,97.30000305175781,97.5198974609375,55950,0.0,0.0
2024-07-10 14:20:00-04:00,97.5,97.56990051269531,97.45999908447266,97.45999908447266,30461,0.0,0.0
2024-07-10 14:25:00-04:00,97.44000244140625,97.54989624023438,97.44000244140625,97.48999786376953,34393,0.0,0.0
2024-07-10 14:30:00-04:00,97.48500061035156,97.58000183105469,97.3301010131836,97.4000015258789,43767,0.0,0.0
2024-07-10 14:35:00-04:00,97.38999938964844,97.77999877929688,97.31999969482422,97.76000213623047,50803,0.0,0.0
2024-07-10 14:40:00-04:00,97.7802963256836,98.0,97.70999908447266,98.0,46039,0.0,0.0
2024-07-10 14:45:00-04:00,98.01499938964844,98.04000091552734,97.9000015258789,97.9800033569336,53580,0.0,0.0
2024-07-10 14:50:00-04:00,98.0,98.0250015258789,97.93000030517578,98.01000213623047,36877,0.0,0.0
2024-07-10 14:55:00-04:00,98.01499938964844,98.08000183105469,97.93000030517578,98.01000213623047,58512,0.0,0.0
2024-07-10 15:00:00-04:00,98.01000213623047,98.04499816894531,97.79000091552734,97.8499984741211,45515,0.0,0.0
2024-07-10 15:05:00-04:00,97.86000061035156,97.97000122070312,97.84500122070312,97.93499755859375,34282,0.0,0.0
2024-07-10 15:10:00-04:00,97.93499755859375,97.9749984741211,97.90499877929688,97.91000366210938,32900,0.0,0.0
2024-07-10 15:15:00-04:00,97.9000015258789,98.0199966430664,97.87000274658203,98.01499938964844,44509,0.0,0.0
2024-07-10 15:20:00-04:00,98.02020263671875,98.02020263671875,97.93000030517578,97.94290161132812,45467,0.0,0.0
2024-07-10 15:25:00-04:00,97.95999908447266,98.0199966430664,97.87100219726562,97.98300170898438,39321,0.0,0.0
2024-07-10 15:30:00-04:00,97.98999786376953,98.09500122070312,97.9530029296875,98.02989959716797,89628,0.0,0.0
2024-07-10 15:35:00-04:00,98.01000213623047,98.02999877929688,97.97000122070312,98.0,58404,0.0,0.0
2024-07-10 15:40:00-04:00,97.99500274658203,98.01000213623047,97.87000274658203,97.96499633789062,85953,0.0,0.0
2024-07-10 15:45:00-04:00,97.96499633789062,98.05999755859375,97.82499694824219,97.88999938964844,113760,0.0,0.0
2024-07-10 15:50:00-04:00,97.87999725341797,97.93000030517578,97.68000030517578,97.7300033569336,173915,0.0,0.0
2024-07-10 15:55:00-04:00,97.71499633789062,97.9800033569336,97.69999694824219,97.91000366210938,259918,0.0,0.0
2024-07-11 09:30:00-04:00,100.01000213623047,100.44000244140625,99.4000015258789,100.33999633789062,1140350,0.0,0.0
2024-07-11 09:35:00-04:00,100.3499984741211,101.4000015258789,100.23999786376953,100.87000274658203,557967,0.0,0.0
2024-07-11 09:40:00-04:00,100.86000061035156,101.37999725341797,100.66000366210938,101.3499984741211,263369,0.0,0.0
2024-07-11 09:45:00-04:00,101.37000274658203,103.37000274658203,101.3499984741211,103.25,861946,0.0,0.0
2024-07-11 09:50:00-04:00,103.23999786376953,103.86000061035156,102.6187973022461,103.05999755859375,497661,0.0,0.0
2024-07-11 09:55:00-04:00,103.08000183105469,104.42990112304688,103.0,104.1050033569336,508122,0.0,0.0
2024-07-11 10:00:00-04:00,104.08000183105469,104.23999786376953,103.5999984741211,104.0199966430664,393194,0.0,0.0
2024-07-11 10:05:00-04:00,104.0250015258789,104.24310302734375,103.01029968261719,103.04399871826172,447081,0.0,0.0
2024-07-11 10:10:00-04:00,103.05500030517578,103.20999908447266,101.41000366210938,101.66000366210938,488848,0.0,0.0
2024-07-11 10:15:00-04:00,101.68990325927734,101.91999816894531,101.3499984741211,101.88500213623047,273996,0.0,0.0
2024-07-11 10:20:00-04:00,101.83999633789062,102.2300033569336,101.70999908447266,101.93000030517578,257414,0.0,0.0
2024-07-11 10:25:00-04:00,101.94000244140625,102.41000366210938,101.93499755859375,102.13999938964844,151754,0.0,0.0
2024-07-11 10:30:00-04:00,102.12999725341797,102.56999969482422,102.12000274658203,102.38999938964844,152600,0.0,0.0
2024-07-11 10:35:00-04:00,102.36000061035156,102.50959777832031,101.59020233154297,101.61000061035156,244140,0.0,0.0
2024-07-11 10:40:00-04:00,101.63999938964844,101.93990325927734,101.43499755859375,101.79000091552734,146330,0.0,0.0
2024-07-11 10:45:00-04:00,101.79000091552734,102.1050033569336,101.70999908447266,102.01000213623047,112775,0.0,0.0
2024-07-11 10:50:00-04:00,102.03500366210938,102.26499938964844,102.03009796142578,102.06009674072266,223944,0.0,0.0
2024-07-11 10:55:00-04:00,102.06050109863281,102.10990142822266,101.63999938964844,101.71499633789062,105943,0.0,0.0
2024-07-11 11:00:00-04:00,101.71499633789062,101.81060028076172,100.86000061035156,101.1500015258789,209827,0.0,0.0
2024-07-11 11:05:00-04:00,101.15609741210938,101.15609741210938,100.47000122070312,100.90059661865234,145243,0.0,0.0
2024-07-11 11:10:00-04:00,100.94000244140625,101.55000305175781,100.8499984741211,101.5199966430664,128672,0.0,0.0
2024-07-11 11:15:00-04:00,101.52999877929688,101.7699966430664,101.41000366210938,101.66000366210938,75580,0.0,0.0
2024-07-11 11:20:00-04:00,101.6500015258789,101.68000030517578,101.31500244140625,101.37000274658203,81878,0.0,0.0
2024-07-11 11:25:00-04:00,101.29499816894531,101.3499984741211,101.0103988647461,101.1050033569336,91556,0.0,0.0
2024-07-11 11:30:00-04:00,101.08999633789062,101.41999816894531,100.93009948730469,101.41999816894531,114932,0.0,0.0
2024-07-11 11:35:00-04:00,101.39990234375,102.02999877929688,101.39990234375,101.45500183105469,149405,0.0,0.0
2024-07-11 11:40:00-04:00,101.43190002441406,101.55999755859375,100.3550033569336,100.97010040283203,293443,0.0,0.0
2024-07-11 11:45:00-04:00,100.97000122070312,101.37999725341797,100.80999755859375,101.30000305175781,89950,0.0,0.0
2024-07-11 11:50:00-04:00,101.30960083007812,101.51000213623047,101.0,101.12000274658203,73461,0.0,0.0
2024-07-11 11:55:00-04:00,101.1050033569336,101.20999908447266,100.72000122070312,100.9000015258789,81582,0.0,0.0
2024-07-11 12:00:00-04:00,100.91500091552734,101.0,100.19999694824219,100.20999908447266,148132,0.0,0.0
2024-07-11 12:05:00-04:00,100.20999908447266,100.33000183105469,99.8499984741211,100.2300033569336,227684,0.0,0.0
2024-07-11 12:10:00-04:00,100.26740264892578,100.5,100.20069885253906,100.41999816894531,66276,0.0,0.0
2024-07-11 12:15:00-04:00,100.40499877929688,100.5199966430664,100.30999755859375,100.38999938964844,47676,0.0,0.0
2024-07-11 12:20:00-04:00,100.40119934082031,100.90190124511719,100.4000015258789,100.90190124511719,86161,0.0,0.0
2024-07-11 12:25:00-04:00,100.88999938964844,100.91999816894531,100.72000122070312,100.84950256347656,75065,0.0,0.0
2024-07-11 12:30:00-04:00,100.8499984741211,101.08999633789062,100.80139923095703,100.97000122070312,78500,0.0,0.0
2024-07-11 12:35:00-04:00,100.9800033569336,101.2300033569336,100.91000366210938,101.16000366210938,91208,0.0,0.0
2024-07-11 12:40:00-04:00,101.13999938964844,101.20999908447266,101.05000305175781,101.12999725341797,52772,0.0,0.0
2024-07-11 12:45:00-04:00,101.13999938964844,101.16000366210938,100.72000122070312,100.75499725341797,60110,0.0,0.0
2024-07-11 12:50:00-04:00,100.7699966430664,100.98999786376953,100.7699966430664,100.95999908447266,40195,0.0,0.0
2024-07-11 12:55:00-04:00,100.9800033569336,101.05000305175781,100.73999786376953,100.73999786376953,46801,0.0,0.0
2024-07-11 13:00:00-04:00,100.73999786376953,100.75499725341797,100.3511962890625,100.375,49458,0.0,0.0
2024-07-11 13:05:00-04:00,100.375,100.58499908447266,100.2300033569336,100.36000061035156,48458,0.0,0.0
2024-07-11 13:10:00-04:00,100.3499984741211,100.62000274658203,100.33000183105469,100.61000061035156,31996,0.0,0.0
2024-07-11 13:15:00-04:00,100.55999755859375,100.69999694824219,100.4749984741211,100.66999816894531,36850,0.0,0.0
2024-07-11 13:20:00-04:00,100.6500015258789,100.73899841308594,100.58470153808594,100.66999816894531,29137,0.0,0.0
2024-07-11 13:25:00-04:00,100.72000122070312,100.79000091552734,100.55999755859375,100.76589965820312,28125,0.0,0.0
2024-07-11 13:30:00-04:00,100.76000213623047,100.7699966430664,100.56999969482422,100.66500091552734,20935,0.0,0.0
2024-07-11 13:35:00-04:00,100.66999816894531,100.739501953125,100.48999786376953,100.5,30514,0.0,0.0
2024-07-11 13:40:00-04:00,100.5,100.6238021850586,100.5,100.56999969482422,20536,0.0,0.0
2024-07-11 13:45:00-04:00,100.60189819335938,100.61000061035156,100.31999969482422,100.44499969482422,42537,0.0,0.0
2024-07-11 13:50:00-04:00,100.41999816894531,100.41999816894531,100.26000213623047,100.33000183105469,20342,0.0,0.0
2024-07-11 13:55:00-04:00,100.33000183105469,100.44000244140625,100.25,100.41999816894531,33534,0.0,0.0
2024-07-11 14:00:00-04:00,100.44999694824219,100.47000122070312,100.07150268554688,100.08000183105469,46126,0.0,0.0
2024-07-11 14:05:00-04:00,100.08499908447266,100.16999816894531,100.04000091552734,100.08000183105469,44953,0.0,0.0
2024-07-11 14:10:00-04:00,100.08499908447266,100.16999816894531,100.01000213623047,100.11000061035156,38538,0.0,0.0
2024-07-11 14:15:00-04:00,100.12999725341797,100.44999694824219,100.10710144042969,100.44999694824219,51842,0.0,0.0
2024-07-11 14:20:00-04:00,100.44999694824219,100.5199966430664,100.375,100.4000015258789,40129,0.0,0.0
2024-07-11 14:25:00-04:00,100.36000061035156,100.38999938964844,100.25,100.32499694824219,27910,0.0,0.0
2024-07-11 14:30:00-04:00,100.31999969482422,100.5385971069336,100.30039978027344,100.52999877929688,26238,0.0,0.0
2024-07-11 14:35:00-04:00,100.53500366210938,100.66500091552734,100.48090362548828,100.63600158691406,32007,0.0,0.0
2024-07-11 14:40:00-04:00,100.63999938964844,100.63999938964844,100.46060180664062,100.58999633789062,31470,0.0,0.0
2024-07-11 14:45:00-04:00,100.61000061035156,100.61000061035156,100.41999816894531,100.4207992553711,25611,0.0,0.0
2024-07-11 14:50:00-04:00,100.44000244140625,100.55500030517578,100.41230010986328,100.53500366210938,28784,0.0,0.0
2024-07-11 14:55:00-04:00,100.55000305175781,100.55999755859375,100.44499969482422,100.45999908447266,16420,0.0,0.0
2024-07-11 15:00:00-04:00,100.47000122070312,100.55989837646484,100.4000015258789,100.43000030517578,34195,0.0,0.0
2024-07-11 15:05:00-04:00,100.4000015258789,100.44999694824219,100.31300354003906,100.32499694824219,18995,0.0,0.0
2024-07-11 15:10:00-04:00,100.33999633789062,100.4000015258789,100.25,100.38999938964844,33397,0.0,0.0
2024-07-11 15:15:00-04:00,100.37000274658203,100.48999786376953,100.36499786376953,100.4833984375,29936,0.0,0.0
2024-07-11 15:20:00-04:00,100.47000122070312,100.58000183105469,100.36000061035156,100.55999755859375,32958,0.0,0.0
2024-07-11 15:25:00-04:00,100.55999755859375,100.57499694824219,100.44000244140625,100.48999786376953,41605,0.0,0.0
2024-07-11 15:30:00-04:00,100.48999786376953,100.59500122070312,100.45999908447266,100.58999633789062,36464,0.0,0.0
2024-07-11 15:35:00-04:00,100.61000061035156,100.73999786376953,100.54000091552734,100.69999694824219,47326,0.0,0.0
2024-07-11 15:40:00-04:00,100.66999816894531,100.68000030517578,100.5199966430664,100.5199966430664,77054,0.0,0.0
2024-07-11 15:45:00-04:00,100.52999877929688,100.54000091552734,100.4000015258789,100.51000213623047,79533,0.0,0.0
2024-07-11 15:50:00-04:00,100.50630187988281,100.54000091552734,100.44000244140625,100.47000122070312,109558,0.0,0.0
2024-07-11 15:55:00-04:00,100.47000122070312,100.69999694824219,100.47000122070312,100.66100311279297,226471,0.0,0.0
2024-07-12 09:30:00-04:00,103.33999633789062,103.67990112304688,102.70999908447266,103.16000366210938,624717,0.0,0.0
2024-07-12 09:35:00-04:00,103.12359619140625,104.55000305175781,102.86000061035156,104.44439697265625,442929,0.0,0.0
2024-07-12 09:40:00-04:00,104.47000122070312,104.69999694824219,103.0999984741211,103.19999694824219,475808,0.0,0.0
2024-07-12 09:45:00-04:00,103.19999694824219,103.94000244140625,103.13990020751953,103.87999725341797,201270,0.0,0.0
2024-07-12 09:50:00-04:00,103.8499984741211,104.0999984741211,103.62010192871094,103.70500183105469,196080,0.0,0.0
2024-07-12 09:55:00-04:00,103.62999725341797,103.65499877929688,102.83999633789062,102.98999786376953,196228,0.0,0.0
2024-07-12 10:00:00-04:00,102.97000122070312,102.9800033569336,101.9000015258789,102.05000305175781,283912,0.0,0.0
2024-07-12 10:05:00-04:00,102.04000091552734,102.43000030517578,101.9312973022461,102.0999984741211,143404,0.0,0.0
2024-07-12 10:10:00-04:00,102.06009674072266,102.2699966430664,101.97000122070312,102.08999633789062,86132,0.0,0.0
2024-07-12 10:15:00-04:00,102.07530212402344,102.09989929199219,101.05999755859375,101.06999969482422,254315,0.0,0.0
2024-07-12 10:20:00-04:00,101.0999984741211,101.13999938964844,100.51000213623047,100.68000030517578,292343,0.0,0.0
2024-07-12 10:25:00-04:00,100.59500122070312,100.97000122070312,100.29000091552734,100.8499984741211,239463,0.0,0.0
2024-07-12 10:30:00-04:00,100.87000274658203,101.16500091552734,100.79499816894531,101.07340240478516,103976,0.0,0.0
2024-07-12 10:35:00-04:00,101.0,101.25,100.87999725341797,101.16999816894531,86842,0.0,0.0
2024-07-12 10:40:00-04:00,101.19000244140625,101.20989990234375,100.36000061035156,100.4000015258789,121855,0.0,0.0
2024-07-12 10:45:00-04:00,100.37000274658203,100.5,99.69999694824219,99.93949890136719,311137,0.0,0.0
2024-07-12 10:50:00-04:00,99.94400024414062,100.0199966430664,98.88999938964844,99.19999694824219,418319,0.0,0.0
2024-07-12 10:55:00-04:00,99.2249984741211,99.27999877929688,98.94999694824219,99.0792007446289,196531,0.0,0.0
2024-07-12 11:00:00-04:00,99.05999755859375,99.75,98.95999908447266,99.55079650878906,186963,0.0,0.0
2024-07-12 11:05:00-04:00,99.57980346679688,99.83000183105469,99.4000015258789,99.5199966430664,130906,0.0,0.0
2024-07-12 11:10:00-04:00,99.50499725341797,99.75,99.48410034179688,99.62000274658203,62246,0.0,0.0
2024-07-12 11:15:00-04:00,99.589599609375,99.80999755859375,99.41000366210938,99.48999786376953,101913,0.0,0.0
2024-07-12 11:20:00-04:00,99.48999786376953,99.7030029296875,99.48500061035156,99.6449966430664,48223,0.0,0.0
2024-07-12 11:25:00-04:00,99.62000274658203,99.88999938964844,99.43000030517578,99.72000122070312,91543,0.0,0.0
2024-07-12 11:30:00-04:00,99.72000122070312,100.05000305175781,99.68049621582031,99.68049621582031,77352,0.0,0.0
2024-07-12 11:35:00-04:00,99.72000122070312,99.73999786376953,99.30799865722656,99.33999633789062,94365,0.0,0.0
2024-07-12 11:40:00-04:00,99.33000183105469,99.37999725341797,99.04000091552734,99.19000244140625,131535,0.0,0.0
2024-07-12 11:45:00-04:00,99.21499633789062,99.30000305175781,99.06999969482422,99.18599700927734,53810,0.0,0.0
2024-07-12 11:50:00-04:00,99.19000244140625,99.33000183105469,99.19000244140625,99.27999877929688,56716,0.0,0.0
2024-07-12 11:55:00-04:00,99.30000305175781,99.3499984741211,98.94000244140625,98.94999694824219,94757,0.0,0.0
2024-07-12 12:00:00-04:00,98.94999694824219,99.22000122070312,98.94280242919922,99.22000122070312,75245,0.0,0.0
2024-07-12 12:05:00-04:00,99.20999908447266,99.47989654541016,99.1500015258789,99.41000366210938,51009,0.0,0.0
2024-07-12 12:10:00-04:00,99.44000244140625,99.55000305175781,99.23999786376953,99.23999786376953,35417,0.0,0.0
2024-07-12 12:15:00-04:00,99.23999786376953,99.33999633789062,99.18000030517578,99.22000122070312,33669,0.0,0.0
2024-07-12 12:20:00-04:00,99.20580291748047,99.22119903564453,99.08000183105469,99.15599822998047,41906,0.0,0.0
2024-07-12 12:25:00-04:00,99.18000030517578,99.2699966430664,99.02999877929688,99.08999633789062,35380,0.0,0.0
2024-07-12 12:30:00-04:00,99.0999984741211,99.22000122070312,98.98249816894531,99.22000122070312,33640,0.0,0.0
2024-07-12 12:35:00-04:00,99.22740173339844,99.32499694824219,99.20500183105469,99.2300033569336,18054,0.0,0.0
2024-07-12 12:40:00-04:00,99.2300033569336,99.23500061035156,99.1500015258789,99.18000030517578,16342,0.0,0.0
2024-07-12 12:45:00-04:00,99.18000030517578,99.30000305175781,99.07630157470703,99.2699966430664,48184,0.0,0.0
2024-07-12 12:50:00-04:00,99.27999877929688,99.37000274658203,99.26000213623047,99.36799621582031,30289,0.0,0.0
2024-07-12 12:55:00-04:00,99.37000274658203,99.43000030517578,99.29000091552734,99.36579895019531,25864,0.0,0.0
2024-07-12 13:00:00-04:00,99.37999725341797,99.38999938964844,99.18499755859375,99.20999908447266,42007,0.0,0.0
2024-07-12 13:05:00-04:00,99.2300033569336,99.2699966430664,99.17500305175781,99.25,33573,0.0,0.0
2024-07-12 13:10:00-04:00,99.24199676513672,99.33999633789062,99.16999816894531,99.20999908447266,31424,0.0,0.0
2024-07-12 13:15:00-04:00,99.18499755859375,99.25,99.08000183105469,99.0999984741211,45030,0.0,0.0
2024-07-12 13:20:00-04:00,99.09709930419922,99.16000366210938,99.0000991821289,99.11000061035156,34250,0.0,0.0
2024-07-12 13:25:00-04:00,99.10919952392578,99.31999969482422,99.08999633789062,99.25,34784,0.0,0.0
2024-07-12 13:30:00-04:00,99.2300033569336,99.27999877929688,99.16000366210938,99.19000244140625,16482,0.0,0.0
2024-07-12 13:35:00-04:00,99.1937026977539,99.1937026977539,99.08999633789062,99.08999633789062,41236,0.0,0.0
2024-07-12 13:40:00-04:00,99.0999984741211,99.13999938964844,99.08000183105469,99.10690307617188,27285,0.0,0.0
2024-07-12 13:45:00-04:00,99.12000274658203,99.13999938964844,99.06289672851562,99.13999938964844,23749,0.0,0.0
2024-07-12 13:50:00-04:00,99.13999938964844,99.13999938964844,99.08999633789062,99.09719848632812,25207,0.0,0.0
2024-07-12 13:55:00-04:00,99.11000061035156,99.12799835205078,98.97090148925781,98.9800033569336,37698,0.0,0.0
2024-07-12 14:00:00-04:00,98.97820281982422,99.0199966430664,98.8385009765625,98.9800033569336,63145,0.0,0.0
2024-07-12 14:05:00-04:00,98.98999786376953,99.0999984741211,98.91000366210938,99.01000213623047,40924,0.0,0.0
2024-07-12 14:10:00-04:00,99.02999877929688,99.04989624023438,98.94000244140625,98.94329833984375,20582,0.0,0.0
2024-07-12 14:15:00-04:00,98.94000244140625,98.94989776611328,98.84030151367188,98.84750366210938,28438,0.0,0.0
2024-07-12 14:20:00-04:00,98.8479995727539,98.8499984741211,98.75,98.78679656982422,48989,0.0,0.0
2024-07-12 14:25:00-04:00,98.79499816894531,99.13500213623047,98.75,99.05999755859375,70365,0.0,0.0
2024-07-12 14:30:00-04:00,99.05660247802734,99.11000061035156,98.89199829101562,98.9000015258789,41536,0.0,0.0
2024-07-12 14:35:00-04:00,98.91000366210938,98.94000244140625,98.79080200195312,98.83999633789062,36185,0.0,0.0
2024-07-12 14:40:00-04:00,98.83999633789062,98.91000366210938,98.83499908447266,98.87000274658203,37025,0.0,0.0
2024-07-12 14:45:00-04:00,98.87000274658203,99.13999938964844,98.87000274658203,99.06999969482422,45428,0.0,0.0
2024-07-12 14:50:00-04:00,99.06009674072266,99.19999694824219,99.03500366210938,99.16000366210938,44753,0.0,0.0
2024-07-12 14:55:00-04:00,99.16999816894531,99.19000244140625,98.91999816894531,99.0,39923,0.0,0.0
2024-07-12 15:00:00-04:00,98.9800033569336,98.9999008178711,98.86209869384766,98.875,30198,0.0,0.0
2024-07-12 15:05:00-04:00,98.87999725341797,99.08000183105469,98.87999725341797,99.06999969482422,42075,0.0,0.0
2024-07-12 15:10:00-04:00,99.08000183105469,99.0999984741211,98.83000183105469,98.91999816894531,39738,0.0,0.0
2024-07-12 15:15:00-04:00,98.93000030517578,99.0,98.86499786376953,98.94309997558594,27943,0.0,0.0
2024-07-12 15:20:00-04:00,98.95500183105469,99.05500030517578,98.95500183105469,98.9749984741211,48238,0.0,0.0
2024-07-12 15:25:00-04:00,98.9749984741211,99.0199966430664,98.88059997558594,99.01499938964844,33959,0.0,0.0
2024-07-12 15:30:00-04:00,99.0,99.0,98.80000305175781,98.94999694824219,58809,0.0,0.0
2024-07-12 15:35:00-04:00,98.94999694824219,99.1094970703125,98.93000030517578,99.08999633789062,68009,0.0,0.0
2024-07-12 15:40:00-04:00,99.08000183105469,99.08000183105469,98.93009948730469,98.98999786376953,81953,0.0,0.0
2024-07-12 15:45:00-04:00,99.0,99.12999725341797,98.95120239257812,99.06990051269531,82017,0.0,0.0
2024-07-12 15:50:00-04:00,99.06999969482422,99.08999633789062,98.9000015258789,99.0199966430664,146236,0.0,0.0
2024-07-12 15:55:00-04:00,99.0199966430664,99.22000122070312,99.0,99.06999969482422,305152,0.0,0.0
2024-07-15 09:30:00-04:00,94.94000244140625,95.08999633789062,91.69000244140625,92.45999908447266,1682092,0.0,0.0
2024-07-15 09:35:00-04:00,92.4800033569336,92.70999908447266,91.69999694824219,92.23999786376953,590472,0.0,0.0
2024-07-15 09:40:00-04:00,92.20999908447266,93.63999938964844,92.20999908447266,93.48999786376953,553423,0.0,0.0
2024-07-15 09:45:00-04:00,93.52999877929688,93.66000366210938,92.83999633789062,93.13999938964844,299128,0.0,0.0
2024-07-15 09:50:00-04:00,93.1449966430664,93.63999938964844,93.04000091552734,93.33999633789062,156323,0.0,0.0
2024-07-15 09:55:00-04:00,93.34590148925781,93.6500015258789,93.1500015258789,93.38999938964844,119894,0.0,0.0
2024-07-15 10:00:00-04:00,93.36499786376953,93.94000244140625,93.36499786376953,93.61000061035156,161194,0.0,0.0
2024-07-15 10:05:00-04:00,93.58999633789062,93.69000244140625,93.36009979248047,93.55000305175781,78194,0.0,0.0
2024-07-15 10:10:00-04:00,93.55000305175781,93.68000030517578,93.31999969482422,93.37000274658203,116972,0.0,0.0
2024-07-15 10:15:00-04:00,93.38500213623047,93.5,93.12999725341797,93.37000274658203,101326,0.0,0.0
2024-07-15 10:20:00-04:00,93.38999938964844,93.48999786376953,93.04000091552734,93.0999984741211,128073,0.0,0.0
2024-07-15 10:25:00-04:00,93.0999984741211,93.19000244140625,92.95999908447266,93.09500122070312,124002,0.0,0.0
2024-07-15 10:30:00-04:00,93.08999633789062,93.19999694824219,93.02999877929688,93.04000091552734,87834,0.0,0.0
2024-07-15 10:35:00-04:00,93.07990264892578,93.4000015258789,92.94999694824219,93.26000213623047,132100,0.0,0.0
2024-07-15 10:40:00-04:00,93.27999877929688,93.43000030517578,93.08000183105469,93.0999984741211,69853,0.0,0.0
2024-07-15 10:45:00-04:00,93.11000061035156,93.20999908447266,92.94000244140625,93.16000366210938,78332,0.0,0.0
2024-07-15 10:50:00-04:00,93.14340209960938,93.1449966430664,92.83999633789062,92.86150360107422,141586,0.0,0.0
2024-07-15 10:55:00-04:00,92.87999725341797,92.96990203857422,92.80999755859375,92.90499877929688,78891,0.0,0.0
2024-07-15 11:00:00-04:00,92.93000030517578,93.18000030517578,92.91020202636719,93.04499816894531,109218,0.0,0.0
2024-07-15 11:05:00-04:00,93.01000213623047,93.25399780273438,93.0,93.25399780273438,68176,0.0,0.0
2024-07-15 11:10:00-04:00,93.25800323486328,93.5,93.19999694824219,93.22000122070312,96268,0.0,0.0
2024-07-15 11:15:00-04:00,93.23999786376953,93.26000213623047,92.88999938964844,93.16999816894531,100888,0.0,0.0
2024-07-15 11:20:00-04:00,93.16999816894531,93.48909759521484,93.11000061035156,93.11000061035156,153591,0.0,0.0
2024-07-15 11:25:00-04:00,93.0801010131836,93.44000244140625,93.0801010131836,93.42500305175781,84897,0.0,0.0
2024-07-15 11:30:00-04:00,93.41500091552734,93.51000213623047,93.13999938964844,93.19999694824219,137962,0.0,0.0
2024-07-15 11:35:00-04:00,93.19999694824219,93.41999816894531,93.1500015258789,93.38999938964844,39938,0.0,0.0
2024-07-15 11:40:00-04:00,93.41000366210938,93.51000213623047,93.37999725341797,93.37999725341797,60307,0.0,0.0
2024-07-15 11:45:00-04:00,93.37999725341797,93.4749984741211,93.2699966430664,93.45999908447266,41283,0.0,0.0
2024-07-15 11:50:00-04:00,93.47000122070312,93.58499908447266,93.46499633789062,93.56999969482422,42728,0.0,0.0
2024-07-15 11:55:00-04:00,93.56500244140625,93.64990234375,93.38999938964844,93.57949829101562,57620,0.0,0.0
2024-07-15 12:00:00-04:00,93.58000183105469,93.58000183105469,93.42939758300781,93.55999755859375,30393,0.0,0.0
2024-07-15 12:05:00-04:00,93.55000305175781,93.55799865722656,93.28009796142578,93.33000183105469,51688,0.0,0.0
2024-07-15 12:10:00-04:00,93.37000274658203,93.37999725341797,93.18000030517578,93.19499969482422,55526,0.0,0.0
2024-07-15 12:15:00-04:00,93.1500015258789,93.38999938964844,93.0999984741211,93.33000183105469,53228,0.0,0.0
2024-07-15 12:20:00-04:00,93.33000183105469,93.54000091552734,93.30000305175781,93.51499938964844,46220,0.0,0.0
2024-07-15 12:25:00-04:00,93.4800033569336,93.4800033569336,93.15959930419922,93.20500183105469,23591,0.0,0.0
2024-07-15 12:30:00-04:00,93.21959686279297,93.22000122070312,93.11000061035156,93.1500015258789,27802,0.0,0.0
2024-07-15 12:35:00-04:00,93.13999938964844,93.19149780273438,93.05000305175781,93.11499786376953,34824,0.0,0.0
2024-07-15 12:40:00-04:00,93.11499786376953,93.4000015258789,93.0999984741211,93.29000091552734,25441,0.0,0.0
2024-07-15 12:45:00-04:00,93.29000091552734,93.29000091552734,93.1500015258789,93.16000366210938,22303,0.0,0.0
2024-07-15 12:50:00-04:00,93.12999725341797,93.18000030517578,93.08999633789062,93.18000030517578,25721,0.0,0.0
2024-07-15 12:55:00-04:00,93.18000030517578,93.30500030517578,93.1500015258789,93.23999786376953,19843,0.0,0.0
2024-07-15 13:00:00-04:00,93.25,93.26000213623047,93.02999877929688,93.06999969482422,30185,0.0,0.0
2024-07-15 13:05:00-04:00,93.05000305175781,93.27980041503906,93.05000305175781,93.20999908447266,12989,0.0,0.0
2024-07-15 13:10:00-04:00,93.19999694824219,93.22000122070312,93.12999725341797,93.20210266113281,21161,0.0,0.0
2024-07-15 13:15:00-04:00,93.22000122070312,93.26000213623047,93.11000061035156,93.2300033569336,22036,0.0,0.0
2024-07-15 13:20:00-04:00,93.22000122070312,93.33000183105469,93.13999938964844,93.33000183105469,32402,0.0,0.0
2024-07-15 13:25:00-04:00,93.32499694824219,93.37999725341797,93.12000274658203,93.1500015258789,49075,0.0,0.0
2024-07-15 13:30:00-04:00,93.13999938964844,93.16999816894531,93.05000305175781,93.05000305175781,21460,0.0,0.0
2024-07-15 13:35:00-04:00,93.04000091552734,93.07140350341797,93.01000213623047,93.05000305175781,23083,0.0,0.0
2024-07-15 13:40:00-04:00,93.05000305175781,93.06999969482422,92.86000061035156,92.87000274658203,71348,0.0,0.0
2024-07-15 13:45:00-04:00,92.875,92.9800033569336,92.73999786376953,92.9800033569336,53634,0.0,0.0
2024-07-15 13:50:00-04:00,92.97000122070312,93.11000061035156,92.96499633789062,92.97000122070312,40991,0.0,0.0
2024-07-15 13:55:00-04:00,93.0,93.07990264892578,92.94999694824219,93.07990264892578,31707,0.0,0.0
2024-07-15 14:00:00-04:00,93.02999877929688,93.16000366210938,92.98999786376953,93.09989929199219,30458,0.0,0.0
2024-07-15 14:05:00-04:00,93.08999633789062,93.08999633789062,92.95999908447266,92.95999908447266,13195,0.0,0.0
2024-07-15 14:10:00-04:00,92.9800033569336,93.04989624023438,92.93000030517578,93.0,24551,0.0,0.0
2024-07-15 14:15:00-04:00,92.98999786376953,93.02999877929688,92.94000244140625,93.0199966430664,15742,0.0,0.0
2024-07-15 14:20:00-04:00,93.02999877929688,93.16600036621094,93.02999877929688,93.04499816894531,39924,0.0,0.0
2024-07-15 14:25:00-04:00,93.0199966430664,93.12000274658203,92.94999694824219,93.05999755859375,55424,0.0,0.0
2024-07-15 14:30:00-04:00,93.04000091552734,93.25,93.01000213623047,93.23999786376953,22502,0.0,0.0
2024-07-15 14:35:00-04:00,93.23999786376953,93.2593994140625,93.02999877929688,93.1500015258789,27755,0.0,0.0
2024-07-15 14:40:00-04:00,93.21990203857422,93.21990203857422,93.11000061035156,93.15560150146484,21103,0.0,0.0
2024-07-15 14:45:00-04:00,93.1500015258789,93.21499633789062,93.13999938964844,93.21499633789062,17876,0.0,0.0
2024-07-15 14:50:00-04:00,93.22000122070312,93.2699966430664,93.19999694824219,93.20500183105469,37511,0.0,0.0
2024-07-15 14:55:00-04:00,93.18000030517578,93.30500030517578,93.16500091552734,93.27999877929688,26383,0.0,0.0
2024-07-15 15:00:00-04:00,93.26000213623047,93.2699966430664,93.16000366210938,93.25,27139,0.0,0.0
2024-07-15 15:05:00-04:00,93.22000122070312,93.22000122070312,93.13999938964844,93.19999694824219,23077,0.0,0.0
2024-07-15 15:10:00-04:00,93.21499633789062,93.29000091552734,93.20999908447266,93.2750015258789,24858,0.0,0.0
2024-07-15 15:15:00-04:00,93.23999786376953,93.27999877929688,93.19999694824219,93.19999694824219,28176,0.0,0.0
2024-07-15 15:20:00-04:00,93.18499755859375,93.18499755859375,93.02100372314453,93.07499694824219,48915,0.0,0.0
2024-07-15 15:25:00-04:00,93.08999633789062,93.08999633789062,93.0,93.04499816894531,43171,0.0,0.0
2024-07-15 15:30:00-04:00,93.01499938964844,93.04000091552734,92.9000015258789,92.98320007324219,52660,0.0,0.0
2024-07-15 15:35:00-04:00,92.98999786376953,93.0199966430664,92.7699966430664,92.7699966430664,87847,0.0,0.0
2024-07-15 15:40:00-04:00,92.7699966430664,92.94999694824219,92.7699966430664,92.87999725341797,60919,0.0,0.0
2024-07-15 15:45:00-04:00,92.9000015258789,93.0198974609375,92.81999969482422,92.84500122070312,64823,0.0,0.0
2024-07-15 15:50:00-04:00,92.83999633789062,93.1500015258789,92.83999633789062,93.13500213623047,181652,0.0,0.0
2024-07-15 15:55:00-04:00,93.1500015258789,93.23500061035156,93.12999725341797,93.1449966430664,294506,0.0,0.0
2024-07-16 09:30:00-04:00,92.25,92.69000244140625,91.77999877929688,92.24500274658203,334465,0.0,0.0
2024-07-16 09:35:00-04:00,92.29000091552734,93.08999633789062,92.29000091552734,93.01000213623047,140537,0.0,0.0
2024-07-16 09:40:00-04:00,93.02999877929688,93.26000213623047,92.78500366210938,93.24500274658203,105383,0.0,0.0
2024-07-16 09:45:00-04:00,93.26000213623047,93.7300033569336,93.02999877929688,93.55500030517578,162353,0.0,0.0
2024-07-16 09:50:00-04:00,93.53500366210938,93.8499984741211,93.45999908447266,93.83999633789062,87013,0.0,0.0
2024-07-16 09:55:00-04:00,93.84980010986328,93.86000061035156,93.45999908447266,93.55000305175781,92567,0.0,0.0
2024-07-16 10:00:00-04:00,93.55000305175781,93.86969757080078,93.44000244140625,93.80999755859375,98346,0.0,0.0
2024-07-16 10:05:00-04:00,93.84870147705078,93.97000122070312,93.47000122070312,93.47250366210938,83100,0.0,0.0
2024-07-16 10:10:00-04:00,93.50749969482422,93.56999969482422,93.2300033569336,93.535400390625,59033,0.0,0.0
2024-07-16 10:15:00-04:00,93.58000183105469,93.58000183105469,93.29000091552734,93.51000213623047,32162,0.0,0.0
2024-07-16 10:20:00-04:00,93.51000213623047,94.01000213623047,93.44999694824219,93.93000030517578,101622,0.0,0.0
2024-07-16 10:25:00-04:00,93.93499755859375,94.1500015258789,93.7699966430664,93.83999633789062,63996,0.0,0.0
2024-07-16 10:30:00-04:00,93.83999633789062,94.13999938964844,93.70999908447266,94.06999969482422,115657,0.0,0.0
2024-07-16 10:35:00-04:00,94.09290313720703,94.6500015258789,94.05000305175781,94.5199966430664,134388,0.0,0.0
2024-07-16 10:40:00-04:00,94.51000213623047,94.5199966430664,93.95999908447266,94.0999984741211,83139,0.0,0.0
2024-07-16 10:45:00-04:00,94.08999633789062,94.26349639892578,93.94000244140625,94.0199966430664,87864,0.0,0.0
2024-07-16 10:50:00-04:00,93.9718017578125,94.16000366210938,93.80000305175781,93.83999633789062,54466,0.0,0.0
2024-07-16 10:55:00-04:00,93.79000091552734,93.94000244140625,93.7301025390625,93.94000244140625,40109,0.0,0.0
2024-07-16 11:00:00-04:00,93.93499755859375,94.01000213623047,93.75,93.96630096435547,44559,0.0,0.0
2024-07-16 11:05:00-04:00,93.9749984741211,94.01000213623047,93.80000305175781,93.81999969482422,68225,0.0,0.0
2024-07-16 11:10:00-04:00,93.75,93.80000305175781,93.45999908447266,93.51000213623047,87540,0.0,0.0
2024-07-16 11:15:00-04:00,93.51399993896484,93.76000213623047,93.48999786376953,93.69999694824219,51967,0.0,0.0
2024-07-16 11:20:00-04:00,93.69999694824219,93.69999694824219,93.56999969482422,93.63999938964844,47335,0.0,0.0
2024-07-16 11:25:00-04:00,93.6449966430664,93.77999877929688,93.4000015258789,93.47000122070312,34067,0.0,0.0
2024-07-16 11:30:00-04:00,93.51000213623047,93.51000213623047,93.30999755859375,93.48999786376953,43212,0.0,0.0
2024-07-16 11:35:00-04:00,93.52999877929688,93.68000030517578,93.5,93.55000305175781,46791,0.0,0.0
2024-07-16 11:40:00-04:00,93.57499694824219,93.60990142822266,93.44999694824219,93.47000122070312,24209,0.0,0.0
2024-07-16 11:45:00-04:00,93.47000122070312,93.54109954833984,93.37999725341797,93.44000244140625,19818,0.0,0.0
2024-07-16 11:50:00-04:00,93.44000244140625,93.51370239257812,93.37999725341797,93.4800033569336,24252,0.0,0.0
2024-07-16 11:55:00-04:00,93.48999786376953,93.48999786376953,93.33999633789062,93.4000015258789,27322,0.0,0.0
2024-07-16 12:00:00-04:00,93.38999938964844,93.44999694824219,93.3499984741211,93.41999816894531,21437,0.0,0.0
2024-07-16 12:05:00-04:00,93.44999694824219,93.44999694824219,93.37999725341797,93.43000030517578,18643,0.0,0.0
2024-07-16 12:10:00-04:00,93.42500305175781,93.6500015258789,93.42500305175781,93.6500015258789,16522,0.0,0.0
2024-07-16 12:15:00-04:00,93.62010192871094,93.72949981689453,93.58999633789062,93.66999816894531,11069,0.0,0.0
2024-07-16 12:20:00-04:00,93.69000244140625,93.91999816894531,93.67500305175781,93.87000274658203,27957,0.0,0.0
2024-07-16 12:25:00-04:00,93.87000274658203,93.89600372314453,93.56999969482422,93.58830261230469,23361,0.0,0.0
2024-07-16 12:30:00-04:00,93.56999969482422,93.6500015258789,93.54000091552734,93.6500015258789,18051,0.0,0.0
2024-07-16 12:35:00-04:00,93.62999725341797,93.69000244140625,93.58499908447266,93.58499908447266,11126,0.0,0.0
2024-07-16 12:40:00-04:00,93.55999755859375,93.55999755859375,93.4749984741211,93.55999755859375,27942,0.0,0.0
2024-07-16 12:45:00-04:00,93.55899810791016,93.75990295410156,93.54010009765625,93.70999908447266,15609,0.0,0.0
2024-07-16 12:50:00-04:00,93.7300033569336,93.78500366210938,93.7249984741211,93.7699966430664,15434,0.0,0.0
2024-07-16 12:55:00-04:00,93.7500991821289,93.83989715576172,93.7500991821289,93.83789825439453,17186,0.0,0.0
2024-07-16 13:00:00-04:00,93.80000305175781,93.80000305175781,93.63009643554688,93.6500015258789,14312,0.0,0.0
2024-07-16 13:05:00-04:00,93.68000030517578,93.73999786376953,93.58000183105469,93.7249984741211,17179,0.0,0.0
2024-07-16 13:10:00-04:00,93.73699951171875,93.81500244140625,93.7249984741211,93.79000091552734,29835,0.0,0.0
2024-07-16 13:15:00-04:00,93.77999877929688,93.87999725341797,93.76000213623047,93.84110260009766,19966,0.0,0.0
2024-07-16 13:20:00-04:00,93.8550033569336,93.875,93.81999969482422,93.86000061035156,13105,0.0,0.0
2024-07-16 13:25:00-04:00,93.87000274658203,93.95999908447266,93.8499984741211,93.91000366210938,30549,0.0,0.0
2024-07-16 13:30:00-04:00,93.87000274658203,93.93000030517578,93.8291015625,93.93000030517578,16264,0.0,0.0
2024-07-16 13:35:00-04:00,93.91000366210938,94.08000183105469,93.87999725341797,94.08000183105469,37180,0.0,0.0
2024-07-16 13:40:00-04:00,94.08000183105469,94.2300033569336,94.027099609375,94.19010162353516,30858,0.0,0.0
2024-07-16 13:45:00-04:00,94.20929718017578,94.23989868164062,94.13999938964844,94.18000030517578,24870,0.0,0.0
2024-07-16 13:50:00-04:00,94.16000366210938,94.31999969482422,94.13500213623047,94.30999755859375,46468,0.0,0.0
2024-07-16 13:55:00-04:00,94.30999755859375,94.375,94.1500015258789,94.24500274658203,36407,0.0,0.0
2024-07-16 14:00:00-04:00,94.22000122070312,94.26000213623047,94.1449966430664,94.19000244140625,22100,0.0,0.0
2024-07-16 14:05:00-04:00,94.18000030517578,94.18000030517578,94.04000091552734,94.14800262451172,25194,0.0,0.0
2024-07-16 14:10:00-04:00,94.15619659423828,94.2300033569336,94.0999984741211,94.13999938964844,24913,0.0,0.0
2024-07-16 14:15:00-04:00,94.18000030517578,94.37000274658203,94.18000030517578,94.23500061035156,44800,0.0,0.0
2024-07-16 14:20:00-04:00,94.23930358886719,94.29000091552734,94.19999694824219,94.27999877929688,40317,0.0,0.0
2024-07-16 14:25:00-04:00,94.2699966430664,94.27999877929688,94.04000091552734,94.06999969482422,35387,0.0,0.0
2024-07-16 14:30:00-04:00,94.08999633789062,94.19999694824219,94.04000091552734,94.1500015258789,55799,0.0,0.0
2024-07-16 14:35:00-04:00,94.13999938964844,94.38999938964844,94.13999938964844,94.30000305175781,30436,0.0,0.0
2024-07-16 14:40:00-04:00,94.29000091552734,94.41919708251953,94.2300033569336,94.39990234375,24853,0.0,0.0
2024-07-16 14:45:00-04:00,94.36499786376953,94.36499786376953,94.19000244140625,94.2300033569336,28795,0.0,0.0
2024-07-16 14:50:00-04:00,94.22000122070312,94.23999786376953,94.08999633789062,94.12999725341797,41702,0.0,0.0
2024-07-16 14:55:00-04:00,94.09100341796875,94.19999694824219,94.04499816894531,94.125,27066,0.0,0.0
2024-07-16 15:00:00-04:00,94.12000274658203,94.16000366210938,94.04049682617188,94.1050033569336,11164,0.0,0.0
2024-07-16 15:05:00-04:00,94.12000274658203,94.19000244140625,94.0999984741211,94.11820220947266,16158,0.0,0.0
2024-07-16 15:10:00-04:00,94.10040283203125,94.13999938964844,93.94000244140625,94.03500366210938,39645,0.0,0.0
2024-07-16 15:15:00-04:00,93.99500274658203,94.05000305175781,93.91000366210938,93.95999908447266,17359,0.0,0.0
2024-07-16 15:20:00-04:00,93.95999908447266,94.11000061035156,93.88999938964844,94.09500122070312,39247,0.0,0.0
2024-07-16 15:25:00-04:00,94.08000183105469,94.11000061035156,93.98999786376953,94.0,31196,0.0,0.0
2024-07-16 15:30:00-04:00,94.0199966430664,94.08999633789062,94.00289916992188,94.06999969482422,34069,0.0,0.0
2024-07-16 15:35:00-04:00,94.07499694824219,94.07499694824219,93.9000015258789,93.97000122070312,41852,0.0,0.0
2024-07-16 15:40:00-04:00,93.97000122070312,94.04499816894531,93.9000015258789,93.92500305175781,30529,0.0,0.0
2024-07-16 15:45:00-04:00,93.93000030517578,93.93000030517578,93.83000183105469,93.88999938964844,39954,0.0,0.0
2024-07-16 15:50:00-04:00,93.88999938964844,94.05000305175781,93.83999633789062,93.9800033569336,106948,0.0,0.0
2024-07-16 15:55:00-04:00,93.9749984741211,94.00499725341797,93.54000091552734,93.73999786376953,304859,0.0,0.0
2024-07-17 09:30:00-04:00,92.83000183105469,92.9000015258789,92.01000213623047,92.77999877929688,306575,0.0,0.0
2024-07-17 09:35:00-04:00,92.76499938964844,92.98999786376953,92.35009765625,92.44999694824219,100936,0.0,0.0
2024-07-17 09:40:00-04:00,92.45999908447266,92.5999984741211,92.16999816894531,92.2300033569336,135618,0.0,0.0
2024-07-17 09:45:00-04:00,92.25,92.2699966430664,91.5199966430664,91.77999877929688,304747,0.0,0.0
2024-07-17 09:50:00-04:00,91.80999755859375,92.38999938964844,91.7699966430664,92.23999786376953,89146,0.0,0.0
2024-07-17 09:55:00-04:00,92.2300033569336,92.38999938964844,91.93000030517578,92.05000305175781,144320,0.0,0.0
2024-07-17 10:00:00-04:00,92.02999877929688,92.06999969482422,91.81500244140625,91.81999969482422,49580,0.0,0.0
2024-07-17 10:05:00-04:00,91.83000183105469,91.87000274658203,91.43000030517578,91.5199966430664,115065,0.0,0.0
2024-07-17 10:10:00-04:00,91.54810333251953,91.80000305175781,91.38999938964844,91.79000091552734,124567,0.0,0.0
2024-07-17 10:15:00-04:00,91.81999969482422,91.9000015258789,91.62000274658203,91.68000030517578,51934,0.0,0.0
2024-07-17 10:20:00-04:00,91.63999938964844,91.81890106201172,91.57499694824219,91.62999725341797,71203,0.0,0.0
2024-07-17 10:25:00-04:00,91.63999938964844,91.68000030517578,91.42500305175781,91.43000030517578,72295,0.0,0.0
2024-07-17 10:30:00-04:00,91.44000244140625,91.58999633789062,91.43000030517578,91.56999969482422,56961,0.0,0.0
2024-07-17 10:35:00-04:00,91.58000183105469,91.61000061035156,90.94049835205078,91.30780029296875,264423,0.0,0.0
2024-07-17 10:40:00-04:00,91.33499908447266,91.55999755859375,91.12999725341797,91.33999633789062,133943,0.0,0.0
2024-07-17 10:45:00-04:00,91.3499984741211,91.51000213623047,91.25,91.28500366210938,71237,0.0,0.0
2024-07-17 10:50:00-04:00,91.28500366210938,91.47000122070312,91.20500183105469,91.37010192871094,58631,0.0,0.0
2024-07-17 10:55:00-04:00,91.37000274658203,91.76000213623047,91.30000305175781,91.69499969482422,88013,0.0,0.0
2024-07-17 11:00:00-04:00,91.69499969482422,91.81999969482422,91.62000274658203,91.69000244140625,40985,0.0,0.0
2024-07-17 11:05:00-04:00,91.58999633789062,91.66000366210938,91.5199966430664,91.63999938964844,36218,0.0,0.0
2024-07-17 11:10:00-04:00,91.6500015258789,91.66000366210938,91.55999755859375,91.66000366210938,64453,0.0,0.0
2024-07-17 11:15:00-04:00,91.66000366210938,91.68000030517578,91.54000091552734,91.66999816894531,26852,0.0,0.0
2024-07-17 11:20:00-04:00,91.6500015258789,91.68000030517578,91.57009887695312,91.58300018310547,22351,0.0,0.0
2024-07-17 11:25:00-04:00,91.5824966430664,91.80000305175781,91.55999755859375,91.60990142822266,57885,0.0,0.0
2024-07-17 11:30:00-04:00,91.55999755859375,91.88999938964844,91.55000305175781,91.7300033569336,35069,0.0,0.0
2024-07-17 11:35:00-04:00,91.73989868164062,91.73989868164062,91.56999969482422,91.66999816894531,20719,0.0,0.0
2024-07-17 11:40:00-04:00,91.66999816894531,91.68000030517578,91.33999633789062,91.4000015258789,46835,0.0,0.0
2024-07-17 11:45:00-04:00,91.4000015258789,91.44999694824219,91.22000122070312,91.22760009765625,37898,0.0,0.0
2024-07-17 11:50:00-04:00,91.22000122070312,91.3499984741211,91.12999725341797,91.33999633789062,41324,0.0,0.0
2024-07-17 11:55:00-04:00,91.33000183105469,91.38999938964844,91.2699966430664,91.32270050048828,29360,0.0,0.0
2024-07-17 12:00:00-04:00,91.31009674072266,91.37000274658203,91.18049621582031,91.18499755859375,46835,0.0,0.0
2024-07-17 12:05:00-04:00,91.18820190429688,91.22000122070312,91.08000183105469,91.22000122070312,32537,0.0,0.0
2024-07-17 12:10:00-04:00,91.22000122070312,91.22000122070312,91.08329772949219,91.08329772949219,17379,0.0,0.0
2024-07-17 12:15:00-04:00,91.0999984741211,91.13999938964844,90.9000015258789,90.93000030517578,81768,0.0,0.0
2024-07-17 12:20:00-04:00,90.92340087890625,90.92500305175781,90.70999908447266,90.7300033569336,91762,0.0,0.0
2024-07-17 12:25:00-04:00,90.7300033569336,90.80000305175781,90.6500015258789,90.78500366210938,89459,0.0,0.0
2024-07-17 12:30:00-04:00,90.76000213623047,90.83000183105469,90.73999786376953,90.79000091552734,51701,0.0,0.0
2024-07-17 12:35:00-04:00,90.78939819335938,91.04000091552734,90.78939819335938,91.01000213623047,43063,0.0,0.0
2024-07-17 12:40:00-04:00,91.05000305175781,91.05359649658203,90.87000274658203,90.91999816894531,20514,0.0,0.0
2024-07-17 12:45:00-04:00,90.92500305175781,90.92500305175781,90.72000122070312,90.7699966430664,37976,0.0,0.0
2024-07-17 12:50:00-04:00,90.7300033569336,90.91999816894531,90.69999694824219,90.9198989868164,29812,0.0,0.0
2024-07-17 12:55:00-04:00,90.93499755859375,91.1500015258789,90.93499755859375,91.12999725341797,22529,0.0,0.0
2024-07-17 13:00:00-04:00,91.12999725341797,91.2699966430664,91.03160095214844,91.08000183105469,31345,0.0,0.0
2024-07-17 13:05:00-04:00,91.09839630126953,91.11000061035156,90.95999908447266,90.98999786376953,22459,0.0,0.0
2024-07-17 13:10:00-04:00,91.01000213623047,91.04000091552734,90.96920013427734,90.9800033569336,41899,0.0,0.0
2024-07-17 13:15:00-04:00,91.01000213623047,91.04499816894531,90.97000122070312,90.9800033569336,16142,0.0,0.0
2024-07-17 13:20:00-04:00,90.95999908447266,91.01000213623047,90.91999816894531,90.93499755859375,16461,0.0,0.0
2024-07-17 13:25:00-04:00,90.93000030517578,90.97000122070312,90.85990142822266,90.93000030517578,15574,0.0,0.0
2024-07-17 13:30:00-04:00,90.93000030517578,91.13999938964844,90.9000015258789,91.12999725341797,25548,0.0,0.0
2024-07-17 13:35:00-04:00,91.13999938964844,91.18000030517578,91.11000061035156,91.15010070800781,14397,0.0,0.0
2024-07-17 13:40:00-04:00,91.1624984741211,91.1624984741211,91.02999877929688,91.06999969482422,8726,0.0,0.0
2024-07-17 13:45:00-04:00,91.05999755859375,91.12999725341797,91.05999755859375,91.12989807128906,17142,0.0,0.0
2024-07-17 13:50:00-04:00,91.11000061035156,91.12999725341797,91.02999877929688,91.05000305175781,10967,0.0,0.0
2024-07-17 13:55:00-04:00,91.04499816894531,91.12989807128906,91.04499816894531,91.12000274658203,24271,0.0,0.0
2024-07-17 14:00:00-04:00,91.11499786376953,91.11499786376953,90.95999908447266,91.04000091552734,13266,0.0,0.0
2024-07-17 14:05:00-04:00,91.05670166015625,91.11000061035156,91.0000991821289,91.0999984741211,10530,0.0,0.0
2024-07-17 14:10:00-04:00,91.12000274658203,91.12000274658203,91.0,91.02999877929688,16904,0.0,0.0
2024-07-17 14:15:00-04:00,90.98999786376953,91.08999633789062,90.94750213623047,91.02999877929688,20778,0.0,0.0
2024-07-17 14:20:00-04:00,91.04000091552734,91.08000183105469,91.01000213623047,91.01000213623047,24158,0.0,0.0
2024-07-17 14:25:00-04:00,91.01000213623047,91.16000366210938,90.94999694824219,91.16000366210938,30929,0.0,0.0
2024-07-17 14:30:00-04:00,91.1500015258789,91.1500015258789,91.06120300292969,91.06120300292969,15734,0.0,0.0
2024-07-17 14:35:00-04:00,91.09989929199219,91.16999816894531,91.08999633789062,91.1395034790039,10578,0.0,0.0
2024-07-17 14:40:00-04:00,91.125,91.19999694824219,91.125,91.19989776611328,16332,0.0,0.0
2024-07-17 14:45:00-04:00,91.16999816894531,91.19999694824219,90.98999786376953,91.01000213623047,19517,0.0,0.0
2024-07-17 14:50:00-04:00,91.0,91.04000091552734,90.98999786376953,91.0,19149,0.0,0.0
2024-07-17 14:55:00-04:00,90.98999786376953,91.0999984741211,90.98999786376953,91.07499694824219,16151,0.0,0.0
2024-07-17 15:00:00-04:00,91.05999755859375,91.06999969482422,91.0199966430664,91.0199966430664,19507,0.0,0.0
2024-07-17 15:05:00-04:00,90.98999786376953,91.02999877929688,90.96009826660156,91.01210021972656,20210,0.0,0.0
2024-07-17 15:10:00-04:00,91.01000213623047,91.08000183105469,91.0,91.08000183105469,9438,0.0,0.0
2024-07-17 15:15:00-04:00,91.07499694824219,91.08999633789062,90.94740295410156,90.95999908447266,22097,0.0,0.0
2024-07-17 15:20:00-04:00,90.97000122070312,91.17990112304688,90.97000122070312,91.1500015258789,15052,0.0,0.0
2024-07-17 15:25:00-04:00,91.15499877929688,91.19000244140625,91.08300018310547,91.08999633789062,19879,0.0,0.0
2024-07-17 15:30:00-04:00,91.09500122070312,91.19999694824219,91.08100128173828,91.18000030517578,22891,0.0,0.0
2024-07-17 15:35:00-04:00,91.18499755859375,91.25,91.12100219726562,91.17500305175781,37622,0.0,0.0
2024-07-17 15:40:00-04:00,91.16999816894531,91.20999908447266,91.0999984741211,91.15499877929688,30669,0.0,0.0
2024-07-17 15:45:00-04:00,91.1500015258789,91.26000213623047,91.13999938964844,91.17500305175781,47256,0.0,0.0
2024-07-17 15:50:00-04:00,91.19000244140625,91.30500030517578,91.1500015258789,91.16100311279297,83957,0.0,0.0
2024-07-17 15:55:00-04:00,91.16000366210938,91.19999694824219,91.06999969482422,91.08000183105469,148474,0.0,0.0
2024-07-18 09:30:00-04:00,90.8499984741211,91.29989624023438,90.4000015258789,91.04499816894531,151683,0.0,0.0
2024-07-18 09:35:00-04:00,91.04000091552734,91.79820251464844,90.88999938964844,91.71499633789062,91733,0.0,0.0
2024-07-18 09:40:00-04:00,91.70469665527344,91.77050018310547,91.22010040283203,91.2750015258789,82662,0.0,0.0
2024-07-18 09:45:00-04:00,91.27999877929688,92.2699966430664,91.26000213623047,92.25559997558594,110218,0.0,0.0
2024-07-18 09:50:00-04:00,92.2300033569336,92.37999725341797,91.9800033569336,92.23999786376953,115751,0.0,0.0
2024-07-18 09:55:00-04:00,92.25,92.61239624023438,92.2300033569336,92.31500244140625,114574,0.0,0.0
2024-07-18 10:00:00-04:00,92.30000305175781,92.5999984741211,92.22000122070312,92.26000213623047,72777,0.0,0.0
2024-07-18 10:05:00-04:00,92.26000213623047,92.45999908447266,92.20999908447266,92.45999908447266,56929,0.0,0.0
2024-07-18 10:10:00-04:00,92.3499984741211,92.48999786376953,92.33000183105469,92.36000061035156,40086,0.0,0.0
2024-07-18 10:15:00-04:00,92.3499984741211,92.47989654541016,92.25,92.29000091552734,22602,0.0,0.0
2024-07-18 10:20:00-04:00,92.27999877929688,92.27999877929688,91.7750015258789,91.88999938964844,58807,0.0,0.0
2024-07-18 10:25:00-04:00,91.88490295410156,91.88490295410156,91.59500122070312,91.76000213623047,36414,0.0,0.0
2024-07-18 10:30:00-04:00,91.80000305175781,91.83999633789062,91.52999877929688,91.58999633789062,16667,0.0,0.0
2024-07-18 10:35:00-04:00,91.56009674072266,91.67990112304688,91.4749984741211,91.4749984741211,37644,0.0,0.0
2024-07-18 10:40:00-04:00,91.41000366210938,91.41000366210938,90.81999969482422,90.94000244140625,118892,0.0,0.0
2024-07-18 10:45:00-04:00,90.94000244140625,90.98999786376953,90.63999938964844,90.88999938964844,78155,0.0,0.0
2024-07-18 10:50:00-04:00,90.87999725341797,91.11830139160156,90.8499984741211,91.09940338134766,76147,0.0,0.0
2024-07-18 10:55:00-04:00,91.09500122070312,91.12999725341797,90.8499984741211,90.9800033569336,46462,0.0,0.0
2024-07-18 11:00:00-04:00,90.91000366210938,91.12999725341797,90.91000366210938,91.05000305175781,42985,0.0,0.0
2024-07-18 11:05:00-04:00,91.05000305175781,91.06990051269531,90.8301010131836,91.06990051269531,30108,0.0,0.0
2024-07-18 11:10:00-04:00,91.0199966430664,91.05999755859375,90.8499984741211,90.8550033569336,36059,0.0,0.0
2024-07-18 11:15:00-04:00,90.87999725341797,91.0999984741211,90.86000061035156,91.0824966430664,54635,0.0,0.0
2024-07-18 11:20:00-04:00,91.06999969482422,91.1500015258789,91.05069732666016,91.05999755859375,32953,0.0,0.0
2024-07-18 11:25:00-04:00,90.95999908447266,90.97000122070312,90.81999969482422,90.88500213623047,22417,0.0,0.0
2024-07-18 11:30:00-04:00,90.8218002319336,90.88999938964844,90.56999969482422,90.71499633789062,38976,0.0,0.0
2024-07-18 11:35:00-04:00,90.69999694824219,90.7699966430664,90.54000091552734,90.56999969482422,18104,0.0,0.0
2024-07-18 11:40:00-04:00,90.55000305175781,90.70500183105469,90.54000091552734,90.68000030517578,42335,0.0,0.0
2024-07-18 11:45:00-04:00,90.63009643554688,90.79000091552734,90.45999908447266,90.48999786376953,31384,0.0,0.0
2024-07-18 11:50:00-04:00,90.48999786376953,90.82990264892578,90.48999786376953,90.79000091552734,43113,0.0,0.0
2024-07-18 11:55:00-04:00,90.80500030517578,90.88480377197266,90.76570129394531,90.79000091552734,15528,0.0,0.0
2024-07-18 12:00:00-04:00,90.77010345458984,90.78500366210938,90.5999984741211,90.75,16665,0.0,0.0
2024-07-18 12:05:00-04:00,90.73999786376953,90.93000030517578,90.66999816894531,90.89679718017578,22885,0.0,0.0
2024-07-18 12:10:00-04:00,90.9000015258789,91.05999755859375,90.8949966430664,91.0199966430664,43078,0.0,0.0
2024-07-18 12:15:00-04:00,91.01000213623047,91.05000305175781,90.91999816894531,90.95500183105469,8686,0.0,0.0
2024-07-18 12:20:00-04:00,90.97000122070312,91.05999755859375,90.97000122070312,91.0,8437,0.0,0.0
2024-07-18 12:25:00-04:00,91.0199966430664,91.05000305175781,91.0,91.0,15288,0.0,0.0
2024-07-18 12:30:00-04:00,90.98999786376953,91.16999816894531,90.91999816894531,91.16999816894531,20926,0.0,0.0
2024-07-18 12:35:00-04:00,91.15989685058594,91.15989685058594,91.01010131835938,91.1500015258789,10292,0.0,0.0
2024-07-18 12:40:00-04:00,91.12999725341797,91.14199829101562,91.05999755859375,91.08999633789062,10893,0.0,0.0
2024-07-18 12:45:00-04:00,91.10749816894531,91.1500015258789,91.06999969482422,91.08999633789062,11492,0.0,0.0
2024-07-18 12:50:00-04:00,91.08999633789062,91.2300033569336,91.06900024414062,91.2300033569336,15796,0.0,0.0
2024-07-18 12:55:00-04:00,91.2300033569336,91.44000244140625,91.21980285644531,91.41000366210938,19722,0.0,0.0
2024-07-18 13:00:00-04:00,91.41999816894531,91.55999755859375,91.0999984741211,91.43499755859375,142244,0.0,0.0
2024-07-18 13:05:00-04:00,91.43499755859375,91.43499755859375,91.19000244140625,91.29000091552734,17998,0.0,0.0
2024-07-18 13:10:00-04:00,91.29000091552734,91.47989654541016,91.25,91.4749984741211,11808,0.0,0.0
2024-07-18 13:15:00-04:00,91.4749984741211,91.4800033569336,91.26000213623047,91.38999938964844,34772,0.0,0.0
2024-07-18 13:20:00-04:00,91.38999938964844,91.5199966430664,91.37000274658203,91.45999908447266,16037,0.0,0.0
2024-07-18 13:25:00-04:00,91.45999908447266,91.45999908447266,91.30000305175781,91.41000366210938,10929,0.0,0.0
2024-07-18 13:30:00-04:00,91.37000274658203,91.37000274658203,91.26080322265625,91.30000305175781,13265,0.0,0.0
2024-07-18 13:35:00-04:00,91.28500366210938,91.38999938964844,91.2750015258789,91.33499908447266,8959,0.0,0.0
2024-07-18 13:40:00-04:00,91.33000183105469,91.3499984741211,91.2750015258789,91.33999633789062,13140,0.0,0.0
2024-07-18 13:45:00-04:00,91.36000061035156,91.45999908447266,91.33999633789062,91.37000274658203,8979,0.0,0.0
2024-07-18 13:50:00-04:00,91.3499984741211,91.3499984741211,91.18000030517578,91.20999908447266,14015,0.0,0.0
2024-07-18 13:55:00-04:00,91.16999816894531,91.18000030517578,91.06999969482422,91.06999969482422,10064,0.0,0.0
2024-07-18 14:00:00-04:00,91.12000274658203,91.12000274658203,90.88999938964844,90.94999694824219,21488,0.0,0.0
2024-07-18 14:05:00-04:00,90.95999908447266,90.95999908447266,90.86000061035156,90.88999938964844,9316,0.0,0.0
2024-07-18 14:10:00-04:00,90.91500091552734,90.91500091552734,90.76069641113281,90.80000305175781,10708,0.0,0.0
2024-07-18 14:15:00-04:00,90.80999755859375,90.87000274658203,90.78500366210938,90.87000274658203,8705,0.0,0.0
2024-07-18 14:20:00-04:00,90.86499786376953,91.04000091552734,90.85790252685547,91.02999877929688,515447,0.0,0.0
2024-07-18 14:25:00-04:00,91.0342025756836,91.04000091552734,90.902099609375,90.97000122070312,22409,0.0,0.0
2024-07-18 14:30:00-04:00,90.97000122070312,91.01000213623047,90.86000061035156,90.91000366210938,27156,0.0,0.0
2024-07-18 14:35:00-04:00,90.95999908447266,90.9800033569336,90.91000366210938,90.94000244140625,13449,0.0,0.0
2024-07-18 14:40:00-04:00,90.91999816894531,90.98300170898438,90.91000366210938,90.91000366210938,13047,0.0,0.0
2024-07-18 14:45:00-04:00,90.91500091552734,90.94000244140625,90.89009857177734,90.90499877929688,11097,0.0,0.0
2024-07-18 14:50:00-04:00,90.875,90.92250061035156,90.84500122070312,90.92250061035156,16759,0.0,0.0
2024-07-18 14:55:00-04:00,90.86000061035156,90.9000015258789,90.81009674072266,90.8499984741211,8151,0.0,0.0
2024-07-18 15:00:00-04:00,90.80999755859375,90.94999694824219,90.76499938964844,90.79000091552734,24008,0.0,0.0
2024-07-18 15:05:00-04:00,90.77999877929688,90.8550033569336,90.76000213623047,90.83000183105469,28577,0.0,0.0
2024-07-18 15:10:00-04:00,90.75499725341797,90.77999877929688,90.61000061035156,90.66500091552734,24769,0.0,0.0
2024-07-18 15:15:00-04:00,90.66000366210938,90.70999908447266,90.63999938964844,90.66000366210938,20919,0.0,0.0
2024-07-18 15:20:00-04:00,90.6500015258789,90.7300033569336,90.625,90.7249984741211,24678,0.0,0.0
2024-07-18 15:25:00-04:00,90.73989868164062,90.79000091552734,90.69000244140625,90.7300033569336,13368,0.0,0.0
2024-07-18 15:30:00-04:00,90.7300033569336,90.875,90.70999908447266,90.83499908447266,27012,0.0,0.0
2024-07-18 15:35:00-04:00,90.83000183105469,90.875,90.77960205078125,90.8499984741211,27620,0.0,0.0
2024-07-18 15:40:00-04:00,90.86000061035156,90.97699737548828,90.845703125,90.93000030517578,33459,0.0,0.0
2024-07-18 15:45:00-04:00,90.94999694824219,91.0469970703125,90.87000274658203,91.0,49191,0.0,0.0
2024-07-18 15:50:00-04:00,90.97000122070312,91.00499725341797,90.81999969482422,90.86000061035156,72776,0.0,0.0
2024-07-18 15:55:00-04:00,90.88999938964844,91.0199966430664,90.83999633789062,90.87999725341797,139961,0.0,0.0
2024-07-19 09:30:00-04:00,90.68000030517578,90.68000030517578,90.2301025390625,90.51000213623047,121650,0.0,0.0
2024-07-19 09:35:00-04:00,90.5,90.56999969482422,89.81999969482422,89.95269775390625,138105,0.0,0.0
2024-07-19 09:40:00-04:00,89.98999786376953,90.37000274658203,89.6050033569336,89.66000366210938,57800,0.0,0.0
2024-07-19 09:45:00-04:00,89.6613998413086,89.75499725341797,89.37999725341797,89.5553970336914,136419,0.0,0.0
2024-07-19 09:50:00-04:00,89.57990264892578,89.8499984741211,89.47000122070312,89.69000244140625,68000,0.0,0.0
2024-07-19 09:55:00-04:00,89.6500015258789,89.87999725341797,89.44999694824219,89.44999694824219,37177,0.0,0.0
2024-07-19 10:00:00-04:00,89.4800033569336,89.64990234375,89.45999908447266,89.57499694824219,41129,0.0,0.0
2024-07-19 10:05:00-04:00,89.5199966430664,89.52149963378906,89.3499984741211,89.4457015991211,47698,0.0,0.0
2024-07-19 10:10:00-04:00,89.41999816894531,89.45999908447266,89.25,89.2750015258789,87560,0.0,0.0
2024-07-19 10:15:00-04:00,89.30999755859375,89.4000015258789,89.20870208740234,89.37999725341797,59135,0.0,0.0
2024-07-19 10:20:00-04:00,89.38500213623047,89.47000122070312,89.2699966430664,89.37000274658203,66542,0.0,0.0
2024-07-19 10:25:00-04:00,89.35669708251953,89.47000122070312,89.26000213623047,89.4000015258789,38820,0.0,0.0
2024-07-19 10:30:00-04:00,89.4000015258789,89.6583023071289,89.37999725341797,89.52999877929688,46741,0.0,0.0
2024-07-19 10:35:00-04:00,89.5250015258789,89.75,89.51000213623047,89.74500274658203,38613,0.0,0.0
2024-07-19 10:40:00-04:00,89.7249984741211,89.87000274658203,89.53500366210938,89.58999633789062,40901,0.0,0.0
2024-07-19 10:45:00-04:00,89.56849670410156,89.75,89.54720306396484,89.66999816894531,42840,0.0,0.0
2024-07-19 10:50:00-04:00,89.63999938964844,89.83000183105469,89.62000274658203,89.79000091552734,30560,0.0,0.0
2024-07-19 10:55:00-04:00,89.77999877929688,90.11000061035156,89.75,90.05999755859375,69457,0.0,0.0
2024-07-19 11:00:00-04:00,90.05919647216797,90.19999694824219,90.01799774169922,90.08000183105469,35201,0.0,0.0
2024-07-19 11:05:00-04:00,90.06999969482422,90.11000061035156,89.94999694824219,90.04000091552734,21941,0.0,0.0
2024-07-19 11:10:00-04:00,90.03910064697266,90.16999816894531,90.0,90.13999938964844,35922,0.0,0.0
2024-07-19 11:15:00-04:00,90.14949798583984,90.41829681396484,90.14949798583984,90.4000015258789,27669,0.0,0.0
2024-07-19 11:20:00-04:00,90.4000015258789,90.4000015258789,90.22000122070312,90.30000305175781,18614,0.0,0.0
2024-07-19 11:25:00-04:00,90.27999877929688,90.30000305175781,90.12999725341797,90.12999725341797,34575,0.0,0.0
2024-07-19 11:30:00-04:00,90.1500015258789,90.1500015258789,90.08999633789062,90.10530090332031,40594,0.0,0.0
2024-07-19 11:35:00-04:00,90.08090209960938,90.23410034179688,90.05000305175781,90.23410034179688,11863,0.0,0.0
2024-07-19 11:40:00-04:00,90.26000213623047,90.30000305175781,90.19000244140625,90.23999786376953,18272,0.0,0.0
2024-07-19 11:45:00-04:00,90.27999877929688,90.30999755859375,90.2301025390625,90.30999755859375,27518,0.0,0.0
2024-07-19 11:50:00-04:00,90.30000305175781,90.33000183105469,90.2300033569336,90.27999877929688,27437,0.0,0.0
2024-07-19 11:55:00-04:00,90.29000091552734,90.44999694824219,90.29000091552734,90.44999694824219,32472,0.0,0.0
2024-07-19 12:00:00-04:00,90.44000244140625,90.48999786376953,90.29000091552734,90.29000091552734,23396,0.0,0.0
2024-07-19 12:05:00-04:00,90.29000091552734,90.4000015258789,90.1500015258789,90.37999725341797,45372,0.0,0.0
2024-07-19 12:10:00-04:00,90.38999938964844,90.43000030517578,90.29000091552734,90.30000305175781,11855,0.0,0.0
2024-07-19 12:15:00-04:00,90.26000213623047,90.37000274658203,90.23999786376953,90.37000274658203,15572,0.0,0.0
2024-07-19 12:20:00-04:00,90.37000274658203,90.38999938964844,90.33000183105469,90.33499908447266,16572,0.0,0.0
2024-07-19 12:25:00-04:00,90.33499908447266,90.41000366210938,90.20999908447266,90.3499984741211,20240,0.0,0.0
2024-07-19 12:30:00-04:00,90.3550033569336,90.41999816894531,90.3499984741211,90.38999938964844,19858,0.0,0.0
2024-07-19 12:35:00-04:00,90.43000030517578,90.58000183105469,90.43000030517578,90.45999908447266,18185,0.0,0.0
2024-07-19 12:40:00-04:00,90.48500061035156,90.55999755859375,90.4800033569336,90.55999755859375,18012,0.0,0.0
2024-07-19 12:45:00-04:00,90.55000305175781,90.63999938964844,90.54000091552734,90.58000183105469,16548,0.0,0.0
2024-07-19 12:50:00-04:00,90.55000305175781,90.58000183105469,90.44000244140625,90.44999694824219,9125,0.0,0.0
2024-07-19 12:55:00-04:00,90.47000122070312,90.62999725341797,90.47000122070312,90.62999725341797,21495,0.0,0.0
2024-07-19 13:00:00-04:00,90.59500122070312,90.61000061035156,90.45999908447266,90.4749984741211,10575,0.0,0.0
2024-07-19 13:05:00-04:00,90.47000122070312,90.4749984741211,90.38999938964844,90.41000366210938,65782,0.0,0.0
2024-07-19 13:10:00-04:00,90.41000366210938,90.5,90.41000366210938,90.48999786376953,11533,0.0,0.0
2024-07-19 13:15:00-04:00,90.51000213623047,90.58989715576172,90.4800033569336,90.51000213623047,15445,0.0,0.0
2024-07-19 13:20:00-04:00,90.51499938964844,90.56999969482422,90.43060302734375,90.43060302734375,14239,0.0,0.0
2024-07-19 13:25:00-04:00,90.44000244140625,90.6500015258789,90.44000244140625,90.64990234375,16275,0.0,0.0
2024-07-19 13:30:00-04:00,90.64990234375,90.64990234375,90.41000366210938,90.5199966430664,9888,0.0,0.0
2024-07-19 13:35:00-04:00,90.51000213623047,90.63999938964844,90.48999786376953,90.61000061035156,9756,0.0,0.0
2024-07-19 13:40:00-04:00,90.62999725341797,90.63999938964844,90.56500244140625,90.56999969482422,10088,0.0,0.0
2024-07-19 13:45:00-04:00,90.58999633789062,90.66000366210938,90.58999633789062,90.62000274658203,12114,0.0,0.0
2024-07-19 13:50:00-04:00,90.61000061035156,90.62979888916016,90.51499938964844,90.51499938964844,9728,0.0,0.0
2024-07-19 13:55:00-04:00,90.51000213623047,90.62000274658203,90.51000213623047,90.62000274658203,12713,0.0,0.0
2024-07-19 14:00:00-04:00,90.59500122070312,90.59500122070312,90.5199966430664,90.52999877929688,10880,0.0,0.0
2024-07-19 14:05:00-04:00,90.5199966430664,90.55000305175781,90.48999786376953,90.5,11807,0.0,0.0
2024-07-19 14:10:00-04:00,90.4800033569336,90.58999633789062,90.4800033569336,90.54000091552734,13550,0.0,0.0
2024-07-19 14:15:00-04:00,90.54499816894531,90.6698989868164,90.54499816894531,90.63600158691406,7390,0.0,0.0
2024-07-19 14:20:00-04:00,90.6449966430664,90.6449966430664,90.58499908447266,90.5999984741211,8097,0.0,0.0
2024-07-19 14:25:00-04:00,90.58499908447266,90.5999984741211,90.56999969482422,90.57499694824219,11556,0.0,0.0
2024-07-19 14:30:00-04:00,90.57499694824219,90.57499694824219,90.51000213623047,90.55500030517578,10681,0.0,0.0
2024-07-19 14:35:00-04:00,90.55500030517578,90.66000366210938,90.55500030517578,90.5999984741211,16921,0.0,0.0
2024-07-19 14:40:00-04:00,90.5999984741211,90.66000366210938,90.58999633789062,90.58999633789062,21894,0.0,0.0
2024-07-19 14:45:00-04:00,90.5999984741211,90.66000366210938,90.5999984741211,90.63999938964844,8702,0.0,0.0
2024-07-19 14:50:00-04:00,90.65499877929688,90.70999908447266,90.65499877929688,90.69999694824219,14263,0.0,0.0
2024-07-19 14:55:00-04:00,90.70999908447266,90.73999786376953,90.67009735107422,90.69499969482422,38629,0.0,0.0
2024-07-19 15:00:00-04:00,90.69999694824219,90.7249984741211,90.6084976196289,90.66999816894531,27044,0.0,0.0
2024-07-19 15:05:00-04:00,90.63999938964844,90.72000122070312,90.55000305175781,90.70999908447266,47160,0.0,0.0
2024-07-19 15:10:00-04:00,90.69999694824219,90.79000091552734,90.63999938964844,90.7300033569336,30086,0.0,0.0
2024-07-19 15:15:00-04:00,90.7300033569336,90.75990295410156,90.66999816894531,90.72000122070312,46128,0.0,0.0
2024-07-19 15:20:00-04:00,90.72000122070312,90.80000305175781,90.69000244140625,90.79000091552734,33985,0.0,0.0
2024-07-19 15:25:00-04:00,90.76000213623047,90.7750015258789,90.5,90.5,30819,0.0,0.0
2024-07-19 15:30:00-04:00,90.5,90.5199966430664,90.36000061035156,90.5,49004,0.0,0.0
2024-07-19 15:35:00-04:00,90.5,90.5199966430664,90.36000061035156,90.38500213623047,30126,0.0,0.0
2024-07-19 15:40:00-04:00,90.37999725341797,90.5199966430664,90.33000183105469,90.34500122070312,34242,0.0,0.0
2024-07-19 15:45:00-04:00,90.36000061035156,90.48999786376953,90.30999755859375,90.4800033569336,72340,0.0,0.0
2024-07-19 15:50:00-04:00,90.45999908447266,90.51000213623047,90.37000274658203,90.48500061035156,89014,0.0,0.0
2024-07-19 15:55:00-04:00,90.47000122070312,90.48500061035156,90.23999786376953,90.37000274658203,166490,0.0,0.0
2024-07-22 09:30:00-04:00,92.0,92.4000015258789,91.84100341796875,92.20999908447266,243400,0.0,0.0
2024-07-22 09:35:00-04:00,92.2300033569336,92.4000015258789,91.5,91.69429779052734,101478,0.0,0.0
2024-07-22 09:40:00-04:00,91.54000091552734,91.58999633789062,91.12000274658203,91.43000030517578,147094,0.0,0.0
2024-07-22 09:45:00-04:00,91.4000015258789,91.41470336914062,91.08000183105469,91.30999755859375,67949,0.0,0.0
2024-07-22 09:50:00-04:00,91.25,91.30999755859375,90.88999938964844,91.18000030517578,52848,0.0,0.0
2024-07-22 09:55:00-04:00,91.16000366210938,91.16000366210938,90.87000274658203,90.91999816894531,46477,0.0,0.0
2024-07-22 10:00:00-04:00,90.9800033569336,91.29989624023438,90.87999725341797,90.95999908447266,34419,0.0,0.0
2024-07-22 10:05:00-04:00,90.96499633789062,91.01000213623047,90.75,90.77989959716797,38204,0.0,0.0
2024-07-22 10:10:00-04:00,90.76000213623047,90.98999786376953,90.76000213623047,90.875,49199,0.0,0.0
2024-07-22 10:15:00-04:00,90.83999633789062,91.0199966430664,90.79000091552734,90.95999908447266,30739,0.0,0.0
2024-07-22 10:20:00-04:00,90.97000122070312,91.20989990234375,90.90010070800781,91.18000030517578,26628,0.0,0.0
2024-07-22 10:25:00-04:00,91.19000244140625,91.44000244140625,91.13999938964844,91.41000366210938,42798,0.0,0.0
2024-07-22 10:30:00-04:00,91.38999938964844,91.40499877929688,91.25499725341797,91.33000183105469,24199,0.0,0.0
2024-07-22 10:35:00-04:00,91.33000183105469,91.55919647216797,91.31999969482422,91.55919647216797,27243,0.0,0.0
2024-07-22 10:40:00-04:00,91.54000091552734,91.56999969482422,91.39009857177734,91.4800033569336,22098,0.0,0.0
2024-07-22 10:45:00-04:00,91.48999786376953,91.5999984741211,91.4000015258789,91.58000183105469,28254,0.0,0.0
2024-07-22 10:50:00-04:00,91.5875015258789,91.68499755859375,91.55500030517578,91.61000061035156,49989,0.0,0.0
2024-07-22 10:55:00-04:00,91.55999755859375,91.66999816894531,91.48999786376953,91.58000183105469,24309,0.0,0.0
2024-07-22 11:00:00-04:00,91.56999969482422,91.58000183105469,91.23999786376953,91.30999755859375,35437,0.0,0.0
2024-07-22 11:05:00-04:00,91.30999755859375,91.31999969482422,91.01000213623047,91.01000213623047,29384,0.0,0.0
2024-07-22 11:10:00-04:00,90.9800033569336,91.05000305175781,90.91999816894531,91.05000305175781,30404,0.0,0.0
2024-07-22 11:15:00-04:00,91.04329681396484,91.18000030517578,91.01000213623047,91.12000274658203,27300,0.0,0.0
2024-07-22 11:20:00-04:00,91.12000274658203,91.14990234375,91.0,91.08999633789062,31803,0.0,0.0
2024-07-22 11:25:00-04:00,91.08999633789062,91.19999694824219,91.0199966430664,91.05000305175781,27067,0.0,0.0
2024-07-22 11:30:00-04:00,91.01000213623047,91.05000305175781,90.8499984741211,90.93000030517578,45075,0.0,0.0
2024-07-22 11:35:00-04:00,90.91999816894531,91.1073989868164,90.91000366210938,91.08989715576172,25273,0.0,0.0
2024-07-22 11:40:00-04:00,91.04000091552734,91.04000091552734,90.88500213623047,91.0,21170,0.0,0.0
2024-07-22 11:45:00-04:00,90.9749984741211,91.12999725341797,90.94000244140625,91.11000061035156,25696,0.0,0.0
2024-07-22 11:50:00-04:00,91.12000274658203,91.2699966430664,91.0999984741211,91.26000213623047,17423,0.0,0.0
2024-07-22 11:55:00-04:00,91.26000213623047,91.26000213623047,91.0999984741211,91.12000274658203,20419,0.0,0.0
2024-07-22 12:00:00-04:00,91.12000274658203,91.43000030517578,91.12000274658203,91.33999633789062,20209,0.0,0.0
2024-07-22 12:05:00-04:00,91.34989929199219,91.5,91.31999969482422,91.4800033569336,14332,0.0,0.0
2024-07-22 12:10:00-04:00,91.45500183105469,91.47000122070312,91.44999694824219,91.44999694824219,5245,0.0,0.0
2024-07-22 12:15:00-04:00,91.47000122070312,91.66000366210938,91.47000122070312,91.66000366210938,14695,0.0,0.0
2024-07-22 12:20:00-04:00,91.66500091552734,92.18000030517578,91.63999938964844,92.18000030517578,93037,0.0,0.0
2024-07-22 12:25:00-04:00,92.19999694824219,92.29949951171875,92.04000091552734,92.12249755859375,45911,0.0,0.0
2024-07-22 12:30:00-04:00,92.0999984741211,92.13999938964844,91.88500213623047,91.97000122070312,37186,0.0,0.0
2024-07-22 12:35:00-04:00,91.9800033569336,92.11000061035156,91.9800033569336,92.09809875488281,23728,0.0,0.0
2024-07-22 12:40:00-04:00,92.11000061035156,92.16000366210938,92.08000183105469,92.0999984741211,27423,0.0,0.0
2024-07-22 12:45:00-04:00,92.11499786376953,92.11990356445312,92.03500366210938,92.11990356445312,23332,0.0,0.0
2024-07-22 12:50:00-04:00,92.0999984741211,92.19499969482422,92.0999984741211,92.19000244140625,16093,0.0,0.0
2024-07-22 12:55:00-04:00,92.22000122070312,92.31999969482422,92.22000122070312,92.29000091552734,39185,0.0,0.0
2024-07-22 13:00:00-04:00,92.28099822998047,92.45989990234375,92.28099822998047,92.35009765625,30144,0.0,0.0
2024-07-22 13:05:00-04:00,92.36000061035156,92.39800262451172,92.31500244140625,92.31999969482422,35067,0.0,0.0
2024-07-22 13:10:00-04:00,92.31999969482422,92.36000061035156,92.26000213623047,92.34500122070312,35003,0.0,0.0
2024-07-22 13:15:00-04:00,92.3499984741211,92.5199966430664,92.34500122070312,92.45999908447266,22077,0.0,0.0
2024-07-22 13:20:00-04:00,92.44000244140625,92.44000244140625,92.33999633789062,92.375,31339,0.0,0.0
2024-07-22 13:25:00-04:00,92.37999725341797,92.4000015258789,92.27999877929688,92.375,21089,0.0,0.0
2024-07-22 13:30:00-04:00,92.4000015258789,92.5895004272461,92.4000015258789,92.56999969482422,18306,0.0,0.0
2024-07-22 13:35:00-04:00,92.55500030517578,92.58000183105469,92.44999694824219,92.48999786376953,21558,0.0,0.0
2024-07-22 13:40:00-04:00,92.46499633789062,92.5,92.41000366210938,92.5,10458,0.0,0.0
2024-07-22 13:45:00-04:00,92.5,92.5,92.4000015258789,92.5,11423,0.0,0.0
2024-07-22 13:50:00-04:00,92.48999786376953,92.54000091552734,92.45999908447266,92.4800033569336,13028,0.0,0.0
2024-07-22 13:55:00-04:00,92.51000213623047,92.51000213623047,92.34500122070312,92.38999938964844,14558,0.0,0.0
2024-07-22 14:00:00-04:00,92.41000366210938,92.45500183105469,92.41000366210938,92.44999694824219,17395,0.0,0.0
2024-07-22 14:05:00-04:00,92.47000122070312,92.5199966430664,92.33999633789062,92.44999694824219,29467,0.0,0.0
2024-07-22 14:10:00-04:00,92.44999694824219,92.46499633789062,92.32749938964844,92.4000015258789,19388,0.0,0.0
2024-07-22 14:15:00-04:00,92.4000015258789,92.41999816894531,92.31999969482422,92.33999633789062,8935,0.0,0.0
2024-07-22 14:20:00-04:00,92.33999633789062,92.33999633789062,92.30500030517578,92.3125991821289,11429,0.0,0.0
2024-07-22 14:25:00-04:00,92.33000183105469,92.44000244140625,92.30000305175781,92.43499755859375,31786,0.0,0.0
2024-07-22 14:30:00-04:00,92.41500091552734,92.5198974609375,92.41500091552734,92.5,20320,0.0,0.0
2024-07-22 14:35:00-04:00,92.5,92.5,92.38009643554688,92.4000015258789,15588,0.0,0.0
2024-07-22 14:40:00-04:00,92.41999816894531,92.44000244140625,92.30000305175781,92.37999725341797,16813,0.0,0.0
2024-07-22 14:45:00-04:00,92.37999725341797,92.45999908447266,92.37999725341797,92.41000366210938,8518,0.0,0.0
2024-07-22 14:50:00-04:00,92.44000244140625,92.48999786376953,92.43000030517578,92.43569946289062,7686,0.0,0.0
2024-07-22 14:55:00-04:00,92.44999694824219,92.44999694824219,92.37000274658203,92.4052963256836,14172,0.0,0.0
2024-07-22 15:00:00-04:00,92.37999725341797,92.37999725341797,92.25,92.3550033569336,27730,0.0,0.0
2024-07-22 15:05:00-04:00,92.33999633789062,92.37000274658203,92.30999755859375,92.33999633789062,11260,0.0,0.0
2024-07-22 15:10:00-04:00,92.3019027709961,92.38999938964844,92.29039764404297,92.36000061035156,25377,0.0,0.0
2024-07-22 15:15:00-04:00,92.36000061035156,92.36990356445312,92.29499816894531,92.29499816894531,11985,0.0,0.0
2024-07-22 15:20:00-04:00,92.30000305175781,92.45999908447266,92.30000305175781,92.41500091552734,23882,0.0,0.0
2024-07-22 15:25:00-04:00,92.43000030517578,92.5199966430664,92.37999725341797,92.44100189208984,31355,0.0,0.0
2024-07-22 15:30:00-04:00,92.45330047607422,92.45999908447266,92.30000305175781,92.34500122070312,27100,0.0,0.0
2024-07-22 15:35:00-04:00,92.34500122070312,92.43000030517578,92.33999633789062,92.41000366210938,27957,0.0,0.0
2024-07-22 15:40:00-04:00,92.4010009765625,92.41999816894531,92.32499694824219,92.33999633789062,34675,0.0,0.0
2024-07-22 15:45:00-04:00,92.33999633789062,92.3949966430664,92.23999786376953,92.25,35357,0.0,0.0
2024-07-22 15:50:00-04:00,92.23999786376953,92.28919982910156,92.0999984741211,92.1500015258789,68257,0.0,0.0
2024-07-22 15:55:00-04:00,92.13999938964844,92.30000305175781,92.08000183105469,92.29000091552734,154531,0.0,0.0
2024-07-23 09:30:00-04:00,90.38999938964844,90.4000015258789,89.91999816894531,90.1500015258789,273811,0.0,0.0
2024-07-23 09:35:00-04:00,90.19999694824219,90.29989624023438,89.7760009765625,90.18000030517578,103118,0.0,0.0
2024-07-23 09:40:00-04:00,90.18000030517578,90.18000030517578,89.8499984741211,90.08999633789062,62478,0.0,0.0
2024-07-23 09:45:00-04:00,90.08260345458984,90.30000305175781,90.01000213623047,90.28589630126953,48813,0.0,0.0
2024-07-23 09:50:00-04:00,90.26000213623047,90.2750015258789,89.94000244140625,90.0780029296875,74914,0.0,0.0
2024-07-23 09:55:00-04:00,90.12999725341797,90.41999816894531,90.07499694824219,90.38999938964844,85884,0.0,0.0
2024-07-23 10:00:00-04:00,90.37999725341797,90.55000305175781,90.19999694824219,90.19999694824219,89274,0.0,0.0
2024-07-23 10:05:00-04:00,90.19120025634766,90.3550033569336,90.06770324707031,90.3550033569336,35299,0.0,0.0
2024-07-23 10:10:00-04:00,90.31999969482422,90.47000122070312,90.31999969482422,90.33999633789062,67844,0.0,0.0
2024-07-23 10:15:00-04:00,90.3499984741211,90.55000305175781,90.31999969482422,90.5479965209961,59204,0.0,0.0
2024-07-23 10:20:00-04:00,90.52999877929688,90.59929656982422,90.38999938964844,90.44000244140625,59315,0.0,0.0
2024-07-23 10:25:00-04:00,90.43240356445312,90.63999938964844,90.38999938964844,90.44000244140625,42836,0.0,0.0
2024-07-23 10:30:00-04:00,90.43000030517578,90.45999908447266,90.21160125732422,90.45999908447266,25924,0.0,0.0
2024-07-23 10:35:00-04:00,90.5,90.61389923095703,90.47000122070312,90.5,20888,0.0,0.0
2024-07-23 10:40:00-04:00,90.47000122070312,90.47000122070312,90.30999755859375,90.34290313720703,12547,0.0,0.0
2024-07-23 10:45:00-04:00,90.34500122070312,90.34500122070312,90.22000122070312,90.27999877929688,22764,0.0,0.0
2024-07-23 10:50:00-04:00,90.25,90.33999633789062,90.22000122070312,90.29000091552734,22097,0.0,0.0
2024-07-23 10:55:00-04:00,90.2699966430664,90.42500305175781,90.20999908447266,90.42500305175781,21166,0.0,0.0
2024-07-23 11:00:00-04:00,90.41000366210938,90.55999755859375,90.40499877929688,90.48999786376953,34889,0.0,0.0
2024-07-23 11:05:00-04:00,90.4800033569336,90.53500366210938,90.38999938964844,90.43000030517578,29280,0.0,0.0
2024-07-23 11:10:00-04:00,90.54989624023438,90.62999725341797,90.5199966430664,90.62999725341797,35502,0.0,0.0
2024-07-23 11:15:00-04:00,90.65010070800781,90.7699966430664,90.61000061035156,90.6500015258789,41395,0.0,0.0
2024-07-23 11:20:00-04:00,90.6500015258789,90.6500015258789,90.37670135498047,90.43000030517578,24599,0.0,0.0
2024-07-23 11:25:00-04:00,90.4000015258789,90.44999694824219,90.36000061035156,90.41999816894531,13336,0.0,0.0
2024-07-23 11:30:00-04:00,90.42500305175781,90.44000244140625,90.38999938964844,90.41000366210938,11747,0.0,0.0
2024-07-23 11:35:00-04:00,90.4000015258789,90.41000366210938,90.30000305175781,90.33999633789062,25264,0.0,0.0
2024-07-23 11:40:00-04:00,90.31999969482422,90.43350219726562,90.31999969482422,90.3759994506836,28352,0.0,0.0
2024-07-23 11:45:00-04:00,90.36499786376953,90.43990325927734,90.31500244140625,90.43990325927734,12478,0.0,0.0
2024-07-23 11:50:00-04:00,90.45999908447266,90.48999786376953,90.4000015258789,90.42160034179688,20716,0.0,0.0
2024-07-23 11:55:00-04:00,90.44110107421875,90.44110107421875,90.28500366210938,90.30999755859375,21664,0.0,0.0
2024-07-23 12:00:00-04:00,90.30000305175781,90.41000366210938,90.2699966430664,90.36000061035156,18990,0.0,0.0
2024-07-23 12:05:00-04:00,90.37000274658203,90.5,90.33999633789062,90.45999908447266,8625,0.0,0.0
2024-07-23 12:10:00-04:00,90.4749984741211,90.5,90.41999816894531,90.4800033569336,19337,0.0,0.0
2024-07-23 12:15:00-04:00,90.48780059814453,90.52989959716797,90.44000244140625,90.44000244140625,16020,0.0,0.0
2024-07-23 12:20:00-04:00,90.44999694824219,90.52999877929688,90.30999755859375,90.30999755859375,15702,0.0,0.0
2024-07-23 12:25:00-04:00,90.30000305175781,90.42050170898438,90.30000305175781,90.42050170898438,13377,0.0,0.0
2024-07-23 12:30:00-04:00,90.4000015258789,90.43260192871094,90.30899810791016,90.33999633789062,10850,0.0,0.0
2024-07-23 12:35:00-04:00,90.33499908447266,90.40360260009766,90.33000183105469,90.38999938964844,4377,0.0,0.0
2024-07-23 12:40:00-04:00,90.38009643554688,90.41600036621094,90.30000305175781,90.33000183105469,15332,0.0,0.0
2024-07-23 12:45:00-04:00,90.37000274658203,90.51499938964844,90.3499984741211,90.51499938964844,11211,0.0,0.0
2024-07-23 12:50:00-04:00,90.5199966430664,90.52989959716797,90.44000244140625,90.46499633789062,6154,0.0,0.0
2024-07-23 12:55:00-04:00,90.46499633789062,90.48590087890625,90.4000015258789,90.44000244140625,13507,0.0,0.0
2024-07-23 13:00:00-04:00,90.41500091552734,90.51000213623047,90.38909912109375,90.51000213623047,12485,0.0,0.0
2024-07-23 13:05:00-04:00,90.4801025390625,90.56999969482422,90.44499969482422,90.50499725341797,11804,0.0,0.0
2024-07-23 13:10:00-04:00,90.47000122070312,90.53990173339844,90.44960021972656,90.51260375976562,6308,0.0,0.0
2024-07-23 13:15:00-04:00,90.55000305175781,90.55999755859375,90.53500366210938,90.54000091552734,5364,0.0,0.0
2024-07-23 13:20:00-04:00,90.55000305175781,90.56999969482422,90.5199966430664,90.54000091552734,5853,0.0,0.0
2024-07-23 13:25:00-04:00,90.54000091552734,90.62989807128906,90.53009796142578,90.54000091552734,12401,0.0,0.0
2024-07-23 13:30:00-04:00,90.52999877929688,90.52999877929688,90.42009735107422,90.4749984741211,13032,0.0,0.0
2024-07-23 13:35:00-04:00,90.48139953613281,90.54100036621094,90.4749984741211,90.54000091552734,7768,0.0,0.0
2024-07-23 13:40:00-04:00,90.54499816894531,90.54499816894531,90.48999786376953,90.5250015258789,6073,0.0,0.0
2024-07-23 13:45:00-04:00,90.5250015258789,90.69999694824219,90.5199966430664,90.69000244140625,12909,0.0,0.0
2024-07-23 13:50:00-04:00,90.68499755859375,90.69000244140625,90.63999938964844,90.65840148925781,9130,0.0,0.0
2024-07-23 13:55:00-04:00,90.66000366210938,90.66000366210938,90.58000183105469,90.58000183105469,5233,0.0,0.0
2024-07-23 14:00:00-04:00,90.59500122070312,90.62000274658203,90.55000305175781,90.5999984741211,5010,0.0,0.0
2024-07-23 14:05:00-04:00,90.58000183105469,90.69999694824219,90.5354995727539,90.69999694824219,10724,0.0,0.0
2024-07-23 14:10:00-04:00,90.69999694824219,90.75990295410156,90.62760162353516,90.66500091552734,7668,0.0,0.0
2024-07-23 14:15:00-04:00,90.65840148925781,90.68990325927734,90.57440185546875,90.61000061035156,11503,0.0,0.0
2024-07-23 14:20:00-04:00,90.62000274658203,90.62999725341797,90.61000061035156,90.6261978149414,6554,0.0,0.0
2024-07-23 14:25:00-04:00,90.58999633789062,90.63999938964844,90.57599639892578,90.58999633789062,9456,0.0,0.0
2024-07-23 14:30:00-04:00,90.61000061035156,90.64990234375,90.58000183105469,90.58000183105469,8364,0.0,0.0
2024-07-23 14:35:00-04:00,90.58000183105469,90.5999984741211,90.55000305175781,90.55000305175781,6332,0.0,0.0
2024-07-23 14:40:00-04:00,90.53500366210938,90.53500366210938,90.47000122070312,90.5,10966,0.0,0.0
2024-07-23 14:45:00-04:00,90.48100280761719,90.48999786376953,90.40519714355469,90.45999908447266,10113,0.0,0.0
2024-07-23 14:50:00-04:00,90.45999908447266,90.54000091552734,90.41000366210938,90.52249908447266,6715,0.0,0.0
2024-07-23 14:55:00-04:00,90.5250015258789,90.56400299072266,90.5250015258789,90.56400299072266,6514,0.0,0.0
2024-07-23 15:00:00-04:00,90.54000091552734,90.54000091552734,90.45010375976562,90.45459747314453,10923,0.0,0.0
2024-07-23 15:05:00-04:00,90.45999908447266,90.52999877929688,90.44059753417969,90.45999908447266,9117,0.0,0.0
2024-07-23 15:10:00-04:00,90.46109771728516,90.46109771728516,90.37000274658203,90.4094009399414,12647,0.0,0.0
2024-07-23 15:15:00-04:00,90.38999938964844,90.38999938964844,90.33999633789062,90.33999633789062,8391,0.0,0.0
2024-07-23 15:20:00-04:00,90.33999633789062,90.4198989868164,90.33000183105469,90.4000015258789,9640,0.0,0.0
2024-07-23 15:25:00-04:00,90.40859985351562,90.45999908447266,90.40859985351562,90.45140075683594,11098,0.0,0.0
2024-07-23 15:30:00-04:00,90.44000244140625,90.44999694824219,90.3499984741211,90.43000030517578,21912,0.0,0.0
2024-07-23 15:35:00-04:00,90.41000366210938,90.41000366210938,90.33999633789062,90.33999633789062,9633,0.0,0.0
2024-07-23 15:40:00-04:00,90.33000183105469,90.375,90.2300033569336,90.3550033569336,42920,0.0,0.0
2024-07-23 15:45:00-04:00,90.36000061035156,90.43000030517578,90.3499984741211,90.43000030517578,28414,0.0,0.0
2024-07-23 15:50:00-04:00,90.44999694824219,90.44999694824219,90.31999969482422,90.33000183105469,59797,0.0,0.0
2024-07-23 15:55:00-04:00,90.33999633789062,90.41000366210938,90.33000183105469,90.36000061035156,103272,0.0,0.0
2024-07-24 09:30:00-04:00,89.9020004272461,90.33999633789062,89.76000213623047,90.05000305175781,175155,0.0,0.0
2024-07-24 09:35:00-04:00,89.9845962524414,90.36830139160156,89.93000030517578,90.30999755859375,38846,0.0,0.0
2024-07-24 09:40:00-04:00,90.31999969482422,90.88990020751953,90.29219818115234,90.79750061035156,48777,0.0,0.0
2024-07-24 09:45:00-04:00,90.69999694824219,90.81990051269531,90.37999725341797,90.37999725341797,28344,0.0,0.0
2024-07-24 09:50:00-04:00,90.36000061035156,90.49839782714844,90.0999984741211,90.19000244140625,33494,0.0,0.0
2024-07-24 09:55:00-04:00,90.131103515625,90.15499877929688,89.76000213623047,89.76499938964844,57597,0.0,0.0
2024-07-24 10:00:00-04:00,89.75,90.02400207519531,89.6500015258789,89.83999633789062,50616,0.0,0.0
2024-07-24 10:05:00-04:00,89.81999969482422,90.05999755859375,89.76000213623047,90.0199966430664,30242,0.0,0.0
2024-07-24 10:10:00-04:00,90.06999969482422,90.18779754638672,89.7699966430664,89.99800109863281,34039,0.0,0.0
2024-07-24 10:15:00-04:00,89.96150207519531,90.19000244140625,89.88999938964844,90.08999633789062,28552,0.0,0.0
2024-07-24 10:20:00-04:00,90.04000091552734,90.1698989868164,90.0,90.01000213623047,25453,0.0,0.0
2024-07-24 10:25:00-04:00,89.99610137939453,90.14990234375,89.98999786376953,90.08000183105469,11579,0.0,0.0
2024-07-24 10:30:00-04:00,90.08999633789062,90.2300033569336,89.93000030517578,89.94999694824219,25472,0.0,0.0
2024-07-24 10:35:00-04:00,89.95999908447266,90.01000213623047,89.91000366210938,89.94999694824219,25228,0.0,0.0
2024-07-24 10:40:00-04:00,89.94999694824219,90.0999984741211,89.83999633789062,90.05989837646484,38631,0.0,0.0
2024-07-24 10:45:00-04:00,90.05999755859375,90.08000183105469,89.80999755859375,89.90499877929688,36664,0.0,0.0
2024-07-24 10:50:00-04:00,89.91000366210938,90.0,89.83000183105469,89.8499984741211,36525,0.0,0.0
2024-07-24 10:55:00-04:00,89.83999633789062,89.91010284423828,89.7500991821289,89.80000305175781,30165,0.0,0.0
2024-07-24 11:00:00-04:00,89.7750015258789,89.7750015258789,89.5999984741211,89.63500213623047,80668,0.0,0.0
2024-07-24 11:05:00-04:00,89.66000366210938,89.70999908447266,89.41999816894531,89.44499969482422,47311,0.0,0.0
2024-07-24 11:10:00-04:00,89.44000244140625,89.5010986328125,89.41999816894531,89.44000244140625,30870,0.0,0.0
2024-07-24 11:15:00-04:00,89.44999694824219,89.48999786376953,89.33999633789062,89.3499984741211,48998,0.0,0.0
2024-07-24 11:20:00-04:00,89.33999633789062,89.40679931640625,89.23500061035156,89.23500061035156,30292,0.0,0.0
2024-07-24 11:25:00-04:00,89.23500061035156,89.73999786376953,89.23500061035156,89.70999908447266,53058,0.0,0.0
2024-07-24 11:30:00-04:00,89.7300033569336,89.8499984741211,89.69000244140625,89.72000122070312,50993,0.0,0.0
2024-07-24 11:35:00-04:00,89.71499633789062,89.80000305175781,89.66000366210938,89.66000366210938,25721,0.0,0.0
2024-07-24 11:40:00-04:00,89.66999816894531,89.72000122070312,89.61000061035156,89.6449966430664,14431,0.0,0.0
2024-07-24 11:45:00-04:00,89.66999816894531,89.66999816894531,89.58999633789062,89.5999984741211,17596,0.0,0.0
2024-07-24 11:50:00-04:00,89.61000061035156,89.6720962524414,89.59989929199219,89.65499877929688,17965,0.0,0.0
2024-07-24 11:55:00-04:00,89.63999938964844,89.63999938964844,89.55580139160156,89.55870056152344,17422,0.0,0.0
2024-07-24 12:00:00-04:00,89.58999633789062,89.625,89.48999786376953,89.52999877929688,16418,0.0,0.0
2024-07-24 12:05:00-04:00,89.52999877929688,89.5999984741211,89.5,89.55500030517578,18628,0.0,0.0
2024-07-24 12:10:00-04:00,89.56990051269531,89.62999725341797,89.54000091552734,89.5999984741211,9782,0.0,0.0
2024-07-24 12:15:00-04:00,89.58999633789062,89.63500213623047,89.55999755859375,89.57499694824219,13097,0.0,0.0
2024-07-24 12:20:00-04:00,89.5510025024414,89.58000183105469,89.53009796142578,89.56999969482422,13277,0.0,0.0
2024-07-24 12:25:00-04:00,89.55999755859375,89.56999969482422,89.47000122070312,89.5199966430664,15081,0.0,0.0
2024-07-24 12:30:00-04:00,89.54000091552734,89.55999755859375,89.51000213623047,89.52999877929688,12064,0.0,0.0
2024-07-24 12:35:00-04:00,89.52140045166016,89.55999755859375,89.375,89.41000366210938,35248,0.0,0.0
2024-07-24 12:40:00-04:00,89.41000366210938,89.41230010986328,89.23999786376953,89.2699966430664,37076,0.0,0.0
2024-07-24 12:45:00-04:00,89.25,89.33000183105469,89.18000030517578,89.27999877929688,30776,0.0,0.0
2024-07-24 12:50:00-04:00,89.30999755859375,89.30999755859375,89.16999816894531,89.18000030517578,31655,0.0,0.0
2024-07-24 12:55:00-04:00,89.16999816894531,89.17990112304688,89.0999984741211,89.14990234375,14749,0.0,0.0
2024-07-24 13:00:00-04:00,89.1500015258789,89.20999908447266,89.0999984741211,89.12999725341797,18920,0.0,0.0
2024-07-24 13:05:00-04:00,89.125,89.2750015258789,89.12000274658203,89.2750015258789,11127,0.0,0.0
2024-07-24 13:10:00-04:00,89.26000213623047,89.27950286865234,89.19000244140625,89.22000122070312,15628,0.0,0.0
2024-07-24 13:15:00-04:00,89.2300033569336,89.26000213623047,89.16999816894531,89.19999694824219,16577,0.0,0.0
2024-07-24 13:20:00-04:00,89.16999816894531,89.16999816894531,89.08000183105469,89.11000061035156,13005,0.0,0.0
2024-07-24 13:25:00-04:00,89.12000274658203,89.1449966430664,89.04000091552734,89.0470962524414,14559,0.0,0.0
2024-07-24 13:30:00-04:00,89.05000305175781,89.1449966430664,89.01000213623047,89.13999938964844,11175,0.0,0.0
2024-07-24 13:35:00-04:00,89.12000274658203,89.15499877929688,89.08999633789062,89.13999938964844,10681,0.0,0.0
2024-07-24 13:40:00-04:00,89.0801010131836,89.1500015258789,89.0801010131836,89.1050033569336,8551,0.0,0.0
2024-07-24 13:45:00-04:00,89.11000061035156,89.11000061035156,89.02799987792969,89.02999877929688,13840,0.0,0.0
2024-07-24 13:50:00-04:00,89.03500366210938,89.04000091552734,88.95999908447266,89.01480102539062,34888,0.0,0.0
2024-07-24 13:55:00-04:00,89.00499725341797,89.03990173339844,88.9000015258789,88.94000244140625,17049,0.0,0.0
2024-07-24 14:00:00-04:00,88.89910125732422,88.89910125732422,88.77999877929688,88.80999755859375,28192,0.0,0.0
2024-07-24 14:05:00-04:00,88.76519775390625,88.8333969116211,88.72209930419922,88.75,33919,0.0,0.0
2024-07-24 14:10:00-04:00,88.7699966430664,88.7699966430664,88.69000244140625,88.7300033569336,17582,0.0,0.0
2024-07-24 14:15:00-04:00,88.72730255126953,88.73999786376953,88.66999816894531,88.68000030517578,17599,0.0,0.0
2024-07-24 14:20:00-04:00,88.68499755859375,88.68499755859375,88.51000213623047,88.52999877929688,27963,0.0,0.0
2024-07-24 14:25:00-04:00,88.54000091552734,88.58000183105469,88.47000122070312,88.51000213623047,24646,0.0,0.0
2024-07-24 14:30:00-04:00,88.5199966430664,88.62000274658203,88.4749984741211,88.48380279541016,14638,0.0,0.0
2024-07-24 14:35:00-04:00,88.48909759521484,88.56500244140625,88.4749984741211,88.5,21146,0.0,0.0
2024-07-24 14:40:00-04:00,88.5,88.55000305175781,88.42019653320312,88.44499969482422,39136,0.0,0.0
2024-07-24 14:45:00-04:00,88.45999908447266,88.5250015258789,88.41000366210938,88.44999694824219,24724,0.0,0.0
2024-07-24 14:50:00-04:00,88.44999694824219,88.47000122070312,88.4000015258789,88.40380096435547,24253,0.0,0.0
2024-07-24 14:55:00-04:00,88.41000366210938,88.56999969482422,88.41000366210938,88.55999755859375,20560,0.0,0.0
2024-07-24 15:00:00-04:00,88.58000183105469,88.61499786376953,88.55000305175781,88.61000061035156,22948,0.0,0.0
2024-07-24 15:05:00-04:00,88.61000061035156,88.72000122070312,88.5999984741211,88.7146987915039,26990,0.0,0.0
2024-07-24 15:10:00-04:00,88.72000122070312,88.73999786376953,88.63999938964844,88.63999938964844,13737,0.0,0.0
2024-07-24 15:15:00-04:00,88.63999938964844,88.69989776611328,88.58999633789062,88.62000274658203,16153,0.0,0.0
2024-07-24 15:20:00-04:00,88.66000366210938,88.72689819335938,88.62999725341797,88.72000122070312,14121,0.0,0.0
2024-07-24 15:25:00-04:00,88.72000122070312,88.73999786376953,88.56999969482422,88.61000061035156,34195,0.0,0.0
2024-07-24 15:30:00-04:00,88.61000061035156,88.83999633789062,88.58000183105469,88.81999969482422,31217,0.0,0.0
2024-07-24 15:35:00-04:00,88.80000305175781,88.9800033569336,88.79000091552734,88.9000015258789,48941,0.0,0.0
2024-07-24 15:40:00-04:00,88.88999938964844,89.0,88.87000274658203,88.87999725341797,32147,0.0,0.0
2024-07-24 15:45:00-04:00,88.9000015258789,88.91999816894531,88.80000305175781,88.91999816894531,34512,0.0,0.0
2024-07-24 15:50:00-04:00,88.88999938964844,88.94999694824219,88.80000305175781,88.80999755859375,92830,0.0,0.0
2024-07-24 15:55:00-04:00,88.83000183105469,88.86000061035156,88.7249984741211,88.7300033569336,124999,0.0,0.0
2024-07-25 09:30:00-04:00,88.54000091552734,88.79989624023438,88.44000244140625,88.44200134277344,154048,0.0,0.0
2024-07-25 09:35:00-04:00,88.5,88.79000091552734,88.48999786376953,88.55000305175781,42298,0.0,0.0
2024-07-25 09:40:00-04:00,88.54000091552734,88.82990264892578,88.52230072021484,88.63159942626953,26939,0.0,0.0
2024-07-25 09:45:00-04:00,88.70719909667969,89.16000366210938,88.68270111083984,89.09500122070312,50544,0.0,0.0
2024-07-25 09:50:00-04:00,89.0999984741211,89.30000305175781,88.9000015258789,88.99500274658203,36161,0.0,0.0
2024-07-25 09:55:00-04:00,88.93499755859375,89.02999877929688,88.74410247802734,88.88999938964844,32699,0.0,0.0
2024-07-25 10:00:00-04:00,88.86000061035156,89.03939819335938,88.6500015258789,89.01000213623047,33955,0.0,0.0
2024-07-25 10:05:00-04:00,89.01750183105469,89.02999877929688,88.55000305175781,88.58499908447266,35396,0.0,0.0
2024-07-25 10:10:00-04:00,88.57499694824219,88.62989807128906,88.375,88.40010070800781,35679,0.0,0.0
2024-07-25 10:15:00-04:00,88.38999938964844,88.81999969482422,88.30000305175781,88.76000213623047,26692,0.0,0.0
2024-07-25 10:20:00-04:00,88.75499725341797,88.85990142822266,88.62999725341797,88.80819702148438,15102,0.0,0.0
2024-07-25 10:25:00-04:00,88.7750015258789,89.0,88.7750015258789,88.98999786376953,13303,0.0,0.0
2024-07-25 10:30:00-04:00,88.95999908447266,89.01239776611328,88.60009765625,88.80999755859375,27550,0.0,0.0
2024-07-25 10:35:00-04:00,88.72000122070312,88.75859832763672,88.6500015258789,88.68000030517578,8714,0.0,0.0
2024-07-25 10:40:00-04:00,88.63999938964844,88.9800033569336,88.5999984741211,88.93720245361328,35713,0.0,0.0
2024-07-25 10:45:00-04:00,88.94000244140625,88.98999786376953,88.72000122070312,88.79000091552734,19095,0.0,0.0
2024-07-25 10:50:00-04:00,88.7750015258789,88.9000015258789,88.7500991821289,88.79499816894531,43322,0.0,0.0
2024-07-25 10:55:00-04:00,88.79499816894531,88.79660034179688,88.62999725341797,88.73999786376953,106838,0.0,0.0
2024-07-25 11:00:00-04:00,88.69999694824219,88.69999694824219,88.38999938964844,88.4384994506836,27122,0.0,0.0
2024-07-25 11:05:00-04:00,88.45480346679688,88.52999877929688,88.41000366210938,88.52999877929688,17987,0.0,0.0
2024-07-25 11:10:00-04:00,88.4800033569336,88.65560150146484,88.44000244140625,88.58999633789062,21471,0.0,0.0
2024-07-25 11:15:00-04:00,88.625,88.7699966430664,88.625,88.72000122070312,8259,0.0,0.0
2024-07-25 11:20:00-04:00,88.58499908447266,88.65010070800781,88.54029846191406,88.62999725341797,26577,0.0,0.0
2024-07-25 11:25:00-04:00,88.60030364990234,88.60030364990234,88.43009948730469,88.47000122070312,30506,0.0,0.0
2024-07-25 11:30:00-04:00,88.47000122070312,88.61000061035156,88.47000122070312,88.58000183105469,15048,0.0,0.0
2024-07-25 11:35:00-04:00,88.55000305175781,88.5792007446289,88.48999786376953,88.56009674072266,10894,0.0,0.0
2024-07-25 11:40:00-04:00,88.55999755859375,88.55999755859375,88.46009826660156,88.4800033569336,12950,0.0,0.0
2024-07-25 11:45:00-04:00,88.51000213623047,88.7240982055664,88.51000213623047,88.62000274658203,15124,0.0,0.0
2024-07-25 11:50:00-04:00,88.61499786376953,88.6500015258789,88.5999984741211,88.62000274658203,9479,0.0,0.0
2024-07-25 11:55:00-04:00,88.63999938964844,88.67500305175781,88.58499908447266,88.67500305175781,11985,0.0,0.0
2024-07-25 12:00:00-04:00,88.66999816894531,88.83999633789062,88.66000366210938,88.69120025634766,30151,0.0,0.0
2024-07-25 12:05:00-04:00,88.69999694824219,88.69999694824219,88.56999969482422,88.62000274658203,14766,0.0,0.0
2024-07-25 12:10:00-04:00,88.6500015258789,88.70989990234375,88.5999984741211,88.66000366210938,12148,0.0,0.0
2024-07-25 12:15:00-04:00,88.62999725341797,88.93000030517578,88.61000061035156,88.91500091552734,52432,0.0,0.0
2024-07-25 12:20:00-04:00,88.91500091552734,88.95999908447266,88.85919952392578,88.85919952392578,16631,0.0,0.0
2024-07-25 12:25:00-04:00,88.88500213623047,88.95999908447266,88.81999969482422,88.95500183105469,29675,0.0,0.0
2024-07-25 12:30:00-04:00,88.94499969482422,89.1500015258789,88.88999938964844,89.0999984741211,32700,0.0,0.0
2024-07-25 12:35:00-04:00,89.11000061035156,89.27989959716797,89.08999633789062,89.26499938964844,31584,0.0,0.0
2024-07-25 12:40:00-04:00,89.26499938964844,89.33999633789062,89.15499877929688,89.2239990234375,17860,0.0,0.0
2024-07-25 12:45:00-04:00,89.22000122070312,89.22000122070312,89.1167984008789,89.19000244140625,12911,0.0,0.0
2024-07-25 12:50:00-04:00,89.1500015258789,89.25250244140625,89.0999984741211,89.0999984741211,31773,0.0,0.0
2024-07-25 12:55:00-04:00,89.08999633789062,89.23999786376953,89.08999633789062,89.19000244140625,11989,0.0,0.0
2024-07-25 13:00:00-04:00,89.22000122070312,89.33000183105469,89.19999694824219,89.2699966430664,19928,0.0,0.0
2024-07-25 13:05:00-04:00,89.22000122070312,89.31990051269531,89.22000122070312,89.29000091552734,14355,0.0,0.0
2024-07-25 13:10:00-04:00,89.30500030517578,89.30999755859375,89.16000366210938,89.19999694824219,15476,0.0,0.0
2024-07-25 13:15:00-04:00,89.19979858398438,89.19979858398438,89.05000305175781,89.08000183105469,10049,0.0,0.0
2024-07-25 13:20:00-04:00,89.08000183105469,89.12000274658203,88.94999694824219,88.94999694824219,19825,0.0,0.0
2024-07-25 13:25:00-04:00,88.98999786376953,89.01499938964844,88.91500091552734,88.91500091552734,6631,0.0,0.0
2024-07-25 13:30:00-04:00,88.87999725341797,88.88999938964844,88.83999633789062,88.87999725341797,11291,0.0,0.0
2024-07-25 13:35:00-04:00,88.87999725341797,88.94999694824219,88.87999725341797,88.93000030517578,7345,0.0,0.0
2024-07-25 13:40:00-04:00,88.96499633789062,89.05000305175781,88.96499633789062,89.02999877929688,10276,0.0,0.0
2024-07-25 13:45:00-04:00,89.05000305175781,89.05000305175781,88.95999908447266,88.98500061035156,9979,0.0,0.0
2024-07-25 13:50:00-04:00,88.94999694824219,88.99949645996094,88.91500091552734,88.97239685058594,5806,0.0,0.0
2024-07-25 13:55:00-04:00,88.95999908447266,88.98999786376953,88.94999694824219,88.95999908447266,7961,0.0,0.0
2024-07-25 14:00:00-04:00,88.94000244140625,88.94000244140625,88.83000183105469,88.86000061035156,6560,0.0,0.0
2024-07-25 14:05:00-04:00,88.8550033569336,88.86499786376953,88.80000305175781,88.80000305175781,14858,0.0,0.0
2024-07-25 14:10:00-04:00,88.81999969482422,88.8499984741211,88.80000305175781,88.81999969482422,7722,0.0,0.0
2024-07-25 14:15:00-04:00,88.80999755859375,88.80999755859375,88.66999816894531,88.69000244140625,15295,0.0,0.0
2024-07-25 14:20:00-04:00,88.66999816894531,88.69999694824219,88.61000061035156,88.6500015258789,20644,0.0,0.0
2024-07-25 14:25:00-04:00,88.63500213623047,88.66999816894531,88.55000305175781,88.58999633789062,19982,0.0,0.0
2024-07-25 14:30:00-04:00,88.625,88.69999694824219,88.625,88.66000366210938,12280,0.0,0.0
2024-07-25 14:35:00-04:00,88.55999755859375,88.55999755859375,88.47000122070312,88.51000213623047,10379,0.0,0.0
2024-07-25 14:40:00-04:00,88.5,88.51000213623047,88.41999816894531,88.47000122070312,14095,0.0,0.0
2024-07-25 14:45:00-04:00,88.47000122070312,88.51000213623047,88.3479995727539,88.37999725341797,21052,0.0,0.0
2024-07-25 14:50:00-04:00,88.38999938964844,88.4000015258789,88.33000183105469,88.34500122070312,7895,0.0,0.0
2024-07-25 14:55:00-04:00,88.36920166015625,88.4800033569336,88.31999969482422,88.3499984741211,21143,0.0,0.0
2024-07-25 15:00:00-04:00,88.37989807128906,88.37989807128906,88.27999877929688,88.36799621582031,21755,0.0,0.0
2024-07-25 15:05:00-04:00,88.37740325927734,88.46499633789062,88.37740325927734,88.44000244140625,13458,0.0,0.0
2024-07-25 15:10:00-04:00,88.41999816894531,88.41999816894531,88.33999633789062,88.38999938964844,8488,0.0,0.0
2024-07-25 15:15:00-04:00,88.3949966430664,88.44499969482422,88.3949966430664,88.44000244140625,10953,0.0,0.0
2024-07-25 15:20:00-04:00,88.44000244140625,88.50499725341797,88.41000366210938,88.44000244140625,17398,0.0,0.0
2024-07-25 15:25:00-04:00,88.5,88.55999755859375,88.44000244140625,88.44999694824219,15255,0.0,0.0
2024-07-25 15:30:00-04:00,88.4800033569336,88.4800033569336,88.37000274658203,88.41000366210938,20908,0.0,0.0
2024-07-25 15:35:00-04:00,88.3949966430664,88.41000366210938,88.30999755859375,88.33499908447266,29128,0.0,0.0
2024-07-25 15:40:00-04:00,88.31999969482422,88.33000183105469,88.1500015258789,88.17500305175781,37084,0.0,0.0
2024-07-25 15:45:00-04:00,88.16999816894531,88.18900299072266,88.07009887695312,88.18900299072266,61118,0.0,0.0
2024-07-25 15:50:00-04:00,88.16999816894531,88.17500305175781,87.87010192871094,87.88999938964844,115485,0.0,0.0
2024-07-25 15:55:00-04:00,87.87000274658203,87.94000244140625,87.77999877929688,87.81999969482422,155931,0.0,0.0
2024-07-26 09:30:00-04:00,87.77300262451172,87.88990020751953,87.38999938964844,87.66999816894531,130459,0.0,0.0
2024-07-26 09:35:00-04:00,87.63999938964844,87.73999786376953,87.48999786376953,87.5199966430664,43066,0.0,0.0
2024-07-26 09:40:00-04:00,87.53189849853516,87.75,87.37999725341797,87.69000244140625,94339,0.0,0.0
2024-07-26 09:45:00-04:00,87.66000366210938,87.73999786376953,87.40010070800781,87.72000122070312,62872,0.0,0.0
2024-07-26 09:50:00-04:00,87.72000122070312,88.08999633789062,87.72000122070312,87.98999786376953,54940,0.0,0.0
2024-07-26 09:55:00-04:00,87.88999938964844,88.16999816894531,87.83999633789062,87.91999816894531,30877,0.0,0.0
2024-07-26 10:00:00-04:00,87.9000015258789,87.95059967041016,87.71649932861328,87.79000091552734,28654,0.0,0.0
2024-07-26 10:05:00-04:00,87.7699966430664,87.96910095214844,87.7699966430664,87.83999633789062,44397,0.0,0.0
2024-07-26 10:10:00-04:00,87.80010223388672,88.0999984741211,87.80010223388672,88.0999984741211,51435,0.0,0.0
2024-07-26 10:15:00-04:00,88.08000183105469,88.10489654541016,87.9000015258789,88.04000091552734,34899,0.0,0.0
2024-07-26 10:20:00-04:00,88.06500244140625,88.1500015258789,87.91999816894531,88.11499786376953,54865,0.0,0.0
2024-07-26 10:25:00-04:00,88.1050033569336,88.12999725341797,87.88590240478516,87.9000015258789,22534,0.0,0.0
2024-07-26 10:30:00-04:00,87.91999816894531,87.93000030517578,87.68000030517578,87.7300033569336,20470,0.0,0.0
2024-07-26 10:35:00-04:00,87.75,87.98989868164062,87.73999786376953,87.94999694824219,18170,0.0,0.0
2024-07-26 10:40:00-04:00,87.94000244140625,88.13500213623047,87.93000030517578,88.09200286865234,20695,0.0,0.0
2024-07-26 10:45:00-04:00,88.10990142822266,88.30000305175781,88.08000183105469,88.08000183105469,41038,0.0,0.0
2024-07-26 10:50:00-04:00,88.05999755859375,88.16999816894531,88.05000305175781,88.13999938964844,11317,0.0,0.0
2024-07-26 10:55:00-04:00,88.13500213623047,88.2699966430664,88.12000274658203,88.2699966430664,19557,0.0,0.0
2024-07-26 11:00:00-04:00,88.25499725341797,88.25499725341797,88.1449966430664,88.1500015258789,13803,0.0,0.0
2024-07-26 11:05:00-04:00,88.16629791259766,88.30000305175781,88.16500091552734,88.27999877929688,21149,0.0,0.0
2024-07-26 11:10:00-04:00,88.27999877929688,88.30000305175781,88.18000030517578,88.18479919433594,23084,0.0,0.0
2024-07-26 11:15:00-04:00,88.1801986694336,88.31990051269531,88.07499694824219,88.2699966430664,28775,0.0,0.0
2024-07-26 11:20:00-04:00,88.26349639892578,88.36000061035156,88.25,88.31999969482422,14444,0.0,0.0
2024-07-26 11:25:00-04:00,88.33999633789062,88.33999633789062,88.21499633789062,88.2301025390625,23056,0.0,0.0
2024-07-26 11:30:00-04:00,88.25,88.29000091552734,88.19999694824219,88.27989959716797,20413,0.0,0.0
2024-07-26 11:35:00-04:00,88.22000122070312,88.38990020751953,88.19999694824219,88.3550033569336,20646,0.0,0.0
2024-07-26 11:40:00-04:00,88.36000061035156,88.41999816894531,88.30000305175781,88.40249633789062,16633,0.0,0.0
2024-07-26 11:45:00-04:00,88.41500091552734,88.53990173339844,88.37000274658203,88.53849792480469,25354,0.0,0.0
2024-07-26 11:50:00-04:00,88.55000305175781,88.66999816894531,88.55000305175781,88.58000183105469,31909,0.0,0.0
2024-07-26 11:55:00-04:00,88.58450317382812,88.8218002319336,88.58450317382812,88.81999969482422,17744,0.0,0.0
2024-07-26 12:00:00-04:00,88.83000183105469,88.8499984741211,88.7300033569336,88.83999633789062,18406,0.0,0.0
2024-07-26 12:05:00-04:00,88.83999633789062,88.87000274658203,88.7699966430664,88.85910034179688,12679,0.0,0.0
2024-07-26 12:10:00-04:00,88.97000122070312,89.0199966430664,88.94999694824219,89.0,40455,0.0,0.0
2024-07-26 12:15:00-04:00,88.9800033569336,88.9800033569336,88.81999969482422,88.97000122070312,22444,0.0,0.0
2024-07-26 12:20:00-04:00,88.93000030517578,88.9999008178711,88.86000061035156,88.9999008178711,21521,0.0,0.0
2024-07-26 12:25:00-04:00,89.0,89.07260131835938,88.97000122070312,88.97000122070312,13428,0.0,0.0
2024-07-26 12:30:00-04:00,88.9749984741211,89.0,88.75499725341797,88.75499725341797,16027,0.0,0.0
2024-07-26 12:35:00-04:00,88.74500274658203,88.80999755859375,88.72000122070312,88.7802963256836,13628,0.0,0.0
2024-07-26 12:40:00-04:00,88.80000305175781,88.94999694824219,88.80000305175781,88.91400146484375,10697,0.0,0.0
2024-07-26 12:45:00-04:00,88.91999816894531,89.0199966430664,88.91500091552734,89.00499725341797,23095,0.0,0.0
2024-07-26 12:50:00-04:00,89.0199966430664,89.19999694824219,89.0199966430664,89.18810272216797,22384,0.0,0.0
2024-07-26 12:55:00-04:00,89.19000244140625,89.24500274658203,89.19000244140625,89.2300033569336,17511,0.0,0.0
2024-07-26 13:00:00-04:00,89.23500061035156,89.29000091552734,89.19999694824219,89.19999694824219,17460,0.0,0.0
2024-07-26 13:05:00-04:00,89.20999908447266,89.23999786376953,89.08999633789062,89.08999633789062,14996,0.0,0.0
2024-07-26 13:10:00-04:00,89.0999984741211,89.2300033569336,89.0999984741211,89.19999694824219,17271,0.0,0.0
2024-07-26 13:15:00-04:00,89.18000030517578,89.18000030517578,89.12999725341797,89.16000366210938,6084,0.0,0.0
2024-07-26 13:20:00-04:00,89.16500091552734,89.22000122070312,89.06999969482422,89.22000122070312,13949,0.0,0.0
2024-07-26 13:25:00-04:00,89.20999908447266,89.33000183105469,89.18000030517578,89.25499725341797,14309,0.0,0.0
2024-07-26 13:30:00-04:00,89.2699966430664,89.2699966430664,89.16999816894531,89.19000244140625,9065,0.0,0.0
2024-07-26 13:35:00-04:00,89.11000061035156,89.11000061035156,88.86000061035156,88.91079711914062,27170,0.0,0.0
2024-07-26 13:40:00-04:00,88.95999908447266,88.9800033569336,88.80000305175781,88.87010192871094,11855,0.0,0.0
2024-07-26 13:45:00-04:00,88.90950012207031,88.99500274658203,88.9000015258789,88.91000366210938,8558,0.0,0.0
2024-07-26 13:50:00-04:00,88.9000015258789,89.05999755859375,88.86009979248047,89.05999755859375,8327,0.0,0.0
2024-07-26 13:55:00-04:00,89.01000213623047,89.01000213623047,88.91919708251953,88.94000244140625,12771,0.0,0.0
2024-07-26 14:00:00-04:00,88.91000366210938,88.92420196533203,88.8499984741211,88.8499984741211,7827,0.0,0.0
2024-07-26 14:05:00-04:00,88.80000305175781,88.91000366210938,88.77999877929688,88.91000366210938,12873,0.0,0.0
2024-07-26 14:10:00-04:00,88.91000366210938,88.98999786376953,88.90499877929688,88.93000030517578,10283,0.0,0.0
2024-07-26 14:15:00-04:00,88.93000030517578,88.94999694824219,88.9000015258789,88.91000366210938,5903,0.0,0.0
2024-07-26 14:20:00-04:00,88.88500213623047,88.88999938964844,88.80999755859375,88.8499984741211,12621,0.0,0.0
2024-07-26 14:25:00-04:00,88.8499984741211,88.9000015258789,88.83000183105469,88.83000183105469,8847,0.0,0.0
2024-07-26 14:30:00-04:00,88.81999969482422,88.88999938964844,88.80000305175781,88.87999725341797,15524,0.0,0.0
2024-07-26 14:35:00-04:00,88.87000274658203,88.91000366210938,88.86000061035156,88.9000015258789,14196,0.0,0.0
2024-07-26 14:40:00-04:00,88.88999938964844,88.88999938964844,88.67169952392578,88.81999969482422,25210,0.0,0.0
2024-07-26 14:45:00-04:00,88.80000305175781,88.81999969482422,88.6500015258789,88.75,11794,0.0,0.0
2024-07-26 14:50:00-04:00,88.70999908447266,88.75980377197266,88.66999816894531,88.68589782714844,6089,0.0,0.0
2024-07-26 14:55:00-04:00,88.68000030517578,88.78459930419922,88.67009735107422,88.68000030517578,10329,0.0,0.0
2024-07-26 15:00:00-04:00,88.63999938964844,88.66000366210938,88.58000183105469,88.66000366210938,9442,0.0,0.0
2024-07-26 15:05:00-04:00,88.63500213623047,88.78990173339844,88.63500213623047,88.7750015258789,11309,0.0,0.0
2024-07-26 15:10:00-04:00,88.76000213623047,88.86000061035156,88.73500061035156,88.83000183105469,13906,0.0,0.0
2024-07-26 15:15:00-04:00,88.83999633789062,88.8499984741211,88.76200103759766,88.77799987792969,12860,0.0,0.0
2024-07-26 15:20:00-04:00,88.76499938964844,88.91000366210938,88.76010131835938,88.9000015258789,20338,0.0,0.0
2024-07-26 15:25:00-04:00,88.88999938964844,88.94999694824219,88.86009979248047,88.9000015258789,20812,0.0,0.0
2024-07-26 15:30:00-04:00,88.87999725341797,88.87999725341797,88.69999694824219,88.71499633789062,28180,0.0,0.0
2024-07-26 15:35:00-04:00,88.70999908447266,88.82469940185547,88.70999908447266,88.78990173339844,32593,0.0,0.0
2024-07-26 15:40:00-04:00,88.79000091552734,88.83999633789062,88.7699966430664,88.78500366210938,18489,0.0,0.0
2024-07-26 15:45:00-04:00,88.80999755859375,88.91000366210938,88.80000305175781,88.91000366210938,25401,0.0,0.0
2024-07-26 15:50:00-04:00,88.90499877929688,88.9800033569336,88.875,88.87999725341797,56544,0.0,0.0
2024-07-26 15:55:00-04:00,88.875,89.0,88.83999633789062,88.95999908447266,119121,0.0,0.0
