Datetime,Open,High,Low,Close,Volume,Dividends,Stock Splits
2024-06-27 09:30:00-04:00,1.0499999523162842,1.0499999523162842,1.0499999523162842,1.0499999523162842,0,0.0,0.0
2024-06-27 09:35:00-04:00,1.0490000247955322,1.0490000247955322,1.0490000247955322,1.0490000247955322,115,0.0,0.0
2024-06-27 09:40:00-04:00,1.0255000591278076,1.0255000591278076,1.0255000591278076,1.0255000591278076,104,0.0,0.0
2024-06-27 09:45:00-04:00,1.0499000549316406,1.0800000429153442,1.0499000549316406,1.0800000429153442,3520,0.0,0.0
2024-06-27 10:15:00-04:00,1.100000023841858,1.100000023841858,1.100000023841858,1.100000023841858,779,0.0,0.0
2024-06-27 10:30:00-04:00,1.059999942779541,1.059999942779541,1.059999942779541,1.059999942779541,300,0.0,0.0
2024-06-27 10:50:00-04:00,1.0720000267028809,1.0799000263214111,1.0720000267028809,1.0799000263214111,642,0.0,0.0
2024-06-27 11:05:00-04:00,1.079800009727478,1.079800009727478,1.079800009727478,1.079800009727478,9700,0.0,0.0
2024-06-27 11:10:00-04:00,1.0700000524520874,1.0800000429153442,1.0700000524520874,1.0800000429153442,0,0.0,0.0
2024-06-27 11:25:00-04:00,1.0997999906539917,1.0997999906539917,1.0997999906539917,1.0997999906539917,693,0.0,0.0
2024-06-27 11:35:00-04:00,1.0986000299453735,1.0986000299453735,1.090000033378601,1.0972000360488892,1701,0.0,0.0
2024-06-27 11:55:00-04:00,1.100000023841858,1.100000023841858,1.100000023841858,1.100000023841858,790,0.0,0.0
2024-06-27 12:20:00-04:00,1.0801000595092773,1.0801000595092773,1.0801000595092773,1.0801000595092773,110,0.0,0.0
2024-06-27 12:40:00-04:00,1.090000033378601,1.090000033378601,1.090000033378601,1.090000033378601,200,0.0,0.0
2024-06-27 12:55:00-04:00,1.0800000429153442,1.0800000429153442,1.0800000429153442,1.0800000429153442,3500,0.0,0.0
2024-06-27 13:00:00-04:00,1.090000033378601,1.090000033378601,1.0800000429153442,1.0800000429153442,0,0.0,0.0
2024-06-27 13:10:00-04:00,1.0499999523162842,1.0499999523162842,1.0499999523162842,1.0499999523162842,500,0.0,0.0
2024-06-27 13:15:00-04:00,1.0575000047683716,1.0575000047683716,1.0575000047683716,1.0575000047683716,1550,0.0,0.0
2024-06-27 13:35:00-04:00,1.0499999523162842,1.0499999523162842,1.0499999523162842,1.0499999523162842,0,0.0,0.0
2024-06-27 13:55:00-04:00,1.0799000263214111,1.0799000263214111,1.0299999713897705,1.0299999713897705,203,0.0,0.0
2024-06-27 14:35:00-04:00,1.0779999494552612,1.0779999494552612,1.0700000524520874,1.0700000524520874,551,0.0,0.0
2024-06-27 15:55:00-04:00,1.0302000045776367,1.0302000045776367,1.0302000045776367,1.0302000045776367,1110,0.0,0.0
2024-06-28 09:40:00-04:00,1.0199999809265137,1.0199999809265137,1.0199999809265137,1.0199999809265137,117,0.0,0.0
2024-06-28 10:05:00-04:00,1.0200999975204468,1.0200999975204468,1.0200999975204468,1.0200999975204468,1040,0.0,0.0
2024-06-28 11:30:00-04:00,1.0399999618530273,1.0399999618530273,1.0399999618530273,1.0399999618530273,200,0.0,0.0
2024-06-28 12:35:00-04:00,1.0399999618530273,1.0399999618530273,1.0399999618530273,1.0399999618530273,100,0.0,0.0
2024-06-28 12:45:00-04:00,1.0520000457763672,1.06659996509552,1.0520000457763672,1.06659996509552,705,0.0,0.0
2024-06-28 12:50:00-04:00,1.059999942779541,1.0889999866485596,1.059999942779541,1.0889999866485596,3751,0.0,0.0
2024-06-28 13:10:00-04:00,1.0750999450683594,1.0750999450683594,1.0750999450683594,1.0750999450683594,116,0.0,0.0
2024-06-28 13:15:00-04:00,1.059999942779541,1.059999942779541,1.059999942779541,1.059999942779541,211,0.0,0.0
2024-06-28 14:55:00-04:00,1.0399999618530273,1.0399999618530273,1.0399999618530273,1.0399999618530273,394,0.0,0.0
2024-06-28 15:55:00-04:00,1.0299999713897705,1.0399999618530273,1.0299999713897705,1.0399999618530273,695,0.0,0.0
2024-07-01 11:25:00-04:00,1.0479999780654907,1.0479999780654907,1.0449999570846558,1.0449999570846558,850,0.0,0.0
2024-07-01 11:30:00-04:00,1.0499999523162842,1.0800000429153442,1.0499999523162842,1.079800009727478,4240,0.0,0.0
2024-07-01 12:30:00-04:00,1.0698000192642212,1.0698000192642212,1.0698000192642212,1.0698000192642212,36,0.0,0.0
2024-07-01 13:40:00-04:00,1.0700000524520874,1.0700000524520874,1.0700000524520874,1.0700000524520874,200,0.0,0.0
2024-07-01 14:05:00-04:00,1.059999942779541,1.059999942779541,1.059999942779541,1.059999942779541,65,0.0,0.0
2024-07-01 14:10:00-04:00,1.0700000524520874,1.0700000524520874,1.0700000524520874,1.0700000524520874,300,0.0,0.0
2024-07-01 15:25:00-04:00,1.069700002670288,1.0700000524520874,1.069700002670288,1.0700000524520874,1450,0.0,0.0
2024-07-01 15:30:00-04:00,1.0698000192642212,1.090000033378601,1.0698000192642212,1.090000033378601,4680,0.0,0.0
2024-07-01 15:35:00-04:00,1.0999000072479248,1.100000023841858,1.0999000072479248,1.100000023841858,811,0.0,0.0
2024-07-01 15:40:00-04:00,1.1418999433517456,1.1418999433517456,1.1418999433517456,1.1418999433517456,251,0.0,0.0
2024-07-01 15:45:00-04:00,1.1299999952316284,1.1301000118255615,1.1200000047683716,1.1200000047683716,1120,0.0,0.0
2024-07-01 15:50:00-04:00,1.1200000047683716,1.1200000047683716,1.1200000047683716,1.1200000047683716,338,0.0,0.0
2024-07-01 15:55:00-04:00,1.0800000429153442,1.0800000429153442,1.0700000524520874,1.0700000524520874,829,0.0,0.0
2024-07-02 10:40:00-04:00,1.1141999959945679,1.1299999952316284,1.1092000007629395,1.1299999952316284,407,0.0,0.0
2024-07-02 10:50:00-04:00,1.1200000047683716,1.1699999570846558,1.1200000047683716,1.1699999570846558,4197,0.0,0.0
2024-07-02 11:05:00-04:00,1.090000033378601,1.090000033378601,1.090000033378601,1.090000033378601,187,0.0,0.0
2024-07-02 11:10:00-04:00,1.1699999570846558,1.1699999570846558,1.1546000242233276,1.1546000242233276,206,0.0,0.0
2024-07-02 12:05:00-04:00,1.100100040435791,1.100100040435791,1.100100040435791,1.100100040435791,1702,0.0,0.0
2024-07-02 12:10:00-04:00,1.1598999500274658,1.1598999500274658,1.1299999952316284,1.149999976158142,3756,0.0,0.0
2024-07-02 12:15:00-04:00,1.149999976158142,1.149999976158142,1.149999976158142,1.149999976158142,400,0.0,0.0
2024-07-02 12:25:00-04:00,1.1568000316619873,1.1649999618530273,1.1568000316619873,1.1649999618530273,150,0.0,0.0
2024-07-02 12:50:00-04:00,1.1649999618530273,1.1649999618530273,1.149999976158142,1.149999976158142,701,0.0,0.0
2024-07-02 13:00:00-04:00,1.159999966621399,1.159999966621399,1.159999966621399,1.159999966621399,2994,0.0,0.0
2024-07-02 13:55:00-04:00,1.149999976158142,1.1628999710083008,1.149999976158142,1.1628999710083008,950,0.0,0.0
2024-07-02 14:15:00-04:00,1.1799999475479126,1.1799999475479126,1.1699999570846558,1.1699999570846558,2000,0.0,0.0
2024-07-02 14:20:00-04:00,1.1699999570846558,1.1699999570846558,1.1699999570846558,1.1699999570846558,0,0.0,0.0
2024-07-02 14:25:00-04:00,1.1690000295639038,1.1799999475479126,1.1690000295639038,1.1799999475479126,3288,0.0,0.0
2024-07-02 14:30:00-04:00,1.1898000240325928,1.1898000240325928,1.1898000240325928,1.1898000240325928,200,0.0,0.0
2024-07-02 14:45:00-04:00,1.1799999475479126,1.1999000310897827,1.1705000400543213,1.1999000310897827,1300,0.0,0.0
2024-07-02 14:50:00-04:00,1.1973999738693237,1.1973999738693237,1.1973999738693237,1.1973999738693237,815,0.0,0.0
2024-07-02 15:00:00-04:00,1.1799999475479126,1.1799999475479126,1.1799999475479126,1.1799999475479126,200,0.0,0.0
2024-07-02 15:05:00-04:00,1.2000000476837158,1.2000000476837158,1.2000000476837158,1.2000000476837158,234,0.0,0.0
2024-07-02 15:10:00-04:00,1.1627000570297241,1.1627000570297241,1.1627000570297241,1.1627000570297241,1850,0.0,0.0
2024-07-02 15:20:00-04:00,1.2000000476837158,1.2000000476837158,1.2000000476837158,1.2000000476837158,0,0.0,0.0
2024-07-02 15:25:00-04:00,1.1999000310897827,1.1999000310897827,1.159999966621399,1.159999966621399,1700,0.0,0.0
2024-07-02 15:35:00-04:00,1.159999966621399,1.1923999786376953,1.159999966621399,1.1923999786376953,200,0.0,0.0
2024-07-02 15:40:00-04:00,1.1931999921798706,1.1931999921798706,1.1786999702453613,1.1786999702453613,152,0.0,0.0
2024-07-02 15:45:00-04:00,1.1998000144958496,1.1998000144958496,1.1998000144958496,1.1998000144958496,474,0.0,0.0
2024-07-02 15:55:00-04:00,1.192199945449829,1.2000000476837158,1.190000057220459,1.2000000476837158,745,0.0,0.0
2024-07-03 09:30:00-04:00,1.3600000143051147,1.6399999856948853,1.350000023841858,1.444000005722046,969275,0.0,0.0
2024-07-03 09:35:00-04:00,1.440000057220459,1.590000033378601,1.399999976158142,1.5542000532150269,242980,0.0,0.0
2024-07-03 09:40:00-04:00,1.5549999475479126,1.5549999475479126,1.350100040435791,1.3901000022888184,168796,0.0,0.0
2024-07-03 09:45:00-04:00,1.3712999820709229,1.4500000476837158,1.3600000143051147,1.4199999570846558,66488,0.0,0.0
2024-07-03 09:50:00-04:00,1.399999976158142,1.4199999570846558,1.3300000429153442,1.341599941253662,100753,0.0,0.0
2024-07-03 09:55:00-04:00,1.3450000286102295,1.4500000476837158,1.3450000286102295,1.3990999460220337,27823,0.0,0.0
2024-07-03 10:00:00-04:00,1.3801000118255615,1.399999976158142,1.3200000524520874,1.3766000270843506,24089,0.0,0.0
2024-07-03 10:05:00-04:00,1.3701000213623047,1.5099999904632568,1.360200047492981,1.3701000213623047,108382,0.0,0.0
2024-07-03 10:10:00-04:00,1.3701000213623047,1.5299999713897705,1.3701000213623047,1.4505000114440918,98247,0.0,0.0
2024-07-03 10:15:00-04:00,1.4773999452590942,1.600000023841858,1.4600000381469727,1.5099999904632568,261587,0.0,0.0
2024-07-03 10:20:00-04:00,1.5099999904632568,1.649999976158142,1.5,1.5099999904632568,349456,0.0,0.0
2024-07-03 10:25:00-04:00,1.5327999591827393,1.5327999591827393,1.4600000381469727,1.489300012588501,116631,0.0,0.0
2024-07-03 10:30:00-04:00,1.4700000286102295,1.4700000286102295,1.3899999856948853,1.4149999618530273,61918,0.0,0.0
2024-07-03 10:35:00-04:00,1.4299999475479126,1.4648000001907349,1.399999976158142,1.4249999523162842,26165,0.0,0.0
2024-07-03 10:40:00-04:00,1.4041999578475952,1.4900000095367432,1.4041999578475952,1.4400999546051025,24905,0.0,0.0
2024-07-03 10:45:00-04:00,1.4600000381469727,1.5099999904632568,1.4600000381469727,1.4900000095367432,31867,0.0,0.0
2024-07-03 10:50:00-04:00,1.5099999904632568,1.5800000429153442,1.5,1.5099999904632568,115064,0.0,0.0
2024-07-03 10:55:00-04:00,1.5199999809265137,1.5199999809265137,1.4299999475479126,1.4600000381469727,56176,0.0,0.0
2024-07-03 11:00:00-04:00,1.4600000381469727,1.5198999643325806,1.440000057220459,1.5144000053405762,47081,0.0,0.0
2024-07-03 11:05:00-04:00,1.51010000705719,1.5199999809265137,1.399999976158142,1.4500000476837158,89089,0.0,0.0
2024-07-03 11:10:00-04:00,1.4499000310897827,1.4500000476837158,1.399999976158142,1.4249999523162842,51681,0.0,0.0
2024-07-03 11:15:00-04:00,1.4249999523162842,1.4249999523162842,1.409999966621399,1.4103000164031982,4214,0.0,0.0
2024-07-03 11:20:00-04:00,1.4199999570846558,1.4799000024795532,1.4199999570846558,1.4300999641418457,23167,0.0,0.0
2024-07-03 11:25:00-04:00,1.44159996509552,1.5800000429153442,1.4300999641418457,1.4731999635696411,113718,0.0,0.0
2024-07-03 11:30:00-04:00,1.4996999502182007,1.4996999502182007,1.4500000476837158,1.4797999858856201,20943,0.0,0.0
2024-07-03 11:35:00-04:00,1.4670000076293945,1.4900000095367432,1.4500999450683594,1.4500999450683594,5327,0.0,0.0
2024-07-03 11:40:00-04:00,1.4500000476837158,1.475000023841858,1.4500000476837158,1.475000023841858,1793,0.0,0.0
2024-07-03 11:45:00-04:00,1.4859999418258667,1.5264999866485596,1.4500000476837158,1.4800000190734863,86105,0.0,0.0
2024-07-03 11:50:00-04:00,1.4609999656677246,1.4896999597549438,1.4500000476837158,1.4896999597549438,25662,0.0,0.0
2024-07-03 11:55:00-04:00,1.4601000547409058,1.4774999618530273,1.4601000547409058,1.4774999618530273,2756,0.0,0.0
2024-07-03 12:00:00-04:00,1.4800000190734863,1.5181000232696533,1.2599999904632568,1.2800999879837036,251048,0.0,0.0
2024-07-03 12:05:00-04:00,1.2818000316619873,1.309999942779541,1.2200000286102295,1.2400000095367432,41914,0.0,0.0
2024-07-03 12:10:00-04:00,1.2300000190734863,1.2698999643325806,1.2200000286102295,1.2654000520706177,10090,0.0,0.0
2024-07-03 12:15:00-04:00,1.2400000095367432,1.2597999572753906,1.2100000381469727,1.2200000286102295,19885,0.0,0.0
2024-07-03 12:20:00-04:00,1.2246999740600586,1.2669999599456787,1.2246999740600586,1.25,18142,0.0,0.0
2024-07-03 12:25:00-04:00,1.2400000095367432,1.2698999643325806,1.2400000095367432,1.2690000534057617,6247,0.0,0.0
2024-07-03 12:30:00-04:00,1.2599999904632568,1.2798999547958374,1.2599999904632568,1.2699999809265137,13363,0.0,0.0
2024-07-03 12:35:00-04:00,1.277999997138977,1.277999997138977,1.2599999904632568,1.2699999809265137,11561,0.0,0.0
2024-07-03 12:40:00-04:00,1.2725000381469727,1.2725000381469727,1.25,1.2515000104904175,10761,0.0,0.0
2024-07-03 12:45:00-04:00,1.2599999904632568,1.2626999616622925,1.2400000095367432,1.2400000095367432,16069,0.0,0.0
2024-07-03 12:50:00-04:00,1.2402000427246094,1.2599999904632568,1.2400000095367432,1.2599999904632568,5327,0.0,0.0
2024-07-03 12:55:00-04:00,1.2599999904632568,1.2699999809265137,1.2000000476837158,1.215000033378601,44361,0.0,0.0
2024-07-05 09:30:00-04:00,1.190000057220459,1.190000057220459,1.1699999570846558,1.1699999570846558,33901,0.0,0.0
2024-07-05 09:35:00-04:00,1.184999942779541,1.184999942779541,1.1100000143051147,1.1100000143051147,13875,0.0,0.0
2024-07-05 09:40:00-04:00,1.1200000047683716,1.1200000047683716,1.1200000047683716,1.1200000047683716,2971,0.0,0.0
2024-07-05 09:45:00-04:00,1.149999976158142,1.149999976158142,1.100000023841858,1.117799997329712,32307,0.0,0.0
2024-07-05 09:50:00-04:00,1.1053999662399292,1.1150000095367432,1.100000023841858,1.1007000207901,10259,0.0,0.0
2024-07-05 09:55:00-04:00,1.090000033378601,1.1026999950408936,1.0299999713897705,1.0369999408721924,19466,0.0,0.0
2024-07-05 10:00:00-04:00,1.0299999713897705,1.0490000247955322,0.9595999717712402,0.9815999865531921,11316,0.0,0.0
2024-07-05 10:05:00-04:00,1.0299999713897705,1.0399999618530273,0.9850999712944031,0.9900000095367432,5837,0.0,0.0
2024-07-05 10:10:00-04:00,1.0399999618530273,1.0399999618530273,0.9905999898910522,1.024999976158142,6246,0.0,0.0
2024-07-05 10:15:00-04:00,1.0398999452590942,1.0800000429153442,1.0390000343322754,1.0499999523162842,12511,0.0,0.0
2024-07-05 10:20:00-04:00,1.0774999856948853,1.0800000429153442,1.0741000175476074,1.0791000127792358,7471,0.0,0.0
2024-07-05 10:25:00-04:00,1.0800000429153442,1.0800000429153442,1.065000057220459,1.0800000429153442,3748,0.0,0.0
2024-07-05 10:30:00-04:00,1.0700000524520874,1.0800000429153442,1.0499999523162842,1.0700000524520874,8105,0.0,0.0
2024-07-05 10:40:00-04:00,1.0449999570846558,1.0500999689102173,1.0449999570846558,1.0500999689102173,9550,0.0,0.0
2024-07-05 10:45:00-04:00,1.0684000253677368,1.0700000524520874,1.065000057220459,1.069200038909912,3270,0.0,0.0
2024-07-05 10:50:00-04:00,1.059999942779541,1.089900016784668,1.059999942779541,1.0898000001907349,1267,0.0,0.0
2024-07-05 10:55:00-04:00,1.090000033378601,1.090000033378601,1.065999984741211,1.0750000476837158,3406,0.0,0.0
2024-07-05 11:00:00-04:00,1.063599944114685,1.063599944114685,1.063599944114685,1.063599944114685,1577,0.0,0.0
2024-07-05 11:20:00-04:00,1.0600999593734741,1.090000033378601,1.0600999593734741,1.0750000476837158,938,0.0,0.0
2024-07-05 11:25:00-04:00,1.070099949836731,1.0750000476837158,1.0600999593734741,1.0600999593734741,726,0.0,0.0
2024-07-05 11:30:00-04:00,1.0700000524520874,1.0700000524520874,1.0700000524520874,1.0700000524520874,196,0.0,0.0
2024-07-05 11:45:00-04:00,1.0700000524520874,1.0800000429153442,1.065000057220459,1.065000057220459,3154,0.0,0.0
2024-07-05 11:50:00-04:00,1.0609999895095825,1.0609999895095825,1.059999942779541,1.059999942779541,702,0.0,0.0
2024-07-05 11:55:00-04:00,1.0499999523162842,1.0499999523162842,1.0499999523162842,1.0499999523162842,2367,0.0,0.0
2024-07-05 12:00:00-04:00,1.0400999784469604,1.0496000051498413,1.0399999618530273,1.0496000051498413,3978,0.0,0.0
2024-07-05 12:05:00-04:00,1.0399999618530273,1.0399999618530273,1.0358999967575073,1.0358999967575073,147,0.0,0.0
2024-07-05 12:10:00-04:00,1.0299999713897705,1.0299999713897705,1.0211999416351318,1.0211999416351318,2300,0.0,0.0
2024-07-05 12:15:00-04:00,1.0200999975204468,1.0299999713897705,1.0199999809265137,1.024999976158142,3240,0.0,0.0
2024-07-05 12:20:00-04:00,1.024999976158142,1.0299999713897705,1.024999976158142,1.0299999713897705,6608,0.0,0.0
2024-07-05 12:40:00-04:00,1.0499999523162842,1.059999942779541,1.0399999618530273,1.0399999618530273,575,0.0,0.0
2024-07-05 12:55:00-04:00,1.059999942779541,1.059999942779541,1.059999942779541,1.059999942779541,650,0.0,0.0
2024-07-05 13:00:00-04:00,1.0499999523162842,1.0499999523162842,1.0499999523162842,1.0499999523162842,567,0.0,0.0
2024-07-05 13:05:00-04:00,1.0573999881744385,1.0599000453948975,1.0549999475479126,1.0599000453948975,2086,0.0,0.0
2024-07-05 13:10:00-04:00,1.059999942779541,1.0698000192642212,1.059999942779541,1.0600999593734741,963,0.0,0.0
2024-07-05 13:15:00-04:00,1.0694999694824219,1.100000023841858,1.0613000392913818,1.0750000476837158,8191,0.0,0.0
2024-07-05 13:20:00-04:00,1.0880000591278076,1.0880000591278076,1.0800000429153442,1.0880000591278076,0,0.0,0.0
2024-07-05 13:45:00-04:00,1.0800000429153442,1.100000023841858,1.0800000429153442,1.0887000560760498,5540,0.0,0.0
2024-07-05 13:50:00-04:00,1.0793999433517456,1.0793999433517456,1.0793999433517456,1.0793999433517456,320,0.0,0.0
2024-07-05 13:55:00-04:00,1.0793999433517456,1.100000023841858,1.0793999433517456,1.100000023841858,797,0.0,0.0
2024-07-05 14:00:00-04:00,1.0794999599456787,1.0794999599456787,1.0794999599456787,1.0794999599456787,107,0.0,0.0
2024-07-05 14:05:00-04:00,1.0750000476837158,1.0750000476837158,1.0750000476837158,1.0750000476837158,251,0.0,0.0
2024-07-05 14:10:00-04:00,1.0777000188827515,1.090000033378601,1.0600999593734741,1.089900016784668,1453,0.0,0.0
2024-07-05 14:15:00-04:00,1.089900016784668,1.1299999952316284,1.0878000259399414,1.1299999952316284,9632,0.0,0.0
2024-07-05 14:25:00-04:00,1.1390999555587769,1.1390999555587769,1.1390999555587769,1.1390999555587769,104,0.0,0.0
2024-07-05 14:30:00-04:00,1.1398999691009521,1.1399999856948853,1.1398999691009521,1.1399999856948853,810,0.0,0.0
2024-07-05 14:35:00-04:00,1.1100000143051147,1.1100000143051147,1.1100000143051147,1.1100000143051147,631,0.0,0.0
2024-07-05 14:40:00-04:00,1.149999976158142,1.149999976158142,1.149999976158142,1.149999976158142,3246,0.0,0.0
2024-07-05 14:45:00-04:00,1.1799999475479126,1.190000057220459,1.1505000591278076,1.1699999570846558,10667,0.0,0.0
2024-07-05 14:50:00-04:00,1.159999966621399,1.190000057220459,1.149999976158142,1.190000057220459,517,0.0,0.0
2024-07-05 15:00:00-04:00,1.1500999927520752,1.1500999927520752,1.149999976158142,1.149999976158142,2125,0.0,0.0
2024-07-05 15:15:00-04:00,1.1398999691009521,1.1399999856948853,1.1398999691009521,1.1399999856948853,1410,0.0,0.0
2024-07-05 15:20:00-04:00,1.1399999856948853,1.1399999856948853,1.1399999856948853,1.1399999856948853,200,0.0,0.0
2024-07-05 15:25:00-04:00,1.125,1.125,1.125,1.125,367,0.0,0.0
2024-07-05 15:30:00-04:00,1.1399999856948853,1.1399999856948853,1.1399999856948853,1.1399999856948853,0,0.0,0.0
2024-07-05 15:45:00-04:00,1.125,1.159999966621399,1.1220999956130981,1.159999966621399,2584,0.0,0.0
2024-07-05 15:50:00-04:00,1.1349999904632568,1.1699999570846558,1.1349999904632568,1.1549999713897705,1659,0.0,0.0
2024-07-05 15:55:00-04:00,1.1670000553131104,1.1679999828338623,1.142300009727478,1.149999976158142,3428,0.0,0.0
2024-07-08 09:30:00-04:00,1.059999942779541,1.059999942779541,1.0500999689102173,1.0500999689102173,3808,0.0,0.0
2024-07-08 09:40:00-04:00,1.0750000476837158,1.0750000476837158,1.0500999689102173,1.0540000200271606,6628,0.0,0.0
2024-07-08 09:45:00-04:00,1.0525000095367432,1.055400013923645,1.0525000095367432,1.055400013923645,1798,0.0,0.0
2024-07-08 09:50:00-04:00,1.0499999523162842,1.0800000429153442,1.0499999523162842,1.0800000429153442,6444,0.0,0.0
2024-07-08 09:55:00-04:00,1.0499999523162842,1.0499999523162842,1.0499999523162842,1.0499999523162842,200,0.0,0.0
2024-07-08 10:00:00-04:00,1.0499999523162842,1.0499999523162842,1.0499999523162842,1.0499999523162842,1941,0.0,0.0
2024-07-08 10:05:00-04:00,1.0499999523162842,1.0499999523162842,1.0499999523162842,1.0499999523162842,0,0.0,0.0
2024-07-08 10:20:00-04:00,1.0499999523162842,1.0499999523162842,1.0499999523162842,1.0499999523162842,1420,0.0,0.0
2024-07-08 10:25:00-04:00,1.065000057220459,1.065000057220459,1.065000057220459,1.065000057220459,1392,0.0,0.0
2024-07-08 10:30:00-04:00,1.0800000429153442,1.0800000429153442,1.0700000524520874,1.0800000429153442,3240,0.0,0.0
2024-07-08 10:35:00-04:00,1.065000057220459,1.0776000022888184,1.065000057220459,1.0776000022888184,580,0.0,0.0
2024-07-08 10:45:00-04:00,1.065000057220459,1.065000057220459,1.065000057220459,1.065000057220459,500,0.0,0.0
2024-07-08 10:50:00-04:00,1.0501999855041504,1.0503000020980835,1.0501999855041504,1.0503000020980835,850,0.0,0.0
2024-07-08 10:55:00-04:00,1.0705000162124634,1.0705000162124634,1.0705000162124634,1.0705000162124634,1898,0.0,0.0
2024-07-08 11:40:00-04:00,1.0729999542236328,1.0729999542236328,1.0729999542236328,1.0729999542236328,622,0.0,0.0
2024-07-08 11:55:00-04:00,1.0989999771118164,1.0989999771118164,1.0989999771118164,1.0989999771118164,117,0.0,0.0
2024-07-08 12:20:00-04:00,1.0702999830245972,1.0702999830245972,1.070099949836731,1.0702999830245972,4930,0.0,0.0
2024-07-08 12:30:00-04:00,1.0700000524520874,1.0700000524520874,1.0700000524520874,1.0700000524520874,0,0.0,0.0
2024-07-08 12:35:00-04:00,1.090000033378601,1.090000033378601,1.089900016784668,1.089900016784668,3337,0.0,0.0
2024-07-08 12:40:00-04:00,1.0814000368118286,1.090000033378601,1.0800000429153442,1.0805000066757202,2652,0.0,0.0
2024-07-08 12:45:00-04:00,1.090000033378601,1.090000033378601,1.089900016784668,1.089900016784668,1895,0.0,0.0
2024-07-08 12:50:00-04:00,1.070099949836731,1.070099949836731,1.070099949836731,1.070099949836731,1722,0.0,0.0
2024-07-08 13:05:00-04:00,1.0889999866485596,1.090000033378601,1.0889999866485596,1.089900016784668,142,0.0,0.0
2024-07-08 13:10:00-04:00,1.089900016784668,1.089900016784668,1.089900016784668,1.089900016784668,620,0.0,0.0
2024-07-08 13:15:00-04:00,1.090000033378601,1.090000033378601,1.089900016784668,1.089900016784668,702,0.0,0.0
2024-07-08 13:30:00-04:00,1.070099949836731,1.070099949836731,1.070099949836731,1.070099949836731,311,0.0,0.0
2024-07-08 13:50:00-04:00,1.0720000267028809,1.0720000267028809,1.0720000267028809,1.0720000267028809,600,0.0,0.0
2024-07-08 14:00:00-04:00,1.1100000143051147,1.1100000143051147,1.1100000143051147,1.1100000143051147,0,0.0,0.0
2024-07-08 14:30:00-04:00,1.100000023841858,1.100000023841858,1.100000023841858,1.100000023841858,200,0.0,0.0
2024-07-08 14:50:00-04:00,1.100000023841858,1.100000023841858,1.100000023841858,1.100000023841858,1272,0.0,0.0
2024-07-08 15:05:00-04:00,1.0994000434875488,1.0994000434875488,1.0994000434875488,1.0994000434875488,530,0.0,0.0
2024-07-08 15:10:00-04:00,1.090399980545044,1.090399980545044,1.090399980545044,1.090399980545044,2125,0.0,0.0
2024-07-08 15:25:00-04:00,1.0901000499725342,1.0901000499725342,1.0901000499725342,1.0901000499725342,1000,0.0,0.0
2024-07-08 15:30:00-04:00,1.0982999801635742,1.0982999801635742,1.0901000499725342,1.0901000499725342,2246,0.0,0.0
2024-07-08 15:35:00-04:00,1.0901000499725342,1.0901000499725342,1.0901000499725342,1.0901000499725342,322,0.0,0.0
2024-07-08 15:40:00-04:00,1.0901000499725342,1.100000023841858,1.0901000499725342,1.100000023841858,0,0.0,0.0
2024-07-08 15:55:00-04:00,1.0994999408721924,1.0994999408721924,1.0994999408721924,1.0994999408721924,202,0.0,0.0
2024-07-09 09:30:00-04:00,1.0700000524520874,1.1100000143051147,1.0700000524520874,1.1100000143051147,19042,0.0,0.0
2024-07-09 09:35:00-04:00,1.128000020980835,1.128000020980835,1.128000020980835,1.128000020980835,213,0.0,0.0
2024-07-09 09:40:00-04:00,1.1399999856948853,1.1399999856948853,1.1100000143051147,1.1100000143051147,1328,0.0,0.0
2024-07-09 09:45:00-04:00,1.125,1.125,1.125,1.125,1886,0.0,0.0
2024-07-09 10:00:00-04:00,1.100000023841858,1.149999976158142,1.100000023841858,1.149999976158142,1463,0.0,0.0
2024-07-09 10:10:00-04:00,1.1208000183105469,1.159999966621399,1.1208000183105469,1.159999966621399,2078,0.0,0.0
2024-07-09 10:15:00-04:00,1.159999966621399,1.159999966621399,1.159999966621399,1.159999966621399,1730,0.0,0.0
2024-07-09 10:20:00-04:00,1.1699999570846558,1.1799999475479126,1.1699999570846558,1.1799999475479126,1675,0.0,0.0
2024-07-09 10:25:00-04:00,1.1699999570846558,1.1699999570846558,1.1699999570846558,1.1699999570846558,403,0.0,0.0
2024-07-09 10:30:00-04:00,1.1699999570846558,1.1699999570846558,1.149999976158142,1.1699999570846558,1127,0.0,0.0
2024-07-09 10:35:00-04:00,1.1699999570846558,1.1699999570846558,1.1699999570846558,1.1699999570846558,900,0.0,0.0
2024-07-09 10:40:00-04:00,1.1699999570846558,1.1699999570846558,1.1699999570846558,1.1699999570846558,2135,0.0,0.0
2024-07-09 10:45:00-04:00,1.190000057220459,1.190000057220459,1.1799999475479126,1.1799999475479126,775,0.0,0.0
2024-07-09 10:50:00-04:00,1.190000057220459,1.190000057220459,1.190000057220459,1.190000057220459,1238,0.0,0.0
2024-07-09 10:55:00-04:00,1.190000057220459,1.190000057220459,1.160099983215332,1.160099983215332,1406,0.0,0.0
2024-07-09 11:00:00-04:00,1.1799999475479126,1.1799999475479126,1.1799999475479126,1.1799999475479126,1300,0.0,0.0
2024-07-09 11:05:00-04:00,1.190000057220459,1.190000057220459,1.190000057220459,1.190000057220459,310,0.0,0.0
2024-07-09 11:10:00-04:00,1.190000057220459,1.190000057220459,1.1881999969482422,1.1881999969482422,1160,0.0,0.0
2024-07-09 11:15:00-04:00,1.190000057220459,1.190000057220459,1.190000057220459,1.190000057220459,803,0.0,0.0
2024-07-09 11:20:00-04:00,1.190000057220459,1.218000054359436,1.190000057220459,1.2079999446868896,9378,0.0,0.0
2024-07-09 11:25:00-04:00,1.2100000381469727,1.2100000381469727,1.2100000381469727,1.2100000381469727,573,0.0,0.0
2024-07-09 11:30:00-04:00,1.2000999450683594,1.2300000190734863,1.2000999450683594,1.2246999740600586,8903,0.0,0.0
2024-07-09 11:35:00-04:00,1.2200000286102295,1.2200000286102295,1.2200000286102295,1.2200000286102295,500,0.0,0.0
2024-07-09 11:40:00-04:00,1.2100000381469727,1.2400000095367432,1.2100000381469727,1.2400000095367432,700,0.0,0.0
2024-07-09 11:45:00-04:00,1.2400000095367432,1.2400000095367432,1.2400000095367432,1.2400000095367432,1380,0.0,0.0
2024-07-09 11:50:00-04:00,1.2400000095367432,1.2400000095367432,1.2400000095367432,1.2400000095367432,356,0.0,0.0
2024-07-09 11:55:00-04:00,1.2400000095367432,1.2599999904632568,1.2400000095367432,1.2489999532699585,2900,0.0,0.0
2024-07-09 12:00:00-04:00,1.2200000286102295,1.2200000286102295,1.2200000286102295,1.2200000286102295,895,0.0,0.0
2024-07-09 12:05:00-04:00,1.2300000190734863,1.2400000095367432,1.2300000190734863,1.2400000095367432,2892,0.0,0.0
2024-07-09 12:10:00-04:00,1.25,1.2599999904632568,1.2400000095367432,1.2400000095367432,404,0.0,0.0
2024-07-09 12:15:00-04:00,1.2599999904632568,1.2599999904632568,1.2599999904632568,1.2599999904632568,1500,0.0,0.0
2024-07-09 12:20:00-04:00,1.2690000534057617,1.2690000534057617,1.2690000534057617,1.2690000534057617,316,0.0,0.0
2024-07-09 12:25:00-04:00,1.2698999643325806,1.2699999809265137,1.2599999904632568,1.2599999904632568,2281,0.0,0.0
2024-07-09 12:30:00-04:00,1.2599999904632568,1.2599999904632568,1.2549999952316284,1.2549999952316284,735,0.0,0.0
2024-07-09 12:35:00-04:00,1.2599999904632568,1.2599999904632568,1.2599999904632568,1.2599999904632568,800,0.0,0.0
2024-07-09 12:40:00-04:00,1.2400000095367432,1.2400000095367432,1.2301000356674194,1.2400000095367432,1285,0.0,0.0
2024-07-09 12:45:00-04:00,1.2000999450683594,1.2200000286102295,1.2000999450683594,1.2100000381469727,5013,0.0,0.0
2024-07-09 12:50:00-04:00,1.2300000190734863,1.2300000190734863,1.2200000286102295,1.2300000190734863,1411,0.0,0.0
2024-07-09 12:55:00-04:00,1.25,1.25,1.25,1.25,200,0.0,0.0
2024-07-09 13:00:00-04:00,1.2599999904632568,1.2599999904632568,1.2599999904632568,1.2599999904632568,1453,0.0,0.0
2024-07-09 13:10:00-04:00,1.2511999607086182,1.2699999809265137,1.2511999607086182,1.2699999809265137,1606,0.0,0.0
2024-07-09 13:25:00-04:00,1.2691999673843384,1.2691999673843384,1.2691999673843384,1.2691999673843384,297,0.0,0.0
2024-07-09 13:30:00-04:00,1.2698999643325806,1.2699999809265137,1.2599999904632568,1.2599999904632568,5069,0.0,0.0
2024-07-09 13:35:00-04:00,1.26010000705719,1.26010000705719,1.26010000705719,1.26010000705719,677,0.0,0.0
2024-07-09 13:45:00-04:00,1.2899999618530273,1.2999999523162842,1.2899999618530273,1.2999999523162842,1839,0.0,0.0
2024-07-09 13:50:00-04:00,1.3200000524520874,1.3650000095367432,1.3100999593734741,1.350000023841858,4062,0.0,0.0
2024-07-09 13:55:00-04:00,1.3799999952316284,1.3799999952316284,1.3200000524520874,1.350000023841858,3140,0.0,0.0
2024-07-09 14:00:00-04:00,1.3550000190734863,1.3550000190734863,1.2900999784469604,1.2900999784469604,3563,0.0,0.0
2024-07-09 14:05:00-04:00,1.3300000429153442,1.3300000429153442,1.3300000429153442,1.3300000429153442,0,0.0,0.0
2024-07-09 14:15:00-04:00,1.3200000524520874,1.3200000524520874,1.319000005722046,1.319000005722046,1237,0.0,0.0
2024-07-09 14:20:00-04:00,1.309999942779541,1.3200000524520874,1.309999942779541,1.3200000524520874,1270,0.0,0.0
2024-07-09 14:25:00-04:00,1.3200000524520874,1.3200000524520874,1.3200000524520874,1.3200000524520874,695,0.0,0.0
2024-07-09 14:35:00-04:00,1.3300000429153442,1.3300000429153442,1.3300000429153442,1.3300000429153442,200,0.0,0.0
2024-07-09 14:40:00-04:00,1.3300000429153442,1.3300000429153442,1.3300000429153442,1.3300000429153442,740,0.0,0.0
2024-07-09 14:45:00-04:00,1.3200000524520874,1.340000033378601,1.3200000524520874,1.340000033378601,1267,0.0,0.0
2024-07-09 14:50:00-04:00,1.3300000429153442,1.3300000429153442,1.3289999961853027,1.3300000429153442,1842,0.0,0.0
2024-07-09 15:00:00-04:00,1.3200000524520874,1.3200000524520874,1.309999942779541,1.309999942779541,941,0.0,0.0
2024-07-09 15:05:00-04:00,1.3300000429153442,1.3300000429153442,1.3300000429153442,1.3300000429153442,200,0.0,0.0
2024-07-09 15:10:00-04:00,1.3200000524520874,1.3300000429153442,1.3200000524520874,1.3300000429153442,600,0.0,0.0
2024-07-09 15:15:00-04:00,1.309999942779541,1.309999942779541,1.309999942779541,1.309999942779541,111,0.0,0.0
2024-07-09 15:25:00-04:00,1.2404999732971191,1.2799999713897705,1.2404999732971191,1.2799999713897705,925,0.0,0.0
2024-07-09 15:30:00-04:00,1.2799999713897705,1.2799999713897705,1.2799999713897705,1.2799999713897705,5,0.0,0.0
2024-07-09 15:35:00-04:00,1.2799999713897705,1.2799999713897705,1.25,1.25,714,0.0,0.0
2024-07-09 15:40:00-04:00,1.2599999904632568,1.2599999904632568,1.2599999904632568,1.2599999904632568,315,0.0,0.0
2024-07-09 15:50:00-04:00,1.2799999713897705,1.2799999713897705,1.250100016593933,1.2799999713897705,337,0.0,0.0
2024-07-09 15:55:00-04:00,1.2799999713897705,1.2999999523162842,1.2799999713897705,1.2999999523162842,658,0.0,0.0
2024-07-10 09:30:00-04:00,1.2999999523162842,1.309999942779541,1.2999999523162842,1.3003000020980835,4265,0.0,0.0
2024-07-10 09:35:00-04:00,1.3042000532150269,1.3042000532150269,1.3042000532150269,1.3042000532150269,360,0.0,0.0
2024-07-10 10:00:00-04:00,1.2999999523162842,1.2999999523162842,1.2799999713897705,1.2999999523162842,8293,0.0,0.0
2024-07-10 10:05:00-04:00,1.2599999904632568,1.2599999904632568,1.2599999904632568,1.2599999904632568,2288,0.0,0.0
2024-07-10 10:15:00-04:00,1.25,1.25,1.25,1.25,1676,0.0,0.0
2024-07-10 10:35:00-04:00,1.25,1.2519999742507935,1.25,1.2519999742507935,254,0.0,0.0
2024-07-10 10:50:00-04:00,1.2519999742507935,1.253000020980835,1.2519999742507935,1.253000020980835,1784,0.0,0.0
2024-07-10 11:00:00-04:00,1.274899959564209,1.274899959564209,1.274899959564209,1.274899959564209,0,0.0,0.0
2024-07-10 11:10:00-04:00,1.25,1.2549999952316284,1.25,1.2549999952316284,350,0.0,0.0
2024-07-10 11:15:00-04:00,1.2549999952316284,1.2799999713897705,1.2549999952316284,1.2799999713897705,3962,0.0,0.0
2024-07-10 12:10:00-04:00,1.2799999713897705,1.2799999713897705,1.2799999713897705,1.2799999713897705,406,0.0,0.0
2024-07-10 12:40:00-04:00,1.2799999713897705,1.2799999713897705,1.2799999713897705,1.2799999713897705,200,0.0,0.0
2024-07-10 13:00:00-04:00,1.2799999713897705,1.2799999713897705,1.2799999713897705,1.2799999713897705,2,0.0,0.0
2024-07-10 13:15:00-04:00,1.2599999904632568,1.2599999904632568,1.2100000381469727,1.2100000381469727,13631,0.0,0.0
2024-07-10 13:35:00-04:00,1.225000023841858,1.225000023841858,1.225000023841858,1.225000023841858,207,0.0,0.0
2024-07-10 14:10:00-04:00,1.2304999828338623,1.2400000095367432,1.2101000547409058,1.2101000547409058,688,0.0,0.0
2024-07-10 14:30:00-04:00,1.2344000339508057,1.2344000339508057,1.2344000339508057,1.2344000339508057,200,0.0,0.0
2024-07-10 14:35:00-04:00,1.2400000095367432,1.2400000095367432,1.2400000095367432,1.2400000095367432,190,0.0,0.0
2024-07-10 15:30:00-04:00,1.2130000591278076,1.2200000286102295,1.2130000591278076,1.2200000286102295,456,0.0,0.0
2024-07-10 15:35:00-04:00,1.2218999862670898,1.2218999862670898,1.2218999862670898,1.2218999862670898,1231,0.0,0.0
2024-07-10 15:45:00-04:00,1.2101000547409058,1.2200000286102295,1.2101000547409058,1.2200000286102295,3500,0.0,0.0
2024-07-10 15:50:00-04:00,1.2200000286102295,1.2300000190734863,1.2100000381469727,1.2300000190734863,441,0.0,0.0
2024-07-11 09:45:00-04:00,1.2300000190734863,1.2300000190734863,1.2300000190734863,1.2300000190734863,2398,0.0,0.0
2024-07-11 09:50:00-04:00,1.2350000143051147,1.2450000047683716,1.2350000143051147,1.2450000047683716,605,0.0,0.0
2024-07-11 09:55:00-04:00,1.2599999904632568,1.2649999856948853,1.2533999681472778,1.2533999681472778,466,0.0,0.0
2024-07-11 10:10:00-04:00,1.2699999809265137,1.2699999809265137,1.2699999809265137,1.2699999809265137,1076,0.0,0.0
2024-07-11 10:15:00-04:00,1.2797000408172607,1.2797000408172607,1.2797000408172607,1.2797000408172607,1200,0.0,0.0
2024-07-11 10:20:00-04:00,1.2799999713897705,1.2799999713897705,1.2799999713897705,1.2799999713897705,0,0.0,0.0
2024-07-11 10:45:00-04:00,1.2699999809265137,1.2699999809265137,1.2699999809265137,1.2699999809265137,3606,0.0,0.0
2024-07-11 11:00:00-04:00,1.2699999809265137,1.2699999809265137,1.26010000705719,1.26010000705719,208,0.0,0.0
2024-07-11 11:05:00-04:00,1.2599999904632568,1.2599999904632568,1.2599999904632568,1.2599999904632568,2100,0.0,0.0
2024-07-11 11:10:00-04:00,1.250100016593933,1.250100016593933,1.250100016593933,1.250100016593933,1000,0.0,0.0
2024-07-11 11:30:00-04:00,1.2245999574661255,1.2245999574661255,1.2245999574661255,1.2245999574661255,1079,0.0,0.0
2024-07-11 11:45:00-04:00,1.2295000553131104,1.2295000553131104,1.2200000286102295,1.226699948310852,606,0.0,0.0
2024-07-11 11:55:00-04:00,1.225000023841858,1.225000023841858,1.225000023841858,1.225000023841858,238,0.0,0.0
2024-07-11 12:25:00-04:00,1.2324999570846558,1.2324999570846558,1.2324999570846558,1.2324999570846558,216,0.0,0.0
2024-07-11 15:25:00-04:00,1.2300000190734863,1.2300000190734863,1.2300000190734863,1.2300000190734863,251,0.0,0.0
2024-07-11 15:35:00-04:00,1.2350000143051147,1.2441999912261963,1.2350000143051147,1.2441999912261963,470,0.0,0.0
2024-07-11 15:55:00-04:00,1.2599999904632568,1.2599999904632568,1.2599999904632568,1.2599999904632568,150,0.0,0.0
2024-07-12 09:35:00-04:00,1.2000999450683594,1.2000999450683594,1.2000999450683594,1.2000999450683594,1123,0.0,0.0
2024-07-12 09:45:00-04:00,1.2000999450683594,1.2000999450683594,1.2000000476837158,1.2000000476837158,221,0.0,0.0
2024-07-12 09:55:00-04:00,1.2036000490188599,1.2036000490188599,1.2036000490188599,1.2036000490188599,357,0.0,0.0
2024-07-12 10:55:00-04:00,1.2300000190734863,1.2300000190734863,1.211400032043457,1.211400032043457,2619,0.0,0.0
2024-07-12 11:25:00-04:00,1.211400032043457,1.211400032043457,1.211400032043457,1.211400032043457,3000,0.0,0.0
2024-07-12 11:30:00-04:00,1.211400032043457,1.211400032043457,1.2101000547409058,1.2101000547409058,4000,0.0,0.0
2024-07-12 11:35:00-04:00,1.2101000547409058,1.2300000190734863,1.2101000547409058,1.2300000190734863,3725,0.0,0.0
2024-07-12 13:30:00-04:00,1.2200000286102295,1.2200000286102295,1.215000033378601,1.215000033378601,2461,0.0,0.0
2024-07-12 13:40:00-04:00,1.2000000476837158,1.2000999450683594,1.2000000476837158,1.2000999450683594,6143,0.0,0.0
2024-07-12 14:25:00-04:00,1.2099000215530396,1.2099000215530396,1.1800999641418457,1.1800999641418457,7457,0.0,0.0
2024-07-12 14:30:00-04:00,1.1800999641418457,1.1801999807357788,1.1799999475479126,1.1801999807357788,2695,0.0,0.0
2024-07-12 14:35:00-04:00,1.1201000213623047,1.1201000213623047,1.1200000047683716,1.1200000047683716,915,0.0,0.0
2024-07-12 14:40:00-04:00,1.149899959564209,1.149999976158142,1.1399999856948853,1.1404999494552612,1436,0.0,0.0
2024-07-12 14:50:00-04:00,1.163599967956543,1.163599967956543,1.163599967956543,1.163599967956543,967,0.0,0.0
2024-07-12 15:10:00-04:00,1.1799999475479126,1.2000000476837158,1.1799999475479126,1.2000000476837158,507,0.0,0.0
2024-07-12 15:40:00-04:00,1.2400000095367432,1.2400000095367432,1.2300000190734863,1.2300000190734863,709,0.0,0.0
2024-07-12 15:45:00-04:00,1.2599999904632568,1.2599999904632568,1.2599999904632568,1.2599999904632568,2,0.0,0.0
2024-07-12 15:55:00-04:00,1.190000057220459,1.190000057220459,1.190000057220459,1.190000057220459,150,0.0,0.0
2024-07-15 09:35:00-04:00,1.2000000476837158,1.2000000476837158,1.2000000476837158,1.2000000476837158,634,0.0,0.0
2024-07-15 09:45:00-04:00,1.190000057220459,1.190000057220459,1.190000057220459,1.190000057220459,600,0.0,0.0
2024-07-15 09:50:00-04:00,1.190000057220459,1.190000057220459,1.190000057220459,1.190000057220459,437,0.0,0.0
2024-07-15 12:20:00-04:00,1.2000000476837158,1.2000000476837158,1.2000000476837158,1.2000000476837158,962,0.0,0.0
2024-07-15 12:25:00-04:00,1.1999000310897827,1.1999000310897827,1.1999000310897827,1.1999000310897827,55,0.0,0.0
2024-07-15 14:30:00-04:00,1.1799999475479126,1.1799999475479126,1.1699999570846558,1.1799999475479126,617,0.0,0.0
2024-07-15 14:55:00-04:00,1.1799999475479126,1.1799999475479126,1.1799999475479126,1.1799999475479126,1174,0.0,0.0
2024-07-15 15:00:00-04:00,1.179900050163269,1.1799999475479126,1.179900050163269,1.1799999475479126,4213,0.0,0.0
2024-07-15 15:15:00-04:00,1.194000005722046,1.194000005722046,1.194000005722046,1.194000005722046,600,0.0,0.0
2024-07-15 15:20:00-04:00,1.1800999641418457,1.2000000476837158,1.1800999641418457,1.2000000476837158,262,0.0,0.0
2024-07-16 09:30:00-04:00,1.2000000476837158,1.2000000476837158,1.2000000476837158,1.2000000476837158,172,0.0,0.0
2024-07-16 09:40:00-04:00,1.1996999979019165,1.1998000144958496,1.1996999979019165,1.1998000144958496,929,0.0,0.0
2024-07-16 09:55:00-04:00,1.1892000436782837,1.1892000436782837,1.1892000436782837,1.1892000436782837,1000,0.0,0.0
2024-07-16 10:00:00-04:00,1.1799999475479126,1.1799999475479126,1.1799999475479126,1.1799999475479126,35,0.0,0.0
2024-07-16 10:50:00-04:00,1.2000000476837158,1.2000000476837158,1.2000000476837158,1.2000000476837158,0,0.0,0.0
2024-07-16 13:00:00-04:00,1.149999976158142,1.149999976158142,1.1449999809265137,1.1449999809265137,8204,0.0,0.0
2024-07-16 13:05:00-04:00,1.149999976158142,1.149999976158142,1.149899959564209,1.149899959564209,783,0.0,0.0
2024-07-16 13:15:00-04:00,1.159999966621399,1.159999966621399,1.159999966621399,1.159999966621399,0,0.0,0.0
2024-07-16 13:45:00-04:00,1.1649999618530273,1.1649999618530273,1.1649999618530273,1.1649999618530273,15493,0.0,0.0
2024-07-16 13:50:00-04:00,1.1399999856948853,1.1399999856948853,1.1399999856948853,1.1399999856948853,460,0.0,0.0
2024-07-16 13:55:00-04:00,1.1649999618530273,1.1649999618530273,1.1649999618530273,1.1649999618530273,1504,0.0,0.0
2024-07-16 14:05:00-04:00,1.156000018119812,1.156000018119812,1.156000018119812,1.156000018119812,0,0.0,0.0
2024-07-16 14:20:00-04:00,1.190000057220459,1.190000057220459,1.190000057220459,1.190000057220459,85,0.0,0.0
2024-07-16 14:55:00-04:00,1.190000057220459,1.190000057220459,1.190000057220459,1.190000057220459,165,0.0,0.0
2024-07-16 15:15:00-04:00,1.1871999502182007,1.190000057220459,1.1871999502182007,1.190000057220459,823,0.0,0.0
2024-07-16 15:35:00-04:00,1.190000057220459,1.190000057220459,1.190000057220459,1.190000057220459,301,0.0,0.0
2024-07-16 15:45:00-04:00,1.190000057220459,1.2000000476837158,1.190000057220459,1.2000000476837158,1017,0.0,0.0
2024-07-16 15:55:00-04:00,1.1799999475479126,1.1799999475479126,1.1799999475479126,1.1799999475479126,104,0.0,0.0
2024-07-17 09:35:00-04:00,1.1799999475479126,1.190000057220459,1.1799999475479126,1.190000057220459,1557,0.0,0.0
2024-07-17 11:10:00-04:00,1.1799999475479126,1.1799999475479126,1.1799999475479126,1.1799999475479126,2555,0.0,0.0
2024-07-17 12:20:00-04:00,1.1649999618530273,1.1649999618530273,1.1569000482559204,1.1569000482559204,1516,0.0,0.0
2024-07-17 12:25:00-04:00,1.1799999475479126,1.1799999475479126,1.155400037765503,1.155400037765503,1634,0.0,0.0
2024-07-17 12:40:00-04:00,1.1799999475479126,1.1799999475479126,1.1799999475479126,1.1799999475479126,0,0.0,0.0
2024-07-17 13:15:00-04:00,1.1562999486923218,1.1562999486923218,1.1562999486923218,1.1562999486923218,120,0.0,0.0
2024-07-17 13:50:00-04:00,1.1799999475479126,1.1799999475479126,1.1799999475479126,1.1799999475479126,116,0.0,0.0
2024-07-17 15:00:00-04:00,1.159999966621399,1.159999966621399,1.159999966621399,1.159999966621399,200,0.0,0.0
2024-07-17 15:10:00-04:00,1.1797000169754028,1.1799999475479126,1.1797000169754028,1.1799999475479126,200,0.0,0.0
2024-07-17 15:55:00-04:00,1.1799999475479126,1.1799999475479126,1.1799999475479126,1.1799999475479126,264,0.0,0.0
2024-07-18 09:35:00-04:00,1.1799999475479126,1.1799999475479126,1.1799999475479126,1.1799999475479126,200,0.0,0.0
2024-07-18 09:45:00-04:00,1.159999966621399,1.159999966621399,1.159999966621399,1.159999966621399,106,0.0,0.0
2024-07-18 10:15:00-04:00,1.159999966621399,1.159999966621399,1.159999966621399,1.159999966621399,143,0.0,0.0
2024-07-18 11:25:00-04:00,1.1799999475479126,1.1799999475479126,1.1799999475479126,1.1799999475479126,200,0.0,0.0
2024-07-18 11:30:00-04:00,1.1799999475479126,1.1799999475479126,1.1799999475479126,1.1799999475479126,152,0.0,0.0
2024-07-18 11:55:00-04:00,1.1699999570846558,1.1699999570846558,1.1699999570846558,1.1699999570846558,200,0.0,0.0
2024-07-18 12:00:00-04:00,1.1799999475479126,1.1799999475479126,1.1799999475479126,1.1799999475479126,52,0.0,0.0
2024-07-18 15:25:00-04:00,1.1799999475479126,1.1799999475479126,1.1799999475479126,1.1799999475479126,356,0.0,0.0
2024-07-19 09:40:00-04:00,1.149999976158142,1.149999976158142,1.149999976158142,1.149999976158142,435,0.0,0.0
2024-07-19 10:00:00-04:00,1.149899959564209,1.149899959564209,1.149899959564209,1.149899959564209,0,0.0,0.0
2024-07-19 10:35:00-04:00,1.135200023651123,1.135200023651123,1.135200023651123,1.135200023651123,1990,0.0,0.0
2024-07-19 11:25:00-04:00,1.1100000143051147,1.1100000143051147,1.1100000143051147,1.1100000143051147,0,0.0,0.0
2024-07-19 12:45:00-04:00,1.1200000047683716,1.1200000047683716,1.1200000047683716,1.1200000047683716,616,0.0,0.0
2024-07-19 14:10:00-04:00,1.1299999952316284,1.1299999952316284,1.1299999952316284,1.1299999952316284,219,0.0,0.0
2024-07-19 14:55:00-04:00,1.1217999458312988,1.1217999458312988,1.1217999458312988,1.1217999458312988,619,0.0,0.0
2024-07-19 15:55:00-04:00,1.1150000095367432,1.1150000095367432,1.1150000095367432,1.1150000095367432,212,0.0,0.0
2024-07-22 09:30:00-04:00,1.1100000143051147,1.1100000143051147,1.1100000143051147,1.1100000143051147,537,0.0,0.0
2024-07-22 09:35:00-04:00,1.1119999885559082,1.1119999885559082,1.1119999885559082,1.1119999885559082,888,0.0,0.0
2024-07-22 09:40:00-04:00,1.111299991607666,1.111299991607666,1.111299991607666,1.111299991607666,622,0.0,0.0
2024-07-22 10:05:00-04:00,1.1100000143051147,1.1100000143051147,1.1100000143051147,1.1100000143051147,2374,0.0,0.0
2024-07-22 10:15:00-04:00,1.1100000143051147,1.1100000143051147,1.1100000143051147,1.1100000143051147,1100,0.0,0.0
2024-07-22 10:35:00-04:00,1.1100000143051147,1.1100000143051147,1.1100000143051147,1.1100000143051147,0,0.0,0.0
2024-07-22 10:40:00-04:00,1.1098999977111816,1.1098999977111816,1.1098999977111816,1.1098999977111816,0,0.0,0.0
2024-07-22 10:50:00-04:00,1.100000023841858,1.100000023841858,1.100000023841858,1.100000023841858,0,0.0,0.0
2024-07-22 11:25:00-04:00,1.100100040435791,1.1002000570297241,1.100000023841858,1.1002000570297241,9114,0.0,0.0
2024-07-22 12:05:00-04:00,1.0901999473571777,1.0901999473571777,1.0901999473571777,1.0901999473571777,192,0.0,0.0
2024-07-22 12:45:00-04:00,1.1100000143051147,1.1100000143051147,1.1100000143051147,1.1100000143051147,240,0.0,0.0
2024-07-22 13:25:00-04:00,1.100000023841858,1.100000023841858,1.100000023841858,1.100000023841858,400,0.0,0.0
2024-07-22 13:50:00-04:00,1.1100000143051147,1.1100000143051147,1.1100000143051147,1.1100000143051147,0,0.0,0.0
2024-07-22 14:40:00-04:00,1.0901000499725342,1.1100000143051147,1.0901000499725342,1.1100000143051147,265,0.0,0.0
2024-07-22 15:35:00-04:00,1.100000023841858,1.1100000143051147,1.100000023841858,1.1100000143051147,875,0.0,0.0
2024-07-22 15:45:00-04:00,1.1100000143051147,1.1100000143051147,1.1100000143051147,1.1100000143051147,0,0.0,0.0
2024-07-23 09:35:00-04:00,1.1100000143051147,1.1100000143051147,1.1100000143051147,1.1100000143051147,1562,0.0,0.0
2024-07-23 11:15:00-04:00,1.100100040435791,1.1079000234603882,1.100100040435791,1.1079000234603882,300,0.0,0.0
2024-07-23 11:20:00-04:00,1.100000023841858,1.1100000143051147,1.090000033378601,1.1100000143051147,1594,0.0,0.0
2024-07-23 12:00:00-04:00,1.1399999856948853,1.1399999856948853,1.1399999856948853,1.1399999856948853,300,0.0,0.0
2024-07-23 12:20:00-04:00,1.1114000082015991,1.1299999952316284,1.1114000082015991,1.1299999952316284,200,0.0,0.0
2024-07-23 13:50:00-04:00,1.1200000047683716,1.1200000047683716,1.1157000064849854,1.1200000047683716,517,0.0,0.0
2024-07-23 15:55:00-04:00,1.090000033378601,1.1200000047683716,1.090000033378601,1.1200000047683716,1872,0.0,0.0
2024-07-24 09:30:00-04:00,1.0700000524520874,1.0700000524520874,1.0700000524520874,1.0700000524520874,4041,0.0,0.0
2024-07-24 09:45:00-04:00,1.100000023841858,1.100000023841858,1.100000023841858,1.100000023841858,2000,0.0,0.0
2024-07-24 09:55:00-04:00,1.090000033378601,1.090000033378601,1.090000033378601,1.090000033378601,0,0.0,0.0
2024-07-24 10:05:00-04:00,1.090000033378601,1.090000033378601,1.0700000524520874,1.0700000524520874,2106,0.0,0.0
2024-07-24 10:10:00-04:00,1.0700000524520874,1.0700000524520874,1.065999984741211,1.065999984741211,1356,0.0,0.0
2024-07-24 10:15:00-04:00,1.059999942779541,1.059999942779541,1.059999942779541,1.059999942779541,217,0.0,0.0
2024-07-24 10:20:00-04:00,1.0700000524520874,1.0800000429153442,1.0700000524520874,1.0800000429153442,1030,0.0,0.0
2024-07-24 10:25:00-04:00,1.079800009727478,1.079800009727478,1.079800009727478,1.079800009727478,1700,0.0,0.0
2024-07-24 10:30:00-04:00,1.0700000524520874,1.0700000524520874,1.0700000524520874,1.0700000524520874,720,0.0,0.0
2024-07-24 10:40:00-04:00,1.0800000429153442,1.0800000429153442,1.0800000429153442,1.0800000429153442,0,0.0,0.0
2024-07-24 11:00:00-04:00,1.0700000524520874,1.0700000524520874,1.0700000524520874,1.0700000524520874,605,0.0,0.0
2024-07-24 11:05:00-04:00,1.0800000429153442,1.0800000429153442,1.0800000429153442,1.0800000429153442,500,0.0,0.0
2024-07-24 11:35:00-04:00,1.0627000331878662,1.0700000524520874,1.0627000331878662,1.0700000524520874,7393,0.0,0.0
2024-07-24 12:35:00-04:00,1.0800000429153442,1.0800000429153442,1.0800000429153442,1.0800000429153442,965,0.0,0.0
2024-07-24 12:45:00-04:00,1.0700000524520874,1.0700000524520874,1.0700000524520874,1.0700000524520874,2000,0.0,0.0
2024-07-24 12:55:00-04:00,1.0759999752044678,1.0779999494552612,1.0759999752044678,1.0779999494552612,150,0.0,0.0
2024-07-24 13:05:00-04:00,1.0715999603271484,1.0800000429153442,1.0715999603271484,1.0800000429153442,1117,0.0,0.0
2024-07-24 14:05:00-04:00,1.0780999660491943,1.0780999660491943,1.0780999660491943,1.0780999660491943,158,0.0,0.0
2024-07-24 14:15:00-04:00,1.0799000263214111,1.0799000263214111,1.059999942779541,1.059999942779541,701,0.0,0.0
2024-07-24 14:30:00-04:00,1.062000036239624,1.0700000524520874,1.062000036239624,1.0700000524520874,300,0.0,0.0
2024-07-24 14:35:00-04:00,1.0707000494003296,1.0707000494003296,1.0707000494003296,1.0707000494003296,378,0.0,0.0
2024-07-24 15:05:00-04:00,1.0800000429153442,1.0800000429153442,1.0800000429153442,1.0800000429153442,304,0.0,0.0
2024-07-24 15:20:00-04:00,1.0800000429153442,1.0800000429153442,1.0800000429153442,1.0800000429153442,207,0.0,0.0
2024-07-24 15:25:00-04:00,1.0800000429153442,1.0800000429153442,1.0800000429153442,1.0800000429153442,270,0.0,0.0
2024-07-24 15:35:00-04:00,1.0800000429153442,1.0800000429153442,1.0800000429153442,1.0800000429153442,600,0.0,0.0
2024-07-24 15:55:00-04:00,1.079300045967102,1.0800000429153442,1.079300045967102,1.0800000429153442,585,0.0,0.0
2024-07-25 09:35:00-04:00,1.0700000524520874,1.0700000524520874,1.0700000524520874,1.0700000524520874,1579,0.0,0.0
2024-07-25 10:10:00-04:00,1.1200000047683716,1.1200000047683716,1.1200000047683716,1.1200000047683716,0,0.0,0.0
2024-07-25 11:40:00-04:00,1.089900016784668,1.089900016784668,1.089900016784668,1.089900016784668,2067,0.0,0.0
2024-07-25 12:05:00-04:00,1.090000033378601,1.1100000143051147,1.090000033378601,1.1100000143051147,917,0.0,0.0
2024-07-25 12:55:00-04:00,1.0850000381469727,1.0850000381469727,1.0850000381469727,1.0850000381469727,500,0.0,0.0
2024-07-25 13:00:00-04:00,1.100000023841858,1.100000023841858,1.100000023841858,1.100000023841858,0,0.0,0.0
2024-07-25 15:10:00-04:00,1.0700000524520874,1.0700000524520874,1.0700000524520874,1.0700000524520874,200,0.0,0.0
2024-07-25 15:20:00-04:00,1.100000023841858,1.100000023841858,1.100000023841858,1.100000023841858,235,0.0,0.0
2024-07-25 15:55:00-04:00,1.0800000429153442,1.0950000286102295,1.0800000429153442,1.0800000429153442,943,0.0,0.0
2024-07-26 09:50:00-04:00,1.0700000524520874,1.0700000524520874,1.0700000524520874,1.0700000524520874,1285,0.0,0.0
2024-07-26 10:25:00-04:00,1.100000023841858,1.100000023841858,1.100000023841858,1.100000023841858,104,0.0,0.0
2024-07-26 15:40:00-04:00,1.090000033378601,1.090000033378601,1.090000033378601,1.090000033378601,444,0.0,0.0
