Datetime,Open,High,Low,Close,Volume,Dividends,Stock Splits
2024-06-20 09:30:00-04:00,20.450000762939453,20.584999084472656,20.399999618530273,20.420000076293945,0,0.0,0.0
2024-06-20 09:40:00-04:00,20.43000030517578,20.43000030517578,20.43000030517578,20.43000030517578,1057,0.0,0.0
2024-06-20 09:45:00-04:00,20.5,20.5,20.5,20.5,407,0.0,0.0
2024-06-20 09:50:00-04:00,20.5,20.5,20.481399536132812,20.481399536132812,1231,0.0,0.0
2024-06-20 10:00:00-04:00,20.514999389648438,20.514999389648438,20.514999389648438,20.514999389648438,1979,0.0,0.0
2024-06-20 10:05:00-04:00,20.559900283813477,20.56999969482422,20.559900283813477,20.56999969482422,1192,0.0,0.0
2024-06-20 10:10:00-04:00,20.549999237060547,20.549999237060547,20.530000686645508,20.530000686645508,491,0.0,0.0
2024-06-20 10:15:00-04:00,20.579999923706055,20.579999923706055,20.579999923706055,20.579999923706055,499,0.0,0.0
2024-06-20 10:20:00-04:00,20.579999923706055,20.579999923706055,20.55500030517578,20.55500030517578,1452,0.0,0.0
2024-06-20 10:30:00-04:00,20.520000457763672,20.520000457763672,20.520000457763672,20.520000457763672,654,0.0,0.0
2024-06-20 10:35:00-04:00,20.489999771118164,20.489999771118164,20.489999771118164,20.489999771118164,873,0.0,0.0
2024-06-20 10:40:00-04:00,20.399999618530273,20.399999618530273,20.399999618530273,20.399999618530273,294,0.0,0.0
2024-06-20 10:45:00-04:00,20.3700008392334,20.399999618530273,20.3700008392334,20.399999618530273,745,0.0,0.0
2024-06-20 10:55:00-04:00,20.34000015258789,20.34000015258789,20.34000015258789,20.34000015258789,826,0.0,0.0
2024-06-20 11:05:00-04:00,20.31999969482422,20.31999969482422,20.31999969482422,20.31999969482422,114,0.0,0.0
2024-06-20 11:10:00-04:00,20.34000015258789,20.34000015258789,20.290000915527344,20.290000915527344,871,0.0,0.0
2024-06-20 11:15:00-04:00,20.260000228881836,20.260000228881836,20.260000228881836,20.260000228881836,557,0.0,0.0
2024-06-20 11:25:00-04:00,20.209999084472656,20.209999084472656,20.209999084472656,20.209999084472656,250,0.0,0.0
2024-06-20 11:30:00-04:00,20.235000610351562,20.235000610351562,20.235000610351562,20.235000610351562,857,0.0,0.0
2024-06-20 11:35:00-04:00,20.225000381469727,20.225000381469727,20.200000762939453,20.200000762939453,1059,0.0,0.0
2024-06-20 11:45:00-04:00,20.229999542236328,20.229999542236328,20.229999542236328,20.229999542236328,1182,0.0,0.0
2024-06-20 11:55:00-04:00,20.190000534057617,20.190900802612305,20.15999984741211,20.15999984741211,1147,0.0,0.0
2024-06-20 12:05:00-04:00,20.139999389648438,20.209999084472656,20.1299991607666,20.200000762939453,7109,0.0,0.0
2024-06-20 12:10:00-04:00,20.170000076293945,20.170000076293945,20.170000076293945,20.170000076293945,441,0.0,0.0
2024-06-20 12:15:00-04:00,20.204999923706055,20.204999923706055,20.204999923706055,20.204999923706055,969,0.0,0.0
2024-06-20 12:20:00-04:00,20.18000030517578,20.18000030517578,20.15999984741211,20.15999984741211,554,0.0,0.0
2024-06-20 12:25:00-04:00,20.149999618530273,20.149999618530273,20.1299991607666,20.1299991607666,534,0.0,0.0
2024-06-20 12:35:00-04:00,20.100000381469727,20.100000381469727,20.100000381469727,20.100000381469727,388,0.0,0.0
2024-06-20 12:50:00-04:00,20.100000381469727,20.100000381469727,20.059999465942383,20.059999465942383,1296,0.0,0.0
2024-06-20 13:00:00-04:00,20.079999923706055,20.079999923706055,20.079999923706055,20.079999923706055,148,0.0,0.0
2024-06-20 13:05:00-04:00,20.079999923706055,20.079999923706055,20.079999923706055,20.079999923706055,225,0.0,0.0
2024-06-20 13:10:00-04:00,20.059999465942383,20.100000381469727,20.059999465942383,20.084999084472656,1400,0.0,0.0
2024-06-20 13:15:00-04:00,20.104999542236328,20.104999542236328,20.094999313354492,20.094999313354492,354,0.0,0.0
2024-06-20 13:20:00-04:00,20.084999084472656,20.110000610351562,20.084999084472656,20.100000381469727,1407,0.0,0.0
2024-06-20 13:25:00-04:00,20.1200008392334,20.149999618530273,20.1200008392334,20.149999618530273,1252,0.0,0.0
2024-06-20 13:30:00-04:00,20.1299991607666,20.145000457763672,20.1200008392334,20.1200008392334,988,0.0,0.0
2024-06-20 13:35:00-04:00,20.1200008392334,20.1200008392334,20.1200008392334,20.1200008392334,1155,0.0,0.0
2024-06-20 13:45:00-04:00,20.139999389648438,20.149999618530273,20.1299991607666,20.145000457763672,1192,0.0,0.0
2024-06-20 13:50:00-04:00,20.145000457763672,20.145000457763672,20.145000457763672,20.145000457763672,804,0.0,0.0
2024-06-20 14:05:00-04:00,20.165000915527344,20.165000915527344,20.139999389648438,20.139999389648438,1291,0.0,0.0
2024-06-20 14:15:00-04:00,20.12070083618164,20.12070083618164,20.12070083618164,20.12070083618164,484,0.0,0.0
2024-06-20 14:20:00-04:00,20.135000228881836,20.139999389648438,20.094999313354492,20.094999313354492,3085,0.0,0.0
2024-06-20 14:30:00-04:00,20.100000381469727,20.100000381469727,20.079999923706055,20.079999923706055,1262,0.0,0.0
2024-06-20 14:35:00-04:00,20.020000457763672,20.045000076293945,19.940000534057617,19.940000534057617,5298,0.0,0.0
2024-06-20 14:40:00-04:00,19.940000534057617,19.975000381469727,19.940000534057617,19.975000381469727,869,0.0,0.0
2024-06-20 14:45:00-04:00,19.950000762939453,20.030000686645508,19.950000762939453,20.010000228881836,1861,0.0,0.0
2024-06-20 14:50:00-04:00,20.025999069213867,20.025999069213867,20.025999069213867,20.025999069213867,458,0.0,0.0
2024-06-20 14:55:00-04:00,20.049999237060547,20.049999237060547,20.049999237060547,20.049999237060547,1807,0.0,0.0
2024-06-20 15:00:00-04:00,20.049999237060547,20.049999237060547,20.049999237060547,20.049999237060547,587,0.0,0.0
2024-06-20 15:05:00-04:00,20.049999237060547,20.049999237060547,20.030000686645508,20.049999237060547,1129,0.0,0.0
2024-06-20 15:15:00-04:00,20.049999237060547,20.06999969482422,20.040000915527344,20.06999969482422,2709,0.0,0.0
2024-06-20 15:20:00-04:00,20.049999237060547,20.049999237060547,20.049999237060547,20.049999237060547,844,0.0,0.0
2024-06-20 15:25:00-04:00,20.049999237060547,20.049999237060547,20.030000686645508,20.030000686645508,1739,0.0,0.0
2024-06-20 15:30:00-04:00,20.020000457763672,20.020000457763672,20.0,20.010000228881836,2393,0.0,0.0
2024-06-20 15:35:00-04:00,19.989999771118164,20.030000686645508,19.989999771118164,20.030000686645508,1659,0.0,0.0
2024-06-20 15:40:00-04:00,20.010000228881836,20.020000457763672,20.010000228881836,20.020000457763672,1293,0.0,0.0
2024-06-20 15:45:00-04:00,20.0,20.0,19.969999313354492,19.989999771118164,2236,0.0,0.0
2024-06-20 15:50:00-04:00,19.9950008392334,20.0,19.9950008392334,20.0,2820,0.0,0.0
2024-06-20 15:55:00-04:00,20.0049991607666,20.010000228881836,19.969999313354492,20.010000228881836,14501,0.0,0.0
2024-06-21 09:30:00-04:00,20.149999618530273,20.190000534057617,20.149999618530273,20.190000534057617,47548,0.0,0.0
2024-06-21 09:40:00-04:00,20.18000030517578,20.18000030517578,20.18000030517578,20.18000030517578,427,0.0,0.0
2024-06-21 09:45:00-04:00,20.15999984741211,20.229999542236328,20.065000534057617,20.21500015258789,1101,0.0,0.0
2024-06-21 09:50:00-04:00,20.3700008392334,20.3700008392334,20.309999465942383,20.350000381469727,2584,0.0,0.0
2024-06-21 10:00:00-04:00,20.31999969482422,20.31999969482422,20.31999969482422,20.31999969482422,290,0.0,0.0
2024-06-21 10:05:00-04:00,20.395000457763672,20.395000457763672,20.3700008392334,20.385000228881836,1025,0.0,0.0
2024-06-21 10:10:00-04:00,20.420000076293945,20.420000076293945,20.31999969482422,20.31999969482422,2194,0.0,0.0
2024-06-21 10:15:00-04:00,20.299999237060547,20.309999465942383,20.270000457763672,20.309999465942383,1675,0.0,0.0
2024-06-21 10:25:00-04:00,20.354999542236328,20.399999618530273,20.309999465942383,20.399999618530273,1943,0.0,0.0
2024-06-21 10:40:00-04:00,20.350000381469727,20.3700008392334,20.329999923706055,20.3700008392334,1744,0.0,0.0
2024-06-21 10:45:00-04:00,20.3799991607666,20.3799991607666,20.3799991607666,20.3799991607666,547,0.0,0.0
2024-06-21 10:50:00-04:00,20.34000015258789,20.34000015258789,20.34000015258789,20.34000015258789,331,0.0,0.0
2024-06-21 10:55:00-04:00,20.31999969482422,20.31999969482422,20.309999465942383,20.309999465942383,810,0.0,0.0
2024-06-21 11:00:00-04:00,20.309999465942383,20.309999465942383,20.309999465942383,20.309999465942383,399,0.0,0.0
2024-06-21 11:10:00-04:00,20.309999465942383,20.350000381469727,20.290000915527344,20.350000381469727,2498,0.0,0.0
2024-06-21 11:15:00-04:00,20.333999633789062,20.3700008392334,20.333999633789062,20.3700008392334,2407,0.0,0.0
2024-06-21 11:20:00-04:00,20.379899978637695,20.389999389648438,20.379899978637695,20.389999389648438,2071,0.0,0.0
2024-06-21 11:25:00-04:00,20.3799991607666,20.56999969482422,20.3799991607666,20.56999969482422,4255,0.0,0.0
2024-06-21 11:30:00-04:00,20.540000915527344,20.540000915527344,20.489999771118164,20.510000228881836,7635,0.0,0.0
2024-06-21 11:35:00-04:00,20.510000228881836,20.510000228881836,20.459999084472656,20.459999084472656,1264,0.0,0.0
2024-06-21 11:45:00-04:00,20.440000534057617,20.440000534057617,20.440000534057617,20.440000534057617,214,0.0,0.0
2024-06-21 11:50:00-04:00,20.469999313354492,20.469999313354492,20.469999313354492,20.469999313354492,395,0.0,0.0
2024-06-21 11:55:00-04:00,20.43000030517578,20.489999771118164,20.43000030517578,20.469999313354492,4363,0.0,0.0
2024-06-21 12:05:00-04:00,20.459999084472656,20.469999313354492,20.440000534057617,20.469999313354492,3739,0.0,0.0
2024-06-21 12:10:00-04:00,20.450000762939453,20.459999084472656,20.450000762939453,20.459999084472656,1043,0.0,0.0
2024-06-21 12:15:00-04:00,20.399999618530273,20.399999618530273,20.3700008392334,20.3700008392334,972,0.0,0.0
2024-06-21 12:25:00-04:00,20.360000610351562,20.360000610351562,20.309999465942383,20.309999465942383,1072,0.0,0.0
2024-06-21 12:35:00-04:00,20.25,20.25,20.25,20.25,893,0.0,0.0
2024-06-21 13:20:00-04:00,20.25,20.25,20.239999771118164,20.239999771118164,1472,0.0,0.0
2024-06-21 13:30:00-04:00,20.25,20.299999237060547,20.25,20.299999237060547,1514,0.0,0.0
2024-06-21 13:50:00-04:00,20.283899307250977,20.283899307250977,20.283899307250977,20.283899307250977,563,0.0,0.0
2024-06-21 13:55:00-04:00,20.299999237060547,20.299999237060547,20.290000915527344,20.290000915527344,1191,0.0,0.0
2024-06-21 14:00:00-04:00,20.290000915527344,20.290000915527344,20.290000915527344,20.290000915527344,282,0.0,0.0
2024-06-21 14:10:00-04:00,20.280000686645508,20.280000686645508,20.239999771118164,20.239999771118164,4949,0.0,0.0
2024-06-21 14:15:00-04:00,20.219999313354492,20.219999313354492,20.18000030517578,20.1825008392334,2160,0.0,0.0
2024-06-21 14:20:00-04:00,20.200000762939453,20.200000762939453,20.200000762939453,20.200000762939453,627,0.0,0.0
2024-06-21 14:25:00-04:00,20.15999984741211,20.15999984741211,20.149999618530273,20.149999618530273,796,0.0,0.0
2024-06-21 14:30:00-04:00,20.139999389648438,20.145000457763672,20.139999389648438,20.145000457763672,349,0.0,0.0
2024-06-21 14:35:00-04:00,20.139999389648438,20.139999389648438,20.09600067138672,20.09600067138672,1669,0.0,0.0
2024-06-21 14:45:00-04:00,20.1299991607666,20.229999542236328,20.110000610351562,20.229999542236328,9639,0.0,0.0
2024-06-21 14:50:00-04:00,20.219999313354492,20.219999313354492,20.219999313354492,20.219999313354492,468,0.0,0.0
2024-06-21 14:55:00-04:00,20.209999084472656,20.209999084472656,20.200000762939453,20.200000762939453,2520,0.0,0.0
2024-06-21 15:00:00-04:00,20.209999084472656,20.30500030517578,20.209999084472656,20.299999237060547,12332,0.0,0.0
2024-06-21 15:05:00-04:00,20.350000381469727,20.389999389648438,20.350000381469727,20.389999389648438,1530,0.0,0.0
2024-06-21 15:15:00-04:00,20.420000076293945,20.420000076293945,20.405000686645508,20.405000686645508,719,0.0,0.0
2024-06-21 15:20:00-04:00,20.41699981689453,20.41699981689453,20.41699981689453,20.41699981689453,555,0.0,0.0
2024-06-21 15:25:00-04:00,20.405000686645508,20.405000686645508,20.389999389648438,20.389999389648438,1330,0.0,0.0
2024-06-21 15:35:00-04:00,20.405000686645508,20.405000686645508,20.405000686645508,20.405000686645508,1223,0.0,0.0
2024-06-21 15:40:00-04:00,20.420000076293945,20.5,20.420000076293945,20.469999313354492,5392,0.0,0.0
2024-06-21 15:45:00-04:00,20.450000762939453,20.5,20.450000762939453,20.459999084472656,5054,0.0,0.0
2024-06-21 15:50:00-04:00,20.440000534057617,20.510000228881836,20.40999984741211,20.459999084472656,39152,0.0,0.0
2024-06-21 15:55:00-04:00,20.399999618530273,20.420000076293945,20.3799991607666,20.420000076293945,5679,0.0,0.0
2024-06-24 09:30:00-04:00,20.3700008392334,20.3700008392334,20.3700008392334,20.3700008392334,3986,0.0,0.0
2024-06-24 09:45:00-04:00,20.520000457763672,20.520000457763672,20.510000228881836,20.510000228881836,785,0.0,0.0
2024-06-24 09:50:00-04:00,20.510000228881836,20.520000457763672,20.510000228881836,20.520000457763672,1895,0.0,0.0
2024-06-24 09:55:00-04:00,20.604999542236328,20.6200008392334,20.559999465942383,20.559999465942383,1289,0.0,0.0
2024-06-24 10:00:00-04:00,20.594999313354492,20.600000381469727,20.540000915527344,20.600000381469727,1578,0.0,0.0
2024-06-24 10:05:00-04:00,20.594999313354492,20.594999313354492,20.594999313354492,20.594999313354492,493,0.0,0.0
2024-06-24 10:15:00-04:00,20.549999237060547,20.549999237060547,20.530000686645508,20.530000686645508,1109,0.0,0.0
2024-06-24 10:20:00-04:00,20.545000076293945,20.545000076293945,20.545000076293945,20.545000076293945,347,0.0,0.0
2024-06-24 10:25:00-04:00,20.559999465942383,20.6200008392334,20.559999465942383,20.600000381469727,2606,0.0,0.0
2024-06-24 10:30:00-04:00,20.549999237060547,20.549999237060547,20.43000030517578,20.43000030517578,6319,0.0,0.0
2024-06-24 10:35:00-04:00,20.46500015258789,20.4950008392334,20.46500015258789,20.4950008392334,1700,0.0,0.0
2024-06-24 10:40:00-04:00,20.479999542236328,20.479999542236328,20.450000762939453,20.450000762939453,1668,0.0,0.0
2024-06-24 10:45:00-04:00,20.440000534057617,20.469999313354492,20.440000534057617,20.469999313354492,1575,0.0,0.0
2024-06-24 10:50:00-04:00,20.450000762939453,20.450000762939453,20.450000762939453,20.450000762939453,423,0.0,0.0
2024-06-24 10:55:00-04:00,20.479999542236328,20.479999542236328,20.479999542236328,20.479999542236328,536,0.0,0.0
2024-06-24 11:05:00-04:00,20.485000610351562,20.485000610351562,20.485000610351562,20.485000610351562,1720,0.0,0.0
2024-06-24 11:10:00-04:00,20.479999542236328,20.5,20.479999542236328,20.485000610351562,1085,0.0,0.0
2024-06-24 11:15:00-04:00,20.459999084472656,20.479999542236328,20.459999084472656,20.475000381469727,1182,0.0,0.0
2024-06-24 11:20:00-04:00,20.459999084472656,20.459999084472656,20.385000228881836,20.40999984741211,8776,0.0,0.0
2024-06-24 11:25:00-04:00,20.43000030517578,20.43000030517578,20.3799991607666,20.415000915527344,1440,0.0,0.0
2024-06-24 11:30:00-04:00,20.415000915527344,20.415000915527344,20.415000915527344,20.415000915527344,583,0.0,0.0
2024-06-24 11:40:00-04:00,20.440000534057617,20.440000534057617,20.440000534057617,20.440000534057617,271,0.0,0.0
2024-06-24 11:45:00-04:00,20.424999237060547,20.424999237060547,20.424999237060547,20.424999237060547,268,0.0,0.0
2024-06-24 11:50:00-04:00,20.440000534057617,20.469999313354492,20.440000534057617,20.469999313354492,1576,0.0,0.0
2024-06-24 11:55:00-04:00,20.46500015258789,20.46500015258789,20.440000534057617,20.440000534057617,1168,0.0,0.0
2024-06-24 12:00:00-04:00,20.459999084472656,20.524999618530273,20.459999084472656,20.524999618530273,2084,0.0,0.0
2024-06-24 12:10:00-04:00,20.469999313354492,20.489999771118164,20.469999313354492,20.489999771118164,1047,0.0,0.0
2024-06-24 12:15:00-04:00,20.510000228881836,20.514999389648438,20.510000228881836,20.514999389648438,1310,0.0,0.0
2024-06-24 12:20:00-04:00,20.510000228881836,20.510000228881836,20.510000228881836,20.510000228881836,894,0.0,0.0
2024-06-24 12:25:00-04:00,20.5,20.5049991607666,20.5,20.5049991607666,743,0.0,0.0
2024-06-24 12:30:00-04:00,20.510000228881836,20.510000228881836,20.4950008392334,20.5,846,0.0,0.0
2024-06-24 12:35:00-04:00,20.4950008392334,20.4950008392334,20.4950008392334,20.4950008392334,338,0.0,0.0
2024-06-24 12:40:00-04:00,20.479999542236328,20.479999542236328,20.469999313354492,20.469999313354492,2350,0.0,0.0
2024-06-24 12:45:00-04:00,20.5,20.5,20.420000076293945,20.420000076293945,3214,0.0,0.0
2024-06-24 12:50:00-04:00,20.420000076293945,20.420000076293945,20.389999389648438,20.399999618530273,3305,0.0,0.0
2024-06-24 12:55:00-04:00,20.405000686645508,20.405000686645508,20.405000686645508,20.405000686645508,181,0.0,0.0
2024-06-24 13:00:00-04:00,20.43000030517578,20.43000030517578,20.40999984741211,20.40999984741211,1330,0.0,0.0
2024-06-24 13:05:00-04:00,20.3799991607666,20.385000228881836,20.3799991607666,20.385000228881836,636,0.0,0.0
2024-06-24 13:15:00-04:00,20.3700008392334,20.3700008392334,20.3700008392334,20.3700008392334,839,0.0,0.0
2024-06-24 13:20:00-04:00,20.3700008392334,20.3700008392334,20.3700008392334,20.3700008392334,812,0.0,0.0
2024-06-24 13:25:00-04:00,20.3700008392334,20.3700008392334,20.3700008392334,20.3700008392334,471,0.0,0.0
2024-06-24 13:30:00-04:00,20.350000381469727,20.3700008392334,20.344999313354492,20.344999313354492,1937,0.0,0.0
2024-06-24 13:35:00-04:00,20.350000381469727,20.350000381469727,20.350000381469727,20.350000381469727,493,0.0,0.0
2024-06-24 13:40:00-04:00,20.350000381469727,20.350000381469727,20.350000381469727,20.350000381469727,262,0.0,0.0
2024-06-24 13:45:00-04:00,20.35650062561035,20.35650062561035,20.33099937438965,20.33099937438965,917,0.0,0.0
2024-06-24 13:50:00-04:00,20.350000381469727,20.350000381469727,20.350000381469727,20.350000381469727,585,0.0,0.0
2024-06-24 13:55:00-04:00,20.350000381469727,20.350000381469727,20.350000381469727,20.350000381469727,314,0.0,0.0
2024-06-24 14:00:00-04:00,20.350000381469727,20.360000610351562,20.344999313354492,20.344999313354492,393,0.0,0.0
2024-06-24 14:05:00-04:00,20.359899520874023,20.359899520874023,20.344999313354492,20.344999313354492,912,0.0,0.0
2024-06-24 14:10:00-04:00,20.360000610351562,20.420000076293945,20.360000610351562,20.420000076293945,2791,0.0,0.0
2024-06-24 14:15:00-04:00,20.405000686645508,20.405000686645508,20.405000686645508,20.405000686645508,281,0.0,0.0
2024-06-24 14:20:00-04:00,20.420000076293945,20.420000076293945,20.420000076293945,20.420000076293945,1092,0.0,0.0
2024-06-24 14:30:00-04:00,20.440000534057617,20.440000534057617,20.43000030517578,20.43000030517578,1215,0.0,0.0
2024-06-24 14:35:00-04:00,20.485000610351562,20.485000610351562,20.459999084472656,20.479999542236328,1756,0.0,0.0
2024-06-24 14:40:00-04:00,20.56999969482422,20.604999542236328,20.3799991607666,20.3799991607666,15699,0.0,0.0
2024-06-24 14:45:00-04:00,20.399999618530273,20.450000762939453,20.399999618530273,20.450000762939453,2208,0.0,0.0
2024-06-24 14:55:00-04:00,20.489999771118164,20.489999771118164,20.489999771118164,20.489999771118164,1064,0.0,0.0
2024-06-24 15:00:00-04:00,20.530000686645508,20.530000686645508,20.489999771118164,20.489999771118164,1262,0.0,0.0
2024-06-24 15:05:00-04:00,20.459999084472656,20.459999084472656,20.44499969482422,20.44499969482422,1318,0.0,0.0
2024-06-24 15:10:00-04:00,20.43000030517578,20.43000030517578,20.43000030517578,20.43000030517578,501,0.0,0.0
2024-06-24 15:20:00-04:00,20.41029930114746,20.424999237060547,20.41029930114746,20.424999237060547,1159,0.0,0.0
2024-06-24 15:25:00-04:00,20.43000030517578,20.43000030517578,20.420000076293945,20.43000030517578,2032,0.0,0.0
2024-06-24 15:30:00-04:00,20.469999313354492,20.469999313354492,20.469999313354492,20.469999313354492,1168,0.0,0.0
2024-06-24 15:35:00-04:00,20.450000762939453,20.469999313354492,20.420000076293945,20.420000076293945,3232,0.0,0.0
2024-06-24 15:40:00-04:00,20.43000030517578,20.434999465942383,20.420000076293945,20.434999465942383,2754,0.0,0.0
2024-06-24 15:45:00-04:00,20.440000534057617,20.450000762939453,20.389999389648438,20.389999389648438,4600,0.0,0.0
2024-06-24 15:50:00-04:00,20.405000686645508,20.424999237060547,20.3799991607666,20.389999389648438,5583,0.0,0.0
2024-06-24 15:55:00-04:00,20.399999618530273,20.450000762939453,20.389999389648438,20.40999984741211,11661,0.0,0.0
2024-06-25 09:30:00-04:00,20.450000762939453,20.450000762939453,20.450000762939453,20.450000762939453,665,0.0,0.0
2024-06-25 09:45:00-04:00,20.40999984741211,20.40999984741211,20.40999984741211,20.40999984741211,1203,0.0,0.0
2024-06-25 09:50:00-04:00,20.34000015258789,20.34000015258789,20.34000015258789,20.34000015258789,644,0.0,0.0
2024-06-25 09:55:00-04:00,20.280000686645508,20.31999969482422,20.270000457763672,20.31999969482422,1763,0.0,0.0
2024-06-25 10:00:00-04:00,20.290000915527344,20.290000915527344,20.290000915527344,20.290000915527344,528,0.0,0.0
2024-06-25 10:05:00-04:00,20.295000076293945,20.325000762939453,20.295000076293945,20.325000762939453,569,0.0,0.0
2024-06-25 10:10:00-04:00,20.325000762939453,20.325000762939453,20.295000076293945,20.295000076293945,1483,0.0,0.0
2024-06-25 10:20:00-04:00,20.325000762939453,20.325000762939453,20.325000762939453,20.325000762939453,546,0.0,0.0
2024-06-25 10:25:00-04:00,20.325000762939453,20.325000762939453,20.325000762939453,20.325000762939453,481,0.0,0.0
2024-06-25 10:30:00-04:00,20.31999969482422,20.325000762939453,20.309999465942383,20.315000534057617,2379,0.0,0.0
2024-06-25 10:35:00-04:00,20.280000686645508,20.350000381469727,20.270000457763672,20.34000015258789,2006,0.0,0.0
2024-06-25 10:40:00-04:00,20.31999969482422,20.31999969482422,20.31999969482422,20.31999969482422,469,0.0,0.0
2024-06-25 10:45:00-04:00,20.309999465942383,20.315000534057617,20.260000228881836,20.309999465942383,4203,0.0,0.0
2024-06-25 10:55:00-04:00,20.200000762939453,20.239999771118164,20.1200008392334,20.239999771118164,10142,0.0,0.0
2024-06-25 11:10:00-04:00,20.225000381469727,20.225000381469727,20.225000381469727,20.225000381469727,1252,0.0,0.0
2024-06-25 11:20:00-04:00,20.219999313354492,20.219999313354492,20.219999313354492,20.219999313354492,1433,0.0,0.0
2024-06-25 11:35:00-04:00,20.20009994506836,20.20009994506836,20.200000762939453,20.200000762939453,2063,0.0,0.0
2024-06-25 11:55:00-04:00,20.204999923706055,20.204999923706055,20.204999923706055,20.204999923706055,730,0.0,0.0
2024-06-25 12:00:00-04:00,20.204999923706055,20.204999923706055,20.204999923706055,20.204999923706055,667,0.0,0.0
2024-06-25 12:05:00-04:00,20.209999084472656,20.209999084472656,20.209999084472656,20.209999084472656,222,0.0,0.0
2024-06-25 12:10:00-04:00,20.209999084472656,20.209999084472656,20.209999084472656,20.209999084472656,645,0.0,0.0
2024-06-25 12:15:00-04:00,20.200000762939453,20.21500015258789,20.200000762939453,20.21500015258789,725,0.0,0.0
2024-06-25 12:20:00-04:00,20.200000762939453,20.200000762939453,20.200000762939453,20.200000762939453,340,0.0,0.0
2024-06-25 12:25:00-04:00,20.229999542236328,20.229999542236328,20.229999542236328,20.229999542236328,959,0.0,0.0
2024-06-25 12:30:00-04:00,20.21500015258789,20.24250030517578,20.21500015258789,20.229999542236328,12376,0.0,0.0
2024-06-25 12:35:00-04:00,20.229999542236328,20.235000610351562,20.229999542236328,20.235000610351562,888,0.0,0.0
2024-06-25 12:40:00-04:00,20.235000610351562,20.235000610351562,20.235000610351562,20.235000610351562,685,0.0,0.0
2024-06-25 12:50:00-04:00,20.260000228881836,20.260000228881836,20.25,20.25,974,0.0,0.0
2024-06-25 12:55:00-04:00,20.229999542236328,20.229999542236328,20.229999542236328,20.229999542236328,236,0.0,0.0
2024-06-25 13:00:00-04:00,20.2450008392334,20.260000228881836,20.239999771118164,20.2549991607666,2926,0.0,0.0
2024-06-25 13:05:00-04:00,20.260000228881836,20.260000228881836,20.260000228881836,20.260000228881836,537,0.0,0.0
2024-06-25 13:10:00-04:00,20.250600814819336,20.309999465942383,20.250600814819336,20.309999465942383,3757,0.0,0.0
2024-06-25 13:15:00-04:00,20.309999465942383,20.309999465942383,20.309999465942383,20.309999465942383,51,0.0,0.0
2024-06-25 13:20:00-04:00,20.299999237060547,20.299999237060547,20.299999237060547,20.299999237060547,776,0.0,0.0
2024-06-25 13:30:00-04:00,20.295000076293945,20.295000076293945,20.295000076293945,20.295000076293945,550,0.0,0.0
2024-06-25 13:35:00-04:00,20.299999237060547,20.31999969482422,20.290000915527344,20.290000915527344,1169,0.0,0.0
2024-06-25 13:45:00-04:00,20.290000915527344,20.309999465942383,20.290000915527344,20.30500030517578,1386,0.0,0.0
2024-06-25 13:50:00-04:00,20.299999237060547,20.30500030517578,20.299999237060547,20.30500030517578,946,0.0,0.0
2024-06-25 14:00:00-04:00,20.290000915527344,20.295000076293945,20.290000915527344,20.290000915527344,1310,0.0,0.0
2024-06-25 14:05:00-04:00,20.290000915527344,20.290000915527344,20.280000686645508,20.280000686645508,683,0.0,0.0
2024-06-25 14:10:00-04:00,20.270000457763672,20.290000915527344,20.270000457763672,20.28499984741211,1364,0.0,0.0
2024-06-25 14:15:00-04:00,20.299999237060547,20.299999237060547,20.299999237060547,20.299999237060547,769,0.0,0.0
2024-06-25 14:20:00-04:00,20.295000076293945,20.295000076293945,20.290000915527344,20.290000915527344,644,0.0,0.0
2024-06-25 14:30:00-04:00,20.280000686645508,20.280000686645508,20.280000686645508,20.280000686645508,518,0.0,0.0
2024-06-25 14:35:00-04:00,20.280000686645508,20.29400062561035,20.280000686645508,20.28499984741211,1580,0.0,0.0
2024-06-25 14:40:00-04:00,20.299999237060547,20.325000762939453,20.299999237060547,20.325000762939453,2103,0.0,0.0
2024-06-25 14:55:00-04:00,20.31999969482422,20.31999969482422,20.31999969482422,20.31999969482422,1011,0.0,0.0
2024-06-25 15:00:00-04:00,20.31999969482422,20.31999969482422,20.31999969482422,20.31999969482422,707,0.0,0.0
2024-06-25 15:05:00-04:00,20.325000762939453,20.325000762939453,20.325000762939453,20.325000762939453,551,0.0,0.0
2024-06-25 15:10:00-04:00,20.329999923706055,20.34000015258789,20.329999923706055,20.329999923706055,1176,0.0,0.0
2024-06-25 15:15:00-04:00,20.350000381469727,20.350000381469727,20.350000381469727,20.350000381469727,1002,0.0,0.0
2024-06-25 15:20:00-04:00,20.34000015258789,20.34000015258789,20.34000015258789,20.34000015258789,1235,0.0,0.0
2024-06-25 15:25:00-04:00,20.329999923706055,20.350000381469727,20.329999923706055,20.350000381469727,872,0.0,0.0
2024-06-25 15:30:00-04:00,20.334999084472656,20.334999084472656,20.31999969482422,20.31999969482422,701,0.0,0.0
2024-06-25 15:35:00-04:00,20.299999237060547,20.299999237060547,20.295000076293945,20.295000076293945,529,0.0,0.0
2024-06-25 15:40:00-04:00,20.290000915527344,20.290000915527344,20.270000457763672,20.270000457763672,1245,0.0,0.0
2024-06-25 15:45:00-04:00,20.2637996673584,20.2637996673584,20.229999542236328,20.2450008392334,3902,0.0,0.0
2024-06-25 15:50:00-04:00,20.2450008392334,20.2450008392334,20.229999542236328,20.239999771118164,2568,0.0,0.0
2024-06-25 15:55:00-04:00,20.239999771118164,20.2450008392334,20.209999084472656,20.229999542236328,12550,0.0,0.0
2024-06-26 09:30:00-04:00,20.1299991607666,20.2450008392334,20.1299991607666,20.2450008392334,875,0.0,0.0
2024-06-26 09:35:00-04:00,19.99410057067871,20.15999984741211,19.99410057067871,20.15999984741211,259,0.0,0.0
2024-06-26 09:40:00-04:00,20.079999923706055,20.145000457763672,20.059999465942383,20.145000457763672,1399,0.0,0.0
2024-06-26 09:45:00-04:00,20.040000915527344,20.040000915527344,20.040000915527344,20.040000915527344,149,0.0,0.0
2024-06-26 10:00:00-04:00,20.139999389648438,20.149999618530273,20.139999389648438,20.149999618530273,918,0.0,0.0
2024-06-26 10:05:00-04:00,20.09000015258789,20.09000015258789,20.09000015258789,20.09000015258789,1093,0.0,0.0
2024-06-26 10:15:00-04:00,20.09000015258789,20.09000015258789,20.09000015258789,20.09000015258789,244,0.0,0.0
2024-06-26 10:25:00-04:00,20.060400009155273,20.09000015258789,20.060400009155273,20.09000015258789,487,0.0,0.0
2024-06-26 10:30:00-04:00,20.09000015258789,20.09000015258789,20.09000015258789,20.09000015258789,335,0.0,0.0
2024-06-26 10:35:00-04:00,20.09000015258789,20.09000015258789,20.049999237060547,20.079999923706055,1501,0.0,0.0
2024-06-26 10:40:00-04:00,20.079999923706055,20.084999084472656,20.079999923706055,20.079999923706055,4189,0.0,0.0
2024-06-26 10:45:00-04:00,20.049999237060547,20.049999237060547,20.049999237060547,20.049999237060547,1537,0.0,0.0
2024-06-26 10:50:00-04:00,20.079999923706055,20.079999923706055,20.079999923706055,20.079999923706055,538,0.0,0.0
2024-06-26 10:55:00-04:00,20.079999923706055,20.079999923706055,20.079999923706055,20.079999923706055,1130,0.0,0.0
2024-06-26 11:00:00-04:00,20.040000915527344,20.040000915527344,20.040000915527344,20.040000915527344,1177,0.0,0.0
2024-06-26 11:20:00-04:00,20.05500030517578,20.05500030517578,20.049999237060547,20.049999237060547,369,0.0,0.0
2024-06-26 11:30:00-04:00,20.079999923706055,20.079999923706055,20.079999923706055,20.079999923706055,440,0.0,0.0
2024-06-26 11:35:00-04:00,20.100000381469727,20.100000381469727,20.094999313354492,20.094999313354492,344,0.0,0.0
2024-06-26 11:40:00-04:00,20.110000610351562,20.110000610351562,20.110000610351562,20.110000610351562,566,0.0,0.0
2024-06-26 11:50:00-04:00,20.114999771118164,20.219999313354492,20.114999771118164,20.219999313354492,9626,0.0,0.0
2024-06-26 11:55:00-04:00,20.21500015258789,20.21500015258789,20.21500015258789,20.21500015258789,481,0.0,0.0
2024-06-26 12:05:00-04:00,20.209999084472656,20.209999084472656,20.209999084472656,20.209999084472656,733,0.0,0.0
2024-06-26 12:20:00-04:00,20.204999923706055,20.204999923706055,20.204999923706055,20.204999923706055,200,0.0,0.0
2024-06-26 12:25:00-04:00,20.204999923706055,20.209999084472656,20.204999923706055,20.209999084472656,1398,0.0,0.0
2024-06-26 12:30:00-04:00,20.19499969482422,20.19499969482422,20.19499969482422,20.19499969482422,132,0.0,0.0
2024-06-26 12:40:00-04:00,20.209999084472656,20.209999084472656,20.209999084472656,20.209999084472656,615,0.0,0.0
2024-06-26 12:45:00-04:00,20.19499969482422,20.19499969482422,20.19499969482422,20.19499969482422,540,0.0,0.0
2024-06-26 13:00:00-04:00,20.200000762939453,20.200000762939453,20.200000762939453,20.200000762939453,726,0.0,0.0
2024-06-26 13:05:00-04:00,20.209999084472656,20.229999542236328,20.209999084472656,20.229999542236328,1045,0.0,0.0
2024-06-26 13:10:00-04:00,20.229999542236328,20.229999542236328,20.229999542236328,20.229999542236328,787,0.0,0.0
2024-06-26 13:15:00-04:00,20.239999771118164,20.239999771118164,20.239999771118164,20.239999771118164,1055,0.0,0.0
2024-06-26 13:20:00-04:00,20.239999771118164,20.239999771118164,20.190000534057617,20.190000534057617,4687,0.0,0.0
2024-06-26 13:45:00-04:00,20.19879913330078,20.290000915527344,20.18000030517578,20.290000915527344,3801,0.0,0.0
2024-06-26 13:50:00-04:00,20.2549991607666,20.2549991607666,20.2549991607666,20.2549991607666,354,0.0,0.0
2024-06-26 13:55:00-04:00,20.260000228881836,20.260000228881836,20.200000762939453,20.200000762939453,2852,0.0,0.0
2024-06-26 14:00:00-04:00,20.225000381469727,20.229999542236328,20.21500015258789,20.21500015258789,1208,0.0,0.0
2024-06-26 14:10:00-04:00,20.174999237060547,20.174999237060547,20.174999237060547,20.174999237060547,152,0.0,0.0
2024-06-26 14:15:00-04:00,20.18000030517578,20.19499969482422,20.18000030517578,20.19499969482422,1185,0.0,0.0
2024-06-26 14:30:00-04:00,20.190000534057617,20.190000534057617,20.18000030517578,20.184999465942383,2684,0.0,0.0
2024-06-26 14:45:00-04:00,20.170000076293945,20.184999465942383,20.170000076293945,20.170000076293945,1131,0.0,0.0
2024-06-26 14:50:00-04:00,20.184999465942383,20.184999465942383,20.184999465942383,20.184999465942383,538,0.0,0.0
2024-06-26 14:55:00-04:00,20.184999465942383,20.184999465942383,20.18000030517578,20.18000030517578,828,0.0,0.0
2024-06-26 15:00:00-04:00,20.190000534057617,20.200000762939453,20.170000076293945,20.170000076293945,4887,0.0,0.0
2024-06-26 15:10:00-04:00,20.184999465942383,20.184999465942383,20.184999465942383,20.184999465942383,1060,0.0,0.0
2024-06-26 15:15:00-04:00,20.19499969482422,20.19499969482422,20.19499969482422,20.19499969482422,286,0.0,0.0
2024-06-26 15:20:00-04:00,20.200000762939453,20.209999084472656,20.19499969482422,20.19499969482422,1643,0.0,0.0
2024-06-26 15:30:00-04:00,20.194700241088867,20.225000381469727,20.194700241088867,20.225000381469727,2070,0.0,0.0
2024-06-26 15:35:00-04:00,20.209999084472656,20.209999084472656,20.200000762939453,20.200000762939453,1481,0.0,0.0
2024-06-26 15:40:00-04:00,20.200000762939453,20.219999313354492,20.200000762939453,20.219999313354492,2302,0.0,0.0
2024-06-26 15:45:00-04:00,20.229999542236328,20.229999542236328,20.219999313354492,20.219999313354492,2305,0.0,0.0
2024-06-26 15:50:00-04:00,20.219999313354492,20.239999771118164,20.219999313354492,20.229999542236328,3963,0.0,0.0
2024-06-26 15:55:00-04:00,20.225000381469727,20.290000915527344,20.22249984741211,20.290000915527344,8058,0.0,0.0
2024-06-27 09:30:00-04:00,20.25,20.270000457763672,20.25,20.264999389648438,6118,0.0,0.0
2024-06-27 09:45:00-04:00,20.260000228881836,20.31999969482422,20.229999542236328,20.299999237060547,3504,0.0,0.0
2024-06-27 09:50:00-04:00,20.299999237060547,20.385000228881836,20.299999237060547,20.385000228881836,3935,0.0,0.0
2024-06-27 10:00:00-04:00,20.40999984741211,20.520000457763672,20.385000228881836,20.43000030517578,14258,0.0,0.0
2024-06-27 10:05:00-04:00,20.44499969482422,20.510000228881836,20.44499969482422,20.510000228881836,1911,0.0,0.0
2024-06-27 10:15:00-04:00,20.469999313354492,20.469999313354492,20.469999313354492,20.469999313354492,1317,0.0,0.0
2024-06-27 10:30:00-04:00,20.479999542236328,20.530000686645508,20.479999542236328,20.510000228881836,3579,0.0,0.0
2024-06-27 10:35:00-04:00,20.530000686645508,20.545000076293945,20.530000686645508,20.545000076293945,2111,0.0,0.0
2024-06-27 10:45:00-04:00,20.545000076293945,20.545000076293945,20.540000915527344,20.545000076293945,2218,0.0,0.0
2024-06-27 10:50:00-04:00,20.540000915527344,20.540000915527344,20.43120002746582,20.44499969482422,2415,0.0,0.0
2024-06-27 11:00:00-04:00,20.399999618530273,20.399999618530273,20.309999465942383,20.334999084472656,2635,0.0,0.0
2024-06-27 11:10:00-04:00,20.299999237060547,20.299999237060547,20.299999237060547,20.299999237060547,1119,0.0,0.0
2024-06-27 11:15:00-04:00,20.325000762939453,20.350000381469727,20.325000762939453,20.350000381469727,839,0.0,0.0
2024-06-27 11:20:00-04:00,20.329999923706055,20.329999923706055,20.329999923706055,20.329999923706055,508,0.0,0.0
2024-06-27 11:30:00-04:00,20.334999084472656,20.334999084472656,20.334999084472656,20.334999084472656,693,0.0,0.0
2024-06-27 11:35:00-04:00,20.3700008392334,20.3700008392334,20.3700008392334,20.3700008392334,884,0.0,0.0
2024-06-27 11:40:00-04:00,20.360000610351562,20.360000610351562,20.360000610351562,20.360000610351562,1012,0.0,0.0
2024-06-27 12:00:00-04:00,20.3799991607666,20.3799991607666,20.375,20.375,322,0.0,0.0
2024-06-27 12:05:00-04:00,20.389999389648438,20.420000076293945,20.389999389648438,20.40999984741211,2151,0.0,0.0
2024-06-27 12:10:00-04:00,20.43000030517578,20.43000030517578,20.415000915527344,20.415000915527344,1101,0.0,0.0
2024-06-27 12:20:00-04:00,20.399999618530273,20.400100708007812,20.399999618530273,20.400100708007812,1520,0.0,0.0
2024-06-27 12:25:00-04:00,20.40999984741211,20.40999984741211,20.40999984741211,20.40999984741211,1035,0.0,0.0
2024-06-27 12:35:00-04:00,20.389999389648438,20.389999389648438,20.389999389648438,20.389999389648438,697,0.0,0.0
2024-06-27 12:40:00-04:00,20.358200073242188,20.358200073242188,20.358200073242188,20.358200073242188,743,0.0,0.0
2024-06-27 12:55:00-04:00,20.3799991607666,20.450000762939453,20.3799991607666,20.450000762939453,3649,0.0,0.0
2024-06-27 13:10:00-04:00,20.43000030517578,20.440000534057617,20.43000030517578,20.440000534057617,884,0.0,0.0
2024-06-27 13:15:00-04:00,20.434999465942383,20.434999465942383,20.434999465942383,20.434999465942383,435,0.0,0.0
2024-06-27 13:25:00-04:00,20.43000030517578,20.43000030517578,20.43000030517578,20.43000030517578,874,0.0,0.0
2024-06-27 13:30:00-04:00,20.40999984741211,20.40999984741211,20.399999618530273,20.399999618530273,799,0.0,0.0
2024-06-27 13:40:00-04:00,20.395000457763672,20.399999618530273,20.389999389648438,20.399999618530273,1060,0.0,0.0
2024-06-27 13:50:00-04:00,20.40999984741211,20.40999984741211,20.399999618530273,20.40999984741211,2124,0.0,0.0
2024-06-27 13:55:00-04:00,20.399999618530273,20.40999984741211,20.399999618530273,20.40999984741211,549,0.0,0.0
2024-06-27 14:00:00-04:00,20.389999389648438,20.405000686645508,20.389999389648438,20.399999618530273,3200,0.0,0.0
2024-06-27 14:10:00-04:00,20.40999984741211,20.40999984741211,20.40999984741211,20.40999984741211,1202,0.0,0.0
2024-06-27 14:20:00-04:00,20.399999618530273,20.399999618530273,20.395000457763672,20.395000457763672,663,0.0,0.0
2024-06-27 14:25:00-04:00,20.395999908447266,20.399999618530273,20.395999908447266,20.399999618530273,819,0.0,0.0
2024-06-27 14:30:00-04:00,20.399999618530273,20.489999771118164,20.399999618530273,20.489999771118164,2650,0.0,0.0
2024-06-27 14:35:00-04:00,20.5,20.5,20.5,20.5,394,0.0,0.0
2024-06-27 14:40:00-04:00,20.485000610351562,20.485000610351562,20.469999313354492,20.469999313354492,733,0.0,0.0
2024-06-27 14:45:00-04:00,20.469999313354492,20.469999313354492,20.469999313354492,20.469999313354492,250,0.0,0.0
2024-06-27 14:50:00-04:00,20.469999313354492,20.475000381469727,20.469999313354492,20.475000381469727,1251,0.0,0.0
2024-06-27 14:55:00-04:00,20.475000381469727,20.475000381469727,20.440000534057617,20.450000762939453,1924,0.0,0.0
2024-06-27 15:00:00-04:00,20.424999237060547,20.424999237060547,20.424999237060547,20.424999237060547,375,0.0,0.0
2024-06-27 15:05:00-04:00,20.424999237060547,20.424999237060547,20.424999237060547,20.424999237060547,459,0.0,0.0
2024-06-27 15:10:00-04:00,20.420000076293945,20.43000030517578,20.420000076293945,20.424999237060547,3030,0.0,0.0
2024-06-27 15:20:00-04:00,20.389999389648438,20.389999389648438,20.389999389648438,20.389999389648438,437,0.0,0.0
2024-06-27 15:25:00-04:00,20.389999389648438,20.389999389648438,20.389999389648438,20.389999389648438,339,0.0,0.0
2024-06-27 15:30:00-04:00,20.389999389648438,20.389999389648438,20.329999923706055,20.34000015258789,2919,0.0,0.0
2024-06-27 15:35:00-04:00,20.309999465942383,20.309999465942383,20.270000457763672,20.290000915527344,3569,0.0,0.0
2024-06-27 15:40:00-04:00,20.299999237060547,20.299999237060547,20.260000228881836,20.260000228881836,6408,0.0,0.0
2024-06-27 15:45:00-04:00,20.260000228881836,20.260000228881836,20.25,20.260000228881836,1630,0.0,0.0
2024-06-27 15:50:00-04:00,20.260000228881836,20.325000762939453,20.25,20.325000762939453,9243,0.0,0.0
2024-06-27 15:55:00-04:00,20.3700008392334,20.389999389648438,20.34000015258789,20.350000381469727,8758,0.0,0.0
2024-06-28 09:30:00-04:00,20.510000228881836,20.520000457763672,20.510000228881836,20.520000457763672,2223,0.0,0.0
2024-06-28 09:45:00-04:00,20.520000457763672,20.520000457763672,20.520000457763672,20.520000457763672,962,0.0,0.0
2024-06-28 09:50:00-04:00,20.530000686645508,20.600000381469727,20.530000686645508,20.584299087524414,2706,0.0,0.0
2024-06-28 09:55:00-04:00,20.635000228881836,20.665000915527344,20.635000228881836,20.665000915527344,1112,0.0,0.0
2024-06-28 10:00:00-04:00,20.600000381469727,20.649999618530273,20.55500030517578,20.55500030517578,3007,0.0,0.0
2024-06-28 10:05:00-04:00,20.600000381469727,20.600000381469727,20.600000381469727,20.600000381469727,810,0.0,0.0
2024-06-28 10:20:00-04:00,20.6299991607666,20.6299991607666,20.6299991607666,20.6299991607666,540,0.0,0.0
2024-06-28 10:25:00-04:00,20.65999984741211,20.65999984741211,20.65999984741211,20.65999984741211,926,0.0,0.0
2024-06-28 10:30:00-04:00,20.690000534057617,20.729999542236328,20.690000534057617,20.725000381469727,1591,0.0,0.0
2024-06-28 10:40:00-04:00,20.71500015258789,20.71500015258789,20.71500015258789,20.71500015258789,1229,0.0,0.0
2024-06-28 10:45:00-04:00,20.770000457763672,20.770000457763672,20.770000457763672,20.770000457763672,398,0.0,0.0
2024-06-28 10:50:00-04:00,20.739999771118164,20.760000228881836,20.739999771118164,20.760000228881836,938,0.0,0.0
2024-06-28 10:55:00-04:00,20.7549991607666,20.7549991607666,20.739999771118164,20.75,656,0.0,0.0
2024-06-28 11:00:00-04:00,20.739999771118164,20.750099182128906,20.68000030517578,20.68000030517578,1800,0.0,0.0
2024-06-28 11:05:00-04:00,20.614999771118164,20.614999771118164,20.614999771118164,20.614999771118164,916,0.0,0.0
2024-06-28 11:10:00-04:00,20.6200008392334,20.760000228881836,20.6200008392334,20.75,13493,0.0,0.0
2024-06-28 11:15:00-04:00,20.760000228881836,20.81999969482422,20.71500015258789,20.81999969482422,10997,0.0,0.0
2024-06-28 11:20:00-04:00,20.75,20.75,20.684999465942383,20.684999465942383,1020,0.0,0.0
2024-06-28 11:25:00-04:00,20.639999389648438,20.820999145507812,20.639999389648438,20.81999969482422,24924,0.0,0.0
2024-06-28 11:30:00-04:00,20.770000457763672,20.770000457763672,20.770000457763672,20.770000457763672,405,0.0,0.0
2024-06-28 11:35:00-04:00,20.809999465942383,20.81999969482422,20.809999465942383,20.81999969482422,917,0.0,0.0
2024-06-28 11:40:00-04:00,20.799999237060547,20.799999237060547,20.799999237060547,20.799999237060547,564,0.0,0.0
2024-06-28 11:45:00-04:00,20.84000015258789,20.850000381469727,20.825000762939453,20.850000381469727,1235,0.0,0.0
2024-06-28 11:50:00-04:00,20.860000610351562,20.8700008392334,20.829999923706055,20.854999542236328,2391,0.0,0.0
2024-06-28 11:55:00-04:00,20.854999542236328,20.899999618530273,20.854999542236328,20.898799896240234,3660,0.0,0.0
2024-06-28 12:00:00-04:00,20.93000030517578,20.93000030517578,20.910200119018555,20.93000030517578,928,0.0,0.0
2024-06-28 12:05:00-04:00,20.93000030517578,20.93000030517578,20.90999984741211,20.90999984741211,2285,0.0,0.0
2024-06-28 12:10:00-04:00,20.920000076293945,20.920000076293945,20.905000686645508,20.905000686645508,1342,0.0,0.0
2024-06-28 12:15:00-04:00,20.895000457763672,20.915000915527344,20.895000457763672,20.915000915527344,1337,0.0,0.0
2024-06-28 12:25:00-04:00,20.950000762939453,20.950000762939453,20.93000030517578,20.93000030517578,2685,0.0,0.0
2024-06-28 12:35:00-04:00,20.900800704956055,20.900800704956055,20.899999618530273,20.899999618530273,1587,0.0,0.0
2024-06-28 12:55:00-04:00,20.8799991607666,20.8799991607666,20.780000686645508,20.780000686645508,3178,0.0,0.0
2024-06-28 13:10:00-04:00,20.809999465942383,20.850000381469727,20.809999465942383,20.850000381469727,1295,0.0,0.0
2024-06-28 13:15:00-04:00,20.844999313354492,20.90999984741211,20.81999969482422,20.90999984741211,4018,0.0,0.0
2024-06-28 13:25:00-04:00,20.885000228881836,21.020000457763672,20.860000610351562,21.0,8885,0.0,0.0
2024-06-28 13:30:00-04:00,21.0,21.0,20.920000076293945,20.93000030517578,4477,0.0,0.0
2024-06-28 13:35:00-04:00,20.934999465942383,20.989999771118164,20.934999465942383,20.989999771118164,2742,0.0,0.0
2024-06-28 13:40:00-04:00,20.950000762939453,20.979999542236328,20.950000762939453,20.979999542236328,917,0.0,0.0
2024-06-28 13:45:00-04:00,20.959999084472656,20.975000381469727,20.959999084472656,20.969999313354492,788,0.0,0.0
2024-06-28 13:50:00-04:00,20.969999313354492,21.25,20.959999084472656,21.09000015258789,23508,0.0,0.0
2024-06-28 13:55:00-04:00,21.094999313354492,21.139999389648438,21.094999313354492,21.139999389648438,703,0.0,0.0
2024-06-28 14:00:00-04:00,21.114999771118164,21.139999389648438,21.09000015258789,21.139999389648438,3614,0.0,0.0
2024-06-28 14:05:00-04:00,21.1200008392334,21.1200008392334,21.114999771118164,21.114999771118164,865,0.0,0.0
2024-06-28 14:10:00-04:00,21.1200008392334,21.149999618530273,21.1200008392334,21.149999618530273,1255,0.0,0.0
2024-06-28 14:15:00-04:00,21.139999389648438,21.149999618530273,21.100000381469727,21.1200008392334,2992,0.0,0.0
2024-06-28 14:20:00-04:00,21.1299991607666,21.1299991607666,21.1200008392334,21.125,2634,0.0,0.0
2024-06-28 14:25:00-04:00,21.125,21.139999389648438,21.125,21.139999389648438,517,0.0,0.0
2024-06-28 14:30:00-04:00,21.125,21.125,21.1200008392334,21.1200008392334,614,0.0,0.0
2024-06-28 14:35:00-04:00,21.1200008392334,21.139999389648438,21.06999969482422,21.104999542236328,5817,0.0,0.0
2024-06-28 14:40:00-04:00,21.1200008392334,21.1200008392334,21.100000381469727,21.100000381469727,1179,0.0,0.0
2024-06-28 14:45:00-04:00,21.110000610351562,21.15999984741211,21.110000610351562,21.149999618530273,3519,0.0,0.0
2024-06-28 14:50:00-04:00,21.155000686645508,21.225000381469727,21.155000686645508,21.225000381469727,3478,0.0,0.0
2024-06-28 14:55:00-04:00,21.2450008392334,21.2450008392334,21.209999084472656,21.22559928894043,3841,0.0,0.0
2024-06-28 15:00:00-04:00,21.2450008392334,21.2450008392334,21.15999984741211,21.190000534057617,3506,0.0,0.0
2024-06-28 15:05:00-04:00,21.200000762939453,21.209999084472656,21.190000534057617,21.209999084472656,1694,0.0,0.0
2024-06-28 15:10:00-04:00,21.200000762939453,21.21500015258789,21.200000762939453,21.21500015258789,1526,0.0,0.0
2024-06-28 15:15:00-04:00,21.200000762939453,21.200000762939453,21.100000381469727,21.139999389648438,4279,0.0,0.0
2024-06-28 15:20:00-04:00,21.1200008392334,21.15999984741211,21.1200008392334,21.15999984741211,3002,0.0,0.0
2024-06-28 15:25:00-04:00,21.176799774169922,21.19499969482422,21.170000076293945,21.174999237060547,4155,0.0,0.0
2024-06-28 15:30:00-04:00,21.170000076293945,21.170000076293945,21.100000381469727,21.100000381469727,3809,0.0,0.0
2024-06-28 15:35:00-04:00,21.170000076293945,21.190000534057617,21.170000076293945,21.190000534057617,2810,0.0,0.0
2024-06-28 15:40:00-04:00,21.19499969482422,21.19499969482422,21.1200008392334,21.1299991607666,5198,0.0,0.0
2024-06-28 15:45:00-04:00,21.1299991607666,21.139999389648438,21.09000015258789,21.09000015258789,4190,0.0,0.0
2024-06-28 15:50:00-04:00,21.06999969482422,21.06999969482422,20.799999237060547,20.809999465942383,25591,0.0,0.0
2024-06-28 15:55:00-04:00,20.780000686645508,20.90999984741211,20.729999542236328,20.84000015258789,56197,0.0,0.0
2024-07-01 09:30:00-04:00,20.899999618530273,21.040000915527344,20.639999389648438,21.0049991607666,1681,0.0,0.0
2024-07-01 09:35:00-04:00,20.950000762939453,20.950000762939453,20.90999984741211,20.920000076293945,1532,0.0,0.0
2024-07-01 09:45:00-04:00,20.96500015258789,20.96500015258789,20.96500015258789,20.96500015258789,1332,0.0,0.0
2024-07-01 09:55:00-04:00,20.709999084472656,20.760000228881836,20.709999084472656,20.760000228881836,1313,0.0,0.0
2024-07-01 10:00:00-04:00,20.850000381469727,20.93000030517578,20.80500030517578,20.93000030517578,2026,0.0,0.0
2024-07-01 10:05:00-04:00,20.81999969482422,20.8799991607666,20.81999969482422,20.8799991607666,5272,0.0,0.0
2024-07-01 10:10:00-04:00,20.75,20.75,20.75,20.75,892,0.0,0.0
2024-07-01 10:20:00-04:00,20.639999389648438,20.68000030517578,20.639999389648438,20.68000030517578,608,0.0,0.0
2024-07-01 10:25:00-04:00,20.649999618530273,20.649999618530273,20.6299991607666,20.6299991607666,687,0.0,0.0
2024-07-01 10:30:00-04:00,20.602500915527344,20.602500915527344,20.56999969482422,20.56999969482422,1635,0.0,0.0
2024-07-01 10:35:00-04:00,20.520000457763672,20.559999465942383,20.520000457763672,20.559999465942383,1762,0.0,0.0
2024-07-01 10:40:00-04:00,20.514999389648438,20.56999969482422,20.514999389648438,20.559999465942383,1906,0.0,0.0
2024-07-01 10:45:00-04:00,20.53499984741211,20.53499984741211,20.479999542236328,20.479999542236328,1129,0.0,0.0
2024-07-01 10:50:00-04:00,20.46500015258789,20.46500015258789,20.440000534057617,20.440000534057617,453,0.0,0.0
2024-07-01 10:55:00-04:00,20.469999313354492,20.510000228881836,20.446199417114258,20.510000228881836,3414,0.0,0.0
2024-07-01 11:10:00-04:00,20.469999313354492,20.469999313354492,20.469999313354492,20.469999313354492,492,0.0,0.0
2024-07-01 11:15:00-04:00,20.450000762939453,20.450000762939453,20.389999389648438,20.389999389648438,1339,0.0,0.0
2024-07-01 11:30:00-04:00,20.354999542236328,20.364999771118164,20.354999542236328,20.364999771118164,958,0.0,0.0
2024-07-01 11:35:00-04:00,20.360000610351562,20.3799991607666,20.309999465942383,20.3799991607666,2347,0.0,0.0
2024-07-01 11:45:00-04:00,20.3799991607666,20.389999389648438,20.3799991607666,20.389999389648438,923,0.0,0.0
2024-07-01 11:50:00-04:00,20.389999389648438,20.389999389648438,20.389999389648438,20.389999389648438,348,0.0,0.0
2024-07-01 12:00:00-04:00,20.399999618530273,20.399999618530273,20.399999618530273,20.399999618530273,264,0.0,0.0
2024-07-01 12:05:00-04:00,20.43000030517578,20.43000030517578,20.43000030517578,20.43000030517578,750,0.0,0.0
2024-07-01 12:10:00-04:00,20.469999313354492,20.469999313354492,20.469999313354492,20.469999313354492,173,0.0,0.0
2024-07-01 12:20:00-04:00,20.459999084472656,20.459999084472656,20.450000762939453,20.450000762939453,1732,0.0,0.0
2024-07-01 12:35:00-04:00,20.415000915527344,20.415000915527344,20.415000915527344,20.415000915527344,1193,0.0,0.0
2024-07-01 12:45:00-04:00,20.389999389648438,20.389999389648438,20.3799991607666,20.3799991607666,383,0.0,0.0
2024-07-01 12:55:00-04:00,20.3799991607666,20.3799991607666,20.3799991607666,20.3799991607666,497,0.0,0.0
2024-07-01 13:00:00-04:00,20.325000762939453,20.325000762939453,20.325000762939453,20.325000762939453,431,0.0,0.0
2024-07-01 13:15:00-04:00,20.3700008392334,20.3799991607666,20.3700008392334,20.3799991607666,1079,0.0,0.0
2024-07-01 13:20:00-04:00,20.3799991607666,20.385000228881836,20.3799991607666,20.385000228881836,631,0.0,0.0
2024-07-01 13:25:00-04:00,20.38599967956543,20.38599967956543,20.38599967956543,20.38599967956543,204,0.0,0.0
2024-07-01 13:30:00-04:00,20.39539909362793,20.39539909362793,20.39539909362793,20.39539909362793,834,0.0,0.0
2024-07-01 13:35:00-04:00,20.375,20.375,20.375,20.375,972,0.0,0.0
2024-07-01 14:00:00-04:00,20.334999084472656,20.334999084472656,20.299999237060547,20.299999237060547,1535,0.0,0.0
2024-07-01 14:05:00-04:00,20.290000915527344,20.290000915527344,20.290000915527344,20.290000915527344,300,0.0,0.0
2024-07-01 14:15:00-04:00,20.280000686645508,20.280000686645508,20.260000228881836,20.260000228881836,1929,0.0,0.0
2024-07-01 14:25:00-04:00,20.200000762939453,20.200000762939453,20.190000534057617,20.190000534057617,614,0.0,0.0
2024-07-01 14:30:00-04:00,20.15999984741211,20.15999984741211,20.145000457763672,20.15999984741211,1381,0.0,0.0
2024-07-01 14:40:00-04:00,20.139999389648438,20.155399322509766,20.139999389648438,20.155399322509766,1753,0.0,0.0
2024-07-01 14:45:00-04:00,20.1200008392334,20.129899978637695,20.110000610351562,20.129899978637695,845,0.0,0.0
2024-07-01 14:50:00-04:00,20.110000610351562,20.1299991607666,20.110000610351562,20.1200008392334,1902,0.0,0.0
2024-07-01 14:55:00-04:00,20.1299991607666,20.1299991607666,20.1299991607666,20.1299991607666,292,0.0,0.0
2024-07-01 15:05:00-04:00,20.139999389648438,20.139999389648438,20.110000610351562,20.110000610351562,1061,0.0,0.0
2024-07-01 15:10:00-04:00,20.100000381469727,20.100000381469727,20.100000381469727,20.100000381469727,451,0.0,0.0
2024-07-01 15:15:00-04:00,20.100000381469727,20.110000610351562,20.100000381469727,20.110000610351562,996,0.0,0.0
2024-07-01 15:20:00-04:00,20.104999542236328,20.1200008392334,20.104999542236328,20.110000610351562,2516,0.0,0.0
2024-07-01 15:25:00-04:00,20.09000015258789,20.110000610351562,20.040700912475586,20.104999542236328,6789,0.0,0.0
2024-07-01 15:30:00-04:00,20.104999542236328,20.149999618530273,20.104999542236328,20.149999618530273,1493,0.0,0.0
2024-07-01 15:35:00-04:00,20.145000457763672,20.145000457763672,20.1299991607666,20.1299991607666,1723,0.0,0.0
2024-07-01 15:40:00-04:00,20.170000076293945,20.170000076293945,20.15999984741211,20.15999984741211,3110,0.0,0.0
2024-07-01 15:45:00-04:00,20.165000915527344,20.22909927368164,20.165000915527344,20.209999084472656,4364,0.0,0.0
2024-07-01 15:50:00-04:00,20.239999771118164,20.239999771118164,20.229999542236328,20.235000610351562,4111,0.0,0.0
2024-07-01 15:55:00-04:00,20.229999542236328,20.299999237060547,20.229999542236328,20.270000457763672,10447,0.0,0.0
2024-07-02 09:30:00-04:00,20.260000228881836,20.260000228881836,20.239999771118164,20.239999771118164,1641,0.0,0.0
2024-07-02 09:35:00-04:00,20.3700008392334,20.3700008392334,20.309999465942383,20.309999465942383,351,0.0,0.0
2024-07-02 09:40:00-04:00,20.25,20.25,20.25,20.25,223,0.0,0.0
2024-07-02 09:45:00-04:00,20.25,20.280000686645508,20.25,20.280000686645508,729,0.0,0.0
2024-07-02 09:50:00-04:00,20.280000686645508,20.280000686645508,20.280000686645508,20.280000686645508,124,0.0,0.0
2024-07-02 09:55:00-04:00,20.280000686645508,20.360000610351562,20.280000686645508,20.360000610351562,292,0.0,0.0
2024-07-02 10:00:00-04:00,20.404600143432617,20.404600143432617,20.329999923706055,20.3700008392334,823,0.0,0.0
2024-07-02 10:05:00-04:00,20.329999923706055,20.549999237060547,20.329999923706055,20.549999237060547,7441,0.0,0.0
2024-07-02 10:10:00-04:00,20.5,20.5,20.450000762939453,20.450000762939453,4377,0.0,0.0
2024-07-02 10:20:00-04:00,20.459999084472656,20.469999313354492,20.43000030517578,20.43000030517578,965,0.0,0.0
2024-07-02 10:25:00-04:00,20.440000534057617,20.440000534057617,20.440000534057617,20.440000534057617,488,0.0,0.0
2024-07-02 10:35:00-04:00,20.469999313354492,20.469999313354492,20.43000030517578,20.43000030517578,295,0.0,0.0
2024-07-02 10:40:00-04:00,20.449800491333008,20.449800491333008,20.449800491333008,20.449800491333008,1039,0.0,0.0
2024-07-02 10:45:00-04:00,20.40999984741211,20.40999984741211,20.40999984741211,20.40999984741211,153,0.0,0.0
2024-07-02 10:50:00-04:00,20.40999984741211,20.40999984741211,20.40999984741211,20.40999984741211,141,0.0,0.0
2024-07-02 10:55:00-04:00,20.450000762939453,20.450000762939453,20.43000030517578,20.43000030517578,552,0.0,0.0
2024-07-02 11:00:00-04:00,20.459999084472656,20.459999084472656,20.440000534057617,20.440000534057617,1242,0.0,0.0
2024-07-02 11:10:00-04:00,20.360000610351562,20.360000610351562,20.360000610351562,20.360000610351562,113,0.0,0.0
2024-07-02 11:15:00-04:00,20.360000610351562,20.360000610351562,20.360000610351562,20.360000610351562,205,0.0,0.0
2024-07-02 11:20:00-04:00,20.360000610351562,20.360000610351562,20.360000610351562,20.360000610351562,128,0.0,0.0
2024-07-02 11:25:00-04:00,20.350000381469727,20.350000381469727,20.350000381469727,20.350000381469727,274,0.0,0.0
2024-07-02 11:30:00-04:00,20.3700008392334,20.3700008392334,20.3700008392334,20.3700008392334,131,0.0,0.0
2024-07-02 11:35:00-04:00,20.360000610351562,20.360000610351562,20.360000610351562,20.360000610351562,112,0.0,0.0
2024-07-02 11:40:00-04:00,20.395000457763672,20.395000457763672,20.3700008392334,20.3700008392334,279,0.0,0.0
2024-07-02 11:45:00-04:00,20.3700008392334,20.3700008392334,20.309999465942383,20.309999465942383,1478,0.0,0.0
2024-07-02 11:50:00-04:00,20.290000915527344,20.290000915527344,20.290000915527344,20.290000915527344,414,0.0,0.0
2024-07-02 11:55:00-04:00,20.290000915527344,20.290000915527344,20.290000915527344,20.290000915527344,115,0.0,0.0
2024-07-02 12:00:00-04:00,20.270000457763672,20.270000457763672,20.270000457763672,20.270000457763672,671,0.0,0.0
2024-07-02 12:10:00-04:00,20.25,20.25,20.25,20.25,244,0.0,0.0
2024-07-02 12:15:00-04:00,20.25,20.25,20.25,20.25,468,0.0,0.0
2024-07-02 12:20:00-04:00,20.25,20.270000457763672,20.25,20.270000457763672,1206,0.0,0.0
2024-07-02 12:25:00-04:00,20.25,20.25,20.25,20.25,152,0.0,0.0
2024-07-02 12:30:00-04:00,20.270000457763672,20.270000457763672,20.25,20.25,353,0.0,0.0
2024-07-02 12:35:00-04:00,20.25,20.25,20.25,20.25,150,0.0,0.0
2024-07-02 12:40:00-04:00,20.25,20.25,20.25,20.25,230,0.0,0.0
2024-07-02 12:45:00-04:00,20.25,20.25,20.25,20.25,832,0.0,0.0
2024-07-02 12:50:00-04:00,20.270000457763672,20.270000457763672,20.270000457763672,20.270000457763672,427,0.0,0.0
2024-07-02 12:55:00-04:00,20.2450008392334,20.280000686645508,20.2450008392334,20.280000686645508,1101,0.0,0.0
2024-07-02 13:00:00-04:00,20.25,20.25,20.25,20.25,144,0.0,0.0
2024-07-02 13:05:00-04:00,20.25,20.25,20.25,20.25,146,0.0,0.0
2024-07-02 13:10:00-04:00,20.25,20.25,20.25,20.25,124,0.0,0.0
2024-07-02 13:15:00-04:00,20.25,20.25,20.25,20.25,201,0.0,0.0
2024-07-02 13:20:00-04:00,20.260000228881836,20.260000228881836,20.260000228881836,20.260000228881836,108,0.0,0.0
2024-07-02 13:25:00-04:00,20.25,20.25,20.25,20.25,182,0.0,0.0
2024-07-02 13:30:00-04:00,20.25,20.25,20.25,20.25,157,0.0,0.0
2024-07-02 13:35:00-04:00,20.25,20.25,20.25,20.25,233,0.0,0.0
2024-07-02 13:40:00-04:00,20.25,20.26059913635254,20.25,20.26059913635254,688,0.0,0.0
2024-07-02 13:45:00-04:00,20.25,20.25,20.25,20.25,412,0.0,0.0
2024-07-02 13:50:00-04:00,20.270000457763672,20.290000915527344,20.25,20.25,805,0.0,0.0
2024-07-02 13:55:00-04:00,20.260000228881836,20.260000228881836,20.260000228881836,20.260000228881836,403,0.0,0.0
2024-07-02 14:00:00-04:00,20.290000915527344,20.290000915527344,20.290000915527344,20.290000915527344,663,0.0,0.0
2024-07-02 14:05:00-04:00,20.31999969482422,20.31999969482422,20.270000457763672,20.309999465942383,2461,0.0,0.0
2024-07-02 14:10:00-04:00,20.32040023803711,20.32040023803711,20.32040023803711,20.32040023803711,4735,0.0,0.0
2024-07-02 14:15:00-04:00,20.31999969482422,20.31999969482422,20.31999969482422,20.31999969482422,0,0.0,0.0
2024-07-02 14:20:00-04:00,20.360000610351562,20.360000610351562,20.31999969482422,20.31999969482422,648,0.0,0.0
2024-07-02 14:25:00-04:00,20.31999969482422,20.31999969482422,20.25,20.25,2423,0.0,0.0
2024-07-02 14:30:00-04:00,20.25,20.260000228881836,20.25,20.260000228881836,679,0.0,0.0
2024-07-02 14:35:00-04:00,20.260000228881836,20.260000228881836,20.25,20.25,599,0.0,0.0
2024-07-02 14:40:00-04:00,20.25,20.25,20.25,20.25,224,0.0,0.0
2024-07-02 14:45:00-04:00,20.25,20.25,20.25,20.25,319,0.0,0.0
2024-07-02 14:50:00-04:00,20.25,20.25,20.25,20.25,208,0.0,0.0
2024-07-02 14:55:00-04:00,20.290000915527344,20.329999923706055,20.274999618530273,20.31999969482422,4252,0.0,0.0
2024-07-02 15:00:00-04:00,20.31999969482422,20.31999969482422,20.31999969482422,20.31999969482422,541,0.0,0.0
2024-07-02 15:05:00-04:00,20.31999969482422,20.31999969482422,20.31999969482422,20.31999969482422,1344,0.0,0.0
2024-07-02 15:15:00-04:00,20.329999923706055,20.329999923706055,20.329999923706055,20.329999923706055,565,0.0,0.0
2024-07-02 15:20:00-04:00,20.34000015258789,20.360000610351562,20.34000015258789,20.360000610351562,1306,0.0,0.0
2024-07-02 15:30:00-04:00,20.34000015258789,20.34000015258789,20.34000015258789,20.34000015258789,938,0.0,0.0
2024-07-02 15:35:00-04:00,20.31999969482422,20.31999969482422,20.31999969482422,20.31999969482422,537,0.0,0.0
2024-07-02 15:40:00-04:00,20.299999237060547,20.299999237060547,20.299999237060547,20.299999237060547,1048,0.0,0.0
2024-07-02 15:45:00-04:00,20.309999465942383,20.325000762939453,20.309999465942383,20.31999969482422,2114,0.0,0.0
2024-07-02 15:50:00-04:00,20.31999969482422,20.325000762939453,20.31999969482422,20.325000762939453,704,0.0,0.0
2024-07-02 15:55:00-04:00,20.315000534057617,20.420000076293945,20.315000534057617,20.3799991607666,8219,0.0,0.0
2024-07-03 09:30:00-04:00,20.3700008392334,20.3700008392334,20.3700008392334,20.3700008392334,544,0.0,0.0
2024-07-03 09:35:00-04:00,20.440000534057617,20.604999542236328,20.440000534057617,20.540000915527344,3183,0.0,0.0
2024-07-03 09:40:00-04:00,20.68000030517578,20.68000030517578,20.68000030517578,20.68000030517578,606,0.0,0.0
2024-07-03 09:50:00-04:00,20.5,20.545000076293945,20.5,20.5,835,0.0,0.0
2024-07-03 10:00:00-04:00,20.579999923706055,20.649999618530273,20.579999923706055,20.649999618530273,1522,0.0,0.0
2024-07-03 10:10:00-04:00,20.65999984741211,20.67840003967285,20.65999984741211,20.67840003967285,2251,0.0,0.0
2024-07-03 10:15:00-04:00,20.735000610351562,20.735000610351562,20.712499618530273,20.727500915527344,846,0.0,0.0
2024-07-03 10:20:00-04:00,20.729999542236328,20.75,20.704999923706055,20.729999542236328,4168,0.0,0.0
2024-07-03 10:25:00-04:00,20.729999542236328,20.729999542236328,20.729999542236328,20.729999542236328,964,0.0,0.0
2024-07-03 10:30:00-04:00,20.739999771118164,20.739999771118164,20.684999465942383,20.684999465942383,913,0.0,0.0
2024-07-03 10:35:00-04:00,20.700000762939453,20.700000762939453,20.700000762939453,20.700000762939453,1765,0.0,0.0
2024-07-03 10:40:00-04:00,20.69499969482422,20.69499969482422,20.670000076293945,20.69499969482422,2520,0.0,0.0
2024-07-03 10:45:00-04:00,20.697900772094727,20.697900772094727,20.6200008392334,20.6200008392334,1517,0.0,0.0
2024-07-03 10:50:00-04:00,20.690000534057617,20.700000762939453,20.690000534057617,20.697500228881836,1229,0.0,0.0
2024-07-03 10:55:00-04:00,20.6200008392334,20.649999618530273,20.6200008392334,20.649999618530273,1163,0.0,0.0
2024-07-03 11:00:00-04:00,20.614999771118164,20.614999771118164,20.614999771118164,20.614999771118164,354,0.0,0.0
2024-07-03 11:10:00-04:00,20.565000534057617,20.565000534057617,20.565000534057617,20.565000534057617,366,0.0,0.0
2024-07-03 11:15:00-04:00,20.559999465942383,20.56999969482422,20.559999465942383,20.56999969482422,1035,0.0,0.0
2024-07-03 11:20:00-04:00,20.59000015258789,20.59000015258789,20.59000015258789,20.59000015258789,978,0.0,0.0
2024-07-03 11:50:00-04:00,20.56999969482422,20.56999969482422,20.56999969482422,20.56999969482422,567,0.0,0.0
2024-07-03 11:55:00-04:00,20.56999969482422,20.56999969482422,20.530000686645508,20.530000686645508,545,0.0,0.0
2024-07-03 12:00:00-04:00,20.565000534057617,20.565000534057617,20.565000534057617,20.565000534057617,808,0.0,0.0
2024-07-03 12:15:00-04:00,20.56999969482422,20.56999969482422,20.540000915527344,20.540000915527344,2099,0.0,0.0
2024-07-03 12:20:00-04:00,20.51609992980957,20.51609992980957,20.51609992980957,20.51609992980957,622,0.0,0.0
2024-07-03 12:25:00-04:00,20.510000228881836,20.530000686645508,20.510000228881836,20.510000228881836,1674,0.0,0.0
2024-07-03 12:35:00-04:00,20.5,20.530000686645508,20.5,20.530000686645508,1505,0.0,0.0
2024-07-03 12:45:00-04:00,20.5,20.5,20.459999084472656,20.459999084472656,2491,0.0,0.0
2024-07-03 12:55:00-04:00,20.469999313354492,20.479999542236328,20.420000076293945,20.479999542236328,8491,0.0,0.0
2024-07-05 09:30:00-04:00,20.389999389648438,20.389999389648438,20.389999389648438,20.389999389648438,1365,0.0,0.0
2024-07-05 09:35:00-04:00,20.309999465942383,20.309999465942383,20.309999465942383,20.309999465942383,342,0.0,0.0
2024-07-05 09:45:00-04:00,20.290000915527344,20.375,20.290000915527344,20.375,573,0.0,0.0
2024-07-05 09:50:00-04:00,20.274999618530273,20.274999618530273,20.274999618530273,20.274999618530273,330,0.0,0.0
2024-07-05 10:00:00-04:00,20.25,20.25,20.25,20.25,403,0.0,0.0
2024-07-05 10:05:00-04:00,20.200000762939453,20.200000762939453,20.19499969482422,20.19499969482422,775,0.0,0.0
2024-07-05 10:15:00-04:00,20.190000534057617,20.190000534057617,20.190000534057617,20.190000534057617,130,0.0,0.0
2024-07-05 10:20:00-04:00,20.184999465942383,20.184999465942383,20.184999465942383,20.184999465942383,472,0.0,0.0
2024-07-05 10:25:00-04:00,20.18000030517578,20.18000030517578,20.174999237060547,20.174999237060547,495,0.0,0.0
2024-07-05 10:30:00-04:00,20.162500381469727,20.204999923706055,20.162500381469727,20.204999923706055,2481,0.0,0.0
2024-07-05 10:40:00-04:00,20.15999984741211,20.15999984741211,20.15999984741211,20.15999984741211,353,0.0,0.0
2024-07-05 10:45:00-04:00,20.19499969482422,20.344999313354492,20.19499969482422,20.344999313354492,2093,0.0,0.0
2024-07-05 10:50:00-04:00,20.31999969482422,20.31999969482422,20.299999237060547,20.31999969482422,456,0.0,0.0
2024-07-05 10:55:00-04:00,20.3700008392334,20.3700008392334,20.3700008392334,20.3700008392334,633,0.0,0.0
2024-07-05 11:00:00-04:00,20.290000915527344,20.290000915527344,20.28499984741211,20.28499984741211,629,0.0,0.0
2024-07-05 11:05:00-04:00,20.31999969482422,20.31999969482422,20.309999465942383,20.309999465942383,744,0.0,0.0
2024-07-05 11:15:00-04:00,20.229999542236328,20.229999542236328,20.229999542236328,20.229999542236328,416,0.0,0.0
2024-07-05 11:25:00-04:00,20.209999084472656,20.209999084472656,20.190000534057617,20.190000534057617,318,0.0,0.0
2024-07-05 11:30:00-04:00,20.18000030517578,20.184999465942383,20.18000030517578,20.184999465942383,374,0.0,0.0
2024-07-05 11:35:00-04:00,20.174999237060547,20.209999084472656,20.174999237060547,20.209999084472656,517,0.0,0.0
2024-07-05 11:40:00-04:00,20.170000076293945,20.200000762939453,20.170000076293945,20.200000762939453,1081,0.0,0.0
2024-07-05 11:50:00-04:00,20.190000534057617,20.239999771118164,20.190000534057617,20.239999771118164,2177,0.0,0.0
2024-07-05 12:15:00-04:00,20.149999618530273,20.174999237060547,20.149999618530273,20.174999237060547,585,0.0,0.0
2024-07-05 12:30:00-04:00,20.170000076293945,20.170000076293945,20.139999389648438,20.139999389648438,1141,0.0,0.0
2024-07-05 12:40:00-04:00,20.114999771118164,20.114999771118164,20.114999771118164,20.114999771118164,766,0.0,0.0
2024-07-05 12:45:00-04:00,20.09000015258789,20.094999313354492,20.09000015258789,20.09000015258789,1772,0.0,0.0
2024-07-05 12:55:00-04:00,20.09000015258789,20.09000015258789,20.09000015258789,20.09000015258789,1029,0.0,0.0
2024-07-05 13:35:00-04:00,20.104999542236328,20.104999542236328,20.104999542236328,20.104999542236328,222,0.0,0.0
2024-07-05 13:40:00-04:00,20.100200653076172,20.1299991607666,20.079999923706055,20.1299991607666,4890,0.0,0.0
2024-07-05 13:50:00-04:00,20.135000228881836,20.135000228881836,20.135000228881836,20.135000228881836,152,0.0,0.0
2024-07-05 14:00:00-04:00,20.112199783325195,20.112199783325195,20.112199783325195,20.112199783325195,269,0.0,0.0
2024-07-05 14:05:00-04:00,20.135000228881836,20.135000228881836,20.135000228881836,20.135000228881836,454,0.0,0.0
2024-07-05 14:20:00-04:00,20.1200008392334,20.1200008392334,20.1200008392334,20.1200008392334,447,0.0,0.0
2024-07-05 14:25:00-04:00,20.100000381469727,20.110000610351562,20.094100952148438,20.094100952148438,894,0.0,0.0
2024-07-05 14:30:00-04:00,20.09000015258789,20.1299991607666,20.062299728393555,20.1299991607666,4289,0.0,0.0
2024-07-05 14:35:00-04:00,20.100000381469727,20.100000381469727,20.100000381469727,20.100000381469727,857,0.0,0.0
2024-07-05 14:45:00-04:00,20.100000381469727,20.100000381469727,20.079999923706055,20.100000381469727,1334,0.0,0.0
2024-07-05 14:50:00-04:00,20.100000381469727,20.139999389648438,20.100000381469727,20.100000381469727,5845,0.0,0.0
2024-07-05 14:55:00-04:00,20.1200008392334,20.1200008392334,20.1200008392334,20.1200008392334,323,0.0,0.0
2024-07-05 15:05:00-04:00,20.100000381469727,20.100000381469727,20.100000381469727,20.100000381469727,162,0.0,0.0
2024-07-05 15:10:00-04:00,20.111799240112305,20.1299991607666,20.111799240112305,20.125,1328,0.0,0.0
2024-07-05 15:15:00-04:00,20.110000610351562,20.110000610351562,20.110000610351562,20.110000610351562,208,0.0,0.0
2024-07-05 15:20:00-04:00,20.100000381469727,20.100000381469727,20.100000381469727,20.100000381469727,699,0.0,0.0
2024-07-05 15:25:00-04:00,20.100000381469727,20.110000610351562,20.100000381469727,20.110000610351562,5800,0.0,0.0
2024-07-05 15:30:00-04:00,20.100000381469727,20.104999542236328,20.094999313354492,20.104999542236328,14855,0.0,0.0
2024-07-05 15:35:00-04:00,20.100000381469727,20.190000534057617,20.079999923706055,20.190000534057617,7039,0.0,0.0
2024-07-05 15:40:00-04:00,20.190000534057617,20.190000534057617,20.190000534057617,20.190000534057617,207,0.0,0.0
2024-07-05 15:45:00-04:00,20.149999618530273,20.200000762939453,20.149999618530273,20.190000534057617,1967,0.0,0.0
2024-07-05 15:50:00-04:00,20.231300354003906,20.239999771118164,20.209999084472656,20.209999084472656,2591,0.0,0.0
2024-07-05 15:55:00-04:00,20.229999542236328,20.239999771118164,20.207000732421875,20.219999313354492,5003,0.0,0.0
2024-07-08 09:30:00-04:00,20.399999618530273,20.479999542236328,20.399999618530273,20.459999084472656,2966,0.0,0.0
2024-07-08 09:35:00-04:00,20.485000610351562,20.485000610351562,20.440000534057617,20.450000762939453,499,0.0,0.0
2024-07-08 09:40:00-04:00,20.424999237060547,20.424999237060547,20.34000015258789,20.34000015258789,304,0.0,0.0
2024-07-08 09:45:00-04:00,20.3700008392334,20.3700008392334,20.3700008392334,20.3700008392334,424,0.0,0.0
2024-07-08 09:50:00-04:00,20.309999465942383,20.309999465942383,20.309999465942383,20.309999465942383,2009,0.0,0.0
2024-07-08 09:55:00-04:00,20.290000915527344,20.290000915527344,20.290000915527344,20.290000915527344,648,0.0,0.0
2024-07-08 10:00:00-04:00,20.360000610351562,20.360000610351562,20.325000762939453,20.325000762939453,808,0.0,0.0
2024-07-08 10:05:00-04:00,20.280000686645508,20.280000686645508,20.280000686645508,20.280000686645508,410,0.0,0.0
2024-07-08 10:15:00-04:00,20.28499984741211,20.28499984741211,20.28499984741211,20.28499984741211,229,0.0,0.0
2024-07-08 10:20:00-04:00,20.315000534057617,20.315000534057617,20.315000534057617,20.315000534057617,200,0.0,0.0
2024-07-08 10:25:00-04:00,20.25,20.299999237060547,20.25,20.299999237060547,263,0.0,0.0
2024-07-08 10:30:00-04:00,20.28499984741211,20.28499984741211,20.270000457763672,20.270000457763672,2247,0.0,0.0
2024-07-08 10:45:00-04:00,20.280000686645508,20.280000686645508,20.270000457763672,20.270000457763672,756,0.0,0.0
2024-07-08 10:50:00-04:00,20.290000915527344,20.290000915527344,20.229999542236328,20.25,2186,0.0,0.0
2024-07-08 11:00:00-04:00,20.2549991607666,20.2549991607666,20.219999313354492,20.219999313354492,626,0.0,0.0
2024-07-08 11:05:00-04:00,20.24250030517578,20.24250030517578,20.24250030517578,20.24250030517578,148,0.0,0.0
2024-07-08 11:10:00-04:00,20.260000228881836,20.268800735473633,20.260000228881836,20.268800735473633,2167,0.0,0.0
2024-07-08 11:25:00-04:00,20.200000762939453,20.204999923706055,20.200000762939453,20.204999923706055,692,0.0,0.0
2024-07-08 11:35:00-04:00,20.190000534057617,20.190000534057617,20.190000534057617,20.190000534057617,371,0.0,0.0
2024-07-08 11:40:00-04:00,20.170000076293945,20.170000076293945,20.145000457763672,20.145000457763672,656,0.0,0.0
2024-07-08 11:45:00-04:00,20.15999984741211,20.15999984741211,20.15999984741211,20.15999984741211,128,0.0,0.0
2024-07-08 11:50:00-04:00,20.15999984741211,20.170000076293945,20.15999984741211,20.170000076293945,1123,0.0,0.0
2024-07-08 11:55:00-04:00,20.139999389648438,20.139999389648438,20.139999389648438,20.139999389648438,221,0.0,0.0
2024-07-08 12:05:00-04:00,20.145000457763672,20.145000457763672,20.145000457763672,20.145000457763672,142,0.0,0.0
2024-07-08 12:10:00-04:00,20.145000457763672,20.145000457763672,20.145000457763672,20.145000457763672,294,0.0,0.0
2024-07-08 12:15:00-04:00,20.135000228881836,20.15999984741211,20.135000228881836,20.15999984741211,676,0.0,0.0
2024-07-08 12:35:00-04:00,20.091100692749023,20.110000610351562,20.091100692749023,20.110000610351562,852,0.0,0.0
2024-07-08 12:40:00-04:00,20.090099334716797,20.110000610351562,20.09000015258789,20.110000610351562,1027,0.0,0.0
2024-07-08 12:45:00-04:00,20.110000610351562,20.110000610351562,20.110000610351562,20.110000610351562,378,0.0,0.0
2024-07-08 12:50:00-04:00,20.100000381469727,20.170000076293945,20.100000381469727,20.170000076293945,2171,0.0,0.0
2024-07-08 12:55:00-04:00,20.190000534057617,20.200000762939453,20.18000030517578,20.18000030517578,1470,0.0,0.0
2024-07-08 13:05:00-04:00,20.18000030517578,20.18000030517578,20.18000030517578,20.18000030517578,239,0.0,0.0
2024-07-08 13:10:00-04:00,20.209999084472656,20.209999084472656,20.209999084472656,20.209999084472656,240,0.0,0.0
2024-07-08 13:15:00-04:00,20.200000762939453,20.219900131225586,20.200000762939453,20.219900131225586,405,0.0,0.0
2024-07-08 13:20:00-04:00,20.209999084472656,20.209999084472656,20.209999084472656,20.209999084472656,159,0.0,0.0
2024-07-08 13:25:00-04:00,20.213600158691406,20.213600158691406,20.209999084472656,20.209999084472656,463,0.0,0.0
2024-07-08 13:30:00-04:00,20.209999084472656,20.209999084472656,20.209999084472656,20.209999084472656,1347,0.0,0.0
2024-07-08 13:50:00-04:00,20.229999542236328,20.229999542236328,20.219999313354492,20.219999313354492,625,0.0,0.0
2024-07-08 13:55:00-04:00,20.219999313354492,20.219999313354492,20.219999313354492,20.219999313354492,175,0.0,0.0
2024-07-08 14:00:00-04:00,20.204999923706055,20.219999313354492,20.204999923706055,20.219999313354492,1015,0.0,0.0
2024-07-08 14:05:00-04:00,20.235000610351562,20.329999923706055,20.219999313354492,20.309999465942383,6740,0.0,0.0
2024-07-08 14:10:00-04:00,20.334999084472656,20.350000381469727,20.299999237060547,20.299999237060547,3580,0.0,0.0
2024-07-08 14:25:00-04:00,20.350000381469727,20.360000610351562,20.350000381469727,20.360000610351562,239,0.0,0.0
2024-07-08 14:30:00-04:00,20.360000610351562,20.360000610351562,20.325000762939453,20.329999923706055,586,0.0,0.0
2024-07-08 14:35:00-04:00,20.360000610351562,20.360000610351562,20.360000610351562,20.360000610351562,119,0.0,0.0
2024-07-08 14:40:00-04:00,20.299999237060547,20.34000015258789,20.260000228881836,20.260000228881836,8928,0.0,0.0
2024-07-08 14:45:00-04:00,20.219999313354492,20.219999313354492,20.219999313354492,20.219999313354492,146,0.0,0.0
2024-07-08 14:50:00-04:00,20.229999542236328,20.280000686645508,20.229999542236328,20.280000686645508,1305,0.0,0.0
2024-07-08 14:55:00-04:00,20.280000686645508,20.280000686645508,20.280000686645508,20.280000686645508,1096,0.0,0.0
2024-07-08 15:00:00-04:00,20.239999771118164,20.239999771118164,20.239999771118164,20.239999771118164,150,0.0,0.0
2024-07-08 15:05:00-04:00,20.239999771118164,20.239999771118164,20.229999542236328,20.239999771118164,747,0.0,0.0
2024-07-08 15:10:00-04:00,20.239999771118164,20.260000228881836,20.239999771118164,20.260000228881836,746,0.0,0.0
2024-07-08 15:15:00-04:00,20.260000228881836,20.260000228881836,20.239999771118164,20.260000228881836,1156,0.0,0.0
2024-07-08 15:20:00-04:00,20.25,20.25,20.194599151611328,20.194599151611328,1352,0.0,0.0
2024-07-08 15:25:00-04:00,20.200000762939453,20.200000762939453,20.200000762939453,20.200000762939453,369,0.0,0.0
2024-07-08 15:30:00-04:00,20.219999313354492,20.219999313354492,20.200000762939453,20.200000762939453,2163,0.0,0.0
2024-07-08 15:35:00-04:00,20.200000762939453,20.225000381469727,20.200000762939453,20.225000381469727,1749,0.0,0.0
2024-07-08 15:40:00-04:00,20.239999771118164,20.25,20.239999771118164,20.25,1111,0.0,0.0
2024-07-08 15:45:00-04:00,20.260000228881836,20.260000228881836,20.239999771118164,20.239999771118164,964,0.0,0.0
2024-07-08 15:50:00-04:00,20.229999542236328,20.229999542236328,20.209999084472656,20.209999084472656,3130,0.0,0.0
2024-07-08 15:55:00-04:00,20.209999084472656,20.270000457763672,20.209999084472656,20.239999771118164,8514,0.0,0.0
2024-07-09 09:30:00-04:00,20.34000015258789,20.34000015258789,20.2549991607666,20.299999237060547,8797,0.0,0.0
2024-07-09 09:35:00-04:00,20.235000610351562,20.299999237060547,20.235000610351562,20.299999237060547,1560,0.0,0.0
2024-07-09 09:50:00-04:00,20.290000915527344,20.290000915527344,20.290000915527344,20.290000915527344,191,0.0,0.0
2024-07-09 09:55:00-04:00,20.290000915527344,20.290000915527344,20.28499984741211,20.28499984741211,305,0.0,0.0
2024-07-09 10:00:00-04:00,20.274999618530273,20.274999618530273,20.239999771118164,20.270000457763672,2688,0.0,0.0
2024-07-09 10:05:00-04:00,20.25,20.299999237060547,20.25,20.299999237060547,1089,0.0,0.0
2024-07-09 10:15:00-04:00,20.25,20.260000228881836,20.219999313354492,20.219999313354492,860,0.0,0.0
2024-07-09 10:20:00-04:00,20.239999771118164,20.239999771118164,20.239999771118164,20.239999771118164,175,0.0,0.0
2024-07-09 10:25:00-04:00,20.21500015258789,20.21500015258789,20.21500015258789,20.21500015258789,239,0.0,0.0
2024-07-09 10:30:00-04:00,20.21500015258789,20.21500015258789,20.200000762939453,20.200000762939453,986,0.0,0.0
2024-07-09 10:35:00-04:00,20.200000762939453,20.200000762939453,20.19499969482422,20.19499969482422,874,0.0,0.0
2024-07-09 10:40:00-04:00,20.190000534057617,20.190000534057617,20.174999237060547,20.174999237060547,1463,0.0,0.0
2024-07-09 10:45:00-04:00,20.200000762939453,20.200000762939453,20.200000762939453,20.200000762939453,295,0.0,0.0
2024-07-09 10:50:00-04:00,20.184999465942383,20.184999465942383,20.184999465942383,20.184999465942383,252,0.0,0.0
2024-07-09 10:55:00-04:00,20.204999923706055,20.204999923706055,20.204999923706055,20.204999923706055,990,0.0,0.0
2024-07-09 11:00:00-04:00,20.200000762939453,20.200000762939453,20.200000762939453,20.200000762939453,454,0.0,0.0
2024-07-09 11:05:00-04:00,20.184999465942383,20.209999084472656,20.184999465942383,20.200000762939453,8310,0.0,0.0
2024-07-09 11:10:00-04:00,20.18000030517578,20.18000030517578,20.18000030517578,20.18000030517578,279,0.0,0.0
2024-07-09 11:15:00-04:00,20.174999237060547,20.174999237060547,20.174999237060547,20.174999237060547,560,0.0,0.0
2024-07-09 11:20:00-04:00,20.170000076293945,20.170000076293945,20.170000076293945,20.170000076293945,1178,0.0,0.0
2024-07-09 11:25:00-04:00,20.15999984741211,20.15999984741211,20.1299991607666,20.1299991607666,1140,0.0,0.0
2024-07-09 11:35:00-04:00,20.1299991607666,20.139999389648438,20.128000259399414,20.139999389648438,1581,0.0,0.0
2024-07-09 11:45:00-04:00,20.1299991607666,20.1299991607666,20.1299991607666,20.1299991607666,200,0.0,0.0
2024-07-09 11:50:00-04:00,20.120100021362305,20.135000228881836,20.120100021362305,20.135000228881836,294,0.0,0.0
2024-07-09 11:55:00-04:00,20.121000289916992,20.135000228881836,20.1200008392334,20.135000228881836,1123,0.0,0.0
2024-07-09 12:00:00-04:00,20.1299991607666,20.1299991607666,20.1299991607666,20.1299991607666,631,0.0,0.0
2024-07-09 12:05:00-04:00,20.125,20.125,20.125,20.125,385,0.0,0.0
2024-07-09 12:15:00-04:00,20.1200008392334,20.1200008392334,20.1200008392334,20.1200008392334,516,0.0,0.0
2024-07-09 12:30:00-04:00,20.1200008392334,20.1200008392334,20.1200008392334,20.1200008392334,594,0.0,0.0
2024-07-09 12:35:00-04:00,20.09000015258789,20.104999542236328,20.09000015258789,20.104999542236328,1542,0.0,0.0
2024-07-09 12:40:00-04:00,20.06999969482422,20.09000015258789,20.06999969482422,20.09000015258789,360,0.0,0.0
2024-07-09 12:45:00-04:00,20.075000762939453,20.08839988708496,20.075000762939453,20.084999084472656,3771,0.0,0.0
2024-07-09 12:55:00-04:00,20.06999969482422,20.06999969482422,20.06839942932129,20.06839942932129,1333,0.0,0.0
2024-07-09 13:05:00-04:00,20.07390022277832,20.149999618530273,20.07390022277832,20.149999618530273,2245,0.0,0.0
2024-07-09 13:10:00-04:00,20.149999618530273,20.149999618530273,20.145000457763672,20.145000457763672,1132,0.0,0.0
2024-07-09 13:25:00-04:00,20.094999313354492,20.094999313354492,20.094999313354492,20.094999313354492,502,0.0,0.0
2024-07-09 13:35:00-04:00,20.149999618530273,20.149999618530273,20.1299991607666,20.135000228881836,709,0.0,0.0
2024-07-09 13:45:00-04:00,20.110000610351562,20.125,20.110000610351562,20.125,487,0.0,0.0
2024-07-09 13:55:00-04:00,20.09000015258789,20.110000610351562,20.09000015258789,20.110000610351562,865,0.0,0.0
2024-07-09 14:00:00-04:00,20.079999923706055,20.079999923706055,20.059999465942383,20.059999465942383,942,0.0,0.0
2024-07-09 14:05:00-04:00,20.040000915527344,20.040000915527344,20.040000915527344,20.040000915527344,304,0.0,0.0
2024-07-09 14:10:00-04:00,20.030000686645508,20.040000915527344,20.030000686645508,20.03499984741211,2122,0.0,0.0
2024-07-09 14:20:00-04:00,20.030000686645508,20.030000686645508,20.030000686645508,20.030000686645508,271,0.0,0.0
2024-07-09 14:25:00-04:00,20.03499984741211,20.03499984741211,20.03499984741211,20.03499984741211,318,0.0,0.0
2024-07-09 14:30:00-04:00,20.03499984741211,20.03499984741211,20.03499984741211,20.03499984741211,294,0.0,0.0
2024-07-09 14:35:00-04:00,20.03499984741211,20.03499984741211,20.03499984741211,20.03499984741211,364,0.0,0.0
2024-07-09 14:40:00-04:00,20.030000686645508,20.030000686645508,20.010000228881836,20.020000457763672,890,0.0,0.0
2024-07-09 14:50:00-04:00,20.0,20.0,19.889999389648438,19.950000762939453,18875,0.0,0.0
2024-07-09 15:00:00-04:00,19.934999465942383,19.934999465942383,19.934999465942383,19.934999465942383,793,0.0,0.0
2024-07-09 15:05:00-04:00,19.950000762939453,19.950000762939453,19.950000762939453,19.950000762939453,804,0.0,0.0
2024-07-09 15:10:00-04:00,19.959999084472656,19.959999084472656,19.959999084472656,19.959999084472656,176,0.0,0.0
2024-07-09 15:15:00-04:00,19.959999084472656,19.959999084472656,19.959999084472656,19.959999084472656,1616,0.0,0.0
2024-07-09 15:20:00-04:00,19.954999923706055,19.959999084472656,19.954999923706055,19.959999084472656,811,0.0,0.0
2024-07-09 15:25:00-04:00,19.950000762939453,19.950000762939453,19.950000762939453,19.950000762939453,1212,0.0,0.0
2024-07-09 15:30:00-04:00,19.959999084472656,19.985000610351562,19.959999084472656,19.985000610351562,1742,0.0,0.0
2024-07-09 15:35:00-04:00,19.985000610351562,19.985000610351562,19.985000610351562,19.985000610351562,578,0.0,0.0
2024-07-09 15:40:00-04:00,19.969999313354492,19.969999313354492,19.969999313354492,19.969999313354492,488,0.0,0.0
2024-07-09 15:45:00-04:00,19.96500015258789,19.969999313354492,19.950000762939453,19.954999923706055,3942,0.0,0.0
2024-07-09 15:50:00-04:00,19.954999923706055,19.959999084472656,19.899999618530273,19.899999618530273,4750,0.0,0.0
2024-07-09 15:55:00-04:00,19.889999389648438,19.899999618530273,19.860000610351562,19.8799991607666,14689,0.0,0.0
2024-07-10 09:30:00-04:00,19.899999618530273,19.899999618530273,19.850000381469727,19.854999542236328,1870,0.0,0.0
2024-07-10 09:40:00-04:00,19.68000030517578,19.940000534057617,19.649999618530273,19.940000534057617,15789,0.0,0.0
2024-07-10 10:00:00-04:00,19.8799991607666,19.969999313354492,19.8799991607666,19.889999389648438,1624,0.0,0.0
2024-07-10 10:10:00-04:00,19.90999984741211,19.90999984741211,19.81999969482422,19.81999969482422,6881,0.0,0.0
2024-07-10 10:25:00-04:00,19.785999298095703,19.785999298095703,19.68000030517578,19.68000030517578,4224,0.0,0.0
2024-07-10 10:45:00-04:00,19.665000915527344,19.665000915527344,19.6299991607666,19.6299991607666,1689,0.0,0.0
2024-07-10 11:05:00-04:00,19.645000457763672,19.674999237060547,19.559999465942383,19.6200008392334,8173,0.0,0.0
2024-07-10 11:10:00-04:00,19.6200008392334,19.6200008392334,19.600000381469727,19.600000381469727,640,0.0,0.0
2024-07-10 11:15:00-04:00,19.639999389648438,19.639999389648438,19.639999389648438,19.639999389648438,1353,0.0,0.0
2024-07-10 11:20:00-04:00,19.65999984741211,19.670000076293945,19.6299991607666,19.670000076293945,1931,0.0,0.0
2024-07-10 11:30:00-04:00,19.68000030517578,19.68000030517578,19.68000030517578,19.68000030517578,322,0.0,0.0
2024-07-10 11:40:00-04:00,19.674999237060547,19.674999237060547,19.674999237060547,19.674999237060547,452,0.0,0.0
2024-07-10 11:45:00-04:00,19.65999984741211,19.65999984741211,19.65999984741211,19.65999984741211,535,0.0,0.0
2024-07-10 11:50:00-04:00,19.649999618530273,19.649999618530273,19.649999618530273,19.649999618530273,343,0.0,0.0
2024-07-10 11:55:00-04:00,19.626300811767578,19.626300811767578,19.626300811767578,19.626300811767578,212,0.0,0.0
2024-07-10 12:00:00-04:00,19.625,19.625,19.625,19.625,655,0.0,0.0
2024-07-10 12:15:00-04:00,19.59000015258789,19.604999542236328,19.59000015258789,19.604999542236328,1033,0.0,0.0
2024-07-10 12:30:00-04:00,19.56999969482422,19.56999969482422,19.559999465942383,19.559999465942383,1042,0.0,0.0
2024-07-10 12:40:00-04:00,19.549999237060547,19.549999237060547,19.549999237060547,19.549999237060547,288,0.0,0.0
2024-07-10 12:45:00-04:00,19.540000915527344,19.540000915527344,19.540000915527344,19.540000915527344,290,0.0,0.0
2024-07-10 12:50:00-04:00,19.559999465942383,19.579999923706055,19.55500030517578,19.579999923706055,1018,0.0,0.0
2024-07-10 12:55:00-04:00,19.56999969482422,19.56999969482422,19.56999969482422,19.56999969482422,674,0.0,0.0
2024-07-10 13:00:00-04:00,19.59000015258789,19.610000610351562,19.59000015258789,19.610000610351562,864,0.0,0.0
2024-07-10 13:05:00-04:00,19.56999969482422,19.575000762939453,19.56999969482422,19.56999969482422,990,0.0,0.0
2024-07-10 13:10:00-04:00,19.56999969482422,19.56999969482422,19.56999969482422,19.56999969482422,405,0.0,0.0
2024-07-10 13:15:00-04:00,19.549999237060547,19.549999237060547,19.53499984741211,19.53499984741211,653,0.0,0.0
2024-07-10 13:25:00-04:00,19.540000915527344,19.540000915527344,19.540000915527344,19.540000915527344,311,0.0,0.0
2024-07-10 13:30:00-04:00,19.53059959411621,19.53059959411621,19.53059959411621,19.53059959411621,489,0.0,0.0
2024-07-10 13:35:00-04:00,19.510000228881836,19.510000228881836,19.510000228881836,19.510000228881836,607,0.0,0.0
2024-07-10 13:45:00-04:00,19.524999618530273,19.524999618530273,19.524999618530273,19.524999618530273,770,0.0,0.0
2024-07-10 13:50:00-04:00,19.5049991607666,19.510000228881836,19.5049991607666,19.510000228881836,1000,0.0,0.0
2024-07-10 13:55:00-04:00,19.520000457763672,19.530000686645508,19.520000457763672,19.530000686645508,471,0.0,0.0
2024-07-10 14:00:00-04:00,19.530000686645508,19.530000686645508,19.530000686645508,19.530000686645508,215,0.0,0.0
2024-07-10 14:05:00-04:00,19.530000686645508,19.530000686645508,19.530000686645508,19.530000686645508,497,0.0,0.0
2024-07-10 14:10:00-04:00,19.510000228881836,19.510000228881836,19.399999618530273,19.399999618530273,3164,0.0,0.0
2024-07-10 14:15:00-04:00,19.399999618530273,19.43000030517578,19.399999618530273,19.43000030517578,1374,0.0,0.0
2024-07-10 14:20:00-04:00,19.40999984741211,19.424999237060547,19.40999984741211,19.424999237060547,981,0.0,0.0
2024-07-10 14:25:00-04:00,19.40999984741211,19.43000030517578,19.399999618530273,19.43000030517578,1683,0.0,0.0
2024-07-10 14:30:00-04:00,19.4512996673584,19.4512996673584,19.44499969482422,19.44499969482422,2411,0.0,0.0
2024-07-10 14:40:00-04:00,19.424999237060547,19.424999237060547,19.3700008392334,19.389999389648438,3855,0.0,0.0
2024-07-10 14:45:00-04:00,19.3799991607666,19.399999618530273,19.3799991607666,19.399999618530273,754,0.0,0.0
2024-07-10 14:50:00-04:00,19.389999389648438,19.389999389648438,19.389999389648438,19.389999389648438,408,0.0,0.0
2024-07-10 14:55:00-04:00,19.399999618530273,19.399999618530273,19.3799991607666,19.399999618530273,1717,0.0,0.0
2024-07-10 15:00:00-04:00,19.3799991607666,19.40999984741211,19.3799991607666,19.40999984741211,481,0.0,0.0
2024-07-10 15:05:00-04:00,19.40999984741211,19.424999237060547,19.40999984741211,19.40999984741211,701,0.0,0.0
2024-07-10 15:10:00-04:00,19.420000076293945,19.420000076293945,19.389999389648438,19.399999618530273,1958,0.0,0.0
2024-07-10 15:15:00-04:00,19.390100479125977,19.390100479125977,19.360000610351562,19.375,1206,0.0,0.0
2024-07-10 15:20:00-04:00,19.3799991607666,19.420000076293945,19.3700008392334,19.399999618530273,3673,0.0,0.0
2024-07-10 15:25:00-04:00,19.43000030517578,19.43000030517578,19.420000076293945,19.420000076293945,656,0.0,0.0
2024-07-10 15:30:00-04:00,19.420000076293945,19.420000076293945,19.417299270629883,19.420000076293945,1361,0.0,0.0
2024-07-10 15:35:00-04:00,19.399999618530273,19.420000076293945,19.399999618530273,19.40999984741211,1668,0.0,0.0
2024-07-10 15:40:00-04:00,19.40999984741211,19.420000076293945,19.389999389648438,19.420000076293945,4440,0.0,0.0
2024-07-10 15:45:00-04:00,19.40999984741211,19.4424991607666,19.40999984741211,19.434999465942383,3193,0.0,0.0
2024-07-10 15:50:00-04:00,19.43000030517578,19.530000686645508,19.43000030517578,19.522499084472656,10719,0.0,0.0
2024-07-10 15:55:00-04:00,19.5,19.514999389648438,19.479999542236328,19.5,13651,0.0,0.0
2024-07-11 09:30:00-04:00,19.735000610351562,19.860000610351562,19.584999084472656,19.600000381469727,10098,0.0,0.0
2024-07-11 09:35:00-04:00,19.6200008392334,19.6200008392334,19.6200008392334,19.6200008392334,824,0.0,0.0
2024-07-11 09:40:00-04:00,19.610000610351562,19.610000610351562,19.610000610351562,19.610000610351562,304,0.0,0.0
2024-07-11 09:45:00-04:00,19.670000076293945,19.700000762939453,19.479999542236328,19.479999542236328,2593,0.0,0.0
2024-07-11 09:50:00-04:00,19.540000915527344,19.540000915527344,19.540000915527344,19.540000915527344,690,0.0,0.0
2024-07-11 09:55:00-04:00,19.610000610351562,19.6200008392334,19.59000015258789,19.6200008392334,39367,0.0,0.0
2024-07-11 10:00:00-04:00,19.655000686645508,19.670000076293945,19.655000686645508,19.655000686645508,515,0.0,0.0
2024-07-11 10:05:00-04:00,19.661699295043945,19.661699295043945,19.610000610351562,19.655000686645508,1199,0.0,0.0
2024-07-11 10:10:00-04:00,19.610000610351562,19.645000457763672,19.610000610351562,19.645000457763672,756,0.0,0.0
2024-07-11 10:15:00-04:00,19.610000610351562,19.690000534057617,19.610000610351562,19.690000534057617,5040,0.0,0.0
2024-07-11 10:20:00-04:00,19.700000762939453,19.709999084472656,19.655000686645508,19.655000686645508,3077,0.0,0.0
2024-07-11 10:25:00-04:00,19.639999389648438,19.642499923706055,19.635000228881836,19.642499923706055,6497,0.0,0.0
2024-07-11 10:30:00-04:00,19.6200008392334,19.639999389648438,19.604999542236328,19.635000228881836,8569,0.0,0.0
2024-07-11 10:35:00-04:00,19.600000381469727,19.655000686645508,19.59000015258789,19.649999618530273,24376,0.0,0.0
2024-07-11 10:40:00-04:00,19.65999984741211,19.670000076293945,19.65999984741211,19.670000076293945,6323,0.0,0.0
2024-07-11 10:45:00-04:00,19.670000076293945,19.760000228881836,19.670000076293945,19.760000228881836,14428,0.0,0.0
2024-07-11 10:50:00-04:00,19.760000228881836,19.844999313354492,19.760000228881836,19.844999313354492,15855,0.0,0.0
2024-07-11 10:55:00-04:00,19.860000610351562,19.969999313354492,19.860000610351562,19.950000762939453,1386,0.0,0.0
2024-07-11 11:00:00-04:00,19.979999542236328,19.979999542236328,19.850000381469727,19.8799991607666,4300,0.0,0.0
2024-07-11 11:05:00-04:00,19.8799991607666,19.895000457763672,19.8799991607666,19.889999389648438,1185,0.0,0.0
2024-07-11 11:10:00-04:00,19.889999389648438,19.899999618530273,19.8700008392334,19.8799991607666,1714,0.0,0.0
2024-07-11 11:15:00-04:00,19.8700008392334,19.8700008392334,19.8700008392334,19.8700008392334,2217,0.0,0.0
2024-07-11 11:20:00-04:00,19.81999969482422,19.81999969482422,19.7450008392334,19.75,2016,0.0,0.0
2024-07-11 11:25:00-04:00,19.741100311279297,19.741100311279297,19.741100311279297,19.741100311279297,336,0.0,0.0
2024-07-11 11:30:00-04:00,19.75,19.75,19.729999542236328,19.734899520874023,1055,0.0,0.0
2024-07-11 11:35:00-04:00,19.770000457763672,19.790000915527344,19.760000228881836,19.790000915527344,5511,0.0,0.0
2024-07-11 11:40:00-04:00,19.78499984741211,19.799999237060547,19.760000228881836,19.790000915527344,7478,0.0,0.0
2024-07-11 11:45:00-04:00,19.78499984741211,19.799999237060547,19.78499984741211,19.790000915527344,9111,0.0,0.0
2024-07-11 11:50:00-04:00,19.780000686645508,19.780000686645508,19.770000457763672,19.770000457763672,946,0.0,0.0
2024-07-11 11:55:00-04:00,19.739999771118164,19.739999771118164,19.709999084472656,19.735000610351562,1045,0.0,0.0
2024-07-11 12:05:00-04:00,19.734500885009766,19.799999237060547,19.729999542236328,19.790000915527344,1912,0.0,0.0
2024-07-11 12:15:00-04:00,19.760000228881836,19.760000228881836,19.760000228881836,19.760000228881836,368,0.0,0.0
2024-07-11 12:25:00-04:00,19.769899368286133,19.769899368286133,19.769899368286133,19.769899368286133,412,0.0,0.0
2024-07-11 12:30:00-04:00,19.770000457763672,19.770000457763672,19.770000457763672,19.770000457763672,612,0.0,0.0
2024-07-11 12:35:00-04:00,19.770000457763672,19.790000915527344,19.770000457763672,19.790000915527344,941,0.0,0.0
2024-07-11 12:50:00-04:00,19.760000228881836,19.760000228881836,19.760000228881836,19.760000228881836,983,0.0,0.0
2024-07-11 12:55:00-04:00,19.790000915527344,19.790000915527344,19.790000915527344,19.790000915527344,355,0.0,0.0
2024-07-11 13:00:00-04:00,19.84000015258789,19.84000015258789,19.84000015258789,19.84000015258789,7736,0.0,0.0
2024-07-11 13:10:00-04:00,19.989999771118164,19.989999771118164,19.989999771118164,19.989999771118164,568,0.0,0.0
2024-07-11 13:15:00-04:00,20.049999237060547,20.049999237060547,20.049999237060547,20.049999237060547,668,0.0,0.0
2024-07-11 13:20:00-04:00,20.040000915527344,20.040000915527344,20.040000915527344,20.040000915527344,2460,0.0,0.0
2024-07-11 13:25:00-04:00,20.06999969482422,20.06999969482422,20.06999969482422,20.06999969482422,465,0.0,0.0
2024-07-11 13:30:00-04:00,20.06999969482422,20.06999969482422,20.049999237060547,20.049999237060547,1025,0.0,0.0
2024-07-11 13:35:00-04:00,20.045000076293945,20.065900802612305,20.045000076293945,20.065900802612305,659,0.0,0.0
2024-07-11 13:40:00-04:00,20.09000015258789,20.09000015258789,20.059999465942383,20.059999465942383,781,0.0,0.0
2024-07-11 13:45:00-04:00,20.06999969482422,20.06999969482422,20.06999969482422,20.06999969482422,645,0.0,0.0
2024-07-11 13:50:00-04:00,20.079999923706055,20.079999923706055,20.049999237060547,20.079999923706055,992,0.0,0.0
2024-07-11 14:05:00-04:00,20.059999465942383,20.09000015258789,20.059999465942383,20.09000015258789,2259,0.0,0.0
2024-07-11 14:15:00-04:00,20.1200008392334,20.1200008392334,20.09000015258789,20.09000015258789,912,0.0,0.0
2024-07-11 14:25:00-04:00,20.100000381469727,20.100000381469727,20.100000381469727,20.100000381469727,1119,0.0,0.0
2024-07-11 14:30:00-04:00,20.115699768066406,20.115699768066406,20.115699768066406,20.115699768066406,1872,0.0,0.0
2024-07-11 14:35:00-04:00,20.110000610351562,20.114999771118164,20.110000610351562,20.114999771118164,1446,0.0,0.0
2024-07-11 14:40:00-04:00,20.1299991607666,20.1299991607666,20.09000015258789,20.110000610351562,2207,0.0,0.0
2024-07-11 14:45:00-04:00,20.040000915527344,20.040000915527344,20.040000915527344,20.040000915527344,1161,0.0,0.0
2024-07-11 14:55:00-04:00,20.059999465942383,20.069900512695312,20.040000915527344,20.069900512695312,2150,0.0,0.0
2024-07-11 15:00:00-04:00,20.030000686645508,20.030000686645508,20.030000686645508,20.030000686645508,1229,0.0,0.0
2024-07-11 15:05:00-04:00,19.959999084472656,19.959999084472656,19.959999084472656,19.959999084472656,1196,0.0,0.0
2024-07-11 15:10:00-04:00,19.969999313354492,19.969999313354492,19.969999313354492,19.969999313354492,1283,0.0,0.0
2024-07-11 15:15:00-04:00,19.979999542236328,19.979999542236328,19.959999084472656,19.959999084472656,2246,0.0,0.0
2024-07-11 15:20:00-04:00,19.954999923706055,19.959999084472656,19.954999923706055,19.959999084472656,1936,0.0,0.0
2024-07-11 15:30:00-04:00,20.010000228881836,20.040000915527344,20.010000228881836,20.040000915527344,948,0.0,0.0
2024-07-11 15:35:00-04:00,20.075000762939453,20.104999542236328,20.040000915527344,20.06999969482422,6435,0.0,0.0
2024-07-11 15:40:00-04:00,20.079999923706055,20.079999923706055,20.03499984741211,20.059999465942383,2883,0.0,0.0
2024-07-11 15:45:00-04:00,20.059999465942383,20.059999465942383,19.93000030517578,19.93000030517578,6225,0.0,0.0
2024-07-11 15:50:00-04:00,19.950000762939453,20.020000457763672,19.940000534057617,20.020000457763672,5367,0.0,0.0
2024-07-11 15:55:00-04:00,20.010000228881836,20.06999969482422,19.950000762939453,19.950000762939453,24167,0.0,0.0
2024-07-12 09:30:00-04:00,20.229999542236328,20.229999542236328,20.014999389648438,20.049999237060547,3978,0.0,0.0
2024-07-12 09:35:00-04:00,20.040000915527344,20.040000915527344,20.040000915527344,20.040000915527344,1262,0.0,0.0
2024-07-12 09:40:00-04:00,19.969999313354492,20.0049991607666,19.969999313354492,20.0049991607666,1984,0.0,0.0
2024-07-12 09:45:00-04:00,20.030000686645508,20.030000686645508,20.0,20.020000457763672,2128,0.0,0.0
2024-07-12 09:50:00-04:00,20.010299682617188,20.010299682617188,19.959999084472656,19.959999084472656,1350,0.0,0.0
2024-07-12 09:55:00-04:00,20.030000686645508,20.06999969482422,19.959999084472656,19.959999084472656,5516,0.0,0.0
2024-07-12 10:00:00-04:00,20.040000915527344,20.040000915527344,20.010000228881836,20.010000228881836,2081,0.0,0.0
2024-07-12 10:05:00-04:00,20.0049991607666,20.030000686645508,19.969999313354492,19.969999313354492,19610,0.0,0.0
2024-07-12 10:10:00-04:00,19.979999542236328,19.989999771118164,19.959999084472656,19.959999084472656,2941,0.0,0.0
2024-07-12 10:15:00-04:00,20.010000228881836,20.049999237060547,20.010000228881836,20.020000457763672,5485,0.0,0.0
2024-07-12 10:20:00-04:00,19.96619987487793,19.96619987487793,19.96619987487793,19.96619987487793,1672,0.0,0.0
2024-07-12 10:25:00-04:00,19.985000610351562,20.010000228881836,19.985000610351562,20.010000228881836,12086,0.0,0.0
2024-07-12 10:30:00-04:00,20.010000228881836,20.079999923706055,20.010000228881836,20.059999465942383,2535,0.0,0.0
2024-07-12 10:35:00-04:00,20.05500030517578,20.05500030517578,20.05500030517578,20.05500030517578,320,0.0,0.0
2024-07-12 10:40:00-04:00,20.020000457763672,20.030000686645508,20.020000457763672,20.030000686645508,2967,0.0,0.0
2024-07-12 10:45:00-04:00,20.0,20.040000915527344,20.0,20.030000686645508,1476,0.0,0.0
2024-07-12 10:50:00-04:00,20.045000076293945,20.045000076293945,20.045000076293945,20.045000076293945,552,0.0,0.0
2024-07-12 10:55:00-04:00,20.06999969482422,20.079999923706055,20.045000076293945,20.049999237060547,3668,0.0,0.0
2024-07-12 11:00:00-04:00,20.065000534057617,20.065000534057617,20.065000534057617,20.065000534057617,172,0.0,0.0
2024-07-12 11:05:00-04:00,20.09000015258789,20.09000015258789,20.065000534057617,20.065000534057617,2074,0.0,0.0
2024-07-12 11:10:00-04:00,20.059999465942383,20.059999465942383,20.059999465942383,20.059999465942383,119,0.0,0.0
2024-07-12 11:15:00-04:00,20.059999465942383,20.059999465942383,20.03499984741211,20.05500030517578,6552,0.0,0.0
2024-07-12 11:20:00-04:00,20.06999969482422,20.06999969482422,20.03499984741211,20.049999237060547,11881,0.0,0.0
2024-07-12 11:25:00-04:00,20.049999237060547,20.09000015258789,20.03499984741211,20.09000015258789,2935,0.0,0.0
2024-07-12 11:30:00-04:00,20.084999084472656,20.094999313354492,20.020000457763672,20.020000457763672,12548,0.0,0.0
2024-07-12 11:35:00-04:00,20.020000457763672,20.020000457763672,20.020000457763672,20.020000457763672,276,0.0,0.0
2024-07-12 11:40:00-04:00,20.014999389648438,20.014999389648438,20.014999389648438,20.014999389648438,467,0.0,0.0
2024-07-12 11:45:00-04:00,20.014999389648438,20.014999389648438,20.0,20.014999389648438,7325,0.0,0.0
2024-07-12 11:50:00-04:00,20.010000228881836,20.010000228881836,20.010000228881836,20.010000228881836,137,0.0,0.0
2024-07-12 11:55:00-04:00,20.010000228881836,20.010000228881836,20.0,20.010000228881836,8588,0.0,0.0
2024-07-12 12:00:00-04:00,19.950000762939453,19.950000762939453,19.940000534057617,19.950000762939453,1209,0.0,0.0
2024-07-12 12:10:00-04:00,19.90999984741211,19.929399490356445,19.90999984741211,19.90999984741211,874,0.0,0.0
2024-07-12 12:20:00-04:00,19.889999389648438,19.889999389648438,19.850000381469727,19.850000381469727,2056,0.0,0.0
2024-07-12 12:25:00-04:00,19.809999465942383,19.8700008392334,19.809999465942383,19.8700008392334,900,0.0,0.0
2024-07-12 12:35:00-04:00,19.7992000579834,19.7992000579834,19.7992000579834,19.7992000579834,378,0.0,0.0
2024-07-12 12:40:00-04:00,19.790000915527344,19.790000915527344,19.790000915527344,19.790000915527344,589,0.0,0.0
2024-07-12 12:45:00-04:00,19.81999969482422,19.860000610351562,19.81999969482422,19.860000610351562,1001,0.0,0.0
2024-07-12 12:50:00-04:00,19.8700008392334,19.899999618530273,19.8700008392334,19.8799991607666,2040,0.0,0.0
2024-07-12 12:55:00-04:00,19.885000228881836,19.885000228881836,19.885000228881836,19.885000228881836,333,0.0,0.0
2024-07-12 13:00:00-04:00,19.885000228881836,19.885000228881836,19.8700008392334,19.8700008392334,1417,0.0,0.0
2024-07-12 13:05:00-04:00,19.8439998626709,19.8439998626709,19.8439998626709,19.8439998626709,581,0.0,0.0
2024-07-12 13:15:00-04:00,19.84000015258789,19.84000015258789,19.81999969482422,19.81999969482422,821,0.0,0.0
2024-07-12 13:25:00-04:00,19.81999969482422,19.81999969482422,19.81999969482422,19.81999969482422,1657,0.0,0.0
2024-07-12 13:30:00-04:00,19.84000015258789,19.844999313354492,19.84000015258789,19.84000015258789,3348,0.0,0.0
2024-07-12 13:35:00-04:00,19.850000381469727,19.850000381469727,19.850000381469727,19.850000381469727,376,0.0,0.0
2024-07-12 13:45:00-04:00,19.850000381469727,19.8700008392334,19.850000381469727,19.8700008392334,1588,0.0,0.0
2024-07-12 13:50:00-04:00,19.834999084472656,19.834999084472656,19.834999084472656,19.834999084472656,2006,0.0,0.0
2024-07-12 14:00:00-04:00,19.799999237060547,19.799999237060547,19.799999237060547,19.799999237060547,911,0.0,0.0
2024-07-12 14:05:00-04:00,19.81999969482422,19.81999969482422,19.81999969482422,19.81999969482422,555,0.0,0.0
2024-07-12 14:10:00-04:00,19.8164005279541,19.8164005279541,19.8164005279541,19.8164005279541,766,0.0,0.0
2024-07-12 14:20:00-04:00,19.809999465942383,19.809999465942383,19.799999237060547,19.799999237060547,4468,0.0,0.0
2024-07-12 14:25:00-04:00,19.809999465942383,19.81999969482422,19.809999465942383,19.81999969482422,615,0.0,0.0
2024-07-12 14:30:00-04:00,19.809999465942383,19.809999465942383,19.809999465942383,19.809999465942383,1087,0.0,0.0
2024-07-12 14:35:00-04:00,19.81999969482422,19.81999969482422,19.81999969482422,19.81999969482422,712,0.0,0.0
2024-07-12 14:45:00-04:00,19.81999969482422,19.81999969482422,19.81999969482422,19.81999969482422,964,0.0,0.0
2024-07-12 15:00:00-04:00,19.84000015258789,19.84000015258789,19.84000015258789,19.84000015258789,2230,0.0,0.0
2024-07-12 15:05:00-04:00,19.84000015258789,19.84000015258789,19.84000015258789,19.84000015258789,569,0.0,0.0
2024-07-12 15:10:00-04:00,19.829999923706055,19.829999923706055,19.829999923706055,19.829999923706055,864,0.0,0.0
2024-07-12 15:15:00-04:00,19.829999923706055,19.829999923706055,19.829999923706055,19.829999923706055,352,0.0,0.0
2024-07-12 15:20:00-04:00,19.825000762939453,19.825000762939453,19.825000762939453,19.825000762939453,646,0.0,0.0
2024-07-12 15:25:00-04:00,19.799999237060547,19.815000534057617,19.799999237060547,19.815000534057617,8624,0.0,0.0
2024-07-12 15:30:00-04:00,19.799999237060547,19.834999084472656,19.799999237060547,19.834999084472656,2762,0.0,0.0
2024-07-12 15:35:00-04:00,19.834999084472656,19.8700008392334,19.834999084472656,19.8700008392334,1154,0.0,0.0
2024-07-12 15:40:00-04:00,19.850000381469727,19.8700008392334,19.850000381469727,19.860000610351562,2900,0.0,0.0
2024-07-12 15:45:00-04:00,19.850000381469727,19.8700008392334,19.850000381469727,19.860000610351562,1555,0.0,0.0
2024-07-12 15:50:00-04:00,19.8700008392334,19.920000076293945,19.8700008392334,19.905000686645508,5143,0.0,0.0
2024-07-12 15:55:00-04:00,19.90999984741211,19.90999984741211,19.799999237060547,19.799999237060547,24633,0.0,0.0
2024-07-15 09:30:00-04:00,19.889999389648438,19.889999389648438,19.600000381469727,19.770000457763672,4144,0.0,0.0
2024-07-15 09:35:00-04:00,19.850000381469727,19.854999542236328,19.760000228881836,19.760000228881836,2587,0.0,0.0
2024-07-15 09:40:00-04:00,19.760000228881836,19.829999923706055,19.760000228881836,19.795000076293945,3331,0.0,0.0
2024-07-15 09:45:00-04:00,19.81999969482422,19.829999923706055,19.760000228881836,19.81999969482422,4120,0.0,0.0
2024-07-15 09:50:00-04:00,19.770000457763672,19.854999542236328,19.760000228881836,19.854999542236328,11407,0.0,0.0
2024-07-15 09:55:00-04:00,19.809999465942383,19.81999969482422,19.809999465942383,19.81999969482422,2592,0.0,0.0
2024-07-15 10:00:00-04:00,19.8799991607666,19.8799991607666,19.850000381469727,19.850000381469727,3273,0.0,0.0
2024-07-15 10:05:00-04:00,19.950000762939453,19.969999313354492,19.950000762939453,19.969999313354492,579,0.0,0.0
2024-07-15 10:10:00-04:00,19.92009925842285,19.969999313354492,19.92009925842285,19.959999084472656,3468,0.0,0.0
2024-07-15 10:15:00-04:00,20.02750015258789,20.03499984741211,20.02750015258789,20.03499984741211,422,0.0,0.0
2024-07-15 10:20:00-04:00,20.135000228881836,20.135000228881836,20.110000610351562,20.110000610351562,2202,0.0,0.0
2024-07-15 10:25:00-04:00,20.149999618530273,20.149999618530273,20.09000015258789,20.09000015258789,1171,0.0,0.0
2024-07-15 10:30:00-04:00,20.1200008392334,20.1200008392334,20.030000686645508,20.075000762939453,3198,0.0,0.0
2024-07-15 10:35:00-04:00,20.065000534057617,20.06999969482422,20.0,20.0,2068,0.0,0.0
2024-07-15 10:40:00-04:00,20.045000076293945,20.045000076293945,20.045000076293945,20.045000076293945,400,0.0,0.0
2024-07-15 10:50:00-04:00,20.045000076293945,20.045000076293945,20.045000076293945,20.045000076293945,576,0.0,0.0
2024-07-15 10:55:00-04:00,20.0,20.0,19.979999542236328,19.979999542236328,1201,0.0,0.0
2024-07-15 11:00:00-04:00,19.969999313354492,20.020000457763672,19.959999084472656,19.979999542236328,9223,0.0,0.0
2024-07-15 11:05:00-04:00,20.040000915527344,20.040000915527344,20.040000915527344,20.040000915527344,486,0.0,0.0
2024-07-15 11:10:00-04:00,20.059999465942383,20.075000762939453,20.040000915527344,20.075000762939453,3429,0.0,0.0
2024-07-15 11:15:00-04:00,20.1299991607666,20.149999618530273,20.075000762939453,20.149999618530273,3970,0.0,0.0
2024-07-15 11:20:00-04:00,20.155000686645508,20.229999542236328,20.155000686645508,20.209999084472656,19362,0.0,0.0
2024-07-15 11:25:00-04:00,20.235000610351562,20.235000610351562,20.225000381469727,20.225000381469727,961,0.0,0.0
2024-07-15 11:30:00-04:00,20.2549991607666,20.2549991607666,20.2549991607666,20.2549991607666,236,0.0,0.0
2024-07-15 11:35:00-04:00,20.219999313354492,20.225000381469727,20.219999313354492,20.225000381469727,1968,0.0,0.0
2024-07-15 11:50:00-04:00,20.229999542236328,20.229999542236328,20.229999542236328,20.229999542236328,1140,0.0,0.0
2024-07-15 11:55:00-04:00,20.25,20.25,20.25,20.25,1147,0.0,0.0
2024-07-15 12:00:00-04:00,20.209999084472656,20.209999084472656,20.170000076293945,20.170000076293945,1232,0.0,0.0
2024-07-15 12:10:00-04:00,20.165000915527344,20.165000915527344,20.1200008392334,20.1299991607666,846,0.0,0.0
2024-07-15 12:15:00-04:00,20.079999923706055,20.1200008392334,20.079999923706055,20.084999084472656,1282,0.0,0.0
2024-07-15 12:20:00-04:00,20.059999465942383,20.079999923706055,20.059999465942383,20.079999923706055,574,0.0,0.0
2024-07-15 12:25:00-04:00,20.049999237060547,20.049999237060547,20.040000915527344,20.040000915527344,2277,0.0,0.0
2024-07-15 12:30:00-04:00,20.010000228881836,20.040000915527344,20.010000228881836,20.03499984741211,1197,0.0,0.0
2024-07-15 12:35:00-04:00,20.010000228881836,20.020000457763672,20.010000228881836,20.020000457763672,999,0.0,0.0
2024-07-15 12:40:00-04:00,20.040000915527344,20.040000915527344,20.0,20.0049991607666,13787,0.0,0.0
2024-07-15 12:45:00-04:00,20.0,20.010000228881836,20.0,20.010000228881836,3130,0.0,0.0
2024-07-15 12:50:00-04:00,20.0,20.0,20.0,20.0,176,0.0,0.0
2024-07-15 13:00:00-04:00,20.010000228881836,20.010000228881836,20.0,20.0,16847,0.0,0.0
2024-07-15 13:05:00-04:00,20.0,20.002700805664062,20.0,20.0,1730,0.0,0.0
2024-07-15 13:10:00-04:00,20.023099899291992,20.023099899291992,20.0,20.0,413,0.0,0.0
2024-07-15 13:15:00-04:00,20.024999618530273,20.09000015258789,20.024999618530273,20.084999084472656,29533,0.0,0.0
2024-07-15 13:20:00-04:00,20.1299991607666,20.1299991607666,20.1299991607666,20.1299991607666,129,0.0,0.0
2024-07-15 13:25:00-04:00,20.079999923706055,20.1299991607666,20.079999923706055,20.079999923706055,3287,0.0,0.0
2024-07-15 13:35:00-04:00,20.094999313354492,20.094999313354492,20.094999313354492,20.094999313354492,1076,0.0,0.0
2024-07-15 13:40:00-04:00,20.098800659179688,20.098800659179688,20.098800659179688,20.098800659179688,772,0.0,0.0
2024-07-15 13:45:00-04:00,20.100000381469727,20.1200008392334,20.094999313354492,20.104999542236328,1569,0.0,0.0
2024-07-15 13:50:00-04:00,20.104999542236328,20.104999542236328,20.079999923706055,20.079999923706055,4104,0.0,0.0
2024-07-15 14:15:00-04:00,20.079999923706055,20.1299991607666,20.079999923706055,20.1299991607666,5685,0.0,0.0
2024-07-15 14:20:00-04:00,20.200000762939453,20.200000762939453,20.18000030517578,20.18000030517578,662,0.0,0.0
2024-07-15 14:30:00-04:00,20.190000534057617,20.190000534057617,20.110000610351562,20.110000610351562,5394,0.0,0.0
2024-07-15 14:35:00-04:00,20.1200008392334,20.1200008392334,20.1200008392334,20.1200008392334,947,0.0,0.0
2024-07-15 14:40:00-04:00,20.121999740600586,20.121999740600586,20.121999740600586,20.121999740600586,782,0.0,0.0
2024-07-15 14:45:00-04:00,20.110000610351562,20.110000610351562,20.100000381469727,20.100000381469727,1646,0.0,0.0
2024-07-15 14:50:00-04:00,20.09000015258789,20.110000610351562,20.09000015258789,20.110000610351562,2213,0.0,0.0
2024-07-15 14:55:00-04:00,20.110000610351562,20.110000610351562,20.09000015258789,20.09000015258789,7710,0.0,0.0
2024-07-15 15:00:00-04:00,20.104999542236328,20.110000610351562,20.104999542236328,20.110000610351562,2006,0.0,0.0
2024-07-15 15:10:00-04:00,20.200000762939453,20.200000762939453,20.170000076293945,20.200000762939453,1745,0.0,0.0
2024-07-15 15:15:00-04:00,20.170000076293945,20.18000030517578,20.149999618530273,20.165000915527344,4510,0.0,0.0
2024-07-15 15:20:00-04:00,20.170000076293945,20.170000076293945,20.170000076293945,20.170000076293945,469,0.0,0.0
2024-07-15 15:25:00-04:00,20.170000076293945,20.170000076293945,20.149999618530273,20.149999618530273,3057,0.0,0.0
2024-07-15 15:30:00-04:00,20.1200008392334,20.1200008392334,20.1200008392334,20.1200008392334,2211,0.0,0.0
2024-07-15 15:35:00-04:00,20.114999771118164,20.1299991607666,20.09000015258789,20.09000015258789,4445,0.0,0.0
2024-07-15 15:40:00-04:00,20.110000610351562,20.1200008392334,20.100000381469727,20.100000381469727,4148,0.0,0.0
2024-07-15 15:45:00-04:00,20.079999923706055,20.079999923706055,20.06999969482422,20.06999969482422,2771,0.0,0.0
2024-07-15 15:50:00-04:00,20.045000076293945,20.079999923706055,20.045000076293945,20.06999969482422,24957,0.0,0.0
2024-07-15 15:55:00-04:00,20.06999969482422,20.155000686645508,19.93000030517578,20.0,101624,0.0,0.0
2024-07-16 09:30:00-04:00,20.219999313354492,20.219999313354492,20.145000457763672,20.19499969482422,7671,0.0,0.0
2024-07-16 09:35:00-04:00,20.200000762939453,20.344999313354492,20.200000762939453,20.290000915527344,12334,0.0,0.0
2024-07-16 09:40:00-04:00,20.360000610351562,20.3700008392334,20.360000610351562,20.3700008392334,516,0.0,0.0
2024-07-16 09:45:00-04:00,20.31999969482422,20.479999542236328,20.295000076293945,20.454999923706055,14192,0.0,0.0
2024-07-16 09:50:00-04:00,20.469999313354492,20.4950008392334,20.469999313354492,20.4950008392334,29762,0.0,0.0
2024-07-16 09:55:00-04:00,20.4950008392334,20.565000534057617,20.4950008392334,20.514999389648438,43403,0.0,0.0
2024-07-16 10:00:00-04:00,20.600000381469727,20.649999618530273,20.59000015258789,20.635000228881836,1827,0.0,0.0
2024-07-16 10:05:00-04:00,20.549999237060547,20.565000534057617,20.450000762939453,20.450000762939453,25379,0.0,0.0
2024-07-16 10:10:00-04:00,20.450000762939453,20.565000534057617,20.450000762939453,20.489999771118164,9639,0.0,0.0
2024-07-16 10:15:00-04:00,20.479999542236328,20.510000228881836,20.440000534057617,20.450000762939453,15507,0.0,0.0
2024-07-16 10:20:00-04:00,20.450000762939453,20.5,20.450000762939453,20.5,7761,0.0,0.0
2024-07-16 10:25:00-04:00,20.470399856567383,20.514999389648438,20.450000762939453,20.514999389648438,15636,0.0,0.0
2024-07-16 10:30:00-04:00,20.465200424194336,20.465200424194336,20.465200424194336,20.465200424194336,992,0.0,0.0
2024-07-16 10:35:00-04:00,20.489999771118164,20.5,20.440000534057617,20.440000534057617,16717,0.0,0.0
2024-07-16 10:40:00-04:00,20.454999923706055,20.454999923706055,20.454999923706055,20.454999923706055,498,0.0,0.0
2024-07-16 10:45:00-04:00,20.469999313354492,20.5,20.44499969482422,20.469999313354492,3483,0.0,0.0
2024-07-16 10:50:00-04:00,20.469999313354492,20.5,20.450000762939453,20.469999313354492,1563,0.0,0.0
2024-07-16 10:55:00-04:00,20.469999313354492,20.489999771118164,20.450000762939453,20.489999771118164,9381,0.0,0.0
2024-07-16 11:00:00-04:00,20.469999313354492,20.579999923706055,20.460399627685547,20.579999923706055,13385,0.0,0.0
2024-07-16 11:05:00-04:00,20.560199737548828,20.609699249267578,20.559999465942383,20.59000015258789,9418,0.0,0.0
2024-07-16 11:10:00-04:00,20.56999969482422,20.59000015258789,20.56999969482422,20.56999969482422,1742,0.0,0.0
2024-07-16 11:15:00-04:00,20.584999084472656,20.584999084472656,20.584999084472656,20.584999084472656,2895,0.0,0.0
2024-07-16 11:20:00-04:00,20.584999084472656,20.610000610351562,20.584999084472656,20.594999313354492,4865,0.0,0.0
2024-07-16 11:25:00-04:00,20.600000381469727,20.600000381469727,20.600000381469727,20.600000381469727,563,0.0,0.0
2024-07-16 11:30:00-04:00,20.594999313354492,20.594999313354492,20.594999313354492,20.594999313354492,901,0.0,0.0
2024-07-16 11:35:00-04:00,20.579999923706055,20.689899444580078,20.579999923706055,20.649999618530273,9639,0.0,0.0
2024-07-16 11:40:00-04:00,20.649999618530273,20.665000915527344,20.645000457763672,20.665000915527344,12772,0.0,0.0
2024-07-16 11:45:00-04:00,20.65999984741211,20.739999771118164,20.65999984741211,20.65999984741211,5181,0.0,0.0
2024-07-16 11:50:00-04:00,20.729999542236328,20.729999542236328,20.729999542236328,20.729999542236328,368,0.0,0.0
2024-07-16 11:55:00-04:00,20.739999771118164,20.739999771118164,20.709999084472656,20.719999313354492,2781,0.0,0.0
2024-07-16 12:00:00-04:00,20.68000030517578,20.700000762939453,20.68000030517578,20.700000762939453,1520,0.0,0.0
2024-07-16 12:05:00-04:00,20.700000762939453,20.749900817871094,20.649999618530273,20.65999984741211,4970,0.0,0.0
2024-07-16 12:10:00-04:00,20.712499618530273,20.719999313354492,20.700000762939453,20.719999313354492,1468,0.0,0.0
2024-07-16 12:20:00-04:00,20.739999771118164,20.795000076293945,20.719999313354492,20.719999313354492,11591,0.0,0.0
2024-07-16 12:25:00-04:00,20.700000762939453,20.725000381469727,20.690000534057617,20.725000381469727,4668,0.0,0.0
2024-07-16 12:30:00-04:00,20.725000381469727,20.725000381469727,20.71500015258789,20.71500015258789,1335,0.0,0.0
2024-07-16 12:35:00-04:00,20.71500015258789,20.71500015258789,20.71500015258789,20.71500015258789,243,0.0,0.0
2024-07-16 12:40:00-04:00,20.700000762939453,20.700000762939453,20.700000762939453,20.700000762939453,541,0.0,0.0
2024-07-16 12:45:00-04:00,20.71500015258789,20.719999313354492,20.68000030517578,20.719999313354492,7521,0.0,0.0
2024-07-16 12:50:00-04:00,20.719999313354492,20.719999313354492,20.719999313354492,20.719999313354492,447,0.0,0.0
2024-07-16 12:55:00-04:00,20.690399169921875,20.719999313354492,20.690399169921875,20.719999313354492,1710,0.0,0.0
2024-07-16 13:05:00-04:00,20.690000534057617,20.75,20.690000534057617,20.725000381469727,4328,0.0,0.0
2024-07-16 13:10:00-04:00,20.795000076293945,20.795000076293945,20.760000228881836,20.760000228881836,4772,0.0,0.0
2024-07-16 13:15:00-04:00,20.790000915527344,20.790000915527344,20.760000228881836,20.760000228881836,463,0.0,0.0
2024-07-16 13:20:00-04:00,20.760000228881836,20.780000686645508,20.729999542236328,20.739999771118164,2164,0.0,0.0
2024-07-16 13:25:00-04:00,20.709999084472656,20.735000610351562,20.700000762939453,20.700000762939453,9799,0.0,0.0
2024-07-16 13:30:00-04:00,20.735000610351562,20.770000457763672,20.719999313354492,20.760000228881836,18343,0.0,0.0
2024-07-16 13:35:00-04:00,20.799999237060547,20.799999237060547,20.760000228881836,20.760000228881836,1576,0.0,0.0
2024-07-16 13:40:00-04:00,20.770000457763672,20.799999237060547,20.770000457763672,20.774999618530273,2980,0.0,0.0
2024-07-16 13:45:00-04:00,20.809999465942383,20.809999465942383,20.802499771118164,20.80500030517578,3012,0.0,0.0
2024-07-16 13:50:00-04:00,20.829999923706055,20.834999084472656,20.770000457763672,20.770000457763672,2086,0.0,0.0
2024-07-16 13:55:00-04:00,20.735000610351562,20.739999771118164,20.709999084472656,20.739999771118164,12609,0.0,0.0
2024-07-16 14:00:00-04:00,20.739999771118164,20.81999969482422,20.739999771118164,20.739999771118164,5439,0.0,0.0
2024-07-16 14:05:00-04:00,20.729999542236328,20.78499984741211,20.729999542236328,20.78499984741211,1846,0.0,0.0
2024-07-16 14:10:00-04:00,20.78499984741211,20.850000381469727,20.7549991607666,20.850000381469727,15956,0.0,0.0
2024-07-16 14:15:00-04:00,20.889999389648438,20.959999084472656,20.8799991607666,20.90999984741211,13740,0.0,0.0
2024-07-16 14:20:00-04:00,20.8799991607666,20.8799991607666,20.864999771118164,20.864999771118164,2188,0.0,0.0
2024-07-16 14:25:00-04:00,20.829999923706055,20.829999923706055,20.770000457763672,20.770000457763672,1707,0.0,0.0
2024-07-16 14:30:00-04:00,20.770000457763672,20.895000457763672,20.739999771118164,20.895000457763672,36420,0.0,0.0
2024-07-16 14:35:00-04:00,20.93000030517578,20.989999771118164,20.899999618530273,20.924999237060547,5748,0.0,0.0
2024-07-16 14:40:00-04:00,20.8799991607666,20.924999237060547,20.8799991607666,20.889999389648438,2408,0.0,0.0
2024-07-16 14:45:00-04:00,20.924999237060547,20.950000762939453,20.889999389648438,20.924999237060547,2786,0.0,0.0
2024-07-16 14:50:00-04:00,20.924999237060547,20.924999237060547,20.899999618530273,20.899999618530273,1720,0.0,0.0
2024-07-16 14:55:00-04:00,20.924999237060547,20.924999237060547,20.924999237060547,20.924999237060547,935,0.0,0.0
2024-07-16 15:00:00-04:00,20.8799991607666,21.020000457763672,20.860000610351562,21.020000457763672,5344,0.0,0.0
2024-07-16 15:05:00-04:00,21.030000686645508,21.030000686645508,20.962499618530273,20.96500015258789,6522,0.0,0.0
2024-07-16 15:10:00-04:00,20.959999084472656,20.979999542236328,20.93000030517578,20.940000534057617,1365,0.0,0.0
2024-07-16 15:15:00-04:00,20.979999542236328,21.030000686645508,20.93000030517578,21.0049991607666,6932,0.0,0.0
2024-07-16 15:20:00-04:00,21.014999389648438,21.014999389648438,20.979999542236328,20.979999542236328,1652,0.0,0.0
2024-07-16 15:25:00-04:00,20.989999771118164,20.989999771118164,20.979999542236328,20.979999542236328,2521,0.0,0.0
2024-07-16 15:30:00-04:00,20.969999313354492,21.0,20.969999313354492,20.989999771118164,5165,0.0,0.0
2024-07-16 15:35:00-04:00,20.989999771118164,21.06999969482422,20.989999771118164,21.06999969482422,6184,0.0,0.0
2024-07-16 15:40:00-04:00,21.065000534057617,21.065000534057617,21.058700561523438,21.058700561523438,1904,0.0,0.0
2024-07-16 15:45:00-04:00,21.06999969482422,21.170000076293945,21.06999969482422,21.149999618530273,6349,0.0,0.0
2024-07-16 15:50:00-04:00,21.15999984741211,21.219999313354492,21.15999984741211,21.170000076293945,9380,0.0,0.0
2024-07-16 15:55:00-04:00,21.190000534057617,21.190000534057617,21.100000381469727,21.1299991607666,17353,0.0,0.0
2024-07-17 09:30:00-04:00,21.020000457763672,21.09000015258789,20.8700008392334,21.0,1605,0.0,0.0
2024-07-17 09:35:00-04:00,21.110000610351562,21.25,21.0,21.0049991607666,3542,0.0,0.0
2024-07-17 09:50:00-04:00,21.040000915527344,21.100000381469727,21.0,21.010000228881836,5936,0.0,0.0
2024-07-17 09:55:00-04:00,21.09000015258789,21.09000015258789,21.09000015258789,21.09000015258789,130,0.0,0.0
2024-07-17 10:00:00-04:00,21.09000015258789,21.09000015258789,20.989999771118164,21.030000686645508,1651,0.0,0.0
2024-07-17 10:05:00-04:00,20.9950008392334,21.010000228881836,20.90999984741211,20.90999984741211,1119,0.0,0.0
2024-07-17 10:10:00-04:00,20.920000076293945,21.040000915527344,20.920000076293945,21.0,7401,0.0,0.0
2024-07-17 10:15:00-04:00,21.0049991607666,21.010000228881836,21.0,21.0,1380,0.0,0.0
2024-07-17 10:20:00-04:00,21.0,21.010000228881836,21.0,21.010000228881836,362,0.0,0.0
2024-07-17 10:25:00-04:00,21.020000457763672,21.020000457763672,21.0,21.0,424,0.0,0.0
2024-07-17 10:30:00-04:00,21.010000228881836,21.010000228881836,20.969999313354492,21.0049991607666,1158,0.0,0.0
2024-07-17 10:35:00-04:00,21.010000228881836,21.010000228881836,20.959999084472656,20.959999084472656,1533,0.0,0.0
2024-07-17 10:40:00-04:00,20.959999084472656,20.959999084472656,20.889999389648438,20.90999984741211,2082,0.0,0.0
2024-07-17 10:45:00-04:00,20.899999618530273,20.969999313354492,20.899999618530273,20.969999313354492,334,0.0,0.0
2024-07-17 10:50:00-04:00,20.940000534057617,20.94499969482422,20.93000030517578,20.93000030517578,815,0.0,0.0
2024-07-17 10:55:00-04:00,20.924999237060547,20.924999237060547,20.915000915527344,20.915000915527344,622,0.0,0.0
2024-07-17 11:00:00-04:00,20.8700008392334,20.940000534057617,20.8700008392334,20.940000534057617,1963,0.0,0.0
2024-07-17 11:05:00-04:00,20.950000762939453,21.0,20.950000762939453,20.969999313354492,1216,0.0,0.0
2024-07-17 11:10:00-04:00,21.0,21.0,20.975000381469727,20.975000381469727,413,0.0,0.0
2024-07-17 11:15:00-04:00,20.969999313354492,20.987499237060547,20.954999923706055,20.959999084472656,6868,0.0,0.0
2024-07-17 11:20:00-04:00,20.969999313354492,20.969999313354492,20.93000030517578,20.93000030517578,1761,0.0,0.0
2024-07-17 11:25:00-04:00,20.934999465942383,20.940000534057617,20.93000030517578,20.934999465942383,2274,0.0,0.0
2024-07-17 11:30:00-04:00,20.93000030517578,20.940000534057617,20.899999618530273,20.93000030517578,3475,0.0,0.0
2024-07-17 11:35:00-04:00,20.96500015258789,20.96500015258789,20.96500015258789,20.96500015258789,467,0.0,0.0
2024-07-17 11:45:00-04:00,20.979999542236328,20.979999542236328,20.915000915527344,20.915000915527344,1133,0.0,0.0
2024-07-17 11:50:00-04:00,20.924999237060547,20.934999465942383,20.924999237060547,20.934999465942383,373,0.0,0.0
2024-07-17 11:55:00-04:00,20.934999465942383,20.934999465942383,20.934999465942383,20.934999465942383,290,0.0,0.0
2024-07-17 12:00:00-04:00,20.934999465942383,20.934999465942383,20.93000030517578,20.93000030517578,823,0.0,0.0
2024-07-17 12:05:00-04:00,20.895000457763672,20.899999618530273,20.864999771118164,20.899999618530273,1262,0.0,0.0
2024-07-17 12:10:00-04:00,20.8700008392334,20.8700008392334,20.8700008392334,20.8700008392334,272,0.0,0.0
2024-07-17 12:15:00-04:00,20.899999618530273,20.90999984741211,20.885000228881836,20.885000228881836,1875,0.0,0.0
2024-07-17 12:20:00-04:00,20.889999389648438,20.899999618530273,20.889999389648438,20.899999618530273,991,0.0,0.0
2024-07-17 12:25:00-04:00,20.885000228881836,20.899999618530273,20.860000610351562,20.860000610351562,1512,0.0,0.0
2024-07-17 12:30:00-04:00,20.875,20.899999618530273,20.875,20.875,973,0.0,0.0
2024-07-17 12:35:00-04:00,20.899999618530273,20.899999618530273,20.899999618530273,20.899999618530273,828,0.0,0.0
2024-07-17 12:40:00-04:00,20.905000686645508,20.905000686645508,20.8799991607666,20.8799991607666,952,0.0,0.0
2024-07-17 12:50:00-04:00,20.84000015258789,20.8700008392334,20.829999923706055,20.850000381469727,2292,0.0,0.0
2024-07-17 12:55:00-04:00,20.8700008392334,20.8700008392334,20.8700008392334,20.8700008392334,180,0.0,0.0
2024-07-17 13:00:00-04:00,20.860000610351562,20.860000610351562,20.860000610351562,20.860000610351562,502,0.0,0.0
2024-07-17 13:05:00-04:00,20.864999771118164,20.889999389648438,20.864999771118164,20.864999771118164,1497,0.0,0.0
2024-07-17 13:10:00-04:00,20.8700008392334,20.8700008392334,20.8700008392334,20.8700008392334,513,0.0,0.0
2024-07-17 13:15:00-04:00,20.850000381469727,20.860000610351562,20.850000381469727,20.860000610351562,5338,0.0,0.0
2024-07-17 13:20:00-04:00,20.81999969482422,20.81999969482422,20.81999969482422,20.81999969482422,951,0.0,0.0
2024-07-17 13:25:00-04:00,20.899999618530273,20.915000915527344,20.899999618530273,20.915000915527344,624,0.0,0.0
2024-07-17 13:30:00-04:00,20.93000030517578,20.94499969482422,20.93000030517578,20.94499969482422,331,0.0,0.0
2024-07-17 13:35:00-04:00,20.94499969482422,20.959999084472656,20.94499969482422,20.959999084472656,632,0.0,0.0
2024-07-17 13:40:00-04:00,20.959999084472656,20.959999084472656,20.93000030517578,20.934999465942383,899,0.0,0.0
2024-07-17 13:45:00-04:00,20.920000076293945,20.934999465942383,20.90999984741211,20.93000030517578,802,0.0,0.0
2024-07-17 13:50:00-04:00,20.93000030517578,20.93000030517578,20.90999984741211,20.920000076293945,1174,0.0,0.0
2024-07-17 13:55:00-04:00,20.920000076293945,20.92569923400879,20.915000915527344,20.915000915527344,1388,0.0,0.0
2024-07-17 14:00:00-04:00,20.915000915527344,20.940000534057617,20.895000457763672,20.895000457763672,3935,0.0,0.0
2024-07-17 14:05:00-04:00,20.90999984741211,20.969999313354492,20.899999618530273,20.969999313354492,3158,0.0,0.0
2024-07-17 14:10:00-04:00,20.969999313354492,20.989999771118164,20.969999313354492,20.969999313354492,2243,0.0,0.0
2024-07-17 14:15:00-04:00,20.964500427246094,20.975000381469727,20.964500427246094,20.975000381469727,1665,0.0,0.0
2024-07-17 14:20:00-04:00,20.975000381469727,20.975000381469727,20.975000381469727,20.975000381469727,375,0.0,0.0
2024-07-17 14:25:00-04:00,20.989999771118164,21.010000228881836,20.950000762939453,20.96500015258789,6055,0.0,0.0
2024-07-17 14:30:00-04:00,20.969999313354492,20.969999313354492,20.96500015258789,20.96500015258789,708,0.0,0.0
2024-07-17 14:35:00-04:00,20.989999771118164,20.989999771118164,20.975000381469727,20.975000381469727,2273,0.0,0.0
2024-07-17 14:40:00-04:00,20.959999084472656,20.959999084472656,20.959999084472656,20.959999084472656,726,0.0,0.0
2024-07-17 14:45:00-04:00,20.959999084472656,21.0,20.950000762939453,20.959999084472656,1951,0.0,0.0
2024-07-17 14:50:00-04:00,20.959999084472656,20.959999084472656,20.959999084472656,20.959999084472656,744,0.0,0.0
2024-07-17 14:55:00-04:00,20.959999084472656,20.959999084472656,20.959999084472656,20.959999084472656,726,0.0,0.0
2024-07-17 15:00:00-04:00,20.96500015258789,20.984699249267578,20.96500015258789,20.96500015258789,2103,0.0,0.0
2024-07-17 15:05:00-04:00,20.96500015258789,20.969999313354492,20.940000534057617,20.959999084472656,3504,0.0,0.0
2024-07-17 15:10:00-04:00,20.959999084472656,21.010000228881836,20.959999084472656,20.985000610351562,5724,0.0,0.0
2024-07-17 15:15:00-04:00,20.979999542236328,20.989999771118164,20.96500015258789,20.985000610351562,2410,0.0,0.0
2024-07-17 15:20:00-04:00,20.975000381469727,21.0,20.975000381469727,20.989999771118164,3255,0.0,0.0
2024-07-17 15:25:00-04:00,21.0,21.010000228881836,20.985000610351562,21.0049991607666,12808,0.0,0.0
2024-07-17 15:30:00-04:00,21.0049991607666,21.020000457763672,21.0,21.0049991607666,4870,0.0,0.0
2024-07-17 15:35:00-04:00,20.989999771118164,20.989999771118164,20.985000610351562,20.985000610351562,2161,0.0,0.0
2024-07-17 15:40:00-04:00,20.985000610351562,20.996299743652344,20.969999313354492,20.996299743652344,2418,0.0,0.0
2024-07-17 15:45:00-04:00,20.985000610351562,20.989999771118164,20.920000076293945,20.940000534057617,4587,0.0,0.0
2024-07-17 15:50:00-04:00,20.940000534057617,20.979999542236328,20.920000076293945,20.940000534057617,10473,0.0,0.0
2024-07-17 15:55:00-04:00,20.934999465942383,20.950000762939453,20.8799991607666,20.90999984741211,22631,0.0,0.0
2024-07-18 09:30:00-04:00,20.700000762939453,20.854999542236328,20.68000030517578,20.68000030517578,2679,0.0,0.0
2024-07-18 09:40:00-04:00,20.899999618530273,20.905000686645508,20.78499984741211,20.78499984741211,2354,0.0,0.0
2024-07-18 09:50:00-04:00,20.799999237060547,20.895000457763672,20.799999237060547,20.895000457763672,391,0.0,0.0
2024-07-18 09:55:00-04:00,20.915000915527344,20.915000915527344,20.915000915527344,20.915000915527344,443,0.0,0.0
2024-07-18 10:00:00-04:00,20.915000915527344,21.0049991607666,20.899999618530273,20.954999923706055,28245,0.0,0.0
2024-07-18 10:05:00-04:00,20.985000610351562,21.010000228881836,20.975000381469727,20.979999542236328,29713,0.0,0.0
2024-07-18 10:10:00-04:00,20.979999542236328,21.009000778198242,20.975000381469727,20.975000381469727,791,0.0,0.0
2024-07-18 10:15:00-04:00,21.024999618530273,21.03499984741211,21.024999618530273,21.03499984741211,652,0.0,0.0
2024-07-18 10:20:00-04:00,21.014999389648438,21.014999389648438,21.014999389648438,21.014999389648438,665,0.0,0.0
2024-07-18 10:25:00-04:00,21.024999618530273,21.024999618530273,21.020000457763672,21.020000457763672,861,0.0,0.0
2024-07-18 10:30:00-04:00,21.0,21.0,20.9950008392334,20.9950008392334,3781,0.0,0.0
2024-07-18 10:35:00-04:00,20.959999084472656,20.975000381469727,20.959999084472656,20.975000381469727,2780,0.0,0.0
2024-07-18 10:40:00-04:00,20.975000381469727,20.975000381469727,20.905000686645508,20.905000686645508,754,0.0,0.0
2024-07-18 10:45:00-04:00,20.915000915527344,20.915000915527344,20.915000915527344,20.915000915527344,202,0.0,0.0
2024-07-18 10:50:00-04:00,20.90999984741211,20.90999984741211,20.90999984741211,20.90999984741211,315,0.0,0.0
2024-07-18 10:55:00-04:00,20.905000686645508,20.905000686645508,20.905000686645508,20.905000686645508,118,0.0,0.0
2024-07-18 11:00:00-04:00,20.899999618530273,20.899999618530273,20.899999618530273,20.899999618530273,2277,0.0,0.0
2024-07-18 11:10:00-04:00,20.854999542236328,20.854999542236328,20.815000534057617,20.815000534057617,965,0.0,0.0
2024-07-18 11:25:00-04:00,20.81999969482422,20.81999969482422,20.81999969482422,20.81999969482422,409,0.0,0.0
2024-07-18 11:30:00-04:00,20.84000015258789,20.84000015258789,20.84000015258789,20.84000015258789,583,0.0,0.0
2024-07-18 11:35:00-04:00,20.915000915527344,20.915000915527344,20.8799991607666,20.8799991607666,636,0.0,0.0
2024-07-18 11:45:00-04:00,20.8700008392334,20.8700008392334,20.829999923706055,20.860000610351562,3077,0.0,0.0
2024-07-18 11:55:00-04:00,20.80500030517578,20.80500030517578,20.80500030517578,20.80500030517578,1254,0.0,0.0
2024-07-18 12:00:00-04:00,20.819000244140625,20.819000244140625,20.819000244140625,20.819000244140625,306,0.0,0.0
2024-07-18 12:05:00-04:00,20.81999969482422,20.81999969482422,20.81999969482422,20.81999969482422,1174,0.0,0.0
2024-07-18 12:25:00-04:00,20.799999237060547,20.799999237060547,20.734600067138672,20.790000915527344,4834,0.0,0.0
2024-07-18 12:30:00-04:00,20.809999465942383,20.809999465942383,20.809999465942383,20.809999465942383,206,0.0,0.0
2024-07-18 12:35:00-04:00,20.770000457763672,20.770000457763672,20.770000457763672,20.770000457763672,180,0.0,0.0
2024-07-18 12:40:00-04:00,20.798999786376953,20.799999237060547,20.798999786376953,20.799999237060547,896,0.0,0.0
2024-07-18 12:45:00-04:00,20.809999465942383,20.829999923706055,20.809999465942383,20.829999923706055,779,0.0,0.0
2024-07-18 13:00:00-04:00,20.860000610351562,20.889999389648438,20.860000610351562,20.860000610351562,1649,0.0,0.0
2024-07-18 13:05:00-04:00,20.809999465942383,20.8700008392334,20.809999465942383,20.8700008392334,725,0.0,0.0
2024-07-18 13:15:00-04:00,20.899999618530273,20.899999618530273,20.844999313354492,20.850000381469727,2006,0.0,0.0
2024-07-18 13:20:00-04:00,20.8799991607666,20.899999618530273,20.877599716186523,20.877599716186523,1614,0.0,0.0
2024-07-18 13:25:00-04:00,20.899999618530273,20.899999618530273,20.899999618530273,20.899999618530273,1229,0.0,0.0
2024-07-18 13:35:00-04:00,20.850000381469727,20.860000610351562,20.850000381469727,20.860000610351562,405,0.0,0.0
2024-07-18 13:45:00-04:00,20.889999389648438,20.889999389648438,20.889999389648438,20.889999389648438,477,0.0,0.0
2024-07-18 13:50:00-04:00,20.850000381469727,20.850000381469727,20.850000381469727,20.850000381469727,2130,0.0,0.0
2024-07-18 14:00:00-04:00,20.81999969482422,20.84000015258789,20.799999237060547,20.799999237060547,903,0.0,0.0
2024-07-18 14:10:00-04:00,20.739999771118164,20.739999771118164,20.739999771118164,20.739999771118164,608,0.0,0.0
2024-07-18 14:20:00-04:00,20.709999084472656,20.709999084472656,20.709999084472656,20.709999084472656,1014,0.0,0.0
2024-07-18 14:35:00-04:00,20.670000076293945,20.719999313354492,20.670000076293945,20.700000762939453,3384,0.0,0.0
2024-07-18 14:40:00-04:00,20.68000030517578,20.68000030517578,20.649999618530273,20.674999237060547,961,0.0,0.0
2024-07-18 14:45:00-04:00,20.649999618530273,20.65999984741211,20.639999389648438,20.65999984741211,734,0.0,0.0
2024-07-18 14:50:00-04:00,20.6200008392334,20.739999771118164,20.6200008392334,20.739999771118164,4311,0.0,0.0
2024-07-18 14:55:00-04:00,20.75,20.780000686645508,20.75,20.780000686645508,1492,0.0,0.0
2024-07-18 15:00:00-04:00,20.780000686645508,20.8700008392334,20.780000686645508,20.799999237060547,2811,0.0,0.0
2024-07-18 15:05:00-04:00,20.790000915527344,20.790000915527344,20.760000228881836,20.760000228881836,331,0.0,0.0
2024-07-18 15:10:00-04:00,20.760000228881836,20.760000228881836,20.690000534057617,20.690000534057617,1238,0.0,0.0
2024-07-18 15:15:00-04:00,20.709999084472656,20.729999542236328,20.709999084472656,20.725000381469727,2512,0.0,0.0
2024-07-18 15:20:00-04:00,20.739999771118164,20.75,20.739999771118164,20.75,1917,0.0,0.0
2024-07-18 15:25:00-04:00,20.780000686645508,20.780000686645508,20.75,20.75,975,0.0,0.0
2024-07-18 15:30:00-04:00,20.774999618530273,20.780000686645508,20.774999618530273,20.780000686645508,1175,0.0,0.0
2024-07-18 15:35:00-04:00,20.770000457763672,20.780000686645508,20.760000228881836,20.780000686645508,1721,0.0,0.0
2024-07-18 15:40:00-04:00,20.790000915527344,20.809999465942383,20.770000457763672,20.770000457763672,1971,0.0,0.0
2024-07-18 15:45:00-04:00,20.780000686645508,20.829999923706055,20.770000457763672,20.799999237060547,3031,0.0,0.0
2024-07-18 15:50:00-04:00,20.81999969482422,20.81999969482422,20.75,20.75,6346,0.0,0.0
2024-07-18 15:55:00-04:00,20.75,20.75,20.700000762939453,20.700000762939453,6772,0.0,0.0
2024-07-19 09:30:00-04:00,20.780000686645508,20.780000686645508,20.594999313354492,20.594999313354492,8356,0.0,0.0
2024-07-19 09:40:00-04:00,20.575000762939453,20.575000762939453,20.575000762939453,20.575000762939453,607,0.0,0.0
2024-07-19 09:55:00-04:00,20.739999771118164,20.850000381469727,20.530000686645508,20.530000686645508,6072,0.0,0.0
2024-07-19 10:05:00-04:00,20.565000534057617,20.565000534057617,20.565000534057617,20.565000534057617,1265,0.0,0.0
2024-07-19 10:20:00-04:00,20.510000228881836,20.510000228881836,20.510000228881836,20.510000228881836,286,0.0,0.0
2024-07-19 10:25:00-04:00,20.510000228881836,20.510000228881836,20.480899810791016,20.480899810791016,1060,0.0,0.0
2024-07-19 10:35:00-04:00,20.479999542236328,20.479999542236328,20.479999542236328,20.479999542236328,752,0.0,0.0
2024-07-19 10:50:00-04:00,20.37380027770996,20.37380027770996,20.37380027770996,20.37380027770996,607,0.0,0.0
2024-07-19 10:55:00-04:00,20.43000030517578,20.479999542236328,20.43000030517578,20.440000534057617,788,0.0,0.0
2024-07-19 11:00:00-04:00,20.530000686645508,20.6200008392334,20.530000686645508,20.6200008392334,3113,0.0,0.0
2024-07-19 11:05:00-04:00,20.600000381469727,20.610000610351562,20.600000381469727,20.604999542236328,1281,0.0,0.0
2024-07-19 11:15:00-04:00,20.639999389648438,20.639999389648438,20.639999389648438,20.639999389648438,370,0.0,0.0
2024-07-19 11:20:00-04:00,20.645000457763672,20.649999618530273,20.614999771118164,20.639999389648438,3377,0.0,0.0
2024-07-19 11:25:00-04:00,20.649999618530273,20.649999618530273,20.649999618530273,20.649999618530273,1093,0.0,0.0
2024-07-19 11:30:00-04:00,20.639999389648438,20.639999389648438,20.579999923706055,20.639999389648438,5375,0.0,0.0
2024-07-19 11:40:00-04:00,20.59000015258789,20.6299991607666,20.575000762939453,20.6299991607666,2297,0.0,0.0
2024-07-19 11:45:00-04:00,20.6299991607666,20.639999389648438,20.6200008392334,20.622499465942383,1541,0.0,0.0
2024-07-19 11:55:00-04:00,20.670000076293945,20.670000076293945,20.670000076293945,20.670000076293945,297,0.0,0.0
2024-07-19 12:00:00-04:00,20.709999084472656,20.709999084472656,20.700000762939453,20.709999084472656,891,0.0,0.0
2024-07-19 12:05:00-04:00,20.68000030517578,20.700000762939453,20.68000030517578,20.700000762939453,2210,0.0,0.0
2024-07-19 12:15:00-04:00,20.71500015258789,20.71500015258789,20.709999084472656,20.709999084472656,1283,0.0,0.0
2024-07-19 12:25:00-04:00,20.719999313354492,20.719999313354492,20.68000030517578,20.700000762939453,1058,0.0,0.0
2024-07-19 12:30:00-04:00,20.68000030517578,20.684999465942383,20.65999984741211,20.684999465942383,1674,0.0,0.0
2024-07-19 12:35:00-04:00,20.71500015258789,20.719999313354492,20.709999084472656,20.719999313354492,861,0.0,0.0
2024-07-19 12:50:00-04:00,20.690000534057617,20.690000534057617,20.690000534057617,20.690000534057617,613,0.0,0.0
2024-07-19 13:00:00-04:00,20.690000534057617,20.690000534057617,20.68000030517578,20.68000030517578,683,0.0,0.0
2024-07-19 13:05:00-04:00,20.68000030517578,20.68000030517578,20.68000030517578,20.68000030517578,106,0.0,0.0
2024-07-19 13:10:00-04:00,20.65999984741211,20.68000030517578,20.65999984741211,20.68000030517578,1250,0.0,0.0
2024-07-19 13:20:00-04:00,20.614999771118164,20.6200008392334,20.610000610351562,20.6200008392334,1841,0.0,0.0
2024-07-19 13:30:00-04:00,20.6299991607666,20.639999389648438,20.6299991607666,20.639999389648438,1858,0.0,0.0
2024-07-19 13:35:00-04:00,20.639999389648438,20.739999771118164,20.639999389648438,20.739999771118164,2147,0.0,0.0
2024-07-19 13:40:00-04:00,20.75,20.75,20.75,20.75,296,0.0,0.0
2024-07-19 13:45:00-04:00,20.709999084472656,20.7450008392334,20.709999084472656,20.739999771118164,1404,0.0,0.0
2024-07-19 13:50:00-04:00,20.739999771118164,20.7450008392334,20.729999542236328,20.729999542236328,1320,0.0,0.0
2024-07-19 13:55:00-04:00,20.729999542236328,20.729999542236328,20.719999313354492,20.719999313354492,765,0.0,0.0
2024-07-19 14:00:00-04:00,20.719999313354492,20.739999771118164,20.690000534057617,20.7189998626709,2116,0.0,0.0
2024-07-19 14:10:00-04:00,20.75,20.75,20.71500015258789,20.71500015258789,660,0.0,0.0
2024-07-19 14:20:00-04:00,20.690000534057617,20.709999084472656,20.690000534057617,20.690000534057617,1527,0.0,0.0
2024-07-19 14:30:00-04:00,20.700000762939453,20.700000762939453,20.699499130249023,20.699499130249023,705,0.0,0.0
2024-07-19 14:40:00-04:00,20.68000030517578,20.68000030517578,20.68000030517578,20.68000030517578,1205,0.0,0.0
2024-07-19 14:50:00-04:00,20.68000030517578,20.770000457763672,20.670000076293945,20.739999771118164,3148,0.0,0.0
2024-07-19 15:00:00-04:00,20.770000457763672,20.770000457763672,20.770000457763672,20.770000457763672,797,0.0,0.0
2024-07-19 15:20:00-04:00,20.760000228881836,20.760000228881836,20.760000228881836,20.760000228881836,200,0.0,0.0
2024-07-19 15:25:00-04:00,20.780000686645508,20.795000076293945,20.760000228881836,20.760000228881836,3164,0.0,0.0
2024-07-19 15:30:00-04:00,20.764999389648438,20.764999389648438,20.764999389648438,20.764999389648438,188,0.0,0.0
2024-07-19 15:35:00-04:00,20.764999389648438,20.764999389648438,20.729999542236328,20.7450008392334,1289,0.0,0.0
2024-07-19 15:40:00-04:00,20.7450008392334,20.7450008392334,20.729999542236328,20.729999542236328,793,0.0,0.0
2024-07-19 15:45:00-04:00,20.719999313354492,20.739999771118164,20.709999084472656,20.739999771118164,1923,0.0,0.0
2024-07-19 15:50:00-04:00,20.7549991607666,20.770000457763672,20.71500015258789,20.71500015258789,2898,0.0,0.0
2024-07-19 15:55:00-04:00,20.719999313354492,20.780000686645508,20.719999313354492,20.780000686645508,8034,0.0,0.0
