Datetime,Open,High,Low,Close,Volume,Dividends,Stock Splits
2024-06-20 09:30:00-04:00,27.200000762939453,27.540000915527344,27.149999618530273,27.52199935913086,1581903,0.0,0.0
2024-06-20 09:35:00-04:00,27.520000457763672,27.549999237060547,27.350000381469727,27.415000915527344,323508,0.0,0.0
2024-06-20 09:40:00-04:00,27.420000076293945,27.53499984741211,27.399999618530273,27.514999389648438,335511,0.0,0.0
2024-06-20 09:45:00-04:00,27.520000457763672,27.545000076293945,27.459999084472656,27.520000457763672,366370,0.0,0.0
2024-06-20 09:50:00-04:00,27.514999389648438,27.59000015258789,27.514999389648438,27.575000762939453,393470,0.0,0.0
2024-06-20 09:55:00-04:00,27.575000762939453,27.6299991607666,27.549999237060547,27.59000015258789,1122329,0.0,0.0
2024-06-20 10:00:00-04:00,27.594999313354492,27.65999984741211,27.559999465942383,27.562999725341797,344342,0.0,0.0
2024-06-20 10:05:00-04:00,27.559999465942383,27.670000076293945,27.549999237060547,27.650100708007812,458252,0.0,0.0
2024-06-20 10:10:00-04:00,27.65999984741211,27.790000915527344,27.65290069580078,27.789899826049805,880945,0.0,0.0
2024-06-20 10:15:00-04:00,27.785999298095703,27.81999969482422,27.709999084472656,27.7549991607666,498790,0.0,0.0
2024-06-20 10:20:00-04:00,27.7549991607666,27.790000915527344,27.709999084472656,27.71500015258789,368741,0.0,0.0
2024-06-20 10:25:00-04:00,27.71500015258789,27.719999313354492,27.6200008392334,27.645000457763672,411849,0.0,0.0
2024-06-20 10:30:00-04:00,27.645000457763672,27.670000076293945,27.601699829101562,27.655000686645508,282290,0.0,0.0
2024-06-20 10:35:00-04:00,27.655000686645508,27.709999084472656,27.6299991607666,27.635000228881836,303759,0.0,0.0
2024-06-20 10:40:00-04:00,27.639299392700195,27.65999984741211,27.614999771118164,27.635000228881836,216840,0.0,0.0
2024-06-20 10:45:00-04:00,27.6299991607666,27.649999618530273,27.604999542236328,27.645000457763672,324537,0.0,0.0
2024-06-20 10:50:00-04:00,27.649900436401367,27.649999618530273,27.600000381469727,27.604999542236328,208649,0.0,0.0
2024-06-20 10:55:00-04:00,27.604999542236328,27.610000610351562,27.559999465942383,27.58810043334961,207773,0.0,0.0
2024-06-20 11:00:00-04:00,27.579999923706055,27.6200008392334,27.56999969482422,27.610000610351562,318431,0.0,0.0
2024-06-20 11:05:00-04:00,27.614999771118164,27.61870002746582,27.56999969482422,27.575000762939453,208907,0.0,0.0
2024-06-20 11:10:00-04:00,27.575000762939453,27.610000610351562,27.530000686645508,27.604999542236328,392889,0.0,0.0
2024-06-20 11:15:00-04:00,27.604999542236328,27.6299991607666,27.579999923706055,27.587400436401367,238647,0.0,0.0
2024-06-20 11:20:00-04:00,27.59000015258789,27.600000381469727,27.559999465942383,27.59000015258789,180252,0.0,0.0
2024-06-20 11:25:00-04:00,27.594999313354492,27.6200008392334,27.59000015258789,27.614999771118164,176722,0.0,0.0
2024-06-20 11:30:00-04:00,27.610000610351562,27.649999618530273,27.604999542236328,27.649900436401367,266803,0.0,0.0
2024-06-20 11:35:00-04:00,27.645000457763672,27.690000534057617,27.645000457763672,27.670000076293945,231272,0.0,0.0
2024-06-20 11:40:00-04:00,27.674999237060547,27.709999084472656,27.670000076293945,27.700000762939453,227342,0.0,0.0
2024-06-20 11:45:00-04:00,27.700000762939453,27.75,27.670000076293945,27.745899200439453,303448,0.0,0.0
2024-06-20 11:50:00-04:00,27.75,27.798900604248047,27.75,27.795000076293945,316470,0.0,0.0
2024-06-20 11:55:00-04:00,27.795000076293945,27.829999923706055,27.760000228881836,27.78499984741211,334963,0.0,0.0
2024-06-20 12:00:00-04:00,27.78809928894043,27.799999237060547,27.764999389648438,27.770000457763672,147875,0.0,0.0
2024-06-20 12:05:00-04:00,27.774999618530273,27.799999237060547,27.770000457763672,27.795000076293945,151188,0.0,0.0
2024-06-20 12:10:00-04:00,27.795000076293945,27.829999923706055,27.780000686645508,27.825000762939453,226291,0.0,0.0
2024-06-20 12:15:00-04:00,27.825000762939453,27.829999923706055,27.790000915527344,27.829999923706055,217617,0.0,0.0
2024-06-20 12:20:00-04:00,27.829999923706055,27.87849998474121,27.815000534057617,27.844999313354492,253985,0.0,0.0
2024-06-20 12:25:00-04:00,27.844999313354492,27.88949966430664,27.84119987487793,27.885000228881836,147466,0.0,0.0
2024-06-20 12:30:00-04:00,27.880199432373047,27.950000762939453,27.880199432373047,27.94499969482422,550888,0.0,0.0
2024-06-20 12:35:00-04:00,27.940000534057617,27.94499969482422,27.885000228881836,27.893800735473633,300522,0.0,0.0
2024-06-20 12:40:00-04:00,27.899999618530273,27.93000030517578,27.889999389648438,27.899999618530273,381860,0.0,0.0
2024-06-20 12:45:00-04:00,27.905000686645508,27.93000030517578,27.889999389648438,27.895000457763672,350598,0.0,0.0
2024-06-20 12:50:00-04:00,27.894399642944336,27.899999618530273,27.860000610351562,27.864999771118164,152172,0.0,0.0
2024-06-20 12:55:00-04:00,27.864999771118164,27.920000076293945,27.862600326538086,27.90999984741211,260521,0.0,0.0
2024-06-20 13:00:00-04:00,27.90999984741211,27.920000076293945,27.8799991607666,27.917499542236328,220100,0.0,0.0
2024-06-20 13:05:00-04:00,27.9158992767334,27.959999084472656,27.905000686645508,27.950000762939453,275568,0.0,0.0
2024-06-20 13:10:00-04:00,27.947999954223633,27.959999084472656,27.900100708007812,27.905000686645508,178912,0.0,0.0
2024-06-20 13:15:00-04:00,27.90999984741211,27.90999984741211,27.829999923706055,27.832000732421875,250745,0.0,0.0
2024-06-20 13:20:00-04:00,27.8302001953125,27.850000381469727,27.78499984741211,27.824100494384766,206856,0.0,0.0
2024-06-20 13:25:00-04:00,27.827800750732422,27.915000915527344,27.809999465942383,27.915000915527344,480645,0.0,0.0
2024-06-20 13:30:00-04:00,27.920000076293945,27.922500610351562,27.850000381469727,27.865999221801758,283991,0.0,0.0
2024-06-20 13:35:00-04:00,27.860000610351562,27.8700008392334,27.84000015258789,27.854999542236328,327300,0.0,0.0
2024-06-20 13:40:00-04:00,27.854999542236328,27.896299362182617,27.850000381469727,27.895000457763672,157409,0.0,0.0
2024-06-20 13:45:00-04:00,27.891000747680664,27.90999984741211,27.8799991607666,27.88990020751953,240500,0.0,0.0
2024-06-20 13:50:00-04:00,27.8799991607666,27.889999389648438,27.860000610351562,27.8799991607666,198663,0.0,0.0
2024-06-20 13:55:00-04:00,27.8799991607666,27.885000228881836,27.850000381469727,27.850000381469727,183912,0.0,0.0
2024-06-20 14:00:00-04:00,27.854999542236328,27.860000610351562,27.825000762939453,27.829999923706055,143557,0.0,0.0
2024-06-20 14:05:00-04:00,27.84000015258789,27.84000015258789,27.81999969482422,27.834999084472656,107526,0.0,0.0
2024-06-20 14:10:00-04:00,27.829999923706055,27.8799991607666,27.829999923706055,27.848899841308594,184203,0.0,0.0
2024-06-20 14:15:00-04:00,27.850000381469727,27.8700008392334,27.840099334716797,27.860000610351562,155229,0.0,0.0
2024-06-20 14:20:00-04:00,27.860000610351562,27.875,27.850000381469727,27.864999771118164,103965,0.0,0.0
2024-06-20 14:25:00-04:00,27.864999771118164,27.8799991607666,27.853500366210938,27.864999771118164,155238,0.0,0.0
2024-06-20 14:30:00-04:00,27.8700008392334,27.8799991607666,27.829999923706055,27.83989906311035,164460,0.0,0.0
2024-06-20 14:35:00-04:00,27.83049964904785,27.8799991607666,27.829999923706055,27.84000015258789,193543,0.0,0.0
2024-06-20 14:40:00-04:00,27.844999313354492,27.850000381469727,27.81999969482422,27.829999923706055,131052,0.0,0.0
2024-06-20 14:45:00-04:00,27.829999923706055,27.829999923706055,27.809999465942383,27.81999969482422,129931,0.0,0.0
2024-06-20 14:50:00-04:00,27.820899963378906,27.84000015258789,27.809999465942383,27.836700439453125,212107,0.0,0.0
2024-06-20 14:55:00-04:00,27.84000015258789,27.8700008392334,27.829999923706055,27.864999771118164,169643,0.0,0.0
2024-06-20 15:00:00-04:00,27.8700008392334,27.8799991607666,27.81999969482422,27.829999923706055,198435,0.0,0.0
2024-06-20 15:05:00-04:00,27.829999923706055,27.834999084472656,27.780000686645508,27.815000534057617,431821,0.0,0.0
2024-06-20 15:10:00-04:00,27.815000534057617,27.81999969482422,27.780000686645508,27.795000076293945,311970,0.0,0.0
2024-06-20 15:15:00-04:00,27.795000076293945,27.809999465942383,27.75,27.7549991607666,418693,0.0,0.0
2024-06-20 15:20:00-04:00,27.764999389648438,27.790000915527344,27.764999389648438,27.774999618530273,277016,0.0,0.0
2024-06-20 15:25:00-04:00,27.7731990814209,27.809999465942383,27.770000457763672,27.806900024414062,366799,0.0,0.0
2024-06-20 15:30:00-04:00,27.809999465942383,27.81999969482422,27.760000228881836,27.81999969482422,282139,0.0,0.0
2024-06-20 15:35:00-04:00,27.81999969482422,27.829999923706055,27.764799118041992,27.78499984741211,366121,0.0,0.0
2024-06-20 15:40:00-04:00,27.788000106811523,27.799999237060547,27.770000457763672,27.78499984741211,243896,0.0,0.0
2024-06-20 15:45:00-04:00,27.78499984741211,27.790000915527344,27.729999542236328,27.729999542236328,367853,0.0,0.0
2024-06-20 15:50:00-04:00,27.739999771118164,27.799999237060547,27.735000610351562,27.790000915527344,643597,0.0,0.0
2024-06-20 15:55:00-04:00,27.795000076293945,27.809999465942383,27.729999542236328,27.739999771118164,1668102,0.0,0.0
2024-06-21 09:30:00-04:00,27.770000457763672,27.799999237060547,27.59000015258789,27.649900436401367,4098536,0.0,0.0
2024-06-21 09:35:00-04:00,27.639999389648438,27.739999771118164,27.6299991607666,27.660900115966797,381581,0.0,0.0
2024-06-21 09:40:00-04:00,27.664199829101562,27.690000534057617,27.610000610351562,27.634000778198242,276445,0.0,0.0
2024-06-21 09:45:00-04:00,27.6299991607666,27.790000915527344,27.559999465942383,27.788999557495117,360329,0.0,0.0
2024-06-21 09:50:00-04:00,27.78499984741211,27.850000381469727,27.75,27.81999969482422,296998,0.0,0.0
2024-06-21 09:55:00-04:00,27.809999465942383,27.870100021362305,27.729999542236328,27.755599975585938,233555,0.0,0.0
2024-06-21 10:00:00-04:00,27.7549991607666,27.790000915527344,27.709999084472656,27.771699905395508,161940,0.0,0.0
2024-06-21 10:05:00-04:00,27.772600173950195,27.809999465942383,27.770000457763672,27.790000915527344,328259,0.0,0.0
2024-06-21 10:10:00-04:00,27.799999237060547,27.799999237060547,27.753999710083008,27.770000457763672,148786,0.0,0.0
2024-06-21 10:15:00-04:00,27.770000457763672,27.780000686645508,27.739999771118164,27.770000457763672,134519,0.0,0.0
2024-06-21 10:20:00-04:00,27.764999389648438,27.829999923706055,27.75,27.809999465942383,135081,0.0,0.0
2024-06-21 10:25:00-04:00,27.81999969482422,27.829999923706055,27.809999465942383,27.82990074157715,273885,0.0,0.0
2024-06-21 10:30:00-04:00,27.825000762939453,27.889999389648438,27.810100555419922,27.8799991607666,348631,0.0,0.0
2024-06-21 10:35:00-04:00,27.8700008392334,27.8799991607666,27.829999923706055,27.834999084472656,281703,0.0,0.0
2024-06-21 10:40:00-04:00,27.834999084472656,27.850000381469727,27.799999237060547,27.809999465942383,221063,0.0,0.0
2024-06-21 10:45:00-04:00,27.80500030517578,27.829999923706055,27.739999771118164,27.763999938964844,373231,0.0,0.0
2024-06-21 10:50:00-04:00,27.770000457763672,27.84000015258789,27.764999389648438,27.829999923706055,155352,0.0,0.0
2024-06-21 10:55:00-04:00,27.829999923706055,27.829999923706055,27.7549991607666,27.7549991607666,115475,0.0,0.0
2024-06-21 11:00:00-04:00,27.75,27.774999618530273,27.739999771118164,27.7450008392334,160197,0.0,0.0
2024-06-21 11:05:00-04:00,27.739999771118164,27.760000228881836,27.709999084472656,27.725000381469727,132728,0.0,0.0
2024-06-21 11:10:00-04:00,27.719999313354492,27.729999542236328,27.674999237060547,27.69499969482422,202088,0.0,0.0
2024-06-21 11:15:00-04:00,27.693899154663086,27.75,27.690000534057617,27.709999084472656,239181,0.0,0.0
2024-06-21 11:20:00-04:00,27.71500015258789,27.71500015258789,27.649999618530273,27.655000686645508,158139,0.0,0.0
2024-06-21 11:25:00-04:00,27.649999618530273,27.670000076293945,27.639999389648438,27.645000457763672,198931,0.0,0.0
2024-06-21 11:30:00-04:00,27.639999389648438,27.68000030517578,27.6200008392334,27.670000076293945,195950,0.0,0.0
2024-06-21 11:35:00-04:00,27.670000076293945,27.719999313354492,27.670000076293945,27.719999313354492,143550,0.0,0.0
2024-06-21 11:40:00-04:00,27.71339988708496,27.719999313354492,27.665000915527344,27.665000915527344,139864,0.0,0.0
2024-06-21 11:45:00-04:00,27.65999984741211,27.667299270629883,27.625,27.635000228881836,143094,0.0,0.0
2024-06-21 11:50:00-04:00,27.6299991607666,27.649999618530273,27.6200008392334,27.63010025024414,136477,0.0,0.0
2024-06-21 11:55:00-04:00,27.6299991607666,27.639999389648438,27.610000610351562,27.614999771118164,3722715,0.0,0.0
2024-06-21 12:00:00-04:00,27.610000610351562,27.6299991607666,27.579999923706055,27.584999084472656,146352,0.0,0.0
2024-06-21 12:05:00-04:00,27.584999084472656,27.597999572753906,27.559999465942383,27.594999313354492,190898,0.0,0.0
2024-06-21 12:10:00-04:00,27.599899291992188,27.639999389648438,27.594999313354492,27.625,133155,0.0,0.0
2024-06-21 12:15:00-04:00,27.625,27.649999618530273,27.610000610351562,27.639999389648438,547871,0.0,0.0
2024-06-21 12:20:00-04:00,27.649999618530273,27.649999618530273,27.6299991607666,27.645000457763672,113676,0.0,0.0
2024-06-21 12:25:00-04:00,27.646299362182617,27.649999618530273,27.610000610351562,27.610000610351562,100426,0.0,0.0
2024-06-21 12:30:00-04:00,27.617900848388672,27.639999389648438,27.579999923706055,27.584999084472656,179523,0.0,0.0
2024-06-21 12:35:00-04:00,27.584999084472656,27.604999542236328,27.579999923706055,27.594999313354492,136228,0.0,0.0
2024-06-21 12:40:00-04:00,27.594999313354492,27.610000610351562,27.579999923706055,27.604999542236328,104666,0.0,0.0
2024-06-21 12:45:00-04:00,27.604999542236328,27.6299991607666,27.600000381469727,27.6299991607666,117805,0.0,0.0
2024-06-21 12:50:00-04:00,27.6299991607666,27.639999389648438,27.614999771118164,27.639999389648438,1792576,0.0,0.0
2024-06-21 12:55:00-04:00,27.635000228881836,27.639999389648438,27.6200008392334,27.635000228881836,160232,0.0,0.0
2024-06-21 13:00:00-04:00,27.635000228881836,27.670000076293945,27.6299991607666,27.665000915527344,490783,0.0,0.0
2024-06-21 13:05:00-04:00,27.668800354003906,27.68000030517578,27.649999618530273,27.658599853515625,99071,0.0,0.0
2024-06-21 13:10:00-04:00,27.658300399780273,27.68000030517578,27.649999618530273,27.65999984741211,108771,0.0,0.0
2024-06-21 13:15:00-04:00,27.670000076293945,27.670000076293945,27.650100708007812,27.65999984741211,82779,0.0,0.0
2024-06-21 13:20:00-04:00,27.65999984741211,27.65999984741211,27.639999389648438,27.655000686645508,97834,0.0,0.0
2024-06-21 13:25:00-04:00,27.656200408935547,27.68000030517578,27.649999618530273,27.670000076293945,173070,0.0,0.0
2024-06-21 13:30:00-04:00,27.674999237060547,27.690000534057617,27.65999984741211,27.689899444580078,122803,0.0,0.0
2024-06-21 13:35:00-04:00,27.684999465942383,27.700000762939453,27.68000030517578,27.690000534057617,116689,0.0,0.0
2024-06-21 13:40:00-04:00,27.700000762939453,27.719999313354492,27.690000534057617,27.700000762939453,346523,0.0,0.0
2024-06-21 13:45:00-04:00,27.69499969482422,27.709999084472656,27.68000030517578,27.709999084472656,99325,0.0,0.0
2024-06-21 13:50:00-04:00,27.70989990234375,27.709999084472656,27.700000762939453,27.704999923706055,105338,0.0,0.0
2024-06-21 13:55:00-04:00,27.704999923706055,27.719999313354492,27.700000762939453,27.700000762939453,113413,0.0,0.0
2024-06-21 14:00:00-04:00,27.700000762939453,27.709999084472656,27.649999618530273,27.665000915527344,134954,0.0,0.0
2024-06-21 14:05:00-04:00,27.665000915527344,27.729999542236328,27.662500381469727,27.725000381469727,236410,0.0,0.0
2024-06-21 14:10:00-04:00,27.727100372314453,27.729999542236328,27.719999313354492,27.729999542236328,157826,0.0,0.0
2024-06-21 14:15:00-04:00,27.729999542236328,27.764999389648438,27.729999542236328,27.7450008392334,220528,0.0,0.0
2024-06-21 14:20:00-04:00,27.739999771118164,27.770000457763672,27.709999084472656,27.719999313354492,162462,0.0,0.0
2024-06-21 14:25:00-04:00,27.719999313354492,27.729999542236328,27.700000762939453,27.700000762939453,163414,0.0,0.0
2024-06-21 14:30:00-04:00,27.709999084472656,27.709999084472656,27.670000076293945,27.670000076293945,206841,0.0,0.0
2024-06-21 14:35:00-04:00,27.672500610351562,27.68000030517578,27.670000076293945,27.670000076293945,180422,0.0,0.0
2024-06-21 14:40:00-04:00,27.674999237060547,27.690000534057617,27.670000076293945,27.677499771118164,177344,0.0,0.0
2024-06-21 14:45:00-04:00,27.68000030517578,27.690000534057617,27.670000076293945,27.685100555419922,197904,0.0,0.0
2024-06-21 14:50:00-04:00,27.684999465942383,27.71500015258789,27.68000030517578,27.709999084472656,201867,0.0,0.0
2024-06-21 14:55:00-04:00,27.70829963684082,27.719999313354492,27.704999923706055,27.71500015258789,112767,0.0,0.0
2024-06-21 15:00:00-04:00,27.71660041809082,27.72800064086914,27.700000762939453,27.704999923706055,140562,0.0,0.0
2024-06-21 15:05:00-04:00,27.704999923706055,27.704999923706055,27.690000534057617,27.69499969482422,89277,0.0,0.0
2024-06-21 15:10:00-04:00,27.69499969482422,27.700000762939453,27.649999618530273,27.649999618530273,177960,0.0,0.0
2024-06-21 15:15:00-04:00,27.65410041809082,27.65999984741211,27.6299991607666,27.635000228881836,247548,0.0,0.0
2024-06-21 15:20:00-04:00,27.633899688720703,27.65999984741211,27.6299991607666,27.650100708007812,302780,0.0,0.0
2024-06-21 15:25:00-04:00,27.65679931640625,27.65999984741211,27.639999389648438,27.644899368286133,202496,0.0,0.0
2024-06-21 15:30:00-04:00,27.645000457763672,27.670000076293945,27.639999389648438,27.670000076293945,242629,0.0,0.0
2024-06-21 15:35:00-04:00,27.670000076293945,27.690000534057617,27.6299991607666,27.66010093688965,501545,0.0,0.0
2024-06-21 15:40:00-04:00,27.65999984741211,27.667299270629883,27.639999389648438,27.645000457763672,284148,0.0,0.0
2024-06-21 15:45:00-04:00,27.645000457763672,27.700000762939453,27.6299991607666,27.690000534057617,705238,0.0,0.0
2024-06-21 15:50:00-04:00,27.68000030517578,27.829999923706055,27.68000030517578,27.78499984741211,1153451,0.0,0.0
2024-06-21 15:55:00-04:00,27.78499984741211,27.78499984741211,27.700000762939453,27.739999771118164,2002950,0.0,0.0
2024-06-24 09:30:00-04:00,27.950000762939453,28.075000762939453,27.889999389648438,28.055999755859375,1242030,0.0,0.0
2024-06-24 09:35:00-04:00,28.049999237060547,28.200000762939453,28.040000915527344,28.18000030517578,691533,0.0,0.0
2024-06-24 09:40:00-04:00,28.184999465942383,28.219999313354492,28.06999969482422,28.135000228881836,592253,0.0,0.0
2024-06-24 09:45:00-04:00,28.135000228881836,28.170000076293945,28.030000686645508,28.100000381469727,511759,0.0,0.0
2024-06-24 09:50:00-04:00,28.09749984741211,28.100000381469727,27.93000030517578,27.934999465942383,586851,0.0,0.0
2024-06-24 09:55:00-04:00,27.934999465942383,27.969900131225586,27.8700008392334,27.885000228881836,440876,0.0,0.0
2024-06-24 10:00:00-04:00,27.889999389648438,27.907100677490234,27.760000228881836,27.780000686645508,390878,0.0,0.0
2024-06-24 10:05:00-04:00,27.774999618530273,27.799999237060547,27.729999542236328,27.78499984741211,328893,0.0,0.0
2024-06-24 10:10:00-04:00,27.790000915527344,27.8700008392334,27.780000686645508,27.85919952392578,417642,0.0,0.0
2024-06-24 10:15:00-04:00,27.854999542236328,27.899900436401367,27.799999237060547,27.799999237060547,403991,0.0,0.0
2024-06-24 10:20:00-04:00,27.804000854492188,27.875999450683594,27.799999237060547,27.850000381469727,565912,0.0,0.0
2024-06-24 10:25:00-04:00,27.854999542236328,27.8700008392334,27.815000534057617,27.850000381469727,281662,0.0,0.0
2024-06-24 10:30:00-04:00,27.844999313354492,27.889999389648438,27.81999969482422,27.8700008392334,288992,0.0,0.0
2024-06-24 10:35:00-04:00,27.864999771118164,27.8700008392334,27.829999923706055,27.829999923706055,257613,0.0,0.0
2024-06-24 10:40:00-04:00,27.84000015258789,27.959999084472656,27.822500228881836,27.940099716186523,329299,0.0,0.0
2024-06-24 10:45:00-04:00,27.940000534057617,27.989999771118164,27.90999984741211,27.980100631713867,291091,0.0,0.0
2024-06-24 10:50:00-04:00,27.985000610351562,27.989999771118164,27.940000534057617,27.950000762939453,230268,0.0,0.0
2024-06-24 10:55:00-04:00,27.94969940185547,27.959999084472656,27.899999618530273,27.915000915527344,289112,0.0,0.0
2024-06-24 11:00:00-04:00,27.915000915527344,27.950000762939453,27.915000915527344,27.934999465942383,174768,0.0,0.0
2024-06-24 11:05:00-04:00,27.93869972229004,27.940000534057617,27.920000076293945,27.934999465942383,130471,0.0,0.0
2024-06-24 11:10:00-04:00,27.934999465942383,27.940000534057617,27.8799991607666,27.920000076293945,210950,0.0,0.0
2024-06-24 11:15:00-04:00,27.917800903320312,27.917800903320312,27.88010025024414,27.905000686645508,125514,0.0,0.0
2024-06-24 11:20:00-04:00,27.905000686645508,27.90999984741211,27.860000610351562,27.90999984741211,199868,0.0,0.0
2024-06-24 11:25:00-04:00,27.905000686645508,27.950000762939453,27.899999618530273,27.950000762939453,354249,0.0,0.0
2024-06-24 11:30:00-04:00,27.94499969482422,28.0049991607666,27.940000534057617,27.989999771118164,478581,0.0,0.0
2024-06-24 11:35:00-04:00,27.989999771118164,28.059999465942383,27.989999771118164,28.020000457763672,412081,0.0,0.0
2024-06-24 11:40:00-04:00,28.024999618530273,28.040000915527344,28.010000228881836,28.014999389648438,203715,0.0,0.0
2024-06-24 11:45:00-04:00,28.014999389648438,28.025999069213867,27.989999771118164,28.000900268554688,231480,0.0,0.0
2024-06-24 11:50:00-04:00,28.0049991607666,28.020000457763672,28.0,28.0049991607666,127526,0.0,0.0
2024-06-24 11:55:00-04:00,28.000099182128906,28.040000915527344,28.0,28.03499984741211,166758,0.0,0.0
2024-06-24 12:00:00-04:00,28.040000915527344,28.040000915527344,27.989999771118164,27.997499465942383,311630,0.0,0.0
2024-06-24 12:05:00-04:00,27.989999771118164,28.030000686645508,27.989999771118164,28.030000686645508,242393,0.0,0.0
2024-06-24 12:10:00-04:00,28.021699905395508,28.030000686645508,27.985000610351562,28.010000228881836,197886,0.0,0.0
2024-06-24 12:15:00-04:00,28.0049991607666,28.010000228881836,27.96500015258789,27.969999313354492,93660,0.0,0.0
2024-06-24 12:20:00-04:00,27.97760009765625,27.979999542236328,27.954999923706055,27.975000381469727,131888,0.0,0.0
2024-06-24 12:25:00-04:00,27.975000381469727,28.0,27.969999313354492,27.9950008392334,134508,0.0,0.0
2024-06-24 12:30:00-04:00,27.9950008392334,28.0,27.959999084472656,27.959999084472656,155409,0.0,0.0
2024-06-24 12:35:00-04:00,27.959999084472656,27.969999313354492,27.940000534057617,27.94499969482422,166374,0.0,0.0
2024-06-24 12:40:00-04:00,27.94499969482422,27.950000762939453,27.93000030517578,27.934999465942383,183720,0.0,0.0
2024-06-24 12:45:00-04:00,27.940000534057617,27.940000534057617,27.923999786376953,27.934999465942383,105754,0.0,0.0
2024-06-24 12:50:00-04:00,27.93000030517578,27.93000030517578,27.860000610351562,27.862899780273438,278127,0.0,0.0
2024-06-24 12:55:00-04:00,27.864999771118164,27.899999618530273,27.860000610351562,27.899999618530273,126317,0.0,0.0
2024-06-24 13:00:00-04:00,27.895000457763672,27.899999618530273,27.8700008392334,27.879899978637695,208522,0.0,0.0
2024-06-24 13:05:00-04:00,27.875,27.940000534057617,27.8700008392334,27.934999465942383,320257,0.0,0.0
2024-06-24 13:10:00-04:00,27.93950080871582,28.020000457763672,27.93280029296875,28.0,239921,0.0,0.0
2024-06-24 13:15:00-04:00,27.99180030822754,28.020000457763672,27.969999313354492,27.973800659179688,286605,0.0,0.0
2024-06-24 13:20:00-04:00,27.9768009185791,28.0049991607666,27.950000762939453,27.95479965209961,102070,0.0,0.0
2024-06-24 13:25:00-04:00,27.95159912109375,28.030000686645508,27.95159912109375,28.024999618530273,221577,0.0,0.0
2024-06-24 13:30:00-04:00,28.024999618530273,28.049999237060547,28.020000457763672,28.04490089416504,157214,0.0,0.0
2024-06-24 13:35:00-04:00,28.045000076293945,28.06999969482422,28.03499984741211,28.065000534057617,235418,0.0,0.0
2024-06-24 13:40:00-04:00,28.065000534057617,28.1200008392334,28.065000534057617,28.114999771118164,192912,0.0,0.0
2024-06-24 13:45:00-04:00,28.114999771118164,28.1299991607666,28.100000381469727,28.110000610351562,170187,0.0,0.0
2024-06-24 13:50:00-04:00,28.100000381469727,28.1299991607666,28.100000381469727,28.1299991607666,343727,0.0,0.0
2024-06-24 13:55:00-04:00,28.125,28.139999389648438,28.1200008392334,28.135000228881836,126560,0.0,0.0
2024-06-24 14:00:00-04:00,28.135000228881836,28.155000686645508,28.125,28.145000457763672,297864,0.0,0.0
2024-06-24 14:05:00-04:00,28.145000457763672,28.209999084472656,28.142499923706055,28.200000762939453,379357,0.0,0.0
2024-06-24 14:10:00-04:00,28.19499969482422,28.239999771118164,28.190099716186523,28.23900032043457,176669,0.0,0.0
2024-06-24 14:15:00-04:00,28.239999771118164,28.260000228881836,28.209999084472656,28.2450008392334,490477,0.0,0.0
2024-06-24 14:20:00-04:00,28.2450008392334,28.260000228881836,28.229999542236328,28.2450008392334,219016,0.0,0.0
2024-06-24 14:25:00-04:00,28.2450008392334,28.270000457763672,28.239999771118164,28.264999389648438,285169,0.0,0.0
2024-06-24 14:30:00-04:00,28.264999389648438,28.290000915527344,28.2549991607666,28.27750015258789,531704,0.0,0.0
2024-06-24 14:35:00-04:00,28.274999618530273,28.280000686645508,28.260000228881836,28.262500762939453,219149,0.0,0.0
2024-06-24 14:40:00-04:00,28.260000228881836,28.270000457763672,28.230899810791016,28.264999389648438,381663,0.0,0.0
2024-06-24 14:45:00-04:00,28.264999389648438,28.329999923706055,28.264999389648438,28.31999969482422,361251,0.0,0.0
2024-06-24 14:50:00-04:00,28.315000534057617,28.34000015258789,28.309999465942383,28.334999084472656,185800,0.0,0.0
2024-06-24 14:55:00-04:00,28.34000015258789,28.34000015258789,28.309999465942383,28.309999465942383,268601,0.0,0.0
2024-06-24 15:00:00-04:00,28.309999465942383,28.309999465942383,28.25,28.274999618530273,291245,0.0,0.0
2024-06-24 15:05:00-04:00,28.274999618530273,28.280000686645508,28.270000457763672,28.272499084472656,150730,0.0,0.0
2024-06-24 15:10:00-04:00,28.274999618530273,28.299999237060547,28.25,28.25,316411,0.0,0.0
2024-06-24 15:15:00-04:00,28.2549991607666,28.260000228881836,28.229999542236328,28.2450008392334,237923,0.0,0.0
2024-06-24 15:20:00-04:00,28.2450008392334,28.25,28.239999771118164,28.24250030517578,218707,0.0,0.0
2024-06-24 15:25:00-04:00,28.2450008392334,28.260000228881836,28.239999771118164,28.259899139404297,401982,0.0,0.0
2024-06-24 15:30:00-04:00,28.2549991607666,28.30500030517578,28.25,28.266000747680664,631508,0.0,0.0
2024-06-24 15:35:00-04:00,28.264999389648438,28.280000686645508,28.229999542236328,28.274999618530273,473597,0.0,0.0
2024-06-24 15:40:00-04:00,28.279800415039062,28.290000915527344,28.250200271606445,28.274999618530273,377053,0.0,0.0
2024-06-24 15:45:00-04:00,28.274999618530273,28.350000381469727,28.270000457763672,28.342500686645508,611532,0.0,0.0
2024-06-24 15:50:00-04:00,28.344999313354492,28.3799991607666,28.30500030517578,28.325000762939453,1052733,0.0,0.0
2024-06-24 15:55:00-04:00,28.329999923706055,28.405000686645508,28.309999465942383,28.350000381469727,2385849,0.0,0.0
2024-06-25 09:30:00-04:00,28.399999618530273,28.450000762939453,28.15999984741211,28.350000381469727,2130289,0.0,0.0
2024-06-25 09:35:00-04:00,28.350000381469727,28.3799991607666,28.219999313354492,28.25,309104,0.0,0.0
2024-06-25 09:40:00-04:00,28.24169921875,28.30500030517578,28.233999252319336,28.280000686645508,295926,0.0,0.0
2024-06-25 09:45:00-04:00,28.280000686645508,28.350000381469727,28.229999542236328,28.325000762939453,208864,0.0,0.0
2024-06-25 09:50:00-04:00,28.323999404907227,28.329999923706055,28.260000228881836,28.273500442504883,272494,0.0,0.0
2024-06-25 09:55:00-04:00,28.274999618530273,28.280000686645508,28.1200008392334,28.15999984741211,368292,0.0,0.0
2024-06-25 10:00:00-04:00,28.165000915527344,28.209999084472656,28.110000610351562,28.190000534057617,371898,0.0,0.0
2024-06-25 10:05:00-04:00,28.190000534057617,28.200000762939453,28.079999923706055,28.081499099731445,333590,0.0,0.0
2024-06-25 10:10:00-04:00,28.084999084472656,28.239999771118164,28.079999923706055,28.219999313354492,362482,0.0,0.0
2024-06-25 10:15:00-04:00,28.219999313354492,28.260000228881836,28.209999084472656,28.229999542236328,256592,0.0,0.0
2024-06-25 10:20:00-04:00,28.22599983215332,28.264999389648438,28.225000381469727,28.2450008392334,248769,0.0,0.0
2024-06-25 10:25:00-04:00,28.239999771118164,28.25,28.219999313354492,28.235000610351562,169425,0.0,0.0
2024-06-25 10:30:00-04:00,28.239900588989258,28.25,28.200000762939453,28.20989990234375,313339,0.0,0.0
2024-06-25 10:35:00-04:00,28.209999084472656,28.249900817871094,28.200000762939453,28.246000289916992,205946,0.0,0.0
2024-06-25 10:40:00-04:00,28.247800827026367,28.25,28.209999084472656,28.209999084472656,270622,0.0,0.0
2024-06-25 10:45:00-04:00,28.21500015258789,28.25,28.209999084472656,28.240100860595703,153986,0.0,0.0
2024-06-25 10:50:00-04:00,28.25,28.28499984741211,28.239999771118164,28.275999069213867,145599,0.0,0.0
2024-06-25 10:55:00-04:00,28.274999618530273,28.280000686645508,28.25,28.25,121678,0.0,0.0
2024-06-25 11:00:00-04:00,28.25,28.260000228881836,28.209999084472656,28.246599197387695,184813,0.0,0.0
2024-06-25 11:05:00-04:00,28.239999771118164,28.25,28.200000762939453,28.200000762939453,129840,0.0,0.0
2024-06-25 11:10:00-04:00,28.204999923706055,28.209999084472656,28.18000030517578,28.18000030517578,264390,0.0,0.0
2024-06-25 11:15:00-04:00,28.18000030517578,28.235000610351562,28.18000030517578,28.220500946044922,224703,0.0,0.0
2024-06-25 11:20:00-04:00,28.219999313354492,28.229999542236328,28.190000534057617,28.19499969482422,170731,0.0,0.0
2024-06-25 11:25:00-04:00,28.19499969482422,28.199899673461914,28.149999618530273,28.165000915527344,406386,0.0,0.0
2024-06-25 11:30:00-04:00,28.15999984741211,28.165000915527344,28.110000610351562,28.139999389648438,225344,0.0,0.0
2024-06-25 11:35:00-04:00,28.1299991607666,28.139999389648438,28.110000610351562,28.110000610351562,135273,0.0,0.0
2024-06-25 11:40:00-04:00,28.104999542236328,28.139999389648438,28.100000381469727,28.135000228881836,126631,0.0,0.0
2024-06-25 11:45:00-04:00,28.135000228881836,28.149999618530273,28.1299991607666,28.1299991607666,137249,0.0,0.0
2024-06-25 11:50:00-04:00,28.135799407958984,28.149999618530273,28.1200008392334,28.1200008392334,179430,0.0,0.0
2024-06-25 11:55:00-04:00,28.129899978637695,28.1299991607666,28.100000381469727,28.104999542236328,183515,0.0,0.0
2024-06-25 12:00:00-04:00,28.104999542236328,28.110000610351562,28.049999237060547,28.059999465942383,230945,0.0,0.0
2024-06-25 12:05:00-04:00,28.06599998474121,28.09000015258789,28.040000915527344,28.05500030517578,162647,0.0,0.0
2024-06-25 12:10:00-04:00,28.05500030517578,28.06999969482422,28.049999237060547,28.05500030517578,104702,0.0,0.0
2024-06-25 12:15:00-04:00,28.05500030517578,28.06999969482422,28.030000686645508,28.05500030517578,211746,0.0,0.0
2024-06-25 12:20:00-04:00,28.051000595092773,28.06999969482422,28.049999237060547,28.065000534057617,112510,0.0,0.0
2024-06-25 12:25:00-04:00,28.065000534057617,28.079999923706055,28.059999465942383,28.077199935913086,160972,0.0,0.0
2024-06-25 12:30:00-04:00,28.06999969482422,28.079999923706055,28.040000915527344,28.065000534057617,109025,0.0,0.0
2024-06-25 12:35:00-04:00,28.059999465942383,28.079999923706055,28.059999465942383,28.059999465942383,152062,0.0,0.0
2024-06-25 12:40:00-04:00,28.065000534057617,28.06999969482422,28.020000457763672,28.030000686645508,140757,0.0,0.0
2024-06-25 12:45:00-04:00,28.020999908447266,28.059999465942383,28.020000457763672,28.052499771118164,106147,0.0,0.0
2024-06-25 12:50:00-04:00,28.05500030517578,28.077600479125977,28.040000915527344,28.06999969482422,147263,0.0,0.0
2024-06-25 12:55:00-04:00,28.06999969482422,28.079999923706055,28.059999465942383,28.065000534057617,110335,0.0,0.0
2024-06-25 13:00:00-04:00,28.065000534057617,28.09000015258789,28.059999465942383,28.09000015258789,153159,0.0,0.0
2024-06-25 13:05:00-04:00,28.081300735473633,28.09000015258789,28.06999969482422,28.084999084472656,88021,0.0,0.0
2024-06-25 13:10:00-04:00,28.084999084472656,28.09000015258789,28.06999969482422,28.084999084472656,98202,0.0,0.0
2024-06-25 13:15:00-04:00,28.084999084472656,28.100000381469727,28.079999923706055,28.084999084472656,108331,0.0,0.0
2024-06-25 13:20:00-04:00,28.084999084472656,28.09000015258789,28.06999969482422,28.084999084472656,118467,0.0,0.0
2024-06-25 13:25:00-04:00,28.09000015258789,28.1200008392334,28.079999923706055,28.118999481201172,173566,0.0,0.0
2024-06-25 13:30:00-04:00,28.1200008392334,28.1200008392334,28.110000610351562,28.114999771118164,76407,0.0,0.0
2024-06-25 13:35:00-04:00,28.114999771118164,28.139999389648438,28.079999923706055,28.08009910583496,219673,0.0,0.0
2024-06-25 13:40:00-04:00,28.079999923706055,28.09000015258789,28.06999969482422,28.06999969482422,78094,0.0,0.0
2024-06-25 13:45:00-04:00,28.075000762939453,28.09000015258789,28.059999465942383,28.079999923706055,170636,0.0,0.0
2024-06-25 13:50:00-04:00,28.079999923706055,28.079999923706055,28.049999237060547,28.05500030517578,121813,0.0,0.0
2024-06-25 13:55:00-04:00,28.0531005859375,28.05500030517578,28.010000228881836,28.014999389648438,184447,0.0,0.0
2024-06-25 14:00:00-04:00,28.010000228881836,28.020000457763672,27.989999771118164,28.002399444580078,254922,0.0,0.0
2024-06-25 14:05:00-04:00,28.0049991607666,28.010000228881836,27.989999771118164,27.992399215698242,155105,0.0,0.0
2024-06-25 14:10:00-04:00,28.0,28.0,27.979999542236328,27.993600845336914,179202,0.0,0.0
2024-06-25 14:15:00-04:00,28.0,28.010000228881836,27.989999771118164,27.995399475097656,137894,0.0,0.0
2024-06-25 14:20:00-04:00,27.999900817871094,28.005699157714844,27.969999313354492,28.00149917602539,217098,0.0,0.0
2024-06-25 14:25:00-04:00,28.0,28.020000457763672,27.9950008392334,28.014999389648438,139918,0.0,0.0
2024-06-25 14:30:00-04:00,28.014999389648438,28.020000457763672,28.0,28.006399154663086,163344,0.0,0.0
2024-06-25 14:35:00-04:00,28.00950050354004,28.010000228881836,28.0,28.0049991607666,100433,0.0,0.0
2024-06-25 14:40:00-04:00,28.0049991607666,28.010000228881836,28.0,28.0,89847,0.0,0.0
2024-06-25 14:45:00-04:00,28.010000228881836,28.010000228881836,27.989999771118164,28.0049991607666,198523,0.0,0.0
2024-06-25 14:50:00-04:00,28.0049991607666,28.010000228881836,27.989999771118164,27.9950008392334,86542,0.0,0.0
2024-06-25 14:55:00-04:00,27.9950008392334,28.0,27.969999313354492,27.969999313354492,117488,0.0,0.0
2024-06-25 15:00:00-04:00,27.969999313354492,27.979999542236328,27.94499969482422,27.96500015258789,228630,0.0,0.0
2024-06-25 15:05:00-04:00,27.96500015258789,27.969999313354492,27.953899383544922,27.969999313354492,224944,0.0,0.0
2024-06-25 15:10:00-04:00,27.965700149536133,27.969999313354492,27.93000030517578,27.954999923706055,215507,0.0,0.0
2024-06-25 15:15:00-04:00,27.954999923706055,28.009899139404297,27.950000762939453,28.0,161103,0.0,0.0
2024-06-25 15:20:00-04:00,28.0,28.020000457763672,27.989999771118164,28.014999389648438,131273,0.0,0.0
2024-06-25 15:25:00-04:00,28.014999389648438,28.030000686645508,28.0049991607666,28.020000457763672,159432,0.0,0.0
2024-06-25 15:30:00-04:00,28.014999389648438,28.020000457763672,27.985000610351562,28.000099182128906,209487,0.0,0.0
2024-06-25 15:35:00-04:00,28.0,28.0049991607666,27.974000930786133,27.985000610351562,234135,0.0,0.0
2024-06-25 15:40:00-04:00,27.985000610351562,27.98699951171875,27.950000762939453,27.96500015258789,311015,0.0,0.0
2024-06-25 15:45:00-04:00,27.96500015258789,27.979999542236328,27.950000762939453,27.979000091552734,314727,0.0,0.0
2024-06-25 15:50:00-04:00,27.969999313354492,28.040000915527344,27.969999313354492,28.0,532466,0.0,0.0
2024-06-25 15:55:00-04:00,28.0,28.010000228881836,27.959999084472656,27.989999771118164,1287238,0.0,0.0
2024-06-26 09:30:00-04:00,27.90999984741211,27.93000030517578,27.760000228881836,27.895000457763672,744507,0.0,0.0
2024-06-26 09:35:00-04:00,27.889999389648438,27.889999389648438,27.799999237060547,27.799999237060547,226239,0.0,0.0
2024-06-26 09:40:00-04:00,27.809999465942383,27.860000610351562,27.759899139404297,27.829999923706055,293455,0.0,0.0
2024-06-26 09:45:00-04:00,27.81999969482422,27.829999923706055,27.71109962463379,27.714000701904297,366173,0.0,0.0
2024-06-26 09:50:00-04:00,27.719999313354492,27.84000015258789,27.71500015258789,27.81999969482422,244380,0.0,0.0
2024-06-26 09:55:00-04:00,27.825000762939453,27.84000015258789,27.75,27.780000686645508,160987,0.0,0.0
2024-06-26 10:00:00-04:00,27.790000915527344,27.795000076293945,27.760000228881836,27.770000457763672,182871,0.0,0.0
2024-06-26 10:05:00-04:00,27.770000457763672,27.780000686645508,27.71109962463379,27.725000381469727,216086,0.0,0.0
2024-06-26 10:10:00-04:00,27.725000381469727,27.7549991607666,27.719999313354492,27.735000610351562,134145,0.0,0.0
2024-06-26 10:15:00-04:00,27.735000610351562,27.799999237060547,27.729999542236328,27.764999389648438,202089,0.0,0.0
2024-06-26 10:20:00-04:00,27.770000457763672,27.790000915527344,27.75,27.780000686645508,293347,0.0,0.0
2024-06-26 10:25:00-04:00,27.78499984741211,27.81999969482422,27.780000686645508,27.799999237060547,133297,0.0,0.0
2024-06-26 10:30:00-04:00,27.795000076293945,27.819900512695312,27.780000686645508,27.790000915527344,117029,0.0,0.0
2024-06-26 10:35:00-04:00,27.795000076293945,27.809999465942383,27.770000457763672,27.780000686645508,99428,0.0,0.0
2024-06-26 10:40:00-04:00,27.784000396728516,27.799999237060547,27.770000457763672,27.77079963684082,136533,0.0,0.0
2024-06-26 10:45:00-04:00,27.771699905395508,27.790000915527344,27.764999389648438,27.770000457763672,188122,0.0,0.0
2024-06-26 10:50:00-04:00,27.770000457763672,27.799999237060547,27.770000457763672,27.774999618530273,151090,0.0,0.0
2024-06-26 10:55:00-04:00,27.774999618530273,27.829999923706055,27.770000457763672,27.825000762939453,114635,0.0,0.0
2024-06-26 11:00:00-04:00,27.825000762939453,27.834999084472656,27.800100326538086,27.81999969482422,218463,0.0,0.0
2024-06-26 11:05:00-04:00,27.825000762939453,27.829999923706055,27.799999237060547,27.809999465942383,125734,0.0,0.0
2024-06-26 11:10:00-04:00,27.809999465942383,27.815000534057617,27.790000915527344,27.799999237060547,112021,0.0,0.0
2024-06-26 11:15:00-04:00,27.799999237060547,27.81999969482422,27.790000915527344,27.795000076293945,65412,0.0,0.0
2024-06-26 11:20:00-04:00,27.790000915527344,27.799999237060547,27.770000457763672,27.770000457763672,116329,0.0,0.0
2024-06-26 11:25:00-04:00,27.774999618530273,27.78499984741211,27.760000228881836,27.769500732421875,152312,0.0,0.0
2024-06-26 11:30:00-04:00,27.764999389648438,27.809999465942383,27.760099411010742,27.799999237060547,158110,0.0,0.0
2024-06-26 11:35:00-04:00,27.80500030517578,27.819900512695312,27.790000915527344,27.799999237060547,104239,0.0,0.0
2024-06-26 11:40:00-04:00,27.799999237060547,27.809999465942383,27.770000457763672,27.801700592041016,132022,0.0,0.0
2024-06-26 11:45:00-04:00,27.799999237060547,27.809999465942383,27.780000686645508,27.809999465942383,126945,0.0,0.0
2024-06-26 11:50:00-04:00,27.805299758911133,27.809999465942383,27.790000915527344,27.80500030517578,107306,0.0,0.0
2024-06-26 11:55:00-04:00,27.80500030517578,27.81999969482422,27.790000915527344,27.8174991607666,111721,0.0,0.0
2024-06-26 12:00:00-04:00,27.809999465942383,27.860000610351562,27.809999465942383,27.854999542236328,140258,0.0,0.0
2024-06-26 12:05:00-04:00,27.850000381469727,27.8799991607666,27.850000381469727,27.860000610351562,137914,0.0,0.0
2024-06-26 12:10:00-04:00,27.854999542236328,27.860000610351562,27.81999969482422,27.844999313354492,95964,0.0,0.0
2024-06-26 12:15:00-04:00,27.84000015258789,27.854999542236328,27.825000762939453,27.844999313354492,125053,0.0,0.0
2024-06-26 12:20:00-04:00,27.844999313354492,27.850000381469727,27.84000015258789,27.84000015258789,32422,0.0,0.0
2024-06-26 12:25:00-04:00,27.84760093688965,27.860000610351562,27.832500457763672,27.850000381469727,135512,0.0,0.0
2024-06-26 12:30:00-04:00,27.850000381469727,27.860000610351562,27.829999923706055,27.858999252319336,126499,0.0,0.0
2024-06-26 12:35:00-04:00,27.850000381469727,27.860000610351562,27.84000015258789,27.854999542236328,71340,0.0,0.0
2024-06-26 12:40:00-04:00,27.850299835205078,27.860000610351562,27.84000015258789,27.844999313354492,147471,0.0,0.0
2024-06-26 12:45:00-04:00,27.844999313354492,27.850000381469727,27.809999465942383,27.815000534057617,174153,0.0,0.0
2024-06-26 12:50:00-04:00,27.81999969482422,27.81999969482422,27.760000228881836,27.770000457763672,329807,0.0,0.0
2024-06-26 12:55:00-04:00,27.764999389648438,27.780000686645508,27.739999771118164,27.7450008392334,347689,0.0,0.0
2024-06-26 13:00:00-04:00,27.7450008392334,27.7450008392334,27.6299991607666,27.655000686645508,530517,0.0,0.0
2024-06-26 13:05:00-04:00,27.649999618530273,27.649999618530273,27.53499984741211,27.53499984741211,725276,0.0,0.0
2024-06-26 13:10:00-04:00,27.53499984741211,27.540000915527344,27.360000610351562,27.379600524902344,846772,0.0,0.0
2024-06-26 13:15:00-04:00,27.3700008392334,27.399999618530273,27.200000762939453,27.225000381469727,1465780,0.0,0.0
2024-06-26 13:20:00-04:00,27.225000381469727,27.25,27.100000381469727,27.104999542236328,1495918,0.0,0.0
2024-06-26 13:25:00-04:00,27.104999542236328,27.344999313354492,27.06999969482422,27.344999313354492,1086045,0.0,0.0
2024-06-26 13:30:00-04:00,27.344999313354492,27.44499969482422,27.299999237060547,27.432899475097656,721752,0.0,0.0
2024-06-26 13:35:00-04:00,27.439899444580078,27.5,27.420000076293945,27.434999465942383,587796,0.0,0.0
2024-06-26 13:40:00-04:00,27.424999237060547,27.530000686645508,27.420000076293945,27.430099487304688,313347,0.0,0.0
2024-06-26 13:45:00-04:00,27.434999465942383,27.459999084472656,27.329999923706055,27.344999313354492,422232,0.0,0.0
2024-06-26 13:50:00-04:00,27.350000381469727,27.3799991607666,27.329999923706055,27.36240005493164,215789,0.0,0.0
2024-06-26 13:55:00-04:00,27.3700008392334,27.415000915527344,27.295000076293945,27.354999542236328,643327,0.0,0.0
2024-06-26 14:00:00-04:00,27.350000381469727,27.360000610351562,27.290000915527344,27.309999465942383,608145,0.0,0.0
2024-06-26 14:05:00-04:00,27.311899185180664,27.33799934387207,27.270000457763672,27.31999969482422,337612,0.0,0.0
2024-06-26 14:10:00-04:00,27.31999969482422,27.354999542236328,27.280000686645508,27.344999313354492,295951,0.0,0.0
2024-06-26 14:15:00-04:00,27.344999313354492,27.415000915527344,27.329999923706055,27.399999618530273,334275,0.0,0.0
2024-06-26 14:20:00-04:00,27.399999618530273,27.450000762939453,27.399999618530273,27.434999465942383,259958,0.0,0.0
2024-06-26 14:25:00-04:00,27.434999465942383,27.450000762939453,27.420000076293945,27.440000534057617,138698,0.0,0.0
2024-06-26 14:30:00-04:00,27.434999465942383,27.479999542236328,27.43000030517578,27.469999313354492,158103,0.0,0.0
2024-06-26 14:35:00-04:00,27.469999313354492,27.489999771118164,27.459999084472656,27.479999542236328,245640,0.0,0.0
2024-06-26 14:40:00-04:00,27.479999542236328,27.489999771118164,27.459999084472656,27.46419906616211,176495,0.0,0.0
2024-06-26 14:45:00-04:00,27.469900131225586,27.520000457763672,27.459999084472656,27.520000457763672,240950,0.0,0.0
2024-06-26 14:50:00-04:00,27.514999389648438,27.520000457763672,27.5,27.510000228881836,127093,0.0,0.0
2024-06-26 14:55:00-04:00,27.514999389648438,27.524999618530273,27.5049991607666,27.510000228881836,145387,0.0,0.0
2024-06-26 15:00:00-04:00,27.514999389648438,27.514999389648438,27.450000762939453,27.454999923706055,174051,0.0,0.0
2024-06-26 15:05:00-04:00,27.451799392700195,27.469999313354492,27.440000534057617,27.460500717163086,145223,0.0,0.0
2024-06-26 15:10:00-04:00,27.459999084472656,27.469900131225586,27.420000076293945,27.43000030517578,192217,0.0,0.0
2024-06-26 15:15:00-04:00,27.43000030517578,27.436199188232422,27.3799991607666,27.3799991607666,477227,0.0,0.0
2024-06-26 15:20:00-04:00,27.38990020751953,27.38990020751953,27.31999969482422,27.325000762939453,601668,0.0,0.0
2024-06-26 15:25:00-04:00,27.325000762939453,27.360000610351562,27.309999465942383,27.35110092163086,364635,0.0,0.0
2024-06-26 15:30:00-04:00,27.350900650024414,27.399999618530273,27.350000381469727,27.395000457763672,380622,0.0,0.0
2024-06-26 15:35:00-04:00,27.395000457763672,27.43000030517578,27.3799991607666,27.41699981689453,406194,0.0,0.0
2024-06-26 15:40:00-04:00,27.415000915527344,27.440000534057617,27.3799991607666,27.397499084472656,291255,0.0,0.0
2024-06-26 15:45:00-04:00,27.395000457763672,27.40999984741211,27.389999389648438,27.395000457763672,312364,0.0,0.0
2024-06-26 15:50:00-04:00,27.389999389648438,27.43000030517578,27.389999389648438,27.415000915527344,635284,0.0,0.0
2024-06-26 15:55:00-04:00,27.415000915527344,27.459999084472656,27.40999984741211,27.420000076293945,1469808,0.0,0.0
2024-06-27 09:30:00-04:00,27.3700008392334,27.3700008392334,27.18000030517578,27.225000381469727,1075581,0.0,0.0
2024-06-27 09:35:00-04:00,27.22879981994629,27.31999969482422,27.15999984741211,27.25,512975,0.0,0.0
2024-06-27 09:40:00-04:00,27.2450008392334,27.3700008392334,27.200000762939453,27.350000381469727,500178,0.0,0.0
2024-06-27 09:45:00-04:00,27.34000015258789,27.34000015258789,27.225000381469727,27.229999542236328,398205,0.0,0.0
2024-06-27 09:50:00-04:00,27.229999542236328,27.299999237060547,27.209999084472656,27.209999084472656,843695,0.0,0.0
2024-06-27 09:55:00-04:00,27.21500015258789,27.25,27.184999465942383,27.230100631713867,267097,0.0,0.0
2024-06-27 10:00:00-04:00,27.235000610351562,27.25,27.200000762939453,27.241500854492188,363553,0.0,0.0
2024-06-27 10:05:00-04:00,27.239999771118164,27.2450008392334,27.174999237060547,27.174999237060547,394768,0.0,0.0
2024-06-27 10:10:00-04:00,27.174999237060547,27.190000534057617,27.09000015258789,27.09000015258789,489613,0.0,0.0
2024-06-27 10:15:00-04:00,27.094999313354492,27.094999313354492,27.06999969482422,27.079999923706055,392692,0.0,0.0
2024-06-27 10:20:00-04:00,27.075000762939453,27.15999984741211,27.06999969482422,27.149999618530273,502812,0.0,0.0
2024-06-27 10:25:00-04:00,27.155000686645508,27.170000076293945,27.139999389648438,27.149999618530273,195482,0.0,0.0
2024-06-27 10:30:00-04:00,27.149999618530273,27.170000076293945,27.139999389648438,27.155000686645508,259697,0.0,0.0
2024-06-27 10:35:00-04:00,27.155000686645508,27.200000762939453,27.155000686645508,27.184999465942383,434756,0.0,0.0
2024-06-27 10:40:00-04:00,27.190000534057617,27.219999313354492,27.190000534057617,27.209999084472656,349800,0.0,0.0
2024-06-27 10:45:00-04:00,27.21500015258789,27.290000915527344,27.21500015258789,27.242799758911133,405726,0.0,0.0
2024-06-27 10:50:00-04:00,27.240299224853516,27.290000915527344,27.235000610351562,27.264999389648438,475227,0.0,0.0
2024-06-27 10:55:00-04:00,27.260099411010742,27.264999389648438,27.219999313354492,27.227500915527344,243919,0.0,0.0
2024-06-27 11:00:00-04:00,27.225000381469727,27.229999542236328,27.209999084472656,27.21500015258789,146862,0.0,0.0
2024-06-27 11:05:00-04:00,27.21500015258789,27.290000915527344,27.209999084472656,27.260000228881836,197020,0.0,0.0
2024-06-27 11:10:00-04:00,27.270000457763672,27.31999969482422,27.25,27.315000534057617,357655,0.0,0.0
2024-06-27 11:15:00-04:00,27.315000534057617,27.399999618530273,27.27120018005371,27.3799991607666,623924,0.0,0.0
2024-06-27 11:20:00-04:00,27.385000228881836,27.420000076293945,27.3799991607666,27.385000228881836,402525,0.0,0.0
2024-06-27 11:25:00-04:00,27.385000228881836,27.520000457763672,27.385000228881836,27.4950008392334,444953,0.0,0.0
2024-06-27 11:30:00-04:00,27.4950008392334,27.559999465942383,27.489999771118164,27.545000076293945,380618,0.0,0.0
2024-06-27 11:35:00-04:00,27.549999237060547,27.56999969482422,27.520000457763672,27.53569984436035,405376,0.0,0.0
2024-06-27 11:40:00-04:00,27.53700065612793,27.559999465942383,27.514999389648438,27.551700592041016,217950,0.0,0.0
2024-06-27 11:45:00-04:00,27.55500030517578,27.58799934387207,27.545000076293945,27.57900047302246,214323,0.0,0.0
2024-06-27 11:50:00-04:00,27.575000762939453,27.690000534057617,27.559999465942383,27.68000030517578,675602,0.0,0.0
2024-06-27 11:55:00-04:00,27.684999465942383,27.729999542236328,27.639999389648438,27.725000381469727,449465,0.0,0.0
2024-06-27 12:00:00-04:00,27.725000381469727,27.729999542236328,27.670000076293945,27.674999237060547,221984,0.0,0.0
2024-06-27 12:05:00-04:00,27.674999237060547,27.674999237060547,27.579999923706055,27.594999313354492,177694,0.0,0.0
2024-06-27 12:10:00-04:00,27.595800399780273,27.600000381469727,27.530000686645508,27.540000915527344,322984,0.0,0.0
2024-06-27 12:15:00-04:00,27.530000686645508,27.56999969482422,27.489999771118164,27.56999969482422,218781,0.0,0.0
2024-06-27 12:20:00-04:00,27.565000534057617,27.6200008392334,27.55500030517578,27.614999771118164,111434,0.0,0.0
2024-06-27 12:25:00-04:00,27.614999771118164,27.75,27.614999771118164,27.74220085144043,352997,0.0,0.0
2024-06-27 12:30:00-04:00,27.739999771118164,27.739999771118164,27.600000381469727,27.604999542236328,252739,0.0,0.0
2024-06-27 12:35:00-04:00,27.604999542236328,27.655000686645508,27.600000381469727,27.645000457763672,308336,0.0,0.0
2024-06-27 12:40:00-04:00,27.639999389648438,27.649999618530273,27.614999771118164,27.614999771118164,157606,0.0,0.0
2024-06-27 12:45:00-04:00,27.614999771118164,27.649999618530273,27.600000381469727,27.649999618530273,177275,0.0,0.0
2024-06-27 12:50:00-04:00,27.645000457763672,27.670000076293945,27.6200008392334,27.65999984741211,334746,0.0,0.0
2024-06-27 12:55:00-04:00,27.65999984741211,27.670000076293945,27.639999389648438,27.639999389648438,164471,0.0,0.0
2024-06-27 13:00:00-04:00,27.639999389648438,27.649999618530273,27.604999542236328,27.645000457763672,173327,0.0,0.0
2024-06-27 13:05:00-04:00,27.639999389648438,27.68000030517578,27.639999389648438,27.670000076293945,136149,0.0,0.0
2024-06-27 13:10:00-04:00,27.67009925842285,27.690000534057617,27.655000686645508,27.670000076293945,113412,0.0,0.0
2024-06-27 13:15:00-04:00,27.665000915527344,27.690000534057617,27.65999984741211,27.68000030517578,82758,0.0,0.0
2024-06-27 13:20:00-04:00,27.684999465942383,27.690000534057617,27.670000076293945,27.674999237060547,156799,0.0,0.0
2024-06-27 13:25:00-04:00,27.68000030517578,27.709999084472656,27.68000030517578,27.70989990234375,129460,0.0,0.0
2024-06-27 13:30:00-04:00,27.709999084472656,27.75,27.700000762939453,27.719999313354492,225801,0.0,0.0
2024-06-27 13:35:00-04:00,27.709999084472656,27.75,27.709999084472656,27.719999313354492,127365,0.0,0.0
2024-06-27 13:40:00-04:00,27.72010040283203,27.729999542236328,27.690000534057617,27.712499618530273,142375,0.0,0.0
2024-06-27 13:45:00-04:00,27.719999313354492,27.774999618530273,27.709999084472656,27.743999481201172,304978,0.0,0.0
2024-06-27 13:50:00-04:00,27.7450008392334,27.770000457763672,27.739999771118164,27.770000457763672,213062,0.0,0.0
2024-06-27 13:55:00-04:00,27.767499923706055,27.799999237060547,27.762500762939453,27.78499984741211,210280,0.0,0.0
2024-06-27 14:00:00-04:00,27.78499984741211,27.799999237060547,27.770000457763672,27.78890037536621,292048,0.0,0.0
2024-06-27 14:05:00-04:00,27.790000915527344,27.790000915527344,27.75,27.774999618530273,230971,0.0,0.0
2024-06-27 14:10:00-04:00,27.770000457763672,27.780000686645508,27.739999771118164,27.7450008392334,105451,0.0,0.0
2024-06-27 14:15:00-04:00,27.74839973449707,27.75,27.69099998474121,27.719200134277344,133130,0.0,0.0
2024-06-27 14:20:00-04:00,27.71500015258789,27.729999542236328,27.690000534057617,27.699100494384766,129338,0.0,0.0
2024-06-27 14:25:00-04:00,27.700000762939453,27.719999313354492,27.690000534057617,27.704999923706055,205779,0.0,0.0
2024-06-27 14:30:00-04:00,27.704999923706055,27.760000228881836,27.700000762939453,27.725000381469727,248367,0.0,0.0
2024-06-27 14:35:00-04:00,27.725000381469727,27.758800506591797,27.690000534057617,27.704999923706055,213446,0.0,0.0
2024-06-27 14:40:00-04:00,27.704999923706055,27.739999771118164,27.69499969482422,27.725000381469727,114526,0.0,0.0
2024-06-27 14:45:00-04:00,27.719999313354492,27.774999618530273,27.719999313354492,27.764999389648438,157200,0.0,0.0
2024-06-27 14:50:00-04:00,27.760000228881836,27.81999969482422,27.750099182128906,27.79010009765625,210175,0.0,0.0
2024-06-27 14:55:00-04:00,27.795000076293945,27.809999465942383,27.780000686645508,27.795000076293945,148439,0.0,0.0
2024-06-27 15:00:00-04:00,27.795000076293945,27.829999923706055,27.780000686645508,27.81999969482422,198863,0.0,0.0
2024-06-27 15:05:00-04:00,27.825000762939453,27.829999923706055,27.790000915527344,27.799999237060547,126981,0.0,0.0
2024-06-27 15:10:00-04:00,27.795000076293945,27.799999237060547,27.75,27.75,168793,0.0,0.0
2024-06-27 15:15:00-04:00,27.7549991607666,27.809999465942383,27.75,27.774999618530273,391718,0.0,0.0
2024-06-27 15:20:00-04:00,27.77239990234375,27.790000915527344,27.740100860595703,27.7450008392334,152139,0.0,0.0
2024-06-27 15:25:00-04:00,27.743799209594727,27.760000228881836,27.71500015258789,27.725000381469727,203671,0.0,0.0
2024-06-27 15:30:00-04:00,27.725000381469727,27.780000686645508,27.709999084472656,27.75149917602539,241953,0.0,0.0
2024-06-27 15:35:00-04:00,27.75,27.764999389648438,27.729999542236328,27.7549991607666,219141,0.0,0.0
2024-06-27 15:40:00-04:00,27.7549991607666,27.799999237060547,27.75,27.796199798583984,468594,0.0,0.0
2024-06-27 15:45:00-04:00,27.790000915527344,27.790000915527344,27.75,27.7549991607666,302885,0.0,0.0
2024-06-27 15:50:00-04:00,27.75,27.81999969482422,27.75,27.799999237060547,569347,0.0,0.0
2024-06-27 15:55:00-04:00,27.799999237060547,27.829999923706055,27.780000686645508,27.815000534057617,1345119,0.0,0.0
2024-06-28 09:30:00-04:00,27.780000686645508,27.84000015258789,27.639999389648438,27.735000610351562,1068468,0.0,0.0
2024-06-28 09:35:00-04:00,27.735000610351562,27.8799991607666,27.729999542236328,27.8799991607666,265684,0.0,0.0
2024-06-28 09:40:00-04:00,27.875,27.940000534057617,27.850000381469727,27.919300079345703,408565,0.0,0.0
2024-06-28 09:45:00-04:00,27.915000915527344,27.950000762939453,27.829999923706055,27.94849967956543,242137,0.0,0.0
2024-06-28 09:50:00-04:00,27.94499969482422,27.979999542236328,27.885000228881836,27.929100036621094,261209,0.0,0.0
2024-06-28 09:55:00-04:00,27.93000030517578,27.940000534057617,27.850000381469727,27.850000381469727,162128,0.0,0.0
2024-06-28 10:00:00-04:00,27.854999542236328,28.045000076293945,27.854999542236328,28.045000076293945,453637,0.0,0.0
2024-06-28 10:05:00-04:00,28.03499984741211,28.079999923706055,28.020000457763672,28.030099868774414,308339,0.0,0.0
2024-06-28 10:10:00-04:00,28.03499984741211,28.03499984741211,27.950000762939453,27.951099395751953,207614,0.0,0.0
2024-06-28 10:15:00-04:00,27.954999923706055,27.969999313354492,27.920000076293945,27.920000076293945,346555,0.0,0.0
2024-06-28 10:20:00-04:00,27.920000076293945,27.940000534057617,27.90999984741211,27.940000534057617,99042,0.0,0.0
2024-06-28 10:25:00-04:00,27.934999465942383,28.0,27.934999465942383,27.9950008392334,179752,0.0,0.0
2024-06-28 10:30:00-04:00,28.0,28.110000610351562,27.989999771118164,28.08530044555664,449467,0.0,0.0
2024-06-28 10:35:00-04:00,28.079999923706055,28.084999084472656,28.010000228881836,28.030000686645508,287911,0.0,0.0
2024-06-28 10:40:00-04:00,28.020099639892578,28.03499984741211,27.980100631713867,28.0049991607666,131135,0.0,0.0
2024-06-28 10:45:00-04:00,28.0049991607666,28.079999923706055,28.0049991607666,28.05500030517578,168818,0.0,0.0
2024-06-28 10:50:00-04:00,28.05500030517578,28.059999465942383,28.0049991607666,28.024999618530273,168136,0.0,0.0
2024-06-28 10:55:00-04:00,28.024999618530273,28.024999618530273,27.959999084472656,27.975000381469727,126714,0.0,0.0
2024-06-28 11:00:00-04:00,27.971599578857422,28.0,27.954200744628906,27.960100173950195,186218,0.0,0.0
2024-06-28 11:05:00-04:00,27.96500015258789,27.979900360107422,27.90999984741211,27.924999237060547,123514,0.0,0.0
2024-06-28 11:10:00-04:00,27.924999237060547,27.96780014038086,27.920000076293945,27.96780014038086,175176,0.0,0.0
2024-06-28 11:15:00-04:00,27.959999084472656,27.985000610351562,27.959999084472656,27.975000381469727,166361,0.0,0.0
2024-06-28 11:20:00-04:00,27.975000381469727,28.030000686645508,27.969999313354492,28.000999450683594,212973,0.0,0.0
2024-06-28 11:25:00-04:00,28.0049991607666,28.010000228881836,27.969999313354492,27.979999542236328,383870,0.0,0.0
2024-06-28 11:30:00-04:00,27.975000381469727,28.0,27.969999313354492,27.989999771118164,193879,0.0,0.0
2024-06-28 11:35:00-04:00,27.989999771118164,27.989999771118164,27.969999313354492,27.969999313354492,211488,0.0,0.0
2024-06-28 11:40:00-04:00,27.975000381469727,28.0,27.959999084472656,27.96500015258789,271079,0.0,0.0
2024-06-28 11:45:00-04:00,27.96500015258789,27.969999313354492,27.940000534057617,27.948200225830078,149296,0.0,0.0
2024-06-28 11:50:00-04:00,27.950000762939453,27.96500015258789,27.940000534057617,27.950000762939453,148087,0.0,0.0
2024-06-28 11:55:00-04:00,27.940000534057617,27.959999084472656,27.940000534057617,27.94849967956543,162504,0.0,0.0
2024-06-28 12:00:00-04:00,27.944299697875977,27.954999923706055,27.90999984741211,27.915000915527344,108816,0.0,0.0
2024-06-28 12:05:00-04:00,27.915000915527344,27.93000030517578,27.899999618530273,27.90999984741211,134957,0.0,0.0
2024-06-28 12:10:00-04:00,27.90999984741211,27.93000030517578,27.8799991607666,27.90999984741211,127318,0.0,0.0
2024-06-28 12:15:00-04:00,27.899999618530273,27.959999084472656,27.889999389648438,27.959999084472656,148671,0.0,0.0
2024-06-28 12:20:00-04:00,27.956199645996094,28.0,27.950000762939453,27.9950008392334,130296,0.0,0.0
2024-06-28 12:25:00-04:00,27.9950008392334,28.010000228881836,27.979999542236328,27.985000610351562,118526,0.0,0.0
2024-06-28 12:30:00-04:00,27.985000610351562,28.040000915527344,27.979999542236328,28.024999618530273,151542,0.0,0.0
2024-06-28 12:35:00-04:00,28.024999618530273,28.049999237060547,28.020000457763672,28.030000686645508,219637,0.0,0.0
2024-06-28 12:40:00-04:00,28.03499984741211,28.049999237060547,28.030000686645508,28.040000915527344,131947,0.0,0.0
2024-06-28 12:45:00-04:00,28.03499984741211,28.040000915527344,28.020000457763672,28.03499984741211,153593,0.0,0.0
2024-06-28 12:50:00-04:00,28.03499984741211,28.049999237060547,28.00320053100586,28.010000228881836,179117,0.0,0.0
2024-06-28 12:55:00-04:00,28.0049991607666,28.020000457763672,27.989999771118164,27.9950008392334,125262,0.0,0.0
2024-06-28 13:00:00-04:00,27.990299224853516,28.010000228881836,27.969999313354492,27.989999771118164,134539,0.0,0.0
2024-06-28 13:05:00-04:00,27.98859977722168,28.0,27.979999542236328,27.9950008392334,87698,0.0,0.0
2024-06-28 13:10:00-04:00,27.9950008392334,28.0,27.979999542236328,27.985000610351562,120520,0.0,0.0
2024-06-28 13:15:00-04:00,27.985000610351562,27.985000610351562,27.959999084472656,27.975000381469727,123609,0.0,0.0
2024-06-28 13:20:00-04:00,27.975000381469727,27.989999771118164,27.969999313354492,27.969999313354492,116706,0.0,0.0
2024-06-28 13:25:00-04:00,27.975000381469727,28.020000457763672,27.97010040283203,27.985000610351562,226361,0.0,0.0
2024-06-28 13:30:00-04:00,27.985000610351562,27.989999771118164,27.90999984741211,27.915000915527344,117482,0.0,0.0
2024-06-28 13:35:00-04:00,27.915000915527344,27.920000076293945,27.899999618530273,27.920000076293945,103121,0.0,0.0
2024-06-28 13:40:00-04:00,27.915000915527344,27.950000762939453,27.90999984741211,27.94499969482422,110849,0.0,0.0
2024-06-28 13:45:00-04:00,27.94499969482422,27.969999313354492,27.940000534057617,27.94499969482422,123152,0.0,0.0
2024-06-28 13:50:00-04:00,27.94499969482422,27.959999084472656,27.940000534057617,27.940099716186523,80891,0.0,0.0
2024-06-28 13:55:00-04:00,27.950000762939453,27.950000762939453,27.90999984741211,27.915000915527344,71092,0.0,0.0
2024-06-28 14:00:00-04:00,27.915000915527344,27.920000076293945,27.8799991607666,27.920000076293945,202086,0.0,0.0
2024-06-28 14:05:00-04:00,27.920000076293945,28.03499984741211,27.90999984741211,28.010000228881836,419151,0.0,0.0
2024-06-28 14:10:00-04:00,28.020000457763672,28.03499984741211,28.0,28.020000457763672,700030,0.0,0.0
2024-06-28 14:15:00-04:00,28.014999389648438,28.065000534057617,28.011499404907227,28.049999237060547,231316,0.0,0.0
2024-06-28 14:20:00-04:00,28.049999237060547,28.110000610351562,28.049999237060547,28.100000381469727,507416,0.0,0.0
2024-06-28 14:25:00-04:00,28.100000381469727,28.1200008392334,28.094999313354492,28.104700088500977,234063,0.0,0.0
2024-06-28 14:30:00-04:00,28.104999542236328,28.110000610351562,28.049999237060547,28.049999237060547,153418,0.0,0.0
2024-06-28 14:35:00-04:00,28.05500030517578,28.059999465942383,27.9950008392334,28.010000228881836,174583,0.0,0.0
2024-06-28 14:40:00-04:00,28.020000457763672,28.079999923706055,28.0,28.079999923706055,317767,0.0,0.0
2024-06-28 14:45:00-04:00,28.075000762939453,28.1200008392334,28.06999969482422,28.084999084472656,713838,0.0,0.0
2024-06-28 14:50:00-04:00,28.08049964904785,28.084999084472656,28.040000915527344,28.040000915527344,88763,0.0,0.0
2024-06-28 14:55:00-04:00,28.040000915527344,28.049999237060547,28.0,28.045000076293945,254534,0.0,0.0
2024-06-28 15:00:00-04:00,28.045000076293945,28.049999237060547,28.0,28.014999389648438,201475,0.0,0.0
2024-06-28 15:05:00-04:00,28.010000228881836,28.045000076293945,28.010000228881836,28.03499984741211,336253,0.0,0.0
2024-06-28 15:10:00-04:00,28.03499984741211,28.03529930114746,27.969999313354492,27.969999313354492,253787,0.0,0.0
2024-06-28 15:15:00-04:00,27.969999313354492,27.975000381469727,27.954999923706055,27.959999084472656,235368,0.0,0.0
2024-06-28 15:20:00-04:00,27.960100173950195,27.989999771118164,27.959999084472656,27.989999771118164,212842,0.0,0.0
2024-06-28 15:25:00-04:00,27.980199813842773,28.010000228881836,27.979999542236328,28.0,259081,0.0,0.0
2024-06-28 15:30:00-04:00,28.0049991607666,28.010000228881836,27.950000762939453,28.0049991607666,397160,0.0,0.0
2024-06-28 15:35:00-04:00,28.010000228881836,28.020000457763672,27.969999313354492,27.975000381469727,291213,0.0,0.0
2024-06-28 15:40:00-04:00,27.975000381469727,27.979999542236328,27.889999389648438,27.895000457763672,428335,0.0,0.0
2024-06-28 15:45:00-04:00,27.899999618530273,27.940000534057617,27.875,27.934999465942383,714967,0.0,0.0
2024-06-28 15:50:00-04:00,27.93000030517578,27.989999771118164,27.90999984741211,27.959999084472656,659930,0.0,0.0
2024-06-28 15:55:00-04:00,27.96500015258789,28.0,27.93000030517578,27.985000610351562,1612651,0.0,0.0
2024-07-01 09:30:00-04:00,27.950000762939453,28.239999771118164,27.940000534057617,28.22010040283203,819407,0.0,0.0
2024-07-01 09:35:00-04:00,28.219999313354492,28.270000457763672,28.100000381469727,28.2450008392334,412596,0.0,0.0
2024-07-01 09:40:00-04:00,28.2450008392334,28.350000381469727,28.239999771118164,28.28499984741211,526794,0.0,0.0
2024-07-01 09:45:00-04:00,28.28499984741211,28.520000457763672,28.280000686645508,28.489999771118164,931827,0.0,0.0
2024-07-01 09:50:00-04:00,28.4950008392334,28.559999465942383,28.480100631713867,28.55500030517578,519368,0.0,0.0
2024-07-01 09:55:00-04:00,28.55500030517578,28.579999923706055,28.540000915527344,28.575000762939453,357854,0.0,0.0
2024-07-01 10:00:00-04:00,28.579999923706055,28.6200008392334,28.559999465942383,28.614999771118164,770659,0.0,0.0
2024-07-01 10:05:00-04:00,28.614999771118164,28.6299991607666,28.520000457763672,28.559999465942383,628285,0.0,0.0
2024-07-01 10:10:00-04:00,28.565000534057617,28.6299991607666,28.559999465942383,28.58099937438965,429906,0.0,0.0
2024-07-01 10:15:00-04:00,28.58009910583496,28.600000381469727,28.549999237060547,28.594999313354492,395712,0.0,0.0
2024-07-01 10:20:00-04:00,28.59000015258789,28.59000015258789,28.510000228881836,28.575000762939453,289285,0.0,0.0
2024-07-01 10:25:00-04:00,28.575000762939453,28.59000015258789,28.530000686645508,28.53499984741211,281428,0.0,0.0
2024-07-01 10:30:00-04:00,28.53499984741211,28.53569984436035,28.489999771118164,28.489999771118164,290810,0.0,0.0
2024-07-01 10:35:00-04:00,28.5,28.5,28.389999389648438,28.43400001525879,441249,0.0,0.0
2024-07-01 10:40:00-04:00,28.440000534057617,28.440000534057617,28.399999618530273,28.430099487304688,206899,0.0,0.0
2024-07-01 10:45:00-04:00,28.434999465942383,28.459999084472656,28.399999618530273,28.405000686645508,182370,0.0,0.0
2024-07-01 10:50:00-04:00,28.405000686645508,28.43000030517578,28.399999618530273,28.424999237060547,151339,0.0,0.0
2024-07-01 10:55:00-04:00,28.424999237060547,28.43000030517578,28.360000610351562,28.360000610351562,210324,0.0,0.0
2024-07-01 11:00:00-04:00,28.361000061035156,28.375,28.309999465942383,28.325000762939453,357345,0.0,0.0
2024-07-01 11:05:00-04:00,28.329999923706055,28.350000381469727,28.325000762939453,28.33009910583496,151181,0.0,0.0
2024-07-01 11:10:00-04:00,28.34000015258789,28.350000381469727,28.270000457763672,28.274999618530273,162912,0.0,0.0
2024-07-01 11:15:00-04:00,28.270000457763672,28.299999237060547,28.260000228881836,28.290000915527344,186703,0.0,0.0
2024-07-01 11:20:00-04:00,28.290000915527344,28.299999237060547,28.270000457763672,28.295000076293945,292572,0.0,0.0
2024-07-01 11:25:00-04:00,28.295000076293945,28.299999237060547,28.270000457763672,28.280000686645508,155312,0.0,0.0
2024-07-01 11:30:00-04:00,28.280000686645508,28.280000686645508,28.239999771118164,28.2450008392334,337540,0.0,0.0
2024-07-01 11:35:00-04:00,28.2450008392334,28.260000228881836,28.229999542236328,28.235000610351562,489397,0.0,0.0
2024-07-01 11:40:00-04:00,28.229999542236328,28.270000457763672,28.219999313354492,28.270000457763672,320012,0.0,0.0
2024-07-01 11:45:00-04:00,28.264999389648438,28.280000686645508,28.260000228881836,28.274999618530273,145635,0.0,0.0
2024-07-01 11:50:00-04:00,28.274999618530273,28.280000686645508,28.260000228881836,28.264999389648438,285671,0.0,0.0
2024-07-01 11:55:00-04:00,28.264999389648438,28.270000457763672,28.209999084472656,28.2450008392334,330253,0.0,0.0
2024-07-01 12:00:00-04:00,28.2450008392334,28.25,28.235000610351562,28.2450008392334,169324,0.0,0.0
2024-07-01 12:05:00-04:00,28.2450008392334,28.290000915527344,28.243000030517578,28.274999618530273,179409,0.0,0.0
2024-07-01 12:10:00-04:00,28.280000686645508,28.280000686645508,28.25,28.260000228881836,68832,0.0,0.0
2024-07-01 12:15:00-04:00,28.25,28.260000228881836,28.219999313354492,28.225000381469727,201567,0.0,0.0
2024-07-01 12:20:00-04:00,28.229999542236328,28.229999542236328,28.200000762939453,28.20549964904785,182966,0.0,0.0
2024-07-01 12:25:00-04:00,28.204999923706055,28.239999771118164,28.19499969482422,28.239999771118164,205872,0.0,0.0
2024-07-01 12:30:00-04:00,28.2367000579834,28.25,28.219999313354492,28.219999313354492,183151,0.0,0.0
2024-07-01 12:35:00-04:00,28.225000381469727,28.225900650024414,28.209999084472656,28.219999313354492,114642,0.0,0.0
2024-07-01 12:40:00-04:00,28.219999313354492,28.239999771118164,28.19499969482422,28.225000381469727,221234,0.0,0.0
2024-07-01 12:45:00-04:00,28.220500946044922,28.229999542236328,28.219999313354492,28.22800064086914,70935,0.0,0.0
2024-07-01 12:50:00-04:00,28.225000381469727,28.229999542236328,28.19499969482422,28.19499969482422,174176,0.0,0.0
2024-07-01 12:55:00-04:00,28.19499969482422,28.219999313354492,28.18000030517578,28.219999313354492,252222,0.0,0.0
2024-07-01 13:00:00-04:00,28.21500015258789,28.225000381469727,28.200000762939453,28.225000381469727,196925,0.0,0.0
2024-07-01 13:05:00-04:00,28.225000381469727,28.239999771118164,28.219999313354492,28.235000610351562,74422,0.0,0.0
2024-07-01 13:10:00-04:00,28.239999771118164,28.239999771118164,28.20009994506836,28.20490074157715,136703,0.0,0.0
2024-07-01 13:15:00-04:00,28.204999923706055,28.209999084472656,28.170000076293945,28.200000762939453,277118,0.0,0.0
2024-07-01 13:20:00-04:00,28.19499969482422,28.219999313354492,28.19499969482422,28.204999923706055,175613,0.0,0.0
2024-07-01 13:25:00-04:00,28.204999923706055,28.209999084472656,28.190000534057617,28.195100784301758,93882,0.0,0.0
2024-07-01 13:30:00-04:00,28.19499969482422,28.209999084472656,28.190000534057617,28.19499969482422,179083,0.0,0.0
2024-07-01 13:35:00-04:00,28.200000762939453,28.229999542236328,28.190000534057617,28.225000381469727,243045,0.0,0.0
2024-07-01 13:40:00-04:00,28.229999542236328,28.260000228881836,28.229700088500977,28.2450008392334,139648,0.0,0.0
2024-07-01 13:45:00-04:00,28.2450008392334,28.290000915527344,28.2450008392334,28.28499984741211,103144,0.0,0.0
2024-07-01 13:50:00-04:00,28.290000915527344,28.31999969482422,28.28499984741211,28.319900512695312,154423,0.0,0.0
2024-07-01 13:55:00-04:00,28.31999969482422,28.31999969482422,28.270000457763672,28.274999618530273,178783,0.0,0.0
2024-07-01 14:00:00-04:00,28.274999618530273,28.290000915527344,28.239999771118164,28.2450008392334,98997,0.0,0.0
2024-07-01 14:05:00-04:00,28.2450008392334,28.25,28.229999542236328,28.229999542236328,74730,0.0,0.0
2024-07-01 14:10:00-04:00,28.235000610351562,28.260000228881836,28.219999313354492,28.2549991607666,97538,0.0,0.0
2024-07-01 14:15:00-04:00,28.2549991607666,28.260000228881836,28.229999542236328,28.229999542236328,123648,0.0,0.0
2024-07-01 14:20:00-04:00,28.229999542236328,28.239999771118164,28.219999313354492,28.235000610351562,85076,0.0,0.0
2024-07-01 14:25:00-04:00,28.235000610351562,28.239999771118164,28.209999084472656,28.219999313354492,105382,0.0,0.0
2024-07-01 14:30:00-04:00,28.225000381469727,28.280000686645508,28.209999084472656,28.270000457763672,242585,0.0,0.0
2024-07-01 14:35:00-04:00,28.270000457763672,28.280000686645508,28.25,28.2549991607666,144057,0.0,0.0
2024-07-01 14:40:00-04:00,28.2549991607666,28.270000457763672,28.25,28.25,225913,0.0,0.0
2024-07-01 14:45:00-04:00,28.254499435424805,28.260000228881836,28.239999771118164,28.2450008392334,220001,0.0,0.0
2024-07-01 14:50:00-04:00,28.25,28.25,28.225000381469727,28.2450008392334,152604,0.0,0.0
2024-07-01 14:55:00-04:00,28.2450008392334,28.25,28.219999313354492,28.22559928894043,117442,0.0,0.0
2024-07-01 15:00:00-04:00,28.219999313354492,28.229999542236328,28.200000762939453,28.204999923706055,133507,0.0,0.0
2024-07-01 15:05:00-04:00,28.204999923706055,28.239999771118164,28.200000762939453,28.235000610351562,237809,0.0,0.0
2024-07-01 15:10:00-04:00,28.235000610351562,28.25,28.229999542236328,28.2450008392334,198009,0.0,0.0
2024-07-01 15:15:00-04:00,28.2450008392334,28.25,28.190000534057617,28.19499969482422,235636,0.0,0.0
2024-07-01 15:20:00-04:00,28.19499969482422,28.204999923706055,28.170000076293945,28.174999237060547,419859,0.0,0.0
2024-07-01 15:25:00-04:00,28.174999237060547,28.190000534057617,28.170000076293945,28.18000030517578,190131,0.0,0.0
2024-07-01 15:30:00-04:00,28.184999465942383,28.21500015258789,28.18000030517578,28.204999923706055,185434,0.0,0.0
2024-07-01 15:35:00-04:00,28.209999084472656,28.209999084472656,28.200000762939453,28.201799392700195,152850,0.0,0.0
2024-07-01 15:40:00-04:00,28.20989990234375,28.209999084472656,28.18000030517578,28.1875,584374,0.0,0.0
2024-07-01 15:45:00-04:00,28.190000534057617,28.260000228881836,28.184999465942383,28.219999313354492,448046,0.0,0.0
2024-07-01 15:50:00-04:00,28.229999542236328,28.239999771118164,28.200000762939453,28.237600326538086,591876,0.0,0.0
2024-07-01 15:55:00-04:00,28.235000610351562,28.260000228881836,28.219999313354492,28.225000381469727,1141624,0.0,0.0
2024-07-02 09:30:00-04:00,28.219999313354492,28.239999771118164,28.15999984741211,28.23080062866211,541990,0.0,0.0
2024-07-02 09:35:00-04:00,28.235000610351562,28.260000228881836,28.139999389648438,28.2549991607666,317949,0.0,0.0
2024-07-02 09:40:00-04:00,28.2549991607666,28.280000686645508,28.149999618530273,28.170000076293945,314717,0.0,0.0
2024-07-02 09:45:00-04:00,28.16010093688965,28.16010093688965,28.094999313354492,28.139999389648438,200043,0.0,0.0
2024-07-02 09:50:00-04:00,28.139999389648438,28.149999618530273,28.049999237060547,28.055700302124023,240171,0.0,0.0
2024-07-02 09:55:00-04:00,28.059999465942383,28.065000534057617,28.0,28.020000457763672,300172,0.0,0.0
2024-07-02 10:00:00-04:00,28.025100708007812,28.040000915527344,27.954999923706055,27.954999923706055,436985,0.0,0.0
2024-07-02 10:05:00-04:00,27.954999923706055,27.989999771118164,27.93000030517578,27.969999313354492,324638,0.0,0.0
2024-07-02 10:10:00-04:00,27.96500015258789,27.969999313354492,27.8799991607666,27.885000228881836,444269,0.0,0.0
2024-07-02 10:15:00-04:00,27.889999389648438,27.950000762939453,27.8799991607666,27.915000915527344,266101,0.0,0.0
2024-07-02 10:20:00-04:00,27.915000915527344,27.93000030517578,27.889999389648438,27.924999237060547,139536,0.0,0.0
2024-07-02 10:25:00-04:00,27.924999237060547,27.959999084472656,27.90999984741211,27.958900451660156,230469,0.0,0.0
2024-07-02 10:30:00-04:00,27.954999923706055,27.979999542236328,27.920000076293945,27.969999313354492,225528,0.0,0.0
2024-07-02 10:35:00-04:00,27.975000381469727,28.020000457763672,27.959999084472656,27.9950008392334,119871,0.0,0.0
2024-07-02 10:40:00-04:00,27.9950008392334,28.0,27.950000762939453,27.954999923706055,169775,0.0,0.0
2024-07-02 10:45:00-04:00,27.959999084472656,27.959999084472656,27.90999984741211,27.920000076293945,137381,0.0,0.0
2024-07-02 10:50:00-04:00,27.93000030517578,27.934999465942383,27.90999984741211,27.924999237060547,112268,0.0,0.0
2024-07-02 10:55:00-04:00,27.924999237060547,27.959999084472656,27.920000076293945,27.94499969482422,196487,0.0,0.0
2024-07-02 11:00:00-04:00,27.94499969482422,27.950000762939453,27.8799991607666,27.885000228881836,207872,0.0,0.0
2024-07-02 11:05:00-04:00,27.885000228881836,27.885000228881836,27.829999923706055,27.829999923706055,218065,0.0,0.0
2024-07-02 11:10:00-04:00,27.829999923706055,27.84000015258789,27.790000915527344,27.795000076293945,264288,0.0,0.0
2024-07-02 11:15:00-04:00,27.795000076293945,27.815000534057617,27.780000686645508,27.795000076293945,354771,0.0,0.0
2024-07-02 11:20:00-04:00,27.795000076293945,27.81999969482422,27.770000457763672,27.815000534057617,257517,0.0,0.0
2024-07-02 11:25:00-04:00,27.815000534057617,27.834999084472656,27.790000915527344,27.81999969482422,257191,0.0,0.0
2024-07-02 11:30:00-04:00,27.829999923706055,27.860000610351562,27.81999969482422,27.84000015258789,248370,0.0,0.0
2024-07-02 11:35:00-04:00,27.844999313354492,27.860000610351562,27.829999923706055,27.829999923706055,171199,0.0,0.0
2024-07-02 11:40:00-04:00,27.829999923706055,27.860000610351562,27.81999969482422,27.825000762939453,259009,0.0,0.0
2024-07-02 11:45:00-04:00,27.825000762939453,27.8700008392334,27.809999465942383,27.864999771118164,166927,0.0,0.0
2024-07-02 11:50:00-04:00,27.86009979248047,27.8700008392334,27.860000610351562,27.864999771118164,104820,0.0,0.0
2024-07-02 11:55:00-04:00,27.864999771118164,27.8700008392334,27.770000457763672,27.770000457763672,485768,0.0,0.0
2024-07-02 12:00:00-04:00,27.770000457763672,27.775400161743164,27.729999542236328,27.735000610351562,449980,0.0,0.0
2024-07-02 12:05:00-04:00,27.735000610351562,27.735000610351562,27.690000534057617,27.71500015258789,182677,0.0,0.0
2024-07-02 12:10:00-04:00,27.71500015258789,27.739999771118164,27.709999084472656,27.725000381469727,230375,0.0,0.0
2024-07-02 12:15:00-04:00,27.725000381469727,27.850000381469727,27.719999313354492,27.809999465942383,322380,0.0,0.0
2024-07-02 12:20:00-04:00,27.815000534057617,27.81999969482422,27.764999389648438,27.78499984741211,224059,0.0,0.0
2024-07-02 12:25:00-04:00,27.7898006439209,27.81999969482422,27.780000686645508,27.80500030517578,142418,0.0,0.0
2024-07-02 12:30:00-04:00,27.809999465942383,27.809999465942383,27.760000228881836,27.766799926757812,124561,0.0,0.0
2024-07-02 12:35:00-04:00,27.764999389648438,27.770000457763672,27.729999542236328,27.735000610351562,137670,0.0,0.0
2024-07-02 12:40:00-04:00,27.731199264526367,27.770000457763672,27.729999542236328,27.769699096679688,108927,0.0,0.0
2024-07-02 12:45:00-04:00,27.765499114990234,27.809999465942383,27.760000228881836,27.795700073242188,146819,0.0,0.0
2024-07-02 12:50:00-04:00,27.795000076293945,27.864999771118164,27.795000076293945,27.829999923706055,174607,0.0,0.0
2024-07-02 12:55:00-04:00,27.829999923706055,27.844999313354492,27.790000915527344,27.795000076293945,101684,0.0,0.0
2024-07-02 13:00:00-04:00,27.795000076293945,27.809900283813477,27.780000686645508,27.78499984741211,89402,0.0,0.0
2024-07-02 13:05:00-04:00,27.780000686645508,27.81999969482422,27.780000686645508,27.800100326538086,104040,0.0,0.0
2024-07-02 13:10:00-04:00,27.80500030517578,27.829999923706055,27.799999237060547,27.81999969482422,104096,0.0,0.0
2024-07-02 13:15:00-04:00,27.809999465942383,27.829999923706055,27.799999237060547,27.815000534057617,114285,0.0,0.0
2024-07-02 13:20:00-04:00,27.815000534057617,27.829999923706055,27.809999465942383,27.815000534057617,126316,0.0,0.0
2024-07-02 13:25:00-04:00,27.809999465942383,27.81999969482422,27.780000686645508,27.805299758911133,355824,0.0,0.0
2024-07-02 13:30:00-04:00,27.80500030517578,27.8700008392334,27.799999237060547,27.860000610351562,109164,0.0,0.0
2024-07-02 13:35:00-04:00,27.865999221801758,27.875,27.844999313354492,27.864999771118164,134875,0.0,0.0
2024-07-02 13:40:00-04:00,27.864999771118164,27.8700008392334,27.84000015258789,27.854999542236328,77941,0.0,0.0
2024-07-02 13:45:00-04:00,27.844999313354492,27.850000381469727,27.829999923706055,27.829999923706055,39894,0.0,0.0
2024-07-02 13:50:00-04:00,27.834999084472656,27.899999618530273,27.829999923706055,27.894800186157227,104603,0.0,0.0
2024-07-02 13:55:00-04:00,27.899999618530273,27.920000076293945,27.8799991607666,27.885000228881836,86403,0.0,0.0
2024-07-02 14:00:00-04:00,27.889999389648438,27.899999618530273,27.8799991607666,27.885000228881836,84682,0.0,0.0
2024-07-02 14:05:00-04:00,27.885000228881836,27.889999389648438,27.850000381469727,27.8700008392334,153539,0.0,0.0
2024-07-02 14:10:00-04:00,27.8700008392334,27.8799991607666,27.864999771118164,27.875,69227,0.0,0.0
2024-07-02 14:15:00-04:00,27.875,27.885000228881836,27.860000610351562,27.864999771118164,94046,0.0,0.0
2024-07-02 14:20:00-04:00,27.864999771118164,27.8799991607666,27.850000381469727,27.8799991607666,94781,0.0,0.0
2024-07-02 14:25:00-04:00,27.878999710083008,27.889999389648438,27.86009979248047,27.875,98445,0.0,0.0
2024-07-02 14:30:00-04:00,27.875,27.90999984741211,27.8700008392334,27.895000457763672,80145,0.0,0.0
2024-07-02 14:35:00-04:00,27.899900436401367,27.90999984741211,27.889999389648438,27.905000686645508,93203,0.0,0.0
2024-07-02 14:40:00-04:00,27.905000686645508,27.90999984741211,27.899999618530273,27.905000686645508,113547,0.0,0.0
2024-07-02 14:45:00-04:00,27.905000686645508,27.90999984741211,27.899999618530273,27.905000686645508,115377,0.0,0.0
2024-07-02 14:50:00-04:00,27.90250015258789,27.90999984741211,27.864999771118164,27.864999771118164,191548,0.0,0.0
2024-07-02 14:55:00-04:00,27.864999771118164,27.8700008392334,27.81999969482422,27.825000762939453,161273,0.0,0.0
2024-07-02 15:00:00-04:00,27.825000762939453,27.844999313354492,27.81999969482422,27.844999313354492,179759,0.0,0.0
2024-07-02 15:05:00-04:00,27.84600067138672,27.8799991607666,27.84000015258789,27.875,128489,0.0,0.0
2024-07-02 15:10:00-04:00,27.875,27.885000228881836,27.850000381469727,27.852500915527344,118449,0.0,0.0
2024-07-02 15:15:00-04:00,27.854999542236328,27.864999771118164,27.850000381469727,27.854999542236328,177158,0.0,0.0
2024-07-02 15:20:00-04:00,27.854999542236328,27.860000610351562,27.81999969482422,27.81999969482422,239647,0.0,0.0
2024-07-02 15:25:00-04:00,27.820100784301758,27.889999389648438,27.820100784301758,27.8799991607666,181595,0.0,0.0
2024-07-02 15:30:00-04:00,27.8799991607666,27.889999389648438,27.850000381469727,27.864999771118164,218342,0.0,0.0
2024-07-02 15:35:00-04:00,27.864999771118164,27.864999771118164,27.81999969482422,27.834999084472656,280080,0.0,0.0
2024-07-02 15:40:00-04:00,27.834999084472656,27.864999771118164,27.829999923706055,27.860000610351562,210557,0.0,0.0
2024-07-02 15:45:00-04:00,27.860000610351562,27.8799991607666,27.84000015258789,27.844999313354492,487000,0.0,0.0
2024-07-02 15:50:00-04:00,27.84000015258789,27.860000610351562,27.81999969482422,27.825000762939453,618279,0.0,0.0
2024-07-02 15:55:00-04:00,27.825000762939453,27.850000381469727,27.809999465942383,27.84000015258789,1193460,0.0,0.0
2024-07-03 09:30:00-04:00,27.920000076293945,28.010000228881836,27.889999389648438,27.900100708007812,685163,0.0,0.0
2024-07-03 09:35:00-04:00,27.899999618530273,28.030000686645508,27.899999618530273,27.9950008392334,313851,0.0,0.0
2024-07-03 09:40:00-04:00,28.0,28.040000915527344,28.0,28.020000457763672,154200,0.0,0.0
2024-07-03 09:45:00-04:00,28.014999389648438,28.024999618530273,27.899999618530273,27.905000686645508,181457,0.0,0.0
2024-07-03 09:50:00-04:00,27.899999618530273,27.959999084472656,27.889999389648438,27.90999984741211,175614,0.0,0.0
2024-07-03 09:55:00-04:00,27.915000915527344,28.010000228881836,27.915000915527344,27.9950008392334,167848,0.0,0.0
2024-07-03 10:00:00-04:00,28.0,28.03499984741211,27.950000762939453,27.975000381469727,289639,0.0,0.0
2024-07-03 10:05:00-04:00,27.969999313354492,28.030000686645508,27.959999084472656,28.02440071105957,224966,0.0,0.0
2024-07-03 10:10:00-04:00,28.020099639892578,28.049999237060547,28.0049991607666,28.024999618530273,244012,0.0,0.0
2024-07-03 10:15:00-04:00,28.024999618530273,28.049999237060547,28.0,28.001699447631836,191769,0.0,0.0
2024-07-03 10:20:00-04:00,28.0,28.020000457763672,27.989999771118164,27.9950008392334,173175,0.0,0.0
2024-07-03 10:25:00-04:00,27.993999481201172,28.030000686645508,27.989999771118164,27.9950008392334,166388,0.0,0.0
2024-07-03 10:30:00-04:00,27.9950008392334,28.030000686645508,27.959999084472656,28.0049991607666,165170,0.0,0.0
2024-07-03 10:35:00-04:00,28.002300262451172,28.016599655151367,27.93000030517578,27.934999465942383,273177,0.0,0.0
2024-07-03 10:40:00-04:00,27.940000534057617,27.959999084472656,27.93000030517578,27.959999084472656,106037,0.0,0.0
2024-07-03 10:45:00-04:00,27.950000762939453,27.950000762939453,27.8799991607666,27.889999389648438,271098,0.0,0.0
2024-07-03 10:50:00-04:00,27.892099380493164,27.899999618530273,27.780000686645508,27.789899826049805,359522,0.0,0.0
2024-07-03 10:55:00-04:00,27.78499984741211,27.790000915527344,27.719999313354492,27.725000381469727,244060,0.0,0.0
2024-07-03 11:00:00-04:00,27.724599838256836,27.75,27.709999084472656,27.7450008392334,240634,0.0,0.0
2024-07-03 11:05:00-04:00,27.739999771118164,27.760000228881836,27.709999084472656,27.719999313354492,206365,0.0,0.0
2024-07-03 11:10:00-04:00,27.719999313354492,27.729999542236328,27.690000534057617,27.71500015258789,239304,0.0,0.0
2024-07-03 11:15:00-04:00,27.710100173950195,27.760000228881836,27.700000762939453,27.7450008392334,211753,0.0,0.0
2024-07-03 11:20:00-04:00,27.7450008392334,27.790000915527344,27.729999542236328,27.778799057006836,184675,0.0,0.0
2024-07-03 11:25:00-04:00,27.780000686645508,27.790000915527344,27.700000762939453,27.704999923706055,242679,0.0,0.0
2024-07-03 11:30:00-04:00,27.704999923706055,27.719999313354492,27.65999984741211,27.719999313354492,321439,0.0,0.0
2024-07-03 11:35:00-04:00,27.71500015258789,27.799999237060547,27.709999084472656,27.770000457763672,183263,0.0,0.0
2024-07-03 11:40:00-04:00,27.770000457763672,27.790000915527344,27.7450008392334,27.7450008392334,207038,0.0,0.0
2024-07-03 11:45:00-04:00,27.739999771118164,27.7450008392334,27.65999984741211,27.665000915527344,237792,0.0,0.0
2024-07-03 11:50:00-04:00,27.670000076293945,27.670000076293945,27.614999771118164,27.665000915527344,182730,0.0,0.0
2024-07-03 11:55:00-04:00,27.665000915527344,27.670000076293945,27.645000457763672,27.655000686645508,141130,0.0,0.0
2024-07-03 12:00:00-04:00,27.65679931640625,27.690000534057617,27.655000686645508,27.68000030517578,203421,0.0,0.0
2024-07-03 12:05:00-04:00,27.684999465942383,27.719999313354492,27.65060043334961,27.684999465942383,341372,0.0,0.0
2024-07-03 12:10:00-04:00,27.684999465942383,27.729999542236328,27.680099487304688,27.725000381469727,136927,0.0,0.0
2024-07-03 12:15:00-04:00,27.729999542236328,27.739999771118164,27.719999313354492,27.725000381469727,135506,0.0,0.0
2024-07-03 12:20:00-04:00,27.725000381469727,27.729999542236328,27.65999984741211,27.674999237060547,217681,0.0,0.0
2024-07-03 12:25:00-04:00,27.674999237060547,27.68000030517578,27.65999984741211,27.65999984741211,169091,0.0,0.0
2024-07-03 12:30:00-04:00,27.665000915527344,27.704999923706055,27.65999984741211,27.69499969482422,226230,0.0,0.0
2024-07-03 12:35:00-04:00,27.69499969482422,27.719999313354492,27.68000030517578,27.689899444580078,208193,0.0,0.0
2024-07-03 12:40:00-04:00,27.684999465942383,27.739999771118164,27.684999465942383,27.739999771118164,222614,0.0,0.0
2024-07-03 12:45:00-04:00,27.739999771118164,27.764999389648438,27.739999771118164,27.7450008392334,107177,0.0,0.0
2024-07-05 09:30:00-04:00,27.760000228881836,27.790000915527344,27.700000762939453,27.780000686645508,949284,0.0,0.0
2024-07-05 09:35:00-04:00,27.780000686645508,27.799999237060547,27.670000076293945,27.780099868774414,380525,0.0,0.0
2024-07-05 09:40:00-04:00,27.790000915527344,27.799999237060547,27.739999771118164,27.764999389648438,287755,0.0,0.0
2024-07-05 09:45:00-04:00,27.764999389648438,27.78499984741211,27.700000762939453,27.729999542236328,251129,0.0,0.0
2024-07-05 09:50:00-04:00,27.75,27.860000610351562,27.75,27.834999084472656,308257,0.0,0.0
2024-07-05 09:55:00-04:00,27.829999923706055,27.84000015258789,27.780000686645508,27.834999084472656,224607,0.0,0.0
2024-07-05 10:00:00-04:00,27.834999084472656,27.84000015258789,27.774999618530273,27.825000762939453,298049,0.0,0.0
2024-07-05 10:05:00-04:00,27.825000762939453,27.850000381469727,27.790000915527344,27.84000015258789,304780,0.0,0.0
2024-07-05 10:10:00-04:00,27.84000015258789,27.8700008392334,27.809999465942383,27.864999771118164,162851,0.0,0.0
2024-07-05 10:15:00-04:00,27.86240005493164,27.865999221801758,27.83009910583496,27.854999542236328,151152,0.0,0.0
2024-07-05 10:20:00-04:00,27.860000610351562,27.920000076293945,27.854999542236328,27.915000915527344,190591,0.0,0.0
2024-07-05 10:25:00-04:00,27.920000076293945,27.93000030517578,27.899999618530273,27.905000686645508,193222,0.0,0.0
2024-07-05 10:30:00-04:00,27.905000686645508,27.9060001373291,27.860000610351562,27.86829948425293,172391,0.0,0.0
2024-07-05 10:35:00-04:00,27.860000610351562,27.864999771118164,27.809999465942383,27.834999084472656,248338,0.0,0.0
2024-07-05 10:40:00-04:00,27.83989906311035,27.84000015258789,27.809999465942383,27.834999084472656,165804,0.0,0.0
2024-07-05 10:45:00-04:00,27.829999923706055,27.860000610351562,27.81999969482422,27.854999542236328,141309,0.0,0.0
2024-07-05 10:50:00-04:00,27.850000381469727,27.8700008392334,27.829999923706055,27.850200653076172,111483,0.0,0.0
2024-07-05 10:55:00-04:00,27.854999542236328,27.889999389648438,27.850000381469727,27.885000228881836,104167,0.0,0.0
2024-07-05 11:00:00-04:00,27.889999389648438,27.950000762939453,27.882999420166016,27.940099716186523,202008,0.0,0.0
2024-07-05 11:05:00-04:00,27.94499969482422,27.979999542236328,27.93000030517578,27.934999465942383,207847,0.0,0.0
2024-07-05 11:10:00-04:00,27.934999465942383,27.959999084472656,27.93000030517578,27.954999923706055,134408,0.0,0.0
2024-07-05 11:15:00-04:00,27.95800018310547,27.979999542236328,27.940000534057617,27.969999313354492,173385,0.0,0.0
2024-07-05 11:20:00-04:00,27.959999084472656,27.968700408935547,27.90999984741211,27.91659927368164,157506,0.0,0.0
2024-07-05 11:25:00-04:00,27.90999984741211,27.93000030517578,27.899999618530273,27.93000030517578,234945,0.0,0.0
2024-07-05 11:30:00-04:00,27.924999237060547,27.959999084472656,27.920000076293945,27.954999923706055,132783,0.0,0.0
2024-07-05 11:35:00-04:00,27.954999923706055,28.020000457763672,27.95009994506836,28.010000228881836,343950,0.0,0.0
2024-07-05 11:40:00-04:00,28.014999389648438,28.040000915527344,28.0049991607666,28.020000457763672,228693,0.0,0.0
2024-07-05 11:45:00-04:00,28.029699325561523,28.059999465942383,28.020000457763672,28.040000915527344,216942,0.0,0.0
2024-07-05 11:50:00-04:00,28.040000915527344,28.045000076293945,28.010000228881836,28.025999069213867,186716,0.0,0.0
2024-07-05 11:55:00-04:00,28.030000686645508,28.030000686645508,27.975000381469727,27.975000381469727,150754,0.0,0.0
2024-07-05 12:00:00-04:00,27.969999313354492,27.979999542236328,27.940000534057617,27.94499969482422,91494,0.0,0.0
2024-07-05 12:05:00-04:00,27.940000534057617,27.950000762939453,27.93000030517578,27.93470001220703,51299,0.0,0.0
2024-07-05 12:10:00-04:00,27.934999465942383,27.940000534057617,27.920000076293945,27.924699783325195,87826,0.0,0.0
2024-07-05 12:15:00-04:00,27.93000030517578,27.959999084472656,27.920000076293945,27.954999923706055,176588,0.0,0.0
2024-07-05 12:20:00-04:00,27.954999923706055,27.959999084472656,27.950000762939453,27.95989990234375,63202,0.0,0.0
2024-07-05 12:25:00-04:00,27.954999923706055,27.96500015258789,27.940000534057617,27.96500015258789,138188,0.0,0.0
2024-07-05 12:30:00-04:00,27.969999313354492,27.969999313354492,27.959999084472656,27.96500015258789,91682,0.0,0.0
2024-07-05 12:35:00-04:00,27.96500015258789,28.020000457763672,27.959999084472656,28.014999389648438,213784,0.0,0.0
2024-07-05 12:40:00-04:00,28.014999389648438,28.030000686645508,28.010000228881836,28.024999618530273,142364,0.0,0.0
2024-07-05 12:45:00-04:00,28.024999618530273,28.040000915527344,28.020000457763672,28.03499984741211,82309,0.0,0.0
2024-07-05 12:50:00-04:00,28.030000686645508,28.049999237060547,28.030000686645508,28.03499984741211,91956,0.0,0.0
2024-07-05 12:55:00-04:00,28.03499984741211,28.040000915527344,28.0,28.0049991607666,120793,0.0,0.0
2024-07-05 13:00:00-04:00,28.0049991607666,28.030000686645508,28.0,28.024999618530273,118067,0.0,0.0
2024-07-05 13:05:00-04:00,28.020000457763672,28.059999465942383,28.020000457763672,28.05500030517578,108419,0.0,0.0
2024-07-05 13:10:00-04:00,28.05500030517578,28.079999923706055,28.049999237060547,28.075000762939453,114233,0.0,0.0
2024-07-05 13:15:00-04:00,28.075000762939453,28.09000015258789,28.06999969482422,28.08989906311035,110811,0.0,0.0
2024-07-05 13:20:00-04:00,28.084999084472656,28.09000015258789,28.030000686645508,28.034700393676758,116685,0.0,0.0
2024-07-05 13:25:00-04:00,28.033700942993164,28.040000915527344,28.030000686645508,28.040000915527344,50587,0.0,0.0
2024-07-05 13:30:00-04:00,28.040000915527344,28.049999237060547,28.03499984741211,28.045000076293945,46722,0.0,0.0
2024-07-05 13:35:00-04:00,28.049999237060547,28.049999237060547,28.040000915527344,28.045000076293945,92759,0.0,0.0
2024-07-05 13:40:00-04:00,28.045000076293945,28.06999969482422,28.045000076293945,28.069000244140625,80758,0.0,0.0
2024-07-05 13:45:00-04:00,28.065000534057617,28.079999923706055,28.059999465942383,28.077800750732422,69585,0.0,0.0
2024-07-05 13:50:00-04:00,28.077999114990234,28.079999923706055,28.06999969482422,28.075000762939453,84218,0.0,0.0
2024-07-05 13:55:00-04:00,28.073999404907227,28.09000015258789,28.060100555419922,28.065000534057617,144238,0.0,0.0
2024-07-05 14:00:00-04:00,28.06999969482422,28.084999084472656,28.059999465942383,28.059999465942383,142787,0.0,0.0
2024-07-05 14:05:00-04:00,28.059999465942383,28.06999969482422,28.010000228881836,28.012100219726562,133246,0.0,0.0
2024-07-05 14:10:00-04:00,28.014999389648438,28.020000457763672,28.0,28.0,98140,0.0,0.0
2024-07-05 14:15:00-04:00,28.0049991607666,28.030000686645508,28.0,28.024999618530273,92732,0.0,0.0
2024-07-05 14:20:00-04:00,28.030000686645508,28.030000686645508,28.020000457763672,28.024999618530273,95349,0.0,0.0
2024-07-05 14:25:00-04:00,28.024999618530273,28.040000915527344,28.020000457763672,28.03499984741211,84568,0.0,0.0
2024-07-05 14:30:00-04:00,28.03499984741211,28.040000915527344,28.010000228881836,28.024999618530273,141716,0.0,0.0
2024-07-05 14:35:00-04:00,28.020099639892578,28.02630043029785,27.979999542236328,27.979999542236328,122606,0.0,0.0
2024-07-05 14:40:00-04:00,27.979999542236328,27.9950008392334,27.979999542236328,27.985000610351562,106555,0.0,0.0
2024-07-05 14:45:00-04:00,27.985000610351562,28.0,27.979999542236328,27.985000610351562,72616,0.0,0.0
2024-07-05 14:50:00-04:00,27.979999542236328,28.0,27.979999542236328,27.9950008392334,196646,0.0,0.0
2024-07-05 14:55:00-04:00,28.0,28.010000228881836,27.989999771118164,28.0049991607666,79202,0.0,0.0
2024-07-05 15:00:00-04:00,28.0049991607666,28.014999389648438,28.0,28.0049991607666,112682,0.0,0.0
2024-07-05 15:05:00-04:00,28.0049991607666,28.014999389648438,28.0,28.002500534057617,100560,0.0,0.0
2024-07-05 15:10:00-04:00,28.010000228881836,28.014999389648438,28.0,28.0049991607666,141365,0.0,0.0
2024-07-05 15:15:00-04:00,28.0,28.010000228881836,27.954999923706055,27.975000381469727,250263,0.0,0.0
2024-07-05 15:20:00-04:00,27.97100067138672,27.979999542236328,27.969999313354492,27.975000381469727,58927,0.0,0.0
2024-07-05 15:25:00-04:00,27.975000381469727,27.979999542236328,27.969999313354492,27.979999542236328,110628,0.0,0.0
2024-07-05 15:30:00-04:00,27.979999542236328,27.985000610351562,27.954999923706055,27.975000381469727,237015,0.0,0.0
2024-07-05 15:35:00-04:00,27.975000381469727,28.009899139404297,27.975000381469727,28.009899139404297,156196,0.0,0.0
2024-07-05 15:40:00-04:00,28.0049991607666,28.040000915527344,28.0,28.03499984741211,136431,0.0,0.0
2024-07-05 15:45:00-04:00,28.03499984741211,28.045000076293945,28.024999618530273,28.045000076293945,299327,0.0,0.0
2024-07-05 15:50:00-04:00,28.045000076293945,28.06999969482422,28.040000915527344,28.060100555419922,395199,0.0,0.0
2024-07-05 15:55:00-04:00,28.065000534057617,28.06999969482422,28.040000915527344,28.049999237060547,1006153,0.0,0.0
2024-07-08 09:30:00-04:00,28.049999237060547,28.1200008392334,27.979999542236328,28.06999969482422,760351,0.0,0.0
2024-07-08 09:35:00-04:00,28.06800079345703,28.09000015258789,28.010099411010742,28.065000534057617,139218,0.0,0.0
2024-07-08 09:40:00-04:00,28.065000534057617,28.065000534057617,27.940000534057617,27.950000762939453,226530,0.0,0.0
2024-07-08 09:45:00-04:00,27.94499969482422,27.969999313354492,27.90999984741211,27.90999984741211,260237,0.0,0.0
2024-07-08 09:50:00-04:00,27.920000076293945,27.924999237060547,27.8700008392334,27.889999389648438,226615,0.0,0.0
2024-07-08 09:55:00-04:00,27.889999389648438,27.989999771118164,27.889999389648438,27.989999771118164,161405,0.0,0.0
2024-07-08 10:00:00-04:00,27.985000610351562,28.010000228881836,27.959999084472656,28.004100799560547,159343,0.0,0.0
2024-07-08 10:05:00-04:00,28.0,28.024999618530273,27.969999313354492,27.975000381469727,106030,0.0,0.0
2024-07-08 10:10:00-04:00,27.969999313354492,28.0,27.96500015258789,27.975000381469727,91611,0.0,0.0
2024-07-08 10:15:00-04:00,27.975000381469727,28.030000686645508,27.97100067138672,27.9960994720459,170861,0.0,0.0
2024-07-08 10:20:00-04:00,28.0,28.010000228881836,27.969999313354492,27.989999771118164,188199,0.0,0.0
2024-07-08 10:25:00-04:00,27.9950008392334,28.02989959716797,27.959999084472656,27.969999313354492,134662,0.0,0.0
2024-07-08 10:30:00-04:00,27.969999313354492,27.985000610351562,27.93000030517578,27.935199737548828,280650,0.0,0.0
2024-07-08 10:35:00-04:00,27.934999465942383,27.959999084472656,27.920000076293945,27.959999084472656,153342,0.0,0.0
2024-07-08 10:40:00-04:00,27.950000762939453,27.959999084472656,27.940000534057617,27.954999923706055,81376,0.0,0.0
2024-07-08 10:45:00-04:00,27.954999923706055,27.96500015258789,27.899999618530273,27.94499969482422,148137,0.0,0.0
2024-07-08 10:50:00-04:00,27.945100784301758,27.945100784301758,27.889999389648438,27.915000915527344,196290,0.0,0.0
2024-07-08 10:55:00-04:00,27.920000076293945,27.985000610351562,27.90999984741211,27.954999923706055,144919,0.0,0.0
2024-07-08 11:00:00-04:00,27.950000762939453,27.959999084472656,27.90999984741211,27.90999984741211,141115,0.0,0.0
2024-07-08 11:05:00-04:00,27.920000076293945,27.940000534057617,27.90999984741211,27.920000076293945,89756,0.0,0.0
2024-07-08 11:10:00-04:00,27.92099952697754,27.93000030517578,27.889999389648438,27.889999389648438,152041,0.0,0.0
2024-07-08 11:15:00-04:00,27.889999389648438,27.899999618530273,27.860000610351562,27.889999389648438,188975,0.0,0.0
2024-07-08 11:20:00-04:00,27.885000228881836,27.889999389648438,27.860000610351562,27.863000869750977,115982,0.0,0.0
2024-07-08 11:25:00-04:00,27.864999771118164,27.8799991607666,27.829999923706055,27.834999084472656,193042,0.0,0.0
2024-07-08 11:30:00-04:00,27.83919906616211,27.849899291992188,27.809999465942383,27.823999404907227,234143,0.0,0.0
2024-07-08 11:35:00-04:00,27.829999923706055,27.84000015258789,27.809999465942383,27.834999084472656,142589,0.0,0.0
2024-07-08 11:40:00-04:00,27.834999084472656,27.860000610351562,27.829999923706055,27.844999313354492,132009,0.0,0.0
2024-07-08 11:45:00-04:00,27.84000015258789,27.850000381469727,27.829999923706055,27.834999084472656,109040,0.0,0.0
2024-07-08 11:50:00-04:00,27.834999084472656,27.850000381469727,27.81999969482422,27.84000015258789,137807,0.0,0.0
2024-07-08 11:55:00-04:00,27.844999313354492,27.8700008392334,27.84000015258789,27.864999771118164,89758,0.0,0.0
2024-07-08 12:00:00-04:00,27.860000610351562,27.88990020751953,27.860000610351562,27.875,97231,0.0,0.0
2024-07-08 12:05:00-04:00,27.875,27.90999984741211,27.875,27.889999389648438,102448,0.0,0.0
2024-07-08 12:10:00-04:00,27.899900436401367,27.93000030517578,27.889999389648438,27.923999786376953,107538,0.0,0.0
2024-07-08 12:15:00-04:00,27.924999237060547,27.93000030517578,27.920000076293945,27.93000030517578,56833,0.0,0.0
2024-07-08 12:20:00-04:00,27.93000030517578,27.950000762939453,27.920000076293945,27.924999237060547,120635,0.0,0.0
2024-07-08 12:25:00-04:00,27.924999237060547,27.950000762939453,27.913999557495117,27.94499969482422,118852,0.0,0.0
2024-07-08 12:30:00-04:00,27.94499969482422,27.959999084472656,27.940000534057617,27.954999923706055,75612,0.0,0.0
2024-07-08 12:35:00-04:00,27.958900451660156,28.010000228881836,27.954999923706055,28.0049991607666,160535,0.0,0.0
2024-07-08 12:40:00-04:00,28.0049991607666,28.010000228881836,27.959999084472656,27.96500015258789,147538,0.0,0.0
2024-07-08 12:45:00-04:00,27.96500015258789,27.969999313354492,27.899999618530273,27.905000686645508,150762,0.0,0.0
2024-07-08 12:50:00-04:00,27.915000915527344,27.940000534057617,27.899999618530273,27.909900665283203,123940,0.0,0.0
2024-07-08 12:55:00-04:00,27.899999618530273,27.90999984741211,27.8799991607666,27.885000228881836,108222,0.0,0.0
2024-07-08 13:00:00-04:00,27.8799991607666,27.889999389648438,27.850000381469727,27.850000381469727,6159352,0.0,0.0
2024-07-08 13:05:00-04:00,27.854999542236328,27.860000610351562,27.809999465942383,27.809999465942383,144655,0.0,0.0
2024-07-08 13:10:00-04:00,27.815000534057617,27.819900512695312,27.790000915527344,27.815000534057617,207735,0.0,0.0
2024-07-08 13:15:00-04:00,27.815000534057617,27.895000457763672,27.809999465942383,27.895000457763672,146174,0.0,0.0
2024-07-08 13:20:00-04:00,27.895000457763672,27.899999618530273,27.8799991607666,27.881099700927734,105936,0.0,0.0
2024-07-08 13:25:00-04:00,27.885000228881836,27.899999618530273,27.8799991607666,27.885000228881836,92430,0.0,0.0
2024-07-08 13:30:00-04:00,27.88990020751953,27.939899444580078,27.8799991607666,27.91990089416504,192327,0.0,0.0
2024-07-08 13:35:00-04:00,27.915000915527344,27.920000076293945,27.90999984741211,27.915000915527344,75754,0.0,0.0
2024-07-08 13:40:00-04:00,27.90999984741211,27.959999084472656,27.899999618530273,27.959999084472656,158995,0.0,0.0
2024-07-08 13:45:00-04:00,27.950000762939453,27.959999084472656,27.940000534057617,27.954999923706055,115432,0.0,0.0
2024-07-08 13:50:00-04:00,27.954999923706055,27.959999084472656,27.90999984741211,27.920000076293945,191759,0.0,0.0
2024-07-08 13:55:00-04:00,27.920000076293945,27.93000030517578,27.90999984741211,27.90999984741211,77714,0.0,0.0
2024-07-08 14:00:00-04:00,27.90999984741211,27.915000915527344,27.899999618530273,27.905000686645508,84427,0.0,0.0
2024-07-08 14:05:00-04:00,27.905000686645508,27.934999465942383,27.899999618530273,27.90999984741211,158187,0.0,0.0
2024-07-08 14:10:00-04:00,27.91950035095215,27.920000076293945,27.905000686645508,27.920000076293945,124697,0.0,0.0
2024-07-08 14:15:00-04:00,27.915000915527344,27.934999465942383,27.90999984741211,27.924999237060547,79230,0.0,0.0
2024-07-08 14:20:00-04:00,27.924999237060547,27.93000030517578,27.889999389648438,27.895000457763672,148388,0.0,0.0
2024-07-08 14:25:00-04:00,27.899999618530273,27.899999618530273,27.8799991607666,27.8799991607666,119841,0.0,0.0
2024-07-08 14:30:00-04:00,27.885000228881836,27.889999389648438,27.8799991607666,27.889999389648438,90056,0.0,0.0
2024-07-08 14:35:00-04:00,27.885000228881836,27.899999618530273,27.8799991607666,27.885000228881836,131322,0.0,0.0
2024-07-08 14:40:00-04:00,27.883399963378906,27.889999389648438,27.860000610351562,27.875,139323,0.0,0.0
2024-07-08 14:45:00-04:00,27.8700008392334,27.8799991607666,27.860000610351562,27.864999771118164,124380,0.0,0.0
2024-07-08 14:50:00-04:00,27.8700008392334,27.8700008392334,27.84000015258789,27.840099334716797,118439,0.0,0.0
2024-07-08 14:55:00-04:00,27.850000381469727,27.889999389648438,27.84440040588379,27.889999389648438,128260,0.0,0.0
2024-07-08 15:00:00-04:00,27.889999389648438,27.93000030517578,27.8799991607666,27.93000030517578,189114,0.0,0.0
2024-07-08 15:05:00-04:00,27.93000030517578,27.93000030517578,27.889999389648438,27.895000457763672,209861,0.0,0.0
2024-07-08 15:10:00-04:00,27.889999389648438,27.905000686645508,27.8700008392334,27.8700008392334,179693,0.0,0.0
2024-07-08 15:15:00-04:00,27.8700008392334,27.899999618530273,27.8700008392334,27.885000228881836,116523,0.0,0.0
2024-07-08 15:20:00-04:00,27.8799991607666,27.920000076293945,27.864999771118164,27.915000915527344,292888,0.0,0.0
2024-07-08 15:25:00-04:00,27.90999984741211,27.93000030517578,27.90999984741211,27.920000076293945,221117,0.0,0.0
2024-07-08 15:30:00-04:00,27.927099227905273,27.934999465942383,27.899999618530273,27.905000686645508,266699,0.0,0.0
2024-07-08 15:35:00-04:00,27.905000686645508,27.90999984741211,27.8799991607666,27.893800735473633,155098,0.0,0.0
2024-07-08 15:40:00-04:00,27.895000457763672,27.895000457763672,27.850000381469727,27.854999542236328,228661,0.0,0.0
2024-07-08 15:45:00-04:00,27.854999542236328,27.860000610351562,27.829999923706055,27.854999542236328,272423,0.0,0.0
2024-07-08 15:50:00-04:00,27.850000381469727,27.90999984741211,27.850000381469727,27.895000457763672,401057,0.0,0.0
2024-07-08 15:55:00-04:00,27.889999389648438,27.940000534057617,27.8700008392334,27.93000030517578,1736696,0.0,0.0
2024-07-09 09:30:00-04:00,27.8799991607666,27.940000534057617,27.735000610351562,27.809999465942383,850680,0.0,0.0
2024-07-09 09:35:00-04:00,27.809999465942383,27.825000762939453,27.6825008392334,27.697399139404297,356396,0.0,0.0
2024-07-09 09:40:00-04:00,27.700000762939453,27.760000228881836,27.649999618530273,27.655000686645508,408610,0.0,0.0
2024-07-09 09:45:00-04:00,27.655000686645508,27.719999313354492,27.639999389648438,27.69729995727539,232251,0.0,0.0
2024-07-09 09:50:00-04:00,27.700000762939453,27.75,27.633899688720703,27.635000228881836,190748,0.0,0.0
2024-07-09 09:55:00-04:00,27.6299991607666,27.635000228881836,27.56999969482422,27.594999313354492,445046,0.0,0.0
2024-07-09 10:00:00-04:00,27.600000381469727,27.6200008392334,27.460500717163086,27.46500015258789,894393,0.0,0.0
2024-07-09 10:05:00-04:00,27.469999313354492,27.475000381469727,27.421499252319336,27.424999237060547,524499,0.0,0.0
2024-07-09 10:10:00-04:00,27.420000076293945,27.437999725341797,27.31999969482422,27.325000762939453,638234,0.0,0.0
2024-07-09 10:15:00-04:00,27.329999923706055,27.360000610351562,27.309999465942383,27.325000762939453,545344,0.0,0.0
2024-07-09 10:20:00-04:00,27.325000762939453,27.3700008392334,27.31999969482422,27.346099853515625,617195,0.0,0.0
2024-07-09 10:25:00-04:00,27.350000381469727,27.399999618530273,27.295000076293945,27.334999084472656,981530,0.0,0.0
2024-07-09 10:30:00-04:00,27.329999923706055,27.399999618530273,27.309999465942383,27.387500762939453,610745,0.0,0.0
2024-07-09 10:35:00-04:00,27.3799991607666,27.405000686645508,27.3700008392334,27.404499053955078,227831,0.0,0.0
2024-07-09 10:40:00-04:00,27.409000396728516,27.440000534057617,27.399999618530273,27.420000076293945,350999,0.0,0.0
2024-07-09 10:45:00-04:00,27.424999237060547,27.450000762939453,27.3799991607666,27.44499969482422,311062,0.0,0.0
2024-07-09 10:50:00-04:00,27.44499969482422,27.450000762939453,27.399999618530273,27.440000534057617,301072,0.0,0.0
2024-07-09 10:55:00-04:00,27.440000534057617,27.46500015258789,27.40999984741211,27.40999984741211,329473,0.0,0.0
2024-07-09 11:00:00-04:00,27.40999984741211,27.415000915527344,27.350000381469727,27.360000610351562,381133,0.0,0.0
2024-07-09 11:05:00-04:00,27.354999542236328,27.389999389648438,27.334999084472656,27.334999084472656,328968,0.0,0.0
2024-07-09 11:10:00-04:00,27.334999084472656,27.3799991607666,27.329999923706055,27.350000381469727,214595,0.0,0.0
2024-07-09 11:15:00-04:00,27.354999542236328,27.3799991607666,27.34000015258789,27.375,252604,0.0,0.0
2024-07-09 11:20:00-04:00,27.3799991607666,27.450000762939453,27.3700008392334,27.44499969482422,351832,0.0,0.0
2024-07-09 11:25:00-04:00,27.44499969482422,27.469999313354492,27.440000534057617,27.454999923706055,304012,0.0,0.0
2024-07-09 11:30:00-04:00,27.459999084472656,27.469999313354492,27.420000076293945,27.420000076293945,237461,0.0,0.0
2024-07-09 11:35:00-04:00,27.43000030517578,27.43000030517578,27.344999313354492,27.364999771118164,340753,0.0,0.0
2024-07-09 11:40:00-04:00,27.36009979248047,27.3700008392334,27.31999969482422,27.325000762939453,320933,0.0,0.0
2024-07-09 11:45:00-04:00,27.329999923706055,27.350000381469727,27.31999969482422,27.334999084472656,216520,0.0,0.0
2024-07-09 11:50:00-04:00,27.334999084472656,27.459999084472656,27.329999923706055,27.450000762939453,462488,0.0,0.0
2024-07-09 11:55:00-04:00,27.454999923706055,27.549999237060547,27.450000762939453,27.540000915527344,506660,0.0,0.0
2024-07-09 12:00:00-04:00,27.540000915527344,27.639999389648438,27.520000457763672,27.625,353561,0.0,0.0
2024-07-09 12:05:00-04:00,27.625,27.625,27.575000762939453,27.604999542236328,259529,0.0,0.0
2024-07-09 12:10:00-04:00,27.604999542236328,27.649999618530273,27.59000015258789,27.594999313354492,214485,0.0,0.0
2024-07-09 12:15:00-04:00,27.59000015258789,27.594999313354492,27.549999237060547,27.58370018005371,111778,0.0,0.0
2024-07-09 12:20:00-04:00,27.586000442504883,27.65999984741211,27.579999923706055,27.655000686645508,134976,0.0,0.0
2024-07-09 12:25:00-04:00,27.65999984741211,27.690000534057617,27.649999618530273,27.655000686645508,243553,0.0,0.0
2024-07-09 12:30:00-04:00,27.655000686645508,27.690000534057617,27.649999618530273,27.655000686645508,232966,0.0,0.0
2024-07-09 12:35:00-04:00,27.655000686645508,27.700000762939453,27.643800735473633,27.690000534057617,330083,0.0,0.0
2024-07-09 12:40:00-04:00,27.69499969482422,27.729999542236328,27.670000076293945,27.729999542236328,405163,0.0,0.0
2024-07-09 12:45:00-04:00,27.729999542236328,27.764999389648438,27.719999313354492,27.7549991607666,336455,0.0,0.0
2024-07-09 12:50:00-04:00,27.7549991607666,27.790000915527344,27.75,27.78499984741211,306135,0.0,0.0
2024-07-09 12:55:00-04:00,27.790000915527344,27.81999969482422,27.780000686645508,27.800100326538086,196115,0.0,0.0
2024-07-09 13:00:00-04:00,27.800100326538086,27.829999923706055,27.799999237060547,27.80500030517578,132919,0.0,0.0
2024-07-09 13:05:00-04:00,27.809999465942383,27.81999969482422,27.68000030517578,27.709999084472656,280126,0.0,0.0
2024-07-09 13:10:00-04:00,27.704999923706055,27.780000686645508,27.700000762939453,27.774999618530273,167838,0.0,0.0
2024-07-09 13:15:00-04:00,27.780000686645508,27.790000915527344,27.709999084472656,27.71500015258789,163279,0.0,0.0
2024-07-09 13:20:00-04:00,27.71500015258789,27.729999542236328,27.69499969482422,27.719999313354492,161665,0.0,0.0
2024-07-09 13:25:00-04:00,27.71929931640625,27.739999771118164,27.68000030517578,27.690000534057617,141803,0.0,0.0
2024-07-09 13:30:00-04:00,27.69499969482422,27.700000762939453,27.639999389648438,27.645000457763672,143498,0.0,0.0
2024-07-09 13:35:00-04:00,27.639999389648438,27.68000030517578,27.6299991607666,27.66990089416504,116954,0.0,0.0
2024-07-09 13:40:00-04:00,27.65999984741211,27.68000030517578,27.652999877929688,27.68000030517578,47220,0.0,0.0
2024-07-09 13:45:00-04:00,27.674999237060547,27.719999313354492,27.635000228881836,27.709999084472656,247292,0.0,0.0
2024-07-09 13:50:00-04:00,27.71500015258789,27.735000610351562,27.700000762939453,27.700000762939453,169051,0.0,0.0
2024-07-09 13:55:00-04:00,27.700000762939453,27.71500015258789,27.68000030517578,27.684999465942383,252468,0.0,0.0
2024-07-09 14:00:00-04:00,27.684999465942383,27.69499969482422,27.68000030517578,27.684999465942383,52189,0.0,0.0
2024-07-09 14:05:00-04:00,27.6835994720459,27.700000762939453,27.68000030517578,27.690000534057617,86467,0.0,0.0
2024-07-09 14:10:00-04:00,27.69499969482422,27.70800018310547,27.670000076293945,27.684999465942383,144719,0.0,0.0
2024-07-09 14:15:00-04:00,27.684999465942383,27.690000534057617,27.670000076293945,27.684999465942383,129618,0.0,0.0
2024-07-09 14:20:00-04:00,27.684999465942383,27.700000762939453,27.68000030517578,27.690000534057617,178179,0.0,0.0
2024-07-09 14:25:00-04:00,27.68090057373047,27.700000762939453,27.670000076293945,27.6742000579834,145458,0.0,0.0
2024-07-09 14:30:00-04:00,27.674999237060547,27.700000762939453,27.670000076293945,27.690000534057617,115360,0.0,0.0
2024-07-09 14:35:00-04:00,27.700000762939453,27.719999313354492,27.690000534057617,27.69499969482422,101036,0.0,0.0
2024-07-09 14:40:00-04:00,27.690000534057617,27.700000762939453,27.645000457763672,27.665000915527344,124052,0.0,0.0
2024-07-09 14:45:00-04:00,27.670000076293945,27.709999084472656,27.65999984741211,27.704999923706055,154484,0.0,0.0
2024-07-09 14:50:00-04:00,27.70599937438965,27.71500015258789,27.670000076293945,27.67009925842285,137505,0.0,0.0
2024-07-09 14:55:00-04:00,27.670000076293945,27.690000534057617,27.66010093688965,27.684999465942383,145903,0.0,0.0
2024-07-09 15:00:00-04:00,27.690000534057617,27.690000534057617,27.649999618530273,27.655000686645508,108757,0.0,0.0
2024-07-09 15:05:00-04:00,27.649999618530273,27.65999984741211,27.6200008392334,27.629899978637695,212135,0.0,0.0
2024-07-09 15:10:00-04:00,27.6200008392334,27.649999618530273,27.6200008392334,27.639999389648438,158287,0.0,0.0
2024-07-09 15:15:00-04:00,27.635000228881836,27.649499893188477,27.611000061035156,27.611000061035156,292243,0.0,0.0
2024-07-09 15:20:00-04:00,27.61389923095703,27.6299991607666,27.610000610351562,27.614999771118164,196955,0.0,0.0
2024-07-09 15:25:00-04:00,27.614999771118164,27.649999618530273,27.610000610351562,27.6299991607666,383573,0.0,0.0
2024-07-09 15:30:00-04:00,27.635000228881836,27.655000686645508,27.6299991607666,27.645000457763672,256783,0.0,0.0
2024-07-09 15:35:00-04:00,27.645000457763672,27.684999465942383,27.639999389648438,27.665000915527344,309100,0.0,0.0
2024-07-09 15:40:00-04:00,27.665000915527344,27.68000030517578,27.645000457763672,27.665000915527344,389423,0.0,0.0
2024-07-09 15:45:00-04:00,27.665000915527344,27.739999771118164,27.65999984741211,27.729999542236328,646176,0.0,0.0
2024-07-09 15:50:00-04:00,27.725000381469727,27.739999771118164,27.704999923706055,27.71500015258789,1054737,0.0,0.0
2024-07-09 15:55:00-04:00,27.71500015258789,27.719999313354492,27.670000076293945,27.71500015258789,1747118,0.0,0.0
2024-07-10 09:30:00-04:00,27.829999923706055,28.125,27.799999237060547,28.06999969482422,1654835,0.0,0.0
2024-07-10 09:35:00-04:00,28.06999969482422,28.1299991607666,28.030000686645508,28.09000015258789,590155,0.0,0.0
2024-07-10 09:40:00-04:00,28.084999084472656,28.149999618530273,28.06999969482422,28.084999084472656,462312,0.0,0.0
2024-07-10 09:45:00-04:00,28.09000015258789,28.1299991607666,28.059999465942383,28.094999313354492,560662,0.0,0.0
2024-07-10 09:50:00-04:00,28.100000381469727,28.1200008392334,28.059999465942383,28.110000610351562,294353,0.0,0.0
2024-07-10 09:55:00-04:00,28.1200008392334,28.170000076293945,28.100000381469727,28.13010025024414,551614,0.0,0.0
2024-07-10 10:00:00-04:00,28.135000228881836,28.190000534057617,28.075000762939453,28.139999389648438,518412,0.0,0.0
2024-07-10 10:05:00-04:00,28.139999389648438,28.18000030517578,28.040000915527344,28.040000915527344,289912,0.0,0.0
2024-07-10 10:10:00-04:00,28.049999237060547,28.049999237060547,27.979999542236328,28.045000076293945,260706,0.0,0.0
2024-07-10 10:15:00-04:00,28.040000915527344,28.149999618530273,28.040000915527344,28.129100799560547,283728,0.0,0.0
2024-07-10 10:20:00-04:00,28.121200561523438,28.149999618530273,28.100000381469727,28.110000610351562,235369,0.0,0.0
2024-07-10 10:25:00-04:00,28.114999771118164,28.145000457763672,28.100000381469727,28.125,153250,0.0,0.0
2024-07-10 10:30:00-04:00,28.1299991607666,28.135000228881836,28.100000381469727,28.104999542236328,163517,0.0,0.0
2024-07-10 10:35:00-04:00,28.103700637817383,28.1299991607666,28.100000381469727,28.12700080871582,199720,0.0,0.0
2024-07-10 10:40:00-04:00,28.1299991607666,28.1299991607666,28.059999465942383,28.084999084472656,230768,0.0,0.0
2024-07-10 10:45:00-04:00,28.084999084472656,28.100000381469727,28.040000915527344,28.045000076293945,204356,0.0,0.0
2024-07-10 10:50:00-04:00,28.040199279785156,28.065000534057617,28.010000228881836,28.06170082092285,186809,0.0,0.0
2024-07-10 10:55:00-04:00,28.065000534057617,28.079999923706055,28.059999465942383,28.06999969482422,87355,0.0,0.0
2024-07-10 11:00:00-04:00,28.075000762939453,28.079999923706055,28.030000686645508,28.040000915527344,190548,0.0,0.0
2024-07-10 11:05:00-04:00,28.03499984741211,28.075000762939453,28.03499984741211,28.05500030517578,108919,0.0,0.0
2024-07-10 11:10:00-04:00,28.049999237060547,28.05500030517578,28.0,28.024999618530273,356494,0.0,0.0
2024-07-10 11:15:00-04:00,28.024999618530273,28.094999313354492,28.020000457763672,28.094999313354492,569449,0.0,0.0
2024-07-10 11:20:00-04:00,28.09000015258789,28.184999465942383,28.079999923706055,28.18000030517578,786186,0.0,0.0
2024-07-10 11:25:00-04:00,28.174999237060547,28.18000030517578,28.100000381469727,28.100200653076172,340844,0.0,0.0
2024-07-10 11:30:00-04:00,28.100000381469727,28.1200008392334,28.09000015258789,28.114999771118164,208344,0.0,0.0
2024-07-10 11:35:00-04:00,28.114999771118164,28.18000030517578,28.110000610351562,28.174999237060547,411096,0.0,0.0
2024-07-10 11:40:00-04:00,28.174999237060547,28.229999542236328,28.170000076293945,28.22100067138672,371098,0.0,0.0
2024-07-10 11:45:00-04:00,28.225000381469727,28.239999771118164,28.190000534057617,28.209999084472656,447781,0.0,0.0
2024-07-10 11:50:00-04:00,28.204999923706055,28.209999084472656,28.190000534057617,28.204999923706055,164532,0.0,0.0
2024-07-10 11:55:00-04:00,28.204999923706055,28.229999542236328,28.190000534057617,28.19499969482422,143336,0.0,0.0
2024-07-10 12:00:00-04:00,28.19499969482422,28.225000381469727,28.174999237060547,28.174999237060547,277042,0.0,0.0
2024-07-10 12:05:00-04:00,28.18000030517578,28.18000030517578,28.139999389648438,28.155000686645508,371348,0.0,0.0
2024-07-10 12:10:00-04:00,28.155000686645508,28.189899444580078,28.139999389648438,28.184999465942383,140139,0.0,0.0
2024-07-10 12:15:00-04:00,28.184999465942383,28.20989990234375,28.15999984741211,28.204999923706055,202345,0.0,0.0
2024-07-10 12:20:00-04:00,28.204999923706055,28.239999771118164,28.204999923706055,28.235000610351562,392166,0.0,0.0
2024-07-10 12:25:00-04:00,28.2367000579834,28.260000228881836,28.200000762939453,28.204999923706055,258780,0.0,0.0
2024-07-10 12:30:00-04:00,28.209999084472656,28.260000228881836,28.190000534057617,28.239999771118164,327465,0.0,0.0
2024-07-10 12:35:00-04:00,28.239999771118164,28.260000228881836,28.239999771118164,28.2549991607666,121728,0.0,0.0
2024-07-10 12:40:00-04:00,28.2549991607666,28.280000686645508,28.233800888061523,28.264999389648438,215387,0.0,0.0
2024-07-10 12:45:00-04:00,28.268999099731445,28.315000534057617,28.268999099731445,28.295000076293945,341842,0.0,0.0
2024-07-10 12:50:00-04:00,28.290199279785156,28.329999923706055,28.280000686645508,28.325000762939453,456994,0.0,0.0
2024-07-10 12:55:00-04:00,28.32469940185547,28.325000762939453,28.270099639892578,28.295000076293945,185842,0.0,0.0
2024-07-10 13:00:00-04:00,28.2908992767334,28.344999313354492,28.290000915527344,28.334999084472656,154897,0.0,0.0
2024-07-10 13:05:00-04:00,28.34000015258789,28.40999984741211,28.329999923706055,28.3799991607666,432036,0.0,0.0
2024-07-10 13:10:00-04:00,28.385000228881836,28.385900497436523,28.360000610351562,28.375,168705,0.0,0.0
2024-07-10 13:15:00-04:00,28.375,28.375,28.344999313354492,28.344999313354492,183806,0.0,0.0
2024-07-10 13:20:00-04:00,28.350000381469727,28.364999771118164,28.329999923706055,28.334999084472656,219536,0.0,0.0
2024-07-10 13:25:00-04:00,28.334999084472656,28.34000015258789,28.31999969482422,28.325000762939453,125259,0.0,0.0
2024-07-10 13:30:00-04:00,28.325000762939453,28.33989906311035,28.299999237060547,28.30500030517578,103584,0.0,0.0
2024-07-10 13:35:00-04:00,28.30500030517578,28.325000762939453,28.299999237060547,28.30500030517578,123140,0.0,0.0
2024-07-10 13:40:00-04:00,28.30500030517578,28.329999923706055,28.299999237060547,28.314699172973633,123138,0.0,0.0
2024-07-10 13:45:00-04:00,28.315000534057617,28.315000534057617,28.270000457763672,28.270099639892578,130597,0.0,0.0
2024-07-10 13:50:00-04:00,28.270000457763672,28.299999237060547,28.260000228881836,28.29990005493164,161378,0.0,0.0
2024-07-10 13:55:00-04:00,28.295000076293945,28.30500030517578,28.28499984741211,28.295000076293945,89183,0.0,0.0
2024-07-10 14:00:00-04:00,28.295000076293945,28.299999237060547,28.239999771118164,28.260000228881836,196277,0.0,0.0
2024-07-10 14:05:00-04:00,28.264999389648438,28.270000457763672,28.2549991607666,28.264999389648438,69533,0.0,0.0
2024-07-10 14:10:00-04:00,28.264999389648438,28.270000457763672,28.219999313354492,28.219999313354492,99277,0.0,0.0
2024-07-10 14:15:00-04:00,28.225000381469727,28.229999542236328,28.200000762939453,28.200000762939453,122318,0.0,0.0
2024-07-10 14:20:00-04:00,28.204999923706055,28.204999923706055,28.170000076293945,28.174999237060547,131964,0.0,0.0
2024-07-10 14:25:00-04:00,28.174999237060547,28.174999237060547,28.149999618530273,28.16990089416504,190410,0.0,0.0
2024-07-10 14:30:00-04:00,28.165000915527344,28.200000762939453,28.139999389648438,28.199399948120117,174246,0.0,0.0
2024-07-10 14:35:00-04:00,28.200000762939453,28.229999542236328,28.19499969482422,28.21500015258789,183372,0.0,0.0
2024-07-10 14:40:00-04:00,28.210500717163086,28.239900588989258,28.190000534057617,28.19499969482422,116968,0.0,0.0
2024-07-10 14:45:00-04:00,28.19099998474121,28.209999084472656,28.18000030517578,28.184999465942383,110605,0.0,0.0
2024-07-10 14:50:00-04:00,28.184999465942383,28.199899673461914,28.170000076293945,28.19499969482422,164831,0.0,0.0
2024-07-10 14:55:00-04:00,28.19499969482422,28.23509979248047,28.190000534057617,28.230100631713867,178861,0.0,0.0
2024-07-10 15:00:00-04:00,28.235000610351562,28.260000228881836,28.235000610351562,28.25,169091,0.0,0.0
2024-07-10 15:05:00-04:00,28.2549991607666,28.260000228881836,28.229999542236328,28.239999771118164,113002,0.0,0.0
2024-07-10 15:10:00-04:00,28.235000610351562,28.239999771118164,28.229999542236328,28.239999771118164,64078,0.0,0.0
2024-07-10 15:15:00-04:00,28.235000610351562,28.239999771118164,28.170000076293945,28.21500015258789,602018,0.0,0.0
2024-07-10 15:20:00-04:00,28.21500015258789,28.2450008392334,28.190000534057617,28.24370002746582,305942,0.0,0.0
2024-07-10 15:25:00-04:00,28.2450008392334,28.25,28.204999923706055,28.21500015258789,156075,0.0,0.0
2024-07-10 15:30:00-04:00,28.219999313354492,28.274999618530273,28.219999313354492,28.264999389648438,215559,0.0,0.0
2024-07-10 15:35:00-04:00,28.26759910583496,28.26759910583496,28.219999313354492,28.235000610351562,213965,0.0,0.0
2024-07-10 15:40:00-04:00,28.235000610351562,28.2450008392334,28.219999313354492,28.225000381469727,174813,0.0,0.0
2024-07-10 15:45:00-04:00,28.225000381469727,28.260000228881836,28.219999313354492,28.2450008392334,392602,0.0,0.0
2024-07-10 15:50:00-04:00,28.2450008392334,28.309999465942383,28.24180030822754,28.28190040588379,392420,0.0,0.0
2024-07-10 15:55:00-04:00,28.290000915527344,28.360000610351562,28.270000457763672,28.34000015258789,1704284,0.0,0.0
2024-07-11 09:30:00-04:00,28.780000686645508,29.170000076293945,28.75,29.05500030517578,7802858,0.0,0.0
2024-07-11 09:35:00-04:00,29.05500030517578,29.229999542236328,28.979999542236328,29.06999969482422,1128002,0.0,0.0
2024-07-11 09:40:00-04:00,29.0674991607666,29.079999923706055,28.684999465942383,28.700000762939453,1499147,0.0,0.0
2024-07-11 09:45:00-04:00,28.700000762939453,28.790000915527344,28.57270050048828,28.729999542236328,994722,0.0,0.0
2024-07-11 09:50:00-04:00,28.725000381469727,28.780000686645508,28.670000076293945,28.719999313354492,815926,0.0,0.0
2024-07-11 09:55:00-04:00,28.725000381469727,28.780000686645508,28.59000015258789,28.670000076293945,778339,0.0,0.0
2024-07-11 10:00:00-04:00,28.670000076293945,28.770000457763672,28.65999984741211,28.690000534057617,613027,0.0,0.0
2024-07-11 10:05:00-04:00,28.69499969482422,28.700000762939453,28.559999465942383,28.575000762939453,742565,0.0,0.0
2024-07-11 10:10:00-04:00,28.575000762939453,28.6299991607666,28.549999237060547,28.579999923706055,472639,0.0,0.0
2024-07-11 10:15:00-04:00,28.575000762939453,28.655000686645508,28.565000534057617,28.584999084472656,635637,0.0,0.0
2024-07-11 10:20:00-04:00,28.584999084472656,28.59000015258789,28.440000534057617,28.450000762939453,884126,0.0,0.0
2024-07-11 10:25:00-04:00,28.454999923706055,28.530000686645508,28.450000762939453,28.5,434227,0.0,0.0
2024-07-11 10:30:00-04:00,28.5049991607666,28.559999465942383,28.469999313354492,28.508800506591797,339025,0.0,0.0
2024-07-11 10:35:00-04:00,28.5049991607666,28.510000228881836,28.440000534057617,28.440000534057617,471769,0.0,0.0
2024-07-11 10:40:00-04:00,28.450000762939453,28.5049991607666,28.450000762939453,28.485000610351562,454811,0.0,0.0
2024-07-11 10:45:00-04:00,28.485000610351562,28.520000457763672,28.459999084472656,28.519899368286133,362425,0.0,0.0
2024-07-11 10:50:00-04:00,28.514999389648438,28.559999465942383,28.489999771118164,28.54990005493164,307963,0.0,0.0
2024-07-11 10:55:00-04:00,28.540000915527344,28.575000762939453,28.530000686645508,28.575000762939453,359682,0.0,0.0
2024-07-11 11:00:00-04:00,28.579999923706055,28.61989974975586,28.565000534057617,28.610000610351562,272024,0.0,0.0
2024-07-11 11:05:00-04:00,28.604999542236328,28.6200008392334,28.454999923706055,28.46500015258789,439019,0.0,0.0
2024-07-11 11:10:00-04:00,28.469999313354492,28.530000686645508,28.459999084472656,28.485000610351562,294295,0.0,0.0
2024-07-11 11:15:00-04:00,28.485000610351562,28.489999771118164,28.420000076293945,28.489999771118164,362155,0.0,0.0
2024-07-11 11:20:00-04:00,28.485000610351562,28.5,28.450000762939453,28.5,308252,0.0,0.0
2024-07-11 11:25:00-04:00,28.4950008392334,28.5,28.450000762939453,28.5,327540,0.0,0.0
2024-07-11 11:30:00-04:00,28.4950008392334,28.540000915527344,28.469999313354492,28.540000915527344,433453,0.0,0.0
2024-07-11 11:35:00-04:00,28.53499984741211,28.725000381469727,28.530000686645508,28.684999465942383,575046,0.0,0.0
2024-07-11 11:40:00-04:00,28.684999465942383,28.690000534057617,28.59000015258789,28.65999984741211,428903,0.0,0.0
2024-07-11 11:45:00-04:00,28.665000915527344,28.71500015258789,28.639999389648438,28.700000762939453,286398,0.0,0.0
2024-07-11 11:50:00-04:00,28.704999923706055,28.719999313354492,28.690000534057617,28.71500015258789,320468,0.0,0.0
2024-07-11 11:55:00-04:00,28.71500015258789,28.729999542236328,28.700000762939453,28.725000381469727,202765,0.0,0.0
2024-07-11 12:00:00-04:00,28.725900650024414,28.75,28.709999084472656,28.716400146484375,196460,0.0,0.0
2024-07-11 12:05:00-04:00,28.71500015258789,28.719999313354492,28.690000534057617,28.71500015258789,452797,0.0,0.0
2024-07-11 12:10:00-04:00,28.71500015258789,28.75,28.709999084472656,28.739700317382812,270572,0.0,0.0
2024-07-11 12:15:00-04:00,28.735000610351562,28.739999771118164,28.719999313354492,28.725000381469727,141035,0.0,0.0
2024-07-11 12:20:00-04:00,28.729999542236328,28.790000915527344,28.719999313354492,28.774999618530273,296839,0.0,0.0
2024-07-11 12:25:00-04:00,28.774999618530273,28.78499984741211,28.739999771118164,28.75,213067,0.0,0.0
2024-07-11 12:30:00-04:00,28.7549991607666,28.799999237060547,28.75,28.78499984741211,215523,0.0,0.0
2024-07-11 12:35:00-04:00,28.78499984741211,28.81999969482422,28.780000686645508,28.815000534057617,349507,0.0,0.0
2024-07-11 12:40:00-04:00,28.815000534057617,28.850000381469727,28.770000457763672,28.81999969482422,618895,0.0,0.0
2024-07-11 12:45:00-04:00,28.815000534057617,28.817699432373047,28.760000228881836,28.770000457763672,175638,0.0,0.0
2024-07-11 12:50:00-04:00,28.764999389648438,28.77869987487793,28.739999771118164,28.774999618530273,255231,0.0,0.0
2024-07-11 12:55:00-04:00,28.770299911499023,28.8700008392334,28.770000457763672,28.8700008392334,447301,0.0,0.0
2024-07-11 13:00:00-04:00,28.86989974975586,28.895000457763672,28.850000381469727,28.8533992767334,1034631,0.0,0.0
2024-07-11 13:05:00-04:00,28.854999542236328,28.854999542236328,28.7549991607666,28.78499984741211,304358,0.0,0.0
2024-07-11 13:10:00-04:00,28.78499984741211,28.78499984741211,28.739999771118164,28.770000457763672,230606,0.0,0.0
2024-07-11 13:15:00-04:00,28.764999389648438,28.774999618530273,28.719999313354492,28.722400665283203,243719,0.0,0.0
2024-07-11 13:20:00-04:00,28.725000381469727,28.729999542236328,28.65999984741211,28.670000076293945,206747,0.0,0.0
2024-07-11 13:25:00-04:00,28.670000076293945,28.68000030517578,28.649999618530273,28.665000915527344,185327,0.0,0.0
2024-07-11 13:30:00-04:00,28.665000915527344,28.700000762939453,28.65999984741211,28.65999984741211,160658,0.0,0.0
2024-07-11 13:35:00-04:00,28.665000915527344,28.670000076293945,28.6200008392334,28.625,199344,0.0,0.0
2024-07-11 13:40:00-04:00,28.625,28.655000686645508,28.584999084472656,28.599899291992188,405373,0.0,0.0
2024-07-11 13:45:00-04:00,28.59000015258789,28.610000610351562,28.570100784301758,28.600000381469727,275336,0.0,0.0
2024-07-11 13:50:00-04:00,28.610000610351562,28.670000076293945,28.610000610351562,28.655000686645508,230988,0.0,0.0
2024-07-11 13:55:00-04:00,28.655000686645508,28.700000762939453,28.655000686645508,28.690000534057617,175862,0.0,0.0
2024-07-11 14:00:00-04:00,28.684999465942383,28.700000762939453,28.665000915527344,28.69499969482422,177285,0.0,0.0
2024-07-11 14:05:00-04:00,28.692100524902344,28.709999084472656,28.68000030517578,28.684999465942383,176863,0.0,0.0
2024-07-11 14:10:00-04:00,28.690000534057617,28.709999084472656,28.670000076293945,28.698299407958984,129635,0.0,0.0
2024-07-11 14:15:00-04:00,28.69499969482422,28.700000762939453,28.665000915527344,28.674999237060547,182192,0.0,0.0
2024-07-11 14:20:00-04:00,28.674999237060547,28.690000534057617,28.670000076293945,28.670000076293945,137130,0.0,0.0
2024-07-11 14:25:00-04:00,28.68000030517578,28.690000534057617,28.649999618530273,28.665000915527344,151818,0.0,0.0
2024-07-11 14:30:00-04:00,28.665000915527344,28.709999084472656,28.65999984741211,28.69499969482422,183979,0.0,0.0
2024-07-11 14:35:00-04:00,28.693500518798828,28.735000610351562,28.690000534057617,28.725000381469727,402951,0.0,0.0
2024-07-11 14:40:00-04:00,28.725000381469727,28.75,28.709999084472656,28.725000381469727,254382,0.0,0.0
2024-07-11 14:45:00-04:00,28.719999313354492,28.729900360107422,28.649999618530273,28.657499313354492,237419,0.0,0.0
2024-07-11 14:50:00-04:00,28.65369987487793,28.65999984741211,28.6200008392334,28.62619972229004,211266,0.0,0.0
2024-07-11 14:55:00-04:00,28.6200008392334,28.639999389648438,28.610000610351562,28.635000228881836,185389,0.0,0.0
2024-07-11 15:00:00-04:00,28.636499404907227,28.659700393676758,28.6299991607666,28.6299991607666,169382,0.0,0.0
2024-07-11 15:05:00-04:00,28.6299991607666,28.645000457763672,28.6200008392334,28.6200008392334,187385,0.0,0.0
2024-07-11 15:10:00-04:00,28.6200008392334,28.6299991607666,28.610000610351562,28.614999771118164,123971,0.0,0.0
2024-07-11 15:15:00-04:00,28.614999771118164,28.68000030517578,28.610000610351562,28.645000457763672,244445,0.0,0.0
2024-07-11 15:20:00-04:00,28.645000457763672,28.65999984741211,28.639999389648438,28.649999618530273,235836,0.0,0.0
2024-07-11 15:25:00-04:00,28.639999389648438,28.690000534057617,28.639999389648438,28.674999237060547,397342,0.0,0.0
2024-07-11 15:30:00-04:00,28.68000030517578,28.700000762939453,28.65999984741211,28.65999984741211,304988,0.0,0.0
2024-07-11 15:35:00-04:00,28.65999984741211,28.709999084472656,28.655000686645508,28.670000076293945,374604,0.0,0.0
2024-07-11 15:40:00-04:00,28.674999237060547,28.68000030517578,28.639999389648438,28.645000457763672,401052,0.0,0.0
2024-07-11 15:45:00-04:00,28.639999389648438,28.649999618530273,28.6200008392334,28.639999389648438,395929,0.0,0.0
2024-07-11 15:50:00-04:00,28.649999618530273,28.700000762939453,28.645000457763672,28.666000366210938,573812,0.0,0.0
2024-07-11 15:55:00-04:00,28.665000915527344,28.700000762939453,28.649999618530273,28.649999618530273,1760664,0.0,0.0
2024-07-12 09:30:00-04:00,28.899999618530273,28.940000534057617,28.790000915527344,28.864999771118164,1547625,0.0,0.0
2024-07-12 09:35:00-04:00,28.8700008392334,28.920000076293945,28.790000915527344,28.8700008392334,383137,0.0,0.0
2024-07-12 09:40:00-04:00,28.864999771118164,28.979999542236328,28.829999923706055,28.94230079650879,462919,0.0,0.0
2024-07-12 09:45:00-04:00,28.940000534057617,29.049999237060547,28.93000030517578,29.041000366210938,1252616,0.0,0.0
2024-07-12 09:50:00-04:00,29.047300338745117,29.059999465942383,28.86009979248047,28.878999710083008,446136,0.0,0.0
2024-07-12 09:55:00-04:00,28.87579917907715,28.950000762939453,28.860000610351562,28.950000762939453,252521,0.0,0.0
2024-07-12 10:00:00-04:00,28.950000762939453,28.969999313354492,28.90999984741211,28.96500015258789,237526,0.0,0.0
2024-07-12 10:05:00-04:00,28.96500015258789,29.040000915527344,28.959999084472656,29.03499984741211,357141,0.0,0.0
2024-07-12 10:10:00-04:00,29.03499984741211,29.059999465942383,29.020000457763672,29.05500030517578,333808,0.0,0.0
2024-07-12 10:15:00-04:00,29.049999237060547,29.09000015258789,29.040000915527344,29.059999465942383,278825,0.0,0.0
2024-07-12 10:20:00-04:00,29.065000534057617,29.065000534057617,29.010700225830078,29.015199661254883,390907,0.0,0.0
2024-07-12 10:25:00-04:00,29.018400192260742,29.1299991607666,29.018400192260742,29.1299991607666,399135,0.0,0.0
2024-07-12 10:30:00-04:00,29.1299991607666,29.1299991607666,29.065000534057617,29.104999542236328,365295,0.0,0.0
2024-07-12 10:35:00-04:00,29.104999542236328,29.139999389648438,29.06999969482422,29.06999969482422,255852,0.0,0.0
2024-07-12 10:40:00-04:00,29.065000534057617,29.065000534057617,28.950000762939453,28.975000381469727,416702,0.0,0.0
2024-07-12 10:45:00-04:00,28.975000381469727,29.014999389648438,28.959999084472656,28.96500015258789,274738,0.0,0.0
2024-07-12 10:50:00-04:00,28.96500015258789,28.969999313354492,28.93000030517578,28.934999465942383,263610,0.0,0.0
2024-07-12 10:55:00-04:00,28.93000030517578,28.969999313354492,28.93000030517578,28.96500015258789,101946,0.0,0.0
2024-07-12 11:00:00-04:00,28.989999771118164,29.0049991607666,28.959999084472656,29.0049991607666,286547,0.0,0.0
2024-07-12 11:05:00-04:00,29.0049991607666,29.045000076293945,29.0,29.003999710083008,296104,0.0,0.0
2024-07-12 11:10:00-04:00,29.0049991607666,29.010000228881836,28.959999084472656,28.975000381469727,206942,0.0,0.0
2024-07-12 11:15:00-04:00,28.975000381469727,28.9950008392334,28.93000030517578,28.954999923706055,211368,0.0,0.0
2024-07-12 11:20:00-04:00,28.954999923706055,28.979999542236328,28.950000762939453,28.954999923706055,179820,0.0,0.0
2024-07-12 11:25:00-04:00,28.954999923706055,28.989999771118164,28.920000076293945,28.975000381469727,249257,0.0,0.0
2024-07-12 11:30:00-04:00,28.975000381469727,28.9950008392334,28.959999084472656,28.96500015258789,195529,0.0,0.0
2024-07-12 11:35:00-04:00,28.96500015258789,28.976200103759766,28.899999618530273,28.90999984741211,434248,0.0,0.0
2024-07-12 11:40:00-04:00,28.917699813842773,28.959999084472656,28.889999389648438,28.95639991760254,411568,0.0,0.0
2024-07-12 11:45:00-04:00,28.95989990234375,28.959999084472656,28.920000076293945,28.94700050354004,212078,0.0,0.0
2024-07-12 11:50:00-04:00,28.950000762939453,28.979999542236328,28.94499969482422,28.954999923706055,229154,0.0,0.0
2024-07-12 11:55:00-04:00,28.952800750732422,29.0049991607666,28.920000076293945,28.989999771118164,314090,0.0,0.0
2024-07-12 12:00:00-04:00,28.999900817871094,29.020000457763672,28.979999542236328,29.014999389648438,204334,0.0,0.0
2024-07-12 12:05:00-04:00,29.010099411010742,29.039899826049805,29.0,29.03499984741211,164299,0.0,0.0
2024-07-12 12:10:00-04:00,29.039899826049805,29.049999237060547,29.0,29.0049991607666,208852,0.0,0.0
2024-07-12 12:15:00-04:00,29.010000228881836,29.030000686645508,28.9950008392334,29.014999389648438,154392,0.0,0.0
2024-07-12 12:20:00-04:00,29.014999389648438,29.020000457763672,28.989999771118164,28.9950008392334,135654,0.0,0.0
2024-07-12 12:25:00-04:00,28.9950008392334,29.0049991607666,28.979999542236328,28.9950008392334,87862,0.0,0.0
2024-07-12 12:30:00-04:00,28.9950008392334,29.010000228881836,28.989999771118164,28.9950008392334,108568,0.0,0.0
2024-07-12 12:35:00-04:00,28.9950008392334,29.0,28.959999084472656,28.962400436401367,97813,0.0,0.0
2024-07-12 12:40:00-04:00,28.96500015258789,29.0,28.959999084472656,29.0,91862,0.0,0.0
2024-07-12 12:45:00-04:00,28.9950008392334,29.0,28.979999542236328,28.99720001220703,134395,0.0,0.0
2024-07-12 12:50:00-04:00,29.0,29.020000457763672,28.989999771118164,29.014999389648438,142049,0.0,0.0
2024-07-12 12:55:00-04:00,29.014999389648438,29.049999237060547,29.010000228881836,29.045000076293945,132845,0.0,0.0
2024-07-12 13:00:00-04:00,29.040000915527344,29.047800064086914,29.0,29.014999389648438,121733,0.0,0.0
2024-07-12 13:05:00-04:00,29.014999389648438,29.040000915527344,29.010000228881836,29.03499984741211,101343,0.0,0.0
2024-07-12 13:10:00-04:00,29.030000686645508,29.059999465942383,29.030000686645508,29.045000076293945,176197,0.0,0.0
2024-07-12 13:15:00-04:00,29.049999237060547,29.079999923706055,29.030000686645508,29.079999923706055,452475,0.0,0.0
2024-07-12 13:20:00-04:00,29.079999923706055,29.110000610351562,29.049999237060547,29.063499450683594,303187,0.0,0.0
2024-07-12 13:25:00-04:00,29.059999465942383,29.059999465942383,28.989999771118164,29.010000228881836,385761,0.0,0.0
2024-07-12 13:30:00-04:00,29.0,29.079999923706055,29.0,29.075000762939453,217761,0.0,0.0
2024-07-12 13:35:00-04:00,29.075000762939453,29.1200008392334,29.06999969482422,29.094999313354492,212802,0.0,0.0
2024-07-12 13:40:00-04:00,29.091899871826172,29.100000381469727,29.06999969482422,29.09000015258789,144191,0.0,0.0
2024-07-12 13:45:00-04:00,29.084999084472656,29.094999313354492,29.06999969482422,29.079999923706055,319105,0.0,0.0
2024-07-12 13:50:00-04:00,29.06999969482422,29.09000015258789,29.059999465942383,29.075000762939453,170663,0.0,0.0
2024-07-12 13:55:00-04:00,29.078399658203125,29.09000015258789,29.049999237060547,29.065000534057617,144633,0.0,0.0
2024-07-12 14:00:00-04:00,29.059999465942383,29.06999969482422,29.050100326538086,29.065000534057617,174162,0.0,0.0
2024-07-12 14:05:00-04:00,29.069000244140625,29.09000015258789,29.059999465942383,29.089000701904297,117512,0.0,0.0
2024-07-12 14:10:00-04:00,29.09000015258789,29.100000381469727,29.059999465942383,29.06999969482422,168301,0.0,0.0
2024-07-12 14:15:00-04:00,29.067100524902344,29.100000381469727,29.059999465942383,29.094999313354492,184703,0.0,0.0
2024-07-12 14:20:00-04:00,29.094999313354492,29.100000381469727,29.059999465942383,29.065000534057617,118556,0.0,0.0
2024-07-12 14:25:00-04:00,29.059999465942383,29.065000534057617,29.010000228881836,29.039899826049805,187438,0.0,0.0
2024-07-12 14:30:00-04:00,29.03499984741211,29.040000915527344,29.024999618530273,29.03499984741211,129739,0.0,0.0
2024-07-12 14:35:00-04:00,29.030000686645508,29.040000915527344,29.020000457763672,29.03499984741211,95178,0.0,0.0
2024-07-12 14:40:00-04:00,29.040000915527344,29.05500030517578,29.030000686645508,29.045000076293945,107540,0.0,0.0
2024-07-12 14:45:00-04:00,29.040199279785156,29.049999237060547,29.030000686645508,29.035900115966797,108599,0.0,0.0
2024-07-12 14:50:00-04:00,29.03499984741211,29.049999237060547,29.030000686645508,29.049999237060547,118699,0.0,0.0
2024-07-12 14:55:00-04:00,29.045000076293945,29.139999389648438,29.040000915527344,29.135000228881836,528635,0.0,0.0
2024-07-12 15:00:00-04:00,29.13599967956543,29.13599967956543,29.059999465942383,29.075000762939453,254062,0.0,0.0
2024-07-12 15:05:00-04:00,29.075000762939453,29.079999923706055,29.020000457763672,29.03499984741211,182532,0.0,0.0
2024-07-12 15:10:00-04:00,29.030000686645508,29.040000915527344,29.020000457763672,29.020000457763672,183420,0.0,0.0
2024-07-12 15:15:00-04:00,29.024999618530273,29.040000915527344,29.0,29.024999618530273,258267,0.0,0.0
2024-07-12 15:20:00-04:00,29.027099609375,29.03499984741211,29.010000228881836,29.014999389648438,138607,0.0,0.0
2024-07-12 15:25:00-04:00,29.014999389648438,29.038799285888672,29.0,29.010000228881836,172042,0.0,0.0
2024-07-12 15:30:00-04:00,29.009899139404297,29.020000457763672,28.989999771118164,29.0,397588,0.0,0.0
2024-07-12 15:35:00-04:00,29.0,29.0,28.969999313354492,28.985000610351562,242215,0.0,0.0
2024-07-12 15:40:00-04:00,28.979999542236328,28.989999771118164,28.959999084472656,28.96500015258789,173387,0.0,0.0
2024-07-12 15:45:00-04:00,28.96500015258789,28.979999542236328,28.94499969482422,28.954999923706055,314738,0.0,0.0
2024-07-12 15:50:00-04:00,28.959999084472656,28.959999084472656,28.920000076293945,28.920000076293945,753078,0.0,0.0
2024-07-12 15:55:00-04:00,28.924999237060547,28.950000762939453,28.899999618530273,28.93000030517578,1249982,0.0,0.0
2024-07-15 09:30:00-04:00,29.030000686645508,29.184999465942383,29.020000457763672,29.143999099731445,1305811,0.0,0.0
2024-07-15 09:35:00-04:00,29.145000457763672,29.200000762939453,29.09000015258789,29.094999313354492,606581,0.0,0.0
2024-07-15 09:40:00-04:00,29.026607513427734,29.059999465942383,28.969999313354492,29.030000686645508,684213,0.0,0.0
2024-07-15 09:45:00-04:00,29.024999618530273,29.059999465942383,28.989999771118164,29.040000915527344,273608,0.0,0.0
2024-07-15 09:50:00-04:00,29.040000915527344,29.06999969482422,29.010000228881836,29.065000534057617,236237,0.0,0.0
2024-07-15 09:55:00-04:00,29.065000534057617,29.09000015258789,29.049999237060547,29.049999237060547,305725,0.0,0.0
2024-07-15 10:00:00-04:00,29.049999237060547,29.049999237060547,28.989999771118164,29.009899139404297,276534,0.0,0.0
2024-07-15 10:05:00-04:00,29.0,29.030000686645508,28.979999542236328,28.9950008392334,319487,0.0,0.0
2024-07-15 10:10:00-04:00,28.989999771118164,29.010000228881836,28.969999313354492,28.9950008392334,243076,0.0,0.0
2024-07-15 10:15:00-04:00,28.989999771118164,29.010000228881836,28.950000762939453,29.0049991607666,278105,0.0,0.0
2024-07-15 10:20:00-04:00,29.010000228881836,29.010000228881836,28.899999618530273,28.941099166870117,358252,0.0,0.0
2024-07-15 10:25:00-04:00,28.950000762939453,28.9552001953125,28.920000076293945,28.924999237060547,153699,0.0,0.0
2024-07-15 10:30:00-04:00,28.920000076293945,28.93000030517578,28.875,28.905000686645508,241001,0.0,0.0
2024-07-15 10:35:00-04:00,28.899999618530273,28.90999984741211,28.850000381469727,28.875,261140,0.0,0.0
2024-07-15 10:40:00-04:00,28.876699447631836,28.889999389648438,28.850000381469727,28.854999542236328,193400,0.0,0.0
2024-07-15 10:45:00-04:00,28.860000610351562,28.889999389648438,28.84000015258789,28.875,222045,0.0,0.0
2024-07-15 10:50:00-04:00,28.875,28.90999984741211,28.850000381469727,28.905000686645508,196171,0.0,0.0
2024-07-15 10:55:00-04:00,28.90250015258789,28.940000534057617,28.899999618530273,28.924999237060547,174192,0.0,0.0
2024-07-15 11:00:00-04:00,28.920000076293945,28.959999084472656,28.862499237060547,28.864999771118164,444944,0.0,0.0
2024-07-15 11:05:00-04:00,28.864999771118164,28.879899978637695,28.850000381469727,28.850000381469727,138624,0.0,0.0
2024-07-15 11:10:00-04:00,28.854999542236328,28.90999984741211,28.850000381469727,28.901599884033203,189666,0.0,0.0
2024-07-15 11:15:00-04:00,28.895000457763672,28.895000457763672,28.860000610351562,28.866500854492188,198596,0.0,0.0
2024-07-15 11:20:00-04:00,28.865699768066406,28.865699768066406,28.829999923706055,28.86050033569336,223883,0.0,0.0
2024-07-15 11:25:00-04:00,28.864999771118164,28.875,28.850000381469727,28.850000381469727,221585,0.0,0.0
2024-07-15 11:30:00-04:00,28.850000381469727,28.8799991607666,28.850000381469727,28.875,197348,0.0,0.0
2024-07-15 11:35:00-04:00,28.875,28.87700080871582,28.850000381469727,28.854999542236328,144493,0.0,0.0
2024-07-15 11:40:00-04:00,28.854999542236328,28.899999618530273,28.850000381469727,28.899999618530273,187815,0.0,0.0
2024-07-15 11:45:00-04:00,28.895000457763672,28.950000762939453,28.893600463867188,28.948999404907227,239951,0.0,0.0
2024-07-15 11:50:00-04:00,28.94499969482422,28.950000762939453,28.920000076293945,28.920499801635742,135003,0.0,0.0
2024-07-15 11:55:00-04:00,28.92099952697754,28.92099952697754,28.889999389648438,28.889999389648438,173321,0.0,0.0
2024-07-15 12:00:00-04:00,28.889999389648438,28.899999618530273,28.889999389648438,28.899999618530273,89818,0.0,0.0
2024-07-15 12:05:00-04:00,28.889999389648438,28.920000076293945,28.8700008392334,28.920000076293945,162625,0.0,0.0
2024-07-15 12:10:00-04:00,28.920000076293945,28.96500015258789,28.920000076293945,28.954999923706055,242639,0.0,0.0
2024-07-15 12:15:00-04:00,28.954999923706055,28.969999313354492,28.94499969482422,28.96500015258789,151205,0.0,0.0
2024-07-15 12:20:00-04:00,28.964000701904297,28.979999542236328,28.940000534057617,28.953399658203125,157062,0.0,0.0
2024-07-15 12:25:00-04:00,28.954999923706055,28.959999084472656,28.920000076293945,28.920000076293945,81637,0.0,0.0
2024-07-15 12:30:00-04:00,28.920000076293945,28.93000030517578,28.889999389648438,28.920000076293945,176379,0.0,0.0
2024-07-15 12:35:00-04:00,28.915000915527344,28.93000030517578,28.90999984741211,28.915000915527344,96997,0.0,0.0
2024-07-15 12:40:00-04:00,28.915000915527344,28.915000915527344,28.885000228881836,28.889999389648438,150731,0.0,0.0
2024-07-15 12:45:00-04:00,28.89310073852539,28.89310073852539,28.8700008392334,28.875,172747,0.0,0.0
2024-07-15 12:50:00-04:00,28.8700008392334,28.8799991607666,28.860000610351562,28.875,124163,0.0,0.0
2024-07-15 12:55:00-04:00,28.8700008392334,28.8799991607666,28.860000610351562,28.864999771118164,100990,0.0,0.0
2024-07-15 13:00:00-04:00,28.864999771118164,28.885799407958984,28.860000610351562,28.864999771118164,126748,0.0,0.0
2024-07-15 13:05:00-04:00,28.86009979248047,28.90999984741211,28.860000610351562,28.899999618530273,102565,0.0,0.0
2024-07-15 13:10:00-04:00,28.895000457763672,28.920000076293945,28.889999389648438,28.907499313354492,125356,0.0,0.0
2024-07-15 13:15:00-04:00,28.905000686645508,28.920000076293945,28.8700008392334,28.8799991607666,111343,0.0,0.0
2024-07-15 13:20:00-04:00,28.875,28.8799991607666,28.860000610351562,28.872299194335938,166813,0.0,0.0
2024-07-15 13:25:00-04:00,28.875,28.889999389648438,28.860000610351562,28.86989974975586,85400,0.0,0.0
2024-07-15 13:30:00-04:00,28.860000610351562,28.8700008392334,28.860000610351562,28.864999771118164,119021,0.0,0.0
2024-07-15 13:35:00-04:00,28.864999771118164,28.920000076293945,28.860000610351562,28.915000915527344,214786,0.0,0.0
2024-07-15 13:40:00-04:00,28.915000915527344,28.93000030517578,28.90999984741211,28.90999984741211,137395,0.0,0.0
2024-07-15 13:45:00-04:00,28.919099807739258,28.969999313354492,28.915000915527344,28.96500015258789,186766,0.0,0.0
2024-07-15 13:50:00-04:00,28.962299346923828,28.979999542236328,28.959999084472656,28.974199295043945,108531,0.0,0.0
2024-07-15 13:55:00-04:00,28.975000381469727,29.024999618530273,28.973499298095703,28.985000610351562,283297,0.0,0.0
2024-07-15 14:00:00-04:00,28.985000610351562,29.0,28.954999923706055,28.9950008392334,189317,0.0,0.0
2024-07-15 14:05:00-04:00,28.994199752807617,29.039899826049805,28.979999542236328,29.010000228881836,164344,0.0,0.0
2024-07-15 14:10:00-04:00,29.014999389648438,29.049999237060547,29.0,29.034400939941406,445438,0.0,0.0
2024-07-15 14:15:00-04:00,29.040000915527344,29.059999465942383,29.030000686645508,29.05500030517578,202416,0.0,0.0
2024-07-15 14:20:00-04:00,29.059999465942383,29.06999969482422,29.040000915527344,29.060199737548828,126300,0.0,0.0
2024-07-15 14:25:00-04:00,29.065099716186523,29.079999923706055,29.059999465942383,29.065000534057617,140120,0.0,0.0
2024-07-15 14:30:00-04:00,29.065000534057617,29.135000228881836,29.059999465942383,29.114999771118164,570682,0.0,0.0
2024-07-15 14:35:00-04:00,29.114999771118164,29.149999618530273,29.100000381469727,29.149999618530273,256664,0.0,0.0
2024-07-15 14:40:00-04:00,29.145000457763672,29.209999084472656,29.139999389648438,29.200000762939453,401615,0.0,0.0
2024-07-15 14:45:00-04:00,29.19499969482422,29.21500015258789,29.190000534057617,29.204999923706055,309343,0.0,0.0
2024-07-15 14:50:00-04:00,29.204999923706055,29.209999084472656,29.170000076293945,29.170000076293945,168622,0.0,0.0
2024-07-15 14:55:00-04:00,29.173900604248047,29.229999542236328,29.15999984741211,29.224899291992188,922861,0.0,0.0
2024-07-15 15:00:00-04:00,29.2268009185791,29.270000457763672,29.18000030517578,29.184999465942383,734118,0.0,0.0
2024-07-15 15:05:00-04:00,29.18000030517578,29.229999542236328,29.18000030517578,29.21500015258789,281821,0.0,0.0
2024-07-15 15:10:00-04:00,29.21500015258789,29.260000228881836,29.204999923706055,29.239999771118164,256126,0.0,0.0
2024-07-15 15:15:00-04:00,29.23900032043457,29.260000228881836,29.229999542236328,29.2549991607666,179070,0.0,0.0
2024-07-15 15:20:00-04:00,29.2549991607666,29.264999389648438,29.239999771118164,29.249900817871094,226516,0.0,0.0
2024-07-15 15:25:00-04:00,29.25,29.2549991607666,29.219999313354492,29.225000381469727,185647,0.0,0.0
2024-07-15 15:30:00-04:00,29.225000381469727,29.229999542236328,29.190000534057617,29.19499969482422,283310,0.0,0.0
2024-07-15 15:35:00-04:00,29.19499969482422,29.209999084472656,29.18000030517578,29.20400047302246,178592,0.0,0.0
2024-07-15 15:40:00-04:00,29.200000762939453,29.209999084472656,29.150100708007812,29.155000686645508,337796,0.0,0.0
2024-07-15 15:45:00-04:00,29.155000686645508,29.165000915527344,29.1200008392334,29.1200008392334,354883,0.0,0.0
2024-07-15 15:50:00-04:00,29.1200008392334,29.1299991607666,29.06999969482422,29.084999084472656,840803,0.0,0.0
2024-07-15 15:55:00-04:00,29.084999084472656,29.1299991607666,29.049999237060547,29.1200008392334,1960952,0.0,0.0
2024-07-16 09:30:00-04:00,29.200000762939453,29.239999771118164,29.1200008392334,29.174999237060547,794790,0.0,0.0
2024-07-16 09:35:00-04:00,29.18000030517578,29.344999313354492,29.18000030517578,29.2549991607666,806631,0.0,0.0
2024-07-16 09:40:00-04:00,29.25,29.389999389648438,29.25,29.339799880981445,346776,0.0,0.0
2024-07-16 09:45:00-04:00,29.34000015258789,29.405000686645508,29.31999969482422,29.3700008392334,327355,0.0,0.0
2024-07-16 09:50:00-04:00,29.375,29.5,29.370100021362305,29.489999771118164,520486,0.0,0.0
2024-07-16 09:55:00-04:00,29.485000610351562,29.540000915527344,29.469999313354492,29.485000610351562,942457,0.0,0.0
2024-07-16 10:00:00-04:00,29.485000610351562,29.549999237060547,29.479999542236328,29.54010009765625,401993,0.0,0.0
2024-07-16 10:05:00-04:00,29.540000915527344,29.559999465942383,29.399999618530273,29.440500259399414,1436490,0.0,0.0
2024-07-16 10:10:00-04:00,29.440000534057617,29.5,29.31999969482422,29.31999969482422,361033,0.0,0.0
2024-07-16 10:15:00-04:00,29.325000762939453,29.350000381469727,29.299999237060547,29.309999465942383,494116,0.0,0.0
2024-07-16 10:20:00-04:00,29.315000534057617,29.43000030517578,29.309999465942383,29.43000030517578,326449,0.0,0.0
2024-07-16 10:25:00-04:00,29.424999237060547,29.43000030517578,29.354999542236328,29.360000610351562,306378,0.0,0.0
2024-07-16 10:30:00-04:00,29.361099243164062,29.450000762939453,29.360000610351562,29.424999237060547,252387,0.0,0.0
2024-07-16 10:35:00-04:00,29.424999237060547,29.459999084472656,29.399999618530273,29.40999984741211,416265,0.0,0.0
2024-07-16 10:40:00-04:00,29.415000915527344,29.43000030517578,29.389999389648438,29.415000915527344,260918,0.0,0.0
2024-07-16 10:45:00-04:00,29.41010093688965,29.44499969482422,29.399999618530273,29.44499969482422,372189,0.0,0.0
2024-07-16 10:50:00-04:00,29.44499969482422,29.46500015258789,29.40999984741211,29.420000076293945,278913,0.0,0.0
2024-07-16 10:55:00-04:00,29.42180061340332,29.46500015258789,29.42180061340332,29.459999084472656,233445,0.0,0.0
2024-07-16 11:00:00-04:00,29.459999084472656,29.469999313354492,29.329999923706055,29.344999313354492,383340,0.0,0.0
2024-07-16 11:05:00-04:00,29.344999313354492,29.350000381469727,29.290000915527344,29.309999465942383,383387,0.0,0.0
2024-07-16 11:10:00-04:00,29.309999465942383,29.3799991607666,29.30500030517578,29.375,204141,0.0,0.0
2024-07-16 11:15:00-04:00,29.3700008392334,29.3799991607666,29.34000015258789,29.340099334716797,143983,0.0,0.0
2024-07-16 11:20:00-04:00,29.344999313354492,29.399999618530273,29.34000015258789,29.399999618530273,317853,0.0,0.0
2024-07-16 11:25:00-04:00,29.399999618530273,29.424999237060547,29.34000015258789,29.344999313354492,354962,0.0,0.0
2024-07-16 11:30:00-04:00,29.34000015258789,29.364999771118164,29.309999465942383,29.350000381469727,287850,0.0,0.0
2024-07-16 11:35:00-04:00,29.350000381469727,29.3700008392334,29.34000015258789,29.350000381469727,160136,0.0,0.0
2024-07-16 11:40:00-04:00,29.359899520874023,29.3700008392334,29.31999969482422,29.31999969482422,195950,0.0,0.0
2024-07-16 11:45:00-04:00,29.321500778198242,29.350000381469727,29.280000686645508,29.344999313354492,236334,0.0,0.0
2024-07-16 11:50:00-04:00,29.341999053955078,29.360000610351562,29.309999465942383,29.31999969482422,159064,0.0,0.0
2024-07-16 11:55:00-04:00,29.315000534057617,29.31999969482422,29.270000457763672,29.28499984741211,265460,0.0,0.0
2024-07-16 12:00:00-04:00,29.284000396728516,29.344999313354492,29.284000396728516,29.329999923706055,174514,0.0,0.0
2024-07-16 12:05:00-04:00,29.331499099731445,29.3700008392334,29.329999923706055,29.354799270629883,165177,0.0,0.0
2024-07-16 12:10:00-04:00,29.354999542236328,29.3700008392334,29.34000015258789,29.360000610351562,122016,0.0,0.0
2024-07-16 12:15:00-04:00,29.354999542236328,29.3700008392334,29.350000381469727,29.362499237060547,176254,0.0,0.0
2024-07-16 12:20:00-04:00,29.366300582885742,29.427200317382812,29.360000610351562,29.41189956665039,207548,0.0,0.0
2024-07-16 12:25:00-04:00,29.415000915527344,29.420000076293945,29.354999542236328,29.360000610351562,308213,0.0,0.0
2024-07-16 12:30:00-04:00,29.364999771118164,29.364999771118164,29.329999923706055,29.350000381469727,299588,0.0,0.0
2024-07-16 12:35:00-04:00,29.354999542236328,29.359899520874023,29.280000686645508,29.329999923706055,286674,0.0,0.0
2024-07-16 12:40:00-04:00,29.33139991760254,29.33139991760254,29.280000686645508,29.299999237060547,131386,0.0,0.0
2024-07-16 12:45:00-04:00,29.305099487304688,29.329999923706055,29.299999237060547,29.31999969482422,221720,0.0,0.0
2024-07-16 12:50:00-04:00,29.31999969482422,29.34000015258789,29.309999465942383,29.34000015258789,85115,0.0,0.0
2024-07-16 12:55:00-04:00,29.329999923706055,29.350000381469727,29.309999465942383,29.344999313354492,151122,0.0,0.0
2024-07-16 13:00:00-04:00,29.34000015258789,29.350000381469727,29.309999465942383,29.31529998779297,109978,0.0,0.0
2024-07-16 13:05:00-04:00,29.315000534057617,29.3700008392334,29.309999465942383,29.361900329589844,159673,0.0,0.0
2024-07-16 13:10:00-04:00,29.36210060119629,29.36210060119629,29.309999465942383,29.309999465942383,79461,0.0,0.0
2024-07-16 13:15:00-04:00,29.309999465942383,29.31999969482422,29.290000915527344,29.31999969482422,142748,0.0,0.0
2024-07-16 13:20:00-04:00,29.315000534057617,29.31999969482422,29.30500030517578,29.309999465942383,117271,0.0,0.0
2024-07-16 13:25:00-04:00,29.315000534057617,29.31999969482422,29.290000915527344,29.314699172973633,180992,0.0,0.0
2024-07-16 13:30:00-04:00,29.31999969482422,29.360000610351562,29.31399917602539,29.354999542236328,187556,0.0,0.0
2024-07-16 13:35:00-04:00,29.354999542236328,29.3700008392334,29.350000381469727,29.366500854492188,114893,0.0,0.0
2024-07-16 13:40:00-04:00,29.363800048828125,29.40999984741211,29.360000610351562,29.395000457763672,141576,0.0,0.0
2024-07-16 13:45:00-04:00,29.395099639892578,29.399999618530273,29.364999771118164,29.393800735473633,157425,0.0,0.0
2024-07-16 13:50:00-04:00,29.395000457763672,29.420000076293945,29.389999389648438,29.410999298095703,136603,0.0,0.0
2024-07-16 13:55:00-04:00,29.414899826049805,29.420000076293945,29.399999618530273,29.40999984741211,146966,0.0,0.0
2024-07-16 14:00:00-04:00,29.415000915527344,29.420000076293945,29.405000686645508,29.415000915527344,134149,0.0,0.0
2024-07-16 14:05:00-04:00,29.40999984741211,29.450000762939453,29.40999984741211,29.44499969482422,303307,0.0,0.0
2024-07-16 14:10:00-04:00,29.44540023803711,29.5,29.443599700927734,29.45490074157715,253425,0.0,0.0
2024-07-16 14:15:00-04:00,29.450000762939453,29.459999084472656,29.420000076293945,29.440000534057617,197384,0.0,0.0
2024-07-16 14:20:00-04:00,29.43000030517578,29.5,29.424999237060547,29.46649932861328,318482,0.0,0.0
2024-07-16 14:25:00-04:00,29.459999084472656,29.469999313354492,29.450000762939453,29.45009994506836,122694,0.0,0.0
2024-07-16 14:30:00-04:00,29.450000762939453,29.479999542236328,29.440000534057617,29.479999542236328,165106,0.0,0.0
2024-07-16 14:35:00-04:00,29.477699279785156,29.489999771118164,29.459999084472656,29.485000610351562,169054,0.0,0.0
2024-07-16 14:40:00-04:00,29.482799530029297,29.489999771118164,29.469999313354492,29.475000381469727,122580,0.0,0.0
2024-07-16 14:45:00-04:00,29.475000381469727,29.475000381469727,29.43000030517578,29.459999084472656,235533,0.0,0.0
2024-07-16 14:50:00-04:00,29.469999313354492,29.5,29.459999084472656,29.489999771118164,305319,0.0,0.0
2024-07-16 14:55:00-04:00,29.489999771118164,29.510000228881836,29.489999771118164,29.4950008392334,465666,0.0,0.0
2024-07-16 15:00:00-04:00,29.4950008392334,29.5,29.440000534057617,29.479999542236328,194659,0.0,0.0
2024-07-16 15:05:00-04:00,29.479900360107422,29.479999542236328,29.454999923706055,29.46500015258789,126900,0.0,0.0
2024-07-16 15:10:00-04:00,29.46500015258789,29.469999313354492,29.420000076293945,29.420000076293945,297928,0.0,0.0
2024-07-16 15:15:00-04:00,29.420000076293945,29.439899444580078,29.410999298095703,29.424999237060547,195892,0.0,0.0
2024-07-16 15:20:00-04:00,29.424999237060547,29.43000030517578,29.40999984741211,29.42020034790039,136292,0.0,0.0
2024-07-16 15:25:00-04:00,29.424999237060547,29.459999084472656,29.40999984741211,29.459999084472656,152589,0.0,0.0
2024-07-16 15:30:00-04:00,29.450000762939453,29.469999313354492,29.420000076293945,29.434999465942383,227829,0.0,0.0
2024-07-16 15:35:00-04:00,29.43000030517578,29.440000534057617,29.40999984741211,29.424999237060547,266592,0.0,0.0
2024-07-16 15:40:00-04:00,29.424999237060547,29.43000030517578,29.389999389648438,29.424999237060547,325534,0.0,0.0
2024-07-16 15:45:00-04:00,29.424999237060547,29.43000030517578,29.399999618530273,29.405000686645508,366005,0.0,0.0
2024-07-16 15:50:00-04:00,29.399999618530273,29.479999542236328,29.399999618530273,29.454999923706055,499267,0.0,0.0
2024-07-16 15:55:00-04:00,29.454999923706055,29.5,29.451000213623047,29.489999771118164,1397719,0.0,0.0
2024-07-17 09:30:00-04:00,29.420000076293945,29.6560001373291,29.309999465942383,29.650100708007812,2130658,0.0,0.0
2024-07-17 09:35:00-04:00,29.65999984741211,29.799999237060547,29.6200008392334,29.7549991607666,713083,0.0,0.0
2024-07-17 09:40:00-04:00,29.7549991607666,29.940000534057617,29.75,29.885000228881836,980816,0.0,0.0
2024-07-17 09:45:00-04:00,29.889999389648438,29.96500015258789,29.735000610351562,29.75,821192,0.0,0.0
2024-07-17 09:50:00-04:00,29.760000228881836,29.795000076293945,29.739999771118164,29.760000228881836,479788,0.0,0.0
2024-07-17 09:55:00-04:00,29.764999389648438,29.770000457763672,29.68000030517578,29.700000762939453,376355,0.0,0.0
2024-07-17 10:00:00-04:00,29.69499969482422,29.760000228881836,29.670000076293945,29.70009994506836,468020,0.0,0.0
2024-07-17 10:05:00-04:00,29.700000762939453,29.770000457763672,29.6200008392334,29.764999389648438,646180,0.0,0.0
2024-07-17 10:10:00-04:00,29.764999389648438,29.959999084472656,29.7450008392334,29.954999923706055,1024500,0.0,0.0
2024-07-17 10:15:00-04:00,29.954999923706055,30.149999618530273,29.93000030517578,30.09589958190918,2917012,0.0,0.0
2024-07-17 10:20:00-04:00,30.09600067138672,30.239999771118164,30.060100555419922,30.221900939941406,772931,0.0,0.0
2024-07-17 10:25:00-04:00,30.229999542236328,30.299999237060547,30.18000030517578,30.18000030517578,779287,0.0,0.0
2024-07-17 10:30:00-04:00,30.184999465942383,30.190000534057617,30.09000015258789,30.130800247192383,752111,0.0,0.0
2024-07-17 10:35:00-04:00,30.1299991607666,30.139999389648438,29.959999084472656,30.024999618530273,560126,0.0,0.0
2024-07-17 10:40:00-04:00,30.027999877929688,30.030000686645508,29.8700008392334,29.915000915527344,354030,0.0,0.0
2024-07-17 10:45:00-04:00,29.912900924682617,29.950000762939453,29.8799991607666,29.88990020751953,436256,0.0,0.0
2024-07-17 10:50:00-04:00,29.90959930419922,30.020000457763672,29.90130043029785,29.940099716186523,575560,0.0,0.0
2024-07-17 10:55:00-04:00,29.947500228881836,30.020000457763672,29.940000534057617,29.979999542236328,346808,0.0,0.0
2024-07-17 11:00:00-04:00,29.979999542236328,29.985000610351562,29.90999984741211,29.90999984741211,552004,0.0,0.0
2024-07-17 11:05:00-04:00,29.910999298095703,29.920000076293945,29.799999237060547,29.844999313354492,509062,0.0,0.0
2024-07-17 11:10:00-04:00,29.844999313354492,29.8700008392334,29.799999237060547,29.809999465942383,255128,0.0,0.0
2024-07-17 11:15:00-04:00,29.809999465942383,29.81999969482422,29.760000228881836,29.764999389648438,311091,0.0,0.0
2024-07-17 11:20:00-04:00,29.764999389648438,29.780000686645508,29.690000534057617,29.7450008392334,306823,0.0,0.0
2024-07-17 11:25:00-04:00,29.739999771118164,29.780000686645508,29.719999313354492,29.764999389648438,276443,0.0,0.0
2024-07-17 11:30:00-04:00,29.770000457763672,29.81999969482422,29.729999542236328,29.729999542236328,403749,0.0,0.0
2024-07-17 11:35:00-04:00,29.729999542236328,29.829999923706055,29.709999084472656,29.81999969482422,313888,0.0,0.0
2024-07-17 11:40:00-04:00,29.809999465942383,29.81999969482422,29.770000457763672,29.774999618530273,319515,0.0,0.0
2024-07-17 11:45:00-04:00,29.780000686645508,29.81999969482422,29.739999771118164,29.770000457763672,296808,0.0,0.0
2024-07-17 11:50:00-04:00,29.763599395751953,29.780000686645508,29.75,29.760099411010742,236202,0.0,0.0
2024-07-17 11:55:00-04:00,29.764999389648438,29.770000457763672,29.700000762939453,29.725000381469727,309519,0.0,0.0
2024-07-17 12:00:00-04:00,29.719999313354492,29.739999771118164,29.655000686645508,29.69499969482422,444451,0.0,0.0
2024-07-17 12:05:00-04:00,29.69499969482422,29.75,29.68000030517578,29.737600326538086,194752,0.0,0.0
2024-07-17 12:10:00-04:00,29.73780059814453,29.75,29.700000762939453,29.700000762939453,331011,0.0,0.0
2024-07-17 12:15:00-04:00,29.700000762939453,29.729999542236328,29.700000762939453,29.728700637817383,300862,0.0,0.0
2024-07-17 12:20:00-04:00,29.727399826049805,29.760000228881836,29.700000762939453,29.760000228881836,748782,0.0,0.0
2024-07-17 12:25:00-04:00,29.760000228881836,29.7992000579834,29.739999771118164,29.74049949645996,519627,0.0,0.0
2024-07-17 12:30:00-04:00,29.739999771118164,29.780000686645508,29.674999237060547,29.688199996948242,539930,0.0,0.0
2024-07-17 12:35:00-04:00,29.68939971923828,29.760000228881836,29.655000686645508,29.7549991607666,386123,0.0,0.0
2024-07-17 12:40:00-04:00,29.752199172973633,29.780000686645508,29.719999313354492,29.730499267578125,303570,0.0,0.0
2024-07-17 12:45:00-04:00,29.739999771118164,29.81999969482422,29.725000381469727,29.81329917907715,315803,0.0,0.0
2024-07-17 12:50:00-04:00,29.810100555419922,29.81999969482422,29.760000228881836,29.810100555419922,673153,0.0,0.0
2024-07-17 12:55:00-04:00,29.816699981689453,29.829999923706055,29.75,29.795000076293945,1210586,0.0,0.0
2024-07-17 13:00:00-04:00,29.790000915527344,29.809999465942383,29.760000228881836,29.760000228881836,593990,0.0,0.0
2024-07-17 13:05:00-04:00,29.76919937133789,29.77829933166504,29.71500015258789,29.764999389648438,333266,0.0,0.0
2024-07-17 13:10:00-04:00,29.770000457763672,29.780000686645508,29.729999542236328,29.764999389648438,300245,0.0,0.0
2024-07-17 13:15:00-04:00,29.770000457763672,29.799999237060547,29.729999542236328,29.774999618530273,276095,0.0,0.0
2024-07-17 13:20:00-04:00,29.770000457763672,29.809999465942383,29.750099182128906,29.79669952392578,222853,0.0,0.0
2024-07-17 13:25:00-04:00,29.79990005493164,29.8700008392334,29.790000915527344,29.864999771118164,330318,0.0,0.0
2024-07-17 13:30:00-04:00,29.864999771118164,29.899999618530273,29.81999969482422,29.829999923706055,285297,0.0,0.0
2024-07-17 13:35:00-04:00,29.829099655151367,29.899999618530273,29.81999969482422,29.895000457763672,177509,0.0,0.0
2024-07-17 13:40:00-04:00,29.895000457763672,29.950000762939453,29.875,29.915000915527344,421440,0.0,0.0
2024-07-17 13:45:00-04:00,29.915000915527344,29.93000030517578,29.8799991607666,29.899900436401367,178527,0.0,0.0
2024-07-17 13:50:00-04:00,29.899900436401367,29.959999084472656,29.889999389648438,29.94499969482422,214664,0.0,0.0
2024-07-17 13:55:00-04:00,29.94499969482422,29.959999084472656,29.940000534057617,29.94499969482422,260841,0.0,0.0
2024-07-17 14:00:00-04:00,29.94499969482422,29.969999313354492,29.940000534057617,29.969900131225586,198366,0.0,0.0
2024-07-17 14:05:00-04:00,29.96500015258789,30.0,29.959999084472656,29.96500015258789,256872,0.0,0.0
2024-07-17 14:10:00-04:00,29.959999084472656,30.0,29.950000762939453,29.985000610351562,180888,0.0,0.0
2024-07-17 14:15:00-04:00,29.989999771118164,29.989999771118164,29.950000762939453,29.969999313354492,217222,0.0,0.0
2024-07-17 14:20:00-04:00,29.975000381469727,30.020000457763672,29.969999313354492,29.98889923095703,340969,0.0,0.0
2024-07-17 14:25:00-04:00,29.985000610351562,29.989999771118164,29.951799392700195,29.96500015258789,231208,0.0,0.0
2024-07-17 14:30:00-04:00,29.959999084472656,29.959999084472656,29.90999984741211,29.93000030517578,256863,0.0,0.0
2024-07-17 14:35:00-04:00,29.93000030517578,29.959999084472656,29.905000686645508,29.954999923706055,342398,0.0,0.0
2024-07-17 14:40:00-04:00,29.9552001953125,29.96500015258789,29.915000915527344,29.940000534057617,247515,0.0,0.0
2024-07-17 14:45:00-04:00,29.940000534057617,29.959999084472656,29.93000030517578,29.954999923706055,193872,0.0,0.0
2024-07-17 14:50:00-04:00,29.954999923706055,29.979999542236328,29.954999923706055,29.975000381469727,377222,0.0,0.0
2024-07-17 14:55:00-04:00,29.979999542236328,29.979999542236328,29.934999465942383,29.954999923706055,220780,0.0,0.0
2024-07-17 15:00:00-04:00,29.954999923706055,29.959999084472656,29.915000915527344,29.93000030517578,275826,0.0,0.0
2024-07-17 15:05:00-04:00,29.924999237060547,29.940000534057617,29.90999984741211,29.924999237060547,231649,0.0,0.0
2024-07-17 15:10:00-04:00,29.920000076293945,29.950000762939453,29.920000076293945,29.940000534057617,243130,0.0,0.0
2024-07-17 15:15:00-04:00,29.93000030517578,29.940000534057617,29.90999984741211,29.93000030517578,231646,0.0,0.0
2024-07-17 15:20:00-04:00,29.924999237060547,29.979999542236328,29.924999237060547,29.975000381469727,200846,0.0,0.0
2024-07-17 15:25:00-04:00,29.9773006439209,29.989999771118164,29.950000762939453,29.95210075378418,256778,0.0,0.0
2024-07-17 15:30:00-04:00,29.951000213623047,30.0,29.950000762939453,30.0,297910,0.0,0.0
2024-07-17 15:35:00-04:00,29.9950008392334,30.030000686645508,29.969999313354492,29.979999542236328,556948,0.0,0.0
2024-07-17 15:40:00-04:00,29.979999542236328,29.989999771118164,29.940000534057617,29.94499969482422,321716,0.0,0.0
2024-07-17 15:45:00-04:00,29.94499969482422,30.030000686645508,29.94499969482422,30.0,634379,0.0,0.0
2024-07-17 15:50:00-04:00,30.010000228881836,30.049999237060547,30.0,30.0,745063,0.0,0.0
2024-07-17 15:55:00-04:00,30.0,30.040000915527344,29.989999771118164,30.024999618530273,2094842,0.0,0.0
2024-07-18 09:30:00-04:00,29.90999984741211,30.114999771118164,29.860000610351562,30.094999313354492,1425931,0.0,0.0
2024-07-18 09:35:00-04:00,30.094999313354492,30.225000381469727,30.079999923706055,30.199800491333008,761290,0.0,0.0
2024-07-18 09:40:00-04:00,30.19499969482422,30.40999984741211,30.190000534057617,30.39900016784668,1101730,0.0,0.0
2024-07-18 09:45:00-04:00,30.395000457763672,30.40999984741211,30.280000686645508,30.302200317382812,720050,0.0,0.0
2024-07-18 09:50:00-04:00,30.309200286865234,30.329999923706055,30.25,30.31999969482422,474414,0.0,0.0
2024-07-18 09:55:00-04:00,30.34000015258789,30.399999618530273,30.309999465942383,30.395000457763672,466815,0.0,0.0
2024-07-18 10:00:00-04:00,30.399999618530273,30.56999969482422,30.38010025024414,30.56879997253418,1057752,0.0,0.0
2024-07-18 10:05:00-04:00,30.568899154663086,30.610000610351562,30.489999771118164,30.4950008392334,969190,0.0,0.0
2024-07-18 10:10:00-04:00,30.4950008392334,30.5,30.389999389648438,30.485000610351562,2156980,0.0,0.0
2024-07-18 10:15:00-04:00,30.489999771118164,30.56999969482422,30.489999771118164,30.565000534057617,716861,0.0,0.0
2024-07-18 10:20:00-04:00,30.565000534057617,30.600000381469727,30.520000457763672,30.556299209594727,886727,0.0,0.0
2024-07-18 10:25:00-04:00,30.555400848388672,30.610000610351562,30.55500030517578,30.604999542236328,689284,0.0,0.0
2024-07-18 10:30:00-04:00,30.606199264526367,30.610000610351562,30.510000228881836,30.524999618530273,543214,0.0,0.0
2024-07-18 10:35:00-04:00,30.530000686645508,30.594999313354492,30.500099182128906,30.59000015258789,527440,0.0,0.0
2024-07-18 10:40:00-04:00,30.584999084472656,30.600000381469727,30.549999237060547,30.594999313354492,451818,0.0,0.0
2024-07-18 10:45:00-04:00,30.594999313354492,30.68000030517578,30.579999923706055,30.67009925842285,891744,0.0,0.0
2024-07-18 10:50:00-04:00,30.665000915527344,30.690000534057617,30.6299991607666,30.63949966430664,572163,0.0,0.0
2024-07-18 10:55:00-04:00,30.639400482177734,30.68000030517578,30.610000610351562,30.649900436401367,697845,0.0,0.0
2024-07-18 11:00:00-04:00,30.639999389648438,30.670000076293945,30.549999237060547,30.56999969482422,656808,0.0,0.0
2024-07-18 11:05:00-04:00,30.565000534057617,30.6200008392334,30.565000534057617,30.604999542236328,777672,0.0,0.0
2024-07-18 11:10:00-04:00,30.61009979248047,30.6200008392334,30.540000915527344,30.565000534057617,667511,0.0,0.0
2024-07-18 11:15:00-04:00,30.56999969482422,30.6299991607666,30.549999237060547,30.565000534057617,331829,0.0,0.0
2024-07-18 11:20:00-04:00,30.565000534057617,30.600000381469727,30.510000228881836,30.513999938964844,414418,0.0,0.0
2024-07-18 11:25:00-04:00,30.514999389648438,30.549999237060547,30.469999313354492,30.524999618530273,743118,0.0,0.0
2024-07-18 11:30:00-04:00,30.520999908447266,30.524999618530273,30.469999313354492,30.475000381469727,379530,0.0,0.0
2024-07-18 11:35:00-04:00,30.475000381469727,30.489999771118164,30.420000076293945,30.424999237060547,368808,0.0,0.0
2024-07-18 11:40:00-04:00,30.429000854492188,30.469999313354492,30.40999984741211,30.456499099731445,557606,0.0,0.0
2024-07-18 11:45:00-04:00,30.454999923706055,30.469999313354492,30.40999984741211,30.415000915527344,363401,0.0,0.0
2024-07-18 11:50:00-04:00,30.415000915527344,30.440000534057617,30.40999984741211,30.424999237060547,296026,0.0,0.0
2024-07-18 11:55:00-04:00,30.43000030517578,30.440000534057617,30.350000381469727,30.354999542236328,393221,0.0,0.0
2024-07-18 12:00:00-04:00,30.354999542236328,30.389999389648438,30.329999923706055,30.344999313354492,399242,0.0,0.0
2024-07-18 12:05:00-04:00,30.344999313354492,30.3799991607666,30.309999465942383,30.354999542236328,302133,0.0,0.0
2024-07-18 12:10:00-04:00,30.360000610351562,30.360000610351562,30.31999969482422,30.329999923706055,242150,0.0,0.0
2024-07-18 12:15:00-04:00,30.34000015258789,30.364999771118164,30.280000686645508,30.280000686645508,260195,0.0,0.0
2024-07-18 12:20:00-04:00,30.290000915527344,30.299999237060547,30.15999984741211,30.18000030517578,721554,0.0,0.0
2024-07-18 12:25:00-04:00,30.174999237060547,30.356000900268555,30.170000076293945,30.329999923706055,380252,0.0,0.0
2024-07-18 12:30:00-04:00,30.334999084472656,30.415000915527344,30.33209991455078,30.389999389648438,224858,0.0,0.0
2024-07-18 12:35:00-04:00,30.395000457763672,30.479999542236328,30.3799991607666,30.459999084472656,786027,0.0,0.0
2024-07-18 12:40:00-04:00,30.469999313354492,30.489999771118164,30.4512996673584,30.46500015258789,368456,0.0,0.0
2024-07-18 12:45:00-04:00,30.46769905090332,30.510000228881836,30.46500015258789,30.510000228881836,233381,0.0,0.0
2024-07-18 12:50:00-04:00,30.5049991607666,30.520000457763672,30.5,30.510000228881836,242921,0.0,0.0
2024-07-18 12:55:00-04:00,30.5049991607666,30.510000228881836,30.440000534057617,30.440000534057617,221121,0.0,0.0
2024-07-18 13:00:00-04:00,30.44499969482422,30.450000762939453,30.40999984741211,30.415000915527344,310523,0.0,0.0
2024-07-18 13:05:00-04:00,30.41990089416504,30.440000534057617,30.389999389648438,30.396799087524414,158275,0.0,0.0
2024-07-18 13:10:00-04:00,30.395000457763672,30.395000457763672,30.350000381469727,30.35849952697754,208255,0.0,0.0
2024-07-18 13:15:00-04:00,30.353300094604492,30.40999984741211,30.350000381469727,30.364999771118164,141151,0.0,0.0
2024-07-18 13:20:00-04:00,30.364999771118164,30.3700008392334,30.329999923706055,30.337200164794922,218544,0.0,0.0
2024-07-18 13:25:00-04:00,30.334999084472656,30.3799991607666,30.31999969482422,30.3799991607666,145506,0.0,0.0
2024-07-18 13:30:00-04:00,30.375,30.375,30.270000457763672,30.28499984741211,235411,0.0,0.0
2024-07-18 13:35:00-04:00,30.280000686645508,30.299999237060547,30.280000686645508,30.295000076293945,153211,0.0,0.0
2024-07-18 13:40:00-04:00,30.295000076293945,30.364999771118164,30.290000915527344,30.360000610351562,200401,0.0,0.0
2024-07-18 13:45:00-04:00,30.354999542236328,30.360000610351562,30.309999465942383,30.325000762939453,196067,0.0,0.0
2024-07-18 13:50:00-04:00,30.325000762939453,30.329999923706055,30.25,30.2549991607666,174311,0.0,0.0
2024-07-18 13:55:00-04:00,30.2549991607666,30.260000228881836,30.180200576782227,30.184999465942383,312677,0.0,0.0
2024-07-18 14:00:00-04:00,30.187999725341797,30.190000534057617,30.15999984741211,30.174999237060547,206891,0.0,0.0
2024-07-18 14:05:00-04:00,30.174999237060547,30.200000762939453,30.110000610351562,30.114999771118164,234856,0.0,0.0
2024-07-18 14:10:00-04:00,30.110000610351562,30.1299991607666,30.060100555419922,30.065000534057617,289164,0.0,0.0
2024-07-18 14:15:00-04:00,30.059999465942383,30.09000015258789,30.0,30.0049991607666,341326,0.0,0.0
2024-07-18 14:20:00-04:00,30.009899139404297,30.010000228881836,29.959999084472656,29.975000381469727,404656,0.0,0.0
2024-07-18 14:25:00-04:00,29.979999542236328,29.979999542236328,29.889999389648438,29.889999389648438,408727,0.0,0.0
2024-07-18 14:30:00-04:00,29.895000457763672,29.899999618530273,29.8700008392334,29.873199462890625,504062,0.0,0.0
2024-07-18 14:35:00-04:00,29.874799728393555,29.8799991607666,29.809999465942383,29.825000762939453,408193,0.0,0.0
2024-07-18 14:40:00-04:00,29.820100784301758,29.84000015258789,29.809999465942383,29.825000762939453,246234,0.0,0.0
2024-07-18 14:45:00-04:00,29.825000762939453,29.829999923706055,29.790000915527344,29.815000534057617,399379,0.0,0.0
2024-07-18 14:50:00-04:00,29.815000534057617,29.81999969482422,29.780000686645508,29.81999969482422,416669,0.0,0.0
2024-07-18 14:55:00-04:00,29.815000534057617,29.850000381469727,29.780000686645508,29.80500030517578,258924,0.0,0.0
2024-07-18 15:00:00-04:00,29.80500030517578,29.850000381469727,29.790000915527344,29.799999237060547,294089,0.0,0.0
2024-07-18 15:05:00-04:00,29.799999237060547,29.809999465942383,29.75,29.75,379182,0.0,0.0
2024-07-18 15:10:00-04:00,29.7549991607666,29.759899139404297,29.700000762939453,29.723100662231445,335675,0.0,0.0
2024-07-18 15:15:00-04:00,29.728200912475586,29.739999771118164,29.690000534057617,29.703399658203125,469249,0.0,0.0
2024-07-18 15:20:00-04:00,29.708999633789062,29.75,29.630300521850586,29.729900360107422,1941058,0.0,0.0
2024-07-18 15:25:00-04:00,29.725000381469727,29.790000915527344,29.719999313354492,29.7450008392334,397819,0.0,0.0
2024-07-18 15:30:00-04:00,29.7450008392334,29.760000228881836,29.719999313354492,29.735000610351562,325192,0.0,0.0
2024-07-18 15:35:00-04:00,29.735000610351562,29.75,29.71500015258789,29.729700088500977,410625,0.0,0.0
2024-07-18 15:40:00-04:00,29.729299545288086,29.739999771118164,29.700000762939453,29.71500015258789,343074,0.0,0.0
2024-07-18 15:45:00-04:00,29.71500015258789,29.729999542236328,29.68000030517578,29.725000381469727,502235,0.0,0.0
2024-07-18 15:50:00-04:00,29.725000381469727,29.780000686645508,29.665000915527344,29.670000076293945,719355,0.0,0.0
2024-07-18 15:55:00-04:00,29.670000076293945,29.719999313354492,29.645000457763672,29.700000762939453,1856979,0.0,0.0
2024-07-19 09:30:00-04:00,29.940000534057617,29.989999771118164,29.764999389648438,29.795000076293945,2248775,0.0,0.0
2024-07-19 09:35:00-04:00,29.795000076293945,29.8700008392334,29.65999984741211,29.690000534057617,343003,0.0,0.0
2024-07-19 09:40:00-04:00,29.684999465942383,29.75,29.639999389648438,29.700000762939453,268710,0.0,0.0
2024-07-19 09:45:00-04:00,29.704999923706055,29.709999084472656,29.610000610351562,29.614999771118164,266369,0.0,0.0
2024-07-19 09:50:00-04:00,29.614999771118164,29.645000457763672,29.559999465942383,29.625,334797,0.0,0.0
2024-07-19 09:55:00-04:00,29.625,29.689899444580078,29.610000610351562,29.635000228881836,302518,0.0,0.0
2024-07-19 10:00:00-04:00,29.635000228881836,29.68000030517578,29.6200008392334,29.625,325564,0.0,0.0
2024-07-19 10:05:00-04:00,29.6299991607666,29.71500015258789,29.550100326538086,29.71500015258789,317909,0.0,0.0
2024-07-19 10:10:00-04:00,29.709999084472656,29.739999771118164,29.639999389648438,29.665000915527344,240277,0.0,0.0
2024-07-19 10:15:00-04:00,29.665000915527344,29.71649932861328,29.635000228881836,29.71649932861328,562634,0.0,0.0
2024-07-19 10:20:00-04:00,29.71430015563965,29.739999771118164,29.69499969482422,29.71500015258789,122359,0.0,0.0
2024-07-19 10:25:00-04:00,29.71500015258789,29.729999542236328,29.690000534057617,29.729999542236328,222858,0.0,0.0
2024-07-19 10:30:00-04:00,29.725000381469727,29.764999389648438,29.700000762939453,29.7450008392334,221898,0.0,0.0
2024-07-19 10:35:00-04:00,29.7450008392334,29.75,29.700000762939453,29.709999084472656,146870,0.0,0.0
2024-07-19 10:40:00-04:00,29.71500015258789,29.75,29.700000762939453,29.725000381469727,150273,0.0,0.0
2024-07-19 10:45:00-04:00,29.729999542236328,29.75,29.719999313354492,29.7450008392334,129362,0.0,0.0
2024-07-19 10:50:00-04:00,29.7450008392334,29.780000686645508,29.719999313354492,29.725000381469727,192258,0.0,0.0
2024-07-19 10:55:00-04:00,29.725000381469727,29.739999771118164,29.700000762939453,29.725000381469727,140221,0.0,0.0
2024-07-19 11:00:00-04:00,29.725000381469727,29.739999771118164,29.704999923706055,29.725000381469727,209996,0.0,0.0
2024-07-19 11:05:00-04:00,29.719999313354492,29.75,29.700000762939453,29.730100631713867,278351,0.0,0.0
2024-07-19 11:10:00-04:00,29.739999771118164,29.760000228881836,29.735000610351562,29.7450008392334,99963,0.0,0.0
2024-07-19 11:15:00-04:00,29.7450008392334,29.75,29.693199157714844,29.709999084472656,213758,0.0,0.0
2024-07-19 11:20:00-04:00,29.709999084472656,29.725000381469727,29.65999984741211,29.665000915527344,560769,0.0,0.0
2024-07-19 11:25:00-04:00,29.665000915527344,29.709999084472656,29.610000610351562,29.700000762939453,659477,0.0,0.0
2024-07-19 11:30:00-04:00,29.704999923706055,29.71500015258789,29.690000534057617,29.700000762939453,366556,0.0,0.0
2024-07-19 11:35:00-04:00,29.704999923706055,29.739999771118164,29.690000534057617,29.725000381469727,206717,0.0,0.0
2024-07-19 11:40:00-04:00,29.719999313354492,29.719999313354492,29.645000457763672,29.645000457763672,272449,0.0,0.0
2024-07-19 11:45:00-04:00,29.645000457763672,29.700000762939453,29.645000457763672,29.700000762939453,195924,0.0,0.0
2024-07-19 11:50:00-04:00,29.700000762939453,29.709999084472656,29.670000076293945,29.670000076293945,168955,0.0,0.0
2024-07-19 11:55:00-04:00,29.674999237060547,29.719999313354492,29.6200008392334,29.71500015258789,306227,0.0,0.0
2024-07-19 12:00:00-04:00,29.71500015258789,29.760000228881836,29.704999923706055,29.7450008392334,138689,0.0,0.0
2024-07-19 12:05:00-04:00,29.7450008392334,29.7549991607666,29.690000534057617,29.7450008392334,358953,0.0,0.0
2024-07-19 12:10:00-04:00,29.75,29.780000686645508,29.735000610351562,29.7549991607666,141863,0.0,0.0
2024-07-19 12:15:00-04:00,29.7549991607666,29.790000915527344,29.75,29.781099319458008,115110,0.0,0.0
2024-07-19 12:20:00-04:00,29.78499984741211,29.790000915527344,29.739999771118164,29.7450008392334,143006,0.0,0.0
2024-07-19 12:25:00-04:00,29.7450008392334,29.760000228881836,29.729999542236328,29.760000228881836,151981,0.0,0.0
2024-07-19 12:30:00-04:00,29.760000228881836,29.770000457763672,29.75,29.764999389648438,87206,0.0,0.0
2024-07-19 12:35:00-04:00,29.764999389648438,29.809999465942383,29.760000228881836,29.764999389648438,2789680,0.0,0.0
2024-07-19 12:40:00-04:00,29.764999389648438,29.770000457763672,29.7549991607666,29.760499954223633,110452,0.0,0.0
2024-07-19 12:45:00-04:00,29.764999389648438,29.770000457763672,29.739999771118164,29.7450008392334,134757,0.0,0.0
2024-07-19 12:50:00-04:00,29.7450008392334,29.7450008392334,29.690000534057617,29.704999923706055,199231,0.0,0.0
2024-07-19 12:55:00-04:00,29.704999923706055,29.760000228881836,29.704999923706055,29.75,106258,0.0,0.0
2024-07-19 13:00:00-04:00,29.7549991607666,29.760000228881836,29.739999771118164,29.7450008392334,97269,0.0,0.0
2024-07-19 13:05:00-04:00,29.7450008392334,29.805500030517578,29.739999771118164,29.805500030517578,119282,0.0,0.0
2024-07-19 13:10:00-04:00,29.809999465942383,29.81999969482422,29.780000686645508,29.795000076293945,269161,0.0,0.0
2024-07-19 13:15:00-04:00,29.795000076293945,29.799999237060547,29.790000915527344,29.795000076293945,112193,0.0,0.0
2024-07-19 13:20:00-04:00,29.795000076293945,29.799999237060547,29.780000686645508,29.78499984741211,120653,0.0,0.0
2024-07-19 13:25:00-04:00,29.78499984741211,29.81999969482422,29.780000686645508,29.80500030517578,212006,0.0,0.0
2024-07-19 13:30:00-04:00,29.80500030517578,29.8799991607666,29.799999237060547,29.8799991607666,214249,0.0,0.0
2024-07-19 13:35:00-04:00,29.8799991607666,29.93000030517578,29.870100021362305,29.927900314331055,235497,0.0,0.0
2024-07-19 13:40:00-04:00,29.924999237060547,29.93000030517578,29.8700008392334,29.875699996948242,194103,0.0,0.0
2024-07-19 13:45:00-04:00,29.875,29.920000076293945,29.875,29.915000915527344,167012,0.0,0.0
2024-07-19 13:50:00-04:00,29.915000915527344,29.93000030517578,29.90999984741211,29.924999237060547,165367,0.0,0.0
2024-07-19 13:55:00-04:00,29.927900314331055,29.969999313354492,29.905000686645508,29.910999298095703,822565,0.0,0.0
2024-07-19 14:00:00-04:00,29.90999984741211,29.959999084472656,29.90999984741211,29.954999923706055,147331,0.0,0.0
2024-07-19 14:05:00-04:00,29.959999084472656,29.959999084472656,29.940000534057617,29.959999084472656,677003,0.0,0.0
2024-07-19 14:10:00-04:00,29.952499389648438,29.959999084472656,29.93000030517578,29.950000762939453,145765,0.0,0.0
2024-07-19 14:15:00-04:00,29.952499389648438,30.0,29.950000762939453,29.985000610351562,211301,0.0,0.0
2024-07-19 14:20:00-04:00,29.985000610351562,29.989999771118164,29.950000762939453,29.954999923706055,256944,0.0,0.0
2024-07-19 14:25:00-04:00,29.954999923706055,30.0,29.950000762939453,29.9950008392334,187772,0.0,0.0
2024-07-19 14:30:00-04:00,29.99250030517578,30.0,29.920000076293945,29.924999237060547,331602,0.0,0.0
2024-07-19 14:35:00-04:00,29.924999237060547,29.93000030517578,29.899999618530273,29.920000076293945,196506,0.0,0.0
2024-07-19 14:40:00-04:00,29.915000915527344,29.93000030517578,29.850000381469727,29.854999542236328,244982,0.0,0.0
2024-07-19 14:45:00-04:00,29.854999542236328,29.8700008392334,29.850000381469727,29.86989974975586,103997,0.0,0.0
2024-07-19 14:50:00-04:00,29.86680030822754,29.954999923706055,29.86680030822754,29.94499969482422,214853,0.0,0.0
2024-07-19 14:55:00-04:00,29.94499969482422,29.945100784301758,29.889999389648438,29.90999984741211,289442,0.0,0.0
2024-07-19 15:00:00-04:00,29.90999984741211,29.9862003326416,29.899999618530273,29.969999313354492,221984,0.0,0.0
2024-07-19 15:05:00-04:00,29.96500015258789,29.969900131225586,29.93000030517578,29.94499969482422,123929,0.0,0.0
2024-07-19 15:10:00-04:00,29.94499969482422,29.950000762939453,29.90999984741211,29.920000076293945,283517,0.0,0.0
2024-07-19 15:15:00-04:00,29.921899795532227,29.989999771118164,29.920000076293945,29.975000381469727,166054,0.0,0.0
2024-07-19 15:20:00-04:00,29.975000381469727,29.989999771118164,29.969999313354492,29.975000381469727,218899,0.0,0.0
2024-07-19 15:25:00-04:00,29.975000381469727,29.979999542236328,29.940000534057617,29.940000534057617,265680,0.0,0.0
2024-07-19 15:30:00-04:00,29.94499969482422,29.959999084472656,29.93000030517578,29.940000534057617,254924,0.0,0.0
2024-07-19 15:35:00-04:00,29.934999465942383,29.940000534057617,29.899999618530273,29.915000915527344,306114,0.0,0.0
2024-07-19 15:40:00-04:00,29.915000915527344,29.915000915527344,29.8799991607666,29.899999618530273,304119,0.0,0.0
2024-07-19 15:45:00-04:00,29.905000686645508,29.924999237060547,29.899999618530273,29.920000076293945,296856,0.0,0.0
2024-07-19 15:50:00-04:00,29.920000076293945,29.975000381469727,29.90999984741211,29.90999984741211,533815,0.0,0.0
2024-07-19 15:55:00-04:00,29.90999984741211,30.0,29.899999618530273,29.950000762939453,2011792,0.0,0.0
