Datetime,Open,High,Low,Close,Volume,Dividends,Stock Splits
2022-08-18 09:00:00+09:00,7440.0,7480.0,7250.0,7290.0,0,0.0,0.0
2022-08-18 10:00:00+09:00,7290.0,7390.0,7270.0,7360.0,21206,0.0,0.0
2022-08-18 11:00:00+09:00,7360.0,7380.0,7320.0,7330.0,6710,0.0,0.0
2022-08-18 12:00:00+09:00,7350.0,7360.0,7320.0,7320.0,9245,0.0,0.0
2022-08-18 13:00:00+09:00,7320.0,7320.0,7270.0,7270.0,22545,0.0,0.0
2022-08-18 14:00:00+09:00,7270.0,7320.0,7260.0,7260.0,23580,0.0,0.0
2022-08-19 09:00:00+09:00,7300.0,7320.0,7200.0,7250.0,0,0.0,0.0
2022-08-19 10:00:00+09:00,7250.0,7280.0,7230.0,7280.0,8342,0.0,0.0
2022-08-19 11:00:00+09:00,7280.0,7290.0,7230.0,7240.0,14294,0.0,0.0
2022-08-19 12:00:00+09:00,7240.0,7250.0,7220.0,7240.0,13180,0.0,0.0
2022-08-19 13:00:00+09:00,7230.0,7250.0,7200.0,7210.0,27632,0.0,0.0
2022-08-19 14:00:00+09:00,7210.0,7230.0,7150.0,7180.0,31037,0.0,0.0
2022-08-22 09:00:00+09:00,6970.0,7060.0,6910.0,7000.0,0,0.0,0.0
2022-08-22 10:00:00+09:00,7030.0,7080.0,6990.0,7050.0,10356,0.0,0.0
2022-08-22 11:00:00+09:00,7050.0,7060.0,6910.0,7030.0,15252,0.0,0.0
2022-08-22 12:00:00+09:00,7040.0,7050.0,6940.0,6970.0,11436,0.0,0.0
2022-08-22 13:00:00+09:00,6970.0,6970.0,6890.0,6940.0,26179,0.0,0.0
2022-08-22 14:00:00+09:00,6930.0,6990.0,6920.0,6950.0,6899,0.0,0.0
2022-08-23 09:00:00+09:00,6790.0,6990.0,6790.0,6960.0,0,0.0,0.0
2022-08-23 10:00:00+09:00,6960.0,7460.0,6930.0,7000.0,547512,0.0,0.0
2022-08-23 11:00:00+09:00,6970.0,7010.0,6940.0,7000.0,26189,0.0,0.0
2022-08-23 12:00:00+09:00,7000.0,7000.0,6940.0,6950.0,16965,0.0,0.0
2022-08-23 13:00:00+09:00,6960.0,6980.0,6910.0,6920.0,21676,0.0,0.0
2022-08-23 14:00:00+09:00,6910.0,6920.0,6820.0,6870.0,29066,0.0,0.0
2022-08-24 09:00:00+09:00,6860.0,6990.0,6850.0,6890.0,0,0.0,0.0
2022-08-24 10:00:00+09:00,6900.0,6920.0,6800.0,6830.0,25599,0.0,0.0
2022-08-24 11:00:00+09:00,6810.0,6880.0,6810.0,6810.0,15651,0.0,0.0
2022-08-24 12:00:00+09:00,6840.0,6850.0,6770.0,6810.0,18063,0.0,0.0
2022-08-24 13:00:00+09:00,6810.0,6830.0,6760.0,6810.0,17782,0.0,0.0
2022-08-24 14:00:00+09:00,6810.0,6850.0,6780.0,6830.0,21516,0.0,0.0
2022-08-25 09:00:00+09:00,6920.0,6980.0,6860.0,6940.0,0,0.0,0.0
2022-08-25 10:00:00+09:00,6940.0,6970.0,6920.0,6970.0,16631,0.0,0.0
2022-08-25 11:00:00+09:00,6970.0,6980.0,6920.0,6960.0,13313,0.0,0.0
2022-08-25 12:00:00+09:00,6950.0,6960.0,6920.0,6940.0,7708,0.0,0.0
2022-08-25 13:00:00+09:00,6930.0,6960.0,6920.0,6950.0,8047,0.0,0.0
2022-08-25 14:00:00+09:00,6940.0,6970.0,6930.0,6960.0,7944,0.0,0.0
2022-08-26 09:00:00+09:00,7010.0,7080.0,6970.0,7070.0,0,0.0,0.0
2022-08-26 10:00:00+09:00,7070.0,7090.0,7010.0,7030.0,24103,0.0,0.0
2022-08-26 11:00:00+09:00,7030.0,7040.0,7010.0,7040.0,14375,0.0,0.0
2022-08-26 12:00:00+09:00,7040.0,7080.0,7030.0,7070.0,8141,0.0,0.0
2022-08-26 13:00:00+09:00,7070.0,7100.0,7000.0,7000.0,25283,0.0,0.0
2022-08-26 14:00:00+09:00,7000.0,7000.0,6950.0,6980.0,19344,0.0,0.0
2022-08-29 09:00:00+09:00,6640.0,6810.0,6630.0,6760.0,0,0.0,0.0
2022-08-29 10:00:00+09:00,6760.0,6770.0,6670.0,6740.0,35909,0.0,0.0
2022-08-29 11:00:00+09:00,6740.0,6820.0,6720.0,6800.0,27715,0.0,0.0
2022-08-29 12:00:00+09:00,6800.0,6800.0,6760.0,6760.0,4338,0.0,0.0
2022-08-29 13:00:00+09:00,6780.0,6790.0,6740.0,6760.0,4444,0.0,0.0
2022-08-29 14:00:00+09:00,6760.0,6790.0,6740.0,6750.0,0,0.0,0.0
2022-08-30 09:00:00+09:00,6750.0,6930.0,6750.0,6880.0,0,0.0,0.0
2022-08-30 10:00:00+09:00,6880.0,6880.0,6720.0,6750.0,11273,0.0,0.0
2022-08-30 11:00:00+09:00,6750.0,6780.0,6720.0,6750.0,7087,0.0,0.0
2022-08-30 12:00:00+09:00,6760.0,6790.0,6740.0,6790.0,2327,0.0,0.0
2022-08-30 13:00:00+09:00,6790.0,6790.0,6760.0,6790.0,4879,0.0,0.0
2022-08-30 14:00:00+09:00,6790.0,6820.0,6770.0,6810.0,12259,0.0,0.0
2022-08-31 09:00:00+09:00,6790.0,6840.0,6710.0,6780.0,0,0.0,0.0
2022-08-31 10:00:00+09:00,6780.0,6780.0,6710.0,6760.0,6236,0.0,0.0
2022-08-31 11:00:00+09:00,6760.0,6790.0,6750.0,6790.0,4585,0.0,0.0
2022-08-31 12:00:00+09:00,6790.0,6820.0,6760.0,6800.0,7426,0.0,0.0
2022-08-31 13:00:00+09:00,6800.0,6820.0,6770.0,6820.0,4919,0.0,0.0
2022-08-31 14:00:00+09:00,6820.0,6840.0,6770.0,6770.0,14349,0.0,0.0
2022-09-01 09:00:00+09:00,6800.0,6860.0,6740.0,6740.0,0,0.0,0.0
2022-09-01 10:00:00+09:00,6750.0,6770.0,6730.0,6770.0,6930,0.0,0.0
2022-09-01 11:00:00+09:00,6770.0,6770.0,6740.0,6740.0,10318,0.0,0.0
2022-09-01 12:00:00+09:00,6740.0,6760.0,6710.0,6710.0,10335,0.0,0.0
2022-09-01 13:00:00+09:00,6710.0,6730.0,6670.0,6690.0,9967,0.0,0.0
2022-09-01 14:00:00+09:00,6700.0,6710.0,6630.0,6630.0,15122,0.0,0.0
2022-09-02 09:00:00+09:00,6720.0,6830.0,6680.0,6690.0,0,0.0,0.0
2022-09-02 10:00:00+09:00,6700.0,6740.0,6670.0,6680.0,10464,0.0,0.0
2022-09-02 11:00:00+09:00,6690.0,6700.0,6660.0,6660.0,7954,0.0,0.0
2022-09-02 12:00:00+09:00,6660.0,6700.0,6640.0,6670.0,8292,0.0,0.0
2022-09-02 13:00:00+09:00,6700.0,6710.0,6670.0,6690.0,10366,0.0,0.0
2022-09-02 14:00:00+09:00,6700.0,6740.0,6680.0,6690.0,7913,0.0,0.0
2022-09-05 09:00:00+09:00,6570.0,6680.0,6570.0,6650.0,0,0.0,0.0
2022-09-05 10:00:00+09:00,6650.0,6670.0,6520.0,6520.0,23938,0.0,0.0
2022-09-05 11:00:00+09:00,6540.0,6590.0,6490.0,6520.0,24999,0.0,0.0
2022-09-05 12:00:00+09:00,6520.0,6550.0,6480.0,6520.0,7100,0.0,0.0
2022-09-05 13:00:00+09:00,6520.0,6540.0,6490.0,6510.0,5977,0.0,0.0
2022-09-05 14:00:00+09:00,6510.0,6530.0,6410.0,6440.0,26649,0.0,0.0
2022-09-06 09:00:00+09:00,6460.0,6530.0,6300.0,6510.0,0,0.0,0.0
2022-09-06 10:00:00+09:00,6490.0,6510.0,6400.0,6400.0,9646,0.0,0.0
2022-09-06 11:00:00+09:00,6410.0,6460.0,6400.0,6460.0,6130,0.0,0.0
2022-09-06 12:00:00+09:00,6460.0,6460.0,6400.0,6450.0,6448,0.0,0.0
2022-09-06 13:00:00+09:00,6450.0,6470.0,6430.0,6460.0,4006,0.0,0.0
2022-09-06 14:00:00+09:00,6450.0,6480.0,6440.0,6460.0,2065,0.0,0.0
2022-09-07 09:00:00+09:00,6440.0,6440.0,6200.0,6270.0,0,0.0,0.0
2022-09-07 10:00:00+09:00,6270.0,6320.0,6250.0,6260.0,7337,0.0,0.0
2022-09-07 11:00:00+09:00,6300.0,6300.0,6220.0,6250.0,5215,0.0,0.0
2022-09-07 12:00:00+09:00,6250.0,6260.0,6230.0,6230.0,2157,0.0,0.0
2022-09-07 13:00:00+09:00,6220.0,6260.0,6160.0,6160.0,26878,0.0,0.0
2022-09-07 14:00:00+09:00,6160.0,6240.0,6160.0,6220.0,8694,0.0,0.0
2022-09-08 09:00:00+09:00,6260.0,6360.0,6220.0,6260.0,0,0.0,0.0
2022-09-08 10:00:00+09:00,6270.0,6280.0,6220.0,6270.0,23398,0.0,0.0
2022-09-08 11:00:00+09:00,6260.0,6320.0,6250.0,6300.0,9140,0.0,0.0
2022-09-08 12:00:00+09:00,6300.0,6300.0,6230.0,6280.0,6675,0.0,0.0
2022-09-08 13:00:00+09:00,6280.0,6280.0,6220.0,6240.0,9773,0.0,0.0
2022-09-08 14:00:00+09:00,6270.0,6310.0,6230.0,6290.0,10225,0.0,0.0
2022-09-13 09:00:00+09:00,6350.0,6500.0,6350.0,6450.0,0,0.0,0.0
2022-09-13 10:00:00+09:00,6470.0,6490.0,6430.0,6470.0,24087,0.0,0.0
2022-09-13 11:00:00+09:00,6480.0,6490.0,6450.0,6480.0,9892,0.0,0.0
2022-09-13 12:00:00+09:00,6480.0,6490.0,6420.0,6470.0,5974,0.0,0.0
2022-09-13 13:00:00+09:00,6470.0,6480.0,6450.0,6460.0,2941,0.0,0.0
2022-09-13 14:00:00+09:00,6470.0,6590.0,6470.0,6530.0,28495,0.0,0.0
2022-09-14 09:00:00+09:00,6300.0,6380.0,6210.0,6340.0,0,0.0,0.0
2022-09-14 10:00:00+09:00,6340.0,6410.0,6300.0,6390.0,7739,0.0,0.0
2022-09-14 11:00:00+09:00,6390.0,6430.0,6360.0,6400.0,3793,0.0,0.0
2022-09-14 12:00:00+09:00,6410.0,6430.0,6370.0,6380.0,7668,0.0,0.0
2022-09-14 13:00:00+09:00,6390.0,6430.0,6380.0,6410.0,5121,0.0,0.0
2022-09-14 14:00:00+09:00,6410.0,6460.0,6400.0,6450.0,7428,0.0,0.0
2022-09-15 09:00:00+09:00,6520.0,6560.0,6440.0,6480.0,0,0.0,0.0
2022-09-15 10:00:00+09:00,6500.0,6510.0,6460.0,6460.0,4545,0.0,0.0
2022-09-15 11:00:00+09:00,6490.0,6520.0,6440.0,6450.0,11941,0.0,0.0
2022-09-15 12:00:00+09:00,6450.0,6470.0,6400.0,6410.0,11224,0.0,0.0
2022-09-15 13:00:00+09:00,6420.0,6450.0,6400.0,6430.0,5575,0.0,0.0
2022-09-15 14:00:00+09:00,6430.0,6470.0,6390.0,6440.0,21461,0.0,0.0
2022-09-16 09:00:00+09:00,6480.0,7120.0,6470.0,6630.0,342872,0.0,0.0
2022-09-16 10:00:00+09:00,6630.0,6660.0,6570.0,6580.0,34720,0.0,0.0
2022-09-16 11:00:00+09:00,6580.0,6620.0,6570.0,6580.0,8534,0.0,0.0
2022-09-16 12:00:00+09:00,6580.0,6590.0,6500.0,6520.0,20446,0.0,0.0
2022-09-16 13:00:00+09:00,6520.0,6520.0,6430.0,6490.0,22482,0.0,0.0
2022-09-16 14:00:00+09:00,6490.0,6490.0,6420.0,6460.0,11432,0.0,0.0
2022-09-19 09:00:00+09:00,6370.0,6460.0,6170.0,6190.0,0,0.0,0.0
2022-09-19 10:00:00+09:00,6210.0,6250.0,6170.0,6210.0,14196,0.0,0.0
2022-09-19 11:00:00+09:00,6190.0,6210.0,6080.0,6090.0,33257,0.0,0.0
2022-09-19 12:00:00+09:00,6090.0,6150.0,6080.0,6110.0,6263,0.0,0.0
2022-09-19 13:00:00+09:00,6140.0,6140.0,6060.0,6090.0,16233,0.0,0.0
2022-09-19 14:00:00+09:00,6080.0,6090.0,6060.0,6080.0,6619,0.0,0.0
2022-09-20 09:00:00+09:00,6060.0,6160.0,6060.0,6120.0,0,0.0,0.0
2022-09-20 10:00:00+09:00,6120.0,6150.0,6060.0,6110.0,6511,0.0,0.0
2022-09-20 11:00:00+09:00,6110.0,6120.0,6100.0,6120.0,3838,0.0,0.0
2022-09-20 12:00:00+09:00,6130.0,6140.0,6110.0,6120.0,5568,0.0,0.0
2022-09-20 13:00:00+09:00,6120.0,6150.0,6100.0,6140.0,4170,0.0,0.0
2022-09-20 14:00:00+09:00,6130.0,6130.0,6070.0,6110.0,0,0.0,0.0
2022-09-21 09:00:00+09:00,6000.0,6160.0,6000.0,6120.0,0,0.0,0.0
2022-09-21 10:00:00+09:00,6140.0,6140.0,6060.0,6100.0,9396,0.0,0.0
2022-09-21 11:00:00+09:00,6060.0,6080.0,6030.0,6030.0,9218,0.0,0.0
2022-09-21 12:00:00+09:00,6040.0,6040.0,5960.0,5970.0,21007,0.0,0.0
2022-09-21 13:00:00+09:00,5970.0,5990.0,5880.0,5890.0,24768,0.0,0.0
2022-09-21 14:00:00+09:00,5910.0,5930.0,5880.0,5930.0,13874,0.0,0.0
2022-09-22 09:00:00+09:00,5790.0,5860.0,5660.0,5670.0,0,0.0,0.0
2022-09-22 10:00:00+09:00,5680.0,5710.0,5610.0,5620.0,32840,0.0,0.0
2022-09-22 11:00:00+09:00,5620.0,5700.0,5610.0,5680.0,12348,0.0,0.0
2022-09-22 12:00:00+09:00,5680.0,5720.0,5660.0,5710.0,3918,0.0,0.0
2022-09-22 13:00:00+09:00,5730.0,5740.0,5650.0,5700.0,8282,0.0,0.0
2022-09-22 14:00:00+09:00,5710.0,5800.0,5690.0,5790.0,18491,0.0,0.0
2022-09-23 09:00:00+09:00,5700.0,5700.0,5590.0,5630.0,0,0.0,0.0
2022-09-23 10:00:00+09:00,5630.0,5650.0,5570.0,5590.0,16364,0.0,0.0
2022-09-23 11:00:00+09:00,5590.0,5610.0,5520.0,5550.0,18695,0.0,0.0
2022-09-23 12:00:00+09:00,5590.0,5610.0,5480.0,5500.0,22663,0.0,0.0
2022-09-23 13:00:00+09:00,5500.0,5510.0,5440.0,5470.0,6642,0.0,0.0
2022-09-23 14:00:00+09:00,5470.0,5480.0,5450.0,5450.0,9407,0.0,0.0
2022-09-26 09:00:00+09:00,5200.0,5420.0,5180.0,5200.0,0,0.0,0.0
2022-09-26 10:00:00+09:00,5200.0,5220.0,5100.0,5200.0,37732,0.0,0.0
2022-09-26 11:00:00+09:00,5210.0,5280.0,5170.0,5200.0,9229,0.0,0.0
2022-09-26 12:00:00+09:00,5200.0,5220.0,5140.0,5140.0,7608,0.0,0.0
2022-09-26 13:00:00+09:00,5140.0,5180.0,5060.0,5110.0,0,0.0,0.0
2022-09-26 14:00:00+09:00,5130.0,5130.0,5020.0,5080.0,195433,0.0,0.0
2022-09-27 09:00:00+09:00,4925.0,5290.0,4925.0,5290.0,0,0.0,0.0
2022-09-27 10:00:00+09:00,5280.0,5330.0,5090.0,5120.0,32785,0.0,0.0
2022-09-27 11:00:00+09:00,5110.0,5130.0,5010.0,5070.0,11768,0.0,0.0
2022-09-27 12:00:00+09:00,5070.0,5070.0,5000.0,5020.0,16453,0.0,0.0
2022-09-27 13:00:00+09:00,5030.0,5080.0,5000.0,5020.0,12333,0.0,0.0
2022-09-27 14:00:00+09:00,5020.0,5040.0,4970.0,5020.0,31279,0.0,0.0
2022-09-28 09:00:00+09:00,5090.0,5220.0,5030.0,5210.0,0,0.0,0.0
2022-09-28 10:00:00+09:00,5180.0,5220.0,5040.0,5070.0,20968,0.0,0.0
2022-09-28 11:00:00+09:00,5050.0,5080.0,4870.0,4915.0,23837,0.0,0.0
2022-09-28 12:00:00+09:00,4915.0,4925.0,4845.0,4900.0,18782,0.0,0.0
2022-09-28 13:00:00+09:00,4900.0,4925.0,4840.0,4855.0,11011,0.0,0.0
2022-09-28 14:00:00+09:00,4855.0,4920.0,4815.0,4895.0,15959,0.0,0.0
2022-09-29 09:00:00+09:00,4920.0,5080.0,4920.0,5060.0,0,0.0,0.0
2022-09-29 10:00:00+09:00,5060.0,5120.0,5030.0,5070.0,20939,0.0,0.0
2022-09-29 11:00:00+09:00,5070.0,5070.0,4955.0,4965.0,10890,0.0,0.0
2022-09-29 12:00:00+09:00,4965.0,5010.0,4930.0,5010.0,9533,0.0,0.0
2022-09-29 13:00:00+09:00,4990.0,5060.0,4985.0,5050.0,18334,0.0,0.0
2022-09-29 14:00:00+09:00,5020.0,5040.0,4950.0,4950.0,8635,0.0,0.0
2022-09-30 09:00:00+09:00,4740.0,4815.0,4660.0,4740.0,0,0.0,0.0
2022-09-30 10:00:00+09:00,4755.0,4930.0,4690.0,4885.0,27698,0.0,0.0
2022-09-30 11:00:00+09:00,4880.0,4925.0,4850.0,4920.0,7975,0.0,0.0
2022-09-30 12:00:00+09:00,4915.0,4955.0,4880.0,4885.0,12365,0.0,0.0
2022-09-30 13:00:00+09:00,4890.0,4905.0,4830.0,4900.0,3429,0.0,0.0
2022-09-30 14:00:00+09:00,4895.0,4940.0,4890.0,4925.0,10252,0.0,0.0
2022-10-04 09:00:00+09:00,5000.0,5050.0,4940.0,5010.0,0,0.0,0.0
2022-10-04 10:00:00+09:00,5010.0,5030.0,4950.0,5010.0,21572,0.0,0.0
2022-10-04 11:00:00+09:00,5010.0,5030.0,4960.0,5010.0,9055,0.0,0.0
2022-10-04 12:00:00+09:00,5020.0,5030.0,4985.0,5010.0,5348,0.0,0.0
2022-10-04 13:00:00+09:00,5010.0,5030.0,4960.0,5020.0,10207,0.0,0.0
2022-10-04 14:00:00+09:00,5010.0,5060.0,5000.0,5040.0,13639,0.0,0.0
2022-10-05 09:00:00+09:00,5100.0,5180.0,4955.0,4975.0,0,0.0,0.0
2022-10-05 10:00:00+09:00,4965.0,4985.0,4905.0,4910.0,17703,0.0,0.0
2022-10-05 11:00:00+09:00,4915.0,4920.0,4875.0,4880.0,13227,0.0,0.0
2022-10-05 12:00:00+09:00,4885.0,4930.0,4885.0,4900.0,5266,0.0,0.0
2022-10-05 13:00:00+09:00,4895.0,4900.0,4845.0,4890.0,19554,0.0,0.0
2022-10-05 14:00:00+09:00,4860.0,4925.0,4855.0,4880.0,17331,0.0,0.0
2022-10-06 09:00:00+09:00,4890.0,5080.0,4880.0,5020.0,0,0.0,0.0
2022-10-06 10:00:00+09:00,5020.0,5070.0,5000.0,5060.0,17290,0.0,0.0
2022-10-06 11:00:00+09:00,5060.0,5090.0,5020.0,5090.0,13766,0.0,0.0
2022-10-06 12:00:00+09:00,5080.0,5080.0,5030.0,5070.0,9206,0.0,0.0
2022-10-06 13:00:00+09:00,5070.0,5100.0,5050.0,5090.0,24904,0.0,0.0
2022-10-06 14:00:00+09:00,5060.0,5100.0,5060.0,5070.0,10163,0.0,0.0
2022-10-07 09:00:00+09:00,5100.0,5100.0,4990.0,5040.0,0,0.0,0.0
2022-10-07 10:00:00+09:00,5020.0,5040.0,5000.0,5030.0,8120,0.0,0.0
2022-10-07 11:00:00+09:00,5030.0,5130.0,5010.0,5120.0,21816,0.0,0.0
2022-10-07 12:00:00+09:00,5120.0,5140.0,5080.0,5080.0,4727,0.0,0.0
2022-10-07 13:00:00+09:00,5100.0,5100.0,5010.0,5010.0,6326,0.0,0.0
2022-10-07 14:00:00+09:00,5020.0,5100.0,5020.0,5040.0,4272,0.0,0.0
2022-10-11 09:00:00+09:00,4945.0,4950.0,4710.0,4725.0,0,0.0,0.0
2022-10-11 10:00:00+09:00,4755.0,4935.0,4690.0,4695.0,21006,0.0,0.0
2022-10-11 11:00:00+09:00,4695.0,4695.0,4650.0,4655.0,16488,0.0,0.0
2022-10-11 12:00:00+09:00,4680.0,4680.0,4625.0,4630.0,6079,0.0,0.0
2022-10-11 13:00:00+09:00,4630.0,4655.0,4625.0,4630.0,10528,0.0,0.0
2022-10-11 14:00:00+09:00,4630.0,4695.0,4625.0,4695.0,14853,0.0,0.0
2022-10-12 09:00:00+09:00,4570.0,4655.0,4565.0,4635.0,0,0.0,0.0
2022-10-12 10:00:00+09:00,4635.0,4655.0,4550.0,4550.0,16077,0.0,0.0
2022-10-12 11:00:00+09:00,4565.0,4580.0,4515.0,4530.0,10746,0.0,0.0
2022-10-12 12:00:00+09:00,4545.0,4585.0,4505.0,4540.0,7868,0.0,0.0
2022-10-12 13:00:00+09:00,4550.0,4650.0,4545.0,4610.0,13731,0.0,0.0
2022-10-12 14:00:00+09:00,4605.0,4630.0,4580.0,4620.0,7712,0.0,0.0
2022-10-13 09:00:00+09:00,4565.0,4575.0,4355.0,4365.0,0,0.0,0.0
2022-10-13 10:00:00+09:00,4360.0,4360.0,4295.0,4350.0,28860,0.0,0.0
2022-10-13 11:00:00+09:00,4350.0,4350.0,4290.0,4300.0,9738,0.0,0.0
2022-10-13 12:00:00+09:00,4320.0,4350.0,4295.0,4345.0,7880,0.0,0.0
2022-10-13 13:00:00+09:00,4350.0,4350.0,4305.0,4305.0,9438,0.0,0.0
2022-10-13 14:00:00+09:00,4305.0,4335.0,4300.0,4330.0,0,0.0,0.0
2022-10-14 09:00:00+09:00,4360.0,4555.0,4360.0,4490.0,0,0.0,0.0
2022-10-14 10:00:00+09:00,4490.0,4660.0,4490.0,4645.0,48426,0.0,0.0
2022-10-14 11:00:00+09:00,4645.0,4650.0,4590.0,4630.0,18685,0.0,0.0
2022-10-14 12:00:00+09:00,4635.0,4660.0,4630.0,4645.0,7850,0.0,0.0
2022-10-14 13:00:00+09:00,4630.0,4655.0,4595.0,4600.0,10648,0.0,0.0
2022-10-14 14:00:00+09:00,4590.0,4600.0,4560.0,4600.0,7177,0.0,0.0
2022-10-17 09:00:00+09:00,4530.0,4625.0,4470.0,4600.0,0,0.0,0.0
2022-10-17 10:00:00+09:00,4600.0,4655.0,4595.0,4640.0,6775,0.0,0.0
2022-10-17 11:00:00+09:00,4650.0,4690.0,4635.0,4690.0,7006,0.0,0.0
2022-10-17 12:00:00+09:00,4690.0,4690.0,4640.0,4640.0,5886,0.0,0.0
2022-10-17 13:00:00+09:00,4640.0,4650.0,4600.0,4650.0,4827,0.0,0.0
2022-10-17 14:00:00+09:00,4650.0,4670.0,4645.0,4665.0,2326,0.0,0.0
2022-10-18 09:00:00+09:00,4705.0,4800.0,4700.0,4745.0,0,0.0,0.0
2022-10-18 10:00:00+09:00,4780.0,4780.0,4745.0,4760.0,4520,0.0,0.0
2022-10-18 11:00:00+09:00,4760.0,4760.0,4680.0,4730.0,14156,0.0,0.0
2022-10-18 12:00:00+09:00,4735.0,4775.0,4685.0,4760.0,9033,0.0,0.0
2022-10-18 13:00:00+09:00,4760.0,4980.0,4760.0,4880.0,125423,0.0,0.0
2022-10-18 14:00:00+09:00,4880.0,4900.0,4850.0,4865.0,18593,0.0,0.0
2022-10-19 09:00:00+09:00,4890.0,4890.0,4775.0,4845.0,0,0.0,0.0
2022-10-19 10:00:00+09:00,4860.0,4900.0,4860.0,4875.0,5960,0.0,0.0
2022-10-19 11:00:00+09:00,4880.0,4925.0,4870.0,4870.0,9109,0.0,0.0
2022-10-19 12:00:00+09:00,4875.0,4915.0,4860.0,4880.0,3552,0.0,0.0
2022-10-19 13:00:00+09:00,4880.0,4955.0,4820.0,4875.0,31397,0.0,0.0
2022-10-19 14:00:00+09:00,4880.0,4895.0,4805.0,4825.0,8004,0.0,0.0
2022-10-20 09:00:00+09:00,4905.0,5150.0,4705.0,4720.0,178834,0.0,0.0
2022-10-20 10:00:00+09:00,4720.0,4740.0,4650.0,4670.0,32857,0.0,0.0
2022-10-20 11:00:00+09:00,4675.0,4710.0,4650.0,4690.0,12551,0.0,0.0
2022-10-20 12:00:00+09:00,4690.0,4695.0,4650.0,4680.0,12136,0.0,0.0
2022-10-20 13:00:00+09:00,4670.0,4680.0,4645.0,4665.0,12581,0.0,0.0
2022-10-20 14:00:00+09:00,4665.0,4740.0,4665.0,4690.0,21633,0.0,0.0
2022-10-21 09:00:00+09:00,4630.0,4770.0,4625.0,4695.0,0,0.0,0.0
2022-10-21 10:00:00+09:00,4695.0,4695.0,4635.0,4650.0,9459,0.0,0.0
2022-10-21 11:00:00+09:00,4650.0,4675.0,4625.0,4640.0,4138,0.0,0.0
2022-10-21 12:00:00+09:00,4640.0,4680.0,4600.0,4655.0,9710,0.0,0.0
2022-10-21 13:00:00+09:00,4640.0,4655.0,4590.0,4620.0,11453,0.0,0.0
2022-10-21 14:00:00+09:00,4620.0,4625.0,4585.0,4600.0,12614,0.0,0.0
2022-10-24 09:00:00+09:00,4660.0,4835.0,4625.0,4810.0,872,0.0,0.0
2022-10-24 10:00:00+09:00,4810.0,4810.0,4755.0,4780.0,11832,0.0,0.0
2022-10-24 11:00:00+09:00,4760.0,4770.0,4725.0,4740.0,6692,0.0,0.0
2022-10-24 12:00:00+09:00,4740.0,4740.0,4710.0,4710.0,3756,0.0,0.0
2022-10-24 13:00:00+09:00,4720.0,4735.0,4700.0,4720.0,7113,0.0,0.0
2022-10-24 14:00:00+09:00,4720.0,4720.0,4670.0,4685.0,10432,0.0,0.0
2022-10-25 09:00:00+09:00,4730.0,4730.0,4500.0,4630.0,0,0.0,0.0
2022-10-25 10:00:00+09:00,4630.0,4650.0,4540.0,4575.0,15504,0.0,0.0
2022-10-25 11:00:00+09:00,4575.0,4590.0,4535.0,4535.0,6854,0.0,0.0
2022-10-25 12:00:00+09:00,4555.0,4570.0,4535.0,4560.0,10113,0.0,0.0
2022-10-25 13:00:00+09:00,4560.0,4565.0,4555.0,4555.0,794,0.0,0.0
2022-10-25 14:00:00+09:00,4555.0,4560.0,4520.0,4535.0,7797,0.0,0.0
2022-10-26 09:00:00+09:00,4535.0,4535.0,4400.0,4440.0,0,0.0,0.0
2022-10-26 10:00:00+09:00,4405.0,4530.0,4400.0,4425.0,20921,0.0,0.0
2022-10-26 11:00:00+09:00,4420.0,4455.0,4410.0,4450.0,8034,0.0,0.0
2022-10-26 12:00:00+09:00,4450.0,4450.0,4410.0,4425.0,3687,0.0,0.0
2022-10-26 13:00:00+09:00,4425.0,4425.0,4405.0,4410.0,4083,0.0,0.0
2022-10-26 14:00:00+09:00,4410.0,4440.0,4395.0,4405.0,9757,0.0,0.0
2022-10-27 09:00:00+09:00,4410.0,4465.0,4365.0,4455.0,0,0.0,0.0
2022-10-27 10:00:00+09:00,4455.0,4510.0,4445.0,4510.0,8979,0.0,0.0
2022-10-27 11:00:00+09:00,4505.0,4515.0,4450.0,4515.0,5954,0.0,0.0
2022-10-27 12:00:00+09:00,4510.0,4510.0,4475.0,4480.0,2068,0.0,0.0
2022-10-27 13:00:00+09:00,4490.0,4520.0,4445.0,4480.0,11576,0.0,0.0
2022-10-27 14:00:00+09:00,4480.0,4540.0,4475.0,4540.0,8015,0.0,0.0
2022-10-28 09:00:00+09:00,4510.0,4520.0,4425.0,4440.0,10530,0.0,0.0
2022-10-28 10:00:00+09:00,4440.0,4485.0,4435.0,4470.0,10078,0.0,0.0
2022-10-28 11:00:00+09:00,4480.0,4490.0,4420.0,4420.0,13193,0.0,0.0
2022-10-28 12:00:00+09:00,4430.0,4480.0,4410.0,4415.0,4579,0.0,0.0
2022-10-28 13:00:00+09:00,4425.0,4510.0,4405.0,4420.0,8919,0.0,0.0
2022-10-28 14:00:00+09:00,4410.0,4480.0,4365.0,4380.0,15751,0.0,0.0
2022-10-31 09:00:00+09:00,4495.0,4540.0,4430.0,4505.0,0,0.0,0.0
2022-10-31 10:00:00+09:00,4515.0,4515.0,4480.0,4485.0,4783,0.0,0.0
2022-10-31 11:00:00+09:00,4495.0,4500.0,4455.0,4485.0,3085,0.0,0.0
2022-10-31 12:00:00+09:00,4485.0,4485.0,4460.0,4485.0,1517,0.0,0.0
2022-10-31 13:00:00+09:00,4480.0,4490.0,4465.0,4480.0,3062,0.0,0.0
2022-10-31 14:00:00+09:00,4480.0,4490.0,4460.0,4465.0,5922,0.0,0.0
2022-11-01 09:00:00+09:00,4470.0,4540.0,4460.0,4535.0,0,0.0,0.0
2022-11-01 10:00:00+09:00,4530.0,4570.0,4520.0,4555.0,8452,0.0,0.0
2022-11-01 11:00:00+09:00,4555.0,4560.0,4530.0,4550.0,8292,0.0,0.0
2022-11-01 12:00:00+09:00,4555.0,4565.0,4535.0,4550.0,6658,0.0,0.0
2022-11-01 13:00:00+09:00,4545.0,4555.0,4535.0,4545.0,3468,0.0,0.0
2022-11-01 14:00:00+09:00,4540.0,4565.0,4540.0,4555.0,6736,0.0,0.0
2022-11-02 09:00:00+09:00,4580.0,4600.0,4500.0,4540.0,0,0.0,0.0
2022-11-02 10:00:00+09:00,4570.0,4615.0,4540.0,4560.0,4713,0.0,0.0
2022-11-02 11:00:00+09:00,4560.0,4590.0,4550.0,4560.0,10929,0.0,0.0
2022-11-02 12:00:00+09:00,4565.0,4615.0,4560.0,4565.0,4228,0.0,0.0
2022-11-02 13:00:00+09:00,4565.0,4580.0,4535.0,4550.0,6134,0.0,0.0
2022-11-02 14:00:00+09:00,4555.0,4565.0,4545.0,4545.0,3377,0.0,0.0
2022-11-03 09:00:00+09:00,4430.0,4530.0,4430.0,4520.0,0,0.0,0.0
2022-11-03 10:00:00+09:00,4520.0,4570.0,4515.0,4540.0,3708,0.0,0.0
2022-11-03 11:00:00+09:00,4525.0,4525.0,4455.0,4505.0,8702,0.0,0.0
2022-11-03 12:00:00+09:00,4510.0,4535.0,4465.0,4535.0,3993,0.0,0.0
2022-11-03 13:00:00+09:00,4525.0,4580.0,4515.0,4570.0,8408,0.0,0.0
2022-11-03 14:00:00+09:00,4565.0,4600.0,4560.0,4585.0,4359,0.0,0.0
2022-11-04 09:00:00+09:00,4560.0,4580.0,4505.0,4510.0,0,0.0,0.0
2022-11-04 10:00:00+09:00,4505.0,4525.0,4420.0,4480.0,20920,0.0,0.0
2022-11-04 11:00:00+09:00,4500.0,4500.0,4470.0,4475.0,1749,0.0,0.0
2022-11-04 12:00:00+09:00,4475.0,4490.0,4460.0,4490.0,1805,0.0,0.0
2022-11-04 13:00:00+09:00,4485.0,4490.0,4465.0,4485.0,5917,0.0,0.0
2022-11-04 14:00:00+09:00,4465.0,4510.0,4465.0,4505.0,6935,0.0,0.0
2022-11-07 09:00:00+09:00,4520.0,4630.0,4495.0,4620.0,0,0.0,0.0
2022-11-07 10:00:00+09:00,4625.0,4640.0,4600.0,4625.0,15342,0.0,0.0
2022-11-07 11:00:00+09:00,4625.0,4640.0,4595.0,4595.0,3525,0.0,0.0
2022-11-07 12:00:00+09:00,4620.0,4640.0,4600.0,4615.0,5096,0.0,0.0
2022-11-07 13:00:00+09:00,4615.0,4635.0,4605.0,4630.0,4956,0.0,0.0
2022-11-07 14:00:00+09:00,4630.0,4635.0,4600.0,4620.0,10397,0.0,0.0
2022-11-08 09:00:00+09:00,4630.0,5220.0,4630.0,5180.0,531387,0.0,0.0
2022-11-08 10:00:00+09:00,5180.0,5180.0,4785.0,4870.0,548071,0.0,0.0
2022-11-08 11:00:00+09:00,4855.0,4920.0,4840.0,4855.0,82026,0.0,0.0
2022-11-08 12:00:00+09:00,4850.0,4880.0,4785.0,4865.0,46847,0.0,0.0
2022-11-08 13:00:00+09:00,4865.0,4870.0,4800.0,4825.0,20722,0.0,0.0
2022-11-08 14:00:00+09:00,4820.0,4865.0,4805.0,4840.0,24229,0.0,0.0
2022-11-09 09:00:00+09:00,4900.0,4920.0,4840.0,4915.0,0,0.0,0.0
2022-11-09 10:00:00+09:00,4915.0,4920.0,4875.0,4885.0,14762,0.0,0.0
2022-11-09 11:00:00+09:00,4880.0,4890.0,4875.0,4890.0,9216,0.0,0.0
2022-11-09 12:00:00+09:00,4890.0,4890.0,4850.0,4850.0,15098,0.0,0.0
2022-11-09 13:00:00+09:00,4850.0,4865.0,4810.0,4860.0,17066,0.0,0.0
2022-11-09 14:00:00+09:00,4855.0,4950.0,4855.0,4905.0,60844,0.0,0.0
2022-11-10 09:00:00+09:00,4885.0,4930.0,4830.0,4900.0,0,0.0,0.0
2022-11-10 10:00:00+09:00,4895.0,4960.0,4890.0,4925.0,29778,0.0,0.0
2022-11-10 11:00:00+09:00,4920.0,4920.0,4865.0,4885.0,11510,0.0,0.0
2022-11-10 12:00:00+09:00,4885.0,4925.0,4875.0,4900.0,7118,0.0,0.0
2022-11-10 13:00:00+09:00,4900.0,4900.0,4875.0,4890.0,5134,0.0,0.0
2022-11-10 14:00:00+09:00,4890.0,4920.0,4890.0,4900.0,27660,0.0,0.0
2022-11-11 09:00:00+09:00,5050.0,5050.0,4950.0,4955.0,0,0.0,0.0
2022-11-11 10:00:00+09:00,4955.0,4985.0,4935.0,4940.0,19642,0.0,0.0
2022-11-11 11:00:00+09:00,4940.0,4955.0,4925.0,4945.0,9703,0.0,0.0
2022-11-11 12:00:00+09:00,4945.0,4955.0,4920.0,4935.0,7075,0.0,0.0
2022-11-11 13:00:00+09:00,4945.0,4950.0,4920.0,4925.0,8148,0.0,0.0
2022-11-11 14:00:00+09:00,4925.0,4930.0,4900.0,4920.0,12213,0.0,0.0
2022-11-14 09:00:00+09:00,4970.0,5020.0,4905.0,4980.0,0,0.0,0.0
2022-11-14 10:00:00+09:00,4980.0,5090.0,4970.0,5070.0,65560,0.0,0.0
2022-11-14 11:00:00+09:00,5070.0,5080.0,5040.0,5060.0,19631,0.0,0.0
2022-11-14 12:00:00+09:00,5060.0,5070.0,5040.0,5060.0,6228,0.0,0.0
2022-11-14 13:00:00+09:00,5060.0,5060.0,5040.0,5040.0,5058,0.0,0.0
2022-11-14 14:00:00+09:00,5040.0,5050.0,4980.0,4985.0,19062,0.0,0.0
2022-11-15 09:00:00+09:00,5030.0,5110.0,5020.0,5070.0,0,0.0,0.0
2022-11-15 10:00:00+09:00,5040.0,5130.0,5020.0,5100.0,21177,0.0,0.0
2022-11-15 11:00:00+09:00,5100.0,5110.0,5060.0,5090.0,17722,0.0,0.0
2022-11-15 12:00:00+09:00,5090.0,5100.0,5080.0,5080.0,10875,0.0,0.0
2022-11-15 13:00:00+09:00,5090.0,5130.0,5050.0,5090.0,0,0.0,0.0
2022-11-15 14:00:00+09:00,5100.0,5110.0,5070.0,5080.0,125944,0.0,0.0
2022-11-16 09:00:00+09:00,5160.0,5180.0,5020.0,5050.0,0,0.0,0.0
2022-11-16 10:00:00+09:00,5050.0,5080.0,4995.0,5040.0,31233,0.0,0.0
2022-11-16 11:00:00+09:00,5040.0,5130.0,5030.0,5110.0,5981,0.0,0.0
2022-11-16 12:00:00+09:00,5110.0,5140.0,5090.0,5130.0,5250,0.0,0.0
2022-11-16 13:00:00+09:00,5130.0,5140.0,5070.0,5080.0,10465,0.0,0.0
2022-11-16 14:00:00+09:00,5080.0,5090.0,5050.0,5070.0,11061,0.0,0.0
2022-11-17 10:00:00+09:00,5120.0,5180.0,5050.0,5050.0,26260,0.0,0.0
2022-11-17 11:00:00+09:00,5050.0,5070.0,5020.0,5040.0,18177,0.0,0.0
2022-11-17 12:00:00+09:00,5040.0,5050.0,4980.0,5000.0,22266,0.0,0.0
2022-11-17 13:00:00+09:00,5020.0,5060.0,4995.0,5030.0,13997,0.0,0.0
2022-11-17 14:00:00+09:00,5020.0,5040.0,5010.0,5020.0,5726,0.0,0.0
2022-11-18 09:00:00+09:00,5030.0,5060.0,4990.0,5000.0,0,0.0,0.0
2022-11-18 10:00:00+09:00,5010.0,5040.0,4950.0,5020.0,10122,0.0,0.0
2022-11-18 11:00:00+09:00,5010.0,5030.0,4965.0,5030.0,3783,0.0,0.0
2022-11-18 12:00:00+09:00,5030.0,5030.0,4995.0,5000.0,4713,0.0,0.0
2022-11-18 13:00:00+09:00,5000.0,5000.0,4930.0,4950.0,14751,0.0,0.0
2022-11-18 14:00:00+09:00,4950.0,5000.0,4925.0,4995.0,8647,0.0,0.0
2022-11-21 09:00:00+09:00,4970.0,4970.0,4765.0,4825.0,0,0.0,0.0
2022-11-21 10:00:00+09:00,4825.0,4830.0,4790.0,4790.0,7864,0.0,0.0
2022-11-21 11:00:00+09:00,4790.0,4790.0,4770.0,4780.0,28642,0.0,0.0
2022-11-21 12:00:00+09:00,4775.0,4790.0,4750.0,4790.0,10176,0.0,0.0
2022-11-21 13:00:00+09:00,4790.0,4820.0,4775.0,4810.0,4258,0.0,0.0
2022-11-21 14:00:00+09:00,4810.0,4810.0,4770.0,4805.0,7143,0.0,0.0
2022-11-22 09:00:00+09:00,4770.0,4910.0,4770.0,4860.0,0,0.0,0.0
2022-11-22 10:00:00+09:00,4870.0,4950.0,4860.0,4935.0,18684,0.0,0.0
2022-11-22 11:00:00+09:00,4935.0,4985.0,4930.0,4985.0,20492,0.0,0.0
2022-11-22 12:00:00+09:00,4985.0,5010.0,4960.0,4960.0,17556,0.0,0.0
2022-11-22 13:00:00+09:00,4960.0,5010.0,4950.0,5010.0,9040,0.0,0.0
2022-11-22 14:00:00+09:00,5000.0,5070.0,4970.0,4995.0,30725,0.0,0.0
2022-11-23 09:00:00+09:00,4990.0,5030.0,4910.0,4950.0,0,0.0,0.0
2022-11-23 10:00:00+09:00,4975.0,4995.0,4945.0,4995.0,12347,0.0,0.0
2022-11-23 11:00:00+09:00,4985.0,4995.0,4945.0,4980.0,5615,0.0,0.0
2022-11-23 12:00:00+09:00,4980.0,4985.0,4955.0,4980.0,2069,0.0,0.0
2022-11-23 13:00:00+09:00,4975.0,4995.0,4975.0,4990.0,2814,0.0,0.0
2022-11-23 14:00:00+09:00,4975.0,4990.0,4945.0,4970.0,9370,0.0,0.0
2022-11-24 09:00:00+09:00,5000.0,5100.0,5000.0,5080.0,0,0.0,0.0
2022-11-24 10:00:00+09:00,5070.0,5100.0,5060.0,5080.0,11116,0.0,0.0
2022-11-24 11:00:00+09:00,5060.0,5140.0,5060.0,5140.0,20602,0.0,0.0
2022-11-24 12:00:00+09:00,5130.0,5140.0,5100.0,5100.0,7813,0.0,0.0
2022-11-24 13:00:00+09:00,5100.0,5110.0,5080.0,5090.0,6781,0.0,0.0
2022-11-24 14:00:00+09:00,5090.0,5100.0,5070.0,5090.0,7440,0.0,0.0
2022-11-25 09:00:00+09:00,5170.0,5180.0,5070.0,5090.0,0,0.0,0.0
2022-11-25 10:00:00+09:00,5070.0,5090.0,5040.0,5060.0,9514,0.0,0.0
2022-11-25 11:00:00+09:00,5080.0,5120.0,5040.0,5110.0,7596,0.0,0.0
2022-11-25 12:00:00+09:00,5100.0,5300.0,5080.0,5150.0,125301,0.0,0.0
2022-11-25 13:00:00+09:00,5150.0,5170.0,5100.0,5130.0,24088,0.0,0.0
2022-11-25 14:00:00+09:00,5130.0,5140.0,5090.0,5090.0,11446,0.0,0.0
2022-11-28 09:00:00+09:00,5070.0,5090.0,4890.0,4900.0,0,0.0,0.0
2022-11-28 10:00:00+09:00,4895.0,4935.0,4845.0,4885.0,14538,0.0,0.0
2022-11-28 11:00:00+09:00,4885.0,4930.0,4870.0,4900.0,3086,0.0,0.0
2022-11-28 12:00:00+09:00,4900.0,4930.0,4880.0,4895.0,4509,0.0,0.0
2022-11-28 13:00:00+09:00,4895.0,4910.0,4870.0,4910.0,7531,0.0,0.0
2022-11-28 14:00:00+09:00,4905.0,4905.0,4855.0,4860.0,13847,0.0,0.0
2022-11-29 09:00:00+09:00,4805.0,4900.0,4775.0,4860.0,0,0.0,0.0
2022-11-29 10:00:00+09:00,4860.0,4940.0,4845.0,4925.0,4950,0.0,0.0
2022-11-29 11:00:00+09:00,4925.0,4985.0,4920.0,4970.0,11720,0.0,0.0
2022-11-29 12:00:00+09:00,4970.0,4990.0,4930.0,4990.0,9919,0.0,0.0
2022-11-29 13:00:00+09:00,4990.0,5030.0,4985.0,5010.0,12222,0.0,0.0
2022-11-29 14:00:00+09:00,5010.0,5020.0,4780.0,5000.0,29622,0.0,0.0
2022-11-30 09:00:00+09:00,5000.0,5080.0,4950.0,5070.0,0,0.0,0.0
2022-11-30 10:00:00+09:00,5070.0,5090.0,5010.0,5070.0,27474,0.0,0.0
2022-11-30 11:00:00+09:00,5080.0,5100.0,5050.0,5060.0,11925,0.0,0.0
2022-11-30 12:00:00+09:00,5080.0,5090.0,5060.0,5080.0,5656,0.0,0.0
2022-11-30 13:00:00+09:00,5080.0,5130.0,5060.0,5070.0,27143,0.0,0.0
2022-11-30 14:00:00+09:00,5090.0,5120.0,5070.0,5110.0,15546,0.0,0.0
2022-12-01 09:00:00+09:00,5190.0,6290.0,5170.0,6020.0,3331363,0.0,0.0
2022-12-01 10:00:00+09:00,6020.0,6030.0,5840.0,5980.0,800571,0.0,0.0
2022-12-01 11:00:00+09:00,5970.0,6030.0,5870.0,5980.0,361776,0.0,0.0
2022-12-01 12:00:00+09:00,5990.0,6000.0,5850.0,5900.0,173250,0.0,0.0
2022-12-01 13:00:00+09:00,5890.0,5900.0,5810.0,5860.0,134950,0.0,0.0
2022-12-01 14:00:00+09:00,5860.0,5940.0,5840.0,5860.0,136540,0.0,0.0
2022-12-02 09:00:00+09:00,5960.0,6010.0,5770.0,5780.0,0,0.0,0.0
2022-12-02 10:00:00+09:00,5780.0,5840.0,5750.0,5760.0,73618,0.0,0.0
2022-12-02 11:00:00+09:00,5760.0,5780.0,5680.0,5680.0,58766,0.0,0.0
2022-12-02 12:00:00+09:00,5690.0,5740.0,5680.0,5710.0,32621,0.0,0.0
2022-12-02 13:00:00+09:00,5720.0,5720.0,5620.0,5660.0,43539,0.0,0.0
2022-12-02 14:00:00+09:00,5660.0,5710.0,5620.0,5690.0,29671,0.0,0.0
2022-12-05 09:00:00+09:00,5620.0,5660.0,5520.0,5580.0,0,0.0,0.0
2022-12-05 10:00:00+09:00,5560.0,5610.0,5530.0,5560.0,41641,0.0,0.0
2022-12-05 11:00:00+09:00,5560.0,5560.0,5510.0,5520.0,26636,0.0,0.0
2022-12-05 12:00:00+09:00,5520.0,5570.0,5500.0,5570.0,23291,0.0,0.0
2022-12-05 13:00:00+09:00,5570.0,5570.0,5530.0,5530.0,17692,0.0,0.0
2022-12-05 14:00:00+09:00,5530.0,5650.0,5500.0,5630.0,47032,0.0,0.0
2022-12-06 09:00:00+09:00,5500.0,5550.0,5330.0,5390.0,0,0.0,0.0
2022-12-06 10:00:00+09:00,5390.0,5450.0,5350.0,5400.0,20137,0.0,0.0
2022-12-06 11:00:00+09:00,5400.0,5400.0,5340.0,5360.0,14542,0.0,0.0
2022-12-06 12:00:00+09:00,5350.0,5380.0,5340.0,5360.0,14201,0.0,0.0
2022-12-06 13:00:00+09:00,5360.0,5380.0,5340.0,5350.0,17888,0.0,0.0
2022-12-06 14:00:00+09:00,5350.0,5350.0,5280.0,5300.0,42424,0.0,0.0
2022-12-07 09:00:00+09:00,5240.0,5350.0,5220.0,5330.0,40503,0.0,0.0
2022-12-07 10:00:00+09:00,5320.0,5330.0,5270.0,5310.0,29497,0.0,0.0
2022-12-07 11:00:00+09:00,5310.0,5350.0,5290.0,5320.0,8886,0.0,0.0
2022-12-07 12:00:00+09:00,5320.0,5360.0,5300.0,5350.0,9324,0.0,0.0
2022-12-07 13:00:00+09:00,5350.0,5370.0,5320.0,5360.0,6978,0.0,0.0
2022-12-07 14:00:00+09:00,5360.0,5360.0,5300.0,5300.0,17021,0.0,0.0
2022-12-08 09:00:00+09:00,5290.0,5340.0,5170.0,5190.0,0,0.0,0.0
2022-12-08 10:00:00+09:00,5190.0,5190.0,5050.0,5120.0,41196,0.0,0.0
2022-12-08 11:00:00+09:00,5120.0,5130.0,5070.0,5100.0,14661,0.0,0.0
2022-12-08 12:00:00+09:00,5100.0,5140.0,5080.0,5130.0,11643,0.0,0.0
2022-12-08 13:00:00+09:00,5130.0,5140.0,5050.0,5050.0,19298,0.0,0.0
2022-12-08 14:00:00+09:00,5040.0,5090.0,5020.0,5090.0,13751,0.0,0.0
2022-12-09 09:00:00+09:00,5110.0,5170.0,4990.0,4990.0,0,0.0,0.0
2022-12-09 10:00:00+09:00,4990.0,5070.0,4985.0,5060.0,9476,0.0,0.0
2022-12-09 11:00:00+09:00,5060.0,5140.0,5040.0,5070.0,5082,0.0,0.0
2022-12-09 12:00:00+09:00,5070.0,5140.0,5070.0,5120.0,4507,0.0,0.0
2022-12-09 13:00:00+09:00,5120.0,5130.0,5090.0,5090.0,10844,0.0,0.0
2022-12-09 14:00:00+09:00,5090.0,5110.0,5050.0,5110.0,11073,0.0,0.0
2022-12-12 09:00:00+09:00,5090.0,5090.0,5000.0,5030.0,0,0.0,0.0
2022-12-12 10:00:00+09:00,5040.0,5060.0,5020.0,5040.0,8522,0.0,0.0
2022-12-12 11:00:00+09:00,5040.0,5130.0,5030.0,5130.0,9653,0.0,0.0
2022-12-12 12:00:00+09:00,5120.0,5130.0,5100.0,5100.0,8163,0.0,0.0
2022-12-12 13:00:00+09:00,5090.0,5120.0,5090.0,5110.0,4821,0.0,0.0
2022-12-12 14:00:00+09:00,5110.0,5120.0,5060.0,5070.0,14185,0.0,0.0
2022-12-13 09:00:00+09:00,5070.0,5120.0,5060.0,5060.0,0,0.0,0.0
2022-12-13 10:00:00+09:00,5060.0,5080.0,5030.0,5050.0,8828,0.0,0.0
2022-12-13 11:00:00+09:00,5060.0,5150.0,5060.0,5120.0,12511,0.0,0.0
2022-12-13 12:00:00+09:00,5110.0,5150.0,5110.0,5110.0,4424,0.0,0.0
2022-12-13 13:00:00+09:00,5120.0,5130.0,5070.0,5090.0,14013,0.0,0.0
2022-12-13 14:00:00+09:00,5090.0,5090.0,5050.0,5070.0,5765,0.0,0.0
2022-12-14 09:00:00+09:00,5070.0,5140.0,5070.0,5130.0,0,0.0,0.0
2022-12-14 10:00:00+09:00,5130.0,5140.0,5120.0,5130.0,5948,0.0,0.0
2022-12-14 11:00:00+09:00,5130.0,5150.0,5120.0,5140.0,6316,0.0,0.0
2022-12-14 12:00:00+09:00,5140.0,5180.0,5140.0,5170.0,4327,0.0,0.0
2022-12-14 13:00:00+09:00,5150.0,5170.0,5140.0,5170.0,4658,0.0,0.0
2022-12-14 14:00:00+09:00,5160.0,5170.0,5140.0,5170.0,11521,0.0,0.0
2022-12-15 09:00:00+09:00,5180.0,5180.0,5090.0,5150.0,0,0.0,0.0
2022-12-15 10:00:00+09:00,5160.0,5160.0,5110.0,5120.0,12958,0.0,0.0
2022-12-15 11:00:00+09:00,5130.0,5150.0,5120.0,5130.0,4870,0.0,0.0
2022-12-15 12:00:00+09:00,5130.0,5140.0,5120.0,5140.0,3484,0.0,0.0
2022-12-15 13:00:00+09:00,5140.0,5140.0,5110.0,5130.0,4828,0.0,0.0
2022-12-15 14:00:00+09:00,5110.0,5150.0,5110.0,5120.0,3865,0.0,0.0
2022-12-16 09:00:00+09:00,5050.0,5070.0,4950.0,4970.0,0,0.0,0.0
2022-12-16 10:00:00+09:00,4970.0,5040.0,4970.0,5040.0,5135,0.0,0.0
2022-12-16 11:00:00+09:00,5020.0,5040.0,4990.0,4990.0,7887,0.0,0.0
2022-12-16 12:00:00+09:00,4985.0,5020.0,4980.0,4985.0,7640,0.0,0.0
2022-12-16 13:00:00+09:00,4990.0,4995.0,4960.0,4965.0,21507,0.0,0.0
2022-12-16 14:00:00+09:00,4965.0,4975.0,4945.0,4955.0,20215,0.0,0.0
2022-12-19 09:00:00+09:00,4910.0,4925.0,4835.0,4850.0,26528,0.0,0.0
2022-12-19 10:00:00+09:00,4865.0,4910.0,4845.0,4870.0,16802,0.0,0.0
2022-12-19 11:00:00+09:00,4870.0,4900.0,4860.0,4885.0,9126,0.0,0.0
2022-12-19 12:00:00+09:00,4885.0,4905.0,4875.0,4900.0,4439,0.0,0.0
2022-12-19 13:00:00+09:00,4900.0,4905.0,4880.0,4890.0,5486,0.0,0.0
2022-12-19 14:00:00+09:00,4880.0,4890.0,4845.0,4850.0,16461,0.0,0.0
2022-12-20 09:00:00+09:00,4800.0,4825.0,4740.0,4760.0,0,0.0,0.0
2022-12-20 10:00:00+09:00,4765.0,4770.0,4740.0,4755.0,10070,0.0,0.0
2022-12-20 11:00:00+09:00,4755.0,4760.0,4740.0,4740.0,6904,0.0,0.0
2022-12-20 12:00:00+09:00,4760.0,4760.0,4630.0,4700.0,34297,0.0,0.0
2022-12-20 13:00:00+09:00,4710.0,4710.0,4600.0,4635.0,43078,0.0,0.0
2022-12-20 14:00:00+09:00,4635.0,4640.0,4595.0,4605.0,29416,0.0,0.0
2022-12-21 09:00:00+09:00,4615.0,4625.0,4570.0,4580.0,0,0.0,0.0
2022-12-21 10:00:00+09:00,4580.0,4635.0,4570.0,4620.0,8342,0.0,0.0
2022-12-21 11:00:00+09:00,4620.0,4630.0,4595.0,4610.0,3489,0.0,0.0
2022-12-21 12:00:00+09:00,4610.0,4625.0,4575.0,4600.0,6557,0.0,0.0
2022-12-21 13:00:00+09:00,4600.0,4605.0,4570.0,4595.0,6416,0.0,0.0
2022-12-21 14:00:00+09:00,4600.0,4640.0,4575.0,4625.0,9049,0.0,0.0
2022-12-22 09:00:00+09:00,4610.0,4695.0,4610.0,4690.0,0,0.0,0.0
2022-12-22 10:00:00+09:00,4690.0,4730.0,4670.0,4705.0,14622,0.0,0.0
2022-12-22 11:00:00+09:00,4700.0,4730.0,4680.0,4715.0,9664,0.0,0.0
2022-12-22 12:00:00+09:00,4685.0,4720.0,4685.0,4710.0,1340,0.0,0.0
2022-12-22 13:00:00+09:00,4690.0,4690.0,4680.0,4680.0,4421,0.0,0.0
2022-12-22 14:00:00+09:00,4680.0,4700.0,4670.0,4690.0,5763,0.0,0.0
2022-12-23 09:00:00+09:00,4700.0,4700.0,4540.0,4540.0,0,0.0,0.0
2022-12-23 10:00:00+09:00,4545.0,4560.0,4530.0,4560.0,6519,0.0,0.0
2022-12-23 11:00:00+09:00,4555.0,4555.0,4530.0,4540.0,5229,0.0,0.0
2022-12-23 12:00:00+09:00,4550.0,4550.0,4530.0,4535.0,5636,0.0,0.0
2022-12-23 13:00:00+09:00,4535.0,4545.0,4520.0,4530.0,5822,0.0,0.0
2022-12-23 14:00:00+09:00,4530.0,4530.0,4495.0,4530.0,23196,0.0,0.0
2022-12-26 09:00:00+09:00,4440.0,4500.0,4420.0,4425.0,0,0.0,0.0
2022-12-26 10:00:00+09:00,4435.0,4495.0,4425.0,4430.0,7479,0.0,0.0
2022-12-26 11:00:00+09:00,4435.0,4500.0,4425.0,4480.0,3906,0.0,0.0
2022-12-26 12:00:00+09:00,4475.0,4475.0,4450.0,4465.0,2098,0.0,0.0
2022-12-26 13:00:00+09:00,4465.0,4475.0,4450.0,4455.0,3858,0.0,0.0
2022-12-26 14:00:00+09:00,4470.0,4475.0,4430.0,4445.0,8741,0.0,0.0
2022-12-27 09:00:00+09:00,4450.0,5430.0,4445.0,4855.0,2783547,0.0,0.0
2022-12-27 10:00:00+09:00,4855.0,4890.0,4705.0,4755.0,198324,0.0,0.0
2022-12-27 11:00:00+09:00,4755.0,4755.0,4725.0,4745.0,58252,0.0,0.0
2022-12-27 12:00:00+09:00,4745.0,4755.0,4675.0,4710.0,74104,0.0,0.0
2022-12-27 13:00:00+09:00,4710.0,4715.0,4655.0,4655.0,54592,0.0,0.0
2022-12-27 14:00:00+09:00,4655.0,4695.0,4650.0,4695.0,26888,0.0,0.0
2022-12-28 09:00:00+09:00,4660.0,4665.0,4575.0,4595.0,0,0.0,0.0
2022-12-28 10:00:00+09:00,4590.0,4615.0,4575.0,4600.0,26818,0.0,0.0
2022-12-28 11:00:00+09:00,4590.0,4600.0,4530.0,4535.0,30991,0.0,0.0
2022-12-28 12:00:00+09:00,4535.0,4540.0,4515.0,4525.0,14425,0.0,0.0
2022-12-28 13:00:00+09:00,4525.0,4550.0,4520.0,4550.0,9113,0.0,0.0
2022-12-28 14:00:00+09:00,4550.0,4560.0,4525.0,4530.0,14354,0.0,0.0
2022-12-29 09:00:00+09:00,4460.0,4460.0,4360.0,4375.0,0,0.0,0.0
2022-12-29 10:00:00+09:00,4375.0,4380.0,4330.0,4330.0,27296,0.0,0.0
2022-12-29 11:00:00+09:00,4330.0,4360.0,4330.0,4340.0,6232,0.0,0.0
2022-12-29 12:00:00+09:00,4335.0,4360.0,4330.0,4360.0,19741,0.0,0.0
2022-12-29 13:00:00+09:00,4355.0,4365.0,4350.0,4360.0,11632,0.0,0.0
2022-12-29 14:00:00+09:00,4360.0,4365.0,4335.0,4355.0,21373,0.0,0.0
2023-01-02 10:00:00+09:00,4340.0,4385.0,4340.0,4355.0,24187,0.0,0.0
2023-01-02 11:00:00+09:00,4370.0,4595.0,4355.0,4425.0,95408,0.0,0.0
2023-01-02 12:00:00+09:00,4425.0,4485.0,4335.0,4335.0,32714,0.0,0.0
2023-01-02 13:00:00+09:00,4345.0,4380.0,4340.0,4365.0,7712,0.0,0.0
2023-01-02 14:00:00+09:00,4370.0,4920.0,4335.0,4485.0,853683,0.0,0.0
2023-01-03 09:00:00+09:00,4950.0,5090.0,4570.0,4580.0,0,0.0,0.0
2023-01-03 10:00:00+09:00,4585.0,4635.0,4535.0,4610.0,59017,0.0,0.0
2023-01-03 11:00:00+09:00,4610.0,4645.0,4575.0,4600.0,31725,0.0,0.0
2023-01-03 12:00:00+09:00,4600.0,4630.0,4575.0,4630.0,13719,0.0,0.0
2023-01-03 13:00:00+09:00,4630.0,4630.0,4555.0,4600.0,23069,0.0,0.0
2023-01-03 14:00:00+09:00,4600.0,4605.0,4545.0,4605.0,35009,0.0,0.0
2023-01-04 09:00:00+09:00,4555.0,4680.0,4550.0,4625.0,0,0.0,0.0
2023-01-04 10:00:00+09:00,4625.0,4720.0,4610.0,4715.0,80955,0.0,0.0
2023-01-04 11:00:00+09:00,4715.0,4720.0,4670.0,4680.0,30962,0.0,0.0
2023-01-04 12:00:00+09:00,4685.0,4715.0,4680.0,4695.0,15760,0.0,0.0
2023-01-04 13:00:00+09:00,4695.0,4950.0,4690.0,4885.0,130145,0.0,0.0
2023-01-04 14:00:00+09:00,4900.0,5010.0,4800.0,4825.0,340211,0.0,0.0
2023-01-05 09:00:00+09:00,5010.0,5020.0,4830.0,4860.0,0,0.0,0.0
2023-01-05 10:00:00+09:00,4860.0,4950.0,4830.0,4910.0,48167,0.0,0.0
2023-01-05 11:00:00+09:00,4905.0,4910.0,4845.0,4870.0,17713,0.0,0.0
2023-01-05 12:00:00+09:00,4870.0,4870.0,4815.0,4835.0,16350,0.0,0.0
2023-01-05 13:00:00+09:00,4825.0,4840.0,4820.0,4840.0,10236,0.0,0.0
2023-01-05 14:00:00+09:00,4820.0,5000.0,4800.0,4995.0,90326,0.0,0.0
2023-01-06 09:00:00+09:00,4855.0,4945.0,4805.0,4940.0,0,0.0,0.0
2023-01-06 10:00:00+09:00,4935.0,4940.0,4885.0,4920.0,21087,0.0,0.0
2023-01-06 11:00:00+09:00,4920.0,4935.0,4900.0,4925.0,13877,0.0,0.0
2023-01-06 12:00:00+09:00,4925.0,4930.0,4865.0,4900.0,14788,0.0,0.0
2023-01-06 13:00:00+09:00,4900.0,4980.0,4900.0,4940.0,22968,0.0,0.0
2023-01-06 14:00:00+09:00,4940.0,4950.0,4880.0,4890.0,14646,0.0,0.0
2023-01-09 09:00:00+09:00,4910.0,4995.0,4905.0,4930.0,0,0.0,0.0
2023-01-09 10:00:00+09:00,4925.0,4955.0,4910.0,4950.0,33985,0.0,0.0
2023-01-09 11:00:00+09:00,4950.0,4950.0,4915.0,4930.0,6659,0.0,0.0
2023-01-09 12:00:00+09:00,4930.0,4940.0,4910.0,4920.0,7440,0.0,0.0
2023-01-09 13:00:00+09:00,4925.0,5010.0,4925.0,4970.0,40573,0.0,0.0
2023-01-09 14:00:00+09:00,4970.0,4980.0,4935.0,4940.0,19243,0.0,0.0
2023-01-10 09:00:00+09:00,4960.0,5050.0,4945.0,4980.0,0,0.0,0.0
2023-01-10 10:00:00+09:00,4985.0,5240.0,4985.0,5130.0,272475,0.0,0.0
2023-01-10 11:00:00+09:00,5130.0,5220.0,5100.0,5140.0,112313,0.0,0.0
2023-01-10 12:00:00+09:00,5140.0,5160.0,5110.0,5140.0,20391,0.0,0.0
2023-01-10 13:00:00+09:00,5130.0,5150.0,5060.0,5090.0,44072,0.0,0.0
2023-01-10 14:00:00+09:00,5090.0,5140.0,5050.0,5110.0,36774,0.0,0.0
2023-01-11 09:00:00+09:00,5120.0,5160.0,5040.0,5080.0,0,0.0,0.0
2023-01-11 10:00:00+09:00,5080.0,5090.0,5050.0,5090.0,11764,0.0,0.0
2023-01-11 11:00:00+09:00,5090.0,5100.0,5060.0,5090.0,12023,0.0,0.0
2023-01-11 12:00:00+09:00,5100.0,5110.0,5070.0,5100.0,9025,0.0,0.0
2023-01-11 13:00:00+09:00,5100.0,5100.0,5070.0,5070.0,6055,0.0,0.0
2023-01-11 14:00:00+09:00,5070.0,5100.0,5070.0,5090.0,6166,0.0,0.0
2023-01-12 09:00:00+09:00,5130.0,5170.0,5100.0,5140.0,0,0.0,0.0
2023-01-12 10:00:00+09:00,5140.0,5150.0,5120.0,5130.0,25929,0.0,0.0
2023-01-12 11:00:00+09:00,5120.0,5230.0,5120.0,5230.0,60438,0.0,0.0
2023-01-12 12:00:00+09:00,5230.0,5240.0,5160.0,5200.0,32762,0.0,0.0
2023-01-12 13:00:00+09:00,5200.0,5210.0,5160.0,5200.0,14590,0.0,0.0
2023-01-12 14:00:00+09:00,5200.0,5210.0,5160.0,5190.0,17131,0.0,0.0
2023-01-13 09:00:00+09:00,5200.0,5220.0,5160.0,5190.0,0,0.0,0.0
2023-01-13 10:00:00+09:00,5180.0,5240.0,5150.0,5200.0,53703,0.0,0.0
2023-01-13 11:00:00+09:00,5200.0,5230.0,5190.0,5190.0,9265,0.0,0.0
2023-01-13 12:00:00+09:00,5180.0,5200.0,5170.0,5200.0,6878,0.0,0.0
2023-01-13 13:00:00+09:00,5200.0,5220.0,5170.0,5220.0,15249,0.0,0.0
2023-01-13 14:00:00+09:00,5220.0,5220.0,5190.0,5200.0,10359,0.0,0.0
2023-01-16 09:00:00+09:00,5220.0,5220.0,5110.0,5130.0,0,0.0,0.0
2023-01-16 10:00:00+09:00,5130.0,5170.0,5130.0,5130.0,10375,0.0,0.0
2023-01-16 11:00:00+09:00,5130.0,5180.0,5130.0,5140.0,9751,0.0,0.0
2023-01-16 12:00:00+09:00,5140.0,5180.0,5140.0,5180.0,1858,0.0,0.0
2023-01-16 13:00:00+09:00,5160.0,5170.0,5140.0,5150.0,10601,0.0,0.0
2023-01-16 14:00:00+09:00,5160.0,5170.0,5140.0,5140.0,16202,0.0,0.0
2023-01-17 09:00:00+09:00,5100.0,5190.0,5080.0,5160.0,0,0.0,0.0
2023-01-17 10:00:00+09:00,5150.0,5170.0,5130.0,5130.0,9499,0.0,0.0
2023-01-17 11:00:00+09:00,5130.0,5190.0,5130.0,5150.0,17865,0.0,0.0
2023-01-17 12:00:00+09:00,5150.0,5170.0,5140.0,5160.0,5233,0.0,0.0
2023-01-17 13:00:00+09:00,5160.0,5160.0,5120.0,5140.0,2452,0.0,0.0
2023-01-17 14:00:00+09:00,5120.0,5160.0,5090.0,5100.0,9214,0.0,0.0
2023-01-18 09:00:00+09:00,5080.0,5100.0,5000.0,5070.0,0,0.0,0.0
2023-01-18 10:00:00+09:00,5060.0,5060.0,5010.0,5030.0,10236,0.0,0.0
2023-01-18 11:00:00+09:00,5030.0,5060.0,5030.0,5060.0,4507,0.0,0.0
2023-01-18 12:00:00+09:00,5060.0,5070.0,5040.0,5050.0,6725,0.0,0.0
2023-01-18 13:00:00+09:00,5050.0,5070.0,5040.0,5060.0,4861,0.0,0.0
2023-01-18 14:00:00+09:00,5060.0,5110.0,5060.0,5100.0,11021,0.0,0.0
2023-01-19 09:00:00+09:00,5050.0,5120.0,5040.0,5060.0,0,0.0,0.0
2023-01-19 10:00:00+09:00,5050.0,5100.0,5040.0,5060.0,4819,0.0,0.0
2023-01-19 11:00:00+09:00,5060.0,5100.0,5030.0,5060.0,8892,0.0,0.0
2023-01-19 12:00:00+09:00,5040.0,5080.0,5020.0,5040.0,6064,0.0,0.0
2023-01-19 13:00:00+09:00,5040.0,5080.0,5030.0,5040.0,3187,0.0,0.0
2023-01-19 14:00:00+09:00,5040.0,5080.0,5030.0,5050.0,4343,0.0,0.0
2023-01-20 09:00:00+09:00,5050.0,5080.0,5000.0,5070.0,0,0.0,0.0
2023-01-20 10:00:00+09:00,5070.0,5110.0,5040.0,5070.0,6931,0.0,0.0
2023-01-20 11:00:00+09:00,5080.0,5130.0,5080.0,5100.0,5728,0.0,0.0
2023-01-20 12:00:00+09:00,5100.0,5180.0,5100.0,5140.0,14142,0.0,0.0
2023-01-20 13:00:00+09:00,5160.0,5210.0,5160.0,5200.0,15405,0.0,0.0
2023-01-20 14:00:00+09:00,5200.0,5210.0,5180.0,5190.0,19141,0.0,0.0
2023-01-25 09:00:00+09:00,5240.0,5250.0,5200.0,5240.0,0,0.0,0.0
2023-01-25 10:00:00+09:00,5240.0,5280.0,5230.0,5260.0,23350,0.0,0.0
2023-01-25 11:00:00+09:00,5260.0,5270.0,5240.0,5250.0,5726,0.0,0.0
2023-01-25 12:00:00+09:00,5250.0,5270.0,5240.0,5260.0,5327,0.0,0.0
2023-01-25 13:00:00+09:00,5260.0,5260.0,5240.0,5260.0,8183,0.0,0.0
2023-01-25 14:00:00+09:00,5260.0,5290.0,5240.0,5250.0,21528,0.0,0.0
2023-01-26 09:00:00+09:00,5270.0,5310.0,5250.0,5300.0,19527,0.0,0.0
2023-01-26 10:00:00+09:00,5300.0,5310.0,5250.0,5280.0,15963,0.0,0.0
2023-01-26 11:00:00+09:00,5270.0,5280.0,5260.0,5270.0,5766,0.0,0.0
2023-01-26 12:00:00+09:00,5270.0,5290.0,5270.0,5290.0,7099,0.0,0.0
2023-01-26 13:00:00+09:00,5290.0,5290.0,5250.0,5260.0,11839,0.0,0.0
2023-01-26 14:00:00+09:00,5250.0,5280.0,5200.0,5220.0,26476,0.0,0.0
2023-01-27 09:00:00+09:00,5250.0,5390.0,5240.0,5390.0,48018,0.0,0.0
2023-01-27 10:00:00+09:00,5380.0,5450.0,5360.0,5430.0,79017,0.0,0.0
2023-01-27 11:00:00+09:00,5430.0,5440.0,5340.0,5350.0,17073,0.0,0.0
2023-01-27 12:00:00+09:00,5360.0,5380.0,5320.0,5360.0,8381,0.0,0.0
2023-01-27 13:00:00+09:00,5360.0,5380.0,5340.0,5360.0,11306,0.0,0.0
2023-01-27 14:00:00+09:00,5350.0,5370.0,5350.0,5360.0,6979,0.0,0.0
2023-01-30 09:00:00+09:00,5400.0,5410.0,5260.0,5280.0,0,0.0,0.0
2023-01-30 10:00:00+09:00,5290.0,5340.0,5290.0,5320.0,12942,0.0,0.0
2023-01-30 11:00:00+09:00,5330.0,5380.0,5320.0,5360.0,4976,0.0,0.0
2023-01-30 12:00:00+09:00,5360.0,5380.0,5340.0,5350.0,7783,0.0,0.0
2023-01-30 13:00:00+09:00,5350.0,5400.0,5340.0,5390.0,9522,0.0,0.0
2023-01-30 14:00:00+09:00,5390.0,5390.0,5330.0,5370.0,8778,0.0,0.0
2023-01-31 09:00:00+09:00,5360.0,5390.0,5270.0,5360.0,0,0.0,0.0
2023-01-31 10:00:00+09:00,5360.0,5400.0,5330.0,5390.0,13127,0.0,0.0
2023-01-31 11:00:00+09:00,5380.0,5480.0,5360.0,5460.0,29100,0.0,0.0
2023-01-31 12:00:00+09:00,5450.0,5480.0,5440.0,5470.0,19133,0.0,0.0
2023-01-31 13:00:00+09:00,5470.0,5480.0,5430.0,5450.0,13033,0.0,0.0
2023-01-31 14:00:00+09:00,5450.0,5500.0,5430.0,5460.0,21297,0.0,0.0
2023-02-01 09:00:00+09:00,5500.0,5510.0,5420.0,5450.0,28880,0.0,0.0
2023-02-01 10:00:00+09:00,5470.0,5470.0,5330.0,5360.0,36950,0.0,0.0
2023-02-01 11:00:00+09:00,5360.0,5380.0,5300.0,5330.0,15995,0.0,0.0
2023-02-01 12:00:00+09:00,5340.0,5380.0,5330.0,5370.0,6323,0.0,0.0
2023-02-01 13:00:00+09:00,5380.0,5420.0,5340.0,5340.0,16856,0.0,0.0
2023-02-01 14:00:00+09:00,5360.0,5360.0,5320.0,5340.0,15205,0.0,0.0
2023-02-02 09:00:00+09:00,5390.0,5440.0,5350.0,5430.0,0,0.0,0.0
2023-02-02 10:00:00+09:00,5430.0,5430.0,5380.0,5390.0,9165,0.0,0.0
2023-02-02 11:00:00+09:00,5390.0,5400.0,5370.0,5400.0,5517,0.0,0.0
2023-02-02 12:00:00+09:00,5400.0,5430.0,5380.0,5430.0,5960,0.0,0.0
2023-02-02 13:00:00+09:00,5420.0,5420.0,5410.0,5420.0,9826,0.0,0.0
2023-02-02 14:00:00+09:00,5420.0,5420.0,5400.0,5410.0,4805,0.0,0.0
2023-02-03 09:00:00+09:00,5420.0,5480.0,5400.0,5400.0,27654,0.0,0.0
2023-02-03 10:00:00+09:00,5400.0,5430.0,5370.0,5390.0,9841,0.0,0.0
2023-02-03 11:00:00+09:00,5380.0,5390.0,5360.0,5380.0,5806,0.0,0.0
2023-02-03 12:00:00+09:00,5390.0,5410.0,5380.0,5410.0,5527,0.0,0.0
2023-02-03 13:00:00+09:00,5410.0,5410.0,5360.0,5390.0,10322,0.0,0.0
2023-02-03 14:00:00+09:00,5390.0,5390.0,5350.0,5350.0,13049,0.0,0.0
2023-02-06 09:00:00+09:00,5320.0,5320.0,5210.0,5270.0,0,0.0,0.0
2023-02-06 10:00:00+09:00,5270.0,5280.0,5210.0,5260.0,9874,0.0,0.0
2023-02-06 11:00:00+09:00,5260.0,5290.0,5260.0,5260.0,6555,0.0,0.0
2023-02-06 12:00:00+09:00,5260.0,5290.0,5260.0,5280.0,2773,0.0,0.0
2023-02-06 13:00:00+09:00,5280.0,5280.0,5250.0,5250.0,7031,0.0,0.0
2023-02-06 14:00:00+09:00,5260.0,5280.0,5250.0,5250.0,5038,0.0,0.0
2023-02-07 09:00:00+09:00,5250.0,5270.0,5210.0,5220.0,11585,0.0,0.0
2023-02-07 10:00:00+09:00,5260.0,5260.0,5230.0,5250.0,5568,0.0,0.0
2023-02-07 11:00:00+09:00,5260.0,5270.0,5240.0,5250.0,7934,0.0,0.0
2023-02-07 12:00:00+09:00,5270.0,5280.0,5250.0,5270.0,1766,0.0,0.0
2023-02-07 13:00:00+09:00,5260.0,5270.0,5230.0,5240.0,5966,0.0,0.0
2023-02-07 14:00:00+09:00,5240.0,5250.0,5220.0,5230.0,4997,0.0,0.0
2023-02-08 09:00:00+09:00,5260.0,5320.0,5180.0,5320.0,0,0.0,0.0
2023-02-08 10:00:00+09:00,5320.0,5320.0,5300.0,5300.0,5683,0.0,0.0
2023-02-08 11:00:00+09:00,5300.0,5340.0,5280.0,5330.0,7495,0.0,0.0
2023-02-08 12:00:00+09:00,5320.0,5360.0,5300.0,5360.0,6036,0.0,0.0
2023-02-08 13:00:00+09:00,5360.0,5370.0,5330.0,5350.0,10526,0.0,0.0
2023-02-08 14:00:00+09:00,5340.0,5360.0,5290.0,5310.0,19560,0.0,0.0
2023-02-09 09:00:00+09:00,5360.0,5370.0,5310.0,5320.0,0,0.0,0.0
2023-02-09 10:00:00+09:00,5340.0,5370.0,5310.0,5360.0,8792,0.0,0.0
2023-02-09 11:00:00+09:00,5360.0,5370.0,5330.0,5360.0,7397,0.0,0.0
2023-02-09 12:00:00+09:00,5360.0,5370.0,5350.0,5360.0,5481,0.0,0.0
2023-02-09 13:00:00+09:00,5360.0,5360.0,5320.0,5330.0,7753,0.0,0.0
2023-02-09 14:00:00+09:00,5320.0,5350.0,5320.0,5340.0,4257,0.0,0.0
2023-02-10 09:00:00+09:00,5350.0,5350.0,5190.0,5190.0,0,0.0,0.0
2023-02-10 10:00:00+09:00,5220.0,5220.0,5160.0,5180.0,16313,0.0,0.0
2023-02-10 11:00:00+09:00,5170.0,5180.0,5130.0,5130.0,12298,0.0,0.0
2023-02-10 12:00:00+09:00,5140.0,5160.0,5110.0,5110.0,9281,0.0,0.0
2023-02-10 13:00:00+09:00,5120.0,5500.0,5090.0,5230.0,104334,0.0,0.0
2023-02-10 14:00:00+09:00,5210.0,5280.0,5180.0,5230.0,18763,0.0,0.0
2023-02-13 09:00:00+09:00,5230.0,5230.0,5150.0,5200.0,0,0.0,0.0
2023-02-13 10:00:00+09:00,5190.0,5190.0,5110.0,5140.0,10168,0.0,0.0
2023-02-13 11:00:00+09:00,5140.0,5170.0,5130.0,5150.0,3704,0.0,0.0
2023-02-13 12:00:00+09:00,5150.0,5180.0,5140.0,5160.0,3745,0.0,0.0
2023-02-13 13:00:00+09:00,5160.0,5230.0,5150.0,5200.0,6510,0.0,0.0
2023-02-13 14:00:00+09:00,5200.0,5200.0,5140.0,5160.0,7372,0.0,0.0
2023-02-14 09:00:00+09:00,5160.0,5240.0,5130.0,5160.0,15982,0.0,0.0
2023-02-14 10:00:00+09:00,5190.0,5190.0,5110.0,5150.0,6728,0.0,0.0
2023-02-14 11:00:00+09:00,5150.0,5180.0,5130.0,5170.0,5557,0.0,0.0
2023-02-14 12:00:00+09:00,5160.0,5170.0,5150.0,5160.0,1091,0.0,0.0
2023-02-14 13:00:00+09:00,5160.0,5160.0,5120.0,5140.0,4831,0.0,0.0
2023-02-14 14:00:00+09:00,5150.0,5150.0,5110.0,5120.0,11938,0.0,0.0
2023-02-15 09:00:00+09:00,5130.0,5190.0,5040.0,5070.0,0,0.0,0.0
2023-02-15 10:00:00+09:00,5040.0,5110.0,5040.0,5060.0,6482,0.0,0.0
2023-02-15 11:00:00+09:00,5070.0,5080.0,5020.0,5030.0,14976,0.0,0.0
2023-02-15 12:00:00+09:00,5020.0,5050.0,5010.0,5020.0,5122,0.0,0.0
2023-02-15 13:00:00+09:00,5020.0,5030.0,5000.0,5000.0,12735,0.0,0.0
2023-02-15 14:00:00+09:00,5030.0,5030.0,4970.0,5000.0,13905,0.0,0.0
2023-02-16 09:00:00+09:00,4970.0,5030.0,4970.0,5020.0,0,0.0,0.0
2023-02-16 10:00:00+09:00,5010.0,5020.0,4990.0,5020.0,6054,0.0,0.0
2023-02-16 11:00:00+09:00,5020.0,5020.0,4990.0,5000.0,3629,0.0,0.0
2023-02-16 12:00:00+09:00,4995.0,5020.0,4995.0,5010.0,3615,0.0,0.0
2023-02-16 13:00:00+09:00,5000.0,5010.0,4995.0,5000.0,3772,0.0,0.0
2023-02-16 14:00:00+09:00,5000.0,5000.0,4990.0,4995.0,8372,0.0,0.0
2023-02-17 09:00:00+09:00,5000.0,5050.0,4970.0,5020.0,16909,0.0,0.0
2023-02-17 10:00:00+09:00,5030.0,5120.0,5010.0,5060.0,14700,0.0,0.0
2023-02-17 11:00:00+09:00,5060.0,5090.0,5020.0,5070.0,5478,0.0,0.0
2023-02-17 12:00:00+09:00,5070.0,5070.0,5020.0,5020.0,3548,0.0,0.0
2023-02-17 13:00:00+09:00,5030.0,5050.0,5000.0,5040.0,7829,0.0,0.0
2023-02-17 14:00:00+09:00,5030.0,5040.0,5000.0,5030.0,3924,0.0,0.0
2023-02-20 09:00:00+09:00,5040.0,5040.0,4960.0,5020.0,0,0.0,0.0
2023-02-20 10:00:00+09:00,5010.0,5050.0,5000.0,5030.0,4263,0.0,0.0
2023-02-20 11:00:00+09:00,5020.0,5040.0,5020.0,5030.0,1415,0.0,0.0
2023-02-20 12:00:00+09:00,5030.0,5060.0,5000.0,5040.0,9203,0.0,0.0
2023-02-20 13:00:00+09:00,5040.0,5050.0,5010.0,5050.0,4940,0.0,0.0
2023-02-20 14:00:00+09:00,5050.0,5050.0,5020.0,5050.0,4157,0.0,0.0
2023-02-21 09:00:00+09:00,5000.0,5120.0,5000.0,5120.0,23872,0.0,0.0
2023-02-21 10:00:00+09:00,5100.0,5620.0,5070.0,5400.0,967671,0.0,0.0
2023-02-21 11:00:00+09:00,5380.0,5520.0,5330.0,5450.0,580551,0.0,0.0
2023-02-21 12:00:00+09:00,5440.0,5920.0,5340.0,5710.0,2382959,0.0,0.0
2023-02-21 13:00:00+09:00,5720.0,5790.0,5380.0,5390.0,982546,0.0,0.0
2023-02-21 14:00:00+09:00,5360.0,5410.0,5320.0,5370.0,183332,0.0,0.0
2023-02-22 09:00:00+09:00,5350.0,5420.0,5330.0,5380.0,0,0.0,0.0
2023-02-22 10:00:00+09:00,5380.0,5420.0,5340.0,5360.0,37917,0.0,0.0
2023-02-22 11:00:00+09:00,5360.0,5380.0,5340.0,5370.0,18924,0.0,0.0
2023-02-22 12:00:00+09:00,5370.0,5440.0,5340.0,5380.0,50984,0.0,0.0
2023-02-22 13:00:00+09:00,5400.0,5410.0,5340.0,5350.0,18110,0.0,0.0
2023-02-22 14:00:00+09:00,5350.0,5370.0,5320.0,5340.0,32262,0.0,0.0
2023-02-23 09:00:00+09:00,5370.0,5390.0,5200.0,5200.0,0,0.0,0.0
2023-02-23 10:00:00+09:00,5210.0,5300.0,5200.0,5280.0,20248,0.0,0.0
2023-02-23 11:00:00+09:00,5280.0,5310.0,5160.0,5310.0,61265,0.0,0.0
2023-02-23 12:00:00+09:00,5300.0,5300.0,5240.0,5290.0,14993,0.0,0.0
2023-02-23 13:00:00+09:00,5280.0,5290.0,5250.0,5260.0,4684,0.0,0.0
2023-02-23 14:00:00+09:00,5260.0,5270.0,5220.0,5230.0,17274,0.0,0.0
2023-02-24 09:00:00+09:00,5280.0,5370.0,5280.0,5320.0,0,0.0,0.0
2023-02-24 10:00:00+09:00,5320.0,5340.0,5220.0,5260.0,19537,0.0,0.0
2023-02-24 11:00:00+09:00,5260.0,5260.0,5200.0,5210.0,10427,0.0,0.0
2023-02-24 12:00:00+09:00,5210.0,5230.0,5170.0,5170.0,22298,0.0,0.0
2023-02-24 13:00:00+09:00,5170.0,5210.0,5150.0,5170.0,19995,0.0,0.0
2023-02-24 14:00:00+09:00,5180.0,5190.0,5150.0,5170.0,9567,0.0,0.0
2023-02-27 09:00:00+09:00,5160.0,5210.0,5110.0,5140.0,0,0.0,0.0
2023-02-27 10:00:00+09:00,5140.0,5160.0,5120.0,5140.0,14699,0.0,0.0
2023-02-27 11:00:00+09:00,5150.0,5160.0,5140.0,5140.0,7956,0.0,0.0
2023-02-27 12:00:00+09:00,5140.0,5160.0,5120.0,5120.0,11616,0.0,0.0
2023-02-27 13:00:00+09:00,5120.0,5130.0,5080.0,5100.0,17452,0.0,0.0
2023-02-27 14:00:00+09:00,5100.0,5110.0,5060.0,5090.0,9989,0.0,0.0
2023-02-28 09:00:00+09:00,5100.0,5160.0,5060.0,5110.0,0,0.0,0.0
2023-02-28 10:00:00+09:00,5100.0,5110.0,5050.0,5110.0,14035,0.0,0.0
2023-02-28 11:00:00+09:00,5100.0,5150.0,5090.0,5130.0,14658,0.0,0.0
2023-02-28 12:00:00+09:00,5130.0,5130.0,5100.0,5100.0,6672,0.0,0.0
2023-02-28 13:00:00+09:00,5100.0,5290.0,5100.0,5150.0,44815,0.0,0.0
2023-02-28 14:00:00+09:00,5160.0,5160.0,5080.0,5110.0,17359,0.0,0.0
2023-03-02 09:00:00+09:00,5150.0,5160.0,5110.0,5130.0,0,0.0,0.0
2023-03-02 10:00:00+09:00,5130.0,5150.0,5060.0,5100.0,20853,0.0,0.0
2023-03-02 11:00:00+09:00,5100.0,5140.0,5080.0,5110.0,10047,0.0,0.0
2023-03-02 12:00:00+09:00,5110.0,5170.0,5090.0,5150.0,10068,0.0,0.0
2023-03-02 13:00:00+09:00,5150.0,5210.0,5140.0,5210.0,16336,0.0,0.0
2023-03-02 14:00:00+09:00,5210.0,5270.0,5190.0,5250.0,32011,0.0,0.0
2023-03-03 09:00:00+09:00,5230.0,5250.0,5180.0,5230.0,20674,0.0,0.0
2023-03-03 10:00:00+09:00,5200.0,5230.0,5180.0,5190.0,6521,0.0,0.0
2023-03-03 11:00:00+09:00,5200.0,5240.0,5190.0,5230.0,13902,0.0,0.0
2023-03-03 12:00:00+09:00,5230.0,5230.0,5200.0,5220.0,4168,0.0,0.0
2023-03-03 13:00:00+09:00,5200.0,5220.0,5180.0,5210.0,6947,0.0,0.0
2023-03-03 14:00:00+09:00,5210.0,5230.0,5190.0,5220.0,10097,0.0,0.0
2023-03-06 09:00:00+09:00,5300.0,5300.0,5050.0,5150.0,0,0.0,0.0
2023-03-06 10:00:00+09:00,5150.0,5200.0,5120.0,5180.0,11696,0.0,0.0
2023-03-06 11:00:00+09:00,5180.0,5240.0,5180.0,5180.0,7348,0.0,0.0
2023-03-06 12:00:00+09:00,5190.0,5230.0,5190.0,5230.0,3660,0.0,0.0
2023-03-06 13:00:00+09:00,5230.0,5230.0,5190.0,5200.0,6380,0.0,0.0
2023-03-06 14:00:00+09:00,5200.0,5210.0,5170.0,5190.0,9584,0.0,0.0
2023-03-07 09:00:00+09:00,5110.0,5220.0,5100.0,5150.0,27609,0.0,0.0
2023-03-07 10:00:00+09:00,5140.0,5170.0,5060.0,5120.0,31889,0.0,0.0
2023-03-07 11:00:00+09:00,5130.0,5140.0,5110.0,5140.0,3684,0.0,0.0
2023-03-07 12:00:00+09:00,5140.0,5150.0,5130.0,5150.0,2833,0.0,0.0
2023-03-07 13:00:00+09:00,5140.0,5150.0,5130.0,5150.0,5356,0.0,0.0
2023-03-07 14:00:00+09:00,5130.0,5170.0,5130.0,5170.0,14136,0.0,0.0
2023-03-08 09:00:00+09:00,5150.0,5150.0,5060.0,5100.0,18435,0.0,0.0
2023-03-08 10:00:00+09:00,5100.0,5100.0,5040.0,5040.0,27240,0.0,0.0
2023-03-08 11:00:00+09:00,5030.0,5050.0,5000.0,5040.0,23881,0.0,0.0
2023-03-08 12:00:00+09:00,5020.0,5050.0,5000.0,5040.0,12325,0.0,0.0
2023-03-08 13:00:00+09:00,5040.0,5050.0,5010.0,5010.0,14278,0.0,0.0
2023-03-08 14:00:00+09:00,5020.0,5050.0,5000.0,5020.0,21681,0.0,0.0
2023-03-09 09:00:00+09:00,5030.0,5100.0,5020.0,5050.0,29812,0.0,0.0
2023-03-09 10:00:00+09:00,5050.0,5070.0,5000.0,5010.0,20789,0.0,0.0
2023-03-09 11:00:00+09:00,5030.0,5070.0,5010.0,5060.0,10288,0.0,0.0
2023-03-09 12:00:00+09:00,5060.0,5070.0,5020.0,5050.0,6236,0.0,0.0
2023-03-09 13:00:00+09:00,5070.0,5070.0,5020.0,5020.0,9003,0.0,0.0
2023-03-09 14:00:00+09:00,5020.0,5050.0,5010.0,5030.0,12398,0.0,0.0
2023-03-10 09:00:00+09:00,4970.0,4990.0,4850.0,4945.0,0,0.0,0.0
2023-03-10 10:00:00+09:00,4945.0,4960.0,4935.0,4955.0,4122,0.0,0.0
2023-03-10 11:00:00+09:00,4955.0,4965.0,4920.0,4920.0,7343,0.0,0.0
2023-03-10 12:00:00+09:00,4945.0,4945.0,4910.0,4910.0,8080,0.0,0.0
2023-03-10 13:00:00+09:00,4930.0,5090.0,4930.0,5050.0,43550,0.0,0.0
2023-03-10 14:00:00+09:00,5060.0,5090.0,5000.0,5000.0,28905,0.0,0.0
2023-03-13 09:00:00+09:00,4945.0,5000.0,4870.0,4890.0,0,0.0,0.0
2023-03-13 10:00:00+09:00,4885.0,4895.0,4810.0,4870.0,20885,0.0,0.0
2023-03-13 11:00:00+09:00,4865.0,4880.0,4825.0,4860.0,4981,0.0,0.0
2023-03-13 12:00:00+09:00,4880.0,4895.0,4860.0,4895.0,6246,0.0,0.0
2023-03-13 13:00:00+09:00,4880.0,4895.0,4860.0,4885.0,10161,0.0,0.0
2023-03-13 14:00:00+09:00,4880.0,4890.0,4850.0,4880.0,12058,0.0,0.0
2023-03-14 09:00:00+09:00,4860.0,4900.0,4635.0,4670.0,69668,0.0,0.0
2023-03-14 10:00:00+09:00,4670.0,4745.0,4640.0,4670.0,26049,0.0,0.0
2023-03-14 11:00:00+09:00,4670.0,4705.0,4620.0,4640.0,27219,0.0,0.0
2023-03-14 12:00:00+09:00,4640.0,4665.0,4615.0,4625.0,14331,0.0,0.0
2023-03-14 13:00:00+09:00,4625.0,4650.0,4595.0,4595.0,17763,0.0,0.0
2023-03-14 14:00:00+09:00,4595.0,4630.0,4580.0,4580.0,27241,0.0,0.0
2023-03-15 09:00:00+09:00,4620.0,4850.0,4620.0,4705.0,0,0.0,0.0
2023-03-15 10:00:00+09:00,4705.0,4755.0,4705.0,4745.0,23876,0.0,0.0
2023-03-15 11:00:00+09:00,4745.0,4750.0,4690.0,4750.0,21257,0.0,0.0
2023-03-15 12:00:00+09:00,4750.0,4755.0,4735.0,4735.0,3606,0.0,0.0
2023-03-15 13:00:00+09:00,4735.0,4755.0,4720.0,4745.0,9623,0.0,0.0
2023-03-15 14:00:00+09:00,4730.0,4750.0,4650.0,4665.0,23960,0.0,0.0
2023-03-16 09:00:00+09:00,4700.0,4700.0,4570.0,4630.0,25026,0.0,0.0
2023-03-16 10:00:00+09:00,4630.0,4665.0,4585.0,4665.0,9355,0.0,0.0
2023-03-16 11:00:00+09:00,4665.0,4670.0,4580.0,4640.0,21772,0.0,0.0
2023-03-16 12:00:00+09:00,4620.0,4640.0,4580.0,4595.0,11848,0.0,0.0
2023-03-16 13:00:00+09:00,4580.0,4590.0,4555.0,4580.0,9638,0.0,0.0
2023-03-16 14:00:00+09:00,4580.0,4695.0,4560.0,4605.0,22956,0.0,0.0
2023-03-17 09:00:00+09:00,4680.0,4830.0,4680.0,4700.0,0,0.0,0.0
2023-03-17 10:00:00+09:00,4700.0,4740.0,4675.0,4740.0,6935,0.0,0.0
2023-03-17 11:00:00+09:00,4735.0,4755.0,4710.0,4730.0,2320,0.0,0.0
2023-03-17 12:00:00+09:00,4745.0,4775.0,4725.0,4745.0,5426,0.0,0.0
2023-03-17 13:00:00+09:00,4745.0,4770.0,4725.0,4765.0,2540,0.0,0.0
2023-03-17 14:00:00+09:00,4765.0,4800.0,4760.0,4790.0,9054,0.0,0.0
2023-03-20 09:00:00+09:00,4780.0,4875.0,4740.0,4840.0,0,0.0,0.0
2023-03-20 10:00:00+09:00,4835.0,4840.0,4810.0,4830.0,2285,0.0,0.0
2023-03-20 11:00:00+09:00,4830.0,4830.0,4785.0,4815.0,9387,0.0,0.0
2023-03-20 12:00:00+09:00,4815.0,4815.0,4770.0,4770.0,2740,0.0,0.0
2023-03-20 13:00:00+09:00,4765.0,4795.0,4755.0,4760.0,4180,0.0,0.0
2023-03-20 14:00:00+09:00,4775.0,4775.0,4755.0,4770.0,1103,0.0,0.0
2023-03-21 09:00:00+09:00,4770.0,4820.0,4755.0,4815.0,0,0.0,0.0
2023-03-21 10:00:00+09:00,4775.0,4810.0,4750.0,4790.0,11865,0.0,0.0
2023-03-21 11:00:00+09:00,4760.0,4790.0,4740.0,4745.0,7376,0.0,0.0
2023-03-21 12:00:00+09:00,4745.0,4770.0,4725.0,4735.0,6465,0.0,0.0
2023-03-21 13:00:00+09:00,4740.0,4740.0,4725.0,4730.0,4358,0.0,0.0
2023-03-21 14:00:00+09:00,4725.0,4740.0,4720.0,4720.0,5506,0.0,0.0
2023-03-22 09:00:00+09:00,4700.0,4730.0,4655.0,4700.0,15454,0.0,0.0
2023-03-22 10:00:00+09:00,4695.0,4700.0,4615.0,4640.0,9666,0.0,0.0
2023-03-22 11:00:00+09:00,4640.0,4650.0,4615.0,4630.0,8103,0.0,0.0
2023-03-22 12:00:00+09:00,4630.0,4635.0,4610.0,4620.0,5462,0.0,0.0
2023-03-22 13:00:00+09:00,4620.0,4625.0,4605.0,4625.0,5706,0.0,0.0
2023-03-22 14:00:00+09:00,4625.0,4630.0,4610.0,4620.0,3708,0.0,0.0
2023-03-23 09:00:00+09:00,4675.0,4675.0,4585.0,4590.0,10747,0.0,0.0
2023-03-23 10:00:00+09:00,4590.0,4615.0,4575.0,4595.0,12712,0.0,0.0
2023-03-23 11:00:00+09:00,4595.0,4600.0,4585.0,4595.0,7908,0.0,0.0
2023-03-23 12:00:00+09:00,4595.0,4600.0,4580.0,4580.0,10788,0.0,0.0
2023-03-23 13:00:00+09:00,4580.0,4675.0,4575.0,4610.0,22642,0.0,0.0
2023-03-23 14:00:00+09:00,4610.0,4615.0,4590.0,4605.0,12824,0.0,0.0
2023-03-24 09:00:00+09:00,4560.0,4630.0,4560.0,4615.0,0,0.0,0.0
2023-03-24 10:00:00+09:00,4610.0,4620.0,4580.0,4580.0,5984,0.0,0.0
2023-03-24 11:00:00+09:00,4585.0,4610.0,4565.0,4580.0,6321,0.0,0.0
2023-03-24 12:00:00+09:00,4580.0,4605.0,4580.0,4590.0,5117,0.0,0.0
2023-03-24 13:00:00+09:00,4580.0,4590.0,4570.0,4570.0,7092,0.0,0.0
2023-03-24 14:00:00+09:00,4570.0,4590.0,4565.0,4570.0,7378,0.0,0.0
2023-03-27 09:00:00+09:00,4580.0,4600.0,4440.0,4445.0,0,0.0,0.0
2023-03-27 10:00:00+09:00,4455.0,4470.0,4425.0,4435.0,24472,0.0,0.0
2023-03-27 11:00:00+09:00,4430.0,4450.0,4425.0,4445.0,12328,0.0,0.0
2023-03-27 12:00:00+09:00,4445.0,4460.0,4440.0,4455.0,3853,0.0,0.0
2023-03-27 13:00:00+09:00,4455.0,4505.0,4450.0,4480.0,18220,0.0,0.0
2023-03-27 14:00:00+09:00,4480.0,4485.0,4460.0,4485.0,3473,0.0,0.0
2023-03-28 09:00:00+09:00,4470.0,4565.0,4470.0,4555.0,18780,0.0,0.0
2023-03-28 10:00:00+09:00,4550.0,4570.0,4455.0,4540.0,16199,0.0,0.0
2023-03-28 11:00:00+09:00,4535.0,4535.0,4490.0,4525.0,4509,0.0,0.0
2023-03-28 12:00:00+09:00,4525.0,4535.0,4510.0,4535.0,3332,0.0,0.0
2023-03-28 13:00:00+09:00,4540.0,4545.0,4485.0,4535.0,2467,0.0,0.0
2023-03-28 14:00:00+09:00,4530.0,4550.0,4525.0,4545.0,4397,0.0,0.0
2023-03-29 09:00:00+09:00,4575.0,4575.0,4460.0,4530.0,25035,0.0,0.0
2023-03-29 10:00:00+09:00,4550.0,4570.0,4520.0,4550.0,12202,0.0,0.0
2023-03-29 11:00:00+09:00,4550.0,4560.0,4505.0,4515.0,9024,0.0,0.0
2023-03-29 12:00:00+09:00,4550.0,4555.0,4500.0,4530.0,7006,0.0,0.0
2023-03-29 13:00:00+09:00,4530.0,4580.0,4525.0,4575.0,7130,0.0,0.0
2023-03-29 14:00:00+09:00,4575.0,4575.0,4550.0,4575.0,6839,0.0,0.0
2023-03-30 09:00:00+09:00,4590.0,4590.0,4465.0,4520.0,20790,0.0,0.0
2023-03-30 10:00:00+09:00,4550.0,4580.0,4525.0,4570.0,8811,0.0,0.0
2023-03-30 11:00:00+09:00,4555.0,4580.0,4525.0,4575.0,6774,0.0,0.0
2023-03-30 12:00:00+09:00,4570.0,4655.0,4570.0,4620.0,24102,0.0,0.0
2023-03-30 13:00:00+09:00,4630.0,4640.0,4600.0,4610.0,5768,0.0,0.0
2023-03-30 14:00:00+09:00,4615.0,4625.0,4600.0,4615.0,10653,0.0,0.0
2023-03-31 09:00:00+09:00,4625.0,4625.0,4540.0,4565.0,0,0.0,0.0
2023-03-31 10:00:00+09:00,4565.0,4590.0,4540.0,4585.0,16545,0.0,0.0
2023-03-31 11:00:00+09:00,4575.0,4580.0,4530.0,4560.0,6888,0.0,0.0
2023-03-31 12:00:00+09:00,4545.0,4590.0,4525.0,4590.0,5266,0.0,0.0
2023-03-31 13:00:00+09:00,4590.0,4600.0,4540.0,4580.0,4787,0.0,0.0
2023-03-31 14:00:00+09:00,4550.0,4575.0,4540.0,4540.0,7153,0.0,0.0
2023-04-03 09:00:00+09:00,4535.0,4620.0,4450.0,4590.0,0,0.0,0.0
2023-04-03 10:00:00+09:00,4590.0,4600.0,4505.0,4545.0,14202,0.0,0.0
2023-04-03 11:00:00+09:00,4545.0,4575.0,4535.0,4565.0,6585,0.0,0.0
2023-04-03 12:00:00+09:00,4565.0,4580.0,4545.0,4570.0,10802,0.0,0.0
2023-04-03 13:00:00+09:00,4570.0,4580.0,4545.0,4545.0,10686,0.0,0.0
2023-04-03 14:00:00+09:00,4550.0,4570.0,4540.0,4545.0,6881,0.0,0.0
2023-04-04 09:00:00+09:00,4535.0,4625.0,4535.0,4605.0,16169,0.0,0.0
2023-04-04 10:00:00+09:00,4605.0,4625.0,4570.0,4615.0,20584,0.0,0.0
2023-04-04 11:00:00+09:00,4615.0,4635.0,4595.0,4605.0,17402,0.0,0.0
2023-04-04 12:00:00+09:00,4610.0,4645.0,4605.0,4635.0,5447,0.0,0.0
2023-04-04 13:00:00+09:00,4635.0,4640.0,4615.0,4615.0,14065,0.0,0.0
2023-04-04 14:00:00+09:00,4620.0,4630.0,4600.0,4630.0,19528,0.0,0.0
2023-04-05 09:00:00+09:00,4590.0,4655.0,4570.0,4595.0,0,0.0,0.0
2023-04-05 10:00:00+09:00,4595.0,4600.0,4555.0,4560.0,14357,0.0,0.0
2023-04-05 11:00:00+09:00,4575.0,4610.0,4560.0,4590.0,4467,0.0,0.0
2023-04-05 12:00:00+09:00,4590.0,4590.0,4570.0,4585.0,5341,0.0,0.0
2023-04-05 13:00:00+09:00,4590.0,4610.0,4575.0,4595.0,5986,0.0,0.0
2023-04-05 14:00:00+09:00,4580.0,4605.0,4580.0,4600.0,5871,0.0,0.0
2023-04-06 09:00:00+09:00,4595.0,4595.0,4475.0,4495.0,32757,0.0,0.0
2023-04-06 10:00:00+09:00,4495.0,4515.0,4485.0,4500.0,6150,0.0,0.0
2023-04-06 11:00:00+09:00,4500.0,4520.0,4495.0,4495.0,8437,0.0,0.0
2023-04-06 12:00:00+09:00,4495.0,4515.0,4475.0,4480.0,14015,0.0,0.0
2023-04-06 13:00:00+09:00,4480.0,4490.0,4455.0,4465.0,14473,0.0,0.0
2023-04-06 14:00:00+09:00,4480.0,4480.0,4455.0,4480.0,10405,0.0,0.0
2023-04-07 09:00:00+09:00,4460.0,4485.0,4425.0,4430.0,0,0.0,0.0
2023-04-07 10:00:00+09:00,4430.0,4460.0,4430.0,4445.0,2749,0.0,0.0
2023-04-07 11:00:00+09:00,4445.0,4480.0,4435.0,4440.0,15387,0.0,0.0
2023-04-07 12:00:00+09:00,4440.0,4460.0,4430.0,4430.0,7152,0.0,0.0
2023-04-07 13:00:00+09:00,4430.0,4440.0,4410.0,4430.0,22762,0.0,0.0
2023-04-07 14:00:00+09:00,4425.0,4425.0,4410.0,4420.0,6098,0.0,0.0
2023-04-10 09:00:00+09:00,4405.0,4430.0,4300.0,4340.0,0,0.0,0.0
2023-04-10 10:00:00+09:00,4320.0,4345.0,4305.0,4320.0,20353,0.0,0.0
2023-04-10 11:00:00+09:00,4320.0,4340.0,4305.0,4305.0,8221,0.0,0.0
2023-04-10 12:00:00+09:00,4305.0,4335.0,4300.0,4300.0,11536,0.0,0.0
2023-04-10 13:00:00+09:00,4300.0,4315.0,4290.0,4295.0,17786,0.0,0.0
2023-04-10 14:00:00+09:00,4295.0,4335.0,4290.0,4300.0,7486,0.0,0.0
2023-04-11 09:00:00+09:00,4295.0,4355.0,4245.0,4325.0,41853,0.0,0.0
2023-04-11 10:00:00+09:00,4320.0,4325.0,4280.0,4280.0,5153,0.0,0.0
2023-04-11 11:00:00+09:00,4290.0,4315.0,4270.0,4300.0,5221,0.0,0.0
2023-04-11 12:00:00+09:00,4300.0,4345.0,4300.0,4345.0,8309,0.0,0.0
2023-04-11 13:00:00+09:00,4345.0,4360.0,4315.0,4350.0,7729,0.0,0.0
2023-04-11 14:00:00+09:00,4350.0,4360.0,4345.0,4350.0,8068,0.0,0.0
2023-04-12 09:00:00+09:00,4290.0,4385.0,4290.0,4385.0,27249,0.0,0.0
2023-04-12 10:00:00+09:00,4385.0,4430.0,4335.0,4350.0,27623,0.0,0.0
2023-04-12 11:00:00+09:00,4365.0,4430.0,4360.0,4415.0,5031,0.0,0.0
2023-04-12 12:00:00+09:00,4405.0,4425.0,4400.0,4410.0,8005,0.0,0.0
2023-04-12 13:00:00+09:00,4410.0,4430.0,4380.0,4395.0,11377,0.0,0.0
2023-04-12 14:00:00+09:00,4410.0,4425.0,4385.0,4395.0,5572,0.0,0.0
2023-04-13 09:00:00+09:00,4410.0,4410.0,4150.0,4345.0,89096,0.0,0.0
2023-04-13 10:00:00+09:00,4350.0,4365.0,4320.0,4345.0,9567,0.0,0.0
2023-04-13 11:00:00+09:00,4345.0,4395.0,4335.0,4380.0,12335,0.0,0.0
2023-04-13 12:00:00+09:00,4380.0,4400.0,4340.0,4390.0,6765,0.0,0.0
2023-04-13 13:00:00+09:00,4395.0,4395.0,4365.0,4375.0,3021,0.0,0.0
2023-04-13 14:00:00+09:00,4375.0,4405.0,4360.0,4385.0,8917,0.0,0.0
2023-04-14 09:00:00+09:00,4400.0,4510.0,4260.0,4390.0,18898,0.0,0.0
2023-04-14 10:00:00+09:00,4405.0,4485.0,4385.0,4485.0,16027,0.0,0.0
2023-04-14 11:00:00+09:00,4485.0,4520.0,4455.0,4490.0,17956,0.0,0.0
2023-04-14 12:00:00+09:00,4460.0,4495.0,4460.0,4470.0,6776,0.0,0.0
2023-04-14 13:00:00+09:00,4470.0,4490.0,4400.0,4445.0,13914,0.0,0.0
2023-04-14 14:00:00+09:00,4445.0,4460.0,4435.0,4445.0,7950,0.0,0.0
2023-04-17 09:00:00+09:00,4460.0,4470.0,4400.0,4410.0,0,0.0,0.0
2023-04-17 10:00:00+09:00,4410.0,4475.0,4410.0,4455.0,13752,0.0,0.0
2023-04-17 11:00:00+09:00,4455.0,4485.0,4440.0,4480.0,6756,0.0,0.0
2023-04-17 12:00:00+09:00,4470.0,4545.0,4470.0,4520.0,13447,0.0,0.0
2023-04-17 13:00:00+09:00,4520.0,4525.0,4480.0,4480.0,4807,0.0,0.0
2023-04-17 14:00:00+09:00,4480.0,4500.0,4475.0,4500.0,4481,0.0,0.0
2023-04-18 09:00:00+09:00,4485.0,4530.0,4435.0,4435.0,28187,0.0,0.0
2023-04-18 10:00:00+09:00,4470.0,4485.0,4405.0,4460.0,17536,0.0,0.0
2023-04-18 11:00:00+09:00,4460.0,4475.0,4455.0,4475.0,8154,0.0,0.0
2023-04-18 12:00:00+09:00,4480.0,4480.0,4460.0,4480.0,6495,0.0,0.0
2023-04-18 13:00:00+09:00,4480.0,4510.0,4465.0,4485.0,14253,0.0,0.0
2023-04-18 14:00:00+09:00,4490.0,4510.0,4475.0,4505.0,5388,0.0,0.0
2023-04-19 09:00:00+09:00,4470.0,4540.0,4405.0,4525.0,28850,0.0,0.0
2023-04-19 10:00:00+09:00,4530.0,4540.0,4495.0,4500.0,9317,0.0,0.0
2023-04-19 11:00:00+09:00,4500.0,4510.0,4475.0,4490.0,16339,0.0,0.0
2023-04-19 12:00:00+09:00,4490.0,4500.0,4480.0,4490.0,7954,0.0,0.0
2023-04-19 13:00:00+09:00,4495.0,4510.0,4485.0,4510.0,6961,0.0,0.0
2023-04-19 14:00:00+09:00,4510.0,4515.0,4480.0,4480.0,8418,0.0,0.0
2023-04-20 09:00:00+09:00,4450.0,4475.0,4370.0,4385.0,40476,0.0,0.0
2023-04-20 10:00:00+09:00,4385.0,4400.0,4380.0,4395.0,14316,0.0,0.0
2023-04-20 11:00:00+09:00,4395.0,4400.0,4380.0,4395.0,4907,0.0,0.0
2023-04-20 12:00:00+09:00,4385.0,4395.0,4370.0,4375.0,16936,0.0,0.0
2023-04-20 13:00:00+09:00,4370.0,4390.0,4365.0,4390.0,18605,0.0,0.0
2023-04-20 14:00:00+09:00,4380.0,4380.0,4355.0,4355.0,19129,0.0,0.0
2023-04-21 09:00:00+09:00,4310.0,4330.0,4215.0,4220.0,79348,0.0,0.0
2023-04-21 10:00:00+09:00,4225.0,4270.0,4220.0,4260.0,10546,0.0,0.0
2023-04-21 11:00:00+09:00,4260.0,4260.0,4240.0,4250.0,8090,0.0,0.0
2023-04-21 12:00:00+09:00,4245.0,4260.0,4225.0,4240.0,21954,0.0,0.0
2023-04-21 13:00:00+09:00,4240.0,4280.0,4225.0,4240.0,12102,0.0,0.0
2023-04-21 14:00:00+09:00,4240.0,4270.0,4240.0,4250.0,11243,0.0,0.0
2023-04-24 09:00:00+09:00,4215.0,4260.0,4215.0,4225.0,0,0.0,0.0
2023-04-24 10:00:00+09:00,4220.0,4225.0,4200.0,4210.0,25081,0.0,0.0
2023-04-24 11:00:00+09:00,4210.0,4220.0,4190.0,4190.0,12281,0.0,0.0
2023-04-24 12:00:00+09:00,4205.0,4205.0,4155.0,4165.0,17676,0.0,0.0
2023-04-24 13:00:00+09:00,4165.0,4180.0,4165.0,4165.0,9345,0.0,0.0
2023-04-24 14:00:00+09:00,4165.0,4175.0,4160.0,4175.0,9407,0.0,0.0
2023-04-25 09:00:00+09:00,4150.0,4170.0,4150.0,4155.0,14701,0.0,0.0
2023-04-25 10:00:00+09:00,4150.0,4200.0,4120.0,4120.0,25844,0.0,0.0
2023-04-25 11:00:00+09:00,4115.0,4130.0,4085.0,4100.0,17042,0.0,0.0
2023-04-25 12:00:00+09:00,4095.0,4125.0,4090.0,4110.0,13523,0.0,0.0
2023-04-25 13:00:00+09:00,4095.0,4115.0,4090.0,4115.0,14588,0.0,0.0
2023-04-25 14:00:00+09:00,4115.0,4130.0,4090.0,4120.0,9208,0.0,0.0
2023-04-26 09:00:00+09:00,4060.0,4150.0,4040.0,4135.0,0,0.0,0.0
2023-04-26 10:00:00+09:00,4130.0,4170.0,4120.0,4165.0,16355,0.0,0.0
2023-04-26 11:00:00+09:00,4160.0,4165.0,4135.0,4145.0,8150,0.0,0.0
2023-04-26 12:00:00+09:00,4145.0,4145.0,4110.0,4135.0,6150,0.0,0.0
2023-04-26 13:00:00+09:00,4125.0,4140.0,4100.0,4100.0,2765,0.0,0.0
2023-04-26 14:00:00+09:00,4105.0,4115.0,4070.0,4070.0,15766,0.0,0.0
2023-04-27 09:00:00+09:00,4115.0,4115.0,4020.0,4070.0,24426,0.0,0.0
2023-04-27 10:00:00+09:00,4075.0,4080.0,4055.0,4055.0,3159,0.0,0.0
2023-04-27 11:00:00+09:00,4065.0,4085.0,4050.0,4075.0,13851,0.0,0.0
2023-04-27 12:00:00+09:00,4075.0,4080.0,4055.0,4055.0,6082,0.0,0.0
2023-04-27 13:00:00+09:00,4065.0,4075.0,4050.0,4065.0,7208,0.0,0.0
2023-04-27 14:00:00+09:00,4065.0,4085.0,4055.0,4065.0,6286,0.0,0.0
2023-04-28 09:00:00+09:00,4065.0,4105.0,4065.0,4080.0,9848,0.0,0.0
2023-04-28 10:00:00+09:00,4080.0,4080.0,4055.0,4065.0,16533,0.0,0.0
2023-04-28 11:00:00+09:00,4080.0,4080.0,4025.0,4040.0,16839,0.0,0.0
2023-04-28 12:00:00+09:00,4025.0,4040.0,4015.0,4025.0,10597,0.0,0.0
2023-04-28 13:00:00+09:00,4035.0,4035.0,4020.0,4025.0,8919,0.0,0.0
2023-04-28 14:00:00+09:00,4025.0,4060.0,4015.0,4050.0,13262,0.0,0.0
2023-05-02 09:00:00+09:00,4015.0,4040.0,3975.0,4035.0,0,0.0,0.0
2023-05-02 10:00:00+09:00,4035.0,4080.0,4010.0,4065.0,15254,0.0,0.0
2023-05-02 11:00:00+09:00,4050.0,4070.0,4030.0,4070.0,5594,0.0,0.0
2023-05-02 12:00:00+09:00,4070.0,4170.0,4050.0,4120.0,16130,0.0,0.0
2023-05-02 13:00:00+09:00,4120.0,4120.0,4090.0,4100.0,6193,0.0,0.0
2023-05-02 14:00:00+09:00,4105.0,4115.0,4090.0,4105.0,6337,0.0,0.0
2023-05-03 09:00:00+09:00,4035.0,4145.0,4035.0,4135.0,28298,0.0,0.0
2023-05-03 10:00:00+09:00,4135.0,4160.0,4110.0,4140.0,6091,0.0,0.0
2023-05-03 11:00:00+09:00,4140.0,4140.0,4110.0,4125.0,3923,0.0,0.0
2023-05-03 12:00:00+09:00,4135.0,4155.0,4110.0,4150.0,7561,0.0,0.0
2023-05-03 13:00:00+09:00,4150.0,4150.0,4100.0,4130.0,7858,0.0,0.0
2023-05-03 14:00:00+09:00,4125.0,4150.0,4100.0,4130.0,8161,0.0,0.0
2023-05-04 09:00:00+09:00,4110.0,4110.0,4035.0,4090.0,10361,0.0,0.0
2023-05-04 10:00:00+09:00,4090.0,4145.0,4045.0,4095.0,11656,0.0,0.0
2023-05-04 11:00:00+09:00,4095.0,4110.0,4065.0,4065.0,6938,0.0,0.0
2023-05-04 12:00:00+09:00,4065.0,4090.0,4060.0,4085.0,3783,0.0,0.0
2023-05-04 13:00:00+09:00,4075.0,4080.0,4055.0,4075.0,10422,0.0,0.0
2023-05-04 14:00:00+09:00,4075.0,4100.0,4070.0,4100.0,7617,0.0,0.0
2023-05-08 09:00:00+09:00,4100.0,4180.0,4100.0,4180.0,0,0.0,0.0
2023-05-08 10:00:00+09:00,4180.0,4220.0,4160.0,4200.0,15649,0.0,0.0
2023-05-08 11:00:00+09:00,4195.0,4215.0,4175.0,4210.0,8367,0.0,0.0
2023-05-08 12:00:00+09:00,4210.0,4225.0,4195.0,4225.0,9225,0.0,0.0
2023-05-08 13:00:00+09:00,4220.0,4240.0,4200.0,4220.0,10417,0.0,0.0
2023-05-08 14:00:00+09:00,4220.0,4245.0,4195.0,4215.0,10950,0.0,0.0
2023-05-09 09:00:00+09:00,4210.0,4230.0,4140.0,4185.0,0,0.0,0.0
2023-05-09 10:00:00+09:00,4180.0,4180.0,4130.0,4160.0,3841,0.0,0.0
2023-05-09 11:00:00+09:00,4180.0,4180.0,4165.0,4165.0,3832,0.0,0.0
2023-05-09 12:00:00+09:00,4165.0,4170.0,4160.0,4160.0,3841,0.0,0.0
2023-05-09 13:00:00+09:00,4180.0,4215.0,4170.0,4215.0,3955,0.0,0.0
2023-05-09 14:00:00+09:00,4215.0,4215.0,4185.0,4195.0,2429,0.0,0.0
2023-05-10 09:00:00+09:00,4175.0,4200.0,4100.0,4190.0,6811,0.0,0.0
2023-05-10 10:00:00+09:00,4190.0,4205.0,4175.0,4190.0,6094,0.0,0.0
2023-05-10 11:00:00+09:00,4190.0,4200.0,4185.0,4185.0,1459,0.0,0.0
2023-05-10 12:00:00+09:00,4190.0,4230.0,4185.0,4220.0,6435,0.0,0.0
2023-05-10 13:00:00+09:00,4215.0,4240.0,4190.0,4205.0,3765,0.0,0.0
2023-05-10 14:00:00+09:00,4210.0,4225.0,4175.0,4175.0,6394,0.0,0.0
2023-05-11 09:00:00+09:00,4195.0,4240.0,4175.0,4240.0,0,0.0,0.0
2023-05-11 10:00:00+09:00,4240.0,4250.0,4205.0,4220.0,4934,0.0,0.0
2023-05-11 11:00:00+09:00,4245.0,4410.0,4235.0,4325.0,71983,0.0,0.0
2023-05-11 12:00:00+09:00,4325.0,4355.0,4300.0,4340.0,4875,0.0,0.0
2023-05-11 13:00:00+09:00,4330.0,4355.0,4280.0,4325.0,9644,0.0,0.0
2023-05-11 14:00:00+09:00,4300.0,4320.0,4230.0,4235.0,11722,0.0,0.0
2023-05-12 09:00:00+09:00,4190.0,4240.0,4175.0,4215.0,10025,0.0,0.0
2023-05-12 10:00:00+09:00,4210.0,4235.0,4175.0,4195.0,5000,0.0,0.0
2023-05-12 11:00:00+09:00,4195.0,4215.0,4175.0,4210.0,9684,0.0,0.0
2023-05-12 12:00:00+09:00,4205.0,4220.0,4185.0,4185.0,4110,0.0,0.0
2023-05-12 13:00:00+09:00,4205.0,4205.0,4165.0,4190.0,11809,0.0,0.0
2023-05-12 14:00:00+09:00,4190.0,4195.0,4170.0,4190.0,3296,0.0,0.0
2023-05-15 09:00:00+09:00,4180.0,4180.0,4090.0,4095.0,0,0.0,0.0
2023-05-15 10:00:00+09:00,4095.0,4115.0,4070.0,4115.0,8901,0.0,0.0
2023-05-15 11:00:00+09:00,4115.0,4120.0,4080.0,4090.0,10420,0.0,0.0
2023-05-15 12:00:00+09:00,4090.0,4125.0,4080.0,4120.0,7437,0.0,0.0
2023-05-15 13:00:00+09:00,4115.0,4120.0,4085.0,4100.0,6782,0.0,0.0
2023-05-15 14:00:00+09:00,4100.0,4115.0,4095.0,4100.0,1927,0.0,0.0
2023-05-16 09:00:00+09:00,4140.0,4400.0,4140.0,4225.0,30216,0.0,0.0
2023-05-16 10:00:00+09:00,4225.0,4275.0,4205.0,4275.0,11494,0.0,0.0
2023-05-16 11:00:00+09:00,4270.0,4310.0,4260.0,4260.0,24381,0.0,0.0
2023-05-16 12:00:00+09:00,4275.0,4280.0,4255.0,4270.0,5638,0.0,0.0
2023-05-16 13:00:00+09:00,4265.0,4270.0,4220.0,4240.0,5000,0.0,0.0
2023-05-16 14:00:00+09:00,4255.0,4260.0,4220.0,4220.0,9408,0.0,0.0
2023-05-17 09:00:00+09:00,4310.0,4350.0,4270.0,4320.0,33118,0.0,0.0
2023-05-17 10:00:00+09:00,4320.0,4330.0,4280.0,4325.0,15265,0.0,0.0
2023-05-17 11:00:00+09:00,4320.0,4335.0,4310.0,4330.0,0,0.0,0.0
2023-05-17 12:00:00+09:00,4335.0,4340.0,4315.0,4330.0,63334,0.0,0.0
2023-05-17 13:00:00+09:00,4330.0,4350.0,4325.0,4330.0,16467,0.0,0.0
2023-05-17 14:00:00+09:00,4330.0,4355.0,4315.0,4345.0,8356,0.0,0.0
2023-05-18 09:00:00+09:00,4405.0,4405.0,4355.0,4380.0,14571,0.0,0.0
2023-05-18 10:00:00+09:00,4380.0,4395.0,4360.0,4365.0,5959,0.0,0.0
2023-05-18 11:00:00+09:00,4365.0,4370.0,4350.0,4365.0,8148,0.0,0.0
2023-05-18 12:00:00+09:00,4365.0,4370.0,4350.0,4365.0,4723,0.0,0.0
2023-05-18 13:00:00+09:00,4370.0,4380.0,4365.0,4375.0,2071,0.0,0.0
2023-05-18 14:00:00+09:00,4380.0,4390.0,4365.0,4380.0,6272,0.0,0.0
2023-05-19 09:00:00+09:00,4400.0,4415.0,4375.0,4385.0,0,0.0,0.0
2023-05-19 10:00:00+09:00,4385.0,4390.0,4370.0,4385.0,12148,0.0,0.0
2023-05-19 11:00:00+09:00,4385.0,4395.0,4370.0,4380.0,7685,0.0,0.0
2023-05-19 12:00:00+09:00,4370.0,4420.0,4370.0,4405.0,9913,0.0,0.0
2023-05-19 13:00:00+09:00,4405.0,4445.0,4385.0,4440.0,18202,0.0,0.0
2023-05-19 14:00:00+09:00,4440.0,4445.0,4435.0,4445.0,8987,0.0,0.0
2023-05-22 09:00:00+09:00,4445.0,4535.0,4445.0,4500.0,0,0.0,0.0
2023-05-22 10:00:00+09:00,4495.0,4500.0,4450.0,4475.0,14385,0.0,0.0
2023-05-22 11:00:00+09:00,4475.0,4505.0,4465.0,4500.0,5796,0.0,0.0
2023-05-22 12:00:00+09:00,4495.0,4525.0,4495.0,4520.0,10928,0.0,0.0
2023-05-22 13:00:00+09:00,4515.0,4570.0,4515.0,4565.0,50865,0.0,0.0
2023-05-22 14:00:00+09:00,4565.0,4590.0,4535.0,4585.0,30484,0.0,0.0
2023-05-23 09:00:00+09:00,4580.0,4635.0,4550.0,4580.0,43213,0.0,0.0
2023-05-23 10:00:00+09:00,4575.0,4585.0,4530.0,4575.0,23330,0.0,0.0
2023-05-23 11:00:00+09:00,4570.0,4570.0,4515.0,4560.0,11654,0.0,0.0
2023-05-23 12:00:00+09:00,4550.0,4570.0,4530.0,4570.0,9713,0.0,0.0
2023-05-23 13:00:00+09:00,4570.0,4590.0,4535.0,4560.0,15799,0.0,0.0
2023-05-23 14:00:00+09:00,4560.0,4585.0,4545.0,4580.0,6149,0.0,0.0
2023-05-24 09:00:00+09:00,4500.0,4790.0,4485.0,4755.0,33468,0.0,0.0
2023-05-24 10:00:00+09:00,4755.0,5180.0,4685.0,4720.0,1636753,0.0,0.0
2023-05-24 11:00:00+09:00,4730.0,4745.0,4675.0,4695.0,114752,0.0,0.0
2023-05-24 12:00:00+09:00,4695.0,4705.0,4650.0,4695.0,48835,0.0,0.0
2023-05-24 13:00:00+09:00,4695.0,4725.0,4660.0,4690.0,35225,0.0,0.0
2023-05-24 14:00:00+09:00,4690.0,4790.0,4675.0,4740.0,56070,0.0,0.0
2023-05-25 09:00:00+09:00,4750.0,4795.0,4660.0,4735.0,0,0.0,0.0
2023-05-25 10:00:00+09:00,4735.0,4735.0,4670.0,4705.0,20678,0.0,0.0
2023-05-25 11:00:00+09:00,4700.0,4705.0,4665.0,4665.0,8021,0.0,0.0
2023-05-25 12:00:00+09:00,4675.0,4700.0,4660.0,4660.0,7869,0.0,0.0
2023-05-25 13:00:00+09:00,4665.0,4665.0,4640.0,4645.0,17198,0.0,0.0
2023-05-25 14:00:00+09:00,4645.0,4665.0,4615.0,4665.0,11346,0.0,0.0
2023-05-26 09:00:00+09:00,4660.0,4660.0,4570.0,4610.0,25125,0.0,0.0
2023-05-26 10:00:00+09:00,4610.0,4610.0,4560.0,4565.0,15916,0.0,0.0
2023-05-26 11:00:00+09:00,4565.0,4645.0,4555.0,4615.0,12372,0.0,0.0
2023-05-26 12:00:00+09:00,4610.0,4620.0,4570.0,4580.0,4192,0.0,0.0
2023-05-26 13:00:00+09:00,4600.0,4630.0,4555.0,4580.0,13103,0.0,0.0
2023-05-26 14:00:00+09:00,4580.0,4610.0,4550.0,4560.0,12540,0.0,0.0
2023-05-30 09:00:00+09:00,4550.0,4555.0,4450.0,4520.0,0,0.0,0.0
2023-05-30 10:00:00+09:00,4535.0,4560.0,4515.0,4545.0,8029,0.0,0.0
2023-05-30 11:00:00+09:00,4545.0,4590.0,4515.0,4575.0,10520,0.0,0.0
2023-05-30 12:00:00+09:00,4575.0,4610.0,4555.0,4585.0,6826,0.0,0.0
2023-05-30 13:00:00+09:00,4585.0,4610.0,4560.0,4560.0,6432,0.0,0.0
2023-05-30 14:00:00+09:00,4565.0,4600.0,4565.0,4580.0,10333,0.0,0.0
2023-05-31 09:00:00+09:00,4530.0,4620.0,4530.0,4590.0,23643,0.0,0.0
2023-05-31 10:00:00+09:00,4595.0,4600.0,4545.0,4585.0,13443,0.0,0.0
2023-05-31 11:00:00+09:00,4585.0,4585.0,4545.0,4580.0,5713,0.0,0.0
2023-05-31 12:00:00+09:00,4580.0,4585.0,4550.0,4560.0,7717,0.0,0.0
2023-05-31 13:00:00+09:00,4570.0,4580.0,4505.0,4535.0,12991,0.0,0.0
2023-05-31 14:00:00+09:00,4535.0,4550.0,4510.0,4525.0,7310,0.0,0.0
2023-06-01 09:00:00+09:00,4520.0,4695.0,4510.0,4510.0,0,0.0,0.0
2023-06-01 10:00:00+09:00,4510.0,4610.0,4510.0,4590.0,24356,0.0,0.0
2023-06-01 11:00:00+09:00,4595.0,4655.0,4585.0,4600.0,12524,0.0,0.0
2023-06-01 12:00:00+09:00,4615.0,4630.0,4545.0,4560.0,17053,0.0,0.0
2023-06-01 13:00:00+09:00,4590.0,4610.0,4560.0,4570.0,5835,0.0,0.0
2023-06-01 14:00:00+09:00,4590.0,4595.0,4555.0,4575.0,4925,0.0,0.0
2023-06-02 09:00:00+09:00,4630.0,4680.0,4590.0,4660.0,0,0.0,0.0
2023-06-02 10:00:00+09:00,4665.0,4665.0,4610.0,4630.0,12860,0.0,0.0
2023-06-02 11:00:00+09:00,4640.0,4680.0,4630.0,4665.0,15184,0.0,0.0
2023-06-02 12:00:00+09:00,4665.0,4670.0,4650.0,4665.0,3890,0.0,0.0
2023-06-02 13:00:00+09:00,4665.0,4665.0,4640.0,4655.0,6285,0.0,0.0
2023-06-02 14:00:00+09:00,4655.0,4670.0,4650.0,4670.0,12096,0.0,0.0
2023-06-05 09:00:00+09:00,4660.0,4760.0,4650.0,4700.0,0,0.0,0.0
2023-06-05 10:00:00+09:00,4695.0,4775.0,4695.0,4765.0,31452,0.0,0.0
2023-06-05 11:00:00+09:00,4765.0,4790.0,4755.0,4785.0,22941,0.0,0.0
2023-06-05 12:00:00+09:00,4785.0,4790.0,4770.0,4790.0,9417,0.0,0.0
2023-06-05 13:00:00+09:00,4780.0,4800.0,4770.0,4790.0,10161,0.0,0.0
2023-06-05 14:00:00+09:00,4785.0,4800.0,4780.0,4795.0,19323,0.0,0.0
2023-06-07 09:00:00+09:00,4735.0,4760.0,4690.0,4700.0,0,0.0,0.0
2023-06-07 10:00:00+09:00,4700.0,4775.0,4700.0,4775.0,15235,0.0,0.0
2023-06-07 11:00:00+09:00,4775.0,4775.0,4735.0,4740.0,3334,0.0,0.0
2023-06-07 12:00:00+09:00,4750.0,4845.0,4740.0,4805.0,36469,0.0,0.0
2023-06-07 13:00:00+09:00,4805.0,4810.0,4780.0,4790.0,6115,0.0,0.0
2023-06-07 14:00:00+09:00,4780.0,4795.0,4735.0,4755.0,14639,0.0,0.0
2023-06-08 09:00:00+09:00,4770.0,4775.0,4705.0,4720.0,17865,0.0,0.0
2023-06-08 10:00:00+09:00,4710.0,4980.0,4695.0,4775.0,69132,0.0,0.0
2023-06-08 11:00:00+09:00,4775.0,4800.0,4770.0,4790.0,6602,0.0,0.0
2023-06-08 12:00:00+09:00,4790.0,4800.0,4765.0,4770.0,12649,0.0,0.0
2023-06-08 13:00:00+09:00,4780.0,4780.0,4730.0,4740.0,6823,0.0,0.0
2023-06-08 14:00:00+09:00,4735.0,4770.0,4730.0,4765.0,5953,0.0,0.0
2023-06-09 09:00:00+09:00,4830.0,4830.0,4680.0,4760.0,9491,0.0,0.0
2023-06-09 10:00:00+09:00,4745.0,4755.0,4720.0,4745.0,10018,0.0,0.0
2023-06-09 11:00:00+09:00,4750.0,4750.0,4720.0,4730.0,4883,0.0,0.0
2023-06-09 12:00:00+09:00,4730.0,4735.0,4720.0,4720.0,4732,0.0,0.0
2023-06-09 13:00:00+09:00,4720.0,4730.0,4700.0,4720.0,7276,0.0,0.0
2023-06-09 14:00:00+09:00,4720.0,4725.0,4700.0,4700.0,11549,0.0,0.0
2023-06-12 09:00:00+09:00,4705.0,4950.0,4705.0,4785.0,0,0.0,0.0
2023-06-12 10:00:00+09:00,4785.0,4785.0,4750.0,4770.0,11633,0.0,0.0
2023-06-12 11:00:00+09:00,4770.0,4780.0,4730.0,4735.0,11493,0.0,0.0
2023-06-12 12:00:00+09:00,4735.0,4760.0,4730.0,4755.0,2123,0.0,0.0
2023-06-12 13:00:00+09:00,4755.0,4760.0,4745.0,4760.0,4269,0.0,0.0
2023-06-12 14:00:00+09:00,4760.0,4760.0,4670.0,4725.0,26565,0.0,0.0
2023-06-13 09:00:00+09:00,4695.0,4840.0,4695.0,4785.0,29920,0.0,0.0
2023-06-13 10:00:00+09:00,4785.0,4855.0,4780.0,4840.0,38529,0.0,0.0
2023-06-13 11:00:00+09:00,4840.0,4850.0,4810.0,4820.0,16207,0.0,0.0
2023-06-13 12:00:00+09:00,4815.0,4825.0,4810.0,4825.0,3564,0.0,0.0
2023-06-13 13:00:00+09:00,4815.0,4960.0,4795.0,4825.0,84602,0.0,0.0
2023-06-13 14:00:00+09:00,4820.0,4825.0,4750.0,4790.0,16232,0.0,0.0
2023-06-14 09:00:00+09:00,4810.0,4810.0,4730.0,4775.0,20917,0.0,0.0
2023-06-14 10:00:00+09:00,4775.0,4775.0,4715.0,4755.0,7366,0.0,0.0
2023-06-14 11:00:00+09:00,4745.0,4755.0,4715.0,4725.0,4504,0.0,0.0
2023-06-14 12:00:00+09:00,4725.0,4755.0,4710.0,4715.0,7682,0.0,0.0
2023-06-14 13:00:00+09:00,4715.0,4730.0,4695.0,4695.0,21491,0.0,0.0
2023-06-14 14:00:00+09:00,4720.0,4735.0,4660.0,4690.0,11399,0.0,0.0
2023-06-15 09:00:00+09:00,4715.0,4715.0,4660.0,4690.0,0,0.0,0.0
2023-06-15 10:00:00+09:00,4690.0,4695.0,4650.0,4670.0,12125,0.0,0.0
2023-06-15 11:00:00+09:00,4675.0,4685.0,4610.0,4685.0,10791,0.0,0.0
2023-06-15 12:00:00+09:00,4680.0,4730.0,4670.0,4730.0,10989,0.0,0.0
2023-06-15 13:00:00+09:00,4725.0,4765.0,4700.0,4735.0,12321,0.0,0.0
2023-06-15 14:00:00+09:00,4735.0,4755.0,4685.0,4735.0,7368,0.0,0.0
2023-06-16 09:00:00+09:00,4770.0,4900.0,4755.0,4880.0,66073,0.0,0.0
2023-06-16 10:00:00+09:00,4885.0,4905.0,4850.0,4865.0,21358,0.0,0.0
2023-06-16 11:00:00+09:00,4865.0,4885.0,4830.0,4850.0,14693,0.0,0.0
2023-06-16 12:00:00+09:00,4855.0,4865.0,4830.0,4855.0,3897,0.0,0.0
2023-06-16 13:00:00+09:00,4855.0,4860.0,4835.0,4840.0,2595,0.0,0.0
2023-06-16 14:00:00+09:00,4840.0,4855.0,4830.0,4840.0,5925,0.0,0.0
2023-06-19 09:00:00+09:00,4860.0,4955.0,4860.0,4945.0,0,0.0,0.0
2023-06-19 10:00:00+09:00,4945.0,4965.0,4910.0,4965.0,20760,0.0,0.0
2023-06-19 11:00:00+09:00,4970.0,5160.0,4945.0,5120.0,206275,0.0,0.0
2023-06-19 12:00:00+09:00,5120.0,5190.0,5110.0,5180.0,88809,0.0,0.0
2023-06-19 13:00:00+09:00,5180.0,5690.0,5170.0,5620.0,2006061,0.0,0.0
2023-06-19 14:00:00+09:00,5620.0,5700.0,5380.0,5450.0,960641,0.0,0.0
2023-06-20 09:00:00+09:00,5450.0,5490.0,5290.0,5370.0,488306,0.0,0.0
2023-06-20 10:00:00+09:00,5370.0,5390.0,5230.0,5260.0,114653,0.0,0.0
2023-06-20 11:00:00+09:00,5230.0,5300.0,5210.0,5250.0,44599,0.0,0.0
2023-06-20 12:00:00+09:00,5250.0,5350.0,5240.0,5310.0,42089,0.0,0.0
2023-06-20 13:00:00+09:00,5310.0,5320.0,5160.0,5190.0,77141,0.0,0.0
2023-06-20 14:00:00+09:00,5190.0,5260.0,5180.0,5240.0,51583,0.0,0.0
2023-06-21 09:00:00+09:00,5220.0,5280.0,5150.0,5220.0,66383,0.0,0.0
2023-06-21 10:00:00+09:00,5220.0,5240.0,5150.0,5230.0,37549,0.0,0.0
2023-06-21 11:00:00+09:00,5210.0,5260.0,5190.0,5220.0,21661,0.0,0.0
2023-06-21 12:00:00+09:00,5210.0,5290.0,5200.0,5290.0,13981,0.0,0.0
2023-06-21 13:00:00+09:00,5290.0,5380.0,5240.0,5240.0,78774,0.0,0.0
2023-06-21 14:00:00+09:00,5240.0,5270.0,5220.0,5230.0,26795,0.0,0.0
2023-06-22 09:00:00+09:00,5220.0,5230.0,5020.0,5150.0,75142,0.0,0.0
2023-06-22 10:00:00+09:00,5150.0,5160.0,5100.0,5160.0,26744,0.0,0.0
2023-06-22 11:00:00+09:00,5160.0,5160.0,5060.0,5090.0,23237,0.0,0.0
2023-06-22 12:00:00+09:00,5090.0,5090.0,5060.0,5080.0,11565,0.0,0.0
2023-06-22 13:00:00+09:00,5080.0,5120.0,5060.0,5060.0,12629,0.0,0.0
2023-06-22 14:00:00+09:00,5070.0,5070.0,5020.0,5050.0,20570,0.0,0.0
2023-06-23 09:00:00+09:00,5040.0,5100.0,5010.0,5070.0,29542,0.0,0.0
2023-06-23 10:00:00+09:00,5060.0,5080.0,5030.0,5030.0,10211,0.0,0.0
2023-06-23 11:00:00+09:00,5030.0,5050.0,5020.0,5030.0,14518,0.0,0.0
2023-06-23 12:00:00+09:00,5020.0,5070.0,5020.0,5030.0,6985,0.0,0.0
2023-06-23 13:00:00+09:00,5050.0,5050.0,5000.0,5030.0,15120,0.0,0.0
2023-06-23 14:00:00+09:00,5010.0,5070.0,5000.0,5050.0,7173,0.0,0.0
2023-06-26 09:00:00+09:00,5100.0,5210.0,5070.0,5090.0,0,0.0,0.0
2023-06-26 10:00:00+09:00,5080.0,5130.0,5070.0,5100.0,15391,0.0,0.0
2023-06-26 11:00:00+09:00,5100.0,5110.0,5070.0,5100.0,4258,0.0,0.0
2023-06-26 12:00:00+09:00,5090.0,5100.0,5040.0,5070.0,19609,0.0,0.0
2023-06-26 13:00:00+09:00,5050.0,5070.0,5030.0,5050.0,4463,0.0,0.0
2023-06-26 14:00:00+09:00,5040.0,5050.0,5000.0,5010.0,20463,0.0,0.0
2023-06-27 09:00:00+09:00,5080.0,5090.0,4860.0,5050.0,0,0.0,0.0
2023-06-27 10:00:00+09:00,5060.0,5060.0,5010.0,5050.0,6606,0.0,0.0
2023-06-27 11:00:00+09:00,5030.0,5050.0,5010.0,5020.0,4841,0.0,0.0
2023-06-27 12:00:00+09:00,5030.0,5050.0,5020.0,5040.0,3554,0.0,0.0
2023-06-27 13:00:00+09:00,5040.0,5080.0,5030.0,5070.0,9620,0.0,0.0
2023-06-27 14:00:00+09:00,5070.0,5110.0,5040.0,5070.0,21615,0.0,0.0
2023-06-28 09:00:00+09:00,5010.0,5060.0,4975.0,4990.0,22946,0.0,0.0
2023-06-28 10:00:00+09:00,4985.0,4995.0,4965.0,4985.0,11729,0.0,0.0
2023-06-28 11:00:00+09:00,4985.0,5030.0,4985.0,5010.0,10913,0.0,0.0
2023-06-28 12:00:00+09:00,5000.0,5030.0,4990.0,5030.0,7552,0.0,0.0
2023-06-28 13:00:00+09:00,5020.0,5030.0,4995.0,5000.0,6068,0.0,0.0
2023-06-28 14:00:00+09:00,5000.0,5030.0,4990.0,4995.0,4795,0.0,0.0
2023-06-29 09:00:00+09:00,4970.0,5000.0,4915.0,4965.0,0,0.0,0.0
2023-06-29 10:00:00+09:00,4955.0,4990.0,4890.0,4900.0,17737,0.0,0.0
2023-06-29 11:00:00+09:00,4935.0,4935.0,4865.0,4905.0,14731,0.0,0.0
2023-06-29 12:00:00+09:00,4905.0,4925.0,4880.0,4910.0,4088,0.0,0.0
2023-06-29 13:00:00+09:00,4885.0,4920.0,4880.0,4900.0,9353,0.0,0.0
2023-06-29 14:00:00+09:00,4915.0,4925.0,4870.0,4890.0,12893,0.0,0.0
2023-06-30 09:00:00+09:00,4895.0,4895.0,4815.0,4885.0,23125,0.0,0.0
2023-06-30 10:00:00+09:00,4870.0,5080.0,4865.0,4985.0,37066,0.0,0.0
2023-06-30 11:00:00+09:00,4985.0,5040.0,4980.0,5010.0,5463,0.0,0.0
2023-06-30 12:00:00+09:00,5010.0,5010.0,4960.0,4985.0,9846,0.0,0.0
2023-06-30 13:00:00+09:00,4985.0,5000.0,4955.0,4975.0,7056,0.0,0.0
2023-06-30 14:00:00+09:00,4975.0,4995.0,4960.0,4965.0,5105,0.0,0.0
2023-07-03 09:00:00+09:00,5060.0,5190.0,5030.0,5140.0,0,0.0,0.0
2023-07-03 10:00:00+09:00,5150.0,5160.0,5110.0,5110.0,15385,0.0,0.0
2023-07-03 11:00:00+09:00,5150.0,5150.0,5090.0,5110.0,14228,0.0,0.0
2023-07-03 12:00:00+09:00,5110.0,5170.0,5100.0,5110.0,10943,0.0,0.0
2023-07-03 13:00:00+09:00,5120.0,5180.0,5090.0,5140.0,15327,0.0,0.0
2023-07-03 14:00:00+09:00,5150.0,5150.0,5120.0,5130.0,8918,0.0,0.0
2023-07-04 09:00:00+09:00,5150.0,5200.0,5080.0,5100.0,31563,0.0,0.0
2023-07-04 10:00:00+09:00,5090.0,5130.0,5060.0,5110.0,17462,0.0,0.0
2023-07-04 11:00:00+09:00,5110.0,5160.0,5090.0,5150.0,15589,0.0,0.0
2023-07-04 12:00:00+09:00,5160.0,5180.0,5130.0,5160.0,8420,0.0,0.0
2023-07-04 13:00:00+09:00,5150.0,5160.0,5130.0,5130.0,7195,0.0,0.0
2023-07-04 14:00:00+09:00,5150.0,5170.0,5140.0,5150.0,13780,0.0,0.0
2023-07-05 09:00:00+09:00,5130.0,5130.0,4925.0,4960.0,65394,0.0,0.0
2023-07-05 10:00:00+09:00,4955.0,4980.0,4880.0,4900.0,37652,0.0,0.0
2023-07-05 11:00:00+09:00,4900.0,4930.0,4820.0,4835.0,37082,0.0,0.0
2023-07-05 12:00:00+09:00,4840.0,4890.0,4810.0,4850.0,36807,0.0,0.0
2023-07-05 13:00:00+09:00,4850.0,4875.0,4840.0,4850.0,8428,0.0,0.0
2023-07-05 14:00:00+09:00,4850.0,4890.0,4830.0,4860.0,17758,0.0,0.0
2023-07-06 09:00:00+09:00,4850.0,4850.0,4730.0,4780.0,34205,0.0,0.0
2023-07-06 10:00:00+09:00,4780.0,4790.0,4740.0,4740.0,13909,0.0,0.0
2023-07-06 11:00:00+09:00,4740.0,4780.0,4735.0,4750.0,14247,0.0,0.0
2023-07-06 12:00:00+09:00,4750.0,4775.0,4740.0,4750.0,4691,0.0,0.0
2023-07-06 13:00:00+09:00,4755.0,4755.0,4730.0,4755.0,24212,0.0,0.0
2023-07-06 14:00:00+09:00,4740.0,4760.0,4725.0,4725.0,13876,0.0,0.0
2023-07-07 09:00:00+09:00,4675.0,4745.0,4670.0,4690.0,0,0.0,0.0
2023-07-07 10:00:00+09:00,4690.0,4725.0,4670.0,4685.0,5886,0.0,0.0
2023-07-07 11:00:00+09:00,4685.0,4725.0,4670.0,4725.0,6854,0.0,0.0
2023-07-07 12:00:00+09:00,4725.0,4855.0,4700.0,4840.0,25639,0.0,0.0
2023-07-07 13:00:00+09:00,4845.0,4880.0,4800.0,4825.0,8200,0.0,0.0
2023-07-07 14:00:00+09:00,4820.0,4850.0,4805.0,4830.0,16348,0.0,0.0
2023-07-10 09:00:00+09:00,4770.0,5520.0,4730.0,5180.0,1253904,0.0,0.0
2023-07-10 10:00:00+09:00,5150.0,5880.0,5150.0,5600.0,3696635,0.0,0.0
2023-07-10 11:00:00+09:00,5600.0,5970.0,5600.0,5870.0,4140284,0.0,0.0
2023-07-10 12:00:00+09:00,5870.0,6190.0,5860.0,5960.0,2770732,0.0,0.0
2023-07-10 13:00:00+09:00,5970.0,6010.0,5710.0,5790.0,991921,0.0,0.0
2023-07-10 14:00:00+09:00,5800.0,5920.0,5680.0,5750.0,861669,0.0,0.0
2023-07-11 09:00:00+09:00,6140.0,6200.0,5670.0,5770.0,1622883,0.0,0.0
2023-07-11 10:00:00+09:00,5760.0,5810.0,5670.0,5690.0,175390,0.0,0.0
2023-07-11 11:00:00+09:00,5700.0,5710.0,5610.0,5640.0,158206,0.0,0.0
2023-07-11 12:00:00+09:00,5640.0,5690.0,5610.0,5640.0,57424,0.0,0.0
2023-07-11 13:00:00+09:00,5630.0,5680.0,5610.0,5630.0,66429,0.0,0.0
2023-07-11 14:00:00+09:00,5630.0,5780.0,5620.0,5720.0,174668,0.0,0.0
2023-07-12 09:00:00+09:00,5780.0,5860.0,5700.0,5730.0,0,0.0,0.0
2023-07-12 10:00:00+09:00,5710.0,5810.0,5660.0,5760.0,127092,0.0,0.0
2023-07-12 11:00:00+09:00,5760.0,5780.0,5680.0,5710.0,78711,0.0,0.0
2023-07-12 12:00:00+09:00,5700.0,5710.0,5650.0,5680.0,53215,0.0,0.0
2023-07-12 13:00:00+09:00,5670.0,5700.0,5640.0,5650.0,41446,0.0,0.0
2023-07-12 14:00:00+09:00,5650.0,5690.0,5620.0,5630.0,54041,0.0,0.0
2023-07-13 09:00:00+09:00,5750.0,5760.0,5550.0,5590.0,259388,0.0,0.0
2023-07-13 10:00:00+09:00,5590.0,5720.0,5560.0,5670.0,87704,0.0,0.0
2023-07-13 11:00:00+09:00,5670.0,5710.0,5640.0,5670.0,35300,0.0,0.0
2023-07-13 12:00:00+09:00,5670.0,5680.0,5620.0,5630.0,28360,0.0,0.0
2023-07-13 13:00:00+09:00,5630.0,5650.0,5600.0,5620.0,32416,0.0,0.0
2023-07-13 14:00:00+09:00,5620.0,5670.0,5600.0,5630.0,62695,0.0,0.0
2023-07-14 09:00:00+09:00,5620.0,5660.0,5330.0,5340.0,262813,0.0,0.0
2023-07-14 10:00:00+09:00,5350.0,5370.0,5330.0,5340.0,50898,0.0,0.0
2023-07-14 11:00:00+09:00,5340.0,5370.0,5310.0,5330.0,51083,0.0,0.0
2023-07-14 12:00:00+09:00,5340.0,5370.0,5320.0,5340.0,53599,0.0,0.0
2023-07-14 13:00:00+09:00,5340.0,5350.0,5280.0,5290.0,88141,0.0,0.0
2023-07-14 14:00:00+09:00,5300.0,5300.0,5250.0,5300.0,65690,0.0,0.0
2023-07-17 09:00:00+09:00,5410.0,5510.0,5360.0,5440.0,0,0.0,0.0
2023-07-17 10:00:00+09:00,5440.0,5560.0,5380.0,5490.0,178933,0.0,0.0
2023-07-17 11:00:00+09:00,5510.0,5520.0,5410.0,5480.0,39059,0.0,0.0
2023-07-17 12:00:00+09:00,5480.0,5500.0,5430.0,5460.0,28721,0.0,0.0
2023-07-17 13:00:00+09:00,5460.0,5500.0,5460.0,5490.0,26768,0.0,0.0
2023-07-17 14:00:00+09:00,5490.0,5510.0,5450.0,5460.0,28436,0.0,0.0
2023-07-18 09:00:00+09:00,5300.0,5430.0,5260.0,5300.0,129307,0.0,0.0
2023-07-18 10:00:00+09:00,5300.0,5300.0,5220.0,5250.0,60630,0.0,0.0
2023-07-18 11:00:00+09:00,5240.0,5260.0,5200.0,5210.0,36728,0.0,0.0
2023-07-18 12:00:00+09:00,5230.0,5230.0,5200.0,5230.0,32016,0.0,0.0
2023-07-18 13:00:00+09:00,5230.0,5320.0,5220.0,5300.0,38724,0.0,0.0
2023-07-18 14:00:00+09:00,5300.0,5330.0,5260.0,5280.0,26328,0.0,0.0
2023-07-19 09:00:00+09:00,5290.0,5310.0,5180.0,5210.0,67578,0.0,0.0
2023-07-19 10:00:00+09:00,5210.0,5290.0,5200.0,5220.0,26918,0.0,0.0
2023-07-19 11:00:00+09:00,5240.0,5250.0,5200.0,5220.0,17271,0.0,0.0
2023-07-19 12:00:00+09:00,5220.0,5250.0,5210.0,5220.0,13746,0.0,0.0
2023-07-19 13:00:00+09:00,5210.0,5240.0,5200.0,5220.0,14244,0.0,0.0
2023-07-19 14:00:00+09:00,5220.0,5240.0,5210.0,5230.0,18456,0.0,0.0
2023-07-20 09:00:00+09:00,5260.0,5300.0,5140.0,5180.0,74734,0.0,0.0
2023-07-20 10:00:00+09:00,5160.0,5210.0,5140.0,5200.0,30257,0.0,0.0
2023-07-20 11:00:00+09:00,5200.0,5220.0,5190.0,5200.0,12101,0.0,0.0
2023-07-20 12:00:00+09:00,5190.0,5210.0,5150.0,5200.0,21884,0.0,0.0
2023-07-20 13:00:00+09:00,5190.0,5260.0,5190.0,5240.0,12307,0.0,0.0
2023-07-20 14:00:00+09:00,5240.0,5290.0,5230.0,5270.0,23371,0.0,0.0
2023-07-21 09:00:00+09:00,5260.0,5290.0,5100.0,5150.0,55991,0.0,0.0
2023-07-21 10:00:00+09:00,5160.0,5210.0,5150.0,5180.0,13554,0.0,0.0
2023-07-21 11:00:00+09:00,5180.0,5200.0,5170.0,5180.0,7182,0.0,0.0
2023-07-21 12:00:00+09:00,5190.0,5200.0,5150.0,5160.0,14611,0.0,0.0
2023-07-21 13:00:00+09:00,5160.0,5180.0,5120.0,5150.0,13004,0.0,0.0
2023-07-21 14:00:00+09:00,5120.0,5160.0,5060.0,5090.0,38978,0.0,0.0
2023-07-24 09:00:00+09:00,5170.0,5180.0,4965.0,4985.0,0,0.0,0.0
2023-07-24 10:00:00+09:00,4985.0,5020.0,4960.0,4985.0,48004,0.0,0.0
2023-07-24 11:00:00+09:00,4990.0,5020.0,4960.0,4965.0,16319,0.0,0.0
2023-07-24 12:00:00+09:00,4960.0,4995.0,4950.0,4955.0,28891,0.0,0.0
2023-07-24 13:00:00+09:00,4955.0,4980.0,4940.0,4950.0,24724,0.0,0.0
2023-07-24 14:00:00+09:00,4950.0,4970.0,4950.0,4965.0,13692,0.0,0.0
2023-07-25 09:00:00+09:00,4935.0,5060.0,4860.0,5040.0,63282,0.0,0.0
2023-07-25 10:00:00+09:00,5050.0,5060.0,4980.0,5010.0,19175,0.0,0.0
2023-07-25 11:00:00+09:00,4990.0,5010.0,4970.0,5010.0,11664,0.0,0.0
2023-07-25 12:00:00+09:00,5000.0,5080.0,5000.0,5000.0,18430,0.0,0.0
2023-07-25 13:00:00+09:00,5000.0,5010.0,4960.0,4990.0,12665,0.0,0.0
2023-07-25 14:00:00+09:00,4965.0,4990.0,4905.0,4905.0,27383,0.0,0.0
2023-07-26 09:00:00+09:00,4900.0,4905.0,4755.0,4825.0,93119,0.0,0.0
2023-07-26 10:00:00+09:00,4820.0,4835.0,4575.0,4660.0,81437,0.0,0.0
2023-07-26 11:00:00+09:00,4665.0,4720.0,4585.0,4650.0,22681,0.0,0.0
2023-07-26 12:00:00+09:00,4655.0,4665.0,4565.0,4655.0,53693,0.0,0.0
2023-07-26 13:00:00+09:00,4655.0,4690.0,4490.0,4525.0,39281,0.0,0.0
2023-07-26 14:00:00+09:00,4525.0,4660.0,4510.0,4620.0,37067,0.0,0.0
2023-07-27 09:00:00+09:00,4660.0,4825.0,4660.0,4700.0,44249,0.0,0.0
2023-07-27 10:00:00+09:00,4705.0,4785.0,4655.0,4770.0,15718,0.0,0.0
2023-07-27 11:00:00+09:00,4770.0,4795.0,4720.0,4745.0,15036,0.0,0.0
2023-07-27 12:00:00+09:00,4750.0,4765.0,4680.0,4755.0,17514,0.0,0.0
2023-07-27 13:00:00+09:00,4755.0,4765.0,4705.0,4755.0,9513,0.0,0.0
2023-07-27 14:00:00+09:00,4755.0,4925.0,4540.0,4640.0,69744,0.0,0.0
2023-07-28 09:00:00+09:00,4630.0,4760.0,4535.0,4680.0,46133,0.0,0.0
2023-07-28 10:00:00+09:00,4680.0,4790.0,4675.0,4770.0,15780,0.0,0.0
2023-07-28 11:00:00+09:00,4770.0,4800.0,4765.0,4785.0,11961,0.0,0.0
2023-07-28 12:00:00+09:00,4795.0,4815.0,4770.0,4795.0,8119,0.0,0.0
2023-07-28 13:00:00+09:00,4795.0,4835.0,4785.0,4835.0,9108,0.0,0.0
2023-07-28 14:00:00+09:00,4825.0,4835.0,4795.0,4805.0,13112,0.0,0.0
2023-07-31 09:00:00+09:00,4840.0,4880.0,4765.0,4880.0,0,0.0,0.0
2023-07-31 10:00:00+09:00,4885.0,4955.0,4875.0,4925.0,21810,0.0,0.0
2023-07-31 11:00:00+09:00,4920.0,4945.0,4890.0,4940.0,7711,0.0,0.0
2023-07-31 12:00:00+09:00,4940.0,4940.0,4895.0,4925.0,7669,0.0,0.0
2023-07-31 13:00:00+09:00,4925.0,4945.0,4905.0,4930.0,9946,0.0,0.0
2023-07-31 14:00:00+09:00,4940.0,4945.0,4915.0,4945.0,10830,0.0,0.0
2023-08-01 09:00:00+09:00,4940.0,5010.0,4905.0,4995.0,37318,0.0,0.0
2023-08-01 10:00:00+09:00,4995.0,5010.0,4940.0,4990.0,18361,0.0,0.0
2023-08-01 11:00:00+09:00,4990.0,5000.0,4960.0,4960.0,10099,0.0,0.0
2023-08-01 12:00:00+09:00,4970.0,4990.0,4960.0,4980.0,6099,0.0,0.0
2023-08-01 13:00:00+09:00,4965.0,4990.0,4890.0,4945.0,38918,0.0,0.0
2023-08-01 14:00:00+09:00,4945.0,4975.0,4920.0,4970.0,0,0.0,0.0
2023-08-02 09:00:00+09:00,4995.0,5000.0,4870.0,4960.0,21403,0.0,0.0
2023-08-02 10:00:00+09:00,4955.0,5020.0,4940.0,4980.0,30604,0.0,0.0
2023-08-02 11:00:00+09:00,4975.0,4995.0,4900.0,4925.0,11198,0.0,0.0
2023-08-02 12:00:00+09:00,4915.0,4920.0,4885.0,4885.0,13393,0.0,0.0
2023-08-02 13:00:00+09:00,4885.0,4890.0,4860.0,4880.0,14050,0.0,0.0
2023-08-02 14:00:00+09:00,4885.0,4950.0,4865.0,4900.0,13595,0.0,0.0
2023-08-03 09:00:00+09:00,4885.0,4885.0,4750.0,4855.0,35123,0.0,0.0
2023-08-03 10:00:00+09:00,4870.0,4870.0,4750.0,4750.0,23386,0.0,0.0
2023-08-03 11:00:00+09:00,4755.0,4775.0,4700.0,4745.0,16101,0.0,0.0
2023-08-03 12:00:00+09:00,4745.0,4790.0,4665.0,4780.0,16556,0.0,0.0
2023-08-03 13:00:00+09:00,4780.0,4820.0,4750.0,4810.0,9544,0.0,0.0
2023-08-03 14:00:00+09:00,4810.0,4830.0,4790.0,4800.0,7345,0.0,0.0
2023-08-04 09:00:00+09:00,4705.0,4775.0,4480.0,4710.0,49705,0.0,0.0
2023-08-04 10:00:00+09:00,4725.0,4770.0,4710.0,4760.0,4420,0.0,0.0
2023-08-04 11:00:00+09:00,4730.0,4730.0,4670.0,4675.0,10332,0.0,0.0
2023-08-04 12:00:00+09:00,4685.0,4725.0,4665.0,4690.0,10224,0.0,0.0
2023-08-04 13:00:00+09:00,4670.0,4695.0,4660.0,4685.0,4196,0.0,0.0
2023-08-04 14:00:00+09:00,4685.0,4760.0,4665.0,4680.0,13002,0.0,0.0
2023-08-07 09:00:00+09:00,4615.0,4685.0,4535.0,4620.0,0,0.0,0.0
2023-08-07 10:00:00+09:00,4620.0,4640.0,4555.0,4600.0,17660,0.0,0.0
2023-08-07 11:00:00+09:00,4600.0,4680.0,4575.0,4680.0,16895,0.0,0.0
2023-08-07 12:00:00+09:00,4680.0,4680.0,4630.0,4675.0,6584,0.0,0.0
2023-08-07 13:00:00+09:00,4670.0,4680.0,4620.0,4630.0,6142,0.0,0.0
2023-08-07 14:00:00+09:00,4645.0,4670.0,4625.0,4630.0,7557,0.0,0.0
2023-08-08 09:00:00+09:00,4700.0,4820.0,4700.0,4760.0,24592,0.0,0.0
2023-08-08 10:00:00+09:00,4760.0,4760.0,4680.0,4685.0,8955,0.0,0.0
2023-08-08 11:00:00+09:00,4740.0,4740.0,4675.0,4710.0,8279,0.0,0.0
2023-08-08 12:00:00+09:00,4705.0,4710.0,4680.0,4700.0,3219,0.0,0.0
2023-08-08 13:00:00+09:00,4700.0,4700.0,4680.0,4700.0,5317,0.0,0.0
2023-08-08 14:00:00+09:00,4700.0,4700.0,4645.0,4660.0,23146,0.0,0.0
2023-08-09 09:00:00+09:00,4610.0,4715.0,4610.0,4700.0,13354,0.0,0.0
2023-08-09 10:00:00+09:00,4675.0,4705.0,4665.0,4700.0,4121,0.0,0.0
2023-08-09 11:00:00+09:00,4680.0,4800.0,4675.0,4795.0,22815,0.0,0.0
2023-08-09 12:00:00+09:00,4770.0,4850.0,4755.0,4840.0,50551,0.0,0.0
2023-08-09 13:00:00+09:00,4830.0,4895.0,4820.0,4870.0,26539,0.0,0.0
2023-08-09 14:00:00+09:00,4870.0,4880.0,4845.0,4865.0,9356,0.0,0.0
2023-08-10 09:00:00+09:00,4865.0,4895.0,4795.0,4895.0,30737,0.0,0.0
2023-08-10 10:00:00+09:00,4895.0,4900.0,4830.0,4850.0,7073,0.0,0.0
2023-08-10 11:00:00+09:00,4855.0,4875.0,4840.0,4855.0,5226,0.0,0.0
2023-08-10 12:00:00+09:00,4855.0,4855.0,4805.0,4830.0,10895,0.0,0.0
2023-08-10 13:00:00+09:00,4830.0,4850.0,4800.0,4820.0,9983,0.0,0.0
2023-08-10 14:00:00+09:00,4820.0,4830.0,4750.0,4810.0,26076,0.0,0.0
2023-08-11 09:00:00+09:00,4725.0,4820.0,4720.0,4815.0,17001,0.0,0.0
2023-08-11 10:00:00+09:00,4815.0,4835.0,4795.0,4810.0,12280,0.0,0.0
2023-08-11 11:00:00+09:00,4810.0,4835.0,4795.0,4835.0,5639,0.0,0.0
2023-08-11 12:00:00+09:00,4835.0,4840.0,4820.0,4840.0,3233,0.0,0.0
2023-08-11 13:00:00+09:00,4840.0,5130.0,4790.0,4840.0,160737,0.0,0.0
2023-08-11 14:00:00+09:00,4840.0,4865.0,4835.0,4835.0,13074,0.0,0.0
2023-08-14 09:00:00+09:00,4780.0,4810.0,4705.0,4725.0,0,0.0,0.0
2023-08-14 10:00:00+09:00,4720.0,4740.0,4695.0,4725.0,17575,0.0,0.0
2023-08-14 11:00:00+09:00,4725.0,4725.0,4695.0,4705.0,4857,0.0,0.0
2023-08-14 12:00:00+09:00,4715.0,4735.0,4705.0,4705.0,4912,0.0,0.0
2023-08-14 13:00:00+09:00,4705.0,4725.0,4695.0,4700.0,4601,0.0,0.0
2023-08-14 14:00:00+09:00,4700.0,4710.0,4680.0,4680.0,14168,0.0,0.0
2023-08-16 09:00:00+09:00,4640.0,4655.0,4505.0,4510.0,0,0.0,0.0
2023-08-16 10:00:00+09:00,4510.0,4580.0,4510.0,4535.0,23608,0.0,0.0
2023-08-16 11:00:00+09:00,4535.0,4600.0,4515.0,4570.0,13939,0.0,0.0
2023-08-16 12:00:00+09:00,4570.0,4635.0,4560.0,4610.0,3813,0.0,0.0
2023-08-16 13:00:00+09:00,4605.0,4615.0,4555.0,4570.0,9240,0.0,0.0
2023-08-16 14:00:00+09:00,4575.0,4600.0,4550.0,4590.0,12373,0.0,0.0
2023-08-17 09:00:00+09:00,4460.0,4530.0,4305.0,4355.0,65658,0.0,0.0
2023-08-17 10:00:00+09:00,4335.0,4365.0,4270.0,4350.0,48004,0.0,0.0
2023-08-17 11:00:00+09:00,4345.0,4445.0,4345.0,4420.0,11514,0.0,0.0
2023-08-17 12:00:00+09:00,4430.0,4435.0,4345.0,4350.0,29130,0.0,0.0
2023-08-17 13:00:00+09:00,4350.0,4410.0,4345.0,4385.0,24172,0.0,0.0
2023-08-17 14:00:00+09:00,4385.0,4385.0,4330.0,4355.0,24670,0.0,0.0
2023-08-18 09:00:00+09:00,4315.0,4360.0,4280.0,4280.0,33166,0.0,0.0
2023-08-18 10:00:00+09:00,4290.0,4350.0,4260.0,4330.0,13946,0.0,0.0
2023-08-18 11:00:00+09:00,4330.0,4350.0,4310.0,4310.0,9408,0.0,0.0
2023-08-18 12:00:00+09:00,4335.0,4340.0,4295.0,4320.0,10806,0.0,0.0
2023-08-18 13:00:00+09:00,4310.0,4330.0,4280.0,4285.0,10184,0.0,0.0
2023-08-18 14:00:00+09:00,4290.0,4300.0,4275.0,4295.0,10052,0.0,0.0
2023-08-21 09:00:00+09:00,4270.0,4340.0,4200.0,4325.0,0,0.0,0.0
2023-08-21 10:00:00+09:00,4305.0,4390.0,4290.0,4325.0,15769,0.0,0.0
2023-08-21 11:00:00+09:00,4320.0,4330.0,4295.0,4300.0,4003,0.0,0.0
2023-08-21 12:00:00+09:00,4295.0,4305.0,4290.0,4290.0,2623,0.0,0.0
2023-08-21 13:00:00+09:00,4305.0,4305.0,4275.0,4295.0,5980,0.0,0.0
2023-08-21 14:00:00+09:00,4295.0,4295.0,4265.0,4280.0,11272,0.0,0.0
2023-08-22 09:00:00+09:00,4230.0,4615.0,4230.0,4365.0,101230,0.0,0.0
2023-08-22 10:00:00+09:00,4365.0,4505.0,4360.0,4390.0,18686,0.0,0.0
2023-08-22 11:00:00+09:00,4435.0,4460.0,4395.0,4415.0,8929,0.0,0.0
2023-08-22 12:00:00+09:00,4400.0,4430.0,4385.0,4420.0,2684,0.0,0.0
2023-08-22 13:00:00+09:00,4410.0,4415.0,4365.0,4370.0,4980,0.0,0.0
2023-08-22 14:00:00+09:00,4370.0,4395.0,4335.0,4365.0,6965,0.0,0.0
2023-08-23 09:00:00+09:00,4450.0,4465.0,4355.0,4390.0,0,0.0,0.0
2023-08-23 10:00:00+09:00,4390.0,4530.0,4365.0,4490.0,31834,0.0,0.0
2023-08-23 11:00:00+09:00,4480.0,4540.0,4470.0,4505.0,12147,0.0,0.0
2023-08-23 12:00:00+09:00,4505.0,4515.0,4480.0,4500.0,7022,0.0,0.0
2023-08-23 13:00:00+09:00,4500.0,4505.0,4470.0,4480.0,7130,0.0,0.0
2023-08-23 14:00:00+09:00,4480.0,4495.0,4440.0,4460.0,8987,0.0,0.0
2023-08-24 09:00:00+09:00,4480.0,4540.0,4415.0,4455.0,21157,0.0,0.0
2023-08-24 10:00:00+09:00,4455.0,4475.0,4440.0,4465.0,3181,0.0,0.0
2023-08-24 11:00:00+09:00,4475.0,4525.0,4455.0,4495.0,7936,0.0,0.0
2023-08-24 12:00:00+09:00,4495.0,4495.0,4465.0,4480.0,712,0.0,0.0
2023-08-24 13:00:00+09:00,4480.0,4495.0,4450.0,4465.0,7432,0.0,0.0
2023-08-24 14:00:00+09:00,4470.0,4495.0,4445.0,4480.0,4437,0.0,0.0
2023-08-25 09:00:00+09:00,4475.0,4475.0,4400.0,4425.0,15554,0.0,0.0
2023-08-25 10:00:00+09:00,4420.0,4450.0,4400.0,4440.0,6789,0.0,0.0
2023-08-25 11:00:00+09:00,4440.0,4440.0,4405.0,4405.0,5997,0.0,0.0
2023-08-25 12:00:00+09:00,4430.0,4435.0,4400.0,4400.0,13112,0.0,0.0
2023-08-25 13:00:00+09:00,4400.0,4415.0,4400.0,4400.0,4138,0.0,0.0
2023-08-25 14:00:00+09:00,4400.0,4405.0,4390.0,4395.0,5611,0.0,0.0
2023-08-28 09:00:00+09:00,4370.0,4480.0,4315.0,4465.0,0,0.0,0.0
2023-08-28 10:00:00+09:00,4460.0,4530.0,4380.0,4510.0,23641,0.0,0.0
2023-08-28 11:00:00+09:00,4510.0,4510.0,4410.0,4485.0,4088,0.0,0.0
2023-08-28 12:00:00+09:00,4485.0,4485.0,4445.0,4465.0,2014,0.0,0.0
2023-08-28 13:00:00+09:00,4465.0,4490.0,4445.0,4470.0,9405,0.0,0.0
2023-08-28 14:00:00+09:00,4470.0,4505.0,4470.0,4495.0,6355,0.0,0.0
2023-08-29 09:00:00+09:00,4510.0,4570.0,4490.0,4530.0,10791,0.0,0.0
2023-08-29 10:00:00+09:00,4540.0,4550.0,4510.0,4515.0,6906,0.0,0.0
2023-08-29 11:00:00+09:00,4515.0,4530.0,4515.0,4515.0,2740,0.0,0.0
2023-08-29 12:00:00+09:00,4515.0,4545.0,4515.0,4520.0,4163,0.0,0.0
2023-08-29 13:00:00+09:00,4520.0,4535.0,4510.0,4520.0,5123,0.0,0.0
2023-08-29 14:00:00+09:00,4510.0,4535.0,4500.0,4535.0,10958,0.0,0.0
2023-08-30 09:00:00+09:00,4530.0,4550.0,4495.0,4520.0,13858,0.0,0.0
2023-08-30 10:00:00+09:00,4520.0,4520.0,4470.0,4480.0,18251,0.0,0.0
2023-08-30 11:00:00+09:00,4480.0,4490.0,4455.0,4465.0,9902,0.0,0.0
2023-08-30 12:00:00+09:00,4470.0,4485.0,4415.0,4480.0,10020,0.0,0.0
2023-08-30 13:00:00+09:00,4460.0,4480.0,4440.0,4460.0,16383,0.0,0.0
2023-08-30 14:00:00+09:00,4455.0,4480.0,4450.0,4460.0,7799,0.0,0.0
2023-08-31 09:00:00+09:00,4490.0,4495.0,4410.0,4430.0,14400,0.0,0.0
2023-08-31 10:00:00+09:00,4430.0,4455.0,4415.0,4420.0,4297,0.0,0.0
2023-08-31 11:00:00+09:00,4415.0,4705.0,4410.0,4480.0,243386,0.0,0.0
2023-08-31 12:00:00+09:00,4485.0,4485.0,4415.0,4445.0,29974,0.0,0.0
2023-08-31 13:00:00+09:00,4445.0,4450.0,4415.0,4430.0,14728,0.0,0.0
2023-08-31 14:00:00+09:00,4425.0,4450.0,4400.0,4405.0,22295,0.0,0.0
2023-09-01 09:00:00+09:00,4440.0,4675.0,4395.0,4580.0,148330,0.0,0.0
2023-09-01 10:00:00+09:00,4580.0,4610.0,4515.0,4545.0,28275,0.0,0.0
2023-09-01 11:00:00+09:00,4555.0,4580.0,4490.0,4530.0,17546,0.0,0.0
2023-09-01 12:00:00+09:00,4505.0,4560.0,4490.0,4495.0,11220,0.0,0.0
2023-09-01 13:00:00+09:00,4525.0,4540.0,4490.0,4500.0,5228,0.0,0.0
2023-09-01 14:00:00+09:00,4505.0,4535.0,4485.0,4490.0,11171,0.0,0.0
2023-09-04 09:00:00+09:00,4515.0,4515.0,4415.0,4430.0,0,0.0,0.0
2023-09-04 10:00:00+09:00,4430.0,4445.0,4405.0,4410.0,16014,0.0,0.0
2023-09-04 11:00:00+09:00,4410.0,4440.0,4410.0,4420.0,7821,0.0,0.0
2023-09-04 12:00:00+09:00,4420.0,4430.0,4415.0,4415.0,8611,0.0,0.0
2023-09-04 13:00:00+09:00,4415.0,4450.0,4415.0,4450.0,17530,0.0,0.0
2023-09-04 14:00:00+09:00,4460.0,4505.0,4425.0,4495.0,10110,0.0,0.0
2023-09-05 09:00:00+09:00,4455.0,4470.0,4390.0,4410.0,35649,0.0,0.0
2023-09-05 10:00:00+09:00,4410.0,4425.0,4400.0,4400.0,17038,0.0,0.0
2023-09-05 11:00:00+09:00,4405.0,4410.0,4390.0,4395.0,10595,0.0,0.0
2023-09-05 12:00:00+09:00,4395.0,4405.0,4385.0,4390.0,11441,0.0,0.0
2023-09-05 13:00:00+09:00,4390.0,4405.0,4380.0,4405.0,4879,0.0,0.0
2023-09-05 14:00:00+09:00,4385.0,4415.0,4385.0,4400.0,6469,0.0,0.0
2023-09-06 09:00:00+09:00,4410.0,4435.0,4375.0,4385.0,21951,0.0,0.0
2023-09-06 10:00:00+09:00,4385.0,4400.0,4375.0,4385.0,7607,0.0,0.0
2023-09-06 11:00:00+09:00,4385.0,4395.0,4365.0,4385.0,4759,0.0,0.0
2023-09-06 12:00:00+09:00,4385.0,4385.0,4370.0,4380.0,2889,0.0,0.0
2023-09-06 13:00:00+09:00,4385.0,4405.0,4380.0,4390.0,1963,0.0,0.0
2023-09-06 14:00:00+09:00,4385.0,4405.0,4380.0,4385.0,13571,0.0,0.0
2023-09-07 09:00:00+09:00,4350.0,4375.0,4305.0,4350.0,18721,0.0,0.0
2023-09-07 10:00:00+09:00,4315.0,4340.0,4305.0,4305.0,13239,0.0,0.0
2023-09-07 11:00:00+09:00,4305.0,4320.0,4300.0,4305.0,3993,0.0,0.0
2023-09-07 12:00:00+09:00,4300.0,4310.0,4285.0,4290.0,7682,0.0,0.0
2023-09-07 13:00:00+09:00,4300.0,4300.0,4255.0,4270.0,16498,0.0,0.0
2023-09-07 14:00:00+09:00,4260.0,4275.0,4255.0,4270.0,3381,0.0,0.0
2023-09-08 09:00:00+09:00,4240.0,4300.0,4240.0,4260.0,11923,0.0,0.0
2023-09-08 10:00:00+09:00,4265.0,4280.0,4235.0,4240.0,8536,0.0,0.0
2023-09-08 11:00:00+09:00,4250.0,4290.0,4235.0,4285.0,12490,0.0,0.0
2023-09-08 12:00:00+09:00,4280.0,4285.0,4235.0,4285.0,2589,0.0,0.0
2023-09-08 13:00:00+09:00,4285.0,4285.0,4250.0,4270.0,4975,0.0,0.0
2023-09-08 14:00:00+09:00,4265.0,4275.0,4230.0,4265.0,12282,0.0,0.0
2023-09-11 09:00:00+09:00,4305.0,4400.0,4305.0,4365.0,0,0.0,0.0
2023-09-11 10:00:00+09:00,4365.0,4460.0,4365.0,4430.0,54876,0.0,0.0
2023-09-11 11:00:00+09:00,4435.0,4450.0,4410.0,4420.0,9094,0.0,0.0
2023-09-11 12:00:00+09:00,4430.0,4430.0,4375.0,4375.0,9047,0.0,0.0
2023-09-11 13:00:00+09:00,4400.0,4400.0,4370.0,4370.0,756,0.0,0.0
2023-09-11 14:00:00+09:00,4375.0,4380.0,4330.0,4365.0,0,0.0,0.0
2023-09-12 09:00:00+09:00,4415.0,4450.0,4365.0,4375.0,21630,0.0,0.0
2023-09-12 10:00:00+09:00,4375.0,4385.0,4290.0,4325.0,11891,0.0,0.0
2023-09-12 11:00:00+09:00,4320.0,4330.0,4305.0,4315.0,5192,0.0,0.0
2023-09-12 12:00:00+09:00,4310.0,4315.0,4290.0,4300.0,5086,0.0,0.0
2023-09-12 13:00:00+09:00,4305.0,4315.0,4285.0,4310.0,13932,0.0,0.0
2023-09-12 14:00:00+09:00,4285.0,4305.0,4270.0,4280.0,6540,0.0,0.0
2023-09-13 09:00:00+09:00,4230.0,4280.0,4230.0,4265.0,15248,0.0,0.0
2023-09-13 10:00:00+09:00,4265.0,4265.0,4195.0,4200.0,32797,0.0,0.0
2023-09-13 11:00:00+09:00,4210.0,4235.0,4200.0,4235.0,7412,0.0,0.0
2023-09-13 12:00:00+09:00,4215.0,4225.0,4205.0,4215.0,3581,0.0,0.0
2023-09-13 13:00:00+09:00,4225.0,4260.0,4215.0,4255.0,1940,0.0,0.0
2023-09-13 14:00:00+09:00,4260.0,4265.0,4205.0,4235.0,4202,0.0,0.0
2023-09-14 09:00:00+09:00,4160.0,4260.0,4160.0,4225.0,8501,0.0,0.0
2023-09-14 10:00:00+09:00,4215.0,4215.0,4175.0,4210.0,5374,0.0,0.0
2023-09-14 11:00:00+09:00,4200.0,4215.0,4200.0,4200.0,2724,0.0,0.0
2023-09-14 12:00:00+09:00,4200.0,4240.0,4195.0,4230.0,6690,0.0,0.0
2023-09-14 13:00:00+09:00,4230.0,4235.0,4200.0,4235.0,2256,0.0,0.0
2023-09-14 14:00:00+09:00,4235.0,4245.0,4205.0,4230.0,2848,0.0,0.0
2023-09-15 09:00:00+09:00,4240.0,4350.0,4235.0,4290.0,17153,0.0,0.0
2023-09-15 10:00:00+09:00,4295.0,4300.0,4240.0,4270.0,9949,0.0,0.0
2023-09-15 11:00:00+09:00,4275.0,4280.0,4250.0,4275.0,6089,0.0,0.0
2023-09-15 12:00:00+09:00,4265.0,4275.0,4245.0,4245.0,5221,0.0,0.0
2023-09-15 13:00:00+09:00,4250.0,4270.0,4245.0,4255.0,3355,0.0,0.0
2023-09-15 14:00:00+09:00,4270.0,4270.0,4240.0,4250.0,7838,0.0,0.0
2023-09-18 09:00:00+09:00,4245.0,4265.0,4170.0,4230.0,0,0.0,0.0
2023-09-18 10:00:00+09:00,4225.0,4255.0,4195.0,4225.0,7098,0.0,0.0
2023-09-18 11:00:00+09:00,4225.0,4255.0,4215.0,4255.0,2915,0.0,0.0
2023-09-18 12:00:00+09:00,4230.0,4310.0,4225.0,4305.0,11271,0.0,0.0
2023-09-18 13:00:00+09:00,4305.0,4345.0,4235.0,4250.0,19445,0.0,0.0
2023-09-18 14:00:00+09:00,4280.0,4280.0,4250.0,4250.0,2304,0.0,0.0
2023-09-19 09:00:00+09:00,4230.0,4285.0,4205.0,4230.0,0,0.0,0.0
2023-09-19 10:00:00+09:00,4225.0,4235.0,4210.0,4230.0,20648,0.0,0.0
2023-09-19 11:00:00+09:00,4225.0,4225.0,4200.0,4205.0,7948,0.0,0.0
2023-09-19 12:00:00+09:00,4200.0,4230.0,4190.0,4205.0,2819,0.0,0.0
2023-09-19 13:00:00+09:00,4225.0,4225.0,4200.0,4220.0,4020,0.0,0.0
2023-09-19 14:00:00+09:00,4210.0,4220.0,4195.0,4220.0,3096,0.0,0.0
2023-09-20 09:00:00+09:00,4170.0,4230.0,4170.0,4170.0,10680,0.0,0.0
2023-09-20 10:00:00+09:00,4170.0,4185.0,4150.0,4175.0,9961,0.0,0.0
2023-09-20 11:00:00+09:00,4175.0,4180.0,4160.0,4180.0,2721,0.0,0.0
2023-09-20 12:00:00+09:00,4180.0,4185.0,4160.0,4160.0,2694,0.0,0.0
2023-09-20 13:00:00+09:00,4180.0,4185.0,4160.0,4175.0,5661,0.0,0.0
2023-09-20 14:00:00+09:00,4170.0,4180.0,4155.0,4160.0,8604,0.0,0.0
2023-09-21 09:00:00+09:00,4110.0,4165.0,4090.0,4125.0,15707,0.0,0.0
2023-09-21 10:00:00+09:00,4125.0,4125.0,4050.0,4065.0,13131,0.0,0.0
2023-09-21 11:00:00+09:00,4060.0,4075.0,4050.0,4060.0,5833,0.0,0.0
2023-09-21 12:00:00+09:00,4055.0,4065.0,4030.0,4055.0,10155,0.0,0.0
2023-09-21 13:00:00+09:00,4055.0,4065.0,4050.0,4055.0,5208,0.0,0.0
2023-09-21 14:00:00+09:00,4055.0,4065.0,4050.0,4055.0,14158,0.0,0.0
2023-09-22 09:00:00+09:00,4050.0,4075.0,4020.0,4045.0,0,0.0,0.0
2023-09-22 10:00:00+09:00,4030.0,4070.0,4020.0,4045.0,30010,0.0,0.0
2023-09-22 11:00:00+09:00,4050.0,4070.0,4050.0,4070.0,3225,0.0,0.0
2023-09-22 12:00:00+09:00,4055.0,4070.0,4050.0,4050.0,1995,0.0,0.0
2023-09-22 13:00:00+09:00,4050.0,4055.0,4035.0,4035.0,4882,0.0,0.0
2023-09-22 14:00:00+09:00,4035.0,4050.0,4015.0,4045.0,8418,0.0,0.0
2023-09-25 09:00:00+09:00,3990.0,4050.0,3985.0,4005.0,0,0.0,0.0
2023-09-25 10:00:00+09:00,4010.0,4010.0,3990.0,3990.0,5864,0.0,0.0
2023-09-25 11:00:00+09:00,3985.0,3995.0,3985.0,3985.0,7009,0.0,0.0
2023-09-25 12:00:00+09:00,3990.0,4020.0,3985.0,4020.0,7805,0.0,0.0
2023-09-25 13:00:00+09:00,4010.0,4035.0,4000.0,4035.0,1355,0.0,0.0
2023-09-25 14:00:00+09:00,4035.0,4035.0,3990.0,4005.0,5783,0.0,0.0
2023-09-26 09:00:00+09:00,3945.0,4005.0,3945.0,3970.0,22783,0.0,0.0
2023-09-26 10:00:00+09:00,3970.0,3985.0,3955.0,3980.0,6007,0.0,0.0
2023-09-26 11:00:00+09:00,3980.0,3980.0,3945.0,3945.0,2091,0.0,0.0
2023-09-26 12:00:00+09:00,3945.0,3975.0,3945.0,3970.0,9680,0.0,0.0
2023-09-26 13:00:00+09:00,3955.0,3965.0,3935.0,3945.0,5150,0.0,0.0
2023-09-26 14:00:00+09:00,3945.0,3960.0,3935.0,3955.0,6935,0.0,0.0
2023-09-27 09:00:00+09:00,3910.0,3960.0,3870.0,3895.0,36437,0.0,0.0
2023-09-27 10:00:00+09:00,3895.0,3930.0,3870.0,3915.0,18395,0.0,0.0
2023-09-27 11:00:00+09:00,3910.0,3910.0,3885.0,3900.0,3272,0.0,0.0
2023-09-27 12:00:00+09:00,3890.0,3945.0,3890.0,3930.0,7458,0.0,0.0
2023-09-27 13:00:00+09:00,3920.0,3945.0,3895.0,3895.0,5163,0.0,0.0
2023-09-27 14:00:00+09:00,3900.0,3940.0,3895.0,3940.0,3903,0.0,0.0
2023-10-04 09:00:00+09:00,3885.0,3925.0,3740.0,3750.0,0,0.0,0.0
2023-10-04 10:00:00+09:00,3750.0,3760.0,3705.0,3715.0,29647,0.0,0.0
2023-10-04 11:00:00+09:00,3715.0,3735.0,3700.0,3715.0,7936,0.0,0.0
2023-10-04 12:00:00+09:00,3715.0,3720.0,3695.0,3695.0,7143,0.0,0.0
2023-10-04 13:00:00+09:00,3695.0,3705.0,3680.0,3680.0,10171,0.0,0.0
2023-10-04 14:00:00+09:00,3680.0,3705.0,3670.0,3675.0,9276,0.0,0.0
2023-10-05 09:00:00+09:00,3695.0,3760.0,3670.0,3695.0,26024,0.0,0.0
2023-10-05 10:00:00+09:00,3695.0,3725.0,3675.0,3720.0,11460,0.0,0.0
2023-10-05 11:00:00+09:00,3705.0,3720.0,3690.0,3705.0,4640,0.0,0.0
2023-10-05 12:00:00+09:00,3705.0,3720.0,3695.0,3705.0,3607,0.0,0.0
2023-10-05 13:00:00+09:00,3705.0,3720.0,3695.0,3695.0,10922,0.0,0.0
2023-10-05 14:00:00+09:00,3690.0,3700.0,3655.0,3670.0,13774,0.0,0.0
2023-10-06 09:00:00+09:00,3535.0,3725.0,3535.0,3695.0,26643,0.0,0.0
2023-10-06 10:00:00+09:00,3690.0,3740.0,3690.0,3710.0,11510,0.0,0.0
2023-10-06 11:00:00+09:00,3710.0,3740.0,3700.0,3740.0,4031,0.0,0.0
2023-10-06 12:00:00+09:00,3725.0,3740.0,3685.0,3735.0,4049,0.0,0.0
2023-10-06 13:00:00+09:00,3710.0,3735.0,3685.0,3710.0,2038,0.0,0.0
2023-10-06 14:00:00+09:00,3695.0,3720.0,3680.0,3705.0,5159,0.0,0.0
2023-10-10 09:00:00+09:00,3750.0,3770.0,3715.0,3760.0,0,0.0,0.0
2023-10-10 10:00:00+09:00,3755.0,3760.0,3715.0,3735.0,8706,0.0,0.0
2023-10-10 11:00:00+09:00,3735.0,3745.0,3710.0,3720.0,2782,0.0,0.0
2023-10-10 12:00:00+09:00,3710.0,3715.0,3675.0,3675.0,6996,0.0,0.0
2023-10-10 13:00:00+09:00,3675.0,3690.0,3640.0,3645.0,10327,0.0,0.0
2023-10-10 14:00:00+09:00,3645.0,3685.0,3620.0,3650.0,7398,0.0,0.0
2023-10-11 09:00:00+09:00,3605.0,3850.0,3605.0,3745.0,29737,0.0,0.0
2023-10-11 10:00:00+09:00,3745.0,3760.0,3730.0,3740.0,2656,0.0,0.0
2023-10-11 11:00:00+09:00,3745.0,3755.0,3740.0,3755.0,3083,0.0,0.0
2023-10-11 12:00:00+09:00,3755.0,3785.0,3750.0,3785.0,5156,0.0,0.0
2023-10-11 13:00:00+09:00,3780.0,3815.0,3775.0,3815.0,14167,0.0,0.0
2023-10-11 14:00:00+09:00,3820.0,3820.0,3785.0,3800.0,4133,0.0,0.0
2023-10-12 09:00:00+09:00,3745.0,3810.0,3745.0,3780.0,10601,0.0,0.0
2023-10-12 10:00:00+09:00,3780.0,3805.0,3765.0,3800.0,4767,0.0,0.0
2023-10-12 11:00:00+09:00,3805.0,3810.0,3795.0,3795.0,5001,0.0,0.0
2023-10-12 12:00:00+09:00,3810.0,3820.0,3800.0,3810.0,10655,0.0,0.0
2023-10-12 13:00:00+09:00,3810.0,3830.0,3810.0,3825.0,6217,0.0,0.0
2023-10-12 14:00:00+09:00,3820.0,3825.0,3810.0,3810.0,1714,0.0,0.0
2023-10-13 09:00:00+09:00,3795.0,3830.0,3745.0,3770.0,14912,0.0,0.0
2023-10-13 10:00:00+09:00,3770.0,3780.0,3755.0,3775.0,3203,0.0,0.0
2023-10-13 11:00:00+09:00,3775.0,3775.0,3755.0,3765.0,809,0.0,0.0
2023-10-13 12:00:00+09:00,3760.0,3765.0,3735.0,3740.0,6154,0.0,0.0
2023-10-13 13:00:00+09:00,3740.0,3760.0,3740.0,3750.0,1868,0.0,0.0
2023-10-13 14:00:00+09:00,3755.0,3775.0,3730.0,3755.0,10206,0.0,0.0
2023-10-16 09:00:00+09:00,3765.0,3770.0,3680.0,3705.0,0,0.0,0.0
2023-10-16 10:00:00+09:00,3700.0,3710.0,3665.0,3690.0,3525,0.0,0.0
2023-10-16 11:00:00+09:00,3690.0,3690.0,3655.0,3680.0,4127,0.0,0.0
2023-10-16 12:00:00+09:00,3655.0,3675.0,3620.0,3665.0,13450,0.0,0.0
2023-10-16 13:00:00+09:00,3665.0,3690.0,3640.0,3670.0,2606,0.0,0.0
2023-10-16 14:00:00+09:00,3670.0,3690.0,3620.0,3670.0,14462,0.0,0.0
2023-10-17 09:00:00+09:00,3640.0,3725.0,3640.0,3700.0,18737,0.0,0.0
2023-10-17 10:00:00+09:00,3700.0,3710.0,3685.0,3695.0,628,0.0,0.0
2023-10-17 11:00:00+09:00,3695.0,3695.0,3670.0,3690.0,3425,0.0,0.0
2023-10-17 12:00:00+09:00,3695.0,3695.0,3670.0,3690.0,3701,0.0,0.0
2023-10-17 13:00:00+09:00,3690.0,3715.0,3670.0,3715.0,1374,0.0,0.0
2023-10-17 14:00:00+09:00,3715.0,3715.0,3660.0,3680.0,2849,0.0,0.0
2023-10-18 09:00:00+09:00,3670.0,3695.0,3645.0,3660.0,19114,0.0,0.0
2023-10-18 10:00:00+09:00,3645.0,3690.0,3645.0,3665.0,2992,0.0,0.0
2023-10-18 11:00:00+09:00,3665.0,3690.0,3655.0,3680.0,2144,0.0,0.0
2023-10-18 12:00:00+09:00,3680.0,3680.0,3660.0,3675.0,737,0.0,0.0
2023-10-18 13:00:00+09:00,3660.0,3675.0,3660.0,3675.0,1133,0.0,0.0
2023-10-18 14:00:00+09:00,3675.0,3675.0,3650.0,3660.0,10146,0.0,0.0
2023-10-19 09:00:00+09:00,3570.0,3605.0,3495.0,3550.0,21625,0.0,0.0
2023-10-19 10:00:00+09:00,3530.0,3545.0,3520.0,3530.0,7305,0.0,0.0
2023-10-19 11:00:00+09:00,3535.0,3540.0,3520.0,3530.0,3935,0.0,0.0
2023-10-19 12:00:00+09:00,3530.0,3530.0,3505.0,3510.0,5314,0.0,0.0
2023-10-19 13:00:00+09:00,3510.0,3530.0,3490.0,3500.0,12985,0.0,0.0
2023-10-19 14:00:00+09:00,3505.0,3505.0,3490.0,3495.0,2786,0.0,0.0
2023-10-20 09:00:00+09:00,3505.0,3505.0,3395.0,3405.0,37357,0.0,0.0
2023-10-20 10:00:00+09:00,3405.0,3425.0,3350.0,3360.0,10055,0.0,0.0
2023-10-20 11:00:00+09:00,3380.0,3445.0,3345.0,3445.0,9871,0.0,0.0
2023-10-20 12:00:00+09:00,3460.0,3500.0,3380.0,3430.0,7016,0.0,0.0
2023-10-20 13:00:00+09:00,3420.0,3460.0,3370.0,3425.0,15710,0.0,0.0
2023-10-20 14:00:00+09:00,3440.0,3450.0,3410.0,3435.0,5061,0.0,0.0
2023-10-23 09:00:00+09:00,3385.0,3470.0,3385.0,3455.0,0,0.0,0.0
2023-10-23 10:00:00+09:00,3455.0,3460.0,3405.0,3440.0,8564,0.0,0.0
2023-10-23 11:00:00+09:00,3440.0,3440.0,3415.0,3425.0,3148,0.0,0.0
2023-10-23 12:00:00+09:00,3425.0,3425.0,3405.0,3405.0,4829,0.0,0.0
2023-10-23 13:00:00+09:00,3410.0,3420.0,3385.0,3385.0,5500,0.0,0.0
2023-10-23 14:00:00+09:00,3390.0,3390.0,3335.0,3355.0,9253,0.0,0.0
2023-10-24 09:00:00+09:00,3355.0,3425.0,3340.0,3365.0,13856,0.0,0.0
2023-10-24 10:00:00+09:00,3370.0,3370.0,3300.0,3320.0,13515,0.0,0.0
2023-10-24 11:00:00+09:00,3340.0,3365.0,3315.0,3360.0,1494,0.0,0.0
2023-10-24 12:00:00+09:00,3360.0,3430.0,3330.0,3430.0,14748,0.0,0.0
2023-10-24 13:00:00+09:00,3435.0,3510.0,3435.0,3475.0,8679,0.0,0.0
2023-10-24 14:00:00+09:00,3490.0,3520.0,3455.0,3520.0,8749,0.0,0.0
2023-10-25 09:00:00+09:00,3600.0,3600.0,3525.0,3570.0,11557,0.0,0.0
2023-10-25 10:00:00+09:00,3550.0,3575.0,3545.0,3565.0,1791,0.0,0.0
2023-10-25 11:00:00+09:00,3570.0,3570.0,3545.0,3560.0,199,0.0,0.0
2023-10-25 12:00:00+09:00,3560.0,3560.0,3530.0,3540.0,953,0.0,0.0
2023-10-25 13:00:00+09:00,3540.0,3555.0,3505.0,3535.0,3503,0.0,0.0
2023-10-25 14:00:00+09:00,3535.0,3680.0,3515.0,3570.0,9029,0.0,0.0
2023-10-26 09:00:00+09:00,3480.0,3480.0,3390.0,3410.0,0,0.0,0.0
2023-10-26 10:00:00+09:00,3405.0,3430.0,3405.0,3420.0,16843,0.0,0.0
2023-10-26 11:00:00+09:00,3420.0,3420.0,3355.0,3380.0,10129,0.0,0.0
2023-10-26 12:00:00+09:00,3380.0,3385.0,3365.0,3385.0,2704,0.0,0.0
2023-10-26 13:00:00+09:00,3370.0,3385.0,3355.0,3355.0,4486,0.0,0.0
2023-10-26 14:00:00+09:00,3360.0,3360.0,3320.0,3360.0,4350,0.0,0.0
2023-10-27 09:00:00+09:00,3300.0,3360.0,3300.0,3355.0,0,0.0,0.0
2023-10-27 10:00:00+09:00,3350.0,3390.0,3330.0,3380.0,17263,0.0,0.0
2023-10-27 11:00:00+09:00,3375.0,3420.0,3345.0,3420.0,4949,0.0,0.0
2023-10-27 12:00:00+09:00,3405.0,3420.0,3385.0,3390.0,2789,0.0,0.0
2023-10-27 13:00:00+09:00,3390.0,3390.0,3320.0,3370.0,1519,0.0,0.0
2023-10-27 14:00:00+09:00,3370.0,3370.0,3320.0,3355.0,4865,0.0,0.0
2023-10-30 09:00:00+09:00,3360.0,3370.0,3280.0,3340.0,0,0.0,0.0
2023-10-30 10:00:00+09:00,3345.0,3415.0,3305.0,3410.0,6765,0.0,0.0
2023-10-30 11:00:00+09:00,3410.0,3415.0,3365.0,3410.0,1675,0.0,0.0
2023-10-30 12:00:00+09:00,3410.0,3410.0,3385.0,3405.0,344,0.0,0.0
2023-10-30 13:00:00+09:00,3400.0,3405.0,3280.0,3390.0,7700,0.0,0.0
2023-10-30 14:00:00+09:00,3365.0,3400.0,3365.0,3400.0,2166,0.0,0.0
2023-10-31 09:00:00+09:00,3430.0,3455.0,3360.0,3380.0,8297,0.0,0.0
2023-10-31 10:00:00+09:00,3380.0,3385.0,3350.0,3380.0,2399,0.0,0.0
2023-10-31 11:00:00+09:00,3375.0,3400.0,3350.0,3370.0,3252,0.0,0.0
2023-10-31 12:00:00+09:00,3365.0,3365.0,3330.0,3330.0,3123,0.0,0.0
2023-10-31 13:00:00+09:00,3330.0,3375.0,3330.0,3360.0,3235,0.0,0.0
2023-10-31 14:00:00+09:00,3355.0,3360.0,3325.0,3350.0,5103,0.0,0.0
2023-11-01 09:00:00+09:00,3325.0,3390.0,3325.0,3380.0,4175,0.0,0.0
2023-11-01 10:00:00+09:00,3380.0,3395.0,3365.0,3365.0,2523,0.0,0.0
2023-11-01 11:00:00+09:00,3365.0,3375.0,3350.0,3370.0,1433,0.0,0.0
2023-11-01 12:00:00+09:00,3370.0,3375.0,3320.0,3370.0,3401,0.0,0.0
2023-11-01 13:00:00+09:00,3370.0,3370.0,3320.0,3365.0,1638,0.0,0.0
2023-11-01 14:00:00+09:00,3365.0,3365.0,3345.0,3365.0,375,0.0,0.0
2023-11-02 09:00:00+09:00,3380.0,3475.0,3380.0,3455.0,9380,0.0,0.0
2023-11-02 10:00:00+09:00,3470.0,3570.0,3435.0,3495.0,14579,0.0,0.0
2023-11-02 11:00:00+09:00,3495.0,3495.0,3450.0,3490.0,3727,0.0,0.0
2023-11-02 12:00:00+09:00,3490.0,3490.0,3440.0,3480.0,1393,0.0,0.0
2023-11-02 13:00:00+09:00,3480.0,3490.0,3465.0,3475.0,2870,0.0,0.0
2023-11-02 14:00:00+09:00,3475.0,3485.0,3435.0,3450.0,3681,0.0,0.0
2023-11-03 09:00:00+09:00,3505.0,3540.0,3485.0,3500.0,13687,0.0,0.0
2023-11-03 10:00:00+09:00,3500.0,3535.0,3500.0,3530.0,5452,0.0,0.0
2023-11-03 11:00:00+09:00,3530.0,3600.0,3530.0,3575.0,6399,0.0,0.0
2023-11-03 12:00:00+09:00,3595.0,3615.0,3540.0,3550.0,4781,0.0,0.0
2023-11-03 13:00:00+09:00,3560.0,3585.0,3550.0,3575.0,5191,0.0,0.0
2023-11-03 14:00:00+09:00,3570.0,3575.0,3565.0,3570.0,1435,0.0,0.0
2023-11-06 09:00:00+09:00,3610.0,3630.0,3570.0,3585.0,0,0.0,0.0
2023-11-06 10:00:00+09:00,3615.0,3615.0,3585.0,3600.0,1811,0.0,0.0
2023-11-06 11:00:00+09:00,3600.0,3660.0,3600.0,3610.0,11007,0.0,0.0
2023-11-06 12:00:00+09:00,3610.0,3635.0,3605.0,3635.0,885,0.0,0.0
2023-11-06 13:00:00+09:00,3635.0,3635.0,3615.0,3630.0,917,0.0,0.0
2023-11-06 14:00:00+09:00,3625.0,3645.0,3615.0,3645.0,3806,0.0,0.0
2023-11-07 09:00:00+09:00,3660.0,3720.0,3455.0,3650.0,10333,0.0,0.0
2023-11-07 10:00:00+09:00,3650.0,3650.0,3620.0,3620.0,2130,0.0,0.0
2023-11-07 11:00:00+09:00,3630.0,3630.0,3580.0,3580.0,7241,0.0,0.0
2023-11-07 12:00:00+09:00,3580.0,3600.0,3530.0,3560.0,4029,0.0,0.0
2023-11-07 13:00:00+09:00,3570.0,3620.0,3545.0,3595.0,3419,0.0,0.0
2023-11-07 14:00:00+09:00,3595.0,3595.0,3550.0,3575.0,4228,0.0,0.0
2023-11-08 09:00:00+09:00,3550.0,3660.0,3500.0,3545.0,17109,0.0,0.0
2023-11-08 10:00:00+09:00,3520.0,3540.0,3490.0,3510.0,4990,0.0,0.0
2023-11-08 11:00:00+09:00,3510.0,3520.0,3490.0,3500.0,4003,0.0,0.0
2023-11-08 12:00:00+09:00,3510.0,3510.0,3495.0,3510.0,2579,0.0,0.0
2023-11-08 13:00:00+09:00,3510.0,3545.0,3505.0,3505.0,3117,0.0,0.0
2023-11-08 14:00:00+09:00,3525.0,3525.0,3495.0,3495.0,3531,0.0,0.0
2023-11-09 09:00:00+09:00,3450.0,3500.0,3400.0,3435.0,14826,0.0,0.0
2023-11-09 10:00:00+09:00,3435.0,3480.0,3415.0,3480.0,2009,0.0,0.0
2023-11-09 11:00:00+09:00,3480.0,3480.0,3460.0,3470.0,1434,0.0,0.0
2023-11-09 12:00:00+09:00,3460.0,3480.0,3445.0,3480.0,1832,0.0,0.0
2023-11-09 13:00:00+09:00,3480.0,3490.0,3450.0,3465.0,1525,0.0,0.0
2023-11-09 14:00:00+09:00,3465.0,3480.0,3410.0,3440.0,3836,0.0,0.0
2023-11-10 09:00:00+09:00,3320.0,3410.0,3320.0,3375.0,15050,0.0,0.0
2023-11-10 10:00:00+09:00,3375.0,3375.0,3345.0,3350.0,3077,0.0,0.0
2023-11-10 11:00:00+09:00,3370.0,3420.0,3360.0,3395.0,4088,0.0,0.0
2023-11-10 12:00:00+09:00,3390.0,3405.0,3365.0,3405.0,4452,0.0,0.0
2023-11-10 13:00:00+09:00,3395.0,3405.0,3320.0,3400.0,6957,0.0,0.0
2023-11-10 14:00:00+09:00,3380.0,3405.0,3360.0,3375.0,2364,0.0,0.0
2023-11-13 09:00:00+09:00,3370.0,3470.0,3310.0,3335.0,0,0.0,0.0
2023-11-13 10:00:00+09:00,3330.0,3345.0,3300.0,3320.0,5792,0.0,0.0
2023-11-13 11:00:00+09:00,3335.0,3340.0,3305.0,3330.0,3278,0.0,0.0
2023-11-13 12:00:00+09:00,3310.0,3335.0,3300.0,3335.0,3675,0.0,0.0
2023-11-13 13:00:00+09:00,3305.0,3320.0,3295.0,3300.0,2373,0.0,0.0
2023-11-13 14:00:00+09:00,3305.0,3320.0,3300.0,3305.0,2263,0.0,0.0
2023-11-14 09:00:00+09:00,3290.0,3350.0,3290.0,3330.0,4711,0.0,0.0
2023-11-14 10:00:00+09:00,3330.0,3340.0,3305.0,3340.0,2082,0.0,0.0
2023-11-14 11:00:00+09:00,3335.0,3335.0,3325.0,3335.0,1528,0.0,0.0
2023-11-14 12:00:00+09:00,3335.0,3340.0,3330.0,3330.0,2482,0.0,0.0
2023-11-14 13:00:00+09:00,3340.0,3350.0,3335.0,3350.0,1482,0.0,0.0
2023-11-14 14:00:00+09:00,3350.0,3365.0,3325.0,3365.0,5665,0.0,0.0
2023-11-15 09:00:00+09:00,3370.0,3410.0,3360.0,3390.0,11677,0.0,0.0
2023-11-15 10:00:00+09:00,3385.0,3435.0,3385.0,3420.0,7432,0.0,0.0
2023-11-15 11:00:00+09:00,3435.0,3450.0,3420.0,3425.0,2602,0.0,0.0
2023-11-15 12:00:00+09:00,3425.0,3430.0,3415.0,3425.0,985,0.0,0.0
2023-11-15 13:00:00+09:00,3425.0,3430.0,3405.0,3425.0,3096,0.0,0.0
2023-11-15 14:00:00+09:00,3410.0,3420.0,3400.0,3410.0,4225,0.0,0.0
2023-11-16 10:00:00+09:00,3420.0,3425.0,3380.0,3420.0,14500,0.0,0.0
2023-11-16 11:00:00+09:00,3400.0,3440.0,3400.0,3430.0,1229,0.0,0.0
2023-11-16 12:00:00+09:00,3430.0,3440.0,3425.0,3435.0,694,0.0,0.0
2023-11-16 13:00:00+09:00,3435.0,3435.0,3400.0,3410.0,7421,0.0,0.0
2023-11-16 14:00:00+09:00,3400.0,3420.0,3395.0,3420.0,4186,0.0,0.0
2023-11-17 09:00:00+09:00,3385.0,3425.0,3360.0,3400.0,13311,0.0,0.0
2023-11-17 10:00:00+09:00,3385.0,3415.0,3375.0,3405.0,5534,0.0,0.0
2023-11-17 11:00:00+09:00,3405.0,3410.0,3390.0,3390.0,2006,0.0,0.0
2023-11-17 12:00:00+09:00,3385.0,3410.0,3380.0,3390.0,712,0.0,0.0
2023-11-17 13:00:00+09:00,3390.0,3410.0,3385.0,3390.0,2050,0.0,0.0
2023-11-17 14:00:00+09:00,3390.0,3410.0,3385.0,3390.0,3342,0.0,0.0
2023-11-20 09:00:00+09:00,3425.0,3445.0,3390.0,3440.0,0,0.0,0.0
2023-11-20 10:00:00+09:00,3440.0,3440.0,3425.0,3435.0,3198,0.0,0.0
2023-11-20 11:00:00+09:00,3435.0,3455.0,3425.0,3450.0,7057,0.0,0.0
2023-11-20 12:00:00+09:00,3450.0,3475.0,3445.0,3465.0,3410,0.0,0.0
2023-11-20 13:00:00+09:00,3465.0,3475.0,3460.0,3465.0,3201,0.0,0.0
2023-11-20 14:00:00+09:00,3465.0,3520.0,3460.0,3520.0,7176,0.0,0.0
2023-11-21 09:00:00+09:00,3495.0,3540.0,3485.0,3500.0,6953,0.0,0.0
2023-11-21 10:00:00+09:00,3500.0,3530.0,3495.0,3520.0,4349,0.0,0.0
2023-11-21 11:00:00+09:00,3515.0,3525.0,3510.0,3520.0,1889,0.0,0.0
2023-11-21 12:00:00+09:00,3520.0,3525.0,3510.0,3520.0,1768,0.0,0.0
2023-11-21 13:00:00+09:00,3520.0,3535.0,3520.0,3530.0,5700,0.0,0.0
2023-11-21 14:00:00+09:00,3530.0,3530.0,3515.0,3515.0,2117,0.0,0.0
2023-11-22 09:00:00+09:00,3480.0,3510.0,3465.0,3480.0,6994,0.0,0.0
2023-11-22 10:00:00+09:00,3480.0,3485.0,3465.0,3475.0,3117,0.0,0.0
2023-11-22 11:00:00+09:00,3470.0,3480.0,3455.0,3480.0,6046,0.0,0.0
2023-11-22 12:00:00+09:00,3480.0,3480.0,3460.0,3480.0,752,0.0,0.0
2023-11-22 13:00:00+09:00,3480.0,3505.0,3480.0,3495.0,4537,0.0,0.0
2023-11-22 14:00:00+09:00,3495.0,3515.0,3495.0,3500.0,2384,0.0,0.0
2023-11-23 09:00:00+09:00,3535.0,3565.0,3490.0,3540.0,7941,0.0,0.0
2023-11-23 10:00:00+09:00,3540.0,3565.0,3525.0,3545.0,2572,0.0,0.0
2023-11-23 11:00:00+09:00,3545.0,3555.0,3530.0,3535.0,4850,0.0,0.0
2023-11-23 12:00:00+09:00,3535.0,3555.0,3535.0,3540.0,1852,0.0,0.0
2023-11-23 13:00:00+09:00,3540.0,3545.0,3505.0,3540.0,7823,0.0,0.0
2023-11-23 14:00:00+09:00,3510.0,3550.0,3495.0,3510.0,3837,0.0,0.0
2023-11-24 09:00:00+09:00,3540.0,3545.0,3480.0,3505.0,6173,0.0,0.0
2023-11-24 10:00:00+09:00,3505.0,3510.0,3490.0,3490.0,3672,0.0,0.0
2023-11-24 11:00:00+09:00,3490.0,3500.0,3485.0,3500.0,768,0.0,0.0
2023-11-24 12:00:00+09:00,3500.0,3535.0,3495.0,3535.0,3242,0.0,0.0
2023-11-24 13:00:00+09:00,3535.0,3545.0,3520.0,3540.0,2074,0.0,0.0
2023-11-24 14:00:00+09:00,3540.0,3730.0,3505.0,3625.0,56365,0.0,0.0
2023-11-27 09:00:00+09:00,3615.0,3630.0,3510.0,3525.0,0,0.0,0.0
2023-11-27 10:00:00+09:00,3525.0,3585.0,3520.0,3560.0,2706,0.0,0.0
2023-11-27 11:00:00+09:00,3555.0,3555.0,3530.0,3550.0,860,0.0,0.0
2023-11-27 12:00:00+09:00,3540.0,3550.0,3525.0,3540.0,5433,0.0,0.0
2023-11-27 13:00:00+09:00,3540.0,3540.0,3510.0,3530.0,2073,0.0,0.0
2023-11-27 14:00:00+09:00,3520.0,3540.0,3510.0,3540.0,1299,0.0,0.0
2023-11-28 09:00:00+09:00,3535.0,3595.0,3460.0,3505.0,0,0.0,0.0
2023-11-28 10:00:00+09:00,3500.0,3520.0,3460.0,3495.0,20128,0.0,0.0
2023-11-28 11:00:00+09:00,3495.0,3510.0,3480.0,3500.0,4007,0.0,0.0
2023-11-28 12:00:00+09:00,3490.0,3500.0,3470.0,3495.0,2843,0.0,0.0
2023-11-28 13:00:00+09:00,3485.0,3515.0,3485.0,3510.0,8104,0.0,0.0
2023-11-28 14:00:00+09:00,3510.0,3515.0,3500.0,3515.0,2247,0.0,0.0
2023-11-29 09:00:00+09:00,3915.0,3990.0,3560.0,3660.0,691228,0.0,0.0
2023-11-29 10:00:00+09:00,3665.0,3840.0,3625.0,3775.0,113069,0.0,0.0
2023-11-29 11:00:00+09:00,3755.0,4140.0,3720.0,3890.0,935347,0.0,0.0
2023-11-29 12:00:00+09:00,3890.0,3940.0,3755.0,3770.0,181010,0.0,0.0
2023-11-29 13:00:00+09:00,3765.0,3790.0,3670.0,3695.0,81316,0.0,0.0
2023-11-29 14:00:00+09:00,3695.0,3780.0,3595.0,3610.0,80012,0.0,0.0
2023-11-30 09:00:00+09:00,3700.0,3715.0,3550.0,3640.0,84012,0.0,0.0
2023-11-30 10:00:00+09:00,3640.0,3695.0,3615.0,3670.0,37983,0.0,0.0
2023-11-30 11:00:00+09:00,3670.0,3930.0,3660.0,3930.0,155927,0.0,0.0
2023-11-30 12:00:00+09:00,3930.0,4245.0,3815.0,3950.0,897817,0.0,0.0
2023-11-30 13:00:00+09:00,3950.0,4120.0,3915.0,3950.0,287863,0.0,0.0
2023-11-30 14:00:00+09:00,3950.0,4005.0,3885.0,3980.0,91263,0.0,0.0
2023-12-01 09:00:00+09:00,3980.0,4000.0,3855.0,3900.0,93938,0.0,0.0
2023-12-01 10:00:00+09:00,3900.0,3920.0,3855.0,3880.0,44605,0.0,0.0
2023-12-01 11:00:00+09:00,3875.0,3915.0,3875.0,3880.0,23049,0.0,0.0
2023-12-01 12:00:00+09:00,3880.0,3980.0,3875.0,3915.0,11905,0.0,0.0
2023-12-01 13:00:00+09:00,3915.0,3955.0,3885.0,3915.0,24172,0.0,0.0
2023-12-01 14:00:00+09:00,3920.0,3950.0,3885.0,3930.0,11388,0.0,0.0
2023-12-04 09:00:00+09:00,3830.0,3960.0,3780.0,3900.0,0,0.0,0.0
2023-12-04 10:00:00+09:00,3895.0,3935.0,3860.0,3900.0,14630,0.0,0.0
2023-12-04 11:00:00+09:00,3900.0,3925.0,3865.0,3880.0,5778,0.0,0.0
2023-12-04 12:00:00+09:00,3880.0,3910.0,3870.0,3885.0,6666,0.0,0.0
2023-12-04 13:00:00+09:00,3885.0,3890.0,3840.0,3885.0,24499,0.0,0.0
2023-12-04 14:00:00+09:00,3900.0,3900.0,3840.0,3860.0,16452,0.0,0.0
2023-12-05 09:00:00+09:00,3860.0,3895.0,3780.0,3805.0,40647,0.0,0.0
2023-12-05 10:00:00+09:00,3795.0,3805.0,3750.0,3785.0,32384,0.0,0.0
2023-12-05 11:00:00+09:00,3770.0,3785.0,3765.0,3770.0,6730,0.0,0.0
2023-12-05 12:00:00+09:00,3775.0,3800.0,3765.0,3785.0,7409,0.0,0.0
2023-12-05 13:00:00+09:00,3765.0,3785.0,3740.0,3750.0,18810,0.0,0.0
2023-12-05 14:00:00+09:00,3760.0,3770.0,3740.0,3750.0,12772,0.0,0.0
2023-12-06 09:00:00+09:00,3760.0,3825.0,3700.0,3735.0,22382,0.0,0.0
2023-12-06 10:00:00+09:00,3735.0,3795.0,3715.0,3770.0,19911,0.0,0.0
2023-12-06 11:00:00+09:00,3770.0,3770.0,3670.0,3710.0,31986,0.0,0.0
2023-12-06 12:00:00+09:00,3710.0,3740.0,3705.0,3740.0,13116,0.0,0.0
2023-12-06 13:00:00+09:00,3735.0,3740.0,3710.0,3725.0,7826,0.0,0.0
2023-12-06 14:00:00+09:00,3730.0,3745.0,3720.0,3735.0,6709,0.0,0.0
2023-12-07 09:00:00+09:00,3730.0,3790.0,3650.0,3680.0,25790,0.0,0.0
2023-12-07 10:00:00+09:00,3680.0,3690.0,3625.0,3640.0,14308,0.0,0.0
2023-12-07 11:00:00+09:00,3640.0,3660.0,3610.0,3660.0,17287,0.0,0.0
2023-12-07 12:00:00+09:00,3655.0,3675.0,3645.0,3675.0,3569,0.0,0.0
2023-12-07 13:00:00+09:00,3675.0,3690.0,3620.0,3655.0,10795,0.0,0.0
2023-12-07 14:00:00+09:00,3630.0,3655.0,3630.0,3640.0,7408,0.0,0.0
2023-12-08 09:00:00+09:00,3645.0,3650.0,3565.0,3570.0,30279,0.0,0.0
2023-12-08 10:00:00+09:00,3570.0,3605.0,3560.0,3600.0,7518,0.0,0.0
2023-12-08 11:00:00+09:00,3600.0,3625.0,3570.0,3615.0,16500,0.0,0.0
2023-12-08 12:00:00+09:00,3600.0,3625.0,3570.0,3600.0,8081,0.0,0.0
2023-12-08 13:00:00+09:00,3595.0,3625.0,3575.0,3600.0,2834,0.0,0.0
2023-12-08 14:00:00+09:00,3600.0,3640.0,3600.0,3640.0,3848,0.0,0.0
2023-12-11 09:00:00+09:00,3680.0,3740.0,3665.0,3725.0,0,0.0,0.0
2023-12-11 10:00:00+09:00,3715.0,3720.0,3670.0,3705.0,7346,0.0,0.0
2023-12-11 11:00:00+09:00,3705.0,3705.0,3645.0,3650.0,11342,0.0,0.0
2023-12-11 12:00:00+09:00,3655.0,3665.0,3645.0,3650.0,2249,0.0,0.0
2023-12-11 13:00:00+09:00,3655.0,3670.0,3650.0,3650.0,2759,0.0,0.0
2023-12-11 14:00:00+09:00,3660.0,3665.0,3635.0,3650.0,10374,0.0,0.0
2023-12-12 09:00:00+09:00,3680.0,3710.0,3630.0,3680.0,10831,0.0,0.0
2023-12-12 10:00:00+09:00,3680.0,3685.0,3610.0,3650.0,9887,0.0,0.0
2023-12-12 11:00:00+09:00,3655.0,3655.0,3625.0,3635.0,1914,0.0,0.0
2023-12-12 12:00:00+09:00,3635.0,3655.0,3625.0,3655.0,1242,0.0,0.0
2023-12-12 13:00:00+09:00,3655.0,3700.0,3655.0,3675.0,2876,0.0,0.0
2023-12-12 14:00:00+09:00,3675.0,3675.0,3625.0,3650.0,6155,0.0,0.0
2023-12-13 09:00:00+09:00,3690.0,3690.0,3605.0,3640.0,14233,0.0,0.0
2023-12-13 10:00:00+09:00,3635.0,3645.0,3605.0,3615.0,6913,0.0,0.0
2023-12-13 11:00:00+09:00,3620.0,3650.0,3615.0,3615.0,5455,0.0,0.0
2023-12-13 12:00:00+09:00,3615.0,3640.0,3590.0,3620.0,11723,0.0,0.0
2023-12-13 13:00:00+09:00,3600.0,3620.0,3580.0,3595.0,9191,0.0,0.0
2023-12-13 14:00:00+09:00,3590.0,3595.0,3565.0,3580.0,5471,0.0,0.0
2023-12-14 09:00:00+09:00,3620.0,3630.0,3560.0,3580.0,21232,0.0,0.0
2023-12-14 10:00:00+09:00,3580.0,3580.0,3515.0,3540.0,17357,0.0,0.0
2023-12-14 11:00:00+09:00,3540.0,3555.0,3530.0,3545.0,5481,0.0,0.0
2023-12-14 12:00:00+09:00,3545.0,3555.0,3525.0,3550.0,4294,0.0,0.0
2023-12-14 13:00:00+09:00,3555.0,3565.0,3545.0,3550.0,2742,0.0,0.0
2023-12-14 14:00:00+09:00,3550.0,3550.0,3505.0,3535.0,24823,0.0,0.0
2023-12-15 09:00:00+09:00,3530.0,3560.0,3510.0,3550.0,9616,0.0,0.0
2023-12-15 10:00:00+09:00,3555.0,3845.0,3550.0,3665.0,146556,0.0,0.0
2023-12-15 11:00:00+09:00,3655.0,3660.0,3600.0,3640.0,15554,0.0,0.0
2023-12-15 12:00:00+09:00,3630.0,3680.0,3615.0,3670.0,7463,0.0,0.0
2023-12-15 13:00:00+09:00,3680.0,3680.0,3640.0,3650.0,10111,0.0,0.0
2023-12-15 14:00:00+09:00,3645.0,3645.0,3625.0,3625.0,15879,0.0,0.0
2023-12-18 09:00:00+09:00,3685.0,3730.0,3625.0,3630.0,0,0.0,0.0
2023-12-18 10:00:00+09:00,3625.0,3660.0,3625.0,3660.0,5077,0.0,0.0
2023-12-18 11:00:00+09:00,3660.0,3660.0,3615.0,3615.0,13570,0.0,0.0
2023-12-18 12:00:00+09:00,3620.0,3635.0,3595.0,3610.0,7582,0.0,0.0
2023-12-18 13:00:00+09:00,3600.0,3675.0,3600.0,3665.0,14105,0.0,0.0
2023-12-18 14:00:00+09:00,3655.0,3660.0,3625.0,3640.0,2804,0.0,0.0
2023-12-19 09:00:00+09:00,3650.0,3665.0,3590.0,3605.0,21751,0.0,0.0
2023-12-19 10:00:00+09:00,3605.0,3620.0,3600.0,3620.0,7272,0.0,0.0
2023-12-19 11:00:00+09:00,3610.0,3645.0,3610.0,3620.0,2256,0.0,0.0
2023-12-19 12:00:00+09:00,3630.0,3630.0,3610.0,3620.0,760,0.0,0.0
2023-12-19 13:00:00+09:00,3620.0,3625.0,3600.0,3620.0,4201,0.0,0.0
2023-12-19 14:00:00+09:00,3615.0,3675.0,3570.0,3640.0,30784,0.0,0.0
2023-12-20 09:00:00+09:00,3725.0,3760.0,3660.0,3680.0,14194,0.0,0.0
2023-12-20 10:00:00+09:00,3680.0,3700.0,3665.0,3675.0,5633,0.0,0.0
2023-12-20 11:00:00+09:00,3680.0,3690.0,3665.0,3675.0,3639,0.0,0.0
2023-12-20 12:00:00+09:00,3675.0,3690.0,3640.0,3660.0,17930,0.0,0.0
2023-12-20 13:00:00+09:00,3675.0,3695.0,3650.0,3665.0,8583,0.0,0.0
2023-12-20 14:00:00+09:00,3665.0,3665.0,3635.0,3660.0,10115,0.0,0.0
2023-12-21 09:00:00+09:00,3655.0,3655.0,3600.0,3615.0,17765,0.0,0.0
2023-12-21 10:00:00+09:00,3615.0,3645.0,3610.0,3615.0,2943,0.0,0.0
2023-12-21 11:00:00+09:00,3620.0,3990.0,3610.0,3730.0,375200,0.0,0.0
2023-12-21 12:00:00+09:00,3725.0,3735.0,3620.0,3650.0,84145,0.0,0.0
2023-12-21 13:00:00+09:00,3650.0,3665.0,3625.0,3645.0,17181,0.0,0.0
2023-12-21 14:00:00+09:00,3645.0,3655.0,3625.0,3630.0,20442,0.0,0.0
2023-12-22 09:00:00+09:00,3705.0,3765.0,3660.0,3665.0,35644,0.0,0.0
2023-12-22 10:00:00+09:00,3665.0,3685.0,3665.0,3680.0,3457,0.0,0.0
2023-12-22 11:00:00+09:00,3685.0,3685.0,3675.0,3680.0,6030,0.0,0.0
2023-12-22 12:00:00+09:00,3685.0,3685.0,3670.0,3675.0,2736,0.0,0.0
2023-12-22 13:00:00+09:00,3670.0,3680.0,3650.0,3670.0,5642,0.0,0.0
2023-12-22 14:00:00+09:00,3655.0,3665.0,3625.0,3635.0,11113,0.0,0.0
2023-12-26 09:00:00+09:00,3650.0,3650.0,3600.0,3630.0,0,0.0,0.0
2023-12-26 10:00:00+09:00,3630.0,3660.0,3615.0,3625.0,7670,0.0,0.0
2023-12-26 11:00:00+09:00,3625.0,3630.0,3600.0,3605.0,10161,0.0,0.0
2023-12-26 12:00:00+09:00,3605.0,3630.0,3605.0,3620.0,1455,0.0,0.0
2023-12-26 13:00:00+09:00,3630.0,3650.0,3620.0,3625.0,5789,0.0,0.0
2023-12-26 14:00:00+09:00,3625.0,3625.0,3605.0,3615.0,4593,0.0,0.0
2023-12-27 09:00:00+09:00,3600.0,3640.0,3550.0,3560.0,9207,0.0,0.0
2023-12-27 10:00:00+09:00,3565.0,3570.0,3550.0,3560.0,4230,0.0,0.0
2023-12-27 11:00:00+09:00,3565.0,3590.0,3535.0,3575.0,7025,0.0,0.0
2023-12-27 12:00:00+09:00,3565.0,3580.0,3565.0,3565.0,3090,0.0,0.0
2023-12-27 13:00:00+09:00,3570.0,3575.0,3555.0,3555.0,3837,0.0,0.0
2023-12-27 14:00:00+09:00,3570.0,3570.0,3555.0,3560.0,4409,0.0,0.0
2023-12-28 09:00:00+09:00,3550.0,3570.0,3470.0,3510.0,23972,0.0,0.0
2023-12-28 10:00:00+09:00,3510.0,3550.0,3510.0,3525.0,9434,0.0,0.0
2023-12-28 11:00:00+09:00,3535.0,3590.0,3515.0,3550.0,7924,0.0,0.0
2023-12-28 12:00:00+09:00,3550.0,3585.0,3545.0,3570.0,2916,0.0,0.0
2023-12-28 13:00:00+09:00,3560.0,3575.0,3550.0,3565.0,3783,0.0,0.0
2023-12-28 14:00:00+09:00,3555.0,3565.0,3545.0,3545.0,8474,0.0,0.0
2024-01-02 10:00:00+09:00,3545.0,3605.0,3490.0,3600.0,14405,0.0,0.0
2024-01-02 11:00:00+09:00,3600.0,3605.0,3545.0,3545.0,2875,0.0,0.0
2024-01-02 12:00:00+09:00,3550.0,3565.0,3545.0,3550.0,3918,0.0,0.0
2024-01-02 13:00:00+09:00,3550.0,3575.0,3545.0,3555.0,5554,0.0,0.0
2024-01-02 14:00:00+09:00,3555.0,3580.0,3540.0,3575.0,9311,0.0,0.0
2024-01-03 09:00:00+09:00,3595.0,3630.0,3550.0,3605.0,15385,0.0,0.0
2024-01-03 10:00:00+09:00,3600.0,3600.0,3580.0,3590.0,4550,0.0,0.0
2024-01-03 11:00:00+09:00,3590.0,3625.0,3590.0,3615.0,9867,0.0,0.0
2024-01-03 12:00:00+09:00,3615.0,3620.0,3605.0,3615.0,2798,0.0,0.0
2024-01-03 13:00:00+09:00,3610.0,3625.0,3590.0,3620.0,8349,0.0,0.0
2024-01-03 14:00:00+09:00,3615.0,3650.0,3610.0,3650.0,4137,0.0,0.0
2024-01-04 09:00:00+09:00,3605.0,3640.0,3550.0,3595.0,12501,0.0,0.0
2024-01-04 10:00:00+09:00,3620.0,3620.0,3560.0,3585.0,5315,0.0,0.0
2024-01-04 11:00:00+09:00,3570.0,3595.0,3565.0,3565.0,1208,0.0,0.0
2024-01-04 12:00:00+09:00,3570.0,3660.0,3565.0,3600.0,8099,0.0,0.0
2024-01-04 13:00:00+09:00,3600.0,3610.0,3585.0,3585.0,10144,0.0,0.0
2024-01-04 14:00:00+09:00,3585.0,3595.0,3565.0,3575.0,5888,0.0,0.0
2024-01-08 09:00:00+09:00,3295.0,3390.0,2860.0,3055.0,582947,0.0,0.0
2024-01-08 10:00:00+09:00,3060.0,3110.0,3045.0,3080.0,68050,0.0,0.0
2024-01-08 11:00:00+09:00,3080.0,3130.0,3055.0,3125.0,56853,0.0,0.0
2024-01-08 12:00:00+09:00,3125.0,3250.0,3090.0,3165.0,96663,0.0,0.0
2024-01-08 13:00:00+09:00,3160.0,3225.0,3150.0,3215.0,50903,0.0,0.0
2024-01-08 14:00:00+09:00,3210.0,3235.0,3165.0,3175.0,37507,0.0,0.0
2024-01-09 09:00:00+09:00,3165.0,3300.0,3140.0,3255.0,79637,0.0,0.0
2024-01-09 10:00:00+09:00,3255.0,3285.0,3220.0,3240.0,40889,0.0,0.0
2024-01-09 11:00:00+09:00,3230.0,3300.0,3230.0,3260.0,23902,0.0,0.0
2024-01-09 12:00:00+09:00,3260.0,3285.0,3225.0,3225.0,10312,0.0,0.0
2024-01-09 13:00:00+09:00,3230.0,3285.0,3225.0,3265.0,18794,0.0,0.0
2024-01-09 14:00:00+09:00,3285.0,3305.0,3250.0,3305.0,19863,0.0,0.0
2024-01-10 09:00:00+09:00,3355.0,3390.0,3270.0,3290.0,33448,0.0,0.0
2024-01-10 10:00:00+09:00,3300.0,3420.0,3275.0,3350.0,51344,0.0,0.0
2024-01-10 11:00:00+09:00,3355.0,3410.0,3335.0,3375.0,11306,0.0,0.0
2024-01-10 12:00:00+09:00,3380.0,3395.0,3350.0,3385.0,5978,0.0,0.0
2024-01-10 13:00:00+09:00,3385.0,3385.0,3360.0,3360.0,7503,0.0,0.0
2024-01-10 14:00:00+09:00,3360.0,3370.0,3300.0,3320.0,21480,0.0,0.0
2024-01-11 09:00:00+09:00,3350.0,3365.0,3315.0,3340.0,11463,0.0,0.0
2024-01-11 10:00:00+09:00,3335.0,3360.0,3335.0,3360.0,1827,0.0,0.0
2024-01-11 11:00:00+09:00,3355.0,3385.0,3355.0,3365.0,3667,0.0,0.0
2024-01-11 12:00:00+09:00,3365.0,3370.0,3340.0,3370.0,2986,0.0,0.0
2024-01-11 13:00:00+09:00,3355.0,3410.0,3330.0,3400.0,15735,0.0,0.0
2024-01-11 14:00:00+09:00,3400.0,3445.0,3385.0,3390.0,17457,0.0,0.0
2024-01-12 09:00:00+09:00,3410.0,3430.0,3295.0,3295.0,20328,0.0,0.0
2024-01-12 10:00:00+09:00,3295.0,3340.0,3295.0,3340.0,2933,0.0,0.0
2024-01-12 11:00:00+09:00,3340.0,3365.0,3325.0,3365.0,2123,0.0,0.0
2024-01-12 12:00:00+09:00,3335.0,3365.0,3335.0,3360.0,5511,0.0,0.0
2024-01-12 13:00:00+09:00,3355.0,3360.0,3335.0,3350.0,6076,0.0,0.0
2024-01-12 14:00:00+09:00,3340.0,3360.0,3335.0,3350.0,3724,0.0,0.0
2024-01-15 09:00:00+09:00,3320.0,3420.0,3210.0,3250.0,0,0.0,0.0
2024-01-15 10:00:00+09:00,3250.0,3290.0,3215.0,3235.0,11346,0.0,0.0
2024-01-15 11:00:00+09:00,3235.0,3255.0,3230.0,3230.0,2403,0.0,0.0
2024-01-15 12:00:00+09:00,3250.0,3250.0,3220.0,3220.0,5652,0.0,0.0
2024-01-15 13:00:00+09:00,3225.0,3245.0,3220.0,3245.0,10488,0.0,0.0
2024-01-15 14:00:00+09:00,3245.0,3245.0,3205.0,3210.0,14502,0.0,0.0
2024-01-16 09:00:00+09:00,3145.0,3210.0,3125.0,3125.0,23315,0.0,0.0
2024-01-16 10:00:00+09:00,3125.0,3190.0,3120.0,3175.0,8051,0.0,0.0
2024-01-16 11:00:00+09:00,3170.0,3180.0,3155.0,3155.0,2028,0.0,0.0
2024-01-16 12:00:00+09:00,3155.0,3165.0,3155.0,3165.0,471,0.0,0.0
2024-01-16 13:00:00+09:00,3165.0,3170.0,3155.0,3155.0,1818,0.0,0.0
2024-01-16 14:00:00+09:00,3160.0,3160.0,3135.0,3135.0,12683,0.0,0.0
2024-01-17 09:00:00+09:00,3110.0,3145.0,3005.0,3040.0,45881,0.0,0.0
2024-01-17 10:00:00+09:00,3015.0,3050.0,3000.0,3050.0,7889,0.0,0.0
2024-01-17 11:00:00+09:00,3050.0,3050.0,3010.0,3025.0,14539,0.0,0.0
2024-01-17 12:00:00+09:00,3035.0,3080.0,3010.0,3025.0,15044,0.0,0.0
2024-01-17 13:00:00+09:00,3015.0,3030.0,2995.0,3005.0,23462,0.0,0.0
2024-01-17 14:00:00+09:00,3020.0,3020.0,3000.0,3005.0,5237,0.0,0.0
2024-01-18 09:00:00+09:00,3090.0,3090.0,2995.0,3090.0,6063,0.0,0.0
2024-01-18 10:00:00+09:00,3090.0,3110.0,3085.0,3090.0,4590,0.0,0.0
2024-01-18 11:00:00+09:00,3095.0,3110.0,3080.0,3080.0,2794,0.0,0.0
2024-01-18 12:00:00+09:00,3080.0,3100.0,3070.0,3080.0,3612,0.0,0.0
2024-01-18 13:00:00+09:00,3085.0,3110.0,3070.0,3080.0,8653,0.0,0.0
2024-01-18 14:00:00+09:00,3080.0,3105.0,3075.0,3090.0,3506,0.0,0.0
2024-01-19 09:00:00+09:00,3155.0,3285.0,3150.0,3270.0,23544,0.0,0.0
2024-01-19 10:00:00+09:00,3260.0,3260.0,3225.0,3240.0,3612,0.0,0.0
2024-01-19 11:00:00+09:00,3245.0,3260.0,3230.0,3235.0,3234,0.0,0.0
2024-01-19 12:00:00+09:00,3235.0,3260.0,3215.0,3215.0,6401,0.0,0.0
2024-01-19 13:00:00+09:00,3225.0,3245.0,3215.0,3230.0,1717,0.0,0.0
2024-01-19 14:00:00+09:00,3240.0,3240.0,3215.0,3230.0,4765,0.0,0.0
2024-01-22 09:00:00+09:00,3240.0,3290.0,3190.0,3215.0,0,0.0,0.0
2024-01-22 10:00:00+09:00,3215.0,3215.0,2995.0,3160.0,42509,0.0,0.0
2024-01-22 11:00:00+09:00,3155.0,3195.0,3155.0,3175.0,2562,0.0,0.0
2024-01-22 12:00:00+09:00,3165.0,3195.0,3160.0,3170.0,8109,0.0,0.0
2024-01-22 13:00:00+09:00,3170.0,3185.0,3160.0,3160.0,4561,0.0,0.0
2024-01-22 14:00:00+09:00,3155.0,3205.0,3155.0,3165.0,8914,0.0,0.0
2024-01-23 09:00:00+09:00,3125.0,3145.0,3065.0,3135.0,20147,0.0,0.0
2024-01-23 10:00:00+09:00,3130.0,3140.0,3110.0,3135.0,3063,0.0,0.0
2024-01-23 11:00:00+09:00,3115.0,3175.0,3100.0,3145.0,6250,0.0,0.0
2024-01-23 12:00:00+09:00,3140.0,3170.0,3140.0,3150.0,1677,0.0,0.0
2024-01-23 13:00:00+09:00,3125.0,3145.0,3115.0,3125.0,7400,0.0,0.0
2024-01-23 14:00:00+09:00,3125.0,3160.0,3115.0,3120.0,10693,0.0,0.0
2024-01-24 09:00:00+09:00,3185.0,3185.0,3090.0,3090.0,11227,0.0,0.0
2024-01-24 10:00:00+09:00,3110.0,3125.0,3075.0,3120.0,3504,0.0,0.0
2024-01-24 11:00:00+09:00,3090.0,3100.0,3080.0,3090.0,3509,0.0,0.0
2024-01-24 12:00:00+09:00,3090.0,3090.0,3065.0,3070.0,3694,0.0,0.0
2024-01-24 13:00:00+09:00,3075.0,3080.0,3070.0,3075.0,571,0.0,0.0
2024-01-24 14:00:00+09:00,3075.0,3085.0,3055.0,3060.0,3438,0.0,0.0
2024-01-25 09:00:00+09:00,3050.0,3055.0,2985.0,3000.0,22098,0.0,0.0
2024-01-25 10:00:00+09:00,2990.0,3025.0,2965.0,2975.0,18376,0.0,0.0
2024-01-25 11:00:00+09:00,2975.0,3010.0,2975.0,3000.0,4051,0.0,0.0
2024-01-25 12:00:00+09:00,2985.0,3000.0,2980.0,2990.0,3118,0.0,0.0
2024-01-25 13:00:00+09:00,2980.0,3000.0,2980.0,2995.0,4050,0.0,0.0
2024-01-25 14:00:00+09:00,2995.0,3005.0,2940.0,2970.0,44070,0.0,0.0
2024-01-26 09:00:00+09:00,2940.0,3000.0,2900.0,2995.0,12741,0.0,0.0
2024-01-26 10:00:00+09:00,2995.0,3015.0,2960.0,2990.0,6310,0.0,0.0
2024-01-26 11:00:00+09:00,2990.0,3065.0,2985.0,3035.0,6918,0.0,0.0
2024-01-26 12:00:00+09:00,3030.0,3055.0,3030.0,3035.0,1271,0.0,0.0
2024-01-26 13:00:00+09:00,3035.0,3055.0,3025.0,3025.0,1684,0.0,0.0
2024-01-26 14:00:00+09:00,3025.0,3025.0,2995.0,2995.0,2411,0.0,0.0
2024-01-29 09:00:00+09:00,3075.0,3095.0,3040.0,3075.0,0,0.0,0.0
2024-01-29 10:00:00+09:00,3075.0,3095.0,3055.0,3055.0,5027,0.0,0.0
2024-01-29 11:00:00+09:00,3060.0,3060.0,3045.0,3045.0,5706,0.0,0.0
2024-01-29 12:00:00+09:00,3045.0,3075.0,3040.0,3065.0,4196,0.0,0.0
2024-01-29 13:00:00+09:00,3065.0,3065.0,2985.0,3005.0,16086,0.0,0.0
2024-01-29 14:00:00+09:00,2985.0,3010.0,2965.0,3000.0,6689,0.0,0.0
2024-01-30 09:00:00+09:00,2950.0,3020.0,2950.0,3005.0,0,0.0,0.0
2024-01-30 10:00:00+09:00,3005.0,3005.0,2975.0,2990.0,10069,0.0,0.0
2024-01-30 11:00:00+09:00,2990.0,3015.0,2960.0,2960.0,5059,0.0,0.0
2024-01-30 12:00:00+09:00,2960.0,2985.0,2960.0,2970.0,3678,0.0,0.0
2024-01-30 13:00:00+09:00,2970.0,2980.0,2960.0,2975.0,2117,0.0,0.0
2024-01-30 14:00:00+09:00,2980.0,2985.0,2975.0,2980.0,1016,0.0,0.0
2024-01-31 09:00:00+09:00,2985.0,3010.0,2955.0,2990.0,6116,0.0,0.0
2024-01-31 10:00:00+09:00,2990.0,2990.0,2970.0,2970.0,4470,0.0,0.0
2024-01-31 11:00:00+09:00,2970.0,2975.0,2945.0,2945.0,7895,0.0,0.0
2024-01-31 12:00:00+09:00,2945.0,2960.0,2940.0,2950.0,1125,0.0,0.0
2024-01-31 13:00:00+09:00,2945.0,2955.0,2905.0,2915.0,15202,0.0,0.0
2024-01-31 14:00:00+09:00,2920.0,2945.0,2915.0,2945.0,1212,0.0,0.0
2024-02-01 09:00:00+09:00,2895.0,2935.0,2890.0,2930.0,2966,0.0,0.0
2024-02-01 10:00:00+09:00,2920.0,2925.0,2880.0,2905.0,26646,0.0,0.0
2024-02-01 11:00:00+09:00,2905.0,2960.0,2900.0,2955.0,4566,0.0,0.0
2024-02-01 12:00:00+09:00,2955.0,2970.0,2945.0,2960.0,1180,0.0,0.0
2024-02-01 13:00:00+09:00,2955.0,2970.0,2930.0,2940.0,2760,0.0,0.0
2024-02-01 14:00:00+09:00,2940.0,2940.0,2915.0,2940.0,3042,0.0,0.0
2024-02-02 09:00:00+09:00,2940.0,3015.0,2940.0,2990.0,5793,0.0,0.0
2024-02-02 10:00:00+09:00,2985.0,3010.0,2950.0,2980.0,7671,0.0,0.0
2024-02-02 11:00:00+09:00,2995.0,2995.0,2870.0,2925.0,20676,0.0,0.0
2024-02-02 12:00:00+09:00,2930.0,3000.0,2925.0,2965.0,8895,0.0,0.0
2024-02-02 13:00:00+09:00,2960.0,2965.0,2945.0,2965.0,375,0.0,0.0
2024-02-02 14:00:00+09:00,2965.0,2965.0,2945.0,2950.0,1845,0.0,0.0
2024-02-05 09:00:00+09:00,3050.0,3085.0,2970.0,3025.0,0,0.0,0.0
2024-02-05 10:00:00+09:00,3035.0,3045.0,2960.0,3000.0,6184,0.0,0.0
2024-02-05 11:00:00+09:00,3000.0,3015.0,2985.0,3010.0,1766,0.0,0.0
2024-02-05 12:00:00+09:00,3005.0,3015.0,2985.0,3000.0,1526,0.0,0.0
2024-02-05 13:00:00+09:00,3000.0,3000.0,2985.0,3000.0,1959,0.0,0.0
2024-02-05 14:00:00+09:00,3000.0,3000.0,2985.0,2990.0,2771,0.0,0.0
2024-02-06 09:00:00+09:00,2995.0,3035.0,2955.0,2995.0,17746,0.0,0.0
2024-02-06 10:00:00+09:00,2990.0,2990.0,2850.0,2895.0,52257,0.0,0.0
2024-02-06 11:00:00+09:00,2910.0,2920.0,2905.0,2910.0,3974,0.0,0.0
2024-02-06 12:00:00+09:00,2910.0,2940.0,2910.0,2940.0,3123,0.0,0.0
2024-02-06 13:00:00+09:00,2935.0,3000.0,2935.0,2985.0,6413,0.0,0.0
2024-02-06 14:00:00+09:00,2985.0,3000.0,2975.0,2990.0,6077,0.0,0.0
2024-02-07 09:00:00+09:00,2990.0,3020.0,2960.0,2975.0,4110,0.0,0.0
2024-02-07 10:00:00+09:00,2975.0,2995.0,2975.0,2980.0,2838,0.0,0.0
2024-02-07 11:00:00+09:00,2975.0,2990.0,2970.0,2970.0,1791,0.0,0.0
2024-02-07 12:00:00+09:00,2970.0,2985.0,2970.0,2975.0,1673,0.0,0.0
2024-02-07 13:00:00+09:00,2980.0,2990.0,2970.0,2975.0,5315,0.0,0.0
2024-02-07 14:00:00+09:00,2975.0,2990.0,2970.0,2970.0,2355,0.0,0.0
2024-02-08 09:00:00+09:00,2980.0,3040.0,2960.0,2990.0,4586,0.0,0.0
2024-02-08 10:00:00+09:00,3000.0,3000.0,2975.0,2995.0,1561,0.0,0.0
2024-02-08 11:00:00+09:00,2995.0,2995.0,2965.0,2980.0,8121,0.0,0.0
2024-02-08 12:00:00+09:00,2990.0,2990.0,2975.0,2980.0,2355,0.0,0.0
2024-02-08 13:00:00+09:00,2985.0,2990.0,2975.0,2980.0,1744,0.0,0.0
2024-02-08 14:00:00+09:00,2980.0,2990.0,2965.0,2970.0,4943,0.0,0.0
2024-02-13 09:00:00+09:00,2950.0,3030.0,2950.0,3015.0,0,0.0,0.0
2024-02-13 10:00:00+09:00,3010.0,3020.0,3000.0,3000.0,3137,0.0,0.0
2024-02-13 11:00:00+09:00,3000.0,3005.0,2990.0,3000.0,4658,0.0,0.0
2024-02-13 12:00:00+09:00,2995.0,3050.0,2995.0,3035.0,9011,0.0,0.0
2024-02-13 13:00:00+09:00,3040.0,3045.0,3025.0,3040.0,2340,0.0,0.0
2024-02-13 14:00:00+09:00,3035.0,3035.0,3010.0,3030.0,5193,0.0,0.0
2024-02-14 09:00:00+09:00,3060.0,3065.0,3000.0,3030.0,8147,0.0,0.0
2024-02-14 10:00:00+09:00,3030.0,3055.0,3020.0,3050.0,1008,0.0,0.0
2024-02-14 11:00:00+09:00,3050.0,3060.0,3040.0,3060.0,1516,0.0,0.0
2024-02-14 12:00:00+09:00,3060.0,3065.0,3050.0,3060.0,1573,0.0,0.0
2024-02-14 13:00:00+09:00,3060.0,3070.0,3060.0,3070.0,1574,0.0,0.0
2024-02-14 14:00:00+09:00,3070.0,3075.0,3060.0,3075.0,11212,0.0,0.0
2024-02-15 09:00:00+09:00,3075.0,3090.0,3025.0,3070.0,3741,0.0,0.0
2024-02-15 10:00:00+09:00,3070.0,3070.0,3055.0,3070.0,308,0.0,0.0
2024-02-15 11:00:00+09:00,3070.0,3075.0,3065.0,3070.0,1052,0.0,0.0
2024-02-15 12:00:00+09:00,3075.0,3075.0,3050.0,3070.0,3684,0.0,0.0
2024-02-15 13:00:00+09:00,3070.0,3075.0,3035.0,3035.0,6585,0.0,0.0
2024-02-15 14:00:00+09:00,3045.0,3045.0,3035.0,3035.0,1937,0.0,0.0
2024-02-16 09:00:00+09:00,3060.0,3070.0,3035.0,3035.0,3821,0.0,0.0
2024-02-16 10:00:00+09:00,3040.0,3060.0,3040.0,3055.0,1161,0.0,0.0
2024-02-16 11:00:00+09:00,3055.0,3060.0,3040.0,3050.0,1631,0.0,0.0
2024-02-16 12:00:00+09:00,3055.0,3060.0,3040.0,3050.0,661,0.0,0.0
2024-02-16 13:00:00+09:00,3055.0,3060.0,3055.0,3060.0,2595,0.0,0.0
2024-02-16 14:00:00+09:00,3055.0,3060.0,3045.0,3045.0,2052,0.0,0.0
2024-02-19 09:00:00+09:00,3110.0,3125.0,3060.0,3075.0,0,0.0,0.0
2024-02-19 10:00:00+09:00,3080.0,3110.0,3075.0,3090.0,6054,0.0,0.0
2024-02-19 11:00:00+09:00,3090.0,3100.0,3075.0,3080.0,2469,0.0,0.0
2024-02-19 12:00:00+09:00,3080.0,3085.0,3075.0,3075.0,2017,0.0,0.0
2024-02-19 13:00:00+09:00,3075.0,3085.0,3070.0,3085.0,1421,0.0,0.0
2024-02-19 14:00:00+09:00,3085.0,3095.0,3070.0,3075.0,2919,0.0,0.0
2024-02-20 09:00:00+09:00,3095.0,3105.0,3060.0,3070.0,11377,0.0,0.0
2024-02-20 10:00:00+09:00,3080.0,3090.0,3065.0,3070.0,2490,0.0,0.0
2024-02-20 11:00:00+09:00,3075.0,3085.0,3060.0,3060.0,2903,0.0,0.0
2024-02-20 12:00:00+09:00,3060.0,3090.0,3060.0,3090.0,1795,0.0,0.0
2024-02-20 13:00:00+09:00,3070.0,3085.0,3065.0,3070.0,1442,0.0,0.0
2024-02-20 14:00:00+09:00,3070.0,3080.0,3065.0,3065.0,1473,0.0,0.0
2024-02-21 09:00:00+09:00,3060.0,3095.0,3055.0,3095.0,6994,0.0,0.0
2024-02-21 10:00:00+09:00,3090.0,3090.0,3055.0,3070.0,3625,0.0,0.0
2024-02-21 11:00:00+09:00,3070.0,3080.0,3055.0,3060.0,1847,0.0,0.0
2024-02-21 12:00:00+09:00,3060.0,3060.0,3050.0,3050.0,3990,0.0,0.0
2024-02-21 13:00:00+09:00,3050.0,3050.0,3010.0,3030.0,8646,0.0,0.0
2024-02-21 14:00:00+09:00,3035.0,3055.0,2995.0,2995.0,13532,0.0,0.0
2024-02-22 09:00:00+09:00,3150.0,3190.0,3095.0,3125.0,0,0.0,0.0
2024-02-22 10:00:00+09:00,3125.0,3150.0,3120.0,3130.0,72525,0.0,0.0
2024-02-22 11:00:00+09:00,3130.0,3140.0,3090.0,3090.0,11755,0.0,0.0
2024-02-22 12:00:00+09:00,3105.0,3120.0,3085.0,3120.0,4179,0.0,0.0
2024-02-22 13:00:00+09:00,3120.0,3120.0,3090.0,3100.0,4901,0.0,0.0
2024-02-22 14:00:00+09:00,3105.0,3125.0,3085.0,3090.0,8751,0.0,0.0
2024-02-23 09:00:00+09:00,3060.0,3070.0,3010.0,3040.0,14268,0.0,0.0
2024-02-23 10:00:00+09:00,3040.0,3060.0,3040.0,3050.0,5484,0.0,0.0
2024-02-23 11:00:00+09:00,3060.0,3075.0,3025.0,3035.0,5765,0.0,0.0
2024-02-23 12:00:00+09:00,3040.0,3040.0,3010.0,3020.0,14130,0.0,0.0
2024-02-23 13:00:00+09:00,3015.0,3030.0,3015.0,3025.0,2378,0.0,0.0
2024-02-23 14:00:00+09:00,3025.0,3040.0,3020.0,3025.0,3354,0.0,0.0
2024-02-26 09:00:00+09:00,3020.0,3040.0,2955.0,3015.0,0,0.0,0.0
2024-02-26 10:00:00+09:00,3015.0,3035.0,2995.0,3005.0,6466,0.0,0.0
2024-02-26 11:00:00+09:00,3005.0,3025.0,3005.0,3005.0,1021,0.0,0.0
2024-02-26 12:00:00+09:00,3005.0,3045.0,3005.0,3030.0,3215,0.0,0.0
2024-02-26 13:00:00+09:00,3030.0,3045.0,3015.0,3035.0,2561,0.0,0.0
2024-02-26 14:00:00+09:00,3015.0,3060.0,3010.0,3020.0,8236,0.0,0.0
2024-02-27 09:00:00+09:00,3020.0,3045.0,3015.0,3020.0,4974,0.0,0.0
2024-02-27 10:00:00+09:00,3025.0,3040.0,3015.0,3025.0,4416,0.0,0.0
2024-02-27 11:00:00+09:00,3025.0,3040.0,3020.0,3025.0,6086,0.0,0.0
2024-02-27 12:00:00+09:00,3030.0,3035.0,3020.0,3035.0,5940,0.0,0.0
2024-02-27 13:00:00+09:00,3035.0,3060.0,3020.0,3040.0,2188,0.0,0.0
2024-02-27 14:00:00+09:00,3030.0,3035.0,3000.0,3005.0,2573,0.0,0.0
2024-02-28 09:00:00+09:00,3000.0,3035.0,2990.0,3015.0,7353,0.0,0.0
2024-02-28 10:00:00+09:00,3005.0,3010.0,2985.0,2985.0,11687,0.0,0.0
2024-02-28 11:00:00+09:00,3005.0,3005.0,2980.0,2990.0,2449,0.0,0.0
2024-02-28 12:00:00+09:00,2995.0,3005.0,2975.0,2980.0,6838,0.0,0.0
2024-02-28 13:00:00+09:00,3000.0,3000.0,2985.0,3000.0,2184,0.0,0.0
2024-02-28 14:00:00+09:00,2990.0,2995.0,2970.0,2985.0,11636,0.0,0.0
2024-02-29 09:00:00+09:00,3015.0,3025.0,3000.0,3000.0,11698,0.0,0.0
2024-02-29 10:00:00+09:00,3000.0,3005.0,2990.0,2995.0,1957,0.0,0.0
2024-02-29 11:00:00+09:00,3000.0,3010.0,2990.0,2990.0,3138,0.0,0.0
2024-02-29 12:00:00+09:00,2990.0,2990.0,2970.0,2990.0,11278,0.0,0.0
2024-02-29 13:00:00+09:00,2990.0,2990.0,2980.0,2985.0,998,0.0,0.0
2024-02-29 14:00:00+09:00,2980.0,2995.0,2980.0,2985.0,3596,0.0,0.0
2024-03-04 09:00:00+09:00,2995.0,3015.0,2990.0,2995.0,0,0.0,0.0
2024-03-04 10:00:00+09:00,2995.0,3005.0,2990.0,3005.0,3709,0.0,0.0
2024-03-04 11:00:00+09:00,3005.0,3005.0,2995.0,3000.0,288,0.0,0.0
2024-03-04 12:00:00+09:00,3000.0,3005.0,2995.0,3000.0,1367,0.0,0.0
2024-03-04 13:00:00+09:00,3005.0,3005.0,3000.0,3005.0,1096,0.0,0.0
2024-03-04 14:00:00+09:00,3005.0,3005.0,2990.0,3000.0,3752,0.0,0.0
2024-03-05 09:00:00+09:00,2990.0,2990.0,2915.0,2950.0,18000,0.0,0.0
2024-03-05 10:00:00+09:00,2950.0,2960.0,2905.0,2955.0,19257,0.0,0.0
2024-03-05 11:00:00+09:00,2955.0,2955.0,2925.0,2935.0,2840,0.0,0.0
2024-03-05 12:00:00+09:00,2945.0,2970.0,2930.0,2950.0,2086,0.0,0.0
2024-03-05 13:00:00+09:00,2965.0,2970.0,2960.0,2960.0,1441,0.0,0.0
2024-03-05 14:00:00+09:00,2965.0,2970.0,2915.0,2950.0,17524,0.0,0.0
2024-03-06 09:00:00+09:00,2970.0,2970.0,2925.0,2935.0,8635,0.0,0.0
2024-03-06 10:00:00+09:00,2930.0,2940.0,2925.0,2930.0,4842,0.0,0.0
2024-03-06 11:00:00+09:00,2940.0,2960.0,2925.0,2930.0,4035,0.0,0.0
2024-03-06 12:00:00+09:00,2935.0,2955.0,2930.0,2930.0,1202,0.0,0.0
2024-03-06 13:00:00+09:00,2945.0,2960.0,2935.0,2940.0,3468,0.0,0.0
2024-03-06 14:00:00+09:00,2940.0,2950.0,2940.0,2945.0,1825,0.0,0.0
2024-03-07 09:00:00+09:00,2930.0,2965.0,2915.0,2955.0,4365,0.0,0.0
2024-03-07 10:00:00+09:00,2935.0,2960.0,2930.0,2945.0,2486,0.0,0.0
2024-03-07 11:00:00+09:00,2945.0,2955.0,2935.0,2935.0,1977,0.0,0.0
2024-03-07 12:00:00+09:00,2955.0,2955.0,2930.0,2950.0,2266,0.0,0.0
2024-03-07 13:00:00+09:00,2950.0,2960.0,2940.0,2960.0,1692,0.0,0.0
2024-03-07 14:00:00+09:00,2960.0,2965.0,2950.0,2950.0,1934,0.0,0.0
2024-03-08 09:00:00+09:00,2955.0,2955.0,2910.0,2910.0,9743,0.0,0.0
2024-03-08 10:00:00+09:00,2915.0,2925.0,2910.0,2910.0,4751,0.0,0.0
2024-03-08 11:00:00+09:00,2925.0,2925.0,2910.0,2910.0,9410,0.0,0.0
2024-03-08 12:00:00+09:00,2915.0,2925.0,2910.0,2925.0,1852,0.0,0.0
2024-03-08 13:00:00+09:00,2925.0,2950.0,2910.0,2910.0,2498,0.0,0.0
2024-03-08 14:00:00+09:00,2925.0,2930.0,2910.0,2930.0,2382,0.0,0.0
2024-03-11 09:00:00+09:00,2920.0,2960.0,2900.0,2920.0,0,0.0,0.0
2024-03-11 10:00:00+09:00,2935.0,2950.0,2930.0,2935.0,3522,0.0,0.0
2024-03-11 11:00:00+09:00,2935.0,2945.0,2915.0,2930.0,1486,0.0,0.0
2024-03-11 12:00:00+09:00,2930.0,2945.0,2905.0,2930.0,2437,0.0,0.0
2024-03-11 13:00:00+09:00,2925.0,2940.0,2900.0,2940.0,5604,0.0,0.0
2024-03-11 14:00:00+09:00,2940.0,2940.0,2910.0,2915.0,2712,0.0,0.0
2024-03-12 09:00:00+09:00,2930.0,2940.0,2920.0,2920.0,7980,0.0,0.0
2024-03-12 10:00:00+09:00,2920.0,2925.0,2900.0,2900.0,7661,0.0,0.0
2024-03-12 11:00:00+09:00,2900.0,2930.0,2900.0,2910.0,2517,0.0,0.0
2024-03-12 12:00:00+09:00,2930.0,2935.0,2910.0,2930.0,929,0.0,0.0
2024-03-12 13:00:00+09:00,2930.0,2935.0,2920.0,2930.0,2085,0.0,0.0
2024-03-12 14:00:00+09:00,2925.0,2930.0,2920.0,2925.0,3076,0.0,0.0
2024-03-13 09:00:00+09:00,2935.0,2945.0,2915.0,2925.0,4928,0.0,0.0
2024-03-13 10:00:00+09:00,2925.0,2925.0,2895.0,2895.0,12770,0.0,0.0
2024-03-13 11:00:00+09:00,2900.0,2910.0,2895.0,2900.0,5421,0.0,0.0
2024-03-13 12:00:00+09:00,2910.0,2925.0,2900.0,2910.0,6475,0.0,0.0
2024-03-13 13:00:00+09:00,2925.0,2930.0,2900.0,2910.0,3895,0.0,0.0
2024-03-13 14:00:00+09:00,2910.0,2920.0,2910.0,2910.0,1074,0.0,0.0
2024-03-14 09:00:00+09:00,2925.0,2925.0,2895.0,2910.0,5294,0.0,0.0
2024-03-14 10:00:00+09:00,2910.0,2910.0,2895.0,2905.0,2474,0.0,0.0
2024-03-14 11:00:00+09:00,2895.0,2910.0,2895.0,2900.0,9105,0.0,0.0
2024-03-14 12:00:00+09:00,2900.0,2910.0,2895.0,2895.0,5975,0.0,0.0
2024-03-14 13:00:00+09:00,2895.0,2925.0,2895.0,2920.0,555,0.0,0.0
2024-03-14 14:00:00+09:00,2910.0,2910.0,2900.0,2910.0,652,0.0,0.0
2024-03-15 09:00:00+09:00,2890.0,2905.0,2865.0,2895.0,7290,0.0,0.0
2024-03-15 10:00:00+09:00,2890.0,2890.0,2870.0,2880.0,1536,0.0,0.0
2024-03-15 11:00:00+09:00,2885.0,2890.0,2870.0,2870.0,4082,0.0,0.0
2024-03-15 12:00:00+09:00,2880.0,2885.0,2870.0,2885.0,1559,0.0,0.0
2024-03-15 13:00:00+09:00,2885.0,2885.0,2865.0,2880.0,1302,0.0,0.0
2024-03-15 14:00:00+09:00,2875.0,2910.0,2870.0,2905.0,4925,0.0,0.0
2024-03-18 09:00:00+09:00,2905.0,2910.0,2820.0,2845.0,0,0.0,0.0
2024-03-18 10:00:00+09:00,2850.0,2880.0,2845.0,2860.0,8435,0.0,0.0
2024-03-18 11:00:00+09:00,2855.0,2870.0,2855.0,2870.0,2064,0.0,0.0
2024-03-18 12:00:00+09:00,2875.0,2880.0,2860.0,2870.0,4257,0.0,0.0
2024-03-18 13:00:00+09:00,2870.0,2895.0,2860.0,2880.0,4719,0.0,0.0
2024-03-18 14:00:00+09:00,2885.0,2910.0,2875.0,2900.0,6183,0.0,0.0
2024-03-19 09:00:00+09:00,2890.0,2895.0,2855.0,2860.0,5657,0.0,0.0
2024-03-19 10:00:00+09:00,2870.0,2880.0,2845.0,2845.0,2891,0.0,0.0
2024-03-19 11:00:00+09:00,2845.0,2870.0,2840.0,2855.0,3414,0.0,0.0
2024-03-19 12:00:00+09:00,2860.0,2865.0,2830.0,2830.0,9433,0.0,0.0
2024-03-19 13:00:00+09:00,2835.0,2835.0,2800.0,2820.0,10016,0.0,0.0
2024-03-19 14:00:00+09:00,2815.0,2835.0,2810.0,2830.0,2826,0.0,0.0
2024-03-20 09:00:00+09:00,2840.0,2840.0,2820.0,2820.0,3998,0.0,0.0
2024-03-20 10:00:00+09:00,2820.0,2840.0,2820.0,2820.0,4892,0.0,0.0
2024-03-20 11:00:00+09:00,2820.0,2840.0,2800.0,2805.0,4386,0.0,0.0
2024-03-20 12:00:00+09:00,2805.0,2810.0,2800.0,2805.0,4466,0.0,0.0
2024-03-20 13:00:00+09:00,2810.0,2810.0,2800.0,2800.0,5604,0.0,0.0
2024-03-20 14:00:00+09:00,2805.0,2810.0,2795.0,2795.0,4991,0.0,0.0
2024-03-21 09:00:00+09:00,2820.0,2900.0,2815.0,2870.0,10835,0.0,0.0
2024-03-21 10:00:00+09:00,2870.0,2875.0,2860.0,2865.0,4002,0.0,0.0
2024-03-21 11:00:00+09:00,2870.0,2875.0,2835.0,2855.0,6543,0.0,0.0
2024-03-21 12:00:00+09:00,2855.0,2865.0,2835.0,2865.0,2898,0.0,0.0
2024-03-21 13:00:00+09:00,2865.0,2865.0,2830.0,2850.0,6317,0.0,0.0
2024-03-21 14:00:00+09:00,2855.0,2860.0,2835.0,2835.0,1345,0.0,0.0
2024-03-22 09:00:00+09:00,2835.0,2855.0,2820.0,2830.0,7695,0.0,0.0
2024-03-22 10:00:00+09:00,2825.0,2850.0,2820.0,2835.0,379,0.0,0.0
2024-03-22 11:00:00+09:00,2850.0,2850.0,2810.0,2845.0,3661,0.0,0.0
2024-03-22 12:00:00+09:00,2845.0,2845.0,2820.0,2840.0,1698,0.0,0.0
2024-03-22 13:00:00+09:00,2840.0,2860.0,2815.0,2855.0,12966,0.0,0.0
2024-03-22 14:00:00+09:00,2850.0,2855.0,2840.0,2850.0,1018,0.0,0.0
2024-03-25 09:00:00+09:00,2845.0,2855.0,2800.0,2800.0,0,0.0,0.0
2024-03-25 10:00:00+09:00,2800.0,2815.0,2800.0,2815.0,2457,0.0,0.0
2024-03-25 11:00:00+09:00,2815.0,2845.0,2815.0,2840.0,4834,0.0,0.0
2024-03-25 12:00:00+09:00,2840.0,2840.0,2820.0,2840.0,2102,0.0,0.0
2024-03-25 13:00:00+09:00,2840.0,2840.0,2825.0,2835.0,1879,0.0,0.0
2024-03-25 14:00:00+09:00,2835.0,2840.0,2820.0,2830.0,2257,0.0,0.0
2024-03-26 09:00:00+09:00,2800.0,2815.0,2790.0,2810.0,10255,0.0,0.0
2024-03-26 10:00:00+09:00,2810.0,2810.0,2790.0,2800.0,5198,0.0,0.0
2024-03-26 11:00:00+09:00,2805.0,2805.0,2790.0,2805.0,2022,0.0,0.0
2024-03-26 12:00:00+09:00,2805.0,2805.0,2785.0,2800.0,1455,0.0,0.0
2024-03-26 13:00:00+09:00,2800.0,2805.0,2785.0,2805.0,1304,0.0,0.0
2024-03-26 14:00:00+09:00,2805.0,2805.0,2790.0,2800.0,4818,0.0,0.0
2024-03-27 09:00:00+09:00,2805.0,2835.0,2800.0,2810.0,4174,0.0,0.0
2024-03-27 10:00:00+09:00,2805.0,2815.0,2800.0,2805.0,1932,0.0,0.0
2024-03-27 11:00:00+09:00,2800.0,2815.0,2795.0,2800.0,4202,0.0,0.0
2024-03-27 12:00:00+09:00,2800.0,2810.0,2795.0,2795.0,1730,0.0,0.0
2024-03-27 13:00:00+09:00,2805.0,2815.0,2800.0,2805.0,3495,0.0,0.0
2024-03-27 14:00:00+09:00,2810.0,2815.0,2800.0,2805.0,6199,0.0,0.0
2024-03-28 09:00:00+09:00,2770.0,2830.0,2760.0,2790.0,0,0.0,0.0
2024-03-28 10:00:00+09:00,2790.0,2805.0,2775.0,2780.0,15399,0.0,0.0
2024-03-28 11:00:00+09:00,2780.0,2805.0,2780.0,2790.0,427,0.0,0.0
2024-03-28 12:00:00+09:00,2790.0,2800.0,2785.0,2785.0,1713,0.0,0.0
2024-03-28 13:00:00+09:00,2780.0,2800.0,2780.0,2790.0,827,0.0,0.0
2024-03-28 14:00:00+09:00,2785.0,2795.0,2780.0,2780.0,2888,0.0,0.0
2024-03-29 09:00:00+09:00,2805.0,2805.0,2780.0,2805.0,2365,0.0,0.0
2024-03-29 10:00:00+09:00,2805.0,2805.0,2780.0,2785.0,3496,0.0,0.0
2024-03-29 11:00:00+09:00,2790.0,2800.0,2785.0,2800.0,6427,0.0,0.0
2024-03-29 12:00:00+09:00,2800.0,2800.0,2790.0,2790.0,673,0.0,0.0
2024-03-29 13:00:00+09:00,2790.0,2825.0,2790.0,2815.0,7926,0.0,0.0
2024-03-29 14:00:00+09:00,2815.0,2820.0,2810.0,2820.0,3139,0.0,0.0
2024-04-01 09:00:00+09:00,2815.0,2845.0,2815.0,2840.0,0,0.0,0.0
2024-04-01 10:00:00+09:00,2840.0,2840.0,2815.0,2815.0,6461,0.0,0.0
2024-04-01 11:00:00+09:00,2820.0,2825.0,2805.0,2825.0,2299,0.0,0.0
2024-04-01 12:00:00+09:00,2825.0,2825.0,2815.0,2825.0,4151,0.0,0.0
2024-04-01 13:00:00+09:00,2825.0,2825.0,2815.0,2825.0,1952,0.0,0.0
2024-04-01 14:00:00+09:00,2825.0,2825.0,2805.0,2820.0,3510,0.0,0.0
2024-04-02 09:00:00+09:00,2875.0,2885.0,2850.0,2870.0,17362,0.0,0.0
2024-04-02 10:00:00+09:00,2860.0,2870.0,2835.0,2860.0,13739,0.0,0.0
2024-04-02 11:00:00+09:00,2860.0,2870.0,2850.0,2870.0,5244,0.0,0.0
2024-04-02 12:00:00+09:00,2870.0,2960.0,2860.0,2940.0,22088,0.0,0.0
2024-04-02 13:00:00+09:00,2940.0,2970.0,2905.0,2925.0,10788,0.0,0.0
2024-04-02 14:00:00+09:00,2925.0,2940.0,2910.0,2930.0,2933,0.0,0.0
2024-04-03 09:00:00+09:00,2930.0,2950.0,2900.0,2930.0,20171,0.0,0.0
2024-04-03 10:00:00+09:00,2910.0,2940.0,2910.0,2915.0,4824,0.0,0.0
2024-04-03 11:00:00+09:00,2920.0,2920.0,2875.0,2895.0,6706,0.0,0.0
2024-04-03 12:00:00+09:00,2880.0,2910.0,2875.0,2890.0,2685,0.0,0.0
2024-04-03 13:00:00+09:00,2890.0,2910.0,2890.0,2890.0,5817,0.0,0.0
2024-04-03 14:00:00+09:00,2910.0,2945.0,2910.0,2925.0,5087,0.0,0.0
2024-04-04 09:00:00+09:00,3200.0,3200.0,2900.0,3005.0,83672,0.0,0.0
2024-04-04 10:00:00+09:00,3005.0,3010.0,2975.0,2995.0,8845,0.0,0.0
2024-04-04 11:00:00+09:00,2995.0,2995.0,2960.0,2985.0,4159,0.0,0.0
2024-04-04 12:00:00+09:00,2985.0,2985.0,2950.0,2970.0,5772,0.0,0.0
2024-04-04 13:00:00+09:00,2970.0,2980.0,2955.0,2965.0,677,0.0,0.0
2024-04-04 14:00:00+09:00,2965.0,2980.0,2950.0,2980.0,5796,0.0,0.0
2024-04-05 09:00:00+09:00,2950.0,3000.0,2935.0,2995.0,10335,0.0,0.0
2024-04-05 10:00:00+09:00,2995.0,2995.0,2935.0,2980.0,8843,0.0,0.0
2024-04-05 11:00:00+09:00,2985.0,2995.0,2945.0,2975.0,11887,0.0,0.0
2024-04-05 12:00:00+09:00,2975.0,2985.0,2970.0,2985.0,1453,0.0,0.0
2024-04-05 13:00:00+09:00,2985.0,2995.0,2970.0,2995.0,3163,0.0,0.0
2024-04-05 14:00:00+09:00,2995.0,2995.0,2965.0,2995.0,3890,0.0,0.0
2024-04-08 09:00:00+09:00,2990.0,3020.0,2965.0,2965.0,0,0.0,0.0
2024-04-08 10:00:00+09:00,2980.0,2980.0,2965.0,2980.0,3215,0.0,0.0
2024-04-08 11:00:00+09:00,2980.0,2980.0,2965.0,2980.0,2226,0.0,0.0
2024-04-08 12:00:00+09:00,2980.0,3010.0,2980.0,3010.0,1570,0.0,0.0
2024-04-08 13:00:00+09:00,3005.0,3010.0,2980.0,3005.0,1958,0.0,0.0
2024-04-08 14:00:00+09:00,3010.0,3020.0,3000.0,3000.0,5852,0.0,0.0
2024-04-09 09:00:00+09:00,2980.0,2995.0,2930.0,2950.0,14313,0.0,0.0
2024-04-09 10:00:00+09:00,2950.0,2995.0,2925.0,2970.0,17309,0.0,0.0
2024-04-09 11:00:00+09:00,2970.0,2995.0,2970.0,2985.0,2848,0.0,0.0
2024-04-09 12:00:00+09:00,2985.0,2995.0,2985.0,2990.0,2046,0.0,0.0
2024-04-09 13:00:00+09:00,2990.0,3010.0,2985.0,3000.0,4833,0.0,0.0
2024-04-09 14:00:00+09:00,3005.0,3005.0,2995.0,3005.0,7721,0.0,0.0
2024-04-11 09:00:00+09:00,2975.0,2975.0,2890.0,2945.0,0,0.0,0.0
2024-04-11 10:00:00+09:00,2945.0,2945.0,2930.0,2935.0,7511,0.0,0.0
2024-04-11 11:00:00+09:00,2935.0,2935.0,2880.0,2900.0,3042,0.0,0.0
2024-04-11 12:00:00+09:00,2905.0,2925.0,2900.0,2900.0,928,0.0,0.0
2024-04-11 13:00:00+09:00,2910.0,2935.0,2910.0,2935.0,1524,0.0,0.0
2024-04-11 14:00:00+09:00,2940.0,2940.0,2925.0,2940.0,804,0.0,0.0
2024-04-12 09:00:00+09:00,2930.0,2965.0,2900.0,2960.0,3230,0.0,0.0
2024-04-12 10:00:00+09:00,2960.0,2970.0,2955.0,2970.0,2831,0.0,0.0
2024-04-12 11:00:00+09:00,2970.0,2970.0,2965.0,2970.0,867,0.0,0.0
2024-04-12 12:00:00+09:00,2970.0,2970.0,2955.0,2965.0,2790,0.0,0.0
2024-04-12 13:00:00+09:00,2965.0,2970.0,2955.0,2960.0,2411,0.0,0.0
2024-04-12 14:00:00+09:00,2960.0,2970.0,2900.0,2930.0,10061,0.0,0.0
2024-04-15 09:00:00+09:00,2925.0,2960.0,2885.0,2960.0,0,0.0,0.0
2024-04-15 10:00:00+09:00,2960.0,2975.0,2900.0,2960.0,5448,0.0,0.0
2024-04-15 11:00:00+09:00,2960.0,2965.0,2915.0,2920.0,1994,0.0,0.0
2024-04-15 12:00:00+09:00,2925.0,2975.0,2925.0,2955.0,5088,0.0,0.0
2024-04-15 13:00:00+09:00,2965.0,2965.0,2930.0,2935.0,2919,0.0,0.0
2024-04-15 14:00:00+09:00,2950.0,2955.0,2930.0,2940.0,1374,0.0,0.0
2024-04-16 09:00:00+09:00,2955.0,2955.0,2870.0,2900.0,11557,0.0,0.0
2024-04-16 10:00:00+09:00,2900.0,2930.0,2900.0,2925.0,2713,0.0,0.0
2024-04-16 11:00:00+09:00,2930.0,2930.0,2875.0,2885.0,1021,0.0,0.0
2024-04-16 12:00:00+09:00,2895.0,2895.0,2850.0,2880.0,6208,0.0,0.0
2024-04-16 13:00:00+09:00,2880.0,2895.0,2855.0,2855.0,2720,0.0,0.0
2024-04-16 14:00:00+09:00,2895.0,2900.0,2860.0,2860.0,5457,0.0,0.0
2024-04-17 09:00:00+09:00,2850.0,2905.0,2850.0,2885.0,3515,0.0,0.0
2024-04-17 10:00:00+09:00,2895.0,2895.0,2875.0,2885.0,733,0.0,0.0
2024-04-17 11:00:00+09:00,2885.0,2885.0,2860.0,2860.0,2272,0.0,0.0
2024-04-17 12:00:00+09:00,2875.0,2880.0,2860.0,2880.0,811,0.0,0.0
2024-04-17 13:00:00+09:00,2880.0,2880.0,2850.0,2855.0,2704,0.0,0.0
2024-04-17 14:00:00+09:00,2870.0,2885.0,2850.0,2870.0,3407,0.0,0.0
2024-04-18 09:00:00+09:00,2840.0,2890.0,2820.0,2880.0,7177,0.0,0.0
2024-04-18 10:00:00+09:00,2880.0,2880.0,2875.0,2880.0,988,0.0,0.0
2024-04-18 11:00:00+09:00,2880.0,2885.0,2875.0,2885.0,5263,0.0,0.0
2024-04-18 12:00:00+09:00,2885.0,2890.0,2880.0,2880.0,1264,0.0,0.0
2024-04-18 13:00:00+09:00,2880.0,2935.0,2875.0,2930.0,0,0.0,0.0
2024-04-18 14:00:00+09:00,2930.0,2930.0,2905.0,2920.0,22045,0.0,0.0
2024-04-19 09:00:00+09:00,2960.0,2980.0,2940.0,2965.0,4606,0.0,0.0
2024-04-19 10:00:00+09:00,2965.0,2970.0,2925.0,2925.0,3790,0.0,0.0
2024-04-19 11:00:00+09:00,2930.0,2930.0,2875.0,2880.0,0,0.0,0.0
2024-04-19 12:00:00+09:00,2895.0,2895.0,2870.0,2895.0,15022,0.0,0.0
2024-04-19 13:00:00+09:00,2895.0,2925.0,2860.0,2920.0,1737,0.0,0.0
2024-04-19 14:00:00+09:00,2915.0,2925.0,2875.0,2910.0,1634,0.0,0.0
2024-04-22 09:00:00+09:00,2910.0,2925.0,2870.0,2925.0,0,0.0,0.0
2024-04-22 10:00:00+09:00,2925.0,3065.0,2900.0,2900.0,34783,0.0,0.0
2024-04-22 11:00:00+09:00,2915.0,2935.0,2905.0,2935.0,1539,0.0,0.0
2024-04-22 12:00:00+09:00,2935.0,2935.0,2900.0,2900.0,6076,0.0,0.0
2024-04-22 13:00:00+09:00,2915.0,2925.0,2885.0,2910.0,4786,0.0,0.0
2024-04-22 14:00:00+09:00,2895.0,2900.0,2875.0,2885.0,3684,0.0,0.0
2024-04-23 09:00:00+09:00,2880.0,2900.0,2810.0,2835.0,15444,0.0,0.0
2024-04-23 10:00:00+09:00,2840.0,2875.0,2835.0,2835.0,5310,0.0,0.0
2024-04-23 11:00:00+09:00,2850.0,2875.0,2835.0,2835.0,3859,0.0,0.0
2024-04-23 12:00:00+09:00,2855.0,2885.0,2840.0,2855.0,3693,0.0,0.0
2024-04-23 13:00:00+09:00,2855.0,2865.0,2835.0,2845.0,3029,0.0,0.0
2024-04-23 14:00:00+09:00,2845.0,2850.0,2840.0,2850.0,2119,0.0,0.0
2024-04-24 09:00:00+09:00,2875.0,2875.0,2860.0,2865.0,5575,0.0,0.0
2024-04-24 10:00:00+09:00,2860.0,2865.0,2850.0,2860.0,946,0.0,0.0
2024-04-24 11:00:00+09:00,2865.0,2865.0,2860.0,2860.0,1600,0.0,0.0
2024-04-24 12:00:00+09:00,2860.0,2865.0,2860.0,2865.0,1347,0.0,0.0
2024-04-24 13:00:00+09:00,2865.0,2865.0,2865.0,2865.0,214,0.0,0.0
2024-04-24 14:00:00+09:00,2865.0,2865.0,2850.0,2865.0,4025,0.0,0.0
2024-04-25 09:00:00+09:00,2865.0,2890.0,2865.0,2875.0,1803,0.0,0.0
2024-04-25 10:00:00+09:00,2875.0,2890.0,2855.0,2860.0,2850,0.0,0.0
2024-04-25 11:00:00+09:00,2865.0,2880.0,2855.0,2855.0,1454,0.0,0.0
2024-04-25 12:00:00+09:00,2880.0,2880.0,2855.0,2860.0,159,0.0,0.0
2024-04-25 13:00:00+09:00,2860.0,2875.0,2855.0,2865.0,1990,0.0,0.0
2024-04-25 14:00:00+09:00,2870.0,2870.0,2855.0,2855.0,2026,0.0,0.0
2024-04-26 09:00:00+09:00,2865.0,2865.0,2840.0,2860.0,2804,0.0,0.0
2024-04-26 10:00:00+09:00,2860.0,2860.0,2845.0,2850.0,2214,0.0,0.0
2024-04-26 11:00:00+09:00,2850.0,2870.0,2850.0,2865.0,3482,0.0,0.0
2024-04-26 12:00:00+09:00,2870.0,2875.0,2830.0,2835.0,10290,0.0,0.0
2024-04-26 13:00:00+09:00,2835.0,2865.0,2835.0,2865.0,3390,0.0,0.0
2024-04-26 14:00:00+09:00,2865.0,2865.0,2840.0,2860.0,4325,0.0,0.0
2024-04-29 09:00:00+09:00,2870.0,2890.0,2865.0,2880.0,0,0.0,0.0
2024-04-29 10:00:00+09:00,2890.0,2890.0,2880.0,2890.0,3335,0.0,0.0
2024-04-29 11:00:00+09:00,2885.0,2885.0,2855.0,2880.0,2556,0.0,0.0
2024-04-29 12:00:00+09:00,2880.0,2880.0,2860.0,2860.0,869,0.0,0.0
2024-04-29 13:00:00+09:00,2860.0,2880.0,2845.0,2875.0,3135,0.0,0.0
2024-04-29 14:00:00+09:00,2870.0,2875.0,2855.0,2865.0,1569,0.0,0.0
2024-04-30 09:00:00+09:00,2875.0,2900.0,2870.0,2880.0,7035,0.0,0.0
2024-04-30 10:00:00+09:00,2880.0,2920.0,2880.0,2900.0,6418,0.0,0.0
2024-04-30 11:00:00+09:00,2915.0,2945.0,2905.0,2935.0,3552,0.0,0.0
2024-04-30 12:00:00+09:00,2935.0,2945.0,2915.0,2945.0,6450,0.0,0.0
2024-04-30 13:00:00+09:00,2925.0,2950.0,2920.0,2930.0,4166,0.0,0.0
2024-04-30 14:00:00+09:00,2930.0,2945.0,2930.0,2930.0,12240,0.0,0.0
2024-05-02 09:00:00+09:00,2945.0,3100.0,2945.0,3100.0,0,0.0,0.0
2024-05-02 10:00:00+09:00,3095.0,3120.0,2995.0,3020.0,35491,0.0,0.0
2024-05-02 11:00:00+09:00,3015.0,3030.0,3010.0,3020.0,1315,0.0,0.0
2024-05-02 12:00:00+09:00,3030.0,3035.0,3020.0,3035.0,1984,0.0,0.0
2024-05-02 13:00:00+09:00,3035.0,3040.0,3015.0,3015.0,2758,0.0,0.0
2024-05-02 14:00:00+09:00,3015.0,3015.0,2980.0,2990.0,5578,0.0,0.0
2024-05-03 09:00:00+09:00,3005.0,3060.0,2950.0,3060.0,11393,0.0,0.0
2024-05-03 10:00:00+09:00,3035.0,3035.0,2990.0,2995.0,1120,0.0,0.0
2024-05-03 11:00:00+09:00,3000.0,3005.0,2910.0,3000.0,6517,0.0,0.0
2024-05-03 12:00:00+09:00,2980.0,3000.0,2925.0,2960.0,2341,0.0,0.0
2024-05-03 13:00:00+09:00,2960.0,3005.0,2960.0,2980.0,1563,0.0,0.0
2024-05-03 14:00:00+09:00,2990.0,3000.0,2950.0,2955.0,2059,0.0,0.0
2024-05-07 09:00:00+09:00,2830.0,2970.0,2820.0,2950.0,2713,0.0,0.0
2024-05-07 10:00:00+09:00,2950.0,2960.0,2935.0,2935.0,2023,0.0,0.0
2024-05-07 11:00:00+09:00,2950.0,2950.0,2940.0,2940.0,897,0.0,0.0
2024-05-07 12:00:00+09:00,2940.0,2945.0,2935.0,2935.0,2919,0.0,0.0
2024-05-07 13:00:00+09:00,2940.0,2950.0,2940.0,2950.0,791,0.0,0.0
2024-05-07 14:00:00+09:00,2940.0,2940.0,2905.0,2940.0,5620,0.0,0.0
2024-05-08 09:00:00+09:00,2960.0,2965.0,2935.0,2960.0,3662,0.0,0.0
2024-05-08 10:00:00+09:00,2940.0,2965.0,2940.0,2950.0,801,0.0,0.0
2024-05-08 11:00:00+09:00,2950.0,2950.0,2945.0,2945.0,285,0.0,0.0
2024-05-08 12:00:00+09:00,2945.0,2950.0,2945.0,2945.0,1373,0.0,0.0
2024-05-08 13:00:00+09:00,2940.0,2955.0,2935.0,2950.0,10299,0.0,0.0
2024-05-08 14:00:00+09:00,2950.0,2955.0,2945.0,2950.0,980,0.0,0.0
2024-05-09 09:00:00+09:00,2985.0,2995.0,2945.0,2950.0,7467,0.0,0.0
2024-05-09 10:00:00+09:00,2950.0,2960.0,2945.0,2955.0,1400,0.0,0.0
2024-05-09 11:00:00+09:00,2950.0,2955.0,2940.0,2945.0,3271,0.0,0.0
2024-05-09 12:00:00+09:00,2950.0,2955.0,2925.0,2945.0,1261,0.0,0.0
2024-05-09 13:00:00+09:00,2945.0,2975.0,2945.0,2975.0,1271,0.0,0.0
2024-05-09 14:00:00+09:00,2970.0,2970.0,2945.0,2970.0,156,0.0,0.0
2024-05-10 09:00:00+09:00,2945.0,2965.0,2940.0,2950.0,3811,0.0,0.0
2024-05-10 10:00:00+09:00,2950.0,2950.0,2930.0,2950.0,2137,0.0,0.0
2024-05-10 11:00:00+09:00,2945.0,2945.0,2940.0,2945.0,337,0.0,0.0
2024-05-10 12:00:00+09:00,2950.0,2960.0,2950.0,2950.0,1160,0.0,0.0
2024-05-10 13:00:00+09:00,2955.0,2955.0,2945.0,2950.0,211,0.0,0.0
2024-05-10 14:00:00+09:00,2940.0,2950.0,2940.0,2950.0,727,0.0,0.0
2024-05-13 09:00:00+09:00,2985.0,3000.0,2970.0,2980.0,0,0.0,0.0
2024-05-13 10:00:00+09:00,2995.0,2995.0,2955.0,2970.0,2752,0.0,0.0
2024-05-13 11:00:00+09:00,2970.0,2995.0,2970.0,2995.0,1444,0.0,0.0
2024-05-13 12:00:00+09:00,2995.0,2995.0,2975.0,2975.0,813,0.0,0.0
2024-05-13 13:00:00+09:00,2980.0,2985.0,2955.0,2985.0,3480,0.0,0.0
2024-05-13 14:00:00+09:00,2985.0,2995.0,2975.0,2975.0,2437,0.0,0.0
2024-05-14 09:00:00+09:00,3005.0,3005.0,2970.0,2970.0,5158,0.0,0.0
2024-05-14 10:00:00+09:00,2975.0,2985.0,2970.0,2970.0,2495,0.0,0.0
2024-05-14 11:00:00+09:00,2980.0,3070.0,2970.0,3025.0,10342,0.0,0.0
2024-05-14 12:00:00+09:00,3000.0,3010.0,2990.0,3010.0,982,0.0,0.0
2024-05-14 13:00:00+09:00,3010.0,3015.0,3010.0,3015.0,0,0.0,0.0
2024-05-14 14:00:00+09:00,2990.0,3000.0,2980.0,2985.0,3221,0.0,0.0
2024-05-16 09:00:00+09:00,3030.0,3040.0,3005.0,3035.0,0,0.0,0.0
2024-05-16 10:00:00+09:00,3035.0,3100.0,3025.0,3085.0,13395,0.0,0.0
2024-05-16 11:00:00+09:00,3085.0,3085.0,3055.0,3065.0,9875,0.0,0.0
2024-05-16 12:00:00+09:00,3065.0,3075.0,3060.0,3075.0,1724,0.0,0.0
2024-05-16 13:00:00+09:00,3070.0,3070.0,3065.0,3065.0,2434,0.0,0.0
2024-05-16 14:00:00+09:00,3065.0,3095.0,3065.0,3090.0,8527,0.0,0.0
2024-05-17 09:00:00+09:00,3095.0,3100.0,3030.0,3035.0,12236,0.0,0.0
2024-05-17 10:00:00+09:00,3050.0,3070.0,3030.0,3070.0,2644,0.0,0.0
2024-05-17 11:00:00+09:00,3070.0,3095.0,3045.0,3080.0,4038,0.0,0.0
2024-05-17 12:00:00+09:00,3090.0,3120.0,3060.0,3120.0,5021,0.0,0.0
2024-05-17 13:00:00+09:00,3115.0,3115.0,3095.0,3095.0,6079,0.0,0.0
2024-05-17 14:00:00+09:00,3105.0,3115.0,3090.0,3110.0,6050,0.0,0.0
2024-05-20 09:00:00+09:00,3110.0,3130.0,3075.0,3105.0,0,0.0,0.0
2024-05-20 10:00:00+09:00,3105.0,3110.0,3090.0,3090.0,4413,0.0,0.0
2024-05-20 11:00:00+09:00,3090.0,3120.0,3080.0,3110.0,6439,0.0,0.0
2024-05-20 12:00:00+09:00,3110.0,3120.0,3085.0,3095.0,3483,0.0,0.0
2024-05-20 13:00:00+09:00,3095.0,3120.0,3070.0,3120.0,11302,0.0,0.0
2024-05-20 14:00:00+09:00,3120.0,3120.0,3095.0,3105.0,1347,0.0,0.0
2024-05-21 09:00:00+09:00,3015.0,3080.0,3015.0,3065.0,6965,0.0,0.0
2024-05-21 10:00:00+09:00,3065.0,3080.0,3055.0,3055.0,4096,0.0,0.0
2024-05-21 11:00:00+09:00,3055.0,3080.0,3050.0,3055.0,2110,0.0,0.0
2024-05-21 12:00:00+09:00,3055.0,3080.0,3050.0,3065.0,5096,0.0,0.0
2024-05-21 13:00:00+09:00,3065.0,3085.0,3060.0,3060.0,2055,0.0,0.0
2024-05-21 14:00:00+09:00,3060.0,3070.0,3060.0,3070.0,2727,0.0,0.0
2024-05-22 09:00:00+09:00,3055.0,3070.0,2930.0,3060.0,7088,0.0,0.0
2024-05-22 10:00:00+09:00,3045.0,3075.0,3020.0,3060.0,1778,0.0,0.0
2024-05-22 11:00:00+09:00,3060.0,3085.0,3055.0,3060.0,808,0.0,0.0
2024-05-22 12:00:00+09:00,3060.0,3085.0,3045.0,3045.0,1404,0.0,0.0
2024-05-22 13:00:00+09:00,3045.0,3055.0,3030.0,3055.0,1979,0.0,0.0
2024-05-22 14:00:00+09:00,3055.0,3085.0,3035.0,3060.0,2700,0.0,0.0
2024-05-23 09:00:00+09:00,3070.0,3085.0,3035.0,3055.0,3867,0.0,0.0
2024-05-23 10:00:00+09:00,3055.0,3055.0,3035.0,3035.0,2109,0.0,0.0
2024-05-23 11:00:00+09:00,3035.0,3040.0,3035.0,3035.0,1045,0.0,0.0
2024-05-23 12:00:00+09:00,3035.0,3040.0,3015.0,3015.0,1378,0.0,0.0
2024-05-23 13:00:00+09:00,3015.0,3020.0,2980.0,3010.0,2741,0.0,0.0
2024-05-23 14:00:00+09:00,3000.0,3010.0,2985.0,3005.0,832,0.0,0.0
2024-05-24 09:00:00+09:00,2980.0,3030.0,2980.0,3030.0,6899,0.0,0.0
2024-05-24 10:00:00+09:00,3030.0,3035.0,2910.0,2985.0,17773,0.0,0.0
2024-05-24 11:00:00+09:00,2980.0,2985.0,2970.0,2980.0,520,0.0,0.0
2024-05-24 12:00:00+09:00,2980.0,2980.0,2950.0,2975.0,352,0.0,0.0
2024-05-24 13:00:00+09:00,2975.0,2985.0,2975.0,2985.0,1192,0.0,0.0
2024-05-24 14:00:00+09:00,2985.0,2985.0,2950.0,2950.0,2494,0.0,0.0
2024-05-27 09:00:00+09:00,2950.0,3015.0,2910.0,2980.0,0,0.0,0.0
2024-05-27 10:00:00+09:00,2965.0,2980.0,2955.0,2955.0,2296,0.0,0.0
2024-05-27 11:00:00+09:00,2960.0,2980.0,2955.0,2970.0,3044,0.0,0.0
2024-05-27 12:00:00+09:00,2970.0,2980.0,2960.0,2965.0,1242,0.0,0.0
2024-05-27 13:00:00+09:00,2970.0,2970.0,2960.0,2970.0,2410,0.0,0.0
2024-05-27 14:00:00+09:00,2965.0,2980.0,2965.0,2970.0,2184,0.0,0.0
2024-05-28 09:00:00+09:00,2970.0,3000.0,2970.0,2980.0,2296,0.0,0.0
2024-05-28 10:00:00+09:00,2975.0,2980.0,2940.0,2945.0,7352,0.0,0.0
2024-05-28 11:00:00+09:00,2955.0,2955.0,2915.0,2920.0,8073,0.0,0.0
2024-05-28 12:00:00+09:00,2915.0,2930.0,2885.0,2900.0,6346,0.0,0.0
2024-05-28 13:00:00+09:00,2895.0,2910.0,2890.0,2890.0,5835,0.0,0.0
2024-05-28 14:00:00+09:00,2885.0,2925.0,2780.0,2810.0,57663,0.0,0.0
2024-05-29 09:00:00+09:00,2805.0,2835.0,2800.0,2815.0,9560,0.0,0.0
2024-05-29 10:00:00+09:00,2815.0,2825.0,2795.0,2805.0,7204,0.0,0.0
2024-05-29 11:00:00+09:00,2815.0,2830.0,2810.0,2810.0,4134,0.0,0.0
2024-05-29 12:00:00+09:00,2810.0,2825.0,2810.0,2825.0,1585,0.0,0.0
2024-05-29 13:00:00+09:00,2825.0,2825.0,2800.0,2810.0,3003,0.0,0.0
2024-05-29 14:00:00+09:00,2820.0,2830.0,2800.0,2800.0,3045,0.0,0.0
2024-05-30 09:00:00+09:00,2810.0,2810.0,2760.0,2780.0,6814,0.0,0.0
2024-05-30 10:00:00+09:00,2780.0,2790.0,2770.0,2775.0,1348,0.0,0.0
2024-05-30 11:00:00+09:00,2790.0,2795.0,2775.0,2795.0,1430,0.0,0.0
2024-05-30 12:00:00+09:00,2795.0,2800.0,2775.0,2775.0,2301,0.0,0.0
2024-05-30 13:00:00+09:00,2790.0,2790.0,2760.0,2765.0,6811,0.0,0.0
2024-05-30 14:00:00+09:00,2775.0,2775.0,2765.0,2770.0,3264,0.0,0.0
2024-05-31 09:00:00+09:00,2770.0,2810.0,2765.0,2810.0,11020,0.0,0.0
2024-05-31 10:00:00+09:00,2810.0,2810.0,2775.0,2785.0,1763,0.0,0.0
2024-05-31 11:00:00+09:00,2785.0,2805.0,2775.0,2780.0,2625,0.0,0.0
2024-05-31 12:00:00+09:00,2805.0,2825.0,2800.0,2825.0,1718,0.0,0.0
2024-05-31 13:00:00+09:00,2820.0,2860.0,2815.0,2850.0,3316,0.0,0.0
2024-05-31 14:00:00+09:00,2855.0,2890.0,2825.0,2870.0,4965,0.0,0.0
2024-06-03 09:00:00+09:00,2860.0,2975.0,2850.0,2930.0,0,0.0,0.0
2024-06-03 10:00:00+09:00,2940.0,2960.0,2930.0,2950.0,6022,0.0,0.0
2024-06-03 11:00:00+09:00,2950.0,2955.0,2940.0,2945.0,1452,0.0,0.0
2024-06-03 12:00:00+09:00,2945.0,2945.0,2930.0,2940.0,2685,0.0,0.0
2024-06-03 13:00:00+09:00,2940.0,2945.0,2935.0,2945.0,1339,0.0,0.0
2024-06-03 14:00:00+09:00,2945.0,2955.0,2940.0,2950.0,2475,0.0,0.0
2024-06-04 09:00:00+09:00,2830.0,2950.0,2825.0,2925.0,24089,0.0,0.0
2024-06-04 10:00:00+09:00,2945.0,2980.0,2890.0,2915.0,11567,0.0,0.0
2024-06-04 11:00:00+09:00,2915.0,2920.0,2885.0,2895.0,2597,0.0,0.0
2024-06-04 12:00:00+09:00,2900.0,2960.0,2900.0,2905.0,1351,0.0,0.0
2024-06-04 13:00:00+09:00,2915.0,2915.0,2880.0,2880.0,2130,0.0,0.0
2024-06-04 14:00:00+09:00,2895.0,2915.0,2865.0,2865.0,2323,0.0,0.0
2024-06-05 09:00:00+09:00,2900.0,2900.0,2870.0,2900.0,6023,0.0,0.0
2024-06-05 10:00:00+09:00,2900.0,2900.0,2880.0,2880.0,2838,0.0,0.0
2024-06-05 11:00:00+09:00,2890.0,2895.0,2880.0,2895.0,1266,0.0,0.0
2024-06-05 12:00:00+09:00,2895.0,2895.0,2885.0,2895.0,1124,0.0,0.0
2024-06-05 13:00:00+09:00,2895.0,2900.0,2895.0,2895.0,951,0.0,0.0
2024-06-05 14:00:00+09:00,2895.0,2930.0,2895.0,2905.0,2848,0.0,0.0
2024-06-07 09:00:00+09:00,2930.0,2960.0,2900.0,2900.0,0,0.0,0.0
2024-06-07 10:00:00+09:00,2910.0,2920.0,2880.0,2885.0,5035,0.0,0.0
2024-06-07 11:00:00+09:00,2885.0,2910.0,2885.0,2910.0,1042,0.0,0.0
2024-06-07 12:00:00+09:00,2905.0,2910.0,2880.0,2880.0,2578,0.0,0.0
2024-06-07 13:00:00+09:00,2895.0,2905.0,2880.0,2905.0,0,0.0,0.0
2024-06-07 14:00:00+09:00,2890.0,2910.0,2875.0,2885.0,22662,0.0,0.0
2024-06-10 09:00:00+09:00,2880.0,2880.0,2830.0,2835.0,0,0.0,0.0
2024-06-10 10:00:00+09:00,2835.0,2860.0,2835.0,2835.0,1860,0.0,0.0
2024-06-10 11:00:00+09:00,2835.0,2845.0,2830.0,2840.0,1604,0.0,0.0
2024-06-10 12:00:00+09:00,2855.0,2855.0,2830.0,2840.0,1460,0.0,0.0
2024-06-10 13:00:00+09:00,2840.0,2850.0,2830.0,2850.0,675,0.0,0.0
2024-06-10 14:00:00+09:00,2835.0,2865.0,2820.0,2865.0,4158,0.0,0.0
2024-06-11 09:00:00+09:00,2850.0,2850.0,2830.0,2830.0,8926,0.0,0.0
2024-06-11 10:00:00+09:00,2830.0,2840.0,2825.0,2830.0,2296,0.0,0.0
2024-06-11 11:00:00+09:00,2830.0,2850.0,2825.0,2830.0,8655,0.0,0.0
2024-06-11 12:00:00+09:00,2825.0,2840.0,2825.0,2830.0,4836,0.0,0.0
2024-06-11 13:00:00+09:00,2830.0,2840.0,2825.0,2830.0,1936,0.0,0.0
2024-06-11 14:00:00+09:00,2835.0,2840.0,2825.0,2825.0,1832,0.0,0.0
2024-06-12 09:00:00+09:00,2820.0,2860.0,2820.0,2840.0,4341,0.0,0.0
2024-06-12 10:00:00+09:00,2840.0,2880.0,2815.0,2835.0,10472,0.0,0.0
2024-06-12 11:00:00+09:00,2835.0,2835.0,2805.0,2815.0,2618,0.0,0.0
2024-06-12 12:00:00+09:00,2825.0,2830.0,2820.0,2820.0,1361,0.0,0.0
2024-06-12 13:00:00+09:00,2830.0,2835.0,2805.0,2820.0,1119,0.0,0.0
2024-06-12 14:00:00+09:00,2830.0,2830.0,2805.0,2830.0,1398,0.0,0.0
2024-06-13 09:00:00+09:00,2810.0,2885.0,2790.0,2795.0,0,0.0,0.0
2024-06-13 10:00:00+09:00,2805.0,2825.0,2795.0,2810.0,12784,0.0,0.0
2024-06-13 11:00:00+09:00,2825.0,2825.0,2800.0,2800.0,1717,0.0,0.0
2024-06-13 12:00:00+09:00,2810.0,2820.0,2800.0,2820.0,3478,0.0,0.0
2024-06-13 13:00:00+09:00,2820.0,2825.0,2800.0,2810.0,2886,0.0,0.0
2024-06-13 14:00:00+09:00,2815.0,2815.0,2800.0,2805.0,1506,0.0,0.0
2024-06-14 09:00:00+09:00,2825.0,2840.0,2805.0,2810.0,6754,0.0,0.0
2024-06-14 10:00:00+09:00,2805.0,2810.0,2800.0,2810.0,3048,0.0,0.0
2024-06-14 11:00:00+09:00,2815.0,2815.0,2805.0,2810.0,1032,0.0,0.0
2024-06-14 12:00:00+09:00,2810.0,2845.0,2810.0,2835.0,2574,0.0,0.0
2024-06-14 13:00:00+09:00,2835.0,2840.0,2810.0,2815.0,877,0.0,0.0
2024-06-14 14:00:00+09:00,2815.0,2860.0,2815.0,2830.0,5230,0.0,0.0
2024-06-17 09:00:00+09:00,2840.0,2840.0,2795.0,2795.0,0,0.0,0.0
2024-06-17 10:00:00+09:00,2810.0,2820.0,2790.0,2790.0,3460,0.0,0.0
2024-06-17 11:00:00+09:00,2800.0,2800.0,2770.0,2795.0,3628,0.0,0.0
2024-06-17 12:00:00+09:00,2785.0,2820.0,2785.0,2795.0,1538,0.0,0.0
2024-06-17 13:00:00+09:00,2785.0,2795.0,2775.0,2775.0,2623,0.0,0.0
2024-06-17 14:00:00+09:00,2780.0,2790.0,2770.0,2780.0,3208,0.0,0.0
2024-06-18 09:00:00+09:00,2810.0,2810.0,2760.0,2770.0,0,0.0,0.0
2024-06-18 10:00:00+09:00,2780.0,2780.0,2740.0,2745.0,21191,0.0,0.0
2024-06-18 11:00:00+09:00,2745.0,2750.0,2730.0,2740.0,8039,0.0,0.0
2024-06-18 12:00:00+09:00,2740.0,2790.0,2730.0,2785.0,16563,0.0,0.0
2024-06-18 13:00:00+09:00,2790.0,2795.0,2765.0,2765.0,6147,0.0,0.0
2024-06-18 14:00:00+09:00,2785.0,2785.0,2760.0,2760.0,4875,0.0,0.0
2024-06-19 09:00:00+09:00,2760.0,2760.0,2725.0,2750.0,10951,0.0,0.0
2024-06-19 10:00:00+09:00,2750.0,2780.0,2750.0,2755.0,9410,0.0,0.0
2024-06-19 11:00:00+09:00,2775.0,2775.0,2750.0,2750.0,4285,0.0,0.0
2024-06-19 12:00:00+09:00,2765.0,2775.0,2730.0,2735.0,4186,0.0,0.0
2024-06-19 13:00:00+09:00,2755.0,2775.0,2735.0,2770.0,2073,0.0,0.0
2024-06-19 14:00:00+09:00,2770.0,2770.0,2750.0,2750.0,1434,0.0,0.0
2024-06-20 09:00:00+09:00,2760.0,2790.0,2760.0,2780.0,12118,0.0,0.0
2024-06-20 10:00:00+09:00,2780.0,2780.0,2745.0,2755.0,6835,0.0,0.0
2024-06-20 11:00:00+09:00,2770.0,2780.0,2760.0,2775.0,615,0.0,0.0
2024-06-20 12:00:00+09:00,2780.0,2780.0,2755.0,2760.0,2429,0.0,0.0
2024-06-20 13:00:00+09:00,2760.0,2785.0,2745.0,2765.0,0,0.0,0.0
2024-06-20 14:00:00+09:00,2775.0,2780.0,2750.0,2775.0,29183,0.0,0.0
2024-06-21 09:00:00+09:00,2795.0,2795.0,2765.0,2795.0,4626,0.0,0.0
2024-06-21 10:00:00+09:00,2795.0,2795.0,2765.0,2765.0,2200,0.0,0.0
2024-06-21 11:00:00+09:00,2775.0,2775.0,2765.0,2775.0,873,0.0,0.0
2024-06-21 12:00:00+09:00,2775.0,2780.0,2765.0,2780.0,660,0.0,0.0
2024-06-21 13:00:00+09:00,2780.0,2780.0,2765.0,2780.0,887,0.0,0.0
2024-06-21 14:00:00+09:00,2780.0,2780.0,2760.0,2765.0,1407,0.0,0.0
2024-06-24 09:00:00+09:00,2755.0,2755.0,2720.0,2725.0,0,0.0,0.0
2024-06-24 10:00:00+09:00,2725.0,2725.0,2680.0,2685.0,10580,0.0,0.0
2024-06-24 11:00:00+09:00,2690.0,2705.0,2680.0,2705.0,2128,0.0,0.0
2024-06-24 12:00:00+09:00,2705.0,2720.0,2690.0,2690.0,1324,0.0,0.0
2024-06-24 13:00:00+09:00,2700.0,2700.0,2680.0,2680.0,1267,0.0,0.0
2024-06-24 14:00:00+09:00,2685.0,2705.0,2685.0,2705.0,1809,0.0,0.0
2024-06-25 09:00:00+09:00,2690.0,2690.0,2650.0,2680.0,9142,0.0,0.0
2024-06-25 10:00:00+09:00,2670.0,2680.0,2655.0,2665.0,4805,0.0,0.0
2024-06-25 11:00:00+09:00,2670.0,2690.0,2665.0,2685.0,1198,0.0,0.0
2024-06-25 12:00:00+09:00,2690.0,2690.0,2670.0,2690.0,1436,0.0,0.0
2024-06-25 13:00:00+09:00,2690.0,2690.0,2680.0,2690.0,483,0.0,0.0
2024-06-25 14:00:00+09:00,2685.0,2685.0,2670.0,2680.0,1202,0.0,0.0
2024-06-26 09:00:00+09:00,2685.0,2700.0,2675.0,2675.0,4627,0.0,0.0
2024-06-26 10:00:00+09:00,2670.0,2690.0,2665.0,2690.0,2649,0.0,0.0
2024-06-26 11:00:00+09:00,2675.0,2690.0,2675.0,2680.0,1867,0.0,0.0
2024-06-26 12:00:00+09:00,2680.0,2690.0,2680.0,2690.0,2733,0.0,0.0
2024-06-26 13:00:00+09:00,2685.0,2690.0,2670.0,2670.0,3701,0.0,0.0
2024-06-26 14:00:00+09:00,2665.0,2670.0,2635.0,2670.0,0,0.0,0.0
2024-06-27 09:00:00+09:00,2700.0,2700.0,2655.0,2665.0,5270,0.0,0.0
2024-06-27 10:00:00+09:00,2665.0,2685.0,2655.0,2665.0,936,0.0,0.0
2024-06-27 11:00:00+09:00,2660.0,2660.0,2640.0,2640.0,3905,0.0,0.0
2024-06-27 12:00:00+09:00,2655.0,2670.0,2650.0,2650.0,2277,0.0,0.0
2024-06-27 13:00:00+09:00,2650.0,2660.0,2650.0,2650.0,339,0.0,0.0
2024-06-27 14:00:00+09:00,2650.0,2660.0,2650.0,2655.0,1573,0.0,0.0
2024-06-28 09:00:00+09:00,2670.0,2670.0,2635.0,2660.0,5504,0.0,0.0
2024-06-28 10:00:00+09:00,2660.0,2660.0,2635.0,2655.0,1791,0.0,0.0
2024-06-28 11:00:00+09:00,2655.0,2655.0,2645.0,2655.0,1290,0.0,0.0
2024-06-28 12:00:00+09:00,2655.0,2655.0,2645.0,2650.0,1370,0.0,0.0
2024-06-28 13:00:00+09:00,2650.0,2660.0,2645.0,2660.0,529,0.0,0.0
2024-06-28 14:00:00+09:00,2660.0,2665.0,2650.0,2650.0,1944,0.0,0.0
2024-07-01 09:00:00+09:00,2650.0,2650.0,2635.0,2640.0,0,0.0,0.0
2024-07-01 10:00:00+09:00,2640.0,2640.0,2625.0,2635.0,5884,0.0,0.0
2024-07-01 11:00:00+09:00,2635.0,2645.0,2635.0,2645.0,2109,0.0,0.0
2024-07-01 12:00:00+09:00,2645.0,2645.0,2625.0,2630.0,6949,0.0,0.0
2024-07-01 13:00:00+09:00,2645.0,2645.0,2625.0,2635.0,2508,0.0,0.0
2024-07-01 14:00:00+09:00,2645.0,2650.0,2630.0,2635.0,3484,0.0,0.0
2024-07-02 09:00:00+09:00,2630.0,2645.0,2620.0,2620.0,16038,0.0,0.0
2024-07-02 10:00:00+09:00,2620.0,2645.0,2615.0,2625.0,3707,0.0,0.0
2024-07-02 11:00:00+09:00,2630.0,2650.0,2630.0,2630.0,1624,0.0,0.0
2024-07-02 12:00:00+09:00,2635.0,2635.0,2605.0,2610.0,4227,0.0,0.0
2024-07-02 13:00:00+09:00,2610.0,2610.0,2595.0,2605.0,7738,0.0,0.0
2024-07-02 14:00:00+09:00,2605.0,2650.0,2600.0,2645.0,6779,0.0,0.0
2024-07-03 09:00:00+09:00,2610.0,2625.0,2585.0,2610.0,4459,0.0,0.0
2024-07-03 10:00:00+09:00,2590.0,2600.0,2580.0,2585.0,4383,0.0,0.0
2024-07-03 11:00:00+09:00,2595.0,2595.0,2500.0,2540.0,10148,0.0,0.0
2024-07-03 12:00:00+09:00,2565.0,2610.0,2560.0,2570.0,1617,0.0,0.0
2024-07-03 13:00:00+09:00,2570.0,2570.0,2525.0,2530.0,5816,0.0,0.0
2024-07-03 14:00:00+09:00,2530.0,2530.0,2500.0,2515.0,7431,0.0,0.0
2024-07-04 09:00:00+09:00,2505.0,2515.0,2430.0,2490.0,14213,0.0,0.0
2024-07-04 10:00:00+09:00,2490.0,2490.0,2425.0,2425.0,11425,0.0,0.0
2024-07-04 11:00:00+09:00,2425.0,2430.0,2390.0,2400.0,20803,0.0,0.0
2024-07-04 12:00:00+09:00,2400.0,2415.0,2390.0,2415.0,10251,0.0,0.0
2024-07-04 13:00:00+09:00,2410.0,2415.0,2370.0,2370.0,10109,0.0,0.0
2024-07-04 14:00:00+09:00,2390.0,2400.0,2330.0,2395.0,23474,0.0,0.0
2024-07-05 09:00:00+09:00,2385.0,2390.0,2170.0,2285.0,53996,0.0,0.0
2024-07-05 10:00:00+09:00,2285.0,2290.0,2205.0,2235.0,33247,0.0,0.0
2024-07-05 11:00:00+09:00,2235.0,2240.0,2220.0,2235.0,6362,0.0,0.0
2024-07-05 12:00:00+09:00,2240.0,2265.0,2220.0,2235.0,5998,0.0,0.0
2024-07-05 13:00:00+09:00,2230.0,2245.0,2225.0,2240.0,3207,0.0,0.0
2024-07-05 14:00:00+09:00,2240.0,2270.0,2240.0,2270.0,18764,0.0,0.0
2024-07-08 09:00:00+09:00,2275.0,2300.0,2270.0,2280.0,0,0.0,0.0
2024-07-08 10:00:00+09:00,2290.0,2295.0,2270.0,2285.0,6478,0.0,0.0
2024-07-08 11:00:00+09:00,2280.0,2285.0,2270.0,2280.0,1036,0.0,0.0
2024-07-08 12:00:00+09:00,2280.0,2285.0,2275.0,2275.0,4750,0.0,0.0
2024-07-08 13:00:00+09:00,2280.0,2285.0,2275.0,2285.0,1840,0.0,0.0
2024-07-08 14:00:00+09:00,2285.0,2290.0,2285.0,2290.0,2889,0.0,0.0
2024-07-09 09:00:00+09:00,2305.0,2670.0,2305.0,2365.0,202824,0.0,0.0
2024-07-09 10:00:00+09:00,2365.0,2405.0,2355.0,2375.0,19935,0.0,0.0
2024-07-09 11:00:00+09:00,2375.0,2395.0,2340.0,2370.0,15287,0.0,0.0
2024-07-09 12:00:00+09:00,2380.0,2380.0,2340.0,2340.0,8684,0.0,0.0
2024-07-09 13:00:00+09:00,2345.0,2385.0,2340.0,2385.0,5265,0.0,0.0
2024-07-09 14:00:00+09:00,2365.0,2375.0,2340.0,2355.0,6867,0.0,0.0
2024-07-10 09:00:00+09:00,2435.0,2435.0,2345.0,2395.0,19922,0.0,0.0
2024-07-10 10:00:00+09:00,2395.0,2395.0,2350.0,2375.0,4227,0.0,0.0
2024-07-10 11:00:00+09:00,2360.0,2385.0,2325.0,2375.0,13640,0.0,0.0
2024-07-10 12:00:00+09:00,2375.0,2390.0,2360.0,2380.0,1678,0.0,0.0
2024-07-10 13:00:00+09:00,2390.0,2410.0,2350.0,2400.0,5454,0.0,0.0
2024-07-10 14:00:00+09:00,2400.0,2465.0,2400.0,2425.0,9447,0.0,0.0
2024-07-11 09:00:00+09:00,2420.0,2470.0,2420.0,2440.0,14432,0.0,0.0
2024-07-11 10:00:00+09:00,2440.0,2440.0,2425.0,2435.0,635,0.0,0.0
2024-07-11 11:00:00+09:00,2435.0,2435.0,2425.0,2430.0,2376,0.0,0.0
2024-07-11 12:00:00+09:00,2435.0,2440.0,2425.0,2440.0,1158,0.0,0.0
2024-07-11 13:00:00+09:00,2440.0,2440.0,2435.0,2435.0,1964,0.0,0.0
2024-07-11 14:00:00+09:00,2440.0,2445.0,2430.0,2440.0,1947,0.0,0.0
2024-07-12 09:00:00+09:00,2535.0,2535.0,2395.0,2410.0,15777,0.0,0.0
2024-07-12 10:00:00+09:00,2410.0,2470.0,2400.0,2470.0,7772,0.0,0.0
2024-07-12 11:00:00+09:00,2470.0,2470.0,2440.0,2440.0,4826,0.0,0.0
2024-07-12 12:00:00+09:00,2430.0,2450.0,2425.0,2440.0,6216,0.0,0.0
2024-07-12 13:00:00+09:00,2450.0,2455.0,2430.0,2450.0,3070,0.0,0.0
2024-07-12 14:00:00+09:00,2450.0,2455.0,2430.0,2440.0,1944,0.0,0.0
2024-07-15 09:00:00+09:00,2465.0,2550.0,2465.0,2545.0,0,0.0,0.0
2024-07-15 10:00:00+09:00,2545.0,2575.0,2545.0,2560.0,11363,0.0,0.0
2024-07-15 11:00:00+09:00,2560.0,2560.0,2525.0,2525.0,2131,0.0,0.0
2024-07-15 12:00:00+09:00,2525.0,2550.0,2525.0,2550.0,760,0.0,0.0
2024-07-15 13:00:00+09:00,2545.0,2550.0,2545.0,2550.0,2572,0.0,0.0
2024-07-15 14:00:00+09:00,2550.0,2560.0,2545.0,2555.0,3786,0.0,0.0
2024-07-16 09:00:00+09:00,2555.0,2625.0,2520.0,2600.0,23411,0.0,0.0
2024-07-16 10:00:00+09:00,2595.0,2605.0,2595.0,2605.0,5667,0.0,0.0
2024-07-16 11:00:00+09:00,2605.0,2615.0,2555.0,2570.0,4245,0.0,0.0
2024-07-16 12:00:00+09:00,2580.0,2595.0,2575.0,2595.0,2455,0.0,0.0
2024-07-16 13:00:00+09:00,2595.0,2610.0,2585.0,2600.0,1128,0.0,0.0
2024-07-16 14:00:00+09:00,2595.0,2600.0,2585.0,2590.0,2605,0.0,0.0
2024-07-17 09:00:00+09:00,2575.0,2630.0,2560.0,2610.0,9375,0.0,0.0
2024-07-17 10:00:00+09:00,2615.0,2620.0,2610.0,2615.0,1126,0.0,0.0
2024-07-17 11:00:00+09:00,2615.0,2620.0,2585.0,2605.0,4602,0.0,0.0
2024-07-17 12:00:00+09:00,2610.0,2610.0,2585.0,2600.0,1379,0.0,0.0
2024-07-17 13:00:00+09:00,2595.0,2605.0,2580.0,2580.0,9812,0.0,0.0
2024-07-17 14:00:00+09:00,2575.0,2590.0,2510.0,2570.0,6699,0.0,0.0
2024-07-18 09:00:00+09:00,2540.0,2540.0,2410.0,2505.0,0,0.0,0.0
2024-07-18 10:00:00+09:00,2495.0,2535.0,2485.0,2505.0,5156,0.0,0.0
2024-07-18 11:00:00+09:00,2505.0,2535.0,2505.0,2505.0,1697,0.0,0.0
2024-07-18 12:00:00+09:00,2505.0,2505.0,2485.0,2485.0,3236,0.0,0.0
2024-07-18 13:00:00+09:00,2485.0,2485.0,2475.0,2485.0,1391,0.0,0.0
2024-07-18 14:00:00+09:00,2485.0,2505.0,2475.0,2480.0,7614,0.0,0.0
2024-07-19 09:00:00+09:00,2505.0,2620.0,2500.0,2575.0,34066,0.0,0.0
2024-07-19 10:00:00+09:00,2570.0,2580.0,2525.0,2570.0,3691,0.0,0.0
2024-07-19 11:00:00+09:00,2570.0,2600.0,2565.0,2595.0,2020,0.0,0.0
2024-07-19 12:00:00+09:00,2595.0,2595.0,2570.0,2570.0,1937,0.0,0.0
2024-07-19 13:00:00+09:00,2575.0,2595.0,2575.0,2595.0,2755,0.0,0.0
2024-07-19 14:00:00+09:00,2590.0,2600.0,2570.0,2580.0,3379,0.0,0.0
2024-07-22 09:00:00+09:00,2595.0,2610.0,2570.0,2585.0,0,0.0,0.0
2024-07-22 10:00:00+09:00,2570.0,2585.0,2560.0,2575.0,2488,0.0,0.0
2024-07-22 11:00:00+09:00,2575.0,2595.0,2575.0,2580.0,570,0.0,0.0
2024-07-22 12:00:00+09:00,2580.0,2585.0,2570.0,2575.0,2391,0.0,0.0
2024-07-22 13:00:00+09:00,2575.0,2595.0,2575.0,2575.0,2760,0.0,0.0
2024-07-22 14:00:00+09:00,2580.0,2590.0,2565.0,2570.0,4197,0.0,0.0
2024-07-23 09:00:00+09:00,2540.0,2590.0,2540.0,2560.0,11590,0.0,0.0
2024-07-23 10:00:00+09:00,2570.0,2570.0,2560.0,2560.0,2266,0.0,0.0
2024-07-23 11:00:00+09:00,2565.0,2580.0,2560.0,2580.0,12707,0.0,0.0
2024-07-23 12:00:00+09:00,2580.0,2590.0,2565.0,2570.0,9490,0.0,0.0
2024-07-23 13:00:00+09:00,2585.0,2590.0,2575.0,2575.0,0,0.0,0.0
2024-07-23 14:00:00+09:00,2575.0,2620.0,2575.0,2620.0,3787,0.0,0.0
2024-07-24 09:00:00+09:00,2600.0,2610.0,2570.0,2610.0,7095,0.0,0.0
2024-07-24 10:00:00+09:00,2610.0,2620.0,2600.0,2600.0,3299,0.0,0.0
2024-07-24 11:00:00+09:00,2620.0,2620.0,2600.0,2610.0,934,0.0,0.0
2024-07-24 12:00:00+09:00,2610.0,2615.0,2595.0,2610.0,1634,0.0,0.0
2024-07-24 13:00:00+09:00,2610.0,2610.0,2595.0,2610.0,3243,0.0,0.0
2024-07-24 14:00:00+09:00,2600.0,2610.0,2590.0,2590.0,1582,0.0,0.0
2024-07-25 09:00:00+09:00,2605.0,2620.0,2590.0,2600.0,18695,0.0,0.0
2024-07-25 10:00:00+09:00,2595.0,2605.0,2570.0,2570.0,3716,0.0,0.0
2024-07-25 11:00:00+09:00,2575.0,2605.0,2575.0,2600.0,1155,0.0,0.0
2024-07-25 12:00:00+09:00,2600.0,2600.0,2550.0,2555.0,7012,0.0,0.0
2024-07-25 13:00:00+09:00,2575.0,2605.0,2575.0,2605.0,5909,0.0,0.0
2024-07-25 14:00:00+09:00,2600.0,2650.0,2590.0,2645.0,3484,0.0,0.0
2024-07-26 09:00:00+09:00,2625.0,2640.0,2615.0,2620.0,2512,0.0,0.0
2024-07-26 10:00:00+09:00,2620.0,2620.0,2580.0,2605.0,5727,0.0,0.0
2024-07-26 11:00:00+09:00,2595.0,2600.0,2560.0,2595.0,7507,0.0,0.0
2024-07-26 12:00:00+09:00,2595.0,2595.0,2555.0,2595.0,3579,0.0,0.0
2024-07-26 13:00:00+09:00,2580.0,2580.0,2545.0,2565.0,10788,0.0,0.0
2024-07-26 14:00:00+09:00,2560.0,2590.0,2560.0,2590.0,8399,0.0,0.0
2024-07-29 09:00:00+09:00,2610.0,2620.0,2525.0,2620.0,0,0.0,0.0
2024-07-29 10:00:00+09:00,2625.0,2650.0,2620.0,2620.0,4761,0.0,0.0
2024-07-29 11:00:00+09:00,2630.0,2650.0,2600.0,2645.0,3795,0.0,0.0
2024-07-29 12:00:00+09:00,2645.0,2650.0,2640.0,2640.0,833,0.0,0.0
2024-07-29 13:00:00+09:00,2645.0,2660.0,2640.0,2660.0,1259,0.0,0.0
2024-07-29 14:00:00+09:00,2655.0,2670.0,2650.0,2655.0,1182,0.0,0.0
2024-07-30 09:00:00+09:00,2645.0,2700.0,2645.0,2680.0,8558,0.0,0.0
2024-07-30 10:00:00+09:00,2675.0,2675.0,2645.0,2645.0,3936,0.0,0.0
2024-07-30 11:00:00+09:00,2645.0,2645.0,2615.0,2645.0,5248,0.0,0.0
2024-07-30 12:00:00+09:00,2620.0,2645.0,2615.0,2625.0,1692,0.0,0.0
2024-07-30 13:00:00+09:00,2630.0,2645.0,2615.0,2645.0,290,0.0,0.0
2024-07-30 14:00:00+09:00,2645.0,2695.0,2620.0,2695.0,11908,0.0,0.0
2024-07-31 09:00:00+09:00,2680.0,2715.0,2650.0,2710.0,9142,0.0,0.0
2024-07-31 10:00:00+09:00,2710.0,2710.0,2660.0,2675.0,4056,0.0,0.0
2024-07-31 11:00:00+09:00,2665.0,2675.0,2660.0,2675.0,903,0.0,0.0
2024-07-31 12:00:00+09:00,2670.0,2695.0,2670.0,2690.0,2058,0.0,0.0
2024-07-31 13:00:00+09:00,2690.0,2690.0,2675.0,2690.0,859,0.0,0.0
2024-07-31 14:00:00+09:00,2690.0,2700.0,2670.0,2700.0,2712,0.0,0.0
2024-08-01 09:00:00+09:00,2665.0,2695.0,2620.0,2660.0,6708,0.0,0.0
2024-08-01 10:00:00+09:00,2665.0,2665.0,2650.0,2660.0,1523,0.0,0.0
2024-08-01 11:00:00+09:00,2650.0,2660.0,2650.0,2660.0,305,0.0,0.0
2024-08-01 12:00:00+09:00,2650.0,2685.0,2650.0,2685.0,1165,0.0,0.0
2024-08-01 13:00:00+09:00,2685.0,2685.0,2640.0,2670.0,3113,0.0,0.0
2024-08-01 14:00:00+09:00,2670.0,2685.0,2660.0,2685.0,3277,0.0,0.0
2024-08-02 09:00:00+09:00,2665.0,2670.0,2590.0,2650.0,15852,0.0,0.0
2024-08-02 10:00:00+09:00,2630.0,2655.0,2600.0,2635.0,7060,0.0,0.0
2024-08-02 11:00:00+09:00,2615.0,2630.0,2590.0,2590.0,7261,0.0,0.0
2024-08-02 12:00:00+09:00,2585.0,2615.0,2580.0,2615.0,1576,0.0,0.0
2024-08-02 13:00:00+09:00,2615.0,2620.0,2600.0,2620.0,1156,0.0,0.0
2024-08-02 14:00:00+09:00,2620.0,2620.0,2585.0,2590.0,2755,0.0,0.0
2024-08-05 09:00:00+09:00,2610.0,2660.0,2405.0,2485.0,0,0.0,0.0
2024-08-05 10:00:00+09:00,2510.0,2515.0,2390.0,2390.0,7786,0.0,0.0
2024-08-05 11:00:00+09:00,2400.0,2430.0,2350.0,2355.0,8933,0.0,0.0
2024-08-05 12:00:00+09:00,2355.0,2375.0,2350.0,2360.0,4393,0.0,0.0
2024-08-05 13:00:00+09:00,2360.0,2370.0,2255.0,2255.0,9751,0.0,0.0
2024-08-05 14:00:00+09:00,2340.0,2340.0,2260.0,2265.0,10675,0.0,0.0
2024-08-06 09:00:00+09:00,2285.0,2480.0,2260.0,2425.0,28852,0.0,0.0
2024-08-06 10:00:00+09:00,2420.0,2460.0,2355.0,2385.0,5189,0.0,0.0
2024-08-06 11:00:00+09:00,2370.0,2370.0,2355.0,2360.0,3302,0.0,0.0
2024-08-06 12:00:00+09:00,2360.0,2375.0,2345.0,2375.0,5914,0.0,0.0
2024-08-06 13:00:00+09:00,2375.0,2375.0,2345.0,2355.0,1047,0.0,0.0
2024-08-06 14:00:00+09:00,2355.0,2380.0,2355.0,2365.0,1360,0.0,0.0
2024-08-07 09:00:00+09:00,2365.0,2460.0,2330.0,2390.0,5774,0.0,0.0
2024-08-07 10:00:00+09:00,2390.0,2395.0,2355.0,2375.0,7610,0.0,0.0
2024-08-07 11:00:00+09:00,2375.0,2405.0,2375.0,2385.0,1414,0.0,0.0
2024-08-07 12:00:00+09:00,2390.0,2390.0,2375.0,2375.0,2551,0.0,0.0
2024-08-07 13:00:00+09:00,2380.0,2440.0,2380.0,2430.0,8681,0.0,0.0
2024-08-07 14:00:00+09:00,2420.0,2440.0,2420.0,2425.0,2133,0.0,0.0
2024-08-08 09:00:00+09:00,2425.0,2425.0,2365.0,2380.0,4609,0.0,0.0
2024-08-08 10:00:00+09:00,2380.0,2410.0,2380.0,2380.0,961,0.0,0.0
2024-08-08 11:00:00+09:00,2380.0,2450.0,2375.0,2450.0,3020,0.0,0.0
2024-08-08 12:00:00+09:00,2450.0,2525.0,2450.0,2485.0,5428,0.0,0.0
2024-08-08 13:00:00+09:00,2485.0,2505.0,2485.0,2505.0,2998,0.0,0.0
2024-08-08 14:00:00+09:00,2510.0,2525.0,2490.0,2490.0,4935,0.0,0.0
2024-08-09 09:00:00+09:00,3230.0,3405.0,3020.0,3405.0,865514,0.0,0.0
2024-08-09 10:00:00+09:00,3405.0,3405.0,3405.0,3405.0,18278,0.0,0.0
2024-08-09 11:00:00+09:00,3405.0,3405.0,3405.0,3405.0,23549,0.0,0.0
2024-08-09 12:00:00+09:00,3405.0,3405.0,3405.0,3405.0,9191,0.0,0.0
2024-08-09 13:00:00+09:00,3405.0,3405.0,3405.0,3405.0,350342,0.0,0.0
2024-08-09 14:00:00+09:00,3405.0,3405.0,3305.0,3405.0,1377395,0.0,0.0
2024-08-12 09:00:00+09:00,3335.0,3840.0,3245.0,3505.0,1081006,0.0,0.0
2024-08-12 10:00:00+09:00,3505.0,3605.0,3440.0,3540.0,366628,0.0,0.0
2024-08-12 11:00:00+09:00,3540.0,3645.0,3515.0,3515.0,290684,0.0,0.0
2024-08-12 12:00:00+09:00,3520.0,3595.0,3485.0,3515.0,78006,0.0,0.0
2024-08-12 13:00:00+09:00,3520.0,3605.0,3440.0,3465.0,267885,0.0,0.0
2024-08-12 14:00:00+09:00,3465.0,3515.0,3410.0,3435.0,139290,0.0,0.0
2024-08-13 09:00:00+09:00,3455.0,3460.0,3110.0,3280.0,393233,0.0,0.0
2024-08-13 10:00:00+09:00,3285.0,3315.0,3205.0,3220.0,58545,0.0,0.0
2024-08-13 11:00:00+09:00,3215.0,3950.0,3205.0,3285.0,2357216,0.0,0.0
2024-08-13 12:00:00+09:00,3285.0,3360.0,3245.0,3265.0,233822,0.0,0.0
2024-08-13 13:00:00+09:00,3265.0,3480.0,3250.0,3375.0,241841,0.0,0.0
2024-08-13 14:00:00+09:00,3380.0,3450.0,3315.0,3415.0,79210,0.0,0.0
2024-08-14 09:00:00+09:00,3505.0,3615.0,3505.0,3615.0,95517,0.0,0.0
2024-08-14 10:00:00+09:00,3600.0,3600.0,3575.0,3575.0,16017,0.0,0.0
2024-08-14 11:00:00+09:00,3535.0,3535.0,3530.0,3530.0,36080,0.0,0.0
2024-08-14 12:00:00+09:00,3535.0,3535.0,3530.0,3530.0,23892,0.0,0.0
2024-08-14 13:00:00+09:00,3535.0,3550.0,3535.0,3550.0,39682,0.0,0.0
2024-08-14 14:00:00+09:00,3580.0,3580.0,3565.0,3565.0,21535,0.0,0.0
2024-08-16 09:00:00+09:00,3640.0,3650.0,3640.0,3650.0,0,0.0,0.0
2024-08-16 10:00:00+09:00,3650.0,3665.0,3650.0,3665.0,27510,0.0,0.0
2024-08-16 11:00:00+09:00,3680.0,3735.0,3680.0,3735.0,45203,0.0,0.0
2024-08-16 12:00:00+09:00,3735.0,3735.0,3735.0,3735.0,36733,0.0,0.0
2024-08-16 13:00:00+09:00,3735.0,3760.0,3735.0,3760.0,34676,0.0,0.0
2024-08-16 14:00:00+09:00,3760.0,3760.0,3710.0,3710.0,21991,0.0,0.0
