Datetime,Open,High,Low,Close,Volume,Dividends,Stock Splits
2023-03-28 09:00:00+09:00,4300.0,4690.0,3425.0,3475.0,0,0.0,0.0
2023-03-28 10:00:00+09:00,3490.0,3950.0,3490.0,3765.0,245442,0.0,0.0
2023-03-28 11:00:00+09:00,3765.0,3790.0,3560.0,3590.0,198903,0.0,0.0
2023-03-28 12:00:00+09:00,3600.0,3690.0,3475.0,3630.0,84463,0.0,0.0
2023-03-28 13:00:00+09:00,3585.0,3675.0,3565.0,3640.0,40226,0.0,0.0
2023-03-28 14:00:00+09:00,3640.0,3640.0,3470.0,3485.0,53001,0.0,0.0
2023-03-29 09:00:00+09:00,3670.0,3860.0,3630.0,3745.0,0,0.0,0.0
2023-03-29 10:00:00+09:00,3740.0,3760.0,3650.0,3710.0,53532,0.0,0.0
2023-03-29 11:00:00+09:00,3710.0,3710.0,3610.0,3610.0,35029,0.0,0.0
2023-03-29 12:00:00+09:00,3610.0,3835.0,3590.0,3695.0,95982,0.0,0.0
2023-03-29 13:00:00+09:00,3690.0,3705.0,3645.0,3670.0,34990,0.0,0.0
2023-03-29 14:00:00+09:00,3675.0,3720.0,3655.0,3705.0,23619,0.0,0.0
2023-03-30 09:00:00+09:00,3800.0,3845.0,3690.0,3775.0,0,0.0,0.0
2023-03-30 10:00:00+09:00,3775.0,3780.0,3670.0,3730.0,47101,0.0,0.0
2023-03-30 11:00:00+09:00,3710.0,3735.0,3650.0,3705.0,21639,0.0,0.0
2023-03-30 12:00:00+09:00,3685.0,3700.0,3615.0,3680.0,32007,0.0,0.0
2023-03-30 13:00:00+09:00,3680.0,3710.0,3655.0,3670.0,15143,0.0,0.0
2023-03-30 14:00:00+09:00,3670.0,3700.0,3655.0,3675.0,21776,0.0,0.0
2023-03-31 09:00:00+09:00,3720.0,3780.0,3660.0,3710.0,0,0.0,0.0
2023-03-31 10:00:00+09:00,3705.0,3735.0,3645.0,3735.0,20843,0.0,0.0
2023-03-31 11:00:00+09:00,3730.0,3875.0,3695.0,3805.0,55130,0.0,0.0
2023-03-31 12:00:00+09:00,3805.0,3810.0,3725.0,3750.0,10694,0.0,0.0
2023-03-31 13:00:00+09:00,3750.0,3790.0,3710.0,3765.0,15721,0.0,0.0
2023-03-31 14:00:00+09:00,3760.0,3760.0,3675.0,3730.0,0,0.0,0.0
2023-04-03 09:00:00+09:00,3765.0,3945.0,3740.0,3880.0,0,0.0,0.0
2023-04-03 10:00:00+09:00,3880.0,3940.0,3865.0,3940.0,43649,0.0,0.0
2023-04-03 11:00:00+09:00,3940.0,3995.0,3900.0,3940.0,39749,0.0,0.0
2023-04-03 12:00:00+09:00,3940.0,3970.0,3900.0,3930.0,41923,0.0,0.0
2023-04-03 13:00:00+09:00,3960.0,3960.0,3900.0,3940.0,24625,0.0,0.0
2023-04-03 14:00:00+09:00,3940.0,3975.0,3905.0,3975.0,25098,0.0,0.0
2023-04-04 09:00:00+09:00,3995.0,4020.0,3925.0,3980.0,50792,0.0,0.0
2023-04-04 10:00:00+09:00,3970.0,4020.0,3945.0,3980.0,25573,0.0,0.0
2023-04-04 11:00:00+09:00,3980.0,3980.0,3925.0,3955.0,37803,0.0,0.0
2023-04-04 12:00:00+09:00,3955.0,3955.0,3930.0,3955.0,4679,0.0,0.0
2023-04-04 13:00:00+09:00,3955.0,3975.0,3940.0,3970.0,7741,0.0,0.0
2023-04-04 14:00:00+09:00,3965.0,3970.0,3930.0,3950.0,12967,0.0,0.0
2023-04-05 09:00:00+09:00,3935.0,4000.0,3880.0,3950.0,0,0.0,0.0
2023-04-05 10:00:00+09:00,3960.0,4010.0,3955.0,3970.0,13851,0.0,0.0
2023-04-05 11:00:00+09:00,3970.0,3980.0,3920.0,3955.0,11627,0.0,0.0
2023-04-05 12:00:00+09:00,3955.0,4065.0,3940.0,4020.0,38138,0.0,0.0
2023-04-05 13:00:00+09:00,4020.0,4075.0,3985.0,4030.0,32203,0.0,0.0
2023-04-05 14:00:00+09:00,4020.0,4220.0,4005.0,4205.0,159514,0.0,0.0
2023-04-06 09:00:00+09:00,4210.0,4270.0,3960.0,4255.0,0,0.0,0.0
2023-04-06 10:00:00+09:00,4255.0,4255.0,4120.0,4200.0,23961,0.0,0.0
2023-04-06 11:00:00+09:00,4200.0,4350.0,4180.0,4300.0,96935,0.0,0.0
2023-04-06 12:00:00+09:00,4295.0,4300.0,4170.0,4205.0,17212,0.0,0.0
2023-04-06 13:00:00+09:00,4200.0,4200.0,4140.0,4145.0,14919,0.0,0.0
2023-04-06 14:00:00+09:00,4150.0,4210.0,4145.0,4195.0,22903,0.0,0.0
2023-04-07 09:00:00+09:00,4315.0,4380.0,4150.0,4195.0,0,0.0,0.0
2023-04-07 10:00:00+09:00,4215.0,4245.0,4170.0,4190.0,19797,0.0,0.0
2023-04-07 11:00:00+09:00,4180.0,4200.0,4155.0,4195.0,16460,0.0,0.0
2023-04-07 12:00:00+09:00,4195.0,4225.0,4140.0,4225.0,13582,0.0,0.0
2023-04-07 13:00:00+09:00,4200.0,4225.0,4145.0,4215.0,7807,0.0,0.0
2023-04-07 14:00:00+09:00,4205.0,4205.0,4150.0,4175.0,10554,0.0,0.0
2023-04-10 09:00:00+09:00,4130.0,4170.0,3820.0,3825.0,0,0.0,0.0
2023-04-10 10:00:00+09:00,3865.0,3935.0,3845.0,3920.0,18744,0.0,0.0
2023-04-10 11:00:00+09:00,3920.0,3935.0,3855.0,3905.0,17259,0.0,0.0
2023-04-10 12:00:00+09:00,3905.0,3920.0,3890.0,3900.0,4061,0.0,0.0
2023-04-10 13:00:00+09:00,3900.0,3910.0,3850.0,3890.0,10181,0.0,0.0
2023-04-10 14:00:00+09:00,3890.0,3920.0,3875.0,3880.0,8699,0.0,0.0
2023-04-11 09:00:00+09:00,3920.0,3920.0,3645.0,3720.0,0,0.0,0.0
2023-04-11 10:00:00+09:00,3720.0,4100.0,3715.0,4030.0,61713,0.0,0.0
2023-04-11 11:00:00+09:00,4045.0,4195.0,4045.0,4080.0,40940,0.0,0.0
2023-04-11 12:00:00+09:00,4080.0,4080.0,3960.0,3975.0,12030,0.0,0.0
2023-04-11 13:00:00+09:00,4020.0,4020.0,3800.0,3955.0,16153,0.0,0.0
2023-04-11 14:00:00+09:00,3945.0,4025.0,3915.0,3935.0,12948,0.0,0.0
2023-04-12 09:00:00+09:00,3975.0,4100.0,3960.0,4025.0,30147,0.0,0.0
2023-04-12 10:00:00+09:00,4015.0,4065.0,3960.0,4035.0,30711,0.0,0.0
2023-04-12 11:00:00+09:00,4035.0,4050.0,3995.0,4000.0,14389,0.0,0.0
2023-04-12 12:00:00+09:00,4000.0,4050.0,3985.0,4050.0,35378,0.0,0.0
2023-04-12 13:00:00+09:00,4050.0,4050.0,3985.0,4050.0,12944,0.0,0.0
2023-04-12 14:00:00+09:00,4005.0,4060.0,3990.0,4050.0,29876,0.0,0.0
2023-04-13 09:00:00+09:00,4055.0,4100.0,3950.0,3960.0,29410,0.0,0.0
2023-04-13 10:00:00+09:00,3960.0,3960.0,3890.0,3930.0,10667,0.0,0.0
2023-04-13 11:00:00+09:00,3930.0,3940.0,3910.0,3930.0,7171,0.0,0.0
2023-04-13 12:00:00+09:00,3925.0,3965.0,3920.0,3960.0,2881,0.0,0.0
2023-04-13 13:00:00+09:00,3960.0,3970.0,3920.0,3965.0,6786,0.0,0.0
2023-04-13 14:00:00+09:00,3965.0,3970.0,3930.0,3950.0,4834,0.0,0.0
2023-04-14 09:00:00+09:00,4005.0,4050.0,3955.0,3980.0,0,0.0,0.0
2023-04-14 10:00:00+09:00,3995.0,4005.0,3970.0,3985.0,16991,0.0,0.0
2023-04-14 11:00:00+09:00,3985.0,4010.0,3955.0,4000.0,10619,0.0,0.0
2023-04-14 12:00:00+09:00,3975.0,3985.0,3955.0,3985.0,4710,0.0,0.0
2023-04-14 13:00:00+09:00,3980.0,4000.0,3960.0,4000.0,3282,0.0,0.0
2023-04-14 14:00:00+09:00,3995.0,4010.0,3985.0,3995.0,5944,0.0,0.0
2023-04-17 09:00:00+09:00,4030.0,4050.0,3870.0,3920.0,0,0.0,0.0
2023-04-17 10:00:00+09:00,3915.0,3960.0,3915.0,3955.0,18300,0.0,0.0
2023-04-17 11:00:00+09:00,3955.0,3955.0,3935.0,3940.0,2549,0.0,0.0
2023-04-17 12:00:00+09:00,3940.0,3940.0,3915.0,3925.0,10040,0.0,0.0
2023-04-17 13:00:00+09:00,3925.0,3925.0,3910.0,3915.0,6440,0.0,0.0
2023-04-17 14:00:00+09:00,3915.0,3930.0,3905.0,3915.0,5846,0.0,0.0
2023-04-18 09:00:00+09:00,3940.0,3940.0,3720.0,3810.0,0,0.0,0.0
2023-04-18 10:00:00+09:00,3810.0,3880.0,3810.0,3875.0,19986,0.0,0.0
2023-04-18 11:00:00+09:00,3860.0,3880.0,3830.0,3860.0,4931,0.0,0.0
2023-04-18 12:00:00+09:00,3860.0,3860.0,3810.0,3840.0,8966,0.0,0.0
2023-04-18 13:00:00+09:00,3840.0,3840.0,3775.0,3820.0,21420,0.0,0.0
2023-04-18 14:00:00+09:00,3820.0,3835.0,3780.0,3835.0,3911,0.0,0.0
2023-04-19 09:00:00+09:00,3825.0,3870.0,3825.0,3845.0,0,0.0,0.0
2023-04-19 10:00:00+09:00,3845.0,3845.0,3825.0,3830.0,5479,0.0,0.0
2023-04-19 11:00:00+09:00,3830.0,3830.0,3810.0,3825.0,4569,0.0,0.0
2023-04-19 12:00:00+09:00,3825.0,3825.0,3700.0,3790.0,10166,0.0,0.0
2023-04-19 13:00:00+09:00,3795.0,3805.0,3710.0,3795.0,13612,0.0,0.0
2023-04-19 14:00:00+09:00,3795.0,3795.0,3775.0,3780.0,5537,0.0,0.0
2023-04-20 09:00:00+09:00,3805.0,3820.0,3785.0,3795.0,0,0.0,0.0
2023-04-20 10:00:00+09:00,3795.0,3795.0,3770.0,3770.0,8893,0.0,0.0
2023-04-20 11:00:00+09:00,3765.0,3770.0,3750.0,3755.0,10929,0.0,0.0
2023-04-20 12:00:00+09:00,3765.0,3770.0,3755.0,3765.0,2769,0.0,0.0
2023-04-20 13:00:00+09:00,3770.0,3785.0,3750.0,3755.0,11965,0.0,0.0
2023-04-20 14:00:00+09:00,3755.0,3755.0,3735.0,3740.0,3649,0.0,0.0
2023-04-21 09:00:00+09:00,3735.0,3740.0,3615.0,3620.0,38109,0.0,0.0
2023-04-21 10:00:00+09:00,3620.0,3705.0,3620.0,3705.0,14547,0.0,0.0
2023-04-21 11:00:00+09:00,3705.0,3705.0,3660.0,3660.0,4097,0.0,0.0
2023-04-21 12:00:00+09:00,3675.0,3675.0,3640.0,3645.0,1264,0.0,0.0
2023-04-21 13:00:00+09:00,3640.0,3660.0,3635.0,3635.0,5579,0.0,0.0
2023-04-21 14:00:00+09:00,3660.0,3675.0,3640.0,3675.0,2157,0.0,0.0
2023-04-24 09:00:00+09:00,3640.0,3820.0,3630.0,3725.0,0,0.0,0.0
2023-04-24 10:00:00+09:00,3725.0,3800.0,3695.0,3700.0,5584,0.0,0.0
2023-04-24 11:00:00+09:00,3700.0,3735.0,3695.0,3700.0,4808,0.0,0.0
2023-04-24 12:00:00+09:00,3700.0,3740.0,3690.0,3740.0,853,0.0,0.0
2023-04-24 13:00:00+09:00,3740.0,3845.0,3700.0,3720.0,12986,0.0,0.0
2023-04-24 14:00:00+09:00,3720.0,3750.0,3715.0,3720.0,3650,0.0,0.0
2023-04-25 09:00:00+09:00,3755.0,3815.0,3730.0,3795.0,0,0.0,0.0
2023-04-25 10:00:00+09:00,3795.0,3800.0,3710.0,3735.0,32851,0.0,0.0
2023-04-25 11:00:00+09:00,3710.0,3800.0,3705.0,3710.0,6038,0.0,0.0
2023-04-25 12:00:00+09:00,3715.0,3745.0,3690.0,3740.0,3552,0.0,0.0
2023-04-25 13:00:00+09:00,3740.0,3750.0,3675.0,3750.0,5581,0.0,0.0
2023-04-25 14:00:00+09:00,3755.0,3800.0,3735.0,3780.0,24238,0.0,0.0
2023-04-26 09:00:00+09:00,3745.0,3745.0,3620.0,3700.0,0,0.0,0.0
2023-04-26 10:00:00+09:00,3700.0,3735.0,3685.0,3735.0,3069,0.0,0.0
2023-04-26 11:00:00+09:00,3735.0,3735.0,3685.0,3695.0,2341,0.0,0.0
2023-04-26 12:00:00+09:00,3695.0,3695.0,3655.0,3695.0,5844,0.0,0.0
2023-04-26 13:00:00+09:00,3695.0,3695.0,3665.0,3665.0,3533,0.0,0.0
2023-04-26 14:00:00+09:00,3670.0,3685.0,3650.0,3680.0,4668,0.0,0.0
2023-04-27 09:00:00+09:00,3700.0,3780.0,3600.0,3700.0,0,0.0,0.0
2023-04-27 10:00:00+09:00,3700.0,3780.0,3695.0,3770.0,12205,0.0,0.0
2023-04-27 11:00:00+09:00,3765.0,3770.0,3715.0,3745.0,2162,0.0,0.0
2023-04-27 12:00:00+09:00,3745.0,3770.0,3745.0,3770.0,2578,0.0,0.0
2023-04-27 13:00:00+09:00,3770.0,3770.0,3710.0,3760.0,6920,0.0,0.0
2023-04-27 14:00:00+09:00,3760.0,3760.0,3730.0,3760.0,5800,0.0,0.0
2023-04-28 09:00:00+09:00,3835.0,3840.0,3740.0,3785.0,0,0.0,0.0
2023-04-28 10:00:00+09:00,3780.0,3790.0,3770.0,3770.0,2628,0.0,0.0
2023-04-28 11:00:00+09:00,3775.0,3775.0,3700.0,3730.0,9464,0.0,0.0
2023-04-28 12:00:00+09:00,3730.0,3775.0,3710.0,3770.0,4449,0.0,0.0
2023-04-28 13:00:00+09:00,3750.0,3780.0,3730.0,3775.0,2835,0.0,0.0
2023-04-28 14:00:00+09:00,3775.0,3775.0,3730.0,3765.0,7172,0.0,0.0
2023-05-02 09:00:00+09:00,3750.0,3870.0,3750.0,3825.0,0,0.0,0.0
2023-05-02 10:00:00+09:00,3840.0,3940.0,3830.0,3895.0,29969,0.0,0.0
2023-05-02 11:00:00+09:00,3895.0,3930.0,3875.0,3875.0,5545,0.0,0.0
2023-05-02 12:00:00+09:00,3905.0,3905.0,3850.0,3890.0,7056,0.0,0.0
2023-05-02 13:00:00+09:00,3900.0,3905.0,3855.0,3860.0,6494,0.0,0.0
2023-05-02 14:00:00+09:00,3875.0,3910.0,3850.0,3890.0,5423,0.0,0.0
2023-05-03 09:00:00+09:00,3905.0,4060.0,3900.0,3960.0,37839,0.0,0.0
2023-05-03 10:00:00+09:00,3995.0,3995.0,3900.0,3965.0,5668,0.0,0.0
2023-05-03 11:00:00+09:00,3955.0,3955.0,3905.0,3930.0,2239,0.0,0.0
2023-05-03 12:00:00+09:00,3915.0,3920.0,3885.0,3905.0,5893,0.0,0.0
2023-05-03 13:00:00+09:00,3895.0,3905.0,3870.0,3890.0,15260,0.0,0.0
2023-05-03 14:00:00+09:00,3880.0,3880.0,3830.0,3845.0,11440,0.0,0.0
2023-05-04 09:00:00+09:00,3860.0,3880.0,3765.0,3880.0,0,0.0,0.0
2023-05-04 10:00:00+09:00,3870.0,3920.0,3850.0,3855.0,4679,0.0,0.0
2023-05-04 11:00:00+09:00,3855.0,3905.0,3850.0,3905.0,3888,0.0,0.0
2023-05-04 12:00:00+09:00,3895.0,3920.0,3865.0,3920.0,3140,0.0,0.0
2023-05-04 13:00:00+09:00,3890.0,3930.0,3865.0,3895.0,22141,0.0,0.0
2023-05-04 14:00:00+09:00,3920.0,3930.0,3840.0,3915.0,12809,0.0,0.0
2023-05-08 09:00:00+09:00,3905.0,4055.0,3905.0,3920.0,0,0.0,0.0
2023-05-08 10:00:00+09:00,3930.0,4000.0,3920.0,3975.0,9092,0.0,0.0
2023-05-08 11:00:00+09:00,3980.0,3995.0,3955.0,3955.0,7104,0.0,0.0
2023-05-08 12:00:00+09:00,3970.0,3990.0,3960.0,3985.0,543,0.0,0.0
2023-05-08 13:00:00+09:00,3985.0,3985.0,3955.0,3980.0,6835,0.0,0.0
2023-05-08 14:00:00+09:00,3980.0,3990.0,3940.0,3980.0,2646,0.0,0.0
2023-05-09 09:00:00+09:00,3995.0,4040.0,3890.0,3935.0,0,0.0,0.0
2023-05-09 10:00:00+09:00,3930.0,3935.0,3860.0,3915.0,9942,0.0,0.0
2023-05-09 11:00:00+09:00,3915.0,3915.0,3800.0,3860.0,9067,0.0,0.0
2023-05-09 12:00:00+09:00,3835.0,3895.0,3820.0,3875.0,5474,0.0,0.0
2023-05-09 13:00:00+09:00,3875.0,3945.0,3840.0,3935.0,10139,0.0,0.0
2023-05-09 14:00:00+09:00,3935.0,4015.0,3935.0,3985.0,5187,0.0,0.0
2023-05-10 09:00:00+09:00,3945.0,3995.0,3885.0,3970.0,0,0.0,0.0
2023-05-10 10:00:00+09:00,3965.0,3990.0,3885.0,3950.0,11508,0.0,0.0
2023-05-10 11:00:00+09:00,3950.0,3970.0,3855.0,3880.0,4249,0.0,0.0
2023-05-10 12:00:00+09:00,3880.0,3910.0,3870.0,3885.0,6068,0.0,0.0
2023-05-10 13:00:00+09:00,3910.0,3910.0,3865.0,3865.0,5540,0.0,0.0
2023-05-10 14:00:00+09:00,3865.0,3880.0,3830.0,3845.0,11733,0.0,0.0
2023-05-11 09:00:00+09:00,3870.0,3905.0,3855.0,3880.0,0,0.0,0.0
2023-05-11 10:00:00+09:00,3875.0,3880.0,3830.0,3850.0,6323,0.0,0.0
2023-05-11 11:00:00+09:00,3850.0,3880.0,3850.0,3865.0,1133,0.0,0.0
2023-05-11 12:00:00+09:00,3865.0,3870.0,3850.0,3860.0,935,0.0,0.0
2023-05-11 13:00:00+09:00,3860.0,3890.0,3840.0,3865.0,5179,0.0,0.0
2023-05-11 14:00:00+09:00,3880.0,3880.0,3855.0,3880.0,1443,0.0,0.0
2023-05-12 09:00:00+09:00,3880.0,3910.0,3790.0,3810.0,10449,0.0,0.0
2023-05-12 10:00:00+09:00,3810.0,3850.0,3800.0,3850.0,2398,0.0,0.0
2023-05-12 11:00:00+09:00,3830.0,3850.0,3810.0,3840.0,2240,0.0,0.0
2023-05-12 12:00:00+09:00,3830.0,3860.0,3820.0,3830.0,4432,0.0,0.0
2023-05-12 13:00:00+09:00,3830.0,3830.0,3785.0,3830.0,5781,0.0,0.0
2023-05-12 14:00:00+09:00,3825.0,3830.0,3795.0,3815.0,3029,0.0,0.0
2023-05-15 09:00:00+09:00,3830.0,3900.0,3790.0,3855.0,0,0.0,0.0
2023-05-15 10:00:00+09:00,3855.0,4050.0,3850.0,4020.0,55179,0.0,0.0
2023-05-15 11:00:00+09:00,4020.0,4020.0,3930.0,3965.0,3886,0.0,0.0
2023-05-15 12:00:00+09:00,3965.0,3965.0,3880.0,3955.0,7361,0.0,0.0
2023-05-15 13:00:00+09:00,3955.0,3975.0,3940.0,3960.0,5191,0.0,0.0
2023-05-15 14:00:00+09:00,3960.0,4080.0,3960.0,4050.0,51652,0.0,0.0
2023-05-16 09:00:00+09:00,4100.0,4195.0,4050.0,4110.0,72223,0.0,0.0
2023-05-16 10:00:00+09:00,4100.0,4120.0,4045.0,4080.0,12209,0.0,0.0
2023-05-16 11:00:00+09:00,4080.0,4125.0,4075.0,4080.0,10574,0.0,0.0
2023-05-16 12:00:00+09:00,4095.0,4125.0,4075.0,4120.0,10854,0.0,0.0
2023-05-16 13:00:00+09:00,4125.0,4165.0,4105.0,4120.0,16690,0.0,0.0
2023-05-16 14:00:00+09:00,4120.0,4140.0,4095.0,4120.0,14697,0.0,0.0
2023-05-17 09:00:00+09:00,4245.0,4370.0,4160.0,4285.0,0,0.0,0.0
2023-05-17 10:00:00+09:00,4285.0,4300.0,4255.0,4300.0,21237,0.0,0.0
2023-05-17 11:00:00+09:00,4290.0,4335.0,4290.0,4335.0,28199,0.0,0.0
2023-05-17 12:00:00+09:00,4330.0,4330.0,4305.0,4325.0,21589,0.0,0.0
2023-05-17 13:00:00+09:00,4325.0,4325.0,4290.0,4315.0,8401,0.0,0.0
2023-05-17 14:00:00+09:00,4310.0,4320.0,4285.0,4320.0,15510,0.0,0.0
2023-05-18 09:00:00+09:00,4350.0,4350.0,4200.0,4230.0,55512,0.0,0.0
2023-05-18 10:00:00+09:00,4245.0,4275.0,4195.0,4200.0,19218,0.0,0.0
2023-05-18 11:00:00+09:00,4200.0,4260.0,4195.0,4260.0,8280,0.0,0.0
2023-05-18 12:00:00+09:00,4260.0,4260.0,4230.0,4255.0,4619,0.0,0.0
2023-05-18 13:00:00+09:00,4255.0,4255.0,4225.0,4250.0,6614,0.0,0.0
2023-05-18 14:00:00+09:00,4250.0,4250.0,4190.0,4225.0,20347,0.0,0.0
2023-05-19 09:00:00+09:00,4260.0,4260.0,4170.0,4230.0,17148,0.0,0.0
2023-05-19 10:00:00+09:00,4230.0,4250.0,4180.0,4215.0,8623,0.0,0.0
2023-05-19 11:00:00+09:00,4215.0,4220.0,4180.0,4200.0,5011,0.0,0.0
2023-05-19 12:00:00+09:00,4200.0,4225.0,4185.0,4215.0,3622,0.0,0.0
2023-05-19 13:00:00+09:00,4215.0,4240.0,4190.0,4235.0,4662,0.0,0.0
2023-05-19 14:00:00+09:00,4235.0,4255.0,4205.0,4245.0,8611,0.0,0.0
2023-05-22 09:00:00+09:00,4295.0,4295.0,4175.0,4260.0,0,0.0,0.0
2023-05-22 10:00:00+09:00,4245.0,4265.0,4205.0,4205.0,4657,0.0,0.0
2023-05-22 11:00:00+09:00,4205.0,4255.0,4190.0,4255.0,6040,0.0,0.0
2023-05-22 12:00:00+09:00,4240.0,4290.0,4240.0,4285.0,7152,0.0,0.0
2023-05-22 13:00:00+09:00,4285.0,4330.0,4285.0,4330.0,25329,0.0,0.0
2023-05-22 14:00:00+09:00,4330.0,4345.0,4315.0,4340.0,11611,0.0,0.0
2023-05-23 09:00:00+09:00,4345.0,4400.0,4300.0,4340.0,0,0.0,0.0
2023-05-23 10:00:00+09:00,4325.0,4340.0,4310.0,4330.0,6759,0.0,0.0
2023-05-23 11:00:00+09:00,4330.0,4330.0,4270.0,4300.0,14302,0.0,0.0
2023-05-23 12:00:00+09:00,4300.0,4335.0,4295.0,4320.0,5044,0.0,0.0
2023-05-23 13:00:00+09:00,4330.0,4335.0,4290.0,4325.0,2899,0.0,0.0
2023-05-23 14:00:00+09:00,4325.0,4355.0,4275.0,4285.0,18975,0.0,0.0
2023-05-24 09:00:00+09:00,4330.0,4330.0,4265.0,4290.0,0,0.0,0.0
2023-05-24 10:00:00+09:00,4310.0,4315.0,4215.0,4255.0,10483,0.0,0.0
2023-05-24 11:00:00+09:00,4230.0,4260.0,4215.0,4215.0,7264,0.0,0.0
2023-05-24 12:00:00+09:00,4210.0,4245.0,4175.0,4215.0,4534,0.0,0.0
2023-05-24 13:00:00+09:00,4215.0,4260.0,4215.0,4255.0,5239,0.0,0.0
2023-05-24 14:00:00+09:00,4255.0,4260.0,4230.0,4260.0,5170,0.0,0.0
2023-05-25 09:00:00+09:00,4255.0,4330.0,4210.0,4300.0,27791,0.0,0.0
2023-05-25 10:00:00+09:00,4300.0,4395.0,4245.0,4385.0,28880,0.0,0.0
2023-05-25 11:00:00+09:00,4385.0,4385.0,4330.0,4340.0,8585,0.0,0.0
2023-05-25 12:00:00+09:00,4345.0,4355.0,4300.0,4325.0,5141,0.0,0.0
2023-05-25 13:00:00+09:00,4320.0,4335.0,4265.0,4300.0,4730,0.0,0.0
2023-05-25 14:00:00+09:00,4300.0,4315.0,4295.0,4310.0,2088,0.0,0.0
2023-05-26 09:00:00+09:00,4305.0,4380.0,4235.0,4295.0,21601,0.0,0.0
2023-05-26 10:00:00+09:00,4275.0,4295.0,4070.0,4155.0,21989,0.0,0.0
2023-05-26 11:00:00+09:00,4170.0,4200.0,4150.0,4160.0,3842,0.0,0.0
2023-05-26 12:00:00+09:00,4185.0,4210.0,4135.0,4170.0,11102,0.0,0.0
2023-05-26 13:00:00+09:00,4155.0,4185.0,4105.0,4180.0,8554,0.0,0.0
2023-05-26 14:00:00+09:00,4170.0,4185.0,4110.0,4150.0,7765,0.0,0.0
2023-05-30 09:00:00+09:00,4170.0,4280.0,4170.0,4245.0,0,0.0,0.0
2023-05-30 10:00:00+09:00,4245.0,4275.0,4220.0,4260.0,14218,0.0,0.0
2023-05-30 11:00:00+09:00,4260.0,4345.0,4235.0,4335.0,9931,0.0,0.0
2023-05-30 12:00:00+09:00,4350.0,4395.0,4325.0,4395.0,17592,0.0,0.0
2023-05-30 13:00:00+09:00,4390.0,4450.0,4380.0,4410.0,38549,0.0,0.0
2023-05-30 14:00:00+09:00,4410.0,4460.0,4390.0,4420.0,18609,0.0,0.0
2023-05-31 09:00:00+09:00,4420.0,4490.0,4395.0,4480.0,0,0.0,0.0
2023-05-31 10:00:00+09:00,4465.0,4500.0,4455.0,4495.0,8134,0.0,0.0
2023-05-31 11:00:00+09:00,4490.0,4540.0,4475.0,4495.0,18538,0.0,0.0
2023-05-31 12:00:00+09:00,4495.0,4510.0,4475.0,4475.0,9612,0.0,0.0
2023-05-31 13:00:00+09:00,4475.0,4550.0,4460.0,4545.0,27161,0.0,0.0
2023-05-31 14:00:00+09:00,4545.0,4545.0,4480.0,4510.0,17493,0.0,0.0
2023-06-01 09:00:00+09:00,4510.0,4590.0,4495.0,4525.0,37095,0.0,0.0
2023-06-01 10:00:00+09:00,4525.0,4575.0,4515.0,4560.0,23882,0.0,0.0
2023-06-01 11:00:00+09:00,4560.0,4560.0,4480.0,4500.0,31508,0.0,0.0
2023-06-01 12:00:00+09:00,4505.0,4540.0,4450.0,4465.0,31693,0.0,0.0
2023-06-01 13:00:00+09:00,4480.0,4505.0,4470.0,4505.0,8037,0.0,0.0
2023-06-01 14:00:00+09:00,4505.0,4535.0,4500.0,4525.0,10447,0.0,0.0
2023-06-02 09:00:00+09:00,4555.0,4585.0,4500.0,4585.0,27937,0.0,0.0
2023-06-02 10:00:00+09:00,4585.0,4590.0,4575.0,4585.0,15111,0.0,0.0
2023-06-02 11:00:00+09:00,4590.0,4615.0,4555.0,4615.0,18764,0.0,0.0
2023-06-02 12:00:00+09:00,4615.0,4670.0,4600.0,4620.0,24730,0.0,0.0
2023-06-02 13:00:00+09:00,4625.0,4650.0,4610.0,4640.0,24444,0.0,0.0
2023-06-02 14:00:00+09:00,4640.0,4675.0,4610.0,4675.0,33780,0.0,0.0
2023-06-05 09:00:00+09:00,4750.0,4750.0,4550.0,4685.0,0,0.0,0.0
2023-06-05 10:00:00+09:00,4685.0,4715.0,4595.0,4645.0,17641,0.0,0.0
2023-06-05 11:00:00+09:00,4645.0,4665.0,4605.0,4620.0,7726,0.0,0.0
2023-06-05 12:00:00+09:00,4635.0,4665.0,4620.0,4665.0,5093,0.0,0.0
2023-06-05 13:00:00+09:00,4660.0,4670.0,4645.0,4670.0,2623,0.0,0.0
2023-06-05 14:00:00+09:00,4670.0,4700.0,4645.0,4685.0,3960,0.0,0.0
2023-06-07 09:00:00+09:00,4660.0,5050.0,4650.0,4985.0,12014,0.0,0.0
2023-06-07 10:00:00+09:00,4980.0,4980.0,4840.0,4920.0,20856,0.0,0.0
2023-06-07 11:00:00+09:00,4920.0,5000.0,4905.0,4970.0,14984,0.0,0.0
2023-06-07 12:00:00+09:00,4960.0,4965.0,4825.0,4945.0,14313,0.0,0.0
2023-06-07 13:00:00+09:00,4945.0,4950.0,4880.0,4940.0,6598,0.0,0.0
2023-06-07 14:00:00+09:00,4940.0,4950.0,4915.0,4950.0,2731,0.0,0.0
2023-06-08 09:00:00+09:00,4990.0,5040.0,4850.0,4890.0,0,0.0,0.0
2023-06-08 10:00:00+09:00,4875.0,4910.0,4850.0,4855.0,9577,0.0,0.0
2023-06-08 11:00:00+09:00,4855.0,4860.0,4805.0,4845.0,12249,0.0,0.0
2023-06-08 12:00:00+09:00,4840.0,4910.0,4835.0,4855.0,4212,0.0,0.0
2023-06-08 13:00:00+09:00,4850.0,4855.0,4820.0,4820.0,2102,0.0,0.0
2023-06-08 14:00:00+09:00,4820.0,4885.0,4805.0,4880.0,6115,0.0,0.0
2023-06-09 09:00:00+09:00,4820.0,4970.0,4745.0,4785.0,0,0.0,0.0
2023-06-09 10:00:00+09:00,4785.0,4840.0,4760.0,4830.0,7754,0.0,0.0
2023-06-09 11:00:00+09:00,4825.0,4940.0,4815.0,4845.0,10795,0.0,0.0
2023-06-09 12:00:00+09:00,4840.0,4880.0,4780.0,4850.0,9871,0.0,0.0
2023-06-09 13:00:00+09:00,4850.0,4885.0,4820.0,4880.0,3381,0.0,0.0
2023-06-09 14:00:00+09:00,4870.0,4880.0,4785.0,4820.0,6287,0.0,0.0
2023-06-12 09:00:00+09:00,4770.0,4805.0,4700.0,4770.0,0,0.0,0.0
2023-06-12 10:00:00+09:00,4760.0,4780.0,4700.0,4700.0,4980,0.0,0.0
2023-06-12 11:00:00+09:00,4730.0,4730.0,4620.0,4665.0,15854,0.0,0.0
2023-06-12 12:00:00+09:00,4665.0,4730.0,4665.0,4725.0,10895,0.0,0.0
2023-06-12 13:00:00+09:00,4730.0,4950.0,4730.0,4900.0,17614,0.0,0.0
2023-06-12 14:00:00+09:00,4895.0,4900.0,4810.0,4845.0,9980,0.0,0.0
2023-06-13 09:00:00+09:00,4860.0,4950.0,4820.0,4835.0,0,0.0,0.0
2023-06-13 10:00:00+09:00,4835.0,4870.0,4835.0,4855.0,1865,0.0,0.0
2023-06-13 11:00:00+09:00,4855.0,4935.0,4800.0,4825.0,7234,0.0,0.0
2023-06-13 12:00:00+09:00,4840.0,4845.0,4820.0,4820.0,1264,0.0,0.0
2023-06-13 13:00:00+09:00,4825.0,4825.0,4790.0,4805.0,1253,0.0,0.0
2023-06-13 14:00:00+09:00,4805.0,4880.0,4790.0,4805.0,6640,0.0,0.0
2023-06-14 09:00:00+09:00,4795.0,4840.0,4760.0,4775.0,11526,0.0,0.0
2023-06-14 10:00:00+09:00,4775.0,4830.0,4685.0,4790.0,6835,0.0,0.0
2023-06-14 11:00:00+09:00,4785.0,4785.0,4740.0,4760.0,2048,0.0,0.0
2023-06-14 12:00:00+09:00,4760.0,4775.0,4740.0,4745.0,2728,0.0,0.0
2023-06-14 13:00:00+09:00,4745.0,4780.0,4690.0,4705.0,4284,0.0,0.0
2023-06-14 14:00:00+09:00,4705.0,4710.0,4565.0,4620.0,31904,0.0,0.0
2023-06-15 09:00:00+09:00,4640.0,4740.0,4530.0,4540.0,39428,0.0,0.0
2023-06-15 10:00:00+09:00,4550.0,4580.0,4435.0,4450.0,15792,0.0,0.0
2023-06-15 11:00:00+09:00,4450.0,4505.0,4405.0,4500.0,12185,0.0,0.0
2023-06-15 12:00:00+09:00,4505.0,4550.0,4495.0,4520.0,3068,0.0,0.0
2023-06-15 13:00:00+09:00,4525.0,4570.0,4510.0,4550.0,842,0.0,0.0
2023-06-15 14:00:00+09:00,4550.0,4595.0,4545.0,4590.0,5778,0.0,0.0
2023-06-16 09:00:00+09:00,4610.0,4765.0,4610.0,4745.0,0,0.0,0.0
2023-06-16 10:00:00+09:00,4745.0,4770.0,4665.0,4725.0,7025,0.0,0.0
2023-06-16 11:00:00+09:00,4725.0,4775.0,4700.0,4745.0,3011,0.0,0.0
2023-06-16 12:00:00+09:00,4745.0,4750.0,4700.0,4710.0,4818,0.0,0.0
2023-06-16 13:00:00+09:00,4710.0,4735.0,4685.0,4685.0,4336,0.0,0.0
2023-06-16 14:00:00+09:00,4680.0,4715.0,4670.0,4685.0,2714,0.0,0.0
2023-06-19 09:00:00+09:00,4660.0,4675.0,4540.0,4665.0,0,0.0,0.0
2023-06-19 10:00:00+09:00,4665.0,4690.0,4520.0,4600.0,9931,0.0,0.0
2023-06-19 11:00:00+09:00,4605.0,4605.0,4575.0,4580.0,2029,0.0,0.0
2023-06-19 12:00:00+09:00,4580.0,4595.0,4565.0,4570.0,5375,0.0,0.0
2023-06-19 13:00:00+09:00,4570.0,4615.0,4570.0,4615.0,1906,0.0,0.0
2023-06-19 14:00:00+09:00,4615.0,4710.0,4615.0,4710.0,3184,0.0,0.0
2023-06-20 09:00:00+09:00,4665.0,4735.0,4645.0,4675.0,0,0.0,0.0
2023-06-20 10:00:00+09:00,4680.0,4695.0,4655.0,4690.0,7140,0.0,0.0
2023-06-20 11:00:00+09:00,4690.0,4735.0,4630.0,4735.0,10839,0.0,0.0
2023-06-20 12:00:00+09:00,4725.0,4735.0,4655.0,4700.0,1367,0.0,0.0
2023-06-20 13:00:00+09:00,4700.0,4800.0,4700.0,4765.0,7363,0.0,0.0
2023-06-20 14:00:00+09:00,4760.0,4800.0,4715.0,4770.0,4147,0.0,0.0
2023-06-21 09:00:00+09:00,4790.0,4865.0,4785.0,4830.0,18768,0.0,0.0
2023-06-21 10:00:00+09:00,4820.0,4900.0,4800.0,4895.0,7895,0.0,0.0
2023-06-21 11:00:00+09:00,4895.0,4900.0,4820.0,4855.0,1811,0.0,0.0
2023-06-21 12:00:00+09:00,4855.0,4855.0,4820.0,4840.0,3022,0.0,0.0
2023-06-21 13:00:00+09:00,4840.0,4840.0,4770.0,4810.0,4347,0.0,0.0
2023-06-21 14:00:00+09:00,4810.0,4810.0,4645.0,4650.0,14659,0.0,0.0
2023-06-22 09:00:00+09:00,4610.0,4705.0,4565.0,4680.0,19393,0.0,0.0
2023-06-22 10:00:00+09:00,4645.0,4705.0,4595.0,4650.0,10819,0.0,0.0
2023-06-22 11:00:00+09:00,4650.0,4680.0,4640.0,4645.0,631,0.0,0.0
2023-06-22 12:00:00+09:00,4650.0,4710.0,4645.0,4660.0,2444,0.0,0.0
2023-06-22 13:00:00+09:00,4670.0,4710.0,4650.0,4675.0,2353,0.0,0.0
2023-06-22 14:00:00+09:00,4695.0,4715.0,4690.0,4690.0,3957,0.0,0.0
2023-06-23 09:00:00+09:00,4740.0,4770.0,4580.0,4655.0,12582,0.0,0.0
2023-06-23 10:00:00+09:00,4655.0,4700.0,4600.0,4670.0,6604,0.0,0.0
2023-06-23 11:00:00+09:00,4635.0,4660.0,4565.0,4575.0,6966,0.0,0.0
2023-06-23 12:00:00+09:00,4590.0,4590.0,4560.0,4570.0,6031,0.0,0.0
2023-06-23 13:00:00+09:00,4565.0,4565.0,4500.0,4555.0,8305,0.0,0.0
2023-06-23 14:00:00+09:00,4540.0,4560.0,4505.0,4530.0,7141,0.0,0.0
2023-06-26 09:00:00+09:00,4470.0,4605.0,4455.0,4605.0,0,0.0,0.0
2023-06-26 10:00:00+09:00,4605.0,4770.0,4590.0,4720.0,12012,0.0,0.0
2023-06-26 11:00:00+09:00,4720.0,4875.0,4720.0,4780.0,16213,0.0,0.0
2023-06-26 12:00:00+09:00,4825.0,4825.0,4730.0,4795.0,13892,0.0,0.0
2023-06-26 13:00:00+09:00,4800.0,4830.0,4775.0,4810.0,5249,0.0,0.0
2023-06-26 14:00:00+09:00,4810.0,4810.0,4735.0,4765.0,8247,0.0,0.0
2023-06-27 09:00:00+09:00,4860.0,4885.0,4775.0,4850.0,0,0.0,0.0
2023-06-27 10:00:00+09:00,4870.0,4965.0,4850.0,4900.0,11398,0.0,0.0
2023-06-27 11:00:00+09:00,4900.0,4915.0,4850.0,4870.0,11996,0.0,0.0
2023-06-27 12:00:00+09:00,4875.0,4915.0,4850.0,4915.0,8310,0.0,0.0
2023-06-27 13:00:00+09:00,4915.0,4930.0,4900.0,4930.0,11216,0.0,0.0
2023-06-27 14:00:00+09:00,4930.0,4990.0,4920.0,4930.0,17748,0.0,0.0
2023-06-28 09:00:00+09:00,4955.0,5030.0,4880.0,4885.0,0,0.0,0.0
2023-06-28 10:00:00+09:00,4885.0,4920.0,4865.0,4880.0,5308,0.0,0.0
2023-06-28 11:00:00+09:00,4895.0,4915.0,4860.0,4865.0,12425,0.0,0.0
2023-06-28 12:00:00+09:00,4875.0,4875.0,4830.0,4840.0,3584,0.0,0.0
2023-06-28 13:00:00+09:00,4840.0,4870.0,4830.0,4860.0,5684,0.0,0.0
2023-06-28 14:00:00+09:00,4835.0,4855.0,4830.0,4835.0,3950,0.0,0.0
2023-06-29 09:00:00+09:00,4855.0,4855.0,4780.0,4790.0,24155,0.0,0.0
2023-06-29 10:00:00+09:00,4785.0,4790.0,4700.0,4700.0,6769,0.0,0.0
2023-06-29 11:00:00+09:00,4700.0,4745.0,4665.0,4740.0,13502,0.0,0.0
2023-06-29 12:00:00+09:00,4725.0,4745.0,4705.0,4705.0,3347,0.0,0.0
2023-06-29 13:00:00+09:00,4705.0,4750.0,4705.0,4740.0,2942,0.0,0.0
2023-06-29 14:00:00+09:00,4740.0,4745.0,4695.0,4695.0,15394,0.0,0.0
2023-06-30 09:00:00+09:00,4665.0,4670.0,4590.0,4670.0,0,0.0,0.0
2023-06-30 10:00:00+09:00,4630.0,4795.0,4625.0,4795.0,15582,0.0,0.0
2023-06-30 11:00:00+09:00,4785.0,4795.0,4745.0,4795.0,4544,0.0,0.0
2023-06-30 12:00:00+09:00,4800.0,4805.0,4760.0,4805.0,1693,0.0,0.0
2023-06-30 13:00:00+09:00,4810.0,4810.0,4780.0,4810.0,1180,0.0,0.0
2023-06-30 14:00:00+09:00,4810.0,4810.0,4780.0,4810.0,2564,0.0,0.0
2023-07-03 09:00:00+09:00,4810.0,5100.0,4810.0,5060.0,7177,0.0,0.0
2023-07-03 10:00:00+09:00,5060.0,5070.0,4980.0,5010.0,15659,0.0,0.0
2023-07-03 11:00:00+09:00,5040.0,5050.0,4950.0,4960.0,14904,0.0,0.0
2023-07-03 12:00:00+09:00,4990.0,5030.0,4960.0,5010.0,11177,0.0,0.0
2023-07-03 13:00:00+09:00,5030.0,5070.0,4990.0,5070.0,6223,0.0,0.0
2023-07-03 14:00:00+09:00,5070.0,5150.0,5010.0,5150.0,44629,0.0,0.0
2023-07-04 09:00:00+09:00,5200.0,6760.0,5170.0,6760.0,1092647,0.0,0.0
2023-07-04 10:00:00+09:00,6760.0,6760.0,6600.0,6760.0,711893,0.0,0.0
2023-07-04 11:00:00+09:00,6760.0,6760.0,6630.0,6760.0,114748,0.0,0.0
2023-07-04 12:00:00+09:00,6760.0,6760.0,6760.0,6760.0,8740,0.0,0.0
2023-07-04 13:00:00+09:00,6760.0,6760.0,6760.0,6760.0,2109,0.0,0.0
2023-07-04 14:00:00+09:00,6760.0,6760.0,6760.0,6760.0,8427,0.0,0.0
2023-07-05 09:00:00+09:00,7300.0,8780.0,7100.0,7690.0,2787591,0.0,0.0
2023-07-05 10:00:00+09:00,7700.0,7720.0,7200.0,7560.0,972203,0.0,0.0
2023-07-05 11:00:00+09:00,7560.0,7920.0,7250.0,7320.0,1054733,0.0,0.0
2023-07-05 12:00:00+09:00,7320.0,7510.0,7160.0,7190.0,282452,0.0,0.0
2023-07-05 13:00:00+09:00,7190.0,7190.0,6860.0,6940.0,264404,0.0,0.0
2023-07-05 14:00:00+09:00,6950.0,7000.0,6760.0,6820.0,190691,0.0,0.0
2023-07-06 09:00:00+09:00,6790.0,6830.0,6120.0,6200.0,0,0.0,0.0
2023-07-06 10:00:00+09:00,6190.0,6240.0,6030.0,6160.0,134768,0.0,0.0
2023-07-06 11:00:00+09:00,6170.0,6240.0,6100.0,6150.0,79618,0.0,0.0
2023-07-06 12:00:00+09:00,6150.0,6190.0,6070.0,6070.0,39699,0.0,0.0
2023-07-06 13:00:00+09:00,6070.0,6140.0,5860.0,6050.0,133661,0.0,0.0
2023-07-06 14:00:00+09:00,6050.0,6230.0,5970.0,6230.0,121462,0.0,0.0
2023-07-07 09:00:00+09:00,6570.0,7230.0,6410.0,6450.0,1634476,0.0,0.0
2023-07-07 10:00:00+09:00,6450.0,6550.0,6070.0,6110.0,318710,0.0,0.0
2023-07-07 11:00:00+09:00,6110.0,6200.0,6000.0,6080.0,102298,0.0,0.0
2023-07-07 12:00:00+09:00,6080.0,6170.0,6080.0,6160.0,42008,0.0,0.0
2023-07-07 13:00:00+09:00,6150.0,6170.0,6040.0,6080.0,42931,0.0,0.0
2023-07-07 14:00:00+09:00,6070.0,6190.0,6050.0,6150.0,56894,0.0,0.0
2023-07-10 09:00:00+09:00,6270.0,6530.0,6030.0,6360.0,0,0.0,0.0
2023-07-10 10:00:00+09:00,6360.0,6430.0,6260.0,6290.0,90766,0.0,0.0
2023-07-10 11:00:00+09:00,6280.0,6430.0,6270.0,6330.0,52037,0.0,0.0
2023-07-10 12:00:00+09:00,6290.0,6380.0,6260.0,6330.0,22580,0.0,0.0
2023-07-10 13:00:00+09:00,6320.0,6370.0,6260.0,6370.0,26841,0.0,0.0
2023-07-10 14:00:00+09:00,6370.0,6410.0,6270.0,6390.0,60620,0.0,0.0
2023-07-11 09:00:00+09:00,6500.0,6530.0,6150.0,6190.0,0,0.0,0.0
2023-07-11 10:00:00+09:00,6190.0,6250.0,6140.0,6200.0,48659,0.0,0.0
2023-07-11 11:00:00+09:00,6200.0,6330.0,6180.0,6230.0,39261,0.0,0.0
2023-07-11 12:00:00+09:00,6230.0,6260.0,6200.0,6220.0,17847,0.0,0.0
2023-07-11 13:00:00+09:00,6220.0,6270.0,6160.0,6190.0,28838,0.0,0.0
2023-07-11 14:00:00+09:00,6190.0,6300.0,6170.0,6220.0,39256,0.0,0.0
2023-07-12 09:00:00+09:00,6190.0,6450.0,6190.0,6350.0,121353,0.0,0.0
2023-07-12 10:00:00+09:00,6350.0,6480.0,6330.0,6460.0,71660,0.0,0.0
2023-07-12 11:00:00+09:00,6460.0,6460.0,6320.0,6370.0,35371,0.0,0.0
2023-07-12 12:00:00+09:00,6370.0,6440.0,6320.0,6330.0,36559,0.0,0.0
2023-07-12 13:00:00+09:00,6320.0,6360.0,6250.0,6300.0,39565,0.0,0.0
2023-07-12 14:00:00+09:00,6290.0,6320.0,6260.0,6290.0,24219,0.0,0.0
2023-07-13 09:00:00+09:00,6290.0,6450.0,6170.0,6380.0,0,0.0,0.0
2023-07-13 10:00:00+09:00,6390.0,6570.0,6350.0,6510.0,99898,0.0,0.0
2023-07-13 11:00:00+09:00,6490.0,6490.0,6380.0,6480.0,27663,0.0,0.0
2023-07-13 12:00:00+09:00,6440.0,6450.0,6350.0,6380.0,18957,0.0,0.0
2023-07-13 13:00:00+09:00,6370.0,6440.0,6340.0,6430.0,13128,0.0,0.0
2023-07-13 14:00:00+09:00,6440.0,6450.0,6380.0,6380.0,37747,0.0,0.0
2023-07-14 09:00:00+09:00,6420.0,6420.0,5800.0,5930.0,0,0.0,0.0
2023-07-14 10:00:00+09:00,5950.0,6020.0,5830.0,5870.0,35270,0.0,0.0
2023-07-14 11:00:00+09:00,5870.0,5940.0,5870.0,5870.0,19403,0.0,0.0
2023-07-14 12:00:00+09:00,5870.0,6030.0,5830.0,6030.0,43062,0.0,0.0
2023-07-14 13:00:00+09:00,6020.0,6150.0,6020.0,6110.0,34231,0.0,0.0
2023-07-14 14:00:00+09:00,6100.0,6120.0,6000.0,6030.0,19322,0.0,0.0
2023-07-17 09:00:00+09:00,6090.0,6230.0,6080.0,6110.0,0,0.0,0.0
2023-07-17 10:00:00+09:00,6110.0,6240.0,6080.0,6090.0,23211,0.0,0.0
2023-07-17 11:00:00+09:00,6090.0,6090.0,5810.0,6000.0,50190,0.0,0.0
2023-07-17 12:00:00+09:00,6020.0,6030.0,5890.0,5970.0,12439,0.0,0.0
2023-07-17 13:00:00+09:00,5970.0,5990.0,5880.0,5940.0,17030,0.0,0.0
2023-07-17 14:00:00+09:00,5940.0,5980.0,5920.0,5950.0,10217,0.0,0.0
2023-07-18 09:00:00+09:00,5800.0,6000.0,5690.0,5780.0,53128,0.0,0.0
2023-07-18 10:00:00+09:00,5780.0,5830.0,5750.0,5750.0,19752,0.0,0.0
2023-07-18 11:00:00+09:00,5800.0,5970.0,5800.0,5870.0,19725,0.0,0.0
2023-07-18 12:00:00+09:00,5860.0,5880.0,5790.0,5790.0,8522,0.0,0.0
2023-07-18 13:00:00+09:00,5790.0,5840.0,5770.0,5830.0,7999,0.0,0.0
2023-07-18 14:00:00+09:00,5830.0,5850.0,5780.0,5840.0,6084,0.0,0.0
2023-07-19 09:00:00+09:00,5840.0,5850.0,5510.0,5850.0,83309,0.0,0.0
2023-07-19 10:00:00+09:00,5850.0,5920.0,5700.0,5740.0,27454,0.0,0.0
2023-07-19 11:00:00+09:00,5740.0,5770.0,5720.0,5720.0,7170,0.0,0.0
2023-07-19 12:00:00+09:00,5760.0,5960.0,5760.0,5880.0,19242,0.0,0.0
2023-07-19 13:00:00+09:00,5870.0,5920.0,5780.0,5890.0,6633,0.0,0.0
2023-07-19 14:00:00+09:00,5890.0,6030.0,5810.0,6030.0,20255,0.0,0.0
2023-07-20 09:00:00+09:00,6080.0,6080.0,5770.0,5800.0,51660,0.0,0.0
2023-07-20 10:00:00+09:00,5790.0,5910.0,5740.0,5790.0,27198,0.0,0.0
2023-07-20 11:00:00+09:00,5780.0,5800.0,5710.0,5730.0,18115,0.0,0.0
2023-07-20 12:00:00+09:00,5710.0,5750.0,5650.0,5660.0,25885,0.0,0.0
2023-07-20 13:00:00+09:00,5660.0,5670.0,5540.0,5580.0,44854,0.0,0.0
2023-07-20 14:00:00+09:00,5580.0,5610.0,5510.0,5580.0,33365,0.0,0.0
2023-07-21 09:00:00+09:00,5410.0,5650.0,5310.0,5400.0,48136,0.0,0.0
2023-07-21 10:00:00+09:00,5440.0,5490.0,5380.0,5490.0,18992,0.0,0.0
2023-07-21 11:00:00+09:00,5490.0,5540.0,5460.0,5500.0,7446,0.0,0.0
2023-07-21 12:00:00+09:00,5500.0,5560.0,5480.0,5550.0,4562,0.0,0.0
2023-07-21 13:00:00+09:00,5510.0,5550.0,5500.0,5520.0,12353,0.0,0.0
2023-07-21 14:00:00+09:00,5520.0,5560.0,5420.0,5510.0,17868,0.0,0.0
2023-07-24 09:00:00+09:00,5410.0,5790.0,5410.0,5610.0,0,0.0,0.0
2023-07-24 10:00:00+09:00,5610.0,5710.0,5470.0,5510.0,31594,0.0,0.0
2023-07-24 11:00:00+09:00,5500.0,5550.0,5420.0,5430.0,9412,0.0,0.0
2023-07-24 12:00:00+09:00,5430.0,5500.0,5300.0,5490.0,20133,0.0,0.0
2023-07-24 13:00:00+09:00,5490.0,5500.0,5410.0,5410.0,8680,0.0,0.0
2023-07-24 14:00:00+09:00,5460.0,5510.0,5430.0,5480.0,10517,0.0,0.0
2023-07-25 09:00:00+09:00,5350.0,5680.0,5350.0,5670.0,37715,0.0,0.0
2023-07-25 10:00:00+09:00,5680.0,5830.0,5560.0,5720.0,48028,0.0,0.0
2023-07-25 11:00:00+09:00,5700.0,5700.0,5530.0,5550.0,13827,0.0,0.0
2023-07-25 12:00:00+09:00,5580.0,5590.0,5540.0,5570.0,2494,0.0,0.0
2023-07-25 13:00:00+09:00,5560.0,5570.0,5380.0,5440.0,20110,0.0,0.0
2023-07-25 14:00:00+09:00,5490.0,5530.0,5440.0,5510.0,9670,0.0,0.0
2023-07-26 09:00:00+09:00,5480.0,5480.0,4965.0,5190.0,67329,0.0,0.0
2023-07-26 10:00:00+09:00,5210.0,5210.0,4980.0,5150.0,43077,0.0,0.0
2023-07-26 11:00:00+09:00,5150.0,5190.0,5070.0,5110.0,8051,0.0,0.0
2023-07-26 12:00:00+09:00,5100.0,5110.0,4965.0,5010.0,22199,0.0,0.0
2023-07-26 13:00:00+09:00,5010.0,5090.0,4960.0,4990.0,29074,0.0,0.0
2023-07-26 14:00:00+09:00,4985.0,5170.0,4985.0,5010.0,10588,0.0,0.0
2023-07-27 09:00:00+09:00,4945.0,5100.0,4900.0,5080.0,23475,0.0,0.0
2023-07-27 10:00:00+09:00,5080.0,5150.0,5000.0,5100.0,8271,0.0,0.0
2023-07-27 11:00:00+09:00,5150.0,5150.0,5020.0,5020.0,11485,0.0,0.0
2023-07-27 12:00:00+09:00,5080.0,5080.0,4985.0,5070.0,6360,0.0,0.0
2023-07-27 13:00:00+09:00,5070.0,5080.0,4995.0,5080.0,6408,0.0,0.0
2023-07-27 14:00:00+09:00,5080.0,5080.0,4990.0,5010.0,12600,0.0,0.0
2023-07-28 09:00:00+09:00,4945.0,5060.0,4800.0,5030.0,43342,0.0,0.0
2023-07-28 10:00:00+09:00,5040.0,5230.0,5030.0,5180.0,30139,0.0,0.0
2023-07-28 11:00:00+09:00,5180.0,5300.0,5150.0,5300.0,16879,0.0,0.0
2023-07-28 12:00:00+09:00,5290.0,5300.0,5180.0,5200.0,9605,0.0,0.0
2023-07-28 13:00:00+09:00,5200.0,5340.0,5170.0,5340.0,10421,0.0,0.0
2023-07-28 14:00:00+09:00,5340.0,5380.0,5280.0,5350.0,10030,0.0,0.0
2023-07-31 09:00:00+09:00,5330.0,5610.0,5180.0,5510.0,0,0.0,0.0
2023-07-31 10:00:00+09:00,5500.0,5700.0,5470.0,5660.0,28678,0.0,0.0
2023-07-31 11:00:00+09:00,5660.0,5660.0,5550.0,5640.0,13159,0.0,0.0
2023-07-31 12:00:00+09:00,5640.0,5640.0,5570.0,5610.0,3023,0.0,0.0
2023-07-31 13:00:00+09:00,5600.0,5640.0,5540.0,5540.0,6179,0.0,0.0
2023-07-31 14:00:00+09:00,5540.0,5630.0,5500.0,5560.0,7703,0.0,0.0
2023-08-01 09:00:00+09:00,5530.0,5660.0,5300.0,5430.0,29835,0.0,0.0
2023-08-01 10:00:00+09:00,5440.0,5530.0,5380.0,5510.0,9315,0.0,0.0
2023-08-01 11:00:00+09:00,5510.0,5510.0,5440.0,5490.0,4995,0.0,0.0
2023-08-01 12:00:00+09:00,5490.0,5560.0,5480.0,5540.0,19688,0.0,0.0
2023-08-01 13:00:00+09:00,5540.0,5540.0,5410.0,5440.0,6979,0.0,0.0
2023-08-01 14:00:00+09:00,5440.0,5490.0,5410.0,5410.0,3017,0.0,0.0
2023-08-02 09:00:00+09:00,5480.0,5720.0,5480.0,5620.0,34351,0.0,0.0
2023-08-02 10:00:00+09:00,5620.0,5800.0,5600.0,5670.0,23852,0.0,0.0
2023-08-02 11:00:00+09:00,5640.0,5660.0,5480.0,5520.0,11887,0.0,0.0
2023-08-02 12:00:00+09:00,5530.0,5730.0,5490.0,5620.0,18006,0.0,0.0
2023-08-02 13:00:00+09:00,5620.0,5660.0,5480.0,5550.0,14181,0.0,0.0
2023-08-02 14:00:00+09:00,5550.0,5580.0,5460.0,5500.0,11006,0.0,0.0
2023-08-03 09:00:00+09:00,5460.0,5620.0,5270.0,5530.0,22202,0.0,0.0
2023-08-03 10:00:00+09:00,5530.0,5530.0,5100.0,5350.0,18145,0.0,0.0
2023-08-03 11:00:00+09:00,5360.0,5380.0,5040.0,5340.0,18993,0.0,0.0
2023-08-03 12:00:00+09:00,5360.0,5490.0,5340.0,5380.0,5209,0.0,0.0
2023-08-03 13:00:00+09:00,5380.0,5440.0,5130.0,5380.0,15944,0.0,0.0
2023-08-03 14:00:00+09:00,5380.0,5480.0,5360.0,5370.0,4824,0.0,0.0
2023-08-04 09:00:00+09:00,5390.0,5610.0,5330.0,5540.0,17051,0.0,0.0
2023-08-04 10:00:00+09:00,5530.0,5640.0,5500.0,5540.0,13761,0.0,0.0
2023-08-04 11:00:00+09:00,5570.0,5660.0,5540.0,5660.0,4709,0.0,0.0
2023-08-04 12:00:00+09:00,5640.0,5680.0,5550.0,5620.0,8398,0.0,0.0
2023-08-04 13:00:00+09:00,5620.0,5620.0,5560.0,5590.0,4162,0.0,0.0
2023-08-04 14:00:00+09:00,5560.0,5610.0,5510.0,5610.0,7871,0.0,0.0
2023-08-07 09:00:00+09:00,5500.0,5600.0,5240.0,5270.0,0,0.0,0.0
2023-08-07 10:00:00+09:00,5330.0,5330.0,5200.0,5290.0,8592,0.0,0.0
2023-08-07 11:00:00+09:00,5290.0,5450.0,5250.0,5450.0,9905,0.0,0.0
2023-08-07 12:00:00+09:00,5430.0,5450.0,5340.0,5400.0,5242,0.0,0.0
2023-08-07 13:00:00+09:00,5360.0,5360.0,5300.0,5300.0,2588,0.0,0.0
2023-08-07 14:00:00+09:00,5340.0,5340.0,5200.0,5270.0,15211,0.0,0.0
2023-08-08 09:00:00+09:00,5170.0,5320.0,5170.0,5240.0,9805,0.0,0.0
2023-08-08 10:00:00+09:00,5240.0,5300.0,5150.0,5260.0,28386,0.0,0.0
2023-08-08 11:00:00+09:00,5220.0,5430.0,5180.0,5340.0,23149,0.0,0.0
2023-08-08 12:00:00+09:00,5320.0,5460.0,5320.0,5400.0,17903,0.0,0.0
2023-08-08 13:00:00+09:00,5400.0,5480.0,5350.0,5390.0,14540,0.0,0.0
2023-08-08 14:00:00+09:00,5390.0,5480.0,5350.0,5410.0,0,0.0,0.0
2023-08-09 09:00:00+09:00,5340.0,5390.0,5200.0,5220.0,9013,0.0,0.0
2023-08-09 10:00:00+09:00,5220.0,5390.0,5220.0,5370.0,7579,0.0,0.0
2023-08-09 11:00:00+09:00,5370.0,5460.0,5330.0,5370.0,6555,0.0,0.0
2023-08-09 12:00:00+09:00,5370.0,5440.0,5340.0,5400.0,6037,0.0,0.0
2023-08-09 13:00:00+09:00,5370.0,5430.0,5370.0,5410.0,4044,0.0,0.0
2023-08-09 14:00:00+09:00,5410.0,5430.0,5300.0,5400.0,6632,0.0,0.0
2023-08-10 09:00:00+09:00,5430.0,5430.0,5140.0,5250.0,12583,0.0,0.0
2023-08-10 10:00:00+09:00,5250.0,5340.0,5200.0,5240.0,6654,0.0,0.0
2023-08-10 11:00:00+09:00,5240.0,5300.0,5220.0,5250.0,3065,0.0,0.0
2023-08-10 12:00:00+09:00,5250.0,5300.0,5220.0,5230.0,5318,0.0,0.0
2023-08-10 13:00:00+09:00,5230.0,5270.0,5220.0,5230.0,2847,0.0,0.0
2023-08-10 14:00:00+09:00,5230.0,5260.0,5130.0,5150.0,17143,0.0,0.0
2023-08-11 09:00:00+09:00,5260.0,5440.0,5220.0,5250.0,17905,0.0,0.0
2023-08-11 10:00:00+09:00,5240.0,5400.0,5240.0,5400.0,10755,0.0,0.0
2023-08-11 11:00:00+09:00,5400.0,5430.0,5350.0,5420.0,5432,0.0,0.0
2023-08-11 12:00:00+09:00,5410.0,5410.0,5310.0,5320.0,8176,0.0,0.0
2023-08-11 13:00:00+09:00,5310.0,5350.0,5260.0,5320.0,5004,0.0,0.0
2023-08-11 14:00:00+09:00,5280.0,5360.0,5260.0,5290.0,3817,0.0,0.0
2023-08-14 09:00:00+09:00,5260.0,5410.0,5200.0,5260.0,0,0.0,0.0
2023-08-14 10:00:00+09:00,5240.0,5300.0,5210.0,5220.0,5020,0.0,0.0
2023-08-14 11:00:00+09:00,5210.0,5480.0,5200.0,5480.0,21106,0.0,0.0
2023-08-14 12:00:00+09:00,5480.0,5600.0,5370.0,5410.0,27768,0.0,0.0
2023-08-14 13:00:00+09:00,5410.0,5420.0,5330.0,5380.0,5647,0.0,0.0
2023-08-14 14:00:00+09:00,5360.0,5410.0,5330.0,5380.0,5918,0.0,0.0
2023-08-16 09:00:00+09:00,5360.0,5360.0,5050.0,5250.0,0,0.0,0.0
2023-08-16 10:00:00+09:00,5240.0,5430.0,5240.0,5330.0,60696,0.0,0.0
2023-08-16 11:00:00+09:00,5330.0,5400.0,5320.0,5330.0,7289,0.0,0.0
2023-08-16 12:00:00+09:00,5370.0,5400.0,5300.0,5310.0,5244,0.0,0.0
2023-08-16 13:00:00+09:00,5310.0,5360.0,5230.0,5250.0,6593,0.0,0.0
2023-08-16 14:00:00+09:00,5240.0,5350.0,5230.0,5350.0,5570,0.0,0.0
2023-08-17 09:00:00+09:00,5220.0,5230.0,4900.0,4965.0,70138,0.0,0.0
2023-08-17 10:00:00+09:00,4960.0,5000.0,4905.0,4990.0,17350,0.0,0.0
2023-08-17 11:00:00+09:00,4980.0,5030.0,4925.0,4995.0,8435,0.0,0.0
2023-08-17 12:00:00+09:00,4990.0,5050.0,4950.0,5050.0,16186,0.0,0.0
2023-08-17 13:00:00+09:00,5040.0,5110.0,5000.0,5050.0,5337,0.0,0.0
2023-08-17 14:00:00+09:00,5050.0,5070.0,4995.0,5060.0,5284,0.0,0.0
2023-08-18 09:00:00+09:00,5060.0,5060.0,4835.0,4990.0,15893,0.0,0.0
2023-08-18 10:00:00+09:00,4975.0,5030.0,4925.0,4955.0,9964,0.0,0.0
2023-08-18 11:00:00+09:00,4955.0,5060.0,4945.0,4950.0,9085,0.0,0.0
2023-08-18 12:00:00+09:00,4955.0,4985.0,4930.0,4960.0,4890,0.0,0.0
2023-08-18 13:00:00+09:00,4960.0,4960.0,4910.0,4940.0,5824,0.0,0.0
2023-08-18 14:00:00+09:00,4940.0,4940.0,4910.0,4920.0,3800,0.0,0.0
2023-08-21 09:00:00+09:00,4865.0,5010.0,4830.0,5010.0,0,0.0,0.0
2023-08-21 10:00:00+09:00,4970.0,5070.0,4970.0,5030.0,6464,0.0,0.0
2023-08-21 11:00:00+09:00,5010.0,5070.0,4990.0,5020.0,4859,0.0,0.0
2023-08-21 12:00:00+09:00,4990.0,5030.0,4965.0,4990.0,1931,0.0,0.0
2023-08-21 13:00:00+09:00,4970.0,5010.0,4935.0,4980.0,7995,0.0,0.0
2023-08-21 14:00:00+09:00,4955.0,4990.0,4870.0,4920.0,5592,0.0,0.0
2023-08-22 09:00:00+09:00,4900.0,4990.0,4870.0,4920.0,15736,0.0,0.0
2023-08-22 10:00:00+09:00,4920.0,4920.0,4890.0,4910.0,1817,0.0,0.0
2023-08-22 11:00:00+09:00,4915.0,4980.0,4895.0,4915.0,2952,0.0,0.0
2023-08-22 12:00:00+09:00,4915.0,4915.0,4880.0,4905.0,2327,0.0,0.0
2023-08-22 13:00:00+09:00,4895.0,4900.0,4865.0,4880.0,2276,0.0,0.0
2023-08-22 14:00:00+09:00,4880.0,4900.0,4860.0,4865.0,2997,0.0,0.0
2023-08-23 09:00:00+09:00,4880.0,4910.0,4805.0,4890.0,0,0.0,0.0
2023-08-23 10:00:00+09:00,4870.0,4885.0,4830.0,4850.0,2977,0.0,0.0
2023-08-23 11:00:00+09:00,4850.0,4855.0,4740.0,4740.0,8611,0.0,0.0
2023-08-23 12:00:00+09:00,4745.0,4750.0,4700.0,4750.0,11417,0.0,0.0
2023-08-23 13:00:00+09:00,4760.0,4795.0,4745.0,4750.0,5374,0.0,0.0
2023-08-23 14:00:00+09:00,4750.0,4785.0,4725.0,4725.0,3863,0.0,0.0
2023-08-24 09:00:00+09:00,4720.0,4860.0,4720.0,4775.0,9879,0.0,0.0
2023-08-24 10:00:00+09:00,4795.0,4815.0,4770.0,4815.0,2108,0.0,0.0
2023-08-24 11:00:00+09:00,4815.0,4815.0,4770.0,4790.0,1030,0.0,0.0
2023-08-24 12:00:00+09:00,4780.0,4780.0,4750.0,4750.0,743,0.0,0.0
2023-08-24 13:00:00+09:00,4750.0,4760.0,4730.0,4750.0,929,0.0,0.0
2023-08-24 14:00:00+09:00,4750.0,4755.0,4725.0,4745.0,2256,0.0,0.0
2023-08-25 09:00:00+09:00,4750.0,4895.0,4750.0,4845.0,7114,0.0,0.0
2023-08-25 10:00:00+09:00,4845.0,4895.0,4815.0,4845.0,5016,0.0,0.0
2023-08-25 11:00:00+09:00,4845.0,4910.0,4840.0,4870.0,1784,0.0,0.0
2023-08-25 12:00:00+09:00,4860.0,4880.0,4850.0,4875.0,3428,0.0,0.0
2023-08-25 13:00:00+09:00,4870.0,4870.0,4850.0,4870.0,1416,0.0,0.0
2023-08-25 14:00:00+09:00,4870.0,4880.0,4850.0,4850.0,1592,0.0,0.0
2023-08-28 09:00:00+09:00,4880.0,5310.0,4880.0,5280.0,14710,0.0,0.0
2023-08-28 10:00:00+09:00,5240.0,5370.0,5200.0,5300.0,45926,0.0,0.0
2023-08-28 11:00:00+09:00,5300.0,5300.0,5180.0,5260.0,11052,0.0,0.0
2023-08-28 12:00:00+09:00,5230.0,5270.0,5220.0,5220.0,3110,0.0,0.0
2023-08-28 13:00:00+09:00,5220.0,5250.0,5220.0,5220.0,8558,0.0,0.0
2023-08-28 14:00:00+09:00,5220.0,5250.0,5210.0,5250.0,18653,0.0,0.0
2023-08-29 09:00:00+09:00,5400.0,5400.0,5200.0,5230.0,27175,0.0,0.0
2023-08-29 10:00:00+09:00,5230.0,5240.0,5160.0,5170.0,6561,0.0,0.0
2023-08-29 11:00:00+09:00,5170.0,5220.0,5100.0,5130.0,8784,0.0,0.0
2023-08-29 12:00:00+09:00,5120.0,5240.0,5120.0,5200.0,8198,0.0,0.0
2023-08-29 13:00:00+09:00,5200.0,5210.0,5160.0,5160.0,4714,0.0,0.0
2023-08-29 14:00:00+09:00,5160.0,5260.0,5150.0,5240.0,4200,0.0,0.0
2023-08-30 09:00:00+09:00,5200.0,5450.0,5190.0,5290.0,11378,0.0,0.0
2023-08-30 10:00:00+09:00,5290.0,5330.0,5280.0,5280.0,3434,0.0,0.0
2023-08-30 11:00:00+09:00,5300.0,5320.0,5280.0,5300.0,2163,0.0,0.0
2023-08-30 12:00:00+09:00,5310.0,5360.0,5300.0,5360.0,3289,0.0,0.0
2023-08-30 13:00:00+09:00,5360.0,5420.0,5340.0,5390.0,7366,0.0,0.0
2023-08-30 14:00:00+09:00,5370.0,5460.0,5370.0,5430.0,15970,0.0,0.0
2023-08-31 09:00:00+09:00,5430.0,5490.0,5250.0,5260.0,16890,0.0,0.0
2023-08-31 10:00:00+09:00,5250.0,5250.0,5190.0,5210.0,9009,0.0,0.0
2023-08-31 11:00:00+09:00,5210.0,5220.0,5180.0,5210.0,4219,0.0,0.0
2023-08-31 12:00:00+09:00,5210.0,5210.0,5160.0,5190.0,6776,0.0,0.0
2023-08-31 13:00:00+09:00,5190.0,5230.0,5180.0,5180.0,7607,0.0,0.0
2023-08-31 14:00:00+09:00,5190.0,5190.0,5130.0,5190.0,9644,0.0,0.0
2023-09-01 09:00:00+09:00,5170.0,5370.0,5130.0,5150.0,26191,0.0,0.0
2023-09-01 10:00:00+09:00,5140.0,5140.0,5030.0,5030.0,14932,0.0,0.0
2023-09-01 11:00:00+09:00,5030.0,5100.0,5010.0,5090.0,5860,0.0,0.0
2023-09-01 12:00:00+09:00,5050.0,5080.0,4985.0,5020.0,12095,0.0,0.0
2023-09-01 13:00:00+09:00,4990.0,5010.0,4955.0,4990.0,4761,0.0,0.0
2023-09-01 14:00:00+09:00,4990.0,4995.0,4930.0,4945.0,4687,0.0,0.0
2023-09-04 09:00:00+09:00,4930.0,5020.0,4870.0,4910.0,0,0.0,0.0
2023-09-04 10:00:00+09:00,4890.0,4910.0,4870.0,4890.0,4545,0.0,0.0
2023-09-04 11:00:00+09:00,4890.0,4895.0,4870.0,4875.0,3162,0.0,0.0
2023-09-04 12:00:00+09:00,4875.0,4910.0,4870.0,4890.0,2488,0.0,0.0
2023-09-04 13:00:00+09:00,4890.0,4945.0,4885.0,4945.0,1862,0.0,0.0
2023-09-04 14:00:00+09:00,4940.0,4965.0,4940.0,4965.0,934,0.0,0.0
2023-09-05 09:00:00+09:00,5000.0,5000.0,4805.0,4890.0,12624,0.0,0.0
2023-09-05 10:00:00+09:00,4895.0,5030.0,4870.0,4945.0,7731,0.0,0.0
2023-09-05 11:00:00+09:00,4965.0,4985.0,4905.0,4930.0,5366,0.0,0.0
2023-09-05 12:00:00+09:00,4920.0,4960.0,4900.0,4900.0,2044,0.0,0.0
2023-09-05 13:00:00+09:00,4920.0,4925.0,4875.0,4885.0,2172,0.0,0.0
2023-09-05 14:00:00+09:00,4885.0,4945.0,4885.0,4920.0,2862,0.0,0.0
2023-09-06 09:00:00+09:00,4950.0,4950.0,4815.0,4815.0,11794,0.0,0.0
2023-09-06 10:00:00+09:00,4815.0,4865.0,4815.0,4850.0,12708,0.0,0.0
2023-09-06 11:00:00+09:00,4850.0,4860.0,4830.0,4860.0,8417,0.0,0.0
2023-09-06 12:00:00+09:00,4860.0,4860.0,4825.0,4850.0,6005,0.0,0.0
2023-09-06 13:00:00+09:00,4850.0,4850.0,4815.0,4820.0,8808,0.0,0.0
2023-09-06 14:00:00+09:00,4815.0,4825.0,4780.0,4810.0,8604,0.0,0.0
2023-09-07 09:00:00+09:00,4780.0,4835.0,4740.0,4750.0,12603,0.0,0.0
2023-09-07 10:00:00+09:00,4745.0,4770.0,4600.0,4635.0,18871,0.0,0.0
2023-09-07 11:00:00+09:00,4620.0,4680.0,4620.0,4680.0,6988,0.0,0.0
2023-09-07 12:00:00+09:00,4665.0,4720.0,4665.0,4720.0,2128,0.0,0.0
2023-09-07 13:00:00+09:00,4720.0,4720.0,4685.0,4720.0,2400,0.0,0.0
2023-09-07 14:00:00+09:00,4695.0,4720.0,4680.0,4680.0,9252,0.0,0.0
2023-09-08 09:00:00+09:00,4665.0,4715.0,4630.0,4655.0,11999,0.0,0.0
2023-09-08 10:00:00+09:00,4655.0,4860.0,4655.0,4850.0,7781,0.0,0.0
2023-09-08 11:00:00+09:00,4845.0,4845.0,4720.0,4790.0,4277,0.0,0.0
2023-09-08 12:00:00+09:00,4745.0,4770.0,4720.0,4745.0,948,0.0,0.0
2023-09-08 13:00:00+09:00,4740.0,4790.0,4720.0,4750.0,2868,0.0,0.0
2023-09-08 14:00:00+09:00,4750.0,4775.0,4710.0,4715.0,3962,0.0,0.0
2023-09-11 09:00:00+09:00,4815.0,4850.0,4765.0,4795.0,0,0.0,0.0
2023-09-11 10:00:00+09:00,4795.0,4835.0,4790.0,4790.0,1561,0.0,0.0
2023-09-11 11:00:00+09:00,4790.0,4825.0,4790.0,4820.0,736,0.0,0.0
2023-09-11 12:00:00+09:00,4820.0,4820.0,4775.0,4785.0,1902,0.0,0.0
2023-09-11 13:00:00+09:00,4785.0,4790.0,4745.0,4790.0,3825,0.0,0.0
2023-09-11 14:00:00+09:00,4765.0,4770.0,4725.0,4770.0,5159,0.0,0.0
2023-09-12 09:00:00+09:00,4825.0,5100.0,4800.0,4955.0,16396,0.0,0.0
2023-09-12 10:00:00+09:00,4955.0,5100.0,4945.0,4955.0,27307,0.0,0.0
2023-09-12 11:00:00+09:00,4955.0,4980.0,4880.0,4895.0,5133,0.0,0.0
2023-09-12 12:00:00+09:00,4895.0,4950.0,4860.0,4935.0,8386,0.0,0.0
2023-09-12 13:00:00+09:00,4935.0,4980.0,4885.0,4890.0,3873,0.0,0.0
2023-09-12 14:00:00+09:00,4890.0,4950.0,4880.0,4880.0,2154,0.0,0.0
2023-09-13 09:00:00+09:00,4850.0,4855.0,4775.0,4815.0,11368,0.0,0.0
2023-09-13 10:00:00+09:00,4815.0,4815.0,4725.0,4750.0,8631,0.0,0.0
2023-09-13 11:00:00+09:00,4735.0,4780.0,4715.0,4745.0,1799,0.0,0.0
2023-09-13 12:00:00+09:00,4745.0,4765.0,4745.0,4750.0,1200,0.0,0.0
2023-09-13 13:00:00+09:00,4760.0,4785.0,4750.0,4785.0,941,0.0,0.0
2023-09-13 14:00:00+09:00,4785.0,4790.0,4760.0,4790.0,1941,0.0,0.0
2023-09-14 09:00:00+09:00,4785.0,4865.0,4700.0,4820.0,16754,0.0,0.0
2023-09-14 10:00:00+09:00,4800.0,4855.0,4800.0,4855.0,1570,0.0,0.0
2023-09-14 11:00:00+09:00,4855.0,4895.0,4825.0,4895.0,2718,0.0,0.0
2023-09-14 12:00:00+09:00,4895.0,4935.0,4860.0,4895.0,2684,0.0,0.0
2023-09-14 13:00:00+09:00,4890.0,4890.0,4835.0,4850.0,855,0.0,0.0
2023-09-14 14:00:00+09:00,4850.0,4865.0,4845.0,4845.0,755,0.0,0.0
2023-09-15 09:00:00+09:00,4865.0,5010.0,4865.0,4940.0,6282,0.0,0.0
2023-09-15 10:00:00+09:00,4935.0,5030.0,4935.0,4935.0,9427,0.0,0.0
2023-09-15 11:00:00+09:00,4930.0,4965.0,4900.0,4935.0,5833,0.0,0.0
2023-09-15 12:00:00+09:00,4960.0,4960.0,4910.0,4920.0,481,0.0,0.0
2023-09-15 13:00:00+09:00,4920.0,4950.0,4905.0,4935.0,2661,0.0,0.0
2023-09-15 14:00:00+09:00,4930.0,4940.0,4900.0,4935.0,3538,0.0,0.0
2023-09-18 09:00:00+09:00,4945.0,4945.0,4750.0,4810.0,0,0.0,0.0
2023-09-18 10:00:00+09:00,4805.0,4820.0,4795.0,4820.0,4322,0.0,0.0
2023-09-18 11:00:00+09:00,4820.0,4860.0,4815.0,4855.0,1881,0.0,0.0
2023-09-18 12:00:00+09:00,4850.0,4855.0,4835.0,4850.0,2050,0.0,0.0
2023-09-18 13:00:00+09:00,4850.0,4850.0,4770.0,4805.0,0,0.0,0.0
2023-09-18 14:00:00+09:00,4805.0,4865.0,4770.0,4795.0,33010,0.0,0.0
2023-09-19 09:00:00+09:00,4715.0,4760.0,4700.0,4715.0,7422,0.0,0.0
2023-09-19 10:00:00+09:00,4705.0,4735.0,4690.0,4735.0,2994,0.0,0.0
2023-09-19 11:00:00+09:00,4735.0,4740.0,4690.0,4700.0,4229,0.0,0.0
2023-09-19 12:00:00+09:00,4695.0,4720.0,4695.0,4705.0,1595,0.0,0.0
2023-09-19 13:00:00+09:00,4705.0,4890.0,4690.0,4825.0,9375,0.0,0.0
2023-09-19 14:00:00+09:00,4820.0,4820.0,4725.0,4765.0,768,0.0,0.0
2023-09-20 09:00:00+09:00,4690.0,4705.0,4650.0,4680.0,8142,0.0,0.0
2023-09-20 10:00:00+09:00,4650.0,4680.0,4640.0,4665.0,2816,0.0,0.0
2023-09-20 11:00:00+09:00,4655.0,4665.0,4620.0,4645.0,6534,0.0,0.0
2023-09-20 12:00:00+09:00,4645.0,4655.0,4640.0,4650.0,736,0.0,0.0
2023-09-20 13:00:00+09:00,4655.0,4685.0,4650.0,4660.0,2339,0.0,0.0
2023-09-20 14:00:00+09:00,4660.0,4660.0,4650.0,4650.0,1031,0.0,0.0
2023-09-21 09:00:00+09:00,4640.0,4640.0,4535.0,4560.0,6639,0.0,0.0
2023-09-21 10:00:00+09:00,4570.0,4580.0,4450.0,4545.0,14645,0.0,0.0
2023-09-21 11:00:00+09:00,4545.0,4545.0,4470.0,4510.0,7196,0.0,0.0
2023-09-21 12:00:00+09:00,4510.0,4515.0,4475.0,4480.0,4263,0.0,0.0
2023-09-21 13:00:00+09:00,4480.0,4490.0,4450.0,4485.0,5272,0.0,0.0
2023-09-21 14:00:00+09:00,4480.0,4535.0,4440.0,4490.0,9300,0.0,0.0
2023-09-22 09:00:00+09:00,4400.0,4435.0,4320.0,4430.0,15813,0.0,0.0
2023-09-22 10:00:00+09:00,4400.0,4475.0,4355.0,4475.0,3596,0.0,0.0
2023-09-22 11:00:00+09:00,4455.0,4495.0,4400.0,4440.0,1117,0.0,0.0
2023-09-22 12:00:00+09:00,4435.0,4465.0,4385.0,4425.0,1195,0.0,0.0
2023-09-22 13:00:00+09:00,4395.0,4425.0,4360.0,4405.0,2134,0.0,0.0
2023-09-22 14:00:00+09:00,4375.0,4425.0,4355.0,4380.0,4165,0.0,0.0
2023-09-25 09:00:00+09:00,4370.0,4485.0,4335.0,4365.0,0,0.0,0.0
2023-09-25 10:00:00+09:00,4365.0,4395.0,4330.0,4345.0,3747,0.0,0.0
2023-09-25 11:00:00+09:00,4340.0,4370.0,4320.0,4320.0,4137,0.0,0.0
2023-09-25 12:00:00+09:00,4320.0,4365.0,4270.0,4340.0,6335,0.0,0.0
2023-09-25 13:00:00+09:00,4340.0,4340.0,4280.0,4330.0,1669,0.0,0.0
2023-09-25 14:00:00+09:00,4330.0,4330.0,4270.0,4290.0,2411,0.0,0.0
2023-09-26 09:00:00+09:00,4270.0,4345.0,4055.0,4135.0,29348,0.0,0.0
2023-09-26 10:00:00+09:00,4130.0,4210.0,4115.0,4115.0,11267,0.0,0.0
2023-09-26 11:00:00+09:00,4115.0,4165.0,4100.0,4145.0,6410,0.0,0.0
2023-09-26 12:00:00+09:00,4155.0,4165.0,4140.0,4165.0,6378,0.0,0.0
2023-09-26 13:00:00+09:00,4165.0,4180.0,4140.0,4175.0,4491,0.0,0.0
2023-09-26 14:00:00+09:00,4175.0,4180.0,4150.0,4160.0,2810,0.0,0.0
2023-09-27 09:00:00+09:00,4150.0,4185.0,4110.0,4170.0,13943,0.0,0.0
2023-09-27 10:00:00+09:00,4170.0,4260.0,4170.0,4205.0,6735,0.0,0.0
2023-09-27 11:00:00+09:00,4195.0,4195.0,4155.0,4175.0,1484,0.0,0.0
2023-09-27 12:00:00+09:00,4160.0,4220.0,4155.0,4220.0,6085,0.0,0.0
2023-09-27 13:00:00+09:00,4220.0,4385.0,4215.0,4320.0,7467,0.0,0.0
2023-09-27 14:00:00+09:00,4310.0,4450.0,4305.0,4415.0,9040,0.0,0.0
2023-10-04 09:00:00+09:00,4410.0,4455.0,4140.0,4175.0,0,0.0,0.0
2023-10-04 10:00:00+09:00,4160.0,4195.0,4120.0,4165.0,5561,0.0,0.0
2023-10-04 11:00:00+09:00,4165.0,4190.0,4120.0,4120.0,4990,0.0,0.0
2023-10-04 12:00:00+09:00,4125.0,4160.0,4120.0,4155.0,4410,0.0,0.0
2023-10-04 13:00:00+09:00,4130.0,4155.0,4090.0,4125.0,8699,0.0,0.0
2023-10-04 14:00:00+09:00,4130.0,4130.0,4080.0,4080.0,7210,0.0,0.0
2023-10-05 09:00:00+09:00,4060.0,4255.0,3950.0,4095.0,35735,0.0,0.0
2023-10-05 10:00:00+09:00,4095.0,4095.0,4020.0,4070.0,4638,0.0,0.0
2023-10-05 11:00:00+09:00,4095.0,4110.0,4070.0,4100.0,1780,0.0,0.0
2023-10-05 12:00:00+09:00,4100.0,4115.0,4090.0,4115.0,1278,0.0,0.0
2023-10-05 13:00:00+09:00,4115.0,4170.0,4100.0,4145.0,6126,0.0,0.0
2023-10-05 14:00:00+09:00,4160.0,4170.0,4025.0,4055.0,8854,0.0,0.0
2023-10-06 09:00:00+09:00,4050.0,4255.0,4050.0,4215.0,12616,0.0,0.0
2023-10-06 10:00:00+09:00,4230.0,4245.0,4195.0,4220.0,9608,0.0,0.0
2023-10-06 11:00:00+09:00,4220.0,4220.0,4155.0,4210.0,8029,0.0,0.0
2023-10-06 12:00:00+09:00,4210.0,4210.0,4165.0,4200.0,9218,0.0,0.0
2023-10-06 13:00:00+09:00,4200.0,4205.0,4120.0,4140.0,10203,0.0,0.0
2023-10-06 14:00:00+09:00,4140.0,4170.0,4090.0,4170.0,2617,0.0,0.0
2023-10-10 09:00:00+09:00,4270.0,4460.0,4260.0,4400.0,0,0.0,0.0
2023-10-10 10:00:00+09:00,4405.0,4405.0,4350.0,4355.0,4136,0.0,0.0
2023-10-10 11:00:00+09:00,4355.0,4360.0,4275.0,4280.0,7228,0.0,0.0
2023-10-10 12:00:00+09:00,4280.0,4290.0,4245.0,4245.0,3759,0.0,0.0
2023-10-10 13:00:00+09:00,4250.0,4265.0,4215.0,4235.0,2856,0.0,0.0
2023-10-10 14:00:00+09:00,4215.0,4465.0,4165.0,4250.0,17995,0.0,0.0
2023-10-11 09:00:00+09:00,4305.0,4425.0,4255.0,4315.0,9709,0.0,0.0
2023-10-11 10:00:00+09:00,4300.0,4350.0,4290.0,4335.0,2260,0.0,0.0
2023-10-11 11:00:00+09:00,4305.0,4320.0,4285.0,4300.0,1606,0.0,0.0
2023-10-11 12:00:00+09:00,4300.0,4300.0,4260.0,4295.0,2600,0.0,0.0
2023-10-11 13:00:00+09:00,4295.0,4305.0,4210.0,4270.0,4846,0.0,0.0
2023-10-11 14:00:00+09:00,4270.0,4285.0,4255.0,4285.0,2033,0.0,0.0
2023-10-12 09:00:00+09:00,4315.0,4400.0,4310.0,4320.0,6890,0.0,0.0
2023-10-12 10:00:00+09:00,4320.0,4320.0,4290.0,4290.0,3455,0.0,0.0
2023-10-12 11:00:00+09:00,4290.0,4300.0,4290.0,4290.0,1504,0.0,0.0
2023-10-12 12:00:00+09:00,4290.0,4295.0,4260.0,4265.0,7929,0.0,0.0
2023-10-12 13:00:00+09:00,4265.0,4290.0,4260.0,4290.0,2518,0.0,0.0
2023-10-12 14:00:00+09:00,4285.0,4285.0,4270.0,4285.0,3201,0.0,0.0
2023-10-13 09:00:00+09:00,4350.0,4390.0,4190.0,4230.0,13660,0.0,0.0
2023-10-13 10:00:00+09:00,4230.0,4260.0,4190.0,4225.0,2966,0.0,0.0
2023-10-13 11:00:00+09:00,4200.0,4235.0,4195.0,4200.0,2587,0.0,0.0
2023-10-13 12:00:00+09:00,4200.0,4215.0,4190.0,4200.0,2193,0.0,0.0
2023-10-13 13:00:00+09:00,4195.0,4200.0,4170.0,4175.0,6659,0.0,0.0
2023-10-13 14:00:00+09:00,4180.0,4200.0,4175.0,4195.0,3311,0.0,0.0
2023-10-16 09:00:00+09:00,4200.0,4240.0,4125.0,4185.0,0,0.0,0.0
2023-10-16 10:00:00+09:00,4210.0,4450.0,4200.0,4220.0,12966,0.0,0.0
2023-10-16 11:00:00+09:00,4215.0,4215.0,4150.0,4165.0,4794,0.0,0.0
2023-10-16 12:00:00+09:00,4160.0,4185.0,4150.0,4170.0,948,0.0,0.0
2023-10-16 13:00:00+09:00,4170.0,4185.0,4165.0,4165.0,1677,0.0,0.0
2023-10-16 14:00:00+09:00,4180.0,4195.0,4165.0,4180.0,2620,0.0,0.0
2023-10-17 09:00:00+09:00,4285.0,4400.0,4240.0,4285.0,9841,0.0,0.0
2023-10-17 10:00:00+09:00,4290.0,4345.0,4290.0,4330.0,3705,0.0,0.0
2023-10-17 11:00:00+09:00,4335.0,4360.0,4310.0,4310.0,1476,0.0,0.0
2023-10-17 12:00:00+09:00,4310.0,4350.0,4280.0,4340.0,5629,0.0,0.0
2023-10-17 13:00:00+09:00,4340.0,4340.0,4290.0,4320.0,1039,0.0,0.0
2023-10-17 14:00:00+09:00,4320.0,4380.0,4305.0,4330.0,679,0.0,0.0
2023-10-18 09:00:00+09:00,4315.0,4400.0,4315.0,4335.0,6318,0.0,0.0
2023-10-18 10:00:00+09:00,4320.0,4320.0,4285.0,4290.0,4431,0.0,0.0
2023-10-18 11:00:00+09:00,4295.0,4295.0,4255.0,4260.0,852,0.0,0.0
2023-10-18 12:00:00+09:00,4260.0,4335.0,4250.0,4260.0,2269,0.0,0.0
2023-10-18 13:00:00+09:00,4295.0,4320.0,4260.0,4310.0,1363,0.0,0.0
2023-10-18 14:00:00+09:00,4275.0,4280.0,4215.0,4250.0,1619,0.0,0.0
2023-10-19 09:00:00+09:00,4250.0,4255.0,4080.0,4200.0,8011,0.0,0.0
2023-10-19 10:00:00+09:00,4190.0,4285.0,4175.0,4175.0,1463,0.0,0.0
2023-10-19 11:00:00+09:00,4175.0,4190.0,4125.0,4130.0,3483,0.0,0.0
2023-10-19 12:00:00+09:00,4130.0,4155.0,4130.0,4140.0,1343,0.0,0.0
2023-10-19 13:00:00+09:00,4140.0,4180.0,4135.0,4150.0,775,0.0,0.0
2023-10-19 14:00:00+09:00,4150.0,4160.0,4130.0,4130.0,4610,0.0,0.0
2023-10-20 09:00:00+09:00,4100.0,4100.0,3950.0,4000.0,11512,0.0,0.0
2023-10-20 10:00:00+09:00,3970.0,4000.0,3920.0,3970.0,3851,0.0,0.0
2023-10-20 11:00:00+09:00,3970.0,4010.0,3955.0,4010.0,5572,0.0,0.0
2023-10-20 12:00:00+09:00,4015.0,4085.0,4015.0,4055.0,279,0.0,0.0
2023-10-20 13:00:00+09:00,4055.0,4120.0,4055.0,4120.0,4614,0.0,0.0
2023-10-20 14:00:00+09:00,4120.0,4120.0,4075.0,4090.0,1547,0.0,0.0
2023-10-23 09:00:00+09:00,4045.0,4090.0,3970.0,4060.0,0,0.0,0.0
2023-10-23 10:00:00+09:00,4060.0,4070.0,4020.0,4055.0,1943,0.0,0.0
2023-10-23 11:00:00+09:00,4045.0,4045.0,3995.0,4000.0,4512,0.0,0.0
2023-10-23 12:00:00+09:00,4005.0,4040.0,3985.0,4040.0,1844,0.0,0.0
2023-10-23 13:00:00+09:00,4040.0,4040.0,3990.0,4000.0,1201,0.0,0.0
2023-10-23 14:00:00+09:00,4000.0,4040.0,3955.0,3955.0,5196,0.0,0.0
2023-10-24 09:00:00+09:00,3980.0,4030.0,3940.0,3950.0,8387,0.0,0.0
2023-10-24 10:00:00+09:00,3945.0,3975.0,3840.0,3895.0,9996,0.0,0.0
2023-10-24 11:00:00+09:00,3895.0,4060.0,3895.0,4020.0,4549,0.0,0.0
2023-10-24 12:00:00+09:00,4020.0,4090.0,4020.0,4080.0,1419,0.0,0.0
2023-10-24 13:00:00+09:00,4095.0,4180.0,4085.0,4175.0,4310,0.0,0.0
2023-10-24 14:00:00+09:00,4175.0,4220.0,4155.0,4190.0,5710,0.0,0.0
2023-10-25 09:00:00+09:00,4220.0,4315.0,4220.0,4270.0,0,0.0,0.0
2023-10-25 10:00:00+09:00,4265.0,4280.0,4260.0,4275.0,15587,0.0,0.0
2023-10-25 11:00:00+09:00,4275.0,4300.0,4275.0,4280.0,5939,0.0,0.0
2023-10-25 12:00:00+09:00,4280.0,4285.0,4260.0,4265.0,1912,0.0,0.0
2023-10-25 13:00:00+09:00,4265.0,4285.0,4220.0,4285.0,1157,0.0,0.0
2023-10-25 14:00:00+09:00,4285.0,4300.0,4265.0,4265.0,857,0.0,0.0
2023-10-26 09:00:00+09:00,4315.0,4320.0,4105.0,4135.0,0,0.0,0.0
2023-10-26 10:00:00+09:00,4135.0,4180.0,4100.0,4175.0,17992,0.0,0.0
2023-10-26 11:00:00+09:00,4150.0,4150.0,4080.0,4100.0,2133,0.0,0.0
2023-10-26 12:00:00+09:00,4100.0,4100.0,4070.0,4090.0,596,0.0,0.0
2023-10-26 13:00:00+09:00,4090.0,4115.0,4075.0,4115.0,3291,0.0,0.0
2023-10-26 14:00:00+09:00,4115.0,4120.0,4080.0,4110.0,1153,0.0,0.0
2023-10-27 09:00:00+09:00,4170.0,4170.0,4025.0,4040.0,13671,0.0,0.0
2023-10-27 10:00:00+09:00,4060.0,4210.0,4060.0,4185.0,6991,0.0,0.0
2023-10-27 11:00:00+09:00,4185.0,4250.0,4180.0,4250.0,7481,0.0,0.0
2023-10-27 12:00:00+09:00,4220.0,4220.0,4080.0,4110.0,2697,0.0,0.0
2023-10-27 13:00:00+09:00,4130.0,4140.0,4075.0,4080.0,2698,0.0,0.0
2023-10-27 14:00:00+09:00,4110.0,4145.0,4080.0,4145.0,555,0.0,0.0
2023-10-30 09:00:00+09:00,4195.0,4220.0,4140.0,4170.0,0,0.0,0.0
2023-10-30 10:00:00+09:00,4170.0,4265.0,4170.0,4255.0,4075,0.0,0.0
2023-10-30 11:00:00+09:00,4260.0,4280.0,4235.0,4260.0,2764,0.0,0.0
2023-10-30 12:00:00+09:00,4260.0,4280.0,4240.0,4280.0,2644,0.0,0.0
2023-10-30 13:00:00+09:00,4270.0,4300.0,4265.0,4285.0,4707,0.0,0.0
2023-10-30 14:00:00+09:00,4300.0,4300.0,4265.0,4270.0,3481,0.0,0.0
2023-10-31 09:00:00+09:00,4325.0,4670.0,4315.0,4490.0,49470,0.0,0.0
2023-10-31 10:00:00+09:00,4500.0,4545.0,4485.0,4525.0,5112,0.0,0.0
2023-10-31 11:00:00+09:00,4520.0,4530.0,4470.0,4505.0,10003,0.0,0.0
2023-10-31 12:00:00+09:00,4505.0,4505.0,4400.0,4405.0,9740,0.0,0.0
2023-10-31 13:00:00+09:00,4415.0,4530.0,4405.0,4525.0,12434,0.0,0.0
2023-10-31 14:00:00+09:00,4490.0,4545.0,4475.0,4540.0,5610,0.0,0.0
2023-11-01 09:00:00+09:00,4540.0,4640.0,4500.0,4595.0,13603,0.0,0.0
2023-11-01 10:00:00+09:00,4600.0,4620.0,4575.0,4575.0,10897,0.0,0.0
2023-11-01 11:00:00+09:00,4580.0,4600.0,4535.0,4550.0,2860,0.0,0.0
2023-11-01 12:00:00+09:00,4555.0,4570.0,4540.0,4550.0,2472,0.0,0.0
2023-11-01 13:00:00+09:00,4550.0,4610.0,4550.0,4610.0,5495,0.0,0.0
2023-11-01 14:00:00+09:00,4600.0,4655.0,4600.0,4640.0,7131,0.0,0.0
2023-11-02 09:00:00+09:00,4710.0,4710.0,4440.0,4540.0,21768,0.0,0.0
2023-11-02 10:00:00+09:00,4560.0,4560.0,4520.0,4525.0,9771,0.0,0.0
2023-11-02 11:00:00+09:00,4525.0,4530.0,4465.0,4465.0,10844,0.0,0.0
2023-11-02 12:00:00+09:00,4480.0,4495.0,4460.0,4490.0,1322,0.0,0.0
2023-11-02 13:00:00+09:00,4490.0,4600.0,4490.0,4585.0,7073,0.0,0.0
2023-11-02 14:00:00+09:00,4565.0,4565.0,4525.0,4550.0,6775,0.0,0.0
2023-11-03 09:00:00+09:00,4630.0,4645.0,4580.0,4600.0,10827,0.0,0.0
2023-11-03 10:00:00+09:00,4590.0,4730.0,4590.0,4730.0,7600,0.0,0.0
2023-11-03 11:00:00+09:00,4735.0,4775.0,4675.0,4755.0,5612,0.0,0.0
2023-11-03 12:00:00+09:00,4755.0,4780.0,4750.0,4755.0,3424,0.0,0.0
2023-11-03 13:00:00+09:00,4760.0,4850.0,4720.0,4835.0,12634,0.0,0.0
2023-11-03 14:00:00+09:00,4835.0,4850.0,4780.0,4815.0,4870,0.0,0.0
2023-11-06 09:00:00+09:00,4825.0,4825.0,4615.0,4715.0,0,0.0,0.0
2023-11-06 10:00:00+09:00,4730.0,4820.0,4700.0,4700.0,23408,0.0,0.0
2023-11-06 11:00:00+09:00,4700.0,4700.0,4605.0,4670.0,6520,0.0,0.0
2023-11-06 12:00:00+09:00,4690.0,4690.0,4620.0,4655.0,3056,0.0,0.0
2023-11-06 13:00:00+09:00,4640.0,4655.0,4605.0,4625.0,6706,0.0,0.0
2023-11-06 14:00:00+09:00,4625.0,4645.0,4595.0,4645.0,7817,0.0,0.0
2023-11-07 09:00:00+09:00,4605.0,4850.0,4605.0,4700.0,21954,0.0,0.0
2023-11-07 10:00:00+09:00,4710.0,4770.0,4650.0,4665.0,5849,0.0,0.0
2023-11-07 11:00:00+09:00,4700.0,4705.0,4620.0,4640.0,7523,0.0,0.0
2023-11-07 12:00:00+09:00,4640.0,4660.0,4615.0,4660.0,2654,0.0,0.0
2023-11-07 13:00:00+09:00,4655.0,4695.0,4645.0,4695.0,3285,0.0,0.0
2023-11-07 14:00:00+09:00,4695.0,4695.0,4660.0,4695.0,1096,0.0,0.0
2023-11-08 09:00:00+09:00,4695.0,4830.0,4695.0,4720.0,8149,0.0,0.0
2023-11-08 10:00:00+09:00,4720.0,4720.0,4645.0,4645.0,7553,0.0,0.0
2023-11-08 11:00:00+09:00,4645.0,4645.0,4560.0,4575.0,8602,0.0,0.0
2023-11-08 12:00:00+09:00,4575.0,4580.0,4355.0,4480.0,12325,0.0,0.0
2023-11-08 13:00:00+09:00,4480.0,4535.0,4310.0,4395.0,20970,0.0,0.0
2023-11-08 14:00:00+09:00,4385.0,4485.0,4330.0,4430.0,4597,0.0,0.0
2023-11-09 09:00:00+09:00,4370.0,4465.0,4370.0,4370.0,11375,0.0,0.0
2023-11-09 10:00:00+09:00,4370.0,4465.0,4370.0,4455.0,1354,0.0,0.0
2023-11-09 11:00:00+09:00,4455.0,4455.0,4395.0,4395.0,1737,0.0,0.0
2023-11-09 12:00:00+09:00,4420.0,4420.0,4385.0,4415.0,2069,0.0,0.0
2023-11-09 13:00:00+09:00,4415.0,4420.0,4400.0,4415.0,1089,0.0,0.0
2023-11-09 14:00:00+09:00,4415.0,4415.0,4395.0,4405.0,742,0.0,0.0
2023-11-10 09:00:00+09:00,4400.0,4400.0,4050.0,4190.0,17008,0.0,0.0
2023-11-10 10:00:00+09:00,4190.0,4285.0,4190.0,4245.0,2517,0.0,0.0
2023-11-10 11:00:00+09:00,4245.0,4280.0,4235.0,4270.0,3116,0.0,0.0
2023-11-10 12:00:00+09:00,4260.0,4285.0,4245.0,4285.0,1407,0.0,0.0
2023-11-10 13:00:00+09:00,4260.0,4285.0,4240.0,4255.0,990,0.0,0.0
2023-11-10 14:00:00+09:00,4255.0,4280.0,4185.0,4210.0,2921,0.0,0.0
2023-11-13 09:00:00+09:00,4175.0,4220.0,4000.0,4095.0,0,0.0,0.0
2023-11-13 10:00:00+09:00,4095.0,4155.0,4065.0,4155.0,7863,0.0,0.0
2023-11-13 11:00:00+09:00,4155.0,4155.0,4110.0,4120.0,2209,0.0,0.0
2023-11-13 12:00:00+09:00,4125.0,4125.0,4070.0,4080.0,10539,0.0,0.0
2023-11-13 13:00:00+09:00,4115.0,4115.0,4020.0,4040.0,5686,0.0,0.0
2023-11-13 14:00:00+09:00,4070.0,4075.0,4040.0,4070.0,4554,0.0,0.0
2023-11-14 09:00:00+09:00,4125.0,4175.0,4085.0,4170.0,13216,0.0,0.0
2023-11-14 10:00:00+09:00,4150.0,4175.0,4025.0,4120.0,22891,0.0,0.0
2023-11-14 11:00:00+09:00,4095.0,4120.0,4075.0,4075.0,7501,0.0,0.0
2023-11-14 12:00:00+09:00,4075.0,4165.0,4075.0,4145.0,6138,0.0,0.0
2023-11-14 13:00:00+09:00,4155.0,4160.0,4085.0,4105.0,3696,0.0,0.0
2023-11-14 14:00:00+09:00,4095.0,4125.0,4090.0,4125.0,3836,0.0,0.0
2023-11-15 09:00:00+09:00,4055.0,4160.0,4050.0,4105.0,19574,0.0,0.0
2023-11-15 10:00:00+09:00,4105.0,4155.0,4100.0,4155.0,6743,0.0,0.0
2023-11-15 11:00:00+09:00,4155.0,4190.0,4155.0,4185.0,1435,0.0,0.0
2023-11-15 12:00:00+09:00,4185.0,4205.0,4175.0,4200.0,3447,0.0,0.0
2023-11-15 13:00:00+09:00,4205.0,4215.0,4185.0,4205.0,2500,0.0,0.0
2023-11-15 14:00:00+09:00,4205.0,4210.0,4195.0,4210.0,1331,0.0,0.0
2023-11-16 10:00:00+09:00,4210.0,4210.0,3990.0,4015.0,49290,0.0,0.0
2023-11-16 11:00:00+09:00,3995.0,4060.0,3990.0,4050.0,15124,0.0,0.0
2023-11-16 12:00:00+09:00,4050.0,4050.0,3995.0,4035.0,12827,0.0,0.0
2023-11-16 13:00:00+09:00,4035.0,4040.0,4010.0,4010.0,2781,0.0,0.0
2023-11-16 14:00:00+09:00,4010.0,4050.0,4010.0,4045.0,3005,0.0,0.0
2023-11-17 09:00:00+09:00,4035.0,4065.0,3925.0,3960.0,21220,0.0,0.0
2023-11-17 10:00:00+09:00,3960.0,3960.0,3880.0,3935.0,8343,0.0,0.0
2023-11-17 11:00:00+09:00,3935.0,3935.0,3910.0,3920.0,5408,0.0,0.0
2023-11-17 12:00:00+09:00,3940.0,3965.0,3925.0,3940.0,1129,0.0,0.0
2023-11-17 13:00:00+09:00,3940.0,3940.0,3925.0,3930.0,1377,0.0,0.0
2023-11-17 14:00:00+09:00,3940.0,3955.0,3880.0,3905.0,19722,0.0,0.0
2023-11-20 09:00:00+09:00,3895.0,4020.0,3895.0,4005.0,0,0.0,0.0
2023-11-20 10:00:00+09:00,4005.0,4035.0,3960.0,4005.0,5956,0.0,0.0
2023-11-20 11:00:00+09:00,4005.0,4005.0,3950.0,3960.0,1597,0.0,0.0
2023-11-20 12:00:00+09:00,3975.0,3975.0,3965.0,3970.0,3592,0.0,0.0
2023-11-20 13:00:00+09:00,3975.0,4005.0,3965.0,4000.0,3194,0.0,0.0
2023-11-20 14:00:00+09:00,4000.0,4025.0,3965.0,4015.0,3562,0.0,0.0
2023-11-21 09:00:00+09:00,4025.0,4080.0,3950.0,4020.0,16310,0.0,0.0
2023-11-21 10:00:00+09:00,4055.0,4055.0,3995.0,3995.0,5064,0.0,0.0
2023-11-21 11:00:00+09:00,4035.0,4035.0,4010.0,4010.0,464,0.0,0.0
2023-11-21 12:00:00+09:00,4020.0,4025.0,4005.0,4005.0,2325,0.0,0.0
2023-11-21 13:00:00+09:00,4030.0,4030.0,3985.0,4020.0,4106,0.0,0.0
2023-11-21 14:00:00+09:00,4020.0,4030.0,3980.0,4030.0,1792,0.0,0.0
2023-11-22 09:00:00+09:00,3980.0,4040.0,3975.0,3995.0,19486,0.0,0.0
2023-11-22 10:00:00+09:00,3995.0,4045.0,3980.0,4020.0,3450,0.0,0.0
2023-11-22 11:00:00+09:00,4045.0,4140.0,4040.0,4115.0,4653,0.0,0.0
2023-11-22 12:00:00+09:00,4115.0,4120.0,4100.0,4110.0,713,0.0,0.0
2023-11-22 13:00:00+09:00,4110.0,4180.0,4090.0,4090.0,6251,0.0,0.0
2023-11-22 14:00:00+09:00,4110.0,4150.0,4080.0,4095.0,1603,0.0,0.0
2023-11-23 09:00:00+09:00,4025.0,4190.0,4025.0,4065.0,8063,0.0,0.0
2023-11-23 10:00:00+09:00,4120.0,4130.0,4070.0,4100.0,1120,0.0,0.0
2023-11-23 11:00:00+09:00,4105.0,4110.0,4075.0,4105.0,984,0.0,0.0
2023-11-23 12:00:00+09:00,4105.0,4105.0,4095.0,4100.0,184,0.0,0.0
2023-11-23 13:00:00+09:00,4100.0,4100.0,4065.0,4095.0,2621,0.0,0.0
2023-11-23 14:00:00+09:00,4095.0,4100.0,4050.0,4070.0,2083,0.0,0.0
2023-11-24 09:00:00+09:00,4095.0,4300.0,4020.0,4110.0,0,0.0,0.0
2023-11-24 10:00:00+09:00,4110.0,4120.0,4035.0,4070.0,22200,0.0,0.0
2023-11-24 11:00:00+09:00,4080.0,4145.0,4080.0,4145.0,2637,0.0,0.0
2023-11-24 12:00:00+09:00,4145.0,4155.0,4105.0,4150.0,1784,0.0,0.0
2023-11-24 13:00:00+09:00,4145.0,4475.0,4035.0,4040.0,49965,0.0,0.0
2023-11-24 14:00:00+09:00,4115.0,4400.0,4035.0,4180.0,49893,0.0,0.0
2023-11-27 09:00:00+09:00,4210.0,4210.0,4100.0,4125.0,0,0.0,0.0
2023-11-27 10:00:00+09:00,4125.0,4150.0,4040.0,4075.0,10808,0.0,0.0
2023-11-27 11:00:00+09:00,4070.0,4100.0,4060.0,4075.0,1898,0.0,0.0
2023-11-27 12:00:00+09:00,4085.0,4085.0,4030.0,4030.0,6600,0.0,0.0
2023-11-27 13:00:00+09:00,4045.0,4060.0,4025.0,4030.0,1561,0.0,0.0
2023-11-27 14:00:00+09:00,4055.0,4075.0,4050.0,4070.0,819,0.0,0.0
2023-11-28 09:00:00+09:00,4055.0,4085.0,4005.0,4025.0,13883,0.0,0.0
2023-11-28 10:00:00+09:00,4025.0,4075.0,4015.0,4015.0,7381,0.0,0.0
2023-11-28 11:00:00+09:00,4040.0,4080.0,4040.0,4055.0,15505,0.0,0.0
2023-11-28 12:00:00+09:00,4055.0,4065.0,4010.0,4045.0,9068,0.0,0.0
2023-11-28 13:00:00+09:00,4065.0,4065.0,4020.0,4040.0,1223,0.0,0.0
2023-11-28 14:00:00+09:00,4045.0,4085.0,4020.0,4020.0,8890,0.0,0.0
2023-11-29 09:00:00+09:00,4025.0,4025.0,3955.0,3980.0,9283,0.0,0.0
2023-11-29 10:00:00+09:00,3980.0,3990.0,3950.0,3965.0,5804,0.0,0.0
2023-11-29 11:00:00+09:00,3965.0,4020.0,3965.0,4000.0,3379,0.0,0.0
2023-11-29 12:00:00+09:00,4000.0,4000.0,3970.0,3990.0,836,0.0,0.0
2023-11-29 13:00:00+09:00,3995.0,4000.0,3955.0,3965.0,4849,0.0,0.0
2023-11-29 14:00:00+09:00,3970.0,3995.0,3960.0,3995.0,5487,0.0,0.0
2023-11-30 09:00:00+09:00,3965.0,3995.0,3910.0,3930.0,19320,0.0,0.0
2023-11-30 10:00:00+09:00,3955.0,3980.0,3930.0,3965.0,3647,0.0,0.0
2023-11-30 11:00:00+09:00,3975.0,3980.0,3965.0,3970.0,2442,0.0,0.0
2023-11-30 12:00:00+09:00,3980.0,3990.0,3965.0,3985.0,3534,0.0,0.0
2023-11-30 13:00:00+09:00,3990.0,4100.0,3990.0,4100.0,9489,0.0,0.0
2023-11-30 14:00:00+09:00,4095.0,4110.0,4050.0,4050.0,5729,0.0,0.0
2023-12-01 09:00:00+09:00,4010.0,4270.0,4010.0,4080.0,11310,0.0,0.0
2023-12-01 10:00:00+09:00,4085.0,4100.0,4025.0,4085.0,4954,0.0,0.0
2023-12-01 11:00:00+09:00,4085.0,4120.0,4080.0,4100.0,2623,0.0,0.0
2023-12-01 12:00:00+09:00,4125.0,4140.0,4100.0,4110.0,6814,0.0,0.0
2023-12-01 13:00:00+09:00,4115.0,4115.0,4015.0,4070.0,18594,0.0,0.0
2023-12-01 14:00:00+09:00,4065.0,4130.0,4045.0,4095.0,8450,0.0,0.0
2023-12-04 09:00:00+09:00,4030.0,4195.0,4030.0,4070.0,0,0.0,0.0
2023-12-04 10:00:00+09:00,4075.0,4100.0,4065.0,4100.0,4711,0.0,0.0
2023-12-04 11:00:00+09:00,4105.0,4130.0,4085.0,4115.0,6546,0.0,0.0
2023-12-04 12:00:00+09:00,4130.0,4150.0,4110.0,4150.0,9762,0.0,0.0
2023-12-04 13:00:00+09:00,4150.0,4185.0,4145.0,4175.0,11671,0.0,0.0
2023-12-04 14:00:00+09:00,4175.0,4175.0,4110.0,4110.0,6273,0.0,0.0
2023-12-05 09:00:00+09:00,4100.0,4155.0,4085.0,4145.0,0,0.0,0.0
2023-12-05 10:00:00+09:00,4150.0,4185.0,4110.0,4120.0,17983,0.0,0.0
2023-12-05 11:00:00+09:00,4120.0,4125.0,4085.0,4090.0,11446,0.0,0.0
2023-12-05 12:00:00+09:00,4105.0,4115.0,4090.0,4105.0,2831,0.0,0.0
2023-12-05 13:00:00+09:00,4105.0,4110.0,4090.0,4105.0,4232,0.0,0.0
2023-12-05 14:00:00+09:00,4105.0,4105.0,4020.0,4020.0,14258,0.0,0.0
2023-12-06 09:00:00+09:00,4015.0,4075.0,3985.0,4075.0,0,0.0,0.0
2023-12-06 10:00:00+09:00,4065.0,4065.0,4020.0,4055.0,17302,0.0,0.0
2023-12-06 11:00:00+09:00,4060.0,4080.0,4055.0,4075.0,3539,0.0,0.0
2023-12-06 12:00:00+09:00,4080.0,4080.0,4060.0,4075.0,935,0.0,0.0
2023-12-06 13:00:00+09:00,4075.0,4075.0,4045.0,4055.0,1234,0.0,0.0
2023-12-06 14:00:00+09:00,4055.0,4055.0,4005.0,4035.0,5315,0.0,0.0
2023-12-07 09:00:00+09:00,4030.0,4035.0,3980.0,4005.0,12957,0.0,0.0
2023-12-07 10:00:00+09:00,4000.0,4000.0,3900.0,3965.0,12008,0.0,0.0
2023-12-07 11:00:00+09:00,3965.0,4045.0,3940.0,4045.0,7654,0.0,0.0
2023-12-07 12:00:00+09:00,4045.0,4045.0,4000.0,4040.0,847,0.0,0.0
2023-12-07 13:00:00+09:00,4040.0,4060.0,4015.0,4060.0,8594,0.0,0.0
2023-12-07 14:00:00+09:00,4060.0,4125.0,4055.0,4120.0,8111,0.0,0.0
2023-12-08 09:00:00+09:00,4040.0,4070.0,4015.0,4015.0,9107,0.0,0.0
2023-12-08 10:00:00+09:00,4040.0,4040.0,3990.0,4020.0,3739,0.0,0.0
2023-12-08 11:00:00+09:00,4020.0,4055.0,4005.0,4030.0,1787,0.0,0.0
2023-12-08 12:00:00+09:00,4045.0,4045.0,4000.0,4020.0,2490,0.0,0.0
2023-12-08 13:00:00+09:00,4020.0,4020.0,4000.0,4020.0,1121,0.0,0.0
2023-12-08 14:00:00+09:00,4020.0,4045.0,4010.0,4015.0,6416,0.0,0.0
2023-12-11 09:00:00+09:00,4040.0,4070.0,3990.0,4070.0,0,0.0,0.0
2023-12-11 10:00:00+09:00,4070.0,4070.0,4005.0,4055.0,5174,0.0,0.0
2023-12-11 11:00:00+09:00,4055.0,4055.0,3995.0,4005.0,2375,0.0,0.0
2023-12-11 12:00:00+09:00,4005.0,4055.0,4005.0,4050.0,1378,0.0,0.0
2023-12-11 13:00:00+09:00,4050.0,4050.0,4020.0,4025.0,2101,0.0,0.0
2023-12-11 14:00:00+09:00,4025.0,4035.0,3995.0,4010.0,4181,0.0,0.0
2023-12-12 09:00:00+09:00,4010.0,4060.0,4010.0,4060.0,4565,0.0,0.0
2023-12-12 10:00:00+09:00,4065.0,4070.0,4055.0,4070.0,1379,0.0,0.0
2023-12-12 11:00:00+09:00,4070.0,4070.0,4025.0,4060.0,3298,0.0,0.0
2023-12-12 12:00:00+09:00,4060.0,4065.0,4055.0,4055.0,591,0.0,0.0
2023-12-12 13:00:00+09:00,4065.0,4065.0,4050.0,4065.0,1074,0.0,0.0
2023-12-12 14:00:00+09:00,4060.0,4075.0,4050.0,4075.0,1446,0.0,0.0
2023-12-13 09:00:00+09:00,4080.0,4080.0,4030.0,4040.0,10185,0.0,0.0
2023-12-13 10:00:00+09:00,4045.0,4065.0,4030.0,4065.0,1025,0.0,0.0
2023-12-13 11:00:00+09:00,4070.0,4070.0,4055.0,4060.0,244,0.0,0.0
2023-12-13 12:00:00+09:00,4060.0,4070.0,4050.0,4070.0,1209,0.0,0.0
2023-12-13 13:00:00+09:00,4070.0,4070.0,4050.0,4060.0,1296,0.0,0.0
2023-12-13 14:00:00+09:00,4065.0,4065.0,4040.0,4040.0,2773,0.0,0.0
2023-12-14 09:00:00+09:00,4060.0,4060.0,4015.0,4025.0,7771,0.0,0.0
2023-12-14 10:00:00+09:00,4030.0,4030.0,4015.0,4020.0,3564,0.0,0.0
2023-12-14 11:00:00+09:00,4025.0,4025.0,3990.0,4005.0,5851,0.0,0.0
2023-12-14 12:00:00+09:00,4005.0,4025.0,4000.0,4025.0,2883,0.0,0.0
2023-12-14 13:00:00+09:00,4025.0,4060.0,4010.0,4010.0,10789,0.0,0.0
2023-12-14 14:00:00+09:00,4035.0,4060.0,4010.0,4040.0,4520,0.0,0.0
2023-12-15 09:00:00+09:00,4050.0,4125.0,4000.0,4045.0,13866,0.0,0.0
2023-12-15 10:00:00+09:00,4080.0,4080.0,4070.0,4075.0,1485,0.0,0.0
2023-12-15 11:00:00+09:00,4075.0,4075.0,4060.0,4060.0,1125,0.0,0.0
2023-12-15 12:00:00+09:00,4065.0,4070.0,4055.0,4070.0,1227,0.0,0.0
2023-12-15 13:00:00+09:00,4070.0,4075.0,4050.0,4060.0,0,0.0,0.0
2023-12-15 14:00:00+09:00,4065.0,4075.0,4055.0,4055.0,23799,0.0,0.0
2023-12-18 09:00:00+09:00,4075.0,4075.0,4005.0,4070.0,0,0.0,0.0
2023-12-18 10:00:00+09:00,4065.0,4065.0,4030.0,4055.0,1692,0.0,0.0
2023-12-18 11:00:00+09:00,4060.0,4100.0,4035.0,4095.0,7973,0.0,0.0
2023-12-18 12:00:00+09:00,4095.0,4095.0,4080.0,4085.0,0,0.0,0.0
2023-12-18 13:00:00+09:00,4085.0,4115.0,4080.0,4110.0,9108,0.0,0.0
2023-12-18 14:00:00+09:00,4115.0,4135.0,4080.0,4095.0,2616,0.0,0.0
2023-12-19 09:00:00+09:00,4085.0,4085.0,4045.0,4080.0,2929,0.0,0.0
2023-12-19 10:00:00+09:00,4080.0,4080.0,4030.0,4040.0,2864,0.0,0.0
2023-12-19 11:00:00+09:00,4065.0,4080.0,4030.0,4080.0,1350,0.0,0.0
2023-12-19 12:00:00+09:00,4080.0,4080.0,4065.0,4065.0,394,0.0,0.0
2023-12-19 13:00:00+09:00,4070.0,4070.0,4045.0,4070.0,4283,0.0,0.0
2023-12-19 14:00:00+09:00,4070.0,4070.0,4060.0,4060.0,655,0.0,0.0
2023-12-20 09:00:00+09:00,4070.0,4070.0,4015.0,4065.0,5652,0.0,0.0
2023-12-20 10:00:00+09:00,4065.0,4070.0,4055.0,4070.0,1806,0.0,0.0
2023-12-20 11:00:00+09:00,4070.0,4070.0,4055.0,4060.0,2190,0.0,0.0
2023-12-20 12:00:00+09:00,4060.0,4065.0,4035.0,4035.0,437,0.0,0.0
2023-12-20 13:00:00+09:00,4060.0,4070.0,4055.0,4065.0,629,0.0,0.0
2023-12-20 14:00:00+09:00,4065.0,4065.0,4040.0,4060.0,444,0.0,0.0
2023-12-21 09:00:00+09:00,4050.0,4060.0,4030.0,4035.0,3941,0.0,0.0
2023-12-21 10:00:00+09:00,4035.0,4035.0,4015.0,4015.0,3133,0.0,0.0
2023-12-21 11:00:00+09:00,4035.0,4035.0,4000.0,4000.0,9357,0.0,0.0
2023-12-21 12:00:00+09:00,4015.0,4035.0,4010.0,4010.0,773,0.0,0.0
2023-12-21 13:00:00+09:00,4025.0,4030.0,4010.0,4030.0,2428,0.0,0.0
2023-12-21 14:00:00+09:00,4020.0,4020.0,4000.0,4005.0,6518,0.0,0.0
2023-12-22 09:00:00+09:00,4025.0,4025.0,3970.0,4025.0,13244,0.0,0.0
2023-12-22 10:00:00+09:00,4025.0,4025.0,3970.0,4000.0,6574,0.0,0.0
2023-12-22 11:00:00+09:00,4010.0,4015.0,4000.0,4000.0,0,0.0,0.0
2023-12-22 12:00:00+09:00,4015.0,4020.0,4005.0,4020.0,169,0.0,0.0
2023-12-22 13:00:00+09:00,4020.0,4020.0,3980.0,4005.0,4647,0.0,0.0
2023-12-22 14:00:00+09:00,4005.0,4005.0,3990.0,3990.0,723,0.0,0.0
2023-12-26 09:00:00+09:00,3995.0,3995.0,3915.0,3950.0,0,0.0,0.0
2023-12-26 10:00:00+09:00,3950.0,3960.0,3925.0,3925.0,1427,0.0,0.0
2023-12-26 11:00:00+09:00,3940.0,3955.0,3915.0,3915.0,5859,0.0,0.0
2023-12-26 12:00:00+09:00,3935.0,3935.0,3920.0,3930.0,846,0.0,0.0
2023-12-26 13:00:00+09:00,3935.0,3955.0,3890.0,3900.0,8910,0.0,0.0
2023-12-26 14:00:00+09:00,3905.0,3950.0,3905.0,3950.0,5203,0.0,0.0
2023-12-27 09:00:00+09:00,3915.0,3935.0,3875.0,3880.0,6713,0.0,0.0
2023-12-27 10:00:00+09:00,3900.0,3965.0,3900.0,3940.0,7697,0.0,0.0
2023-12-27 11:00:00+09:00,3940.0,3940.0,3900.0,3915.0,1029,0.0,0.0
2023-12-27 12:00:00+09:00,3915.0,3970.0,3915.0,3925.0,10028,0.0,0.0
2023-12-27 13:00:00+09:00,3940.0,3995.0,3915.0,3990.0,7410,0.0,0.0
2023-12-27 14:00:00+09:00,3990.0,3990.0,3915.0,3960.0,1244,0.0,0.0
2023-12-28 09:00:00+09:00,3945.0,4010.0,3945.0,3995.0,9923,0.0,0.0
2023-12-28 10:00:00+09:00,4010.0,4010.0,3995.0,4010.0,652,0.0,0.0
2023-12-28 11:00:00+09:00,4005.0,4025.0,3995.0,4015.0,4994,0.0,0.0
2023-12-28 12:00:00+09:00,4025.0,4045.0,4010.0,4035.0,5483,0.0,0.0
2023-12-28 13:00:00+09:00,4035.0,4040.0,4010.0,4010.0,2294,0.0,0.0
2023-12-28 14:00:00+09:00,4015.0,4025.0,3995.0,3995.0,1062,0.0,0.0
2024-01-02 10:00:00+09:00,4030.0,4030.0,3980.0,4010.0,7865,0.0,0.0
2024-01-02 11:00:00+09:00,4015.0,4030.0,4005.0,4030.0,3163,0.0,0.0
2024-01-02 12:00:00+09:00,4010.0,4020.0,3975.0,4005.0,4010,0.0,0.0
2024-01-02 13:00:00+09:00,4005.0,4020.0,4000.0,4000.0,3593,0.0,0.0
2024-01-02 14:00:00+09:00,4000.0,4020.0,3990.0,4020.0,2251,0.0,0.0
2024-01-03 09:00:00+09:00,3975.0,3990.0,3900.0,3950.0,12024,0.0,0.0
2024-01-03 10:00:00+09:00,3950.0,3950.0,3925.0,3935.0,1350,0.0,0.0
2024-01-03 11:00:00+09:00,3935.0,3945.0,3925.0,3945.0,838,0.0,0.0
2024-01-03 12:00:00+09:00,3945.0,3945.0,3925.0,3945.0,3129,0.0,0.0
2024-01-03 13:00:00+09:00,3945.0,3950.0,3925.0,3945.0,5591,0.0,0.0
2024-01-03 14:00:00+09:00,3945.0,3945.0,3900.0,3940.0,3805,0.0,0.0
2024-01-04 09:00:00+09:00,3920.0,3955.0,3900.0,3900.0,12013,0.0,0.0
2024-01-04 10:00:00+09:00,3900.0,3910.0,3870.0,3870.0,9162,0.0,0.0
2024-01-04 11:00:00+09:00,3895.0,3895.0,3895.0,3895.0,506,0.0,0.0
2024-01-04 12:00:00+09:00,3895.0,3895.0,3875.0,3890.0,2028,0.0,0.0
2024-01-04 13:00:00+09:00,3890.0,3890.0,3880.0,3885.0,2552,0.0,0.0
2024-01-04 14:00:00+09:00,3890.0,3900.0,3855.0,3865.0,6838,0.0,0.0
2024-01-05 09:00:00+09:00,3900.0,3950.0,3895.0,3910.0,26417,0.0,0.0
2024-01-05 10:00:00+09:00,3935.0,3935.0,3905.0,3920.0,695,0.0,0.0
2024-01-05 11:00:00+09:00,3920.0,3945.0,3910.0,3935.0,2102,0.0,0.0
2024-01-05 12:00:00+09:00,3935.0,4000.0,3935.0,3980.0,6083,0.0,0.0
2024-01-05 13:00:00+09:00,3980.0,3980.0,3955.0,3970.0,465,0.0,0.0
2024-01-05 14:00:00+09:00,3970.0,3975.0,3950.0,3955.0,1136,0.0,0.0
2024-01-08 09:00:00+09:00,3980.0,4010.0,3965.0,3970.0,0,0.0,0.0
2024-01-08 10:00:00+09:00,3985.0,4020.0,3970.0,4020.0,9252,0.0,0.0
2024-01-08 11:00:00+09:00,4020.0,4020.0,3970.0,3995.0,370,0.0,0.0
2024-01-08 12:00:00+09:00,3995.0,4000.0,3975.0,4000.0,8718,0.0,0.0
2024-01-08 13:00:00+09:00,4000.0,4000.0,3990.0,3990.0,1753,0.0,0.0
2024-01-08 14:00:00+09:00,4000.0,4000.0,3990.0,3990.0,253,0.0,0.0
2024-01-09 09:00:00+09:00,3970.0,4000.0,3970.0,3980.0,6261,0.0,0.0
2024-01-09 10:00:00+09:00,3985.0,3985.0,3950.0,3950.0,1201,0.0,0.0
2024-01-09 11:00:00+09:00,3970.0,3985.0,3955.0,3985.0,3384,0.0,0.0
2024-01-09 12:00:00+09:00,3985.0,3985.0,3965.0,3965.0,603,0.0,0.0
2024-01-09 13:00:00+09:00,3975.0,3975.0,3955.0,3955.0,1089,0.0,0.0
2024-01-09 14:00:00+09:00,3955.0,3970.0,3935.0,3960.0,5816,0.0,0.0
2024-01-10 09:00:00+09:00,3960.0,4000.0,3930.0,3930.0,6958,0.0,0.0
2024-01-10 10:00:00+09:00,3930.0,3960.0,3930.0,3960.0,400,0.0,0.0
2024-01-10 11:00:00+09:00,3960.0,3960.0,3945.0,3955.0,465,0.0,0.0
2024-01-10 12:00:00+09:00,3960.0,3975.0,3940.0,3970.0,2081,0.0,0.0
2024-01-10 13:00:00+09:00,3970.0,3970.0,3925.0,3940.0,1050,0.0,0.0
2024-01-10 14:00:00+09:00,3940.0,3940.0,3905.0,3905.0,3549,0.0,0.0
2024-01-11 09:00:00+09:00,3920.0,3945.0,3910.0,3915.0,5366,0.0,0.0
2024-01-11 10:00:00+09:00,3940.0,3940.0,3880.0,3940.0,3902,0.0,0.0
2024-01-11 11:00:00+09:00,3930.0,3930.0,3890.0,3900.0,1251,0.0,0.0
2024-01-11 12:00:00+09:00,3900.0,3930.0,3895.0,3920.0,1582,0.0,0.0
2024-01-11 13:00:00+09:00,3925.0,3925.0,3905.0,3915.0,390,0.0,0.0
2024-01-11 14:00:00+09:00,3915.0,3920.0,3905.0,3905.0,84,0.0,0.0
2024-01-12 09:00:00+09:00,3920.0,3920.0,3820.0,3840.0,5899,0.0,0.0
2024-01-12 10:00:00+09:00,3840.0,3900.0,3835.0,3870.0,2851,0.0,0.0
2024-01-12 11:00:00+09:00,3875.0,3895.0,3855.0,3880.0,1502,0.0,0.0
2024-01-12 12:00:00+09:00,3880.0,3880.0,3880.0,3880.0,7,0.0,0.0
2024-01-12 13:00:00+09:00,3880.0,3880.0,3860.0,3865.0,1179,0.0,0.0
2024-01-12 14:00:00+09:00,3870.0,3870.0,3840.0,3845.0,2281,0.0,0.0
2024-01-15 09:00:00+09:00,3830.0,3830.0,3805.0,3815.0,0,0.0,0.0
2024-01-15 10:00:00+09:00,3815.0,3820.0,3750.0,3760.0,9715,0.0,0.0
2024-01-15 11:00:00+09:00,3760.0,3770.0,3740.0,3750.0,35016,0.0,0.0
2024-01-15 12:00:00+09:00,3760.0,3795.0,3760.0,3790.0,0,0.0,0.0
2024-01-15 13:00:00+09:00,3785.0,3785.0,3745.0,3745.0,1745,0.0,0.0
2024-01-15 14:00:00+09:00,3755.0,3760.0,3735.0,3740.0,3734,0.0,0.0
2024-01-16 09:00:00+09:00,3795.0,3795.0,3685.0,3705.0,24952,0.0,0.0
2024-01-16 10:00:00+09:00,3685.0,3695.0,3660.0,3690.0,14863,0.0,0.0
2024-01-16 11:00:00+09:00,3685.0,3715.0,3685.0,3690.0,8653,0.0,0.0
2024-01-16 12:00:00+09:00,3690.0,3695.0,3660.0,3665.0,5164,0.0,0.0
2024-01-16 13:00:00+09:00,3670.0,3675.0,3660.0,3675.0,6254,0.0,0.0
2024-01-16 14:00:00+09:00,3670.0,3675.0,3665.0,3670.0,3081,0.0,0.0
2024-01-17 09:00:00+09:00,3665.0,3665.0,3510.0,3540.0,16253,0.0,0.0
2024-01-17 10:00:00+09:00,3535.0,3610.0,3505.0,3605.0,16465,0.0,0.0
2024-01-17 11:00:00+09:00,3600.0,3600.0,3525.0,3525.0,1421,0.0,0.0
2024-01-17 12:00:00+09:00,3535.0,3555.0,3530.0,3545.0,577,0.0,0.0
2024-01-17 13:00:00+09:00,3540.0,3550.0,3525.0,3535.0,1445,0.0,0.0
2024-01-17 14:00:00+09:00,3550.0,3555.0,3530.0,3550.0,10008,0.0,0.0
2024-01-18 09:00:00+09:00,3505.0,3525.0,3450.0,3525.0,26029,0.0,0.0
2024-01-18 10:00:00+09:00,3525.0,3550.0,3510.0,3530.0,7398,0.0,0.0
2024-01-18 11:00:00+09:00,3530.0,3530.0,3500.0,3530.0,1875,0.0,0.0
2024-01-18 12:00:00+09:00,3530.0,3585.0,3530.0,3565.0,11051,0.0,0.0
2024-01-18 13:00:00+09:00,3555.0,3570.0,3535.0,3535.0,2956,0.0,0.0
2024-01-18 14:00:00+09:00,3525.0,3545.0,3485.0,3520.0,7201,0.0,0.0
2024-01-19 09:00:00+09:00,3565.0,3615.0,3565.0,3605.0,20189,0.0,0.0
2024-01-19 10:00:00+09:00,3605.0,3615.0,3580.0,3585.0,1812,0.0,0.0
2024-01-19 11:00:00+09:00,3610.0,3610.0,3550.0,3570.0,6878,0.0,0.0
2024-01-19 12:00:00+09:00,3570.0,3570.0,3535.0,3570.0,2812,0.0,0.0
2024-01-19 13:00:00+09:00,3570.0,3615.0,3570.0,3585.0,3993,0.0,0.0
2024-01-19 14:00:00+09:00,3590.0,3615.0,3580.0,3585.0,869,0.0,0.0
2024-01-22 09:00:00+09:00,3625.0,3700.0,3625.0,3660.0,0,0.0,0.0
2024-01-22 10:00:00+09:00,3660.0,3690.0,3640.0,3660.0,3545,0.0,0.0
2024-01-22 11:00:00+09:00,3685.0,3690.0,3640.0,3675.0,848,0.0,0.0
2024-01-22 12:00:00+09:00,3675.0,3675.0,3650.0,3660.0,1866,0.0,0.0
2024-01-22 13:00:00+09:00,3660.0,3665.0,3645.0,3660.0,1719,0.0,0.0
2024-01-22 14:00:00+09:00,3660.0,3660.0,3630.0,3645.0,1737,0.0,0.0
2024-01-23 09:00:00+09:00,3630.0,3650.0,3590.0,3595.0,5488,0.0,0.0
2024-01-23 10:00:00+09:00,3620.0,3620.0,3595.0,3595.0,592,0.0,0.0
2024-01-23 11:00:00+09:00,3615.0,3615.0,3595.0,3600.0,281,0.0,0.0
2024-01-23 12:00:00+09:00,3615.0,3615.0,3595.0,3595.0,851,0.0,0.0
2024-01-23 13:00:00+09:00,3610.0,3615.0,3575.0,3575.0,4918,0.0,0.0
2024-01-23 14:00:00+09:00,3595.0,3595.0,3575.0,3575.0,1255,0.0,0.0
2024-01-24 09:00:00+09:00,3610.0,3860.0,3560.0,3600.0,35783,0.0,0.0
2024-01-24 10:00:00+09:00,3600.0,3600.0,3555.0,3585.0,1643,0.0,0.0
2024-01-24 11:00:00+09:00,3570.0,3575.0,3560.0,3570.0,2270,0.0,0.0
2024-01-24 12:00:00+09:00,3570.0,3595.0,3560.0,3580.0,1893,0.0,0.0
2024-01-24 13:00:00+09:00,3580.0,3590.0,3565.0,3585.0,926,0.0,0.0
2024-01-24 14:00:00+09:00,3590.0,3595.0,3535.0,3550.0,6737,0.0,0.0
2024-01-25 09:00:00+09:00,3545.0,3545.0,3300.0,3415.0,43143,0.0,0.0
2024-01-25 10:00:00+09:00,3415.0,3435.0,3380.0,3390.0,12315,0.0,0.0
2024-01-25 11:00:00+09:00,3405.0,3485.0,3390.0,3445.0,2832,0.0,0.0
2024-01-25 12:00:00+09:00,3450.0,3465.0,3415.0,3425.0,1960,0.0,0.0
2024-01-25 13:00:00+09:00,3425.0,3540.0,3425.0,3500.0,3481,0.0,0.0
2024-01-25 14:00:00+09:00,3505.0,3540.0,3405.0,3425.0,9940,0.0,0.0
2024-01-26 09:00:00+09:00,3420.0,3745.0,3420.0,3725.0,68796,0.0,0.0
2024-01-26 10:00:00+09:00,3705.0,3890.0,3705.0,3755.0,93532,0.0,0.0
2024-01-26 11:00:00+09:00,3755.0,3770.0,3655.0,3725.0,15983,0.0,0.0
2024-01-26 12:00:00+09:00,3710.0,3725.0,3675.0,3705.0,4774,0.0,0.0
2024-01-26 13:00:00+09:00,3700.0,3715.0,3635.0,3635.0,15068,0.0,0.0
2024-01-26 14:00:00+09:00,3635.0,3690.0,3635.0,3690.0,2419,0.0,0.0
2024-01-29 09:00:00+09:00,3720.0,3720.0,3605.0,3615.0,0,0.0,0.0
2024-01-29 10:00:00+09:00,3615.0,3615.0,3550.0,3590.0,11998,0.0,0.0
2024-01-29 11:00:00+09:00,3590.0,3620.0,3520.0,3565.0,4070,0.0,0.0
2024-01-29 12:00:00+09:00,3565.0,3575.0,3510.0,3555.0,2889,0.0,0.0
2024-01-29 13:00:00+09:00,3555.0,3590.0,3515.0,3560.0,2014,0.0,0.0
2024-01-29 14:00:00+09:00,3560.0,3560.0,3505.0,3530.0,4585,0.0,0.0
2024-01-30 09:00:00+09:00,3625.0,3625.0,3525.0,3530.0,9846,0.0,0.0
2024-01-30 10:00:00+09:00,3530.0,3540.0,3500.0,3510.0,5162,0.0,0.0
2024-01-30 11:00:00+09:00,3510.0,3540.0,3480.0,3490.0,6318,0.0,0.0
2024-01-30 12:00:00+09:00,3490.0,3550.0,3450.0,3470.0,15008,0.0,0.0
2024-01-30 13:00:00+09:00,3465.0,3490.0,3465.0,3470.0,3112,0.0,0.0
2024-01-30 14:00:00+09:00,3470.0,3550.0,3460.0,3485.0,3409,0.0,0.0
2024-01-31 09:00:00+09:00,3470.0,3575.0,3450.0,3565.0,0,0.0,0.0
2024-01-31 10:00:00+09:00,3555.0,3565.0,3535.0,3555.0,16044,0.0,0.0
2024-01-31 11:00:00+09:00,3535.0,3575.0,3535.0,3545.0,2345,0.0,0.0
2024-01-31 12:00:00+09:00,3545.0,3565.0,3535.0,3560.0,3514,0.0,0.0
2024-01-31 13:00:00+09:00,3560.0,3595.0,3540.0,3565.0,1926,0.0,0.0
2024-01-31 14:00:00+09:00,3590.0,3590.0,3565.0,3590.0,657,0.0,0.0
2024-02-01 09:00:00+09:00,3460.0,3520.0,3440.0,3495.0,7573,0.0,0.0
2024-02-01 10:00:00+09:00,3510.0,3510.0,3470.0,3475.0,1925,0.0,0.0
2024-02-01 11:00:00+09:00,3475.0,3485.0,3470.0,3485.0,3772,0.0,0.0
2024-02-01 12:00:00+09:00,3485.0,3540.0,3475.0,3530.0,8001,0.0,0.0
2024-02-01 13:00:00+09:00,3540.0,3545.0,3490.0,3490.0,1608,0.0,0.0
2024-02-01 14:00:00+09:00,3510.0,3545.0,3495.0,3520.0,3038,0.0,0.0
2024-02-02 09:00:00+09:00,3445.0,3590.0,3415.0,3580.0,16212,0.0,0.0
2024-02-02 10:00:00+09:00,3580.0,3600.0,3555.0,3595.0,5634,0.0,0.0
2024-02-02 11:00:00+09:00,3595.0,3625.0,3550.0,3625.0,24441,0.0,0.0
2024-02-02 12:00:00+09:00,3625.0,3645.0,3550.0,3595.0,4353,0.0,0.0
2024-02-02 13:00:00+09:00,3595.0,3595.0,3555.0,3570.0,2324,0.0,0.0
2024-02-02 14:00:00+09:00,3555.0,3570.0,3550.0,3565.0,1855,0.0,0.0
2024-02-05 09:00:00+09:00,3590.0,3625.0,3555.0,3590.0,0,0.0,0.0
2024-02-05 10:00:00+09:00,3600.0,3610.0,3585.0,3590.0,392,0.0,0.0
2024-02-05 11:00:00+09:00,3590.0,3610.0,3590.0,3595.0,1477,0.0,0.0
2024-02-05 12:00:00+09:00,3595.0,3610.0,3595.0,3600.0,1096,0.0,0.0
2024-02-05 13:00:00+09:00,3600.0,3600.0,3590.0,3590.0,375,0.0,0.0
2024-02-05 14:00:00+09:00,3595.0,3595.0,3590.0,3595.0,3183,0.0,0.0
2024-02-06 09:00:00+09:00,3600.0,3600.0,3310.0,3465.0,8462,0.0,0.0
2024-02-06 10:00:00+09:00,3465.0,3495.0,3455.0,3475.0,1520,0.0,0.0
2024-02-06 11:00:00+09:00,3475.0,3530.0,3475.0,3515.0,1293,0.0,0.0
2024-02-06 12:00:00+09:00,3515.0,3570.0,3465.0,3490.0,3688,0.0,0.0
2024-02-06 13:00:00+09:00,3490.0,3505.0,3460.0,3500.0,615,0.0,0.0
2024-02-06 14:00:00+09:00,3495.0,3510.0,3485.0,3500.0,1067,0.0,0.0
2024-02-07 09:00:00+09:00,3470.0,3505.0,3435.0,3445.0,4873,0.0,0.0
2024-02-07 10:00:00+09:00,3445.0,3465.0,3435.0,3435.0,3788,0.0,0.0
2024-02-07 11:00:00+09:00,3445.0,3445.0,3425.0,3435.0,704,0.0,0.0
2024-02-07 12:00:00+09:00,3440.0,3450.0,3430.0,3440.0,1660,0.0,0.0
2024-02-07 13:00:00+09:00,3445.0,3445.0,3415.0,3425.0,3266,0.0,0.0
2024-02-07 14:00:00+09:00,3425.0,3510.0,3425.0,3480.0,7654,0.0,0.0
2024-02-08 09:00:00+09:00,3480.0,3555.0,3480.0,3545.0,8603,0.0,0.0
2024-02-08 10:00:00+09:00,3515.0,3545.0,3500.0,3500.0,1039,0.0,0.0
2024-02-08 11:00:00+09:00,3500.0,3520.0,3490.0,3500.0,2078,0.0,0.0
2024-02-08 12:00:00+09:00,3500.0,3530.0,3500.0,3510.0,1118,0.0,0.0
2024-02-08 13:00:00+09:00,3510.0,3525.0,3485.0,3505.0,10690,0.0,0.0
2024-02-08 14:00:00+09:00,3530.0,3605.0,3500.0,3600.0,2809,0.0,0.0
2024-02-13 09:00:00+09:00,3650.0,3685.0,3630.0,3655.0,0,0.0,0.0
2024-02-13 10:00:00+09:00,3650.0,3665.0,3610.0,3640.0,8611,0.0,0.0
2024-02-13 11:00:00+09:00,3640.0,3670.0,3635.0,3670.0,3059,0.0,0.0
2024-02-13 12:00:00+09:00,3670.0,3670.0,3645.0,3670.0,875,0.0,0.0
2024-02-13 13:00:00+09:00,3650.0,3670.0,3615.0,3660.0,4100,0.0,0.0
2024-02-13 14:00:00+09:00,3655.0,3670.0,3615.0,3625.0,3863,0.0,0.0
2024-02-14 09:00:00+09:00,3640.0,3645.0,3500.0,3560.0,10533,0.0,0.0
2024-02-14 10:00:00+09:00,3560.0,3620.0,3555.0,3615.0,3569,0.0,0.0
2024-02-14 11:00:00+09:00,3610.0,3615.0,3545.0,3585.0,3368,0.0,0.0
2024-02-14 12:00:00+09:00,3585.0,3600.0,3535.0,3580.0,563,0.0,0.0
2024-02-14 13:00:00+09:00,3580.0,3700.0,3500.0,3660.0,10112,0.0,0.0
2024-02-14 14:00:00+09:00,3685.0,3850.0,3685.0,3810.0,29323,0.0,0.0
2024-02-15 09:00:00+09:00,3860.0,3860.0,3750.0,3805.0,14504,0.0,0.0
2024-02-15 10:00:00+09:00,3805.0,3820.0,3790.0,3815.0,3354,0.0,0.0
2024-02-15 11:00:00+09:00,3815.0,3835.0,3805.0,3835.0,1209,0.0,0.0
2024-02-15 12:00:00+09:00,3835.0,3855.0,3830.0,3830.0,1942,0.0,0.0
2024-02-15 13:00:00+09:00,3830.0,3830.0,3810.0,3825.0,463,0.0,0.0
2024-02-15 14:00:00+09:00,3825.0,3860.0,3815.0,3845.0,4739,0.0,0.0
2024-02-16 09:00:00+09:00,3825.0,3825.0,3710.0,3740.0,12151,0.0,0.0
2024-02-16 10:00:00+09:00,3750.0,3870.0,3740.0,3825.0,23954,0.0,0.0
2024-02-16 11:00:00+09:00,3825.0,3825.0,3805.0,3820.0,1330,0.0,0.0
2024-02-16 12:00:00+09:00,3820.0,3820.0,3770.0,3815.0,4356,0.0,0.0
2024-02-16 13:00:00+09:00,3810.0,3815.0,3755.0,3785.0,2580,0.0,0.0
2024-02-16 14:00:00+09:00,3785.0,3810.0,3745.0,3755.0,7040,0.0,0.0
2024-02-19 09:00:00+09:00,3740.0,3850.0,3715.0,3845.0,0,0.0,0.0
2024-02-19 10:00:00+09:00,3835.0,3855.0,3770.0,3840.0,1894,0.0,0.0
2024-02-19 11:00:00+09:00,3840.0,3905.0,3835.0,3900.0,11289,0.0,0.0
2024-02-19 12:00:00+09:00,3900.0,3915.0,3900.0,3910.0,1962,0.0,0.0
2024-02-19 13:00:00+09:00,3910.0,3915.0,3880.0,3890.0,3403,0.0,0.0
2024-02-19 14:00:00+09:00,3885.0,3960.0,3855.0,3940.0,15360,0.0,0.0
2024-02-20 09:00:00+09:00,3965.0,3965.0,3800.0,3880.0,13379,0.0,0.0
2024-02-20 10:00:00+09:00,3880.0,3920.0,3845.0,3915.0,1792,0.0,0.0
2024-02-20 11:00:00+09:00,3885.0,3915.0,3870.0,3915.0,2040,0.0,0.0
2024-02-20 12:00:00+09:00,3900.0,3960.0,3890.0,3920.0,3171,0.0,0.0
2024-02-20 13:00:00+09:00,3915.0,3975.0,3895.0,3925.0,4812,0.0,0.0
2024-02-20 14:00:00+09:00,3925.0,3950.0,3885.0,3950.0,509,0.0,0.0
2024-02-21 09:00:00+09:00,3950.0,3955.0,3835.0,3940.0,7152,0.0,0.0
2024-02-21 10:00:00+09:00,3935.0,3975.0,3900.0,3935.0,3641,0.0,0.0
2024-02-21 11:00:00+09:00,3935.0,3965.0,3905.0,3925.0,1339,0.0,0.0
2024-02-21 12:00:00+09:00,3925.0,3935.0,3895.0,3920.0,2108,0.0,0.0
2024-02-21 13:00:00+09:00,3915.0,3965.0,3875.0,3925.0,4542,0.0,0.0
2024-02-21 14:00:00+09:00,3905.0,3920.0,3885.0,3885.0,345,0.0,0.0
2024-02-22 09:00:00+09:00,3905.0,3905.0,3865.0,3870.0,0,0.0,0.0
2024-02-22 10:00:00+09:00,3875.0,3950.0,3870.0,3885.0,6756,0.0,0.0
2024-02-22 11:00:00+09:00,3885.0,3915.0,3870.0,3915.0,2471,0.0,0.0
2024-02-22 12:00:00+09:00,3915.0,3915.0,3860.0,3890.0,4354,0.0,0.0
2024-02-22 13:00:00+09:00,3890.0,3890.0,3870.0,3890.0,450,0.0,0.0
2024-02-22 14:00:00+09:00,3870.0,3960.0,3870.0,3880.0,4528,0.0,0.0
2024-02-23 09:00:00+09:00,3910.0,3910.0,3790.0,3845.0,18889,0.0,0.0
2024-02-23 10:00:00+09:00,3855.0,3915.0,3820.0,3870.0,3028,0.0,0.0
2024-02-23 11:00:00+09:00,3870.0,3890.0,3820.0,3855.0,4108,0.0,0.0
2024-02-23 12:00:00+09:00,3865.0,3865.0,3820.0,3820.0,1344,0.0,0.0
2024-02-23 13:00:00+09:00,3845.0,3860.0,3805.0,3805.0,1033,0.0,0.0
2024-02-23 14:00:00+09:00,3800.0,3815.0,3785.0,3815.0,2458,0.0,0.0
2024-02-26 09:00:00+09:00,3805.0,3805.0,3700.0,3730.0,0,0.0,0.0
2024-02-26 10:00:00+09:00,3700.0,3830.0,3690.0,3800.0,7726,0.0,0.0
2024-02-26 11:00:00+09:00,3800.0,3850.0,3795.0,3810.0,652,0.0,0.0
2024-02-26 12:00:00+09:00,3815.0,3850.0,3810.0,3825.0,5756,0.0,0.0
2024-02-26 13:00:00+09:00,3845.0,3870.0,3760.0,3815.0,9187,0.0,0.0
2024-02-26 14:00:00+09:00,3820.0,3820.0,3760.0,3765.0,654,0.0,0.0
2024-02-27 09:00:00+09:00,3810.0,3810.0,3655.0,3785.0,6824,0.0,0.0
2024-02-27 10:00:00+09:00,3800.0,3860.0,3775.0,3780.0,2710,0.0,0.0
2024-02-27 11:00:00+09:00,3765.0,3810.0,3750.0,3775.0,1345,0.0,0.0
2024-02-27 12:00:00+09:00,3775.0,3780.0,3745.0,3780.0,600,0.0,0.0
2024-02-27 13:00:00+09:00,3780.0,3820.0,3780.0,3785.0,2611,0.0,0.0
2024-02-27 14:00:00+09:00,3775.0,3875.0,3775.0,3785.0,5071,0.0,0.0
2024-02-28 09:00:00+09:00,3850.0,3905.0,3800.0,3840.0,11887,0.0,0.0
2024-02-28 10:00:00+09:00,3840.0,3840.0,3805.0,3835.0,3791,0.0,0.0
2024-02-28 11:00:00+09:00,3835.0,3835.0,3810.0,3820.0,3866,0.0,0.0
2024-02-28 12:00:00+09:00,3820.0,3825.0,3805.0,3820.0,3704,0.0,0.0
2024-02-28 13:00:00+09:00,3825.0,3850.0,3820.0,3840.0,2506,0.0,0.0
2024-02-28 14:00:00+09:00,3845.0,3920.0,3845.0,3885.0,6022,0.0,0.0
2024-02-29 09:00:00+09:00,3930.0,3930.0,3850.0,3910.0,7236,0.0,0.0
2024-02-29 10:00:00+09:00,3900.0,3935.0,3890.0,3890.0,4307,0.0,0.0
2024-02-29 11:00:00+09:00,3890.0,3930.0,3890.0,3900.0,1852,0.0,0.0
2024-02-29 12:00:00+09:00,3930.0,3930.0,3880.0,3890.0,4560,0.0,0.0
2024-02-29 13:00:00+09:00,3890.0,3900.0,3880.0,3880.0,1390,0.0,0.0
2024-02-29 14:00:00+09:00,3890.0,3960.0,3880.0,3885.0,8068,0.0,0.0
2024-03-04 09:00:00+09:00,3910.0,3910.0,3800.0,3845.0,0,0.0,0.0
2024-03-04 10:00:00+09:00,3850.0,3865.0,3845.0,3855.0,2363,0.0,0.0
2024-03-04 11:00:00+09:00,3855.0,3855.0,3830.0,3830.0,3395,0.0,0.0
2024-03-04 12:00:00+09:00,3830.0,3835.0,3815.0,3835.0,3261,0.0,0.0
2024-03-04 13:00:00+09:00,3835.0,3835.0,3820.0,3835.0,495,0.0,0.0
2024-03-04 14:00:00+09:00,3835.0,3835.0,3815.0,3830.0,2289,0.0,0.0
2024-03-05 09:00:00+09:00,3830.0,3840.0,3815.0,3820.0,2852,0.0,0.0
2024-03-05 10:00:00+09:00,3825.0,3850.0,3820.0,3850.0,2378,0.0,0.0
2024-03-05 11:00:00+09:00,3850.0,3850.0,3840.0,3845.0,666,0.0,0.0
2024-03-05 12:00:00+09:00,3850.0,3870.0,3845.0,3870.0,4704,0.0,0.0
2024-03-05 13:00:00+09:00,3870.0,3885.0,3830.0,3850.0,4518,0.0,0.0
2024-03-05 14:00:00+09:00,3855.0,3865.0,3845.0,3860.0,3001,0.0,0.0
2024-03-06 09:00:00+09:00,3825.0,3830.0,3810.0,3825.0,10499,0.0,0.0
2024-03-06 10:00:00+09:00,3830.0,3835.0,3825.0,3835.0,226,0.0,0.0
2024-03-06 11:00:00+09:00,3830.0,3835.0,3825.0,3835.0,1904,0.0,0.0
2024-03-06 12:00:00+09:00,3825.0,3835.0,3820.0,3820.0,2063,0.0,0.0
2024-03-06 13:00:00+09:00,3820.0,3825.0,3800.0,3800.0,5567,0.0,0.0
2024-03-06 14:00:00+09:00,3800.0,3820.0,3760.0,3795.0,4250,0.0,0.0
2024-03-07 09:00:00+09:00,3830.0,3875.0,3750.0,3875.0,23184,0.0,0.0
2024-03-07 10:00:00+09:00,3865.0,3880.0,3810.0,3830.0,2693,0.0,0.0
2024-03-07 11:00:00+09:00,3825.0,3840.0,3755.0,3795.0,6219,0.0,0.0
2024-03-07 12:00:00+09:00,3795.0,3830.0,3775.0,3830.0,1163,0.0,0.0
2024-03-07 13:00:00+09:00,3820.0,3840.0,3780.0,3780.0,1682,0.0,0.0
2024-03-07 14:00:00+09:00,3810.0,3950.0,3780.0,3815.0,13733,0.0,0.0
2024-03-08 09:00:00+09:00,3810.0,3825.0,3735.0,3745.0,9165,0.0,0.0
2024-03-08 10:00:00+09:00,3740.0,3750.0,3680.0,3680.0,9194,0.0,0.0
2024-03-08 11:00:00+09:00,3680.0,3715.0,3655.0,3660.0,13143,0.0,0.0
2024-03-08 12:00:00+09:00,3660.0,3690.0,3655.0,3670.0,5077,0.0,0.0
2024-03-08 13:00:00+09:00,3690.0,3715.0,3690.0,3690.0,1844,0.0,0.0
2024-03-08 14:00:00+09:00,3695.0,3700.0,3665.0,3670.0,1440,0.0,0.0
2024-03-11 09:00:00+09:00,3670.0,3710.0,3625.0,3660.0,0,0.0,0.0
2024-03-11 10:00:00+09:00,3660.0,3850.0,3660.0,3745.0,12256,0.0,0.0
2024-03-11 11:00:00+09:00,3750.0,3770.0,3720.0,3720.0,3331,0.0,0.0
2024-03-11 12:00:00+09:00,3735.0,3740.0,3715.0,3725.0,5598,0.0,0.0
2024-03-11 13:00:00+09:00,3730.0,3730.0,3695.0,3695.0,939,0.0,0.0
2024-03-11 14:00:00+09:00,3700.0,3700.0,3670.0,3685.0,4426,0.0,0.0
2024-03-12 09:00:00+09:00,3690.0,3750.0,3690.0,3705.0,5497,0.0,0.0
2024-03-12 10:00:00+09:00,3715.0,3715.0,3685.0,3705.0,3491,0.0,0.0
2024-03-12 11:00:00+09:00,3700.0,3710.0,3680.0,3700.0,3734,0.0,0.0
2024-03-12 12:00:00+09:00,3705.0,3715.0,3700.0,3705.0,1261,0.0,0.0
2024-03-12 13:00:00+09:00,3710.0,3750.0,3510.0,3640.0,20830,0.0,0.0
2024-03-12 14:00:00+09:00,3640.0,3720.0,3635.0,3680.0,4454,0.0,0.0
2024-03-13 09:00:00+09:00,3700.0,3720.0,3655.0,3700.0,4055,0.0,0.0
2024-03-13 10:00:00+09:00,3695.0,3745.0,3690.0,3740.0,3766,0.0,0.0
2024-03-13 11:00:00+09:00,3745.0,3750.0,3715.0,3720.0,3505,0.0,0.0
2024-03-13 12:00:00+09:00,3720.0,3720.0,3710.0,3715.0,363,0.0,0.0
2024-03-13 13:00:00+09:00,3715.0,3720.0,3685.0,3705.0,3824,0.0,0.0
2024-03-13 14:00:00+09:00,3705.0,3720.0,3705.0,3715.0,218,0.0,0.0
2024-03-14 09:00:00+09:00,3720.0,3760.0,3720.0,3750.0,7124,0.0,0.0
2024-03-14 10:00:00+09:00,3760.0,3855.0,3750.0,3815.0,14920,0.0,0.0
2024-03-14 11:00:00+09:00,3815.0,3835.0,3800.0,3810.0,5679,0.0,0.0
2024-03-14 12:00:00+09:00,3815.0,3830.0,3810.0,3815.0,1912,0.0,0.0
2024-03-14 13:00:00+09:00,3830.0,3885.0,3810.0,3825.0,22605,0.0,0.0
2024-03-14 14:00:00+09:00,3840.0,3875.0,3810.0,3875.0,4997,0.0,0.0
2024-03-15 09:00:00+09:00,3860.0,4075.0,3840.0,4015.0,101796,0.0,0.0
2024-03-15 10:00:00+09:00,4010.0,4150.0,4000.0,4060.0,55357,0.0,0.0
2024-03-15 11:00:00+09:00,4055.0,4100.0,4045.0,4050.0,8400,0.0,0.0
2024-03-15 12:00:00+09:00,4055.0,4110.0,4030.0,4075.0,14445,0.0,0.0
2024-03-15 13:00:00+09:00,4095.0,4105.0,4060.0,4085.0,12063,0.0,0.0
2024-03-15 14:00:00+09:00,4085.0,4090.0,4015.0,4050.0,17259,0.0,0.0
2024-03-18 09:00:00+09:00,4100.0,4345.0,4045.0,4190.0,0,0.0,0.0
2024-03-18 10:00:00+09:00,4210.0,4215.0,4150.0,4185.0,22523,0.0,0.0
2024-03-18 11:00:00+09:00,4185.0,4220.0,4155.0,4210.0,12719,0.0,0.0
2024-03-18 12:00:00+09:00,4220.0,4255.0,4205.0,4220.0,4286,0.0,0.0
2024-03-18 13:00:00+09:00,4220.0,4245.0,4195.0,4230.0,3309,0.0,0.0
2024-03-18 14:00:00+09:00,4240.0,4265.0,4220.0,4265.0,11242,0.0,0.0
2024-03-19 09:00:00+09:00,4245.0,4245.0,3945.0,4115.0,16841,0.0,0.0
2024-03-19 10:00:00+09:00,4100.0,4195.0,4080.0,4130.0,6250,0.0,0.0
2024-03-19 11:00:00+09:00,4125.0,4185.0,4085.0,4100.0,5998,0.0,0.0
2024-03-19 12:00:00+09:00,4095.0,4160.0,4055.0,4160.0,11101,0.0,0.0
2024-03-19 13:00:00+09:00,4150.0,4150.0,4090.0,4100.0,0,0.0,0.0
2024-03-19 14:00:00+09:00,4100.0,4145.0,4100.0,4140.0,43985,0.0,0.0
2024-03-20 09:00:00+09:00,4160.0,4205.0,4125.0,4165.0,10871,0.0,0.0
2024-03-20 10:00:00+09:00,4165.0,4185.0,4165.0,4175.0,4343,0.0,0.0
2024-03-20 11:00:00+09:00,4175.0,4185.0,4125.0,4145.0,10019,0.0,0.0
2024-03-20 12:00:00+09:00,4135.0,4180.0,4095.0,4115.0,9935,0.0,0.0
2024-03-20 13:00:00+09:00,4095.0,4115.0,4060.0,4090.0,5090,0.0,0.0
2024-03-20 14:00:00+09:00,4085.0,4135.0,4055.0,4135.0,9465,0.0,0.0
2024-03-21 09:00:00+09:00,4170.0,4170.0,4110.0,4120.0,11197,0.0,0.0
2024-03-21 10:00:00+09:00,4125.0,4130.0,4110.0,4110.0,4434,0.0,0.0
2024-03-21 11:00:00+09:00,4115.0,4130.0,4105.0,4115.0,2425,0.0,0.0
2024-03-21 12:00:00+09:00,4130.0,4130.0,4100.0,4110.0,3815,0.0,0.0
2024-03-21 13:00:00+09:00,4110.0,4120.0,4095.0,4120.0,5698,0.0,0.0
2024-03-21 14:00:00+09:00,4120.0,4130.0,4025.0,4070.0,15880,0.0,0.0
2024-03-22 09:00:00+09:00,4095.0,4095.0,4015.0,4035.0,18290,0.0,0.0
2024-03-22 10:00:00+09:00,4035.0,4045.0,4020.0,4045.0,3770,0.0,0.0
2024-03-22 11:00:00+09:00,4050.0,4050.0,4005.0,4035.0,6610,0.0,0.0
2024-03-22 12:00:00+09:00,4035.0,4035.0,4000.0,4020.0,4024,0.0,0.0
2024-03-22 13:00:00+09:00,4025.0,4040.0,4020.0,4030.0,2550,0.0,0.0
2024-03-22 14:00:00+09:00,4040.0,4070.0,4015.0,4055.0,4125,0.0,0.0
2024-03-25 09:00:00+09:00,4060.0,4085.0,4045.0,4075.0,0,0.0,0.0
2024-03-25 10:00:00+09:00,4060.0,4075.0,3960.0,3970.0,11982,0.0,0.0
2024-03-25 11:00:00+09:00,3965.0,4000.0,3930.0,3965.0,11992,0.0,0.0
2024-03-25 12:00:00+09:00,3965.0,4000.0,3930.0,3980.0,8723,0.0,0.0
2024-03-25 13:00:00+09:00,3975.0,4030.0,3950.0,4010.0,5854,0.0,0.0
2024-03-25 14:00:00+09:00,4005.0,4065.0,4005.0,4065.0,1124,0.0,0.0
2024-03-26 09:00:00+09:00,4070.0,4070.0,4005.0,4045.0,10250,0.0,0.0
2024-03-26 10:00:00+09:00,4040.0,4085.0,3960.0,4085.0,12339,0.0,0.0
2024-03-26 11:00:00+09:00,4075.0,4085.0,4045.0,4060.0,599,0.0,0.0
2024-03-26 12:00:00+09:00,4060.0,4070.0,4015.0,4045.0,2436,0.0,0.0
2024-03-26 13:00:00+09:00,4035.0,4045.0,3985.0,4030.0,3941,0.0,0.0
2024-03-26 14:00:00+09:00,4020.0,4030.0,3985.0,4030.0,2426,0.0,0.0
2024-03-27 09:00:00+09:00,4045.0,4060.0,3835.0,3940.0,22366,0.0,0.0
2024-03-27 10:00:00+09:00,3940.0,3945.0,3875.0,3920.0,7767,0.0,0.0
2024-03-27 11:00:00+09:00,3940.0,3945.0,3890.0,3890.0,8234,0.0,0.0
2024-03-27 12:00:00+09:00,3930.0,3930.0,3880.0,3930.0,1929,0.0,0.0
2024-03-27 13:00:00+09:00,3930.0,3930.0,3905.0,3930.0,1403,0.0,0.0
2024-03-27 14:00:00+09:00,3930.0,3945.0,3920.0,3945.0,776,0.0,0.0
2024-03-28 09:00:00+09:00,3940.0,3965.0,3885.0,3945.0,9700,0.0,0.0
2024-03-28 10:00:00+09:00,3945.0,3955.0,3915.0,3930.0,1946,0.0,0.0
2024-03-28 11:00:00+09:00,3940.0,3940.0,3890.0,3925.0,4308,0.0,0.0
2024-03-28 12:00:00+09:00,3925.0,3965.0,3905.0,3945.0,2333,0.0,0.0
2024-03-28 13:00:00+09:00,3945.0,3965.0,3915.0,3955.0,2384,0.0,0.0
2024-03-28 14:00:00+09:00,3955.0,3955.0,3895.0,3945.0,4368,0.0,0.0
2024-03-29 09:00:00+09:00,3940.0,3970.0,3860.0,3895.0,8371,0.0,0.0
2024-03-29 10:00:00+09:00,3895.0,3950.0,3825.0,3835.0,11783,0.0,0.0
2024-03-29 11:00:00+09:00,3825.0,3925.0,3825.0,3905.0,10145,0.0,0.0
2024-03-29 12:00:00+09:00,3910.0,3925.0,3885.0,3895.0,1231,0.0,0.0
2024-03-29 13:00:00+09:00,3915.0,3920.0,3860.0,3900.0,8875,0.0,0.0
2024-03-29 14:00:00+09:00,3910.0,3920.0,3890.0,3915.0,1261,0.0,0.0
2024-04-01 09:00:00+09:00,3945.0,3945.0,3840.0,3880.0,0,0.0,0.0
2024-04-01 10:00:00+09:00,3870.0,3975.0,3860.0,3960.0,7805,0.0,0.0
2024-04-01 11:00:00+09:00,3955.0,3970.0,3735.0,3865.0,31069,0.0,0.0
2024-04-01 12:00:00+09:00,3865.0,3900.0,3850.0,3900.0,4255,0.0,0.0
2024-04-01 13:00:00+09:00,3885.0,3900.0,3835.0,3880.0,3215,0.0,0.0
2024-04-01 14:00:00+09:00,3880.0,3900.0,3835.0,3875.0,4999,0.0,0.0
2024-04-02 09:00:00+09:00,3915.0,3915.0,3810.0,3865.0,13213,0.0,0.0
2024-04-02 10:00:00+09:00,3865.0,3865.0,3815.0,3850.0,4246,0.0,0.0
2024-04-02 11:00:00+09:00,3850.0,3865.0,3810.0,3845.0,6475,0.0,0.0
2024-04-02 12:00:00+09:00,3845.0,3910.0,3805.0,3905.0,10295,0.0,0.0
2024-04-02 13:00:00+09:00,3895.0,3905.0,3845.0,3900.0,4945,0.0,0.0
2024-04-02 14:00:00+09:00,3900.0,3925.0,3860.0,3910.0,6994,0.0,0.0
2024-04-03 09:00:00+09:00,3815.0,3880.0,3785.0,3875.0,18071,0.0,0.0
2024-04-03 10:00:00+09:00,3875.0,3900.0,3840.0,3885.0,5499,0.0,0.0
2024-04-03 11:00:00+09:00,3885.0,3900.0,3820.0,3870.0,7893,0.0,0.0
2024-04-03 12:00:00+09:00,3870.0,3900.0,3835.0,3900.0,3776,0.0,0.0
2024-04-03 13:00:00+09:00,3895.0,3900.0,3880.0,3900.0,2348,0.0,0.0
2024-04-03 14:00:00+09:00,3900.0,3925.0,3885.0,3925.0,4928,0.0,0.0
2024-04-04 09:00:00+09:00,3910.0,3970.0,3900.0,3930.0,11432,0.0,0.0
2024-04-04 10:00:00+09:00,3930.0,3930.0,3890.0,3905.0,2732,0.0,0.0
2024-04-04 11:00:00+09:00,3905.0,3920.0,3890.0,3905.0,1768,0.0,0.0
2024-04-04 12:00:00+09:00,3890.0,3905.0,3865.0,3880.0,6250,0.0,0.0
2024-04-04 13:00:00+09:00,3865.0,3905.0,3860.0,3905.0,8771,0.0,0.0
2024-04-04 14:00:00+09:00,3905.0,3905.0,3860.0,3890.0,4167,0.0,0.0
2024-04-05 09:00:00+09:00,3860.0,3895.0,3800.0,3895.0,8024,0.0,0.0
2024-04-05 10:00:00+09:00,3885.0,3890.0,3845.0,3870.0,925,0.0,0.0
2024-04-05 11:00:00+09:00,3850.0,3860.0,3825.0,3840.0,3502,0.0,0.0
2024-04-05 12:00:00+09:00,3840.0,3850.0,3820.0,3840.0,2210,0.0,0.0
2024-04-05 13:00:00+09:00,3835.0,3850.0,3810.0,3835.0,3643,0.0,0.0
2024-04-05 14:00:00+09:00,3840.0,3845.0,3825.0,3835.0,158,0.0,0.0
2024-04-08 09:00:00+09:00,3870.0,3875.0,3790.0,3840.0,0,0.0,0.0
2024-04-08 10:00:00+09:00,3840.0,3855.0,3815.0,3835.0,5622,0.0,0.0
2024-04-08 11:00:00+09:00,3845.0,3845.0,3800.0,3830.0,2543,0.0,0.0
2024-04-08 12:00:00+09:00,3840.0,3840.0,3805.0,3835.0,1807,0.0,0.0
2024-04-08 13:00:00+09:00,3835.0,3865.0,3835.0,3855.0,2185,0.0,0.0
2024-04-08 14:00:00+09:00,3855.0,3855.0,3830.0,3845.0,1686,0.0,0.0
2024-04-09 09:00:00+09:00,3865.0,3945.0,3815.0,3910.0,35358,0.0,0.0
2024-04-09 10:00:00+09:00,3920.0,3930.0,3880.0,3905.0,9856,0.0,0.0
2024-04-09 11:00:00+09:00,3920.0,3930.0,3870.0,3910.0,5709,0.0,0.0
2024-04-09 12:00:00+09:00,3915.0,3920.0,3910.0,3920.0,2576,0.0,0.0
2024-04-09 13:00:00+09:00,3920.0,3920.0,3880.0,3915.0,5654,0.0,0.0
2024-04-09 14:00:00+09:00,3915.0,3915.0,3880.0,3905.0,4737,0.0,0.0
2024-04-11 09:00:00+09:00,3930.0,3950.0,3805.0,3890.0,0,0.0,0.0
2024-04-11 10:00:00+09:00,3870.0,3920.0,3860.0,3885.0,7733,0.0,0.0
2024-04-11 11:00:00+09:00,3880.0,3900.0,3870.0,3895.0,488,0.0,0.0
2024-04-11 12:00:00+09:00,3895.0,3935.0,3850.0,3935.0,5454,0.0,0.0
2024-04-11 13:00:00+09:00,3935.0,3940.0,3920.0,3920.0,1904,0.0,0.0
2024-04-11 14:00:00+09:00,3940.0,3950.0,3925.0,3950.0,3298,0.0,0.0
2024-04-12 09:00:00+09:00,3960.0,3960.0,3900.0,3915.0,7452,0.0,0.0
2024-04-12 10:00:00+09:00,3925.0,3925.0,3900.0,3905.0,1751,0.0,0.0
2024-04-12 11:00:00+09:00,3910.0,3970.0,3910.0,3940.0,6155,0.0,0.0
2024-04-12 12:00:00+09:00,3950.0,3950.0,3920.0,3920.0,1204,0.0,0.0
2024-04-12 13:00:00+09:00,3930.0,3945.0,3930.0,3930.0,1000,0.0,0.0
2024-04-12 14:00:00+09:00,3930.0,3940.0,3905.0,3935.0,4214,0.0,0.0
2024-04-15 09:00:00+09:00,3970.0,3970.0,3885.0,3900.0,0,0.0,0.0
2024-04-15 10:00:00+09:00,3935.0,3940.0,3900.0,3910.0,1043,0.0,0.0
2024-04-15 11:00:00+09:00,3925.0,3935.0,3895.0,3920.0,3474,0.0,0.0
2024-04-15 12:00:00+09:00,3920.0,3940.0,3920.0,3940.0,1791,0.0,0.0
2024-04-15 13:00:00+09:00,3940.0,3965.0,3895.0,3915.0,4042,0.0,0.0
2024-04-15 14:00:00+09:00,3905.0,3935.0,3895.0,3910.0,3038,0.0,0.0
2024-04-16 09:00:00+09:00,3935.0,3935.0,3815.0,3820.0,13097,0.0,0.0
2024-04-16 10:00:00+09:00,3810.0,3850.0,3805.0,3825.0,8780,0.0,0.0
2024-04-16 11:00:00+09:00,3835.0,3855.0,3815.0,3855.0,3402,0.0,0.0
2024-04-16 12:00:00+09:00,3855.0,3885.0,3825.0,3880.0,6175,0.0,0.0
2024-04-16 13:00:00+09:00,3865.0,3880.0,3840.0,3875.0,4954,0.0,0.0
2024-04-16 14:00:00+09:00,3860.0,3925.0,3840.0,3905.0,3575,0.0,0.0
2024-04-17 09:00:00+09:00,3915.0,3965.0,3875.0,3890.0,11808,0.0,0.0
2024-04-17 10:00:00+09:00,3890.0,3940.0,3885.0,3890.0,4346,0.0,0.0
2024-04-17 11:00:00+09:00,3905.0,3910.0,3870.0,3895.0,6378,0.0,0.0
2024-04-17 12:00:00+09:00,3895.0,3895.0,3865.0,3880.0,3879,0.0,0.0
2024-04-17 13:00:00+09:00,3880.0,3895.0,3875.0,3895.0,2450,0.0,0.0
2024-04-17 14:00:00+09:00,3890.0,3960.0,3875.0,3945.0,8930,0.0,0.0
2024-04-18 09:00:00+09:00,3920.0,3970.0,3885.0,3960.0,19643,0.0,0.0
2024-04-18 10:00:00+09:00,3960.0,4025.0,3925.0,4000.0,12613,0.0,0.0
2024-04-18 11:00:00+09:00,4000.0,4015.0,3980.0,4005.0,14699,0.0,0.0
2024-04-18 12:00:00+09:00,4000.0,4020.0,3985.0,4010.0,5317,0.0,0.0
2024-04-18 13:00:00+09:00,4010.0,4135.0,4005.0,4110.0,23171,0.0,0.0
2024-04-18 14:00:00+09:00,4110.0,4140.0,4100.0,4130.0,17159,0.0,0.0
2024-04-19 09:00:00+09:00,4110.0,4115.0,4065.0,4090.0,17513,0.0,0.0
2024-04-19 10:00:00+09:00,4090.0,4115.0,4050.0,4075.0,4705,0.0,0.0
2024-04-19 11:00:00+09:00,4075.0,4090.0,3885.0,4015.0,20450,0.0,0.0
2024-04-19 12:00:00+09:00,4010.0,4060.0,3995.0,4060.0,3556,0.0,0.0
2024-04-19 13:00:00+09:00,4060.0,4100.0,3885.0,4080.0,10221,0.0,0.0
2024-04-19 14:00:00+09:00,4080.0,4115.0,4075.0,4115.0,7011,0.0,0.0
2024-04-22 09:00:00+09:00,4105.0,4260.0,4105.0,4210.0,0,0.0,0.0
2024-04-22 10:00:00+09:00,4215.0,4240.0,4170.0,4190.0,14100,0.0,0.0
2024-04-22 11:00:00+09:00,4205.0,4205.0,4185.0,4190.0,2617,0.0,0.0
2024-04-22 12:00:00+09:00,4200.0,4205.0,4160.0,4190.0,10380,0.0,0.0
2024-04-22 13:00:00+09:00,4200.0,4245.0,4165.0,4170.0,12941,0.0,0.0
2024-04-22 14:00:00+09:00,4200.0,4205.0,4175.0,4200.0,2170,0.0,0.0
2024-04-23 09:00:00+09:00,4165.0,4290.0,4145.0,4270.0,27537,0.0,0.0
2024-04-23 10:00:00+09:00,4260.0,4290.0,4230.0,4275.0,18180,0.0,0.0
2024-04-23 11:00:00+09:00,4270.0,4275.0,4245.0,4265.0,4964,0.0,0.0
2024-04-23 12:00:00+09:00,4260.0,4295.0,4255.0,4280.0,5307,0.0,0.0
2024-04-23 13:00:00+09:00,4280.0,4305.0,4255.0,4300.0,10069,0.0,0.0
2024-04-23 14:00:00+09:00,4300.0,4305.0,4285.0,4290.0,4247,0.0,0.0
2024-04-24 09:00:00+09:00,4285.0,4395.0,4275.0,4395.0,50732,0.0,0.0
2024-04-24 10:00:00+09:00,4400.0,4425.0,4345.0,4420.0,20958,0.0,0.0
2024-04-24 11:00:00+09:00,4420.0,4520.0,4420.0,4520.0,25273,0.0,0.0
2024-04-24 12:00:00+09:00,4520.0,4610.0,4495.0,4595.0,32905,0.0,0.0
2024-04-24 13:00:00+09:00,4615.0,4710.0,4520.0,4540.0,72417,0.0,0.0
2024-04-24 14:00:00+09:00,4540.0,4605.0,4535.0,4575.0,12919,0.0,0.0
2024-04-25 09:00:00+09:00,4625.0,4625.0,4510.0,4520.0,31798,0.0,0.0
2024-04-25 10:00:00+09:00,4520.0,4540.0,4465.0,4505.0,22478,0.0,0.0
2024-04-25 11:00:00+09:00,4510.0,4530.0,4480.0,4495.0,8341,0.0,0.0
2024-04-25 12:00:00+09:00,4490.0,4500.0,4445.0,4470.0,8407,0.0,0.0
2024-04-25 13:00:00+09:00,4480.0,4485.0,4385.0,4385.0,10553,0.0,0.0
2024-04-25 14:00:00+09:00,4390.0,4430.0,4390.0,4390.0,8532,0.0,0.0
2024-04-26 09:00:00+09:00,4440.0,4655.0,4430.0,4615.0,17599,0.0,0.0
2024-04-26 10:00:00+09:00,4615.0,4615.0,4535.0,4540.0,4038,0.0,0.0
2024-04-26 11:00:00+09:00,4540.0,4560.0,4510.0,4525.0,7008,0.0,0.0
2024-04-26 12:00:00+09:00,4525.0,4550.0,4525.0,4525.0,2794,0.0,0.0
2024-04-26 13:00:00+09:00,4545.0,4545.0,4460.0,4510.0,5594,0.0,0.0
2024-04-26 14:00:00+09:00,4480.0,4545.0,4440.0,4500.0,4664,0.0,0.0
2024-04-29 09:00:00+09:00,4435.0,4680.0,4205.0,4460.0,0,0.0,0.0
2024-04-29 10:00:00+09:00,4460.0,4510.0,4460.0,4505.0,8823,0.0,0.0
2024-04-29 11:00:00+09:00,4505.0,4505.0,4485.0,4490.0,1499,0.0,0.0
2024-04-29 12:00:00+09:00,4495.0,4495.0,4445.0,4445.0,2760,0.0,0.0
2024-04-29 13:00:00+09:00,4480.0,4480.0,4440.0,4440.0,2364,0.0,0.0
2024-04-29 14:00:00+09:00,4465.0,4475.0,4430.0,4465.0,3282,0.0,0.0
2024-04-30 09:00:00+09:00,4465.0,4475.0,4325.0,4370.0,15149,0.0,0.0
2024-04-30 10:00:00+09:00,4365.0,4370.0,4310.0,4365.0,7499,0.0,0.0
2024-04-30 11:00:00+09:00,4360.0,4415.0,4350.0,4400.0,5301,0.0,0.0
2024-04-30 12:00:00+09:00,4390.0,4400.0,4330.0,4345.0,5805,0.0,0.0
2024-04-30 13:00:00+09:00,4335.0,4385.0,4335.0,4350.0,4591,0.0,0.0
2024-04-30 14:00:00+09:00,4380.0,4380.0,4325.0,4340.0,7683,0.0,0.0
2024-05-02 09:00:00+09:00,4325.0,4385.0,4280.0,4375.0,0,0.0,0.0
2024-05-02 10:00:00+09:00,4375.0,4405.0,4360.0,4390.0,5497,0.0,0.0
2024-05-02 11:00:00+09:00,4365.0,4370.0,4350.0,4350.0,5979,0.0,0.0
2024-05-02 12:00:00+09:00,4360.0,4385.0,4350.0,4360.0,2134,0.0,0.0
2024-05-02 13:00:00+09:00,4360.0,4365.0,4320.0,4365.0,2271,0.0,0.0
2024-05-02 14:00:00+09:00,4345.0,4390.0,4340.0,4385.0,4772,0.0,0.0
2024-05-03 09:00:00+09:00,4355.0,4390.0,4355.0,4365.0,9625,0.0,0.0
2024-05-03 10:00:00+09:00,4365.0,4375.0,4350.0,4360.0,1898,0.0,0.0
2024-05-03 11:00:00+09:00,4355.0,4375.0,4355.0,4370.0,2549,0.0,0.0
2024-05-03 12:00:00+09:00,4375.0,4400.0,4355.0,4395.0,3947,0.0,0.0
2024-05-03 13:00:00+09:00,4395.0,4395.0,4360.0,4370.0,4591,0.0,0.0
2024-05-03 14:00:00+09:00,4375.0,4375.0,4340.0,4340.0,3499,0.0,0.0
2024-05-07 09:00:00+09:00,4325.0,4345.0,4265.0,4320.0,0,0.0,0.0
2024-05-07 10:00:00+09:00,4320.0,4470.0,4305.0,4465.0,7596,0.0,0.0
2024-05-07 11:00:00+09:00,4470.0,4470.0,4430.0,4450.0,5643,0.0,0.0
2024-05-07 12:00:00+09:00,4445.0,4515.0,4445.0,4490.0,8806,0.0,0.0
2024-05-07 13:00:00+09:00,4490.0,4495.0,4470.0,4490.0,1966,0.0,0.0
2024-05-07 14:00:00+09:00,4490.0,4500.0,4445.0,4495.0,5194,0.0,0.0
2024-05-08 09:00:00+09:00,4465.0,4490.0,4420.0,4445.0,4387,0.0,0.0
2024-05-08 10:00:00+09:00,4475.0,4490.0,4445.0,4475.0,1670,0.0,0.0
2024-05-08 11:00:00+09:00,4475.0,4490.0,4445.0,4480.0,6273,0.0,0.0
2024-05-08 12:00:00+09:00,4480.0,4495.0,4455.0,4490.0,656,0.0,0.0
2024-05-08 13:00:00+09:00,4455.0,4600.0,4430.0,4600.0,17612,0.0,0.0
2024-05-08 14:00:00+09:00,4595.0,4650.0,4585.0,4595.0,13726,0.0,0.0
2024-05-09 09:00:00+09:00,4620.0,4690.0,4580.0,4600.0,21098,0.0,0.0
2024-05-09 10:00:00+09:00,4610.0,4625.0,4545.0,4565.0,5272,0.0,0.0
2024-05-09 11:00:00+09:00,4560.0,4565.0,4505.0,4505.0,4137,0.0,0.0
2024-05-09 12:00:00+09:00,4505.0,4550.0,4490.0,4510.0,3586,0.0,0.0
2024-05-09 13:00:00+09:00,4505.0,4550.0,4490.0,4505.0,7957,0.0,0.0
2024-05-09 14:00:00+09:00,4510.0,4560.0,4500.0,4560.0,6996,0.0,0.0
2024-05-10 09:00:00+09:00,4510.0,4565.0,4510.0,4565.0,3342,0.0,0.0
2024-05-10 10:00:00+09:00,4565.0,4580.0,4535.0,4540.0,2961,0.0,0.0
2024-05-10 11:00:00+09:00,4540.0,4570.0,4525.0,4560.0,5503,0.0,0.0
2024-05-10 12:00:00+09:00,4560.0,4570.0,4525.0,4570.0,1918,0.0,0.0
2024-05-10 13:00:00+09:00,4570.0,4625.0,4555.0,4625.0,3592,0.0,0.0
2024-05-10 14:00:00+09:00,4625.0,4740.0,4605.0,4720.0,34085,0.0,0.0
2024-05-13 09:00:00+09:00,4655.0,4905.0,4650.0,4905.0,0,0.0,0.0
2024-05-13 10:00:00+09:00,4875.0,4950.0,4745.0,4890.0,35171,0.0,0.0
2024-05-13 11:00:00+09:00,4910.0,5120.0,4885.0,5090.0,40570,0.0,0.0
2024-05-13 12:00:00+09:00,5040.0,5110.0,4965.0,4975.0,29413,0.0,0.0
2024-05-13 13:00:00+09:00,4975.0,5020.0,4920.0,4940.0,13260,0.0,0.0
2024-05-13 14:00:00+09:00,4955.0,4960.0,4910.0,4910.0,4539,0.0,0.0
2024-05-14 09:00:00+09:00,4880.0,4995.0,4820.0,4980.0,40050,0.0,0.0
2024-05-14 10:00:00+09:00,4980.0,4980.0,4895.0,4920.0,7677,0.0,0.0
2024-05-14 11:00:00+09:00,4920.0,4920.0,4820.0,4830.0,11345,0.0,0.0
2024-05-14 12:00:00+09:00,4825.0,4840.0,4815.0,4840.0,453,0.0,0.0
2024-05-14 13:00:00+09:00,4835.0,4855.0,4785.0,4815.0,9194,0.0,0.0
2024-05-14 14:00:00+09:00,4820.0,4845.0,4800.0,4830.0,1435,0.0,0.0
2024-05-16 09:00:00+09:00,4845.0,4870.0,4660.0,4750.0,0,0.0,0.0
2024-05-16 10:00:00+09:00,4720.0,4750.0,4685.0,4720.0,16141,0.0,0.0
2024-05-16 11:00:00+09:00,4720.0,4820.0,4715.0,4785.0,3653,0.0,0.0
2024-05-16 12:00:00+09:00,4725.0,4855.0,4720.0,4790.0,7518,0.0,0.0
2024-05-16 13:00:00+09:00,4790.0,4790.0,4725.0,4760.0,6127,0.0,0.0
2024-05-16 14:00:00+09:00,4730.0,4760.0,4715.0,4735.0,2659,0.0,0.0
2024-05-17 09:00:00+09:00,4685.0,4710.0,4500.0,4550.0,26276,0.0,0.0
2024-05-17 10:00:00+09:00,4545.0,4550.0,4460.0,4510.0,22070,0.0,0.0
2024-05-17 11:00:00+09:00,4510.0,4540.0,4460.0,4535.0,12770,0.0,0.0
2024-05-17 12:00:00+09:00,4535.0,4540.0,4480.0,4510.0,9324,0.0,0.0
2024-05-17 13:00:00+09:00,4510.0,4520.0,4475.0,4515.0,12624,0.0,0.0
2024-05-17 14:00:00+09:00,4520.0,4550.0,4520.0,4535.0,4186,0.0,0.0
2024-05-20 09:00:00+09:00,4520.0,4700.0,4520.0,4565.0,0,0.0,0.0
2024-05-20 10:00:00+09:00,4560.0,4575.0,4495.0,4525.0,6508,0.0,0.0
2024-05-20 11:00:00+09:00,4520.0,4530.0,4490.0,4500.0,3576,0.0,0.0
2024-05-20 12:00:00+09:00,4500.0,4505.0,4425.0,4435.0,7192,0.0,0.0
2024-05-20 13:00:00+09:00,4440.0,4535.0,4440.0,4505.0,5413,0.0,0.0
2024-05-20 14:00:00+09:00,4505.0,4575.0,4475.0,4500.0,2291,0.0,0.0
2024-05-21 09:00:00+09:00,4590.0,4675.0,4520.0,4535.0,20908,0.0,0.0
2024-05-21 10:00:00+09:00,4535.0,4560.0,4500.0,4510.0,4090,0.0,0.0
2024-05-21 11:00:00+09:00,4510.0,4515.0,4490.0,4490.0,3308,0.0,0.0
2024-05-21 12:00:00+09:00,4495.0,4510.0,4490.0,4495.0,1217,0.0,0.0
2024-05-21 13:00:00+09:00,4500.0,4510.0,4470.0,4480.0,1426,0.0,0.0
2024-05-21 14:00:00+09:00,4470.0,4480.0,4455.0,4460.0,1753,0.0,0.0
2024-05-22 09:00:00+09:00,4490.0,4490.0,4420.0,4420.0,8244,0.0,0.0
2024-05-22 10:00:00+09:00,4420.0,4445.0,4395.0,4400.0,9682,0.0,0.0
2024-05-22 11:00:00+09:00,4400.0,4430.0,4400.0,4405.0,816,0.0,0.0
2024-05-22 12:00:00+09:00,4425.0,4430.0,4390.0,4395.0,3541,0.0,0.0
2024-05-22 13:00:00+09:00,4425.0,4425.0,4300.0,4345.0,12816,0.0,0.0
2024-05-22 14:00:00+09:00,4330.0,4350.0,4325.0,4350.0,6301,0.0,0.0
2024-05-23 09:00:00+09:00,4410.0,4490.0,4360.0,4455.0,16616,0.0,0.0
2024-05-23 10:00:00+09:00,4485.0,4600.0,4465.0,4570.0,21250,0.0,0.0
2024-05-23 11:00:00+09:00,4570.0,4630.0,4570.0,4605.0,9521,0.0,0.0
2024-05-23 12:00:00+09:00,4580.0,4600.0,4500.0,4525.0,5612,0.0,0.0
2024-05-23 13:00:00+09:00,4515.0,4590.0,4515.0,4540.0,1817,0.0,0.0
2024-05-23 14:00:00+09:00,4535.0,4570.0,4535.0,4560.0,3002,0.0,0.0
2024-05-24 09:00:00+09:00,4565.0,4565.0,4460.0,4480.0,6123,0.0,0.0
2024-05-24 10:00:00+09:00,4500.0,4530.0,4480.0,4500.0,3675,0.0,0.0
2024-05-24 11:00:00+09:00,4480.0,4515.0,4425.0,4505.0,16588,0.0,0.0
2024-05-24 12:00:00+09:00,4505.0,4510.0,4485.0,4500.0,563,0.0,0.0
2024-05-24 13:00:00+09:00,4495.0,4650.0,4490.0,4595.0,6746,0.0,0.0
2024-05-24 14:00:00+09:00,4595.0,4600.0,4545.0,4545.0,3026,0.0,0.0
2024-05-27 09:00:00+09:00,4580.0,4640.0,4565.0,4605.0,0,0.0,0.0
2024-05-27 10:00:00+09:00,4610.0,4635.0,4600.0,4600.0,11488,0.0,0.0
2024-05-27 11:00:00+09:00,4600.0,4625.0,4580.0,4580.0,437,0.0,0.0
2024-05-27 12:00:00+09:00,4605.0,4605.0,4400.0,4425.0,16121,0.0,0.0
2024-05-27 13:00:00+09:00,4425.0,4465.0,4420.0,4460.0,5233,0.0,0.0
2024-05-27 14:00:00+09:00,4455.0,4460.0,4435.0,4455.0,6977,0.0,0.0
2024-05-28 09:00:00+09:00,4460.0,4540.0,4460.0,4520.0,2370,0.0,0.0
2024-05-28 10:00:00+09:00,4520.0,4520.0,4415.0,4470.0,4587,0.0,0.0
2024-05-28 11:00:00+09:00,4465.0,4465.0,4430.0,4430.0,1301,0.0,0.0
2024-05-28 12:00:00+09:00,4435.0,4435.0,4400.0,4435.0,2583,0.0,0.0
2024-05-28 13:00:00+09:00,4435.0,4470.0,4415.0,4435.0,6480,0.0,0.0
2024-05-28 14:00:00+09:00,4465.0,4470.0,4430.0,4435.0,553,0.0,0.0
2024-05-29 09:00:00+09:00,4365.0,4430.0,4350.0,4355.0,5378,0.0,0.0
2024-05-29 10:00:00+09:00,4355.0,4385.0,4320.0,4385.0,6772,0.0,0.0
2024-05-29 11:00:00+09:00,4385.0,4395.0,4320.0,4320.0,7967,0.0,0.0
2024-05-29 12:00:00+09:00,4340.0,4355.0,4320.0,4345.0,514,0.0,0.0
2024-05-29 13:00:00+09:00,4350.0,4355.0,4345.0,4355.0,1289,0.0,0.0
2024-05-29 14:00:00+09:00,4350.0,4355.0,4300.0,4300.0,3238,0.0,0.0
2024-05-30 09:00:00+09:00,4315.0,4425.0,4315.0,4320.0,10778,0.0,0.0
2024-05-30 10:00:00+09:00,4315.0,4335.0,4310.0,4335.0,1406,0.0,0.0
2024-05-30 11:00:00+09:00,4335.0,4335.0,4300.0,4305.0,2833,0.0,0.0
2024-05-30 12:00:00+09:00,4305.0,4335.0,4295.0,4310.0,857,0.0,0.0
2024-05-30 13:00:00+09:00,4310.0,4335.0,4250.0,4250.0,12346,0.0,0.0
2024-05-30 14:00:00+09:00,4250.0,4340.0,4250.0,4340.0,9313,0.0,0.0
2024-05-31 09:00:00+09:00,4325.0,4450.0,4325.0,4450.0,7757,0.0,0.0
2024-05-31 10:00:00+09:00,4445.0,4470.0,4405.0,4405.0,6925,0.0,0.0
2024-05-31 11:00:00+09:00,4405.0,4435.0,4405.0,4415.0,2309,0.0,0.0
2024-05-31 12:00:00+09:00,4415.0,4425.0,4410.0,4410.0,853,0.0,0.0
2024-05-31 13:00:00+09:00,4410.0,4410.0,4335.0,4390.0,2223,0.0,0.0
2024-05-31 14:00:00+09:00,4385.0,4460.0,4370.0,4460.0,8293,0.0,0.0
2024-06-03 09:00:00+09:00,4425.0,4490.0,4390.0,4465.0,0,0.0,0.0
2024-06-03 10:00:00+09:00,4490.0,4645.0,4470.0,4600.0,15891,0.0,0.0
2024-06-03 11:00:00+09:00,4620.0,4625.0,4560.0,4590.0,7139,0.0,0.0
2024-06-03 12:00:00+09:00,4590.0,4590.0,4535.0,4535.0,2322,0.0,0.0
2024-06-03 13:00:00+09:00,4535.0,4600.0,4535.0,4570.0,2783,0.0,0.0
2024-06-03 14:00:00+09:00,4595.0,4595.0,4560.0,4560.0,2471,0.0,0.0
2024-06-04 09:00:00+09:00,4500.0,4670.0,4490.0,4620.0,31757,0.0,0.0
2024-06-04 10:00:00+09:00,4620.0,4685.0,4600.0,4640.0,6598,0.0,0.0
2024-06-04 11:00:00+09:00,4630.0,4645.0,4605.0,4605.0,3159,0.0,0.0
2024-06-04 12:00:00+09:00,4610.0,4625.0,4550.0,4580.0,3456,0.0,0.0
2024-06-04 13:00:00+09:00,4550.0,4580.0,4500.0,4540.0,7532,0.0,0.0
2024-06-04 14:00:00+09:00,4545.0,4545.0,4510.0,4510.0,319,0.0,0.0
2024-06-05 09:00:00+09:00,4605.0,4605.0,4455.0,4495.0,0,0.0,0.0
2024-06-05 10:00:00+09:00,4515.0,4555.0,4485.0,4485.0,24313,0.0,0.0
2024-06-05 11:00:00+09:00,4485.0,4540.0,4460.0,4470.0,7441,0.0,0.0
2024-06-05 12:00:00+09:00,4465.0,4490.0,4445.0,4470.0,5866,0.0,0.0
2024-06-05 13:00:00+09:00,4470.0,4470.0,4445.0,4445.0,1798,0.0,0.0
2024-06-05 14:00:00+09:00,4445.0,4485.0,4430.0,4485.0,5024,0.0,0.0
2024-06-07 09:00:00+09:00,4480.0,4505.0,4395.0,4430.0,0,0.0,0.0
2024-06-07 10:00:00+09:00,4420.0,4435.0,4360.0,4370.0,7864,0.0,0.0
2024-06-07 11:00:00+09:00,4370.0,4410.0,4365.0,4395.0,6518,0.0,0.0
2024-06-07 12:00:00+09:00,4390.0,4390.0,4375.0,4375.0,10441,0.0,0.0
2024-06-07 13:00:00+09:00,4400.0,4410.0,4370.0,4390.0,2224,0.0,0.0
2024-06-07 14:00:00+09:00,4400.0,4400.0,4350.0,4350.0,6002,0.0,0.0
2024-06-10 09:00:00+09:00,4425.0,4435.0,4350.0,4405.0,0,0.0,0.0
2024-06-10 10:00:00+09:00,4410.0,4430.0,4400.0,4400.0,2285,0.0,0.0
2024-06-10 11:00:00+09:00,4400.0,4435.0,4400.0,4430.0,2484,0.0,0.0
2024-06-10 12:00:00+09:00,4420.0,4435.0,4400.0,4400.0,357,0.0,0.0
2024-06-10 13:00:00+09:00,4400.0,4440.0,4400.0,4435.0,4871,0.0,0.0
2024-06-10 14:00:00+09:00,4405.0,4435.0,4405.0,4435.0,22,0.0,0.0
2024-06-11 09:00:00+09:00,4445.0,4520.0,4410.0,4480.0,8662,0.0,0.0
2024-06-11 10:00:00+09:00,4480.0,4480.0,4400.0,4400.0,4342,0.0,0.0
2024-06-11 11:00:00+09:00,4415.0,4420.0,4385.0,4400.0,1837,0.0,0.0
2024-06-11 12:00:00+09:00,4400.0,4405.0,4370.0,4405.0,1595,0.0,0.0
2024-06-11 13:00:00+09:00,4405.0,4405.0,4305.0,4320.0,3841,0.0,0.0
2024-06-11 14:00:00+09:00,4325.0,4365.0,4320.0,4340.0,4857,0.0,0.0
2024-06-12 09:00:00+09:00,4345.0,4345.0,4300.0,4335.0,7959,0.0,0.0
2024-06-12 10:00:00+09:00,4335.0,4370.0,4295.0,4370.0,12724,0.0,0.0
2024-06-12 11:00:00+09:00,4370.0,4395.0,4370.0,4395.0,1322,0.0,0.0
2024-06-12 12:00:00+09:00,4395.0,4400.0,4375.0,4390.0,2031,0.0,0.0
2024-06-12 13:00:00+09:00,4380.0,4380.0,4375.0,4375.0,516,0.0,0.0
2024-06-12 14:00:00+09:00,4355.0,4410.0,4355.0,4375.0,2681,0.0,0.0
2024-06-13 09:00:00+09:00,4405.0,4435.0,4370.0,4395.0,1256,0.0,0.0
2024-06-13 10:00:00+09:00,4380.0,4380.0,4335.0,4340.0,8302,0.0,0.0
2024-06-13 11:00:00+09:00,4345.0,4350.0,4335.0,4340.0,587,0.0,0.0
2024-06-13 12:00:00+09:00,4340.0,4340.0,4300.0,4325.0,2694,0.0,0.0
2024-06-13 13:00:00+09:00,4305.0,4315.0,4255.0,4315.0,3863,0.0,0.0
2024-06-13 14:00:00+09:00,4320.0,4320.0,4255.0,4310.0,6058,0.0,0.0
2024-06-14 09:00:00+09:00,4220.0,4475.0,4205.0,4370.0,25580,0.0,0.0
2024-06-14 10:00:00+09:00,4370.0,4440.0,4345.0,4410.0,8985,0.0,0.0
2024-06-14 11:00:00+09:00,4365.0,4405.0,4350.0,4370.0,291,0.0,0.0
2024-06-14 12:00:00+09:00,4350.0,4370.0,4345.0,4365.0,1993,0.0,0.0
2024-06-14 13:00:00+09:00,4345.0,4360.0,4240.0,4275.0,9497,0.0,0.0
2024-06-14 14:00:00+09:00,4235.0,4345.0,4235.0,4340.0,2112,0.0,0.0
2024-06-17 09:00:00+09:00,4255.0,4340.0,4250.0,4340.0,0,0.0,0.0
2024-06-17 10:00:00+09:00,4330.0,4415.0,4315.0,4415.0,5889,0.0,0.0
2024-06-17 11:00:00+09:00,4415.0,4420.0,4400.0,4420.0,1134,0.0,0.0
2024-06-17 12:00:00+09:00,4405.0,4425.0,4395.0,4395.0,2007,0.0,0.0
2024-06-17 13:00:00+09:00,4400.0,4445.0,4400.0,4445.0,979,0.0,0.0
2024-06-17 14:00:00+09:00,4440.0,4445.0,4365.0,4365.0,2728,0.0,0.0
2024-06-18 09:00:00+09:00,4370.0,4410.0,4355.0,4375.0,2894,0.0,0.0
2024-06-18 10:00:00+09:00,4370.0,4375.0,4270.0,4310.0,10131,0.0,0.0
2024-06-18 11:00:00+09:00,4310.0,4315.0,4230.0,4315.0,10848,0.0,0.0
2024-06-18 12:00:00+09:00,4270.0,4335.0,4270.0,4285.0,2031,0.0,0.0
2024-06-18 13:00:00+09:00,4285.0,4300.0,4265.0,4290.0,3362,0.0,0.0
2024-06-18 14:00:00+09:00,4280.0,4290.0,4270.0,4285.0,1642,0.0,0.0
2024-06-19 09:00:00+09:00,4285.0,4285.0,4225.0,4270.0,10754,0.0,0.0
2024-06-19 10:00:00+09:00,4235.0,4280.0,4235.0,4280.0,7112,0.0,0.0
2024-06-19 11:00:00+09:00,4280.0,4280.0,4270.0,4280.0,422,0.0,0.0
2024-06-19 12:00:00+09:00,4275.0,4295.0,4265.0,4290.0,4729,0.0,0.0
2024-06-19 13:00:00+09:00,4290.0,4295.0,4265.0,4295.0,2691,0.0,0.0
2024-06-19 14:00:00+09:00,4290.0,4290.0,4260.0,4260.0,996,0.0,0.0
2024-06-20 09:00:00+09:00,4240.0,4355.0,4240.0,4285.0,10440,0.0,0.0
2024-06-20 10:00:00+09:00,4315.0,4330.0,4285.0,4300.0,1967,0.0,0.0
2024-06-20 11:00:00+09:00,4300.0,4315.0,4295.0,4315.0,628,0.0,0.0
2024-06-20 12:00:00+09:00,4310.0,4320.0,4280.0,4280.0,4484,0.0,0.0
2024-06-20 13:00:00+09:00,4275.0,4310.0,4240.0,4275.0,3477,0.0,0.0
2024-06-20 14:00:00+09:00,4280.0,4290.0,4205.0,4255.0,12439,0.0,0.0
2024-06-21 09:00:00+09:00,4270.0,4320.0,4190.0,4250.0,11781,0.0,0.0
2024-06-21 10:00:00+09:00,4250.0,4270.0,4250.0,4255.0,440,0.0,0.0
2024-06-21 11:00:00+09:00,4250.0,4250.0,4210.0,4220.0,6087,0.0,0.0
2024-06-21 12:00:00+09:00,4220.0,4225.0,4195.0,4195.0,2925,0.0,0.0
2024-06-21 13:00:00+09:00,4195.0,4210.0,4185.0,4195.0,1710,0.0,0.0
2024-06-21 14:00:00+09:00,4200.0,4215.0,4170.0,4175.0,4904,0.0,0.0
2024-06-24 09:00:00+09:00,4175.0,4195.0,3970.0,4195.0,0,0.0,0.0
2024-06-24 10:00:00+09:00,4195.0,4245.0,4175.0,4185.0,4465,0.0,0.0
2024-06-24 11:00:00+09:00,4190.0,4255.0,4180.0,4220.0,7640,0.0,0.0
2024-06-24 12:00:00+09:00,4220.0,4240.0,4175.0,4235.0,5154,0.0,0.0
2024-06-24 13:00:00+09:00,4235.0,4390.0,4235.0,4345.0,11385,0.0,0.0
2024-06-24 14:00:00+09:00,4345.0,4395.0,4310.0,4395.0,21341,0.0,0.0
2024-06-25 09:00:00+09:00,4395.0,4565.0,4395.0,4515.0,19359,0.0,0.0
2024-06-25 10:00:00+09:00,4515.0,4520.0,4450.0,4450.0,7326,0.0,0.0
2024-06-25 11:00:00+09:00,4455.0,4470.0,4415.0,4450.0,9414,0.0,0.0
2024-06-25 12:00:00+09:00,4450.0,4495.0,4450.0,4495.0,708,0.0,0.0
2024-06-25 13:00:00+09:00,4465.0,4490.0,4435.0,4490.0,964,0.0,0.0
2024-06-25 14:00:00+09:00,4490.0,4490.0,4415.0,4475.0,4972,0.0,0.0
2024-06-26 09:00:00+09:00,4490.0,4515.0,4345.0,4440.0,8147,0.0,0.0
2024-06-26 10:00:00+09:00,4440.0,4490.0,4375.0,4430.0,8009,0.0,0.0
2024-06-26 11:00:00+09:00,4410.0,4430.0,4390.0,4430.0,3290,0.0,0.0
2024-06-26 12:00:00+09:00,4395.0,4430.0,4390.0,4430.0,1459,0.0,0.0
2024-06-26 13:00:00+09:00,4430.0,4445.0,4425.0,4435.0,745,0.0,0.0
2024-06-26 14:00:00+09:00,4435.0,4445.0,4400.0,4440.0,2341,0.0,0.0
2024-06-27 09:00:00+09:00,4445.0,4445.0,4385.0,4395.0,4936,0.0,0.0
2024-06-27 10:00:00+09:00,4400.0,4440.0,4400.0,4440.0,1812,0.0,0.0
2024-06-27 11:00:00+09:00,4420.0,4445.0,4420.0,4425.0,1130,0.0,0.0
2024-06-27 12:00:00+09:00,4420.0,4445.0,4410.0,4445.0,679,0.0,0.0
2024-06-27 13:00:00+09:00,4445.0,4500.0,4440.0,4480.0,2970,0.0,0.0
2024-06-27 14:00:00+09:00,4465.0,4465.0,4425.0,4445.0,1468,0.0,0.0
2024-06-28 09:00:00+09:00,4475.0,4520.0,4445.0,4480.0,9997,0.0,0.0
2024-06-28 10:00:00+09:00,4520.0,4525.0,4490.0,4520.0,1325,0.0,0.0
2024-06-28 11:00:00+09:00,4505.0,4530.0,4500.0,4525.0,4379,0.0,0.0
2024-06-28 12:00:00+09:00,4525.0,4545.0,4500.0,4530.0,2254,0.0,0.0
2024-06-28 13:00:00+09:00,4520.0,4535.0,4505.0,4505.0,2054,0.0,0.0
2024-06-28 14:00:00+09:00,4530.0,4545.0,4510.0,4535.0,8010,0.0,0.0
2024-07-01 09:00:00+09:00,4530.0,4540.0,4410.0,4475.0,0,0.0,0.0
2024-07-01 10:00:00+09:00,4455.0,4490.0,4375.0,4400.0,16858,0.0,0.0
2024-07-01 11:00:00+09:00,4400.0,4465.0,4400.0,4420.0,2332,0.0,0.0
2024-07-01 12:00:00+09:00,4415.0,4415.0,4405.0,4405.0,582,0.0,0.0
2024-07-01 13:00:00+09:00,4415.0,4425.0,4400.0,4400.0,1867,0.0,0.0
2024-07-01 14:00:00+09:00,4400.0,4445.0,4370.0,4375.0,9001,0.0,0.0
2024-07-02 09:00:00+09:00,4360.0,4510.0,4295.0,4345.0,28435,0.0,0.0
2024-07-02 10:00:00+09:00,4345.0,4345.0,4235.0,4285.0,19725,0.0,0.0
2024-07-02 11:00:00+09:00,4285.0,4310.0,4255.0,4255.0,9522,0.0,0.0
2024-07-02 12:00:00+09:00,4270.0,4270.0,4185.0,4215.0,11004,0.0,0.0
2024-07-02 13:00:00+09:00,4220.0,4220.0,4130.0,4170.0,8338,0.0,0.0
2024-07-02 14:00:00+09:00,4170.0,4230.0,4170.0,4230.0,1892,0.0,0.0
2024-07-03 09:00:00+09:00,4205.0,4400.0,4205.0,4275.0,3707,0.0,0.0
2024-07-03 10:00:00+09:00,4255.0,4255.0,4000.0,4180.0,15115,0.0,0.0
2024-07-03 11:00:00+09:00,4170.0,4170.0,4085.0,4110.0,1600,0.0,0.0
2024-07-03 12:00:00+09:00,4115.0,4140.0,4085.0,4115.0,2293,0.0,0.0
2024-07-03 13:00:00+09:00,4120.0,4135.0,4085.0,4110.0,8075,0.0,0.0
2024-07-03 14:00:00+09:00,4110.0,4305.0,4100.0,4265.0,7891,0.0,0.0
2024-07-04 09:00:00+09:00,4090.0,4195.0,4090.0,4165.0,2302,0.0,0.0
2024-07-04 10:00:00+09:00,4200.0,4215.0,4070.0,4070.0,8114,0.0,0.0
2024-07-04 11:00:00+09:00,4100.0,4145.0,4075.0,4075.0,1958,0.0,0.0
2024-07-04 12:00:00+09:00,4105.0,4105.0,4090.0,4105.0,1373,0.0,0.0
2024-07-04 13:00:00+09:00,4090.0,4205.0,4085.0,4205.0,4491,0.0,0.0
2024-07-04 14:00:00+09:00,4190.0,4190.0,4135.0,4155.0,0,0.0,0.0
2024-07-05 09:00:00+09:00,4160.0,4160.0,4020.0,4065.0,9201,0.0,0.0
2024-07-05 10:00:00+09:00,4065.0,4095.0,4015.0,4025.0,4488,0.0,0.0
2024-07-05 11:00:00+09:00,4025.0,4060.0,4015.0,4045.0,3422,0.0,0.0
2024-07-05 12:00:00+09:00,4045.0,4180.0,4020.0,4180.0,3760,0.0,0.0
2024-07-05 13:00:00+09:00,4175.0,4175.0,4070.0,4105.0,3929,0.0,0.0
2024-07-05 14:00:00+09:00,4085.0,4160.0,4085.0,4120.0,1161,0.0,0.0
2024-07-08 09:00:00+09:00,4195.0,4210.0,4110.0,4210.0,0,0.0,0.0
2024-07-08 10:00:00+09:00,4210.0,4305.0,4135.0,4280.0,20919,0.0,0.0
2024-07-08 11:00:00+09:00,4275.0,4280.0,4170.0,4200.0,3243,0.0,0.0
2024-07-08 12:00:00+09:00,4200.0,4230.0,4200.0,4230.0,339,0.0,0.0
2024-07-08 13:00:00+09:00,4270.0,4275.0,4200.0,4200.0,4820,0.0,0.0
2024-07-08 14:00:00+09:00,4195.0,4210.0,4185.0,4205.0,633,0.0,0.0
2024-07-09 09:00:00+09:00,4235.0,4235.0,4190.0,4195.0,1732,0.0,0.0
2024-07-09 10:00:00+09:00,4220.0,4220.0,4045.0,4115.0,10138,0.0,0.0
2024-07-09 11:00:00+09:00,4095.0,4110.0,4085.0,4110.0,1500,0.0,0.0
2024-07-09 12:00:00+09:00,4085.0,4105.0,4080.0,4105.0,4592,0.0,0.0
2024-07-09 13:00:00+09:00,4105.0,4105.0,4095.0,4100.0,2220,0.0,0.0
2024-07-09 14:00:00+09:00,4090.0,4105.0,4060.0,4105.0,5304,0.0,0.0
2024-07-10 09:00:00+09:00,4140.0,4140.0,4095.0,4095.0,2661,0.0,0.0
2024-07-10 10:00:00+09:00,4125.0,4125.0,4080.0,4090.0,2206,0.0,0.0
2024-07-10 11:00:00+09:00,4095.0,4130.0,4085.0,4130.0,703,0.0,0.0
2024-07-10 12:00:00+09:00,4120.0,4140.0,4110.0,4140.0,1930,0.0,0.0
2024-07-10 13:00:00+09:00,4120.0,4140.0,4120.0,4140.0,1850,0.0,0.0
2024-07-10 14:00:00+09:00,4130.0,4165.0,4115.0,4165.0,3823,0.0,0.0
2024-07-11 09:00:00+09:00,4150.0,4150.0,4105.0,4105.0,3050,0.0,0.0
2024-07-11 10:00:00+09:00,4105.0,4115.0,4090.0,4115.0,109,0.0,0.0
2024-07-11 11:00:00+09:00,4090.0,4115.0,4090.0,4115.0,18,0.0,0.0
2024-07-11 12:00:00+09:00,4115.0,4115.0,4115.0,4115.0,2038,0.0,0.0
2024-07-11 13:00:00+09:00,4110.0,4115.0,4065.0,4075.0,8928,0.0,0.0
2024-07-11 14:00:00+09:00,4075.0,4085.0,4065.0,4070.0,1883,0.0,0.0
2024-07-12 09:00:00+09:00,4075.0,4105.0,4025.0,4075.0,5219,0.0,0.0
2024-07-12 10:00:00+09:00,4075.0,4110.0,4075.0,4110.0,1969,0.0,0.0
2024-07-12 11:00:00+09:00,4110.0,4115.0,4085.0,4110.0,2316,0.0,0.0
2024-07-12 12:00:00+09:00,4110.0,4110.0,4095.0,4100.0,2108,0.0,0.0
2024-07-12 13:00:00+09:00,4100.0,4130.0,4070.0,4070.0,2532,0.0,0.0
2024-07-12 14:00:00+09:00,4065.0,4095.0,4065.0,4095.0,1697,0.0,0.0
2024-07-15 09:00:00+09:00,4120.0,4125.0,4090.0,4095.0,0,0.0,0.0
2024-07-15 10:00:00+09:00,4100.0,4195.0,4100.0,4195.0,3446,0.0,0.0
2024-07-15 11:00:00+09:00,4200.0,4230.0,4185.0,4220.0,3067,0.0,0.0
2024-07-15 12:00:00+09:00,4235.0,4255.0,4230.0,4250.0,1432,0.0,0.0
2024-07-15 13:00:00+09:00,4250.0,4290.0,4245.0,4290.0,8109,0.0,0.0
2024-07-15 14:00:00+09:00,4290.0,4350.0,4290.0,4335.0,8560,0.0,0.0
2024-07-16 09:00:00+09:00,4265.0,4355.0,4265.0,4305.0,7584,0.0,0.0
2024-07-16 10:00:00+09:00,4305.0,4400.0,4290.0,4395.0,11365,0.0,0.0
2024-07-16 11:00:00+09:00,4395.0,4405.0,4320.0,4320.0,2985,0.0,0.0
2024-07-16 12:00:00+09:00,4320.0,4430.0,4320.0,4415.0,8278,0.0,0.0
2024-07-16 13:00:00+09:00,4415.0,4430.0,4400.0,4430.0,4479,0.0,0.0
2024-07-16 14:00:00+09:00,4430.0,4430.0,4420.0,4425.0,4879,0.0,0.0
2024-07-17 09:00:00+09:00,4425.0,4845.0,4425.0,4675.0,137041,0.0,0.0
2024-07-17 10:00:00+09:00,4675.0,4750.0,4520.0,4625.0,37807,0.0,0.0
2024-07-17 11:00:00+09:00,4625.0,4625.0,4500.0,4540.0,12795,0.0,0.0
2024-07-17 12:00:00+09:00,4525.0,4535.0,4480.0,4490.0,7493,0.0,0.0
2024-07-17 13:00:00+09:00,4490.0,4510.0,4330.0,4340.0,9783,0.0,0.0
2024-07-17 14:00:00+09:00,4340.0,4360.0,4250.0,4335.0,30058,0.0,0.0
2024-07-18 09:00:00+09:00,4400.0,4470.0,4295.0,4405.0,21062,0.0,0.0
2024-07-18 10:00:00+09:00,4380.0,4445.0,4375.0,4445.0,6682,0.0,0.0
2024-07-18 11:00:00+09:00,4455.0,4460.0,4390.0,4460.0,8527,0.0,0.0
2024-07-18 12:00:00+09:00,4460.0,4560.0,4430.0,4445.0,15282,0.0,0.0
2024-07-18 13:00:00+09:00,4445.0,4600.0,4435.0,4520.0,42382,0.0,0.0
2024-07-18 14:00:00+09:00,4525.0,4640.0,4485.0,4580.0,54170,0.0,0.0
2024-07-19 09:00:00+09:00,4470.0,4585.0,4415.0,4460.0,7555,0.0,0.0
2024-07-19 10:00:00+09:00,4435.0,4470.0,4410.0,4420.0,6840,0.0,0.0
2024-07-19 11:00:00+09:00,4420.0,4420.0,4320.0,4320.0,7323,0.0,0.0
2024-07-19 12:00:00+09:00,4320.0,4320.0,4290.0,4300.0,4908,0.0,0.0
2024-07-19 13:00:00+09:00,4300.0,4320.0,4280.0,4320.0,8875,0.0,0.0
2024-07-19 14:00:00+09:00,4315.0,4335.0,4305.0,4310.0,8338,0.0,0.0
2024-07-22 09:00:00+09:00,4355.0,4355.0,4175.0,4180.0,0,0.0,0.0
2024-07-22 10:00:00+09:00,4180.0,4205.0,4180.0,4190.0,2064,0.0,0.0
2024-07-22 11:00:00+09:00,4180.0,4180.0,4135.0,4135.0,8132,0.0,0.0
2024-07-22 12:00:00+09:00,4135.0,4180.0,4135.0,4180.0,2567,0.0,0.0
2024-07-22 13:00:00+09:00,4180.0,4220.0,4180.0,4220.0,4020,0.0,0.0
2024-07-22 14:00:00+09:00,4215.0,4295.0,4175.0,4285.0,10288,0.0,0.0
2024-07-23 09:00:00+09:00,4230.0,4395.0,4230.0,4340.0,8871,0.0,0.0
2024-07-23 10:00:00+09:00,4325.0,4355.0,4325.0,4325.0,1077,0.0,0.0
2024-07-23 11:00:00+09:00,4335.0,4360.0,4330.0,4360.0,3151,0.0,0.0
2024-07-23 12:00:00+09:00,4360.0,4460.0,4335.0,4400.0,23928,0.0,0.0
2024-07-23 13:00:00+09:00,4395.0,4400.0,4370.0,4400.0,2481,0.0,0.0
2024-07-23 14:00:00+09:00,4395.0,4420.0,4385.0,4410.0,2783,0.0,0.0
2024-07-24 09:00:00+09:00,4415.0,4415.0,4100.0,4340.0,10927,0.0,0.0
2024-07-24 10:00:00+09:00,4350.0,4350.0,4285.0,4290.0,6765,0.0,0.0
2024-07-24 11:00:00+09:00,4285.0,4320.0,4280.0,4290.0,3747,0.0,0.0
2024-07-24 12:00:00+09:00,4290.0,4390.0,4290.0,4355.0,2095,0.0,0.0
2024-07-24 13:00:00+09:00,4345.0,4395.0,4335.0,4395.0,265,0.0,0.0
2024-07-24 14:00:00+09:00,4340.0,4370.0,4330.0,4330.0,229,0.0,0.0
2024-07-25 09:00:00+09:00,4250.0,4310.0,4135.0,4165.0,19573,0.0,0.0
2024-07-25 10:00:00+09:00,4180.0,4230.0,4180.0,4230.0,5759,0.0,0.0
2024-07-25 11:00:00+09:00,4180.0,4210.0,4160.0,4190.0,5756,0.0,0.0
2024-07-25 12:00:00+09:00,4190.0,4205.0,4165.0,4190.0,2960,0.0,0.0
2024-07-25 13:00:00+09:00,4195.0,4235.0,4180.0,4220.0,3646,0.0,0.0
2024-07-25 14:00:00+09:00,4215.0,4235.0,4195.0,4205.0,2844,0.0,0.0
2024-07-26 09:00:00+09:00,4175.0,4435.0,4175.0,4355.0,18651,0.0,0.0
2024-07-26 10:00:00+09:00,4330.0,4400.0,4330.0,4400.0,17663,0.0,0.0
2024-07-26 11:00:00+09:00,4400.0,4430.0,4390.0,4390.0,6362,0.0,0.0
2024-07-26 12:00:00+09:00,4410.0,4430.0,4400.0,4415.0,3040,0.0,0.0
2024-07-26 13:00:00+09:00,4415.0,4415.0,4360.0,4375.0,2178,0.0,0.0
2024-07-26 14:00:00+09:00,4370.0,4400.0,4370.0,4400.0,996,0.0,0.0
2024-07-29 09:00:00+09:00,4430.0,4585.0,4405.0,4550.0,0,0.0,0.0
2024-07-29 10:00:00+09:00,4560.0,4565.0,4490.0,4490.0,10936,0.0,0.0
2024-07-29 11:00:00+09:00,4485.0,4520.0,4480.0,4480.0,857,0.0,0.0
2024-07-29 12:00:00+09:00,4475.0,4510.0,4455.0,4500.0,2139,0.0,0.0
2024-07-29 13:00:00+09:00,4520.0,4520.0,4500.0,4505.0,1000,0.0,0.0
2024-07-29 14:00:00+09:00,4505.0,4525.0,4500.0,4515.0,1182,0.0,0.0
2024-07-30 09:00:00+09:00,4530.0,4530.0,4400.0,4400.0,9805,0.0,0.0
2024-07-30 10:00:00+09:00,4400.0,4485.0,4390.0,4390.0,1854,0.0,0.0
2024-07-30 11:00:00+09:00,4390.0,4390.0,4350.0,4385.0,727,0.0,0.0
2024-07-30 12:00:00+09:00,4380.0,4390.0,4360.0,4365.0,1795,0.0,0.0
2024-07-30 13:00:00+09:00,4365.0,4475.0,4365.0,4420.0,1341,0.0,0.0
2024-07-30 14:00:00+09:00,4405.0,4430.0,4400.0,4415.0,575,0.0,0.0
2024-07-31 09:00:00+09:00,4335.0,4435.0,4335.0,4420.0,2424,0.0,0.0
2024-07-31 10:00:00+09:00,4425.0,4550.0,4425.0,4450.0,2445,0.0,0.0
2024-07-31 11:00:00+09:00,4485.0,4485.0,4455.0,4470.0,364,0.0,0.0
2024-07-31 12:00:00+09:00,4470.0,4485.0,4470.0,4485.0,1116,0.0,0.0
2024-07-31 13:00:00+09:00,4490.0,4515.0,4445.0,4445.0,8534,0.0,0.0
2024-07-31 14:00:00+09:00,4440.0,4475.0,4435.0,4475.0,1854,0.0,0.0
2024-08-01 09:00:00+09:00,4400.0,4475.0,4385.0,4465.0,6181,0.0,0.0
2024-08-01 10:00:00+09:00,4465.0,4505.0,4430.0,4445.0,5743,0.0,0.0
2024-08-01 11:00:00+09:00,4445.0,4495.0,4435.0,4460.0,973,0.0,0.0
2024-08-01 12:00:00+09:00,4435.0,4445.0,4435.0,4445.0,63,0.0,0.0
2024-08-01 13:00:00+09:00,4435.0,4465.0,4430.0,4465.0,1586,0.0,0.0
2024-08-01 14:00:00+09:00,4460.0,4460.0,4440.0,4450.0,21,0.0,0.0
2024-08-02 09:00:00+09:00,4415.0,4415.0,4245.0,4285.0,19042,0.0,0.0
2024-08-02 10:00:00+09:00,4265.0,4285.0,4265.0,4275.0,952,0.0,0.0
2024-08-02 11:00:00+09:00,4270.0,4275.0,4225.0,4240.0,8265,0.0,0.0
2024-08-02 12:00:00+09:00,4235.0,4245.0,4225.0,4230.0,3783,0.0,0.0
2024-08-02 13:00:00+09:00,4225.0,4250.0,4195.0,4250.0,16674,0.0,0.0
2024-08-02 14:00:00+09:00,4250.0,4250.0,4215.0,4240.0,1107,0.0,0.0
2024-08-05 09:00:00+09:00,4060.0,4175.0,3900.0,3975.0,0,0.0,0.0
2024-08-05 10:00:00+09:00,3985.0,4025.0,3910.0,3975.0,9641,0.0,0.0
2024-08-05 11:00:00+09:00,3945.0,3970.0,3915.0,3915.0,8660,0.0,0.0
2024-08-05 12:00:00+09:00,3910.0,3910.0,3875.0,3875.0,12430,0.0,0.0
2024-08-05 13:00:00+09:00,3870.0,3905.0,3840.0,3840.0,5759,0.0,0.0
2024-08-05 14:00:00+09:00,3840.0,3890.0,3665.0,3750.0,13711,0.0,0.0
2024-08-06 09:00:00+09:00,3780.0,4100.0,3780.0,3995.0,14736,0.0,0.0
2024-08-06 10:00:00+09:00,3995.0,4040.0,3930.0,3940.0,9930,0.0,0.0
2024-08-06 11:00:00+09:00,3950.0,3950.0,3930.0,3950.0,2659,0.0,0.0
2024-08-06 12:00:00+09:00,3950.0,4015.0,3950.0,4015.0,1848,0.0,0.0
2024-08-06 13:00:00+09:00,4015.0,4065.0,4015.0,4050.0,1658,0.0,0.0
2024-08-06 14:00:00+09:00,4015.0,4015.0,3980.0,3980.0,1924,0.0,0.0
2024-08-07 09:00:00+09:00,4020.0,4130.0,3975.0,4065.0,17112,0.0,0.0
2024-08-07 10:00:00+09:00,4065.0,4085.0,4025.0,4085.0,3638,0.0,0.0
2024-08-07 11:00:00+09:00,4085.0,4115.0,4085.0,4110.0,82,0.0,0.0
2024-08-07 12:00:00+09:00,4110.0,4110.0,4055.0,4055.0,3163,0.0,0.0
2024-08-07 13:00:00+09:00,4075.0,4095.0,4060.0,4090.0,0,0.0,0.0
2024-08-07 14:00:00+09:00,4085.0,4105.0,4085.0,4085.0,1789,0.0,0.0
2024-08-08 09:00:00+09:00,4060.0,4095.0,4000.0,4095.0,2317,0.0,0.0
2024-08-08 10:00:00+09:00,4095.0,4105.0,4060.0,4085.0,2907,0.0,0.0
2024-08-08 11:00:00+09:00,4110.0,4120.0,4080.0,4095.0,1543,0.0,0.0
2024-08-08 12:00:00+09:00,4125.0,4140.0,4125.0,4135.0,602,0.0,0.0
2024-08-08 13:00:00+09:00,4135.0,4135.0,4105.0,4130.0,2668,0.0,0.0
2024-08-08 14:00:00+09:00,4135.0,4150.0,4105.0,4105.0,4045,0.0,0.0
2024-08-09 09:00:00+09:00,4090.0,4245.0,4090.0,4220.0,8487,0.0,0.0
2024-08-09 10:00:00+09:00,4220.0,4225.0,4190.0,4190.0,1274,0.0,0.0
2024-08-09 11:00:00+09:00,4185.0,4210.0,4150.0,4205.0,535,0.0,0.0
2024-08-09 12:00:00+09:00,4165.0,4255.0,4165.0,4255.0,1511,0.0,0.0
2024-08-09 13:00:00+09:00,4255.0,4255.0,4180.0,4180.0,529,0.0,0.0
2024-08-09 14:00:00+09:00,4180.0,4245.0,4150.0,4225.0,957,0.0,0.0
2024-08-12 09:00:00+09:00,4370.0,4370.0,4150.0,4180.0,0,0.0,0.0
2024-08-12 10:00:00+09:00,4150.0,4185.0,4075.0,4075.0,8387,0.0,0.0
2024-08-12 11:00:00+09:00,4125.0,4175.0,4125.0,4175.0,917,0.0,0.0
2024-08-12 12:00:00+09:00,4170.0,4185.0,4165.0,4165.0,2838,0.0,0.0
2024-08-12 13:00:00+09:00,4160.0,4160.0,4125.0,4125.0,899,0.0,0.0
2024-08-12 14:00:00+09:00,4145.0,4175.0,4125.0,4130.0,1321,0.0,0.0
2024-08-13 09:00:00+09:00,4445.0,4445.0,4215.0,4220.0,9826,0.0,0.0
2024-08-13 10:00:00+09:00,4260.0,4260.0,4210.0,4255.0,4688,0.0,0.0
2024-08-13 11:00:00+09:00,4255.0,4265.0,4215.0,4225.0,1743,0.0,0.0
2024-08-13 12:00:00+09:00,4250.0,4310.0,4250.0,4280.0,10001,0.0,0.0
2024-08-13 13:00:00+09:00,4275.0,4280.0,4260.0,4260.0,68,0.0,0.0
2024-08-13 14:00:00+09:00,4280.0,4305.0,4210.0,4240.0,9801,0.0,0.0
2024-08-14 09:00:00+09:00,4270.0,4330.0,4245.0,4275.0,2972,0.0,0.0
2024-08-14 10:00:00+09:00,4275.0,4275.0,4200.0,4210.0,6875,0.0,0.0
2024-08-14 11:00:00+09:00,4200.0,4200.0,4145.0,4150.0,3108,0.0,0.0
2024-08-14 12:00:00+09:00,4150.0,4150.0,4120.0,4140.0,1951,0.0,0.0
2024-08-14 13:00:00+09:00,4140.0,4145.0,4100.0,4105.0,3521,0.0,0.0
2024-08-14 14:00:00+09:00,4105.0,4200.0,4105.0,4200.0,5845,0.0,0.0
2024-08-16 09:00:00+09:00,4140.0,4170.0,3835.0,3965.0,19984,0.0,0.0
2024-08-16 10:00:00+09:00,3965.0,4050.0,3965.0,4040.0,20388,0.0,0.0
2024-08-16 11:00:00+09:00,4035.0,4045.0,4000.0,4025.0,1024,0.0,0.0
2024-08-16 12:00:00+09:00,4025.0,4025.0,4010.0,4020.0,2345,0.0,0.0
2024-08-16 13:00:00+09:00,4010.0,4045.0,4010.0,4045.0,3297,0.0,0.0
2024-08-16 14:00:00+09:00,4035.0,4035.0,3995.0,4015.0,2589,0.0,0.0
