Datetime,Open,High,Low,Close,Volume,Dividends,Stock Splits
2022-10-13 09:30:00-04:00,48.83000183105469,49.189998626708984,48.349998474121094,48.84000015258789,147312,0.0,0.0
2022-10-13 10:30:00-04:00,48.83000183105469,50.150001525878906,48.82500076293945,49.959999084472656,169869,0.0,0.0
2022-10-13 11:30:00-04:00,50.0099983215332,50.4900016784668,49.90999984741211,50.119998931884766,148973,0.0,0.0
2022-10-13 12:30:00-04:00,50.11000061035156,50.627899169921875,50.11000061035156,50.58000183105469,89096,0.0,0.0
2022-10-13 13:30:00-04:00,50.599998474121094,50.7400016784668,50.439998626708984,50.45000076293945,96769,0.0,0.0
2022-10-13 14:30:00-04:00,50.459999084472656,50.875,50.459999084472656,50.709999084472656,150410,0.0,0.0
2022-10-13 15:30:00-04:00,50.685001373291016,50.709999084472656,50.45000076293945,50.5,273980,0.0,0.0
2022-10-14 09:30:00-04:00,51.02000045776367,51.310001373291016,50.06999969482422,50.25,189260,0.0,0.0
2022-10-14 10:30:00-04:00,50.2400016784668,50.40999984741211,50.02000045776367,50.38999938964844,110491,0.0,0.0
2022-10-14 11:30:00-04:00,50.380001068115234,50.380001068115234,49.86000061035156,50.0099983215332,168250,0.0,0.0
2022-10-14 12:30:00-04:00,50.025001525878906,50.150001525878906,49.86750030517578,49.95000076293945,125323,0.0,0.0
2022-10-14 13:30:00-04:00,49.95000076293945,50.02000045776367,49.68000030517578,49.7400016784668,100863,0.0,0.0
2022-10-14 14:30:00-04:00,49.72999954223633,49.88999938964844,49.65999984741211,49.86000061035156,157711,0.0,0.0
2022-10-14 15:30:00-04:00,49.86000061035156,50.0099983215332,49.4900016784668,49.61000061035156,308442,0.0,0.0
2022-10-17 09:30:00-04:00,50.52000045776367,50.709999084472656,50.15999984741211,50.25,160486,0.0,0.0
2022-10-17 10:30:00-04:00,50.2599983215332,50.279998779296875,49.9900016784668,50.2400016784668,141840,0.0,0.0
2022-10-17 11:30:00-04:00,50.22999954223633,50.720001220703125,50.19499969482422,50.70500183105469,104047,0.0,0.0
2022-10-17 12:30:00-04:00,50.70500183105469,50.82749938964844,50.56999969482422,50.709999084472656,123576,0.0,0.0
2022-10-17 13:30:00-04:00,50.720001220703125,50.7599983215332,50.345001220703125,50.38999938964844,123285,0.0,0.0
2022-10-17 14:30:00-04:00,50.400001525878906,50.65999984741211,50.33000183105469,50.650001525878906,125452,0.0,0.0
2022-10-17 15:30:00-04:00,50.64500045776367,50.727500915527344,50.540000915527344,50.59000015258789,225950,0.0,0.0
2022-10-18 09:30:00-04:00,51.63999938964844,51.970001220703125,50.880001068115234,50.970001220703125,238555,0.0,0.0
2022-10-18 10:30:00-04:00,50.970001220703125,51.2400016784668,50.779998779296875,50.869998931884766,124123,0.0,0.0
2022-10-18 11:30:00-04:00,50.880001068115234,50.95000076293945,50.709999084472656,50.84000015258789,133898,0.0,0.0
2022-10-18 12:30:00-04:00,50.84000015258789,51.415000915527344,50.81999969482422,51.415000915527344,95450,0.0,0.0
2022-10-18 13:30:00-04:00,51.40999984741211,51.58000183105469,51.400001525878906,51.540000915527344,85855,0.0,0.0
2022-10-18 14:30:00-04:00,51.529998779296875,51.53499984741211,51.09000015258789,51.29999923706055,130330,0.0,0.0
2022-10-18 15:30:00-04:00,51.29499816894531,51.540000915527344,51.279998779296875,51.43000030517578,178985,0.0,0.0
2022-10-19 09:30:00-04:00,51.040000915527344,51.31999969482422,50.720001220703125,51.06999969482422,98990,0.0,0.0
2022-10-19 10:30:00-04:00,51.060001373291016,51.119998931884766,50.755001068115234,50.9900016784668,101865,0.0,0.0
2022-10-19 11:30:00-04:00,50.994998931884766,51.119998931884766,50.7400016784668,50.779998779296875,60955,0.0,0.0
2022-10-19 12:30:00-04:00,50.77000045776367,50.86000061035156,50.45000076293945,50.619998931884766,77320,0.0,0.0
2022-10-19 13:30:00-04:00,50.61000061035156,50.915000915527344,50.529998779296875,50.875,84709,0.0,0.0
2022-10-19 14:30:00-04:00,50.86000061035156,51.04999923706055,50.790000915527344,50.90999984741211,124198,0.0,0.0
2022-10-19 15:30:00-04:00,50.91999816894531,51.18000030517578,50.869998931884766,51.15999984741211,205771,0.0,0.0
2022-10-20 09:30:00-04:00,51.27000045776367,51.459999084472656,50.869998931884766,51.04999923706055,127311,0.0,0.0
2022-10-20 10:30:00-04:00,51.06999969482422,51.119998931884766,50.41999816894531,50.45000076293945,103008,0.0,0.0
2022-10-20 11:30:00-04:00,50.45000076293945,50.709999084472656,50.0,50.08000183105469,124662,0.0,0.0
2022-10-20 12:30:00-04:00,50.07500076293945,50.15999984741211,49.88999938964844,49.974998474121094,177342,0.0,0.0
2022-10-20 13:30:00-04:00,49.939998626708984,50.04499816894531,49.720001220703125,49.84000015258789,143261,0.0,0.0
2022-10-20 14:30:00-04:00,49.81999969482422,50.15999984741211,49.779998779296875,49.880001068115234,162750,0.0,0.0
2022-10-20 15:30:00-04:00,49.880001068115234,50.220001220703125,49.84000015258789,50.06999969482422,259046,0.0,0.0
2022-10-21 09:30:00-04:00,50.150001525878906,51.0099983215332,50.0099983215332,50.279998779296875,209904,0.0,0.0
2022-10-21 10:30:00-04:00,50.279998779296875,50.5099983215332,50.060001373291016,50.20000076293945,180358,0.0,0.0
2022-10-21 11:30:00-04:00,50.220001220703125,50.540000915527344,50.209999084472656,50.310001373291016,146712,0.0,0.0
2022-10-21 12:30:00-04:00,50.33000183105469,50.86000061035156,50.31999969482422,50.790000915527344,80216,0.0,0.0
2022-10-21 13:30:00-04:00,50.79999923706055,51.060001373291016,50.7599983215332,51.02000045776367,71537,0.0,0.0
2022-10-21 14:30:00-04:00,51.02000045776367,51.39500045776367,50.959999084472656,51.3650016784668,97052,0.0,0.0
2022-10-21 15:30:00-04:00,51.36000061035156,51.540000915527344,51.320098876953125,51.47999954223633,196190,0.0,0.0
2022-10-24 09:30:00-04:00,51.790000915527344,52.65999984741211,51.70000076293945,52.130001068115234,168965,0.0,0.0
2022-10-24 10:30:00-04:00,52.1349983215332,52.54499816894531,51.970001220703125,52.45000076293945,142356,0.0,0.0
2022-10-24 11:30:00-04:00,52.41999816894531,52.66999816894531,52.38999938964844,52.54159927368164,98377,0.0,0.0
2022-10-24 12:30:00-04:00,52.560001373291016,52.72999954223633,52.529998779296875,52.599998474121094,98545,0.0,0.0
2022-10-24 13:30:00-04:00,52.599998474121094,52.720001220703125,52.52000045776367,52.70500183105469,130117,0.0,0.0
2022-10-24 14:30:00-04:00,52.70000076293945,52.974998474121094,52.68000030517578,52.79999923706055,132104,0.0,0.0
2022-10-24 15:30:00-04:00,52.80500030517578,52.869998931884766,52.60100173950195,52.75,247006,0.0,0.0
2022-10-25 09:30:00-04:00,52.560001373291016,53.13999938964844,52.560001373291016,52.970001220703125,249382,0.0,0.0
2022-10-25 10:30:00-04:00,52.970001220703125,53.22999954223633,52.84000015258789,53.13999938964844,144159,0.0,0.0
2022-10-25 11:30:00-04:00,53.13999938964844,53.375,53.119998931884766,53.20000076293945,132204,0.0,0.0
2022-10-25 12:30:00-04:00,53.209999084472656,53.34000015258789,53.04999923706055,53.11000061035156,136703,0.0,0.0
2022-10-25 13:30:00-04:00,53.11000061035156,53.45000076293945,53.04999923706055,53.42499923706055,199907,0.0,0.0
2022-10-25 14:30:00-04:00,53.42499923706055,53.77000045776367,53.42499923706055,53.77000045776367,175132,0.0,0.0
2022-10-25 15:30:00-04:00,53.790000915527344,54.02000045776367,53.775001525878906,53.90999984741211,401713,0.0,0.0
2022-10-26 09:30:00-04:00,54.099998474121094,54.54999923706055,53.63999938964844,53.720001220703125,247652,0.0,0.0
2022-10-26 10:30:00-04:00,53.869998931884766,54.0,53.564998626708984,53.95000076293945,183599,0.0,0.0
2022-10-26 11:30:00-04:00,53.95000076293945,54.209999084472656,53.95000076293945,54.103599548339844,174299,0.0,0.0
2022-10-26 12:30:00-04:00,54.10499954223633,54.25,53.2942008972168,53.34000015258789,245177,0.0,0.0
2022-10-26 13:30:00-04:00,53.349998474121094,53.625,53.31999969482422,53.34000015258789,166318,0.0,0.0
2022-10-26 14:30:00-04:00,53.345001220703125,53.40999984741211,53.08000183105469,53.189998626708984,204785,0.0,0.0
2022-10-26 15:30:00-04:00,53.19499969482422,53.439998626708984,53.14500045776367,53.43000030517578,373779,0.0,0.0
2022-10-27 09:30:00-04:00,54.150001525878906,55.970001220703125,53.619998931884766,55.290000915527344,441147,0.0,0.0
2022-10-27 10:30:00-04:00,55.279998779296875,55.41999816894531,55.04999923706055,55.345001220703125,184384,0.0,0.0
2022-10-27 11:30:00-04:00,55.345001220703125,55.44499969482422,55.0,55.29999923706055,155384,0.0,0.0
2022-10-27 12:30:00-04:00,55.27000045776367,55.7599983215332,55.150001525878906,55.665000915527344,182117,0.0,0.0
2022-10-27 13:30:00-04:00,55.66999816894531,55.689998626708984,55.02000045776367,55.060001373291016,183571,0.0,0.0
2022-10-27 14:30:00-04:00,55.060001373291016,55.45000076293945,55.060001373291016,55.2400016784668,176459,0.0,0.0
2022-10-27 15:30:00-04:00,55.2400016784668,55.40999984741211,54.84000015258789,54.91999816894531,393061,0.0,0.0
2022-10-28 09:30:00-04:00,54.779998779296875,55.310001373291016,54.34000015258789,55.119998931884766,181754,0.0,0.0
2022-10-28 10:30:00-04:00,55.13999938964844,55.20000076293945,54.7400016784668,54.91859817504883,90181,0.0,0.0
2022-10-28 11:30:00-04:00,54.915000915527344,55.25,54.869998931884766,55.220001220703125,60332,0.0,0.0
2022-10-28 12:30:00-04:00,55.209999084472656,55.31999969482422,55.0099983215332,55.189998626708984,66315,0.0,0.0
2022-10-28 13:30:00-04:00,55.18000030517578,55.380001068115234,55.18000030517578,55.349998474121094,84381,0.0,0.0
2022-10-28 14:30:00-04:00,55.36000061035156,55.689998626708984,55.36000061035156,55.5099983215332,233033,0.0,0.0
2022-10-28 15:30:00-04:00,55.5,55.5,55.349998474121094,55.41999816894531,268643,0.0,0.0
2022-10-31 09:30:00-04:00,55.369998931884766,55.88999938964844,54.88999938964844,55.689998626708984,172922,0.0,0.0
2022-10-31 10:30:00-04:00,55.70899963378906,55.86000061035156,55.470001220703125,55.76179885864258,103458,0.0,0.0
2022-10-31 11:30:00-04:00,55.7599983215332,55.88999938964844,55.619998931884766,55.63999938964844,77866,0.0,0.0
2022-10-31 12:30:00-04:00,55.6349983215332,55.7599983215332,55.470001220703125,55.72999954223633,88133,0.0,0.0
2022-10-31 13:30:00-04:00,55.72999954223633,55.77000045776367,55.560001373291016,55.61000061035156,84241,0.0,0.0
2022-10-31 14:30:00-04:00,55.61000061035156,55.810001373291016,55.5099983215332,55.810001373291016,150755,0.0,0.0
2022-10-31 15:30:00-04:00,55.81999969482422,55.939998626708984,55.63999938964844,55.63999938964844,346773,0.0,0.0
2022-11-01 09:30:00-04:00,53.68000030517578,53.70000076293945,52.630001068115234,53.15999984741211,1047147,0.0,0.0
2022-11-01 10:30:00-04:00,53.15999984741211,53.39400100708008,52.80500030517578,53.02000045776367,409197,0.0,0.0
2022-11-01 11:30:00-04:00,53.02000045776367,53.36000061035156,52.84000015258789,53.165000915527344,457918,0.0,0.0
2022-11-01 12:30:00-04:00,53.15999984741211,53.43000030517578,53.099998474121094,53.33000183105469,387939,0.0,0.0
2022-11-01 13:30:00-04:00,53.33000183105469,53.47999954223633,53.26499938964844,53.279998779296875,333262,0.0,0.0
2022-11-01 14:30:00-04:00,53.28499984741211,53.41999816894531,53.08000183105469,53.310001373291016,294157,0.0,0.0
2022-11-01 15:30:00-04:00,53.33000183105469,53.79499816894531,53.31999969482422,53.48500061035156,881246,0.0,0.0
2022-11-02 09:30:00-04:00,53.349998474121094,53.83000183105469,53.189998626708984,53.59000015258789,521723,0.0,0.0
2022-11-02 10:30:00-04:00,53.56999969482422,53.56999969482422,53.20000076293945,53.34000015258789,265964,0.0,0.0
2022-11-02 11:30:00-04:00,53.334999084472656,53.40999984741211,53.040000915527344,53.040000915527344,170552,0.0,0.0
2022-11-02 12:30:00-04:00,53.03499984741211,53.150001525878906,52.94499969482422,53.11000061035156,91430,0.0,0.0
2022-11-02 13:30:00-04:00,53.1150016784668,53.70000076293945,53.084999084472656,53.439998626708984,351714,0.0,0.0
2022-11-02 14:30:00-04:00,53.439998626708984,53.68000030517578,52.43000030517578,52.560001373291016,467285,0.0,0.0
2022-11-02 15:30:00-04:00,52.540000915527344,52.7599983215332,52.099998474121094,52.099998474121094,582031,0.0,0.0
2022-11-03 09:30:00-04:00,51.58000183105469,51.880001068115234,51.130001068115234,51.779998779296875,174679,0.0,0.0
2022-11-03 10:30:00-04:00,51.7599983215332,51.7755012512207,51.470001220703125,51.599998474121094,98568,0.0,0.0
2022-11-03 11:30:00-04:00,51.61000061035156,51.93000030517578,51.400001525878906,51.880001068115234,120020,0.0,0.0
2022-11-03 12:30:00-04:00,51.869998931884766,52.0099983215332,51.779998779296875,51.962501525878906,95199,0.0,0.0
2022-11-03 13:30:00-04:00,51.959999084472656,52.03850173950195,51.7400016784668,51.970001220703125,122857,0.0,0.0
2022-11-03 14:30:00-04:00,51.95000076293945,51.9900016784668,51.81999969482422,51.95000076293945,146114,0.0,0.0
2022-11-03 15:30:00-04:00,51.95000076293945,51.97999954223633,51.619998931884766,51.6349983215332,303820,0.0,0.0
2022-11-04 09:30:00-04:00,52.02000045776367,52.47999954223633,51.54499816894531,51.9900016784668,310932,0.0,0.0
2022-11-04 10:30:00-04:00,51.97999954223633,52.18000030517578,51.61000061035156,51.61000061035156,191967,0.0,0.0
2022-11-04 11:30:00-04:00,51.61000061035156,51.689998626708984,50.970001220703125,51.27000045776367,153369,0.0,0.0
2022-11-04 12:30:00-04:00,51.2599983215332,51.310001373291016,51.0,51.220001220703125,105481,0.0,0.0
2022-11-04 13:30:00-04:00,51.22999954223633,51.314998626708984,50.9900016784668,51.314998626708984,130632,0.0,0.0
2022-11-04 14:30:00-04:00,51.31999969482422,51.68000030517578,51.279998779296875,51.52000045776367,152206,0.0,0.0
2022-11-04 15:30:00-04:00,51.525001525878906,51.7599983215332,51.470001220703125,51.720001220703125,283201,0.0,0.0
2022-11-07 09:30:00-05:00,51.83000183105469,51.98500061035156,51.45000076293945,51.88999938964844,136201,0.0,0.0
2022-11-07 10:30:00-05:00,51.849998474121094,52.11000061035156,51.84000015258789,51.970001220703125,78251,0.0,0.0
2022-11-07 11:30:00-05:00,51.97999954223633,52.04499816894531,51.72999954223633,52.0,101373,0.0,0.0
2022-11-07 12:30:00-05:00,52.02000045776367,52.2400016784668,51.86000061035156,52.189998626708984,100208,0.0,0.0
2022-11-07 13:30:00-05:00,52.220001220703125,52.33000183105469,52.05500030517578,52.31999969482422,176641,0.0,0.0
2022-11-07 14:30:00-05:00,52.334999084472656,52.560001373291016,52.33000183105469,52.54499816894531,186285,0.0,0.0
2022-11-07 15:30:00-05:00,52.540000915527344,52.68000030517578,52.53499984741211,52.59000015258789,296615,0.0,0.0
2022-11-08 09:30:00-05:00,52.599998474121094,52.900001525878906,52.459999084472656,52.58000183105469,216173,0.0,0.0
2022-11-08 10:30:00-05:00,52.599998474121094,52.90999984741211,52.560001373291016,52.779998779296875,241950,0.0,0.0
2022-11-08 11:30:00-05:00,52.779998779296875,53.005001068115234,52.540000915527344,52.68000030517578,132466,0.0,0.0
2022-11-08 12:30:00-05:00,52.66999816894531,52.75,52.314998626708984,52.33000183105469,93909,0.0,0.0
2022-11-08 13:30:00-05:00,52.29499816894531,52.349998474121094,51.93000030517578,51.93000030517578,155692,0.0,0.0
2022-11-08 14:30:00-05:00,51.939998626708984,52.720001220703125,51.8849983215332,52.685001373291016,178020,0.0,0.0
2022-11-08 15:30:00-05:00,52.66999816894531,52.84000015258789,52.650001525878906,52.66999816894531,312802,0.0,0.0
2022-11-09 09:30:00-05:00,52.47999954223633,53.119998931884766,52.27000045776367,52.97999954223633,410455,0.0,0.0
2022-11-09 10:30:00-05:00,53.0,53.2599983215332,52.8849983215332,53.130001068115234,225866,0.0,0.0
2022-11-09 11:30:00-05:00,53.119998931884766,53.2599983215332,52.75,52.834999084472656,140387,0.0,0.0
2022-11-09 12:30:00-05:00,52.810001373291016,52.90999984741211,52.70000076293945,52.84000015258789,148674,0.0,0.0
2022-11-09 13:30:00-05:00,52.81999969482422,52.81999969482422,52.41999816894531,52.51499938964844,88457,0.0,0.0
2022-11-09 14:30:00-05:00,52.52000045776367,52.52000045776367,52.2599983215332,52.369998931884766,143356,0.0,0.0
2022-11-09 15:30:00-05:00,52.369998931884766,52.39500045776367,52.16999816894531,52.2400016784668,361945,0.0,0.0
2022-11-10 09:30:00-05:00,54.16999816894531,54.20000076293945,53.4900016784668,53.849998474121094,246776,0.0,0.0
2022-11-10 10:30:00-05:00,53.849998474121094,54.029998779296875,53.52000045776367,54.0099983215332,199138,0.0,0.0
2022-11-10 11:30:00-05:00,54.02000045776367,54.209999084472656,53.95000076293945,54.02000045776367,100757,0.0,0.0
2022-11-10 12:30:00-05:00,53.994998931884766,54.04999923706055,53.630001068115234,53.95000076293945,131373,0.0,0.0
2022-11-10 13:30:00-05:00,53.959999084472656,54.2599983215332,53.90999984741211,54.13999938964844,169630,0.0,0.0
2022-11-10 14:30:00-05:00,54.119998931884766,54.220001220703125,53.939998626708984,54.125,121142,0.0,0.0
2022-11-10 15:30:00-05:00,54.11000061035156,54.290000915527344,54.0099983215332,54.119998931884766,529602,0.0,0.0
2022-11-11 09:30:00-05:00,54.61000061035156,54.77000045776367,54.09000015258789,54.439998626708984,171546,0.0,0.0
2022-11-11 10:30:00-05:00,54.439998626708984,54.58000183105469,53.9286003112793,53.97999954223633,129724,0.0,0.0
2022-11-11 11:30:00-05:00,53.959999084472656,54.38999938964844,53.935001373291016,54.22999954223633,89679,0.0,0.0
2022-11-11 12:30:00-05:00,54.22999954223633,54.31999969482422,54.03499984741211,54.220001220703125,88826,0.0,0.0
2022-11-11 13:30:00-05:00,54.21500015258789,54.43000030517578,54.10499954223633,54.415000915527344,100232,0.0,0.0
2022-11-11 14:30:00-05:00,54.40999984741211,54.540000915527344,54.14500045776367,54.310001373291016,139328,0.0,0.0
2022-11-11 15:30:00-05:00,54.30500030517578,54.349998474121094,54.16999816894531,54.279998779296875,267347,0.0,0.0
2022-11-14 09:30:00-05:00,54.209999084472656,54.5099983215332,53.9900016784668,54.32500076293945,133260,0.0,0.0
2022-11-14 10:30:00-05:00,54.33000183105469,54.630001068115234,53.939998626708984,53.959999084472656,163273,0.0,0.0
2022-11-14 11:30:00-05:00,53.95000076293945,54.279998779296875,53.95000076293945,54.279998779296875,160534,0.0,0.0
2022-11-14 12:30:00-05:00,54.27989959716797,54.38999938964844,54.06999969482422,54.209999084472656,161072,0.0,0.0
2022-11-14 13:30:00-05:00,54.209999084472656,54.349998474121094,54.13999938964844,54.20500183105469,169642,0.0,0.0
2022-11-14 14:30:00-05:00,54.21500015258789,54.2599983215332,53.900001525878906,53.92499923706055,179490,0.0,0.0
2022-11-14 15:30:00-05:00,53.91999816894531,53.91999816894531,53.58000183105469,53.63999938964844,270303,0.0,0.0
2022-11-15 09:30:00-05:00,54.310001373291016,54.61000061035156,53.77000045776367,54.38999938964844,165344,0.0,0.0
2022-11-15 10:30:00-05:00,54.400001525878906,54.474998474121094,54.2400016784668,54.400001525878906,204137,0.0,0.0
2022-11-15 11:30:00-05:00,54.41999816894531,54.869998931884766,54.41999816894531,54.76259994506836,92873,0.0,0.0
2022-11-15 12:30:00-05:00,54.77000045776367,54.88999938964844,54.36000061035156,54.439998626708984,107662,0.0,0.0
2022-11-15 13:30:00-05:00,54.439998626708984,54.790000915527344,54.18000030517578,54.70500183105469,174930,0.0,0.0
2022-11-15 14:30:00-05:00,54.709999084472656,54.83000183105469,54.5099983215332,54.709999084472656,124601,0.0,0.0
2022-11-15 15:30:00-05:00,54.720001220703125,54.79999923706055,54.52000045776367,54.650001525878906,287058,0.0,0.0
2022-11-16 09:30:00-05:00,54.04999923706055,54.36000061035156,53.70000076293945,54.22999954223633,97277,0.0,0.0
2022-11-16 10:30:00-05:00,54.22999954223633,54.68000030517578,54.15999984741211,54.63999938964844,92337,0.0,0.0
2022-11-16 11:30:00-05:00,54.61000061035156,54.630001068115234,54.16999816894531,54.290000915527344,55652,0.0,0.0
2022-11-16 12:30:00-05:00,54.279998779296875,54.45000076293945,54.099998474121094,54.099998474121094,50759,0.0,0.0
2022-11-16 13:30:00-05:00,54.11000061035156,54.244998931884766,53.95000076293945,54.09000015258789,85166,0.0,0.0
2022-11-16 14:30:00-05:00,54.099998474121094,54.310001373291016,54.06999969482422,54.20000076293945,99819,0.0,0.0
2022-11-16 15:30:00-05:00,54.20000076293945,54.43000030517578,54.18000030517578,54.310001373291016,222461,0.0,0.0
2022-11-17 09:30:00-05:00,53.7400016784668,53.95000076293945,52.66999816894531,52.810001373291016,138437,0.0,0.0
2022-11-17 10:30:00-05:00,52.779998779296875,52.81999969482422,52.33000183105469,52.470001220703125,78549,0.0,0.0
2022-11-17 11:30:00-05:00,52.470001220703125,52.58000183105469,52.27000045776367,52.529998779296875,101181,0.0,0.0
2022-11-17 12:30:00-05:00,52.52000045776367,52.970001220703125,52.47999954223633,52.79999923706055,76642,0.0,0.0
2022-11-17 13:30:00-05:00,52.779998779296875,52.83000183105469,52.54180145263672,52.65019989013672,89435,0.0,0.0
2022-11-17 14:30:00-05:00,52.630001068115234,52.880001068115234,52.630001068115234,52.81999969482422,106308,0.0,0.0
2022-11-17 15:30:00-05:00,52.79999923706055,53.220001220703125,52.779998779296875,53.209999084472656,227569,0.0,0.0
2022-11-18 09:30:00-05:00,53.970001220703125,54.150001525878906,53.630001068115234,53.810001373291016,103304,0.0,0.0
2022-11-18 10:30:00-05:00,53.790000915527344,53.91999816894531,53.58000183105469,53.709999084472656,51440,0.0,0.0
2022-11-18 11:30:00-05:00,53.709999084472656,53.849998474121094,53.45000076293945,53.54999923706055,73211,0.0,0.0
2022-11-18 12:30:00-05:00,53.55500030517578,53.810001373291016,53.55500030517578,53.779998779296875,57693,0.0,0.0
2022-11-18 13:30:00-05:00,53.795501708984375,53.93000030517578,53.6150016784668,53.83000183105469,50395,0.0,0.0
2022-11-18 14:30:00-05:00,53.84000015258789,53.95000076293945,53.650001525878906,53.90999984741211,91359,0.0,0.0
2022-11-18 15:30:00-05:00,53.93000030517578,54.20000076293945,53.93000030517578,54.029998779296875,275534,0.0,0.0
2022-11-21 09:30:00-05:00,53.91999816894531,54.29499816894531,53.84000015258789,54.189998626708984,98495,0.0,0.0
2022-11-21 10:30:00-05:00,54.18000030517578,54.529998779296875,54.15999984741211,54.45000076293945,100410,0.0,0.0
2022-11-21 11:30:00-05:00,54.459999084472656,54.56999969482422,54.31999969482422,54.47999954223633,78134,0.0,0.0
2022-11-21 12:30:00-05:00,54.470001220703125,54.599998474121094,54.41999816894531,54.45000076293945,61394,0.0,0.0
2022-11-21 13:30:00-05:00,54.435001373291016,54.540000915527344,54.25,54.290000915527344,64044,0.0,0.0
2022-11-21 14:30:00-05:00,54.279998779296875,54.345001220703125,54.16999816894531,54.22999954223633,73258,0.0,0.0
2022-11-21 15:30:00-05:00,54.2400016784668,54.369998931884766,54.185001373291016,54.31999969482422,152650,0.0,0.0
2022-11-22 09:30:00-05:00,54.63999938964844,54.875,54.369998931884766,54.790000915527344,115021,0.0,0.0
2022-11-22 10:30:00-05:00,54.810001373291016,54.83000183105469,54.47999954223633,54.51499938964844,111301,0.0,0.0
2022-11-22 11:30:00-05:00,54.5099983215332,54.63999938964844,54.48500061035156,54.52000045776367,69523,0.0,0.0
2022-11-22 12:30:00-05:00,54.529998779296875,54.7400016784668,54.51499938964844,54.72999954223633,66110,0.0,0.0
2022-11-22 13:30:00-05:00,54.7599983215332,54.88999938964844,54.72999954223633,54.779998779296875,71374,0.0,0.0
2022-11-22 14:30:00-05:00,54.77000045776367,54.97999954223633,54.68000030517578,54.849998474121094,111912,0.0,0.0
2022-11-22 15:30:00-05:00,54.84000015258789,55.040000915527344,54.82500076293945,55.0099983215332,201992,0.0,0.0
2022-11-23 09:30:00-05:00,54.97999954223633,55.290000915527344,54.79999923706055,55.21500015258789,94055,0.0,0.0
2022-11-23 10:30:00-05:00,55.220001220703125,55.27000045776367,55.03010177612305,55.17499923706055,60172,0.0,0.0
2022-11-23 11:30:00-05:00,55.17499923706055,55.20000076293945,54.95750045776367,55.02000045776367,83395,0.0,0.0
2022-11-23 12:30:00-05:00,55.029998779296875,55.06999969482422,54.88999938964844,55.027000427246094,53570,0.0,0.0
2022-11-23 13:30:00-05:00,55.02000045776367,55.279998779296875,54.970001220703125,55.189998626708984,72665,0.0,0.0
2022-11-23 14:30:00-05:00,55.18000030517578,55.18000030517578,54.970001220703125,55.0099983215332,70561,0.0,0.0
2022-11-23 15:30:00-05:00,55.0,55.0,54.77000045776367,54.849998474121094,157670,0.0,0.0
2022-11-25 09:30:00-05:00,54.95000076293945,55.01499938964844,54.560001373291016,54.86000061035156,64401,0.0,0.0
2022-11-25 10:30:00-05:00,54.85499954223633,54.90999984741211,54.70500183105469,54.77000045776367,57399,0.0,0.0
2022-11-25 11:30:00-05:00,54.755001068115234,54.8650016784668,54.57500076293945,54.720001220703125,64285,0.0,0.0
2022-11-28 09:30:00-05:00,54.58000183105469,54.61000061035156,54.189998626708984,54.470001220703125,112021,0.0,0.0
2022-11-28 10:30:00-05:00,54.45000076293945,54.4900016784668,54.189998626708984,54.220001220703125,62053,0.0,0.0
2022-11-28 11:30:00-05:00,54.22999954223633,54.2599983215332,54.11000061035156,54.19499969482422,71089,0.0,0.0
2022-11-28 12:30:00-05:00,54.209999084472656,54.25,53.935001373291016,53.9900016784668,59877,0.0,0.0
2022-11-28 13:30:00-05:00,53.97999954223633,54.2599983215332,53.880001068115234,54.040000915527344,175399,0.0,0.0
2022-11-28 14:30:00-05:00,54.029998779296875,54.04859924316406,53.779998779296875,53.80099868774414,93937,0.0,0.0
2022-11-28 15:30:00-05:00,53.80500030517578,53.89500045776367,53.720001220703125,53.790000915527344,200958,0.0,0.0
2022-11-29 09:30:00-05:00,53.66999816894531,53.86000061035156,53.349998474121094,53.58000183105469,76268,0.0,0.0
2022-11-29 10:30:00-05:00,53.58000183105469,53.619998931884766,53.149200439453125,53.150001525878906,72912,0.0,0.0
2022-11-29 11:30:00-05:00,53.150001525878906,53.349998474121094,53.11000061035156,53.11000061035156,62643,0.0,0.0
2022-11-29 12:30:00-05:00,53.13999938964844,53.29909896850586,53.09000015258789,53.18000030517578,50939,0.0,0.0
2022-11-29 13:30:00-05:00,53.17499923706055,53.380001068115234,52.970001220703125,53.01499938964844,73374,0.0,0.0
2022-11-29 14:30:00-05:00,53.0099983215332,53.16999816894531,52.880001068115234,53.04999923706055,102648,0.0,0.0
2022-11-29 15:30:00-05:00,53.060001373291016,53.11000061035156,52.875999450683594,52.90999984741211,199245,0.0,0.0
2022-11-30 09:30:00-05:00,52.70000076293945,52.77000045776367,52.171199798583984,52.35900115966797,102705,0.0,0.0
2022-11-30 10:30:00-05:00,52.28499984741211,52.939998626708984,52.27000045776367,52.935001373291016,79882,0.0,0.0
2022-11-30 11:30:00-05:00,52.939998626708984,52.95000076293945,52.25,52.369998931884766,87344,0.0,0.0
2022-11-30 12:30:00-05:00,52.38999938964844,52.63999938964844,52.349998474121094,52.560001373291016,78839,0.0,0.0
2022-11-30 13:30:00-05:00,52.560001373291016,53.41999816894531,52.5,53.39500045776367,108901,0.0,0.0
2022-11-30 14:30:00-05:00,53.380001068115234,53.66999816894531,53.369998931884766,53.595001220703125,124966,0.0,0.0
2022-11-30 15:30:00-05:00,53.59000015258789,54.380001068115234,53.59000015258789,54.33000183105469,525699,0.0,0.0
2022-12-01 09:30:00-05:00,54.709999084472656,55.11000061035156,54.68000030517578,54.7599983215332,183357,0.0,0.0
2022-12-01 10:30:00-05:00,54.747501373291016,55.68000030517578,54.70000076293945,55.06999969482422,144393,0.0,0.0
2022-12-01 11:30:00-05:00,55.064998626708984,55.18000030517578,54.849998474121094,55.0,62415,0.0,0.0
2022-12-01 12:30:00-05:00,55.0,55.189998626708984,54.959999084472656,55.029998779296875,66025,0.0,0.0
2022-12-01 13:30:00-05:00,55.0099983215332,55.08000183105469,54.61000061035156,54.70000076293945,162567,0.0,0.0
2022-12-01 14:30:00-05:00,54.68000030517578,54.9900016784668,54.619998931884766,54.91999816894531,157535,0.0,0.0
2022-12-01 15:30:00-05:00,54.91999816894531,55.189998626708984,54.91999816894531,55.08000183105469,209690,0.0,0.0
2022-12-02 09:30:00-05:00,54.47999954223633,54.8849983215332,54.28499984741211,54.709999084472656,131347,0.0,0.0
2022-12-02 10:30:00-05:00,54.72999954223633,54.849998474121094,54.56999969482422,54.84000015258789,82590,0.0,0.0
2022-12-02 11:30:00-05:00,54.83000183105469,55.04999923706055,54.79999923706055,55.029998779296875,76013,0.0,0.0
2022-12-02 12:30:00-05:00,55.029998779296875,55.099998474121094,54.814998626708984,54.89500045776367,79240,0.0,0.0
2022-12-02 13:30:00-05:00,54.90999984741211,55.025001525878906,54.790000915527344,55.0,103205,0.0,0.0
2022-12-02 14:30:00-05:00,54.970001220703125,55.25,54.939998626708984,55.099998474121094,179135,0.0,0.0
2022-12-02 15:30:00-05:00,55.09000015258789,55.130001068115234,54.904998779296875,55.040000915527344,240355,0.0,0.0
2022-12-05 09:30:00-05:00,54.540000915527344,54.540000915527344,53.81999969482422,53.970001220703125,100212,0.0,0.0
2022-12-05 10:30:00-05:00,53.96500015258789,54.15999984741211,53.90999984741211,54.02000045776367,109536,0.0,0.0
2022-12-05 11:30:00-05:00,54.029998779296875,54.08000183105469,53.775001525878906,54.060001373291016,82065,0.0,0.0
2022-12-05 12:30:00-05:00,54.05500030517578,54.191001892089844,53.970001220703125,54.04499816894531,45741,0.0,0.0
2022-12-05 13:30:00-05:00,54.06999969482422,54.150001525878906,53.90999984741211,53.93000030517578,50045,0.0,0.0
2022-12-05 14:30:00-05:00,53.915000915527344,53.915000915527344,53.630001068115234,53.630001068115234,87254,0.0,0.0
2022-12-05 15:30:00-05:00,53.61000061035156,53.9900016784668,53.61000061035156,53.939998626708984,267782,0.0,0.0
2022-12-06 09:30:00-05:00,53.959999084472656,54.20000076293945,53.57500076293945,53.57500076293945,195350,0.0,0.0
2022-12-06 10:30:00-05:00,53.58000183105469,53.63999938964844,53.45500183105469,53.54999923706055,101662,0.0,0.0
2022-12-06 11:30:00-05:00,53.540000915527344,53.630001068115234,53.43000030517578,53.540000915527344,83707,0.0,0.0
2022-12-06 12:30:00-05:00,53.52000045776367,53.625,53.349998474121094,53.349998474121094,78532,0.0,0.0
2022-12-06 13:30:00-05:00,53.35499954223633,53.459999084472656,53.16999816894531,53.255001068115234,91951,0.0,0.0
2022-12-06 14:30:00-05:00,53.25,53.47999954223633,53.16999816894531,53.349998474121094,125213,0.0,0.0
2022-12-06 15:30:00-05:00,53.349998474121094,53.7400016784668,53.349998474121094,53.70000076293945,318752,0.0,0.0
2022-12-07 09:30:00-05:00,53.47999954223633,53.7400016784668,53.290000915527344,53.529998779296875,128357,0.0,0.0
2022-12-07 10:30:00-05:00,53.52000045776367,53.7599983215332,53.474998474121094,53.54499816894531,208773,0.0,0.0
2022-12-07 11:30:00-05:00,53.529998779296875,53.61000061035156,53.3119010925293,53.349998474121094,138297,0.0,0.0
2022-12-07 12:30:00-05:00,53.36050033569336,53.49580001831055,53.349998474121094,53.45000076293945,131221,0.0,0.0
2022-12-07 13:30:00-05:00,53.45000076293945,53.470001220703125,52.95000076293945,53.0099983215332,150106,0.0,0.0
2022-12-07 14:30:00-05:00,53.029998779296875,53.04999923706055,52.64500045776367,52.72999954223633,166339,0.0,0.0
2022-12-07 15:30:00-05:00,52.72999954223633,52.849998474121094,52.51499938964844,52.619998931884766,346172,0.0,0.0
2022-12-08 09:30:00-05:00,52.70000076293945,53.06999969482422,52.61000061035156,53.00529861450195,111305,0.0,0.0
2022-12-08 10:30:00-05:00,53.029998779296875,53.2400016784668,53.005001068115234,53.2400016784668,99676,0.0,0.0
2022-12-08 11:30:00-05:00,53.2400016784668,53.5099983215332,53.2400016784668,53.470001220703125,86938,0.0,0.0
2022-12-08 12:30:00-05:00,53.470001220703125,53.560001373291016,53.38999938964844,53.54999923706055,74614,0.0,0.0
2022-12-08 13:30:00-05:00,53.56999969482422,53.619998931884766,53.209999084472656,53.33000183105469,77408,0.0,0.0
2022-12-08 14:30:00-05:00,53.31999969482422,53.42499923706055,53.25,53.33000183105469,99152,0.0,0.0
2022-12-08 15:30:00-05:00,53.34000015258789,53.47999954223633,53.279998779296875,53.45000076293945,217862,0.0,0.0
2022-12-09 09:30:00-05:00,53.310001373291016,53.68000030517578,53.27000045776367,53.470001220703125,112150,0.0,0.0
2022-12-09 10:30:00-05:00,53.5,53.5099983215332,53.2599983215332,53.400001525878906,92089,0.0,0.0
2022-12-09 11:30:00-05:00,53.38999938964844,53.43000030517578,53.220001220703125,53.290000915527344,90045,0.0,0.0
2022-12-09 12:30:00-05:00,53.29499816894531,53.619998931884766,53.2932014465332,53.494998931884766,127566,0.0,0.0
2022-12-09 13:30:00-05:00,53.47999954223633,53.48500061035156,53.11000061035156,53.21500015258789,113253,0.0,0.0
2022-12-09 14:30:00-05:00,53.209999084472656,53.43000030517578,53.19499969482422,53.42499923706055,111075,0.0,0.0
2022-12-09 15:30:00-05:00,53.41999816894531,53.435001373291016,53.18000030517578,53.22999954223633,224834,0.0,0.0
2022-12-12 09:30:00-05:00,53.380001068115234,53.54999923706055,52.97999954223633,53.47999954223633,97548,0.0,0.0
2022-12-12 10:30:00-05:00,53.470001220703125,53.788299560546875,53.470001220703125,53.7599983215332,67930,0.0,0.0
2022-12-12 11:30:00-05:00,53.7599983215332,53.869998931884766,53.72999954223633,53.779998779296875,60149,0.0,0.0
2022-12-12 12:30:00-05:00,53.779998779296875,53.86000061035156,53.720001220703125,53.720001220703125,41573,0.0,0.0
2022-12-12 13:30:00-05:00,53.7400016784668,53.88999938964844,53.7400016784668,53.84000015258789,54151,0.0,0.0
2022-12-12 14:30:00-05:00,53.83000183105469,54.119998931884766,53.720001220703125,54.11000061035156,81184,0.0,0.0
2022-12-12 15:30:00-05:00,54.119998931884766,54.22999954223633,53.97999954223633,54.0099983215332,231666,0.0,0.0
2022-12-13 09:30:00-05:00,55.63999938964844,55.7400016784668,54.689998626708984,54.689998626708984,209634,0.0,0.0
2022-12-13 10:30:00-05:00,54.68550109863281,54.849998474121094,54.48500061035156,54.68000030517578,124628,0.0,0.0
2022-12-13 11:30:00-05:00,54.720001220703125,54.88999938964844,54.38999938964844,54.45000076293945,124602,0.0,0.0
2022-12-13 12:30:00-05:00,54.459999084472656,54.540000915527344,54.189998626708984,54.5099983215332,99501,0.0,0.0
2022-12-13 13:30:00-05:00,54.5099983215332,54.529998779296875,54.189998626708984,54.290000915527344,137536,0.0,0.0
2022-12-13 14:30:00-05:00,54.290000915527344,54.47999954223633,53.9900016784668,54.279998779296875,139281,0.0,0.0
2022-12-13 15:30:00-05:00,54.290000915527344,54.5099983215332,54.275001525878906,54.42499923706055,313053,0.0,0.0
2022-12-14 09:30:00-05:00,54.54999923706055,54.880001068115234,54.38999938964844,54.66999816894531,104224,0.0,0.0
2022-12-14 10:30:00-05:00,54.66999816894531,55.040000915527344,54.66999816894531,54.88999938964844,70260,0.0,0.0
2022-12-14 11:30:00-05:00,54.8849983215332,54.93000030517578,54.59000015258789,54.59000015258789,73124,0.0,0.0
2022-12-14 12:30:00-05:00,54.584999084472656,54.66999816894531,54.380001068115234,54.43000030517578,343861,0.0,0.0
2022-12-14 13:30:00-05:00,54.42499923706055,54.54999923706055,53.849998474121094,53.90999984741211,140134,0.0,0.0
2022-12-14 14:30:00-05:00,53.88999938964844,54.209999084472656,53.36000061035156,53.595001220703125,175966,0.0,0.0
2022-12-14 15:30:00-05:00,53.58000183105469,53.875,53.34000015258789,53.79999923706055,279845,0.0,0.0
2022-12-15 09:30:00-05:00,53.310001373291016,53.36000061035156,52.810001373291016,53.150001525878906,118754,0.0,0.0
2022-12-15 10:30:00-05:00,53.150001525878906,53.43000030517578,53.084999084472656,53.25,113400,0.0,0.0
2022-12-15 11:30:00-05:00,53.27000045776367,53.34000015258789,52.97999954223633,53.19499969482422,91230,0.0,0.0
2022-12-15 12:30:00-05:00,53.25,53.290000915527344,52.82500076293945,52.92499923706055,74611,0.0,0.0
2022-12-15 13:30:00-05:00,52.91999816894531,53.130001068115234,52.880001068115234,53.06999969482422,89295,0.0,0.0
2022-12-15 14:30:00-05:00,53.060001373291016,53.4900016784668,53.060001373291016,53.380001068115234,129751,0.0,0.0
2022-12-15 15:30:00-05:00,53.388999938964844,53.41999816894531,53.099998474121094,53.27000045776367,330753,0.0,0.0
2022-12-16 09:30:00-05:00,52.630001068115234,53.0099983215332,52.369998931884766,52.439998626708984,360204,0.0,0.0
2022-12-16 10:30:00-05:00,52.45000076293945,53.0,52.45000076293945,52.970001220703125,204481,0.0,0.0
2022-12-16 11:30:00-05:00,52.970001220703125,53.08000183105469,52.619998931884766,52.79999923706055,556205,0.0,0.0
2022-12-16 12:30:00-05:00,52.810001373291016,53.04499816894531,52.810001373291016,52.88999938964844,444281,0.0,0.0
2022-12-16 13:30:00-05:00,52.875,53.11000061035156,52.77000045776367,52.869998931884766,185726,0.0,0.0
2022-12-16 14:30:00-05:00,52.86000061035156,53.0,52.65999984741211,52.869998931884766,174828,0.0,0.0
2022-12-16 15:30:00-05:00,52.869998931884766,52.9900016784668,52.525001525878906,52.599998474121094,654348,0.0,0.0
2022-12-19 09:30:00-05:00,52.869998931884766,53.029998779296875,52.56999969482422,52.9900016784668,119341,0.0,0.0
2022-12-19 10:30:00-05:00,52.97999954223633,53.02000045776367,52.540000915527344,52.814998626708984,95309,0.0,0.0
2022-12-19 11:30:00-05:00,52.80500030517578,52.974998474121094,52.7599983215332,52.88999938964844,85789,0.0,0.0
2022-12-19 12:30:00-05:00,52.88999938964844,52.95000076293945,52.5,52.54999923706055,137635,0.0,0.0
2022-12-19 13:30:00-05:00,52.540000915527344,52.650001525878906,52.5,52.5099983215332,354019,0.0,0.0
2022-12-19 14:30:00-05:00,52.5099983215332,52.689998626708984,52.5099983215332,52.630001068115234,108819,0.0,0.0
2022-12-19 15:30:00-05:00,52.6349983215332,52.814998626708984,52.6349983215332,52.72999954223633,238397,0.0,0.0
2022-12-20 09:30:00-05:00,52.88999938964844,52.88999938964844,52.33000183105469,52.869998931884766,140476,0.0,0.0
2022-12-20 10:30:00-05:00,52.880001068115234,53.029998779296875,52.5,52.60499954223633,80775,0.0,0.0
2022-12-20 11:30:00-05:00,52.61000061035156,52.81999969482422,52.56999969482422,52.779998779296875,85960,0.0,0.0
2022-12-20 12:30:00-05:00,52.78499984741211,53.02000045776367,52.75,53.02000045776367,74680,0.0,0.0
2022-12-20 13:30:00-05:00,52.9900016784668,53.084999084472656,52.89500045776367,53.060001373291016,646478,0.0,0.0
2022-12-20 14:30:00-05:00,53.06999969482422,53.099998474121094,52.95500183105469,53.09000015258789,129793,0.0,0.0
2022-12-20 15:30:00-05:00,53.06999969482422,53.13999938964844,52.915000915527344,52.97999954223633,213921,0.0,0.0
2022-12-21 09:30:00-05:00,53.630001068115234,54.060001373291016,53.224998474121094,53.900001525878906,166518,0.0,0.0
2022-12-21 10:30:00-05:00,53.90999984741211,54.279998779296875,53.90999984741211,54.150001525878906,133921,0.0,0.0
2022-12-21 11:30:00-05:00,54.150001525878906,54.220001220703125,53.959999084472656,53.959999084472656,161529,0.0,0.0
2022-12-21 12:30:00-05:00,53.959999084472656,54.290000915527344,53.959999084472656,54.27000045776367,90768,0.0,0.0
2022-12-21 13:30:00-05:00,54.27000045776367,54.3849983215332,54.16999816894531,54.35499954223633,114321,0.0,0.0
2022-12-21 14:30:00-05:00,54.349998474121094,54.400001525878906,54.10499954223633,54.11989974975586,154983,0.0,0.0
2022-12-21 15:30:00-05:00,54.11000061035156,54.41999816894531,54.099998474121094,54.349998474121094,274574,0.0,0.0
2022-12-22 09:30:00-05:00,53.880001068115234,54.244998931884766,52.73500061035156,52.90999984741211,201923,0.0,0.0
2022-12-22 10:30:00-05:00,52.900001525878906,53.06999969482422,52.83000183105469,52.92499923706055,71176,0.0,0.0
2022-12-22 11:30:00-05:00,52.935001373291016,53.0099983215332,52.41999816894531,52.43000030517578,71823,0.0,0.0
2022-12-22 12:30:00-05:00,52.439998626708984,52.439998626708984,52.220001220703125,52.43000030517578,75773,0.0,0.0
2022-12-22 13:30:00-05:00,52.43000030517578,52.66999816894531,52.2599983215332,52.66999816894531,90254,0.0,0.0
2022-12-22 14:30:00-05:00,52.65999984741211,53.040000915527344,52.560001373291016,53.0099983215332,117386,0.0,0.0
2022-12-22 15:30:00-05:00,53.0,53.209999084472656,52.83000183105469,53.119998931884766,274410,0.0,0.0
2022-12-23 09:30:00-05:00,53.0,53.714500427246094,52.83539962768555,53.58000183105469,153609,0.0,0.0
2022-12-23 10:30:00-05:00,53.584999084472656,53.630001068115234,53.279998779296875,53.31999969482422,56269,0.0,0.0
2022-12-23 11:30:00-05:00,53.349998474121094,53.619998931884766,53.349998474121094,53.56999969482422,45499,0.0,0.0
2022-12-23 12:30:00-05:00,53.59000015258789,53.650001525878906,53.470001220703125,53.595001220703125,43999,0.0,0.0
2022-12-23 13:30:00-05:00,53.595001220703125,53.66999816894531,53.47999954223633,53.52000045776367,51830,0.0,0.0
2022-12-23 14:30:00-05:00,53.529998779296875,53.76499938964844,53.529998779296875,53.6349983215332,71414,0.0,0.0
2022-12-23 15:30:00-05:00,53.630001068115234,53.7599983215332,53.560001373291016,53.63999938964844,134476,0.0,0.0
2022-12-27 09:30:00-05:00,53.79999923706055,54.130001068115234,53.61000061035156,54.04999923706055,56979,0.0,0.0
2022-12-27 10:30:00-05:00,54.08000183105469,54.16999816894531,53.95500183105469,54.060001373291016,40932,0.0,0.0
2022-12-27 11:30:00-05:00,54.07899856567383,54.20000076293945,54.029998779296875,54.029998779296875,32390,0.0,0.0
2022-12-27 12:30:00-05:00,54.04999923706055,54.288700103759766,54.04999923706055,54.11000061035156,43608,0.0,0.0
2022-12-27 13:30:00-05:00,54.099998474121094,54.11000061035156,53.83000183105469,53.83000183105469,44176,0.0,0.0
2022-12-27 14:30:00-05:00,53.83000183105469,54.11000061035156,53.755001068115234,54.11000061035156,62351,0.0,0.0
2022-12-27 15:30:00-05:00,54.119998931884766,54.130001068115234,53.95500183105469,54.0,124835,0.0,0.0
2022-12-28 09:30:00-05:00,54.13999938964844,54.349998474121094,53.900001525878906,53.91999816894531,58409,0.0,0.0
2022-12-28 10:30:00-05:00,53.91999816894531,53.9900016784668,53.619998931884766,53.720001220703125,33568,0.0,0.0
2022-12-28 11:30:00-05:00,53.73500061035156,53.79999923706055,53.470001220703125,53.5099983215332,33821,0.0,0.0
2022-12-28 12:30:00-05:00,53.52000045776367,53.7400016784668,53.52000045776367,53.58000183105469,42277,0.0,0.0
2022-12-28 13:30:00-05:00,53.59000015258789,53.61000061035156,53.33000183105469,53.375,40831,0.0,0.0
2022-12-28 14:30:00-05:00,53.36000061035156,53.540000915527344,53.16999816894531,53.220001220703125,59531,0.0,0.0
2022-12-28 15:30:00-05:00,53.21500015258789,53.310001373291016,53.04999923706055,53.04999923706055,99851,0.0,0.0
2022-12-29 09:30:00-05:00,53.470001220703125,53.779998779296875,53.34000015258789,53.66999816894531,48754,0.0,0.0
2022-12-29 10:30:00-05:00,53.65999984741211,53.790000915527344,53.63999938964844,53.790000915527344,34705,0.0,0.0
2022-12-29 11:30:00-05:00,53.810001373291016,54.13999938964844,53.79999923706055,54.13999938964844,36171,0.0,0.0
2022-12-29 12:30:00-05:00,54.119598388671875,54.31999969482422,54.119598388671875,54.16999816894531,44075,0.0,0.0
2022-12-29 13:30:00-05:00,54.130001068115234,54.279998779296875,54.08000183105469,54.23500061035156,41598,0.0,0.0
2022-12-29 14:30:00-05:00,54.23500061035156,54.35499954223633,53.97669982910156,54.029998779296875,57304,0.0,0.0
2022-12-29 15:30:00-05:00,54.029998779296875,54.130001068115234,53.95000076293945,53.9900016784668,101834,0.0,0.0
2022-12-30 09:30:00-05:00,53.65999984741211,53.779998779296875,53.34000015258789,53.54999923706055,36665,0.0,0.0
2022-12-30 10:30:00-05:00,53.529998779296875,53.529998779296875,53.2400016784668,53.36000061035156,52811,0.0,0.0
2022-12-30 11:30:00-05:00,53.36000061035156,53.540000915527344,53.34000015258789,53.5099983215332,42666,0.0,0.0
2022-12-30 12:30:00-05:00,53.5,53.52000045776367,53.119998931884766,53.20000076293945,37083,0.0,0.0
2022-12-30 13:30:00-05:00,53.198001861572266,53.34000015258789,53.16999816894531,53.220001220703125,53231,0.0,0.0
2022-12-30 14:30:00-05:00,53.209999084472656,53.380001068115234,53.04999923706055,53.27000045776367,74959,0.0,0.0
2022-12-30 15:30:00-05:00,53.27000045776367,53.470001220703125,53.27000045776367,53.40999984741211,181230,0.0,0.0
2023-01-03 09:30:00-05:00,53.58000183105469,53.96500015258789,53.220001220703125,53.96500015258789,136383,0.0,0.0
2023-01-03 10:30:00-05:00,53.98500061035156,54.349998474121094,53.95000076293945,54.130001068115234,136138,0.0,0.0
2023-01-03 11:30:00-05:00,54.150001525878906,54.16999816894531,53.54499816894531,53.75,145800,0.0,0.0
2023-01-03 12:30:00-05:00,53.75,53.970001220703125,53.68000030517578,53.959999084472656,214073,0.0,0.0
2023-01-03 13:30:00-05:00,53.95000076293945,54.060001373291016,53.61000061035156,53.619998931884766,98682,0.0,0.0
2023-01-03 14:30:00-05:00,53.619998931884766,53.90999984741211,53.45500183105469,53.84000015258789,113506,0.0,0.0
2023-01-03 15:30:00-05:00,53.849998474121094,53.88999938964844,53.66999816894531,53.849998474121094,205599,0.0,0.0
2023-01-04 09:30:00-05:00,54.369998931884766,54.779998779296875,54.20500183105469,54.369998931884766,100036,0.0,0.0
2023-01-04 10:30:00-05:00,54.349998474121094,54.525001525878906,54.310001373291016,54.404998779296875,63765,0.0,0.0
2023-01-04 11:30:00-05:00,54.40999984741211,54.7599983215332,54.40999984741211,54.474998474121094,139673,0.0,0.0
2023-01-04 12:30:00-05:00,54.47999954223633,54.75,54.47999954223633,54.72999954223633,152970,0.0,0.0
2023-01-04 13:30:00-05:00,54.73500061035156,54.8650016784668,54.2400016784668,54.25,138115,0.0,0.0
2023-01-04 14:30:00-05:00,54.25,54.54499816894531,54.14500045776367,54.40999984741211,147966,0.0,0.0
2023-01-04 15:30:00-05:00,54.400001525878906,54.599998474121094,54.20000076293945,54.584999084472656,204568,0.0,0.0
2023-01-05 09:30:00-05:00,53.9900016784668,54.20000076293945,53.61000061035156,54.13999938964844,85287,0.0,0.0
2023-01-05 10:30:00-05:00,54.150001525878906,54.290000915527344,53.77000045776367,53.77000045776367,63985,0.0,0.0
2023-01-05 11:30:00-05:00,53.779998779296875,53.845001220703125,53.58000183105469,53.790000915527344,43501,0.0,0.0
2023-01-05 12:30:00-05:00,53.79750061035156,54.060001373291016,53.709999084472656,54.01499938964844,61833,0.0,0.0
2023-01-05 13:30:00-05:00,54.040000915527344,54.10499954223633,53.869998931884766,53.89500045776367,69057,0.0,0.0
2023-01-05 14:30:00-05:00,53.880001068115234,54.04999923706055,53.77000045776367,53.790000915527344,95219,0.0,0.0
2023-01-05 15:30:00-05:00,53.790000915527344,53.959999084472656,53.70000076293945,53.939998626708984,209977,0.0,0.0
2023-01-06 09:30:00-05:00,54.43000030517578,54.970001220703125,54.36000061035156,54.93000030517578,123346,0.0,0.0
2023-01-06 10:30:00-05:00,54.939998626708984,55.325199127197266,54.939998626708984,55.04999923706055,102663,0.0,0.0
2023-01-06 11:30:00-05:00,55.03499984741211,55.18000030517578,54.9900016784668,55.02000045776367,48970,0.0,0.0
2023-01-06 12:30:00-05:00,55.025001525878906,55.19499969482422,54.91999816894531,55.18000030517578,57985,0.0,0.0
2023-01-06 13:30:00-05:00,55.18000030517578,55.27000045776367,55.099998474121094,55.119998931884766,138218,0.0,0.0
2023-01-06 14:30:00-05:00,55.130001068115234,55.59000015258789,55.099998474121094,55.345001220703125,101742,0.0,0.0
2023-01-06 15:30:00-05:00,55.34000015258789,55.52000045776367,55.27000045776367,55.31999969482422,157746,0.0,0.0
2023-01-09 09:30:00-05:00,55.380001068115234,55.599998474121094,55.27000045776367,55.369998931884766,128268,0.0,0.0
2023-01-09 10:30:00-05:00,55.349998474121094,55.90999984741211,55.33000183105469,55.76499938964844,97411,0.0,0.0
2023-01-09 11:30:00-05:00,55.75,55.82500076293945,55.630001068115234,55.755001068115234,78770,0.0,0.0
2023-01-09 12:30:00-05:00,55.75,55.84000015258789,55.619998931884766,55.679901123046875,105519,0.0,0.0
2023-01-09 13:30:00-05:00,55.68000030517578,55.79999923706055,55.54999923706055,55.66999816894531,117695,0.0,0.0
2023-01-09 14:30:00-05:00,55.650001525878906,55.650001525878906,55.45000076293945,55.54499816894531,198327,0.0,0.0
2023-01-09 15:30:00-05:00,55.540000915527344,55.65999984741211,55.48500061035156,55.56999969482422,165855,0.0,0.0
2023-01-10 09:30:00-05:00,55.56999969482422,55.91999816894531,55.525001525878906,55.665000915527344,102874,0.0,0.0
2023-01-10 10:30:00-05:00,55.66999816894531,55.81999969482422,55.5,55.66999816894531,120044,0.0,0.0
2023-01-10 11:30:00-05:00,55.68000030517578,55.779998779296875,55.599998474121094,55.75,157183,0.0,0.0
2023-01-10 12:30:00-05:00,55.744998931884766,55.88999938964844,55.68000030517578,55.88999938964844,55925,0.0,0.0
2023-01-10 13:30:00-05:00,55.89500045776367,56.04999923706055,55.869998931884766,56.0099983215332,98759,0.0,0.0
2023-01-10 14:30:00-05:00,56.02000045776367,56.06999969482422,55.869998931884766,56.0,118611,0.0,0.0
2023-01-10 15:30:00-05:00,55.994998931884766,56.21500015258789,55.994998931884766,56.20000076293945,171566,0.0,0.0
2023-01-11 09:30:00-05:00,56.599998474121094,57.36000061035156,56.540000915527344,57.119998931884766,408013,0.0,0.0
2023-01-11 10:30:00-05:00,57.11000061035156,57.16999816894531,56.959999084472656,57.09000015258789,264508,0.0,0.0
2023-01-11 11:30:00-05:00,57.09000015258789,57.13999938964844,57.0,57.040000915527344,200565,0.0,0.0
2023-01-11 12:30:00-05:00,57.03499984741211,57.15999984741211,57.0,57.13999938964844,167021,0.0,0.0
2023-01-11 13:30:00-05:00,57.130001068115234,57.189998626708984,57.0099983215332,57.06999969482422,188814,0.0,0.0
2023-01-11 14:30:00-05:00,57.07500076293945,57.255001068115234,57.029998779296875,57.04999923706055,166244,0.0,0.0
2023-01-11 15:30:00-05:00,57.04999923706055,57.58000183105469,57.040000915527344,57.4900016784668,472146,0.0,0.0
2023-01-12 09:30:00-05:00,57.65999984741211,57.75,57.20000076293945,57.54999923706055,386679,0.0,0.0
2023-01-12 10:30:00-05:00,57.54999923706055,57.849998474121094,57.439998626708984,57.79999923706055,620445,0.0,0.0
2023-01-12 11:30:00-05:00,57.80500030517578,58.27000045776367,57.744998931884766,58.150001525878906,406192,0.0,0.0
2023-01-12 12:30:00-05:00,58.15999984741211,58.41999816894531,58.040000915527344,58.189998626708984,185563,0.0,0.0
2023-01-12 13:30:00-05:00,58.16999816894531,58.59000015258789,58.150001525878906,58.369998931884766,573722,0.0,0.0
2023-01-12 14:30:00-05:00,58.380001068115234,58.529998779296875,58.09000015258789,58.09000015258789,335650,0.0,0.0
2023-01-12 15:30:00-05:00,58.08000183105469,58.40999984741211,57.79999923706055,58.0,756844,0.0,0.0
2023-01-13 09:30:00-05:00,57.630001068115234,57.974998474121094,57.334999084472656,57.560001373291016,173786,0.0,0.0
2023-01-13 10:30:00-05:00,57.56999969482422,57.810001373291016,57.525001525878906,57.720001220703125,386753,0.0,0.0
2023-01-13 11:30:00-05:00,57.720001220703125,58.209999084472656,57.600399017333984,57.939998626708984,291461,0.0,0.0
2023-01-13 12:30:00-05:00,57.91999816894531,57.939998626708984,57.70000076293945,57.91999816894531,185367,0.0,0.0
2023-01-13 13:30:00-05:00,57.90999984741211,58.25,57.88999938964844,58.099998474121094,125806,0.0,0.0
2023-01-13 14:30:00-05:00,58.099998474121094,58.34000015258789,58.040000915527344,58.334999084472656,601075,0.0,0.0
2023-01-13 15:30:00-05:00,58.34000015258789,58.72999954223633,58.34000015258789,58.5,366533,0.0,0.0
2023-01-17 09:30:00-05:00,58.380001068115234,58.84989929199219,58.32500076293945,58.5,201653,0.0,0.0
2023-01-17 10:30:00-05:00,58.5,58.5,57.939998626708984,58.2400016784668,231896,0.0,0.0
2023-01-17 11:30:00-05:00,58.2400016784668,58.33000183105469,58.185001373291016,58.310001373291016,148147,0.0,0.0
2023-01-17 12:30:00-05:00,58.33000183105469,58.349998474121094,57.97999954223633,58.04999923706055,223668,0.0,0.0
2023-01-17 13:30:00-05:00,58.040000915527344,58.07500076293945,57.3302001953125,57.494998931884766,147580,0.0,0.0
2023-01-17 14:30:00-05:00,57.52000045776367,57.94499969482422,57.52000045776367,57.90999984741211,440988,0.0,0.0
2023-01-17 15:30:00-05:00,57.900001525878906,57.959999084472656,57.709999084472656,57.900001525878906,408523,0.0,0.0
2023-01-18 09:30:00-05:00,57.900001525878906,58.15999984741211,57.63999938964844,57.66999816894531,87415,0.0,0.0
2023-01-18 10:30:00-05:00,57.665000915527344,57.709999084472656,57.0099983215332,57.189998626708984,122959,0.0,0.0
2023-01-18 11:30:00-05:00,57.16999816894531,57.20000076293945,56.79999923706055,56.79999923706055,93073,0.0,0.0
2023-01-18 12:30:00-05:00,56.801998138427734,56.880001068115234,56.54999923706055,56.77000045776367,84928,0.0,0.0
2023-01-18 13:30:00-05:00,56.7599983215332,56.959999084472656,56.71500015258789,56.80500030517578,90855,0.0,0.0
2023-01-18 14:30:00-05:00,56.810001373291016,56.829898834228516,56.44499969482422,56.459999084472656,109925,0.0,0.0
2023-01-18 15:30:00-05:00,56.45500183105469,56.459999084472656,56.09000015258789,56.13999938964844,250508,0.0,0.0
2023-01-19 09:30:00-05:00,55.7400016784668,55.849998474121094,55.279998779296875,55.310001373291016,74536,0.0,0.0
2023-01-19 10:30:00-05:00,55.29999923706055,55.38100051879883,55.04999923706055,55.22999954223633,72161,0.0,0.0
2023-01-19 11:30:00-05:00,55.2400016784668,55.470001220703125,55.11000061035156,55.31999969482422,74623,0.0,0.0
2023-01-19 12:30:00-05:00,55.32500076293945,55.33000183105469,55.119998931884766,55.22999954223633,59375,0.0,0.0
2023-01-19 13:30:00-05:00,55.2400016784668,55.52000045776367,55.2400016784668,55.47999954223633,59382,0.0,0.0
2023-01-19 14:30:00-05:00,55.47999954223633,55.630001068115234,55.369998931884766,55.43000030517578,78178,0.0,0.0
2023-01-19 15:30:00-05:00,55.41999816894531,55.41999816894531,54.94499969482422,55.029998779296875,215404,0.0,0.0
2023-01-20 09:30:00-05:00,55.0099983215332,55.36000061035156,54.68000030517578,55.36000061035156,160551,0.0,0.0
2023-01-20 10:30:00-05:00,55.369998931884766,55.54499816894531,55.290000915527344,55.47999954223633,70864,0.0,0.0
2023-01-20 11:30:00-05:00,55.52000045776367,55.540000915527344,55.380001068115234,55.400001525878906,43432,0.0,0.0
2023-01-20 12:30:00-05:00,55.400001525878906,55.42499923706055,55.250999450683594,55.290000915527344,39791,0.0,0.0
2023-01-20 13:30:00-05:00,55.290000915527344,55.689998626708984,55.290000915527344,55.595001220703125,118504,0.0,0.0
2023-01-20 14:30:00-05:00,55.59000015258789,55.86000061035156,55.584999084472656,55.70500183105469,129986,0.0,0.0
2023-01-20 15:30:00-05:00,55.720001220703125,56.0,55.63999938964844,55.959999084472656,221140,0.0,0.0
2023-01-23 09:30:00-05:00,56.13999938964844,56.564998626708984,55.95000076293945,56.53499984741211,97493,0.0,0.0
2023-01-23 10:30:00-05:00,56.540000915527344,56.91999816894531,56.540000915527344,56.75,67369,0.0,0.0
2023-01-23 11:30:00-05:00,56.7400016784668,57.040000915527344,56.709999084472656,57.025001525878906,74189,0.0,0.0
2023-01-23 12:30:00-05:00,57.029998779296875,57.349998474121094,57.029998779296875,57.290000915527344,64885,0.0,0.0
2023-01-23 13:30:00-05:00,57.29499816894531,57.529998779296875,57.15999984741211,57.16999816894531,105607,0.0,0.0
2023-01-23 14:30:00-05:00,57.17499923706055,57.22999954223633,56.869998931884766,57.10499954223633,99551,0.0,0.0
2023-01-23 15:30:00-05:00,57.11000061035156,57.35499954223633,57.11000061035156,57.25,183220,0.0,0.0
2023-01-24 09:30:00-05:00,57.130001068115234,57.27000045776367,56.93000030517578,57.23500061035156,89402,0.0,0.0
2023-01-24 10:30:00-05:00,57.22999954223633,57.61000061035156,57.209999084472656,57.61000061035156,80380,0.0,0.0
2023-01-24 11:30:00-05:00,57.61000061035156,57.61000061035156,57.36000061035156,57.540000915527344,50491,0.0,0.0
2023-01-24 12:30:00-05:00,57.529998779296875,57.66999816894531,57.470001220703125,57.56999969482422,53694,0.0,0.0
2023-01-24 13:30:00-05:00,57.58000183105469,57.66999816894531,57.4900016784668,57.54999923706055,59902,0.0,0.0
2023-01-24 14:30:00-05:00,57.55500030517578,57.7400016784668,57.540000915527344,57.59000015258789,74471,0.0,0.0
2023-01-24 15:30:00-05:00,57.59000015258789,57.61000061035156,57.349998474121094,57.40999984741211,160969,0.0,0.0
2023-01-25 09:30:00-05:00,56.93000030517578,57.09000015258789,56.7599983215332,56.790000915527344,64891,0.0,0.0
2023-01-25 10:30:00-05:00,56.790000915527344,57.255001068115234,56.709999084472656,57.22999954223633,85204,0.0,0.0
2023-01-25 11:30:00-05:00,57.2400016784668,57.36000061035156,57.18000030517578,57.22999954223633,46510,0.0,0.0
2023-01-25 12:30:00-05:00,57.25559997558594,57.439998626708984,57.25,57.40999984741211,42558,0.0,0.0
2023-01-25 13:30:00-05:00,57.41999816894531,57.529998779296875,57.31999969482422,57.3650016784668,47103,0.0,0.0
2023-01-25 14:30:00-05:00,57.3744010925293,57.625,57.35499954223633,57.52000045776367,54627,0.0,0.0
2023-01-25 15:30:00-05:00,57.52000045776367,57.61000061035156,57.415000915527344,57.61000061035156,124406,0.0,0.0
2023-01-26 09:30:00-05:00,57.779998779296875,58.08000183105469,57.31999969482422,57.68000030517578,65568,0.0,0.0
2023-01-26 10:30:00-05:00,57.70000076293945,57.790000915527344,57.43000030517578,57.54999923706055,59911,0.0,0.0
2023-01-26 11:30:00-05:00,57.540000915527344,57.79999923706055,57.459999084472656,57.595001220703125,63391,0.0,0.0
2023-01-26 12:30:00-05:00,57.59000015258789,57.720001220703125,57.51499938964844,57.650001525878906,64982,0.0,0.0
2023-01-26 13:30:00-05:00,57.65999984741211,57.7400016784668,57.45000076293945,57.4900016784668,56551,0.0,0.0
2023-01-26 14:30:00-05:00,57.4900016784668,57.65999984741211,57.4900016784668,57.54999923706055,63939,0.0,0.0
2023-01-26 15:30:00-05:00,57.54499816894531,57.619998931884766,57.459999084472656,57.59000015258789,174509,0.0,0.0
2023-01-27 09:30:00-05:00,57.40999984741211,57.76499938964844,57.31999969482422,57.61000061035156,70706,0.0,0.0
2023-01-27 10:30:00-05:00,57.61000061035156,57.79999923706055,57.31999969482422,57.40999984741211,94333,0.0,0.0
2023-01-27 11:30:00-05:00,57.43000030517578,57.650001525878906,57.43000030517578,57.52000045776367,47837,0.0,0.0
2023-01-27 12:30:00-05:00,57.52000045776367,57.66999816894531,57.5099983215332,57.650001525878906,45512,0.0,0.0
2023-01-27 13:30:00-05:00,57.63999938964844,57.7400016784668,57.540000915527344,57.720001220703125,53493,0.0,0.0
2023-01-27 14:30:00-05:00,57.720001220703125,57.77000045776367,57.584999084472656,57.689998626708984,176536,0.0,0.0
2023-01-27 15:30:00-05:00,57.70000076293945,57.744998931884766,57.5099983215332,57.61000061035156,148655,0.0,0.0
2023-01-30 09:30:00-05:00,57.36000061035156,58.13999938964844,57.209999084472656,58.119998931884766,87927,0.0,0.0
2023-01-30 10:30:00-05:00,58.130001068115234,58.15999984741211,57.88999938964844,58.0,118813,0.0,0.0
2023-01-30 11:30:00-05:00,58.02000045776367,58.209999084472656,57.91999816894531,58.17499923706055,81806,0.0,0.0
2023-01-30 12:30:00-05:00,58.16999816894531,58.27000045776367,58.099998474121094,58.220001220703125,75326,0.0,0.0
2023-01-30 13:30:00-05:00,58.209999084472656,58.27000045776367,58.084999084472656,58.130001068115234,83608,0.0,0.0
2023-01-30 14:30:00-05:00,58.130001068115234,58.19499969482422,58.060001373291016,58.11000061035156,94017,0.0,0.0
2023-01-30 15:30:00-05:00,58.11000061035156,58.290000915527344,57.83000183105469,57.880001068115234,246388,0.0,0.0
2023-01-31 09:30:00-05:00,57.959999084472656,58.34000015258789,57.900001525878906,58.19499969482422,77728,0.0,0.0
2023-01-31 10:30:00-05:00,58.209999084472656,58.619998931884766,58.189998626708984,58.560001373291016,88709,0.0,0.0
2023-01-31 11:30:00-05:00,58.56999969482422,58.720001220703125,58.439998626708984,58.65999984741211,80486,0.0,0.0
2023-01-31 12:30:00-05:00,58.650001525878906,58.67499923706055,58.500099182128906,58.5099983215332,63457,0.0,0.0
2023-01-31 13:30:00-05:00,58.52000045776367,58.66999816894531,58.459999084472656,58.625,63703,0.0,0.0
2023-01-31 14:30:00-05:00,58.630001068115234,58.790000915527344,58.59000015258789,58.61000061035156,94769,0.0,0.0
2023-01-31 15:30:00-05:00,58.6150016784668,58.97999954223633,58.58000183105469,58.959999084472656,211021,0.0,0.0
2023-02-01 09:30:00-05:00,58.689998626708984,58.70000076293945,57.63999938964844,57.73500061035156,305504,0.0,0.0
2023-02-01 10:30:00-05:00,57.72999954223633,57.72999954223633,57.06999969482422,57.290000915527344,322912,0.0,0.0
2023-02-01 11:30:00-05:00,57.30500030517578,57.31999969482422,56.724998474121094,57.04999923706055,224077,0.0,0.0
2023-02-01 12:30:00-05:00,57.040000915527344,57.58000183105469,56.97999954223633,57.53499984741211,194925,0.0,0.0
2023-02-01 13:30:00-05:00,57.54999923706055,57.900001525878906,57.459999084472656,57.67300033569336,166191,0.0,0.0
2023-02-01 14:30:00-05:00,57.68000030517578,58.48500061035156,57.459999084472656,58.38999938964844,293917,0.0,0.0
2023-02-01 15:30:00-05:00,58.41999816894531,58.72999954223633,58.27000045776367,58.33000183105469,536784,0.0,0.0
2023-02-02 09:30:00-05:00,58.25,58.95000076293945,58.099998474121094,58.470001220703125,310355,0.0,0.0
2023-02-02 10:30:00-05:00,58.4900016784668,59.33000183105469,58.4900016784668,59.130001068115234,257767,0.0,0.0
2023-02-02 11:30:00-05:00,59.119998931884766,59.130001068115234,58.70500183105469,58.939998626708984,123980,0.0,0.0
2023-02-02 12:30:00-05:00,58.93000030517578,58.970001220703125,58.654998779296875,58.78499984741211,126185,0.0,0.0
2023-02-02 13:30:00-05:00,58.787498474121094,59.130001068115234,58.75,58.904998779296875,150456,0.0,0.0
2023-02-02 14:30:00-05:00,58.90999984741211,58.93000030517578,58.6150016784668,58.68000030517578,168314,0.0,0.0
2023-02-02 15:30:00-05:00,58.689998626708984,58.77000045776367,58.43000030517578,58.72100067138672,360359,0.0,0.0
2023-02-03 09:30:00-05:00,58.2599983215332,58.31999969482422,57.619998931884766,58.20000076293945,229731,0.0,0.0
2023-02-03 10:30:00-05:00,58.209999084472656,58.32500076293945,58.08000183105469,58.150001525878906,151752,0.0,0.0
2023-02-03 11:30:00-05:00,58.13999938964844,58.150001525878906,57.97999954223633,58.060001373291016,74566,0.0,0.0
2023-02-03 12:30:00-05:00,58.060001373291016,58.1150016784668,57.77000045776367,57.86000061035156,71788,0.0,0.0
2023-02-03 13:30:00-05:00,57.84000015258789,58.0359992980957,57.810001373291016,57.91999816894531,112298,0.0,0.0
2023-02-03 14:30:00-05:00,57.90999984741211,57.9900016784668,57.58000183105469,57.70500183105469,179060,0.0,0.0
2023-02-03 15:30:00-05:00,57.709999084472656,57.7599983215332,57.41999816894531,57.470001220703125,480039,0.0,0.0
2023-02-06 09:30:00-05:00,56.875,57.11000061035156,56.11000061035156,56.70000076293945,368964,0.0,0.0
2023-02-06 10:30:00-05:00,56.70000076293945,56.75,56.29999923706055,56.45000076293945,280301,0.0,0.0
2023-02-06 11:30:00-05:00,56.44499969482422,56.619998931884766,56.16999816894531,56.189998626708984,168185,0.0,0.0
2023-02-06 12:30:00-05:00,56.18000030517578,56.47999954223633,56.1349983215332,56.279998779296875,156199,0.0,0.0
2023-02-06 13:30:00-05:00,56.279998779296875,56.630001068115234,56.275001525878906,56.380001068115234,105639,0.0,0.0
2023-02-06 14:30:00-05:00,56.369998931884766,56.47999954223633,56.06999969482422,56.099998474121094,266966,0.0,0.0
2023-02-06 15:30:00-05:00,56.11000061035156,56.5099983215332,56.09000015258789,56.380001068115234,422948,0.0,0.0
2023-02-07 09:30:00-05:00,55.88999938964844,56.393699645996094,55.27000045776367,55.59000015258789,286695,0.0,0.0
2023-02-07 10:30:00-05:00,55.59000015258789,55.7400016784668,55.2599983215332,55.61000061035156,193646,0.0,0.0
2023-02-07 11:30:00-05:00,55.61000061035156,55.65999984741211,55.4900016784668,55.55500030517578,103024,0.0,0.0
2023-02-07 12:30:00-05:00,55.560001373291016,56.02000045776367,55.40999984741211,55.40999984741211,188495,0.0,0.0
2023-02-07 13:30:00-05:00,55.400001525878906,55.88999938964844,55.084999084472656,55.83000183105469,176422,0.0,0.0
2023-02-07 14:30:00-05:00,55.83000183105469,56.060001373291016,55.790000915527344,56.040000915527344,176103,0.0,0.0
2023-02-07 15:30:00-05:00,56.02000045776367,56.29999923706055,55.900001525878906,56.06999969482422,383502,0.0,0.0
2023-02-08 09:30:00-05:00,55.599998474121094,56.290000915527344,55.22999954223633,56.290000915527344,303770,0.0,0.0
2023-02-08 10:30:00-05:00,56.2599983215332,56.38999938964844,55.900001525878906,55.96500015258789,130517,0.0,0.0
2023-02-08 11:30:00-05:00,55.95000076293945,55.994998931884766,55.72999954223633,55.779998779296875,112996,0.0,0.0
2023-02-08 12:30:00-05:00,55.7599983215332,56.14500045776367,55.720001220703125,56.0,105583,0.0,0.0
2023-02-08 13:30:00-05:00,55.9900016784668,56.099998474121094,55.869998931884766,55.959999084472656,96514,0.0,0.0
2023-02-08 14:30:00-05:00,55.970001220703125,56.0099983215332,55.64500045776367,55.84000015258789,189317,0.0,0.0
2023-02-08 15:30:00-05:00,55.880001068115234,56.08000183105469,55.84000015258789,55.939998626708984,303076,0.0,0.0
2023-02-09 09:30:00-05:00,56.22999954223633,56.75,55.97999954223633,56.57500076293945,155153,0.0,0.0
2023-02-09 10:30:00-05:00,56.59000015258789,56.72999954223633,56.31999969482422,56.470001220703125,112720,0.0,0.0
2023-02-09 11:30:00-05:00,56.47999954223633,56.560001373291016,56.400001525878906,56.43000030517578,64543,0.0,0.0
2023-02-09 12:30:00-05:00,56.43000030517578,56.439998626708984,56.21500015258789,56.290000915527344,79450,0.0,0.0
2023-02-09 13:30:00-05:00,56.2599983215332,56.43000030517578,56.15999984741211,56.209999084472656,89602,0.0,0.0
2023-02-09 14:30:00-05:00,56.209999084472656,56.310001373291016,56.060001373291016,56.15999984741211,124874,0.0,0.0
2023-02-09 15:30:00-05:00,56.15999984741211,56.33000183105469,55.9900016784668,56.029998779296875,262904,0.0,0.0
2023-02-10 09:30:00-05:00,55.720001220703125,56.22999954223633,55.52000045776367,56.209999084472656,277684,0.0,0.0
2023-02-10 10:30:00-05:00,56.2400016784668,56.2400016784668,55.880001068115234,56.09000015258789,106227,0.0,0.0
2023-02-10 11:30:00-05:00,56.064998626708984,56.154998779296875,55.91999816894531,56.0,88229,0.0,0.0
2023-02-10 12:30:00-05:00,55.9900016784668,56.31999969482422,55.9900016784668,56.224998474121094,102499,0.0,0.0
2023-02-10 13:30:00-05:00,56.220001220703125,56.279998779296875,56.02000045776367,56.150001525878906,123822,0.0,0.0
2023-02-10 14:30:00-05:00,56.150001525878906,56.27000045776367,56.11000061035156,56.150001525878906,101777,0.0,0.0
2023-02-10 15:30:00-05:00,56.154998779296875,56.30500030517578,56.13999938964844,56.16999816894531,341834,0.0,0.0
2023-02-13 09:30:00-05:00,56.41999816894531,56.689998626708984,56.16999816894531,56.67499923706055,168667,0.0,0.0
2023-02-13 10:30:00-05:00,56.68000030517578,56.880001068115234,56.599998474121094,56.75,77336,0.0,0.0
2023-02-13 11:30:00-05:00,56.77000045776367,57.060001373291016,56.68000030517578,56.974998474121094,95435,0.0,0.0
2023-02-13 12:30:00-05:00,56.97999954223633,57.05500030517578,56.86000061035156,57.02000045776367,116913,0.0,0.0
2023-02-13 13:30:00-05:00,57.02000045776367,57.20000076293945,56.959999084472656,57.02000045776367,90561,0.0,0.0
2023-02-13 14:30:00-05:00,57.02000045776367,57.11000061035156,56.91999816894531,57.09000015258789,104524,0.0,0.0
2023-02-13 15:30:00-05:00,57.099998474121094,57.18000030517578,57.040000915527344,57.18000030517578,191660,0.0,0.0
2023-02-14 09:30:00-05:00,56.97999954223633,57.522499084472656,56.400001525878906,57.34000015258789,117735,0.0,0.0
2023-02-14 10:30:00-05:00,57.31999969482422,57.349998474121094,56.939998626708984,57.060001373291016,103087,0.0,0.0
2023-02-14 11:30:00-05:00,57.0099983215332,57.209999084472656,56.869998931884766,57.20000076293945,82635,0.0,0.0
2023-02-14 12:30:00-05:00,57.18000030517578,57.5099983215332,57.13999938964844,57.400001525878906,87757,0.0,0.0
2023-02-14 13:30:00-05:00,57.400001525878906,57.52000045776367,57.34000015258789,57.470001220703125,102669,0.0,0.0
2023-02-14 14:30:00-05:00,57.47999954223633,57.61000061035156,57.40999984741211,57.54499816894531,250466,0.0,0.0
2023-02-14 15:30:00-05:00,57.540000915527344,57.62990188598633,57.38999938964844,57.41999816894531,338059,0.0,0.0
2023-02-15 09:30:00-05:00,56.9900016784668,57.38999938964844,56.790000915527344,57.25,123297,0.0,0.0
2023-02-15 10:30:00-05:00,57.25,57.61000061035156,57.22999954223633,57.5,101467,0.0,0.0
2023-02-15 11:30:00-05:00,57.52000045776367,57.599998474121094,57.349998474121094,57.45500183105469,310757,0.0,0.0
2023-02-15 12:30:00-05:00,57.459999084472656,57.599998474121094,57.40999984741211,57.54999923706055,150523,0.0,0.0
2023-02-15 13:30:00-05:00,57.560001373291016,57.81999969482422,57.529998779296875,57.79999923706055,115569,0.0,0.0
2023-02-15 14:30:00-05:00,57.79999923706055,58.029998779296875,57.77000045776367,57.95000076293945,113206,0.0,0.0
2023-02-15 15:30:00-05:00,57.959999084472656,58.02000045776367,57.775001525878906,57.900001525878906,441201,0.0,0.0
2023-02-16 09:30:00-05:00,57.20000076293945,57.650001525878906,56.900001525878906,57.5,388036,0.0,0.0
2023-02-16 10:30:00-05:00,57.5099983215332,57.61000061035156,57.349998474121094,57.45500183105469,142544,0.0,0.0
2023-02-16 11:30:00-05:00,57.467098236083984,57.7400016784668,57.380001068115234,57.68000030517578,231817,0.0,0.0
2023-02-16 12:30:00-05:00,57.709999084472656,58.0,57.709999084472656,57.709999084472656,141281,0.0,0.0
2023-02-16 13:30:00-05:00,57.709999084472656,58.029998779296875,57.689998626708984,58.029998779296875,85133,0.0,0.0
2023-02-16 14:30:00-05:00,58.0,58.224998474121094,57.90999984741211,57.970001220703125,151865,0.0,0.0
2023-02-16 15:30:00-05:00,57.959999084472656,58.0099983215332,57.81999969482422,57.900001525878906,317099,0.0,0.0
2023-02-17 09:30:00-05:00,57.72999954223633,58.29999923706055,57.72999954223633,58.150001525878906,183752,0.0,0.0
2023-02-17 10:30:00-05:00,58.14500045776367,58.334999084472656,57.77000045776367,57.81999969482422,159697,0.0,0.0
2023-02-17 11:30:00-05:00,57.810001373291016,58.11000061035156,57.68000030517578,58.11000061035156,86515,0.0,0.0
2023-02-17 12:30:00-05:00,58.099998474121094,58.525901794433594,58.06999969482422,58.45500183105469,106417,0.0,0.0
2023-02-17 13:30:00-05:00,58.459999084472656,58.790000915527344,58.43000030517578,58.65999984741211,143103,0.0,0.0
2023-02-17 14:30:00-05:00,58.67499923706055,58.71500015258789,58.529998779296875,58.650001525878906,136949,0.0,0.0
2023-02-17 15:30:00-05:00,58.64099884033203,58.91999816894531,58.61000061035156,58.86000061035156,346077,0.0,0.0
2023-02-21 09:30:00-05:00,58.20000076293945,58.810001373291016,58.09000015258789,58.3650016784668,279933,0.0,0.0
2023-02-21 10:30:00-05:00,58.32500076293945,58.36000061035156,57.849998474121094,57.959999084472656,151211,0.0,0.0
2023-02-21 11:30:00-05:00,57.959999084472656,57.98849868774414,57.5099983215332,57.52000045776367,147675,0.0,0.0
2023-02-21 12:30:00-05:00,57.51169967651367,57.54999923706055,56.93000030517578,56.95000076293945,139722,0.0,0.0
2023-02-21 13:30:00-05:00,56.939998626708984,56.97999954223633,56.529998779296875,56.61000061035156,116871,0.0,0.0
2023-02-21 14:30:00-05:00,56.599998474121094,56.75,56.560001373291016,56.63999938964844,134317,0.0,0.0
2023-02-21 15:30:00-05:00,56.65999984741211,56.720001220703125,56.29999923706055,56.34000015258789,316700,0.0,0.0
2023-02-22 09:30:00-05:00,56.22999954223633,57.220001220703125,56.22999954223633,56.869998931884766,456839,0.0,0.0
2023-02-22 10:30:00-05:00,56.81999969482422,57.029998779296875,56.70000076293945,56.8400993347168,140010,0.0,0.0
2023-02-22 11:30:00-05:00,56.849998474121094,57.04999923706055,56.779998779296875,57.0,78182,0.0,0.0
2023-02-22 12:30:00-05:00,57.0,57.06999969482422,56.810001373291016,56.900001525878906,96475,0.0,0.0
2023-02-22 13:30:00-05:00,56.90999984741211,57.040000915527344,56.7400016784668,56.84000015258789,113608,0.0,0.0
2023-02-22 14:30:00-05:00,56.81999969482422,56.86000061035156,56.380001068115234,56.439998626708984,273018,0.0,0.0
2023-02-22 15:30:00-05:00,56.439998626708984,56.76499938964844,56.33000183105469,56.70000076293945,402171,0.0,0.0
2023-02-23 09:30:00-05:00,55.5099983215332,56.29999923706055,55.04999923706055,55.36000061035156,381372,0.0,0.0
2023-02-23 10:30:00-05:00,55.317100524902344,55.86000061035156,54.869998931884766,55.56999969482422,213561,0.0,0.0
2023-02-23 11:30:00-05:00,55.584999084472656,55.689998626708984,55.220001220703125,55.459999084472656,174165,0.0,0.0
2023-02-23 12:30:00-05:00,55.459999084472656,55.70500183105469,55.3849983215332,55.52000045776367,174708,0.0,0.0
2023-02-23 13:30:00-05:00,55.52000045776367,55.970001220703125,55.435001373291016,55.90999984741211,183934,0.0,0.0
2023-02-23 14:30:00-05:00,55.915000915527344,56.189998626708984,55.755001068115234,56.154998779296875,186272,0.0,0.0
2023-02-23 15:30:00-05:00,56.150001525878906,56.32500076293945,56.119998931884766,56.2599983215332,378150,0.0,0.0
2023-02-24 09:30:00-05:00,55.709999084472656,56.54999923706055,55.5,56.54999923706055,227058,0.0,0.0
2023-02-24 10:30:00-05:00,56.54999923706055,56.970001220703125,56.41999816894531,56.959999084472656,166142,0.0,0.0
2023-02-24 11:30:00-05:00,56.970001220703125,57.310001373291016,56.93000030517578,57.25,120461,0.0,0.0
2023-02-24 12:30:00-05:00,57.2599983215332,57.290000915527344,57.005001068115234,57.04999923706055,103709,0.0,0.0
2023-02-24 13:30:00-05:00,57.04999923706055,57.43000030517578,57.040000915527344,57.29999923706055,127269,0.0,0.0
2023-02-24 14:30:00-05:00,57.29999923706055,57.66999816894531,57.290000915527344,57.654998779296875,131336,0.0,0.0
2023-02-24 15:30:00-05:00,57.665000915527344,57.66999816894531,57.34000015258789,57.54999923706055,268795,0.0,0.0
2023-02-27 09:30:00-05:00,58.540000915527344,58.619998931884766,57.869998931884766,57.90999984741211,645522,0.0,0.0
2023-02-27 10:30:00-05:00,57.93000030517578,57.970001220703125,57.625,57.869998931884766,165730,0.0,0.0
2023-02-27 11:30:00-05:00,57.880001068115234,57.88999938964844,57.43000030517578,57.58000183105469,174125,0.0,0.0
2023-02-27 12:30:00-05:00,57.584999084472656,57.92499923706055,57.584999084472656,57.78499984741211,127035,0.0,0.0
2023-02-27 13:30:00-05:00,57.78499984741211,57.79999923706055,57.41999816894531,57.540000915527344,334997,0.0,0.0
2023-02-27 14:30:00-05:00,57.529998779296875,57.560001373291016,57.15999984741211,57.25,200704,0.0,0.0
2023-02-27 15:30:00-05:00,57.25,57.470001220703125,57.125,57.439998626708984,299087,0.0,0.0
2023-02-28 09:30:00-05:00,57.650001525878906,58.06999969482422,57.650001525878906,57.7599983215332,188573,0.0,0.0
2023-02-28 10:30:00-05:00,57.7599983215332,57.7599983215332,57.23500061035156,57.25,148536,0.0,0.0
2023-02-28 11:30:00-05:00,57.27000045776367,57.314998626708984,56.90999984741211,57.22999954223633,132068,0.0,0.0
2023-02-28 12:30:00-05:00,57.22999954223633,57.319000244140625,57.029998779296875,57.25,96111,0.0,0.0
2023-02-28 13:30:00-05:00,57.2599983215332,57.45000076293945,57.040000915527344,57.099998474121094,142819,0.0,0.0
2023-02-28 14:30:00-05:00,57.11000061035156,57.19499969482422,57.0,57.05500030517578,156436,0.0,0.0
2023-02-28 15:30:00-05:00,57.04999923706055,57.560001373291016,56.93000030517578,57.279998779296875,782962,0.0,0.0
2023-03-01 09:30:00-05:00,56.880001068115234,57.58000183105469,56.55500030517578,57.22999954223633,316023,0.0,0.0
2023-03-01 10:30:00-05:00,57.220001220703125,57.47999954223633,56.880001068115234,57.06999969482422,302927,0.0,0.0
2023-03-01 11:30:00-05:00,57.06999969482422,57.45000076293945,57.060001373291016,57.349998474121094,114315,0.0,0.0
2023-03-01 12:30:00-05:00,57.369998931884766,57.65999984741211,57.36000061035156,57.45000076293945,123062,0.0,0.0
2023-03-01 13:30:00-05:00,57.439998626708984,57.474998474121094,57.130001068115234,57.19499969482422,117205,0.0,0.0
2023-03-01 14:30:00-05:00,57.154998779296875,57.25,57.09000015258789,57.220001220703125,161713,0.0,0.0
2023-03-01 15:30:00-05:00,57.22100067138672,57.439998626708984,57.16999816894531,57.40999984741211,260579,0.0,0.0
2023-03-02 09:30:00-05:00,57.380001068115234,57.619998931884766,57.25,57.584999084472656,437089,0.0,0.0
2023-03-02 10:30:00-05:00,57.56999969482422,57.75,57.5099983215332,57.5099983215332,194729,0.0,0.0
2023-03-02 11:30:00-05:00,57.52000045776367,57.84000015258789,57.45000076293945,57.84000015258789,189491,0.0,0.0
2023-03-02 12:30:00-05:00,57.849998474121094,57.935001373291016,57.77000045776367,57.88999938964844,210818,0.0,0.0
2023-03-02 13:30:00-05:00,57.9098014831543,58.209999084472656,57.82500076293945,58.20000076293945,168843,0.0,0.0
2023-03-02 14:30:00-05:00,58.22999954223633,58.26900100708008,57.994998931884766,58.209999084472656,297072,0.0,0.0
2023-03-02 15:30:00-05:00,58.220001220703125,58.404998779296875,58.150001525878906,58.20000076293945,451757,0.0,0.0
2023-03-03 09:30:00-05:00,58.349998474121094,58.529998779296875,57.654998779296875,57.9900016784668,547526,0.0,0.0
2023-03-03 10:30:00-05:00,57.994998931884766,58.13999938964844,57.88999938964844,58.025001525878906,299564,0.0,0.0
2023-03-03 11:30:00-05:00,58.029998779296875,58.11199951171875,57.810001373291016,58.0099983215332,267526,0.0,0.0
2023-03-03 12:30:00-05:00,58.005001068115234,58.09000015258789,57.970001220703125,58.029998779296875,227810,0.0,0.0
2023-03-03 13:30:00-05:00,58.040000915527344,58.279998779296875,58.005001068115234,58.16999816894531,188121,0.0,0.0
2023-03-03 14:30:00-05:00,58.16999816894531,58.41999816894531,58.130001068115234,58.33000183105469,282602,0.0,0.0
2023-03-03 15:30:00-05:00,58.33000183105469,58.349998474121094,58.16999816894531,58.33000183105469,471945,0.0,0.0
2023-03-06 09:30:00-05:00,58.349998474121094,58.66999816894531,57.83000183105469,58.439998626708984,382605,0.0,0.0
2023-03-06 10:30:00-05:00,58.45000076293945,58.48500061035156,58.10499954223633,58.119998931884766,232465,0.0,0.0
2023-03-06 11:30:00-05:00,58.125,58.209999084472656,58.0099983215332,58.0099983215332,181884,0.0,0.0
2023-03-06 12:30:00-05:00,58.02000045776367,58.029998779296875,57.810001373291016,57.880001068115234,167624,0.0,0.0
2023-03-06 13:30:00-05:00,57.880001068115234,57.88999938964844,57.5099983215332,57.63999938964844,185332,0.0,0.0
2023-03-06 14:30:00-05:00,57.63999938964844,57.66999816894531,57.529998779296875,57.599998474121094,233600,0.0,0.0
2023-03-06 15:30:00-05:00,57.61000061035156,57.720001220703125,57.5,57.540000915527344,546546,0.0,0.0
2023-03-07 09:30:00-05:00,57.630001068115234,58.30500030517578,57.439998626708984,58.09400177001953,666947,0.0,0.0
2023-03-07 10:30:00-05:00,58.09000015258789,58.27000045776367,57.79999923706055,57.97999954223633,311845,0.0,0.0
2023-03-07 11:30:00-05:00,57.97999954223633,57.98500061035156,57.65999984741211,57.93000030517578,177698,0.0,0.0
2023-03-07 12:30:00-05:00,57.91999816894531,57.95000076293945,57.599998474121094,57.654998779296875,183824,0.0,0.0
2023-03-07 13:30:00-05:00,57.6510009765625,57.7400016784668,57.52000045776367,57.70000076293945,243273,0.0,0.0
2023-03-07 14:30:00-05:00,57.70000076293945,57.900001525878906,57.650001525878906,57.82500076293945,268641,0.0,0.0
2023-03-07 15:30:00-05:00,57.82500076293945,57.95500183105469,57.5,57.59000015258789,394748,0.0,0.0
2023-03-08 09:30:00-05:00,57.7599983215332,57.959999084472656,57.670501708984375,57.869998931884766,351895,0.0,0.0
2023-03-08 10:30:00-05:00,57.86000061035156,57.959999084472656,57.2599983215332,57.33000183105469,130847,0.0,0.0
2023-03-08 11:30:00-05:00,57.33000183105469,57.50899887084961,57.25,57.349998474121094,148930,0.0,0.0
2023-03-08 12:30:00-05:00,57.33000183105469,57.33000183105469,57.130001068115234,57.13999938964844,129231,0.0,0.0
2023-03-08 13:30:00-05:00,57.130001068115234,57.27000045776367,57.130001068115234,57.209999084472656,84071,0.0,0.0
2023-03-08 14:30:00-05:00,57.220001220703125,57.2599983215332,57.130001068115234,57.25,124688,0.0,0.0
2023-03-08 15:30:00-05:00,57.25379943847656,57.560001373291016,57.25379943847656,57.540000915527344,268460,0.0,0.0
2023-03-09 09:30:00-05:00,57.630001068115234,57.790000915527344,57.41999816894531,57.45000076293945,157325,0.0,0.0
2023-03-09 10:30:00-05:00,57.44499969482422,57.459999084472656,57.20000076293945,57.220001220703125,124731,0.0,0.0
2023-03-09 11:30:00-05:00,57.220001220703125,57.2400016784668,56.79999923706055,56.95000076293945,146586,0.0,0.0
2023-03-09 12:30:00-05:00,56.95000076293945,56.970001220703125,56.61000061035156,56.63999938964844,128347,0.0,0.0
2023-03-09 13:30:00-05:00,56.619998931884766,56.63999938964844,56.330101013183594,56.540000915527344,173447,0.0,0.0
2023-03-09 14:30:00-05:00,56.52000045776367,56.52000045776367,55.86000061035156,56.029998779296875,189239,0.0,0.0
2023-03-09 15:30:00-05:00,56.0099983215332,56.119998931884766,55.935001373291016,55.970001220703125,302263,0.0,0.0
2023-03-10 09:30:00-05:00,55.61000061035156,55.74290084838867,55.07500076293945,55.43000030517578,276334,0.0,0.0
2023-03-10 10:30:00-05:00,55.45000076293945,55.84000015258789,55.189998626708984,55.84000015258789,200081,0.0,0.0
2023-03-10 11:30:00-05:00,55.86000061035156,55.90999984741211,55.060001373291016,55.130001068115234,153636,0.0,0.0
2023-03-10 12:30:00-05:00,55.13999938964844,55.349998474121094,54.83000183105469,54.86000061035156,129906,0.0,0.0
2023-03-10 13:30:00-05:00,54.86000061035156,55.2599983215332,54.689998626708984,54.880001068115234,181647,0.0,0.0
2023-03-10 14:30:00-05:00,54.88999938964844,55.13999938964844,54.720001220703125,54.834999084472656,306349,0.0,0.0
2023-03-10 15:30:00-05:00,54.810001373291016,54.810001373291016,54.349998474121094,54.58000183105469,483579,0.0,0.0
2023-03-13 09:30:00-04:00,53.9900016784668,54.02000045776367,53.189998626708984,53.206199645996094,239673,0.0,0.0
2023-03-13 10:30:00-04:00,53.2400016784668,53.849998474121094,53.08000183105469,53.84000015258789,174853,0.0,0.0
2023-03-13 11:30:00-04:00,53.84000015258789,53.93000030517578,53.42499923706055,53.599998474121094,172754,0.0,0.0
2023-03-13 12:30:00-04:00,53.625,53.70000076293945,53.25,53.349998474121094,251904,0.0,0.0
2023-03-13 13:30:00-04:00,53.349998474121094,53.68000030517578,53.31999969482422,53.599998474121094,262756,0.0,0.0
2023-03-13 14:30:00-04:00,53.61000061035156,53.7599983215332,53.244998931884766,53.28499984741211,304251,0.0,0.0
2023-03-13 15:30:00-04:00,53.290000915527344,53.650001525878906,53.290000915527344,53.415000915527344,401153,0.0,0.0
2023-03-14 09:30:00-04:00,54.189998626708984,54.779998779296875,54.119998931884766,54.7599983215332,204242,0.0,0.0
2023-03-14 10:30:00-04:00,54.77000045776367,55.060001373291016,54.709999084472656,54.81999969482422,203344,0.0,0.0
2023-03-14 11:30:00-04:00,54.83000183105469,54.869998931884766,54.5,54.5,199232,0.0,0.0
2023-03-14 12:30:00-04:00,54.525001525878906,54.619998931884766,54.0,54.130001068115234,118777,0.0,0.0
2023-03-14 13:30:00-04:00,54.099998474121094,54.25,53.900001525878906,54.18000030517578,161323,0.0,0.0
2023-03-14 14:30:00-04:00,54.17499923706055,54.34000015258789,54.0,54.13999938964844,167519,0.0,0.0
2023-03-14 15:30:00-04:00,54.130001068115234,54.54999923706055,54.08000183105469,54.529998779296875,291552,0.0,0.0
2023-03-15 09:30:00-04:00,53.09000015258789,53.540000915527344,52.81999969482422,53.16999816894531,398280,0.0,0.0
2023-03-15 10:30:00-04:00,53.150001525878906,53.459999084472656,53.029998779296875,53.279998779296875,180944,0.0,0.0
2023-03-15 11:30:00-04:00,53.25,53.34000015258789,52.779998779296875,52.84000015258789,226225,0.0,0.0
2023-03-15 12:30:00-04:00,52.845001220703125,52.959999084472656,52.65999984741211,52.84000015258789,263982,0.0,0.0
2023-03-15 13:30:00-04:00,52.790000915527344,53.220001220703125,52.54999923706055,53.10499954223633,175556,0.0,0.0
2023-03-15 14:30:00-04:00,53.13999938964844,53.459999084472656,53.0,53.41999816894531,194827,0.0,0.0
2023-03-15 15:30:00-04:00,53.400001525878906,53.41999816894531,53.189998626708984,53.38999938964844,450225,0.0,0.0
2023-03-16 09:30:00-04:00,52.959999084472656,53.7400016784668,52.959999084472656,53.529998779296875,239043,0.0,0.0
2023-03-16 10:30:00-04:00,53.540000915527344,54.310001373291016,53.44499969482422,54.27000045776367,163395,0.0,0.0
2023-03-16 11:30:00-04:00,54.310001373291016,54.66999816894531,54.27000045776367,54.52220153808594,216994,0.0,0.0
2023-03-16 12:30:00-04:00,54.529998779296875,55.02000045776367,54.45000076293945,54.63999938964844,198517,0.0,0.0
2023-03-16 13:30:00-04:00,54.630001068115234,54.65999984741211,54.47999954223633,54.59000015258789,105393,0.0,0.0
2023-03-16 14:30:00-04:00,54.58000183105469,54.849998474121094,54.470001220703125,54.79499816894531,194933,0.0,0.0
2023-03-16 15:30:00-04:00,54.79499816894531,54.880001068115234,54.689998626708984,54.7599983215332,419701,0.0,0.0
2023-03-17 09:30:00-04:00,54.40999984741211,54.40999984741211,53.834999084472656,53.93000030517578,590783,0.0,0.0
2023-03-17 10:30:00-04:00,53.91999816894531,54.099998474121094,53.79999923706055,53.90999984741211,353040,0.0,0.0
2023-03-17 11:30:00-04:00,53.88999938964844,54.06999969482422,53.83760070800781,53.900001525878906,270976,0.0,0.0
2023-03-17 12:30:00-04:00,53.88999938964844,54.119998931884766,53.88999938964844,54.06999969482422,220648,0.0,0.0
2023-03-17 13:30:00-04:00,54.06100082397461,54.150001525878906,53.744998931884766,53.75,277980,0.0,0.0
2023-03-17 14:30:00-04:00,53.7599983215332,54.09000015258789,53.68000030517578,54.08000183105469,294037,0.0,0.0
2023-03-17 15:30:00-04:00,54.060001373291016,54.15999984741211,53.970001220703125,54.029998779296875,406457,0.0,0.0
2023-03-20 09:30:00-04:00,54.310001373291016,55.11000061035156,54.11000061035156,55.04999923706055,256218,0.0,0.0
2023-03-20 10:30:00-04:00,55.040000915527344,55.290000915527344,55.01499938964844,55.25,162990,0.0,0.0
2023-03-20 11:30:00-04:00,55.2400016784668,55.244998931884766,54.630001068115234,54.709999084472656,86882,0.0,0.0
2023-03-20 12:30:00-04:00,54.71799850463867,55.02000045776367,54.66999816894531,54.875,90209,0.0,0.0
2023-03-20 13:30:00-04:00,54.88999938964844,54.97999954223633,54.619998931884766,54.650001525878906,83630,0.0,0.0
2023-03-20 14:30:00-04:00,54.654998779296875,54.70000076293945,54.52000045776367,54.63999938964844,103666,0.0,0.0
2023-03-20 15:30:00-04:00,54.630001068115234,54.86000061035156,54.6150016784668,54.755001068115234,215617,0.0,0.0
2023-03-21 09:30:00-04:00,55.2599983215332,55.66999816894531,55.2599983215332,55.45000076293945,520183,0.0,0.0
2023-03-21 10:30:00-04:00,55.459999084472656,55.63999938964844,55.439998626708984,55.54999923706055,118047,0.0,0.0
2023-03-21 11:30:00-04:00,55.560001373291016,55.64500045776367,55.15999984741211,55.16999816894531,137721,0.0,0.0
2023-03-21 12:30:00-04:00,55.17499923706055,55.2599983215332,55.06999969482422,55.125,113195,0.0,0.0
2023-03-21 13:30:00-04:00,55.130001068115234,55.19499969482422,54.959999084472656,55.14500045776367,76785,0.0,0.0
2023-03-21 14:30:00-04:00,55.150001525878906,55.255001068115234,55.09000015258789,55.18000030517578,97923,0.0,0.0
2023-03-21 15:30:00-04:00,55.18000030517578,55.345001220703125,55.13999938964844,55.22999954223633,198237,0.0,0.0
2023-03-22 09:30:00-04:00,55.34000015258789,55.40999984741211,55.07500076293945,55.404998779296875,86440,0.0,0.0
2023-03-22 10:30:00-04:00,55.41999816894531,55.41999816894531,55.20000076293945,55.34000015258789,87176,0.0,0.0
2023-03-22 11:30:00-04:00,55.349998474121094,55.45000076293945,55.189998626708984,55.345001220703125,107365,0.0,0.0
2023-03-22 12:30:00-04:00,55.34000015258789,55.380001068115234,55.150001525878906,55.2599983215332,63727,0.0,0.0
2023-03-22 13:30:00-04:00,55.279998779296875,55.57500076293945,55.18000030517578,55.36000061035156,113155,0.0,0.0
2023-03-22 14:30:00-04:00,55.349998474121094,55.66999816894531,54.939998626708984,55.33000183105469,173667,0.0,0.0
2023-03-22 15:30:00-04:00,55.33000183105469,55.34000015258789,54.540000915527344,54.54999923706055,249596,0.0,0.0
2023-03-23 09:30:00-04:00,54.459999084472656,54.51250076293945,53.959999084472656,54.095001220703125,126833,0.0,0.0
2023-03-23 10:30:00-04:00,54.09000015258789,54.5,54.09000015258789,54.255001068115234,76794,0.0,0.0
2023-03-23 11:30:00-04:00,54.27000045776367,54.400001525878906,54.25,54.290000915527344,63320,0.0,0.0
2023-03-23 12:30:00-04:00,54.29999923706055,54.36000061035156,53.91999816894531,54.0,75380,0.0,0.0
2023-03-23 13:30:00-04:00,53.9900016784668,54.029998779296875,53.685001373291016,53.685001373291016,96310,0.0,0.0
2023-03-23 14:30:00-04:00,53.689998626708984,53.810001373291016,53.2400016784668,53.470001220703125,177249,0.0,0.0
2023-03-23 15:30:00-04:00,53.45000076293945,53.790000915527344,53.38999938964844,53.55500030517578,278515,0.0,0.0
2023-03-24 09:30:00-04:00,53.2599983215332,53.470001220703125,52.97999954223633,53.459999084472656,98695,0.0,0.0
2023-03-24 10:30:00-04:00,53.439998626708984,53.494998931884766,53.0,53.220001220703125,77252,0.0,0.0
2023-03-24 11:30:00-04:00,53.209999084472656,53.54999923706055,53.130001068115234,53.45000076293945,75329,0.0,0.0
2023-03-24 12:30:00-04:00,53.45500183105469,53.66999816894531,53.43000030517578,53.560001373291016,58836,0.0,0.0
2023-03-24 13:30:00-04:00,53.56999969482422,53.755001068115234,53.55500030517578,53.65999984741211,69178,0.0,0.0
2023-03-24 14:30:00-04:00,53.689998626708984,53.83000183105469,53.630001068115234,53.83000183105469,131674,0.0,0.0
2023-03-24 15:30:00-04:00,53.83000183105469,53.86000061035156,53.689998626708984,53.810001373291016,221132,0.0,0.0
2023-03-27 09:30:00-04:00,54.279998779296875,54.40999984741211,54.11000061035156,54.209999084472656,212112,0.0,0.0
2023-03-27 10:30:00-04:00,54.20000076293945,54.2400016784668,53.83000183105469,53.939998626708984,150324,0.0,0.0
2023-03-27 11:30:00-04:00,53.959999084472656,54.189998626708984,53.95000076293945,54.095001220703125,133326,0.0,0.0
2023-03-27 12:30:00-04:00,54.099998474121094,54.45500183105469,54.084999084472656,54.42499923706055,242641,0.0,0.0
2023-03-27 13:30:00-04:00,54.43000030517578,54.5099983215332,54.34090042114258,54.47999954223633,136337,0.0,0.0
2023-03-27 14:30:00-04:00,54.474998474121094,54.619998931884766,54.470001220703125,54.58000183105469,157603,0.0,0.0
2023-03-27 15:30:00-04:00,54.58000183105469,54.625,54.2599983215332,54.380001068115234,375524,0.0,0.0
2023-03-28 09:30:00-04:00,54.459999084472656,55.31999969482422,54.415000915527344,55.279998779296875,166390,0.0,0.0
2023-03-28 10:30:00-04:00,55.26499938964844,55.27000045776367,55.040000915527344,55.150001525878906,131211,0.0,0.0
2023-03-28 11:30:00-04:00,55.14500045776367,55.165000915527344,55.000999450683594,55.029998779296875,87090,0.0,0.0
2023-03-28 12:30:00-04:00,55.040000915527344,55.209999084472656,55.0099983215332,55.060001373291016,79122,0.0,0.0
2023-03-28 13:30:00-04:00,55.08000183105469,55.13999938964844,54.95000076293945,54.95000076293945,93223,0.0,0.0
2023-03-28 14:30:00-04:00,54.95970153808594,55.099998474121094,54.91999816894531,55.029300689697266,89251,0.0,0.0
2023-03-28 15:30:00-04:00,55.02000045776367,55.30500030517578,55.0099983215332,55.25,234074,0.0,0.0
2023-03-29 09:30:00-04:00,55.83000183105469,55.939998626708984,55.34000015258789,55.470001220703125,345873,0.0,0.0
2023-03-29 10:30:00-04:00,55.47999954223633,55.47999954223633,55.2400016784668,55.345001220703125,82078,0.0,0.0
2023-03-29 11:30:00-04:00,55.349998474121094,55.36000061035156,55.16999816894531,55.30500030517578,73639,0.0,0.0
2023-03-29 12:30:00-04:00,55.310001373291016,55.400001525878906,55.25,55.38999938964844,53149,0.0,0.0
2023-03-29 13:30:00-04:00,55.39500045776367,55.404998779296875,55.23500061035156,55.33000183105469,70901,0.0,0.0
2023-03-29 14:30:00-04:00,55.33829879760742,55.79999923706055,55.33000183105469,55.79499816894531,169141,0.0,0.0
2023-03-29 15:30:00-04:00,55.790000915527344,55.86000061035156,55.65999984741211,55.84000015258789,195370,0.0,0.0
2023-03-30 09:30:00-04:00,56.29999923706055,57.13999938964844,55.790000915527344,56.029998779296875,166121,0.0,0.0
2023-03-30 10:30:00-04:00,56.040000915527344,56.064998626708984,55.68000030517578,55.784000396728516,95484,0.0,0.0
2023-03-30 11:30:00-04:00,55.779998779296875,55.779998779296875,55.54999923706055,55.54999923706055,64702,0.0,0.0
2023-03-30 12:30:00-04:00,55.54999923706055,55.625,55.43000030517578,55.510101318359375,107840,0.0,0.0
2023-03-30 13:30:00-04:00,55.52000045776367,55.625,55.400001525878906,55.595001220703125,54112,0.0,0.0
2023-03-30 14:30:00-04:00,55.599998474121094,55.685001373291016,55.564998626708984,55.595001220703125,68459,0.0,0.0
2023-03-30 15:30:00-04:00,55.58000183105469,55.630001068115234,55.5099983215332,55.599998474121094,136926,0.0,0.0
2023-03-31 09:30:00-04:00,55.709999084472656,56.04999923706055,55.619998931884766,55.75,98763,0.0,0.0
2023-03-31 10:30:00-04:00,55.7599983215332,56.1349983215332,55.75,56.091800689697266,82963,0.0,0.0
2023-03-31 11:30:00-04:00,56.09000015258789,56.209999084472656,56.03499984741211,56.18000030517578,68973,0.0,0.0
2023-03-31 12:30:00-04:00,56.150001525878906,56.150001525878906,56.0,56.0,62282,0.0,0.0
2023-03-31 13:30:00-04:00,56.0099983215332,56.189998626708984,55.97999954223633,56.150001525878906,64199,0.0,0.0
2023-03-31 14:30:00-04:00,56.15999984741211,56.52000045776367,56.11000061035156,56.52000045776367,137983,0.0,0.0
2023-03-31 15:30:00-04:00,56.52000045776367,56.84000015258789,56.400001525878906,56.75,424182,0.0,0.0
2023-04-03 09:30:00-04:00,56.599998474121094,57.099998474121094,56.564998626708984,56.97999954223633,77298,0.0,0.0
2023-04-03 10:30:00-04:00,57.0,57.0,56.404998779296875,56.4900016784668,59265,0.0,0.0
2023-04-03 11:30:00-04:00,56.47999954223633,56.720001220703125,56.47999954223633,56.64500045776367,61964,0.0,0.0
2023-04-03 12:30:00-04:00,56.64500045776367,56.779998779296875,56.60499954223633,56.69300079345703,48791,0.0,0.0
2023-04-03 13:30:00-04:00,56.689998626708984,56.70000076293945,56.55500030517578,56.630001068115234,47171,0.0,0.0
2023-04-03 14:30:00-04:00,56.630001068115234,56.7599983215332,56.59000015258789,56.75,73393,0.0,0.0
2023-04-03 15:30:00-04:00,56.7599983215332,56.810001373291016,56.68000030517578,56.689998626708984,114516,0.0,0.0
2023-04-04 09:30:00-04:00,56.849998474121094,56.880001068115234,55.79999923706055,55.88999938964844,100930,0.0,0.0
2023-04-04 10:30:00-04:00,55.88999938964844,56.029998779296875,55.349998474121094,55.529998779296875,71816,0.0,0.0
2023-04-04 11:30:00-04:00,55.540000915527344,55.599998474121094,55.33000183105469,55.5,70642,0.0,0.0
2023-04-04 12:30:00-04:00,55.52000045776367,55.71500015258789,55.41999816894531,55.65999984741211,53099,0.0,0.0
2023-04-04 13:30:00-04:00,55.665000915527344,55.689998626708984,55.400001525878906,55.41999816894531,46487,0.0,0.0
2023-04-04 14:30:00-04:00,55.40999984741211,55.650001525878906,55.40999984741211,55.47999954223633,77940,0.0,0.0
2023-04-04 15:30:00-04:00,55.47999954223633,55.77000045776367,55.290000915527344,55.7599983215332,193699,0.0,0.0
2023-04-05 09:30:00-04:00,55.60499954223633,55.60499954223633,54.93000030517578,55.119998931884766,84292,0.0,0.0
2023-04-05 10:30:00-04:00,55.125,55.220001220703125,54.77000045776367,54.790000915527344,73010,0.0,0.0
2023-04-05 11:30:00-04:00,54.790000915527344,54.880001068115234,54.47999954223633,54.505001068115234,50172,0.0,0.0
2023-04-05 12:30:00-04:00,54.5099983215332,54.5099983215332,54.2400016784668,54.40999984741211,75082,0.0,0.0
2023-04-05 13:30:00-04:00,54.40999984741211,54.40999984741211,54.18000030517578,54.220001220703125,106790,0.0,0.0
2023-04-05 14:30:00-04:00,54.220001220703125,54.400001525878906,54.19499969482422,54.37900161743164,109245,0.0,0.0
2023-04-05 15:30:00-04:00,54.3849983215332,54.38999938964844,54.18000030517578,54.22999954223633,339963,0.0,0.0
2023-04-06 09:30:00-04:00,54.06999969482422,54.47999954223633,54.029998779296875,54.25,117319,0.0,0.0
2023-04-06 10:30:00-04:00,54.2400016784668,54.29999923706055,53.9900016784668,54.09000015258789,79227,0.0,0.0
2023-04-06 11:30:00-04:00,54.09000015258789,54.43000030517578,54.040000915527344,54.41999816894531,78575,0.0,0.0
2023-04-06 12:30:00-04:00,54.43000030517578,54.5,54.380001068115234,54.459999084472656,114683,0.0,0.0
2023-04-06 13:30:00-04:00,54.47999954223633,54.4900016784668,54.220001220703125,54.33000183105469,56134,0.0,0.0
2023-04-06 14:30:00-04:00,54.334999084472656,54.375,54.275001525878906,54.35879898071289,127346,0.0,0.0
2023-04-06 15:30:00-04:00,54.380001068115234,54.46500015258789,54.33000183105469,54.38999938964844,182607,0.0,0.0
2023-04-10 09:30:00-04:00,54.0,54.959999084472656,54.0,54.91999816894531,104047,0.0,0.0
2023-04-10 10:30:00-04:00,54.91999816894531,55.060001373291016,54.90999984741211,55.04999923706055,74687,0.0,0.0
2023-04-10 11:30:00-04:00,55.08000183105469,55.15999984741211,54.97999954223633,55.150001525878906,95833,0.0,0.0
2023-04-10 12:30:00-04:00,55.15999984741211,55.4900016784668,55.130001068115234,55.34000015258789,97350,0.0,0.0
2023-04-10 13:30:00-04:00,55.349998474121094,55.40999984741211,55.255001068115234,55.369998931884766,73935,0.0,0.0
2023-04-10 14:30:00-04:00,55.380001068115234,55.46500015258789,55.32500076293945,55.40999984741211,94378,0.0,0.0
2023-04-10 15:30:00-04:00,55.40999984741211,55.59000015258789,55.40999984741211,55.58000183105469,212221,0.0,0.0
2023-04-11 09:30:00-04:00,55.849998474121094,56.189998626708984,55.400001525878906,55.98500061035156,122832,0.0,0.0
2023-04-11 10:30:00-04:00,55.9900016784668,56.27000045776367,55.86000061035156,56.20000076293945,89709,0.0,0.0
2023-04-11 11:30:00-04:00,56.209999084472656,56.380001068115234,56.15999984741211,56.34000015258789,70143,0.0,0.0
2023-04-11 12:30:00-04:00,56.34000015258789,56.36000061035156,56.189998626708984,56.279998779296875,46383,0.0,0.0
2023-04-11 13:30:00-04:00,56.29999923706055,56.45600128173828,56.275001525878906,56.41999816894531,50941,0.0,0.0
2023-04-11 14:30:00-04:00,56.43000030517578,56.689998626708984,56.43000030517578,56.619998931884766,115142,0.0,0.0
2023-04-11 15:30:00-04:00,56.619998931884766,56.63999938964844,56.400001525878906,56.4900016784668,233346,0.0,0.0
2023-04-12 09:30:00-04:00,56.834999084472656,57.0,56.63999938964844,56.709999084472656,103634,0.0,0.0
2023-04-12 10:30:00-04:00,56.689998626708984,56.689998626708984,56.220001220703125,56.42499923706055,112453,0.0,0.0
2023-04-12 11:30:00-04:00,56.439998626708984,56.54499816894531,56.369998931884766,56.5,55878,0.0,0.0
2023-04-12 12:30:00-04:00,56.52000045776367,56.659000396728516,56.47999954223633,56.63999938964844,51552,0.0,0.0
2023-04-12 13:30:00-04:00,56.630001068115234,56.7400016784668,56.4900016784668,56.5,53020,0.0,0.0
2023-04-12 14:30:00-04:00,56.41999816894531,56.46500015258789,56.22999954223633,56.28499984741211,72382,0.0,0.0
2023-04-12 15:30:00-04:00,56.29999923706055,56.435001373291016,56.22999954223633,56.33000183105469,163030,0.0,0.0
2023-04-13 09:30:00-04:00,56.31999969482422,56.31999969482422,55.189998626708984,55.439998626708984,86679,0.0,0.0
2023-04-13 10:30:00-04:00,55.45500183105469,55.970001220703125,55.316001892089844,55.970001220703125,109165,0.0,0.0
2023-04-13 11:30:00-04:00,55.959999084472656,56.0,55.665000915527344,55.939998626708984,95376,0.0,0.0
2023-04-13 12:30:00-04:00,55.93899917602539,55.97999954223633,55.8213005065918,55.849998474121094,52998,0.0,0.0
2023-04-13 13:30:00-04:00,55.810001373291016,56.099998474121094,55.810001373291016,56.099998474121094,73373,0.0,0.0
2023-04-13 14:30:00-04:00,56.10499954223633,56.20500183105469,56.060001373291016,56.06999969482422,62390,0.0,0.0
2023-04-13 15:30:00-04:00,56.060001373291016,56.060001373291016,55.849998474121094,55.95000076293945,145727,0.0,0.0
2023-04-14 09:30:00-04:00,56.040000915527344,56.65999984741211,55.9900016784668,56.209999084472656,127041,0.0,0.0
2023-04-14 10:30:00-04:00,56.220001220703125,56.279998779296875,55.904998779296875,55.95000076293945,103549,0.0,0.0
2023-04-14 11:30:00-04:00,55.959999084472656,56.02000045776367,55.869998931884766,55.93000030517578,87326,0.0,0.0
2023-04-14 12:30:00-04:00,55.90999984741211,55.9900016784668,55.67499923706055,55.67499923706055,57980,0.0,0.0
2023-04-14 13:30:00-04:00,55.65999984741211,55.92499923706055,55.58000183105469,55.92499923706055,64338,0.0,0.0
2023-04-14 14:30:00-04:00,55.93000030517578,56.130001068115234,55.90999984741211,56.119998931884766,156413,0.0,0.0
2023-04-14 15:30:00-04:00,56.119998931884766,56.380001068115234,56.11000061035156,56.310001373291016,169471,0.0,0.0
2023-04-17 09:30:00-04:00,56.310001373291016,56.56999969482422,56.04999923706055,56.560001373291016,118366,0.0,0.0
2023-04-17 10:30:00-04:00,56.560001373291016,56.58000183105469,56.0,56.0,68749,0.0,0.0
2023-04-17 11:30:00-04:00,55.97999954223633,56.04999923706055,55.849998474121094,56.02000045776367,60212,0.0,0.0
2023-04-17 12:30:00-04:00,56.029998779296875,56.040000915527344,55.83000183105469,55.91640090942383,56721,0.0,0.0
2023-04-17 13:30:00-04:00,55.91999816894531,55.95000076293945,55.68000030517578,55.779998779296875,71096,0.0,0.0
2023-04-17 14:30:00-04:00,55.810001373291016,56.130001068115234,55.810001373291016,56.11000061035156,106298,0.0,0.0
2023-04-17 15:30:00-04:00,56.099998474121094,56.220001220703125,56.0,56.15999984741211,175188,0.0,0.0
2023-04-18 09:30:00-04:00,56.31999969482422,56.665000915527344,56.22999954223633,56.54499816894531,119025,0.0,0.0
2023-04-18 10:30:00-04:00,56.55500030517578,56.599998474121094,56.2400016784668,56.33000183105469,74725,0.0,0.0
2023-04-18 11:30:00-04:00,56.31999969482422,56.52000045776367,56.275001525878906,56.52000045776367,71695,0.0,0.0
2023-04-18 12:30:00-04:00,56.5099983215332,56.5099983215332,56.27000045776367,56.400001525878906,87133,0.0,0.0
2023-04-18 13:30:00-04:00,56.404998779296875,56.540000915527344,56.38999938964844,56.52000045776367,66381,0.0,0.0
2023-04-18 14:30:00-04:00,56.52000045776367,56.599998474121094,56.439998626708984,56.52000045776367,78088,0.0,0.0
2023-04-18 15:30:00-04:00,56.5,56.650001525878906,56.5,56.54999923706055,213112,0.0,0.0
2023-04-19 09:30:00-04:00,56.33000183105469,56.375,55.849998474121094,55.91999816894531,132870,0.0,0.0
2023-04-19 10:30:00-04:00,55.93000030517578,55.95500183105469,55.59000015258789,55.61000061035156,95588,0.0,0.0
2023-04-19 11:30:00-04:00,55.61000061035156,55.83000183105469,55.584999084472656,55.7599983215332,63465,0.0,0.0
2023-04-19 12:30:00-04:00,55.7599983215332,55.869998931884766,55.67499923706055,55.76169967651367,76499,0.0,0.0
2023-04-19 13:30:00-04:00,55.7599983215332,56.040000915527344,55.7599983215332,55.95000076293945,86580,0.0,0.0
2023-04-19 14:30:00-04:00,55.959999084472656,56.04999923706055,55.904998779296875,55.97999954223633,98782,0.0,0.0
2023-04-19 15:30:00-04:00,55.970001220703125,55.97999954223633,55.779998779296875,55.90999984741211,192581,0.0,0.0
2023-04-20 09:30:00-04:00,55.560001373291016,56.45000076293945,55.209999084472656,56.439998626708984,104419,0.0,0.0
2023-04-20 10:30:00-04:00,56.47990036010742,56.779998779296875,56.45000076293945,56.63999938964844,70426,0.0,0.0
2023-04-20 11:30:00-04:00,56.630001068115234,56.7400016784668,56.41999816894531,56.63999938964844,81048,0.0,0.0
2023-04-20 12:30:00-04:00,56.630001068115234,56.709999084472656,56.56999969482422,56.619998931884766,55912,0.0,0.0
2023-04-20 13:30:00-04:00,56.625,56.68000030517578,56.45000076293945,56.52000045776367,57222,0.0,0.0
2023-04-20 14:30:00-04:00,56.540000915527344,56.540000915527344,56.33000183105469,56.33000183105469,85385,0.0,0.0
2023-04-20 15:30:00-04:00,56.349998474121094,56.68000030517578,56.349998474121094,56.650001525878906,165523,0.0,0.0
2023-04-21 09:30:00-04:00,56.650001525878906,56.939998626708984,56.369998931884766,56.59000015258789,90527,0.0,0.0
2023-04-21 10:30:00-04:00,56.58100128173828,56.619998931884766,56.279998779296875,56.400001525878906,73865,0.0,0.0
2023-04-21 11:30:00-04:00,56.40999984741211,56.525001525878906,56.31999969482422,56.32500076293945,48167,0.0,0.0
2023-04-21 12:30:00-04:00,56.34000015258789,56.439998626708984,56.290000915527344,56.41999816894531,44798,0.0,0.0
2023-04-21 13:30:00-04:00,56.43000030517578,56.665000915527344,56.43000030517578,56.619998931884766,53060,0.0,0.0
2023-04-21 14:30:00-04:00,56.61000061035156,56.61000061035156,56.435001373291016,56.54999923706055,63006,0.0,0.0
2023-04-21 15:30:00-04:00,56.54999923706055,56.66999816894531,56.5,56.599998474121094,158067,0.0,0.0
2023-04-24 09:30:00-04:00,56.599998474121094,57.43000030517578,56.59000015258789,57.36000061035156,128412,0.0,0.0
2023-04-24 10:30:00-04:00,57.38999938964844,57.459999084472656,57.04999923706055,57.189998626708984,81681,0.0,0.0
2023-04-24 11:30:00-04:00,57.20000076293945,57.25490188598633,56.900001525878906,57.029998779296875,84077,0.0,0.0
2023-04-24 12:30:00-04:00,57.029998779296875,57.13999938964844,56.96500015258789,56.97800064086914,61286,0.0,0.0
2023-04-24 13:30:00-04:00,56.970001220703125,57.119998931884766,56.91999816894531,56.91999816894531,79292,0.0,0.0
2023-04-24 14:30:00-04:00,56.91999816894531,57.11000061035156,56.810001373291016,57.08000183105469,106852,0.0,0.0
2023-04-24 15:30:00-04:00,57.079498291015625,57.20000076293945,56.95000076293945,57.189998626708984,190315,0.0,0.0
2023-04-25 09:30:00-04:00,56.86000061035156,56.935001373291016,56.75,56.93000030517578,84097,0.0,0.0
2023-04-25 10:30:00-04:00,56.91999816894531,57.150001525878906,56.790000915527344,56.869998931884766,114540,0.0,0.0
2023-04-25 11:30:00-04:00,56.869998931884766,56.88999938964844,56.6150016784668,56.6150016784668,83573,0.0,0.0
2023-04-25 12:30:00-04:00,56.630001068115234,56.7400016784668,56.39500045776367,56.474998474121094,54530,0.0,0.0
2023-04-25 13:30:00-04:00,56.459999084472656,56.54999923706055,56.400001525878906,56.53499984741211,63096,0.0,0.0
2023-04-25 14:30:00-04:00,56.52000045776367,56.619998931884766,56.43000030517578,56.47999954223633,90283,0.0,0.0
2023-04-25 15:30:00-04:00,56.4900016784668,56.599998474121094,56.48500061035156,56.560001373291016,183539,0.0,0.0
2023-04-26 09:30:00-04:00,56.20000076293945,56.709999084472656,56.13999938964844,56.525001525878906,130611,0.0,0.0
2023-04-26 10:30:00-04:00,56.5099983215332,56.75,56.469200134277344,56.63999938964844,85547,0.0,0.0
2023-04-26 11:30:00-04:00,56.63999938964844,56.65999984741211,56.45000076293945,56.560001373291016,123535,0.0,0.0
2023-04-26 12:30:00-04:00,56.54999923706055,56.73500061035156,56.54999923706055,56.63999938964844,115205,0.0,0.0
2023-04-26 13:30:00-04:00,56.63999938964844,56.68000030517578,56.27000045776367,56.459999084472656,97138,0.0,0.0
2023-04-26 14:30:00-04:00,56.459999084472656,56.459999084472656,56.16999816894531,56.209999084472656,134142,0.0,0.0
2023-04-26 15:30:00-04:00,56.21500015258789,56.279998779296875,56.119998931884766,56.22999954223633,197579,0.0,0.0
2023-04-27 09:30:00-04:00,55.970001220703125,56.38999938964844,55.09000015258789,55.928001403808594,241418,0.0,0.0
2023-04-27 10:30:00-04:00,55.939998626708984,56.02000045776367,55.46160125732422,56.02000045776367,167909,0.0,0.0
2023-04-27 11:30:00-04:00,56.040000915527344,56.66999816894531,56.02000045776367,56.6349983215332,155309,0.0,0.0
2023-04-27 12:30:00-04:00,56.64500045776367,56.685001373291016,56.470001220703125,56.650001525878906,117660,0.0,0.0
2023-04-27 13:30:00-04:00,56.65999984741211,56.80929946899414,56.584999084472656,56.779998779296875,98142,0.0,0.0
2023-04-27 14:30:00-04:00,56.77000045776367,57.209999084472656,56.66999816894531,57.20000076293945,161542,0.0,0.0
2023-04-27 15:30:00-04:00,57.189998626708984,57.369998931884766,57.14500045776367,57.290000915527344,273901,0.0,0.0
2023-04-28 09:30:00-04:00,57.41999816894531,57.79999923706055,57.27000045776367,57.34000015258789,109355,0.0,0.0
2023-04-28 10:30:00-04:00,57.34000015258789,57.529998779296875,57.220001220703125,57.25,118420,0.0,0.0
2023-04-28 11:30:00-04:00,57.26499938964844,57.310001373291016,57.060001373291016,57.209999084472656,87317,0.0,0.0
2023-04-28 12:30:00-04:00,57.22999954223633,57.595001220703125,57.220001220703125,57.59000015258789,54303,0.0,0.0
2023-04-28 13:30:00-04:00,57.595001220703125,57.630001068115234,57.45500183105469,57.52000045776367,78802,0.0,0.0
2023-04-28 14:30:00-04:00,57.540000915527344,57.56999969482422,57.380001068115234,57.40999984741211,95494,0.0,0.0
2023-04-28 15:30:00-04:00,57.41999816894531,57.7400016784668,57.3849983215332,57.72999954223633,187683,0.0,0.0
2023-05-01 09:30:00-04:00,57.72999954223633,58.400001525878906,57.70000076293945,58.220001220703125,142313,0.0,0.0
2023-05-01 10:30:00-04:00,58.25,58.43000030517578,58.189998626708984,58.2599983215332,86277,0.0,0.0
2023-05-01 11:30:00-04:00,58.279998779296875,58.48500061035156,58.245399475097656,58.459999084472656,79649,0.0,0.0
2023-05-01 12:30:00-04:00,58.45000076293945,58.52000045776367,58.209999084472656,58.25,91377,0.0,0.0
2023-05-01 13:30:00-04:00,58.25,58.31999969482422,58.04999923706055,58.130001068115234,94621,0.0,0.0
2023-05-01 14:30:00-04:00,58.130001068115234,58.209999084472656,58.0099983215332,58.209999084472656,103114,0.0,0.0
2023-05-01 15:30:00-04:00,58.220001220703125,58.27000045776367,58.11000061035156,58.125,210426,0.0,0.0
2023-05-02 09:30:00-04:00,57.900001525878906,57.900001525878906,56.709999084472656,56.779998779296875,146397,0.0,0.0
2023-05-02 10:30:00-04:00,56.83000183105469,56.83000183105469,56.22999954223633,56.45000076293945,91665,0.0,0.0
2023-05-02 11:30:00-04:00,56.459999084472656,56.68000030517578,56.31999969482422,56.66999816894531,74255,0.0,0.0
2023-05-02 12:30:00-04:00,56.68000030517578,56.86000061035156,56.59000015258789,56.810001373291016,81357,0.0,0.0
2023-05-02 13:30:00-04:00,56.83000183105469,57.15999984741211,56.779998779296875,56.81999969482422,67635,0.0,0.0
2023-05-02 14:30:00-04:00,56.810001373291016,57.27000045776367,56.775001525878906,57.25,74291,0.0,0.0
2023-05-02 15:30:00-04:00,57.2400016784668,57.34000015258789,57.157501220703125,57.220001220703125,166843,0.0,0.0
2023-05-03 09:30:00-04:00,57.459999084472656,58.130001068115234,57.459999084472656,57.685001373291016,65652,0.0,0.0
2023-05-03 10:30:00-04:00,57.689998626708984,57.779998779296875,57.5,57.619998931884766,53847,0.0,0.0
2023-05-03 11:30:00-04:00,57.61989974975586,57.79999923706055,57.599998474121094,57.650001525878906,47992,0.0,0.0
2023-05-03 12:30:00-04:00,57.689998626708984,57.80839920043945,57.584999084472656,57.80839920043945,37548,0.0,0.0
2023-05-03 13:30:00-04:00,57.810001373291016,57.84000015258789,57.54999923706055,57.724998474121094,54388,0.0,0.0
2023-05-03 14:30:00-04:00,57.724998474121094,57.90999984741211,57.19499969482422,57.19499969482422,83064,0.0,0.0
2023-05-03 15:30:00-04:00,57.150001525878906,57.20500183105469,57.029998779296875,57.130001068115234,136111,0.0,0.0
2023-05-04 09:30:00-04:00,57.06999969482422,57.130001068115234,56.15999984741211,56.241798400878906,74323,0.0,0.0
2023-05-04 10:30:00-04:00,56.189998626708984,56.40999984741211,56.099998474121094,56.130001068115234,45754,0.0,0.0
2023-05-04 11:30:00-04:00,56.13999938964844,56.255001068115234,55.939998626708984,56.19499969482422,52322,0.0,0.0
2023-05-04 12:30:00-04:00,56.209999084472656,56.54999923706055,56.13100051879883,56.439998626708984,37414,0.0,0.0
2023-05-04 13:30:00-04:00,56.45000076293945,56.470001220703125,56.279998779296875,56.345001220703125,54637,0.0,0.0
2023-05-04 14:30:00-04:00,56.310001373291016,56.400001525878906,56.150001525878906,56.209999084472656,75842,0.0,0.0
2023-05-04 15:30:00-04:00,56.20000076293945,56.25,56.0099983215332,56.209999084472656,162329,0.0,0.0
2023-05-05 09:30:00-04:00,56.63999938964844,57.2599983215332,56.543399810791016,56.84299850463867,82511,0.0,0.0
2023-05-05 10:30:00-04:00,56.849998474121094,56.880001068115234,56.685001373291016,56.790000915527344,54326,0.0,0.0
2023-05-05 11:30:00-04:00,56.79999923706055,56.88999938964844,56.709999084472656,56.810001373291016,52607,0.0,0.0
2023-05-05 12:30:00-04:00,56.82500076293945,56.869998931884766,56.619998931884766,56.845001220703125,35366,0.0,0.0
2023-05-05 13:30:00-04:00,56.84000015258789,57.15999984741211,56.84000015258789,57.130001068115234,42901,0.0,0.0
2023-05-05 14:30:00-04:00,57.119998931884766,57.29999923706055,57.11000061035156,57.209999084472656,64032,0.0,0.0
2023-05-05 15:30:00-04:00,57.20000076293945,57.23500061035156,57.02000045776367,57.08000183105469,116177,0.0,0.0
2023-05-08 09:30:00-04:00,57.189998626708984,57.310001373291016,56.90999984741211,57.029998779296875,56515,0.0,0.0
2023-05-08 10:30:00-04:00,57.04999923706055,57.06999969482422,56.79999923706055,56.79999923706055,99228,0.0,0.0
2023-05-08 11:30:00-04:00,56.78499984741211,56.94660186767578,56.65999984741211,56.77000045776367,68634,0.0,0.0
2023-05-08 12:30:00-04:00,56.790000915527344,56.849998474121094,56.689998626708984,56.845001220703125,65075,0.0,0.0
2023-05-08 13:30:00-04:00,56.845001220703125,57.029998779296875,56.790000915527344,57.0099983215332,138578,0.0,0.0
2023-05-08 14:30:00-04:00,57.02000045776367,57.1150016784668,56.97999954223633,57.060001373291016,137144,0.0,0.0
2023-05-08 15:30:00-04:00,57.06999969482422,57.255001068115234,57.06999969482422,57.16999816894531,123595,0.0,0.0
2023-05-09 09:30:00-04:00,56.79999923706055,57.060001373291016,56.68000030517578,57.040000915527344,95413,0.0,0.0
2023-05-09 10:30:00-04:00,57.06999969482422,57.130001068115234,56.869998931884766,57.03499984741211,75943,0.0,0.0
2023-05-09 11:30:00-04:00,57.040000915527344,57.16999816894531,56.900001525878906,56.97999954223633,45379,0.0,0.0
2023-05-09 12:30:00-04:00,56.9900016784668,57.18000030517578,56.93000030517578,57.13999938964844,63185,0.0,0.0
2023-05-09 13:30:00-04:00,57.13999938964844,57.41999816894531,57.099998474121094,57.29999923706055,59706,0.0,0.0
2023-05-09 14:30:00-04:00,57.31999969482422,57.45000076293945,57.25,57.41999816894531,121137,0.0,0.0
2023-05-09 15:30:00-04:00,57.40999984741211,57.459999084472656,57.16999816894531,57.209999084472656,166906,0.0,0.0
2023-05-10 09:30:00-04:00,57.59000015258789,57.72999954223633,56.77000045776367,56.78499984741211,130884,0.0,0.0
2023-05-10 10:30:00-04:00,56.779998779296875,57.029998779296875,56.720001220703125,56.91999816894531,89308,0.0,0.0
2023-05-10 11:30:00-04:00,56.880001068115234,56.88999938964844,56.59550094604492,56.619998931884766,81132,0.0,0.0
2023-05-10 12:30:00-04:00,56.665000915527344,56.66999816894531,56.16999816894531,56.220001220703125,108268,0.0,0.0
2023-05-10 13:30:00-04:00,56.21500015258789,56.56999969482422,56.18000030517578,56.540000915527344,61787,0.0,0.0
2023-05-10 14:30:00-04:00,56.59000015258789,56.90999984741211,56.54999923706055,56.849998474121094,68005,0.0,0.0
2023-05-10 15:30:00-04:00,56.79499816894531,57.03900146484375,56.79499816894531,56.880001068115234,130086,0.0,0.0
2023-05-11 09:30:00-04:00,56.65999984741211,56.775001525878906,56.415000915527344,56.59000015258789,75869,0.0,0.0
2023-05-11 10:30:00-04:00,56.599998474121094,56.63999938964844,56.34000015258789,56.42679977416992,95270,0.0,0.0
2023-05-11 11:30:00-04:00,56.43000030517578,56.62799835205078,56.40999984741211,56.53499984741211,58061,0.0,0.0
2023-05-11 12:30:00-04:00,56.52000045776367,56.630001068115234,56.470001220703125,56.49760055541992,43835,0.0,0.0
2023-05-11 13:30:00-04:00,56.46500015258789,56.58000183105469,56.279998779296875,56.55500030517578,62533,0.0,0.0
2023-05-11 14:30:00-04:00,56.58000183105469,56.65999984741211,56.540000915527344,56.58000183105469,101920,0.0,0.0
2023-05-11 15:30:00-04:00,56.56999969482422,56.68000030517578,56.53499984741211,56.63999938964844,177765,0.0,0.0
2023-05-12 09:30:00-04:00,56.79999923706055,56.970001220703125,56.68130111694336,56.880001068115234,280866,0.0,0.0
2023-05-12 10:30:00-04:00,56.880001068115234,56.900001525878906,56.349998474121094,56.349998474121094,75364,0.0,0.0
2023-05-12 11:30:00-04:00,56.36000061035156,56.459999084472656,56.099998474121094,56.220001220703125,58718,0.0,0.0
2023-05-12 12:30:00-04:00,56.209999084472656,56.310001373291016,56.119998931884766,56.2599983215332,45585,0.0,0.0
2023-05-12 13:30:00-04:00,56.25,56.290000915527344,56.0099983215332,56.13999938964844,55180,0.0,0.0
2023-05-12 14:30:00-04:00,56.119998931884766,56.36000061035156,56.040000915527344,56.34000015258789,77254,0.0,0.0
2023-05-12 15:30:00-04:00,56.349998474121094,56.59000015258789,56.349998474121094,56.56999969482422,189062,0.0,0.0
2023-05-15 09:30:00-04:00,56.650001525878906,56.650001525878906,56.209999084472656,56.54999923706055,64717,0.0,0.0
2023-05-15 10:30:00-04:00,56.56999969482422,56.67499923706055,56.52000045776367,56.599998474121094,40239,0.0,0.0
2023-05-15 11:30:00-04:00,56.59000015258789,56.630001068115234,56.400001525878906,56.560001373291016,47958,0.0,0.0
2023-05-15 12:30:00-04:00,56.560001373291016,56.84000015258789,56.560001373291016,56.71500015258789,39154,0.0,0.0
2023-05-15 13:30:00-04:00,56.71500015258789,56.77000045776367,56.630001068115234,56.63999938964844,45305,0.0,0.0
2023-05-15 14:30:00-04:00,56.66999816894531,56.75,56.619998931884766,56.73500061035156,57219,0.0,0.0
2023-05-15 15:30:00-04:00,56.7400016784668,56.91999816894531,56.724998474121094,56.91999816894531,126240,0.0,0.0
2023-05-16 09:30:00-04:00,56.630001068115234,56.630001068115234,55.82500076293945,55.970001220703125,92918,0.0,0.0
2023-05-16 10:30:00-04:00,55.97999954223633,56.119998931884766,55.900001525878906,56.099998474121094,129474,0.0,0.0
2023-05-16 11:30:00-04:00,56.119998931884766,56.18000030517578,56.02000045776367,56.119998931884766,49655,0.0,0.0
2023-05-16 12:30:00-04:00,56.18000030517578,56.2599983215332,56.029998779296875,56.029998779296875,33279,0.0,0.0
2023-05-16 13:30:00-04:00,56.040000915527344,56.099998474121094,55.97999954223633,56.0099983215332,42099,0.0,0.0
2023-05-16 14:30:00-04:00,56.029998779296875,56.095001220703125,55.974998474121094,56.09000015258789,70743,0.0,0.0
2023-05-16 15:30:00-04:00,56.084999084472656,56.1150016784668,55.84000015258789,55.849998474121094,118415,0.0,0.0
2023-05-17 09:30:00-04:00,56.040000915527344,56.150001525878906,55.755001068115234,55.89500045776367,66065,0.0,0.0
2023-05-17 10:30:00-04:00,55.90999984741211,55.95000076293945,55.7400016784668,55.814998626708984,68740,0.0,0.0
2023-05-17 11:30:00-04:00,55.81999969482422,55.959999084472656,55.7599983215332,55.85499954223633,38246,0.0,0.0
2023-05-17 12:30:00-04:00,55.880001068115234,56.30500030517578,55.880001068115234,56.217201232910156,50535,0.0,0.0
2023-05-17 13:30:00-04:00,56.22999954223633,56.275001525878906,56.119998931884766,56.130001068115234,57507,0.0,0.0
2023-05-17 14:30:00-04:00,56.130001068115234,56.279998779296875,56.06449890136719,56.130001068115234,60905,0.0,0.0
2023-05-17 15:30:00-04:00,56.119998931884766,56.18000030517578,56.06999969482422,56.130001068115234,275766,0.0,0.0
2023-05-18 09:30:00-04:00,56.0099983215332,56.25,55.77000045776367,56.22999954223633,90864,0.0,0.0
2023-05-18 10:30:00-04:00,56.23500061035156,56.56999969482422,56.22999954223633,56.40999984741211,66111,0.0,0.0
2023-05-18 11:30:00-04:00,56.40999984741211,56.52629852294922,56.029998779296875,56.125,72845,0.0,0.0
2023-05-18 12:30:00-04:00,56.130001068115234,56.224998474121094,56.040000915527344,56.09000015258789,58461,0.0,0.0
2023-05-18 13:30:00-04:00,56.099998474121094,56.290000915527344,56.02000045776367,56.2400016784668,64647,0.0,0.0
2023-05-18 14:30:00-04:00,56.27000045776367,56.4900016784668,56.27000045776367,56.375,91471,0.0,0.0
2023-05-18 15:30:00-04:00,56.369998931884766,56.720001220703125,56.29999923706055,56.68000030517578,191874,0.0,0.0
2023-05-19 09:30:00-04:00,56.650001525878906,56.72999954223633,56.349998474121094,56.416099548339844,96382,0.0,0.0
2023-05-19 10:30:00-04:00,56.43000030517578,56.48500061035156,56.060001373291016,56.08000183105469,76895,0.0,0.0
2023-05-19 11:30:00-04:00,56.08000183105469,56.08000183105469,55.7400016784668,55.91999816894531,106388,0.0,0.0
2023-05-19 12:30:00-04:00,55.900001525878906,56.06999969482422,55.775001525878906,56.0099983215332,52307,0.0,0.0
2023-05-19 13:30:00-04:00,56.029998779296875,56.040000915527344,55.650001525878906,55.689998626708984,131204,0.0,0.0
2023-05-19 14:30:00-04:00,55.65999984741211,55.779998779296875,55.540000915527344,55.59000015258789,219824,0.0,0.0
2023-05-19 15:30:00-04:00,55.56999969482422,55.83000183105469,55.564998626708984,55.7599983215332,159682,0.0,0.0
2023-05-22 09:30:00-04:00,56.060001373291016,56.25,55.349998474121094,55.52000045776367,99666,0.0,0.0
2023-05-22 10:30:00-04:00,55.4900016784668,55.5,55.154998779296875,55.45000076293945,98521,0.0,0.0
2023-05-22 11:30:00-04:00,55.439998626708984,55.439998626708984,55.290000915527344,55.380001068115234,74261,0.0,0.0
2023-05-22 12:30:00-04:00,55.36000061035156,55.40999984741211,55.220001220703125,55.2599983215332,70079,0.0,0.0
2023-05-22 13:30:00-04:00,55.25,55.2599983215332,55.150001525878906,55.25,75369,0.0,0.0
2023-05-22 14:30:00-04:00,55.25,55.33000183105469,55.119998931884766,55.14899826049805,99956,0.0,0.0
2023-05-22 15:30:00-04:00,55.150001525878906,55.220001220703125,55.11000061035156,55.16999816894531,178310,0.0,0.0
2023-05-23 09:30:00-04:00,54.959999084472656,55.040000915527344,54.439998626708984,55.01499938964844,136972,0.0,0.0
2023-05-23 10:30:00-04:00,55.025001525878906,55.13999938964844,54.84000015258789,55.130001068115234,153942,0.0,0.0
2023-05-23 11:30:00-04:00,55.125,55.1349983215332,54.849998474121094,54.869998931884766,90956,0.0,0.0
2023-05-23 12:30:00-04:00,54.869998931884766,54.900001525878906,54.73500061035156,54.7599983215332,72313,0.0,0.0
2023-05-23 13:30:00-04:00,54.755001068115234,54.88999938964844,54.459999084472656,54.560001373291016,92040,0.0,0.0
2023-05-23 14:30:00-04:00,54.54999923706055,54.66999816894531,54.5099983215332,54.63999938964844,122887,0.0,0.0
2023-05-23 15:30:00-04:00,54.650001525878906,54.7400016784668,54.459999084472656,54.540000915527344,219418,0.0,0.0
2023-05-24 09:30:00-04:00,54.66999816894531,54.880001068115234,54.275001525878906,54.34000015258789,103464,0.0,0.0
2023-05-24 10:30:00-04:00,54.3390007019043,54.470001220703125,54.20000076293945,54.3650016784668,56604,0.0,0.0
2023-05-24 11:30:00-04:00,54.377498626708984,54.380001068115234,54.01499938964844,54.05500030517578,65240,0.0,0.0
2023-05-24 12:30:00-04:00,54.05500030517578,54.20000076293945,53.90999984741211,53.91999816894531,42627,0.0,0.0
2023-05-24 13:30:00-04:00,53.91999816894531,54.04999923706055,53.790000915527344,53.810001373291016,59333,0.0,0.0
2023-05-24 14:30:00-04:00,53.810001373291016,54.150001525878906,53.79999923706055,54.08000183105469,81620,0.0,0.0
2023-05-24 15:30:00-04:00,54.06999969482422,54.189998626708984,53.7599983215332,53.85499954223633,187832,0.0,0.0
2023-05-25 09:30:00-04:00,52.970001220703125,54.025001525878906,52.970001220703125,53.959999084472656,85289,0.0,0.0
2023-05-25 10:30:00-04:00,53.95500183105469,53.959999084472656,53.5099983215332,53.540000915527344,84074,0.0,0.0
2023-05-25 11:30:00-04:00,53.53499984741211,53.90999984741211,53.349998474121094,53.810001373291016,63035,0.0,0.0
2023-05-25 12:30:00-04:00,53.79499816894531,53.97999954223633,53.6349983215332,53.93000030517578,43451,0.0,0.0
2023-05-25 13:30:00-04:00,53.95000076293945,54.04999923706055,53.83000183105469,53.970001220703125,47781,0.0,0.0
2023-05-25 14:30:00-04:00,53.959999084472656,53.959999084472656,53.7400016784668,53.90999984741211,78067,0.0,0.0
2023-05-25 15:30:00-04:00,53.915000915527344,54.040000915527344,53.790000915527344,53.88999938964844,166978,0.0,0.0
2023-05-26 09:30:00-04:00,53.849998474121094,54.0099983215332,53.630001068115234,53.84000015258789,212200,0.0,0.0
2023-05-26 10:30:00-04:00,53.849998474121094,53.86000061035156,53.31999969482422,53.38999938964844,178903,0.0,0.0
2023-05-26 11:30:00-04:00,53.400001525878906,53.7599983215332,53.349998474121094,53.709999084472656,112254,0.0,0.0
2023-05-26 12:30:00-04:00,53.70000076293945,53.72999954223633,53.550201416015625,53.63999938964844,72923,0.0,0.0
2023-05-26 13:30:00-04:00,53.650001525878906,53.720001220703125,53.54999923706055,53.650001525878906,79341,0.0,0.0
2023-05-26 14:30:00-04:00,53.65999984741211,53.7599983215332,53.57500076293945,53.57500076293945,106247,0.0,0.0
2023-05-26 15:30:00-04:00,53.56999969482422,53.650001525878906,53.494998931884766,53.56999969482422,183370,0.0,0.0
2023-05-30 09:30:00-04:00,53.31999969482422,53.66999816894531,52.779998779296875,52.79999923706055,114272,0.0,0.0
2023-05-30 10:30:00-04:00,52.779998779296875,53.040000915527344,52.70000076293945,52.880001068115234,91235,0.0,0.0
2023-05-30 11:30:00-04:00,52.869998931884766,53.2400016784668,52.86000061035156,53.119998931884766,94465,0.0,0.0
2023-05-30 12:30:00-04:00,53.11000061035156,53.11000061035156,52.720001220703125,52.7400016784668,84452,0.0,0.0
2023-05-30 13:30:00-04:00,52.744998931884766,52.95989990234375,52.69499969482422,52.93009948730469,81886,0.0,0.0
2023-05-30 14:30:00-04:00,52.94499969482422,53.040000915527344,52.77000045776367,52.904998779296875,100961,0.0,0.0
2023-05-30 15:30:00-04:00,52.90999984741211,52.939998626708984,52.70000076293945,52.810001373291016,259143,0.0,0.0
2023-05-31 09:30:00-04:00,52.29999923706055,52.395599365234375,51.38999938964844,51.78499984741211,200066,0.0,0.0
2023-05-31 10:30:00-04:00,51.79999923706055,51.9900016784668,51.67499923706055,51.77000045776367,166463,0.0,0.0
2023-05-31 11:30:00-04:00,51.790000915527344,52.029998779296875,51.650001525878906,52.02000045776367,115748,0.0,0.0
2023-05-31 12:30:00-04:00,52.02000045776367,52.470001220703125,52.0,52.40999984741211,189342,0.0,0.0
2023-05-31 13:30:00-04:00,52.41999816894531,52.59000015258789,52.349998474121094,52.529998779296875,115335,0.0,0.0
2023-05-31 14:30:00-04:00,52.540000915527344,52.65999984741211,52.47999954223633,52.630001068115234,121594,0.0,0.0
2023-05-31 15:30:00-04:00,52.619998931884766,52.90999984741211,52.59000015258789,52.75,424493,0.0,0.0
2023-06-01 09:30:00-04:00,52.939998626708984,53.06999969482422,51.869998931884766,52.47999954223633,219001,0.0,0.0
2023-06-01 10:30:00-04:00,52.52000045776367,52.599998474121094,52.27000045776367,52.34000015258789,88524,0.0,0.0
2023-06-01 11:30:00-04:00,52.349998474121094,52.3650016784668,52.189998626708984,52.2599983215332,80760,0.0,0.0
2023-06-01 12:30:00-04:00,52.279998779296875,52.345001220703125,52.15999984741211,52.189998626708984,64180,0.0,0.0
2023-06-01 13:30:00-04:00,52.19499969482422,52.380001068115234,52.150001525878906,52.27000045776367,89417,0.0,0.0
2023-06-01 14:30:00-04:00,52.279998779296875,52.290000915527344,52.08000183105469,52.1349983215332,136991,0.0,0.0
2023-06-01 15:30:00-04:00,52.15999984741211,52.189998626708984,51.96009826660156,52.09000015258789,214791,0.0,0.0
2023-06-02 09:30:00-04:00,52.540000915527344,53.459999084472656,52.525001525878906,53.314998626708984,153653,0.0,0.0
2023-06-02 10:30:00-04:00,53.33000183105469,53.619998931884766,53.209999084472656,53.54999923706055,130161,0.0,0.0
2023-06-02 11:30:00-04:00,53.59000015258789,53.59000015258789,53.459999084472656,53.56999969482422,79218,0.0,0.0
2023-06-02 12:30:00-04:00,53.560001373291016,53.744998931884766,53.4900016784668,53.7400016784668,74040,0.0,0.0
2023-06-02 13:30:00-04:00,53.7599983215332,53.849998474121094,53.650001525878906,53.72999954223633,68503,0.0,0.0
2023-06-02 14:30:00-04:00,53.729000091552734,53.939998626708984,53.689998626708984,53.73500061035156,100477,0.0,0.0
2023-06-02 15:30:00-04:00,53.72999954223633,53.814998626708984,53.69499969482422,53.75,177999,0.0,0.0
2023-06-05 09:30:00-04:00,53.68000030517578,53.68000030517578,52.93000030517578,53.064998626708984,250383,0.0,0.0
2023-06-05 10:30:00-04:00,53.04999923706055,53.41999816894531,53.02000045776367,53.31999969482422,136485,0.0,0.0
2023-06-05 11:30:00-04:00,53.31990051269531,53.43000030517578,53.22489929199219,53.400001525878906,141599,0.0,0.0
2023-06-05 12:30:00-04:00,53.41999816894531,53.474998474121094,53.13999938964844,53.17499923706055,224650,0.0,0.0
2023-06-05 13:30:00-04:00,53.15999984741211,53.33000183105469,53.02000045776367,53.25,125062,0.0,0.0
2023-06-05 14:30:00-04:00,53.2400016784668,53.369998931884766,53.130001068115234,53.29999923706055,133955,0.0,0.0
2023-06-05 15:30:00-04:00,53.29999923706055,53.58000183105469,53.27000045776367,53.470001220703125,304083,0.0,0.0
2023-06-06 09:30:00-04:00,53.380001068115234,53.81999969482422,53.380001068115234,53.7400016784668,104639,0.0,0.0
2023-06-06 10:30:00-04:00,53.77000045776367,54.119998931884766,53.709999084472656,53.970001220703125,83495,0.0,0.0
2023-06-06 11:30:00-04:00,53.970001220703125,54.025001525878906,53.755001068115234,53.79999923706055,56509,0.0,0.0
2023-06-06 12:30:00-04:00,53.79999923706055,53.81999969482422,53.470001220703125,53.5099983215332,112701,0.0,0.0
2023-06-06 13:30:00-04:00,53.560001373291016,53.790000915527344,53.470001220703125,53.779998779296875,100754,0.0,0.0
2023-06-06 14:30:00-04:00,53.77000045776367,54.040000915527344,53.70000076293945,54.0,155091,0.0,0.0
2023-06-06 15:30:00-04:00,54.005001068115234,54.11000061035156,53.92499923706055,54.0,208128,0.0,0.0
2023-06-07 09:30:00-04:00,54.189998626708984,54.369998931884766,53.93000030517578,54.18000030517578,88918,0.0,0.0
2023-06-07 10:30:00-04:00,54.17499923706055,54.2599983215332,53.935001373291016,54.2599983215332,55398,0.0,0.0
2023-06-07 11:30:00-04:00,54.2400016784668,54.34000015258789,54.099998474121094,54.22999954223633,85465,0.0,0.0
2023-06-07 12:30:00-04:00,54.2400016784668,54.599998474121094,54.20000076293945,54.29999923706055,86892,0.0,0.0
2023-06-07 13:30:00-04:00,54.2599983215332,54.33000183105469,54.189998626708984,54.255001068115234,72435,0.0,0.0
2023-06-07 14:30:00-04:00,54.2599983215332,54.459999084472656,54.2400016784668,54.439998626708984,73090,0.0,0.0
2023-06-07 15:30:00-04:00,54.45000076293945,54.619998931884766,54.40999984741211,54.47999954223633,203402,0.0,0.0
2023-06-08 09:30:00-04:00,54.54999923706055,54.7400016784668,53.779998779296875,53.845001220703125,112584,0.0,0.0
2023-06-08 10:30:00-04:00,53.845001220703125,54.0,53.709999084472656,53.959999084472656,140783,0.0,0.0
2023-06-08 11:30:00-04:00,53.98809814453125,54.0099983215332,53.744998931884766,54.0,143601,0.0,0.0
2023-06-08 12:30:00-04:00,53.9900016784668,54.18000030517578,53.869998931884766,54.10499954223633,80413,0.0,0.0
2023-06-08 13:30:00-04:00,54.08000183105469,54.13999938964844,53.93000030517578,54.025001525878906,65772,0.0,0.0
2023-06-08 14:30:00-04:00,54.025001525878906,54.09000015258789,53.920101165771484,53.99300003051758,80098,0.0,0.0
2023-06-08 15:30:00-04:00,53.97999954223633,54.15999984741211,53.93000030517578,53.95000076293945,180907,0.0,0.0
2023-06-09 09:30:00-04:00,54.040000915527344,54.2400016784668,53.40999984741211,54.060001373291016,343820,0.0,0.0
2023-06-09 10:30:00-04:00,54.08000183105469,54.19499969482422,53.75,53.83000183105469,128592,0.0,0.0
2023-06-09 11:30:00-04:00,53.84000015258789,54.060001373291016,53.7400016784668,54.04999923706055,158090,0.0,0.0
2023-06-09 12:30:00-04:00,54.04499816894531,54.290000915527344,54.04499816894531,54.290000915527344,91499,0.0,0.0
2023-06-09 13:30:00-04:00,54.29999923706055,54.41999816894531,54.26499938964844,54.290000915527344,64966,0.0,0.0
2023-06-09 14:30:00-04:00,54.29999923706055,54.3650016784668,54.16999816894531,54.290000915527344,84750,0.0,0.0
2023-06-09 15:30:00-04:00,54.28499984741211,54.31999969482422,54.224998474121094,54.29499816894531,148792,0.0,0.0
2023-06-12 09:30:00-04:00,54.22999954223633,54.630001068115234,54.08000183105469,54.125,92161,0.0,0.0
2023-06-12 10:30:00-04:00,54.09000015258789,54.39970016479492,54.057498931884766,54.38999938964844,64820,0.0,0.0
2023-06-12 11:30:00-04:00,54.380001068115234,54.46500015258789,54.334999084472656,54.459999084472656,107897,0.0,0.0
2023-06-12 12:30:00-04:00,54.459999084472656,54.540000915527344,54.459999084472656,54.5,72712,0.0,0.0
2023-06-12 13:30:00-04:00,54.4900016784668,54.56990051269531,54.459999084472656,54.52000045776367,84686,0.0,0.0
2023-06-12 14:30:00-04:00,54.5099983215332,54.76409912109375,54.5099983215332,54.68000030517578,80532,0.0,0.0
2023-06-12 15:30:00-04:00,54.68000030517578,54.720001220703125,54.41999816894531,54.58000183105469,199925,0.0,0.0
2023-06-13 09:30:00-04:00,54.619998931884766,55.349998474121094,54.619998931884766,55.165000915527344,193071,0.0,0.0
2023-06-13 10:30:00-04:00,55.14500045776367,55.29999923706055,54.970001220703125,55.119998931884766,201983,0.0,0.0
2023-06-13 11:30:00-04:00,55.119998931884766,55.13999938964844,54.85499954223633,54.94499969482422,77585,0.0,0.0
2023-06-13 12:30:00-04:00,54.939998626708984,54.97999954223633,54.84000015258789,54.95500183105469,107154,0.0,0.0
2023-06-13 13:30:00-04:00,54.95050048828125,54.970001220703125,54.779998779296875,54.810001373291016,81593,0.0,0.0
2023-06-13 14:30:00-04:00,54.80500030517578,55.0,54.7400016784668,54.93000030517578,53239,0.0,0.0
2023-06-13 15:30:00-04:00,54.93000030517578,54.95000076293945,54.86000061035156,54.880001068115234,153750,0.0,0.0
2023-06-14 09:30:00-04:00,55.099998474121094,55.2599983215332,54.90999984741211,54.98099899291992,74298,0.0,0.0
2023-06-14 10:30:00-04:00,54.970001220703125,55.119998931884766,54.88999938964844,55.060001373291016,94197,0.0,0.0
2023-06-14 11:30:00-04:00,55.08000183105469,55.099998474121094,54.81999969482422,54.868499755859375,80377,0.0,0.0
2023-06-14 12:30:00-04:00,54.861000061035156,54.904998779296875,54.7400016784668,54.7400016784668,76876,0.0,0.0
2023-06-14 13:30:00-04:00,54.7400016784668,54.869998931884766,54.375,54.470001220703125,94463,0.0,0.0
2023-06-14 14:30:00-04:00,54.470001220703125,54.790000915527344,54.40999984741211,54.630001068115234,93211,0.0,0.0
2023-06-14 15:30:00-04:00,54.630001068115234,54.63999938964844,54.220001220703125,54.470001220703125,157661,0.0,0.0
2023-06-15 09:30:00-04:00,54.470001220703125,54.84000015258789,54.33000183105469,54.415000915527344,130905,0.0,0.0
2023-06-15 10:30:00-04:00,54.43000030517578,54.4900016784668,54.209999084472656,54.4900016784668,104244,0.0,0.0
2023-06-15 11:30:00-04:00,54.47999954223633,54.47999954223633,54.279998779296875,54.43000030517578,86083,0.0,0.0
2023-06-15 12:30:00-04:00,54.441001892089844,54.441001892089844,54.189998626708984,54.2400016784668,132273,0.0,0.0
2023-06-15 13:30:00-04:00,54.25,54.5,54.22999954223633,54.369998931884766,111306,0.0,0.0
2023-06-15 14:30:00-04:00,54.380001068115234,54.630001068115234,54.380001068115234,54.42499923706055,155931,0.0,0.0
2023-06-15 15:30:00-04:00,54.42499923706055,54.58000183105469,54.369998931884766,54.5099983215332,365502,0.0,0.0
2023-06-16 09:30:00-04:00,54.939998626708984,54.939998626708984,54.4900016784668,54.70000076293945,396586,0.0,0.0
2023-06-16 10:30:00-04:00,54.709999084472656,54.769901275634766,54.33000183105469,54.369998931884766,111315,0.0,0.0
2023-06-16 11:30:00-04:00,54.36000061035156,54.3849983215332,54.13999938964844,54.314998626708984,119292,0.0,0.0
2023-06-16 12:30:00-04:00,54.314998626708984,54.345001220703125,54.209999084472656,54.209999084472656,78246,0.0,0.0
2023-06-16 13:30:00-04:00,54.20500183105469,54.2599983215332,54.13999938964844,54.2400016784668,106072,0.0,0.0
2023-06-16 14:30:00-04:00,54.22999954223633,54.22999954223633,54.04999923706055,54.08000183105469,198858,0.0,0.0
2023-06-16 15:30:00-04:00,54.06999969482422,54.54999923706055,53.9900016784668,54.22999954223633,355375,0.0,0.0
2023-06-20 09:30:00-04:00,54.220001220703125,54.25,53.599998474121094,53.81999969482422,203167,0.0,0.0
2023-06-20 10:30:00-04:00,53.81999969482422,54.084999084472656,53.790000915527344,53.880001068115234,158289,0.0,0.0
2023-06-20 11:30:00-04:00,53.86000061035156,54.2599983215332,53.86000061035156,54.2400016784668,142127,0.0,0.0
2023-06-20 12:30:00-04:00,54.2599983215332,54.33000183105469,54.18000030517578,54.2400016784668,102622,0.0,0.0
2023-06-20 13:30:00-04:00,54.244998931884766,54.27000045776367,54.130001068115234,54.20000076293945,97843,0.0,0.0
2023-06-20 14:30:00-04:00,54.209999084472656,54.21500015258789,54.099998474121094,54.20000076293945,123031,0.0,0.0
2023-06-20 15:30:00-04:00,54.20000076293945,54.27000045776367,54.099998474121094,54.18000030517578,273921,0.0,0.0
2023-06-21 09:30:00-04:00,54.130001068115234,54.6349983215332,53.76499938964844,54.61000061035156,78542,0.0,0.0
2023-06-21 10:30:00-04:00,54.650001525878906,54.91999816894531,54.529998779296875,54.88999938964844,82899,0.0,0.0
2023-06-21 11:30:00-04:00,54.869998931884766,55.08000183105469,54.810001373291016,54.95000076293945,121635,0.0,0.0
2023-06-21 12:30:00-04:00,54.970001220703125,55.005001068115234,54.83000183105469,54.88999938964844,70082,0.0,0.0
2023-06-21 13:30:00-04:00,54.900001525878906,54.95000076293945,54.849998474121094,54.900001525878906,97791,0.0,0.0
2023-06-21 14:30:00-04:00,54.90999984741211,54.91999816894531,54.790000915527344,54.8650016784668,140136,0.0,0.0
2023-06-21 15:30:00-04:00,54.8650016784668,55.040000915527344,54.84000015258789,54.97999954223633,232416,0.0,0.0
2023-06-22 09:30:00-04:00,55.13999938964844,55.13999938964844,54.58000183105469,54.86000061035156,119704,0.0,0.0
2023-06-22 10:30:00-04:00,54.8849983215332,55.029998779296875,54.840999603271484,54.86000061035156,84947,0.0,0.0
2023-06-22 11:30:00-04:00,54.880001068115234,54.91999816894531,54.7400016784668,54.7599983215332,81365,0.0,0.0
2023-06-22 12:30:00-04:00,54.77000045776367,54.779998779296875,54.5099983215332,54.540000915527344,52784,0.0,0.0
2023-06-22 13:30:00-04:00,54.54999923706055,54.56999969482422,54.45000076293945,54.560001373291016,47486,0.0,0.0
2023-06-22 14:30:00-04:00,54.56999969482422,54.650001525878906,54.47999954223633,54.47999954223633,87670,0.0,0.0
2023-06-22 15:30:00-04:00,54.470001220703125,54.619998931884766,54.435001373291016,54.59000015258789,150452,0.0,0.0
2023-06-23 09:30:00-04:00,54.36000061035156,54.68989944458008,54.23500061035156,54.584999084472656,108218,0.0,0.0
2023-06-23 10:30:00-04:00,54.59000015258789,54.66999816894531,54.470001220703125,54.529998779296875,594067,0.0,0.0
2023-06-23 11:30:00-04:00,54.540000915527344,54.630001068115234,54.459999084472656,54.58000183105469,72116,0.0,0.0
2023-06-23 12:30:00-04:00,54.59000015258789,54.59000015258789,54.470001220703125,54.54999923706055,67820,0.0,0.0
2023-06-23 13:30:00-04:00,54.54999923706055,54.560001373291016,54.45000076293945,54.505001068115234,89380,0.0,0.0
2023-06-23 14:30:00-04:00,54.505001068115234,54.540000915527344,54.150001525878906,54.16999816894531,153990,0.0,0.0
2023-06-23 15:30:00-04:00,54.185001373291016,54.474998474121094,54.18000030517578,54.439998626708984,275708,0.0,0.0
2023-06-26 09:30:00-04:00,54.279998779296875,54.875,54.279998779296875,54.61000061035156,71934,0.0,0.0
2023-06-26 10:30:00-04:00,54.58000183105469,54.83000183105469,54.415000915527344,54.810001373291016,102722,0.0,0.0
2023-06-26 11:30:00-04:00,54.81999969482422,54.939998626708984,54.755001068115234,54.91999816894531,73868,0.0,0.0
2023-06-26 12:30:00-04:00,54.915000915527344,55.09000015258789,54.84000015258789,55.06999969482422,79132,0.0,0.0
2023-06-26 13:30:00-04:00,55.06999969482422,55.224998474121094,55.04999923706055,55.224998474121094,75419,0.0,0.0
2023-06-26 14:30:00-04:00,55.224998474121094,55.28499984741211,55.209999084472656,55.23899841308594,93744,0.0,0.0
2023-06-26 15:30:00-04:00,55.22999954223633,55.31999969482422,55.165000915527344,55.279998779296875,295957,0.0,0.0
2023-06-27 09:30:00-04:00,55.529998779296875,56.29999923706055,55.529998779296875,56.22999954223633,157726,0.0,0.0
2023-06-27 10:30:00-04:00,56.23500061035156,57.09000015258789,56.23500061035156,56.880001068115234,205116,0.0,0.0
2023-06-27 11:30:00-04:00,56.88999938964844,56.900001525878906,56.650001525878906,56.68000030517578,102199,0.0,0.0
2023-06-27 12:30:00-04:00,56.66999816894531,56.90999984741211,56.650001525878906,56.880001068115234,101768,0.0,0.0
2023-06-27 13:30:00-04:00,56.880001068115234,57.07500076293945,56.84000015258789,57.06999969482422,79439,0.0,0.0
2023-06-27 14:30:00-04:00,57.084999084472656,57.275001525878906,57.029998779296875,57.209999084472656,150446,0.0,0.0
2023-06-27 15:30:00-04:00,57.20000076293945,57.21500015258789,56.9900016784668,56.9900016784668,268158,0.0,0.0
2023-06-28 09:30:00-04:00,56.91999816894531,57.15999984741211,56.439998626708984,57.02000045776367,182639,0.0,0.0
2023-06-28 10:30:00-04:00,57.040000915527344,57.150001525878906,56.90999984741211,57.08000183105469,145506,0.0,0.0
2023-06-28 11:30:00-04:00,57.08000183105469,57.29999923706055,57.064998626708984,57.189998626708984,113914,0.0,0.0
2023-06-28 12:30:00-04:00,57.16999816894531,57.20000076293945,56.849998474121094,56.97999954223633,104610,0.0,0.0
2023-06-28 13:30:00-04:00,57.0,57.0,56.81999969482422,56.83000183105469,104896,0.0,0.0
2023-06-28 14:30:00-04:00,56.834999084472656,56.880001068115234,56.63999938964844,56.8489990234375,116731,0.0,0.0
2023-06-28 15:30:00-04:00,56.849998474121094,57.0,56.79999923706055,56.9900016784668,264907,0.0,0.0
2023-06-29 09:30:00-04:00,56.79999923706055,57.11000061035156,56.56999969482422,57.060001373291016,158497,0.0,0.0
2023-06-29 10:30:00-04:00,57.060001373291016,57.34000015258789,56.970001220703125,57.2599983215332,87434,0.0,0.0
2023-06-29 11:30:00-04:00,57.27000045776367,57.42499923706055,57.22999954223633,57.40999984741211,53890,0.0,0.0
2023-06-29 12:30:00-04:00,57.40999984741211,57.540000915527344,57.38999938964844,57.529998779296875,62594,0.0,0.0
2023-06-29 13:30:00-04:00,57.52000045776367,57.58000183105469,57.279998779296875,57.560001373291016,85768,0.0,0.0
2023-06-29 14:30:00-04:00,57.56999969482422,57.78499984741211,57.560001373291016,57.7400016784668,149346,0.0,0.0
2023-06-29 15:30:00-04:00,57.744998931884766,57.79999923706055,57.599998474121094,57.709999084472656,372097,0.0,0.0
2023-06-30 09:30:00-04:00,58.06999969482422,58.349998474121094,57.77000045776367,58.209999084472656,69452,0.0,0.0
2023-06-30 10:30:00-04:00,58.220001220703125,58.2599983215332,57.9901008605957,58.20000076293945,76400,0.0,0.0
2023-06-30 11:30:00-04:00,58.209999084472656,58.290000915527344,58.099998474121094,58.279998779296875,58273,0.0,0.0
2023-06-30 12:30:00-04:00,58.290000915527344,58.38999938964844,58.2400016784668,58.380001068115234,44258,0.0,0.0
2023-06-30 13:30:00-04:00,58.400001525878906,58.45000076293945,58.349998474121094,58.435001373291016,54058,0.0,0.0
2023-06-30 14:30:00-04:00,58.43000030517578,58.54999923706055,58.43000030517578,58.54999923706055,95636,0.0,0.0
2023-06-30 15:30:00-04:00,58.54999923706055,58.54999923706055,58.2599983215332,58.27000045776367,217696,0.0,0.0
2023-07-03 09:30:00-04:00,58.060001373291016,58.45000076293945,57.900001525878906,58.439998626708984,152550,0.0,0.0
2023-07-03 10:30:00-04:00,58.439998626708984,58.5099983215332,58.25,58.310001373291016,108218,0.0,0.0
2023-07-03 11:30:00-04:00,58.27000045776367,58.45000076293945,58.2400016784668,58.38999938964844,83738,0.0,0.0
2023-07-05 09:30:00-04:00,58.2400016784668,58.439998626708984,57.70000076293945,57.7599983215332,149001,0.0,0.0
2023-07-05 10:30:00-04:00,57.77000045776367,58.09000015258789,57.7599983215332,57.95000076293945,89820,0.0,0.0
2023-07-05 11:30:00-04:00,57.95000076293945,58.0099983215332,57.748199462890625,57.7599983215332,63186,0.0,0.0
2023-07-05 12:30:00-04:00,57.755001068115234,57.755001068115234,57.29999923706055,57.494300842285156,130241,0.0,0.0
2023-07-05 13:30:00-04:00,57.494998931884766,57.63999938964844,57.34299850463867,57.345001220703125,76876,0.0,0.0
2023-07-05 14:30:00-04:00,57.36000061035156,57.595001220703125,57.35499954223633,57.595001220703125,120431,0.0,0.0
2023-07-05 15:30:00-04:00,57.595001220703125,57.63999938964844,57.4900016784668,57.61000061035156,201276,0.0,0.0
2023-07-06 09:30:00-04:00,57.02000045776367,57.59000015258789,56.849998474121094,56.849998474121094,122353,0.0,0.0
2023-07-06 10:30:00-04:00,56.84000015258789,56.91999816894531,56.650001525878906,56.70069885253906,112113,0.0,0.0
2023-07-06 11:30:00-04:00,56.70000076293945,56.77000045776367,56.630001068115234,56.72999954223633,122612,0.0,0.0
2023-07-06 12:30:00-04:00,56.7400016784668,57.0,56.689998626708984,56.939998626708984,86119,0.0,0.0
2023-07-06 13:30:00-04:00,56.93000030517578,57.029998779296875,56.810001373291016,56.84000015258789,91417,0.0,0.0
2023-07-06 14:30:00-04:00,56.845001220703125,57.06999969482422,56.845001220703125,56.9900016784668,90722,0.0,0.0
2023-07-06 15:30:00-04:00,56.9900016784668,57.095001220703125,56.880001068115234,56.939998626708984,286365,0.0,0.0
2023-07-07 09:30:00-04:00,56.70000076293945,57.189998626708984,56.70000076293945,57.13999938964844,90231,0.0,0.0
2023-07-07 10:30:00-04:00,57.119998931884766,57.310001373291016,57.029998779296875,57.310001373291016,47334,0.0,0.0
2023-07-07 11:30:00-04:00,57.290000915527344,57.439998626708984,57.279998779296875,57.40999984741211,48953,0.0,0.0
2023-07-07 12:30:00-04:00,57.43000030517578,57.67499923706055,57.43000030517578,57.5099983215332,49475,0.0,0.0
2023-07-07 13:30:00-04:00,57.5,57.52000045776367,57.29999923706055,57.35300064086914,49253,0.0,0.0
2023-07-07 14:30:00-04:00,57.36000061035156,57.36000061035156,57.209999084472656,57.2599983215332,63089,0.0,0.0
2023-07-07 15:30:00-04:00,57.25,57.29999923706055,57.119998931884766,57.18000030517578,200399,0.0,0.0
2023-07-10 09:30:00-04:00,57.209999084472656,58.0,57.209999084472656,57.75,69682,0.0,0.0
2023-07-10 10:30:00-04:00,57.720001220703125,57.790000915527344,57.47200012207031,57.599998474121094,65354,0.0,0.0
2023-07-10 11:30:00-04:00,57.619998931884766,57.65999984741211,57.5099983215332,57.650001525878906,42946,0.0,0.0
2023-07-10 12:30:00-04:00,57.650001525878906,57.689998626708984,57.560001373291016,57.650001525878906,50454,0.0,0.0
2023-07-10 13:30:00-04:00,57.650001525878906,57.66999816894531,57.54999923706055,57.61000061035156,52923,0.0,0.0
2023-07-10 14:30:00-04:00,57.599998474121094,57.63999938964844,57.48500061035156,57.599998474121094,62943,0.0,0.0
2023-07-10 15:30:00-04:00,57.584999084472656,57.584999084472656,57.47999954223633,57.52000045776367,140022,0.0,0.0
2023-07-11 09:30:00-04:00,57.97999954223633,58.560001373291016,57.93000030517578,58.38999938964844,202920,0.0,0.0
2023-07-11 10:30:00-04:00,58.380001068115234,58.38999938964844,58.119998931884766,58.130001068115234,106690,0.0,0.0
2023-07-11 11:30:00-04:00,58.119998931884766,58.209999084472656,57.97999954223633,58.040000915527344,189220,0.0,0.0
2023-07-11 12:30:00-04:00,58.040000915527344,58.08000183105469,57.95199966430664,58.0,105889,0.0,0.0
2023-07-11 13:30:00-04:00,57.994998931884766,58.025001525878906,57.875,57.94499969482422,73054,0.0,0.0
2023-07-11 14:30:00-04:00,57.95000076293945,58.06999969482422,57.91999816894531,58.03499984741211,119721,0.0,0.0
2023-07-11 15:30:00-04:00,58.029998779296875,58.130001068115234,57.96500015258789,57.98500061035156,306472,0.0,0.0
2023-07-12 09:30:00-04:00,58.5,58.5,58.130001068115234,58.40999984741211,154863,0.0,0.0
2023-07-12 10:30:00-04:00,58.41999816894531,58.91999816894531,58.41999816894531,58.88999938964844,117835,0.0,0.0
2023-07-12 11:30:00-04:00,58.89500045776367,58.970001220703125,58.7400016784668,58.79999923706055,83432,0.0,0.0
2023-07-12 12:30:00-04:00,58.790000915527344,59.25,58.790000915527344,59.189998626708984,132377,0.0,0.0
2023-07-12 13:30:00-04:00,59.189998626708984,59.279998779296875,59.119998931884766,59.2599983215332,169261,0.0,0.0
2023-07-12 14:30:00-04:00,59.2599983215332,59.380001068115234,59.040000915527344,59.119998931884766,186811,0.0,0.0
2023-07-12 15:30:00-04:00,59.1150016784668,59.150001525878906,58.939998626708984,59.0099983215332,237288,0.0,0.0
2023-07-13 09:30:00-04:00,59.08000183105469,59.08000183105469,58.540000915527344,58.72999954223633,95256,0.0,0.0
2023-07-13 10:30:00-04:00,58.7400016784668,58.93000030517578,58.349998474121094,58.400001525878906,102552,0.0,0.0
2023-07-13 11:30:00-04:00,58.38999938964844,58.459999084472656,58.345001220703125,58.40999984741211,76733,0.0,0.0
2023-07-13 12:30:00-04:00,58.400001525878906,58.45000076293945,58.11000061035156,58.25,54581,0.0,0.0
2023-07-13 13:30:00-04:00,58.26499938964844,58.355899810791016,58.220001220703125,58.29999923706055,62283,0.0,0.0
2023-07-13 14:30:00-04:00,58.290000915527344,58.41999816894531,58.279998779296875,58.400001525878906,89416,0.0,0.0
2023-07-13 15:30:00-04:00,58.400001525878906,58.529998779296875,58.400001525878906,58.52000045776367,260210,0.0,0.0
2023-07-14 09:30:00-04:00,58.41999816894531,58.4900016784668,57.779998779296875,57.79999923706055,97977,0.0,0.0
2023-07-14 10:30:00-04:00,57.810001373291016,58.20000076293945,57.72999954223633,58.189998626708984,189446,0.0,0.0
2023-07-14 11:30:00-04:00,58.189998626708984,58.2599983215332,57.96500015258789,58.08000183105469,126497,0.0,0.0
2023-07-14 12:30:00-04:00,58.08000183105469,58.22999954223633,58.06999969482422,58.18000030517578,89281,0.0,0.0
2023-07-14 13:30:00-04:00,58.189998626708984,58.25,58.13999938964844,58.2400016784668,85519,0.0,0.0
2023-07-14 14:30:00-04:00,58.244998931884766,58.25,58.09000015258789,58.185001373291016,101785,0.0,0.0
2023-07-14 15:30:00-04:00,58.20000076293945,58.20000076293945,58.08000183105469,58.189998626708984,201385,0.0,0.0
2023-07-17 09:30:00-04:00,58.18000030517578,58.5,58.09000015258789,58.36000061035156,89019,0.0,0.0
2023-07-17 10:30:00-04:00,58.369998931884766,58.52000045776367,58.27000045776367,58.5099983215332,83221,0.0,0.0
2023-07-17 11:30:00-04:00,58.5099983215332,58.790000915527344,58.46500015258789,58.70000076293945,115742,0.0,0.0
2023-07-17 12:30:00-04:00,58.685001373291016,58.73500061035156,58.599998474121094,58.61000061035156,71398,0.0,0.0
2023-07-17 13:30:00-04:00,58.619998931884766,58.650001525878906,58.53499984741211,58.6150016784668,88654,0.0,0.0
2023-07-17 14:30:00-04:00,58.6150016784668,58.7400016784668,58.55500030517578,58.68000030517578,128249,0.0,0.0
2023-07-17 15:30:00-04:00,58.66999816894531,58.66999816894531,58.51499938964844,58.63999938964844,187776,0.0,0.0
2023-07-18 09:30:00-04:00,58.5,59.244998931884766,58.400001525878906,58.95500183105469,141385,0.0,0.0
2023-07-18 10:30:00-04:00,58.970001220703125,59.0099983215332,58.79999923706055,58.90999984741211,100318,0.0,0.0
2023-07-18 11:30:00-04:00,58.900001525878906,58.900001525878906,58.189998626708984,58.20000076293945,92952,0.0,0.0
2023-07-18 12:30:00-04:00,58.20000076293945,58.42399978637695,58.150001525878906,58.3849983215332,49555,0.0,0.0
2023-07-18 13:30:00-04:00,58.380001068115234,58.3849983215332,58.13999938964844,58.224998474121094,57680,0.0,0.0
2023-07-18 14:30:00-04:00,58.224998474121094,58.345001220703125,58.099998474121094,58.28499984741211,70498,0.0,0.0
2023-07-18 15:30:00-04:00,58.28010177612305,58.29999923706055,58.08000183105469,58.15999984741211,266826,0.0,0.0
2023-07-19 09:30:00-04:00,57.97999954223633,58.29999923706055,57.849998474121094,58.04999923706055,103810,0.0,0.0
2023-07-19 10:30:00-04:00,58.040000915527344,58.04800033569336,57.65999984741211,57.810001373291016,79564,0.0,0.0
2023-07-19 11:30:00-04:00,57.849998474121094,58.0099983215332,57.775001525878906,58.005001068115234,69777,0.0,0.0
2023-07-19 12:30:00-04:00,57.97999954223633,58.34000015258789,57.90999984741211,58.34000015258789,93504,0.0,0.0
2023-07-19 13:30:00-04:00,58.33000183105469,58.33000183105469,58.04999923706055,58.18000030517578,53940,0.0,0.0
2023-07-19 14:30:00-04:00,58.16999816894531,58.36000061035156,58.16999816894531,58.34000015258789,68643,0.0,0.0
2023-07-19 15:30:00-04:00,58.33000183105469,58.334999084472656,58.224998474121094,58.279998779296875,122248,0.0,0.0
2023-07-20 09:30:00-04:00,58.189998626708984,58.349998474121094,56.900001525878906,57.00600051879883,110831,0.0,0.0
2023-07-20 10:30:00-04:00,57.029998779296875,57.33000183105469,56.904998779296875,56.939998626708984,97227,0.0,0.0
2023-07-20 11:30:00-04:00,56.939998626708984,57.189998626708984,56.869998931884766,57.1349983215332,81699,0.0,0.0
2023-07-20 12:30:00-04:00,57.150001525878906,57.150001525878906,56.81999969482422,56.91999816894531,58307,0.0,0.0
2023-07-20 13:30:00-04:00,56.91999816894531,56.97999954223633,56.7599983215332,56.810001373291016,73495,0.0,0.0
2023-07-20 14:30:00-04:00,56.790000915527344,57.02000045776367,56.790000915527344,56.970001220703125,97849,0.0,0.0
2023-07-20 15:30:00-04:00,56.97999954223633,57.220001220703125,56.97999954223633,57.16999816894531,246847,0.0,0.0
2023-07-21 09:30:00-04:00,57.47999954223633,57.49800109863281,56.9900016784668,57.209999084472656,117507,0.0,0.0
2023-07-21 10:30:00-04:00,57.189998626708984,57.36000061035156,57.11940002441406,57.15999984741211,59092,0.0,0.0
2023-07-21 11:30:00-04:00,57.15999984741211,57.290000915527344,57.114601135253906,57.15999984741211,62054,0.0,0.0
2023-07-21 12:30:00-04:00,57.130001068115234,57.16999816894531,57.02000045776367,57.060001373291016,48561,0.0,0.0
2023-07-21 13:30:00-04:00,57.060001373291016,57.150001525878906,56.96500015258789,56.97999954223633,45990,0.0,0.0
2023-07-21 14:30:00-04:00,56.9900016784668,57.095001220703125,56.939998626708984,57.04999923706055,66580,0.0,0.0
2023-07-21 15:30:00-04:00,57.04999923706055,57.119998931884766,56.97999954223633,56.9900016784668,165948,0.0,0.0
2023-07-24 09:30:00-04:00,56.9900016784668,57.279998779296875,56.599998474121094,56.65999984741211,98419,0.0,0.0
2023-07-24 10:30:00-04:00,56.67499923706055,56.790000915527344,56.529998779296875,56.63800048828125,117687,0.0,0.0
2023-07-24 11:30:00-04:00,56.650001525878906,56.7400016784668,56.52000045776367,56.650001525878906,87370,0.0,0.0
2023-07-24 12:30:00-04:00,56.65999984741211,56.810001373291016,56.6349983215332,56.720001220703125,70007,0.0,0.0
2023-07-24 13:30:00-04:00,56.724998474121094,56.86000061035156,56.66999816894531,56.84000015258789,59503,0.0,0.0
2023-07-24 14:30:00-04:00,56.82500076293945,56.869998931884766,56.7599983215332,56.79999923706055,83202,0.0,0.0
2023-07-24 15:30:00-04:00,56.810001373291016,56.994998931884766,56.79999923706055,56.92499923706055,155594,0.0,0.0
2023-07-25 09:30:00-04:00,56.689998626708984,56.9900016784668,56.47999954223633,56.86000061035156,150778,0.0,0.0
2023-07-25 10:30:00-04:00,56.849998474121094,57.0,56.76499938964844,56.95000076293945,87101,0.0,0.0
2023-07-25 11:30:00-04:00,56.959999084472656,57.08000183105469,56.939998626708984,56.994998931884766,61296,0.0,0.0
2023-07-25 12:30:00-04:00,56.994998931884766,57.005001068115234,56.81999969482422,56.959999084472656,47056,0.0,0.0
2023-07-25 13:30:00-04:00,56.97999954223633,57.06999969482422,56.97999954223633,57.064998626708984,45083,0.0,0.0
2023-07-25 14:30:00-04:00,57.06999969482422,57.2599983215332,57.060001373291016,57.21500015258789,92798,0.0,0.0
2023-07-25 15:30:00-04:00,57.21500015258789,57.36000061035156,57.189998626708984,57.2400016784668,165451,0.0,0.0
2023-07-26 09:30:00-04:00,57.22999954223633,57.720001220703125,57.0099983215332,57.3650016784668,94024,0.0,0.0
2023-07-26 10:30:00-04:00,57.36000061035156,57.39500045776367,57.130001068115234,57.244998931884766,126712,0.0,0.0
2023-07-26 11:30:00-04:00,57.220001220703125,57.310001373291016,57.08000183105469,57.119998931884766,74197,0.0,0.0
2023-07-26 12:30:00-04:00,57.099998474121094,57.099998474121094,56.970001220703125,57.0,86861,0.0,0.0
2023-07-26 13:30:00-04:00,57.0,57.279998779296875,56.91999816894531,57.25,84858,0.0,0.0
2023-07-26 14:30:00-04:00,57.256900787353516,57.45000076293945,57.08000183105469,57.2599983215332,104546,0.0,0.0
2023-07-26 15:30:00-04:00,57.25,57.45000076293945,57.20000076293945,57.45000076293945,274641,0.0,0.0
2023-07-27 09:30:00-04:00,57.59000015258789,57.72999954223633,55.75339889526367,56.279998779296875,160025,0.0,0.0
2023-07-27 10:30:00-04:00,56.29999923706055,56.433799743652344,56.0099983215332,56.33000183105469,144235,0.0,0.0
2023-07-27 11:30:00-04:00,56.32500076293945,56.45000076293945,56.0099983215332,56.064998626708984,114017,0.0,0.0
2023-07-27 12:30:00-04:00,56.08000183105469,56.380001068115234,56.064998626708984,56.09000015258789,97067,0.0,0.0
2023-07-27 13:30:00-04:00,56.08000183105469,56.11000061035156,55.619998931884766,55.619998931884766,123399,0.0,0.0
2023-07-27 14:30:00-04:00,55.619998931884766,55.65999984741211,55.33000183105469,55.4900016784668,200769,0.0,0.0
2023-07-27 15:30:00-04:00,55.47999954223633,55.51499938964844,55.08000183105469,55.150001525878906,351348,0.0,0.0
2023-07-28 09:30:00-04:00,55.45000076293945,55.630001068115234,54.150001525878906,54.220001220703125,161859,0.0,0.0
2023-07-28 10:30:00-04:00,54.209999084472656,54.54999923706055,54.19499969482422,54.369998931884766,144395,0.0,0.0
2023-07-28 11:30:00-04:00,54.380001068115234,54.790000915527344,54.310001373291016,54.54999923706055,86219,0.0,0.0
2023-07-28 12:30:00-04:00,54.54999923706055,54.560001373291016,54.290000915527344,54.400001525878906,127540,0.0,0.0
2023-07-28 13:30:00-04:00,54.380001068115234,54.47999954223633,54.17499923706055,54.400001525878906,102094,0.0,0.0
2023-07-28 14:30:00-04:00,54.38999938964844,54.47999954223633,54.31999969482422,54.439998626708984,144546,0.0,0.0
2023-07-28 15:30:00-04:00,54.43000030517578,54.4900016784668,54.30500030517578,54.43000030517578,221517,0.0,0.0
2023-07-31 09:30:00-04:00,54.400001525878906,54.63999938964844,54.31999969482422,54.369998931884766,100052,0.0,0.0
2023-07-31 10:30:00-04:00,54.375,54.56999969482422,54.375,54.540000915527344,106526,0.0,0.0
2023-07-31 11:30:00-04:00,54.540000915527344,54.66999816894531,54.480899810791016,54.630001068115234,84707,0.0,0.0
2023-07-31 12:30:00-04:00,54.625,54.7599983215332,54.46500015258789,54.654998779296875,82376,0.0,0.0
2023-07-31 13:30:00-04:00,54.66999816894531,54.790000915527344,54.5,54.55500030517578,82494,0.0,0.0
2023-07-31 14:30:00-04:00,54.560001373291016,54.900001525878906,54.53499984741211,54.834999084472656,206042,0.0,0.0
2023-07-31 15:30:00-04:00,54.84000015258789,54.86000061035156,54.560001373291016,54.790000915527344,314212,0.0,0.0
2023-08-01 09:30:00-04:00,54.970001220703125,55.41999816894531,54.869998931884766,54.9900016784668,97079,0.0,0.0
2023-08-01 10:30:00-04:00,54.97999954223633,55.13050079345703,54.91999816894531,55.02000045776367,71581,0.0,0.0
2023-08-01 11:30:00-04:00,55.029998779296875,55.09000015258789,54.83000183105469,54.88999938964844,71232,0.0,0.0
2023-08-01 12:30:00-04:00,54.88999938964844,55.244998931884766,54.88999938964844,55.189998626708984,108134,0.0,0.0
2023-08-01 13:30:00-04:00,55.189998626708984,55.279998779296875,55.130001068115234,55.27000045776367,79099,0.0,0.0
2023-08-01 14:30:00-04:00,55.279998779296875,55.52000045776367,55.2599983215332,55.349998474121094,113158,0.0,0.0
2023-08-01 15:30:00-04:00,55.36000061035156,55.459999084472656,55.290000915527344,55.45000076293945,217206,0.0,0.0
2023-08-02 09:30:00-04:00,55.11000061035156,55.369998931884766,54.84000015258789,55.18000030517578,98232,0.0,0.0
2023-08-02 10:30:00-04:00,55.17499923706055,55.36000061035156,55.119998931884766,55.349998474121094,82223,0.0,0.0
2023-08-02 11:30:00-04:00,55.36000061035156,55.45000076293945,55.290000915527344,55.430198669433594,60290,0.0,0.0
2023-08-02 12:30:00-04:00,55.45000076293945,55.45000076293945,55.09000015258789,55.15999984741211,69890,0.0,0.0
2023-08-02 13:30:00-04:00,55.18000030517578,55.220001220703125,55.099998474121094,55.20000076293945,58888,0.0,0.0
2023-08-02 14:30:00-04:00,55.20000076293945,55.209999084472656,54.845001220703125,54.845001220703125,91420,0.0,0.0
2023-08-02 15:30:00-04:00,54.845001220703125,55.02000045776367,54.84000015258789,54.88999938964844,164514,0.0,0.0
2023-08-03 09:30:00-04:00,54.900001525878906,54.900001525878906,54.25,54.349998474121094,81712,0.0,0.0
2023-08-03 10:30:00-04:00,54.3125,54.529998779296875,54.2599983215332,54.43000030517578,90808,0.0,0.0
2023-08-03 11:30:00-04:00,54.40999984741211,54.77000045776367,54.349998474121094,54.630001068115234,51790,0.0,0.0
2023-08-03 12:30:00-04:00,54.682498931884766,55.15999984741211,54.630001068115234,55.15999984741211,42530,0.0,0.0
2023-08-03 13:30:00-04:00,55.18000030517578,55.209999084472656,55.040000915527344,55.060001373291016,66300,0.0,0.0
2023-08-03 14:30:00-04:00,55.04999923706055,55.058998107910156,54.909000396728516,54.90999984741211,51594,0.0,0.0
2023-08-03 15:30:00-04:00,54.904998779296875,54.9900016784668,54.810001373291016,54.84000015258789,162999,0.0,0.0
2023-08-04 09:30:00-04:00,54.974998474121094,54.994998931884766,54.45000076293945,54.994998931884766,63188,0.0,0.0
2023-08-04 10:30:00-04:00,55.029998779296875,55.16999816894531,54.71500015258789,54.779998779296875,135220,0.0,0.0
2023-08-04 11:30:00-04:00,54.790000915527344,54.8650016784668,54.599998474121094,54.79999923706055,141687,0.0,0.0
2023-08-04 12:30:00-04:00,54.80500030517578,55.04999923706055,54.75,54.970001220703125,57514,0.0,0.0
2023-08-04 13:30:00-04:00,54.970001220703125,55.0099983215332,54.505001068115234,54.5099983215332,67149,0.0,0.0
2023-08-04 14:30:00-04:00,54.5099983215332,54.560001373291016,54.36000061035156,54.400001525878906,81581,0.0,0.0
2023-08-04 15:30:00-04:00,54.41999816894531,54.43000030517578,54.209999084472656,54.290000915527344,138826,0.0,0.0
2023-08-07 09:30:00-04:00,54.41999816894531,54.560001373291016,54.029998779296875,54.349998474121094,94683,0.0,0.0
2023-08-07 10:30:00-04:00,54.36000061035156,54.58000183105469,54.27000045776367,54.54499816894531,73607,0.0,0.0
2023-08-07 11:30:00-04:00,54.54999923706055,54.560001373291016,54.31999969482422,54.55070114135742,78557,0.0,0.0
2023-08-07 12:30:00-04:00,54.560001373291016,54.56999969482422,54.38999938964844,54.40999984741211,64380,0.0,0.0
2023-08-07 13:30:00-04:00,54.43000030517578,54.595001220703125,54.40999984741211,54.4900016784668,62674,0.0,0.0
2023-08-07 14:30:00-04:00,54.4900016784668,54.529998779296875,54.22999954223633,54.22999954223633,91053,0.0,0.0
2023-08-07 15:30:00-04:00,54.22999954223633,54.36000061035156,54.18000030517578,54.22999954223633,243551,0.0,0.0
2023-08-08 09:30:00-04:00,53.59000015258789,53.685001373291016,52.720001220703125,52.875,149798,0.0,0.0
2023-08-08 10:30:00-04:00,52.86000061035156,53.060001373291016,52.810001373291016,53.04859924316406,143775,0.0,0.0
2023-08-08 11:30:00-04:00,53.029998779296875,53.220001220703125,52.959999084472656,53.16999816894531,99816,0.0,0.0
2023-08-08 12:30:00-04:00,53.15999984741211,53.380001068115234,53.15999984741211,53.34000015258789,84189,0.0,0.0
2023-08-08 13:30:00-04:00,53.34000015258789,53.540000915527344,53.34000015258789,53.45000076293945,80569,0.0,0.0
2023-08-08 14:30:00-04:00,53.45000076293945,53.630001068115234,53.40999984741211,53.57109832763672,88499,0.0,0.0
2023-08-08 15:30:00-04:00,53.58000183105469,53.599998474121094,53.290000915527344,53.310001373291016,291492,0.0,0.0
2023-08-09 09:30:00-04:00,53.29999923706055,53.720001220703125,53.099998474121094,53.689998626708984,142213,0.0,0.0
2023-08-09 10:30:00-04:00,53.68000030517578,53.779998779296875,53.529998779296875,53.59000015258789,131599,0.0,0.0
2023-08-09 11:30:00-04:00,53.56999969482422,53.6349983215332,53.268699645996094,53.311798095703125,92976,0.0,0.0
2023-08-09 12:30:00-04:00,53.31999969482422,53.46500015258789,53.310001373291016,53.38999938964844,83250,0.0,0.0
2023-08-09 13:30:00-04:00,53.380001068115234,53.55500030517578,53.369998931884766,53.540000915527344,88970,0.0,0.0
2023-08-09 14:30:00-04:00,53.54999923706055,53.59000015258789,53.4900016784668,53.53099822998047,111768,0.0,0.0
2023-08-09 15:30:00-04:00,53.529998779296875,53.529998779296875,53.220001220703125,53.380001068115234,290816,0.0,0.0
2023-08-10 09:30:00-04:00,53.709999084472656,54.209999084472656,53.630001068115234,54.119998931884766,102235,0.0,0.0
2023-08-10 10:30:00-04:00,54.130001068115234,54.15800094604492,53.650001525878906,53.83000183105469,132543,0.0,0.0
2023-08-10 11:30:00-04:00,53.83000183105469,53.91999816894531,53.441001892089844,53.47999954223633,86132,0.0,0.0
2023-08-10 12:30:00-04:00,53.470001220703125,53.650001525878906,53.40999984741211,53.529998779296875,78311,0.0,0.0
2023-08-10 13:30:00-04:00,53.52000045776367,53.720001220703125,53.41999816894531,53.709999084472656,123816,0.0,0.0
2023-08-10 14:30:00-04:00,53.720001220703125,53.744998931884766,53.540000915527344,53.58000183105469,111744,0.0,0.0
2023-08-10 15:30:00-04:00,53.56999969482422,53.68000030517578,53.494998931884766,53.65999984741211,239699,0.0,0.0
2023-08-11 09:30:00-04:00,53.5099983215332,53.790000915527344,53.220001220703125,53.709999084472656,72062,0.0,0.0
2023-08-11 10:30:00-04:00,53.720001220703125,53.77000045776367,53.53499984741211,53.59000015258789,94725,0.0,0.0
2023-08-11 11:30:00-04:00,53.58000183105469,53.72999954223633,53.46500015258789,53.5099983215332,59511,0.0,0.0
2023-08-11 12:30:00-04:00,53.5,53.630001068115234,53.439998626708984,53.599998474121094,68328,0.0,0.0
2023-08-11 13:30:00-04:00,53.59000015258789,53.61000061035156,53.40999984741211,53.470001220703125,83343,0.0,0.0
2023-08-11 14:30:00-04:00,53.47999954223633,53.739898681640625,53.43000030517578,53.689998626708984,85393,0.0,0.0
2023-08-11 15:30:00-04:00,53.689998626708984,53.7400016784668,53.619998931884766,53.63999938964844,142934,0.0,0.0
2023-08-14 09:30:00-04:00,53.36000061035156,53.47999954223633,52.790000915527344,52.88999938964844,93206,0.0,0.0
2023-08-14 10:30:00-04:00,52.900001525878906,53.209999084472656,52.900001525878906,53.13999938964844,80358,0.0,0.0
2023-08-14 11:30:00-04:00,53.14500045776367,53.349998474121094,53.130001068115234,53.34000015258789,61411,0.0,0.0
2023-08-14 12:30:00-04:00,53.33000183105469,53.45899963378906,53.130001068115234,53.36000061035156,90648,0.0,0.0
2023-08-14 13:30:00-04:00,53.380001068115234,53.54999923706055,53.2599983215332,53.54999923706055,94291,0.0,0.0
2023-08-14 14:30:00-04:00,53.540000915527344,53.595001220703125,53.349998474121094,53.529998779296875,181429,0.0,0.0
2023-08-14 15:30:00-04:00,53.540000915527344,53.6150016784668,53.375,53.45000076293945,390459,0.0,0.0
2023-08-15 09:30:00-04:00,53.18000030517578,53.290000915527344,53.0,53.06999969482422,72452,0.0,0.0
2023-08-15 10:30:00-04:00,53.09000015258789,53.16999816894531,52.95500183105469,53.10499954223633,86892,0.0,0.0
2023-08-15 11:30:00-04:00,53.09000015258789,53.11000061035156,52.79499816894531,52.79499816894531,79811,0.0,0.0
2023-08-15 12:30:00-04:00,52.810001373291016,52.86000061035156,52.54999923706055,52.790000915527344,155870,0.0,0.0
2023-08-15 13:30:00-04:00,52.790000915527344,53.02000045776367,52.689998626708984,52.970001220703125,101286,0.0,0.0
2023-08-15 14:30:00-04:00,52.959999084472656,53.029998779296875,52.93000030517578,52.959999084472656,187305,0.0,0.0
2023-08-15 15:30:00-04:00,52.959999084472656,53.025001525878906,52.875,52.90999984741211,187490,0.0,0.0
2023-08-16 09:30:00-04:00,52.650001525878906,53.220001220703125,52.650001525878906,52.88999938964844,68965,0.0,0.0
2023-08-16 10:30:00-04:00,52.90999984741211,53.154998779296875,52.779998779296875,53.102901458740234,81527,0.0,0.0
2023-08-16 11:30:00-04:00,53.099998474121094,53.16999816894531,52.97010040283203,53.06999969482422,122387,0.0,0.0
2023-08-16 12:30:00-04:00,53.06999969482422,53.21500015258789,52.849998474121094,52.92499923706055,123514,0.0,0.0
2023-08-16 13:30:00-04:00,52.92499923706055,53.189998626708984,52.86000061035156,53.01499938964844,102337,0.0,0.0
2023-08-16 14:30:00-04:00,53.01499938964844,53.06999969482422,52.63999938964844,52.65999984741211,111508,0.0,0.0
2023-08-16 15:30:00-04:00,52.65999984741211,52.75,52.56999969482422,52.58000183105469,186497,0.0,0.0
2023-08-17 09:30:00-04:00,52.7400016784668,52.900001525878906,52.52899932861328,52.62009811401367,96445,0.0,0.0
2023-08-17 10:30:00-04:00,52.64400100708008,52.790000915527344,52.57400131225586,52.619998931884766,80979,0.0,0.0
2023-08-17 11:30:00-04:00,52.61009979248047,52.720001220703125,52.56999969482422,52.709999084472656,121249,0.0,0.0
2023-08-17 12:30:00-04:00,52.70000076293945,52.75,52.44499969482422,52.459999084472656,141852,0.0,0.0
2023-08-17 13:30:00-04:00,52.459999084472656,52.5099983215332,52.31999969482422,52.349998474121094,69121,0.0,0.0
2023-08-17 14:30:00-04:00,52.33000183105469,52.33000183105469,52.04600143432617,52.084999084472656,86780,0.0,0.0
2023-08-17 15:30:00-04:00,52.08000183105469,52.08000183105469,51.869998931884766,51.869998931884766,228262,0.0,0.0
2023-08-18 09:30:00-04:00,51.4900016784668,52.58000183105469,51.4900016784668,52.31999969482422,507864,0.0,0.0
2023-08-18 10:30:00-04:00,52.310001373291016,52.630001068115234,52.27000045776367,52.39500045776367,309986,0.0,0.0
2023-08-18 11:30:00-04:00,52.38999938964844,52.40999984741211,52.2599983215332,52.314998626708984,298581,0.0,0.0
2023-08-18 12:30:00-04:00,52.314998626708984,52.400001525878906,52.099998474121094,52.23500061035156,91489,0.0,0.0
2023-08-18 13:30:00-04:00,52.26499938964844,52.40999984741211,52.25,52.33000183105469,105614,0.0,0.0
2023-08-18 14:30:00-04:00,52.32500076293945,52.36000061035156,52.209999084472656,52.255001068115234,127822,0.0,0.0
2023-08-18 15:30:00-04:00,52.2599983215332,52.45000076293945,52.23500061035156,52.40999984741211,402225,0.0,0.0
2023-08-21 09:30:00-04:00,52.56999969482422,52.71500015258789,52.28499984741211,52.30500030517578,99088,0.0,0.0
2023-08-21 10:30:00-04:00,52.29999923706055,52.40999984741211,52.20000076293945,52.2400016784668,65977,0.0,0.0
2023-08-21 11:30:00-04:00,52.2599983215332,52.29999923706055,52.029998779296875,52.15999984741211,63493,0.0,0.0
2023-08-21 12:30:00-04:00,52.154998779296875,52.20000076293945,52.11000061035156,52.13999938964844,54014,0.0,0.0
2023-08-21 13:30:00-04:00,52.130001068115234,52.290000915527344,52.119998931884766,52.209999084472656,57972,0.0,0.0
2023-08-21 14:30:00-04:00,52.20500183105469,52.34000015258789,52.16999816894531,52.33000183105469,76999,0.0,0.0
2023-08-21 15:30:00-04:00,52.33000183105469,52.435001373291016,52.310001373291016,52.36000061035156,195601,0.0,0.0
2023-08-22 09:30:00-04:00,52.5,52.650001525878906,51.79199981689453,52.21500015258789,149246,0.0,0.0
2023-08-22 10:30:00-04:00,52.220001220703125,52.310001373291016,52.040000915527344,52.16999816894531,292253,0.0,0.0
2023-08-22 11:30:00-04:00,52.18000030517578,52.220001220703125,52.029998779296875,52.060001373291016,113373,0.0,0.0
2023-08-22 12:30:00-04:00,52.06999969482422,52.13999938964844,51.90999984741211,51.970001220703125,76606,0.0,0.0
2023-08-22 13:30:00-04:00,51.959999084472656,51.959999084472656,51.790000915527344,51.880001068115234,94921,0.0,0.0
2023-08-22 14:30:00-04:00,51.8849983215332,52.029998779296875,51.77000045776367,51.90999984741211,104461,0.0,0.0
2023-08-22 15:30:00-04:00,51.915000915527344,51.959999084472656,51.849998474121094,51.91999816894531,176773,0.0,0.0
2023-08-23 09:30:00-04:00,52.0,52.16999816894531,51.86000061035156,51.91999816894531,73810,0.0,0.0
2023-08-23 10:30:00-04:00,51.90999984741211,52.040000915527344,51.779998779296875,51.81999969482422,77481,0.0,0.0
2023-08-23 11:30:00-04:00,51.83000183105469,51.86000061035156,51.5099983215332,51.650001525878906,139801,0.0,0.0
2023-08-23 12:30:00-04:00,51.64500045776367,51.869998931884766,51.59000015258789,51.814998626708984,181539,0.0,0.0
2023-08-23 13:30:00-04:00,51.79999923706055,52.060001373291016,51.7599983215332,52.0099983215332,111517,0.0,0.0
2023-08-23 14:30:00-04:00,52.005001068115234,52.060001373291016,51.86000061035156,51.9900016784668,121991,0.0,0.0
2023-08-23 15:30:00-04:00,51.98500061035156,52.040000915527344,51.849998474121094,51.970001220703125,222076,0.0,0.0
2023-08-24 09:30:00-04:00,51.779998779296875,52.08000183105469,51.75,51.84000015258789,87272,0.0,0.0
2023-08-24 10:30:00-04:00,51.83000183105469,51.86000061035156,51.61899948120117,51.72999954223633,80184,0.0,0.0
2023-08-24 11:30:00-04:00,51.720001220703125,51.75,51.595001220703125,51.689998626708984,62780,0.0,0.0
2023-08-24 12:30:00-04:00,51.689998626708984,51.75,51.5,51.540000915527344,63183,0.0,0.0
2023-08-24 13:30:00-04:00,51.52180099487305,51.599998474121094,51.5,51.52000045776367,49898,0.0,0.0
2023-08-24 14:30:00-04:00,51.529998779296875,51.66999816894531,51.459999084472656,51.630001068115234,80499,0.0,0.0
2023-08-24 15:30:00-04:00,51.619998931884766,51.65999984741211,51.380001068115234,51.380001068115234,177399,0.0,0.0
2023-08-25 09:30:00-04:00,51.56999969482422,51.9900016784668,51.56999969482422,51.67879867553711,87391,0.0,0.0
2023-08-25 10:30:00-04:00,51.66999816894531,51.959999084472656,51.63999938964844,51.95000076293945,66716,0.0,0.0
2023-08-25 11:30:00-04:00,51.93000030517578,52.02000045776367,51.810001373291016,51.939998626708984,57021,0.0,0.0
2023-08-25 12:30:00-04:00,51.91999816894531,52.01499938964844,51.82500076293945,51.849998474121094,73319,0.0,0.0
2023-08-25 13:30:00-04:00,51.84000015258789,51.904998779296875,51.689998626708984,51.904998779296875,44656,0.0,0.0
2023-08-25 14:30:00-04:00,51.90999984741211,52.04999923706055,51.869998931884766,52.029998779296875,57901,0.0,0.0
2023-08-25 15:30:00-04:00,52.040000915527344,52.040000915527344,51.7599983215332,51.779998779296875,125295,0.0,0.0
2023-08-28 09:30:00-04:00,51.97999954223633,52.31999969482422,51.900001525878906,52.20500183105469,73734,0.0,0.0
2023-08-28 10:30:00-04:00,52.22999954223633,52.345001220703125,52.1349983215332,52.29999923706055,266156,0.0,0.0
2023-08-28 11:30:00-04:00,52.310001373291016,52.38999938964844,52.18000030517578,52.2400016784668,78844,0.0,0.0
2023-08-28 12:30:00-04:00,52.22999954223633,52.290000915527344,52.140098571777344,52.18000030517578,125966,0.0,0.0
2023-08-28 13:30:00-04:00,52.16999816894531,52.18000030517578,51.959999084472656,52.0,72130,0.0,0.0
2023-08-28 14:30:00-04:00,52.0,52.189998626708984,51.97999954223633,52.17499923706055,144914,0.0,0.0
2023-08-28 15:30:00-04:00,52.16999816894531,52.28499984741211,52.09000015258789,52.09000015258789,338911,0.0,0.0
2023-08-29 09:30:00-04:00,52.33000183105469,52.439998626708984,52.09000015258789,52.279998779296875,117300,0.0,0.0
2023-08-29 10:30:00-04:00,52.279998779296875,52.470001220703125,52.08000183105469,52.400001525878906,69353,0.0,0.0
2023-08-29 11:30:00-04:00,52.40999984741211,52.65700149536133,52.380001068115234,52.56999969482422,92149,0.0,0.0
2023-08-29 12:30:00-04:00,52.56999969482422,52.630001068115234,52.470001220703125,52.619998931884766,136258,0.0,0.0
2023-08-29 13:30:00-04:00,52.619998931884766,52.93899917602539,52.59000015258789,52.915000915527344,116812,0.0,0.0
2023-08-29 14:30:00-04:00,52.90999984741211,53.13999938964844,52.90999984741211,53.09000015258789,124328,0.0,0.0
2023-08-29 15:30:00-04:00,53.099998474121094,53.16999816894531,53.060001373291016,53.150001525878906,209043,0.0,0.0
2023-08-30 09:30:00-04:00,53.209999084472656,53.71500015258789,53.06999969482422,53.584999084472656,161812,0.0,0.0
2023-08-30 10:30:00-04:00,53.599998474121094,53.93000030517578,53.54499816894531,53.93000030517578,103701,0.0,0.0
2023-08-30 11:30:00-04:00,53.90999984741211,54.06999969482422,53.900001525878906,54.0,145194,0.0,0.0
2023-08-30 12:30:00-04:00,53.97999954223633,54.0099983215332,53.86000061035156,53.869998931884766,97736,0.0,0.0
2023-08-30 13:30:00-04:00,53.869998931884766,53.93000030517578,53.650001525878906,53.689998626708984,116693,0.0,0.0
2023-08-30 14:30:00-04:00,53.68000030517578,53.845001220703125,53.6349983215332,53.6349983215332,94198,0.0,0.0
2023-08-30 15:30:00-04:00,53.6349983215332,53.6349983215332,53.369998931884766,53.47999954223633,232988,0.0,0.0
2023-08-31 09:30:00-04:00,53.599998474121094,53.869998931884766,53.47999954223633,53.630001068115234,128957,0.0,0.0
2023-08-31 10:30:00-04:00,53.6349983215332,53.6349983215332,53.36000061035156,53.529998779296875,103077,0.0,0.0
2023-08-31 11:30:00-04:00,53.52000045776367,53.540000915527344,53.43000030517578,53.470001220703125,51791,0.0,0.0
2023-08-31 12:30:00-04:00,53.470001220703125,53.50640106201172,53.349998474121094,53.47999954223633,51986,0.0,0.0
2023-08-31 13:30:00-04:00,53.47999954223633,53.5099983215332,53.060001373291016,53.10499954223633,108940,0.0,0.0
2023-08-31 14:30:00-04:00,53.10499954223633,53.130001068115234,52.560001373291016,52.630001068115234,156788,0.0,0.0
2023-08-31 15:30:00-04:00,52.619998931884766,52.68000030517578,52.369998931884766,52.529998779296875,379501,0.0,0.0
2023-09-01 09:30:00-04:00,52.93000030517578,53.18000030517578,52.88999938964844,52.91999816894531,72838,0.0,0.0
2023-09-01 10:30:00-04:00,52.900001525878906,52.959999084472656,52.72999954223633,52.834999084472656,86099,0.0,0.0
2023-09-01 11:30:00-04:00,52.81100082397461,52.81100082397461,52.54499816894531,52.650001525878906,56549,0.0,0.0
2023-09-01 12:30:00-04:00,52.64500045776367,52.79499816894531,52.560001373291016,52.75,58619,0.0,0.0
2023-09-01 13:30:00-04:00,52.75,52.900001525878906,52.689998626708984,52.72999954223633,104441,0.0,0.0
2023-09-01 14:30:00-04:00,52.70050048828125,52.849998474121094,52.625,52.845001220703125,77130,0.0,0.0
2023-09-01 15:30:00-04:00,52.845001220703125,52.900001525878906,52.810001373291016,52.869998931884766,245506,0.0,0.0
2023-09-05 09:30:00-04:00,52.65999984741211,52.76499938964844,51.11000061035156,51.81999969482422,239514,0.0,0.0
2023-09-05 10:30:00-04:00,51.810001373291016,52.150001525878906,51.720001220703125,51.95000076293945,119864,0.0,0.0
2023-09-05 11:30:00-04:00,51.93000030517578,52.029998779296875,51.75,51.83000183105469,94083,0.0,0.0
2023-09-05 12:30:00-04:00,51.84000015258789,51.84000015258789,51.5,51.525001525878906,107246,0.0,0.0
2023-09-05 13:30:00-04:00,51.52000045776367,51.540000915527344,51.38999938964844,51.529998779296875,98056,0.0,0.0
2023-09-05 14:30:00-04:00,51.529998779296875,51.560001373291016,51.38999938964844,51.41999816894531,109607,0.0,0.0
2023-09-05 15:30:00-04:00,51.41999816894531,51.540000915527344,51.400001525878906,51.459999084472656,250987,0.0,0.0
2023-09-06 09:30:00-04:00,51.29999923706055,51.560001373291016,51.119998931884766,51.16999816894531,116021,0.0,0.0
2023-09-06 10:30:00-04:00,51.19499969482422,51.20000076293945,50.81999969482422,50.939998626708984,121512,0.0,0.0
2023-09-06 11:30:00-04:00,50.935001373291016,50.935001373291016,50.67430114746094,50.7599983215332,132504,0.0,0.0
2023-09-06 12:30:00-04:00,50.75,50.86000061035156,50.630001068115234,50.849998474121094,195626,0.0,0.0
2023-09-06 13:30:00-04:00,50.849998474121094,51.03499984741211,50.810001373291016,50.91999816894531,81506,0.0,0.0
2023-09-06 14:30:00-04:00,50.92499923706055,50.97999954223633,50.85499954223633,50.91999816894531,124795,0.0,0.0
2023-09-06 15:30:00-04:00,50.92499923706055,51.02000045776367,50.7599983215332,50.83000183105469,374906,0.0,0.0
2023-09-07 09:30:00-04:00,50.7400016784668,51.029998779296875,50.209999084472656,50.2400016784668,127807,0.0,0.0
2023-09-07 10:30:00-04:00,50.2400016784668,50.380001068115234,50.125,50.150001525878906,172329,0.0,0.0
2023-09-07 11:30:00-04:00,50.165000915527344,50.380001068115234,50.165000915527344,50.279998779296875,100097,0.0,0.0
2023-09-07 12:30:00-04:00,50.27000045776367,50.43619918823242,50.20000076293945,50.41999816894531,105522,0.0,0.0
2023-09-07 13:30:00-04:00,50.41999816894531,50.52000045776367,50.29999923706055,50.35499954223633,160878,0.0,0.0
2023-09-07 14:30:00-04:00,50.36000061035156,50.41999816894531,50.220001220703125,50.380001068115234,165802,0.0,0.0
2023-09-07 15:30:00-04:00,50.380001068115234,50.494998931884766,50.33000183105469,50.43000030517578,291655,0.0,0.0
2023-09-08 09:30:00-04:00,50.36000061035156,50.560001373291016,50.064998626708984,50.45000076293945,214594,0.0,0.0
2023-09-08 10:30:00-04:00,50.45000076293945,50.619998931884766,50.40999984741211,50.43000030517578,79405,0.0,0.0
2023-09-08 11:30:00-04:00,50.40999984741211,50.56999969482422,50.38999938964844,50.54999923706055,88907,0.0,0.0
2023-09-08 12:30:00-04:00,50.540000915527344,50.540000915527344,50.369998931884766,50.38100051879883,72217,0.0,0.0
2023-09-08 13:30:00-04:00,50.3849983215332,50.459999084472656,50.290000915527344,50.345001220703125,137434,0.0,0.0
2023-09-08 14:30:00-04:00,50.345001220703125,50.459999084472656,50.29999923706055,50.45500183105469,114893,0.0,0.0
2023-09-08 15:30:00-04:00,50.45500183105469,50.52000045776367,50.349998474121094,50.470001220703125,325993,0.0,0.0
2023-09-11 09:30:00-04:00,50.849998474121094,51.03499984741211,50.310001373291016,50.45000076293945,137466,0.0,0.0
2023-09-11 10:30:00-04:00,50.45000076293945,50.459999084472656,50.28499984741211,50.369998931884766,113664,0.0,0.0
2023-09-11 11:30:00-04:00,50.351200103759766,50.4900016784668,50.27000045776367,50.470001220703125,184489,0.0,0.0
2023-09-11 12:30:00-04:00,50.45000076293945,50.5099983215332,50.349998474121094,50.36000061035156,178333,0.0,0.0
2023-09-11 13:30:00-04:00,50.349998474121094,50.5099983215332,50.34000015258789,50.47999954223633,117741,0.0,0.0
2023-09-11 14:30:00-04:00,50.47999954223633,50.494998931884766,50.29999923706055,50.33000183105469,122908,0.0,0.0
2023-09-11 15:30:00-04:00,50.33000183105469,50.459999084472656,50.31999969482422,50.439998626708984,436601,0.0,0.0
2023-09-12 09:30:00-04:00,50.31999969482422,50.61000061035156,50.31999969482422,50.38999938964844,170775,0.0,0.0
2023-09-12 10:30:00-04:00,50.380001068115234,50.3849983215332,50.15999984741211,50.209999084472656,233954,0.0,0.0
2023-09-12 11:30:00-04:00,50.209999084472656,50.310001373291016,50.15999984741211,50.279998779296875,206196,0.0,0.0
2023-09-12 12:30:00-04:00,50.27000045776367,50.470001220703125,50.19499969482422,50.43000030517578,131792,0.0,0.0
2023-09-12 13:30:00-04:00,50.45000076293945,50.54999923706055,50.349998474121094,50.400001525878906,125988,0.0,0.0
2023-09-12 14:30:00-04:00,50.380001068115234,50.43000030517578,50.27000045776367,50.31999969482422,121638,0.0,0.0
2023-09-12 15:30:00-04:00,50.310001373291016,50.3849983215332,50.290000915527344,50.310001373291016,251230,0.0,0.0
2023-09-13 09:30:00-04:00,50.290000915527344,50.40250015258789,50.04999923706055,50.06999969482422,98079,0.0,0.0
2023-09-13 10:30:00-04:00,50.06999969482422,50.20000076293945,50.02000045776367,50.06999969482422,130564,0.0,0.0
2023-09-13 11:30:00-04:00,50.060001373291016,50.220001220703125,49.900001525878906,50.165000915527344,96266,0.0,0.0
2023-09-13 12:30:00-04:00,50.15999984741211,50.21900177001953,50.04999923706055,50.04999923706055,63412,0.0,0.0
2023-09-13 13:30:00-04:00,50.05500030517578,50.08000183105469,49.77000045776367,49.79999923706055,112822,0.0,0.0
2023-09-13 14:30:00-04:00,49.790000915527344,49.790000915527344,49.529998779296875,49.54999923706055,115024,0.0,0.0
2023-09-13 15:30:00-04:00,49.55500030517578,49.80500030517578,49.55500030517578,49.65999984741211,280042,0.0,0.0
2023-09-14 09:30:00-04:00,49.939998626708984,50.29499816894531,49.79999923706055,49.959999084472656,101293,0.0,0.0
2023-09-14 10:30:00-04:00,49.970001220703125,50.13999938964844,49.79999923706055,49.84000015258789,109477,0.0,0.0
2023-09-14 11:30:00-04:00,49.845001220703125,49.935001373291016,49.72999954223633,49.779998779296875,87707,0.0,0.0
2023-09-14 12:30:00-04:00,49.78499984741211,49.970001220703125,49.77009963989258,49.970001220703125,101831,0.0,0.0
2023-09-14 13:30:00-04:00,49.96500015258789,50.02000045776367,49.88999938964844,50.02000045776367,94079,0.0,0.0
2023-09-14 14:30:00-04:00,50.02000045776367,50.11000061035156,50.02000045776367,50.08000183105469,101871,0.0,0.0
2023-09-14 15:30:00-04:00,50.08000183105469,50.380001068115234,50.07500076293945,50.33000183105469,394234,0.0,0.0
2023-09-15 09:30:00-04:00,50.33000183105469,50.33000183105469,49.869998931884766,49.959999084472656,335931,0.0,0.0
2023-09-15 10:30:00-04:00,49.939998626708984,49.97999954223633,49.79999923706055,49.970001220703125,84269,0.0,0.0
2023-09-15 11:30:00-04:00,49.970001220703125,50.2599983215332,49.95000076293945,50.15999984741211,252272,0.0,0.0
2023-09-15 12:30:00-04:00,50.150001525878906,50.220001220703125,50.09000015258789,50.15999984741211,76755,0.0,0.0
2023-09-15 13:30:00-04:00,50.15999984741211,50.2400016784668,49.970001220703125,49.9900016784668,112120,0.0,0.0
2023-09-15 14:30:00-04:00,49.9900016784668,50.23500061035156,49.98500061035156,50.189998626708984,153773,0.0,0.0
2023-09-15 15:30:00-04:00,50.185001373291016,50.189998626708984,49.880001068115234,49.939998626708984,365170,0.0,0.0
2023-09-18 09:30:00-04:00,49.84000015258789,50.29499816894531,49.79999923706055,50.279998779296875,91581,0.0,0.0
2023-09-18 10:30:00-04:00,50.279998779296875,50.33000183105469,50.07500076293945,50.084999084472656,69655,0.0,0.0
2023-09-18 11:30:00-04:00,50.09000015258789,50.44499969482422,50.09000015258789,50.3849983215332,105594,0.0,0.0
2023-09-18 12:30:00-04:00,50.38999938964844,50.494998931884766,50.38999938964844,50.43000030517578,82714,0.0,0.0
2023-09-18 13:30:00-04:00,50.42499923706055,50.44499969482422,50.189998626708984,50.20000076293945,77011,0.0,0.0
2023-09-18 14:30:00-04:00,50.189998626708984,50.31999969482422,50.189998626708984,50.275001525878906,107428,0.0,0.0
2023-09-18 15:30:00-04:00,50.275001525878906,50.275001525878906,50.11000061035156,50.11000061035156,246330,0.0,0.0
2023-09-19 09:30:00-04:00,50.13999938964844,50.290000915527344,49.849998474121094,50.279998779296875,119100,0.0,0.0
2023-09-19 10:30:00-04:00,50.279998779296875,50.470001220703125,50.279998779296875,50.470001220703125,84133,0.0,0.0
2023-09-19 11:30:00-04:00,50.470001220703125,50.52840042114258,50.29999923706055,50.29999923706055,65027,0.0,0.0
2023-09-19 12:30:00-04:00,50.29999923706055,50.43000030517578,50.244998931884766,50.40999984741211,62830,0.0,0.0
2023-09-19 13:30:00-04:00,50.40999984741211,50.560001373291016,50.38999938964844,50.439998626708984,84198,0.0,0.0
2023-09-19 14:30:00-04:00,50.43000030517578,50.56999969482422,50.404998779296875,50.505001068115234,117099,0.0,0.0
2023-09-19 15:30:00-04:00,50.5099983215332,50.70000076293945,50.5,50.560001373291016,214754,0.0,0.0
2023-09-20 09:30:00-04:00,50.619998931884766,50.779998779296875,50.45000076293945,50.7599983215332,137179,0.0,0.0
2023-09-20 10:30:00-04:00,50.7599983215332,50.775001525878906,50.45000076293945,50.4900016784668,110767,0.0,0.0
2023-09-20 11:30:00-04:00,50.4900016784668,50.69499969482422,50.4900016784668,50.689998626708984,89703,0.0,0.0
2023-09-20 12:30:00-04:00,50.68000030517578,50.849098205566406,50.61000061035156,50.72999954223633,72726,0.0,0.0
2023-09-20 13:30:00-04:00,50.71500015258789,50.86000061035156,50.595001220703125,50.63999938964844,94815,0.0,0.0
2023-09-20 14:30:00-04:00,50.63999938964844,50.75,50.5,50.58000183105469,162131,0.0,0.0
2023-09-20 15:30:00-04:00,50.584999084472656,50.599998474121094,50.314998626708984,50.380001068115234,254285,0.0,0.0
2023-09-21 09:30:00-04:00,50.25,50.262901306152344,49.900001525878906,49.9900016784668,115148,0.0,0.0
2023-09-21 10:30:00-04:00,49.970001220703125,50.029998779296875,49.77000045776367,49.8849983215332,105159,0.0,0.0
2023-09-21 11:30:00-04:00,49.900001525878906,50.11000061035156,49.900001525878906,49.90999984741211,67071,0.0,0.0
2023-09-21 12:30:00-04:00,49.90999984741211,50.040000915527344,49.790000915527344,50.029998779296875,65388,0.0,0.0
2023-09-21 13:30:00-04:00,50.029998779296875,50.029998779296875,49.83000183105469,49.880001068115234,54506,0.0,0.0
2023-09-21 14:30:00-04:00,49.869998931884766,49.97249984741211,49.810001373291016,49.834999084472656,91406,0.0,0.0
2023-09-21 15:30:00-04:00,49.834999084472656,49.85499954223633,49.56999969482422,49.60499954223633,257364,0.0,0.0
2023-09-22 09:30:00-04:00,49.630001068115234,49.845001220703125,49.5625,49.69499969482422,80143,0.0,0.0
2023-09-22 10:30:00-04:00,49.69499969482422,49.849998474121094,49.69499969482422,49.78499984741211,92600,0.0,0.0
2023-09-22 11:30:00-04:00,49.779998779296875,49.810001373291016,49.59000015258789,49.79999923706055,148590,0.0,0.0
2023-09-22 12:30:00-04:00,49.81999969482422,49.97999954223633,49.79999923706055,49.8650016784668,163528,0.0,0.0
2023-09-22 13:30:00-04:00,49.875,49.90999984741211,49.720001220703125,49.720001220703125,200568,0.0,0.0
2023-09-22 14:30:00-04:00,49.720001220703125,49.83000183105469,49.6349983215332,49.77000045776367,110612,0.0,0.0
2023-09-22 15:30:00-04:00,49.76499938964844,49.79499816894531,49.33000183105469,49.43000030517578,332888,0.0,0.0
2023-09-25 09:30:00-04:00,49.380001068115234,49.755001068115234,49.22999954223633,49.66999816894531,79607,0.0,0.0
2023-09-25 10:30:00-04:00,49.66999816894531,49.90999984741211,49.630001068115234,49.779998779296875,138998,0.0,0.0
2023-09-25 11:30:00-04:00,49.810001373291016,49.9900016784668,49.77000045776367,49.970001220703125,67990,0.0,0.0
2023-09-25 12:30:00-04:00,49.97249984741211,50.02000045776367,49.86000061035156,49.8849983215332,84492,0.0,0.0
2023-09-25 13:30:00-04:00,49.869998931884766,49.974998474121094,49.869998931884766,49.900001525878906,93576,0.0,0.0
2023-09-25 14:30:00-04:00,49.900001525878906,49.9900016784668,49.77000045776367,49.88999938964844,118614,0.0,0.0
2023-09-25 15:30:00-04:00,49.880001068115234,49.970001220703125,49.709999084472656,49.900001525878906,381569,0.0,0.0
2023-09-26 09:30:00-04:00,49.540000915527344,49.790000915527344,49.40999984741211,49.459999084472656,165340,0.0,0.0
2023-09-26 10:30:00-04:00,49.459999084472656,49.52000045776367,49.33000183105469,49.40999984741211,254496,0.0,0.0
2023-09-26 11:30:00-04:00,49.400001525878906,49.56999969482422,49.400001525878906,49.53499984741211,144601,0.0,0.0
2023-09-26 12:30:00-04:00,49.53499984741211,49.577701568603516,49.45000076293945,49.5099983215332,144264,0.0,0.0
2023-09-26 13:30:00-04:00,49.5099983215332,49.53499984741211,49.220001220703125,49.255001068115234,179355,0.0,0.0
2023-09-26 14:30:00-04:00,49.25,49.275001525878906,48.849998474121094,48.85499954223633,217401,0.0,0.0
2023-09-26 15:30:00-04:00,48.849998474121094,49.13999938964844,48.849998474121094,48.95000076293945,419476,0.0,0.0
2023-09-27 09:30:00-04:00,49.27000045776367,49.29999923706055,48.935001373291016,49.040000915527344,124568,0.0,0.0
2023-09-27 10:30:00-04:00,49.040000915527344,49.13999938964844,48.93000030517578,49.02000045776367,119644,0.0,0.0
2023-09-27 11:30:00-04:00,49.02000045776367,49.08000183105469,48.59000015258789,48.619998931884766,103311,0.0,0.0
2023-09-27 12:30:00-04:00,48.619998931884766,48.810001373291016,48.619998931884766,48.72999954223633,118472,0.0,0.0
2023-09-27 13:30:00-04:00,48.72999954223633,48.939998626708984,48.71500015258789,48.91999816894531,117224,0.0,0.0
2023-09-27 14:30:00-04:00,48.91999816894531,49.130001068115234,48.91999816894531,49.06999969482422,122216,0.0,0.0
2023-09-27 15:30:00-04:00,49.064998626708984,49.064998626708984,48.7400016784668,48.810001373291016,327306,0.0,0.0
2023-09-28 09:30:00-04:00,48.7400016784668,49.04999923706055,48.7400016784668,48.994998931884766,268830,0.0,0.0
2023-09-28 10:30:00-04:00,48.9900016784668,49.54999923706055,48.970001220703125,49.47999954223633,212240,0.0,0.0
2023-09-28 11:30:00-04:00,49.47999954223633,49.630001068115234,49.40999984741211,49.61000061035156,104693,0.0,0.0
2023-09-28 12:30:00-04:00,49.61000061035156,49.650001525878906,49.47999954223633,49.529998779296875,80598,0.0,0.0
2023-09-28 13:30:00-04:00,49.52000045776367,49.630001068115234,49.4900016784668,49.58000183105469,66721,0.0,0.0
2023-09-28 14:30:00-04:00,49.58000183105469,49.790000915527344,49.5,49.77000045776367,111755,0.0,0.0
2023-09-28 15:30:00-04:00,49.7599983215332,49.7599983215332,49.4900016784668,49.540000915527344,193081,0.0,0.0
2023-09-29 09:30:00-04:00,49.90999984741211,50.0099983215332,49.61000061035156,49.83000183105469,133755,0.0,0.0
2023-09-29 10:30:00-04:00,49.84000015258789,50.06999969482422,49.77000045776367,49.970001220703125,168406,0.0,0.0
2023-09-29 11:30:00-04:00,49.970001220703125,50.04999923706055,49.79499816894531,49.90999984741211,191602,0.0,0.0
2023-09-29 12:30:00-04:00,49.90890121459961,50.0099983215332,49.52000045776367,49.70000076293945,119089,0.0,0.0
2023-09-29 13:30:00-04:00,49.70500183105469,49.70500183105469,49.369998931884766,49.369998931884766,92890,0.0,0.0
2023-09-29 14:30:00-04:00,49.36000061035156,49.650001525878906,49.349998474121094,49.47999954223633,90637,0.0,0.0
2023-09-29 15:30:00-04:00,49.48500061035156,49.66999816894531,49.43000030517578,49.5,236843,0.0,0.0
2023-10-02 09:30:00-04:00,49.36000061035156,49.4900016784668,49.08000183105469,49.404998779296875,201544,0.0,0.0
2023-10-02 10:30:00-04:00,49.38999938964844,49.54999923706055,49.310001373291016,49.505001068115234,190955,0.0,0.0
2023-10-02 11:30:00-04:00,49.505001068115234,49.560001373291016,49.36000061035156,49.470001220703125,116790,0.0,0.0
2023-10-02 12:30:00-04:00,49.470001220703125,49.52000045776367,49.25,49.314998626708984,102068,0.0,0.0
2023-10-02 13:30:00-04:00,49.31999969482422,49.369998931884766,49.16999816894531,49.18000030517578,106335,0.0,0.0
2023-10-02 14:30:00-04:00,49.185001373291016,49.22999954223633,49.03499984741211,49.099998474121094,132881,0.0,0.0
2023-10-02 15:30:00-04:00,49.09000015258789,49.20000076293945,49.06999969482422,49.130001068115234,220472,0.0,0.0
2023-10-03 09:30:00-04:00,48.9900016784668,49.09000015258789,48.470001220703125,48.4900016784668,84126,0.0,0.0
2023-10-03 10:30:00-04:00,48.459999084472656,48.83000183105469,48.459999084472656,48.709999084472656,78731,0.0,0.0
2023-10-03 11:30:00-04:00,48.70000076293945,48.7400016784668,48.529998779296875,48.73500061035156,87052,0.0,0.0
2023-10-03 12:30:00-04:00,48.7400016784668,48.939998626708984,48.66999816894531,48.70000076293945,129278,0.0,0.0
2023-10-03 13:30:00-04:00,48.709999084472656,48.709999084472656,48.33000183105469,48.36000061035156,83465,0.0,0.0
2023-10-03 14:30:00-04:00,48.349998474121094,48.4739990234375,48.33000183105469,48.42499923706055,101213,0.0,0.0
2023-10-03 15:30:00-04:00,48.435001373291016,48.64500045776367,48.43000030517578,48.560001373291016,249115,0.0,0.0
2023-10-04 09:30:00-04:00,48.5,48.75,48.08000183105469,48.150001525878906,96335,0.0,0.0
2023-10-04 10:30:00-04:00,48.13999938964844,48.29999923706055,48.0099983215332,48.29999923706055,85895,0.0,0.0
2023-10-04 11:30:00-04:00,48.290000915527344,48.619998931884766,48.18000030517578,48.612998962402344,127676,0.0,0.0
2023-10-04 12:30:00-04:00,48.63999938964844,48.709999084472656,48.5,48.564998626708984,82282,0.0,0.0
2023-10-04 13:30:00-04:00,48.54999923706055,48.619998931884766,48.369998931884766,48.470001220703125,94019,0.0,0.0
2023-10-04 14:30:00-04:00,48.47999954223633,48.779998779296875,48.45000076293945,48.70500183105469,105453,0.0,0.0
2023-10-04 15:30:00-04:00,48.709999084472656,48.849998474121094,48.68000030517578,48.75,229716,0.0,0.0
2023-10-05 09:30:00-04:00,48.779998779296875,49.16999816894531,48.70000076293945,48.86000061035156,132238,0.0,0.0
2023-10-05 10:30:00-04:00,48.849998474121094,48.880001068115234,48.650001525878906,48.790000915527344,98528,0.0,0.0
2023-10-05 11:30:00-04:00,48.779998779296875,49.029998779296875,48.720001220703125,49.005001068115234,117903,0.0,0.0
2023-10-05 12:30:00-04:00,49.0099983215332,49.040000915527344,48.79999923706055,48.939998626708984,127140,0.0,0.0
2023-10-05 13:30:00-04:00,48.93000030517578,49.11000061035156,48.869998931884766,49.04999923706055,100143,0.0,0.0
2023-10-05 14:30:00-04:00,49.04499816894531,49.17499923706055,49.029998779296875,49.13999938964844,105954,0.0,0.0
2023-10-05 15:30:00-04:00,49.150001525878906,49.23500061035156,49.119998931884766,49.18000030517578,366399,0.0,0.0
2023-10-06 09:30:00-04:00,49.0,49.400001525878906,48.86000061035156,48.90999984741211,111146,0.0,0.0
2023-10-06 10:30:00-04:00,48.939998626708984,49.27000045776367,48.81999969482422,49.130001068115234,158529,0.0,0.0
2023-10-06 11:30:00-04:00,49.150001525878906,49.5099983215332,49.1349983215332,49.349998474121094,124478,0.0,0.0
2023-10-06 12:30:00-04:00,49.33000183105469,49.369998931884766,49.16999816894531,49.349998474121094,81648,0.0,0.0
2023-10-06 13:30:00-04:00,49.34000015258789,49.68000030517578,49.310001373291016,49.68000030517578,86233,0.0,0.0
2023-10-06 14:30:00-04:00,49.68000030517578,49.790000915527344,49.51499938964844,49.540000915527344,147510,0.0,0.0
2023-10-06 15:30:00-04:00,49.54999923706055,49.63999938964844,49.459999084472656,49.5099983215332,289516,0.0,0.0
2023-10-09 09:30:00-04:00,49.400001525878906,49.58000183105469,49.36000061035156,49.540000915527344,138729,0.0,0.0
2023-10-09 10:30:00-04:00,49.54999923706055,49.60499954223633,49.5,49.54999923706055,86602,0.0,0.0
2023-10-09 11:30:00-04:00,49.560001373291016,49.90999984741211,49.5,49.81999969482422,81291,0.0,0.0
2023-10-09 12:30:00-04:00,49.849998474121094,49.88999938964844,49.75,49.88999938964844,76167,0.0,0.0
2023-10-09 13:30:00-04:00,49.88999938964844,50.34000015258789,49.88999938964844,50.290000915527344,89241,0.0,0.0
2023-10-09 14:30:00-04:00,50.29499816894531,50.42499923706055,50.2400016784668,50.2599983215332,114138,0.0,0.0
2023-10-09 15:30:00-04:00,50.2599983215332,50.33000183105469,50.20000076293945,50.310001373291016,227877,0.0,0.0
2023-10-10 09:30:00-04:00,50.279998779296875,51.06999969482422,50.279998779296875,50.98749923706055,318225,0.0,0.0
2023-10-10 10:30:00-04:00,51.0,51.45000076293945,50.959999084472656,51.38999938964844,350675,0.0,0.0
2023-10-10 11:30:00-04:00,51.380001068115234,51.4900016784668,51.2599983215332,51.38999938964844,169244,0.0,0.0
2023-10-10 12:30:00-04:00,51.380001068115234,51.380001068115234,51.084999084472656,51.2400016784668,127130,0.0,0.0
2023-10-10 13:30:00-04:00,51.25,51.314998626708984,51.09000015258789,51.189998626708984,168713,0.0,0.0
2023-10-10 14:30:00-04:00,51.189998626708984,51.275001525878906,51.04999923706055,51.150001525878906,166543,0.0,0.0
2023-10-10 15:30:00-04:00,51.14500045776367,51.27750015258789,51.119998931884766,51.20500183105469,304703,0.0,0.0
2023-10-11 09:30:00-04:00,51.38999938964844,51.5,50.66999816894531,50.84000015258789,187549,0.0,0.0
2023-10-11 10:30:00-04:00,50.849998474121094,50.939998626708984,50.58000183105469,50.59000015258789,155870,0.0,0.0
2023-10-11 11:30:00-04:00,50.59000015258789,50.68000030517578,50.33000183105469,50.3650016784668,124024,0.0,0.0
2023-10-11 12:30:00-04:00,50.369998931884766,50.529998779296875,50.35499954223633,50.46500015258789,102285,0.0,0.0
2023-10-11 13:30:00-04:00,50.46699905395508,50.77000045776367,50.41999816894531,50.630001068115234,136385,0.0,0.0
2023-10-11 14:30:00-04:00,50.630001068115234,50.79499816894531,50.630001068115234,50.79499816894531,173179,0.0,0.0
2023-10-11 15:30:00-04:00,50.79499816894531,50.97999954223633,50.790000915527344,50.93000030517578,355081,0.0,0.0
2023-10-12 09:30:00-04:00,51.0,51.0,50.08000183105469,50.41999816894531,299440,0.0,0.0
2023-10-12 10:30:00-04:00,50.43000030517578,50.56999969482422,50.119998931884766,50.560001373291016,144960,0.0,0.0
2023-10-12 11:30:00-04:00,50.54999923706055,50.7599983215332,50.43000030517578,50.724998474121094,108451,0.0,0.0
2023-10-12 12:30:00-04:00,50.72100067138672,50.744998931884766,50.25,50.25,97347,0.0,0.0
2023-10-12 13:30:00-04:00,50.2400016784668,50.310001373291016,50.09000015258789,50.310001373291016,88334,0.0,0.0
2023-10-12 14:30:00-04:00,50.29999923706055,50.40999984741211,50.23500061035156,50.28499984741211,128848,0.0,0.0
2023-10-12 15:30:00-04:00,50.28499984741211,50.48749923706055,50.28499984741211,50.400001525878906,240508,0.0,0.0
2023-10-13 09:30:00-04:00,50.61000061035156,50.810001373291016,50.45000076293945,50.61000061035156,98859,0.0,0.0
2023-10-13 10:30:00-04:00,50.59000015258789,50.7400016784668,50.040000915527344,50.18000030517578,103406,0.0,0.0
2023-10-13 11:30:00-04:00,50.189998626708984,50.209999084472656,49.959999084472656,50.18000030517578,72032,0.0,0.0
2023-10-13 12:30:00-04:00,50.18000030517578,50.20000076293945,49.779998779296875,49.790000915527344,95220,0.0,0.0
2023-10-13 13:30:00-04:00,49.7599983215332,50.189998626708984,49.755001068115234,50.09000015258789,137024,0.0,0.0
2023-10-13 14:30:00-04:00,50.09000015258789,50.130001068115234,49.94499969482422,49.974998474121094,121166,0.0,0.0
2023-10-13 15:30:00-04:00,49.97999954223633,50.11800003051758,49.97999954223633,50.04999923706055,326978,0.0,0.0
2023-10-16 09:30:00-04:00,50.540000915527344,50.65999984741211,50.279998779296875,50.632999420166016,147482,0.0,0.0
2023-10-16 10:30:00-04:00,50.650001525878906,50.85499954223633,50.58000183105469,50.76499938964844,228757,0.0,0.0
2023-10-16 11:30:00-04:00,50.76499938964844,50.76499938964844,50.52000045776367,50.72999954223633,133010,0.0,0.0
2023-10-16 12:30:00-04:00,50.7400016784668,50.84000015258789,50.58000183105469,50.779998779296875,141452,0.0,0.0
2023-10-16 13:30:00-04:00,50.790000915527344,50.939998626708984,50.720001220703125,50.72999954223633,152148,0.0,0.0
2023-10-16 14:30:00-04:00,50.720001220703125,50.84000015258789,50.709999084472656,50.79999923706055,110568,0.0,0.0
2023-10-16 15:30:00-04:00,50.79499816894531,50.80500030517578,50.630001068115234,50.650001525878906,255318,0.0,0.0
2023-10-17 09:30:00-04:00,50.349998474121094,51.150001525878906,50.349998474121094,50.959999084472656,115936,0.0,0.0
2023-10-17 10:30:00-04:00,50.959999084472656,51.08000183105469,50.79999923706055,51.040000915527344,99200,0.0,0.0
2023-10-17 11:30:00-04:00,51.04999923706055,51.38999938964844,51.029998779296875,51.38999938964844,117850,0.0,0.0
2023-10-17 12:30:00-04:00,51.38999938964844,51.38999938964844,51.119998931884766,51.20000076293945,87712,0.0,0.0
2023-10-17 13:30:00-04:00,51.20000076293945,51.20000076293945,51.01499938964844,51.07059860229492,128171,0.0,0.0
2023-10-17 14:30:00-04:00,51.07500076293945,51.189998626708984,50.9900016784668,51.099998474121094,136429,0.0,0.0
2023-10-17 15:30:00-04:00,51.099998474121094,51.150001525878906,51.02000045776367,51.08000183105469,189190,0.0,0.0
2023-10-18 09:30:00-04:00,50.90999984741211,51.0,50.4900016784668,50.695899963378906,232848,0.0,0.0
2023-10-18 10:30:00-04:00,50.68000030517578,50.8849983215332,50.650001525878906,50.849998474121094,94931,0.0,0.0
2023-10-18 11:30:00-04:00,50.849998474121094,50.900001525878906,50.665000915527344,50.720001220703125,101756,0.0,0.0
2023-10-18 12:30:00-04:00,50.72999954223633,50.959999084472656,50.72999954223633,50.88999938964844,88369,0.0,0.0
2023-10-18 13:30:00-04:00,50.88999938964844,50.970001220703125,50.709999084472656,50.77830123901367,113877,0.0,0.0
2023-10-18 14:30:00-04:00,50.779998779296875,50.810001373291016,50.630001068115234,50.66999816894531,155304,0.0,0.0
2023-10-18 15:30:00-04:00,50.69499969482422,50.755001068115234,50.38999938964844,50.43000030517578,474760,0.0,0.0
2023-10-19 09:30:00-04:00,50.2599983215332,50.36000061035156,49.7599983215332,49.86000061035156,230556,0.0,0.0
2023-10-19 10:30:00-04:00,49.869998931884766,49.88999938964844,49.560001373291016,49.75,157867,0.0,0.0
2023-10-19 11:30:00-04:00,49.7400016784668,49.79999923706055,49.43000030517578,49.540000915527344,118016,0.0,0.0
2023-10-19 12:30:00-04:00,49.540000915527344,49.83000183105469,49.29999923706055,49.63999938964844,88364,0.0,0.0
2023-10-19 13:30:00-04:00,49.63999938964844,49.65999984741211,49.20000076293945,49.209999084472656,126595,0.0,0.0
2023-10-19 14:30:00-04:00,49.20000076293945,49.20000076293945,48.79499816894531,48.849998474121094,167259,0.0,0.0
2023-10-19 15:30:00-04:00,48.875,48.94499969482422,48.720001220703125,48.79999923706055,247960,0.0,0.0
2023-10-20 09:30:00-04:00,48.91999816894531,49.220001220703125,48.51499938964844,48.70000076293945,207728,0.0,0.0
2023-10-20 10:30:00-04:00,48.689998626708984,48.900001525878906,48.560001373291016,48.58000183105469,147164,0.0,0.0
2023-10-20 11:30:00-04:00,48.560001373291016,48.630001068115234,48.28499984741211,48.36000061035156,145879,0.0,0.0
2023-10-20 12:30:00-04:00,48.36000061035156,48.470001220703125,48.189998626708984,48.400001525878906,115631,0.0,0.0
2023-10-20 13:30:00-04:00,48.41899871826172,48.41899871826172,48.16999816894531,48.21500015258789,134018,0.0,0.0
2023-10-20 14:30:00-04:00,48.20000076293945,48.5099983215332,48.13999938964844,48.39500045776367,187885,0.0,0.0
2023-10-20 15:30:00-04:00,48.39500045776367,48.54999923706055,48.36000061035156,48.5099983215332,400653,0.0,0.0
2023-10-23 09:30:00-04:00,48.31999969482422,48.529998779296875,47.880001068115234,48.099998474121094,205508,0.0,0.0
2023-10-23 10:30:00-04:00,48.11000061035156,48.2599983215332,47.849998474121094,48.16999816894531,167318,0.0,0.0
2023-10-23 11:30:00-04:00,48.189998626708984,48.314998626708984,47.9900016784668,48.1349983215332,151971,0.0,0.0
2023-10-23 12:30:00-04:00,48.119998931884766,48.400001525878906,48.090301513671875,48.2599983215332,116945,0.0,0.0
2023-10-23 13:30:00-04:00,48.2599983215332,48.41999816894531,48.06999969482422,48.18000030517578,135004,0.0,0.0
2023-10-23 14:30:00-04:00,48.19269943237305,48.290000915527344,47.98749923706055,47.9900016784668,166231,0.0,0.0
2023-10-23 15:30:00-04:00,47.97999954223633,48.06999969482422,47.84000015258789,47.86000061035156,339655,0.0,0.0
2023-10-24 09:30:00-04:00,48.06999969482422,48.275001525878906,47.58000183105469,48.03499984741211,165718,0.0,0.0
2023-10-24 10:30:00-04:00,48.02000045776367,48.150001525878906,47.77000045776367,47.779998779296875,127908,0.0,0.0
2023-10-24 11:30:00-04:00,47.720001220703125,47.779998779296875,47.505001068115234,47.599998474121094,133570,0.0,0.0
2023-10-24 12:30:00-04:00,47.59000015258789,47.650001525878906,47.41999816894531,47.5,131676,0.0,0.0
2023-10-24 13:30:00-04:00,47.52000045776367,47.59000015258789,47.369998931884766,47.43000030517578,162479,0.0,0.0
2023-10-24 14:30:00-04:00,47.439998626708984,47.54999923706055,47.439998626708984,47.470001220703125,166582,0.0,0.0
2023-10-24 15:30:00-04:00,47.470001220703125,47.47999954223633,47.25,47.279998779296875,426314,0.0,0.0
2023-10-25 09:30:00-04:00,47.08000183105469,47.27000045776367,46.639400482177734,46.7400016784668,130758,0.0,0.0
2023-10-25 10:30:00-04:00,46.72999954223633,47.09000015258789,46.720001220703125,47.0099983215332,214171,0.0,0.0
2023-10-25 11:30:00-04:00,47.0,47.040000915527344,46.81999969482422,46.8650016784668,177984,0.0,0.0
2023-10-25 12:30:00-04:00,46.849998474121094,46.939998626708984,46.61000061035156,46.68000030517578,176635,0.0,0.0
2023-10-25 13:30:00-04:00,46.66999816894531,46.7599983215332,46.599998474121094,46.7400016784668,152671,0.0,0.0
2023-10-25 14:30:00-04:00,46.75,46.8849983215332,46.689998626708984,46.8650016784668,200026,0.0,0.0
2023-10-25 15:30:00-04:00,46.869998931884766,46.95000076293945,46.76499938964844,46.91999816894531,456295,0.0,0.0
2023-10-26 09:30:00-04:00,45.7400016784668,46.25230026245117,41.4901008605957,41.94499969482422,1048484,0.0,0.0
2023-10-26 10:30:00-04:00,41.95000076293945,43.04499816894531,41.779998779296875,42.970001220703125,651552,0.0,0.0
2023-10-26 11:30:00-04:00,42.974998474121094,43.31999969482422,42.79999923706055,43.119998931884766,428966,0.0,0.0
2023-10-26 12:30:00-04:00,43.1150016784668,44.73680114746094,43.01499938964844,44.5099983215332,545976,0.0,0.0
2023-10-26 13:30:00-04:00,44.5,45.029998779296875,44.3224983215332,44.68000030517578,543140,0.0,0.0
2023-10-26 14:30:00-04:00,44.68000030517578,45.04999923706055,44.2599983215332,44.279998779296875,746027,0.0,0.0
2023-10-26 15:30:00-04:00,44.27000045776367,44.290000915527344,44.029998779296875,44.130001068115234,686498,0.0,0.0
2023-10-27 09:30:00-04:00,44.029998779296875,44.25,43.453399658203125,43.58000183105469,470213,0.0,0.0
2023-10-27 10:30:00-04:00,43.599998474121094,44.010101318359375,43.220001220703125,43.65999984741211,408360,0.0,0.0
2023-10-27 11:30:00-04:00,43.65999984741211,43.7599983215332,43.51499938964844,43.75,308827,0.0,0.0
2023-10-27 12:30:00-04:00,43.751399993896484,43.880001068115234,43.3849983215332,43.400001525878906,226035,0.0,0.0
2023-10-27 13:30:00-04:00,43.38999938964844,43.439998626708984,43.1150016784668,43.22999954223633,302194,0.0,0.0
2023-10-27 14:30:00-04:00,43.224998474121094,43.47999954223633,43.16999816894531,43.45500183105469,350891,0.0,0.0
2023-10-27 15:30:00-04:00,43.459999084472656,43.560001373291016,43.21500015258789,43.54999923706055,702808,0.0,0.0
2023-10-30 09:30:00-04:00,43.900001525878906,43.9900016784668,43.09000015258789,43.20000076293945,332713,0.0,0.0
2023-10-30 10:30:00-04:00,43.20000076293945,43.400001525878906,43.02000045776367,43.119998931884766,281424,0.0,0.0
2023-10-30 11:30:00-04:00,43.119998931884766,43.29499816894531,43.099998474121094,43.23160171508789,232609,0.0,0.0
2023-10-30 12:30:00-04:00,43.22999954223633,43.53990173339844,43.189998626708984,43.52399826049805,199498,0.0,0.0
2023-10-30 13:30:00-04:00,43.529998779296875,43.59000015258789,43.375,43.54899978637695,250976,0.0,0.0
2023-10-30 14:30:00-04:00,43.560001373291016,43.65999984741211,43.38999938964844,43.54999923706055,360637,0.0,0.0
2023-10-30 15:30:00-04:00,43.54999923706055,43.560001373291016,43.334999084472656,43.369998931884766,548007,0.0,0.0
2023-10-31 09:30:00-04:00,43.529998779296875,44.15999984741211,43.380001068115234,43.79499816894531,262989,0.0,0.0
2023-10-31 10:30:00-04:00,43.79999923706055,44.02000045776367,43.720001220703125,43.83000183105469,280634,0.0,0.0
2023-10-31 11:30:00-04:00,43.83000183105469,44.02000045776367,43.7400016784668,43.810001373291016,184029,0.0,0.0
2023-10-31 12:30:00-04:00,43.810001373291016,44.060001373291016,43.7599983215332,44.040000915527344,160314,0.0,0.0
2023-10-31 13:30:00-04:00,44.04499816894531,44.2599983215332,44.040000915527344,44.119998931884766,294021,0.0,0.0
2023-10-31 14:30:00-04:00,44.119998931884766,44.20000076293945,43.970001220703125,44.040000915527344,275061,0.0,0.0
2023-10-31 15:30:00-04:00,44.029998779296875,44.1349983215332,43.810001373291016,43.93000030517578,610356,0.0,0.0
2023-11-01 09:30:00-04:00,43.81999969482422,43.900001525878906,43.09000015258789,43.505001068115234,262347,0.0,0.0
2023-11-01 10:30:00-04:00,43.50899887084961,43.59000015258789,43.16999816894531,43.32500076293945,225770,0.0,0.0
2023-11-01 11:30:00-04:00,43.31999969482422,43.38999938964844,42.869998931884766,43.029998779296875,219432,0.0,0.0
2023-11-01 12:30:00-04:00,43.040000915527344,43.2599983215332,42.959999084472656,43.15999984741211,129415,0.0,0.0
2023-11-01 13:30:00-04:00,43.150001525878906,43.20000076293945,42.83000183105469,42.89500045776367,177359,0.0,0.0
2023-11-01 14:30:00-04:00,42.900001525878906,43.125,42.709999084472656,43.06999969482422,405586,0.0,0.0
2023-11-01 15:30:00-04:00,43.060001373291016,43.224998474121094,43.025001525878906,43.119998931884766,548081,0.0,0.0
2023-11-02 09:30:00-04:00,43.5,43.849998474121094,43.33610153198242,43.58000183105469,209005,0.0,0.0
2023-11-02 10:30:00-04:00,43.57500076293945,43.630001068115234,43.43000030517578,43.619998931884766,241995,0.0,0.0
2023-11-02 11:30:00-04:00,43.61000061035156,43.650001525878906,43.40999984741211,43.41999816894531,124113,0.0,0.0
2023-11-02 12:30:00-04:00,43.41999816894531,43.52989959716797,43.369998931884766,43.44499969482422,117716,0.0,0.0
2023-11-02 13:30:00-04:00,43.45000076293945,43.689998626708984,43.38999938964844,43.439998626708984,202929,0.0,0.0
2023-11-02 14:30:00-04:00,43.44499969482422,43.5181999206543,43.34000015258789,43.345001220703125,274390,0.0,0.0
2023-11-02 15:30:00-04:00,43.345001220703125,43.5,43.25,43.459999084472656,388206,0.0,0.0
2023-11-03 09:30:00-04:00,44.06999969482422,44.720001220703125,44.06999969482422,44.54999923706055,152455,0.0,0.0
2023-11-03 10:30:00-04:00,44.540000915527344,44.709999084472656,44.43000030517578,44.709999084472656,166616,0.0,0.0
2023-11-03 11:30:00-04:00,44.70000076293945,45.0,44.70000076293945,44.869998931884766,119086,0.0,0.0
2023-11-03 12:30:00-04:00,44.8849983215332,44.959999084472656,44.790000915527344,44.849998474121094,121685,0.0,0.0
2023-11-03 13:30:00-04:00,44.86000061035156,45.025001525878906,44.779998779296875,44.869998931884766,128648,0.0,0.0
2023-11-03 14:30:00-04:00,44.85499954223633,45.040000915527344,44.81999969482422,45.0,140706,0.0,0.0
2023-11-03 15:30:00-04:00,44.994998931884766,44.994998931884766,44.849998474121094,44.95000076293945,267100,0.0,0.0
2023-11-06 09:30:00-05:00,44.79999923706055,45.0,44.43000030517578,44.54499816894531,180963,0.0,0.0
2023-11-06 10:30:00-05:00,44.54499816894531,44.58000183105469,44.400001525878906,44.43000030517578,103221,0.0,0.0
2023-11-06 11:30:00-05:00,44.404998779296875,44.5099983215332,44.369998931884766,44.47999954223633,115908,0.0,0.0
2023-11-06 12:30:00-05:00,44.47999954223633,44.66999816894531,44.41999816894531,44.650001525878906,126408,0.0,0.0
2023-11-06 13:30:00-05:00,44.6411018371582,44.71849822998047,44.45000076293945,44.47999954223633,128267,0.0,0.0
2023-11-06 14:30:00-05:00,44.474998474121094,44.65999984741211,44.474998474121094,44.54999923706055,154475,0.0,0.0
2023-11-06 15:30:00-05:00,44.54999923706055,44.630001068115234,44.459999084472656,44.630001068115234,311361,0.0,0.0
2023-11-07 09:30:00-05:00,44.5099983215332,44.602500915527344,44.18000030517578,44.43000030517578,122977,0.0,0.0
2023-11-07 10:30:00-05:00,44.43000030517578,44.689998626708984,44.40999984741211,44.599998474121094,180174,0.0,0.0
2023-11-07 11:30:00-05:00,44.599998474121094,44.685001373291016,44.494998931884766,44.55099868774414,98885,0.0,0.0
2023-11-07 12:30:00-05:00,44.54999923706055,44.790000915527344,44.52000045776367,44.72999954223633,137358,0.0,0.0
2023-11-07 13:30:00-05:00,44.724998474121094,44.91999816894531,44.71500015258789,44.86000061035156,121512,0.0,0.0
2023-11-07 14:30:00-05:00,44.85499954223633,45.025001525878906,44.77000045776367,45.005001068115234,251711,0.0,0.0
2023-11-07 15:30:00-05:00,45.005001068115234,45.119998931884766,44.974998474121094,44.9900016784668,402861,0.0,0.0
2023-11-08 09:30:00-05:00,44.900001525878906,44.900001525878906,44.560001373291016,44.654998779296875,213729,0.0,0.0
2023-11-08 10:30:00-05:00,44.654998779296875,44.689998626708984,44.34000015258789,44.41999816894531,109018,0.0,0.0
2023-11-08 11:30:00-05:00,44.41400146484375,44.4900016784668,44.15999984741211,44.244998931884766,81145,0.0,0.0
2023-11-08 12:30:00-05:00,44.2400016784668,44.310001373291016,44.150001525878906,44.25,71252,0.0,0.0
2023-11-08 13:30:00-05:00,44.25,44.310001373291016,44.209999084472656,44.209999084472656,77775,0.0,0.0
2023-11-08 14:30:00-05:00,44.20500183105469,44.290000915527344,44.165000915527344,44.27000045776367,134277,0.0,0.0
2023-11-08 15:30:00-05:00,44.2599983215332,44.26190185546875,44.130001068115234,44.15999984741211,310004,0.0,0.0
2023-11-09 09:30:00-05:00,44.20000076293945,44.34000015258789,43.8650016784668,44.26810073852539,220312,0.0,0.0
2023-11-09 10:30:00-05:00,44.290000915527344,44.75,44.165000915527344,44.65999984741211,152916,0.0,0.0
2023-11-09 11:30:00-05:00,44.65999984741211,44.88999938964844,44.63999938964844,44.72999954223633,131178,0.0,0.0
2023-11-09 12:30:00-05:00,44.7400016784668,44.85900115966797,44.59000015258789,44.689998626708984,110736,0.0,0.0
2023-11-09 13:30:00-05:00,44.69499969482422,44.70000076293945,44.33980178833008,44.439998626708984,104856,0.0,0.0
2023-11-09 14:30:00-05:00,44.45000076293945,44.59000015258789,44.38999938964844,44.47999954223633,171780,0.0,0.0
2023-11-09 15:30:00-05:00,44.4900016784668,44.5,44.380001068115234,44.439998626708984,240110,0.0,0.0
2023-11-10 09:30:00-05:00,44.58000183105469,44.7599983215332,43.84000015258789,44.310001373291016,135336,0.0,0.0
2023-11-10 10:30:00-05:00,44.29999923706055,44.404998779296875,44.22999954223633,44.349998474121094,88691,0.0,0.0
2023-11-10 11:30:00-05:00,44.349998474121094,44.470001220703125,44.290000915527344,44.46500015258789,51374,0.0,0.0
2023-11-10 12:30:00-05:00,44.4900016784668,44.709999084472656,44.470001220703125,44.68000030517578,55237,0.0,0.0
2023-11-10 13:30:00-05:00,44.63999938964844,44.88999938964844,44.63999938964844,44.849998474121094,53913,0.0,0.0
2023-11-10 14:30:00-05:00,44.86000061035156,44.880001068115234,44.72999954223633,44.845001220703125,72219,0.0,0.0
2023-11-10 15:30:00-05:00,44.86000061035156,44.935001373291016,44.79999923706055,44.84000015258789,165537,0.0,0.0
2023-11-13 09:30:00-05:00,44.58000183105469,44.880001068115234,44.540000915527344,44.720001220703125,120560,0.0,0.0
2023-11-13 10:30:00-05:00,44.720001220703125,44.7599983215332,44.560001373291016,44.70000076293945,130273,0.0,0.0
2023-11-13 11:30:00-05:00,44.70000076293945,44.81999969482422,44.61000061035156,44.77000045776367,144410,0.0,0.0
2023-11-13 12:30:00-05:00,44.744998931884766,44.75,44.540000915527344,44.55659866333008,78959,0.0,0.0
2023-11-13 13:30:00-05:00,44.54499816894531,44.59000015258789,44.40999984741211,44.529998779296875,111144,0.0,0.0
2023-11-13 14:30:00-05:00,44.529998779296875,44.650001525878906,44.4900016784668,44.64500045776367,121436,0.0,0.0
2023-11-13 15:30:00-05:00,44.64500045776367,44.790000915527344,44.63999938964844,44.779998779296875,161782,0.0,0.0
2023-11-14 09:30:00-05:00,45.63999938964844,45.935001373291016,45.474998474121094,45.935001373291016,259077,0.0,0.0
2023-11-14 10:30:00-05:00,45.91999816894531,46.34000015258789,45.84000015258789,46.2400016784668,142588,0.0,0.0
2023-11-14 11:30:00-05:00,46.22999954223633,46.34000015258789,46.119998931884766,46.18000030517578,132851,0.0,0.0
2023-11-14 12:30:00-05:00,46.19499969482422,46.34000015258789,46.13999938964844,46.29999923706055,104694,0.0,0.0
2023-11-14 13:30:00-05:00,46.310001373291016,46.38999938964844,46.209999084472656,46.29999923706055,125587,0.0,0.0
2023-11-14 14:30:00-05:00,46.310001373291016,46.41999816894531,46.25,46.415000915527344,206847,0.0,0.0
2023-11-14 15:30:00-05:00,46.40999984741211,46.44499969482422,46.279998779296875,46.40999984741211,452633,0.0,0.0
2023-11-15 09:30:00-05:00,46.279998779296875,46.83000183105469,46.220001220703125,46.48550033569336,168113,0.0,0.0
2023-11-15 10:30:00-05:00,46.48099899291992,46.52000045776367,46.220001220703125,46.26499938964844,215587,0.0,0.0
2023-11-15 11:30:00-05:00,46.2599983215332,46.279998779296875,46.0,46.119998931884766,278472,0.0,0.0
2023-11-15 12:30:00-05:00,46.13999938964844,46.16999816894531,45.98500061035156,46.09000015258789,446357,0.0,0.0
2023-11-15 13:30:00-05:00,46.10499954223633,46.224998474121094,46.0,46.029998779296875,103322,0.0,0.0
2023-11-15 14:30:00-05:00,46.029998779296875,46.029998779296875,45.8650016784668,45.88999938964844,151393,0.0,0.0
2023-11-15 15:30:00-05:00,45.900001525878906,45.900001525878906,45.619998931884766,45.689998626708984,400956,0.0,0.0
2023-11-16 09:30:00-05:00,45.5,45.7599983215332,45.2599983215332,45.349998474121094,174956,0.0,0.0
2023-11-16 10:30:00-05:00,45.349998474121094,45.459999084472656,45.1349983215332,45.16999816894531,137895,0.0,0.0
2023-11-16 11:30:00-05:00,45.16999816894531,45.18000030517578,45.0099983215332,45.130001068115234,98689,0.0,0.0
2023-11-16 12:30:00-05:00,45.130001068115234,45.22999954223633,45.060001373291016,45.11000061035156,95146,0.0,0.0
2023-11-16 13:30:00-05:00,45.099998474121094,45.099998474121094,44.8650016784668,44.880001068115234,102146,0.0,0.0
2023-11-16 14:30:00-05:00,44.875,45.13090133666992,44.869998931884766,45.040000915527344,141234,0.0,0.0
2023-11-16 15:30:00-05:00,45.029998779296875,45.095001220703125,44.963401794433594,45.06999969482422,341987,0.0,0.0
2023-11-17 09:30:00-05:00,45.54999923706055,45.599998474121094,45.154998779296875,45.15999984741211,178812,0.0,0.0
2023-11-17 10:30:00-05:00,45.16999816894531,45.22999954223633,44.97999954223633,45.0,97959,0.0,0.0
2023-11-17 11:30:00-05:00,44.9900016784668,45.314998626708984,44.939998626708984,45.314998626708984,102658,0.0,0.0
2023-11-17 12:30:00-05:00,45.314998626708984,45.5099983215332,45.27479934692383,45.5,71469,0.0,0.0
2023-11-17 13:30:00-05:00,45.5099983215332,45.650001525878906,45.439998626708984,45.529998779296875,91410,0.0,0.0
2023-11-17 14:30:00-05:00,45.529998779296875,45.56999969482422,45.41999816894531,45.529998779296875,98081,0.0,0.0
2023-11-17 15:30:00-05:00,45.540000915527344,45.54100036621094,45.459999084472656,45.52000045776367,194162,0.0,0.0
2023-11-20 09:30:00-05:00,45.400001525878906,45.5,44.880001068115234,45.220001220703125,195160,0.0,0.0
2023-11-20 10:30:00-05:00,45.22999954223633,45.347999572753906,45.16999816894531,45.29499816894531,166063,0.0,0.0
2023-11-20 11:30:00-05:00,45.29999923706055,45.45000076293945,45.220001220703125,45.400001525878906,155577,0.0,0.0
2023-11-20 12:30:00-05:00,45.400001525878906,45.45000076293945,45.290000915527344,45.43000030517578,118791,0.0,0.0
2023-11-20 13:30:00-05:00,45.439998626708984,45.560001373291016,45.42499923706055,45.525001525878906,131609,0.0,0.0
2023-11-20 14:30:00-05:00,45.529998779296875,45.6349983215332,45.4900016784668,45.6349983215332,178720,0.0,0.0
2023-11-20 15:30:00-05:00,45.630001068115234,45.65999984741211,45.38999938964844,45.45000076293945,364562,0.0,0.0
2023-11-21 09:30:00-05:00,45.66999816894531,45.95000076293945,45.47999954223633,45.56999969482422,181349,0.0,0.0
2023-11-21 10:30:00-05:00,45.58000183105469,46.029998779296875,45.56999969482422,45.915000915527344,193518,0.0,0.0
2023-11-21 11:30:00-05:00,45.90999984741211,46.040000915527344,45.814998626708984,45.939998626708984,109816,0.0,0.0
2023-11-21 12:30:00-05:00,45.959999084472656,46.11000061035156,45.869998931884766,45.88999938964844,131341,0.0,0.0
2023-11-21 13:30:00-05:00,45.88999938964844,45.904998779296875,45.650001525878906,45.75,115148,0.0,0.0
2023-11-21 14:30:00-05:00,45.75,45.77000045776367,45.60499954223633,45.665000915527344,122446,0.0,0.0
2023-11-21 15:30:00-05:00,45.665000915527344,45.69499969482422,45.505001068115234,45.54999923706055,245412,0.0,0.0
2023-11-22 09:30:00-05:00,45.58000183105469,45.7599983215332,45.415000915527344,45.70000076293945,108826,0.0,0.0
2023-11-22 10:30:00-05:00,45.724998474121094,45.775001525878906,45.59000015258789,45.75,95417,0.0,0.0
2023-11-22 11:30:00-05:00,45.75,45.83000183105469,45.630001068115234,45.63999938964844,100787,0.0,0.0
2023-11-22 12:30:00-05:00,45.63999938964844,45.689998626708984,45.54999923706055,45.630001068115234,52835,0.0,0.0
2023-11-22 13:30:00-05:00,45.630001068115234,45.77000045776367,45.56999969482422,45.76900100708008,108796,0.0,0.0
2023-11-22 14:30:00-05:00,45.77000045776367,45.779998779296875,45.597599029541016,45.779998779296875,85554,0.0,0.0
2023-11-22 15:30:00-05:00,45.77000045776367,45.77000045776367,45.66999816894531,45.7400016784668,155909,0.0,0.0
2023-11-24 09:30:00-05:00,45.58000183105469,45.880001068115234,45.529998779296875,45.810001373291016,112811,0.0,0.0
2023-11-24 10:30:00-05:00,45.79999923706055,45.88999938964844,45.70000076293945,45.790000915527344,93887,0.0,0.0
2023-11-24 11:30:00-05:00,45.79999923706055,45.849998474121094,45.72999954223633,45.75,66385,0.0,0.0
2023-11-27 09:30:00-05:00,45.29999923706055,45.56999969482422,45.04999923706055,45.36000061035156,131082,0.0,0.0
2023-11-27 10:30:00-05:00,45.369998931884766,45.43000030517578,45.209999084472656,45.29999923706055,92033,0.0,0.0
2023-11-27 11:30:00-05:00,45.290000915527344,45.290000915527344,45.02000045776367,45.025001525878906,98524,0.0,0.0
2023-11-27 12:30:00-05:00,45.02000045776367,45.209999084472656,45.02000045776367,45.130001068115234,65857,0.0,0.0
2023-11-27 13:30:00-05:00,45.13999938964844,45.279998779296875,45.09000015258789,45.16999816894531,94379,0.0,0.0
2023-11-27 14:30:00-05:00,45.16999816894531,45.189998626708984,45.11000061035156,45.14500045776367,93830,0.0,0.0
2023-11-27 15:30:00-05:00,45.13999938964844,45.15999984741211,45.05500030517578,45.130001068115234,266992,0.0,0.0
2023-11-28 09:30:00-05:00,45.150001525878906,45.32500076293945,44.7599983215332,44.93000030517578,209261,0.0,0.0
2023-11-28 10:30:00-05:00,44.91999816894531,45.18000030517578,44.90999984741211,45.15999984741211,240034,0.0,0.0
2023-11-28 11:30:00-05:00,45.15999984741211,45.43000030517578,45.11000061035156,45.20000076293945,343740,0.0,0.0
2023-11-28 12:30:00-05:00,45.20500183105469,45.290000915527344,45.06999969482422,45.15999984741211,322944,0.0,0.0
2023-11-28 13:30:00-05:00,45.16999816894531,45.20000076293945,45.099998474121094,45.165000915527344,127631,0.0,0.0
2023-11-28 14:30:00-05:00,45.16999816894531,45.2505989074707,45.08000183105469,45.15999984741211,312164,0.0,0.0
2023-11-28 15:30:00-05:00,45.15999984741211,45.15999984741211,44.88999938964844,44.95000076293945,299962,0.0,0.0
2023-11-29 09:30:00-05:00,45.130001068115234,45.130001068115234,44.43000030517578,44.474998474121094,433799,0.0,0.0
2023-11-29 10:30:00-05:00,44.48500061035156,44.4900016784668,44.15999984741211,44.31999969482422,177520,0.0,0.0
2023-11-29 11:30:00-05:00,44.33000183105469,44.65999984741211,44.33000183105469,44.59000015258789,137611,0.0,0.0
2023-11-29 12:30:00-05:00,44.595001220703125,44.630001068115234,44.474998474121094,44.58420181274414,129123,0.0,0.0
2023-11-29 13:30:00-05:00,44.58000183105469,44.58000183105469,44.47999954223633,44.48500061035156,146390,0.0,0.0
2023-11-29 14:30:00-05:00,44.47999954223633,44.47999954223633,44.29679870605469,44.34000015258789,151002,0.0,0.0
2023-11-29 15:30:00-05:00,44.345001220703125,44.42499923706055,44.279998779296875,44.40999984741211,308952,0.0,0.0
2023-11-30 09:30:00-05:00,44.47999954223633,44.62260055541992,43.880001068115234,44.279998779296875,161780,0.0,0.0
2023-11-30 10:30:00-05:00,44.279998779296875,44.689998626708984,44.279998779296875,44.68000030517578,129241,0.0,0.0
2023-11-30 11:30:00-05:00,44.689998626708984,44.720001220703125,44.400001525878906,44.43000030517578,122343,0.0,0.0
2023-11-30 12:30:00-05:00,44.43000030517578,44.5099983215332,44.369998931884766,44.43000030517578,91240,0.0,0.0
2023-11-30 13:30:00-05:00,44.439998626708984,44.47999954223633,44.25,44.470001220703125,135711,0.0,0.0
2023-11-30 14:30:00-05:00,44.467899322509766,44.560001373291016,44.2599983215332,44.279998779296875,151434,0.0,0.0
2023-11-30 15:30:00-05:00,44.279998779296875,44.59000015258789,44.2599983215332,44.52000045776367,377592,0.0,0.0
2023-12-01 09:30:00-05:00,44.689998626708984,45.13999938964844,44.5,44.790000915527344,98965,0.0,0.0
2023-12-01 10:30:00-05:00,44.775001525878906,45.156898498535156,44.76499938964844,45.150001525878906,96009,0.0,0.0
2023-12-01 11:30:00-05:00,45.150001525878906,45.439701080322266,45.11000061035156,45.290000915527344,103829,0.0,0.0
2023-12-01 12:30:00-05:00,45.279998779296875,45.29999923706055,45.150001525878906,45.20000076293945,138418,0.0,0.0
2023-12-01 13:30:00-05:00,45.189998626708984,45.229000091552734,45.09000015258789,45.130001068115234,100467,0.0,0.0
2023-12-01 14:30:00-05:00,45.13990020751953,45.349998474121094,45.13990020751953,45.345001220703125,124732,0.0,0.0
2023-12-01 15:30:00-05:00,45.345001220703125,45.525001525878906,45.23500061035156,45.4900016784668,354878,0.0,0.0
2023-12-04 09:30:00-05:00,45.29999923706055,46.2400016784668,45.29999923706055,45.60499954223633,198826,0.0,0.0
2023-12-04 10:30:00-05:00,45.619998931884766,45.78499984741211,45.5099983215332,45.654998779296875,144194,0.0,0.0
2023-12-04 11:30:00-05:00,45.630001068115234,45.84000015258789,45.56999969482422,45.84000015258789,177190,0.0,0.0
2023-12-04 12:30:00-05:00,45.84000015258789,45.900001525878906,45.689998626708984,45.689998626708984,114874,0.0,0.0
2023-12-04 13:30:00-05:00,45.68000030517578,45.81999969482422,45.630001068115234,45.689998626708984,127664,0.0,0.0
2023-12-04 14:30:00-05:00,45.689998626708984,45.7599983215332,45.6349983215332,45.654998779296875,140794,0.0,0.0
2023-12-04 15:30:00-05:00,45.65999984741211,45.83000183105469,45.61000061035156,45.709999084472656,234815,0.0,0.0
2023-12-05 09:30:00-05:00,45.29999923706055,45.375,44.560001373291016,44.68000030517578,147076,0.0,0.0
2023-12-05 10:30:00-05:00,44.69499969482422,44.849998474121094,44.560001373291016,44.77000045776367,152446,0.0,0.0
2023-12-05 11:30:00-05:00,44.7599983215332,44.95000076293945,44.75,44.85499954223633,157700,0.0,0.0
2023-12-05 12:30:00-05:00,44.85089874267578,44.86000061035156,44.599998474121094,44.689998626708984,80862,0.0,0.0
2023-12-05 13:30:00-05:00,44.689998626708984,44.72999954223633,44.63999938964844,44.70000076293945,135781,0.0,0.0
2023-12-05 14:30:00-05:00,44.720001220703125,44.779998779296875,44.65999984741211,44.77000045776367,122047,0.0,0.0
2023-12-05 15:30:00-05:00,44.76499938964844,44.76499938964844,44.595001220703125,44.650001525878906,206057,0.0,0.0
2023-12-06 09:30:00-05:00,45.02000045776367,45.65999984741211,44.970001220703125,45.56999969482422,247991,0.0,0.0
2023-12-06 10:30:00-05:00,45.58000183105469,45.709999084472656,45.38999938964844,45.459999084472656,167590,0.0,0.0
2023-12-06 11:30:00-05:00,45.459999084472656,45.5099983215332,45.33000183105469,45.5,160782,0.0,0.0
2023-12-06 12:30:00-05:00,45.505001068115234,45.64500045776367,45.41999816894531,45.56999969482422,168461,0.0,0.0
2023-12-06 13:30:00-05:00,45.56999969482422,45.7400016784668,45.53499984741211,45.63999938964844,269726,0.0,0.0
2023-12-06 14:30:00-05:00,45.63999938964844,45.68000030517578,45.43000030517578,45.439998626708984,170987,0.0,0.0
2023-12-06 15:30:00-05:00,45.43000030517578,45.45000076293945,45.185001373291016,45.31999969482422,293916,0.0,0.0
2023-12-07 09:30:00-05:00,45.31999969482422,45.525001525878906,44.77000045776367,45.13999938964844,125417,0.0,0.0
2023-12-07 10:30:00-05:00,45.15999984741211,45.26499938964844,45.02000045776367,45.18000030517578,116898,0.0,0.0
2023-12-07 11:30:00-05:00,45.16999816894531,45.334999084472656,45.16999816894531,45.22999954223633,96126,0.0,0.0
2023-12-07 12:30:00-05:00,45.22999954223633,45.310001373291016,45.21500015258789,45.26499938964844,75388,0.0,0.0
2023-12-07 13:30:00-05:00,45.27000045776367,45.290000915527344,45.130001068115234,45.20000076293945,100514,0.0,0.0
2023-12-07 14:30:00-05:00,45.189998626708984,45.209999084472656,45.125,45.20000076293945,131461,0.0,0.0
2023-12-07 15:30:00-05:00,45.20000076293945,45.25,45.150001525878906,45.189998626708984,228784,0.0,0.0
2023-12-08 09:30:00-05:00,45.08000183105469,45.75,45.08000183105469,45.55500030517578,180576,0.0,0.0
2023-12-08 10:30:00-05:00,45.560001373291016,45.619998931884766,45.349998474121094,45.470001220703125,195064,0.0,0.0
2023-12-08 11:30:00-05:00,45.47999954223633,45.54999923706055,45.29999923706055,45.349998474121094,127849,0.0,0.0
2023-12-08 12:30:00-05:00,45.369998931884766,45.45000076293945,45.310001373291016,45.40999984741211,106775,0.0,0.0
2023-12-08 13:30:00-05:00,45.40999984741211,45.48500061035156,45.34000015258789,45.47999954223633,139058,0.0,0.0
2023-12-08 14:30:00-05:00,45.47999954223633,45.529998779296875,45.35499954223633,45.375,165405,0.0,0.0
2023-12-08 15:30:00-05:00,45.375,45.5,45.31999969482422,45.38999938964844,386020,0.0,0.0
2023-12-11 09:30:00-05:00,45.400001525878906,46.08000183105469,45.400001525878906,46.0099983215332,138894,0.0,0.0
2023-12-11 10:30:00-05:00,46.02109909057617,46.040000915527344,45.88999938964844,45.95000076293945,158351,0.0,0.0
2023-12-11 11:30:00-05:00,45.970001220703125,46.0099983215332,45.63999938964844,45.63999938964844,125483,0.0,0.0
2023-12-11 12:30:00-05:00,45.63999938964844,45.897701263427734,45.560001373291016,45.897701263427734,142574,0.0,0.0
2023-12-11 13:30:00-05:00,45.88999938964844,45.89910125732422,45.810001373291016,45.86000061035156,129870,0.0,0.0
2023-12-11 14:30:00-05:00,45.86000061035156,45.935001373291016,45.76499938964844,45.76499938964844,152170,0.0,0.0
2023-12-11 15:30:00-05:00,45.7599983215332,45.779998779296875,45.64500045776367,45.75,221062,0.0,0.0
2023-12-12 09:30:00-05:00,45.75,45.7843017578125,45.369998931884766,45.5,98739,0.0,0.0
2023-12-12 10:30:00-05:00,45.5,45.56999969482422,45.314998626708984,45.38999938964844,99908,0.0,0.0
2023-12-12 11:30:00-05:00,45.40999984741211,45.459999084472656,45.310001373291016,45.439998626708984,70850,0.0,0.0
2023-12-12 12:30:00-05:00,45.439998626708984,45.5099983215332,45.31999969482422,45.4900016784668,77789,0.0,0.0
2023-12-12 13:30:00-05:00,45.47999954223633,45.540000915527344,45.39500045776367,45.52000045776367,94591,0.0,0.0
2023-12-12 14:30:00-05:00,45.52000045776367,45.630001068115234,45.52000045776367,45.60100173950195,119255,0.0,0.0
2023-12-12 15:30:00-05:00,45.599998474121094,45.599998474121094,45.400001525878906,45.45000076293945,186503,0.0,0.0
2023-12-13 09:30:00-05:00,45.400001525878906,45.40999984741211,45.18000030517578,45.22999954223633,120014,0.0,0.0
2023-12-13 10:30:00-05:00,45.2400016784668,45.30500030517578,45.1349983215332,45.19020080566406,185014,0.0,0.0
2023-12-13 11:30:00-05:00,45.190799713134766,45.190799713134766,45.08000183105469,45.08290100097656,110164,0.0,0.0
2023-12-13 12:30:00-05:00,45.084999084472656,45.150001525878906,44.9900016784668,45.01499938964844,89176,0.0,0.0
2023-12-13 13:30:00-05:00,45.01499938964844,45.47999954223633,44.970001220703125,45.474998474121094,242934,0.0,0.0
2023-12-13 14:30:00-05:00,45.474998474121094,46.0099983215332,45.474998474121094,45.80500030517578,421012,0.0,0.0
2023-12-13 15:30:00-05:00,45.80500030517578,46.029998779296875,45.77000045776367,46.029998779296875,1428721,0.0,0.0
2023-12-14 09:30:00-05:00,46.560001373291016,47.619998931884766,46.560001373291016,46.95000076293945,341755,0.0,0.0
2023-12-14 10:30:00-05:00,46.97999954223633,47.11000061035156,46.75,46.94499969482422,177963,0.0,0.0
2023-12-14 11:30:00-05:00,46.959999084472656,47.22999954223633,46.915000915527344,47.130001068115234,158005,0.0,0.0
2023-12-14 12:30:00-05:00,47.119998931884766,47.209999084472656,46.93000030517578,46.93000030517578,114394,0.0,0.0
2023-12-14 13:30:00-05:00,46.90999984741211,46.91999816894531,46.58000183105469,46.59000015258789,164886,0.0,0.0
2023-12-14 14:30:00-05:00,46.58000183105469,46.70000076293945,46.45000076293945,46.70000076293945,290121,0.0,0.0
2023-12-14 15:30:00-05:00,46.709999084472656,46.79499816894531,46.59000015258789,46.66999816894531,403267,0.0,0.0
2023-12-15 09:30:00-05:00,46.790000915527344,46.814998626708984,46.07500076293945,46.54499816894531,619141,0.0,0.0
2023-12-15 10:30:00-05:00,46.529998779296875,46.58000183105469,46.25,46.349998474121094,237485,0.0,0.0
2023-12-15 11:30:00-05:00,46.33000183105469,46.45500183105469,46.224998474121094,46.30500030517578,115382,0.0,0.0
2023-12-15 12:30:00-05:00,46.310001373291016,46.41999816894531,46.18000030517578,46.33000183105469,268534,0.0,0.0
2023-12-15 13:30:00-05:00,46.31999969482422,46.5,46.176998138427734,46.459999084472656,218342,0.0,0.0
2023-12-15 14:30:00-05:00,46.45000076293945,46.69499969482422,46.43000030517578,46.610198974609375,283921,0.0,0.0
2023-12-15 15:30:00-05:00,46.619998931884766,46.77000045776367,46.5,46.630001068115234,870508,0.0,0.0
2023-12-18 09:30:00-05:00,46.630001068115234,46.689998626708984,46.30500030517578,46.41999816894531,153887,0.0,0.0
2023-12-18 10:30:00-05:00,46.41999816894531,46.64459991455078,46.310001373291016,46.63959884643555,159685,0.0,0.0
2023-12-18 11:30:00-05:00,46.630001068115234,46.71910095214844,46.505001068115234,46.709999084472656,167610,0.0,0.0
2023-12-18 12:30:00-05:00,46.71500015258789,47.0,46.70000076293945,46.974998474121094,339482,0.0,0.0
2023-12-18 13:30:00-05:00,46.974998474121094,47.0099983215332,46.783199310302734,46.95500183105469,394844,0.0,0.0
2023-12-18 14:30:00-05:00,46.959999084472656,46.974998474121094,46.810298919677734,46.95000076293945,188820,0.0,0.0
2023-12-18 15:30:00-05:00,46.95500183105469,47.17499923706055,46.92499923706055,47.130001068115234,494423,0.0,0.0
2023-12-19 09:30:00-05:00,47.2400016784668,47.65999984741211,46.974998474121094,47.625,173331,0.0,0.0
2023-12-19 10:30:00-05:00,47.61000061035156,47.81999969482422,47.540000915527344,47.65999984741211,166831,0.0,0.0
2023-12-19 11:30:00-05:00,47.650001525878906,47.72999954223633,47.529998779296875,47.650001525878906,168788,0.0,0.0
2023-12-19 12:30:00-05:00,47.650001525878906,47.790000915527344,47.650001525878906,47.76499938964844,147531,0.0,0.0
2023-12-19 13:30:00-05:00,47.76499938964844,47.869998931884766,47.665000915527344,47.869998931884766,251221,0.0,0.0
2023-12-19 14:30:00-05:00,47.869998931884766,47.959999084472656,47.720001220703125,47.834999084472656,324996,0.0,0.0
2023-12-19 15:30:00-05:00,47.834999084472656,47.849998474121094,47.66999816894531,47.75,388550,0.0,0.0
2023-12-20 09:30:00-05:00,47.70000076293945,47.810001373291016,47.459999084472656,47.6781005859375,139237,0.0,0.0
2023-12-20 10:30:00-05:00,47.685001373291016,48.02000045776367,47.68000030517578,47.95000076293945,131605,0.0,0.0
2023-12-20 11:30:00-05:00,47.93000030517578,48.15999984741211,47.86000061035156,48.15999984741211,172404,0.0,0.0
2023-12-20 12:30:00-05:00,48.15999984741211,48.21500015258789,48.029998779296875,48.119998931884766,301533,0.0,0.0
2023-12-20 13:30:00-05:00,48.119998931884766,48.13999938964844,47.86000061035156,48.029998779296875,178026,0.0,0.0
2023-12-20 14:30:00-05:00,48.040000915527344,48.060001373291016,47.564998626708984,47.619998931884766,561490,0.0,0.0
2023-12-20 15:30:00-05:00,47.619998931884766,47.779998779296875,47.439998626708984,47.439998626708984,523382,0.0,0.0
2023-12-21 09:30:00-05:00,47.720001220703125,47.9900016784668,47.540000915527344,47.650001525878906,171128,0.0,0.0
2023-12-21 10:30:00-05:00,47.638999938964844,47.779998779296875,47.560001373291016,47.59000015258789,94315,0.0,0.0
2023-12-21 11:30:00-05:00,47.59000015258789,47.61000061035156,47.04999923706055,47.064998626708984,90049,0.0,0.0
2023-12-21 12:30:00-05:00,47.06999969482422,47.209999084472656,46.97999954223633,47.20000076293945,160475,0.0,0.0
2023-12-21 13:30:00-05:00,47.220001220703125,47.28499984741211,47.119998931884766,47.16999816894531,213919,0.0,0.0
2023-12-21 14:30:00-05:00,47.16999816894531,47.34000015258789,47.119998931884766,47.33000183105469,183390,0.0,0.0
2023-12-21 15:30:00-05:00,47.34000015258789,47.45000076293945,47.279998779296875,47.43000030517578,279642,0.0,0.0
2023-12-22 09:30:00-05:00,47.599998474121094,48.040000915527344,47.439998626708984,48.040000915527344,100917,0.0,0.0
2023-12-22 10:30:00-05:00,48.040000915527344,48.130001068115234,47.970001220703125,48.09000015258789,105525,0.0,0.0
2023-12-22 11:30:00-05:00,48.099998474121094,48.119998931884766,47.88999938964844,47.90999984741211,101798,0.0,0.0
2023-12-22 12:30:00-05:00,47.90999984741211,47.90999984741211,47.7599983215332,47.81999969482422,72643,0.0,0.0
2023-12-22 13:30:00-05:00,47.81999969482422,47.86000061035156,47.709999084472656,47.709999084472656,118788,0.0,0.0
2023-12-22 14:30:00-05:00,47.70000076293945,47.88999938964844,47.65999984741211,47.845001220703125,107824,0.0,0.0
2023-12-22 15:30:00-05:00,47.849998474121094,47.849998474121094,47.720001220703125,47.779998779296875,178974,0.0,0.0
2023-12-26 09:30:00-05:00,47.939998626708984,47.97999954223633,47.65999984741211,47.81999969482422,101666,0.0,0.0
2023-12-26 10:30:00-05:00,47.83000183105469,47.93000030517578,47.75,47.81999969482422,71204,0.0,0.0
2023-12-26 11:30:00-05:00,47.810001373291016,47.84000015258789,47.76499938964844,47.79999923706055,49854,0.0,0.0
2023-12-26 12:30:00-05:00,47.79499816894531,47.86000061035156,47.72999954223633,47.82830047607422,58080,0.0,0.0
2023-12-26 13:30:00-05:00,47.81999969482422,47.976898193359375,47.79999923706055,47.91999816894531,211364,0.0,0.0
2023-12-26 14:30:00-05:00,47.93000030517578,47.970001220703125,47.86009979248047,47.94499969482422,96109,0.0,0.0
2023-12-26 15:30:00-05:00,47.939998626708984,47.95000076293945,47.85499954223633,47.92499923706055,156243,0.0,0.0
2023-12-27 09:30:00-05:00,47.900001525878906,48.02000045776367,47.72999954223633,47.95000076293945,82317,0.0,0.0
2023-12-27 10:30:00-05:00,47.935001373291016,47.939998626708984,47.689998626708984,47.7599983215332,164393,0.0,0.0
2023-12-27 11:30:00-05:00,47.755001068115234,47.90999984741211,47.72999954223633,47.845001220703125,104051,0.0,0.0
2023-12-27 12:30:00-05:00,47.845001220703125,48.0099983215332,47.80500030517578,47.93000030517578,89071,0.0,0.0
2023-12-27 13:30:00-05:00,47.90999984741211,48.025001525878906,47.849998474121094,48.0,180968,0.0,0.0
2023-12-27 14:30:00-05:00,47.9900016784668,48.064998626708984,47.97999954223633,48.0,100881,0.0,0.0
2023-12-27 15:30:00-05:00,48.0010986328125,48.09000015258789,47.970001220703125,48.09000015258789,211761,0.0,0.0
2023-12-28 09:30:00-05:00,48.08000183105469,48.23509979248047,47.900001525878906,47.959999084472656,94515,0.0,0.0
2023-12-28 10:30:00-05:00,47.95000076293945,47.95000076293945,47.61000061035156,47.689998626708984,67895,0.0,0.0
2023-12-28 11:30:00-05:00,47.68000030517578,47.869998931884766,47.67499923706055,47.81999969482422,62363,0.0,0.0
2023-12-28 12:30:00-05:00,47.810001373291016,47.900001525878906,47.79999923706055,47.88970184326172,45860,0.0,0.0
2023-12-28 13:30:00-05:00,47.88999938964844,47.91999816894531,47.79999923706055,47.880001068115234,56011,0.0,0.0
2023-12-28 14:30:00-05:00,47.869998931884766,47.915000915527344,47.779998779296875,47.875,84805,0.0,0.0
2023-12-28 15:30:00-05:00,47.87879943847656,47.9900016784668,47.845001220703125,47.900001525878906,167800,0.0,0.0
2023-12-29 09:30:00-05:00,47.95000076293945,48.10900115966797,47.810001373291016,47.93000030517578,64444,0.0,0.0
2023-12-29 10:30:00-05:00,47.92499923706055,47.97999954223633,47.755001068115234,47.77000045776367,85090,0.0,0.0
2023-12-29 11:30:00-05:00,47.77000045776367,47.849998474121094,47.65999984741211,47.71500015258789,68880,0.0,0.0
2023-12-29 12:30:00-05:00,47.71989822387695,47.869998931884766,47.68000030517578,47.7599983215332,242453,0.0,0.0
2023-12-29 13:30:00-05:00,47.76499938964844,47.88999938964844,47.7599983215332,47.790000915527344,65506,0.0,0.0
2023-12-29 14:30:00-05:00,47.79999923706055,47.88990020751953,47.7599983215332,47.880001068115234,92683,0.0,0.0
2023-12-29 15:30:00-05:00,47.875,47.89500045776367,47.709999084472656,47.79999923706055,284589,0.0,0.0
2024-01-02 09:30:00-05:00,47.75,48.099998474121094,47.560001373291016,48.08000183105469,128863,0.0,0.0
2024-01-02 10:30:00-05:00,48.08000183105469,48.220001220703125,47.810001373291016,47.810001373291016,125644,0.0,0.0
2024-01-02 11:30:00-05:00,47.810001373291016,47.90999984741211,47.709999084472656,47.869998931884766,124096,0.0,0.0
2024-01-02 12:30:00-05:00,47.880001068115234,47.93000030517578,47.63999938964844,47.63999938964844,133581,0.0,0.0
2024-01-02 13:30:00-05:00,47.6150016784668,47.65999984741211,47.540000915527344,47.60810089111328,166983,0.0,0.0
2024-01-02 14:30:00-05:00,47.59000015258789,47.59000015258789,47.20500183105469,47.20500183105469,201254,0.0,0.0
2024-01-02 15:30:00-05:00,47.20000076293945,47.34000015258789,47.154998779296875,47.290000915527344,290178,0.0,0.0
2024-01-03 09:30:00-05:00,47.18000030517578,47.18000030517578,46.689998626708984,46.81999969482422,182130,0.0,0.0
2024-01-03 10:30:00-05:00,46.81999969482422,46.84000015258789,46.5099983215332,46.77000045776367,134364,0.0,0.0
2024-01-03 11:30:00-05:00,46.810001373291016,47.06999969482422,46.70500183105469,47.06999969482422,306494,0.0,0.0
2024-01-03 12:30:00-05:00,47.08000183105469,47.279998779296875,47.02000045776367,47.279998779296875,188634,0.0,0.0
2024-01-03 13:30:00-05:00,47.279998779296875,47.29999923706055,46.86000061035156,47.15999984741211,432495,0.0,0.0
2024-01-03 14:30:00-05:00,47.16999816894531,47.185001373291016,46.7599983215332,46.76499938964844,242207,0.0,0.0
2024-01-03 15:30:00-05:00,46.76499938964844,46.93000030517578,46.619998931884766,46.630001068115234,562060,0.0,0.0
2024-01-04 09:30:00-05:00,46.650001525878906,46.720001220703125,46.25,46.69499969482422,130250,0.0,0.0
2024-01-04 10:30:00-05:00,46.689998626708984,46.689998626708984,46.33000183105469,46.459999084472656,149994,0.0,0.0
2024-01-04 11:30:00-05:00,46.459999084472656,46.5,46.375,46.43000030517578,82847,0.0,0.0
2024-01-04 12:30:00-05:00,46.435001373291016,46.52000045776367,46.38999938964844,46.435001373291016,97881,0.0,0.0
2024-01-04 13:30:00-05:00,46.435001373291016,46.54499816894531,46.400001525878906,46.459999084472656,112133,0.0,0.0
2024-01-04 14:30:00-05:00,46.470001220703125,46.689998626708984,46.400001525878906,46.67499923706055,168597,0.0,0.0
2024-01-04 15:30:00-05:00,46.68000030517578,46.755001068115234,46.529998779296875,46.560001373291016,254259,0.0,0.0
2024-01-05 09:30:00-05:00,46.380001068115234,47.279998779296875,46.290000915527344,47.20500183105469,180349,0.0,0.0
2024-01-05 10:30:00-05:00,47.209999084472656,47.290000915527344,46.92499923706055,46.95500183105469,165627,0.0,0.0
2024-01-05 11:30:00-05:00,46.970001220703125,47.0,46.755001068115234,46.779998779296875,96171,0.0,0.0
2024-01-05 12:30:00-05:00,46.790000915527344,46.974998474121094,46.7400016784668,46.974998474121094,152748,0.0,0.0
2024-01-05 13:30:00-05:00,46.974998474121094,47.21500015258789,46.959999084472656,47.08000183105469,141907,0.0,0.0
2024-01-05 14:30:00-05:00,47.06999969482422,47.119998931884766,46.90999984741211,47.08000183105469,182285,0.0,0.0
2024-01-05 15:30:00-05:00,47.084999084472656,47.150001525878906,46.970001220703125,47.130001068115234,419995,0.0,0.0
2024-01-08 09:30:00-05:00,47.099998474121094,47.189998626708984,46.83000183105469,47.05500030517578,148364,0.0,0.0
2024-01-08 10:30:00-05:00,47.064998626708984,47.16999816894531,47.029998779296875,47.130001068115234,132905,0.0,0.0
2024-01-08 11:30:00-05:00,47.13999938964844,47.45000076293945,47.130001068115234,47.349998474121094,167540,0.0,0.0
2024-01-08 12:30:00-05:00,47.36000061035156,47.560001373291016,47.334999084472656,47.4900016784668,114886,0.0,0.0
2024-01-08 13:30:00-05:00,47.5,47.654998779296875,47.439998626708984,47.654998779296875,270085,0.0,0.0
2024-01-08 14:30:00-05:00,47.65999984741211,47.709999084472656,47.59000015258789,47.65999984741211,219580,0.0,0.0
2024-01-08 15:30:00-05:00,47.654998779296875,47.75,47.6150016784668,47.650001525878906,403082,0.0,0.0
2024-01-09 09:30:00-05:00,47.209999084472656,47.540000915527344,47.04999923706055,47.34000015258789,145396,0.0,0.0
2024-01-09 10:30:00-05:00,47.349998474121094,47.41999816894531,47.029998779296875,47.20000076293945,110877,0.0,0.0
2024-01-09 11:30:00-05:00,47.20000076293945,47.20000076293945,47.060001373291016,47.130001068115234,104080,0.0,0.0
2024-01-09 12:30:00-05:00,47.1349983215332,47.1349983215332,46.84000015258789,46.867000579833984,123600,0.0,0.0
2024-01-09 13:30:00-05:00,46.86000061035156,47.1349983215332,46.779998779296875,46.810001373291016,125692,0.0,0.0
2024-01-09 14:30:00-05:00,46.81999969482422,46.90999984741211,46.7599983215332,46.7599983215332,138489,0.0,0.0
2024-01-09 15:30:00-05:00,46.755001068115234,46.880001068115234,46.70500183105469,46.86000061035156,273928,0.0,0.0
2024-01-10 09:30:00-05:00,46.869998931884766,47.0099983215332,46.66999816894531,46.88999938964844,119362,0.0,0.0
2024-01-10 10:30:00-05:00,46.89099884033203,46.95000076293945,46.81999969482422,46.880001068115234,71701,0.0,0.0
2024-01-10 11:30:00-05:00,46.869998931884766,46.91999816894531,46.779998779296875,46.85499954223633,62082,0.0,0.0
2024-01-10 12:30:00-05:00,46.849998474121094,46.893001556396484,46.75,46.83000183105469,65438,0.0,0.0
2024-01-10 13:30:00-05:00,46.81999969482422,46.84619903564453,46.689998626708984,46.73500061035156,83875,0.0,0.0
2024-01-10 14:30:00-05:00,46.7400016784668,46.85499954223633,46.72999954223633,46.80500030517578,159066,0.0,0.0
2024-01-10 15:30:00-05:00,46.79999923706055,47.04999923706055,46.772499084472656,47.0099983215332,197143,0.0,0.0
2024-01-11 09:30:00-05:00,46.95000076293945,47.02000045776367,46.40999984741211,46.630001068115234,132995,0.0,0.0
2024-01-11 10:30:00-05:00,46.63999938964844,46.86000061035156,46.63999938964844,46.7400016784668,109114,0.0,0.0
2024-01-11 11:30:00-05:00,46.75,46.970001220703125,46.63999938964844,46.76499938964844,140432,0.0,0.0
2024-01-11 12:30:00-05:00,46.77000045776367,47.119998931884766,46.77000045776367,47.119998931884766,171104,0.0,0.0
2024-01-11 13:30:00-05:00,47.1150016784668,47.220001220703125,47.040000915527344,47.09000015258789,126557,0.0,0.0
2024-01-11 14:30:00-05:00,47.09000015258789,47.099998474121094,46.90999984741211,46.96950149536133,135755,0.0,0.0
2024-01-11 15:30:00-05:00,46.959999084472656,47.11000061035156,46.95199966430664,47.05500030517578,303398,0.0,0.0
2024-01-12 09:30:00-05:00,47.4900016784668,47.845001220703125,47.209999084472656,47.2599983215332,128951,0.0,0.0
2024-01-12 10:30:00-05:00,47.24700164794922,47.310001373291016,47.09000015258789,47.220001220703125,90932,0.0,0.0
2024-01-12 11:30:00-05:00,47.25,47.27000045776367,47.0099983215332,47.08000183105469,81311,0.0,0.0
2024-01-12 12:30:00-05:00,47.099998474121094,47.18000030517578,47.0,47.14500045776367,79419,0.0,0.0
2024-01-12 13:30:00-05:00,47.14500045776367,47.16999816894531,47.040000915527344,47.040000915527344,70415,0.0,0.0
2024-01-12 14:30:00-05:00,47.040000915527344,47.04999923706055,46.904998779296875,46.95000076293945,105621,0.0,0.0
2024-01-12 15:30:00-05:00,46.959999084472656,47.04999923706055,46.92499923706055,47.029998779296875,233019,0.0,0.0
2024-01-16 09:30:00-05:00,46.75,46.865501403808594,46.400001525878906,46.54999923706055,141962,0.0,0.0
2024-01-16 10:30:00-05:00,46.59000015258789,47.029998779296875,46.59000015258789,46.93000030517578,210667,0.0,0.0
2024-01-16 11:30:00-05:00,46.93000030517578,47.06840133666992,46.93000030517578,47.029998779296875,115462,0.0,0.0
2024-01-16 12:30:00-05:00,47.04999923706055,47.33000183105469,47.0,47.33000183105469,108483,0.0,0.0
2024-01-16 13:30:00-05:00,47.34000015258789,47.349998474121094,47.150001525878906,47.255001068115234,137254,0.0,0.0
2024-01-16 14:30:00-05:00,47.255001068115234,47.459999084472656,47.22999954223633,47.334999084472656,385461,0.0,0.0
2024-01-16 15:30:00-05:00,47.334999084472656,47.45000076293945,47.22999954223633,47.439998626708984,194892,0.0,0.0
2024-01-17 09:30:00-05:00,47.0,47.45000076293945,46.959999084472656,47.22999954223633,139816,0.0,0.0
2024-01-17 10:30:00-05:00,47.220001220703125,47.310001373291016,47.20000076293945,47.290000915527344,130671,0.0,0.0
2024-01-17 11:30:00-05:00,47.27000045776367,47.380001068115234,47.150001525878906,47.150001525878906,132204,0.0,0.0
2024-01-17 12:30:00-05:00,47.130001068115234,47.33000183105469,47.08000183105469,47.119998931884766,313725,0.0,0.0
2024-01-17 13:30:00-05:00,47.11000061035156,47.11000061035156,46.849998474121094,46.970001220703125,269055,0.0,0.0
2024-01-17 14:30:00-05:00,46.974998474121094,47.040000915527344,46.849998474121094,46.9900016784668,131815,0.0,0.0
2024-01-17 15:30:00-05:00,46.994998931884766,47.099998474121094,46.97999954223633,47.04999923706055,224429,0.0,0.0
2024-01-18 09:30:00-05:00,47.13999938964844,47.369998931884766,46.93000030517578,47.19499969482422,192032,0.0,0.0
2024-01-18 10:30:00-05:00,47.209999084472656,47.30500030517578,46.939998626708984,46.95000076293945,102681,0.0,0.0
2024-01-18 11:30:00-05:00,46.939998626708984,47.029998779296875,46.779998779296875,46.78110122680664,75752,0.0,0.0
2024-01-18 12:30:00-05:00,46.779998779296875,46.88999938964844,46.7599983215332,46.869998931884766,80654,0.0,0.0
2024-01-18 13:30:00-05:00,46.86000061035156,47.1150016784668,46.86000061035156,47.11000061035156,77533,0.0,0.0
2024-01-18 14:30:00-05:00,47.119998931884766,47.255001068115234,47.06999969482422,47.2400016784668,97115,0.0,0.0
2024-01-18 15:30:00-05:00,47.244998931884766,47.29999923706055,47.189998626708984,47.290000915527344,229999,0.0,0.0
2024-01-19 09:30:00-05:00,47.349998474121094,47.380001068115234,46.88999938964844,47.029998779296875,170918,0.0,0.0
2024-01-19 10:30:00-05:00,47.02000045776367,47.18000030517578,46.90999984741211,47.150001525878906,81770,0.0,0.0
2024-01-19 11:30:00-05:00,47.13999938964844,47.290000915527344,47.04999923706055,47.279998779296875,71208,0.0,0.0
2024-01-19 12:30:00-05:00,47.29999923706055,47.47999954223633,47.25,47.45500183105469,72354,0.0,0.0
2024-01-19 13:30:00-05:00,47.45500183105469,47.625,47.45000076293945,47.59000015258789,73401,0.0,0.0
2024-01-19 14:30:00-05:00,47.61000061035156,47.619998931884766,47.375,47.375,99771,0.0,0.0
2024-01-19 15:30:00-05:00,47.375,47.43000030517578,47.345001220703125,47.36000061035156,189318,0.0,0.0
2024-01-22 09:30:00-05:00,47.56999969482422,47.83000183105469,47.439998626708984,47.759300231933594,133921,0.0,0.0
2024-01-22 10:30:00-05:00,47.77000045776367,47.770999908447266,47.5099983215332,47.66999816894531,100321,0.0,0.0
2024-01-22 11:30:00-05:00,47.68000030517578,47.869998931884766,47.59000015258789,47.849998474121094,95311,0.0,0.0
2024-01-22 12:30:00-05:00,47.85499954223633,47.974998474121094,47.82500076293945,47.90010070800781,115560,0.0,0.0
2024-01-22 13:30:00-05:00,47.900001525878906,48.220001220703125,47.900001525878906,48.220001220703125,108474,0.0,0.0
2024-01-22 14:30:00-05:00,48.220001220703125,48.349998474121094,48.119998931884766,48.334999084472656,156483,0.0,0.0
2024-01-22 15:30:00-05:00,48.34000015258789,48.404998779296875,48.21500015258789,48.29999923706055,268269,0.0,0.0
2024-01-23 09:30:00-05:00,48.459999084472656,48.779998779296875,47.86000061035156,47.93000030517578,402844,0.0,0.0
2024-01-23 10:30:00-05:00,47.93000030517578,47.9900016784668,47.279998779296875,47.37300109863281,353252,0.0,0.0
2024-01-23 11:30:00-05:00,47.36970138549805,47.64500045776367,47.36970138549805,47.54999923706055,115067,0.0,0.0
2024-01-23 12:30:00-05:00,47.54999923706055,47.59000015258789,47.375,47.375,74810,0.0,0.0
2024-01-23 13:30:00-05:00,47.369998931884766,47.72999954223633,47.314998626708984,47.71989822387695,142898,0.0,0.0
2024-01-23 14:30:00-05:00,47.73500061035156,47.880001068115234,47.69499969482422,47.8650016784668,156884,0.0,0.0
2024-01-23 15:30:00-05:00,47.8650016784668,47.95000076293945,47.755001068115234,47.90999984741211,293253,0.0,0.0
2024-01-24 09:30:00-05:00,48.369998931884766,48.470001220703125,47.59000015258789,47.709999084472656,121616,0.0,0.0
2024-01-24 10:30:00-05:00,47.701698303222656,48.04999923706055,47.691001892089844,47.9900016784668,95073,0.0,0.0
2024-01-24 11:30:00-05:00,48.0,48.01499938964844,47.849998474121094,47.8849983215332,74186,0.0,0.0
2024-01-24 12:30:00-05:00,47.8849983215332,47.89500045776367,47.72999954223633,47.72999954223633,111986,0.0,0.0
2024-01-24 13:30:00-05:00,47.720001220703125,47.720001220703125,47.40999984741211,47.40999984741211,70076,0.0,0.0
2024-01-24 14:30:00-05:00,47.41999816894531,47.51499938964844,47.33000183105469,47.4474983215332,138147,0.0,0.0
2024-01-24 15:30:00-05:00,47.45000076293945,47.540000915527344,47.400001525878906,47.47999954223633,232877,0.0,0.0
2024-01-25 09:30:00-05:00,47.86000061035156,47.959999084472656,47.310001373291016,47.459999084472656,117866,0.0,0.0
2024-01-25 10:30:00-05:00,47.45000076293945,47.540000915527344,47.26499938964844,47.47999954223633,138413,0.0,0.0
2024-01-25 11:30:00-05:00,47.470001220703125,47.470001220703125,47.28010177612305,47.33000183105469,78223,0.0,0.0
2024-01-25 12:30:00-05:00,47.33000183105469,47.36000061035156,47.15999984741211,47.16749954223633,120880,0.0,0.0
2024-01-25 13:30:00-05:00,47.1609992980957,47.34000015258789,47.1609992980957,47.31100082397461,94857,0.0,0.0
2024-01-25 14:30:00-05:00,47.310001373291016,47.44499969482422,47.27000045776367,47.40999984741211,135644,0.0,0.0
2024-01-25 15:30:00-05:00,47.40999984741211,47.57500076293945,47.40999984741211,47.529998779296875,286158,0.0,0.0
2024-01-26 09:30:00-05:00,47.7599983215332,47.83000183105469,47.5099983215332,47.630001068115234,96435,0.0,0.0
2024-01-26 10:30:00-05:00,47.619998931884766,47.77000045776367,47.56999969482422,47.619998931884766,164940,0.0,0.0
2024-01-26 11:30:00-05:00,47.625,47.72460174560547,47.525001525878906,47.72460174560547,123710,0.0,0.0
2024-01-26 12:30:00-05:00,47.720001220703125,47.720001220703125,47.5,47.599998474121094,66075,0.0,0.0
2024-01-26 13:30:00-05:00,47.599998474121094,47.665000915527344,47.47999954223633,47.665000915527344,87095,0.0,0.0
2024-01-26 14:30:00-05:00,47.665000915527344,47.69499969482422,47.59000015258789,47.67499923706055,116245,0.0,0.0
2024-01-26 15:30:00-05:00,47.67499923706055,47.685001373291016,47.599998474121094,47.63999938964844,226489,0.0,0.0
2024-01-29 09:30:00-05:00,47.529998779296875,47.65999984741211,46.90999984741211,46.91999816894531,138369,0.0,0.0
2024-01-29 10:30:00-05:00,46.91999816894531,47.11000061035156,46.8849983215332,47.02000045776367,156614,0.0,0.0
2024-01-29 11:30:00-05:00,47.017799377441406,47.1150016784668,47.0,47.099998474121094,191788,0.0,0.0
2024-01-29 12:30:00-05:00,47.11000061035156,47.20000076293945,47.0099983215332,47.08000183105469,309222,0.0,0.0
2024-01-29 13:30:00-05:00,47.09000015258789,47.13999938964844,46.95500183105469,47.0,165701,0.0,0.0
2024-01-29 14:30:00-05:00,47.0,47.52000045776367,46.98500061035156,47.470001220703125,189634,0.0,0.0
2024-01-29 15:30:00-05:00,47.470001220703125,47.709999084472656,47.404998779296875,47.70000076293945,326440,0.0,0.0
2024-01-30 09:30:00-05:00,47.470001220703125,47.4900016784668,47.08000183105469,47.27000045776367,228472,0.0,0.0
2024-01-30 10:30:00-05:00,47.2599983215332,47.56999969482422,47.18000030517578,47.52000045776367,98516,0.0,0.0
2024-01-30 11:30:00-05:00,47.529998779296875,47.72999954223633,47.51499938964844,47.650001525878906,108600,0.0,0.0
2024-01-30 12:30:00-05:00,47.650001525878906,47.810001373291016,47.584999084472656,47.80500030517578,138316,0.0,0.0
2024-01-30 13:30:00-05:00,47.80500030517578,47.880001068115234,47.779998779296875,47.81340026855469,126527,0.0,0.0
2024-01-30 14:30:00-05:00,47.814998626708984,47.82500076293945,47.619998931884766,47.724998474121094,156594,0.0,0.0
2024-01-30 15:30:00-05:00,47.720001220703125,47.72809982299805,47.525001525878906,47.54999923706055,280867,0.0,0.0
2024-01-31 09:30:00-05:00,47.54999923706055,47.685001373291016,46.97999954223633,47.162200927734375,101499,0.0,0.0
2024-01-31 10:30:00-05:00,47.16999816894531,47.36000061035156,47.09000015258789,47.279998779296875,65510,0.0,0.0
2024-01-31 11:30:00-05:00,47.279998779296875,47.400001525878906,47.189998626708984,47.400001525878906,85795,0.0,0.0
2024-01-31 12:30:00-05:00,47.38999938964844,47.38999938964844,47.23500061035156,47.310001373291016,135020,0.0,0.0
2024-01-31 13:30:00-05:00,47.30500030517578,47.5099983215332,47.150001525878906,47.189998626708984,165443,0.0,0.0
2024-01-31 14:30:00-05:00,47.18000030517578,47.50790023803711,46.75,46.904998779296875,213584,0.0,0.0
2024-01-31 15:30:00-05:00,46.900001525878906,46.939998626708984,46.564998626708984,46.66999816894531,345174,0.0,0.0
2024-02-01 09:30:00-05:00,46.91999816894531,47.20000076293945,46.7599983215332,46.9900016784668,187746,0.0,0.0
2024-02-01 10:30:00-05:00,46.97999954223633,46.9900016784668,46.540000915527344,46.75,133356,0.0,0.0
2024-02-01 11:30:00-05:00,46.75,47.005001068115234,46.66999816894531,46.880001068115234,216465,0.0,0.0
2024-02-01 12:30:00-05:00,46.880001068115234,47.2400016784668,46.875,47.18899917602539,119197,0.0,0.0
2024-02-01 13:30:00-05:00,47.189998626708984,47.439998626708984,47.07500076293945,47.40999984741211,136241,0.0,0.0
2024-02-01 14:30:00-05:00,47.415000915527344,47.52000045776367,47.310001373291016,47.4900016784668,191115,0.0,0.0
2024-02-01 15:30:00-05:00,47.494998931884766,47.7599983215332,47.494998931884766,47.7599983215332,236063,0.0,0.0
2024-02-02 09:30:00-05:00,47.459999084472656,47.48500061035156,46.7599983215332,47.150001525878906,174028,0.0,0.0
2024-02-02 10:30:00-05:00,47.18000030517578,47.279998779296875,46.994998931884766,47.25,175399,0.0,0.0
2024-02-02 11:30:00-05:00,47.25,47.35900115966797,47.189998626708984,47.349998474121094,80558,0.0,0.0
2024-02-02 12:30:00-05:00,47.349998474121094,47.38999938964844,47.099998474121094,47.33000183105469,101084,0.0,0.0
2024-02-02 13:30:00-05:00,47.345001220703125,47.650001525878906,47.314998626708984,47.56999969482422,91163,0.0,0.0
2024-02-02 14:30:00-05:00,47.584999084472656,47.69499969482422,47.5099983215332,47.685001373291016,132798,0.0,0.0
2024-02-02 15:30:00-05:00,47.685001373291016,47.685001373291016,47.279998779296875,47.290000915527344,195220,0.0,0.0
2024-02-05 09:30:00-05:00,46.470001220703125,46.619998931884766,45.9900016784668,46.18000030517578,186127,0.0,0.0
2024-02-05 10:30:00-05:00,46.209999084472656,46.400001525878906,46.16999816894531,46.27000045776367,91727,0.0,0.0
2024-02-05 11:30:00-05:00,46.275001525878906,46.540000915527344,46.275001525878906,46.42499923706055,103409,0.0,0.0
2024-02-05 12:30:00-05:00,46.42499923706055,46.59000015258789,46.42499923706055,46.525001525878906,70974,0.0,0.0
2024-02-05 13:30:00-05:00,46.5099983215332,46.619998931884766,46.4900016784668,46.56999969482422,94798,0.0,0.0
2024-02-05 14:30:00-05:00,46.59000015258789,46.61000061035156,46.41999816894531,46.5,217832,0.0,0.0
2024-02-05 15:30:00-05:00,46.5,46.529998779296875,46.310001373291016,46.31999969482422,258446,0.0,0.0
2024-02-06 09:30:00-05:00,46.380001068115234,46.7400016784668,46.029998779296875,46.689998626708984,239065,0.0,0.0
2024-02-06 10:30:00-05:00,46.70000076293945,46.95000076293945,46.59000015258789,46.95000076293945,79210,0.0,0.0
2024-02-06 11:30:00-05:00,46.95000076293945,46.95000076293945,46.75,46.91999816894531,66113,0.0,0.0
2024-02-06 12:30:00-05:00,46.914100646972656,46.970001220703125,46.814998626708984,46.84000015258789,62591,0.0,0.0
2024-02-06 13:30:00-05:00,46.849998474121094,46.939998626708984,46.68000030517578,46.709999084472656,152476,0.0,0.0
2024-02-06 14:30:00-05:00,46.72999954223633,47.060001373291016,46.720001220703125,47.03499984741211,116541,0.0,0.0
2024-02-06 15:30:00-05:00,47.03499984741211,47.13999938964844,46.939998626708984,47.119998931884766,198720,0.0,0.0
2024-02-07 09:30:00-05:00,47.290000915527344,47.45000076293945,47.02000045776367,47.45000076293945,117170,0.0,0.0
2024-02-07 10:30:00-05:00,47.459999084472656,47.470001220703125,47.279998779296875,47.380001068115234,103146,0.0,0.0
2024-02-07 11:30:00-05:00,47.41999816894531,47.4900016784668,47.35499954223633,47.39500045776367,80336,0.0,0.0
2024-02-07 12:30:00-05:00,47.38999938964844,47.58000183105469,47.349998474121094,47.51499938964844,83462,0.0,0.0
2024-02-07 13:30:00-05:00,47.52000045776367,47.529998779296875,47.41999816894531,47.52000045776367,86847,0.0,0.0
2024-02-07 14:30:00-05:00,47.52799987792969,47.709999084472656,47.5,47.69499969482422,152124,0.0,0.0
2024-02-07 15:30:00-05:00,47.689998626708984,47.69499969482422,47.439998626708984,47.54999923706055,381488,0.0,0.0
2024-02-08 09:30:00-05:00,47.290000915527344,47.459999084472656,47.16999816894531,47.380001068115234,158628,0.0,0.0
2024-02-08 10:30:00-05:00,47.380001068115234,47.380001068115234,47.125,47.20000076293945,139356,0.0,0.0
2024-02-08 11:30:00-05:00,47.20000076293945,47.28499984741211,47.15999984741211,47.22999954223633,105680,0.0,0.0
2024-02-08 12:30:00-05:00,47.22999954223633,47.380001068115234,47.18000030517578,47.334999084472656,93352,0.0,0.0
2024-02-08 13:30:00-05:00,47.34000015258789,47.54999923706055,47.275001525878906,47.505001068115234,117497,0.0,0.0
2024-02-08 14:30:00-05:00,47.5099983215332,47.619998931884766,47.4901008605957,47.4901008605957,122543,0.0,0.0
2024-02-08 15:30:00-05:00,47.494998931884766,47.560001373291016,47.400001525878906,47.529998779296875,193257,0.0,0.0
2024-02-09 09:30:00-05:00,47.650001525878906,47.790000915527344,47.43000030517578,47.650001525878906,100157,0.0,0.0
2024-02-09 10:30:00-05:00,47.64500045776367,47.77000045776367,47.6349983215332,47.661598205566406,91690,0.0,0.0
2024-02-09 11:30:00-05:00,47.650001525878906,47.779998779296875,47.6150016784668,47.73500061035156,86461,0.0,0.0
2024-02-09 12:30:00-05:00,47.73500061035156,48.0099983215332,47.709999084472656,47.98500061035156,90925,0.0,0.0
2024-02-09 13:30:00-05:00,47.9900016784668,48.05500030517578,47.90999984741211,48.03110122680664,67303,0.0,0.0
2024-02-09 14:30:00-05:00,48.04499816894531,48.119998931884766,47.869998931884766,47.94499969482422,105034,0.0,0.0
2024-02-09 15:30:00-05:00,47.95500183105469,47.959999084472656,47.869998931884766,47.93000030517578,169525,0.0,0.0
2024-02-12 09:30:00-05:00,48.04999923706055,48.5,47.970001220703125,48.470001220703125,160499,0.0,0.0
2024-02-12 10:30:00-05:00,48.4900016784668,48.720001220703125,48.43000030517578,48.720001220703125,114368,0.0,0.0
2024-02-12 11:30:00-05:00,48.724998474121094,48.869998931884766,48.654998779296875,48.8650016784668,108460,0.0,0.0
2024-02-12 12:30:00-05:00,48.869998931884766,49.154998779296875,48.82500076293945,49.119998931884766,150696,0.0,0.0
2024-02-12 13:30:00-05:00,49.119998931884766,49.130001068115234,48.900001525878906,48.95119857788086,161329,0.0,0.0
2024-02-12 14:30:00-05:00,48.95000076293945,49.1150016784668,48.93899917602539,49.05500030517578,160076,0.0,0.0
2024-02-12 15:30:00-05:00,49.05500030517578,49.22999954223633,49.04999923706055,49.15999984741211,276279,0.0,0.0
2024-02-13 09:30:00-05:00,48.38999938964844,48.38999938964844,47.654998779296875,47.869998931884766,314214,0.0,0.0
2024-02-13 10:30:00-05:00,47.88999938964844,48.380001068115234,47.79499816894531,48.255001068115234,274854,0.0,0.0
2024-02-13 11:30:00-05:00,48.25,48.404998779296875,48.09000015258789,48.11000061035156,206304,0.0,0.0
2024-02-13 12:30:00-05:00,48.099998474121094,48.2400016784668,48.060001373291016,48.099998474121094,171394,0.0,0.0
2024-02-13 13:30:00-05:00,48.095001220703125,48.404998779296875,47.96500015258789,48.0,554932,0.0,0.0
2024-02-13 14:30:00-05:00,48.0,48.2400016784668,47.77000045776367,47.935001373291016,456445,0.0,0.0
2024-02-13 15:30:00-05:00,47.935001373291016,48.119998931884766,47.900001525878906,48.11000061035156,686356,0.0,0.0
2024-02-14 09:30:00-05:00,48.2400016784668,48.779998779296875,48.16999816894531,48.650001525878906,427039,0.0,0.0
2024-02-14 10:30:00-05:00,48.61000061035156,48.650001525878906,48.44499969482422,48.6349983215332,164048,0.0,0.0
2024-02-14 11:30:00-05:00,48.6349983215332,48.7400016784668,48.47999954223633,48.59000015258789,183230,0.0,0.0
2024-02-14 12:30:00-05:00,48.62030029296875,48.849998474121094,48.59000015258789,48.814998626708984,120444,0.0,0.0
2024-02-14 13:30:00-05:00,48.81999969482422,48.974998474121094,48.72999954223633,48.970001220703125,133844,0.0,0.0
2024-02-14 14:30:00-05:00,48.97990036010742,48.97990036010742,48.810001373291016,48.845001220703125,175253,0.0,0.0
2024-02-14 15:30:00-05:00,48.81999969482422,48.92499923706055,48.720001220703125,48.849998474121094,380484,0.0,0.0
2024-02-15 09:30:00-05:00,49.060001373291016,49.34000015258789,48.94499969482422,49.08000183105469,513210,0.0,0.0
2024-02-15 10:30:00-05:00,49.08000183105469,49.13999938964844,48.849998474121094,49.119998931884766,203870,0.0,0.0
2024-02-15 11:30:00-05:00,49.119998931884766,49.20000076293945,49.04999923706055,49.14500045776367,211717,0.0,0.0
2024-02-15 12:30:00-05:00,49.13999938964844,49.150001525878906,48.959999084472656,49.0099983215332,162353,0.0,0.0
2024-02-15 13:30:00-05:00,49.0099983215332,49.19499969482422,48.9900016784668,49.165000915527344,314537,0.0,0.0
2024-02-15 14:30:00-05:00,49.16999816894531,49.310001373291016,49.13999938964844,49.21500015258789,209043,0.0,0.0
2024-02-15 15:30:00-05:00,49.209999084472656,49.275001525878906,49.11000061035156,49.18000030517578,355649,0.0,0.0
2024-02-16 09:30:00-05:00,48.86000061035156,49.814998626708984,48.63999938964844,49.7400016784668,324540,0.0,0.0
2024-02-16 10:30:00-05:00,49.72999954223633,49.9900016784668,49.67100143432617,49.959999084472656,205554,0.0,0.0
2024-02-16 11:30:00-05:00,49.9900016784668,50.16999816894531,49.939998626708984,50.16999816894531,127881,0.0,0.0
2024-02-16 12:30:00-05:00,50.16999816894531,50.244998931884766,50.02199935913086,50.185001373291016,143345,0.0,0.0
2024-02-16 13:30:00-05:00,50.209999084472656,50.34000015258789,50.150001525878906,50.290000915527344,130979,0.0,0.0
2024-02-16 14:30:00-05:00,50.28950119018555,50.290000915527344,49.994998931884766,50.060001373291016,155829,0.0,0.0
2024-02-16 15:30:00-05:00,50.06999969482422,50.16999816894531,50.005001068115234,50.029998779296875,554250,0.0,0.0
2024-02-20 09:30:00-05:00,49.43000030517578,49.81999969482422,49.275001525878906,49.61000061035156,254976,0.0,0.0
2024-02-20 10:30:00-05:00,49.630001068115234,49.689998626708984,49.36000061035156,49.584999084472656,160652,0.0,0.0
2024-02-20 11:30:00-05:00,49.59000015258789,49.760799407958984,49.529998779296875,49.709999084472656,155011,0.0,0.0
2024-02-20 12:30:00-05:00,49.71500015258789,49.85499954223633,49.67499923706055,49.7599983215332,164092,0.0,0.0
2024-02-20 13:30:00-05:00,49.752498626708984,49.849998474121094,49.63999938964844,49.84000015258789,253772,0.0,0.0
2024-02-20 14:30:00-05:00,49.84000015258789,49.974998474121094,49.78499984741211,49.8650016784668,228624,0.0,0.0
2024-02-20 15:30:00-05:00,49.869998931884766,49.880001068115234,49.755001068115234,49.86000061035156,379270,0.0,0.0
2024-02-21 09:30:00-05:00,49.939998626708984,50.13999938964844,49.56999969482422,50.119998931884766,209017,0.0,0.0
2024-02-21 10:30:00-05:00,50.099998474121094,50.415000915527344,50.064998626708984,50.38999938964844,201549,0.0,0.0
2024-02-21 11:30:00-05:00,50.380001068115234,50.43000030517578,50.22999954223633,50.35499954223633,167522,0.0,0.0
2024-02-21 12:30:00-05:00,50.35499954223633,50.400001525878906,50.2400016784668,50.34000015258789,162099,0.0,0.0
2024-02-21 13:30:00-05:00,50.349998474121094,50.400001525878906,50.18479919433594,50.23500061035156,212334,0.0,0.0
2024-02-21 14:30:00-05:00,50.230098724365234,50.23500061035156,49.970001220703125,50.060001373291016,274475,0.0,0.0
2024-02-21 15:30:00-05:00,50.05500030517578,50.380001068115234,50.04999923706055,50.33000183105469,516159,0.0,0.0
2024-02-22 09:30:00-05:00,51.650001525878906,51.959999084472656,50.900001525878906,51.869998931884766,416755,0.0,0.0
2024-02-22 10:30:00-05:00,51.84000015258789,52.38999938964844,51.630001068115234,52.26499938964844,167767,0.0,0.0
2024-02-22 11:30:00-05:00,52.2400016784668,52.2599983215332,51.72999954223633,51.779998779296875,149725,0.0,0.0
2024-02-22 12:30:00-05:00,51.78499984741211,51.93000030517578,51.630001068115234,51.77000045776367,125548,0.0,0.0
2024-02-22 13:30:00-05:00,51.77000045776367,51.970001220703125,51.72999954223633,51.880001068115234,155511,0.0,0.0
2024-02-22 14:30:00-05:00,51.88999938964844,52.060001373291016,51.7599983215332,52.029998779296875,158611,0.0,0.0
2024-02-22 15:30:00-05:00,52.040000915527344,52.07500076293945,51.86000061035156,51.86000061035156,387446,0.0,0.0
2024-02-23 09:30:00-05:00,52.150001525878906,52.31999969482422,51.58000183105469,51.61000061035156,188569,0.0,0.0
2024-02-23 10:30:00-05:00,51.619998931884766,51.790000915527344,51.540000915527344,51.654998779296875,151028,0.0,0.0
2024-02-23 11:30:00-05:00,51.654998779296875,52.07500076293945,51.61000061035156,52.0099983215332,205470,0.0,0.0
2024-02-23 12:30:00-05:00,52.01499938964844,52.43000030517578,51.869998931884766,52.43000030517578,163464,0.0,0.0
2024-02-23 13:30:00-05:00,52.43000030517578,52.459999084472656,52.11000061035156,52.18000030517578,160638,0.0,0.0
2024-02-23 14:30:00-05:00,52.17499923706055,52.32500076293945,52.040000915527344,52.18000030517578,160515,0.0,0.0
2024-02-23 15:30:00-05:00,52.185001373291016,52.32500076293945,52.15999984741211,52.189998626708984,400726,0.0,0.0
2024-02-26 09:30:00-05:00,51.970001220703125,52.31999969482422,51.779998779296875,52.290000915527344,192200,0.0,0.0
2024-02-26 10:30:00-05:00,52.279998779296875,52.438899993896484,52.0099983215332,52.150001525878906,143442,0.0,0.0
2024-02-26 11:30:00-05:00,52.16999816894531,52.29899978637695,52.095001220703125,52.18000030517578,154246,0.0,0.0
2024-02-26 12:30:00-05:00,52.17499923706055,52.314998626708984,52.084999084472656,52.125,171760,0.0,0.0
2024-02-26 13:30:00-05:00,52.125,52.38999938964844,52.125,52.3849983215332,251727,0.0,0.0
2024-02-26 14:30:00-05:00,52.3849983215332,52.494998931884766,52.3650016784668,52.494998931884766,149987,0.0,0.0
2024-02-26 15:30:00-05:00,52.5,52.59000015258789,52.415000915527344,52.439998626708984,305205,0.0,0.0
2024-02-27 09:30:00-05:00,52.630001068115234,53.15999984741211,52.54999923706055,52.880001068115234,262388,0.0,0.0
2024-02-27 10:30:00-05:00,52.880001068115234,52.9900016784668,52.70000076293945,52.880001068115234,227252,0.0,0.0
2024-02-27 11:30:00-05:00,52.869998931884766,53.099998474121094,52.75,52.779998779296875,141649,0.0,0.0
2024-02-27 12:30:00-05:00,52.779998779296875,52.9099006652832,52.58000183105469,52.61360168457031,108633,0.0,0.0
2024-02-27 13:30:00-05:00,52.619998931884766,52.77000045776367,52.61000061035156,52.65999984741211,134379,0.0,0.0
2024-02-27 14:30:00-05:00,52.654998779296875,52.88999938964844,52.56999969482422,52.8849983215332,175357,0.0,0.0
2024-02-27 15:30:00-05:00,52.880001068115234,53.099998474121094,52.779998779296875,52.939998626708984,376962,0.0,0.0
2024-02-28 09:30:00-05:00,52.849998474121094,52.970001220703125,52.33000183105469,52.41999816894531,154105,0.0,0.0
2024-02-28 10:30:00-05:00,52.40999984741211,52.75,52.39500045776367,52.599998474121094,99604,0.0,0.0
2024-02-28 11:30:00-05:00,52.619998931884766,52.82500076293945,52.59000015258789,52.790000915527344,109484,0.0,0.0
2024-02-28 12:30:00-05:00,52.779998779296875,52.9900016784668,52.59000015258789,52.92499923706055,111328,0.0,0.0
2024-02-28 13:30:00-05:00,52.95000076293945,53.0,52.779998779296875,52.90999984741211,83271,0.0,0.0
2024-02-28 14:30:00-05:00,52.90999984741211,52.939998626708984,52.75,52.84000015258789,99246,0.0,0.0
2024-02-28 15:30:00-05:00,52.83000183105469,53.0,52.75,52.779998779296875,272130,0.0,0.0
2024-02-29 09:30:00-05:00,53.09000015258789,53.189998626708984,52.529998779296875,52.65999984741211,116987,0.0,0.0
2024-02-29 10:30:00-05:00,52.650001525878906,52.720001220703125,52.540000915527344,52.59000015258789,112040,0.0,0.0
2024-02-29 11:30:00-05:00,52.56999969482422,52.63999938964844,52.4900016784668,52.5,98949,0.0,0.0
2024-02-29 12:30:00-05:00,52.5099983215332,52.619998931884766,52.45000076293945,52.529998779296875,95804,0.0,0.0
2024-02-29 13:30:00-05:00,52.529998779296875,52.81999969482422,52.40999984741211,52.67900085449219,146018,0.0,0.0
2024-02-29 14:30:00-05:00,52.685001373291016,52.759700775146484,52.4900016784668,52.505001068115234,167695,0.0,0.0
2024-02-29 15:30:00-05:00,52.5099983215332,52.560001373291016,52.18000030517578,52.27000045776367,955599,0.0,0.0
2024-03-01 09:30:00-05:00,52.08000183105469,52.26499938964844,51.64500045776367,52.040000915527344,99825,0.0,0.0
2024-03-01 10:30:00-05:00,52.04999923706055,52.26499938964844,52.0,52.08000183105469,171949,0.0,0.0
2024-03-01 11:30:00-05:00,52.060001373291016,52.185001373291016,51.97999954223633,52.099998474121094,92921,0.0,0.0
2024-03-01 12:30:00-05:00,52.11000061035156,52.18989944458008,51.834999084472656,51.869998931884766,93752,0.0,0.0
2024-03-01 13:30:00-05:00,51.8650016784668,52.0,51.849998474121094,51.94499969482422,109446,0.0,0.0
2024-03-01 14:30:00-05:00,51.95000076293945,51.970001220703125,51.81999969482422,51.94499969482422,132825,0.0,0.0
2024-03-01 15:30:00-05:00,51.95000076293945,52.0099983215332,51.89500045776367,52.0,283223,0.0,0.0
2024-03-04 09:30:00-05:00,52.029998779296875,52.20000076293945,51.68000030517578,51.915000915527344,171216,0.0,0.0
2024-03-04 10:30:00-05:00,51.90999984741211,51.970001220703125,51.849998474121094,51.939998626708984,30074,0.0,0.0
2024-03-04 11:30:00-05:00,51.91999816894531,52.0,51.689998626708984,51.775001525878906,70976,0.0,0.0
2024-03-04 12:30:00-05:00,51.77000045776367,51.81999969482422,51.7400016784668,51.79999923706055,60220,0.0,0.0
2024-03-04 13:30:00-05:00,51.79999923706055,51.930999755859375,51.790000915527344,51.849998474121094,70709,0.0,0.0
2024-03-04 14:30:00-05:00,51.84000015258789,52.20800018310547,51.84000015258789,52.029998779296875,133039,0.0,0.0
2024-03-04 15:30:00-05:00,52.025001525878906,52.13999938964844,51.973899841308594,52.099998474121094,642973,0.0,0.0
2024-03-05 09:30:00-05:00,51.790000915527344,52.5,51.78499984741211,52.38999938964844,148527,0.0,0.0
2024-03-05 10:30:00-05:00,52.34000015258789,52.52000045776367,52.31999969482422,52.439998626708984,126669,0.0,0.0
2024-03-05 11:30:00-05:00,52.380001068115234,52.45000076293945,52.220001220703125,52.40999984741211,0,0.0,0.0
2024-03-05 12:30:00-05:00,52.400001525878906,52.470001220703125,52.3650016784668,52.439998626708984,44126,0.0,0.0
2024-03-05 13:30:00-05:00,52.43000030517578,52.459999084472656,52.185001373291016,52.224998474121094,48735,0.0,0.0
2024-03-05 14:30:00-05:00,52.22999954223633,52.22999954223633,51.869998931884766,51.869998931884766,74708,0.0,0.0
2024-03-05 15:30:00-05:00,51.8650016784668,51.970001220703125,51.810001373291016,51.83000183105469,646636,0.0,0.0
2024-03-06 09:30:00-05:00,52.060001373291016,52.279998779296875,51.98500061035156,52.005001068115234,83182,0.0,0.0
2024-03-06 10:30:00-05:00,51.9900016784668,52.02000045776367,51.77000045776367,51.869998931884766,20659,0.0,0.0
2024-03-06 11:30:00-05:00,51.8650016784668,51.915000915527344,51.689998626708984,51.709999084472656,48745,0.0,0.0
2024-03-06 12:30:00-05:00,51.70000076293945,51.75,51.54999923706055,51.75,51632,0.0,0.0
2024-03-06 13:30:00-05:00,51.75,51.757999420166016,51.45500183105469,51.529998779296875,77114,0.0,0.0
2024-03-06 14:30:00-05:00,51.540000915527344,51.669898986816406,51.459999084472656,51.66899871826172,62986,0.0,0.0
2024-03-06 15:30:00-05:00,51.68000030517578,51.71900177001953,51.5,51.5099983215332,428610,0.0,0.0
2024-03-07 09:30:00-05:00,51.810001373291016,52.02000045776367,51.66999816894531,51.875,333201,0.0,0.0
2024-03-07 10:30:00-05:00,51.869998931884766,51.93000030517578,51.5,51.54999923706055,111676,0.0,0.0
2024-03-07 11:30:00-05:00,51.540000915527344,51.540000915527344,51.29999923706055,51.41999816894531,90554,0.0,0.0
2024-03-07 12:30:00-05:00,51.40999984741211,51.45000076293945,51.310001373291016,51.39500045776367,74731,0.0,0.0
2024-03-07 13:30:00-05:00,51.400001525878906,51.470001220703125,51.31999969482422,51.349998474121094,76390,0.0,0.0
2024-03-07 14:30:00-05:00,51.349998474121094,51.5,51.314998626708984,51.380001068115234,113398,0.0,0.0
2024-03-07 15:30:00-05:00,51.369998931884766,51.54999923706055,51.349998474121094,51.470001220703125,241005,0.0,0.0
2024-03-08 09:30:00-05:00,51.595001220703125,51.95750045776367,51.529998779296875,51.625,128521,0.0,0.0
2024-03-08 10:30:00-05:00,51.619998931884766,51.88999938964844,51.60499954223633,51.689998626708984,92551,0.0,0.0
2024-03-08 11:30:00-05:00,51.67499923706055,51.720001220703125,51.54999923706055,51.61000061035156,107883,0.0,0.0
2024-03-08 12:30:00-05:00,51.61000061035156,51.650001525878906,51.5,51.560001373291016,78373,0.0,0.0
2024-03-08 13:30:00-05:00,51.560001373291016,51.65959930419922,51.494998931884766,51.650001525878906,96719,0.0,0.0
2024-03-08 14:30:00-05:00,51.65999984741211,51.70000076293945,51.525001525878906,51.560001373291016,86541,0.0,0.0
2024-03-08 15:30:00-05:00,51.54999923706055,51.599998474121094,51.39500045776367,51.41999816894531,231964,0.0,0.0
2024-03-11 09:30:00-04:00,51.48749923706055,51.7599983215332,51.18000030517578,51.18000030517578,69918,0.0,0.0
2024-03-11 10:30:00-04:00,51.209999084472656,51.29999923706055,51.060001373291016,51.27000045776367,88395,0.0,0.0
2024-03-11 11:30:00-04:00,51.2599983215332,51.439998626708984,51.189998626708984,51.439998626708984,72193,0.0,0.0
2024-03-11 12:30:00-04:00,51.459999084472656,51.5,51.34000015258789,51.5,65803,0.0,0.0
2024-03-11 13:30:00-04:00,51.5,51.630001068115234,51.45000076293945,51.625,76096,0.0,0.0
2024-03-11 14:30:00-04:00,51.625,51.80500030517578,51.619998931884766,51.63999938964844,107040,0.0,0.0
2024-03-11 15:30:00-04:00,51.63999938964844,51.7599983215332,51.58000183105469,51.75,286956,0.0,0.0
2024-03-12 09:30:00-04:00,51.7400016784668,52.099998474121094,51.46500015258789,52.06999969482422,125210,0.0,0.0
2024-03-12 10:30:00-04:00,52.08000183105469,52.20000076293945,51.9900016784668,52.1150016784668,103748,0.0,0.0
2024-03-12 11:30:00-04:00,52.1150016784668,52.31999969482422,52.05500030517578,52.279998779296875,289163,0.0,0.0
2024-03-12 12:30:00-04:00,52.25,52.29999923706055,51.900001525878906,52.05500030517578,236470,0.0,0.0
2024-03-12 13:30:00-04:00,52.04999923706055,52.06999969482422,51.768001556396484,51.845001220703125,134230,0.0,0.0
2024-03-12 14:30:00-04:00,51.841800689697266,51.90999984741211,51.66999816894531,51.90999984741211,165304,0.0,0.0
2024-03-12 15:30:00-04:00,51.90999984741211,51.93000030517578,51.7400016784668,51.88999938964844,266728,0.0,0.0
2024-03-13 09:30:00-04:00,51.7599983215332,52.09000015258789,51.56999969482422,52.06999969482422,86693,0.0,0.0
2024-03-13 10:30:00-04:00,52.06999969482422,52.08000183105469,51.66999816894531,51.790000915527344,79488,0.0,0.0
2024-03-13 11:30:00-04:00,51.77000045776367,52.029998779296875,51.755001068115234,52.02000045776367,62020,0.0,0.0
2024-03-13 12:30:00-04:00,52.0099983215332,52.099998474121094,51.939998626708984,51.9900016784668,72363,0.0,0.0
2024-03-13 13:30:00-04:00,51.97999954223633,52.0,51.9275016784668,51.97999954223633,57841,0.0,0.0
2024-03-13 14:30:00-04:00,51.96500015258789,51.9900016784668,51.720001220703125,51.77000045776367,84213,0.0,0.0
2024-03-13 15:30:00-04:00,51.790000915527344,51.90999984741211,51.779998779296875,51.84000015258789,155143,0.0,0.0
2024-03-14 09:30:00-04:00,51.83000183105469,51.8650016784668,51.279998779296875,51.595001220703125,146040,0.0,0.0
2024-03-14 10:30:00-04:00,51.619998931884766,51.72999954223633,51.4900016784668,51.70000076293945,101071,0.0,0.0
2024-03-14 11:30:00-04:00,51.70000076293945,51.90999984741211,51.63999938964844,51.88999938964844,142929,0.0,0.0
2024-03-14 12:30:00-04:00,51.8849983215332,51.8849983215332,51.4900016784668,51.4900016784668,62720,0.0,0.0
2024-03-14 13:30:00-04:00,51.4900016784668,51.61000061035156,51.36000061035156,51.540000915527344,80784,0.0,0.0
2024-03-14 14:30:00-04:00,51.535301208496094,51.54499816894531,51.23500061035156,51.2599983215332,118776,0.0,0.0
2024-03-14 15:30:00-04:00,51.255001068115234,51.41999816894531,51.15999984741211,51.400001525878906,239824,0.0,0.0
2024-03-15 09:30:00-04:00,51.189998626708984,51.79499816894531,51.189998626708984,51.59000015258789,275668,0.0,0.0
2024-03-15 10:30:00-04:00,51.560001373291016,51.790000915527344,51.5,51.77000045776367,67111,0.0,0.0
2024-03-15 11:30:00-04:00,51.75,51.75,51.47999954223633,51.48500061035156,49349,0.0,0.0
2024-03-15 12:30:00-04:00,51.4900016784668,51.54499816894531,51.33769989013672,51.54499816894531,72642,0.0,0.0
2024-03-15 13:30:00-04:00,51.540000915527344,51.75,51.529998779296875,51.66999816894531,76500,0.0,0.0
2024-03-15 14:30:00-04:00,51.689998626708984,51.689998626708984,51.58000183105469,51.599998474121094,81598,0.0,0.0
2024-03-15 15:30:00-04:00,51.619998931884766,51.72999954223633,51.47999954223633,51.5099983215332,184989,0.0,0.0
2024-03-18 09:30:00-04:00,51.349998474121094,51.71500015258789,51.119998931884766,51.56999969482422,87246,0.0,0.0
2024-03-18 10:30:00-04:00,51.58000183105469,51.59000015258789,51.369998931884766,51.439998626708984,71733,0.0,0.0
2024-03-18 11:30:00-04:00,51.439998626708984,51.470001220703125,51.29999923706055,51.43000030517578,57875,0.0,0.0
2024-03-18 12:30:00-04:00,51.43000030517578,51.560001373291016,51.349998474121094,51.494998931884766,54905,0.0,0.0
2024-03-18 13:30:00-04:00,51.494998931884766,51.540000915527344,51.27000045776367,51.36000061035156,83430,0.0,0.0
2024-03-18 14:30:00-04:00,51.349998474121094,51.439998626708984,51.310001373291016,51.33000183105469,114865,0.0,0.0
2024-03-18 15:30:00-04:00,51.349998474121094,51.400001525878906,51.16999816894531,51.220001220703125,179497,0.0,0.0
2024-03-19 09:30:00-04:00,51.2599983215332,51.70000076293945,51.2599983215332,51.4900016784668,91286,0.0,0.0
2024-03-19 10:30:00-04:00,51.5,51.5099983215332,51.34000015258789,51.36000061035156,81023,0.0,0.0
2024-03-19 11:30:00-04:00,51.369998931884766,51.4900016784668,51.35499954223633,51.45320129394531,64767,0.0,0.0
2024-03-19 12:30:00-04:00,51.459999084472656,51.599998474121094,51.42499923706055,51.599998474121094,92373,0.0,0.0
2024-03-19 13:30:00-04:00,51.61000061035156,51.709999084472656,51.595001220703125,51.70000076293945,84403,0.0,0.0
2024-03-19 14:30:00-04:00,51.70000076293945,51.70000076293945,51.505001068115234,51.58000183105469,126958,0.0,0.0
2024-03-19 15:30:00-04:00,51.57500076293945,51.75,51.55500030517578,51.66999816894531,295583,0.0,0.0
2024-03-20 09:30:00-04:00,51.720001220703125,51.97999954223633,51.60499954223633,51.900001525878906,59814,0.0,0.0
2024-03-20 10:30:00-04:00,51.900001525878906,51.90999984741211,51.75,51.86000061035156,37497,0.0,0.0
2024-03-20 11:30:00-04:00,51.900001525878906,51.970001220703125,51.83000183105469,51.904998779296875,48128,0.0,0.0
2024-03-20 12:30:00-04:00,51.904998779296875,52.08000183105469,51.904998779296875,51.959999084472656,47747,0.0,0.0
2024-03-20 13:30:00-04:00,51.95000076293945,52.220001220703125,51.88999938964844,52.04999923706055,64424,0.0,0.0
2024-03-20 14:30:00-04:00,52.09000015258789,52.290000915527344,51.900001525878906,52.25,108692,0.0,0.0
2024-03-20 15:30:00-04:00,52.25,52.31999969482422,52.1349983215332,52.29999923706055,171527,0.0,0.0
2024-03-21 09:30:00-04:00,52.31999969482422,52.82979965209961,52.18000030517578,52.775001525878906,84156,0.0,0.0
2024-03-21 10:30:00-04:00,52.7400016784668,53.04999923706055,52.720001220703125,52.84000015258789,106720,0.0,0.0
2024-03-21 11:30:00-04:00,52.849998474121094,53.029998779296875,52.84000015258789,52.970001220703125,62736,0.0,0.0
2024-03-21 12:30:00-04:00,52.959999084472656,53.03950119018555,52.90999984741211,52.9900016784668,49437,0.0,0.0
2024-03-21 13:30:00-04:00,52.9900016784668,53.06999969482422,52.939998626708984,53.04999923706055,56789,0.0,0.0
2024-03-21 14:30:00-04:00,53.04999923706055,53.04999923706055,52.880001068115234,52.959999084472656,68362,0.0,0.0
2024-03-21 15:30:00-04:00,52.970001220703125,52.9900016784668,52.81999969482422,52.939998626708984,141368,0.0,0.0
2024-03-22 09:30:00-04:00,53.06999969482422,53.18000030517578,52.8849983215332,52.93450164794922,72306,0.0,0.0
2024-03-22 10:30:00-04:00,52.935001373291016,52.9900016784668,52.86000061035156,52.88999938964844,55651,0.0,0.0
2024-03-22 11:30:00-04:00,52.900001525878906,52.97999954223633,52.75,52.8650016784668,59740,0.0,0.0
2024-03-22 12:30:00-04:00,52.86000061035156,52.869998931884766,52.6349983215332,52.755001068115234,66339,0.0,0.0
2024-03-22 13:30:00-04:00,52.72999954223633,52.810001373291016,52.720699310302734,52.810001373291016,43846,0.0,0.0
2024-03-22 14:30:00-04:00,52.81999969482422,52.81999969482422,52.75,52.810001373291016,94897,0.0,0.0
2024-03-22 15:30:00-04:00,52.81999969482422,52.847999572753906,52.7599983215332,52.790000915527344,147953,0.0,0.0
2024-03-25 09:30:00-04:00,52.959999084472656,53.005001068115234,52.53499984741211,52.540000915527344,108200,0.0,0.0
2024-03-25 10:30:00-04:00,52.529998779296875,52.619998931884766,52.45500183105469,52.56999969482422,59993,0.0,0.0
2024-03-25 11:30:00-04:00,52.56999969482422,52.61000061035156,52.400001525878906,52.40999984741211,47639,0.0,0.0
2024-03-25 12:30:00-04:00,52.41999816894531,52.439998626708984,52.345001220703125,52.38999938964844,40436,0.0,0.0
2024-03-25 13:30:00-04:00,52.380001068115234,52.4900016784668,52.34000015258789,52.4900016784668,53996,0.0,0.0
2024-03-25 14:30:00-04:00,52.470001220703125,52.52000045776367,52.29999923706055,52.33000183105469,83946,0.0,0.0
2024-03-25 15:30:00-04:00,52.34000015258789,52.40999984741211,52.20500183105469,52.22999954223633,164021,0.0,0.0
2024-03-26 09:30:00-04:00,52.310001373291016,52.40999984741211,52.16999816894531,52.2599983215332,59427,0.0,0.0
2024-03-26 10:30:00-04:00,52.2599983215332,52.290000915527344,52.119998931884766,52.130001068115234,49385,0.0,0.0
2024-03-26 11:30:00-04:00,52.119998931884766,52.2599983215332,52.06999969482422,52.19499969482422,66145,0.0,0.0
2024-03-26 12:30:00-04:00,52.19499969482422,52.31999969482422,52.17499923706055,52.31999969482422,53731,0.0,0.0
2024-03-26 13:30:00-04:00,52.33539962768555,52.39500045776367,52.290000915527344,52.36980056762695,37601,0.0,0.0
2024-03-26 14:30:00-04:00,52.3650016784668,52.439998626708984,52.290000915527344,52.34000015258789,54483,0.0,0.0
2024-03-26 15:30:00-04:00,52.34239959716797,52.3849983215332,52.099998474121094,52.130001068115234,201196,0.0,0.0
2024-03-27 09:30:00-04:00,52.38999938964844,52.86000061035156,52.09000015258789,52.75,99721,0.0,0.0
2024-03-27 10:30:00-04:00,52.75,52.869998931884766,52.689998626708984,52.81999969482422,101290,0.0,0.0
2024-03-27 11:30:00-04:00,52.810001373291016,52.849998474121094,52.730201721191406,52.790000915527344,53804,0.0,0.0
2024-03-27 12:30:00-04:00,52.79999923706055,52.974998474121094,52.79999923706055,52.91999816894531,57580,0.0,0.0
2024-03-27 13:30:00-04:00,52.90999984741211,53.064998626708984,52.8849983215332,53.040000915527344,92295,0.0,0.0
2024-03-27 14:30:00-04:00,53.029998779296875,53.20500183105469,52.96989822387695,53.18000030517578,90660,0.0,0.0
2024-03-27 15:30:00-04:00,53.189998626708984,53.33000183105469,53.09000015258789,53.15999984741211,305174,0.0,0.0
2024-03-28 09:30:00-04:00,53.40999984741211,53.5,53.21500015258789,53.290000915527344,58532,0.0,0.0
2024-03-28 10:30:00-04:00,53.290000915527344,53.66999816894531,53.290000915527344,53.540000915527344,64299,0.0,0.0
2024-03-28 11:30:00-04:00,53.5,53.630001068115234,53.459999084472656,53.529998779296875,72341,0.0,0.0
2024-03-28 12:30:00-04:00,53.559898376464844,53.559898376464844,53.29999923706055,53.34000015258789,50247,0.0,0.0
2024-03-28 13:30:00-04:00,53.33000183105469,53.38999938964844,53.2400016784668,53.27000045776367,53915,0.0,0.0
2024-03-28 14:30:00-04:00,53.23500061035156,53.34000015258789,53.130001068115234,53.33000183105469,86121,0.0,0.0
2024-03-28 15:30:00-04:00,53.334999084472656,53.5099983215332,53.2599983215332,53.400001525878906,213944,0.0,0.0
2024-04-01 09:30:00-04:00,53.36000061035156,53.459999084472656,52.84000015258789,53.27000045776367,67457,0.0,0.0
2024-04-01 10:30:00-04:00,53.27000045776367,53.380001068115234,53.2599983215332,53.36989974975586,65261,0.0,0.0
2024-04-01 11:30:00-04:00,53.369998931884766,53.369998931884766,53.145599365234375,53.22999954223633,50192,0.0,0.0
2024-04-01 12:30:00-04:00,53.2400016784668,53.2599983215332,53.150001525878906,53.2599983215332,43888,0.0,0.0
2024-04-01 13:30:00-04:00,53.25,53.279998779296875,53.13999938964844,53.18000030517578,52706,0.0,0.0
2024-04-01 14:30:00-04:00,53.14500045776367,53.25,53.11589813232422,53.209999084472656,49493,0.0,0.0
2024-04-01 15:30:00-04:00,53.209999084472656,53.279998779296875,53.15999984741211,53.18000030517578,161333,0.0,0.0
2024-04-02 09:30:00-04:00,53.119998931884766,53.130001068115234,52.5,52.54999923706055,108040,0.0,0.0
2024-04-02 10:30:00-04:00,52.54999923706055,52.68000030517578,52.5,52.560001373291016,70975,0.0,0.0
2024-04-02 11:30:00-04:00,52.54999923706055,52.630001068115234,52.41999816894531,52.540000915527344,62728,0.0,0.0
2024-04-02 12:30:00-04:00,52.52000045776367,52.61000061035156,52.470001220703125,52.59000015258789,40618,0.0,0.0
2024-04-02 13:30:00-04:00,52.58000183105469,52.67499923706055,52.5,52.66999816894531,56635,0.0,0.0
2024-04-02 14:30:00-04:00,52.66999816894531,52.77000045776367,52.63999938964844,52.720001220703125,71547,0.0,0.0
2024-04-02 15:30:00-04:00,52.724998474121094,52.772499084472656,52.63999938964844,52.77000045776367,173455,0.0,0.0
2024-04-03 09:30:00-04:00,52.540000915527344,52.84000015258789,52.459999084472656,52.470001220703125,115550,0.0,0.0
2024-04-03 10:30:00-04:00,52.4900016784668,52.630001068115234,52.41999816894531,52.540000915527344,54478,0.0,0.0
2024-04-03 11:30:00-04:00,52.53900146484375,52.58000183105469,52.380001068115234,52.41999816894531,50883,0.0,0.0
2024-04-03 12:30:00-04:00,52.400001525878906,52.400001525878906,52.2400016784668,52.27000045776367,66509,0.0,0.0
2024-04-03 13:30:00-04:00,52.255001068115234,52.31999969482422,52.165000915527344,52.27000045776367,84588,0.0,0.0
2024-04-03 14:30:00-04:00,52.255001068115234,52.38999938964844,52.05009841918945,52.150001525878906,82409,0.0,0.0
2024-04-03 15:30:00-04:00,52.15010070800781,52.29999923706055,52.119998931884766,52.16999816894531,177254,0.0,0.0
2024-04-04 09:30:00-04:00,52.439998626708984,52.61000061035156,52.21500015258789,52.60499954223633,61929,0.0,0.0
2024-04-04 10:30:00-04:00,52.590999603271484,52.68000030517578,52.220001220703125,52.22999954223633,53459,0.0,0.0
2024-04-04 11:30:00-04:00,52.20000076293945,52.2599983215332,52.06039810180664,52.099998474121094,56763,0.0,0.0
2024-04-04 12:30:00-04:00,52.099998474121094,52.25,52.06660079956055,52.20000076293945,53755,0.0,0.0
2024-04-04 13:30:00-04:00,52.20000076293945,52.20000076293945,51.630001068115234,51.6349983215332,65916,0.0,0.0
2024-04-04 14:30:00-04:00,51.619998931884766,51.619998931884766,51.29999923706055,51.29999923706055,81658,0.0,0.0
2024-04-04 15:30:00-04:00,51.29999923706055,51.33000183105469,51.09199905395508,51.130001068115234,193272,0.0,0.0
2024-04-05 09:30:00-04:00,51.15999984741211,51.470001220703125,50.88999938964844,51.150001525878906,175020,0.0,0.0
2024-04-05 10:30:00-04:00,51.15999984741211,51.43000030517578,51.15999984741211,51.43000030517578,63786,0.0,0.0
2024-04-05 11:30:00-04:00,51.43000030517578,51.5,51.33000183105469,51.41999816894531,59634,0.0,0.0
2024-04-05 12:30:00-04:00,51.40999984741211,51.459999084472656,51.33000183105469,51.38999938964844,94181,0.0,0.0
2024-04-05 13:30:00-04:00,51.38999938964844,51.38999938964844,51.119998931884766,51.18000030517578,67814,0.0,0.0
2024-04-05 14:30:00-04:00,51.189998626708984,51.404998779296875,51.189998626708984,51.369998931884766,79339,0.0,0.0
2024-04-05 15:30:00-04:00,51.3650016784668,51.52000045776367,51.27000045776367,51.470001220703125,172684,0.0,0.0
2024-04-08 09:30:00-04:00,51.52000045776367,52.060001373291016,51.33000183105469,51.84000015258789,137514,0.0,0.0
2024-04-08 10:30:00-04:00,51.86000061035156,51.9900016784668,51.82500076293945,51.97999954223633,143154,0.0,0.0
2024-04-08 11:30:00-04:00,51.959999084472656,51.97999954223633,51.7599983215332,51.849998474121094,112120,0.0,0.0
2024-04-08 12:30:00-04:00,51.849998474121094,52.0,51.82500076293945,51.97999954223633,86939,0.0,0.0
2024-04-08 13:30:00-04:00,51.98500061035156,52.03499984741211,51.744998931884766,51.77000045776367,79627,0.0,0.0
2024-04-08 14:30:00-04:00,51.76499938964844,51.79999923706055,51.71500015258789,51.7400016784668,79325,0.0,0.0
2024-04-08 15:30:00-04:00,51.744998931884766,51.790000915527344,51.40999984741211,51.5,230966,0.0,0.0
2024-04-09 09:30:00-04:00,51.650001525878906,51.959999084472656,51.400001525878906,51.63999938964844,128055,0.0,0.0
2024-04-09 10:30:00-04:00,51.619998931884766,51.71200180053711,51.275001525878906,51.71200180053711,90850,0.0,0.0
2024-04-09 11:30:00-04:00,51.70500183105469,51.849998474121094,51.650001525878906,51.790000915527344,93345,0.0,0.0
2024-04-09 12:30:00-04:00,51.790000915527344,51.880001068115234,51.69499969482422,51.86000061035156,66879,0.0,0.0
2024-04-09 13:30:00-04:00,51.86000061035156,51.869998931884766,51.65999984741211,51.65999984741211,88206,0.0,0.0
2024-04-09 14:30:00-04:00,51.65999984741211,51.81999969482422,51.529998779296875,51.81999969482422,86696,0.0,0.0
2024-04-09 15:30:00-04:00,51.81999969482422,51.880001068115234,51.689998626708984,51.880001068115234,169039,0.0,0.0
2024-04-10 09:30:00-04:00,51.22999954223633,51.22999954223633,50.67570114135742,50.970001220703125,92994,0.0,0.0
2024-04-10 10:30:00-04:00,50.970001220703125,51.09000015258789,50.744998931884766,50.79999923706055,60338,0.0,0.0
2024-04-10 11:30:00-04:00,50.790000915527344,50.790000915527344,50.540000915527344,50.599998474121094,81485,0.0,0.0
2024-04-10 12:30:00-04:00,50.61000061035156,50.72999954223633,50.4900016784668,50.689998626708984,93887,0.0,0.0
2024-04-10 13:30:00-04:00,50.619998931884766,50.630001068115234,50.33000183105469,50.38999938964844,72684,0.0,0.0
2024-04-10 14:30:00-04:00,50.36000061035156,51.86000061035156,50.310001373291016,50.529998779296875,82424,0.0,0.0
2024-04-10 15:30:00-04:00,50.529998779296875,50.689998626708984,50.439998626708984,50.5099983215332,182372,0.0,0.0
2024-04-11 09:30:00-04:00,50.34000015258789,50.499000549316406,49.97999954223633,50.0099983215332,143294,0.0,0.0
2024-04-11 10:30:00-04:00,50.0099983215332,50.06999969482422,49.880001068115234,49.95000076293945,65086,0.0,0.0
2024-04-11 11:30:00-04:00,49.939998626708984,50.09000015258789,49.939998626708984,50.0,61382,0.0,0.0
2024-04-11 12:30:00-04:00,50.0,50.150001525878906,49.90999984741211,50.08000183105469,59599,0.0,0.0
2024-04-11 13:30:00-04:00,50.08000183105469,50.150001525878906,50.0099983215332,50.119998931884766,66275,0.0,0.0
2024-04-11 14:30:00-04:00,50.139801025390625,50.29499816894531,50.04999923706055,50.05099868774414,112710,0.0,0.0
2024-04-11 15:30:00-04:00,50.04999923706055,50.130001068115234,49.970001220703125,49.97999954223633,286360,0.0,0.0
2024-04-12 09:30:00-04:00,49.5099983215332,49.93000030517578,49.38999938964844,49.543701171875,141587,0.0,0.0
2024-04-12 10:30:00-04:00,49.54999923706055,49.654998779296875,49.494998931884766,49.59000015258789,73267,0.0,0.0
2024-04-12 11:30:00-04:00,49.619998931884766,49.619998931884766,49.494998931884766,49.540000915527344,59058,0.0,0.0
2024-04-12 12:30:00-04:00,49.54499816894531,49.54499816894531,49.349998474121094,49.400001525878906,78276,0.0,0.0
2024-04-12 13:30:00-04:00,49.38999938964844,49.60499954223633,49.38999938964844,49.505001068115234,93308,0.0,0.0
2024-04-12 14:30:00-04:00,49.4900016784668,49.52000045776367,49.349998474121094,49.37099838256836,111341,0.0,0.0
2024-04-12 15:30:00-04:00,49.369998931884766,49.45000076293945,49.2400016784668,49.25,335065,0.0,0.0
2024-04-15 09:30:00-04:00,49.97999954223633,50.099998474121094,49.439998626708984,49.4900016784668,91829,0.0,0.0
2024-04-15 10:30:00-04:00,49.439998626708984,49.59000015258789,49.38999938964844,49.59000015258789,76877,0.0,0.0
2024-04-15 11:30:00-04:00,49.65250015258789,49.71500015258789,49.36000061035156,49.41999816894531,101192,0.0,0.0
2024-04-15 12:30:00-04:00,49.404998779296875,49.415000915527344,49.13999938964844,49.16999816894531,99479,0.0,0.0
2024-04-15 13:30:00-04:00,49.150001525878906,49.2599983215332,49.060001373291016,49.119998931884766,86197,0.0,0.0
2024-04-15 14:30:00-04:00,49.099998474121094,49.31999969482422,48.9900016784668,49.06999969482422,166614,0.0,0.0
2024-04-15 15:30:00-04:00,49.08000183105469,49.15810012817383,49.0099983215332,49.02000045776367,196395,0.0,0.0
2024-04-16 09:30:00-04:00,48.7599983215332,48.900001525878906,48.525001525878906,48.67499923706055,132713,0.0,0.0
2024-04-16 10:30:00-04:00,48.689998626708984,48.689998626708984,48.5,48.654998779296875,222691,0.0,0.0
2024-04-16 11:30:00-04:00,48.65999984741211,48.77000045776367,48.56999969482422,48.720001220703125,168418,0.0,0.0
2024-04-16 12:30:00-04:00,48.744998931884766,48.834999084472656,48.65999984741211,48.724998474121094,125813,0.0,0.0
2024-04-16 13:30:00-04:00,48.7400016784668,48.880001068115234,48.4900016784668,48.59000015258789,122628,0.0,0.0
2024-04-16 14:30:00-04:00,48.595001220703125,48.7400016784668,48.58000183105469,48.73500061035156,112883,0.0,0.0
2024-04-16 15:30:00-04:00,48.72999954223633,48.72999954223633,48.41999816894531,48.41999816894531,287596,0.0,0.0
2024-04-17 09:30:00-04:00,48.959999084472656,48.994998931884766,48.56999969482422,48.66999816894531,95505,0.0,0.0
2024-04-17 10:30:00-04:00,48.650001525878906,48.650001525878906,48.16999816894531,48.2400016784668,96379,0.0,0.0
2024-04-17 11:30:00-04:00,48.22999954223633,48.25,48.0099983215332,48.16999816894531,87152,0.0,0.0
2024-04-17 12:30:00-04:00,48.14500045776367,48.27980041503906,48.08000183105469,48.2598991394043,63830,0.0,0.0
2024-04-17 13:30:00-04:00,48.2599983215332,48.31999969482422,48.04999923706055,48.04999923706055,95184,0.0,0.0
2024-04-17 14:30:00-04:00,48.060001373291016,48.25,47.88999938964844,47.9900016784668,146919,0.0,0.0
2024-04-17 15:30:00-04:00,48.0,48.06999969482422,47.849998474121094,47.91999816894531,230043,0.0,0.0
2024-04-18 09:30:00-04:00,48.380001068115234,48.939998626708984,48.209999084472656,48.779998779296875,228709,0.0,0.0
2024-04-18 10:30:00-04:00,48.7400016784668,48.81999969482422,48.529998779296875,48.720001220703125,178166,0.0,0.0
2024-04-18 11:30:00-04:00,48.70000076293945,48.75,48.54999923706055,48.7400016784668,104511,0.0,0.0
2024-04-18 12:30:00-04:00,48.77000045776367,48.77000045776367,48.4900016784668,48.689998626708984,151891,0.0,0.0
2024-04-18 13:30:00-04:00,48.68000030517578,48.70000076293945,48.494998931884766,48.63999938964844,192272,0.0,0.0
2024-04-18 14:30:00-04:00,48.619998931884766,48.7400016784668,48.540000915527344,48.637001037597656,186727,0.0,0.0
2024-04-18 15:30:00-04:00,48.654998779296875,48.720401763916016,48.52000045776367,48.56999969482422,285600,0.0,0.0
2024-04-19 09:30:00-04:00,48.75,49.06999969482422,48.630001068115234,48.779998779296875,212832,0.0,0.0
2024-04-19 10:30:00-04:00,48.7599983215332,48.970001220703125,48.650001525878906,48.95000076293945,136972,0.0,0.0
2024-04-19 11:30:00-04:00,48.95000076293945,49.2400016784668,48.94499969482422,49.08000183105469,188777,0.0,0.0
2024-04-19 12:30:00-04:00,49.06999969482422,49.220001220703125,48.95000076293945,49.15999984741211,152989,0.0,0.0
2024-04-19 13:30:00-04:00,49.15999984741211,49.290000915527344,49.099998474121094,49.130001068115234,129294,0.0,0.0
2024-04-19 14:30:00-04:00,49.13999938964844,49.15999984741211,48.90999984741211,49.099998474121094,104481,0.0,0.0
2024-04-19 15:30:00-04:00,49.11000061035156,49.220001220703125,48.970001220703125,49.119998931884766,277551,0.0,0.0
2024-04-22 09:30:00-04:00,49.22999954223633,49.5,49.09000015258789,49.29999923706055,297047,0.0,0.0
2024-04-22 10:30:00-04:00,49.290000915527344,49.290000915527344,48.95000076293945,49.029998779296875,146164,0.0,0.0
2024-04-22 11:30:00-04:00,49.040000915527344,49.099998474121094,48.90999984741211,49.025001525878906,92014,0.0,0.0
2024-04-22 12:30:00-04:00,49.025001525878906,49.224998474121094,49.0099983215332,49.18000030517578,93517,0.0,0.0
2024-04-22 13:30:00-04:00,49.18000030517578,49.310001373291016,49.08000183105469,49.20000076293945,120740,0.0,0.0
2024-04-22 14:30:00-04:00,49.20500183105469,49.29499816894531,49.08000183105469,49.11000061035156,253464,0.0,0.0
2024-04-22 15:30:00-04:00,49.11000061035156,49.16999816894531,48.84000015258789,48.90999984741211,490685,0.0,0.0
2024-04-23 09:30:00-04:00,46.15999984741211,46.755001068115234,41.87009811401367,42.189998626708984,1996505,0.0,0.0
2024-04-23 10:30:00-04:00,42.185001373291016,42.849998474121094,42.125,42.45000076293945,1228197,0.0,0.0
2024-04-23 11:30:00-04:00,42.439998626708984,42.470001220703125,41.56999969482422,41.95000076293945,948338,0.0,0.0
2024-04-23 12:30:00-04:00,41.95000076293945,42.540000915527344,41.869998931884766,42.5,760988,0.0,0.0
2024-04-23 13:30:00-04:00,42.5,42.970001220703125,42.365299224853516,42.900001525878906,905191,0.0,0.0
2024-04-23 14:30:00-04:00,42.900001525878906,43.130001068115234,41.650001525878906,41.65999984741211,1563022,0.0,0.0
2024-04-23 15:30:00-04:00,41.654998779296875,41.87900161743164,41.459999084472656,41.77000045776367,1663568,0.0,0.0
2024-04-24 09:30:00-04:00,41.5099983215332,42.96989822387695,41.29999923706055,42.869998931884766,877865,0.0,0.0
2024-04-24 10:30:00-04:00,42.85499954223633,42.9900016784668,42.5,42.63999938964844,611624,0.0,0.0
2024-04-24 11:30:00-04:00,42.65999984741211,42.959999084472656,42.39059829711914,42.93000030517578,576477,0.0,0.0
2024-04-24 12:30:00-04:00,42.91999816894531,42.97999954223633,42.5,42.5099983215332,445580,0.0,0.0
2024-04-24 13:30:00-04:00,42.505001068115234,43.0,42.459999084472656,42.85499954223633,613250,0.0,0.0
2024-04-24 14:30:00-04:00,42.85499954223633,43.040000915527344,42.7599983215332,43.040000915527344,919721,0.0,0.0
2024-04-24 15:30:00-04:00,43.029998779296875,43.31999969482422,42.79999923706055,43.31999969482422,1288730,0.0,0.0
2024-04-25 09:30:00-04:00,43.34000015258789,43.79999923706055,42.70000076293945,43.08000183105469,308568,0.0,0.0
2024-04-25 10:30:00-04:00,43.099998474121094,43.244998931884766,42.77000045776367,42.970001220703125,300186,0.0,0.0
2024-04-25 11:30:00-04:00,42.95500183105469,43.02000045776367,42.80500030517578,42.84000015258789,206932,0.0,0.0
2024-04-25 12:30:00-04:00,42.83000183105469,43.04999923706055,42.75,42.869998931884766,202061,0.0,0.0
2024-04-25 13:30:00-04:00,42.86000061035156,43.084999084472656,42.81999969482422,42.81999969482422,197169,0.0,0.0
2024-04-25 14:30:00-04:00,42.810001373291016,43.040000915527344,42.7599983215332,42.96500015258789,262692,0.0,0.0
2024-04-25 15:30:00-04:00,42.970001220703125,43.029998779296875,42.880001068115234,42.95000076293945,471138,0.0,0.0
2024-04-26 09:30:00-04:00,42.81999969482422,44.029998779296875,42.81999969482422,43.65999984741211,325008,0.0,0.0
2024-04-26 10:30:00-04:00,43.650001525878906,43.72999954223633,43.25,43.33000183105469,308268,0.0,0.0
2024-04-26 11:30:00-04:00,43.349998474121094,43.790000915527344,43.310001373291016,43.66999816894531,194324,0.0,0.0
2024-04-26 12:30:00-04:00,43.67499923706055,44.0099983215332,43.67499923706055,43.81999969482422,293051,0.0,0.0
2024-04-26 13:30:00-04:00,43.810001373291016,43.94499969482422,43.775001525878906,43.81010055541992,202117,0.0,0.0
2024-04-26 14:30:00-04:00,43.810001373291016,43.89899826049805,43.71200180053711,43.8849983215332,246215,0.0,0.0
2024-04-26 15:30:00-04:00,43.880001068115234,43.8849983215332,43.562801361083984,43.650001525878906,454141,0.0,0.0
2024-04-29 09:30:00-04:00,43.95000076293945,44.16999816894531,43.48500061035156,43.875,145890,0.0,0.0
2024-04-29 10:30:00-04:00,43.88999938964844,44.099998474121094,43.790000915527344,44.099998474121094,173205,0.0,0.0
2024-04-29 11:30:00-04:00,44.099998474121094,44.16999816894531,43.77000045776367,43.86000061035156,137942,0.0,0.0
2024-04-29 12:30:00-04:00,43.85499954223633,43.97999954223633,43.7599983215332,43.90999984741211,127089,0.0,0.0
2024-04-29 13:30:00-04:00,43.90999984741211,44.03499984741211,43.849998474121094,44.0,113965,0.0,0.0
2024-04-29 14:30:00-04:00,44.0,44.0,43.75,43.83980178833008,140638,0.0,0.0
2024-04-29 15:30:00-04:00,43.83000183105469,43.84000015258789,43.68000030517578,43.77000045776367,354225,0.0,0.0
2024-04-30 09:30:00-04:00,43.5,43.82500076293945,43.299800872802734,43.7599983215332,226766,0.0,0.0
2024-04-30 10:30:00-04:00,43.7400016784668,43.88999938964844,43.689998626708984,43.7400016784668,182125,0.0,0.0
2024-04-30 11:30:00-04:00,43.7400016784668,43.81999969482422,43.709999084472656,43.74869918823242,162966,0.0,0.0
2024-04-30 12:30:00-04:00,43.7400016784668,43.7599983215332,43.530399322509766,43.63999938964844,358218,0.0,0.0
2024-04-30 13:30:00-04:00,43.63999938964844,43.67499923706055,43.349998474121094,43.380001068115234,295841,0.0,0.0
2024-04-30 14:30:00-04:00,43.380001068115234,43.470001220703125,43.060001373291016,43.15999984741211,208201,0.0,0.0
2024-04-30 15:30:00-04:00,43.13999938964844,43.22999954223633,43.04499816894531,43.16999816894531,449554,0.0,0.0
2024-05-01 09:30:00-04:00,42.88999938964844,44.060001373291016,42.8400993347168,43.25149917602539,349123,0.0,0.0
2024-05-01 10:30:00-04:00,43.279998779296875,43.279998779296875,42.93000030517578,43.125,171632,0.0,0.0
2024-05-01 11:30:00-04:00,43.130001068115234,43.31999969482422,43.064998626708984,43.314998626708984,135468,0.0,0.0
2024-05-01 12:30:00-04:00,43.310001373291016,43.529998779296875,43.2599983215332,43.290000915527344,166969,0.0,0.0
2024-05-01 13:30:00-04:00,43.279998779296875,43.54999923706055,43.27690124511719,43.540000915527344,241634,0.0,0.0
2024-05-01 14:30:00-04:00,43.53499984741211,43.86000061035156,43.369998931884766,43.775001525878906,332898,0.0,0.0
2024-05-01 15:30:00-04:00,43.77000045776367,43.79499816894531,43.119998931884766,43.130001068115234,520451,0.0,0.0
2024-05-02 09:30:00-04:00,43.41999816894531,43.650001525878906,43.31999969482422,43.349998474121094,260953,0.0,0.0
2024-05-02 10:30:00-04:00,43.349998474121094,43.56999969482422,43.27000045776367,43.439998626708984,239145,0.0,0.0
2024-05-02 11:30:00-04:00,43.43000030517578,43.54999923706055,43.33100128173828,43.41999816894531,195420,0.0,0.0
2024-05-02 12:30:00-04:00,43.41999816894531,43.619998931884766,43.400001525878906,43.5099983215332,257127,0.0,0.0
2024-05-02 13:30:00-04:00,43.52000045776367,43.564998626708984,43.400001525878906,43.56100082397461,187847,0.0,0.0
2024-05-02 14:30:00-04:00,43.564998626708984,43.599998474121094,43.43000030517578,43.459999084472656,225662,0.0,0.0
2024-05-02 15:30:00-04:00,43.439998626708984,43.46009826660156,43.31100082397461,43.349998474121094,409913,0.0,0.0
2024-05-03 09:30:00-04:00,43.470001220703125,44.060001373291016,43.470001220703125,43.61000061035156,246012,0.0,0.0
2024-05-03 10:30:00-04:00,43.6349983215332,43.7599983215332,43.470001220703125,43.599998474121094,193547,0.0,0.0
2024-05-03 11:30:00-04:00,43.59000015258789,43.689998626708984,43.4900016784668,43.599998474121094,103609,0.0,0.0
2024-05-03 12:30:00-04:00,43.61000061035156,43.75,43.54999923706055,43.68000030517578,160084,0.0,0.0
2024-05-03 13:30:00-04:00,43.68000030517578,43.94499969482422,43.68000030517578,43.790000915527344,162392,0.0,0.0
2024-05-03 14:30:00-04:00,43.779998779296875,43.86000061035156,43.470001220703125,43.55500030517578,1002333,0.0,0.0
2024-05-03 15:30:00-04:00,43.54999923706055,43.89500045776367,43.540000915527344,43.86000061035156,229593,0.0,0.0
2024-05-06 09:30:00-04:00,44.15999984741211,44.439998626708984,43.869998931884766,44.380001068115234,148628,0.0,0.0
2024-05-06 10:30:00-04:00,44.41999816894531,44.5,43.849998474121094,44.32500076293945,183081,0.0,0.0
2024-05-06 11:30:00-04:00,44.310001373291016,44.39500045776367,44.28499984741211,44.33000183105469,105024,0.0,0.0
2024-05-06 12:30:00-04:00,44.34000015258789,44.415000915527344,44.279998779296875,44.400001525878906,85838,0.0,0.0
2024-05-06 13:30:00-04:00,44.38999938964844,44.57500076293945,44.369998931884766,44.4900016784668,154461,0.0,0.0
2024-05-06 14:30:00-04:00,44.4900016784668,44.56679916381836,44.349998474121094,44.36000061035156,172313,0.0,0.0
2024-05-06 15:30:00-04:00,44.369998931884766,44.7599983215332,44.36000061035156,44.7400016784668,376239,0.0,0.0
2024-05-07 09:30:00-04:00,44.709999084472656,44.90169906616211,44.66080093383789,44.8129997253418,175865,0.0,0.0
2024-05-07 10:30:00-04:00,44.83000183105469,44.880001068115234,44.459999084472656,44.470001220703125,139329,0.0,0.0
2024-05-07 11:30:00-04:00,44.474998474121094,44.529998779296875,44.34000015258789,44.5099983215332,129767,0.0,0.0
2024-05-07 12:30:00-04:00,44.5099983215332,44.56999969482422,44.36000061035156,44.40999984741211,155489,0.0,0.0
2024-05-07 13:30:00-04:00,44.411800384521484,44.439998626708984,44.244998931884766,44.349998474121094,108983,0.0,0.0
2024-05-07 14:30:00-04:00,44.349998474121094,44.5099983215332,44.310001373291016,44.4900016784668,214056,0.0,0.0
2024-05-07 15:30:00-04:00,44.47999954223633,44.5,44.380001068115234,44.45000076293945,344684,0.0,0.0
2024-05-08 09:30:00-04:00,44.09000015258789,44.20000076293945,43.95000076293945,44.11000061035156,104382,0.0,0.0
2024-05-08 10:30:00-04:00,44.10499954223633,44.20000076293945,44.0,44.18000030517578,106573,0.0,0.0
2024-05-08 11:30:00-04:00,44.18980026245117,44.189998626708984,44.029998779296875,44.03990173339844,154592,0.0,0.0
2024-05-08 12:30:00-04:00,44.02939987182617,44.189998626708984,44.0099983215332,44.060001373291016,114095,0.0,0.0
2024-05-08 13:30:00-04:00,44.04999923706055,44.13999938964844,43.970001220703125,44.01750183105469,113711,0.0,0.0
2024-05-08 14:30:00-04:00,44.0099983215332,44.119998931884766,43.880001068115234,44.09000015258789,141107,0.0,0.0
2024-05-08 15:30:00-04:00,44.084999084472656,44.12900161743164,43.95000076293945,43.959999084472656,235091,0.0,0.0
2024-05-09 09:30:00-04:00,44.06999969482422,44.244998931884766,43.72999954223633,44.130001068115234,126776,0.0,0.0
2024-05-09 10:30:00-04:00,44.130001068115234,44.2400016784668,44.060001373291016,44.10499954223633,115296,0.0,0.0
2024-05-09 11:30:00-04:00,44.11000061035156,44.150001525878906,43.93600082397461,44.06999969482422,178338,0.0,0.0
2024-05-09 12:30:00-04:00,44.060001373291016,44.060001373291016,43.810001373291016,43.83000183105469,141287,0.0,0.0
2024-05-09 13:30:00-04:00,43.81999969482422,44.02000045776367,43.790000915527344,43.970001220703125,250873,0.0,0.0
2024-05-09 14:30:00-04:00,43.97999954223633,44.17900085449219,43.974998474121094,44.165000915527344,143433,0.0,0.0
2024-05-09 15:30:00-04:00,44.165000915527344,44.33000183105469,44.09000015258789,44.33000183105469,266998,0.0,0.0
2024-05-10 09:30:00-04:00,44.34000015258789,44.45000076293945,44.099998474121094,44.17499923706055,73651,0.0,0.0
2024-05-10 10:30:00-04:00,44.18000030517578,44.31999969482422,44.084999084472656,44.290000915527344,66349,0.0,0.0
2024-05-10 11:30:00-04:00,44.290000915527344,44.38999938964844,44.23680114746094,44.290000915527344,56476,0.0,0.0
2024-05-10 12:30:00-04:00,44.29999923706055,44.40999984741211,44.26570129394531,44.31999969482422,48619,0.0,0.0
2024-05-10 13:30:00-04:00,44.33000183105469,44.3849983215332,44.29999923706055,44.310001373291016,54288,0.0,0.0
2024-05-10 14:30:00-04:00,44.29999923706055,44.369998931884766,44.27000045776367,44.33000183105469,69352,0.0,0.0
2024-05-10 15:30:00-04:00,44.33100128173828,44.39939880371094,44.209999084472656,44.220001220703125,174872,0.0,0.0
2024-05-13 09:30:00-04:00,44.529998779296875,44.93000030517578,44.415000915527344,44.875,160908,0.0,0.0
2024-05-13 10:30:00-04:00,44.869998931884766,44.889801025390625,44.68000030517578,44.7400016784668,81601,0.0,0.0
2024-05-13 11:30:00-04:00,44.720001220703125,44.720001220703125,44.435001373291016,44.529998779296875,87343,0.0,0.0
2024-05-13 12:30:00-04:00,44.52000045776367,44.54999923706055,44.36000061035156,44.45000076293945,82220,0.0,0.0
2024-05-13 13:30:00-04:00,44.459999084472656,44.51499938964844,44.41999816894531,44.510101318359375,87168,0.0,0.0
2024-05-13 14:30:00-04:00,44.51499938964844,44.61000061035156,44.5,44.54499816894531,121785,0.0,0.0
2024-05-13 15:30:00-04:00,44.54999923706055,44.6510009765625,44.4900016784668,44.560001373291016,189584,0.0,0.0
2024-05-14 09:30:00-04:00,44.900001525878906,44.900001525878906,44.22999954223633,44.369998931884766,170497,0.0,0.0
2024-05-14 10:30:00-04:00,44.36000061035156,44.40999984741211,44.2400016784668,44.279998779296875,128611,0.0,0.0
2024-05-14 11:30:00-04:00,44.2599983215332,44.34000015258789,44.189998626708984,44.26499938964844,166574,0.0,0.0
2024-05-14 12:30:00-04:00,44.26499938964844,44.290000915527344,44.02000045776367,44.06999969482422,109124,0.0,0.0
2024-05-14 13:30:00-04:00,44.06060028076172,44.11000061035156,43.97999954223633,43.97999954223633,98883,0.0,0.0
2024-05-14 14:30:00-04:00,43.98500061035156,44.15999984741211,43.98500061035156,44.1349983215332,128668,0.0,0.0
2024-05-14 15:30:00-04:00,44.1349983215332,44.255001068115234,44.060001373291016,44.20000076293945,227954,0.0,0.0
2024-05-15 09:30:00-04:00,44.130001068115234,44.14500045776367,43.744998931884766,43.779998779296875,155399,0.0,0.0
2024-05-15 10:30:00-04:00,43.790000915527344,44.19499969482422,43.77000045776367,44.17499923706055,142468,0.0,0.0
2024-05-15 11:30:00-04:00,44.15999984741211,44.2599983215332,44.119998931884766,44.130001068115234,157637,0.0,0.0
2024-05-15 12:30:00-04:00,44.11000061035156,44.24980163574219,44.06999969482422,44.209999084472656,128416,0.0,0.0
2024-05-15 13:30:00-04:00,44.224998474121094,44.369998931884766,44.220001220703125,44.31999969482422,132553,0.0,0.0
2024-05-15 14:30:00-04:00,44.31999969482422,44.400001525878906,44.130001068115234,44.130001068115234,228555,0.0,0.0
2024-05-15 15:30:00-04:00,44.130001068115234,44.22999954223633,43.970001220703125,44.189998626708984,439133,0.0,0.0
2024-05-16 09:30:00-04:00,44.189998626708984,44.26499938964844,43.720001220703125,43.81999969482422,297986,0.0,0.0
2024-05-16 10:30:00-04:00,43.83169937133789,44.0099983215332,43.75,43.880001068115234,411824,0.0,0.0
2024-05-16 11:30:00-04:00,43.880001068115234,44.09000015258789,43.84000015258789,44.07500076293945,96182,0.0,0.0
2024-05-16 12:30:00-04:00,44.06999969482422,44.18870162963867,44.04999923706055,44.152099609375,98734,0.0,0.0
2024-05-16 13:30:00-04:00,44.150001525878906,44.22999954223633,44.095001220703125,44.130001068115234,95616,0.0,0.0
2024-05-16 14:30:00-04:00,44.130001068115234,44.35499954223633,44.119998931884766,44.30500030517578,202677,0.0,0.0
2024-05-16 15:30:00-04:00,44.310001373291016,44.314998626708984,44.08000183105469,44.15999984741211,311228,0.0,0.0
2024-05-17 09:30:00-04:00,44.25,44.32500076293945,43.83000183105469,44.290000915527344,288112,0.0,0.0
2024-05-17 10:30:00-04:00,44.290000915527344,44.380001068115234,44.130001068115234,44.20000076293945,154780,0.0,0.0
2024-05-17 11:30:00-04:00,44.189998626708984,44.529998779296875,44.189998626708984,44.349998474121094,250160,0.0,0.0
2024-05-17 12:30:00-04:00,44.369998931884766,44.400001525878906,44.25,44.36000061035156,150735,0.0,0.0
2024-05-17 13:30:00-04:00,44.369998931884766,44.5,44.25,44.40999984741211,227873,0.0,0.0
2024-05-17 14:30:00-04:00,44.40879821777344,44.5989990234375,44.404998779296875,44.560001373291016,238475,0.0,0.0
2024-05-17 15:30:00-04:00,44.560001373291016,44.709999084472656,44.47999954223633,44.66999816894531,623492,0.0,0.0
2024-05-20 09:30:00-04:00,44.77000045776367,45.51499938964844,44.689998626708984,45.310001373291016,239327,0.0,0.0
2024-05-20 10:30:00-04:00,45.310001373291016,45.619998931884766,45.209999084472656,45.2599983215332,288422,0.0,0.0
2024-05-20 11:30:00-04:00,45.25,45.52000045776367,45.22999954223633,45.2400016784668,198137,0.0,0.0
2024-05-20 12:30:00-04:00,45.2400016784668,45.34000015258789,44.92499923706055,44.970001220703125,155976,0.0,0.0
2024-05-20 13:30:00-04:00,44.97999954223633,45.02000045776367,44.84000015258789,44.9900016784668,107606,0.0,0.0
2024-05-20 14:30:00-04:00,44.97999954223633,45.0,44.64099884033203,44.665000915527344,153804,0.0,0.0
2024-05-20 15:30:00-04:00,44.665000915527344,44.84000015258789,44.650001525878906,44.77000045776367,286247,0.0,0.0
2024-05-21 09:30:00-04:00,44.650001525878906,44.79999923706055,44.36000061035156,44.58000183105469,85291,0.0,0.0
2024-05-21 10:30:00-04:00,44.58000183105469,44.65999984741211,44.38999938964844,44.619998931884766,105284,0.0,0.0
2024-05-21 11:30:00-04:00,44.619998931884766,44.685001373291016,44.5099983215332,44.529998779296875,172057,0.0,0.0
2024-05-21 12:30:00-04:00,44.540000915527344,44.63999938964844,44.529998779296875,44.59000015258789,88160,0.0,0.0
2024-05-21 13:30:00-04:00,44.59000015258789,44.66999816894531,44.58000183105469,44.61199951171875,84809,0.0,0.0
2024-05-21 14:30:00-04:00,44.61000061035156,44.619998931884766,44.44300079345703,44.47999954223633,205722,0.0,0.0
2024-05-21 15:30:00-04:00,44.470001220703125,44.564998626708984,44.43000030517578,44.494998931884766,335645,0.0,0.0
2024-05-22 09:30:00-04:00,44.560001373291016,44.70000076293945,44.290000915527344,44.540000915527344,116606,0.0,0.0
2024-05-22 10:30:00-04:00,44.54999923706055,44.709999084472656,44.400001525878906,44.400001525878906,127615,0.0,0.0
2024-05-22 11:30:00-04:00,44.43000030517578,44.47999954223633,44.33000183105469,44.459999084472656,98830,0.0,0.0
2024-05-22 12:30:00-04:00,44.459999084472656,44.54999923706055,44.369998931884766,44.415000915527344,98193,0.0,0.0
2024-05-22 13:30:00-04:00,44.40999984741211,44.438499450683594,44.06999969482422,44.06999969482422,149868,0.0,0.0
2024-05-22 14:30:00-04:00,44.07500076293945,44.095001220703125,43.880001068115234,43.900001525878906,230792,0.0,0.0
2024-05-22 15:30:00-04:00,43.900001525878906,44.0099983215332,43.849998474121094,43.90999984741211,342605,0.0,0.0
2024-05-23 09:30:00-04:00,43.77000045776367,43.77000045776367,42.86000061035156,42.91999816894531,253895,0.0,0.0
2024-05-23 10:30:00-04:00,42.91999816894531,43.005001068115234,42.689998626708984,42.7599983215332,215369,0.0,0.0
2024-05-23 11:30:00-04:00,42.7599983215332,42.790000915527344,42.59000015258789,42.7400016784668,179961,0.0,0.0
2024-05-23 12:30:00-04:00,42.744998931884766,42.75,42.5,42.540000915527344,171427,0.0,0.0
2024-05-23 13:30:00-04:00,42.53499984741211,42.53499984741211,42.369998931884766,42.45000076293945,194689,0.0,0.0
2024-05-23 14:30:00-04:00,42.439998626708984,42.55839920043945,42.400001525878906,42.439998626708984,241713,0.0,0.0
2024-05-23 15:30:00-04:00,42.44499969482422,42.54999923706055,42.3650016784668,42.400001525878906,343674,0.0,0.0
2024-05-24 09:30:00-04:00,42.689998626708984,42.93000030517578,42.5099983215332,42.900001525878906,186231,0.0,0.0
2024-05-24 10:30:00-04:00,42.90999984741211,42.93000030517578,42.650001525878906,42.78499984741211,226125,0.0,0.0
2024-05-24 11:30:00-04:00,42.779998779296875,42.849998474121094,42.66999816894531,42.72999954223633,182609,0.0,0.0
2024-05-24 12:30:00-04:00,42.7599983215332,43.02000045776367,42.72999954223633,42.94499969482422,153310,0.0,0.0
2024-05-24 13:30:00-04:00,42.939998626708984,43.01499938964844,42.83000183105469,42.86000061035156,108140,0.0,0.0
2024-05-24 14:30:00-04:00,42.883201599121094,43.019901275634766,42.869998931884766,43.0099983215332,156266,0.0,0.0
2024-05-24 15:30:00-04:00,43.0099983215332,43.060001373291016,42.880001068115234,42.91999816894531,250904,0.0,0.0
2024-05-28 09:30:00-04:00,42.869998931884766,43.65999984741211,42.779998779296875,43.2400016784668,276523,0.0,0.0
2024-05-28 10:30:00-04:00,43.25,43.275001525878906,42.970001220703125,43.2599983215332,205470,0.0,0.0
2024-05-28 11:30:00-04:00,43.25,43.255001068115234,43.13999938964844,43.209999084472656,126471,0.0,0.0
2024-05-28 12:30:00-04:00,43.209999084472656,43.380001068115234,43.19499969482422,43.220001220703125,125068,0.0,0.0
2024-05-28 13:30:00-04:00,43.209999084472656,43.26969909667969,43.00809860229492,43.060001373291016,135347,0.0,0.0
2024-05-28 14:30:00-04:00,43.04999923706055,43.04999923706055,42.86000061035156,42.86000061035156,172673,0.0,0.0
2024-05-28 15:30:00-04:00,42.869998931884766,43.0099983215332,42.83000183105469,43.0,255577,0.0,0.0
2024-05-29 09:30:00-04:00,42.47999954223633,42.7400016784668,41.95000076293945,41.95000076293945,189563,0.0,0.0
2024-05-29 10:30:00-04:00,41.939998626708984,42.04999923706055,41.72999954223633,41.762298583984375,220260,0.0,0.0
2024-05-29 11:30:00-04:00,41.75,41.81999969482422,41.6150016784668,41.720001220703125,114193,0.0,0.0
2024-05-29 12:30:00-04:00,41.709999084472656,41.7599983215332,41.6349983215332,41.72999954223633,111608,0.0,0.0
2024-05-29 13:30:00-04:00,41.739898681640625,41.75,41.459999084472656,41.459999084472656,151920,0.0,0.0
2024-05-29 14:30:00-04:00,41.45000076293945,41.5099983215332,41.41999816894531,41.46500015258789,236793,0.0,0.0
2024-05-29 15:30:00-04:00,41.459999084472656,41.68000030517578,41.415000915527344,41.619998931884766,366786,0.0,0.0
2024-05-30 09:30:00-04:00,41.7400016784668,42.22999954223633,41.7400016784668,42.05500030517578,350226,0.0,0.0
2024-05-30 10:30:00-04:00,42.07500076293945,42.36000061035156,42.07500076293945,42.18000030517578,137451,0.0,0.0
2024-05-30 11:30:00-04:00,42.154998779296875,42.16999816894531,41.97999954223633,42.08000183105469,270939,0.0,0.0
2024-05-30 12:30:00-04:00,42.07500076293945,42.22999954223633,42.07500076293945,42.150001525878906,149708,0.0,0.0
2024-05-30 13:30:00-04:00,42.150001525878906,42.15999984741211,41.900001525878906,41.9900016784668,198814,0.0,0.0
2024-05-30 14:30:00-04:00,42.0,42.0099983215332,41.79999923706055,41.83300018310547,379629,0.0,0.0
2024-05-30 15:30:00-04:00,41.845001220703125,41.94499969482422,41.810001373291016,41.91999816894531,383445,0.0,0.0
2024-05-31 09:30:00-04:00,42.029998779296875,42.51499938964844,41.689998626708984,42.380001068115234,242256,0.0,0.0
2024-05-31 10:30:00-04:00,42.400001525878906,42.71500015258789,42.400001525878906,42.68000030517578,158477,0.0,0.0
2024-05-31 11:30:00-04:00,42.66999816894531,42.790000915527344,42.560001373291016,42.790000915527344,128887,0.0,0.0
2024-05-31 12:30:00-04:00,42.78499984741211,42.88999938964844,42.65999984741211,42.880001068115234,151850,0.0,0.0
2024-05-31 13:30:00-04:00,42.880001068115234,42.95000076293945,42.849998474121094,42.88999938964844,98213,0.0,0.0
2024-05-31 14:30:00-04:00,42.900001525878906,43.04499816894531,42.880001068115234,42.88999938964844,164147,0.0,0.0
2024-05-31 15:30:00-04:00,42.88999938964844,43.150001525878906,42.849998474121094,43.02000045776367,478465,0.0,0.0
2024-06-03 09:30:00-04:00,43.029998779296875,43.15999984741211,42.720001220703125,43.02000045776367,117705,0.0,0.0
2024-06-03 10:30:00-04:00,42.97999954223633,43.060001373291016,42.900001525878906,43.0,105473,0.0,0.0
2024-06-03 11:30:00-04:00,42.9900016784668,43.0099983215332,42.775001525878906,42.810001373291016,116707,0.0,0.0
2024-06-03 12:30:00-04:00,42.790000915527344,42.9900016784668,42.720001220703125,42.959999084472656,97826,0.0,0.0
2024-06-03 13:30:00-04:00,42.970001220703125,43.13999938964844,42.93000030517578,43.099998474121094,100302,0.0,0.0
2024-06-03 14:30:00-04:00,43.11000061035156,43.150001525878906,43.08000183105469,43.13999938964844,143929,0.0,0.0
2024-06-03 15:30:00-04:00,43.150001525878906,43.20000076293945,43.02000045776367,43.08000183105469,276803,0.0,0.0
2024-06-04 09:30:00-04:00,42.79999923706055,42.834999084472656,42.54499816894531,42.60499954223633,118731,0.0,0.0
2024-06-04 10:30:00-04:00,42.60499954223633,42.630001068115234,42.29999923706055,42.380001068115234,237628,0.0,0.0
2024-06-04 11:30:00-04:00,42.36000061035156,42.39500045776367,42.02000045776367,42.06999969482422,113094,0.0,0.0
2024-06-04 12:30:00-04:00,42.060001373291016,42.11000061035156,41.90999984741211,41.96500015258789,82557,0.0,0.0
2024-06-04 13:30:00-04:00,41.959999084472656,42.11000061035156,41.91999816894531,42.11000061035156,96358,0.0,0.0
2024-06-04 14:30:00-04:00,42.099998474121094,42.314998626708984,42.04999923706055,42.20500183105469,140785,0.0,0.0
2024-06-04 15:30:00-04:00,42.20500183105469,42.20500183105469,42.04999923706055,42.060001373291016,283707,0.0,0.0
2024-06-05 09:30:00-04:00,42.150001525878906,42.2599983215332,41.66999816894531,41.939998626708984,82990,0.0,0.0
2024-06-05 10:30:00-04:00,41.939998626708984,42.119998931884766,41.85200119018555,42.08000183105469,65272,0.0,0.0
2024-06-05 11:30:00-04:00,42.08000183105469,42.16999816894531,42.08000183105469,42.099998474121094,55053,0.0,0.0
2024-06-05 12:30:00-04:00,42.099998474121094,42.150001525878906,41.974998474121094,42.05500030517578,62077,0.0,0.0
2024-06-05 13:30:00-04:00,42.04999923706055,42.150001525878906,42.0,42.05659866333008,129322,0.0,0.0
2024-06-05 14:30:00-04:00,42.060001373291016,42.130001068115234,42.040000915527344,42.07500076293945,119608,0.0,0.0
2024-06-05 15:30:00-04:00,42.06999969482422,42.2599983215332,42.064998626708984,42.220001220703125,225551,0.0,0.0
2024-06-06 09:30:00-04:00,42.185001373291016,42.33000183105469,41.93000030517578,42.084999084472656,100816,0.0,0.0
2024-06-06 10:30:00-04:00,42.08000183105469,42.099998474121094,41.8650016784668,42.00870132446289,86298,0.0,0.0
2024-06-06 11:30:00-04:00,42.0099983215332,42.060001373291016,41.92219924926758,41.97480010986328,58632,0.0,0.0
2024-06-06 12:30:00-04:00,41.974998474121094,42.02000045776367,41.8849983215332,41.93000030517578,87739,0.0,0.0
2024-06-06 13:30:00-04:00,41.95000076293945,42.0099983215332,41.779998779296875,41.79999923706055,77708,0.0,0.0
2024-06-06 14:30:00-04:00,41.79999923706055,42.10900115966797,41.790000915527344,42.06999969482422,103720,0.0,0.0
2024-06-06 15:30:00-04:00,42.060001373291016,42.18000030517578,42.04999923706055,42.15999984741211,243042,0.0,0.0
2024-06-07 09:30:00-04:00,41.90999984741211,42.099998474121094,41.779998779296875,42.099998474121094,73634,0.0,0.0
2024-06-07 10:30:00-04:00,42.08000183105469,42.25,42.040000915527344,42.11199951171875,60340,0.0,0.0
2024-06-07 11:30:00-04:00,42.11000061035156,42.20000076293945,42.09000015258789,42.20000076293945,91565,0.0,0.0
2024-06-07 12:30:00-04:00,42.20000076293945,42.2400016784668,42.11050033569336,42.22999954223633,44595,0.0,0.0
2024-06-07 13:30:00-04:00,42.22999954223633,42.2599983215332,42.150001525878906,42.25,41945,0.0,0.0
2024-06-07 14:30:00-04:00,42.2599983215332,42.349998474121094,42.25,42.290000915527344,106335,0.0,0.0
2024-06-07 15:30:00-04:00,42.279998779296875,42.33000183105469,42.16999816894531,42.189998626708984,160078,0.0,0.0
2024-06-10 09:30:00-04:00,42.09000015258789,42.380001068115234,42.01029968261719,42.029998779296875,102831,0.0,0.0
2024-06-10 10:30:00-04:00,42.0099983215332,42.06999969482422,41.90999984741211,41.959999084472656,94472,0.0,0.0
2024-06-10 11:30:00-04:00,41.970001220703125,42.119998931884766,41.94499969482422,42.08000183105469,75277,0.0,0.0
2024-06-10 12:30:00-04:00,42.09000015258789,42.1150016784668,41.97999954223633,42.02000045776367,88034,0.0,0.0
2024-06-10 13:30:00-04:00,42.02000045776367,42.16999816894531,42.02000045776367,42.09000015258789,116201,0.0,0.0
2024-06-10 14:30:00-04:00,42.09000015258789,42.13999938964844,42.02000045776367,42.029998779296875,114392,0.0,0.0
2024-06-10 15:30:00-04:00,42.029998779296875,42.099998474121094,41.96500015258789,42.0099983215332,267697,0.0,0.0
2024-06-11 09:30:00-04:00,41.79999923706055,41.91830062866211,41.470001220703125,41.69070053100586,81914,0.0,0.0
2024-06-11 10:30:00-04:00,41.70000076293945,41.82500076293945,41.6349983215332,41.72999954223633,76776,0.0,0.0
2024-06-11 11:30:00-04:00,41.72999954223633,41.900001525878906,41.709999084472656,41.84000015258789,110744,0.0,0.0
2024-06-11 12:30:00-04:00,41.84000015258789,41.88520050048828,41.7599983215332,41.7599983215332,62695,0.0,0.0
2024-06-11 13:30:00-04:00,41.7599983215332,41.93000030517578,41.720001220703125,41.880001068115234,276959,0.0,0.0
2024-06-11 14:30:00-04:00,41.86000061035156,41.91899871826172,41.79100036621094,41.84000015258789,254176,0.0,0.0
2024-06-11 15:30:00-04:00,41.84000015258789,41.948001861572266,41.720001220703125,41.779998779296875,262169,0.0,0.0
2024-06-12 09:30:00-04:00,42.22999954223633,42.38999938964844,41.93000030517578,42.130001068115234,145200,0.0,0.0
2024-06-12 10:30:00-04:00,42.119998931884766,42.2400016784668,41.91999816894531,41.959999084472656,280213,0.0,0.0
2024-06-12 11:30:00-04:00,41.95000076293945,42.0099983215332,41.91999816894531,41.970001220703125,84839,0.0,0.0
2024-06-12 12:30:00-04:00,41.959999084472656,41.959999084472656,41.78499984741211,41.81999969482422,95930,0.0,0.0
2024-06-12 13:30:00-04:00,41.83000183105469,41.83000183105469,41.56999969482422,41.685001373291016,160749,0.0,0.0
2024-06-12 14:30:00-04:00,41.685001373291016,41.70000076293945,41.36000061035156,41.380001068115234,275795,0.0,0.0
2024-06-12 15:30:00-04:00,41.369998931884766,41.73500061035156,41.369998931884766,41.70000076293945,459718,0.0,0.0
2024-06-13 09:30:00-04:00,41.40999984741211,41.47999954223633,40.97999954223633,41.08000183105469,138226,0.0,0.0
2024-06-13 10:30:00-04:00,41.08000183105469,41.369998931884766,41.005001068115234,41.314998626708984,74419,0.0,0.0
2024-06-13 11:30:00-04:00,41.31999969482422,41.435001373291016,41.29999923706055,41.40999984741211,65510,0.0,0.0
2024-06-13 12:30:00-04:00,41.43000030517578,41.559898376464844,41.43000030517578,41.457000732421875,64948,0.0,0.0
2024-06-13 13:30:00-04:00,41.439998626708984,41.4900016784668,41.31999969482422,41.31999969482422,70487,0.0,0.0
2024-06-13 14:30:00-04:00,41.33000183105469,41.5,41.33000183105469,41.400001525878906,80946,0.0,0.0
2024-06-13 15:30:00-04:00,41.39500045776367,41.42499923706055,41.23500061035156,41.25,234426,0.0,0.0
2024-06-14 09:30:00-04:00,40.900001525878906,40.900001525878906,39.869998931884766,39.880001068115234,158354,0.0,0.0
2024-06-14 10:30:00-04:00,39.869998931884766,39.939998626708984,39.77000045776367,39.869998931884766,119275,0.0,0.0
2024-06-14 11:30:00-04:00,39.880001068115234,40.08000183105469,39.720001220703125,39.9900016784668,211459,0.0,0.0
2024-06-14 12:30:00-04:00,40.005001068115234,40.20000076293945,39.95000076293945,40.0,100602,0.0,0.0
2024-06-14 13:30:00-04:00,39.97999954223633,40.04999923706055,39.869998931884766,39.94499969482422,178899,0.0,0.0
2024-06-14 14:30:00-04:00,39.939998626708984,40.22999954223633,39.939998626708984,40.220001220703125,149298,0.0,0.0
2024-06-14 15:30:00-04:00,40.20000076293945,40.310001373291016,40.130001068115234,40.290000915527344,301468,0.0,0.0
2024-06-17 09:30:00-04:00,40.29999923706055,40.529998779296875,40.0,40.349998474121094,115819,0.0,0.0
2024-06-17 10:30:00-04:00,40.33000183105469,40.599998474121094,40.31010055541992,40.5,248179,0.0,0.0
2024-06-17 11:30:00-04:00,40.5099983215332,40.58000183105469,40.43000030517578,40.52000045776367,538312,0.0,0.0
2024-06-17 12:30:00-04:00,40.47999954223633,40.72999954223633,40.470001220703125,40.56999969482422,496749,0.0,0.0
2024-06-17 13:30:00-04:00,40.58940124511719,40.810001373291016,40.588199615478516,40.70000076293945,430129,0.0,0.0
2024-06-17 14:30:00-04:00,40.70000076293945,40.84000015258789,40.55500030517578,40.790000915527344,855873,0.0,0.0
2024-06-17 15:30:00-04:00,40.779998779296875,40.815101623535156,40.66999816894531,40.75,409534,0.0,0.0
2024-06-18 09:30:00-04:00,40.79999923706055,41.34000015258789,40.7422981262207,41.279998779296875,169965,0.0,0.0
2024-06-18 10:30:00-04:00,41.244998931884766,41.27000045776367,41.099998474121094,41.119998931884766,126688,0.0,0.0
2024-06-18 11:30:00-04:00,41.130001068115234,41.20000076293945,40.83000183105469,40.83000183105469,125783,0.0,0.0
2024-06-18 12:30:00-04:00,40.81999969482422,40.829898834228516,40.599998474121094,40.61000061035156,110965,0.0,0.0
2024-06-18 13:30:00-04:00,40.61000061035156,40.854000091552734,40.59000015258789,40.834999084472656,125161,0.0,0.0
2024-06-18 14:30:00-04:00,40.845001220703125,40.97999954223633,40.79999923706055,40.959999084472656,166038,0.0,0.0
2024-06-18 15:30:00-04:00,40.959999084472656,41.029998779296875,40.849998474121094,41.029998779296875,385414,0.0,0.0
2024-06-20 09:30:00-04:00,40.90999984741211,41.439998626708984,40.79999923706055,41.2599983215332,97509,0.0,0.0
2024-06-20 10:30:00-04:00,41.25,41.47999954223633,41.25,41.279998779296875,106475,0.0,0.0
2024-06-20 11:30:00-04:00,41.2599983215332,41.40999984741211,41.15999984741211,41.400001525878906,73306,0.0,0.0
2024-06-20 12:30:00-04:00,41.400001525878906,41.54999923706055,41.38999938964844,41.540000915527344,117538,0.0,0.0
2024-06-20 13:30:00-04:00,41.529998779296875,41.65999984741211,41.529998779296875,41.54999923706055,97020,0.0,0.0
2024-06-20 14:30:00-04:00,41.540000915527344,41.709999084472656,41.459999084472656,41.68000030517578,122829,0.0,0.0
2024-06-20 15:30:00-04:00,41.66999816894531,41.68000030517578,41.45000076293945,41.470001220703125,182523,0.0,0.0
2024-06-21 09:30:00-04:00,41.41999816894531,41.650001525878906,41.08000183105469,41.470001220703125,304097,0.0,0.0
2024-06-21 10:30:00-04:00,41.45500183105469,41.630001068115234,41.41999816894531,41.560001373291016,64686,0.0,0.0
2024-06-21 11:30:00-04:00,41.54999923706055,41.57500076293945,41.380001068115234,41.439998626708984,69590,0.0,0.0
2024-06-21 12:30:00-04:00,41.439998626708984,41.54999923706055,41.43000030517578,41.47999954223633,46464,0.0,0.0
2024-06-21 13:30:00-04:00,41.46500015258789,41.7400016784668,41.435001373291016,41.64500045776367,167762,0.0,0.0
2024-06-21 14:30:00-04:00,41.64500045776367,41.849998474121094,41.64500045776367,41.72999954223633,250069,0.0,0.0
2024-06-21 15:30:00-04:00,41.729698181152344,41.81999969482422,41.560001373291016,41.65999984741211,699147,0.0,0.0
2024-06-24 09:30:00-04:00,41.81999969482422,42.220001220703125,41.665000915527344,42.119998931884766,148163,0.0,0.0
2024-06-24 10:30:00-04:00,42.130001068115234,42.439998626708984,42.1150016784668,42.349998474121094,115527,0.0,0.0
2024-06-24 11:30:00-04:00,42.349998474121094,42.36000061035156,42.130001068115234,42.150001525878906,65689,0.0,0.0
2024-06-24 12:30:00-04:00,42.13999938964844,42.18000030517578,42.0099983215332,42.06999969482422,69767,0.0,0.0
2024-06-24 13:30:00-04:00,42.08000183105469,42.189998626708984,42.02000045776367,42.189998626708984,80494,0.0,0.0
2024-06-24 14:30:00-04:00,42.189998626708984,42.26499938964844,42.13999938964844,42.13999938964844,95442,0.0,0.0
2024-06-24 15:30:00-04:00,42.13999938964844,42.224998474121094,41.96500015258789,41.9900016784668,232471,0.0,0.0
2024-06-25 09:30:00-04:00,41.720001220703125,41.81999969482422,41.47999954223633,41.63999938964844,86443,0.0,0.0
2024-06-25 10:30:00-04:00,41.650001525878906,41.709999084472656,41.434200286865234,41.4900016784668,83797,0.0,0.0
2024-06-25 11:30:00-04:00,41.47999954223633,41.5,41.244998931884766,41.45000076293945,73366,0.0,0.0
2024-06-25 12:30:00-04:00,41.45000076293945,41.45000076293945,41.290000915527344,41.349998474121094,61257,0.0,0.0
2024-06-25 13:30:00-04:00,41.375,41.380001068115234,41.27000045776367,41.33000183105469,59505,0.0,0.0
2024-06-25 14:30:00-04:00,41.33000183105469,41.38999938964844,41.22999954223633,41.38999938964844,73356,0.0,0.0
2024-06-25 15:30:00-04:00,41.380001068115234,41.5,41.31999969482422,41.5,252894,0.0,0.0
2024-06-26 09:30:00-04:00,41.22999954223633,41.52000045776367,40.970001220703125,41.20000076293945,153284,0.0,0.0
2024-06-26 10:30:00-04:00,41.20000076293945,41.45000076293945,41.09000015258789,41.38999938964844,180790,0.0,0.0
2024-06-26 11:30:00-04:00,41.3849983215332,41.584999084472656,41.224998474121094,41.4900016784668,223708,0.0,0.0
2024-06-26 12:30:00-04:00,41.4900016784668,41.56999969482422,41.34000015258789,41.36000061035156,198146,0.0,0.0
2024-06-26 13:30:00-04:00,41.37990188598633,41.529998779296875,41.310001373291016,41.4900016784668,254392,0.0,0.0
2024-06-26 14:30:00-04:00,41.47999954223633,41.58000183105469,41.38999938964844,41.43000030517578,190050,0.0,0.0
2024-06-26 15:30:00-04:00,41.435001373291016,41.689998626708984,41.41999816894531,41.619998931884766,417873,0.0,0.0
2024-06-27 09:30:00-04:00,41.75,41.779998779296875,41.22999954223633,41.22999954223633,172558,0.0,0.0
2024-06-27 10:30:00-04:00,41.25,41.41999816894531,41.16999816894531,41.310001373291016,146293,0.0,0.0
2024-06-27 11:30:00-04:00,41.29999923706055,41.43000030517578,41.20000076293945,41.220001220703125,70086,0.0,0.0
2024-06-27 12:30:00-04:00,41.20000076293945,41.209999084472656,41.099998474121094,41.16999816894531,72482,0.0,0.0
2024-06-27 13:30:00-04:00,41.17100143432617,41.17100143432617,40.95000076293945,41.040000915527344,80340,0.0,0.0
2024-06-27 14:30:00-04:00,41.040000915527344,41.209999084472656,41.03499984741211,41.09000015258789,177770,0.0,0.0
2024-06-27 15:30:00-04:00,41.099998474121094,41.5099983215332,41.09000015258789,41.494998931884766,357203,0.0,0.0
2024-06-28 09:30:00-04:00,41.58000183105469,41.91999816894531,41.220001220703125,41.2599983215332,142874,0.0,0.0
2024-06-28 10:30:00-04:00,41.33000183105469,41.45000076293945,41.16999816894531,41.18000030517578,149890,0.0,0.0
2024-06-28 11:30:00-04:00,41.20000076293945,41.52000045776367,41.189998626708984,41.52000045776367,137507,0.0,0.0
2024-06-28 12:30:00-04:00,41.52000045776367,41.61989974975586,41.470001220703125,41.529998779296875,80314,0.0,0.0
2024-06-28 13:30:00-04:00,41.529998779296875,41.630001068115234,41.45000076293945,41.45000076293945,88541,0.0,0.0
2024-06-28 14:30:00-04:00,41.45000076293945,41.470001220703125,41.21500015258789,41.380001068115234,118731,0.0,0.0
2024-06-28 15:30:00-04:00,41.369998931884766,41.619998931884766,41.33000183105469,41.61000061035156,272695,0.0,0.0
2024-07-01 09:30:00-04:00,41.7400016784668,41.94499969482422,41.40999984741211,41.66999816894531,174382,0.0,0.0
2024-07-01 10:30:00-04:00,41.66999816894531,41.66999816894531,41.330101013183594,41.36000061035156,116851,0.0,0.0
2024-07-01 11:30:00-04:00,41.369998931884766,41.43000030517578,41.310001373291016,41.377601623535156,89725,0.0,0.0
2024-07-01 12:30:00-04:00,41.38999938964844,41.470001220703125,41.290000915527344,41.415000915527344,219479,0.0,0.0
2024-07-01 13:30:00-04:00,41.415000915527344,41.630001068115234,41.400001525878906,41.560001373291016,102039,0.0,0.0
2024-07-01 14:30:00-04:00,41.54999923706055,41.54999923706055,41.38999938964844,41.474998474121094,227271,0.0,0.0
2024-07-01 15:30:00-04:00,41.474998474121094,41.630001068115234,41.45000076293945,41.52000045776367,440509,0.0,0.0
2024-07-02 09:30:00-04:00,41.595001220703125,42.099998474121094,41.4900016784668,41.92499923706055,146548,0.0,0.0
2024-07-02 10:30:00-04:00,41.91999816894531,42.189998626708984,41.888099670410156,42.15999984741211,175457,0.0,0.0
2024-07-02 11:30:00-04:00,42.15999984741211,42.19499969482422,41.94879913330078,41.94879913330078,171006,0.0,0.0
2024-07-02 12:30:00-04:00,41.94499969482422,41.95000076293945,41.779998779296875,41.880001068115234,125681,0.0,0.0
2024-07-02 13:30:00-04:00,41.880001068115234,42.01499938964844,41.837501525878906,41.959999084472656,134423,0.0,0.0
2024-07-02 14:30:00-04:00,41.97999954223633,42.029998779296875,41.959999084472656,42.029998779296875,142109,0.0,0.0
2024-07-02 15:30:00-04:00,42.03499984741211,42.04499816894531,41.90999984741211,41.9900016784668,268186,0.0,0.0
2024-07-03 09:30:00-04:00,41.959999084472656,42.2400016784668,41.7400016784668,41.79999923706055,197753,0.0,0.0
2024-07-03 10:30:00-04:00,41.810001373291016,41.880001068115234,41.5099983215332,41.5099983215332,330426,0.0,0.0
2024-07-03 11:30:00-04:00,41.5099983215332,41.650001525878906,41.459999084472656,41.52000045776367,195605,0.0,0.0
2024-07-05 09:30:00-04:00,41.400001525878906,41.560001373291016,41.209999084472656,41.310001373291016,169767,0.0,0.0
2024-07-05 10:30:00-04:00,41.26599884033203,41.43000030517578,41.26599884033203,41.29999923706055,178442,0.0,0.0
2024-07-05 11:30:00-04:00,41.27000045776367,41.27000045776367,41.0,41.20000076293945,121360,0.0,0.0
2024-07-05 12:30:00-04:00,41.19499969482422,41.369998931884766,41.189998626708984,41.349998474121094,106902,0.0,0.0
2024-07-05 13:30:00-04:00,41.349998474121094,41.380001068115234,41.29999923706055,41.35499954223633,110813,0.0,0.0
2024-07-05 14:30:00-04:00,41.36000061035156,41.400001525878906,41.310001373291016,41.314998626708984,130110,0.0,0.0
2024-07-05 15:30:00-04:00,41.310001373291016,41.58000183105469,41.310001373291016,41.47999954223633,275271,0.0,0.0
2024-07-08 09:30:00-04:00,41.560001373291016,41.91999816894531,41.529998779296875,41.900001525878906,118191,0.0,0.0
2024-07-08 10:30:00-04:00,41.88999938964844,42.060001373291016,41.869998931884766,41.88999938964844,107384,0.0,0.0
2024-07-08 11:30:00-04:00,41.88999938964844,41.970001220703125,41.81999969482422,41.95500183105469,153185,0.0,0.0
2024-07-08 12:30:00-04:00,41.95600128173828,42.16999816894531,41.81999969482422,41.81999969482422,251095,0.0,0.0
2024-07-08 13:30:00-04:00,41.79999923706055,41.85499954223633,41.45500183105469,41.54999923706055,147398,0.0,0.0
2024-07-08 14:30:00-04:00,41.54499816894531,41.810001373291016,41.54499816894531,41.79010009765625,157026,0.0,0.0
2024-07-08 15:30:00-04:00,41.79999923706055,41.79999923706055,41.625,41.7599983215332,249156,0.0,0.0
2024-07-09 09:30:00-04:00,41.66999816894531,41.709999084472656,41.224998474121094,41.380001068115234,142770,0.0,0.0
2024-07-09 10:30:00-04:00,41.380001068115234,41.54999923706055,41.31999969482422,41.349998474121094,138730,0.0,0.0
2024-07-09 11:30:00-04:00,41.36000061035156,41.439998626708984,41.30500030517578,41.42499923706055,119699,0.0,0.0
2024-07-09 12:30:00-04:00,41.429901123046875,41.560001373291016,41.36000061035156,41.415000915527344,129234,0.0,0.0
2024-07-09 13:30:00-04:00,41.41619873046875,41.529998779296875,41.349998474121094,41.36629867553711,125741,0.0,0.0
2024-07-09 14:30:00-04:00,41.36000061035156,41.40999984741211,41.2400016784668,41.29499816894531,150611,0.0,0.0
2024-07-09 15:30:00-04:00,41.29100036621094,41.369998931884766,41.23500061035156,41.25,243991,0.0,0.0
2024-07-10 09:30:00-04:00,41.34000015258789,41.5099983215332,41.130001068115234,41.44499969482422,121831,0.0,0.0
2024-07-10 10:30:00-04:00,41.44499969482422,41.470001220703125,41.33000183105469,41.41999816894531,78146,0.0,0.0
2024-07-10 11:30:00-04:00,41.425498962402344,41.59000015258789,41.369998931884766,41.529998779296875,65130,0.0,0.0
2024-07-10 12:30:00-04:00,41.540000915527344,41.63999938964844,41.51499938964844,41.560001373291016,72325,0.0,0.0
2024-07-10 13:30:00-04:00,41.560001373291016,41.56999969482422,41.46500015258789,41.46500015258789,53038,0.0,0.0
2024-07-10 14:30:00-04:00,41.470001220703125,41.59000015258789,41.470001220703125,41.59000015258789,73517,0.0,0.0
2024-07-10 15:30:00-04:00,41.58000183105469,41.779998779296875,41.540000915527344,41.77000045776367,182395,0.0,0.0
2024-07-11 09:30:00-04:00,41.849998474121094,42.779998779296875,41.849998474121094,42.59000015258789,126688,0.0,0.0
2024-07-11 10:30:00-04:00,42.60499954223633,42.70869827270508,42.41999816894531,42.689998626708984,151693,0.0,0.0
2024-07-11 11:30:00-04:00,42.65999984741211,42.810001373291016,42.540000915527344,42.65420150756836,111036,0.0,0.0
2024-07-11 12:30:00-04:00,42.63999938964844,42.720001220703125,42.584999084472656,42.65010070800781,98953,0.0,0.0
2024-07-11 13:30:00-04:00,42.650001525878906,42.720001220703125,42.599998474121094,42.69990158081055,91874,0.0,0.0
2024-07-11 14:30:00-04:00,42.69499969482422,42.7400016784668,42.5099983215332,42.599998474121094,99324,0.0,0.0
2024-07-11 15:30:00-04:00,42.59000015258789,42.720001220703125,42.564998626708984,42.65999984741211,264778,0.0,0.0
2024-07-12 09:30:00-04:00,43.099998474121094,43.380001068115234,42.84000015258789,43.380001068115234,108326,0.0,0.0
2024-07-12 10:30:00-04:00,43.38999938964844,43.5099983215332,43.29999923706055,43.47999954223633,109757,0.0,0.0
2024-07-12 11:30:00-04:00,43.470001220703125,43.650001525878906,43.470001220703125,43.599998474121094,97159,0.0,0.0
2024-07-12 12:30:00-04:00,43.58000183105469,43.790000915527344,43.54999923706055,43.790000915527344,90174,0.0,0.0
2024-07-12 13:30:00-04:00,43.790000915527344,43.974998474121094,43.790000915527344,43.97010040283203,113939,0.0,0.0
2024-07-12 14:30:00-04:00,43.974998474121094,44.029998779296875,43.904998779296875,44.02000045776367,145520,0.0,0.0
2024-07-12 15:30:00-04:00,44.02000045776367,44.02000045776367,43.77000045776367,43.790000915527344,221507,0.0,0.0
2024-07-15 09:30:00-04:00,43.41999816894531,44.130001068115234,43.39500045776367,43.970001220703125,158232,0.0,0.0
2024-07-15 10:30:00-04:00,43.96979904174805,44.314998626708984,43.94990158081055,44.279998779296875,113744,0.0,0.0
2024-07-15 11:30:00-04:00,44.290000915527344,44.404998779296875,44.220001220703125,44.310001373291016,96474,0.0,0.0
2024-07-15 12:30:00-04:00,44.290000915527344,44.29999923706055,44.095001220703125,44.095001220703125,88451,0.0,0.0
2024-07-15 13:30:00-04:00,44.09000015258789,44.16999816894531,43.97999954223633,44.15999984741211,125508,0.0,0.0
2024-07-15 14:30:00-04:00,44.15999984741211,44.20000076293945,44.060001373291016,44.06999969482422,121422,0.0,0.0
2024-07-15 15:30:00-04:00,44.064998626708984,44.064998626708984,43.72100067138672,43.81999969482422,263792,0.0,0.0
2024-07-16 09:30:00-04:00,44.029998779296875,44.86000061035156,44.005401611328125,44.790000915527344,99098,0.0,0.0
2024-07-16 10:30:00-04:00,44.79999923706055,45.029998779296875,44.720001220703125,44.970001220703125,84515,0.0,0.0
2024-07-16 11:30:00-04:00,44.959999084472656,45.08000183105469,44.86000061035156,45.040000915527344,67893,0.0,0.0
2024-07-16 12:30:00-04:00,45.04999923706055,45.150001525878906,45.040000915527344,45.130001068115234,78163,0.0,0.0
2024-07-16 13:30:00-04:00,45.150001525878906,45.279998779296875,45.119998931884766,45.220001220703125,86412,0.0,0.0
2024-07-16 14:30:00-04:00,45.21500015258789,45.309200286865234,45.16999816894531,45.309200286865234,105090,0.0,0.0
2024-07-16 15:30:00-04:00,45.29999923706055,45.40999984741211,45.27000045776367,45.36000061035156,231230,0.0,0.0
2024-07-17 09:30:00-04:00,45.34000015258789,46.2599983215332,45.33000183105469,46.0,162957,0.0,0.0
2024-07-17 10:30:00-04:00,45.9900016784668,46.130001068115234,45.880001068115234,46.060001373291016,96731,0.0,0.0
2024-07-17 11:30:00-04:00,46.04999923706055,46.220001220703125,46.029998779296875,46.05500030517578,135631,0.0,0.0
2024-07-17 12:30:00-04:00,46.04499816894531,46.20000076293945,46.040000915527344,46.150001525878906,103457,0.0,0.0
2024-07-17 13:30:00-04:00,46.125,46.25,46.08000183105469,46.25,134520,0.0,0.0
2024-07-17 14:30:00-04:00,46.25,46.27000045776367,46.11000061035156,46.18000030517578,133313,0.0,0.0
2024-07-17 15:30:00-04:00,46.189998626708984,46.189998626708984,45.97999954223633,46.040000915527344,315727,0.0,0.0
2024-07-18 09:30:00-04:00,45.790000915527344,46.630001068115234,45.790000915527344,46.18000030517578,110990,0.0,0.0
2024-07-18 10:30:00-04:00,46.16999816894531,46.36000061035156,46.04999923706055,46.310001373291016,152277,0.0,0.0
2024-07-18 11:30:00-04:00,46.33000183105469,46.3650016784668,46.209999084472656,46.220001220703125,125889,0.0,0.0
2024-07-18 12:30:00-04:00,46.22999954223633,46.25,45.95000076293945,46.1150016784668,77979,0.0,0.0
2024-07-18 13:30:00-04:00,46.08000183105469,46.119998931884766,45.720001220703125,45.7400016784668,76890,0.0,0.0
2024-07-18 14:30:00-04:00,45.72999954223633,45.935001373291016,45.56999969482422,45.650001525878906,291988,0.0,0.0
2024-07-18 15:30:00-04:00,45.63999938964844,45.69499969482422,45.41999816894531,45.439998626708984,322020,0.0,0.0
2024-07-19 09:30:00-04:00,45.380001068115234,45.380001068115234,44.900001525878906,45.16999816894531,179421,0.0,0.0
2024-07-19 10:30:00-04:00,45.20000076293945,45.209999084472656,44.79999923706055,44.810001373291016,116145,0.0,0.0
2024-07-19 11:30:00-04:00,44.810001373291016,45.15999984741211,44.77000045776367,45.04999923706055,123618,0.0,0.0
2024-07-19 12:30:00-04:00,45.029998779296875,45.20000076293945,45.0099983215332,45.18000030517578,146574,0.0,0.0
2024-07-19 13:30:00-04:00,45.16999816894531,45.339900970458984,45.13999938964844,45.22999954223633,179993,0.0,0.0
2024-07-19 14:30:00-04:00,45.22999954223633,45.404998779296875,45.185001373291016,45.2400016784668,185079,0.0,0.0
2024-07-19 15:30:00-04:00,45.23500061035156,45.29999923706055,45.04999923706055,45.09000015258789,284388,0.0,0.0
2024-07-22 09:30:00-04:00,45.09000015258789,45.150001525878906,44.2400016784668,44.5,117392,0.0,0.0
2024-07-22 10:30:00-04:00,44.4900016784668,44.779998779296875,44.47999954223633,44.72999954223633,130270,0.0,0.0
2024-07-22 11:30:00-04:00,44.72999954223633,44.880001068115234,44.650001525878906,44.849998474121094,111121,0.0,0.0
2024-07-22 12:30:00-04:00,44.849998474121094,45.11000061035156,44.81999969482422,45.060001373291016,136075,0.0,0.0
2024-07-22 13:30:00-04:00,45.07500076293945,45.10499954223633,44.92070007324219,45.0,149736,0.0,0.0
2024-07-22 14:30:00-04:00,45.02000045776367,45.279998779296875,45.0,45.2400016784668,161182,0.0,0.0
2024-07-22 15:30:00-04:00,45.23500061035156,45.279998779296875,45.060001373291016,45.125,265246,0.0,0.0
2024-07-23 09:30:00-04:00,45.15999984741211,45.58000183105469,45.040000915527344,45.54999923706055,108772,0.0,0.0
2024-07-23 10:30:00-04:00,45.560001373291016,45.70000076293945,45.34000015258789,45.45000076293945,368650,0.0,0.0
2024-07-23 11:30:00-04:00,45.44499969482422,45.58000183105469,45.40250015258789,45.43000030517578,233866,0.0,0.0
2024-07-23 12:30:00-04:00,45.437599182128906,45.5,45.34000015258789,45.349998474121094,102988,0.0,0.0
2024-07-23 13:30:00-04:00,45.34000015258789,45.47999954223633,45.27000045776367,45.45000076293945,150619,0.0,0.0
2024-07-23 14:30:00-04:00,45.46989822387695,45.47999954223633,45.290000915527344,45.40999984741211,237123,0.0,0.0
2024-07-23 15:30:00-04:00,45.404998779296875,45.4900016784668,45.25,45.38999938964844,572152,0.0,0.0
2024-07-24 09:30:00-04:00,45.22999954223633,45.52000045776367,45.064998626708984,45.31999969482422,146764,0.0,0.0
2024-07-24 10:30:00-04:00,45.310001373291016,45.41999816894531,45.20000076293945,45.29999923706055,220928,0.0,0.0
2024-07-24 11:30:00-04:00,45.279998779296875,45.29999923706055,45.08000183105469,45.099998474121094,216983,0.0,0.0
2024-07-24 12:30:00-04:00,45.11000061035156,45.119998931884766,44.86000061035156,44.86000061035156,161002,0.0,0.0
2024-07-24 13:30:00-04:00,44.86000061035156,45.08000183105469,44.814998626708984,44.86000061035156,174857,0.0,0.0
2024-07-24 14:30:00-04:00,44.849998474121094,44.86000061035156,44.540000915527344,44.630001068115234,189132,0.0,0.0
2024-07-24 15:30:00-04:00,44.630001068115234,44.66999816894531,44.34000015258789,44.470001220703125,427377,0.0,0.0
2024-07-25 09:30:00-04:00,40.5,40.619998931884766,35.56999969482422,38.310001373291016,2270640,0.0,0.0
2024-07-25 10:30:00-04:00,38.310001373291016,39.06990051269531,38.084999084472656,38.869998931884766,854933,0.0,0.0
2024-07-25 11:30:00-04:00,38.86000061035156,39.52000045776367,38.80500030517578,39.505001068115234,592903,0.0,0.0
2024-07-25 12:30:00-04:00,39.5,39.606201171875,38.994998931884766,39.08729934692383,538571,0.0,0.0
2024-07-25 13:30:00-04:00,39.08000183105469,39.2599983215332,38.79010009765625,39.20000076293945,481006,0.0,0.0
2024-07-25 14:30:00-04:00,39.20000076293945,39.349998474121094,38.83000183105469,38.95500183105469,647865,0.0,0.0
2024-07-25 15:30:00-04:00,38.95500183105469,39.279998779296875,38.86000061035156,38.959999084472656,1360004,0.0,0.0
2024-07-26 09:30:00-04:00,39.27000045776367,40.03779983520508,38.95000076293945,39.90999984741211,699033,0.0,0.0
2024-07-26 10:30:00-04:00,39.90999984741211,40.255001068115234,39.75,40.1349983215332,727751,0.0,0.0
2024-07-26 11:30:00-04:00,40.150001525878906,40.380001068115234,40.14500045776367,40.154998779296875,275829,0.0,0.0
2024-07-26 12:30:00-04:00,40.154998779296875,40.599998474121094,40.099998474121094,40.40999984741211,295037,0.0,0.0
2024-07-26 13:30:00-04:00,40.380001068115234,40.59000015258789,40.255001068115234,40.29999923706055,325051,0.0,0.0
2024-07-26 14:30:00-04:00,40.290000915527344,40.290000915527344,40.02000045776367,40.20000076293945,321299,0.0,0.0
2024-07-26 15:30:00-04:00,40.189998626708984,40.275001525878906,40.10100173950195,40.189998626708984,675637,0.0,0.0
2024-07-29 09:30:00-04:00,40.400001525878906,40.43000030517578,39.560001373291016,39.560001373291016,252005,0.0,0.0
2024-07-29 10:30:00-04:00,39.560001373291016,39.56999969482422,39.310001373291016,39.439998626708984,254245,0.0,0.0
2024-07-29 11:30:00-04:00,39.41999816894531,39.779998779296875,39.29999923706055,39.65999984741211,203074,0.0,0.0
2024-07-29 12:30:00-04:00,39.65999984741211,39.86000061035156,39.599998474121094,39.709999084472656,135695,0.0,0.0
2024-07-29 13:30:00-04:00,39.689998626708984,39.70500183105469,39.529998779296875,39.66999816894531,152990,0.0,0.0
2024-07-29 14:30:00-04:00,39.66999816894531,40.220001220703125,39.63999938964844,39.930999755859375,484927,0.0,0.0
2024-07-29 15:30:00-04:00,39.938499450683594,40.209999084472656,39.93000030517578,40.16999816894531,481891,0.0,0.0
2024-07-30 09:30:00-04:00,40.31999969482422,40.89500045776367,40.06999969482422,40.529998779296875,302606,0.0,0.0
2024-07-30 10:30:00-04:00,40.52000045776367,40.72999954223633,40.459999084472656,40.625,188462,0.0,0.0
2024-07-30 11:30:00-04:00,40.619998931884766,40.70500183105469,40.5,40.58000183105469,179113,0.0,0.0
2024-07-30 12:30:00-04:00,40.59000015258789,40.70000076293945,40.505001068115234,40.625,201616,0.0,0.0
2024-07-30 13:30:00-04:00,40.630001068115234,40.68000030517578,40.56999969482422,40.575599670410156,163904,0.0,0.0
2024-07-30 14:30:00-04:00,40.56999969482422,40.66999816894531,40.5,40.625,193139,0.0,0.0
2024-07-30 15:30:00-04:00,40.619998931884766,40.970001220703125,40.60499954223633,40.849998474121094,432184,0.0,0.0
2024-07-31 09:30:00-04:00,41.189998626708984,41.189998626708984,40.220001220703125,40.755001068115234,290599,0.0,0.0
2024-07-31 10:30:00-04:00,40.790000915527344,41.0099983215332,40.66999816894531,40.97999954223633,168517,0.0,0.0
2024-07-31 11:30:00-04:00,40.970001220703125,41.45000076293945,40.8849983215332,41.310001373291016,185913,0.0,0.0
2024-07-31 12:30:00-04:00,41.310001373291016,41.48500061035156,41.27000045776367,41.43000030517578,224715,0.0,0.0
2024-07-31 13:30:00-04:00,41.45000076293945,41.56999969482422,41.349998474121094,41.46500015258789,333553,0.0,0.0
2024-07-31 14:30:00-04:00,41.46500015258789,42.2400016784668,41.41999816894531,41.779998779296875,413881,0.0,0.0
2024-07-31 15:30:00-04:00,41.77000045776367,41.810001373291016,41.41999816894531,41.5,541521,0.0,0.0
2024-08-01 09:30:00-04:00,41.599998474121094,42.0099983215332,40.709999084472656,40.83000183105469,260154,0.0,0.0
2024-08-01 10:30:00-04:00,40.83000183105469,40.91999816894531,40.38999938964844,40.400001525878906,168805,0.0,0.0
2024-08-01 11:30:00-04:00,40.349998474121094,40.400001525878906,40.11000061035156,40.1150016784668,116877,0.0,0.0
2024-08-01 12:30:00-04:00,40.11000061035156,40.15999984741211,39.97999954223633,40.119998931884766,135682,0.0,0.0
2024-08-01 13:30:00-04:00,40.119998931884766,40.31999969482422,39.9900016784668,40.130001068115234,149111,0.0,0.0
2024-08-01 14:30:00-04:00,40.09000015258789,40.25,40.040000915527344,40.18000030517578,151269,0.0,0.0
2024-08-01 15:30:00-04:00,40.20500183105469,40.369998931884766,40.11000061035156,40.15999984741211,485283,0.0,0.0
2024-08-02 09:30:00-04:00,39.900001525878906,40.06999969482422,39.41999816894531,39.75,246892,0.0,0.0
2024-08-02 10:30:00-04:00,39.75,39.900001525878906,39.619998931884766,39.76499938964844,222783,0.0,0.0
2024-08-02 11:30:00-04:00,39.75,40.06999969482422,39.52000045776367,40.040000915527344,111955,0.0,0.0
2024-08-02 12:30:00-04:00,40.040000915527344,40.13999938964844,39.970001220703125,40.029998779296875,141985,0.0,0.0
2024-08-02 13:30:00-04:00,40.029998779296875,40.10499954223633,39.88010025024414,40.09000015258789,111727,0.0,0.0
2024-08-02 14:30:00-04:00,40.09000015258789,40.16999816894531,39.97999954223633,40.11220169067383,131427,0.0,0.0
2024-08-02 15:30:00-04:00,40.11000061035156,40.185001373291016,40.0,40.150001525878906,255318,0.0,0.0
2024-08-05 09:30:00-04:00,39.22999954223633,39.41999816894531,38.800899505615234,39.06999969482422,228187,0.0,0.0
2024-08-05 10:30:00-04:00,39.119998931884766,39.45000076293945,39.08000183105469,39.41999816894531,190949,0.0,0.0
2024-08-05 11:30:00-04:00,39.400001525878906,39.65999984741211,39.3849983215332,39.63999938964844,99161,0.0,0.0
2024-08-05 12:30:00-04:00,39.6349983215332,39.78919982910156,39.5099983215332,39.709999084472656,195458,0.0,0.0
2024-08-05 13:30:00-04:00,39.7400016784668,39.849998474121094,39.599998474121094,39.77000045776367,190351,0.0,0.0
2024-08-05 14:30:00-04:00,39.7599983215332,39.78499984741211,39.4900016784668,39.505001068115234,205837,0.0,0.0
2024-08-05 15:30:00-04:00,39.5099983215332,39.5099983215332,39.17499923706055,39.27000045776367,295227,0.0,0.0
2024-08-06 09:30:00-04:00,39.27000045776367,40.0,38.970001220703125,39.880001068115234,160807,0.0,0.0
2024-08-06 10:30:00-04:00,39.869998931884766,40.09000015258789,39.45000076293945,39.459999084472656,113098,0.0,0.0
2024-08-06 11:30:00-04:00,39.4900016784668,39.744998931884766,39.4900016784668,39.71500015258789,86738,0.0,0.0
2024-08-06 12:30:00-04:00,39.720001220703125,39.86000061035156,39.630001068115234,39.86000061035156,103354,0.0,0.0
2024-08-06 13:30:00-04:00,39.86000061035156,40.09000015258789,39.849998474121094,40.06999969482422,133212,0.0,0.0
2024-08-06 14:30:00-04:00,40.08000183105469,40.16999816894531,39.810001373291016,39.93000030517578,161687,0.0,0.0
2024-08-06 15:30:00-04:00,39.95000076293945,39.97999954223633,39.58000183105469,39.59000015258789,252615,0.0,0.0
2024-08-07 09:30:00-04:00,39.845001220703125,40.38999938964844,39.75,39.75,127764,0.0,0.0
2024-08-07 10:30:00-04:00,39.72999954223633,40.11000061035156,39.724998474121094,40.06999969482422,118151,0.0,0.0
2024-08-07 11:30:00-04:00,40.06999969482422,40.14500045776367,39.65999984741211,39.849998474121094,163162,0.0,0.0
2024-08-07 12:30:00-04:00,39.84000015258789,39.84000015258789,39.435001373291016,39.56999969482422,99086,0.0,0.0
2024-08-07 13:30:00-04:00,39.595001220703125,39.650001525878906,39.06999969482422,39.15999984741211,241532,0.0,0.0
2024-08-07 14:30:00-04:00,39.150001525878906,39.310001373291016,39.099998474121094,39.279998779296875,155740,0.0,0.0
2024-08-07 15:30:00-04:00,39.27000045776367,39.29999923706055,38.79999923706055,38.810001373291016,454953,0.0,0.0
2024-08-08 09:30:00-04:00,39.16999816894531,39.63999938964844,39.169898986816406,39.56999969482422,122602,0.0,0.0
2024-08-08 10:30:00-04:00,39.54999923706055,39.55910110473633,39.36000061035156,39.470001220703125,108996,0.0,0.0
2024-08-08 11:30:00-04:00,39.459999084472656,39.5099983215332,39.310001373291016,39.310001373291016,86226,0.0,0.0
2024-08-08 12:30:00-04:00,39.290000915527344,39.4900016784668,39.22999954223633,39.4900016784668,124325,0.0,0.0
2024-08-08 13:30:00-04:00,39.52000045776367,39.55500030517578,39.349998474121094,39.36000061035156,150069,0.0,0.0
2024-08-08 14:30:00-04:00,39.369998931884766,39.478599548339844,39.310001373291016,39.39099884033203,131239,0.0,0.0
2024-08-08 15:30:00-04:00,39.38999938964844,39.459999084472656,39.29999923706055,39.43000030517578,224519,0.0,0.0
2024-08-09 09:30:00-04:00,39.400001525878906,39.400001525878906,38.88999938964844,39.1150016784668,85342,0.0,0.0
2024-08-09 10:30:00-04:00,39.125,39.33000183105469,39.0099983215332,39.130001068115234,114957,0.0,0.0
2024-08-09 11:30:00-04:00,39.130001068115234,39.20000076293945,39.060001373291016,39.06999969482422,70007,0.0,0.0
2024-08-09 12:30:00-04:00,39.06999969482422,39.13999938964844,39.0,39.13999938964844,108374,0.0,0.0
2024-08-09 13:30:00-04:00,39.150001525878906,39.150001525878906,38.97999954223633,39.02000045776367,103945,0.0,0.0
2024-08-09 14:30:00-04:00,39.02000045776367,39.130001068115234,38.994998931884766,39.119998931884766,107912,0.0,0.0
2024-08-09 15:30:00-04:00,39.1150016784668,39.130001068115234,39.00749969482422,39.08000183105469,222816,0.0,0.0
2024-08-12 09:30:00-04:00,39.04999923706055,39.279300689697266,38.68000030517578,38.959999084472656,170812,0.0,0.0
2024-08-12 10:30:00-04:00,38.97999954223633,39.040000915527344,38.68000030517578,38.720001220703125,132829,0.0,0.0
2024-08-12 11:30:00-04:00,38.720001220703125,38.880001068115234,38.650001525878906,38.849998474121094,115493,0.0,0.0
2024-08-12 12:30:00-04:00,38.83000183105469,38.86000061035156,38.58000183105469,38.599998474121094,180608,0.0,0.0
2024-08-12 13:30:00-04:00,38.61000061035156,38.720001220703125,38.560001373291016,38.665000915527344,152306,0.0,0.0
2024-08-12 14:30:00-04:00,38.65999984741211,38.709999084472656,38.560001373291016,38.70000076293945,278884,0.0,0.0
2024-08-12 15:30:00-04:00,38.70000076293945,38.72999954223633,38.400001525878906,38.47999954223633,530080,0.0,0.0
2024-08-13 09:30:00-04:00,38.66999816894531,38.859901428222656,38.34000015258789,38.66999816894531,177467,0.0,0.0
2024-08-13 10:30:00-04:00,38.63999938964844,38.801998138427734,38.58000183105469,38.599998474121094,111881,0.0,0.0
2024-08-13 11:30:00-04:00,38.599998474121094,39.029998779296875,38.599998474121094,38.99700164794922,240531,0.0,0.0
2024-08-13 12:30:00-04:00,38.994998931884766,39.09199905395508,38.959999084472656,39.04999923706055,80443,0.0,0.0
2024-08-13 13:30:00-04:00,39.040000915527344,39.070701599121094,38.95000076293945,39.06999969482422,105129,0.0,0.0
2024-08-13 14:30:00-04:00,39.060001373291016,39.13999938964844,39.060001373291016,39.13999938964844,103032,0.0,0.0
2024-08-13 15:30:00-04:00,39.134700775146484,39.224998474121094,39.01100158691406,39.130001068115234,219551,0.0,0.0
2024-08-14 09:30:00-04:00,39.189998626708984,39.189998626708984,38.810001373291016,38.9900016784668,219616,0.0,0.0
2024-08-14 10:30:00-04:00,38.98500061035156,39.02000045776367,38.869998931884766,38.970001220703125,140870,0.0,0.0
2024-08-14 11:30:00-04:00,38.959999084472656,39.314998626708984,38.959999084472656,39.209999084472656,69127,0.0,0.0
2024-08-14 12:30:00-04:00,39.189998626708984,39.34000015258789,39.18119812011719,39.2599983215332,66763,0.0,0.0
2024-08-14 13:30:00-04:00,39.25,39.41999816894531,39.25,39.35070037841797,111980,0.0,0.0
2024-08-14 14:30:00-04:00,39.36000061035156,39.45500183105469,39.32500076293945,39.32500076293945,131109,0.0,0.0
2024-08-14 15:30:00-04:00,39.31999969482422,39.4900016784668,39.290000915527344,39.400001525878906,229428,0.0,0.0
2024-08-15 09:30:00-04:00,39.86000061035156,40.20000076293945,39.529998779296875,39.61000061035156,138048,0.0,0.0
2024-08-15 10:30:00-04:00,39.630001068115234,39.90999984741211,39.599998474121094,39.81999969482422,83436,0.0,0.0
2024-08-15 11:30:00-04:00,39.79999923706055,39.939998626708984,39.76499938964844,39.939998626708984,68515,0.0,0.0
2024-08-15 12:30:00-04:00,39.939998626708984,40.05500030517578,39.82500076293945,40.025001525878906,133711,0.0,0.0
2024-08-15 13:30:00-04:00,40.029998779296875,40.04499816894531,39.779998779296875,39.91999816894531,172580,0.0,0.0
2024-08-15 14:30:00-04:00,39.93000030517578,40.0,39.880001068115234,39.97999954223633,153308,0.0,0.0
2024-08-15 15:30:00-04:00,39.97999954223633,40.0099983215332,39.84000015258789,39.9900016784668,292900,0.0,0.0
2024-08-16 09:30:00-04:00,39.93000030517578,40.279998779296875,39.820098876953125,40.209999084472656,244855,0.0,0.0
2024-08-16 10:30:00-04:00,40.20500183105469,40.26499938964844,40.099998474121094,40.26499938964844,128033,0.0,0.0
2024-08-16 11:30:00-04:00,40.260101318359375,40.4900016784668,40.25699996948242,40.475399017333984,149700,0.0,0.0
2024-08-16 12:30:00-04:00,40.4900016784668,40.51499938964844,40.279998779296875,40.33000183105469,116533,0.0,0.0
2024-08-16 13:30:00-04:00,40.33000183105469,40.404998779296875,40.30500030517578,40.334999084472656,122080,0.0,0.0
2024-08-16 14:30:00-04:00,40.334999084472656,40.334999084472656,40.2400016784668,40.2400016784668,132495,0.0,0.0
2024-08-16 15:30:00-04:00,40.22999954223633,40.349998474121094,40.20500183105469,40.290000915527344,190016,0.0,0.0
2024-08-19 09:30:00-04:00,40.349998474121094,40.689998626708984,40.310001373291016,40.599998474121094,118848,0.0,0.0
2024-08-19 10:30:00-04:00,40.59000015258789,41.040000915527344,40.57500076293945,41.0,183264,0.0,0.0
2024-08-19 11:30:00-04:00,41.0,41.04499816894531,40.959999084472656,41.040000915527344,88005,0.0,0.0
2024-08-19 12:30:00-04:00,41.029998779296875,41.04520034790039,40.97999954223633,40.97999954223633,90727,0.0,0.0
2024-08-19 13:30:00-04:00,40.974998474121094,41.13999938964844,40.959999084472656,41.064998626708984,126143,0.0,0.0
2024-08-19 14:30:00-04:00,41.064998626708984,41.11000061035156,40.91999816894531,41.029998779296875,167782,0.0,0.0
2024-08-19 15:30:00-04:00,41.025001525878906,41.14500045776367,41.025001525878906,41.130001068115234,292049,0.0,0.0
2024-08-20 09:30:00-04:00,41.25,41.310001373291016,40.91999816894531,41.02000045776367,136612,0.0,0.0
2024-08-20 10:30:00-04:00,41.040000915527344,41.13999938964844,40.83000183105469,40.845001220703125,85733,0.0,0.0
2024-08-20 11:30:00-04:00,40.86000061035156,40.974998474121094,40.849998474121094,40.869998931884766,67137,0.0,0.0
2024-08-20 12:30:00-04:00,40.869998931884766,40.90999984741211,40.810001373291016,40.814998626708984,52659,0.0,0.0
2024-08-20 13:30:00-04:00,40.814998626708984,41.14500045776367,40.79999923706055,41.04999923706055,90051,0.0,0.0
2024-08-20 14:30:00-04:00,41.04999923706055,41.08000183105469,40.994998931884766,41.08000183105469,98738,0.0,0.0
2024-08-20 15:30:00-04:00,41.08000183105469,41.220001220703125,41.0099983215332,41.11000061035156,233731,0.0,0.0
2024-08-21 09:30:00-04:00,41.2599983215332,41.650001525878906,41.189998626708984,41.494998931884766,145089,0.0,0.0
2024-08-21 10:30:00-04:00,41.5099983215332,41.709999084472656,41.43000030517578,41.68000030517578,93049,0.0,0.0
2024-08-21 11:30:00-04:00,41.689998626708984,41.79999923706055,41.689998626708984,41.790000915527344,87671,0.0,0.0
2024-08-21 12:30:00-04:00,41.790000915527344,41.86000061035156,41.77000045776367,41.83000183105469,69158,0.0,0.0
2024-08-21 13:30:00-04:00,41.849998474121094,41.93000030517578,41.689998626708984,41.76580047607422,99292,0.0,0.0
2024-08-21 14:30:00-04:00,41.779998779296875,41.90999984741211,41.709999084472656,41.88999938964844,130662,0.0,0.0
2024-08-21 15:30:00-04:00,41.88999938964844,41.900001525878906,41.79999923706055,41.880001068115234,190570,0.0,0.0
2024-08-22 09:30:00-04:00,41.939998626708984,42.11000061035156,41.599998474121094,41.61000061035156,97564,0.0,0.0
2024-08-22 10:30:00-04:00,41.619998931884766,41.810001373291016,41.5099983215332,41.58000183105469,94802,0.0,0.0
2024-08-22 11:30:00-04:00,41.56999969482422,41.7400016784668,41.560001373291016,41.73500061035156,51557,0.0,0.0
2024-08-22 12:30:00-04:00,41.7400016784668,41.779998779296875,41.650001525878906,41.650001525878906,60205,0.0,0.0
2024-08-22 13:30:00-04:00,41.6349983215332,41.845001220703125,41.58000183105469,41.810001373291016,87540,0.0,0.0
2024-08-22 14:30:00-04:00,41.810001373291016,41.93000030517578,41.790000915527344,41.86000061035156,82338,0.0,0.0
2024-08-22 15:30:00-04:00,41.869998931884766,41.880001068115234,41.67499923706055,41.79999923706055,166179,0.0,0.0
2024-08-23 09:30:00-04:00,42.040000915527344,42.279998779296875,41.84000015258789,42.25,125072,0.0,0.0
2024-08-23 10:30:00-04:00,42.2599983215332,42.74330139160156,42.2599983215332,42.709999084472656,67912,0.0,0.0
2024-08-23 11:30:00-04:00,42.720001220703125,42.91999816894531,42.5,42.505001068115234,208188,0.0,0.0
2024-08-23 12:30:00-04:00,42.5099983215332,42.68000030517578,42.492000579833984,42.67070007324219,47239,0.0,0.0
2024-08-23 13:30:00-04:00,42.63999938964844,42.69499969482422,42.599998474121094,42.650001525878906,56304,0.0,0.0
2024-08-23 14:30:00-04:00,42.63999938964844,42.685001373291016,42.619998931884766,42.650001525878906,73156,0.0,0.0
2024-08-23 15:30:00-04:00,42.650001525878906,42.654998779296875,42.54999923706055,42.63999938964844,197482,0.0,0.0
2024-08-26 09:30:00-04:00,42.84000015258789,42.9900016784668,42.630001068115234,42.92499923706055,137872,0.0,0.0
2024-08-26 10:30:00-04:00,42.92499923706055,43.16999816894531,42.66999816894531,42.70000076293945,148067,0.0,0.0
2024-08-26 11:30:00-04:00,42.69960021972656,42.70000076293945,42.5,42.63010025024414,116473,0.0,0.0
2024-08-26 12:30:00-04:00,42.63999938964844,42.77000045776367,42.6150016784668,42.70000076293945,105037,0.0,0.0
2024-08-26 13:30:00-04:00,42.689998626708984,42.70000076293945,42.52000045776367,42.68000030517578,73220,0.0,0.0
2024-08-26 14:30:00-04:00,42.68000030517578,42.72999954223633,42.5099983215332,42.58000183105469,90179,0.0,0.0
2024-08-26 15:30:00-04:00,42.57500076293945,42.630001068115234,42.494998931884766,42.58000183105469,211629,0.0,0.0
2024-08-27 09:30:00-04:00,42.5,42.625,42.310001373291016,42.5,161828,0.0,0.0
2024-08-27 10:30:00-04:00,42.4900016784668,42.55500030517578,42.43000030517578,42.45000076293945,106905,0.0,0.0
2024-08-27 11:30:00-04:00,42.45000076293945,42.505001068115234,42.400001525878906,42.43000030517578,71722,0.0,0.0
2024-08-27 12:30:00-04:00,42.43000030517578,42.44499969482422,42.33000183105469,42.44499969482422,65493,0.0,0.0
2024-08-27 13:30:00-04:00,42.46739959716797,42.5,42.435001373291016,42.45500183105469,81593,0.0,0.0
2024-08-27 14:30:00-04:00,42.45000076293945,42.499698638916016,42.375,42.39500045776367,106916,0.0,0.0
2024-08-27 15:30:00-04:00,42.38999938964844,42.435001373291016,42.27000045776367,42.41999816894531,215915,0.0,0.0
2024-08-28 09:30:00-04:00,42.22999954223633,42.3218994140625,41.97999954223633,42.2400016784668,183755,0.0,0.0
2024-08-28 10:30:00-04:00,42.25,42.310001373291016,42.16999816894531,42.209999084472656,141343,0.0,0.0
2024-08-28 11:30:00-04:00,42.20000076293945,42.20000076293945,41.93000030517578,41.95000076293945,114361,0.0,0.0
2024-08-28 12:30:00-04:00,41.95000076293945,42.079898834228516,41.90999984741211,42.040000915527344,103262,0.0,0.0
2024-08-28 13:30:00-04:00,42.029998779296875,42.060001373291016,41.959999084472656,41.98500061035156,137502,0.0,0.0
2024-08-28 14:30:00-04:00,41.974998474121094,42.09000015258789,41.869998931884766,42.01499938964844,155559,0.0,0.0
2024-08-28 15:30:00-04:00,42.0099983215332,42.029998779296875,41.86000061035156,41.900001525878906,359172,0.0,0.0
2024-08-29 09:30:00-04:00,42.189998626708984,42.189998626708984,41.61000061035156,42.119998931884766,117092,0.0,0.0
2024-08-29 10:30:00-04:00,42.11600112915039,42.150001525878906,41.90999984741211,42.06999969482422,71176,0.0,0.0
2024-08-29 11:30:00-04:00,42.08000183105469,42.14500045776367,41.97999954223633,42.0,239849,0.0,0.0
2024-08-29 12:30:00-04:00,42.0099983215332,42.029998779296875,41.869998931884766,41.880001068115234,84889,0.0,0.0
2024-08-29 13:30:00-04:00,41.875,42.119998931884766,41.875,41.9900016784668,203006,0.0,0.0
2024-08-29 14:30:00-04:00,41.9900016784668,41.9900016784668,41.85499954223633,41.93000030517578,139306,0.0,0.0
2024-08-29 15:30:00-04:00,41.92100143432617,41.93000030517578,41.52000045776367,41.58000183105469,296592,0.0,0.0
2024-08-30 09:30:00-04:00,41.849998474121094,41.959999084472656,41.66999816894531,41.95000076293945,137612,0.0,0.0
2024-08-30 10:30:00-04:00,41.95000076293945,42.02000045776367,41.630001068115234,41.69499969482422,166272,0.0,0.0
2024-08-30 11:30:00-04:00,41.69499969482422,41.70000076293945,41.53499984741211,41.54999923706055,173498,0.0,0.0
2024-08-30 12:30:00-04:00,41.529998779296875,41.595001220703125,41.43000030517578,41.439998626708984,94845,0.0,0.0
2024-08-30 13:30:00-04:00,41.45000076293945,41.470001220703125,41.320098876953125,41.369998931884766,141924,0.0,0.0
2024-08-30 14:30:00-04:00,41.369998931884766,41.5099983215332,41.29999923706055,41.400001525878906,275836,0.0,0.0
2024-08-30 15:30:00-04:00,41.400001525878906,41.69499969482422,41.3849983215332,41.560001373291016,825381,0.0,0.0
2024-09-03 09:30:00-04:00,41.36000061035156,41.59000015258789,40.959999084472656,41.13999938964844,136218,0.0,0.0
2024-09-03 10:30:00-04:00,41.119998931884766,41.5,41.09000015258789,41.45000076293945,178440,0.0,0.0
2024-09-03 11:30:00-04:00,41.459999084472656,41.54999923706055,41.39500045776367,41.529998779296875,109738,0.0,0.0
2024-09-03 12:30:00-04:00,41.529998779296875,41.61000061035156,41.415000915527344,41.59379959106445,92041,0.0,0.0
2024-09-03 13:30:00-04:00,41.59000015258789,41.7400016784668,41.540000915527344,41.59199905395508,195930,0.0,0.0
2024-09-03 14:30:00-04:00,41.599998474121094,41.63999938964844,41.44499969482422,41.53499984741211,192656,0.0,0.0
2024-09-03 15:30:00-04:00,41.540000915527344,41.564998626708984,41.27000045776367,41.29999923706055,359506,0.0,0.0
2024-09-04 09:30:00-04:00,41.15999984741211,41.52000045776367,41.15999984741211,41.310001373291016,170325,0.0,0.0
2024-09-04 10:30:00-04:00,41.310001373291016,41.459999084472656,41.18000030517578,41.189998626708984,165127,0.0,0.0
2024-09-04 11:30:00-04:00,41.185001373291016,41.345001220703125,41.130001068115234,41.18000030517578,137046,0.0,0.0
2024-09-04 12:30:00-04:00,41.20000076293945,41.40999984741211,41.20000076293945,41.40999984741211,152589,0.0,0.0
2024-09-04 13:30:00-04:00,41.41999816894531,41.45000076293945,41.28499984741211,41.439998626708984,177776,0.0,0.0
2024-09-04 14:30:00-04:00,41.43000030517578,41.529998779296875,41.380001068115234,41.52000045776367,278781,0.0,0.0
2024-09-04 15:30:00-04:00,41.52000045776367,41.66999816894531,41.45000076293945,41.59000015258789,355847,0.0,0.0
2024-09-05 09:30:00-04:00,41.61000061035156,41.79999923706055,40.68000030517578,40.7599983215332,280192,0.0,0.0
2024-09-05 10:30:00-04:00,40.77000045776367,40.90999984741211,40.68000030517578,40.790000915527344,182449,0.0,0.0
2024-09-05 11:30:00-04:00,40.790000915527344,40.83000183105469,40.310001373291016,40.560001373291016,124511,0.0,0.0
2024-09-05 12:30:00-04:00,40.54999923706055,40.595001220703125,40.404998779296875,40.41999816894531,104755,0.0,0.0
2024-09-05 13:30:00-04:00,40.400001525878906,40.720001220703125,40.375,40.64500045776367,160877,0.0,0.0
2024-09-05 14:30:00-04:00,40.654998779296875,40.81999969482422,40.599998474121094,40.7400016784668,191157,0.0,0.0
2024-09-05 15:30:00-04:00,40.72999954223633,40.83000183105469,40.66999816894531,40.72999954223633,295371,0.0,0.0
2024-09-06 09:30:00-04:00,40.79999923706055,41.060001373291016,40.529998779296875,40.599998474121094,141998,0.0,0.0
2024-09-06 10:30:00-04:00,40.59000015258789,40.779998779296875,40.41569900512695,40.45500183105469,153065,0.0,0.0
2024-09-06 11:30:00-04:00,40.459999084472656,40.525001525878906,40.33000183105469,40.380001068115234,105251,0.0,0.0
2024-09-06 12:30:00-04:00,40.38999938964844,40.459999084472656,40.34000015258789,40.36000061035156,83448,0.0,0.0
2024-09-06 13:30:00-04:00,40.33000183105469,40.400001525878906,40.224998474121094,40.27000045776367,101757,0.0,0.0
2024-09-06 14:30:00-04:00,40.275001525878906,40.30500030517578,40.130001068115234,40.18000030517578,198380,0.0,0.0
2024-09-06 15:30:00-04:00,40.17499923706055,40.189998626708984,39.900001525878906,39.9900016784668,367396,0.0,0.0
2024-09-09 09:30:00-04:00,40.09000015258789,40.4900016784668,39.97999954223633,40.310001373291016,201543,0.0,0.0
2024-09-09 10:30:00-04:00,40.290000915527344,40.400001525878906,40.1349983215332,40.18000030517578,159426,0.0,0.0
2024-09-09 11:30:00-04:00,40.189998626708984,40.29499816894531,40.16999816894531,40.19900131225586,126786,0.0,0.0
2024-09-09 12:30:00-04:00,40.196998596191406,40.31999969482422,40.17499923706055,40.20349884033203,186525,0.0,0.0
2024-09-09 13:30:00-04:00,40.20000076293945,40.225399017333984,40.06999969482422,40.21500015258789,161152,0.0,0.0
2024-09-09 14:30:00-04:00,40.21500015258789,40.21500015258789,40.0099983215332,40.01100158691406,198624,0.0,0.0
2024-09-09 15:30:00-04:00,40.02000045776367,40.02000045776367,39.86000061035156,39.9900016784668,571345,0.0,0.0
2024-09-10 09:30:00-04:00,39.9900016784668,40.09000015258789,38.66999816894531,38.939998626708984,379338,0.0,0.0
2024-09-10 10:30:00-04:00,38.93000030517578,39.14500045776367,38.68000030517578,38.7599983215332,280732,0.0,0.0
2024-09-10 11:30:00-04:00,38.77000045776367,38.88999938964844,38.630001068115234,38.88999938964844,200057,0.0,0.0
2024-09-10 12:30:00-04:00,38.88999938964844,39.310001373291016,38.88999938964844,39.099998474121094,237422,0.0,0.0
2024-09-10 13:30:00-04:00,39.099998474121094,39.16999816894531,38.93000030517578,38.974998474121094,146413,0.0,0.0
2024-09-10 14:30:00-04:00,38.974998474121094,39.099998474121094,38.970001220703125,39.040000915527344,149142,0.0,0.0
2024-09-10 15:30:00-04:00,39.040000915527344,39.04499816894531,38.85499954223633,39.0,358238,0.0,0.0
2024-09-11 09:30:00-04:00,38.81999969482422,38.81999969482422,37.86000061035156,37.93000030517578,385203,0.0,0.0
2024-09-11 10:30:00-04:00,37.91999816894531,38.099998474121094,37.834999084472656,38.005001068115234,196661,0.0,0.0
2024-09-11 11:30:00-04:00,38.02000045776367,38.220001220703125,38.0099983215332,38.20940017700195,127178,0.0,0.0
2024-09-11 12:30:00-04:00,38.224998474121094,38.45000076293945,38.165000915527344,38.34000015258789,116611,0.0,0.0
2024-09-11 13:30:00-04:00,38.358001708984375,38.82500076293945,38.35499954223633,38.71500015258789,308838,0.0,0.0
2024-09-11 14:30:00-04:00,38.72999954223633,38.88999938964844,38.709999084472656,38.81999969482422,153017,0.0,0.0
2024-09-11 15:30:00-04:00,38.80500030517578,38.8849983215332,38.71500015258789,38.83000183105469,394645,0.0,0.0
2024-09-12 09:30:00-04:00,38.9900016784668,39.38999938964844,38.76020050048828,39.20000076293945,254269,0.0,0.0
2024-09-12 10:30:00-04:00,39.20500183105469,39.560001373291016,39.15999984741211,39.5099983215332,160340,0.0,0.0
2024-09-12 11:30:00-04:00,39.52000045776367,39.70000076293945,39.31999969482422,39.31999969482422,144867,0.0,0.0
2024-09-12 12:30:00-04:00,39.310001373291016,39.525001525878906,39.279998779296875,39.494998931884766,112447,0.0,0.0
2024-09-12 13:30:00-04:00,39.5,39.72999954223633,39.5,39.560001373291016,136437,0.0,0.0
2024-09-12 14:30:00-04:00,39.54209899902344,39.56999969482422,39.380001068115234,39.435001373291016,186624,0.0,0.0
2024-09-12 15:30:00-04:00,39.435001373291016,39.709999084472656,39.43000030517578,39.70000076293945,390891,0.0,0.0
2024-09-13 09:30:00-04:00,40.06999969482422,40.959999084472656,39.994998931884766,40.93000030517578,235143,0.0,0.0
2024-09-13 10:30:00-04:00,40.93000030517578,41.119998931884766,40.70000076293945,40.70000076293945,242915,0.0,0.0
2024-09-13 11:30:00-04:00,40.724998474121094,40.79999923706055,40.64500045776367,40.650001525878906,226797,0.0,0.0
2024-09-13 12:30:00-04:00,40.650001525878906,40.81999969482422,40.63999938964844,40.75490188598633,267659,0.0,0.0
2024-09-13 13:30:00-04:00,40.7400016784668,40.849998474121094,40.650001525878906,40.78499984741211,221329,0.0,0.0
2024-09-13 14:30:00-04:00,40.76499938964844,40.8849983215332,40.67499923706055,40.86000061035156,258723,0.0,0.0
2024-09-13 15:30:00-04:00,40.86000061035156,41.08000183105469,40.814998626708984,41.04499816894531,398432,0.0,0.0
2024-09-16 09:30:00-04:00,41.119998931884766,41.529998779296875,40.82500076293945,40.86000061035156,485894,0.0,0.0
2024-09-16 10:30:00-04:00,40.84000015258789,40.84000015258789,40.614898681640625,40.614898681640625,159997,0.0,0.0
2024-09-16 11:30:00-04:00,40.619998931884766,40.619998931884766,40.48500061035156,40.61000061035156,114634,0.0,0.0
2024-09-16 12:30:00-04:00,40.619998931884766,40.689998626708984,40.31999969482422,40.369998931884766,107866,0.0,0.0
2024-09-16 13:30:00-04:00,40.34000015258789,40.560001373291016,40.32500076293945,40.560001373291016,155253,0.0,0.0
2024-09-16 14:30:00-04:00,40.56999969482422,40.70500183105469,40.49100112915039,40.494998931884766,153348,0.0,0.0
2024-09-16 15:30:00-04:00,40.4900016784668,40.56999969482422,40.36000061035156,40.43000030517578,350677,0.0,0.0
2024-09-17 09:30:00-04:00,40.619998931884766,41.09000015258789,40.619998931884766,41.04999923706055,386227,0.0,0.0
2024-09-17 10:30:00-04:00,41.04999923706055,41.154998779296875,40.9900016784668,41.130001068115234,459378,0.0,0.0
2024-09-17 11:30:00-04:00,41.119998931884766,41.255001068115234,41.02000045776367,41.08000183105469,151301,0.0,0.0
2024-09-17 12:30:00-04:00,41.06999969482422,41.06999969482422,40.83000183105469,40.974998474121094,65716,0.0,0.0
2024-09-17 13:30:00-04:00,40.959999084472656,41.0,40.849998474121094,40.90999984741211,67858,0.0,0.0
2024-09-17 14:30:00-04:00,40.900001525878906,40.93000030517578,40.84000015258789,40.88999938964844,71009,0.0,0.0
2024-09-17 15:30:00-04:00,40.880001068115234,40.880001068115234,40.790000915527344,40.84000015258789,282376,0.0,0.0
2024-09-18 09:30:00-04:00,41.040000915527344,41.43000030517578,40.91999816894531,41.0099983215332,268404,0.0,0.0
2024-09-18 10:30:00-04:00,40.970001220703125,40.970001220703125,40.75,40.814998626708984,123465,0.0,0.0
2024-09-18 11:30:00-04:00,40.81999969482422,40.880001068115234,40.775001525878906,40.83000183105469,114751,0.0,0.0
2024-09-18 12:30:00-04:00,40.81999969482422,40.91899871826172,40.810001373291016,40.904998779296875,67659,0.0,0.0
2024-09-18 13:30:00-04:00,40.900001525878906,41.20000076293945,40.779998779296875,41.02000045776367,299848,0.0,0.0
2024-09-18 14:30:00-04:00,41.029998779296875,41.102500915527344,40.6349983215332,40.869998931884766,463289,0.0,0.0
2024-09-18 15:30:00-04:00,40.88999938964844,40.91999816894531,40.54499816894531,40.77000045776367,400766,0.0,0.0
2024-09-19 09:30:00-04:00,41.41999816894531,41.66999816894531,40.810001373291016,40.939998626708984,255296,0.0,0.0
2024-09-19 10:30:00-04:00,40.970001220703125,41.06999969482422,40.72999954223633,40.97999954223633,257698,0.0,0.0
2024-09-19 11:30:00-04:00,40.974998474121094,41.0,40.810001373291016,40.880001068115234,145004,0.0,0.0
2024-09-19 12:30:00-04:00,40.88999938964844,41.029998779296875,40.8849983215332,40.91999816894531,195639,0.0,0.0
2024-09-19 13:30:00-04:00,40.92499923706055,41.0,40.83000183105469,40.869998931884766,135117,0.0,0.0
2024-09-19 14:30:00-04:00,40.869998931884766,40.88999938964844,40.73500061035156,40.779998779296875,183164,0.0,0.0
2024-09-19 15:30:00-04:00,40.779998779296875,40.95899963378906,40.709999084472656,40.75,487773,0.0,0.0
2024-09-20 09:30:00-04:00,40.369998931884766,40.439998626708984,39.98500061035156,40.3849983215332,518005,0.0,0.0
2024-09-20 10:30:00-04:00,40.369998931884766,40.380001068115234,40.130001068115234,40.17499923706055,187581,0.0,0.0
2024-09-20 11:30:00-04:00,40.16999816894531,40.290000915527344,40.130001068115234,40.28499984741211,193619,0.0,0.0
2024-09-20 12:30:00-04:00,40.279998779296875,40.36000061035156,40.2599983215332,40.2599983215332,132224,0.0,0.0
2024-09-20 13:30:00-04:00,40.25,40.275001525878906,40.09000015258789,40.099998474121094,124500,0.0,0.0
2024-09-20 14:30:00-04:00,40.09000015258789,40.13999938964844,39.96500015258789,40.064998626708984,244869,0.0,0.0
2024-09-20 15:30:00-04:00,40.064998626708984,40.18000030517578,39.959999084472656,40.02000045776367,590098,0.0,0.0
2024-09-23 09:30:00-04:00,40.02000045776367,40.58000183105469,39.79499816894531,40.040000915527344,208180,0.0,0.0
2024-09-23 10:30:00-04:00,40.040000915527344,40.119998931884766,39.939998626708984,40.005001068115234,230848,0.0,0.0
2024-09-23 11:30:00-04:00,40.005001068115234,40.119998931884766,39.95500183105469,40.119998931884766,154114,0.0,0.0
2024-09-23 12:30:00-04:00,40.1150016784668,40.33000183105469,40.1150016784668,40.310001373291016,153519,0.0,0.0
2024-09-23 13:30:00-04:00,40.31999969482422,40.369998931884766,40.130001068115234,40.165000915527344,195684,0.0,0.0
2024-09-23 14:30:00-04:00,40.17499923706055,40.244998931884766,40.06999969482422,40.20500183105469,218208,0.0,0.0
2024-09-23 15:30:00-04:00,40.20000076293945,40.27000045776367,40.11000061035156,40.119998931884766,895719,0.0,0.0
2024-09-24 09:30:00-04:00,40.439998626708984,40.54999923706055,40.150001525878906,40.5,155160,0.0,0.0
2024-09-24 10:30:00-04:00,40.560001373291016,40.560001373291016,40.15999984741211,40.18000030517578,140603,0.0,0.0
2024-09-24 11:30:00-04:00,40.18000030517578,40.209999084472656,40.08000183105469,40.150001525878906,103061,0.0,0.0
2024-09-24 12:30:00-04:00,40.150001525878906,40.33000183105469,40.13999938964844,40.275001525878906,96785,0.0,0.0
2024-09-24 13:30:00-04:00,40.275001525878906,40.349998474121094,40.20500183105469,40.28499984741211,128283,0.0,0.0
2024-09-24 14:30:00-04:00,40.28499984741211,40.334999084472656,40.222801208496094,40.310001373291016,142983,0.0,0.0
2024-09-24 15:30:00-04:00,40.310001373291016,40.310001373291016,40.084999084472656,40.165000915527344,384244,0.0,0.0
2024-09-25 09:30:00-04:00,40.119998931884766,40.45000076293945,39.58000183105469,39.619998931884766,160536,0.0,0.0
2024-09-25 10:30:00-04:00,39.62049865722656,39.7599983215332,39.57500076293945,39.7400016784668,141115,0.0,0.0
2024-09-25 11:30:00-04:00,39.72999954223633,39.7400016784668,39.56999969482422,39.59000015258789,129008,0.0,0.0
2024-09-25 12:30:00-04:00,39.58000183105469,39.63999938964844,39.52000045776367,39.52000045776367,108654,0.0,0.0
2024-09-25 13:30:00-04:00,39.5099983215332,39.560001373291016,39.36000061035156,39.380001068115234,114714,0.0,0.0
2024-09-25 14:30:00-04:00,39.3849983215332,39.48630142211914,39.31999969482422,39.334999084472656,187882,0.0,0.0
2024-09-25 15:30:00-04:00,39.33000183105469,39.334999084472656,39.040000915527344,39.08000183105469,589080,0.0,0.0
2024-09-26 09:30:00-04:00,39.31999969482422,39.65999984741211,39.2400016784668,39.5,224188,0.0,0.0
2024-09-26 10:30:00-04:00,39.5099983215332,39.70000076293945,39.5,39.630001068115234,218141,0.0,0.0
2024-09-26 11:30:00-04:00,39.630001068115234,39.88999938964844,39.630001068115234,39.849998474121094,186308,0.0,0.0
2024-09-26 12:30:00-04:00,39.83000183105469,39.939998626708984,39.80500030517578,39.93000030517578,263022,0.0,0.0
2024-09-26 13:30:00-04:00,39.95000076293945,40.01499938964844,39.849998474121094,39.8650016784668,242515,0.0,0.0
2024-09-26 14:30:00-04:00,39.86000061035156,39.939998626708984,39.810001373291016,39.810001373291016,193483,0.0,0.0
2024-09-26 15:30:00-04:00,39.814998626708984,40.13999938964844,39.79499816894531,40.09000015258789,350185,0.0,0.0
2024-09-27 09:30:00-04:00,40.5099983215332,40.61000061035156,40.345001220703125,40.505001068115234,250101,0.0,0.0
2024-09-27 10:30:00-04:00,40.4900016784668,40.68000030517578,40.46500015258789,40.68000030517578,392164,0.0,0.0
2024-09-27 11:30:00-04:00,40.66999816894531,40.75,40.540000915527344,40.59000015258789,465910,0.0,0.0
2024-09-27 12:30:00-04:00,40.584999084472656,40.595001220703125,40.290000915527344,40.380001068115234,136146,0.0,0.0
2024-09-27 13:30:00-04:00,40.38999938964844,40.5,40.38999938964844,40.40999984741211,131649,0.0,0.0
2024-09-27 14:30:00-04:00,40.40999984741211,40.505001068115234,40.34000015258789,40.39500045776367,171317,0.0,0.0
2024-09-27 15:30:00-04:00,40.39500045776367,40.52000045776367,40.29999923706055,40.36000061035156,605519,0.0,0.0
2024-09-30 09:30:00-04:00,40.255001068115234,40.45000076293945,40.04999923706055,40.04999923706055,135758,0.0,0.0
2024-09-30 10:30:00-04:00,40.060001373291016,40.209999084472656,40.060001373291016,40.099998474121094,117622,0.0,0.0
2024-09-30 11:30:00-04:00,40.04499816894531,40.09000015258789,39.95069885253906,39.974998474121094,99436,0.0,0.0
2024-09-30 12:30:00-04:00,39.970001220703125,40.125,39.90999984741211,40.05500030517578,97843,0.0,0.0
2024-09-30 13:30:00-04:00,40.04999923706055,40.08000183105469,39.65999984741211,39.75,114577,0.0,0.0
2024-09-30 14:30:00-04:00,39.75,39.810001373291016,39.68000030517578,39.76499938964844,145833,0.0,0.0
2024-09-30 15:30:00-04:00,39.77000045776367,39.97999954223633,39.744998931884766,39.90999984741211,305751,0.0,0.0
2024-10-01 09:30:00-04:00,40.0,40.099998474121094,39.349998474121094,39.45000076293945,162418,0.0,0.0
2024-10-01 10:30:00-04:00,39.45000076293945,39.65999984741211,39.2599983215332,39.63999938964844,150091,0.0,0.0
2024-10-01 11:30:00-04:00,39.66999816894531,40.02000045776367,39.66999816894531,39.95000076293945,150979,0.0,0.0
2024-10-01 12:30:00-04:00,39.939998626708984,40.040000915527344,39.79999923706055,39.82400131225586,135482,0.0,0.0
2024-10-01 13:30:00-04:00,39.81999969482422,40.15999984741211,39.81999969482422,40.119998931884766,114416,0.0,0.0
2024-10-01 14:30:00-04:00,40.119998931884766,40.18000030517578,40.040000915527344,40.064998626708984,138262,0.0,0.0
2024-10-01 15:30:00-04:00,40.060001373291016,40.07500076293945,39.900001525878906,40.0,345185,0.0,0.0
2024-10-02 09:30:00-04:00,39.77000045776367,40.18000030517578,39.7400016784668,39.744998931884766,240020,0.0,0.0
2024-10-02 10:30:00-04:00,39.720001220703125,39.915000915527344,39.65999984741211,39.76499938964844,122139,0.0,0.0
2024-10-02 11:30:00-04:00,39.75,39.814998626708984,39.599998474121094,39.691001892089844,143230,0.0,0.0
2024-10-02 12:30:00-04:00,39.68000030517578,39.68000030517578,39.41999816894531,39.41999816894531,112931,0.0,0.0
2024-10-02 13:30:00-04:00,39.41999816894531,39.54349899291992,39.34000015258789,39.40999984741211,315770,0.0,0.0
2024-10-02 14:30:00-04:00,39.40999984741211,39.540000915527344,39.39500045776367,39.41999816894531,181886,0.0,0.0
2024-10-02 15:30:00-04:00,39.42499923706055,39.505001068115234,39.25,39.38999938964844,370136,0.0,0.0
2024-10-03 09:30:00-04:00,39.18000030517578,39.224998474121094,38.560001373291016,38.77000045776367,394029,0.0,0.0
2024-10-03 10:30:00-04:00,38.7400016784668,39.11000061035156,38.72999954223633,39.06999969482422,142244,0.0,0.0
2024-10-03 11:30:00-04:00,39.084999084472656,39.29999923706055,39.084999084472656,39.189998626708984,130953,0.0,0.0
2024-10-03 12:30:00-04:00,39.185001373291016,39.185001373291016,38.93000030517578,39.13359832763672,227707,0.0,0.0
2024-10-03 13:30:00-04:00,39.14500045776367,39.20000076293945,39.02000045776367,39.05099868774414,276037,0.0,0.0
2024-10-03 14:30:00-04:00,39.04999923706055,39.185001373291016,38.95000076293945,39.119998931884766,372459,0.0,0.0
2024-10-03 15:30:00-04:00,39.119998931884766,39.244998931884766,39.04999923706055,39.15999984741211,539554,0.0,0.0
2024-10-04 09:30:00-04:00,39.380001068115234,39.959999084472656,39.290000915527344,39.439998626708984,270351,0.0,0.0
2024-10-04 10:30:00-04:00,39.439998626708984,39.58000183105469,39.290000915527344,39.33000183105469,108624,0.0,0.0
2024-10-04 11:30:00-04:00,39.310001373291016,39.45500183105469,39.279998779296875,39.290000915527344,108810,0.0,0.0
2024-10-04 12:30:00-04:00,39.290000915527344,39.439998626708984,39.26499938964844,39.27840042114258,133711,0.0,0.0
2024-10-04 13:30:00-04:00,39.279998779296875,39.279998779296875,39.13999938964844,39.15999984741211,140562,0.0,0.0
2024-10-04 14:30:00-04:00,39.150001525878906,39.26750183105469,39.08000183105469,39.224998474121094,443543,0.0,0.0
2024-10-04 15:30:00-04:00,39.220001220703125,39.279998779296875,39.150001525878906,39.20000076293945,535317,0.0,0.0
2024-10-07 09:30:00-04:00,39.22999954223633,39.2599983215332,38.775001525878906,38.900001525878906,203668,0.0,0.0
2024-10-07 10:30:00-04:00,38.9010009765625,38.95500183105469,38.63999938964844,38.63999938964844,137324,0.0,0.0
2024-10-07 11:30:00-04:00,38.63999938964844,38.70500183105469,38.529998779296875,38.70000076293945,147647,0.0,0.0
2024-10-07 12:30:00-04:00,38.70000076293945,38.84000015258789,38.63999938964844,38.810001373291016,118448,0.0,0.0
2024-10-07 13:30:00-04:00,38.79759979248047,38.81999969482422,38.630001068115234,38.64500045776367,115944,0.0,0.0
2024-10-07 14:30:00-04:00,38.63999938964844,38.63999938964844,38.459999084472656,38.584999084472656,152872,0.0,0.0
2024-10-07 15:30:00-04:00,38.59000015258789,38.76499938964844,38.54999923706055,38.63999938964844,280150,0.0,0.0
2024-10-08 09:30:00-04:00,38.459999084472656,38.58000183105469,38.2400016784668,38.29999923706055,217841,0.0,0.0
2024-10-08 10:30:00-04:00,38.290000915527344,38.630001068115234,38.25,38.4900016784668,198307,0.0,0.0
2024-10-08 11:30:00-04:00,38.49700164794922,38.709999084472656,38.45000076293945,38.709999084472656,393600,0.0,0.0
2024-10-08 12:30:00-04:00,38.709999084472656,38.709999084472656,38.349998474121094,38.40999984741211,146768,0.0,0.0
2024-10-08 13:30:00-04:00,38.400001525878906,38.400001525878906,38.2400016784668,38.29999923706055,373041,0.0,0.0
2024-10-08 14:30:00-04:00,38.29499816894531,38.39500045776367,38.14500045776367,38.22990036010742,418284,0.0,0.0
2024-10-08 15:30:00-04:00,38.224998474121094,38.380001068115234,38.15999984741211,38.209999084472656,654615,0.0,0.0
2024-10-09 09:30:00-04:00,38.22999954223633,38.73500061035156,38.150001525878906,38.470001220703125,217140,0.0,0.0
2024-10-09 10:30:00-04:00,38.470001220703125,38.91999816894531,38.40999984741211,38.849998474121094,215843,0.0,0.0
2024-10-09 11:30:00-04:00,38.849998474121094,38.86000061035156,38.654998779296875,38.689998626708984,240117,0.0,0.0
2024-10-09 12:30:00-04:00,38.68000030517578,38.68000030517578,38.439998626708984,38.47999954223633,206874,0.0,0.0
2024-10-09 13:30:00-04:00,38.47999954223633,38.51179885864258,38.34000015258789,38.369998931884766,186224,0.0,0.0
2024-10-09 14:30:00-04:00,38.36000061035156,38.52000045776367,38.33000183105469,38.505001068115234,163475,0.0,0.0
2024-10-09 15:30:00-04:00,38.505001068115234,38.53499984741211,38.400001525878906,38.40999984741211,500854,0.0,0.0
2024-10-10 09:30:00-04:00,38.40999984741211,38.52000045776367,38.130001068115234,38.279998779296875,355185,0.0,0.0
2024-10-10 10:30:00-04:00,38.290000915527344,38.31999969482422,38.119998931884766,38.270599365234375,172537,0.0,0.0
2024-10-10 11:30:00-04:00,38.27669906616211,38.439998626708984,38.189998626708984,38.415000915527344,238804,0.0,0.0
2024-10-10 12:30:00-04:00,38.40999984741211,38.412498474121094,38.189998626708984,38.31999969482422,199903,0.0,0.0
2024-10-10 13:30:00-04:00,38.33000183105469,38.40999984741211,38.244998931884766,38.2599983215332,142803,0.0,0.0
2024-10-10 14:30:00-04:00,38.2599983215332,38.28499984741211,38.150001525878906,38.21889877319336,244826,0.0,0.0
2024-10-10 15:30:00-04:00,38.209999084472656,38.45000076293945,38.189998626708984,38.310001373291016,473634,0.0,0.0
2024-10-11 09:30:00-04:00,38.33000183105469,39.0,38.33000183105469,38.974998474121094,222283,0.0,0.0
2024-10-11 10:30:00-04:00,38.970001220703125,39.19499969482422,38.970001220703125,39.189998626708984,147957,0.0,0.0
2024-10-11 11:30:00-04:00,39.18000030517578,39.27289962768555,38.959999084472656,38.959999084472656,118026,0.0,0.0
2024-10-11 12:30:00-04:00,38.96500015258789,39.12099838256836,38.959999084472656,39.11000061035156,106752,0.0,0.0
2024-10-11 13:30:00-04:00,39.11000061035156,39.20000076293945,39.029998779296875,39.03499984741211,131917,0.0,0.0
2024-10-11 14:30:00-04:00,39.029998779296875,39.150001525878906,39.000999450683594,39.060001373291016,185717,0.0,0.0
2024-10-11 15:30:00-04:00,39.060001373291016,39.154998779296875,38.9900016784668,39.029998779296875,532946,0.0,0.0
