Datetime,Open,High,Low,Close,Volume,Dividends,Stock Splits
2022-10-13 09:30:00-04:00,18.40999984741211,18.63800048828125,18.149999618530273,18.479999542236328,0,0.0,0.0
2022-10-13 10:30:00-04:00,18.440000534057617,19.174999237060547,18.424999237060547,19.010000228881836,38306,0.0,0.0
2022-10-13 11:30:00-04:00,18.965499877929688,19.360000610351562,18.959999084472656,19.1299991607666,36315,0.0,0.0
2022-10-13 12:30:00-04:00,19.1299991607666,19.40999984741211,19.09000015258789,19.40999984741211,18263,0.0,0.0
2022-10-13 13:30:00-04:00,19.440000534057617,19.489999771118164,19.059999465942383,19.06100082397461,28761,0.0,0.0
2022-10-13 14:30:00-04:00,19.079999923706055,19.3799991607666,19.079999923706055,19.34000015258789,71379,0.0,0.0
2022-10-13 15:30:00-04:00,19.350000381469727,19.350000381469727,19.1200008392334,19.19499969482422,106010,0.0,0.0
2022-10-14 09:30:00-04:00,19.420000076293945,19.5,18.899999618530273,19.030000686645508,40563,0.0,0.0
2022-10-14 10:30:00-04:00,19.040000915527344,19.260000228881836,18.989999771118164,19.06999969482422,28990,0.0,0.0
2022-10-14 11:30:00-04:00,19.059999465942383,19.09000015258789,18.84000015258789,18.950000762939453,18674,0.0,0.0
2022-10-14 12:30:00-04:00,19.049999237060547,19.049999237060547,18.829999923706055,18.8799991607666,14769,0.0,0.0
2022-10-14 13:30:00-04:00,18.889999389648438,18.969999313354492,18.850000381469727,18.950000762939453,22041,0.0,0.0
2022-10-14 14:30:00-04:00,18.940000534057617,19.020000457763672,18.850000381469727,18.950000762939453,22532,0.0,0.0
2022-10-14 15:30:00-04:00,18.959999084472656,18.979999542236328,18.670000076293945,18.709999084472656,102001,0.0,0.0
2022-10-17 09:30:00-04:00,19.1200008392334,19.539899826049805,19.034900665283203,19.459999084472656,69324,0.0,0.0
2022-10-17 10:30:00-04:00,19.459999084472656,19.600000381469727,19.429899215698242,19.53499984741211,38603,0.0,0.0
2022-10-17 11:30:00-04:00,19.540000915527344,19.670000076293945,19.469999313354492,19.469999313354492,36936,0.0,0.0
2022-10-17 12:30:00-04:00,19.469999313354492,19.510000228881836,19.360000610351562,19.434999465942383,13567,0.0,0.0
2022-10-17 13:30:00-04:00,19.420000076293945,19.46500015258789,19.350000381469727,19.399999618530273,26903,0.0,0.0
2022-10-17 14:30:00-04:00,19.40999984741211,19.5,19.360000610351562,19.459999084472656,33277,0.0,0.0
2022-10-17 15:30:00-04:00,19.479999542236328,19.760000228881836,19.469999313354492,19.6299991607666,102576,0.0,0.0
2022-10-18 09:30:00-04:00,20.1299991607666,20.829999923706055,20.1200008392334,20.510000228881836,57340,0.0,0.0
2022-10-18 10:30:00-04:00,20.514999389648438,20.625,20.280000686645508,20.295000076293945,55588,0.0,0.0
2022-10-18 11:30:00-04:00,20.299999237060547,20.309999465942383,20.040000915527344,20.18000030517578,40864,0.0,0.0
2022-10-18 12:30:00-04:00,20.170000076293945,20.280000686645508,20.040000915527344,20.280000686645508,39955,0.0,0.0
2022-10-18 13:30:00-04:00,20.264999389648438,20.34000015258789,20.219999313354492,20.280000686645508,35871,0.0,0.0
2022-10-18 14:30:00-04:00,20.280000686645508,20.280000686645508,19.959999084472656,20.040000915527344,37178,0.0,0.0
2022-10-18 15:30:00-04:00,20.0310001373291,20.15999984741211,19.989999771118164,20.010000228881836,60524,0.0,0.0
2022-10-19 09:30:00-04:00,19.649999618530273,19.649999618530273,19.170000076293945,19.325000762939453,45038,0.0,0.0
2022-10-19 10:30:00-04:00,19.34000015258789,19.350000381469727,19.020000457763672,19.020000457763672,35705,0.0,0.0
2022-10-19 11:30:00-04:00,19.030000686645508,19.049999237060547,18.700000762939453,18.700000762939453,55057,0.0,0.0
2022-10-19 12:30:00-04:00,18.719999313354492,18.719999313354492,18.56999969482422,18.674999237060547,24140,0.0,0.0
2022-10-19 13:30:00-04:00,18.68000030517578,18.90999984741211,18.65999984741211,18.875,41834,0.0,0.0
2022-10-19 14:30:00-04:00,18.889999389648438,18.950000762939453,18.770000457763672,18.8799991607666,52913,0.0,0.0
2022-10-19 15:30:00-04:00,18.8799991607666,19.030000686645508,18.860000610351562,19.030000686645508,97416,0.0,0.0
2022-10-20 09:30:00-04:00,18.920000076293945,19.3799991607666,18.799999237060547,19.350000381469727,34211,0.0,0.0
2022-10-20 10:30:00-04:00,19.3799991607666,19.489999771118164,19.229999542236328,19.450000762939453,26427,0.0,0.0
2022-10-20 11:30:00-04:00,19.440000534057617,19.520000457763672,18.969999313354492,18.979999542236328,20057,0.0,0.0
2022-10-20 12:30:00-04:00,19.030000686645508,19.049999237060547,18.75,18.840999603271484,27582,0.0,0.0
2022-10-20 13:30:00-04:00,18.840999603271484,18.8799991607666,18.6200008392334,18.625,16907,0.0,0.0
2022-10-20 14:30:00-04:00,18.639999389648438,18.829999923706055,18.600000381469727,18.709999084472656,30373,0.0,0.0
2022-10-20 15:30:00-04:00,18.719999313354492,18.899999618530273,18.684999465942383,18.780000686645508,57816,0.0,0.0
2022-10-21 09:30:00-04:00,18.940000534057617,19.170000076293945,18.549999237060547,18.860000610351562,33970,0.0,0.0
2022-10-21 10:30:00-04:00,18.889999389648438,18.969999313354492,18.690000534057617,18.969999313354492,13874,0.0,0.0
2022-10-21 11:30:00-04:00,18.979999542236328,19.479999542236328,18.959999084472656,19.299999237060547,32454,0.0,0.0
2022-10-21 12:30:00-04:00,19.295000076293945,19.40999984741211,19.170000076293945,19.334999084472656,37354,0.0,0.0
2022-10-21 13:30:00-04:00,19.3700008392334,19.549999237060547,19.299999237060547,19.479999542236328,28910,0.0,0.0
2022-10-21 14:30:00-04:00,19.5,19.530000686645508,19.200000762939453,19.399999618530273,37341,0.0,0.0
2022-10-21 15:30:00-04:00,19.389999389648438,19.6299991607666,19.3799991607666,19.56999969482422,87569,0.0,0.0
2022-10-24 09:30:00-04:00,19.610000610351562,19.719999313354492,18.760000228881836,18.81999969482422,37742,0.0,0.0
2022-10-24 10:30:00-04:00,18.790000915527344,19.059999465942383,18.760000228881836,19.010000228881836,27230,0.0,0.0
2022-10-24 11:30:00-04:00,19.0,19.170000076293945,18.989999771118164,19.049999237060547,16693,0.0,0.0
2022-10-24 12:30:00-04:00,19.030000686645508,19.049999237060547,18.8700008392334,18.8700008392334,12975,0.0,0.0
2022-10-24 13:30:00-04:00,18.864999771118164,18.920000076293945,18.78499984741211,18.854999542236328,21438,0.0,0.0
2022-10-24 14:30:00-04:00,18.850000381469727,18.924999237060547,18.809999465942383,18.8700008392334,24162,0.0,0.0
2022-10-24 15:30:00-04:00,18.889999389648438,18.90999984741211,18.84000015258789,18.860000610351562,59192,0.0,0.0
2022-10-25 09:30:00-04:00,18.989999771118164,19.59000015258789,18.989999771118164,19.58300018310547,65175,0.0,0.0
2022-10-25 10:30:00-04:00,19.603200912475586,19.6299991607666,19.389999389648438,19.459999084472656,58175,0.0,0.0
2022-10-25 11:30:00-04:00,19.450000762939453,19.600000381469727,19.3700008392334,19.4950008392334,53880,0.0,0.0
2022-10-25 12:30:00-04:00,19.4950008392334,19.514999389648438,19.399999618530273,19.479999542236328,32936,0.0,0.0
2022-10-25 13:30:00-04:00,19.489999771118164,19.600000381469727,19.469999313354492,19.514999389648438,38638,0.0,0.0
2022-10-25 14:30:00-04:00,19.514999389648438,19.6200008392334,19.5,19.594999313354492,41906,0.0,0.0
2022-10-25 15:30:00-04:00,19.594999313354492,19.670000076293945,19.530000686645508,19.55500030517578,141568,0.0,0.0
2022-10-26 09:30:00-04:00,19.68000030517578,20.15999984741211,19.604999542236328,20.100000381469727,49455,0.0,0.0
2022-10-26 10:30:00-04:00,20.110000610351562,20.579999923706055,20.059999465942383,20.559999465942383,48782,0.0,0.0
2022-10-26 11:30:00-04:00,20.600000381469727,20.649999618530273,20.459999084472656,20.489999771118164,24586,0.0,0.0
2022-10-26 12:30:00-04:00,20.520000457763672,20.56999969482422,20.110000610351562,20.1200008392334,28844,0.0,0.0
2022-10-26 13:30:00-04:00,20.100000381469727,20.229999542236328,20.079999923706055,20.170000076293945,18285,0.0,0.0
2022-10-26 14:30:00-04:00,20.170000076293945,20.219999313354492,20.010000228881836,20.15999984741211,30117,0.0,0.0
2022-10-26 15:30:00-04:00,20.190000534057617,20.270000457763672,20.049999237060547,20.059999465942383,87763,0.0,0.0
2022-10-27 09:30:00-04:00,20.3799991607666,20.3799991607666,19.760000228881836,20.049999237060547,36750,0.0,0.0
2022-10-27 10:30:00-04:00,20.010000228881836,20.260000228881836,19.84000015258789,20.25,37881,0.0,0.0
2022-10-27 11:30:00-04:00,20.219999313354492,20.34000015258789,20.040000915527344,20.170000076293945,34359,0.0,0.0
2022-10-27 12:30:00-04:00,20.200000762939453,20.375,20.200000762939453,20.280000686645508,29493,0.0,0.0
2022-10-27 13:30:00-04:00,20.260000228881836,20.280000686645508,20.110000610351562,20.170000076293945,28406,0.0,0.0
2022-10-27 14:30:00-04:00,20.15999984741211,20.209999084472656,19.899999618530273,20.049999237060547,41080,0.0,0.0
2022-10-27 15:30:00-04:00,20.059999465942383,20.25,20.049999237060547,20.190000534057617,93383,0.0,0.0
2022-10-28 09:30:00-04:00,20.299999237060547,20.350000381469727,19.881000518798828,19.954999923706055,49730,0.0,0.0
2022-10-28 10:30:00-04:00,19.989999771118164,20.2549991607666,19.920000076293945,20.21500015258789,26342,0.0,0.0
2022-10-28 11:30:00-04:00,20.25,20.760000228881836,20.2450008392334,20.760000228881836,27358,0.0,0.0
2022-10-28 12:30:00-04:00,20.75,20.854999542236328,20.649999618530273,20.68000030517578,30173,0.0,0.0
2022-10-28 13:30:00-04:00,20.690000534057617,20.700000762939453,20.485000610351562,20.549999237060547,65722,0.0,0.0
2022-10-28 14:30:00-04:00,20.540000915527344,20.795000076293945,20.540000915527344,20.709999084472656,81054,0.0,0.0
2022-10-28 15:30:00-04:00,20.704999923706055,21.06999969482422,20.704999923706055,20.829999923706055,162964,0.0,0.0
2022-10-31 09:30:00-04:00,20.43000030517578,20.68000030517578,20.30500030517578,20.600000381469727,46518,0.0,0.0
2022-10-31 10:30:00-04:00,20.559999465942383,20.815000534057617,20.489999771118164,20.815000534057617,36534,0.0,0.0
2022-10-31 11:30:00-04:00,20.780000686645508,21.045000076293945,20.770000457763672,20.860000610351562,47180,0.0,0.0
2022-10-31 12:30:00-04:00,20.829999923706055,20.959999084472656,20.78499984741211,20.950000762939453,38728,0.0,0.0
2022-10-31 13:30:00-04:00,20.979999542236328,20.979999542236328,20.81999969482422,20.90999984741211,32565,0.0,0.0
2022-10-31 14:30:00-04:00,20.93000030517578,21.0,20.709999084472656,20.8799991607666,38870,0.0,0.0
2022-10-31 15:30:00-04:00,20.8700008392334,21.049999237060547,20.729999542236328,20.75,142657,0.0,0.0
2022-11-01 09:30:00-04:00,19.43000030517578,19.81999969482422,17.040000915527344,17.170000076293945,126662,0.0,0.0
2022-11-01 10:30:00-04:00,17.170000076293945,17.56760025024414,15.9399995803833,17.049999237060547,179605,0.0,0.0
2022-11-01 11:30:00-04:00,17.079999923706055,17.665000915527344,16.549999237060547,17.604999542236328,123177,0.0,0.0
2022-11-01 12:30:00-04:00,17.6200008392334,17.860000610351562,17.270000457763672,17.610000610351562,120237,0.0,0.0
2022-11-01 13:30:00-04:00,17.610000610351562,17.610000610351562,17.1299991607666,17.549999237060547,96508,0.0,0.0
2022-11-01 14:30:00-04:00,17.549999237060547,17.549999237060547,17.104999542236328,17.149999618530273,89590,0.0,0.0
2022-11-01 15:30:00-04:00,17.15999984741211,17.56999969482422,17.010000228881836,17.489999771118164,325728,0.0,0.0
2022-11-02 09:30:00-04:00,17.309999465942383,17.399999618530273,16.770000457763672,16.940000534057617,167161,0.0,0.0
2022-11-02 10:30:00-04:00,16.94499969482422,17.139999389648438,16.31999969482422,16.40999984741211,84951,0.0,0.0
2022-11-02 11:30:00-04:00,16.3799991607666,16.399999618530273,16.135000228881836,16.25,87408,0.0,0.0
2022-11-02 12:30:00-04:00,16.260000228881836,16.43000030517578,16.200000762939453,16.200000762939453,91750,0.0,0.0
2022-11-02 13:30:00-04:00,16.18000030517578,16.975000381469727,15.90999984741211,16.600000381469727,170889,0.0,0.0
2022-11-02 14:30:00-04:00,16.600000381469727,16.90999984741211,16.139999389648438,16.219999313354492,338428,0.0,0.0
2022-11-02 15:30:00-04:00,16.229999542236328,16.459999084472656,16.09000015258789,16.290000915527344,382723,0.0,0.0
2022-11-03 09:30:00-04:00,15.979999542236328,16.100000381469727,15.380000114440918,16.09000015258789,212880,0.0,0.0
2022-11-03 10:30:00-04:00,16.06999969482422,16.06999969482422,15.699999809265137,15.741000175476074,60455,0.0,0.0
2022-11-03 11:30:00-04:00,15.770000457763672,15.850000381469727,15.6899995803833,15.729999542236328,44073,0.0,0.0
2022-11-03 12:30:00-04:00,15.744999885559082,15.760000228881836,15.420100212097168,15.420100212097168,52121,0.0,0.0
2022-11-03 13:30:00-04:00,15.420000076293945,15.600000381469727,15.380000114440918,15.59000015258789,71952,0.0,0.0
2022-11-03 14:30:00-04:00,15.579999923706055,15.864999771118164,15.520000457763672,15.699999809265137,96296,0.0,0.0
2022-11-03 15:30:00-04:00,15.6899995803833,15.800000190734863,15.609999656677246,15.760000228881836,220003,0.0,0.0
2022-11-04 09:30:00-04:00,16.110000610351562,16.299999237060547,15.6899995803833,16.2455997467041,48864,0.0,0.0
2022-11-04 10:30:00-04:00,16.260000228881836,16.549999237060547,16.209999084472656,16.350000381469727,66369,0.0,0.0
2022-11-04 11:30:00-04:00,16.293800354003906,16.420000076293945,16.15999984741211,16.420000076293945,44043,0.0,0.0
2022-11-04 12:30:00-04:00,16.389999389648438,16.40999984741211,16.149999618530273,16.15999984741211,30980,0.0,0.0
2022-11-04 13:30:00-04:00,16.145000457763672,16.334999084472656,16.145000457763672,16.329999923706055,33649,0.0,0.0
2022-11-04 14:30:00-04:00,16.329999923706055,16.459999084472656,16.270000457763672,16.389999389648438,37682,0.0,0.0
2022-11-04 15:30:00-04:00,16.389999389648438,16.600000381469727,16.34000015258789,16.549999237060547,115900,0.0,0.0
2022-11-07 09:30:00-05:00,16.6200008392334,16.729999542236328,16.114999771118164,16.15999984741211,79322,0.0,0.0
2022-11-07 10:30:00-05:00,16.150100708007812,16.3799991607666,16.084999084472656,16.3799991607666,36286,0.0,0.0
2022-11-07 11:30:00-05:00,16.350000381469727,16.389999389648438,16.145000457763672,16.239999771118164,41949,0.0,0.0
2022-11-07 12:30:00-05:00,16.239999771118164,16.274599075317383,16.030000686645508,16.059999465942383,41036,0.0,0.0
2022-11-07 13:30:00-05:00,16.079999923706055,16.479999542236328,16.00309944152832,16.469999313354492,43380,0.0,0.0
2022-11-07 14:30:00-05:00,16.454999923706055,16.4950008392334,16.059999465942383,16.3700008392334,101834,0.0,0.0
2022-11-07 15:30:00-05:00,16.360000610351562,16.489999771118164,16.229999542236328,16.280000686645508,146135,0.0,0.0
2022-11-08 09:30:00-05:00,16.440000534057617,16.68000030517578,16.270000457763672,16.68000030517578,38443,0.0,0.0
2022-11-08 10:30:00-05:00,16.670000076293945,17.110000610351562,16.639999389648438,17.110000610351562,48601,0.0,0.0
2022-11-08 11:30:00-05:00,17.139999389648438,17.3700008392334,17.139999389648438,17.360000610351562,49492,0.0,0.0
2022-11-08 12:30:00-05:00,17.360000610351562,17.360000610351562,17.18000030517578,17.190000534057617,73427,0.0,0.0
2022-11-08 13:30:00-05:00,17.145000457763672,17.549999237060547,17.110000610351562,17.420000076293945,140927,0.0,0.0
2022-11-08 14:30:00-05:00,17.420000076293945,17.809999465942383,17.40999984741211,17.799999237060547,133913,0.0,0.0
2022-11-08 15:30:00-05:00,17.809999465942383,18.010000228881836,17.799999237060547,18.010000228881836,196104,0.0,0.0
2022-11-09 09:30:00-05:00,17.860000610351562,18.559999465942383,17.559999465942383,18.540000915527344,74588,0.0,0.0
2022-11-09 10:30:00-05:00,18.545000076293945,18.829999923706055,18.489999771118164,18.829999923706055,136798,0.0,0.0
2022-11-09 11:30:00-05:00,18.809999465942383,18.825599670410156,18.690000534057617,18.770000457763672,64955,0.0,0.0
2022-11-09 12:30:00-05:00,18.760000228881836,18.799999237060547,18.040000915527344,18.094999313354492,81819,0.0,0.0
2022-11-09 13:30:00-05:00,18.09000015258789,18.34000015258789,18.06999969482422,18.34000015258789,45359,0.0,0.0
2022-11-09 14:30:00-05:00,18.31999969482422,18.3700008392334,18.229999542236328,18.35099983215332,80294,0.0,0.0
2022-11-09 15:30:00-05:00,18.350000381469727,18.459999084472656,18.31999969482422,18.43000030517578,179589,0.0,0.0
2022-11-10 09:30:00-05:00,19.350000381469727,20.559999465942383,18.850000381469727,20.350000381469727,144580,0.0,0.0
2022-11-10 10:30:00-05:00,20.350000381469727,20.739999771118164,20.299999237060547,20.540000915527344,143065,0.0,0.0
2022-11-10 11:30:00-05:00,20.584999084472656,20.709999084472656,20.5,20.600000381469727,69181,0.0,0.0
2022-11-10 12:30:00-05:00,20.559999465942383,20.6299991607666,20.1200008392334,20.149999618530273,65275,0.0,0.0
2022-11-10 13:30:00-05:00,20.139999389648438,20.280000686645508,19.979999542236328,20.260000228881836,64179,0.0,0.0
2022-11-10 14:30:00-05:00,20.25,20.579999923706055,20.15999984741211,20.55500030517578,113374,0.0,0.0
2022-11-10 15:30:00-05:00,20.565000534057617,20.84000015258789,20.540000915527344,20.600000381469727,159699,0.0,0.0
2022-11-11 09:30:00-05:00,20.549999237060547,22.170000076293945,20.06999969482422,21.920000076293945,90544,0.0,0.0
2022-11-11 10:30:00-05:00,21.950000762939453,21.985300064086914,21.386600494384766,21.386600494384766,40432,0.0,0.0
2022-11-11 11:30:00-05:00,21.385000228881836,21.459999084472656,21.079999923706055,21.079999923706055,29183,0.0,0.0
2022-11-11 12:30:00-05:00,21.06999969482422,21.40999984741211,21.06999969482422,21.40999984741211,35968,0.0,0.0
2022-11-11 13:30:00-05:00,21.399999618530273,21.652999877929688,21.389999389648438,21.530000686645508,50438,0.0,0.0
2022-11-11 14:30:00-05:00,21.514999389648438,21.709999084472656,21.110000610351562,21.260000228881836,85654,0.0,0.0
2022-11-11 15:30:00-05:00,21.260000228881836,21.31999969482422,20.959999084472656,21.010000228881836,160233,0.0,0.0
2022-11-14 09:30:00-05:00,20.860000610351562,21.0,20.549999237060547,20.790000915527344,52900,0.0,0.0
2022-11-14 10:30:00-05:00,20.790000915527344,20.979999542236328,20.43000030517578,20.5,54394,0.0,0.0
2022-11-14 11:30:00-05:00,20.549999237060547,20.84000015258789,20.469999313354492,20.4950008392334,31909,0.0,0.0
2022-11-14 12:30:00-05:00,20.489999771118164,20.709999084472656,20.479999542236328,20.600000381469727,26620,0.0,0.0
2022-11-14 13:30:00-05:00,20.610000610351562,20.7450008392334,20.489999771118164,20.7450008392334,36301,0.0,0.0
2022-11-14 14:30:00-05:00,20.739999771118164,20.809999465942383,20.4950008392334,20.600000381469727,51624,0.0,0.0
2022-11-14 15:30:00-05:00,20.584999084472656,20.670000076293945,20.31999969482422,20.3700008392334,108938,0.0,0.0
2022-11-15 09:30:00-05:00,20.639999389648438,21.09000015258789,20.639999389648438,20.90999984741211,34799,0.0,0.0
2022-11-15 10:30:00-05:00,20.959999084472656,21.280000686645508,20.864999771118164,21.190000534057617,30535,0.0,0.0
2022-11-15 11:30:00-05:00,21.270000457763672,21.270000457763672,20.989999771118164,21.040000915527344,21688,0.0,0.0
2022-11-15 12:30:00-05:00,21.059999465942383,21.149999618530273,20.68000030517578,20.68000030517578,30082,0.0,0.0
2022-11-15 13:30:00-05:00,20.674999237060547,20.725000381469727,20.469999313354492,20.700000762939453,46104,0.0,0.0
2022-11-15 14:30:00-05:00,20.700000762939453,21.059999465942383,20.700000762939453,21.010000228881836,37053,0.0,0.0
2022-11-15 15:30:00-05:00,21.010000228881836,21.049999237060547,20.770000457763672,20.8799991607666,114860,0.0,0.0
2022-11-16 09:30:00-05:00,20.780000686645508,20.8700008392334,19.56999969482422,19.780000686645508,93864,0.0,0.0
2022-11-16 10:30:00-05:00,19.790000915527344,20.209999084472656,19.78499984741211,20.139999389648438,44925,0.0,0.0
2022-11-16 11:30:00-05:00,20.114999771118164,20.123899459838867,19.709999084472656,19.799999237060547,73839,0.0,0.0
2022-11-16 12:30:00-05:00,19.80500030517578,20.020000457763672,19.790000915527344,19.920000076293945,40073,0.0,0.0
2022-11-16 13:30:00-05:00,19.93000030517578,20.200000762939453,19.889999389648438,20.18000030517578,34125,0.0,0.0
2022-11-16 14:30:00-05:00,20.170000076293945,20.229999542236328,19.84000015258789,19.920000076293945,53779,0.0,0.0
2022-11-16 15:30:00-05:00,19.959999084472656,20.1200008392334,19.920000076293945,19.93000030517578,144065,0.0,0.0
2022-11-17 09:30:00-05:00,19.760000228881836,19.969999313354492,18.920000076293945,18.989999771118164,60359,0.0,0.0
2022-11-17 10:30:00-05:00,19.024999618530273,19.18000030517578,18.969999313354492,19.155000686645508,65606,0.0,0.0
2022-11-17 11:30:00-05:00,19.139999389648438,19.59000015258789,18.940000534057617,19.31999969482422,68115,0.0,0.0
2022-11-17 12:30:00-05:00,19.31999969482422,19.709999084472656,19.30500030517578,19.420000076293945,42725,0.0,0.0
2022-11-17 13:30:00-05:00,19.399999618530273,19.469999313354492,19.31999969482422,19.3799991607666,35323,0.0,0.0
2022-11-17 14:30:00-05:00,19.3700008392334,19.395999908447266,19.100000381469727,19.1299991607666,49036,0.0,0.0
2022-11-17 15:30:00-05:00,19.15999984741211,19.280000686645508,19.139999389648438,19.270000457763672,96862,0.0,0.0
2022-11-18 09:30:00-05:00,19.780000686645508,19.969999313354492,19.559999465942383,19.790000915527344,62767,0.0,0.0
2022-11-18 10:30:00-05:00,19.84910011291504,19.84910011291504,19.1200008392334,19.309999465942383,72551,0.0,0.0
2022-11-18 11:30:00-05:00,19.25,19.260000228881836,18.93000030517578,19.06999969482422,51636,0.0,0.0
2022-11-18 12:30:00-05:00,19.110000610351562,19.149999618530273,18.979999542236328,19.145000457763672,54614,0.0,0.0
2022-11-18 13:30:00-05:00,19.15999984741211,19.15999984741211,18.93000030517578,19.040000915527344,29829,0.0,0.0
2022-11-18 14:30:00-05:00,19.049999237060547,19.1299991607666,18.959999084472656,19.079999923706055,42011,0.0,0.0
2022-11-18 15:30:00-05:00,19.06999969482422,19.100000381469727,18.889999389648438,19.010000228881836,140351,0.0,0.0
2022-11-21 09:30:00-05:00,18.899999618530273,19.100000381469727,18.700000762939453,18.969999313354492,47112,0.0,0.0
2022-11-21 10:30:00-05:00,18.940000534057617,19.229999542236328,18.850000381469727,19.18000030517578,34909,0.0,0.0
2022-11-21 11:30:00-05:00,19.209999084472656,19.23900032043457,19.110000610351562,19.1200008392334,25159,0.0,0.0
2022-11-21 12:30:00-05:00,19.1200008392334,19.229999542236328,19.110000610351562,19.159000396728516,32820,0.0,0.0
2022-11-21 13:30:00-05:00,19.15999984741211,19.3700008392334,19.1299991607666,19.235000610351562,35921,0.0,0.0
2022-11-21 14:30:00-05:00,19.229999542236328,19.31999969482422,19.190000534057617,19.219999313354492,37775,0.0,0.0
2022-11-21 15:30:00-05:00,19.219999313354492,19.40999984741211,19.219999313354492,19.34000015258789,89314,0.0,0.0
2022-11-22 09:30:00-05:00,19.559999465942383,19.850000381469727,19.260000228881836,19.6299991607666,35797,0.0,0.0
2022-11-22 10:30:00-05:00,19.639999389648438,19.690000534057617,19.450000762939453,19.639999389648438,33204,0.0,0.0
2022-11-22 11:30:00-05:00,19.610000610351562,19.649999618530273,19.459999084472656,19.600000381469727,25378,0.0,0.0
2022-11-22 12:30:00-05:00,19.604999542236328,19.689899444580078,19.540000915527344,19.59000015258789,25987,0.0,0.0
2022-11-22 13:30:00-05:00,19.599000930786133,19.649999618530273,19.549999237060547,19.600000381469727,25245,0.0,0.0
2022-11-22 14:30:00-05:00,19.610000610351562,19.780000686645508,19.530000686645508,19.760000228881836,32923,0.0,0.0
2022-11-22 15:30:00-05:00,19.75,19.950000762939453,19.700000762939453,19.770000457763672,90978,0.0,0.0
2022-11-23 09:30:00-05:00,19.68000030517578,19.93000030517578,19.549999237060547,19.649999618530273,13628,0.0,0.0
2022-11-23 10:30:00-05:00,19.665000915527344,19.809999465942383,19.549999237060547,19.56999969482422,19176,0.0,0.0
2022-11-23 11:30:00-05:00,19.549999237060547,19.56999969482422,19.43000030517578,19.469999313354492,16657,0.0,0.0
2022-11-23 12:30:00-05:00,19.469999313354492,19.510000228881836,19.290000915527344,19.459999084472656,18520,0.0,0.0
2022-11-23 13:30:00-05:00,19.475000381469727,19.6299991607666,19.420000076293945,19.609699249267578,30679,0.0,0.0
2022-11-23 14:30:00-05:00,19.59000015258789,19.600000381469727,19.485000610351562,19.530000686645508,48850,0.0,0.0
2022-11-23 15:30:00-05:00,19.524999618530273,19.610000610351562,19.420000076293945,19.469999313354492,64037,0.0,0.0
2022-11-25 09:30:00-05:00,19.299999237060547,19.549999237060547,18.93000030517578,19.385000228881836,59842,0.0,0.0
2022-11-25 10:30:00-05:00,19.440000534057617,19.649999618530273,19.43000030517578,19.5,35247,0.0,0.0
2022-11-25 11:30:00-05:00,19.485000610351562,19.649999618530273,19.459999084472656,19.579999923706055,67409,0.0,0.0
2022-11-28 09:30:00-05:00,19.31999969482422,19.709999084472656,19.239999771118164,19.30500030517578,69506,0.0,0.0
2022-11-28 10:30:00-05:00,19.30500030517578,19.3799991607666,19.040000915527344,19.209999084472656,30694,0.0,0.0
2022-11-28 11:30:00-05:00,19.200000762939453,19.200000762939453,18.969999313354492,19.09000015258789,23027,0.0,0.0
2022-11-28 12:30:00-05:00,19.139999389648438,19.200000762939453,19.049999237060547,19.19499969482422,19839,0.0,0.0
2022-11-28 13:30:00-05:00,19.19499969482422,19.214599609375,18.850000381469727,18.905000686645508,32768,0.0,0.0
2022-11-28 14:30:00-05:00,18.920000076293945,18.989999771118164,18.770000457763672,18.770000457763672,48797,0.0,0.0
2022-11-28 15:30:00-05:00,18.780000686645508,18.90999984741211,18.760000228881836,18.860000610351562,69159,0.0,0.0
2022-11-29 09:30:00-05:00,18.829999923706055,19.25,18.69099998474121,19.247800827026367,41548,0.0,0.0
2022-11-29 10:30:00-05:00,19.25,19.34000015258789,19.020000457763672,19.09000015258789,34376,0.0,0.0
2022-11-29 11:30:00-05:00,19.1200008392334,19.344999313354492,19.100000381469727,19.209999084472656,31447,0.0,0.0
2022-11-29 12:30:00-05:00,19.200000762939453,19.290000915527344,19.020000457763672,19.049999237060547,33588,0.0,0.0
2022-11-29 13:30:00-05:00,19.06999969482422,19.209999084472656,19.049999237060547,19.09000015258789,28332,0.0,0.0
2022-11-29 14:30:00-05:00,19.09000015258789,19.200000762939453,19.0,19.18000030517578,52875,0.0,0.0
2022-11-29 15:30:00-05:00,19.190000534057617,19.260000228881836,19.06999969482422,19.170000076293945,91835,0.0,0.0
2022-11-30 09:30:00-05:00,19.25,19.489999771118164,18.825000762939453,18.96500015258789,60676,0.0,0.0
2022-11-30 10:30:00-05:00,18.989999771118164,19.18000030517578,18.950000762939453,19.18000030517578,27602,0.0,0.0
2022-11-30 11:30:00-05:00,19.18000030517578,19.309999465942383,19.010000228881836,19.139999389648438,27548,0.0,0.0
2022-11-30 12:30:00-05:00,19.18000030517578,19.280000686645508,19.05500030517578,19.239999771118164,20805,0.0,0.0
2022-11-30 13:30:00-05:00,19.219999313354492,19.81999969482422,19.200000762939453,19.78499984741211,58393,0.0,0.0
2022-11-30 14:30:00-05:00,19.78499984741211,20.049999237060547,19.719999313354492,20.030000686645508,59213,0.0,0.0
2022-11-30 15:30:00-05:00,20.03499984741211,20.309999465942383,20.03499984741211,20.25,139426,0.0,0.0
2022-12-01 09:30:00-05:00,20.440000534057617,20.8799991607666,19.934999465942383,19.979999542236328,298756,0.0,0.0
2022-12-01 10:30:00-05:00,19.940000534057617,20.25,19.889999389648438,20.049999237060547,26360,0.0,0.0
2022-12-01 11:30:00-05:00,20.110000610351562,20.229999542236328,19.905000686645508,20.15999984741211,55264,0.0,0.0
2022-12-01 12:30:00-05:00,20.15999984741211,20.399999618530273,20.065000534057617,20.34000015258789,53139,0.0,0.0
2022-12-01 13:30:00-05:00,20.368999481201172,20.440000534057617,20.280000686645508,20.31999969482422,34186,0.0,0.0
2022-12-01 14:30:00-05:00,20.340999603271484,20.440000534057617,20.235000610351562,20.25,48904,0.0,0.0
2022-12-01 15:30:00-05:00,20.2549991607666,20.360000610351562,20.219999313354492,20.34000015258789,94620,0.0,0.0
2022-12-02 09:30:00-05:00,19.940000534057617,20.260000228881836,19.704999923706055,20.15999984741211,78903,0.0,0.0
2022-12-02 10:30:00-05:00,20.15999984741211,20.229999542236328,19.84000015258789,20.1299991607666,27698,0.0,0.0
2022-12-02 11:30:00-05:00,20.1299991607666,20.28499984741211,20.079999923706055,20.239999771118164,24834,0.0,0.0
2022-12-02 12:30:00-05:00,20.25,20.520000457763672,20.229999542236328,20.510000228881836,39267,0.0,0.0
2022-12-02 13:30:00-05:00,20.520000457763672,20.614999771118164,20.469999313354492,20.579999923706055,33656,0.0,0.0
2022-12-02 14:30:00-05:00,20.579999923706055,21.0,20.55500030517578,20.950000762939453,57948,0.0,0.0
2022-12-02 15:30:00-05:00,20.959999084472656,20.959999084472656,20.860000610351562,20.920000076293945,90179,0.0,0.0
2022-12-05 09:30:00-05:00,20.700000762939453,20.700000762939453,20.139999389648438,20.25,77769,0.0,0.0
2022-12-05 10:30:00-05:00,20.280000686645508,20.315000534057617,20.1200008392334,20.1299991607666,47772,0.0,0.0
2022-12-05 11:30:00-05:00,20.15999984741211,20.15999984741211,19.829999923706055,19.8700008392334,45355,0.0,0.0
2022-12-05 12:30:00-05:00,19.834999084472656,19.979999542236328,19.729999542236328,19.969999313354492,44218,0.0,0.0
2022-12-05 13:30:00-05:00,20.0,20.25,19.81999969482422,19.93000030517578,81579,0.0,0.0
2022-12-05 14:30:00-05:00,19.93000030517578,20.010000228881836,19.719999313354492,19.799999237060547,52903,0.0,0.0
2022-12-05 15:30:00-05:00,19.809999465942383,20.040000915527344,19.768999099731445,20.040000915527344,109354,0.0,0.0
2022-12-06 09:30:00-05:00,20.010000228881836,20.110000610351562,19.700000762939453,20.027000427246094,49995,0.0,0.0
2022-12-06 10:30:00-05:00,20.010000228881836,20.020000457763672,19.75,19.811100006103516,27991,0.0,0.0
2022-12-06 11:30:00-05:00,19.81999969482422,19.847299575805664,19.739999771118164,19.829999923706055,34194,0.0,0.0
2022-12-06 12:30:00-05:00,19.81999969482422,19.829999923706055,19.729999542236328,19.7549991607666,48131,0.0,0.0
2022-12-06 13:30:00-05:00,19.75,19.75,19.459999084472656,19.4950008392334,47907,0.0,0.0
2022-12-06 14:30:00-05:00,19.510000228881836,19.579999923706055,19.399999618530273,19.440000534057617,94736,0.0,0.0
2022-12-06 15:30:00-05:00,19.434999465942383,19.565000534057617,19.434999465942383,19.510000228881836,115502,0.0,0.0
2022-12-07 09:30:00-05:00,19.510000228881836,20.190000534057617,19.510000228881836,20.049999237060547,51699,0.0,0.0
2022-12-07 10:30:00-05:00,20.059999465942383,20.350000381469727,20.040000915527344,20.05500030517578,23369,0.0,0.0
2022-12-07 11:30:00-05:00,20.059999465942383,20.18000030517578,20.013999938964844,20.094999313354492,24570,0.0,0.0
2022-12-07 12:30:00-05:00,20.09000015258789,20.110000610351562,19.68000030517578,19.760000228881836,67722,0.0,0.0
2022-12-07 13:30:00-05:00,19.739999771118164,19.770000457763672,19.575000762939453,19.729999542236328,32321,0.0,0.0
2022-12-07 14:30:00-05:00,19.725000381469727,19.770000457763672,19.530000686645508,19.639999389648438,37556,0.0,0.0
2022-12-07 15:30:00-05:00,19.65999984741211,19.670000076293945,19.56999969482422,19.600000381469727,74575,0.0,0.0
2022-12-08 09:30:00-05:00,19.690000534057617,19.8799991607666,19.452899932861328,19.799999237060547,55841,0.0,0.0
2022-12-08 10:30:00-05:00,19.799999237060547,19.889999389648438,19.489999771118164,19.55500030517578,26286,0.0,0.0
2022-12-08 11:30:00-05:00,19.6299991607666,19.75,19.540000915527344,19.579999923706055,20982,0.0,0.0
2022-12-08 12:30:00-05:00,19.579999923706055,19.670000076293945,19.450000762939453,19.549999237060547,38802,0.0,0.0
2022-12-08 13:30:00-05:00,19.600000381469727,19.65999984741211,19.420000076293945,19.520000457763672,30712,0.0,0.0
2022-12-08 14:30:00-05:00,19.540000915527344,19.559999465942383,19.43000030517578,19.549999237060547,35764,0.0,0.0
2022-12-08 15:30:00-05:00,19.56999969482422,19.579999923706055,19.469999313354492,19.479999542236328,95753,0.0,0.0
2022-12-09 09:30:00-05:00,19.360000610351562,19.6299991607666,19.219999313354492,19.340900421142578,33469,0.0,0.0
2022-12-09 10:30:00-05:00,19.364999771118164,19.399999618530273,19.219999313354492,19.309999465942383,47248,0.0,0.0
2022-12-09 11:30:00-05:00,19.280000686645508,19.360000610351562,19.25,19.299999237060547,26478,0.0,0.0
2022-12-09 12:30:00-05:00,19.31999969482422,19.34000015258789,19.09000015258789,19.260000228881836,43312,0.0,0.0
2022-12-09 13:30:00-05:00,19.25,19.25,19.020000457763672,19.1200008392334,27378,0.0,0.0
2022-12-09 14:30:00-05:00,19.090999603271484,19.1200008392334,18.895000457763672,18.93000030517578,32850,0.0,0.0
2022-12-09 15:30:00-05:00,18.899999618530273,18.979999542236328,18.780000686645508,18.84000015258789,83257,0.0,0.0
2022-12-12 09:30:00-05:00,18.84000015258789,19.06999969482422,18.020000457763672,18.1200008392334,86924,0.0,0.0
2022-12-12 10:30:00-05:00,18.110000610351562,18.110000610351562,17.889999389648438,17.90999984741211,74916,0.0,0.0
2022-12-12 11:30:00-05:00,17.899999618530273,18.18000030517578,17.799999237060547,17.84000015258789,57597,0.0,0.0
2022-12-12 12:30:00-05:00,17.861000061035156,18.0049991607666,17.790000915527344,17.959999084472656,40319,0.0,0.0
2022-12-12 13:30:00-05:00,17.969999313354492,18.010000228881836,17.799999237060547,17.815000534057617,50562,0.0,0.0
2022-12-12 14:30:00-05:00,17.809999465942383,17.829999923706055,17.690000534057617,17.815000534057617,56215,0.0,0.0
2022-12-12 15:30:00-05:00,17.81999969482422,17.829999923706055,17.540000915527344,17.649999618530273,133254,0.0,0.0
2022-12-13 09:30:00-05:00,18.360000610351562,18.59000015258789,17.979999542236328,17.985000610351562,131135,0.0,0.0
2022-12-13 10:30:00-05:00,17.950000762939453,18.030000686645508,17.719999313354492,17.729999542236328,47374,0.0,0.0
2022-12-13 11:30:00-05:00,17.760000228881836,17.780000686645508,17.389999389648438,17.440000534057617,46492,0.0,0.0
2022-12-13 12:30:00-05:00,17.399999618530273,17.670000076293945,17.280000686645508,17.65999984741211,42958,0.0,0.0
2022-12-13 13:30:00-05:00,17.670000076293945,17.719999313354492,17.579999923706055,17.604000091552734,48906,0.0,0.0
2022-12-13 14:30:00-05:00,17.610000610351562,17.719999313354492,17.395000457763672,17.530000686645508,68055,0.0,0.0
2022-12-13 15:30:00-05:00,17.524999618530273,17.600000381469727,17.440000534057617,17.469999313354492,111960,0.0,0.0
2022-12-14 09:30:00-05:00,17.3700008392334,17.65999984741211,17.100000381469727,17.520000457763672,98726,0.0,0.0
2022-12-14 10:30:00-05:00,17.479999542236328,17.93000030517578,17.459999084472656,17.8700008392334,329752,0.0,0.0
2022-12-14 11:30:00-05:00,17.860000610351562,17.889999389648438,17.360000610351562,17.360000610351562,40207,0.0,0.0
2022-12-14 12:30:00-05:00,17.360000610351562,17.65999984741211,17.360000610351562,17.65999984741211,35674,0.0,0.0
2022-12-14 13:30:00-05:00,17.68000030517578,17.809999465942383,17.360000610351562,17.399999618530273,40164,0.0,0.0
2022-12-14 14:30:00-05:00,17.389999389648438,17.739999771118164,17.239999771118164,17.389999389648438,86680,0.0,0.0
2022-12-14 15:30:00-05:00,17.350000381469727,17.59000015258789,17.299999237060547,17.545000076293945,80190,0.0,0.0
2022-12-15 09:30:00-05:00,17.510000228881836,17.520000457763672,16.950000762939453,17.299999237060547,75648,0.0,0.0
2022-12-15 10:30:00-05:00,17.219999313354492,17.251300811767578,17.066600799560547,17.149999618530273,48850,0.0,0.0
2022-12-15 11:30:00-05:00,17.170000076293945,17.2450008392334,17.100000381469727,17.18000030517578,35276,0.0,0.0
2022-12-15 12:30:00-05:00,17.200000762939453,17.209999084472656,16.959999084472656,17.0,37697,0.0,0.0
2022-12-15 13:30:00-05:00,16.989999771118164,17.020000457763672,16.8700008392334,16.93000030517578,35040,0.0,0.0
2022-12-15 14:30:00-05:00,16.93000030517578,16.975000381469727,16.850000381469727,16.889999389648438,60750,0.0,0.0
2022-12-15 15:30:00-05:00,16.889999389648438,16.94499969482422,16.860000610351562,16.93000030517578,101476,0.0,0.0
2022-12-16 09:30:00-05:00,16.56999969482422,16.790000915527344,16.299999237060547,16.3700008392334,276155,0.0,0.0
2022-12-16 10:30:00-05:00,16.360000610351562,16.40999984741211,16.190000534057617,16.344999313354492,41810,0.0,0.0
2022-12-16 11:30:00-05:00,16.350000381469727,16.700000762939453,16.260000228881836,16.3799991607666,193612,0.0,0.0
2022-12-16 12:30:00-05:00,16.395000457763672,16.8799991607666,16.320100784301758,16.7549991607666,202932,0.0,0.0
2022-12-16 13:30:00-05:00,16.774999618530273,16.834999084472656,16.389999389648438,16.389999389648438,87975,0.0,0.0
2022-12-16 14:30:00-05:00,16.399999618530273,16.510000228881836,16.25,16.405000686645508,119725,0.0,0.0
2022-12-16 15:30:00-05:00,16.420000076293945,16.729000091552734,16.190000534057617,16.665000915527344,222812,0.0,0.0
2022-12-19 09:30:00-05:00,16.670000076293945,16.920000076293945,16.440000534057617,16.775699615478516,84302,0.0,0.0
2022-12-19 10:30:00-05:00,16.75,16.844999313354492,16.600000381469727,16.790000915527344,37881,0.0,0.0
2022-12-19 11:30:00-05:00,16.790000915527344,16.790000915527344,16.399999618530273,16.40999984741211,54982,0.0,0.0
2022-12-19 12:30:00-05:00,16.40999984741211,16.440099716186523,16.325000762939453,16.325000762939453,51774,0.0,0.0
2022-12-19 13:30:00-05:00,16.329999923706055,16.479999542236328,16.270000457763672,16.43000030517578,47605,0.0,0.0
2022-12-19 14:30:00-05:00,16.420000076293945,16.575000762939453,16.3700008392334,16.459999084472656,74111,0.0,0.0
2022-12-19 15:30:00-05:00,16.459999084472656,16.540000915527344,16.399999618530273,16.479999542236328,64448,0.0,0.0
2022-12-20 09:30:00-05:00,16.3700008392334,16.639999389648438,16.270000457763672,16.565000534057617,51256,0.0,0.0
2022-12-20 10:30:00-05:00,16.596799850463867,16.6299991607666,16.270000457763672,16.270000457763672,66197,0.0,0.0
2022-12-20 11:30:00-05:00,16.280000686645508,16.40999984741211,16.260000228881836,16.290000915527344,44298,0.0,0.0
2022-12-20 12:30:00-05:00,16.280000686645508,16.329999923706055,16.239999771118164,16.309999465942383,43939,0.0,0.0
2022-12-20 13:30:00-05:00,16.299999237060547,16.3799991607666,16.25,16.309999465942383,50059,0.0,0.0
2022-12-20 14:30:00-05:00,16.31999969482422,16.329999923706055,16.155000686645508,16.15999984741211,87799,0.0,0.0
2022-12-20 15:30:00-05:00,16.15999984741211,16.190000534057617,16.100000381469727,16.15999984741211,135639,0.0,0.0
2022-12-21 09:30:00-05:00,16.290000915527344,16.450000762939453,16.219999313354492,16.31999969482422,43740,0.0,0.0
2022-12-21 10:30:00-05:00,16.351699829101562,16.639999389648438,16.351699829101562,16.639999389648438,32562,0.0,0.0
2022-12-21 11:30:00-05:00,16.6299991607666,16.68000030517578,16.360000610351562,16.3700008392334,31833,0.0,0.0
2022-12-21 12:30:00-05:00,16.389999389648438,16.40999984741211,16.18000030517578,16.18000030517578,42736,0.0,0.0
2022-12-21 13:30:00-05:00,16.170000076293945,16.18000030517578,15.949999809265137,15.960000038146973,71965,0.0,0.0
2022-12-21 14:30:00-05:00,15.970000267028809,16.059999465942383,15.800000190734863,15.84000015258789,91436,0.0,0.0
2022-12-21 15:30:00-05:00,15.84000015258789,16.06999969482422,15.8100004196167,16.059999465942383,176684,0.0,0.0
2022-12-22 09:30:00-05:00,15.770000457763672,16.21500015258789,15.770000457763672,16.139999389648438,86603,0.0,0.0
2022-12-22 10:30:00-05:00,16.170000076293945,16.204999923706055,16.010000228881836,16.059999465942383,56178,0.0,0.0
2022-12-22 11:30:00-05:00,16.065000534057617,16.260000228881836,16.017499923706055,16.045000076293945,388562,0.0,0.0
2022-12-22 12:30:00-05:00,16.030000686645508,16.059999465942383,15.890999794006348,16.040000915527344,63519,0.0,0.0
2022-12-22 13:30:00-05:00,16.024999618530273,16.024999618530273,15.6850004196167,15.925000190734863,48321,0.0,0.0
2022-12-22 14:30:00-05:00,15.9350004196167,16.2450008392334,15.880000114440918,16.2450008392334,366613,0.0,0.0
2022-12-22 15:30:00-05:00,16.2450008392334,16.34000015258789,16.17099952697754,16.30500030517578,81864,0.0,0.0
2022-12-23 09:30:00-05:00,16.200000762939453,16.270000457763672,16.0,16.030000686645508,36522,0.0,0.0
2022-12-23 10:30:00-05:00,16.049999237060547,16.1200008392334,15.8100004196167,15.920000076293945,26268,0.0,0.0
2022-12-23 11:30:00-05:00,15.930000305175781,15.979999542236328,15.85099983215332,15.904999732971191,19242,0.0,0.0
2022-12-23 12:30:00-05:00,15.920000076293945,15.920000076293945,15.680000305175781,15.680000305175781,32412,0.0,0.0
2022-12-23 13:30:00-05:00,15.6850004196167,15.739999771118164,15.59000015258789,15.630800247192383,42268,0.0,0.0
2022-12-23 14:30:00-05:00,15.635000228881836,15.65999984741211,15.510000228881836,15.510000228881836,49058,0.0,0.0
2022-12-23 15:30:00-05:00,15.510000228881836,15.65999984741211,15.470000267028809,15.630000114440918,112369,0.0,0.0
2022-12-27 09:30:00-05:00,15.539999961853027,15.539999961853027,14.949999809265137,15.100000381469727,68695,0.0,0.0
2022-12-27 10:30:00-05:00,15.100000381469727,15.420000076293945,15.020000457763672,15.420000076293945,214975,0.0,0.0
2022-12-27 11:30:00-05:00,15.470000267028809,15.504300117492676,15.279999732971191,15.329000473022461,36359,0.0,0.0
2022-12-27 12:30:00-05:00,15.329999923706055,15.390000343322754,15.260000228881836,15.329999923706055,36041,0.0,0.0
2022-12-27 13:30:00-05:00,15.34000015258789,15.390000343322754,15.265000343322754,15.289999961853027,35893,0.0,0.0
2022-12-27 14:30:00-05:00,15.298999786376953,15.387999534606934,15.260000228881836,15.369999885559082,39617,0.0,0.0
2022-12-27 15:30:00-05:00,15.378999710083008,15.4399995803833,15.329999923706055,15.380000114440918,70185,0.0,0.0
2022-12-28 09:30:00-05:00,15.390000343322754,15.680000305175781,15.177499771118164,15.260000228881836,75041,0.0,0.0
2022-12-28 10:30:00-05:00,15.25,15.25,14.979999542236328,15.039999961853027,34824,0.0,0.0
2022-12-28 11:30:00-05:00,15.039999961853027,15.039999961853027,14.8100004196167,14.829999923706055,24927,0.0,0.0
2022-12-28 12:30:00-05:00,14.821999549865723,14.9399995803833,14.739999771118164,14.739999771118164,35253,0.0,0.0
2022-12-28 13:30:00-05:00,14.729999542236328,14.880000114440918,14.670000076293945,14.779999732971191,25138,0.0,0.0
2022-12-28 14:30:00-05:00,14.789999961853027,14.800000190734863,14.5600004196167,14.640000343322754,48369,0.0,0.0
2022-12-28 15:30:00-05:00,14.645000457763672,14.6899995803833,14.529999732971191,14.550000190734863,50802,0.0,0.0
2022-12-29 09:30:00-05:00,14.529999732971191,14.979999542236328,14.529999732971191,14.741000175476074,0,0.0,0.0
2022-12-29 10:30:00-05:00,14.755000114440918,14.979999542236328,14.645000457763672,14.770000457763672,141346,0.0,0.0
2022-12-29 11:30:00-05:00,14.800000190734863,14.90999984741211,14.609999656677246,14.821000099182129,928483,0.0,0.0
2022-12-29 12:30:00-05:00,14.829999923706055,14.930000305175781,14.710000038146973,14.789999961853027,362781,0.0,0.0
2022-12-29 13:30:00-05:00,14.789999961853027,14.800000190734863,14.610099792480469,14.65999984741211,93936,0.0,0.0
2022-12-29 14:30:00-05:00,14.65999984741211,14.704999923706055,14.5600004196167,14.600000381469727,83912,0.0,0.0
2022-12-29 15:30:00-05:00,14.600000381469727,14.640000343322754,14.5649995803833,14.579999923706055,139850,0.0,0.0
2022-12-30 09:30:00-05:00,14.359999656677246,14.710000038146973,13.930000305175781,14.079999923706055,117602,0.0,0.0
2022-12-30 10:30:00-05:00,14.085000038146973,14.220000267028809,13.9399995803833,14.109999656677246,58898,0.0,0.0
2022-12-30 11:30:00-05:00,14.119999885559082,14.220000267028809,14.09000015258789,14.106599807739258,69961,0.0,0.0
2022-12-30 12:30:00-05:00,14.119999885559082,14.1899995803833,13.960000038146973,14.055000305175781,1796765,0.0,0.0
2022-12-30 13:30:00-05:00,14.0600004196167,14.15999984741211,13.920000076293945,14.0,199590,0.0,0.0
2022-12-30 14:30:00-05:00,13.994999885559082,14.109999656677246,13.920000076293945,14.085000038146973,403203,0.0,0.0
2022-12-30 15:30:00-05:00,14.085000038146973,14.539999961853027,14.079999923706055,14.5,589492,0.0,0.0
2023-01-03 09:30:00-05:00,14.770000457763672,15.15999984741211,14.699999809265137,14.880000114440918,225455,0.0,0.0
2023-01-03 10:30:00-05:00,14.859999656677246,15.010000228881836,14.550000190734863,14.970000267028809,102217,0.0,0.0
2023-01-03 11:30:00-05:00,14.970000267028809,14.979999542236328,14.880000114440918,14.979999542236328,58837,0.0,0.0
2023-01-03 12:30:00-05:00,14.984999656677246,15.050000190734863,14.90999984741211,15.020000457763672,67102,0.0,0.0
2023-01-03 13:30:00-05:00,15.020000457763672,15.0600004196167,14.979999542236328,15.015000343322754,57599,0.0,0.0
2023-01-03 14:30:00-05:00,15.015000343322754,15.216899871826172,14.970000267028809,15.180000305175781,99472,0.0,0.0
2023-01-03 15:30:00-05:00,15.180000305175781,15.3149995803833,15.149999618530273,15.260000228881836,116368,0.0,0.0
2023-01-04 09:30:00-05:00,15.34000015258789,15.956600189208984,15.34000015258789,15.869999885559082,102383,0.0,0.0
2023-01-04 10:30:00-05:00,15.880000114440918,16.049999237060547,15.831000328063965,16.043399810791016,51914,0.0,0.0
2023-01-04 11:30:00-05:00,16.059999465942383,16.1200008392334,15.979999542236328,16.0,49387,0.0,0.0
2023-01-04 12:30:00-05:00,16.0,16.09000015258789,15.989999771118164,16.0,45638,0.0,0.0
2023-01-04 13:30:00-05:00,16.0049991607666,16.14889907836914,15.739999771118164,15.739999771118164,141894,0.0,0.0
2023-01-04 14:30:00-05:00,15.729999542236328,16.200000762939453,15.720999717712402,16.065000534057617,95230,0.0,0.0
2023-01-04 15:30:00-05:00,16.049999237060547,16.089000701904297,15.989999771118164,16.030000686645508,123732,0.0,0.0
2023-01-05 09:30:00-05:00,15.800000190734863,16.049999237060547,15.670000076293945,15.979999542236328,69689,0.0,0.0
2023-01-05 10:30:00-05:00,15.961999893188477,16.049999237060547,15.899999618530273,15.970000267028809,71234,0.0,0.0
2023-01-05 11:30:00-05:00,15.970000267028809,16.010000228881836,15.890000343322754,16.010000228881836,52375,0.0,0.0
2023-01-05 12:30:00-05:00,16.010000228881836,16.1200008392334,15.9399995803833,16.049999237060547,46233,0.0,0.0
2023-01-05 13:30:00-05:00,16.059999465942383,16.1299991607666,16.010000228881836,16.030000686645508,38575,0.0,0.0
2023-01-05 14:30:00-05:00,16.020000457763672,16.174999237060547,16.020000457763672,16.135000228881836,52501,0.0,0.0
2023-01-05 15:30:00-05:00,16.135000228881836,16.219999313354492,16.030000686645508,16.03499984741211,99614,0.0,0.0
2023-01-06 09:30:00-05:00,16.18000030517578,16.18000030517578,15.744999885559082,15.944999694824219,42057,0.0,0.0
2023-01-06 10:30:00-05:00,15.960000038146973,16.170000076293945,15.944999694824219,16.110000610351562,39628,0.0,0.0
2023-01-06 11:30:00-05:00,16.094999313354492,16.1299991607666,15.992500305175781,16.059999465942383,26816,0.0,0.0
2023-01-06 12:30:00-05:00,16.06999969482422,16.110000610351562,16.0,16.110000610351562,47838,0.0,0.0
2023-01-06 13:30:00-05:00,16.1200008392334,16.31999969482422,16.1200008392334,16.239999771118164,36063,0.0,0.0
2023-01-06 14:30:00-05:00,16.25,16.479999542236328,16.239999771118164,16.389999389648438,95129,0.0,0.0
2023-01-06 15:30:00-05:00,16.399999618530273,16.530000686645508,16.34000015258789,16.389999389648438,148609,0.0,0.0
2023-01-09 09:30:00-05:00,16.670000076293945,17.139999389648438,16.56999969482422,17.059999465942383,89708,0.0,0.0
2023-01-09 10:30:00-05:00,17.079999923706055,17.149999618530273,16.969999313354492,17.0,67020,0.0,0.0
2023-01-09 11:30:00-05:00,17.0,17.030000686645508,16.8700008392334,16.985000610351562,73629,0.0,0.0
2023-01-09 12:30:00-05:00,16.989999771118164,17.030000686645508,16.639999389648438,16.690000534057617,71321,0.0,0.0
2023-01-09 13:30:00-05:00,16.68000030517578,16.860000610351562,16.604999542236328,16.860000610351562,68678,0.0,0.0
2023-01-09 14:30:00-05:00,16.8700008392334,16.969999313354492,16.799999237060547,16.850000381469727,69323,0.0,0.0
2023-01-09 15:30:00-05:00,16.860000610351562,16.864999771118164,16.700000762939453,16.739999771118164,110815,0.0,0.0
2023-01-10 09:30:00-05:00,16.68000030517578,17.3700008392334,16.629199981689453,17.190000534057617,52378,0.0,0.0
2023-01-10 10:30:00-05:00,17.135000228881836,17.208999633789062,17.079999923706055,17.1200008392334,40974,0.0,0.0
2023-01-10 11:30:00-05:00,17.1299991607666,17.18000030517578,16.989999771118164,17.0,30851,0.0,0.0
2023-01-10 12:30:00-05:00,17.010000228881836,17.1299991607666,17.0,17.1200008392334,23097,0.0,0.0
2023-01-10 13:30:00-05:00,17.110000610351562,17.280000686645508,17.110000610351562,17.260000228881836,36038,0.0,0.0
2023-01-10 14:30:00-05:00,17.239999771118164,17.360000610351562,17.239999771118164,17.299999237060547,37989,0.0,0.0
2023-01-10 15:30:00-05:00,17.299999237060547,17.40999984741211,17.270000457763672,17.31999969482422,101778,0.0,0.0
2023-01-11 09:30:00-05:00,17.31999969482422,17.75,17.15999984741211,17.75,36113,0.0,0.0
2023-01-11 10:30:00-05:00,17.729999542236328,18.030000686645508,17.6200008392334,17.920000076293945,86999,0.0,0.0
2023-01-11 11:30:00-05:00,17.93000030517578,18.18000030517578,17.8799991607666,18.18000030517578,44687,0.0,0.0
2023-01-11 12:30:00-05:00,18.18000030517578,18.299999237060547,18.1200008392334,18.145000457763672,62011,0.0,0.0
2023-01-11 13:30:00-05:00,18.149999618530273,18.350000381469727,18.059999465942383,18.260000228881836,80386,0.0,0.0
2023-01-11 14:30:00-05:00,18.260000228881836,18.440000534057617,18.239999771118164,18.389999389648438,99455,0.0,0.0
2023-01-11 15:30:00-05:00,18.389999389648438,18.719999313354492,18.385000228881836,18.489999771118164,168122,0.0,0.0
2023-01-12 09:30:00-05:00,18.6299991607666,18.700000762939453,18.110000610351562,18.6200008392334,46227,0.0,0.0
2023-01-12 10:30:00-05:00,18.600000381469727,18.670000076293945,18.389999389648438,18.450000762939453,36244,0.0,0.0
2023-01-12 11:30:00-05:00,18.450000762939453,18.540000915527344,18.290000915527344,18.530000686645508,28143,0.0,0.0
2023-01-12 12:30:00-05:00,18.540000915527344,18.700000762939453,18.479999542236328,18.479999542236328,23285,0.0,0.0
2023-01-12 13:30:00-05:00,18.479999542236328,18.700000762939453,18.420000076293945,18.6299991607666,33670,0.0,0.0
2023-01-12 14:30:00-05:00,18.600000381469727,18.799999237060547,18.59000015258789,18.799999237060547,40157,0.0,0.0
2023-01-12 15:30:00-05:00,18.790000915527344,18.809999465942383,18.709999084472656,18.760000228881836,83131,0.0,0.0
2023-01-13 09:30:00-05:00,18.549999237060547,18.81999969482422,18.485000610351562,18.75,39290,0.0,0.0
2023-01-13 10:30:00-05:00,18.75,18.90999984741211,18.610000610351562,18.65999984741211,31577,0.0,0.0
2023-01-13 11:30:00-05:00,18.6299991607666,18.690000534057617,18.540000915527344,18.649999618530273,26756,0.0,0.0
2023-01-13 12:30:00-05:00,18.639999389648438,18.700000762939453,18.459999084472656,18.489999771118164,29535,0.0,0.0
2023-01-13 13:30:00-05:00,18.5,18.639999389648438,18.469999313354492,18.520000457763672,38515,0.0,0.0
2023-01-13 14:30:00-05:00,18.520000457763672,18.524999618530273,18.329999923706055,18.420000076293945,42187,0.0,0.0
2023-01-13 15:30:00-05:00,18.40999984741211,18.700000762939453,18.40999984741211,18.670000076293945,84942,0.0,0.0
2023-01-17 09:30:00-05:00,18.510000228881836,18.790000915527344,18.280000686645508,18.6299991607666,29783,0.0,0.0
2023-01-17 10:30:00-05:00,18.65060043334961,18.670000076293945,18.3799991607666,18.56999969482422,70167,0.0,0.0
2023-01-17 11:30:00-05:00,18.547399520874023,18.559499740600586,18.3700008392334,18.469999313354492,27486,0.0,0.0
2023-01-17 12:30:00-05:00,18.469999313354492,18.760000228881836,18.450000762939453,18.479999542236328,70849,0.0,0.0
2023-01-17 13:30:00-05:00,18.479999542236328,18.610000610351562,18.450000762939453,18.579999923706055,29130,0.0,0.0
2023-01-17 14:30:00-05:00,18.59000015258789,18.719999313354492,18.579999923706055,18.649999618530273,35702,0.0,0.0
2023-01-17 15:30:00-05:00,18.6299991607666,18.700000762939453,18.459999084472656,18.559999465942383,88392,0.0,0.0
2023-01-18 09:30:00-05:00,19.899999618530273,20.020000457763672,19.440000534057617,19.989999771118164,55945,0.0,0.0
2023-01-18 10:30:00-05:00,20.0,20.024999618530273,19.510000228881836,19.530000686645508,38978,0.0,0.0
2023-01-18 11:30:00-05:00,19.489999771118164,19.610000610351562,19.440000534057617,19.5,31522,0.0,0.0
2023-01-18 12:30:00-05:00,19.5,19.559999465942383,19.280000686645508,19.489999771118164,39447,0.0,0.0
2023-01-18 13:30:00-05:00,19.479999542236328,19.690000534057617,19.450000762939453,19.635000228881836,48708,0.0,0.0
2023-01-18 14:30:00-05:00,19.649999618530273,19.739999771118164,19.5049991607666,19.610000610351562,42126,0.0,0.0
2023-01-18 15:30:00-05:00,19.59000015258789,19.75,19.540000915527344,19.649999618530273,72898,0.0,0.0
2023-01-19 09:30:00-05:00,19.459999084472656,19.5,18.739999771118164,19.125,45865,0.0,0.0
2023-01-19 10:30:00-05:00,19.045000076293945,19.149999618530273,19.030000686645508,19.059999465942383,42827,0.0,0.0
2023-01-19 11:30:00-05:00,19.079999923706055,19.309999465942383,19.059999465942383,19.190000534057617,38252,0.0,0.0
2023-01-19 12:30:00-05:00,19.184999465942383,19.3700008392334,19.184999465942383,19.280000686645508,33634,0.0,0.0
2023-01-19 13:30:00-05:00,19.280000686645508,19.549999237060547,19.280000686645508,19.44499969482422,38614,0.0,0.0
2023-01-19 14:30:00-05:00,19.43000030517578,19.459999084472656,19.329999923706055,19.389999389648438,35450,0.0,0.0
2023-01-19 15:30:00-05:00,19.389999389648438,19.510000228881836,19.337099075317383,19.510000228881836,90477,0.0,0.0
2023-01-20 09:30:00-05:00,19.65999984741211,19.84000015258789,19.309999465942383,19.729999542236328,56540,0.0,0.0
2023-01-20 10:30:00-05:00,19.719999313354492,19.780000686645508,19.600000381469727,19.6200008392334,25442,0.0,0.0
2023-01-20 11:30:00-05:00,19.61400032043457,19.75,19.600000381469727,19.739999771118164,26917,0.0,0.0
2023-01-20 12:30:00-05:00,19.739999771118164,19.78499984741211,19.649999618530273,19.670000076293945,37728,0.0,0.0
2023-01-20 13:30:00-05:00,19.68000030517578,20.040000915527344,19.68000030517578,20.007999420166016,48455,0.0,0.0
2023-01-20 14:30:00-05:00,20.0,20.174999237060547,19.969999313354492,20.174999237060547,60604,0.0,0.0
2023-01-20 15:30:00-05:00,20.209999084472656,20.389999389648438,20.200000762939453,20.34000015258789,134391,0.0,0.0
2023-01-23 09:30:00-05:00,20.43000030517578,20.989999771118164,20.350000381469727,20.795000076293945,67551,0.0,0.0
2023-01-23 10:30:00-05:00,20.809999465942383,20.93000030517578,20.760000228881836,20.799999237060547,43864,0.0,0.0
2023-01-23 11:30:00-05:00,20.780000686645508,21.170000076293945,20.719999313354492,21.170000076293945,44994,0.0,0.0
2023-01-23 12:30:00-05:00,21.145000457763672,21.53499984741211,21.145000457763672,21.290000915527344,73407,0.0,0.0
2023-01-23 13:30:00-05:00,21.280000686645508,21.579999923706055,21.25,21.31999969482422,55799,0.0,0.0
2023-01-23 14:30:00-05:00,21.329999923706055,21.34000015258789,21.014999389648438,21.170000076293945,75230,0.0,0.0
2023-01-23 15:30:00-05:00,21.18000030517578,21.450000762939453,21.145000457763672,21.420000076293945,140842,0.0,0.0
2023-01-24 09:30:00-05:00,21.389999389648438,21.709999084472656,20.860000610351562,21.469999313354492,57964,0.0,0.0
2023-01-24 10:30:00-05:00,21.459999084472656,21.459999084472656,21.219999313354492,21.3799991607666,58286,0.0,0.0
2023-01-24 11:30:00-05:00,21.385000228881836,21.5,21.200000762939453,21.399999618530273,31057,0.0,0.0
2023-01-24 12:30:00-05:00,21.389999389648438,21.450000762939453,21.219999313354492,21.229999542236328,38741,0.0,0.0
2023-01-24 13:30:00-05:00,21.229999542236328,21.290000915527344,21.170000076293945,21.270000457763672,31503,0.0,0.0
2023-01-24 14:30:00-05:00,21.280000686645508,21.299999237060547,20.969999313354492,20.969999313354492,45312,0.0,0.0
2023-01-24 15:30:00-05:00,20.950000762939453,21.010000228881836,20.760000228881836,20.959999084472656,100614,0.0,0.0
2023-01-25 09:30:00-05:00,20.760000228881836,20.780000686645508,20.020000457763672,20.049999237060547,32683,0.0,0.0
2023-01-25 10:30:00-05:00,20.059999465942383,20.145000457763672,19.700000762939453,20.020000457763672,48236,0.0,0.0
2023-01-25 11:30:00-05:00,20.0,20.43000030517578,19.969999313354492,20.3799991607666,20227,0.0,0.0
2023-01-25 12:30:00-05:00,20.34000015258789,20.3700008392334,20.190000534057617,20.25,24261,0.0,0.0
2023-01-25 13:30:00-05:00,20.209999084472656,20.34000015258789,20.1299991607666,20.204999923706055,51310,0.0,0.0
2023-01-25 14:30:00-05:00,20.209999084472656,20.280000686645508,20.170000076293945,20.25,49220,0.0,0.0
2023-01-25 15:30:00-05:00,20.239999771118164,20.540000915527344,20.239999771118164,20.530000686645508,62881,0.0,0.0
2023-01-26 09:30:00-05:00,20.760000228881836,20.93000030517578,20.649999618530273,20.690000534057617,30796,0.0,0.0
2023-01-26 10:30:00-05:00,20.709999084472656,20.825000762939453,20.559999465942383,20.639999389648438,43236,0.0,0.0
2023-01-26 11:30:00-05:00,20.6299991607666,20.700000762939453,20.549999237060547,20.649999618530273,21252,0.0,0.0
2023-01-26 12:30:00-05:00,20.65999984741211,20.665000915527344,20.219999313354492,20.219999313354492,49078,0.0,0.0
2023-01-26 13:30:00-05:00,20.229999542236328,20.530000686645508,20.010000228881836,20.05500030517578,77550,0.0,0.0
2023-01-26 14:30:00-05:00,20.05500030517578,20.079999923706055,19.81999969482422,19.844999313354492,77002,0.0,0.0
2023-01-26 15:30:00-05:00,19.84000015258789,19.850000381469727,19.639999389648438,19.81999969482422,122331,0.0,0.0
2023-01-27 09:30:00-05:00,19.6299991607666,20.0,19.549999237060547,19.950000762939453,34470,0.0,0.0
2023-01-27 10:30:00-05:00,19.989999771118164,20.049999237060547,19.850000381469727,19.950000762939453,18674,0.0,0.0
2023-01-27 11:30:00-05:00,19.940000534057617,20.010000228881836,19.90999984741211,19.969999313354492,24269,0.0,0.0
2023-01-27 12:30:00-05:00,19.979999542236328,20.260000228881836,19.979999542236328,20.2549991607666,29485,0.0,0.0
2023-01-27 13:30:00-05:00,20.280000686645508,20.389999389648438,20.18000030517578,20.299999237060547,26467,0.0,0.0
2023-01-27 14:30:00-05:00,20.299999237060547,20.454999923706055,20.299999237060547,20.440000534057617,30696,0.0,0.0
2023-01-27 15:30:00-05:00,20.450000762939453,20.489999771118164,20.334999084472656,20.3799991607666,66098,0.0,0.0
2023-01-30 09:30:00-05:00,20.010000228881836,20.010000228881836,19.56999969482422,19.65999984741211,51406,0.0,0.0
2023-01-30 10:30:00-05:00,19.6200008392334,19.6200008392334,19.3799991607666,19.549999237060547,33111,0.0,0.0
2023-01-30 11:30:00-05:00,19.540000915527344,19.649999618530273,19.469999313354492,19.579999923706055,35086,0.0,0.0
2023-01-30 12:30:00-05:00,19.600000381469727,19.649999618530273,19.520000457763672,19.6200008392334,17815,0.0,0.0
2023-01-30 13:30:00-05:00,19.610000610351562,19.65999984741211,19.5,19.5,22722,0.0,0.0
2023-01-30 14:30:00-05:00,19.489999771118164,19.613399505615234,19.450000762939453,19.520000457763672,37303,0.0,0.0
2023-01-30 15:30:00-05:00,19.510000228881836,19.510000228881836,19.149999618530273,19.264999389648438,117972,0.0,0.0
2023-01-31 09:30:00-05:00,19.260000228881836,19.639999389648438,19.110000610351562,19.559999465942383,25507,0.0,0.0
2023-01-31 10:30:00-05:00,19.59000015258789,19.770000457763672,19.59000015258789,19.690000534057617,31047,0.0,0.0
2023-01-31 11:30:00-05:00,19.68000030517578,19.809999465942383,19.670000076293945,19.75,40629,0.0,0.0
2023-01-31 12:30:00-05:00,19.75,19.75,19.364999771118164,19.469999313354492,121359,0.0,0.0
2023-01-31 13:30:00-05:00,19.479999542236328,19.684999465942383,19.405000686645508,19.625,65328,0.0,0.0
2023-01-31 14:30:00-05:00,19.625,19.700000762939453,19.469999313354492,19.479999542236328,40586,0.0,0.0
2023-01-31 15:30:00-05:00,19.479999542236328,19.739999771118164,19.440000534057617,19.709999084472656,136315,0.0,0.0
2023-02-01 09:30:00-05:00,19.65999984741211,20.020000457763672,19.341899871826172,19.809999465942383,40357,0.0,0.0
2023-02-01 10:30:00-05:00,19.81999969482422,19.829999923706055,19.540000915527344,19.780000686645508,36807,0.0,0.0
2023-02-01 11:30:00-05:00,19.780000686645508,19.84000015258789,19.614999771118164,19.6200008392334,32022,0.0,0.0
2023-02-01 12:30:00-05:00,19.610000610351562,19.6200008392334,19.309999465942383,19.479999542236328,57009,0.0,0.0
2023-02-01 13:30:00-05:00,19.485000610351562,19.5,19.18000030517578,19.295000076293945,44027,0.0,0.0
2023-02-01 14:30:00-05:00,19.309999465942383,20.020000457763672,19.09000015258789,20.020000457763672,92849,0.0,0.0
2023-02-01 15:30:00-05:00,20.030000686645508,20.209999084472656,19.84000015258789,19.959999084472656,94612,0.0,0.0
2023-02-02 09:30:00-05:00,20.329999923706055,20.649999618530273,20.110000610351562,20.3799991607666,54480,0.0,0.0
2023-02-02 10:30:00-05:00,20.389999389648438,20.90999984741211,20.389999389648438,20.844999313354492,66469,0.0,0.0
2023-02-02 11:30:00-05:00,20.844999313354492,20.940000534057617,20.790000915527344,20.8700008392334,47128,0.0,0.0
2023-02-02 12:30:00-05:00,20.850000381469727,21.040000915527344,20.84000015258789,20.989999771118164,55648,0.0,0.0
2023-02-02 13:30:00-05:00,20.985000610351562,21.399999618530273,20.809999465942383,20.829999923706055,53152,0.0,0.0
2023-02-02 14:30:00-05:00,20.84000015258789,20.850000381469727,20.454999923706055,20.520000457763672,55715,0.0,0.0
2023-02-02 15:30:00-05:00,20.530000686645508,20.790000915527344,20.43000030517578,20.780000686645508,76371,0.0,0.0
2023-02-03 09:30:00-05:00,20.25,20.889999389648438,20.010000228881836,20.290000915527344,46575,0.0,0.0
2023-02-03 10:30:00-05:00,20.31999969482422,20.712499618530273,20.31999969482422,20.434999465942383,60118,0.0,0.0
2023-02-03 11:30:00-05:00,20.40999984741211,20.479999542236328,20.15999984741211,20.479999542236328,32092,0.0,0.0
2023-02-03 12:30:00-05:00,20.459999084472656,20.459999084472656,20.010000228881836,20.010000228881836,50331,0.0,0.0
2023-02-03 13:30:00-05:00,20.030000686645508,20.110000610351562,19.8799991607666,19.954999923706055,67291,0.0,0.0
2023-02-03 14:30:00-05:00,19.950000762939453,20.06999969482422,19.809999465942383,20.020000457763672,64234,0.0,0.0
2023-02-03 15:30:00-05:00,20.020000457763672,20.040000915527344,19.889999389648438,19.979999542236328,85478,0.0,0.0
2023-02-06 09:30:00-05:00,20.15999984741211,20.15999984741211,19.209999084472656,19.329999923706055,58902,0.0,0.0
2023-02-06 10:30:00-05:00,19.31999969482422,19.360000610351562,19.170000076293945,19.170000076293945,49636,0.0,0.0
2023-02-06 11:30:00-05:00,19.170000076293945,19.309999465942383,19.170000076293945,19.25,31923,0.0,0.0
2023-02-06 12:30:00-05:00,19.25,19.309999465942383,19.084999084472656,19.18000030517578,31000,0.0,0.0
2023-02-06 13:30:00-05:00,19.170000076293945,19.360000610351562,19.139999389648438,19.253000259399414,45738,0.0,0.0
2023-02-06 14:30:00-05:00,19.2549991607666,19.260000228881836,18.90999984741211,19.024999618530273,60983,0.0,0.0
2023-02-06 15:30:00-05:00,19.020000457763672,19.170000076293945,18.940000534057617,19.020000457763672,101631,0.0,0.0
2023-02-07 09:30:00-05:00,18.860000610351562,19.059999465942383,18.579999923706055,18.829999923706055,34007,0.0,0.0
2023-02-07 10:30:00-05:00,18.8799991607666,19.052499771118164,18.850000381469727,19.0,59269,0.0,0.0
2023-02-07 11:30:00-05:00,19.0,19.1200008392334,18.920000076293945,18.950000762939453,83503,0.0,0.0
2023-02-07 12:30:00-05:00,18.950000762939453,19.399999618530273,18.90999984741211,19.100000381469727,95428,0.0,0.0
2023-02-07 13:30:00-05:00,19.06999969482422,19.360000610351562,18.889999389648438,19.280000686645508,39564,0.0,0.0
2023-02-07 14:30:00-05:00,19.34000015258789,19.5,19.295000076293945,19.4950008392334,24169,0.0,0.0
2023-02-07 15:30:00-05:00,19.520000457763672,19.68000030517578,19.459999084472656,19.59000015258789,64254,0.0,0.0
2023-02-08 09:30:00-05:00,19.43000030517578,20.170000076293945,19.43000030517578,19.979999542236328,37976,0.0,0.0
2023-02-08 10:30:00-05:00,19.979999542236328,19.979999542236328,19.350000381469727,19.350000381469727,29251,0.0,0.0
2023-02-08 11:30:00-05:00,19.385000228881836,19.459999084472656,19.290000915527344,19.34000015258789,19760,0.0,0.0
2023-02-08 12:30:00-05:00,19.3700008392334,19.389999389648438,19.25,19.329999923706055,17331,0.0,0.0
2023-02-08 13:30:00-05:00,19.299999237060547,19.30500030517578,18.9950008392334,19.020000457763672,17271,0.0,0.0
2023-02-08 14:30:00-05:00,19.0,19.020000457763672,18.860000610351562,18.959999084472656,32416,0.0,0.0
2023-02-08 15:30:00-05:00,18.959999084472656,19.030000686645508,18.850000381469727,18.860000610351562,68786,0.0,0.0
2023-02-09 09:30:00-05:00,19.15999984741211,19.329999923706055,19.020000457763672,19.020000457763672,28726,0.0,0.0
2023-02-09 10:30:00-05:00,18.959999084472656,19.18000030517578,18.889999389648438,19.010000228881836,17562,0.0,0.0
2023-02-09 11:30:00-05:00,19.0049991607666,19.190000534057617,18.979999542236328,19.1200008392334,18630,0.0,0.0
2023-02-09 12:30:00-05:00,19.110000610351562,19.110000610351562,18.985000610351562,19.010000228881836,17401,0.0,0.0
2023-02-09 13:30:00-05:00,18.9950008392334,19.020000457763672,18.809999465942383,18.850000381469727,17094,0.0,0.0
2023-02-09 14:30:00-05:00,18.84000015258789,18.959999084472656,18.725000381469727,18.729999542236328,22267,0.0,0.0
2023-02-09 15:30:00-05:00,18.739999771118164,18.75,18.610000610351562,18.65999984741211,54214,0.0,0.0
2023-02-10 09:30:00-05:00,18.459999084472656,19.25,18.170000076293945,18.81999969482422,50541,0.0,0.0
2023-02-10 10:30:00-05:00,18.829999923706055,18.920000076293945,18.639999389648438,18.68000030517578,41620,0.0,0.0
2023-02-10 11:30:00-05:00,18.6299991607666,18.719999313354492,18.5049991607666,18.600000381469727,50254,0.0,0.0
2023-02-10 12:30:00-05:00,18.600000381469727,18.709999084472656,18.579999923706055,18.665000915527344,25811,0.0,0.0
2023-02-10 13:30:00-05:00,18.65999984741211,18.719999313354492,18.56999969482422,18.66990089416504,20700,0.0,0.0
2023-02-10 14:30:00-05:00,18.639999389648438,18.739999771118164,18.584999084472656,18.594999313354492,35248,0.0,0.0
2023-02-10 15:30:00-05:00,18.610000610351562,18.68000030517578,18.59000015258789,18.649999618530273,73740,0.0,0.0
2023-02-13 09:30:00-05:00,18.649999618530273,18.670000076293945,18.31999969482422,18.639999389648438,15998,0.0,0.0
2023-02-13 10:30:00-05:00,18.639999389648438,18.8700008392334,18.639999389648438,18.81100082397461,16646,0.0,0.0
2023-02-13 11:30:00-05:00,18.809999465942383,19.0,18.735000610351562,18.899999618530273,20028,0.0,0.0
2023-02-13 12:30:00-05:00,18.889999389648438,18.979999542236328,18.809999465942383,18.950000762939453,17429,0.0,0.0
2023-02-13 13:30:00-05:00,18.924999237060547,18.969999313354492,18.860000610351562,18.860000610351562,17548,0.0,0.0
2023-02-13 14:30:00-05:00,18.850000381469727,18.940000534057617,18.8075008392334,18.905000686645508,25634,0.0,0.0
2023-02-13 15:30:00-05:00,18.899999618530273,18.969999313354492,18.84000015258789,18.940000534057617,50349,0.0,0.0
2023-02-14 09:30:00-05:00,18.799999237060547,19.071699142456055,18.260000228881836,18.844999313354492,35046,0.0,0.0
2023-02-14 10:30:00-05:00,18.8799991607666,18.889999389648438,18.489999771118164,18.530000686645508,24898,0.0,0.0
2023-02-14 11:30:00-05:00,18.510000228881836,18.549999237060547,18.40999984741211,18.540000915527344,19050,0.0,0.0
2023-02-14 12:30:00-05:00,18.5,18.709999084472656,18.469999313354492,18.639999389648438,16435,0.0,0.0
2023-02-14 13:30:00-05:00,18.65999984741211,18.850000381469727,18.649999618530273,18.728099822998047,24301,0.0,0.0
2023-02-14 14:30:00-05:00,18.729999542236328,18.850000381469727,18.729999542236328,18.809999465942383,20977,0.0,0.0
2023-02-14 15:30:00-05:00,18.799999237060547,18.8799991607666,18.700000762939453,18.729999542236328,63792,0.0,0.0
2023-02-15 09:30:00-05:00,18.579999923706055,18.989999771118164,18.454999923706055,18.920000076293945,58720,0.0,0.0
2023-02-15 10:30:00-05:00,18.940000534057617,19.049999237060547,18.790000915527344,18.969999313354492,26402,0.0,0.0
2023-02-15 11:30:00-05:00,18.969999313354492,19.03499984741211,18.7549991607666,18.760000228881836,34831,0.0,0.0
2023-02-15 12:30:00-05:00,18.760000228881836,18.989999771118164,18.760000228881836,18.96500015258789,45680,0.0,0.0
2023-02-15 13:30:00-05:00,18.96500015258789,19.170000076293945,18.940000534057617,19.110000610351562,24076,0.0,0.0
2023-02-15 14:30:00-05:00,19.1200008392334,19.190000534057617,19.084999084472656,19.110000610351562,34491,0.0,0.0
2023-02-15 15:30:00-05:00,19.110000610351562,19.270000457763672,19.100000381469727,19.25,49961,0.0,0.0
2023-02-16 09:30:00-05:00,18.790000915527344,19.450000762939453,18.709999084472656,19.049999237060547,58752,0.0,0.0
2023-02-16 10:30:00-05:00,19.079999923706055,19.219999313354492,19.049999237060547,19.110000610351562,40077,0.0,0.0
2023-02-16 11:30:00-05:00,19.135000228881836,19.229999542236328,19.110000610351562,19.219999313354492,27749,0.0,0.0
2023-02-16 12:30:00-05:00,19.25,19.344999313354492,19.225000381469727,19.25,27239,0.0,0.0
2023-02-16 13:30:00-05:00,19.290000915527344,19.3700008392334,19.190000534057617,19.25,25199,0.0,0.0
2023-02-16 14:30:00-05:00,19.260000228881836,19.29010009765625,18.9950008392334,19.010000228881836,36905,0.0,0.0
2023-02-16 15:30:00-05:00,19.000099182128906,19.040000915527344,18.760000228881836,18.780000686645508,155054,0.0,0.0
2023-02-17 09:30:00-05:00,18.850000381469727,19.049999237060547,18.479999542236328,19.020000457763672,70535,0.0,0.0
2023-02-17 10:30:00-05:00,19.010000228881836,19.1200008392334,18.809999465942383,18.823999404907227,49248,0.0,0.0
2023-02-17 11:30:00-05:00,18.799999237060547,18.920000076293945,18.770000457763672,18.829999923706055,25346,0.0,0.0
2023-02-17 12:30:00-05:00,18.850000381469727,19.040000915527344,18.81999969482422,18.959999084472656,40754,0.0,0.0
2023-02-17 13:30:00-05:00,18.950000762939453,19.049999237060547,18.940000534057617,19.040000915527344,38173,0.0,0.0
2023-02-17 14:30:00-05:00,19.049999237060547,19.280000686645508,19.049999237060547,19.260000228881836,56891,0.0,0.0
2023-02-17 15:30:00-05:00,19.260000228881836,19.440000534057617,19.209999084472656,19.420000076293945,131459,0.0,0.0
2023-02-21 09:30:00-05:00,19.030000686645508,19.170000076293945,18.75,18.760000228881836,70732,0.0,0.0
2023-02-21 10:30:00-05:00,18.780000686645508,18.90999984741211,18.604999542236328,18.690000534057617,39222,0.0,0.0
2023-02-21 11:30:00-05:00,18.690000534057617,18.719999313354492,18.5,18.524999618530273,36490,0.0,0.0
2023-02-21 12:30:00-05:00,18.524999618530273,18.559999465942383,18.350000381469727,18.389999389648438,28568,0.0,0.0
2023-02-21 13:30:00-05:00,18.389999389648438,18.520000457763672,18.350000381469727,18.479999542236328,47492,0.0,0.0
2023-02-21 14:30:00-05:00,18.489999771118164,18.520000457763672,18.280000686645508,18.309999465942383,120016,0.0,0.0
2023-02-21 15:30:00-05:00,18.315000534057617,18.389999389648438,18.15999984741211,18.170000076293945,160276,0.0,0.0
2023-02-22 09:30:00-05:00,18.110000610351562,18.450000762939453,17.90999984741211,18.44499969482422,83169,0.0,0.0
2023-02-22 10:30:00-05:00,18.44499969482422,18.635000228881836,18.329999923706055,18.600000381469727,63918,0.0,0.0
2023-02-22 11:30:00-05:00,18.6200008392334,18.719999313354492,18.575000762939453,18.647300720214844,35237,0.0,0.0
2023-02-22 12:30:00-05:00,18.649999618530273,18.8700008392334,18.6299991607666,18.8700008392334,34170,0.0,0.0
2023-02-22 13:30:00-05:00,18.8799991607666,18.93000030517578,18.610000610351562,18.625,58513,0.0,0.0
2023-02-22 14:30:00-05:00,18.6299991607666,18.690000534057617,18.454999923706055,18.5,141109,0.0,0.0
2023-02-22 15:30:00-05:00,18.489999771118164,18.549999237060547,18.28499984741211,18.450000762939453,175152,0.0,0.0
2023-02-23 09:30:00-05:00,18.65999984741211,18.65999984741211,18.31999969482422,18.329999923706055,39059,0.0,0.0
2023-02-23 10:30:00-05:00,18.270000457763672,18.290000915527344,17.959999084472656,18.049999237060547,51340,0.0,0.0
2023-02-23 11:30:00-05:00,18.049999237060547,18.200000762939453,17.84000015258789,18.059999465942383,62880,0.0,0.0
2023-02-23 12:30:00-05:00,18.065000534057617,18.360000610351562,18.065000534057617,18.350000381469727,57244,0.0,0.0
2023-02-23 13:30:00-05:00,18.34000015258789,18.434999465942383,18.219999313354492,18.405000686645508,57988,0.0,0.0
2023-02-23 14:30:00-05:00,18.420000076293945,18.489999771118164,18.290000915527344,18.434999465942383,78283,0.0,0.0
2023-02-23 15:30:00-05:00,18.420000076293945,18.68000030517578,18.420000076293945,18.670000076293945,149081,0.0,0.0
2023-02-24 09:30:00-05:00,18.260000228881836,18.84000015258789,18.030000686645508,18.309999465942383,198363,0.0,0.0
2023-02-24 10:30:00-05:00,18.31999969482422,18.389999389648438,18.219999313354492,18.350000381469727,34452,0.0,0.0
2023-02-24 11:30:00-05:00,18.34000015258789,18.5049991607666,18.31999969482422,18.396299362182617,41603,0.0,0.0
2023-02-24 12:30:00-05:00,18.40999984741211,18.434999465942383,18.299999237060547,18.399999618530273,43124,0.0,0.0
2023-02-24 13:30:00-05:00,18.399999618530273,18.459999084472656,18.354999542236328,18.40999984741211,33222,0.0,0.0
2023-02-24 14:30:00-05:00,18.420000076293945,18.614999771118164,18.373600006103516,18.549999237060547,43993,0.0,0.0
2023-02-24 15:30:00-05:00,18.559999465942383,18.56999969482422,18.469999313354492,18.540000915527344,164860,0.0,0.0
2023-02-27 09:30:00-05:00,18.709999084472656,18.709999084472656,18.309999465942383,18.469999313354492,77701,0.0,0.0
2023-02-27 10:30:00-05:00,18.43000030517578,18.709999084472656,18.389999389648438,18.709999084472656,74690,0.0,0.0
2023-02-27 11:30:00-05:00,18.68000030517578,18.889999389648438,18.621299743652344,18.809999465942383,99154,0.0,0.0
2023-02-27 12:30:00-05:00,18.809999465942383,18.905000686645508,18.68000030517578,18.690000534057617,42163,0.0,0.0
2023-02-27 13:30:00-05:00,18.684999465942383,18.729999542236328,18.56999969482422,18.610000610351562,35168,0.0,0.0
2023-02-27 14:30:00-05:00,18.600000381469727,18.6200008392334,18.4950008392334,18.588499069213867,70144,0.0,0.0
2023-02-27 15:30:00-05:00,18.579999923706055,18.709999084472656,18.549999237060547,18.65999984741211,85819,0.0,0.0
2023-02-28 09:30:00-05:00,18.579999923706055,18.905000686645508,18.399999618530273,18.690000534057617,90361,0.0,0.0
2023-02-28 10:30:00-05:00,18.725000381469727,18.854999542236328,18.670000076293945,18.764999389648438,52167,0.0,0.0
2023-02-28 11:30:00-05:00,18.780000686645508,18.905000686645508,18.735000610351562,18.905000686645508,43734,0.0,0.0
2023-02-28 12:30:00-05:00,18.90999984741211,19.31999969482422,18.81999969482422,19.149999618530273,147463,0.0,0.0
2023-02-28 13:30:00-05:00,19.165000915527344,19.290000915527344,19.100000381469727,19.270000457763672,51561,0.0,0.0
2023-02-28 14:30:00-05:00,19.260000228881836,19.5,19.25,19.290000915527344,116948,0.0,0.0
2023-02-28 15:30:00-05:00,19.290000915527344,19.489999771118164,18.905000686645508,18.940000534057617,253191,0.0,0.0
2023-03-01 09:30:00-05:00,19.649999618530273,22.489999771118164,19.2549991607666,21.2549991607666,310578,0.0,0.0
2023-03-01 10:30:00-05:00,21.219999313354492,21.6299991607666,21.1200008392334,21.18000030517578,97103,0.0,0.0
2023-03-01 11:30:00-05:00,21.155000686645508,21.940000534057617,20.950000762939453,21.7450008392334,85967,0.0,0.0
2023-03-01 12:30:00-05:00,21.760000228881836,21.979999542236328,21.559999465942383,21.684999465942383,63758,0.0,0.0
2023-03-01 13:30:00-05:00,21.684999465942383,21.8700008392334,21.469999313354492,21.510000228881836,81228,0.0,0.0
2023-03-01 14:30:00-05:00,21.514999389648438,21.59000015258789,21.079999923706055,21.469999313354492,92348,0.0,0.0
2023-03-01 15:30:00-05:00,21.5,21.56999969482422,21.389999389648438,21.399999618530273,140414,0.0,0.0
2023-03-02 09:30:00-05:00,21.059999465942383,22.110000610351562,20.860000610351562,22.065000534057617,125494,0.0,0.0
2023-03-02 10:30:00-05:00,22.065000534057617,22.2450008392334,21.8700008392334,22.1200008392334,93235,0.0,0.0
2023-03-02 11:30:00-05:00,22.1200008392334,22.540000915527344,22.1200008392334,22.315000534057617,112023,0.0,0.0
2023-03-02 12:30:00-05:00,22.315000534057617,22.415000915527344,22.170000076293945,22.395000457763672,56272,0.0,0.0
2023-03-02 13:30:00-05:00,22.395000457763672,22.520000457763672,22.30500030517578,22.489999771118164,71681,0.0,0.0
2023-03-02 14:30:00-05:00,22.485000610351562,22.825000762939453,22.46500015258789,22.809999465942383,123990,0.0,0.0
2023-03-02 15:30:00-05:00,22.815000534057617,23.049999237060547,22.709999084472656,22.899999618530273,201424,0.0,0.0
2023-03-03 09:30:00-05:00,23.299999237060547,23.31999969482422,22.700000762939453,22.985000610351562,91235,0.0,0.0
2023-03-03 10:30:00-05:00,23.0,23.19499969482422,22.549999237060547,22.979999542236328,77623,0.0,0.0
2023-03-03 11:30:00-05:00,23.010000228881836,23.110000610351562,22.75,22.989999771118164,43035,0.0,0.0
2023-03-03 12:30:00-05:00,22.969999313354492,23.190000534057617,22.959999084472656,23.135000228881836,46135,0.0,0.0
2023-03-03 13:30:00-05:00,23.149999618530273,23.3799991607666,23.145000457763672,23.34000015258789,60297,0.0,0.0
2023-03-03 14:30:00-05:00,23.34000015258789,23.3799991607666,23.239999771118164,23.31999969482422,75463,0.0,0.0
2023-03-03 15:30:00-05:00,23.309999465942383,23.309999465942383,23.18000030517578,23.270000457763672,106636,0.0,0.0
2023-03-06 09:30:00-05:00,23.40999984741211,23.8799991607666,22.854999542236328,22.950000762939453,93600,0.0,0.0
2023-03-06 10:30:00-05:00,22.921100616455078,22.921100616455078,22.530000686645508,22.540000915527344,64503,0.0,0.0
2023-03-06 11:30:00-05:00,22.530000686645508,22.540000915527344,22.270000457763672,22.360000610351562,60656,0.0,0.0
2023-03-06 12:30:00-05:00,22.34000015258789,22.530000686645508,22.290000915527344,22.43000030517578,108383,0.0,0.0
2023-03-06 13:30:00-05:00,22.40999984741211,22.540000915527344,22.139999389648438,22.212499618530273,116130,0.0,0.0
2023-03-06 14:30:00-05:00,22.170000076293945,22.190000534057617,21.93000030517578,21.969999313354492,80180,0.0,0.0
2023-03-06 15:30:00-05:00,21.975000381469727,22.1299991607666,21.940000534057617,22.110000610351562,153442,0.0,0.0
2023-03-07 09:30:00-05:00,22.020000457763672,22.082500457763672,21.5,21.790000915527344,80847,0.0,0.0
2023-03-07 10:30:00-05:00,21.774999618530273,21.854999542236328,21.399999618530273,21.760000228881836,60549,0.0,0.0
2023-03-07 11:30:00-05:00,21.75,21.799999237060547,21.600000381469727,21.770000457763672,39210,0.0,0.0
2023-03-07 12:30:00-05:00,21.790000915527344,21.93000030517578,21.700000762939453,21.93000030517578,49715,0.0,0.0
2023-03-07 13:30:00-05:00,21.950000762939453,22.0,21.790000915527344,21.889999389648438,60086,0.0,0.0
2023-03-07 14:30:00-05:00,21.899999618530273,21.969999313354492,21.8700008392334,21.90999984741211,54109,0.0,0.0
2023-03-07 15:30:00-05:00,21.915000915527344,21.969999313354492,21.68000030517578,21.700000762939453,114883,0.0,0.0
2023-03-08 09:30:00-05:00,21.709999084472656,22.170000076293945,21.44499969482422,22.15999984741211,61092,0.0,0.0
2023-03-08 10:30:00-05:00,22.09000015258789,22.34000015258789,22.079999923706055,22.299999237060547,52910,0.0,0.0
2023-03-08 11:30:00-05:00,22.309999465942383,22.3799991607666,22.190000534057617,22.190000534057617,36409,0.0,0.0
2023-03-08 12:30:00-05:00,22.209999084472656,22.219999313354492,21.889999389648438,21.950000762939453,41797,0.0,0.0
2023-03-08 13:30:00-05:00,21.924999237060547,22.0,21.90999984741211,22.0,33775,0.0,0.0
2023-03-08 14:30:00-05:00,22.0,22.010000228881836,21.729999542236328,21.770000457763672,49501,0.0,0.0
2023-03-08 15:30:00-05:00,21.764999389648438,21.8799991607666,21.764999389648438,21.8700008392334,121534,0.0,0.0
2023-03-09 09:30:00-05:00,22.0,22.302499771118164,21.9601993560791,22.280000686645508,30454,0.0,0.0
2023-03-09 10:30:00-05:00,22.299999237060547,22.649999618530273,22.299999237060547,22.40999984741211,64597,0.0,0.0
2023-03-09 11:30:00-05:00,22.40999984741211,22.43000030517578,22.200000762939453,22.260000228881836,31939,0.0,0.0
2023-03-09 12:30:00-05:00,22.260000228881836,22.260000228881836,21.81999969482422,21.81999969482422,30835,0.0,0.0
2023-03-09 13:30:00-05:00,21.81999969482422,21.829999923706055,21.540000915527344,21.600000381469727,42822,0.0,0.0
2023-03-09 14:30:00-05:00,21.56999969482422,21.690000534057617,21.5,21.65999984741211,54549,0.0,0.0
2023-03-09 15:30:00-05:00,21.649999618530273,21.670000076293945,21.450000762939453,21.600000381469727,90222,0.0,0.0
2023-03-10 09:30:00-05:00,21.489999771118164,21.489999771118164,20.670000076293945,20.829999923706055,62100,0.0,0.0
2023-03-10 10:30:00-05:00,20.84000015258789,21.145000457763672,20.760000228881836,21.100000381469727,43247,0.0,0.0
2023-03-10 11:30:00-05:00,21.114999771118164,21.114999771118164,20.829999923706055,20.8700008392334,42967,0.0,0.0
2023-03-10 12:30:00-05:00,20.8700008392334,20.959999084472656,20.530000686645508,20.6299991607666,86145,0.0,0.0
2023-03-10 13:30:00-05:00,20.6299991607666,20.93000030517578,20.43000030517578,20.90999984741211,96158,0.0,0.0
2023-03-10 14:30:00-05:00,20.93000030517578,21.229999542236328,20.90999984741211,21.15999984741211,113756,0.0,0.0
2023-03-10 15:30:00-05:00,21.149999618530273,21.270000457763672,21.079999923706055,21.239999771118164,185961,0.0,0.0
2023-03-13 09:30:00-04:00,20.899999618530273,21.440000534057617,20.760000228881836,21.020000457763672,69341,0.0,0.0
2023-03-13 10:30:00-04:00,21.020000457763672,21.90999984741211,20.989999771118164,21.889999389648438,64380,0.0,0.0
2023-03-13 11:30:00-04:00,21.8799991607666,22.329999923706055,21.770000457763672,22.1653995513916,111513,0.0,0.0
2023-03-13 12:30:00-04:00,22.15999984741211,22.260000228881836,21.950000762939453,22.15999984741211,80426,0.0,0.0
2023-03-13 13:30:00-04:00,22.18000030517578,22.3700008392334,21.790000915527344,21.889999389648438,117438,0.0,0.0
2023-03-13 14:30:00-04:00,21.863399505615234,22.0,21.389999389648438,21.510000228881836,134213,0.0,0.0
2023-03-13 15:30:00-04:00,21.510000228881836,21.90999984741211,21.459999084472656,21.68000030517578,227314,0.0,0.0
2023-03-14 09:30:00-04:00,22.440000534057617,23.139999389648438,21.959999084472656,23.079999923706055,237604,0.0,0.0
2023-03-14 10:30:00-04:00,23.09000015258789,23.309999465942383,22.950000762939453,23.040000915527344,82685,0.0,0.0
2023-03-14 11:30:00-04:00,23.030000686645508,23.100000381469727,22.8799991607666,23.0,70589,0.0,0.0
2023-03-14 12:30:00-04:00,23.0,23.010000228881836,22.700000762939453,22.93000030517578,94418,0.0,0.0
2023-03-14 13:30:00-04:00,22.93000030517578,22.979999542236328,22.719999313354492,22.959999084472656,63476,0.0,0.0
2023-03-14 14:30:00-04:00,22.950000762939453,22.979999542236328,22.649999618530273,22.739999771118164,87782,0.0,0.0
2023-03-14 15:30:00-04:00,22.760000228881836,22.899999618530273,22.709999084472656,22.8700008392334,167631,0.0,0.0
2023-03-15 09:30:00-04:00,22.280000686645508,22.790000915527344,22.200000762939453,22.209999084472656,53257,0.0,0.0
2023-03-15 10:30:00-04:00,22.219999313354492,22.440000534057617,22.149999618530273,22.34000015258789,50269,0.0,0.0
2023-03-15 11:30:00-04:00,22.350000381469727,22.55500030517578,22.274999618530273,22.53499984741211,48130,0.0,0.0
2023-03-15 12:30:00-04:00,22.530000686645508,22.639999389648438,22.3799991607666,22.639999389648438,41341,0.0,0.0
2023-03-15 13:30:00-04:00,22.645000457763672,23.209999084472656,22.479999542236328,23.155000686645508,77821,0.0,0.0
2023-03-15 14:30:00-04:00,23.1299991607666,23.239999771118164,22.950000762939453,23.170000076293945,71746,0.0,0.0
2023-03-15 15:30:00-04:00,23.149999618530273,23.360000610351562,23.1299991607666,23.350000381469727,120633,0.0,0.0
2023-03-16 09:30:00-04:00,23.079999923706055,23.329999923706055,22.940000534057617,23.139999389648438,44447,0.0,0.0
2023-03-16 10:30:00-04:00,23.149999618530273,23.7450008392334,23.139999389648438,23.649999618530273,83402,0.0,0.0
2023-03-16 11:30:00-04:00,23.670000076293945,23.760000228881836,23.565000534057617,23.703500747680664,47570,0.0,0.0
2023-03-16 12:30:00-04:00,23.704999923706055,23.860000610351562,23.65999984741211,23.780000686645508,52979,0.0,0.0
2023-03-16 13:30:00-04:00,23.790000915527344,23.950000762939453,23.760000228881836,23.8799991607666,35901,0.0,0.0
2023-03-16 14:30:00-04:00,23.860000610351562,23.989999771118164,23.799999237060547,23.989999771118164,38862,0.0,0.0
2023-03-16 15:30:00-04:00,23.959999084472656,23.969999313354492,23.655000686645508,23.739999771118164,72571,0.0,0.0
2023-03-17 09:30:00-04:00,23.559999465942383,23.56999969482422,23.06999969482422,23.329999923706055,143794,0.0,0.0
2023-03-17 10:30:00-04:00,23.350000381469727,23.420000076293945,23.209999084472656,23.34000015258789,40295,0.0,0.0
2023-03-17 11:30:00-04:00,23.325000762939453,23.520000457763672,23.030000686645508,23.509899139404297,38874,0.0,0.0
2023-03-17 12:30:00-04:00,23.540000915527344,23.600000381469727,23.309999465942383,23.5,38324,0.0,0.0
2023-03-17 13:30:00-04:00,23.520000457763672,23.579999923706055,23.229999542236328,23.280000686645508,45905,0.0,0.0
2023-03-17 14:30:00-04:00,23.309999465942383,23.31999969482422,23.170000076293945,23.290000915527344,59373,0.0,0.0
2023-03-17 15:30:00-04:00,23.260000228881836,23.290000915527344,22.989999771118164,23.100000381469727,156416,0.0,0.0
2023-03-20 09:30:00-04:00,23.25,23.520000457763672,22.972700119018555,23.520000457763672,47080,0.0,0.0
2023-03-20 10:30:00-04:00,23.5,23.68000030517578,23.459999084472656,23.559999465942383,56777,0.0,0.0
2023-03-20 11:30:00-04:00,23.56999969482422,23.575000762939453,23.165000915527344,23.239999771118164,38910,0.0,0.0
2023-03-20 12:30:00-04:00,23.270000457763672,23.68000030517578,23.239999771118164,23.600000381469727,47181,0.0,0.0
2023-03-20 13:30:00-04:00,23.610000610351562,23.68000030517578,23.540000915527344,23.6200008392334,58240,0.0,0.0
2023-03-20 14:30:00-04:00,23.600000381469727,23.739999771118164,23.59000015258789,23.719999313354492,74446,0.0,0.0
2023-03-20 15:30:00-04:00,23.700000762939453,23.889999389648438,23.690000534057617,23.739999771118164,93318,0.0,0.0
2023-03-21 09:30:00-04:00,23.799999237060547,23.959999084472656,23.610000610351562,23.729999542236328,45127,0.0,0.0
2023-03-21 10:30:00-04:00,23.75,23.799999237060547,23.350000381469727,23.350000381469727,31255,0.0,0.0
2023-03-21 11:30:00-04:00,23.3700008392334,23.399999618530273,23.165000915527344,23.290000915527344,21658,0.0,0.0
2023-03-21 12:30:00-04:00,23.31999969482422,23.440000534057617,23.309999465942383,23.43000030517578,24454,0.0,0.0
2023-03-21 13:30:00-04:00,23.450000762939453,23.510000228881836,23.329999923706055,23.405000686645508,30670,0.0,0.0
2023-03-21 14:30:00-04:00,23.415000915527344,23.649999618530273,23.40999984741211,23.59000015258789,40703,0.0,0.0
2023-03-21 15:30:00-04:00,23.59000015258789,23.610000610351562,23.31999969482422,23.389999389648438,77763,0.0,0.0
2023-03-22 09:30:00-04:00,23.209999084472656,23.469999313354492,22.959999084472656,23.389999389648438,46429,0.0,0.0
2023-03-22 10:30:00-04:00,23.375,23.39739990234375,23.209999084472656,23.325000762939453,21598,0.0,0.0
2023-03-22 11:30:00-04:00,23.299999237060547,23.450000762939453,23.299999237060547,23.440000534057617,17858,0.0,0.0
2023-03-22 12:30:00-04:00,23.43000030517578,23.440000534057617,23.309999465942383,23.360000610351562,15710,0.0,0.0
2023-03-22 13:30:00-04:00,23.371999740600586,23.559999465942383,23.190000534057617,23.31999969482422,36858,0.0,0.0
2023-03-22 14:30:00-04:00,23.329999923706055,23.559999465942383,22.920000076293945,23.229999542236328,72625,0.0,0.0
2023-03-22 15:30:00-04:00,23.239999771118164,23.239999771118164,22.860000610351562,22.8700008392334,212445,0.0,0.0
2023-03-23 09:30:00-04:00,22.979999542236328,23.610000610351562,22.780000686645508,23.415000915527344,80629,0.0,0.0
2023-03-23 10:30:00-04:00,23.450000762939453,23.985000610351562,23.389999389648438,23.969999313354492,33657,0.0,0.0
2023-03-23 11:30:00-04:00,24.0,24.049999237060547,23.559999465942383,23.68400001525879,63026,0.0,0.0
2023-03-23 12:30:00-04:00,23.709999084472656,23.75,23.489999771118164,23.489999771118164,26653,0.0,0.0
2023-03-23 13:30:00-04:00,23.56999969482422,23.621999740600586,23.270000457763672,23.270000457763672,23527,0.0,0.0
2023-03-23 14:30:00-04:00,23.270000457763672,23.579999923706055,23.209999084472656,23.489999771118164,62964,0.0,0.0
2023-03-23 15:30:00-04:00,23.459999084472656,23.729999542236328,23.420000076293945,23.649999618530273,82001,0.0,0.0
2023-03-24 09:30:00-04:00,23.420000076293945,23.610000610351562,23.104999542236328,23.562599182128906,49405,0.0,0.0
2023-03-24 10:30:00-04:00,23.564300537109375,23.6200008392334,23.274999618530273,23.28499984741211,28986,0.0,0.0
2023-03-24 11:30:00-04:00,23.280000686645508,23.520000457763672,23.280000686645508,23.3799991607666,23352,0.0,0.0
2023-03-24 12:30:00-04:00,23.389999389648438,23.530000686645508,23.3700008392334,23.440000534057617,23897,0.0,0.0
2023-03-24 13:30:00-04:00,23.479999542236328,23.520000457763672,23.344999313354492,23.360000610351562,21773,0.0,0.0
2023-03-24 14:30:00-04:00,23.3700008392334,23.6200008392334,23.36039924621582,23.6200008392334,47057,0.0,0.0
2023-03-24 15:30:00-04:00,23.639999389648438,23.75,23.510000228881836,23.719999313354492,86570,0.0,0.0
2023-03-27 09:30:00-04:00,23.479999542236328,23.670000076293945,23.260000228881836,23.389999389648438,81601,0.0,0.0
2023-03-27 10:30:00-04:00,23.360000610351562,23.6299991607666,23.110000610351562,23.139999389648438,67090,0.0,0.0
2023-03-27 11:30:00-04:00,23.149999618530273,23.25,22.969999313354492,23.15999984741211,57862,0.0,0.0
2023-03-27 12:30:00-04:00,23.190000534057617,23.190000534057617,23.059999465942383,23.139999389648438,68987,0.0,0.0
2023-03-27 13:30:00-04:00,23.165000915527344,23.219999313354492,23.049999237060547,23.06999969482422,44704,0.0,0.0
2023-03-27 14:30:00-04:00,23.079999923706055,23.43000030517578,23.079999923706055,23.34000015258789,51163,0.0,0.0
2023-03-27 15:30:00-04:00,23.325000762939453,23.3700008392334,23.239999771118164,23.34000015258789,74820,0.0,0.0
2023-03-28 09:30:00-04:00,23.190000534057617,23.229999542236328,22.610000610351562,22.625,45415,0.0,0.0
2023-03-28 10:30:00-04:00,22.612699508666992,22.825000762939453,22.450000762939453,22.770000457763672,47903,0.0,0.0
2023-03-28 11:30:00-04:00,22.75,22.780000686645508,22.6200008392334,22.68000030517578,47516,0.0,0.0
2023-03-28 12:30:00-04:00,22.670000076293945,23.010000228881836,22.610000610351562,22.889999389648438,108520,0.0,0.0
2023-03-28 13:30:00-04:00,22.8799991607666,22.940000534057617,22.5,22.5,52526,0.0,0.0
2023-03-28 14:30:00-04:00,22.5,22.725000381469727,22.459999084472656,22.479999542236328,77073,0.0,0.0
2023-03-28 15:30:00-04:00,22.479999542236328,22.899999618530273,22.440000534057617,22.81999969482422,142006,0.0,0.0
2023-03-29 09:30:00-04:00,23.0,23.440000534057617,22.989999771118164,23.075000762939453,49016,0.0,0.0
2023-03-29 10:30:00-04:00,23.06999969482422,23.06999969482422,22.78499984741211,22.844999313354492,36244,0.0,0.0
2023-03-29 11:30:00-04:00,22.850000381469727,23.100000381469727,22.850000381469727,23.059999465942383,30220,0.0,0.0
2023-03-29 12:30:00-04:00,23.06999969482422,23.12150001525879,23.010000228881836,23.12019920349121,36024,0.0,0.0
2023-03-29 13:30:00-04:00,23.1299991607666,23.31999969482422,22.924999237060547,23.309999465942383,43664,0.0,0.0
2023-03-29 14:30:00-04:00,23.309999465942383,23.5,23.290000915527344,23.3799991607666,37084,0.0,0.0
2023-03-29 15:30:00-04:00,23.389999389648438,23.389999389648438,23.280000686645508,23.360000610351562,62056,0.0,0.0
2023-03-30 09:30:00-04:00,23.329999923706055,23.655000686645508,23.049999237060547,23.100000381469727,27394,0.0,0.0
2023-03-30 10:30:00-04:00,23.09000015258789,23.190000534057617,22.920000076293945,22.922000885009766,17376,0.0,0.0
2023-03-30 11:30:00-04:00,22.93000030517578,22.93000030517578,22.670000076293945,22.834999084472656,36921,0.0,0.0
2023-03-30 12:30:00-04:00,22.829999923706055,22.952999114990234,22.709999084472656,22.739999771118164,41197,0.0,0.0
2023-03-30 13:30:00-04:00,22.75,22.770000457763672,22.565000534057617,22.770000457763672,35601,0.0,0.0
2023-03-30 14:30:00-04:00,22.760000228881836,22.780000686645508,22.549999237060547,22.6200008392334,53966,0.0,0.0
2023-03-30 15:30:00-04:00,22.600000381469727,22.739999771118164,22.459999084472656,22.520000457763672,127418,0.0,0.0
2023-03-31 09:30:00-04:00,22.81999969482422,23.440000534057617,22.81999969482422,23.329999923706055,40075,0.0,0.0
2023-03-31 10:30:00-04:00,23.350000381469727,23.350000381469727,23.139999389648438,23.18000030517578,29185,0.0,0.0
2023-03-31 11:30:00-04:00,23.170000076293945,23.325000762939453,23.145000457763672,23.260000228881836,39888,0.0,0.0
2023-03-31 12:30:00-04:00,23.25,23.25,23.1200008392334,23.190000534057617,27961,0.0,0.0
2023-03-31 13:30:00-04:00,23.190000534057617,23.190000534057617,23.06999969482422,23.09000015258789,21588,0.0,0.0
2023-03-31 14:30:00-04:00,23.110000610351562,23.139999389648438,22.989999771118164,23.1200008392334,28270,0.0,0.0
2023-03-31 15:30:00-04:00,23.110000610351562,23.280000686645508,23.030000686645508,23.209999084472656,144697,0.0,0.0
2023-04-03 09:30:00-04:00,23.010000228881836,23.539100646972656,22.882600784301758,23.479999542236328,48151,0.0,0.0
2023-04-03 10:30:00-04:00,23.440000534057617,23.479999542236328,23.049999237060547,23.239999771118164,35417,0.0,0.0
2023-04-03 11:30:00-04:00,23.25,23.450000762939453,23.25,23.350000381469727,44033,0.0,0.0
2023-04-03 12:30:00-04:00,23.34000015258789,23.350000381469727,23.040000915527344,23.065000534057617,38873,0.0,0.0
2023-04-03 13:30:00-04:00,23.065000534057617,23.200000762939453,23.040000915527344,23.190000534057617,23767,0.0,0.0
2023-04-03 14:30:00-04:00,23.190000534057617,23.594999313354492,23.174999237060547,23.579999923706055,52897,0.0,0.0
2023-04-03 15:30:00-04:00,23.565000534057617,23.770000457763672,23.560100555419922,23.760000228881836,113999,0.0,0.0
2023-04-04 09:30:00-04:00,23.90999984741211,23.90999984741211,23.444599151611328,23.520000457763672,38691,0.0,0.0
2023-04-04 10:30:00-04:00,23.520000457763672,23.540000915527344,23.209999084472656,23.3700008392334,23797,0.0,0.0
2023-04-04 11:30:00-04:00,23.3799991607666,23.48040008544922,23.219999313354492,23.354999542236328,20887,0.0,0.0
2023-04-04 12:30:00-04:00,23.360000610351562,23.389999389648438,23.25,23.360000610351562,20406,0.0,0.0
2023-04-04 13:30:00-04:00,23.334999084472656,23.5,23.260000228881836,23.3700008392334,28778,0.0,0.0
2023-04-04 14:30:00-04:00,23.360000610351562,23.430700302124023,23.28499984741211,23.334999084472656,29821,0.0,0.0
2023-04-04 15:30:00-04:00,23.31999969482422,23.6299991607666,23.315000534057617,23.59000015258789,76711,0.0,0.0
2023-04-05 09:30:00-04:00,23.520000457763672,23.59000015258789,23.25,23.364299774169922,43494,0.0,0.0
2023-04-05 10:30:00-04:00,23.360000610351562,23.450000762939453,23.239999771118164,23.399999618530273,30368,0.0,0.0
2023-04-05 11:30:00-04:00,23.399999618530273,23.5,23.354999542236328,23.399999618530273,39923,0.0,0.0
2023-04-05 12:30:00-04:00,23.3700008392334,23.479999542236328,23.364999771118164,23.440000534057617,21053,0.0,0.0
2023-04-05 13:30:00-04:00,23.44499969482422,23.44499969482422,23.270000457763672,23.290000915527344,21388,0.0,0.0
2023-04-05 14:30:00-04:00,23.280000686645508,23.31999969482422,23.149999618530273,23.200000762939453,25207,0.0,0.0
2023-04-05 15:30:00-04:00,23.219999313354492,23.450000762939453,23.219999313354492,23.260000228881836,89304,0.0,0.0
2023-04-06 09:30:00-04:00,23.360000610351562,23.360000610351562,22.670000076293945,23.079999923706055,26184,0.0,0.0
2023-04-06 10:30:00-04:00,23.110000610351562,23.190000534057617,22.940000534057617,23.020000457763672,21503,0.0,0.0
2023-04-06 11:30:00-04:00,23.014999389648438,23.225000381469727,23.010000228881836,23.170000076293945,21981,0.0,0.0
2023-04-06 12:30:00-04:00,23.200000762939453,23.34000015258789,23.200000762939453,23.290000915527344,19581,0.0,0.0
2023-04-06 13:30:00-04:00,23.299999237060547,23.3799991607666,23.260000228881836,23.31999969482422,32890,0.0,0.0
2023-04-06 14:30:00-04:00,23.315000534057617,23.350000381469727,23.19499969482422,23.209999084472656,45717,0.0,0.0
2023-04-06 15:30:00-04:00,23.2450008392334,23.360000610351562,23.209999084472656,23.309999465942383,87710,0.0,0.0
2023-04-10 09:30:00-04:00,23.079999923706055,23.209999084472656,22.790000915527344,23.155000686645508,28543,0.0,0.0
2023-04-10 10:30:00-04:00,23.19499969482422,23.270000457763672,23.09000015258789,23.190000534057617,19532,0.0,0.0
2023-04-10 11:30:00-04:00,23.209999084472656,23.229999542236328,23.030000686645508,23.040000915527344,31648,0.0,0.0
2023-04-10 12:30:00-04:00,23.040000915527344,23.3700008392334,23.040000915527344,23.3700008392334,26292,0.0,0.0
2023-04-10 13:30:00-04:00,23.415000915527344,23.450000762939453,23.329999923706055,23.350000381469727,17303,0.0,0.0
2023-04-10 14:30:00-04:00,23.3799991607666,23.530000686645508,23.31999969482422,23.530000686645508,34775,0.0,0.0
2023-04-10 15:30:00-04:00,23.530000686645508,23.68000030517578,23.459999084472656,23.489999771118164,89651,0.0,0.0
2023-04-11 09:30:00-04:00,23.440000534057617,23.740999221801758,23.270000457763672,23.43000030517578,48602,0.0,0.0
2023-04-11 10:30:00-04:00,23.43000030517578,23.459999084472656,23.149999618530273,23.165000915527344,52157,0.0,0.0
2023-04-11 11:30:00-04:00,23.139999389648438,23.389999389648438,23.1200008392334,23.299999237060547,27588,0.0,0.0
2023-04-11 12:30:00-04:00,23.329999923706055,23.34000015258789,23.2450008392334,23.280000686645508,17296,0.0,0.0
2023-04-11 13:30:00-04:00,23.290000915527344,23.290000915527344,23.06999969482422,23.139999389648438,48467,0.0,0.0
2023-04-11 14:30:00-04:00,23.149999618530273,23.219999313354492,23.114999771118164,23.190000534057617,48471,0.0,0.0
2023-04-11 15:30:00-04:00,23.184999465942383,23.184999465942383,22.934999465942383,22.989999771118164,77006,0.0,0.0
2023-04-12 09:30:00-04:00,23.309999465942383,23.690000534057617,23.024999618530273,23.040000915527344,68975,0.0,0.0
2023-04-12 10:30:00-04:00,23.020000457763672,23.040000915527344,22.510000228881836,22.59000015258789,172561,0.0,0.0
2023-04-12 11:30:00-04:00,22.6200008392334,22.84000015258789,22.549999237060547,22.68000030517578,33924,0.0,0.0
2023-04-12 12:30:00-04:00,22.684999465942383,22.684999465942383,22.489999771118164,22.6200008392334,33855,0.0,0.0
2023-04-12 13:30:00-04:00,22.6200008392334,22.645000457763672,22.450000762939453,22.559999465942383,64556,0.0,0.0
2023-04-12 14:30:00-04:00,22.549999237060547,22.700000762939453,22.440000534057617,22.4950008392334,50977,0.0,0.0
2023-04-12 15:30:00-04:00,22.469999313354492,22.549999237060547,22.329999923706055,22.389999389648438,125839,0.0,0.0
2023-04-13 09:30:00-04:00,22.34000015258789,22.600000381469727,22.31999969482422,22.440000534057617,119083,0.0,0.0
2023-04-13 10:30:00-04:00,22.440000534057617,22.450000762939453,22.0,22.3700008392334,243448,0.0,0.0
2023-04-13 11:30:00-04:00,22.360000610351562,22.610000610351562,22.25,22.440000534057617,627459,0.0,0.0
2023-04-13 12:30:00-04:00,22.450000762939453,22.5,22.399999618530273,22.431900024414062,53274,0.0,0.0
2023-04-13 13:30:00-04:00,22.440000534057617,22.850000381469727,22.440000534057617,22.770000457763672,143794,0.0,0.0
2023-04-13 14:30:00-04:00,22.780000686645508,22.799999237060547,22.56999969482422,22.649999618530273,95934,0.0,0.0
2023-04-13 15:30:00-04:00,22.649999618530273,22.719999313354492,22.520000457763672,22.579999923706055,159306,0.0,0.0
2023-04-14 09:30:00-04:00,22.399999618530273,22.670000076293945,22.325000762939453,22.479999542236328,80035,0.0,0.0
2023-04-14 10:30:00-04:00,22.479999542236328,22.520000457763672,22.3700008392334,22.389999389648438,56414,0.0,0.0
2023-04-14 11:30:00-04:00,22.3700008392334,22.43000030517578,22.200000762939453,22.43000030517578,79690,0.0,0.0
2023-04-14 12:30:00-04:00,22.424999237060547,22.485000610351562,22.299999237060547,22.299999237060547,64362,0.0,0.0
2023-04-14 13:30:00-04:00,22.280000686645508,22.399999618530273,22.190000534057617,22.389999389648438,72354,0.0,0.0
2023-04-14 14:30:00-04:00,22.389999389648438,22.389999389648438,22.079999923706055,22.19499969482422,82331,0.0,0.0
2023-04-14 15:30:00-04:00,22.190000534057617,22.280000686645508,21.969999313354492,22.270000457763672,151995,0.0,0.0
2023-04-17 09:30:00-04:00,22.309999465942383,22.6299991607666,22.1742000579834,22.200000762939453,54934,0.0,0.0
2023-04-17 10:30:00-04:00,22.229999542236328,22.309999465942383,22.18000030517578,22.260000228881836,51301,0.0,0.0
2023-04-17 11:30:00-04:00,22.260000228881836,22.270000457763672,21.93000030517578,21.989999771118164,36584,0.0,0.0
2023-04-17 12:30:00-04:00,21.989999771118164,22.25,21.989999771118164,22.25,40358,0.0,0.0
2023-04-17 13:30:00-04:00,22.2450008392334,22.295000076293945,22.184999465942383,22.219999313354492,40307,0.0,0.0
2023-04-17 14:30:00-04:00,22.235000610351562,22.39900016784668,22.219999313354492,22.375,38163,0.0,0.0
2023-04-17 15:30:00-04:00,22.375,22.434999465942383,22.200000762939453,22.280000686645508,93058,0.0,0.0
2023-04-18 09:30:00-04:00,22.3799991607666,22.3799991607666,21.709999084472656,21.799999237060547,29878,0.0,0.0
2023-04-18 10:30:00-04:00,21.780000686645508,21.84000015258789,21.645000457763672,21.690000534057617,31727,0.0,0.0
2023-04-18 11:30:00-04:00,21.69499969482422,21.719999313354492,21.559999465942383,21.719999313354492,35664,0.0,0.0
2023-04-18 12:30:00-04:00,21.75,21.979999542236328,21.700000762939453,21.940000534057617,33323,0.0,0.0
2023-04-18 13:30:00-04:00,21.920000076293945,21.940000534057617,21.780000686645508,21.920000076293945,21810,0.0,0.0
2023-04-18 14:30:00-04:00,21.895000457763672,21.895000457763672,21.729999542236328,21.809999465942383,30292,0.0,0.0
2023-04-18 15:30:00-04:00,21.801000595092773,21.809999465942383,21.639999389648438,21.68000030517578,121400,0.0,0.0
2023-04-19 09:30:00-04:00,21.549999237060547,21.8799991607666,21.469999313354492,21.850000381469727,37487,0.0,0.0
2023-04-19 10:30:00-04:00,21.829999923706055,21.899999618530273,21.700000762939453,21.790000915527344,34682,0.0,0.0
2023-04-19 11:30:00-04:00,21.770000457763672,21.954999923706055,21.760000228881836,21.94499969482422,28767,0.0,0.0
2023-04-19 12:30:00-04:00,21.94499969482422,22.15999984741211,21.940000534057617,22.15999984741211,39251,0.0,0.0
2023-04-19 13:30:00-04:00,22.184999465942383,22.5049991607666,22.15999984741211,22.475000381469727,49679,0.0,0.0
2023-04-19 14:30:00-04:00,22.475000381469727,22.799999237060547,22.469999313354492,22.799999237060547,64213,0.0,0.0
2023-04-19 15:30:00-04:00,22.799999237060547,22.84000015258789,22.6299991607666,22.809999465942383,134426,0.0,0.0
2023-04-20 09:30:00-04:00,22.709999084472656,22.709999084472656,21.500099182128906,22.579999923706055,32590,0.0,0.0
2023-04-20 10:30:00-04:00,22.59000015258789,22.59000015258789,22.25,22.264999389648438,33399,0.0,0.0
2023-04-20 11:30:00-04:00,22.270000457763672,22.385000228881836,22.25,22.309999465942383,24979,0.0,0.0
2023-04-20 12:30:00-04:00,22.299999237060547,22.344999313354492,22.25,22.34000015258789,22809,0.0,0.0
2023-04-20 13:30:00-04:00,22.329999923706055,22.329999923706055,22.06999969482422,22.09000015258789,37377,0.0,0.0
2023-04-20 14:30:00-04:00,22.06999969482422,22.084999084472656,21.8700008392334,21.905000686645508,46097,0.0,0.0
2023-04-20 15:30:00-04:00,21.920000076293945,21.940000534057617,21.825000762939453,21.8700008392334,92074,0.0,0.0
2023-04-21 09:30:00-04:00,22.31999969482422,22.59000015258789,21.989999771118164,22.360000610351562,68618,0.0,0.0
2023-04-21 10:30:00-04:00,22.364999771118164,22.389999389648438,22.18000030517578,22.329999923706055,24461,0.0,0.0
2023-04-21 11:30:00-04:00,22.360000610351562,22.559999465942383,22.360000610351562,22.415000915527344,30041,0.0,0.0
2023-04-21 12:30:00-04:00,22.399999618530273,22.549999237060547,22.3799991607666,22.420000076293945,33050,0.0,0.0
2023-04-21 13:30:00-04:00,22.440000534057617,22.780000686645508,22.440000534057617,22.709999084472656,32624,0.0,0.0
2023-04-21 14:30:00-04:00,22.700000762939453,22.719999313354492,22.549999237060547,22.549999237060547,28482,0.0,0.0
2023-04-21 15:30:00-04:00,22.559999465942383,22.610000610351562,22.399999618530273,22.459999084472656,97760,0.0,0.0
2023-04-24 09:30:00-04:00,22.43000030517578,22.520000457763672,22.200000762939453,22.200000762939453,0,0.0,0.0
2023-04-24 10:30:00-04:00,22.219999313354492,22.219999313354492,21.8799991607666,21.920000076293945,29701,0.0,0.0
2023-04-24 11:30:00-04:00,21.8799991607666,22.030000686645508,21.864999771118164,22.020000457763672,22647,0.0,0.0
2023-04-24 12:30:00-04:00,22.030000686645508,22.030000686645508,21.8799991607666,21.940000534057617,16968,0.0,0.0
2023-04-24 13:30:00-04:00,21.950000762939453,22.045000076293945,21.899999618530273,22.0049991607666,23632,0.0,0.0
2023-04-24 14:30:00-04:00,22.020000457763672,22.020000457763672,21.834999084472656,21.8799991607666,27474,0.0,0.0
2023-04-24 15:30:00-04:00,21.895000457763672,21.93000030517578,21.809999465942383,21.860000610351562,48190,0.0,0.0
2023-04-25 09:30:00-04:00,21.642000198364258,21.649999618530273,21.15999984741211,21.200000762939453,39747,0.0,0.0
2023-04-25 10:30:00-04:00,21.170000076293945,21.3700008392334,21.055500030517578,21.31999969482422,43608,0.0,0.0
2023-04-25 11:30:00-04:00,21.280000686645508,21.329999923706055,21.18000030517578,21.18000030517578,40826,0.0,0.0
2023-04-25 12:30:00-04:00,21.170000076293945,21.450000762939453,21.149999618530273,21.43000030517578,50167,0.0,0.0
2023-04-25 13:30:00-04:00,21.440000534057617,21.645000457763672,21.389999389648438,21.530000686645508,77756,0.0,0.0
2023-04-25 14:30:00-04:00,21.549999237060547,21.559999465942383,21.270000457763672,21.31999969482422,54080,0.0,0.0
2023-04-25 15:30:00-04:00,21.31999969482422,21.399999618530273,21.270000457763672,21.360000610351562,93042,0.0,0.0
2023-04-26 09:30:00-04:00,21.31999969482422,21.31999969482422,21.010000228881836,21.100000381469727,23350,0.0,0.0
2023-04-26 10:30:00-04:00,21.1299991607666,21.209999084472656,21.045000076293945,21.184999465942383,17468,0.0,0.0
2023-04-26 11:30:00-04:00,21.209999084472656,21.299999237060547,21.030000686645508,21.030000686645508,12407,0.0,0.0
2023-04-26 12:30:00-04:00,21.030000686645508,21.079999923706055,20.950000762939453,21.079999923706055,18280,0.0,0.0
2023-04-26 13:30:00-04:00,21.059999465942383,21.110000610351562,21.010000228881836,21.084999084472656,18108,0.0,0.0
2023-04-26 14:30:00-04:00,21.100000381469727,21.100000381469727,20.93000030517578,20.969999313354492,23475,0.0,0.0
2023-04-26 15:30:00-04:00,20.959999084472656,21.030000686645508,20.84000015258789,21.0,59267,0.0,0.0
2023-04-27 09:30:00-04:00,21.1299991607666,21.639999389648438,20.649999618530273,21.145000457763672,26314,0.0,0.0
2023-04-27 10:30:00-04:00,21.135000228881836,21.135000228881836,20.934999465942383,21.0049991607666,28800,0.0,0.0
2023-04-27 11:30:00-04:00,21.014999389648438,21.239999771118164,20.93000030517578,21.239999771118164,24508,0.0,0.0
2023-04-27 12:30:00-04:00,21.209999084472656,21.299999237060547,21.020000457763672,21.06999969482422,28618,0.0,0.0
2023-04-27 13:30:00-04:00,21.06999969482422,21.139999389648438,21.05500030517578,21.139999389648438,25295,0.0,0.0
2023-04-27 14:30:00-04:00,21.15999984741211,21.25,21.1299991607666,21.219999313354492,44728,0.0,0.0
2023-04-27 15:30:00-04:00,21.200000762939453,21.28499984741211,21.139999389648438,21.18000030517578,80640,0.0,0.0
2023-04-28 09:30:00-04:00,21.15999984741211,21.719999313354492,20.56730079650879,21.68000030517578,26558,0.0,0.0
2023-04-28 10:30:00-04:00,21.649999618530273,21.649999618530273,21.360000610351562,21.5,22946,0.0,0.0
2023-04-28 11:30:00-04:00,21.530000686645508,21.56999969482422,21.440000534057617,21.489999771118164,17218,0.0,0.0
2023-04-28 12:30:00-04:00,21.471500396728516,21.59000015258789,21.469999313354492,21.4950008392334,15144,0.0,0.0
2023-04-28 13:30:00-04:00,21.479999542236328,21.479999542236328,21.3799991607666,21.3799991607666,22237,0.0,0.0
2023-04-28 14:30:00-04:00,21.3799991607666,21.40999984741211,21.290000915527344,21.360000610351562,23850,0.0,0.0
2023-04-28 15:30:00-04:00,21.3799991607666,21.405000686645508,21.219999313354492,21.270000457763672,89846,0.0,0.0
2023-05-01 09:30:00-04:00,21.209999084472656,21.639999389648438,21.040000915527344,21.219999313354492,35527,0.0,0.0
2023-05-01 10:30:00-04:00,21.29990005493164,21.610000610351562,21.29990005493164,21.479999542236328,41537,0.0,0.0
2023-05-01 11:30:00-04:00,21.510000228881836,21.6200008392334,21.434999465942383,21.610000610351562,24300,0.0,0.0
2023-05-01 12:30:00-04:00,21.636199951171875,21.760000228881836,21.6299991607666,21.65999984741211,27949,0.0,0.0
2023-05-01 13:30:00-04:00,21.65999984741211,21.708200454711914,21.559999465942383,21.614999771118164,30958,0.0,0.0
2023-05-01 14:30:00-04:00,21.59000015258789,21.69499969482422,21.59000015258789,21.690000534057617,38450,0.0,0.0
2023-05-01 15:30:00-04:00,21.68000030517578,21.739999771118164,21.6299991607666,21.709999084472656,85380,0.0,0.0
2023-05-02 09:30:00-04:00,21.56999969482422,21.56999969482422,21.100000381469727,21.399999618530273,30875,0.0,0.0
2023-05-02 10:30:00-04:00,21.375,21.40999984741211,21.209999084472656,21.40999984741211,48400,0.0,0.0
2023-05-02 11:30:00-04:00,21.415000915527344,21.540000915527344,21.31999969482422,21.53499984741211,38578,0.0,0.0
2023-05-02 12:30:00-04:00,21.540000915527344,21.600000381469727,21.459999084472656,21.481800079345703,28112,0.0,0.0
2023-05-02 13:30:00-04:00,21.489999771118164,21.56999969482422,21.399999618530273,21.399999618530273,26227,0.0,0.0
2023-05-02 14:30:00-04:00,21.415000915527344,21.450000762939453,21.299999237060547,21.315000534057617,31405,0.0,0.0
2023-05-02 15:30:00-04:00,21.31999969482422,21.40999984741211,21.239999771118164,21.239999771118164,104571,0.0,0.0
2023-05-03 09:30:00-04:00,21.40999984741211,21.860000610351562,21.079999923706055,21.760000228881836,31175,0.0,0.0
2023-05-03 10:30:00-04:00,21.809999465942383,21.829999923706055,21.530000686645508,21.790000915527344,24168,0.0,0.0
2023-05-03 11:30:00-04:00,21.790000915527344,21.864999771118164,21.600000381469727,21.610000610351562,42467,0.0,0.0
2023-05-03 12:30:00-04:00,21.610000610351562,22.020000457763672,21.610000610351562,22.010000228881836,19675,0.0,0.0
2023-05-03 13:30:00-04:00,22.0049991607666,22.280000686645508,21.850000381469727,22.219999313354492,45623,0.0,0.0
2023-05-03 14:30:00-04:00,22.219999313354492,22.415000915527344,22.049999237060547,22.079999923706055,76123,0.0,0.0
2023-05-03 15:30:00-04:00,22.040000915527344,22.110000610351562,21.790000915527344,21.860000610351562,138982,0.0,0.0
2023-05-04 09:30:00-04:00,19.149999618530273,21.128999710083008,18.989999771118164,20.5,166358,0.0,0.0
2023-05-04 10:30:00-04:00,20.520000457763672,20.71500015258789,20.280000686645508,20.55500030517578,70014,0.0,0.0
2023-05-04 11:30:00-04:00,20.53499984741211,20.635000228881836,20.290000915527344,20.600000381469727,50065,0.0,0.0
2023-05-04 12:30:00-04:00,20.639999389648438,20.8799991607666,20.576799392700195,20.719999313354492,43372,0.0,0.0
2023-05-04 13:30:00-04:00,20.780000686645508,21.290000915527344,20.739999771118164,21.18000030517578,43942,0.0,0.0
2023-05-04 14:30:00-04:00,21.149999618530273,21.344999313354492,21.06999969482422,21.344999313354492,71604,0.0,0.0
2023-05-04 15:30:00-04:00,21.358999252319336,21.3799991607666,20.95009994506836,21.06999969482422,195769,0.0,0.0
2023-05-05 09:30:00-04:00,21.3799991607666,21.3799991607666,18.760000228881836,18.959999084472656,237815,0.0,0.0
2023-05-05 10:30:00-04:00,18.954999923706055,19.209999084472656,18.315000534057617,18.3799991607666,111989,0.0,0.0
2023-05-05 11:30:00-04:00,18.389999389648438,19.139999389648438,18.389999389648438,19.0,100444,0.0,0.0
2023-05-05 12:30:00-04:00,18.989999771118164,19.1200008392334,18.899999618530273,18.96500015258789,86092,0.0,0.0
2023-05-05 13:30:00-04:00,18.969999313354492,19.219999313354492,18.969999313354492,19.139999389648438,82446,0.0,0.0
2023-05-05 14:30:00-04:00,19.165000915527344,19.250099182128906,19.15999984741211,19.19499969482422,103881,0.0,0.0
2023-05-05 15:30:00-04:00,19.19499969482422,19.450000762939453,19.18000030517578,19.280000686645508,235927,0.0,0.0
2023-05-08 09:30:00-04:00,19.31999969482422,19.549999237060547,18.809999465942383,18.84000015258789,109406,0.0,0.0
2023-05-08 10:30:00-04:00,18.84000015258789,18.93000030517578,18.6200008392334,18.6200008392334,58916,0.0,0.0
2023-05-08 11:30:00-04:00,18.594999313354492,18.610000610351562,18.450000762939453,18.469999313354492,46143,0.0,0.0
2023-05-08 12:30:00-04:00,18.479999542236328,18.639999389648438,18.43000030517578,18.579999923706055,33966,0.0,0.0
2023-05-08 13:30:00-04:00,18.6200008392334,18.690000534057617,18.469999313354492,18.469999313354492,45771,0.0,0.0
2023-05-08 14:30:00-04:00,18.459999084472656,18.55500030517578,18.424999237060547,18.43000030517578,70705,0.0,0.0
2023-05-08 15:30:00-04:00,18.41309928894043,18.489999771118164,18.200000762939453,18.309999465942383,234633,0.0,0.0
2023-05-09 09:30:00-04:00,18.149999618530273,18.709999084472656,17.969999313354492,18.579999923706055,82100,0.0,0.0
2023-05-09 10:30:00-04:00,18.565000534057617,18.57699966430664,18.299999237060547,18.329999923706055,66563,0.0,0.0
2023-05-09 11:30:00-04:00,18.34000015258789,18.5049991607666,18.329999923706055,18.350000381469727,46771,0.0,0.0
2023-05-09 12:30:00-04:00,18.3700008392334,18.3700008392334,18.219999313354492,18.260000228881836,52345,0.0,0.0
2023-05-09 13:30:00-04:00,18.270000457763672,18.325000762939453,18.15999984741211,18.200000762939453,46090,0.0,0.0
2023-05-09 14:30:00-04:00,18.209999084472656,18.235000610351562,17.979999542236328,17.989999771118164,84133,0.0,0.0
2023-05-09 15:30:00-04:00,17.989999771118164,18.049999237060547,17.8799991607666,18.0,110265,0.0,0.0
2023-05-10 09:30:00-04:00,18.40999984741211,18.510000228881836,18.010000228881836,18.079999923706055,30297,0.0,0.0
2023-05-10 10:30:00-04:00,18.049999237060547,18.06999969482422,17.56999969482422,17.600000381469727,47966,0.0,0.0
2023-05-10 11:30:00-04:00,17.610000610351562,17.809999465942383,17.559999465942383,17.799999237060547,56053,0.0,0.0
2023-05-10 12:30:00-04:00,17.799999237060547,17.799999237060547,17.40999984741211,17.43000030517578,48246,0.0,0.0
2023-05-10 13:30:00-04:00,17.450000762939453,17.540000915527344,17.395000457763672,17.520000457763672,41251,0.0,0.0
2023-05-10 14:30:00-04:00,17.511699676513672,17.799999237060547,17.511699676513672,17.770000457763672,46966,0.0,0.0
2023-05-10 15:30:00-04:00,17.780000686645508,17.850000381469727,17.709999084472656,17.760000228881836,107465,0.0,0.0
2023-05-11 09:30:00-04:00,17.649999618530273,17.790000915527344,17.360000610351562,17.530000686645508,30382,0.0,0.0
2023-05-11 10:30:00-04:00,17.559999465942383,17.780000686645508,17.510000228881836,17.579999923706055,35929,0.0,0.0
2023-05-11 11:30:00-04:00,17.610000610351562,17.706199645996094,17.579999923706055,17.649999618530273,25495,0.0,0.0
2023-05-11 12:30:00-04:00,17.697999954223633,17.739999771118164,17.610000610351562,17.6200008392334,23431,0.0,0.0
2023-05-11 13:30:00-04:00,17.639999389648438,17.65999984741211,17.540000915527344,17.6200008392334,23925,0.0,0.0
2023-05-11 14:30:00-04:00,17.6200008392334,17.719999313354492,17.5,17.5,46266,0.0,0.0
2023-05-11 15:30:00-04:00,17.5,17.610000610351562,17.34000015258789,17.530000686645508,74994,0.0,0.0
2023-05-12 09:30:00-04:00,17.59000015258789,17.950000762939453,17.440000534057617,17.575000762939453,19405,0.0,0.0
2023-05-12 10:30:00-04:00,17.540000915527344,17.894899368286133,17.469999313354492,17.8700008392334,46469,0.0,0.0
2023-05-12 11:30:00-04:00,17.899999618530273,17.899999618530273,17.68000030517578,17.700000762939453,38626,0.0,0.0
2023-05-12 12:30:00-04:00,17.68000030517578,17.815000534057617,17.68000030517578,17.770000457763672,38164,0.0,0.0
2023-05-12 13:30:00-04:00,17.770000457763672,17.799999237060547,17.670000076293945,17.700000762939453,26726,0.0,0.0
2023-05-12 14:30:00-04:00,17.690000534057617,17.75,17.649999618530273,17.725000381469727,22207,0.0,0.0
2023-05-12 15:30:00-04:00,17.75,17.850000381469727,17.719999313354492,17.829999923706055,73132,0.0,0.0
2023-05-15 09:30:00-04:00,17.860000610351562,18.200000762939453,17.655000686645508,18.104999542236328,24701,0.0,0.0
2023-05-15 10:30:00-04:00,18.079999923706055,18.270000457763672,18.049999237060547,18.209999084472656,26711,0.0,0.0
2023-05-15 11:30:00-04:00,18.219999313354492,18.360000610351562,18.149999618530273,18.33009910583496,26619,0.0,0.0
2023-05-15 12:30:00-04:00,18.34000015258789,18.530000686645508,18.309999465942383,18.510000228881836,24928,0.0,0.0
2023-05-15 13:30:00-04:00,18.5,18.579999923706055,18.43000030517578,18.579999923706055,26792,0.0,0.0
2023-05-15 14:30:00-04:00,18.56999969482422,18.75,18.56999969482422,18.700000762939453,34692,0.0,0.0
2023-05-15 15:30:00-04:00,18.700000762939453,18.809999465942383,18.700000762939453,18.80500030517578,91676,0.0,0.0
2023-05-16 09:30:00-04:00,18.600000381469727,18.600000381469727,18.049999237060547,18.139999389648438,33971,0.0,0.0
2023-05-16 10:30:00-04:00,18.170000076293945,18.489999771118164,18.149999618530273,18.450000762939453,27571,0.0,0.0
2023-05-16 11:30:00-04:00,18.440000534057617,18.549999237060547,18.310400009155273,18.329999923706055,21494,0.0,0.0
2023-05-16 12:30:00-04:00,18.34000015258789,18.399999618530273,18.309999465942383,18.309999465942383,18930,0.0,0.0
2023-05-16 13:30:00-04:00,18.31999969482422,18.604999542236328,18.239999771118164,18.549999237060547,46631,0.0,0.0
2023-05-16 14:30:00-04:00,18.540000915527344,18.68000030517578,18.520000457763672,18.559999465942383,39325,0.0,0.0
2023-05-16 15:30:00-04:00,18.540000915527344,18.6200008392334,18.540000915527344,18.56999969482422,56986,0.0,0.0
2023-05-17 09:30:00-04:00,18.65999984741211,18.829999923706055,17.799999237060547,18.40999984741211,32940,0.0,0.0
2023-05-17 10:30:00-04:00,18.40999984741211,18.639999389648438,18.360000610351562,18.6299991607666,30693,0.0,0.0
2023-05-17 11:30:00-04:00,18.610000610351562,18.81999969482422,18.540000915527344,18.780000686645508,46028,0.0,0.0
2023-05-17 12:30:00-04:00,18.760000228881836,18.8700008392334,18.709999084472656,18.729999542236328,39880,0.0,0.0
2023-05-17 13:30:00-04:00,18.719999313354492,18.719999313354492,18.545000076293945,18.549999237060547,34934,0.0,0.0
2023-05-17 14:30:00-04:00,18.559999465942383,18.75,18.510000228881836,18.639999389648438,36376,0.0,0.0
2023-05-17 15:30:00-04:00,18.655000686645508,18.8700008392334,18.649999618530273,18.780000686645508,88888,0.0,0.0
2023-05-18 09:30:00-04:00,18.649999618530273,18.790000915527344,18.34000015258789,18.739999771118164,28275,0.0,0.0
2023-05-18 10:30:00-04:00,18.739999771118164,18.905000686645508,18.729999542236328,18.875,33047,0.0,0.0
2023-05-18 11:30:00-04:00,18.860000610351562,19.040000915527344,18.809999465942383,18.860000610351562,28606,0.0,0.0
2023-05-18 12:30:00-04:00,18.829999923706055,18.90999984741211,18.579999923706055,18.579999923706055,36500,0.0,0.0
2023-05-18 13:30:00-04:00,18.540000915527344,18.67970085144043,18.399999618530273,18.485000610351562,34687,0.0,0.0
2023-05-18 14:30:00-04:00,18.4950008392334,18.649999618530273,18.450000762939453,18.600000381469727,35927,0.0,0.0
2023-05-18 15:30:00-04:00,18.639999389648438,18.809999465942383,18.6299991607666,18.770000457763672,71623,0.0,0.0
2023-05-19 09:30:00-04:00,19.030000686645508,19.239999771118164,18.8799991607666,19.03499984741211,43506,0.0,0.0
2023-05-19 10:30:00-04:00,19.049999237060547,19.19499969482422,18.979999542236328,19.114999771118164,33603,0.0,0.0
2023-05-19 11:30:00-04:00,19.110000610351562,19.299999237060547,18.979999542236328,19.290000915527344,35346,0.0,0.0
2023-05-19 12:30:00-04:00,19.280000686645508,19.440000534057617,19.239999771118164,19.350000381469727,46723,0.0,0.0
2023-05-19 13:30:00-04:00,19.34000015258789,19.354999542236328,19.239999771118164,19.34000015258789,28781,0.0,0.0
2023-05-19 14:30:00-04:00,19.299999237060547,19.3799991607666,19.239999771118164,19.280000686645508,37872,0.0,0.0
2023-05-19 15:30:00-04:00,19.282800674438477,19.440000534057617,19.282800674438477,19.360000610351562,61022,0.0,0.0
2023-05-22 09:30:00-04:00,19.479999542236328,19.84000015258789,19.424999237060547,19.78499984741211,27824,0.0,0.0
2023-05-22 10:30:00-04:00,19.809999465942383,19.940000534057617,19.780000686645508,19.875,27052,0.0,0.0
2023-05-22 11:30:00-04:00,19.84000015258789,20.170499801635742,19.84000015258789,20.030000686645508,24721,0.0,0.0
2023-05-22 12:30:00-04:00,20.066200256347656,20.066200256347656,19.899999618530273,19.93000030517578,24049,0.0,0.0
2023-05-22 13:30:00-04:00,19.93000030517578,20.059999465942383,19.84000015258789,20.059999465942383,23037,0.0,0.0
2023-05-22 14:30:00-04:00,20.05500030517578,20.149999618530273,20.051000595092773,20.100000381469727,27298,0.0,0.0
2023-05-22 15:30:00-04:00,20.09000015258789,20.09000015258789,19.96500015258789,20.06999969482422,68461,0.0,0.0
2023-05-23 09:30:00-04:00,21.969999313354492,22.850000381469727,21.85700035095215,22.614999771118164,194309,0.0,0.0
2023-05-23 10:30:00-04:00,22.625,23.059999465942383,22.510000228881836,23.05500030517578,113914,0.0,0.0
2023-05-23 11:30:00-04:00,23.05500030517578,23.24650001525879,22.549999237060547,22.65999984741211,104293,0.0,0.0
2023-05-23 12:30:00-04:00,22.719999313354492,22.719999313354492,22.38279914855957,22.450000762939453,55295,0.0,0.0
2023-05-23 13:30:00-04:00,22.415000915527344,22.75,22.399999618530273,22.709999084472656,72657,0.0,0.0
2023-05-23 14:30:00-04:00,22.709999084472656,22.719999313354492,22.450000762939453,22.579999923706055,61599,0.0,0.0
2023-05-23 15:30:00-04:00,22.594999313354492,22.739999771118164,22.56999969482422,22.68000030517578,112381,0.0,0.0
2023-05-24 09:30:00-04:00,22.639999389648438,22.979999542236328,22.06999969482422,22.280000686645508,84219,0.0,0.0
2023-05-24 10:30:00-04:00,22.211000442504883,22.520000457763672,22.18000030517578,22.485000610351562,66915,0.0,0.0
2023-05-24 11:30:00-04:00,22.485000610351562,22.65999984741211,22.31999969482422,22.489999771118164,56936,0.0,0.0
2023-05-24 12:30:00-04:00,22.510000228881836,22.770000457763672,22.469999313354492,22.764999389648438,50943,0.0,0.0
2023-05-24 13:30:00-04:00,22.759899139404297,22.934999465942383,22.75,22.835399627685547,45585,0.0,0.0
2023-05-24 14:30:00-04:00,22.829999923706055,23.06999969482422,22.81999969482422,23.040000915527344,66247,0.0,0.0
2023-05-24 15:30:00-04:00,23.049999237060547,23.229999542236328,22.860000610351562,22.959999084472656,171003,0.0,0.0
2023-05-25 09:30:00-04:00,23.0,23.350000381469727,22.722299575805664,22.8799991607666,41619,0.0,0.0
2023-05-25 10:30:00-04:00,22.860000610351562,22.860000610351562,22.25,22.290000915527344,41884,0.0,0.0
2023-05-25 11:30:00-04:00,22.309999465942383,22.5,22.219999313354492,22.270000457763672,42272,0.0,0.0
2023-05-25 12:30:00-04:00,22.25,22.3700008392334,22.190000534057617,22.209999084472656,24563,0.0,0.0
2023-05-25 13:30:00-04:00,22.190000534057617,22.299999237060547,21.905000686645508,21.90999984741211,37986,0.0,0.0
2023-05-25 14:30:00-04:00,21.899999618530273,22.010000228881836,21.71500015258789,22.0049991607666,56175,0.0,0.0
2023-05-25 15:30:00-04:00,22.0,22.2007999420166,21.979999542236328,22.1299991607666,114516,0.0,0.0
2023-05-26 09:30:00-04:00,22.079999923706055,22.649999618530273,21.8799991607666,22.56999969482422,24651,0.0,0.0
2023-05-26 10:30:00-04:00,22.59000015258789,22.649999618530273,22.3700008392334,22.40959930419922,31224,0.0,0.0
2023-05-26 11:30:00-04:00,22.3799991607666,22.670000076293945,22.360000610351562,22.650299072265625,20875,0.0,0.0
2023-05-26 12:30:00-04:00,22.649999618530273,22.760000228881836,22.399999618530273,22.40999984741211,46883,0.0,0.0
2023-05-26 13:30:00-04:00,22.417499542236328,22.43000030517578,22.1200008392334,22.264999389648438,33623,0.0,0.0
2023-05-26 14:30:00-04:00,22.270000457763672,22.290000915527344,22.170000076293945,22.18000030517578,33646,0.0,0.0
2023-05-26 15:30:00-04:00,22.190000534057617,22.31999969482422,22.1299991607666,22.280000686645508,80144,0.0,0.0
2023-05-30 09:30:00-04:00,22.420000076293945,23.0049991607666,22.18000030517578,22.594999313354492,54518,0.0,0.0
2023-05-30 10:30:00-04:00,22.579999923706055,22.635000228881836,22.440000534057617,22.56999969482422,21299,0.0,0.0
2023-05-30 11:30:00-04:00,22.579999923706055,22.719999313354492,22.46500015258789,22.489999771118164,30019,0.0,0.0
2023-05-30 12:30:00-04:00,22.486000061035156,22.489999771118164,22.329999923706055,22.335500717163086,28433,0.0,0.0
2023-05-30 13:30:00-04:00,22.329999923706055,22.405000686645508,22.290000915527344,22.3799991607666,21544,0.0,0.0
2023-05-30 14:30:00-04:00,22.350000381469727,22.3799991607666,22.239999771118164,22.25,27102,0.0,0.0
2023-05-30 15:30:00-04:00,22.260000228881836,22.31999969482422,22.200000762939453,22.270000457763672,48287,0.0,0.0
2023-05-31 09:30:00-04:00,22.229999542236328,22.649999618530273,22.229999542236328,22.4950008392334,34725,0.0,0.0
2023-05-31 10:30:00-04:00,22.489999771118164,22.548500061035156,22.239999771118164,22.270000457763672,27132,0.0,0.0
2023-05-31 11:30:00-04:00,22.260000228881836,22.299999237060547,22.15999984741211,22.219999313354492,24327,0.0,0.0
2023-05-31 12:30:00-04:00,22.209999084472656,22.549999237060547,22.190000534057617,22.540000915527344,26900,0.0,0.0
2023-05-31 13:30:00-04:00,22.559999465942383,22.610000610351562,22.520000457763672,22.59000015258789,33994,0.0,0.0
2023-05-31 14:30:00-04:00,22.579999923706055,22.594999313354492,22.15999984741211,22.15999984741211,50624,0.0,0.0
2023-05-31 15:30:00-04:00,22.170000076293945,22.350000381469727,21.989999771118164,22.079999923706055,221470,0.0,0.0
2023-06-01 09:30:00-04:00,22.1299991607666,22.40999984741211,22.0,22.3700008392334,41212,0.0,0.0
2023-06-01 10:30:00-04:00,22.46500015258789,22.84000015258789,22.46500015258789,22.725000381469727,50806,0.0,0.0
2023-06-01 11:30:00-04:00,22.690000534057617,22.920000076293945,22.690000534057617,22.889999389648438,61671,0.0,0.0
2023-06-01 12:30:00-04:00,22.8700008392334,23.158000946044922,22.81999969482422,23.1200008392334,61495,0.0,0.0
2023-06-01 13:30:00-04:00,23.1299991607666,23.326400756835938,23.049999237060547,23.06999969482422,54020,0.0,0.0
2023-06-01 14:30:00-04:00,23.09000015258789,23.25,23.010000228881836,23.170000076293945,84087,0.0,0.0
2023-06-01 15:30:00-04:00,23.18000030517578,23.19499969482422,22.959999084472656,23.100000381469727,122550,0.0,0.0
2023-06-02 09:30:00-04:00,23.010000228881836,23.579999923706055,22.67009925842285,23.010000228881836,96074,0.0,0.0
2023-06-02 10:30:00-04:00,22.989999771118164,23.139999389648438,22.950000762939453,23.139999389648438,72036,0.0,0.0
2023-06-02 11:30:00-04:00,23.1299991607666,23.24329948425293,23.049999237060547,23.049999237060547,54744,0.0,0.0
2023-06-02 12:30:00-04:00,23.049999237060547,23.34000015258789,23.049999237060547,23.280000686645508,42189,0.0,0.0
2023-06-02 13:30:00-04:00,23.290000915527344,23.31999969482422,23.079999923706055,23.125,47939,0.0,0.0
2023-06-02 14:30:00-04:00,23.1200008392334,23.31999969482422,23.020000457763672,23.309999465942383,66326,0.0,0.0
2023-06-02 15:30:00-04:00,23.309999465942383,23.469999313354492,23.299999237060547,23.43000030517578,97816,0.0,0.0
2023-06-05 09:30:00-04:00,22.860000610351562,23.059999465942383,21.93000030517578,22.0,86351,0.0,0.0
2023-06-05 10:30:00-04:00,21.969999313354492,22.190000534057617,21.969999313354492,22.045000076293945,81586,0.0,0.0
2023-06-05 11:30:00-04:00,22.059999465942383,22.100000381469727,21.690000534057617,21.709999084472656,62330,0.0,0.0
2023-06-05 12:30:00-04:00,21.690000534057617,22.225000381469727,21.559999465942383,22.190000534057617,71793,0.0,0.0
2023-06-05 13:30:00-04:00,22.15999984741211,22.290000915527344,22.100000381469727,22.149999618530273,36464,0.0,0.0
2023-06-05 14:30:00-04:00,22.139999389648438,22.350000381469727,21.989999771118164,22.30190086364746,58322,0.0,0.0
2023-06-05 15:30:00-04:00,22.295000076293945,22.540000915527344,22.290000915527344,22.479999542236328,104102,0.0,0.0
2023-06-06 09:30:00-04:00,22.549999237060547,22.78499984741211,22.3799991607666,22.459999084472656,24648,0.0,0.0
2023-06-06 10:30:00-04:00,22.479999542236328,22.860000610351562,22.43000030517578,22.829999923706055,28600,0.0,0.0
2023-06-06 11:30:00-04:00,22.84000015258789,22.989999771118164,22.81999969482422,22.829999923706055,24539,0.0,0.0
2023-06-06 12:30:00-04:00,22.829999923706055,22.829999923706055,22.549999237060547,22.610000610351562,21509,0.0,0.0
2023-06-06 13:30:00-04:00,22.610000610351562,22.6299991607666,22.480100631713867,22.579999923706055,19367,0.0,0.0
2023-06-06 14:30:00-04:00,22.584999084472656,22.65999984741211,22.540000915527344,22.6200008392334,33346,0.0,0.0
2023-06-06 15:30:00-04:00,22.610000610351562,22.709999084472656,22.540000915527344,22.559999465942383,52894,0.0,0.0
2023-06-07 09:30:00-04:00,22.579999923706055,23.280000686645508,22.579999923706055,23.06999969482422,45082,0.0,0.0
2023-06-07 10:30:00-04:00,23.100000381469727,23.229999542236328,22.860000610351562,23.19499969482422,33938,0.0,0.0
2023-06-07 11:30:00-04:00,23.18000030517578,23.239999771118164,23.079999923706055,23.1299991607666,35732,0.0,0.0
2023-06-07 12:30:00-04:00,23.170000076293945,23.290000915527344,23.1200008392334,23.1299991607666,27941,0.0,0.0
2023-06-07 13:30:00-04:00,23.131200790405273,23.149999618530273,22.8799991607666,22.889999389648438,40150,0.0,0.0
2023-06-07 14:30:00-04:00,22.90999984741211,23.209999084472656,22.834999084472656,23.209999084472656,35392,0.0,0.0
2023-06-07 15:30:00-04:00,23.229999542236328,23.299999237060547,23.110000610351562,23.190000534057617,73625,0.0,0.0
2023-06-08 09:30:00-04:00,23.1200008392334,23.184999465942383,22.6200008392334,22.6200008392334,20072,0.0,0.0
2023-06-08 10:30:00-04:00,22.6299991607666,23.020000457763672,22.59000015258789,23.020000457763672,30286,0.0,0.0
2023-06-08 11:30:00-04:00,23.020000457763672,23.030000686645508,22.860000610351562,22.979999542236328,19774,0.0,0.0
2023-06-08 12:30:00-04:00,22.976200103759766,23.06999969482422,22.93000030517578,23.049999237060547,18792,0.0,0.0
2023-06-08 13:30:00-04:00,23.049999237060547,23.049999237060547,22.899999618530273,23.040000915527344,16045,0.0,0.0
2023-06-08 14:30:00-04:00,23.06999969482422,23.229999542236328,23.059999465942383,23.1200008392334,39114,0.0,0.0
2023-06-08 15:30:00-04:00,23.110000610351562,23.280000686645508,23.09000015258789,23.270000457763672,95549,0.0,0.0
2023-06-09 09:30:00-04:00,23.270000457763672,23.442100524902344,23.010000228881836,23.235000610351562,18971,0.0,0.0
2023-06-09 10:30:00-04:00,23.25,23.360000610351562,23.219999313354492,23.34000015258789,25207,0.0,0.0
2023-06-09 11:30:00-04:00,23.329999923706055,23.454999923706055,23.299999237060547,23.399999618530273,24895,0.0,0.0
2023-06-09 12:30:00-04:00,23.459999084472656,23.469999313354492,23.260000228881836,23.290000915527344,27324,0.0,0.0
2023-06-09 13:30:00-04:00,23.270000457763672,23.299999237060547,23.209999084472656,23.225000381469727,17814,0.0,0.0
2023-06-09 14:30:00-04:00,23.225000381469727,23.229999542236328,23.139999389648438,23.190000534057617,18812,0.0,0.0
2023-06-09 15:30:00-04:00,23.200000762939453,23.329999923706055,23.139999389648438,23.309999465942383,56230,0.0,0.0
2023-06-12 09:30:00-04:00,23.3700008392334,24.045000076293945,23.31999969482422,23.915000915527344,51150,0.0,0.0
2023-06-12 10:30:00-04:00,23.889999389648438,24.0,23.65999984741211,23.674999237060547,34188,0.0,0.0
2023-06-12 11:30:00-04:00,23.684999465942383,23.854999542236328,23.6200008392334,23.739999771118164,45692,0.0,0.0
2023-06-12 12:30:00-04:00,23.75,23.799999237060547,23.690000534057617,23.700000762939453,31683,0.0,0.0
2023-06-12 13:30:00-04:00,23.700000762939453,23.899999618530273,23.690000534057617,23.889999389648438,88442,0.0,0.0
2023-06-12 14:30:00-04:00,23.899999618530273,23.90999984741211,23.729999542236328,23.770000457763672,58253,0.0,0.0
2023-06-12 15:30:00-04:00,23.760000228881836,23.959999084472656,23.65999984741211,23.7450008392334,144171,0.0,0.0
2023-06-13 09:30:00-04:00,23.700000762939453,24.0,23.65999984741211,23.899999618530273,38818,0.0,0.0
2023-06-13 10:30:00-04:00,23.899999618530273,24.209999084472656,23.809999465942383,24.149999618530273,131327,0.0,0.0
2023-06-13 11:30:00-04:00,24.149999618530273,24.149999618530273,23.704999923706055,23.809999465942383,28652,0.0,0.0
2023-06-13 12:30:00-04:00,23.825000762939453,23.889999389648438,23.719999313354492,23.770000457763672,26024,0.0,0.0
2023-06-13 13:30:00-04:00,23.729999542236328,23.729999542236328,23.410999298095703,23.420000076293945,37486,0.0,0.0
2023-06-13 14:30:00-04:00,23.440000534057617,23.540000915527344,23.389999389648438,23.4950008392334,38703,0.0,0.0
2023-06-13 15:30:00-04:00,23.489999771118164,23.55500030517578,23.3700008392334,23.43000030517578,100539,0.0,0.0
2023-06-14 09:30:00-04:00,23.399999618530273,23.56999969482422,23.06999969482422,23.170000076293945,37592,0.0,0.0
2023-06-14 10:30:00-04:00,23.219999313354492,23.309999465942383,22.90999984741211,23.170000076293945,44767,0.0,0.0
2023-06-14 11:30:00-04:00,23.15999984741211,23.170000076293945,22.969999313354492,22.969999313354492,51932,0.0,0.0
2023-06-14 12:30:00-04:00,22.979999542236328,23.0,22.709999084472656,22.739999771118164,35034,0.0,0.0
2023-06-14 13:30:00-04:00,22.739999771118164,23.014999389648438,22.709999084472656,22.78499984741211,34889,0.0,0.0
2023-06-14 14:30:00-04:00,22.799999237060547,22.989999771118164,22.770000457763672,22.899999618530273,50366,0.0,0.0
2023-06-14 15:30:00-04:00,22.850000381469727,22.899999618530273,22.709999084472656,22.8700008392334,118783,0.0,0.0
2023-06-15 09:30:00-04:00,22.65999984741211,23.200000762939453,22.65999984741211,23.010000228881836,31675,0.0,0.0
2023-06-15 10:30:00-04:00,23.06559944152832,23.06559944152832,22.649999618530273,22.690000534057617,31549,0.0,0.0
2023-06-15 11:30:00-04:00,22.68000030517578,22.68000030517578,22.450000762939453,22.670000076293945,27871,0.0,0.0
2023-06-15 12:30:00-04:00,22.690000534057617,22.795000076293945,22.68000030517578,22.719999313354492,39426,0.0,0.0
2023-06-15 13:30:00-04:00,22.739999771118164,22.850000381469727,22.690000534057617,22.760000228881836,52415,0.0,0.0
2023-06-15 14:30:00-04:00,22.780000686645508,22.989999771118164,22.764999389648438,22.979999542236328,26007,0.0,0.0
2023-06-15 15:30:00-04:00,23.0,23.100000381469727,22.899999618530273,22.989999771118164,98962,0.0,0.0
2023-06-16 09:30:00-04:00,23.420000076293945,23.420000076293945,22.670000076293945,22.81999969482422,165181,0.0,0.0
2023-06-16 10:30:00-04:00,22.80500030517578,22.864999771118164,22.522199630737305,22.559999465942383,32755,0.0,0.0
2023-06-16 11:30:00-04:00,22.56999969482422,22.8799991607666,22.56999969482422,22.8799991607666,33683,0.0,0.0
2023-06-16 12:30:00-04:00,22.8799991607666,23.030000686645508,22.8799991607666,22.93000030517578,21712,0.0,0.0
2023-06-16 13:30:00-04:00,22.92060089111328,22.924999237060547,22.729999542236328,22.799999237060547,27725,0.0,0.0
2023-06-16 14:30:00-04:00,22.790000915527344,22.889999389648438,22.75,22.850000381469727,35136,0.0,0.0
2023-06-16 15:30:00-04:00,22.84000015258789,23.149999618530273,22.84000015258789,22.889999389648438,184214,0.0,0.0
2023-06-20 09:30:00-04:00,22.84000015258789,23.280000686645508,22.559999465942383,23.280000686645508,54222,0.0,0.0
2023-06-20 10:30:00-04:00,23.290000915527344,23.709999084472656,23.290000915527344,23.649999618530273,45145,0.0,0.0
2023-06-20 11:30:00-04:00,23.65999984741211,23.895000457763672,23.440000534057617,23.469999313354492,39107,0.0,0.0
2023-06-20 12:30:00-04:00,23.459999084472656,23.790000915527344,23.43000030517578,23.790000915527344,23837,0.0,0.0
2023-06-20 13:30:00-04:00,23.788000106811523,23.799999237060547,23.649999618530273,23.690000534057617,30271,0.0,0.0
2023-06-20 14:30:00-04:00,23.700000762939453,23.78499984741211,23.65999984741211,23.780000686645508,39861,0.0,0.0
2023-06-20 15:30:00-04:00,23.770000457763672,23.860000610351562,23.690000534057617,23.690000534057617,94580,0.0,0.0
2023-06-21 09:30:00-04:00,23.479999542236328,23.530000686645508,23.05500030517578,23.280000686645508,30903,0.0,0.0
2023-06-21 10:30:00-04:00,23.280000686645508,23.299999237060547,22.809999465942383,22.809999465942383,28608,0.0,0.0
2023-06-21 11:30:00-04:00,22.7549991607666,22.899999618530273,22.7549991607666,22.829999923706055,21297,0.0,0.0
2023-06-21 12:30:00-04:00,22.8700008392334,22.8799991607666,22.649999618530273,22.670000076293945,24234,0.0,0.0
2023-06-21 13:30:00-04:00,22.6299991607666,22.959999084472656,22.604999542236328,22.940000534057617,21268,0.0,0.0
2023-06-21 14:30:00-04:00,22.920000076293945,22.975000381469727,22.81999969482422,22.8799991607666,31740,0.0,0.0
2023-06-21 15:30:00-04:00,22.875,22.979999542236328,22.770000457763672,22.829999923706055,48242,0.0,0.0
2023-06-22 09:30:00-04:00,22.81999969482422,23.299999237060547,22.594999313354492,22.8612003326416,27384,0.0,0.0
2023-06-22 10:30:00-04:00,22.8700008392334,22.8700008392334,22.639999389648438,22.850000381469727,20168,0.0,0.0
2023-06-22 11:30:00-04:00,22.860000610351562,23.174999237060547,22.850000381469727,23.059999465942383,47709,0.0,0.0
2023-06-22 12:30:00-04:00,23.045000076293945,23.225000381469727,22.979999542236328,23.225000381469727,51169,0.0,0.0
2023-06-22 13:30:00-04:00,23.229999542236328,23.280000686645508,23.1299991607666,23.260000228881836,54368,0.0,0.0
2023-06-22 14:30:00-04:00,23.280000686645508,23.299999237060547,22.940000534057617,22.940000534057617,61247,0.0,0.0
2023-06-22 15:30:00-04:00,22.950000762939453,23.149999618530273,22.90999984741211,23.040000915527344,111763,0.0,0.0
2023-06-23 09:30:00-04:00,22.809999465942383,22.9950008392334,22.610000610351562,22.639999389648438,20553,0.0,0.0
2023-06-23 10:30:00-04:00,22.600000381469727,22.690000534057617,22.34000015258789,22.389999389648438,31429,0.0,0.0
2023-06-23 11:30:00-04:00,22.395000457763672,22.6299991607666,22.31999969482422,22.6299991607666,37556,0.0,0.0
2023-06-23 12:30:00-04:00,22.649999618530273,22.690000534057617,22.579999923706055,22.600000381469727,33273,0.0,0.0
2023-06-23 13:30:00-04:00,22.600000381469727,22.6200008392334,22.546199798583984,22.59000015258789,26336,0.0,0.0
2023-06-23 14:30:00-04:00,22.56999969482422,22.56999969482422,22.31999969482422,22.350000381469727,39069,0.0,0.0
2023-06-23 15:30:00-04:00,22.344999313354492,22.969999313354492,22.25,22.739999771118164,242409,0.0,0.0
2023-06-26 09:30:00-04:00,22.729999542236328,22.940000534057617,22.520000457763672,22.6299991607666,50008,0.0,0.0
2023-06-26 10:30:00-04:00,22.6299991607666,22.709999084472656,22.540000915527344,22.6299991607666,51585,0.0,0.0
2023-06-26 11:30:00-04:00,22.6299991607666,22.850000381469727,22.56999969482422,22.610000610351562,57111,0.0,0.0
2023-06-26 12:30:00-04:00,22.604999542236328,22.700000762939453,22.540000915527344,22.68000030517578,39739,0.0,0.0
2023-06-26 13:30:00-04:00,22.690000534057617,22.985000610351562,22.690000534057617,22.829999923706055,40727,0.0,0.0
2023-06-26 14:30:00-04:00,22.829999923706055,22.899999618530273,22.770000457763672,22.829999923706055,57498,0.0,0.0
2023-06-26 15:30:00-04:00,22.825000762939453,22.8700008392334,22.739999771118164,22.780000686645508,107825,0.0,0.0
2023-06-27 09:30:00-04:00,22.68000030517578,22.888999938964844,22.354999542236328,22.709999084472656,25011,0.0,0.0
2023-06-27 10:30:00-04:00,22.729999542236328,22.760000228881836,22.540000915527344,22.540000915527344,24774,0.0,0.0
2023-06-27 11:30:00-04:00,22.540000915527344,22.540000915527344,22.34000015258789,22.399999618530273,31678,0.0,0.0
2023-06-27 12:30:00-04:00,22.389999389648438,22.579999923706055,22.389999389648438,22.56999969482422,17934,0.0,0.0
2023-06-27 13:30:00-04:00,22.6200008392334,22.670000076293945,22.549999237060547,22.670000076293945,18601,0.0,0.0
2023-06-27 14:30:00-04:00,22.690000534057617,22.75,22.59000015258789,22.59000015258789,58876,0.0,0.0
2023-06-27 15:30:00-04:00,22.600000381469727,22.790000915527344,22.600000381469727,22.790000915527344,122116,0.0,0.0
2023-06-28 09:30:00-04:00,22.760000228881836,22.889999389648438,22.61009979248047,22.700000762939453,17077,0.0,0.0
2023-06-28 10:30:00-04:00,22.700000762939453,22.780000686645508,22.5,22.56999969482422,17907,0.0,0.0
2023-06-28 11:30:00-04:00,22.549999237060547,22.809999465942383,22.549999237060547,22.75,14773,0.0,0.0
2023-06-28 12:30:00-04:00,22.709999084472656,22.760000228881836,22.639999389648438,22.725000381469727,11066,0.0,0.0
2023-06-28 13:30:00-04:00,22.739999771118164,22.889999389648438,22.71500015258789,22.864999771118164,18974,0.0,0.0
2023-06-28 14:30:00-04:00,22.8700008392334,23.0,22.850000381469727,22.985000610351562,21716,0.0,0.0
2023-06-28 15:30:00-04:00,22.979999542236328,23.0,22.905000686645508,23.0,66632,0.0,0.0
2023-06-29 09:30:00-04:00,22.90999984741211,23.43000030517578,22.770000457763672,23.360000610351562,85431,0.0,0.0
2023-06-29 10:30:00-04:00,23.34000015258789,23.635000228881836,23.309999465942383,23.450000762939453,65742,0.0,0.0
2023-06-29 11:30:00-04:00,23.44499969482422,23.459999084472656,23.049999237060547,23.110000610351562,39679,0.0,0.0
2023-06-29 12:30:00-04:00,23.229999542236328,23.375,23.170000076293945,23.260000228881836,42299,0.0,0.0
2023-06-29 13:30:00-04:00,23.260000228881836,23.270000457763672,23.0,23.0,26298,0.0,0.0
2023-06-29 14:30:00-04:00,23.010000228881836,23.010000228881836,22.8799991607666,22.985000610351562,36604,0.0,0.0
2023-06-29 15:30:00-04:00,22.969999313354492,23.049999237060547,22.8799991607666,23.0,97049,0.0,0.0
2023-06-30 09:30:00-04:00,23.389999389648438,24.209999084472656,23.334999084472656,23.389999389648438,146903,0.0,0.0
2023-06-30 10:30:00-04:00,23.40999984741211,23.489999771118164,23.200000762939453,23.33099937438965,71021,0.0,0.0
2023-06-30 11:30:00-04:00,23.329999923706055,23.579999923706055,23.280000686645508,23.549999237060547,42697,0.0,0.0
2023-06-30 12:30:00-04:00,23.549999237060547,23.815000534057617,23.479999542236328,23.649999618530273,118784,0.0,0.0
2023-06-30 13:30:00-04:00,23.659700393676758,23.659700393676758,23.235000610351562,23.290000915527344,61036,0.0,0.0
2023-06-30 14:30:00-04:00,23.290000915527344,23.479999542236328,23.280000686645508,23.329999923706055,42660,0.0,0.0
2023-06-30 15:30:00-04:00,23.329999923706055,23.329999923706055,23.170000076293945,23.170000076293945,94699,0.0,0.0
2023-07-03 09:30:00-04:00,23.1200008392334,23.389999389648438,23.010000228881836,23.045000076293945,19602,0.0,0.0
2023-07-03 10:30:00-04:00,23.06999969482422,23.290000915527344,23.065000534057617,23.094999313354492,29687,0.0,0.0
2023-07-03 11:30:00-04:00,23.09000015258789,23.18000030517578,23.010000228881836,23.05500030517578,21672,0.0,0.0
2023-07-05 09:30:00-04:00,23.06999969482422,23.06999969482422,22.25,22.25,47621,0.0,0.0
2023-07-05 10:30:00-04:00,22.290000915527344,22.290000915527344,22.09000015258789,22.172000885009766,27643,0.0,0.0
2023-07-05 11:30:00-04:00,22.184999465942383,22.258800506591797,22.1200008392334,22.1299991607666,26389,0.0,0.0
2023-07-05 12:30:00-04:00,22.125,22.420000076293945,22.084999084472656,22.364999771118164,37442,0.0,0.0
2023-07-05 13:30:00-04:00,22.350000381469727,22.389999389648438,22.270000457763672,22.389999389648438,27907,0.0,0.0
2023-07-05 14:30:00-04:00,22.3799991607666,22.579999923706055,22.3799991607666,22.420000076293945,43548,0.0,0.0
2023-07-05 15:30:00-04:00,22.40999984741211,22.440000534057617,22.149999618530273,22.190000534057617,86563,0.0,0.0
2023-07-06 09:30:00-04:00,21.979999542236328,22.399999618530273,21.809999465942383,22.377500534057617,38038,0.0,0.0
2023-07-06 10:30:00-04:00,22.3799991607666,22.40999984741211,22.15999984741211,22.309999465942383,41074,0.0,0.0
2023-07-06 11:30:00-04:00,22.30500030517578,22.4783992767334,22.280000686645508,22.43000030517578,20499,0.0,0.0
2023-07-06 12:30:00-04:00,22.420000076293945,22.559999465942383,22.420000076293945,22.5,20604,0.0,0.0
2023-07-06 13:30:00-04:00,22.530000686645508,22.579999923706055,22.375,22.420000076293945,24326,0.0,0.0
2023-07-06 14:30:00-04:00,22.43000030517578,22.530000686645508,22.40999984741211,22.479999542236328,36161,0.0,0.0
2023-07-06 15:30:00-04:00,22.489999771118164,22.59630012512207,22.489999771118164,22.540000915527344,81932,0.0,0.0
2023-07-07 09:30:00-04:00,22.719999313354492,22.940000534057617,22.690000534057617,22.860000610351562,20063,0.0,0.0
2023-07-07 10:30:00-04:00,22.864999771118164,22.940000534057617,22.75,22.829999923706055,27928,0.0,0.0
2023-07-07 11:30:00-04:00,22.860000610351562,22.989999771118164,22.809999465942383,22.989999771118164,17657,0.0,0.0
2023-07-07 12:30:00-04:00,22.979999542236328,23.184999465942383,22.959999084472656,23.15999984741211,25724,0.0,0.0
2023-07-07 13:30:00-04:00,23.174999237060547,23.219999313354492,23.06999969482422,23.219999313354492,22739,0.0,0.0
2023-07-07 14:30:00-04:00,23.200000762939453,23.280000686645508,23.190000534057617,23.209999084472656,28721,0.0,0.0
2023-07-07 15:30:00-04:00,23.209999084472656,23.260000228881836,23.1200008392334,23.139999389648438,88417,0.0,0.0
2023-07-10 09:30:00-04:00,23.059999465942383,23.462200164794922,22.709999084472656,22.719999313354492,46680,0.0,0.0
2023-07-10 10:30:00-04:00,22.719999313354492,23.059999465942383,22.709999084472656,22.885000228881836,68884,0.0,0.0
2023-07-10 11:30:00-04:00,22.8700008392334,23.040000915527344,22.760000228881836,23.040000915527344,37005,0.0,0.0
2023-07-10 12:30:00-04:00,23.03499984741211,23.100000381469727,22.950000762939453,23.100000381469727,34425,0.0,0.0
2023-07-10 13:30:00-04:00,23.1200008392334,23.170000076293945,23.06999969482422,23.149999618530273,27437,0.0,0.0
2023-07-10 14:30:00-04:00,23.139999389648438,23.139999389648438,22.950000762939453,22.969999313354492,41658,0.0,0.0
2023-07-10 15:30:00-04:00,22.959999084472656,22.959999084472656,22.780000686645508,22.899999618530273,86431,0.0,0.0
2023-07-11 09:30:00-04:00,22.739999771118164,22.920000076293945,22.59000015258789,22.809999465942383,35233,0.0,0.0
2023-07-11 10:30:00-04:00,22.75,22.770000457763672,22.545000076293945,22.559999465942383,50419,0.0,0.0
2023-07-11 11:30:00-04:00,22.559999465942383,22.75,22.530000686645508,22.635000228881836,34314,0.0,0.0
2023-07-11 12:30:00-04:00,22.639999389648438,22.700000762939453,22.55500030517578,22.575000762939453,27353,0.0,0.0
2023-07-11 13:30:00-04:00,22.56999969482422,22.56999969482422,22.315000534057617,22.315000534057617,40708,0.0,0.0
2023-07-11 14:30:00-04:00,22.30500030517578,22.46500015258789,22.290000915527344,22.450000762939453,61401,0.0,0.0
2023-07-11 15:30:00-04:00,22.479999542236328,22.549999237060547,22.3700008392334,22.3799991607666,135582,0.0,0.0
2023-07-12 09:30:00-04:00,22.68000030517578,22.860000610351562,22.6299991607666,22.674999237060547,35958,0.0,0.0
2023-07-12 10:30:00-04:00,22.700000762939453,22.979999542236328,22.700000762939453,22.959999084472656,34365,0.0,0.0
2023-07-12 11:30:00-04:00,22.96500015258789,23.260000228881836,22.889999389648438,23.190000534057617,54133,0.0,0.0
2023-07-12 12:30:00-04:00,23.229999542236328,23.3700008392334,23.229999542236328,23.31999969482422,33845,0.0,0.0
2023-07-12 13:30:00-04:00,23.309999465942383,23.4950008392334,23.260000228881836,23.299999237060547,48191,0.0,0.0
2023-07-12 14:30:00-04:00,23.295000076293945,23.309999465942383,23.09000015258789,23.1299991607666,82264,0.0,0.0
2023-07-12 15:30:00-04:00,23.1299991607666,23.18000030517578,23.059999465942383,23.15999984741211,145206,0.0,0.0
2023-07-13 09:30:00-04:00,23.219999313354492,23.264999389648438,22.860000610351562,23.06999969482422,42628,0.0,0.0
2023-07-13 10:30:00-04:00,23.09000015258789,23.200000762939453,22.739999771118164,22.905399322509766,61739,0.0,0.0
2023-07-13 11:30:00-04:00,22.8799991607666,23.075000762939453,22.854999542236328,23.030000686645508,40525,0.0,0.0
2023-07-13 12:30:00-04:00,23.030000686645508,23.1200008392334,22.950000762939453,23.05500030517578,39310,0.0,0.0
2023-07-13 13:30:00-04:00,23.03499984741211,23.03499984741211,22.920000076293945,22.985000610351562,25317,0.0,0.0
2023-07-13 14:30:00-04:00,22.989999771118164,22.99020004272461,22.809999465942383,22.850000381469727,33316,0.0,0.0
2023-07-13 15:30:00-04:00,22.84000015258789,23.0,22.84000015258789,22.850000381469727,74428,0.0,0.0
2023-07-14 09:30:00-04:00,22.84000015258789,23.114999771118164,22.670000076293945,22.700000762939453,20630,0.0,0.0
2023-07-14 10:30:00-04:00,22.704999923706055,22.825000762939453,22.6200008392334,22.631099700927734,19327,0.0,0.0
2023-07-14 11:30:00-04:00,22.639999389648438,22.639999389648438,22.509899139404297,22.510000228881836,38806,0.0,0.0
2023-07-14 12:30:00-04:00,22.5,22.6200008392334,22.420000076293945,22.5,68527,0.0,0.0
2023-07-14 13:30:00-04:00,22.5,22.575000762939453,22.454999923706055,22.479999542236328,23854,0.0,0.0
2023-07-14 14:30:00-04:00,22.469999313354492,22.540000915527344,22.43000030517578,22.43000030517578,25113,0.0,0.0
2023-07-14 15:30:00-04:00,22.43000030517578,22.510000228881836,22.43000030517578,22.489999771118164,55161,0.0,0.0
2023-07-17 09:30:00-04:00,22.530000686645508,22.593900680541992,22.389999389648438,22.459999084472656,23074,0.0,0.0
2023-07-17 10:30:00-04:00,22.450000762939453,22.520000457763672,22.40999984741211,22.479999542236328,16714,0.0,0.0
2023-07-17 11:30:00-04:00,22.469999313354492,22.70009994506836,22.459999084472656,22.59000015258789,89523,0.0,0.0
2023-07-17 12:30:00-04:00,22.600000381469727,22.709999084472656,22.579999923706055,22.625,28098,0.0,0.0
2023-07-17 13:30:00-04:00,22.6299991607666,22.700000762939453,22.610000610351562,22.649999618530273,34260,0.0,0.0
2023-07-17 14:30:00-04:00,22.639999389648438,22.68000030517578,22.540000915527344,22.649999618530273,47873,0.0,0.0
2023-07-17 15:30:00-04:00,22.665000915527344,22.665000915527344,22.59000015258789,22.6200008392334,68143,0.0,0.0
2023-07-18 09:30:00-04:00,22.690000534057617,22.799999237060547,22.440000534057617,22.600000381469727,42573,0.0,0.0
2023-07-18 10:30:00-04:00,22.520000457763672,22.700000762939453,22.469999313354492,22.5,62308,0.0,0.0
2023-07-18 11:30:00-04:00,22.489999771118164,22.489999771118164,22.184999465942383,22.204999923706055,56056,0.0,0.0
2023-07-18 12:30:00-04:00,22.18000030517578,22.28499984741211,22.040000915527344,22.25,53629,0.0,0.0
2023-07-18 13:30:00-04:00,22.229999542236328,22.399999618530273,22.15999984741211,22.399999618530273,50229,0.0,0.0
2023-07-18 14:30:00-04:00,22.399999618530273,22.420000076293945,22.329999923706055,22.34000015258789,29394,0.0,0.0
2023-07-18 15:30:00-04:00,22.329999923706055,22.329999923706055,22.219999313354492,22.280000686645508,59141,0.0,0.0
2023-07-19 09:30:00-04:00,22.260000228881836,22.625,22.260000228881836,22.450000762939453,103522,0.0,0.0
2023-07-19 10:30:00-04:00,22.459999084472656,22.58989906311035,22.405000686645508,22.56999969482422,63373,0.0,0.0
2023-07-19 11:30:00-04:00,22.56999969482422,22.665000915527344,22.479999542236328,22.489999771118164,38870,0.0,0.0
2023-07-19 12:30:00-04:00,22.450000762939453,22.479999542236328,22.25,22.25,37027,0.0,0.0
2023-07-19 13:30:00-04:00,22.239999771118164,22.299999237060547,22.200000762939453,22.274999618530273,39258,0.0,0.0
2023-07-19 14:30:00-04:00,22.274999618530273,22.315000534057617,22.229999542236328,22.260000228881836,49706,0.0,0.0
2023-07-19 15:30:00-04:00,22.2549991607666,22.520000457763672,22.229999542236328,22.40999984741211,87681,0.0,0.0
2023-07-20 09:30:00-04:00,22.420000076293945,22.459999084472656,22.219999313354492,22.440000534057617,15356,0.0,0.0
2023-07-20 10:30:00-04:00,22.453100204467773,22.600000381469727,22.3799991607666,22.559999465942383,25567,0.0,0.0
2023-07-20 11:30:00-04:00,22.559999465942383,22.649999618530273,22.540000915527344,22.59000015258789,19799,0.0,0.0
2023-07-20 12:30:00-04:00,22.599700927734375,22.599700927734375,22.43000030517578,22.489999771118164,19079,0.0,0.0
2023-07-20 13:30:00-04:00,22.489999771118164,22.510000228881836,22.350000381469727,22.350000381469727,30883,0.0,0.0
2023-07-20 14:30:00-04:00,22.350000381469727,22.375,22.274999618530273,22.290000915527344,46177,0.0,0.0
2023-07-20 15:30:00-04:00,22.299999237060547,22.299999237060547,22.110000610351562,22.18000030517578,78268,0.0,0.0
2023-07-21 09:30:00-04:00,22.59000015258789,22.719999313354492,22.354999542236328,22.665000915527344,88851,0.0,0.0
2023-07-21 10:30:00-04:00,22.6200008392334,23.1299991607666,22.545000076293945,23.059999465942383,56752,0.0,0.0
2023-07-21 11:30:00-04:00,23.059999465942383,23.06999969482422,22.84000015258789,22.8799991607666,41056,0.0,0.0
2023-07-21 12:30:00-04:00,22.8799991607666,23.18000030517578,22.860000610351562,23.147499084472656,29913,0.0,0.0
2023-07-21 13:30:00-04:00,23.15999984741211,23.360000610351562,23.15999984741211,23.360000610351562,33366,0.0,0.0
2023-07-21 14:30:00-04:00,23.360000610351562,23.364999771118164,23.200000762939453,23.239999771118164,53868,0.0,0.0
2023-07-21 15:30:00-04:00,23.25,23.25,23.030000686645508,23.079999923706055,150391,0.0,0.0
2023-07-24 09:30:00-04:00,23.0,23.079999923706055,22.469999313354492,22.469999313354492,71587,0.0,0.0
2023-07-24 10:30:00-04:00,22.510000228881836,22.600000381469727,22.350000381469727,22.389999389648438,36371,0.0,0.0
2023-07-24 11:30:00-04:00,22.389999389648438,22.389999389648438,22.18000030517578,22.34000015258789,22250,0.0,0.0
2023-07-24 12:30:00-04:00,22.325000762939453,22.5,22.290000915527344,22.4950008392334,22816,0.0,0.0
2023-07-24 13:30:00-04:00,22.4950008392334,22.4950008392334,22.170000076293945,22.170000076293945,20717,0.0,0.0
2023-07-24 14:30:00-04:00,22.139999389648438,22.25,22.06999969482422,22.18000030517578,31582,0.0,0.0
2023-07-24 15:30:00-04:00,22.190000534057617,22.200000762939453,21.96500015258789,22.020000457763672,79600,0.0,0.0
2023-07-25 09:30:00-04:00,21.90999984741211,22.469999313354492,21.90999984741211,22.290000915527344,27523,0.0,0.0
2023-07-25 10:30:00-04:00,22.280000686645508,22.299999237060547,22.06999969482422,22.09000015258789,19928,0.0,0.0
2023-07-25 11:30:00-04:00,22.09000015258789,22.149999618530273,21.959999084472656,22.1299991607666,19194,0.0,0.0
2023-07-25 12:30:00-04:00,22.1299991607666,22.174999237060547,22.070899963378906,22.139999389648438,19107,0.0,0.0
2023-07-25 13:30:00-04:00,22.145000457763672,22.28499984741211,22.145000457763672,22.25,19521,0.0,0.0
2023-07-25 14:30:00-04:00,22.229999542236328,22.299999237060547,22.190000534057617,22.299999237060547,27694,0.0,0.0
2023-07-25 15:30:00-04:00,22.280000686645508,22.3700008392334,22.139999389648438,22.170000076293945,91523,0.0,0.0
2023-07-26 09:30:00-04:00,22.170000076293945,22.38990020751953,22.0,22.049999237060547,24323,0.0,0.0
2023-07-26 10:30:00-04:00,22.020000457763672,22.135000228881836,22.020000457763672,22.049999237060547,18375,0.0,0.0
2023-07-26 11:30:00-04:00,22.059999465942383,22.149999618530273,21.969999313354492,21.969999313354492,21591,0.0,0.0
2023-07-26 12:30:00-04:00,21.96500015258789,21.979999542236328,21.770000457763672,21.770000457763672,17688,0.0,0.0
2023-07-26 13:30:00-04:00,21.75,21.959999084472656,21.719999313354492,21.934999465942383,18114,0.0,0.0
2023-07-26 14:30:00-04:00,21.93000030517578,22.309900283813477,21.93000030517578,22.100000381469727,38153,0.0,0.0
2023-07-26 15:30:00-04:00,22.09000015258789,22.100000381469727,22.010000228881836,22.100000381469727,78392,0.0,0.0
2023-07-27 09:30:00-04:00,22.200000762939453,22.309999465942383,21.700000762939453,21.770000457763672,31905,0.0,0.0
2023-07-27 10:30:00-04:00,21.774999618530273,21.90999984741211,21.729999542236328,21.850000381469727,29350,0.0,0.0
2023-07-27 11:30:00-04:00,21.854999542236328,21.959999084472656,21.809999465942383,21.959999084472656,12814,0.0,0.0
2023-07-27 12:30:00-04:00,21.950000762939453,21.979999542236328,21.75,21.760000228881836,23170,0.0,0.0
2023-07-27 13:30:00-04:00,21.729999542236328,21.964399337768555,21.729999542236328,21.860000610351562,20466,0.0,0.0
2023-07-27 14:30:00-04:00,21.86989974975586,21.8700008392334,21.719999313354492,21.729999542236328,27029,0.0,0.0
2023-07-27 15:30:00-04:00,21.709999084472656,21.760000228881836,21.56999969482422,21.75,60886,0.0,0.0
2023-07-28 09:30:00-04:00,22.020000457763672,22.385000228881836,21.81999969482422,22.18000030517578,27705,0.0,0.0
2023-07-28 10:30:00-04:00,22.200000762939453,22.280000686645508,22.110000610351562,22.270000457763672,24351,0.0,0.0
2023-07-28 11:30:00-04:00,22.270000457763672,22.3799991607666,22.260000228881836,22.290000915527344,20390,0.0,0.0
2023-07-28 12:30:00-04:00,22.295000076293945,22.327499389648438,22.229999542236328,22.327499389648438,16318,0.0,0.0
2023-07-28 13:30:00-04:00,22.315000534057617,22.489999771118164,22.309999465942383,22.440000534057617,19094,0.0,0.0
2023-07-28 14:30:00-04:00,22.440000534057617,22.5,22.295000076293945,22.329999923706055,38029,0.0,0.0
2023-07-28 15:30:00-04:00,22.329999923706055,22.440000534057617,22.329999923706055,22.43000030517578,65698,0.0,0.0
2023-07-31 09:30:00-04:00,22.440000534057617,22.639999389648438,22.239999771118164,22.25,24025,0.0,0.0
2023-07-31 10:30:00-04:00,22.2549991607666,22.299999237060547,22.06999969482422,22.299999237060547,18974,0.0,0.0
2023-07-31 11:30:00-04:00,22.280000686645508,22.389999389648438,22.270000457763672,22.280000686645508,14042,0.0,0.0
2023-07-31 12:30:00-04:00,22.260000228881836,22.260000228881836,22.030000686645508,22.104999542236328,23242,0.0,0.0
2023-07-31 13:30:00-04:00,22.104999542236328,22.219999313354492,22.051300048828125,22.1299991607666,32967,0.0,0.0
2023-07-31 14:30:00-04:00,22.1299991607666,22.25,22.079999923706055,22.25,42779,0.0,0.0
2023-07-31 15:30:00-04:00,22.25,22.389999389648438,22.219999313354492,22.3700008392334,78167,0.0,0.0
2023-08-01 09:30:00-04:00,22.309999465942383,22.469999313354492,21.799999237060547,21.889999389648438,31986,0.0,0.0
2023-08-01 10:30:00-04:00,21.860000610351562,22.0,21.809999465942383,21.850000381469727,36910,0.0,0.0
2023-08-01 11:30:00-04:00,21.84000015258789,21.850000381469727,21.65999984741211,21.770000457763672,17462,0.0,0.0
2023-08-01 12:30:00-04:00,21.78499984741211,21.799999237060547,21.600000381469727,21.6299991607666,17021,0.0,0.0
2023-08-01 13:30:00-04:00,21.65999984741211,21.780000686645508,21.59000015258789,21.600000381469727,22466,0.0,0.0
2023-08-01 14:30:00-04:00,21.600000381469727,21.780000686645508,21.600000381469727,21.739999771118164,54863,0.0,0.0
2023-08-01 15:30:00-04:00,21.729999542236328,21.920000076293945,21.725000381469727,21.780000686645508,82490,0.0,0.0
2023-08-02 09:30:00-04:00,21.399999618530273,21.399999618530273,21.049999237060547,21.209999084472656,31064,0.0,0.0
2023-08-02 10:30:00-04:00,21.18000030517578,21.299999237060547,21.170000076293945,21.239999771118164,21988,0.0,0.0
2023-08-02 11:30:00-04:00,21.270000457763672,21.34000015258789,21.1299991607666,21.290000915527344,18818,0.0,0.0
2023-08-02 12:30:00-04:00,21.264999389648438,21.530000686645508,21.264999389648438,21.479999542236328,22851,0.0,0.0
2023-08-02 13:30:00-04:00,21.489999771118164,21.600000381469727,21.354999542236328,21.354999542236328,26700,0.0,0.0
2023-08-02 14:30:00-04:00,21.350000381469727,21.408100128173828,21.1200008392334,21.1200008392334,47642,0.0,0.0
2023-08-02 15:30:00-04:00,21.15999984741211,21.350000381469727,21.1299991607666,21.290000915527344,70083,0.0,0.0
2023-08-03 09:30:00-04:00,21.299999237060547,21.395000457763672,21.010000228881836,21.149999618530273,28962,0.0,0.0
2023-08-03 10:30:00-04:00,21.139999389648438,21.329999923706055,21.079999923706055,21.18000030517578,62860,0.0,0.0
2023-08-03 11:30:00-04:00,21.139999389648438,21.200000762939453,20.969999313354492,21.049999237060547,60597,0.0,0.0
2023-08-03 12:30:00-04:00,21.05500030517578,21.100000381469727,20.78499984741211,20.860000610351562,62612,0.0,0.0
2023-08-03 13:30:00-04:00,20.889999389648438,20.934999465942383,20.709999084472656,20.790000915527344,116747,0.0,0.0
2023-08-03 14:30:00-04:00,20.79840087890625,20.93000030517578,20.600000381469727,20.649999618530273,119244,0.0,0.0
2023-08-03 15:30:00-04:00,20.639999389648438,20.860000610351562,20.600000381469727,20.799999237060547,193253,0.0,0.0
2023-08-04 09:30:00-04:00,19.360000610351562,19.520000457763672,17.959999084472656,18.739999771118164,202412,0.0,0.0
2023-08-04 10:30:00-04:00,18.739999771118164,19.600000381469727,18.719999313354492,19.524999618530273,241690,0.0,0.0
2023-08-04 11:30:00-04:00,19.520000457763672,19.709999084472656,19.209999084472656,19.479999542236328,201485,0.0,0.0
2023-08-04 12:30:00-04:00,19.469999313354492,19.88990020751953,19.3700008392334,19.809999465942383,102948,0.0,0.0
2023-08-04 13:30:00-04:00,19.770000457763672,19.81999969482422,19.559999465942383,19.56999969482422,67070,0.0,0.0
2023-08-04 14:30:00-04:00,19.579999923706055,19.729999542236328,19.420000076293945,19.424999237060547,86496,0.0,0.0
2023-08-04 15:30:00-04:00,19.420000076293945,19.514999389648438,19.2549991607666,19.299999237060547,175984,0.0,0.0
2023-08-07 09:30:00-04:00,19.18000030517578,19.389999389648438,18.459999084472656,18.8799991607666,84682,0.0,0.0
2023-08-07 10:30:00-04:00,18.8700008392334,18.8799991607666,18.06999969482422,18.104999542236328,63483,0.0,0.0
2023-08-07 11:30:00-04:00,18.1299991607666,18.3700008392334,18.010000228881836,18.040000915527344,68212,0.0,0.0
2023-08-07 12:30:00-04:00,18.020000457763672,18.190000534057617,17.709999084472656,18.059999465942383,96692,0.0,0.0
2023-08-07 13:30:00-04:00,18.040000915527344,18.06999969482422,17.780000686645508,17.780000686645508,41614,0.0,0.0
2023-08-07 14:30:00-04:00,17.790000915527344,17.81999969482422,17.56999969482422,17.6299991607666,65476,0.0,0.0
2023-08-07 15:30:00-04:00,17.6200008392334,17.639999389648438,17.364999771118164,17.440000534057617,186795,0.0,0.0
2023-08-08 09:30:00-04:00,17.399999618530273,17.520000457763672,17.030000686645508,17.389999389648438,74743,0.0,0.0
2023-08-08 10:30:00-04:00,17.389999389648438,17.389999389648438,17.020000457763672,17.1200008392334,65410,0.0,0.0
2023-08-08 11:30:00-04:00,17.15999984741211,17.489999771118164,17.139999389648438,17.43000030517578,45984,0.0,0.0
2023-08-08 12:30:00-04:00,17.440000534057617,17.497400283813477,17.15999984741211,17.15999984741211,44123,0.0,0.0
2023-08-08 13:30:00-04:00,17.200000762939453,17.262300491333008,17.15999984741211,17.210500717163086,41269,0.0,0.0
2023-08-08 14:30:00-04:00,17.21500015258789,17.25,17.135000228881836,17.200000762939453,48380,0.0,0.0
2023-08-08 15:30:00-04:00,17.200000762939453,17.235000610351562,17.03499984741211,17.059999465942383,98999,0.0,0.0
2023-08-09 09:30:00-04:00,17.110000610351562,17.18000030517578,16.75,16.84000015258789,95909,0.0,0.0
2023-08-09 10:30:00-04:00,16.885000228881836,16.90999984741211,16.709999084472656,16.719999313354492,28762,0.0,0.0
2023-08-09 11:30:00-04:00,16.709999084472656,16.770000457763672,16.540000915527344,16.670000076293945,42367,0.0,0.0
2023-08-09 12:30:00-04:00,16.64550018310547,16.8700008392334,16.600000381469727,16.84000015258789,34311,0.0,0.0
2023-08-09 13:30:00-04:00,16.84000015258789,17.030000686645508,16.815000534057617,16.985000610351562,41733,0.0,0.0
2023-08-09 14:30:00-04:00,16.989999771118164,17.0,16.709999084472656,16.780000686645508,58715,0.0,0.0
2023-08-09 15:30:00-04:00,16.799999237060547,16.950000762939453,16.799999237060547,16.940000534057617,96086,0.0,0.0
2023-08-10 09:30:00-04:00,16.889999389648438,17.299999237060547,16.690000534057617,17.0,52357,0.0,0.0
2023-08-10 10:30:00-04:00,16.976999282836914,17.020000457763672,16.829999923706055,16.920000076293945,44145,0.0,0.0
2023-08-10 11:30:00-04:00,16.90999984741211,16.950000762939453,16.764999389648438,16.764999389648438,30697,0.0,0.0
2023-08-10 12:30:00-04:00,16.75,16.799999237060547,16.420000076293945,16.56999969482422,43370,0.0,0.0
2023-08-10 13:30:00-04:00,16.540000915527344,16.68000030517578,16.469999313354492,16.6200008392334,33337,0.0,0.0
2023-08-10 14:30:00-04:00,16.614999771118164,16.719999313354492,16.559999465942383,16.610000610351562,38493,0.0,0.0
2023-08-10 15:30:00-04:00,16.6200008392334,16.719999313354492,16.549999237060547,16.670000076293945,116135,0.0,0.0
2023-08-11 09:30:00-04:00,16.6200008392334,17.440000534057617,16.479999542236328,17.3799991607666,75958,0.0,0.0
2023-08-11 10:30:00-04:00,17.389999389648438,17.68000030517578,17.3799991607666,17.6200008392334,94109,0.0,0.0
2023-08-11 11:30:00-04:00,17.6200008392334,17.84000015258789,17.520000457763672,17.559999465942383,66118,0.0,0.0
2023-08-11 12:30:00-04:00,17.530000686645508,17.709999084472656,17.510000228881836,17.704999923706055,38362,0.0,0.0
2023-08-11 13:30:00-04:00,17.704999923706055,17.7450008392334,17.614999771118164,17.7450008392334,33158,0.0,0.0
2023-08-11 14:30:00-04:00,17.739999771118164,17.864999771118164,17.709999084472656,17.850000381469727,50808,0.0,0.0
2023-08-11 15:30:00-04:00,17.860000610351562,17.920000076293945,17.799999237060547,17.885000228881836,146266,0.0,0.0
2023-08-14 09:30:00-04:00,17.729999542236328,18.040000915527344,17.420000076293945,17.959999084472656,81676,0.0,0.0
2023-08-14 10:30:00-04:00,17.959999084472656,18.229999542236328,17.940000534057617,18.225000381469727,67738,0.0,0.0
2023-08-14 11:30:00-04:00,18.21500015258789,18.3700008392334,18.06999969482422,18.139999389648438,111493,0.0,0.0
2023-08-14 12:30:00-04:00,18.100000381469727,18.110000610351562,17.75,17.795000076293945,62017,0.0,0.0
2023-08-14 13:30:00-04:00,17.795000076293945,17.940000534057617,17.780000686645508,17.850000381469727,44415,0.0,0.0
2023-08-14 14:30:00-04:00,17.850000381469727,17.969999313354492,17.81999969482422,17.850000381469727,49746,0.0,0.0
2023-08-14 15:30:00-04:00,17.850000381469727,17.854999542236328,17.670000076293945,17.81999969482422,110756,0.0,0.0
2023-08-15 09:30:00-04:00,17.649999618530273,17.68000030517578,17.139999389648438,17.219999313354492,66463,0.0,0.0
2023-08-15 10:30:00-04:00,17.21500015258789,17.700000762939453,17.19499969482422,17.6200008392334,85341,0.0,0.0
2023-08-15 11:30:00-04:00,17.6200008392334,17.760000228881836,17.559999465942383,17.56999969482422,54775,0.0,0.0
2023-08-15 12:30:00-04:00,17.559999465942383,17.735000610351562,17.559999465942383,17.6200008392334,57333,0.0,0.0
2023-08-15 13:30:00-04:00,17.6299991607666,17.6299991607666,17.420000076293945,17.528600692749023,65134,0.0,0.0
2023-08-15 14:30:00-04:00,17.520000457763672,17.68000030517578,17.510000228881836,17.639999389648438,37264,0.0,0.0
2023-08-15 15:30:00-04:00,17.6299991607666,17.690000534057617,17.56999969482422,17.68000030517578,82035,0.0,0.0
2023-08-16 09:30:00-04:00,17.68000030517578,17.700000762939453,17.229999542236328,17.25,51073,0.0,0.0
2023-08-16 10:30:00-04:00,17.209999084472656,17.299999237060547,17.095699310302734,17.200000762939453,22029,0.0,0.0
2023-08-16 11:30:00-04:00,17.209999084472656,17.239999771118164,17.111400604248047,17.18000030517578,26715,0.0,0.0
2023-08-16 12:30:00-04:00,17.1299991607666,17.15999984741211,16.940000534057617,16.94499969482422,21889,0.0,0.0
2023-08-16 13:30:00-04:00,16.93000030517578,17.135000228881836,16.93000030517578,17.079999923706055,30245,0.0,0.0
2023-08-16 14:30:00-04:00,17.06999969482422,17.079999923706055,16.93000030517578,16.979999542236328,30467,0.0,0.0
2023-08-16 15:30:00-04:00,16.979999542236328,17.059999465942383,16.860000610351562,16.889999389648438,85094,0.0,0.0
2023-08-17 09:30:00-04:00,16.8799991607666,16.940000534057617,16.68000030517578,16.69499969482422,47218,0.0,0.0
2023-08-17 10:30:00-04:00,16.725000381469727,16.792400360107422,16.594999313354492,16.739999771118164,55558,0.0,0.0
2023-08-17 11:30:00-04:00,16.690000534057617,16.760000228881836,16.559999465942383,16.700000762939453,32334,0.0,0.0
2023-08-17 12:30:00-04:00,16.739999771118164,16.739999771118164,16.530000686645508,16.56999969482422,40197,0.0,0.0
2023-08-17 13:30:00-04:00,16.59000015258789,16.739900588989258,16.59000015258789,16.719999313354492,32018,0.0,0.0
2023-08-17 14:30:00-04:00,16.709999084472656,16.760000228881836,16.639999389648438,16.760000228881836,26748,0.0,0.0
2023-08-17 15:30:00-04:00,16.760000228881836,16.860000610351562,16.729999542236328,16.81999969482422,60753,0.0,0.0
2023-08-18 09:30:00-04:00,16.719999313354492,17.290000915527344,16.6299991607666,17.25,49590,0.0,0.0
2023-08-18 10:30:00-04:00,17.270000457763672,17.5,17.270000457763672,17.385000228881836,40929,0.0,0.0
2023-08-18 11:30:00-04:00,17.3799991607666,17.440000534057617,17.15999984741211,17.209999084472656,30404,0.0,0.0
2023-08-18 12:30:00-04:00,17.239999771118164,17.260000228881836,17.06999969482422,17.09000015258789,45906,0.0,0.0
2023-08-18 13:30:00-04:00,17.079999923706055,17.18000030517578,17.030000686645508,17.1299991607666,34807,0.0,0.0
2023-08-18 14:30:00-04:00,17.139999389648438,17.190000534057617,17.059999465942383,17.104999542236328,33752,0.0,0.0
2023-08-18 15:30:00-04:00,17.100000381469727,17.15999984741211,17.030000686645508,17.09000015258789,67474,0.0,0.0
2023-08-21 09:30:00-04:00,17.149999618530273,17.280000686645508,17.030000686645508,17.209999084472656,29511,0.0,0.0
2023-08-21 10:30:00-04:00,17.200000762939453,17.315000534057617,17.165000915527344,17.2450008392334,27596,0.0,0.0
2023-08-21 11:30:00-04:00,17.260000228881836,17.450000762939453,17.219999313354492,17.34000015258789,26744,0.0,0.0
2023-08-21 12:30:00-04:00,17.354999542236328,17.674699783325195,17.34000015258789,17.579999923706055,54784,0.0,0.0
2023-08-21 13:30:00-04:00,17.56999969482422,17.729999542236328,17.514999389648438,17.610000610351562,43968,0.0,0.0
2023-08-21 14:30:00-04:00,17.6200008392334,17.7450008392334,17.59000015258789,17.700000762939453,58904,0.0,0.0
2023-08-21 15:30:00-04:00,17.690000534057617,17.760000228881836,17.639999389648438,17.75,102402,0.0,0.0
2023-08-22 09:30:00-04:00,17.799999237060547,17.93000030517578,17.219999313354492,17.280000686645508,32932,0.0,0.0
2023-08-22 10:30:00-04:00,17.280000686645508,17.350000381469727,17.200000762939453,17.290000915527344,29344,0.0,0.0
2023-08-22 11:30:00-04:00,17.280000686645508,17.34000015258789,17.1200008392334,17.200000762939453,22328,0.0,0.0
2023-08-22 12:30:00-04:00,17.190000534057617,17.399999618530273,17.170000076293945,17.34000015258789,24076,0.0,0.0
2023-08-22 13:30:00-04:00,17.350000381469727,17.479999542236328,17.299999237060547,17.440000534057617,17791,0.0,0.0
2023-08-22 14:30:00-04:00,17.469999313354492,17.489999771118164,17.3799991607666,17.40999984741211,22258,0.0,0.0
2023-08-22 15:30:00-04:00,17.40999984741211,17.424999237060547,17.25,17.3700008392334,87793,0.0,0.0
2023-08-23 09:30:00-04:00,17.5,17.8799991607666,17.31999969482422,17.739999771118164,24430,0.0,0.0
2023-08-23 10:30:00-04:00,17.719999313354492,17.969999313354492,17.709999084472656,17.920000076293945,64502,0.0,0.0
2023-08-23 11:30:00-04:00,17.93000030517578,17.969999313354492,17.899999618530273,17.920000076293945,28026,0.0,0.0
2023-08-23 12:30:00-04:00,17.920000076293945,17.989999771118164,17.850000381469727,17.969999313354492,43230,0.0,0.0
2023-08-23 13:30:00-04:00,17.96500015258789,18.1299991607666,17.950000762939453,18.110000610351562,39276,0.0,0.0
2023-08-23 14:30:00-04:00,18.110000610351562,18.170000076293945,18.075000762939453,18.149999618530273,40176,0.0,0.0
2023-08-23 15:30:00-04:00,18.15999984741211,18.15999984741211,18.06999969482422,18.1299991607666,93796,0.0,0.0
2023-08-24 09:30:00-04:00,18.1299991607666,18.1299991607666,17.6200008392334,17.700000762939453,33011,0.0,0.0
2023-08-24 10:30:00-04:00,17.68000030517578,17.8700008392334,17.643199920654297,17.68000030517578,31482,0.0,0.0
2023-08-24 11:30:00-04:00,17.68000030517578,17.709999084472656,17.459999084472656,17.530000686645508,36522,0.0,0.0
2023-08-24 12:30:00-04:00,17.5,17.530000686645508,17.44499969482422,17.489999771118164,60530,0.0,0.0
2023-08-24 13:30:00-04:00,17.459999084472656,17.649999618530273,17.34000015258789,17.350000381469727,58722,0.0,0.0
2023-08-24 14:30:00-04:00,17.34000015258789,17.56439971923828,17.299999237060547,17.524999618530273,46007,0.0,0.0
2023-08-24 15:30:00-04:00,17.530000686645508,17.6200008392334,17.489999771118164,17.540000915527344,84662,0.0,0.0
2023-08-25 09:30:00-04:00,17.6299991607666,17.700000762939453,17.344999313354492,17.350000381469727,23861,0.0,0.0
2023-08-25 10:30:00-04:00,17.420000076293945,17.649999618530273,17.3799991607666,17.649999618530273,24094,0.0,0.0
2023-08-25 11:30:00-04:00,17.645000457763672,17.709999084472656,17.56999969482422,17.670000076293945,21875,0.0,0.0
2023-08-25 12:30:00-04:00,17.690000534057617,17.860000610351562,17.65999984741211,17.760000228881836,24088,0.0,0.0
2023-08-25 13:30:00-04:00,17.729999542236328,17.899999618530273,17.729999542236328,17.8700008392334,23188,0.0,0.0
2023-08-25 14:30:00-04:00,17.8700008392334,17.90999984741211,17.78499984741211,17.860000610351562,28303,0.0,0.0
2023-08-25 15:30:00-04:00,17.84000015258789,17.84000015258789,17.610000610351562,17.729999542236328,77311,0.0,0.0
2023-08-28 09:30:00-04:00,17.709999084472656,17.989999771118164,17.700000762939453,17.75,14989,0.0,0.0
2023-08-28 10:30:00-04:00,17.729999542236328,17.770000457763672,17.6200008392334,17.6200008392334,12278,0.0,0.0
2023-08-28 11:30:00-04:00,17.610000610351562,17.719999313354492,17.55500030517578,17.575000762939453,27458,0.0,0.0
2023-08-28 12:30:00-04:00,17.584999084472656,17.610000610351562,17.5,17.530000686645508,18033,0.0,0.0
2023-08-28 13:30:00-04:00,17.520000457763672,17.524999618530273,17.3799991607666,17.5049991607666,32197,0.0,0.0
2023-08-28 14:30:00-04:00,17.5,17.559999465942383,17.43000030517578,17.514999389648438,40706,0.0,0.0
2023-08-28 15:30:00-04:00,17.510000228881836,17.56999969482422,17.46500015258789,17.56999969482422,69299,0.0,0.0
2023-08-29 09:30:00-04:00,17.579999923706055,17.899999618530273,17.489999771118164,17.834999084472656,45107,0.0,0.0
2023-08-29 10:30:00-04:00,17.860000610351562,17.924999237060547,17.799999237060547,17.899999618530273,17445,0.0,0.0
2023-08-29 11:30:00-04:00,17.889999389648438,18.030000686645508,17.8799991607666,17.989999771118164,16427,0.0,0.0
2023-08-29 12:30:00-04:00,17.989999771118164,18.079999923706055,17.979999542236328,18.079999923706055,19356,0.0,0.0
2023-08-29 13:30:00-04:00,18.084999084472656,18.139999389648438,18.040000915527344,18.110000610351562,20428,0.0,0.0
2023-08-29 14:30:00-04:00,18.110000610351562,18.114999771118164,17.959999084472656,17.959999084472656,33788,0.0,0.0
2023-08-29 15:30:00-04:00,17.940000534057617,17.96500015258789,17.795000076293945,17.889999389648438,83738,0.0,0.0
2023-08-30 09:30:00-04:00,17.780000686645508,18.09000015258789,17.739999771118164,17.829999923706055,21841,0.0,0.0
2023-08-30 10:30:00-04:00,17.84000015258789,18.020000457763672,17.84000015258789,17.959999084472656,19293,0.0,0.0
2023-08-30 11:30:00-04:00,17.989999771118164,18.149999618530273,17.959999084472656,18.100000381469727,22562,0.0,0.0
2023-08-30 12:30:00-04:00,18.118999481201172,18.139999389648438,18.065000534057617,18.081899642944336,25713,0.0,0.0
2023-08-30 13:30:00-04:00,18.079999923706055,18.198999404907227,18.079999923706055,18.170000076293945,19253,0.0,0.0
2023-08-30 14:30:00-04:00,18.160200119018555,18.264999389648438,18.1299991607666,18.235000610351562,33539,0.0,0.0
2023-08-30 15:30:00-04:00,18.229999542236328,18.260000228881836,18.174999237060547,18.239999771118164,59512,0.0,0.0
2023-08-31 09:30:00-04:00,18.18000030517578,18.260000228881836,17.8799991607666,18.094999313354492,21323,0.0,0.0
2023-08-31 10:30:00-04:00,18.094999313354492,18.34000015258789,18.09000015258789,18.239999771118164,52699,0.0,0.0
2023-08-31 11:30:00-04:00,18.239999771118164,18.270000457763672,18.110000610351562,18.145000457763672,40698,0.0,0.0
2023-08-31 12:30:00-04:00,18.149999618530273,18.15999984741211,17.989999771118164,18.040000915527344,29444,0.0,0.0
2023-08-31 13:30:00-04:00,18.030000686645508,18.079999923706055,17.950000762939453,18.030000686645508,32359,0.0,0.0
2023-08-31 14:30:00-04:00,18.040000915527344,18.040000915527344,17.899999618530273,17.979999542236328,45392,0.0,0.0
2023-08-31 15:30:00-04:00,17.969999313354492,17.969999313354492,17.829999923706055,17.84000015258789,78075,0.0,0.0
2023-09-01 09:30:00-04:00,18.06999969482422,18.31999969482422,17.7810001373291,18.190000534057617,17934,0.0,0.0
2023-09-01 10:30:00-04:00,18.114999771118164,18.229999542236328,18.079999923706055,18.229999542236328,15072,0.0,0.0
2023-09-01 11:30:00-04:00,18.239999771118164,18.25,18.030000686645508,18.1200008392334,18988,0.0,0.0
2023-09-01 12:30:00-04:00,18.1200008392334,18.155000686645508,18.079999923706055,18.09000015258789,19792,0.0,0.0
2023-09-01 13:30:00-04:00,18.114999771118164,18.219999313354492,18.065000534057617,18.139999389648438,35904,0.0,0.0
2023-09-01 14:30:00-04:00,18.149999618530273,18.149999618530273,17.950000762939453,17.950000762939453,26080,0.0,0.0
2023-09-01 15:30:00-04:00,17.959999084472656,18.024999618530273,17.950000762939453,18.020000457763672,52463,0.0,0.0
2023-09-05 09:30:00-04:00,17.81999969482422,17.8700008392334,17.06999969482422,17.219999313354492,68178,0.0,0.0
2023-09-05 10:30:00-04:00,17.25,17.3799991607666,17.200000762939453,17.239999771118164,27679,0.0,0.0
2023-09-05 11:30:00-04:00,17.23200035095215,17.34000015258789,17.040000915527344,17.18000030517578,39959,0.0,0.0
2023-09-05 12:30:00-04:00,17.18000030517578,17.280000686645508,17.1299991607666,17.1919002532959,44407,0.0,0.0
2023-09-05 13:30:00-04:00,17.204999923706055,17.229999542236328,17.1200008392334,17.1299991607666,32621,0.0,0.0
2023-09-05 14:30:00-04:00,17.1200008392334,17.190000534057617,17.100000381469727,17.15999984741211,52234,0.0,0.0
2023-09-05 15:30:00-04:00,17.149999618530273,17.270000457763672,17.149999618530273,17.219999313354492,96691,0.0,0.0
2023-09-06 09:30:00-04:00,17.34000015258789,17.34000015258789,16.959999084472656,17.079999923706055,29036,0.0,0.0
2023-09-06 10:30:00-04:00,17.075000762939453,17.1200008392334,16.950000762939453,17.079999923706055,22640,0.0,0.0
2023-09-06 11:30:00-04:00,17.049999237060547,17.1299991607666,17.020000457763672,17.049999237060547,20710,0.0,0.0
2023-09-06 12:30:00-04:00,17.09000015258789,17.1200008392334,17.040000915527344,17.079999923706055,23416,0.0,0.0
2023-09-06 13:30:00-04:00,17.079999923706055,17.15999984741211,17.010000228881836,17.134599685668945,22656,0.0,0.0
2023-09-06 14:30:00-04:00,17.142499923706055,17.174999237060547,17.09000015258789,17.09000015258789,27724,0.0,0.0
2023-09-06 15:30:00-04:00,17.079999923706055,17.18000030517578,17.040000915527344,17.170000076293945,73589,0.0,0.0
2023-09-07 09:30:00-04:00,17.049999237060547,17.049999237060547,16.5,16.639999389648438,37935,0.0,0.0
2023-09-07 10:30:00-04:00,16.6200008392334,16.71500015258789,16.510000228881836,16.700000762939453,39198,0.0,0.0
2023-09-07 11:30:00-04:00,16.635000228881836,16.739999771118164,16.579999923706055,16.739999771118164,36484,0.0,0.0
2023-09-07 12:30:00-04:00,16.729999542236328,16.764999389648438,16.475000381469727,16.4950008392334,31779,0.0,0.0
2023-09-07 13:30:00-04:00,16.489999771118164,16.645000457763672,16.485000610351562,16.59000015258789,34532,0.0,0.0
2023-09-07 14:30:00-04:00,16.579999923706055,16.6200008392334,16.540000915527344,16.579999923706055,35322,0.0,0.0
2023-09-07 15:30:00-04:00,16.575000762939453,16.6299991607666,16.459999084472656,16.459999084472656,84856,0.0,0.0
2023-09-08 09:30:00-04:00,16.530000686645508,16.530000686645508,15.827099800109863,15.880000114440918,95300,0.0,0.0
2023-09-08 10:30:00-04:00,15.829999923706055,15.920000076293945,15.5,15.5,61151,0.0,0.0
2023-09-08 11:30:00-04:00,15.470000267028809,15.479999542236328,15.260000228881836,15.395500183105469,82115,0.0,0.0
2023-09-08 12:30:00-04:00,15.399999618530273,15.40999984741211,15.140000343322754,15.3858003616333,43374,0.0,0.0
2023-09-08 13:30:00-04:00,15.413800239562988,15.970000267028809,15.395000457763672,15.970000267028809,137663,0.0,0.0
2023-09-08 14:30:00-04:00,15.970000267028809,16.059999465942383,15.890000343322754,16.049999237060547,48313,0.0,0.0
2023-09-08 15:30:00-04:00,16.040000915527344,16.049999237060547,15.960000038146973,15.979999542236328,67491,0.0,0.0
2023-09-11 09:30:00-04:00,16.100000381469727,16.25040054321289,15.50629997253418,16.209999084472656,49000,0.0,0.0
2023-09-11 10:30:00-04:00,16.200000762939453,16.55500030517578,16.149999618530273,16.5,60052,0.0,0.0
2023-09-11 11:30:00-04:00,16.489999771118164,16.559999465942383,16.31999969482422,16.415000915527344,39575,0.0,0.0
2023-09-11 12:30:00-04:00,16.420000076293945,16.549999237060547,16.3700008392334,16.420000076293945,46837,0.0,0.0
2023-09-11 13:30:00-04:00,16.409000396728516,16.5,16.360000610351562,16.454999923706055,25717,0.0,0.0
2023-09-11 14:30:00-04:00,16.469999313354492,16.469999313354492,16.325000762939453,16.34000015258789,36440,0.0,0.0
2023-09-11 15:30:00-04:00,16.34000015258789,16.40999984741211,16.280000686645508,16.329999923706055,77599,0.0,0.0
2023-09-12 09:30:00-04:00,16.280000686645508,16.31999969482422,16.040000915527344,16.235000610351562,43584,0.0,0.0
2023-09-12 10:30:00-04:00,16.219999313354492,16.270000457763672,16.1299991607666,16.270000457763672,26371,0.0,0.0
2023-09-12 11:30:00-04:00,16.25,16.3700008392334,16.235000610351562,16.34000015258789,28514,0.0,0.0
2023-09-12 12:30:00-04:00,16.329999923706055,16.364999771118164,16.260000228881836,16.280000686645508,29982,0.0,0.0
2023-09-12 13:30:00-04:00,16.299999237060547,16.459999084472656,16.280000686645508,16.459999084472656,28018,0.0,0.0
2023-09-12 14:30:00-04:00,16.469999313354492,16.469999313354492,16.34000015258789,16.34000015258789,34268,0.0,0.0
2023-09-12 15:30:00-04:00,16.344999313354492,16.389999389648438,16.270000457763672,16.31999969482422,61460,0.0,0.0
2023-09-13 09:30:00-04:00,16.34000015258789,16.579999923706055,16.239999771118164,16.56999969482422,27089,0.0,0.0
2023-09-13 10:30:00-04:00,16.56999969482422,16.655000686645508,16.5,16.524999618530273,37566,0.0,0.0
2023-09-13 11:30:00-04:00,16.440000534057617,16.540000915527344,16.3799991607666,16.540000915527344,24270,0.0,0.0
2023-09-13 12:30:00-04:00,16.540000915527344,16.540000915527344,16.3700008392334,16.40999984741211,23269,0.0,0.0
2023-09-13 13:30:00-04:00,16.40999984741211,16.440000534057617,16.280000686645508,16.309999465942383,17052,0.0,0.0
2023-09-13 14:30:00-04:00,16.31999969482422,16.31999969482422,16.165000915527344,16.18000030517578,18376,0.0,0.0
2023-09-13 15:30:00-04:00,16.170000076293945,16.170000076293945,16.0,16.020000457763672,89041,0.0,0.0
2023-09-14 09:30:00-04:00,16.100000381469727,16.450000762939453,16.0,16.43000030517578,59101,0.0,0.0
2023-09-14 10:30:00-04:00,16.399999618530273,16.559999465942383,16.34000015258789,16.524999618530273,53808,0.0,0.0
2023-09-14 11:30:00-04:00,16.540000915527344,16.610000610351562,16.459999084472656,16.5,40565,0.0,0.0
2023-09-14 12:30:00-04:00,16.4950008392334,16.559999465942383,16.479999542236328,16.549999237060547,40434,0.0,0.0
2023-09-14 13:30:00-04:00,16.559999465942383,16.594999313354492,16.43000030517578,16.559999465942383,61927,0.0,0.0
2023-09-14 14:30:00-04:00,16.565000534057617,16.600000381469727,16.479999542236328,16.5,52486,0.0,0.0
2023-09-14 15:30:00-04:00,16.5,16.579999923706055,16.434999465942383,16.540000915527344,128989,0.0,0.0
2023-09-15 09:30:00-04:00,16.559999465942383,16.940000534057617,16.389999389648438,16.764999389648438,164552,0.0,0.0
2023-09-15 10:30:00-04:00,16.760000228881836,16.790000915527344,16.6200008392334,16.739999771118164,49636,0.0,0.0
2023-09-15 11:30:00-04:00,16.719999313354492,17.020000457763672,16.719999313354492,17.0049991607666,41435,0.0,0.0
2023-09-15 12:30:00-04:00,16.989999771118164,16.989999771118164,16.600000381469727,16.625,79366,0.0,0.0
2023-09-15 13:30:00-04:00,16.625,16.770000457763672,16.600000381469727,16.649999618530273,33579,0.0,0.0
2023-09-15 14:30:00-04:00,16.649999618530273,16.65999984741211,16.571500778198242,16.6200008392334,58685,0.0,0.0
2023-09-15 15:30:00-04:00,16.6200008392334,16.68000030517578,16.579999923706055,16.6200008392334,142230,0.0,0.0
2023-09-18 09:30:00-04:00,16.670000076293945,16.90999984741211,16.530000686645508,16.770000457763672,63531,0.0,0.0
2023-09-18 10:30:00-04:00,16.760000228881836,16.84000015258789,16.559999465942383,16.649999618530273,42329,0.0,0.0
2023-09-18 11:30:00-04:00,16.6299991607666,17.1299991607666,16.59000015258789,17.079999923706055,81834,0.0,0.0
2023-09-18 12:30:00-04:00,17.09000015258789,17.209999084472656,17.049999237060547,17.110000610351562,69472,0.0,0.0
2023-09-18 13:30:00-04:00,17.1200008392334,17.200000762939453,16.959999084472656,17.020000457763672,54934,0.0,0.0
2023-09-18 14:30:00-04:00,17.024999618530273,17.079999923706055,16.950000762939453,17.030000686645508,70172,0.0,0.0
2023-09-18 15:30:00-04:00,17.040000915527344,17.1299991607666,17.010000228881836,17.06999969482422,118711,0.0,0.0
2023-09-19 09:30:00-04:00,17.020000457763672,17.100000381469727,16.799999237060547,16.940000534057617,41372,0.0,0.0
2023-09-19 10:30:00-04:00,16.920000076293945,16.979999542236328,16.635000228881836,16.84000015258789,44727,0.0,0.0
2023-09-19 11:30:00-04:00,16.829999923706055,16.860000610351562,16.75,16.84000015258789,30111,0.0,0.0
2023-09-19 12:30:00-04:00,16.827899932861328,17.040000915527344,16.607799530029297,16.899999618530273,59052,0.0,0.0
2023-09-19 13:30:00-04:00,16.8799991607666,17.229999542236328,16.8700008392334,17.139999389648438,74578,0.0,0.0
2023-09-19 14:30:00-04:00,17.15999984741211,17.360000610351562,17.135000228881836,17.31999969482422,99212,0.0,0.0
2023-09-19 15:30:00-04:00,17.309999465942383,17.40999984741211,17.219999313354492,17.360000610351562,150660,0.0,0.0
2023-09-20 09:30:00-04:00,17.399999618530273,17.600000381469727,17.29509925842285,17.59000015258789,29680,0.0,0.0
2023-09-20 10:30:00-04:00,17.59000015258789,17.59000015258789,17.415000915527344,17.5,28137,0.0,0.0
2023-09-20 11:30:00-04:00,17.469999313354492,17.479999542236328,17.239999771118164,17.239999771118164,46013,0.0,0.0
2023-09-20 12:30:00-04:00,17.229999542236328,17.360000610351562,17.219999313354492,17.30500030517578,25143,0.0,0.0
2023-09-20 13:30:00-04:00,17.31999969482422,17.329999923706055,17.209999084472656,17.28499984741211,46165,0.0,0.0
2023-09-20 14:30:00-04:00,17.260000228881836,17.329999923706055,17.149999618530273,17.165000915527344,55168,0.0,0.0
2023-09-20 15:30:00-04:00,17.170000076293945,17.190000534057617,16.989999771118164,17.0,110876,0.0,0.0
2023-09-21 09:30:00-04:00,16.81999969482422,16.920000076293945,16.639299392700195,16.674999237060547,28541,0.0,0.0
2023-09-21 10:30:00-04:00,16.68000030517578,16.799999237060547,16.549999237060547,16.790000915527344,34357,0.0,0.0
2023-09-21 11:30:00-04:00,16.790000915527344,16.799999237060547,16.6299991607666,16.670000076293945,59153,0.0,0.0
2023-09-21 12:30:00-04:00,16.65999984741211,16.809999465942383,16.6200008392334,16.75,49821,0.0,0.0
2023-09-21 13:30:00-04:00,16.739999771118164,16.8700008392334,16.739999771118164,16.7549991607666,49235,0.0,0.0
2023-09-21 14:30:00-04:00,16.75,16.899999618530273,16.75,16.850000381469727,44116,0.0,0.0
2023-09-21 15:30:00-04:00,16.860000610351562,16.8700008392334,16.760000228881836,16.770000457763672,105005,0.0,0.0
2023-09-22 09:30:00-04:00,16.780000686645508,16.799999237060547,16.43000030517578,16.635000228881836,43714,0.0,0.0
2023-09-22 10:30:00-04:00,16.639999389648438,16.75,16.549999237060547,16.670000076293945,61384,0.0,0.0
2023-09-22 11:30:00-04:00,16.65999984741211,16.709999084472656,16.594999313354492,16.625,35219,0.0,0.0
2023-09-22 12:30:00-04:00,16.625,16.670000076293945,16.600000381469727,16.635000228881836,32779,0.0,0.0
2023-09-22 13:30:00-04:00,16.639999389648438,16.639999389648438,16.420000076293945,16.530000686645508,93074,0.0,0.0
2023-09-22 14:30:00-04:00,16.514999389648438,16.68000030517578,16.489999771118164,16.610000610351562,43249,0.0,0.0
2023-09-22 15:30:00-04:00,16.614999771118164,16.635000228881836,16.56999969482422,16.6299991607666,117957,0.0,0.0
2023-09-25 09:30:00-04:00,16.559999465942383,16.760000228881836,16.364999771118164,16.600000381469727,45989,0.0,0.0
2023-09-25 10:30:00-04:00,16.604999542236328,16.670000076293945,16.592500686645508,16.600000381469727,25740,0.0,0.0
2023-09-25 11:30:00-04:00,16.614999771118164,16.709999084472656,16.600000381469727,16.704999923706055,18337,0.0,0.0
2023-09-25 12:30:00-04:00,16.700000762939453,16.799999237060547,16.68000030517578,16.700000762939453,25073,0.0,0.0
2023-09-25 13:30:00-04:00,16.709999084472656,16.809999465942383,16.699199676513672,16.709999084472656,31302,0.0,0.0
2023-09-25 14:30:00-04:00,16.709999084472656,16.729999542236328,16.600000381469727,16.65999984741211,75222,0.0,0.0
2023-09-25 15:30:00-04:00,16.65999984741211,16.729999542236328,16.610000610351562,16.719999313354492,200069,0.0,0.0
2023-09-26 09:30:00-04:00,16.690000534057617,16.780000686645508,16.43000030517578,16.649999618530273,42531,0.0,0.0
2023-09-26 10:30:00-04:00,16.635000228881836,16.780000686645508,16.587400436401367,16.600000381469727,36872,0.0,0.0
2023-09-26 11:30:00-04:00,16.604999542236328,16.6299991607666,16.18000030517578,16.329999923706055,53608,0.0,0.0
2023-09-26 12:30:00-04:00,16.299999237060547,16.309999465942383,16.110000610351562,16.110000610351562,38568,0.0,0.0
2023-09-26 13:30:00-04:00,16.129899978637695,16.280000686645508,16.040000915527344,16.190000534057617,43935,0.0,0.0
2023-09-26 14:30:00-04:00,16.190000534057617,16.209999084472656,16.09000015258789,16.114999771118164,48755,0.0,0.0
2023-09-26 15:30:00-04:00,16.114999771118164,16.184999465942383,15.989999771118164,16.0,97997,0.0,0.0
2023-09-27 09:30:00-04:00,15.989999771118164,16.540000915527344,15.975000381469727,16.46500015258789,56732,0.0,0.0
2023-09-27 10:30:00-04:00,16.450000762939453,16.450000762939453,16.170000076293945,16.229999542236328,38896,0.0,0.0
2023-09-27 11:30:00-04:00,16.239999771118164,16.309999465942383,16.135000228881836,16.200000762939453,32983,0.0,0.0
2023-09-27 12:30:00-04:00,16.229999542236328,16.25,16.040000915527344,16.059999465942383,34120,0.0,0.0
2023-09-27 13:30:00-04:00,16.079999923706055,16.100000381469727,16.024999618530273,16.100000381469727,29741,0.0,0.0
2023-09-27 14:30:00-04:00,16.110000610351562,16.350000381469727,16.110000610351562,16.270000457763672,48465,0.0,0.0
2023-09-27 15:30:00-04:00,16.260000228881836,16.3700008392334,16.190000534057617,16.280000686645508,123050,0.0,0.0
2023-09-28 09:30:00-04:00,16.260000228881836,16.68000030517578,16.06999969482422,16.469999313354492,29679,0.0,0.0
2023-09-28 10:30:00-04:00,16.450000762939453,16.610000610351562,16.280000686645508,16.610000610351562,69462,0.0,0.0
2023-09-28 11:30:00-04:00,16.6200008392334,16.90999984741211,16.6200008392334,16.84000015258789,66391,0.0,0.0
2023-09-28 12:30:00-04:00,16.84000015258789,16.860000610351562,16.540000915527344,16.665000915527344,95807,0.0,0.0
2023-09-28 13:30:00-04:00,16.670000076293945,16.75,16.56999969482422,16.75,65187,0.0,0.0
2023-09-28 14:30:00-04:00,16.780000686645508,16.899999618530273,16.674999237060547,16.8799991607666,84347,0.0,0.0
2023-09-28 15:30:00-04:00,16.875,16.889999389648438,16.729999542236328,16.829999923706055,185740,0.0,0.0
2023-09-29 09:30:00-04:00,16.969999313354492,17.139999389648438,15.989999771118164,16.0,240509,0.0,0.0
2023-09-29 10:30:00-04:00,16.0,16.196199417114258,15.65999984741211,16.06999969482422,121813,0.0,0.0
2023-09-29 11:30:00-04:00,16.06999969482422,16.329999923706055,15.920000076293945,16.309999465942383,75467,0.0,0.0
2023-09-29 12:30:00-04:00,16.31999969482422,16.440000534057617,16.06999969482422,16.15999984741211,84766,0.0,0.0
2023-09-29 13:30:00-04:00,16.15999984741211,16.229999542236328,16.079999923706055,16.09000015258789,54599,0.0,0.0
2023-09-29 14:30:00-04:00,16.100000381469727,16.204999923706055,16.059999465942383,16.18000030517578,86460,0.0,0.0
2023-09-29 15:30:00-04:00,16.18000030517578,16.200000762939453,16.020000457763672,16.030000686645508,153295,0.0,0.0
2023-10-02 09:30:00-04:00,15.970000267028809,16.010000228881836,15.60990047454834,15.60990047454834,38005,0.0,0.0
2023-10-02 10:30:00-04:00,15.630000114440918,15.75,15.539999961853027,15.59000015258789,30029,0.0,0.0
2023-10-02 11:30:00-04:00,15.5600004196167,15.5600004196167,15.3302001953125,15.369999885559082,30894,0.0,0.0
2023-10-02 12:30:00-04:00,15.369999885559082,15.460000038146973,15.279999732971191,15.329999923706055,50228,0.0,0.0
2023-10-02 13:30:00-04:00,15.329999923706055,15.369999885559082,15.220100402832031,15.258000373840332,43269,0.0,0.0
2023-10-02 14:30:00-04:00,15.260000228881836,15.260000228881836,15.170000076293945,15.1899995803833,60833,0.0,0.0
2023-10-02 15:30:00-04:00,15.1899995803833,15.539999961853027,15.1899995803833,15.529999732971191,155822,0.0,0.0
2023-10-03 09:30:00-04:00,15.430000305175781,15.675000190734863,15.295000076293945,15.489999771118164,45249,0.0,0.0
2023-10-03 10:30:00-04:00,15.470000267028809,15.829999923706055,15.354999542236328,15.779999732971191,62234,0.0,0.0
2023-10-03 11:30:00-04:00,15.779999732971191,15.779999732971191,15.460000038146973,15.505599975585938,42562,0.0,0.0
2023-10-03 12:30:00-04:00,15.532400131225586,15.53499984741211,15.289999961853027,15.470000267028809,97358,0.0,0.0
2023-10-03 13:30:00-04:00,15.5,15.550000190734863,15.449999809265137,15.460000038146973,22713,0.0,0.0
2023-10-03 14:30:00-04:00,15.470000267028809,15.569999694824219,15.40999984741211,15.489999771118164,35283,0.0,0.0
2023-10-03 15:30:00-04:00,15.489999771118164,15.5600004196167,15.420000076293945,15.4399995803833,96789,0.0,0.0
2023-10-04 09:30:00-04:00,15.25,15.470000267028809,15.229999542236328,15.3100004196167,47555,0.0,0.0
2023-10-04 10:30:00-04:00,15.335000038146973,15.420000076293945,15.274999618530273,15.390000343322754,28698,0.0,0.0
2023-10-04 11:30:00-04:00,15.395000457763672,15.510000228881836,15.300000190734863,15.510000228881836,30782,0.0,0.0
2023-10-04 12:30:00-04:00,15.510000228881836,15.604999542236328,15.420000076293945,15.420000076293945,29964,0.0,0.0
2023-10-04 13:30:00-04:00,15.425000190734863,15.574999809265137,15.425000190734863,15.529999732971191,21702,0.0,0.0
2023-10-04 14:30:00-04:00,15.520000457763672,15.65999984741211,15.506199836730957,15.649900436401367,31899,0.0,0.0
2023-10-04 15:30:00-04:00,15.65999984741211,15.6899995803833,15.59000015258789,15.670000076293945,70047,0.0,0.0
2023-10-05 09:30:00-04:00,15.59000015258789,16.290000915527344,15.199999809265137,15.329999923706055,82622,0.0,0.0
2023-10-05 10:30:00-04:00,15.359999656677246,15.359999656677246,15.010000228881836,15.03499984741211,31995,0.0,0.0
2023-10-05 11:30:00-04:00,15.020000457763672,15.149999618530273,15.020000457763672,15.100000381469727,27810,0.0,0.0
2023-10-05 12:30:00-04:00,15.109999656677246,15.239999771118164,15.079999923706055,15.180000305175781,33025,0.0,0.0
2023-10-05 13:30:00-04:00,15.180000305175781,15.289999961853027,15.140000343322754,15.239999771118164,31351,0.0,0.0
2023-10-05 14:30:00-04:00,15.260000228881836,15.510000228881836,15.260000228881836,15.510000228881836,48592,0.0,0.0
2023-10-05 15:30:00-04:00,15.520000457763672,15.520000457763672,15.40999984741211,15.479999542236328,79622,0.0,0.0
2023-10-06 09:30:00-04:00,15.34000015258789,16.014999389648438,15.050000190734863,15.15999984741211,25237,0.0,0.0
2023-10-06 10:30:00-04:00,15.140000343322754,15.390000343322754,15.140000343322754,15.380000114440918,21820,0.0,0.0
2023-10-06 11:30:00-04:00,15.380000114440918,15.600000381469727,15.34000015258789,15.600000381469727,24901,0.0,0.0
2023-10-06 12:30:00-04:00,15.5649995803833,15.595000267028809,15.40999984741211,15.529999732971191,30564,0.0,0.0
2023-10-06 13:30:00-04:00,15.529999732971191,15.550000190734863,15.430000305175781,15.470000267028809,17386,0.0,0.0
2023-10-06 14:30:00-04:00,15.479999542236328,15.489999771118164,15.329999923706055,15.350000381469727,25531,0.0,0.0
2023-10-06 15:30:00-04:00,15.34000015258789,15.395000457763672,15.239999771118164,15.260000228881836,59023,0.0,0.0
2023-10-09 09:30:00-04:00,15.119999885559082,15.319999694824219,14.699999809265137,14.845000267028809,63437,0.0,0.0
2023-10-09 10:30:00-04:00,14.859999656677246,15.024999618530273,14.859999656677246,14.925000190734863,50100,0.0,0.0
2023-10-09 11:30:00-04:00,14.9399995803833,15.010000228881836,14.850000381469727,14.899999618530273,45636,0.0,0.0
2023-10-09 12:30:00-04:00,14.90999984741211,15.045000076293945,14.875,15.039999961853027,40905,0.0,0.0
2023-10-09 13:30:00-04:00,15.050000190734863,15.210000038146973,15.020000457763672,15.194999694824219,59858,0.0,0.0
2023-10-09 14:30:00-04:00,15.194999694824219,15.194999694824219,15.029999732971191,15.0600004196167,47612,0.0,0.0
2023-10-09 15:30:00-04:00,15.039999961853027,15.050000190734863,14.949999809265137,15.029999732971191,98912,0.0,0.0
2023-10-10 09:30:00-04:00,15.039999961853027,15.1899995803833,14.65999984741211,15.140000343322754,48247,0.0,0.0
2023-10-10 10:30:00-04:00,15.119999885559082,15.40999984741211,15.119999885559082,15.380000114440918,30607,0.0,0.0
2023-10-10 11:30:00-04:00,15.319999694824219,15.34000015258789,15.246000289916992,15.289999961853027,30718,0.0,0.0
2023-10-10 12:30:00-04:00,15.3100004196167,15.430000305175781,15.289999961853027,15.319999694824219,24818,0.0,0.0
2023-10-10 13:30:00-04:00,15.329999923706055,15.369999885559082,15.279999732971191,15.369999885559082,23214,0.0,0.0
2023-10-10 14:30:00-04:00,15.390000343322754,15.40999984741211,15.354999542236328,15.390000343322754,26442,0.0,0.0
2023-10-10 15:30:00-04:00,15.390000343322754,15.430000305175781,15.289999961853027,15.319999694824219,47388,0.0,0.0
2023-10-11 09:30:00-04:00,15.770000457763672,16.049999237060547,15.470000267028809,15.539999961853027,94745,0.0,0.0
2023-10-11 10:30:00-04:00,15.545000076293945,15.545000076293945,15.350000381469727,15.425000190734863,24940,0.0,0.0
2023-10-11 11:30:00-04:00,15.40999984741211,15.4399995803833,15.289999961853027,15.319999694824219,28500,0.0,0.0
2023-10-11 12:30:00-04:00,15.289999961853027,15.399999618530273,15.28499984741211,15.289999961853027,18487,0.0,0.0
2023-10-11 13:30:00-04:00,15.270000457763672,15.279999732971191,15.180000305175781,15.210000038146973,26003,0.0,0.0
2023-10-11 14:30:00-04:00,15.220000267028809,15.25,15.119999885559082,15.180000305175781,34889,0.0,0.0
2023-10-11 15:30:00-04:00,15.170000076293945,15.289999961853027,15.119999885559082,15.260000228881836,114391,0.0,0.0
2023-10-12 09:30:00-04:00,15.270000457763672,15.279999732971191,14.8100004196167,14.989999771118164,36815,0.0,0.0
2023-10-12 10:30:00-04:00,15.0,15.020000457763672,14.885000228881836,14.96500015258789,21976,0.0,0.0
2023-10-12 11:30:00-04:00,14.975000381469727,15.050000190734863,14.880000114440918,14.880000114440918,21455,0.0,0.0
2023-10-12 12:30:00-04:00,14.890000343322754,14.890000343322754,14.710000038146973,14.725000381469727,29297,0.0,0.0
2023-10-12 13:30:00-04:00,14.720000267028809,14.800000190734863,14.609999656677246,14.770000457763672,50430,0.0,0.0
2023-10-12 14:30:00-04:00,14.770000457763672,14.859999656677246,14.609999656677246,14.670000076293945,52297,0.0,0.0
2023-10-12 15:30:00-04:00,14.664999961853027,14.739999771118164,14.550000190734863,14.619999885559082,107603,0.0,0.0
2023-10-13 09:30:00-04:00,14.619999885559082,14.760000228881836,14.470000267028809,14.680000305175781,41545,0.0,0.0
2023-10-13 10:30:00-04:00,14.649999618530273,14.710000038146973,14.479999542236328,14.609999656677246,22925,0.0,0.0
2023-10-13 11:30:00-04:00,14.609999656677246,14.699999809265137,14.479999542236328,14.609999656677246,21289,0.0,0.0
2023-10-13 12:30:00-04:00,14.569999694824219,14.645000457763672,14.529999732971191,14.609999656677246,20874,0.0,0.0
2023-10-13 13:30:00-04:00,14.609999656677246,14.710000038146973,14.520000457763672,14.520000457763672,21477,0.0,0.0
2023-10-13 14:30:00-04:00,14.529999732971191,14.609999656677246,14.479999542236328,14.555000305175781,43762,0.0,0.0
2023-10-13 15:30:00-04:00,14.550000190734863,14.630000114440918,14.5,14.550000190734863,83130,0.0,0.0
2023-10-16 09:30:00-04:00,14.550000190734863,14.65999984741211,14.260000228881836,14.579999923706055,35664,0.0,0.0
2023-10-16 10:30:00-04:00,14.595000267028809,14.75,14.550000190734863,14.739999771118164,33962,0.0,0.0
2023-10-16 11:30:00-04:00,14.765000343322754,14.920000076293945,14.640000343322754,14.914999961853027,23326,0.0,0.0
2023-10-16 12:30:00-04:00,14.916299819946289,15.069999694824219,14.850099563598633,15.069999694824219,73882,0.0,0.0
2023-10-16 13:30:00-04:00,15.069999694824219,15.170000076293945,15.020000457763672,15.020000457763672,41852,0.0,0.0
2023-10-16 14:30:00-04:00,15.020000457763672,15.029999732971191,14.789999961853027,14.960000038146973,47288,0.0,0.0
2023-10-16 15:30:00-04:00,14.970000267028809,14.970000267028809,14.890999794006348,14.914999961853027,60865,0.0,0.0
2023-10-17 09:30:00-04:00,14.720000267028809,15.119999885559082,14.699999809265137,14.970000267028809,29508,0.0,0.0
2023-10-17 10:30:00-04:00,14.949999809265137,15.020000457763672,14.90999984741211,14.949999809265137,21702,0.0,0.0
2023-10-17 11:30:00-04:00,14.968700408935547,15.140000343322754,14.968700408935547,15.100000381469727,16650,0.0,0.0
2023-10-17 12:30:00-04:00,15.079999923706055,15.09000015258789,14.960000038146973,14.960000038146973,20354,0.0,0.0
2023-10-17 13:30:00-04:00,14.949999809265137,14.949999809265137,14.819999694824219,14.885000228881836,38908,0.0,0.0
2023-10-17 14:30:00-04:00,14.885000228881836,15.020000457763672,14.84000015258789,15.020000457763672,29363,0.0,0.0
2023-10-17 15:30:00-04:00,15.050000190734863,15.050000190734863,14.904999732971191,14.920000076293945,56150,0.0,0.0
2023-10-18 09:30:00-04:00,14.760000228881836,14.90999984741211,14.579999923706055,14.819999694824219,43380,0.0,0.0
2023-10-18 10:30:00-04:00,14.819999694824219,15.0,14.8100004196167,14.94890022277832,29126,0.0,0.0
2023-10-18 11:30:00-04:00,14.960000038146973,14.994999885559082,14.852499961853027,14.979999542236328,48052,0.0,0.0
2023-10-18 12:30:00-04:00,14.970000267028809,15.100000381469727,14.899999618530273,14.989999771118164,74191,0.0,0.0
2023-10-18 13:30:00-04:00,14.979999542236328,15.010000228881836,14.90999984741211,14.960000038146973,24054,0.0,0.0
2023-10-18 14:30:00-04:00,14.949999809265137,15.11989974975586,14.949999809265137,15.0649995803833,58607,0.0,0.0
2023-10-18 15:30:00-04:00,15.069999694824219,15.079999923706055,14.970000267028809,15.050000190734863,67389,0.0,0.0
2023-10-19 09:30:00-04:00,14.989999771118164,14.989999771118164,14.600000381469727,14.600000381469727,25074,0.0,0.0
2023-10-19 10:30:00-04:00,14.550000190734863,14.869999885559082,14.550000190734863,14.859999656677246,31565,0.0,0.0
2023-10-19 11:30:00-04:00,14.869999885559082,14.979999542236328,14.850000381469727,14.850000381469727,27467,0.0,0.0
2023-10-19 12:30:00-04:00,14.84000015258789,14.859999656677246,14.699999809265137,14.774999618530273,31799,0.0,0.0
2023-10-19 13:30:00-04:00,14.723299980163574,14.819999694824219,14.710000038146973,14.797100067138672,62460,0.0,0.0
2023-10-19 14:30:00-04:00,14.800000190734863,14.800000190734863,14.539999961853027,14.579999923706055,42552,0.0,0.0
2023-10-19 15:30:00-04:00,14.574999809265137,14.680000305175781,14.520000457763672,14.65999984741211,96865,0.0,0.0
2023-10-20 09:30:00-04:00,14.720000267028809,14.989999771118164,14.539999961853027,14.859999656677246,72180,0.0,0.0
2023-10-20 10:30:00-04:00,14.86460018157959,14.949999809265137,14.819999694824219,14.949999809265137,23237,0.0,0.0
2023-10-20 11:30:00-04:00,14.949999809265137,15.085000038146973,14.925000190734863,15.049200057983398,26546,0.0,0.0
2023-10-20 12:30:00-04:00,15.055000305175781,15.09000015258789,14.930000305175781,15.079999923706055,16973,0.0,0.0
2023-10-20 13:30:00-04:00,15.0600004196167,15.180000305175781,15.0600004196167,15.069999694824219,15418,0.0,0.0
2023-10-20 14:30:00-04:00,15.069999694824219,15.15999984741211,14.920000076293945,14.984999656677246,29278,0.0,0.0
2023-10-20 15:30:00-04:00,14.989999771118164,15.09000015258789,14.944999694824219,15.09000015258789,145029,0.0,0.0
2023-10-23 09:30:00-04:00,14.960000038146973,15.1181001663208,14.789999961853027,15.069999694824219,32188,0.0,0.0
2023-10-23 10:30:00-04:00,15.020000457763672,15.170000076293945,14.960000038146973,15.079999923706055,22078,0.0,0.0
2023-10-23 11:30:00-04:00,15.119999885559082,15.199999809265137,15.010000228881836,15.170000076293945,29735,0.0,0.0
2023-10-23 12:30:00-04:00,15.170000076293945,15.319999694824219,15.170000076293945,15.279999732971191,22856,0.0,0.0
2023-10-23 13:30:00-04:00,15.289999961853027,15.364999771118164,15.180000305175781,15.234999656677246,34944,0.0,0.0
2023-10-23 14:30:00-04:00,15.238200187683105,15.369999885559082,15.234999656677246,15.265000343322754,57465,0.0,0.0
2023-10-23 15:30:00-04:00,15.239999771118164,15.34000015258789,15.229999542236328,15.289999961853027,173731,0.0,0.0
2023-10-24 09:30:00-04:00,15.40999984741211,15.614999771118164,15.300000190734863,15.609999656677246,37733,0.0,0.0
2023-10-24 10:30:00-04:00,15.609999656677246,15.654999732971191,15.585000038146973,15.600000381469727,31171,0.0,0.0
2023-10-24 11:30:00-04:00,15.600000381469727,15.619999885559082,15.460000038146973,15.5,64135,0.0,0.0
2023-10-24 12:30:00-04:00,15.5,15.550000190734863,15.470000267028809,15.489999771118164,62464,0.0,0.0
2023-10-24 13:30:00-04:00,15.489999771118164,15.614999771118164,15.489999771118164,15.539999961853027,36020,0.0,0.0
2023-10-24 14:30:00-04:00,15.550000190734863,15.569999694824219,15.494999885559082,15.5600004196167,31556,0.0,0.0
2023-10-24 15:30:00-04:00,15.5600004196167,15.619999885559082,15.515000343322754,15.609999656677246,84684,0.0,0.0
2023-10-25 09:30:00-04:00,15.520000457763672,15.520000457763672,14.949999809265137,15.055000305175781,54818,0.0,0.0
2023-10-25 10:30:00-04:00,15.069999694824219,15.140000343322754,15.0,15.0600004196167,30832,0.0,0.0
2023-10-25 11:30:00-04:00,15.020000457763672,15.09000015258789,14.949999809265137,14.953200340270996,34366,0.0,0.0
2023-10-25 12:30:00-04:00,14.9399995803833,15.0201997756958,14.84000015258789,14.90999984741211,37126,0.0,0.0
2023-10-25 13:30:00-04:00,14.84000015258789,14.920000076293945,14.819999694824219,14.859999656677246,38628,0.0,0.0
2023-10-25 14:30:00-04:00,14.859999656677246,14.869999885559082,14.710000038146973,14.789999961853027,41086,0.0,0.0
2023-10-25 15:30:00-04:00,14.800000190734863,14.84000015258789,14.6899995803833,14.710000038146973,89480,0.0,0.0
2023-10-26 09:30:00-04:00,14.800000190734863,14.899999618530273,14.640399932861328,14.854999542236328,61478,0.0,0.0
2023-10-26 10:30:00-04:00,14.84000015258789,14.920000076293945,14.65999984741211,14.65999984741211,55468,0.0,0.0
2023-10-26 11:30:00-04:00,14.640000343322754,14.680000305175781,14.40999984741211,14.579999923706055,56386,0.0,0.0
2023-10-26 12:30:00-04:00,14.569999694824219,14.569999694824219,14.399999618530273,14.399999618530273,45895,0.0,0.0
2023-10-26 13:30:00-04:00,14.390000343322754,14.449999809265137,14.289999961853027,14.289999961853027,56179,0.0,0.0
2023-10-26 14:30:00-04:00,14.289999961853027,14.430000305175781,14.244999885559082,14.25,64692,0.0,0.0
2023-10-26 15:30:00-04:00,14.25,14.300000190734863,14.135000228881836,14.220000267028809,149600,0.0,0.0
2023-10-27 09:30:00-04:00,14.1899995803833,14.1899995803833,13.819999694824219,13.930000305175781,30601,0.0,0.0
2023-10-27 10:30:00-04:00,13.928999900817871,14.020000457763672,13.859999656677246,13.928000450134277,42918,0.0,0.0
2023-10-27 11:30:00-04:00,13.920000076293945,13.960000038146973,13.880000114440918,13.9399995803833,34224,0.0,0.0
2023-10-27 12:30:00-04:00,13.930000305175781,14.010000228881836,13.90999984741211,13.960000038146973,46806,0.0,0.0
2023-10-27 13:30:00-04:00,13.949999809265137,13.970000267028809,13.84000015258789,13.84000015258789,27394,0.0,0.0
2023-10-27 14:30:00-04:00,13.835000038146973,13.960000038146973,13.835000038146973,13.944999694824219,44030,0.0,0.0
2023-10-27 15:30:00-04:00,13.9399995803833,13.944999694824219,13.869999885559082,13.90999984741211,63970,0.0,0.0
2023-10-30 09:30:00-04:00,14.09000015258789,14.210000038146973,13.84000015258789,13.859999656677246,62821,0.0,0.0
2023-10-30 10:30:00-04:00,13.880000114440918,14.039999961853027,13.819999694824219,13.949999809265137,43373,0.0,0.0
2023-10-30 11:30:00-04:00,13.949999809265137,14.4350004196167,13.9350004196167,14.390000343322754,80000,0.0,0.0
2023-10-30 12:30:00-04:00,14.420000076293945,14.609999656677246,14.369999885559082,14.569999694824219,49556,0.0,0.0
2023-10-30 13:30:00-04:00,14.574999809265137,14.59000015258789,14.460000038146973,14.550000190734863,63304,0.0,0.0
2023-10-30 14:30:00-04:00,14.569999694824219,14.654999732971191,14.53499984741211,14.579999923706055,36641,0.0,0.0
2023-10-30 15:30:00-04:00,14.579999923706055,14.579999923706055,14.4399995803833,14.479999542236328,54872,0.0,0.0
2023-10-31 09:30:00-04:00,14.520000457763672,15.15999984741211,14.504300117492676,15.15999984741211,65882,0.0,0.0
2023-10-31 10:30:00-04:00,15.149999618530273,15.300000190734863,15.130000114440918,15.25,75559,0.0,0.0
2023-10-31 11:30:00-04:00,15.25,15.380000114440918,15.220000267028809,15.319999694824219,54477,0.0,0.0
2023-10-31 12:30:00-04:00,15.319999694824219,15.479999542236328,15.279999732971191,15.319999694824219,46382,0.0,0.0
2023-10-31 13:30:00-04:00,15.319999694824219,15.5600004196167,15.3100004196167,15.489999771118164,101719,0.0,0.0
2023-10-31 14:30:00-04:00,15.5,15.729999542236328,15.454999923706055,15.699999809265137,181556,0.0,0.0
2023-10-31 15:30:00-04:00,15.704999923706055,15.710000038146973,15.569999694824219,15.59000015258789,116695,0.0,0.0
2023-11-01 09:30:00-04:00,15.550000190734863,15.859999656677246,15.029999732971191,15.8149995803833,146036,0.0,0.0
2023-11-01 10:30:00-04:00,15.800000190734863,16.059999465942383,15.579999923706055,15.779999732971191,159406,0.0,0.0
2023-11-01 11:30:00-04:00,15.770000457763672,15.850000381469727,15.510000228881836,15.59000015258789,32856,0.0,0.0
2023-11-01 12:30:00-04:00,15.618000030517578,15.619999885559082,15.289999961853027,15.414999961853027,37765,0.0,0.0
2023-11-01 13:30:00-04:00,15.420000076293945,15.6899995803833,15.420000076293945,15.680000305175781,52306,0.0,0.0
2023-11-01 14:30:00-04:00,15.6899995803833,15.755000114440918,15.510000228881836,15.699999809265137,90728,0.0,0.0
2023-11-01 15:30:00-04:00,15.710000038146973,15.869999885559082,15.710000038146973,15.739999771118164,128029,0.0,0.0
2023-11-02 09:30:00-04:00,15.979999542236328,16.290000915527344,15.78499984741211,15.946999549865723,59598,0.0,0.0
2023-11-02 10:30:00-04:00,15.960000038146973,16.100000381469727,15.960000038146973,16.06999969482422,44498,0.0,0.0
2023-11-02 11:30:00-04:00,16.06999969482422,16.149999618530273,16.030000686645508,16.125,33905,0.0,0.0
2023-11-02 12:30:00-04:00,16.12619972229004,16.260000228881836,16.079999923706055,16.260000228881836,40108,0.0,0.0
2023-11-02 13:30:00-04:00,16.290000915527344,16.329999923706055,16.235000610351562,16.270000457763672,64308,0.0,0.0
2023-11-02 14:30:00-04:00,16.270000457763672,16.270000457763672,15.9399995803833,15.949999809265137,56554,0.0,0.0
2023-11-02 15:30:00-04:00,15.960000038146973,16.030000686645508,15.880000114440918,15.979999542236328,102276,0.0,0.0
2023-11-03 09:30:00-04:00,16.420000076293945,17.15999984741211,16.200000762939453,16.760000228881836,104968,0.0,0.0
2023-11-03 10:30:00-04:00,16.764999389648438,16.829999923706055,16.65999984741211,16.739999771118164,69016,0.0,0.0
2023-11-03 11:30:00-04:00,16.760000228881836,17.229999542236328,16.760000228881836,16.8700008392334,111646,0.0,0.0
2023-11-03 12:30:00-04:00,16.895000457763672,17.020000457763672,16.790000915527344,16.899999618530273,88682,0.0,0.0
2023-11-03 13:30:00-04:00,16.899999618530273,17.15999984741211,16.860000610351562,17.15999984741211,47903,0.0,0.0
2023-11-03 14:30:00-04:00,17.170000076293945,17.209999084472656,17.100000381469727,17.145000457763672,48924,0.0,0.0
2023-11-03 15:30:00-04:00,17.149999618530273,17.239999771118164,16.989999771118164,17.010000228881836,165564,0.0,0.0
2023-11-06 09:30:00-05:00,16.31999969482422,16.860000610351562,16.209999084472656,16.635000228881836,62692,0.0,0.0
2023-11-06 10:30:00-05:00,16.635000228881836,16.799999237060547,16.59000015258789,16.790000915527344,42267,0.0,0.0
2023-11-06 11:30:00-05:00,16.760000228881836,16.81999969482422,16.65999984741211,16.719999313354492,34334,0.0,0.0
2023-11-06 12:30:00-05:00,16.739999771118164,16.780000686645508,16.610000610351562,16.6299991607666,43157,0.0,0.0
2023-11-06 13:30:00-05:00,16.610000610351562,16.709999084472656,16.389999389648438,16.440000534057617,73885,0.0,0.0
2023-11-06 14:30:00-05:00,16.440000534057617,16.75,16.420000076293945,16.559999465942383,93930,0.0,0.0
2023-11-06 15:30:00-05:00,16.540000915527344,16.56999969482422,16.329999923706055,16.350000381469727,202982,0.0,0.0
2023-11-07 09:30:00-05:00,17.1200008392334,19.200000762939453,16.399999618530273,18.940000534057617,174875,0.0,0.0
2023-11-07 10:30:00-05:00,18.950000762939453,19.354999542236328,18.631399154663086,18.631399154663086,147221,0.0,0.0
2023-11-07 11:30:00-05:00,18.604999542236328,18.778900146484375,18.045000076293945,18.360000610351562,59872,0.0,0.0
2023-11-07 12:30:00-05:00,18.309999465942383,18.31999969482422,18.020000457763672,18.104999542236328,68407,0.0,0.0
2023-11-07 13:30:00-05:00,18.125,18.149999618530273,17.559999465942383,17.700000762939453,78083,0.0,0.0
2023-11-07 14:30:00-05:00,17.690000534057617,17.854999542236328,17.649999618530273,17.84000015258789,62560,0.0,0.0
2023-11-07 15:30:00-05:00,17.829999923706055,17.860000610351562,17.670000076293945,17.770000457763672,189673,0.0,0.0
2023-11-08 09:30:00-05:00,17.770000457763672,18.760000228881836,17.735000610351562,18.420000076293945,64795,0.0,0.0
2023-11-08 10:30:00-05:00,18.40999984741211,18.459999084472656,18.110000610351562,18.16010093688965,58640,0.0,0.0
2023-11-08 11:30:00-05:00,18.209999084472656,18.290000915527344,18.06999969482422,18.190000534057617,61069,0.0,0.0
2023-11-08 12:30:00-05:00,18.170000076293945,18.299999237060547,17.920000076293945,18.229999542236328,54816,0.0,0.0
2023-11-08 13:30:00-05:00,18.204299926757812,18.329999923706055,18.110000610351562,18.239999771118164,63695,0.0,0.0
2023-11-08 14:30:00-05:00,18.239999771118164,18.389999389648438,17.860000610351562,17.950000762939453,94752,0.0,0.0
2023-11-08 15:30:00-05:00,17.94499969482422,18.059999465942383,17.860000610351562,17.899999618530273,118988,0.0,0.0
2023-11-09 09:30:00-05:00,16.8799991607666,17.059999465942383,16.15999984741211,16.530000686645508,635135,0.0,0.0
2023-11-09 10:30:00-05:00,16.5314998626709,16.8799991607666,16.389999389648438,16.8799991607666,205905,0.0,0.0
2023-11-09 11:30:00-05:00,16.84000015258789,16.854999542236328,16.530000686645508,16.649999618530273,107018,0.0,0.0
2023-11-09 12:30:00-05:00,16.639999389648438,16.829999923706055,16.424999237060547,16.43000030517578,132355,0.0,0.0
2023-11-09 13:30:00-05:00,16.43000030517578,16.46500015258789,16.344999313354492,16.40999984741211,172386,0.0,0.0
2023-11-09 14:30:00-05:00,16.40999984741211,16.579999923706055,16.325000762939453,16.329999923706055,187255,0.0,0.0
2023-11-09 15:30:00-05:00,16.329999923706055,16.420000076293945,16.270000457763672,16.290000915527344,341239,0.0,0.0
2023-11-10 09:30:00-05:00,16.270000457763672,16.459999084472656,15.994999885559082,16.290000915527344,119629,0.0,0.0
2023-11-10 10:30:00-05:00,16.299999237060547,16.3700008392334,16.079999923706055,16.110000610351562,101640,0.0,0.0
2023-11-10 11:30:00-05:00,16.110000610351562,16.274999618530273,16.0,16.260000228881836,122582,0.0,0.0
2023-11-10 12:30:00-05:00,16.25,16.434999465942383,16.225000381469727,16.350000381469727,134520,0.0,0.0
2023-11-10 13:30:00-05:00,16.350000381469727,16.614999771118164,16.31999969482422,16.584999084472656,79962,0.0,0.0
2023-11-10 14:30:00-05:00,16.584999084472656,16.729999542236328,16.565000534057617,16.604999542236328,77054,0.0,0.0
2023-11-10 15:30:00-05:00,16.604999542236328,16.639999389648438,16.440000534057617,16.440000534057617,202285,0.0,0.0
2023-11-13 09:30:00-05:00,16.34000015258789,16.68000030517578,16.125,16.15999984741211,55639,0.0,0.0
2023-11-13 10:30:00-05:00,16.170000076293945,16.399999618530273,16.100000381469727,16.350000381469727,57800,0.0,0.0
2023-11-13 11:30:00-05:00,16.31999969482422,16.459999084472656,16.290000915527344,16.399999618530273,47368,0.0,0.0
2023-11-13 12:30:00-05:00,16.3799991607666,16.6200008392334,16.364999771118164,16.4950008392334,66456,0.0,0.0
2023-11-13 13:30:00-05:00,16.482999801635742,16.53499984741211,16.385000228881836,16.395000457763672,82639,0.0,0.0
2023-11-13 14:30:00-05:00,16.389999389648438,16.479999542236328,16.3700008392334,16.43000030517578,73829,0.0,0.0
2023-11-13 15:30:00-05:00,16.41029930114746,16.530000686645508,16.399999618530273,16.5,99846,0.0,0.0
2023-11-14 09:30:00-05:00,17.06999969482422,17.309999465942383,16.70199966430664,16.790000915527344,154141,0.0,0.0
2023-11-14 10:30:00-05:00,16.760000228881836,16.84000015258789,16.649999618530273,16.68000030517578,105956,0.0,0.0
2023-11-14 11:30:00-05:00,16.68000030517578,16.8700008392334,16.6299991607666,16.670000076293945,64224,0.0,0.0
2023-11-14 12:30:00-05:00,16.670000076293945,16.81999969482422,16.670000076293945,16.790000915527344,47154,0.0,0.0
2023-11-14 13:30:00-05:00,16.799999237060547,16.920000076293945,16.71500015258789,16.729999542236328,54503,0.0,0.0
2023-11-14 14:30:00-05:00,16.739999771118164,16.895000457763672,16.670000076293945,16.844999313354492,130549,0.0,0.0
2023-11-14 15:30:00-05:00,16.844999313354492,16.8700008392334,16.760000228881836,16.81999969482422,200798,0.0,0.0
2023-11-15 09:30:00-05:00,16.610000610351562,17.329999923706055,16.610000610351562,17.239999771118164,55149,0.0,0.0
2023-11-15 10:30:00-05:00,17.264999389648438,17.530000686645508,17.264999389648438,17.360000610351562,56337,0.0,0.0
2023-11-15 11:30:00-05:00,17.360000610351562,17.63800048828125,17.260000228881836,17.579999923706055,66439,0.0,0.0
2023-11-15 12:30:00-05:00,17.59000015258789,17.655000686645508,17.459999084472656,17.610000610351562,67908,0.0,0.0
2023-11-15 13:30:00-05:00,17.610000610351562,17.760000228881836,17.600000381469727,17.65019989013672,40954,0.0,0.0
2023-11-15 14:30:00-05:00,17.655000686645508,17.68000030517578,17.530000686645508,17.59000015258789,44237,0.0,0.0
2023-11-15 15:30:00-05:00,17.56999969482422,17.59000015258789,17.40999984741211,17.40999984741211,99760,0.0,0.0
2023-11-16 09:30:00-05:00,17.399999618530273,17.56999969482422,16.860000610351562,16.940000534057617,46581,0.0,0.0
2023-11-16 10:30:00-05:00,16.92300033569336,17.059999465942383,16.790000915527344,17.040000915527344,44399,0.0,0.0
2023-11-16 11:30:00-05:00,17.065000534057617,17.209999084472656,16.969999313354492,17.149999618530273,71225,0.0,0.0
2023-11-16 12:30:00-05:00,17.15999984741211,17.260000228881836,17.149999618530273,17.239999771118164,54952,0.0,0.0
2023-11-16 13:30:00-05:00,17.235000610351562,17.309999465942383,17.200000762939453,17.309999465942383,46419,0.0,0.0
2023-11-16 14:30:00-05:00,17.309999465942383,17.389999389648438,17.209999084472656,17.229999542236328,59487,0.0,0.0
2023-11-16 15:30:00-05:00,17.219999313354492,17.270000457763672,17.149999618530273,17.239999771118164,92247,0.0,0.0
2023-11-17 09:30:00-05:00,17.43000030517578,17.6299991607666,16.799999237060547,17.600000381469727,116710,0.0,0.0
2023-11-17 10:30:00-05:00,17.549999237060547,17.780000686645508,17.524999618530273,17.700000762939453,62863,0.0,0.0
2023-11-17 11:30:00-05:00,17.700000762939453,17.850000381469727,17.649999618530273,17.795000076293945,53641,0.0,0.0
2023-11-17 12:30:00-05:00,17.799999237060547,17.889999389648438,17.75,17.809999465942383,53964,0.0,0.0
2023-11-17 13:30:00-05:00,17.81999969482422,17.88800048828125,17.655000686645508,17.700000762939453,71532,0.0,0.0
2023-11-17 14:30:00-05:00,17.700000762939453,17.760000228881836,17.600000381469727,17.68000030517578,73222,0.0,0.0
2023-11-17 15:30:00-05:00,17.68000030517578,17.8799991607666,17.641700744628906,17.860000610351562,183102,0.0,0.0
2023-11-20 09:30:00-05:00,18.0,18.280000686645508,17.709999084472656,18.2450008392334,66033,0.0,0.0
2023-11-20 10:30:00-05:00,18.209999084472656,18.219999313354492,18.045000076293945,18.110000610351562,77997,0.0,0.0
2023-11-20 11:30:00-05:00,18.110000610351562,18.219999313354492,18.09000015258789,18.139999389648438,45785,0.0,0.0
2023-11-20 12:30:00-05:00,18.149999618530273,18.190000534057617,18.00029945373535,18.00029945373535,49296,0.0,0.0
2023-11-20 13:30:00-05:00,17.979999542236328,18.100000381469727,17.915000915527344,18.020000457763672,43131,0.0,0.0
2023-11-20 14:30:00-05:00,18.030000686645508,18.139999389648438,18.010000228881836,18.079999923706055,44939,0.0,0.0
2023-11-20 15:30:00-05:00,18.06999969482422,18.09000015258789,18.020000457763672,18.079999923706055,88947,0.0,0.0
2023-11-21 09:30:00-05:00,17.81999969482422,17.989900588989258,17.612899780273438,17.790000915527344,54046,0.0,0.0
2023-11-21 10:30:00-05:00,17.81999969482422,17.90999984741211,17.690000534057617,17.780000686645508,75800,0.0,0.0
2023-11-21 11:30:00-05:00,17.770000457763672,17.790000915527344,17.700000762939453,17.770000457763672,38464,0.0,0.0
2023-11-21 12:30:00-05:00,17.780000686645508,17.799999237060547,17.59000015258789,17.649999618530273,28401,0.0,0.0
2023-11-21 13:30:00-05:00,17.639999389648438,17.65999984741211,17.469999313354492,17.6200008392334,55318,0.0,0.0
2023-11-21 14:30:00-05:00,17.6200008392334,17.670000076293945,17.540000915527344,17.6200008392334,53751,0.0,0.0
2023-11-21 15:30:00-05:00,17.59000015258789,17.59000015258789,17.459999084472656,17.469999313354492,99579,0.0,0.0
2023-11-22 09:30:00-05:00,17.760000228881836,17.889999389648438,17.540000915527344,17.71500015258789,60116,0.0,0.0
2023-11-22 10:30:00-05:00,17.729999542236328,17.860000610351562,17.600000381469727,17.600000381469727,116901,0.0,0.0
2023-11-22 11:30:00-05:00,17.639999389648438,17.790000915527344,17.59000015258789,17.59000015258789,44505,0.0,0.0
2023-11-22 12:30:00-05:00,17.59000015258789,17.719999313354492,17.59000015258789,17.719999313354492,26717,0.0,0.0
2023-11-22 13:30:00-05:00,17.710100173950195,17.739999771118164,17.665000915527344,17.690000534057617,28442,0.0,0.0
2023-11-22 14:30:00-05:00,17.68000030517578,17.690000534057617,17.540000915527344,17.690000534057617,42581,0.0,0.0
2023-11-22 15:30:00-05:00,17.700000762939453,17.709999084472656,17.639999389648438,17.700000762939453,67963,0.0,0.0
2023-11-24 09:30:00-05:00,17.729999542236328,17.885000228881836,17.524999618530273,17.719999313354492,51752,0.0,0.0
2023-11-24 10:30:00-05:00,17.719999313354492,17.950000762939453,17.71500015258789,17.885000228881836,34815,0.0,0.0
2023-11-24 11:30:00-05:00,17.876800537109375,17.940000534057617,17.815000534057617,17.885000228881836,26087,0.0,0.0
2023-11-27 09:30:00-05:00,17.920000076293945,18.0,17.530000686645508,17.790000915527344,65141,0.0,0.0
2023-11-27 10:30:00-05:00,17.788999557495117,17.920000076293945,17.739999771118164,17.790000915527344,43311,0.0,0.0
2023-11-27 11:30:00-05:00,17.795000076293945,18.020000457763672,17.760000228881836,17.989999771118164,48946,0.0,0.0
2023-11-27 12:30:00-05:00,18.0,18.139999389648438,17.989999771118164,18.079999923706055,44474,0.0,0.0
2023-11-27 13:30:00-05:00,18.079999923706055,18.139999389648438,18.040000915527344,18.040000915527344,48872,0.0,0.0
2023-11-27 14:30:00-05:00,18.059999465942383,18.18000030517578,18.059999465942383,18.139999389648438,57053,0.0,0.0
2023-11-27 15:30:00-05:00,18.149999618530273,18.15999984741211,18.0,18.020000457763672,75449,0.0,0.0
2023-11-28 09:30:00-05:00,18.0,18.34000015258789,17.770000457763672,18.190000534057617,71375,0.0,0.0
2023-11-28 10:30:00-05:00,18.190000534057617,18.7549991607666,18.190000534057617,18.739999771118164,114724,0.0,0.0
2023-11-28 11:30:00-05:00,18.75,18.950000762939453,18.704999923706055,18.860000610351562,91552,0.0,0.0
2023-11-28 12:30:00-05:00,18.84000015258789,18.889999389648438,18.600000381469727,18.719999313354492,94526,0.0,0.0
2023-11-28 13:30:00-05:00,18.725000381469727,18.799999237060547,18.649999618530273,18.719999313354492,54629,0.0,0.0
2023-11-28 14:30:00-05:00,18.729999542236328,18.799999237060547,18.649999618530273,18.709999084472656,68476,0.0,0.0
2023-11-28 15:30:00-05:00,18.709999084472656,18.729999542236328,18.600000381469727,18.65999984741211,98442,0.0,0.0
2023-11-29 09:30:00-05:00,18.799999237060547,19.8799991607666,18.799999237060547,19.260000228881836,125423,0.0,0.0
2023-11-29 10:30:00-05:00,19.260000228881836,19.274999618530273,19.094999313354492,19.139999389648438,59212,0.0,0.0
2023-11-29 11:30:00-05:00,19.145000457763672,19.3799991607666,19.094999313354492,19.274999618530273,82085,0.0,0.0
2023-11-29 12:30:00-05:00,19.260000228881836,19.280000686645508,19.110000610351562,19.135000228881836,41844,0.0,0.0
2023-11-29 13:30:00-05:00,19.110000610351562,19.200000762939453,19.049999237060547,19.170000076293945,54772,0.0,0.0
2023-11-29 14:30:00-05:00,19.170000076293945,19.174999237060547,19.079999923706055,19.170000076293945,47846,0.0,0.0
2023-11-29 15:30:00-05:00,19.190000534057617,19.260000228881836,19.075000762939453,19.239999771118164,137802,0.0,0.0
2023-11-30 09:30:00-05:00,19.549999237060547,19.670000076293945,19.079999923706055,19.25,64275,0.0,0.0
2023-11-30 10:30:00-05:00,19.25,19.34000015258789,19.170000076293945,19.264999389648438,75289,0.0,0.0
2023-11-30 11:30:00-05:00,19.190000534057617,19.209999084472656,19.030000686645508,19.030000686645508,37392,0.0,0.0
2023-11-30 12:30:00-05:00,19.040000915527344,19.239999771118164,19.03499984741211,19.155000686645508,33375,0.0,0.0
2023-11-30 13:30:00-05:00,19.145000457763672,19.260000228881836,19.145000457763672,19.219999313354492,39931,0.0,0.0
2023-11-30 14:30:00-05:00,19.219999313354492,19.30500030517578,19.0,19.040000915527344,57679,0.0,0.0
2023-11-30 15:30:00-05:00,19.049999237060547,19.1200008392334,18.979999542236328,19.079999923706055,75324,0.0,0.0
2023-12-01 09:30:00-05:00,19.15999984741211,19.28499984741211,18.610000610351562,19.139999389648438,71758,0.0,0.0
2023-12-01 10:30:00-05:00,19.110000610351562,19.280000686645508,19.010000228881836,19.239999771118164,64460,0.0,0.0
2023-12-01 11:30:00-05:00,19.219999313354492,19.25,19.1299991607666,19.15999984741211,43022,0.0,0.0
2023-12-01 12:30:00-05:00,19.135000228881836,19.229999542236328,19.020000457763672,19.030000686645508,42421,0.0,0.0
2023-12-01 13:30:00-05:00,19.021499633789062,19.15999984741211,18.979999542236328,18.979999542236328,35590,0.0,0.0
2023-12-01 14:30:00-05:00,18.981399536132812,19.09000015258789,18.90999984741211,19.08799934387207,50316,0.0,0.0
2023-12-01 15:30:00-05:00,19.09000015258789,19.25,19.059999465942383,19.239999771118164,120793,0.0,0.0
2023-12-04 09:30:00-05:00,18.780000686645508,19.030000686645508,18.489999771118164,18.545000076293945,116700,0.0,0.0
2023-12-04 10:30:00-05:00,18.56999969482422,18.709999084472656,18.479999542236328,18.639999389648438,63256,0.0,0.0
2023-12-04 11:30:00-05:00,18.639999389648438,18.719999313354492,18.520000457763672,18.639999389648438,61516,0.0,0.0
2023-12-04 12:30:00-05:00,18.649999618530273,18.690000534057617,18.440000534057617,18.440000534057617,65866,0.0,0.0
2023-12-04 13:30:00-05:00,18.43000030517578,18.475000381469727,18.31999969482422,18.329999923706055,69326,0.0,0.0
2023-12-04 14:30:00-05:00,18.329999923706055,18.55500030517578,18.329999923706055,18.509000778198242,82846,0.0,0.0
2023-12-04 15:30:00-05:00,18.520000457763672,18.6200008392334,18.489999771118164,18.600000381469727,121673,0.0,0.0
2023-12-05 09:30:00-05:00,18.3700008392334,18.450000762939453,18.139999389648438,18.170000076293945,44312,0.0,0.0
2023-12-05 10:30:00-05:00,18.17099952697754,18.295000076293945,18.149999618530273,18.280000686645508,66938,0.0,0.0
2023-12-05 11:30:00-05:00,18.264999389648438,18.309999465942383,18.100000381469727,18.219999313354492,53130,0.0,0.0
2023-12-05 12:30:00-05:00,18.209999084472656,18.55500030517578,18.135000228881836,18.469999313354492,59977,0.0,0.0
2023-12-05 13:30:00-05:00,18.46500015258789,18.62070083618164,18.360000610351562,18.360000610351562,50921,0.0,0.0
2023-12-05 14:30:00-05:00,18.375,18.38249969482422,18.270000457763672,18.315000534057617,48456,0.0,0.0
2023-12-05 15:30:00-05:00,18.309999465942383,18.31999969482422,18.170000076293945,18.280000686645508,81100,0.0,0.0
2023-12-06 09:30:00-05:00,18.399999618530273,18.469999313354492,18.200000762939453,18.354299545288086,43625,0.0,0.0
2023-12-06 10:30:00-05:00,18.360000610351562,18.56999969482422,18.360000610351562,18.510000228881836,36034,0.0,0.0
2023-12-06 11:30:00-05:00,18.530000686645508,18.5393009185791,18.299999237060547,18.329999923706055,43467,0.0,0.0
2023-12-06 12:30:00-05:00,18.309999465942383,18.309999465942383,18.219999313354492,18.299999237060547,48003,0.0,0.0
2023-12-06 13:30:00-05:00,18.290000915527344,18.31999969482422,18.200000762939453,18.200000762939453,48396,0.0,0.0
2023-12-06 14:30:00-05:00,18.19499969482422,18.2450008392334,18.03499984741211,18.03499984741211,52492,0.0,0.0
2023-12-06 15:30:00-05:00,18.030000686645508,18.040000915527344,17.94499969482422,17.959999084472656,97350,0.0,0.0
2023-12-07 09:30:00-05:00,17.979999542236328,18.270000457763672,17.885000228881836,17.899999618530273,51068,0.0,0.0
2023-12-07 10:30:00-05:00,17.8799991607666,18.020000457763672,17.799999237060547,17.959999084472656,51418,0.0,0.0
2023-12-07 11:30:00-05:00,17.969999313354492,18.149999618530273,17.950000762939453,18.079999923706055,54609,0.0,0.0
2023-12-07 12:30:00-05:00,18.09000015258789,18.290000915527344,18.079999923706055,18.239999771118164,50170,0.0,0.0
2023-12-07 13:30:00-05:00,18.239999771118164,18.34000015258789,18.239999771118164,18.31999969482422,41854,0.0,0.0
2023-12-07 14:30:00-05:00,18.31999969482422,18.3700008392334,18.260000228881836,18.3700008392334,61249,0.0,0.0
2023-12-07 15:30:00-05:00,18.3799991607666,18.440000534057617,18.34000015258789,18.389999389648438,98468,0.0,0.0
2023-12-08 09:30:00-05:00,18.229999542236328,19.020000457763672,17.860000610351562,18.81999969482422,63609,0.0,0.0
2023-12-08 10:30:00-05:00,18.826499938964844,18.860000610351562,18.489999771118164,18.556900024414062,30793,0.0,0.0
2023-12-08 11:30:00-05:00,18.559999465942383,18.639999389648438,18.469999313354492,18.545000076293945,36684,0.0,0.0
2023-12-08 12:30:00-05:00,18.54990005493164,18.6200008392334,18.489999771118164,18.530000686645508,32683,0.0,0.0
2023-12-08 13:30:00-05:00,18.530000686645508,18.59000015258789,18.479999542236328,18.59000015258789,33364,0.0,0.0
2023-12-08 14:30:00-05:00,18.59000015258789,18.6299991607666,18.5,18.540000915527344,38148,0.0,0.0
2023-12-08 15:30:00-05:00,18.540000915527344,18.579999923706055,18.4950008392334,18.510000228881836,129204,0.0,0.0
2023-12-11 09:30:00-05:00,18.40999984741211,18.670000076293945,17.799999237060547,18.530000686645508,83880,0.0,0.0
2023-12-11 10:30:00-05:00,18.530000686645508,18.711999893188477,18.459999084472656,18.611000061035156,44818,0.0,0.0
2023-12-11 11:30:00-05:00,18.6200008392334,18.690000534057617,18.549999237060547,18.602500915527344,30325,0.0,0.0
2023-12-11 12:30:00-05:00,18.614999771118164,18.770000457763672,18.530000686645508,18.770000457763672,48344,0.0,0.0
2023-12-11 13:30:00-05:00,18.764999389648438,18.989999771118164,18.709999084472656,18.969999313354492,44243,0.0,0.0
2023-12-11 14:30:00-05:00,18.954999923706055,19.059999465942383,18.940000534057617,18.969999313354492,64001,0.0,0.0
2023-12-11 15:30:00-05:00,18.959999084472656,19.06999969482422,18.95009994506836,19.059999465942383,97569,0.0,0.0
2023-12-12 09:30:00-05:00,19.1200008392334,19.1200008392334,18.760000228881836,19.059999465942383,39906,0.0,0.0
2023-12-12 10:30:00-05:00,19.06999969482422,19.344999313354492,19.020000457763672,19.239999771118164,104800,0.0,0.0
2023-12-12 11:30:00-05:00,19.239999771118164,19.280000686645508,18.8700008392334,18.989999771118164,78074,0.0,0.0
2023-12-12 12:30:00-05:00,18.986099243164062,19.119800567626953,18.940000534057617,19.119800567626953,56716,0.0,0.0
2023-12-12 13:30:00-05:00,19.1200008392334,19.170000076293945,19.010000228881836,19.030000686645508,59457,0.0,0.0
2023-12-12 14:30:00-05:00,19.024999618530273,19.049999237060547,18.78499984741211,19.010000228881836,54191,0.0,0.0
2023-12-12 15:30:00-05:00,19.0,19.05500030517578,18.90999984741211,19.049999237060547,93067,0.0,0.0
2023-12-13 09:30:00-05:00,19.68000030517578,19.799999237060547,19.309999465942383,19.35919952392578,101832,0.0,0.0
2023-12-13 10:30:00-05:00,19.350000381469727,19.579999923706055,19.299999237060547,19.469999313354492,58730,0.0,0.0
2023-12-13 11:30:00-05:00,19.469999313354492,19.5,19.295000076293945,19.329999923706055,58932,0.0,0.0
2023-12-13 12:30:00-05:00,19.329999923706055,19.3700008392334,19.229999542236328,19.280000686645508,40201,0.0,0.0
2023-12-13 13:30:00-05:00,19.290000915527344,19.979999542236328,19.270000457763672,19.959999084472656,72285,0.0,0.0
2023-12-13 14:30:00-05:00,19.979999542236328,20.520000457763672,19.8799991607666,20.420000076293945,104684,0.0,0.0
2023-12-13 15:30:00-05:00,20.440000534057617,20.920000076293945,20.420000076293945,20.8700008392334,177048,0.0,0.0
2023-12-14 09:30:00-05:00,21.399999618530273,22.15999984741211,21.079999923706055,21.780000686645508,118072,0.0,0.0
2023-12-14 10:30:00-05:00,21.790000915527344,21.790000915527344,21.46500015258789,21.520000457763672,74843,0.0,0.0
2023-12-14 11:30:00-05:00,21.5,22.010000228881836,21.5,22.010000228881836,78529,0.0,0.0
2023-12-14 12:30:00-05:00,22.0,22.049999237060547,21.125,21.1299991607666,96601,0.0,0.0
2023-12-14 13:30:00-05:00,21.1299991607666,21.25,20.982500076293945,21.059999465942383,75540,0.0,0.0
2023-12-14 14:30:00-05:00,21.049999237060547,21.299999237060547,21.0,21.235000610351562,79369,0.0,0.0
2023-12-14 15:30:00-05:00,21.260000228881836,21.290000915527344,21.108600616455078,21.2450008392334,142869,0.0,0.0
2023-12-15 09:30:00-05:00,21.479999542236328,21.600000381469727,20.280000686645508,20.43000030517578,283974,0.0,0.0
2023-12-15 10:30:00-05:00,20.399999618530273,20.780000686645508,20.270000457763672,20.459999084472656,110337,0.0,0.0
2023-12-15 11:30:00-05:00,20.46500015258789,20.81999969482422,20.450000762939453,20.600000381469727,67789,0.0,0.0
2023-12-15 12:30:00-05:00,20.59000015258789,20.610000610351562,20.190000534057617,20.34000015258789,49086,0.0,0.0
2023-12-15 13:30:00-05:00,20.354999542236328,20.450000762939453,20.190000534057617,20.440000534057617,48549,0.0,0.0
2023-12-15 14:30:00-05:00,20.450000762939453,20.670000076293945,20.440000534057617,20.6299991607666,61975,0.0,0.0
2023-12-15 15:30:00-05:00,20.649999618530273,20.780000686645508,20.600000381469727,20.729999542236328,114127,0.0,0.0
2023-12-18 09:30:00-05:00,20.889999389648438,20.889999389648438,20.29520034790039,20.389999389648438,52513,0.0,0.0
2023-12-18 10:30:00-05:00,20.3700008392334,20.5,20.270000457763672,20.459999084472656,48283,0.0,0.0
2023-12-18 11:30:00-05:00,20.450000762939453,20.594999313354492,20.329999923706055,20.5,43614,0.0,0.0
2023-12-18 12:30:00-05:00,20.530000686645508,20.649999618530273,20.46500015258789,20.479999542236328,34090,0.0,0.0
2023-12-18 13:30:00-05:00,20.479999542236328,20.5,20.330299377441406,20.475000381469727,39263,0.0,0.0
2023-12-18 14:30:00-05:00,20.450000762939453,20.639999389648438,20.440000534057617,20.545000076293945,34245,0.0,0.0
2023-12-18 15:30:00-05:00,20.545000076293945,20.559999465942383,20.440000534057617,20.450000762939453,69710,0.0,0.0
2023-12-19 09:30:00-05:00,20.360000610351562,20.959999084472656,20.09000015258789,20.81999969482422,68472,0.0,0.0
2023-12-19 10:30:00-05:00,20.860000610351562,21.059999465942383,20.84000015258789,20.985000610351562,56089,0.0,0.0
2023-12-19 11:30:00-05:00,20.985000610351562,21.009700775146484,20.81999969482422,20.829999923706055,43927,0.0,0.0
2023-12-19 12:30:00-05:00,20.829999923706055,20.850000381469727,20.739999771118164,20.829999923706055,42594,0.0,0.0
2023-12-19 13:30:00-05:00,20.84000015258789,21.09000015258789,20.809999465942383,21.06999969482422,43613,0.0,0.0
2023-12-19 14:30:00-05:00,21.059999465942383,21.299999237060547,21.040000915527344,21.25,40858,0.0,0.0
2023-12-19 15:30:00-05:00,21.2549991607666,21.34000015258789,21.239999771118164,21.31999969482422,84396,0.0,0.0
2023-12-20 09:30:00-05:00,21.229999542236328,21.350000381469727,20.350000381469727,21.229999542236328,51495,0.0,0.0
2023-12-20 10:30:00-05:00,21.25,21.420000076293945,21.06999969482422,21.06999969482422,74263,0.0,0.0
2023-12-20 11:30:00-05:00,21.09000015258789,21.1200008392334,20.93000030517578,21.040000915527344,58949,0.0,0.0
2023-12-20 12:30:00-05:00,21.040000915527344,21.1299991607666,20.979999542236328,21.049999237060547,43456,0.0,0.0
2023-12-20 13:30:00-05:00,21.069299697875977,21.239999771118164,21.0,21.059999465942383,52558,0.0,0.0
2023-12-20 14:30:00-05:00,21.059999465942383,21.059999465942383,20.56999969482422,20.579999923706055,54535,0.0,0.0
2023-12-20 15:30:00-05:00,20.579999923706055,20.600000381469727,20.280000686645508,20.31999969482422,119685,0.0,0.0
2023-12-21 09:30:00-05:00,19.719999313354492,20.579999923706055,19.510000228881836,20.31999969482422,79730,0.0,0.0
2023-12-21 10:30:00-05:00,20.31999969482422,20.459999084472656,20.31999969482422,20.354999542236328,45360,0.0,0.0
2023-12-21 11:30:00-05:00,20.360000610351562,20.3799991607666,20.09000015258789,20.09000015258789,41656,0.0,0.0
2023-12-21 12:30:00-05:00,20.100000381469727,20.299999237060547,20.100000381469727,20.280000686645508,50103,0.0,0.0
2023-12-21 13:30:00-05:00,20.299999237060547,20.549999237060547,20.299999237060547,20.43000030517578,55059,0.0,0.0
2023-12-21 14:30:00-05:00,20.389999389648438,20.489999771118164,20.309999465942383,20.479999542236328,44868,0.0,0.0
2023-12-21 15:30:00-05:00,20.489999771118164,20.489999771118164,20.3799991607666,20.43000030517578,114793,0.0,0.0
2023-12-22 09:30:00-05:00,20.739999771118164,20.950000762939453,20.43000030517578,20.780000686645508,68080,0.0,0.0
2023-12-22 10:30:00-05:00,20.799999237060547,20.820100784301758,20.475000381469727,20.530000686645508,47459,0.0,0.0
2023-12-22 11:30:00-05:00,20.540000915527344,20.610000610351562,20.469999313354492,20.59000015258789,54687,0.0,0.0
2023-12-22 12:30:00-05:00,20.579999923706055,20.600000381469727,20.405000686645508,20.420000076293945,42440,0.0,0.0
2023-12-22 13:30:00-05:00,20.420000076293945,20.479999542236328,20.239999771118164,20.25,47773,0.0,0.0
2023-12-22 14:30:00-05:00,20.229999542236328,20.399999618530273,20.209999084472656,20.31999969482422,73591,0.0,0.0
2023-12-22 15:30:00-05:00,20.329999923706055,20.40999984741211,20.25,20.290000915527344,138266,0.0,0.0
2023-12-26 09:30:00-05:00,20.540000915527344,20.829999923706055,20.194400787353516,20.5049991607666,31882,0.0,0.0
2023-12-26 10:30:00-05:00,20.489999771118164,20.549999237060547,20.34000015258789,20.389999389648438,42126,0.0,0.0
2023-12-26 11:30:00-05:00,20.381500244140625,20.530000686645508,20.280000686645508,20.479999542236328,36887,0.0,0.0
2023-12-26 12:30:00-05:00,20.489999771118164,20.510000228881836,20.329999923706055,20.420000076293945,29083,0.0,0.0
2023-12-26 13:30:00-05:00,20.420000076293945,20.450000762939453,20.375,20.420000076293945,41905,0.0,0.0
2023-12-26 14:30:00-05:00,20.415000915527344,20.690000534057617,20.395000457763672,20.670000076293945,55007,0.0,0.0
2023-12-26 15:30:00-05:00,20.690000534057617,20.729999542236328,20.350000381469727,20.3700008392334,152688,0.0,0.0
2023-12-27 09:30:00-05:00,20.3799991607666,20.5,20.1200008392334,20.209999084472656,43506,0.0,0.0
2023-12-27 10:30:00-05:00,20.1299991607666,20.1299991607666,19.889999389648438,19.93000030517578,36960,0.0,0.0
2023-12-27 11:30:00-05:00,19.920000076293945,19.950000762939453,19.809999465942383,19.809999465942383,34496,0.0,0.0
2023-12-27 12:30:00-05:00,19.799999237060547,19.969999313354492,19.690000534057617,19.899999618530273,62465,0.0,0.0
2023-12-27 13:30:00-05:00,19.8799991607666,19.93000030517578,19.704999923706055,19.80500030517578,38250,0.0,0.0
2023-12-27 14:30:00-05:00,19.790000915527344,19.81999969482422,19.670000076293945,19.729999542236328,35223,0.0,0.0
2023-12-27 15:30:00-05:00,19.709999084472656,19.799999237060547,19.700000762939453,19.780000686645508,79140,0.0,0.0
2023-12-28 09:30:00-05:00,19.68000030517578,19.809999465942383,19.510000228881836,19.579999923706055,44360,0.0,0.0
2023-12-28 10:30:00-05:00,19.56999969482422,19.56999969482422,19.31999969482422,19.389999389648438,53711,0.0,0.0
2023-12-28 11:30:00-05:00,19.3799991607666,19.489999771118164,19.239999771118164,19.469999313354492,76966,0.0,0.0
2023-12-28 12:30:00-05:00,19.489999771118164,19.559999465942383,19.399999618530273,19.540000915527344,35614,0.0,0.0
2023-12-28 13:30:00-05:00,19.530000686645508,19.540000915527344,19.420000076293945,19.520000457763672,35990,0.0,0.0
2023-12-28 14:30:00-05:00,19.539899826049805,19.540000915527344,19.40999984741211,19.43000030517578,127466,0.0,0.0
2023-12-28 15:30:00-05:00,19.43000030517578,19.719999313354492,19.40999984741211,19.709999084472656,194820,0.0,0.0
2023-12-29 09:30:00-05:00,19.739999771118164,19.739999771118164,19.329999923706055,19.334999084472656,71790,0.0,0.0
2023-12-29 10:30:00-05:00,19.34000015258789,19.399999618530273,19.0,19.110000610351562,84506,0.0,0.0
2023-12-29 11:30:00-05:00,19.110000610351562,19.202899932861328,19.079999923706055,19.1299991607666,34648,0.0,0.0
2023-12-29 12:30:00-05:00,19.135000228881836,19.200000762939453,19.1200008392334,19.1299991607666,35208,0.0,0.0
2023-12-29 13:30:00-05:00,19.1200008392334,19.219999313354492,19.09000015258789,19.139999389648438,50847,0.0,0.0
2023-12-29 14:30:00-05:00,19.170000076293945,19.170000076293945,19.020000457763672,19.079999923706055,52089,0.0,0.0
2023-12-29 15:30:00-05:00,19.06999969482422,19.260000228881836,19.059999465942383,19.1299991607666,105869,0.0,0.0
2024-01-02 09:30:00-05:00,18.8799991607666,19.670000076293945,18.719999313354492,19.264999389648438,58663,0.0,0.0
2024-01-02 10:30:00-05:00,19.280000686645508,19.309999465942383,19.09000015258789,19.270000457763672,32762,0.0,0.0
2024-01-02 11:30:00-05:00,19.235000610351562,19.43000030517578,19.219999313354492,19.309999465942383,50464,0.0,0.0
2024-01-02 12:30:00-05:00,19.329999923706055,19.440000534057617,19.059999465942383,19.059999465942383,44676,0.0,0.0
2024-01-02 13:30:00-05:00,19.059999465942383,19.139999389648438,18.979999542236328,19.079999923706055,46840,0.0,0.0
2024-01-02 14:30:00-05:00,19.079999923706055,19.079999923706055,18.84000015258789,18.940000534057617,71551,0.0,0.0
2024-01-02 15:30:00-05:00,18.940000534057617,19.040000915527344,18.860000610351562,19.0,94558,0.0,0.0
2024-01-03 09:30:00-05:00,18.809999465942383,18.809999465942383,18.3799991607666,18.5,85403,0.0,0.0
2024-01-03 10:30:00-05:00,18.489999771118164,18.579999923706055,18.3700008392334,18.489999771118164,80580,0.0,0.0
2024-01-03 11:30:00-05:00,18.5,18.5,18.329999923706055,18.450000762939453,36822,0.0,0.0
2024-01-03 12:30:00-05:00,18.459999084472656,18.614999771118164,18.434999465942383,18.434999465942383,97175,0.0,0.0
2024-01-03 13:30:00-05:00,18.420000076293945,18.424999237060547,18.195999145507812,18.424999237060547,43127,0.0,0.0
2024-01-03 14:30:00-05:00,18.43000030517578,18.450000762939453,18.030000686645508,18.06999969482422,60255,0.0,0.0
2024-01-03 15:30:00-05:00,18.079999923706055,18.200000762939453,18.079999923706055,18.1200008392334,85693,0.0,0.0
2024-01-04 09:30:00-05:00,18.149999618530273,18.313100814819336,17.829999923706055,17.84000015258789,39528,0.0,0.0
2024-01-04 10:30:00-05:00,17.81999969482422,18.149999618530273,17.81999969482422,18.059999465942383,70706,0.0,0.0
2024-01-04 11:30:00-05:00,18.06999969482422,18.1299991607666,17.850000381469727,18.010000228881836,43703,0.0,0.0
2024-01-04 12:30:00-05:00,18.0,18.010000228881836,17.93239974975586,17.971099853515625,34688,0.0,0.0
2024-01-04 13:30:00-05:00,17.989999771118164,18.059999465942383,17.940000534057617,17.940000534057617,54466,0.0,0.0
2024-01-04 14:30:00-05:00,17.93000030517578,18.010000228881836,17.829999923706055,17.950000762939453,37811,0.0,0.0
2024-01-04 15:30:00-05:00,17.94499969482422,18.0,17.889999389648438,17.889999389648438,80213,0.0,0.0
2024-01-05 09:30:00-05:00,17.700000762939453,17.780000686645508,17.399999618530273,17.649999618530273,71867,0.0,0.0
2024-01-05 10:30:00-05:00,17.639999389648438,17.75,17.469999313354492,17.469999313354492,49610,0.0,0.0
2024-01-05 11:30:00-05:00,17.479999542236328,17.589099884033203,17.459999084472656,17.489999771118164,46951,0.0,0.0
2024-01-05 12:30:00-05:00,17.479999542236328,17.540000915527344,17.3700008392334,17.540000915527344,51206,0.0,0.0
2024-01-05 13:30:00-05:00,17.56999969482422,17.75,17.559999465942383,17.639999389648438,66041,0.0,0.0
2024-01-05 14:30:00-05:00,17.639999389648438,17.65999984741211,17.479999542236328,17.559999465942383,60929,0.0,0.0
2024-01-05 15:30:00-05:00,17.549999237060547,17.6200008392334,17.530000686645508,17.59000015258789,90746,0.0,0.0
2024-01-08 09:30:00-05:00,17.469999313354492,17.6299991607666,17.18000030517578,17.610000610351562,72960,0.0,0.0
2024-01-08 10:30:00-05:00,17.6200008392334,17.829999923706055,17.59000015258789,17.75510025024414,63603,0.0,0.0
2024-01-08 11:30:00-05:00,17.760000228881836,17.8700008392334,17.729999542236328,17.760000228881836,56937,0.0,0.0
2024-01-08 12:30:00-05:00,17.760000228881836,17.850000381469727,17.726999282836914,17.790000915527344,47851,0.0,0.0
2024-01-08 13:30:00-05:00,17.799999237060547,17.979999542236328,17.760000228881836,17.975000381469727,70971,0.0,0.0
2024-01-08 14:30:00-05:00,17.979999542236328,18.06999969482422,17.975000381469727,18.05900001525879,54145,0.0,0.0
2024-01-08 15:30:00-05:00,18.045000076293945,18.149999618530273,18.024999618530273,18.1299991607666,133295,0.0,0.0
2024-01-09 09:30:00-05:00,17.799999237060547,18.135000228881836,17.799999237060547,18.09000015258789,55774,0.0,0.0
2024-01-09 10:30:00-05:00,18.079999923706055,18.350000381469727,18.06999969482422,18.350000381469727,53155,0.0,0.0
2024-01-09 11:30:00-05:00,18.380699157714844,18.440000534057617,18.260000228881836,18.290000915527344,41966,0.0,0.0
2024-01-09 12:30:00-05:00,18.299800872802734,18.389999389648438,18.18000030517578,18.18000030517578,34766,0.0,0.0
2024-01-09 13:30:00-05:00,18.15999984741211,18.239999771118164,18.139999389648438,18.190000534057617,40925,0.0,0.0
2024-01-09 14:30:00-05:00,18.209999084472656,18.25,18.100000381469727,18.235000610351562,41480,0.0,0.0
2024-01-09 15:30:00-05:00,18.229999542236328,18.229999542236328,18.059999465942383,18.06999969482422,86262,0.0,0.0
2024-01-10 09:30:00-05:00,18.06999969482422,18.290000915527344,17.670000076293945,17.78499984741211,47415,0.0,0.0
2024-01-10 10:30:00-05:00,17.799999237060547,17.920000076293945,17.790000915527344,17.860000610351562,47391,0.0,0.0
2024-01-10 11:30:00-05:00,17.860000610351562,17.954999923706055,17.850000381469727,17.889999389648438,46836,0.0,0.0
2024-01-10 12:30:00-05:00,17.84000015258789,17.899999618530273,17.774999618530273,17.850000381469727,54436,0.0,0.0
2024-01-10 13:30:00-05:00,17.849000930786133,17.860000610351562,17.790000915527344,17.81999969482422,38446,0.0,0.0
2024-01-10 14:30:00-05:00,17.815000534057617,18.010000228881836,17.809999465942383,17.979999542236328,94342,0.0,0.0
2024-01-10 15:30:00-05:00,17.989999771118164,18.260000228881836,17.979999542236328,18.239999771118164,151411,0.0,0.0
2024-01-11 09:30:00-05:00,17.959999084472656,18.614999771118164,17.959999084472656,18.56999969482422,112786,0.0,0.0
2024-01-11 10:30:00-05:00,18.600000381469727,19.059999465942383,18.600000381469727,19.040000915527344,85863,0.0,0.0
2024-01-11 11:30:00-05:00,19.040000915527344,19.239999771118164,18.93000030517578,19.18000030517578,94465,0.0,0.0
2024-01-11 12:30:00-05:00,19.15999984741211,19.3799991607666,19.1200008392334,19.25,92226,0.0,0.0
2024-01-11 13:30:00-05:00,19.260000228881836,19.399999618530273,19.21500015258789,19.399999618530273,54709,0.0,0.0
2024-01-11 14:30:00-05:00,19.389999389648438,19.530000686645508,19.280000686645508,19.520000457763672,105644,0.0,0.0
2024-01-11 15:30:00-05:00,19.520000457763672,19.795000076293945,19.520000457763672,19.75,292669,0.0,0.0
2024-01-12 09:30:00-05:00,20.0,20.209999084472656,19.8700008392334,19.989999771118164,110584,0.0,0.0
2024-01-12 10:30:00-05:00,19.979999542236328,20.09000015258789,19.795000076293945,19.799999237060547,69799,0.0,0.0
2024-01-12 11:30:00-05:00,19.799999237060547,19.809999465942383,19.399999618530273,19.649999618530273,136364,0.0,0.0
2024-01-12 12:30:00-05:00,19.65999984741211,19.719999313354492,19.559999465942383,19.665000915527344,54307,0.0,0.0
2024-01-12 13:30:00-05:00,19.65999984741211,19.81999969482422,19.639999389648438,19.780000686645508,122965,0.0,0.0
2024-01-12 14:30:00-05:00,19.770000457763672,19.780000686645508,19.584999084472656,19.649999618530273,210091,0.0,0.0
2024-01-12 15:30:00-05:00,19.670000076293945,19.90999984741211,19.670000076293945,19.8700008392334,186121,0.0,0.0
2024-01-16 09:30:00-05:00,19.799999237060547,20.239999771118164,19.520000457763672,20.03499984741211,105172,0.0,0.0
2024-01-16 10:30:00-05:00,20.049999237060547,20.25,19.954999923706055,20.024999618530273,135797,0.0,0.0
2024-01-16 11:30:00-05:00,20.040000915527344,20.110000610351562,19.969999313354492,20.049999237060547,42507,0.0,0.0
2024-01-16 12:30:00-05:00,20.049999237060547,20.219999313354492,20.049999237060547,20.219999313354492,55117,0.0,0.0
2024-01-16 13:30:00-05:00,20.229999542236328,20.450000762939453,20.149999618530273,20.385000228881836,156014,0.0,0.0
2024-01-16 14:30:00-05:00,20.360000610351562,20.65999984741211,20.34000015258789,20.6299991607666,81685,0.0,0.0
2024-01-16 15:30:00-05:00,20.635000228881836,20.700000762939453,20.549999237060547,20.579999923706055,119881,0.0,0.0
2024-01-17 09:30:00-05:00,20.18000030517578,20.440000534057617,19.959999084472656,20.440000534057617,54078,0.0,0.0
2024-01-17 10:30:00-05:00,20.40999984741211,20.469999313354492,20.110000610351562,20.110000610351562,42908,0.0,0.0
2024-01-17 11:30:00-05:00,20.059999465942383,20.155000686645508,19.940000534057617,20.030000686645508,45533,0.0,0.0
2024-01-17 12:30:00-05:00,20.020000457763672,20.065000534057617,19.979999542236328,20.040000915527344,55595,0.0,0.0
2024-01-17 13:30:00-05:00,20.010000228881836,20.110000610351562,19.8799991607666,20.110000610351562,62916,0.0,0.0
2024-01-17 14:30:00-05:00,20.1299991607666,20.15999984741211,19.739999771118164,19.809999465942383,99115,0.0,0.0
2024-01-17 15:30:00-05:00,19.799999237060547,20.030000686645508,19.795000076293945,20.030000686645508,110942,0.0,0.0
2024-01-18 09:30:00-05:00,20.280000686645508,20.559999465942383,20.075000762939453,20.360000610351562,87508,0.0,0.0
2024-01-18 10:30:00-05:00,20.360000610351562,20.475000381469727,20.1200008392334,20.299999237060547,57504,0.0,0.0
2024-01-18 11:30:00-05:00,20.280000686645508,20.280000686645508,19.780000686645508,19.969999313354492,43495,0.0,0.0
2024-01-18 12:30:00-05:00,19.979999542236328,20.040000915527344,19.860000610351562,19.889999389648438,37935,0.0,0.0
2024-01-18 13:30:00-05:00,19.8799991607666,20.0,19.790000915527344,19.959999084472656,45497,0.0,0.0
2024-01-18 14:30:00-05:00,19.940000534057617,20.170000076293945,19.940000534057617,20.1299991607666,50215,0.0,0.0
2024-01-18 15:30:00-05:00,20.1299991607666,20.209999084472656,20.049999237060547,20.209999084472656,87206,0.0,0.0
2024-01-19 09:30:00-05:00,20.40999984741211,20.40999984741211,20.059999465942383,20.334999084472656,62591,0.0,0.0
2024-01-19 10:30:00-05:00,20.334999084472656,20.34000015258789,20.030000686645508,20.040000915527344,31893,0.0,0.0
2024-01-19 11:30:00-05:00,20.030000686645508,20.18000030517578,20.0049991607666,20.18000030517578,35098,0.0,0.0
2024-01-19 12:30:00-05:00,20.190000534057617,20.510000228881836,20.170000076293945,20.450000762939453,33863,0.0,0.0
2024-01-19 13:30:00-05:00,20.459999084472656,20.5,20.350000381469727,20.475000381469727,34928,0.0,0.0
2024-01-19 14:30:00-05:00,20.485000610351562,20.485000610351562,20.270000457763672,20.30500030517578,44185,0.0,0.0
2024-01-19 15:30:00-05:00,20.299999237060547,20.34000015258789,20.274999618530273,20.309999465942383,98021,0.0,0.0
2024-01-22 09:30:00-05:00,20.530000686645508,21.68000030517578,20.530000686645508,21.65999984741211,162174,0.0,0.0
2024-01-22 10:30:00-05:00,21.635000228881836,21.700000762939453,21.470399856567383,21.649999618530273,70509,0.0,0.0
2024-01-22 11:30:00-05:00,21.649999618530273,21.68000030517578,21.459999084472656,21.520000457763672,79750,0.0,0.0
2024-01-22 12:30:00-05:00,21.530000686645508,21.68000030517578,21.204999923706055,21.229999542236328,110249,0.0,0.0
2024-01-22 13:30:00-05:00,21.239999771118164,21.31999969482422,21.06999969482422,21.1299991607666,52482,0.0,0.0
2024-01-22 14:30:00-05:00,21.1200008392334,21.34000015258789,21.09000015258789,21.329999923706055,54046,0.0,0.0
2024-01-22 15:30:00-05:00,21.34000015258789,21.3700008392334,21.270000457763672,21.3700008392334,85806,0.0,0.0
2024-01-23 09:30:00-05:00,21.700000762939453,21.979999542236328,21.309999465942383,21.399999618530273,42532,0.0,0.0
2024-01-23 10:30:00-05:00,21.3799991607666,21.399999618530273,21.059999465942383,21.059999465942383,31921,0.0,0.0
2024-01-23 11:30:00-05:00,21.079999923706055,21.170000076293945,20.969999313354492,21.15999984741211,33476,0.0,0.0
2024-01-23 12:30:00-05:00,21.165000915527344,21.290000915527344,21.1299991607666,21.209999084472656,29187,0.0,0.0
2024-01-23 13:30:00-05:00,21.200000762939453,21.364999771118164,21.170000076293945,21.280000686645508,29328,0.0,0.0
2024-01-23 14:30:00-05:00,21.260000228881836,21.385000228881836,21.25,21.34000015258789,41664,0.0,0.0
2024-01-23 15:30:00-05:00,21.31999969482422,21.450000762939453,21.260000228881836,21.43000030517578,101479,0.0,0.0
2024-01-24 09:30:00-05:00,21.700000762939453,21.719999313354492,21.239999771118164,21.440000534057617,35302,0.0,0.0
2024-01-24 10:30:00-05:00,21.469999313354492,21.690000534057617,21.399999618530273,21.639999389648438,44847,0.0,0.0
2024-01-24 11:30:00-05:00,21.65999984741211,21.65999984741211,21.540000915527344,21.649999618530273,47115,0.0,0.0
2024-01-24 12:30:00-05:00,21.635000228881836,21.774999618530273,21.6200008392334,21.719999313354492,61716,0.0,0.0
2024-01-24 13:30:00-05:00,21.709999084472656,21.709999084472656,21.40999984741211,21.655000686645508,62417,0.0,0.0
2024-01-24 14:30:00-05:00,21.65999984741211,21.809999465942383,21.56999969482422,21.56999969482422,66289,0.0,0.0
2024-01-24 15:30:00-05:00,21.540000915527344,21.59000015258789,21.489999771118164,21.559999465942383,92123,0.0,0.0
2024-01-25 09:30:00-05:00,21.93000030517578,22.139999389648438,21.530000686645508,22.040000915527344,50760,0.0,0.0
2024-01-25 10:30:00-05:00,22.030000686645508,22.43000030517578,21.889999389648438,22.420000076293945,173531,0.0,0.0
2024-01-25 11:30:00-05:00,22.420000076293945,22.59000015258789,22.240800857543945,22.280000686645508,55755,0.0,0.0
2024-01-25 12:30:00-05:00,22.280000686645508,22.31999969482422,21.969999313354492,21.975000381469727,27081,0.0,0.0
2024-01-25 13:30:00-05:00,21.989999771118164,22.15999984741211,21.969999313354492,22.149999618530273,48011,0.0,0.0
2024-01-25 14:30:00-05:00,22.139999389648438,22.200000762939453,21.959999084472656,21.959999084472656,50421,0.0,0.0
2024-01-25 15:30:00-05:00,21.959999084472656,22.1200008392334,21.920000076293945,22.100000381469727,80002,0.0,0.0
2024-01-26 09:30:00-05:00,22.43000030517578,22.690000534057617,21.7450008392334,22.25,31827,0.0,0.0
2024-01-26 10:30:00-05:00,22.264999389648438,22.40999984741211,22.03619956970215,22.049999237060547,27824,0.0,0.0
2024-01-26 11:30:00-05:00,22.040000915527344,22.100000381469727,22.0,22.010000228881836,30372,0.0,0.0
2024-01-26 12:30:00-05:00,22.010000228881836,22.030000686645508,21.850000381469727,21.850000381469727,65051,0.0,0.0
2024-01-26 13:30:00-05:00,21.834999084472656,22.299999237060547,21.829999923706055,22.280000686645508,53751,0.0,0.0
2024-01-26 14:30:00-05:00,22.280000686645508,22.280000686645508,22.100000381469727,22.170000076293945,133897,0.0,0.0
2024-01-26 15:30:00-05:00,22.209999084472656,22.31999969482422,22.19499969482422,22.209999084472656,63373,0.0,0.0
2024-01-29 09:30:00-05:00,22.3700008392334,22.434999465942383,21.899999618530273,22.350000381469727,31887,0.0,0.0
2024-01-29 10:30:00-05:00,22.344999313354492,22.489900588989258,22.309999465942383,22.43000030517578,31595,0.0,0.0
2024-01-29 11:30:00-05:00,22.440000534057617,22.59000015258789,22.420000076293945,22.59000015258789,27934,0.0,0.0
2024-01-29 12:30:00-05:00,22.59000015258789,22.610000610351562,22.399999618530273,22.43000030517578,22422,0.0,0.0
2024-01-29 13:30:00-05:00,22.459999084472656,22.530000686645508,22.420000076293945,22.530000686645508,29775,0.0,0.0
2024-01-29 14:30:00-05:00,22.520000457763672,22.809999465942383,22.5049991607666,22.780000686645508,48075,0.0,0.0
2024-01-29 15:30:00-05:00,22.780000686645508,22.850000381469727,22.649999618530273,22.75,80845,0.0,0.0
2024-01-30 09:30:00-05:00,22.719999313354492,22.719999313354492,22.239999771118164,22.415000915527344,50301,0.0,0.0
2024-01-30 10:30:00-05:00,22.420000076293945,22.479999542236328,22.329999923706055,22.459999084472656,56679,0.0,0.0
2024-01-30 11:30:00-05:00,22.450000762939453,22.4950008392334,22.360000610351562,22.479999542236328,73317,0.0,0.0
2024-01-30 12:30:00-05:00,22.469999313354492,22.520000457763672,22.40999984741211,22.510000228881836,35922,0.0,0.0
2024-01-30 13:30:00-05:00,22.510000228881836,22.545000076293945,22.424999237060547,22.459999084472656,38498,0.0,0.0
2024-01-30 14:30:00-05:00,22.459999084472656,22.690000534057617,22.43000030517578,22.670000076293945,65509,0.0,0.0
2024-01-30 15:30:00-05:00,22.68000030517578,22.704999923706055,22.510000228881836,22.510000228881836,90141,0.0,0.0
2024-01-31 09:30:00-05:00,22.360000610351562,22.68000030517578,22.040000915527344,22.5,29228,0.0,0.0
2024-01-31 10:30:00-05:00,22.530000686645508,22.530000686645508,22.31999969482422,22.399999618530273,29750,0.0,0.0
2024-01-31 11:30:00-05:00,22.399999618530273,22.399999618530273,22.110000610351562,22.309999465942383,29047,0.0,0.0
2024-01-31 12:30:00-05:00,22.31999969482422,22.424999237060547,22.290000915527344,22.3799991607666,81628,0.0,0.0
2024-01-31 13:30:00-05:00,22.3799991607666,22.450000762939453,21.969999313354492,21.985000610351562,110251,0.0,0.0
2024-01-31 14:30:00-05:00,22.030000686645508,22.510000228881836,21.4950008392334,21.559999465942383,67487,0.0,0.0
2024-01-31 15:30:00-05:00,21.545000076293945,21.559999465942383,21.274999618530273,21.3700008392334,110426,0.0,0.0
2024-02-01 09:30:00-05:00,21.559999465942383,21.709999084472656,21.2549991607666,21.46500015258789,37533,0.0,0.0
2024-02-01 10:30:00-05:00,21.469999313354492,21.49340057373047,21.239999771118164,21.280000686645508,27273,0.0,0.0
2024-02-01 11:30:00-05:00,21.329999923706055,21.670000076293945,21.329999923706055,21.489999771118164,25733,0.0,0.0
2024-02-01 12:30:00-05:00,21.469999313354492,21.6200008392334,21.3700008392334,21.510000228881836,33894,0.0,0.0
2024-02-01 13:30:00-05:00,21.524999618530273,21.65999984741211,21.479999542236328,21.5,32549,0.0,0.0
2024-02-01 14:30:00-05:00,21.479999542236328,21.524999618530273,21.350000381469727,21.459999084472656,35424,0.0,0.0
2024-02-01 15:30:00-05:00,21.469999313354492,21.610000610351562,21.440000534057617,21.610000610351562,66937,0.0,0.0
2024-02-02 09:30:00-05:00,21.270000457763672,21.540000915527344,21.18000030517578,21.260000228881836,44458,0.0,0.0
2024-02-02 10:30:00-05:00,21.31999969482422,21.364999771118164,21.100000381469727,21.170000076293945,24806,0.0,0.0
2024-02-02 11:30:00-05:00,21.27359962463379,21.280000686645508,21.084999084472656,21.280000686645508,29839,0.0,0.0
2024-02-02 12:30:00-05:00,21.270000457763672,21.309999465942383,20.979999542236328,20.979999542236328,32252,0.0,0.0
2024-02-02 13:30:00-05:00,20.979999542236328,21.31999969482422,20.979999542236328,21.229999542236328,21686,0.0,0.0
2024-02-02 14:30:00-05:00,21.290000915527344,21.3799991607666,21.229999542236328,21.350000381469727,35481,0.0,0.0
2024-02-02 15:30:00-05:00,21.350000381469727,21.350000381469727,21.149999618530273,21.260000228881836,93933,0.0,0.0
2024-02-05 09:30:00-05:00,20.93000030517578,21.059999465942383,20.780000686645508,20.860000610351562,17454,0.0,0.0
2024-02-05 10:30:00-05:00,20.84600067138672,20.90999984741211,20.739999771118164,20.90999984741211,40759,0.0,0.0
2024-02-05 11:30:00-05:00,20.93000030517578,21.889999389648438,20.93000030517578,21.889999389648438,73859,0.0,0.0
2024-02-05 12:30:00-05:00,21.885000228881836,22.014999389648438,21.780000686645508,21.940000534057617,49631,0.0,0.0
2024-02-05 13:30:00-05:00,21.94499969482422,22.075000762939453,21.8799991607666,21.989999771118164,55176,0.0,0.0
2024-02-05 14:30:00-05:00,21.989999771118164,22.1299991607666,21.950000762939453,22.014999389648438,62687,0.0,0.0
2024-02-05 15:30:00-05:00,22.010000228881836,22.049999237060547,21.84000015258789,21.850000381469727,71646,0.0,0.0
2024-02-06 09:30:00-05:00,21.899999618530273,22.699600219726562,21.69499969482422,22.469999313354492,115585,0.0,0.0
2024-02-06 10:30:00-05:00,22.459999084472656,22.520000457763672,22.260000228881836,22.399999618530273,42259,0.0,0.0
2024-02-06 11:30:00-05:00,22.405000686645508,22.700000762939453,22.295000076293945,22.6299991607666,59125,0.0,0.0
2024-02-06 12:30:00-05:00,22.6200008392334,22.690000534057617,22.489999771118164,22.530000686645508,43205,0.0,0.0
2024-02-06 13:30:00-05:00,22.530000686645508,22.604999542236328,22.31999969482422,22.3799991607666,37994,0.0,0.0
2024-02-06 14:30:00-05:00,22.399999618530273,22.450000762939453,22.31999969482422,22.41900062561035,47842,0.0,0.0
2024-02-06 15:30:00-05:00,22.420000076293945,22.5,22.389999389648438,22.459999084472656,89413,0.0,0.0
2024-02-07 09:30:00-05:00,22.3799991607666,22.440000534057617,21.959999084472656,22.309999465942383,50046,0.0,0.0
2024-02-07 10:30:00-05:00,22.299999237060547,22.43000030517578,22.219999313354492,22.260000228881836,51470,0.0,0.0
2024-02-07 11:30:00-05:00,22.280000686645508,22.3799991607666,22.219999313354492,22.3799991607666,40354,0.0,0.0
2024-02-07 12:30:00-05:00,22.3799991607666,22.440000534057617,22.295000076293945,22.34000015258789,37379,0.0,0.0
2024-02-07 13:30:00-05:00,22.350000381469727,22.360000610351562,22.09000015258789,22.18000030517578,32695,0.0,0.0
2024-02-07 14:30:00-05:00,22.190000534057617,22.329999923706055,22.190000534057617,22.25,40568,0.0,0.0
2024-02-07 15:30:00-05:00,22.239999771118164,22.239999771118164,21.959999084472656,21.969999313354492,89153,0.0,0.0
2024-02-08 09:30:00-05:00,22.049999237060547,22.3799991607666,22.010000228881836,22.3799991607666,23772,0.0,0.0
2024-02-08 10:30:00-05:00,22.405000686645508,22.46500015258789,22.309999465942383,22.329999923706055,29475,0.0,0.0
2024-02-08 11:30:00-05:00,22.299999237060547,22.434999465942383,22.260000228881836,22.40999984741211,33078,0.0,0.0
2024-02-08 12:30:00-05:00,22.389999389648438,22.469999313354492,22.290000915527344,22.329999923706055,39966,0.0,0.0
2024-02-08 13:30:00-05:00,22.334299087524414,22.43000030517578,22.31999969482422,22.34000015258789,36937,0.0,0.0
2024-02-08 14:30:00-05:00,22.34000015258789,22.344999313354492,22.045000076293945,22.135000228881836,54831,0.0,0.0
2024-02-08 15:30:00-05:00,22.1299991607666,22.149999618530273,22.02899932861328,22.1200008392334,71393,0.0,0.0
2024-02-09 09:30:00-05:00,22.190000534057617,22.6299991607666,22.1299991607666,22.450000762939453,291419,0.0,0.0
2024-02-09 10:30:00-05:00,22.450000762939453,22.614999771118164,22.229999542236328,22.239999771118164,59028,0.0,0.0
2024-02-09 11:30:00-05:00,22.229999542236328,22.450000762939453,22.110000610351562,22.200000762939453,67261,0.0,0.0
2024-02-09 12:30:00-05:00,22.219999313354492,22.219999313354492,22.06999969482422,22.149999618530273,48796,0.0,0.0
2024-02-09 13:30:00-05:00,22.139999389648438,22.190000534057617,22.010000228881836,22.170000076293945,44633,0.0,0.0
2024-02-09 14:30:00-05:00,22.170000076293945,22.190000534057617,22.024999618530273,22.09000015258789,66802,0.0,0.0
2024-02-09 15:30:00-05:00,22.079999923706055,22.100000381469727,21.950000762939453,22.0,115489,0.0,0.0
2024-02-12 09:30:00-05:00,22.0,22.25,21.68000030517578,21.860000610351562,39736,0.0,0.0
2024-02-12 10:30:00-05:00,21.864999771118164,22.139999389648438,21.81999969482422,22.122499465942383,37528,0.0,0.0
2024-02-12 11:30:00-05:00,22.139999389648438,22.375,22.139999389648438,22.290000915527344,51165,0.0,0.0
2024-02-12 12:30:00-05:00,22.280000686645508,22.399999618530273,22.219999313354492,22.360000610351562,31943,0.0,0.0
2024-02-12 13:30:00-05:00,22.350000381469727,22.549999237060547,22.260000228881836,22.5049991607666,59683,0.0,0.0
2024-02-12 14:30:00-05:00,22.5049991607666,22.829999923706055,22.489999771118164,22.799999237060547,71029,0.0,0.0
2024-02-12 15:30:00-05:00,22.799999237060547,23.06999969482422,22.760000228881836,23.06999969482422,224700,0.0,0.0
2024-02-13 09:30:00-05:00,22.1299991607666,22.459999084472656,21.770000457763672,22.100000381469727,62838,0.0,0.0
2024-02-13 10:30:00-05:00,22.084999084472656,22.100000381469727,21.84000015258789,21.959999084472656,76644,0.0,0.0
2024-02-13 11:30:00-05:00,21.950000762939453,22.149999618530273,21.81999969482422,21.829999923706055,54120,0.0,0.0
2024-02-13 12:30:00-05:00,21.850000381469727,21.969999313354492,21.530000686645508,21.530000686645508,41685,0.0,0.0
2024-02-13 13:30:00-05:00,21.520000457763672,21.559999465942383,21.290000915527344,21.329999923706055,48788,0.0,0.0
2024-02-13 14:30:00-05:00,21.34000015258789,21.3799991607666,20.950000762939453,21.1200008392334,109932,0.0,0.0
2024-02-13 15:30:00-05:00,21.1299991607666,21.360000610351562,21.1200008392334,21.309999465942383,166565,0.0,0.0
2024-02-14 09:30:00-05:00,21.690000534057617,22.280000686645508,21.530000686645508,22.229999542236328,45972,0.0,0.0
2024-02-14 10:30:00-05:00,22.260000228881836,22.540000915527344,22.25,22.510000228881836,41794,0.0,0.0
2024-02-14 11:30:00-05:00,22.510000228881836,22.649999618530273,22.3799991607666,22.639999389648438,46767,0.0,0.0
2024-02-14 12:30:00-05:00,22.700000762939453,23.110000610351562,22.65999984741211,22.975000381469727,52246,0.0,0.0
2024-02-14 13:30:00-05:00,22.975000381469727,23.3799991607666,22.975000381469727,23.350000381469727,52018,0.0,0.0
2024-02-14 14:30:00-05:00,23.350000381469727,23.440000534057617,23.260000228881836,23.364999771118164,59027,0.0,0.0
2024-02-14 15:30:00-05:00,23.3799991607666,23.450000762939453,23.309999465942383,23.399999618530273,138104,0.0,0.0
2024-02-15 09:30:00-05:00,23.690000534057617,23.75,23.239999771118164,23.239999771118164,43882,0.0,0.0
2024-02-15 10:30:00-05:00,23.20989990234375,23.31999969482422,23.1299991607666,23.239999771118164,32092,0.0,0.0
2024-02-15 11:30:00-05:00,23.270000457763672,23.439599990844727,23.229999542236328,23.3799991607666,30365,0.0,0.0
2024-02-15 12:30:00-05:00,23.40999984741211,23.440000534057617,23.170000076293945,23.3799991607666,47919,0.0,0.0
2024-02-15 13:30:00-05:00,23.40999984741211,23.559999465942383,23.3799991607666,23.5,52430,0.0,0.0
2024-02-15 14:30:00-05:00,23.5,23.670000076293945,23.420000076293945,23.670000076293945,97071,0.0,0.0
2024-02-15 15:30:00-05:00,23.670000076293945,23.709999084472656,23.549999237060547,23.59000015258789,135550,0.0,0.0
2024-02-16 09:30:00-05:00,23.43000030517578,23.459999084472656,22.959999084472656,23.34000015258789,58424,0.0,0.0
2024-02-16 10:30:00-05:00,23.350000381469727,23.514999389648438,23.270000457763672,23.440000534057617,31594,0.0,0.0
2024-02-16 11:30:00-05:00,23.450000762939453,23.610000610351562,23.270000457763672,23.40999984741211,41686,0.0,0.0
2024-02-16 12:30:00-05:00,23.43000030517578,23.610000610351562,23.3700008392334,23.610000610351562,24398,0.0,0.0
2024-02-16 13:30:00-05:00,23.649999618530273,23.700000762939453,23.514999389648438,23.520000457763672,23965,0.0,0.0
2024-02-16 14:30:00-05:00,23.520000457763672,23.520000457763672,23.309999465942383,23.43000030517578,26399,0.0,0.0
2024-02-16 15:30:00-05:00,23.43000030517578,23.459999084472656,23.219999313354492,23.219999313354492,60022,0.0,0.0
2024-02-20 09:30:00-05:00,22.969999313354492,23.3799991607666,22.770000457763672,23.100000381469727,44768,0.0,0.0
2024-02-20 10:30:00-05:00,23.1299991607666,23.260000228881836,22.979999542236328,23.075000762939453,33210,0.0,0.0
2024-02-20 11:30:00-05:00,23.1200008392334,23.209999084472656,23.059999465942383,23.209999084472656,32515,0.0,0.0
2024-02-20 12:30:00-05:00,23.186500549316406,23.360000610351562,23.165000915527344,23.270000457763672,48549,0.0,0.0
2024-02-20 13:30:00-05:00,23.25,23.479999542236328,23.209999084472656,23.452800750732422,35547,0.0,0.0
2024-02-20 14:30:00-05:00,23.450000762939453,23.59000015258789,23.420000076293945,23.559999465942383,41820,0.0,0.0
2024-02-20 15:30:00-05:00,23.549999237060547,23.614999771118164,23.43000030517578,23.520000457763672,89457,0.0,0.0
2024-02-21 09:30:00-05:00,23.170000076293945,23.239999771118164,22.889999389648438,22.889999389648438,27861,0.0,0.0
2024-02-21 10:30:00-05:00,22.854999542236328,22.854999542236328,22.5,22.6200008392334,59197,0.0,0.0
2024-02-21 11:30:00-05:00,22.600000381469727,22.989999771118164,22.600000381469727,22.815000534057617,62178,0.0,0.0
2024-02-21 12:30:00-05:00,22.815000534057617,22.94499969482422,22.739999771118164,22.889999389648438,44241,0.0,0.0
2024-02-21 13:30:00-05:00,22.889999389648438,22.969999313354492,22.704200744628906,22.764999389648438,32358,0.0,0.0
2024-02-21 14:30:00-05:00,22.739999771118164,22.815000534057617,22.670000076293945,22.78499984741211,48870,0.0,0.0
2024-02-21 15:30:00-05:00,22.78499984741211,22.940000534057617,22.709999084472656,22.93000030517578,115192,0.0,0.0
2024-02-22 09:30:00-05:00,22.989999771118164,23.190000534057617,22.829999923706055,22.93000030517578,40726,0.0,0.0
2024-02-22 10:30:00-05:00,22.90999984741211,23.20989990234375,22.834999084472656,23.18000030517578,37117,0.0,0.0
2024-02-22 11:30:00-05:00,23.200000762939453,23.309999465942383,23.1200008392334,23.260000228881836,27003,0.0,0.0
2024-02-22 12:30:00-05:00,23.270000457763672,23.530000686645508,23.25,23.354999542236328,27875,0.0,0.0
2024-02-22 13:30:00-05:00,23.358699798583984,23.469999313354492,23.309999465942383,23.3799991607666,29436,0.0,0.0
2024-02-22 14:30:00-05:00,23.360000610351562,23.360000610351562,23.059999465942383,23.139999389648438,33719,0.0,0.0
2024-02-22 15:30:00-05:00,23.1200008392334,23.219999313354492,23.06999969482422,23.09000015258789,73655,0.0,0.0
2024-02-23 09:30:00-05:00,23.010000228881836,23.190000534057617,22.530000686645508,22.540000915527344,29108,0.0,0.0
2024-02-23 10:30:00-05:00,22.540000915527344,22.809999465942383,22.540000915527344,22.71500015258789,30664,0.0,0.0
2024-02-23 11:30:00-05:00,22.719999313354492,22.825000762939453,22.53499984741211,22.725000381469727,42385,0.0,0.0
2024-02-23 12:30:00-05:00,22.690000534057617,22.829999923706055,22.655000686645508,22.760000228881836,34087,0.0,0.0
2024-02-23 13:30:00-05:00,22.770000457763672,22.809999465942383,22.549999237060547,22.579999923706055,39291,0.0,0.0
2024-02-23 14:30:00-05:00,22.56999969482422,22.739999771118164,22.459999084472656,22.6299991607666,31682,0.0,0.0
2024-02-23 15:30:00-05:00,22.6200008392334,22.739999771118164,22.607500076293945,22.739999771118164,56229,0.0,0.0
2024-02-26 09:30:00-05:00,22.520000457763672,23.110000610351562,22.420000076293945,22.690000534057617,24328,0.0,0.0
2024-02-26 10:30:00-05:00,22.71500015258789,22.809999465942383,22.479999542236328,22.510000228881836,58317,0.0,0.0
2024-02-26 11:30:00-05:00,22.489999771118164,22.549999237060547,22.360000610351562,22.385000228881836,54992,0.0,0.0
2024-02-26 12:30:00-05:00,22.395000457763672,22.43000030517578,22.260000228881836,22.34000015258789,37199,0.0,0.0
2024-02-26 13:30:00-05:00,22.329999923706055,22.59000015258789,22.329999923706055,22.530000686645508,37914,0.0,0.0
2024-02-26 14:30:00-05:00,22.53499984741211,22.749000549316406,22.459999084472656,22.735000610351562,46826,0.0,0.0
2024-02-26 15:30:00-05:00,22.739999771118164,22.969999313354492,22.684999465942383,22.93000030517578,89722,0.0,0.0
2024-02-27 09:30:00-05:00,23.0,23.079999923706055,22.489999771118164,22.919300079345703,49569,0.0,0.0
2024-02-27 10:30:00-05:00,22.899999618530273,23.3799991607666,22.8799991607666,23.350000381469727,53839,0.0,0.0
2024-02-27 11:30:00-05:00,23.360000610351562,23.700000762939453,23.350000381469727,23.450000762939453,177432,0.0,0.0
2024-02-27 12:30:00-05:00,23.420000076293945,23.75,23.280000686645508,23.299999237060547,91922,0.0,0.0
2024-02-27 13:30:00-05:00,23.295000076293945,23.540000915527344,23.290000915527344,23.459999084472656,58215,0.0,0.0
2024-02-27 14:30:00-05:00,23.46500015258789,23.64229965209961,23.270000457763672,23.389999389648438,118880,0.0,0.0
2024-02-27 15:30:00-05:00,23.40999984741211,23.6299991607666,23.3700008392334,23.5,177558,0.0,0.0
2024-02-28 09:30:00-05:00,23.25,23.75,21.8700008392334,22.700000762939453,264794,0.0,0.0
2024-02-28 10:30:00-05:00,22.670000076293945,22.829999923706055,22.239999771118164,22.530000686645508,111870,0.0,0.0
2024-02-28 11:30:00-05:00,22.530000686645508,22.56999969482422,22.09000015258789,22.145000457763672,98655,0.0,0.0
2024-02-28 12:30:00-05:00,22.1299991607666,22.270000457763672,21.350000381469727,21.40999984741211,90667,0.0,0.0
2024-02-28 13:30:00-05:00,21.3700008392334,21.700000762939453,20.940000534057617,20.979999542236328,98620,0.0,0.0
2024-02-28 14:30:00-05:00,20.975000381469727,21.700000762939453,20.93000030517578,21.5,151999,0.0,0.0
2024-02-28 15:30:00-05:00,21.510000228881836,21.84000015258789,21.510000228881836,21.604999542236328,176250,0.0,0.0
2024-02-29 09:30:00-05:00,21.854999542236328,22.270000457763672,21.270000457763672,22.100000381469727,137980,0.0,0.0
2024-02-29 10:30:00-05:00,22.1299991607666,22.520000457763672,22.06999969482422,22.209999084472656,116831,0.0,0.0
2024-02-29 11:30:00-05:00,22.219999313354492,22.229999542236328,21.68000030517578,21.68000030517578,90366,0.0,0.0
2024-02-29 12:30:00-05:00,21.65999984741211,21.729999542236328,21.459999084472656,21.485000610351562,72928,0.0,0.0
2024-02-29 13:30:00-05:00,21.485000610351562,21.5,21.200000762939453,21.25,59604,0.0,0.0
2024-02-29 14:30:00-05:00,21.270000457763672,21.325000762939453,21.204999923706055,21.2549991607666,63118,0.0,0.0
2024-02-29 15:30:00-05:00,21.2549991607666,21.264999389648438,20.645000457763672,20.90999984741211,357526,0.0,0.0
2024-03-01 09:30:00-05:00,20.950000762939453,21.177499771118164,20.59000015258789,21.09000015258789,81554,0.0,0.0
2024-03-01 10:30:00-05:00,21.114999771118164,21.739999771118164,21.049999237060547,21.514999389648438,75915,0.0,0.0
2024-03-01 11:30:00-05:00,21.485000610351562,21.649999618530273,21.440000534057617,21.559999465942383,47113,0.0,0.0
2024-03-01 12:30:00-05:00,21.579999923706055,21.989999771118164,21.530000686645508,21.924999237060547,45234,0.0,0.0
2024-03-01 13:30:00-05:00,21.889999389648438,22.18000030517578,21.8700008392334,22.122499465942383,58805,0.0,0.0
2024-03-01 14:30:00-05:00,22.139999389648438,22.19499969482422,21.950000762939453,21.979999542236328,69580,0.0,0.0
2024-03-01 15:30:00-05:00,21.979999542236328,22.209999084472656,21.979999542236328,22.18000030517578,108580,0.0,0.0
2024-03-04 09:30:00-05:00,22.209999084472656,22.209999084472656,21.149999618530273,21.149999618530273,51777,0.0,0.0
2024-03-04 10:30:00-05:00,21.149999618530273,21.360000610351562,21.149999618530273,21.360000610351562,19037,0.0,0.0
2024-03-04 11:30:00-05:00,21.360000610351562,21.5,21.229999542236328,21.5,44275,0.0,0.0
2024-03-04 12:30:00-05:00,21.5,21.6200008392334,21.30500030517578,21.600000381469727,29679,0.0,0.0
2024-03-04 13:30:00-05:00,21.6200008392334,22.0,21.6200008392334,21.8799991607666,37764,0.0,0.0
2024-03-04 14:30:00-05:00,21.8799991607666,21.950000762939453,21.719999313354492,21.94499969482422,44025,0.0,0.0
2024-03-04 15:30:00-05:00,21.93000030517578,22.06999969482422,21.770000457763672,21.950000762939453,215656,0.0,0.0
2024-03-05 09:30:00-05:00,21.93000030517578,22.09000015258789,21.514999389648438,21.690000534057617,35901,0.0,0.0
2024-03-05 10:30:00-05:00,21.67919921875,21.7549991607666,21.530000686645508,21.719999313354492,20135,0.0,0.0
2024-03-05 11:30:00-05:00,22.01460075378418,22.1200008392334,21.889999389648438,22.100000381469727,25577,0.0,0.0
2024-03-05 12:30:00-05:00,22.100000381469727,22.100000381469727,21.729999542236328,22.06999969482422,33973,0.0,0.0
2024-03-05 13:30:00-05:00,22.06999969482422,22.06999969482422,21.7450008392334,21.81999969482422,27921,0.0,0.0
2024-03-05 14:30:00-05:00,21.770000457763672,21.875,21.719999313354492,21.809999465942383,33416,0.0,0.0
2024-03-05 15:30:00-05:00,21.809999465942383,22.309999465942383,21.760000228881836,22.25,288861,0.0,0.0
2024-03-06 09:30:00-05:00,22.510000228881836,23.729900360107422,22.510000228881836,23.325000762939453,127753,0.0,0.0
2024-03-06 10:30:00-05:00,23.329999923706055,23.520000457763672,23.149999618530273,23.350000381469727,14480,0.0,0.0
2024-03-06 11:30:00-05:00,23.354999542236328,23.55500030517578,22.889999389648438,22.899999618530273,46427,0.0,0.0
2024-03-06 12:30:00-05:00,22.8799991607666,22.905000686645508,22.649999618530273,22.75,24199,0.0,0.0
2024-03-06 13:30:00-05:00,22.739999771118164,22.899999618530273,22.649999618530273,22.8799991607666,66934,0.0,0.0
2024-03-06 14:30:00-05:00,22.850000381469727,22.950000762939453,22.389999389648438,22.65999984741211,161265,0.0,0.0
2024-03-06 15:30:00-05:00,22.655000686645508,22.959999084472656,22.649999618530273,22.950000762939453,235569,0.0,0.0
2024-03-07 09:30:00-05:00,23.149999618530273,23.3700008392334,22.440000534057617,22.5,70808,0.0,0.0
2024-03-07 10:30:00-05:00,22.510000228881836,22.94499969482422,22.510000228881836,22.8700008392334,48307,0.0,0.0
2024-03-07 11:30:00-05:00,22.864999771118164,22.864999771118164,22.709999084472656,22.729999542236328,34043,0.0,0.0
2024-03-07 12:30:00-05:00,22.709999084472656,22.90999984741211,22.670000076293945,22.90999984741211,29029,0.0,0.0
2024-03-07 13:30:00-05:00,22.90999984741211,22.93000030517578,22.799999237060547,22.829999923706055,32117,0.0,0.0
2024-03-07 14:30:00-05:00,22.84000015258789,22.940000534057617,22.809999465942383,22.860000610351562,45003,0.0,0.0
2024-03-07 15:30:00-05:00,22.860000610351562,23.0,22.790000915527344,22.809999465942383,111352,0.0,0.0
2024-03-08 09:30:00-05:00,23.010000228881836,23.459999084472656,23.010000228881836,23.40999984741211,51836,0.0,0.0
2024-03-08 10:30:00-05:00,23.399999618530273,23.415000915527344,22.979999542236328,22.979999542236328,38071,0.0,0.0
2024-03-08 11:30:00-05:00,22.979999542236328,23.0,22.610000610351562,22.670000076293945,32056,0.0,0.0
2024-03-08 12:30:00-05:00,22.68000030517578,22.690000534057617,22.520000457763672,22.584999084472656,21203,0.0,0.0
2024-03-08 13:30:00-05:00,22.56999969482422,22.770000457763672,22.459999084472656,22.690000534057617,37624,0.0,0.0
2024-03-08 14:30:00-05:00,22.709999084472656,22.760000228881836,22.459999084472656,22.5,48774,0.0,0.0
2024-03-08 15:30:00-05:00,22.5,22.639999389648438,22.5,22.639999389648438,62038,0.0,0.0
2024-03-11 09:30:00-04:00,22.610000610351562,22.829999923706055,22.610000610351562,22.78499984741211,22192,0.0,0.0
2024-03-11 10:30:00-04:00,22.8799991607666,23.290000915527344,22.84000015258789,23.209999084472656,33602,0.0,0.0
2024-03-11 11:30:00-04:00,23.209999084472656,23.280000686645508,23.040000915527344,23.170000076293945,43539,0.0,0.0
2024-03-11 12:30:00-04:00,23.15999984741211,23.18000030517578,22.850000381469727,22.854999542236328,27169,0.0,0.0
2024-03-11 13:30:00-04:00,22.84000015258789,22.84000015258789,22.549999237060547,22.655000686645508,31688,0.0,0.0
2024-03-11 14:30:00-04:00,22.639999389648438,22.899999618530273,22.610000610351562,22.854999542236328,43475,0.0,0.0
2024-03-11 15:30:00-04:00,22.841999053955078,22.841999053955078,22.459999084472656,22.600000381469727,104758,0.0,0.0
2024-03-12 09:30:00-04:00,22.3799991607666,22.59000015258789,20.579999923706055,22.354999542236328,47863,0.0,0.0
2024-03-12 10:30:00-04:00,22.389999389648438,22.459999084472656,22.229999542236328,22.270000457763672,23035,0.0,0.0
2024-03-12 11:30:00-04:00,22.280000686645508,22.280000686645508,22.059999465942383,22.059999465942383,30320,0.0,0.0
2024-03-12 12:30:00-04:00,22.010000228881836,22.010000228881836,21.75,21.770000457763672,70772,0.0,0.0
2024-03-12 13:30:00-04:00,21.764999389648438,21.770000457763672,21.520000457763672,21.670000076293945,64892,0.0,0.0
2024-03-12 14:30:00-04:00,21.670000076293945,21.719999313354492,21.489999771118164,21.670000076293945,75529,0.0,0.0
2024-03-12 15:30:00-04:00,21.670000076293945,21.700000762939453,21.540000915527344,21.56999969482422,109864,0.0,0.0
2024-03-13 09:30:00-04:00,21.709999084472656,22.18000030517578,21.6299991607666,22.049999237060547,25144,0.0,0.0
2024-03-13 10:30:00-04:00,22.030000686645508,22.030000686645508,21.760000228881836,21.895000457763672,15179,0.0,0.0
2024-03-13 11:30:00-04:00,21.860000610351562,21.889999389648438,21.6200008392334,21.760000228881836,26071,0.0,0.0
2024-03-13 12:30:00-04:00,21.719999313354492,21.739999771118164,21.3799991607666,21.450000762939453,30392,0.0,0.0
2024-03-13 13:30:00-04:00,21.450000762939453,21.450000762939453,21.299999237060547,21.450000762939453,31521,0.0,0.0
2024-03-13 14:30:00-04:00,21.450000762939453,21.530000686645508,21.360000610351562,21.40999984741211,31100,0.0,0.0
2024-03-13 15:30:00-04:00,21.389999389648438,21.559999465942383,21.389999389648438,21.530000686645508,105802,0.0,0.0
2024-03-14 09:30:00-04:00,21.25,21.530000686645508,21.219999313354492,21.428600311279297,40458,0.0,0.0
2024-03-14 10:30:00-04:00,21.440000534057617,21.530000686645508,20.989999771118164,20.989999771118164,29438,0.0,0.0
2024-03-14 11:30:00-04:00,21.0049991607666,21.16950035095215,21.0049991607666,21.159000396728516,32905,0.0,0.0
2024-03-14 12:30:00-04:00,21.139999389648438,21.479999542236328,21.1299991607666,21.459999084472656,34607,0.0,0.0
2024-03-14 13:30:00-04:00,21.43000030517578,21.59000015258789,21.420000076293945,21.59000015258789,32170,0.0,0.0
2024-03-14 14:30:00-04:00,21.579999923706055,21.579999923706055,21.329999923706055,21.34000015258789,42697,0.0,0.0
2024-03-14 15:30:00-04:00,21.309999465942383,21.399999618530273,21.235000610351562,21.360000610351562,108160,0.0,0.0
2024-03-15 09:30:00-04:00,21.170000076293945,21.700000762939453,21.170000076293945,21.280000686645508,161853,0.0,0.0
2024-03-15 10:30:00-04:00,21.280000686645508,21.639999389648438,21.040000915527344,21.549999237060547,31772,0.0,0.0
2024-03-15 11:30:00-04:00,21.520000457763672,21.649999618530273,21.34000015258789,21.420000076293945,28659,0.0,0.0
2024-03-15 12:30:00-04:00,21.399999618530273,21.399999618530273,21.209999084472656,21.290000915527344,28302,0.0,0.0
2024-03-15 13:30:00-04:00,21.290000915527344,21.34000015258789,21.200000762939453,21.204999923706055,25517,0.0,0.0
2024-03-15 14:30:00-04:00,21.204999923706055,21.309999465942383,21.18000030517578,21.299999237060547,33735,0.0,0.0
2024-03-15 15:30:00-04:00,21.299999237060547,21.3700008392334,21.149999618530273,21.184999465942383,91688,0.0,0.0
2024-03-18 09:30:00-04:00,21.06999969482422,21.59000015258789,20.989999771118164,21.59000015258789,76534,0.0,0.0
2024-03-18 10:30:00-04:00,21.518199920654297,21.56999969482422,21.19499969482422,21.235000610351562,41590,0.0,0.0
2024-03-18 11:30:00-04:00,21.219999313354492,21.395000457763672,21.15999984741211,21.395000457763672,36459,0.0,0.0
2024-03-18 12:30:00-04:00,21.405000686645508,21.59000015258789,21.389999389648438,21.56999969482422,24153,0.0,0.0
2024-03-18 13:30:00-04:00,21.559999465942383,21.59000015258789,21.489999771118164,21.530000686645508,26077,0.0,0.0
2024-03-18 14:30:00-04:00,21.524999618530273,21.579999923706055,21.489999771118164,21.5,40778,0.0,0.0
2024-03-18 15:30:00-04:00,21.5,21.709999084472656,21.5,21.639999389648438,117447,0.0,0.0
2024-03-19 09:30:00-04:00,21.719999313354492,21.8700008392334,21.610000610351562,21.639999389648438,19022,0.0,0.0
2024-03-19 10:30:00-04:00,21.65999984741211,21.809999465942383,21.5049991607666,21.790000915527344,26315,0.0,0.0
2024-03-19 11:30:00-04:00,21.809999465942383,21.809999465942383,21.479999542236328,21.6200008392334,28395,0.0,0.0
2024-03-19 12:30:00-04:00,21.6299991607666,21.780000686645508,21.559999465942383,21.604999542236328,30679,0.0,0.0
2024-03-19 13:30:00-04:00,21.6200008392334,21.780000686645508,21.6200008392334,21.780000686645508,27317,0.0,0.0
2024-03-19 14:30:00-04:00,21.799999237060547,21.924999237060547,21.479999542236328,21.510000228881836,51325,0.0,0.0
2024-03-19 15:30:00-04:00,21.5,21.6299991607666,21.440000534057617,21.6299991607666,94548,0.0,0.0
2024-03-20 09:30:00-04:00,21.549999237060547,21.56999969482422,21.31999969482422,21.549999237060547,17638,0.0,0.0
2024-03-20 10:30:00-04:00,21.53499984741211,22.0,21.530899047851562,21.610000610351562,122819,0.0,0.0
2024-03-20 11:30:00-04:00,21.610000610351562,21.690000534057617,21.459999084472656,21.459999084472656,31364,0.0,0.0
2024-03-20 12:30:00-04:00,21.450000762939453,21.450000762939453,21.18000030517578,21.31999969482422,39638,0.0,0.0
2024-03-20 13:30:00-04:00,21.309999465942383,22.020000457763672,21.309999465942383,21.7549991607666,61716,0.0,0.0
2024-03-20 14:30:00-04:00,21.75,22.1200008392334,21.617599487304688,22.094999313354492,61607,0.0,0.0
2024-03-20 15:30:00-04:00,22.104999542236328,22.260000228881836,21.959999084472656,22.25,261279,0.0,0.0
2024-03-21 09:30:00-04:00,22.399999618530273,22.469999313354492,22.049999237060547,22.290000915527344,42054,0.0,0.0
2024-03-21 10:30:00-04:00,22.25,22.704999923706055,22.149999618530273,22.639999389648438,96136,0.0,0.0
2024-03-21 11:30:00-04:00,22.639999389648438,22.709999084472656,22.559999465942383,22.6299991607666,60907,0.0,0.0
2024-03-21 12:30:00-04:00,22.6299991607666,22.6299991607666,21.934999465942383,22.1299991607666,90940,0.0,0.0
2024-03-21 13:30:00-04:00,22.100000381469727,22.405000686645508,22.100000381469727,22.3799991607666,41153,0.0,0.0
2024-03-21 14:30:00-04:00,22.399999618530273,22.579999923706055,22.314800262451172,22.420000076293945,57773,0.0,0.0
2024-03-21 15:30:00-04:00,22.395000457763672,22.489999771118164,22.219999313354492,22.270000457763672,102442,0.0,0.0
2024-03-22 09:30:00-04:00,22.329999923706055,22.485000610351562,21.920000076293945,22.09000015258789,27965,0.0,0.0
2024-03-22 10:30:00-04:00,22.06999969482422,22.110000610351562,21.882999420166016,21.979999542236328,32807,0.0,0.0
2024-03-22 11:30:00-04:00,21.989999771118164,22.170000076293945,21.889999389648438,22.170000076293945,38878,0.0,0.0
2024-03-22 12:30:00-04:00,22.18000030517578,22.200000762939453,22.06999969482422,22.1200008392334,19056,0.0,0.0
2024-03-22 13:30:00-04:00,22.1200008392334,22.190000534057617,22.049999237060547,22.107500076293945,23487,0.0,0.0
2024-03-22 14:30:00-04:00,22.09000015258789,22.299999237060547,22.020000457763672,22.200000762939453,51002,0.0,0.0
2024-03-22 15:30:00-04:00,22.190000534057617,22.31999969482422,22.190000534057617,22.219999313354492,100967,0.0,0.0
2024-03-25 09:30:00-04:00,21.9950008392334,22.25,21.690000534057617,22.030000686645508,51596,0.0,0.0
2024-03-25 10:30:00-04:00,22.05500030517578,22.239900588989258,21.889999389648438,22.170000076293945,51052,0.0,0.0
2024-03-25 11:30:00-04:00,22.190000534057617,22.190000534057617,21.780000686645508,21.780000686645508,40738,0.0,0.0
2024-03-25 12:30:00-04:00,21.780000686645508,21.845300674438477,21.56999969482422,21.610000610351562,56359,0.0,0.0
2024-03-25 13:30:00-04:00,21.604999542236328,21.989999771118164,21.56999969482422,21.989999771118164,81109,0.0,0.0
2024-03-25 14:30:00-04:00,22.019899368286133,22.030000686645508,21.899999618530273,21.959999084472656,62227,0.0,0.0
2024-03-25 15:30:00-04:00,21.950000762939453,22.010000228881836,21.920000076293945,21.987499237060547,123832,0.0,0.0
2024-03-26 09:30:00-04:00,22.1200008392334,22.200000762939453,21.645000457763672,21.690000534057617,34789,0.0,0.0
2024-03-26 10:30:00-04:00,21.64620018005371,21.829999923706055,21.6299991607666,21.799999237060547,42432,0.0,0.0
2024-03-26 11:30:00-04:00,21.795000076293945,21.850000381469727,21.68000030517578,21.690000534057617,38220,0.0,0.0
2024-03-26 12:30:00-04:00,21.709999084472656,22.020000457763672,21.709999084472656,21.84000015258789,105296,0.0,0.0
2024-03-26 13:30:00-04:00,21.8700008392334,21.93000030517578,21.825000762939453,21.90999984741211,25969,0.0,0.0
2024-03-26 14:30:00-04:00,21.899999618530273,21.920000076293945,21.670000076293945,21.704999923706055,62472,0.0,0.0
2024-03-26 15:30:00-04:00,21.700000762939453,21.708999633789062,21.469999313354492,21.489999771118164,76771,0.0,0.0
2024-03-27 09:30:00-04:00,21.799999237060547,21.799999237060547,21.395000457763672,21.520000457763672,16161,0.0,0.0
2024-03-27 10:30:00-04:00,21.489999771118164,21.579999923706055,21.360000610351562,21.43589973449707,32380,0.0,0.0
2024-03-27 11:30:00-04:00,21.420000076293945,21.459999084472656,21.329999923706055,21.360000610351562,32515,0.0,0.0
2024-03-27 12:30:00-04:00,21.360000610351562,21.5,21.350000381469727,21.360000610351562,36064,0.0,0.0
2024-03-27 13:30:00-04:00,21.360000610351562,21.579999923706055,21.350000381469727,21.549999237060547,50580,0.0,0.0
2024-03-27 14:30:00-04:00,21.559999465942383,21.575000762939453,21.415000915527344,21.450000762939453,41766,0.0,0.0
2024-03-27 15:30:00-04:00,21.459999084472656,21.520000457763672,21.350000381469727,21.395000457763672,119128,0.0,0.0
2024-03-28 09:30:00-04:00,21.350000381469727,21.639999389648438,21.169700622558594,21.575000762939453,32628,0.0,0.0
2024-03-28 10:30:00-04:00,21.56999969482422,21.670000076293945,21.440000534057617,21.5049991607666,46378,0.0,0.0
2024-03-28 11:30:00-04:00,21.53499984741211,21.6299991607666,21.469999313354492,21.584999084472656,79043,0.0,0.0
2024-03-28 12:30:00-04:00,21.59000015258789,21.600000381469727,21.420000076293945,21.5049991607666,31055,0.0,0.0
2024-03-28 13:30:00-04:00,21.5,21.510000228881836,21.459999084472656,21.469999313354492,30977,0.0,0.0
2024-03-28 14:30:00-04:00,21.479999542236328,21.5049991607666,21.375,21.399999618530273,37189,0.0,0.0
2024-03-28 15:30:00-04:00,21.399999618530273,21.417499542236328,21.270000457763672,21.309999465942383,108941,0.0,0.0
2024-04-01 09:30:00-04:00,21.350000381469727,21.364999771118164,20.729999542236328,20.885000228881836,67216,0.0,0.0
2024-04-01 10:30:00-04:00,20.84000015258789,21.0,20.84000015258789,20.895000457763672,24278,0.0,0.0
2024-04-01 11:30:00-04:00,20.8799991607666,21.059999465942383,20.809999465942383,20.934999465942383,45138,0.0,0.0
2024-04-01 12:30:00-04:00,20.915000915527344,21.31999969482422,20.90999984741211,21.165000915527344,50102,0.0,0.0
2024-04-01 13:30:00-04:00,21.165000915527344,21.479999542236328,21.165000915527344,21.389999389648438,51387,0.0,0.0
2024-04-01 14:30:00-04:00,21.364999771118164,21.399999618530273,21.299999237060547,21.325000762939453,45330,0.0,0.0
2024-04-01 15:30:00-04:00,21.329999923706055,21.459999084472656,21.315000534057617,21.450000762939453,125077,0.0,0.0
2024-04-02 09:30:00-04:00,21.06999969482422,21.06999969482422,20.344999313354492,20.399999618530273,37035,0.0,0.0
2024-04-02 10:30:00-04:00,20.350000381469727,20.38159942626953,20.049999237060547,20.149999618530273,68983,0.0,0.0
2024-04-02 11:30:00-04:00,20.110000610351562,20.139999389648438,19.780000686645508,19.860000610351562,42099,0.0,0.0
2024-04-02 12:30:00-04:00,19.84000015258789,19.920000076293945,19.780000686645508,19.864999771118164,34352,0.0,0.0
2024-04-02 13:30:00-04:00,19.854999542236328,19.8700008392334,19.649999618530273,19.719999313354492,41061,0.0,0.0
2024-04-02 14:30:00-04:00,19.719999313354492,19.719999313354492,19.575000762939453,19.709999084472656,75636,0.0,0.0
2024-04-02 15:30:00-04:00,19.739999771118164,20.020000457763672,19.719999313354492,19.989999771118164,149643,0.0,0.0
2024-04-03 09:30:00-04:00,19.790000915527344,20.190000534057617,19.68000030517578,20.110000610351562,42501,0.0,0.0
2024-04-03 10:30:00-04:00,20.1200008392334,20.229999542236328,20.045000076293945,20.145000457763672,28781,0.0,0.0
2024-04-03 11:30:00-04:00,20.165000915527344,20.224899291992188,20.05500030517578,20.15999984741211,26743,0.0,0.0
2024-04-03 12:30:00-04:00,20.15999984741211,20.260000228881836,20.125,20.260000228881836,24793,0.0,0.0
2024-04-03 13:30:00-04:00,20.239999771118164,20.360000610351562,20.229999542236328,20.329999923706055,44130,0.0,0.0
2024-04-03 14:30:00-04:00,20.329999923706055,20.329999923706055,20.18000030517578,20.200000762939453,38539,0.0,0.0
2024-04-03 15:30:00-04:00,20.200000762939453,20.329999923706055,20.170000076293945,20.299999237060547,81915,0.0,0.0
2024-04-04 09:30:00-04:00,20.5,20.6299991607666,20.30500030517578,20.440000534057617,42471,0.0,0.0
2024-04-04 10:30:00-04:00,20.469999313354492,20.68000030517578,20.3799991607666,20.65999984741211,34177,0.0,0.0
2024-04-04 11:30:00-04:00,20.6299991607666,20.799999237060547,20.6299991607666,20.780000686645508,24916,0.0,0.0
2024-04-04 12:30:00-04:00,20.790000915527344,20.84000015258789,20.55500030517578,20.579999923706055,23327,0.0,0.0
2024-04-04 13:30:00-04:00,20.559999465942383,20.780000686645508,20.559999465942383,20.655000686645508,37697,0.0,0.0
2024-04-04 14:30:00-04:00,20.614999771118164,20.635000228881836,20.280000686645508,20.280000686645508,49377,0.0,0.0
2024-04-04 15:30:00-04:00,20.299999237060547,20.31999969482422,20.170000076293945,20.200000762939453,103024,0.0,0.0
2024-04-05 09:30:00-04:00,20.09000015258789,20.459999084472656,19.770000457763672,20.290000915527344,37486,0.0,0.0
2024-04-05 10:30:00-04:00,20.280000686645508,20.43000030517578,20.200000762939453,20.264999389648438,38900,0.0,0.0
2024-04-05 11:30:00-04:00,20.25,20.389999389648438,20.25,20.334999084472656,45540,0.0,0.0
2024-04-05 12:30:00-04:00,20.31999969482422,20.450000762939453,20.290000915527344,20.415000915527344,18353,0.0,0.0
2024-04-05 13:30:00-04:00,20.440000534057617,20.530000686645508,20.329999923706055,20.43000030517578,33105,0.0,0.0
2024-04-05 14:30:00-04:00,20.415000915527344,20.43000030517578,20.170000076293945,20.219999313354492,40368,0.0,0.0
2024-04-05 15:30:00-04:00,20.219999313354492,20.309999465942383,20.18000030517578,20.270000457763672,74416,0.0,0.0
2024-04-08 09:30:00-04:00,20.450000762939453,20.479999542236328,20.190000534057617,20.239999771118164,24354,0.0,0.0
2024-04-08 10:30:00-04:00,20.239999771118164,20.59000015258789,20.239999771118164,20.40999984741211,20370,0.0,0.0
2024-04-08 11:30:00-04:00,20.415000915527344,20.43000030517578,20.190000534057617,20.3700008392334,19772,0.0,0.0
2024-04-08 12:30:00-04:00,20.3799991607666,20.489999771118164,20.260000228881836,20.3700008392334,71745,0.0,0.0
2024-04-08 13:30:00-04:00,20.3799991607666,20.469999313354492,20.334999084472656,20.43000030517578,24164,0.0,0.0
2024-04-08 14:30:00-04:00,20.389999389648438,20.405000686645508,20.299999237060547,20.329999923706055,27675,0.0,0.0
2024-04-08 15:30:00-04:00,20.360000610351562,20.40999984741211,20.270000457763672,20.34000015258789,56126,0.0,0.0
2024-04-09 09:30:00-04:00,20.3700008392334,20.8700008392334,20.3700008392334,20.81999969482422,42853,0.0,0.0
2024-04-09 10:30:00-04:00,20.780000686645508,21.059999465942383,20.780000686645508,20.969999313354492,45436,0.0,0.0
2024-04-09 11:30:00-04:00,20.954999923706055,20.954999923706055,20.815000534057617,20.8700008392334,16583,0.0,0.0
2024-04-09 12:30:00-04:00,20.860000610351562,20.975000381469727,20.844999313354492,20.8799991607666,44128,0.0,0.0
2024-04-09 13:30:00-04:00,20.84000015258789,20.844999313354492,20.65999984741211,20.690000534057617,22850,0.0,0.0
2024-04-09 14:30:00-04:00,20.649999618530273,20.799999237060547,20.59000015258789,20.7450008392334,30181,0.0,0.0
2024-04-09 15:30:00-04:00,20.729999542236328,20.920000076293945,20.709999084472656,20.920000076293945,91568,0.0,0.0
2024-04-10 09:30:00-04:00,20.020000457763672,20.600000381469727,19.90999984741211,20.559999465942383,70974,0.0,0.0
2024-04-10 10:30:00-04:00,20.559999465942383,20.809999465942383,20.520000457763672,20.55500030517578,62349,0.0,0.0
2024-04-10 11:30:00-04:00,20.549999237060547,20.55500030517578,20.360000610351562,20.450000762939453,39455,0.0,0.0
2024-04-10 12:30:00-04:00,20.44499969482422,20.469999313354492,20.1200008392334,20.18000030517578,59967,0.0,0.0
2024-04-10 13:30:00-04:00,20.149999618530273,20.450000762939453,20.010000228881836,20.280000686645508,39142,0.0,0.0
2024-04-10 14:30:00-04:00,20.260000228881836,20.8799991607666,20.15999984741211,20.2549991607666,49241,0.0,0.0
2024-04-10 15:30:00-04:00,20.239999771118164,20.299999237060547,20.104999542236328,20.25,103364,0.0,0.0
2024-04-11 09:30:00-04:00,20.389999389648438,20.559999465942383,19.979999542236328,19.9950008392334,40342,0.0,0.0
2024-04-11 10:30:00-04:00,20.0,20.100000381469727,19.809999465942383,19.8799991607666,40367,0.0,0.0
2024-04-11 11:30:00-04:00,19.8799991607666,20.174999237060547,19.850000381469727,20.09000015258789,33894,0.0,0.0
2024-04-11 12:30:00-04:00,20.059999465942383,20.290000915527344,20.040000915527344,20.219999313354492,31365,0.0,0.0
2024-04-11 13:30:00-04:00,20.25,20.360000610351562,20.200000762939453,20.34000015258789,34187,0.0,0.0
2024-04-11 14:30:00-04:00,20.309999465942383,20.450000762939453,20.299999237060547,20.450000762939453,38209,0.0,0.0
2024-04-11 15:30:00-04:00,20.440000534057617,20.520000457763672,20.389999389648438,20.520000457763672,87576,0.0,0.0
2024-04-12 09:30:00-04:00,20.34000015258789,20.399999618530273,19.989999771118164,20.100000381469727,34754,0.0,0.0
2024-04-12 10:30:00-04:00,20.073999404907227,20.081199645996094,19.899999618530273,19.920000076293945,36443,0.0,0.0
2024-04-12 11:30:00-04:00,19.920000076293945,19.924999237060547,19.709999084472656,19.729999542236328,27647,0.0,0.0
2024-04-12 12:30:00-04:00,19.709999084472656,19.719999313354492,19.55500030517578,19.700000762939453,25686,0.0,0.0
2024-04-12 13:30:00-04:00,19.69499969482422,19.760000228881836,19.610000610351562,19.639999389648438,34011,0.0,0.0
2024-04-12 14:30:00-04:00,19.6299991607666,19.6299991607666,19.385000228881836,19.389999389648438,50117,0.0,0.0
2024-04-12 15:30:00-04:00,19.399999618530273,19.56999969482422,19.389999389648438,19.549999237060547,100714,0.0,0.0
2024-04-15 09:30:00-04:00,19.68000030517578,19.709999084472656,19.239999771118164,19.3799991607666,43252,0.0,0.0
2024-04-15 10:30:00-04:00,19.37579917907715,19.530000686645508,19.219999313354492,19.360000610351562,33002,0.0,0.0
2024-04-15 11:30:00-04:00,19.329999923706055,19.3700008392334,19.209999084472656,19.34000015258789,34282,0.0,0.0
2024-04-15 12:30:00-04:00,19.350000381469727,19.350000381469727,19.139999389648438,19.139999389648438,31243,0.0,0.0
2024-04-15 13:30:00-04:00,19.1299991607666,19.219999313354492,19.079999923706055,19.155000686645508,54899,0.0,0.0
2024-04-15 14:30:00-04:00,19.15999984741211,19.219999313354492,18.979999542236328,19.079999923706055,51712,0.0,0.0
2024-04-15 15:30:00-04:00,19.09000015258789,19.19499969482422,19.09000015258789,19.190000534057617,59366,0.0,0.0
2024-04-16 09:30:00-04:00,19.059999465942383,19.059999465942383,18.5,18.93000030517578,54184,0.0,0.0
2024-04-16 10:30:00-04:00,18.90999984741211,19.049999237060547,18.764999389648438,19.024999618530273,40945,0.0,0.0
2024-04-16 11:30:00-04:00,19.06999969482422,19.1200008392334,18.959999084472656,18.989999771118164,38773,0.0,0.0
2024-04-16 12:30:00-04:00,18.969999313354492,19.024999618530273,18.934999465942383,19.0,30087,0.0,0.0
2024-04-16 13:30:00-04:00,19.0,19.09000015258789,18.799999237060547,18.809999465942383,52023,0.0,0.0
2024-04-16 14:30:00-04:00,18.81999969482422,19.014999389648438,18.799999237060547,18.94499969482422,44857,0.0,0.0
2024-04-16 15:30:00-04:00,18.940000534057617,19.010000228881836,18.8799991607666,18.899999618530273,90932,0.0,0.0
2024-04-17 09:30:00-04:00,18.93000030517578,19.309999465942383,18.760000228881836,19.0,59679,0.0,0.0
2024-04-17 10:30:00-04:00,19.0,19.09000015258789,18.84000015258789,18.84000015258789,41943,0.0,0.0
2024-04-17 11:30:00-04:00,18.81999969482422,18.899999618530273,18.700000762939453,18.809999465942383,32346,0.0,0.0
2024-04-17 12:30:00-04:00,18.780000686645508,18.834999084472656,18.709999084472656,18.834999084472656,28886,0.0,0.0
2024-04-17 13:30:00-04:00,18.850000381469727,18.8700008392334,18.690000534057617,18.690000534057617,33688,0.0,0.0
2024-04-17 14:30:00-04:00,18.684999465942383,18.889999389648438,18.610000610351562,18.655000686645508,54604,0.0,0.0
2024-04-17 15:30:00-04:00,18.6299991607666,18.704999923706055,18.600000381469727,18.649999618530273,116212,0.0,0.0
2024-04-18 09:30:00-04:00,18.56999969482422,18.81999969482422,18.219999313354492,18.815000534057617,55742,0.0,0.0
2024-04-18 10:30:00-04:00,18.809999465942383,18.905000686645508,18.690000534057617,18.815000534057617,53815,0.0,0.0
2024-04-18 11:30:00-04:00,18.81999969482422,18.905000686645508,18.709999084472656,18.739999771118164,46030,0.0,0.0
2024-04-18 12:30:00-04:00,18.729999542236328,18.75,18.649999618530273,18.670000076293945,36146,0.0,0.0
2024-04-18 13:30:00-04:00,18.670000076293945,18.670000076293945,18.540000915527344,18.559999465942383,46433,0.0,0.0
2024-04-18 14:30:00-04:00,18.559999465942383,18.610000610351562,18.510000228881836,18.59000015258789,50089,0.0,0.0
2024-04-18 15:30:00-04:00,18.614999771118164,18.639999389648438,18.479999542236328,18.510000228881836,121611,0.0,0.0
2024-04-19 09:30:00-04:00,18.420000076293945,18.684999465942383,18.420000076293945,18.5,50010,0.0,0.0
2024-04-19 10:30:00-04:00,18.479999542236328,18.520000457763672,18.3799991607666,18.510000228881836,32897,0.0,0.0
2024-04-19 11:30:00-04:00,18.512500762939453,18.604999542236328,18.469999313354492,18.489999771118164,38053,0.0,0.0
2024-04-19 12:30:00-04:00,18.489999771118164,18.540000915527344,18.44499969482422,18.44499969482422,33606,0.0,0.0
2024-04-19 13:30:00-04:00,18.459999084472656,18.5,18.34000015258789,18.34000015258789,33156,0.0,0.0
2024-04-19 14:30:00-04:00,18.309999465942383,18.43000030517578,18.25,18.415000915527344,35559,0.0,0.0
2024-04-19 15:30:00-04:00,18.40999984741211,18.520000457763672,18.40999984741211,18.514999389648438,97813,0.0,0.0
2024-04-22 09:30:00-04:00,18.760000228881836,18.760000228881836,18.440000534057617,18.5049991607666,35774,0.0,0.0
2024-04-22 10:30:00-04:00,18.51180076599121,18.549999237060547,18.43000030517578,18.459999084472656,23114,0.0,0.0
2024-04-22 11:30:00-04:00,18.469999313354492,18.540000915527344,18.450000762939453,18.5,33634,0.0,0.0
2024-04-22 12:30:00-04:00,18.479999542236328,18.530000686645508,18.459999084472656,18.520000457763672,34150,0.0,0.0
2024-04-22 13:30:00-04:00,18.520000457763672,18.68000030517578,18.520000457763672,18.610599517822266,38844,0.0,0.0
2024-04-22 14:30:00-04:00,18.6200008392334,18.649999618530273,18.530000686645508,18.549999237060547,34771,0.0,0.0
2024-04-22 15:30:00-04:00,18.59000015258789,18.600000381469727,18.44499969482422,18.469999313354492,71613,0.0,0.0
2024-04-23 09:30:00-04:00,18.510000228881836,18.889999389648438,18.510000228881836,18.7549991607666,60884,0.0,0.0
2024-04-23 10:30:00-04:00,18.7549991607666,18.799999237060547,18.68000030517578,18.764999389648438,48937,0.0,0.0
2024-04-23 11:30:00-04:00,18.760000228881836,18.770000457763672,18.670000076293945,18.742799758911133,44730,0.0,0.0
2024-04-23 12:30:00-04:00,18.760000228881836,18.770000457763672,18.700000762939453,18.739999771118164,24451,0.0,0.0
2024-04-23 13:30:00-04:00,18.729999542236328,19.0,18.729999542236328,18.950000762939453,31522,0.0,0.0
2024-04-23 14:30:00-04:00,18.940000534057617,19.0,18.829999923706055,18.829999923706055,48692,0.0,0.0
2024-04-23 15:30:00-04:00,18.81999969482422,18.827499389648438,18.59000015258789,18.59000015258789,127914,0.0,0.0
2024-04-24 09:30:00-04:00,18.540000915527344,18.600000381469727,18.3700008392334,18.530000686645508,34535,0.0,0.0
2024-04-24 10:30:00-04:00,18.510000228881836,18.6299991607666,18.43000030517578,18.6299991607666,40127,0.0,0.0
2024-04-24 11:30:00-04:00,18.6299991607666,18.729999542236328,18.514999389648438,18.700000762939453,49634,0.0,0.0
2024-04-24 12:30:00-04:00,18.69499969482422,18.84000015258789,18.65999984741211,18.709999084472656,33277,0.0,0.0
2024-04-24 13:30:00-04:00,18.72570037841797,18.739999771118164,18.579999923706055,18.635000228881836,52010,0.0,0.0
2024-04-24 14:30:00-04:00,18.6299991607666,18.665000915527344,18.579999923706055,18.59000015258789,54262,0.0,0.0
2024-04-24 15:30:00-04:00,18.579999923706055,18.65999984741211,18.559999465942383,18.628999710083008,96417,0.0,0.0
2024-04-25 09:30:00-04:00,18.34000015258789,18.34000015258789,17.94499969482422,18.149999618530273,34152,0.0,0.0
2024-04-25 10:30:00-04:00,18.139999389648438,18.219999313354492,18.049999237060547,18.170000076293945,44271,0.0,0.0
2024-04-25 11:30:00-04:00,18.149999618530273,18.184999465942383,18.100000381469727,18.1299991607666,36067,0.0,0.0
2024-04-25 12:30:00-04:00,18.139999389648438,18.15999984741211,17.959999084472656,17.9950008392334,40445,0.0,0.0
2024-04-25 13:30:00-04:00,18.030000686645508,18.170000076293945,17.979999542236328,17.989999771118164,108629,0.0,0.0
2024-04-25 14:30:00-04:00,17.969999313354492,18.170000076293945,17.959999084472656,18.149999618530273,68389,0.0,0.0
2024-04-25 15:30:00-04:00,18.149999618530273,18.15999984741211,17.920000076293945,17.979999542236328,91505,0.0,0.0
2024-04-26 09:30:00-04:00,18.110000610351562,18.459999084472656,17.899999618530273,18.290000915527344,27751,0.0,0.0
2024-04-26 10:30:00-04:00,18.274999618530273,18.350000381469727,18.190000534057617,18.290000915527344,33826,0.0,0.0
2024-04-26 11:30:00-04:00,18.260000228881836,18.420000076293945,18.25,18.309999465942383,88402,0.0,0.0
2024-04-26 12:30:00-04:00,18.315000534057617,18.360000610351562,18.219999313354492,18.299999237060547,36074,0.0,0.0
2024-04-26 13:30:00-04:00,18.270000457763672,18.309999465942383,18.170000076293945,18.170000076293945,36818,0.0,0.0
2024-04-26 14:30:00-04:00,18.170000076293945,18.219999313354492,18.139999389648438,18.139999389648438,36330,0.0,0.0
2024-04-26 15:30:00-04:00,18.135000228881836,18.190000534057617,18.079999923706055,18.149999618530273,87308,0.0,0.0
2024-04-29 09:30:00-04:00,18.34000015258789,18.780000686645508,18.34000015258789,18.770000457763672,106010,0.0,0.0
2024-04-29 10:30:00-04:00,18.780000686645508,19.235000610351562,18.780000686645508,19.190000534057617,232721,0.0,0.0
2024-04-29 11:30:00-04:00,19.174999237060547,19.31999969482422,19.059999465942383,19.225000381469727,138815,0.0,0.0
2024-04-29 12:30:00-04:00,19.25,19.36370086669922,19.100000381469727,19.1200008392334,102873,0.0,0.0
2024-04-29 13:30:00-04:00,19.1299991607666,19.43000030517578,19.059999465942383,19.43000030517578,246132,0.0,0.0
2024-04-29 14:30:00-04:00,19.459999084472656,19.549999237060547,19.31999969482422,19.549999237060547,66274,0.0,0.0
2024-04-29 15:30:00-04:00,19.530000686645508,19.8799991607666,19.5,19.799999237060547,200939,0.0,0.0
2024-04-30 09:30:00-04:00,19.489999771118164,20.049999237060547,19.3700008392334,19.885000228881836,68458,0.0,0.0
2024-04-30 10:30:00-04:00,19.8700008392334,19.8700008392334,19.43000030517578,19.6299991607666,56196,0.0,0.0
2024-04-30 11:30:00-04:00,19.610000610351562,19.670000076293945,19.530000686645508,19.559999465942383,25310,0.0,0.0
2024-04-30 12:30:00-04:00,19.510000228881836,19.510000228881836,19.389999389648438,19.475000381469727,21050,0.0,0.0
2024-04-30 13:30:00-04:00,19.459999084472656,19.6200008392334,19.459999084472656,19.59000015258789,34331,0.0,0.0
2024-04-30 14:30:00-04:00,19.600000381469727,19.690000534057617,19.59000015258789,19.635000228881836,33582,0.0,0.0
2024-04-30 15:30:00-04:00,19.6299991607666,19.81999969482422,19.549999237060547,19.56999969482422,176298,0.0,0.0
2024-05-01 09:30:00-04:00,19.739999771118164,20.0,19.329999923706055,19.43000030517578,79373,0.0,0.0
2024-05-01 10:30:00-04:00,19.420000076293945,19.420000076293945,18.825000762939453,18.93000030517578,57890,0.0,0.0
2024-05-01 11:30:00-04:00,18.899999618530273,19.290000915527344,18.895000457763672,19.235000610351562,88291,0.0,0.0
2024-05-01 12:30:00-04:00,19.239999771118164,19.260000228881836,19.049999237060547,19.079999923706055,90230,0.0,0.0
2024-05-01 13:30:00-04:00,19.149999618530273,19.684999465942383,19.059999465942383,19.684999465942383,60457,0.0,0.0
2024-05-01 14:30:00-04:00,19.700000762939453,20.030000686645508,19.350000381469727,19.885000228881836,140521,0.0,0.0
2024-05-01 15:30:00-04:00,19.889999389648438,19.899999618530273,19.450000762939453,19.459999084472656,236319,0.0,0.0
2024-05-02 09:30:00-04:00,19.670000076293945,19.739999771118164,19.049999237060547,19.155000686645508,31307,0.0,0.0
2024-05-02 10:30:00-04:00,19.190000534057617,19.30500030517578,19.049999237060547,19.190000534057617,52419,0.0,0.0
2024-05-02 11:30:00-04:00,19.18000030517578,19.450000762939453,19.18000030517578,19.40999984741211,35056,0.0,0.0
2024-05-02 12:30:00-04:00,19.43000030517578,19.43000030517578,19.260000228881836,19.40999984741211,31057,0.0,0.0
2024-05-02 13:30:00-04:00,19.44499969482422,19.4950008392334,19.290000915527344,19.3799991607666,43201,0.0,0.0
2024-05-02 14:30:00-04:00,19.3799991607666,19.489999771118164,19.329999923706055,19.329999923706055,51391,0.0,0.0
2024-05-02 15:30:00-04:00,19.299999237060547,19.34000015258789,19.190000534057617,19.209999084472656,84663,0.0,0.0
2024-05-03 09:30:00-04:00,19.850000381469727,20.09000015258789,19.459999084472656,19.639999389648438,46332,0.0,0.0
2024-05-03 10:30:00-04:00,19.649999618530273,19.670000076293945,19.469999313354492,19.53499984741211,28717,0.0,0.0
2024-05-03 11:30:00-04:00,19.540000915527344,19.729999542236328,19.510000228881836,19.645000457763672,49030,0.0,0.0
2024-05-03 12:30:00-04:00,19.6299991607666,19.639999389648438,19.59000015258789,19.6299991607666,27025,0.0,0.0
2024-05-03 13:30:00-04:00,19.625,19.739999771118164,19.579999923706055,19.665000915527344,40408,0.0,0.0
2024-05-03 14:30:00-04:00,19.68000030517578,19.690000534057617,19.530000686645508,19.53499984741211,36023,0.0,0.0
2024-05-03 15:30:00-04:00,19.53499984741211,19.540000915527344,19.399999618530273,19.454999923706055,124499,0.0,0.0
2024-05-06 09:30:00-04:00,19.56999969482422,20.06999969482422,19.469999313354492,20.014999389648438,33380,0.0,0.0
2024-05-06 10:30:00-04:00,19.875,19.93000030517578,19.469999313354492,19.815000534057617,70317,0.0,0.0
2024-05-06 11:30:00-04:00,19.829999923706055,20.030000686645508,19.829999923706055,19.985000610351562,51397,0.0,0.0
2024-05-06 12:30:00-04:00,19.989999771118164,20.1299991607666,19.954999923706055,20.010000228881836,50615,0.0,0.0
2024-05-06 13:30:00-04:00,20.0049991607666,20.200000762939453,19.989999771118164,20.170000076293945,41460,0.0,0.0
2024-05-06 14:30:00-04:00,20.1697998046875,20.170000076293945,19.979999542236328,20.049999237060547,85688,0.0,0.0
2024-05-06 15:30:00-04:00,20.03499984741211,20.040000915527344,19.81999969482422,19.950000762939453,155513,0.0,0.0
2024-05-07 09:30:00-04:00,19.959999084472656,20.149999618530273,19.670000076293945,19.739999771118164,104722,0.0,0.0
2024-05-07 10:30:00-04:00,19.729999542236328,19.780000686645508,19.5,19.584999084472656,106277,0.0,0.0
2024-05-07 11:30:00-04:00,19.559999465942383,19.90999984741211,19.549999237060547,19.81999969482422,105099,0.0,0.0
2024-05-07 12:30:00-04:00,19.802000045776367,19.80500030517578,19.65999984741211,19.71500015258789,48520,0.0,0.0
2024-05-07 13:30:00-04:00,19.71500015258789,19.75,19.594999313354492,19.639999389648438,76904,0.0,0.0
2024-05-07 14:30:00-04:00,19.649999618530273,19.760000228881836,19.610000610351562,19.75,59820,0.0,0.0
2024-05-07 15:30:00-04:00,19.75,19.93000030517578,19.735000610351562,19.799999237060547,186749,0.0,0.0
2024-05-08 09:30:00-04:00,23.447999954223633,23.8700008392334,22.1299991607666,23.4950008392334,460163,0.0,0.0
2024-05-08 10:30:00-04:00,23.520000457763672,24.170000076293945,23.389999389648438,23.8799991607666,489755,0.0,0.0
2024-05-08 11:30:00-04:00,23.84000015258789,23.93000030517578,22.575000762939453,22.639999389648438,215394,0.0,0.0
2024-05-08 12:30:00-04:00,22.600000381469727,22.780000686645508,22.31999969482422,22.420000076293945,195190,0.0,0.0
2024-05-08 13:30:00-04:00,22.450000762939453,22.8799991607666,22.40999984741211,22.834999084472656,135443,0.0,0.0
2024-05-08 14:30:00-04:00,22.889999389648438,23.799999237060547,22.774999618530273,23.790000915527344,482445,0.0,0.0
2024-05-08 15:30:00-04:00,23.790000915527344,24.0,23.709999084472656,23.940000534057617,380760,0.0,0.0
2024-05-09 09:30:00-04:00,24.0,25.1200008392334,23.671199798583984,24.950000762939453,209825,0.0,0.0
2024-05-09 10:30:00-04:00,24.940000534057617,25.18000030517578,24.469999313354492,24.469999313354492,120514,0.0,0.0
2024-05-09 11:30:00-04:00,24.5,24.860000610351562,24.5,24.760000228881836,95654,0.0,0.0
2024-05-09 12:30:00-04:00,24.75,24.8700008392334,24.540000915527344,24.559999465942383,86316,0.0,0.0
2024-05-09 13:30:00-04:00,24.520000457763672,24.899999618530273,24.479999542236328,24.899999618530273,73969,0.0,0.0
2024-05-09 14:30:00-04:00,24.899999618530273,24.989999771118164,24.739999771118164,24.969999313354492,94897,0.0,0.0
2024-05-09 15:30:00-04:00,24.979999542236328,25.280000686645508,24.90999984741211,25.280000686645508,216912,0.0,0.0
2024-05-10 09:30:00-04:00,25.15999984741211,25.950000762939453,25.09000015258789,25.649999618530273,173482,0.0,0.0
2024-05-10 10:30:00-04:00,25.600000381469727,25.65999984741211,25.0,25.30500030517578,98746,0.0,0.0
2024-05-10 11:30:00-04:00,25.309999465942383,25.540000915527344,25.309999465942383,25.485000610351562,98014,0.0,0.0
2024-05-10 12:30:00-04:00,25.469999313354492,25.510000228881836,25.15999984741211,25.15999984741211,64656,0.0,0.0
2024-05-10 13:30:00-04:00,25.1200008392334,25.41860008239746,24.989999771118164,25.295000076293945,106550,0.0,0.0
2024-05-10 14:30:00-04:00,25.299999237060547,25.469999313354492,25.200000762939453,25.399999618530273,114105,0.0,0.0
2024-05-10 15:30:00-04:00,25.385000228881836,25.53499984741211,25.350000381469727,25.469999313354492,168551,0.0,0.0
2024-05-13 09:30:00-04:00,25.479999542236328,25.860000610351562,24.979999542236328,25.229999542236328,199728,0.0,0.0
2024-05-13 10:30:00-04:00,25.200000762939453,25.239999771118164,24.93000030517578,25.200000762939453,134020,0.0,0.0
2024-05-13 11:30:00-04:00,25.165000915527344,25.209999084472656,24.969999313354492,25.139999389648438,153631,0.0,0.0
2024-05-13 12:30:00-04:00,25.135000228881836,25.21500015258789,25.00189971923828,25.079999923706055,75423,0.0,0.0
2024-05-13 13:30:00-04:00,25.075000762939453,25.135000228881836,24.93000030517578,24.98590087890625,76108,0.0,0.0
2024-05-13 14:30:00-04:00,24.969999313354492,25.1200008392334,24.969999313354492,24.969999313354492,108489,0.0,0.0
2024-05-13 15:30:00-04:00,24.969999313354492,25.065000534057617,24.885000228881836,24.93000030517578,218821,0.0,0.0
2024-05-14 09:30:00-04:00,25.219999313354492,25.5,25.024999618530273,25.079999923706055,100663,0.0,0.0
2024-05-14 10:30:00-04:00,25.100000381469727,25.280000686645508,24.934999465942383,25.200000762939453,72475,0.0,0.0
2024-05-14 11:30:00-04:00,25.18000030517578,25.280000686645508,24.93000030517578,25.200000762939453,97370,0.0,0.0
2024-05-14 12:30:00-04:00,25.190000534057617,25.25,25.100000381469727,25.149999618530273,55133,0.0,0.0
2024-05-14 13:30:00-04:00,25.155000686645508,25.18000030517578,24.90999984741211,24.920000076293945,77257,0.0,0.0
2024-05-14 14:30:00-04:00,24.920000076293945,25.479999542236328,24.915000915527344,25.420000076293945,212770,0.0,0.0
2024-05-14 15:30:00-04:00,25.399999618530273,25.44499969482422,25.299999237060547,25.34000015258789,175234,0.0,0.0
2024-05-15 09:30:00-04:00,25.600000381469727,25.649999618530273,24.979999542236328,25.219999313354492,191453,0.0,0.0
2024-05-15 10:30:00-04:00,25.264999389648438,25.43000030517578,24.989999771118164,25.170000076293945,80044,0.0,0.0
2024-05-15 11:30:00-04:00,25.209999084472656,25.31999969482422,25.079999923706055,25.18000030517578,64322,0.0,0.0
2024-05-15 12:30:00-04:00,25.200000762939453,25.344999313354492,25.059999465942383,25.094999313354492,135135,0.0,0.0
2024-05-15 13:30:00-04:00,25.075000762939453,25.219999313354492,24.959999084472656,24.979999542236328,308809,0.0,0.0
2024-05-15 14:30:00-04:00,24.979999542236328,25.18000030517578,24.83009910583496,24.93000030517578,168945,0.0,0.0
2024-05-15 15:30:00-04:00,24.93000030517578,24.93000030517578,24.6299991607666,24.649999618530273,210494,0.0,0.0
2024-05-16 09:30:00-04:00,24.360000610351562,24.454999923706055,23.770000457763672,24.045000076293945,196978,0.0,0.0
2024-05-16 10:30:00-04:00,24.065000534057617,24.639999389648438,24.030000686645508,24.639999389648438,107212,0.0,0.0
2024-05-16 11:30:00-04:00,24.635000228881836,24.84000015258789,24.559999465942383,24.84000015258789,42637,0.0,0.0
2024-05-16 12:30:00-04:00,24.844999313354492,24.915000915527344,24.6200008392334,24.6200008392334,50098,0.0,0.0
2024-05-16 13:30:00-04:00,24.610000610351562,24.6200008392334,24.450000762939453,24.549999237060547,52500,0.0,0.0
2024-05-16 14:30:00-04:00,24.549999237060547,24.739999771118164,24.520000457763672,24.684999465942383,64024,0.0,0.0
2024-05-16 15:30:00-04:00,24.690000534057617,24.799999237060547,24.579999923706055,24.579999923706055,219052,0.0,0.0
2024-05-17 09:30:00-04:00,24.790000915527344,25.100000381469727,24.610000610351562,24.829999923706055,104033,0.0,0.0
2024-05-17 10:30:00-04:00,24.860000610351562,25.309999465942383,24.81999969482422,25.25,57035,0.0,0.0
2024-05-17 11:30:00-04:00,25.274999618530273,25.3799991607666,25.170000076293945,25.18000030517578,39412,0.0,0.0
2024-05-17 12:30:00-04:00,25.139999389648438,25.43000030517578,25.1200008392334,25.375,61010,0.0,0.0
2024-05-17 13:30:00-04:00,25.3799991607666,25.540000915527344,25.3700008392334,25.43000030517578,41443,0.0,0.0
2024-05-17 14:30:00-04:00,25.440000534057617,25.440000534057617,25.079999923706055,25.19499969482422,55287,0.0,0.0
2024-05-17 15:30:00-04:00,25.190000534057617,25.34000015258789,25.170000076293945,25.299999237060547,93279,0.0,0.0
2024-05-20 09:30:00-04:00,25.190000534057617,25.489900588989258,25.139999389648438,25.209999084472656,37444,0.0,0.0
2024-05-20 10:30:00-04:00,25.25,25.34000015258789,25.15999984741211,25.209999084472656,25960,0.0,0.0
2024-05-20 11:30:00-04:00,25.200000762939453,25.31999969482422,25.094999313354492,25.239999771118164,207052,0.0,0.0
2024-05-20 12:30:00-04:00,25.235000610351562,25.239999771118164,25.1200008392334,25.1200008392334,27411,0.0,0.0
2024-05-20 13:30:00-04:00,25.139999389648438,25.329999923706055,25.075000762939453,25.290000915527344,111712,0.0,0.0
2024-05-20 14:30:00-04:00,25.329999923706055,25.43000030517578,25.219999313354492,25.31999969482422,123285,0.0,0.0
2024-05-20 15:30:00-04:00,25.315000534057617,25.3799991607666,24.93000030517578,24.989999771118164,120042,0.0,0.0
2024-05-21 09:30:00-04:00,24.6200008392334,24.950000762939453,24.6200008392334,24.799999237060547,65770,0.0,0.0
2024-05-21 10:30:00-04:00,24.770000457763672,24.850000381469727,24.639999389648438,24.704999923706055,32836,0.0,0.0
2024-05-21 11:30:00-04:00,24.690000534057617,24.690000534057617,24.420000076293945,24.5,33725,0.0,0.0
2024-05-21 12:30:00-04:00,24.489999771118164,24.520000457763672,24.420000076293945,24.4950008392334,21113,0.0,0.0
2024-05-21 13:30:00-04:00,24.5,24.545000076293945,24.450000762939453,24.479999542236328,67800,0.0,0.0
2024-05-21 14:30:00-04:00,24.469999313354492,24.479999542236328,24.31999969482422,24.399999618530273,36672,0.0,0.0
2024-05-21 15:30:00-04:00,24.390100479125977,24.469999313354492,24.360000610351562,24.3700008392334,74688,0.0,0.0
2024-05-22 09:30:00-04:00,24.270000457763672,24.510000228881836,24.229999542236328,24.434999465942383,48006,0.0,0.0
2024-05-22 10:30:00-04:00,24.440000534057617,24.93000030517578,24.42099952697754,24.709999084472656,65544,0.0,0.0
2024-05-22 11:30:00-04:00,24.709999084472656,24.84000015258789,24.68000030517578,24.75,33271,0.0,0.0
2024-05-22 12:30:00-04:00,24.760000228881836,24.790000915527344,24.06999969482422,24.43000030517578,114251,0.0,0.0
2024-05-22 13:30:00-04:00,24.450000762939453,24.469999313354492,24.030000686645508,24.030099868774414,65799,0.0,0.0
2024-05-22 14:30:00-04:00,24.030000686645508,24.200000762939453,24.010000228881836,24.1200008392334,71681,0.0,0.0
2024-05-22 15:30:00-04:00,24.1299991607666,24.149999618530273,23.8799991607666,23.989999771118164,167723,0.0,0.0
2024-05-23 09:30:00-04:00,24.059999465942383,24.059999465942383,23.59000015258789,23.68000030517578,39540,0.0,0.0
2024-05-23 10:30:00-04:00,23.68000030517578,23.8799991607666,23.65999984741211,23.75,23155,0.0,0.0
2024-05-23 11:30:00-04:00,23.7549991607666,23.760000228881836,23.639999389648438,23.729999542236328,25641,0.0,0.0
2024-05-23 12:30:00-04:00,23.735000610351562,23.735000610351562,23.40999984741211,23.440000534057617,47492,0.0,0.0
2024-05-23 13:30:00-04:00,23.454999923706055,23.454999923706055,23.209999084472656,23.229999542236328,40463,0.0,0.0
2024-05-23 14:30:00-04:00,23.25,23.329999923706055,23.229999542236328,23.299999237060547,46618,0.0,0.0
2024-05-23 15:30:00-04:00,23.299999237060547,23.329999923706055,23.200000762939453,23.270000457763672,131040,0.0,0.0
2024-05-24 09:30:00-04:00,23.40999984741211,23.510000228881836,23.09000015258789,23.5,24769,0.0,0.0
2024-05-24 10:30:00-04:00,23.469999313354492,23.469999313354492,23.18000030517578,23.25,44131,0.0,0.0
2024-05-24 11:30:00-04:00,23.2450008392334,23.2450008392334,22.959999084472656,23.139999389648438,26770,0.0,0.0
2024-05-24 12:30:00-04:00,23.139999389648438,23.15999984741211,23.059999465942383,23.100000381469727,22981,0.0,0.0
2024-05-24 13:30:00-04:00,23.100000381469727,23.200000762939453,23.030000686645508,23.030000686645508,32873,0.0,0.0
2024-05-24 14:30:00-04:00,23.030000686645508,23.06999969482422,22.989999771118164,23.010000228881836,23412,0.0,0.0
2024-05-24 15:30:00-04:00,23.030000686645508,23.209999084472656,23.020000457763672,23.149999618530273,62507,0.0,0.0
2024-05-28 09:30:00-04:00,23.389999389648438,23.81999969482422,22.68000030517578,23.274999618530273,44454,0.0,0.0
2024-05-28 10:30:00-04:00,23.290000915527344,23.3799991607666,23.149999618530273,23.309999465942383,24637,0.0,0.0
2024-05-28 11:30:00-04:00,23.299999237060547,23.319299697875977,23.2549991607666,23.299999237060547,20279,0.0,0.0
2024-05-28 12:30:00-04:00,23.295000076293945,23.43000030517578,23.270000457763672,23.415000915527344,24848,0.0,0.0
2024-05-28 13:30:00-04:00,23.399999618530273,23.524999618530273,23.389999389648438,23.40999984741211,32835,0.0,0.0
2024-05-28 14:30:00-04:00,23.415000915527344,23.579999923706055,23.200000762939453,23.200000762939453,59564,0.0,0.0
2024-05-28 15:30:00-04:00,23.219999313354492,23.399999618530273,23.209999084472656,23.31999969482422,112562,0.0,0.0
2024-05-29 09:30:00-04:00,22.850000381469727,22.8700008392334,22.559999465942383,22.639999389648438,40152,0.0,0.0
2024-05-29 10:30:00-04:00,22.65519905090332,22.729999542236328,22.510000228881836,22.729999542236328,38031,0.0,0.0
2024-05-29 11:30:00-04:00,22.729999542236328,22.934999465942383,22.674999237060547,22.934999465942383,42448,0.0,0.0
2024-05-29 12:30:00-04:00,22.934999465942383,23.065000534057617,22.920000076293945,23.040000915527344,25271,0.0,0.0
2024-05-29 13:30:00-04:00,23.049999237060547,23.09000015258789,22.829999923706055,22.829999923706055,42230,0.0,0.0
2024-05-29 14:30:00-04:00,22.829999923706055,23.0,22.790000915527344,22.96500015258789,61380,0.0,0.0
2024-05-29 15:30:00-04:00,22.96500015258789,23.010000228881836,22.690000534057617,22.700000762939453,130720,0.0,0.0
2024-05-30 09:30:00-04:00,22.899999618530273,22.899999618530273,22.530000686645508,22.649999618530273,32116,0.0,0.0
2024-05-30 10:30:00-04:00,22.6299991607666,22.719999313354492,22.514999389648438,22.6299991607666,21967,0.0,0.0
2024-05-30 11:30:00-04:00,22.6299991607666,22.790000915527344,22.56999969482422,22.700000762939453,29473,0.0,0.0
2024-05-30 12:30:00-04:00,22.719999313354492,22.899999618530273,22.68000030517578,22.68000030517578,38146,0.0,0.0
2024-05-30 13:30:00-04:00,22.670000076293945,22.735000610351562,22.479999542236328,22.479999542236328,46127,0.0,0.0
2024-05-30 14:30:00-04:00,22.475000381469727,22.549999237060547,22.299999237060547,22.329999923706055,69769,0.0,0.0
2024-05-30 15:30:00-04:00,22.329999923706055,22.459999084472656,22.18000030517578,22.450000762939453,155999,0.0,0.0
2024-05-31 09:30:00-04:00,22.65999984741211,22.90999984741211,22.424999237060547,22.8799991607666,39761,0.0,0.0
2024-05-31 10:30:00-04:00,22.8799991607666,23.149999618530273,22.780000686645508,23.079999923706055,49228,0.0,0.0
2024-05-31 11:30:00-04:00,23.059999465942383,23.200000762939453,22.899999618530273,23.200000762939453,56414,0.0,0.0
2024-05-31 12:30:00-04:00,23.18000030517578,23.18000030517578,22.8799991607666,23.010000228881836,56798,0.0,0.0
2024-05-31 13:30:00-04:00,23.030000686645508,23.030000686645508,22.829999923706055,22.969999313354492,55613,0.0,0.0
2024-05-31 14:30:00-04:00,22.969999313354492,23.06999969482422,22.940000534057617,22.969999313354492,52503,0.0,0.0
2024-05-31 15:30:00-04:00,22.969999313354492,23.040000915527344,22.729999542236328,22.760000228881836,111703,0.0,0.0
2024-06-03 09:30:00-04:00,22.040000915527344,22.940000534057617,21.770000457763672,22.93000030517578,175702,0.0,0.0
2024-06-03 10:30:00-04:00,22.889999389648438,23.030000686645508,22.760000228881836,22.809999465942383,73005,0.0,0.0
2024-06-03 11:30:00-04:00,22.760000228881836,22.764999389648438,22.079999923706055,22.149999618530273,57760,0.0,0.0
2024-06-03 12:30:00-04:00,22.149999618530273,22.292499542236328,22.059999465942383,22.139999389648438,42126,0.0,0.0
2024-06-03 13:30:00-04:00,22.18000030517578,22.360000610351562,22.125,22.229999542236328,46574,0.0,0.0
2024-06-03 14:30:00-04:00,22.239999771118164,22.31999969482422,22.049999237060547,22.25,64120,0.0,0.0
2024-06-03 15:30:00-04:00,22.229999542236328,22.3700008392334,22.149999618530273,22.350000381469727,120123,0.0,0.0
2024-06-04 09:30:00-04:00,22.049999237060547,22.549999237060547,21.81999969482422,22.200000762939453,93600,0.0,0.0
2024-06-04 10:30:00-04:00,22.197999954223633,22.589500427246094,22.18000030517578,22.56999969482422,56280,0.0,0.0
2024-06-04 11:30:00-04:00,22.549999237060547,22.6200008392334,22.43000030517578,22.56999969482422,49835,0.0,0.0
2024-06-04 12:30:00-04:00,22.59000015258789,22.649999618530273,22.25,22.450000762939453,102104,0.0,0.0
2024-06-04 13:30:00-04:00,22.469999313354492,22.479999542236328,22.309999465942383,22.420000076293945,49687,0.0,0.0
2024-06-04 14:30:00-04:00,22.43000030517578,22.43000030517578,22.260000228881836,22.389999389648438,62541,0.0,0.0
2024-06-04 15:30:00-04:00,22.389999389648438,22.489999771118164,22.235000610351562,22.350000381469727,139153,0.0,0.0
2024-06-05 09:30:00-04:00,22.510000228881836,22.549999237060547,22.219999313354492,22.514999389648438,45742,0.0,0.0
2024-06-05 10:30:00-04:00,22.514999389648438,22.75,22.473100662231445,22.558799743652344,67864,0.0,0.0
2024-06-05 11:30:00-04:00,22.540000915527344,22.639999389648438,22.43000030517578,22.625,55404,0.0,0.0
2024-06-05 12:30:00-04:00,22.639999389648438,22.65999984741211,22.40999984741211,22.540000915527344,73688,0.0,0.0
2024-06-05 13:30:00-04:00,22.559999465942383,22.844999313354492,22.549999237060547,22.735000610351562,21039,0.0,0.0
2024-06-05 14:30:00-04:00,22.735000610351562,22.735000610351562,22.559999465942383,22.559999465942383,39760,0.0,0.0
2024-06-05 15:30:00-04:00,22.59000015258789,22.729999542236328,22.549999237060547,22.690000534057617,92640,0.0,0.0
2024-06-06 09:30:00-04:00,22.559999465942383,23.040000915527344,22.450000762939453,22.979999542236328,43189,0.0,0.0
2024-06-06 10:30:00-04:00,22.93899917602539,23.1200008392334,22.93899917602539,23.110000610351562,22408,0.0,0.0
2024-06-06 11:30:00-04:00,23.139999389648438,23.270000457763672,22.809999465942383,22.829999923706055,63153,0.0,0.0
2024-06-06 12:30:00-04:00,22.825000762939453,23.06999969482422,22.764999389648438,23.059999465942383,50807,0.0,0.0
2024-06-06 13:30:00-04:00,23.049999237060547,23.049999237060547,22.714799880981445,22.714799880981445,42568,0.0,0.0
2024-06-06 14:30:00-04:00,22.729999542236328,22.760000228881836,22.479999542236328,22.549999237060547,35070,0.0,0.0
2024-06-06 15:30:00-04:00,22.540000915527344,22.540000915527344,22.260000228881836,22.299999237060547,104575,0.0,0.0
2024-06-07 09:30:00-04:00,21.989999771118164,22.225000381469727,21.809999465942383,22.18000030517578,38987,0.0,0.0
2024-06-07 10:30:00-04:00,22.139999389648438,22.225000381469727,21.940000534057617,22.170000076293945,30955,0.0,0.0
2024-06-07 11:30:00-04:00,22.209999084472656,22.31999969482422,22.200000762939453,22.31999969482422,21601,0.0,0.0
2024-06-07 12:30:00-04:00,22.31999969482422,22.31999969482422,21.969999313354492,21.969999313354492,29248,0.0,0.0
2024-06-07 13:30:00-04:00,21.950000762939453,22.15999984741211,21.93000030517578,22.1299991607666,41248,0.0,0.0
2024-06-07 14:30:00-04:00,22.121299743652344,22.229999542236328,22.094999313354492,22.229999542236328,51791,0.0,0.0
2024-06-07 15:30:00-04:00,22.209999084472656,22.219999313354492,22.06999969482422,22.139999389648438,140827,0.0,0.0
2024-06-10 09:30:00-04:00,21.809999465942383,21.825000762939453,21.260000228881836,21.270000457763672,83218,0.0,0.0
2024-06-10 10:30:00-04:00,21.25,21.760000228881836,21.25,21.510000228881836,41953,0.0,0.0
2024-06-10 11:30:00-04:00,21.5049991607666,21.530000686645508,21.2450008392334,21.31999969482422,45785,0.0,0.0
2024-06-10 12:30:00-04:00,21.329999923706055,21.485000610351562,21.219999313354492,21.395000457763672,55712,0.0,0.0
2024-06-10 13:30:00-04:00,21.360000610351562,21.59000015258789,21.329999923706055,21.5,61545,0.0,0.0
2024-06-10 14:30:00-04:00,21.4950008392334,21.875,21.479999542236328,21.84000015258789,55724,0.0,0.0
2024-06-10 15:30:00-04:00,21.850000381469727,22.209999084472656,21.809999465942383,22.209999084472656,225010,0.0,0.0
2024-06-11 09:30:00-04:00,21.959999084472656,22.299999237060547,21.760000228881836,22.299999237060547,48455,0.0,0.0
2024-06-11 10:30:00-04:00,22.299999237060547,22.44499969482422,22.020000457763672,22.100000381469727,28724,0.0,0.0
2024-06-11 11:30:00-04:00,22.15999984741211,22.290000915527344,22.100000381469727,22.225000381469727,33952,0.0,0.0
2024-06-11 12:30:00-04:00,22.229999542236328,22.40999984741211,22.19499969482422,22.40999984741211,38884,0.0,0.0
2024-06-11 13:30:00-04:00,22.415000915527344,22.4950008392334,22.31999969482422,22.454999923706055,63155,0.0,0.0
2024-06-11 14:30:00-04:00,22.454999923706055,22.459999084472656,22.239999771118164,22.290000915527344,44923,0.0,0.0
2024-06-11 15:30:00-04:00,22.280000686645508,22.489999771118164,22.280000686645508,22.450000762939453,95223,0.0,0.0
2024-06-12 09:30:00-04:00,24.010000228881836,24.010000228881836,22.950000762939453,23.56999969482422,98840,0.0,0.0
2024-06-12 10:30:00-04:00,23.549999237060547,23.709999084472656,23.479999542236328,23.59000015258789,45070,0.0,0.0
2024-06-12 11:30:00-04:00,23.56999969482422,23.739999771118164,23.530000686645508,23.639999389648438,37775,0.0,0.0
2024-06-12 12:30:00-04:00,23.65999984741211,24.110000610351562,23.649999618530273,24.110000610351562,100731,0.0,0.0
2024-06-12 13:30:00-04:00,24.079999923706055,24.260000228881836,23.81999969482422,23.899999618530273,101729,0.0,0.0
2024-06-12 14:30:00-04:00,23.899999618530273,23.989999771118164,23.309999465942383,23.350000381469727,120892,0.0,0.0
2024-06-12 15:30:00-04:00,23.274999618530273,23.649999618530273,23.18000030517578,23.520000457763672,148787,0.0,0.0
2024-06-13 09:30:00-04:00,23.329999923706055,23.6200008392334,23.190000534057617,23.229999542236328,44052,0.0,0.0
2024-06-13 10:30:00-04:00,23.260000228881836,23.389999389648438,23.235000610351562,23.299999237060547,40793,0.0,0.0
2024-06-13 11:30:00-04:00,23.280000686645508,23.329999923706055,23.1200008392334,23.25,35690,0.0,0.0
2024-06-13 12:30:00-04:00,23.229999542236328,23.26289939880371,23.094999313354492,23.260000228881836,61365,0.0,0.0
2024-06-13 13:30:00-04:00,23.25,23.280000686645508,23.079999923706055,23.079999923706055,43143,0.0,0.0
2024-06-13 14:30:00-04:00,23.075000762939453,23.219999313354492,23.010000228881836,23.18000030517578,41057,0.0,0.0
2024-06-13 15:30:00-04:00,23.170000076293945,23.450000762939453,23.1299991607666,23.280000686645508,193260,0.0,0.0
2024-06-14 09:30:00-04:00,22.93000030517578,23.43000030517578,22.350000381469727,22.5049991607666,45127,0.0,0.0
2024-06-14 10:30:00-04:00,22.489999771118164,22.729999542236328,22.420000076293945,22.729999542236328,46700,0.0,0.0
2024-06-14 11:30:00-04:00,22.735000610351562,22.81999969482422,22.649999618530273,22.739999771118164,37087,0.0,0.0
2024-06-14 12:30:00-04:00,22.725000381469727,23.06999969482422,22.719999313354492,23.059999465942383,46750,0.0,0.0
2024-06-14 13:30:00-04:00,23.059999465942383,23.110000610351562,22.9950008392334,23.065000534057617,69386,0.0,0.0
2024-06-14 14:30:00-04:00,23.059999465942383,23.25,23.00200080871582,23.2450008392334,84224,0.0,0.0
2024-06-14 15:30:00-04:00,23.2450008392334,23.31999969482422,23.149999618530273,23.190000534057617,139111,0.0,0.0
2024-06-17 09:30:00-04:00,23.1200008392334,23.790000915527344,22.93000030517578,23.350000381469727,79280,0.0,0.0
2024-06-17 10:30:00-04:00,23.229999542236328,23.299999237060547,22.959999084472656,23.219999313354492,61359,0.0,0.0
2024-06-17 11:30:00-04:00,23.200000762939453,23.3799991607666,23.079999923706055,23.270000457763672,64903,0.0,0.0
2024-06-17 12:30:00-04:00,23.25,23.524200439453125,23.190000534057617,23.520000457763672,70974,0.0,0.0
2024-06-17 13:30:00-04:00,23.5,23.729999542236328,23.389999389648438,23.700000762939453,73642,0.0,0.0
2024-06-17 14:30:00-04:00,23.690000534057617,23.730100631713867,23.59000015258789,23.709999084472656,79903,0.0,0.0
2024-06-17 15:30:00-04:00,23.68000030517578,24.06999969482422,23.65999984741211,24.040000915527344,215811,0.0,0.0
2024-06-18 09:30:00-04:00,24.059999465942383,24.059999465942383,23.40999984741211,23.790000915527344,53597,0.0,0.0
2024-06-18 10:30:00-04:00,23.799999237060547,24.040000915527344,23.799999237060547,23.934999465942383,76800,0.0,0.0
2024-06-18 11:30:00-04:00,23.94499969482422,24.260000228881836,23.829999923706055,24.1299991607666,110311,0.0,0.0
2024-06-18 12:30:00-04:00,24.1299991607666,24.18000030517578,23.940000534057617,23.940000534057617,53699,0.0,0.0
2024-06-18 13:30:00-04:00,23.93000030517578,23.989999771118164,23.700000762939453,23.854999542236328,112778,0.0,0.0
2024-06-18 14:30:00-04:00,23.90999984741211,23.959999084472656,23.770000457763672,23.899999618530273,130663,0.0,0.0
2024-06-18 15:30:00-04:00,23.899999618530273,23.920000076293945,23.760000228881836,23.920000076293945,131064,0.0,0.0
2024-06-20 09:30:00-04:00,23.760000228881836,24.049999237060547,23.360000610351562,23.920000076293945,44171,0.0,0.0
2024-06-20 10:30:00-04:00,23.8799991607666,24.28499984741211,23.834999084472656,24.18000030517578,66098,0.0,0.0
2024-06-20 11:30:00-04:00,24.170000076293945,24.209999084472656,23.940000534057617,23.979999542236328,48178,0.0,0.0
2024-06-20 12:30:00-04:00,24.0,24.010000228881836,23.709999084472656,23.809999465942383,52060,0.0,0.0
2024-06-20 13:30:00-04:00,23.829999923706055,24.037500381469727,23.81999969482422,23.979999542236328,66330,0.0,0.0
2024-06-20 14:30:00-04:00,23.975000381469727,23.989999771118164,23.670000076293945,23.729999542236328,63255,0.0,0.0
2024-06-20 15:30:00-04:00,23.719999313354492,23.809999465942383,23.610000610351562,23.799999237060547,131170,0.0,0.0
2024-06-21 09:30:00-04:00,23.8700008392334,24.31999969482422,23.740100860595703,23.979999542236328,204341,0.0,0.0
2024-06-21 10:30:00-04:00,23.979999542236328,24.040000915527344,23.895000457763672,24.0,54258,0.0,0.0
2024-06-21 11:30:00-04:00,24.0049991607666,24.309999465942383,23.989999771118164,24.139999389648438,56871,0.0,0.0
2024-06-21 12:30:00-04:00,24.149999618530273,24.344999313354492,24.1299991607666,24.149999618530273,218196,0.0,0.0
2024-06-21 13:30:00-04:00,24.1299991607666,24.426599502563477,24.1299991607666,24.389999389648438,47264,0.0,0.0
2024-06-21 14:30:00-04:00,24.399999618530273,24.399999618530273,23.899999618530273,23.979999542236328,101562,0.0,0.0
2024-06-21 15:30:00-04:00,23.96500015258789,24.290000915527344,23.6299991607666,24.260000228881836,320618,0.0,0.0
2024-06-24 09:30:00-04:00,24.260000228881836,24.719999313354492,23.959999084472656,24.559999465942383,69139,0.0,0.0
2024-06-24 10:30:00-04:00,24.5,24.639999389648438,24.43000030517578,24.56999969482422,41065,0.0,0.0
2024-06-24 11:30:00-04:00,24.53499984741211,24.600000381469727,24.350400924682617,24.600000381469727,41789,0.0,0.0
2024-06-24 12:30:00-04:00,24.639999389648438,24.690000534057617,24.5,24.6299991607666,44398,0.0,0.0
2024-06-24 13:30:00-04:00,24.610000610351562,24.639999389648438,24.530000686645508,24.530000686645508,49654,0.0,0.0
2024-06-24 14:30:00-04:00,24.540000915527344,24.760000228881836,24.540000915527344,24.719999313354492,51926,0.0,0.0
2024-06-24 15:30:00-04:00,24.739999771118164,24.78499984741211,24.450000762939453,24.520000457763672,139278,0.0,0.0
2024-06-25 09:30:00-04:00,24.399999618530273,24.510000228881836,24.044700622558594,24.34000015258789,48072,0.0,0.0
2024-06-25 10:30:00-04:00,24.34000015258789,24.489999771118164,24.170000076293945,24.3700008392334,30936,0.0,0.0
2024-06-25 11:30:00-04:00,24.3799991607666,24.395000457763672,24.18000030517578,24.395000457763672,41220,0.0,0.0
2024-06-25 12:30:00-04:00,24.405000686645508,24.65999984741211,24.395000457763672,24.6299991607666,31665,0.0,0.0
2024-06-25 13:30:00-04:00,24.639999389648438,24.8799991607666,24.639999389648438,24.860000610351562,39288,0.0,0.0
2024-06-25 14:30:00-04:00,24.850000381469727,24.850000381469727,24.459999084472656,24.649999618530273,71635,0.0,0.0
2024-06-25 15:30:00-04:00,24.6200008392334,24.829999923706055,24.6200008392334,24.674999237060547,99913,0.0,0.0
2024-06-26 09:30:00-04:00,24.469999313354492,24.469999313354492,23.90999984741211,23.92060089111328,54214,0.0,0.0
2024-06-26 10:30:00-04:00,24.010000228881836,24.329999923706055,23.940000534057617,24.329999923706055,51468,0.0,0.0
2024-06-26 11:30:00-04:00,24.329999923706055,24.71500015258789,24.260000228881836,24.579999923706055,57410,0.0,0.0
2024-06-26 12:30:00-04:00,24.55500030517578,24.799999237060547,24.5,24.530000686645508,55144,0.0,0.0
2024-06-26 13:30:00-04:00,24.510000228881836,24.6299991607666,24.440000534057617,24.59000015258789,37733,0.0,0.0
2024-06-26 14:30:00-04:00,24.600000381469727,24.68000030517578,24.477500915527344,24.68000030517578,57172,0.0,0.0
2024-06-26 15:30:00-04:00,24.65999984741211,24.687999725341797,24.530000686645508,24.639999389648438,122616,0.0,0.0
2024-06-27 09:30:00-04:00,24.809999465942383,24.860000610351562,24.270000457763672,24.614999771118164,51514,0.0,0.0
2024-06-27 10:30:00-04:00,24.639999389648438,24.690000534057617,24.219999313354492,24.219999313354492,33645,0.0,0.0
2024-06-27 11:30:00-04:00,24.2450008392334,24.510000228881836,24.139999389648438,24.454999923706055,29144,0.0,0.0
2024-06-27 12:30:00-04:00,24.4950008392334,24.739999771118164,24.469999313354492,24.69499969482422,44246,0.0,0.0
2024-06-27 13:30:00-04:00,24.69499969482422,24.712499618530273,24.579999923706055,24.610000610351562,59120,0.0,0.0
2024-06-27 14:30:00-04:00,24.559999465942383,24.670000076293945,24.350000381469727,24.350000381469727,85983,0.0,0.0
2024-06-27 15:30:00-04:00,24.350000381469727,24.40999984741211,24.139999389648438,24.309999465942383,111189,0.0,0.0
2024-06-28 09:30:00-04:00,24.3799991607666,24.549999237060547,23.995500564575195,24.280000686645508,43225,0.0,0.0
2024-06-28 10:30:00-04:00,24.28499984741211,24.3700008392334,24.059999465942383,24.139999389648438,50363,0.0,0.0
2024-06-28 11:30:00-04:00,24.139999389648438,24.329999923706055,24.010000228881836,24.260000228881836,38571,0.0,0.0
2024-06-28 12:30:00-04:00,24.284099578857422,24.284099578857422,24.049999237060547,24.110000610351562,36012,0.0,0.0
2024-06-28 13:30:00-04:00,24.131999969482422,24.290000915527344,24.065000534057617,24.219999313354492,67721,0.0,0.0
2024-06-28 14:30:00-04:00,24.190000534057617,24.399999618530273,24.170000076293945,24.274999618530273,59177,0.0,0.0
2024-06-28 15:30:00-04:00,24.280000686645508,24.540000915527344,24.200000762939453,24.450000762939453,169402,0.0,0.0
2024-07-01 09:30:00-04:00,24.40999984741211,24.510000228881836,24.06999969482422,24.299999237060547,57816,0.0,0.0
2024-07-01 10:30:00-04:00,24.295000076293945,24.309999465942383,24.049999237060547,24.06999969482422,29568,0.0,0.0
2024-07-01 11:30:00-04:00,24.040000915527344,24.059999465942383,23.639999389648438,23.670000076293945,33360,0.0,0.0
2024-07-01 12:30:00-04:00,23.6299991607666,23.670000076293945,23.559999465942383,23.579999923706055,17896,0.0,0.0
2024-07-01 13:30:00-04:00,23.579999923706055,24.079999923706055,23.520000457763672,23.850000381469727,47650,0.0,0.0
2024-07-01 14:30:00-04:00,23.895000457763672,23.954999923706055,23.8700008392334,23.920000076293945,27708,0.0,0.0
2024-07-01 15:30:00-04:00,23.920000076293945,24.049999237060547,23.889999389648438,23.989999771118164,90353,0.0,0.0
2024-07-02 09:30:00-04:00,24.020000457763672,25.06999969482422,23.760000228881836,25.014999389648438,85938,0.0,0.0
2024-07-02 10:30:00-04:00,25.041799545288086,25.079999923706055,24.729999542236328,24.8700008392334,75164,0.0,0.0
2024-07-02 11:30:00-04:00,24.860000610351562,24.9950008392334,24.59000015258789,24.610000610351562,61058,0.0,0.0
2024-07-02 12:30:00-04:00,24.59000015258789,24.59000015258789,24.3799991607666,24.44499969482422,36812,0.0,0.0
2024-07-02 13:30:00-04:00,24.479999542236328,24.780000686645508,24.450000762939453,24.729999542236328,64970,0.0,0.0
2024-07-02 14:30:00-04:00,24.725000381469727,25.010000228881836,24.69499969482422,24.885000228881836,83275,0.0,0.0
2024-07-02 15:30:00-04:00,24.860000610351562,24.940000534057617,24.670000076293945,24.76099967956543,190022,0.0,0.0
2024-07-03 09:30:00-04:00,24.899999618530273,25.600000381469727,24.81999969482422,25.5,130692,0.0,0.0
2024-07-03 10:30:00-04:00,25.5,25.510000228881836,24.899999618530273,24.969999313354492,91092,0.0,0.0
2024-07-03 11:30:00-04:00,24.969999313354492,25.1200008392334,24.90999984741211,24.979999542236328,81777,0.0,0.0
2024-07-05 09:30:00-04:00,24.790000915527344,25.06999969482422,24.700000762939453,24.950000762939453,81632,0.0,0.0
2024-07-05 10:30:00-04:00,24.93899917602539,25.110000610351562,24.899999618530273,24.96500015258789,74452,0.0,0.0
2024-07-05 11:30:00-04:00,25.020000457763672,25.204999923706055,24.9950008392334,25.139999389648438,36596,0.0,0.0
2024-07-05 12:30:00-04:00,25.100000381469727,25.19499969482422,25.06999969482422,25.09000015258789,32904,0.0,0.0
2024-07-05 13:30:00-04:00,25.100000381469727,25.149999618530273,24.889999389648438,24.908000946044922,23623,0.0,0.0
2024-07-05 14:30:00-04:00,24.905000686645508,24.979999542236328,24.799999237060547,24.799999237060547,67193,0.0,0.0
2024-07-05 15:30:00-04:00,24.790000915527344,24.969999313354492,24.760000228881836,24.8799991607666,70875,0.0,0.0
2024-07-08 09:30:00-04:00,25.25,25.389999389648438,24.959999084472656,25.34000015258789,64036,0.0,0.0
2024-07-08 10:30:00-04:00,25.280000686645508,25.440000534057617,25.15999984741211,25.170000076293945,42682,0.0,0.0
2024-07-08 11:30:00-04:00,25.149999618530273,25.229999542236328,25.1299991607666,25.200000762939453,42463,0.0,0.0
2024-07-08 12:30:00-04:00,25.200000762939453,25.260000228881836,25.18000030517578,25.209999084472656,37112,0.0,0.0
2024-07-08 13:30:00-04:00,25.190000534057617,25.229999542236328,25.079999923706055,25.079999923706055,37623,0.0,0.0
2024-07-08 14:30:00-04:00,25.079999923706055,25.084999084472656,24.8700008392334,24.969999313354492,36689,0.0,0.0
2024-07-08 15:30:00-04:00,24.989999771118164,25.280000686645508,24.954999923706055,25.270000457763672,92626,0.0,0.0
2024-07-09 09:30:00-04:00,25.15999984741211,25.229999542236328,24.8700008392334,24.899999618530273,159262,0.0,0.0
2024-07-09 10:30:00-04:00,24.924999237060547,25.149999618530273,24.90999984741211,25.040000915527344,30950,0.0,0.0
2024-07-09 11:30:00-04:00,25.049999237060547,25.510000228881836,25.040000915527344,25.440000534057617,56541,0.0,0.0
2024-07-09 12:30:00-04:00,25.420000076293945,25.489999771118164,25.149999618530273,25.280000686645508,71454,0.0,0.0
2024-07-09 13:30:00-04:00,25.260000228881836,25.350000381469727,25.219999313354492,25.270000457763672,28410,0.0,0.0
2024-07-09 14:30:00-04:00,25.239999771118164,25.360000610351562,25.172500610351562,25.34000015258789,181175,0.0,0.0
2024-07-09 15:30:00-04:00,25.360000610351562,25.389999389648438,25.18000030517578,25.260000228881836,100162,0.0,0.0
2024-07-10 09:30:00-04:00,25.360000610351562,25.360000610351562,24.940000534057617,25.05500030517578,103535,0.0,0.0
2024-07-10 10:30:00-04:00,25.020000457763672,25.209999084472656,24.924999237060547,25.110000610351562,43665,0.0,0.0
2024-07-10 11:30:00-04:00,25.079999923706055,25.139999389648438,24.725000381469727,24.770000457763672,46013,0.0,0.0
2024-07-10 12:30:00-04:00,24.770000457763672,24.979999542236328,24.770000457763672,24.799999237060547,36165,0.0,0.0
2024-07-10 13:30:00-04:00,24.825000762939453,25.075000762939453,24.774999618530273,24.969999313354492,34116,0.0,0.0
2024-07-10 14:30:00-04:00,24.989999771118164,25.059999465942383,24.760000228881836,24.93000030517578,54221,0.0,0.0
2024-07-10 15:30:00-04:00,24.950000762939453,25.18000030517578,24.950000762939453,25.139999389648438,95705,0.0,0.0
2024-07-11 09:30:00-04:00,25.610000610351562,25.799999237060547,25.420000076293945,25.649499893188477,60263,0.0,0.0
2024-07-11 10:30:00-04:00,25.6299991607666,25.899999618530273,25.6299991607666,25.68000030517578,122259,0.0,0.0
2024-07-11 11:30:00-04:00,25.670000076293945,25.739999771118164,25.31999969482422,25.739999771118164,59372,0.0,0.0
2024-07-11 12:30:00-04:00,25.75,26.30500030517578,25.75,26.2450008392334,124258,0.0,0.0
2024-07-11 13:30:00-04:00,26.209999084472656,26.299999237060547,26.200000762939453,26.209999084472656,33264,0.0,0.0
2024-07-11 14:30:00-04:00,26.219999313354492,26.219999313354492,25.709999084472656,25.860000610351562,51160,0.0,0.0
2024-07-11 15:30:00-04:00,25.8799991607666,26.100000381469727,25.8700008392334,25.899999618530273,98181,0.0,0.0
2024-07-12 09:30:00-04:00,26.290000915527344,26.5,25.75,26.260000228881836,209121,0.0,0.0
2024-07-12 10:30:00-04:00,26.235000610351562,26.5,26.190000534057617,26.239999771118164,51554,0.0,0.0
2024-07-12 11:30:00-04:00,26.229999542236328,26.229999542236328,25.979999542236328,26.09000015258789,43483,0.0,0.0
2024-07-12 12:30:00-04:00,26.100000381469727,26.389999389648438,26.059999465942383,26.3700008392334,52830,0.0,0.0
2024-07-12 13:30:00-04:00,26.364999771118164,26.559999465942383,26.364999771118164,26.559999465942383,50009,0.0,0.0
2024-07-12 14:30:00-04:00,26.565000534057617,26.600000381469727,26.43000030517578,26.520000457763672,79673,0.0,0.0
2024-07-12 15:30:00-04:00,26.530000686645508,26.59000015258789,26.3799991607666,26.399999618530273,108814,0.0,0.0
2024-07-15 09:30:00-04:00,26.700000762939453,26.899999618530273,26.450000762939453,26.853300094604492,72800,0.0,0.0
2024-07-15 10:30:00-04:00,26.8700008392334,27.0,26.75,26.969999313354492,82348,0.0,0.0
2024-07-15 11:30:00-04:00,26.940000534057617,26.940000534057617,26.56999969482422,26.649999618530273,48405,0.0,0.0
2024-07-15 12:30:00-04:00,26.639999389648438,26.889999389648438,26.600000381469727,26.75,118571,0.0,0.0
2024-07-15 13:30:00-04:00,26.75,26.90999984741211,26.6299991607666,26.90999984741211,49723,0.0,0.0
2024-07-15 14:30:00-04:00,26.889999389648438,27.0,26.719999313354492,26.899999618530273,119541,0.0,0.0
2024-07-15 15:30:00-04:00,26.889999389648438,26.891000747680664,26.600000381469727,26.649999618530273,134572,0.0,0.0
2024-07-16 09:30:00-04:00,26.594999313354492,27.010000228881836,26.209999084472656,26.854999542236328,132284,0.0,0.0
2024-07-16 10:30:00-04:00,26.799999237060547,27.3799991607666,26.760000228881836,27.260000228881836,85824,0.0,0.0
2024-07-16 11:30:00-04:00,27.272499084472656,27.329999923706055,27.170000076293945,27.309999465942383,59558,0.0,0.0
2024-07-16 12:30:00-04:00,27.315000534057617,27.5,27.270000457763672,27.5,63941,0.0,0.0
2024-07-16 13:30:00-04:00,27.469999313354492,27.81999969482422,27.360000610351562,27.709999084472656,230173,0.0,0.0
2024-07-16 14:30:00-04:00,27.690000534057617,27.81999969482422,27.639999389648438,27.665000915527344,118653,0.0,0.0
2024-07-16 15:30:00-04:00,27.649999618530273,27.709999084472656,27.280000686645508,27.389999389648438,192795,0.0,0.0
2024-07-17 09:30:00-04:00,27.110000610351562,27.575000762939453,26.962499618530273,27.059999465942383,63242,0.0,0.0
2024-07-17 10:30:00-04:00,27.079999923706055,27.326400756835938,27.059999465942383,27.25,64363,0.0,0.0
2024-07-17 11:30:00-04:00,27.239999771118164,27.309999465942383,27.079999923706055,27.200000762939453,54244,0.0,0.0
2024-07-17 12:30:00-04:00,27.21500015258789,27.21500015258789,26.969999313354492,27.1200008392334,68350,0.0,0.0
2024-07-17 13:30:00-04:00,27.139999389648438,27.364999771118164,27.1299991607666,27.260000228881836,80592,0.0,0.0
2024-07-17 14:30:00-04:00,27.229999542236328,27.260000228881836,27.110000610351562,27.219999313354492,71427,0.0,0.0
2024-07-17 15:30:00-04:00,27.229999542236328,27.239999771118164,27.040000915527344,27.110000610351562,128854,0.0,0.0
2024-07-18 09:30:00-04:00,26.889999389648438,27.479999542236328,26.600000381469727,27.360000610351562,37732,0.0,0.0
2024-07-18 10:30:00-04:00,27.34000015258789,27.34000015258789,26.709999084472656,26.719999313354492,53198,0.0,0.0
2024-07-18 11:30:00-04:00,26.75,26.795000076293945,26.469999313354492,26.489999771118164,50451,0.0,0.0
2024-07-18 12:30:00-04:00,26.489999771118164,26.55500030517578,26.40999984741211,26.40999984741211,60065,0.0,0.0
2024-07-18 13:30:00-04:00,26.434999465942383,26.510000228881836,26.290000915527344,26.350000381469727,56608,0.0,0.0
2024-07-18 14:30:00-04:00,26.350000381469727,26.440000534057617,26.225000381469727,26.34000015258789,50065,0.0,0.0
2024-07-18 15:30:00-04:00,26.31999969482422,26.6299991607666,26.31999969482422,26.6299991607666,182304,0.0,0.0
2024-07-19 09:30:00-04:00,26.739999771118164,26.8799991607666,26.440000534057617,26.485000610351562,49453,0.0,0.0
2024-07-19 10:30:00-04:00,26.5,26.524999618530273,26.075000762939453,26.190000534057617,58700,0.0,0.0
2024-07-19 11:30:00-04:00,26.209999084472656,26.540000915527344,26.184999465942383,26.440000534057617,29557,0.0,0.0
2024-07-19 12:30:00-04:00,26.415000915527344,26.524999618530273,26.399999618530273,26.469999313354492,28921,0.0,0.0
2024-07-19 13:30:00-04:00,26.459999084472656,26.5,26.31999969482422,26.31999969482422,32730,0.0,0.0
2024-07-19 14:30:00-04:00,26.344999313354492,26.40999984741211,26.229999542236328,26.315000534057617,54135,0.0,0.0
2024-07-19 15:30:00-04:00,26.309999465942383,26.31999969482422,25.8700008392334,25.959999084472656,147315,0.0,0.0
2024-07-22 09:30:00-04:00,26.260000228881836,27.200000762939453,26.239999771118164,26.81999969482422,144458,0.0,0.0
2024-07-22 10:30:00-04:00,26.735000610351562,27.329999923706055,26.709999084472656,27.299999237060547,193869,0.0,0.0
2024-07-22 11:30:00-04:00,27.290000915527344,27.600000381469727,27.260000228881836,27.520000457763672,94085,0.0,0.0
2024-07-22 12:30:00-04:00,27.520000457763672,27.84000015258789,27.43000030517578,27.829999923706055,90549,0.0,0.0
2024-07-22 13:30:00-04:00,27.799999237060547,27.84000015258789,27.575000762939453,27.614999771118164,74761,0.0,0.0
2024-07-22 14:30:00-04:00,27.6200008392334,27.860000610351562,27.59000015258789,27.829999923706055,70456,0.0,0.0
2024-07-22 15:30:00-04:00,27.809999465942383,27.954999923706055,27.690000534057617,27.760000228881836,104821,0.0,0.0
2024-07-23 09:30:00-04:00,27.790000915527344,28.559900283813477,27.510000228881836,28.469999313354492,193365,0.0,0.0
2024-07-23 10:30:00-04:00,28.489999771118164,28.579999923706055,28.020000457763672,28.219999313354492,65532,0.0,0.0
2024-07-23 11:30:00-04:00,28.21500015258789,28.350000381469727,28.209999084472656,28.260000228881836,63584,0.0,0.0
2024-07-23 12:30:00-04:00,28.229999542236328,28.3700008392334,28.170000076293945,28.360000610351562,55157,0.0,0.0
2024-07-23 13:30:00-04:00,28.360000610351562,28.5,28.299999237060547,28.360000610351562,77085,0.0,0.0
2024-07-23 14:30:00-04:00,28.364999771118164,28.364999771118164,28.020000457763672,28.260000228881836,105948,0.0,0.0
2024-07-23 15:30:00-04:00,28.25,28.290000915527344,27.969999313354492,28.020000457763672,188724,0.0,0.0
2024-07-24 09:30:00-04:00,28.0,28.700000762939453,27.850000381469727,28.559999465942383,81036,0.0,0.0
2024-07-24 10:30:00-04:00,28.579999923706055,28.700000762939453,28.3799991607666,28.600000381469727,61464,0.0,0.0
2024-07-24 11:30:00-04:00,28.639999389648438,28.899999618530273,28.639999389648438,28.815000534057617,66971,0.0,0.0
2024-07-24 12:30:00-04:00,28.80500030517578,28.815000534057617,28.549999237060547,28.6200008392334,50787,0.0,0.0
2024-07-24 13:30:00-04:00,28.6200008392334,28.6200008392334,28.270000457763672,28.270000457763672,37885,0.0,0.0
2024-07-24 14:30:00-04:00,28.25,28.25,27.860000610351562,27.875,113230,0.0,0.0
2024-07-24 15:30:00-04:00,27.850000381469727,28.18000030517578,27.809999465942383,28.020000457763672,190214,0.0,0.0
2024-07-25 09:30:00-04:00,28.059999465942383,28.479999542236328,27.729999542236328,28.0,169082,0.0,0.0
2024-07-25 10:30:00-04:00,27.979999542236328,28.389999389648438,27.549999237060547,28.295000076293945,478777,0.0,0.0
2024-07-25 11:30:00-04:00,28.315000534057617,28.350000381469727,28.100000381469727,28.260000228881836,164052,0.0,0.0
2024-07-25 12:30:00-04:00,28.270000457763672,28.270000457763672,28.030000686645508,28.06999969482422,108445,0.0,0.0
2024-07-25 13:30:00-04:00,28.079999923706055,28.1200008392334,27.889999389648438,27.889999389648438,57463,0.0,0.0
2024-07-25 14:30:00-04:00,27.899999618530273,28.040000915527344,27.594999313354492,28.030000686645508,213513,0.0,0.0
2024-07-25 15:30:00-04:00,28.049999237060547,28.05500030517578,27.81999969482422,27.850000381469727,116936,0.0,0.0
2024-07-26 09:30:00-04:00,28.270000457763672,28.270000457763672,27.559999465942383,27.8799991607666,679763,0.0,0.0
2024-07-26 10:30:00-04:00,27.8700008392334,27.950000762939453,27.209999084472656,27.3799991607666,79557,0.0,0.0
2024-07-26 11:30:00-04:00,27.415000915527344,27.56999969482422,27.270000457763672,27.3700008392334,56071,0.0,0.0
2024-07-26 12:30:00-04:00,27.3799991607666,27.56999969482422,27.364999771118164,27.549999237060547,52744,0.0,0.0
2024-07-26 13:30:00-04:00,27.540000915527344,27.674999237060547,27.229999542236328,27.610000610351562,99455,0.0,0.0
2024-07-26 14:30:00-04:00,27.600000381469727,27.739999771118164,27.489999771118164,27.665000915527344,96044,0.0,0.0
2024-07-26 15:30:00-04:00,27.649999618530273,27.7450008392334,27.559999465942383,27.649999618530273,191421,0.0,0.0
2024-07-29 09:30:00-04:00,27.6200008392334,27.950000762939453,27.350000381469727,27.350000381469727,36018,0.0,0.0
2024-07-29 10:30:00-04:00,27.309999465942383,27.3799991607666,27.114999771118164,27.219999313354492,65420,0.0,0.0
2024-07-29 11:30:00-04:00,27.190000534057617,27.3700008392334,27.100000381469727,27.288999557495117,45689,0.0,0.0
2024-07-29 12:30:00-04:00,27.290000915527344,27.399999618530273,27.239999771118164,27.290000915527344,35735,0.0,0.0
2024-07-29 13:30:00-04:00,27.295000076293945,27.360000610351562,27.200000762939453,27.327499389648438,42420,0.0,0.0
2024-07-29 14:30:00-04:00,27.325000762939453,27.450000762939453,27.260000228881836,27.43000030517578,45786,0.0,0.0
2024-07-29 15:30:00-04:00,27.440000534057617,27.635000228881836,27.299999237060547,27.334999084472656,101794,0.0,0.0
2024-07-30 09:30:00-04:00,27.600000381469727,27.940000534057617,27.360000610351562,27.510000228881836,51293,0.0,0.0
2024-07-30 10:30:00-04:00,27.545000076293945,28.040000915527344,27.540000915527344,27.989999771118164,115788,0.0,0.0
2024-07-30 11:30:00-04:00,28.020000457763672,28.260000228881836,27.989999771118164,28.190000534057617,82403,0.0,0.0
2024-07-30 12:30:00-04:00,28.229999542236328,28.350000381469727,28.149999618530273,28.209999084472656,45381,0.0,0.0
2024-07-30 13:30:00-04:00,28.209999084472656,28.31999969482422,27.920000076293945,27.93000030517578,67530,0.0,0.0
2024-07-30 14:30:00-04:00,27.96820068359375,27.989999771118164,27.670000076293945,27.75,60033,0.0,0.0
2024-07-30 15:30:00-04:00,27.739999771118164,28.049999237060547,27.68000030517578,27.790000915527344,105523,0.0,0.0
2024-07-31 09:30:00-04:00,27.8799991607666,28.1299991607666,27.43000030517578,27.90999984741211,0,0.0,0.0
2024-07-31 10:30:00-04:00,28.010000228881836,28.059999465942383,27.809999465942383,27.84000015258789,73943,0.0,0.0
2024-07-31 11:30:00-04:00,27.850000381469727,28.280000686645508,27.850000381469727,28.219999313354492,47075,0.0,0.0
2024-07-31 12:30:00-04:00,28.225000381469727,28.225000381469727,28.0,28.045000076293945,41789,0.0,0.0
2024-07-31 13:30:00-04:00,28.040000915527344,28.075000762939453,27.899999618530273,27.959999084472656,57168,0.0,0.0
2024-07-31 14:30:00-04:00,28.0,28.614999771118164,27.959999084472656,28.149999618530273,136193,0.0,0.0
2024-07-31 15:30:00-04:00,28.1200008392334,28.235000610351562,27.8799991607666,27.959999084472656,150061,0.0,0.0
2024-08-01 09:30:00-04:00,27.920000076293945,28.174999237060547,27.389999389648438,27.469999313354492,91521,0.0,0.0
2024-08-01 10:30:00-04:00,27.469999313354492,27.790000915527344,27.3700008392334,27.6299991607666,57061,0.0,0.0
2024-08-01 11:30:00-04:00,27.635000228881836,27.665000915527344,27.18000030517578,27.392499923706055,123471,0.0,0.0
2024-08-01 12:30:00-04:00,27.389999389648438,27.389999389648438,27.059999465942383,27.1200008392334,67379,0.0,0.0
2024-08-01 13:30:00-04:00,27.1200008392334,27.239999771118164,27.030000686645508,27.174999237060547,59856,0.0,0.0
2024-08-01 14:30:00-04:00,27.170000076293945,27.5,27.059999465942383,27.420000076293945,63648,0.0,0.0
2024-08-01 15:30:00-04:00,27.420000076293945,27.739999771118164,27.399999618530273,27.59000015258789,176605,0.0,0.0
2024-08-02 09:30:00-04:00,26.450000762939453,27.110000610351562,26.010000228881836,26.530000686645508,77863,0.0,0.0
2024-08-02 10:30:00-04:00,26.530000686645508,26.530000686645508,26.020000457763672,26.030000686645508,74176,0.0,0.0
2024-08-02 11:30:00-04:00,26.049999237060547,26.6200008392334,26.024999618530273,26.579999923706055,71551,0.0,0.0
2024-08-02 12:30:00-04:00,26.56999969482422,26.690000534057617,26.440000534057617,26.489999771118164,51770,0.0,0.0
2024-08-02 13:30:00-04:00,26.479999542236328,26.479999542236328,26.1200008392334,26.25,73308,0.0,0.0
2024-08-02 14:30:00-04:00,26.280000686645508,26.594999313354492,26.139999389648438,26.459999084472656,167607,0.0,0.0
2024-08-02 15:30:00-04:00,26.479999542236328,26.719999313354492,26.290000915527344,26.639999389648438,165141,0.0,0.0
2024-08-05 09:30:00-04:00,25.1200008392334,25.729999542236328,24.9950008392334,25.290000915527344,84734,0.0,0.0
2024-08-05 10:30:00-04:00,25.31999969482422,25.6200008392334,25.170000076293945,25.469999313354492,65557,0.0,0.0
2024-08-05 11:30:00-04:00,25.469999313354492,25.93000030517578,25.434999465942383,25.93000030517578,114645,0.0,0.0
2024-08-05 12:30:00-04:00,25.93000030517578,25.93000030517578,25.360000610351562,25.3799991607666,107479,0.0,0.0
2024-08-05 13:30:00-04:00,25.43000030517578,25.549999237060547,25.360000610351562,25.43000030517578,49214,0.0,0.0
2024-08-05 14:30:00-04:00,25.450000762939453,25.459999084472656,25.139999389648438,25.3700008392334,131279,0.0,0.0
2024-08-05 15:30:00-04:00,25.3700008392334,25.989999771118164,25.315000534057617,25.84000015258789,419485,0.0,0.0
2024-08-06 09:30:00-04:00,25.799999237060547,26.639999389648438,25.469999313354492,26.579999923706055,62560,0.0,0.0
2024-08-06 10:30:00-04:00,26.459999084472656,26.65999984741211,26.049999237060547,26.05500030517578,94134,0.0,0.0
2024-08-06 11:30:00-04:00,26.05500030517578,26.399999618530273,26.0,26.350000381469727,560043,0.0,0.0
2024-08-06 12:30:00-04:00,26.299999237060547,26.690000534057617,26.239999771118164,26.299999237060547,57254,0.0,0.0
2024-08-06 13:30:00-04:00,26.329999923706055,26.48200035095215,26.190000534057617,26.239999771118164,69046,0.0,0.0
2024-08-06 14:30:00-04:00,26.219999313354492,26.3700008392334,25.84000015258789,25.93000030517578,100396,0.0,0.0
2024-08-06 15:30:00-04:00,25.96500015258789,26.049999237060547,25.739999771118164,25.959999084472656,341907,0.0,0.0
2024-08-07 09:30:00-04:00,28.559999465942383,28.88990020751953,25.75,26.959999084472656,261043,0.0,0.0
2024-08-07 10:30:00-04:00,26.975000381469727,27.18000030517578,26.489999771118164,26.8700008392334,101629,0.0,0.0
2024-08-07 11:30:00-04:00,26.90999984741211,27.170000076293945,26.43000030517578,26.969999313354492,105475,0.0,0.0
2024-08-07 12:30:00-04:00,26.969999313354492,26.969999313354492,26.100000381469727,26.139999389648438,102701,0.0,0.0
2024-08-07 13:30:00-04:00,26.170000076293945,26.450000762939453,26.0,26.145000457763672,128929,0.0,0.0
2024-08-07 14:30:00-04:00,26.1200008392334,26.674999237060547,26.020000457763672,26.360000610351562,180980,0.0,0.0
2024-08-07 15:30:00-04:00,26.360000610351562,26.799999237060547,26.209999084472656,26.610000610351562,300048,0.0,0.0
2024-08-08 09:30:00-04:00,26.670000076293945,27.489999771118164,26.65999984741211,27.34000015258789,77517,0.0,0.0
2024-08-08 10:30:00-04:00,27.325000762939453,27.700000762939453,27.315000534057617,27.399999618530273,69621,0.0,0.0
2024-08-08 11:30:00-04:00,27.350000381469727,27.40999984741211,27.174999237060547,27.190000534057617,60258,0.0,0.0
2024-08-08 12:30:00-04:00,27.18000030517578,27.315000534057617,27.049999237060547,27.299999237060547,53747,0.0,0.0
2024-08-08 13:30:00-04:00,27.31999969482422,27.485000610351562,27.299999237060547,27.413999557495117,83930,0.0,0.0
2024-08-08 14:30:00-04:00,27.3799991607666,27.670000076293945,27.3700008392334,27.440000534057617,74941,0.0,0.0
2024-08-08 15:30:00-04:00,27.43000030517578,27.68000030517578,27.3799991607666,27.670000076293945,139612,0.0,0.0
2024-08-09 09:30:00-04:00,27.68000030517578,28.670000076293945,27.270000457763672,28.270000457763672,156512,0.0,0.0
2024-08-09 10:30:00-04:00,28.2450008392334,28.3799991607666,27.959999084472656,28.225000381469727,63798,0.0,0.0
2024-08-09 11:30:00-04:00,28.190000534057617,28.190000534057617,27.850000381469727,27.8799991607666,39335,0.0,0.0
2024-08-09 12:30:00-04:00,27.889999389648438,27.989999771118164,27.709999084472656,27.8799991607666,86944,0.0,0.0
2024-08-09 13:30:00-04:00,27.8799991607666,28.059999465942383,27.8799991607666,27.969999313354492,38736,0.0,0.0
2024-08-09 14:30:00-04:00,27.96500015258789,27.989999771118164,27.809999465942383,27.84000015258789,91540,0.0,0.0
2024-08-09 15:30:00-04:00,27.834999084472656,27.979999542236328,27.760000228881836,27.959999084472656,121918,0.0,0.0
2024-08-12 09:30:00-04:00,27.93000030517578,28.049999237060547,27.645000457763672,27.84000015258789,51745,0.0,0.0
2024-08-12 10:30:00-04:00,27.850000381469727,27.959999084472656,27.655000686645508,27.655000686645508,38795,0.0,0.0
2024-08-12 11:30:00-04:00,27.68000030517578,27.764999389648438,27.5,27.764999389648438,42197,0.0,0.0
2024-08-12 12:30:00-04:00,27.834999084472656,27.934999465942383,27.770000457763672,27.920000076293945,30898,0.0,0.0
2024-08-12 13:30:00-04:00,27.90999984741211,28.049999237060547,27.8700008392334,27.96500015258789,43438,0.0,0.0
2024-08-12 14:30:00-04:00,27.940000534057617,28.0049991607666,27.915000915527344,27.979999542236328,55436,0.0,0.0
2024-08-12 15:30:00-04:00,27.950000762939453,27.989999771118164,27.84000015258789,27.94499969482422,78062,0.0,0.0
2024-08-13 09:30:00-04:00,28.290000915527344,28.440000534057617,27.959999084472656,28.260000228881836,37569,0.0,0.0
2024-08-13 10:30:00-04:00,28.200000762939453,28.559999465942383,28.200000762939453,28.229999542236328,21607,0.0,0.0
2024-08-13 11:30:00-04:00,28.229999542236328,28.260000228881836,27.899999618530273,28.020000457763672,39817,0.0,0.0
2024-08-13 12:30:00-04:00,28.030000686645508,28.15999984741211,28.010000228881836,28.114999771118164,40096,0.0,0.0
2024-08-13 13:30:00-04:00,28.110000610351562,28.149999618530273,27.954999923706055,28.040000915527344,63248,0.0,0.0
2024-08-13 14:30:00-04:00,28.040000915527344,28.05500030517578,27.854999542236328,27.950000762939453,72476,0.0,0.0
2024-08-13 15:30:00-04:00,27.959999084472656,28.18000030517578,27.885000228881836,28.18000030517578,140998,0.0,0.0
2024-08-14 09:30:00-04:00,28.299999237060547,28.299999237060547,27.700000762939453,27.760000228881836,16916,0.0,0.0
2024-08-14 10:30:00-04:00,27.790000915527344,27.989999771118164,27.670000076293945,27.989999771118164,26778,0.0,0.0
2024-08-14 11:30:00-04:00,28.0,28.125,27.81999969482422,27.94499969482422,26878,0.0,0.0
2024-08-14 12:30:00-04:00,27.90999984741211,28.0,27.860000610351562,27.949899673461914,23910,0.0,0.0
2024-08-14 13:30:00-04:00,27.889999389648438,27.90999984741211,27.729999542236328,27.899999618530273,24799,0.0,0.0
2024-08-14 14:30:00-04:00,27.90999984741211,27.920000076293945,27.809999465942383,27.860000610351562,51235,0.0,0.0
2024-08-14 15:30:00-04:00,27.834999084472656,27.885000228881836,27.610000610351562,27.6200008392334,152384,0.0,0.0
2024-08-15 09:30:00-04:00,28.059999465942383,28.56999969482422,27.8799991607666,27.989999771118164,35296,0.0,0.0
2024-08-15 10:30:00-04:00,27.989999771118164,28.170000076293945,27.920000076293945,28.04199981689453,37275,0.0,0.0
2024-08-15 11:30:00-04:00,28.0,28.0,27.760000228881836,27.905000686645508,35439,0.0,0.0
2024-08-15 12:30:00-04:00,27.940000534057617,27.969999313354492,27.860000610351562,27.889999389648438,33041,0.0,0.0
2024-08-15 13:30:00-04:00,27.8799991607666,27.940000534057617,27.829999923706055,27.8799991607666,38164,0.0,0.0
2024-08-15 14:30:00-04:00,27.8799991607666,28.139999389648438,27.84000015258789,28.104999542236328,92447,0.0,0.0
2024-08-15 15:30:00-04:00,28.079999923706055,28.084999084472656,27.799999237060547,27.840700149536133,143011,0.0,0.0
2024-08-16 09:30:00-04:00,27.899999618530273,28.1299991607666,27.709999084472656,27.860000610351562,79124,0.0,0.0
2024-08-16 10:30:00-04:00,27.959999084472656,28.020000457763672,27.774999618530273,28.014999389648438,25741,0.0,0.0
2024-08-16 11:30:00-04:00,28.020000457763672,28.15999984741211,27.989999771118164,28.059999465942383,34108,0.0,0.0
2024-08-16 12:30:00-04:00,28.049999237060547,28.299999237060547,28.020000457763672,28.225000381469727,154611,0.0,0.0
2024-08-16 13:30:00-04:00,28.209999084472656,28.31999969482422,28.165000915527344,28.19499969482422,29130,0.0,0.0
2024-08-16 14:30:00-04:00,28.21500015258789,28.290000915527344,28.030000686645508,28.030000686645508,44348,0.0,0.0
2024-08-16 15:30:00-04:00,28.030000686645508,28.18000030517578,28.0049991607666,28.170000076293945,91774,0.0,0.0
2024-08-19 09:30:00-04:00,28.010000228881836,28.665000915527344,28.010000228881836,28.420000076293945,85176,0.0,0.0
2024-08-19 10:30:00-04:00,28.444000244140625,28.684999465942383,28.239999771118164,28.270000457763672,50323,0.0,0.0
2024-08-19 11:30:00-04:00,28.239999771118164,28.28499984741211,28.110000610351562,28.239999771118164,28234,0.0,0.0
2024-08-19 12:30:00-04:00,28.229999542236328,28.25,28.139999389648438,28.25,18863,0.0,0.0
2024-08-19 13:30:00-04:00,28.219999313354492,28.327999114990234,28.170000076293945,28.299999237060547,18565,0.0,0.0
2024-08-19 14:30:00-04:00,28.309999465942383,28.399999618530273,28.18000030517578,28.260000228881836,33373,0.0,0.0
2024-08-19 15:30:00-04:00,28.25,28.3799991607666,28.219999313354492,28.270000457763672,78338,0.0,0.0
2024-08-20 09:30:00-04:00,28.239999771118164,28.28499984741211,28.010000228881836,28.040000915527344,22884,0.0,0.0
2024-08-20 10:30:00-04:00,28.0,28.030000686645508,27.719999313354492,27.8799991607666,22610,0.0,0.0
2024-08-20 11:30:00-04:00,27.875,27.920000076293945,27.770000457763672,27.809999465942383,17347,0.0,0.0
2024-08-20 12:30:00-04:00,27.790000915527344,27.790000915527344,27.549999237060547,27.6299991607666,25013,0.0,0.0
2024-08-20 13:30:00-04:00,27.635000228881836,27.809999465942383,27.56999969482422,27.760000228881836,29845,0.0,0.0
2024-08-20 14:30:00-04:00,27.75,27.834999084472656,27.649999618530273,27.670000076293945,55812,0.0,0.0
2024-08-20 15:30:00-04:00,27.700000762939453,27.760000228881836,27.610000610351562,27.639999389648438,63520,0.0,0.0
2024-08-21 09:30:00-04:00,28.309999465942383,28.48940086364746,27.719999313354492,27.770000457763672,61557,0.0,0.0
2024-08-21 10:30:00-04:00,27.78499984741211,27.950000762939453,27.71500015258789,27.924999237060547,50027,0.0,0.0
2024-08-21 11:30:00-04:00,27.920000076293945,27.920000076293945,27.700000762939453,27.75,35796,0.0,0.0
2024-08-21 12:30:00-04:00,27.75,27.940000534057617,27.709999084472656,27.889999389648438,29256,0.0,0.0
2024-08-21 13:30:00-04:00,27.889999389648438,28.100000381469727,27.889999389648438,28.040000915527344,53655,0.0,0.0
2024-08-21 14:30:00-04:00,28.030000686645508,28.040000915527344,27.739999771118164,27.834999084472656,43067,0.0,0.0
2024-08-21 15:30:00-04:00,27.829999923706055,27.989999771118164,27.81999969482422,27.920000076293945,82694,0.0,0.0
2024-08-22 09:30:00-04:00,28.0,28.059999465942383,27.75,27.78499984741211,20734,0.0,0.0
2024-08-22 10:30:00-04:00,27.739999771118164,27.8700008392334,27.559999465942383,27.68000030517578,22861,0.0,0.0
2024-08-22 11:30:00-04:00,27.704999923706055,27.90999984741211,27.6299991607666,27.8700008392334,34918,0.0,0.0
2024-08-22 12:30:00-04:00,27.8700008392334,27.950000762939453,27.65999984741211,27.75,32941,0.0,0.0
2024-08-22 13:30:00-04:00,27.739999771118164,27.850000381469727,27.729999542236328,27.829999923706055,47932,0.0,0.0
2024-08-22 14:30:00-04:00,27.829999923706055,27.940000534057617,27.829999923706055,27.8700008392334,42206,0.0,0.0
2024-08-22 15:30:00-04:00,27.850000381469727,27.8700008392334,27.459999084472656,27.68000030517578,115583,0.0,0.0
2024-08-23 09:30:00-04:00,27.950000762939453,28.299999237060547,27.850000381469727,28.1299991607666,36035,0.0,0.0
2024-08-23 10:30:00-04:00,28.229999542236328,28.239999771118164,27.799999237060547,28.139999389648438,59748,0.0,0.0
2024-08-23 11:30:00-04:00,28.149999618530273,28.170000076293945,27.969999313354492,28.1200008392334,31391,0.0,0.0
2024-08-23 12:30:00-04:00,28.100000381469727,28.18000030517578,27.93000030517578,27.950000762939453,23850,0.0,0.0
2024-08-23 13:30:00-04:00,28.0,28.040000915527344,27.959999084472656,27.985000610351562,20130,0.0,0.0
2024-08-23 14:30:00-04:00,27.969999313354492,28.040000915527344,27.889999389648438,28.040000915527344,27335,0.0,0.0
2024-08-23 15:30:00-04:00,28.049999237060547,28.139999389648438,27.979999542236328,28.1200008392334,70104,0.0,0.0
2024-08-26 09:30:00-04:00,28.049999237060547,28.165000915527344,27.77630043029785,27.939899444580078,34180,0.0,0.0
2024-08-26 10:30:00-04:00,27.8799991607666,27.905000686645508,27.75,27.84000015258789,24039,0.0,0.0
2024-08-26 11:30:00-04:00,27.80500030517578,27.940000534057617,27.770000457763672,27.885000228881836,20240,0.0,0.0
2024-08-26 12:30:00-04:00,27.8700008392334,27.889999389648438,27.809999465942383,27.860000610351562,22426,0.0,0.0
2024-08-26 13:30:00-04:00,27.84000015258789,27.84000015258789,27.719999313354492,27.75,26210,0.0,0.0
2024-08-26 14:30:00-04:00,27.760000228881836,27.889999389648438,27.750499725341797,27.799999237060547,26562,0.0,0.0
2024-08-26 15:30:00-04:00,27.760000228881836,27.760000228881836,27.56999969482422,27.670000076293945,68932,0.0,0.0
2024-08-27 09:30:00-04:00,27.700000762939453,27.861299514770508,27.3700008392334,27.649999618530273,19164,0.0,0.0
2024-08-27 10:30:00-04:00,27.638999938964844,27.739999771118164,27.479999542236328,27.479999542236328,24107,0.0,0.0
2024-08-27 11:30:00-04:00,27.469999313354492,27.469999313354492,27.309999465942383,27.31999969482422,20193,0.0,0.0
2024-08-27 12:30:00-04:00,27.329999923706055,27.360000610351562,27.270000457763672,27.360000610351562,15507,0.0,0.0
2024-08-27 13:30:00-04:00,27.389999389648438,27.389999389648438,27.28499984741211,27.299999237060547,18900,0.0,0.0
2024-08-27 14:30:00-04:00,27.329999923706055,27.43000030517578,27.290000915527344,27.405000686645508,43859,0.0,0.0
2024-08-27 15:30:00-04:00,27.399999618530273,27.520000457763672,27.260000228881836,27.4950008392334,121187,0.0,0.0
2024-08-28 09:30:00-04:00,27.8700008392334,28.100000381469727,27.610000610351562,27.889999389648438,36554,0.0,0.0
2024-08-28 10:30:00-04:00,27.895000457763672,28.219999313354492,27.8700008392334,27.924999237060547,72711,0.0,0.0
2024-08-28 11:30:00-04:00,27.93000030517578,28.040000915527344,27.600000381469727,27.649999618530273,69737,0.0,0.0
2024-08-28 12:30:00-04:00,27.649999618530273,27.979999542236328,27.649999618530273,27.934999465942383,43160,0.0,0.0
2024-08-28 13:30:00-04:00,27.93000030517578,27.954999923706055,27.690000534057617,27.774999618530273,39512,0.0,0.0
2024-08-28 14:30:00-04:00,27.774999618530273,28.040000915527344,27.7549991607666,28.03499984741211,60715,0.0,0.0
2024-08-28 15:30:00-04:00,28.024999618530273,28.024999618530273,27.850000381469727,27.920000076293945,106873,0.0,0.0
2024-08-29 09:30:00-04:00,28.010000228881836,28.190000534057617,27.959999084472656,28.100000381469727,51559,0.0,0.0
2024-08-29 10:30:00-04:00,28.049999237060547,28.09000015258789,27.940000534057617,28.030000686645508,45181,0.0,0.0
2024-08-29 11:30:00-04:00,28.049999237060547,28.149999618530273,27.979999542236328,28.100000381469727,67899,0.0,0.0
2024-08-29 12:30:00-04:00,28.110000610351562,29.07990074157715,28.094999313354492,28.7549991607666,383465,0.0,0.0
2024-08-29 13:30:00-04:00,28.729999542236328,28.969999313354492,28.649999618530273,28.690000534057617,105175,0.0,0.0
2024-08-29 14:30:00-04:00,28.639999389648438,28.690000534057617,28.34000015258789,28.5049991607666,106267,0.0,0.0
2024-08-29 15:30:00-04:00,28.540000915527344,28.577999114990234,28.229999542236328,28.31999969482422,126433,0.0,0.0
2024-08-30 09:30:00-04:00,28.360000610351562,28.969999313354492,28.270000457763672,28.510000228881836,176992,0.0,0.0
2024-08-30 10:30:00-04:00,28.489999771118164,28.6299991607666,28.250099182128906,28.329999923706055,84858,0.0,0.0
2024-08-30 11:30:00-04:00,28.31999969482422,28.31999969482422,27.850000381469727,27.90999984741211,55102,0.0,0.0
2024-08-30 12:30:00-04:00,27.889999389648438,28.049999237060547,27.84000015258789,27.985000610351562,41761,0.0,0.0
2024-08-30 13:30:00-04:00,27.969999313354492,28.290000915527344,27.969999313354492,28.219999313354492,30950,0.0,0.0
2024-08-30 14:30:00-04:00,28.219999313354492,28.299999237060547,28.049999237060547,28.100000381469727,69384,0.0,0.0
2024-08-30 15:30:00-04:00,28.09000015258789,28.3700008392334,27.959999084472656,28.350000381469727,155742,0.0,0.0
2024-09-03 09:30:00-04:00,28.190000534057617,28.509899139404297,28.18000030517578,28.360000610351562,73407,0.0,0.0
2024-09-03 10:30:00-04:00,28.34000015258789,28.360000610351562,28.020000457763672,28.059999465942383,44208,0.0,0.0
2024-09-03 11:30:00-04:00,28.040000915527344,28.190000534057617,27.875,28.125,82890,0.0,0.0
2024-09-03 12:30:00-04:00,28.125,28.18000030517578,27.895000457763672,27.90999984741211,44630,0.0,0.0
2024-09-03 13:30:00-04:00,27.899999618530273,28.024999618530273,27.770000457763672,27.954999923706055,89219,0.0,0.0
2024-09-03 14:30:00-04:00,27.954999923706055,27.989999771118164,27.6200008392334,27.708999633789062,83463,0.0,0.0
2024-09-03 15:30:00-04:00,27.709999084472656,27.799999237060547,27.3700008392334,27.450000762939453,279489,0.0,0.0
2024-09-04 09:30:00-04:00,26.892099380493164,27.040000915527344,25.6299991607666,25.639999389648438,174436,0.0,0.0
2024-09-04 10:30:00-04:00,25.65999984741211,25.729999542236328,24.959999084472656,25.165000915527344,135347,0.0,0.0
2024-09-04 11:30:00-04:00,25.139999389648438,25.139999389648438,24.739999771118164,25.0,87152,0.0,0.0
2024-09-04 12:30:00-04:00,25.079999923706055,25.59000015258789,25.02199935913086,25.463199615478516,95063,0.0,0.0
2024-09-04 13:30:00-04:00,25.454999923706055,25.950000762939453,25.440000534057617,25.600000381469727,124001,0.0,0.0
2024-09-04 14:30:00-04:00,25.584999084472656,25.6200008392334,25.045000076293945,25.065000534057617,132357,0.0,0.0
2024-09-04 15:30:00-04:00,25.075000762939453,25.600000381469727,25.030000686645508,25.360000610351562,205646,0.0,0.0
2024-09-05 09:30:00-04:00,25.649999618530273,26.784900665283203,25.6299991607666,26.290000915527344,122435,0.0,0.0
2024-09-05 10:30:00-04:00,26.299999237060547,26.530000686645508,26.010000228881836,26.43000030517578,66271,0.0,0.0
2024-09-05 11:30:00-04:00,26.40999984741211,26.889999389648438,26.3700008392334,26.8700008392334,61543,0.0,0.0
2024-09-05 12:30:00-04:00,26.8700008392334,27.329999923706055,26.825000762939453,27.28499984741211,89714,0.0,0.0
2024-09-05 13:30:00-04:00,27.2450008392334,27.614999771118164,27.21500015258789,27.385000228881836,63900,0.0,0.0
2024-09-05 14:30:00-04:00,27.385000228881836,27.709999084472656,27.350000381469727,27.690000534057617,85532,0.0,0.0
2024-09-05 15:30:00-04:00,27.700000762939453,27.729999542236328,27.415000915527344,27.639999389648438,198584,0.0,0.0
2024-09-06 09:30:00-04:00,27.729999542236328,28.100000381469727,27.100000381469727,27.110000610351562,45391,0.0,0.0
2024-09-06 10:30:00-04:00,27.1299991607666,27.469999313354492,26.979999542236328,27.170000076293945,50461,0.0,0.0
2024-09-06 11:30:00-04:00,27.170000076293945,27.204999923706055,26.950000762939453,26.950000762939453,32524,0.0,0.0
2024-09-06 12:30:00-04:00,26.924999237060547,27.009899139404297,26.780000686645508,26.959999084472656,48050,0.0,0.0
2024-09-06 13:30:00-04:00,26.93000030517578,27.059999465942383,26.8700008392334,26.8700008392334,45289,0.0,0.0
2024-09-06 14:30:00-04:00,26.8799991607666,27.065000534057617,26.850000381469727,27.049999237060547,60169,0.0,0.0
2024-09-06 15:30:00-04:00,27.049999237060547,27.114999771118164,26.940000534057617,26.950000762939453,119269,0.0,0.0
2024-09-09 09:30:00-04:00,26.799999237060547,27.010000228881836,26.549999237060547,26.889999389648438,135615,0.0,0.0
2024-09-09 10:30:00-04:00,26.899999618530273,26.899999618530273,26.40999984741211,26.520000457763672,68111,0.0,0.0
2024-09-09 11:30:00-04:00,26.545000076293945,26.989999771118164,26.540000915527344,26.96500015258789,49864,0.0,0.0
2024-09-09 12:30:00-04:00,26.96500015258789,27.21500015258789,26.96500015258789,27.170000076293945,48511,0.0,0.0
2024-09-09 13:30:00-04:00,27.149999618530273,27.204999923706055,26.969999313354492,27.100000381469727,45040,0.0,0.0
2024-09-09 14:30:00-04:00,27.09000015258789,27.170000076293945,27.020000457763672,27.06999969482422,69373,0.0,0.0
2024-09-09 15:30:00-04:00,27.049999237060547,27.15999984741211,26.850000381469727,27.1299991607666,119128,0.0,0.0
2024-09-10 09:30:00-04:00,26.979999542236328,26.979999542236328,26.420000076293945,26.850000381469727,99854,0.0,0.0
2024-09-10 10:30:00-04:00,26.844999313354492,26.979999542236328,26.75,26.889999389648438,29772,0.0,0.0
2024-09-10 11:30:00-04:00,26.8700008392334,26.8700008392334,26.75,26.825000762939453,19416,0.0,0.0
2024-09-10 12:30:00-04:00,26.809999465942383,26.920000076293945,26.770000457763672,26.860000610351562,22848,0.0,0.0
2024-09-10 13:30:00-04:00,26.889999389648438,26.959999084472656,26.81999969482422,26.90999984741211,35780,0.0,0.0
2024-09-10 14:30:00-04:00,26.889999389648438,27.1200008392334,26.8700008392334,27.1200008392334,33582,0.0,0.0
2024-09-10 15:30:00-04:00,27.100000381469727,27.110000610351562,26.8700008392334,27.030000686645508,81551,0.0,0.0
2024-09-11 09:30:00-04:00,26.719999313354492,26.860000610351562,26.06999969482422,26.06999969482422,68998,0.0,0.0
2024-09-11 10:30:00-04:00,26.079999923706055,26.079999923706055,25.575000762939453,25.719999313354492,85161,0.0,0.0
2024-09-11 11:30:00-04:00,25.725000381469727,25.781999588012695,25.459999084472656,25.625,62047,0.0,0.0
2024-09-11 12:30:00-04:00,25.6200008392334,25.920000076293945,25.6200008392334,25.8799991607666,58934,0.0,0.0
2024-09-11 13:30:00-04:00,25.889999389648438,26.190000534057617,25.8799991607666,25.93000030517578,58695,0.0,0.0
2024-09-11 14:30:00-04:00,25.93000030517578,26.450000762939453,25.844999313354492,26.440000534057617,96094,0.0,0.0
2024-09-11 15:30:00-04:00,26.450000762939453,26.479999542236328,26.125,26.25,204905,0.0,0.0
2024-09-12 09:30:00-04:00,26.299999237060547,26.454999923706055,26.0,26.280000686645508,40337,0.0,0.0
2024-09-12 10:30:00-04:00,26.27400016784668,26.295000076293945,26.0,26.170000076293945,44578,0.0,0.0
2024-09-12 11:30:00-04:00,26.15999984741211,26.2549991607666,26.075000762939453,26.209999084472656,40016,0.0,0.0
2024-09-12 12:30:00-04:00,26.214000701904297,26.350000381469727,26.139999389648438,26.350000381469727,30696,0.0,0.0
2024-09-12 13:30:00-04:00,26.3700008392334,26.549999237060547,26.329999923706055,26.469999313354492,40026,0.0,0.0
2024-09-12 14:30:00-04:00,26.5,26.530000686645508,26.31999969482422,26.3799991607666,53251,0.0,0.0
2024-09-12 15:30:00-04:00,26.3799991607666,26.520000457763672,26.350000381469727,26.3799991607666,204985,0.0,0.0
2024-09-13 09:30:00-04:00,26.5,27.239999771118164,26.5,27.15999984741211,47146,0.0,0.0
2024-09-13 10:30:00-04:00,27.200000762939453,27.559999465942383,27.15999984741211,27.545000076293945,29839,0.0,0.0
2024-09-13 11:30:00-04:00,27.46500015258789,27.549999237060547,27.440000534057617,27.48740005493164,27760,0.0,0.0
2024-09-13 12:30:00-04:00,27.459999084472656,27.764999389648438,27.375,27.489999771118164,95857,0.0,0.0
2024-09-13 13:30:00-04:00,27.5,27.625,27.344999313354492,27.469999313354492,33582,0.0,0.0
2024-09-13 14:30:00-04:00,27.489999771118164,27.7549991607666,27.40999984741211,27.719999313354492,72998,0.0,0.0
2024-09-13 15:30:00-04:00,27.71500015258789,27.84000015258789,27.579999923706055,27.59000015258789,281501,0.0,0.0
2024-09-16 09:30:00-04:00,27.8700008392334,27.8700008392334,27.430099487304688,27.55500030517578,148173,0.0,0.0
2024-09-16 10:30:00-04:00,27.520000457763672,27.700000762939453,27.450000762939453,27.559999465942383,119758,0.0,0.0
2024-09-16 11:30:00-04:00,27.520000457763672,27.7549991607666,27.510000228881836,27.725000381469727,48997,0.0,0.0
2024-09-16 12:30:00-04:00,27.709999084472656,27.75,27.594999313354492,27.655000686645508,30278,0.0,0.0
2024-09-16 13:30:00-04:00,27.665000915527344,27.700000762939453,27.549999237060547,27.549999237060547,43693,0.0,0.0
2024-09-16 14:30:00-04:00,27.53499984741211,27.725000381469727,27.485000610351562,27.700000762939453,52230,0.0,0.0
2024-09-16 15:30:00-04:00,27.700000762939453,27.93000030517578,27.680999755859375,27.90999984741211,135221,0.0,0.0
2024-09-17 09:30:00-04:00,27.940000534057617,28.75,27.90999984741211,28.59000015258789,64164,0.0,0.0
2024-09-17 10:30:00-04:00,28.56999969482422,28.770000457763672,28.219999313354492,28.760000228881836,88493,0.0,0.0
2024-09-17 11:30:00-04:00,28.760000228881836,28.81999969482422,28.549999237060547,28.594999313354492,58864,0.0,0.0
2024-09-17 12:30:00-04:00,28.56999969482422,28.600000381469727,28.28499984741211,28.31999969482422,55510,0.0,0.0
2024-09-17 13:30:00-04:00,28.34000015258789,28.549999237060547,28.34000015258789,28.510000228881836,54590,0.0,0.0
2024-09-17 14:30:00-04:00,28.510000228881836,28.639999389648438,28.3799991607666,28.405000686645508,109078,0.0,0.0
2024-09-17 15:30:00-04:00,28.405000686645508,28.629899978637695,28.3700008392334,28.600000381469727,129552,0.0,0.0
2024-09-18 09:30:00-04:00,28.829999923706055,28.954999923706055,28.530000686645508,28.860000610351562,38544,0.0,0.0
2024-09-18 10:30:00-04:00,28.860000610351562,29.280000686645508,28.510000228881836,28.594999313354492,130357,0.0,0.0
2024-09-18 11:30:00-04:00,28.559999465942383,28.780000686645508,28.40999984741211,28.559999465942383,67564,0.0,0.0
2024-09-18 12:30:00-04:00,28.559999465942383,28.56999969482422,28.329999923706055,28.415000915527344,24902,0.0,0.0
2024-09-18 13:30:00-04:00,28.415000915527344,29.084999084472656,28.375,28.940000534057617,76575,0.0,0.0
2024-09-18 14:30:00-04:00,28.979999542236328,29.204999923706055,28.665000915527344,28.864999771118164,82489,0.0,0.0
2024-09-18 15:30:00-04:00,28.864999771118164,28.90999984741211,28.280000686645508,28.440000534057617,122078,0.0,0.0
2024-09-19 09:30:00-04:00,28.59000015258789,29.13990020751953,28.1299991607666,28.170000076293945,78697,0.0,0.0
2024-09-19 10:30:00-04:00,28.1299991607666,28.440000534057617,27.993999481201172,28.3700008392334,51798,0.0,0.0
2024-09-19 11:30:00-04:00,28.420000076293945,28.68000030517578,28.3799991607666,28.6299991607666,31276,0.0,0.0
2024-09-19 12:30:00-04:00,28.584999084472656,28.59000015258789,28.40999984741211,28.424999237060547,22757,0.0,0.0
2024-09-19 13:30:00-04:00,28.40999984741211,28.600000381469727,28.40999984741211,28.600000381469727,34930,0.0,0.0
2024-09-19 14:30:00-04:00,28.6299991607666,28.729999542236328,28.309999465942383,28.360000610351562,63232,0.0,0.0
2024-09-19 15:30:00-04:00,28.3700008392334,28.450000762939453,28.190000534057617,28.31999969482422,121223,0.0,0.0
2024-09-20 09:30:00-04:00,28.09000015258789,28.09000015258789,27.399999618530273,27.559999465942383,412737,0.0,0.0
2024-09-20 10:30:00-04:00,27.496000289916992,27.496000289916992,27.059999465942383,27.15999984741211,61611,0.0,0.0
2024-09-20 11:30:00-04:00,27.1299991607666,27.389999389648438,26.969999313354492,27.389999389648438,44370,0.0,0.0
2024-09-20 12:30:00-04:00,27.389999389648438,27.770000457763672,27.309999465942383,27.729999542236328,39716,0.0,0.0
2024-09-20 13:30:00-04:00,27.77039909362793,27.959999084472656,27.729999542236328,27.799999237060547,34793,0.0,0.0
2024-09-20 14:30:00-04:00,27.809999465942383,27.81999969482422,27.559999465942383,27.625,58488,0.0,0.0
2024-09-20 15:30:00-04:00,27.614999771118164,27.770000457763672,27.530000686645508,27.679899215698242,180091,0.0,0.0
2024-09-23 09:30:00-04:00,27.729999542236328,27.729999542236328,27.31999969482422,27.31999969482422,24748,0.0,0.0
2024-09-23 10:30:00-04:00,27.34000015258789,27.389999389648438,27.010000228881836,27.010000228881836,27326,0.0,0.0
2024-09-23 11:30:00-04:00,27.014999389648438,27.170000076293945,26.979999542236328,27.000099182128906,22159,0.0,0.0
2024-09-23 12:30:00-04:00,27.0,27.1200008392334,27.0,27.06999969482422,26614,0.0,0.0
2024-09-23 13:30:00-04:00,27.059999465942383,27.15999984741211,26.979999542236328,26.979999542236328,20714,0.0,0.0
2024-09-23 14:30:00-04:00,27.010000228881836,27.100000381469727,26.84000015258789,27.0,49966,0.0,0.0
2024-09-23 15:30:00-04:00,27.014999389648438,27.059999465942383,26.84000015258789,26.93000030517578,95263,0.0,0.0
2024-09-24 09:30:00-04:00,27.079999923706055,27.280000686645508,26.690000534057617,26.709999084472656,25266,0.0,0.0
2024-09-24 10:30:00-04:00,26.709999084472656,26.799999237060547,26.559999465942383,26.700000762939453,28053,0.0,0.0
2024-09-24 11:30:00-04:00,26.71500015258789,26.799999237060547,26.65999984741211,26.65999984741211,18556,0.0,0.0
2024-09-24 12:30:00-04:00,26.690000534057617,26.739999771118164,26.610000610351562,26.645000457763672,15798,0.0,0.0
2024-09-24 13:30:00-04:00,26.639999389648438,26.7450008392334,26.520000457763672,26.55500030517578,28760,0.0,0.0
2024-09-24 14:30:00-04:00,26.530000686645508,26.650999069213867,26.510000228881836,26.559999465942383,34174,0.0,0.0
2024-09-24 15:30:00-04:00,26.56999969482422,26.670000076293945,26.479999542236328,26.559999465942383,116499,0.0,0.0
2024-09-25 09:30:00-04:00,26.510000228881836,26.799999237060547,26.354299545288086,26.59000015258789,56467,0.0,0.0
2024-09-25 10:30:00-04:00,26.56999969482422,26.700000762939453,26.360000610351562,26.3700008392334,35596,0.0,0.0
2024-09-25 11:30:00-04:00,26.3799991607666,26.575000762939453,26.329999923706055,26.540000915527344,32553,0.0,0.0
2024-09-25 12:30:00-04:00,26.540000915527344,26.649999618530273,26.40999984741211,26.40999984741211,40209,0.0,0.0
2024-09-25 13:30:00-04:00,26.405000686645508,26.405000686645508,26.149999618530273,26.149999618530273,50116,0.0,0.0
2024-09-25 14:30:00-04:00,26.15999984741211,26.329999923706055,26.110000610351562,26.190000534057617,37728,0.0,0.0
2024-09-25 15:30:00-04:00,26.200000762939453,26.229999542236328,26.030000686645508,26.09000015258789,106626,0.0,0.0
2024-09-26 09:30:00-04:00,26.440000534057617,26.78499984741211,26.239999771118164,26.329999923706055,87720,0.0,0.0
2024-09-26 10:30:00-04:00,26.360000610351562,26.510000228881836,26.190000534057617,26.190000534057617,33872,0.0,0.0
2024-09-26 11:30:00-04:00,26.190000534057617,26.389999389648438,26.131900787353516,26.131900787353516,25133,0.0,0.0
2024-09-26 12:30:00-04:00,26.079999923706055,26.25,26.059999465942383,26.059999465942383,23682,0.0,0.0
2024-09-26 13:30:00-04:00,26.06999969482422,26.1200008392334,25.899999618530273,25.989999771118164,35704,0.0,0.0
2024-09-26 14:30:00-04:00,25.989999771118164,26.104999542236328,25.920000076293945,26.006000518798828,58441,0.0,0.0
2024-09-26 15:30:00-04:00,26.0049991607666,26.25,25.969999313354492,26.219999313354492,136372,0.0,0.0
2024-09-27 09:30:00-04:00,26.399999618530273,26.81999969482422,26.229999542236328,26.719999313354492,43090,0.0,0.0
2024-09-27 10:30:00-04:00,26.739999771118164,26.950000762939453,26.697099685668945,26.709999084472656,35196,0.0,0.0
2024-09-27 11:30:00-04:00,26.719999313354492,26.889999389648438,26.450000762939453,26.450000762939453,28431,0.0,0.0
2024-09-27 12:30:00-04:00,26.459999084472656,26.549999237060547,26.40999984741211,26.549999237060547,41535,0.0,0.0
2024-09-27 13:30:00-04:00,26.559999465942383,26.56999969482422,26.40999984741211,26.450000762939453,38358,0.0,0.0
2024-09-27 14:30:00-04:00,26.440000534057617,26.6200008392334,26.270000457763672,26.309999465942383,57387,0.0,0.0
2024-09-27 15:30:00-04:00,26.299999237060547,26.469999313354492,26.270000457763672,26.459999084472656,116403,0.0,0.0
2024-09-30 09:30:00-04:00,26.399999618530273,27.059999465942383,26.219999313354492,26.69499969482422,30552,0.0,0.0
2024-09-30 10:30:00-04:00,26.693899154663086,26.950000762939453,26.693899154663086,26.809999465942383,36004,0.0,0.0
2024-09-30 11:30:00-04:00,26.80500030517578,27.190000534057617,26.790000915527344,27.190000534057617,46263,0.0,0.0
2024-09-30 12:30:00-04:00,27.184999465942383,27.239999771118164,26.93000030517578,27.020000457763672,38353,0.0,0.0
2024-09-30 13:30:00-04:00,27.030000686645508,27.030000686645508,26.799999237060547,26.885000228881836,60293,0.0,0.0
2024-09-30 14:30:00-04:00,26.889999389648438,27.174999237060547,26.854999542236328,26.93000030517578,49074,0.0,0.0
2024-09-30 15:30:00-04:00,26.945999145507812,27.40999984741211,26.920000076293945,27.3700008392334,158134,0.0,0.0
2024-10-01 09:30:00-04:00,27.5,27.549999237060547,26.940000534057617,27.15999984741211,58627,0.0,0.0
2024-10-01 10:30:00-04:00,27.165000915527344,27.385000228881836,26.979999542236328,27.06999969482422,56470,0.0,0.0
2024-10-01 11:30:00-04:00,27.110000610351562,27.200000762939453,27.049999237060547,27.170000076293945,51877,0.0,0.0
2024-10-01 12:30:00-04:00,27.145000457763672,27.18000030517578,26.90999984741211,26.940000534057617,71432,0.0,0.0
2024-10-01 13:30:00-04:00,26.950000762939453,27.075000762939453,26.899999618530273,27.075000762939453,44691,0.0,0.0
2024-10-01 14:30:00-04:00,27.084999084472656,27.25,27.079999923706055,27.25,72222,0.0,0.0
2024-10-01 15:30:00-04:00,27.239999771118164,27.260000228881836,26.850000381469727,27.049999237060547,199166,0.0,0.0
2024-10-02 09:30:00-04:00,26.950000762939453,27.34000015258789,26.739999771118164,27.165000915527344,39470,0.0,0.0
2024-10-02 10:30:00-04:00,27.149999618530273,27.364999771118164,27.1299991607666,27.280000686645508,45232,0.0,0.0
2024-10-02 11:30:00-04:00,27.309999465942383,27.415000915527344,27.030000686645508,27.030000686645508,48627,0.0,0.0
2024-10-02 12:30:00-04:00,27.0,27.030000686645508,26.899999618530273,27.010000228881836,46268,0.0,0.0
2024-10-02 13:30:00-04:00,26.989999771118164,27.200000762939453,26.989999771118164,27.18000030517578,48136,0.0,0.0
2024-10-02 14:30:00-04:00,27.170000076293945,27.200000762939453,27.020000457763672,27.079999923706055,48213,0.0,0.0
2024-10-02 15:30:00-04:00,27.075000762939453,27.149999618530273,26.969999313354492,26.969999313354492,105888,0.0,0.0
2024-10-03 09:30:00-04:00,26.770000457763672,27.260000228881836,26.520000457763672,26.540000915527344,29435,0.0,0.0
2024-10-03 10:30:00-04:00,26.552000045776367,26.625,26.43000030517578,26.469999313354492,17379,0.0,0.0
2024-10-03 11:30:00-04:00,26.5,26.639999389648438,26.469999313354492,26.59000015258789,15192,0.0,0.0
2024-10-03 12:30:00-04:00,26.59000015258789,26.610000610351562,26.485000610351562,26.510000228881836,22146,0.0,0.0
2024-10-03 13:30:00-04:00,26.510000228881836,26.530000686645508,26.459999084472656,26.489999771118164,18100,0.0,0.0
2024-10-03 14:30:00-04:00,26.479999542236328,26.690000534057617,26.420000076293945,26.649999618530273,37156,0.0,0.0
2024-10-03 15:30:00-04:00,26.65999984741211,26.690000534057617,26.420000076293945,26.43000030517578,88554,0.0,0.0
2024-10-04 09:30:00-04:00,26.770000457763672,27.030000686645508,26.520000457763672,26.559999465942383,44120,0.0,0.0
2024-10-04 10:30:00-04:00,26.56999969482422,26.704999923706055,26.3799991607666,26.389999389648438,40013,0.0,0.0
2024-10-04 11:30:00-04:00,26.3700008392334,26.59000015258789,26.350000381469727,26.489999771118164,31812,0.0,0.0
2024-10-04 12:30:00-04:00,26.5,26.600000381469727,26.420000076293945,26.420000076293945,32761,0.0,0.0
2024-10-04 13:30:00-04:00,26.389999389648438,26.510000228881836,26.31999969482422,26.34000015258789,28899,0.0,0.0
2024-10-04 14:30:00-04:00,26.329999923706055,26.469999313354492,26.309999465942383,26.450000762939453,41594,0.0,0.0
2024-10-04 15:30:00-04:00,26.434999465942383,26.5,26.3799991607666,26.459999084472656,71853,0.0,0.0
2024-10-07 09:30:00-04:00,26.489999771118164,26.489999771118164,26.079999923706055,26.399999618530273,34117,0.0,0.0
2024-10-07 10:30:00-04:00,26.385000228881836,26.385000228881836,25.979999542236328,26.0,67086,0.0,0.0
2024-10-07 11:30:00-04:00,25.989999771118164,26.100000381469727,25.93000030517578,26.03499984741211,35901,0.0,0.0
2024-10-07 12:30:00-04:00,26.0,26.139999389648438,26.0,26.139999389648438,29642,0.0,0.0
2024-10-07 13:30:00-04:00,26.100000381469727,26.190000534057617,26.040000915527344,26.1299991607666,37863,0.0,0.0
2024-10-07 14:30:00-04:00,26.1200008392334,26.229999542236328,25.905000686645508,25.959999084472656,71187,0.0,0.0
2024-10-07 15:30:00-04:00,25.969999313354492,26.2549991607666,25.950000762939453,26.139999389648438,112115,0.0,0.0
2024-10-08 09:30:00-04:00,25.93000030517578,26.239999771118164,25.924999237060547,25.93000030517578,63368,0.0,0.0
2024-10-08 10:30:00-04:00,25.889999389648438,26.170000076293945,25.68000030517578,25.979999542236328,133559,0.0,0.0
2024-10-08 11:30:00-04:00,25.959999084472656,26.30500030517578,25.940000534057617,26.30500030517578,32375,0.0,0.0
2024-10-08 12:30:00-04:00,26.290000915527344,26.3799991607666,26.25,26.270000457763672,41499,0.0,0.0
2024-10-08 13:30:00-04:00,26.289899826049805,26.375,26.200000762939453,26.200000762939453,31639,0.0,0.0
2024-10-08 14:30:00-04:00,26.190000534057617,26.200000762939453,26.040000915527344,26.079999923706055,52364,0.0,0.0
2024-10-08 15:30:00-04:00,26.059999465942383,26.149999618530273,25.950000762939453,25.954999923706055,112797,0.0,0.0
2024-10-09 09:30:00-04:00,26.520000457763672,26.520000457763672,25.135000228881836,25.270000457763672,91878,0.0,0.0
2024-10-09 10:30:00-04:00,25.260000228881836,25.280000686645508,24.6299991607666,24.770000457763672,92751,0.0,0.0
2024-10-09 11:30:00-04:00,24.760000228881836,24.809999465942383,24.299999237060547,24.389999389648438,93011,0.0,0.0
2024-10-09 12:30:00-04:00,24.385000228881836,24.520000457763672,24.18000030517578,24.46500015258789,46095,0.0,0.0
2024-10-09 13:30:00-04:00,24.600000381469727,24.670000076293945,24.40999984741211,24.520000457763672,40756,0.0,0.0
2024-10-09 14:30:00-04:00,24.510000228881836,24.510000228881836,24.329999923706055,24.399999618530273,52052,0.0,0.0
2024-10-09 15:30:00-04:00,24.399999618530273,24.6200008392334,24.3700008392334,24.3700008392334,146089,0.0,0.0
2024-10-10 09:30:00-04:00,24.1200008392334,24.256000518798828,23.829999923706055,24.030000686645508,92109,0.0,0.0
2024-10-10 10:30:00-04:00,24.075000762939453,24.076000213623047,23.639999389648438,23.65999984741211,92232,0.0,0.0
2024-10-10 11:30:00-04:00,23.639999389648438,23.639999389648438,23.3799991607666,23.40999984741211,120548,0.0,0.0
2024-10-10 12:30:00-04:00,23.40999984741211,23.44499969482422,23.239999771118164,23.239999771118164,45087,0.0,0.0
2024-10-10 13:30:00-04:00,23.25,23.299999237060547,23.06999969482422,23.181900024414062,51615,0.0,0.0
2024-10-10 14:30:00-04:00,23.15999984741211,23.15999984741211,22.950000762939453,22.97100067138672,70154,0.0,0.0
2024-10-10 15:30:00-04:00,22.950000762939453,23.09000015258789,22.93000030517578,23.079999923706055,196534,0.0,0.0
2024-10-11 09:30:00-04:00,22.93000030517578,23.614999771118164,22.920000076293945,23.520000457763672,80625,0.0,0.0
2024-10-11 10:30:00-04:00,23.530000686645508,23.649999618530273,23.510000228881836,23.649999618530273,29822,0.0,0.0
2024-10-11 11:30:00-04:00,23.690000534057617,23.719999313354492,23.514999389648438,23.545000076293945,32434,0.0,0.0
2024-10-11 12:30:00-04:00,23.545000076293945,23.719999313354492,23.475000381469727,23.709999084472656,47350,0.0,0.0
2024-10-11 13:30:00-04:00,23.71500015258789,23.799999237060547,23.6299991607666,23.779699325561523,39140,0.0,0.0
2024-10-11 14:30:00-04:00,23.799999237060547,24.165000915527344,23.719999313354492,24.1299991607666,120579,0.0,0.0
2024-10-11 15:30:00-04:00,24.1200008392334,24.25,24.049999237060547,24.06999969482422,226322,0.0,0.0
