Datetime,Open,High,Low,Close,Volume,Dividends,Stock Splits,Capital Gains
2022-11-02 14:30:00-04:00,23.020000457763672,23.125699996948242,22.799999237060547,22.799999237060547,100,0.0,0.0,0.0
2022-11-07 09:30:00-05:00,23.365800857543945,23.365800857543945,23.365800857543945,23.365800857543945,0,0.0,0.0,0.0
2022-11-07 10:30:00-05:00,23.309900283813477,23.6028995513916,23.3075008392334,23.6028995513916,100,0.0,0.0,0.0
2022-11-21 09:30:00-05:00,24.60300064086914,24.60300064086914,24.456600189208984,24.60300064086914,0,0.0,0.0,0.0
2022-11-22 09:30:00-05:00,24.456600189208984,24.819499969482422,24.456600189208984,24.819499969482422,0,0.0,0.0,0.0
2022-11-23 09:30:00-05:00,24.819499969482422,24.819499969482422,24.819499969482422,24.819499969482422,41,0.0,0.0,0.0
2022-11-23 14:30:00-05:00,25.0,25.0,24.983200073242188,24.995399475097656,1203,0.0,0.0,0.0
2022-12-05 10:30:00-05:00,25.149999618530273,25.149999618530273,25.149900436401367,25.149900436401367,0,0.0,0.0,0.0
2022-12-05 15:30:00-05:00,25.010000228881836,25.010000228881836,24.981700897216797,24.981700897216797,100,0.0,0.0,0.0
2022-12-06 15:30:00-05:00,24.600000381469727,24.600000381469727,24.582500457763672,24.582500457763672,107,0.0,0.0,0.0
2022-12-09 14:30:00-05:00,24.549999237060547,24.549999237060547,24.421499252319336,24.421499252319336,93,0.0,0.0,0.0
2022-12-27 12:30:00-05:00,23.63010025024414,23.63010025024414,23.305599212646484,23.305599212646484,0,0.0,0.0,0.0
2022-12-30 09:30:00-05:00,23.450000762939453,23.519800186157227,23.450000762939453,23.519800186157227,246,0.0,0.0,0.0
2023-01-03 14:30:00-05:00,23.280000686645508,23.625499725341797,23.280000686645508,23.315099716186523,0,0.0,0.0,0.0
2023-01-09 14:30:00-05:00,24.1299991607666,24.1299991607666,24.026899337768555,24.026899337768555,0,0.0,0.0,0.0
2023-01-10 13:30:00-05:00,24.239999771118164,24.823699951171875,24.239999771118164,24.823699951171875,3900,0.0,0.0,0.0
2023-01-13 09:30:00-05:00,24.989999771118164,24.989999771118164,24.979999542236328,24.979999542236328,0,0.0,0.0,0.0
2023-01-13 11:30:00-05:00,25.089799880981445,25.089799880981445,25.089799880981445,25.089799880981445,100,0.0,0.0,0.0
2023-01-13 15:30:00-05:00,25.219900131225586,25.219999313354492,25.21030044555664,25.21030044555664,400,0.0,0.0,0.0
2023-01-17 14:30:00-05:00,25.239999771118164,25.239999771118164,24.907100677490234,25.173799514770508,125,0.0,0.0,0.0
2023-01-20 14:30:00-05:00,24.43000030517578,24.52739906311035,24.43000030517578,24.43000030517578,0,0.0,0.0,0.0
2023-01-27 09:30:00-05:00,24.3700008392334,24.469999313354492,24.3700008392334,24.469999313354492,3100,0.0,0.0,0.0
2023-01-27 10:30:00-05:00,24.3799991607666,24.541000366210938,24.3799991607666,24.541000366210938,98855,0.0,0.0,0.0
2023-01-30 09:30:00-05:00,24.510000228881836,24.510000228881836,24.510000228881836,24.510000228881836,22750,0.0,0.0,0.0
2023-01-30 14:30:00-05:00,24.399999618530273,24.40999984741211,24.360000610351562,24.360000610351562,4200,0.0,0.0,0.0
2023-01-30 15:30:00-05:00,24.350000381469727,24.3799991607666,24.31999969482422,24.329999923706055,2900,0.0,0.0,0.0
2023-01-31 09:30:00-05:00,24.360000610351562,24.360000610351562,24.360000610351562,24.360000610351562,0,0.0,0.0,0.0
2023-01-31 10:30:00-05:00,24.399999618530273,24.469999313354492,24.399999618530273,24.469999313354492,15000,0.0,0.0,0.0
2023-01-31 11:30:00-05:00,24.469999313354492,24.510000228881836,24.469999313354492,24.510000228881836,15000,0.0,0.0,0.0
2023-01-31 12:30:00-05:00,24.549999237060547,24.559999465942383,24.549999237060547,24.559999465942383,15000,0.0,0.0,0.0
2023-01-31 13:30:00-05:00,24.579999923706055,24.6299991607666,24.579999923706055,24.6299991607666,15000,0.0,0.0,0.0
2023-01-31 14:30:00-05:00,24.6299991607666,24.639999389648438,24.629899978637695,24.629899978637695,15520,0.0,0.0,0.0
2023-01-31 15:30:00-05:00,24.639999389648438,24.780000686645508,24.639999389648438,24.7731990814209,14430,0.0,0.0,0.0
2023-02-01 09:30:00-05:00,24.719999313354492,24.719999313354492,24.719999313354492,24.719999313354492,0,0.0,0.0,0.0
2023-02-01 10:30:00-05:00,24.65999984741211,24.65999984741211,24.65999984741211,24.65999984741211,18600,0.0,0.0,0.0
2023-02-01 11:30:00-05:00,24.639999389648438,24.670000076293945,24.610000610351562,24.610000610351562,27900,0.0,0.0,0.0
2023-02-01 12:30:00-05:00,24.610000610351562,24.610000610351562,24.600000381469727,24.600000381469727,18600,0.0,0.0,0.0
2023-02-01 13:30:00-05:00,24.6200008392334,24.649999618530273,24.6200008392334,24.649999618530273,18600,0.0,0.0,0.0
2023-02-01 14:30:00-05:00,24.860000610351562,25.0,24.860000610351562,25.0,18620,0.0,0.0,0.0
2023-02-01 15:30:00-05:00,25.1200008392334,25.1200008392334,24.9689998626709,24.9689998626709,9415,0.0,0.0,0.0
2023-02-02 09:30:00-05:00,25.1200008392334,25.1200008392334,24.959999084472656,24.969999313354492,0,0.0,0.0,0.0
2023-02-02 10:30:00-05:00,25.200000762939453,25.260000228881836,25.200000762939453,25.260000228881836,16000,0.0,0.0,0.0
2023-02-02 11:30:00-05:00,25.18000030517578,25.18000030517578,25.18000030517578,25.18000030517578,8000,0.0,0.0,0.0
2023-02-02 12:30:00-05:00,25.190000534057617,25.190000534057617,25.139999389648438,25.15999984741211,24010,0.0,0.0,0.0
2023-02-02 13:30:00-05:00,25.170000076293945,25.170000076293945,25.049999237060547,25.049999237060547,16000,0.0,0.0,0.0
2023-02-02 14:30:00-05:00,24.979999542236328,25.0,24.940000534057617,25.0,18175,0.0,0.0,0.0
2023-02-02 15:30:00-05:00,25.049999237060547,25.049999237060547,25.049999237060547,25.049999237060547,16415,0.0,0.0,0.0
2023-02-03 09:30:00-05:00,24.68000030517578,24.799999237060547,24.670000076293945,24.790000915527344,0,0.0,0.0,0.0
2023-02-03 10:30:00-05:00,24.790000915527344,24.8700008392334,24.780000686645508,24.81999969482422,3900,0.0,0.0,0.0
2023-02-03 11:30:00-05:00,24.8700008392334,24.889999389648438,24.780000686645508,24.829999923706055,3400,0.0,0.0,0.0
2023-02-03 12:30:00-05:00,24.84000015258789,24.850000381469727,24.690000534057617,24.700000762939453,3729,0.0,0.0,0.0
2023-02-03 13:30:00-05:00,24.690000534057617,24.719999313354492,24.670000076293945,24.690000534057617,3748,0.0,0.0,0.0
2023-02-03 14:30:00-05:00,24.690000534057617,24.760000228881836,24.670000076293945,24.729999542236328,4287,0.0,0.0,0.0
2023-02-03 15:30:00-05:00,24.770000457763672,24.770000457763672,24.690000534057617,24.719999313354492,2890,0.0,0.0,0.0
2023-02-06 09:30:00-05:00,26.469999313354492,26.469999313354492,24.530000686645508,24.530000686645508,0,0.0,0.0,0.0
2023-02-06 10:30:00-05:00,24.520000457763672,24.6200008392334,24.520000457763672,24.6200008392334,2110,0.0,0.0,0.0
2023-02-06 11:30:00-05:00,24.6200008392334,24.6200008392334,24.518999099731445,24.530000686645508,2300,0.0,0.0,0.0
2023-02-06 12:30:00-05:00,24.540000915527344,24.56999969482422,24.520000457763672,24.549999237060547,2795,0.0,0.0,0.0
2023-02-06 13:30:00-05:00,24.520000457763672,24.579999923706055,24.510000228881836,24.579999923706055,2300,0.0,0.0,0.0
2023-02-06 14:30:00-05:00,24.549999237060547,24.59000015258789,24.540000915527344,24.549999237060547,3000,0.0,0.0,0.0
2023-02-06 15:30:00-05:00,24.56999969482422,24.6299991607666,24.56999969482422,24.6299991607666,2351,0.0,0.0,0.0
2023-02-07 10:30:00-05:00,24.3799991607666,24.67690086364746,24.3799991607666,24.67690086364746,0,0.0,0.0,0.0
2023-02-08 09:30:00-05:00,24.63010025024414,24.63010025024414,24.63010025024414,24.63010025024414,33,0.0,0.0,0.0
2023-02-08 10:30:00-05:00,24.559999465942383,24.559999465942383,24.559999465942383,24.559999465942383,1000,0.0,0.0,0.0
2023-02-08 12:30:00-05:00,24.489999771118164,24.489999771118164,24.489999771118164,24.489999771118164,960,0.0,0.0,0.0
2023-02-08 13:30:00-05:00,24.44770050048828,24.44770050048828,24.44770050048828,24.44770050048828,250,0.0,0.0,0.0
2023-02-08 14:30:00-05:00,24.469999313354492,24.469999313354492,24.469999313354492,24.469999313354492,110,0.0,0.0,0.0
2023-02-08 15:30:00-05:00,24.434999465942383,24.434999465942383,24.41830062866211,24.41830062866211,0,0.0,0.0,0.0
2023-02-09 09:30:00-05:00,24.610000610351562,24.610000610351562,24.610000610351562,24.610000610351562,281,0.0,0.0,0.0
2023-02-09 10:30:00-05:00,24.438899993896484,24.438899993896484,24.438899993896484,24.438899993896484,1040,0.0,0.0,0.0
2023-02-09 13:30:00-05:00,24.319900512695312,24.319900512695312,24.319900512695312,24.319900512695312,130,0.0,0.0,0.0
2023-02-09 15:30:00-05:00,24.210100173950195,24.229400634765625,24.210100173950195,24.229400634765625,100,0.0,0.0,0.0
2023-02-10 10:30:00-05:00,24.281700134277344,24.281700134277344,24.281700134277344,24.281700134277344,0,0.0,0.0,0.0
2023-02-10 14:30:00-05:00,24.31999969482422,24.329999923706055,24.260000228881836,24.31999969482422,1890,0.0,0.0,0.0
2023-02-10 15:30:00-05:00,24.334999084472656,24.371400833129883,24.334999084472656,24.371400833129883,100,0.0,0.0,0.0
2023-02-13 10:30:00-05:00,24.569900512695312,24.56999969482422,24.530099868774414,24.530099868774414,182,0.0,0.0,0.0
2023-02-13 15:30:00-05:00,24.609899520874023,24.610000610351562,24.570999145507812,24.570999145507812,400,0.0,0.0,0.0
2023-02-14 09:30:00-05:00,24.56999969482422,24.56999969482422,24.56999969482422,24.56999969482422,0,0.0,0.0,0.0
2023-02-14 10:30:00-05:00,24.30500030517578,24.350099563598633,24.30500030517578,24.350000381469727,497,0.0,0.0,0.0
2023-02-14 11:30:00-05:00,24.299999237060547,24.299999237060547,24.299999237060547,24.299999237060547,105,0.0,0.0,0.0
2023-02-14 15:30:00-05:00,24.56999969482422,24.56999969482422,24.545900344848633,24.545900344848633,200,0.0,0.0,0.0
2023-02-15 09:30:00-05:00,24.5,24.847900390625,24.5,24.847900390625,0,0.0,0.0,0.0
2023-02-16 11:30:00-05:00,24.729999542236328,24.729999542236328,24.729999542236328,24.729999542236328,150,0.0,0.0,0.0
2023-02-16 14:30:00-05:00,24.559900283813477,24.559900283813477,24.559900283813477,24.559900283813477,210,0.0,0.0,0.0
2023-02-16 15:30:00-05:00,24.549999237060547,24.549999237060547,24.510000228881836,24.510000228881836,820,0.0,0.0,0.0
2023-02-17 14:30:00-05:00,24.579999923706055,24.610000610351562,24.545000076293945,24.554899215698242,573,0.0,0.0,0.0
2023-02-21 09:30:00-05:00,24.229999542236328,24.229999542236328,24.038799285888672,24.038799285888672,0,0.0,0.0,0.0
2023-02-22 11:30:00-05:00,24.050100326538086,24.1299991607666,24.050100326538086,24.1299991607666,399,0.0,0.0,0.0
2023-02-22 13:30:00-05:00,24.190000534057617,24.219999313354492,24.1200008392334,24.1299991607666,2100,0.0,0.0,0.0
2023-02-22 14:30:00-05:00,24.100000381469727,24.100000381469727,24.020000457763672,24.030000686645508,2512,0.0,0.0,0.0
2023-02-22 15:30:00-05:00,24.040000915527344,24.059999465942383,24.010000228881836,24.049999237060547,1450,0.0,0.0,0.0
2023-02-23 12:30:00-05:00,23.9950008392334,24.16320037841797,23.9950008392334,24.16320037841797,0,0.0,0.0,0.0
2023-02-24 10:30:00-05:00,23.739999771118164,23.809900283813477,23.739999771118164,23.809900283813477,5600,0.0,0.0,0.0
2023-02-24 12:30:00-05:00,23.860000610351562,23.920000076293945,23.860000610351562,23.919200897216797,1225,0.0,0.0,0.0
2023-02-24 13:30:00-05:00,23.920000076293945,23.93000030517578,23.920000076293945,23.928800582885742,3905,0.0,0.0,0.0
2023-02-24 14:30:00-05:00,23.950000762939453,23.950000762939453,23.950000762939453,23.950000762939453,500,0.0,0.0,0.0
2023-02-24 15:30:00-05:00,23.949899673461914,23.956300735473633,23.949899673461914,23.956300735473633,100,0.0,0.0,0.0
2023-02-27 14:30:00-05:00,24.174999237060547,24.18000030517578,24.117399215698242,24.117399215698242,2313,0.0,0.0,0.0
2023-02-28 15:30:00-05:00,24.069900512695312,24.069900512695312,24.050399780273438,24.050399780273438,343,0.0,0.0,0.0
2023-03-01 12:30:00-05:00,24.270000457763672,24.270000457763672,24.203800201416016,24.203800201416016,2157,0.0,0.0,0.0
2023-03-02 09:30:00-05:00,24.03499984741211,24.139999389648438,24.03499984741211,24.139999389648438,1498,0.0,0.0,0.0
2023-03-02 13:30:00-05:00,24.309999465942383,24.32390022277832,24.309999465942383,24.32390022277832,100,0.0,0.0,0.0
2023-03-03 15:30:00-05:00,24.809900283813477,24.809999465942383,24.78499984741211,24.800800323486328,0,0.0,0.0,0.0
2023-03-06 14:30:00-05:00,24.84000015258789,24.850000381469727,24.49410057067871,24.49410057067871,0,0.0,0.0,0.0
2023-03-09 12:30:00-05:00,24.739999771118164,24.759899139404297,24.32659912109375,24.32659912109375,496,0.0,0.0,0.0
2023-03-10 11:30:00-05:00,24.290000915527344,24.290000915527344,23.814800262451172,23.814800262451172,0,0.0,0.0,0.0
2023-03-13 10:30:00-04:00,24.04010009765625,24.04010009765625,23.82740020751953,23.82740020751953,979,0.0,0.0,0.0
2023-03-14 11:30:00-04:00,24.299999237060547,24.299999237060547,24.299999237060547,24.299999237060547,0,0.0,0.0,0.0
2023-03-14 14:30:00-04:00,24.059999465942383,24.172000885009766,24.059999465942383,24.172000885009766,1233,0.0,0.0,0.0
2023-03-15 09:30:00-04:00,23.500099182128906,23.500099182128906,23.5,23.5,0,0.0,0.0,0.0
2023-03-15 11:30:00-04:00,23.320600509643555,23.320600509643555,23.320600509643555,23.320600509643555,195,0.0,0.0,0.0
2023-03-15 12:30:00-04:00,23.200000762939453,23.421600341796875,23.200000762939453,23.421600341796875,270,0.0,0.0,0.0
2023-03-16 12:30:00-04:00,23.68000030517578,23.693199157714844,23.127700805664062,23.693199157714844,0,0.0,0.0,0.0
2023-03-20 10:30:00-04:00,23.489999771118164,23.530000686645508,23.489999771118164,23.530000686645508,623,0.0,0.0,0.0
2023-03-20 11:30:00-04:00,23.520000457763672,23.520000457763672,23.510000228881836,23.510000228881836,1645,0.0,0.0,0.0
2023-03-20 13:30:00-04:00,23.5,23.5,23.5,23.5,1240,0.0,0.0,0.0
2023-03-20 14:30:00-04:00,23.489999771118164,23.489999771118164,23.475400924682617,23.475400924682617,100,0.0,0.0,0.0
2023-03-21 13:30:00-04:00,23.84950065612793,23.884899139404297,23.84950065612793,23.84950065612793,100,0.0,0.0,0.0
2023-03-22 11:30:00-04:00,23.809499740600586,23.809499740600586,23.493600845336914,23.493600845336914,0,0.0,0.0,0.0
2023-03-23 11:30:00-04:00,23.959999084472656,23.959999084472656,23.959999084472656,23.959999084472656,0,0.0,0.0,0.0
2023-03-23 13:30:00-04:00,23.6200008392334,23.6200008392334,23.425399780273438,23.425399780273438,400,0.0,0.0,0.0
2023-03-24 09:30:00-04:00,23.0,23.34309959411621,23.0,23.34309959411621,0,0.0,0.0,0.0
2023-03-27 10:30:00-04:00,23.43000030517578,23.43000030517578,23.429899215698242,23.429899215698242,200,0.0,0.0,0.0
2023-03-27 12:30:00-04:00,23.520000457763672,23.520000457763672,23.520000457763672,23.520000457763672,150,0.0,0.0,0.0
2023-03-27 14:30:00-04:00,23.584999084472656,23.584999084472656,23.52720069885254,23.52720069885254,466,0.0,0.0,0.0
2023-03-28 15:30:00-04:00,23.539499282836914,23.961000442504883,23.53820037841797,23.53820037841797,0,0.0,0.0,0.0
2023-03-30 13:30:00-04:00,24.170499801635742,24.502899169921875,24.170499801635742,24.502899169921875,39,0.0,0.0,0.0
2023-04-03 09:30:00-04:00,24.434999465942383,24.434999465942383,24.413700103759766,24.434999465942383,35,0.0,0.0,0.0
2023-04-04 14:30:00-04:00,24.059999465942383,24.09630012512207,24.059999465942383,24.09630012512207,926,0.0,0.0,0.0
2023-04-05 13:30:00-04:00,23.90999984741211,23.911699295043945,23.90999984741211,23.911699295043945,3085,0.0,0.0,0.0
2023-04-06 13:30:00-04:00,23.81999969482422,23.85759925842285,23.81999969482422,23.85759925842285,0,0.0,0.0,0.0
2023-04-10 14:30:00-04:00,24.020000457763672,24.020000457763672,24.020000457763672,24.020000457763672,0,0.0,0.0,0.0
2023-04-10 15:30:00-04:00,24.0049991607666,24.031999588012695,24.0049991607666,24.031999588012695,430,0.0,0.0,0.0
2023-04-11 09:30:00-04:00,24.008399963378906,24.008399963378906,24.008399963378906,24.008399963378906,0,0.0,0.0,0.0
2023-04-11 15:30:00-04:00,24.179899215698242,24.18000030517578,24.090299606323242,24.090299606323242,875,0.0,0.0,0.0
2023-04-12 09:30:00-04:00,24.3700008392334,24.3700008392334,24.3700008392334,24.3700008392334,0,0.0,0.0,0.0
2023-04-12 15:30:00-04:00,24.190000534057617,24.40730094909668,24.18779945373535,24.40730094909668,100,0.0,0.0,0.0
2023-04-17 12:30:00-04:00,24.372100830078125,24.372100830078125,24.372100830078125,24.372100830078125,225,0.0,0.0,0.0
2023-04-17 14:30:00-04:00,24.375,24.375,24.375,24.375,236,0.0,0.0,0.0
2023-04-17 15:30:00-04:00,24.424999237060547,24.450000762939453,24.424999237060547,24.44029998779297,675,0.0,0.0,0.0
2023-04-18 10:30:00-04:00,24.43950080871582,24.43950080871582,24.43950080871582,24.43950080871582,0,0.0,0.0,0.0
2023-04-18 11:30:00-04:00,24.42140007019043,24.42140007019043,24.34000015258789,24.42140007019043,1810,0.0,0.0,0.0
2023-04-20 15:30:00-04:00,24.48780059814453,24.55500030517578,24.415000915527344,24.415000915527344,130,0.0,0.0,0.0
2023-04-24 13:30:00-04:00,24.66010093688965,24.66010093688965,24.66010093688965,24.66010093688965,0,0.0,0.0,0.0
2023-04-24 14:30:00-04:00,24.681900024414062,24.681900024414062,24.68000030517578,24.681900024414062,0,0.0,0.0,0.0
2023-04-25 12:30:00-04:00,24.43269920349121,24.540000915527344,23.796199798583984,24.43269920349121,1103,0.0,0.0,0.0
2023-04-28 14:30:00-04:00,24.179899215698242,24.193300247192383,24.155000686645508,24.193300247192383,0,0.0,0.0,0.0
2023-05-02 11:30:00-04:00,23.8710994720459,23.8710994720459,23.709999084472656,23.8710994720459,0,0.0,0.0,0.0
2023-05-03 10:30:00-04:00,23.909900665283203,23.909900665283203,23.899999618530273,23.899999618530273,1064,0.0,0.0,0.0
2023-05-03 11:30:00-04:00,23.8799991607666,23.899999618530273,23.77440071105957,23.77440071105957,0,0.0,0.0,0.0
2023-05-04 14:30:00-04:00,23.730100631713867,24.22130012512207,23.729999542236328,24.22130012512207,550,0.0,0.0,0.0
2023-05-08 09:30:00-04:00,24.389999389648438,24.389999389648438,24.389999389648438,24.389999389648438,0,0.0,0.0,0.0
2023-05-08 10:30:00-04:00,24.309099197387695,24.309099197387695,24.204099655151367,24.204099655151367,0,0.0,0.0,0.0
2023-05-11 09:30:00-04:00,24.149999618530273,24.149999618530273,24.149999618530273,24.149999618530273,305,0.0,0.0,0.0
2023-05-11 10:30:00-04:00,24.18000030517578,24.22410011291504,24.18000030517578,24.22410011291504,0,0.0,0.0,0.0
2023-05-12 10:30:00-04:00,24.579500198364258,24.579500198364258,24.55739974975586,24.55739974975586,0,0.0,0.0,0.0
2023-05-15 13:30:00-04:00,24.61949920654297,24.61949920654297,24.61949920654297,24.61949920654297,418,0.0,0.0,0.0
2023-05-15 14:30:00-04:00,24.560100555419922,24.560100555419922,24.140100479125977,24.140100479125977,0,0.0,0.0,0.0
2023-05-17 13:30:00-04:00,24.3799991607666,24.3799991607666,24.3799991607666,24.3799991607666,900,0.0,0.0,0.0
2023-05-17 14:30:00-04:00,24.280000686645508,24.333799362182617,24.280000686645508,24.333799362182617,0,0.0,0.0,0.0
2023-05-18 13:30:00-04:00,24.145000457763672,24.145000457763672,24.145000457763672,24.145000457763672,0,0.0,0.0,0.0
2023-05-18 14:30:00-04:00,24.200000762939453,24.33180046081543,24.18000030517578,24.33180046081543,1025,0.0,0.0,0.0
2023-05-19 09:30:00-04:00,24.489999771118164,24.489999771118164,24.489999771118164,24.489999771118164,0,0.0,0.0,0.0
2023-05-19 10:30:00-04:00,24.27910041809082,24.27910041809082,24.27910041809082,24.27910041809082,0,0.0,0.0,0.0
2023-05-22 15:30:00-04:00,24.450000762939453,24.450000762939453,24.435400009155273,24.435400009155273,0,0.0,0.0,0.0
2023-05-23 14:30:00-04:00,24.229999542236328,24.249399185180664,24.229999542236328,24.249399185180664,111,0.0,0.0,0.0
2023-05-24 09:30:00-04:00,24.040000915527344,24.040000915527344,24.040000915527344,24.040000915527344,200,0.0,0.0,0.0
2023-05-24 13:30:00-04:00,24.040000915527344,24.040000915527344,23.959999084472656,24.03260040283203,0,0.0,0.0,0.0
2023-05-26 09:30:00-04:00,24.020000457763672,24.020000457763672,24.020000457763672,24.020000457763672,0,0.0,0.0,0.0
2023-05-26 13:30:00-04:00,24.059999465942383,24.15880012512207,24.059999465942383,24.15880012512207,500,0.0,0.0,0.0
2023-06-02 13:30:00-04:00,24.590099334716797,24.603700637817383,24.579999923706055,24.579999923706055,210,0.0,0.0,0.0
2023-06-02 14:30:00-04:00,24.590099334716797,24.609899520874023,24.590099334716797,24.609899520874023,200,0.0,0.0,0.0
2023-06-06 09:30:00-04:00,24.61549949645996,24.61549949645996,24.450000762939453,24.450000762939453,0,0.0,0.0,0.0
2023-06-07 13:30:00-04:00,24.729999542236328,24.74839973449707,24.729999542236328,24.74839973449707,0,0.0,0.0,0.0
2023-06-08 12:30:00-04:00,24.770099639892578,24.841699600219727,24.66080093383789,24.66080093383789,340,0.0,0.0,0.0
2023-06-12 14:30:00-04:00,24.81839942932129,25.04759979248047,24.809999465942383,24.81839942932129,100,0.0,0.0,0.0
2023-06-14 13:30:00-04:00,24.9606990814209,24.9606990814209,24.9606990814209,24.9606990814209,195,0.0,0.0,0.0
2023-06-15 11:30:00-04:00,25.209999084472656,25.28190040588379,25.209999084472656,25.28190040588379,150,0.0,0.0,0.0
2023-06-16 14:30:00-04:00,25.260099411010742,25.260099411010742,25.260099411010742,25.260099411010742,100,0.0,0.0,0.0
2023-06-16 15:30:00-04:00,25.25,25.25,25.25,25.25,100,0.0,0.0,0.0
2023-06-20 12:30:00-04:00,24.9281005859375,24.9281005859375,24.9281005859375,24.9281005859375,0,0.0,0.0,0.0
2023-06-20 13:30:00-04:00,24.969999313354492,24.969999313354492,24.969900131225586,24.969900131225586,370,0.0,0.0,0.0
2023-06-20 14:30:00-04:00,24.940000534057617,24.9773006439209,24.940000534057617,24.9773006439209,0,0.0,0.0,0.0
2023-06-22 13:30:00-04:00,24.840200424194336,24.840200424194336,24.840200424194336,24.840200424194336,97,0.0,0.0,0.0
2023-06-23 13:30:00-04:00,24.59000015258789,24.59000015258789,24.58989906311035,24.58989906311035,336,0.0,0.0,0.0
2023-06-23 14:30:00-04:00,24.450000762939453,24.464000701904297,24.450000762939453,24.464000701904297,204,0.0,0.0,0.0
2023-06-26 10:30:00-04:00,24.6200008392334,24.6200008392334,24.60059928894043,24.60059928894043,363,0.0,0.0,0.0
2023-06-27 09:30:00-04:00,24.859600067138672,24.859600067138672,24.65999984741211,24.859600067138672,0,0.0,0.0,0.0
2023-06-28 13:30:00-04:00,24.82740020751953,24.86989974975586,24.82740020751953,24.82740020751953,0,0.0,0.0,0.0
2023-06-29 09:30:00-04:00,24.860000610351562,24.93000030517578,24.860000610351562,24.889999389648438,894,0.0,0.0,0.0
2023-06-29 10:30:00-04:00,24.8799991607666,24.920000076293945,24.84000015258789,24.84000015258789,6900,0.0,0.0,0.0
2023-06-29 11:30:00-04:00,24.84000015258789,24.84000015258789,24.809999465942383,24.829999923706055,1236,0.0,0.0,0.0
2023-06-29 12:30:00-04:00,24.8700008392334,24.8799991607666,24.850000381469727,24.860000610351562,700,0.0,0.0,0.0
2023-06-29 13:30:00-04:00,24.860000610351562,24.860000610351562,24.790000915527344,24.790000915527344,907,0.0,0.0,0.0
2023-06-29 14:30:00-04:00,24.809999465942383,24.860000610351562,24.809999465942383,24.850000381469727,1100,0.0,0.0,0.0
2023-06-29 15:30:00-04:00,24.860000610351562,24.8700008392334,24.81719970703125,24.81719970703125,0,0.0,0.0,0.0
2023-06-30 09:30:00-04:00,25.040000915527344,25.200899124145508,25.040000915527344,25.200899124145508,1070,0.0,0.0,0.0
2023-07-03 11:30:00-04:00,25.11590003967285,25.15999984741211,25.11590003967285,25.15999984741211,0,0.0,0.0,0.0
2023-07-06 10:30:00-04:00,24.44499969482422,24.518400192260742,24.44499969482422,24.518400192260742,75,0.0,0.0,0.0
2023-07-07 15:30:00-04:00,24.649999618530273,24.649999618530273,24.649999618530273,24.649999618530273,1923,0.0,0.0,0.0
2023-07-10 09:30:00-04:00,24.779499053955078,24.779499053955078,24.75950050354004,24.75950050354004,0,0.0,0.0,0.0
2023-07-10 10:30:00-04:00,24.75,24.7593994140625,24.75,24.7593994140625,0,0.0,0.0,0.0
2023-07-10 13:30:00-04:00,24.93470001220703,24.948999404907227,24.93470001220703,24.93470001220703,3413,0.0,0.0,0.0
2023-07-11 10:30:00-04:00,25.079999923706055,25.079999923706055,25.079999923706055,25.079999923706055,0,0.0,0.0,0.0
2023-07-11 11:30:00-04:00,25.231000900268555,25.231000900268555,25.100000381469727,25.231000900268555,2722,0.0,0.0,0.0
2023-07-12 12:30:00-04:00,25.670000076293945,25.670000076293945,25.670000076293945,25.670000076293945,0,0.0,0.0,0.0
2023-07-12 15:30:00-04:00,25.658899307250977,25.658899307250977,25.658899307250977,25.658899307250977,701,0.0,0.0,0.0
2023-07-13 10:30:00-04:00,25.769500732421875,25.770000457763672,25.769500732421875,25.769500732421875,920,0.0,0.0,0.0
2023-07-13 13:30:00-04:00,25.760000228881836,25.760000228881836,25.760000228881836,25.760000228881836,1051,0.0,0.0,0.0
2023-07-13 15:30:00-04:00,25.850000381469727,25.850000381469727,25.850000381469727,25.850000381469727,0,0.0,0.0,0.0
2023-07-14 11:30:00-04:00,25.596200942993164,25.6200008392334,25.596200942993164,25.596200942993164,866,0.0,0.0,0.0
2023-07-14 14:30:00-04:00,25.6200008392334,25.6299991607666,25.6200008392334,25.6200008392334,661,0.0,0.0,0.0
2023-07-17 15:30:00-04:00,25.876100540161133,25.876100540161133,25.876100540161133,25.876100540161133,90,0.0,0.0,0.0
2023-07-18 13:30:00-04:00,25.94420051574707,25.94420051574707,25.94420051574707,25.94420051574707,0,0.0,0.0,0.0
2023-07-19 15:30:00-04:00,25.889999389648438,25.90489959716797,25.889999389648438,25.90489959716797,1000,0.0,0.0,0.0
2023-07-20 09:30:00-04:00,25.950000762939453,25.95949935913086,25.899999618530273,25.899999618530273,0,0.0,0.0,0.0
2023-07-20 15:30:00-04:00,25.950000762939453,26.0408992767334,25.950000762939453,26.0408992767334,0,0.0,0.0,0.0
2023-07-24 09:30:00-04:00,26.020000457763672,26.020000457763672,26.018299102783203,26.018299102783203,105,0.0,0.0,0.0
2023-07-25 09:30:00-04:00,26.0,26.0,26.0,26.0,0,0.0,0.0,0.0
2023-07-25 10:30:00-04:00,26.030000686645508,26.040000915527344,26.019800186157227,26.019800186157227,0,0.0,0.0,0.0
2023-07-26 14:30:00-04:00,25.920000076293945,25.979999542236328,25.920000076293945,25.969999313354492,836,0.0,0.0,0.0
2023-07-26 15:30:00-04:00,25.896299362182617,25.896299362182617,25.896299362182617,25.896299362182617,0,0.0,0.0,0.0
2023-07-27 15:30:00-04:00,25.52560043334961,25.52560043334961,25.517200469970703,25.517200469970703,0,0.0,0.0,0.0
2023-07-31 12:30:00-04:00,25.604900360107422,25.604900360107422,25.470300674438477,25.470300674438477,0,0.0,0.0,0.0
2023-08-02 09:30:00-04:00,25.04290008544922,25.04290008544922,25.04290008544922,25.04290008544922,0,0.0,0.0,0.0
2023-08-03 10:30:00-04:00,24.935300827026367,24.935300827026367,24.935300827026367,24.935300827026367,4,0.0,0.0,0.0
2023-08-04 15:30:00-04:00,24.809999465942383,24.818599700927734,24.780000686645508,24.818599700927734,500,0.0,0.0,0.0
2023-08-09 09:30:00-04:00,24.920000076293945,25.010000228881836,24.920000076293945,25.010000228881836,1785,0.0,0.0,0.0
2023-08-09 10:30:00-04:00,24.959999084472656,24.959999084472656,24.70829963684082,24.70829963684082,0,0.0,0.0,0.0
2023-08-16 15:30:00-04:00,24.103700637817383,24.103700637817383,24.103700637817383,24.103700637817383,0,0.0,0.0,0.0
2023-08-17 13:30:00-04:00,23.815000534057617,23.815000534057617,23.815000534057617,23.815000534057617,5,0.0,0.0,0.0
2023-08-18 09:30:00-04:00,23.829999923706055,23.829999923706055,23.829999923706055,23.829999923706055,147,0.0,0.0,0.0
2023-08-18 10:30:00-04:00,23.8799991607666,23.8799991607666,23.846799850463867,23.846799850463867,784,0.0,0.0,0.0
2023-08-21 13:30:00-04:00,23.83970069885254,23.83970069885254,23.812000274658203,23.812000274658203,0,0.0,0.0,0.0
2023-08-24 09:30:00-04:00,23.76930046081543,23.996000289916992,23.76930046081543,23.996000289916992,0,0.0,0.0,0.0
2023-08-29 12:30:00-04:00,24.47760009765625,24.47760009765625,24.318700790405273,24.318700790405273,209,0.0,0.0,0.0
2023-08-31 10:30:00-04:00,24.329999923706055,24.329999923706055,24.325000762939453,24.325000762939453,1160,0.0,0.0,0.0
2023-08-31 13:30:00-04:00,24.280000686645508,24.31049919128418,24.241500854492188,24.31049919128418,0,0.0,0.0,0.0
2023-09-11 13:30:00-04:00,23.850000381469727,23.850000381469727,23.805200576782227,23.805200576782227,3,0.0,0.0,0.0
2023-09-15 12:30:00-04:00,23.920000076293945,23.920000076293945,23.920000076293945,23.920000076293945,3404,0.0,0.0,0.0
2023-09-15 13:30:00-04:00,23.920000076293945,23.920000076293945,23.920000076293945,23.920000076293945,570,0.0,0.0,0.0
2023-09-15 14:30:00-04:00,23.920000076293945,23.950000762939453,23.920000076293945,23.940000534057617,3490,0.0,0.0,0.0
2023-09-15 15:30:00-04:00,23.950000762939453,23.959999084472656,23.93000030517578,23.959999084472656,5464,0.0,0.0,0.0
2023-09-25 12:30:00-04:00,23.25,23.259899139404297,22.8075008392334,22.8075008392334,100,0.0,0.0,0.0
2023-09-29 09:30:00-04:00,22.66010093688965,22.66010093688965,22.66010093688965,22.66010093688965,765,0.0,0.0,0.0
2023-09-29 15:30:00-04:00,22.530000686645508,22.546300888061523,22.530000686645508,22.546300888061523,110,0.0,0.0,0.0
2023-10-03 15:30:00-04:00,21.6299991607666,21.65999984741211,21.623199462890625,21.65999984741211,3318,0.0,0.0,0.0
2023-10-06 09:30:00-04:00,21.309999465942383,21.309999465942383,21.309999465942383,21.309999465942383,0,0.0,0.0,0.0
2023-10-06 14:30:00-04:00,21.950000762939453,21.950000762939453,21.950000762939453,21.950000762939453,100,0.0,0.0,0.0
2023-10-06 15:30:00-04:00,21.8799991607666,21.8799991607666,21.878400802612305,21.8799991607666,100,0.0,0.0,0.0
2023-10-09 10:30:00-04:00,21.72010040283203,22.357200622558594,21.72010040283203,22.357200622558594,0,0.0,0.0,0.0
2023-10-23 12:30:00-04:00,21.425100326538086,21.54800033569336,21.270200729370117,21.54800033569336,38,0.0,0.0,0.0
2023-10-25 09:30:00-04:00,21.309999465942383,21.31999969482422,21.299999237060547,21.31999969482422,2669,0.0,0.0,0.0
2023-10-25 10:30:00-04:00,21.350000381469727,21.4414005279541,21.350000381469727,21.357200622558594,2266,0.0,0.0,0.0
2023-10-26 09:30:00-04:00,21.5,21.5,21.5,21.5,0,0.0,0.0,0.0
2023-10-26 13:30:00-04:00,21.489999771118164,21.55900001525879,21.489999771118164,21.55900001525879,633,0.0,0.0,0.0
2023-10-27 14:30:00-04:00,21.190000534057617,21.190000534057617,21.1648006439209,21.1648006439209,166,0.0,0.0,0.0
2023-10-30 13:30:00-04:00,21.31999969482422,21.35890007019043,21.31999969482422,21.35890007019043,0,0.0,0.0,0.0
2023-11-06 13:30:00-05:00,22.420000076293945,22.442399978637695,22.232200622558594,22.232200622558594,1095,0.0,0.0,0.0
2023-11-08 15:30:00-05:00,22.309999465942383,22.333200454711914,22.299999237060547,22.333200454711914,0,0.0,0.0,0.0
2023-11-09 14:30:00-05:00,22.23740005493164,22.23740005493164,22.23740005493164,22.23740005493164,0,0.0,0.0,0.0
2023-11-10 09:30:00-05:00,22.219999313354492,22.219999313354492,22.219999313354492,22.219999313354492,100,0.0,0.0,0.0
2023-11-10 10:30:00-05:00,22.219999313354492,22.358299255371094,22.219999313354492,22.358299255371094,2401,0.0,0.0,0.0
2023-11-13 13:30:00-05:00,22.299999237060547,23.121400833129883,22.299999237060547,23.121400833129883,0,0.0,0.0,0.0
2023-11-16 11:30:00-05:00,23.059999465942383,23.060100555419922,23.059999465942383,23.060100555419922,230,0.0,0.0,0.0
2023-11-16 14:30:00-05:00,23.110000610351562,23.110000610351562,23.089500427246094,23.089500427246094,0,0.0,0.0,0.0
2023-11-17 13:30:00-05:00,23.249900817871094,23.25830078125,23.249000549316406,23.25830078125,600,0.0,0.0,0.0
2023-11-20 11:30:00-05:00,23.3700008392334,23.3700008392334,23.342300415039062,23.342300415039062,0,0.0,0.0,0.0
2023-11-21 14:30:00-05:00,23.274999618530273,23.274999618530273,23.274999618530273,23.274999618530273,623,0.0,0.0,0.0
2023-11-21 15:30:00-05:00,23.299999237060547,23.299999237060547,23.275299072265625,23.275299072265625,0,0.0,0.0,0.0
2023-11-22 09:30:00-05:00,23.25,23.34869956970215,23.25,23.34869956970215,167,0.0,0.0,0.0
2023-11-27 09:30:00-05:00,23.299999237060547,23.299999237060547,23.299999237060547,23.299999237060547,0,0.0,0.0,0.0
2023-11-27 11:30:00-05:00,23.39189910888672,23.39189910888672,23.39189910888672,23.39189910888672,0,0.0,0.0,0.0
2023-11-28 14:30:00-05:00,23.3799991607666,23.3799991607666,23.3700008392334,23.3700008392334,2180,0.0,0.0,0.0
2023-11-28 15:30:00-05:00,23.360000610351562,23.521699905395508,23.360000610351562,23.521699905395508,0,0.0,0.0,0.0
2023-12-01 10:30:00-05:00,23.83009910583496,23.83009910583496,23.83009910583496,23.83009910583496,156,0.0,0.0,0.0
2023-12-01 12:30:00-05:00,23.989999771118164,24.037500381469727,23.989999771118164,24.037500381469727,192,0.0,0.0,0.0
2023-12-05 14:30:00-05:00,23.700000762939453,23.700000762939453,23.689899444580078,23.689899444580078,0,0.0,0.0,0.0
2023-12-06 09:30:00-05:00,23.809999465942383,23.809999465942383,23.734899520874023,23.734899520874023,100,0.0,0.0,0.0
2023-12-07 11:30:00-05:00,23.739999771118164,23.739999771118164,23.739999771118164,23.739999771118164,0,0.0,0.0,0.0
2023-12-11 09:30:00-05:00,23.75,23.975000381469727,23.75,23.975000381469727,0,0.0,0.0,0.0
2023-12-12 09:30:00-05:00,23.850000381469727,23.8700008392334,23.850000381469727,23.8700008392334,0,0.0,0.0,0.0
2023-12-12 15:30:00-05:00,23.979999542236328,24.446300506591797,23.977399826049805,24.446300506591797,3,0.0,0.0,0.0
2023-12-14 14:30:00-05:00,24.93899917602539,24.93950080871582,24.741100311279297,24.741100311279297,0,0.0,0.0,0.0
2023-12-18 14:30:00-05:00,24.770000457763672,24.770000457763672,24.735000610351562,24.760000228881836,2545,0.0,0.0,0.0
2023-12-18 15:30:00-05:00,24.739999771118164,24.739999771118164,24.705400466918945,24.705400466918945,375,0.0,0.0,0.0
2023-12-19 09:30:00-05:00,24.719999313354492,24.739999771118164,24.719999313354492,24.739999771118164,0,0.0,0.0,0.0
2023-12-19 10:30:00-05:00,24.700000762939453,24.700000762939453,24.690000534057617,24.700000762939453,2312,0.0,0.0,0.0
2023-12-19 11:30:00-05:00,24.670000076293945,24.74650001525879,24.670000076293945,24.74650001525879,0,0.0,0.0,0.0
2023-12-20 15:30:00-05:00,24.34040069580078,24.34040069580078,24.30030059814453,24.30030059814453,0,0.0,0.0,0.0
2023-12-21 09:30:00-05:00,24.540000915527344,24.6200008392334,24.530000686645508,24.610000610351562,1619,0.0,0.0,0.0
2023-12-21 10:30:00-05:00,24.579999923706055,24.6200008392334,24.579999923706055,24.600000381469727,1579,0.0,0.0,0.0
2023-12-21 11:30:00-05:00,24.600000381469727,24.610000610351562,24.510000228881836,24.530000686645508,1943,0.0,0.0,0.0
2023-12-21 12:30:00-05:00,24.520000457763672,24.56999969482422,24.520000457763672,24.559999465942383,4510,0.0,0.0,0.0
2023-12-21 13:30:00-05:00,24.579999923706055,24.649999618530273,24.549999237060547,24.639999389648438,9172,0.0,0.0,0.0
2023-12-21 14:30:00-05:00,24.649999618530273,24.68000030517578,24.6299991607666,24.633499145507812,0,0.0,0.0,0.0
2023-12-22 10:30:00-05:00,24.729999542236328,24.729999542236328,24.729999542236328,24.729999542236328,151,0.0,0.0,0.0
2023-12-22 14:30:00-05:00,24.72949981689453,24.72949981689453,24.72949981689453,24.72949981689453,400,0.0,0.0,0.0
2023-12-26 14:30:00-05:00,24.899999618530273,24.920000076293945,24.870800018310547,24.870800018310547,0,0.0,0.0,0.0
2023-12-27 12:30:00-05:00,25.010000228881836,25.010000228881836,25.010000228881836,25.010000228881836,1066,0.0,0.0,0.0
2023-12-27 14:30:00-05:00,24.90999984741211,24.93000030517578,24.90999984741211,24.90999984741211,493,0.0,0.0,0.0
2023-12-27 15:30:00-05:00,24.920000076293945,25.008499145507812,24.899999618530273,25.008499145507812,0,0.0,0.0,0.0
2023-12-29 10:30:00-05:00,24.989999771118164,24.990100860595703,24.989999771118164,24.990100860595703,196,0.0,0.0,0.0
2023-12-29 13:30:00-05:00,25.009599685668945,25.009599685668945,25.009599685668945,25.009599685668945,600,0.0,0.0,0.0
2023-12-29 14:30:00-05:00,25.030000686645508,25.030000686645508,25.030000686645508,25.030000686645508,100,0.0,0.0,0.0
2023-12-29 15:30:00-05:00,25.020000457763672,25.020000457763672,24.966800689697266,24.966800689697266,2779,0.0,0.0,0.0
2024-01-03 09:30:00-05:00,24.450000762939453,24.450000762939453,24.450000762939453,24.450000762939453,0,0.0,0.0,0.0
2024-01-03 14:30:00-05:00,24.459999084472656,24.459999084472656,24.44499969482422,24.44499969482422,876,0.0,0.0,0.0
2024-01-03 15:30:00-05:00,24.40999984741211,24.40999984741211,24.407800674438477,24.407800674438477,100,0.0,0.0,0.0
2024-01-04 09:30:00-05:00,24.31999969482422,24.389999389648438,24.30699920654297,24.30699920654297,0,0.0,0.0,0.0
2024-01-05 09:30:00-05:00,24.280000686645508,24.280000686645508,24.280000686645508,24.280000686645508,247,0.0,0.0,0.0
2024-01-05 15:30:00-05:00,24.209999084472656,24.234399795532227,24.209999084472656,24.234399795532227,200,0.0,0.0,0.0
2024-01-08 09:30:00-05:00,24.139999389648438,24.471799850463867,24.139999389648438,24.471799850463867,0,0.0,0.0,0.0
2024-01-09 15:30:00-05:00,24.399999618530273,24.43000030517578,24.399999618530273,24.420000076293945,180,0.0,0.0,0.0
2024-01-12 15:30:00-05:00,24.18000030517578,24.199100494384766,24.18000030517578,24.199100494384766,126,0.0,0.0,0.0
2024-01-17 15:30:00-05:00,23.290000915527344,23.329599380493164,23.290000915527344,23.329599380493164,0,0.0,0.0,0.0
2024-01-18 13:30:00-05:00,23.329999923706055,23.329999923706055,23.31999969482422,23.31999969482422,591,0.0,0.0,0.0
2024-01-18 15:30:00-05:00,23.489500045776367,23.489500045776367,23.467899322509766,23.467899322509766,0,0.0,0.0,0.0
2024-01-19 09:30:00-05:00,23.280000686645508,23.280000686645508,23.280000686645508,23.280000686645508,1510,0.0,0.0,0.0
2024-01-19 10:30:00-05:00,23.280000686645508,23.280000686645508,23.280000686645508,23.280000686645508,1525,0.0,0.0,0.0
2024-01-19 12:30:00-05:00,23.280000686645508,23.309999465942383,23.280000686645508,23.309999465942383,10697,0.0,0.0,0.0
2024-01-19 15:30:00-05:00,23.420000076293945,23.420000076293945,23.420000076293945,23.420000076293945,101,0.0,0.0,0.0
2024-01-22 14:30:00-05:00,23.649999618530273,23.649999618530273,23.649999618530273,23.649999618530273,0,0.0,0.0,0.0
2024-01-22 15:30:00-05:00,23.669200897216797,23.669200897216797,23.65999984741211,23.669200897216797,214,0.0,0.0,0.0
2024-01-23 09:30:00-05:00,23.729999542236328,23.729999542236328,23.729999542236328,23.729999542236328,0,0.0,0.0,0.0
2024-01-23 13:30:00-05:00,23.68000030517578,23.68000030517578,23.68000030517578,23.68000030517578,185,0.0,0.0,0.0
2024-01-23 15:30:00-05:00,23.700000762939453,23.739999771118164,23.54050064086914,23.54050064086914,0,0.0,0.0,0.0
2024-01-25 11:30:00-05:00,23.6299991607666,23.6299991607666,23.6299991607666,23.6299991607666,749,0.0,0.0,0.0
2024-01-25 15:30:00-05:00,23.78619956970215,23.78619956970215,23.78619956970215,23.78619956970215,0,0.0,0.0,0.0
2024-01-26 14:30:00-05:00,23.799999237060547,23.800500869750977,23.799999237060547,23.800500869750977,400,0.0,0.0,0.0
2024-01-26 15:30:00-05:00,23.790000915527344,23.814800262451172,23.790000915527344,23.814800262451172,142,0.0,0.0,0.0
2024-01-29 09:30:00-05:00,23.709999084472656,23.709999084472656,23.709999084472656,23.709999084472656,0,0.0,0.0,0.0
2024-01-29 12:30:00-05:00,23.81999969482422,23.82990074157715,23.81999969482422,23.82900047302246,1006,0.0,0.0,0.0
2024-01-29 15:30:00-05:00,23.940000534057617,24.0,23.940000534057617,23.997600555419922,327,0.0,0.0,0.0
2024-01-30 09:30:00-05:00,23.91950035095215,24.013900756835938,23.76140022277832,23.76140022277832,0,0.0,0.0,0.0
2024-02-01 13:30:00-05:00,24.15999984741211,24.15999984741211,24.159900665283203,24.159900665283203,230,0.0,0.0,0.0
2024-02-01 14:30:00-05:00,24.079999923706055,24.217199325561523,24.079999923706055,24.217199325561523,0,0.0,0.0,0.0
2024-02-02 14:30:00-05:00,24.18000030517578,24.18000030517578,24.118099212646484,24.118099212646484,401,0.0,0.0,0.0
2024-02-05 14:30:00-05:00,23.69809913635254,23.69809913635254,23.624300003051758,23.624300003051758,115,0.0,0.0,0.0
2024-02-08 12:30:00-05:00,23.990100860595703,23.990100860595703,23.990100860595703,23.990100860595703,0,0.0,0.0,0.0
2024-02-08 14:30:00-05:00,24.05699920654297,24.05699920654297,24.05699920654297,24.05699920654297,150,0.0,0.0,0.0
2024-02-08 15:30:00-05:00,24.053699493408203,24.229900360107422,24.044700622558594,24.229900360107422,0,0.0,0.0,0.0
2024-02-13 10:30:00-05:00,23.799999237060547,23.899999618530273,23.799999237060547,23.899999618530273,544,0.0,0.0,0.0
2024-02-13 11:30:00-05:00,23.899999618530273,23.90999984741211,23.8700008392334,23.8799991607666,500,0.0,0.0,0.0
2024-02-13 12:30:00-05:00,23.8799991607666,23.8799991607666,23.850000381469727,23.850000381469727,400,0.0,0.0,0.0
2024-02-13 13:30:00-05:00,23.860000610351562,23.860000610351562,23.770000457763672,23.770000457763672,500,0.0,0.0,0.0
2024-02-13 14:30:00-05:00,23.770000457763672,23.770000457763672,23.700000762939453,23.700000762939453,600,0.0,0.0,0.0
2024-02-13 15:30:00-05:00,23.729999542236328,23.773099899291992,23.729999542236328,23.773099899291992,0,0.0,0.0,0.0
2024-02-14 14:30:00-05:00,24.229999542236328,24.604999542236328,24.229999542236328,24.604999542236328,100,0.0,0.0,0.0
2024-02-16 09:30:00-05:00,24.56999969482422,24.60770034790039,24.56999969482422,24.60770034790039,121,0.0,0.0,0.0
2024-02-20 10:30:00-05:00,24.540000915527344,24.55900001525879,24.512699127197266,24.512699127197266,0,0.0,0.0,0.0
2024-02-23 11:30:00-05:00,24.600000381469727,24.600000381469727,24.587799072265625,24.587799072265625,483,0.0,0.0,0.0
2024-02-27 10:30:00-05:00,24.790000915527344,24.861499786376953,24.780000686645508,24.861499786376953,1109,0.0,0.0,0.0
2024-02-29 09:30:00-05:00,25.3700008392334,25.3700008392334,25.3700008392334,25.3700008392334,0,0.0,0.0,0.0
2024-02-29 10:30:00-05:00,25.210500717163086,25.210500717163086,25.210500717163086,25.210500717163086,100,0.0,0.0,0.0
2024-02-29 11:30:00-05:00,25.200000762939453,25.325700759887695,25.190000534057617,25.325700759887695,0,0.0,0.0,0.0
2024-03-01 11:30:00-05:00,25.469900131225586,25.469900131225586,25.469900131225586,25.469900131225586,0,0.0,0.0,0.0
2024-03-01 14:30:00-05:00,25.459999084472656,25.489500045776367,25.459999084472656,25.489500045776367,4131,0.0,0.0,0.0
2024-03-11 09:30:00-04:00,25.879899978637695,25.879899978637695,25.879899978637695,25.879899978637695,0,0.0,0.0,0.0
2024-03-11 10:30:00-04:00,25.770700454711914,25.770700454711914,25.770700454711914,25.770700454711914,101,0.0,0.0,0.0
2024-03-11 11:30:00-04:00,25.795700073242188,25.90250015258789,25.795700073242188,25.90250015258789,100,0.0,0.0,0.0
2024-03-14 15:30:00-04:00,25.829999923706055,25.836299896240234,25.776399612426758,25.776399612426758,21,0.0,0.0,0.0
2024-03-18 09:30:00-04:00,25.815900802612305,25.815900802612305,25.815900802612305,25.815900802612305,0,0.0,0.0,0.0
2024-03-19 12:30:00-04:00,25.889999389648438,25.925399780273438,25.889999389648438,25.925399780273438,91,0.0,0.0,0.0
2024-03-20 13:30:00-04:00,26.100000381469727,26.1200008392334,26.100000381469727,26.1200008392334,853,0.0,0.0,0.0
2024-03-20 14:30:00-04:00,26.09000015258789,26.350000381469727,26.09000015258789,26.350000381469727,4320,0.0,0.0,0.0
2024-03-20 15:30:00-04:00,26.350000381469727,26.350000381469727,26.260000228881836,26.309999465942383,0,0.0,0.0,0.0
2024-03-21 13:30:00-04:00,26.329999923706055,26.329999923706055,26.299999237060547,26.314599990844727,136,0.0,0.0,0.0
2024-03-25 11:30:00-04:00,26.449199676513672,26.449199676513672,26.381900787353516,26.381900787353516,39,0.0,0.0,0.0
2024-03-28 09:30:00-04:00,26.655000686645508,26.702699661254883,26.655000686645508,26.702699661254883,211,0.0,0.0,0.0
2024-04-01 10:30:00-04:00,26.61050033569336,26.624900817871094,26.61050033569336,26.624900817871094,241,0.0,0.0,0.0
2024-04-02 09:30:00-04:00,26.3799991607666,26.3799991607666,26.3799991607666,26.3799991607666,213,0.0,0.0,0.0
2024-04-02 15:30:00-04:00,26.440000534057617,26.459999084472656,26.440000534057617,26.458099365234375,200,0.0,0.0,0.0
2024-04-03 09:30:00-04:00,26.350000381469727,26.350000381469727,26.350000381469727,26.350000381469727,0,0.0,0.0,0.0
2024-04-03 14:30:00-04:00,26.579999923706055,26.579999923706055,26.579999923706055,26.579999923706055,100,0.0,0.0,0.0
2024-04-03 15:30:00-04:00,26.59000015258789,26.59000015258789,26.588199615478516,26.588199615478516,0,0.0,0.0,0.0
2024-04-04 10:30:00-04:00,26.780000686645508,26.780000686645508,26.780000686645508,26.780000686645508,100,0.0,0.0,0.0
2024-04-04 11:30:00-04:00,26.81999969482422,26.81999969482422,26.81999969482422,26.81999969482422,406,0.0,0.0,0.0
2024-04-04 13:30:00-04:00,26.75,26.773700714111328,26.385099411010742,26.385099411010742,361,0.0,0.0,0.0
2024-04-05 09:30:00-04:00,26.350000381469727,26.434999465942383,26.350000381469727,26.434999465942383,0,0.0,0.0,0.0
2024-04-05 14:30:00-04:00,26.649999618530273,26.649999618530273,26.649999618530273,26.649999618530273,100,0.0,0.0,0.0
2024-04-05 15:30:00-04:00,26.65999984741211,26.65999984741211,26.65839958190918,26.65839958190918,100,0.0,0.0,0.0
2024-04-09 09:30:00-04:00,26.662099838256836,26.662099838256836,26.662099838256836,26.662099838256836,0,0.0,0.0,0.0
2024-04-09 10:30:00-04:00,26.530000686645508,26.70330047607422,26.41230010986328,26.41230010986328,0,0.0,0.0,0.0
2024-04-17 10:30:00-04:00,25.750099182128906,25.977100372314453,25.750099182128906,25.977100372314453,3,0.0,0.0,0.0
2024-04-23 13:30:00-04:00,26.56999969482422,26.56999969482422,26.518800735473633,26.518800735473633,37,0.0,0.0,0.0
2024-04-24 13:30:00-04:00,26.45009994506836,26.53820037841797,26.45009994506836,26.526500701904297,0,0.0,0.0,0.0
2024-04-26 09:30:00-04:00,26.740100860595703,26.740100860595703,26.740100860595703,26.740100860595703,405,0.0,0.0,0.0
2024-04-29 09:30:00-04:00,26.860000610351562,26.860000610351562,26.860000610351562,26.860000610351562,0,0.0,0.0,0.0
2024-04-29 10:30:00-04:00,26.880199432373047,26.880199432373047,26.8700008392334,26.8700008392334,3585,0.0,0.0,0.0
2024-04-29 13:30:00-04:00,26.909900665283203,26.909900665283203,26.864299774169922,26.864299774169922,611,0.0,0.0,0.0
2024-04-30 09:30:00-04:00,26.700000762939453,26.700000762939453,26.3927001953125,26.3927001953125,0,0.0,0.0,0.0
2024-05-01 09:30:00-04:00,26.299999237060547,26.352699279785156,26.299999237060547,26.352699279785156,0,0.0,0.0,0.0
2024-05-02 15:30:00-04:00,26.549999237060547,27.097000122070312,26.549999237060547,27.097000122070312,0,0.0,0.0,0.0
2024-05-06 09:30:00-04:00,27.309900283813477,27.309999465942383,27.30900001525879,27.309999465942383,6054,0.0,0.0,0.0
2024-05-06 10:30:00-04:00,27.399999618530273,27.578399658203125,27.399999618530273,27.578399658203125,0,0.0,0.0,0.0
2024-05-08 14:30:00-04:00,27.70989990234375,27.70989990234375,27.707000732421875,27.707000732421875,0,0.0,0.0,0.0
2024-05-09 09:30:00-04:00,27.75670051574707,27.75670051574707,27.75670051574707,27.75670051574707,103,0.0,0.0,0.0
2024-05-09 12:30:00-04:00,27.940000534057617,28.035999298095703,27.940000534057617,28.035999298095703,0,0.0,0.0,0.0
2024-05-10 09:30:00-04:00,28.170000076293945,28.170000076293945,28.170000076293945,28.170000076293945,8148,0.0,0.0,0.0
2024-05-10 15:30:00-04:00,28.149999618530273,28.149999618530273,28.109100341796875,28.109100341796875,1500,0.0,0.0,0.0
2024-05-14 10:30:00-04:00,28.0,28.0,28.0,28.0,0,0.0,0.0,0.0
2024-05-14 13:30:00-04:00,28.169200897216797,28.479400634765625,28.169200897216797,28.479400634765625,11,0.0,0.0,0.0
2024-05-17 10:30:00-04:00,28.1658992767334,28.1658992767334,28.15959930419922,28.15959930419922,133,0.0,0.0,0.0
2024-05-20 10:30:00-04:00,28.239900588989258,28.239900588989258,28.239900588989258,28.239900588989258,0,0.0,0.0,0.0
2024-05-20 14:30:00-04:00,28.209999084472656,28.49799919128418,28.20989990234375,28.49799919128418,0,0.0,0.0,0.0
2024-05-23 14:30:00-04:00,28.3302001953125,28.350900650024414,28.3302001953125,28.350900650024414,102,0.0,0.0,0.0
2024-05-28 09:30:00-04:00,28.950000762939453,28.950000762939453,28.950000762939453,28.950000762939453,133,0.0,0.0,0.0
2024-05-28 14:30:00-04:00,28.700000762939453,28.766799926757812,28.396499633789062,28.396499633789062,0,0.0,0.0,0.0
2024-05-31 11:30:00-04:00,28.324899673461914,28.324899673461914,28.324899673461914,28.324899673461914,224,0.0,0.0,0.0
2024-06-05 09:30:00-04:00,28.450000762939453,28.614500045776367,28.450000762939453,28.614500045776367,0,0.0,0.0,0.0
2024-06-06 10:30:00-04:00,28.3799991607666,28.3799991607666,28.3799991607666,28.3799991607666,361,0.0,0.0,0.0
2024-06-06 13:30:00-04:00,28.331499099731445,28.331499099731445,28.310400009155273,28.310400009155273,0,0.0,0.0,0.0
2024-06-11 12:30:00-04:00,28.16629981994629,28.62929916381836,28.16629981994629,28.62929916381836,298,0.0,0.0,0.0
2024-06-17 10:30:00-04:00,27.760000228881836,27.760000228881836,27.760000228881836,27.760000228881836,415,0.0,0.0,0.0
2024-06-17 14:30:00-04:00,27.950000762939453,27.950000762939453,27.875099182128906,27.875099182128906,0,0.0,0.0,0.0
2024-06-21 12:30:00-04:00,27.850000381469727,27.850000381469727,27.850000381469727,27.850000381469727,200,0.0,0.0,0.0
2024-06-21 15:30:00-04:00,27.889999389648438,27.889999389648438,27.889999389648438,27.889999389648438,250,0.0,0.0,0.0
2024-06-25 09:30:00-04:00,28.001300811767578,28.001300811767578,27.749399185180664,27.749399185180664,0,0.0,0.0,0.0
2024-06-27 12:30:00-04:00,27.670000076293945,27.670000076293945,27.670000076293945,27.670000076293945,805,0.0,0.0,0.0
2024-06-27 13:30:00-04:00,27.65999984741211,27.65999984741211,27.65999984741211,27.65999984741211,101,0.0,0.0,0.0
2024-06-27 14:30:00-04:00,27.65999984741211,27.709999084472656,27.65999984741211,27.709999084472656,200,0.0,0.0,0.0
2024-06-27 15:30:00-04:00,27.709999084472656,27.709999084472656,27.700000762939453,27.702199935913086,270,0.0,0.0,0.0
2024-06-28 09:30:00-04:00,27.709999084472656,27.709999084472656,27.709999084472656,27.709999084472656,0,0.0,0.0,0.0
2024-06-28 11:30:00-04:00,27.440000534057617,27.440000534057617,27.440000534057617,27.440000534057617,239,0.0,0.0,0.0
2024-06-28 13:30:00-04:00,27.3700008392334,27.3700008392334,27.3700008392334,27.3700008392334,102,0.0,0.0,0.0
2024-06-28 14:30:00-04:00,27.310100555419922,27.350000381469727,27.310100555419922,27.325000762939453,943,0.0,0.0,0.0
2024-07-02 10:30:00-04:00,27.1200008392334,27.185800552368164,27.1200008392334,27.185800552368164,0,0.0,0.0,0.0
2024-07-03 09:30:00-04:00,27.260000228881836,27.605899810791016,27.260000228881836,27.605899810791016,0,0.0,0.0,0.0
2024-07-05 12:30:00-04:00,27.596799850463867,27.596799850463867,27.596799850463867,27.596799850463867,0,0.0,0.0,0.0
2024-07-08 10:30:00-04:00,27.790000915527344,27.790000915527344,27.7460994720459,27.7460994720459,532,0.0,0.0,0.0
2024-07-09 09:30:00-04:00,27.65730094909668,28.008499145507812,27.65730094909668,28.008499145507812,0,0.0,0.0,0.0
2024-07-11 09:30:00-04:00,28.38330078125,28.38330078125,28.38330078125,28.38330078125,37,0.0,0.0,0.0
2024-07-12 15:30:00-04:00,28.690000534057617,28.690000534057617,28.690000534057617,28.690000534057617,101,0.0,0.0,0.0
2024-07-19 09:30:00-04:00,27.989999771118164,27.989999771118164,27.931499481201172,27.931499481201172,0,0.0,0.0,0.0
2024-07-22 14:30:00-04:00,28.295799255371094,28.295799255371094,28.270000457763672,28.270000457763672,0,0.0,0.0,0.0
2024-07-24 13:30:00-04:00,27.526899337768555,27.749000549316406,27.526899337768555,27.749000549316406,54,0.0,0.0,0.0
2024-07-26 11:30:00-04:00,28.010000228881836,28.050100326538086,28.010000228881836,28.050100326538086,852,0.0,0.0,0.0
2024-07-29 09:30:00-04:00,27.98699951171875,28.079999923706055,27.98699951171875,28.079999923706055,0,0.0,0.0,0.0
2024-07-30 10:30:00-04:00,27.93670082092285,27.93670082092285,27.93670082092285,27.93670082092285,1,0.0,0.0,0.0
2024-08-05 14:30:00-04:00,27.030000686645508,27.030000686645508,26.918899536132812,26.918899536132812,1514,0.0,0.0,0.0
2024-08-06 09:30:00-04:00,26.979999542236328,26.979999542236328,26.979999542236328,26.979999542236328,380,0.0,0.0,0.0
2024-08-06 12:30:00-04:00,27.277599334716797,27.277599334716797,27.277599334716797,27.277599334716797,0,0.0,0.0,0.0
2024-08-07 14:30:00-04:00,27.278200149536133,27.278200149536133,27.278200149536133,27.278200149536133,0,0.0,0.0,0.0
2024-08-08 15:30:00-04:00,27.789899826049805,27.82040023803711,27.78849983215332,27.82040023803711,1306,0.0,0.0,0.0
2024-08-09 13:30:00-04:00,27.829999923706055,27.902799606323242,27.829999923706055,27.902799606323242,318,0.0,0.0,0.0
2024-08-12 15:30:00-04:00,27.7007999420166,27.7007999420166,27.7007999420166,27.7007999420166,0,0.0,0.0,0.0
2024-08-13 10:30:00-04:00,27.857500076293945,27.940000534057617,27.857500076293945,27.940000534057617,701,0.0,0.0,0.0
2024-08-13 15:30:00-04:00,28.115800857543945,28.115800857543945,28.115800857543945,28.115800857543945,1281,0.0,0.0,0.0
2024-08-14 09:30:00-04:00,28.06999969482422,28.191099166870117,28.030000686645508,28.030000686645508,9118,0.0,0.0,0.0
2024-08-15 09:30:00-04:00,28.260000228881836,28.4424991607666,28.260000228881836,28.4424991607666,0,0.0,0.0,0.0
2024-08-20 09:30:00-04:00,28.760000228881836,28.760000228881836,28.759899139404297,28.759899139404297,426,0.0,0.0,0.0
2024-08-20 12:30:00-04:00,28.510000228881836,28.510000228881836,28.510000228881836,28.510000228881836,704,0.0,0.0,0.0
2024-08-20 15:30:00-04:00,28.5,28.55900001525879,28.5,28.5580997467041,0,0.0,0.0,0.0
2024-08-21 11:30:00-04:00,28.700000762939453,28.700000762939453,28.700000762939453,28.700000762939453,100,0.0,0.0,0.0
2024-08-21 13:30:00-04:00,28.800100326538086,28.800100326538086,28.800100326538086,28.800100326538086,0,0.0,0.0,0.0
2024-08-22 12:30:00-04:00,28.81999969482422,28.81999969482422,28.728700637817383,28.728700637817383,3,0.0,0.0,0.0
2024-08-23 12:30:00-04:00,28.979999542236328,29.147499084472656,28.979999542236328,29.147499084472656,2120,0.0,0.0,0.0
2024-08-27 12:30:00-04:00,29.138700485229492,29.138700485229492,28.989099502563477,28.989099502563477,0,0.0,0.0,0.0
2024-08-29 11:30:00-04:00,29.049400329589844,29.049400329589844,29.049400329589844,29.049400329589844,0,0.0,0.0,0.0
2024-08-30 10:30:00-04:00,29.31879997253418,29.40959930419922,29.31879997253418,29.40959930419922,169,0.0,0.0,0.0
2024-09-04 15:30:00-04:00,28.65570068359375,28.65570068359375,28.65570068359375,28.65570068359375,0,0.0,0.0,0.0
2024-09-05 11:30:00-04:00,28.52739906311035,28.52739906311035,28.52739906311035,28.52739906311035,24,0.0,0.0,0.0
2024-09-09 10:30:00-04:00,28.350000381469727,28.350000381469727,28.350000381469727,28.350000381469727,0,0.0,0.0,0.0
2024-09-09 15:30:00-04:00,28.37179946899414,28.37179946899414,28.3700008392334,28.37179946899414,822,0.0,0.0,0.0
2024-09-11 10:30:00-04:00,28.329999923706055,28.329999923706055,28.329999923706055,28.329999923706055,189,0.0,0.0,0.0
2024-09-11 13:30:00-04:00,28.81999969482422,28.963199615478516,28.81999969482422,28.81999969482422,220,0.0,0.0,0.0
2024-09-12 11:30:00-04:00,29.15220069885254,29.15220069885254,29.15220069885254,29.15220069885254,0,0.0,0.0,0.0
2024-09-13 10:30:00-04:00,29.440000534057617,29.440000534057617,29.440000534057617,29.440000534057617,0,0.0,0.0,0.0
2024-09-13 14:30:00-04:00,29.47949981689453,29.479999542236328,29.47949981689453,29.47949981689453,858,0.0,0.0,0.0
2024-09-16 12:30:00-04:00,29.726999282836914,29.726999282836914,29.726999282836914,29.726999282836914,38,0.0,0.0,0.0
2024-09-17 11:30:00-04:00,29.860000610351562,29.860000610351562,29.860000610351562,29.860000610351562,351,0.0,0.0,0.0
2024-09-17 15:30:00-04:00,29.819299697875977,29.819299697875977,29.694499969482422,29.819299697875977,0,0.0,0.0,0.0
2024-09-19 09:30:00-04:00,29.8700008392334,29.8700008392334,29.8700008392334,29.8700008392334,201,0.0,0.0,0.0
2024-09-19 14:30:00-04:00,30.437999725341797,30.437999725341797,30.119600296020508,30.119600296020508,0,0.0,0.0,0.0
2024-09-24 09:30:00-04:00,30.780000686645508,30.780000686645508,30.780000686645508,30.780000686645508,375,0.0,0.0,0.0
2024-09-24 15:30:00-04:00,30.699899673461914,30.699899673461914,30.65999984741211,30.65999984741211,0,0.0,0.0,0.0
2024-09-25 12:30:00-04:00,30.70479965209961,30.70479965209961,30.636899948120117,30.636899948120117,0,0.0,0.0,0.0
2024-09-26 09:30:00-04:00,30.96299934387207,30.96299934387207,30.96299934387207,30.96299934387207,291,0.0,0.0,0.0
2024-09-26 13:30:00-04:00,30.777700424194336,30.829999923706055,30.777700424194336,30.777700424194336,652,0.0,0.0,0.0
2024-09-27 09:30:00-04:00,30.790000915527344,30.79010009765625,30.790000915527344,30.79010009765625,0,0.0,0.0,0.0
2024-09-30 14:30:00-04:00,30.812299728393555,30.812299728393555,30.812299728393555,30.812299728393555,0,0.0,0.0,0.0
2024-10-01 15:30:00-04:00,30.70870018005371,30.70870018005371,30.658899307250977,30.658899307250977,92,0.0,0.0,0.0
2024-10-03 13:30:00-04:00,30.5,30.582500457763672,30.5,30.582500457763672,0,0.0,0.0,0.0
2024-10-04 11:30:00-04:00,30.640100479125977,30.640100479125977,30.640100479125977,30.640100479125977,274,0.0,0.0,0.0
2024-10-04 14:30:00-04:00,30.670000076293945,30.81719970703125,30.670000076293945,30.81719970703125,121,0.0,0.0,0.0
2024-10-07 10:30:00-04:00,30.709999084472656,30.770000457763672,30.709999084472656,30.770000457763672,400,0.0,0.0,0.0
2024-10-07 11:30:00-04:00,30.619300842285156,30.619300842285156,30.619300842285156,30.619300842285156,0,0.0,0.0,0.0
2024-10-08 14:30:00-04:00,30.719999313354492,30.719999313354492,30.700000762939453,30.713499069213867,0,0.0,0.0,0.0
2024-10-09 10:30:00-04:00,30.6200008392334,30.6200008392334,30.6200008392334,30.6200008392334,670,0.0,0.0,0.0
2024-10-09 14:30:00-04:00,30.700000762939453,30.700000762939453,30.700000762939453,30.700000762939453,432,0.0,0.0,0.0
2024-10-09 15:30:00-04:00,30.767799377441406,30.7908992767334,30.767799377441406,30.7908992767334,0,0.0,0.0,0.0
2024-10-10 14:30:00-04:00,30.420000076293945,30.459999084472656,30.420000076293945,30.459999084472656,31,0.0,0.0,0.0
2024-10-11 12:30:00-04:00,30.6299991607666,30.6299991607666,30.6299991607666,30.6299991607666,4878,0.0,0.0,0.0
2024-10-11 14:30:00-04:00,30.729999542236328,30.793800354003906,30.729999542236328,30.793800354003906,300,0.0,0.0,0.0
