Datetime,Open,High,Low,Close,Volume,Dividends,Stock Splits
2022-10-13 09:30:00-04:00,24.149999618530273,24.56999969482422,23.739999771118164,24.399999618530273,20130,0.0,0.0
2022-10-13 10:30:00-04:00,24.350000381469727,25.280000686645508,24.350000381469727,25.0,23386,0.0,0.0
2022-10-13 11:30:00-04:00,25.174999237060547,25.200000762939453,24.84000015258789,24.915000915527344,17280,0.0,0.0
2022-10-13 12:30:00-04:00,24.834999084472656,25.235000610351562,24.834999084472656,25.219999313354492,12723,0.0,0.0
2022-10-13 13:30:00-04:00,25.229999542236328,25.229999542236328,25.030000686645508,25.100000381469727,13557,0.0,0.0
2022-10-13 14:30:00-04:00,25.094999313354492,25.204999923706055,25.0,25.174999237060547,14651,0.0,0.0
2022-10-13 15:30:00-04:00,25.1299991607666,25.229999542236328,25.08690071105957,25.18000030517578,15325,0.0,0.0
2022-10-14 09:30:00-04:00,25.079999923706055,25.67620086669922,24.790000915527344,25.05500030517578,18900,0.0,0.0
2022-10-14 10:30:00-04:00,25.079999923706055,25.364999771118164,25.030000686645508,25.309999465942383,25064,0.0,0.0
2022-10-14 11:30:00-04:00,25.290000915527344,25.329999923706055,25.18000030517578,25.329999923706055,7413,0.0,0.0
2022-10-14 12:30:00-04:00,25.34000015258789,25.479999542236328,25.299999237060547,25.44499969482422,13448,0.0,0.0
2022-10-14 13:30:00-04:00,25.424999237060547,25.530000686645508,25.309999465942383,25.389999389648438,16436,0.0,0.0
2022-10-14 14:30:00-04:00,25.40999984741211,25.450000762939453,25.25,25.34000015258789,14103,0.0,0.0
2022-10-14 15:30:00-04:00,25.329999923706055,25.3700008392334,25.209999084472656,25.209999084472656,13243,0.0,0.0
2022-10-17 09:30:00-04:00,25.610000610351562,26.229999542236328,25.510000228881836,25.81999969482422,40272,0.0,0.0
2022-10-17 10:30:00-04:00,25.940000534057617,26.0049991607666,25.583499908447266,25.850000381469727,9887,0.0,0.0
2022-10-17 11:30:00-04:00,25.739999771118164,25.829999923706055,25.645000457763672,25.670000076293945,4312,0.0,0.0
2022-10-17 12:30:00-04:00,25.729999542236328,25.780000686645508,25.579999923706055,25.780000686645508,6244,0.0,0.0
2022-10-17 13:30:00-04:00,25.770000457763672,25.81999969482422,25.549999237060547,25.700000762939453,18083,0.0,0.0
2022-10-17 14:30:00-04:00,25.674999237060547,25.899999618530273,25.670000076293945,25.8700008392334,27387,0.0,0.0
2022-10-17 15:30:00-04:00,25.829999923706055,26.020000457763672,25.809999465942383,25.90999984741211,33044,0.0,0.0
2022-10-18 09:30:00-04:00,26.239999771118164,27.0,26.174999237060547,26.239999771118164,43221,0.0,0.0
2022-10-18 10:30:00-04:00,26.290000915527344,26.399999618530273,25.920000076293945,25.969999313354492,56267,0.0,0.0
2022-10-18 11:30:00-04:00,25.969999313354492,26.139999389648438,25.850000381469727,26.139999389648438,25059,0.0,0.0
2022-10-18 12:30:00-04:00,26.16629981994629,26.219999313354492,26.049999237060547,26.200000762939453,23495,0.0,0.0
2022-10-18 13:30:00-04:00,26.219999313354492,26.280000686645508,26.030000686645508,26.114999771118164,23430,0.0,0.0
2022-10-18 14:30:00-04:00,26.09000015258789,26.170000076293945,25.90999984741211,26.15999984741211,27975,0.0,0.0
2022-10-18 15:30:00-04:00,26.15999984741211,26.225000381469727,26.079999923706055,26.079999923706055,40277,0.0,0.0
2022-10-19 09:30:00-04:00,26.059999465942383,26.110000610351562,25.6299991607666,25.96500015258789,40895,0.0,0.0
2022-10-19 10:30:00-04:00,25.920000076293945,26.03700065612793,25.690000534057617,25.950000762939453,35649,0.0,0.0
2022-10-19 11:30:00-04:00,25.810100555419922,25.985000610351562,25.68000030517578,25.84000015258789,14516,0.0,0.0
2022-10-19 12:30:00-04:00,26.0,26.0,25.760000228881836,25.799999237060547,5359,0.0,0.0
2022-10-19 13:30:00-04:00,25.799999237060547,25.8799991607666,25.75,25.84000015258789,14116,0.0,0.0
2022-10-19 14:30:00-04:00,25.889999389648438,26.260000228881836,25.75779914855957,26.1200008392334,30648,0.0,0.0
2022-10-19 15:30:00-04:00,26.125,26.360000610351562,26.020000457763672,26.360000610351562,30699,0.0,0.0
2022-10-20 09:30:00-04:00,26.1299991607666,26.344999313354492,25.700000762939453,25.850000381469727,0,0.0,0.0
2022-10-20 10:30:00-04:00,25.8700008392334,26.100000381469727,25.8700008392334,26.0,4421,0.0,0.0
2022-10-20 11:30:00-04:00,25.975000381469727,25.999900817871094,25.68000030517578,25.760000228881836,7844,0.0,0.0
2022-10-20 12:30:00-04:00,25.68000030517578,25.719999313354492,25.329999923706055,25.545000076293945,33585,0.0,0.0
2022-10-20 13:30:00-04:00,25.540000915527344,25.55500030517578,25.3799991607666,25.3799991607666,12498,0.0,0.0
2022-10-20 14:30:00-04:00,25.40999984741211,25.645999908447266,25.40999984741211,25.579999923706055,4482,0.0,0.0
2022-10-20 15:30:00-04:00,25.63990020751953,25.681800842285156,25.549999237060547,25.600000381469727,12317,0.0,0.0
2022-10-21 09:30:00-04:00,25.440000534057617,25.75,24.988000869750977,25.045000076293945,79933,0.0,0.0
2022-10-21 10:30:00-04:00,25.065000534057617,25.399999618530273,24.809999465942383,25.399999618530273,63277,0.0,0.0
2022-10-21 11:30:00-04:00,25.450000762939453,25.760000228881836,25.350000381469727,25.760000228881836,10505,0.0,0.0
2022-10-21 12:30:00-04:00,25.600000381469727,25.885000228881836,25.600000381469727,25.760000228881836,13444,0.0,0.0
2022-10-21 13:30:00-04:00,25.729999542236328,25.920000076293945,25.719999313354492,25.809999465942383,13315,0.0,0.0
2022-10-21 14:30:00-04:00,25.829999923706055,25.950000762939453,25.81999969482422,25.950000762939453,19761,0.0,0.0
2022-10-21 15:30:00-04:00,25.979999542236328,25.983999252319336,25.88010025024414,25.966999053955078,20199,0.0,0.0
2022-10-24 09:30:00-04:00,26.059999465942383,26.479999542236328,25.760000228881836,25.899999618530273,20238,0.0,0.0
2022-10-24 10:30:00-04:00,25.774999618530273,25.774999618530273,25.450000762939453,25.655000686645508,17319,0.0,0.0
2022-10-24 11:30:00-04:00,25.799999237060547,25.850000381469727,25.65999984741211,25.739999771118164,6077,0.0,0.0
2022-10-24 12:30:00-04:00,25.84000015258789,25.965900421142578,25.549999237060547,25.594999313354492,11104,0.0,0.0
2022-10-24 13:30:00-04:00,25.6299991607666,26.05500030517578,25.625,26.05500030517578,10608,0.0,0.0
2022-10-24 14:30:00-04:00,26.059999465942383,26.219999313354492,25.950000762939453,26.219999313354492,16449,0.0,0.0
2022-10-24 15:30:00-04:00,26.260000228881836,26.260000228881836,26.06999969482422,26.110000610351562,16023,0.0,0.0
2022-10-25 09:30:00-04:00,26.139999389648438,26.139999389648438,25.559999465942383,25.790000915527344,77097,0.0,0.0
2022-10-25 10:30:00-04:00,25.799999237060547,26.08989906311035,25.704999923706055,25.704999923706055,30859,0.0,0.0
2022-10-25 11:30:00-04:00,25.69499969482422,25.780000686645508,25.420000076293945,25.530000686645508,59716,0.0,0.0
2022-10-25 12:30:00-04:00,25.6299991607666,26.3799991607666,25.600000381469727,26.290000915527344,42610,0.0,0.0
2022-10-25 13:30:00-04:00,26.329999923706055,26.799999237060547,26.209999084472656,26.799999237060547,50620,0.0,0.0
2022-10-25 14:30:00-04:00,26.84000015258789,26.969999313354492,26.75,26.84000015258789,26526,0.0,0.0
2022-10-25 15:30:00-04:00,26.84000015258789,27.030000686645508,26.84000015258789,27.0049991607666,31891,0.0,0.0
2022-10-26 09:30:00-04:00,26.75,26.989999771118164,26.31999969482422,26.360000610351562,43020,0.0,0.0
2022-10-26 10:30:00-04:00,26.31999969482422,26.57990074157715,26.149999618530273,26.5,23032,0.0,0.0
2022-10-26 11:30:00-04:00,26.540000915527344,26.579999923706055,26.329999923706055,26.364999771118164,33665,0.0,0.0
2022-10-26 12:30:00-04:00,26.364999771118164,26.38990020751953,26.100000381469727,26.189899444580078,21068,0.0,0.0
2022-10-26 13:30:00-04:00,26.175199508666992,26.389999389648438,26.020000457763672,26.31999969482422,16226,0.0,0.0
2022-10-26 14:30:00-04:00,26.280000686645508,26.3799991607666,26.040000915527344,26.15999984741211,20404,0.0,0.0
2022-10-26 15:30:00-04:00,26.149999618530273,26.25,26.0,26.1200008392334,18485,0.0,0.0
2022-10-27 09:30:00-04:00,26.479999542236328,26.84000015258789,25.25,25.395000457763672,82270,0.0,0.0
2022-10-27 10:30:00-04:00,25.479999542236328,26.030000686645508,25.34000015258789,25.649999618530273,51710,0.0,0.0
2022-10-27 11:30:00-04:00,25.600000381469727,25.63990020751953,25.38559913635254,25.38559913635254,7259,0.0,0.0
2022-10-27 12:30:00-04:00,25.3799991607666,25.540000915527344,25.360000610351562,25.360000610351562,10475,0.0,0.0
2022-10-27 13:30:00-04:00,25.355100631713867,25.360000610351562,25.06999969482422,25.06999969482422,11006,0.0,0.0
2022-10-27 14:30:00-04:00,25.06999969482422,25.181400299072266,25.030099868774414,25.13990020751953,28389,0.0,0.0
2022-10-27 15:30:00-04:00,25.079999923706055,25.239999771118164,25.010000228881836,25.1200008392334,45206,0.0,0.0
2022-10-28 09:30:00-04:00,25.06999969482422,25.06999969482422,24.290000915527344,24.65999984741211,80278,0.0,0.0
2022-10-28 10:30:00-04:00,24.725000381469727,24.860000610351562,24.639999389648438,24.739999771118164,7642,0.0,0.0
2022-10-28 11:30:00-04:00,24.709999084472656,24.93000030517578,24.709999084472656,24.875,51471,0.0,0.0
2022-10-28 12:30:00-04:00,24.85379981994629,24.979999542236328,24.700000762939453,24.729999542236328,69225,0.0,0.0
2022-10-28 13:30:00-04:00,24.790000915527344,24.88949966430664,24.7549991607666,24.875,9524,0.0,0.0
2022-10-28 14:30:00-04:00,24.809999465942383,25.1200008392334,24.809999465942383,25.1200008392334,12324,0.0,0.0
2022-10-28 15:30:00-04:00,25.100000381469727,25.229999542236328,25.089500427246094,25.229999542236328,10574,0.0,0.0
2022-10-31 09:30:00-04:00,24.56999969482422,24.889999389648438,24.25,24.770000457763672,106239,0.0,0.0
2022-10-31 10:30:00-04:00,24.850000381469727,24.877700805664062,24.579999923706055,24.700000762939453,20862,0.0,0.0
2022-10-31 11:30:00-04:00,24.6200008392334,25.0,24.6200008392334,24.950000762939453,39111,0.0,0.0
2022-10-31 12:30:00-04:00,24.895000457763672,25.18000030517578,24.895000457763672,25.139999389648438,24559,0.0,0.0
2022-10-31 13:30:00-04:00,25.18000030517578,25.43000030517578,24.959999084472656,25.100000381469727,25936,0.0,0.0
2022-10-31 14:30:00-04:00,25.09000015258789,25.1200008392334,24.93000030517578,24.94499969482422,33313,0.0,0.0
2022-10-31 15:30:00-04:00,24.959999084472656,24.969999313354492,24.68000030517578,24.68000030517578,25903,0.0,0.0
2022-11-01 09:30:00-04:00,25.209999084472656,25.450000762939453,24.90999984741211,25.198299407958984,31468,0.0,0.0
2022-11-01 10:30:00-04:00,25.2012996673584,25.389999389648438,25.06999969482422,25.360000610351562,67812,0.0,0.0
2022-11-01 11:30:00-04:00,25.309999465942383,25.34000015258789,25.0,25.020000457763672,42304,0.0,0.0
2022-11-01 12:30:00-04:00,25.09000015258789,25.34000015258789,25.059999465942383,25.30500030517578,30429,0.0,0.0
2022-11-01 13:30:00-04:00,25.350000381469727,25.450000762939453,25.270000457763672,25.399999618530273,23955,0.0,0.0
2022-11-01 14:30:00-04:00,25.395000457763672,25.65999984741211,25.3799991607666,25.540000915527344,39979,0.0,0.0
2022-11-01 15:30:00-04:00,25.6299991607666,25.639999389648438,25.360000610351562,25.360000610351562,55446,0.0,0.0
2022-11-02 09:30:00-04:00,25.3700008392334,25.459999084472656,24.979999542236328,25.020000457763672,36213,0.0,0.0
2022-11-02 10:30:00-04:00,25.0049991607666,25.312000274658203,24.809999465942383,25.200000762939453,24934,0.0,0.0
2022-11-02 11:30:00-04:00,25.219999313354492,25.3700008392334,25.209999084472656,25.260000228881836,26018,0.0,0.0
2022-11-02 12:30:00-04:00,25.200000762939453,25.200000762939453,24.978900909423828,25.1299991607666,6783,0.0,0.0
2022-11-02 13:30:00-04:00,25.200000762939453,25.666799545288086,25.19499969482422,25.6299991607666,22121,0.0,0.0
2022-11-02 14:30:00-04:00,25.690000534057617,25.690000534057617,24.790000915527344,24.829999923706055,18203,0.0,0.0
2022-11-02 15:30:00-04:00,24.809999465942383,24.809999465942383,24.579999923706055,24.6299991607666,50884,0.0,0.0
2022-11-03 09:30:00-04:00,24.5,24.719999313354492,24.18000030517578,24.389999389648438,44821,0.0,0.0
2022-11-03 10:30:00-04:00,24.43000030517578,24.989999771118164,24.43000030517578,24.93000030517578,10636,0.0,0.0
2022-11-03 11:30:00-04:00,24.8799991607666,24.920000076293945,24.75,24.799999237060547,7515,0.0,0.0
2022-11-03 12:30:00-04:00,24.829999923706055,25.020000457763672,24.809999465942383,24.969999313354492,14757,0.0,0.0
2022-11-03 13:30:00-04:00,25.040000915527344,25.100000381469727,24.84000015258789,24.90999984741211,12611,0.0,0.0
2022-11-03 14:30:00-04:00,24.860000610351562,25.15999984741211,24.860000610351562,25.059999465942383,23938,0.0,0.0
2022-11-03 15:30:00-04:00,25.020000457763672,25.049999237060547,24.8700008392334,24.920000076293945,24302,0.0,0.0
2022-11-04 09:30:00-04:00,25.790000915527344,26.290000915527344,25.59000015258789,26.260000228881836,44956,0.0,0.0
2022-11-04 10:30:00-04:00,26.200000762939453,26.729999542236328,26.200000762939453,26.389999389648438,61687,0.0,0.0
2022-11-04 11:30:00-04:00,26.23390007019043,26.450000762939453,25.989999771118164,26.030000686645508,31322,0.0,0.0
2022-11-04 12:30:00-04:00,26.040000915527344,26.17329978942871,25.899999618530273,26.090099334716797,14415,0.0,0.0
2022-11-04 13:30:00-04:00,26.100000381469727,26.204999923706055,25.979999542236328,26.16790008544922,37173,0.0,0.0
2022-11-04 14:30:00-04:00,26.049999237060547,26.280000686645508,26.049999237060547,26.280000686645508,16217,0.0,0.0
2022-11-04 15:30:00-04:00,26.260000228881836,26.299999237060547,26.149999618530273,26.239999771118164,22177,0.0,0.0
2022-11-07 09:30:00-05:00,26.200000762939453,26.579999923706055,25.969999313354492,26.56999969482422,26765,0.0,0.0
2022-11-07 10:30:00-05:00,26.600000381469727,27.440000534057617,26.514999389648438,27.360000610351562,65436,0.0,0.0
2022-11-07 11:30:00-05:00,27.360000610351562,27.360000610351562,26.901100158691406,27.057300567626953,7148,0.0,0.0
2022-11-07 12:30:00-05:00,26.959999084472656,27.100000381469727,26.899999618530273,27.100000381469727,10911,0.0,0.0
2022-11-07 13:30:00-05:00,27.09000015258789,27.15999984741211,27.09000015258789,27.09000015258789,4589,0.0,0.0
2022-11-07 14:30:00-05:00,27.100000381469727,27.18000030517578,26.986299514770508,27.18000030517578,14262,0.0,0.0
2022-11-07 15:30:00-05:00,27.139999389648438,27.229999542236328,27.079999923706055,27.229999542236328,21645,0.0,0.0
2022-11-08 09:30:00-05:00,27.3700008392334,27.469999313354492,26.961000442504883,27.461599349975586,14921,0.0,0.0
2022-11-08 10:30:00-05:00,27.469999313354492,27.58989906311035,27.350000381469727,27.5,30355,0.0,0.0
2022-11-08 11:30:00-05:00,27.5,27.530000686645508,27.360000610351562,27.385000228881836,9209,0.0,0.0
2022-11-08 12:30:00-05:00,27.350000381469727,27.389999389648438,27.18000030517578,27.18000030517578,6489,0.0,0.0
2022-11-08 13:30:00-05:00,27.165000915527344,27.299999237060547,27.0,27.0,7647,0.0,0.0
2022-11-08 14:30:00-05:00,26.93000030517578,27.18000030517578,26.899999618530273,27.09000015258789,24309,0.0,0.0
2022-11-08 15:30:00-05:00,27.128999710083008,27.190000534057617,27.020000457763672,27.149999618530273,12086,0.0,0.0
2022-11-09 09:30:00-05:00,27.260000228881836,27.440000534057617,26.969999313354492,27.389999389648438,33050,0.0,0.0
2022-11-09 10:30:00-05:00,27.449899673461914,27.700000762939453,27.399999618530273,27.520000457763672,22494,0.0,0.0
2022-11-09 11:30:00-05:00,27.459999084472656,27.600000381469727,27.300100326538086,27.3799991607666,18794,0.0,0.0
2022-11-09 12:30:00-05:00,27.34000015258789,27.479999542236328,26.959999084472656,27.09000015258789,24883,0.0,0.0
2022-11-09 13:30:00-05:00,27.01219940185547,27.110000610351562,26.843900680541992,27.0,11273,0.0,0.0
2022-11-09 14:30:00-05:00,26.979999542236328,26.989999771118164,26.75,26.790000915527344,25357,0.0,0.0
2022-11-09 15:30:00-05:00,26.79490089416504,26.93000030517578,26.684999465942383,26.920000076293945,59674,0.0,0.0
2022-11-10 09:30:00-05:00,26.989999771118164,27.75,26.059999465942383,26.229999542236328,86945,0.0,0.0
2022-11-10 10:30:00-05:00,26.076099395751953,26.350000381469727,25.76020050048828,25.81999969482422,52915,0.0,0.0
2022-11-10 11:30:00-05:00,25.739999771118164,26.229999542236328,25.580699920654297,26.109899520874023,49165,0.0,0.0
2022-11-10 12:30:00-05:00,25.979999542236328,26.020000457763672,25.670000076293945,25.829999923706055,33662,0.0,0.0
2022-11-10 13:30:00-05:00,25.850000381469727,25.940000534057617,25.739999771118164,25.8700008392334,42670,0.0,0.0
2022-11-10 14:30:00-05:00,25.84000015258789,26.30500030517578,25.84000015258789,26.219999313354492,22260,0.0,0.0
2022-11-10 15:30:00-05:00,26.200000762939453,26.56999969482422,26.200000762939453,26.5049991607666,49781,0.0,0.0
2022-11-11 09:30:00-05:00,27.079999923706055,27.920000076293945,26.94499969482422,27.77989959716797,88684,0.0,0.0
2022-11-11 10:30:00-05:00,27.739999771118164,28.09000015258789,27.5,27.579999923706055,40542,0.0,0.0
2022-11-11 11:30:00-05:00,27.6200008392334,27.920000076293945,27.59000015258789,27.920000076293945,19305,0.0,0.0
2022-11-11 12:30:00-05:00,27.889999389648438,28.239999771118164,27.889999389648438,28.16950035095215,27459,0.0,0.0
2022-11-11 13:30:00-05:00,28.23889923095703,28.23889923095703,28.044700622558594,28.15999984741211,11289,0.0,0.0
2022-11-11 14:30:00-05:00,28.100000381469727,28.1200008392334,27.573699951171875,27.6200008392334,51338,0.0,0.0
2022-11-11 15:30:00-05:00,27.670000076293945,27.760000228881836,27.549999237060547,27.549999237060547,37354,0.0,0.0
2022-11-14 09:30:00-05:00,27.600000381469727,27.760000228881836,27.290000915527344,27.290000915527344,11167,0.0,0.0
2022-11-14 10:30:00-05:00,27.22800064086914,27.408000946044922,27.059999465942383,27.091899871826172,17670,0.0,0.0
2022-11-14 11:30:00-05:00,27.06999969482422,27.12540054321289,26.8700008392334,27.12540054321289,14559,0.0,0.0
2022-11-14 12:30:00-05:00,27.09000015258789,27.34000015258789,27.000099182128906,27.100000381469727,11186,0.0,0.0
2022-11-14 13:30:00-05:00,27.18000030517578,27.229900360107422,26.90999984741211,26.90999984741211,30070,0.0,0.0
2022-11-14 14:30:00-05:00,26.93000030517578,26.959999084472656,26.600000381469727,26.62980079650879,16440,0.0,0.0
2022-11-14 15:30:00-05:00,26.635000228881836,26.635000228881836,26.219999313354492,26.229999542236328,32704,0.0,0.0
2022-11-15 09:30:00-05:00,26.6299991607666,26.739999771118164,26.399999618530273,26.530000686645508,38377,0.0,0.0
2022-11-15 10:30:00-05:00,26.56999969482422,26.655399322509766,26.149999618530273,26.309999465942383,35654,0.0,0.0
2022-11-15 11:30:00-05:00,26.280000686645508,26.420000076293945,26.25,26.34000015258789,17174,0.0,0.0
2022-11-15 12:30:00-05:00,26.290000915527344,26.489500045776367,26.209999084472656,26.299999237060547,8050,0.0,0.0
2022-11-15 13:30:00-05:00,26.200000762939453,26.510000228881836,26.170000076293945,26.452299118041992,16025,0.0,0.0
2022-11-15 14:30:00-05:00,26.510000228881836,26.549999237060547,26.29010009765625,26.5,17738,0.0,0.0
2022-11-15 15:30:00-05:00,26.489999771118164,26.530000686645508,26.420000076293945,26.459999084472656,10380,0.0,0.0
2022-11-16 09:30:00-05:00,26.0,26.010000228881836,25.50790023803711,25.55500030517578,50061,0.0,0.0
2022-11-16 10:30:00-05:00,25.540000915527344,25.827699661254883,25.540000915527344,25.71500015258789,59422,0.0,0.0
2022-11-16 11:30:00-05:00,25.666799545288086,25.899999618530273,25.649999618530273,25.790000915527344,33461,0.0,0.0
2022-11-16 12:30:00-05:00,25.790000915527344,25.899999618530273,25.75,25.850000381469727,13025,0.0,0.0
2022-11-16 13:30:00-05:00,25.84000015258789,25.899999618530273,25.719999313354492,25.899999618530273,16406,0.0,0.0
2022-11-16 14:30:00-05:00,25.950000762939453,25.95400047302246,25.729999542236328,25.729999542236328,2749,0.0,0.0
2022-11-16 15:30:00-05:00,25.885499954223633,25.979900360107422,25.809999465942383,25.850000381469727,9762,0.0,0.0
2022-11-17 09:30:00-05:00,25.639999389648438,26.149999618530273,25.360000610351562,26.094999313354492,0,0.0,0.0
2022-11-17 10:30:00-05:00,26.110000610351562,26.110000610351562,25.520000457763672,25.540000915527344,18824,0.0,0.0
2022-11-17 11:30:00-05:00,25.549999237060547,25.70599937438965,25.46310043334961,25.579999923706055,3024,0.0,0.0
2022-11-17 12:30:00-05:00,25.600000381469727,25.850000381469727,25.600000381469727,25.829500198364258,15258,0.0,0.0
2022-11-17 13:30:00-05:00,25.780000686645508,25.920499801635742,25.6200008392334,25.6200008392334,7106,0.0,0.0
2022-11-17 14:30:00-05:00,25.690000534057617,25.84000015258789,25.690000534057617,25.81999969482422,4610,0.0,0.0
2022-11-17 15:30:00-05:00,25.799999237060547,25.920000076293945,25.780099868774414,25.920000076293945,19839,0.0,0.0
2022-11-18 09:30:00-05:00,25.899999618530273,25.899999618530273,25.264999389648438,25.375600814819336,30110,0.0,0.0
2022-11-18 10:30:00-05:00,25.350000381469727,25.565000534057617,25.30500030517578,25.395000457763672,21512,0.0,0.0
2022-11-18 11:30:00-05:00,25.392499923706055,25.395000457763672,25.16010093688965,25.229999542236328,21007,0.0,0.0
2022-11-18 12:30:00-05:00,25.200000762939453,25.389999389648438,25.200000762939453,25.3700008392334,5393,0.0,0.0
2022-11-18 13:30:00-05:00,25.324499130249023,25.399999618530273,25.25,25.399999618530273,14756,0.0,0.0
2022-11-18 14:30:00-05:00,25.43000030517578,25.639999389648438,25.350000381469727,25.6299991607666,25669,0.0,0.0
2022-11-18 15:30:00-05:00,25.6200008392334,25.65999984741211,25.558500289916992,25.65999984741211,11729,0.0,0.0
2022-11-21 09:30:00-05:00,25.290000915527344,25.600000381469727,25.100000381469727,25.469999313354492,18954,0.0,0.0
2022-11-21 10:30:00-05:00,25.469999313354492,25.600000381469727,25.3700008392334,25.459999084472656,11353,0.0,0.0
2022-11-21 11:30:00-05:00,25.5,25.799999237060547,25.5,25.774999618530273,11591,0.0,0.0
2022-11-21 12:30:00-05:00,25.81999969482422,25.940000534057617,25.81999969482422,25.915000915527344,12654,0.0,0.0
2022-11-21 13:30:00-05:00,25.8799991607666,25.959999084472656,25.770099639892578,25.834999084472656,6608,0.0,0.0
2022-11-21 14:30:00-05:00,25.876800537109375,25.90999984741211,25.760000228881836,25.865999221801758,9163,0.0,0.0
2022-11-21 15:30:00-05:00,25.899999618530273,26.159799575805664,25.899999618530273,26.040000915527344,27069,0.0,0.0
2022-11-22 09:30:00-05:00,26.020000457763672,26.149999618530273,25.400100708007812,25.68000030517578,61796,0.0,0.0
2022-11-22 10:30:00-05:00,25.780000686645508,25.780000686645508,25.469999313354492,25.58139991760254,75173,0.0,0.0
2022-11-22 11:30:00-05:00,25.635000228881836,25.700000762939453,25.450000762939453,25.569900512695312,18428,0.0,0.0
2022-11-22 12:30:00-05:00,25.530000686645508,25.6200008392334,25.420000076293945,25.549999237060547,18711,0.0,0.0
2022-11-22 13:30:00-05:00,25.549999237060547,25.670000076293945,25.43000030517578,25.549999237060547,19439,0.0,0.0
2022-11-22 14:30:00-05:00,25.549999237060547,25.549999237060547,25.350000381469727,25.399999618530273,11775,0.0,0.0
2022-11-22 15:30:00-05:00,25.429500579833984,25.709999084472656,25.429500579833984,25.59000015258789,40059,0.0,0.0
2022-11-23 09:30:00-05:00,25.510000228881836,25.670000076293945,25.200000762939453,25.2549991607666,33545,0.0,0.0
2022-11-23 10:30:00-05:00,25.200000762939453,25.309999465942383,25.0,25.05500030517578,33855,0.0,0.0
2022-11-23 11:30:00-05:00,25.049999237060547,25.1200008392334,24.790000915527344,25.059999465942383,28064,0.0,0.0
2022-11-23 12:30:00-05:00,25.049999237060547,25.165000915527344,24.975000381469727,24.975000381469727,10374,0.0,0.0
2022-11-23 13:30:00-05:00,25.0,25.540000915527344,24.950000762939453,25.540000915527344,57738,0.0,0.0
2022-11-23 14:30:00-05:00,25.559999465942383,25.559999465942383,25.299999237060547,25.364999771118164,18912,0.0,0.0
2022-11-23 15:30:00-05:00,25.399999618530273,25.399999618530273,25.31999969482422,25.3799991607666,13801,0.0,0.0
2022-11-25 09:30:00-05:00,25.299999237060547,25.854999542236328,25.299999237060547,25.75,40847,0.0,0.0
2022-11-25 10:30:00-05:00,25.790000915527344,25.790000915527344,25.639999389648438,25.719999313354492,9527,0.0,0.0
2022-11-25 11:30:00-05:00,25.700000762939453,25.729999542236328,25.610000610351562,25.639999389648438,4036,0.0,0.0
2022-11-28 09:30:00-05:00,25.3799991607666,25.3799991607666,24.84000015258789,25.059999465942383,40531,0.0,0.0
2022-11-28 10:30:00-05:00,25.1200008392334,25.200000762939453,24.780000686645508,24.780000686645508,24380,0.0,0.0
2022-11-28 11:30:00-05:00,24.760000228881836,25.09000015258789,24.760000228881836,25.09000015258789,11569,0.0,0.0
2022-11-28 12:30:00-05:00,25.100000381469727,25.239999771118164,25.100000381469727,25.239999771118164,4484,0.0,0.0
2022-11-28 13:30:00-05:00,25.239999771118164,25.239999771118164,25.09000015258789,25.190000534057617,6065,0.0,0.0
2022-11-28 14:30:00-05:00,25.08009910583496,25.28499984741211,24.969999313354492,24.979999542236328,16311,0.0,0.0
2022-11-28 15:30:00-05:00,24.94499969482422,25.099899291992188,24.94499969482422,25.09000015258789,25178,0.0,0.0
2022-11-29 09:30:00-05:00,24.959999084472656,25.68000030517578,24.959999084472656,25.325000762939453,25696,0.0,0.0
2022-11-29 10:30:00-05:00,25.399999618530273,25.399999618530273,25.100000381469727,25.100000381469727,4978,0.0,0.0
2022-11-29 11:30:00-05:00,25.148700714111328,25.148700714111328,24.950000762939453,24.989999771118164,22215,0.0,0.0
2022-11-29 12:30:00-05:00,24.940000534057617,25.075000762939453,24.920000076293945,25.040000915527344,3965,0.0,0.0
2022-11-29 13:30:00-05:00,25.010000228881836,25.030000686645508,24.96500015258789,25.030000686645508,3598,0.0,0.0
2022-11-29 14:30:00-05:00,24.989999771118164,25.079999923706055,24.969999313354492,25.06999969482422,7478,0.0,0.0
2022-11-29 15:30:00-05:00,25.079999923706055,25.079999923706055,24.969999313354492,25.049999237060547,6894,0.0,0.0
2022-11-30 09:30:00-05:00,25.280000686645508,25.290000915527344,24.770000457763672,24.889999389648438,0,0.0,0.0
2022-11-30 10:30:00-05:00,24.940000534057617,25.069000244140625,24.860000610351562,25.010000228881836,27301,0.0,0.0
2022-11-30 11:30:00-05:00,25.030000686645508,25.030000686645508,24.90999984741211,24.90999984741211,9825,0.0,0.0
2022-11-30 12:30:00-05:00,24.93000030517578,25.260000228881836,24.853099822998047,25.239900588989258,28948,0.0,0.0
2022-11-30 13:30:00-05:00,25.25,25.56999969482422,25.25,25.540000915527344,24265,0.0,0.0
2022-11-30 14:30:00-05:00,25.510000228881836,25.58989906311035,25.260000228881836,25.535499572753906,31353,0.0,0.0
2022-11-30 15:30:00-05:00,25.520000457763672,25.579999923706055,25.479999542236328,25.559999465942383,14857,0.0,0.0
2022-12-01 09:30:00-05:00,25.049999237060547,25.40999984741211,24.760000228881836,25.06999969482422,27919,0.0,0.0
2022-12-01 10:30:00-05:00,24.969999313354492,25.044300079345703,24.81999969482422,24.86280059814453,21403,0.0,0.0
2022-12-01 11:30:00-05:00,24.8700008392334,24.91939926147461,24.719999313354492,24.8700008392334,31210,0.0,0.0
2022-12-01 12:30:00-05:00,24.8700008392334,25.049999237060547,24.760000228881836,24.979999542236328,38916,0.0,0.0
2022-12-01 13:30:00-05:00,25.0049991607666,25.270000457763672,25.0,25.200000762939453,28144,0.0,0.0
2022-12-01 14:30:00-05:00,25.225000381469727,25.235000610351562,25.15999984741211,25.15999984741211,5880,0.0,0.0
2022-12-01 15:30:00-05:00,25.209999084472656,25.299999237060547,25.170000076293945,25.299999237060547,20048,0.0,0.0
2022-12-02 09:30:00-05:00,25.15999984741211,25.389999389648438,24.809999465942383,25.151100158691406,20704,0.0,0.0
2022-12-02 10:30:00-05:00,25.049999237060547,25.34000015258789,25.049999237060547,25.290000915527344,15298,0.0,0.0
2022-12-02 11:30:00-05:00,25.34000015258789,25.5,25.250900268554688,25.5,14046,0.0,0.0
2022-12-02 12:30:00-05:00,25.43000030517578,25.5,25.329999923706055,25.3799991607666,5964,0.0,0.0
2022-12-02 13:30:00-05:00,25.433399200439453,25.5,25.424999237060547,25.440000534057617,7311,0.0,0.0
2022-12-02 14:30:00-05:00,25.43000030517578,25.719999313354492,25.40999984741211,25.673999786376953,29250,0.0,0.0
2022-12-02 15:30:00-05:00,25.655000686645508,25.700000762939453,25.610000610351562,25.700000762939453,10690,0.0,0.0
2022-12-05 09:30:00-05:00,25.84000015258789,26.25,25.84000015258789,26.075000762939453,59519,0.0,0.0
2022-12-05 10:30:00-05:00,26.056699752807617,26.243600845336914,26.023300170898438,26.09000015258789,29950,0.0,0.0
2022-12-05 11:30:00-05:00,26.15999984741211,26.209999084472656,25.640100479125977,25.899999618530273,25625,0.0,0.0
2022-12-05 12:30:00-05:00,25.899999618530273,25.975000381469727,25.73240089416504,25.73240089416504,20659,0.0,0.0
2022-12-05 13:30:00-05:00,25.780000686645508,25.899999618530273,25.7450008392334,25.892499923706055,18490,0.0,0.0
2022-12-05 14:30:00-05:00,25.860000610351562,25.93000030517578,25.700000762939453,25.829999923706055,27789,0.0,0.0
2022-12-05 15:30:00-05:00,25.829999923706055,25.899999618530273,25.790000915527344,25.829999923706055,25487,0.0,0.0
2022-12-06 09:30:00-05:00,25.579999923706055,25.850000381469727,25.520000457763672,25.690000534057617,33879,0.0,0.0
2022-12-06 10:30:00-05:00,25.649999618530273,25.649999618530273,25.420000076293945,25.44499969482422,91076,0.0,0.0
2022-12-06 11:30:00-05:00,25.399999618530273,25.407499313354492,25.280000686645508,25.280000686645508,3369,0.0,0.0
2022-12-06 12:30:00-05:00,25.28499984741211,25.30389976501465,24.90999984741211,24.90999984741211,17986,0.0,0.0
2022-12-06 13:30:00-05:00,24.889999389648438,25.09000015258789,24.81999969482422,24.889999389648438,21161,0.0,0.0
2022-12-06 14:30:00-05:00,24.829999923706055,24.84000015258789,24.6200008392334,24.6200008392334,46477,0.0,0.0
2022-12-06 15:30:00-05:00,24.625,24.829999923706055,24.600000381469727,24.760000228881836,32835,0.0,0.0
2022-12-07 09:30:00-05:00,24.549999237060547,24.600000381469727,23.829999923706055,23.829999923706055,52859,0.0,0.0
2022-12-07 10:30:00-05:00,24.030000686645508,24.469999313354492,23.899999618530273,24.280000686645508,27906,0.0,0.0
2022-12-07 11:30:00-05:00,24.209999084472656,24.360000610351562,24.100000381469727,24.200000762939453,33206,0.0,0.0
2022-12-07 12:30:00-05:00,24.200000762939453,24.315000534057617,24.200000762939453,24.204999923706055,9996,0.0,0.0
2022-12-07 13:30:00-05:00,24.16069984436035,24.219999313354492,24.056100845336914,24.198999404907227,11757,0.0,0.0
2022-12-07 14:30:00-05:00,24.1200008392334,24.239999771118164,24.100000381469727,24.200000762939453,24702,0.0,0.0
2022-12-07 15:30:00-05:00,24.209999084472656,24.235000610351562,24.100000381469727,24.1200008392334,36984,0.0,0.0
2022-12-08 09:30:00-05:00,24.1200008392334,24.549999237060547,24.114999771118164,24.545000076293945,38035,0.0,0.0
2022-12-08 10:30:00-05:00,24.520000457763672,24.625,24.210100173950195,24.350000381469727,12259,0.0,0.0
2022-12-08 11:30:00-05:00,24.350000381469727,24.5,24.270000457763672,24.420000076293945,24434,0.0,0.0
2022-12-08 12:30:00-05:00,24.399999618530273,24.466800689697266,24.389999389648438,24.399999618530273,3045,0.0,0.0
2022-12-08 13:30:00-05:00,24.375,24.47100067138672,24.299999237060547,24.31999969482422,8556,0.0,0.0
2022-12-08 14:30:00-05:00,24.31999969482422,24.3700008392334,24.27869987487793,24.3700008392334,8507,0.0,0.0
2022-12-08 15:30:00-05:00,24.3700008392334,24.469999313354492,24.270000457763672,24.3700008392334,29295,0.0,0.0
2022-12-09 09:30:00-05:00,24.229999542236328,25.0,24.139999389648438,24.899999618530273,67619,0.0,0.0
2022-12-09 10:30:00-05:00,24.899999618530273,25.0,24.809999465942383,24.947099685668945,9040,0.0,0.0
2022-12-09 11:30:00-05:00,24.809999465942383,25.010000228881836,24.64189910888672,24.719999313354492,20728,0.0,0.0
2022-12-09 12:30:00-05:00,24.6117000579834,24.729999542236328,24.610000610351562,24.65999984741211,2740,0.0,0.0
2022-12-09 13:30:00-05:00,24.639999389648438,24.790000915527344,24.639999389648438,24.709999084472656,6554,0.0,0.0
2022-12-09 14:30:00-05:00,24.680099487304688,24.799999237060547,24.680099487304688,24.7549991607666,13686,0.0,0.0
2022-12-09 15:30:00-05:00,24.760000228881836,24.799999237060547,24.670000076293945,24.719999313354492,15095,0.0,0.0
2022-12-12 09:30:00-05:00,24.56999969482422,24.989999771118164,24.56999969482422,24.899999618530273,43773,0.0,0.0
2022-12-12 10:30:00-05:00,24.940000534057617,24.989999771118164,24.760000228881836,24.92799949645996,31113,0.0,0.0
2022-12-12 11:30:00-05:00,24.889999389648438,25.020000457763672,24.889999389648438,24.959999084472656,8843,0.0,0.0
2022-12-12 12:30:00-05:00,24.959999084472656,24.979999542236328,24.799999237060547,24.829999923706055,3736,0.0,0.0
2022-12-12 13:30:00-05:00,24.81999969482422,24.834999084472656,24.68000030517578,24.709999084472656,6014,0.0,0.0
2022-12-12 14:30:00-05:00,24.700000762939453,24.80500030517578,24.684999465942383,24.75,9280,0.0,0.0
2022-12-12 15:30:00-05:00,24.747400283813477,24.760000228881836,24.649999618530273,24.760000228881836,14144,0.0,0.0
2022-12-13 09:30:00-05:00,25.200000762939453,25.200000762939453,24.65060043334961,24.65060043334961,51271,0.0,0.0
2022-12-13 10:30:00-05:00,24.639999389648438,24.729999542236328,24.43000030517578,24.65999984741211,24137,0.0,0.0
2022-12-13 11:30:00-05:00,24.700000762939453,24.725000381469727,24.540000915527344,24.540000915527344,6417,0.0,0.0
2022-12-13 12:30:00-05:00,24.549999237060547,24.549999237060547,24.1200008392334,24.219999313354492,72461,0.0,0.0
2022-12-13 13:30:00-05:00,24.209999084472656,24.30500030517578,24.040000915527344,24.1200008392334,23913,0.0,0.0
2022-12-13 14:30:00-05:00,24.110000610351562,24.200000762939453,23.959999084472656,24.200000762939453,39197,0.0,0.0
2022-12-13 15:30:00-05:00,24.239999771118164,24.299999237060547,24.170000076293945,24.299999237060547,18380,0.0,0.0
2022-12-14 09:30:00-05:00,24.299999237060547,24.440000534057617,23.860000610351562,23.969999313354492,0,0.0,0.0
2022-12-14 10:30:00-05:00,23.959999084472656,23.959999084472656,23.6200008392334,23.65999984741211,58895,0.0,0.0
2022-12-14 11:30:00-05:00,23.65999984741211,23.729999542236328,23.510000228881836,23.680099487304688,46996,0.0,0.0
2022-12-14 12:30:00-05:00,23.770999908447266,23.954999923706055,23.68000030517578,23.920000076293945,12181,0.0,0.0
2022-12-14 13:30:00-05:00,24.0,24.0,23.639999389648438,23.780000686645508,28085,0.0,0.0
2022-12-14 14:30:00-05:00,23.65999984741211,23.90999984741211,23.56999969482422,23.799999237060547,15443,0.0,0.0
2022-12-14 15:30:00-05:00,23.780000686645508,23.91990089416504,23.662500381469727,23.790000915527344,15650,0.0,0.0
2022-12-15 09:30:00-05:00,23.690000534057617,24.21660041809082,23.690000534057617,23.799999237060547,55853,0.0,0.0
2022-12-15 10:30:00-05:00,23.790000915527344,23.96820068359375,23.540000915527344,23.540000915527344,22353,0.0,0.0
2022-12-15 11:30:00-05:00,23.5,23.78499984741211,23.2549991607666,23.719999313354492,46457,0.0,0.0
2022-12-15 12:30:00-05:00,23.719999313354492,23.737300872802734,23.649999618530273,23.670000076293945,7255,0.0,0.0
2022-12-15 13:30:00-05:00,23.670000076293945,23.8700008392334,23.670000076293945,23.84000015258789,13470,0.0,0.0
2022-12-15 14:30:00-05:00,23.839599609375,23.940000534057617,23.779499053955078,23.799999237060547,23557,0.0,0.0
2022-12-15 15:30:00-05:00,23.8700008392334,23.899999618530273,23.770000457763672,23.770000457763672,15848,0.0,0.0
2022-12-16 09:30:00-05:00,23.579999923706055,24.049999237060547,23.579999923706055,23.969999313354492,17530,0.0,0.0
2022-12-16 10:30:00-05:00,24.0,24.31999969482422,24.0,24.19499969482422,62046,0.0,0.0
2022-12-16 11:30:00-05:00,24.19499969482422,24.420000076293945,24.19499969482422,24.260099411010742,31786,0.0,0.0
2022-12-16 12:30:00-05:00,24.264999389648438,24.360000610351562,24.239999771118164,24.350000381469727,12261,0.0,0.0
2022-12-16 13:30:00-05:00,24.31999969482422,24.31999969482422,24.170000076293945,24.229999542236328,18002,0.0,0.0
2022-12-16 14:30:00-05:00,24.260000228881836,24.360000610351562,24.209999084472656,24.360000610351562,44501,0.0,0.0
2022-12-16 15:30:00-05:00,24.350000381469727,24.399999618530273,24.219999313354492,24.34000015258789,101438,0.0,0.0
2022-12-19 09:30:00-05:00,24.06999969482422,24.31999969482422,23.690099716186523,23.97570037841797,23650,0.0,0.0
2022-12-19 10:30:00-05:00,23.989999771118164,24.010000228881836,23.899999618530273,23.94499969482422,11054,0.0,0.0
2022-12-19 11:30:00-05:00,23.959999084472656,23.959999084472656,23.799999237060547,23.850000381469727,24193,0.0,0.0
2022-12-19 12:30:00-05:00,23.850000381469727,23.875,23.75,23.850000381469727,15961,0.0,0.0
2022-12-19 13:30:00-05:00,23.850000381469727,23.850000381469727,23.760000228881836,23.829999923706055,5298,0.0,0.0
2022-12-19 14:30:00-05:00,23.774999618530273,23.799999237060547,23.600000381469727,23.701000213623047,28352,0.0,0.0
2022-12-19 15:30:00-05:00,23.770000457763672,23.88990020751953,23.729999542236328,23.860000610351562,19504,0.0,0.0
2022-12-20 09:30:00-05:00,23.649999618530273,24.270000457763672,23.649999618530273,24.1200008392334,0,0.0,0.0
2022-12-20 10:30:00-05:00,24.100000381469727,24.23579978942871,23.899999618530273,23.969999313354492,16416,0.0,0.0
2022-12-20 11:30:00-05:00,23.860000610351562,23.8700008392334,23.690000534057617,23.841100692749023,13698,0.0,0.0
2022-12-20 12:30:00-05:00,23.860000610351562,24.0,23.72100067138672,23.989999771118164,15042,0.0,0.0
2022-12-20 13:30:00-05:00,23.93000030517578,24.219900131225586,23.93000030517578,24.139999389648438,18848,0.0,0.0
2022-12-20 14:30:00-05:00,24.219999313354492,24.30419921875,24.139999389648438,24.260000228881836,9645,0.0,0.0
2022-12-20 15:30:00-05:00,24.25,24.6299991607666,24.25,24.6299991607666,33480,0.0,0.0
2022-12-21 09:30:00-05:00,24.6299991607666,25.329999923706055,24.559999465942383,25.260000228881836,51052,0.0,0.0
2022-12-21 10:30:00-05:00,25.30500030517578,25.399999618530273,24.899999618530273,25.399999618530273,33405,0.0,0.0
2022-12-21 11:30:00-05:00,25.3799991607666,25.459999084472656,25.200000762939453,25.40999984741211,31498,0.0,0.0
2022-12-21 12:30:00-05:00,25.35460090637207,25.760000228881836,25.329999923706055,25.704999923706055,31311,0.0,0.0
2022-12-21 13:30:00-05:00,25.690000534057617,25.979999542236328,25.65999984741211,25.940000534057617,123838,0.0,0.0
2022-12-21 14:30:00-05:00,25.899999618530273,26.079999923706055,25.68000030517578,25.68000030517578,43947,0.0,0.0
2022-12-21 15:30:00-05:00,25.729999542236328,25.899999618530273,25.670000076293945,25.84000015258789,42373,0.0,0.0
2022-12-22 09:30:00-05:00,25.520000457763672,25.674999237060547,25.200000762939453,25.396900177001953,26589,0.0,0.0
2022-12-22 10:30:00-05:00,25.360000610351562,25.549999237060547,25.200000762939453,25.549999237060547,52264,0.0,0.0
2022-12-22 11:30:00-05:00,25.5,25.579999923706055,25.22010040283203,25.3927001953125,17632,0.0,0.0
2022-12-22 12:30:00-05:00,25.38640022277832,25.389999389648438,25.229999542236328,25.280000686645508,22388,0.0,0.0
2022-12-22 13:30:00-05:00,25.25,25.440000534057617,25.209999084472656,25.399999618530273,16674,0.0,0.0
2022-12-22 14:30:00-05:00,25.440000534057617,25.8700008392334,25.389999389648438,25.8700008392334,26397,0.0,0.0
2022-12-22 15:30:00-05:00,25.899999618530273,26.110000610351562,25.799999237060547,26.06999969482422,46992,0.0,0.0
2022-12-23 09:30:00-05:00,25.920000076293945,26.155000686645508,25.604999542236328,26.084999084472656,18986,0.0,0.0
2022-12-23 10:30:00-05:00,26.084999084472656,26.274999618530273,25.920000076293945,26.229999542236328,16446,0.0,0.0
2022-12-23 11:30:00-05:00,26.059999465942383,26.239999771118164,25.979999542236328,26.149999618530273,3378,0.0,0.0
2022-12-23 12:30:00-05:00,26.109600067138672,26.290000915527344,26.109600067138672,26.21500015258789,7116,0.0,0.0
2022-12-23 13:30:00-05:00,26.239999771118164,26.520000457763672,26.209999084472656,26.469999313354492,20518,0.0,0.0
2022-12-23 14:30:00-05:00,26.524999618530273,26.530000686645508,26.419700622558594,26.422500610351562,8577,0.0,0.0
2022-12-23 15:30:00-05:00,26.36199951171875,26.43000030517578,26.350000381469727,26.389999389648438,12074,0.0,0.0
2022-12-27 09:30:00-05:00,26.31999969482422,26.440000534057617,26.0,26.209999084472656,27310,0.0,0.0
2022-12-27 10:30:00-05:00,26.20989990234375,26.290000915527344,26.110000610351562,26.18000030517578,17067,0.0,0.0
2022-12-27 11:30:00-05:00,26.18000030517578,26.309999465942383,26.040000915527344,26.100000381469727,13101,0.0,0.0
2022-12-27 12:30:00-05:00,26.100000381469727,26.18000030517578,26.08880043029785,26.18000030517578,4712,0.0,0.0
2022-12-27 13:30:00-05:00,26.15999984741211,26.239999771118164,26.110000610351562,26.1200008392334,6561,0.0,0.0
2022-12-27 14:30:00-05:00,26.06999969482422,26.299999237060547,26.040000915527344,26.299999237060547,9461,0.0,0.0
2022-12-27 15:30:00-05:00,26.31170082092285,26.329999923706055,26.18000030517578,26.18000030517578,18061,0.0,0.0
2022-12-28 09:30:00-05:00,25.950000762939453,26.200000762939453,25.5,25.600000381469727,22606,0.0,0.0
2022-12-28 10:30:00-05:00,25.53499984741211,25.729999542236328,25.5,25.5,4956,0.0,0.0
2022-12-28 11:30:00-05:00,25.540000915527344,25.68000030517578,25.260000228881836,25.329999923706055,11004,0.0,0.0
2022-12-28 12:30:00-05:00,25.389999389648438,25.520000457763672,25.329999923706055,25.420000076293945,6683,0.0,0.0
2022-12-28 13:30:00-05:00,25.3700008392334,25.389999389648438,25.2549991607666,25.2549991607666,3762,0.0,0.0
2022-12-28 14:30:00-05:00,25.3799991607666,25.450000762939453,25.325000762939453,25.360000610351562,6162,0.0,0.0
2022-12-28 15:30:00-05:00,25.3700008392334,25.440000534057617,25.25,25.25,10201,0.0,0.0
2022-12-29 09:30:00-05:00,25.200000762939453,25.610000610351562,25.15999984741211,25.3799991607666,24646,0.0,0.0
2022-12-29 10:30:00-05:00,25.385299682617188,25.600000381469727,25.270000457763672,25.600000381469727,29521,0.0,0.0
2022-12-29 11:30:00-05:00,25.59119987487793,25.760000228881836,25.489999771118164,25.709999084472656,12861,0.0,0.0
2022-12-29 12:30:00-05:00,25.700000762939453,25.82349967956543,25.69499969482422,25.780000686645508,4174,0.0,0.0
2022-12-29 13:30:00-05:00,25.706499099731445,25.88990020751953,25.674999237060547,25.84000015258789,21339,0.0,0.0
2022-12-29 14:30:00-05:00,25.829999923706055,25.940000534057617,25.81999969482422,25.850000381469727,7047,0.0,0.0
2022-12-29 15:30:00-05:00,25.84000015258789,25.950000762939453,25.81999969482422,25.950000762939453,21106,0.0,0.0
2022-12-30 09:30:00-05:00,25.389999389648438,25.56999969482422,25.200000762939453,25.450000762939453,29961,0.0,0.0
2022-12-30 10:30:00-05:00,25.389999389648438,25.5,25.389999389648438,25.399999618530273,13013,0.0,0.0
2022-12-30 11:30:00-05:00,25.389999389648438,25.540000915527344,25.389999389648438,25.510000228881836,12555,0.0,0.0
2022-12-30 12:30:00-05:00,25.540000915527344,25.549999237060547,25.43000030517578,25.440000534057617,10034,0.0,0.0
2022-12-30 13:30:00-05:00,25.440000534057617,25.549999237060547,25.399999618530273,25.5,9655,0.0,0.0
2022-12-30 14:30:00-05:00,25.479999542236328,25.700000762939453,25.440000534057617,25.68000030517578,11234,0.0,0.0
2022-12-30 15:30:00-05:00,25.719999313354492,26.0,25.709999084472656,25.950000762939453,34006,0.0,0.0
2023-01-03 09:30:00-05:00,25.959999084472656,26.209999084472656,25.510000228881836,25.510000228881836,13811,0.0,0.0
2023-01-03 10:30:00-05:00,25.40999984741211,25.780000686645508,25.40999984741211,25.559999465942383,6371,0.0,0.0
2023-01-03 11:30:00-05:00,25.469999313354492,25.469999313354492,25.260000228881836,25.44499969482422,7856,0.0,0.0
2023-01-03 12:30:00-05:00,25.44499969482422,25.44499969482422,25.269100189208984,25.34000015258789,8018,0.0,0.0
2023-01-03 13:30:00-05:00,25.260099411010742,25.329999923706055,25.1200008392334,25.209999084472656,11355,0.0,0.0
2023-01-03 14:30:00-05:00,25.170000076293945,25.3700008392334,25.1200008392334,25.280000686645508,15628,0.0,0.0
2023-01-03 15:30:00-05:00,25.299999237060547,25.309999465942383,25.15999984741211,25.18000030517578,13600,0.0,0.0
2023-01-04 09:30:00-05:00,25.0,25.09000015258789,24.6299991607666,24.770000457763672,24755,0.0,0.0
2023-01-04 10:30:00-05:00,24.8799991607666,25.010000228881836,24.729999542236328,24.930099487304688,16799,0.0,0.0
2023-01-04 11:30:00-05:00,24.925399780273438,25.06290054321289,24.77389907836914,24.830900192260742,7953,0.0,0.0
2023-01-04 12:30:00-05:00,24.834999084472656,24.920000076293945,24.75,24.75,4479,0.0,0.0
2023-01-04 13:30:00-05:00,24.75,24.809999465942383,24.559999465942383,24.559999465942383,6959,0.0,0.0
2023-01-04 14:30:00-05:00,24.549999237060547,24.639999389648438,24.520000457763672,24.600000381469727,7729,0.0,0.0
2023-01-04 15:30:00-05:00,24.520000457763672,24.600000381469727,24.382699966430664,24.540000915527344,20832,0.0,0.0
2023-01-05 09:30:00-05:00,24.329999923706055,24.399999618530273,24.059999465942383,24.399999618530273,17679,0.0,0.0
2023-01-05 10:30:00-05:00,24.329999923706055,24.600000381469727,24.31999969482422,24.600000381469727,8218,0.0,0.0
2023-01-05 11:30:00-05:00,24.55500030517578,24.55500030517578,24.476299285888672,24.479999542236328,1269,0.0,0.0
2023-01-05 12:30:00-05:00,24.489999771118164,24.688499450683594,24.399999618530273,24.576799392700195,16462,0.0,0.0
2023-01-05 13:30:00-05:00,24.670000076293945,24.719999313354492,24.56999969482422,24.56999969482422,4826,0.0,0.0
2023-01-05 14:30:00-05:00,24.610000610351562,24.735000610351562,24.610000610351562,24.680999755859375,2883,0.0,0.0
2023-01-05 15:30:00-05:00,24.670000076293945,24.829999923706055,24.65999984741211,24.829999923706055,25028,0.0,0.0
2023-01-06 09:30:00-05:00,24.989999771118164,25.15999984741211,24.81999969482422,25.0,20687,0.0,0.0
2023-01-06 10:30:00-05:00,24.96500015258789,25.094999313354492,24.949499130249023,25.0,6597,0.0,0.0
2023-01-06 11:30:00-05:00,24.996999740600586,25.149999618530273,24.980100631713867,25.149999618530273,14576,0.0,0.0
2023-01-06 12:30:00-05:00,25.149999618530273,25.350000381469727,25.149999618530273,25.239999771118164,4066,0.0,0.0
2023-01-06 13:30:00-05:00,25.43000030517578,25.43000030517578,25.15999984741211,25.15999984741211,17028,0.0,0.0
2023-01-06 14:30:00-05:00,25.184999465942383,25.270000457763672,25.079999923706055,25.170000076293945,11487,0.0,0.0
2023-01-06 15:30:00-05:00,25.110000610351562,25.1200008392334,24.969999313354492,24.989999771118164,21896,0.0,0.0
2023-01-09 09:30:00-05:00,25.40999984741211,25.889999389648438,25.40999984741211,25.549999237060547,0,0.0,0.0
2023-01-09 10:30:00-05:00,25.608800888061523,25.66990089416504,25.390100479125977,25.56999969482422,12001,0.0,0.0
2023-01-09 11:30:00-05:00,25.545000076293945,25.545000076293945,25.309999465942383,25.3799991607666,7003,0.0,0.0
2023-01-09 12:30:00-05:00,25.34000015258789,25.350000381469727,25.229999542236328,25.299999237060547,8369,0.0,0.0
2023-01-09 13:30:00-05:00,25.239999771118164,25.290000915527344,25.139999389648438,25.264999389648438,5555,0.0,0.0
2023-01-09 14:30:00-05:00,25.200000762939453,25.2450008392334,25.06999969482422,25.06999969482422,2887,0.0,0.0
2023-01-09 15:30:00-05:00,25.049999237060547,25.139999389648438,25.0,25.0,10174,0.0,0.0
2023-01-10 09:30:00-05:00,25.170000076293945,25.18000030517578,24.799999237060547,24.963699340820312,12209,0.0,0.0
2023-01-10 10:30:00-05:00,24.989999771118164,25.059999465942383,24.954999923706055,25.010000228881836,9301,0.0,0.0
2023-01-10 11:30:00-05:00,25.145200729370117,25.350000381469727,25.145200729370117,25.350000381469727,6782,0.0,0.0
2023-01-10 12:30:00-05:00,25.350000381469727,25.565000534057617,25.350000381469727,25.469999313354492,13416,0.0,0.0
2023-01-10 13:30:00-05:00,25.530000686645508,25.540000915527344,25.320100784301758,25.440000534057617,13230,0.0,0.0
2023-01-10 14:30:00-05:00,25.45009994506836,25.5,25.40999984741211,25.440000534057617,8413,0.0,0.0
2023-01-10 15:30:00-05:00,25.426000595092773,25.549999237060547,25.426000595092773,25.459999084472656,8256,0.0,0.0
2023-01-11 09:30:00-05:00,25.59000015258789,25.770000457763672,25.450000762939453,25.639999389648438,0,0.0,0.0
2023-01-11 10:30:00-05:00,25.559999465942383,25.559999465942383,25.100000381469727,25.198299407958984,11693,0.0,0.0
2023-01-11 11:30:00-05:00,25.139999389648438,25.299999237060547,25.139999389648438,25.299999237060547,16636,0.0,0.0
2023-01-11 12:30:00-05:00,25.207000732421875,25.229999542236328,25.190000534057617,25.229999542236328,1941,0.0,0.0
2023-01-11 13:30:00-05:00,25.100000381469727,25.1299991607666,24.969999313354492,24.985000610351562,6466,0.0,0.0
2023-01-11 14:30:00-05:00,25.033000946044922,25.033000946044922,24.89419937133789,24.90999984741211,7380,0.0,0.0
2023-01-11 15:30:00-05:00,24.959999084472656,25.100000381469727,24.920000076293945,25.09000015258789,21940,0.0,0.0
2023-01-12 09:30:00-05:00,25.420000076293945,25.420000076293945,25.200000762939453,25.375,8659,0.0,0.0
2023-01-12 10:30:00-05:00,25.489999771118164,25.655000686645508,25.479999542236328,25.586299896240234,9333,0.0,0.0
2023-01-12 11:30:00-05:00,25.639999389648438,25.729999542236328,25.510099411010742,25.59000015258789,12079,0.0,0.0
2023-01-12 12:30:00-05:00,25.56999969482422,25.682199478149414,25.56999969482422,25.575000762939453,4194,0.0,0.0
2023-01-12 13:30:00-05:00,25.520000457763672,25.600000381469727,25.520000457763672,25.585599899291992,3213,0.0,0.0
2023-01-12 14:30:00-05:00,25.600000381469727,25.600000381469727,25.5,25.559999465942383,4740,0.0,0.0
2023-01-12 15:30:00-05:00,25.56760025024414,25.649999618530273,25.510000228881836,25.610000610351562,15345,0.0,0.0
2023-01-13 09:30:00-05:00,25.389999389648438,25.799999237060547,25.34000015258789,25.799999237060547,0,0.0,0.0
2023-01-13 10:30:00-05:00,25.799999237060547,25.959999084472656,25.649999618530273,25.829999923706055,17101,0.0,0.0
2023-01-13 11:30:00-05:00,25.84000015258789,25.950000762939453,25.760000228881836,25.8799991607666,52854,0.0,0.0
2023-01-13 12:30:00-05:00,25.790000915527344,25.989999771118164,25.790000915527344,25.954999923706055,2079,0.0,0.0
2023-01-13 13:30:00-05:00,25.953699111938477,26.219999313354492,25.92300033569336,26.05500030517578,13158,0.0,0.0
2023-01-13 14:30:00-05:00,26.079500198364258,26.219999313354492,25.940000534057617,25.969999313354492,26516,0.0,0.0
2023-01-13 15:30:00-05:00,26.030000686645508,26.040000915527344,25.790000915527344,25.81999969482422,10352,0.0,0.0
2023-01-17 09:30:00-05:00,25.940000534057617,26.690000534057617,25.940000534057617,26.5049991607666,50850,0.0,0.0
2023-01-17 10:30:00-05:00,26.31999969482422,26.43000030517578,26.09000015258789,26.09000015258789,14777,0.0,0.0
2023-01-17 11:30:00-05:00,26.1200008392334,26.200000762939453,25.93000030517578,26.073999404907227,21679,0.0,0.0
2023-01-17 12:30:00-05:00,26.084999084472656,26.09000015258789,25.959999084472656,25.959999084472656,10199,0.0,0.0
2023-01-17 13:30:00-05:00,25.969999313354492,26.139999389648438,25.940000534057617,26.139999389648438,6038,0.0,0.0
2023-01-17 14:30:00-05:00,26.139999389648438,26.329999923706055,26.139999389648438,26.309999465942383,17293,0.0,0.0
2023-01-17 15:30:00-05:00,26.280099868774414,26.450000762939453,26.280099868774414,26.399999618530273,8665,0.0,0.0
2023-01-18 09:30:00-05:00,26.489999771118164,27.149999618530273,26.489999771118164,27.139999389648438,46360,0.0,0.0
2023-01-18 10:30:00-05:00,27.09760093688965,27.09760093688965,26.510000228881836,26.614999771118164,31955,0.0,0.0
2023-01-18 11:30:00-05:00,26.600000381469727,26.65999984741211,26.46500015258789,26.559999465942383,19702,0.0,0.0
2023-01-18 12:30:00-05:00,26.469999313354492,26.479999542236328,26.145000457763672,26.145000457763672,43848,0.0,0.0
2023-01-18 13:30:00-05:00,26.139999389648438,26.219900131225586,25.81999969482422,26.0,21610,0.0,0.0
2023-01-18 14:30:00-05:00,26.030000686645508,26.13990020751953,25.860000610351562,25.90999984741211,7866,0.0,0.0
2023-01-18 15:30:00-05:00,25.87350082397461,25.93000030517578,25.770000457763672,25.770000457763672,30741,0.0,0.0
2023-01-19 09:30:00-05:00,25.729999542236328,25.850000381469727,25.5,25.665000915527344,19761,0.0,0.0
2023-01-19 10:30:00-05:00,25.586000442504883,25.68000030517578,25.5,25.600000381469727,9790,0.0,0.0
2023-01-19 11:30:00-05:00,25.600000381469727,25.90999984741211,25.600000381469727,25.90999984741211,3377,0.0,0.0
2023-01-19 12:30:00-05:00,25.81999969482422,25.96500015258789,25.80500030517578,25.96500015258789,10845,0.0,0.0
2023-01-19 13:30:00-05:00,25.96500015258789,26.110000610351562,25.899999618530273,26.05299949645996,7944,0.0,0.0
2023-01-19 14:30:00-05:00,26.09000015258789,26.09000015258789,25.864999771118164,25.8799991607666,8721,0.0,0.0
2023-01-19 15:30:00-05:00,25.860000610351562,25.8700008392334,25.709999084472656,25.709999084472656,12024,0.0,0.0
2023-01-20 09:30:00-05:00,25.979999542236328,26.184999465942383,25.5,26.139999389648438,15748,0.0,0.0
2023-01-20 10:30:00-05:00,26.059999465942383,26.170000076293945,26.010000228881836,26.020000457763672,6764,0.0,0.0
2023-01-20 11:30:00-05:00,26.010000228881836,26.030000686645508,25.90999984741211,25.979999542236328,11776,0.0,0.0
2023-01-20 12:30:00-05:00,26.0,26.100000381469727,26.0,26.049999237060547,10850,0.0,0.0
2023-01-20 13:30:00-05:00,26.1299991607666,26.25,26.100000381469727,26.170000076293945,8629,0.0,0.0
2023-01-20 14:30:00-05:00,26.200000762939453,26.280000686645508,26.110000610351562,26.110000610351562,15048,0.0,0.0
2023-01-20 15:30:00-05:00,26.110000610351562,26.149999618530273,25.920000076293945,25.979999542236328,26122,0.0,0.0
2023-01-23 09:30:00-05:00,26.110000610351562,26.149999618530273,25.780000686645508,25.96150016784668,13117,0.0,0.0
2023-01-23 10:30:00-05:00,25.950000762939453,26.049999237060547,25.860000610351562,26.01180076599121,12212,0.0,0.0
2023-01-23 11:30:00-05:00,26.020000457763672,26.020000457763672,25.8700008392334,25.899999618530273,8429,0.0,0.0
2023-01-23 12:30:00-05:00,25.80419921875,25.899999618530273,25.80419921875,25.884599685668945,5799,0.0,0.0
2023-01-23 13:30:00-05:00,25.889999389648438,25.889999389648438,25.670000076293945,25.700000762939453,6832,0.0,0.0
2023-01-23 14:30:00-05:00,25.65559959411621,25.65999984741211,25.56999969482422,25.59000015258789,8004,0.0,0.0
2023-01-23 15:30:00-05:00,25.579999923706055,25.670000076293945,25.56999969482422,25.56999969482422,14768,0.0,0.0
2023-01-24 09:30:00-05:00,25.56999969482422,26.149999618530273,25.200000762939453,26.09000015258789,32245,0.0,0.0
2023-01-24 10:30:00-05:00,26.079999923706055,26.299999237060547,26.06999969482422,26.09000015258789,40928,0.0,0.0
2023-01-24 11:30:00-05:00,26.114999771118164,26.11989974975586,25.860000610351562,25.990400314331055,7180,0.0,0.0
2023-01-24 12:30:00-05:00,25.990400314331055,26.061100006103516,25.96500015258789,26.061100006103516,8591,0.0,0.0
2023-01-24 13:30:00-05:00,26.030000686645508,26.1200008392334,25.860000610351562,25.90999984741211,25128,0.0,0.0
2023-01-24 14:30:00-05:00,25.899999618530273,26.139999389648438,25.899999618530273,26.139999389648438,26772,0.0,0.0
2023-01-24 15:30:00-05:00,26.156099319458008,26.156099319458008,26.06999969482422,26.100000381469727,14900,0.0,0.0
2023-01-25 09:30:00-05:00,26.100000381469727,26.100000381469727,25.459999084472656,25.889999389648438,16620,0.0,0.0
2023-01-25 10:30:00-05:00,25.899999618530273,26.049999237060547,25.860000610351562,26.0,15942,0.0,0.0
2023-01-25 11:30:00-05:00,26.0,26.049999237060547,25.825000762939453,25.825000762939453,8464,0.0,0.0
2023-01-25 12:30:00-05:00,25.899999618530273,26.1299991607666,25.825000762939453,26.1299991607666,8509,0.0,0.0
2023-01-25 13:30:00-05:00,26.170000076293945,26.389999389648438,26.139999389648438,26.190000534057617,25103,0.0,0.0
2023-01-25 14:30:00-05:00,26.155799865722656,26.290000915527344,26.155799865722656,26.286399841308594,4049,0.0,0.0
2023-01-25 15:30:00-05:00,26.290000915527344,26.3799991607666,26.270000457763672,26.3799991607666,9094,0.0,0.0
2023-01-26 09:30:00-05:00,26.420000076293945,26.5,25.920000076293945,26.01020050048828,7920,0.0,0.0
2023-01-26 10:30:00-05:00,25.940000534057617,26.165000915527344,25.920000076293945,26.116300582885742,17963,0.0,0.0
2023-01-26 11:30:00-05:00,26.219999313354492,26.350000381469727,26.170000076293945,26.270000457763672,12034,0.0,0.0
2023-01-26 12:30:00-05:00,26.280000686645508,26.341999053955078,26.100000381469727,26.280000686645508,16160,0.0,0.0
2023-01-26 13:30:00-05:00,26.25,26.360000610351562,26.190000534057617,26.3572998046875,24582,0.0,0.0
2023-01-26 14:30:00-05:00,26.350000381469727,26.440000534057617,26.239999771118164,26.346399307250977,22410,0.0,0.0
2023-01-26 15:30:00-05:00,26.329999923706055,26.56999969482422,26.290000915527344,26.56999969482422,64216,0.0,0.0
2023-01-27 09:30:00-05:00,26.450000762939453,26.953100204467773,26.448699951171875,26.90999984741211,10318,0.0,0.0
2023-01-27 10:30:00-05:00,26.940000534057617,27.040000915527344,26.799999237060547,27.010000228881836,15023,0.0,0.0
2023-01-27 11:30:00-05:00,27.0,27.148500442504883,26.920000076293945,27.09000015258789,25138,0.0,0.0
2023-01-27 12:30:00-05:00,27.045000076293945,27.170000076293945,26.899999618530273,26.899999618530273,27152,0.0,0.0
2023-01-27 13:30:00-05:00,26.899999618530273,27.06999969482422,26.899999618530273,27.0,12109,0.0,0.0
2023-01-27 14:30:00-05:00,27.020999908447266,27.149999618530273,26.969999313354492,27.110000610351562,19700,0.0,0.0
2023-01-27 15:30:00-05:00,27.110000610351562,27.190000534057617,27.110000610351562,27.149999618530273,20552,0.0,0.0
2023-01-30 09:30:00-05:00,27.170000076293945,27.689899444580078,27.139999389648438,27.662799835205078,38675,0.0,0.0
2023-01-30 10:30:00-05:00,27.66080093383789,27.689899444580078,27.200000762939453,27.200000762939453,15267,0.0,0.0
2023-01-30 11:30:00-05:00,27.33989906311035,27.33989906311035,27.149999618530273,27.170000076293945,21180,0.0,0.0
2023-01-30 12:30:00-05:00,27.170000076293945,27.170000076293945,26.969999313354492,27.0,10047,0.0,0.0
2023-01-30 13:30:00-05:00,26.93000030517578,27.020000457763672,26.93000030517578,27.020000457763672,4081,0.0,0.0
2023-01-30 14:30:00-05:00,26.850000381469727,26.949600219726562,26.608299255371094,26.608299255371094,15661,0.0,0.0
2023-01-30 15:30:00-05:00,26.645000457763672,26.829999923706055,26.612199783325195,26.719999313354492,17056,0.0,0.0
2023-01-31 09:30:00-05:00,26.739999771118164,27.0,26.619300842285156,27.0,0,0.0,0.0
2023-01-31 10:30:00-05:00,26.959999084472656,27.290000915527344,26.93000030517578,27.239999771118164,12043,0.0,0.0
2023-01-31 11:30:00-05:00,27.18000030517578,27.219999313354492,27.010000228881836,27.120500564575195,4362,0.0,0.0
2023-01-31 12:30:00-05:00,27.139999389648438,27.209999084472656,27.139999389648438,27.18000030517578,1920,0.0,0.0
2023-01-31 13:30:00-05:00,27.200000762939453,27.200000762939453,27.100000381469727,27.18000030517578,2845,0.0,0.0
2023-01-31 14:30:00-05:00,27.100000381469727,27.100000381469727,26.90999984741211,26.989999771118164,16778,0.0,0.0
2023-01-31 15:30:00-05:00,27.010000228881836,27.13719940185547,27.0,27.100000381469727,11850,0.0,0.0
2023-02-01 09:30:00-05:00,27.450000762939453,27.690000534057617,27.299999237060547,27.515600204467773,39767,0.0,0.0
2023-02-01 10:30:00-05:00,27.450000762939453,27.594999313354492,27.329999923706055,27.55500030517578,16120,0.0,0.0
2023-02-01 11:30:00-05:00,27.579999923706055,27.579999923706055,27.364999771118164,27.387300491333008,31017,0.0,0.0
2023-02-01 12:30:00-05:00,27.360000610351562,27.3799991607666,27.219999313354492,27.360000610351562,18507,0.0,0.0
2023-02-01 13:30:00-05:00,27.3799991607666,27.520000457763672,27.31999969482422,27.510000228881836,55034,0.0,0.0
2023-02-01 14:30:00-05:00,27.469999313354492,27.520000457763672,27.260000228881836,27.44849967956543,34477,0.0,0.0
2023-02-01 15:30:00-05:00,27.510000228881836,27.56999969482422,27.350000381469727,27.5,20835,0.0,0.0
2023-02-02 09:30:00-05:00,27.579999923706055,27.59760093688965,27.030000686645508,27.030000686645508,12155,0.0,0.0
2023-02-02 10:30:00-05:00,27.1299991607666,27.445499420166016,27.1299991607666,27.280000686645508,11756,0.0,0.0
2023-02-02 11:30:00-05:00,27.220399856567383,27.270000457763672,26.8700008392334,26.899999618530273,39453,0.0,0.0
2023-02-02 12:30:00-05:00,26.920000076293945,26.979999542236328,26.860000610351562,26.860000610351562,17853,0.0,0.0
2023-02-02 13:30:00-05:00,26.850000381469727,26.850000381469727,26.5,26.559999465942383,20216,0.0,0.0
2023-02-02 14:30:00-05:00,26.5,26.5,26.203699111938477,26.329999923706055,16540,0.0,0.0
2023-02-02 15:30:00-05:00,26.360000610351562,26.670000076293945,26.360000610351562,26.614999771118164,18622,0.0,0.0
2023-02-03 09:30:00-05:00,26.459999084472656,26.829999923706055,26.385000228881836,26.729999542236328,22921,0.0,0.0
2023-02-03 10:30:00-05:00,26.729999542236328,26.850000381469727,26.571300506591797,26.65999984741211,11375,0.0,0.0
2023-02-03 11:30:00-05:00,26.559999465942383,26.559999465942383,26.440000534057617,26.5,1573,0.0,0.0
2023-02-03 12:30:00-05:00,26.610000610351562,26.820100784301758,26.59000015258789,26.6299991607666,6302,0.0,0.0
2023-02-03 13:30:00-05:00,26.530000686645508,26.702800750732422,26.530000686645508,26.549999237060547,4872,0.0,0.0
2023-02-03 14:30:00-05:00,26.549999237060547,26.91900062561035,26.549999237060547,26.889999389648438,12662,0.0,0.0
2023-02-03 15:30:00-05:00,26.8700008392334,26.8700008392334,26.6299991607666,26.729999542236328,7283,0.0,0.0
2023-02-06 09:30:00-05:00,26.81999969482422,27.079999923706055,26.399999618530273,26.940000534057617,22598,0.0,0.0
2023-02-06 10:30:00-05:00,26.94499969482422,27.399999618530273,26.93000030517578,27.385000228881836,24669,0.0,0.0
2023-02-06 11:30:00-05:00,27.385000228881836,27.385000228881836,27.200000762939453,27.200000762939453,10250,0.0,0.0
2023-02-06 12:30:00-05:00,27.229999542236328,27.33989906311035,27.15999984741211,27.20170021057129,8095,0.0,0.0
2023-02-06 13:30:00-05:00,27.25,27.25,27.020000457763672,27.149999618530273,4686,0.0,0.0
2023-02-06 14:30:00-05:00,27.100000381469727,27.110000610351562,26.950000762939453,27.049999237060547,18526,0.0,0.0
2023-02-06 15:30:00-05:00,27.110000610351562,27.299999237060547,27.079999923706055,27.209999084472656,21003,0.0,0.0
2023-02-07 09:30:00-05:00,27.139999389648438,27.3799991607666,27.1299991607666,27.360000610351562,14592,0.0,0.0
2023-02-07 10:30:00-05:00,27.360000610351562,27.450000762939453,27.18000030517578,27.209999084472656,15182,0.0,0.0
2023-02-07 11:30:00-05:00,27.209999084472656,27.375,27.209999084472656,27.375,7923,0.0,0.0
2023-02-07 12:30:00-05:00,27.31130027770996,27.43000030517578,27.270000457763672,27.270000457763672,8294,0.0,0.0
2023-02-07 13:30:00-05:00,27.10379981994629,27.200000762939453,27.010000228881836,27.104999542236328,4450,0.0,0.0
2023-02-07 14:30:00-05:00,27.229999542236328,27.350000381469727,27.219999313354492,27.350000381469727,3152,0.0,0.0
2023-02-07 15:30:00-05:00,27.299999237060547,27.549999237060547,27.290000915527344,27.399999618530273,17464,0.0,0.0
2023-02-08 09:30:00-05:00,27.389999389648438,27.724599838256836,27.3700008392334,27.604999542236328,13272,0.0,0.0
2023-02-08 10:30:00-05:00,27.489999771118164,27.639999389648438,27.280000686645508,27.375,14514,0.0,0.0
2023-02-08 11:30:00-05:00,27.375,27.59000015258789,27.302799224853516,27.59000015258789,9829,0.0,0.0
2023-02-08 12:30:00-05:00,27.614999771118164,27.649999618530273,27.489999771118164,27.489999771118164,9133,0.0,0.0
2023-02-08 13:30:00-05:00,27.450000762939453,27.5,27.3700008392334,27.443300247192383,8663,0.0,0.0
2023-02-08 14:30:00-05:00,27.459999084472656,27.56999969482422,27.459999084472656,27.489999771118164,32063,0.0,0.0
2023-02-08 15:30:00-05:00,27.489999771118164,27.6299991607666,27.469999313354492,27.6200008392334,31351,0.0,0.0
2023-02-09 09:30:00-05:00,27.729999542236328,28.049999237060547,27.540000915527344,27.681499481201172,83048,0.0,0.0
2023-02-09 10:30:00-05:00,27.771299362182617,27.849899291992188,27.690000534057617,27.729999542236328,14237,0.0,0.0
2023-02-09 11:30:00-05:00,27.799999237060547,27.799999237060547,27.600000381469727,27.670000076293945,16608,0.0,0.0
2023-02-09 12:30:00-05:00,27.510099411010742,27.56999969482422,27.299999237060547,27.420000076293945,22216,0.0,0.0
2023-02-09 13:30:00-05:00,27.385000228881836,27.59000015258789,27.360000610351562,27.5,26052,0.0,0.0
2023-02-09 14:30:00-05:00,27.530000686645508,27.540000915527344,27.260000228881836,27.35919952392578,32617,0.0,0.0
2023-02-09 15:30:00-05:00,27.331499099731445,27.510000228881836,27.280000686645508,27.5,43567,0.0,0.0
2023-02-10 09:30:00-05:00,27.3799991607666,27.739900588989258,27.302400588989258,27.510000228881836,8430,0.0,0.0
2023-02-10 10:30:00-05:00,27.439599990844727,27.439599990844727,26.857500076293945,26.857500076293945,9737,0.0,0.0
2023-02-10 11:30:00-05:00,26.920000076293945,27.100000381469727,26.8799991607666,27.010000228881836,15373,0.0,0.0
2023-02-10 12:30:00-05:00,26.989999771118164,27.18000030517578,26.979999542236328,27.18000030517578,7319,0.0,0.0
2023-02-10 13:30:00-05:00,27.070100784301758,27.110000610351562,27.000099182128906,27.045700073242188,4695,0.0,0.0
2023-02-10 14:30:00-05:00,27.170000076293945,27.350000381469727,27.040000915527344,27.25,21162,0.0,0.0
2023-02-10 15:30:00-05:00,27.34000015258789,27.540000915527344,27.34000015258789,27.520000457763672,13563,0.0,0.0
2023-02-13 09:30:00-05:00,27.709999084472656,27.709999084472656,27.010000228881836,27.280000686645508,31476,0.0,0.0
2023-02-13 10:30:00-05:00,27.34000015258789,27.59000015258789,27.244400024414062,27.26799964904785,57827,0.0,0.0
2023-02-13 11:30:00-05:00,27.230100631713867,27.520000457763672,27.209999084472656,27.5044002532959,17158,0.0,0.0
2023-02-13 12:30:00-05:00,27.510000228881836,27.71500015258789,27.45009994506836,27.683000564575195,6794,0.0,0.0
2023-02-13 13:30:00-05:00,27.600000381469727,27.799999237060547,27.600000381469727,27.7367000579834,27316,0.0,0.0
2023-02-13 14:30:00-05:00,27.780000686645508,27.780000686645508,27.639999389648438,27.68000030517578,9843,0.0,0.0
2023-02-13 15:30:00-05:00,27.690000534057617,27.790000915527344,27.420000076293945,27.780000686645508,24938,0.0,0.0
2023-02-14 09:30:00-05:00,27.700000762939453,27.892099380493164,27.309999465942383,27.600000381469727,0,0.0,0.0
2023-02-14 10:30:00-05:00,27.520000457763672,27.6200008392334,27.443500518798828,27.6200008392334,9086,0.0,0.0
2023-02-14 11:30:00-05:00,27.549999237060547,27.610000610351562,27.440099716186523,27.610000610351562,16479,0.0,0.0
2023-02-14 12:30:00-05:00,27.600000381469727,28.020000457763672,27.600000381469727,27.739999771118164,13779,0.0,0.0
2023-02-14 13:30:00-05:00,27.795000076293945,27.84000015258789,27.6200008392334,27.709999084472656,12070,0.0,0.0
2023-02-14 14:30:00-05:00,27.733999252319336,27.760000228881836,27.670000076293945,27.709999084472656,16373,0.0,0.0
2023-02-14 15:30:00-05:00,27.760000228881836,27.860000610351562,27.709999084472656,27.829999923706055,15812,0.0,0.0
2023-02-15 09:30:00-05:00,28.1200008392334,28.1200008392334,27.309999465942383,27.434999465942383,19227,0.0,0.0
2023-02-15 10:30:00-05:00,27.540000915527344,27.700000762939453,27.402299880981445,27.700000762939453,6448,0.0,0.0
2023-02-15 11:30:00-05:00,27.700000762939453,27.985000610351562,27.700000762939453,27.790000915527344,11922,0.0,0.0
2023-02-15 12:30:00-05:00,27.719999313354492,28.0,27.709999084472656,27.99920082092285,8744,0.0,0.0
2023-02-15 13:30:00-05:00,28.0,28.079999923706055,27.959999084472656,28.06999969482422,17984,0.0,0.0
2023-02-15 14:30:00-05:00,28.049999237060547,28.049999237060547,27.940000534057617,27.959199905395508,15683,0.0,0.0
2023-02-15 15:30:00-05:00,27.989999771118164,28.1299991607666,27.989900588989258,28.1299991607666,13184,0.0,0.0
2023-02-16 09:30:00-05:00,27.860000610351562,28.065000534057617,27.649999618530273,27.989999771118164,8117,0.0,0.0
2023-02-16 10:30:00-05:00,27.989999771118164,28.16200065612793,27.8799991607666,27.93000030517578,24768,0.0,0.0
2023-02-16 11:30:00-05:00,27.940000534057617,28.170000076293945,27.940000534057617,28.170000076293945,3148,0.0,0.0
2023-02-16 12:30:00-05:00,28.139999389648438,28.219999313354492,28.059999465942383,28.079999923706055,21102,0.0,0.0
2023-02-16 13:30:00-05:00,28.100000381469727,28.200000762939453,28.100000381469727,28.147300720214844,1852,0.0,0.0
2023-02-16 14:30:00-05:00,28.079999923706055,28.26799964904785,28.079999923706055,28.100000381469727,13205,0.0,0.0
2023-02-16 15:30:00-05:00,28.15999984741211,28.34000015258789,28.010000228881836,28.170000076293945,26930,0.0,0.0
2023-02-17 09:30:00-05:00,28.170000076293945,28.170000076293945,27.600000381469727,27.889999389648438,18210,0.0,0.0
2023-02-17 10:30:00-05:00,28.0,28.0,27.530000686645508,27.530000686645508,6820,0.0,0.0
2023-02-17 11:30:00-05:00,27.510000228881836,27.551599502563477,27.309999465942383,27.364700317382812,28475,0.0,0.0
2023-02-17 12:30:00-05:00,27.405500411987305,27.429899215698242,27.28420066833496,27.360000610351562,6074,0.0,0.0
2023-02-17 13:30:00-05:00,27.3799991607666,27.3799991607666,27.250099182128906,27.333499908447266,4836,0.0,0.0
2023-02-17 14:30:00-05:00,27.417999267578125,28.700000762939453,27.40999984741211,28.479999542236328,80596,0.0,0.0
2023-02-17 15:30:00-05:00,28.469999313354492,28.802900314331055,28.459999084472656,28.719999313354492,60596,0.0,0.0
2023-02-21 09:30:00-05:00,27.079999923706055,27.549999237060547,25.860000610351562,26.010000228881836,254184,0.0,0.0
2023-02-21 10:30:00-05:00,26.109899520874023,26.354999542236328,25.989999771118164,26.139999389648438,39315,0.0,0.0
2023-02-21 11:30:00-05:00,26.18000030517578,26.200000762939453,25.81999969482422,25.850099563598633,61493,0.0,0.0
2023-02-21 12:30:00-05:00,25.8700008392334,26.22170066833496,25.690000534057617,25.729999542236328,43616,0.0,0.0
2023-02-21 13:30:00-05:00,25.739999771118164,25.790000915527344,25.600000381469727,25.610000610351562,39598,0.0,0.0
2023-02-21 14:30:00-05:00,25.610000610351562,26.030000686645508,25.559999465942383,25.899999618530273,17875,0.0,0.0
2023-02-21 15:30:00-05:00,25.899999618530273,25.93000030517578,25.600000381469727,25.75,67111,0.0,0.0
2023-02-22 09:30:00-05:00,25.559999465942383,26.260000228881836,25.559999465942383,25.978099822998047,35223,0.0,0.0
2023-02-22 10:30:00-05:00,25.971099853515625,25.971099853515625,25.790000915527344,25.829999923706055,25058,0.0,0.0
2023-02-22 11:30:00-05:00,25.8799991607666,26.059999465942383,25.860000610351562,25.950000762939453,12682,0.0,0.0
2023-02-22 12:30:00-05:00,25.950000762939453,26.1200008392334,25.950000762939453,26.1200008392334,13867,0.0,0.0
2023-02-22 13:30:00-05:00,26.104999542236328,26.1299991607666,25.989999771118164,26.0,18238,0.0,0.0
2023-02-22 14:30:00-05:00,25.90999984741211,25.920000076293945,25.709999084472656,25.850000381469727,28225,0.0,0.0
2023-02-22 15:30:00-05:00,25.809999465942383,25.844999313354492,25.719999313354492,25.730100631713867,42746,0.0,0.0
2023-02-23 09:30:00-05:00,25.899999618530273,26.540000915527344,25.899999618530273,26.126800537109375,44433,0.0,0.0
2023-02-23 10:30:00-05:00,26.030000686645508,26.350000381469727,26.0,26.30500030517578,42728,0.0,0.0
2023-02-23 11:30:00-05:00,26.299999237060547,26.3799991607666,26.190000534057617,26.280000686645508,13015,0.0,0.0
2023-02-23 12:30:00-05:00,26.270000457763672,26.424999237060547,26.166900634765625,26.424999237060547,25106,0.0,0.0
2023-02-23 13:30:00-05:00,26.393699645996094,26.57990074157715,26.354999542236328,26.489999771118164,20047,0.0,0.0
2023-02-23 14:30:00-05:00,26.520000457763672,26.625,26.459999084472656,26.59000015258789,42304,0.0,0.0
2023-02-23 15:30:00-05:00,26.579999923706055,26.600000381469727,26.350000381469727,26.5,30234,0.0,0.0
2023-02-24 09:30:00-05:00,26.309999465942383,26.799999237060547,26.200000762939453,26.635000228881836,68975,0.0,0.0
2023-02-24 10:30:00-05:00,26.68000030517578,27.16990089416504,26.6299991607666,27.030000686645508,47910,0.0,0.0
2023-02-24 11:30:00-05:00,26.94499969482422,27.170000076293945,26.809999465942383,27.100000381469727,25310,0.0,0.0
2023-02-24 12:30:00-05:00,27.1299991607666,27.190000534057617,26.790000915527344,26.920000076293945,6829,0.0,0.0
2023-02-24 13:30:00-05:00,26.975000381469727,27.395000457763672,26.90999984741211,27.34000015258789,45020,0.0,0.0
2023-02-24 14:30:00-05:00,27.325000762939453,27.3799991607666,27.224599838256836,27.239999771118164,24628,0.0,0.0
2023-02-24 15:30:00-05:00,27.20199966430664,27.20199966430664,26.870100021362305,26.969999313354492,34060,0.0,0.0
2023-02-27 09:30:00-05:00,27.049999237060547,27.834999084472656,27.0,27.645000457763672,65517,0.0,0.0
2023-02-27 10:30:00-05:00,27.575000762939453,27.575000762939453,27.190000534057617,27.489999771118164,55107,0.0,0.0
2023-02-27 11:30:00-05:00,27.4950008392334,27.5,27.139999389648438,27.229999542236328,37255,0.0,0.0
2023-02-27 12:30:00-05:00,27.235000610351562,27.239999771118164,26.961999893188477,27.049999237060547,16301,0.0,0.0
2023-02-27 13:30:00-05:00,26.989999771118164,27.110000610351562,26.770000457763672,26.860700607299805,27212,0.0,0.0
2023-02-27 14:30:00-05:00,26.780000686645508,27.0,26.709999084472656,26.959999084472656,32806,0.0,0.0
2023-02-27 15:30:00-05:00,26.94930076599121,27.059999465942383,26.93000030517578,26.93000030517578,21116,0.0,0.0
2023-02-28 09:30:00-05:00,26.889999389648438,27.030000686645508,26.510000228881836,26.729999542236328,33954,0.0,0.0
2023-02-28 10:30:00-05:00,26.69499969482422,27.06570053100586,26.649999618530273,27.014999389648438,16125,0.0,0.0
2023-02-28 11:30:00-05:00,27.040000915527344,27.3799991607666,26.860000610351562,27.34000015258789,19622,0.0,0.0
2023-02-28 12:30:00-05:00,27.309999465942383,27.34000015258789,27.18000030517578,27.219999313354492,13829,0.0,0.0
2023-02-28 13:30:00-05:00,27.225000381469727,27.225000381469727,26.93000030517578,26.989999771118164,25849,0.0,0.0
2023-02-28 14:30:00-05:00,27.020000457763672,27.049999237060547,26.860000610351562,26.950000762939453,9894,0.0,0.0
2023-02-28 15:30:00-05:00,26.8700008392334,26.959999084472656,26.807199478149414,26.920000076293945,21294,0.0,0.0
2023-03-01 09:30:00-05:00,27.0,27.299999237060547,26.989999771118164,27.190000534057617,43109,0.0,0.0
2023-03-01 10:30:00-05:00,27.200000762939453,27.260000228881836,27.020099639892578,27.020099639892578,14153,0.0,0.0
2023-03-01 11:30:00-05:00,27.100000381469727,27.34000015258789,27.100000381469727,27.200000762939453,7418,0.0,0.0
2023-03-01 12:30:00-05:00,27.280000686645508,27.479999542236328,27.209999084472656,27.395599365234375,8507,0.0,0.0
2023-03-01 13:30:00-05:00,27.364700317382812,27.473899841308594,27.329999923706055,27.329999923706055,7541,0.0,0.0
2023-03-01 14:30:00-05:00,27.309999465942383,27.389999389648438,27.209999084472656,27.31999969482422,9197,0.0,0.0
2023-03-01 15:30:00-05:00,27.299999237060547,27.299999237060547,27.190000534057617,27.239999771118164,9019,0.0,0.0
2023-03-02 09:30:00-05:00,27.0,27.06999969482422,26.709999084472656,26.959999084472656,32552,0.0,0.0
2023-03-02 10:30:00-05:00,26.899999618530273,27.049999237060547,26.868000030517578,26.93000030517578,5559,0.0,0.0
2023-03-02 11:30:00-05:00,26.969999313354492,27.020000457763672,26.65999984741211,27.010000228881836,18676,0.0,0.0
2023-03-02 12:30:00-05:00,27.030000686645508,27.110000610351562,26.860000610351562,26.989999771118164,11173,0.0,0.0
2023-03-02 13:30:00-05:00,26.920000076293945,27.100000381469727,26.920000076293945,27.040000915527344,10411,0.0,0.0
2023-03-02 14:30:00-05:00,27.026500701904297,27.026500701904297,26.850000381469727,27.0,24221,0.0,0.0
2023-03-02 15:30:00-05:00,27.010000228881836,27.059999465942383,26.950000762939453,27.030000686645508,27008,0.0,0.0
2023-03-03 09:30:00-05:00,26.989999771118164,27.209999084472656,26.889999389648438,27.209999084472656,38259,0.0,0.0
2023-03-03 10:30:00-05:00,27.219999313354492,27.309999465942383,27.030099868774414,27.084999084472656,8786,0.0,0.0
2023-03-03 11:30:00-05:00,27.049999237060547,27.15999984741211,26.899999618530273,27.15999984741211,5367,0.0,0.0
2023-03-03 12:30:00-05:00,27.17140007019043,27.17140007019043,26.93000030517578,27.010000228881836,11177,0.0,0.0
2023-03-03 13:30:00-05:00,27.049999237060547,27.049999237060547,26.94070053100586,27.0,13552,0.0,0.0
2023-03-03 14:30:00-05:00,26.989999771118164,27.06999969482422,26.959999084472656,27.0049991607666,10585,0.0,0.0
2023-03-03 15:30:00-05:00,27.030000686645508,27.030000686645508,26.979999542236328,27.020000457763672,12902,0.0,0.0
2023-03-06 09:30:00-05:00,27.0,27.010000228881836,26.350000381469727,26.729999542236328,39263,0.0,0.0
2023-03-06 10:30:00-05:00,26.729900360107422,26.790000915527344,26.459999084472656,26.719999313354492,5560,0.0,0.0
2023-03-06 11:30:00-05:00,26.700000762939453,26.8700008392334,26.510000228881836,26.600000381469727,16195,0.0,0.0
2023-03-06 12:30:00-05:00,26.639999389648438,26.639999389648438,26.3799991607666,26.549999237060547,15808,0.0,0.0
2023-03-06 13:30:00-05:00,26.579999923706055,26.68000030517578,26.309999465942383,26.5,17080,0.0,0.0
2023-03-06 14:30:00-05:00,26.450000762939453,26.649999618530273,26.350000381469727,26.440000534057617,27422,0.0,0.0
2023-03-06 15:30:00-05:00,26.40999984741211,26.549999237060547,26.405000686645508,26.489999771118164,18235,0.0,0.0
2023-03-07 09:30:00-05:00,26.350000381469727,26.489999771118164,26.030000686645508,26.229999542236328,20807,0.0,0.0
2023-03-07 10:30:00-05:00,26.229999542236328,26.389999389648438,26.110000610351562,26.229999542236328,23626,0.0,0.0
2023-03-07 11:30:00-05:00,26.200000762939453,26.34000015258789,26.170000076293945,26.170000076293945,16641,0.0,0.0
2023-03-07 12:30:00-05:00,26.1299991607666,26.200199127197266,26.010099411010742,26.010099411010742,5362,0.0,0.0
2023-03-07 13:30:00-05:00,26.065000534057617,26.11989974975586,25.989999771118164,26.049999237060547,7380,0.0,0.0
2023-03-07 14:30:00-05:00,26.05500030517578,26.149999618530273,26.010000228881836,26.149999618530273,3576,0.0,0.0
2023-03-07 15:30:00-05:00,26.149999618530273,26.219999313354492,25.950000762939453,25.950000762939453,11459,0.0,0.0
2023-03-08 09:30:00-05:00,26.06999969482422,26.655000686645508,26.06999969482422,26.239999771118164,47100,0.0,0.0
2023-03-08 10:30:00-05:00,26.389999389648438,26.549999237060547,26.15999984741211,26.31999969482422,29943,0.0,0.0
2023-03-08 11:30:00-05:00,26.329999923706055,26.350000381469727,26.100000381469727,26.100000381469727,10184,0.0,0.0
2023-03-08 12:30:00-05:00,26.100000381469727,26.239999771118164,25.950000762939453,26.219999313354492,16509,0.0,0.0
2023-03-08 13:30:00-05:00,26.209999084472656,26.25,26.059999465942383,26.177499771118164,2539,0.0,0.0
2023-03-08 14:30:00-05:00,26.219999313354492,26.25,26.03849983215332,26.03849983215332,13913,0.0,0.0
2023-03-08 15:30:00-05:00,26.1200008392334,26.280000686645508,26.1200008392334,26.200000762939453,9973,0.0,0.0
2023-03-09 09:30:00-05:00,26.299999237060547,26.299999237060547,25.6299991607666,25.829999923706055,36875,0.0,0.0
2023-03-09 10:30:00-05:00,25.920000076293945,25.920000076293945,25.56999969482422,25.70359992980957,20565,0.0,0.0
2023-03-09 11:30:00-05:00,25.649999618530273,25.709999084472656,25.549999237060547,25.600000381469727,14990,0.0,0.0
2023-03-09 12:30:00-05:00,25.600000381469727,25.61989974975586,25.40999984741211,25.579999923706055,23156,0.0,0.0
2023-03-09 13:30:00-05:00,25.459999084472656,25.540000915527344,25.31999969482422,25.450000762939453,33380,0.0,0.0
2023-03-09 14:30:00-05:00,25.399999618530273,25.510000228881836,25.25,25.34000015258789,24740,0.0,0.0
2023-03-09 15:30:00-05:00,25.345199584960938,25.399999618530273,25.1299991607666,25.1299991607666,28189,0.0,0.0
2023-03-10 09:30:00-05:00,25.030000686645508,25.200000762939453,24.790000915527344,25.059999465942383,50277,0.0,0.0
2023-03-10 10:30:00-05:00,25.040000915527344,25.190000534057617,24.850000381469727,25.100000381469727,17092,0.0,0.0
2023-03-10 11:30:00-05:00,25.154800415039062,25.31999969482422,24.950000762939453,25.010000228881836,19544,0.0,0.0
2023-03-10 12:30:00-05:00,25.100000381469727,25.184999465942383,24.690000534057617,24.690000534057617,28612,0.0,0.0
2023-03-10 13:30:00-05:00,24.665000915527344,24.665000915527344,24.260700225830078,24.600000381469727,27870,0.0,0.0
2023-03-10 14:30:00-05:00,24.610000610351562,24.983699798583984,24.610000610351562,24.732500076293945,38029,0.0,0.0
2023-03-10 15:30:00-05:00,24.639999389648438,24.739999771118164,24.521799087524414,24.670000076293945,17559,0.0,0.0
2023-03-13 09:30:00-04:00,24.56999969482422,24.719999313354492,24.059999465942383,24.570100784301758,24278,0.0,0.0
2023-03-13 10:30:00-04:00,24.40999984741211,24.999900817871094,24.34000015258789,24.989999771118164,30332,0.0,0.0
2023-03-13 11:30:00-04:00,24.950000762939453,24.950000762939453,24.56999969482422,24.56999969482422,33138,0.0,0.0
2023-03-13 12:30:00-04:00,24.559999465942383,24.700000762939453,24.3799991607666,24.3799991607666,15959,0.0,0.0
2023-03-13 13:30:00-04:00,24.389999389648438,24.399999618530273,24.200000762939453,24.200000762939453,14096,0.0,0.0
2023-03-13 14:30:00-04:00,24.260000228881836,24.299999237060547,23.8700008392334,23.90999984741211,15286,0.0,0.0
2023-03-13 15:30:00-04:00,23.954999923706055,24.1299991607666,23.920000076293945,24.03499984741211,29217,0.0,0.0
2023-03-14 09:30:00-04:00,24.549999237060547,24.770000457763672,24.44499969482422,24.725000381469727,77766,0.0,0.0
2023-03-14 10:30:00-04:00,24.770000457763672,25.010000228881836,24.770000457763672,24.969999313354492,20821,0.0,0.0
2023-03-14 11:30:00-04:00,24.989999771118164,25.040000915527344,24.890100479125977,25.0,8832,0.0,0.0
2023-03-14 12:30:00-04:00,24.950000762939453,24.950000762939453,24.600000381469727,24.798500061035156,10070,0.0,0.0
2023-03-14 13:30:00-04:00,24.600000381469727,24.639999389648438,24.389999389648438,24.5049991607666,38867,0.0,0.0
2023-03-14 14:30:00-04:00,24.5,24.53499984741211,24.18000030517578,24.18000030517578,7350,0.0,0.0
2023-03-14 15:30:00-04:00,24.219999313354492,24.450000762939453,24.209999084472656,24.34000015258789,12727,0.0,0.0
2023-03-15 09:30:00-04:00,23.559999465942383,23.90999984741211,23.25,23.68000030517578,30992,0.0,0.0
2023-03-15 10:30:00-04:00,23.77989959716797,23.77989959716797,23.440000534057617,23.68000030517578,10053,0.0,0.0
2023-03-15 11:30:00-04:00,23.639999389648438,23.670000076293945,23.300100326538086,23.300100326538086,17602,0.0,0.0
2023-03-15 12:30:00-04:00,23.437400817871094,23.459999084472656,23.0,23.110000610351562,28904,0.0,0.0
2023-03-15 13:30:00-04:00,23.209999084472656,23.43000030517578,23.0,23.424999237060547,31683,0.0,0.0
2023-03-15 14:30:00-04:00,23.540000915527344,23.540000915527344,23.351499557495117,23.489999771118164,4737,0.0,0.0
2023-03-15 15:30:00-04:00,23.47610092163086,23.610000610351562,23.3700008392334,23.610000610351562,20350,0.0,0.0
2023-03-16 09:30:00-04:00,23.25,23.729999542236328,22.959999084472656,22.959999084472656,18478,0.0,0.0
2023-03-16 10:30:00-04:00,23.079999923706055,23.760000228881836,23.030000686645508,23.586700439453125,46760,0.0,0.0
2023-03-16 11:30:00-04:00,23.59000015258789,23.59000015258789,23.239999771118164,23.459999084472656,11780,0.0,0.0
2023-03-16 12:30:00-04:00,23.469999313354492,23.670000076293945,23.239999771118164,23.59000015258789,22396,0.0,0.0
2023-03-16 13:30:00-04:00,23.459999084472656,23.559999465942383,23.459999084472656,23.4950008392334,4254,0.0,0.0
2023-03-16 14:30:00-04:00,23.44499969482422,23.709999084472656,23.44499969482422,23.540000915527344,10220,0.0,0.0
2023-03-16 15:30:00-04:00,23.530000686645508,23.70989990234375,23.459999084472656,23.5,16489,0.0,0.0
2023-03-17 09:30:00-04:00,23.520000457763672,23.520000457763672,22.90999984741211,22.90999984741211,31807,0.0,0.0
2023-03-17 10:30:00-04:00,22.903600692749023,23.0408992767334,22.511199951171875,22.520000457763672,22415,0.0,0.0
2023-03-17 11:30:00-04:00,22.600000381469727,22.790000915527344,22.309999465942383,22.549999237060547,43661,0.0,0.0
2023-03-17 12:30:00-04:00,22.56999969482422,22.579999923706055,22.280000686645508,22.469999313354492,13266,0.0,0.0
2023-03-17 13:30:00-04:00,22.415000915527344,23.059999465942383,22.360000610351562,22.790000915527344,61519,0.0,0.0
2023-03-17 14:30:00-04:00,22.799999237060547,22.920000076293945,22.68000030517578,22.809999465942383,28527,0.0,0.0
2023-03-17 15:30:00-04:00,22.889999389648438,23.040000915527344,22.814800262451172,23.030000686645508,39299,0.0,0.0
2023-03-20 09:30:00-04:00,23.100000381469727,23.38050079345703,23.059999465942383,23.329999923706055,34042,0.0,0.0
2023-03-20 10:30:00-04:00,23.329999923706055,23.520000457763672,23.299999237060547,23.520000457763672,19226,0.0,0.0
2023-03-20 11:30:00-04:00,23.459999084472656,23.5,23.170000076293945,23.235000610351562,17209,0.0,0.0
2023-03-20 12:30:00-04:00,23.229999542236328,23.290000915527344,23.149999618530273,23.190099716186523,6059,0.0,0.0
2023-03-20 13:30:00-04:00,23.299999237060547,23.35700035095215,23.100000381469727,23.1299991607666,13274,0.0,0.0
2023-03-20 14:30:00-04:00,23.1299991607666,23.18000030517578,23.100000381469727,23.100000381469727,8524,0.0,0.0
2023-03-20 15:30:00-04:00,23.1299991607666,23.209999084472656,23.09000015258789,23.1200008392334,13415,0.0,0.0
2023-03-21 09:30:00-04:00,23.610000610351562,24.1299991607666,23.600000381469727,23.797800064086914,24237,0.0,0.0
2023-03-21 10:30:00-04:00,23.920000076293945,24.100000381469727,23.84000015258789,23.959999084472656,13782,0.0,0.0
2023-03-21 11:30:00-04:00,23.959999084472656,24.037500381469727,23.885000228881836,24.030000686645508,4569,0.0,0.0
2023-03-21 12:30:00-04:00,23.93000030517578,24.06999969482422,23.889999389648438,24.0049991607666,5620,0.0,0.0
2023-03-21 13:30:00-04:00,24.079999923706055,24.174999237060547,24.061500549316406,24.135000228881836,12652,0.0,0.0
2023-03-21 14:30:00-04:00,24.1299991607666,24.190000534057617,24.08009910583496,24.149999618530273,11434,0.0,0.0
2023-03-21 15:30:00-04:00,24.100000381469727,24.229999542236328,24.0762996673584,24.139999389648438,28048,0.0,0.0
2023-03-22 09:30:00-04:00,24.229999542236328,24.229999542236328,23.690000534057617,23.979999542236328,4729,0.0,0.0
2023-03-22 10:30:00-04:00,24.079999923706055,24.219999313354492,24.049999237060547,24.06999969482422,14073,0.0,0.0
2023-03-22 11:30:00-04:00,24.094999313354492,24.094999313354492,23.959999084472656,23.969999313354492,2833,0.0,0.0
2023-03-22 12:30:00-04:00,23.989999771118164,24.020000457763672,23.900100708007812,24.0,3506,0.0,0.0
2023-03-22 13:30:00-04:00,23.969999313354492,24.190000534057617,23.969999313354492,24.09000015258789,4266,0.0,0.0
2023-03-22 14:30:00-04:00,24.049999237060547,24.149999618530273,23.924999237060547,23.989999771118164,9115,0.0,0.0
2023-03-22 15:30:00-04:00,23.920000076293945,23.969999313354492,23.829999923706055,23.959999084472656,25089,0.0,0.0
2023-03-23 09:30:00-04:00,24.100000381469727,24.43000030517578,24.100000381469727,24.229999542236328,5929,0.0,0.0
2023-03-23 10:30:00-04:00,24.34000015258789,24.441499710083008,24.139999389648438,24.170000076293945,6867,0.0,0.0
2023-03-23 11:30:00-04:00,24.219999313354492,24.219999313354492,23.979999542236328,23.989999771118164,14431,0.0,0.0
2023-03-23 12:30:00-04:00,23.8700008392334,23.959999084472656,23.780000686645508,23.780000686645508,7126,0.0,0.0
2023-03-23 13:30:00-04:00,23.8262996673584,23.940000534057617,23.739999771118164,23.790000915527344,12723,0.0,0.0
2023-03-23 14:30:00-04:00,23.700000762939453,23.860000610351562,23.454999923706055,23.53499984741211,18573,0.0,0.0
2023-03-23 15:30:00-04:00,23.507999420166016,23.850000381469727,23.5,23.81999969482422,23779,0.0,0.0
2023-03-24 09:30:00-04:00,23.469999313354492,23.670000076293945,23.3700008392334,23.670000076293945,12131,0.0,0.0
2023-03-24 10:30:00-04:00,23.670000076293945,23.690000534057617,23.34000015258789,23.56999969482422,10482,0.0,0.0
2023-03-24 11:30:00-04:00,23.600000381469727,23.780000686645508,23.594999313354492,23.594999313354492,6066,0.0,0.0
2023-03-24 12:30:00-04:00,23.51799964904785,23.709999084472656,23.409000396728516,23.6200008392334,8611,0.0,0.0
2023-03-24 13:30:00-04:00,23.546899795532227,23.68000030517578,23.5,23.610000610351562,6426,0.0,0.0
2023-03-24 14:30:00-04:00,23.600000381469727,23.850000381469727,23.559999465942383,23.81999969482422,6386,0.0,0.0
2023-03-24 15:30:00-04:00,23.850000381469727,23.920000076293945,23.719999313354492,23.860000610351562,19327,0.0,0.0
2023-03-27 09:30:00-04:00,23.729999542236328,23.790000915527344,23.600000381469727,23.670000076293945,0,0.0,0.0
2023-03-27 10:30:00-04:00,23.639999389648438,23.639999389648438,23.350000381469727,23.40999984741211,6764,0.0,0.0
2023-03-27 11:30:00-04:00,23.364999771118164,23.68000030517578,23.31999969482422,23.649999618530273,6776,0.0,0.0
2023-03-27 12:30:00-04:00,23.690000534057617,23.8799991607666,23.674999237060547,23.8799991607666,7503,0.0,0.0
2023-03-27 13:30:00-04:00,23.809999465942383,23.809999465942383,23.700000762939453,23.75,8778,0.0,0.0
2023-03-27 14:30:00-04:00,23.725000381469727,23.780000686645508,23.725000381469727,23.739999771118164,3172,0.0,0.0
2023-03-27 15:30:00-04:00,23.739999771118164,23.81999969482422,23.700000762939453,23.799999237060547,10755,0.0,0.0
2023-03-28 09:30:00-04:00,23.6299991607666,23.940000534057617,23.6299991607666,23.93000030517578,3000,0.0,0.0
2023-03-28 10:30:00-04:00,23.809999465942383,23.809999465942383,23.680099487304688,23.780000686645508,5255,0.0,0.0
2023-03-28 11:30:00-04:00,23.733400344848633,23.850000381469727,23.649999618530273,23.709999084472656,4456,0.0,0.0
2023-03-28 12:30:00-04:00,23.65999984741211,23.829999923706055,23.549999237060547,23.579999923706055,21934,0.0,0.0
2023-03-28 13:30:00-04:00,23.540000915527344,23.59440040588379,23.479999542236328,23.479999542236328,4391,0.0,0.0
2023-03-28 14:30:00-04:00,23.5,23.65999984741211,23.479999542236328,23.65999984741211,9638,0.0,0.0
2023-03-28 15:30:00-04:00,23.550500869750977,23.950000762939453,23.550500869750977,23.719999313354492,32278,0.0,0.0
2023-03-29 09:30:00-04:00,23.899999618530273,24.19849967956543,23.899999618530273,24.110000610351562,7211,0.0,0.0
2023-03-29 10:30:00-04:00,24.035600662231445,24.06999969482422,23.899999618530273,23.905000686645508,6598,0.0,0.0
2023-03-29 11:30:00-04:00,23.850000381469727,23.8700008392334,23.795000076293945,23.834999084472656,9141,0.0,0.0
2023-03-29 12:30:00-04:00,23.799999237060547,23.829999923706055,23.600099563598633,23.709999084472656,6549,0.0,0.0
2023-03-29 13:30:00-04:00,23.649999618530273,23.75,23.645000457763672,23.690000534057617,3272,0.0,0.0
2023-03-29 14:30:00-04:00,23.700000762939453,23.809999465942383,23.700000762939453,23.809999465942383,3727,0.0,0.0
2023-03-29 15:30:00-04:00,23.7450008392334,23.90999984741211,23.700000762939453,23.899999618530273,10328,0.0,0.0
2023-03-30 09:30:00-04:00,23.770000457763672,24.184200286865234,23.670000076293945,23.959999084472656,34494,0.0,0.0
2023-03-30 10:30:00-04:00,23.950000762939453,23.950000762939453,23.579999923706055,23.729999542236328,5589,0.0,0.0
2023-03-30 11:30:00-04:00,23.686100006103516,23.84000015258789,23.610000610351562,23.799999237060547,12650,0.0,0.0
2023-03-30 12:30:00-04:00,23.81999969482422,23.81999969482422,23.75,23.809999465942383,2973,0.0,0.0
2023-03-30 13:30:00-04:00,23.690000534057617,23.719999313354492,23.610000610351562,23.690000534057617,3551,0.0,0.0
2023-03-30 14:30:00-04:00,23.65999984741211,23.670000076293945,23.577199935913086,23.6200008392334,2829,0.0,0.0
2023-03-30 15:30:00-04:00,23.610000610351562,23.739999771118164,23.610000610351562,23.6200008392334,6997,0.0,0.0
2023-03-31 09:30:00-04:00,23.780000686645508,23.899999618530273,23.659799575805664,23.792200088500977,0,0.0,0.0
2023-03-31 10:30:00-04:00,23.709999084472656,23.81999969482422,23.68000030517578,23.809999465942383,2622,0.0,0.0
2023-03-31 11:30:00-04:00,23.829999923706055,23.988000869750977,23.829999923706055,23.959999084472656,12878,0.0,0.0
2023-03-31 12:30:00-04:00,23.8799991607666,24.06999969482422,23.799999237060547,24.049999237060547,14001,0.0,0.0
2023-03-31 13:30:00-04:00,24.049999237060547,24.110000610351562,23.854999542236328,23.920000076293945,6929,0.0,0.0
2023-03-31 14:30:00-04:00,23.940000534057617,23.94930076599121,23.790000915527344,23.94930076599121,2876,0.0,0.0
2023-03-31 15:30:00-04:00,23.920000076293945,24.139999389648438,23.889999389648438,24.090999603271484,7965,0.0,0.0
2023-04-03 09:30:00-04:00,24.260000228881836,24.260000228881836,23.520000457763672,23.690000534057617,17740,0.0,0.0
2023-04-03 10:30:00-04:00,23.760000228881836,23.760000228881836,23.421100616455078,23.469999313354492,7775,0.0,0.0
2023-04-03 11:30:00-04:00,23.420000076293945,23.6299991607666,23.40999984741211,23.40999984741211,5919,0.0,0.0
2023-04-03 12:30:00-04:00,23.530000686645508,23.530000686645508,23.319000244140625,23.420000076293945,7260,0.0,0.0
2023-04-03 13:30:00-04:00,23.350000381469727,23.399999618530273,23.149999618530273,23.270000457763672,9143,0.0,0.0
2023-04-03 14:30:00-04:00,23.190000534057617,23.40999984741211,23.16010093688965,23.260000228881836,17090,0.0,0.0
2023-04-03 15:30:00-04:00,23.309999465942383,23.40999984741211,23.209999084472656,23.40999984741211,16778,0.0,0.0
2023-04-04 09:30:00-04:00,23.40999984741211,23.700000762939453,23.3799991607666,23.530000686645508,18021,0.0,0.0
2023-04-04 10:30:00-04:00,23.450000762939453,23.479999542236328,23.200000762939453,23.299999237060547,36909,0.0,0.0
2023-04-04 11:30:00-04:00,23.280000686645508,23.280000686645508,23.110000610351562,23.1781005859375,8873,0.0,0.0
2023-04-04 12:30:00-04:00,23.17449951171875,23.32270050048828,23.17449951171875,23.31999969482422,4243,0.0,0.0
2023-04-04 13:30:00-04:00,23.299999237060547,23.309999465942383,23.229999542236328,23.229999542236328,4780,0.0,0.0
2023-04-04 14:30:00-04:00,23.149999618530273,23.190000534057617,23.106399536132812,23.15999984741211,3080,0.0,0.0
2023-04-04 15:30:00-04:00,23.0531005859375,23.280000686645508,23.04010009765625,23.219999313354492,12219,0.0,0.0
2023-04-05 09:30:00-04:00,22.969999313354492,23.219999313354492,22.799999237060547,22.979999542236328,11281,0.0,0.0
2023-04-05 10:30:00-04:00,23.040000915527344,23.1200008392334,22.81999969482422,23.059999465942383,11911,0.0,0.0
2023-04-05 11:30:00-04:00,23.024999618530273,23.2450008392334,23.02199935913086,23.18790054321289,6443,0.0,0.0
2023-04-05 12:30:00-04:00,23.01689910888672,23.200000762939453,23.01689910888672,23.200000762939453,2601,0.0,0.0
2023-04-05 13:30:00-04:00,23.15999984741211,23.190000534057617,23.100000381469727,23.1299991607666,3703,0.0,0.0
2023-04-05 14:30:00-04:00,23.200000762939453,23.31999969482422,23.139999389648438,23.219999313354492,12031,0.0,0.0
2023-04-05 15:30:00-04:00,23.218599319458008,23.32990074157715,23.079999923706055,23.170000076293945,11224,0.0,0.0
2023-04-06 09:30:00-04:00,23.260000228881836,23.260000228881836,22.6200008392334,22.6299991607666,31267,0.0,0.0
2023-04-06 10:30:00-04:00,22.600000381469727,22.809999465942383,22.600000381469727,22.799999237060547,19721,0.0,0.0
2023-04-06 11:30:00-04:00,22.809999465942383,22.969999313354492,22.750099182128906,22.950000762939453,15152,0.0,0.0
2023-04-06 12:30:00-04:00,22.979999542236328,22.979999542236328,22.799999237060547,22.84000015258789,2427,0.0,0.0
2023-04-06 13:30:00-04:00,22.809200286865234,22.8799991607666,22.780000686645508,22.850000381469727,5593,0.0,0.0
2023-04-06 14:30:00-04:00,22.81999969482422,22.81999969482422,22.741199493408203,22.741199493408203,2635,0.0,0.0
2023-04-06 15:30:00-04:00,22.799999237060547,22.889999389648438,22.767499923706055,22.780000686645508,9892,0.0,0.0
2023-04-10 09:30:00-04:00,22.860000610351562,23.520000457763672,22.860000610351562,23.489999771118164,12562,0.0,0.0
2023-04-10 10:30:00-04:00,23.459999084472656,23.639999389648438,23.389999389648438,23.389999389648438,13335,0.0,0.0
2023-04-10 11:30:00-04:00,23.3799991607666,23.5,23.049999237060547,23.200000762939453,38720,0.0,0.0
2023-04-10 12:30:00-04:00,23.139999389648438,23.209999084472656,23.100000381469727,23.100000381469727,3292,0.0,0.0
2023-04-10 13:30:00-04:00,23.139999389648438,23.219999313354492,23.139999389648438,23.15999984741211,3376,0.0,0.0
2023-04-10 14:30:00-04:00,23.1299991607666,23.270000457763672,23.1299991607666,23.25,8910,0.0,0.0
2023-04-10 15:30:00-04:00,23.270000457763672,23.459999084472656,23.270000457763672,23.270000457763672,36012,0.0,0.0
2023-04-11 09:30:00-04:00,23.450000762939453,23.700000762939453,23.450000762939453,23.59000015258789,3276,0.0,0.0
2023-04-11 10:30:00-04:00,23.709999084472656,23.969999313354492,23.597700119018555,23.969999313354492,17705,0.0,0.0
2023-04-11 11:30:00-04:00,23.964000701904297,24.059999465942383,23.915000915527344,23.979999542236328,11313,0.0,0.0
2023-04-11 12:30:00-04:00,23.979999542236328,24.030000686645508,23.979999542236328,24.0,2899,0.0,0.0
2023-04-11 13:30:00-04:00,23.989999771118164,24.030000686645508,23.81999969482422,23.81999969482422,3773,0.0,0.0
2023-04-11 14:30:00-04:00,23.81999969482422,23.84000015258789,23.780000686645508,23.84000015258789,1747,0.0,0.0
2023-04-11 15:30:00-04:00,23.799999237060547,23.84000015258789,23.701000213623047,23.829999923706055,10970,0.0,0.0
2023-04-12 09:30:00-04:00,23.799999237060547,24.0,23.690000534057617,23.934999465942383,10482,0.0,0.0
2023-04-12 10:30:00-04:00,23.8700008392334,24.10890007019043,23.860000610351562,23.895000457763672,18105,0.0,0.0
2023-04-12 11:30:00-04:00,23.889999389648438,23.979999542236328,23.889999389648438,23.979999542236328,2991,0.0,0.0
2023-04-12 12:30:00-04:00,23.959999084472656,24.030000686645508,23.950000762939453,23.9950008392334,5075,0.0,0.0
2023-04-12 13:30:00-04:00,23.9950008392334,24.030000686645508,23.9950008392334,24.0,3020,0.0,0.0
2023-04-12 14:30:00-04:00,23.8799991607666,23.950000762939453,23.860000610351562,23.915000915527344,2758,0.0,0.0
2023-04-12 15:30:00-04:00,23.8799991607666,23.8799991607666,23.729999542236328,23.729999542236328,7975,0.0,0.0
2023-04-13 09:30:00-04:00,23.75,24.030000686645508,23.75,23.924999237060547,15970,0.0,0.0
2023-04-13 10:30:00-04:00,23.8700008392334,24.010000228881836,23.860000610351562,24.0,3593,0.0,0.0
2023-04-13 11:30:00-04:00,23.940000534057617,23.950000762939453,23.84000015258789,23.860000610351562,6576,0.0,0.0
2023-04-13 12:30:00-04:00,23.8799991607666,23.950000762939453,23.8799991607666,23.90999984741211,4149,0.0,0.0
2023-04-13 13:30:00-04:00,23.886199951171875,23.940000534057617,23.886199951171875,23.940000534057617,5532,0.0,0.0
2023-04-13 14:30:00-04:00,23.97279930114746,23.989999771118164,23.899999618530273,23.93000030517578,11708,0.0,0.0
2023-04-13 15:30:00-04:00,23.8799991607666,24.0,23.860000610351562,23.90999984741211,7857,0.0,0.0
2023-04-14 09:30:00-04:00,24.059999465942383,24.18000030517578,23.8356990814209,24.0,9283,0.0,0.0
2023-04-14 10:30:00-04:00,23.989999771118164,23.989999771118164,23.802400588989258,23.979999542236328,3979,0.0,0.0
2023-04-14 11:30:00-04:00,23.84000015258789,23.969999313354492,23.68000030517578,23.709999084472656,4939,0.0,0.0
2023-04-14 12:30:00-04:00,23.6299991607666,23.739999771118164,23.520000457763672,23.54010009765625,4129,0.0,0.0
2023-04-14 13:30:00-04:00,23.65999984741211,23.850000381469727,23.65999984741211,23.844999313354492,5538,0.0,0.0
2023-04-14 14:30:00-04:00,23.860000610351562,23.860000610351562,23.68000030517578,23.704999923706055,2073,0.0,0.0
2023-04-14 15:30:00-04:00,23.71500015258789,23.79990005493164,23.614999771118164,23.709999084472656,7409,0.0,0.0
2023-04-17 09:30:00-04:00,23.799999237060547,24.190000534057617,23.75,24.190000534057617,14122,0.0,0.0
2023-04-17 10:30:00-04:00,24.100000381469727,24.219999313354492,24.045299530029297,24.219999313354492,4704,0.0,0.0
2023-04-17 11:30:00-04:00,24.209999084472656,24.290000915527344,24.13610076904297,24.174999237060547,2579,0.0,0.0
2023-04-17 12:30:00-04:00,24.229999542236328,24.25,24.149999618530273,24.209999084472656,2818,0.0,0.0
2023-04-17 13:30:00-04:00,24.25,24.3799991607666,24.219999313354492,24.350000381469727,14338,0.0,0.0
2023-04-17 14:30:00-04:00,24.309999465942383,24.450000762939453,24.286800384521484,24.3799991607666,6444,0.0,0.0
2023-04-17 15:30:00-04:00,24.389999389648438,24.479000091552734,24.280000686645508,24.420000076293945,15179,0.0,0.0
2023-04-18 09:30:00-04:00,24.450000762939453,24.540000915527344,24.395000457763672,24.540000915527344,5511,0.0,0.0
2023-04-18 10:30:00-04:00,24.5,24.59000015258789,24.3612003326416,24.420000076293945,3483,0.0,0.0
2023-04-18 11:30:00-04:00,24.488100051879883,24.510000228881836,24.450000762939453,24.510000228881836,1587,0.0,0.0
2023-04-18 12:30:00-04:00,24.479999542236328,24.540000915527344,24.469999313354492,24.475000381469727,2331,0.0,0.0
2023-04-18 13:30:00-04:00,24.43199920654297,24.510000228881836,24.232200622558594,24.459999084472656,11209,0.0,0.0
2023-04-18 14:30:00-04:00,24.43000030517578,24.469999313354492,24.3799991607666,24.469999313354492,1286,0.0,0.0
2023-04-18 15:30:00-04:00,24.520000457763672,24.520000457763672,24.399999618530273,24.46500015258789,5765,0.0,0.0
2023-04-19 09:30:00-04:00,24.440000534057617,24.540000915527344,23.899999618530273,24.1200008392334,6712,0.0,0.0
2023-04-19 10:30:00-04:00,24.01180076599121,24.16990089416504,24.0049991607666,24.094999313354492,4635,0.0,0.0
2023-04-19 11:30:00-04:00,24.020000457763672,24.020000457763672,23.899999618530273,23.899999618530273,1702,0.0,0.0
2023-04-19 12:30:00-04:00,23.989999771118164,24.01020050048828,23.989999771118164,24.01020050048828,2891,0.0,0.0
2023-04-19 13:30:00-04:00,24.059999465942383,24.25,24.059999465942383,24.06999969482422,5439,0.0,0.0
2023-04-19 14:30:00-04:00,24.079999923706055,24.1299991607666,23.90999984741211,24.079999923706055,15631,0.0,0.0
2023-04-19 15:30:00-04:00,24.010000228881836,24.13990020751953,23.93000030517578,24.030000686645508,6621,0.0,0.0
2023-04-20 09:30:00-04:00,23.920000076293945,24.149999618530273,23.8799991607666,24.040000915527344,4756,0.0,0.0
2023-04-20 10:30:00-04:00,24.100000381469727,24.100000381469727,23.8700008392334,23.8700008392334,8646,0.0,0.0
2023-04-20 11:30:00-04:00,23.780000686645508,23.780000686645508,23.620100021362305,23.620100021362305,4413,0.0,0.0
2023-04-20 12:30:00-04:00,23.719999313354492,23.84000015258789,23.719999313354492,23.84000015258789,1042,0.0,0.0
2023-04-20 13:30:00-04:00,23.92639923095703,23.950000762939453,23.672500610351562,23.672500610351562,1058,0.0,0.0
2023-04-20 14:30:00-04:00,23.690000534057617,23.770000457763672,23.56999969482422,23.579999923706055,5657,0.0,0.0
2023-04-20 15:30:00-04:00,23.56999969482422,23.639999389648438,23.385000228881836,23.639999389648438,12121,0.0,0.0
2023-04-21 09:30:00-04:00,23.43000030517578,23.43000030517578,23.149999618530273,23.420000076293945,10089,0.0,0.0
2023-04-21 10:30:00-04:00,23.450000762939453,23.5,23.329999923706055,23.329999923706055,6130,0.0,0.0
2023-04-21 11:30:00-04:00,23.309999465942383,23.350000381469727,23.20199966430664,23.350000381469727,737,0.0,0.0
2023-04-21 12:30:00-04:00,23.295000076293945,23.295000076293945,23.09000015258789,23.18000030517578,20279,0.0,0.0
2023-04-21 13:30:00-04:00,23.174999237060547,23.174999237060547,23.174999237060547,23.174999237060547,631,0.0,0.0
2023-04-21 14:30:00-04:00,23.149999618530273,23.149999618530273,23.059999465942383,23.06999969482422,2325,0.0,0.0
2023-04-21 15:30:00-04:00,23.06999969482422,23.229900360107422,23.049999237060547,23.170000076293945,12780,0.0,0.0
2023-04-24 09:30:00-04:00,23.0,23.368000030517578,22.990100860595703,23.261999130249023,9649,0.0,0.0
2023-04-24 10:30:00-04:00,23.260000228881836,23.520000457763672,23.200000762939453,23.25,10908,0.0,0.0
2023-04-24 11:30:00-04:00,23.309999465942383,23.570999145507812,23.290000915527344,23.510000228881836,10271,0.0,0.0
2023-04-24 12:30:00-04:00,23.549999237060547,23.719999313354492,23.520000457763672,23.684999465942383,15968,0.0,0.0
2023-04-24 13:30:00-04:00,23.719999313354492,23.75,23.655000686645508,23.655000686645508,3092,0.0,0.0
2023-04-24 14:30:00-04:00,23.649999618530273,23.679899215698242,23.6200008392334,23.6200008392334,619,0.0,0.0
2023-04-24 15:30:00-04:00,23.604999542236328,23.719999313354492,23.600000381469727,23.68000030517578,12893,0.0,0.0
2023-04-25 09:30:00-04:00,23.5,23.5,23.139999389648438,23.15999984741211,18931,0.0,0.0
2023-04-25 10:30:00-04:00,23.225000381469727,23.225000381469727,23.040000915527344,23.100000381469727,8560,0.0,0.0
2023-04-25 11:30:00-04:00,23.079999923706055,23.1200008392334,22.899999618530273,22.899999618530273,15930,0.0,0.0
2023-04-25 12:30:00-04:00,22.899999618530273,22.899999618530273,22.329999923706055,22.399999618530273,35827,0.0,0.0
2023-04-25 13:30:00-04:00,22.450000762939453,22.719999313354492,22.399999618530273,22.719999313354492,20263,0.0,0.0
2023-04-25 14:30:00-04:00,22.560100555419922,22.959999084472656,22.560100555419922,22.854999542236328,11015,0.0,0.0
2023-04-25 15:30:00-04:00,22.929899215698242,22.93000030517578,22.729999542236328,22.729999542236328,6706,0.0,0.0
2023-04-26 09:30:00-04:00,22.8700008392334,22.899999618530273,22.3799991607666,22.450000762939453,17069,0.0,0.0
2023-04-26 10:30:00-04:00,22.489999771118164,22.655000686645508,22.452499389648438,22.610000610351562,14084,0.0,0.0
2023-04-26 11:30:00-04:00,22.65999984741211,22.920000076293945,22.6200008392334,22.850000381469727,11592,0.0,0.0
2023-04-26 12:30:00-04:00,22.78499984741211,23.079999923706055,22.78499984741211,22.949899673461914,16659,0.0,0.0
2023-04-26 13:30:00-04:00,22.93000030517578,22.93000030517578,22.690000534057617,22.690000534057617,4014,0.0,0.0
2023-04-26 14:30:00-04:00,22.700000762939453,22.700000762939453,22.549999237060547,22.655000686645508,2500,0.0,0.0
2023-04-26 15:30:00-04:00,22.56999969482422,22.88990020751953,22.56999969482422,22.68000030517578,11479,0.0,0.0
2023-04-27 09:30:00-04:00,22.760000228881836,23.325000762939453,22.700000762939453,23.280000686645508,13297,0.0,0.0
2023-04-27 10:30:00-04:00,23.1200008392334,23.200000762939453,23.06999969482422,23.190000534057617,4800,0.0,0.0
2023-04-27 11:30:00-04:00,23.234699249267578,23.299999237060547,23.111499786376953,23.158000946044922,17195,0.0,0.0
2023-04-27 12:30:00-04:00,23.155000686645508,23.15999984741211,23.1200008392334,23.1200008392334,1522,0.0,0.0
2023-04-27 13:30:00-04:00,23.11009979248047,23.184999465942383,23.11009979248047,23.184999465942383,1023,0.0,0.0
2023-04-27 14:30:00-04:00,23.200000762939453,23.239999771118164,23.1200008392334,23.1200008392334,4287,0.0,0.0
2023-04-27 15:30:00-04:00,23.176000595092773,23.329999923706055,23.139999389648438,23.229999542236328,5143,0.0,0.0
2023-04-28 09:30:00-04:00,23.06999969482422,23.40999984741211,23.011199951171875,23.40999984741211,0,0.0,0.0
2023-04-28 10:30:00-04:00,23.31999969482422,23.700000762939453,23.31999969482422,23.618000030517578,19762,0.0,0.0
2023-04-28 11:30:00-04:00,23.729999542236328,23.920000076293945,23.655000686645508,23.700000762939453,2478,0.0,0.0
2023-04-28 12:30:00-04:00,23.549999237060547,23.81999969482422,23.549999237060547,23.81999969482422,1039,0.0,0.0
2023-04-28 13:30:00-04:00,23.641000747680664,23.88990020751953,23.641000747680664,23.729999542236328,2375,0.0,0.0
2023-04-28 14:30:00-04:00,23.6299991607666,23.7549991607666,23.600000381469727,23.700000762939453,43334,0.0,0.0
2023-04-28 15:30:00-04:00,23.690000534057617,23.759899139404297,23.520000457763672,23.670000076293945,7371,0.0,0.0
2023-05-01 09:30:00-04:00,23.5,23.659900665283203,23.25,23.31999969482422,3535,0.0,0.0
2023-05-01 10:30:00-04:00,23.190000534057617,23.270000457763672,22.989999771118164,22.989999771118164,6700,0.0,0.0
2023-05-01 11:30:00-04:00,22.93000030517578,23.020000457763672,22.93000030517578,23.020000457763672,2401,0.0,0.0
2023-05-01 12:30:00-04:00,23.125,23.3799991607666,23.059999465942383,23.170000076293945,11623,0.0,0.0
2023-05-01 13:30:00-04:00,23.174999237060547,23.299999237060547,23.174999237060547,23.209999084472656,7750,0.0,0.0
2023-05-01 14:30:00-04:00,23.229999542236328,23.290000915527344,23.190000534057617,23.28499984741211,10117,0.0,0.0
2023-05-01 15:30:00-04:00,23.219999313354492,23.440000534057617,23.219999313354492,23.31999969482422,11782,0.0,0.0
2023-05-02 09:30:00-04:00,23.270000457763672,23.350000381469727,22.530000686645508,22.549999237060547,11927,0.0,0.0
2023-05-02 10:30:00-04:00,22.584699630737305,22.584699630737305,22.299999237060547,22.299999237060547,25632,0.0,0.0
2023-05-02 11:30:00-04:00,22.280000686645508,22.3700008392334,22.219999313354492,22.350000381469727,3202,0.0,0.0
2023-05-02 12:30:00-04:00,22.360000610351562,22.43000030517578,22.290000915527344,22.299999237060547,11678,0.0,0.0
2023-05-02 13:30:00-04:00,22.3700008392334,22.3700008392334,22.219999313354492,22.290000915527344,5797,0.0,0.0
2023-05-02 14:30:00-04:00,22.329999923706055,22.389999389648438,22.247400283813477,22.309999465942383,5513,0.0,0.0
2023-05-02 15:30:00-04:00,22.3700008392334,22.459999084472656,22.219999313354492,22.420000076293945,13008,0.0,0.0
2023-05-03 09:30:00-04:00,22.229999542236328,22.399999618530273,22.229999542236328,22.290000915527344,0,0.0,0.0
2023-05-03 10:30:00-04:00,22.350000381469727,22.350000381469727,22.010000228881836,22.010000228881836,15369,0.0,0.0
2023-05-03 11:30:00-04:00,22.049999237060547,22.079999923706055,21.899999618530273,21.90999984741211,15555,0.0,0.0
2023-05-03 12:30:00-04:00,21.905000686645508,22.030000686645508,21.905000686645508,22.030000686645508,2078,0.0,0.0
2023-05-03 13:30:00-04:00,22.1200008392334,22.1299991607666,21.979999542236328,22.09000015258789,2739,0.0,0.0
2023-05-03 14:30:00-04:00,21.989999771118164,22.010000228881836,21.84000015258789,21.84000015258789,10198,0.0,0.0
2023-05-03 15:30:00-04:00,21.959999084472656,21.959999084472656,21.709999084472656,21.84000015258789,22978,0.0,0.0
2023-05-04 09:30:00-04:00,21.700000762939453,21.700000762939453,20.770000457763672,20.837600708007812,28576,0.0,0.0
2023-05-04 10:30:00-04:00,20.780000686645508,20.889999389648438,20.5,20.790000915527344,43975,0.0,0.0
2023-05-04 11:30:00-04:00,20.848600387573242,20.889999389648438,20.670000076293945,20.799999237060547,43598,0.0,0.0
2023-05-04 12:30:00-04:00,20.795000076293945,20.889999389648438,20.739999771118164,20.770000457763672,14402,0.0,0.0
2023-05-04 13:30:00-04:00,20.770000457763672,20.850000381469727,20.639999389648438,20.68000030517578,11282,0.0,0.0
2023-05-04 14:30:00-04:00,20.68000030517578,20.729999542236328,20.459999084472656,20.459999084472656,12449,0.0,0.0
2023-05-04 15:30:00-04:00,20.469999313354492,20.940000534057617,20.420000076293945,20.940000534057617,51837,0.0,0.0
2023-05-05 09:30:00-04:00,21.315000534057617,21.999900817871094,21.309999465942383,21.959999084472656,26531,0.0,0.0
2023-05-05 10:30:00-04:00,21.969999313354492,21.969999313354492,21.674999237060547,21.729999542236328,5013,0.0,0.0
2023-05-05 11:30:00-04:00,21.760000228881836,21.829999923706055,21.6299991607666,21.809999465942383,11813,0.0,0.0
2023-05-05 12:30:00-04:00,21.684999465942383,21.829999923706055,21.6299991607666,21.770000457763672,10953,0.0,0.0
2023-05-05 13:30:00-04:00,21.760000228881836,21.790000915527344,21.709999084472656,21.721399307250977,9898,0.0,0.0
2023-05-05 14:30:00-04:00,21.760000228881836,21.950000762939453,21.7450008392334,21.809999465942383,12157,0.0,0.0
2023-05-05 15:30:00-04:00,21.799999237060547,21.84000015258789,21.72559928894043,21.799999237060547,14474,0.0,0.0
2023-05-08 09:30:00-04:00,21.940000534057617,22.039899826049805,21.65999984741211,21.75,3471,0.0,0.0
2023-05-08 10:30:00-04:00,21.809999465942383,22.09000015258789,21.809999465942383,21.850000381469727,14228,0.0,0.0
2023-05-08 11:30:00-04:00,21.90999984741211,22.174999237060547,21.809999465942383,22.174999237060547,17622,0.0,0.0
2023-05-08 12:30:00-04:00,22.209999084472656,22.288000106811523,22.110000610351562,22.288000106811523,16374,0.0,0.0
2023-05-08 13:30:00-04:00,22.25,22.399999618530273,22.229999542236328,22.399999618530273,0,0.0,0.0
2023-05-08 14:30:00-04:00,22.354999542236328,22.46500015258789,22.354999542236328,22.46500015258789,111800,0.0,0.0
2023-05-08 15:30:00-04:00,22.510000228881836,22.829999923706055,22.510000228881836,22.780000686645508,40418,0.0,0.0
2023-05-09 09:30:00-04:00,22.579999923706055,22.780000686645508,22.47480010986328,22.479999542236328,12825,0.0,0.0
2023-05-09 10:30:00-04:00,22.6200008392334,22.6200008392334,22.469999313354492,22.549999237060547,6216,0.0,0.0
2023-05-09 11:30:00-04:00,22.5,22.639999389648438,22.40999984741211,22.469999313354492,8098,0.0,0.0
2023-05-09 12:30:00-04:00,22.5,22.56999969482422,22.459999084472656,22.459999084472656,12266,0.0,0.0
2023-05-09 13:30:00-04:00,22.629899978637695,22.709999084472656,22.489999771118164,22.610000610351562,5449,0.0,0.0
2023-05-09 14:30:00-04:00,22.65999984741211,22.65999984741211,22.520000457763672,22.579999923706055,3223,0.0,0.0
2023-05-09 15:30:00-04:00,22.510000228881836,22.65999984741211,22.489999771118164,22.579999923706055,13146,0.0,0.0
2023-05-10 09:30:00-04:00,22.760000228881836,22.760000228881836,22.09000015258789,22.18000030517578,38304,0.0,0.0
2023-05-10 10:30:00-04:00,22.549999237060547,22.81999969482422,22.229999542236328,22.780000686645508,22176,0.0,0.0
2023-05-10 11:30:00-04:00,22.75,22.809999465942383,22.68000030517578,22.75,6239,0.0,0.0
2023-05-10 12:30:00-04:00,22.834999084472656,22.834999084472656,22.600000381469727,22.729999542236328,6884,0.0,0.0
2023-05-10 13:30:00-04:00,22.5939998626709,22.760000228881836,22.549999237060547,22.760000228881836,8125,0.0,0.0
2023-05-10 14:30:00-04:00,22.65999984741211,22.860000610351562,22.65999984741211,22.829999923706055,6280,0.0,0.0
2023-05-10 15:30:00-04:00,22.780000686645508,22.809999465942383,22.65999984741211,22.75,25142,0.0,0.0
2023-05-11 09:30:00-04:00,22.690000534057617,22.690000534057617,22.35099983215332,22.56800079345703,0,0.0,0.0
2023-05-11 10:30:00-04:00,22.524999618530273,22.700000762939453,22.40999984741211,22.690000534057617,9827,0.0,0.0
2023-05-11 11:30:00-04:00,22.700000762939453,22.775400161743164,22.68000030517578,22.68000030517578,2130,0.0,0.0
2023-05-11 13:30:00-04:00,22.761999130249023,22.88990020751953,22.690000534057617,22.75,8920,0.0,0.0
2023-05-11 14:30:00-04:00,22.81999969482422,22.959999084472656,22.78499984741211,22.959999084472656,14208,0.0,0.0
2023-05-11 15:30:00-04:00,22.940000534057617,22.940000534057617,22.799999237060547,22.8700008392334,12378,0.0,0.0
2023-05-12 09:30:00-04:00,22.450000762939453,22.989999771118164,22.450000762939453,22.56999969482422,14052,0.0,0.0
2023-05-12 10:30:00-04:00,22.610000610351562,22.780000686645508,22.49220085144043,22.684999465942383,21054,0.0,0.0
2023-05-12 11:30:00-04:00,22.6299991607666,22.6299991607666,22.540000915527344,22.5403995513916,4767,0.0,0.0
2023-05-12 12:30:00-04:00,22.530000686645508,22.59000015258789,22.450000762939453,22.524999618530273,6357,0.0,0.0
2023-05-12 13:30:00-04:00,22.5,22.559900283813477,22.389400482177734,22.389400482177734,3551,0.0,0.0
2023-05-12 14:30:00-04:00,22.459999084472656,22.52989959716797,22.333799362182617,22.43000030517578,2769,0.0,0.0
2023-05-12 15:30:00-04:00,22.384700775146484,22.790000915527344,22.384700775146484,22.790000915527344,19804,0.0,0.0
2023-05-15 09:30:00-04:00,22.469999313354492,22.799999237060547,22.469999313354492,22.68000030517578,7161,0.0,0.0
2023-05-15 10:30:00-04:00,22.780000686645508,22.895000457763672,22.6200008392334,22.780000686645508,6216,0.0,0.0
2023-05-15 11:30:00-04:00,22.780000686645508,22.975000381469727,22.780000686645508,22.883499145507812,10495,0.0,0.0
2023-05-15 12:30:00-04:00,22.979999542236328,23.174999237060547,22.979999542236328,23.010000228881836,8036,0.0,0.0
2023-05-15 13:30:00-04:00,23.0,23.0,22.829999923706055,22.93000030517578,2013,0.0,0.0
2023-05-15 14:30:00-04:00,22.940000534057617,23.174999237060547,22.940000534057617,23.099899291992188,13850,0.0,0.0
2023-05-15 15:30:00-04:00,23.079999923706055,23.25,23.059999465942383,23.219999313354492,32535,0.0,0.0
2023-05-16 09:30:00-04:00,23.0,23.209999084472656,22.8700008392334,22.96500015258789,0,0.0,0.0
2023-05-16 10:30:00-04:00,22.850000381469727,23.065799713134766,22.850000381469727,23.010000228881836,4302,0.0,0.0
2023-05-16 11:30:00-04:00,22.84000015258789,23.0,22.6112003326416,22.700000762939453,7067,0.0,0.0
2023-05-16 12:30:00-04:00,22.709999084472656,22.799999237060547,22.559999465942383,22.59000015258789,11668,0.0,0.0
2023-05-16 13:30:00-04:00,22.6299991607666,22.759899139404297,22.6299991607666,22.690000534057617,4333,0.0,0.0
2023-05-16 14:30:00-04:00,22.70680046081543,22.934999465942383,22.68000030517578,22.84000015258789,7571,0.0,0.0
2023-05-16 15:30:00-04:00,22.889999389648438,22.950000762939453,22.829999923706055,22.889999389648438,9286,0.0,0.0
2023-05-17 09:30:00-04:00,23.010000228881836,23.010000228881836,22.540000915527344,22.625,8888,0.0,0.0
2023-05-17 10:30:00-04:00,22.700000762939453,22.81999969482422,22.690000534057617,22.81999969482422,1902,0.0,0.0
2023-05-17 11:30:00-04:00,22.834999084472656,22.939899444580078,22.729999542236328,22.790000915527344,6724,0.0,0.0
2023-05-17 12:30:00-04:00,22.84000015258789,22.885000228881836,22.760000228881836,22.809999465942383,9247,0.0,0.0
2023-05-17 13:30:00-04:00,22.806400299072266,22.875,22.75,22.875,5623,0.0,0.0
2023-05-17 14:30:00-04:00,22.834999084472656,22.969999313354492,22.77199935913086,22.895000457763672,16241,0.0,0.0
2023-05-17 15:30:00-04:00,22.974199295043945,23.0,22.860000610351562,22.8700008392334,16291,0.0,0.0
2023-05-18 09:30:00-04:00,22.850000381469727,22.889999389648438,22.700000762939453,22.799999237060547,12324,0.0,0.0
2023-05-18 10:30:00-04:00,22.799999237060547,22.975000381469727,22.729999542236328,22.829999923706055,19087,0.0,0.0
2023-05-18 11:30:00-04:00,22.889999389648438,22.959999084472656,22.649999618530273,22.691099166870117,3980,0.0,0.0
2023-05-18 12:30:00-04:00,22.795000076293945,22.8799991607666,22.709999084472656,22.709999084472656,932,0.0,0.0
2023-05-18 13:30:00-04:00,22.860000610351562,22.889999389648438,22.639999389648438,22.844999313354492,2012,0.0,0.0
2023-05-18 14:30:00-04:00,22.8700008392334,22.8700008392334,22.690000534057617,22.719999313354492,5260,0.0,0.0
2023-05-18 15:30:00-04:00,22.71500015258789,22.790000915527344,22.690000534057617,22.780000686645508,8585,0.0,0.0
2023-05-19 09:30:00-04:00,22.770000457763672,22.799999237060547,22.530000686645508,22.552000045776367,0,0.0,0.0
2023-05-19 10:30:00-04:00,22.549999237060547,22.68000030517578,22.440000534057617,22.440000534057617,31762,0.0,0.0
2023-05-19 11:30:00-04:00,22.440000534057617,22.649999618530273,22.3700008392334,22.469999313354492,45501,0.0,0.0
2023-05-19 12:30:00-04:00,22.510000228881836,22.610000610351562,22.469999313354492,22.610000610351562,21797,0.0,0.0
2023-05-19 13:30:00-04:00,22.6200008392334,22.639999389648438,22.520000457763672,22.600000381469727,4739,0.0,0.0
2023-05-19 14:30:00-04:00,22.600000381469727,22.739999771118164,22.549999237060547,22.719999313354492,17114,0.0,0.0
2023-05-19 15:30:00-04:00,22.649999618530273,22.665000915527344,22.520000457763672,22.530000686645508,43111,0.0,0.0
2023-05-22 09:30:00-04:00,22.440000534057617,22.540000915527344,22.229799270629883,22.489999771118164,35655,0.0,0.0
2023-05-22 10:30:00-04:00,22.489999771118164,22.6648006439209,22.469999313354492,22.579999923706055,12043,0.0,0.0
2023-05-22 11:30:00-04:00,22.75,22.780000686645508,22.540000915527344,22.540000915527344,17873,0.0,0.0
2023-05-22 12:30:00-04:00,22.69099998474121,22.850000381469727,22.540000915527344,22.770000457763672,17977,0.0,0.0
2023-05-22 13:30:00-04:00,22.770000457763672,22.770000457763672,22.549999237060547,22.579999923706055,23731,0.0,0.0
2023-05-22 14:30:00-04:00,22.56999969482422,22.780000686645508,22.530000686645508,22.530000686645508,58262,0.0,0.0
2023-05-22 15:30:00-04:00,22.530000686645508,22.6299991607666,22.43000030517578,22.56999969482422,54443,0.0,0.0
2023-05-23 09:30:00-04:00,21.850000381469727,22.559999465942383,21.850000381469727,22.530000686645508,40768,0.0,0.0
2023-05-23 10:30:00-04:00,22.485000610351562,22.520000457763672,22.399999618530273,22.450000762939453,14123,0.0,0.0
2023-05-23 11:30:00-04:00,22.369600296020508,22.600000381469727,22.369600296020508,22.600000381469727,13270,0.0,0.0
2023-05-23 12:30:00-04:00,22.459999084472656,22.540000915527344,22.329999923706055,22.416200637817383,18830,0.0,0.0
2023-05-23 13:30:00-04:00,22.34000015258789,22.510000228881836,22.309999465942383,22.510000228881836,11093,0.0,0.0
2023-05-23 14:30:00-04:00,22.340099334716797,22.520000457763672,22.280000686645508,22.450000762939453,25755,0.0,0.0
2023-05-23 15:30:00-04:00,22.420000076293945,22.5,22.290000915527344,22.31999969482422,28720,0.0,0.0
2023-05-24 09:30:00-04:00,22.420000076293945,22.420000076293945,21.899999618530273,21.960100173950195,35496,0.0,0.0
2023-05-24 10:30:00-04:00,21.979999542236328,22.34000015258789,21.91010093688965,22.34000015258789,57459,0.0,0.0
2023-05-24 11:30:00-04:00,22.360000610351562,22.485000610351562,22.309999465942383,22.34000015258789,21311,0.0,0.0
2023-05-24 12:30:00-04:00,22.30500030517578,22.440000534057617,22.260099411010742,22.290000915527344,13782,0.0,0.0
2023-05-24 13:30:00-04:00,22.25,22.3700008392334,22.219999313354492,22.280000686645508,14195,0.0,0.0
2023-05-24 14:30:00-04:00,22.299999237060547,22.34000015258789,22.209999084472656,22.229999542236328,19098,0.0,0.0
2023-05-24 15:30:00-04:00,22.209999084472656,22.350000381469727,22.135000228881836,22.190000534057617,21418,0.0,0.0
2023-05-25 09:30:00-04:00,22.0,22.0,21.530000686645508,21.610000610351562,55383,0.0,0.0
2023-05-25 10:30:00-04:00,21.642499923706055,21.8799991607666,21.389999389648438,21.389999389648438,25657,0.0,0.0
2023-05-25 11:30:00-04:00,21.530000686645508,21.600000381469727,21.200899124145508,21.350000381469727,50906,0.0,0.0
2023-05-25 12:30:00-04:00,21.25,21.360000610351562,20.940000534057617,21.1299991607666,44645,0.0,0.0
2023-05-25 13:30:00-04:00,21.1200008392334,21.309999465942383,21.1200008392334,21.299999237060547,11686,0.0,0.0
2023-05-25 14:30:00-04:00,21.309999465942383,21.860000610351562,21.149999618530273,21.75,94903,0.0,0.0
2023-05-25 15:30:00-04:00,21.75,21.93000030517578,21.6200008392334,21.7450008392334,56770,0.0,0.0
2023-05-26 09:30:00-04:00,21.90999984741211,21.90999984741211,21.469999313354492,21.700000762939453,11585,0.0,0.0
2023-05-26 10:30:00-04:00,21.530000686645508,21.738000869750977,21.530000686645508,21.630699157714844,6715,0.0,0.0
2023-05-26 11:30:00-04:00,21.540000915527344,21.540000915527344,21.110000610351562,21.25,21138,0.0,0.0
2023-05-26 12:30:00-04:00,21.25,21.309999465942383,21.209999084472656,21.270000457763672,7745,0.0,0.0
2023-05-26 13:30:00-04:00,21.280000686645508,21.349899291992188,21.260000228881836,21.260000228881836,1286,0.0,0.0
2023-05-26 14:30:00-04:00,21.34000015258789,21.34000015258789,21.059999465942383,21.059999465942383,9193,0.0,0.0
2023-05-26 15:30:00-04:00,21.030000686645508,21.05500030517578,20.90999984741211,20.950000762939453,12533,0.0,0.0
2023-05-30 09:30:00-04:00,20.690000534057617,20.93000030517578,20.280000686645508,20.280000686645508,39788,0.0,0.0
2023-05-30 10:30:00-04:00,20.200000762939453,20.45989990234375,20.100000381469727,20.299999237060547,15325,0.0,0.0
2023-05-30 11:30:00-04:00,20.200000762939453,20.6200008392334,20.200000762939453,20.59000015258789,22556,0.0,0.0
2023-05-30 12:30:00-04:00,20.59000015258789,20.6299991607666,20.25,20.25,4301,0.0,0.0
2023-05-30 13:30:00-04:00,20.25860023498535,20.274999618530273,20.200000762939453,20.209999084472656,7216,0.0,0.0
2023-05-30 14:30:00-04:00,20.290000915527344,20.509700775146484,20.229999542236328,20.350200653076172,11734,0.0,0.0
2023-05-30 15:30:00-04:00,20.3700008392334,20.469999313354492,20.290000915527344,20.459999084472656,20896,0.0,0.0
2023-05-31 09:30:00-04:00,20.280000686645508,20.280000686645508,19.707000732421875,19.890399932861328,29732,0.0,0.0
2023-05-31 10:30:00-04:00,19.81999969482422,19.989999771118164,19.719999313354492,19.719999313354492,19130,0.0,0.0
2023-05-31 11:30:00-04:00,19.709999084472656,19.75,19.600200653076172,19.739999771118164,16754,0.0,0.0
2023-05-31 12:30:00-04:00,19.7450008392334,19.7450008392334,19.639999389648438,19.65999984741211,9585,0.0,0.0
2023-05-31 13:30:00-04:00,19.739999771118164,19.790000915527344,19.65999984741211,19.68000030517578,14490,0.0,0.0
2023-05-31 14:30:00-04:00,19.670000076293945,19.670000076293945,19.459999084472656,19.530000686645508,29600,0.0,0.0
2023-05-31 15:30:00-04:00,19.489999771118164,19.5,19.229999542236328,19.290000915527344,40632,0.0,0.0
2023-06-01 09:30:00-04:00,19.399999618530273,19.709999084472656,19.309999465942383,19.510000228881836,41506,0.0,0.0
2023-06-01 10:30:00-04:00,19.54439926147461,19.54800033569336,19.329999923706055,19.450000762939453,54925,0.0,0.0
2023-06-01 11:30:00-04:00,19.399999618530273,19.68000030517578,19.3799991607666,19.43000030517578,30126,0.0,0.0
2023-06-01 12:30:00-04:00,19.420000076293945,19.579999923706055,19.40999984741211,19.559999465942383,13691,0.0,0.0
2023-06-01 13:30:00-04:00,19.540000915527344,19.56999969482422,19.450000762939453,19.5,17290,0.0,0.0
2023-06-01 14:30:00-04:00,19.510000228881836,19.610000610351562,19.469999313354492,19.520000457763672,17351,0.0,0.0
2023-06-01 15:30:00-04:00,19.520000457763672,19.6299991607666,19.47960090637207,19.540000915527344,17160,0.0,0.0
2023-06-02 09:30:00-04:00,19.68000030517578,20.31999969482422,19.68000030517578,20.170000076293945,31228,0.0,0.0
2023-06-02 10:30:00-04:00,20.170000076293945,20.450000762939453,20.100000381469727,20.219999313354492,13703,0.0,0.0
2023-06-02 11:30:00-04:00,20.290000915527344,20.530000686645508,20.235000610351562,20.530000686645508,7237,0.0,0.0
2023-06-02 12:30:00-04:00,20.510000228881836,20.68000030517578,20.510000228881836,20.6299991607666,21354,0.0,0.0
2023-06-02 13:30:00-04:00,20.659900665283203,20.659900665283203,20.469999313354492,20.469999313354492,8359,0.0,0.0
2023-06-02 14:30:00-04:00,20.559999465942383,20.559999465942383,20.34000015258789,20.3700008392334,7256,0.0,0.0
2023-06-02 15:30:00-04:00,20.34000015258789,20.469999313354492,20.323999404907227,20.34000015258789,52669,0.0,0.0
2023-06-05 09:30:00-04:00,20.5,20.559999465942383,20.229999542236328,20.280000686645508,15767,0.0,0.0
2023-06-05 10:30:00-04:00,20.399999618530273,20.56999969482422,20.289100646972656,20.51129913330078,4481,0.0,0.0
2023-06-05 11:30:00-04:00,20.514999389648438,20.719999313354492,20.489999771118164,20.655000686645508,21169,0.0,0.0
2023-06-05 12:30:00-04:00,20.655000686645508,20.690000534057617,20.5,20.53499984741211,7598,0.0,0.0
2023-06-05 13:30:00-04:00,20.469999313354492,20.579999923706055,20.40999984741211,20.40999984741211,4675,0.0,0.0
2023-06-05 14:30:00-04:00,20.489999771118164,20.510000228881836,20.420000076293945,20.424999237060547,3902,0.0,0.0
2023-06-05 15:30:00-04:00,20.3700008392334,20.3700008392334,20.229999542236328,20.34000015258789,13244,0.0,0.0
2023-06-06 09:30:00-04:00,20.239999771118164,20.354999542236328,20.100000381469727,20.299999237060547,7306,0.0,0.0
2023-06-06 10:30:00-04:00,20.34000015258789,20.8700008392334,20.34000015258789,20.709999084472656,16961,0.0,0.0
2023-06-06 11:30:00-04:00,20.729999542236328,20.93000030517578,20.719999313354492,20.829999923706055,9864,0.0,0.0
2023-06-06 12:30:00-04:00,20.829999923706055,20.834999084472656,20.68000030517578,20.68000030517578,2310,0.0,0.0
2023-06-06 13:30:00-04:00,20.68000030517578,20.729999542236328,20.65999984741211,20.674999237060547,5479,0.0,0.0
2023-06-06 14:30:00-04:00,20.690000534057617,20.760000228881836,20.600000381469727,20.690000534057617,6982,0.0,0.0
2023-06-06 15:30:00-04:00,20.700000762939453,20.760000228881836,20.68000030517578,20.760000228881836,7618,0.0,0.0
2023-06-07 09:30:00-04:00,20.829999923706055,20.891399383544922,20.68000030517578,20.739999771118164,20157,0.0,0.0
2023-06-07 10:30:00-04:00,20.729999542236328,20.979999542236328,20.729999542236328,20.979999542236328,8430,0.0,0.0
2023-06-07 11:30:00-04:00,20.989999771118164,21.190000534057617,20.975000381469727,21.010000228881836,14212,0.0,0.0
2023-06-07 12:30:00-04:00,21.010000228881836,21.100000381469727,20.920000076293945,21.049999237060547,49418,0.0,0.0
2023-06-07 13:30:00-04:00,20.969999313354492,20.979999542236328,20.875,20.875,2788,0.0,0.0
2023-06-07 14:30:00-04:00,20.75200080871582,21.09000015258789,20.75200080871582,20.989999771118164,55165,0.0,0.0
2023-06-07 15:30:00-04:00,21.040000915527344,21.09000015258789,20.889999389648438,20.90999984741211,21818,0.0,0.0
2023-06-08 09:30:00-04:00,20.920000076293945,21.420000076293945,20.920000076293945,21.315000534057617,36664,0.0,0.0
2023-06-08 10:30:00-04:00,21.27389907836914,21.360000610351562,21.27389907836914,21.360000610351562,7231,0.0,0.0
2023-06-08 11:30:00-04:00,21.357999801635742,21.399999618530273,21.299999237060547,21.388999938964844,8990,0.0,0.0
2023-06-08 12:30:00-04:00,21.389999389648438,21.43000030517578,21.378999710083008,21.420000076293945,1887,0.0,0.0
2023-06-08 13:30:00-04:00,21.360000610351562,21.420000076293945,21.31999969482422,21.389999389648438,5001,0.0,0.0
2023-06-08 14:30:00-04:00,21.375,21.375,21.229999542236328,21.250099182128906,5825,0.0,0.0
2023-06-08 15:30:00-04:00,21.250099182128906,21.260000228881836,21.18000030517578,21.229999542236328,12254,0.0,0.0
2023-06-09 09:30:00-04:00,21.010000228881836,21.219999313354492,20.92020034790039,21.100000381469727,12676,0.0,0.0
2023-06-09 10:30:00-04:00,21.155000686645508,21.260000228881836,21.155000686645508,21.229999542236328,1654,0.0,0.0
2023-06-09 11:30:00-04:00,21.170000076293945,21.31999969482422,21.139999389648438,21.260000228881836,7451,0.0,0.0
2023-06-09 12:30:00-04:00,21.200000762939453,21.290000915527344,21.139999389648438,21.290000915527344,7304,0.0,0.0
2023-06-09 13:30:00-04:00,21.264999389648438,21.299999237060547,21.1200008392334,21.190000534057617,6798,0.0,0.0
2023-06-09 14:30:00-04:00,21.1200008392334,21.18000030517578,21.1200008392334,21.18000030517578,4595,0.0,0.0
2023-06-09 15:30:00-04:00,21.139999389648438,21.149999618530273,21.049999237060547,21.1200008392334,8639,0.0,0.0
2023-06-12 09:30:00-04:00,20.93000030517578,20.940000534057617,20.68000030517578,20.739999771118164,6361,0.0,0.0
2023-06-12 10:30:00-04:00,20.783700942993164,20.829999923706055,20.729999542236328,20.81999969482422,12398,0.0,0.0
2023-06-12 11:30:00-04:00,20.739999771118164,20.790000915527344,20.729999542236328,20.790000915527344,1404,0.0,0.0
2023-06-12 12:30:00-04:00,20.770099639892578,20.81999969482422,20.75,20.81999969482422,2439,0.0,0.0
2023-06-12 13:30:00-04:00,20.75,20.75,20.59760093688965,20.604999542236328,9044,0.0,0.0
2023-06-12 14:30:00-04:00,20.608299255371094,20.700000762939453,20.575000762939453,20.700000762939453,5524,0.0,0.0
2023-06-12 15:30:00-04:00,20.749900817871094,20.749900817871094,20.6200008392334,20.6200008392334,9948,0.0,0.0
2023-06-13 09:30:00-04:00,20.809999465942383,21.0,20.709999084472656,21.0,6205,0.0,0.0
2023-06-13 10:30:00-04:00,20.989999771118164,20.989999771118164,20.757999420166016,20.780000686645508,5644,0.0,0.0
2023-06-13 11:30:00-04:00,20.700000762939453,20.84000015258789,20.690000534057617,20.84000015258789,4610,0.0,0.0
2023-06-13 12:30:00-04:00,20.90999984741211,20.989999771118164,20.860000610351562,20.90999984741211,3313,0.0,0.0
2023-06-13 13:30:00-04:00,20.8700008392334,20.8700008392334,20.75,20.75,3737,0.0,0.0
2023-06-13 14:30:00-04:00,20.719999313354492,20.809999465942383,20.719999313354492,20.809999465942383,3692,0.0,0.0
2023-06-13 15:30:00-04:00,20.75,20.815000534057617,20.6299991607666,20.709999084472656,13265,0.0,0.0
2023-06-14 09:30:00-04:00,20.8700008392334,21.260000228881836,20.8700008392334,21.104999542236328,0,0.0,0.0
2023-06-14 10:30:00-04:00,21.09000015258789,21.200000762939453,21.079999923706055,21.100000381469727,8677,0.0,0.0
2023-06-14 11:30:00-04:00,21.08099937438965,21.08099937438965,20.780000686645508,20.790000915527344,21977,0.0,0.0
2023-06-14 12:30:00-04:00,20.75,20.75,20.6299991607666,20.649999618530273,4768,0.0,0.0
2023-06-14 13:30:00-04:00,20.68000030517578,20.790000915527344,20.65999984741211,20.65999984741211,6157,0.0,0.0
2023-06-14 14:30:00-04:00,20.729999542236328,20.940000534057617,20.719999313354492,20.829999923706055,3494,0.0,0.0
2023-06-14 15:30:00-04:00,20.920000076293945,20.920000076293945,20.6299991607666,20.709999084472656,4720,0.0,0.0
2023-06-15 09:30:00-04:00,20.690000534057617,21.1299991607666,20.6299991607666,20.969999313354492,13513,0.0,0.0
2023-06-15 10:30:00-04:00,20.93000030517578,21.0,20.8799991607666,21.0,4770,0.0,0.0
2023-06-15 11:30:00-04:00,21.049999237060547,21.18000030517578,21.049999237060547,21.1387996673584,1910,0.0,0.0
2023-06-15 12:30:00-04:00,21.149999618530273,21.149999618530273,20.950000762939453,20.950000762939453,2461,0.0,0.0
2023-06-15 13:30:00-04:00,21.079999923706055,21.209999084472656,21.040000915527344,21.040000915527344,22764,0.0,0.0
2023-06-15 14:30:00-04:00,21.04010009765625,21.209999084472656,21.04010009765625,21.09000015258789,6648,0.0,0.0
2023-06-15 15:30:00-04:00,21.1299991607666,21.1299991607666,21.010000228881836,21.06999969482422,6312,0.0,0.0
2023-06-16 09:30:00-04:00,21.219999313354492,21.219999313354492,21.09000015258789,21.109899520874023,3393,0.0,0.0
2023-06-16 10:30:00-04:00,21.059999465942383,21.079999923706055,20.969999313354492,20.969999313354492,2727,0.0,0.0
2023-06-16 11:30:00-04:00,20.989999771118164,21.0,20.979999542236328,21.0,1675,0.0,0.0
2023-06-16 12:30:00-04:00,21.059999465942383,21.1299991607666,20.979999542236328,21.03499984741211,5679,0.0,0.0
2023-06-16 13:30:00-04:00,21.049999237060547,21.049999237060547,21.049999237060547,21.049999237060547,1780,0.0,0.0
2023-06-16 15:30:00-04:00,20.969999313354492,20.969999313354492,20.799999237060547,20.81999969482422,8084,0.0,0.0
2023-06-20 09:30:00-04:00,20.799999237060547,20.799999237060547,20.5,20.549999237060547,26736,0.0,0.0
2023-06-20 10:30:00-04:00,20.459999084472656,20.459999084472656,20.219999313354492,20.299999237060547,30036,0.0,0.0
2023-06-20 11:30:00-04:00,20.28499984741211,20.5,20.28499984741211,20.450000762939453,1827,0.0,0.0
2023-06-20 12:30:00-04:00,20.43000030517578,20.479999542236328,20.381099700927734,20.450000762939453,2801,0.0,0.0
2023-06-20 13:30:00-04:00,20.489999771118164,20.6200008392334,20.489999771118164,20.575000762939453,1989,0.0,0.0
2023-06-20 14:30:00-04:00,20.610000610351562,20.709999084472656,20.5,20.6200008392334,6377,0.0,0.0
2023-06-20 15:30:00-04:00,20.600000381469727,20.68000030517578,20.59000015258789,20.639999389648438,8069,0.0,0.0
2023-06-21 09:30:00-04:00,20.399999618530273,21.0,20.399999618530273,20.952600479125977,12249,0.0,0.0
2023-06-21 10:30:00-04:00,20.84000015258789,20.84000015258789,20.729999542236328,20.729999542236328,1142,0.0,0.0
2023-06-21 12:30:00-04:00,20.780000686645508,20.857999801635742,20.760000228881836,20.857999801635742,5047,0.0,0.0
2023-06-21 13:30:00-04:00,20.81999969482422,21.0,20.799999237060547,21.0,22757,0.0,0.0
2023-06-21 14:30:00-04:00,20.95800018310547,21.0049991607666,20.95800018310547,21.0049991607666,4382,0.0,0.0
2023-06-21 15:30:00-04:00,20.969999313354492,21.010000228881836,20.81999969482422,20.825000762939453,7820,0.0,0.0
2023-06-22 09:30:00-04:00,20.709999084472656,21.06999969482422,20.709999084472656,20.9507999420166,0,0.0,0.0
2023-06-22 10:30:00-04:00,21.040000915527344,21.040000915527344,20.81999969482422,21.010000228881836,2162,0.0,0.0
2023-06-22 11:30:00-04:00,21.0,21.09000015258789,21.0,21.05500030517578,2193,0.0,0.0
2023-06-22 12:30:00-04:00,21.09000015258789,21.09000015258789,20.959999084472656,20.959999084472656,7005,0.0,0.0
2023-06-22 13:30:00-04:00,20.98740005493164,20.98740005493164,20.90999984741211,20.959999084472656,6165,0.0,0.0
2023-06-22 14:30:00-04:00,21.040000915527344,21.110000610351562,20.985000610351562,21.010000228881836,4360,0.0,0.0
2023-06-22 15:30:00-04:00,21.040000915527344,21.110000610351562,21.0,21.020000457763672,8399,0.0,0.0
2023-06-23 09:30:00-04:00,20.8700008392334,20.90999984741211,20.670000076293945,20.90999984741211,6806,0.0,0.0
2023-06-23 10:30:00-04:00,20.889999389648438,21.110000610351562,20.780000686645508,21.01460075378418,31462,0.0,0.0
2023-06-23 12:30:00-04:00,21.049999237060547,21.049999237060547,21.030000686645508,21.040000915527344,2539,0.0,0.0
2023-06-23 13:30:00-04:00,21.049999237060547,21.063899993896484,21.0,21.063899993896484,3327,0.0,0.0
2023-06-23 14:30:00-04:00,21.0,21.059999465942383,21.0,21.0,5731,0.0,0.0
2023-06-23 15:30:00-04:00,21.0,21.049999237060547,20.959999084472656,21.0,19962,0.0,0.0
2023-06-26 09:30:00-04:00,20.979999542236328,20.979999542236328,20.639999389648438,20.975000381469727,18611,0.0,0.0
2023-06-26 10:30:00-04:00,20.875,21.18000030517578,20.875,21.020000457763672,36721,0.0,0.0
2023-06-26 11:30:00-04:00,21.0,21.110000610351562,20.949100494384766,21.0,15704,0.0,0.0
2023-06-26 12:30:00-04:00,20.975000381469727,21.190000534057617,20.940000534057617,21.190000534057617,45320,0.0,0.0
2023-06-26 13:30:00-04:00,21.200000762939453,21.450000762939453,21.170000076293945,21.395000457763672,48893,0.0,0.0
2023-06-26 14:30:00-04:00,21.364999771118164,21.440000534057617,21.309999465942383,21.344999313354492,11316,0.0,0.0
2023-06-26 15:30:00-04:00,21.299999237060547,21.329999923706055,20.299999237060547,21.15999984741211,83992,0.0,0.0
2023-06-27 09:30:00-04:00,21.020000457763672,21.299999237060547,20.934999465942383,21.299999237060547,13178,0.0,0.0
2023-06-27 10:30:00-04:00,21.3700008392334,21.43000030517578,21.3700008392334,21.3799991607666,3936,0.0,0.0
2023-06-27 11:30:00-04:00,21.403400421142578,21.403400421142578,21.190000534057617,21.190000534057617,4163,0.0,0.0
2023-06-27 12:30:00-04:00,21.200000762939453,21.200000762939453,21.079999923706055,21.079999923706055,3984,0.0,0.0
2023-06-27 13:30:00-04:00,21.068099975585938,21.159900665283203,21.0,21.045000076293945,13803,0.0,0.0
2023-06-27 14:30:00-04:00,21.030000686645508,21.100000381469727,21.0,21.040000915527344,12298,0.0,0.0
2023-06-27 15:30:00-04:00,21.010000228881836,21.049999237060547,21.0,21.0,4742,0.0,0.0
2023-06-28 09:30:00-04:00,21.040000915527344,21.280000686645508,20.962799072265625,21.06290054321289,14763,0.0,0.0
2023-06-28 10:30:00-04:00,21.010000228881836,21.100000381469727,21.0,21.02560043334961,6559,0.0,0.0
2023-06-28 11:30:00-04:00,21.059999465942383,21.059999465942383,21.0,21.040000915527344,3339,0.0,0.0
2023-06-28 12:30:00-04:00,21.040000915527344,21.219999313354492,21.010000228881836,21.209999084472656,10095,0.0,0.0
2023-06-28 13:30:00-04:00,21.209999084472656,21.520000457763672,21.15999984741211,21.459999084472656,45295,0.0,0.0
2023-06-28 14:30:00-04:00,21.40999984741211,21.40999984741211,21.25,21.289400100708008,2903,0.0,0.0
2023-06-28 15:30:00-04:00,21.239999771118164,21.389999389648438,21.239999771118164,21.34000015258789,6942,0.0,0.0
2023-06-29 09:30:00-04:00,21.25,21.579999923706055,21.25,21.579999923706055,0,0.0,0.0
2023-06-29 10:30:00-04:00,21.600000381469727,21.600000381469727,21.500099182128906,21.575000762939453,4530,0.0,0.0
2023-06-29 11:30:00-04:00,21.575000762939453,21.700000762939453,21.56999969482422,21.700000762939453,2893,0.0,0.0
2023-06-29 12:30:00-04:00,21.670000076293945,21.790000915527344,21.670000076293945,21.740100860595703,7664,0.0,0.0
2023-06-29 13:30:00-04:00,21.799999237060547,21.799999237060547,21.700000762939453,21.700000762939453,23015,0.0,0.0
2023-06-29 14:30:00-04:00,21.724000930786133,21.724000930786133,21.34000015258789,21.549999237060547,37086,0.0,0.0
2023-06-29 15:30:00-04:00,21.559999465942383,21.829999923706055,21.559999465942383,21.68000030517578,34655,0.0,0.0
2023-06-30 09:30:00-04:00,21.0,21.940000534057617,21.0,21.940000534057617,24607,0.0,0.0
2023-06-30 10:30:00-04:00,21.84000015258789,21.940000534057617,21.7091007232666,21.940000534057617,7690,0.0,0.0
2023-06-30 11:30:00-04:00,21.819700241088867,21.940000534057617,21.670000076293945,21.889999389648438,35835,0.0,0.0
2023-06-30 12:30:00-04:00,21.899999618530273,21.989900588989258,21.889999389648438,21.979999542236328,2919,0.0,0.0
2023-06-30 13:30:00-04:00,21.94499969482422,21.94499969482422,21.760000228881836,21.770000457763672,4135,0.0,0.0
2023-06-30 14:30:00-04:00,21.809999465942383,21.809999465942383,21.670000076293945,21.75,11909,0.0,0.0
2023-06-30 15:30:00-04:00,21.75,21.8799991607666,21.739999771118164,21.850000381469727,16279,0.0,0.0
2023-07-03 09:30:00-04:00,21.829999923706055,22.170000076293945,21.770000457763672,21.8700008392334,24671,0.0,0.0
2023-07-03 10:30:00-04:00,21.959999084472656,22.059499740600586,21.920000076293945,22.0,16299,0.0,0.0
2023-07-03 11:30:00-04:00,22.000999450683594,22.179000854492188,22.0,22.100000381469727,14431,0.0,0.0
2023-07-05 09:30:00-04:00,22.25,22.25,21.735000610351562,21.871599197387695,29461,0.0,0.0
2023-07-05 10:30:00-04:00,22.010000228881836,22.209999084472656,21.890100479125977,22.170000076293945,22068,0.0,0.0
2023-07-05 11:30:00-04:00,22.190000534057617,22.299999237060547,22.18000030517578,22.299999237060547,19639,0.0,0.0
2023-07-05 12:30:00-04:00,22.280000686645508,22.389999389648438,22.229999542236328,22.239999771118164,14483,0.0,0.0
2023-07-05 13:30:00-04:00,22.280000686645508,22.360000610351562,22.110000610351562,22.360000610351562,20589,0.0,0.0
2023-07-05 14:30:00-04:00,22.329999923706055,22.3700008392334,22.070100784301758,22.09000015258789,3879,0.0,0.0
2023-07-05 15:30:00-04:00,22.079999923706055,22.110000610351562,22.010000228881836,22.014999389648438,6885,0.0,0.0
2023-07-06 09:30:00-04:00,21.8799991607666,21.8799991607666,21.614999771118164,21.700000762939453,0,0.0,0.0
2023-07-06 10:30:00-04:00,21.6200008392334,21.65999984741211,21.310100555419922,21.420000076293945,28018,0.0,0.0
2023-07-06 11:30:00-04:00,21.5,21.790000915527344,21.5,21.59000015258789,13525,0.0,0.0
2023-07-06 12:30:00-04:00,21.770000457763672,21.8700008392334,21.709999084472656,21.730300903320312,7295,0.0,0.0
2023-07-06 13:30:00-04:00,21.799999237060547,21.940000534057617,21.799999237060547,21.8799991607666,15666,0.0,0.0
2023-07-06 14:30:00-04:00,21.85650062561035,21.85650062561035,21.825000762939453,21.825000762939453,413,0.0,0.0
2023-07-06 15:30:00-04:00,21.875,22.0049991607666,21.84000015258789,21.90999984741211,5511,0.0,0.0
2023-07-07 09:30:00-04:00,21.920000076293945,22.200000762939453,21.920000076293945,22.200000762939453,8558,0.0,0.0
2023-07-07 10:30:00-04:00,22.200000762939453,22.309999465942383,22.200000762939453,22.200000762939453,53320,0.0,0.0
2023-07-07 11:30:00-04:00,22.14699935913086,22.149999618530273,22.079999923706055,22.079999923706055,2110,0.0,0.0
2023-07-07 12:30:00-04:00,22.139999389648438,22.3700008392334,22.1299991607666,22.3700008392334,11519,0.0,0.0
2023-07-07 13:30:00-04:00,22.3700008392334,22.389999389648438,22.25,22.360000610351562,3608,0.0,0.0
2023-07-07 14:30:00-04:00,22.360000610351562,22.360000610351562,22.235000610351562,22.235000610351562,6159,0.0,0.0
2023-07-07 15:30:00-04:00,22.270000457763672,22.270000457763672,22.110000610351562,22.110000610351562,6143,0.0,0.0
2023-07-10 09:30:00-04:00,22.1299991607666,22.360000610351562,22.1299991607666,22.290000915527344,1715,0.0,0.0
2023-07-10 10:30:00-04:00,22.290000915527344,22.304000854492188,22.15999984741211,22.15999984741211,3083,0.0,0.0
2023-07-10 11:30:00-04:00,22.190000534057617,22.260000228881836,22.18000030517578,22.219999313354492,7398,0.0,0.0
2023-07-10 12:30:00-04:00,22.209999084472656,22.30500030517578,22.18000030517578,22.18000030517578,21976,0.0,0.0
2023-07-10 13:30:00-04:00,22.100000381469727,22.170000076293945,22.09079933166504,22.1200008392334,1308,0.0,0.0
2023-07-10 14:30:00-04:00,22.18000030517578,22.260000228881836,22.18000030517578,22.239999771118164,6338,0.0,0.0
2023-07-10 15:30:00-04:00,22.270000457763672,22.270000457763672,22.190000534057617,22.21500015258789,6483,0.0,0.0
2023-07-11 09:30:00-04:00,22.309999465942383,22.549999237060547,22.309999465942383,22.489599227905273,7827,0.0,0.0
2023-07-11 10:30:00-04:00,22.6200008392334,22.70509910583496,22.59000015258789,22.70509910583496,3137,0.0,0.0
2023-07-11 11:30:00-04:00,22.65880012512207,22.75,22.65880012512207,22.75,4070,0.0,0.0
2023-07-11 12:30:00-04:00,22.739999771118164,22.810100555419922,22.739999771118164,22.810100555419922,2808,0.0,0.0
2023-07-11 13:30:00-04:00,22.81100082397461,22.8799991607666,22.719999313354492,22.75,9633,0.0,0.0
2023-07-11 14:30:00-04:00,22.74370002746582,22.770000457763672,22.719999313354492,22.760000228881836,3087,0.0,0.0
2023-07-11 15:30:00-04:00,22.770000457763672,22.8799991607666,22.100000381469727,22.760000228881836,42641,0.0,0.0
2023-07-12 09:30:00-04:00,23.0,23.239999771118164,22.940000534057617,23.059999465942383,10357,0.0,0.0
2023-07-12 10:30:00-04:00,23.079999923706055,23.100000381469727,23.0,23.100000381469727,4572,0.0,0.0
2023-07-12 11:30:00-04:00,23.110000610351562,23.122699737548828,23.010000228881836,23.09000015258789,3399,0.0,0.0
2023-07-12 12:30:00-04:00,23.101600646972656,23.101600646972656,23.0,23.0,11158,0.0,0.0
2023-07-12 13:30:00-04:00,23.010000228881836,23.010000228881836,22.904699325561523,22.904699325561523,2378,0.0,0.0
2023-07-12 14:30:00-04:00,22.885000228881836,23.0,22.875,22.940000534057617,7462,0.0,0.0
2023-07-12 15:30:00-04:00,22.940000534057617,22.940000534057617,22.829999923706055,22.829999923706055,5370,0.0,0.0
2023-07-13 09:30:00-04:00,22.889999389648438,22.979999542236328,22.850000381469727,22.90999984741211,7451,0.0,0.0
2023-07-13 10:30:00-04:00,22.920000076293945,22.969999313354492,22.860000610351562,22.969900131225586,11694,0.0,0.0
2023-07-13 11:30:00-04:00,22.920000076293945,23.1200008392334,22.8700008392334,23.020000457763672,6790,0.0,0.0
2023-07-13 12:30:00-04:00,23.09000015258789,23.200000762939453,22.760000228881836,22.81999969482422,22861,0.0,0.0
2023-07-13 13:30:00-04:00,22.829999923706055,23.020000457763672,22.795000076293945,23.020000457763672,4557,0.0,0.0
2023-07-13 14:30:00-04:00,23.06999969482422,23.129899978637695,23.030000686645508,23.09000015258789,1824,0.0,0.0
2023-07-13 15:30:00-04:00,23.02239990234375,23.049999237060547,22.969999313354492,23.010000228881836,13799,0.0,0.0
2023-07-14 09:30:00-04:00,23.09000015258789,23.09000015258789,22.67300033569336,22.75,18210,0.0,0.0
2023-07-14 10:30:00-04:00,22.809999465942383,22.809999465942383,22.559999465942383,22.680200576782227,7353,0.0,0.0
2023-07-14 11:30:00-04:00,22.760000228881836,22.850000381469727,22.65999984741211,22.84000015258789,13836,0.0,0.0
2023-07-14 12:30:00-04:00,22.719999313354492,22.799999237060547,22.649999618530273,22.65999984741211,3278,0.0,0.0
2023-07-14 13:30:00-04:00,22.790000915527344,22.920000076293945,22.690000534057617,22.8700008392334,24868,0.0,0.0
2023-07-14 14:30:00-04:00,22.8700008392334,22.8700008392334,22.700000762939453,22.739999771118164,15732,0.0,0.0
2023-07-14 15:30:00-04:00,22.700000762939453,22.799999237060547,22.639999389648438,22.65999984741211,7248,0.0,0.0
2023-07-17 09:30:00-04:00,22.5,22.5,22.280000686645508,22.3799991607666,0,0.0,0.0
2023-07-17 10:30:00-04:00,22.46500015258789,22.549999237060547,22.459999084472656,22.549999237060547,2831,0.0,0.0
2023-07-17 11:30:00-04:00,22.559999465942383,22.639999389648438,22.549999237060547,22.559999465942383,4052,0.0,0.0
2023-07-17 12:30:00-04:00,22.549999237060547,22.770000457763672,22.530000686645508,22.770000457763672,5005,0.0,0.0
2023-07-17 13:30:00-04:00,22.725900650024414,22.780000686645508,22.690000534057617,22.75,3731,0.0,0.0
2023-07-17 14:30:00-04:00,22.769899368286133,22.780000686645508,22.719999313354492,22.75,2480,0.0,0.0
2023-07-17 15:30:00-04:00,22.7450008392334,22.780000686645508,22.719999313354492,22.770000457763672,12970,0.0,0.0
2023-07-18 09:30:00-04:00,22.5,22.989999771118164,22.5,22.81999969482422,0,0.0,0.0
2023-07-18 10:30:00-04:00,22.956499099731445,23.190000534057617,22.760000228881836,23.190000534057617,14299,0.0,0.0
2023-07-18 11:30:00-04:00,23.11009979248047,23.375,23.105899810791016,23.270000457763672,18355,0.0,0.0
2023-07-18 12:30:00-04:00,23.290000915527344,23.309999465942383,23.150100708007812,23.184999465942383,6346,0.0,0.0
2023-07-18 13:30:00-04:00,23.209999084472656,23.420000076293945,23.209999084472656,23.270000457763672,12682,0.0,0.0
2023-07-18 14:30:00-04:00,23.281600952148438,23.31999969482422,23.229999542236328,23.31999969482422,4829,0.0,0.0
2023-07-18 15:30:00-04:00,23.28499984741211,23.28499984741211,23.1200008392334,23.170000076293945,6054,0.0,0.0
2023-07-19 09:30:00-04:00,23.299999237060547,23.370500564575195,23.15999984741211,23.343000411987305,6583,0.0,0.0
2023-07-19 10:30:00-04:00,23.200000762939453,23.209999084472656,23.059999465942383,23.200000762939453,10675,0.0,0.0
2023-07-19 11:30:00-04:00,23.204999923706055,23.204999923706055,23.100000381469727,23.149999618530273,7526,0.0,0.0
2023-07-19 12:30:00-04:00,23.1299991607666,23.1299991607666,23.052000045776367,23.110000610351562,3639,0.0,0.0
2023-07-19 13:30:00-04:00,23.139999389648438,23.139999389648438,23.077299118041992,23.1200008392334,1159,0.0,0.0
2023-07-19 14:30:00-04:00,23.06999969482422,23.110000610351562,23.030099868774414,23.079999923706055,9718,0.0,0.0
2023-07-19 15:30:00-04:00,23.110000610351562,23.1200008392334,23.045000076293945,23.06999969482422,12371,0.0,0.0
2023-07-20 09:30:00-04:00,23.200000762939453,23.200000762939453,22.985000610351562,22.985000610351562,4801,0.0,0.0
2023-07-20 10:30:00-04:00,22.979999542236328,23.079999923706055,22.920000076293945,23.0,11775,0.0,0.0
2023-07-20 11:30:00-04:00,22.940000534057617,23.059999465942383,22.899999618530273,23.0,8522,0.0,0.0
2023-07-20 12:30:00-04:00,22.959999084472656,23.020000457763672,22.920000076293945,23.020000457763672,4692,0.0,0.0
2023-07-20 13:30:00-04:00,23.059999465942383,23.09000015258789,23.030000686645508,23.030000686645508,1803,0.0,0.0
2023-07-20 14:30:00-04:00,23.049999237060547,23.05500030517578,22.93000030517578,22.934999465942383,7027,0.0,0.0
2023-07-20 15:30:00-04:00,22.940000534057617,23.06999969482422,22.940000534057617,23.0,7326,0.0,0.0
2023-07-21 09:30:00-04:00,23.1299991607666,23.1299991607666,22.799999237060547,22.799999237060547,5892,0.0,0.0
2023-07-21 10:30:00-04:00,22.799999237060547,22.829999923706055,22.700000762939453,22.799999237060547,13237,0.0,0.0
2023-07-21 11:30:00-04:00,22.950000762939453,22.950000762939453,22.780000686645508,22.780000686645508,2005,0.0,0.0
2023-07-21 12:30:00-04:00,22.770000457763672,22.797800064086914,22.700000762939453,22.7450008392334,2292,0.0,0.0
2023-07-21 13:30:00-04:00,22.709999084472656,22.8700008392334,22.709999084472656,22.850000381469727,4121,0.0,0.0
2023-07-21 14:30:00-04:00,22.860000610351562,22.93000030517578,22.829999923706055,22.84000015258789,2631,0.0,0.0
2023-07-21 15:30:00-04:00,22.84000015258789,23.059999465942383,22.829999923706055,23.020000457763672,38818,0.0,0.0
2023-07-24 09:30:00-04:00,22.790000915527344,23.190000534057617,22.790000915527344,22.920000076293945,0,0.0,0.0
2023-07-24 10:30:00-04:00,22.810100555419922,23.049999237060547,22.800100326538086,23.049999237060547,12421,0.0,0.0
2023-07-24 11:30:00-04:00,23.06999969482422,23.1299991607666,23.020000457763672,23.1299991607666,7210,0.0,0.0
2023-07-24 12:30:00-04:00,23.090099334716797,23.110000610351562,23.0,23.001300811767578,4204,0.0,0.0
2023-07-24 13:30:00-04:00,23.010000228881836,23.040000915527344,23.0,23.010000228881836,6508,0.0,0.0
2023-07-24 14:30:00-04:00,23.0,23.030000686645508,23.0,23.030000686645508,4542,0.0,0.0
2023-07-24 15:30:00-04:00,23.0,23.059999465942383,23.0,23.030000686645508,8334,0.0,0.0
2023-07-25 09:30:00-04:00,23.0,23.290000915527344,23.0,23.290000915527344,19706,0.0,0.0
2023-07-25 10:30:00-04:00,23.290000915527344,23.3799991607666,23.239999771118164,23.239999771118164,11431,0.0,0.0
2023-07-25 11:30:00-04:00,23.260000228881836,23.260000228881836,23.040000915527344,23.040000915527344,1774,0.0,0.0
2023-07-25 12:30:00-04:00,23.010000228881836,23.065000534057617,23.0,23.065000534057617,1155,0.0,0.0
2023-07-25 13:30:00-04:00,23.06999969482422,23.239999771118164,23.06999969482422,23.229999542236328,2806,0.0,0.0
2023-07-25 14:30:00-04:00,23.184999465942383,23.184999465942383,23.040000915527344,23.040000915527344,1863,0.0,0.0
2023-07-25 15:30:00-04:00,23.010000228881836,23.06999969482422,23.0,23.014999389648438,8028,0.0,0.0
2023-07-26 09:30:00-04:00,23.0,23.25,23.0,23.100000381469727,1617,0.0,0.0
2023-07-26 10:30:00-04:00,23.059999465942383,23.059999465942383,23.059999465942383,23.059999465942383,127,0.0,0.0
2023-07-26 11:30:00-04:00,23.06999969482422,23.100000381469727,23.0,23.100000381469727,2083,0.0,0.0
2023-07-26 12:30:00-04:00,23.100000381469727,23.200000762939453,23.049999237060547,23.170000076293945,10052,0.0,0.0
2023-07-26 13:30:00-04:00,23.18000030517578,23.204999923706055,23.15999984741211,23.200000762939453,2782,0.0,0.0
2023-07-26 15:30:00-04:00,23.1299991607666,23.18000030517578,23.084999084472656,23.18000030517578,6326,0.0,0.0
2023-07-27 09:30:00-04:00,23.25,23.4325008392334,23.25,23.43000030517578,9767,0.0,0.0
2023-07-27 10:30:00-04:00,23.450000762939453,23.450000762939453,23.405000686645508,23.44499969482422,4417,0.0,0.0
2023-07-27 11:30:00-04:00,23.437999725341797,23.440000534057617,23.395000457763672,23.434999465942383,12536,0.0,0.0
2023-07-27 12:30:00-04:00,23.450000762939453,23.459999084472656,23.350000381469727,23.36009979248047,5320,0.0,0.0
2023-07-27 13:30:00-04:00,23.427400588989258,23.43000030517578,23.239999771118164,23.25,2683,0.0,0.0
2023-07-27 14:30:00-04:00,23.200000762939453,23.21500015258789,23.149999618530273,23.21500015258789,3007,0.0,0.0
2023-07-27 15:30:00-04:00,23.15999984741211,23.280000686645508,23.149999618530273,23.229999542236328,11779,0.0,0.0
2023-07-28 09:30:00-04:00,23.40999984741211,23.6200008392334,23.3799991607666,23.600000381469727,10465,0.0,0.0
2023-07-28 10:30:00-04:00,23.575000762939453,23.642000198364258,23.510000228881836,23.6200008392334,12625,0.0,0.0
2023-07-28 11:30:00-04:00,23.551000595092773,23.719900131225586,23.551000595092773,23.635000228881836,7023,0.0,0.0
2023-07-28 12:30:00-04:00,23.6299991607666,23.75,23.6299991607666,23.739999771118164,3403,0.0,0.0
2023-07-28 13:30:00-04:00,23.7450008392334,23.75,23.6200008392334,23.68000030517578,4275,0.0,0.0
2023-07-28 14:30:00-04:00,23.7450008392334,23.75,23.6200008392334,23.7450008392334,2216,0.0,0.0
2023-07-28 15:30:00-04:00,23.684999465942383,23.809999465942383,23.684999465942383,23.739999771118164,18056,0.0,0.0
2023-07-31 09:30:00-04:00,23.940000534057617,23.989999771118164,23.46190071105957,23.851999282836914,15057,0.0,0.0
2023-07-31 10:30:00-04:00,23.799999237060547,23.799999237060547,23.65999984741211,23.79199981689453,7849,0.0,0.0
2023-07-31 11:30:00-04:00,23.792200088500977,23.84000015258789,23.719999313354492,23.84000015258789,3190,0.0,0.0
2023-07-31 12:30:00-04:00,23.825000762939453,24.030000686645508,23.709999084472656,23.942399978637695,21303,0.0,0.0
2023-07-31 13:30:00-04:00,23.950000762939453,23.990800857543945,23.829999923706055,23.864999771118164,6177,0.0,0.0
2023-07-31 14:30:00-04:00,23.864999771118164,23.950000762939453,23.864999771118164,23.950000762939453,2270,0.0,0.0
2023-07-31 15:30:00-04:00,23.920000076293945,23.920499801635742,23.850000381469727,23.899999618530273,16712,0.0,0.0
2023-08-01 09:30:00-04:00,23.889999389648438,23.889999389648438,23.530000686645508,23.649999618530273,16314,0.0,0.0
2023-08-01 10:30:00-04:00,23.690000534057617,23.690000534057617,23.530000686645508,23.584999084472656,5737,0.0,0.0
2023-08-01 11:30:00-04:00,23.639999389648438,23.728900909423828,23.639999389648438,23.728900909423828,1715,0.0,0.0
2023-08-01 12:30:00-04:00,23.59000015258789,23.780000686645508,23.59000015258789,23.780000686645508,2037,0.0,0.0
2023-08-01 13:30:00-04:00,23.779300689697266,23.82990074157715,23.6299991607666,23.82990074157715,13406,0.0,0.0
2023-08-01 14:30:00-04:00,23.739999771118164,23.75,23.649999618530273,23.649999618530273,24972,0.0,0.0
2023-08-01 15:30:00-04:00,23.65999984741211,23.700000762939453,23.59000015258789,23.649999618530273,23348,0.0,0.0
2023-08-02 09:30:00-04:00,23.709999084472656,23.709999084472656,23.260000228881836,23.43000030517578,18050,0.0,0.0
2023-08-02 10:30:00-04:00,23.200000762939453,23.350000381469727,23.197999954223633,23.350000381469727,9635,0.0,0.0
2023-08-02 11:30:00-04:00,23.350000381469727,23.40999984741211,23.209999084472656,23.30500030517578,15928,0.0,0.0
2023-08-02 12:30:00-04:00,23.290000915527344,23.427400588989258,23.290000915527344,23.299999237060547,4712,0.0,0.0
2023-08-02 13:30:00-04:00,23.3700008392334,23.3700008392334,23.34000015258789,23.34000015258789,1220,0.0,0.0
2023-08-02 14:30:00-04:00,23.34000015258789,23.419700622558594,23.31999969482422,23.34000015258789,4999,0.0,0.0
2023-08-02 15:30:00-04:00,23.31999969482422,23.524999618530273,23.309999465942383,23.469999313354492,8851,0.0,0.0
2023-08-03 09:30:00-04:00,23.700000762939453,23.700000762939453,23.290000915527344,23.479999542236328,13537,0.0,0.0
2023-08-03 10:30:00-04:00,23.372800827026367,23.549999237060547,23.31999969482422,23.549999237060547,3632,0.0,0.0
2023-08-03 11:30:00-04:00,23.535200119018555,23.790000915527344,23.489999771118164,23.670000076293945,18589,0.0,0.0
2023-08-03 12:30:00-04:00,23.719999313354492,23.75,23.700000762939453,23.700000762939453,3691,0.0,0.0
2023-08-03 13:30:00-04:00,23.75,23.883100509643555,23.725000381469727,23.829999923706055,4088,0.0,0.0
2023-08-03 14:30:00-04:00,23.829999923706055,23.889999389648438,23.709999084472656,23.809999465942383,23610,0.0,0.0
2023-08-03 15:30:00-04:00,23.84000015258789,23.889999389648438,23.790000915527344,23.790000915527344,5263,0.0,0.0
2023-08-04 09:30:00-04:00,23.760000228881836,24.040000915527344,23.71430015563965,23.850000381469727,6458,0.0,0.0
2023-08-04 10:30:00-04:00,23.940000534057617,23.979999542236328,23.799999237060547,23.799999237060547,20573,0.0,0.0
2023-08-04 11:30:00-04:00,23.889999389648438,23.93000030517578,23.850000381469727,23.93000030517578,3759,0.0,0.0
2023-08-04 12:30:00-04:00,23.979999542236328,24.079999923706055,23.889999389648438,24.010000228881836,12678,0.0,0.0
2023-08-04 13:30:00-04:00,23.989999771118164,23.989999771118164,23.81999969482422,23.8799991607666,6695,0.0,0.0
2023-08-04 14:30:00-04:00,23.760000228881836,23.860000610351562,23.75,23.834999084472656,4291,0.0,0.0
2023-08-04 15:30:00-04:00,23.834999084472656,23.889999389648438,23.709999084472656,23.799999237060547,16474,0.0,0.0
2023-08-07 09:30:00-04:00,23.75,23.75,23.639999389648438,23.729999542236328,7163,0.0,0.0
2023-08-07 10:30:00-04:00,23.770000457763672,23.799999237060547,23.770000457763672,23.780000686645508,1163,0.0,0.0
2023-08-07 11:30:00-04:00,23.65999984741211,23.76810073852539,23.65999984741211,23.76810073852539,1851,0.0,0.0
2023-08-07 12:30:00-04:00,23.780000686645508,23.888399124145508,23.780000686645508,23.888399124145508,2125,0.0,0.0
2023-08-07 13:30:00-04:00,23.80500030517578,23.959999084472656,23.80500030517578,23.959999084472656,5006,0.0,0.0
2023-08-07 14:30:00-04:00,23.969999313354492,23.979999542236328,23.760000228881836,23.850000381469727,9066,0.0,0.0
2023-08-07 15:30:00-04:00,23.8700008392334,23.950000762939453,23.850000381469727,23.8799991607666,6957,0.0,0.0
2023-08-08 09:30:00-04:00,23.75,23.75,23.188800811767578,23.440000534057617,14598,0.0,0.0
2023-08-08 10:30:00-04:00,23.44499969482422,23.68000030517578,23.34000015258789,23.56999969482422,8623,0.0,0.0
2023-08-08 11:30:00-04:00,23.549999237060547,23.579999923706055,23.43000030517578,23.540000915527344,3352,0.0,0.0
2023-08-08 12:30:00-04:00,23.489999771118164,23.645000457763672,23.489999771118164,23.559999465942383,3300,0.0,0.0
2023-08-08 13:30:00-04:00,23.610000610351562,23.649999618530273,23.350000381469727,23.540000915527344,12602,0.0,0.0
2023-08-08 14:30:00-04:00,23.40999984741211,23.5,23.399999618530273,23.485000610351562,4782,0.0,0.0
2023-08-08 15:30:00-04:00,23.5,23.579999923706055,23.459999084472656,23.549999237060547,12625,0.0,0.0
2023-08-09 09:30:00-04:00,23.719999313354492,24.081300735473633,23.540000915527344,24.059999465942383,11641,0.0,0.0
2023-08-09 10:30:00-04:00,24.0,24.0,23.84000015258789,23.979999542236328,28279,0.0,0.0
2023-08-09 11:30:00-04:00,24.0,24.01729965209961,23.920000076293945,23.920000076293945,5498,0.0,0.0
2023-08-09 12:30:00-04:00,23.899999618530273,23.959999084472656,23.899999618530273,23.959999084472656,823,0.0,0.0
2023-08-09 13:30:00-04:00,23.939899444580078,23.939899444580078,23.920000076293945,23.920000076293945,2728,0.0,0.0
2023-08-09 14:30:00-04:00,23.899999618530273,23.93400001525879,23.885000228881836,23.899999618530273,2874,0.0,0.0
2023-08-09 15:30:00-04:00,23.899999618530273,23.950000762939453,23.860000610351562,23.899999618530273,7660,0.0,0.0
2023-08-10 09:30:00-04:00,23.899999618530273,23.950000762939453,23.739999771118164,23.8799991607666,0,0.0,0.0
2023-08-10 10:30:00-04:00,23.899999618530273,23.979999542236328,23.670000076293945,23.84000015258789,3473,0.0,0.0
2023-08-10 11:30:00-04:00,23.809999465942383,23.860000610351562,23.782400131225586,23.860000610351562,6145,0.0,0.0
2023-08-10 12:30:00-04:00,23.8700008392334,23.950000762939453,23.850000381469727,23.889999389648438,1943,0.0,0.0
2023-08-10 13:30:00-04:00,23.889999389648438,23.950000762939453,23.889999389648438,23.920000076293945,3669,0.0,0.0
2023-08-10 14:30:00-04:00,23.90999984741211,23.93000030517578,23.850000381469727,23.889999389648438,3939,0.0,0.0
2023-08-10 15:30:00-04:00,23.889999389648438,23.889999389648438,23.799999237060547,23.8700008392334,11492,0.0,0.0
2023-08-11 09:30:00-04:00,24.09000015258789,24.09000015258789,23.899999618530273,23.950000762939453,13080,0.0,0.0
2023-08-11 10:30:00-04:00,23.790000915527344,23.920000076293945,23.790000915527344,23.809999465942383,3465,0.0,0.0
2023-08-11 11:30:00-04:00,23.739999771118164,23.739999771118164,23.68000030517578,23.68000030517578,665,0.0,0.0
2023-08-11 12:30:00-04:00,23.690000534057617,23.809999465942383,23.649999618530273,23.75,4825,0.0,0.0
2023-08-11 13:30:00-04:00,23.799999237060547,23.799999237060547,23.639999389648438,23.639999389648438,6464,0.0,0.0
2023-08-11 14:30:00-04:00,23.635000228881836,23.75,23.579999923706055,23.75,9417,0.0,0.0
2023-08-11 15:30:00-04:00,23.790000915527344,23.799999237060547,23.6299991607666,23.649999618530273,4700,0.0,0.0
2023-08-14 09:30:00-04:00,23.329999923706055,23.549999237060547,23.200000762939453,23.350000381469727,0,0.0,0.0
2023-08-14 10:30:00-04:00,23.2549991607666,23.328100204467773,23.2549991607666,23.328100204467773,562,0.0,0.0
2023-08-14 11:30:00-04:00,23.329999923706055,23.3799991607666,23.17009925842285,23.3799991607666,4408,0.0,0.0
2023-08-14 12:30:00-04:00,23.399999618530273,23.474300384521484,23.395000457763672,23.450000762939453,2265,0.0,0.0
2023-08-14 13:30:00-04:00,23.469999313354492,23.489999771118164,23.356300354003906,23.393800735473633,3142,0.0,0.0
2023-08-14 14:30:00-04:00,23.3700008392334,23.549999237060547,23.3700008392334,23.489999771118164,12417,0.0,0.0
2023-08-14 15:30:00-04:00,23.559999465942383,23.610000610351562,23.530000686645508,23.530000686645508,11081,0.0,0.0
2023-08-15 09:30:00-04:00,23.549999237060547,23.600000381469727,23.290000915527344,23.489999771118164,4029,0.0,0.0
2023-08-15 10:30:00-04:00,23.329999923706055,23.530000686645508,23.329999923706055,23.5,3570,0.0,0.0
2023-08-15 11:30:00-04:00,23.5,23.5,23.3700008392334,23.3700008392334,10533,0.0,0.0
2023-08-15 12:30:00-04:00,23.3700008392334,23.469999313354492,23.3700008392334,23.3700008392334,1573,0.0,0.0
2023-08-15 13:30:00-04:00,23.549999237060547,23.584999084472656,23.3700008392334,23.459999084472656,14450,0.0,0.0
2023-08-15 14:30:00-04:00,23.56999969482422,23.700000762939453,23.469999313354492,23.5,8878,0.0,0.0
2023-08-15 15:30:00-04:00,23.540000915527344,23.664400100708008,23.459999084472656,23.584999084472656,11260,0.0,0.0
2023-08-16 09:30:00-04:00,23.469999313354492,23.899999618530273,23.469999313354492,23.75,11363,0.0,0.0
2023-08-16 10:30:00-04:00,23.710100173950195,23.799999237060547,23.56999969482422,23.690000534057617,19934,0.0,0.0
2023-08-16 11:30:00-04:00,23.639999389648438,23.770000457763672,23.489999771118164,23.610000610351562,28923,0.0,0.0
2023-08-16 12:30:00-04:00,23.534099578857422,23.6299991607666,23.489999771118164,23.489999771118164,2085,0.0,0.0
2023-08-16 13:30:00-04:00,23.5,23.600000381469727,23.450000762939453,23.450000762939453,20802,0.0,0.0
2023-08-16 14:30:00-04:00,23.469999313354492,23.510000228881836,23.260000228881836,23.260000228881836,5998,0.0,0.0
2023-08-16 15:30:00-04:00,23.309999465942383,23.360000610351562,23.25,23.299999237060547,9886,0.0,0.0
2023-08-17 09:30:00-04:00,23.290000915527344,23.5,23.290000915527344,23.399999618530273,12237,0.0,0.0
2023-08-17 10:30:00-04:00,23.399999618530273,23.469999313354492,23.350000381469727,23.360000610351562,3013,0.0,0.0
2023-08-17 11:30:00-04:00,23.3799991607666,23.3799991607666,23.18000030517578,23.34000015258789,11765,0.0,0.0
2023-08-17 12:30:00-04:00,23.339599609375,23.339599609375,23.24220085144043,23.31999969482422,1484,0.0,0.0
2023-08-17 13:30:00-04:00,23.239999771118164,23.350000381469727,23.127399444580078,23.190000534057617,9281,0.0,0.0
2023-08-17 14:30:00-04:00,23.110000610351562,23.280000686645508,23.110000610351562,23.280000686645508,4582,0.0,0.0
2023-08-17 15:30:00-04:00,23.219999313354492,23.329999923706055,23.200000762939453,23.260000228881836,12879,0.0,0.0
2023-08-18 09:30:00-04:00,22.90999984741211,22.979999542236328,22.790000915527344,22.93000030517578,5634,0.0,0.0
2023-08-18 10:30:00-04:00,22.96500015258789,23.0049991607666,22.940000534057617,23.0,6965,0.0,0.0
2023-08-18 11:30:00-04:00,23.0049991607666,23.049999237060547,22.93000030517578,22.93000030517578,6393,0.0,0.0
2023-08-18 12:30:00-04:00,22.940000534057617,23.190000534057617,22.829999923706055,23.15999984741211,11066,0.0,0.0
2023-08-18 13:30:00-04:00,23.03499984741211,23.03499984741211,23.03499984741211,23.03499984741211,365,0.0,0.0
2023-08-18 14:30:00-04:00,23.06999969482422,23.06999969482422,22.834999084472656,22.834999084472656,7797,0.0,0.0
2023-08-18 15:30:00-04:00,22.889999389648438,22.920000076293945,22.75,22.75,17328,0.0,0.0
2023-08-21 09:30:00-04:00,22.709999084472656,22.920000076293945,22.709999084472656,22.75,11225,0.0,0.0
2023-08-21 10:30:00-04:00,22.790000915527344,22.799999237060547,22.72010040283203,22.72640037536621,4207,0.0,0.0
2023-08-21 11:30:00-04:00,22.700000762939453,22.700000762939453,22.537099838256836,22.56999969482422,10347,0.0,0.0
2023-08-21 12:30:00-04:00,22.610000610351562,22.610000610351562,22.584999084472656,22.600000381469727,3175,0.0,0.0
2023-08-21 13:30:00-04:00,22.600000381469727,22.610000610351562,22.56999969482422,22.579999923706055,1672,0.0,0.0
2023-08-21 14:30:00-04:00,22.600000381469727,22.600000381469727,22.430999755859375,22.549999237060547,12838,0.0,0.0
2023-08-21 15:30:00-04:00,22.520000457763672,22.59000015258789,22.5,22.520000457763672,5971,0.0,0.0
2023-08-22 09:30:00-04:00,22.579999923706055,22.600000381469727,22.377500534057617,22.549999237060547,10890,0.0,0.0
2023-08-22 10:30:00-04:00,22.497299194335938,22.690000534057617,22.459999084472656,22.690000534057617,7762,0.0,0.0
2023-08-22 11:30:00-04:00,22.690000534057617,22.690000534057617,22.579999923706055,22.579999923706055,3889,0.0,0.0
2023-08-22 12:30:00-04:00,22.59000015258789,22.59000015258789,22.530000686645508,22.579999923706055,7629,0.0,0.0
2023-08-22 13:30:00-04:00,22.579999923706055,22.68000030517578,22.579999923706055,22.6200008392334,4617,0.0,0.0
2023-08-22 14:30:00-04:00,22.649999618530273,22.729999542236328,22.6299991607666,22.68000030517578,5314,0.0,0.0
2023-08-22 15:30:00-04:00,22.6200008392334,22.729999542236328,22.56999969482422,22.729999542236328,14232,0.0,0.0
2023-08-23 09:30:00-04:00,23.100000381469727,23.295000076293945,22.700000762939453,23.280000686645508,42577,0.0,0.0
2023-08-23 10:30:00-04:00,23.3799991607666,23.760000228881836,23.329999923706055,23.34000015258789,43925,0.0,0.0
2023-08-23 11:30:00-04:00,23.34000015258789,23.43000030517578,23.329999923706055,23.43000030517578,9046,0.0,0.0
2023-08-23 12:30:00-04:00,23.448200225830078,23.59000015258789,23.43000030517578,23.469999313354492,18126,0.0,0.0
2023-08-23 13:30:00-04:00,23.479999542236328,23.510000228881836,23.40999984741211,23.479999542236328,7700,0.0,0.0
2023-08-23 14:30:00-04:00,23.45949935913086,23.45949935913086,23.120100021362305,23.25,14886,0.0,0.0
2023-08-23 15:30:00-04:00,23.280000686645508,23.3799991607666,23.1299991607666,23.209999084472656,18155,0.0,0.0
2023-08-24 09:30:00-04:00,23.100000381469727,23.190000534057617,22.700000762939453,23.07900047302246,25942,0.0,0.0
2023-08-24 10:30:00-04:00,22.989999771118164,22.989999771118164,22.739999771118164,22.799999237060547,3742,0.0,0.0
2023-08-24 11:30:00-04:00,22.69499969482422,22.98349952697754,22.69499969482422,22.98349952697754,11676,0.0,0.0
2023-08-24 12:30:00-04:00,23.0,23.0,22.944499969482422,22.969999313354492,7771,0.0,0.0
2023-08-24 13:30:00-04:00,22.924999237060547,22.950000762939453,22.8799991607666,22.90999984741211,11304,0.0,0.0
2023-08-24 14:30:00-04:00,22.8700008392334,22.904399871826172,22.774999618530273,22.860000610351562,7875,0.0,0.0
2023-08-24 15:30:00-04:00,22.760000228881836,22.811599731445312,22.530000686645508,22.610000610351562,15882,0.0,0.0
2023-08-25 09:30:00-04:00,22.719999313354492,22.719999313354492,22.489999771118164,22.530000686645508,7709,0.0,0.0
2023-08-25 10:30:00-04:00,22.59000015258789,22.59000015258789,22.170000076293945,22.239999771118164,23274,0.0,0.0
2023-08-25 11:30:00-04:00,22.22010040283203,22.43000030517578,22.219999313354492,22.399999618530273,8779,0.0,0.0
2023-08-25 12:30:00-04:00,22.395000457763672,22.450000762939453,22.270000457763672,22.270000457763672,6150,0.0,0.0
2023-08-25 13:30:00-04:00,22.290000915527344,22.440000534057617,22.219999313354492,22.440000534057617,11082,0.0,0.0
2023-08-25 14:30:00-04:00,22.420000076293945,22.520000457763672,22.399999618530273,22.520000457763672,7587,0.0,0.0
2023-08-25 15:30:00-04:00,22.5,22.5,22.389999389648438,22.399999618530273,6246,0.0,0.0
2023-08-28 09:30:00-04:00,22.299999237060547,22.799999237060547,22.280000686645508,22.600000381469727,0,0.0,0.0
2023-08-28 10:30:00-04:00,22.43000030517578,22.579999923706055,22.360000610351562,22.360000610351562,1991,0.0,0.0
2023-08-28 11:30:00-04:00,22.34000015258789,22.450000762939453,22.204999923706055,22.239999771118164,10893,0.0,0.0
2023-08-28 12:30:00-04:00,22.229999542236328,22.270000457763672,22.049999237060547,22.15999984741211,8758,0.0,0.0
2023-08-28 13:30:00-04:00,22.15999984741211,22.25,22.139999389648438,22.219999313354492,7148,0.0,0.0
2023-08-28 14:30:00-04:00,22.15999984741211,22.229900360107422,22.1200008392334,22.140100479125977,7355,0.0,0.0
2023-08-28 15:30:00-04:00,22.165000915527344,22.25,22.15999984741211,22.239999771118164,17790,0.0,0.0
2023-08-29 09:30:00-04:00,22.299999237060547,22.568700790405273,22.299999237060547,22.46500015258789,8286,0.0,0.0
2023-08-29 10:30:00-04:00,22.469999313354492,22.549999237060547,22.3799991607666,22.549999237060547,6949,0.0,0.0
2023-08-29 11:30:00-04:00,22.530000686645508,22.65999984741211,22.530000686645508,22.65999984741211,5589,0.0,0.0
2023-08-29 12:30:00-04:00,22.624900817871094,22.624900817871094,22.530000686645508,22.540000915527344,14082,0.0,0.0
2023-08-29 13:30:00-04:00,22.559999465942383,22.569900512695312,22.5,22.5,8131,0.0,0.0
2023-08-29 14:30:00-04:00,22.540000915527344,22.543899536132812,22.459999084472656,22.543899536132812,5557,0.0,0.0
2023-08-29 15:30:00-04:00,22.549999237060547,22.65999984741211,22.549999237060547,22.59000015258789,3706,0.0,0.0
2023-08-30 09:30:00-04:00,22.059999465942383,22.600000381469727,22.059999465942383,22.399999618530273,28621,0.0,0.0
2023-08-30 10:30:00-04:00,22.399999618530273,22.510000228881836,22.399999618530273,22.510000228881836,3299,0.0,0.0
2023-08-30 11:30:00-04:00,22.520000457763672,22.780000686645508,22.520000457763672,22.690000534057617,5735,0.0,0.0
2023-08-30 12:30:00-04:00,22.712099075317383,22.719999313354492,22.626699447631836,22.719999313354492,5874,0.0,0.0
2023-08-30 13:30:00-04:00,22.75,22.75,22.559999465942383,22.559999465942383,8414,0.0,0.0
2023-08-30 14:30:00-04:00,22.599899291992188,22.700000762939453,22.590499877929688,22.700000762939453,4965,0.0,0.0
2023-08-30 15:30:00-04:00,22.65999984741211,22.65999984741211,22.56999969482422,22.59000015258789,8910,0.0,0.0
2023-08-31 09:30:00-04:00,22.489999771118164,22.559999465942383,22.309999465942383,22.489900588989258,7284,0.0,0.0
2023-08-31 10:30:00-04:00,22.489999771118164,22.489999771118164,22.43000030517578,22.450000762939453,6938,0.0,0.0
2023-08-31 11:30:00-04:00,22.389999389648438,22.43000030517578,22.360000610351562,22.43000030517578,6792,0.0,0.0
2023-08-31 12:30:00-04:00,22.360000610351562,22.399999618530273,22.299999237060547,22.329999923706055,11000,0.0,0.0
2023-08-31 13:30:00-04:00,22.300100326538086,22.42449951171875,22.300100326538086,22.42449951171875,2256,0.0,0.0
2023-08-31 14:30:00-04:00,22.310100555419922,22.43000030517578,22.309999465942383,22.43000030517578,3896,0.0,0.0
2023-08-31 15:30:00-04:00,22.360000610351562,22.360000610351562,22.239999771118164,22.239999771118164,8568,0.0,0.0
2023-09-01 09:30:00-04:00,22.389999389648438,22.610000610351562,22.34119987487793,22.538700103759766,6130,0.0,0.0
2023-09-01 10:30:00-04:00,22.540000915527344,22.540000915527344,22.299999237060547,22.31999969482422,6693,0.0,0.0
2023-09-01 11:30:00-04:00,22.40999984741211,22.469999313354492,22.350000381469727,22.469999313354492,11647,0.0,0.0
2023-09-01 12:30:00-04:00,22.400100708007812,22.450000762939453,22.395999908447266,22.43000030517578,2170,0.0,0.0
2023-09-01 13:30:00-04:00,22.395000457763672,22.40250015258789,22.36590003967285,22.36590003967285,1093,0.0,0.0
2023-09-01 14:30:00-04:00,22.420000076293945,22.489900588989258,22.408000946044922,22.408000946044922,1871,0.0,0.0
2023-09-01 15:30:00-04:00,22.420000076293945,22.459999084472656,22.389999389648438,22.389999389648438,15462,0.0,0.0
2023-09-05 09:30:00-04:00,22.3700008392334,22.3700008392334,21.670000076293945,21.75,0,0.0,0.0
2023-09-05 10:30:00-04:00,21.760000228881836,21.790000915527344,21.579999923706055,21.639999389648438,16121,0.0,0.0
2023-09-05 11:30:00-04:00,21.700000762939453,21.889999389648438,21.59000015258789,21.889999389648438,5109,0.0,0.0
2023-09-05 12:30:00-04:00,21.809999465942383,21.844999313354492,21.809999465942383,21.844999313354492,682,0.0,0.0
2023-09-05 13:30:00-04:00,21.844999313354492,21.850000381469727,21.780000686645508,21.790000915527344,9317,0.0,0.0
2023-09-05 14:30:00-04:00,21.754899978637695,21.754899978637695,21.655000686645508,21.655000686645508,3131,0.0,0.0
2023-09-05 15:30:00-04:00,21.639999389648438,21.700000762939453,21.600000381469727,21.670000076293945,11288,0.0,0.0
2023-09-06 09:30:00-04:00,21.700000762939453,22.0,21.700000762939453,21.8700008392334,6657,0.0,0.0
2023-09-06 10:30:00-04:00,21.885000228881836,21.899999618530273,21.5,21.5049991607666,8811,0.0,0.0
2023-09-06 11:30:00-04:00,21.510000228881836,21.68000030517578,21.5,21.646900177001953,99082,0.0,0.0
2023-09-06 12:30:00-04:00,21.549999237060547,21.549999237060547,21.43000030517578,21.510000228881836,3666,0.0,0.0
2023-09-06 13:30:00-04:00,21.5049991607666,21.559999465942383,21.5049991607666,21.559999465942383,1503,0.0,0.0
2023-09-06 14:30:00-04:00,21.510000228881836,21.553600311279297,21.510000228881836,21.553600311279297,519,0.0,0.0
2023-09-06 15:30:00-04:00,21.565000534057617,21.65999984741211,21.559999465942383,21.59000015258789,5480,0.0,0.0
2023-09-07 09:30:00-04:00,21.59000015258789,21.639999389648438,21.399999618530273,21.559999465942383,0,0.0,0.0
2023-09-07 10:30:00-04:00,21.440000534057617,21.440000534057617,21.309999465942383,21.350000381469727,4159,0.0,0.0
2023-09-07 11:30:00-04:00,21.350000381469727,21.350000381469727,21.225000381469727,21.225000381469727,3810,0.0,0.0
2023-09-07 12:30:00-04:00,21.171499252319336,21.229999542236328,21.171499252319336,21.20009994506836,2693,0.0,0.0
2023-09-07 13:30:00-04:00,21.219999313354492,21.219999313354492,21.15999984741211,21.19499969482422,6408,0.0,0.0
2023-09-07 14:30:00-04:00,21.170000076293945,21.170000076293945,21.020000457763672,21.09000015258789,17061,0.0,0.0
2023-09-07 15:30:00-04:00,21.06999969482422,21.170000076293945,21.020000457763672,21.125,12773,0.0,0.0
2023-09-08 09:30:00-04:00,21.25,21.489999771118164,21.25,21.3799991607666,0,0.0,0.0
2023-09-08 10:30:00-04:00,21.339799880981445,21.450000762939453,21.31999969482422,21.440000534057617,5852,0.0,0.0
2023-09-08 11:30:00-04:00,21.479999542236328,21.639999389648438,21.46969985961914,21.639999389648438,3586,0.0,0.0
2023-09-08 12:30:00-04:00,21.65999984741211,21.65999984741211,21.579999923706055,21.579999923706055,6665,0.0,0.0
2023-09-08 13:30:00-04:00,21.489999771118164,21.582000732421875,21.489999771118164,21.58099937438965,3918,0.0,0.0
2023-09-08 14:30:00-04:00,21.600000381469727,21.770000457763672,21.56999969482422,21.65999984741211,8481,0.0,0.0
2023-09-08 15:30:00-04:00,21.600000381469727,21.690000534057617,21.600000381469727,21.65999984741211,4323,0.0,0.0
2023-09-11 09:30:00-04:00,21.75,21.760000228881836,21.459999084472656,21.459999084472656,0,0.0,0.0
2023-09-11 10:30:00-04:00,21.6299991607666,21.700000762939453,21.600000381469727,21.600000381469727,3404,0.0,0.0
2023-09-11 11:30:00-04:00,21.518999099731445,21.6299991607666,21.31999969482422,21.354999542236328,22139,0.0,0.0
2023-09-11 12:30:00-04:00,21.312000274658203,21.3799991607666,21.170000076293945,21.25,38065,0.0,0.0
2023-09-11 13:30:00-04:00,21.270000457763672,21.270000457763672,21.139999389648438,21.165000915527344,6054,0.0,0.0
2023-09-11 14:30:00-04:00,21.170000076293945,21.219999313354492,21.15999984741211,21.170000076293945,2618,0.0,0.0
2023-09-11 15:30:00-04:00,21.170000076293945,21.170000076293945,21.049999237060547,21.08799934387207,6196,0.0,0.0
2023-09-12 09:30:00-04:00,21.010000228881836,21.149999618530273,20.919700622558594,21.049999237060547,5071,0.0,0.0
2023-09-12 10:30:00-04:00,21.1289005279541,21.450000762939453,21.059999465942383,21.399999618530273,22894,0.0,0.0
2023-09-12 11:30:00-04:00,21.40999984741211,21.479999542236328,21.31999969482422,21.3700008392334,9595,0.0,0.0
2023-09-12 12:30:00-04:00,21.364999771118164,21.59000015258789,21.329999923706055,21.540000915527344,14942,0.0,0.0
2023-09-12 13:30:00-04:00,21.582000732421875,21.68000030517578,21.559099197387695,21.655000686645508,6870,0.0,0.0
2023-09-12 14:30:00-04:00,21.690000534057617,21.75,21.649999618530273,21.670000076293945,8037,0.0,0.0
2023-09-12 15:30:00-04:00,21.600000381469727,21.729999542236328,21.600000381469727,21.709999084472656,8221,0.0,0.0
2023-09-13 09:30:00-04:00,22.09000015258789,23.447399139404297,22.09000015258789,23.110000610351562,148402,0.0,0.0
2023-09-13 10:30:00-04:00,23.059999465942383,23.1299991607666,22.68000030517578,22.81999969482422,66137,0.0,0.0
2023-09-13 11:30:00-04:00,22.895000457763672,23.001800537109375,22.854999542236328,22.956600189208984,19503,0.0,0.0
2023-09-13 12:30:00-04:00,22.90999984741211,23.0,22.899999618530273,22.969999313354492,8521,0.0,0.0
2023-09-13 13:30:00-04:00,22.999799728393555,23.1200008392334,22.860000610351562,22.915000915527344,24956,0.0,0.0
2023-09-13 14:30:00-04:00,22.860000610351562,22.90999984741211,22.760000228881836,22.81290054321289,6532,0.0,0.0
2023-09-13 15:30:00-04:00,22.81999969482422,23.010000228881836,22.75,22.829999923706055,25415,0.0,0.0
2023-09-14 09:30:00-04:00,22.90999984741211,23.389999389648438,22.905000686645508,22.905000686645508,34834,0.0,0.0
2023-09-14 10:30:00-04:00,22.875,23.190000534057617,22.875,23.100000381469727,19869,0.0,0.0
2023-09-14 11:30:00-04:00,23.1299991607666,23.16990089416504,23.09000015258789,23.139999389648438,4422,0.0,0.0
2023-09-14 12:30:00-04:00,23.139999389648438,23.260000228881836,23.110000610351562,23.184999465942383,10273,0.0,0.0
2023-09-14 13:30:00-04:00,23.170000076293945,23.219999313354492,23.040000915527344,23.15999984741211,15158,0.0,0.0
2023-09-14 14:30:00-04:00,23.09000015258789,23.200000762939453,22.799999237060547,22.809999465942383,9761,0.0,0.0
2023-09-14 15:30:00-04:00,22.799999237060547,22.959999084472656,22.773300170898438,22.850000381469727,14238,0.0,0.0
2023-09-15 09:30:00-04:00,22.790000915527344,22.989999771118164,22.790000915527344,22.8700008392334,9279,0.0,0.0
2023-09-15 10:30:00-04:00,22.790000915527344,22.8799991607666,22.7450008392334,22.799999237060547,15321,0.0,0.0
2023-09-15 11:30:00-04:00,22.860000610351562,22.8700008392334,22.739999771118164,22.739999771118164,8022,0.0,0.0
2023-09-15 12:30:00-04:00,22.719999313354492,22.719999313354492,22.600000381469727,22.600000381469727,4285,0.0,0.0
2023-09-15 13:30:00-04:00,22.600000381469727,22.600000381469727,22.420000076293945,22.43400001525879,6640,0.0,0.0
2023-09-15 14:30:00-04:00,22.489999771118164,22.729999542236328,22.459999084472656,22.610000610351562,21234,0.0,0.0
2023-09-15 15:30:00-04:00,22.600000381469727,22.649999618530273,22.434999465942383,22.489999771118164,31295,0.0,0.0
2023-09-18 09:30:00-04:00,22.450000762939453,22.469999313354492,22.1299991607666,22.309999465942383,5078,0.0,0.0
2023-09-18 10:30:00-04:00,22.325599670410156,22.440000534057617,22.270000457763672,22.42729949951172,14021,0.0,0.0
2023-09-18 11:30:00-04:00,22.43000030517578,22.889999389648438,22.320100784301758,22.739999771118164,27664,0.0,0.0
2023-09-18 12:30:00-04:00,22.729999542236328,22.77400016784668,22.514999389648438,22.56999969482422,7672,0.0,0.0
2023-09-18 13:30:00-04:00,22.549999237060547,22.610000610351562,22.520000457763672,22.59000015258789,4890,0.0,0.0
2023-09-18 14:30:00-04:00,22.575000762939453,22.739999771118164,22.575000762939453,22.690000534057617,10008,0.0,0.0
2023-09-18 15:30:00-04:00,22.690000534057617,22.690000534057617,22.520000457763672,22.520000457763672,5953,0.0,0.0
2023-09-19 09:30:00-04:00,22.68000030517578,22.97439956665039,22.68000030517578,22.88800048828125,26583,0.0,0.0
2023-09-19 10:30:00-04:00,22.8882999420166,22.920000076293945,22.719999313354492,22.760000228881836,14751,0.0,0.0
2023-09-19 11:30:00-04:00,22.770000457763672,22.8700008392334,22.670000076293945,22.780000686645508,7143,0.0,0.0
2023-09-19 12:30:00-04:00,22.827299118041992,22.827299118041992,22.770000457763672,22.799999237060547,2645,0.0,0.0
2023-09-19 13:30:00-04:00,22.770000457763672,22.809999465942383,22.760000228881836,22.772199630737305,7038,0.0,0.0
2023-09-19 14:30:00-04:00,22.770000457763672,22.822500228881836,22.770000457763672,22.790000915527344,5206,0.0,0.0
2023-09-19 15:30:00-04:00,22.790000915527344,22.850000381469727,22.790000915527344,22.829999923706055,8168,0.0,0.0
2023-09-20 09:30:00-04:00,22.969999313354492,22.989999771118164,22.829999923706055,22.94529914855957,13416,0.0,0.0
2023-09-20 10:30:00-04:00,22.92620086669922,22.989999771118164,22.860000610351562,22.96500015258789,10027,0.0,0.0
2023-09-20 11:30:00-04:00,22.989999771118164,23.100000381469727,22.934999465942383,23.010000228881836,8642,0.0,0.0
2023-09-20 12:30:00-04:00,22.979999542236328,23.014999389648438,22.889999389648438,22.895000457763672,8348,0.0,0.0
2023-09-20 13:30:00-04:00,22.93000030517578,22.940000534057617,22.799999237060547,22.799999237060547,1490,0.0,0.0
2023-09-20 14:30:00-04:00,22.83799934387207,22.915000915527344,22.670000076293945,22.670000076293945,5726,0.0,0.0
2023-09-20 15:30:00-04:00,22.6200008392334,22.6200008392334,22.510000228881836,22.549999237060547,8488,0.0,0.0
2023-09-21 09:30:00-04:00,22.530000686645508,22.530000686645508,22.299999237060547,22.360000610351562,4950,0.0,0.0
2023-09-21 10:30:00-04:00,22.25,22.329999923706055,22.149999618530273,22.246999740600586,2876,0.0,0.0
2023-09-21 11:30:00-04:00,22.34000015258789,22.34000015258789,22.248899459838867,22.290000915527344,2607,0.0,0.0
2023-09-21 12:30:00-04:00,22.290000915527344,22.350000381469727,22.290000915527344,22.350000381469727,2628,0.0,0.0
2023-09-21 13:30:00-04:00,22.389999389648438,22.389999389648438,22.264999389648438,22.264999389648438,4044,0.0,0.0
2023-09-21 14:30:00-04:00,22.219999313354492,22.2450008392334,22.139999389648438,22.149999618530273,3942,0.0,0.0
2023-09-21 15:30:00-04:00,22.1299991607666,22.270000457763672,22.1200008392334,22.260000228881836,11855,0.0,0.0
2023-09-22 09:30:00-04:00,22.40999984741211,22.68000030517578,22.40999984741211,22.559999465942383,19547,0.0,0.0
2023-09-22 10:30:00-04:00,22.610000610351562,22.75,22.549999237060547,22.549999237060547,12052,0.0,0.0
2023-09-22 11:30:00-04:00,22.549999237060547,22.549999237060547,22.400100708007812,22.400100708007812,5641,0.0,0.0
2023-09-22 12:30:00-04:00,22.489999771118164,22.489999771118164,22.395000457763672,22.40999984741211,5555,0.0,0.0
2023-09-22 13:30:00-04:00,22.360000610351562,22.56999969482422,22.360000610351562,22.481199264526367,4490,0.0,0.0
2023-09-22 14:30:00-04:00,22.5049991607666,22.719999313354492,22.5,22.709999084472656,10422,0.0,0.0
2023-09-22 15:30:00-04:00,22.68000030517578,22.690000534057617,22.552499771118164,22.649999618530273,12137,0.0,0.0
2023-09-25 09:30:00-04:00,22.649999618530273,22.790000915527344,22.649999618530273,22.684999465942383,11549,0.0,0.0
2023-09-25 10:30:00-04:00,22.75,22.950000762939453,22.75,22.950000762939453,7504,0.0,0.0
2023-09-25 11:30:00-04:00,22.969999313354492,22.969999313354492,22.790000915527344,22.8799991607666,7623,0.0,0.0
2023-09-25 12:30:00-04:00,22.920000076293945,22.93000030517578,22.84000015258789,22.850000381469727,5516,0.0,0.0
2023-09-25 13:30:00-04:00,22.860000610351562,22.93000030517578,22.829999923706055,22.829999923706055,4609,0.0,0.0
2023-09-25 14:30:00-04:00,22.84000015258789,22.899999618530273,22.700000762939453,22.899999618530273,17073,0.0,0.0
2023-09-25 15:30:00-04:00,22.895000457763672,22.989999771118164,22.764999389648438,22.90999984741211,28307,0.0,0.0
2023-09-26 09:30:00-04:00,22.81999969482422,23.110000610351562,22.770000457763672,22.93000030517578,9930,0.0,0.0
2023-09-26 10:30:00-04:00,22.90999984741211,23.239999771118164,22.899999618530273,23.229999542236328,20660,0.0,0.0
2023-09-26 11:30:00-04:00,23.030000686645508,23.25,23.0,23.160999298095703,6395,0.0,0.0
2023-09-26 12:30:00-04:00,23.200899124145508,23.270000457763672,23.1299991607666,23.149999618530273,2874,0.0,0.0
2023-09-26 13:30:00-04:00,23.125,23.149999618530273,23.040000915527344,23.040000915527344,3708,0.0,0.0
2023-09-26 14:30:00-04:00,23.020000457763672,23.040000915527344,22.979999542236328,22.979999542236328,2273,0.0,0.0
2023-09-26 15:30:00-04:00,23.049999237060547,23.09000015258789,22.969999313354492,23.030000686645508,11325,0.0,0.0
2023-09-27 09:30:00-04:00,23.030000686645508,23.489999771118164,23.030000686645508,23.379899978637695,10368,0.0,0.0
2023-09-27 10:30:00-04:00,23.3799991607666,23.40999984741211,23.299999237060547,23.3799991607666,6972,0.0,0.0
2023-09-27 11:30:00-04:00,23.344999313354492,23.40999984741211,23.299999237060547,23.299999237060547,10929,0.0,0.0
2023-09-27 12:30:00-04:00,23.30500030517578,23.389999389648438,23.260000228881836,23.309999465942383,1980,0.0,0.0
2023-09-27 13:30:00-04:00,23.270000457763672,23.329999923706055,23.15999984741211,23.174999237060547,5442,0.0,0.0
2023-09-27 14:30:00-04:00,23.184999465942383,23.440000534057617,23.184999465942383,23.440000534057617,6756,0.0,0.0
2023-09-27 15:30:00-04:00,23.424999237060547,23.530000686645508,23.340099334716797,23.440000534057617,32806,0.0,0.0
2023-09-28 09:30:00-04:00,23.299999237060547,23.549999237060547,23.139999389648438,23.450000762939453,0,0.0,0.0
2023-09-28 10:30:00-04:00,23.389999389648438,23.450000762939453,23.270000457763672,23.350000381469727,10952,0.0,0.0
2023-09-28 11:30:00-04:00,23.393800735473633,23.5,23.389999389648438,23.479999542236328,6799,0.0,0.0
2023-09-28 12:30:00-04:00,23.440000534057617,23.440000534057617,23.399999618530273,23.399999618530273,2064,0.0,0.0
2023-09-28 13:30:00-04:00,23.329999923706055,23.3700008392334,23.329999923706055,23.3700008392334,3275,0.0,0.0
2023-09-28 14:30:00-04:00,23.299999237060547,23.440000534057617,23.299999237060547,23.440000534057617,8085,0.0,0.0
2023-09-28 15:30:00-04:00,23.43000030517578,23.43000030517578,23.18000030517578,23.34000015258789,9596,0.0,0.0
2023-09-29 09:30:00-04:00,23.414899826049805,23.559999465942383,23.329999923706055,23.405000686645508,3842,0.0,0.0
2023-09-29 10:30:00-04:00,23.469999313354492,23.540000915527344,23.270000457763672,23.540000915527344,3897,0.0,0.0
2023-09-29 11:30:00-04:00,23.44499969482422,23.540000915527344,23.329999923706055,23.43000030517578,12093,0.0,0.0
2023-09-29 12:30:00-04:00,23.440000534057617,23.5,23.329999923706055,23.389999389648438,2240,0.0,0.0
2023-09-29 13:30:00-04:00,23.389999389648438,23.389999389648438,23.1200008392334,23.149999618530273,15320,0.0,0.0
2023-09-29 14:30:00-04:00,23.200000762939453,23.260000228881836,23.180999755859375,23.260000228881836,5072,0.0,0.0
2023-09-29 15:30:00-04:00,23.18000030517578,23.219999313354492,23.06999969482422,23.06999969482422,14997,0.0,0.0
2023-10-02 09:30:00-04:00,23.100000381469727,23.40999984741211,23.06999969482422,23.06999969482422,0,0.0,0.0
2023-10-02 10:30:00-04:00,23.280000686645508,23.280000686645508,23.1200008392334,23.270000457763672,1822,0.0,0.0
2023-10-02 11:30:00-04:00,23.040000915527344,23.18000030517578,23.0,23.114999771118164,1070,0.0,0.0
2023-10-02 12:30:00-04:00,23.079999923706055,23.34000015258789,23.079999923706055,23.31999969482422,7937,0.0,0.0
2023-10-02 13:30:00-04:00,23.34000015258789,23.350000381469727,23.139999389648438,23.329999923706055,4639,0.0,0.0
2023-10-02 14:30:00-04:00,23.149999618530273,23.299999237060547,23.1299991607666,23.280000686645508,19397,0.0,0.0
2023-10-02 15:30:00-04:00,23.253000259399414,23.34000015258789,23.149999618530273,23.268699645996094,27132,0.0,0.0
2023-10-03 09:30:00-04:00,23.25,23.469999313354492,23.059999465942383,23.059999465942383,0,0.0,0.0
2023-10-03 10:30:00-04:00,23.208099365234375,23.209999084472656,22.829999923706055,22.8700008392334,15001,0.0,0.0
2023-10-03 11:30:00-04:00,22.768400192260742,22.84000015258789,22.649999618530273,22.739999771118164,4848,0.0,0.0
2023-10-03 12:30:00-04:00,22.75,22.780000686645508,22.67009925842285,22.67009925842285,4321,0.0,0.0
2023-10-03 13:30:00-04:00,22.709999084472656,22.709999084472656,22.6200008392334,22.6200008392334,3997,0.0,0.0
2023-10-03 14:30:00-04:00,22.600000381469727,22.700000762939453,22.579999923706055,22.700000762939453,3778,0.0,0.0
2023-10-03 15:30:00-04:00,22.649999618530273,22.729999542236328,22.6299991607666,22.709999084472656,11066,0.0,0.0
2023-10-04 09:30:00-04:00,22.5,22.559999465942383,21.891000747680664,21.891000747680664,0,0.0,0.0
2023-10-04 10:30:00-04:00,22.049999237060547,22.299999237060547,21.844999313354492,22.21500015258789,18540,0.0,0.0
2023-10-04 11:30:00-04:00,22.309999465942383,22.31999969482422,22.229999542236328,22.31999969482422,2439,0.0,0.0
2023-10-04 12:30:00-04:00,22.31999969482422,22.325000762939453,22.190000534057617,22.190000534057617,7618,0.0,0.0
2023-10-04 13:30:00-04:00,22.139999389648438,22.219999313354492,22.100000381469727,22.15999984741211,7395,0.0,0.0
2023-10-04 14:30:00-04:00,22.09000015258789,22.1200008392334,22.059999465942383,22.059999465942383,4724,0.0,0.0
2023-10-04 15:30:00-04:00,22.059999465942383,22.190000534057617,22.040000915527344,22.18000030517578,11151,0.0,0.0
2023-10-05 09:30:00-04:00,22.100000381469727,22.334999084472656,21.921100616455078,22.239999771118164,0,0.0,0.0
2023-10-05 10:30:00-04:00,22.299999237060547,22.350000381469727,22.030000686645508,22.09000015258789,26983,0.0,0.0
2023-10-05 11:30:00-04:00,22.239900588989258,22.239900588989258,22.030000686645508,22.200000762939453,8340,0.0,0.0
2023-10-05 12:30:00-04:00,22.145000457763672,22.15999984741211,22.06999969482422,22.1299991607666,3891,0.0,0.0
2023-10-05 13:30:00-04:00,22.200000762939453,22.329999923706055,22.200000762939453,22.329999923706055,6397,0.0,0.0
2023-10-05 14:30:00-04:00,22.329999923706055,22.329999923706055,22.18000030517578,22.18000030517578,9295,0.0,0.0
2023-10-05 15:30:00-04:00,22.270000457763672,22.280000686645508,22.209999084472656,22.25,14394,0.0,0.0
2023-10-06 09:30:00-04:00,22.239999771118164,22.530000686645508,22.200000762939453,22.209999084472656,9247,0.0,0.0
2023-10-06 10:30:00-04:00,22.27869987487793,22.649999618530273,22.27680015563965,22.649999618530273,24571,0.0,0.0
2023-10-06 11:30:00-04:00,22.709999084472656,22.850000381469727,22.604999542236328,22.644399642944336,10042,0.0,0.0
2023-10-06 12:30:00-04:00,22.649999618530273,22.719999313354492,22.540000915527344,22.63759994506836,8367,0.0,0.0
2023-10-06 13:30:00-04:00,22.59000015258789,22.670000076293945,22.59000015258789,22.670000076293945,2062,0.0,0.0
2023-10-06 14:30:00-04:00,22.700000762939453,22.729999542236328,22.649999618530273,22.649999618530273,5126,0.0,0.0
2023-10-06 15:30:00-04:00,22.664600372314453,22.729999542236328,22.649999618530273,22.729999542236328,7177,0.0,0.0
2023-10-09 09:30:00-04:00,22.799999237060547,23.25,22.739999771118164,23.05500030517578,24328,0.0,0.0
2023-10-09 10:30:00-04:00,23.09000015258789,23.09000015258789,22.889999389648438,22.989999771118164,4972,0.0,0.0
2023-10-09 11:30:00-04:00,22.944599151611328,22.969999313354492,22.81170082092285,22.93000030517578,9013,0.0,0.0
2023-10-09 12:30:00-04:00,22.950000762939453,22.959999084472656,22.899999618530273,22.959999084472656,1382,0.0,0.0
2023-10-09 13:30:00-04:00,23.010000228881836,23.149999618530273,22.90999984741211,23.040000915527344,25999,0.0,0.0
2023-10-09 14:30:00-04:00,22.975000381469727,23.030000686645508,22.924999237060547,23.030000686645508,4524,0.0,0.0
2023-10-09 15:30:00-04:00,23.0049991607666,23.020000457763672,22.979999542236328,22.9950008392334,9355,0.0,0.0
2023-10-10 09:30:00-04:00,23.1299991607666,23.139999389648438,22.975000381469727,23.084999084472656,10725,0.0,0.0
2023-10-10 10:30:00-04:00,23.084999084472656,23.084999084472656,22.829999923706055,22.829999923706055,2525,0.0,0.0
2023-10-10 11:30:00-04:00,22.950000762939453,23.030000686645508,22.889999389648438,22.950000762939453,8454,0.0,0.0
2023-10-10 12:30:00-04:00,22.899999618530273,22.969999313354492,22.799999237060547,22.93000030517578,2026,0.0,0.0
2023-10-10 13:30:00-04:00,22.93000030517578,22.93000030517578,22.801000595092773,22.8799991607666,1953,0.0,0.0
2023-10-10 14:30:00-04:00,22.864999771118164,22.8700008392334,22.670000076293945,22.829999923706055,13223,0.0,0.0
2023-10-10 15:30:00-04:00,22.739999771118164,22.860000610351562,22.730100631713867,22.790000915527344,6576,0.0,0.0
2023-10-11 09:30:00-04:00,22.8799991607666,23.030000686645508,22.799999237060547,22.959999084472656,0,0.0,0.0
2023-10-11 10:30:00-04:00,22.860000610351562,23.020000457763672,22.860000610351562,22.895000457763672,8463,0.0,0.0
2023-10-11 11:30:00-04:00,22.860000610351562,23.1200008392334,22.860000610351562,23.059999465942383,19050,0.0,0.0
2023-10-11 12:30:00-04:00,23.09000015258789,23.09000015258789,22.989999771118164,23.0221004486084,2585,0.0,0.0
2023-10-11 13:30:00-04:00,23.040000915527344,23.040000915527344,22.959999084472656,22.969999313354492,3472,0.0,0.0
2023-10-11 14:30:00-04:00,23.0049991607666,23.049999237060547,22.989999771118164,23.049999237060547,1648,0.0,0.0
2023-10-11 15:30:00-04:00,23.020000457763672,23.049999237060547,22.969999313354492,22.969999313354492,8997,0.0,0.0
2023-10-12 09:30:00-04:00,23.0,23.069599151611328,22.8700008392334,22.8700008392334,0,0.0,0.0
2023-10-12 10:30:00-04:00,22.940000534057617,22.959999084472656,22.850000381469727,22.905000686645508,10002,0.0,0.0
2023-10-12 12:30:00-04:00,22.860000610351562,22.950000762939453,22.850000381469727,22.889999389648438,1174,0.0,0.0
2023-10-12 13:30:00-04:00,22.836700439453125,22.889999389648438,22.836700439453125,22.889999389648438,1666,0.0,0.0
2023-10-12 14:30:00-04:00,22.920000076293945,22.950000762939453,22.844999313354492,22.844999313354492,3462,0.0,0.0
2023-10-12 15:30:00-04:00,22.84000015258789,22.8799991607666,22.829999923706055,22.8700008392334,3613,0.0,0.0
2023-10-13 09:30:00-04:00,22.950000762939453,23.03660011291504,22.770000457763672,23.030000686645508,8595,0.0,0.0
2023-10-13 10:30:00-04:00,23.030000686645508,23.079999923706055,22.81999969482422,22.81999969482422,7551,0.0,0.0
2023-10-13 11:30:00-04:00,22.860000610351562,22.899999618530273,22.82670021057129,22.889999389648438,6738,0.0,0.0
2023-10-13 12:30:00-04:00,22.899999618530273,22.899999618530273,22.780000686645508,22.780000686645508,4178,0.0,0.0
2023-10-13 13:30:00-04:00,22.849899291992188,22.860000610351562,22.65679931640625,22.860000610351562,6198,0.0,0.0
2023-10-13 14:30:00-04:00,22.84000015258789,22.850000381469727,22.740100860595703,22.84000015258789,4937,0.0,0.0
2023-10-13 15:30:00-04:00,22.84000015258789,22.889999389648438,22.809999465942383,22.809999465942383,7209,0.0,0.0
2023-10-16 09:30:00-04:00,23.010000228881836,23.079999923706055,22.84000015258789,22.940000534057617,13929,0.0,0.0
2023-10-16 10:30:00-04:00,23.012100219726562,23.15999984741211,22.977100372314453,22.989999771118164,6778,0.0,0.0
2023-10-16 11:30:00-04:00,22.969999313354492,22.979999542236328,22.850000381469727,22.850000381469727,7448,0.0,0.0
2023-10-16 12:30:00-04:00,22.950000762939453,23.299999237060547,22.854999542236328,23.190000534057617,66415,0.0,0.0
2023-10-16 13:30:00-04:00,23.190000534057617,23.200000762939453,22.989999771118164,23.200000762939453,29855,0.0,0.0
2023-10-16 14:30:00-04:00,23.149999618530273,23.190000534057617,23.059999465942383,23.149999618530273,5486,0.0,0.0
2023-10-16 15:30:00-04:00,23.1299991607666,23.15999984741211,23.06999969482422,23.1299991607666,12419,0.0,0.0
2023-10-17 09:30:00-04:00,23.15999984741211,23.729999542236328,23.145999908447266,23.389999389648438,0,0.0,0.0
2023-10-17 10:30:00-04:00,23.399999618530273,23.530000686645508,23.360000610351562,23.450000762939453,13622,0.0,0.0
2023-10-17 11:30:00-04:00,23.454999923706055,23.604999542236328,23.399999618530273,23.58769989013672,7125,0.0,0.0
2023-10-17 12:30:00-04:00,23.600000381469727,23.65999984741211,23.299999237060547,23.3799991607666,32051,0.0,0.0
2023-10-17 13:30:00-04:00,23.350000381469727,23.375,23.200000762939453,23.26650047302246,10886,0.0,0.0
2023-10-17 14:30:00-04:00,23.239999771118164,23.39550018310547,23.209999084472656,23.309999465942383,22882,0.0,0.0
2023-10-17 15:30:00-04:00,23.309999465942383,23.399999618530273,23.309999465942383,23.360000610351562,10201,0.0,0.0
2023-10-18 09:30:00-04:00,23.170000076293945,23.329999923706055,23.149999618530273,23.149999618530273,20011,0.0,0.0
2023-10-18 10:30:00-04:00,23.059999465942383,23.09000015258789,22.85700035095215,23.010000228881836,24031,0.0,0.0
2023-10-18 11:30:00-04:00,23.05500030517578,23.100000381469727,22.8799991607666,22.8799991607666,5931,0.0,0.0
2023-10-18 12:30:00-04:00,23.020000457763672,23.170000076293945,22.889999389648438,23.170000076293945,6384,0.0,0.0
2023-10-18 13:30:00-04:00,23.120500564575195,23.120500564575195,23.059999465942383,23.059999465942383,1139,0.0,0.0
2023-10-18 14:30:00-04:00,23.010099411010742,23.017499923706055,22.919099807739258,23.0,1845,0.0,0.0
2023-10-18 15:30:00-04:00,22.989999771118164,23.009899139404297,22.889999389648438,22.899999618530273,9558,0.0,0.0
2023-10-19 09:30:00-04:00,22.760000228881836,22.82200050354004,22.530000686645508,22.530000686645508,6281,0.0,0.0
2023-10-19 10:30:00-04:00,22.520000457763672,22.780000686645508,22.4950008392334,22.780000686645508,6674,0.0,0.0
2023-10-19 11:30:00-04:00,22.774999618530273,22.850000381469727,22.719999313354492,22.850000381469727,4666,0.0,0.0
2023-10-19 12:30:00-04:00,22.780000686645508,22.829999923706055,22.756399154663086,22.829999923706055,4516,0.0,0.0
2023-10-19 13:30:00-04:00,22.760000228881836,22.760000228881836,22.469999313354492,22.469999313354492,2871,0.0,0.0
2023-10-19 14:30:00-04:00,22.5,22.5,22.3799991607666,22.3799991607666,14634,0.0,0.0
2023-10-19 15:30:00-04:00,22.449899673461914,22.489900588989258,22.37700080871582,22.420000076293945,8064,0.0,0.0
2023-10-20 09:30:00-04:00,22.420000076293945,22.489900588989258,22.08209991455078,22.08209991455078,0,0.0,0.0
2023-10-20 10:30:00-04:00,22.149999618530273,22.149999618530273,22.020000457763672,22.020000457763672,2341,0.0,0.0
2023-10-20 11:30:00-04:00,22.114999771118164,22.2549991607666,22.110000610351562,22.2549991607666,4344,0.0,0.0
2023-10-20 12:30:00-04:00,22.261999130249023,22.309999465942383,22.261999130249023,22.309999465942383,1022,0.0,0.0
2023-10-20 13:30:00-04:00,22.264999389648438,22.264999389648438,22.110000610351562,22.18000030517578,5671,0.0,0.0
2023-10-20 14:30:00-04:00,22.162799835205078,22.162799835205078,22.162799835205078,22.162799835205078,308,0.0,0.0
2023-10-20 15:30:00-04:00,22.149999618530273,22.249900817871094,22.1200008392334,22.229999542236328,12259,0.0,0.0
2023-10-23 09:30:00-04:00,22.270000457763672,22.270000457763672,21.899999618530273,22.25,20901,0.0,0.0
2023-10-23 10:30:00-04:00,22.290000915527344,22.459999084472656,22.264999389648438,22.450000762939453,2951,0.0,0.0
2023-10-23 11:30:00-04:00,22.390100479125977,22.46500015258789,22.200000762939453,22.270000457763672,11581,0.0,0.0
2023-10-23 12:30:00-04:00,22.30500030517578,22.459999084472656,22.299999237060547,22.459999084472656,4603,0.0,0.0
2023-10-23 13:30:00-04:00,22.382999420166016,22.489999771118164,22.290000915527344,22.350000381469727,8441,0.0,0.0
2023-10-23 14:30:00-04:00,22.360000610351562,22.489999771118164,22.309999465942383,22.309999465942383,13122,0.0,0.0
2023-10-23 15:30:00-04:00,22.270000457763672,22.299999237060547,22.18000030517578,22.239999771118164,6890,0.0,0.0
2023-10-24 09:30:00-04:00,22.350000381469727,22.809999465942383,22.350000381469727,22.780000686645508,9122,0.0,0.0
2023-10-24 10:30:00-04:00,22.80500030517578,22.979999542236328,22.780000686645508,22.959999084472656,7275,0.0,0.0
2023-10-24 11:30:00-04:00,22.920000076293945,22.920000076293945,22.90999984741211,22.90999984741211,784,0.0,0.0
2023-10-24 12:30:00-04:00,22.799999237060547,22.799999237060547,22.65089988708496,22.690000534057617,4363,0.0,0.0
2023-10-24 13:30:00-04:00,22.71500015258789,22.71500015258789,22.610000610351562,22.610000610351562,2663,0.0,0.0
2023-10-24 14:30:00-04:00,22.645999908447266,22.729999542236328,22.56170082092285,22.709999084472656,6872,0.0,0.0
2023-10-24 15:30:00-04:00,22.670000076293945,22.704999923706055,22.59000015258789,22.65999984741211,8471,0.0,0.0
2023-10-25 09:30:00-04:00,22.670000076293945,22.670000076293945,22.322900772094727,22.427099227905273,5152,0.0,0.0
2023-10-25 10:30:00-04:00,22.399999618530273,22.65999984741211,22.399999618530273,22.610000610351562,4311,0.0,0.0
2023-10-25 11:30:00-04:00,22.59469985961914,22.719999313354492,22.572599411010742,22.572599411010742,3397,0.0,0.0
2023-10-25 12:30:00-04:00,22.68000030517578,22.68000030517578,22.530000686645508,22.565000534057617,2703,0.0,0.0
2023-10-25 13:30:00-04:00,22.549999237060547,22.639999389648438,22.440000534057617,22.639999389648438,5727,0.0,0.0
2023-10-25 14:30:00-04:00,22.6299991607666,22.7549991607666,22.6200008392334,22.670000076293945,6064,0.0,0.0
2023-10-25 15:30:00-04:00,22.649999618530273,22.700000762939453,22.559999465942383,22.65999984741211,9129,0.0,0.0
2023-10-26 09:30:00-04:00,22.5,22.5,22.110000610351562,22.40999984741211,26010,0.0,0.0
2023-10-26 10:30:00-04:00,22.40999984741211,22.549999237060547,22.360000610351562,22.450000762939453,12691,0.0,0.0
2023-10-26 11:30:00-04:00,22.40999984741211,22.54990005493164,22.360000610351562,22.360000610351562,3213,0.0,0.0
2023-10-26 12:30:00-04:00,22.37190055847168,22.499900817871094,22.29210090637207,22.323999404907227,3641,0.0,0.0
2023-10-26 13:30:00-04:00,22.325000762939453,22.489999771118164,22.280000686645508,22.440000534057617,6908,0.0,0.0
2023-10-26 14:30:00-04:00,22.450000762939453,22.549999237060547,22.350099563598633,22.420000076293945,6011,0.0,0.0
2023-10-26 15:30:00-04:00,22.420000076293945,22.450000762939453,22.28030014038086,22.43000030517578,8236,0.0,0.0
2023-10-27 09:30:00-04:00,22.479999542236328,22.5,22.337600708007812,22.44499969482422,1593,0.0,0.0
2023-10-27 10:30:00-04:00,22.330299377441406,22.610000610351562,22.330299377441406,22.520000457763672,9401,0.0,0.0
2023-10-27 11:30:00-04:00,22.545000076293945,22.6200008392334,22.545000076293945,22.549999237060547,3803,0.0,0.0
2023-10-27 12:30:00-04:00,22.56999969482422,22.652999877929688,22.459999084472656,22.530000686645508,6939,0.0,0.0
2023-10-27 13:30:00-04:00,22.46500015258789,22.479999542236328,22.3705997467041,22.412599563598633,4373,0.0,0.0
2023-10-27 14:30:00-04:00,22.40999984741211,22.479999542236328,22.329999923706055,22.420000076293945,14727,0.0,0.0
2023-10-27 15:30:00-04:00,22.331899642944336,22.40999984741211,22.280000686645508,22.399999618530273,3621,0.0,0.0
2023-10-30 09:30:00-04:00,22.559999465942383,22.59000015258789,22.1200008392334,22.251699447631836,0,0.0,0.0
2023-10-30 10:30:00-04:00,22.1200008392334,22.170000076293945,22.010000228881836,22.049999237060547,8619,0.0,0.0
2023-10-30 11:30:00-04:00,22.065000534057617,22.200000762939453,22.065000534057617,22.15999984741211,3281,0.0,0.0
2023-10-30 12:30:00-04:00,22.170000076293945,22.170000076293945,22.09000015258789,22.135000228881836,3598,0.0,0.0
2023-10-30 13:30:00-04:00,22.18000030517578,22.260000228881836,22.140100479125977,22.14550018310547,4037,0.0,0.0
2023-10-30 14:30:00-04:00,22.1200008392334,22.290000915527344,22.1200008392334,22.18000030517578,3444,0.0,0.0
2023-10-30 15:30:00-04:00,22.229999542236328,22.229999542236328,22.030000686645508,22.149999618530273,7469,0.0,0.0
2023-10-31 09:30:00-04:00,22.15999984741211,22.510000228881836,21.93000030517578,22.420000076293945,21843,0.0,0.0
2023-10-31 10:30:00-04:00,22.479999542236328,22.513200759887695,22.31999969482422,22.384199142456055,13468,0.0,0.0
2023-10-31 11:30:00-04:00,22.31999969482422,22.491500854492188,22.31999969482422,22.399999618530273,5613,0.0,0.0
2023-10-31 12:30:00-04:00,22.360000610351562,22.360000610351562,22.280000686645508,22.31999969482422,2651,0.0,0.0
2023-10-31 13:30:00-04:00,22.290000915527344,22.309999465942383,22.125,22.145000457763672,4717,0.0,0.0
2023-10-31 14:30:00-04:00,22.1200008392334,22.219999313354492,22.1200008392334,22.18000030517578,2816,0.0,0.0
2023-10-31 15:30:00-04:00,22.18000030517578,22.190000534057617,22.110000610351562,22.1200008392334,2940,0.0,0.0
2023-11-01 09:30:00-04:00,22.110000610351562,22.190000534057617,21.78499984741211,22.100000381469727,0,0.0,0.0
2023-11-01 10:30:00-04:00,22.049999237060547,22.229999542236328,22.049999237060547,22.1299991607666,10245,0.0,0.0
2023-11-01 11:30:00-04:00,22.1299991607666,22.260000228881836,22.049999237060547,22.174999237060547,20962,0.0,0.0
2023-11-01 12:30:00-04:00,22.174999237060547,22.260000228881836,22.104999542236328,22.104999542236328,8461,0.0,0.0
2023-11-01 13:30:00-04:00,22.100000381469727,22.145000457763672,22.094999313354492,22.104999542236328,3172,0.0,0.0
2023-11-01 14:30:00-04:00,22.114999771118164,22.299999237060547,22.114999771118164,22.231000900268555,15270,0.0,0.0
2023-11-01 15:30:00-04:00,22.229999542236328,22.329999923706055,22.229999542236328,22.260000228881836,15752,0.0,0.0
2023-11-02 09:30:00-04:00,22.600000381469727,22.770000457763672,22.309999465942383,22.40999984741211,11417,0.0,0.0
2023-11-02 10:30:00-04:00,22.65999984741211,22.67460060119629,22.459999084472656,22.459999084472656,15677,0.0,0.0
2023-11-02 11:30:00-04:00,22.440000534057617,22.579999923706055,22.329999923706055,22.489999771118164,8776,0.0,0.0
2023-11-02 12:30:00-04:00,22.48870086669922,22.56999969482422,22.33009910583496,22.433799743652344,9115,0.0,0.0
2023-11-02 13:30:00-04:00,22.46500015258789,22.46500015258789,21.969999313354492,21.989999771118164,27292,0.0,0.0
2023-11-02 14:30:00-04:00,22.020000457763672,22.190000534057617,22.0,22.15999984741211,13568,0.0,0.0
2023-11-02 15:30:00-04:00,22.229999542236328,22.299999237060547,22.18000030517578,22.299999237060547,7143,0.0,0.0
2023-11-03 09:30:00-04:00,22.270000457763672,22.5,22.18000030517578,22.39080047607422,9045,0.0,0.0
2023-11-03 10:30:00-04:00,22.315000534057617,22.399999618530273,22.19499969482422,22.399999618530273,10395,0.0,0.0
2023-11-03 11:30:00-04:00,22.399999618530273,22.540000915527344,22.3700008392334,22.540000915527344,12764,0.0,0.0
2023-11-03 12:30:00-04:00,22.6200008392334,22.6299991607666,22.47010040283203,22.47010040283203,4599,0.0,0.0
2023-11-03 13:30:00-04:00,22.60919952392578,22.60919952392578,22.5,22.5,2444,0.0,0.0
2023-11-03 14:30:00-04:00,22.540000915527344,22.565000534057617,22.540000915527344,22.565000534057617,1847,0.0,0.0
2023-11-03 15:30:00-04:00,22.5,22.7450008392334,22.450000762939453,22.670000076293945,22013,0.0,0.0
2023-11-06 09:30:00-05:00,22.399999618530273,22.739900588989258,22.399999618530273,22.6200008392334,18137,0.0,0.0
2023-11-06 10:30:00-05:00,22.698400497436523,22.75,22.530000686645508,22.684999465942383,10553,0.0,0.0
2023-11-06 11:30:00-05:00,22.590099334716797,22.667499542236328,22.474000930786133,22.565000534057617,10858,0.0,0.0
2023-11-06 12:30:00-05:00,22.510000228881836,22.510000228881836,22.3799991607666,22.405000686645508,7432,0.0,0.0
2023-11-06 13:30:00-05:00,22.450000762939453,22.450000762939453,22.309999465942383,22.389999389648438,11028,0.0,0.0
2023-11-06 14:30:00-05:00,22.520000457763672,22.709999084472656,22.520000457763672,22.600000381469727,3683,0.0,0.0
2023-11-06 15:30:00-05:00,22.559999465942383,22.575000762939453,22.479999542236328,22.530000686645508,13407,0.0,0.0
2023-11-07 09:30:00-05:00,22.43000030517578,22.520000457763672,21.950000762939453,22.139999389648438,9677,0.0,0.0
2023-11-07 10:30:00-05:00,22.06999969482422,22.15999984741211,22.0,22.149999618530273,9688,0.0,0.0
2023-11-07 11:30:00-05:00,22.18000030517578,22.239999771118164,22.149999618530273,22.170000076293945,2771,0.0,0.0
2023-11-07 12:30:00-05:00,22.149999618530273,22.149999618530273,22.014999389648438,22.139999389648438,7110,0.0,0.0
2023-11-07 13:30:00-05:00,22.049999237060547,22.15999984741211,22.014999389648438,22.049999237060547,4072,0.0,0.0
2023-11-07 14:30:00-05:00,22.06999969482422,22.19969940185547,22.06999969482422,22.190000534057617,5295,0.0,0.0
2023-11-07 15:30:00-05:00,22.1299991607666,22.209999084472656,22.049999237060547,22.100000381469727,6814,0.0,0.0
2023-11-08 09:30:00-05:00,22.059999465942383,22.059999465942383,21.579999923706055,22.02989959716797,0,0.0,0.0
2023-11-08 10:30:00-05:00,21.809999465942383,21.899999618530273,21.6299991607666,21.890499114990234,15408,0.0,0.0
2023-11-08 11:30:00-05:00,21.88249969482422,21.899999618530273,21.770000457763672,21.770000457763672,4752,0.0,0.0
2023-11-08 12:30:00-05:00,21.707199096679688,21.729999542236328,21.59000015258789,21.700000762939453,8076,0.0,0.0
2023-11-08 13:30:00-05:00,21.68000030517578,21.773700714111328,21.65999984741211,21.670000076293945,5797,0.0,0.0
2023-11-08 14:30:00-05:00,21.700000762939453,21.728900909423828,21.684999465942383,21.711999893188477,1910,0.0,0.0
2023-11-08 15:30:00-05:00,21.639999389648438,21.66990089416504,21.610000610351562,21.6200008392334,6083,0.0,0.0
2023-11-09 09:30:00-05:00,21.799999237060547,22.229900360107422,21.799999237060547,22.139999389648438,7384,0.0,0.0
2023-11-09 10:30:00-05:00,22.110000610351562,22.110000610351562,21.899999618530273,21.899999618530273,8249,0.0,0.0
2023-11-09 11:30:00-05:00,21.940000534057617,21.989900588989258,21.81999969482422,21.989900588989258,6748,0.0,0.0
2023-11-09 12:30:00-05:00,21.770000457763672,21.864999771118164,21.62070083618164,21.700000762939453,10341,0.0,0.0
2023-11-09 13:30:00-05:00,21.649999618530273,21.760000228881836,21.639999389648438,21.729999542236328,7486,0.0,0.0
2023-11-09 14:30:00-05:00,21.690000534057617,21.700000762939453,21.649999618530273,21.65999984741211,1718,0.0,0.0
2023-11-09 15:30:00-05:00,21.649999618530273,21.649999618530273,21.5,21.540000915527344,5852,0.0,0.0
2023-11-10 09:30:00-05:00,21.639999389648438,21.732500076293945,21.40999984741211,21.437000274658203,3685,0.0,0.0
2023-11-10 10:30:00-05:00,21.489999771118164,21.489999771118164,21.350000381469727,21.450000762939453,8671,0.0,0.0
2023-11-10 11:30:00-05:00,21.440000534057617,21.459999084472656,21.389999389648438,21.40999984741211,3738,0.0,0.0
2023-11-10 12:30:00-05:00,21.459999084472656,21.479999542236328,21.422000885009766,21.469999313354492,2758,0.0,0.0
2023-11-10 13:30:00-05:00,21.450000762939453,21.450000762939453,21.350000381469727,21.350000381469727,15455,0.0,0.0
2023-11-10 14:30:00-05:00,21.3174991607666,21.559999465942383,21.202800750732422,21.545000076293945,22652,0.0,0.0
2023-11-10 15:30:00-05:00,21.510000228881836,21.579999923706055,21.3799991607666,21.489999771118164,11045,0.0,0.0
2023-11-13 09:30:00-05:00,21.309999465942383,21.559999465942383,21.18000030517578,21.5,0,0.0,0.0
2023-11-13 10:30:00-05:00,21.523700714111328,21.610000610351562,21.43000030517578,21.610000610351562,3868,0.0,0.0
2023-11-13 11:30:00-05:00,21.6200008392334,21.6200008392334,21.579999923706055,21.614999771118164,2579,0.0,0.0
2023-11-13 12:30:00-05:00,21.575000762939453,21.575000762939453,21.44499969482422,21.5,4536,0.0,0.0
2023-11-13 13:30:00-05:00,21.510000228881836,21.510000228881836,21.5,21.510000228881836,1850,0.0,0.0
2023-11-13 14:30:00-05:00,21.599899291992188,21.639999389648438,21.520999908447266,21.520999908447266,3386,0.0,0.0
2023-11-13 15:30:00-05:00,21.540000915527344,21.6299991607666,21.530000686645508,21.59000015258789,8196,0.0,0.0
2023-11-14 09:30:00-05:00,21.829999923706055,21.979999542236328,21.829999923706055,21.979999542236328,7296,0.0,0.0
2023-11-14 10:30:00-05:00,21.989999771118164,22.18000030517578,21.940000534057617,22.084999084472656,8842,0.0,0.0
2023-11-14 11:30:00-05:00,22.1200008392334,22.1200008392334,21.899999618530273,22.040000915527344,9489,0.0,0.0
2023-11-14 12:30:00-05:00,22.020000457763672,22.489999771118164,22.014699935913086,22.479999542236328,32315,0.0,0.0
2023-11-14 13:30:00-05:00,22.479999542236328,22.479999542236328,22.274999618530273,22.334999084472656,13751,0.0,0.0
2023-11-14 14:30:00-05:00,22.3799991607666,22.3799991607666,22.260000228881836,22.31999969482422,5815,0.0,0.0
2023-11-14 15:30:00-05:00,22.246999740600586,22.3799991607666,22.239999771118164,22.3799991607666,14283,0.0,0.0
2023-11-15 09:30:00-05:00,22.3799991607666,22.770000457763672,22.34000015258789,22.670000076293945,0,0.0,0.0
2023-11-15 10:30:00-05:00,22.684999465942383,22.799999237060547,22.6299991607666,22.799999237060547,17784,0.0,0.0
2023-11-15 11:30:00-05:00,22.699899673461914,22.699899673461914,22.5,22.579999923706055,4809,0.0,0.0
2023-11-15 12:30:00-05:00,22.600000381469727,22.699899673461914,22.489999771118164,22.489999771118164,2791,0.0,0.0
2023-11-15 13:30:00-05:00,22.61009979248047,22.66990089416504,22.5,22.618200302124023,2767,0.0,0.0
2023-11-15 14:30:00-05:00,22.6200008392334,22.66990089416504,22.520000457763672,22.639999389648438,6799,0.0,0.0
2023-11-15 15:30:00-05:00,22.614999771118164,22.709999084472656,22.600000381469727,22.68000030517578,13941,0.0,0.0
2023-11-16 09:30:00-05:00,22.5,22.690000534057617,22.5,22.579999923706055,0,0.0,0.0
2023-11-16 10:30:00-05:00,22.59000015258789,22.68000030517578,22.5,22.540000915527344,5021,0.0,0.0
2023-11-16 11:30:00-05:00,22.482500076293945,22.489999771118164,22.350000381469727,22.350000381469727,8643,0.0,0.0
2023-11-16 12:30:00-05:00,22.399999618530273,22.399999618530273,22.285200119018555,22.399999618530273,6998,0.0,0.0
2023-11-16 13:30:00-05:00,22.329999923706055,22.450000762939453,22.329999923706055,22.450000762939453,3029,0.0,0.0
2023-11-16 14:30:00-05:00,22.40999984741211,22.5408992767334,22.406200408935547,22.5,6561,0.0,0.0
2023-11-16 15:30:00-05:00,22.459999084472656,22.549999237060547,22.459999084472656,22.475000381469727,5382,0.0,0.0
2023-11-17 09:30:00-05:00,22.610000610351562,22.777999877929688,22.610000610351562,22.677099227905273,3462,0.0,0.0
2023-11-17 10:30:00-05:00,22.704999923706055,22.799999237060547,22.654399871826172,22.654399871826172,3457,0.0,0.0
2023-11-17 11:30:00-05:00,22.66010093688965,22.75,22.56999969482422,22.75,5703,0.0,0.0
2023-11-17 12:30:00-05:00,22.704200744628906,22.760000228881836,22.704200744628906,22.760000228881836,1936,0.0,0.0
2023-11-17 13:30:00-05:00,22.75,22.799999237060547,22.729999542236328,22.7549991607666,4584,0.0,0.0
2023-11-17 14:30:00-05:00,22.770000457763672,22.989999771118164,22.760099411010742,22.959999084472656,26974,0.0,0.0
2023-11-17 15:30:00-05:00,22.959400177001953,22.989999771118164,22.825000762939453,22.989999771118164,29355,0.0,0.0
2023-11-20 09:30:00-05:00,23.0,23.149999618530273,22.498300552368164,23.1299991607666,16412,0.0,0.0
2023-11-20 10:30:00-05:00,23.079999923706055,23.08060073852539,23.06369972229004,23.079999923706055,1889,0.0,0.0
2023-11-20 11:30:00-05:00,23.062299728393555,23.06999969482422,22.985000610351562,22.985000610351562,1469,0.0,0.0
2023-11-20 12:30:00-05:00,22.989999771118164,22.989999771118164,22.770000457763672,22.770000457763672,2715,0.0,0.0
2023-11-20 13:30:00-05:00,22.889999389648438,23.049999237060547,22.76799964904785,23.04990005493164,9626,0.0,0.0
2023-11-20 14:30:00-05:00,23.049999237060547,23.06999969482422,22.924800872802734,23.0,5207,0.0,0.0
2023-11-20 15:30:00-05:00,22.920000076293945,23.059999465942383,22.920000076293945,23.059999465942383,9966,0.0,0.0
2023-11-21 09:30:00-05:00,23.09000015258789,23.260000228881836,22.900100708007812,23.030000686645508,14879,0.0,0.0
2023-11-21 10:30:00-05:00,22.93000030517578,23.15999984741211,22.93000030517578,23.065000534057617,2919,0.0,0.0
2023-11-21 11:30:00-05:00,23.065000534057617,23.1299991607666,22.90999984741211,22.90999984741211,7728,0.0,0.0
2023-11-21 12:30:00-05:00,22.908899307250977,22.969999313354492,22.860000610351562,22.889999389648438,5693,0.0,0.0
2023-11-21 13:30:00-05:00,22.940000534057617,22.950000762939453,22.87980079650879,22.87980079650879,1799,0.0,0.0
2023-11-21 14:30:00-05:00,22.860000610351562,23.059999465942383,22.799999237060547,22.889999389648438,6596,0.0,0.0
2023-11-21 15:30:00-05:00,22.905000686645508,23.09000015258789,22.889999389648438,23.09000015258789,7074,0.0,0.0
2023-11-22 09:30:00-05:00,23.0,23.1200008392334,22.799999237060547,23.1200008392334,4017,0.0,0.0
2023-11-22 10:30:00-05:00,23.100000381469727,23.219999313354492,23.100000381469727,23.100000381469727,3532,0.0,0.0
2023-11-22 11:30:00-05:00,23.190000534057617,23.209999084472656,23.133100509643555,23.133100509643555,4749,0.0,0.0
2023-11-22 12:30:00-05:00,23.1299991607666,23.170000076293945,22.993900299072266,22.993900299072266,1480,0.0,0.0
2023-11-22 13:30:00-05:00,22.975000381469727,23.059999465942383,22.975000381469727,23.059999465942383,1774,0.0,0.0
2023-11-22 14:30:00-05:00,22.9950008392334,23.15999984741211,22.9950008392334,23.15999984741211,1960,0.0,0.0
2023-11-22 15:30:00-05:00,23.09000015258789,23.209999084472656,23.059999465942383,23.209999084472656,10893,0.0,0.0
2023-11-24 09:30:00-05:00,23.399999618530273,24.200000762939453,23.399999618530273,23.996000289916992,84280,0.0,0.0
2023-11-24 10:30:00-05:00,24.08989906311035,24.08989906311035,23.791500091552734,23.940000534057617,21936,0.0,0.0
2023-11-24 11:30:00-05:00,23.829999923706055,23.8799991607666,23.799999237060547,23.81999969482422,2209,0.0,0.0
2023-11-27 09:30:00-05:00,24.200000762939453,24.38990020751953,23.780000686645508,24.260000228881836,43568,0.0,0.0
2023-11-27 10:30:00-05:00,24.260000228881836,24.31999969482422,24.149999618530273,24.149999618530273,12793,0.0,0.0
2023-11-27 11:30:00-05:00,24.15999984741211,24.200000762939453,24.09000015258789,24.1299991607666,3805,0.0,0.0
2023-11-27 12:30:00-05:00,24.200000762939453,24.45989990234375,24.149999618530273,24.405000686645508,9373,0.0,0.0
2023-11-27 13:30:00-05:00,24.405000686645508,24.530000686645508,24.389999389648438,24.530000686645508,12883,0.0,0.0
2023-11-27 14:30:00-05:00,24.530000686645508,24.579999923706055,24.40999984741211,24.5,14627,0.0,0.0
2023-11-27 15:30:00-05:00,24.417600631713867,24.540000915527344,24.309999465942383,24.489999771118164,9402,0.0,0.0
2023-11-28 09:30:00-05:00,24.700000762939453,24.8799991607666,24.510000228881836,24.760000228881836,17678,0.0,0.0
2023-11-28 10:30:00-05:00,24.760000228881836,24.920000076293945,24.709999084472656,24.8799991607666,11408,0.0,0.0
2023-11-28 11:30:00-05:00,24.920000076293945,24.959999084472656,24.739999771118164,24.739999771118164,15052,0.0,0.0
2023-11-28 12:30:00-05:00,24.700000762939453,24.760000228881836,24.56599998474121,24.56599998474121,4199,0.0,0.0
2023-11-28 13:30:00-05:00,24.68000030517578,24.68000030517578,24.579999923706055,24.639999389648438,6175,0.0,0.0
2023-11-28 14:30:00-05:00,24.739999771118164,24.75,24.59000015258789,24.590099334716797,15630,0.0,0.0
2023-11-28 15:30:00-05:00,24.59000015258789,24.850000381469727,24.540000915527344,24.770000457763672,21138,0.0,0.0
2023-11-29 09:30:00-05:00,24.989999771118164,25.149999618530273,24.899999618530273,25.059999465942383,150237,0.0,0.0
2023-11-29 10:30:00-05:00,25.049999237060547,25.1200008392334,24.95009994506836,25.06999969482422,11994,0.0,0.0
2023-11-29 11:30:00-05:00,25.040000915527344,25.219999313354492,24.889999389648438,25.200000762939453,58779,0.0,0.0
2023-11-29 12:30:00-05:00,25.209999084472656,25.450000762939453,25.170000076293945,25.43000030517578,12731,0.0,0.0
2023-11-29 13:30:00-05:00,25.40999984741211,25.489999771118164,25.34749984741211,25.489999771118164,47181,0.0,0.0
2023-11-29 14:30:00-05:00,25.489999771118164,25.489999771118164,25.329999923706055,25.3700008392334,14861,0.0,0.0
2023-11-29 15:30:00-05:00,25.364999771118164,25.594999313354492,25.364999771118164,25.579999923706055,32945,0.0,0.0
2023-11-30 09:30:00-05:00,26.09000015258789,26.09000015258789,25.43000030517578,25.6200008392334,59964,0.0,0.0
2023-11-30 10:30:00-05:00,25.489999771118164,25.709999084472656,25.440000534057617,25.57379913330078,22329,0.0,0.0
2023-11-30 11:30:00-05:00,25.573699951171875,25.829999923706055,25.5,25.81999969482422,13689,0.0,0.0
2023-11-30 12:30:00-05:00,25.850000381469727,25.920000076293945,25.784500122070312,25.81999969482422,13321,0.0,0.0
2023-11-30 13:30:00-05:00,25.81999969482422,25.964799880981445,25.780000686645508,25.90999984741211,9165,0.0,0.0
2023-11-30 14:30:00-05:00,25.8799991607666,25.989999771118164,25.600000381469727,25.781999588012695,15491,0.0,0.0
2023-11-30 15:30:00-05:00,25.8799991607666,25.8799991607666,25.70009994506836,25.809999465942383,15105,0.0,0.0
2023-12-01 09:30:00-05:00,25.799999237060547,26.299999237060547,25.665700912475586,26.229999542236328,42675,0.0,0.0
2023-12-01 10:30:00-05:00,26.309999465942383,26.309999465942383,25.940000534057617,26.15999984741211,11025,0.0,0.0
2023-12-01 11:30:00-05:00,26.18000030517578,26.18000030517578,26.0,26.0,11297,0.0,0.0
2023-12-01 12:30:00-05:00,26.040000915527344,26.079999923706055,25.829999923706055,25.899999618530273,19196,0.0,0.0
2023-12-01 13:30:00-05:00,25.8966007232666,25.989999771118164,25.799999237060547,25.90999984741211,7227,0.0,0.0
2023-12-01 14:30:00-05:00,25.850000381469727,26.09000015258789,25.850000381469727,26.08609962463379,24369,0.0,0.0
2023-12-01 15:30:00-05:00,26.09000015258789,26.149999618530273,25.850000381469727,26.100000381469727,43942,0.0,0.0
2023-12-04 09:30:00-05:00,25.889999389648438,26.1200008392334,25.729999542236328,25.780000686645508,40282,0.0,0.0
2023-12-04 10:30:00-05:00,25.760000228881836,25.899999618530273,25.59000015258789,25.809999465942383,10844,0.0,0.0
2023-12-04 11:30:00-05:00,25.854999542236328,25.899999618530273,25.75,25.780000686645508,5659,0.0,0.0
2023-12-04 12:30:00-05:00,25.864999771118164,25.889999389648438,25.770000457763672,25.790000915527344,7378,0.0,0.0
2023-12-04 13:30:00-05:00,25.825000762939453,25.829999923706055,25.65999984741211,25.68000030517578,8101,0.0,0.0
2023-12-04 14:30:00-05:00,25.704999923706055,25.799999237060547,25.6299991607666,25.799999237060547,15583,0.0,0.0
2023-12-04 15:30:00-05:00,25.81999969482422,25.829999923706055,25.6299991607666,25.770000457763672,19912,0.0,0.0
2023-12-05 09:30:00-05:00,25.559999465942383,25.559999465942383,25.010000228881836,25.110000610351562,29310,0.0,0.0
2023-12-05 10:30:00-05:00,25.116500854492188,25.420000076293945,25.040000915527344,25.399999618530273,13895,0.0,0.0
2023-12-05 11:30:00-05:00,25.420000076293945,25.520000457763672,25.399999618530273,25.399999618530273,14589,0.0,0.0
2023-12-05 12:30:00-05:00,25.389999389648438,25.440000534057617,25.25,25.381099700927734,7882,0.0,0.0
2023-12-05 13:30:00-05:00,25.299999237060547,25.450000762939453,25.299999237060547,25.354999542236328,11750,0.0,0.0
2023-12-05 14:30:00-05:00,25.450000762939453,25.450000762939453,25.399999618530273,25.40999984741211,12495,0.0,0.0
2023-12-05 15:30:00-05:00,25.427200317382812,25.68000030517578,25.427200317382812,25.68000030517578,54356,0.0,0.0
2023-12-06 09:30:00-05:00,25.68000030517578,26.06999969482422,25.549999237060547,25.829999923706055,56050,0.0,0.0
2023-12-06 10:30:00-05:00,25.799999237060547,25.799999237060547,25.579999923706055,25.579999923706055,25819,0.0,0.0
2023-12-06 11:30:00-05:00,25.68000030517578,25.68000030517578,25.579999923706055,25.68000030517578,4898,0.0,0.0
2023-12-06 12:30:00-05:00,25.68000030517578,25.809999465942383,25.600000381469727,25.608999252319336,17780,0.0,0.0
2023-12-06 13:30:00-05:00,25.649999618530273,25.739999771118164,25.51889991760254,25.6200008392334,12108,0.0,0.0
2023-12-06 14:30:00-05:00,25.550100326538086,25.700000762939453,25.450000762939453,25.610000610351562,12593,0.0,0.0
2023-12-06 15:30:00-05:00,25.53499984741211,25.639999389648438,25.5,25.639999389648438,25819,0.0,0.0
2023-12-07 09:30:00-05:00,25.510000228881836,25.56999969482422,25.1299991607666,25.38010025024414,18838,0.0,0.0
2023-12-07 10:30:00-05:00,25.540000915527344,25.540000915527344,25.239999771118164,25.395000457763672,8405,0.0,0.0
2023-12-07 11:30:00-05:00,25.510000228881836,25.559999465942383,25.229999542236328,25.350000381469727,29333,0.0,0.0
2023-12-07 12:30:00-05:00,25.440000534057617,25.450000762939453,25.389999389648438,25.40920066833496,2620,0.0,0.0
2023-12-07 13:30:00-05:00,25.364999771118164,25.420000076293945,25.25,25.420000076293945,13242,0.0,0.0
2023-12-07 14:30:00-05:00,25.440000534057617,25.479999542236328,25.374900817871094,25.459999084472656,22766,0.0,0.0
2023-12-07 15:30:00-05:00,25.399999618530273,25.489999771118164,25.399999618530273,25.450000762939453,7682,0.0,0.0
2023-12-08 09:30:00-05:00,25.290000915527344,25.75,25.290000915527344,25.533599853515625,17685,0.0,0.0
2023-12-08 10:30:00-05:00,25.610000610351562,25.6200008392334,25.3799991607666,25.469999313354492,5585,0.0,0.0
2023-12-08 11:30:00-05:00,25.424999237060547,25.540000915527344,25.424999237060547,25.510000228881836,5242,0.0,0.0
2023-12-08 12:30:00-05:00,25.40999984741211,25.479999542236328,25.31999969482422,25.479999542236328,2844,0.0,0.0
2023-12-08 13:30:00-05:00,25.549999237060547,25.549999237060547,25.549999237060547,25.549999237060547,309,0.0,0.0
2023-12-08 14:30:00-05:00,25.450000762939453,25.610000610351562,25.389999389648438,25.40999984741211,7649,0.0,0.0
2023-12-08 15:30:00-05:00,25.450000762939453,25.559999465942383,25.450000762939453,25.540000915527344,15620,0.0,0.0
2023-12-11 09:30:00-05:00,25.56999969482422,25.56999969482422,25.200000762939453,25.209999084472656,15952,0.0,0.0
2023-12-11 10:30:00-05:00,25.30299949645996,25.459999084472656,25.25,25.25,7056,0.0,0.0
2023-12-11 11:30:00-05:00,25.219999313354492,25.328100204467773,25.18000030517578,25.290000915527344,15744,0.0,0.0
2023-12-11 12:30:00-05:00,25.2450008392334,25.299999237060547,25.229999542236328,25.270000457763672,5627,0.0,0.0
2023-12-11 13:30:00-05:00,25.309999465942383,25.399999618530273,25.299999237060547,25.357500076293945,6834,0.0,0.0
2023-12-11 14:30:00-05:00,25.299999237060547,25.32900047302246,25.15999984741211,25.190000534057617,6161,0.0,0.0
2023-12-11 15:30:00-05:00,25.200000762939453,25.329999923706055,25.158599853515625,25.260000228881836,8419,0.0,0.0
2023-12-12 09:30:00-05:00,25.100000381469727,25.450000762939453,24.790000915527344,25.450000762939453,18156,0.0,0.0
2023-12-12 10:30:00-05:00,25.40999984741211,25.45989990234375,25.229999542236328,25.260000228881836,10459,0.0,0.0
2023-12-12 11:30:00-05:00,25.349899291992188,25.36989974975586,25.280000686645508,25.329099655151367,10507,0.0,0.0
2023-12-12 12:30:00-05:00,25.219999313354492,25.3799991607666,25.209999084472656,25.3799991607666,21336,0.0,0.0
2023-12-12 13:30:00-05:00,25.323200225830078,25.420000076293945,25.229999542236328,25.420000076293945,9187,0.0,0.0
2023-12-12 14:30:00-05:00,25.334999084472656,25.440000534057617,25.25,25.3799991607666,16315,0.0,0.0
2023-12-12 15:30:00-05:00,25.364999771118164,25.43000030517578,25.34000015258789,25.3700008392334,15579,0.0,0.0
2023-12-13 09:30:00-05:00,25.290000915527344,25.3700008392334,24.860000610351562,25.260799407958984,13072,0.0,0.0
2023-12-13 10:30:00-05:00,25.280000686645508,25.360000610351562,25.219999313354492,25.25429916381836,11731,0.0,0.0
2023-12-13 11:30:00-05:00,25.299999237060547,25.399999618530273,25.263999938964844,25.325000762939453,11570,0.0,0.0
2023-12-13 12:30:00-05:00,25.290000915527344,25.349599838256836,25.26609992980957,25.280000686645508,10227,0.0,0.0
2023-12-13 13:30:00-05:00,25.2637996673584,25.8799991607666,25.221599578857422,25.71500015258789,44567,0.0,0.0
2023-12-13 14:30:00-05:00,25.700000762939453,25.950000762939453,25.700000762939453,25.950000762939453,31811,0.0,0.0
2023-12-13 15:30:00-05:00,25.950000762939453,26.190000534057617,25.950000762939453,26.1200008392334,61380,0.0,0.0
2023-12-14 09:30:00-05:00,26.200000762939453,26.90999984741211,26.200000762939453,26.600000381469727,53960,0.0,0.0
2023-12-14 10:30:00-05:00,26.68000030517578,26.829999923706055,26.655000686645508,26.690000534057617,14370,0.0,0.0
2023-12-14 11:30:00-05:00,26.709999084472656,27.0,26.59000015258789,27.0,18757,0.0,0.0
2023-12-14 12:30:00-05:00,26.940000534057617,27.09000015258789,26.850000381469727,26.940000534057617,17068,0.0,0.0
2023-12-14 13:30:00-05:00,26.80500030517578,26.860000610351562,26.670000076293945,26.739999771118164,6401,0.0,0.0
2023-12-14 14:30:00-05:00,26.790000915527344,26.940000534057617,26.729999542236328,26.940000534057617,8026,0.0,0.0
2023-12-14 15:30:00-05:00,26.829999923706055,27.0,26.81999969482422,26.989999771118164,23250,0.0,0.0
2023-12-15 09:30:00-05:00,27.1200008392334,27.219999313354492,26.934999465942383,27.0,12776,0.0,0.0
2023-12-15 10:30:00-05:00,27.059999465942383,27.469900131225586,27.0,27.42259979248047,37103,0.0,0.0
2023-12-15 11:30:00-05:00,27.38759994506836,27.399999618530273,27.309999465942383,27.309999465942383,10442,0.0,0.0
2023-12-15 12:30:00-05:00,27.334999084472656,27.334999084472656,27.1299991607666,27.1299991607666,42036,0.0,0.0
2023-12-15 13:30:00-05:00,27.1299991607666,27.34000015258789,27.060100555419922,27.290000915527344,11450,0.0,0.0
2023-12-15 14:30:00-05:00,27.260000228881836,27.290000915527344,27.166000366210938,27.280000686645508,9100,0.0,0.0
2023-12-15 15:30:00-05:00,27.280000686645508,27.309999465942383,27.1299991607666,27.309999465942383,12837,0.0,0.0
2023-12-18 09:30:00-05:00,27.670000076293945,27.780000686645508,27.262100219726562,27.57270050048828,80024,0.0,0.0
2023-12-18 10:30:00-05:00,27.545299530029297,27.600000381469727,27.1299991607666,27.243999481201172,41371,0.0,0.0
2023-12-18 11:30:00-05:00,27.190000534057617,27.429800033569336,27.139999389648438,27.3700008392334,17182,0.0,0.0
2023-12-18 12:30:00-05:00,27.43000030517578,27.440000534057617,27.219999313354492,27.219999313354492,4791,0.0,0.0
2023-12-18 13:30:00-05:00,27.334999084472656,27.34000015258789,27.010000228881836,27.0492000579834,21749,0.0,0.0
2023-12-18 14:30:00-05:00,27.010000228881836,27.170000076293945,26.979999542236328,27.09000015258789,12248,0.0,0.0
2023-12-18 15:30:00-05:00,27.100000381469727,27.170000076293945,27.0,27.09000015258789,20464,0.0,0.0
2023-12-19 09:30:00-05:00,27.059999465942383,27.360000610351562,26.850000381469727,26.850000381469727,44152,0.0,0.0
2023-12-19 10:30:00-05:00,26.959999084472656,27.0841007232666,26.812000274658203,27.0841007232666,12128,0.0,0.0
2023-12-19 11:30:00-05:00,27.0,27.290000915527344,27.0,27.270000457763672,6168,0.0,0.0
2023-12-19 12:30:00-05:00,27.309999465942383,27.420000076293945,27.209999084472656,27.270000457763672,11247,0.0,0.0
2023-12-19 13:30:00-05:00,27.270000457763672,27.350000381469727,27.270000457763672,27.350000381469727,6431,0.0,0.0
2023-12-19 14:30:00-05:00,27.34000015258789,27.3700008392334,27.31999969482422,27.34000015258789,11817,0.0,0.0
2023-12-19 15:30:00-05:00,27.3799991607666,27.600000381469727,27.329999923706055,27.579999923706055,45381,0.0,0.0
2023-12-20 09:30:00-05:00,27.610000610351562,28.25,27.610000610351562,28.0,56950,0.0,0.0
2023-12-20 10:30:00-05:00,28.0,28.189899444580078,27.700000762939453,28.0,17604,0.0,0.0
2023-12-20 11:30:00-05:00,28.03499984741211,28.040000915527344,27.671300888061523,27.68000030517578,7309,0.0,0.0
2023-12-20 12:30:00-05:00,27.709999084472656,27.790000915527344,27.600000381469727,27.760000228881836,6742,0.0,0.0
2023-12-20 13:30:00-05:00,27.690000534057617,27.920000076293945,27.690000534057617,27.770000457763672,14473,0.0,0.0
2023-12-20 14:30:00-05:00,27.760000228881836,27.81999969482422,27.3799991607666,27.489999771118164,16874,0.0,0.0
2023-12-20 15:30:00-05:00,27.530000686645508,27.690000534057617,27.450000762939453,27.65999984741211,20358,0.0,0.0
2023-12-21 09:30:00-05:00,27.709999084472656,28.030000686645508,27.59000015258789,27.979999542236328,16747,0.0,0.0
2023-12-21 10:30:00-05:00,27.90999984741211,28.100000381469727,27.90999984741211,28.100000381469727,9098,0.0,0.0
2023-12-21 11:30:00-05:00,28.053699493408203,28.100000381469727,27.979999542236328,28.079999923706055,11147,0.0,0.0
2023-12-21 12:30:00-05:00,28.030000686645508,28.100000381469727,28.0,28.100000381469727,13124,0.0,0.0
2023-12-21 13:30:00-05:00,28.075000762939453,28.100000381469727,28.0,28.020000457763672,6785,0.0,0.0
2023-12-21 14:30:00-05:00,28.09000015258789,28.1299991607666,28.0,28.100000381469727,5558,0.0,0.0
2023-12-21 15:30:00-05:00,28.100000381469727,28.15999984741211,28.079999923706055,28.149999618530273,13640,0.0,0.0
2023-12-22 09:30:00-05:00,28.25,28.719999313354492,28.25,28.59000015258789,32576,0.0,0.0
2023-12-22 10:30:00-05:00,28.530000686645508,28.649999618530273,28.399999618530273,28.479999542236328,18568,0.0,0.0
2023-12-22 11:30:00-05:00,28.510000228881836,28.569900512695312,28.459999084472656,28.459999084472656,7404,0.0,0.0
2023-12-22 12:30:00-05:00,28.459999084472656,28.639999389648438,28.450000762939453,28.610000610351562,26948,0.0,0.0
2023-12-22 13:30:00-05:00,28.66990089416504,28.66990089416504,28.3799991607666,28.405000686645508,15049,0.0,0.0
2023-12-22 14:30:00-05:00,28.469999313354492,28.489999771118164,28.360000610351562,28.40999984741211,6767,0.0,0.0
2023-12-22 15:30:00-05:00,28.40999984741211,28.489999771118164,28.3799991607666,28.489999771118164,8479,0.0,0.0
2023-12-26 09:30:00-05:00,28.549999237060547,28.549999237060547,28.06999969482422,28.18000030517578,15602,0.0,0.0
2023-12-26 10:30:00-05:00,28.18440055847168,28.190000534057617,28.0,28.190000534057617,12099,0.0,0.0
2023-12-26 11:30:00-05:00,28.190000534057617,28.200000762939453,28.049999237060547,28.149999618530273,7047,0.0,0.0
2023-12-26 12:30:00-05:00,28.06999969482422,28.420000076293945,28.06999969482422,28.399999618530273,5180,0.0,0.0
2023-12-26 13:30:00-05:00,28.350000381469727,28.389999389648438,28.18000030517578,28.315000534057617,50354,0.0,0.0
2023-12-26 14:30:00-05:00,28.31999969482422,28.31999969482422,28.102800369262695,28.149999618530273,12371,0.0,0.0
2023-12-26 15:30:00-05:00,28.190000534057617,28.190000534057617,28.049999237060547,28.049999237060547,11163,0.0,0.0
2023-12-27 09:30:00-05:00,28.0,28.100000381469727,27.899999618530273,28.100000381469727,22985,0.0,0.0
2023-12-27 10:30:00-05:00,28.049999237060547,28.18000030517578,28.0,28.18000030517578,5471,0.0,0.0
2023-12-27 11:30:00-05:00,28.141000747680664,28.18000030517578,28.100000381469727,28.12380027770996,3625,0.0,0.0
2023-12-27 12:30:00-05:00,28.125,28.125,28.010099411010742,28.110000610351562,13871,0.0,0.0
2023-12-27 13:30:00-05:00,28.079999923706055,28.18000030517578,28.0,28.1200008392334,6482,0.0,0.0
2023-12-27 14:30:00-05:00,28.1299991607666,28.170000076293945,28.100000381469727,28.1299991607666,3037,0.0,0.0
2023-12-27 15:30:00-05:00,28.079999923706055,28.1200008392334,28.0,28.100000381469727,5165,0.0,0.0
2023-12-28 09:30:00-05:00,27.889999389648438,28.299999237060547,27.889999389648438,28.174999237060547,6558,0.0,0.0
2023-12-28 10:30:00-05:00,28.1200008392334,28.1299991607666,27.979999542236328,28.030000686645508,2730,0.0,0.0
2023-12-28 11:30:00-05:00,28.0,28.059999465942383,27.979999542236328,28.048799514770508,12973,0.0,0.0
2023-12-28 12:30:00-05:00,28.110000610351562,28.110000610351562,27.940000534057617,27.95669937133789,4909,0.0,0.0
2023-12-28 13:30:00-05:00,27.899799346923828,28.040000915527344,27.899799346923828,28.040000915527344,4969,0.0,0.0
2023-12-28 14:30:00-05:00,27.985000610351562,28.020000457763672,27.950000762939453,28.020000457763672,3834,0.0,0.0
2023-12-28 15:30:00-05:00,27.979999542236328,28.040000915527344,27.950000762939453,28.030000686645508,10064,0.0,0.0
2023-12-29 09:30:00-05:00,27.989999771118164,27.989999771118164,27.540000915527344,27.899999618530273,24268,0.0,0.0
2023-12-29 10:30:00-05:00,27.899999618530273,27.899999618530273,27.719999313354492,27.735000610351562,6948,0.0,0.0
2023-12-29 11:30:00-05:00,27.780000686645508,27.860000610351562,27.701400756835938,27.860000610351562,7930,0.0,0.0
2023-12-29 12:30:00-05:00,27.8799991607666,27.985000610351562,27.81559944152832,27.93000030517578,11763,0.0,0.0
2023-12-29 13:30:00-05:00,27.899999618530273,28.0049991607666,27.899999618530273,27.9950008392334,9038,0.0,0.0
2023-12-29 14:30:00-05:00,27.959999084472656,28.040000915527344,27.889999389648438,27.979999542236328,13572,0.0,0.0
2023-12-29 15:30:00-05:00,28.0049991607666,28.010000228881836,27.84000015258789,27.969999313354492,17394,0.0,0.0
2024-01-02 09:30:00-05:00,27.959999084472656,28.398399353027344,27.829999923706055,28.329999923706055,32014,0.0,0.0
2024-01-02 10:30:00-05:00,28.332500457763672,28.389999389648438,28.229999542236328,28.25200080871582,10761,0.0,0.0
2024-01-02 11:30:00-05:00,28.270000457763672,28.3700008392334,28.260000228881836,28.3700008392334,7743,0.0,0.0
2024-01-02 12:30:00-05:00,28.315000534057617,28.360000610351562,28.25,28.290000915527344,7187,0.0,0.0
2024-01-02 13:30:00-05:00,28.359899520874023,28.360000610351562,28.260099411010742,28.315000534057617,11190,0.0,0.0
2024-01-02 14:30:00-05:00,28.309999465942383,28.329999923706055,28.25,28.299999237060547,7184,0.0,0.0
2024-01-02 15:30:00-05:00,28.299999237060547,28.299999237060547,28.18000030517578,28.229999542236328,9104,0.0,0.0
2024-01-03 09:30:00-05:00,28.200000762939453,28.604999542236328,27.850000381469727,28.440000534057617,23094,0.0,0.0
2024-01-03 10:30:00-05:00,28.440000534057617,28.539899826049805,28.360000610351562,28.3799991607666,19954,0.0,0.0
2024-01-03 11:30:00-05:00,28.43000030517578,28.854999542236328,28.43000030517578,28.809999465942383,14589,0.0,0.0
2024-01-03 12:30:00-05:00,28.796100616455078,29.09000015258789,28.796100616455078,29.059900283813477,36985,0.0,0.0
2024-01-03 13:30:00-05:00,29.030000686645508,29.16990089416504,28.82539939880371,28.98110008239746,18197,0.0,0.0
2024-01-03 14:30:00-05:00,28.93429946899414,29.0049991607666,28.80500030517578,28.845500946044922,21821,0.0,0.0
2024-01-03 15:30:00-05:00,28.8799991607666,28.8799991607666,28.796100616455078,28.8700008392334,16272,0.0,0.0
2024-01-04 09:30:00-05:00,29.170000076293945,29.492599487304688,29.049999237060547,29.219999313354492,25287,0.0,0.0
2024-01-04 10:30:00-05:00,29.290000915527344,29.440000534057617,29.25,29.2549991607666,12414,0.0,0.0
2024-01-04 11:30:00-05:00,29.260000228881836,29.329999923706055,29.09000015258789,29.09000015258789,32919,0.0,0.0
2024-01-04 12:30:00-05:00,29.059999465942383,29.229900360107422,28.975000381469727,29.18000030517578,21125,0.0,0.0
2024-01-04 13:30:00-05:00,29.229999542236328,29.239999771118164,29.145099639892578,29.170000076293945,8168,0.0,0.0
2024-01-04 14:30:00-05:00,29.17009925842285,29.209999084472656,29.11009979248047,29.200000762939453,12106,0.0,0.0
2024-01-04 15:30:00-05:00,29.15130043029785,29.18000030517578,29.049999237060547,29.1200008392334,12809,0.0,0.0
2024-01-05 09:30:00-05:00,29.149999618530273,29.649999618530273,28.959999084472656,29.56999969482422,48299,0.0,0.0
2024-01-05 10:30:00-05:00,29.5,29.556499481201172,29.299999237060547,29.36240005493164,22160,0.0,0.0
2024-01-05 11:30:00-05:00,29.350000381469727,29.639999389648438,29.299999237060547,29.427499771118164,35348,0.0,0.0
2024-01-05 12:30:00-05:00,29.5,29.579999923706055,29.450000762939453,29.450000762939453,21944,0.0,0.0
2024-01-05 13:30:00-05:00,29.489999771118164,29.579999923706055,29.440000534057617,29.450000762939453,11056,0.0,0.0
2024-01-05 14:30:00-05:00,29.44379997253418,29.489999771118164,29.270099639892578,29.469999313354492,14211,0.0,0.0
2024-01-05 15:30:00-05:00,29.454999923706055,29.600000381469727,29.3799991607666,29.600000381469727,28543,0.0,0.0
2024-01-08 09:30:00-05:00,29.239999771118164,29.3700008392334,28.450000762939453,29.049999237060547,49234,0.0,0.0
2024-01-08 10:30:00-05:00,29.06999969482422,29.350000381469727,29.06999969482422,29.329999923706055,10243,0.0,0.0
2024-01-08 11:30:00-05:00,29.329999923706055,29.559999465942383,29.325000762939453,29.520000457763672,8014,0.0,0.0
2024-01-08 12:30:00-05:00,29.520000457763672,29.559999465942383,29.34000015258789,29.340099334716797,5242,0.0,0.0
2024-01-08 13:30:00-05:00,29.260000228881836,29.3700008392334,29.190000534057617,29.31999969482422,8845,0.0,0.0
2024-01-08 14:30:00-05:00,29.280000686645508,29.31999969482422,29.030099868774414,29.049999237060547,8081,0.0,0.0
2024-01-08 15:30:00-05:00,29.06999969482422,29.170000076293945,29.059999465942383,29.1200008392334,14503,0.0,0.0
2024-01-09 09:30:00-05:00,28.940000534057617,29.260000228881836,28.450000762939453,28.790000915527344,16426,0.0,0.0
2024-01-09 10:30:00-05:00,28.650100708007812,28.828699111938477,28.650100708007812,28.75,13885,0.0,0.0
2024-01-09 11:30:00-05:00,28.729999542236328,28.842500686645508,28.729999542236328,28.842500686645508,6827,0.0,0.0
2024-01-09 12:30:00-05:00,28.884199142456055,28.950000762939453,28.839399337768555,28.839399337768555,5832,0.0,0.0
2024-01-09 13:30:00-05:00,28.739999771118164,28.940000534057617,28.7278995513916,28.8799991607666,4520,0.0,0.0
2024-01-09 14:30:00-05:00,28.860000610351562,28.8700008392334,28.860000610351562,28.8700008392334,2406,0.0,0.0
2024-01-09 15:30:00-05:00,28.860000610351562,28.989999771118164,28.850000381469727,28.850000381469727,12596,0.0,0.0
2024-01-10 09:30:00-05:00,28.959999084472656,29.290000915527344,28.905000686645508,29.1299991607666,18446,0.0,0.0
2024-01-10 10:30:00-05:00,29.079999923706055,29.09000015258789,28.8700008392334,28.8700008392334,5923,0.0,0.0
2024-01-10 11:30:00-05:00,28.8700008392334,28.8700008392334,28.780000686645508,28.84000015258789,2322,0.0,0.0
2024-01-10 12:30:00-05:00,28.809999465942383,28.84000015258789,28.771900177001953,28.771900177001953,8575,0.0,0.0
2024-01-10 13:30:00-05:00,28.740100860595703,28.850000381469727,28.739999771118164,28.829999923706055,7607,0.0,0.0
2024-01-10 14:30:00-05:00,28.920000076293945,28.93000030517578,28.809999465942383,28.809999465942383,3824,0.0,0.0
2024-01-10 15:30:00-05:00,28.81999969482422,28.81999969482422,28.68000030517578,28.790000915527344,9020,0.0,0.0
2024-01-11 09:30:00-05:00,28.709999084472656,28.709999084472656,28.350000381469727,28.489999771118164,42055,0.0,0.0
2024-01-11 10:30:00-05:00,28.6299991607666,28.700000762939453,28.540000915527344,28.700000762939453,7612,0.0,0.0
2024-01-11 11:30:00-05:00,28.739999771118164,28.811599731445312,28.670000076293945,28.811599731445312,4166,0.0,0.0
2024-01-11 12:30:00-05:00,28.709999084472656,28.760000228881836,28.59000015258789,28.59000015258789,17955,0.0,0.0
2024-01-11 13:30:00-05:00,28.584999084472656,28.690000534057617,28.584999084472656,28.656200408935547,7529,0.0,0.0
2024-01-11 14:30:00-05:00,28.649999618530273,28.760000228881836,28.610000610351562,28.709999084472656,15545,0.0,0.0
2024-01-11 15:30:00-05:00,28.639999389648438,28.690000534057617,28.579999923706055,28.649999618530273,9905,0.0,0.0
2024-01-12 09:30:00-05:00,28.950000762939453,29.40999984741211,28.950000762939453,29.149999618530273,20533,0.0,0.0
2024-01-12 10:30:00-05:00,29.149999618530273,29.149999618530273,28.729999542236328,28.909900665283203,55876,0.0,0.0
2024-01-12 11:30:00-05:00,28.739999771118164,28.895000457763672,28.719999313354492,28.895000457763672,10285,0.0,0.0
2024-01-12 12:30:00-05:00,28.8700008392334,29.059999465942383,28.850500106811523,29.037500381469727,8951,0.0,0.0
2024-01-12 13:30:00-05:00,28.952199935913086,29.09000015258789,28.952199935913086,29.043100357055664,8305,0.0,0.0
2024-01-12 14:30:00-05:00,29.03499984741211,29.03499984741211,28.780000686645508,28.780000686645508,16155,0.0,0.0
2024-01-12 15:30:00-05:00,28.81999969482422,29.010000228881836,28.780000686645508,29.010000228881836,14589,0.0,0.0
2024-01-16 09:30:00-05:00,29.0,29.34000015258789,28.72010040283203,28.989999771118164,20423,0.0,0.0
2024-01-16 10:30:00-05:00,28.989999771118164,29.100000381469727,28.940000534057617,29.0049991607666,12208,0.0,0.0
2024-01-16 11:30:00-05:00,29.059999465942383,29.100000381469727,28.809999465942383,28.820100784301758,13575,0.0,0.0
2024-01-16 12:30:00-05:00,28.85409927368164,28.93000030517578,28.790000915527344,28.93000030517578,4996,0.0,0.0
2024-01-16 13:30:00-05:00,28.84000015258789,28.889999389648438,28.81999969482422,28.889999389648438,2200,0.0,0.0
2024-01-16 14:30:00-05:00,28.920000076293945,29.020000457763672,28.860000610351562,28.942800521850586,8171,0.0,0.0
2024-01-16 15:30:00-05:00,29.010000228881836,29.059999465942383,28.96500015258789,29.059999465942383,4178,0.0,0.0
2024-01-17 09:30:00-05:00,28.600000381469727,29.110000610351562,28.570199966430664,29.059999465942383,24021,0.0,0.0
2024-01-17 10:30:00-05:00,28.950000762939453,29.15999984741211,28.920000076293945,29.065000534057617,9722,0.0,0.0
2024-01-17 11:30:00-05:00,29.075000762939453,29.104999542236328,29.06999969482422,29.078399658203125,2404,0.0,0.0
2024-01-17 12:30:00-05:00,29.100000381469727,29.135000228881836,28.970199584960938,29.030000686645508,8610,0.0,0.0
2024-01-17 13:30:00-05:00,29.075000762939453,29.114999771118164,29.045000076293945,29.114999771118164,1581,0.0,0.0
2024-01-17 14:30:00-05:00,29.100000381469727,29.100000381469727,28.989999771118164,29.020000457763672,5621,0.0,0.0
2024-01-17 15:30:00-05:00,29.049999237060547,29.15999984741211,29.030000686645508,29.110000610351562,14203,0.0,0.0
2024-01-18 09:30:00-05:00,29.270000457763672,29.530000686645508,29.09000015258789,29.290000915527344,32749,0.0,0.0
2024-01-18 10:30:00-05:00,29.360000610351562,29.479999542236328,29.309999465942383,29.309999465942383,12482,0.0,0.0
2024-01-18 11:30:00-05:00,29.3700008392334,29.3799991607666,29.250600814819336,29.250600814819336,8629,0.0,0.0
2024-01-18 12:30:00-05:00,29.31999969482422,29.31999969482422,29.209999084472656,29.21500015258789,4504,0.0,0.0
2024-01-18 13:30:00-05:00,29.229999542236328,29.469999313354492,29.229999542236328,29.350000381469727,12078,0.0,0.0
2024-01-18 14:30:00-05:00,29.350000381469727,29.440000534057617,29.290000915527344,29.299999237060547,10825,0.0,0.0
2024-01-18 15:30:00-05:00,29.360000610351562,29.40999984741211,29.350000381469727,29.350000381469727,6747,0.0,0.0
2024-01-19 09:30:00-05:00,29.260000228881836,29.350000381469727,29.059999465942383,29.290000915527344,20319,0.0,0.0
2024-01-19 10:30:00-05:00,29.360000610351562,29.739999771118164,29.280000686645508,29.584999084472656,15088,0.0,0.0
2024-01-19 11:30:00-05:00,29.59000015258789,29.59000015258789,29.479999542236328,29.520200729370117,19802,0.0,0.0
2024-01-19 12:30:00-05:00,29.520000457763672,29.559999465942383,29.479999542236328,29.559999465942383,4727,0.0,0.0
2024-01-19 13:30:00-05:00,29.55500030517578,29.55500030517578,29.469999313354492,29.47010040283203,8692,0.0,0.0
2024-01-19 14:30:00-05:00,29.519899368286133,29.6200008392334,29.399999618530273,29.579999923706055,21014,0.0,0.0
2024-01-19 15:30:00-05:00,29.610000610351562,29.65999984741211,29.559999465942383,29.6200008392334,13150,0.0,0.0
2024-01-22 09:30:00-05:00,29.34000015258789,29.719999313354492,29.15999984741211,29.565000534057617,29822,0.0,0.0
2024-01-22 10:30:00-05:00,29.649999618530273,29.649999618530273,29.420000076293945,29.56999969482422,28504,0.0,0.0
2024-01-22 11:30:00-05:00,29.604999542236328,29.6299991607666,29.34000015258789,29.34000015258789,4961,0.0,0.0
2024-01-22 12:30:00-05:00,29.315000534057617,29.415000915527344,29.15999984741211,29.15999984741211,8008,0.0,0.0
2024-01-22 13:30:00-05:00,29.170000076293945,29.329999923706055,29.075000762939453,29.219999313354492,11631,0.0,0.0
2024-01-22 14:30:00-05:00,29.260000228881836,29.270000457763672,29.079999923706055,29.139999389648438,11148,0.0,0.0
2024-01-22 15:30:00-05:00,29.149999618530273,29.18000030517578,28.8799991607666,28.989999771118164,32696,0.0,0.0
2024-01-23 09:30:00-05:00,29.1200008392334,29.1200008392334,28.729999542236328,28.928300857543945,19263,0.0,0.0
2024-01-23 10:30:00-05:00,28.770000457763672,28.829999923706055,28.6200008392334,28.799999237060547,3817,0.0,0.0
2024-01-23 11:30:00-05:00,28.828699111938477,29.0,28.809999465942383,28.920000076293945,3287,0.0,0.0
2024-01-23 12:30:00-05:00,28.844999313354492,29.1200008392334,28.830299377441406,29.1200008392334,2948,0.0,0.0
2024-01-23 13:30:00-05:00,28.969999313354492,29.040000915527344,28.84000015258789,29.030000686645508,20660,0.0,0.0
2024-01-23 14:30:00-05:00,29.010000228881836,29.059999465942383,28.860000610351562,28.950000762939453,9591,0.0,0.0
2024-01-23 15:30:00-05:00,29.0,29.0,28.920000076293945,28.940000534057617,10655,0.0,0.0
2024-01-24 09:30:00-05:00,29.200000762939453,29.489900588989258,29.1299991607666,29.219999313354492,10617,0.0,0.0
2024-01-24 10:30:00-05:00,29.385000228881836,29.420000076293945,29.360000610351562,29.3799991607666,3389,0.0,0.0
2024-01-24 11:30:00-05:00,29.3799991607666,29.3799991607666,29.299999237060547,29.299999237060547,8532,0.0,0.0
2024-01-24 12:30:00-05:00,29.280000686645508,29.280000686645508,29.059999465942383,29.059999465942383,7844,0.0,0.0
2024-01-24 13:30:00-05:00,29.010000228881836,29.124399185180664,28.950000762939453,29.06999969482422,4487,0.0,0.0
2024-01-24 14:30:00-05:00,29.1200008392334,29.1299991607666,28.950000762939453,29.025999069213867,13788,0.0,0.0
2024-01-24 15:30:00-05:00,29.040000915527344,29.149999618530273,28.989999771118164,29.040000915527344,21936,0.0,0.0
2024-01-25 09:30:00-05:00,29.190000534057617,29.228900909423828,28.920000076293945,28.969499588012695,6321,0.0,0.0
2024-01-25 10:30:00-05:00,28.979999542236328,28.979999542236328,28.639999389648438,28.729999542236328,16639,0.0,0.0
2024-01-25 11:30:00-05:00,28.82900047302246,28.82900047302246,28.760000228881836,28.760000228881836,1589,0.0,0.0
2024-01-25 12:30:00-05:00,28.774999618530273,28.774999618530273,28.700000762939453,28.700000762939453,8996,0.0,0.0
2024-01-25 13:30:00-05:00,28.700000762939453,28.920000076293945,28.690000534057617,28.799999237060547,8041,0.0,0.0
2024-01-25 14:30:00-05:00,28.868000030517578,28.8700008392334,28.770000457763672,28.770000457763672,5304,0.0,0.0
2024-01-25 15:30:00-05:00,28.834999084472656,28.90999984741211,28.834999084472656,28.8799991607666,6881,0.0,0.0
2024-01-26 09:30:00-05:00,28.8700008392334,28.979999542236328,28.790000915527344,28.81999969482422,18083,0.0,0.0
2024-01-26 10:30:00-05:00,28.989999771118164,28.989999771118164,28.520000457763672,28.690000534057617,13378,0.0,0.0
2024-01-26 11:30:00-05:00,28.614999771118164,28.639999389648438,28.549999237060547,28.575000762939453,4766,0.0,0.0
2024-01-26 12:30:00-05:00,28.579999923706055,28.600000381469727,28.34000015258789,28.600000381469727,13854,0.0,0.0
2024-01-26 13:30:00-05:00,28.649999618530273,28.770000457763672,28.649999618530273,28.729999542236328,6549,0.0,0.0
2024-01-26 14:30:00-05:00,28.883699417114258,28.883699417114258,28.729999542236328,28.729999542236328,10224,0.0,0.0
2024-01-26 15:30:00-05:00,28.729999542236328,28.969999313354492,28.719999313354492,28.850000381469727,14997,0.0,0.0
2024-01-29 09:30:00-05:00,28.75,28.989900588989258,28.510000228881836,28.559999465942383,10912,0.0,0.0
2024-01-29 10:30:00-05:00,28.43000030517578,28.65999984741211,28.43000030517578,28.639999389648438,3795,0.0,0.0
2024-01-29 11:30:00-05:00,28.610000610351562,28.711599349975586,28.600000381469727,28.6200008392334,3635,0.0,0.0
2024-01-29 12:30:00-05:00,28.5,28.639999389648438,28.5,28.639999389648438,3941,0.0,0.0
2024-01-29 13:30:00-05:00,28.635000228881836,28.674999237060547,28.56999969482422,28.649999618530273,2976,0.0,0.0
2024-01-29 14:30:00-05:00,28.690000534057617,28.81999969482422,28.68000030517578,28.780000686645508,7932,0.0,0.0
2024-01-29 15:30:00-05:00,28.7549991607666,28.7549991607666,28.700000762939453,28.709999084472656,6194,0.0,0.0
2024-01-30 09:30:00-05:00,28.079999923706055,28.770000457763672,28.030000686645508,28.700000762939453,29233,0.0,0.0
2024-01-30 10:30:00-05:00,28.649999618530273,28.760000228881836,28.6299991607666,28.760000228881836,2110,0.0,0.0
2024-01-30 11:30:00-05:00,28.770000457763672,28.93000030517578,28.750099182128906,28.8700008392334,5894,0.0,0.0
2024-01-30 12:30:00-05:00,28.8700008392334,28.989999771118164,28.860000610351562,28.969999313354492,3502,0.0,0.0
2024-01-30 13:30:00-05:00,28.979999542236328,29.040000915527344,28.969999313354492,29.0,10864,0.0,0.0
2024-01-30 14:30:00-05:00,29.030000686645508,29.10409927368164,29.020000457763672,29.049999237060547,7993,0.0,0.0
2024-01-30 15:30:00-05:00,29.1299991607666,29.25,29.09000015258789,29.09000015258789,14906,0.0,0.0
2024-01-31 09:30:00-05:00,29.020000457763672,29.190000534057617,28.854999542236328,28.854999542236328,8403,0.0,0.0
2024-01-31 10:30:00-05:00,29.0,29.108999252319336,28.979999542236328,29.057600021362305,4111,0.0,0.0
2024-01-31 11:30:00-05:00,28.969999313354492,28.979999542236328,28.969999313354492,28.979999542236328,362,0.0,0.0
2024-01-31 12:30:00-05:00,29.049999237060547,29.184999465942383,29.049999237060547,29.184999465942383,3239,0.0,0.0
2024-01-31 13:30:00-05:00,29.195100784301758,29.24180030822754,29.100000381469727,29.100000381469727,3411,0.0,0.0
2024-01-31 14:30:00-05:00,29.174999237060547,29.25,28.780000686645508,28.950000762939453,11055,0.0,0.0
2024-01-31 15:30:00-05:00,28.940000534057617,28.940000534057617,28.68000030517578,28.829999923706055,6905,0.0,0.0
2024-02-01 09:30:00-05:00,28.700000762939453,29.075000762939453,28.700000762939453,28.899999618530273,0,0.0,0.0
2024-02-01 10:30:00-05:00,29.040000915527344,29.041099548339844,28.700000762939453,28.725000381469727,6698,0.0,0.0
2024-02-01 11:30:00-05:00,28.7549991607666,29.02199935913086,28.75,29.02199935913086,1554,0.0,0.0
2024-02-01 12:30:00-05:00,28.889999389648438,28.950000762939453,27.469999313354492,28.149999618530273,97177,0.0,0.0
2024-02-01 13:30:00-05:00,28.290000915527344,28.309999465942383,27.886499404907227,28.155000686645508,9147,0.0,0.0
2024-02-01 14:30:00-05:00,28.155000686645508,28.359899520874023,28.100000381469727,28.209999084472656,14251,0.0,0.0
2024-02-01 15:30:00-05:00,28.270000457763672,28.3799991607666,28.209999084472656,28.309999465942383,16731,0.0,0.0
2024-02-02 09:30:00-05:00,28.329999923706055,28.360000610351562,27.790000915527344,28.299999237060547,0,0.0,0.0
2024-02-02 10:30:00-05:00,28.200000762939453,28.309999465942383,28.200000762939453,28.280000686645508,2769,0.0,0.0
2024-02-02 11:30:00-05:00,28.389999389648438,28.389999389648438,28.299999237060547,28.299999237060547,3275,0.0,0.0
2024-02-02 12:30:00-05:00,28.299999237060547,28.299999237060547,28.15999984741211,28.174999237060547,7056,0.0,0.0
2024-02-02 13:30:00-05:00,28.100000381469727,28.100000381469727,27.84000015258789,27.899999618530273,18302,0.0,0.0
2024-02-02 14:30:00-05:00,27.929899215698242,27.93000030517578,27.719999313354492,27.81999969482422,11533,0.0,0.0
2024-02-02 15:30:00-05:00,27.760000228881836,27.91990089416504,27.729999542236328,27.84000015258789,22628,0.0,0.0
2024-02-05 09:30:00-05:00,27.889999389648438,28.110000610351562,27.799999237060547,27.940000534057617,11535,0.0,0.0
2024-02-05 10:30:00-05:00,27.93950080871582,27.940000534057617,27.725200653076172,27.770000457763672,6338,0.0,0.0
2024-02-05 11:30:00-05:00,27.770000457763672,27.825000762939453,27.524999618530273,27.790000915527344,41789,0.0,0.0
2024-02-05 12:30:00-05:00,27.809999465942383,27.889999389648438,27.809999465942383,27.829999923706055,2091,0.0,0.0
2024-02-05 13:30:00-05:00,27.898700714111328,27.91659927368164,27.825000762939453,27.829999923706055,3702,0.0,0.0
2024-02-05 14:30:00-05:00,27.8700008392334,27.959999084472656,27.790000915527344,27.8700008392334,20031,0.0,0.0
2024-02-05 15:30:00-05:00,27.940000534057617,27.969999313354492,27.799999237060547,27.899999618530273,9983,0.0,0.0
2024-02-06 09:30:00-05:00,27.799999237060547,28.6299991607666,27.799999237060547,28.3700008392334,17820,0.0,0.0
2024-02-06 10:30:00-05:00,28.3700008392334,28.489999771118164,28.270000457763672,28.40999984741211,12393,0.0,0.0
2024-02-06 11:30:00-05:00,28.520000457763672,28.6299991607666,28.350099563598633,28.350099563598633,12157,0.0,0.0
2024-02-06 12:30:00-05:00,28.309999465942383,28.3799991607666,28.170299530029297,28.194599151611328,9871,0.0,0.0
2024-02-06 13:30:00-05:00,28.219999313354492,28.274999618530273,28.18000030517578,28.2450008392334,2906,0.0,0.0
2024-02-06 14:30:00-05:00,28.25,28.264999389648438,28.06999969482422,28.155000686645508,10740,0.0,0.0
2024-02-06 15:30:00-05:00,28.110000610351562,28.1200008392334,28.049999237060547,28.049999237060547,8852,0.0,0.0
2024-02-07 09:30:00-05:00,28.059999465942383,28.139999389648438,27.8799991607666,28.139999389648438,6556,0.0,0.0
2024-02-07 10:30:00-05:00,28.219999313354492,28.219999313354492,28.082799911499023,28.135000228881836,2793,0.0,0.0
2024-02-07 12:30:00-05:00,27.9950008392334,28.420000076293945,27.950000762939453,28.420000076293945,9814,0.0,0.0
2024-02-07 13:30:00-05:00,28.329999923706055,28.440000534057617,28.219999313354492,28.399999618530273,4487,0.0,0.0
2024-02-07 14:30:00-05:00,28.40999984741211,28.420000076293945,28.209999084472656,28.405000686645508,9706,0.0,0.0
2024-02-07 15:30:00-05:00,28.360000610351562,28.479999542236328,28.34000015258789,28.360000610351562,8303,0.0,0.0
2024-02-08 09:30:00-05:00,28.15999984741211,28.399999618530273,28.141000747680664,28.18400001525879,29686,0.0,0.0
2024-02-08 10:30:00-05:00,28.200000762939453,28.479999542236328,28.200000762939453,28.360000610351562,15256,0.0,0.0
2024-02-08 11:30:00-05:00,28.309999465942383,28.3799991607666,28.18000030517578,28.360000610351562,5168,0.0,0.0
2024-02-08 12:30:00-05:00,28.399999618530273,28.423999786376953,28.260099411010742,28.304000854492188,2617,0.0,0.0
2024-02-08 13:30:00-05:00,28.254600524902344,28.440000534057617,28.25029945373535,28.3700008392334,3439,0.0,0.0
2024-02-08 14:30:00-05:00,28.3700008392334,28.459999084472656,28.351299285888672,28.459999084472656,2018,0.0,0.0
2024-02-08 15:30:00-05:00,28.414499282836914,28.579999923706055,28.3799991607666,28.540000915527344,9857,0.0,0.0
2024-02-09 09:30:00-05:00,28.389999389648438,28.549999237060547,28.290000915527344,28.290000915527344,5413,0.0,0.0
2024-02-09 10:30:00-05:00,28.299999237060547,28.31369972229004,28.149999618530273,28.18000030517578,19265,0.0,0.0
2024-02-09 11:30:00-05:00,28.18000030517578,28.25,28.100000381469727,28.107200622558594,9465,0.0,0.0
2024-02-09 12:30:00-05:00,28.1299991607666,28.219999313354492,28.049999237060547,28.219999313354492,17627,0.0,0.0
2024-02-09 13:30:00-05:00,28.139999389648438,28.25,28.079999923706055,28.25,11746,0.0,0.0
2024-02-09 14:30:00-05:00,28.232999801635742,28.25,28.090700149536133,28.199899673461914,6727,0.0,0.0
2024-02-09 15:30:00-05:00,28.229999542236328,28.420000076293945,28.209999084472656,28.350000381469727,37113,0.0,0.0
2024-02-12 09:30:00-05:00,28.489999771118164,28.905000686645508,28.489999771118164,28.905000686645508,0,0.0,0.0
2024-02-12 10:30:00-05:00,28.899999618530273,29.459999084472656,28.86009979248047,29.440000534057617,39264,0.0,0.0
2024-02-12 11:30:00-05:00,29.3799991607666,29.609899520874023,29.34000015258789,29.540000915527344,16780,0.0,0.0
2024-02-12 12:30:00-05:00,29.639999389648438,29.920000076293945,29.540000915527344,29.8257999420166,24317,0.0,0.0
2024-02-12 13:30:00-05:00,29.81999969482422,29.899999618530273,29.739999771118164,29.850000381469727,17179,0.0,0.0
2024-02-12 14:30:00-05:00,29.857900619506836,29.899999618530273,29.719999313354492,29.820100784301758,17464,0.0,0.0
2024-02-12 15:30:00-05:00,29.81999969482422,29.899999618530273,29.799999237060547,29.8700008392334,23627,0.0,0.0
2024-02-13 09:30:00-05:00,29.899999618530273,30.139999389648438,28.799999237060547,29.6299991607666,84153,0.0,0.0
2024-02-13 10:30:00-05:00,29.469999313354492,29.75,29.40999984741211,29.579999923706055,10706,0.0,0.0
2024-02-13 11:30:00-05:00,29.520000457763672,29.579999923706055,29.43000030517578,29.450000762939453,6226,0.0,0.0
2024-02-13 12:30:00-05:00,29.540000915527344,29.65999984741211,29.479999542236328,29.5846004486084,10849,0.0,0.0
2024-02-13 13:30:00-05:00,29.489999771118164,29.699899673461914,29.420000076293945,29.489999771118164,14905,0.0,0.0
2024-02-13 14:30:00-05:00,29.479999542236328,29.4950008392334,29.219999313354492,29.34000015258789,17946,0.0,0.0
2024-02-13 15:30:00-05:00,29.329999923706055,29.549999237060547,29.329999923706055,29.5,20525,0.0,0.0
2024-02-14 09:30:00-05:00,29.8700008392334,31.359899520874023,29.860000610351562,30.549999237060547,126165,0.0,0.0
2024-02-14 10:30:00-05:00,30.540000915527344,30.950000762939453,30.329999923706055,30.950000762939453,56465,0.0,0.0
2024-02-14 11:30:00-05:00,30.8799991607666,31.149999618530273,30.80500030517578,30.905000686645508,21572,0.0,0.0
2024-02-14 12:30:00-05:00,31.0,31.040000915527344,30.81999969482422,30.81999969482422,32054,0.0,0.0
2024-02-14 13:30:00-05:00,30.809999465942383,30.950000762939453,30.639999389648438,30.847999572753906,17611,0.0,0.0
2024-02-14 14:30:00-05:00,30.864999771118164,31.0,30.79010009765625,30.8700008392334,21446,0.0,0.0
2024-02-14 15:30:00-05:00,30.84000015258789,30.899999618530273,30.770000457763672,30.854999542236328,18384,0.0,0.0
2024-02-15 09:30:00-05:00,30.899999618530273,32.0,30.65999984741211,31.649999618530273,96502,0.0,0.0
2024-02-15 10:30:00-05:00,31.65999984741211,31.65999984741211,31.329999923706055,31.5,26134,0.0,0.0
2024-02-15 11:30:00-05:00,31.530000686645508,31.579999923706055,31.1299991607666,31.209999084472656,21093,0.0,0.0
2024-02-15 12:30:00-05:00,31.239999771118164,31.239999771118164,30.979999542236328,31.139999389648438,21024,0.0,0.0
2024-02-15 13:30:00-05:00,31.1200008392334,31.229999542236328,30.989999771118164,31.139999389648438,10936,0.0,0.0
2024-02-15 14:30:00-05:00,31.165000915527344,31.239999771118164,30.9950008392334,31.014999389648438,16301,0.0,0.0
2024-02-15 15:30:00-05:00,31.010000228881836,31.2549991607666,31.010000228881836,31.209999084472656,24270,0.0,0.0
2024-02-16 09:30:00-05:00,31.260000228881836,31.420000076293945,31.030000686645508,31.299999237060547,11039,0.0,0.0
2024-02-16 10:30:00-05:00,31.193700790405273,31.34000015258789,31.193700790405273,31.230100631713867,5061,0.0,0.0
2024-02-16 11:30:00-05:00,31.280000686645508,31.420000076293945,31.239999771118164,31.239999771118164,11615,0.0,0.0
2024-02-16 12:30:00-05:00,31.325000762939453,31.3700008392334,31.188100814819336,31.260000228881836,7760,0.0,0.0
2024-02-16 13:30:00-05:00,31.260000228881836,31.3799991607666,31.225000381469727,31.3799991607666,12232,0.0,0.0
2024-02-16 14:30:00-05:00,31.3799991607666,31.3799991607666,31.18000030517578,31.25,7136,0.0,0.0
2024-02-16 15:30:00-05:00,31.25,31.290000915527344,31.13010025024414,31.25,17762,0.0,0.0
2024-02-20 09:30:00-05:00,31.139999389648438,31.170000076293945,30.91119956970215,31.059999465942383,13574,0.0,0.0
2024-02-20 10:30:00-05:00,31.059999465942383,31.059999465942383,30.920000076293945,31.059999465942383,13210,0.0,0.0
2024-02-20 11:30:00-05:00,31.059999465942383,31.059999465942383,30.9950008392334,31.0,1622,0.0,0.0
2024-02-20 12:30:00-05:00,30.969999313354492,31.31999969482422,30.950000762939453,31.200000762939453,18105,0.0,0.0
2024-02-20 13:30:00-05:00,31.209999084472656,31.360000610351562,31.200000762939453,31.290000915527344,9262,0.0,0.0
2024-02-20 14:30:00-05:00,31.309999465942383,31.68000030517578,31.309999465942383,31.56999969482422,21809,0.0,0.0
2024-02-20 15:30:00-05:00,31.56999969482422,31.719900131225586,31.479999542236328,31.649999618530273,20519,0.0,0.0
2024-02-21 09:30:00-05:00,31.799999237060547,32.25,31.600000381469727,31.950000762939453,90572,0.0,0.0
2024-02-21 10:30:00-05:00,31.96500015258789,32.369998931884766,31.920000076293945,32.369998931884766,28439,0.0,0.0
2024-02-21 11:30:00-05:00,32.369998931884766,32.669898986816406,32.33000183105469,32.5,31756,0.0,0.0
2024-02-21 12:30:00-05:00,32.47999954223633,32.7400016784668,32.36000061035156,32.40999984741211,30770,0.0,0.0
2024-02-21 13:30:00-05:00,32.4900016784668,32.59000015258789,32.41999816894531,32.494998931884766,16865,0.0,0.0
2024-02-21 14:30:00-05:00,32.47999954223633,32.5,32.311100006103516,32.45000076293945,9884,0.0,0.0
2024-02-21 15:30:00-05:00,32.40999984741211,32.83000183105469,32.40999984741211,32.720001220703125,12340,0.0,0.0
2024-02-22 09:30:00-05:00,32.970001220703125,33.27000045776367,32.42369842529297,33.0,65351,0.0,0.0
2024-02-22 10:30:00-05:00,33.0,33.220001220703125,32.880001068115234,33.13999938964844,19708,0.0,0.0
2024-02-22 11:30:00-05:00,33.095001220703125,33.25,33.095001220703125,33.15999984741211,15142,0.0,0.0
2024-02-22 12:30:00-05:00,33.15999984741211,33.33000183105469,33.04999923706055,33.26499938964844,28773,0.0,0.0
2024-02-22 13:30:00-05:00,33.29499816894531,33.319801330566406,33.150001525878906,33.25,15667,0.0,0.0
2024-02-22 14:30:00-05:00,33.2400016784668,33.27000045776367,33.15999984741211,33.2400016784668,10527,0.0,0.0
2024-02-22 15:30:00-05:00,33.2400016784668,33.59000015258789,33.2400016784668,33.560001373291016,56228,0.0,0.0
2024-02-23 09:30:00-05:00,33.5099983215332,33.7400016784668,33.40010070800781,33.56769943237305,33710,0.0,0.0
2024-02-23 10:30:00-05:00,33.47999954223633,33.54999923706055,33.31999969482422,33.376399993896484,19650,0.0,0.0
2024-02-23 11:30:00-05:00,33.369998931884766,33.85499954223633,33.369998931884766,33.474998474121094,62102,0.0,0.0
2024-02-23 12:30:00-05:00,33.474998474121094,33.77000045776367,33.459999084472656,33.69810104370117,11746,0.0,0.0
2024-02-23 13:30:00-05:00,33.70000076293945,33.84659957885742,33.66419982910156,33.66999816894531,13397,0.0,0.0
2024-02-23 14:30:00-05:00,33.724998474121094,33.754798889160156,33.540000915527344,33.540000915527344,7811,0.0,0.0
2024-02-23 15:30:00-05:00,33.57500076293945,33.7400016784668,33.56999969482422,33.66999816894531,12408,0.0,0.0
2024-02-26 09:30:00-05:00,33.61000061035156,33.61000061035156,32.75,33.18000030517578,0,0.0,0.0
2024-02-26 10:30:00-05:00,33.290000915527344,33.459999084472656,32.970001220703125,33.34000015258789,25562,0.0,0.0
2024-02-26 11:30:00-05:00,33.380001068115234,33.43000030517578,33.230098724365234,33.41999816894531,18897,0.0,0.0
2024-02-26 12:30:00-05:00,33.43000030517578,33.619998931884766,33.2400016784668,33.369998931884766,34364,0.0,0.0
2024-02-26 13:30:00-05:00,33.45000076293945,33.58000183105469,33.310001373291016,33.439998626708984,17590,0.0,0.0
2024-02-26 14:30:00-05:00,33.470001220703125,33.56999969482422,33.40999984741211,33.56999969482422,19381,0.0,0.0
2024-02-26 15:30:00-05:00,33.56999969482422,33.56999969482422,33.400001525878906,33.56800079345703,17651,0.0,0.0
2024-02-27 09:30:00-05:00,33.91999816894531,33.91999816894531,33.61000061035156,33.70000076293945,14361,0.0,0.0
2024-02-27 10:30:00-05:00,33.695899963378906,33.84000015258789,33.599998474121094,33.66999816894531,24928,0.0,0.0
2024-02-27 11:30:00-05:00,33.63999938964844,33.665000915527344,33.20000076293945,33.42499923706055,10090,0.0,0.0
2024-02-27 12:30:00-05:00,33.439998626708984,33.65999984741211,33.439998626708984,33.595001220703125,8469,0.0,0.0
2024-02-27 13:30:00-05:00,33.54999923706055,33.61000061035156,33.470001220703125,33.58000183105469,9512,0.0,0.0
2024-02-27 14:30:00-05:00,33.590599060058594,33.595001220703125,33.43000030517578,33.529998779296875,13052,0.0,0.0
2024-02-27 15:30:00-05:00,33.529998779296875,33.619998931884766,33.52000045776367,33.58000183105469,14054,0.0,0.0
2024-02-28 09:30:00-05:00,33.599998474121094,34.38999938964844,33.599998474121094,34.255001068115234,39033,0.0,0.0
2024-02-28 10:30:00-05:00,34.15999984741211,34.279998779296875,34.09000015258789,34.1349983215332,14559,0.0,0.0
2024-02-28 11:30:00-05:00,34.16600036621094,34.439998626708984,34.130001068115234,34.34000015258789,21477,0.0,0.0
2024-02-28 12:30:00-05:00,34.3650016784668,34.444698333740234,34.30500030517578,34.400001525878906,15004,0.0,0.0
2024-02-28 13:30:00-05:00,34.389801025390625,34.400001525878906,34.0,34.000999450683594,11057,0.0,0.0
2024-02-28 14:30:00-05:00,34.07500076293945,34.130001068115234,33.959999084472656,34.07080078125,9884,0.0,0.0
2024-02-28 15:30:00-05:00,34.099998474121094,34.119998931884766,34.029998779296875,34.029998779296875,11557,0.0,0.0
2024-02-29 09:30:00-05:00,34.369998931884766,34.5,34.0,34.0099983215332,44921,0.0,0.0
2024-02-29 10:30:00-05:00,34.09000015258789,34.349998474121094,34.09000015258789,34.16999816894531,12004,0.0,0.0
2024-02-29 11:30:00-05:00,34.11000061035156,34.130001068115234,34.0099983215332,34.06999969482422,5645,0.0,0.0
2024-02-29 12:30:00-05:00,34.06999969482422,34.06999969482422,33.939998626708984,33.939998626708984,13233,0.0,0.0
2024-02-29 13:30:00-05:00,33.939998626708984,34.09000015258789,33.939998626708984,34.04999923706055,11406,0.0,0.0
2024-02-29 14:30:00-05:00,34.060001373291016,34.119998931884766,33.970001220703125,34.040000915527344,12109,0.0,0.0
2024-02-29 15:30:00-05:00,34.06629943847656,34.18000030517578,34.06629943847656,34.16999816894531,7508,0.0,0.0
2024-03-01 09:30:00-05:00,34.189998626708984,34.869998931884766,34.15010070800781,34.86000061035156,46745,0.0,0.0
2024-03-01 10:30:00-05:00,34.84000015258789,34.86000061035156,34.499000549316406,34.742000579833984,23854,0.0,0.0
2024-03-01 11:30:00-05:00,34.84000015258789,34.849998474121094,34.61000061035156,34.65999984741211,16032,0.0,0.0
2024-03-01 12:30:00-05:00,34.650001525878906,34.650001525878906,34.5099983215332,34.63290023803711,3606,0.0,0.0
2024-03-01 13:30:00-05:00,34.599998474121094,34.619998931884766,34.5,34.619998931884766,4232,0.0,0.0
2024-03-01 14:30:00-05:00,34.529998779296875,34.619998931884766,34.38999938964844,34.38999938964844,5292,0.0,0.0
2024-03-01 15:30:00-05:00,34.36000061035156,34.43000030517578,34.27009963989258,34.380001068115234,17177,0.0,0.0
2024-03-04 09:30:00-05:00,34.400001525878906,34.81999969482422,33.630001068115234,33.80059814453125,32311,0.0,0.0
2024-03-04 10:30:00-05:00,33.90999984741211,34.16239929199219,33.83000183105469,33.83000183105469,10916,0.0,0.0
2024-03-04 11:30:00-05:00,33.8650016784668,33.959999084472656,33.81999969482422,33.90999984741211,18144,0.0,0.0
2024-03-04 12:30:00-05:00,33.849098205566406,34.084999084472656,33.81999969482422,34.04999923706055,15527,0.0,0.0
2024-03-04 13:30:00-05:00,34.11000061035156,34.15999984741211,33.95000076293945,33.9900016784668,12281,0.0,0.0
2024-03-04 14:30:00-05:00,33.970001220703125,34.04499816894531,33.88999938964844,33.88999938964844,13601,0.0,0.0
2024-03-04 15:30:00-05:00,33.88999938964844,33.9900016784668,33.72999954223633,33.72999954223633,17725,0.0,0.0
2024-03-05 09:30:00-05:00,33.7599983215332,33.81669998168945,33.43000030517578,33.64500045776367,13797,0.0,0.0
2024-03-05 10:30:00-05:00,33.56890106201172,33.70500183105469,33.56050109863281,33.682098388671875,12142,0.0,0.0
2024-03-05 11:30:00-05:00,33.720001220703125,33.84000015258789,33.71500015258789,33.84000015258789,2452,0.0,0.0
2024-03-05 12:30:00-05:00,33.86069869995117,33.899898529052734,33.75,33.845001220703125,10746,0.0,0.0
2024-03-05 13:30:00-05:00,33.79999923706055,33.80500030517578,33.594398498535156,33.594398498535156,2094,0.0,0.0
2024-03-05 14:30:00-05:00,33.599998474121094,33.599998474121094,33.349998474121094,33.39500045776367,7702,0.0,0.0
2024-03-05 15:30:00-05:00,33.275001525878906,33.275001525878906,33.06999969482422,33.18899917602539,9994,0.0,0.0
2024-03-06 09:30:00-05:00,33.2400016784668,33.439998626708984,33.17499923706055,33.17499923706055,13428,0.0,0.0
2024-03-06 10:30:00-05:00,33.16999816894531,33.16999816894531,32.81999969482422,33.05009841918945,12328,0.0,0.0
2024-03-06 11:30:00-05:00,33.04999923706055,33.314300537109375,33.04999923706055,33.15999984741211,1058,0.0,0.0
2024-03-06 12:30:00-05:00,33.08000183105469,33.13990020751953,32.96009826660156,33.02000045776367,5045,0.0,0.0
2024-03-06 13:30:00-05:00,32.970001220703125,33.13999938964844,32.91999816894531,33.13999938964844,5058,0.0,0.0
2024-03-06 14:30:00-05:00,33.060001373291016,35.88999938964844,33.02090072631836,35.70500183105469,320163,0.0,0.0
2024-03-06 15:30:00-05:00,35.829898834228516,36.41999816894531,35.54010009765625,36.40999984741211,283945,0.0,0.0
2024-03-07 09:30:00-05:00,38.68000030517578,40.400001525878906,38.5,38.70000076293945,512864,0.0,0.0
2024-03-07 10:30:00-05:00,38.720001220703125,39.470001220703125,38.25,39.435001373291016,62949,0.0,0.0
2024-03-07 11:30:00-05:00,39.435001373291016,39.77000045776367,39.099998474121094,39.11000061035156,34490,0.0,0.0
2024-03-07 12:30:00-05:00,39.04130172729492,39.34000015258789,39.03499984741211,39.30500030517578,17388,0.0,0.0
2024-03-07 13:30:00-05:00,39.30500030517578,39.5,39.30500030517578,39.470001220703125,35652,0.0,0.0
2024-03-07 14:30:00-05:00,39.525001525878906,40.13999938964844,39.525001525878906,40.130001068115234,44160,0.0,0.0
2024-03-07 15:30:00-05:00,40.084999084472656,40.970001220703125,40.084999084472656,40.900001525878906,135959,0.0,0.0
2024-03-08 09:30:00-05:00,41.5,43.599998474121094,41.400001525878906,43.470001220703125,224634,0.0,0.0
2024-03-08 10:30:00-05:00,43.470001220703125,43.66999816894531,42.82500076293945,43.13999938964844,68798,0.0,0.0
2024-03-08 11:30:00-05:00,43.099998474121094,43.277801513671875,42.80009841918945,43.22999954223633,37494,0.0,0.0
2024-03-08 12:30:00-05:00,43.209999084472656,43.79999923706055,43.209999084472656,43.790000915527344,36389,0.0,0.0
2024-03-08 13:30:00-05:00,43.79999923706055,43.880001068115234,43.32500076293945,43.529998779296875,27196,0.0,0.0
2024-03-08 14:30:00-05:00,43.54999923706055,43.939998626708984,43.47999954223633,43.84989929199219,33396,0.0,0.0
2024-03-08 15:30:00-05:00,43.84519958496094,44.33000183105469,43.82500076293945,44.33000183105469,80274,0.0,0.0
2024-03-11 09:30:00-04:00,44.0,44.349998474121094,42.90999984741211,44.290000915527344,95620,0.0,0.0
2024-03-11 10:30:00-04:00,44.220001220703125,44.45000076293945,43.790000915527344,44.04999923706055,55994,0.0,0.0
2024-03-11 11:30:00-04:00,44.0,44.125,43.72999954223633,44.0,59326,0.0,0.0
2024-03-11 12:30:00-04:00,44.0,44.09000015258789,43.869998931884766,44.025001525878906,31828,0.0,0.0
2024-03-11 13:30:00-04:00,44.025001525878906,44.09000015258789,43.880001068115234,44.039798736572266,48316,0.0,0.0
2024-03-11 14:30:00-04:00,44.02399826049805,44.7400016784668,44.0,44.57500076293945,52301,0.0,0.0
2024-03-11 15:30:00-04:00,44.584999084472656,45.0,44.584999084472656,44.72999954223633,62999,0.0,0.0
2024-03-12 09:30:00-04:00,44.91999816894531,45.489898681640625,44.369998931884766,44.9900016784668,75554,0.0,0.0
2024-03-12 10:30:00-04:00,44.93000030517578,45.380001068115234,44.59000015258789,45.20000076293945,77649,0.0,0.0
2024-03-12 11:30:00-04:00,45.20000076293945,45.880001068115234,45.20000076293945,45.61000061035156,44156,0.0,0.0
2024-03-12 12:30:00-04:00,45.68000030517578,45.83000183105469,44.939998626708984,45.39500045776367,43839,0.0,0.0
2024-03-12 13:30:00-04:00,45.220001220703125,45.38999938964844,45.029998779296875,45.20000076293945,26041,0.0,0.0
2024-03-12 14:30:00-04:00,45.20000076293945,45.38999938964844,45.06999969482422,45.22999954223633,31466,0.0,0.0
2024-03-12 15:30:00-04:00,45.20000076293945,45.4552001953125,45.06999969482422,45.290000915527344,31750,0.0,0.0
2024-03-13 09:30:00-04:00,45.36000061035156,45.459999084472656,44.09000015258789,44.70000076293945,46734,0.0,0.0
2024-03-13 10:30:00-04:00,44.630001068115234,44.75,43.029998779296875,43.08000183105469,92316,0.0,0.0
2024-03-13 11:30:00-04:00,43.28239822387695,43.70000076293945,42.099998474121094,42.36000061035156,87086,0.0,0.0
2024-03-13 12:30:00-04:00,42.36000061035156,43.779998779296875,42.36000061035156,43.380001068115234,28711,0.0,0.0
2024-03-13 13:30:00-04:00,43.27000045776367,43.35499954223633,42.79999923706055,42.89459991455078,31670,0.0,0.0
2024-03-13 14:30:00-04:00,42.89860153198242,42.900001525878906,42.4901008605957,42.4901008605957,29855,0.0,0.0
2024-03-13 15:30:00-04:00,42.55500030517578,42.900001525878906,42.31999969482422,42.5,88324,0.0,0.0
2024-03-14 09:30:00-04:00,42.400001525878906,42.53990173339844,41.52000045776367,41.849998474121094,54339,0.0,0.0
2024-03-14 10:30:00-04:00,41.900001525878906,42.150001525878906,41.72010040283203,41.95000076293945,34626,0.0,0.0
2024-03-14 11:30:00-04:00,41.919898986816406,42.25,41.75,42.13199996948242,69445,0.0,0.0
2024-03-14 12:30:00-04:00,42.130001068115234,42.2599983215332,42.08000183105469,42.08000183105469,9930,0.0,0.0
2024-03-14 13:30:00-04:00,42.18000030517578,42.27000045776367,41.900001525878906,41.970001220703125,28120,0.0,0.0
2024-03-14 14:30:00-04:00,41.9900016784668,42.06999969482422,41.09000015258789,41.2400016784668,42190,0.0,0.0
2024-03-14 15:30:00-04:00,41.209999084472656,41.70000076293945,41.185001373291016,41.52000045776367,42766,0.0,0.0
2024-03-15 09:30:00-04:00,41.599998474121094,42.099998474121094,41.38999938964844,41.83000183105469,53825,0.0,0.0
2024-03-15 10:30:00-04:00,42.040000915527344,42.150001525878906,41.79999923706055,41.79999923706055,23986,0.0,0.0
2024-03-15 11:30:00-04:00,41.96500015258789,42.099998474121094,41.68000030517578,41.79999923706055,40915,0.0,0.0
2024-03-15 12:30:00-04:00,41.66999816894531,41.9099006652832,41.5099983215332,41.79999923706055,10587,0.0,0.0
2024-03-15 13:30:00-04:00,41.56999969482422,41.810001373291016,41.560001373291016,41.650001525878906,10272,0.0,0.0
2024-03-15 14:30:00-04:00,41.709999084472656,41.790000915527344,41.56999969482422,41.56999969482422,10538,0.0,0.0
2024-03-15 15:30:00-04:00,41.67499923706055,41.81999969482422,41.54999923706055,41.54999923706055,21034,0.0,0.0
2024-03-18 09:30:00-04:00,41.38999938964844,41.939998626708984,41.20000076293945,41.939998626708984,21320,0.0,0.0
2024-03-18 10:30:00-04:00,41.939998626708984,42.38999938964844,41.72909927368164,42.189998626708984,37810,0.0,0.0
2024-03-18 11:30:00-04:00,42.23429870605469,42.59000015258789,42.220001220703125,42.435001373291016,31102,0.0,0.0
2024-03-18 12:30:00-04:00,42.560001373291016,42.59000015258789,42.439998626708984,42.529998779296875,5944,0.0,0.0
2024-03-18 13:30:00-04:00,42.5,42.72999954223633,42.5,42.689998626708984,4969,0.0,0.0
2024-03-18 14:30:00-04:00,42.67300033569336,42.75,42.5099983215332,42.619998931884766,17207,0.0,0.0
2024-03-18 15:30:00-04:00,42.619998931884766,42.709999084472656,42.369998931884766,42.599998474121094,17119,0.0,0.0
2024-03-19 09:30:00-04:00,42.0099983215332,42.494998931884766,41.869998931884766,42.2400016784668,18068,0.0,0.0
2024-03-19 10:30:00-04:00,42.119998931884766,42.34000015258789,42.119998931884766,42.25,17624,0.0,0.0
2024-03-19 11:30:00-04:00,42.34000015258789,42.34000015258789,42.25,42.279998779296875,18311,0.0,0.0
2024-03-19 12:30:00-04:00,42.29999923706055,42.33000183105469,42.25,42.2599983215332,4975,0.0,0.0
2024-03-19 13:30:00-04:00,42.29880142211914,42.29880142211914,42.0,42.05500030517578,12981,0.0,0.0
2024-03-19 14:30:00-04:00,42.0,42.02000045776367,41.77000045776367,41.9900016784668,12865,0.0,0.0
2024-03-19 15:30:00-04:00,41.8754997253418,42.02000045776367,41.8754997253418,41.970001220703125,8712,0.0,0.0
2024-03-20 09:30:00-04:00,41.939998626708984,41.970001220703125,41.15999984741211,41.54999923706055,20441,0.0,0.0
2024-03-20 10:30:00-04:00,41.61000061035156,41.720001220703125,41.5,41.53010177612305,9806,0.0,0.0
2024-03-20 11:30:00-04:00,41.709999084472656,41.79999923706055,41.55059814453125,41.71500015258789,3945,0.0,0.0
2024-03-20 12:30:00-04:00,41.560001373291016,41.59000015258789,41.400001525878906,41.439998626708984,4459,0.0,0.0
2024-03-20 13:30:00-04:00,41.440101623535156,41.61000061035156,41.439998626708984,41.61000061035156,4727,0.0,0.0
2024-03-20 14:30:00-04:00,41.5099983215332,41.80970001220703,41.31999969482422,41.685001373291016,15552,0.0,0.0
2024-03-20 15:30:00-04:00,41.72999954223633,41.759700775146484,41.529998779296875,41.529998779296875,18763,0.0,0.0
2024-03-21 09:30:00-04:00,41.7400016784668,42.417598724365234,41.5,41.970001220703125,21220,0.0,0.0
2024-03-21 10:30:00-04:00,41.88999938964844,41.91550064086914,41.75,41.86000061035156,5110,0.0,0.0
2024-03-21 11:30:00-04:00,41.79499816894531,42.040000915527344,41.79499816894531,42.038299560546875,2708,0.0,0.0
2024-03-21 12:30:00-04:00,41.970001220703125,41.99530029296875,41.779998779296875,41.849998474121094,7202,0.0,0.0
2024-03-21 13:30:00-04:00,41.81039810180664,41.900001525878906,41.630001068115234,41.66999816894531,3115,0.0,0.0
2024-03-21 14:30:00-04:00,41.720001220703125,41.84000015258789,41.56999969482422,41.84000015258789,8929,0.0,0.0
2024-03-21 15:30:00-04:00,41.81999969482422,41.81999969482422,41.61000061035156,41.630001068115234,12085,0.0,0.0
2024-03-22 09:30:00-04:00,41.400001525878906,42.75,41.400001525878906,42.130001068115234,73935,0.0,0.0
2024-03-22 10:30:00-04:00,42.119998931884766,42.220001220703125,41.96009826660156,42.060001373291016,6580,0.0,0.0
2024-03-22 11:30:00-04:00,42.040000915527344,42.209999084472656,42.0,42.119998931884766,5363,0.0,0.0
2024-03-22 12:30:00-04:00,42.150001525878906,42.189998626708984,41.81999969482422,41.994998931884766,42400,0.0,0.0
2024-03-22 13:30:00-04:00,42.040000915527344,42.060001373291016,41.84189987182617,41.849998474121094,4484,0.0,0.0
2024-03-22 14:30:00-04:00,41.86899948120117,41.86899948120117,41.66999816894531,41.66999816894531,3307,0.0,0.0
2024-03-22 15:30:00-04:00,41.7400016784668,41.7400016784668,41.540000915527344,41.619998931884766,9348,0.0,0.0
2024-03-25 09:30:00-04:00,42.400001525878906,44.22999954223633,41.9900016784668,43.8849983215332,105044,0.0,0.0
2024-03-25 10:30:00-04:00,43.900001525878906,44.0,43.31010055541992,43.3849983215332,67697,0.0,0.0
2024-03-25 11:30:00-04:00,43.459999084472656,43.65999984741211,43.310001373291016,43.310001373291016,13016,0.0,0.0
2024-03-25 12:30:00-04:00,43.290000915527344,43.45600128173828,43.099998474121094,43.45600128173828,11195,0.0,0.0
2024-03-25 13:30:00-04:00,43.33000183105469,43.470001220703125,43.33000183105469,43.470001220703125,4718,0.0,0.0
2024-03-25 14:30:00-04:00,43.41999816894531,43.41999816894531,43.2599983215332,43.29990005493164,3706,0.0,0.0
2024-03-25 15:30:00-04:00,43.290000915527344,43.5,43.230098724365234,43.2599983215332,29382,0.0,0.0
2024-03-26 09:30:00-04:00,43.400001525878906,43.69219970703125,42.0099983215332,42.540000915527344,165853,0.0,0.0
2024-03-26 10:30:00-04:00,42.619998931884766,43.52000045776367,42.54999923706055,43.33000183105469,24441,0.0,0.0
2024-03-26 11:30:00-04:00,43.43000030517578,43.439998626708984,43.20000076293945,43.279998779296875,10575,0.0,0.0
2024-03-26 12:30:00-04:00,43.209999084472656,43.2400016784668,42.869998931884766,43.09000015258789,11539,0.0,0.0
2024-03-26 13:30:00-04:00,43.27259826660156,43.27259826660156,42.89500045776367,42.89500045776367,9384,0.0,0.0
2024-03-26 14:30:00-04:00,42.869998931884766,43.04499816894531,42.86000061035156,42.98500061035156,7312,0.0,0.0
2024-03-26 15:30:00-04:00,42.9900016784668,42.9900016784668,42.599998474121094,42.709999084472656,22071,0.0,0.0
2024-03-27 09:30:00-04:00,42.68000030517578,42.970001220703125,42.349998474121094,42.459999084472656,9160,0.0,0.0
2024-03-27 10:30:00-04:00,42.72999954223633,42.72999954223633,42.349998474121094,42.349998474121094,7299,0.0,0.0
2024-03-27 11:30:00-04:00,42.31999969482422,42.5281982421875,42.15999984741211,42.5281982421875,21244,0.0,0.0
2024-03-27 12:30:00-04:00,42.439998626708984,43.13999938964844,42.41999816894531,43.0,19301,0.0,0.0
2024-03-27 13:30:00-04:00,43.0099983215332,43.099998474121094,42.720001220703125,42.880001068115234,7435,0.0,0.0
2024-03-27 14:30:00-04:00,42.83000183105469,42.959999084472656,42.625,42.625,11627,0.0,0.0
2024-03-27 15:30:00-04:00,42.689998626708984,42.689998626708984,42.41999816894531,42.59000015258789,15575,0.0,0.0
2024-03-28 09:30:00-04:00,42.599998474121094,43.429901123046875,42.599998474121094,42.9900016784668,25543,0.0,0.0
2024-03-28 10:30:00-04:00,42.970001220703125,43.0,42.84000015258789,42.939998626708984,4118,0.0,0.0
2024-03-28 11:30:00-04:00,42.955101013183594,42.955101013183594,42.415000915527344,42.7598991394043,10755,0.0,0.0
2024-03-28 12:30:00-04:00,42.630001068115234,42.630001068115234,42.470001220703125,42.619998931884766,14122,0.0,0.0
2024-03-28 13:30:00-04:00,42.599998474121094,42.66999816894531,42.411800384521484,42.52000045776367,9538,0.0,0.0
2024-03-28 14:30:00-04:00,42.53089904785156,42.560001373291016,42.32500076293945,42.5,15835,0.0,0.0
2024-03-28 15:30:00-04:00,42.540000915527344,42.65999984741211,42.459999084472656,42.599998474121094,13643,0.0,0.0
2024-04-01 09:30:00-04:00,42.720001220703125,42.970001220703125,42.599998474121094,42.599998474121094,5562,0.0,0.0
2024-04-01 10:30:00-04:00,42.5,42.97999954223633,42.5,42.70009994506836,6532,0.0,0.0
2024-04-01 11:30:00-04:00,42.82830047607422,43.2400016784668,42.7400016784668,42.88999938964844,9066,0.0,0.0
2024-04-01 12:30:00-04:00,42.7400016784668,43.05649948120117,42.62009811401367,42.79999923706055,10259,0.0,0.0
2024-04-01 13:30:00-04:00,42.70000076293945,42.70000076293945,42.529998779296875,42.689998626708984,1457,0.0,0.0
2024-04-01 14:30:00-04:00,42.540000915527344,42.540000915527344,42.330101013183594,42.41999816894531,5135,0.0,0.0
2024-04-01 15:30:00-04:00,42.560001373291016,42.56999969482422,42.41999816894531,42.4900016784668,10047,0.0,0.0
2024-04-02 09:30:00-04:00,42.4900016784668,42.4900016784668,41.29999923706055,41.80500030517578,26736,0.0,0.0
2024-04-02 10:30:00-04:00,41.91740036010742,42.11130142211914,41.75,41.90999984741211,8352,0.0,0.0
2024-04-02 11:30:00-04:00,41.93000030517578,41.97999954223633,41.79999923706055,41.79999923706055,3745,0.0,0.0
2024-04-02 12:30:00-04:00,41.769901275634766,41.97990036010742,41.68000030517578,41.715301513671875,11848,0.0,0.0
2024-04-02 13:30:00-04:00,41.709999084472656,41.850101470947266,41.60749816894531,41.81999969482422,14234,0.0,0.0
2024-04-02 14:30:00-04:00,41.76499938964844,42.078399658203125,41.76499938964844,42.078399658203125,9353,0.0,0.0
2024-04-02 15:30:00-04:00,42.150001525878906,42.25,42.01499938964844,42.130001068115234,11180,0.0,0.0
2024-04-03 09:30:00-04:00,42.040000915527344,42.83000183105469,42.040000915527344,42.82889938354492,24092,0.0,0.0
2024-04-03 10:30:00-04:00,42.959999084472656,43.02000045776367,42.68000030517578,42.810001373291016,9771,0.0,0.0
2024-04-03 11:30:00-04:00,42.93000030517578,42.970001220703125,42.66999816894531,42.66999816894531,5716,0.0,0.0
2024-04-03 12:30:00-04:00,42.599998474121094,42.810001373291016,42.599998474121094,42.650001525878906,4685,0.0,0.0
2024-04-03 13:30:00-04:00,42.665000915527344,42.88999938964844,42.665000915527344,42.88999938964844,12144,0.0,0.0
2024-04-03 14:30:00-04:00,42.88999938964844,43.27000045776367,42.849998474121094,42.933101654052734,20296,0.0,0.0
2024-04-03 15:30:00-04:00,43.15999984741211,43.45000076293945,43.040000915527344,43.45000076293945,14123,0.0,0.0
2024-04-04 09:30:00-04:00,43.45000076293945,43.59000015258789,43.025001525878906,43.025001525878906,37388,0.0,0.0
2024-04-04 10:30:00-04:00,42.90999984741211,43.01409912109375,42.72999954223633,42.849998474121094,8682,0.0,0.0
2024-04-04 11:30:00-04:00,42.9900016784668,43.0099983215332,42.95000076293945,43.0099983215332,2032,0.0,0.0
2024-04-04 12:30:00-04:00,43.099998474121094,43.25,43.05139923095703,43.209999084472656,5378,0.0,0.0
2024-04-04 13:30:00-04:00,43.040000915527344,43.09000015258789,42.97589874267578,43.0,2623,0.0,0.0
2024-04-04 14:30:00-04:00,42.88999938964844,42.915000915527344,42.5900993347168,42.880001068115234,11698,0.0,0.0
2024-04-04 15:30:00-04:00,42.75,42.75,42.459999084472656,42.54999923706055,11567,0.0,0.0
2024-04-05 09:30:00-04:00,42.61000061035156,42.790000915527344,42.38999938964844,42.52000045776367,3290,0.0,0.0
2024-04-05 10:30:00-04:00,42.578399658203125,42.599998474121094,42.5099983215332,42.56999969482422,3151,0.0,0.0
2024-04-05 11:30:00-04:00,42.54999923706055,42.799800872802734,42.4900016784668,42.685001373291016,9367,0.0,0.0
2024-04-05 12:30:00-04:00,42.709999084472656,42.919898986816406,42.55500030517578,42.55500030517578,4432,0.0,0.0
2024-04-05 13:30:00-04:00,42.5099983215332,42.63999938964844,42.470001220703125,42.4900016784668,3685,0.0,0.0
2024-04-05 14:30:00-04:00,42.4900016784668,42.65999984741211,42.400001525878906,42.65999984741211,15360,0.0,0.0
2024-04-05 15:30:00-04:00,42.68000030517578,42.871498107910156,42.619998931884766,42.619998931884766,3652,0.0,0.0
2024-04-08 09:30:00-04:00,42.970001220703125,43.130001068115234,42.310001373291016,42.53010177612305,27084,0.0,0.0
2024-04-08 10:30:00-04:00,42.68000030517578,42.9900016784668,42.54999923706055,42.97999954223633,19495,0.0,0.0
2024-04-08 11:30:00-04:00,42.900001525878906,43.0,42.720001220703125,42.720001220703125,2762,0.0,0.0
2024-04-08 12:30:00-04:00,42.65999984741211,42.834999084472656,42.650001525878906,42.65999984741211,4565,0.0,0.0
2024-04-08 13:30:00-04:00,42.65999984741211,42.66999816894531,42.5099983215332,42.510101318359375,6703,0.0,0.0
2024-04-08 14:30:00-04:00,42.70000076293945,42.70000076293945,42.650001525878906,42.650001525878906,1533,0.0,0.0
2024-04-08 15:30:00-04:00,42.52000045776367,42.61000061035156,42.41999816894531,42.41999816894531,15708,0.0,0.0
2024-04-09 09:30:00-04:00,42.54999923706055,42.54999923706055,42.0099983215332,42.13999938964844,7160,0.0,0.0
2024-04-09 10:30:00-04:00,42.130001068115234,42.14500045776367,41.869998931884766,42.0,16014,0.0,0.0
2024-04-09 11:30:00-04:00,41.78010177612305,42.02000045776367,41.560001373291016,42.02000045776367,13825,0.0,0.0
2024-04-09 12:30:00-04:00,41.68000030517578,41.900001525878906,41.63999938964844,41.661598205566406,10660,0.0,0.0
2024-04-09 13:30:00-04:00,41.739898681640625,41.970001220703125,41.630001068115234,41.830101013183594,10411,0.0,0.0
2024-04-09 14:30:00-04:00,41.91999816894531,42.01499938964844,41.81999969482422,42.01499938964844,4895,0.0,0.0
2024-04-09 15:30:00-04:00,41.97999954223633,42.0099983215332,41.7400016784668,41.7400016784668,18560,0.0,0.0
2024-04-10 09:30:00-04:00,41.349998474121094,41.665000915527344,40.61000061035156,41.65999984741211,72457,0.0,0.0
2024-04-10 10:30:00-04:00,41.75,42.3849983215332,41.529998779296875,41.529998779296875,20598,0.0,0.0
2024-04-10 11:30:00-04:00,41.630001068115234,41.650001525878906,41.349998474121094,41.61000061035156,17861,0.0,0.0
2024-04-10 12:30:00-04:00,41.63999938964844,41.814998626708984,41.58000183105469,41.61000061035156,3539,0.0,0.0
2024-04-10 13:30:00-04:00,41.56999969482422,41.67499923706055,41.4900016784668,41.56999969482422,4253,0.0,0.0
2024-04-10 14:30:00-04:00,41.5,41.779998779296875,41.38999938964844,41.692501068115234,8980,0.0,0.0
2024-04-10 15:30:00-04:00,41.599998474121094,41.84000015258789,41.540000915527344,41.709999084472656,7935,0.0,0.0
2024-04-11 09:30:00-04:00,42.72999954223633,43.9900016784668,42.72999954223633,42.77000045776367,65166,0.0,0.0
2024-04-11 10:30:00-04:00,42.779998779296875,42.81999969482422,42.29999923706055,42.66999816894531,22178,0.0,0.0
2024-04-11 11:30:00-04:00,42.79999923706055,43.48809814453125,42.709999084472656,43.400001525878906,6260,0.0,0.0
2024-04-11 12:30:00-04:00,43.31999969482422,43.47999954223633,43.20289993286133,43.30500030517578,17981,0.0,0.0
2024-04-11 13:30:00-04:00,43.43989944458008,43.5098991394043,43.21500015258789,43.4900016784668,9776,0.0,0.0
2024-04-11 14:30:00-04:00,43.38999938964844,43.599998474121094,43.369998931884766,43.38999938964844,12619,0.0,0.0
2024-04-11 15:30:00-04:00,43.47999954223633,43.599998474121094,43.29999923706055,43.369998931884766,22467,0.0,0.0
2024-04-12 09:30:00-04:00,43.779998779296875,43.79999923706055,43.15250015258789,43.32500076293945,34606,0.0,0.0
2024-04-12 10:30:00-04:00,43.47999954223633,43.56999969482422,43.279998779296875,43.29819869995117,5909,0.0,0.0
2024-04-12 11:30:00-04:00,43.314998626708984,43.314998626708984,43.06999969482422,43.130001068115234,2488,0.0,0.0
2024-04-12 12:30:00-04:00,43.20989990234375,43.20989990234375,42.47269821166992,43.119998931884766,15715,0.0,0.0
2024-04-12 13:30:00-04:00,43.00600051879883,43.12879943847656,42.500099182128906,42.790000915527344,32148,0.0,0.0
2024-04-12 14:30:00-04:00,42.75,42.8650016784668,42.585601806640625,42.7671012878418,13389,0.0,0.0
2024-04-12 15:30:00-04:00,42.7599983215332,42.95000076293945,42.66999816894531,42.95000076293945,15235,0.0,0.0
2024-04-15 09:30:00-04:00,43.220001220703125,43.790000915527344,42.689998626708984,43.23500061035156,15160,0.0,0.0
2024-04-15 10:30:00-04:00,43.29999923706055,43.58000183105469,43.18000030517578,43.27000045776367,19210,0.0,0.0
2024-04-15 11:30:00-04:00,43.29999923706055,43.37379837036133,42.93000030517578,43.0099983215332,10029,0.0,0.0
2024-04-15 12:30:00-04:00,43.029998779296875,43.16999816894531,42.849998474121094,42.849998474121094,7672,0.0,0.0
2024-04-15 13:30:00-04:00,42.810001373291016,42.959999084472656,42.75,42.75,12481,0.0,0.0
2024-04-15 14:30:00-04:00,42.79999923706055,42.86000061035156,42.40999984741211,42.494998931884766,5942,0.0,0.0
2024-04-15 15:30:00-04:00,42.41999816894531,42.630001068115234,42.400001525878906,42.630001068115234,10578,0.0,0.0
2024-04-16 09:30:00-04:00,42.709999084472656,42.709999084472656,41.71009826660156,42.0,17009,0.0,0.0
2024-04-16 10:30:00-04:00,41.900001525878906,41.970001220703125,41.790000915527344,41.849998474121094,7013,0.0,0.0
2024-04-16 11:30:00-04:00,42.0,42.349998474121094,41.95000076293945,42.349998474121094,10809,0.0,0.0
2024-04-16 12:30:00-04:00,42.220001220703125,42.400001525878906,42.220001220703125,42.290000915527344,11129,0.0,0.0
2024-04-16 13:30:00-04:00,42.25,42.31999969482422,41.939998626708984,41.959999084472656,22016,0.0,0.0
2024-04-16 14:30:00-04:00,41.95000076293945,42.26499938964844,41.95000076293945,42.25,6655,0.0,0.0
2024-04-16 15:30:00-04:00,42.20000076293945,42.29499816894531,42.04010009765625,42.27000045776367,7032,0.0,0.0
2024-04-17 09:30:00-04:00,42.2599983215332,42.75,42.189998626708984,42.2400016784668,14725,0.0,0.0
2024-04-17 10:30:00-04:00,42.244998931884766,42.56999969482422,42.10499954223633,42.45000076293945,7290,0.0,0.0
2024-04-17 11:30:00-04:00,42.45000076293945,42.45000076293945,42.26499938964844,42.26499938964844,9067,0.0,0.0
2024-04-17 12:30:00-04:00,42.26499938964844,42.290000915527344,42.04999923706055,42.16999816894531,6782,0.0,0.0
2024-04-17 13:30:00-04:00,42.16999816894531,42.45000076293945,42.16999816894531,42.32500076293945,7701,0.0,0.0
2024-04-17 14:30:00-04:00,42.380001068115234,42.47999954223633,42.08000183105469,42.09000015258789,11059,0.0,0.0
2024-04-17 15:30:00-04:00,42.130001068115234,42.16999816894531,41.91999816894531,42.16999816894531,15010,0.0,0.0
2024-04-18 09:30:00-04:00,42.11000061035156,42.11000061035156,41.0099983215332,41.987300872802734,22433,0.0,0.0
2024-04-18 10:30:00-04:00,41.95000076293945,41.95000076293945,41.849998474121094,41.849998474121094,1329,0.0,0.0
2024-04-18 11:30:00-04:00,41.83000183105469,41.939998626708984,41.599998474121094,41.939998626708984,3721,0.0,0.0
2024-04-18 12:30:00-04:00,41.82500076293945,41.82500076293945,41.48500061035156,41.56999969482422,5270,0.0,0.0
2024-04-18 13:30:00-04:00,41.564998626708984,41.65999984741211,41.310001373291016,41.310001373291016,3445,0.0,0.0
2024-04-18 14:30:00-04:00,41.25,41.290000915527344,41.09000015258789,41.27000045776367,6819,0.0,0.0
2024-04-18 15:30:00-04:00,41.279998779296875,41.40999984741211,41.279998779296875,41.380001068115234,8828,0.0,0.0
2024-04-19 09:30:00-04:00,41.2400016784668,41.709999084472656,40.939998626708984,41.31999969482422,9686,0.0,0.0
2024-04-19 10:30:00-04:00,41.404998779296875,41.439998626708984,41.130001068115234,41.349998474121094,7274,0.0,0.0
2024-04-19 11:30:00-04:00,41.29499816894531,41.54999923706055,41.20000076293945,41.20000076293945,6336,0.0,0.0
2024-04-19 12:30:00-04:00,41.29999923706055,41.529998779296875,41.22999954223633,41.43000030517578,3720,0.0,0.0
2024-04-19 13:30:00-04:00,41.459999084472656,41.459999084472656,41.22999954223633,41.349998474121094,14202,0.0,0.0
2024-04-19 14:30:00-04:00,41.29499816894531,41.29999923706055,41.060001373291016,41.220001220703125,9430,0.0,0.0
2024-04-19 15:30:00-04:00,41.220001220703125,41.36000061035156,41.11000061035156,41.349998474121094,12756,0.0,0.0
2024-04-22 09:30:00-04:00,41.09000015258789,41.630001068115234,40.91999816894531,41.52009963989258,16023,0.0,0.0
2024-04-22 10:30:00-04:00,41.72999954223633,41.970001220703125,41.619998931884766,41.79999923706055,24757,0.0,0.0
2024-04-22 11:30:00-04:00,41.875,41.959999084472656,41.80160140991211,41.95000076293945,5716,0.0,0.0
2024-04-22 12:30:00-04:00,41.90999984741211,42.150001525878906,41.90999984741211,42.095001220703125,8297,0.0,0.0
2024-04-22 13:30:00-04:00,42.095001220703125,42.18000030517578,42.04999923706055,42.11000061035156,7011,0.0,0.0
2024-04-22 14:30:00-04:00,42.099998474121094,42.380001068115234,42.02000045776367,42.380001068115234,7684,0.0,0.0
2024-04-22 15:30:00-04:00,42.2599983215332,42.369998931884766,42.189998626708984,42.369998931884766,9518,0.0,0.0
2024-04-23 09:30:00-04:00,42.40999984741211,43.09000015258789,42.244998931884766,42.83000183105469,18155,0.0,0.0
2024-04-23 10:30:00-04:00,42.93000030517578,43.220001220703125,42.779998779296875,43.0098991394043,24627,0.0,0.0
2024-04-23 11:30:00-04:00,43.02000045776367,43.09000015258789,42.720001220703125,42.79999923706055,11322,0.0,0.0
2024-04-23 12:30:00-04:00,42.900001525878906,42.900001525878906,42.41999816894531,42.41999816894531,16047,0.0,0.0
2024-04-23 13:30:00-04:00,42.560001373291016,42.560001373291016,42.290000915527344,42.470001220703125,23023,0.0,0.0
2024-04-23 14:30:00-04:00,42.470001220703125,42.618099212646484,42.290000915527344,42.56999969482422,9212,0.0,0.0
2024-04-23 15:30:00-04:00,42.560001373291016,42.560001373291016,42.04999923706055,42.060001373291016,23157,0.0,0.0
2024-04-24 09:30:00-04:00,42.33000183105469,42.7400016784668,42.16999816894531,42.43000030517578,19618,0.0,0.0
2024-04-24 10:30:00-04:00,42.43000030517578,42.599998474121094,42.26900100708008,42.529998779296875,43378,0.0,0.0
2024-04-24 11:30:00-04:00,42.439998626708984,42.9900016784668,42.439998626708984,42.951698303222656,33549,0.0,0.0
2024-04-24 12:30:00-04:00,42.970001220703125,43.069000244140625,42.5,43.060001373291016,16546,0.0,0.0
2024-04-24 13:30:00-04:00,43.06999969482422,43.220001220703125,42.900001525878906,43.040000915527344,7105,0.0,0.0
2024-04-24 14:30:00-04:00,43.02000045776367,43.45000076293945,43.01499938964844,43.400001525878906,27320,0.0,0.0
2024-04-24 15:30:00-04:00,43.400001525878906,44.0,43.25,43.90999984741211,43361,0.0,0.0
2024-04-25 09:30:00-04:00,43.72999954223633,44.0,43.189998626708984,43.93000030517578,31697,0.0,0.0
2024-04-25 10:30:00-04:00,43.95000076293945,43.95000076293945,43.70000076293945,43.70000076293945,6873,0.0,0.0
2024-04-25 11:30:00-04:00,43.64580154418945,43.871299743652344,43.64580154418945,43.84859848022461,5304,0.0,0.0
2024-04-25 12:30:00-04:00,43.86000061035156,43.91999816894531,43.720001220703125,43.8650016784668,14989,0.0,0.0
2024-04-25 13:30:00-04:00,43.919898986816406,44.45000076293945,43.844398498535156,44.209999084472656,58682,0.0,0.0
2024-04-25 14:30:00-04:00,44.209999084472656,44.209999084472656,43.88999938964844,43.970001220703125,30039,0.0,0.0
2024-04-25 15:30:00-04:00,43.95000076293945,44.029998779296875,43.779998779296875,43.959999084472656,13893,0.0,0.0
2024-04-26 09:30:00-04:00,44.0,44.400001525878906,43.900001525878906,44.129798889160156,29808,0.0,0.0
2024-04-26 10:30:00-04:00,44.0,44.0,43.70000076293945,43.89500045776367,9579,0.0,0.0
2024-04-26 11:30:00-04:00,43.834999084472656,44.15140151977539,43.790000915527344,44.02000045776367,3094,0.0,0.0
2024-04-26 12:30:00-04:00,44.099998474121094,44.099998474121094,44.0,44.0,2843,0.0,0.0
2024-04-26 13:30:00-04:00,43.939998626708984,44.04999923706055,43.79999923706055,43.93000030517578,7442,0.0,0.0
2024-04-26 14:30:00-04:00,44.02000045776367,44.459999084472656,43.959999084472656,44.39699935913086,28094,0.0,0.0
2024-04-26 15:30:00-04:00,44.459999084472656,44.70000076293945,44.369998931884766,44.70000076293945,24700,0.0,0.0
2024-04-29 09:30:00-04:00,44.709999084472656,44.7400016784668,44.01390075683594,44.54999923706055,14458,0.0,0.0
2024-04-29 10:30:00-04:00,44.63130187988281,44.63999938964844,44.36009979248047,44.49319839477539,3070,0.0,0.0
2024-04-29 11:30:00-04:00,44.657501220703125,44.779998779296875,44.47050094604492,44.779998779296875,2100,0.0,0.0
2024-04-29 12:30:00-04:00,44.58000183105469,44.790000915527344,44.43000030517578,44.547401428222656,23839,0.0,0.0
2024-04-29 13:30:00-04:00,44.5099983215332,44.5099983215332,44.15999984741211,44.22999954223633,8028,0.0,0.0
2024-04-29 14:30:00-04:00,44.22999954223633,44.38999938964844,44.099998474121094,44.15999984741211,16093,0.0,0.0
2024-04-29 15:30:00-04:00,44.27000045776367,44.31999969482422,44.04999923706055,44.20000076293945,18037,0.0,0.0
2024-04-30 09:30:00-04:00,44.31999969482422,44.439998626708984,43.369998931884766,43.60279846191406,22489,0.0,0.0
2024-04-30 10:30:00-04:00,43.54999923706055,43.70000076293945,43.349998474121094,43.43000030517578,13040,0.0,0.0
2024-04-30 11:30:00-04:00,43.38999938964844,43.38999938964844,43.0099983215332,43.029998779296875,10657,0.0,0.0
2024-04-30 12:30:00-04:00,43.03499984741211,43.279998779296875,43.0,43.099998474121094,16636,0.0,0.0
2024-04-30 13:30:00-04:00,43.27000045776367,43.419898986816406,43.13999938964844,43.189998626708984,7845,0.0,0.0
2024-04-30 14:30:00-04:00,43.209999084472656,43.279998779296875,43.099998474121094,43.15999984741211,5285,0.0,0.0
2024-04-30 15:30:00-04:00,43.15999984741211,43.22999954223633,43.04999923706055,43.20000076293945,11474,0.0,0.0
2024-05-01 09:30:00-04:00,43.2599983215332,43.33000183105469,42.599998474121094,42.869998931884766,20139,0.0,0.0
2024-05-01 10:30:00-04:00,42.81999969482422,42.959999084472656,42.65999984741211,42.66999816894531,6102,0.0,0.0
2024-05-01 11:30:00-04:00,42.66999816894531,42.779998779296875,42.5099983215332,42.5099983215332,9200,0.0,0.0
2024-05-01 12:30:00-04:00,42.564998626708984,42.775001525878906,42.2599983215332,42.29999923706055,14428,0.0,0.0
2024-05-01 13:30:00-04:00,42.29999923706055,42.529998779296875,42.0099983215332,42.5,18928,0.0,0.0
2024-05-01 14:30:00-04:00,42.48500061035156,43.15999984741211,42.470001220703125,42.814998626708984,15096,0.0,0.0
2024-05-01 15:30:00-04:00,42.68000030517578,42.79999923706055,42.380001068115234,42.56999969482422,15774,0.0,0.0
2024-05-02 09:30:00-04:00,42.86000061035156,43.709999084472656,42.86000061035156,43.654998779296875,10070,0.0,0.0
2024-05-02 10:30:00-04:00,43.60150146484375,43.90999984741211,43.56719970703125,43.86000061035156,10259,0.0,0.0
2024-05-02 11:30:00-04:00,43.70000076293945,43.875,43.619998931884766,43.810001373291016,9858,0.0,0.0
2024-05-02 12:30:00-04:00,43.810001373291016,43.900001525878906,43.72819900512695,43.880001068115234,14504,0.0,0.0
2024-05-02 13:30:00-04:00,43.810001373291016,43.915000915527344,43.67509841918945,43.88999938964844,9018,0.0,0.0
2024-05-02 14:30:00-04:00,43.849998474121094,44.25,43.7400016784668,44.09000015258789,13648,0.0,0.0
2024-05-02 15:30:00-04:00,44.09000015258789,44.20000076293945,43.959999084472656,44.09000015258789,15972,0.0,0.0
2024-05-03 09:30:00-04:00,44.040000915527344,44.630001068115234,43.82870101928711,43.900001525878906,35541,0.0,0.0
2024-05-03 10:30:00-04:00,43.900001525878906,43.98500061035156,43.834999084472656,43.900001525878906,11843,0.0,0.0
2024-05-03 11:30:00-04:00,43.900001525878906,43.959999084472656,43.845001220703125,43.959999084472656,6450,0.0,0.0
2024-05-03 12:30:00-04:00,44.040000915527344,44.45000076293945,44.02000045776367,44.400001525878906,7570,0.0,0.0
2024-05-03 13:30:00-04:00,44.380001068115234,44.58000183105469,44.36800003051758,44.45000076293945,10054,0.0,0.0
2024-05-03 14:30:00-04:00,44.43000030517578,44.439998626708984,44.29999923706055,44.400001525878906,9234,0.0,0.0
2024-05-03 15:30:00-04:00,44.4099006652832,44.59000015258789,44.400001525878906,44.439998626708984,11283,0.0,0.0
2024-05-06 09:30:00-04:00,44.02000045776367,45.073001861572266,43.970001220703125,45.068199157714844,44384,0.0,0.0
2024-05-06 10:30:00-04:00,44.935001373291016,45.0,44.75,44.77000045776367,7088,0.0,0.0
2024-05-06 11:30:00-04:00,44.77470016479492,44.880001068115234,44.57149887084961,44.57149887084961,4707,0.0,0.0
2024-05-06 12:30:00-04:00,44.540000915527344,44.540000915527344,44.0447998046875,44.0447998046875,5458,0.0,0.0
2024-05-06 13:30:00-04:00,44.09000015258789,44.09000015258789,43.720001220703125,43.86000061035156,7746,0.0,0.0
2024-05-06 14:30:00-04:00,43.9900016784668,44.220001220703125,43.9900016784668,44.11000061035156,6347,0.0,0.0
2024-05-06 15:30:00-04:00,44.099998474121094,44.11000061035156,43.77000045776367,43.91999816894531,23409,0.0,0.0
2024-05-07 09:30:00-04:00,44.22999954223633,44.368900299072266,44.0,44.0099983215332,5700,0.0,0.0
2024-05-07 10:30:00-04:00,44.150001525878906,44.599998474121094,44.150001525878906,44.599998474121094,9206,0.0,0.0
2024-05-07 11:30:00-04:00,44.31010055541992,44.880001068115234,44.31010055541992,44.849998474121094,11964,0.0,0.0
2024-05-07 12:30:00-04:00,44.86000061035156,45.067901611328125,44.827999114990234,45.067901611328125,10932,0.0,0.0
2024-05-07 13:30:00-04:00,44.880001068115234,45.22999954223633,44.79999923706055,45.02000045776367,23203,0.0,0.0
2024-05-07 14:30:00-04:00,45.0,45.34000015258789,44.9900016784668,45.31999969482422,40894,0.0,0.0
2024-05-07 15:30:00-04:00,45.349998474121094,45.882598876953125,45.2599983215332,45.779998779296875,30443,0.0,0.0
2024-05-08 09:30:00-04:00,45.880001068115234,45.880001068115234,45.250099182128906,45.45000076293945,26233,0.0,0.0
2024-05-08 10:30:00-04:00,45.359798431396484,45.8650016784668,45.359798431396484,45.86439895629883,10066,0.0,0.0
2024-05-08 11:30:00-04:00,45.810001373291016,46.44499969482422,45.810001373291016,46.375,26216,0.0,0.0
2024-05-08 12:30:00-04:00,46.412498474121094,46.412498474121094,46.05500030517578,46.05500030517578,15614,0.0,0.0
2024-05-08 13:30:00-04:00,46.036598205566406,46.5,46.036598205566406,46.41910171508789,20148,0.0,0.0
2024-05-08 14:30:00-04:00,46.36940002441406,46.720001220703125,46.31999969482422,46.650001525878906,19474,0.0,0.0
2024-05-08 15:30:00-04:00,46.724998474121094,46.97990036010742,46.654998779296875,46.76689910888672,15138,0.0,0.0
2024-05-09 09:30:00-04:00,46.9900016784668,48.25279998779297,46.9900016784668,48.22999954223633,70695,0.0,0.0
2024-05-09 10:30:00-04:00,48.2599983215332,48.349998474121094,47.63999938964844,48.130001068115234,33601,0.0,0.0
2024-05-09 11:30:00-04:00,48.154998779296875,48.22999954223633,47.74259948730469,47.74259948730469,14813,0.0,0.0
2024-05-09 12:30:00-04:00,47.77000045776367,47.97999954223633,47.689998626708984,47.869998931884766,11260,0.0,0.0
2024-05-09 13:30:00-04:00,47.8650016784668,47.880001068115234,47.7578010559082,47.7578010559082,7918,0.0,0.0
2024-05-09 14:30:00-04:00,47.808101654052734,47.94889831542969,47.5,47.84000015258789,23671,0.0,0.0
2024-05-09 15:30:00-04:00,47.79999923706055,47.84000015258789,47.619998931884766,47.7599983215332,15241,0.0,0.0
2024-05-10 09:30:00-04:00,47.459999084472656,48.099998474121094,47.029998779296875,47.900001525878906,30836,0.0,0.0
2024-05-10 10:30:00-04:00,47.79999923706055,47.810001373291016,47.470001220703125,47.779998779296875,6269,0.0,0.0
2024-05-10 11:30:00-04:00,47.779998779296875,47.888999938964844,47.5099983215332,47.75,9186,0.0,0.0
2024-05-10 12:30:00-04:00,47.537200927734375,47.54999923706055,47.310001373291016,47.54999923706055,6147,0.0,0.0
2024-05-10 13:30:00-04:00,47.61000061035156,47.630001068115234,47.380001068115234,47.380001068115234,3747,0.0,0.0
2024-05-10 14:30:00-04:00,47.5,47.619998931884766,47.310001373291016,47.36000061035156,17571,0.0,0.0
2024-05-10 15:30:00-04:00,47.27000045776367,47.34000015258789,46.83000183105469,46.9900016784668,42982,0.0,0.0
2024-05-13 09:30:00-04:00,47.25,47.5,47.005001068115234,47.13999938964844,15393,0.0,0.0
2024-05-13 10:30:00-04:00,47.2599983215332,47.43000030517578,47.125,47.43000030517578,8451,0.0,0.0
2024-05-13 11:30:00-04:00,47.400001525878906,47.959999084472656,47.400001525878906,47.92499923706055,20180,0.0,0.0
2024-05-13 12:30:00-04:00,47.959999084472656,47.96989822387695,47.54999923706055,47.720001220703125,29887,0.0,0.0
2024-05-13 13:30:00-04:00,47.779998779296875,48.650001525878906,47.779998779296875,48.2400016784668,58599,0.0,0.0
2024-05-13 14:30:00-04:00,48.20309829711914,48.65999984741211,47.97999954223633,48.38999938964844,45709,0.0,0.0
2024-05-13 15:30:00-04:00,48.38999938964844,48.88370132446289,48.349998474121094,48.560001373291016,57308,0.0,0.0
2024-05-14 09:30:00-04:00,47.5,47.5,44.0099983215332,44.91999816894531,220062,0.0,0.0
2024-05-14 10:30:00-04:00,44.880001068115234,45.7400016784668,44.72999954223633,45.2056999206543,73140,0.0,0.0
2024-05-14 11:30:00-04:00,45.20000076293945,45.599998474121094,44.83000183105469,45.369998931884766,58548,0.0,0.0
2024-05-14 12:30:00-04:00,45.369998931884766,45.79999923706055,45.349998474121094,45.439998626708984,27608,0.0,0.0
2024-05-14 13:30:00-04:00,45.34000015258789,45.59000015258789,45.0,45.0,22702,0.0,0.0
2024-05-14 14:30:00-04:00,44.97999954223633,45.779998779296875,44.900001525878906,45.4900016784668,49507,0.0,0.0
2024-05-14 15:30:00-04:00,45.400001525878906,45.560001373291016,45.310001373291016,45.45500183105469,47625,0.0,0.0
2024-05-15 09:30:00-04:00,45.66999816894531,45.7599983215332,44.77000045776367,45.095001220703125,24803,0.0,0.0
2024-05-15 10:30:00-04:00,45.08060073852539,45.119998931884766,44.88970184326172,44.95000076293945,9500,0.0,0.0
2024-05-15 11:30:00-04:00,44.91999816894531,45.359901428222656,44.5,44.63999938964844,20738,0.0,0.0
2024-05-15 12:30:00-04:00,44.70000076293945,44.849998474121094,44.59000015258789,44.75,13395,0.0,0.0
2024-05-15 13:30:00-04:00,44.779998779296875,45.119998931884766,44.779998779296875,44.900001525878906,9503,0.0,0.0
2024-05-15 14:30:00-04:00,44.90999984741211,45.08000183105469,44.810001373291016,44.93000030517578,15628,0.0,0.0
2024-05-15 15:30:00-04:00,45.0,45.040000915527344,44.849998474121094,44.959999084472656,8330,0.0,0.0
2024-05-16 09:30:00-04:00,45.15999984741211,46.66999816894531,45.119998931884766,46.400001525878906,38036,0.0,0.0
2024-05-16 10:30:00-04:00,46.5,47.13999938964844,46.5,47.119998931884766,42777,0.0,0.0
2024-05-16 11:30:00-04:00,47.20000076293945,47.38999938964844,47.099998474121094,47.23500061035156,21398,0.0,0.0
2024-05-16 12:30:00-04:00,47.25,47.2599983215332,47.11000061035156,47.119998931884766,8368,0.0,0.0
2024-05-16 13:30:00-04:00,47.11000061035156,47.11000061035156,46.77000045776367,46.77000045776367,4061,0.0,0.0
2024-05-16 14:30:00-04:00,46.81999969482422,46.90999984741211,46.71500015258789,46.790000915527344,8732,0.0,0.0
2024-05-16 15:30:00-04:00,46.877899169921875,46.877899169921875,46.5900993347168,46.66999816894531,19667,0.0,0.0
2024-05-17 09:30:00-04:00,46.150001525878906,47.13999938964844,46.06999969482422,47.0281982421875,30002,0.0,0.0
2024-05-17 10:30:00-04:00,46.84000015258789,47.2400016784668,46.84000015258789,47.2400016784668,6787,0.0,0.0
2024-05-17 11:30:00-04:00,47.150001525878906,47.43000030517578,47.150001525878906,47.27000045776367,9471,0.0,0.0
2024-05-17 12:30:00-04:00,47.27000045776367,47.41999816894531,47.25,47.369998931884766,3061,0.0,0.0
2024-05-17 13:30:00-04:00,47.32830047607422,47.720001220703125,47.32830047607422,47.58000183105469,11778,0.0,0.0
2024-05-17 14:30:00-04:00,47.650001525878906,47.72999954223633,47.44240188598633,47.44240188598633,7573,0.0,0.0
2024-05-17 15:30:00-04:00,47.37009811401367,47.37009811401367,46.900001525878906,47.209999084472656,36710,0.0,0.0
2024-05-20 09:30:00-04:00,47.400001525878906,48.128700256347656,47.400001525878906,47.83000183105469,17549,0.0,0.0
2024-05-20 10:30:00-04:00,48.099998474121094,48.79999923706055,48.099998474121094,48.75,21692,0.0,0.0
2024-05-20 11:30:00-04:00,48.65999984741211,48.75,48.209999084472656,48.32809829711914,17692,0.0,0.0
2024-05-20 12:30:00-04:00,48.14789962768555,48.70000076293945,48.14789962768555,48.58000183105469,22514,0.0,0.0
2024-05-20 13:30:00-04:00,48.619998931884766,48.849998474121094,48.45000076293945,48.6150016784668,18488,0.0,0.0
2024-05-20 14:30:00-04:00,48.72999954223633,49.09000015258789,48.52000045776367,49.08000183105469,22328,0.0,0.0
2024-05-20 15:30:00-04:00,49.08000183105469,49.18000030517578,48.849998474121094,48.9900016784668,21106,0.0,0.0
2024-05-21 09:30:00-04:00,48.63999938964844,49.339900970458984,48.25,48.34600067138672,22495,0.0,0.0
2024-05-21 10:30:00-04:00,48.5,49.29999923706055,48.41999816894531,49.2400016784668,51382,0.0,0.0
2024-05-21 11:30:00-04:00,49.25,49.72999954223633,49.25,49.72999954223633,15930,0.0,0.0
2024-05-21 12:30:00-04:00,49.781700134277344,49.84749984741211,49.51499938964844,49.599998474121094,30839,0.0,0.0
2024-05-21 13:30:00-04:00,49.599998474121094,49.900001525878906,49.599998474121094,49.79999923706055,24434,0.0,0.0
2024-05-21 14:30:00-04:00,49.7400016784668,50.2400016784668,49.689998626708984,49.91999816894531,31586,0.0,0.0
2024-05-21 15:30:00-04:00,49.9463005065918,50.2400016784668,49.65010070800781,49.77000045776367,29153,0.0,0.0
2024-05-22 09:30:00-04:00,49.27000045776367,49.56999969482422,47.97999954223633,48.43000030517578,35185,0.0,0.0
2024-05-22 10:30:00-04:00,48.599998474121094,48.70000076293945,48.15999984741211,48.50870132446289,9921,0.0,0.0
2024-05-22 11:30:00-04:00,48.29010009765625,49.176300048828125,48.29010009765625,49.04999923706055,9109,0.0,0.0
2024-05-22 12:30:00-04:00,48.9900016784668,49.04999923706055,48.869998931884766,48.869998931884766,3444,0.0,0.0
2024-05-22 13:30:00-04:00,48.7400016784668,48.7400016784668,48.290000915527344,48.68000030517578,8474,0.0,0.0
2024-05-22 14:30:00-04:00,48.5,48.5,48.119998931884766,48.33000183105469,8798,0.0,0.0
2024-05-22 15:30:00-04:00,48.46739959716797,48.88999938964844,48.22990036010742,48.790000915527344,19224,0.0,0.0
2024-05-23 09:30:00-04:00,48.279998779296875,49.38999938964844,48.279998779296875,48.7599983215332,26807,0.0,0.0
2024-05-23 10:30:00-04:00,48.599998474121094,48.88999938964844,48.5,48.880001068115234,6322,0.0,0.0
2024-05-23 11:30:00-04:00,48.88999938964844,49.11000061035156,48.88999938964844,49.09700012207031,10662,0.0,0.0
2024-05-23 12:30:00-04:00,49.109901428222656,49.109901428222656,48.279998779296875,48.369998931884766,7988,0.0,0.0
2024-05-23 13:30:00-04:00,48.36000061035156,48.459999084472656,48.185001373291016,48.185001373291016,3479,0.0,0.0
2024-05-23 14:30:00-04:00,48.15999984741211,48.25,47.83000183105469,48.0099983215332,15267,0.0,0.0
2024-05-23 15:30:00-04:00,48.13999938964844,48.21699905395508,47.9900016784668,48.119998931884766,9223,0.0,0.0
2024-05-24 09:30:00-04:00,47.25,49.06999969482422,47.25,48.869998931884766,31032,0.0,0.0
2024-05-24 10:30:00-04:00,48.82500076293945,48.82500076293945,48.404998779296875,48.53049850463867,16853,0.0,0.0
2024-05-24 11:30:00-04:00,48.52000045776367,48.6150016784668,48.439998626708984,48.5099983215332,15250,0.0,0.0
2024-05-24 12:30:00-04:00,48.5,48.540000915527344,48.45000076293945,48.52000045776367,5406,0.0,0.0
2024-05-24 13:30:00-04:00,48.540000915527344,48.7599983215332,48.45000076293945,48.7599983215332,10715,0.0,0.0
2024-05-24 14:30:00-04:00,48.8203010559082,49.0099983215332,48.65999984741211,48.95000076293945,9064,0.0,0.0
2024-05-24 15:30:00-04:00,48.86000061035156,48.86000061035156,48.560001373291016,48.720001220703125,13150,0.0,0.0
2024-05-28 09:30:00-04:00,48.849998474121094,49.169498443603516,48.25,48.38999938964844,35168,0.0,0.0
2024-05-28 10:30:00-04:00,48.3650016784668,48.66999816894531,48.15999984741211,48.54499816894531,17985,0.0,0.0
2024-05-28 11:30:00-04:00,48.56999969482422,48.65999984741211,48.400001525878906,48.56999969482422,7761,0.0,0.0
2024-05-28 12:30:00-04:00,48.5,48.689998626708984,48.290000915527344,48.47999954223633,12933,0.0,0.0
2024-05-28 13:30:00-04:00,48.47999954223633,48.599998474121094,48.29999923706055,48.29999923706055,20674,0.0,0.0
2024-05-28 14:30:00-04:00,48.415000915527344,48.68000030517578,48.279998779296875,48.59000015258789,19794,0.0,0.0
2024-05-28 15:30:00-04:00,48.65999984741211,48.65999984741211,48.369998931884766,48.380001068115234,24471,0.0,0.0
2024-05-29 09:30:00-04:00,48.189998626708984,48.744998931884766,48.189998626708984,48.64509963989258,34662,0.0,0.0
2024-05-29 10:30:00-04:00,48.475101470947266,48.599998474121094,48.279998779296875,48.52000045776367,6173,0.0,0.0
2024-05-29 11:30:00-04:00,48.40999984741211,48.462501525878906,48.12699890136719,48.369998931884766,7747,0.0,0.0
2024-05-29 12:30:00-04:00,48.27000045776367,48.275001525878906,47.900001525878906,47.9900016784668,4120,0.0,0.0
2024-05-29 13:30:00-04:00,48.150001525878906,48.349998474121094,48.029998779296875,48.20000076293945,9386,0.0,0.0
2024-05-29 14:30:00-04:00,48.2599983215332,48.2599983215332,47.83000183105469,47.92499923706055,9262,0.0,0.0
2024-05-29 15:30:00-04:00,47.849998474121094,48.04999923706055,47.79999923706055,48.029998779296875,10261,0.0,0.0
2024-05-30 09:30:00-04:00,47.900001525878906,48.709999084472656,47.810001373291016,48.16999816894531,22829,0.0,0.0
2024-05-30 10:30:00-04:00,48.207000732421875,48.5099983215332,48.099998474121094,48.25,11613,0.0,0.0
2024-05-30 11:30:00-04:00,48.23500061035156,48.70000076293945,48.23500061035156,48.70000076293945,11123,0.0,0.0
2024-05-30 12:30:00-04:00,48.560001373291016,48.739898681640625,48.52000045776367,48.66999816894531,12142,0.0,0.0
2024-05-30 13:30:00-04:00,48.7400016784668,48.880001068115234,48.70000076293945,48.817100524902344,22229,0.0,0.0
2024-05-30 14:30:00-04:00,48.86000061035156,48.97999954223633,48.71009826660156,48.71009826660156,19382,0.0,0.0
2024-05-30 15:30:00-04:00,48.77000045776367,48.779998779296875,48.50199890136719,48.529998779296875,9244,0.0,0.0
2024-05-31 09:30:00-04:00,48.70000076293945,49.400001525878906,48.70000076293945,49.209999084472656,21504,0.0,0.0
2024-05-31 10:30:00-04:00,49.11009979248047,49.20000076293945,48.540000915527344,48.709999084472656,12523,0.0,0.0
2024-05-31 11:30:00-04:00,48.59000015258789,49.04999923706055,48.560001373291016,48.939998626708984,8062,0.0,0.0
2024-05-31 12:30:00-04:00,48.9900016784668,49.56999969482422,48.9900016784668,49.56999969482422,27372,0.0,0.0
2024-05-31 13:30:00-04:00,49.529998779296875,49.689998626708984,49.48059844970703,49.59000015258789,16751,0.0,0.0
2024-05-31 14:30:00-04:00,49.56999969482422,49.61989974975586,49.290000915527344,49.56990051269531,20178,0.0,0.0
2024-05-31 15:30:00-04:00,49.56999969482422,49.56999969482422,49.27000045776367,49.40999984741211,19077,0.0,0.0
2024-06-03 09:30:00-04:00,49.79999923706055,50.0,48.38999938964844,49.20000076293945,22325,0.0,0.0
2024-06-03 10:30:00-04:00,49.09000015258789,49.29999923706055,48.96200180053711,49.09000015258789,13110,0.0,0.0
2024-06-03 11:30:00-04:00,49.084999084472656,49.400001525878906,48.91999816894531,49.189998626708984,23755,0.0,0.0
2024-06-03 12:30:00-04:00,49.029998779296875,49.16999816894531,48.947898864746094,49.16999816894531,4829,0.0,0.0
2024-06-03 13:30:00-04:00,49.13999938964844,49.29999923706055,49.099998474121094,49.18000030517578,12655,0.0,0.0
2024-06-03 14:30:00-04:00,49.099998474121094,49.119998931884766,48.86000061035156,49.11000061035156,10300,0.0,0.0
2024-06-03 15:30:00-04:00,49.109901428222656,49.109901428222656,48.849998474121094,48.97999954223633,13007,0.0,0.0
2024-06-04 09:30:00-04:00,48.95000076293945,49.34980010986328,48.209999084472656,48.97560119628906,71972,0.0,0.0
2024-06-04 10:30:00-04:00,49.025001525878906,49.08000183105469,48.33000183105469,48.439998626708984,23693,0.0,0.0
2024-06-04 11:30:00-04:00,48.44990158081055,49.119998931884766,48.44990158081055,48.77239990234375,36273,0.0,0.0
2024-06-04 12:30:00-04:00,48.65010070800781,48.935001373291016,48.400001525878906,48.525001525878906,16855,0.0,0.0
2024-06-04 13:30:00-04:00,48.595001220703125,48.83000183105469,48.33000183105469,48.64509963989258,16199,0.0,0.0
2024-06-04 14:30:00-04:00,48.81990051269531,48.959999084472656,48.461299896240234,48.849998474121094,27853,0.0,0.0
2024-06-04 15:30:00-04:00,48.75,49.11000061035156,48.7400016784668,49.05500030517578,23077,0.0,0.0
2024-06-05 09:30:00-04:00,49.400001525878906,49.989898681640625,48.720001220703125,49.90999984741211,89851,0.0,0.0
2024-06-05 10:30:00-04:00,50.0,52.08000183105469,49.95000076293945,51.83000183105469,94491,0.0,0.0
2024-06-05 11:30:00-04:00,51.7599983215332,52.28499984741211,51.65010070800781,52.28499984741211,31661,0.0,0.0
2024-06-05 12:30:00-04:00,52.36000061035156,53.25,52.31999969482422,53.17499923706055,53272,0.0,0.0
2024-06-05 13:30:00-04:00,53.15999984741211,53.279998779296875,52.3849983215332,52.45500183105469,72007,0.0,0.0
2024-06-05 14:30:00-04:00,52.540000915527344,52.779998779296875,52.231300354003906,52.72990036010742,45761,0.0,0.0
2024-06-05 15:30:00-04:00,52.72999954223633,53.0,52.5,52.689998626708984,48129,0.0,0.0
2024-06-06 09:30:00-04:00,53.0,53.25,52.06549835205078,52.83000183105469,73894,0.0,0.0
2024-06-06 10:30:00-04:00,52.83000183105469,52.845001220703125,52.2599983215332,52.279998779296875,24112,0.0,0.0
2024-06-06 11:30:00-04:00,52.380001068115234,52.40999984741211,51.619998931884766,51.86000061035156,32731,0.0,0.0
2024-06-06 12:30:00-04:00,51.86000061035156,51.948299407958984,51.59000015258789,51.65999984741211,25509,0.0,0.0
2024-06-06 13:30:00-04:00,51.650001525878906,51.87990188598633,51.47999954223633,51.595001220703125,21321,0.0,0.0
2024-06-06 14:30:00-04:00,51.5,51.56999969482422,51.16999816894531,51.18000030517578,19529,0.0,0.0
2024-06-06 15:30:00-04:00,51.18000030517578,51.7400016784668,51.16999816894531,51.58000183105469,27511,0.0,0.0
2024-06-07 09:30:00-04:00,52.63999938964844,52.63999938964844,51.40999984741211,51.68000030517578,33373,0.0,0.0
2024-06-07 10:30:00-04:00,51.94990158081055,52.399898529052734,51.5,51.67150115966797,32128,0.0,0.0
2024-06-07 11:30:00-04:00,51.630001068115234,51.790000915527344,51.410099029541016,51.59000015258789,20459,0.0,0.0
2024-06-07 12:30:00-04:00,51.59000015258789,51.810001373291016,51.560001373291016,51.630001068115234,13668,0.0,0.0
2024-06-07 13:30:00-04:00,51.66999816894531,51.66999816894531,51.189998626708984,51.2599983215332,21822,0.0,0.0
2024-06-07 14:30:00-04:00,51.29499816894531,51.54999923706055,51.275001525878906,51.470001220703125,15783,0.0,0.0
2024-06-07 15:30:00-04:00,51.470001220703125,51.779998779296875,51.40999984741211,51.630001068115234,21080,0.0,0.0
2024-06-10 09:30:00-04:00,51.5,53.0,51.175498962402344,52.70000076293945,83010,0.0,0.0
2024-06-10 10:30:00-04:00,52.82149887084961,52.880001068115234,51.720001220703125,52.25,26283,0.0,0.0
2024-06-10 11:30:00-04:00,52.22999954223633,52.22999954223633,50.779998779296875,51.79999923706055,41093,0.0,0.0
2024-06-10 12:30:00-04:00,51.75,51.880001068115234,51.62009811401367,51.814998626708984,20561,0.0,0.0
2024-06-10 13:30:00-04:00,51.810001373291016,51.9900016784668,50.869998931884766,51.209999084472656,59018,0.0,0.0
2024-06-10 14:30:00-04:00,51.220001220703125,51.53030014038086,51.20000076293945,51.29999923706055,16142,0.0,0.0
2024-06-10 15:30:00-04:00,51.25,51.5098991394043,51.209999084472656,51.459999084472656,17616,0.0,0.0
2024-06-11 09:30:00-04:00,50.630001068115234,50.72999954223633,48.63999938964844,50.72999954223633,137704,0.0,0.0
2024-06-11 10:30:00-04:00,50.650001525878906,50.72999954223633,50.25,50.374000549316406,12261,0.0,0.0
2024-06-11 11:30:00-04:00,50.39500045776367,50.5099983215332,50.189998626708984,50.439998626708984,19018,0.0,0.0
2024-06-11 12:30:00-04:00,50.2400016784668,50.70000076293945,50.2400016784668,50.60499954223633,11661,0.0,0.0
2024-06-11 13:30:00-04:00,50.689998626708984,51.040000915527344,50.599998474121094,50.880001068115234,20756,0.0,0.0
2024-06-11 14:30:00-04:00,50.9900016784668,51.41999816894531,50.70000076293945,50.9900016784668,26167,0.0,0.0
2024-06-11 15:30:00-04:00,51.060001373291016,51.27000045776367,51.02000045776367,51.06999969482422,16011,0.0,0.0
2024-06-12 09:30:00-04:00,51.470001220703125,51.98500061035156,51.125099182128906,51.525001525878906,20001,0.0,0.0
2024-06-12 10:30:00-04:00,51.45000076293945,51.52000045776367,50.529998779296875,50.80500030517578,30769,0.0,0.0
2024-06-12 11:30:00-04:00,50.939998626708984,51.08000183105469,50.720001220703125,50.720001220703125,11120,0.0,0.0
2024-06-12 12:30:00-04:00,50.91999816894531,51.02000045776367,50.75,50.875,12913,0.0,0.0
2024-06-12 13:30:00-04:00,50.807498931884766,51.04999923706055,50.79499816894531,51.0099983215332,13521,0.0,0.0
2024-06-12 14:30:00-04:00,51.150001525878906,51.22999954223633,50.790000915527344,50.849998474121094,13127,0.0,0.0
2024-06-12 15:30:00-04:00,50.849998474121094,50.93000030517578,50.63999938964844,50.81999969482422,14621,0.0,0.0
2024-06-13 09:30:00-04:00,50.43000030517578,51.16999816894531,50.060001373291016,50.25,15935,0.0,0.0
2024-06-13 10:30:00-04:00,50.25,50.41999816894531,50.029998779296875,50.35409927368164,28577,0.0,0.0
2024-06-13 11:30:00-04:00,50.33000183105469,50.33000183105469,49.619998931884766,49.619998931884766,15525,0.0,0.0
2024-06-13 12:30:00-04:00,49.809898376464844,50.11000061035156,49.720001220703125,50.09000015258789,15604,0.0,0.0
2024-06-13 13:30:00-04:00,50.09000015258789,50.099998474121094,49.72999954223633,49.72999954223633,19780,0.0,0.0
2024-06-13 14:30:00-04:00,49.72999954223633,49.72999954223633,49.290000915527344,49.349998474121094,20278,0.0,0.0
2024-06-13 15:30:00-04:00,49.42499923706055,49.54999923706055,49.22999954223633,49.5,49036,0.0,0.0
2024-06-14 09:30:00-04:00,49.41999816894531,49.43000030517578,47.529998779296875,47.750099182128906,101507,0.0,0.0
2024-06-14 10:30:00-04:00,47.93000030517578,47.939998626708984,46.6150016784668,47.5,65004,0.0,0.0
2024-06-14 11:30:00-04:00,47.45000076293945,47.63990020751953,47.20000076293945,47.222900390625,16309,0.0,0.0
2024-06-14 12:30:00-04:00,47.25,47.44499969482422,46.849998474121094,47.27989959716797,25262,0.0,0.0
2024-06-14 13:30:00-04:00,47.20000076293945,47.25,46.790000915527344,46.94499969482422,32344,0.0,0.0
2024-06-14 14:30:00-04:00,46.93000030517578,47.06999969482422,46.54999923706055,46.65999984741211,29275,0.0,0.0
2024-06-14 15:30:00-04:00,46.650001525878906,47.22990036010742,46.34000015258789,47.04999923706055,48642,0.0,0.0
2024-06-17 09:30:00-04:00,47.06999969482422,47.59000015258789,46.435001373291016,46.47999954223633,120106,0.0,0.0
2024-06-17 10:30:00-04:00,46.459999084472656,46.90999984741211,46.05179977416992,46.51499938964844,76118,0.0,0.0
2024-06-17 11:30:00-04:00,46.54999923706055,46.61000061035156,46.29999923706055,46.48500061035156,19097,0.0,0.0
2024-06-17 12:30:00-04:00,46.474998474121094,47.45000076293945,46.40010070800781,47.27000045776367,22899,0.0,0.0
2024-06-17 13:30:00-04:00,47.18000030517578,47.70000076293945,47.130001068115234,47.650001525878906,10293,0.0,0.0
2024-06-17 14:30:00-04:00,47.70000076293945,47.81999969482422,47.59000015258789,47.81999969482422,11298,0.0,0.0
2024-06-17 15:30:00-04:00,47.810001373291016,47.95000076293945,47.54999923706055,47.77000045776367,22913,0.0,0.0
2024-06-18 09:30:00-04:00,47.939998626708984,48.790000915527344,47.8849983215332,48.65999984741211,21609,0.0,0.0
2024-06-18 10:30:00-04:00,48.61000061035156,48.689998626708984,48.439998626708984,48.619998931884766,9401,0.0,0.0
2024-06-18 11:30:00-04:00,48.68000030517578,48.95000076293945,48.68000030517578,48.86009979248047,7618,0.0,0.0
2024-06-18 12:30:00-04:00,48.86000061035156,48.86000061035156,48.39059829711914,48.60309982299805,7502,0.0,0.0
2024-06-18 13:30:00-04:00,48.56999969482422,49.29999923706055,48.56999969482422,49.135398864746094,15817,0.0,0.0
2024-06-18 14:30:00-04:00,49.20500183105469,49.40999984741211,49.125,49.130001068115234,17433,0.0,0.0
2024-06-18 15:30:00-04:00,49.125,49.16999816894531,48.91999816894531,49.09000015258789,24690,0.0,0.0
2024-06-20 09:30:00-04:00,49.380001068115234,50.2599983215332,49.380001068115234,50.06999969482422,41152,0.0,0.0
2024-06-20 10:30:00-04:00,50.060001373291016,50.70000076293945,49.97999954223633,50.70000076293945,31741,0.0,0.0
2024-06-20 11:30:00-04:00,50.525001525878906,50.86000061035156,50.525001525878906,50.650001525878906,22006,0.0,0.0
2024-06-20 12:30:00-04:00,50.630001068115234,50.63999938964844,50.04999923706055,50.04999923706055,6428,0.0,0.0
2024-06-20 13:30:00-04:00,50.02000045776367,50.41999816894531,50.0,50.369998931884766,24296,0.0,0.0
2024-06-20 14:30:00-04:00,50.369998931884766,50.400001525878906,49.95000076293945,49.9900016784668,15386,0.0,0.0
2024-06-20 15:30:00-04:00,49.98360061645508,50.06999969482422,49.88999938964844,49.900001525878906,10708,0.0,0.0
2024-06-21 09:30:00-04:00,49.59000015258789,49.880001068115234,49.470001220703125,49.880001068115234,23272,0.0,0.0
2024-06-21 10:30:00-04:00,49.900001525878906,50.04999923706055,49.650001525878906,49.650001525878906,15298,0.0,0.0
2024-06-21 11:30:00-04:00,49.43000030517578,49.619998931884766,49.29999923706055,49.53990173339844,15926,0.0,0.0
2024-06-21 12:30:00-04:00,49.540000915527344,49.79999923706055,49.540000915527344,49.61000061035156,8421,0.0,0.0
2024-06-21 13:30:00-04:00,49.435001373291016,49.540000915527344,49.40999984741211,49.43000030517578,7783,0.0,0.0
2024-06-21 14:30:00-04:00,49.41999816894531,49.79999923706055,49.33000183105469,49.650001525878906,22334,0.0,0.0
2024-06-21 15:30:00-04:00,49.70000076293945,49.7599983215332,49.540000915527344,49.70500183105469,27641,0.0,0.0
2024-06-24 09:30:00-04:00,49.689998626708984,50.790000915527344,49.470001220703125,50.0,72799,0.0,0.0
2024-06-24 10:30:00-04:00,49.88999938964844,50.00199890136719,49.349998474121094,49.380001068115234,30086,0.0,0.0
2024-06-24 11:30:00-04:00,49.37739944458008,49.41999816894531,49.255001068115234,49.369998931884766,12150,0.0,0.0
2024-06-24 12:30:00-04:00,49.290000915527344,49.41999816894531,49.130001068115234,49.41999816894531,21605,0.0,0.0
2024-06-24 13:30:00-04:00,49.40999984741211,49.630001068115234,49.349998474121094,49.5,9916,0.0,0.0
2024-06-24 14:30:00-04:00,49.52000045776367,49.70000076293945,49.5,49.63999938964844,8730,0.0,0.0
2024-06-24 15:30:00-04:00,49.63990020751953,49.7599983215332,49.599998474121094,49.66999816894531,24389,0.0,0.0
2024-06-25 09:30:00-04:00,49.90999984741211,49.939998626708984,49.689998626708984,49.77000045776367,4622,0.0,0.0
2024-06-25 10:30:00-04:00,49.57500076293945,49.71269989013672,49.437801361083984,49.52000045776367,5519,0.0,0.0
2024-06-25 11:30:00-04:00,49.564998626708984,49.689998626708984,49.5,49.54999923706055,5839,0.0,0.0
2024-06-25 12:30:00-04:00,49.5,49.540000915527344,49.38999938964844,49.4900016784668,4351,0.0,0.0
2024-06-25 13:30:00-04:00,49.45000076293945,49.970001220703125,49.30009841918945,49.959999084472656,16723,0.0,0.0
2024-06-25 14:30:00-04:00,49.93880081176758,50.1088981628418,49.84000015258789,49.880001068115234,13286,0.0,0.0
2024-06-25 15:30:00-04:00,49.790000915527344,49.86000061035156,49.63999938964844,49.839900970458984,12393,0.0,0.0
2024-06-26 09:30:00-04:00,49.34000015258789,49.97999954223633,49.2599983215332,49.63999938964844,10255,0.0,0.0
2024-06-26 10:30:00-04:00,49.63999938964844,49.72999954223633,49.459999084472656,49.72999954223633,12049,0.0,0.0
2024-06-26 11:30:00-04:00,49.529998779296875,49.650001525878906,49.459999084472656,49.599998474121094,3757,0.0,0.0
2024-06-26 12:30:00-04:00,49.61000061035156,49.630001068115234,49.279998779296875,49.439998626708984,6346,0.0,0.0
2024-06-26 13:30:00-04:00,49.369998931884766,49.5880012512207,49.369998931884766,49.46540069580078,6654,0.0,0.0
2024-06-26 14:30:00-04:00,49.61000061035156,49.959999084472656,49.599998474121094,49.80009841918945,12437,0.0,0.0
2024-06-26 15:30:00-04:00,49.810001373291016,49.86000061035156,49.599998474121094,49.709999084472656,17205,0.0,0.0
2024-06-27 09:30:00-04:00,49.9900016784668,50.150001525878906,49.369998931884766,49.570701599121094,10216,0.0,0.0
2024-06-27 10:30:00-04:00,49.564998626708984,49.66999816894531,49.38199996948242,49.55500030517578,7889,0.0,0.0
2024-06-27 11:30:00-04:00,49.54999923706055,49.790000915527344,49.54999923706055,49.650001525878906,6423,0.0,0.0
2024-06-27 12:30:00-04:00,49.709999084472656,49.79999923706055,49.689998626708984,49.74250030517578,4970,0.0,0.0
2024-06-27 13:30:00-04:00,49.79499816894531,49.849998474121094,49.619998931884766,49.63999938964844,8275,0.0,0.0
2024-06-27 14:30:00-04:00,49.65999984741211,49.91999816894531,49.65999984741211,49.7599983215332,7546,0.0,0.0
2024-06-27 15:30:00-04:00,49.7599983215332,50.47999954223633,49.7599983215332,50.47999954223633,24643,0.0,0.0
2024-06-28 09:30:00-04:00,50.689998626708984,51.22999954223633,50.470001220703125,50.939998626708984,52507,0.0,0.0
2024-06-28 10:30:00-04:00,50.91999816894531,51.59000015258789,50.8650016784668,51.38999938964844,31057,0.0,0.0
2024-06-28 11:30:00-04:00,51.33000183105469,51.38029861450195,51.03499984741211,51.03499984741211,6165,0.0,0.0
2024-06-28 12:30:00-04:00,51.04499816894531,51.269901275634766,50.959999084472656,51.130001068115234,21319,0.0,0.0
2024-06-28 13:30:00-04:00,51.25619888305664,51.25619888305664,50.97010040283203,51.0,4642,0.0,0.0
2024-06-28 14:30:00-04:00,50.970001220703125,51.0,50.630001068115234,50.85499954223633,40232,0.0,0.0
2024-06-28 15:30:00-04:00,50.85499954223633,51.15999984741211,50.779998779296875,51.09000015258789,20080,0.0,0.0
2024-07-01 09:30:00-04:00,51.4900016784668,51.4900016784668,50.80500030517578,51.040000915527344,7147,0.0,0.0
2024-07-01 10:30:00-04:00,51.0099983215332,51.45539855957031,50.90999984741211,51.3849983215332,11547,0.0,0.0
2024-07-01 11:30:00-04:00,51.346900939941406,51.45000076293945,51.209999084472656,51.275001525878906,10854,0.0,0.0
2024-07-01 12:30:00-04:00,51.349998474121094,51.61000061035156,51.2400016784668,51.47999954223633,14251,0.0,0.0
2024-07-01 13:30:00-04:00,51.51070022583008,51.8760986328125,51.51070022583008,51.67499923706055,10976,0.0,0.0
2024-07-01 14:30:00-04:00,51.67499923706055,51.75,51.459999084472656,51.5,27999,0.0,0.0
2024-07-01 15:30:00-04:00,51.5,51.5,51.207698822021484,51.40999984741211,16142,0.0,0.0
2024-07-02 09:30:00-04:00,51.119998931884766,51.61000061035156,50.96500015258789,51.310001373291016,29992,0.0,0.0
2024-07-02 10:30:00-04:00,51.400001525878906,51.70000076293945,51.33000183105469,51.54999923706055,35517,0.0,0.0
2024-07-02 11:30:00-04:00,51.470001220703125,51.52000045776367,51.33000183105469,51.52000045776367,19120,0.0,0.0
2024-07-02 12:30:00-04:00,51.5,51.560001373291016,51.380001068115234,51.529998779296875,22773,0.0,0.0
2024-07-02 13:30:00-04:00,51.34000015258789,51.810001373291016,51.25,51.810001373291016,21077,0.0,0.0
2024-07-02 14:30:00-04:00,51.84000015258789,51.900001525878906,51.619998931884766,51.84000015258789,24913,0.0,0.0
2024-07-02 15:30:00-04:00,51.762001037597656,52.900001525878906,51.762001037597656,52.5,136617,0.0,0.0
2024-07-03 09:30:00-04:00,52.689998626708984,53.060001373291016,52.56100082397461,52.61130142211914,28932,0.0,0.0
2024-07-03 10:30:00-04:00,52.599998474121094,53.439998626708984,52.560001373291016,53.439998626708984,36808,0.0,0.0
2024-07-03 11:30:00-04:00,53.435001373291016,53.83000183105469,52.362998962402344,52.70000076293945,36789,0.0,0.0
2024-07-05 09:30:00-04:00,52.06999969482422,52.189998626708984,51.470001220703125,51.564300537109375,20628,0.0,0.0
2024-07-05 10:30:00-04:00,51.709999084472656,52.27989959716797,51.52000045776367,52.2599983215332,25650,0.0,0.0
2024-07-05 11:30:00-04:00,52.36000061035156,52.36000061035156,51.93000030517578,52.0,15100,0.0,0.0
2024-07-05 12:30:00-04:00,51.91999816894531,52.18000030517578,51.77000045776367,52.150001525878906,27714,0.0,0.0
2024-07-05 13:30:00-04:00,52.09489822387695,52.189998626708984,51.95000076293945,52.1525993347168,9553,0.0,0.0
2024-07-05 14:30:00-04:00,52.150001525878906,52.31999969482422,52.150001525878906,52.31999969482422,8898,0.0,0.0
2024-07-05 15:30:00-04:00,52.290000915527344,52.31999969482422,52.02000045776367,52.08000183105469,21027,0.0,0.0
2024-07-08 09:30:00-04:00,50.7599983215332,51.43000030517578,50.119998931884766,51.185001373291016,0,0.0,0.0
2024-07-08 10:30:00-04:00,51.209999084472656,51.65999984741211,51.02000045776367,51.45000076293945,32729,0.0,0.0
2024-07-08 11:30:00-04:00,51.459999084472656,51.459999084472656,51.0,51.20000076293945,17579,0.0,0.0
2024-07-08 12:30:00-04:00,51.20000076293945,51.790000915527344,51.189998626708984,51.70500183105469,19884,0.0,0.0
2024-07-08 13:30:00-04:00,51.75,51.80500030517578,51.529998779296875,51.529998779296875,12540,0.0,0.0
2024-07-08 14:30:00-04:00,51.5,51.63460159301758,51.209999084472656,51.2400016784668,13206,0.0,0.0
2024-07-08 15:30:00-04:00,51.31999969482422,51.31999969482422,50.69729995727539,50.84000015258789,21390,0.0,0.0
2024-07-09 09:30:00-04:00,50.72999954223633,51.08000183105469,50.349998474121094,50.970001220703125,20598,0.0,0.0
2024-07-09 10:30:00-04:00,50.9900016784668,51.66999816894531,50.97999954223633,51.09000015258789,16381,0.0,0.0
2024-07-09 11:30:00-04:00,51.0,51.57500076293945,51.0,51.45000076293945,7254,0.0,0.0
2024-07-09 12:30:00-04:00,51.290000915527344,51.290000915527344,51.100101470947266,51.220001220703125,3994,0.0,0.0
2024-07-09 13:30:00-04:00,51.25,51.5,50.970001220703125,50.974998474121094,12830,0.0,0.0
2024-07-09 14:30:00-04:00,51.025001525878906,51.48500061035156,51.025001525878906,51.13999938964844,16169,0.0,0.0
2024-07-09 15:30:00-04:00,51.150001525878906,51.189998626708984,50.69499969482422,50.79999923706055,22376,0.0,0.0
2024-07-10 09:30:00-04:00,51.25,51.400001525878906,50.58000183105469,51.099998474121094,19436,0.0,0.0
2024-07-10 10:30:00-04:00,51.13999938964844,51.279998779296875,50.659698486328125,51.11000061035156,34625,0.0,0.0
2024-07-10 11:30:00-04:00,51.220001220703125,51.41999816894531,50.810001373291016,51.345001220703125,48974,0.0,0.0
2024-07-10 12:30:00-04:00,51.34000015258789,51.400001525878906,51.060001373291016,51.060001373291016,11491,0.0,0.0
2024-07-10 13:30:00-04:00,51.209999084472656,51.29999923706055,51.040000915527344,51.18000030517578,7983,0.0,0.0
2024-07-10 14:30:00-04:00,51.25,51.38999938964844,51.16999816894531,51.22999954223633,8933,0.0,0.0
2024-07-10 15:30:00-04:00,51.13999938964844,51.33000183105469,51.099098205566406,51.18000030517578,27513,0.0,0.0
2024-07-11 09:30:00-04:00,51.150001525878906,51.369998931884766,51.0,51.2599983215332,12613,0.0,0.0
2024-07-11 10:30:00-04:00,51.57500076293945,52.2599983215332,51.57500076293945,51.709999084472656,50384,0.0,0.0
2024-07-11 11:30:00-04:00,51.68000030517578,51.720001220703125,51.65999984741211,51.68410110473633,2819,0.0,0.0
2024-07-11 12:30:00-04:00,51.72999954223633,51.72999954223633,50.88999938964844,51.0,15590,0.0,0.0
2024-07-11 13:30:00-04:00,50.959999084472656,51.130001068115234,50.959999084472656,51.060001373291016,4947,0.0,0.0
2024-07-11 14:30:00-04:00,50.939998626708984,51.599998474121094,50.93000030517578,51.29750061035156,16893,0.0,0.0
2024-07-11 15:30:00-04:00,51.32500076293945,51.45000076293945,51.220001220703125,51.34000015258789,14077,0.0,0.0
2024-07-12 09:30:00-04:00,51.45000076293945,51.720001220703125,51.23500061035156,51.459999084472656,10514,0.0,0.0
2024-07-12 10:30:00-04:00,51.54999923706055,51.66999816894531,51.47999954223633,51.505001068115234,9888,0.0,0.0
2024-07-12 11:30:00-04:00,51.45000076293945,51.5,50.900001525878906,51.404998779296875,26158,0.0,0.0
2024-07-12 12:30:00-04:00,51.279998779296875,51.459999084472656,51.2400016784668,51.279998779296875,8630,0.0,0.0
2024-07-12 13:30:00-04:00,51.29999923706055,51.369998931884766,50.9900016784668,51.0099983215332,4483,0.0,0.0
2024-07-12 14:30:00-04:00,50.85499954223633,51.43000030517578,50.72010040283203,51.26350021362305,24024,0.0,0.0
2024-07-12 15:30:00-04:00,51.40999984741211,51.61000061035156,51.22999954223633,51.29999923706055,27494,0.0,0.0
2024-07-15 09:30:00-04:00,50.939998626708984,51.34450149536133,50.709999084472656,51.220001220703125,10571,0.0,0.0
2024-07-15 10:30:00-04:00,51.220001220703125,51.739898681640625,51.16999816894531,51.66999816894531,7036,0.0,0.0
2024-07-15 11:30:00-04:00,51.69499969482422,51.69499969482422,51.16999816894531,51.369998931884766,7729,0.0,0.0
2024-07-15 12:30:00-04:00,51.3583984375,51.46179962158203,51.3583984375,51.39500045776367,4279,0.0,0.0
2024-07-15 13:30:00-04:00,51.2400016784668,51.400001525878906,51.150001525878906,51.2400016784668,5082,0.0,0.0
2024-07-15 14:30:00-04:00,51.40999984741211,51.630001068115234,51.150001525878906,51.150001525878906,20137,0.0,0.0
2024-07-15 15:30:00-04:00,51.10599899291992,51.13990020751953,50.80929946899414,50.83000183105469,17089,0.0,0.0
2024-07-16 09:30:00-04:00,50.52000045776367,51.779998779296875,50.52000045776367,51.779998779296875,19890,0.0,0.0
2024-07-16 10:30:00-04:00,51.4900016784668,51.52000045776367,51.060001373291016,51.2318000793457,7615,0.0,0.0
2024-07-16 11:30:00-04:00,51.02000045776367,51.3650016784668,50.83000183105469,51.2599983215332,5188,0.0,0.0
2024-07-16 12:30:00-04:00,51.31999969482422,51.4900016784668,50.90999984741211,50.959999084472656,7616,0.0,0.0
2024-07-16 13:30:00-04:00,51.0099983215332,51.209999084472656,50.777400970458984,50.939998626708984,16085,0.0,0.0
2024-07-16 14:30:00-04:00,50.939998626708984,51.0099983215332,50.84000015258789,50.90999984741211,7135,0.0,0.0
2024-07-16 15:30:00-04:00,50.93000030517578,51.29999923706055,50.90999984741211,51.099998474121094,16611,0.0,0.0
2024-07-17 09:30:00-04:00,51.11000061035156,51.400001525878906,50.779998779296875,50.779998779296875,8172,0.0,0.0
2024-07-17 10:30:00-04:00,50.97999954223633,50.97999954223633,50.75,50.849998474121094,8575,0.0,0.0
2024-07-17 11:30:00-04:00,50.81999969482422,50.93000030517578,50.70000076293945,50.849998474121094,8907,0.0,0.0
2024-07-17 12:30:00-04:00,50.839698791503906,50.839698791503906,50.599998474121094,50.65999984741211,3066,0.0,0.0
2024-07-17 13:30:00-04:00,50.625,50.650001525878906,50.2400016784668,50.5099983215332,8087,0.0,0.0
2024-07-17 14:30:00-04:00,50.630001068115234,50.84000015258789,50.58000183105469,50.599998474121094,7185,0.0,0.0
2024-07-17 15:30:00-04:00,50.70000076293945,50.810001373291016,50.439998626708984,50.47999954223633,20215,0.0,0.0
2024-07-18 09:30:00-04:00,50.72999954223633,51.29999923706055,50.72999954223633,50.83000183105469,9387,0.0,0.0
2024-07-18 10:30:00-04:00,50.7400016784668,50.77000045776367,50.25,50.5,7573,0.0,0.0
2024-07-18 11:30:00-04:00,50.61000061035156,50.70000076293945,50.15999984741211,50.220001220703125,17333,0.0,0.0
2024-07-18 12:30:00-04:00,50.150001525878906,50.58000183105469,50.02000045776367,50.40999984741211,7979,0.0,0.0
2024-07-18 13:30:00-04:00,50.48500061035156,50.49020004272461,49.68000030517578,50.0,15749,0.0,0.0
2024-07-18 14:30:00-04:00,49.86000061035156,49.970001220703125,49.2400016784668,49.7599983215332,17798,0.0,0.0
2024-07-18 15:30:00-04:00,49.54999923706055,49.8650016784668,49.52000045776367,49.810001373291016,22096,0.0,0.0
2024-07-19 09:30:00-04:00,49.380001068115234,49.380001068115234,48.61000061035156,48.880001068115234,38431,0.0,0.0
2024-07-19 10:30:00-04:00,48.986000061035156,49.41999816894531,48.599998474121094,49.419898986816406,17599,0.0,0.0
2024-07-19 11:30:00-04:00,49.400001525878906,49.5099983215332,49.2400016784668,49.470001220703125,13300,0.0,0.0
2024-07-19 12:30:00-04:00,49.27000045776367,49.36000061035156,49.190101623535156,49.31999969482422,11085,0.0,0.0
2024-07-19 13:30:00-04:00,49.33000183105469,49.4900016784668,49.32500076293945,49.41999816894531,9677,0.0,0.0
2024-07-19 14:30:00-04:00,49.43000030517578,49.5,49.290000915527344,49.33000183105469,10927,0.0,0.0
2024-07-19 15:30:00-04:00,49.375,49.400001525878906,49.02000045776367,49.02000045776367,21303,0.0,0.0
2024-07-22 09:30:00-04:00,49.380001068115234,50.499900817871094,49.099998474121094,50.26210021972656,22834,0.0,0.0
2024-07-22 10:30:00-04:00,50.499900817871094,50.65999984741211,50.140098571777344,50.400001525878906,15605,0.0,0.0
2024-07-22 11:30:00-04:00,50.349998474121094,50.744998931884766,50.349998474121094,50.55500030517578,11495,0.0,0.0
2024-07-22 12:30:00-04:00,50.54999923706055,50.66999816894531,50.42499923706055,50.66999816894531,4791,0.0,0.0
2024-07-22 13:30:00-04:00,50.720001220703125,50.93989944458008,50.52000045776367,50.52000045776367,6917,0.0,0.0
2024-07-22 14:30:00-04:00,50.66999816894531,50.93989944458008,50.60350036621094,50.83000183105469,8491,0.0,0.0
2024-07-22 15:30:00-04:00,50.845001220703125,50.90999984741211,50.709999084472656,50.790000915527344,12134,0.0,0.0
2024-07-23 09:30:00-04:00,50.7400016784668,51.09000015258789,50.439998626708984,50.80059814453125,16078,0.0,0.0
2024-07-23 10:30:00-04:00,50.79999923706055,51.0,50.53010177612305,50.86000061035156,5813,0.0,0.0
2024-07-23 11:30:00-04:00,50.869998931884766,50.869998931884766,50.36000061035156,50.40739822387695,13174,0.0,0.0
2024-07-23 12:30:00-04:00,50.53499984741211,50.63999938964844,50.45000076293945,50.45000076293945,2322,0.0,0.0
2024-07-23 13:30:00-04:00,50.4900016784668,50.4900016784668,50.130001068115234,50.15999984741211,9615,0.0,0.0
2024-07-23 14:30:00-04:00,50.2578010559082,50.56999969482422,50.244998931884766,50.349998474121094,8259,0.0,0.0
2024-07-23 15:30:00-04:00,50.220001220703125,50.400001525878906,49.810001373291016,49.97999954223633,56296,0.0,0.0
2024-07-24 09:30:00-04:00,50.41999816894531,50.529998779296875,49.540000915527344,49.540000915527344,8634,0.0,0.0
2024-07-24 10:30:00-04:00,49.939998626708984,50.08000183105469,49.84000015258789,50.005001068115234,4489,0.0,0.0
2024-07-24 11:30:00-04:00,49.91999816894531,49.91999816894531,49.638099670410156,49.638099670410156,4872,0.0,0.0
2024-07-24 12:30:00-04:00,49.81999969482422,49.81999969482422,49.18009948730469,49.43000030517578,5071,0.0,0.0
2024-07-24 13:30:00-04:00,49.43000030517578,49.439998626708984,49.290000915527344,49.32500076293945,1701,0.0,0.0
2024-07-24 14:30:00-04:00,49.20000076293945,49.41999816894531,48.84000015258789,49.35499954223633,10484,0.0,0.0
2024-07-24 15:30:00-04:00,49.25,49.470001220703125,49.11000061035156,49.13999938964844,23933,0.0,0.0
2024-07-25 09:30:00-04:00,48.56999969482422,48.63999938964844,47.119998931884766,47.540000915527344,74587,0.0,0.0
2024-07-25 10:30:00-04:00,47.63999938964844,48.18000030517578,47.5,48.15999984741211,12394,0.0,0.0
2024-07-25 11:30:00-04:00,48.08000183105469,48.130001068115234,47.70000076293945,47.71500015258789,11360,0.0,0.0
2024-07-25 12:30:00-04:00,47.81999969482422,47.86000061035156,47.380001068115234,47.579498291015625,12444,0.0,0.0
2024-07-25 13:30:00-04:00,47.58000183105469,48.0,47.540000915527344,47.750099182128906,25784,0.0,0.0
2024-07-25 14:30:00-04:00,47.7400016784668,47.7400016784668,47.2400016784668,47.28150177001953,14927,0.0,0.0
2024-07-25 15:30:00-04:00,47.36000061035156,47.400001525878906,47.0099983215332,47.029998779296875,32956,0.0,0.0
2024-07-26 09:30:00-04:00,47.380001068115234,47.47999954223633,46.630001068115234,46.630001068115234,11337,0.0,0.0
2024-07-26 10:30:00-04:00,46.599998474121094,46.91999816894531,46.5099983215332,46.84000015258789,18459,0.0,0.0
2024-07-26 11:30:00-04:00,46.857601165771484,46.97999954223633,46.72999954223633,46.86000061035156,13371,0.0,0.0
2024-07-26 12:30:00-04:00,46.83000183105469,47.29999923706055,46.83000183105469,47.29999923706055,9924,0.0,0.0
2024-07-26 13:30:00-04:00,47.2599983215332,47.31999969482422,47.099998474121094,47.099998474121094,4611,0.0,0.0
2024-07-26 14:30:00-04:00,47.189998626708984,47.20000076293945,47.02000045776367,47.17499923706055,5946,0.0,0.0
2024-07-26 15:30:00-04:00,47.17499923706055,47.290000915527344,47.040000915527344,47.16999816894531,15536,0.0,0.0
2024-07-29 09:30:00-04:00,46.869998931884766,47.95000076293945,46.869998931884766,47.81999969482422,33975,0.0,0.0
2024-07-29 10:30:00-04:00,47.63999938964844,47.68000030517578,47.189998626708984,47.285099029541016,7888,0.0,0.0
2024-07-29 11:30:00-04:00,47.31999969482422,47.43000030517578,46.900001525878906,47.099998474121094,14314,0.0,0.0
2024-07-29 12:30:00-04:00,47.0,47.15999984741211,46.70000076293945,46.959999084472656,9951,0.0,0.0
2024-07-29 13:30:00-04:00,46.834999084472656,46.97999954223633,46.709999084472656,46.88999938964844,2293,0.0,0.0
2024-07-29 14:30:00-04:00,46.790000915527344,47.0,46.650001525878906,47.0,5293,0.0,0.0
2024-07-29 15:30:00-04:00,46.869998931884766,46.91999816894531,46.66999816894531,46.66999816894531,11704,0.0,0.0
2024-07-30 09:30:00-04:00,46.56999969482422,47.40999984741211,46.529998779296875,47.0099983215332,0,0.0,0.0
2024-07-30 10:30:00-04:00,46.85499954223633,46.85499954223633,45.880001068115234,46.11000061035156,53122,0.0,0.0
2024-07-30 11:30:00-04:00,46.099998474121094,46.18000030517578,45.67150115966797,45.779998779296875,33294,0.0,0.0
2024-07-30 12:30:00-04:00,45.74599838256836,45.849998474121094,45.68000030517578,45.84989929199219,10802,0.0,0.0
2024-07-30 13:30:00-04:00,45.619998931884766,45.849998474121094,45.5,45.630001068115234,17728,0.0,0.0
2024-07-30 14:30:00-04:00,45.69499969482422,45.849998474121094,45.54999923706055,45.849998474121094,10453,0.0,0.0
2024-07-30 15:30:00-04:00,45.720001220703125,45.83000183105469,45.61000061035156,45.630001068115234,13947,0.0,0.0
2024-07-31 09:30:00-04:00,46.09000015258789,47.25,45.915000915527344,47.040000915527344,47380,0.0,0.0
2024-07-31 10:30:00-04:00,47.05009841918945,47.290000915527344,46.54999923706055,46.81999969482422,20145,0.0,0.0
2024-07-31 11:30:00-04:00,46.80929946899414,47.349998474121094,46.691898345947266,47.349998474121094,5949,0.0,0.0
2024-07-31 12:30:00-04:00,47.22999954223633,47.79999923706055,47.189998626708984,47.5099983215332,14729,0.0,0.0
2024-07-31 13:30:00-04:00,47.38999938964844,47.459999084472656,47.0099983215332,47.10499954223633,8237,0.0,0.0
2024-07-31 14:30:00-04:00,47.20000076293945,47.38999938964844,47.040000915527344,47.040000915527344,21905,0.0,0.0
2024-07-31 15:30:00-04:00,47.060001373291016,47.18000030517578,46.72010040283203,46.75,15019,0.0,0.0
2024-08-01 09:30:00-04:00,47.0,47.209999084472656,46.099998474121094,46.099998474121094,42443,0.0,0.0
2024-08-01 10:30:00-04:00,46.20000076293945,46.244998931884766,45.38999938964844,45.86000061035156,19149,0.0,0.0
2024-08-01 11:30:00-04:00,45.650001525878906,45.970001220703125,45.56999969482422,45.970001220703125,5357,0.0,0.0
2024-08-01 12:30:00-04:00,45.90999984741211,45.90999984741211,45.689998626708984,45.689998626708984,2640,0.0,0.0
2024-08-01 13:30:00-04:00,45.70000076293945,45.970001220703125,45.630001068115234,45.900001525878906,12926,0.0,0.0
2024-08-01 14:30:00-04:00,45.90999984741211,45.90999984741211,45.58000183105469,45.7400016784668,7419,0.0,0.0
2024-08-01 15:30:00-04:00,45.70000076293945,45.919898986816406,45.70000076293945,45.72999954223633,16457,0.0,0.0
2024-08-02 09:30:00-04:00,45.099998474121094,45.10020065307617,43.880001068115234,44.31999969482422,59383,0.0,0.0
2024-08-02 10:30:00-04:00,44.1349983215332,44.5,43.75,44.27000045776367,22602,0.0,0.0
2024-08-02 11:30:00-04:00,44.09000015258789,44.95000076293945,44.09000015258789,44.709999084472656,28995,0.0,0.0
2024-08-02 12:30:00-04:00,44.619998931884766,44.97990036010742,44.510101318359375,44.68000030517578,10631,0.0,0.0
2024-08-02 13:30:00-04:00,44.72999954223633,44.88999938964844,44.380001068115234,44.790000915527344,29439,0.0,0.0
2024-08-02 14:30:00-04:00,44.810001373291016,44.88999938964844,44.47999954223633,44.880001068115234,17899,0.0,0.0
2024-08-02 15:30:00-04:00,44.79999923706055,45.0,44.779998779296875,44.90999984741211,22536,0.0,0.0
2024-08-05 09:30:00-04:00,41.77000045776367,43.189998626708984,40.81999969482422,42.88999938964844,52004,0.0,0.0
2024-08-05 10:30:00-04:00,42.650001525878906,43.33000183105469,42.439998626708984,43.310001373291016,55469,0.0,0.0
2024-08-05 11:30:00-04:00,43.279998779296875,44.099998474121094,42.790000915527344,43.900001525878906,88270,0.0,0.0
2024-08-05 12:30:00-04:00,43.84000015258789,43.869998931884766,43.20000076293945,43.2599983215332,12363,0.0,0.0
2024-08-05 13:30:00-04:00,43.20500183105469,43.5,42.84000015258789,42.84000015258789,16687,0.0,0.0
2024-08-05 14:30:00-04:00,42.790000915527344,42.900001525878906,42.599998474121094,42.89500045776367,15049,0.0,0.0
2024-08-05 15:30:00-04:00,42.90999984741211,43.119998931884766,42.779998779296875,42.970001220703125,30161,0.0,0.0
2024-08-06 09:30:00-04:00,42.75,43.75,42.61000061035156,43.75,16659,0.0,0.0
2024-08-06 10:30:00-04:00,43.43000030517578,44.249900817871094,43.43000030517578,43.5099983215332,11785,0.0,0.0
2024-08-06 11:30:00-04:00,43.459999084472656,43.790000915527344,43.459999084472656,43.790000915527344,4929,0.0,0.0
2024-08-06 12:30:00-04:00,43.810001373291016,44.38999938964844,43.810001373291016,44.38999938964844,4632,0.0,0.0
2024-08-06 13:30:00-04:00,44.45000076293945,44.540000915527344,44.290000915527344,44.439998626708984,8392,0.0,0.0
2024-08-06 14:30:00-04:00,44.439998626708984,44.5099983215332,43.83000183105469,44.20000076293945,10561,0.0,0.0
2024-08-06 15:30:00-04:00,44.15999984741211,44.349998474121094,43.58000183105469,43.58000183105469,10272,0.0,0.0
2024-08-07 09:30:00-04:00,44.060001373291016,44.630001068115234,44.0,44.11000061035156,5221,0.0,0.0
2024-08-07 10:30:00-04:00,44.150001525878906,44.47999954223633,44.06999969482422,44.25,3855,0.0,0.0
2024-08-07 11:30:00-04:00,44.29999923706055,44.400001525878906,43.83000183105469,44.04499816894531,5244,0.0,0.0
2024-08-07 12:30:00-04:00,44.04999923706055,44.060001373291016,43.72999954223633,43.79999923706055,4127,0.0,0.0
2024-08-07 13:30:00-04:00,43.79999923706055,44.0,43.599998474121094,43.79999923706055,13641,0.0,0.0
2024-08-07 14:30:00-04:00,43.79999923706055,44.130001068115234,43.79999923706055,44.130001068115234,7243,0.0,0.0
2024-08-07 15:30:00-04:00,44.220001220703125,44.339900970458984,44.02000045776367,44.18000030517578,11310,0.0,0.0
2024-08-08 09:30:00-04:00,44.09000015258789,44.212501525878906,43.560001373291016,44.08000183105469,12171,0.0,0.0
2024-08-08 10:30:00-04:00,44.09000015258789,44.29999923706055,43.849998474121094,44.224998474121094,7311,0.0,0.0
2024-08-08 11:30:00-04:00,44.130001068115234,44.290000915527344,44.11000061035156,44.290000915527344,2521,0.0,0.0
2024-08-08 12:30:00-04:00,44.15999984741211,44.31999969482422,43.98889923095703,44.31999969482422,6421,0.0,0.0
2024-08-08 13:30:00-04:00,44.369998931884766,44.88999938964844,44.2599983215332,44.67499923706055,11268,0.0,0.0
2024-08-08 14:30:00-04:00,44.650001525878906,44.7400016784668,44.5099983215332,44.66999816894531,5284,0.0,0.0
2024-08-08 15:30:00-04:00,44.66999816894531,44.66999816894531,44.5,44.52000045776367,5914,0.0,0.0
2024-08-09 09:30:00-04:00,44.31999969482422,44.599998474121094,44.16999816894531,44.16999816894531,2627,0.0,0.0
2024-08-09 10:30:00-04:00,44.58000183105469,44.689998626708984,44.459800720214844,44.63999938964844,5428,0.0,0.0
2024-08-09 11:30:00-04:00,44.63999938964844,44.63999938964844,44.4900016784668,44.638999938964844,2504,0.0,0.0
2024-08-09 12:30:00-04:00,44.5099983215332,44.529998779296875,44.301998138427734,44.301998138427734,4783,0.0,0.0
2024-08-09 13:30:00-04:00,44.5004997253418,44.79999923706055,44.380001068115234,44.380001068115234,7782,0.0,0.0
2024-08-09 14:30:00-04:00,44.45750045776367,44.75,44.40999984741211,44.75,5080,0.0,0.0
2024-08-09 15:30:00-04:00,44.75,44.78860092163086,44.31999969482422,44.349998474121094,22322,0.0,0.0
2024-08-12 09:30:00-04:00,44.650001525878906,44.9900016784668,43.38029861450195,44.9900016784668,24581,0.0,0.0
2024-08-12 10:30:00-04:00,44.60319900512695,45.310001373291016,44.60319900512695,44.72999954223633,10238,0.0,0.0
2024-08-12 11:30:00-04:00,44.79999923706055,45.189998626708984,44.70000076293945,45.189998626708984,10778,0.0,0.0
2024-08-12 12:30:00-04:00,45.099998474121094,45.18090057373047,44.65999984741211,44.65999984741211,3207,0.0,0.0
2024-08-12 13:30:00-04:00,44.970001220703125,45.130001068115234,44.875,45.0,3172,0.0,0.0
2024-08-12 14:30:00-04:00,45.067901611328125,45.16999816894531,44.90999984741211,45.16999816894531,3245,0.0,0.0
2024-08-12 15:30:00-04:00,45.27000045776367,45.27000045776367,44.77009963989258,45.130001068115234,16398,0.0,0.0
2024-08-13 09:30:00-04:00,44.84000015258789,45.369998931884766,44.84000015258789,45.20000076293945,3143,0.0,0.0
2024-08-13 10:30:00-04:00,45.20000076293945,45.65399932861328,45.20000076293945,45.45000076293945,4132,0.0,0.0
2024-08-13 11:30:00-04:00,45.20000076293945,45.52000045776367,45.150001525878906,45.402400970458984,4975,0.0,0.0
2024-08-13 12:30:00-04:00,45.38999938964844,45.38999938964844,45.150001525878906,45.15999984741211,3003,0.0,0.0
2024-08-13 13:30:00-04:00,45.28049850463867,45.75,45.2599983215332,45.650001525878906,5645,0.0,0.0
2024-08-13 14:30:00-04:00,45.7400016784668,45.90999984741211,45.560001373291016,45.63999938964844,5577,0.0,0.0
2024-08-13 15:30:00-04:00,45.68000030517578,45.79999923706055,45.22999954223633,45.54499816894531,38119,0.0,0.0
2024-08-14 09:30:00-04:00,45.59000015258789,46.09000015258789,45.39500045776367,46.05500030517578,4844,0.0,0.0
2024-08-14 10:30:00-04:00,46.224700927734375,46.5099983215332,46.0531005859375,46.2400016784668,5375,0.0,0.0
2024-08-14 11:30:00-04:00,46.27000045776367,46.540000915527344,45.709999084472656,45.709999084472656,10275,0.0,0.0
2024-08-14 12:30:00-04:00,45.724998474121094,45.88999938964844,45.720001220703125,45.88999938964844,1774,0.0,0.0
2024-08-14 13:30:00-04:00,45.900001525878906,45.900001525878906,45.880001068115234,45.88999938964844,2168,0.0,0.0
2024-08-14 14:30:00-04:00,46.02000045776367,46.029998779296875,45.4900016784668,45.650001525878906,6062,0.0,0.0
2024-08-14 15:30:00-04:00,45.66999816894531,45.880001068115234,45.560001373291016,45.61000061035156,5771,0.0,0.0
2024-08-15 09:30:00-04:00,46.04999923706055,46.5,45.98030090332031,45.98030090332031,3497,0.0,0.0
2024-08-15 10:30:00-04:00,45.939998626708984,46.59830093383789,45.939998626708984,46.54999923706055,7849,0.0,0.0
2024-08-15 11:30:00-04:00,46.380001068115234,46.4900016784668,46.150001525878906,46.150001525878906,3947,0.0,0.0
2024-08-15 12:30:00-04:00,46.150001525878906,46.52439880371094,46.150001525878906,46.40999984741211,3430,0.0,0.0
2024-08-15 13:30:00-04:00,46.380001068115234,46.59000015258789,46.060001373291016,46.30500030517578,21999,0.0,0.0
2024-08-15 14:30:00-04:00,46.09000015258789,46.560001373291016,46.09000015258789,46.380001068115234,5840,0.0,0.0
2024-08-15 15:30:00-04:00,46.439998626708984,46.619998931884766,46.29999923706055,46.334999084472656,12725,0.0,0.0
2024-08-16 09:30:00-04:00,46.380001068115234,46.58000183105469,46.114498138427734,46.319400787353516,7282,0.0,0.0
2024-08-16 10:30:00-04:00,46.15999984741211,46.29999923706055,45.88999938964844,45.90999984741211,7206,0.0,0.0
2024-08-16 11:30:00-04:00,45.88999938964844,46.040000915527344,45.779998779296875,45.970001220703125,24208,0.0,0.0
2024-08-16 12:30:00-04:00,45.970001220703125,46.040000915527344,45.869998931884766,45.869998931884766,3357,0.0,0.0
2024-08-16 13:30:00-04:00,45.97999954223633,46.02000045776367,45.849998474121094,45.95000076293945,6975,0.0,0.0
2024-08-16 14:30:00-04:00,45.93000030517578,45.93000030517578,45.790000915527344,45.810001373291016,8476,0.0,0.0
2024-08-16 15:30:00-04:00,45.89500045776367,45.95349884033203,45.79010009765625,45.810001373291016,7078,0.0,0.0
2024-08-19 09:30:00-04:00,46.13999938964844,46.79999923706055,45.939998626708984,46.63850021362305,20757,0.0,0.0
2024-08-19 10:30:00-04:00,46.4900016784668,47.5099983215332,46.4900016784668,47.22999954223633,96305,0.0,0.0
2024-08-19 11:30:00-04:00,47.14500045776367,47.334999084472656,46.95000076293945,47.003501892089844,19866,0.0,0.0
2024-08-19 12:30:00-04:00,46.86000061035156,47.20000076293945,46.86000061035156,47.06999969482422,6096,0.0,0.0
2024-08-19 13:30:00-04:00,47.14799880981445,47.619998931884766,47.040000915527344,47.59000015258789,17965,0.0,0.0
2024-08-19 14:30:00-04:00,47.63570022583008,47.63570022583008,46.83000183105469,47.16999816894531,92669,0.0,0.0
2024-08-19 15:30:00-04:00,47.22999954223633,47.41999816894531,47.040000915527344,47.209999084472656,42773,0.0,0.0
2024-08-20 09:30:00-04:00,51.31999969482422,52.79999923706055,51.31999969482422,52.70000076293945,435424,0.0,0.0
2024-08-20 10:30:00-04:00,52.70000076293945,52.90999984741211,51.86000061035156,51.88999938964844,130197,0.0,0.0
2024-08-20 11:30:00-04:00,51.970001220703125,52.81999969482422,51.38999938964844,52.660099029541016,230116,0.0,0.0
2024-08-20 12:30:00-04:00,52.66999816894531,53.0,52.28010177612305,52.75,70858,0.0,0.0
2024-08-20 13:30:00-04:00,52.77000045776367,54.63999938964844,52.66999816894531,54.439998626708984,172286,0.0,0.0
2024-08-20 14:30:00-04:00,54.56999969482422,55.09000015258789,54.349998474121094,54.91999816894531,119872,0.0,0.0
2024-08-20 15:30:00-04:00,54.93090057373047,55.0,54.59000015258789,54.93000030517578,127356,0.0,0.0
2024-08-21 09:30:00-04:00,54.90999984741211,55.019901275634766,53.43000030517578,53.58000183105469,100890,0.0,0.0
2024-08-21 10:30:00-04:00,53.470001220703125,54.099998474121094,53.310001373291016,53.88999938964844,39293,0.0,0.0
2024-08-21 11:30:00-04:00,53.90999984741211,54.310001373291016,53.81999969482422,53.93000030517578,21888,0.0,0.0
2024-08-21 12:30:00-04:00,53.959999084472656,53.97999954223633,53.4900016784668,53.52790069580078,10590,0.0,0.0
2024-08-21 13:30:00-04:00,53.66999816894531,53.88999938964844,53.45000076293945,53.689998626708984,9093,0.0,0.0
2024-08-21 14:30:00-04:00,53.83000183105469,53.849998474121094,53.61000061035156,53.709999084472656,13850,0.0,0.0
2024-08-21 15:30:00-04:00,53.68000030517578,53.7599983215332,53.290000915527344,53.65999984741211,33986,0.0,0.0
2024-08-22 09:30:00-04:00,53.099998474121094,53.564998626708984,52.7406005859375,53.08000183105469,29902,0.0,0.0
2024-08-22 10:30:00-04:00,53.15999984741211,53.15999984741211,52.31999969482422,52.439998626708984,100714,0.0,0.0
2024-08-22 11:30:00-04:00,52.470001220703125,52.5099983215332,51.79999923706055,52.209999084472656,22318,0.0,0.0
2024-08-22 12:30:00-04:00,52.380001068115234,52.47999954223633,52.150001525878906,52.150001525878906,6227,0.0,0.0
2024-08-22 13:30:00-04:00,52.150001525878906,52.20000076293945,51.97999954223633,52.04999923706055,11542,0.0,0.0
2024-08-22 14:30:00-04:00,52.04999923706055,52.220001220703125,51.86000061035156,52.183998107910156,60234,0.0,0.0
2024-08-22 15:30:00-04:00,52.154998779296875,52.154998779296875,51.65999984741211,51.790000915527344,61002,0.0,0.0
2024-08-23 09:30:00-04:00,51.0,52.165000915527344,50.58000183105469,52.165000915527344,75016,0.0,0.0
2024-08-23 10:30:00-04:00,51.83000183105469,51.83000183105469,51.310001373291016,51.52000045776367,23215,0.0,0.0
2024-08-23 11:30:00-04:00,51.564998626708984,51.9900016784668,51.380001068115234,51.72999954223633,64795,0.0,0.0
2024-08-23 12:30:00-04:00,51.709999084472656,51.9900016784668,51.61000061035156,51.86000061035156,17495,0.0,0.0
2024-08-23 13:30:00-04:00,51.83000183105469,52.08000183105469,51.79899978637695,52.08000183105469,63841,0.0,0.0
2024-08-23 14:30:00-04:00,52.0,52.11000061035156,51.84000015258789,51.97999954223633,15277,0.0,0.0
2024-08-23 15:30:00-04:00,51.9900016784668,52.060001373291016,51.83000183105469,51.959999084472656,29776,0.0,0.0
2024-08-26 09:30:00-04:00,51.5,53.19990158081055,51.4900016784668,52.904998779296875,46251,0.0,0.0
2024-08-26 10:30:00-04:00,52.810001373291016,53.0,52.63050079345703,52.689998626708984,11993,0.0,0.0
2024-08-26 11:30:00-04:00,52.5,52.769901275634766,52.29999923706055,52.769901275634766,9291,0.0,0.0
2024-08-26 12:30:00-04:00,52.54999923706055,53.130001068115234,52.54999923706055,53.0,24591,0.0,0.0
2024-08-26 13:30:00-04:00,53.0,53.099998474121094,52.880001068115234,52.994998931884766,17203,0.0,0.0
2024-08-26 14:30:00-04:00,52.91999816894531,53.02000045776367,52.83000183105469,52.9900016784668,10201,0.0,0.0
2024-08-26 15:30:00-04:00,52.9900016784668,53.11000061035156,52.85499954223633,52.970001220703125,45826,0.0,0.0
2024-08-27 09:30:00-04:00,52.5,52.86000061035156,52.38999938964844,52.61000061035156,31877,0.0,0.0
2024-08-27 10:30:00-04:00,52.5,52.84000015258789,52.5,52.68000030517578,3692,0.0,0.0
2024-08-27 11:30:00-04:00,52.790000915527344,52.79999923706055,52.54999923706055,52.68000030517578,3744,0.0,0.0
2024-08-27 12:30:00-04:00,52.599998474121094,52.79999923706055,52.470001220703125,52.66999816894531,10439,0.0,0.0
2024-08-27 13:30:00-04:00,52.70000076293945,52.79999923706055,52.60960006713867,52.779998779296875,6674,0.0,0.0
2024-08-27 14:30:00-04:00,52.77000045776367,52.79999923706055,52.70000076293945,52.79999923706055,8665,0.0,0.0
2024-08-27 15:30:00-04:00,52.768699645996094,53.040000915527344,52.768699645996094,52.900001525878906,44062,0.0,0.0
2024-08-28 09:30:00-04:00,52.5,53.0,52.13999938964844,52.349998474121094,26619,0.0,0.0
2024-08-28 10:30:00-04:00,52.5,52.54499816894531,52.0099983215332,52.150001525878906,26158,0.0,0.0
2024-08-28 11:30:00-04:00,52.029998779296875,52.204898834228516,51.98500061035156,52.130001068115234,10455,0.0,0.0
2024-08-28 12:30:00-04:00,52.099998474121094,52.27199935913086,51.966400146484375,51.966400146484375,4668,0.0,0.0
2024-08-28 13:30:00-04:00,52.290000915527344,52.290000915527344,51.82500076293945,51.880001068115234,11908,0.0,0.0
2024-08-28 14:30:00-04:00,51.880001068115234,52.092498779296875,51.83000183105469,51.970001220703125,10144,0.0,0.0
2024-08-28 15:30:00-04:00,52.04999923706055,52.04999923706055,51.869998931884766,51.90999984741211,11568,0.0,0.0
2024-08-29 09:30:00-04:00,51.849998474121094,52.5,51.689998626708984,52.5,0,0.0,0.0
2024-08-29 10:30:00-04:00,52.72999954223633,52.72999954223633,52.41999816894531,52.58000183105469,13921,0.0,0.0
2024-08-29 11:30:00-04:00,52.59000015258789,52.619998931884766,52.279998779296875,52.369998931884766,6372,0.0,0.0
2024-08-29 12:30:00-04:00,52.20000076293945,52.209999084472656,52.119998931884766,52.130001068115234,3338,0.0,0.0
2024-08-29 13:30:00-04:00,52.130001068115234,52.25,52.0,52.121498107910156,5956,0.0,0.0
2024-08-29 14:30:00-04:00,52.22999954223633,52.22999954223633,52.0099983215332,52.220001220703125,9191,0.0,0.0
2024-08-29 15:30:00-04:00,52.15999984741211,52.15999984741211,51.849998474121094,51.849998474121094,13461,0.0,0.0
2024-08-30 09:30:00-04:00,51.5,52.900001525878906,51.5,52.400001525878906,56606,0.0,0.0
2024-08-30 10:30:00-04:00,52.5,52.869998931884766,52.314998626708984,52.79999923706055,14679,0.0,0.0
2024-08-30 11:30:00-04:00,52.779998779296875,53.29999923706055,52.66999816894531,53.29899978637695,13054,0.0,0.0
2024-08-30 12:30:00-04:00,53.31999969482422,53.709999084472656,53.2400016784668,53.29999923706055,18876,0.0,0.0
2024-08-30 13:30:00-04:00,53.290000915527344,53.650001525878906,53.260501861572266,53.29999923706055,32496,0.0,0.0
2024-08-30 14:30:00-04:00,53.2400016784668,53.54999923706055,53.2400016784668,53.474998474121094,17108,0.0,0.0
2024-08-30 15:30:00-04:00,53.560001373291016,53.68000030517578,53.43280029296875,53.599998474121094,38381,0.0,0.0
2024-09-03 09:30:00-04:00,53.25,53.470001220703125,52.25,52.56999969482422,49408,0.0,0.0
2024-09-03 10:30:00-04:00,52.68000030517578,53.22990036010742,52.4900016784668,53.13999938964844,26672,0.0,0.0
2024-09-03 11:30:00-04:00,53.0099983215332,53.0099983215332,52.52000045776367,52.52000045776367,8725,0.0,0.0
2024-09-03 12:30:00-04:00,52.40999984741211,53.375,52.27000045776367,53.2400016784668,30332,0.0,0.0
2024-09-03 13:30:00-04:00,53.150001525878906,53.665000915527344,53.0,53.0,38830,0.0,0.0
2024-09-03 14:30:00-04:00,53.14500045776367,53.15999984741211,52.7599983215332,52.849998474121094,16075,0.0,0.0
2024-09-03 15:30:00-04:00,52.849998474121094,52.849998474121094,52.459999084472656,52.529998779296875,16450,0.0,0.0
2024-09-04 09:30:00-04:00,52.25,52.97999954223633,52.22999954223633,52.79999923706055,31662,0.0,0.0
2024-09-04 10:30:00-04:00,52.810001373291016,53.16999816894531,52.66999816894531,52.689998626708984,42405,0.0,0.0
2024-09-04 11:30:00-04:00,52.6349983215332,52.79999923706055,52.58000183105469,52.58000183105469,19642,0.0,0.0
2024-09-04 12:30:00-04:00,52.68000030517578,52.720001220703125,52.439998626708984,52.45000076293945,13284,0.0,0.0
2024-09-04 13:30:00-04:00,52.52000045776367,52.52000045776367,51.83000183105469,51.84000015258789,17323,0.0,0.0
2024-09-04 14:30:00-04:00,51.93130111694336,52.0099983215332,51.790000915527344,51.970001220703125,17623,0.0,0.0
2024-09-04 15:30:00-04:00,51.9900016784668,51.9900016784668,51.68000030517578,51.689998626708984,21639,0.0,0.0
2024-09-05 09:30:00-04:00,51.66999816894531,51.922000885009766,51.0,51.42499923706055,40078,0.0,0.0
2024-09-05 10:30:00-04:00,51.2400016784668,51.599998474121094,51.0,51.08000183105469,11329,0.0,0.0
2024-09-05 11:30:00-04:00,51.150001525878906,51.27000045776367,50.95000076293945,51.119998931884766,13578,0.0,0.0
2024-09-05 12:30:00-04:00,51.0,51.0099983215332,50.650001525878906,50.68000030517578,19742,0.0,0.0
2024-09-05 13:30:00-04:00,50.650001525878906,50.91999816894531,50.650001525878906,50.70000076293945,5590,0.0,0.0
2024-09-05 14:30:00-04:00,50.900001525878906,50.900001525878906,50.540000915527344,50.75,10056,0.0,0.0
2024-09-05 15:30:00-04:00,50.75,50.75,50.369998931884766,50.43000030517578,25506,0.0,0.0
2024-09-06 09:30:00-04:00,50.36000061035156,50.70000076293945,50.36000061035156,50.5099983215332,28716,0.0,0.0
2024-09-06 10:30:00-04:00,50.5,50.5099983215332,49.75,49.91999816894531,42036,0.0,0.0
2024-09-06 11:30:00-04:00,50.04999923706055,50.04999923706055,49.439998626708984,49.529998779296875,25032,0.0,0.0
2024-09-06 12:30:00-04:00,49.529998779296875,49.84880065917969,49.439998626708984,49.790000915527344,9085,0.0,0.0
2024-09-06 13:30:00-04:00,49.86000061035156,49.86000061035156,49.619998931884766,49.65399932861328,7955,0.0,0.0
2024-09-06 14:30:00-04:00,49.619998931884766,49.619998931884766,49.36000061035156,49.36000061035156,40720,0.0,0.0
2024-09-06 15:30:00-04:00,49.375,50.09000015258789,49.29999923706055,49.7599983215332,47812,0.0,0.0
2024-09-09 09:30:00-04:00,49.959999084472656,50.86539840698242,49.72999954223633,50.47999954223633,27516,0.0,0.0
2024-09-09 10:30:00-04:00,50.4900016784668,50.79999923706055,50.310001373291016,50.790000915527344,35977,0.0,0.0
2024-09-09 11:30:00-04:00,50.91999816894531,51.99829864501953,50.91999816894531,51.86000061035156,43420,0.0,0.0
2024-09-09 12:30:00-04:00,51.989898681640625,52.400001525878906,51.72999954223633,52.38999938964844,22324,0.0,0.0
2024-09-09 13:30:00-04:00,52.387001037597656,52.560001373291016,52.130001068115234,52.209999084472656,32833,0.0,0.0
2024-09-09 14:30:00-04:00,52.20000076293945,52.404998779296875,52.099998474121094,52.290000915527344,19820,0.0,0.0
2024-09-09 15:30:00-04:00,52.27000045776367,52.29999923706055,51.790000915527344,51.95000076293945,31420,0.0,0.0
2024-09-10 09:30:00-04:00,52.0,52.0,50.790000915527344,51.060001373291016,51707,0.0,0.0
2024-09-10 10:30:00-04:00,51.04999923706055,51.810001373291016,51.04999923706055,51.63999938964844,24079,0.0,0.0
2024-09-10 11:30:00-04:00,51.5099983215332,51.619998931884766,51.04999923706055,51.18000030517578,12386,0.0,0.0
2024-09-10 12:30:00-04:00,51.18000030517578,51.369998931884766,51.10499954223633,51.290000915527344,13863,0.0,0.0
2024-09-10 13:30:00-04:00,51.209999084472656,51.47999954223633,51.09000015258789,51.38999938964844,11595,0.0,0.0
2024-09-10 14:30:00-04:00,51.439998626708984,51.4900016784668,51.189998626708984,51.34000015258789,9828,0.0,0.0
2024-09-10 15:30:00-04:00,51.41999816894531,51.47999954223633,51.25,51.25,12933,0.0,0.0
2024-09-11 09:30:00-04:00,51.0,51.81999969482422,50.869998931884766,51.47999954223633,55788,0.0,0.0
2024-09-11 10:30:00-04:00,51.47999954223633,51.81919860839844,51.38999938964844,51.630001068115234,11555,0.0,0.0
2024-09-11 11:30:00-04:00,51.630001068115234,52.880001068115234,51.630001068115234,52.80080032348633,50781,0.0,0.0
2024-09-11 12:30:00-04:00,52.80080032348633,53.290000915527344,52.80080032348633,53.2599983215332,36811,0.0,0.0
2024-09-11 13:30:00-04:00,53.189998626708984,53.59000015258789,53.018001556396484,53.58000183105469,28076,0.0,0.0
2024-09-11 14:30:00-04:00,53.529998779296875,53.63999938964844,53.11000061035156,53.25,13006,0.0,0.0
2024-09-11 15:30:00-04:00,53.29999923706055,53.36000061035156,52.86000061035156,52.90999984741211,22223,0.0,0.0
2024-09-12 09:30:00-04:00,52.86000061035156,54.88999938964844,52.86000061035156,54.80500030517578,250473,0.0,0.0
2024-09-12 10:30:00-04:00,54.80500030517578,56.22999954223633,54.54499816894531,55.76499938964844,196170,0.0,0.0
2024-09-12 11:30:00-04:00,55.83399963378906,56.07500076293945,55.400001525878906,55.7599983215332,61197,0.0,0.0
2024-09-12 12:30:00-04:00,55.709999084472656,56.349998474121094,55.709999084472656,56.2400016784668,33933,0.0,0.0
2024-09-12 13:30:00-04:00,56.25,56.560001373291016,56.15999984741211,56.43230056762695,37683,0.0,0.0
2024-09-12 14:30:00-04:00,56.3849983215332,56.650001525878906,56.27000045776367,56.345001220703125,57871,0.0,0.0
2024-09-12 15:30:00-04:00,56.32400131225586,56.345001220703125,55.38010025024414,55.65999984741211,50220,0.0,0.0
2024-09-13 09:30:00-04:00,55.5,56.08000183105469,55.0,55.119998931884766,95626,0.0,0.0
2024-09-13 10:30:00-04:00,55.15999984741211,56.04999923706055,55.04999923706055,55.5,56609,0.0,0.0
2024-09-13 11:30:00-04:00,55.369998931884766,55.935001373291016,55.349998474121094,55.73500061035156,38160,0.0,0.0
2024-09-13 12:30:00-04:00,55.7599983215332,56.09000015258789,55.685001373291016,55.880001068115234,17286,0.0,0.0
2024-09-13 13:30:00-04:00,55.9900016784668,56.380001068115234,55.79999923706055,55.880001068115234,28420,0.0,0.0
2024-09-13 14:30:00-04:00,55.916500091552734,56.14500045776367,55.70000076293945,56.040000915527344,28086,0.0,0.0
2024-09-13 15:30:00-04:00,56.029998779296875,56.119998931884766,55.87009811401367,56.04999923706055,22891,0.0,0.0
2024-09-16 09:30:00-04:00,56.0,56.142799377441406,55.2599983215332,55.560001373291016,43317,0.0,0.0
2024-09-16 10:30:00-04:00,55.54999923706055,55.81999969482422,55.29999923706055,55.29999923706055,29365,0.0,0.0
2024-09-16 11:30:00-04:00,55.349998474121094,55.970001220703125,55.31999969482422,55.83000183105469,12394,0.0,0.0
2024-09-16 12:30:00-04:00,55.779998779296875,55.97990036010742,55.65999984741211,55.86000061035156,8447,0.0,0.0
2024-09-16 13:30:00-04:00,55.83000183105469,56.18000030517578,55.70000076293945,56.119998931884766,37888,0.0,0.0
2024-09-16 14:30:00-04:00,56.12799835205078,56.664398193359375,55.97999954223633,56.435001373291016,33219,0.0,0.0
2024-09-16 15:30:00-04:00,56.63999938964844,56.90999984741211,56.599998474121094,56.75,52745,0.0,0.0
2024-09-17 09:30:00-04:00,56.5,56.75,56.15999984741211,56.439998626708984,33712,0.0,0.0
2024-09-17 10:30:00-04:00,56.41999816894531,56.56999969482422,56.20000076293945,56.56999969482422,39270,0.0,0.0
2024-09-17 11:30:00-04:00,56.56480026245117,56.61000061035156,56.25,56.37300109863281,17721,0.0,0.0
2024-09-17 12:30:00-04:00,56.220001220703125,56.527000427246094,56.130001068115234,56.16999816894531,28268,0.0,0.0
2024-09-17 13:30:00-04:00,56.172000885009766,56.42879867553711,56.13199996948242,56.209999084472656,16891,0.0,0.0
2024-09-17 14:30:00-04:00,56.25,56.380001068115234,56.15010070800781,56.17380142211914,37728,0.0,0.0
2024-09-17 15:30:00-04:00,56.224998474121094,56.224998474121094,55.68000030517578,55.68000030517578,46493,0.0,0.0
2024-09-18 09:30:00-04:00,56.0,56.064998626708984,54.92380142211914,55.15010070800781,109857,0.0,0.0
2024-09-18 10:30:00-04:00,55.200401306152344,55.220001220703125,54.7599983215332,55.04999923706055,29116,0.0,0.0
2024-09-18 11:30:00-04:00,55.11000061035156,55.38999938964844,55.0807991027832,55.3849983215332,6723,0.0,0.0
2024-09-18 12:30:00-04:00,55.400001525878906,55.45000076293945,55.18000030517578,55.3849983215332,13389,0.0,0.0
2024-09-18 13:30:00-04:00,55.36000061035156,55.849998474121094,55.040000915527344,55.439998626708984,17913,0.0,0.0
2024-09-18 14:30:00-04:00,55.59000015258789,55.90999984741211,55.084999084472656,55.41999816894531,27215,0.0,0.0
2024-09-18 15:30:00-04:00,55.3849983215332,55.3849983215332,54.63999938964844,54.72999954223633,41738,0.0,0.0
2024-09-19 09:30:00-04:00,56.65999984741211,56.65999984741211,55.470001220703125,55.9900016784668,64726,0.0,0.0
2024-09-19 10:30:00-04:00,56.0,56.40999984741211,55.91999816894531,56.2400016784668,52763,0.0,0.0
2024-09-19 11:30:00-04:00,56.349998474121094,56.70000076293945,56.220001220703125,56.619998931884766,21401,0.0,0.0
2024-09-19 12:30:00-04:00,56.68000030517578,57.0,56.43000030517578,56.79999923706055,54109,0.0,0.0
2024-09-19 13:30:00-04:00,56.790000915527344,57.40999984741211,56.720001220703125,57.40999984741211,51369,0.0,0.0
2024-09-19 14:30:00-04:00,57.40629959106445,57.41999816894531,57.18000030517578,57.400001525878906,25147,0.0,0.0
2024-09-19 15:30:00-04:00,57.400001525878906,57.56999969482422,56.96009826660156,57.22999954223633,101328,0.0,0.0
2024-09-20 09:30:00-04:00,56.9900016784668,57.61000061035156,56.70000076293945,57.51499938964844,60943,0.0,0.0
2024-09-20 10:30:00-04:00,57.375,58.060001373291016,57.375,57.689998626708984,44169,0.0,0.0
2024-09-20 11:30:00-04:00,57.58000183105469,58.130001068115234,57.56999969482422,57.930599212646484,25165,0.0,0.0
2024-09-20 12:30:00-04:00,57.93000030517578,58.220001220703125,57.7400016784668,57.7400016784668,19332,0.0,0.0
2024-09-20 13:30:00-04:00,57.845001220703125,57.85499954223633,57.400001525878906,57.46500015258789,11671,0.0,0.0
2024-09-20 14:30:00-04:00,57.46500015258789,57.79999923706055,57.43000030517578,57.709999084472656,22616,0.0,0.0
2024-09-20 15:30:00-04:00,57.7400016784668,57.869998931884766,56.95000076293945,57.220001220703125,50986,0.0,0.0
2024-09-23 09:30:00-04:00,57.470001220703125,60.314998626708984,57.470001220703125,59.849998474121094,149102,0.0,0.0
2024-09-23 10:30:00-04:00,59.96860122680664,60.900001525878906,59.36000061035156,60.017398834228516,112520,0.0,0.0
2024-09-23 11:30:00-04:00,59.99300003051758,60.5,59.880001068115234,60.20500183105469,59900,0.0,0.0
2024-09-23 12:30:00-04:00,60.16276550292969,60.18000030517578,59.810001373291016,60.0099983215332,52320,0.0,0.0
2024-09-23 13:30:00-04:00,60.0099983215332,60.30950164794922,59.86050033569336,60.06999969482422,87361,0.0,0.0
2024-09-23 14:30:00-04:00,60.15999984741211,61.5,59.9900016784668,61.31999969482422,59307,0.0,0.0
2024-09-23 15:30:00-04:00,61.310001373291016,61.310001373291016,60.7599983215332,60.93000030517578,94149,0.0,0.0
2024-09-24 09:30:00-04:00,61.5,62.02000045776367,60.27000045776367,60.84000015258789,43756,0.0,0.0
2024-09-24 10:30:00-04:00,60.849998474121094,61.540000915527344,60.45000076293945,61.349998474121094,16368,0.0,0.0
2024-09-24 11:30:00-04:00,61.349998474121094,61.650001525878906,61.11000061035156,61.45000076293945,13582,0.0,0.0
2024-09-24 12:30:00-04:00,61.45000076293945,61.7400016784668,61.279998779296875,61.470001220703125,32412,0.0,0.0
2024-09-24 13:30:00-04:00,61.34000015258789,61.599998474121094,61.31999969482422,61.36000061035156,19244,0.0,0.0
2024-09-24 14:30:00-04:00,61.29999923706055,61.41999816894531,61.15999984741211,61.36000061035156,12908,0.0,0.0
2024-09-24 15:30:00-04:00,61.345001220703125,61.400001525878906,61.090999603271484,61.27000045776367,19092,0.0,0.0
2024-09-25 09:30:00-04:00,61.70000076293945,63.470001220703125,61.33000183105469,63.108001708984375,137286,0.0,0.0
2024-09-25 10:30:00-04:00,63.2333984375,63.70500183105469,62.9900016784668,63.20500183105469,119628,0.0,0.0
2024-09-25 11:30:00-04:00,63.099998474121094,63.61000061035156,62.869998931884766,63.2400016784668,43655,0.0,0.0
2024-09-25 12:30:00-04:00,63.060001373291016,63.220001220703125,62.75,62.83000183105469,18156,0.0,0.0
2024-09-25 13:30:00-04:00,62.76499938964844,63.02000045776367,62.61330032348633,62.86000061035156,17840,0.0,0.0
2024-09-25 14:30:00-04:00,62.86000061035156,63.13999938964844,62.834999084472656,63.01499938964844,19242,0.0,0.0
2024-09-25 15:30:00-04:00,62.93009948730469,63.31999969482422,62.83100128173828,63.13999938964844,45325,0.0,0.0
2024-09-26 09:30:00-04:00,63.45000076293945,63.9900016784668,62.81010055541992,63.82500076293945,45587,0.0,0.0
2024-09-26 10:30:00-04:00,63.83000183105469,63.849998474121094,63.32099914550781,63.3400993347168,28681,0.0,0.0
2024-09-26 11:30:00-04:00,63.349998474121094,63.42020034790039,62.5099983215332,62.709999084472656,54200,0.0,0.0
2024-09-26 12:30:00-04:00,62.76499938964844,63.119998931884766,62.75,62.995201110839844,15725,0.0,0.0
2024-09-26 13:30:00-04:00,63.13999938964844,63.790000915527344,63.125,63.790000915527344,28888,0.0,0.0
2024-09-26 14:30:00-04:00,63.744998931884766,63.81999969482422,63.119998931884766,63.130401611328125,17372,0.0,0.0
2024-09-26 15:30:00-04:00,63.20000076293945,63.66999816894531,63.189998626708984,63.45000076293945,54001,0.0,0.0
2024-09-27 09:30:00-04:00,63.29999923706055,65.88999938964844,63.29999923706055,65.5199966430664,71944,0.0,0.0
2024-09-27 10:30:00-04:00,65.5199966430664,65.58999633789062,64.50389862060547,65.0,47896,0.0,0.0
2024-09-27 11:30:00-04:00,65.05000305175781,65.05000305175781,63.90999984741211,64.06999969482422,18568,0.0,0.0
2024-09-27 12:30:00-04:00,64.07009887695312,64.33000183105469,63.83000183105469,63.92380142211914,22825,0.0,0.0
2024-09-27 13:30:00-04:00,63.84000015258789,63.86000061035156,63.38999938964844,63.7400016784668,23528,0.0,0.0
2024-09-27 14:30:00-04:00,63.68000030517578,63.880001068115234,63.3849983215332,63.64500045776367,16171,0.0,0.0
2024-09-27 15:30:00-04:00,63.81999969482422,63.849998474121094,63.25,63.25,38020,0.0,0.0
2024-09-30 09:30:00-04:00,63.40999984741211,63.631500244140625,62.380001068115234,62.40999984741211,33642,0.0,0.0
2024-09-30 10:30:00-04:00,62.35499954223633,63.0,61.630001068115234,62.999698638916016,35412,0.0,0.0
2024-09-30 11:30:00-04:00,62.540000915527344,62.74330139160156,62.44499969482422,62.74330139160156,3487,0.0,0.0
2024-09-30 12:30:00-04:00,62.56010055541992,62.86000061035156,62.56010055541992,62.86000061035156,6025,0.0,0.0
2024-09-30 13:30:00-04:00,62.88990020751953,62.88990020751953,62.162498474121094,62.162498474121094,5491,0.0,0.0
2024-09-30 14:30:00-04:00,62.16999816894531,62.86000061035156,62.079898834228516,62.439998626708984,15286,0.0,0.0
2024-09-30 15:30:00-04:00,62.5,62.650001525878906,62.244998931884766,62.529998779296875,17358,0.0,0.0
2024-10-01 09:30:00-04:00,61.9900016784668,62.59000015258789,61.400001525878906,62.099998474121094,27359,0.0,0.0
2024-10-01 10:30:00-04:00,62.25,62.470001220703125,61.90999984741211,62.08980178833008,10040,0.0,0.0
2024-10-01 11:30:00-04:00,62.084999084472656,62.475101470947266,62.06999969482422,62.06999969482422,6006,0.0,0.0
2024-10-01 12:30:00-04:00,62.185001373291016,62.25,61.79999923706055,62.15299987792969,14647,0.0,0.0
2024-10-01 13:30:00-04:00,62.28070068359375,62.5099983215332,62.189998626708984,62.404701232910156,9726,0.0,0.0
2024-10-01 14:30:00-04:00,62.25,62.494998931884766,62.25,62.31999969482422,4863,0.0,0.0
2024-10-01 15:30:00-04:00,62.404998779296875,62.404998779296875,62.0,62.0,13643,0.0,0.0
2024-10-02 09:30:00-04:00,62.349998474121094,62.87799835205078,62.04999923706055,62.650001525878906,23549,0.0,0.0
2024-10-02 10:30:00-04:00,62.57379913330078,62.83000183105469,62.5,62.70000076293945,17773,0.0,0.0
2024-10-02 11:30:00-04:00,62.7599983215332,64.0,62.7599983215332,63.98500061035156,22952,0.0,0.0
2024-10-02 12:30:00-04:00,63.98500061035156,64.05500030517578,63.5,63.82849884033203,16916,0.0,0.0
2024-10-02 13:30:00-04:00,63.90999984741211,64.1500015258789,63.65999984741211,63.81999969482422,19365,0.0,0.0
2024-10-02 14:30:00-04:00,63.81999969482422,64.11000061035156,63.75,63.85499954223633,8814,0.0,0.0
2024-10-02 15:30:00-04:00,63.810001373291016,64.25,63.58000183105469,63.849998474121094,45132,0.0,0.0
2024-10-03 09:30:00-04:00,64.30000305175781,65.25990295410156,63.43000030517578,65.11060333251953,69789,0.0,0.0
2024-10-03 10:30:00-04:00,65.01000213623047,65.48999786376953,64.55000305175781,65.0,18992,0.0,0.0
2024-10-03 11:30:00-04:00,65.01000213623047,65.44000244140625,64.94999694824219,65.3292007446289,28570,0.0,0.0
2024-10-03 12:30:00-04:00,65.45999908447266,65.45999908447266,64.69000244140625,64.87000274658203,17260,0.0,0.0
2024-10-03 13:30:00-04:00,65.01439666748047,65.01439666748047,64.63999938964844,64.63999938964844,1854,0.0,0.0
2024-10-03 14:30:00-04:00,64.83000183105469,64.83000183105469,64.27999877929688,64.46959686279297,14560,0.0,0.0
2024-10-03 15:30:00-04:00,64.35880279541016,64.38990020751953,63.959999084472656,64.0999984741211,26858,0.0,0.0
2024-10-04 09:30:00-04:00,64.0,64.36000061035156,62.45130157470703,62.459999084472656,79848,0.0,0.0
2024-10-04 10:30:00-04:00,62.5099983215332,63.150001525878906,62.5099983215332,62.650001525878906,37881,0.0,0.0
2024-10-04 11:30:00-04:00,62.779998779296875,63.08000183105469,62.68000030517578,62.970001220703125,21035,0.0,0.0
2024-10-04 12:30:00-04:00,62.95000076293945,63.459999084472656,62.95000076293945,63.1150016784668,17202,0.0,0.0
2024-10-04 13:30:00-04:00,63.02000045776367,63.130001068115234,62.95000076293945,63.01179885864258,3830,0.0,0.0
2024-10-04 14:30:00-04:00,63.0,63.21149826049805,62.96500015258789,63.153839111328125,7105,0.0,0.0
2024-10-04 15:30:00-04:00,63.20000076293945,63.56999969482422,63.08000183105469,63.310001373291016,13571,0.0,0.0
2024-10-07 09:30:00-04:00,63.33000183105469,63.709999084472656,62.70000076293945,63.709999084472656,17409,0.0,0.0
2024-10-07 10:30:00-04:00,63.709999084472656,63.91999816894531,63.5,63.52619934082031,14721,0.0,0.0
2024-10-07 11:30:00-04:00,63.64500045776367,63.647300720214844,63.060001373291016,63.130001068115234,9807,0.0,0.0
2024-10-07 12:30:00-04:00,63.025001525878906,63.025001525878906,62.82500076293945,62.82500076293945,3347,0.0,0.0
2024-10-07 13:30:00-04:00,62.72999954223633,62.7599983215332,62.439998626708984,62.48640060424805,13164,0.0,0.0
2024-10-07 14:30:00-04:00,62.459999084472656,63.28960037231445,62.459999084472656,63.28960037231445,22143,0.0,0.0
2024-10-07 15:30:00-04:00,63.16999816894531,63.35499954223633,63.16999816894531,63.2599983215332,11568,0.0,0.0
2024-10-08 09:30:00-04:00,62.75,63.542701721191406,62.5,63.18000030517578,32595,0.0,0.0
2024-10-08 10:30:00-04:00,63.185001373291016,63.185001373291016,62.5,62.5,10802,0.0,0.0
2024-10-08 11:30:00-04:00,62.619998931884766,62.97999954223633,62.5,62.72999954223633,12181,0.0,0.0
2024-10-08 12:30:00-04:00,62.61000061035156,62.869998931884766,62.5,62.869998931884766,5517,0.0,0.0
2024-10-08 13:30:00-04:00,62.869998931884766,62.9900016784668,62.599998474121094,62.77000045776367,4566,0.0,0.0
2024-10-08 14:30:00-04:00,62.79999923706055,62.79999923706055,62.40999984741211,62.689998626708984,6303,0.0,0.0
2024-10-08 15:30:00-04:00,62.61000061035156,62.845001220703125,62.45000076293945,62.5,31488,0.0,0.0
2024-10-09 09:30:00-04:00,62.400001525878906,62.87099838256836,61.939998626708984,62.59000015258789,29171,0.0,0.0
2024-10-09 10:30:00-04:00,62.474998474121094,62.790000915527344,62.4119987487793,62.7400016784668,9881,0.0,0.0
2024-10-09 11:30:00-04:00,62.68000030517578,62.68000030517578,62.529998779296875,62.529998779296875,3459,0.0,0.0
2024-10-09 12:30:00-04:00,62.5,62.57500076293945,62.45000076293945,62.539398193359375,2447,0.0,0.0
2024-10-09 13:30:00-04:00,62.4900016784668,62.54499816894531,62.47999954223633,62.5,5796,0.0,0.0
2024-10-09 14:30:00-04:00,62.5,62.5,61.13999938964844,61.349998474121094,29726,0.0,0.0
2024-10-09 15:30:00-04:00,61.380001068115234,61.58000183105469,61.349998474121094,61.47999954223633,15029,0.0,0.0
2024-10-10 09:30:00-04:00,61.86000061035156,62.380001068115234,61.42499923706055,61.9900016784668,20367,0.0,0.0
2024-10-10 10:30:00-04:00,61.91999816894531,62.04999923706055,61.494998931884766,61.650001525878906,3977,0.0,0.0
2024-10-10 11:30:00-04:00,61.77000045776367,61.869998931884766,61.400001525878906,61.650001525878906,10705,0.0,0.0
2024-10-10 12:30:00-04:00,61.83000183105469,62.060001373291016,61.52000045776367,61.52000045776367,2561,0.0,0.0
2024-10-10 13:30:00-04:00,61.67399978637695,61.765098571777344,61.345001220703125,61.345001220703125,7523,0.0,0.0
2024-10-10 14:30:00-04:00,61.525001525878906,61.525001525878906,60.88999938964844,61.349998474121094,31397,0.0,0.0
2024-10-10 15:30:00-04:00,61.38999938964844,61.57149887084961,61.375,61.400001525878906,9953,0.0,0.0
2024-10-11 09:30:00-04:00,61.040000915527344,61.5,60.375,60.43000030517578,36263,0.0,0.0
2024-10-11 10:30:00-04:00,60.63759994506836,61.34000015258789,60.220001220703125,61.119998931884766,25958,0.0,0.0
2024-10-11 11:30:00-04:00,60.939998626708984,61.30500030517578,60.939998626708984,61.04999923706055,4174,0.0,0.0
2024-10-11 12:30:00-04:00,60.939998626708984,61.34000015258789,60.939998626708984,61.189998626708984,16910,0.0,0.0
2024-10-11 13:30:00-04:00,61.20009994506836,61.31999969482422,60.98540115356445,61.209999084472656,8867,0.0,0.0
2024-10-11 14:30:00-04:00,61.23500061035156,61.290000915527344,61.02000045776367,61.02000045776367,6336,0.0,0.0
2024-10-11 15:30:00-04:00,61.09000015258789,61.349998474121094,61.09000015258789,61.2599983215332,11484,0.0,0.0
