Datetime,Open,High,Low,Close,Volume,Dividends,Stock Splits,Capital Gains
2022-10-13 09:30:00-04:00,49.810001373291016,50.65999984741211,49.810001373291016,50.61000061035156,5250,0.0,0.0,0.0
2022-10-13 10:30:00-04:00,50.65999984741211,51.869998931884766,50.30500030517578,51.869998931884766,2367,0.0,0.0,0.0
2022-10-13 11:30:00-04:00,50.939998626708984,52.024898529052734,50.939998626708984,51.57379913330078,2990,0.0,0.0,0.0
2022-10-13 12:30:00-04:00,52.024898529052734,52.34000015258789,51.57379913330078,52.34000015258789,4938,0.0,0.0,0.0
2022-10-13 13:30:00-04:00,52.02000045776367,52.45000076293945,51.98379898071289,52.25,3630,0.0,0.0,0.0
2022-10-13 14:30:00-04:00,52.22999954223633,52.36000061035156,52.20000076293945,52.36000061035156,2769,0.0,0.0,0.0
2022-10-13 15:30:00-04:00,52.314998626708984,52.36000061035156,52.0,52.13999938964844,5733,0.0,0.0,0.0
2022-10-14 09:30:00-04:00,52.38999938964844,52.38999938964844,50.974998474121094,50.974998474121094,5576,0.0,0.0,0.0
2022-10-14 10:30:00-04:00,51.209999084472656,51.209999084472656,50.56010055541992,50.56010055541992,4452,0.0,0.0,0.0
2022-10-14 11:30:00-04:00,50.88999938964844,50.91999816894531,50.2400016784668,50.2400016784668,3859,0.0,0.0,0.0
2022-10-14 12:30:00-04:00,50.2400016784668,50.474998474121094,50.21049880981445,50.310001373291016,5133,0.0,0.0,0.0
2022-10-14 13:30:00-04:00,50.02000045776367,50.02000045776367,49.93000030517578,49.959999084472656,25788,0.0,0.0,0.0
2022-10-14 14:30:00-04:00,50.163700103759766,50.163700103759766,49.89870071411133,49.89870071411133,1455,0.0,0.0,0.0
2022-10-14 15:30:00-04:00,50.163700103759766,50.163700103759766,49.89870071411133,49.970001220703125,5393,0.0,0.0,0.0
2022-10-17 09:30:00-04:00,51.16999816894531,51.65489959716797,51.16999816894531,51.56999969482422,3698,0.0,0.0,0.0
2022-10-17 10:30:00-04:00,51.70000076293945,51.70000076293945,51.36000061035156,51.40999984741211,2601,0.0,0.0,0.0
2022-10-17 11:30:00-04:00,51.5,51.650001525878906,51.5,51.540000915527344,2063,0.0,0.0,0.0
2022-10-17 12:30:00-04:00,51.56999969482422,51.61000061035156,51.290000915527344,51.349998474121094,3052,0.0,0.0,0.0
2022-10-17 13:30:00-04:00,51.310001373291016,51.349998474121094,51.099998474121094,51.119998931884766,1684,0.0,0.0,0.0
2022-10-17 14:30:00-04:00,51.11000061035156,51.36000061035156,51.11000061035156,51.279998779296875,1546,0.0,0.0,0.0
2022-10-17 15:30:00-04:00,51.380001068115234,51.400001525878906,51.310001373291016,51.31999969482422,5335,0.0,0.0,0.0
2022-10-18 09:30:00-04:00,52.470001220703125,52.630001068115234,51.720001220703125,51.720001220703125,5113,0.0,0.0,0.0
2022-10-18 10:30:00-04:00,52.150001525878906,52.150001525878906,51.31999969482422,51.400001525878906,3808,0.0,0.0,0.0
2022-10-18 11:30:00-04:00,51.7400016784668,51.849998474121094,51.31999969482422,51.70000076293945,7899,0.0,0.0,0.0
2022-10-18 12:30:00-04:00,51.63999938964844,52.007999420166016,51.63999938964844,51.849998474121094,3630,0.0,0.0,0.0
2022-10-18 13:30:00-04:00,51.849998474121094,52.099998474121094,51.77000045776367,51.93000030517578,2792,0.0,0.0,0.0
2022-10-18 14:30:00-04:00,52.0,52.04999923706055,51.650001525878906,51.869998931884766,4283,0.0,0.0,0.0
2022-10-18 15:30:00-04:00,51.65999984741211,52.060001373291016,51.65999984741211,52.060001373291016,13829,0.0,0.0,0.0
2022-10-19 09:30:00-04:00,51.869998931884766,51.869998931884766,51.68000030517578,51.85409927368164,9150,0.0,0.0,0.0
2022-10-19 10:30:00-04:00,51.7599983215332,51.85409927368164,51.51179885864258,51.52000045776367,3164,0.0,0.0,0.0
2022-10-19 11:30:00-04:00,51.51179885864258,51.614200592041016,51.445499420166016,51.445499420166016,3644,0.0,0.0,0.0
2022-10-19 12:30:00-04:00,51.2599983215332,51.2599983215332,51.2599983215332,51.2599983215332,644,0.0,0.0,0.0
2022-10-19 13:30:00-04:00,51.31999969482422,51.31999969482422,51.31999969482422,51.31999969482422,200,0.0,0.0,0.0
2022-10-19 14:30:00-04:00,51.31999969482422,51.31999969482422,51.15999984741211,51.20000076293945,1746,0.0,0.0,0.0
2022-10-19 15:30:00-04:00,51.29999923706055,51.349998474121094,51.290000915527344,51.33000183105469,2632,0.0,0.0,0.0
2022-10-20 09:30:00-04:00,51.0,51.029998779296875,51.0,51.029998779296875,2000,0.0,0.0,0.0
2022-10-20 10:30:00-04:00,52.79999923706055,53.21110153198242,52.75,52.81999969482422,6483,0.0,0.0,0.0
2022-10-20 11:30:00-04:00,53.13999938964844,53.13999938964844,52.54999923706055,52.6244010925293,12244,0.0,0.0,0.0
2022-10-20 12:30:00-04:00,52.75,52.75,52.2400016784668,52.2400016784668,5545,0.0,0.0,0.0
2022-10-20 13:30:00-04:00,52.448699951171875,52.448699951171875,52.1150016784668,52.160099029541016,3683,0.0,0.0,0.0
2022-10-20 14:30:00-04:00,52.189998626708984,52.290000915527344,52.1150016784668,52.264198303222656,1725,0.0,0.0,0.0
2022-10-20 15:30:00-04:00,52.290000915527344,52.290000915527344,52.04999923706055,52.119998931884766,8870,0.0,0.0,0.0
2022-10-21 09:30:00-04:00,52.099998474121094,53.65380096435547,52.099998474121094,53.22439956665039,1352,0.0,0.0,0.0
2022-10-21 10:30:00-04:00,53.65380096435547,53.65380096435547,53.078399658203125,53.380001068115234,8010,0.0,0.0,0.0
2022-10-21 11:30:00-04:00,53.72999954223633,54.01750183105469,53.529998779296875,53.66999816894531,8014,0.0,0.0,0.0
2022-10-21 12:30:00-04:00,53.99340057373047,54.04999923706055,53.66999816894531,54.04999923706055,6986,0.0,0.0,0.0
2022-10-21 13:30:00-04:00,54.029998779296875,54.572898864746094,54.029998779296875,54.45399856567383,16276,0.0,0.0,0.0
2022-10-21 14:30:00-04:00,54.349998474121094,55.11000061035156,54.349998474121094,55.09000015258789,17522,0.0,0.0,0.0
2022-10-21 15:30:00-04:00,54.540000915527344,55.11000061035156,54.540000915527344,54.91999816894531,20050,0.0,0.0,0.0
2022-10-24 09:30:00-04:00,54.40999984741211,54.40999984741211,53.55500030517578,53.560001373291016,5937,0.0,0.0,0.0
2022-10-24 10:30:00-04:00,53.84000015258789,54.04999923706055,53.79999923706055,53.88999938964844,4898,0.0,0.0,0.0
2022-10-24 11:30:00-04:00,53.75,53.9900016784668,53.75,53.97169876098633,2830,0.0,0.0,0.0
2022-10-24 13:30:00-04:00,53.54999923706055,53.56999969482422,53.54999923706055,53.56999969482422,628,0.0,0.0,0.0
2022-10-24 14:30:00-04:00,53.58000183105469,53.67499923706055,53.58000183105469,53.67499923706055,866,0.0,0.0,0.0
2022-10-24 15:30:00-04:00,53.650001525878906,53.720001220703125,53.650001525878906,53.689998626708984,4885,0.0,0.0,0.0
2022-10-25 09:30:00-04:00,53.02000045776367,53.5099983215332,52.77000045776367,53.380001068115234,8395,0.0,0.0,0.0
2022-10-25 10:30:00-04:00,53.599998474121094,53.654998779296875,53.599998474121094,53.654998779296875,1148,0.0,0.0,0.0
2022-10-25 11:30:00-04:00,53.95289993286133,53.96500015258789,53.937400817871094,53.96500015258789,2076,0.0,0.0,0.0
2022-10-25 13:30:00-04:00,53.63999938964844,53.747398376464844,53.63999938964844,53.747398376464844,752,0.0,0.0,0.0
2022-10-25 14:30:00-04:00,53.619998931884766,53.724998474121094,53.599998474121094,53.724998474121094,382,0.0,0.0,0.0
2022-10-25 15:30:00-04:00,53.810001373291016,53.810001373291016,53.790000915527344,53.79999923706055,569,0.0,0.0,0.0
2022-10-26 09:30:00-04:00,54.09000015258789,54.61000061035156,53.790000915527344,54.61000061035156,13032,0.0,0.0,0.0
2022-10-26 10:30:00-04:00,54.15999984741211,55.15999984741211,54.02000045776367,55.15999984741211,11950,0.0,0.0,0.0
2022-10-26 11:30:00-04:00,54.5099983215332,55.470001220703125,54.5099983215332,55.470001220703125,14067,0.0,0.0,0.0
2022-10-26 12:30:00-04:00,55.16999816894531,55.58000183105469,54.83000183105469,54.83000183105469,7279,0.0,0.0,0.0
2022-10-26 13:30:00-04:00,54.89500045776367,55.11000061035156,54.749900817871094,54.86000061035156,46858,0.0,0.0,0.0
2022-10-26 14:30:00-04:00,55.11000061035156,55.11000061035156,54.5,54.5,14357,0.0,0.0,0.0
2022-10-26 15:30:00-04:00,54.63999938964844,54.70000076293945,54.5,54.59000015258789,16111,0.0,0.0,0.0
2022-10-27 09:30:00-04:00,54.369998931884766,54.369998931884766,53.630001068115234,54.06999969482422,6826,0.0,0.0,0.0
2022-10-27 10:30:00-04:00,54.099998474121094,54.11650085449219,53.68000030517578,54.09000015258789,4146,0.0,0.0,0.0
2022-10-27 12:30:00-04:00,53.939998626708984,54.2599983215332,53.939998626708984,54.18000030517578,2552,0.0,0.0,0.0
2022-10-27 13:30:00-04:00,54.099998474121094,54.279998779296875,54.099998474121094,54.279998779296875,2902,0.0,0.0,0.0
2022-10-27 14:30:00-04:00,54.060001373291016,54.060001373291016,53.79999923706055,53.94649887084961,2269,0.0,0.0,0.0
2022-10-27 15:30:00-04:00,53.79999923706055,54.08000183105469,53.79999923706055,53.959999084472656,25195,0.0,0.0,0.0
2022-10-28 09:30:00-04:00,53.2400016784668,53.2400016784668,52.08000183105469,52.33000183105469,9463,0.0,0.0,0.0
2022-10-28 10:30:00-04:00,53.119998931884766,53.119998931884766,51.95000076293945,52.209999084472656,9198,0.0,0.0,0.0
2022-10-28 11:30:00-04:00,52.20000076293945,52.34000015258789,52.09000015258789,52.34000015258789,10623,0.0,0.0,0.0
2022-10-28 12:30:00-04:00,52.09000015258789,52.505001068115234,52.09000015258789,52.439998626708984,8668,0.0,0.0,0.0
2022-10-28 13:30:00-04:00,52.505001068115234,52.59049987792969,52.439998626708984,52.54499816894531,14600,0.0,0.0,0.0
2022-10-28 14:30:00-04:00,52.54999923706055,52.61370086669922,52.54999923706055,52.61370086669922,824,0.0,0.0,0.0
2022-10-28 15:30:00-04:00,52.54999923706055,52.689998626708984,52.54999923706055,52.689998626708984,4518,0.0,0.0,0.0
2022-10-31 09:30:00-04:00,52.279998779296875,53.29999923706055,52.279998779296875,53.29999923706055,2729,0.0,0.0,0.0
2022-10-31 10:30:00-04:00,52.95000076293945,52.95000076293945,52.95000076293945,52.95000076293945,100,0.0,0.0,0.0
2022-10-31 11:30:00-04:00,52.808998107910156,52.88999938964844,52.709999084472656,52.72999954223633,3413,0.0,0.0,0.0
2022-10-31 12:30:00-04:00,52.66999816894531,52.66999816894531,52.66999816894531,52.66999816894531,555,0.0,0.0,0.0
2022-10-31 13:30:00-04:00,53.119998931884766,53.150001525878906,53.119998931884766,53.150001525878906,375,0.0,0.0,0.0
2022-10-31 14:30:00-04:00,53.119998931884766,53.220001220703125,53.119998931884766,53.15999984741211,504,0.0,0.0,0.0
2022-10-31 15:30:00-04:00,53.27000045776367,53.27000045776367,53.08000183105469,53.150001525878906,1388,0.0,0.0,0.0
2022-11-01 09:30:00-04:00,54.31999969482422,54.68000030517578,53.77000045776367,53.83000183105469,5165,0.0,0.0,0.0
2022-11-01 10:30:00-04:00,53.900001525878906,54.26499938964844,53.77000045776367,54.26499938964844,5144,0.0,0.0,0.0
2022-11-01 11:30:00-04:00,53.95000076293945,54.41999816894531,53.95000076293945,54.380001068115234,7825,0.0,0.0,0.0
2022-11-01 12:30:00-04:00,54.529998779296875,54.54999923706055,54.529998779296875,54.54999923706055,585,0.0,0.0,0.0
2022-11-01 13:30:00-04:00,54.529998779296875,54.589900970458984,54.529998779296875,54.589900970458984,1539,0.0,0.0,0.0
2022-11-01 14:30:00-04:00,54.4911994934082,54.5,54.45000076293945,54.49959945678711,3797,0.0,0.0,0.0
2022-11-01 15:30:00-04:00,54.4900016784668,54.54499816894531,54.43000030517578,54.47999954223633,2803,0.0,0.0,0.0
2022-11-02 09:30:00-04:00,53.84000015258789,53.84000015258789,53.06399917602539,53.06399917602539,1504,0.0,0.0,0.0
2022-11-02 10:30:00-04:00,53.11000061035156,53.244998931884766,52.75,53.244998931884766,3290,0.0,0.0,0.0
2022-11-02 11:30:00-04:00,53.13710021972656,53.32500076293945,53.04999923706055,53.04999923706055,1230,0.0,0.0,0.0
2022-11-02 12:30:00-04:00,53.04999923706055,53.11000061035156,52.849998474121094,52.849998474121094,3269,0.0,0.0,0.0
2022-11-02 13:30:00-04:00,53.11000061035156,53.880001068115234,52.849998474121094,53.880001068115234,11827,0.0,0.0,0.0
2022-11-02 14:30:00-04:00,53.08000183105469,54.040000915527344,52.02000045776367,52.084999084472656,23240,0.0,0.0,0.0
2022-11-02 15:30:00-04:00,52.72999954223633,53.06999969482422,51.880001068115234,51.880001068115234,15842,0.0,0.0,0.0
2022-11-03 09:30:00-04:00,51.599998474121094,52.2400016784668,51.54999923706055,52.040000915527344,5368,0.0,0.0,0.0
2022-11-03 10:30:00-04:00,51.54999923706055,52.38999938964844,51.54999923706055,52.349998474121094,12813,0.0,0.0,0.0
2022-11-03 11:30:00-04:00,52.26499938964844,52.4900016784668,52.26499938964844,52.4900016784668,1409,0.0,0.0,0.0
2022-11-03 12:30:00-04:00,52.47999954223633,52.63999938964844,52.47999954223633,52.63999938964844,1250,0.0,0.0,0.0
2022-11-03 13:30:00-04:00,52.490699768066406,52.58000183105469,52.490699768066406,52.58000183105469,12872,0.0,0.0,0.0
2022-11-03 14:30:00-04:00,52.490699768066406,52.7400016784668,52.490699768066406,52.66999816894531,20521,0.0,0.0,0.0
2022-11-03 15:30:00-04:00,52.65999984741211,52.81999969482422,52.61000061035156,52.709999084472656,16591,0.0,0.0,0.0
2022-11-04 09:30:00-04:00,54.9900016784668,56.33000183105469,54.9900016784668,56.33000183105469,11109,0.0,0.0,0.0
2022-11-04 10:30:00-04:00,56.5,56.5099983215332,56.09000015258789,56.150001525878906,4567,0.0,0.0,0.0
2022-11-04 11:30:00-04:00,56.04999923706055,56.04999923706055,55.244998931884766,55.65999984741211,42683,0.0,0.0,0.0
2022-11-04 12:30:00-04:00,55.63999938964844,55.9900016784668,55.470001220703125,55.9900016784668,4602,0.0,0.0,0.0
2022-11-04 13:30:00-04:00,56.0099983215332,56.43000030517578,55.98619842529297,56.43000030517578,8982,0.0,0.0,0.0
2022-11-04 14:30:00-04:00,56.439998626708984,56.86000061035156,56.439998626708984,56.540000915527344,6201,0.0,0.0,0.0
2022-11-04 15:30:00-04:00,56.54999923706055,56.95000076293945,56.54999923706055,56.95000076293945,5158,0.0,0.0,0.0
2022-11-07 09:30:00-05:00,56.2599983215332,56.2599983215332,55.349998474121094,55.59239959716797,9793,0.0,0.0,0.0
2022-11-07 10:30:00-05:00,55.560001373291016,55.790000915527344,55.560001373291016,55.790000915527344,2969,0.0,0.0,0.0
2022-11-07 11:30:00-05:00,55.779998779296875,55.86000061035156,55.56999969482422,55.7494010925293,3263,0.0,0.0,0.0
2022-11-07 12:30:00-05:00,55.7599983215332,55.7599983215332,55.689998626708984,55.689998626708984,1088,0.0,0.0,0.0
2022-11-07 13:30:00-05:00,55.9203987121582,55.9203987121582,55.84000015258789,55.84000015258789,727,0.0,0.0,0.0
2022-11-07 14:30:00-05:00,55.610599517822266,55.70000076293945,55.599998474121094,55.68000030517578,3942,0.0,0.0,0.0
2022-11-07 15:30:00-05:00,55.70000076293945,55.720001220703125,55.56999969482422,55.68000030517578,10763,0.0,0.0,0.0
2022-11-08 09:30:00-05:00,56.689998626708984,56.689998626708984,55.709999084472656,56.065101623535156,6057,0.0,0.0,0.0
2022-11-08 10:30:00-05:00,56.599998474121094,57.029998779296875,56.59000015258789,57.029998779296875,3381,0.0,0.0,0.0
2022-11-08 11:30:00-05:00,56.89310073852539,56.95640182495117,56.89310073852539,56.95640182495117,1327,0.0,0.0,0.0
2022-11-08 12:30:00-05:00,56.7599983215332,56.779998779296875,56.7599983215332,56.779998779296875,796,0.0,0.0,0.0
2022-11-08 13:30:00-05:00,56.505001068115234,56.505001068115234,55.96379852294922,55.96379852294922,794,0.0,0.0,0.0
2022-11-08 14:30:00-05:00,55.689998626708984,55.689998626708984,55.689998626708984,55.689998626708984,468,0.0,0.0,0.0
2022-11-08 15:30:00-05:00,56.689998626708984,56.70000076293945,56.40999984741211,56.439998626708984,2795,0.0,0.0,0.0
2022-11-09 09:30:00-05:00,56.099998474121094,56.64149856567383,56.09000015258789,56.61830139160156,3877,0.0,0.0,0.0
2022-11-09 11:30:00-05:00,56.190101623535156,56.22999954223633,55.97949981689453,55.97949981689453,2343,0.0,0.0,0.0
2022-11-09 12:30:00-05:00,55.5,55.5,55.5,55.5,216,0.0,0.0,0.0
2022-11-09 13:30:00-05:00,55.36000061035156,55.369998931884766,55.220001220703125,55.220001220703125,722,0.0,0.0,0.0
2022-11-09 14:30:00-05:00,55.0,55.060001373291016,55.0,55.060001373291016,776,0.0,0.0,0.0
2022-11-09 15:30:00-05:00,55.04999923706055,55.08000183105469,54.84000015258789,55.0,7460,0.0,0.0,0.0
2022-11-10 09:30:00-05:00,56.869998931884766,56.869998931884766,55.83000183105469,56.47999954223633,2822,0.0,0.0,0.0
2022-11-10 10:30:00-05:00,56.310001373291016,56.599998474121094,56.310001373291016,56.599998474121094,2443,0.0,0.0,0.0
2022-11-10 11:30:00-05:00,56.79999923706055,56.82550048828125,56.5099983215332,56.5099983215332,1347,0.0,0.0,0.0
2022-11-10 14:30:00-05:00,56.560001373291016,56.560001373291016,56.560001373291016,56.560001373291016,707,0.0,0.0,0.0
2022-11-10 15:30:00-05:00,56.65999984741211,56.720001220703125,56.65999984741211,56.720001220703125,1096,0.0,0.0,0.0
2022-11-11 09:30:00-05:00,57.97999954223633,60.0,57.97999954223633,59.98500061035156,17691,0.0,0.0,0.0
2022-11-11 10:30:00-05:00,59.809898376464844,59.810001373291016,59.09040069580078,59.09040069580078,2386,0.0,0.0,0.0
2022-11-11 11:30:00-05:00,59.04999923706055,59.09000015258789,59.0,59.0,1571,0.0,0.0,0.0
2022-11-11 12:30:00-05:00,59.16999816894531,59.16999816894531,59.040000915527344,59.167198181152344,2435,0.0,0.0,0.0
2022-11-11 13:30:00-05:00,59.2599983215332,59.2599983215332,59.08000183105469,59.150001525878906,4448,0.0,0.0,0.0
2022-11-11 14:30:00-05:00,59.364498138427734,59.380001068115234,59.0099983215332,59.130001068115234,3014,0.0,0.0,0.0
2022-11-11 15:30:00-05:00,59.028099060058594,59.27000045776367,59.028099060058594,59.04999923706055,5161,0.0,0.0,0.0
2022-11-14 09:30:00-05:00,58.5,60.0,58.4900016784668,60.0,12467,0.0,0.0,0.0
2022-11-14 10:30:00-05:00,59.84000015258789,60.099998474121094,59.69499969482422,59.69499969482422,1681,0.0,0.0,0.0
2022-11-14 11:30:00-05:00,59.91999816894531,59.91999816894531,59.56999969482422,59.70000076293945,7284,0.0,0.0,0.0
2022-11-14 12:30:00-05:00,59.76490020751953,59.90999984741211,59.650001525878906,59.90999984741211,1398,0.0,0.0,0.0
2022-11-14 13:30:00-05:00,60.11000061035156,60.220001220703125,60.099998474121094,60.13999938964844,3753,0.0,0.0,0.0
2022-11-14 14:30:00-05:00,60.130001068115234,60.310001373291016,60.1150016784668,60.1150016784668,4860,0.0,0.0,0.0
2022-11-14 15:30:00-05:00,60.06999969482422,60.06999969482422,59.72999954223633,59.779998779296875,5031,0.0,0.0,0.0
2022-11-15 09:30:00-05:00,60.939998626708984,60.939998626708984,60.13999938964844,60.71269989013672,8530,0.0,0.0,0.0
2022-11-15 10:30:00-05:00,60.566200256347656,60.619998931884766,60.40999984741211,60.496700286865234,1329,0.0,0.0,0.0
2022-11-15 11:30:00-05:00,60.41999816894531,60.73149871826172,60.41999816894531,60.73149871826172,1334,0.0,0.0,0.0
2022-11-15 12:30:00-05:00,60.665000915527344,60.665000915527344,60.41999816894531,60.41999816894531,902,0.0,0.0,0.0
2022-11-15 13:30:00-05:00,60.02000045776367,60.34000015258789,59.94499969482422,60.28559875488281,2103,0.0,0.0,0.0
2022-11-15 14:30:00-05:00,60.27000045776367,60.31999969482422,60.10499954223633,60.31999969482422,4605,0.0,0.0,0.0
2022-11-15 15:30:00-05:00,60.189998626708984,60.349998474121094,60.119998931884766,60.27000045776367,2966,0.0,0.0,0.0
2022-11-16 09:30:00-05:00,59.20000076293945,59.66999816894531,59.20000076293945,59.23500061035156,7262,0.0,0.0,0.0
2022-11-16 10:30:00-05:00,59.209999084472656,59.22999954223633,59.00379943847656,59.209999084472656,1580,0.0,0.0,0.0
2022-11-16 11:30:00-05:00,59.0,59.20000076293945,58.94599914550781,58.94599914550781,2231,0.0,0.0,0.0
2022-11-16 12:30:00-05:00,59.13999938964844,59.13999938964844,58.98500061035156,58.98500061035156,4416,0.0,0.0,0.0
2022-11-16 13:30:00-05:00,58.9390983581543,58.9900016784668,58.848201751708984,58.9900016784668,1384,0.0,0.0,0.0
2022-11-16 15:30:00-05:00,59.22999954223633,59.2400016784668,59.09000015258789,59.13999938964844,2304,0.0,0.0,0.0
2022-11-17 09:30:00-05:00,58.4900016784668,58.4900016784668,57.56999969482422,58.22999954223633,4901,0.0,0.0,0.0
2022-11-17 10:30:00-05:00,58.130001068115234,58.130001068115234,57.93009948730469,57.93009948730469,639,0.0,0.0,0.0
2022-11-17 11:30:00-05:00,58.0099983215332,58.40999984741211,57.98500061035156,58.40999984741211,2086,0.0,0.0,0.0
2022-11-17 12:30:00-05:00,58.220001220703125,58.7400016784668,58.220001220703125,58.560001373291016,2497,0.0,0.0,0.0
2022-11-17 13:30:00-05:00,58.5,58.650001525878906,58.400001525878906,58.54999923706055,2015,0.0,0.0,0.0
2022-11-17 14:30:00-05:00,58.61000061035156,58.83000183105469,58.56999969482422,58.64500045776367,2142,0.0,0.0,0.0
2022-11-17 15:30:00-05:00,58.575599670410156,59.11000061035156,58.575599670410156,59.099998474121094,3820,0.0,0.0,0.0
2022-11-18 09:30:00-05:00,59.119998931884766,59.38999938964844,58.630001068115234,58.81999969482422,2182,0.0,0.0,0.0
2022-11-18 10:30:00-05:00,58.89500045776367,59.02000045776367,58.89500045776367,58.959999084472656,1270,0.0,0.0,0.0
2022-11-18 11:30:00-05:00,58.93000030517578,58.959999084472656,58.5099983215332,58.5099983215332,1942,0.0,0.0,0.0
2022-11-18 12:30:00-05:00,58.5099983215332,58.5099983215332,58.403099060058594,58.5,2756,0.0,0.0,0.0
2022-11-18 13:30:00-05:00,58.459999084472656,58.5,58.41999816894531,58.4900016784668,5226,0.0,0.0,0.0
2022-11-18 14:30:00-05:00,58.5015983581543,58.619998931884766,58.5015983581543,58.619998931884766,1333,0.0,0.0,0.0
2022-11-18 15:30:00-05:00,58.5015983581543,58.845001220703125,58.5015983581543,58.83000183105469,9913,0.0,0.0,0.0
2022-11-21 09:30:00-05:00,57.810001373291016,57.86000061035156,57.709999084472656,57.79999923706055,4061,0.0,0.0,0.0
2022-11-21 10:30:00-05:00,57.625,57.849998474121094,57.625,57.849998474121094,6373,0.0,0.0,0.0
2022-11-21 11:30:00-05:00,58.11000061035156,58.130001068115234,58.11000061035156,58.130001068115234,1461,0.0,0.0,0.0
2022-11-21 12:30:00-05:00,58.83000183105469,58.83000183105469,58.83000183105469,58.83000183105469,328,0.0,0.0,0.0
2022-11-21 13:30:00-05:00,59.16999816894531,59.209999084472656,59.16999816894531,59.20000076293945,876,0.0,0.0,0.0
2022-11-21 14:30:00-05:00,59.209999084472656,59.28839874267578,59.08000183105469,59.119998931884766,1045,0.0,0.0,0.0
2022-11-21 15:30:00-05:00,59.19960021972656,59.290000915527344,59.189998626708984,59.290000915527344,2548,0.0,0.0,0.0
2022-11-22 09:30:00-05:00,59.869998931884766,60.6150016784668,59.869998931884766,60.6150016784668,5544,0.0,0.0,0.0
2022-11-22 10:30:00-05:00,60.599998474121094,60.599998474121094,60.04899978637695,60.04899978637695,2758,0.0,0.0,0.0
2022-11-22 11:30:00-05:00,60.040000915527344,60.19490051269531,60.0099983215332,60.19490051269531,1085,0.0,0.0,0.0
2022-11-22 12:30:00-05:00,60.150001525878906,60.41299819946289,60.150001525878906,60.38710021972656,1664,0.0,0.0,0.0
2022-11-22 13:30:00-05:00,60.42850112915039,60.42850112915039,60.2599983215332,60.2599983215332,9515,0.0,0.0,0.0
2022-11-22 14:30:00-05:00,60.150001525878906,60.2400016784668,60.08000183105469,60.2400016784668,6534,0.0,0.0,0.0
2022-11-22 15:30:00-05:00,60.37950134277344,60.52000045776367,60.37950134277344,60.494998931884766,1344,0.0,0.0,0.0
2022-11-23 09:30:00-05:00,60.529998779296875,60.529998779296875,60.00600051879883,60.04999923706055,5701,0.0,0.0,0.0
2022-11-23 10:30:00-05:00,60.189998626708984,60.189998626708984,59.95000076293945,59.95000076293945,2233,0.0,0.0,0.0
2022-11-23 11:30:00-05:00,60.0099983215332,60.040000915527344,59.939998626708984,59.939998626708984,2465,0.0,0.0,0.0
2022-11-23 12:30:00-05:00,59.939998626708984,59.939998626708984,59.81999969482422,59.86009979248047,4080,0.0,0.0,0.0
2022-11-23 13:30:00-05:00,59.9010009765625,60.265499114990234,59.86009979248047,60.265499114990234,5337,0.0,0.0,0.0
2022-11-23 14:30:00-05:00,60.08000183105469,60.5099983215332,60.08000183105469,60.5,3641,0.0,0.0,0.0
2022-11-23 15:30:00-05:00,60.5099983215332,60.599998474121094,60.4900016784668,60.5,6484,0.0,0.0,0.0
2022-11-25 09:30:00-05:00,60.4900016784668,61.0,60.4900016784668,60.85499954223633,3245,0.0,0.0,0.0
2022-11-25 10:30:00-05:00,60.72719955444336,60.810001373291016,60.72719955444336,60.79999923706055,615,0.0,0.0,0.0
2022-11-25 11:30:00-05:00,60.529998779296875,60.560001373291016,60.529998779296875,60.544700622558594,675,0.0,0.0,0.0
2022-11-28 09:30:00-05:00,59.650001525878906,60.369998931884766,59.63999938964844,60.25,5394,0.0,0.0,0.0
2022-11-28 10:30:00-05:00,60.22549819946289,60.22549819946289,60.22549819946289,60.22549819946289,572,0.0,0.0,0.0
2022-11-28 11:30:00-05:00,59.9718017578125,59.9718017578125,59.9718017578125,59.9718017578125,462,0.0,0.0,0.0
2022-11-28 13:30:00-05:00,59.4900016784668,59.49810028076172,59.436798095703125,59.49810028076172,1523,0.0,0.0,0.0
2022-11-28 14:30:00-05:00,59.5,59.5,59.250999450683594,59.27159881591797,3937,0.0,0.0,0.0
2022-11-28 15:30:00-05:00,59.31999969482422,59.53160095214844,59.290000915527344,59.46689987182617,1735,0.0,0.0,0.0
2022-11-29 09:30:00-05:00,60.11000061035156,61.31999969482422,60.11000061035156,61.220001220703125,8149,0.0,0.0,0.0
2022-11-29 10:30:00-05:00,61.31999969482422,61.530601501464844,61.105201721191406,61.105201721191406,4921,0.0,0.0,0.0
2022-11-29 11:30:00-05:00,61.25,61.27000045776367,61.22999954223633,61.22999954223633,3016,0.0,0.0,0.0
2022-11-29 12:30:00-05:00,61.25,61.310001373291016,61.22999954223633,61.23500061035156,6796,0.0,0.0,0.0
2022-11-29 14:30:00-05:00,61.097999572753906,61.097999572753906,61.05080032348633,61.05080032348633,1438,0.0,0.0,0.0
2022-11-29 15:30:00-05:00,61.05080032348633,61.20000076293945,61.05080032348633,61.20000076293945,5352,0.0,0.0,0.0
2022-11-30 09:30:00-05:00,61.31999969482422,61.70000076293945,61.25,61.38999938964844,53701,0.0,0.0,0.0
2022-11-30 10:30:00-05:00,61.470001220703125,61.75,61.34000015258789,61.75,50470,0.0,0.0,0.0
2022-11-30 11:30:00-05:00,61.41999816894531,61.75,61.11000061035156,61.25,51615,0.0,0.0,0.0
2022-11-30 12:30:00-05:00,61.459999084472656,61.48500061035156,61.040000915527344,61.209999084472656,36754,0.0,0.0,0.0
2022-11-30 13:30:00-05:00,61.150001525878906,62.40999984741211,61.04999923706055,62.27000045776367,39916,0.0,0.0,0.0
2022-11-30 14:30:00-05:00,61.9900016784668,62.47999954223633,61.9900016784668,62.38999938964844,47490,0.0,0.0,0.0
2022-11-30 15:30:00-05:00,62.22999954223633,62.59000015258789,62.22999954223633,62.59000015258789,95592,0.0,0.0,0.0
2022-12-01 09:30:00-05:00,63.119998931884766,63.119998931884766,62.11000061035156,62.169898986816406,19857,0.0,0.0,0.0
2022-12-01 10:30:00-05:00,62.06840133666992,62.34000015258789,62.02450180053711,62.32500076293945,5010,0.0,0.0,0.0
2022-12-01 11:30:00-05:00,62.36000061035156,62.400001525878906,62.084999084472656,62.084999084472656,1045,0.0,0.0,0.0
2022-12-01 12:30:00-05:00,62.439998626708984,62.5,62.380001068115234,62.5,1033,0.0,0.0,0.0
2022-12-01 13:30:00-05:00,62.189998626708984,62.189998626708984,62.189998626708984,62.189998626708984,155,0.0,0.0,0.0
2022-12-01 14:30:00-05:00,62.150001525878906,62.290000915527344,62.150001525878906,62.22999954223633,11897,0.0,0.0,0.0
2022-12-01 15:30:00-05:00,62.2400016784668,62.380001068115234,62.2400016784668,62.290000915527344,6433,0.0,0.0,0.0
2022-12-02 09:30:00-05:00,61.619998931884766,62.8650016784668,61.619998931884766,62.779998779296875,4302,0.0,0.0,0.0
2022-12-02 10:30:00-05:00,62.722198486328125,62.93000030517578,62.687198638916016,62.93000030517578,927,0.0,0.0,0.0
2022-12-02 11:30:00-05:00,63.0,63.27989959716797,63.0,63.2599983215332,8119,0.0,0.0,0.0
2022-12-02 12:30:00-05:00,63.119998931884766,63.20000076293945,63.04499816894531,63.04499816894531,1538,0.0,0.0,0.0
2022-12-02 13:30:00-05:00,63.13999938964844,63.1416015625,63.119998931884766,63.119998931884766,2114,0.0,0.0,0.0
2022-12-02 14:30:00-05:00,63.46480178833008,63.470001220703125,63.349998474121094,63.349998474121094,3111,0.0,0.0,0.0
2022-12-02 15:30:00-05:00,63.38999938964844,63.47999954223633,63.345001220703125,63.459999084472656,11780,0.0,0.0,0.0
2022-12-05 09:30:00-05:00,63.619998931884766,63.665000915527344,62.915000915527344,63.03499984741211,5603,0.0,0.0,0.0
2022-12-05 10:30:00-05:00,62.869998931884766,62.869998931884766,62.48500061035156,62.48500061035156,3358,0.0,0.0,0.0
2022-12-05 11:30:00-05:00,62.45000076293945,62.599998474121094,62.40999984741211,62.52000045776367,79044,0.0,0.0,0.0
2022-12-05 12:30:00-05:00,62.44499969482422,62.4900016784668,62.44499969482422,62.4900016784668,933,0.0,0.0,0.0
2022-12-05 13:30:00-05:00,62.25,62.28990173339844,62.04999923706055,62.084999084472656,7812,0.0,0.0,0.0
2022-12-05 14:30:00-05:00,62.06999969482422,62.33000183105469,61.98500061035156,62.0453987121582,29964,0.0,0.0,0.0
2022-12-05 15:30:00-05:00,62.0453987121582,62.130001068115234,61.97999954223633,61.9900016784668,4518,0.0,0.0,0.0
2022-12-06 09:30:00-05:00,62.09000015258789,63.09000015258789,62.09000015258789,62.83000183105469,4053,0.0,0.0,0.0
2022-12-06 10:30:00-05:00,62.83000183105469,62.900001525878906,62.5,62.83000183105469,23406,0.0,0.0,0.0
2022-12-06 11:30:00-05:00,62.959999084472656,62.959999084472656,62.650001525878906,62.6875,2042,0.0,0.0,0.0
2022-12-06 12:30:00-05:00,62.560001373291016,62.744998931884766,62.28499984741211,62.34000015258789,3847,0.0,0.0,0.0
2022-12-06 13:30:00-05:00,62.2400016784668,62.38999938964844,62.029998779296875,62.27000045776367,56251,0.0,0.0,0.0
2022-12-06 14:30:00-05:00,62.25,62.529998779296875,62.15999984741211,62.380001068115234,2901,0.0,0.0,0.0
2022-12-06 15:30:00-05:00,62.5,62.810001373291016,62.435001373291016,62.79999923706055,6553,0.0,0.0,0.0
2022-12-07 09:30:00-05:00,62.939998626708984,62.939998626708984,62.310001373291016,62.75,5686,0.0,0.0,0.0
2022-12-07 10:30:00-05:00,62.38999938964844,62.75,62.367801666259766,62.5,4589,0.0,0.0,0.0
2022-12-07 11:30:00-05:00,62.59000015258789,62.59000015258789,62.060001373291016,62.35580062866211,3077,0.0,0.0,0.0
2022-12-07 12:30:00-05:00,62.35580062866211,62.36000061035156,62.2599983215332,62.34000015258789,1467,0.0,0.0,0.0
2022-12-07 13:30:00-05:00,62.36000061035156,62.36000061035156,62.08000183105469,62.08000183105469,4511,0.0,0.0,0.0
2022-12-07 14:30:00-05:00,62.150001525878906,62.15999984741211,61.88999938964844,61.98350143432617,2352,0.0,0.0,0.0
2022-12-07 15:30:00-05:00,62.06829833984375,62.06829833984375,61.86000061035156,61.959999084472656,7858,0.0,0.0,0.0
2022-12-08 09:30:00-05:00,62.40999984741211,63.45000076293945,62.40999984741211,63.45000076293945,10055,0.0,0.0,0.0
2022-12-08 10:30:00-05:00,63.29499816894531,63.459999084472656,62.95000076293945,62.959999084472656,13064,0.0,0.0,0.0
2022-12-08 11:30:00-05:00,63.08000183105469,63.189998626708984,62.849998474121094,62.849998474121094,5616,0.0,0.0,0.0
2022-12-08 12:30:00-05:00,63.029998779296875,63.029998779296875,62.599998474121094,62.70000076293945,7587,0.0,0.0,0.0
2022-12-08 13:30:00-05:00,62.86000061035156,62.86000061035156,62.48500061035156,62.52050018310547,10360,0.0,0.0,0.0
2022-12-08 14:30:00-05:00,62.68000030517578,62.68000030517578,62.400001525878906,62.400001525878906,4294,0.0,0.0,0.0
2022-12-08 15:30:00-05:00,62.400001525878906,62.43000030517578,62.279998779296875,62.43000030517578,3268,0.0,0.0,0.0
2022-12-09 09:30:00-05:00,62.52000045776367,62.9900016784668,62.52000045776367,62.829898834228516,1468,0.0,0.0,0.0
2022-12-09 10:30:00-05:00,62.77069854736328,62.93000030517578,62.68949890136719,62.93000030517578,1595,0.0,0.0,0.0
2022-12-09 11:30:00-05:00,62.89860153198242,63.07500076293945,62.79999923706055,62.79999923706055,1626,0.0,0.0,0.0
2022-12-09 12:30:00-05:00,62.720001220703125,62.720001220703125,62.31999969482422,62.31999969482422,10751,0.0,0.0,0.0
2022-12-09 13:30:00-05:00,62.349998474121094,62.349998474121094,62.08000183105469,62.119998931884766,4558,0.0,0.0,0.0
2022-12-09 14:30:00-05:00,62.13999938964844,62.29999923706055,62.13999938964844,62.23400115966797,4370,0.0,0.0,0.0
2022-12-09 15:30:00-05:00,61.939998626708984,61.970001220703125,61.7599983215332,61.83000183105469,2114,0.0,0.0,0.0
2022-12-12 09:30:00-05:00,61.18000030517578,61.18000030517578,60.599998474121094,60.599998474121094,7806,0.0,0.0,0.0
2022-12-12 10:30:00-05:00,60.560001373291016,60.72999954223633,60.560001373291016,60.72999954223633,3681,0.0,0.0,0.0
2022-12-12 11:30:00-05:00,60.755001068115234,60.84000015258789,60.755001068115234,60.790000915527344,1842,0.0,0.0,0.0
2022-12-12 12:30:00-05:00,60.970001220703125,61.060001373291016,60.93000030517578,61.02190017700195,4534,0.0,0.0,0.0
2022-12-12 13:30:00-05:00,61.05830001831055,61.05830001831055,60.970001220703125,60.970001220703125,4854,0.0,0.0,0.0
2022-12-12 14:30:00-05:00,60.97999954223633,61.38999938964844,60.97999954223633,61.38999938964844,3890,0.0,0.0,0.0
2022-12-12 15:30:00-05:00,61.57500076293945,61.59000015258789,61.439998626708984,61.59000015258789,2966,0.0,0.0,0.0
2022-12-13 09:30:00-05:00,63.290000915527344,63.29999923706055,62.86000061035156,62.91999816894531,2767,0.0,0.0,0.0
2022-12-13 10:30:00-05:00,62.415000915527344,62.50379943847656,62.149600982666016,62.3135986328125,2149,0.0,0.0,0.0
2022-12-13 11:30:00-05:00,62.41999816894531,62.41999816894531,62.119998931884766,62.119998931884766,1245,0.0,0.0,0.0
2022-12-13 12:30:00-05:00,62.189998626708984,62.43000030517578,62.05099868774414,62.43000030517578,2566,0.0,0.0,0.0
2022-12-13 13:30:00-05:00,62.44900131225586,62.44900131225586,61.84000015258789,61.849998474121094,2179,0.0,0.0,0.0
2022-12-13 14:30:00-05:00,61.878299713134766,62.15999984741211,61.775001525878906,61.959999084472656,7158,0.0,0.0,0.0
2022-12-13 15:30:00-05:00,61.95000076293945,62.0620002746582,61.91999816894531,61.970001220703125,956,0.0,0.0,0.0
2022-12-14 09:30:00-05:00,61.91999816894531,61.91999816894531,60.90999984741211,61.099998474121094,50206,0.0,0.0,0.0
2022-12-14 10:30:00-05:00,61.060001373291016,61.470001220703125,60.94110107421875,61.470001220703125,48942,0.0,0.0,0.0
2022-12-14 11:30:00-05:00,61.290000915527344,61.59000015258789,61.279998779296875,61.380001068115234,34976,0.0,0.0,0.0
2022-12-14 12:30:00-05:00,61.52989959716797,61.599998474121094,61.310001373291016,61.5,28243,0.0,0.0,0.0
2022-12-14 13:30:00-05:00,61.380001068115234,61.599998474121094,60.790000915527344,61.119998931884766,44786,0.0,0.0,0.0
2022-12-14 14:30:00-05:00,61.470001220703125,61.72999954223633,60.66999816894531,61.13999938964844,74682,0.0,0.0,0.0
2022-12-14 15:30:00-05:00,61.11000061035156,61.72999954223633,61.09000015258789,61.369998931884766,94263,0.0,0.0,0.0
2022-12-15 09:30:00-05:00,60.599998474121094,60.75239944458008,60.130001068115234,60.13999938964844,3397,0.0,0.0,0.0
2022-12-15 10:30:00-05:00,59.893699645996094,60.1327018737793,59.62379837036133,59.630001068115234,1855,0.0,0.0,0.0
2022-12-15 11:30:00-05:00,59.724998474121094,59.814998626708984,59.659400939941406,59.814998626708984,967,0.0,0.0,0.0
2022-12-15 12:30:00-05:00,60.04999923706055,60.04999923706055,59.470001220703125,59.470001220703125,1817,0.0,0.0,0.0
2022-12-15 13:30:00-05:00,59.459999084472656,59.54999923706055,59.43000030517578,59.470001220703125,703,0.0,0.0,0.0
2022-12-15 14:30:00-05:00,59.51499938964844,59.83380126953125,59.51499938964844,59.75,10039,0.0,0.0,0.0
2022-12-15 15:30:00-05:00,59.58000183105469,59.59000015258789,59.529998779296875,59.529998779296875,1159,0.0,0.0,0.0
2022-12-16 09:30:00-05:00,59.09000015258789,59.3650016784668,58.47010040283203,59.284000396728516,19031,0.0,0.0,0.0
2022-12-16 10:30:00-05:00,59.150001525878906,59.47999954223633,59.150001525878906,59.43000030517578,6045,0.0,0.0,0.0
2022-12-16 11:30:00-05:00,59.400001525878906,59.54499816894531,59.27000045776367,59.400001525878906,27908,0.0,0.0,0.0
2022-12-16 12:30:00-05:00,59.400001525878906,59.40700149536133,58.9900016784668,58.9900016784668,2185,0.0,0.0,0.0
2022-12-16 13:30:00-05:00,59.08399963378906,59.15999984741211,58.9900016784668,59.15999984741211,10021,0.0,0.0,0.0
2022-12-16 14:30:00-05:00,59.165000915527344,59.380001068115234,59.165000915527344,59.27000045776367,6045,0.0,0.0,0.0
2022-12-16 15:30:00-05:00,59.275001525878906,59.47999954223633,59.23500061035156,59.33000183105469,25397,0.0,0.0,0.0
2022-12-19 09:30:00-05:00,56.75,57.01499938964844,56.611000061035156,56.77989959716797,6695,0.0,0.0,0.0
2022-12-19 10:30:00-05:00,56.650001525878906,56.70000076293945,56.369998931884766,56.410099029541016,2201,0.0,0.0,0.0
2022-12-19 11:30:00-05:00,56.560001373291016,56.560001373291016,56.370399475097656,56.39680099487305,6828,0.0,0.0,0.0
2022-12-19 12:30:00-05:00,56.25469970703125,56.25469970703125,56.0,56.0,2202,0.0,0.0,0.0
2022-12-19 13:30:00-05:00,55.91999816894531,56.029998779296875,55.90010070800781,56.02000045776367,4280,0.0,0.0,0.0
2022-12-19 15:30:00-05:00,56.09479904174805,56.09479904174805,56.040000915527344,56.07120132446289,0,0.0,0.0,0.0
2022-12-20 09:30:00-05:00,56.83000183105469,57.790000915527344,56.79999923706055,57.70000076293945,16145,0.0,0.0,0.0
2022-12-20 10:30:00-05:00,57.70000076293945,57.97999954223633,57.58000183105469,57.58000183105469,8202,0.0,0.0,0.0
2022-12-20 11:30:00-05:00,57.60749816894531,57.68000030517578,57.459999084472656,57.52000045776367,7774,0.0,0.0,0.0
2022-12-20 12:30:00-05:00,57.439998626708984,57.60499954223633,57.349998474121094,57.60499954223633,4730,0.0,0.0,0.0
2022-12-20 13:30:00-05:00,57.68000030517578,57.709999084472656,57.599998474121094,57.61000061035156,1624,0.0,0.0,0.0
2022-12-20 14:30:00-05:00,57.439998626708984,57.470001220703125,57.310001373291016,57.400001525878906,2156,0.0,0.0,0.0
2022-12-20 15:30:00-05:00,57.400001525878906,57.47999954223633,57.310001373291016,57.31999969482422,3510,0.0,0.0,0.0
2022-12-21 09:30:00-05:00,58.0,58.489898681640625,57.810001373291016,58.45000076293945,7092,0.0,0.0,0.0
2022-12-21 10:30:00-05:00,58.279998779296875,58.709999084472656,58.279998779296875,58.68090057373047,6314,0.0,0.0,0.0
2022-12-21 11:30:00-05:00,58.69129943847656,58.720001220703125,58.555301666259766,58.619998931884766,4382,0.0,0.0,0.0
2022-12-21 12:30:00-05:00,58.555301666259766,58.72999954223633,58.555301666259766,58.61000061035156,4016,0.0,0.0,0.0
2022-12-21 13:30:00-05:00,58.63090133666992,58.7599983215332,58.57500076293945,58.65999984741211,4213,0.0,0.0,0.0
2022-12-21 14:30:00-05:00,58.7599983215332,58.7599983215332,58.49079895019531,58.5,3099,0.0,0.0,0.0
2022-12-21 15:30:00-05:00,58.56999969482422,58.709999084472656,58.49079895019531,58.61000061035156,44266,0.0,0.0,0.0
2022-12-22 09:30:00-05:00,58.349998474121094,58.349998474121094,58.05419921875,58.05419921875,4018,0.0,0.0,0.0
2022-12-22 10:30:00-05:00,58.05419921875,58.05419921875,57.79999923706055,57.89590072631836,1976,0.0,0.0,0.0
2022-12-22 11:30:00-05:00,57.810001373291016,57.89590072631836,57.61000061035156,57.61000061035156,2138,0.0,0.0,0.0
2022-12-22 12:30:00-05:00,57.61000061035156,57.61000061035156,57.34000015258789,57.42499923706055,1964,0.0,0.0,0.0
2022-12-22 13:30:00-05:00,57.189998626708984,57.33000183105469,57.16999816894531,57.33000183105469,2337,0.0,0.0,0.0
2022-12-22 14:30:00-05:00,57.310001373291016,58.189998626708984,57.310001373291016,58.189998626708984,48503,0.0,0.0,0.0
2022-12-22 15:30:00-05:00,57.810001373291016,58.29999923706055,57.779998779296875,58.29999923706055,48814,0.0,0.0,0.0
2022-12-23 09:30:00-05:00,58.77000045776367,58.77000045776367,58.08000183105469,58.3849983215332,11488,0.0,0.0,0.0
2022-12-23 10:30:00-05:00,58.220001220703125,58.584999084472656,58.185001373291016,58.375,46276,0.0,0.0,0.0
2022-12-23 11:30:00-05:00,58.2578010559082,58.375,58.2400016784668,58.3302001953125,16430,0.0,0.0,0.0
2022-12-23 12:30:00-05:00,58.289798736572266,58.459999084472656,58.289798736572266,58.459999084472656,1800,0.0,0.0,0.0
2022-12-23 13:30:00-05:00,58.27000045776367,58.349998474121094,58.130001068115234,58.130001068115234,128432,0.0,0.0,0.0
2022-12-23 14:30:00-05:00,58.34000015258789,58.349998474121094,58.32500076293945,58.32500076293945,580,0.0,0.0,0.0
2022-12-23 15:30:00-05:00,58.34000015258789,58.43000030517578,58.32320022583008,58.41999816894531,3326,0.0,0.0,0.0
2022-12-27 09:30:00-05:00,58.400001525878906,58.76499938964844,58.400001525878906,58.76499938964844,3424,0.0,0.0,0.0
2022-12-27 10:30:00-05:00,58.68629837036133,59.30500030517578,58.63999938964844,59.0,6258,0.0,0.0,0.0
2022-12-27 11:30:00-05:00,59.0900993347168,59.099998474121094,58.939998626708984,58.97999954223633,9604,0.0,0.0,0.0
2022-12-27 12:30:00-05:00,58.951900482177734,58.959999084472656,58.951900482177734,58.959999084472656,532,0.0,0.0,0.0
2022-12-27 13:30:00-05:00,58.951900482177734,59.099998474121094,58.805301666259766,58.805301666259766,11109,0.0,0.0,0.0
2022-12-27 14:30:00-05:00,58.90999984741211,58.93000030517578,58.73939895629883,58.93000030517578,3042,0.0,0.0,0.0
2022-12-27 15:30:00-05:00,58.900001525878906,59.09000015258789,58.900001525878906,58.959999084472656,4601,0.0,0.0,0.0
2022-12-28 09:30:00-05:00,58.880001068115234,59.18000030517578,58.47999954223633,58.47999954223633,2463,0.0,0.0,0.0
2022-12-28 10:30:00-05:00,58.290000915527344,58.290000915527344,58.15399932861328,58.220001220703125,1478,0.0,0.0,0.0
2022-12-28 11:30:00-05:00,58.11000061035156,58.11000061035156,57.894500732421875,57.894500732421875,674,0.0,0.0,0.0
2022-12-28 12:30:00-05:00,58.09000015258789,58.3302001953125,58.09000015258789,58.3302001953125,280,0.0,0.0,0.0
2022-12-28 13:30:00-05:00,58.19020080566406,58.19020080566406,58.02000045776367,58.02000045776367,1716,0.0,0.0,0.0
2022-12-28 14:30:00-05:00,58.19499969482422,58.19499969482422,57.91999816894531,57.91999816894531,6056,0.0,0.0,0.0
2022-12-28 15:30:00-05:00,57.960899353027344,57.975399017333984,57.849998474121094,57.849998474121094,13856,0.0,0.0,0.0
2022-12-29 09:30:00-05:00,58.09000015258789,58.290000915527344,58.09000015258789,58.290000915527344,1066,0.0,0.0,0.0
2022-12-29 10:30:00-05:00,58.290000915527344,58.290000915527344,58.08000183105469,58.150001525878906,4147,0.0,0.0,0.0
2022-12-29 11:30:00-05:00,58.08000183105469,58.31999969482422,58.08000183105469,58.31999969482422,5753,0.0,0.0,0.0
2022-12-29 12:30:00-05:00,58.162601470947266,58.43000030517578,58.162601470947266,58.260101318359375,4444,0.0,0.0,0.0
2022-12-29 13:30:00-05:00,58.27000045776367,58.43000030517578,58.220001220703125,58.25,4814,0.0,0.0,0.0
2022-12-29 14:30:00-05:00,58.290000915527344,58.349998474121094,58.290000915527344,58.33000183105469,6205,0.0,0.0,0.0
2022-12-29 15:30:00-05:00,58.349998474121094,58.349998474121094,58.119998931884766,58.119998931884766,12735,0.0,0.0,0.0
2022-12-30 09:30:00-05:00,57.72999954223633,58.130001068115234,57.72999954223633,57.849998474121094,5348,0.0,0.0,0.0
2022-12-30 10:30:00-05:00,57.960601806640625,57.960601806640625,57.689998626708984,57.689998626708984,7178,0.0,0.0,0.0
2022-12-30 11:30:00-05:00,57.720001220703125,57.7599983215332,57.720001220703125,57.74599838256836,1053,0.0,0.0,0.0
2022-12-30 12:30:00-05:00,57.720001220703125,57.790000915527344,57.720001220703125,57.790000915527344,2389,0.0,0.0,0.0
2022-12-30 13:30:00-05:00,57.4900016784668,57.604698181152344,57.4900016784668,57.604698181152344,1082,0.0,0.0,0.0
2022-12-30 14:30:00-05:00,57.4900016784668,57.64670181274414,57.4900016784668,57.525001525878906,2170,0.0,0.0,0.0
2022-12-30 15:30:00-05:00,57.5099983215332,57.83000183105469,57.5099983215332,57.83000183105469,6052,0.0,0.0,0.0
2023-01-03 09:30:00-05:00,57.68000030517578,58.29999923706055,57.39500045776367,57.39500045776367,3929,0.0,0.0,0.0
2023-01-03 10:30:00-05:00,57.76750183105469,57.91189956665039,57.76750183105469,57.89500045776367,1180,0.0,0.0,0.0
2023-01-03 11:30:00-05:00,57.470001220703125,57.47999954223633,57.22570037841797,57.35240173339844,58233,0.0,0.0,0.0
2023-01-03 12:30:00-05:00,57.400001525878906,57.45500183105469,57.19169998168945,57.275001525878906,3025,0.0,0.0,0.0
2023-01-03 13:30:00-05:00,57.0,57.0,56.880001068115234,56.880001068115234,848,0.0,0.0,0.0
2023-01-03 14:30:00-05:00,56.779998779296875,57.06999969482422,56.779998779296875,57.006099700927734,2074,0.0,0.0,0.0
2023-01-03 15:30:00-05:00,57.08000183105469,57.08000183105469,56.95000076293945,56.970001220703125,2712,0.0,0.0,0.0
2023-01-04 09:30:00-05:00,57.70000076293945,57.70000076293945,56.939998626708984,57.16999816894531,7464,0.0,0.0,0.0
2023-01-04 10:30:00-05:00,57.459999084472656,57.65999984741211,57.02000045776367,57.369998931884766,5910,0.0,0.0,0.0
2023-01-04 11:30:00-05:00,57.31999969482422,57.72999954223633,57.31999969482422,57.63999938964844,2132,0.0,0.0,0.0
2023-01-04 12:30:00-05:00,57.72999954223633,57.93000030517578,57.63999938964844,57.90999984741211,14220,0.0,0.0,0.0
2023-01-04 13:30:00-05:00,57.83000183105469,58.049198150634766,57.76900100708008,57.76900100708008,5928,0.0,0.0,0.0
2023-01-04 14:30:00-05:00,57.83000183105469,58.029998779296875,57.76900100708008,58.029998779296875,1269,0.0,0.0,0.0
2023-01-04 15:30:00-05:00,57.880001068115234,58.029998779296875,57.720001220703125,57.95000076293945,3831,0.0,0.0,0.0
2023-01-05 09:30:00-05:00,57.84000015258789,58.209999084472656,57.84000015258789,58.209999084472656,2942,0.0,0.0,0.0
2023-01-05 10:30:00-05:00,58.209999084472656,58.45069885253906,58.09000015258789,58.45069885253906,3752,0.0,0.0,0.0
2023-01-05 11:30:00-05:00,58.470001220703125,58.54999923706055,58.33000183105469,58.5004997253418,3497,0.0,0.0,0.0
2023-01-05 12:30:00-05:00,58.70000076293945,59.220001220703125,58.70000076293945,59.220001220703125,2752,0.0,0.0,0.0
2023-01-05 13:30:00-05:00,59.18000030517578,59.279998779296875,59.060001373291016,59.097198486328125,9133,0.0,0.0,0.0
2023-01-05 14:30:00-05:00,59.0,59.06999969482422,58.79999923706055,58.79999923706055,7216,0.0,0.0,0.0
2023-01-05 15:30:00-05:00,58.880001068115234,59.06999969482422,58.868099212646484,59.06999969482422,39138,0.0,0.0,0.0
2023-01-06 09:30:00-05:00,60.189998626708984,61.0,60.15999984741211,60.97999954223633,6216,0.0,0.0,0.0
2023-01-06 10:30:00-05:00,61.16899871826172,61.560001373291016,61.16899871826172,61.29999923706055,5287,0.0,0.0,0.0
2023-01-06 11:30:00-05:00,61.30289840698242,61.46500015258789,61.22999954223633,61.36000061035156,4272,0.0,0.0,0.0
2023-01-06 12:30:00-05:00,61.27000045776367,61.279998779296875,61.029998779296875,61.152400970458984,3789,0.0,0.0,0.0
2023-01-06 13:30:00-05:00,61.11000061035156,61.11000061035156,60.970001220703125,60.970001220703125,1670,0.0,0.0,0.0
2023-01-06 14:30:00-05:00,61.040000915527344,61.15999984741211,61.0,61.099998474121094,2891,0.0,0.0,0.0
2023-01-06 15:30:00-05:00,61.14509963989258,61.220001220703125,61.14509963989258,61.16999816894531,2667,0.0,0.0,0.0
2023-01-09 09:30:00-05:00,62.0099983215332,62.0099983215332,61.060001373291016,61.15999984741211,19099,0.0,0.0,0.0
2023-01-09 10:30:00-05:00,61.22999954223633,61.810001373291016,61.22999954223633,61.709999084472656,3012,0.0,0.0,0.0
2023-01-09 11:30:00-05:00,61.63999938964844,61.9099006652832,61.61579895019531,61.68000030517578,4345,0.0,0.0,0.0
2023-01-09 12:30:00-05:00,61.66999816894531,61.66999816894531,61.42499923706055,61.45000076293945,1718,0.0,0.0,0.0
2023-01-09 13:30:00-05:00,61.40999984741211,61.41999816894531,61.33000183105469,61.38999938964844,2273,0.0,0.0,0.0
2023-01-09 14:30:00-05:00,61.36000061035156,61.36000061035156,61.04999923706055,61.08000183105469,2130,0.0,0.0,0.0
2023-01-09 15:30:00-05:00,61.0,61.06999969482422,60.869998931884766,60.88999938964844,6457,0.0,0.0,0.0
2023-01-10 09:30:00-05:00,61.52000045776367,61.650001525878906,61.11000061035156,61.11000061035156,5390,0.0,0.0,0.0
2023-01-10 10:30:00-05:00,61.349998474121094,61.58000183105469,61.349998474121094,61.58000183105469,909,0.0,0.0,0.0
2023-01-10 11:30:00-05:00,61.56999969482422,61.810001373291016,61.56999969482422,61.77119827270508,1360,0.0,0.0,0.0
2023-01-10 12:30:00-05:00,61.75,62.25,61.75,62.25,6730,0.0,0.0,0.0
2023-01-10 13:30:00-05:00,62.150001525878906,62.7599983215332,62.150001525878906,62.70000076293945,18857,0.0,0.0,0.0
2023-01-10 14:30:00-05:00,62.58000183105469,62.91999816894531,62.5099983215332,62.80590057373047,22778,0.0,0.0,0.0
2023-01-10 15:30:00-05:00,62.68259811401367,63.18000030517578,62.630001068115234,63.18000030517578,14842,0.0,0.0,0.0
2023-01-11 09:30:00-05:00,63.72999954223633,63.72999954223633,63.11000061035156,63.33000183105469,44309,0.0,0.0,0.0
2023-01-11 10:30:00-05:00,63.290000915527344,63.316200256347656,63.08000183105469,63.15999984741211,7920,0.0,0.0,0.0
2023-01-11 11:30:00-05:00,63.209999084472656,63.439998626708984,63.209999084472656,63.310001373291016,1849,0.0,0.0,0.0
2023-01-11 12:30:00-05:00,63.33000183105469,63.38999938964844,63.27000045776367,63.27000045776367,2278,0.0,0.0,0.0
2023-01-11 13:30:00-05:00,63.29999923706055,63.43000030517578,63.29999923706055,63.380001068115234,3455,0.0,0.0,0.0
2023-01-11 14:30:00-05:00,63.52000045776367,63.70000076293945,63.52000045776367,63.61000061035156,4036,0.0,0.0,0.0
2023-01-11 15:30:00-05:00,63.54249954223633,63.810001373291016,63.5099983215332,63.72999954223633,7347,0.0,0.0,0.0
2023-01-12 09:30:00-05:00,64.2699966430664,64.2699966430664,63.900001525878906,64.11000061035156,3345,0.0,0.0,0.0
2023-01-12 10:30:00-05:00,64.23919677734375,64.2699966430664,64.08499908447266,64.08499908447266,1557,0.0,0.0,0.0
2023-01-12 11:30:00-05:00,64.4136962890625,64.80000305175781,64.4136962890625,64.80000305175781,2895,0.0,0.0,0.0
2023-01-12 12:30:00-05:00,64.75060272216797,65.04000091552734,64.75060272216797,64.91000366210938,38869,0.0,0.0,0.0
2023-01-12 13:30:00-05:00,64.96479797363281,65.0,64.8499984741211,64.9468002319336,17534,0.0,0.0,0.0
2023-01-12 14:30:00-05:00,64.90499877929688,64.9800033569336,64.8301010131836,64.89790344238281,20625,0.0,0.0,0.0
2023-01-12 15:30:00-05:00,64.86499786376953,65.11000061035156,64.8301010131836,65.11000061035156,10523,0.0,0.0,0.0
2023-01-13 09:30:00-05:00,64.97000122070312,65.30799865722656,64.77999877929688,65.30799865722656,13908,0.0,0.0,0.0
2023-01-13 10:30:00-05:00,64.94100189208984,65.30799865722656,64.94100189208984,65.06999969482422,10754,0.0,0.0,0.0
2023-01-13 11:30:00-05:00,65.04000091552734,65.13500213623047,65.01499938964844,65.13500213623047,3199,0.0,0.0,0.0
2023-01-13 12:30:00-05:00,65.13500213623047,65.29000091552734,65.04000091552734,65.29000091552734,2360,0.0,0.0,0.0
2023-01-13 13:30:00-05:00,65.23999786376953,65.45999908447266,65.21499633789062,65.37999725341797,12229,0.0,0.0,0.0
2023-01-13 14:30:00-05:00,65.40989685058594,65.45999908447266,65.33000183105469,65.45999908447266,2699,0.0,0.0,0.0
2023-01-13 15:30:00-05:00,65.33999633789062,65.62000274658203,65.33000183105469,65.58999633789062,9635,0.0,0.0,0.0
2023-01-17 09:30:00-05:00,65.66000366210938,65.87999725341797,65.39009857177734,65.46730041503906,9545,0.0,0.0,0.0
2023-01-17 10:30:00-05:00,65.87999725341797,65.87999725341797,65.04000091552734,65.04000091552734,8237,0.0,0.0,0.0
2023-01-17 11:30:00-05:00,65.13999938964844,65.18000030517578,64.79000091552734,64.79000091552734,5324,0.0,0.0,0.0
2023-01-17 12:30:00-05:00,64.81999969482422,64.86000061035156,64.79000091552734,64.80999755859375,26279,0.0,0.0,0.0
2023-01-17 13:30:00-05:00,64.84359741210938,64.84359741210938,64.68000030517578,64.76000213623047,2914,0.0,0.0,0.0
2023-01-17 14:30:00-05:00,64.76000213623047,64.90550231933594,64.76000213623047,64.88169860839844,5320,0.0,0.0,0.0
2023-01-17 15:30:00-05:00,64.88169860839844,64.93170166015625,64.86000061035156,64.91000366210938,9559,0.0,0.0,0.0
2023-01-18 09:30:00-05:00,65.4800033569336,66.34500122070312,65.4800033569336,66.30999755859375,7565,0.0,0.0,0.0
2023-01-18 10:30:00-05:00,66.08159637451172,66.34500122070312,65.81199645996094,65.81999969482422,8015,0.0,0.0,0.0
2023-01-18 11:30:00-05:00,65.93499755859375,65.9800033569336,65.01699829101562,65.01699829101562,7661,0.0,0.0,0.0
2023-01-18 12:30:00-05:00,65.51000213623047,65.57990264892578,65.01699829101562,65.08999633789062,6230,0.0,0.0,0.0
2023-01-18 13:30:00-05:00,65.3499984741211,65.3499984741211,65.05500030517578,65.19999694824219,3473,0.0,0.0,0.0
2023-01-18 14:30:00-05:00,65.12000274658203,65.22000122070312,64.80000305175781,64.88999938964844,6779,0.0,0.0,0.0
2023-01-18 15:30:00-05:00,64.88999938964844,64.98999786376953,64.56999969482422,64.56999969482422,5419,0.0,0.0,0.0
2023-01-19 09:30:00-05:00,64.4800033569336,64.5199966430664,63.90999984741211,64.05000305175781,2457,0.0,0.0,0.0
2023-01-19 10:30:00-05:00,63.98500061035156,64.27999877929688,63.77090072631836,63.77090072631836,6058,0.0,0.0,0.0
2023-01-19 11:30:00-05:00,64.09130096435547,64.1500015258789,63.77090072631836,64.08000183105469,3782,0.0,0.0,0.0
2023-01-19 12:30:00-05:00,63.93000030517578,64.19000244140625,63.93000030517578,64.11000061035156,11541,0.0,0.0,0.0
2023-01-19 13:30:00-05:00,64.19000244140625,64.48999786376953,64.11000061035156,64.48999786376953,2570,0.0,0.0,0.0
2023-01-19 14:30:00-05:00,64.31999969482422,64.80870056152344,64.31999969482422,64.63159942626953,4020,0.0,0.0,0.0
2023-01-19 15:30:00-05:00,64.69999694824219,64.7300033569336,64.41000366210938,64.41999816894531,30563,0.0,0.0,0.0
2023-01-20 09:30:00-05:00,64.7300033569336,64.88999938964844,64.13999938964844,64.86000061035156,6170,0.0,0.0,0.0
2023-01-20 10:30:00-05:00,64.88999938964844,65.19000244140625,64.72000122070312,65.19000244140625,4249,0.0,0.0,0.0
2023-01-20 11:30:00-05:00,65.13259887695312,65.19000244140625,64.98390197753906,65.08499908447266,15375,0.0,0.0,0.0
2023-01-20 12:30:00-05:00,65.06500244140625,65.12999725341797,64.98390197753906,65.01000213623047,14486,0.0,0.0,0.0
2023-01-20 13:30:00-05:00,65.08999633789062,65.08999633789062,64.95999908447266,65.06999969482422,3615,0.0,0.0,0.0
2023-01-20 14:30:00-05:00,65.06999969482422,65.29000091552734,65.06999969482422,65.2699966430664,6366,0.0,0.0,0.0
2023-01-20 15:30:00-05:00,65.27999877929688,65.47000122070312,65.20899963378906,65.41000366210938,7408,0.0,0.0,0.0
2023-01-23 09:30:00-05:00,65.76000213623047,65.79450225830078,65.4937973022461,65.65630340576172,31186,0.0,0.0,0.0
2023-01-23 10:30:00-05:00,65.65630340576172,65.65630340576172,65.4977035522461,65.52999877929688,2242,0.0,0.0,0.0
2023-01-23 11:30:00-05:00,65.52999877929688,65.61000061035156,65.4800033569336,65.4800033569336,22235,0.0,0.0,0.0
2023-01-23 12:30:00-05:00,65.4800033569336,65.69000244140625,65.4800033569336,65.66500091552734,13892,0.0,0.0,0.0
2023-01-23 13:30:00-05:00,65.66500091552734,65.69499969482422,65.50389862060547,65.51000213623047,2989,0.0,0.0,0.0
2023-01-23 14:30:00-05:00,65.56999969482422,65.58499908447266,65.1449966430664,65.1449966430664,4692,0.0,0.0,0.0
2023-01-23 15:30:00-05:00,65.36000061035156,65.51000213623047,65.3499984741211,65.41999816894531,5710,0.0,0.0,0.0
2023-01-24 09:30:00-05:00,65.36000061035156,65.36000061035156,64.56400299072266,64.56400299072266,8349,0.0,0.0,0.0
2023-01-24 10:30:00-05:00,64.72000122070312,65.35649871826172,64.56400299072266,65.35649871826172,2506,0.0,0.0,0.0
2023-01-24 11:30:00-05:00,65.35649871826172,65.44000244140625,65.30999755859375,65.30999755859375,4281,0.0,0.0,0.0
2023-01-24 12:30:00-05:00,65.37999725341797,65.37999725341797,65.30000305175781,65.30000305175781,2214,0.0,0.0,0.0
2023-01-24 13:30:00-05:00,65.52799987792969,65.52799987792969,65.38999938964844,65.38999938964844,525,0.0,0.0,0.0
2023-01-24 14:30:00-05:00,65.38999938964844,65.79000091552734,65.38999938964844,65.6500015258789,3445,0.0,0.0,0.0
2023-01-24 15:30:00-05:00,65.79000091552734,65.79000091552734,65.47000122070312,65.58000183105469,7622,0.0,0.0,0.0
2023-01-25 09:30:00-05:00,65.41000366210938,65.61000061035156,65.19010162353516,65.61000061035156,5377,0.0,0.0,0.0
2023-01-25 10:30:00-05:00,65.19010162353516,65.80999755859375,65.19010162353516,65.80999755859375,7794,0.0,0.0,0.0
2023-01-25 11:30:00-05:00,65.58000183105469,65.91300201416016,65.55999755859375,65.80000305175781,7792,0.0,0.0,0.0
2023-01-25 12:30:00-05:00,65.91000366210938,66.35240173339844,65.80000305175781,66.35240173339844,7047,0.0,0.0,0.0
2023-01-25 13:30:00-05:00,66.0999984741211,66.4990005493164,66.0999984741211,66.42500305175781,8396,0.0,0.0,0.0
2023-01-25 14:30:00-05:00,66.48999786376953,66.54000091552734,66.31999969482422,66.38999938964844,7195,0.0,0.0,0.0
2023-01-25 15:30:00-05:00,66.45999908447266,66.59500122070312,66.33000183105469,66.59500122070312,7333,0.0,0.0,0.0
2023-01-26 09:30:00-05:00,67.02999877929688,67.66999816894531,66.80000305175781,67.39240264892578,7383,0.0,0.0,0.0
2023-01-26 10:30:00-05:00,66.88999938964844,67.4800033569336,66.80000305175781,67.27899932861328,5474,0.0,0.0,0.0
2023-01-26 11:30:00-05:00,67.1719970703125,67.65789794921875,67.1719970703125,67.52909851074219,4444,0.0,0.0,0.0
2023-01-26 12:30:00-05:00,67.58000183105469,67.94000244140625,67.4000015258789,67.87670135498047,10532,0.0,0.0,0.0
2023-01-26 13:30:00-05:00,67.80000305175781,68.19999694824219,67.80000305175781,68.0999984741211,8081,0.0,0.0,0.0
2023-01-26 14:30:00-05:00,68.12449645996094,68.52980041503906,68.0999984741211,68.41000366210938,9836,0.0,0.0,0.0
2023-01-26 15:30:00-05:00,68.4800033569336,68.76000213623047,68.41000366210938,68.76000213623047,7578,0.0,0.0,0.0
2023-01-27 09:30:00-05:00,68.6500015258789,68.6500015258789,68.0199966430664,68.06999969482422,25629,0.0,0.0,0.0
2023-01-27 10:30:00-05:00,68.3823013305664,68.5199966430664,67.4437026977539,67.94110107421875,20037,0.0,0.0,0.0
2023-01-27 11:30:00-05:00,67.55249786376953,68.12999725341797,67.55249786376953,68.0199966430664,16208,0.0,0.0,0.0
2023-01-27 12:30:00-05:00,67.86000061035156,68.12999725341797,67.69999694824219,67.81670379638672,22315,0.0,0.0,0.0
2023-01-27 13:30:00-05:00,67.8499984741211,67.9800033569336,67.6500015258789,67.90499877929688,13111,0.0,0.0,0.0
2023-01-27 14:30:00-05:00,67.8499984741211,68.02999877929688,67.80000305175781,67.97000122070312,25385,0.0,0.0,0.0
2023-01-27 15:30:00-05:00,67.97000122070312,68.12000274658203,67.86000061035156,67.94000244140625,110497,0.0,0.0,0.0
2023-01-30 09:30:00-05:00,67.55000305175781,67.87999725341797,67.31919860839844,67.73999786376953,19347,0.0,0.0,0.0
2023-01-30 10:30:00-05:00,67.62000274658203,67.87999725341797,67.62000274658203,67.81999969482422,6917,0.0,0.0,0.0
2023-01-30 11:30:00-05:00,67.72000122070312,67.81999969482422,67.66999816894531,67.66999816894531,2510,0.0,0.0,0.0
2023-01-30 12:30:00-05:00,67.73590087890625,67.73590087890625,67.54000091552734,67.59249877929688,3731,0.0,0.0,0.0
2023-01-30 13:30:00-05:00,67.54000091552734,67.63999938964844,67.42729949951172,67.50700378417969,6654,0.0,0.0,0.0
2023-01-30 14:30:00-05:00,67.5250015258789,67.55000305175781,67.1946029663086,67.2833023071289,6101,0.0,0.0,0.0
2023-01-30 15:30:00-05:00,67.31999969482422,67.4800033569336,67.24500274658203,67.27999877929688,12894,0.0,0.0,0.0
2023-01-31 09:30:00-05:00,67.16000366210938,67.18000030517578,66.91999816894531,67.12000274658203,12987,0.0,0.0,0.0
2023-01-31 10:30:00-05:00,67.01499938964844,67.56999969482422,66.91999816894531,67.42720031738281,10277,0.0,0.0,0.0
2023-01-31 11:30:00-05:00,67.51200103759766,67.54000091552734,67.33000183105469,67.54000091552734,15747,0.0,0.0,0.0
2023-01-31 12:30:00-05:00,67.41999816894531,67.62999725341797,67.41999816894531,67.5999984741211,4901,0.0,0.0,0.0
2023-01-31 13:30:00-05:00,67.48999786376953,67.68000030517578,67.4800033569336,67.56999969482422,13249,0.0,0.0,0.0
2023-01-31 14:30:00-05:00,67.68000030517578,67.68000030517578,67.5,67.56670379638672,10229,0.0,0.0,0.0
2023-01-31 15:30:00-05:00,67.58499908447266,67.95690155029297,67.5,67.93000030517578,17664,0.0,0.0,0.0
2023-02-01 09:30:00-05:00,67.16000366210938,67.5,66.88999938964844,67.10469818115234,9399,0.0,0.0,0.0
2023-02-01 10:30:00-05:00,67.31629943847656,67.31629943847656,66.88999938964844,67.27999877929688,7919,0.0,0.0,0.0
2023-02-01 11:30:00-05:00,67.2300033569336,67.36000061035156,66.86000061035156,66.86000061035156,4937,0.0,0.0,0.0
2023-02-01 12:30:00-05:00,67.0199966430664,67.32990264892578,66.86000061035156,67.32990264892578,4147,0.0,0.0,0.0
2023-02-01 13:30:00-05:00,67.20999908447266,67.63999938964844,67.20999908447266,67.43000030517578,89801,0.0,0.0,0.0
2023-02-01 14:30:00-05:00,67.44000244140625,68.66999816894531,67.18000030517578,68.66999816894531,110534,0.0,0.0,0.0
2023-02-01 15:30:00-05:00,68.12000274658203,69.06999969482422,68.12000274658203,68.83000183105469,29447,0.0,0.0,0.0
2023-02-02 09:30:00-05:00,68.80000305175781,68.80000305175781,67.38999938964844,67.62999725341797,9475,0.0,0.0,0.0
2023-02-02 10:30:00-05:00,67.51499938964844,68.08000183105469,67.51499938964844,67.98519897460938,2955,0.0,0.0,0.0
2023-02-02 11:30:00-05:00,67.86699676513672,67.90499877929688,67.66999816894531,67.90499877929688,1467,0.0,0.0,0.0
2023-02-02 12:30:00-05:00,68.06999969482422,68.08000183105469,67.8499984741211,67.8499984741211,2866,0.0,0.0,0.0
2023-02-02 13:30:00-05:00,68.05500030517578,68.05500030517578,67.43000030517578,67.45999908447266,7204,0.0,0.0,0.0
2023-02-02 14:30:00-05:00,67.55480194091797,67.55480194091797,67.16999816894531,67.46499633789062,5130,0.0,0.0,0.0
2023-02-02 15:30:00-05:00,67.52999877929688,67.93000030517578,67.52999877929688,67.91999816894531,32851,0.0,0.0,0.0
2023-02-03 09:30:00-05:00,68.0199966430664,68.9800033569336,68.0199966430664,68.80000305175781,14565,0.0,0.0,0.0
2023-02-03 10:30:00-05:00,68.4000015258789,69.18000030517578,68.375,68.5781021118164,16433,0.0,0.0,0.0
2023-02-03 11:30:00-05:00,68.84500122070312,68.9000015258789,68.19000244140625,68.25,27437,0.0,0.0,0.0
2023-02-03 12:30:00-05:00,68.22000122070312,68.42500305175781,68.05000305175781,68.0999984741211,36313,0.0,0.0,0.0
2023-02-03 13:30:00-05:00,68.4000015258789,68.4000015258789,67.97850036621094,68.05999755859375,15153,0.0,0.0,0.0
2023-02-03 14:30:00-05:00,68.08000183105469,68.16000366210938,67.80999755859375,68.12999725341797,15231,0.0,0.0,0.0
2023-02-03 15:30:00-05:00,67.94000244140625,68.13999938964844,67.80999755859375,67.94000244140625,33186,0.0,0.0,0.0
2023-02-06 09:30:00-05:00,67.16000366210938,67.16000366210938,65.94999694824219,65.94999694824219,32533,0.0,0.0,0.0
2023-02-06 10:30:00-05:00,66.4800033569336,66.66999816894531,65.94999694824219,66.66999816894531,18701,0.0,0.0,0.0
2023-02-06 11:30:00-05:00,66.63999938964844,66.66999816894531,66.26000213623047,66.33999633789062,6035,0.0,0.0,0.0
2023-02-06 12:30:00-05:00,66.47000122070312,66.5,66.26000213623047,66.37999725341797,3011,0.0,0.0,0.0
2023-02-06 13:30:00-05:00,66.36000061035156,66.5199966430664,66.214599609375,66.48999786376953,11425,0.0,0.0,0.0
2023-02-06 14:30:00-05:00,66.38999938964844,66.5199966430664,66.3499984741211,66.45999908447266,8072,0.0,0.0,0.0
2023-02-06 15:30:00-05:00,66.4000015258789,66.61000061035156,66.377197265625,66.5999984741211,8283,0.0,0.0,0.0
2023-02-07 09:30:00-05:00,66.5999984741211,66.8499984741211,65.86000061035156,66.01000213623047,9863,0.0,0.0,0.0
2023-02-07 10:30:00-05:00,65.97000122070312,65.98799896240234,65.86000061035156,65.98799896240234,1683,0.0,0.0,0.0
2023-02-07 11:30:00-05:00,66.0,66.22000122070312,65.91000366210938,66.05999755859375,1548,0.0,0.0,0.0
2023-02-07 12:30:00-05:00,66.0,66.81999969482422,65.91000366210938,65.91000366210938,3182,0.0,0.0,0.0
2023-02-07 13:30:00-05:00,66.0,66.19999694824219,65.62000274658203,66.06999969482422,32336,0.0,0.0,0.0
2023-02-07 14:30:00-05:00,66.41999816894531,66.41999816894531,66.0999984741211,66.12000274658203,5559,0.0,0.0,0.0
2023-02-07 15:30:00-05:00,66.24500274658203,66.51599884033203,66.22049713134766,66.37000274658203,5143,0.0,0.0,0.0
2023-02-08 09:30:00-05:00,66.04000091552734,66.4000015258789,66.04000091552734,66.2052001953125,5366,0.0,0.0,0.0
2023-02-08 10:30:00-05:00,66.22899627685547,66.27989959716797,65.89009857177734,65.89009857177734,11698,0.0,0.0,0.0
2023-02-08 11:30:00-05:00,66.08899688720703,66.27999877929688,66.08899688720703,66.27999877929688,518,0.0,0.0,0.0
2023-02-08 12:30:00-05:00,66.1500015258789,66.47000122070312,66.1500015258789,66.47000122070312,1309,0.0,0.0,0.0
2023-02-08 13:30:00-05:00,66.30999755859375,66.30999755859375,66.30999755859375,66.30999755859375,546,0.0,0.0,0.0
2023-02-08 14:30:00-05:00,66.31500244140625,66.31500244140625,66.31500244140625,66.31500244140625,277,0.0,0.0,0.0
2023-02-08 15:30:00-05:00,66.19170379638672,66.23999786376953,66.06999969482422,66.06999969482422,4020,0.0,0.0,0.0
2023-02-09 09:30:00-05:00,66.73999786376953,66.73999786376953,66.17310333251953,66.41999816894531,6274,0.0,0.0,0.0
2023-02-09 10:30:00-05:00,65.9800033569336,66.02999877929688,65.9800033569336,65.9800033569336,1376,0.0,0.0,0.0
2023-02-09 11:30:00-05:00,65.97440338134766,65.98999786376953,65.96949768066406,65.98999786376953,831,0.0,0.0,0.0
2023-02-09 12:30:00-05:00,65.69309997558594,65.69309997558594,65.56999969482422,65.56999969482422,854,0.0,0.0,0.0
2023-02-09 13:30:00-05:00,65.66000366210938,65.66000366210938,65.44000244140625,65.44000244140625,1155,0.0,0.0,0.0
2023-02-09 14:30:00-05:00,65.22000122070312,65.29000091552734,65.01000213623047,65.02999877929688,5625,0.0,0.0,0.0
2023-02-09 15:30:00-05:00,65.0,65.12000274658203,64.87000274658203,64.97000122070312,5164,0.0,0.0,0.0
2023-02-10 09:30:00-05:00,64.6500015258789,65.12000274658203,64.41000366210938,64.89939880371094,2320,0.0,0.0,0.0
2023-02-10 10:30:00-05:00,64.97000122070312,65.12000274658203,64.69000244140625,64.97000122070312,7584,0.0,0.0,0.0
2023-02-10 11:30:00-05:00,64.69999694824219,64.97000122070312,64.69999694824219,64.9000015258789,8336,0.0,0.0,0.0
2023-02-10 12:30:00-05:00,64.9000015258789,64.9000015258789,64.80989837646484,64.82959747314453,5164,0.0,0.0,0.0
2023-02-10 13:30:00-05:00,64.98999786376953,65.02999877929688,64.98999786376953,65.02999877929688,1553,0.0,0.0,0.0
2023-02-10 14:30:00-05:00,65.02999877929688,65.02999877929688,64.91000366210938,64.91000366210938,3572,0.0,0.0,0.0
2023-02-10 15:30:00-05:00,65.01499938964844,65.16000366210938,64.91000366210938,65.0999984741211,9537,0.0,0.0,0.0
2023-02-13 09:30:00-05:00,65.08000183105469,65.48999786376953,64.77999877929688,65.48999786376953,5472,0.0,0.0,0.0
2023-02-13 10:30:00-05:00,65.60990142822266,65.72000122070312,65.45999908447266,65.45999908447266,2007,0.0,0.0,0.0
2023-02-13 11:30:00-05:00,65.26000213623047,65.58999633789062,65.26000213623047,65.58499908447266,2791,0.0,0.0,0.0
2023-02-13 12:30:00-05:00,65.5999984741211,65.65809631347656,65.5199966430664,65.61009979248047,2030,0.0,0.0,0.0
2023-02-13 13:30:00-05:00,65.66000366210938,65.86499786376953,65.66000366210938,65.86499786376953,2006,0.0,0.0,0.0
2023-02-13 14:30:00-05:00,65.69000244140625,65.8499984741211,65.69000244140625,65.83999633789062,4527,0.0,0.0,0.0
2023-02-13 15:30:00-05:00,65.80010223388672,65.87000274658203,65.75,65.77999877929688,3491,0.0,0.0,0.0
2023-02-14 09:30:00-05:00,65.55000305175781,66.7300033569336,65.55000305175781,66.68000030517578,4408,0.0,0.0,0.0
2023-02-14 10:30:00-05:00,66.48500061035156,66.48500061035156,65.83000183105469,66.16079711914062,2962,0.0,0.0,0.0
2023-02-14 11:30:00-05:00,65.81500244140625,66.29499816894531,65.81500244140625,66.29499816894531,1111,0.0,0.0,0.0
2023-02-14 12:30:00-05:00,66.40160369873047,67.05909729003906,66.40160369873047,67.05909729003906,7821,0.0,0.0,0.0
2023-02-14 13:30:00-05:00,66.93000030517578,66.9800033569336,66.75,66.81500244140625,3076,0.0,0.0,0.0
2023-02-14 14:30:00-05:00,66.91000366210938,66.91000366210938,66.79509735107422,66.79509735107422,2091,0.0,0.0,0.0
2023-02-14 15:30:00-05:00,66.77570343017578,67.0,66.7300033569336,66.83000183105469,5654,0.0,0.0,0.0
2023-02-15 09:30:00-05:00,66.44000244140625,66.44000244140625,65.69000244140625,66.18000030517578,11345,0.0,0.0,0.0
2023-02-15 10:30:00-05:00,66.05000305175781,66.54000091552734,66.05000305175781,66.54000091552734,4347,0.0,0.0,0.0
2023-02-15 11:30:00-05:00,66.4800033569336,66.80999755859375,66.4800033569336,66.68000030517578,5503,0.0,0.0,0.0
2023-02-15 12:30:00-05:00,66.7750015258789,66.87000274658203,66.68000030517578,66.87000274658203,4319,0.0,0.0,0.0
2023-02-15 13:30:00-05:00,67.05000305175781,67.19999694824219,67.05000305175781,67.19999694824219,1725,0.0,0.0,0.0
2023-02-15 14:30:00-05:00,67.05000305175781,67.22000122070312,67.05000305175781,67.14900207519531,6044,0.0,0.0,0.0
2023-02-15 15:30:00-05:00,67.0999984741211,67.4000015258789,67.08999633789062,67.4000015258789,14339,0.0,0.0,0.0
2023-02-16 09:30:00-05:00,66.77999877929688,67.79000091552734,66.77999877929688,67.79000091552734,1621,0.0,0.0,0.0
2023-02-16 10:30:00-05:00,67.63999938964844,67.8499984741211,67.63999938964844,67.78500366210938,1989,0.0,0.0,0.0
2023-02-16 11:30:00-05:00,67.8499984741211,68.25679779052734,67.69999694824219,68.12999725341797,8024,0.0,0.0,0.0
2023-02-16 12:30:00-05:00,68.11000061035156,68.45989990234375,68.018798828125,68.30000305175781,9844,0.0,0.0,0.0
2023-02-16 13:30:00-05:00,68.37000274658203,68.58000183105469,68.10009765625,68.30000305175781,9861,0.0,0.0,0.0
2023-02-16 14:30:00-05:00,68.45999908447266,68.58000183105469,67.9800033569336,68.01840209960938,7846,0.0,0.0,0.0
2023-02-16 15:30:00-05:00,68.43000030517578,68.43000030517578,67.80999755859375,67.8324966430664,10076,0.0,0.0,0.0
2023-02-17 09:30:00-05:00,67.16000366210938,67.51000213623047,67.04000091552734,67.44999694824219,9777,0.0,0.0,0.0
2023-02-17 10:30:00-05:00,67.1500015258789,67.44999694824219,67.02999877929688,67.0999984741211,1776,0.0,0.0,0.0
2023-02-17 11:30:00-05:00,67.1449966430664,67.44999694824219,67.0999984741211,67.44999694824219,14903,0.0,0.0,0.0
2023-02-17 12:30:00-05:00,67.37999725341797,67.5199966430664,67.27999877929688,67.37000274658203,3069,0.0,0.0,0.0
2023-02-17 13:30:00-05:00,67.44999694824219,67.5199966430664,67.22000122070312,67.22000122070312,2472,0.0,0.0,0.0
2023-02-17 14:30:00-05:00,67.37000274658203,67.44999694824219,67.19000244140625,67.27999877929688,11459,0.0,0.0,0.0
2023-02-17 15:30:00-05:00,67.44999694824219,67.44999694824219,67.20999908447266,67.20999908447266,24286,0.0,0.0,0.0
2023-02-21 09:30:00-05:00,67.55999755859375,68.01460266113281,67.3822021484375,67.41000366210938,6495,0.0,0.0,0.0
2023-02-21 10:30:00-05:00,67.60780334472656,67.69000244140625,67.19000244140625,67.19000244140625,2895,0.0,0.0,0.0
2023-02-21 11:30:00-05:00,67.44999694824219,67.44999694824219,66.88999938964844,67.0199966430664,5263,0.0,0.0,0.0
2023-02-21 12:30:00-05:00,67.05000305175781,67.0999984741211,66.66999816894531,66.66999816894531,3836,0.0,0.0,0.0
2023-02-21 13:30:00-05:00,67.0999984741211,67.0999984741211,66.37000274658203,66.37000274658203,3400,0.0,0.0,0.0
2023-02-21 14:30:00-05:00,66.47000122070312,66.4800033569336,66.37000274658203,66.41999816894531,3346,0.0,0.0,0.0
2023-02-21 15:30:00-05:00,66.41000366210938,66.46099853515625,66.33999633789062,66.37999725341797,2231,0.0,0.0,0.0
2023-02-22 09:30:00-05:00,66.19000244140625,66.19000244140625,65.6500015258789,65.80000305175781,9766,0.0,0.0,0.0
2023-02-22 10:30:00-05:00,65.93000030517578,65.95999908447266,65.44080352783203,65.8301010131836,4548,0.0,0.0,0.0
2023-02-22 11:30:00-05:00,66.43000030517578,66.43990325927734,66.4000015258789,66.439697265625,1391,0.0,0.0,0.0
2023-02-22 12:30:00-05:00,66.43000030517578,66.43990325927734,66.27899932861328,66.30000305175781,4895,0.0,0.0,0.0
2023-02-22 13:30:00-05:00,66.30000305175781,66.30000305175781,65.95770263671875,66.19339752197266,1989,0.0,0.0,0.0
2023-02-22 14:30:00-05:00,66.19000244140625,66.19339752197266,65.69999694824219,65.80999755859375,6296,0.0,0.0,0.0
2023-02-22 15:30:00-05:00,65.73500061035156,65.93000030517578,65.69999694824219,65.93000030517578,5446,0.0,0.0,0.0
2023-02-23 09:30:00-05:00,66.63999938964844,66.63999938964844,66.05000305175781,66.29000091552734,4008,0.0,0.0,0.0
2023-02-23 10:30:00-05:00,66.05000305175781,66.29000091552734,65.33999633789062,65.33999633789062,7347,0.0,0.0,0.0
2023-02-23 11:30:00-05:00,65.7300033569336,65.7300033569336,64.8499984741211,65.01000213623047,7886,0.0,0.0,0.0
2023-02-23 12:30:00-05:00,64.93000030517578,65.2699966430664,64.8499984741211,65.12999725341797,6275,0.0,0.0,0.0
2023-02-23 13:30:00-05:00,65.2699966430664,65.55000305175781,65.0999984741211,65.5199966430664,4971,0.0,0.0,0.0
2023-02-23 14:30:00-05:00,65.30000305175781,65.77999877929688,65.30000305175781,65.77999877929688,7636,0.0,0.0,0.0
2023-02-23 15:30:00-05:00,65.67259979248047,65.86000061035156,65.66999816894531,65.86000061035156,7349,0.0,0.0,0.0
2023-02-24 09:30:00-05:00,64.69000244140625,64.69000244140625,63.75,63.81999969482422,16798,0.0,0.0,0.0
2023-02-24 10:30:00-05:00,63.95399856567383,64.25,63.630001068115234,64.25,22264,0.0,0.0,0.0
2023-02-24 11:30:00-05:00,64.19000244140625,64.19000244140625,64.19000244140625,64.19000244140625,141,0.0,0.0,0.0
2023-02-24 12:30:00-05:00,64.19000244140625,64.19000244140625,63.900001525878906,64.12000274658203,1869,0.0,0.0,0.0
2023-02-24 13:30:00-05:00,63.900001525878906,64.16000366210938,63.900001525878906,64.12999725341797,6686,0.0,0.0,0.0
2023-02-24 14:30:00-05:00,64.05999755859375,64.44999694824219,64.05999755859375,64.44999694824219,2539,0.0,0.0,0.0
2023-02-24 15:30:00-05:00,64.44120025634766,64.54000091552734,64.22000122070312,64.47000122070312,119453,0.0,0.0,0.0
2023-02-27 09:30:00-05:00,65.19000244140625,65.68000030517578,64.94000244140625,65.5999984741211,2538,0.0,0.0,0.0
2023-02-27 10:30:00-05:00,65.67949676513672,65.68000030517578,65.18000030517578,65.27359771728516,2512,0.0,0.0,0.0
2023-02-27 11:30:00-05:00,65.20999908447266,65.38500213623047,65.20999908447266,65.38500213623047,1955,0.0,0.0,0.0
2023-02-27 12:30:00-05:00,65.48999786376953,65.48999786376953,65.48999786376953,65.48999786376953,204,0.0,0.0,0.0
2023-02-27 13:30:00-05:00,65.48999786376953,65.76000213623047,65.48999786376953,65.54000091552734,3734,0.0,0.0,0.0
2023-02-27 14:30:00-05:00,65.7300033569336,65.76000213623047,65.45999908447266,65.45999908447266,4086,0.0,0.0,0.0
2023-02-27 15:30:00-05:00,65.45999908447266,65.45999908447266,65.23999786376953,65.30999755859375,3034,0.0,0.0,0.0
2023-02-28 09:30:00-05:00,65.4800033569336,65.76000213623047,65.12000274658203,65.76000213623047,9799,0.0,0.0,0.0
2023-02-28 10:30:00-05:00,65.66999816894531,66.3949966430664,65.56999969482422,66.3949966430664,5897,0.0,0.0,0.0
2023-02-28 11:30:00-05:00,66.16999816894531,66.3949966430664,66.16999816894531,66.18000030517578,2968,0.0,0.0,0.0
2023-02-28 12:30:00-05:00,66.44000244140625,66.44000244140625,66.44000244140625,66.44000244140625,331,0.0,0.0,0.0
2023-02-28 13:30:00-05:00,66.44000244140625,66.6500015258789,66.37000274658203,66.55000305175781,3998,0.0,0.0,0.0
2023-02-28 14:30:00-05:00,66.47000122070312,66.6500015258789,66.3499984741211,66.39250183105469,4135,0.0,0.0,0.0
2023-02-28 15:30:00-05:00,66.37000274658203,66.39250183105469,66.05000305175781,66.05000305175781,3078,0.0,0.0,0.0
2023-03-01 09:30:00-05:00,67.41999816894531,67.95999908447266,67.2300033569336,67.50769805908203,44824,0.0,0.0,0.0
2023-03-01 10:30:00-05:00,67.62000274658203,68.13999938964844,67.62000274658203,67.72000122070312,4694,0.0,0.0,0.0
2023-03-01 11:30:00-05:00,67.77999877929688,68.05000305175781,67.77999877929688,68.04000091552734,1399,0.0,0.0,0.0
2023-03-01 12:30:00-05:00,67.94000244140625,68.37989807128906,67.94000244140625,68.37989807128906,3883,0.0,0.0,0.0
2023-03-01 13:30:00-05:00,68.30390167236328,68.3239974975586,67.95999908447266,68.05999755859375,6492,0.0,0.0,0.0
2023-03-01 14:30:00-05:00,68.02999877929688,68.08999633789062,67.98999786376953,68.0,3418,0.0,0.0,0.0
2023-03-01 15:30:00-05:00,68.0,68.12999725341797,67.94999694824219,68.12999725341797,13993,0.0,0.0,0.0
2023-03-02 09:30:00-05:00,68.01000213623047,68.08999633789062,67.70999908447266,68.00499725341797,7410,0.0,0.0,0.0
2023-03-02 10:30:00-05:00,68.08999633789062,68.48999786376953,68.00499725341797,68.4011001586914,3106,0.0,0.0,0.0
2023-03-02 11:30:00-05:00,68.4000015258789,68.66000366210938,68.4000015258789,68.54000091552734,5978,0.0,0.0,0.0
2023-03-02 12:30:00-05:00,68.59870147705078,68.86000061035156,68.54000091552734,68.658203125,17353,0.0,0.0,0.0
2023-03-02 13:30:00-05:00,68.8499984741211,69.0,68.56999969482422,68.98359680175781,22304,0.0,0.0,0.0
2023-03-02 14:30:00-05:00,68.93000030517578,69.04989624023438,68.83000183105469,68.97000122070312,33207,0.0,0.0,0.0
2023-03-02 15:30:00-05:00,68.95700073242188,69.21990203857422,68.8634033203125,69.13999938964844,82764,0.0,0.0,0.0
2023-03-03 09:30:00-05:00,69.36000061035156,69.80999755859375,69.30999755859375,69.69170379638672,11012,0.0,0.0,0.0
2023-03-03 10:30:00-05:00,69.69000244140625,69.78500366210938,69.55999755859375,69.75,13458,0.0,0.0,0.0
2023-03-03 11:30:00-05:00,69.81990051269531,70.05999755859375,69.66280364990234,70.01300048828125,7242,0.0,0.0,0.0
2023-03-03 12:30:00-05:00,70.0999984741211,70.17559814453125,70.0199966430664,70.13999938964844,4378,0.0,0.0,0.0
2023-03-03 13:30:00-05:00,70.19999694824219,70.23989868164062,70.12000274658203,70.14009857177734,27930,0.0,0.0,0.0
2023-03-03 14:30:00-05:00,70.18289947509766,70.37999725341797,70.16500091552734,70.37999725341797,17548,0.0,0.0,0.0
2023-03-03 15:30:00-05:00,70.2688980102539,70.33999633789062,70.16490173339844,70.26000213623047,20974,0.0,0.0,0.0
2023-03-06 09:30:00-05:00,69.7699966430664,69.7699966430664,68.87010192871094,69.19999694824219,20334,0.0,0.0,0.0
2023-03-06 10:30:00-05:00,69.22000122070312,69.2300033569336,68.79000091552734,68.86000061035156,76450,0.0,0.0,0.0
2023-03-06 11:30:00-05:00,68.87999725341797,68.93000030517578,68.7300033569336,68.7385025024414,44675,0.0,0.0,0.0
2023-03-06 12:30:00-05:00,68.58789825439453,68.5999984741211,68.3833999633789,68.44000244140625,12871,0.0,0.0,0.0
2023-03-06 13:30:00-05:00,68.3917007446289,68.3917007446289,68.08999633789062,68.18000030517578,8150,0.0,0.0,0.0
2023-03-06 14:30:00-05:00,68.31999969482422,68.3499984741211,68.2300033569336,68.23799896240234,4280,0.0,0.0,0.0
2023-03-06 15:30:00-05:00,68.3499984741211,68.5,68.30999755859375,68.5,8965,0.0,0.0,0.0
2023-03-07 09:30:00-05:00,68.43000030517578,68.43000030517578,67.61000061035156,67.76000213623047,7764,0.0,0.0,0.0
2023-03-07 10:30:00-05:00,67.62999725341797,68.10209655761719,67.55999755859375,67.61000061035156,7700,0.0,0.0,0.0
2023-03-07 11:30:00-05:00,67.59500122070312,67.59500122070312,67.59500122070312,67.59500122070312,223,0.0,0.0,0.0
2023-03-07 12:30:00-05:00,67.59500122070312,67.77999877929688,67.41999816894531,67.48999786376953,4304,0.0,0.0,0.0
2023-03-07 13:30:00-05:00,67.4574966430664,67.48999786376953,67.05000305175781,67.05000305175781,7911,0.0,0.0,0.0
2023-03-07 14:30:00-05:00,67.16999816894531,67.19000244140625,67.0,67.19000244140625,12553,0.0,0.0,0.0
2023-03-07 15:30:00-05:00,67.19000244140625,67.25389862060547,67.05999755859375,67.0999984741211,9725,0.0,0.0,0.0
2023-03-08 09:30:00-05:00,67.5199966430664,67.83999633789062,67.37999725341797,67.79109954833984,6388,0.0,0.0,0.0
2023-03-08 10:30:00-05:00,67.58000183105469,68.1500015258789,67.58000183105469,67.58000183105469,8612,0.0,0.0,0.0
2023-03-08 11:30:00-05:00,67.58000183105469,67.70069885253906,67.37999725341797,67.37999725341797,1925,0.0,0.0,0.0
2023-03-08 12:30:00-05:00,67.60990142822266,67.61000061035156,67.37999725341797,67.5,5632,0.0,0.0,0.0
2023-03-08 13:30:00-05:00,67.56999969482422,67.56999969482422,67.3499984741211,67.45379638671875,4627,0.0,0.0,0.0
2023-03-08 15:30:00-05:00,67.70929718017578,68.0199966430664,67.70929718017578,68.01000213623047,10822,0.0,0.0,0.0
2023-03-09 09:30:00-05:00,68.0199966430664,68.0199966430664,67.54010009765625,67.73999786376953,4377,0.0,0.0,0.0
2023-03-09 10:30:00-05:00,67.54010009765625,67.84649658203125,66.75199890136719,66.75199890136719,21722,0.0,0.0,0.0
2023-03-09 11:30:00-05:00,66.83999633789062,66.87000274658203,66.49330139160156,66.59269714355469,3870,0.0,0.0,0.0
2023-03-09 12:30:00-05:00,66.52010345458984,66.59269714355469,66.4800033569336,66.4800033569336,2563,0.0,0.0,0.0
2023-03-09 13:30:00-05:00,66.37010192871094,66.43160247802734,66.25,66.42009735107422,1735,0.0,0.0,0.0
2023-03-09 14:30:00-05:00,66.30500030517578,66.43160247802734,65.80000305175781,65.80000305175781,8377,0.0,0.0,0.0
2023-03-09 15:30:00-05:00,66.06999969482422,66.12409973144531,65.76000213623047,65.91000366210938,18098,0.0,0.0,0.0
2023-03-10 09:30:00-05:00,65.44000244140625,65.81999969482422,64.95999908447266,65.4800033569336,17908,0.0,0.0,0.0
2023-03-10 10:30:00-05:00,65.55000305175781,65.61000061035156,65.16999816894531,65.41999816894531,3602,0.0,0.0,0.0
2023-03-10 11:30:00-05:00,65.37999725341797,65.41999816894531,64.4000015258789,64.5199966430664,7562,0.0,0.0,0.0
2023-03-10 12:30:00-05:00,64.51000213623047,64.62989807128906,63.73569869995117,63.73569869995117,16239,0.0,0.0,0.0
2023-03-10 13:30:00-05:00,63.90999984741211,63.974998474121094,63.25,63.66999816894531,53154,0.0,0.0,0.0
2023-03-10 14:30:00-05:00,63.45000076293945,64.0199966430664,63.41999816894531,63.5900993347168,67917,0.0,0.0,0.0
2023-03-10 15:30:00-05:00,63.768798828125,63.84939956665039,63.45000076293945,63.58000183105469,18718,0.0,0.0,0.0
2023-03-13 09:30:00-04:00,63.09000015258789,63.130001068115234,62.0099983215332,62.7400016784668,19493,0.0,0.0,0.0
2023-03-13 10:30:00-04:00,62.9900016784668,63.4900016784668,62.9900016784668,63.45909881591797,2140,0.0,0.0,0.0
2023-03-13 11:30:00-04:00,63.5099983215332,63.779998779296875,63.224998474121094,63.224998474121094,2462,0.0,0.0,0.0
2023-03-13 12:30:00-04:00,63.08449935913086,63.17890167236328,62.63999938964844,63.11000061035156,264687,0.0,0.0,0.0
2023-03-13 13:30:00-04:00,62.810001373291016,63.31959915161133,62.7400016784668,63.31959915161133,3780,0.0,0.0,0.0
2023-03-13 14:30:00-04:00,62.939998626708984,62.939998626708984,62.63999938964844,62.650001525878906,986,0.0,0.0,0.0
2023-03-13 15:30:00-04:00,62.68000030517578,63.099998474121094,62.63999938964844,62.869998931884766,5470,0.0,0.0,0.0
2023-03-14 09:30:00-04:00,63.08000183105469,64.0,63.08000183105469,63.86009979248047,4698,0.0,0.0,0.0
2023-03-14 10:30:00-04:00,63.90999984741211,64.18309783935547,63.709999084472656,64.18309783935547,2426,0.0,0.0,0.0
2023-03-14 11:30:00-04:00,64.22000122070312,64.22000122070312,63.869998931884766,63.959999084472656,4039,0.0,0.0,0.0
2023-03-14 12:30:00-04:00,63.674598693847656,63.71500015258789,63.2599983215332,63.2599983215332,2483,0.0,0.0,0.0
2023-03-14 13:30:00-04:00,63.2400016784668,63.4900016784668,63.2400016784668,63.4900016784668,856,0.0,0.0,0.0
2023-03-14 14:30:00-04:00,63.390098571777344,63.440101623535156,62.77000045776367,62.9900016784668,2276,0.0,0.0,0.0
2023-03-14 15:30:00-04:00,63.13999938964844,63.41999816894531,63.13999938964844,63.400001525878906,1700,0.0,0.0,0.0
2023-03-15 09:30:00-04:00,61.5,61.5,60.2510986328125,60.2510986328125,18638,0.0,0.0,0.0
2023-03-15 10:30:00-04:00,60.29999923706055,60.48500061035156,59.650001525878906,59.959999084472656,10149,0.0,0.0,0.0
2023-03-15 11:30:00-04:00,59.810001373291016,59.959999084472656,58.41999816894531,58.460601806640625,9921,0.0,0.0,0.0
2023-03-15 12:30:00-04:00,59.09000015258789,59.099998474121094,58.310001373291016,58.929901123046875,102775,0.0,0.0,0.0
2023-03-15 13:30:00-04:00,58.810001373291016,59.23440170288086,58.55500030517578,59.20009994506836,7218,0.0,0.0,0.0
2023-03-15 14:30:00-04:00,58.730098724365234,59.2400016784668,58.55500030517578,59.06999969482422,9051,0.0,0.0,0.0
2023-03-15 15:30:00-04:00,59.2400016784668,59.279998779296875,58.90999984741211,59.279998779296875,17510,0.0,0.0,0.0
2023-03-16 09:30:00-04:00,58.349998474121094,59.15999984741211,58.33660125732422,58.43000030517578,6253,0.0,0.0,0.0
2023-03-16 10:30:00-04:00,58.65999984741211,59.529998779296875,58.63999938964844,59.439998626708984,5995,0.0,0.0,0.0
2023-03-16 11:30:00-04:00,59.3838005065918,59.66239929199219,59.18000030517578,59.59000015258789,7884,0.0,0.0,0.0
2023-03-16 12:30:00-04:00,59.470001220703125,60.290000915527344,59.470001220703125,60.290000915527344,2371,0.0,0.0,0.0
2023-03-16 13:30:00-04:00,60.081298828125,60.081298828125,60.04499816894531,60.04499816894531,915,0.0,0.0,0.0
2023-03-16 14:30:00-04:00,60.1150016784668,60.185001373291016,60.084999084472656,60.16999816894531,2893,0.0,0.0,0.0
2023-03-16 15:30:00-04:00,60.17679977416992,60.220001220703125,60.08000183105469,60.11000061035156,7285,0.0,0.0,0.0
2023-03-17 09:30:00-04:00,60.22999954223633,60.22999954223633,59.56999969482422,59.56999969482422,4546,0.0,0.0,0.0
2023-03-17 10:30:00-04:00,59.34000015258789,59.34000015258789,58.959999084472656,59.19369888305664,1298,0.0,0.0,0.0
2023-03-17 11:30:00-04:00,59.029998779296875,59.38999938964844,59.029998779296875,59.38999938964844,1353,0.0,0.0,0.0
2023-03-17 12:30:00-04:00,59.20989990234375,59.43000030517578,59.20989990234375,59.380001068115234,1477,0.0,0.0,0.0
2023-03-17 13:30:00-04:00,59.22079849243164,59.33000183105469,59.04999923706055,59.04999923706055,5532,0.0,0.0,0.0
2023-03-17 14:30:00-04:00,59.06999969482422,59.18000030517578,58.91999816894531,59.18000030517578,19823,0.0,0.0,0.0
2023-03-17 15:30:00-04:00,59.1349983215332,59.220001220703125,58.970001220703125,58.970001220703125,27445,0.0,0.0,0.0
2023-03-20 09:30:00-04:00,59.4900016784668,60.19169998168945,59.4900016784668,60.05500030517578,7065,0.0,0.0,0.0
2023-03-20 10:30:00-04:00,60.33000183105469,60.66680145263672,60.32400131225586,60.560001373291016,4559,0.0,0.0,0.0
2023-03-20 11:30:00-04:00,60.56999969482422,60.56999969482422,60.130001068115234,60.130001068115234,2854,0.0,0.0,0.0
2023-03-20 12:30:00-04:00,60.244998931884766,60.540000915527344,60.22269821166992,60.540000915527344,3336,0.0,0.0,0.0
2023-03-20 13:30:00-04:00,60.439998626708984,60.45989990234375,60.32149887084961,60.349998474121094,3334,0.0,0.0,0.0
2023-03-20 14:30:00-04:00,60.380001068115234,60.40999984741211,60.2130012512207,60.2599983215332,1677,0.0,0.0,0.0
2023-03-20 15:30:00-04:00,60.27000045776367,60.27000045776367,60.150001525878906,60.150001525878906,4249,0.0,0.0,0.0
2023-03-21 09:30:00-04:00,60.90999984741211,61.560001373291016,60.90999984741211,61.11000061035156,12488,0.0,0.0,0.0
2023-03-21 10:30:00-04:00,60.86000061035156,61.119998931884766,60.810001373291016,61.119998931884766,2012,0.0,0.0,0.0
2023-03-21 11:30:00-04:00,60.86000061035156,61.119998931884766,60.810001373291016,61.084999084472656,3386,0.0,0.0,0.0
2023-03-21 12:30:00-04:00,60.970001220703125,61.27000045776367,60.970001220703125,61.27000045776367,27763,0.0,0.0,0.0
2023-03-21 13:30:00-04:00,61.27000045776367,61.27000045776367,61.099998474121094,61.18000030517578,3677,0.0,0.0,0.0
2023-03-21 14:30:00-04:00,61.23500061035156,61.25,61.16999816894531,61.22999954223633,32767,0.0,0.0,0.0
2023-03-21 15:30:00-04:00,61.23500061035156,61.310001373291016,61.130001068115234,61.13999938964844,36423,0.0,0.0,0.0
2023-03-22 09:30:00-04:00,61.220001220703125,61.220001220703125,61.220001220703125,61.220001220703125,839,0.0,0.0,0.0
2023-03-22 10:30:00-04:00,60.90399932861328,61.07270050048828,60.90399932861328,61.07270050048828,1065,0.0,0.0,0.0
2023-03-22 11:30:00-04:00,60.82500076293945,60.82500076293945,60.768699645996094,60.768699645996094,4737,0.0,0.0,0.0
2023-03-22 12:30:00-04:00,60.77000045776367,60.810001373291016,60.61899948120117,60.730098724365234,5920,0.0,0.0,0.0
2023-03-22 13:30:00-04:00,60.810001373291016,61.2599983215332,60.810001373291016,61.060001373291016,1238,0.0,0.0,0.0
2023-03-22 14:30:00-04:00,61.679901123046875,61.689998626708984,60.709999084472656,61.0,2401,0.0,0.0,0.0
2023-03-22 15:30:00-04:00,60.92599868774414,60.92599868774414,60.150001525878906,60.150001525878906,5527,0.0,0.0,0.0
2023-03-23 09:30:00-04:00,60.290000915527344,61.5099983215332,60.290000915527344,61.41999816894531,4418,0.0,0.0,0.0
2023-03-23 10:30:00-04:00,61.38999938964844,61.918701171875,61.349998474121094,61.88010025024414,11243,0.0,0.0,0.0
2023-03-23 11:30:00-04:00,61.89799880981445,61.918701171875,61.439998626708984,61.439998626708984,2085,0.0,0.0,0.0
2023-03-23 12:30:00-04:00,61.439998626708984,61.448001861572266,61.10200119018555,61.10200119018555,4016,0.0,0.0,0.0
2023-03-23 13:30:00-04:00,60.82310104370117,60.82310104370117,60.54719924926758,60.54719924926758,1094,0.0,0.0,0.0
2023-03-23 14:30:00-04:00,60.709999084472656,60.709999084472656,59.67190170288086,59.88999938964844,8104,0.0,0.0,0.0
2023-03-23 15:30:00-04:00,60.31999969482422,60.40999984741211,59.79999923706055,60.15800094604492,11668,0.0,0.0,0.0
2023-03-24 09:30:00-04:00,59.369998931884766,59.54999923706055,59.0,59.393699645996094,28065,0.0,0.0,0.0
2023-03-24 10:30:00-04:00,59.720001220703125,59.726200103759766,59.400001525878906,59.400001525878906,30200,0.0,0.0,0.0
2023-03-24 11:30:00-04:00,60.060001373291016,60.224998474121094,60.060001373291016,60.224998474121094,2748,0.0,0.0,0.0
2023-03-24 12:30:00-04:00,60.25490188598633,60.438499450683594,60.25490188598633,60.438499450683594,525,0.0,0.0,0.0
2023-03-24 13:30:00-04:00,60.334999084472656,60.45000076293945,60.25,60.310001373291016,2664,0.0,0.0,0.0
2023-03-24 14:30:00-04:00,60.290000915527344,60.456600189208984,60.290000915527344,60.456600189208984,548,0.0,0.0,0.0
2023-03-24 15:30:00-04:00,60.43109893798828,60.4900016784668,60.290000915527344,60.290000915527344,1088,0.0,0.0,0.0
2023-03-27 09:30:00-04:00,61.02000045776367,61.02000045776367,60.56999969482422,60.689998626708984,53751,0.0,0.0,0.0
2023-03-27 10:30:00-04:00,60.852500915527344,60.852500915527344,60.439998626708984,60.5099983215332,4773,0.0,0.0,0.0
2023-03-27 11:30:00-04:00,60.61000061035156,61.28499984741211,60.439998626708984,61.22999954223633,10069,0.0,0.0,0.0
2023-03-27 12:30:00-04:00,60.95000076293945,61.28499984741211,60.95000076293945,61.249298095703125,4221,0.0,0.0,0.0
2023-03-27 13:30:00-04:00,61.30699920654297,61.369998931884766,61.21500015258789,61.36000061035156,11328,0.0,0.0,0.0
2023-03-27 14:30:00-04:00,61.2400016784668,61.45000076293945,61.21500015258789,61.290000915527344,41069,0.0,0.0,0.0
2023-03-27 15:30:00-04:00,61.40999984741211,61.43000030517578,61.040000915527344,61.04999923706055,38469,0.0,0.0,0.0
2023-03-28 09:30:00-04:00,61.040000915527344,61.900001525878906,61.040000915527344,61.810001373291016,5200,0.0,0.0,0.0
2023-03-28 10:30:00-04:00,61.849998474121094,62.060001373291016,61.7400016784668,62.029998779296875,7898,0.0,0.0,0.0
2023-03-28 12:30:00-04:00,62.02799987792969,62.10499954223633,61.880001068115234,61.880001068115234,3331,0.0,0.0,0.0
2023-03-28 13:30:00-04:00,62.10499954223633,62.10499954223633,61.71189880371094,61.86000061035156,3771,0.0,0.0,0.0
2023-03-28 14:30:00-04:00,61.73379898071289,61.86000061035156,61.619998931884766,61.66400146484375,5839,0.0,0.0,0.0
2023-03-28 15:30:00-04:00,61.77000045776367,61.77000045776367,61.577999114990234,61.709999084472656,2815,0.0,0.0,0.0
2023-03-29 09:30:00-04:00,61.91999816894531,62.560001373291016,61.91999816894531,62.4900016784668,9911,0.0,0.0,0.0
2023-03-29 10:30:00-04:00,62.54999923706055,62.560001373291016,62.279998779296875,62.380001068115234,6123,0.0,0.0,0.0
2023-03-29 11:30:00-04:00,62.31999969482422,62.34000015258789,62.29999923706055,62.29999923706055,4138,0.0,0.0,0.0
2023-03-29 12:30:00-04:00,62.16999816894531,62.26900100708008,62.16999816894531,62.26900100708008,910,0.0,0.0,0.0
2023-03-29 13:30:00-04:00,62.16999816894531,62.26900100708008,62.119998931884766,62.154998779296875,2694,0.0,0.0,0.0
2023-03-29 14:30:00-04:00,62.154998779296875,62.33000183105469,62.04800033569336,62.310001373291016,2779,0.0,0.0,0.0
2023-03-29 15:30:00-04:00,62.26499938964844,62.417701721191406,62.22999954223633,62.290000915527344,21033,0.0,0.0,0.0
2023-03-30 09:30:00-04:00,63.36000061035156,63.36000061035156,63.040000915527344,63.285701751708984,8424,0.0,0.0,0.0
2023-03-30 10:30:00-04:00,63.285701751708984,63.285701751708984,63.05500030517578,63.12969970703125,2515,0.0,0.0,0.0
2023-03-30 11:30:00-04:00,63.12969970703125,63.12969970703125,62.93009948730469,63.099998474121094,6533,0.0,0.0,0.0
2023-03-30 12:30:00-04:00,63.04999923706055,63.27000045776367,62.98400115966797,63.27000045776367,5815,0.0,0.0,0.0
2023-03-30 13:30:00-04:00,63.22999954223633,63.27000045776367,62.939998626708984,62.95000076293945,3492,0.0,0.0,0.0
2023-03-30 14:30:00-04:00,63.02000045776367,63.02000045776367,63.0,63.0099983215332,2260,0.0,0.0,0.0
2023-03-30 15:30:00-04:00,63.0099983215332,63.208099365234375,63.0099983215332,63.13999938964844,5202,0.0,0.0,0.0
2023-03-31 09:30:00-04:00,64.08999633789062,64.13999938964844,63.625,63.73500061035156,14033,0.0,0.0,0.0
2023-03-31 10:30:00-04:00,63.77000045776367,63.88999938964844,63.625,63.880001068115234,5289,0.0,0.0,0.0
2023-03-31 11:30:00-04:00,63.7400016784668,63.88999938964844,63.720001220703125,63.77920150756836,2538,0.0,0.0,0.0
2023-03-31 12:30:00-04:00,63.72600173950195,63.77920150756836,63.650001525878906,63.650001525878906,2598,0.0,0.0,0.0
2023-03-31 13:30:00-04:00,63.69599914550781,63.69599914550781,63.529998779296875,63.59989929199219,5110,0.0,0.0,0.0
2023-03-31 14:30:00-04:00,63.61000061035156,63.869998931884766,63.54999923706055,63.869998931884766,5805,0.0,0.0,0.0
2023-03-31 15:30:00-04:00,63.69499969482422,63.869998931884766,63.599998474121094,63.7400016784668,33964,0.0,0.0,0.0
2023-04-03 09:30:00-04:00,64.20999908447266,64.27999877929688,63.850399017333984,64.18499755859375,18071,0.0,0.0,0.0
2023-04-03 10:30:00-04:00,64.04499816894531,64.30999755859375,63.40999984741211,63.40999984741211,20481,0.0,0.0,0.0
2023-04-03 11:30:00-04:00,63.38159942626953,63.529998779296875,63.38159942626953,63.529998779296875,455,0.0,0.0,0.0
2023-04-03 12:30:00-04:00,63.38159942626953,63.804901123046875,63.38159942626953,63.79499816894531,2795,0.0,0.0,0.0
2023-04-03 13:30:00-04:00,63.804901123046875,63.804901123046875,63.560001373291016,63.65999984741211,3258,0.0,0.0,0.0
2023-04-03 14:30:00-04:00,63.709999084472656,63.93000030517578,63.65999984741211,63.93000030517578,6498,0.0,0.0,0.0
2023-04-03 15:30:00-04:00,63.83000183105469,64.04000091552734,63.779998779296875,63.91999816894531,1703,0.0,0.0,0.0
2023-04-04 09:30:00-04:00,63.529998779296875,63.529998779296875,62.15999984741211,62.31999969482422,10268,0.0,0.0,0.0
2023-04-04 10:30:00-04:00,62.31999969482422,62.31999969482422,61.38999938964844,61.439998626708984,14932,0.0,0.0,0.0
2023-04-04 11:30:00-04:00,61.5,61.52000045776367,61.040000915527344,61.310001373291016,31670,0.0,0.0,0.0
2023-04-04 12:30:00-04:00,61.54999923706055,61.54999923706055,61.54999923706055,61.54999923706055,1052,0.0,0.0,0.0
2023-04-04 13:30:00-04:00,61.54999923706055,61.68000030517578,61.46179962158203,61.46179962158203,2999,0.0,0.0,0.0
2023-04-04 14:30:00-04:00,61.46179962158203,61.481201171875,61.290000915527344,61.316200256347656,2427,0.0,0.0,0.0
2023-04-04 15:30:00-04:00,61.29999923706055,61.369998931884766,61.18000030517578,61.36000061035156,5230,0.0,0.0,0.0
2023-04-05 09:30:00-04:00,60.970001220703125,61.099998474121094,60.570098876953125,61.03839874267578,7600,0.0,0.0,0.0
2023-04-05 10:30:00-04:00,61.03839874267578,61.03839874267578,60.619998931884766,60.619998931884766,19469,0.0,0.0,0.0
2023-04-05 11:30:00-04:00,60.650001525878906,60.70000076293945,60.5099983215332,60.5099983215332,3951,0.0,0.0,0.0
2023-04-05 12:30:00-04:00,60.43000030517578,60.5,60.41999816894531,60.4375,1531,0.0,0.0,0.0
2023-04-05 13:30:00-04:00,60.43000030517578,60.5,60.120399475097656,60.38999938964844,9054,0.0,0.0,0.0
2023-04-05 14:30:00-04:00,60.27000045776367,60.4900016784668,60.27000045776367,60.45000076293945,4103,0.0,0.0,0.0
2023-04-05 15:30:00-04:00,60.45000076293945,60.79999923706055,60.45000076293945,60.79999923706055,74606,0.0,0.0,0.0
2023-04-06 09:30:00-04:00,60.7599983215332,60.761199951171875,60.0099983215332,60.67499923706055,5997,0.0,0.0,0.0
2023-04-06 10:30:00-04:00,60.619998931884766,60.720001220703125,60.619998931884766,60.709999084472656,1417,0.0,0.0,0.0
2023-04-06 11:30:00-04:00,60.709999084472656,60.826900482177734,60.619998931884766,60.750099182128906,1901,0.0,0.0,0.0
2023-04-06 12:30:00-04:00,60.74689865112305,60.869998931884766,60.74689865112305,60.869998931884766,2968,0.0,0.0,0.0
2023-04-06 13:30:00-04:00,60.869998931884766,60.88999938964844,60.79499816894531,60.88999938964844,1879,0.0,0.0,0.0
2023-04-06 14:30:00-04:00,60.87200164794922,60.87200164794922,60.779998779296875,60.83000183105469,8401,0.0,0.0,0.0
2023-04-06 15:30:00-04:00,60.87200164794922,60.87200164794922,60.689998626708984,60.72999954223633,10731,0.0,0.0,0.0
2023-04-10 09:30:00-04:00,61.29999923706055,62.43000030517578,61.29999923706055,62.189998626708984,4791,0.0,0.0,0.0
2023-04-10 10:30:00-04:00,62.43000030517578,62.43000030517578,62.150001525878906,62.162601470947266,2509,0.0,0.0,0.0
2023-04-10 11:30:00-04:00,61.77000045776367,61.77000045776367,61.77000045776367,61.77000045776367,281,0.0,0.0,0.0
2023-04-10 12:30:00-04:00,61.89500045776367,61.999000549316406,61.89500045776367,61.939998626708984,6919,0.0,0.0,0.0
2023-04-10 13:30:00-04:00,62.040000915527344,62.040000915527344,62.040000915527344,62.040000915527344,0,0.0,0.0,0.0
2023-04-10 14:30:00-04:00,62.07500076293945,62.099998474121094,62.05500030517578,62.05500030517578,15332,0.0,0.0,0.0
2023-04-10 15:30:00-04:00,62.11000061035156,62.150001525878906,62.09000015258789,62.11000061035156,5470,0.0,0.0,0.0
2023-04-11 09:30:00-04:00,62.939998626708984,64.31169891357422,62.939998626708984,64.19000244140625,7409,0.0,0.0,0.0
2023-04-11 10:30:00-04:00,64.0,64.31169891357422,63.95399856567383,64.1166000366211,4450,0.0,0.0,0.0
2023-04-11 11:30:00-04:00,64.1166000366211,64.26940155029297,64.1166000366211,64.12110137939453,1812,0.0,0.0,0.0
2023-04-11 12:30:00-04:00,64.26940155029297,64.28919982910156,64.12110137939453,64.16000366210938,2773,0.0,0.0,0.0
2023-04-11 13:30:00-04:00,64.17009735107422,64.28990173339844,64.16000366210938,64.22000122070312,7828,0.0,0.0,0.0
2023-04-11 14:30:00-04:00,64.24099731445312,64.4000015258789,64.24099731445312,64.33999633789062,3073,0.0,0.0,0.0
2023-04-11 15:30:00-04:00,64.24099731445312,64.4000015258789,64.05000305175781,64.05000305175781,50455,0.0,0.0,0.0
2023-04-12 09:30:00-04:00,64.37000274658203,64.37000274658203,64.14579772949219,64.33090209960938,5876,0.0,0.0,0.0
2023-04-12 10:30:00-04:00,64.19999694824219,64.33090209960938,63.767398834228516,63.767398834228516,3533,0.0,0.0,0.0
2023-04-12 11:30:00-04:00,63.82500076293945,64.214599609375,63.767398834228516,64.214599609375,5185,0.0,0.0,0.0
2023-04-12 12:30:00-04:00,64.41500091552734,64.41500091552734,64.41500091552734,64.41500091552734,994,0.0,0.0,0.0
2023-04-12 13:30:00-04:00,64.30000305175781,64.30000305175781,64.30000305175781,64.30000305175781,129,0.0,0.0,0.0
2023-04-12 14:30:00-04:00,64.30000305175781,64.30000305175781,64.17790222167969,64.17790222167969,2273,0.0,0.0,0.0
2023-04-12 15:30:00-04:00,63.92919921875,63.92919921875,63.83000183105469,63.83000183105469,7764,0.0,0.0,0.0
2023-04-13 09:30:00-04:00,64.06999969482422,64.39179992675781,63.830101013183594,63.86180114746094,5689,0.0,0.0,0.0
2023-04-13 10:30:00-04:00,63.91999816894531,63.97999954223633,63.83000183105469,63.850399017333984,4578,0.0,0.0,0.0
2023-04-13 11:30:00-04:00,63.97999954223633,63.97999954223633,63.850399017333984,63.904701232910156,2851,0.0,0.0,0.0
2023-04-13 12:30:00-04:00,63.962799072265625,64.18000030517578,63.962799072265625,64.04789733886719,3292,0.0,0.0,0.0
2023-04-13 13:30:00-04:00,64.08999633789062,64.18000030517578,64.01000213623047,64.1500015258789,4542,0.0,0.0,0.0
2023-04-13 14:30:00-04:00,64.11000061035156,64.11000061035156,64.11000061035156,64.11000061035156,660,0.0,0.0,0.0
2023-04-13 15:30:00-04:00,64.11000061035156,64.18990325927734,64.08999633789062,64.08999633789062,3534,0.0,0.0,0.0
2023-04-14 09:30:00-04:00,63.58000183105469,63.970001220703125,63.58000183105469,63.75,3639,0.0,0.0,0.0
2023-04-14 10:30:00-04:00,63.59000015258789,63.59000015258789,63.2400016784668,63.290000915527344,965,0.0,0.0,0.0
2023-04-14 11:30:00-04:00,63.220001220703125,63.310001373291016,63.220001220703125,63.279998779296875,3348,0.0,0.0,0.0
2023-04-14 12:30:00-04:00,63.13999938964844,63.13999938964844,63.13999938964844,63.13999938964844,115,0.0,0.0,0.0
2023-04-14 13:30:00-04:00,63.119998931884766,63.255001068115234,63.119998931884766,63.255001068115234,666,0.0,0.0,0.0
2023-04-14 14:30:00-04:00,63.494998931884766,63.494998931884766,63.27000045776367,63.29999923706055,1404,0.0,0.0,0.0
2023-04-14 15:30:00-04:00,63.358699798583984,63.540000915527344,63.358699798583984,63.41999816894531,1273,0.0,0.0,0.0
2023-04-17 09:30:00-04:00,63.47999954223633,63.99359893798828,63.47999954223633,63.99359893798828,5340,0.0,0.0,0.0
2023-04-17 11:30:00-04:00,63.85499954223633,63.900001525878906,63.7400016784668,63.7400016784668,2297,0.0,0.0,0.0
2023-04-17 12:30:00-04:00,63.7400016784668,63.900001525878906,63.64830017089844,63.64830017089844,1980,0.0,0.0,0.0
2023-04-17 13:30:00-04:00,63.64830017089844,63.650001525878906,63.562400817871094,63.562400817871094,1605,0.0,0.0,0.0
2023-04-17 14:30:00-04:00,63.562400817871094,63.564998626708984,63.54999923706055,63.564998626708984,1916,0.0,0.0,0.0
2023-04-17 15:30:00-04:00,63.62009811401367,63.790000915527344,63.61000061035156,63.790000915527344,4246,0.0,0.0,0.0
2023-04-18 09:30:00-04:00,63.869998931884766,64.3499984741211,63.79999923706055,64.18000030517578,8798,0.0,0.0,0.0
2023-04-18 10:30:00-04:00,64.19999694824219,64.25409698486328,64.12000274658203,64.1500015258789,4466,0.0,0.0,0.0
2023-04-18 11:30:00-04:00,64.25409698486328,64.36000061035156,64.12000274658203,64.36000061035156,2403,0.0,0.0,0.0
2023-04-18 12:30:00-04:00,64.36000061035156,64.45999908447266,64.36000061035156,64.39990234375,3855,0.0,0.0,0.0
2023-04-18 13:30:00-04:00,64.30000305175781,64.30000305175781,64.30000305175781,64.30000305175781,171,0.0,0.0,0.0
2023-04-18 14:30:00-04:00,64.30000305175781,64.3949966430664,64.18689727783203,64.3949966430664,6899,0.0,0.0,0.0
2023-04-18 15:30:00-04:00,64.3949966430664,64.5999984741211,64.3949966430664,64.5999984741211,3054,0.0,0.0,0.0
2023-04-19 09:30:00-04:00,64.08000183105469,64.08000183105469,62.81999969482422,63.06999969482422,6783,0.0,0.0,0.0
2023-04-19 12:30:00-04:00,63.216400146484375,63.216400146484375,63.216400146484375,63.216400146484375,577,0.0,0.0,0.0
2023-04-19 13:30:00-04:00,63.15869903564453,63.2400016784668,63.119998931884766,63.2400016784668,716,0.0,0.0,0.0
2023-04-19 14:30:00-04:00,63.0,63.150001525878906,63.0,63.150001525878906,973,0.0,0.0,0.0
2023-04-19 15:30:00-04:00,63.15999984741211,63.15999984741211,63.0099983215332,63.060001373291016,3700,0.0,0.0,0.0
2023-04-20 09:30:00-04:00,62.540000915527344,63.459999084472656,62.540000915527344,63.459999084472656,6129,0.0,0.0,0.0
2023-04-20 10:30:00-04:00,63.13999938964844,63.859901428222656,63.13999938964844,63.859901428222656,6679,0.0,0.0,0.0
2023-04-20 13:30:00-04:00,63.709999084472656,63.709999084472656,63.619998931884766,63.69990158081055,562,0.0,0.0,0.0
2023-04-20 14:30:00-04:00,63.619998931884766,63.69990158081055,63.115299224853516,63.18000030517578,2083,0.0,0.0,0.0
2023-04-20 15:30:00-04:00,63.18000030517578,63.189998626708984,62.90439987182617,63.02000045776367,2705,0.0,0.0,0.0
2023-04-21 09:30:00-04:00,62.470001220703125,62.470001220703125,61.40999984741211,61.630001068115234,10250,0.0,0.0,0.0
2023-04-21 10:30:00-04:00,61.630001068115234,61.630001068115234,61.04999923706055,61.22999954223633,1929,0.0,0.0,0.0
2023-04-21 11:30:00-04:00,61.04999923706055,61.22999954223633,61.04999923706055,61.11000061035156,4567,0.0,0.0,0.0
2023-04-21 12:30:00-04:00,61.130001068115234,61.23500061035156,61.04999923706055,61.20009994506836,1966,0.0,0.0,0.0
2023-04-21 13:30:00-04:00,61.23500061035156,61.490501403808594,61.20009994506836,61.490501403808594,1984,0.0,0.0,0.0
2023-04-21 14:30:00-04:00,61.51850128173828,61.52000045776367,61.400001525878906,61.52000045776367,4277,0.0,0.0,0.0
2023-04-21 15:30:00-04:00,61.5,61.599998474121094,61.400001525878906,61.58000183105469,4319,0.0,0.0,0.0
2023-04-24 09:30:00-04:00,61.54999923706055,61.99380111694336,61.54999923706055,61.99380111694336,3642,0.0,0.0,0.0
2023-04-24 10:30:00-04:00,61.56999969482422,61.56999969482422,61.56999969482422,61.56999969482422,1152,0.0,0.0,0.0
2023-04-24 12:30:00-04:00,61.720001220703125,61.7328987121582,61.720001220703125,61.720001220703125,506,0.0,0.0,0.0
2023-04-24 13:30:00-04:00,61.720001220703125,61.91999816894531,61.720001220703125,61.91999816894531,2204,0.0,0.0,0.0
2023-04-24 14:30:00-04:00,61.80500030517578,61.97159957885742,61.78010177612305,61.90729904174805,2399,0.0,0.0,0.0
2023-04-24 15:30:00-04:00,61.97159957885742,61.97159957885742,61.849998474121094,61.93170166015625,0,0.0,0.0,0.0
2023-04-25 09:30:00-04:00,60.95000076293945,60.95000076293945,59.810001373291016,59.88999938964844,11033,0.0,0.0,0.0
2023-04-25 10:30:00-04:00,60.20000076293945,60.20000076293945,59.810001373291016,59.88100051879883,2857,0.0,0.0,0.0
2023-04-25 11:30:00-04:00,59.97999954223633,59.97999954223633,59.76900100708008,59.76900100708008,1379,0.0,0.0,0.0
2023-04-25 12:30:00-04:00,59.76900100708008,59.84000015258789,59.5,59.5,812,0.0,0.0,0.0
2023-04-25 13:30:00-04:00,59.5,59.720001220703125,59.5,59.720001220703125,2328,0.0,0.0,0.0
2023-04-25 14:30:00-04:00,59.6510009765625,59.720001220703125,59.599998474121094,59.62009811401367,2275,0.0,0.0,0.0
2023-04-25 15:30:00-04:00,59.602699279785156,59.67020034790039,59.56999969482422,59.56999969482422,1576,0.0,0.0,0.0
2023-04-26 09:30:00-04:00,59.65999984741211,60.130001068115234,59.65999984741211,59.88999938964844,4152,0.0,0.0,0.0
2023-04-26 10:30:00-04:00,60.0,60.04069900512695,60.0,60.04069900512695,409,0.0,0.0,0.0
2023-04-26 11:30:00-04:00,59.93259811401367,60.03850173950195,59.90999984741211,59.912498474121094,3269,0.0,0.0,0.0
2023-04-26 12:30:00-04:00,59.914398193359375,59.914398193359375,59.779998779296875,59.779998779296875,449,0.0,0.0,0.0
2023-04-26 13:30:00-04:00,59.7400016784668,59.7400016784668,59.51380157470703,59.51380157470703,722,0.0,0.0,0.0
2023-04-26 14:30:00-04:00,59.459999084472656,59.459999084472656,59.220001220703125,59.27000045776367,3261,0.0,0.0,0.0
2023-04-26 15:30:00-04:00,59.23500061035156,59.369998931884766,59.20000076293945,59.369998931884766,4017,0.0,0.0,0.0
2023-04-27 09:30:00-04:00,59.560001373291016,60.220001220703125,59.560001373291016,60.220001220703125,2805,0.0,0.0,0.0
2023-04-27 10:30:00-04:00,60.220001220703125,60.220001220703125,59.81999969482422,59.81999969482422,1653,0.0,0.0,0.0
2023-04-27 12:30:00-04:00,60.220001220703125,60.220001220703125,60.14500045776367,60.20000076293945,2390,0.0,0.0,0.0
2023-04-27 13:30:00-04:00,60.220001220703125,60.22999954223633,60.14500045776367,60.22999954223633,2986,0.0,0.0,0.0
2023-04-27 14:30:00-04:00,60.59000015258789,60.81999969482422,60.59000015258789,60.7400016784668,2068,0.0,0.0,0.0
2023-04-27 15:30:00-04:00,60.81999969482422,60.81999969482422,60.720001220703125,60.77000045776367,3672,0.0,0.0,0.0
2023-04-28 09:30:00-04:00,60.099998474121094,60.5,60.09000015258789,60.5,2810,0.0,0.0,0.0
2023-04-28 10:30:00-04:00,60.40999984741211,60.40999984741211,60.40999984741211,60.40999984741211,326,0.0,0.0,0.0
2023-04-28 11:30:00-04:00,60.40999984741211,60.77920150756836,60.40999984741211,60.75,6223,0.0,0.0,0.0
2023-04-28 12:30:00-04:00,60.58000183105469,60.79999923706055,60.52000045776367,60.79999923706055,9560,0.0,0.0,0.0
2023-04-28 13:30:00-04:00,60.79999923706055,60.91999816894531,60.79999923706055,60.909698486328125,8345,0.0,0.0,0.0
2023-04-28 14:30:00-04:00,60.724998474121094,60.900001525878906,60.709999084472656,60.900001525878906,1706,0.0,0.0,0.0
2023-04-28 15:30:00-04:00,60.744998931884766,60.900001525878906,60.744998931884766,60.85350036621094,5220,0.0,0.0,0.0
2023-05-01 09:30:00-04:00,60.75,60.95000076293945,60.650901794433594,60.650901794433594,6272,0.0,0.0,0.0
2023-05-01 10:30:00-04:00,60.7400016784668,60.84339904785156,60.36000061035156,60.369998931884766,11630,0.0,0.0,0.0
2023-05-01 11:30:00-04:00,60.30500030517578,60.33869934082031,60.30500030517578,60.33869934082031,636,0.0,0.0,0.0
2023-05-01 12:30:00-04:00,60.30500030517578,60.5099983215332,60.22999954223633,60.22999954223633,5912,0.0,0.0,0.0
2023-05-01 13:30:00-04:00,60.22999954223633,60.255001068115234,60.06999969482422,60.17509841918945,8698,0.0,0.0,0.0
2023-05-01 15:30:00-04:00,60.31999969482422,60.33000183105469,60.22999954223633,60.22999954223633,3444,0.0,0.0,0.0
2023-05-02 09:30:00-04:00,60.060001373291016,60.060001373291016,58.8650016784668,59.08000183105469,3728,0.0,0.0,0.0
2023-05-02 10:30:00-04:00,59.130001068115234,59.130001068115234,58.540000915527344,58.72010040283203,8458,0.0,0.0,0.0
2023-05-02 11:30:00-04:00,58.59000015258789,58.930599212646484,58.59000015258789,58.83549880981445,1856,0.0,0.0,0.0
2023-05-02 12:30:00-04:00,58.8380012512207,58.90999984741211,58.79999923706055,58.90999984741211,12233,0.0,0.0,0.0
2023-05-02 13:30:00-04:00,59.09000015258789,59.150001525878906,58.9900016784668,58.9900016784668,890,0.0,0.0,0.0
2023-05-02 14:30:00-04:00,58.9900016784668,59.63999938964844,58.9900016784668,59.63999938964844,3252,0.0,0.0,0.0
2023-05-02 15:30:00-04:00,59.38999938964844,59.63999938964844,59.38999938964844,59.5099983215332,1383,0.0,0.0,0.0
2023-05-03 09:30:00-04:00,59.65999984741211,60.08000183105469,59.65999984741211,60.04999923706055,1824,0.0,0.0,0.0
2023-05-03 10:30:00-04:00,60.06999969482422,60.08000183105469,59.924400329589844,59.924400329589844,1145,0.0,0.0,0.0
2023-05-03 11:30:00-04:00,59.96500015258789,59.97999954223633,59.7400016784668,59.97999954223633,2206,0.0,0.0,0.0
2023-05-03 12:30:00-04:00,59.97999954223633,59.97999954223633,59.79999923706055,59.84000015258789,1885,0.0,0.0,0.0
2023-05-03 13:30:00-04:00,59.849998474121094,59.91999816894531,59.68000030517578,59.869998931884766,3874,0.0,0.0,0.0
2023-05-03 14:30:00-04:00,59.779998779296875,60.0,59.68000030517578,59.779998779296875,2975,0.0,0.0,0.0
2023-05-03 15:30:00-04:00,59.40250015258789,59.40250015258789,59.220001220703125,59.220001220703125,2670,0.0,0.0,0.0
2023-05-04 09:30:00-04:00,58.79999923706055,58.850399017333984,57.709999084472656,57.709999084472656,5143,0.0,0.0,0.0
2023-05-04 10:30:00-04:00,57.59000015258789,57.915000915527344,57.59000015258789,57.915000915527344,569,0.0,0.0,0.0
2023-05-04 11:30:00-04:00,57.63999938964844,57.63999938964844,57.47460174560547,57.47460174560547,1643,0.0,0.0,0.0
2023-05-04 12:30:00-04:00,57.41999816894531,57.56990051269531,57.41999816894531,57.56990051269531,473,0.0,0.0,0.0
2023-05-04 13:30:00-04:00,57.709999084472656,57.709999084472656,57.529998779296875,57.529998779296875,875,0.0,0.0,0.0
2023-05-04 14:30:00-04:00,57.400001525878906,57.56999969482422,57.349998474121094,57.5099983215332,9691,0.0,0.0,0.0
2023-05-04 15:30:00-04:00,57.470001220703125,57.470001220703125,57.290000915527344,57.290000915527344,5812,0.0,0.0,0.0
2023-05-05 09:30:00-04:00,58.459999084472656,58.810001373291016,58.459999084472656,58.709999084472656,2068,0.0,0.0,0.0
2023-05-05 10:30:00-04:00,58.709999084472656,58.984500885009766,58.69200134277344,58.984500885009766,2057,0.0,0.0,0.0
2023-05-05 11:30:00-04:00,58.959999084472656,59.13999938964844,58.94020080566406,59.1349983215332,12003,0.0,0.0,0.0
2023-05-05 12:30:00-04:00,58.972599029541016,59.33000183105469,58.94020080566406,59.33000183105469,10873,0.0,0.0,0.0
2023-05-05 13:30:00-04:00,59.28200149536133,59.33000183105469,59.220001220703125,59.290000915527344,1769,0.0,0.0,0.0
2023-05-05 14:30:00-04:00,59.480499267578125,59.650001525878906,59.480499267578125,59.48659896850586,2081,0.0,0.0,0.0
2023-05-05 15:30:00-04:00,59.48659896850586,59.560001373291016,59.290000915527344,59.290000915527344,11465,0.0,0.0,0.0
2023-05-08 09:30:00-04:00,59.459999084472656,60.47999954223633,59.459999084472656,59.7400016784668,6122,0.0,0.0,0.0
2023-05-08 10:30:00-04:00,59.604000091552734,59.650001525878906,59.45000076293945,59.45000076293945,2280,0.0,0.0,0.0
2023-05-08 11:30:00-04:00,59.400001525878906,59.41999816894531,59.290000915527344,59.41999816894531,12738,0.0,0.0,0.0
2023-05-08 12:30:00-04:00,59.47999954223633,59.47999954223633,59.2599983215332,59.2599983215332,2306,0.0,0.0,0.0
2023-05-08 13:30:00-04:00,59.150001525878906,59.293800354003906,59.150001525878906,59.293800354003906,3674,0.0,0.0,0.0
2023-05-08 14:30:00-04:00,59.37919998168945,59.37919998168945,59.37919998168945,59.37919998168945,601,0.0,0.0,0.0
2023-05-08 15:30:00-04:00,59.209999084472656,59.23500061035156,59.150001525878906,59.209999084472656,2402,0.0,0.0,0.0
2023-05-09 09:30:00-04:00,58.630001068115234,59.20000076293945,58.220001220703125,59.20000076293945,5634,0.0,0.0,0.0
2023-05-09 10:30:00-04:00,59.20000076293945,59.435001373291016,59.01499938964844,59.435001373291016,9142,0.0,0.0,0.0
2023-05-09 11:30:00-04:00,59.2400016784668,59.68000030517578,59.2400016784668,59.68000030517578,6594,0.0,0.0,0.0
2023-05-09 12:30:00-04:00,59.50199890136719,59.68000030517578,59.50199890136719,59.599998474121094,17312,0.0,0.0,0.0
2023-05-09 13:30:00-04:00,59.810001373291016,59.810001373291016,59.810001373291016,59.810001373291016,1913,0.0,0.0,0.0
2023-05-09 14:30:00-04:00,59.810001373291016,59.810001373291016,59.540000915527344,59.540000915527344,2307,0.0,0.0,0.0
2023-05-09 15:30:00-04:00,59.540000915527344,59.540000915527344,59.38999938964844,59.38999938964844,24860,0.0,0.0,0.0
2023-05-10 09:30:00-04:00,59.66999816894531,60.029998779296875,59.03519821166992,59.06999969482422,3622,0.0,0.0,0.0
2023-05-10 10:30:00-04:00,59.06999969482422,59.06999969482422,58.439998626708984,58.689998626708984,17088,0.0,0.0,0.0
2023-05-10 11:30:00-04:00,58.664798736572266,58.73320007324219,58.41999816894531,58.41999816894531,38321,0.0,0.0,0.0
2023-05-10 12:30:00-04:00,58.470001220703125,58.470001220703125,58.22169876098633,58.22169876098633,13778,0.0,0.0,0.0
2023-05-10 13:30:00-04:00,58.310001373291016,58.474998474121094,58.06999969482422,58.474998474121094,8655,0.0,0.0,0.0
2023-05-10 14:30:00-04:00,58.459999084472656,58.779998779296875,58.459999084472656,58.779998779296875,2132,0.0,0.0,0.0
2023-05-10 15:30:00-04:00,58.70000076293945,58.880001068115234,58.66310119628906,58.79999923706055,62292,0.0,0.0,0.0
2023-05-11 09:30:00-04:00,57.540000915527344,57.540000915527344,57.290000915527344,57.38999938964844,9260,0.0,0.0,0.0
2023-05-11 10:30:00-04:00,57.290000915527344,57.85860061645508,57.290000915527344,57.7504997253418,7109,0.0,0.0,0.0
2023-05-11 11:30:00-04:00,57.7333984375,57.913700103759766,57.59000015258789,57.83000183105469,8603,0.0,0.0,0.0
2023-05-11 12:30:00-04:00,57.609901428222656,57.869998931884766,57.59000015258789,57.810001373291016,5308,0.0,0.0,0.0
2023-05-11 13:30:00-04:00,57.810001373291016,57.810001373291016,57.670101165771484,57.67020034790039,2888,0.0,0.0,0.0
2023-05-11 14:30:00-04:00,57.70899963378906,57.93159866333008,57.670101165771484,57.839698791503906,2798,0.0,0.0,0.0
2023-05-11 15:30:00-04:00,57.81999969482422,57.839698791503906,57.72999954223633,57.790000915527344,8716,0.0,0.0,0.0
2023-05-12 09:30:00-04:00,57.90999984741211,58.25,57.90999984741211,58.09000015258789,3663,0.0,0.0,0.0
2023-05-12 10:30:00-04:00,58.189998626708984,58.279998779296875,58.029998779296875,58.06999969482422,6007,0.0,0.0,0.0
2023-05-12 11:30:00-04:00,58.09000015258789,58.112701416015625,57.93000030517578,57.93000030517578,5289,0.0,0.0,0.0
2023-05-12 12:30:00-04:00,58.06999969482422,58.06999969482422,57.790000915527344,57.81230163574219,4072,0.0,0.0,0.0
2023-05-12 13:30:00-04:00,57.875,57.93000030517578,57.70000076293945,57.7041015625,4415,0.0,0.0,0.0
2023-05-12 14:30:00-04:00,57.7599983215332,57.82600021362305,57.70000076293945,57.82600021362305,20204,0.0,0.0,0.0
2023-05-12 15:30:00-04:00,57.77000045776367,57.872100830078125,57.70000076293945,57.872100830078125,17568,0.0,0.0,0.0
2023-05-15 09:30:00-04:00,58.209999084472656,58.59000015258789,58.209999084472656,58.51089859008789,2611,0.0,0.0,0.0
2023-05-15 10:30:00-04:00,58.59000015258789,58.63999938964844,58.31999969482422,58.58000183105469,11425,0.0,0.0,0.0
2023-05-15 12:30:00-04:00,58.90999984741211,58.90999984741211,58.72999954223633,58.75,2898,0.0,0.0,0.0
2023-05-15 13:30:00-04:00,58.66239929199219,58.66239929199219,58.66239929199219,58.66239929199219,416,0.0,0.0,0.0
2023-05-15 14:30:00-04:00,58.755001068115234,58.755001068115234,58.65999984741211,58.65999984741211,1592,0.0,0.0,0.0
2023-05-15 15:30:00-04:00,58.755001068115234,58.84989929199219,58.62009811401367,58.83300018310547,2442,0.0,0.0,0.0
2023-05-16 09:30:00-04:00,58.08000183105469,58.43339920043945,58.08000183105469,58.220001220703125,1188,0.0,0.0,0.0
2023-05-16 10:30:00-04:00,57.79999923706055,57.79999923706055,57.79999923706055,57.79999923706055,288,0.0,0.0,0.0
2023-05-16 11:30:00-04:00,57.8400993347168,57.97999954223633,57.8400993347168,57.95000076293945,1290,0.0,0.0,0.0
2023-05-16 12:30:00-04:00,57.87799835205078,57.87799835205078,57.8400993347168,57.8400993347168,448,0.0,0.0,0.0
2023-05-16 13:30:00-04:00,57.78990173339844,57.78990173339844,57.73500061035156,57.73500061035156,507,0.0,0.0,0.0
2023-05-16 14:30:00-04:00,57.5447998046875,57.5447998046875,57.42340087890625,57.42340087890625,437,0.0,0.0,0.0
2023-05-16 15:30:00-04:00,57.4453010559082,57.4453010559082,57.29999923706055,57.3120002746582,0,0.0,0.0,0.0
2023-05-17 09:30:00-04:00,58.08000183105469,58.560001373291016,58.08000183105469,58.560001373291016,3962,0.0,0.0,0.0
2023-05-17 10:30:00-04:00,58.20000076293945,58.70709991455078,58.20000076293945,58.70709991455078,4055,0.0,0.0,0.0
2023-05-17 11:30:00-04:00,58.494998931884766,58.720001220703125,58.494998931884766,58.720001220703125,4244,0.0,0.0,0.0
2023-05-17 12:30:00-04:00,58.720001220703125,59.13800048828125,58.720001220703125,59.13800048828125,1818,0.0,0.0,0.0
2023-05-17 13:30:00-04:00,59.13800048828125,59.18000030517578,59.029998779296875,59.029998779296875,3502,0.0,0.0,0.0
2023-05-17 14:30:00-04:00,59.029998779296875,59.029998779296875,58.939998626708984,58.959999084472656,2132,0.0,0.0,0.0
2023-05-17 15:30:00-04:00,58.959999084472656,59.060001373291016,58.91999816894531,58.939998626708984,26739,0.0,0.0,0.0
2023-05-18 09:30:00-04:00,58.689998626708984,58.689998626708984,58.20000076293945,58.20000076293945,4272,0.0,0.0,0.0
2023-05-18 10:30:00-04:00,58.70000076293945,58.70000076293945,58.64500045776367,58.660400390625,1548,0.0,0.0,0.0
2023-05-18 11:30:00-04:00,58.64500045776367,58.84000015258789,58.54999923706055,58.54999923706055,2590,0.0,0.0,0.0
2023-05-18 12:30:00-04:00,58.580501556396484,58.580501556396484,58.580501556396484,58.580501556396484,764,0.0,0.0,0.0
2023-05-18 13:30:00-04:00,58.704200744628906,58.704200744628906,58.704200744628906,58.704200744628906,212,0.0,0.0,0.0
2023-05-18 14:30:00-04:00,58.704200744628906,59.0,58.704200744628906,58.939998626708984,1682,0.0,0.0,0.0
2023-05-18 15:30:00-04:00,58.94499969482422,59.290000915527344,58.939998626708984,59.290000915527344,2088,0.0,0.0,0.0
2023-05-19 09:30:00-04:00,59.08000183105469,59.5,58.959999084472656,58.959999084472656,1145,0.0,0.0,0.0
2023-05-19 11:30:00-04:00,58.689998626708984,58.689998626708984,58.689998626708984,58.689998626708984,970,0.0,0.0,0.0
2023-05-19 12:30:00-04:00,58.69459915161133,58.69459915161133,58.69459915161133,58.69459915161133,1818,0.0,0.0,0.0
2023-05-19 14:30:00-04:00,58.54309844970703,58.709999084472656,58.54309844970703,58.709999084472656,1237,0.0,0.0,0.0
2023-05-19 15:30:00-04:00,58.709999084472656,58.779998779296875,58.6150016784668,58.7599983215332,5737,0.0,0.0,0.0
2023-05-22 09:30:00-04:00,58.709999084472656,59.040000915527344,58.63479995727539,58.935001373291016,4031,0.0,0.0,0.0
2023-05-22 10:30:00-04:00,58.63479995727539,59.040000915527344,58.63479995727539,58.904998779296875,43613,0.0,0.0,0.0
2023-05-22 11:30:00-04:00,58.834999084472656,59.150001525878906,58.834999084472656,59.11000061035156,2148,0.0,0.0,0.0
2023-05-22 12:30:00-04:00,59.150001525878906,59.2599983215332,59.11000061035156,59.2599983215332,1796,0.0,0.0,0.0
2023-05-22 13:30:00-04:00,59.2599983215332,59.27000045776367,59.16999816894531,59.2599983215332,3573,0.0,0.0,0.0
2023-05-22 14:30:00-04:00,59.170101165771484,59.2599983215332,59.150001525878906,59.150001525878906,4230,0.0,0.0,0.0
2023-05-22 15:30:00-04:00,59.16999816894531,59.16999816894531,59.02000045776367,59.040000915527344,0,0.0,0.0,0.0
2023-05-23 09:30:00-04:00,59.279998779296875,59.279998779296875,58.08000183105469,58.66339874267578,8268,0.0,0.0,0.0
2023-05-23 10:30:00-04:00,58.6442985534668,58.69990158081055,58.6349983215332,58.68000030517578,8579,0.0,0.0,0.0
2023-05-23 11:30:00-04:00,58.6442985534668,58.724998474121094,58.6349983215332,58.724998474121094,9788,0.0,0.0,0.0
2023-05-23 12:30:00-04:00,58.724998474121094,58.724998474121094,58.45000076293945,58.66999816894531,2635,0.0,0.0,0.0
2023-05-23 13:30:00-04:00,58.4900016784668,58.4900016784668,58.4900016784668,58.4900016784668,108,0.0,0.0,0.0
2023-05-23 14:30:00-04:00,58.4900016784668,58.4900016784668,58.260101318359375,58.45000076293945,2589,0.0,0.0,0.0
2023-05-23 15:30:00-04:00,58.31999969482422,58.493499755859375,58.31999969482422,58.44049835205078,1362,0.0,0.0,0.0
2023-05-24 09:30:00-04:00,57.56999969482422,57.56999969482422,57.2495002746582,57.38859939575195,2003,0.0,0.0,0.0
2023-05-24 10:30:00-04:00,57.279998779296875,57.31999969482422,57.279998779296875,57.31999969482422,898,0.0,0.0,0.0
2023-05-24 11:30:00-04:00,57.40999984741211,57.40999984741211,57.27000045776367,57.27000045776367,524,0.0,0.0,0.0
2023-05-24 12:30:00-04:00,57.40999984741211,57.40999984741211,57.12009811401367,57.130001068115234,3550,0.0,0.0,0.0
2023-05-24 13:30:00-04:00,57.237701416015625,57.237701416015625,57.01100158691406,57.01100158691406,1547,0.0,0.0,0.0
2023-05-24 14:30:00-04:00,57.237701416015625,57.237701416015625,56.820098876953125,57.1254997253418,7051,0.0,0.0,0.0
2023-05-24 15:30:00-04:00,56.89849853515625,57.2400016784668,56.820098876953125,57.10409927368164,3693,0.0,0.0,0.0
2023-05-25 09:30:00-04:00,56.820899963378906,57.0,56.689998626708984,56.7400016784668,5220,0.0,0.0,0.0
2023-05-25 10:30:00-04:00,57.0,57.0,56.52000045776367,56.60279846191406,3861,0.0,0.0,0.0
2023-05-25 11:30:00-04:00,56.83000183105469,56.83000183105469,56.459999084472656,56.619998931884766,1489,0.0,0.0,0.0
2023-05-25 12:30:00-04:00,56.619998931884766,56.77000045776367,56.619998931884766,56.72999954223633,1100,0.0,0.0,0.0
2023-05-25 13:30:00-04:00,56.900001525878906,56.919498443603516,56.900001525878906,56.919498443603516,1284,0.0,0.0,0.0
2023-05-25 14:30:00-04:00,56.77000045776367,56.93000030517578,56.77000045776367,56.93000030517578,471,0.0,0.0,0.0
2023-05-25 15:30:00-04:00,56.77000045776367,56.95000076293945,56.77000045776367,56.84479904174805,21745,0.0,0.0,0.0
2023-05-26 09:30:00-04:00,58.13999938964844,58.13999938964844,57.38999938964844,57.84000015258789,16603,0.0,0.0,0.0
2023-05-26 10:30:00-04:00,57.38999938964844,57.84000015258789,57.33000183105469,57.33000183105469,15841,0.0,0.0,0.0
2023-05-26 11:30:00-04:00,57.47999954223633,57.59000015258789,57.26499938964844,57.59000015258789,2234,0.0,0.0,0.0
2023-05-26 12:30:00-04:00,57.59000015258789,57.677799224853516,57.41849899291992,57.66999816894531,5256,0.0,0.0,0.0
2023-05-26 13:30:00-04:00,57.540000915527344,57.677799224853516,57.52000045776367,57.58100128173828,18283,0.0,0.0,0.0
2023-05-26 14:30:00-04:00,57.630001068115234,57.720001220703125,57.52000045776367,57.689998626708984,11516,0.0,0.0,0.0
2023-05-26 15:30:00-04:00,57.70500183105469,57.720001220703125,57.619998931884766,57.619998931884766,3751,0.0,0.0,0.0
2023-05-30 09:30:00-04:00,57.09000015258789,57.09000015258789,56.35499954223633,56.35499954223633,5884,0.0,0.0,0.0
2023-05-30 10:30:00-04:00,56.47999954223633,56.47999954223633,56.25,56.30500030517578,38286,0.0,0.0,0.0
2023-05-30 11:30:00-04:00,56.38399887084961,56.42729949951172,56.25,56.348899841308594,34868,0.0,0.0,0.0
2023-05-30 12:30:00-04:00,56.348899841308594,56.348899841308594,56.04999923706055,56.04999923706055,4868,0.0,0.0,0.0
2023-05-30 13:30:00-04:00,56.040000915527344,56.040000915527344,56.040000915527344,56.040000915527344,3118,0.0,0.0,0.0
2023-05-30 14:30:00-04:00,56.2765998840332,56.310001373291016,56.2765998840332,56.310001373291016,2023,0.0,0.0,0.0
2023-05-30 15:30:00-04:00,56.2765998840332,56.38999938964844,56.2765998840332,56.29999923706055,24827,0.0,0.0,0.0
2023-05-31 09:30:00-04:00,55.77000045776367,55.880001068115234,55.400001525878906,55.470001220703125,4222,0.0,0.0,0.0
2023-05-31 10:30:00-04:00,55.369998931884766,55.572200775146484,55.189998626708984,55.189998626708984,1339,0.0,0.0,0.0
2023-05-31 11:30:00-04:00,55.22999954223633,55.318599700927734,55.22999954223633,55.318599700927734,981,0.0,0.0,0.0
2023-05-31 12:30:00-04:00,55.42729949951172,55.42729949951172,55.380001068115234,55.380001068115234,3729,0.0,0.0,0.0
2023-05-31 13:30:00-04:00,55.689998626708984,55.689998626708984,55.560001373291016,55.560001373291016,245,0.0,0.0,0.0
2023-05-31 14:30:00-04:00,55.56999969482422,55.58489990234375,55.52000045776367,55.58000183105469,739,0.0,0.0,0.0
2023-05-31 15:30:00-04:00,55.64189910888672,55.70000076293945,55.64189910888672,55.64189910888672,1154,0.0,0.0,0.0
2023-06-01 09:30:00-04:00,56.130001068115234,56.130001068115234,56.029998779296875,56.029998779296875,1405,0.0,0.0,0.0
2023-06-01 10:30:00-04:00,56.029998779296875,56.2400016784668,56.029998779296875,56.2400016784668,1619,0.0,0.0,0.0
2023-06-01 13:30:00-04:00,56.67839813232422,56.877601623535156,56.67839813232422,56.85499954223633,2130,0.0,0.0,0.0
2023-06-01 14:30:00-04:00,56.845001220703125,56.845001220703125,56.845001220703125,56.845001220703125,166,0.0,0.0,0.0
2023-06-01 15:30:00-04:00,56.845001220703125,56.845001220703125,56.68000030517578,56.7234001159668,376,0.0,0.0,0.0
2023-06-02 09:30:00-04:00,59.095001220703125,59.2400016784668,58.878501892089844,59.2400016784668,8819,0.0,0.0,0.0
2023-06-02 10:30:00-04:00,58.88999938964844,59.54999923706055,58.88999938964844,59.54999923706055,4314,0.0,0.0,0.0
2023-06-02 11:30:00-04:00,59.529998779296875,59.75,59.47999954223633,59.739898681640625,9833,0.0,0.0,0.0
2023-06-02 12:30:00-04:00,59.6431999206543,59.75,59.6431999206543,59.68000030517578,10482,0.0,0.0,0.0
2023-06-02 13:30:00-04:00,59.720001220703125,59.75090026855469,59.720001220703125,59.75090026855469,918,0.0,0.0,0.0
2023-06-02 14:30:00-04:00,59.720001220703125,59.81010055541992,59.720001220703125,59.769901275634766,4166,0.0,0.0,0.0
2023-06-02 15:30:00-04:00,59.790000915527344,59.84560012817383,59.75,59.7599983215332,5576,0.0,0.0,0.0
2023-06-05 09:30:00-04:00,59.95000076293945,59.95000076293945,59.04999923706055,59.04999923706055,3883,0.0,0.0,0.0
2023-06-05 10:30:00-04:00,59.15999984741211,59.15999984741211,59.15999984741211,59.15999984741211,426,0.0,0.0,0.0
2023-06-05 11:30:00-04:00,59.45000076293945,59.45000076293945,59.45000076293945,59.45000076293945,1736,0.0,0.0,0.0
2023-06-05 12:30:00-04:00,59.61000061035156,59.720001220703125,59.56869888305664,59.56869888305664,1514,0.0,0.0,0.0
2023-06-05 13:30:00-04:00,59.68000030517578,59.81999969482422,59.68000030517578,59.695701599121094,1691,0.0,0.0,0.0
2023-06-05 14:30:00-04:00,59.529998779296875,59.65019989013672,59.470001220703125,59.5,7463,0.0,0.0,0.0
2023-06-05 15:30:00-04:00,59.349998474121094,59.470001220703125,59.349998474121094,59.36000061035156,5806,0.0,0.0,0.0
2023-06-06 09:30:00-04:00,59.66999816894531,60.0890998840332,59.66999816894531,60.0890998840332,4704,0.0,0.0,0.0
2023-06-06 10:30:00-04:00,60.474998474121094,60.540000915527344,60.369998931884766,60.369998931884766,957,0.0,0.0,0.0
2023-06-06 11:30:00-04:00,60.474998474121094,60.601200103759766,60.369998931884766,60.601200103759766,11509,0.0,0.0,0.0
2023-06-06 12:30:00-04:00,60.540000915527344,60.540000915527344,60.380001068115234,60.380001068115234,1382,0.0,0.0,0.0
2023-06-06 13:30:00-04:00,60.439998626708984,60.439998626708984,60.310001373291016,60.310001373291016,4211,0.0,0.0,0.0
2023-06-06 14:30:00-04:00,60.40999984741211,60.684200286865234,60.310001373291016,60.630001068115234,6434,0.0,0.0,0.0
2023-06-06 15:30:00-04:00,60.540199279785156,60.689998626708984,60.540199279785156,60.689998626708984,1839,0.0,0.0,0.0
2023-06-07 09:30:00-04:00,60.54999923706055,61.5,60.54999923706055,61.5,3782,0.0,0.0,0.0
2023-06-07 10:30:00-04:00,61.38999938964844,61.4900016784668,61.20000076293945,61.3650016784668,2383,0.0,0.0,0.0
2023-06-07 11:30:00-04:00,61.55830001831055,61.55830001831055,61.5099983215332,61.5099983215332,717,0.0,0.0,0.0
2023-06-07 12:30:00-04:00,61.22999954223633,61.32170104980469,61.130001068115234,61.13999938964844,515,0.0,0.0,0.0
2023-06-07 13:30:00-04:00,61.09000015258789,61.38999938964844,61.09000015258789,61.38999938964844,1656,0.0,0.0,0.0
2023-06-07 14:30:00-04:00,61.400901794433594,61.400901794433594,61.28960037231445,61.28960037231445,532,0.0,0.0,0.0
2023-06-07 15:30:00-04:00,61.26639938354492,61.44110107421875,61.26639938354492,61.44110107421875,0,0.0,0.0,0.0
2023-06-08 09:30:00-04:00,61.869998931884766,61.869998931884766,61.16999816894531,61.22529983520508,4799,0.0,0.0,0.0
2023-06-08 10:30:00-04:00,61.22529983520508,61.439998626708984,61.22529983520508,61.36000061035156,1902,0.0,0.0,0.0
2023-06-08 11:30:00-04:00,61.36000061035156,61.45000076293945,61.23500061035156,61.45000076293945,3493,0.0,0.0,0.0
2023-06-08 12:30:00-04:00,61.40999984741211,61.64500045776367,61.40999984741211,61.64500045776367,1167,0.0,0.0,0.0
2023-06-08 13:30:00-04:00,61.64500045776367,61.66999816894531,61.47999954223633,61.52000045776367,6449,0.0,0.0,0.0
2023-06-08 14:30:00-04:00,61.723201751708984,61.723201751708984,61.723201751708984,61.723201751708984,632,0.0,0.0,0.0
2023-06-08 15:30:00-04:00,61.723201751708984,61.792198181152344,61.723201751708984,61.792198181152344,1344,0.0,0.0,0.0
2023-06-09 09:30:00-04:00,61.560001373291016,61.779998779296875,61.487098693847656,61.779998779296875,1723,0.0,0.0,0.0
2023-06-09 10:30:00-04:00,61.66999816894531,61.91999816894531,61.66999816894531,61.90999984741211,2711,0.0,0.0,0.0
2023-06-09 11:30:00-04:00,61.45500183105469,61.5099983215332,61.45500183105469,61.5099983215332,1674,0.0,0.0,0.0
2023-06-09 12:30:00-04:00,61.5099983215332,61.5099983215332,61.440101623535156,61.440101623535156,2416,0.0,0.0,0.0
2023-06-09 13:30:00-04:00,61.459999084472656,61.470001220703125,61.4010009765625,61.470001220703125,7688,0.0,0.0,0.0
2023-06-09 14:30:00-04:00,61.29499816894531,61.33000183105469,61.279998779296875,61.314998626708984,1735,0.0,0.0,0.0
2023-06-09 15:30:00-04:00,61.29499816894531,61.38999938964844,61.279998779296875,61.380001068115234,3227,0.0,0.0,0.0
2023-06-12 09:30:00-04:00,60.70000076293945,60.91999816894531,60.400001525878906,60.91999816894531,8425,0.0,0.0,0.0
2023-06-12 10:30:00-04:00,60.90999984741211,60.90999984741211,60.81999969482422,60.82099914550781,2372,0.0,0.0,0.0
2023-06-12 11:30:00-04:00,61.33000183105469,61.4900016784668,61.279998779296875,61.279998779296875,2483,0.0,0.0,0.0
2023-06-12 12:30:00-04:00,61.279998779296875,61.36000061035156,61.279998779296875,61.33449935913086,1776,0.0,0.0,0.0
2023-06-12 13:30:00-04:00,61.2400016784668,61.31999969482422,61.2400016784668,61.28499984741211,36247,0.0,0.0,0.0
2023-06-12 14:30:00-04:00,61.301700592041016,61.369998931884766,61.301700592041016,61.34000015258789,1142,0.0,0.0,0.0
2023-06-12 15:30:00-04:00,61.33000183105469,61.5,61.32849884033203,61.32849884033203,0,0.0,0.0,0.0
2023-06-13 09:30:00-04:00,61.56999969482422,63.0,61.56999969482422,63.0,4225,0.0,0.0,0.0
2023-06-13 10:30:00-04:00,62.900001525878906,62.90810012817383,62.77000045776367,62.834999084472656,4385,0.0,0.0,0.0
2023-06-13 11:30:00-04:00,62.723201751708984,62.723201751708984,62.689998626708984,62.689998626708984,1118,0.0,0.0,0.0
2023-06-13 12:30:00-04:00,62.81449890136719,62.880001068115234,62.7599983215332,62.7765998840332,1889,0.0,0.0,0.0
2023-06-13 13:30:00-04:00,62.69580078125,62.69580078125,62.69580078125,62.69580078125,666,0.0,0.0,0.0
2023-06-13 14:30:00-04:00,62.541099548339844,62.779998779296875,62.541099548339844,62.720001220703125,1632,0.0,0.0,0.0
2023-06-13 15:30:00-04:00,62.68000030517578,62.77000045776367,62.68000030517578,62.77000045776367,9380,0.0,0.0,0.0
2023-06-14 09:30:00-04:00,63.790000915527344,63.96540069580078,63.52859878540039,63.52859878540039,2409,0.0,0.0,0.0
2023-06-14 10:30:00-04:00,63.5,63.5,63.45000076293945,63.45000076293945,987,0.0,0.0,0.0
2023-06-14 11:30:00-04:00,63.470001220703125,63.470001220703125,63.060001373291016,63.13999938964844,1579,0.0,0.0,0.0
2023-06-14 12:30:00-04:00,63.056800842285156,63.09379959106445,63.056800842285156,63.09379959106445,598,0.0,0.0,0.0
2023-06-14 13:30:00-04:00,62.574798583984375,62.574798583984375,62.539100646972656,62.539100646972656,602,0.0,0.0,0.0
2023-06-14 14:30:00-04:00,62.37189865112305,62.90129852294922,62.37189865112305,62.90129852294922,5646,0.0,0.0,0.0
2023-06-14 15:30:00-04:00,62.790000915527344,62.790000915527344,62.7400016784668,62.779998779296875,1574,0.0,0.0,0.0
2023-06-15 09:30:00-04:00,62.40999984741211,62.88999938964844,62.40999984741211,62.88999938964844,2026,0.0,0.0,0.0
2023-06-15 10:30:00-04:00,62.65999984741211,63.20000076293945,62.65999984741211,63.20000076293945,1316,0.0,0.0,0.0
2023-06-15 11:30:00-04:00,63.0994987487793,63.0994987487793,62.9380989074707,62.9380989074707,802,0.0,0.0,0.0
2023-06-15 12:30:00-04:00,62.90959930419922,62.90959930419922,62.875,62.875,433,0.0,0.0,0.0
2023-06-15 13:30:00-04:00,63.0099983215332,63.0099983215332,62.967201232910156,62.967201232910156,2587,0.0,0.0,0.0
2023-06-15 14:30:00-04:00,63.06999969482422,63.2599983215332,63.06999969482422,63.2599983215332,2603,0.0,0.0,0.0
2023-06-15 15:30:00-04:00,63.375,63.400001525878906,63.375,63.400001525878906,560,0.0,0.0,0.0
2023-06-16 09:30:00-04:00,63.5099983215332,63.5099983215332,62.79999923706055,62.88999938964844,16089,0.0,0.0,0.0
2023-06-16 10:30:00-04:00,62.88999938964844,63.0,62.849998474121094,62.900001525878906,9201,0.0,0.0,0.0
2023-06-16 11:30:00-04:00,62.974998474121094,62.974998474121094,62.65999984741211,62.81999969482422,3711,0.0,0.0,0.0
2023-06-16 12:30:00-04:00,62.720001220703125,63.029998779296875,62.65999984741211,62.88010025024414,3019,0.0,0.0,0.0
2023-06-16 13:30:00-04:00,63.029998779296875,63.029998779296875,62.81999969482422,62.81999969482422,5815,0.0,0.0,0.0
2023-06-16 14:30:00-04:00,62.869998931884766,62.900001525878906,62.75,62.900001525878906,4237,0.0,0.0,0.0
2023-06-16 15:30:00-04:00,62.75,62.900001525878906,62.75,62.900001525878906,974,0.0,0.0,0.0
2023-06-20 09:30:00-04:00,62.060001373291016,62.16999816894531,61.849998474121094,62.0,9854,0.0,0.0,0.0
2023-06-20 10:30:00-04:00,61.83000183105469,61.84700012207031,61.810001373291016,61.83000183105469,964,0.0,0.0,0.0
2023-06-20 11:30:00-04:00,61.95000076293945,62.14609909057617,61.95000076293945,62.14609909057617,2888,0.0,0.0,0.0
2023-06-20 12:30:00-04:00,62.209999084472656,62.209999084472656,62.209999084472656,62.209999084472656,226,0.0,0.0,0.0
2023-06-20 13:30:00-04:00,62.12009811401367,62.16939926147461,62.099998474121094,62.16939926147461,5133,0.0,0.0,0.0
2023-06-20 15:30:00-04:00,62.2400016784668,62.31999969482422,62.150001525878906,62.150001525878906,968,0.0,0.0,0.0
2023-06-21 09:30:00-04:00,61.31999969482422,62.290000915527344,61.31999969482422,62.290000915527344,3864,0.0,0.0,0.0
2023-06-21 10:30:00-04:00,62.5099983215332,62.5099983215332,62.5099983215332,62.5099983215332,121,0.0,0.0,0.0
2023-06-21 11:30:00-04:00,62.5099983215332,62.70600128173828,62.5099983215332,62.70600128173828,1245,0.0,0.0,0.0
2023-06-21 12:30:00-04:00,62.56560134887695,62.56560134887695,62.47010040283203,62.51100158691406,1115,0.0,0.0,0.0
2023-06-21 13:30:00-04:00,62.5,62.60110092163086,62.47010040283203,62.599998474121094,3763,0.0,0.0,0.0
2023-06-21 14:30:00-04:00,62.81330108642578,62.81330108642578,62.65530014038086,62.72999954223633,2532,0.0,0.0,0.0
2023-06-21 15:30:00-04:00,62.65530014038086,62.72999954223633,62.54999923706055,62.56999969482422,3354,0.0,0.0,0.0
2023-06-22 09:30:00-04:00,61.97999954223633,62.36000061035156,61.97999954223633,62.20140075683594,2190,0.0,0.0,0.0
2023-06-22 10:30:00-04:00,62.119998931884766,62.36000061035156,62.119998931884766,62.14500045776367,1094,0.0,0.0,0.0
2023-06-22 11:30:00-04:00,62.14500045776367,62.400001525878906,62.14500045776367,62.400001525878906,1632,0.0,0.0,0.0
2023-06-22 12:30:00-04:00,62.400001525878906,62.443199157714844,62.400001525878906,62.443199157714844,2207,0.0,0.0,0.0
2023-06-22 13:30:00-04:00,62.209999084472656,62.209999084472656,62.209999084472656,62.209999084472656,460,0.0,0.0,0.0
2023-06-22 14:30:00-04:00,62.209999084472656,62.354400634765625,62.209999084472656,62.33000183105469,1769,0.0,0.0,0.0
2023-06-22 15:30:00-04:00,62.33000183105469,62.45000076293945,62.33000183105469,62.45000076293945,877,0.0,0.0,0.0
2023-06-23 09:30:00-04:00,61.58000183105469,61.81999969482422,61.470001220703125,61.79560089111328,900,0.0,0.0,0.0
2023-06-23 10:30:00-04:00,61.720001220703125,61.9900016784668,61.720001220703125,61.9900016784668,8889,0.0,0.0,0.0
2023-06-23 11:30:00-04:00,61.733001708984375,62.00419998168945,61.733001708984375,62.00419998168945,3032,0.0,0.0,0.0
2023-06-23 12:30:00-04:00,61.97999954223633,62.10240173339844,61.97999954223633,62.10240173339844,1382,0.0,0.0,0.0
2023-06-23 13:30:00-04:00,62.06999969482422,62.06999969482422,62.06999969482422,62.06999969482422,518,0.0,0.0,0.0
2023-06-23 14:30:00-04:00,61.68159866333008,61.68159866333008,61.65999984741211,61.65999984741211,410,0.0,0.0,0.0
2023-06-23 15:30:00-04:00,61.68159866333008,61.785400390625,61.65999984741211,61.785400390625,624,0.0,0.0,0.0
2023-06-26 09:30:00-04:00,62.09000015258789,63.0,62.09000015258789,62.88600158691406,4825,0.0,0.0,0.0
2023-06-26 10:30:00-04:00,62.5099983215332,62.5099983215332,62.5099983215332,62.5099983215332,180,0.0,0.0,0.0
2023-06-26 11:30:00-04:00,62.79999923706055,62.79999923706055,62.79999923706055,62.79999923706055,154,0.0,0.0,0.0
2023-06-26 12:30:00-04:00,62.599998474121094,62.630001068115234,62.599998474121094,62.630001068115234,755,0.0,0.0,0.0
2023-06-26 13:30:00-04:00,62.70000076293945,62.70000076293945,62.70000076293945,62.70000076293945,781,0.0,0.0,0.0
2023-06-26 14:30:00-04:00,62.66999816894531,62.709999084472656,62.62009811401367,62.6416015625,1947,0.0,0.0,0.0
2023-06-26 15:30:00-04:00,62.63999938964844,62.650001525878906,62.5,62.529998779296875,0,0.0,0.0,0.0
2023-06-27 09:30:00-04:00,62.43000030517578,63.0,62.43000030517578,63.0,3871,0.0,0.0,0.0
2023-06-27 10:30:00-04:00,63.09000015258789,63.249900817871094,63.0099983215332,63.13999938964844,9502,0.0,0.0,0.0
2023-06-27 11:30:00-04:00,63.220001220703125,63.230098724365234,63.1953010559082,63.230098724365234,977,0.0,0.0,0.0
2023-06-27 12:30:00-04:00,63.25,63.482601165771484,63.25,63.482601165771484,3923,0.0,0.0,0.0
2023-06-27 13:30:00-04:00,63.43000030517578,63.5099983215332,63.41999816894531,63.5099983215332,3483,0.0,0.0,0.0
2023-06-27 14:30:00-04:00,63.5,63.52000045776367,63.45000076293945,63.47999954223633,4174,0.0,0.0,0.0
2023-06-27 15:30:00-04:00,63.52000045776367,63.52000045776367,63.36000061035156,63.459999084472656,12900,0.0,0.0,0.0
2023-06-28 09:30:00-04:00,62.65999984741211,62.65999984741211,62.09000015258789,62.18000030517578,1314,0.0,0.0,0.0
2023-06-28 10:30:00-04:00,62.403499603271484,62.630001068115234,62.403499603271484,62.630001068115234,4156,0.0,0.0,0.0
2023-06-28 11:30:00-04:00,62.403499603271484,62.766300201416016,62.403499603271484,62.7588005065918,5024,0.0,0.0,0.0
2023-06-28 12:30:00-04:00,62.766300201416016,62.81999969482422,62.59000015258789,62.59000015258789,1660,0.0,0.0,0.0
2023-06-28 13:30:00-04:00,62.595001220703125,62.595001220703125,62.595001220703125,62.595001220703125,384,0.0,0.0,0.0
2023-06-28 14:30:00-04:00,62.869998931884766,62.869998931884766,62.75,62.75,1528,0.0,0.0,0.0
2023-06-28 15:30:00-04:00,62.75,62.75,62.68000030517578,62.68000030517578,1890,0.0,0.0,0.0
2023-06-29 09:30:00-04:00,62.70000076293945,63.67940139770508,62.70000076293945,63.67940139770508,2005,0.0,0.0,0.0
2023-06-29 10:30:00-04:00,63.6067008972168,63.709999084472656,63.380001068115234,63.380001068115234,3472,0.0,0.0,0.0
2023-06-29 11:30:00-04:00,63.51409912109375,63.54999923706055,63.380001068115234,63.529998779296875,2022,0.0,0.0,0.0
2023-06-29 12:30:00-04:00,63.77000045776367,63.792301177978516,63.720001220703125,63.77090072631836,4231,0.0,0.0,0.0
2023-06-29 13:30:00-04:00,63.720001220703125,63.810001373291016,63.720001220703125,63.810001373291016,2909,0.0,0.0,0.0
2023-06-29 14:30:00-04:00,63.88999938964844,63.9630012512207,63.880001068115234,63.9630012512207,880,0.0,0.0,0.0
2023-06-29 15:30:00-04:00,63.880001068115234,63.9630012512207,63.880001068115234,63.90999984741211,852,0.0,0.0,0.0
2023-06-30 09:30:00-04:00,63.91999816894531,64.0199966430664,63.72010040283203,64.0199966430664,4725,0.0,0.0,0.0
2023-06-30 10:30:00-04:00,63.9364013671875,63.9364013671875,63.685001373291016,63.68989944458008,2106,0.0,0.0,0.0
2023-06-30 11:30:00-04:00,63.8202018737793,63.8202018737793,63.818599700927734,63.818599700927734,1335,0.0,0.0,0.0
2023-06-30 12:30:00-04:00,63.880001068115234,63.880001068115234,63.880001068115234,63.880001068115234,312,0.0,0.0,0.0
2023-06-30 13:30:00-04:00,64.02999877929688,64.05999755859375,64.02999877929688,64.05999755859375,776,0.0,0.0,0.0
2023-06-30 14:30:00-04:00,64.15799713134766,64.15799713134766,64.15799713134766,64.15799713134766,256,0.0,0.0,0.0
2023-06-30 15:30:00-04:00,64.12190246582031,64.12190246582031,63.970001220703125,64.03500366210938,2870,0.0,0.0,0.0
2023-07-03 09:30:00-04:00,64.11000061035156,65.0895004272461,64.11000061035156,65.0509033203125,5093,0.0,0.0,0.0
2023-07-03 10:30:00-04:00,64.98999786376953,65.02999877929688,64.88999938964844,65.0250015258789,4318,0.0,0.0,0.0
2023-07-03 11:30:00-04:00,65.0260009765625,65.16000366210938,65.0199966430664,65.05000305175781,2012,0.0,0.0,0.0
2023-07-05 09:30:00-04:00,64.72000122070312,64.72000122070312,63.58000183105469,63.58000183105469,3613,0.0,0.0,0.0
2023-07-05 10:30:00-04:00,63.689998626708984,63.689998626708984,63.45009994506836,63.56909942626953,2549,0.0,0.0,0.0
2023-07-05 11:30:00-04:00,63.560001373291016,63.62350082397461,63.560001373291016,63.62350082397461,751,0.0,0.0,0.0
2023-07-05 12:30:00-04:00,63.40999984741211,63.40999984741211,63.279998779296875,63.290000915527344,1616,0.0,0.0,0.0
2023-07-05 13:30:00-04:00,63.43560028076172,63.43560028076172,63.43560028076172,63.43560028076172,441,0.0,0.0,0.0
2023-07-05 14:30:00-04:00,63.54520034790039,63.54999923706055,63.474998474121094,63.48500061035156,1326,0.0,0.0,0.0
2023-07-05 15:30:00-04:00,63.47999954223633,63.540000915527344,63.3650016784668,63.3650016784668,1578,0.0,0.0,0.0
2023-07-06 09:30:00-04:00,62.36000061035156,62.97999954223633,61.90999984741211,61.90999984741211,2560,0.0,0.0,0.0
2023-07-06 10:30:00-04:00,62.15999984741211,62.15999984741211,61.63999938964844,61.63999938964844,4689,0.0,0.0,0.0
2023-07-06 11:30:00-04:00,61.63999938964844,61.84989929199219,61.63999938964844,61.84989929199219,1971,0.0,0.0,0.0
2023-07-06 12:30:00-04:00,61.84989929199219,61.95220184326172,61.78129959106445,61.95220184326172,1259,0.0,0.0,0.0
2023-07-06 13:30:00-04:00,61.895198822021484,62.099998474121094,61.895198822021484,62.099998474121094,1535,0.0,0.0,0.0
2023-07-06 14:30:00-04:00,62.099998474121094,62.29999923706055,62.099998474121094,62.29999923706055,1894,0.0,0.0,0.0
2023-07-06 15:30:00-04:00,62.150001525878906,62.29999923706055,62.150001525878906,62.18199920654297,1585,0.0,0.0,0.0
2023-07-07 09:30:00-04:00,63.400001525878906,63.400001525878906,63.029998779296875,63.07500076293945,5877,0.0,0.0,0.0
2023-07-07 10:30:00-04:00,63.07500076293945,63.470001220703125,63.07500076293945,63.470001220703125,1739,0.0,0.0,0.0
2023-07-07 11:30:00-04:00,63.470001220703125,63.83610153198242,63.470001220703125,63.83610153198242,1598,0.0,0.0,0.0
2023-07-07 12:30:00-04:00,63.83610153198242,64.30000305175781,63.83610153198242,64.25469970703125,7269,0.0,0.0,0.0
2023-07-07 13:30:00-04:00,64.20999908447266,64.31500244140625,64.16010284423828,64.29499816894531,6445,0.0,0.0,0.0
2023-07-07 14:30:00-04:00,64.23999786376953,64.23999786376953,64.12999725341797,64.12999725341797,3114,0.0,0.0,0.0
2023-07-07 15:30:00-04:00,64.12999725341797,64.12999725341797,63.78850173950195,63.802101135253906,2610,0.0,0.0,0.0
2023-07-10 09:30:00-04:00,63.630001068115234,63.95009994506836,63.56999969482422,63.95009994506836,6924,0.0,0.0,0.0
2023-07-10 10:30:00-04:00,63.63999938964844,63.63999938964844,63.63999938964844,63.63999938964844,185,0.0,0.0,0.0
2023-07-10 11:30:00-04:00,63.63999938964844,63.939998626708984,63.63999938964844,63.939998626708984,12370,0.0,0.0,0.0
2023-07-10 12:30:00-04:00,63.849998474121094,63.939998626708984,63.81999969482422,63.92729949951172,14027,0.0,0.0,0.0
2023-07-10 13:30:00-04:00,63.91510009765625,64.05000305175781,63.871498107910156,64.05000305175781,4373,0.0,0.0,0.0
2023-07-10 14:30:00-04:00,63.871498107910156,64.05000305175781,63.871498107910156,63.904998779296875,10580,0.0,0.0,0.0
2023-07-10 15:30:00-04:00,64.03990173339844,64.04000091552734,63.88999938964844,63.91999816894531,4955,0.0,0.0,0.0
2023-07-11 09:30:00-04:00,63.84000015258789,64.65899658203125,63.84000015258789,64.65899658203125,12670,0.0,0.0,0.0
2023-07-11 10:30:00-04:00,64.5,64.65899658203125,64.41999816894531,64.51000213623047,11055,0.0,0.0,0.0
2023-07-11 11:30:00-04:00,64.55999755859375,64.58999633789062,64.5031967163086,64.54000091552734,3451,0.0,0.0,0.0
2023-07-11 12:30:00-04:00,64.61869812011719,64.66999816894531,64.61869812011719,64.66999816894531,15293,0.0,0.0,0.0
2023-07-11 13:30:00-04:00,64.66999816894531,64.75,64.66999816894531,64.75,0,0.0,0.0,0.0
2023-07-11 14:30:00-04:00,64.94000244140625,64.94000244140625,64.94000244140625,64.94000244140625,21913,0.0,0.0,0.0
2023-07-11 15:30:00-04:00,64.94000244140625,65.0,64.94000244140625,64.97830200195312,23279,0.0,0.0,0.0
2023-07-12 09:30:00-04:00,65.72000122070312,66.67729949951172,65.72000122070312,66.63999938964844,3530,0.0,0.0,0.0
2023-07-12 10:30:00-04:00,66.72000122070312,67.00499725341797,66.66999816894531,66.76000213623047,5097,0.0,0.0,0.0
2023-07-12 11:30:00-04:00,66.70999908447266,66.70999908447266,66.52999877929688,66.52999877929688,777,0.0,0.0,0.0
2023-07-12 12:30:00-04:00,66.61000061035156,66.61000061035156,66.5199966430664,66.56009674072266,698,0.0,0.0,0.0
2023-07-12 13:30:00-04:00,66.72000122070312,66.76219940185547,66.66000366210938,66.66000366210938,2342,0.0,0.0,0.0
2023-07-12 14:30:00-04:00,66.5999984741211,66.66000366210938,66.54499816894531,66.54499816894531,2008,0.0,0.0,0.0
2023-07-12 15:30:00-04:00,66.46749877929688,66.56999969482422,66.4209976196289,66.4209976196289,0,0.0,0.0,0.0
2023-07-13 09:30:00-04:00,66.54000091552734,67.41449737548828,66.54000091552734,66.95999908447266,6179,0.0,0.0,0.0
2023-07-13 10:30:00-04:00,67.41449737548828,67.41449737548828,66.95999908447266,67.08999633789062,3519,0.0,0.0,0.0
2023-07-13 11:30:00-04:00,67.17019653320312,67.30000305175781,67.08999633789062,67.30000305175781,5048,0.0,0.0,0.0
2023-07-13 12:30:00-04:00,67.1500015258789,67.30999755859375,67.1500015258789,67.23999786376953,3198,0.0,0.0,0.0
2023-07-13 13:30:00-04:00,67.1500015258789,67.2936019897461,67.1500015258789,67.19999694824219,1288,0.0,0.0,0.0
2023-07-13 14:30:00-04:00,67.1500015258789,67.41999816894531,67.1500015258789,67.23789978027344,4011,0.0,0.0,0.0
2023-07-13 15:30:00-04:00,67.41999816894531,67.41999816894531,67.23789978027344,67.30000305175781,0,0.0,0.0,0.0
2023-07-14 09:30:00-04:00,67.19000244140625,67.19000244140625,66.7699966430664,66.7699966430664,2607,0.0,0.0,0.0
2023-07-14 10:30:00-04:00,66.52999877929688,66.52999877929688,66.37930297851562,66.48729705810547,2653,0.0,0.0,0.0
2023-07-14 11:30:00-04:00,66.57939910888672,66.57939910888672,66.48999786376953,66.48999786376953,574,0.0,0.0,0.0
2023-07-14 12:30:00-04:00,66.5947036743164,66.6864013671875,66.5947036743164,66.6864013671875,671,0.0,0.0,0.0
2023-07-14 13:30:00-04:00,66.73999786376953,66.73999786376953,66.73999786376953,66.73999786376953,380,0.0,0.0,0.0
2023-07-14 14:30:00-04:00,66.80000305175781,66.83599853515625,66.63999938964844,66.83599853515625,2763,0.0,0.0,0.0
2023-07-14 15:30:00-04:00,66.80999755859375,66.82099914550781,66.80999755859375,66.81210327148438,803,0.0,0.0,0.0
2023-07-17 09:30:00-04:00,66.48999786376953,66.60299682617188,66.375,66.55999755859375,2891,0.0,0.0,0.0
2023-07-17 10:30:00-04:00,66.52999877929688,66.77999877929688,66.5,66.77999877929688,3111,0.0,0.0,0.0
2023-07-17 11:30:00-04:00,66.77999877929688,66.91999816894531,66.6500015258789,66.88009643554688,3602,0.0,0.0,0.0
2023-07-17 12:30:00-04:00,66.87000274658203,67.05000305175781,66.87000274658203,67.04499816894531,3883,0.0,0.0,0.0
2023-07-17 13:30:00-04:00,67.05000305175781,67.19999694824219,67.04499816894531,67.19999694824219,1833,0.0,0.0,0.0
2023-07-17 14:30:00-04:00,67.19999694824219,67.19999694824219,66.94000244140625,66.94000244140625,11932,0.0,0.0,0.0
2023-07-17 15:30:00-04:00,67.02999877929688,67.08999633789062,66.94000244140625,66.97799682617188,6706,0.0,0.0,0.0
2023-07-18 09:30:00-04:00,66.5,67.73899841308594,66.5,67.7300033569336,3820,0.0,0.0,0.0
2023-07-18 10:30:00-04:00,67.73899841308594,67.75,67.72000122070312,67.75,3608,0.0,0.0,0.0
2023-07-18 11:30:00-04:00,67.6500015258789,67.66780090332031,67.6500015258789,67.66780090332031,797,0.0,0.0,0.0
2023-07-18 12:30:00-04:00,67.66780090332031,67.66780090332031,67.38999938964844,67.45999908447266,2565,0.0,0.0,0.0
2023-07-18 13:30:00-04:00,67.45999908447266,67.54000091552734,67.45999908447266,67.52999877929688,1930,0.0,0.0,0.0
2023-07-18 14:30:00-04:00,67.52999877929688,67.67500305175781,67.52999877929688,67.67500305175781,882,0.0,0.0,0.0
2023-07-18 15:30:00-04:00,67.5999984741211,67.77999877929688,67.5999984741211,67.74970245361328,1233,0.0,0.0,0.0
2023-07-19 09:30:00-04:00,67.33000183105469,67.33000183105469,67.04979705810547,67.21499633789062,8300,0.0,0.0,0.0
2023-07-19 10:30:00-04:00,67.19709777832031,67.22000122070312,66.76000213623047,66.94999694824219,5020,0.0,0.0,0.0
2023-07-19 11:30:00-04:00,66.94999694824219,66.95999908447266,66.81999969482422,66.88999938964844,1574,0.0,0.0,0.0
2023-07-19 12:30:00-04:00,66.81999969482422,67.0,66.80989837646484,67.0,2069,0.0,0.0,0.0
2023-07-19 13:30:00-04:00,67.0,67.0,66.84880065917969,66.88999938964844,2286,0.0,0.0,0.0
2023-07-19 14:30:00-04:00,66.84880065917969,67.09709930419922,66.84880065917969,67.09709930419922,1670,0.0,0.0,0.0
2023-07-20 09:30:00-04:00,67.5,67.5,67.0,67.0,1709,0.0,0.0,0.0
2023-07-20 10:30:00-04:00,67.0,67.36499786376953,67.0,67.36499786376953,9217,0.0,0.0,0.0
2023-07-20 11:30:00-04:00,67.34030151367188,67.36499786376953,67.14800262451172,67.14800262451172,6563,0.0,0.0,0.0
2023-07-20 13:30:00-04:00,67.13999938964844,67.13999938964844,67.04000091552734,67.04000091552734,2078,0.0,0.0,0.0
2023-07-20 14:30:00-04:00,67.13790130615234,67.23999786376953,67.04000091552734,67.19249725341797,3530,0.0,0.0,0.0
2023-07-20 15:30:00-04:00,67.0999984741211,67.17310333251953,67.0999984741211,67.17310333251953,0,0.0,0.0,0.0
2023-07-21 09:30:00-04:00,67.08999633789062,67.55000305175781,67.08999633789062,67.1449966430664,3545,0.0,0.0,0.0
2023-07-21 10:30:00-04:00,67.1500015258789,67.1500015258789,67.1500015258789,67.1500015258789,905,0.0,0.0,0.0
2023-07-21 11:30:00-04:00,67.12000274658203,67.14399719238281,67.12000274658203,67.14399719238281,951,0.0,0.0,0.0
2023-07-21 12:30:00-04:00,67.19499969482422,67.19999694824219,67.04000091552734,67.0999984741211,2269,0.0,0.0,0.0
2023-07-21 14:30:00-04:00,67.2300033569336,67.2300033569336,67.08000183105469,67.08000183105469,548,0.0,0.0,0.0
2023-07-21 15:30:00-04:00,67.12000274658203,67.12000274658203,67.12000274658203,67.12000274658203,314,0.0,0.0,0.0
2023-07-24 09:30:00-04:00,67.52999877929688,68.16000366210938,67.52999877929688,68.16000366210938,2040,0.0,0.0,0.0
2023-07-24 10:30:00-04:00,68.26000213623047,68.7699966430664,68.26000213623047,68.69999694824219,2716,0.0,0.0,0.0
2023-07-24 11:30:00-04:00,69.15650177001953,69.15650177001953,69.12000274658203,69.12000274658203,1370,0.0,0.0,0.0
2023-07-24 12:30:00-04:00,69.0999984741211,69.21050262451172,69.0999984741211,69.21050262451172,1916,0.0,0.0,0.0
2023-07-24 13:30:00-04:00,69.33000183105469,69.41000366210938,69.26000213623047,69.38999938964844,1221,0.0,0.0,0.0
2023-07-24 14:30:00-04:00,69.33000183105469,69.33000183105469,68.72000122070312,68.75869750976562,3484,0.0,0.0,0.0
2023-07-24 15:30:00-04:00,68.69999694824219,68.77899932861328,68.68000030517578,68.68000030517578,0,0.0,0.0,0.0
2023-07-25 09:30:00-04:00,69.55999755859375,71.08999633789062,69.55999755859375,71.08000183105469,11700,0.0,0.0,0.0
2023-07-25 10:30:00-04:00,71.0199966430664,71.08499908447266,70.73999786376953,70.73999786376953,4279,0.0,0.0,0.0
2023-07-25 11:30:00-04:00,70.86669921875,70.9800033569336,70.8499984741211,70.88999938964844,5207,0.0,0.0,0.0
2023-07-25 12:30:00-04:00,71.11000061035156,71.1500015258789,71.04000091552734,71.1500015258789,4696,0.0,0.0,0.0
2023-07-25 13:30:00-04:00,71.19750213623047,71.36000061035156,71.18000030517578,71.27050018310547,7691,0.0,0.0,0.0
2023-07-25 14:30:00-04:00,71.33999633789062,71.4198989868164,71.08999633789062,71.10970306396484,5317,0.0,0.0,0.0
2023-07-25 15:30:00-04:00,71.02490234375,71.13999938964844,70.94999694824219,70.9563980102539,0,0.0,0.0,0.0
2023-07-26 09:30:00-04:00,70.45999908447266,70.6500015258789,69.7300033569336,69.87000274658203,11007,0.0,0.0,0.0
2023-07-26 10:30:00-04:00,69.94000244140625,70.1500015258789,69.83999633789062,70.04000091552734,9750,0.0,0.0,0.0
2023-07-26 11:30:00-04:00,69.95500183105469,70.16829681396484,69.94999694824219,70.08999633789062,2204,0.0,0.0,0.0
2023-07-26 12:30:00-04:00,70.13999938964844,70.18990325927734,70.13999938964844,70.1449966430664,1629,0.0,0.0,0.0
2023-07-26 13:30:00-04:00,70.06849670410156,70.21420288085938,70.0199966430664,70.05000305175781,8253,0.0,0.0,0.0
2023-07-26 14:30:00-04:00,70.12999725341797,70.68000030517578,70.12999725341797,70.16999816894531,26059,0.0,0.0,0.0
2023-07-26 15:30:00-04:00,70.2699966430664,70.56999969482422,70.2699966430664,70.41000366210938,0,0.0,0.0,0.0
2023-07-27 09:30:00-04:00,70.3499984741211,70.3499984741211,69.01110076904297,69.16549682617188,6507,0.0,0.0,0.0
2023-07-27 10:30:00-04:00,69.2300033569336,69.58499908447266,69.2300033569336,69.33000183105469,4647,0.0,0.0,0.0
2023-07-27 11:30:00-04:00,69.5000991821289,69.58049774169922,69.37909698486328,69.58049774169922,1992,0.0,0.0,0.0
2023-07-27 12:30:00-04:00,69.74500274658203,69.75,69.66000366210938,69.67230224609375,2681,0.0,0.0,0.0
2023-07-27 13:30:00-04:00,69.62000274658203,69.68270111083984,69.62000274658203,69.68270111083984,1051,0.0,0.0,0.0
2023-07-27 14:30:00-04:00,69.32559967041016,69.32559967041016,69.15499877929688,69.23400115966797,1910,0.0,0.0,0.0
2023-07-27 15:30:00-04:00,69.05039978027344,69.08000183105469,68.98999786376953,69.0343017578125,5022,0.0,0.0,0.0
2023-07-28 09:30:00-04:00,69.68000030517578,69.68000030517578,68.52999877929688,69.52999877929688,6506,0.0,0.0,0.0
2023-07-28 10:30:00-04:00,69.38300323486328,69.52999877929688,69.12000274658203,69.12000274658203,3860,0.0,0.0,0.0
2023-07-28 12:30:00-04:00,69.25,69.26000213623047,69.10530090332031,69.10530090332031,7299,0.0,0.0,0.0
2023-07-28 13:30:00-04:00,69.2300033569336,69.2300033569336,68.87999725341797,69.06999969482422,7487,0.0,0.0,0.0
2023-07-28 14:30:00-04:00,69.1500015258789,69.1500015258789,69.1500015258789,69.1500015258789,729,0.0,0.0,0.0
2023-07-28 15:30:00-04:00,69.1500015258789,69.22000122070312,69.13999938964844,69.17009735107422,3171,0.0,0.0,0.0
2023-07-31 09:30:00-04:00,69.62000274658203,70.65889739990234,69.62000274658203,70.48999786376953,6195,0.0,0.0,0.0
2023-07-31 10:30:00-04:00,70.63610076904297,70.64800262451172,70.3499984741211,70.64800262451172,4346,0.0,0.0,0.0
2023-07-31 11:30:00-04:00,70.69000244140625,70.79000091552734,70.6500015258789,70.6500015258789,3261,0.0,0.0,0.0
2023-07-31 12:30:00-04:00,70.71730041503906,70.71730041503906,70.52999877929688,70.54000091552734,6027,0.0,0.0,0.0
2023-07-31 13:30:00-04:00,70.54000091552734,70.66999816894531,70.54000091552734,70.66999816894531,962,0.0,0.0,0.0
2023-07-31 14:30:00-04:00,70.66999816894531,70.72000122070312,70.52999877929688,70.58000183105469,1699,0.0,0.0,0.0
2023-07-31 15:30:00-04:00,70.55000305175781,70.67030334472656,70.52999877929688,70.67030334472656,0,0.0,0.0,0.0
2023-08-01 09:30:00-04:00,69.91999816894531,69.93000030517578,69.27999877929688,69.64679718017578,5426,0.0,0.0,0.0
2023-08-01 10:30:00-04:00,69.69989776611328,69.69989776611328,69.61499786376953,69.61499786376953,615,0.0,0.0,0.0
2023-08-01 11:30:00-04:00,69.62999725341797,69.62999725341797,69.56999969482422,69.56999969482422,888,0.0,0.0,0.0
2023-08-01 12:30:00-04:00,69.68489837646484,69.73619842529297,69.68489837646484,69.73619842529297,2617,0.0,0.0,0.0
2023-08-01 13:30:00-04:00,69.7301025390625,69.83000183105469,69.7301025390625,69.83000183105469,2521,0.0,0.0,0.0
2023-08-01 14:30:00-04:00,69.80000305175781,69.81999969482422,69.74230194091797,69.80999755859375,0,0.0,0.0,0.0
2023-08-01 15:30:00-04:00,69.80999755859375,69.86000061035156,69.75,69.75,16524,0.0,0.0,0.0
2023-08-02 09:30:00-04:00,68.97000122070312,68.97000122070312,68.30000305175781,68.30000305175781,6321,0.0,0.0,0.0
2023-08-02 10:30:00-04:00,68.08509826660156,68.08509826660156,67.87999725341797,67.98880004882812,3463,0.0,0.0,0.0
2023-08-02 11:30:00-04:00,67.99559783935547,67.99559783935547,67.76969909667969,67.76969909667969,2975,0.0,0.0,0.0
2023-08-02 12:30:00-04:00,68.01000213623047,68.11499786376953,68.01000213623047,68.11000061035156,1627,0.0,0.0,0.0
2023-08-02 13:30:00-04:00,68.08480072021484,68.08480072021484,68.0,68.08000183105469,1268,0.0,0.0,0.0
2023-08-02 14:30:00-04:00,68.12010192871094,68.12169647216797,68.12010192871094,68.12169647216797,872,0.0,0.0,0.0
2023-08-02 15:30:00-04:00,67.7699966430664,67.86990356445312,67.70999908447266,67.83000183105469,12680,0.0,0.0,0.0
2023-08-03 09:30:00-04:00,67.36000061035156,67.36000061035156,66.69499969482422,66.81430053710938,3932,0.0,0.0,0.0
2023-08-03 10:30:00-04:00,67.0999984741211,67.0999984741211,67.0999984741211,67.0999984741211,307,0.0,0.0,0.0
2023-08-03 11:30:00-04:00,67.7490005493164,67.87000274658203,67.68000030517578,67.68689727783203,2035,0.0,0.0,0.0
2023-08-03 12:30:00-04:00,67.69999694824219,67.75399780273438,67.69999694824219,67.75399780273438,729,0.0,0.0,0.0
2023-08-03 13:30:00-04:00,67.6675033569336,67.6675033569336,67.6675033569336,67.6675033569336,295,0.0,0.0,0.0
2023-08-03 14:30:00-04:00,67.44100189208984,67.44100189208984,67.34629821777344,67.34629821777344,1223,0.0,0.0,0.0
2023-08-03 15:30:00-04:00,67.26000213623047,67.30999755859375,67.19999694824219,67.27259826660156,1252,0.0,0.0,0.0
2023-08-04 09:30:00-04:00,67.44499969482422,67.63629913330078,67.2699966430664,67.63629913330078,3198,0.0,0.0,0.0
2023-08-04 10:30:00-04:00,67.58999633789062,67.58999633789062,67.58999633789062,67.58999633789062,1078,0.0,0.0,0.0
2023-08-04 12:30:00-04:00,67.78309631347656,67.78309631347656,67.78009796142578,67.78009796142578,1504,0.0,0.0,0.0
2023-08-04 13:30:00-04:00,67.45999908447266,67.45999908447266,67.3499984741211,67.3499984741211,430,0.0,0.0,0.0
2023-08-04 14:30:00-04:00,67.45999908447266,67.45999908447266,66.79000091552734,66.79000091552734,6413,0.0,0.0,0.0
2023-08-04 15:30:00-04:00,66.94000244140625,66.94000244140625,66.7394027709961,66.7394027709961,3641,0.0,0.0,0.0
2023-08-07 09:30:00-04:00,66.61000061035156,66.73999786376953,66.27999877929688,66.53269958496094,9205,0.0,0.0,0.0
2023-08-07 10:30:00-04:00,66.27999877929688,66.87999725341797,66.27999877929688,66.87999725341797,2737,0.0,0.0,0.0
2023-08-07 11:30:00-04:00,66.87999725341797,66.87999725341797,66.73999786376953,66.73999786376953,9050,0.0,0.0,0.0
2023-08-07 12:30:00-04:00,66.77999877929688,66.9000015258789,66.73999786376953,66.9000015258789,2046,0.0,0.0,0.0
2023-08-07 13:30:00-04:00,66.87200164794922,66.94999694824219,66.86270141601562,66.92500305175781,1888,0.0,0.0,0.0
2023-08-07 14:30:00-04:00,66.95999908447266,66.95999908447266,66.90889739990234,66.90889739990234,1498,0.0,0.0,0.0
2023-08-07 15:30:00-04:00,66.83999633789062,66.83999633789062,66.75,66.7699966430664,1252,0.0,0.0,0.0
2023-08-08 09:30:00-04:00,65.7300033569336,65.77079772949219,65.33799743652344,65.62000274658203,6496,0.0,0.0,0.0
2023-08-08 10:30:00-04:00,65.69499969482422,65.81999969482422,65.6500015258789,65.81999969482422,3560,0.0,0.0,0.0
2023-08-08 12:30:00-04:00,65.99800109863281,66.15270233154297,65.99800109863281,66.15270233154297,542,0.0,0.0,0.0
2023-08-08 13:30:00-04:00,66.37650299072266,66.37650299072266,66.2750015258789,66.3499984741211,613,0.0,0.0,0.0
2023-08-08 14:30:00-04:00,66.31999969482422,66.41999816894531,66.31999969482422,66.41999816894531,513,0.0,0.0,0.0
2023-08-08 15:30:00-04:00,66.41999816894531,66.45500183105469,66.41999816894531,66.45500183105469,388,0.0,0.0,0.0
2023-08-09 09:30:00-04:00,66.54499816894531,66.7072982788086,66.48999786376953,66.48999786376953,1119,0.0,0.0,0.0
2023-08-09 10:30:00-04:00,66.25,66.25,66.13990020751953,66.13990020751953,652,0.0,0.0,0.0
2023-08-09 11:30:00-04:00,66.19989776611328,66.19989776611328,65.89939880371094,65.89939880371094,1780,0.0,0.0,0.0
2023-08-09 12:30:00-04:00,65.91500091552734,66.07499694824219,65.91500091552734,66.07499694824219,290,0.0,0.0,0.0
2023-08-09 13:30:00-04:00,66.09839630126953,66.1449966430664,66.09839630126953,66.12000274658203,602,0.0,0.0,0.0
2023-08-09 14:30:00-04:00,66.19999694824219,66.19999694824219,66.16000366210938,66.16000366210938,569,0.0,0.0,0.0
2023-08-09 15:30:00-04:00,66.0999984741211,66.0999984741211,65.93499755859375,65.93499755859375,4437,0.0,0.0,0.0
2023-08-10 09:30:00-04:00,66.05000305175781,66.5999984741211,66.05000305175781,66.5625,4149,0.0,0.0,0.0
2023-08-10 10:30:00-04:00,66.55000305175781,66.59980010986328,66.32730102539062,66.32730102539062,2425,0.0,0.0,0.0
2023-08-10 11:30:00-04:00,65.80999755859375,65.87000274658203,65.80010223388672,65.87000274658203,4788,0.0,0.0,0.0
2023-08-10 13:30:00-04:00,65.35379791259766,65.44000244140625,65.33999633789062,65.4126968383789,3494,0.0,0.0,0.0
2023-08-10 15:30:00-04:00,65.34239959716797,65.43000030517578,65.30719757080078,65.37220001220703,0,0.0,0.0,0.0
2023-08-11 09:30:00-04:00,64.81999969482422,65.25530242919922,64.81999969482422,65.19499969482422,5232,0.0,0.0,0.0
2023-08-11 10:30:00-04:00,65.25530242919922,65.38999938964844,65.19499969482422,65.2040023803711,2902,0.0,0.0,0.0
2023-08-11 11:30:00-04:00,65.36000061035156,65.36000061035156,65.07499694824219,65.07499694824219,690,0.0,0.0,0.0
2023-08-11 12:30:00-04:00,65.08999633789062,65.08999633789062,65.0,65.0,1108,0.0,0.0,0.0
2023-08-11 13:30:00-04:00,64.92500305175781,64.92500305175781,64.92500305175781,64.92500305175781,241,0.0,0.0,0.0
2023-08-11 14:30:00-04:00,64.92500305175781,65.01499938964844,64.92500305175781,65.01499938964844,1825,0.0,0.0,0.0
2023-08-11 15:30:00-04:00,65.01499938964844,65.01499938964844,64.94000244140625,64.95210266113281,1376,0.0,0.0,0.0
2023-08-14 09:30:00-04:00,65.33999633789062,65.96499633789062,64.88009643554688,64.88009643554688,4355,0.0,0.0,0.0
2023-08-14 10:30:00-04:00,65.71499633789062,65.9229965209961,65.71499633789062,65.9229965209961,607,0.0,0.0,0.0
2023-08-14 11:30:00-04:00,66.04000091552734,66.43000030517578,66.04000091552734,66.43000030517578,1981,0.0,0.0,0.0
2023-08-14 12:30:00-04:00,66.5,66.5,66.48979949951172,66.48979949951172,523,0.0,0.0,0.0
2023-08-14 13:30:00-04:00,66.4000015258789,66.4375991821289,66.2406997680664,66.2406997680664,1434,0.0,0.0,0.0
2023-08-14 14:30:00-04:00,66.16999816894531,66.68000030517578,66.16999816894531,66.41000366210938,0,0.0,0.0,0.0
2023-08-15 09:30:00-04:00,65.36000061035156,65.86170196533203,65.30000305175781,65.30000305175781,5030,0.0,0.0,0.0
2023-08-15 10:30:00-04:00,65.29000091552734,65.4000015258789,65.29000091552734,65.4000015258789,3926,0.0,0.0,0.0
2023-08-15 11:30:00-04:00,65.381103515625,65.41999816894531,65.381103515625,65.41000366210938,589,0.0,0.0,0.0
2023-08-15 12:30:00-04:00,65.381103515625,65.5999984741211,65.381103515625,65.58999633789062,18223,0.0,0.0,0.0
2023-08-15 13:30:00-04:00,65.64990234375,65.6500015258789,65.55999755859375,65.55999755859375,5621,0.0,0.0,0.0
2023-08-15 14:30:00-04:00,65.64990234375,65.6500015258789,65.44999694824219,65.48999786376953,6976,0.0,0.0,0.0
2023-08-15 15:30:00-04:00,65.49759674072266,65.49759674072266,65.29000091552734,65.29920196533203,1619,0.0,0.0,0.0
2023-08-16 09:30:00-04:00,64.58999633789062,65.5999984741211,64.56999969482422,65.4800033569336,4244,0.0,0.0,0.0
2023-08-16 10:30:00-04:00,65.51000213623047,65.66000366210938,65.4800033569336,65.66000366210938,0,0.0,0.0,0.0
2023-08-16 11:30:00-04:00,65.66999816894531,65.7699966430664,65.5,65.5,10268,0.0,0.0,0.0
2023-08-16 12:30:00-04:00,65.58999633789062,65.76750183105469,65.5,65.55999755859375,3431,0.0,0.0,0.0
2023-08-16 13:30:00-04:00,65.55999755859375,65.77999877929688,65.55999755859375,65.73999786376953,1543,0.0,0.0,0.0
2023-08-16 14:30:00-04:00,65.73999786376953,65.73999786376953,65.19640350341797,65.19640350341797,2340,0.0,0.0,0.0
2023-08-17 09:30:00-04:00,66.4166030883789,66.4166030883789,66.29000091552734,66.29000091552734,1524,0.0,0.0,0.0
2023-08-17 10:30:00-04:00,65.99500274658203,65.99500274658203,65.99500274658203,65.99500274658203,599,0.0,0.0,0.0
2023-08-17 11:30:00-04:00,66.05000305175781,66.14600372314453,66.05000305175781,66.14600372314453,364,0.0,0.0,0.0
2023-08-17 12:30:00-04:00,66.1050033569336,66.1050033569336,65.96009826660156,65.96009826660156,1026,0.0,0.0,0.0
2023-08-17 13:30:00-04:00,65.83000183105469,65.83000183105469,65.5,65.5,886,0.0,0.0,0.0
2023-08-17 14:30:00-04:00,65.23999786376953,65.33999633789062,65.19000244140625,65.19000244140625,1372,0.0,0.0,0.0
2023-08-17 15:30:00-04:00,65.26119995117188,65.26119995117188,65.20339965820312,65.20339965820312,0,0.0,0.0,0.0
2023-08-18 09:30:00-04:00,64.41000366210938,65.2876968383789,64.41000366210938,65.0436019897461,2235,0.0,0.0,0.0
2023-08-18 10:30:00-04:00,65.04000091552734,65.05400085449219,65.04000091552734,65.04000091552734,901,0.0,0.0,0.0
2023-08-18 12:30:00-04:00,65.4000015258789,65.4000015258789,65.12000274658203,65.12000274658203,686,0.0,0.0,0.0
2023-08-18 13:30:00-04:00,65.23999786376953,65.31999969482422,65.23999786376953,65.29679870605469,883,0.0,0.0,0.0
2023-08-18 14:30:00-04:00,65.32990264892578,65.32990264892578,65.27999877929688,65.30000305175781,342,0.0,0.0,0.0
2023-08-18 15:30:00-04:00,65.41000366210938,65.41000366210938,65.3656005859375,65.3656005859375,312,0.0,0.0,0.0
2023-08-21 09:30:00-04:00,65.2300033569336,65.59249877929688,65.2300033569336,65.30000305175781,7608,0.0,0.0,0.0
2023-08-21 10:30:00-04:00,65.30000305175781,65.4000015258789,65.25,65.27999877929688,2523,0.0,0.0,0.0
2023-08-21 11:30:00-04:00,65.26000213623047,65.27999877929688,65.0,65.0,2592,0.0,0.0,0.0
2023-08-21 12:30:00-04:00,65.01000213623047,65.01000213623047,65.01000213623047,65.01000213623047,173,0.0,0.0,0.0
2023-08-21 13:30:00-04:00,65.01000213623047,65.0999984741211,65.01000213623047,65.0999984741211,2545,0.0,0.0,0.0
2023-08-21 15:30:00-04:00,65.44999694824219,65.44999694824219,65.38999938964844,65.38999938964844,1274,0.0,0.0,0.0
2023-08-22 09:30:00-04:00,66.04000091552734,66.06999969482422,65.66000366210938,65.95999908447266,14724,0.0,0.0,0.0
2023-08-22 10:30:00-04:00,66.0999984741211,66.0999984741211,66.05999755859375,66.05999755859375,1108,0.0,0.0,0.0
2023-08-22 11:30:00-04:00,65.85900115966797,65.85900115966797,65.80000305175781,65.81169891357422,840,0.0,0.0,0.0
2023-08-22 12:30:00-04:00,65.85900115966797,65.85900115966797,65.80000305175781,65.84989929199219,3084,0.0,0.0,0.0
2023-08-22 13:30:00-04:00,65.54199981689453,65.69000244140625,65.54199981689453,65.69000244140625,1023,0.0,0.0,0.0
2023-08-22 14:30:00-04:00,65.69000244140625,65.69000244140625,65.66000366210938,65.66010284423828,1393,0.0,0.0,0.0
2023-08-22 15:30:00-04:00,65.96499633789062,65.97000122070312,65.89600372314453,65.89759826660156,1868,0.0,0.0,0.0
2023-08-23 09:30:00-04:00,65.77999877929688,65.92050170898438,65.77999877929688,65.92050170898438,945,0.0,0.0,0.0
2023-08-23 10:30:00-04:00,66.17500305175781,66.17500305175781,66.17500305175781,66.17500305175781,480,0.0,0.0,0.0
2023-08-23 11:30:00-04:00,66.17500305175781,66.37000274658203,66.17500305175781,66.37000274658203,1931,0.0,0.0,0.0
2023-08-23 12:30:00-04:00,66.31999969482422,66.45570373535156,66.31999969482422,66.38790130615234,2721,0.0,0.0,0.0
2023-08-23 13:30:00-04:00,66.33999633789062,66.33999633789062,66.30000305175781,66.30000305175781,2138,0.0,0.0,0.0
2023-08-23 14:30:00-04:00,66.19000244140625,66.19000244140625,66.19000244140625,66.19000244140625,304,0.0,0.0,0.0
2023-08-23 15:30:00-04:00,66.19000244140625,66.33000183105469,66.01000213623047,66.06999969482422,2839,0.0,0.0,0.0
2023-08-24 09:30:00-04:00,65.30000305175781,65.8499984741211,65.0199966430664,65.79000091552734,6309,0.0,0.0,0.0
2023-08-24 10:30:00-04:00,65.76000213623047,65.76000213623047,65.44259643554688,65.46990203857422,1125,0.0,0.0,0.0
2023-08-24 11:30:00-04:00,65.42500305175781,65.42500305175781,65.33000183105469,65.34770202636719,1695,0.0,0.0,0.0
2023-08-24 12:30:00-04:00,65.54820251464844,65.54820251464844,65.54820251464844,65.54820251464844,659,0.0,0.0,0.0
2023-08-24 14:30:00-04:00,65.47100067138672,65.52999877929688,65.43000030517578,65.43000030517578,2471,0.0,0.0,0.0
2023-08-24 15:30:00-04:00,65.41999816894531,65.44000244140625,65.26110076904297,65.26110076904297,0,0.0,0.0,0.0
2023-08-25 09:30:00-04:00,65.33000183105469,65.33000183105469,65.33000183105469,65.33000183105469,385,0.0,0.0,0.0
2023-08-25 10:30:00-04:00,65.16100311279297,65.22350311279297,64.94000244140625,64.9800033569336,2360,0.0,0.0,0.0
2023-08-25 11:30:00-04:00,65.12000274658203,65.12000274658203,65.12000274658203,65.12000274658203,155,0.0,0.0,0.0
2023-08-25 12:30:00-04:00,65.33000183105469,65.33000183105469,65.33000183105469,65.33000183105469,348,0.0,0.0,0.0
2023-08-25 13:30:00-04:00,65.1500015258789,65.58180236816406,65.1500015258789,65.58000183105469,3231,0.0,0.0,0.0
2023-08-25 14:30:00-04:00,65.61000061035156,65.63999938964844,65.54000091552734,65.54000091552734,476,0.0,0.0,0.0
2023-08-25 15:30:00-04:00,65.6500015258789,65.6500015258789,65.4000015258789,65.41000366210938,898,0.0,0.0,0.0
2023-08-28 09:30:00-04:00,65.33999633789062,66.51000213623047,65.33999633789062,66.4021987915039,2153,0.0,0.0,0.0
2023-08-28 10:30:00-04:00,66.54000091552734,66.54000091552734,66.33159637451172,66.33159637451172,2847,0.0,0.0,0.0
2023-08-28 11:30:00-04:00,66.22000122070312,66.27999877929688,66.18000030517578,66.27999877929688,50427,0.0,0.0,0.0
2023-08-28 12:30:00-04:00,66.36090087890625,66.44999694824219,66.36090087890625,66.44000244140625,725,0.0,0.0,0.0
2023-08-28 13:30:00-04:00,66.15730285644531,66.15730285644531,66.15730285644531,66.15730285644531,479,0.0,0.0,0.0
2023-08-28 14:30:00-04:00,66.05010223388672,66.20999908447266,66.05010223388672,66.16909790039062,2284,0.0,0.0,0.0
2023-08-29 09:30:00-04:00,66.07830047607422,66.66000366210938,65.95899963378906,66.66000366210938,2448,0.0,0.0,0.0
2023-08-29 10:30:00-04:00,66.77999877929688,67.13770294189453,66.77999877929688,67.0999984741211,3451,0.0,0.0,0.0
2023-08-29 11:30:00-04:00,67.19300079345703,67.34989929199219,67.19300079345703,67.34989929199219,448,0.0,0.0,0.0
2023-08-29 12:30:00-04:00,67.22380065917969,67.5,67.22380065917969,67.33999633789062,1842,0.0,0.0,0.0
2023-08-29 13:30:00-04:00,67.3759994506836,67.5,67.3759994506836,67.5,737,0.0,0.0,0.0
2023-08-29 14:30:00-04:00,67.42150115966797,67.6626968383789,67.42150115966797,67.6626968383789,1453,0.0,0.0,0.0
2023-08-29 15:30:00-04:00,67.80999755859375,67.80999755859375,67.80999755859375,67.80999755859375,207,0.0,0.0,0.0
2023-08-30 09:30:00-04:00,68.1500015258789,68.17610168457031,67.49859619140625,67.54239654541016,11010,0.0,0.0,0.0
2023-08-30 10:30:00-04:00,67.62999725341797,67.80000305175781,67.62999725341797,67.79630279541016,880,0.0,0.0,0.0
2023-08-30 11:30:00-04:00,67.94499969482422,68.00990295410156,67.87999725341797,68.00990295410156,1795,0.0,0.0,0.0
2023-08-30 12:30:00-04:00,68.0,68.0,67.88990020751953,67.88990020751953,1232,0.0,0.0,0.0
2023-08-30 15:30:00-04:00,67.75,67.79109954833984,67.75,67.79109954833984,1237,0.0,0.0,0.0
2023-08-31 09:30:00-04:00,67.61000061035156,67.88990020751953,67.61000061035156,67.65380096435547,6246,0.0,0.0,0.0
2023-08-31 10:30:00-04:00,67.85330200195312,67.85330200195312,67.62000274658203,67.66999816894531,22181,0.0,0.0,0.0
2023-08-31 11:30:00-04:00,67.63999938964844,67.66999816894531,67.44000244140625,67.48999786376953,3049,0.0,0.0,0.0
2023-08-31 12:30:00-04:00,67.51629638671875,67.51629638671875,67.40010070800781,67.40010070800781,1056,0.0,0.0,0.0
2023-08-31 13:30:00-04:00,67.45999908447266,67.5344009399414,67.30999755859375,67.5344009399414,2578,0.0,0.0,0.0
2023-08-31 14:30:00-04:00,67.39459991455078,67.39459991455078,67.36730194091797,67.36730194091797,992,0.0,0.0,0.0
2023-08-31 15:30:00-04:00,67.39459991455078,67.5,67.36730194091797,67.37999725341797,12494,0.0,0.0,0.0
2023-09-01 09:30:00-04:00,68.18000030517578,68.43000030517578,68.18000030517578,68.31999969482422,2370,0.0,0.0,0.0
2023-09-01 10:30:00-04:00,68.37000274658203,68.4000015258789,68.31999969482422,68.3499984741211,1480,0.0,0.0,0.0
2023-09-01 11:30:00-04:00,68.3499984741211,68.48999786376953,68.27670288085938,68.4000015258789,1763,0.0,0.0,0.0
2023-09-01 12:30:00-04:00,68.3292007446289,68.62000274658203,68.3292007446289,68.59030151367188,4456,0.0,0.0,0.0
2023-09-01 13:30:00-04:00,68.5719985961914,68.5719985961914,68.5719985961914,68.5719985961914,1114,0.0,0.0,0.0
2023-09-01 14:30:00-04:00,68.44000244140625,68.45010375976562,68.44000244140625,68.45010375976562,211,0.0,0.0,0.0
2023-09-01 15:30:00-04:00,68.44000244140625,68.62940216064453,68.43000030517578,68.43000030517578,1693,0.0,0.0,0.0
2023-09-05 09:30:00-04:00,67.80999755859375,67.83989715576172,67.80999755859375,67.83989715576172,2535,0.0,0.0,0.0
2023-09-05 10:30:00-04:00,67.83989715576172,67.9009017944336,67.69999694824219,67.83999633789062,1365,0.0,0.0,0.0
2023-09-05 11:30:00-04:00,67.9009017944336,67.9009017944336,67.83920288085938,67.83920288085938,1144,0.0,0.0,0.0
2023-09-05 12:30:00-04:00,68.0,68.0,67.80999755859375,67.84500122070312,1516,0.0,0.0,0.0
2023-09-05 14:30:00-04:00,67.79000091552734,67.87000274658203,67.66000366210938,67.66000366210938,1184,0.0,0.0,0.0
2023-09-05 15:30:00-04:00,67.87000274658203,67.87000274658203,67.62000274658203,67.62419891357422,11137,0.0,0.0,0.0
2023-09-06 09:30:00-04:00,68.01000213623047,68.01000213623047,67.72000122070312,67.8499984741211,599,0.0,0.0,0.0
2023-09-06 10:30:00-04:00,67.73690032958984,67.8499984741211,67.04000091552734,67.04000091552734,2132,0.0,0.0,0.0
2023-09-06 11:30:00-04:00,67.04000091552734,67.04000091552734,66.7699966430664,66.80000305175781,2324,0.0,0.0,0.0
2023-09-06 12:30:00-04:00,66.7699966430664,66.80999755859375,66.58000183105469,66.80999755859375,4940,0.0,0.0,0.0
2023-09-06 13:30:00-04:00,66.70999908447266,66.97989654541016,66.69999694824219,66.97989654541016,2840,0.0,0.0,0.0
2023-09-06 14:30:00-04:00,66.8499984741211,66.8499984741211,66.8499984741211,66.8499984741211,223,0.0,0.0,0.0
2023-09-06 15:30:00-04:00,66.8499984741211,67.0,66.8499984741211,66.9000015258789,2789,0.0,0.0,0.0
2023-09-07 09:30:00-04:00,65.52449798583984,65.52449798583984,65.52449798583984,65.52449798583984,386,0.0,0.0,0.0
2023-09-07 10:30:00-04:00,65.54499816894531,65.62000274658203,65.54499816894531,65.62000274658203,521,0.0,0.0,0.0
2023-09-07 11:30:00-04:00,65.70999908447266,65.70999908447266,65.70999908447266,65.70999908447266,362,0.0,0.0,0.0
2023-09-07 13:30:00-04:00,65.77159881591797,65.77159881591797,65.77159881591797,65.77159881591797,435,0.0,0.0,0.0
2023-09-07 14:30:00-04:00,65.75,65.92749786376953,65.75,65.92749786376953,495,0.0,0.0,0.0
2023-09-07 15:30:00-04:00,65.79000091552734,65.83999633789062,65.79000091552734,65.83999633789062,899,0.0,0.0,0.0
2023-09-08 09:30:00-04:00,66.45999908447266,66.45999908447266,65.79000091552734,65.79000091552734,421,0.0,0.0,0.0
2023-09-08 10:30:00-04:00,65.9000015258789,66.00450134277344,65.9000015258789,66.00450134277344,101394,0.0,0.0,0.0
2023-09-08 15:30:00-04:00,65.75499725341797,65.87989807128906,65.75499725341797,65.87989807128906,826,0.0,0.0,0.0
2023-09-11 09:30:00-04:00,66.94999694824219,66.94999694824219,66.45999908447266,66.53500366210938,1231,0.0,0.0,0.0
2023-09-11 11:30:00-04:00,66.20999908447266,66.20999908447266,66.09390258789062,66.09390258789062,0,0.0,0.0,0.0
2023-09-12 09:30:00-04:00,65.94000244140625,66.16000366210938,65.80999755859375,65.93450164794922,1628,0.0,0.0,0.0
2023-09-12 12:30:00-04:00,66.12999725341797,66.2698974609375,66.1177978515625,66.19999694824219,1642,0.0,0.0,0.0
2023-09-12 13:30:00-04:00,66.16000366210938,66.2698974609375,66.16000366210938,66.2020034790039,1366,0.0,0.0,0.0
2023-09-12 14:30:00-04:00,66.05999755859375,66.05999755859375,65.9010009765625,65.9999008178711,935,0.0,0.0,0.0
2023-09-12 15:30:00-04:00,66.0198974609375,66.0198974609375,65.7750015258789,65.86000061035156,2421,0.0,0.0,0.0
2023-09-13 09:30:00-04:00,65.5999984741211,65.81999969482422,65.47000122070312,65.47000122070312,2063,0.0,0.0,0.0
2023-09-13 10:30:00-04:00,65.63500213623047,65.80500030517578,65.47000122070312,65.66999816894531,3485,0.0,0.0,0.0
2023-09-13 11:30:00-04:00,65.68820190429688,65.68820190429688,65.33999633789062,65.33999633789062,2994,0.0,0.0,0.0
2023-09-13 12:30:00-04:00,65.33999633789062,65.43000030517578,65.33999633789062,65.4000015258789,2410,0.0,0.0,0.0
2023-09-13 13:30:00-04:00,65.52999877929688,65.52999877929688,65.46980285644531,65.46980285644531,231,0.0,0.0,0.0
2023-09-13 14:30:00-04:00,65.52999877929688,65.52999877929688,65.22000122070312,65.27999877929688,2749,0.0,0.0,0.0
2023-09-13 15:30:00-04:00,65.29290008544922,65.47530364990234,65.22000122070312,65.47530364990234,5348,0.0,0.0,0.0
2023-09-14 09:30:00-04:00,66.41999816894531,67.41999816894531,66.41999816894531,67.19499969482422,2927,0.0,0.0,0.0
2023-09-14 10:30:00-04:00,67.41999816894531,67.5,67.1050033569336,67.20999908447266,2642,0.0,0.0,0.0
2023-09-14 11:30:00-04:00,67.5,67.5,67.08999633789062,67.36000061035156,6565,0.0,0.0,0.0
2023-09-14 12:30:00-04:00,67.33999633789062,67.62000274658203,67.33999633789062,67.62000274658203,5279,0.0,0.0,0.0
2023-09-14 13:30:00-04:00,67.54000091552734,67.62999725341797,67.4800033569336,67.4800033569336,4865,0.0,0.0,0.0
2023-09-14 14:30:00-04:00,67.58000183105469,67.72000122070312,67.4800033569336,67.51000213623047,12386,0.0,0.0,0.0
2023-09-14 15:30:00-04:00,67.67900085449219,67.72000122070312,67.43000030517578,67.61000061035156,8135,0.0,0.0,0.0
2023-09-15 09:30:00-04:00,67.94999694824219,67.94999694824219,67.4800033569336,67.5199966430664,1779,0.0,0.0,0.0
2023-09-15 10:30:00-04:00,67.12000274658203,67.12000274658203,67.12000274658203,67.12000274658203,198,0.0,0.0,0.0
2023-09-15 11:30:00-04:00,67.07499694824219,67.07499694824219,67.07499694824219,67.07499694824219,489,0.0,0.0,0.0
2023-09-15 12:30:00-04:00,66.83000183105469,66.83000183105469,66.73989868164062,66.73989868164062,2001,0.0,0.0,0.0
2023-09-15 13:30:00-04:00,66.81999969482422,66.92720031738281,66.79000091552734,66.79000091552734,692,0.0,0.0,0.0
2023-09-15 14:30:00-04:00,66.80999755859375,66.9000015258789,66.80999755859375,66.8550033569336,641,0.0,0.0,0.0
2023-09-15 15:30:00-04:00,66.58499908447266,66.65570068359375,66.58000183105469,66.65570068359375,2237,0.0,0.0,0.0
2023-09-18 09:30:00-04:00,66.5,66.9800033569336,66.5,66.9800033569336,3868,0.0,0.0,0.0
2023-09-18 10:30:00-04:00,66.97000122070312,67.18000030517578,66.97000122070312,67.18000030517578,3176,0.0,0.0,0.0
2023-09-18 11:30:00-04:00,66.89600372314453,66.89600372314453,66.89600372314453,66.89600372314453,290,0.0,0.0,0.0
2023-09-18 12:30:00-04:00,66.6500015258789,66.69999694824219,66.6500015258789,66.66999816894531,400,0.0,0.0,0.0
2023-09-18 13:30:00-04:00,66.6500015258789,66.69999694824219,66.6500015258789,66.69049835205078,1117,0.0,0.0,0.0
2023-09-18 14:30:00-04:00,66.69049835205078,66.69049835205078,66.58000183105469,66.58000183105469,837,0.0,0.0,0.0
2023-09-18 15:30:00-04:00,66.56999969482422,66.56999969482422,66.48999786376953,66.48999786376953,512,0.0,0.0,0.0
2023-09-19 09:30:00-04:00,67.0,67.08999633789062,66.69419860839844,66.69419860839844,981,0.0,0.0,0.0
2023-09-19 10:30:00-04:00,66.69419860839844,66.75150299072266,66.68090057373047,66.75150299072266,1795,0.0,0.0,0.0
2023-09-19 12:30:00-04:00,66.35710144042969,66.44000244140625,66.33999633789062,66.41670227050781,4436,0.0,0.0,0.0
2023-09-19 13:30:00-04:00,66.37000274658203,66.61000061035156,66.37000274658203,66.5386962890625,7104,0.0,0.0,0.0
2023-09-19 14:30:00-04:00,66.58999633789062,66.75,66.5386962890625,66.59850311279297,9608,0.0,0.0,0.0
2023-09-19 15:30:00-04:00,66.5999984741211,66.7300033569336,66.57620239257812,66.62000274658203,5146,0.0,0.0,0.0
2023-09-20 09:30:00-04:00,67.08000183105469,67.37950134277344,67.08000183105469,67.37899780273438,4564,0.0,0.0,0.0
2023-09-20 10:30:00-04:00,67.37950134277344,67.37950134277344,67.21009826660156,67.25900268554688,6721,0.0,0.0,0.0
2023-09-20 11:30:00-04:00,67.30899810791016,67.35900115966797,67.05899810791016,67.0999984741211,6273,0.0,0.0,0.0
2023-09-20 12:30:00-04:00,67.05899810791016,67.1989974975586,67.05899810791016,67.10900115966797,5352,0.0,0.0,0.0
2023-09-20 13:30:00-04:00,66.95999908447266,66.95999908447266,66.95999908447266,66.95999908447266,912,0.0,0.0,0.0
2023-09-20 15:30:00-04:00,66.44999694824219,66.58000183105469,66.44999694824219,66.56999969482422,2456,0.0,0.0,0.0
2023-09-21 09:30:00-04:00,65.91000366210938,65.91000366210938,64.99479675292969,65.25039672851562,4957,0.0,0.0,0.0
2023-09-21 10:30:00-04:00,65.01309967041016,65.08999633789062,64.94000244140625,65.04199981689453,2245,0.0,0.0,0.0
2023-09-21 11:30:00-04:00,65.21600341796875,65.21600341796875,65.21600341796875,65.21600341796875,181,0.0,0.0,0.0
2023-09-21 13:30:00-04:00,65.30500030517578,65.30500030517578,65.30500030517578,65.30500030517578,386,0.0,0.0,0.0
2023-09-21 14:30:00-04:00,65.0,65.0,65.0,65.0,311,0.0,0.0,0.0
2023-09-21 15:30:00-04:00,64.84320068359375,64.9749984741211,64.83000183105469,64.91310119628906,629,0.0,0.0,0.0
2023-09-22 09:30:00-04:00,64.87999725341797,65.63999938964844,64.87999725341797,65.47000122070312,2622,0.0,0.0,0.0
2023-09-22 10:30:00-04:00,65.4800033569336,65.4800033569336,65.4800033569336,65.4800033569336,484,0.0,0.0,0.0
2023-09-22 11:30:00-04:00,65.43000030517578,65.43000030517578,65.43000030517578,65.43000030517578,652,0.0,0.0,0.0
2023-09-22 13:30:00-04:00,65.35900115966797,65.38999938964844,65.33270263671875,65.38999938964844,851,0.0,0.0,0.0
2023-09-22 14:30:00-04:00,65.35900115966797,65.52120208740234,65.16000366210938,65.52120208740234,11306,0.0,0.0,0.0
2023-09-22 15:30:00-04:00,65.48419952392578,65.5250015258789,65.20999908447266,65.21369934082031,3141,0.0,0.0,0.0
2023-09-25 09:30:00-04:00,64.55290222167969,64.55290222167969,64.51000213623047,64.51000213623047,935,0.0,0.0,0.0
2023-09-25 10:30:00-04:00,64.39230346679688,64.80059814453125,64.39230346679688,64.80059814453125,338,0.0,0.0,0.0
2023-09-25 11:30:00-04:00,64.9000015258789,64.9000015258789,64.9000015258789,64.9000015258789,320,0.0,0.0,0.0
2023-09-25 12:30:00-04:00,64.9000015258789,64.9000015258789,64.9000015258789,64.9000015258789,116,0.0,0.0,0.0
2023-09-25 13:30:00-04:00,65.07499694824219,65.11000061035156,65.07499694824219,65.11000061035156,999,0.0,0.0,0.0
2023-09-25 14:30:00-04:00,64.9999008178711,64.9999008178711,64.9999008178711,64.9999008178711,166,0.0,0.0,0.0
2023-09-25 15:30:00-04:00,65.0999984741211,65.12000274658203,65.05999755859375,65.05999755859375,0,0.0,0.0,0.0
2023-09-26 09:30:00-04:00,64.98999786376953,64.98999786376953,64.58000183105469,64.58000183105469,2363,0.0,0.0,0.0
2023-09-26 10:30:00-04:00,64.77999877929688,64.90139770507812,64.71499633789062,64.75,1251,0.0,0.0,0.0
2023-09-26 11:30:00-04:00,64.5,64.52999877929688,64.48999786376953,64.51000213623047,2116,0.0,0.0,0.0
2023-09-26 12:30:00-04:00,64.61000061035156,64.61000061035156,64.30000305175781,64.30000305175781,3698,0.0,0.0,0.0
2023-09-26 13:30:00-04:00,64.20999908447266,64.20999908447266,64.20999908447266,64.20999908447266,461,0.0,0.0,0.0
2023-09-26 14:30:00-04:00,64.07009887695312,64.23999786376953,64.07009887695312,64.11499786376953,3505,0.0,0.0,0.0
2023-09-26 15:30:00-04:00,64.13999938964844,64.24659729003906,64.13369750976562,64.13369750976562,0,0.0,0.0,0.0
2023-09-27 09:30:00-04:00,65.12000274658203,65.31999969482422,64.80999755859375,65.08999633789062,4115,0.0,0.0,0.0
2023-09-27 10:30:00-04:00,65.12000274658203,65.12000274658203,65.0250015258789,65.05999755859375,1581,0.0,0.0,0.0
2023-09-27 11:30:00-04:00,65.04000091552734,65.04000091552734,64.6500015258789,64.6500015258789,1335,0.0,0.0,0.0
2023-09-27 12:30:00-04:00,64.76499938964844,64.76499938964844,64.76499938964844,64.76499938964844,281,0.0,0.0,0.0
2023-09-27 13:30:00-04:00,64.53009796142578,64.66580200195312,64.53009796142578,64.66580200195312,1030,0.0,0.0,0.0
2023-09-27 14:30:00-04:00,64.97000122070312,65.08999633789062,64.93080139160156,65.05670166015625,11088,0.0,0.0,0.0
2023-09-27 15:30:00-04:00,65.05000305175781,65.05000305175781,64.85099792480469,64.96050262451172,0,0.0,0.0,0.0
2023-09-28 09:30:00-04:00,65.19000244140625,65.19000244140625,65.16000366210938,65.16000366210938,1316,0.0,0.0,0.0
2023-09-28 10:30:00-04:00,65.16999816894531,65.53009796142578,65.16999816894531,65.53009796142578,432,0.0,0.0,0.0
2023-09-28 11:30:00-04:00,65.53009796142578,65.72000122070312,65.53009796142578,65.6500015258789,600,0.0,0.0,0.0
2023-09-28 12:30:00-04:00,65.6500015258789,65.79000091552734,65.5833969116211,65.5833969116211,885,0.0,0.0,0.0
2023-09-28 13:30:00-04:00,65.5833969116211,65.5833969116211,65.39140319824219,65.44999694824219,2639,0.0,0.0,0.0
2023-09-28 14:30:00-04:00,65.58609771728516,65.69000244140625,65.58609771728516,65.68000030517578,985,0.0,0.0,0.0
2023-09-28 15:30:00-04:00,65.58609771728516,65.69000244140625,65.41230010986328,65.44539642333984,2329,0.0,0.0,0.0
2023-09-29 09:30:00-04:00,66.05000305175781,66.05000305175781,65.62000274658203,65.62000274658203,3979,0.0,0.0,0.0
2023-09-29 10:30:00-04:00,65.62000274658203,65.83000183105469,65.62000274658203,65.83000183105469,1086,0.0,0.0,0.0
2023-09-29 11:30:00-04:00,65.83000183105469,65.83000183105469,65.55999755859375,65.8145980834961,913,0.0,0.0,0.0
2023-09-29 12:30:00-04:00,65.39199829101562,65.41999816894531,65.3407974243164,65.3407974243164,312,0.0,0.0,0.0
2023-09-29 13:30:00-04:00,65.39199829101562,65.4800033569336,65.29000091552734,65.29000091552734,2539,0.0,0.0,0.0
2023-09-29 14:30:00-04:00,65.3281021118164,65.52290344238281,65.29000091552734,65.52290344238281,2017,0.0,0.0,0.0
2023-09-29 15:30:00-04:00,65.48819732666016,65.56999969482422,65.41000366210938,65.56999969482422,2806,0.0,0.0,0.0
2023-10-02 09:30:00-04:00,65.5999984741211,65.5999984741211,64.69999694824219,64.85990142822266,2563,0.0,0.0,0.0
2023-10-02 10:30:00-04:00,64.470703125,64.470703125,64.41320037841797,64.41320037841797,890,0.0,0.0,0.0
2023-10-02 11:30:00-04:00,64.41010284423828,64.41010284423828,64.30000305175781,64.30000305175781,693,0.0,0.0,0.0
2023-10-02 12:30:00-04:00,64.44999694824219,64.44999694824219,64.39810180664062,64.39810180664062,1099,0.0,0.0,0.0
2023-10-02 13:30:00-04:00,64.44000244140625,64.54830169677734,64.4030990600586,64.54000091552734,1716,0.0,0.0,0.0
2023-10-02 14:30:00-04:00,64.18000030517578,64.4000015258789,64.13999938964844,64.4000015258789,489,0.0,0.0,0.0
2023-10-02 15:30:00-04:00,64.37000274658203,64.54000091552734,64.3499984741211,64.54000091552734,1149,0.0,0.0,0.0
2023-10-03 09:30:00-04:00,63.84000015258789,64.05000305175781,63.84000015258789,63.89250183105469,2716,0.0,0.0,0.0
2023-10-03 10:30:00-04:00,64.05000305175781,64.05000305175781,63.349998474121094,63.349998474121094,2887,0.0,0.0,0.0
2023-10-03 11:30:00-04:00,63.349998474121094,63.63850021362305,63.349998474121094,63.630001068115234,3425,0.0,0.0,0.0
2023-10-03 12:30:00-04:00,63.599998474121094,63.66999816894531,63.54199981689453,63.54199981689453,4075,0.0,0.0,0.0
2023-10-03 13:30:00-04:00,63.54199981689453,63.54199981689453,63.14149856567383,63.14149856567383,1399,0.0,0.0,0.0
2023-10-03 14:30:00-04:00,63.18389892578125,63.444000244140625,63.14149856567383,63.444000244140625,1951,0.0,0.0,0.0
2023-10-03 15:30:00-04:00,63.38999938964844,63.5,63.380001068115234,63.4463996887207,2235,0.0,0.0,0.0
2023-10-04 09:30:00-04:00,63.130001068115234,63.150001525878906,62.5,62.5,34680,0.0,0.0,0.0
2023-10-04 10:30:00-04:00,63.0,63.0,62.5,62.61000061035156,3523,0.0,0.0,0.0
2023-10-04 11:30:00-04:00,62.61000061035156,63.222801208496094,62.61000061035156,63.222801208496094,8079,0.0,0.0,0.0
2023-10-04 12:30:00-04:00,63.08000183105469,63.27000045776367,63.06999969482422,63.130001068115234,2686,0.0,0.0,0.0
2023-10-04 13:30:00-04:00,63.130001068115234,63.130001068115234,62.81999969482422,62.81999969482422,2548,0.0,0.0,0.0
2023-10-04 14:30:00-04:00,62.845001220703125,62.845001220703125,62.845001220703125,62.845001220703125,328,0.0,0.0,0.0
2023-10-04 15:30:00-04:00,62.845001220703125,63.077301025390625,62.845001220703125,63.060001373291016,6049,0.0,0.0,0.0
2023-10-05 09:30:00-04:00,62.869998931884766,63.09000015258789,62.869998931884766,63.03499984741211,2918,0.0,0.0,0.0
2023-10-05 10:30:00-04:00,62.76169967651367,62.76169967651367,62.76169967651367,62.76169967651367,221,0.0,0.0,0.0
2023-10-05 11:30:00-04:00,62.76169967651367,62.79999923706055,62.76169967651367,62.79999923706055,9401,0.0,0.0,0.0
2023-10-05 14:30:00-04:00,62.90999984741211,62.935001373291016,62.90999984741211,62.935001373291016,236,0.0,0.0,0.0
2023-10-05 15:30:00-04:00,62.90999984741211,62.935001373291016,62.880001068115234,62.88850021362305,1324,0.0,0.0,0.0
2023-10-06 09:30:00-04:00,62.810001373291016,62.810001373291016,62.650001525878906,62.650001525878906,716,0.0,0.0,0.0
2023-10-06 10:30:00-04:00,63.279998779296875,63.279998779296875,63.279998779296875,63.279998779296875,1422,0.0,0.0,0.0
2023-10-06 13:30:00-04:00,63.63999938964844,63.67319869995117,63.63999938964844,63.67319869995117,1950,0.0,0.0,0.0
2023-10-06 14:30:00-04:00,63.915000915527344,63.959800720214844,63.89500045776367,63.959800720214844,3673,0.0,0.0,0.0
2023-10-06 15:30:00-04:00,63.915000915527344,63.959800720214844,63.619998931884766,63.619998931884766,6197,0.0,0.0,0.0
2023-10-09 09:30:00-04:00,63.349998474121094,63.349998474121094,63.0,63.04999923706055,1296,0.0,0.0,0.0
2023-10-09 11:30:00-04:00,63.369998931884766,63.369998931884766,63.349998474121094,63.349998474121094,349,0.0,0.0,0.0
2023-10-09 12:30:00-04:00,63.34000015258789,63.34000015258789,63.34000015258789,63.34000015258789,144,0.0,0.0,0.0
2023-10-09 13:30:00-04:00,63.58000183105469,63.58000183105469,63.58000183105469,63.58000183105469,308,0.0,0.0,0.0
2023-10-09 14:30:00-04:00,63.87990188598633,63.90999984741211,63.77000045776367,63.77000045776367,2540,0.0,0.0,0.0
2023-10-09 15:30:00-04:00,63.720001220703125,63.7400016784668,63.650001525878906,63.7400016784668,503,0.0,0.0,0.0
2023-10-10 09:30:00-04:00,63.77000045776367,64.5801010131836,63.77000045776367,64.5801010131836,1201,0.0,0.0,0.0
2023-10-10 10:30:00-04:00,64.55999755859375,64.55999755859375,64.52999877929688,64.52999877929688,678,0.0,0.0,0.0
2023-10-10 11:30:00-04:00,64.55999755859375,64.7699966430664,64.52999877929688,64.7699966430664,1376,0.0,0.0,0.0
2023-10-10 12:30:00-04:00,64.5,64.59700012207031,64.5,64.59700012207031,882,0.0,0.0,0.0
2023-10-10 14:30:00-04:00,64.5999984741211,64.61000061035156,64.5999984741211,64.61000061035156,938,0.0,0.0,0.0
2023-10-10 15:30:00-04:00,64.5,64.5,64.36000061035156,64.36280059814453,2246,0.0,0.0,0.0
2023-10-11 09:30:00-04:00,65.13999938964844,65.13999938964844,64.94000244140625,64.94000244140625,1904,0.0,0.0,0.0
2023-10-11 10:30:00-04:00,64.3499984741211,64.3499984741211,64.3499984741211,64.3499984741211,210,0.0,0.0,0.0
2023-10-11 11:30:00-04:00,64.3499984741211,64.47000122070312,64.3499984741211,64.36000061035156,1778,0.0,0.0,0.0
2023-10-11 12:30:00-04:00,64.36000061035156,64.36000061035156,64.29000091552734,64.29000091552734,726,0.0,0.0,0.0
2023-10-11 13:30:00-04:00,64.36129760742188,64.42410278320312,64.36129760742188,64.42410278320312,818,0.0,0.0,0.0
2023-10-11 15:30:00-04:00,64.81999969482422,64.81999969482422,64.78479766845703,64.78479766845703,884,0.0,0.0,0.0
2023-10-12 09:30:00-04:00,64.29000091552734,64.29000091552734,63.540000915527344,63.59000015258789,3094,0.0,0.0,0.0
2023-10-12 10:30:00-04:00,63.209999084472656,63.209999084472656,63.209999084472656,63.209999084472656,269,0.0,0.0,0.0
2023-10-12 11:30:00-04:00,63.209999084472656,63.209999084472656,63.072200775146484,63.072200775146484,1303,0.0,0.0,0.0
2023-10-12 12:30:00-04:00,63.217201232910156,63.217201232910156,63.0099983215332,63.0099983215332,2356,0.0,0.0,0.0
2023-10-12 14:30:00-04:00,63.091400146484375,63.185001373291016,63.090301513671875,63.185001373291016,982,0.0,0.0,0.0
2023-10-12 15:30:00-04:00,63.091400146484375,63.185001373291016,63.090301513671875,63.14899826049805,2256,0.0,0.0,0.0
2023-10-13 09:30:00-04:00,63.599998474121094,63.599998474121094,63.599998474121094,63.599998474121094,344,0.0,0.0,0.0
2023-10-13 10:30:00-04:00,62.93600082397461,63.0,62.650001525878906,62.650001525878906,953,0.0,0.0,0.0
2023-10-13 11:30:00-04:00,62.68009948730469,62.95000076293945,62.68009948730469,62.95000076293945,1384,0.0,0.0,0.0
2023-10-13 12:30:00-04:00,62.77000045776367,62.79999923706055,62.410701751708984,62.410701751708984,681,0.0,0.0,0.0
2023-10-13 13:30:00-04:00,62.68000030517578,62.68000030517578,62.68000030517578,62.68000030517578,503,0.0,0.0,0.0
2023-10-13 15:30:00-04:00,62.644901275634766,62.65999984741211,62.644901275634766,62.65449905395508,564,0.0,0.0,0.0
2023-10-16 10:30:00-04:00,63.73500061035156,63.7401008605957,63.73500061035156,63.7401008605957,1822,0.0,0.0,0.0
2023-10-16 11:30:00-04:00,63.525001525878906,63.560001373291016,63.515499114990234,63.560001373291016,659,0.0,0.0,0.0
2023-10-16 12:30:00-04:00,63.54999923706055,63.56999969482422,63.54999923706055,63.560001373291016,935,0.0,0.0,0.0
2023-10-16 14:30:00-04:00,63.438201904296875,63.52000045776367,63.43000030517578,63.517799377441406,4814,0.0,0.0,0.0
2023-10-16 15:30:00-04:00,63.43470001220703,63.43470001220703,63.369998931884766,63.43000030517578,0,0.0,0.0,0.0
2023-10-17 09:30:00-04:00,62.75,63.25,62.63999938964844,63.220001220703125,3328,0.0,0.0,0.0
2023-10-17 11:30:00-04:00,63.997798919677734,64.02549743652344,63.997798919677734,64.02549743652344,610,0.0,0.0,0.0
2023-10-17 12:30:00-04:00,63.79999923706055,63.83100128173828,63.79999923706055,63.83000183105469,1079,0.0,0.0,0.0
2023-10-17 13:30:00-04:00,63.83100128173828,63.83100128173828,63.6265983581543,63.70000076293945,1826,0.0,0.0,0.0
2023-10-17 14:30:00-04:00,63.70000076293945,63.79309844970703,63.70000076293945,63.79309844970703,3214,0.0,0.0,0.0
2023-10-17 15:30:00-04:00,63.79309844970703,63.869998931884766,63.790000915527344,63.869998931884766,1189,0.0,0.0,0.0
2023-10-18 09:30:00-04:00,63.400001525878906,63.400001525878906,62.56999969482422,62.56999969482422,1337,0.0,0.0,0.0
2023-10-18 10:30:00-04:00,62.279998779296875,62.279998779296875,61.939998626708984,62.119998931884766,8909,0.0,0.0,0.0
2023-10-18 11:30:00-04:00,62.02000045776367,62.02000045776367,61.900001525878906,61.900001525878906,5250,0.0,0.0,0.0
2023-10-18 13:30:00-04:00,61.97990036010742,61.97990036010742,61.97990036010742,61.97990036010742,346,0.0,0.0,0.0
2023-10-18 14:30:00-04:00,62.0099983215332,62.0099983215332,62.0099983215332,62.0099983215332,494,0.0,0.0,0.0
2023-10-18 15:30:00-04:00,61.84000015258789,61.84000015258789,61.832801818847656,61.832801818847656,0,0.0,0.0,0.0
2023-10-19 09:30:00-04:00,61.400001525878906,62.0099983215332,61.38999938964844,62.0,3761,0.0,0.0,0.0
2023-10-19 10:30:00-04:00,61.790000915527344,62.0,61.720001220703125,62.0,2082,0.0,0.0,0.0
2023-10-19 11:30:00-04:00,61.970001220703125,62.029998779296875,61.310001373291016,61.72999954223633,2165,0.0,0.0,0.0
2023-10-19 12:30:00-04:00,61.529998779296875,61.95000076293945,61.349998474121094,61.869998931884766,0,0.0,0.0,0.0
2023-10-19 13:30:00-04:00,61.7400016784668,61.7400016784668,61.56010055541992,61.56010055541992,14089,0.0,0.0,0.0
2023-10-19 14:30:00-04:00,61.05379867553711,61.09000015258789,60.900001525878906,60.97999954223633,3585,0.0,0.0,0.0
2023-10-19 15:30:00-04:00,60.97999954223633,61.02000045776367,60.849998474121094,61.01750183105469,5916,0.0,0.0,0.0
2023-10-20 09:30:00-04:00,60.400001525878906,60.400001525878906,59.79999923706055,59.845001220703125,8727,0.0,0.0,0.0
2023-10-20 10:30:00-04:00,60.0,60.04999923706055,59.79999923706055,60.01969909667969,8783,0.0,0.0,0.0
2023-10-20 11:30:00-04:00,59.985198974609375,59.9900016784668,59.91999816894531,59.959999084472656,1481,0.0,0.0,0.0
2023-10-20 12:30:00-04:00,59.959999084472656,60.283199310302734,59.959999084472656,60.283199310302734,2019,0.0,0.0,0.0
2023-10-20 13:30:00-04:00,60.119998931884766,60.119998931884766,59.970001220703125,59.970001220703125,579,0.0,0.0,0.0
2023-10-20 14:30:00-04:00,60.119998931884766,60.119998931884766,59.970001220703125,59.9901008605957,1257,0.0,0.0,0.0
2023-10-20 15:30:00-04:00,59.9901008605957,59.9901008605957,59.81999969482422,59.900001525878906,5418,0.0,0.0,0.0
2023-10-23 09:30:00-04:00,59.709999084472656,60.04999923706055,59.709999084472656,60.04999923706055,738,0.0,0.0,0.0
2023-10-23 10:30:00-04:00,60.290000915527344,60.290000915527344,60.290000915527344,60.290000915527344,100,0.0,0.0,0.0
2023-10-23 11:30:00-04:00,60.349998474121094,60.349998474121094,60.250099182128906,60.250099182128906,427,0.0,0.0,0.0
2023-10-23 12:30:00-04:00,60.36000061035156,60.459999084472656,60.36000061035156,60.459999084472656,507,0.0,0.0,0.0
2023-10-23 13:30:00-04:00,60.380001068115234,60.38999938964844,60.29719924926758,60.29719924926758,1467,0.0,0.0,0.0
2023-10-23 14:30:00-04:00,60.119998931884766,60.119998931884766,60.060001373291016,60.060001373291016,509,0.0,0.0,0.0
2023-10-23 15:30:00-04:00,59.845001220703125,59.880001068115234,59.845001220703125,59.880001068115234,233,0.0,0.0,0.0
2023-10-24 09:30:00-04:00,60.599998474121094,61.55059814453125,60.599998474121094,61.55059814453125,5586,0.0,0.0,0.0
2023-10-24 11:30:00-04:00,61.29999923706055,61.29999923706055,61.220001220703125,61.220001220703125,854,0.0,0.0,0.0
2023-10-24 12:30:00-04:00,61.21630096435547,61.21630096435547,61.21630096435547,61.21630096435547,1066,0.0,0.0,0.0
2023-10-24 13:30:00-04:00,61.290000915527344,61.290000915527344,61.290000915527344,61.290000915527344,574,0.0,0.0,0.0
2023-10-24 14:30:00-04:00,61.459999084472656,61.54999923706055,61.435001373291016,61.54999923706055,2197,0.0,0.0,0.0
2023-10-24 15:30:00-04:00,61.459999084472656,61.54999923706055,61.393001556396484,61.393001556396484,2952,0.0,0.0,0.0
2023-10-25 09:30:00-04:00,61.290000915527344,61.45320129394531,61.279998779296875,61.29999923706055,1444,0.0,0.0,0.0
2023-10-25 10:30:00-04:00,61.31999969482422,61.31999969482422,61.16999816894531,61.22999954223633,4309,0.0,0.0,0.0
2023-10-25 11:30:00-04:00,61.290000915527344,61.290000915527344,61.25,61.25,458,0.0,0.0,0.0
2023-10-25 12:30:00-04:00,60.939998626708984,60.939998626708984,60.939998626708984,60.939998626708984,405,0.0,0.0,0.0
2023-10-25 14:30:00-04:00,60.971099853515625,60.971099853515625,60.971099853515625,60.971099853515625,296,0.0,0.0,0.0
2023-10-25 15:30:00-04:00,60.96009826660156,61.08000183105469,60.96009826660156,60.983299255371094,0,0.0,0.0,0.0
2023-10-26 09:30:00-04:00,61.150001525878906,61.15999984741211,61.150001525878906,61.15999984741211,246,0.0,0.0,0.0
2023-10-26 10:30:00-04:00,61.15999984741211,61.41999816894531,61.15999984741211,61.41999816894531,540,0.0,0.0,0.0
2023-10-26 11:30:00-04:00,61.57500076293945,61.57500076293945,61.277000427246094,61.277000427246094,689,0.0,0.0,0.0
2023-10-26 12:30:00-04:00,61.277000427246094,61.36000061035156,61.277000427246094,61.36000061035156,563,0.0,0.0,0.0
2023-10-26 13:30:00-04:00,61.29999923706055,61.900001525878906,61.29999923706055,61.900001525878906,2618,0.0,0.0,0.0
2023-10-26 14:30:00-04:00,61.690101623535156,62.025001525878906,61.690101623535156,62.025001525878906,8743,0.0,0.0,0.0
2023-10-26 15:30:00-04:00,61.9547004699707,62.11000061035156,61.63999938964844,61.64350128173828,5365,0.0,0.0,0.0
2023-10-27 09:30:00-04:00,62.52000045776367,62.52000045776367,61.5900993347168,61.5900993347168,588,0.0,0.0,0.0
2023-10-27 10:30:00-04:00,61.5900993347168,62.099998474121094,61.5900993347168,62.099998474121094,1671,0.0,0.0,0.0
2023-10-27 12:30:00-04:00,61.7599983215332,61.849998474121094,61.7599983215332,61.849998474121094,362,0.0,0.0,0.0
2023-10-27 13:30:00-04:00,61.7599983215332,61.90019989013672,61.7599983215332,61.869998931884766,4164,0.0,0.0,0.0
2023-10-27 14:30:00-04:00,62.0099983215332,62.0099983215332,62.0099983215332,62.0099983215332,312,0.0,0.0,0.0
2023-10-27 15:30:00-04:00,62.0099983215332,62.060001373291016,61.9900016784668,61.99829864501953,1298,0.0,0.0,0.0
2023-10-30 09:30:00-04:00,62.481998443603516,62.599998474121094,62.47999954223633,62.4900016784668,4356,0.0,0.0,0.0
2023-10-30 10:30:00-04:00,62.150001525878906,62.29999923706055,62.150001525878906,62.29999923706055,694,0.0,0.0,0.0
2023-10-30 11:30:00-04:00,62.279998779296875,62.43000030517578,62.279998779296875,62.43000030517578,2071,0.0,0.0,0.0
2023-10-30 12:30:00-04:00,62.0890998840332,62.0890998840332,62.06010055541992,62.06010055541992,380,0.0,0.0,0.0
2023-10-30 14:30:00-04:00,62.40409851074219,62.40409851074219,62.38059997558594,62.38059997558594,1350,0.0,0.0,0.0
2023-10-30 15:30:00-04:00,62.42509841918945,62.42509841918945,62.380001068115234,62.380001068115234,1100,0.0,0.0,0.0
2023-10-31 09:30:00-04:00,62.150001525878906,62.150001525878906,62.150001525878906,62.150001525878906,2174,0.0,0.0,0.0
2023-10-31 10:30:00-04:00,62.61000061035156,62.61000061035156,62.61000061035156,62.61000061035156,326,0.0,0.0,0.0
2023-10-31 12:30:00-04:00,62.65999984741211,62.65999984741211,62.55009841918945,62.55009841918945,582,0.0,0.0,0.0
2023-10-31 14:30:00-04:00,62.689998626708984,62.74129867553711,62.689998626708984,62.74129867553711,6588,0.0,0.0,0.0
2023-10-31 15:30:00-04:00,62.599998474121094,62.70000076293945,62.599998474121094,62.65489959716797,3701,0.0,0.0,0.0
2023-11-01 10:30:00-04:00,63.0,63.0,62.8650016784668,62.8650016784668,901,0.0,0.0,0.0
2023-11-01 11:30:00-04:00,62.77000045776367,62.77000045776367,62.77000045776367,62.77000045776367,199,0.0,0.0,0.0
2023-11-01 12:30:00-04:00,62.70029830932617,62.70029830932617,62.70029830932617,62.70029830932617,249,0.0,0.0,0.0
2023-11-01 14:30:00-04:00,62.790000915527344,63.270999908447266,62.790000915527344,63.270999908447266,807,0.0,0.0,0.0
2023-11-01 15:30:00-04:00,63.33000183105469,63.36859893798828,63.33000183105469,63.36859893798828,0,0.0,0.0,0.0
2023-11-02 09:30:00-04:00,64.51000213623047,65.05000305175781,64.51000213623047,65.05000305175781,3113,0.0,0.0,0.0
2023-11-02 10:30:00-04:00,65.20999908447266,65.2406005859375,65.12000274658203,65.12000274658203,867,0.0,0.0,0.0
2023-11-02 11:30:00-04:00,64.93489837646484,65.02999877929688,64.89710235595703,64.94000244140625,6270,0.0,0.0,0.0
2023-11-02 12:30:00-04:00,64.90499877929688,65.15370178222656,64.90499877929688,65.15370178222656,1233,0.0,0.0,0.0
2023-11-02 13:30:00-04:00,65.30000305175781,65.4000015258789,65.30000305175781,65.36000061035156,7380,0.0,0.0,0.0
2023-11-02 14:30:00-04:00,65.38999938964844,65.4000015258789,65.33499908447266,65.37000274658203,941,0.0,0.0,0.0
2023-11-02 15:30:00-04:00,65.30000305175781,65.39990234375,65.27999877929688,65.39990234375,33892,0.0,0.0,0.0
2023-11-03 09:30:00-04:00,65.4800033569336,66.29000091552734,65.4800033569336,66.29000091552734,715,0.0,0.0,0.0
2023-11-03 10:30:00-04:00,65.75810241699219,65.93000030517578,65.75810241699219,65.86000061035156,1769,0.0,0.0,0.0
2023-11-03 11:30:00-04:00,65.92720031738281,66.11530303955078,65.92720031738281,65.99849700927734,3630,0.0,0.0,0.0
2023-11-03 12:30:00-04:00,65.87000274658203,65.87000274658203,65.83999633789062,65.83999633789062,380,0.0,0.0,0.0
2023-11-03 13:30:00-04:00,65.80999755859375,65.91999816894531,65.79740142822266,65.91999816894531,1879,0.0,0.0,0.0
2023-11-03 14:30:00-04:00,66.14969635009766,66.14969635009766,66.02989959716797,66.02989959716797,1342,0.0,0.0,0.0
2023-11-03 15:30:00-04:00,65.95999908447266,65.95999908447266,65.75,65.75,752,0.0,0.0,0.0
2023-11-06 09:30:00-05:00,66.97000122070312,66.97000122070312,66.45999908447266,66.72000122070312,692,0.0,0.0,0.0
2023-11-06 10:30:00-05:00,66.70999908447266,66.7300033569336,66.69999694824219,66.69999694824219,954,0.0,0.0,0.0
2023-11-06 11:30:00-05:00,66.69999694824219,66.8499984741211,66.66500091552734,66.75,1639,0.0,0.0,0.0
2023-11-06 12:30:00-05:00,66.8499984741211,66.8499984741211,66.4800033569336,66.4800033569336,2358,0.0,0.0,0.0
2023-11-06 13:30:00-05:00,66.5250015258789,66.5250015258789,66.5250015258789,66.5250015258789,281,0.0,0.0,0.0
2023-11-06 14:30:00-05:00,66.5250015258789,66.76000213623047,66.5250015258789,66.6500015258789,1851,0.0,0.0,0.0
2023-11-06 15:30:00-05:00,66.73989868164062,66.76000213623047,66.58999633789062,66.63999938964844,3158,0.0,0.0,0.0
2023-11-07 09:30:00-05:00,65.464599609375,65.55999755859375,65.35009765625,65.36000061035156,5311,0.0,0.0,0.0
2023-11-07 10:30:00-05:00,65.55999755859375,65.55999755859375,65.36000061035156,65.45240020751953,2123,0.0,0.0,0.0
2023-11-07 11:30:00-05:00,65.45240020751953,65.45240020751953,65.2699966430664,65.33000183105469,6662,0.0,0.0,0.0
2023-11-07 12:30:00-05:00,65.2699966430664,65.33000183105469,65.12999725341797,65.12999725341797,2288,0.0,0.0,0.0
2023-11-07 13:30:00-05:00,65.24690246582031,65.33000183105469,65.24690246582031,65.3030014038086,991,0.0,0.0,0.0
2023-11-07 14:30:00-05:00,65.3030014038086,65.381103515625,65.3030014038086,65.381103515625,1721,0.0,0.0,0.0
2023-11-07 15:30:00-05:00,65.34190368652344,65.43000030517578,65.31500244140625,65.31500244140625,2588,0.0,0.0,0.0
2023-11-08 09:30:00-05:00,65.05000305175781,65.23500061035156,65.05000305175781,65.1500015258789,5378,0.0,0.0,0.0
2023-11-08 10:30:00-05:00,65.23500061035156,65.23500061035156,65.14990234375,65.14990234375,3716,0.0,0.0,0.0
2023-11-08 11:30:00-05:00,64.79959869384766,64.83000183105469,64.79959869384766,64.80570220947266,991,0.0,0.0,0.0
2023-11-08 12:30:00-05:00,64.79959869384766,64.83000183105469,64.73999786376953,64.77999877929688,3361,0.0,0.0,0.0
2023-11-08 13:30:00-05:00,64.9093017578125,65.07119750976562,64.8499984741211,65.07119750976562,2353,0.0,0.0,0.0
2023-11-08 14:30:00-05:00,65.07119750976562,65.07119750976562,64.94999694824219,65.01000213623047,1734,0.0,0.0,0.0
2023-11-08 15:30:00-05:00,65.0199966430664,65.06999969482422,64.93000030517578,65.05999755859375,5023,0.0,0.0,0.0
2023-11-09 10:30:00-05:00,65.4000015258789,65.4000015258789,65.4000015258789,65.4000015258789,315,0.0,0.0,0.0
2023-11-09 11:30:00-05:00,65.3729019165039,65.3729019165039,65.3729019165039,65.3729019165039,137,0.0,0.0,0.0
2023-11-09 12:30:00-05:00,65.41000366210938,65.44999694824219,65.37000274658203,65.37000274658203,1705,0.0,0.0,0.0
2023-11-09 13:30:00-05:00,65.08999633789062,65.08999633789062,64.76000213623047,64.76000213623047,1229,0.0,0.0,0.0
2023-11-09 14:30:00-05:00,64.66819763183594,64.66819763183594,64.5999984741211,64.5999984741211,254,0.0,0.0,0.0
2023-11-09 15:30:00-05:00,64.6500015258789,64.6500015258789,64.54000091552734,64.54000091552734,0,0.0,0.0,0.0
2023-11-10 09:30:00-05:00,65.05000305175781,65.05000305175781,64.86000061035156,64.970703125,2270,0.0,0.0,0.0
2023-11-10 10:30:00-05:00,64.970703125,64.970703125,64.7249984741211,64.80000305175781,1736,0.0,0.0,0.0
2023-11-10 11:30:00-05:00,64.97209930419922,65.02999877929688,64.97209930419922,65.02999877929688,1062,0.0,0.0,0.0
2023-11-10 12:30:00-05:00,65.29000091552734,65.29000091552734,65.29000091552734,65.29000091552734,606,0.0,0.0,0.0
2023-11-10 13:30:00-05:00,65.44499969482422,65.44499969482422,65.44499969482422,65.44499969482422,125,0.0,0.0,0.0
2023-11-10 14:30:00-05:00,65.44499969482422,65.44499969482422,65.34010314941406,65.34010314941406,2289,0.0,0.0,0.0
2023-11-10 15:30:00-05:00,65.47000122070312,65.47000122070312,65.45369720458984,65.45369720458984,526,0.0,0.0,0.0
2023-11-13 09:30:00-05:00,65.45999908447266,65.45999908447266,65.27999877929688,65.30999755859375,3946,0.0,0.0,0.0
2023-11-13 10:30:00-05:00,65.30999755859375,65.5,65.19499969482422,65.5,3825,0.0,0.0,0.0
2023-11-13 11:30:00-05:00,65.5,65.59860229492188,65.5,65.53730010986328,1425,0.0,0.0,0.0
2023-11-13 13:30:00-05:00,65.48880004882812,65.48880004882812,65.40010070800781,65.40010070800781,718,0.0,0.0,0.0
2023-11-13 14:30:00-05:00,65.40010070800781,65.55999755859375,65.40010070800781,65.43499755859375,1328,0.0,0.0,0.0
2023-11-13 15:30:00-05:00,65.46269989013672,65.46269989013672,65.33000183105469,65.33830261230469,2850,0.0,0.0,0.0
2023-11-14 09:30:00-05:00,66.44000244140625,67.5,66.44000244140625,67.5,3421,0.0,0.0,0.0
2023-11-14 10:30:00-05:00,67.45500183105469,67.84500122070312,67.45500183105469,67.74500274658203,2896,0.0,0.0,0.0
2023-11-14 11:30:00-05:00,67.81999969482422,67.81999969482422,67.4000015258789,67.4000015258789,7289,0.0,0.0,0.0
2023-11-14 13:30:00-05:00,67.63999938964844,67.63999938964844,67.59660339355469,67.59660339355469,238,0.0,0.0,0.0
2023-11-14 14:30:00-05:00,67.63999938964844,67.69010162353516,67.59660339355469,67.69010162353516,2080,0.0,0.0,0.0
2023-11-14 15:30:00-05:00,67.69010162353516,67.7699966430664,67.5999984741211,67.61990356445312,6728,0.0,0.0,0.0
2023-11-15 09:30:00-05:00,67.97000122070312,67.9800033569336,67.75,67.9800033569336,1999,0.0,0.0,0.0
2023-11-15 10:30:00-05:00,68.24299621582031,68.24299621582031,68.05999755859375,68.05999755859375,6575,0.0,0.0,0.0
2023-11-15 11:30:00-05:00,67.88500213623047,67.88500213623047,67.88500213623047,67.88500213623047,552,0.0,0.0,0.0
2023-11-15 14:30:00-05:00,67.55909729003906,67.62870025634766,67.55909729003906,67.62870025634766,604,0.0,0.0,0.0
2023-11-15 15:30:00-05:00,67.63999938964844,67.63999938964844,67.55000305175781,67.55000305175781,948,0.0,0.0,0.0
2023-11-16 09:30:00-05:00,67.20999908447266,67.62999725341797,67.01339721679688,67.24500274658203,1526,0.0,0.0,0.0
2023-11-16 10:30:00-05:00,67.05500030517578,67.05500030517578,67.05500030517578,67.05500030517578,223,0.0,0.0,0.0
2023-11-16 11:30:00-05:00,67.05500030517578,67.05500030517578,66.94599914550781,66.94599914550781,1665,0.0,0.0,0.0
2023-11-16 13:30:00-05:00,67.33809661865234,67.33809661865234,67.33809661865234,67.33809661865234,161,0.0,0.0,0.0
2023-11-16 14:30:00-05:00,67.33809661865234,67.41999816894531,67.33000183105469,67.33000183105469,591,0.0,0.0,0.0
2023-11-16 15:30:00-05:00,67.30000305175781,67.37000274658203,67.30000305175781,67.37000274658203,1208,0.0,0.0,0.0
2023-11-17 09:30:00-05:00,67.77999877929688,67.80999755859375,67.73529815673828,67.73529815673828,1287,0.0,0.0,0.0
2023-11-17 10:30:00-05:00,67.73529815673828,67.96510314941406,67.73529815673828,67.8499984741211,1256,0.0,0.0,0.0
2023-11-17 11:30:00-05:00,67.96510314941406,67.96510314941406,67.69629669189453,67.9000015258789,4886,0.0,0.0,0.0
2023-11-17 13:30:00-05:00,68.08999633789062,68.08999633789062,68.08999633789062,68.08999633789062,1016,0.0,0.0,0.0
2023-11-17 14:30:00-05:00,67.9094009399414,67.9094009399414,67.83999633789062,67.83999633789062,872,0.0,0.0,0.0
2023-11-17 15:30:00-05:00,67.83999633789062,67.87999725341797,67.79000091552734,67.84130096435547,2092,0.0,0.0,0.0
2023-11-20 09:30:00-05:00,68.51000213623047,69.02999877929688,68.51000213623047,69.0,3387,0.0,0.0,0.0
2023-11-20 10:30:00-05:00,68.94999694824219,68.94999694824219,68.94999694824219,68.94999694824219,426,0.0,0.0,0.0
2023-11-20 11:30:00-05:00,68.80999755859375,68.83000183105469,68.76599884033203,68.81500244140625,2862,0.0,0.0,0.0
2023-11-20 12:30:00-05:00,68.81500244140625,68.88999938964844,68.72000122070312,68.87750244140625,988,0.0,0.0,0.0
2023-11-20 13:30:00-05:00,68.91500091552734,68.91500091552734,68.73999786376953,68.73999786376953,1329,0.0,0.0,0.0
2023-11-20 14:30:00-05:00,68.80000305175781,68.80000305175781,68.79840087890625,68.79840087890625,543,0.0,0.0,0.0
2023-11-20 15:30:00-05:00,68.74420166015625,68.77999877929688,68.66000366210938,68.69000244140625,1739,0.0,0.0,0.0
2023-11-21 09:30:00-05:00,68.72000122070312,69.0,68.72000122070312,69.0,5192,0.0,0.0,0.0
2023-11-21 11:30:00-05:00,68.7750015258789,68.8489990234375,68.7750015258789,68.8489990234375,1404,0.0,0.0,0.0
2023-11-21 12:30:00-05:00,68.87999725341797,68.87999725341797,68.8499984741211,68.8499984741211,580,0.0,0.0,0.0
2023-11-21 13:30:00-05:00,68.87999725341797,68.91500091552734,68.8499984741211,68.91500091552734,1354,0.0,0.0,0.0
2023-11-21 14:30:00-05:00,68.91500091552734,68.91500091552734,68.87000274658203,68.91000366210938,1382,0.0,0.0,0.0
2023-11-21 15:30:00-05:00,68.91000366210938,68.91000366210938,68.77559661865234,68.80999755859375,934,0.0,0.0,0.0
2023-11-22 09:30:00-05:00,68.69999694824219,68.72000122070312,68.55999755859375,68.56500244140625,1185,0.0,0.0,0.0
2023-11-22 10:30:00-05:00,68.56500244140625,68.56500244140625,68.37999725341797,68.41999816894531,630,0.0,0.0,0.0
2023-11-22 11:30:00-05:00,68.41999816894531,68.66000366210938,68.41999816894531,68.61499786376953,1736,0.0,0.0,0.0
2023-11-22 12:30:00-05:00,68.66000366210938,68.66000366210938,68.38999938964844,68.38999938964844,1283,0.0,0.0,0.0
2023-11-22 13:30:00-05:00,68.55000305175781,68.55000305175781,68.55000305175781,68.55000305175781,418,0.0,0.0,0.0
2023-11-22 14:30:00-05:00,68.55000305175781,68.63999938964844,68.55000305175781,68.63999938964844,10502,0.0,0.0,0.0
2023-11-22 15:30:00-05:00,68.63999938964844,68.68000030517578,68.63999938964844,68.6792984008789,9480,0.0,0.0,0.0
2023-11-24 09:30:00-05:00,68.66000366210938,68.66000366210938,68.66000366210938,68.66000366210938,253,0.0,0.0,0.0
2023-11-24 10:30:00-05:00,68.70220184326172,68.80999755859375,68.54199981689453,68.55000305175781,12856,0.0,0.0,0.0
2023-11-24 11:30:00-05:00,68.52059936523438,68.52059936523438,68.52059936523438,68.52059936523438,212,0.0,0.0,0.0
2023-11-24 12:30:00-05:00,68.55000305175781,68.58999633789062,68.55000305175781,68.58999633789062,0,0.0,0.0,0.0
2023-11-27 09:30:00-05:00,68.30000305175781,68.69000244140625,68.30000305175781,68.63999938964844,6056,0.0,0.0,0.0
2023-11-27 10:30:00-05:00,68.80999755859375,68.87000274658203,68.7249984741211,68.7249984741211,1124,0.0,0.0,0.0
2023-11-27 11:30:00-05:00,68.7249984741211,68.86000061035156,68.7249984741211,68.86000061035156,1794,0.0,0.0,0.0
2023-11-27 12:30:00-05:00,68.86000061035156,68.96040344238281,68.82530212402344,68.96040344238281,1588,0.0,0.0,0.0
2023-11-27 13:30:00-05:00,68.90499877929688,68.96040344238281,68.86499786376953,68.95999908447266,4277,0.0,0.0,0.0
2023-11-27 14:30:00-05:00,68.875,69.0,68.875,69.0,3679,0.0,0.0,0.0
2023-11-27 15:30:00-05:00,68.98500061035156,69.05999755859375,68.93599700927734,68.95999908447266,3414,0.0,0.0,0.0
2023-11-28 09:30:00-05:00,68.81999969482422,69.41000366210938,68.80500030517578,69.28500366210938,5442,0.0,0.0,0.0
2023-11-28 10:30:00-05:00,69.28500366210938,69.52999877929688,69.28500366210938,69.5199966430664,5663,0.0,0.0,0.0
2023-11-28 11:30:00-05:00,69.52999877929688,69.63999938964844,69.49400329589844,69.5999984741211,9553,0.0,0.0,0.0
2023-11-28 12:30:00-05:00,69.5999984741211,69.5999984741211,69.12999725341797,69.12999725341797,1759,0.0,0.0,0.0
2023-11-28 13:30:00-05:00,69.12999725341797,69.30000305175781,69.12000274658203,69.16000366210938,6236,0.0,0.0,0.0
2023-11-28 14:30:00-05:00,69.20999908447266,69.30000305175781,69.11000061035156,69.12999725341797,13046,0.0,0.0,0.0
2023-11-28 15:30:00-05:00,69.19000244140625,69.20999908447266,69.11000061035156,69.20999908447266,10269,0.0,0.0,0.0
2023-11-29 09:30:00-05:00,69.5,69.5,69.12969970703125,69.1500015258789,1757,0.0,0.0,0.0
2023-11-29 10:30:00-05:00,69.47000122070312,69.47000122070312,69.05690002441406,69.05690002441406,2225,0.0,0.0,0.0
2023-11-29 11:30:00-05:00,69.05690002441406,69.16999816894531,68.91010284423828,69.16999816894531,3439,0.0,0.0,0.0
2023-11-29 12:30:00-05:00,69.12999725341797,69.34980010986328,69.11920166015625,69.34970092773438,2220,0.0,0.0,0.0
2023-11-29 13:30:00-05:00,69.34850311279297,69.45989990234375,69.34850311279297,69.45989990234375,2260,0.0,0.0,0.0
2023-11-29 14:30:00-05:00,69.45989990234375,69.45989990234375,69.26000213623047,69.26000213623047,602,0.0,0.0,0.0
2023-11-29 15:30:00-05:00,69.22000122070312,69.27120208740234,69.22000122070312,69.22460174560547,0,0.0,0.0,0.0
2023-11-30 09:30:00-05:00,69.25,69.7699966430664,69.25,69.7699966430664,2034,0.0,0.0,0.0
2023-11-30 10:30:00-05:00,69.7699966430664,69.90299987792969,69.7699966430664,69.88999938964844,2232,0.0,0.0,0.0
2023-11-30 11:30:00-05:00,69.7499008178711,69.7499008178711,69.6500015258789,69.6500015258789,555,0.0,0.0,0.0
2023-11-30 12:30:00-05:00,69.7499008178711,69.7499008178711,69.6488037109375,69.66999816894531,1983,0.0,0.0,0.0
2023-11-30 13:30:00-05:00,69.62000274658203,69.6500015258789,69.62000274658203,69.6500015258789,1268,0.0,0.0,0.0
2023-11-30 14:30:00-05:00,69.84500122070312,69.84500122070312,69.68499755859375,69.69000244140625,2807,0.0,0.0,0.0
2023-11-30 15:30:00-05:00,69.84500122070312,69.94999694824219,69.68499755859375,69.94000244140625,4773,0.0,0.0,0.0
2023-12-01 09:30:00-05:00,69.93000030517578,70.76000213623047,69.93000030517578,70.63729858398438,11634,0.0,0.0,0.0
2023-12-01 10:30:00-05:00,70.91000366210938,71.2699966430664,70.91000366210938,71.2699966430664,12197,0.0,0.0,0.0
2023-12-01 11:30:00-05:00,70.91000366210938,71.5,70.91000366210938,71.3550033569336,16580,0.0,0.0,0.0
2023-12-01 12:30:00-05:00,71.48999786376953,71.5,71.30549621582031,71.5,4441,0.0,0.0,0.0
2023-12-01 13:30:00-05:00,71.45490264892578,71.4800033569336,71.31999969482422,71.37999725341797,4709,0.0,0.0,0.0
2023-12-01 14:30:00-05:00,71.4009017944336,71.47989654541016,71.31900024414062,71.37979888916016,15301,0.0,0.0,0.0
2023-12-01 15:30:00-05:00,71.36000061035156,71.41999816894531,71.2300033569336,71.2300033569336,18686,0.0,0.0,0.0
2023-12-04 09:30:00-05:00,70.62000274658203,70.72000122070312,70.35659790039062,70.42250061035156,4225,0.0,0.0,0.0
2023-12-04 10:30:00-05:00,70.37190246582031,70.44000244140625,70.26000213623047,70.2699966430664,3242,0.0,0.0,0.0
2023-12-04 11:30:00-05:00,70.2699966430664,70.57959747314453,70.2699966430664,70.5,1782,0.0,0.0,0.0
2023-12-04 12:30:00-05:00,70.57959747314453,70.57959747314453,70.38069915771484,70.41329956054688,4969,0.0,0.0,0.0
2023-12-04 13:30:00-05:00,70.31629943847656,70.31629943847656,70.19000244140625,70.19869995117188,1895,0.0,0.0,0.0
2023-12-04 14:30:00-05:00,70.19000244140625,70.33000183105469,70.19000244140625,70.33000183105469,2201,0.0,0.0,0.0
2023-12-04 15:30:00-05:00,70.33999633789062,70.36000061035156,70.31999969482422,70.33769989013672,2138,0.0,0.0,0.0
2023-12-05 09:30:00-05:00,70.12999725341797,70.12999725341797,69.33000183105469,69.36499786376953,3502,0.0,0.0,0.0
2023-12-05 10:30:00-05:00,69.37920379638672,69.47840118408203,69.0198974609375,69.25530242919922,2711,0.0,0.0,0.0
2023-12-05 11:30:00-05:00,69.27999877929688,69.44999694824219,69.19000244140625,69.3550033569336,3235,0.0,0.0,0.0
2023-12-05 12:30:00-05:00,69.41999816894531,69.55000305175781,69.3550033569336,69.55000305175781,9565,0.0,0.0,0.0
2023-12-05 13:30:00-05:00,69.48999786376953,69.55000305175781,69.41999816894531,69.54000091552734,15837,0.0,0.0,0.0
2023-12-05 14:30:00-05:00,69.4749984741211,69.4800033569336,69.42359924316406,69.4800033569336,585,0.0,0.0,0.0
2023-12-05 15:30:00-05:00,69.4749984741211,69.4800033569336,69.30000305175781,69.30000305175781,3841,0.0,0.0,0.0
2023-12-06 09:30:00-05:00,69.7300033569336,70.02999877929688,69.7300033569336,69.87000274658203,7751,0.0,0.0,0.0
2023-12-06 10:30:00-05:00,69.91500091552734,70.12000274658203,69.66000366210938,69.66000366210938,3048,0.0,0.0,0.0
2023-12-06 11:30:00-05:00,69.66000366210938,69.66000366210938,69.22000122070312,69.22000122070312,2478,0.0,0.0,0.0
2023-12-06 12:30:00-05:00,69.2750015258789,69.2750015258789,69.0,69.00800323486328,2539,0.0,0.0,0.0
2023-12-06 13:30:00-05:00,69.15950012207031,69.15950012207031,69.11000061035156,69.11000061035156,2816,0.0,0.0,0.0
2023-12-06 14:30:00-05:00,68.85099792480469,68.96690368652344,68.85099792480469,68.96690368652344,7484,0.0,0.0,0.0
2023-12-06 15:30:00-05:00,68.85099792480469,68.96690368652344,68.69000244140625,68.69000244140625,9462,0.0,0.0,0.0
2023-12-07 09:30:00-05:00,69.0199966430664,69.12999725341797,68.79000091552734,69.05000305175781,5002,0.0,0.0,0.0
2023-12-07 10:30:00-05:00,68.77999877929688,68.77999877929688,68.77999877929688,68.77999877929688,678,0.0,0.0,0.0
2023-12-07 12:30:00-05:00,68.86000061035156,68.97440338134766,68.86000061035156,68.97440338134766,556,0.0,0.0,0.0
2023-12-07 13:30:00-05:00,69.0199966430664,69.0199966430664,68.86000061035156,68.86000061035156,582,0.0,0.0,0.0
2023-12-07 14:30:00-05:00,69.05989837646484,69.05989837646484,68.94080352783203,68.99089813232422,1060,0.0,0.0,0.0
2023-12-07 15:30:00-05:00,69.04019927978516,69.04019927978516,68.98999786376953,69.04019927978516,156,0.0,0.0,0.0
2023-12-08 09:30:00-05:00,68.73999786376953,69.72000122070312,68.73999786376953,69.72000122070312,1551,0.0,0.0,0.0
2023-12-08 10:30:00-05:00,69.72000122070312,69.76499938964844,69.70359802246094,69.70359802246094,1583,0.0,0.0,0.0
2023-12-08 11:30:00-05:00,69.16999816894531,69.17859649658203,69.06999969482422,69.06999969482422,596,0.0,0.0,0.0
2023-12-08 12:30:00-05:00,69.16999816894531,69.22000122070312,69.06999969482422,69.1500015258789,1615,0.0,0.0,0.0
2023-12-08 13:30:00-05:00,69.22000122070312,69.25,69.1500015258789,69.25,4565,0.0,0.0,0.0
2023-12-11 09:30:00-05:00,68.7300033569336,68.93000030517578,68.37010192871094,68.93000030517578,8476,0.0,0.0,0.0
2023-12-11 10:30:00-05:00,68.6500015258789,69.12000274658203,68.6500015258789,69.12000274658203,2848,0.0,0.0,0.0
2023-12-11 11:30:00-05:00,69.12000274658203,69.12999725341797,68.91999816894531,68.98999786376953,2416,0.0,0.0,0.0
2023-12-11 12:30:00-05:00,69.12999725341797,69.23999786376953,68.98999786376953,69.16000366210938,2288,0.0,0.0,0.0
2023-12-11 13:30:00-05:00,69.23999786376953,69.36000061035156,69.16000366210938,69.26010131835938,5654,0.0,0.0,0.0
2023-12-11 14:30:00-05:00,69.43000030517578,69.43000030517578,69.43000030517578,69.43000030517578,175,0.0,0.0,0.0
2023-12-11 15:30:00-05:00,69.43000030517578,69.44000244140625,69.38500213623047,69.38999938964844,924,0.0,0.0,0.0
2023-12-12 09:30:00-05:00,69.22000122070312,69.22000122070312,68.92469787597656,68.98999786376953,4566,0.0,0.0,0.0
2023-12-12 10:30:00-05:00,68.7699966430664,68.9395980834961,68.7699966430664,68.88999938964844,2944,0.0,0.0,0.0
2023-12-12 11:30:00-05:00,68.95999908447266,68.95999908447266,68.65039825439453,68.65039825439453,1584,0.0,0.0,0.0
2023-12-12 12:30:00-05:00,68.73999786376953,68.80999755859375,68.6500015258789,68.80999755859375,1699,0.0,0.0,0.0
2023-12-12 13:30:00-05:00,68.9000015258789,69.04000091552734,68.87899780273438,69.04000091552734,2451,0.0,0.0,0.0
2023-12-12 14:30:00-05:00,69.01010131835938,69.18499755859375,69.01010131835938,69.18499755859375,1227,0.0,0.0,0.0
2023-12-12 15:30:00-05:00,69.10299682617188,69.10299682617188,68.97000122070312,68.97000122070312,684,0.0,0.0,0.0
2023-12-13 09:30:00-05:00,68.80999755859375,68.80999755859375,68.80999755859375,68.80999755859375,366,0.0,0.0,0.0
2023-12-13 10:30:00-05:00,68.95999908447266,68.95999908447266,68.95999908447266,68.95999908447266,187,0.0,0.0,0.0
2023-12-13 11:30:00-05:00,68.94999694824219,68.94999694824219,68.9000015258789,68.9000015258789,3352,0.0,0.0,0.0
2023-12-13 12:30:00-05:00,68.87999725341797,68.87999725341797,68.86000061035156,68.86000061035156,443,0.0,0.0,0.0
2023-12-13 13:30:00-05:00,68.85099792480469,69.81999969482422,68.84870147705078,69.81999969482422,752,0.0,0.0,0.0
2023-12-13 14:30:00-05:00,70.0,70.45860290527344,70.0,70.32749938964844,4841,0.0,0.0,0.0
2023-12-13 15:30:00-05:00,70.3499984741211,70.6500015258789,70.3499984741211,70.61900329589844,4416,0.0,0.0,0.0
2023-12-14 09:30:00-05:00,71.72000122070312,72.2947998046875,71.72000122070312,71.80460357666016,5287,0.0,0.0,0.0
2023-12-14 10:30:00-05:00,72.0,72.0,71.94000244140625,71.99240112304688,2011,0.0,0.0,0.0
2023-12-14 11:30:00-05:00,71.94000244140625,72.29000091552734,71.94000244140625,72.0999984741211,3734,0.0,0.0,0.0
2023-12-14 12:30:00-05:00,72.1449966430664,72.1449966430664,72.12999725341797,72.13999938964844,631,0.0,0.0,0.0
2023-12-14 13:30:00-05:00,72.08989715576172,72.08989715576172,71.93000030517578,71.93000030517578,2511,0.0,0.0,0.0
2023-12-14 14:30:00-05:00,72.17009735107422,72.2300033569336,72.17009735107422,72.2300033569336,415,0.0,0.0,0.0
2023-12-14 15:30:00-05:00,72.2699966430664,72.2699966430664,72.08000183105469,72.08000183105469,2421,0.0,0.0,0.0
2023-12-15 09:30:00-05:00,72.05999755859375,72.94999694824219,72.05999755859375,72.94999694824219,2560,0.0,0.0,0.0
2023-12-15 10:30:00-05:00,72.70999908447266,73.0,72.70999908447266,72.80999755859375,13809,0.0,0.0,0.0
2023-12-15 11:30:00-05:00,72.80999755859375,72.83499908447266,72.68180084228516,72.80000305175781,1456,0.0,0.0,0.0
2023-12-15 12:30:00-05:00,72.83499908447266,72.8499984741211,72.61000061035156,72.61000061035156,2507,0.0,0.0,0.0
2023-12-15 13:30:00-05:00,72.61000061035156,72.61000061035156,72.29000091552734,72.31990051269531,13262,0.0,0.0,0.0
2023-12-15 14:30:00-05:00,72.29000091552734,72.36979675292969,72.25,72.27999877929688,5767,0.0,0.0,0.0
2023-12-15 15:30:00-05:00,72.35669708251953,72.4800033569336,72.27999877929688,72.43000030517578,9427,0.0,0.0,0.0
2023-12-18 09:30:00-05:00,73.0,73.20909881591797,72.89800262451172,72.99009704589844,16692,0.0,0.0,0.0
2023-12-18 10:30:00-05:00,72.79440307617188,73.0696029663086,72.79440307617188,73.01000213623047,2776,0.0,0.0,0.0
2023-12-18 11:30:00-05:00,72.91339874267578,73.0999984741211,72.91339874267578,73.01000213623047,1303,0.0,0.0,0.0
2023-12-18 12:30:00-05:00,72.91999816894531,72.91999816894531,72.81549835205078,72.85079956054688,4756,0.0,0.0,0.0
2023-12-18 13:30:00-05:00,72.83999633789062,72.83999633789062,72.63999938964844,72.69499969482422,9399,0.0,0.0,0.0
2023-12-18 14:30:00-05:00,72.6500015258789,72.66999816894531,72.57649993896484,72.57649993896484,2290,0.0,0.0,0.0
2023-12-18 15:30:00-05:00,72.58000183105469,72.61000061035156,72.48999786376953,72.48999786376953,7185,0.0,0.0,0.0
2023-12-19 09:30:00-05:00,72.63999938964844,73.36000061035156,72.63999938964844,73.36000061035156,6693,0.0,0.0,0.0
2023-12-19 10:30:00-05:00,73.26000213623047,73.5,73.2300033569336,73.5,5256,0.0,0.0,0.0
2023-12-19 11:30:00-05:00,73.36109924316406,73.54000091552734,73.33999633789062,73.43000030517578,6608,0.0,0.0,0.0
2023-12-19 12:30:00-05:00,73.36930084228516,73.68000030517578,73.33999633789062,73.63999938964844,2779,0.0,0.0,0.0
2023-12-19 13:30:00-05:00,73.63999938964844,73.63999938964844,73.57039642333984,73.61000061035156,2858,0.0,0.0,0.0
2023-12-19 14:30:00-05:00,73.61000061035156,73.69670104980469,73.52300262451172,73.52300262451172,2932,0.0,0.0,0.0
2023-12-19 15:30:00-05:00,73.55000305175781,73.69999694824219,73.52300262451172,73.62960052490234,7146,0.0,0.0,0.0
2023-12-20 09:30:00-05:00,73.37999725341797,73.70999908447266,73.37999725341797,73.66000366210938,2985,0.0,0.0,0.0
2023-12-20 10:30:00-05:00,73.70999908447266,73.87000274658203,73.66000366210938,73.7699966430664,10945,0.0,0.0,0.0
2023-12-20 11:30:00-05:00,73.87000274658203,73.87000274658203,73.66000366210938,73.72000122070312,11475,0.0,0.0,0.0
2023-12-20 12:30:00-05:00,73.7300033569336,73.9000015258789,73.72000122070312,73.7782974243164,1899,0.0,0.0,0.0
2023-12-20 13:30:00-05:00,73.86000061035156,73.86000061035156,73.5999984741211,73.63999938964844,5253,0.0,0.0,0.0
2023-12-20 14:30:00-05:00,73.5999984741211,73.63999938964844,72.74089813232422,72.80999755859375,9394,0.0,0.0,0.0
2023-12-20 15:30:00-05:00,72.9000015258789,73.08350372314453,72.55000305175781,72.55000305175781,23608,0.0,0.0,0.0
2023-12-21 09:30:00-05:00,73.33000183105469,73.86000061035156,73.33000183105469,73.37999725341797,2214,0.0,0.0,0.0
2023-12-21 10:30:00-05:00,73.64910125732422,73.76000213623047,73.58000183105469,73.76000213623047,1420,0.0,0.0,0.0
2023-12-21 11:30:00-05:00,73.83000183105469,73.83760070800781,73.5551986694336,73.5551986694336,2212,0.0,0.0,0.0
2023-12-21 13:30:00-05:00,73.66999816894531,73.66999816894531,73.66999816894531,73.66999816894531,219,0.0,0.0,0.0
2023-12-21 14:30:00-05:00,73.79000091552734,73.86000061035156,73.72000122070312,73.86000061035156,1051,0.0,0.0,0.0
2023-12-21 15:30:00-05:00,73.83999633789062,73.95999908447266,73.79000091552734,73.94999694824219,4175,0.0,0.0,0.0
2023-12-22 09:30:00-05:00,74.33999633789062,74.3499984741211,74.1874008178711,74.2750015258789,7090,0.0,0.0,0.0
2023-12-22 10:30:00-05:00,74.1874008178711,74.3499984741211,74.05999755859375,74.26000213623047,3184,0.0,0.0,0.0
2023-12-22 11:30:00-05:00,74.06400299072266,74.27999877929688,74.05999755859375,74.27999877929688,14928,0.0,0.0,0.0
2023-12-22 12:30:00-05:00,74.19000244140625,74.41280364990234,74.19000244140625,74.41280364990234,17118,0.0,0.0,0.0
2023-12-22 13:30:00-05:00,74.41280364990234,74.41280364990234,73.94999694824219,73.94999694824219,2659,0.0,0.0,0.0
2023-12-22 14:30:00-05:00,74.36000061035156,74.36000061035156,73.86000061035156,74.12000274658203,3091,0.0,0.0,0.0
2023-12-22 15:30:00-05:00,74.1759033203125,74.18000030517578,74.10790252685547,74.16999816894531,4176,0.0,0.0,0.0
2023-12-26 09:30:00-05:00,74.2699966430664,74.5,74.2699966430664,74.48989868164062,6045,0.0,0.0,0.0
2023-12-26 10:30:00-05:00,74.49859619140625,74.5,74.41000366210938,74.4708023071289,6535,0.0,0.0,0.0
2023-12-26 11:30:00-05:00,74.52999877929688,74.52999877929688,74.52999877929688,74.52999877929688,311,0.0,0.0,0.0
2023-12-26 12:30:00-05:00,74.52999877929688,74.5999984741211,74.51499938964844,74.5999984741211,4750,0.0,0.0,0.0
2023-12-26 13:30:00-05:00,74.54499816894531,74.6613998413086,74.54499816894531,74.61000061035156,2940,0.0,0.0,0.0
2023-12-26 14:30:00-05:00,74.6050033569336,74.62000274658203,74.6050033569336,74.62000274658203,1635,0.0,0.0,0.0
2023-12-26 15:30:00-05:00,74.62000274658203,74.62999725341797,74.5,74.50440216064453,1512,0.0,0.0,0.0
2023-12-27 09:30:00-05:00,74.66999816894531,75.0,74.4000015258789,74.94000244140625,17410,0.0,0.0,0.0
2023-12-27 10:30:00-05:00,74.98390197753906,74.98390197753906,74.79190063476562,74.79190063476562,3140,0.0,0.0,0.0
2023-12-27 11:30:00-05:00,74.94999694824219,74.94999694824219,74.92729949951172,74.92729949951172,1242,0.0,0.0,0.0
2023-12-27 12:30:00-05:00,74.94000244140625,74.94000244140625,74.94000244140625,74.94000244140625,391,0.0,0.0,0.0
2023-12-27 13:30:00-05:00,74.94000244140625,74.95549774169922,74.80380249023438,74.81999969482422,1543,0.0,0.0,0.0
2023-12-27 14:30:00-05:00,74.80380249023438,74.87529754638672,74.80000305175781,74.81999969482422,2424,0.0,0.0,0.0
2023-12-27 15:30:00-05:00,74.81999969482422,74.86000061035156,74.75,74.86000061035156,4016,0.0,0.0,0.0
2023-12-28 09:30:00-05:00,74.91000366210938,74.91000366210938,74.91000366210938,74.91000366210938,750,0.0,0.0,0.0
2023-12-28 10:30:00-05:00,74.80039978027344,74.80039978027344,74.62000274658203,74.66000366210938,1583,0.0,0.0,0.0
2023-12-28 11:30:00-05:00,74.62999725341797,74.69000244140625,74.54499816894531,74.54499816894531,1351,0.0,0.0,0.0
2023-12-28 12:30:00-05:00,74.5,74.5,74.33499908447266,74.4000015258789,929,0.0,0.0,0.0
2023-12-28 13:30:00-05:00,74.44999694824219,74.48999786376953,74.44999694824219,74.4542007446289,883,0.0,0.0,0.0
2023-12-28 14:30:00-05:00,74.43289947509766,74.47000122070312,74.31999969482422,74.31999969482422,2005,0.0,0.0,0.0
2023-12-28 15:30:00-05:00,74.41000366210938,74.41000366210938,74.34100341796875,74.36669921875,2422,0.0,0.0,0.0
2023-12-29 09:30:00-05:00,74.2300033569336,74.2300033569336,73.83000183105469,74.0625,6444,0.0,0.0,0.0
2023-12-29 10:30:00-05:00,73.87000274658203,73.87000274658203,73.61009979248047,73.61009979248047,2190,0.0,0.0,0.0
2023-12-29 11:30:00-05:00,73.62999725341797,73.70770263671875,73.59329986572266,73.70770263671875,3579,0.0,0.0,0.0
2023-12-29 12:30:00-05:00,73.67500305175781,73.8499984741211,73.59329986572266,73.8499984741211,3309,0.0,0.0,0.0
2023-12-29 13:30:00-05:00,73.8499984741211,73.87999725341797,73.79000091552734,73.87999725341797,4562,0.0,0.0,0.0
2023-12-29 14:30:00-05:00,73.79000091552734,73.90879821777344,73.79000091552734,73.90879821777344,1787,0.0,0.0,0.0
2023-12-29 15:30:00-05:00,73.90879821777344,73.95999908447266,73.75450134277344,73.75540161132812,0,0.0,0.0,0.0
2024-01-02 09:30:00-05:00,73.26000213623047,73.89189910888672,73.26000213623047,73.8499984741211,10309,0.0,0.0,0.0
2024-01-02 10:30:00-05:00,73.89189910888672,73.89189910888672,73.58000183105469,73.58000183105469,2950,0.0,0.0,0.0
2024-01-02 11:30:00-05:00,73.58000183105469,73.58000183105469,73.56069946289062,73.56069946289062,957,0.0,0.0,0.0
2024-01-02 12:30:00-05:00,73.4800033569336,73.58989715576172,73.285400390625,73.3104019165039,15995,0.0,0.0,0.0
2024-01-02 13:30:00-05:00,73.43000030517578,73.43000030517578,73.0718994140625,73.0718994140625,2182,0.0,0.0,0.0
2024-01-02 14:30:00-05:00,73.0718994140625,73.0718994140625,72.88999938964844,72.88999938964844,12696,0.0,0.0,0.0
2024-01-02 15:30:00-05:00,72.9000015258789,73.18000030517578,72.80999755859375,73.18000030517578,4853,0.0,0.0,0.0
2024-01-03 09:30:00-05:00,72.08000183105469,72.4000015258789,72.0199966430664,72.25,7241,0.0,0.0,0.0
2024-01-03 10:30:00-05:00,72.32689666748047,72.48999786376953,72.0,72.48999786376953,14709,0.0,0.0,0.0
2024-01-03 13:30:00-05:00,72.98989868164062,73.06999969482422,72.83000183105469,72.83000183105469,1200,0.0,0.0,0.0
2024-01-03 15:30:00-05:00,72.5999984741211,72.63999938964844,72.4800033569336,72.62000274658203,11274,0.0,0.0,0.0
2024-01-04 09:30:00-05:00,72.08999633789062,72.5999984741211,72.08999633789062,72.43000030517578,8239,0.0,0.0,0.0
2024-01-04 10:30:00-05:00,72.33499908447266,72.5999984741211,72.33499908447266,72.48999786376953,4048,0.0,0.0,0.0
2024-01-04 11:30:00-05:00,72.50540161132812,72.52780151367188,72.26000213623047,72.29329681396484,3725,0.0,0.0,0.0
2024-01-04 12:30:00-05:00,72.31999969482422,72.31999969482422,72.27030181884766,72.27030181884766,783,0.0,0.0,0.0
2024-01-04 13:30:00-05:00,72.27030181884766,72.27989959716797,72.08000183105469,72.08000183105469,1668,0.0,0.0,0.0
2024-01-04 14:30:00-05:00,72.08000183105469,72.125,72.01000213623047,72.08000183105469,1781,0.0,0.0,0.0
2024-01-04 15:30:00-05:00,72.08000183105469,72.12000274658203,71.94999694824219,71.97830200195312,2552,0.0,0.0,0.0
2024-01-05 09:30:00-05:00,71.55000305175781,72.3499984741211,71.55000305175781,72.3499984741211,3184,0.0,0.0,0.0
2024-01-05 10:30:00-05:00,72.45999908447266,72.46050262451172,72.19000244140625,72.19000244140625,1850,0.0,0.0,0.0
2024-01-05 11:30:00-05:00,72.1500015258789,72.1500015258789,71.8499984741211,71.87000274658203,3259,0.0,0.0,0.0
2024-01-05 12:30:00-05:00,71.83999633789062,71.8499984741211,71.69000244140625,71.8499984741211,11255,0.0,0.0,0.0
2024-01-05 13:30:00-05:00,72.01000213623047,72.01000213623047,71.95040130615234,71.95040130615234,554,0.0,0.0,0.0
2024-01-05 14:30:00-05:00,71.60130310058594,71.62999725341797,71.5999984741211,71.62999725341797,774,0.0,0.0,0.0
2024-01-05 15:30:00-05:00,71.77010345458984,71.87000274658203,71.72029876708984,71.86620330810547,1414,0.0,0.0,0.0
2024-01-08 09:30:00-05:00,71.41999816894531,71.54740142822266,70.94000244140625,71.54740142822266,3770,0.0,0.0,0.0
2024-01-08 10:30:00-05:00,71.81999969482422,71.8499984741211,71.81999969482422,71.8499984741211,880,0.0,0.0,0.0
2024-01-08 12:30:00-05:00,71.74500274658203,71.9800033569336,71.74500274658203,71.9000015258789,1160,0.0,0.0,0.0
2024-01-08 13:30:00-05:00,71.88999938964844,71.9800033569336,71.86000061035156,71.9800033569336,2137,0.0,0.0,0.0
2024-01-08 14:30:00-05:00,71.91000366210938,72.19499969482422,71.91000366210938,72.12010192871094,2191,0.0,0.0,0.0
2024-01-08 15:30:00-05:00,72.11000061035156,72.2699966430664,72.08000183105469,72.26899719238281,7295,0.0,0.0,0.0
2024-01-09 09:30:00-05:00,71.0,71.0,70.70999908447266,70.70999908447266,2552,0.0,0.0,0.0
2024-01-09 10:30:00-05:00,70.71499633789062,70.80000305175781,70.69999694824219,70.69999694824219,3132,0.0,0.0,0.0
2024-01-09 11:30:00-05:00,70.77999877929688,70.77999877929688,70.62460327148438,70.72989654541016,2036,0.0,0.0,0.0
2024-01-09 12:30:00-05:00,70.62460327148438,70.7699966430664,70.62460327148438,70.70999908447266,4354,0.0,0.0,0.0
2024-01-09 13:30:00-05:00,70.75,70.75,70.58000183105469,70.58000183105469,894,0.0,0.0,0.0
2024-01-09 14:30:00-05:00,70.3499984741211,70.3499984741211,70.30000305175781,70.32499694824219,2368,0.0,0.0,0.0
2024-01-09 15:30:00-05:00,70.30000305175781,70.32499694824219,70.0999984741211,70.15979766845703,14808,0.0,0.0,0.0
2024-01-10 09:30:00-05:00,70.05999755859375,70.05999755859375,69.4800033569336,69.56999969482422,5655,0.0,0.0,0.0
2024-01-10 10:30:00-05:00,69.4800033569336,69.80000305175781,69.4800033569336,69.7300033569336,4590,0.0,0.0,0.0
2024-01-10 11:30:00-05:00,69.76000213623047,69.94999694824219,69.7300033569336,69.94999694824219,2623,0.0,0.0,0.0
2024-01-10 12:30:00-05:00,69.91000366210938,70.1500015258789,69.91000366210938,69.91000366210938,67398,0.0,0.0,0.0
2024-01-10 13:30:00-05:00,70.04000091552734,70.04000091552734,69.8949966430664,69.8949966430664,3616,0.0,0.0,0.0
2024-01-10 14:30:00-05:00,69.94000244140625,70.08000183105469,69.94000244140625,70.02999877929688,43474,0.0,0.0,0.0
2024-01-10 15:30:00-05:00,70.01000213623047,70.02999877929688,69.77999877929688,69.92050170898438,40302,0.0,0.0,0.0
2024-01-11 09:30:00-05:00,69.77999877929688,69.95999908447266,69.52999877929688,69.52999877929688,3649,0.0,0.0,0.0
2024-01-11 10:30:00-05:00,69.58280181884766,69.76000213623047,69.52999877929688,69.76000213623047,2245,0.0,0.0,0.0
2024-01-11 11:30:00-05:00,69.33999633789062,69.47000122070312,69.33999633789062,69.41999816894531,20180,0.0,0.0,0.0
2024-01-11 12:30:00-05:00,69.5,69.66000366210938,69.5,69.66000366210938,916,0.0,0.0,0.0
2024-01-11 13:30:00-05:00,69.5,69.70390319824219,69.5,69.70390319824219,27767,0.0,0.0,0.0
2024-01-11 14:30:00-05:00,69.70390319824219,69.93000030517578,69.70390319824219,69.86000061035156,4153,0.0,0.0,0.0
2024-01-11 15:30:00-05:00,69.86000061035156,69.87999725341797,69.7699966430664,69.8656005859375,4556,0.0,0.0,0.0
2024-01-12 09:30:00-05:00,70.63999938964844,70.63999938964844,70.30000305175781,70.30000305175781,2987,0.0,0.0,0.0
2024-01-12 10:30:00-05:00,70.30000305175781,70.30000305175781,69.81999969482422,69.96920013427734,3731,0.0,0.0,0.0
2024-01-12 11:30:00-05:00,69.91000366210938,69.96959686279297,69.73999786376953,69.73999786376953,3475,0.0,0.0,0.0
2024-01-12 12:30:00-05:00,69.80000305175781,69.83999633789062,69.68000030517578,69.77999877929688,2039,0.0,0.0,0.0
2024-01-12 14:30:00-05:00,69.90350341796875,69.90350341796875,69.8761978149414,69.8761978149414,1132,0.0,0.0,0.0
2024-01-12 15:30:00-05:00,69.90350341796875,70.01200103759766,69.8761978149414,70.01200103759766,5548,0.0,0.0,0.0
2024-01-16 09:30:00-05:00,69.79000091552734,69.79000091552734,68.91000366210938,69.2699966430664,4905,0.0,0.0,0.0
2024-01-16 10:30:00-05:00,69.12999725341797,69.18000030517578,68.8499984741211,69.01000213623047,1130,0.0,0.0,0.0
2024-01-16 11:30:00-05:00,68.80999755859375,68.80999755859375,68.66999816894531,68.70999908447266,2611,0.0,0.0,0.0
2024-01-16 12:30:00-05:00,68.5801010131836,68.69000244140625,68.5801010131836,68.68000030517578,3706,0.0,0.0,0.0
2024-01-16 13:30:00-05:00,68.69000244140625,68.69000244140625,68.41999816894531,68.4999008178711,1430,0.0,0.0,0.0
2024-01-16 14:30:00-05:00,68.5199966430664,68.58100128173828,68.51000213623047,68.56199645996094,2585,0.0,0.0,0.0
2024-01-16 15:30:00-05:00,68.52999877929688,68.56999969482422,68.5,68.56999969482422,0,0.0,0.0,0.0
2024-01-17 09:30:00-05:00,67.97000122070312,68.0999984741211,67.51000213623047,68.0999984741211,2776,0.0,0.0,0.0
2024-01-17 10:30:00-05:00,68.01000213623047,68.01000213623047,67.94999694824219,67.9800033569336,679,0.0,0.0,0.0
2024-01-17 12:30:00-05:00,67.88999938964844,67.91999816894531,67.88999938964844,67.91999816894531,1239,0.0,0.0,0.0
2024-01-17 13:30:00-05:00,67.87409973144531,67.91000366210938,67.8550033569336,67.91000366210938,1068,0.0,0.0,0.0
2024-01-17 14:30:00-05:00,67.83260345458984,67.83260345458984,67.83260345458984,67.83260345458984,400,0.0,0.0,0.0
2024-01-17 15:30:00-05:00,67.86000061035156,67.91999816894531,67.86000061035156,67.87000274658203,0,0.0,0.0,0.0
2024-01-18 09:30:00-05:00,68.30999755859375,68.45999908447266,68.0999984741211,68.1500015258789,1288,0.0,0.0,0.0
2024-01-18 10:30:00-05:00,68.2300033569336,68.2699966430664,67.97000122070312,68.11000061035156,2196,0.0,0.0,0.0
2024-01-18 11:30:00-05:00,68.16999816894531,68.16999816894531,67.94000244140625,67.95800018310547,1626,0.0,0.0,0.0
2024-01-18 12:30:00-05:00,67.9800033569336,68.04830169677734,67.91000366210938,67.91999816894531,1273,0.0,0.0,0.0
2024-01-18 13:30:00-05:00,68.0199966430664,68.19999694824219,68.0199966430664,68.19000244140625,418,0.0,0.0,0.0
2024-01-18 14:30:00-05:00,68.5199966430664,68.54969787597656,68.5199966430664,68.5199966430664,1241,0.0,0.0,0.0
2024-01-18 15:30:00-05:00,68.44499969482422,68.5,68.44499969482422,68.48999786376953,1242,0.0,0.0,0.0
2024-01-19 09:30:00-05:00,68.22000122070312,68.22000122070312,67.95999908447266,68.03970336914062,8246,0.0,0.0,0.0
2024-01-19 11:30:00-05:00,68.04000091552734,68.0999984741211,68.04000091552734,68.0999984741211,1215,0.0,0.0,0.0
2024-01-19 12:30:00-05:00,68.04000091552734,68.2030029296875,68.04000091552734,68.2030029296875,2243,0.0,0.0,0.0
2024-01-19 13:30:00-05:00,68.2030029296875,68.4198989868164,68.2030029296875,68.3301010131836,2066,0.0,0.0,0.0
2024-01-19 14:30:00-05:00,68.45999908447266,68.55000305175781,68.43270111083984,68.43270111083984,1390,0.0,0.0,0.0
2024-01-19 15:30:00-05:00,68.55000305175781,68.55000305175781,68.36000061035156,68.4800033569336,4106,0.0,0.0,0.0
2024-01-22 09:30:00-05:00,68.30000305175781,68.6500015258789,67.76000213623047,68.6500015258789,3203,0.0,0.0,0.0
2024-01-22 10:30:00-05:00,68.6104965209961,68.6500015258789,68.28009796142578,68.3644027709961,4304,0.0,0.0,0.0
2024-01-22 11:30:00-05:00,68.28009796142578,68.54000091552734,68.28009796142578,68.46080017089844,4436,0.0,0.0,0.0
2024-01-22 12:30:00-05:00,68.46080017089844,68.47010040283203,68.44000244140625,68.44000244140625,2820,0.0,0.0,0.0
2024-01-22 13:30:00-05:00,68.42960357666016,68.42960357666016,68.30999755859375,68.30999755859375,1328,0.0,0.0,0.0
2024-01-22 14:30:00-05:00,68.42960357666016,68.44999694824219,68.30010223388672,68.44999694824219,4926,0.0,0.0,0.0
2024-01-22 15:30:00-05:00,68.37000274658203,68.56999969482422,68.3499984741211,68.48760223388672,2724,0.0,0.0,0.0
2024-01-23 09:30:00-05:00,68.87999725341797,69.62139892578125,68.87999725341797,69.55999755859375,4339,0.0,0.0,0.0
2024-01-23 10:30:00-05:00,69.48500061035156,69.62139892578125,68.98970031738281,68.98970031738281,5289,0.0,0.0,0.0
2024-01-23 11:30:00-05:00,68.97000122070312,68.97000122070312,68.88999938964844,68.91000366210938,1100,0.0,0.0,0.0
2024-01-23 12:30:00-05:00,68.9000015258789,69.01000213623047,68.88999938964844,69.01000213623047,20234,0.0,0.0,0.0
2024-01-23 13:30:00-05:00,68.88999938964844,68.88999938964844,68.88999938964844,68.88999938964844,573,0.0,0.0,0.0
2024-01-23 14:30:00-05:00,68.88999938964844,69.11000061035156,68.88999938964844,69.11000061035156,3987,0.0,0.0,0.0
2024-01-23 15:30:00-05:00,69.0199966430664,69.11000061035156,68.94999694824219,68.94999694824219,936,0.0,0.0,0.0
2024-01-24 09:30:00-05:00,69.69999694824219,70.2300033569336,69.47000122070312,69.63999938964844,3694,0.0,0.0,0.0
2024-01-24 10:30:00-05:00,69.625,69.81829833984375,69.625,69.81829833984375,870,0.0,0.0,0.0
2024-01-24 11:30:00-05:00,69.96749877929688,69.96749877929688,69.96749877929688,69.96749877929688,571,0.0,0.0,0.0
2024-01-24 12:30:00-05:00,69.91000366210938,69.91000366210938,69.91000366210938,69.91000366210938,281,0.0,0.0,0.0
2024-01-24 13:30:00-05:00,69.77999877929688,69.77999877929688,69.66500091552734,69.66500091552734,1072,0.0,0.0,0.0
2024-01-24 15:30:00-05:00,69.54000091552734,69.58000183105469,69.37000274658203,69.37000274658203,0,0.0,0.0,0.0
2024-01-25 09:30:00-05:00,69.44999694824219,69.55000305175781,69.19999694824219,69.44000244140625,3997,0.0,0.0,0.0
2024-01-25 10:30:00-05:00,69.44000244140625,69.44000244140625,69.02020263671875,69.02020263671875,2056,0.0,0.0,0.0
2024-01-25 11:30:00-05:00,68.84919738769531,68.9301986694336,68.84919738769531,68.9301986694336,1134,0.0,0.0,0.0
2024-01-25 12:30:00-05:00,68.91459655761719,68.9301986694336,68.7699966430664,68.7699966430664,2122,0.0,0.0,0.0
2024-01-25 13:30:00-05:00,68.79000091552734,68.79000091552734,68.79000091552734,68.79000091552734,177,0.0,0.0,0.0
2024-01-25 14:30:00-05:00,68.79000091552734,68.90080261230469,68.79000091552734,68.90080261230469,1147,0.0,0.0,0.0
2024-01-25 15:30:00-05:00,68.99530029296875,69.08000183105469,68.95999908447266,69.08000183105469,7966,0.0,0.0,0.0
2024-01-26 09:30:00-05:00,69.9000015258789,69.9000015258789,69.68000030517578,69.81999969482422,761,0.0,0.0,0.0
2024-01-26 10:30:00-05:00,69.83000183105469,70.01000213623047,69.70999908447266,69.70999908447266,4039,0.0,0.0,0.0
2024-01-26 11:30:00-05:00,69.70999908447266,69.70999908447266,69.5,69.5999984741211,4904,0.0,0.0,0.0
2024-01-26 12:30:00-05:00,69.55000305175781,69.68000030517578,69.55000305175781,69.68000030517578,1976,0.0,0.0,0.0
2024-01-26 15:30:00-05:00,69.61479949951172,69.7300033569336,69.61479949951172,69.7300033569336,2442,0.0,0.0,0.0
2024-01-29 09:30:00-05:00,69.76000213623047,69.76000213623047,69.06999969482422,69.19000244140625,1860,0.0,0.0,0.0
2024-01-29 10:30:00-05:00,69.22000122070312,69.24849700927734,69.22000122070312,69.24849700927734,568,0.0,0.0,0.0
2024-01-29 11:30:00-05:00,69.33399963378906,69.3499984741211,69.33399963378906,69.3499984741211,1794,0.0,0.0,0.0
2024-01-29 12:30:00-05:00,69.19999694824219,69.19999694824219,69.19999694824219,69.19999694824219,513,0.0,0.0,0.0
2024-01-29 13:30:00-05:00,69.31999969482422,69.40859985351562,69.31999969482422,69.40859985351562,1293,0.0,0.0,0.0
2024-01-29 14:30:00-05:00,69.55999755859375,69.73999786376953,69.5199966430664,69.73999786376953,649,0.0,0.0,0.0
2024-01-29 15:30:00-05:00,69.83000183105469,69.89869689941406,69.83000183105469,69.89869689941406,0,0.0,0.0,0.0
2024-01-30 09:30:00-05:00,69.98999786376953,69.98999786376953,69.3499984741211,69.51000213623047,2203,0.0,0.0,0.0
2024-01-30 10:30:00-05:00,69.5,69.5999984741211,69.5,69.5999984741211,758,0.0,0.0,0.0
2024-01-30 11:30:00-05:00,69.84359741210938,70.02999877929688,69.81999969482422,70.02999877929688,2040,0.0,0.0,0.0
2024-01-30 12:30:00-05:00,70.11990356445312,70.27999877929688,70.08319854736328,70.2249984741211,2239,0.0,0.0,0.0
2024-01-30 13:30:00-05:00,70.26000213623047,70.38999938964844,70.26000213623047,70.38999938964844,1577,0.0,0.0,0.0
2024-01-30 15:30:00-05:00,70.58000183105469,70.58999633789062,70.48999786376953,70.54879760742188,5168,0.0,0.0,0.0
2024-01-31 09:30:00-05:00,70.43000030517578,70.55999755859375,70.43000030517578,70.55000305175781,4112,0.0,0.0,0.0
2024-01-31 10:30:00-05:00,70.55000305175781,70.68000030517578,70.5,70.5,4325,0.0,0.0,0.0
2024-01-31 11:30:00-05:00,70.62999725341797,70.68000030517578,70.16000366210938,70.21070098876953,12682,0.0,0.0,0.0
2024-01-31 12:30:00-05:00,70.2699966430664,70.4000015258789,70.11000061035156,70.31400299072266,7580,0.0,0.0,0.0
2024-01-31 13:30:00-05:00,70.4000015258789,70.44999694824219,70.18000030517578,70.19999694824219,4902,0.0,0.0,0.0
2024-01-31 14:30:00-05:00,70.44000244140625,70.8499984741211,69.59500122070312,69.6500015258789,5104,0.0,0.0,0.0
2024-01-31 15:30:00-05:00,70.16500091552734,70.16500091552734,69.41999816894531,69.41999816894531,6053,0.0,0.0,0.0
2024-02-01 09:30:00-05:00,69.3499984741211,69.74199676513672,69.3499984741211,69.5999984741211,1669,0.0,0.0,0.0
2024-02-01 10:30:00-05:00,69.5999984741211,69.5999984741211,69.38999938964844,69.44000244140625,1553,0.0,0.0,0.0
2024-02-01 11:30:00-05:00,69.41999816894531,69.92030334472656,69.41999816894531,69.68000030517578,2112,0.0,0.0,0.0
2024-02-01 12:30:00-05:00,69.69999694824219,69.92030334472656,69.55000305175781,69.61589813232422,9118,0.0,0.0,0.0
2024-02-01 13:30:00-05:00,69.63999938964844,69.63999938964844,69.63999938964844,69.63999938964844,220,0.0,0.0,0.0
2024-02-01 14:30:00-05:00,69.63999938964844,69.7666015625,69.54560089111328,69.7666015625,1249,0.0,0.0,0.0
2024-02-01 15:30:00-05:00,69.7666015625,69.7666015625,69.55999755859375,69.64859771728516,7649,0.0,0.0,0.0
2024-02-02 09:30:00-05:00,68.9800033569336,69.33000183105469,68.9800033569336,69.33000183105469,3052,0.0,0.0,0.0
2024-02-02 10:30:00-05:00,69.38999938964844,69.38999938964844,69.38999938964844,69.38999938964844,132,0.0,0.0,0.0
2024-02-02 11:30:00-05:00,69.38999938964844,69.4437026977539,69.33000183105469,69.33000183105469,1127,0.0,0.0,0.0
2024-02-02 12:30:00-05:00,69.33000183105469,69.33000183105469,69.09190368652344,69.19059753417969,2491,0.0,0.0,0.0
2024-02-02 13:30:00-05:00,69.32499694824219,69.32499694824219,69.32499694824219,69.32499694824219,125,0.0,0.0,0.0
2024-02-02 14:30:00-05:00,69.32499694824219,69.41999816894531,69.29010009765625,69.3949966430664,1738,0.0,0.0,0.0
2024-02-02 15:30:00-05:00,69.41999816894531,69.41999816894531,69.05999755859375,69.05999755859375,2829,0.0,0.0,0.0
2024-02-05 09:30:00-05:00,68.2699966430664,68.3364028930664,67.65059661865234,67.8499984741211,7869,0.0,0.0,0.0
2024-02-05 10:30:00-05:00,67.83999633789062,67.94000244140625,67.71240234375,67.91649627685547,2642,0.0,0.0,0.0
2024-02-05 12:30:00-05:00,68.05590057373047,68.12000274658203,68.05590057373047,68.05999755859375,3478,0.0,0.0,0.0
2024-02-05 13:30:00-05:00,68.11000061035156,68.12920379638672,68.11000061035156,68.11000061035156,1181,0.0,0.0,0.0
2024-02-05 14:30:00-05:00,68.41000366210938,68.41000366210938,68.17009735107422,68.3499984741211,39627,0.0,0.0,0.0
2024-02-05 15:30:00-05:00,68.37020111083984,68.37020111083984,68.11000061035156,68.11000061035156,2638,0.0,0.0,0.0
2024-02-06 09:30:00-05:00,67.9800033569336,68.72000122070312,67.9800033569336,68.54309844970703,1451,0.0,0.0,0.0
2024-02-06 10:30:00-05:00,68.71820068359375,68.91000366210938,68.71820068359375,68.80819702148438,1312,0.0,0.0,0.0
2024-02-06 11:30:00-05:00,68.71820068359375,68.91000366210938,68.71820068359375,68.81500244140625,5014,0.0,0.0,0.0
2024-02-06 12:30:00-05:00,68.98719787597656,68.98719787597656,68.98719787597656,68.98719787597656,1812,0.0,0.0,0.0
2024-02-06 14:30:00-05:00,68.68009948730469,68.73999786376953,68.66000366210938,68.7300033569336,62723,0.0,0.0,0.0
2024-02-06 15:30:00-05:00,68.73999786376953,68.79820251464844,68.72000122070312,68.77999877929688,1921,0.0,0.0,0.0
2024-02-07 09:30:00-05:00,68.6500015258789,69.12000274658203,68.6500015258789,68.88130187988281,913,0.0,0.0,0.0
2024-02-07 10:30:00-05:00,69.16999816894531,69.38790130615234,69.16000366210938,69.38790130615234,82276,0.0,0.0,0.0
2024-02-07 11:30:00-05:00,69.23999786376953,69.23999786376953,69.16000366210938,69.16000366210938,2774,0.0,0.0,0.0
2024-02-07 12:30:00-05:00,69.50499725341797,69.55000305175781,69.49500274658203,69.55000305175781,3437,0.0,0.0,0.0
2024-02-07 13:30:00-05:00,69.50499725341797,69.55000305175781,69.49500274658203,69.54000091552734,4309,0.0,0.0,0.0
2024-02-07 14:30:00-05:00,69.69000244140625,69.73999786376953,69.69000244140625,69.73999786376953,852,0.0,0.0,0.0
2024-02-07 15:30:00-05:00,69.73999786376953,69.81999969482422,69.67030334472656,69.74500274658203,9680,0.0,0.0,0.0
2024-02-08 09:30:00-05:00,69.4800033569336,69.62000274658203,69.43499755859375,69.50039672851562,3184,0.0,0.0,0.0
2024-02-08 10:30:00-05:00,69.37999725341797,69.38999938964844,69.34359741210938,69.38999938964844,667,0.0,0.0,0.0
2024-02-08 11:30:00-05:00,69.5,69.54000091552734,69.43689727783203,69.4800033569336,2541,0.0,0.0,0.0
2024-02-08 12:30:00-05:00,69.47989654541016,69.48999786376953,69.47000122070312,69.4800033569336,1827,0.0,0.0,0.0
2024-02-08 13:30:00-05:00,69.73999786376953,69.73999786376953,69.7300033569336,69.7300033569336,853,0.0,0.0,0.0
2024-02-08 14:30:00-05:00,69.6780014038086,69.6780014038086,69.6780014038086,69.6780014038086,1737,0.0,0.0,0.0
2024-02-08 15:30:00-05:00,69.6500015258789,69.72000122070312,69.62000274658203,69.65560150146484,0,0.0,0.0,0.0
2024-02-09 09:30:00-05:00,69.56680297851562,69.64230346679688,69.54010009765625,69.59349822998047,4758,0.0,0.0,0.0
2024-02-09 10:30:00-05:00,69.5270004272461,69.55329895019531,69.5,69.55329895019531,1402,0.0,0.0,0.0
2024-02-09 11:30:00-05:00,69.7301025390625,69.7301025390625,69.7301025390625,69.7301025390625,1232,0.0,0.0,0.0
2024-02-09 12:30:00-05:00,69.92849731445312,69.93000030517578,69.92849731445312,69.93000030517578,1362,0.0,0.0,0.0
2024-02-09 13:30:00-05:00,69.9800033569336,69.9800033569336,69.9800033569336,69.9800033569336,408,0.0,0.0,0.0
2024-02-09 14:30:00-05:00,69.9800033569336,69.9800033569336,69.88420104980469,69.88420104980469,2182,0.0,0.0,0.0
2024-02-12 09:30:00-05:00,69.91999816894531,70.5801010131836,69.9000015258789,70.37000274658203,8342,0.0,0.0,0.0
2024-02-12 11:30:00-05:00,70.38999938964844,70.38999938964844,70.38999938964844,70.38999938964844,696,0.0,0.0,0.0
2024-02-12 12:30:00-05:00,70.43099975585938,70.5199966430664,70.43099975585938,70.49400329589844,1730,0.0,0.0,0.0
2024-02-12 13:30:00-05:00,70.2300033569336,70.2300033569336,70.2300033569336,70.2300033569336,225,0.0,0.0,0.0
2024-02-12 14:30:00-05:00,70.2300033569336,70.31999969482422,70.2300033569336,70.2864990234375,2304,0.0,0.0,0.0
2024-02-12 15:30:00-05:00,70.31999969482422,70.31999969482422,70.11000061035156,70.11000061035156,4427,0.0,0.0,0.0
2024-02-13 09:30:00-05:00,69.47000122070312,69.47000122070312,67.94999694824219,67.98310089111328,1715,0.0,0.0,0.0
2024-02-13 10:30:00-05:00,68.15149688720703,68.39720153808594,68.15149688720703,68.39720153808594,1929,0.0,0.0,0.0
2024-02-13 12:30:00-05:00,68.43190002441406,68.43190002441406,68.43009948730469,68.4302978515625,923,0.0,0.0,0.0
2024-02-13 13:30:00-05:00,67.94999694824219,67.94999694824219,67.83000183105469,67.83000183105469,1693,0.0,0.0,0.0
2024-02-13 14:30:00-05:00,67.83999633789062,67.93000030517578,67.66999816894531,67.66999816894531,857,0.0,0.0,0.0
2024-02-13 15:30:00-05:00,67.80000305175781,67.91999816894531,67.7300033569336,67.83999633789062,1829,0.0,0.0,0.0
2024-02-14 09:30:00-05:00,68.55069732666016,68.55500030517578,68.34600067138672,68.34600067138672,505,0.0,0.0,0.0
2024-02-14 10:30:00-05:00,68.34600067138672,68.39189910888672,68.34600067138672,68.36000061035156,5135,0.0,0.0,0.0
2024-02-14 11:30:00-05:00,68.5,68.5,68.5,68.5,228,0.0,0.0,0.0
2024-02-14 12:30:00-05:00,68.5,68.88999938964844,68.5,68.70999908447266,1178,0.0,0.0,0.0
2024-02-14 13:30:00-05:00,68.7699966430664,69.08000183105469,68.70999908447266,69.08000183105469,4126,0.0,0.0,0.0
2024-02-14 14:30:00-05:00,68.81999969482422,69.08000183105469,68.81999969482422,69.05999755859375,2482,0.0,0.0,0.0
2024-02-15 09:30:00-05:00,69.26000213623047,70.23999786376953,69.26000213623047,70.23999786376953,1152,0.0,0.0,0.0
2024-02-15 10:30:00-05:00,70.08999633789062,70.25,69.91999816894531,69.97740173339844,3878,0.0,0.0,0.0
2024-02-15 11:30:00-05:00,69.91999816894531,70.18890380859375,69.91960144042969,70.18890380859375,3838,0.0,0.0,0.0
2024-02-15 12:30:00-05:00,70.33000183105469,70.3499984741211,70.33000183105469,70.3499984741211,485,0.0,0.0,0.0
2024-02-15 13:30:00-05:00,70.33000183105469,70.37999725341797,70.27999877929688,70.37999725341797,1286,0.0,0.0,0.0
2024-02-15 14:30:00-05:00,70.37999725341797,70.62169647216797,70.37999725341797,70.53500366210938,814,0.0,0.0,0.0
2024-02-15 15:30:00-05:00,70.53500366210938,70.58999633789062,70.53500366210938,70.58999633789062,2445,0.0,0.0,0.0
2024-02-16 09:30:00-05:00,70.63999938964844,71.18000030517578,70.63999938964844,71.18000030517578,4251,0.0,0.0,0.0
2024-02-16 10:30:00-05:00,71.13999938964844,71.41000366210938,71.13999938964844,71.41000366210938,2783,0.0,0.0,0.0
2024-02-16 11:30:00-05:00,71.32550048828125,71.42259979248047,71.32550048828125,71.42259979248047,2866,0.0,0.0,0.0
2024-02-16 12:30:00-05:00,71.50409698486328,71.50409698486328,71.33000183105469,71.3550033569336,2660,0.0,0.0,0.0
2024-02-16 13:30:00-05:00,71.33000183105469,71.7300033569336,71.33000183105469,71.68000030517578,4533,0.0,0.0,0.0
2024-02-16 14:30:00-05:00,71.66000366210938,71.7300033569336,71.12999725341797,71.12999725341797,5210,0.0,0.0,0.0
2024-02-16 15:30:00-05:00,71.19000244140625,71.19000244140625,70.9000015258789,70.91999816894531,6823,0.0,0.0,0.0
2024-02-20 09:30:00-05:00,69.80000305175781,69.87999725341797,69.58000183105469,69.58000183105469,1785,0.0,0.0,0.0
2024-02-20 10:30:00-05:00,69.70999908447266,69.70999908447266,69.6259994506836,69.6259994506836,731,0.0,0.0,0.0
2024-02-20 11:30:00-05:00,69.5198974609375,69.56999969482422,69.5198974609375,69.56999969482422,488,0.0,0.0,0.0
2024-02-20 12:30:00-05:00,69.43000030517578,69.4999008178711,69.43000030517578,69.44000244140625,1512,0.0,0.0,0.0
2024-02-20 13:30:00-05:00,69.37000274658203,69.3949966430664,69.37000274658203,69.3949966430664,463,0.0,0.0,0.0
2024-02-20 14:30:00-05:00,69.47000122070312,69.5,69.44000244140625,69.47000122070312,3155,0.0,0.0,0.0
2024-02-20 15:30:00-05:00,69.61000061035156,69.61000061035156,69.51000213623047,69.58999633789062,726,0.0,0.0,0.0
2024-02-21 09:30:00-05:00,69.48999786376953,69.48999786376953,69.48999786376953,69.48999786376953,601,0.0,0.0,0.0
2024-02-21 10:30:00-05:00,69.63999938964844,69.66999816894531,69.63999938964844,69.63999938964844,762,0.0,0.0,0.0
2024-02-21 11:30:00-05:00,69.56999969482422,69.625,69.55000305175781,69.625,1384,0.0,0.0,0.0
2024-02-21 12:30:00-05:00,69.58000183105469,69.58000183105469,69.58000183105469,69.58000183105469,299,0.0,0.0,0.0
2024-02-21 13:30:00-05:00,69.5199966430664,69.5199966430664,69.5199966430664,69.5199966430664,219,0.0,0.0,0.0
2024-02-21 14:30:00-05:00,69.45829772949219,69.45829772949219,69.38999938964844,69.4114990234375,1095,0.0,0.0,0.0
2024-02-21 15:30:00-05:00,69.37000274658203,69.63999938964844,69.37000274658203,69.61499786376953,2049,0.0,0.0,0.0
2024-02-22 09:30:00-05:00,70.04000091552734,70.33000183105469,70.02999877929688,70.02999877929688,1475,0.0,0.0,0.0
2024-02-22 10:30:00-05:00,69.83000183105469,69.83000183105469,69.81500244140625,69.81500244140625,784,0.0,0.0,0.0
2024-02-22 12:30:00-05:00,70.08000183105469,70.08000183105469,70.08000183105469,70.08000183105469,481,0.0,0.0,0.0
2024-02-22 14:30:00-05:00,70.19999694824219,70.19999694824219,70.01000213623047,70.03500366210938,1136,0.0,0.0,0.0
2024-02-22 15:30:00-05:00,70.1698989868164,70.22000122070312,70.08999633789062,70.09500122070312,1415,0.0,0.0,0.0
2024-02-23 09:30:00-05:00,70.1449966430664,70.3499984741211,70.1449966430664,70.3499984741211,1747,0.0,0.0,0.0
2024-02-23 10:30:00-05:00,70.20999908447266,70.20999908447266,70.20999908447266,70.20999908447266,564,0.0,0.0,0.0
2024-02-23 11:30:00-05:00,70.39350128173828,70.47000122070312,70.39350128173828,70.47000122070312,1212,0.0,0.0,0.0
2024-02-23 12:30:00-05:00,70.69989776611328,70.69989776611328,70.5999984741211,70.62000274658203,1052,0.0,0.0,0.0
2024-02-23 13:30:00-05:00,70.62999725341797,70.66000366210938,70.5999984741211,70.66000366210938,1358,0.0,0.0,0.0
2024-02-23 14:30:00-05:00,70.5999984741211,70.5999984741211,70.5999984741211,70.5999984741211,330,0.0,0.0,0.0
2024-02-23 15:30:00-05:00,70.68000030517578,70.7300033569336,70.66999816894531,70.69000244140625,29508,0.0,0.0,0.0
2024-02-26 09:30:00-05:00,70.54000091552734,70.54000091552734,69.96260070800781,70.11000061035156,1962,0.0,0.0,0.0
2024-02-26 10:30:00-05:00,70.26000213623047,70.26000213623047,70.06999969482422,70.06999969482422,1285,0.0,0.0,0.0
2024-02-26 11:30:00-05:00,70.05000305175781,70.05000305175781,69.9800033569336,70.02999877929688,1412,0.0,0.0,0.0
2024-02-26 12:30:00-05:00,70.1436996459961,70.1436996459961,70.12000274658203,70.12000274658203,761,0.0,0.0,0.0
2024-02-26 13:30:00-05:00,70.13999938964844,70.37000274658203,70.13999938964844,70.37000274658203,12429,0.0,0.0,0.0
2024-02-26 14:30:00-05:00,70.49410247802734,70.5199966430664,70.49410247802734,70.5199966430664,341,0.0,0.0,0.0
2024-02-26 15:30:00-05:00,70.48999786376953,70.5,70.43000030517578,70.44999694824219,2542,0.0,0.0,0.0
2024-02-27 09:30:00-05:00,70.5999984741211,71.1500015258789,70.5999984741211,71.08999633789062,1079,0.0,0.0,0.0
2024-02-27 11:30:00-05:00,71.09989929199219,71.12000274658203,71.06500244140625,71.12000274658203,1533,0.0,0.0,0.0
2024-02-27 12:30:00-05:00,71.06500244140625,71.2699966430664,71.06500244140625,71.2699966430664,2018,0.0,0.0,0.0
2024-02-27 13:30:00-05:00,71.13999938964844,71.2699966430664,71.13999938964844,71.23570251464844,1777,0.0,0.0,0.0
2024-02-27 14:30:00-05:00,71.19999694824219,71.19999694824219,71.0999984741211,71.0999984741211,1664,0.0,0.0,0.0
2024-02-27 15:30:00-05:00,71.22000122070312,71.23500061035156,71.19000244140625,71.19000244140625,5158,0.0,0.0,0.0
2024-02-28 09:30:00-05:00,70.69000244140625,70.72000122070312,70.51000213623047,70.62000274658203,1018,0.0,0.0,0.0
2024-02-28 10:30:00-05:00,70.69000244140625,70.7300033569336,70.69000244140625,70.70999908447266,597,0.0,0.0,0.0
2024-02-28 11:30:00-05:00,70.49749755859375,70.76000213623047,70.49749755859375,70.70390319824219,1573,0.0,0.0,0.0
2024-02-28 12:30:00-05:00,70.66999816894531,70.66999816894531,70.66000366210938,70.66000366210938,226,0.0,0.0,0.0
2024-02-28 13:30:00-05:00,70.63500213623047,70.63500213623047,70.43000030517578,70.43000030517578,1028,0.0,0.0,0.0
2024-02-28 14:30:00-05:00,70.50810241699219,70.51249694824219,70.4800033569336,70.48999786376953,1422,0.0,0.0,0.0
2024-02-28 15:30:00-05:00,70.51000213623047,70.51000213623047,70.31999969482422,70.37999725341797,479,0.0,0.0,0.0
2024-02-29 09:30:00-05:00,71.04000091552734,71.04000091552734,70.68499755859375,70.77999877929688,966,0.0,0.0,0.0
2024-02-29 10:30:00-05:00,70.73619842529297,70.73619842529297,70.73619842529297,70.73619842529297,481,0.0,0.0,0.0
2024-02-29 11:30:00-05:00,70.73619842529297,70.73619842529297,70.61000061035156,70.61000061035156,12331,0.0,0.0,0.0
2024-02-29 12:30:00-05:00,70.48069763183594,70.48069763183594,70.48069763183594,70.48069763183594,359,0.0,0.0,0.0
2024-02-29 13:30:00-05:00,70.48069763183594,70.6500015258789,70.48069763183594,70.57129669189453,1371,0.0,0.0,0.0
2024-02-29 14:30:00-05:00,70.6500015258789,70.6500015258789,70.49500274658203,70.63999938964844,1936,0.0,0.0,0.0
2024-02-29 15:30:00-05:00,70.58999633789062,70.73999786376953,70.55470275878906,70.62000274658203,1718,0.0,0.0,0.0
2024-03-01 09:30:00-05:00,70.9000015258789,71.17500305175781,70.9000015258789,71.17500305175781,3972,0.0,0.0,0.0
2024-03-01 10:30:00-05:00,71.5,71.5,71.4000015258789,71.43000030517578,1623,0.0,0.0,0.0
2024-03-01 11:30:00-05:00,71.5,71.5,71.32959747314453,71.32959747314453,2045,0.0,0.0,0.0
2024-03-01 12:30:00-05:00,71.19999694824219,71.19999694824219,70.87999725341797,70.94999694824219,124495,0.0,0.0,0.0
2024-03-01 13:30:00-05:00,70.96479797363281,71.0,70.81580352783203,70.91999816894531,118826,0.0,0.0,0.0
2024-03-01 14:30:00-05:00,70.9000015258789,70.96009826660156,70.66000366210938,70.75,227619,0.0,0.0,0.0
2024-03-01 15:30:00-05:00,70.88999938964844,70.95590209960938,70.66000366210938,70.94999694824219,12552,0.0,0.0,0.0
2024-03-04 09:30:00-05:00,70.73999786376953,71.25,70.73999786376953,70.88999938964844,10199,0.0,0.0,0.0
2024-03-04 10:30:00-05:00,71.03269958496094,71.03269958496094,70.81999969482422,70.81999969482422,2914,0.0,0.0,0.0
2024-03-04 11:30:00-05:00,70.81999969482422,70.91999816894531,70.75,70.75,4309,0.0,0.0,0.0
2024-03-04 12:30:00-05:00,70.67729949951172,70.67729949951172,70.61000061035156,70.61000061035156,635,0.0,0.0,0.0
2024-03-04 13:30:00-05:00,70.67729949951172,70.67729949951172,70.43499755859375,70.43499755859375,1382,0.0,0.0,0.0
2024-03-04 14:30:00-05:00,70.55000305175781,70.55999755859375,70.43499755859375,70.55999755859375,1230,0.0,0.0,0.0
2024-03-04 15:30:00-05:00,70.5199966430664,70.61000061035156,70.44000244140625,70.5250015258789,1870,0.0,0.0,0.0
2024-03-05 10:30:00-05:00,70.0999984741211,70.16999816894531,70.0999984741211,70.12069702148438,1060,0.0,0.0,0.0
2024-03-05 11:30:00-05:00,70.30000305175781,70.37000274658203,70.05999755859375,70.37000274658203,553,0.0,0.0,0.0
2024-03-05 12:30:00-05:00,70.30570220947266,70.38999938964844,70.25,70.38999938964844,1641,0.0,0.0,0.0
2024-03-05 13:30:00-05:00,70.0199966430664,70.0199966430664,70.0199966430664,70.0199966430664,159,0.0,0.0,0.0
2024-03-05 14:30:00-05:00,69.95210266113281,69.95999908447266,69.7300033569336,69.7300033569336,3037,0.0,0.0,0.0
2024-03-05 15:30:00-05:00,69.66000366210938,69.76000213623047,69.66000366210938,69.76000213623047,0,0.0,0.0,0.0
2024-03-06 09:30:00-05:00,70.08999633789062,70.65859985351562,70.08999633789062,70.44999694824219,5198,0.0,0.0,0.0
2024-03-06 10:30:00-05:00,70.41999816894531,70.56999969482422,70.38999938964844,70.56999969482422,818,0.0,0.0,0.0
2024-03-06 11:30:00-05:00,70.66999816894531,70.66999816894531,70.55000305175781,70.55000305175781,432,0.0,0.0,0.0
2024-03-06 12:30:00-05:00,70.5250015258789,70.56430053710938,70.5,70.56430053710938,519,0.0,0.0,0.0
2024-03-06 13:30:00-05:00,70.3499984741211,70.36389923095703,70.29000091552734,70.36389923095703,1005,0.0,0.0,0.0
2024-03-06 14:30:00-05:00,70.30000305175781,70.31999969482422,70.30000305175781,70.31999969482422,550,0.0,0.0,0.0
2024-03-06 15:30:00-05:00,70.33000183105469,70.36000061035156,70.27999877929688,70.27999877929688,3265,0.0,0.0,0.0
2024-03-07 09:30:00-05:00,70.75,71.44000244140625,70.75,71.30500030517578,11084,0.0,0.0,0.0
2024-03-07 12:30:00-05:00,71.01000213623047,71.16999816894531,71.01000213623047,71.16000366210938,1872,0.0,0.0,0.0
2024-03-07 13:30:00-05:00,71.16000366210938,71.16000366210938,71.16000366210938,71.16000366210938,1050,0.0,0.0,0.0
2024-03-07 15:30:00-05:00,71.18000030517578,71.18000030517578,71.18000030517578,71.18000030517578,454,0.0,0.0,0.0
2024-03-08 09:30:00-05:00,71.1500015258789,71.69000244140625,71.1500015258789,71.26000213623047,6695,0.0,0.0,0.0
2024-03-08 10:30:00-05:00,71.27529907226562,71.27529907226562,70.9801025390625,70.9801025390625,404,0.0,0.0,0.0
2024-03-08 11:30:00-05:00,71.06999969482422,71.19000244140625,71.06999969482422,71.18000030517578,1164,0.0,0.0,0.0
2024-03-08 12:30:00-05:00,71.16000366210938,71.1698989868164,71.10009765625,71.10009765625,798,0.0,0.0,0.0
2024-03-08 13:30:00-05:00,70.81410217285156,70.81410217285156,70.81410217285156,70.81410217285156,691,0.0,0.0,0.0
2024-03-08 14:30:00-05:00,70.99009704589844,71.02839660644531,70.92009735107422,70.9800033569336,840,0.0,0.0,0.0
2024-03-08 15:30:00-05:00,70.88999938964844,70.88999938964844,70.79000091552734,70.86990356445312,842,0.0,0.0,0.0
2024-03-11 09:30:00-04:00,70.0199966430664,70.23999786376953,69.38500213623047,69.55000305175781,8201,0.0,0.0,0.0
2024-03-11 10:30:00-04:00,69.4000015258789,69.63009643554688,69.38500213623047,69.63009643554688,7147,0.0,0.0,0.0
2024-03-11 11:30:00-04:00,69.59130096435547,69.6449966430664,69.46320343017578,69.6449966430664,6716,0.0,0.0,0.0
2024-03-11 12:30:00-04:00,69.9000015258789,69.94000244140625,69.9000015258789,69.94000244140625,6646,0.0,0.0,0.0
2024-03-11 13:30:00-04:00,69.86000061035156,69.91999816894531,69.86000061035156,69.87999725341797,1175,0.0,0.0,0.0
2024-03-11 14:30:00-04:00,69.86000061035156,70.05509948730469,69.86000061035156,70.05509948730469,9904,0.0,0.0,0.0
2024-03-11 15:30:00-04:00,69.92949676513672,70.06690216064453,69.91000366210938,69.91000366210938,4521,0.0,0.0,0.0
2024-03-12 09:30:00-04:00,70.18000030517578,70.18000030517578,70.18000030517578,70.18000030517578,362,0.0,0.0,0.0
2024-03-12 10:30:00-04:00,70.27999877929688,70.38999938964844,70.27999877929688,70.33999633789062,1321,0.0,0.0,0.0
2024-03-12 11:30:00-04:00,70.39939880371094,70.39939880371094,70.39939880371094,70.39939880371094,734,0.0,0.0,0.0
2024-03-12 12:30:00-04:00,70.06999969482422,70.08000183105469,70.06999969482422,70.06999969482422,516,0.0,0.0,0.0
2024-03-12 13:30:00-04:00,70.08999633789062,70.11000061035156,70.08999633789062,70.11000061035156,774,0.0,0.0,0.0
2024-03-12 14:30:00-04:00,70.08999633789062,70.16999816894531,70.08999633789062,70.1449966430664,3479,0.0,0.0,0.0
2024-03-12 15:30:00-04:00,70.05000305175781,70.12000274658203,70.05000305175781,70.0999984741211,587,0.0,0.0,0.0
2024-03-13 09:30:00-04:00,69.86000061035156,70.19000244140625,69.86000061035156,69.98999786376953,850,0.0,0.0,0.0
2024-03-13 10:30:00-04:00,70.18000030517578,70.27999877929688,69.98999786376953,70.23999786376953,8656,0.0,0.0,0.0
2024-03-13 11:30:00-04:00,70.48999786376953,70.6050033569336,70.48999786376953,70.6050033569336,607,0.0,0.0,0.0
2024-03-13 12:30:00-04:00,70.58000183105469,70.62000274658203,70.0199966430664,70.12000274658203,8173,0.0,0.0,0.0
2024-03-13 13:30:00-04:00,70.1500015258789,70.22000122070312,70.1083984375,70.22000122070312,727,0.0,0.0,0.0
2024-03-13 14:30:00-04:00,70.1500015258789,70.3499984741211,69.94000244140625,69.94000244140625,3978,0.0,0.0,0.0
2024-03-13 15:30:00-04:00,70.13500213623047,70.13500213623047,69.94000244140625,70.06999969482422,5397,0.0,0.0,0.0
2024-03-14 09:30:00-04:00,69.97000122070312,69.97000122070312,69.16000366210938,69.16000366210938,1952,0.0,0.0,0.0
2024-03-14 10:30:00-04:00,69.16000366210938,69.2699966430664,69.02010345458984,69.06999969482422,5751,0.0,0.0,0.0
2024-03-14 11:30:00-04:00,69.06999969482422,69.13999938964844,69.02069854736328,69.06999969482422,2598,0.0,0.0,0.0
2024-03-14 12:30:00-04:00,68.80000305175781,68.80000305175781,68.64240264892578,68.64240264892578,2890,0.0,0.0,0.0
2024-03-14 13:30:00-04:00,68.80000305175781,68.80000305175781,68.47000122070312,68.47000122070312,4239,0.0,0.0,0.0
2024-03-14 14:30:00-04:00,68.47000122070312,68.47000122070312,68.10140228271484,68.10140228271484,2051,0.0,0.0,0.0
2024-03-14 15:30:00-04:00,68.12999725341797,68.66000366210938,68.10140228271484,68.66000366210938,2366,0.0,0.0,0.0
2024-03-15 09:30:00-04:00,68.76000213623047,68.8949966430664,68.51499938964844,68.8949966430664,4346,0.0,0.0,0.0
2024-03-15 10:30:00-04:00,68.80000305175781,68.8949966430664,68.72000122070312,68.80500030517578,3006,0.0,0.0,0.0
2024-03-15 11:30:00-04:00,68.706298828125,68.83000183105469,68.706298828125,68.72000122070312,7221,0.0,0.0,0.0
2024-03-15 12:30:00-04:00,68.83000183105469,68.87000274658203,68.72000122070312,68.87000274658203,7630,0.0,0.0,0.0
2024-03-15 13:30:00-04:00,68.87000274658203,69.11000061035156,68.87000274658203,69.11000061035156,2456,0.0,0.0,0.0
2024-03-15 14:30:00-04:00,69.09380340576172,69.25,69.06999969482422,69.22000122070312,7966,0.0,0.0,0.0
2024-03-15 15:30:00-04:00,69.12000274658203,69.25,69.12000274658203,69.15579986572266,6431,0.0,0.0,0.0
2024-03-18 09:30:00-04:00,69.81999969482422,69.81999969482422,69.25,69.29000091552734,1993,0.0,0.0,0.0
2024-03-18 10:30:00-04:00,69.42019653320312,69.48989868164062,69.42019653320312,69.47630310058594,1168,0.0,0.0,0.0
2024-03-18 11:30:00-04:00,69.55989837646484,69.55989837646484,69.4800033569336,69.54000091552734,1825,0.0,0.0,0.0
2024-03-18 15:30:00-04:00,69.33499908447266,69.33619689941406,69.33499908447266,69.33619689941406,557,0.0,0.0,0.0
2024-03-19 09:30:00-04:00,69.2699966430664,70.0,69.26000213623047,70.0,5690,0.0,0.0,0.0
2024-03-19 11:30:00-04:00,70.19999694824219,70.25,70.19999694824219,70.25,1290,0.0,0.0,0.0
2024-03-19 12:30:00-04:00,70.20999908447266,70.43000030517578,70.20999908447266,70.23789978027344,5020,0.0,0.0,0.0
2024-03-19 13:30:00-04:00,70.23760223388672,70.23760223388672,70.23760223388672,70.23760223388672,207,0.0,0.0,0.0
2024-03-19 14:30:00-04:00,70.23760223388672,70.2500991821289,70.1500015258789,70.20999908447266,3933,0.0,0.0,0.0
2024-03-19 15:30:00-04:00,70.1500015258789,70.31999969482422,70.1500015258789,70.26809692382812,8493,0.0,0.0,0.0
2024-03-20 09:30:00-04:00,70.04000091552734,70.28279876708984,70.04000091552734,70.19999694824219,1126,0.0,0.0,0.0
2024-03-20 10:30:00-04:00,70.45500183105469,70.45500183105469,70.45500183105469,70.45500183105469,103,0.0,0.0,0.0
2024-03-20 11:30:00-04:00,70.44999694824219,70.54000091552734,70.44999694824219,70.52169799804688,724,0.0,0.0,0.0
2024-03-20 12:30:00-04:00,70.53669738769531,70.55999755859375,70.5199966430664,70.54010009765625,1147,0.0,0.0,0.0
2024-03-20 13:30:00-04:00,70.51570129394531,71.0,70.51570129394531,70.7699966430664,772,0.0,0.0,0.0
2024-03-20 14:30:00-04:00,71.09500122070312,71.30010223388672,71.08000183105469,71.30010223388672,1825,0.0,0.0,0.0
2024-03-20 15:30:00-04:00,71.37000274658203,71.4000015258789,71.08999633789062,71.1500015258789,0,0.0,0.0,0.0
2024-03-21 09:30:00-04:00,71.29000091552734,71.69000244140625,71.29000091552734,71.43000030517578,4793,0.0,0.0,0.0
2024-03-21 11:30:00-04:00,71.83999633789062,71.83999633789062,71.77999877929688,71.77999877929688,272,0.0,0.0,0.0
2024-03-21 12:30:00-04:00,71.6937026977539,71.76069641113281,71.62129974365234,71.76069641113281,1111,0.0,0.0,0.0
2024-03-21 13:30:00-04:00,71.80999755859375,71.87000274658203,71.80999755859375,71.87000274658203,683,0.0,0.0,0.0
2024-03-21 14:30:00-04:00,71.88500213623047,71.9561996459961,71.88500213623047,71.94000244140625,1990,0.0,0.0,0.0
2024-03-21 15:30:00-04:00,71.85140228271484,71.88999938964844,71.76000213623047,71.83000183105469,2871,0.0,0.0,0.0
2024-03-22 10:30:00-04:00,71.47000122070312,71.47000122070312,71.44999694824219,71.44999694824219,342,0.0,0.0,0.0
2024-03-22 11:30:00-04:00,71.345703125,71.35389709472656,71.31909942626953,71.3499984741211,1394,0.0,0.0,0.0
2024-03-22 12:30:00-04:00,71.39360046386719,71.39360046386719,71.39360046386719,71.39360046386719,562,0.0,0.0,0.0
2024-03-22 14:30:00-04:00,71.18000030517578,71.19999694824219,71.12470245361328,71.12470245361328,925,0.0,0.0,0.0
2024-03-25 09:30:00-04:00,71.94999694824219,72.27999877929688,71.8499984741211,71.87999725341797,2706,0.0,0.0,0.0
2024-03-25 10:30:00-04:00,71.83999633789062,71.85639953613281,71.83999633789062,71.85639953613281,685,0.0,0.0,0.0
2024-03-25 11:30:00-04:00,71.80999755859375,71.84700012207031,71.79000091552734,71.79000091552734,1868,0.0,0.0,0.0
2024-03-25 12:30:00-04:00,71.83000183105469,71.9000015258789,71.83000183105469,71.9000015258789,576,0.0,0.0,0.0
2024-03-25 13:30:00-04:00,71.83999633789062,71.83999633789062,71.83000183105469,71.83000183105469,754,0.0,0.0,0.0
2024-03-25 14:30:00-04:00,71.65499877929688,71.65499877929688,71.62999725341797,71.62999725341797,593,0.0,0.0,0.0
2024-03-25 15:30:00-04:00,71.60690307617188,71.62999725341797,71.4800033569336,71.4800033569336,8383,0.0,0.0,0.0
2024-03-26 09:30:00-04:00,71.79000091552734,71.79000091552734,71.66929626464844,71.66929626464844,710,0.0,0.0,0.0
2024-03-26 10:30:00-04:00,71.19000244140625,71.19000244140625,71.19000244140625,71.19000244140625,1022,0.0,0.0,0.0
2024-03-26 11:30:00-04:00,71.19000244140625,71.31500244140625,71.09500122070312,71.31500244140625,5475,0.0,0.0,0.0
2024-03-26 12:30:00-04:00,71.19999694824219,71.41999816894531,71.18000030517578,71.41999816894531,4223,0.0,0.0,0.0
2024-03-26 13:30:00-04:00,71.41999816894531,71.43000030517578,71.41500091552734,71.41500091552734,861,0.0,0.0,0.0
2024-03-26 14:30:00-04:00,71.41500091552734,71.56999969482422,71.41500091552734,71.44999694824219,3253,0.0,0.0,0.0
2024-03-26 15:30:00-04:00,71.44000244140625,71.44999694824219,71.31999969482422,71.38999938964844,2442,0.0,0.0,0.0
2024-03-27 09:30:00-04:00,71.7699966430664,72.04779815673828,71.72830200195312,72.0,8175,0.0,0.0,0.0
2024-03-27 10:30:00-04:00,71.72830200195312,72.26000213623047,71.72830200195312,72.26000213623047,8582,0.0,0.0,0.0
2024-03-27 11:30:00-04:00,72.26000213623047,72.28299713134766,72.0199966430664,72.0199966430664,1275,0.0,0.0,0.0
2024-03-27 12:30:00-04:00,72.0199966430664,72.13500213623047,72.0199966430664,72.0999984741211,1979,0.0,0.0,0.0
2024-03-27 13:30:00-04:00,72.0999984741211,72.31999969482422,72.09010314941406,72.30999755859375,6374,0.0,0.0,0.0
2024-03-27 14:30:00-04:00,72.20999908447266,72.36000061035156,72.20999908447266,72.25,18400,0.0,0.0,0.0
2024-03-27 15:30:00-04:00,72.25,72.65910339355469,72.25,72.61000061035156,5691,0.0,0.0,0.0
2024-03-28 09:30:00-04:00,72.37000274658203,72.63999938964844,72.27300262451172,72.3499984741211,4054,0.0,0.0,0.0
2024-03-28 10:30:00-04:00,72.27300262451172,72.55000305175781,72.27300262451172,72.55000305175781,0,0.0,0.0,0.0
2024-03-28 11:30:00-04:00,72.66010284423828,72.66010284423828,72.66010284423828,72.66010284423828,7026,0.0,0.0,0.0
2024-03-28 12:30:00-04:00,72.50509643554688,72.50509643554688,72.4219970703125,72.45999908447266,887,0.0,0.0,0.0
2024-03-28 13:30:00-04:00,72.50509643554688,72.54000091552734,72.41000366210938,72.50779724121094,3961,0.0,0.0,0.0
2024-03-28 15:30:00-04:00,72.62000274658203,72.70999908447266,72.62000274658203,72.62000274658203,2254,0.0,0.0,0.0
2024-04-01 09:30:00-04:00,73.0,73.0,72.5,72.88780212402344,3898,0.0,0.0,0.0
2024-04-01 10:30:00-04:00,72.77999877929688,72.77999877929688,72.77999877929688,72.77999877929688,666,0.0,0.0,0.0
2024-04-01 12:30:00-04:00,72.82610321044922,72.82610321044922,72.58000183105469,72.58000183105469,906,0.0,0.0,0.0
2024-04-01 13:30:00-04:00,72.68000030517578,72.68000030517578,72.68000030517578,72.68000030517578,520,0.0,0.0,0.0
2024-04-01 14:30:00-04:00,72.66999816894531,72.66999816894531,72.63999938964844,72.63999938964844,325,0.0,0.0,0.0
2024-04-01 15:30:00-04:00,72.68000030517578,72.75,72.6500015258789,72.75,9273,0.0,0.0,0.0
2024-04-02 09:30:00-04:00,72.2699966430664,72.7699966430664,72.2699966430664,72.30999755859375,4795,0.0,0.0,0.0
2024-04-02 10:30:00-04:00,72.19999694824219,72.20999908447266,72.19999694824219,72.20999908447266,822,0.0,0.0,0.0
2024-04-02 11:30:00-04:00,71.85060119628906,71.85060119628906,71.82499694824219,71.82499694824219,656,0.0,0.0,0.0
2024-04-02 12:30:00-04:00,71.80000305175781,71.80000305175781,71.79000091552734,71.79000091552734,454,0.0,0.0,0.0
2024-04-02 13:30:00-04:00,71.88500213623047,71.88500213623047,71.88500213623047,71.88500213623047,245,0.0,0.0,0.0
2024-04-02 14:30:00-04:00,71.92919921875,71.92919921875,71.88999938964844,71.91100311279297,2077,0.0,0.0,0.0
2024-04-02 15:30:00-04:00,72.04499816894531,72.16999816894531,72.04499816894531,72.12999725341797,2376,0.0,0.0,0.0
2024-04-03 09:30:00-04:00,71.73999786376953,72.54000091552734,71.73999786376953,72.54000091552734,4984,0.0,0.0,0.0
2024-04-03 10:30:00-04:00,72.06999969482422,72.06999969482422,72.06999969482422,72.06999969482422,409,0.0,0.0,0.0
2024-04-03 11:30:00-04:00,72.06999969482422,72.2334976196289,72.06999969482422,72.2334976196289,1105,0.0,0.0,0.0
2024-04-03 12:30:00-04:00,72.2334976196289,72.375,72.2334976196289,72.36000061035156,1903,0.0,0.0,0.0
2024-04-03 13:30:00-04:00,72.375,72.49960327148438,72.36000061035156,72.44159698486328,5512,0.0,0.0,0.0
2024-04-03 14:30:00-04:00,72.44159698486328,72.51000213623047,72.375,72.375,1647,0.0,0.0,0.0
2024-04-03 15:30:00-04:00,72.375,72.68000030517578,72.375,72.67500305175781,1442,0.0,0.0,0.0
2024-04-04 09:30:00-04:00,72.93000030517578,72.97000122070312,72.9000015258789,72.95999908447266,4972,0.0,0.0,0.0
2024-04-04 10:30:00-04:00,73.20500183105469,73.26000213623047,73.20500183105469,73.23580169677734,11103,0.0,0.0,0.0
2024-04-04 11:30:00-04:00,73.20500183105469,73.2699966430664,73.19999694824219,73.2699966430664,15599,0.0,0.0,0.0
2024-04-04 12:30:00-04:00,73.13500213623047,73.13500213623047,73.13500213623047,73.13500213623047,300,0.0,0.0,0.0
2024-04-04 13:30:00-04:00,73.13500213623047,73.13500213623047,72.68499755859375,72.68499755859375,1274,0.0,0.0,0.0
2024-04-04 14:30:00-04:00,72.68499755859375,72.68499755859375,72.12999725341797,72.12999725341797,4174,0.0,0.0,0.0
2024-04-04 15:30:00-04:00,72.27999877929688,72.30999755859375,71.9000015258789,72.03900146484375,20546,0.0,0.0,0.0
2024-04-05 09:30:00-04:00,71.63999938964844,72.0,71.62999725341797,72.0,10026,0.0,0.0,0.0
2024-04-05 10:30:00-04:00,72.03079986572266,72.11000061035156,72.03079986572266,72.11000061035156,2377,0.0,0.0,0.0
2024-04-05 11:30:00-04:00,72.03079986572266,72.2699966430664,72.03079986572266,72.2699966430664,3409,0.0,0.0,0.0
2024-04-05 12:30:00-04:00,72.33000183105469,72.33000183105469,72.1323013305664,72.1323013305664,2078,0.0,0.0,0.0
2024-04-05 14:30:00-04:00,71.95079803466797,71.98999786376953,71.95079803466797,71.9800033569336,3062,0.0,0.0,0.0
2024-04-05 15:30:00-04:00,71.9800033569336,72.11000061035156,71.9800033569336,72.11000061035156,1492,0.0,0.0,0.0
2024-04-08 09:30:00-04:00,72.41000366210938,73.45999908447266,72.41000366210938,73.20999908447266,788,0.0,0.0,0.0
2024-04-08 10:30:00-04:00,72.95999908447266,73.41000366210938,72.95999908447266,73.4000015258789,5161,0.0,0.0,0.0
2024-04-08 11:30:00-04:00,73.30919647216797,73.4800033569336,73.30919647216797,73.47000122070312,2799,0.0,0.0,0.0
2024-04-08 12:30:00-04:00,73.4800033569336,73.69999694824219,73.45999908447266,73.6697006225586,4304,0.0,0.0,0.0
2024-04-08 13:30:00-04:00,73.69999694824219,73.69999694824219,73.48930358886719,73.48930358886719,6242,0.0,0.0,0.0
2024-04-08 14:30:00-04:00,73.61990356445312,73.61990356445312,73.61990356445312,73.61990356445312,379,0.0,0.0,0.0
2024-04-08 15:30:00-04:00,73.61990356445312,73.61990356445312,73.47000122070312,73.47000122070312,1363,0.0,0.0,0.0
2024-04-09 09:30:00-04:00,74.2300033569336,74.26000213623047,73.69000244140625,73.69000244140625,614,0.0,0.0,0.0
2024-04-09 10:30:00-04:00,73.69000244140625,73.69000244140625,73.2300033569336,73.2300033569336,875,0.0,0.0,0.0
2024-04-09 11:30:00-04:00,72.99109649658203,72.99109649658203,72.99109649658203,72.99109649658203,850,0.0,0.0,0.0
2024-04-09 12:30:00-04:00,73.25,73.2699966430664,73.16419982910156,73.16419982910156,1298,0.0,0.0,0.0
2024-04-09 13:30:00-04:00,73.0999984741211,73.19999694824219,73.0999984741211,73.19999694824219,358,0.0,0.0,0.0
2024-04-09 14:30:00-04:00,73.0999984741211,73.33170318603516,73.0999984741211,73.33170318603516,1495,0.0,0.0,0.0
2024-04-09 15:30:00-04:00,73.13009643554688,73.4800033569336,73.13009643554688,73.4800033569336,989,0.0,0.0,0.0
2024-04-10 09:30:00-04:00,72.94000244140625,72.94000244140625,72.31999969482422,72.7300033569336,1304,0.0,0.0,0.0
2024-04-10 10:30:00-04:00,72.47000122070312,72.81999969482422,72.47000122070312,72.81999969482422,2166,0.0,0.0,0.0
2024-04-10 12:30:00-04:00,72.08499908447266,72.08499908447266,72.08499908447266,72.08499908447266,375,0.0,0.0,0.0
2024-04-10 13:30:00-04:00,72.08499908447266,72.23999786376953,72.08499908447266,72.23999786376953,2347,0.0,0.0,0.0
2024-04-10 14:30:00-04:00,72.08499908447266,72.29000091552734,72.05000305175781,72.29000091552734,1476,0.0,0.0,0.0
2024-04-10 15:30:00-04:00,72.08499908447266,72.51000213623047,72.05000305175781,72.51000213623047,4762,0.0,0.0,0.0
2024-04-11 09:30:00-04:00,72.30999755859375,72.72000122070312,72.12999725341797,72.12999725341797,2367,0.0,0.0,0.0
2024-04-11 10:30:00-04:00,72.07530212402344,72.1229019165039,72.07530212402344,72.10079956054688,1431,0.0,0.0,0.0
2024-04-11 11:30:00-04:00,72.07530212402344,72.13999938964844,72.07530212402344,72.13999938964844,4015,0.0,0.0,0.0
2024-04-11 13:30:00-04:00,72.43000030517578,72.4800033569336,72.43000030517578,72.4800033569336,1726,0.0,0.0,0.0
2024-04-11 15:30:00-04:00,72.4800033569336,72.55999755859375,72.45999908447266,72.46829986572266,11182,0.0,0.0,0.0
2024-04-12 09:30:00-04:00,72.37999725341797,72.37999725341797,72.37999725341797,72.37999725341797,2596,0.0,0.0,0.0
2024-04-12 10:30:00-04:00,71.77989959716797,71.77989959716797,71.72000122070312,71.72000122070312,2102,0.0,0.0,0.0
2024-04-12 11:30:00-04:00,71.70500183105469,71.77999877929688,71.63999938964844,71.63999938964844,740,0.0,0.0,0.0
2024-04-12 12:30:00-04:00,71.56179809570312,71.56179809570312,71.30999755859375,71.30999755859375,1653,0.0,0.0,0.0
2024-04-12 13:30:00-04:00,71.29000091552734,71.43000030517578,71.29000091552734,71.29000091552734,8331,0.0,0.0,0.0
2024-04-12 14:30:00-04:00,71.12000274658203,71.17530059814453,70.94000244140625,70.94000244140625,778,0.0,0.0,0.0
2024-04-12 15:30:00-04:00,71.02999877929688,71.19259643554688,71.0,71.19259643554688,511,0.0,0.0,0.0
2024-04-15 09:30:00-04:00,71.69999694824219,72.1249008178711,71.69999694824219,71.80999755859375,2178,0.0,0.0,0.0
2024-04-15 11:30:00-04:00,71.78099822998047,71.82499694824219,71.55000305175781,71.55000305175781,2228,0.0,0.0,0.0
2024-04-15 12:30:00-04:00,71.82499694824219,71.82499694824219,71.05000305175781,71.05000305175781,3961,0.0,0.0,0.0
2024-04-15 13:30:00-04:00,71.4760971069336,71.4760971069336,70.95999908447266,70.95999908447266,10053,0.0,0.0,0.0
2024-04-15 14:30:00-04:00,71.02739715576172,71.02999877929688,70.87999725341797,70.9000015258789,12549,0.0,0.0,0.0
2024-04-15 15:30:00-04:00,70.94760131835938,71.09220123291016,70.9000015258789,71.09220123291016,1455,0.0,0.0,0.0
2024-04-16 09:30:00-04:00,69.97000122070312,69.97000122070312,69.2699966430664,69.72000122070312,18253,0.0,0.0,0.0
2024-04-16 10:30:00-04:00,69.44999694824219,70.05509948730469,69.44999694824219,70.05509948730469,7753,0.0,0.0,0.0
2024-04-16 11:30:00-04:00,70.21769714355469,70.26000213623047,70.18009948730469,70.18009948730469,2982,0.0,0.0,0.0
2024-04-16 14:30:00-04:00,70.37000274658203,70.37000274658203,70.3478012084961,70.3478012084961,439,0.0,0.0,0.0
2024-04-16 15:30:00-04:00,70.37000274658203,70.40010070800781,70.33000183105469,70.33000183105469,3345,0.0,0.0,0.0
2024-04-17 09:30:00-04:00,71.43000030517578,71.51000213623047,71.02999877929688,71.02999877929688,0,0.0,0.0,0.0
2024-04-17 12:30:00-04:00,70.5,70.62999725341797,70.48999786376953,70.62999725341797,5666,0.0,0.0,0.0
2024-04-17 13:30:00-04:00,70.79290008544922,70.79290008544922,70.79290008544922,70.79290008544922,275,0.0,0.0,0.0
2024-04-17 15:30:00-04:00,70.51000213623047,70.51000213623047,70.51000213623047,70.51000213623047,344,0.0,0.0,0.0
2024-04-18 09:30:00-04:00,70.80000305175781,71.0,70.5,71.0,4332,0.0,0.0,0.0
2024-04-18 10:30:00-04:00,71.02999877929688,71.10970306396484,71.0199966430664,71.0199966430664,994,0.0,0.0,0.0
2024-04-18 11:30:00-04:00,70.71829986572266,70.79720306396484,70.71829986572266,70.79720306396484,810,0.0,0.0,0.0
2024-04-18 12:30:00-04:00,70.62999725341797,70.62999725341797,70.23750305175781,70.23750305175781,1570,0.0,0.0,0.0
2024-04-18 13:30:00-04:00,70.18000030517578,70.18000030517578,70.18000030517578,70.18000030517578,642,0.0,0.0,0.0
2024-04-18 14:30:00-04:00,70.0999984741211,70.0999984741211,70.0999984741211,70.0999984741211,289,0.0,0.0,0.0
2024-04-18 15:30:00-04:00,70.32749938964844,70.32749938964844,70.30979919433594,70.30979919433594,385,0.0,0.0,0.0
2024-04-19 09:30:00-04:00,70.4800033569336,70.77999877929688,70.45999908447266,70.61499786376953,827,0.0,0.0,0.0
2024-04-19 10:30:00-04:00,70.77999877929688,70.77999877929688,70.61499786376953,70.6509017944336,2329,0.0,0.0,0.0
2024-04-19 12:30:00-04:00,70.16010284423828,70.23999786376953,70.16010284423828,70.23999786376953,2772,0.0,0.0,0.0
2024-04-19 13:30:00-04:00,70.43499755859375,70.43499755859375,70.43000030517578,70.43000030517578,880,0.0,0.0,0.0
2024-04-19 14:30:00-04:00,70.375,70.41999816894531,70.375,70.41999816894531,673,0.0,0.0,0.0
2024-04-19 15:30:00-04:00,70.375,70.57009887695312,70.375,70.57009887695312,969,0.0,0.0,0.0
2024-04-22 09:30:00-04:00,71.11509704589844,71.11509704589844,71.11509704589844,71.11509704589844,0,0.0,0.0,0.0
2024-04-22 10:30:00-04:00,70.97000122070312,70.97000122070312,70.97000122070312,70.97000122070312,358,0.0,0.0,0.0
2024-04-22 11:30:00-04:00,70.91999816894531,71.08999633789062,70.91999816894531,71.05670166015625,1749,0.0,0.0,0.0
2024-04-22 12:30:00-04:00,71.2300033569336,71.26000213623047,71.2300033569336,71.26000213623047,878,0.0,0.0,0.0
2024-04-22 13:30:00-04:00,71.4800033569336,71.4800033569336,71.4800033569336,71.4800033569336,408,0.0,0.0,0.0
2024-04-22 14:30:00-04:00,71.2791976928711,71.2791976928711,71.2791976928711,71.2791976928711,100,0.0,0.0,0.0
2024-04-22 15:30:00-04:00,71.16000366210938,71.16899871826172,71.091796875,71.091796875,1515,0.0,0.0,0.0
2024-04-23 09:30:00-04:00,69.58000183105469,69.80000305175781,69.47000122070312,69.7322006225586,6513,0.0,0.0,0.0
2024-04-23 10:30:00-04:00,69.7959976196289,69.80570220947266,69.68000030517578,69.7300033569336,5408,0.0,0.0,0.0
2024-04-23 11:30:00-04:00,69.57009887695312,69.57009887695312,69.57009887695312,69.57009887695312,241,0.0,0.0,0.0
2024-04-23 12:30:00-04:00,69.9749984741211,70.0271987915039,69.9749984741211,69.97979736328125,1165,0.0,0.0,0.0
2024-04-23 13:30:00-04:00,70.02459716796875,70.02459716796875,69.88999938964844,70.0,2757,0.0,0.0,0.0
2024-04-23 14:30:00-04:00,69.87999725341797,69.87999725341797,69.69319915771484,69.70500183105469,1786,0.0,0.0,0.0
2024-04-23 15:30:00-04:00,69.66999816894531,69.70999908447266,69.66999816894531,69.66999816894531,933,0.0,0.0,0.0
2024-04-24 09:30:00-04:00,69.94999694824219,70.25,69.94999694824219,70.12000274658203,2479,0.0,0.0,0.0
2024-04-24 10:30:00-04:00,69.5199966430664,69.5199966430664,69.1500015258789,69.16000366210938,2732,0.0,0.0,0.0
2024-04-24 11:30:00-04:00,69.0,69.18000030517578,69.0,69.18000030517578,451,0.0,0.0,0.0
2024-04-24 12:30:00-04:00,69.08000183105469,69.12000274658203,69.05999755859375,69.08000183105469,2817,0.0,0.0,0.0
2024-04-24 13:30:00-04:00,69.30549621582031,69.30549621582031,69.30549621582031,69.30549621582031,246,0.0,0.0,0.0
2024-04-24 14:30:00-04:00,69.08000183105469,69.36039733886719,69.08000183105469,69.36039733886719,0,0.0,0.0,0.0
2024-04-25 09:30:00-04:00,68.72000122070312,68.72000122070312,67.88999938964844,68.37000274658203,4924,0.0,0.0,0.0
2024-04-25 10:30:00-04:00,68.43009948730469,68.43180084228516,68.2699966430664,68.38999938964844,3047,0.0,0.0,0.0
2024-04-25 11:30:00-04:00,68.5199966430664,68.58609771728516,68.5199966430664,68.58609771728516,519,0.0,0.0,0.0
2024-04-25 12:30:00-04:00,68.87999725341797,68.89649963378906,68.8499984741211,68.8499984741211,1407,0.0,0.0,0.0
2024-04-25 13:30:00-04:00,69.31999969482422,69.31999969482422,69.27999877929688,69.27999877929688,866,0.0,0.0,0.0
2024-04-25 14:30:00-04:00,69.19999694824219,69.23259735107422,69.19999694824219,69.23259735107422,419,0.0,0.0,0.0
2024-04-25 15:30:00-04:00,69.0999984741211,69.20559692382812,69.0999984741211,69.20559692382812,0,0.0,0.0,0.0
2024-04-26 09:30:00-04:00,69.33999633789062,69.75499725341797,69.33999633789062,69.75499725341797,1140,0.0,0.0,0.0
2024-04-26 10:30:00-04:00,69.75499725341797,69.75499725341797,69.55999755859375,69.55999755859375,1560,0.0,0.0,0.0
2024-04-26 11:30:00-04:00,69.25,69.51499938964844,69.25,69.47000122070312,4826,0.0,0.0,0.0
2024-04-26 13:30:00-04:00,69.81999969482422,69.94000244140625,69.81999969482422,69.94000244140625,112931,0.0,0.0,0.0
2024-04-26 14:30:00-04:00,69.94000244140625,69.94000244140625,69.65899658203125,69.65899658203125,783,0.0,0.0,0.0
2024-04-29 09:30:00-04:00,69.90679931640625,70.0999984741211,69.76499938964844,69.91999816894531,583,0.0,0.0,0.0
2024-04-29 10:30:00-04:00,69.91999816894531,70.0531005859375,69.91999816894531,70.0531005859375,2336,0.0,0.0,0.0
2024-04-29 12:30:00-04:00,70.06079864501953,70.06079864501953,70.06079864501953,70.06079864501953,1256,0.0,0.0,0.0
2024-04-30 09:30:00-04:00,69.4000015258789,69.9800033569336,69.37999725341797,69.7300033569336,1316,0.0,0.0,0.0
2024-04-30 10:30:00-04:00,69.44039916992188,69.44039916992188,69.44000244140625,69.44000244140625,676,0.0,0.0,0.0
2024-04-30 11:30:00-04:00,69.44039916992188,69.44039916992188,69.3499984741211,69.37999725341797,1720,0.0,0.0,0.0
2024-04-30 12:30:00-04:00,69.37999725341797,69.37999725341797,69.20950317382812,69.20950317382812,686,0.0,0.0,0.0
2024-04-30 13:30:00-04:00,69.23500061035156,69.23500061035156,69.23500061035156,69.23500061035156,630,0.0,0.0,0.0
2024-04-30 14:30:00-04:00,69.21499633789062,69.21499633789062,68.94999694824219,69.08999633789062,1936,0.0,0.0,0.0
2024-04-30 15:30:00-04:00,69.0,69.08999633789062,68.83930206298828,68.83930206298828,1442,0.0,0.0,0.0
2024-05-01 09:30:00-04:00,69.3927993774414,69.3927993774414,69.19999694824219,69.19999694824219,14988,0.0,0.0,0.0
2024-05-01 14:30:00-04:00,69.41000366210938,69.96800231933594,69.41000366210938,69.96800231933594,1864,0.0,0.0,0.0
2024-05-01 15:30:00-04:00,69.26000213623047,69.27999877929688,69.20999908447266,69.20999908447266,1200,0.0,0.0,0.0
2024-05-02 09:30:00-04:00,69.80999755859375,69.80999755859375,69.69999694824219,69.69999694824219,610,0.0,0.0,0.0
2024-05-02 10:30:00-04:00,70.01000213623047,70.02999877929688,69.98069763183594,70.02999877929688,794,0.0,0.0,0.0
2024-05-02 11:30:00-04:00,69.98750305175781,70.19869995117188,69.98750305175781,70.19869995117188,0,0.0,0.0,0.0
2024-05-03 09:30:00-04:00,70.43000030517578,71.04000091552734,70.43000030517578,71.04000091552734,1251,0.0,0.0,0.0
2024-05-03 11:30:00-04:00,70.73999786376953,70.93000030517578,70.73999786376953,70.93000030517578,954,0.0,0.0,0.0
2024-05-03 12:30:00-04:00,71.12000274658203,71.12000274658203,71.08499908447266,71.08499908447266,257,0.0,0.0,0.0
2024-05-03 13:30:00-04:00,71.04859924316406,71.20999908447266,71.04859924316406,71.20999908447266,513,0.0,0.0,0.0
2024-05-03 14:30:00-04:00,71.20999908447266,71.20999908447266,71.20999908447266,71.20999908447266,144,0.0,0.0,0.0
2024-05-03 15:30:00-04:00,71.27320098876953,71.27320098876953,71.27320098876953,71.27320098876953,176,0.0,0.0,0.0
2024-05-06 09:30:00-04:00,71.29000091552734,71.87000274658203,71.29000091552734,71.83999633789062,2569,0.0,0.0,0.0
2024-05-06 10:30:00-04:00,71.2249984741211,71.2249984741211,71.0999984741211,71.0999984741211,470,0.0,0.0,0.0
2024-05-06 11:30:00-04:00,71.13140106201172,71.18000030517578,71.07499694824219,71.07499694824219,1131,0.0,0.0,0.0
2024-05-06 12:30:00-04:00,71.13500213623047,71.13500213623047,71.00509643554688,71.0999984741211,949,0.0,0.0,0.0
2024-05-06 14:30:00-04:00,71.0199966430664,71.11940002441406,71.0199966430664,71.05999755859375,1549,0.0,0.0,0.0
2024-05-06 15:30:00-04:00,71.08999633789062,71.0999984741211,71.02999877929688,71.07569885253906,1162,0.0,0.0,0.0
2024-05-07 09:30:00-04:00,71.0199966430664,71.46050262451172,71.0199966430664,71.46050262451172,2386,0.0,0.0,0.0
2024-05-07 11:30:00-04:00,71.48999786376953,71.51000213623047,71.48999786376953,71.5,1768,0.0,0.0,0.0
2024-05-07 15:30:00-04:00,71.27999877929688,71.27999877929688,71.27790069580078,71.27790069580078,800,0.0,0.0,0.0
2024-05-08 09:30:00-04:00,70.47000122070312,70.78990173339844,70.23999786376953,70.78990173339844,258,0.0,0.0,0.0
2024-05-08 10:30:00-04:00,71.04039764404297,71.04039764404297,71.0199966430664,71.0199966430664,2298,0.0,0.0,0.0
2024-05-08 13:30:00-04:00,70.66999816894531,70.7063980102539,70.6405029296875,70.7063980102539,1926,0.0,0.0,0.0
2024-05-09 09:30:00-04:00,70.33999633789062,71.36990356445312,70.33999633789062,71.36990356445312,274,0.0,0.0,0.0
2024-05-09 10:30:00-04:00,71.125,71.5199966430664,71.125,71.41500091552734,2151,0.0,0.0,0.0
2024-05-09 11:30:00-04:00,71.44000244140625,71.44000244140625,71.30999755859375,71.30999755859375,1184,0.0,0.0,0.0
2024-05-09 12:30:00-04:00,71.41000366210938,71.41000366210938,71.41000366210938,71.41000366210938,246,0.0,0.0,0.0
2024-05-09 13:30:00-04:00,71.41000366210938,71.41000366210938,71.33999633789062,71.33999633789062,762,0.0,0.0,0.0
2024-05-09 14:30:00-04:00,71.42500305175781,71.60079956054688,71.38999938964844,71.60079956054688,3096,0.0,0.0,0.0
2024-05-10 09:30:00-04:00,71.83999633789062,72.16000366210938,71.83999633789062,72.08999633789062,1482,0.0,0.0,0.0
2024-05-10 10:30:00-04:00,71.55999755859375,71.55999755859375,71.55999755859375,71.55999755859375,664,0.0,0.0,0.0
2024-05-10 13:30:00-04:00,71.25,71.25,71.25,71.25,352,0.0,0.0,0.0
2024-05-10 14:30:00-04:00,71.25,71.25,71.18000030517578,71.18000030517578,1574,0.0,0.0,0.0
2024-05-10 15:30:00-04:00,71.20999908447266,71.22000122070312,71.13999938964844,71.19219970703125,8570,0.0,0.0,0.0
2024-05-13 09:30:00-04:00,71.53009796142578,71.74500274658203,71.53009796142578,71.6500015258789,1167,0.0,0.0,0.0
2024-05-13 12:30:00-04:00,71.44999694824219,71.51000213623047,71.43720245361328,71.43720245361328,4982,0.0,0.0,0.0
2024-05-13 13:30:00-04:00,71.43720245361328,71.43720245361328,71.36009979248047,71.36009979248047,2428,0.0,0.0,0.0
2024-05-13 14:30:00-04:00,71.45999908447266,71.4905014038086,71.44999694824219,71.44999694824219,1260,0.0,0.0,0.0
2024-05-13 15:30:00-04:00,71.45999908447266,71.51499938964844,71.41799926757812,71.41799926757812,2068,0.0,0.0,0.0
2024-05-14 09:30:00-04:00,72.05000305175781,72.05000305175781,71.69999694824219,71.76959991455078,2700,0.0,0.0,0.0
2024-05-14 10:30:00-04:00,71.76959991455078,71.76959991455078,71.48999786376953,71.50890350341797,2169,0.0,0.0,0.0
2024-05-14 11:30:00-04:00,71.48999786376953,71.48999786376953,71.4352035522461,71.4352035522461,492,0.0,0.0,0.0
2024-05-14 12:30:00-04:00,71.48999786376953,71.48999786376953,71.31999969482422,71.3949966430664,16914,0.0,0.0,0.0
2024-05-14 13:30:00-04:00,71.41000366210938,71.62000274658203,71.37000274658203,71.62000274658203,3386,0.0,0.0,0.0
2024-05-14 14:30:00-04:00,71.66000366210938,71.66000366210938,71.62999725341797,71.62999725341797,588,0.0,0.0,0.0
2024-05-14 15:30:00-04:00,71.66000366210938,71.78600311279297,71.62999725341797,71.77690124511719,1725,0.0,0.0,0.0
2024-05-15 09:30:00-04:00,71.94999694824219,71.94999694824219,71.5199966430664,71.5199966430664,2966,0.0,0.0,0.0
2024-05-15 10:30:00-04:00,72.16000366210938,72.3499984741211,72.16000366210938,72.30000305175781,1880,0.0,0.0,0.0
2024-05-15 11:30:00-04:00,72.40499877929688,72.40499877929688,72.40499877929688,72.40499877929688,2081,0.0,0.0,0.0
2024-05-15 12:30:00-04:00,72.38009643554688,72.38009643554688,72.38009643554688,72.38009643554688,303,0.0,0.0,0.0
2024-05-15 13:30:00-04:00,72.43460083007812,72.43460083007812,72.37999725341797,72.37999725341797,703,0.0,0.0,0.0
2024-05-15 14:30:00-04:00,72.4800033569336,72.4800033569336,72.4800033569336,72.4800033569336,311,0.0,0.0,0.0
2024-05-15 15:30:00-04:00,72.44999694824219,72.55000305175781,72.41000366210938,72.55000305175781,0,0.0,0.0,0.0
2024-05-16 09:30:00-04:00,72.80999755859375,72.81999969482422,72.55000305175781,72.6500015258789,7650,0.0,0.0,0.0
2024-05-16 10:30:00-04:00,72.62000274658203,72.76000213623047,72.62000274658203,72.70999908447266,1536,0.0,0.0,0.0
2024-05-16 11:30:00-04:00,72.84359741210938,72.95999908447266,72.84359741210938,72.91000366210938,1439,0.0,0.0,0.0
2024-05-16 12:30:00-04:00,72.9000015258789,72.9000015258789,72.9000015258789,72.9000015258789,165,0.0,0.0,0.0
2024-05-16 13:30:00-04:00,72.8322982788086,72.88999938964844,72.83000183105469,72.88999938964844,4552,0.0,0.0,0.0
2024-05-16 14:30:00-04:00,72.80400085449219,72.80400085449219,72.80400085449219,72.80400085449219,205,0.0,0.0,0.0
2024-05-16 15:30:00-04:00,72.87999725341797,72.91000366210938,72.73999786376953,72.73999786376953,2194,0.0,0.0,0.0
2024-05-17 09:30:00-04:00,73.06999969482422,73.16000366210938,72.80999755859375,73.16000366210938,3643,0.0,0.0,0.0
2024-05-17 10:30:00-04:00,73.18000030517578,73.18000030517578,73.05000305175781,73.05000305175781,1852,0.0,0.0,0.0
2024-05-17 12:30:00-04:00,72.91999816894531,72.91999816894531,72.87000274658203,72.87000274658203,750,0.0,0.0,0.0
2024-05-17 13:30:00-04:00,72.87999725341797,72.87999725341797,72.73999786376953,72.73999786376953,1899,0.0,0.0,0.0
2024-05-17 14:30:00-04:00,72.73870086669922,72.80000305175781,72.70999908447266,72.70999908447266,2898,0.0,0.0,0.0
2024-05-17 15:30:00-04:00,72.79029846191406,72.79029846191406,72.79029846191406,72.79029846191406,228,0.0,0.0,0.0
2024-05-20 09:30:00-04:00,72.0999984741211,72.61000061035156,72.0999984741211,72.54979705810547,2561,0.0,0.0,0.0
2024-05-20 10:30:00-04:00,72.9800033569336,72.9800033569336,72.9800033569336,72.9800033569336,405,0.0,0.0,0.0
2024-05-20 11:30:00-04:00,73.29000091552734,73.29000091552734,73.29000091552734,73.29000091552734,135,0.0,0.0,0.0
2024-05-20 12:30:00-04:00,73.21980285644531,73.21980285644531,73.06400299072266,73.06400299072266,2920,0.0,0.0,0.0
2024-05-20 13:30:00-04:00,73.0302963256836,73.0302963256836,73.0302963256836,73.0302963256836,170,0.0,0.0,0.0
2024-05-20 14:30:00-04:00,73.08550262451172,73.08550262451172,73.08550262451172,73.08550262451172,439,0.0,0.0,0.0
2024-05-20 15:30:00-04:00,72.88999938964844,72.9000015258789,72.86000061035156,72.86000061035156,5584,0.0,0.0,0.0
2024-05-21 09:30:00-04:00,72.83000183105469,73.0905990600586,72.83000183105469,73.0905990600586,1291,0.0,0.0,0.0
2024-05-21 10:30:00-04:00,73.04820251464844,73.0905990600586,72.89009857177734,73.0250015258789,1253,0.0,0.0,0.0
2024-05-21 11:30:00-04:00,73.05000305175781,73.05000305175781,72.69000244140625,72.69000244140625,2749,0.0,0.0,0.0
2024-05-21 12:30:00-04:00,72.69000244140625,72.69000244140625,72.55999755859375,72.55999755859375,1094,0.0,0.0,0.0
2024-05-21 13:30:00-04:00,72.69000244140625,72.69000244140625,72.69000244140625,72.69000244140625,898,0.0,0.0,0.0
2024-05-21 14:30:00-04:00,72.58000183105469,72.59159851074219,72.58000183105469,72.59159851074219,667,0.0,0.0,0.0
2024-05-21 15:30:00-04:00,72.59159851074219,72.77999877929688,72.59159851074219,72.76000213623047,14731,0.0,0.0,0.0
2024-05-22 09:30:00-04:00,71.86000061035156,72.22000122070312,71.86000061035156,72.22000122070312,1615,0.0,0.0,0.0
2024-05-22 10:30:00-04:00,72.22000122070312,72.22000122070312,72.0,72.0,3301,0.0,0.0,0.0
2024-05-22 11:30:00-04:00,72.19999694824219,72.19999694824219,72.19999694824219,72.19999694824219,1080,0.0,0.0,0.0
2024-05-22 13:30:00-04:00,71.66999816894531,71.66999816894531,71.62999725341797,71.62999725341797,4336,0.0,0.0,0.0
2024-05-22 14:30:00-04:00,71.66999816894531,71.66999816894531,71.52999877929688,71.52999877929688,5985,0.0,0.0,0.0
2024-05-22 15:30:00-04:00,71.55500030517578,71.83000183105469,71.52999877929688,71.81999969482422,9525,0.0,0.0,0.0
2024-05-23 09:30:00-04:00,71.69999694824219,71.86060333251953,71.66999816894531,71.66999816894531,5204,0.0,0.0,0.0
2024-05-23 10:30:00-04:00,71.42050170898438,71.51000213623047,71.42050170898438,71.51000213623047,836,0.0,0.0,0.0
2024-05-23 11:30:00-04:00,71.3949966430664,71.3949966430664,71.3949966430664,71.3949966430664,2116,0.0,0.0,0.0
2024-05-23 15:30:00-04:00,71.09619903564453,71.09619903564453,71.09619903564453,71.09619903564453,870,0.0,0.0,0.0
2024-05-24 09:30:00-04:00,71.3499984741211,71.3499984741211,71.3499984741211,71.3499984741211,416,0.0,0.0,0.0
2024-05-24 10:30:00-04:00,71.70989990234375,71.70989990234375,71.70989990234375,71.70989990234375,641,0.0,0.0,0.0
2024-05-24 13:30:00-04:00,71.80000305175781,71.80000305175781,71.70929718017578,71.70929718017578,5692,0.0,0.0,0.0
2024-05-28 09:30:00-04:00,71.83000183105469,72.30329895019531,71.83000183105469,71.87590026855469,0,0.0,0.0,0.0
2024-05-28 10:30:00-04:00,71.87590026855469,71.91000366210938,71.83779907226562,71.91000366210938,3308,0.0,0.0,0.0
2024-05-28 11:30:00-04:00,72.11000061035156,72.11000061035156,72.07499694824219,72.0999984741211,725,0.0,0.0,0.0
2024-05-28 12:30:00-04:00,72.0999984741211,72.10160064697266,71.90519714355469,71.94000244140625,2649,0.0,0.0,0.0
2024-05-28 14:30:00-04:00,71.49400329589844,71.55030059814453,71.49400329589844,71.5,1469,0.0,0.0,0.0
2024-05-28 15:30:00-04:00,71.55030059814453,71.79000091552734,71.5,71.79000091552734,4563,0.0,0.0,0.0
2024-05-29 09:30:00-04:00,70.68000030517578,71.0,70.68000030517578,70.83000183105469,2359,0.0,0.0,0.0
2024-05-29 10:30:00-04:00,70.74500274658203,70.74500274658203,70.74500274658203,70.74500274658203,1504,0.0,0.0,0.0
2024-05-29 13:30:00-04:00,70.36080169677734,70.36080169677734,70.36080169677734,70.36080169677734,528,0.0,0.0,0.0
2024-05-29 14:30:00-04:00,70.28910064697266,70.30000305175781,70.28910064697266,70.30000305175781,435,0.0,0.0,0.0
2024-05-29 15:30:00-04:00,70.28910064697266,70.31500244140625,70.28910064697266,70.31310272216797,1036,0.0,0.0,0.0
2024-05-30 11:30:00-04:00,70.89510345458984,70.89510345458984,70.89510345458984,70.89510345458984,385,0.0,0.0,0.0
2024-05-30 13:30:00-04:00,71.01000213623047,71.01000213623047,71.01000213623047,71.01000213623047,475,0.0,0.0,0.0
2024-05-30 15:30:00-04:00,70.86000061035156,70.91000366210938,70.77999877929688,70.91000366210938,0,0.0,0.0,0.0
2024-05-31 09:30:00-04:00,71.20999908447266,71.20999908447266,70.79000091552734,70.79000091552734,2726,0.0,0.0,0.0
2024-05-31 10:30:00-04:00,70.57499694824219,70.57499694824219,70.5199966430664,70.5199966430664,5614,0.0,0.0,0.0
2024-05-31 11:30:00-04:00,70.4800033569336,70.4800033569336,70.408203125,70.408203125,604,0.0,0.0,0.0
2024-05-31 12:30:00-04:00,70.47209930419922,71.32039642333984,70.47000122070312,71.32039642333984,2325,0.0,0.0,0.0
2024-06-03 09:30:00-04:00,71.05999755859375,71.2699966430664,71.05999755859375,71.2699966430664,711,0.0,0.0,0.0
2024-06-03 13:30:00-04:00,70.64089965820312,70.64089965820312,70.64089965820312,70.64089965820312,510,0.0,0.0,0.0
2024-06-03 15:30:00-04:00,70.91000366210938,70.91000366210938,70.91000366210938,70.91000366210938,858,0.0,0.0,0.0
2024-06-04 09:30:00-04:00,70.0,70.0,69.19999694824219,69.19999694824219,1715,0.0,0.0,0.0
2024-06-04 10:30:00-04:00,69.02050018310547,69.02050018310547,69.02050018310547,69.02050018310547,475,0.0,0.0,0.0
2024-06-04 11:30:00-04:00,68.9000015258789,68.9000015258789,68.73999786376953,68.73999786376953,664,0.0,0.0,0.0
2024-06-04 12:30:00-04:00,68.77010345458984,68.77010345458984,68.6500015258789,68.74579620361328,5628,0.0,0.0,0.0
2024-06-04 13:30:00-04:00,68.61000061035156,68.61000061035156,68.61000061035156,68.61000061035156,655,0.0,0.0,0.0
2024-06-04 14:30:00-04:00,68.77999877929688,68.77999877929688,68.70999908447266,68.70999908447266,761,0.0,0.0,0.0
2024-06-05 09:30:00-04:00,68.44999694824219,68.7699966430664,68.44999694824219,68.7699966430664,7395,0.0,0.0,0.0
2024-06-05 11:30:00-04:00,68.80850219726562,68.80850219726562,68.80850219726562,68.80850219726562,103,0.0,0.0,0.0
2024-06-05 12:30:00-04:00,68.80850219726562,68.80850219726562,68.76300048828125,68.76300048828125,849,0.0,0.0,0.0
2024-06-05 13:30:00-04:00,68.74500274658203,68.74500274658203,68.74500274658203,68.74500274658203,710,0.0,0.0,0.0
2024-06-05 15:30:00-04:00,68.9000015258789,68.9000015258789,68.9000015258789,68.9000015258789,490,0.0,0.0,0.0
2024-06-06 09:30:00-04:00,68.73999786376953,69.2699966430664,68.73999786376953,69.2699966430664,3332,0.0,0.0,0.0
2024-06-06 11:30:00-04:00,69.40989685058594,69.41000366210938,69.2300033569336,69.2300033569336,3060,0.0,0.0,0.0
2024-06-06 12:30:00-04:00,69.40519714355469,69.40519714355469,69.12999725341797,69.12999725341797,3702,0.0,0.0,0.0
2024-06-06 13:30:00-04:00,69.16999816894531,69.16999816894531,69.16999816894531,69.16999816894531,402,0.0,0.0,0.0
2024-06-06 14:30:00-04:00,69.1968994140625,69.20999908447266,69.1968994140625,69.20999908447266,491,0.0,0.0,0.0
2024-06-06 15:30:00-04:00,69.20999908447266,69.20999908447266,69.16000366210938,69.16000366210938,2063,0.0,0.0,0.0
2024-06-07 09:30:00-04:00,68.05999755859375,68.6500015258789,68.05999755859375,68.6500015258789,565,0.0,0.0,0.0
2024-06-07 10:30:00-04:00,68.6500015258789,68.6500015258789,68.2300033569336,68.2300033569336,4283,0.0,0.0,0.0
2024-06-07 11:30:00-04:00,68.2300033569336,68.2300033569336,67.9000015258789,67.9000015258789,1916,0.0,0.0,0.0
2024-06-07 12:30:00-04:00,68.03510284423828,68.03510284423828,68.03510284423828,68.03510284423828,257,0.0,0.0,0.0
2024-06-07 13:30:00-04:00,68.03510284423828,68.05000305175781,67.8499984741211,67.8499984741211,2479,0.0,0.0,0.0
2024-06-07 14:30:00-04:00,67.8499984741211,68.02999877929688,67.8499984741211,67.96499633789062,78599,0.0,0.0,0.0
2024-06-07 15:30:00-04:00,67.96499633789062,67.96499633789062,67.83000183105469,67.83000183105469,4953,0.0,0.0,0.0
2024-06-10 09:30:00-04:00,67.4000015258789,67.61000061035156,67.0999984741211,67.55000305175781,15815,0.0,0.0,0.0
2024-06-10 10:30:00-04:00,67.37999725341797,67.37999725341797,67.37999725341797,67.37999725341797,211,0.0,0.0,0.0
2024-06-10 11:30:00-04:00,67.37999725341797,67.44000244140625,67.37999725341797,67.38999938964844,1040,0.0,0.0,0.0
2024-06-10 12:30:00-04:00,67.38999938964844,67.55000305175781,67.38999938964844,67.53309631347656,5359,0.0,0.0,0.0
2024-06-10 14:30:00-04:00,67.68009948730469,67.68009948730469,67.65499877929688,67.65499877929688,1660,0.0,0.0,0.0
2024-06-10 15:30:00-04:00,67.65499877929688,67.65499877929688,67.54000091552734,67.56999969482422,1886,0.0,0.0,0.0
2024-06-11 09:30:00-04:00,66.76000213623047,66.76000213623047,66.27999877929688,66.31400299072266,5624,0.0,0.0,0.0
2024-06-11 11:30:00-04:00,66.54000091552734,66.60260009765625,66.54000091552734,66.59110260009766,989,0.0,0.0,0.0
2024-06-11 12:30:00-04:00,66.66500091552734,66.71189880371094,66.52999877929688,66.52999877929688,963,0.0,0.0,0.0
2024-06-11 14:30:00-04:00,66.80709838867188,66.8550033569336,66.80709838867188,66.8550033569336,547,0.0,0.0,0.0
2024-06-11 15:30:00-04:00,66.93000030517578,66.93000030517578,66.93000030517578,66.93000030517578,641,0.0,0.0,0.0
2024-06-12 09:30:00-04:00,67.0199966430664,67.31999969482422,67.0199966430664,67.31999969482422,5031,0.0,0.0,0.0
2024-06-12 10:30:00-04:00,67.13999938964844,67.23780059814453,67.13999938964844,67.17369842529297,1077,0.0,0.0,0.0
2024-06-12 11:30:00-04:00,67.0896987915039,67.0896987915039,67.0896987915039,67.0896987915039,1427,0.0,0.0,0.0
2024-06-12 12:30:00-04:00,67.19000244140625,67.26000213623047,67.19000244140625,67.26000213623047,2499,0.0,0.0,0.0
2024-06-12 13:30:00-04:00,67.16999816894531,67.2300033569336,67.16999816894531,67.18000030517578,1051,0.0,0.0,0.0
2024-06-12 14:30:00-04:00,66.9990005493164,66.9990005493164,66.91500091552734,66.91500091552734,386,0.0,0.0,0.0
2024-06-12 15:30:00-04:00,66.54000091552734,66.54000091552734,66.54000091552734,66.54000091552734,105,0.0,0.0,0.0
2024-06-13 09:30:00-04:00,66.36000061035156,66.36000061035156,65.80000305175781,65.80000305175781,987,0.0,0.0,0.0
2024-06-13 10:30:00-04:00,66.12000274658203,66.12000274658203,65.73999786376953,65.79879760742188,2896,0.0,0.0,0.0
2024-06-13 11:30:00-04:00,65.76499938964844,65.94819641113281,65.76499938964844,65.92259979248047,1373,0.0,0.0,0.0
2024-06-13 12:30:00-04:00,65.9000015258789,66.11750030517578,65.9000015258789,66.08270263671875,2240,0.0,0.0,0.0
2024-06-13 13:30:00-04:00,66.10009765625,66.11750030517578,66.0199966430664,66.0199966430664,4022,0.0,0.0,0.0
2024-06-13 14:30:00-04:00,66.22000122070312,66.30000305175781,66.22000122070312,66.30000305175781,1016,0.0,0.0,0.0
2024-06-13 15:30:00-04:00,66.30999755859375,66.30999755859375,66.30999755859375,66.30999755859375,167,0.0,0.0,0.0
2024-06-14 09:30:00-04:00,65.30000305175781,65.55999755859375,65.0,65.0,1755,0.0,0.0,0.0
2024-06-14 10:30:00-04:00,65.10009765625,65.10009765625,64.78019714355469,64.87999725341797,5228,0.0,0.0,0.0
2024-06-14 12:30:00-04:00,65.33999633789062,65.53250122070312,65.33999633789062,65.47000122070312,3176,0.0,0.0,0.0
2024-06-14 14:30:00-04:00,65.31009674072266,65.37580108642578,65.31009674072266,65.33000183105469,838,0.0,0.0,0.0
2024-06-14 15:30:00-04:00,65.37580108642578,65.37580108642578,65.16000366210938,65.16000366210938,2196,0.0,0.0,0.0
2024-06-17 09:30:00-04:00,64.68000030517578,64.98999786376953,64.68000030517578,64.83319854736328,155,0.0,0.0,0.0
2024-06-17 10:30:00-04:00,64.80000305175781,64.83319854736328,64.71009826660156,64.79010009765625,5489,0.0,0.0,0.0
2024-06-17 11:30:00-04:00,64.79010009765625,64.79010009765625,64.7699966430664,64.7699966430664,987,0.0,0.0,0.0
2024-06-17 12:30:00-04:00,65.19999694824219,65.19999694824219,65.19999694824219,65.19999694824219,1092,0.0,0.0,0.0
2024-06-17 14:30:00-04:00,65.7699966430664,65.7699966430664,65.7699966430664,65.7699966430664,796,0.0,0.0,0.0
2024-06-17 15:30:00-04:00,65.86499786376953,65.86499786376953,65.80000305175781,65.86260223388672,2585,0.0,0.0,0.0
2024-06-18 10:30:00-04:00,65.79000091552734,65.82379913330078,65.68000030517578,65.82379913330078,699,0.0,0.0,0.0
2024-06-18 12:30:00-04:00,65.73999786376953,65.81999969482422,65.73999786376953,65.81999969482422,2808,0.0,0.0,0.0
2024-06-18 13:30:00-04:00,65.86000061035156,65.86650085449219,65.82099914550781,65.86650085449219,698,0.0,0.0,0.0
2024-06-18 14:30:00-04:00,65.95999908447266,66.00569915771484,65.87000274658203,65.87000274658203,1627,0.0,0.0,0.0
2024-06-18 15:30:00-04:00,65.81500244140625,65.86090087890625,65.80259704589844,65.86090087890625,446,0.0,0.0,0.0
2024-06-20 09:30:00-04:00,65.7699966430664,66.2500991821289,65.7699966430664,66.2500991821289,1850,0.0,0.0,0.0
2024-06-20 10:30:00-04:00,66.5999984741211,66.5999984741211,66.43399810791016,66.43399810791016,1388,0.0,0.0,0.0
2024-06-20 11:30:00-04:00,66.48999786376953,66.52220153808594,66.43399810791016,66.52220153808594,2020,0.0,0.0,0.0
2024-06-20 12:30:00-04:00,66.46019744873047,66.46019744873047,66.27999877929688,66.29000091552734,4252,0.0,0.0,0.0
2024-06-20 15:30:00-04:00,66.13999938964844,66.13999938964844,65.9800033569336,66.02999877929688,2579,0.0,0.0,0.0
2024-06-21 09:30:00-04:00,65.48999786376953,65.59400177001953,65.22509765625,65.55999755859375,1394,0.0,0.0,0.0
2024-06-21 10:30:00-04:00,65.59400177001953,65.5999984741211,65.55000305175781,65.58570098876953,2808,0.0,0.0,0.0
2024-06-21 11:30:00-04:00,65.53600311279297,65.53600311279297,65.53600311279297,65.53600311279297,1380,0.0,0.0,0.0
2024-06-21 12:30:00-04:00,65.57890319824219,65.5999984741211,65.57890319824219,65.5999984741211,892,0.0,0.0,0.0
2024-06-21 14:30:00-04:00,65.63140106201172,65.63140106201172,65.63140106201172,65.63140106201172,1912,0.0,0.0,0.0
2024-06-21 15:30:00-04:00,65.61000061035156,65.7699966430664,65.58999633789062,65.7699966430664,3456,0.0,0.0,0.0
2024-06-24 09:30:00-04:00,66.01000213623047,66.49849700927734,65.94499969482422,66.0199966430664,518,0.0,0.0,0.0
2024-06-24 10:30:00-04:00,66.16999816894531,66.16999816894531,66.04000091552734,66.04000091552734,778,0.0,0.0,0.0
2024-06-24 11:30:00-04:00,65.97000122070312,65.97000122070312,65.97000122070312,65.97000122070312,828,0.0,0.0,0.0
2024-06-24 14:30:00-04:00,66.05000305175781,66.15640258789062,66.05000305175781,66.15640258789062,1714,0.0,0.0,0.0
2024-06-24 15:30:00-04:00,66.12860107421875,66.15640258789062,66.0199966430664,66.0199966430664,1546,0.0,0.0,0.0
2024-06-25 09:30:00-04:00,65.9000015258789,65.9000015258789,65.22200012207031,65.22200012207031,0,0.0,0.0,0.0
2024-06-25 10:30:00-04:00,65.22200012207031,65.22200012207031,65.20999908447266,65.20999908447266,778,0.0,0.0,0.0
2024-06-25 11:30:00-04:00,65.0199966430664,65.0199966430664,65.0199966430664,65.0199966430664,652,0.0,0.0,0.0
2024-06-25 12:30:00-04:00,64.98870086669922,65.01000213623047,64.98870086669922,65.01000213623047,1540,0.0,0.0,0.0
2024-06-25 13:30:00-04:00,64.9749984741211,65.0,64.9749984741211,65.0,702,0.0,0.0,0.0
2024-06-25 15:30:00-04:00,65.09400177001953,65.26000213623047,65.09400177001953,65.26000213623047,4038,0.0,0.0,0.0
2024-06-26 09:30:00-04:00,64.80000305175781,65.26499938964844,64.80000305175781,65.19999694824219,5450,0.0,0.0,0.0
2024-06-26 10:30:00-04:00,65.26499938964844,65.41010284423828,65.19999694824219,65.41010284423828,866,0.0,0.0,0.0
2024-06-26 11:30:00-04:00,65.41010284423828,65.55130004882812,65.4000015258789,65.55000305175781,1485,0.0,0.0,0.0
2024-06-26 12:30:00-04:00,65.54000091552734,65.54000091552734,65.5199966430664,65.5199966430664,1130,0.0,0.0,0.0
2024-06-26 13:30:00-04:00,65.58000183105469,65.58000183105469,65.58000183105469,65.58000183105469,294,0.0,0.0,0.0
2024-06-26 14:30:00-04:00,65.58000183105469,65.58799743652344,65.48999786376953,65.58799743652344,1375,0.0,0.0,0.0
2024-06-26 15:30:00-04:00,65.51000213623047,65.93000030517578,65.48999786376953,65.92109680175781,4347,0.0,0.0,0.0
2024-06-27 09:30:00-04:00,65.75,65.75,65.63999938964844,65.63999938964844,851,0.0,0.0,0.0
2024-06-27 10:30:00-04:00,65.51000213623047,65.58000183105469,65.51000213623047,65.58000183105469,439,0.0,0.0,0.0
2024-06-27 11:30:00-04:00,65.51000213623047,65.66000366210938,65.51000213623047,65.63009643554688,2923,0.0,0.0,0.0
2024-06-27 12:30:00-04:00,65.77510070800781,65.77510070800781,65.77510070800781,65.77510070800781,351,0.0,0.0,0.0
2024-06-27 13:30:00-04:00,65.77510070800781,65.80999755859375,65.77510070800781,65.80999755859375,855,0.0,0.0,0.0
2024-06-27 14:30:00-04:00,65.80999755859375,65.80999755859375,65.80999755859375,65.80999755859375,169,0.0,0.0,0.0
2024-06-27 15:30:00-04:00,65.80999755859375,65.83999633789062,65.75,65.75,885,0.0,0.0,0.0
2024-06-28 09:30:00-04:00,66.18000030517578,66.6500015258789,66.18000030517578,66.5999984741211,1038,0.0,0.0,0.0
2024-06-28 10:30:00-04:00,66.96499633789062,66.97000122070312,66.96499633789062,66.97000122070312,2212,0.0,0.0,0.0
2024-06-28 15:30:00-04:00,66.4800033569336,66.62000274658203,66.45500183105469,66.62000274658203,3102,0.0,0.0,0.0
2024-07-01 09:30:00-04:00,67.29000091552734,67.4000015258789,66.84449768066406,66.8499984741211,0,0.0,0.0,0.0
2024-07-01 10:30:00-04:00,67.4000015258789,67.4000015258789,66.54000091552734,66.54000091552734,1262,0.0,0.0,0.0
2024-07-01 11:30:00-04:00,66.77770233154297,66.77770233154297,66.77770233154297,66.77770233154297,506,0.0,0.0,0.0
2024-07-01 13:30:00-04:00,66.97000122070312,66.97000122070312,66.92500305175781,66.94000244140625,2970,0.0,0.0,0.0
2024-07-01 14:30:00-04:00,66.5999984741211,66.62969970703125,66.5999984741211,66.62969970703125,732,0.0,0.0,0.0
2024-07-01 15:30:00-04:00,66.5999984741211,66.72989654541016,66.5999984741211,66.69139862060547,1207,0.0,0.0,0.0
2024-07-02 09:30:00-04:00,66.47000122070312,66.69999694824219,66.26609802246094,66.69999694824219,8400,0.0,0.0,0.0
2024-07-02 10:30:00-04:00,66.19999694824219,66.19999694824219,66.18000030517578,66.18000030517578,546,0.0,0.0,0.0
2024-07-02 12:30:00-04:00,66.30789947509766,66.30999755859375,66.30509948730469,66.30999755859375,870,0.0,0.0,0.0
2024-07-02 13:30:00-04:00,66.30509948730469,66.36000061035156,66.30509948730469,66.3499984741211,3704,0.0,0.0,0.0
2024-07-02 14:30:00-04:00,66.51000213623047,66.51000213623047,66.51000213623047,66.51000213623047,153,0.0,0.0,0.0
2024-07-02 15:30:00-04:00,66.51000213623047,66.76490020751953,66.51000213623047,66.69999694824219,3051,0.0,0.0,0.0
2024-07-03 09:30:00-04:00,66.95999908447266,68.09500122070312,66.95999908447266,68.02010345458984,14526,0.0,0.0,0.0
2024-07-03 10:30:00-04:00,68.06500244140625,68.1177978515625,67.94999694824219,67.94999694824219,13016,0.0,0.0,0.0
2024-07-03 11:30:00-04:00,67.94999694824219,68.04000091552734,67.9000015258789,68.04000091552734,2745,0.0,0.0,0.0
2024-07-03 12:30:00-04:00,68.04000091552734,68.04000091552734,68.0,68.0,418,0.0,0.0,0.0
2024-07-05 09:30:00-04:00,68.0199966430664,68.0199966430664,67.0199966430664,67.0199966430664,1695,0.0,0.0,0.0
2024-07-05 10:30:00-04:00,67.13069915771484,67.13069915771484,67.13069915771484,67.13069915771484,374,0.0,0.0,0.0
2024-07-05 11:30:00-04:00,67.13999938964844,67.20999908447266,67.13999938964844,67.20999908447266,491,0.0,0.0,0.0
2024-07-05 12:30:00-04:00,67.13999938964844,67.20999908447266,67.04000091552734,67.05999755859375,2357,0.0,0.0,0.0
2024-07-05 13:30:00-04:00,66.98999786376953,66.98999786376953,66.98999786376953,66.98999786376953,306,0.0,0.0,0.0
2024-07-05 14:30:00-04:00,67.1239013671875,67.1239013671875,67.08999633789062,67.08999633789062,502,0.0,0.0,0.0
2024-07-05 15:30:00-04:00,67.1239013671875,67.25,67.05999755859375,67.25,2980,0.0,0.0,0.0
2024-07-08 09:30:00-04:00,67.19000244140625,67.19000244140625,67.19000244140625,67.19000244140625,0,0.0,0.0,0.0
2024-07-08 11:30:00-04:00,66.97509765625,66.97779846191406,66.97509765625,66.97779846191406,433,0.0,0.0,0.0
2024-07-08 12:30:00-04:00,66.98280334472656,66.98280334472656,66.94999694824219,66.97000122070312,373,0.0,0.0,0.0
2024-07-08 13:30:00-04:00,66.9800033569336,66.9800033569336,66.9800033569336,66.9800033569336,207,0.0,0.0,0.0
2024-07-08 14:30:00-04:00,67.0,67.0,67.0,67.0,398,0.0,0.0,0.0
2024-07-08 15:30:00-04:00,67.02999877929688,67.06999969482422,67.02999877929688,67.0613021850586,302,0.0,0.0,0.0
2024-07-09 09:30:00-04:00,66.69999694824219,66.89569854736328,66.6719970703125,66.86000061035156,3491,0.0,0.0,0.0
2024-07-09 10:30:00-04:00,66.89569854736328,66.89569854736328,66.69999694824219,66.69999694824219,2116,0.0,0.0,0.0
2024-07-09 11:30:00-04:00,66.69999694824219,66.74259948730469,66.52999877929688,66.7406997680664,25776,0.0,0.0,0.0
2024-07-09 12:30:00-04:00,66.69000244140625,66.95999908447266,66.69000244140625,66.83499908447266,7979,0.0,0.0,0.0
2024-07-09 13:30:00-04:00,66.95999908447266,66.95999908447266,66.52169799804688,66.52169799804688,780,0.0,0.0,0.0
2024-07-10 09:30:00-04:00,66.94000244140625,66.94000244140625,66.73999786376953,66.73999786376953,683,0.0,0.0,0.0
2024-07-10 10:30:00-04:00,66.74359893798828,66.76000213623047,66.6500015258789,66.68000030517578,2940,0.0,0.0,0.0
2024-07-10 11:30:00-04:00,66.6500015258789,66.86000061035156,66.6500015258789,66.78209686279297,1179,0.0,0.0,0.0
2024-07-10 13:30:00-04:00,66.55000305175781,66.5979995727539,66.55000305175781,66.5979995727539,952,0.0,0.0,0.0
2024-07-10 14:30:00-04:00,66.68499755859375,66.73780059814453,66.68499755859375,66.73780059814453,1158,0.0,0.0,0.0
2024-07-10 15:30:00-04:00,66.68499755859375,66.94509887695312,66.68499755859375,66.91999816894531,4914,0.0,0.0,0.0
2024-07-11 09:30:00-04:00,67.02999877929688,67.98999786376953,67.02999877929688,67.86000061035156,1794,0.0,0.0,0.0
2024-07-11 10:30:00-04:00,67.98999786376953,68.2698974609375,67.86000061035156,68.2698974609375,2251,0.0,0.0,0.0
2024-07-11 11:30:00-04:00,68.2698974609375,68.2698974609375,67.96489715576172,67.96489715576172,2259,0.0,0.0,0.0
2024-07-11 12:30:00-04:00,68.30000305175781,68.30000305175781,68.30000305175781,68.30000305175781,916,0.0,0.0,0.0
2024-07-11 14:30:00-04:00,68.36180114746094,68.3727035522461,68.33000183105469,68.3727035522461,1424,0.0,0.0,0.0
2024-07-11 15:30:00-04:00,68.33000183105469,68.38999938964844,68.33000183105469,68.38999938964844,1112,0.0,0.0,0.0
2024-07-12 09:30:00-04:00,68.84030151367188,69.0,68.62000274658203,69.0,200,0.0,0.0,0.0
2024-07-12 10:30:00-04:00,69.0,69.29000091552734,68.93000030517578,69.25,2154,0.0,0.0,0.0
2024-07-12 11:30:00-04:00,69.01000213623047,69.08930206298828,69.01000213623047,69.08930206298828,363,0.0,0.0,0.0
2024-07-12 12:30:00-04:00,69.01000213623047,69.23999786376953,69.01000213623047,69.23999786376953,1795,0.0,0.0,0.0
2024-07-12 13:30:00-04:00,69.42500305175781,69.5,69.41079711914062,69.42060089111328,827,0.0,0.0,0.0
2024-07-12 14:30:00-04:00,69.42060089111328,69.45999908447266,69.1780014038086,69.1780014038086,8803,0.0,0.0,0.0
2024-07-15 09:30:00-04:00,69.5,70.0199966430664,69.5,69.98999786376953,714,0.0,0.0,0.0
2024-07-15 10:30:00-04:00,69.97000122070312,70.36509704589844,69.97000122070312,70.25550079345703,13609,0.0,0.0,0.0
2024-07-15 11:30:00-04:00,70.36509704589844,70.44000244140625,70.25550079345703,70.3499984741211,1338,0.0,0.0,0.0
2024-07-15 12:30:00-04:00,70.3499984741211,70.3499984741211,70.04000091552734,70.04149627685547,16416,0.0,0.0,0.0
2024-07-15 13:30:00-04:00,70.04000091552734,70.1500015258789,70.04000091552734,70.1500015258789,1153,0.0,0.0,0.0
2024-07-15 14:30:00-04:00,70.1500015258789,70.19999694824219,70.11190032958984,70.19999694824219,1668,0.0,0.0,0.0
2024-07-15 15:30:00-04:00,70.13999938964844,70.19999694824219,69.83439636230469,69.83439636230469,1279,0.0,0.0,0.0
2024-07-16 09:30:00-04:00,69.33999633789062,69.5999984741211,69.09539794921875,69.54499816894531,4328,0.0,0.0,0.0
2024-07-16 10:30:00-04:00,69.74500274658203,69.74500274658203,69.74500274658203,69.74500274658203,293,0.0,0.0,0.0
2024-07-16 11:30:00-04:00,69.96749877929688,69.96749877929688,69.96749877929688,69.96749877929688,197,0.0,0.0,0.0
2024-07-16 12:30:00-04:00,69.9739990234375,69.9739990234375,69.9739990234375,69.9739990234375,117,0.0,0.0,0.0
2024-07-16 13:30:00-04:00,70.19000244140625,70.19000244140625,70.19000244140625,70.19000244140625,555,0.0,0.0,0.0
2024-07-16 14:30:00-04:00,70.37000274658203,70.43000030517578,70.37000274658203,70.43000030517578,929,0.0,0.0,0.0
2024-07-16 15:30:00-04:00,70.41410064697266,70.41410064697266,70.36499786376953,70.36499786376953,1056,0.0,0.0,0.0
2024-07-17 10:30:00-04:00,69.91999816894531,69.94539642333984,69.9000015258789,69.9000015258789,1437,0.0,0.0,0.0
2024-07-17 12:30:00-04:00,69.63999938964844,69.70999908447266,69.6050033569336,69.6050033569336,2093,0.0,0.0,0.0
2024-07-17 13:30:00-04:00,69.67520141601562,69.7219009399414,69.53510284423828,69.53510284423828,0,0.0,0.0,0.0
2024-07-18 09:30:00-04:00,69.44999694824219,69.54000091552734,69.44999694824219,69.54000091552734,977,0.0,0.0,0.0
2024-07-18 10:30:00-04:00,69.55000305175781,69.61270141601562,69.55000305175781,69.61270141601562,1969,0.0,0.0,0.0
2024-07-18 11:30:00-04:00,69.55000305175781,69.61270141601562,69.01000213623047,69.01000213623047,2577,0.0,0.0,0.0
2024-07-18 12:30:00-04:00,69.01000213623047,69.19999694824219,69.01000213623047,69.19999694824219,816,0.0,0.0,0.0
2024-07-18 14:30:00-04:00,68.54000091552734,68.54000091552734,68.54000091552734,68.54000091552734,1630,0.0,0.0,0.0
2024-07-18 15:30:00-04:00,68.66000366210938,68.69999694824219,68.62999725341797,68.681396484375,1612,0.0,0.0,0.0
2024-07-19 09:30:00-04:00,68.9000015258789,68.9000015258789,68.53250122070312,68.53250122070312,816,0.0,0.0,0.0
2024-07-19 10:30:00-04:00,68.09320068359375,68.09320068359375,68.09320068359375,68.09320068359375,434,0.0,0.0,0.0
2024-07-19 11:30:00-04:00,68.26000213623047,68.26000213623047,68.26000213623047,68.26000213623047,356,0.0,0.0,0.0
2024-07-19 13:30:00-04:00,68.20850372314453,68.27999877929688,68.20850372314453,68.27799987792969,795,0.0,0.0,0.0
2024-07-19 14:30:00-04:00,68.27799987792969,68.29000091552734,68.2760009765625,68.29000091552734,789,0.0,0.0,0.0
2024-07-19 15:30:00-04:00,68.12999725341797,68.19000244140625,68.12999725341797,68.13099670410156,1602,0.0,0.0,0.0
2024-07-22 09:30:00-04:00,68.20999908447266,68.26100158691406,67.80999755859375,67.87999725341797,1056,0.0,0.0,0.0
2024-07-22 10:30:00-04:00,67.88999938964844,68.22000122070312,67.80999755859375,68.22000122070312,2855,0.0,0.0,0.0
2024-07-22 12:30:00-04:00,68.25,68.2531967163086,68.25,68.2531967163086,244,0.0,0.0,0.0
2024-07-22 13:30:00-04:00,68.25,68.33999633789062,68.25,68.33999633789062,616,0.0,0.0,0.0
2024-07-22 14:30:00-04:00,68.23999786376953,68.41000366210938,68.23999786376953,68.41000366210938,5991,0.0,0.0,0.0
2024-07-22 15:30:00-04:00,68.41000366210938,68.51799774169922,68.41000366210938,68.45999908447266,4274,0.0,0.0,0.0
2024-07-23 09:30:00-04:00,68.08999633789062,68.08999633789062,67.6500015258789,67.6500015258789,3899,0.0,0.0,0.0
2024-07-23 10:30:00-04:00,68.2699966430664,68.2699966430664,68.2699966430664,68.2699966430664,221,0.0,0.0,0.0
2024-07-23 11:30:00-04:00,68.02799987792969,68.12000274658203,67.9968032836914,68.06700134277344,1282,0.0,0.0,0.0
2024-07-23 12:30:00-04:00,68.17109680175781,68.17109680175781,68.17109680175781,68.17109680175781,283,0.0,0.0,0.0
2024-07-23 14:30:00-04:00,68.6050033569336,68.6050033569336,68.5238037109375,68.5238037109375,0,0.0,0.0,0.0
2024-07-24 09:30:00-04:00,68.22000122070312,68.6500015258789,68.22000122070312,68.6500015258789,1662,0.0,0.0,0.0
2024-07-24 12:30:00-04:00,67.75370025634766,67.8499984741211,67.74099731445312,67.8499984741211,1444,0.0,0.0,0.0
2024-07-24 15:30:00-04:00,67.10320281982422,67.12000274658203,67.05999755859375,67.08000183105469,1182,0.0,0.0,0.0
2024-07-25 09:30:00-04:00,67.33999633789062,68.29000091552734,67.33999633789062,68.29000091552734,4308,0.0,0.0,0.0
2024-07-25 10:30:00-04:00,68.38999938964844,68.81999969482422,68.38999938964844,68.66999816894531,1692,0.0,0.0,0.0
2024-07-25 13:30:00-04:00,69.5,69.5,69.37999725341797,69.37999725341797,566,0.0,0.0,0.0
2024-07-25 14:30:00-04:00,69.37999725341797,69.44270324707031,69.16999816894531,69.44270324707031,4800,0.0,0.0,0.0
2024-07-25 15:30:00-04:00,69.23999786376953,69.44270324707031,69.03739929199219,69.03739929199219,0,0.0,0.0,0.0
2024-07-26 09:30:00-04:00,69.05000305175781,69.45999908447266,69.05000305175781,69.45999908447266,1226,0.0,0.0,0.0
2024-07-26 10:30:00-04:00,69.45999908447266,69.45999908447266,69.0344009399414,69.23999786376953,2444,0.0,0.0,0.0
2024-07-26 11:30:00-04:00,69.54540252685547,69.54540252685547,69.54540252685547,69.54540252685547,566,0.0,0.0,0.0
2024-07-26 12:30:00-04:00,70.01699829101562,70.01699829101562,70.01699829101562,70.01699829101562,389,0.0,0.0,0.0
2024-07-26 13:30:00-04:00,70.01699829101562,70.18000030517578,70.01699829101562,70.13770294189453,1607,0.0,0.0,0.0
2024-07-26 14:30:00-04:00,70.0824966430664,70.15499877929688,70.02999877929688,70.12999725341797,1979,0.0,0.0,0.0
2024-07-26 15:30:00-04:00,70.14320373535156,70.15499877929688,69.94000244140625,69.97000122070312,2347,0.0,0.0,0.0
2024-07-29 09:30:00-04:00,69.75,69.84500122070312,69.75,69.84500122070312,409,0.0,0.0,0.0
2024-07-29 11:30:00-04:00,69.41999816894531,69.5,69.29010009765625,69.5,3410,0.0,0.0,0.0
2024-07-29 15:30:00-04:00,69.68000030517578,69.75,69.64929962158203,69.64929962158203,0,0.0,0.0,0.0
2024-07-30 09:30:00-04:00,69.20999908447266,69.35600280761719,69.20999908447266,69.35600280761719,509,0.0,0.0,0.0
2024-07-30 10:30:00-04:00,69.05999755859375,69.2699966430664,69.05999755859375,69.2699966430664,1205,0.0,0.0,0.0
2024-07-30 11:30:00-04:00,69.05999755859375,69.2699966430664,69.0199966430664,69.0199966430664,9269,0.0,0.0,0.0
2024-07-30 12:30:00-04:00,68.9800033569336,68.9800033569336,68.9800033569336,68.9800033569336,1298,0.0,0.0,0.0
2024-07-30 14:30:00-04:00,69.0999984741211,69.0999984741211,69.0999984741211,69.0999984741211,494,0.0,0.0,0.0
2024-07-30 15:30:00-04:00,69.125,69.18000030517578,69.125,69.18000030517578,0,0.0,0.0,0.0
2024-07-31 09:30:00-04:00,69.37999725341797,70.0,69.37999725341797,70.0,939,0.0,0.0,0.0
2024-07-31 10:30:00-04:00,69.81999969482422,69.83000183105469,69.81999969482422,69.81999969482422,986,0.0,0.0,0.0
2024-07-31 11:30:00-04:00,70.0,70.0,70.0,70.0,824,0.0,0.0,0.0
2024-07-31 12:30:00-04:00,70.30999755859375,70.38999938964844,70.2750015258789,70.2750015258789,3817,0.0,0.0,0.0
2024-07-31 13:30:00-04:00,70.30999755859375,70.38999938964844,70.09100341796875,70.09100341796875,4554,0.0,0.0,0.0
2024-07-31 14:30:00-04:00,70.33999633789062,71.0,70.09100341796875,71.0,1429,0.0,0.0,0.0
2024-07-31 15:30:00-04:00,71.0,71.0,70.12000274658203,70.12000274658203,2832,0.0,0.0,0.0
2024-08-01 09:30:00-04:00,69.76000213623047,69.76000213623047,68.93000030517578,68.93000030517578,1454,0.0,0.0,0.0
2024-08-01 10:30:00-04:00,69.04000091552734,69.05000305175781,67.95999908447266,68.02989959716797,5594,0.0,0.0,0.0
2024-08-01 11:30:00-04:00,68.26000213623047,68.26000213623047,67.68000030517578,67.8499984741211,833,0.0,0.0,0.0
2024-08-01 12:30:00-04:00,67.8499984741211,67.8499984741211,67.51000213623047,67.51000213623047,5659,0.0,0.0,0.0
2024-08-01 13:30:00-04:00,67.2699966430664,67.2699966430664,67.2699966430664,67.2699966430664,2650,0.0,0.0,0.0
2024-08-01 15:30:00-04:00,67.44999694824219,67.52999877929688,67.44999694824219,67.52999877929688,822,0.0,0.0,0.0
2024-08-02 09:30:00-04:00,66.2300033569336,66.2300033569336,65.54499816894531,65.54499816894531,10324,0.0,0.0,0.0
2024-08-02 10:30:00-04:00,65.23999786376953,65.23999786376953,65.0999984741211,65.0999984741211,598,0.0,0.0,0.0
2024-08-02 11:30:00-04:00,65.23999786376953,65.41000366210938,65.0999984741211,65.27999877929688,2396,0.0,0.0,0.0
2024-08-02 14:30:00-04:00,65.54000091552734,65.54000091552734,65.54000091552734,65.54000091552734,243,0.0,0.0,0.0
2024-08-02 15:30:00-04:00,65.54000091552734,65.54000091552734,65.4000015258789,65.4000015258789,653,0.0,0.0,0.0
2024-08-05 09:30:00-04:00,62.470001220703125,63.415000915527344,62.119998931884766,63.415000915527344,4779,0.0,0.0,0.0
2024-08-05 10:30:00-04:00,63.41999816894531,63.75,63.40999984741211,63.75,2418,0.0,0.0,0.0
2024-08-05 11:30:00-04:00,63.869998931884766,64.43000030517578,63.869998931884766,64.43000030517578,546,0.0,0.0,0.0
2024-08-05 12:30:00-04:00,64.55000305175781,64.55000305175781,64.26000213623047,64.26000213623047,436,0.0,0.0,0.0
2024-08-05 13:30:00-04:00,64.04000091552734,64.04000091552734,64.04000091552734,64.04000091552734,207,0.0,0.0,0.0
2024-08-05 14:30:00-04:00,64.05999755859375,64.05999755859375,63.939998626708984,63.939998626708984,1213,0.0,0.0,0.0
2024-08-05 15:30:00-04:00,64.05000305175781,64.08999633789062,63.9900016784668,64.08999633789062,10495,0.0,0.0,0.0
2024-08-06 09:30:00-04:00,64.54499816894531,64.63999938964844,64.51000213623047,64.61000061035156,3083,0.0,0.0,0.0
2024-08-06 10:30:00-04:00,64.51000213623047,64.80690002441406,64.51000213623047,64.74500274658203,940,0.0,0.0,0.0
2024-08-06 11:30:00-04:00,64.69599914550781,64.69599914550781,64.69599914550781,64.69599914550781,336,0.0,0.0,0.0
2024-08-06 12:30:00-04:00,65.04000091552734,65.04000091552734,64.98999786376953,64.98999786376953,971,0.0,0.0,0.0
2024-08-06 14:30:00-04:00,64.99009704589844,64.99009704589844,64.99009704589844,64.99009704589844,222,0.0,0.0,0.0
2024-08-06 15:30:00-04:00,65.07499694824219,65.07499694824219,64.62999725341797,64.64009857177734,4719,0.0,0.0,0.0
2024-08-07 09:30:00-04:00,65.68000030517578,65.86000061035156,65.68000030517578,65.86000061035156,6495,0.0,0.0,0.0
2024-08-07 11:30:00-04:00,65.0,65.0,65.0,65.0,101,0.0,0.0,0.0
2024-08-07 12:30:00-04:00,65.0,65.0,64.41999816894531,64.41999816894531,1329,0.0,0.0,0.0
2024-08-07 14:30:00-04:00,64.16590118408203,64.36000061035156,64.16590118408203,64.36000061035156,858,0.0,0.0,0.0
2024-08-07 15:30:00-04:00,64.36000061035156,64.45999908447266,64.0822982788086,64.0822982788086,0,0.0,0.0,0.0
2024-08-08 09:30:00-04:00,64.62999725341797,64.7300033569336,64.5199966430664,64.7300033569336,2914,0.0,0.0,0.0
2024-08-08 10:30:00-04:00,64.90010070800781,64.90010070800781,64.90010070800781,64.90010070800781,3655,0.0,0.0,0.0
2024-08-08 11:30:00-04:00,64.90010070800781,64.9468002319336,64.90010070800781,64.9468002319336,4535,0.0,0.0,0.0
2024-08-08 12:30:00-04:00,64.94999694824219,65.01000213623047,64.85009765625,65.01000213623047,2804,0.0,0.0,0.0
2024-08-08 13:30:00-04:00,65.25,65.25,65.25,65.25,100,0.0,0.0,0.0
2024-08-08 14:30:00-04:00,65.25,65.25,65.11009979248047,65.11009979248047,478,0.0,0.0,0.0
2024-08-08 15:30:00-04:00,64.95790100097656,64.95790100097656,64.95790100097656,64.95790100097656,0,0.0,0.0,0.0
2024-08-09 09:30:00-04:00,65.08000183105469,65.12000274658203,64.66999816894531,64.83999633789062,14892,0.0,0.0,0.0
2024-08-09 10:30:00-04:00,65.0999984741211,65.0999984741211,65.0999984741211,65.0999984741211,238,0.0,0.0,0.0
2024-08-09 13:30:00-04:00,65.33999633789062,65.33999633789062,65.29000091552734,65.30999755859375,11416,0.0,0.0,0.0
2024-08-09 14:30:00-04:00,65.05999755859375,65.05999755859375,65.05999755859375,65.05999755859375,686,0.0,0.0,0.0
2024-08-09 15:30:00-04:00,65.05999755859375,65.06999969482422,65.02999877929688,65.02999877929688,2650,0.0,0.0,0.0
2024-08-12 09:30:00-04:00,64.98999786376953,65.2300033569336,64.8499984741211,64.8499984741211,1091,0.0,0.0,0.0
2024-08-12 10:30:00-04:00,64.86000061035156,64.86000061035156,64.69000244140625,64.69000244140625,688,0.0,0.0,0.0
2024-08-12 11:30:00-04:00,64.72000122070312,64.72000122070312,64.70999908447266,64.72000122070312,4910,0.0,0.0,0.0
2024-08-12 13:30:00-04:00,64.61000061035156,64.63999938964844,64.55000305175781,64.62000274658203,5288,0.0,0.0,0.0
2024-08-12 14:30:00-04:00,64.62000274658203,64.62000274658203,64.62000274658203,64.62000274658203,749,0.0,0.0,0.0
2024-08-12 15:30:00-04:00,64.62000274658203,64.62000274658203,64.37000274658203,64.44999694824219,1901,0.0,0.0,0.0
2024-08-13 09:30:00-04:00,64.45999908447266,64.77999877929688,64.29000091552734,64.29000091552734,943,0.0,0.0,0.0
2024-08-13 10:30:00-04:00,64.5,64.62000274658203,64.29000091552734,64.62000274658203,1100,0.0,0.0,0.0
2024-08-13 11:30:00-04:00,64.62000274658203,64.80999755859375,64.62000274658203,64.80999755859375,14119,0.0,0.0,0.0
2024-08-13 13:30:00-04:00,65.31749725341797,65.32649993896484,65.30000305175781,65.30000305175781,2594,0.0,0.0,0.0
2024-08-13 15:30:00-04:00,65.44999694824219,65.44999694824219,65.4000015258789,65.40630340576172,858,0.0,0.0,0.0
2024-08-14 09:30:00-04:00,65.47000122070312,65.47000122070312,64.55999755859375,64.55999755859375,0,0.0,0.0,0.0
2024-08-14 10:30:00-04:00,64.55999755859375,64.55999755859375,64.30999755859375,64.3125991821289,1399,0.0,0.0,0.0
2024-08-14 11:30:00-04:00,64.3125991821289,64.63500213623047,64.3125991821289,64.63500213623047,1540,0.0,0.0,0.0
2024-08-14 12:30:00-04:00,64.44000244140625,64.44000244140625,64.44000244140625,64.44000244140625,208,0.0,0.0,0.0
2024-08-14 14:30:00-04:00,64.6416015625,64.76499938964844,64.6416015625,64.7300033569336,2250,0.0,0.0,0.0
2024-08-15 09:30:00-04:00,64.98999786376953,65.44000244140625,64.98999786376953,65.36509704589844,5288,0.0,0.0,0.0
2024-08-15 10:30:00-04:00,65.43000030517578,65.45999908447266,65.43000030517578,65.45999908447266,220,0.0,0.0,0.0
2024-08-15 11:30:00-04:00,65.79000091552734,65.79000091552734,65.79000091552734,65.79000091552734,213,0.0,0.0,0.0
2024-08-15 12:30:00-04:00,65.89990234375,65.89990234375,65.83170318603516,65.83170318603516,590,0.0,0.0,0.0
2024-08-15 15:30:00-04:00,65.5062026977539,65.5062026977539,65.25,65.31999969482422,2605,0.0,0.0,0.0
2024-08-16 09:30:00-04:00,65.27999877929688,65.4000015258789,65.17120361328125,65.30000305175781,1524,0.0,0.0,0.0
2024-08-16 10:30:00-04:00,65.30000305175781,65.30000305175781,65.17289733886719,65.17289733886719,2506,0.0,0.0,0.0
2024-08-16 12:30:00-04:00,65.3499984741211,65.3499984741211,65.3499984741211,65.3499984741211,472,0.0,0.0,0.0
2024-08-16 15:30:00-04:00,65.33999633789062,65.34510040283203,65.33999633789062,65.34510040283203,1008,0.0,0.0,0.0
2024-08-19 09:30:00-04:00,65.47000122070312,66.0,65.47000122070312,66.0,1290,0.0,0.0,0.0
2024-08-19 11:30:00-04:00,66.2500991821289,66.2500991821289,66.2500991821289,66.2500991821289,635,0.0,0.0,0.0
2024-08-19 14:30:00-04:00,65.91000366210938,65.94319915771484,65.87000274658203,65.87000274658203,680,0.0,0.0,0.0
2024-08-19 15:30:00-04:00,65.79000091552734,65.79000091552734,65.69999694824219,65.70999908447266,1747,0.0,0.0,0.0
2024-08-20 09:30:00-04:00,65.68000030517578,65.68000030517578,65.16000366210938,65.16000366210938,1961,0.0,0.0,0.0
2024-08-20 10:30:00-04:00,65.44000244140625,65.44000244140625,64.91999816894531,64.91999816894531,2167,0.0,0.0,0.0
2024-08-20 11:30:00-04:00,64.95999908447266,64.95999908447266,64.8499984741211,64.8499984741211,4131,0.0,0.0,0.0
2024-08-20 12:30:00-04:00,64.95999908447266,64.95999908447266,64.76000213623047,64.76000213623047,9179,0.0,0.0,0.0
2024-08-20 13:30:00-04:00,64.86509704589844,64.95279693603516,64.72000122070312,64.95279693603516,4855,0.0,0.0,0.0
2024-08-20 14:30:00-04:00,64.84010314941406,64.95279693603516,64.84010314941406,64.93499755859375,1157,0.0,0.0,0.0
2024-08-20 15:30:00-04:00,64.9000015258789,64.9000015258789,64.9000015258789,64.9000015258789,330,0.0,0.0,0.0
2024-08-21 09:30:00-04:00,65.45999908447266,66.0199966430664,65.45999908447266,65.93000030517578,848,0.0,0.0,0.0
2024-08-21 10:30:00-04:00,66.0199966430664,66.16000366210938,65.93000030517578,66.0199966430664,2080,0.0,0.0,0.0
2024-08-21 12:30:00-04:00,66.01000213623047,66.01000213623047,66.01000213623047,66.01000213623047,610,0.0,0.0,0.0
2024-08-21 13:30:00-04:00,66.1885986328125,66.33000183105469,66.1885986328125,66.33000183105469,804,0.0,0.0,0.0
2024-08-21 14:30:00-04:00,66.1885986328125,66.44000244140625,66.1885986328125,66.44000244140625,1835,0.0,0.0,0.0
2024-08-21 15:30:00-04:00,66.44000244140625,66.47000122070312,66.38999938964844,66.46959686279297,3635,0.0,0.0,0.0
2024-08-22 09:30:00-04:00,66.3499984741211,66.3499984741211,65.75,65.76000213623047,1060,0.0,0.0,0.0
2024-08-22 11:30:00-04:00,65.68499755859375,65.68499755859375,65.58999633789062,65.62319946289062,1796,0.0,0.0,0.0
2024-08-22 12:30:00-04:00,65.58000183105469,65.58000183105469,65.58000183105469,65.58000183105469,288,0.0,0.0,0.0
2024-08-22 13:30:00-04:00,65.44509887695312,65.44509887695312,65.41999816894531,65.41999816894531,966,0.0,0.0,0.0
2024-08-22 14:30:00-04:00,65.44509887695312,65.66999816894531,65.41999816894531,65.58000183105469,8011,0.0,0.0,0.0
2024-08-22 15:30:00-04:00,65.62999725341797,65.69999694824219,65.55000305175781,65.69999694824219,13997,0.0,0.0,0.0
2024-08-23 09:30:00-04:00,65.69999694824219,66.3499984741211,65.69999694824219,66.3499984741211,910,0.0,0.0,0.0
2024-08-23 10:30:00-04:00,66.3499984741211,66.6500015258789,66.3499984741211,66.6500015258789,1043,0.0,0.0,0.0
2024-08-23 11:30:00-04:00,66.43499755859375,66.43499755859375,66.43499755859375,66.43499755859375,151,0.0,0.0,0.0
2024-08-23 12:30:00-04:00,66.43499755859375,66.52739715576172,66.43499755859375,66.52739715576172,563,0.0,0.0,0.0
2024-08-23 15:30:00-04:00,66.71990203857422,66.71990203857422,66.67980194091797,66.67980194091797,2032,0.0,0.0,0.0
2024-08-26 09:30:00-04:00,67.0199966430664,67.48999786376953,67.0199966430664,67.48999786376953,5253,0.0,0.0,0.0
2024-08-26 10:30:00-04:00,67.3949966430664,67.5199966430664,67.1094970703125,67.11000061035156,13356,0.0,0.0,0.0
2024-08-26 11:30:00-04:00,67.37370300292969,67.37370300292969,67.0199966430664,67.14009857177734,4943,0.0,0.0,0.0
2024-08-26 12:30:00-04:00,67.14009857177734,67.61000061035156,67.14009857177734,67.61000061035156,1321,0.0,0.0,0.0
2024-08-26 13:30:00-04:00,67.55000305175781,67.61000061035156,67.24009704589844,67.3062973022461,2155,0.0,0.0,0.0
2024-08-26 15:30:00-04:00,67.19000244140625,67.20999908447266,67.07060241699219,67.07060241699219,636,0.0,0.0,0.0
2024-08-27 09:30:00-04:00,66.91999816894531,67.18000030517578,66.91999816894531,67.18000030517578,1394,0.0,0.0,0.0
2024-08-27 11:30:00-04:00,66.97000122070312,67.07009887695312,66.97000122070312,67.07009887695312,3302,0.0,0.0,0.0
2024-08-27 12:30:00-04:00,67.17040252685547,67.18000030517578,67.17040252685547,67.18000030517578,1432,0.0,0.0,0.0
2024-08-27 15:30:00-04:00,67.2301025390625,67.24669647216797,67.2301025390625,67.24669647216797,402,0.0,0.0,0.0
2024-08-28 09:30:00-04:00,66.66000366210938,66.66000366210938,66.19999694824219,66.40499877929688,2350,0.0,0.0,0.0
2024-08-28 12:30:00-04:00,66.0999984741211,66.0999984741211,66.0,66.0,2852,0.0,0.0,0.0
2024-08-28 14:30:00-04:00,65.94000244140625,65.9800033569336,65.94000244140625,65.9800033569336,1123,0.0,0.0,0.0
2024-08-28 15:30:00-04:00,65.94000244140625,66.09249877929688,65.94000244140625,66.0385971069336,2781,0.0,0.0,0.0
2024-08-29 10:30:00-04:00,66.58999633789062,66.58999633789062,66.58999633789062,66.58999633789062,501,0.0,0.0,0.0
2024-08-29 12:30:00-04:00,67.02999877929688,67.02999877929688,66.91999816894531,66.91999816894531,969,0.0,0.0,0.0
2024-08-29 13:30:00-04:00,67.05999755859375,67.05999755859375,67.05999755859375,67.05999755859375,630,0.0,0.0,0.0
2024-08-29 14:30:00-04:00,66.66999816894531,66.95999908447266,66.66999816894531,66.95999908447266,1416,0.0,0.0,0.0
2024-08-29 15:30:00-04:00,66.95999908447266,66.95999908447266,66.62300109863281,66.62300109863281,235,0.0,0.0,0.0
2024-08-30 09:30:00-04:00,66.33999633789062,66.66999816894531,66.33999633789062,66.66999816894531,184,0.0,0.0,0.0
2024-08-30 10:30:00-04:00,66.66000366210938,66.66999816894531,66.51000213623047,66.51000213623047,2153,0.0,0.0,0.0
2024-08-30 12:30:00-04:00,66.05000305175781,66.1500015258789,66.05000305175781,66.1500015258789,2573,0.0,0.0,0.0
2024-08-30 13:30:00-04:00,66.1500015258789,66.16000366210938,66.11000061035156,66.16000366210938,2009,0.0,0.0,0.0
2024-08-30 14:30:00-04:00,66.3010025024414,66.36000061035156,66.3010025024414,66.36000061035156,2324,0.0,0.0,0.0
2024-09-03 09:30:00-04:00,65.5,65.55000305175781,64.33999633789062,64.43000030517578,5901,0.0,0.0,0.0
2024-09-03 10:30:00-04:00,64.30000305175781,64.30000305175781,63.904998779296875,64.0199966430664,2716,0.0,0.0,0.0
2024-09-03 11:30:00-04:00,63.95000076293945,64.0,63.77000045776367,63.790000915527344,2818,0.0,0.0,0.0
2024-09-03 12:30:00-04:00,63.72999954223633,63.72999954223633,63.54949951171875,63.578399658203125,3021,0.0,0.0,0.0
2024-09-03 13:30:00-04:00,63.83000183105469,63.83000183105469,63.83000183105469,63.83000183105469,544,0.0,0.0,0.0
2024-09-03 14:30:00-04:00,63.529998779296875,63.625,63.47999954223633,63.47999954223633,1744,0.0,0.0,0.0
2024-09-03 15:30:00-04:00,63.43000030517578,63.43000030517578,63.29999923706055,63.29999923706055,9638,0.0,0.0,0.0
2024-09-04 09:30:00-04:00,63.22999954223633,63.59000015258789,63.22999954223633,63.59000015258789,1023,0.0,0.0,0.0
2024-09-04 10:30:00-04:00,63.59000015258789,64.0,63.59000015258789,63.790000915527344,1482,0.0,0.0,0.0
2024-09-04 11:30:00-04:00,63.790000915527344,63.790000915527344,63.70000076293945,63.75,1109,0.0,0.0,0.0
2024-09-04 12:30:00-04:00,63.689998626708984,63.77000045776367,63.689998626708984,63.77000045776367,561,0.0,0.0,0.0
2024-09-04 13:30:00-04:00,63.689998626708984,63.77000045776367,62.790000915527344,62.790000915527344,3887,0.0,0.0,0.0
2024-09-04 14:30:00-04:00,62.79999923706055,62.79999923706055,62.79999923706055,62.79999923706055,195,0.0,0.0,0.0
2024-09-04 15:30:00-04:00,62.79999923706055,62.84000015258789,62.79999923706055,62.80030059814453,327,0.0,0.0,0.0
2024-09-05 09:30:00-04:00,62.94049835205078,63.130001068115234,62.93000030517578,63.130001068115234,1093,0.0,0.0,0.0
2024-09-05 10:30:00-04:00,62.90999984741211,62.90999984741211,62.79999923706055,62.79999923706055,334,0.0,0.0,0.0
2024-09-05 11:30:00-04:00,62.65999984741211,62.65999984741211,62.529998779296875,62.529998779296875,480,0.0,0.0,0.0
2024-09-05 12:30:00-04:00,62.7318000793457,62.784000396728516,62.7318000793457,62.784000396728516,2106,0.0,0.0,0.0
2024-09-05 14:30:00-04:00,62.88999938964844,62.91999816894531,62.88999938964844,62.91999816894531,772,0.0,0.0,0.0
2024-09-05 15:30:00-04:00,62.68000030517578,62.7400016784668,62.66999816894531,62.66999816894531,0,0.0,0.0,0.0
2024-09-06 09:30:00-04:00,62.720001220703125,62.720001220703125,62.52000045776367,62.52000045776367,1009,0.0,0.0,0.0
2024-09-06 10:30:00-04:00,62.18000030517578,62.31999969482422,61.77000045776367,61.9109001159668,3245,0.0,0.0,0.0
2024-09-06 11:30:00-04:00,61.72999954223633,61.73030090332031,61.65999984741211,61.65999984741211,3572,0.0,0.0,0.0
2024-09-06 14:30:00-04:00,61.90999984741211,61.959999084472656,61.90999984741211,61.959999084472656,499,0.0,0.0,0.0
2024-09-06 15:30:00-04:00,61.97999954223633,62.029998779296875,61.97999954223633,62.02939987182617,253,0.0,0.0,0.0
2024-09-09 09:30:00-04:00,62.5,62.90999984741211,62.5,62.90999984741211,1745,0.0,0.0,0.0
2024-09-09 10:30:00-04:00,62.56999969482422,62.90999984741211,62.56999969482422,62.66999816894531,2574,0.0,0.0,0.0
2024-09-09 12:30:00-04:00,62.959999084472656,62.959999084472656,62.95000076293945,62.959999084472656,771,0.0,0.0,0.0
2024-09-09 13:30:00-04:00,62.959999084472656,62.959999084472656,62.8567008972168,62.8567008972168,1939,0.0,0.0,0.0
2024-09-09 14:30:00-04:00,62.65999984741211,62.70000076293945,62.6510009765625,62.70000076293945,988,0.0,0.0,0.0
2024-09-09 15:30:00-04:00,62.72990036010742,62.72990036010742,62.43000030517578,62.43000030517578,5522,0.0,0.0,0.0
2024-09-10 09:30:00-04:00,62.150001525878906,62.150001525878906,61.400001525878906,61.400001525878906,1461,0.0,0.0,0.0
2024-09-10 13:30:00-04:00,61.25,61.36000061035156,61.13999938964844,61.36000061035156,1522,0.0,0.0,0.0
2024-09-10 14:30:00-04:00,61.400001525878906,61.42369842529297,61.400001525878906,61.400001525878906,712,0.0,0.0,0.0
2024-09-10 15:30:00-04:00,61.400001525878906,61.55440139770508,61.38999938964844,61.55440139770508,1813,0.0,0.0,0.0
2024-09-11 09:30:00-04:00,61.709999084472656,61.709999084472656,60.95000076293945,60.95000076293945,604,0.0,0.0,0.0
2024-09-11 10:30:00-04:00,61.25,61.25,60.79999923706055,60.880001068115234,0,0.0,0.0,0.0
2024-09-11 12:30:00-04:00,61.459999084472656,61.6254997253418,61.45000076293945,61.6254997253418,5159,0.0,0.0,0.0
2024-09-11 13:30:00-04:00,61.724998474121094,61.724998474121094,61.724998474121094,61.724998474121094,11492,0.0,0.0,0.0
2024-09-11 15:30:00-04:00,62.380001068115234,62.44879913330078,62.330299377441406,62.44879913330078,5812,0.0,0.0,0.0
2024-09-12 09:30:00-04:00,62.970001220703125,63.31999969482422,62.970001220703125,63.04999923706055,0,0.0,0.0,0.0
2024-09-12 10:30:00-04:00,63.5,63.529998779296875,63.459999084472656,63.459999084472656,3179,0.0,0.0,0.0
2024-09-12 11:30:00-04:00,63.5,63.529998779296875,63.459999084472656,63.52989959716797,4235,0.0,0.0,0.0
2024-09-12 12:30:00-04:00,63.45000076293945,63.45000076293945,63.44499969482422,63.44499969482422,1610,0.0,0.0,0.0
2024-09-12 13:30:00-04:00,63.45000076293945,63.75,63.44499969482422,63.75,1852,0.0,0.0,0.0
2024-09-12 14:30:00-04:00,63.494998931884766,63.494998931884766,63.494998931884766,63.494998931884766,592,0.0,0.0,0.0
2024-09-13 09:30:00-04:00,64.62000274658203,64.90499877929688,64.58280181884766,64.5999984741211,2643,0.0,0.0,0.0
2024-09-13 10:30:00-04:00,65.25,65.25,65.09500122070312,65.09500122070312,816,0.0,0.0,0.0
2024-09-13 11:30:00-04:00,65.27999877929688,65.27999877929688,65.27999877929688,65.27999877929688,618,0.0,0.0,0.0
2024-09-13 12:30:00-04:00,65.26000213623047,65.26000213623047,65.26000213623047,65.26000213623047,1384,0.0,0.0,0.0
2024-09-13 13:30:00-04:00,64.97000122070312,64.98139953613281,64.91000366210938,64.93009948730469,3571,0.0,0.0,0.0
2024-09-13 14:30:00-04:00,64.9468002319336,64.96199798583984,64.80999755859375,64.91000366210938,6777,0.0,0.0,0.0
2024-09-13 15:30:00-04:00,65.0,65.01000213623047,64.93000030517578,64.99009704589844,0,0.0,0.0,0.0
2024-09-16 09:30:00-04:00,65.1500015258789,65.51000213623047,65.1500015258789,65.30000305175781,2327,0.0,0.0,0.0
2024-09-16 10:30:00-04:00,65.16000366210938,65.16000366210938,64.88369750976562,64.88369750976562,775,0.0,0.0,0.0
2024-09-16 11:30:00-04:00,64.84500122070312,64.84500122070312,64.84500122070312,64.84500122070312,406,0.0,0.0,0.0
2024-09-16 12:30:00-04:00,65.0,65.0199966430664,65.0,65.0,1305,0.0,0.0,0.0
2024-09-16 13:30:00-04:00,65.12000274658203,65.12000274658203,65.12000274658203,65.12000274658203,432,0.0,0.0,0.0
2024-09-16 14:30:00-04:00,65.05999755859375,65.05999755859375,65.02269744873047,65.02269744873047,730,0.0,0.0,0.0
2024-09-16 15:30:00-04:00,65.11000061035156,65.11000061035156,65.08000183105469,65.08000183105469,0,0.0,0.0,0.0
2024-09-17 09:30:00-04:00,65.54000091552734,65.81999969482422,65.4800033569336,65.81999969482422,3426,0.0,0.0,0.0
2024-09-17 10:30:00-04:00,65.7699966430664,65.81999969482422,65.62999725341797,65.62999725341797,3118,0.0,0.0,0.0
2024-09-17 12:30:00-04:00,65.16999816894531,65.20999908447266,65.16999816894531,65.20999908447266,432,0.0,0.0,0.0
2024-09-17 13:30:00-04:00,65.30740356445312,65.31999969482422,65.30740356445312,65.31999969482422,1208,0.0,0.0,0.0
2024-09-17 15:30:00-04:00,65.3677978515625,65.50289916992188,65.3677978515625,65.50289916992188,0,0.0,0.0,0.0
2024-09-18 11:30:00-04:00,65.57990264892578,65.57990264892578,65.53500366210938,65.53500366210938,651,0.0,0.0,0.0
2024-09-18 12:30:00-04:00,65.58999633789062,65.58999633789062,65.58999633789062,65.58999633789062,130,0.0,0.0,0.0
2024-09-18 13:30:00-04:00,66.0,66.76000213623047,66.0,66.66999816894531,12955,0.0,0.0,0.0
2024-09-18 14:30:00-04:00,66.80999755859375,66.93000030517578,65.81999969482422,66.05000305175781,9694,0.0,0.0,0.0
2024-09-18 15:30:00-04:00,66.09500122070312,66.18000030517578,65.55999755859375,65.5707015991211,0,0.0,0.0,0.0
2024-09-19 09:30:00-04:00,67.25,67.66000366210938,67.1449966430664,67.25990295410156,4084,0.0,0.0,0.0
2024-09-19 10:30:00-04:00,67.41000366210938,67.6500015258789,67.33000183105469,67.6500015258789,5745,0.0,0.0,0.0
2024-09-19 11:30:00-04:00,67.57990264892578,67.75,67.5647964477539,67.69999694824219,2787,0.0,0.0,0.0
2024-09-19 12:30:00-04:00,67.6897964477539,67.8053970336914,67.66999816894531,67.77999877929688,2668,0.0,0.0,0.0
2024-09-19 13:30:00-04:00,67.68000030517578,67.68000030517578,67.62000274658203,67.62999725341797,681,0.0,0.0,0.0
2024-09-19 15:30:00-04:00,67.77999877929688,67.95999908447266,67.77999877929688,67.94000244140625,1174,0.0,0.0,0.0
2024-09-20 09:30:00-04:00,67.4000015258789,67.4000015258789,66.93409729003906,66.93409729003906,4762,0.0,0.0,0.0
2024-09-20 10:30:00-04:00,66.93409729003906,66.9800033569336,66.63999938964844,66.6500015258789,1746,0.0,0.0,0.0
2024-09-20 11:30:00-04:00,66.63999938964844,66.87999725341797,66.63999938964844,66.87999725341797,2550,0.0,0.0,0.0
2024-09-20 12:30:00-04:00,66.84500122070312,66.84500122070312,66.75003051757812,66.75003051757812,712,0.0,0.0,0.0
2024-09-20 13:30:00-04:00,66.84500122070312,66.84500122070312,66.44999694824219,66.44999694824219,3084,0.0,0.0,0.0
2024-09-20 14:30:00-04:00,66.4312973022461,66.6500015258789,66.4312973022461,66.6500015258789,740,0.0,0.0,0.0
2024-09-20 15:30:00-04:00,66.4312973022461,66.69000244140625,66.4312973022461,66.58000183105469,4388,0.0,0.0,0.0
2024-09-23 09:30:00-04:00,66.38999938964844,66.87000274658203,66.38999938964844,66.80999755859375,1164,0.0,0.0,0.0
2024-09-23 10:30:00-04:00,66.80000305175781,66.80999755859375,66.69999694824219,66.69999694824219,1265,0.0,0.0,0.0
2024-09-23 12:30:00-04:00,66.57730102539062,66.57730102539062,66.57730102539062,66.57730102539062,500,0.0,0.0,0.0
2024-09-23 14:30:00-04:00,66.71790313720703,66.79000091552734,66.71790313720703,66.79000091552734,592,0.0,0.0,0.0
2024-09-23 15:30:00-04:00,66.79000091552734,66.94000244140625,66.79000091552734,66.94000244140625,5800,0.0,0.0,0.0
2024-09-24 09:30:00-04:00,68.56999969482422,69.5199966430664,68.56999969482422,69.43000030517578,2402,0.0,0.0,0.0
2024-09-24 10:30:00-04:00,69.43000030517578,69.43000030517578,69.30000305175781,69.30000305175781,1915,0.0,0.0,0.0
2024-09-24 11:30:00-04:00,69.23989868164062,69.29000091552734,69.23989868164062,69.23999786376953,1306,0.0,0.0,0.0
2024-09-24 12:30:00-04:00,69.29000091552734,69.37650299072266,69.23999786376953,69.29000091552734,3242,0.0,0.0,0.0
2024-09-24 13:30:00-04:00,69.29000091552734,69.29000091552734,69.20999908447266,69.25,3182,0.0,0.0,0.0
2024-09-24 14:30:00-04:00,69.31999969482422,69.31999969482422,69.31999969482422,69.31999969482422,110,0.0,0.0,0.0
2024-09-24 15:30:00-04:00,69.31999969482422,69.33000183105469,69.15450286865234,69.15450286865234,5770,0.0,0.0,0.0
2024-09-25 09:30:00-04:00,69.63999938964844,69.63999938964844,68.62999725341797,68.77999877929688,1223,0.0,0.0,0.0
2024-09-25 10:30:00-04:00,68.8499984741211,68.8499984741211,68.8499984741211,68.8499984741211,498,0.0,0.0,0.0
2024-09-25 11:30:00-04:00,68.75,68.77999877929688,68.75,68.77999877929688,1664,0.0,0.0,0.0
2024-09-25 13:30:00-04:00,68.62539672851562,68.62539672851562,68.62539672851562,68.62539672851562,285,0.0,0.0,0.0
2024-09-25 14:30:00-04:00,68.62539672851562,68.6884994506836,68.62539672851562,68.6884994506836,575,0.0,0.0,0.0
2024-09-25 15:30:00-04:00,68.54340362548828,68.67569732666016,68.54340362548828,68.67569732666016,558,0.0,0.0,0.0
2024-09-26 09:30:00-04:00,70.0,70.79000091552734,70.0,70.27999877929688,2992,0.0,0.0,0.0
2024-09-26 10:30:00-04:00,70.27999877929688,70.4000015258789,70.27999877929688,70.4000015258789,982,0.0,0.0,0.0
2024-09-26 11:30:00-04:00,70.55000305175781,70.55000305175781,70.4175033569336,70.51000213623047,487,0.0,0.0,0.0
2024-09-26 12:30:00-04:00,70.55000305175781,70.55000305175781,70.12999725341797,70.12999725341797,3431,0.0,0.0,0.0
2024-09-26 13:30:00-04:00,70.44000244140625,70.44000244140625,70.4020004272461,70.41000366210938,555,0.0,0.0,0.0
2024-09-26 14:30:00-04:00,70.44000244140625,70.5999984741211,70.4020004272461,70.43170166015625,1324,0.0,0.0,0.0
2024-09-26 15:30:00-04:00,70.47000122070312,70.47000122070312,70.19000244140625,70.19000244140625,3295,0.0,0.0,0.0
2024-09-27 09:30:00-04:00,70.94000244140625,71.33999633789062,70.94000244140625,71.25479888916016,1337,0.0,0.0,0.0
2024-09-27 10:30:00-04:00,71.33999633789062,71.54000091552734,71.24099731445312,71.54000091552734,3845,0.0,0.0,0.0
2024-09-27 11:30:00-04:00,71.25499725341797,71.25499725341797,71.25499725341797,71.25499725341797,189,0.0,0.0,0.0
2024-09-27 12:30:00-04:00,71.25499725341797,71.25499725341797,70.9563980102539,70.9563980102539,2973,0.0,0.0,0.0
2024-09-27 13:30:00-04:00,70.70999908447266,70.70999908447266,70.70999908447266,70.70999908447266,203,0.0,0.0,0.0
2024-09-27 14:30:00-04:00,70.70999908447266,70.75260162353516,70.6239013671875,70.6239013671875,2224,0.0,0.0,0.0
2024-09-27 15:30:00-04:00,70.6239013671875,70.69999694824219,70.6239013671875,70.6500015258789,3263,0.0,0.0,0.0
2024-09-30 09:30:00-04:00,70.79000091552734,70.79000091552734,70.64119720458984,70.64119720458984,1166,0.0,0.0,0.0
2024-09-30 10:30:00-04:00,70.66999816894531,70.73999786376953,70.66999816894531,70.73999786376953,1144,0.0,0.0,0.0
2024-09-30 12:30:00-04:00,70.44000244140625,70.44000244140625,70.44000244140625,70.44000244140625,614,0.0,0.0,0.0
2024-09-30 14:30:00-04:00,70.25,70.25,70.25,70.25,134,0.0,0.0,0.0
2024-09-30 15:30:00-04:00,70.25,70.43620300292969,70.25,70.41999816894531,2312,0.0,0.0,0.0
2024-10-01 09:30:00-04:00,70.22000122070312,70.30000305175781,70.22000122070312,70.25569915771484,336,0.0,0.0,0.0
2024-10-01 10:30:00-04:00,70.30000305175781,70.30000305175781,70.0979995727539,70.0979995727539,1803,0.0,0.0,0.0
2024-10-01 11:30:00-04:00,70.57769775390625,70.57769775390625,70.57769775390625,70.57769775390625,1036,0.0,0.0,0.0
2024-10-01 12:30:00-04:00,70.38999938964844,70.38999938964844,70.38999938964844,70.38999938964844,460,0.0,0.0,0.0
2024-10-01 13:30:00-04:00,70.7249984741211,70.80000305175781,70.7249984741211,70.80000305175781,1564,0.0,0.0,0.0
2024-10-01 15:30:00-04:00,70.6500015258789,70.6500015258789,70.58999633789062,70.6218032836914,614,0.0,0.0,0.0
2024-10-02 09:30:00-04:00,70.55999755859375,71.30999755859375,70.55999755859375,71.30999755859375,1294,0.0,0.0,0.0
2024-10-02 10:30:00-04:00,71.09020233154297,71.09020233154297,71.09020233154297,71.09020233154297,185,0.0,0.0,0.0
2024-10-02 11:30:00-04:00,71.03199768066406,71.2051010131836,71.03199768066406,71.2051010131836,788,0.0,0.0,0.0
2024-10-02 12:30:00-04:00,70.94499969482422,70.94499969482422,70.83000183105469,70.83000183105469,2216,0.0,0.0,0.0
2024-10-02 13:30:00-04:00,70.68000030517578,70.68000030517578,70.26570129394531,70.26570129394531,678,0.0,0.0,0.0
2024-10-03 09:30:00-04:00,69.23999786376953,69.77999877929688,69.0999984741211,69.46040344238281,403,0.0,0.0,0.0
2024-10-03 10:30:00-04:00,69.77999877929688,69.77999877929688,69.35479736328125,69.35479736328125,1495,0.0,0.0,0.0
2024-10-03 11:30:00-04:00,69.35479736328125,69.5719985961914,69.35479736328125,69.52999877929688,1734,0.0,0.0,0.0
2024-10-03 13:30:00-04:00,69.11399841308594,69.40299987792969,69.11399841308594,69.40299987792969,3426,0.0,0.0,0.0
2024-10-03 15:30:00-04:00,69.2323989868164,69.2323989868164,69.0999984741211,69.22000122070312,2046,0.0,0.0,0.0
2024-10-04 09:30:00-04:00,69.73999786376953,70.05999755859375,69.73999786376953,69.80999755859375,1236,0.0,0.0,0.0
2024-10-04 10:30:00-04:00,69.73999786376953,69.73999786376953,69.54000091552734,69.54000091552734,527,0.0,0.0,0.0
2024-10-04 11:30:00-04:00,69.73999786376953,69.92890167236328,69.54000091552734,69.92890167236328,2463,0.0,0.0,0.0
2024-10-04 12:30:00-04:00,69.8949966430664,69.94999694824219,69.8949966430664,69.94999694824219,1348,0.0,0.0,0.0
2024-10-04 13:30:00-04:00,69.94999694824219,69.94999694824219,69.83000183105469,69.83000183105469,800,0.0,0.0,0.0
2024-10-04 14:30:00-04:00,69.66000366210938,69.66000366210938,69.66000366210938,69.66000366210938,636,0.0,0.0,0.0
2024-10-04 15:30:00-04:00,69.62999725341797,69.76000213623047,69.62999725341797,69.76000213623047,1056,0.0,0.0,0.0
2024-10-07 09:30:00-04:00,69.76000213623047,70.0999984741211,69.76000213623047,70.02999877929688,628,0.0,0.0,0.0
2024-10-07 12:30:00-04:00,70.02999877929688,70.10769653320312,70.018798828125,70.10769653320312,0,0.0,0.0,0.0
2024-10-07 13:30:00-04:00,69.94999694824219,69.96749877929688,69.90010070800781,69.96749877929688,5046,0.0,0.0,0.0
2024-10-07 14:30:00-04:00,69.90010070800781,69.96749877929688,69.693603515625,69.9000015258789,2546,0.0,0.0,0.0
2024-10-07 15:30:00-04:00,69.8499984741211,70.08000183105469,69.8499984741211,70.06999969482422,2642,0.0,0.0,0.0
2024-10-08 09:30:00-04:00,69.0,69.0,68.0,68.05999755859375,2580,0.0,0.0,0.0
2024-10-08 10:30:00-04:00,67.8499984741211,68.10900115966797,67.8499984741211,68.01000213623047,1075,0.0,0.0,0.0
2024-10-08 11:30:00-04:00,68.01000213623047,68.17459869384766,67.9800033569336,68.17459869384766,1244,0.0,0.0,0.0
2024-10-08 12:30:00-04:00,68.20210266113281,68.22000122070312,68.12000274658203,68.12000274658203,1678,0.0,0.0,0.0
2024-10-08 13:30:00-04:00,68.23280334472656,68.33000183105469,68.23280334472656,68.33000183105469,547,0.0,0.0,0.0
2024-10-08 14:30:00-04:00,68.45919799804688,68.45919799804688,68.41999816894531,68.41999816894531,484,0.0,0.0,0.0
2024-10-08 15:30:00-04:00,68.41999816894531,68.5,68.41999816894531,68.4800033569336,0,0.0,0.0,0.0
2024-10-09 09:30:00-04:00,68.18000030517578,68.18000030517578,67.94000244140625,68.05999755859375,1738,0.0,0.0,0.0
2024-10-09 10:30:00-04:00,68.04000091552734,68.04000091552734,68.04000091552734,68.04000091552734,333,0.0,0.0,0.0
2024-10-09 11:30:00-04:00,68.59329986572266,68.6500015258789,68.58999633789062,68.61000061035156,1063,0.0,0.0,0.0
2024-10-09 13:30:00-04:00,68.42009735107422,68.43000030517578,68.41000366210938,68.41000366210938,1838,0.0,0.0,0.0
2024-10-09 15:30:00-04:00,68.54000091552734,68.61000061035156,68.48999786376953,68.60310363769531,1383,0.0,0.0,0.0
2024-10-10 09:30:00-04:00,67.83000183105469,68.41000366210938,67.83000183105469,68.41000366210938,807,0.0,0.0,0.0
2024-10-10 10:30:00-04:00,68.37000274658203,68.41000366210938,68.31999969482422,68.31999969482422,1556,0.0,0.0,0.0
2024-10-10 15:30:00-04:00,68.5,68.62000274658203,68.5,68.61689758300781,2195,0.0,0.0,0.0
2024-10-11 09:30:00-04:00,68.11000061035156,68.62999725341797,68.11000061035156,68.62999725341797,745,0.0,0.0,0.0
2024-10-11 10:30:00-04:00,68.62999725341797,69.04000091552734,68.62999725341797,69.04000091552734,3711,0.0,0.0,0.0
2024-10-11 11:30:00-04:00,69.04000091552734,69.04000091552734,68.88249969482422,68.91999816894531,4757,0.0,0.0,0.0
2024-10-11 12:30:00-04:00,68.88249969482422,68.91999816894531,68.87000274658203,68.9000015258789,3727,0.0,0.0,0.0
2024-10-11 13:30:00-04:00,68.9000015258789,68.97000122070312,68.87999725341797,68.97000122070312,2267,0.0,0.0,0.0
2024-10-11 15:30:00-04:00,69.05000305175781,69.05010223388672,68.97000122070312,69.04979705810547,2106,0.0,0.0,0.0
