Datetime,Open,High,Low,Close,Volume,Dividends,Stock Splits
2022-09-22 09:00:00+09:00,16250.0,16350.0,16150.0,16250.0,0,0.0,0.0
2022-09-22 10:00:00+09:00,16250.0,16350.0,16000.0,16050.0,146275,0.0,0.0
2022-09-22 11:00:00+09:00,16000.0,16250.0,16000.0,16250.0,54359,0.0,0.0
2022-09-22 12:00:00+09:00,16250.0,16350.0,16150.0,16350.0,43376,0.0,0.0
2022-09-22 13:00:00+09:00,16350.0,16650.0,16300.0,16650.0,127437,0.0,0.0
2022-09-22 14:00:00+09:00,16650.0,16750.0,16550.0,16600.0,137577,0.0,0.0
2022-09-23 09:00:00+09:00,16550.0,16550.0,15700.0,15700.0,0,0.0,0.0
2022-09-23 10:00:00+09:00,15700.0,15900.0,15600.0,15850.0,229690,0.0,0.0
2022-09-23 11:00:00+09:00,15850.0,15950.0,15700.0,15750.0,117968,0.0,0.0
2022-09-23 12:00:00+09:00,15750.0,16050.0,15700.0,16000.0,135246,0.0,0.0
2022-09-23 13:00:00+09:00,16050.0,16050.0,15550.0,15600.0,173849,0.0,0.0
2022-09-23 14:00:00+09:00,15600.0,15650.0,15400.0,15450.0,338501,0.0,0.0
2022-09-26 09:00:00+09:00,15350.0,15550.0,15200.0,15200.0,0,0.0,0.0
2022-09-26 10:00:00+09:00,15200.0,15300.0,15100.0,15150.0,121786,0.0,0.0
2022-09-26 11:00:00+09:00,15150.0,15250.0,15150.0,15200.0,32298,0.0,0.0
2022-09-26 12:00:00+09:00,15200.0,15250.0,15100.0,15200.0,66921,0.0,0.0
2022-09-26 13:00:00+09:00,15200.0,15200.0,14950.0,14950.0,129502,0.0,0.0
2022-09-26 14:00:00+09:00,14950.0,15150.0,14900.0,14950.0,145737,0.0,0.0
2022-09-27 09:00:00+09:00,15300.0,16000.0,15200.0,15900.0,0,0.0,0.0
2022-09-27 10:00:00+09:00,15900.0,16250.0,15900.0,16050.0,396556,0.0,0.0
2022-09-27 11:00:00+09:00,16050.0,16150.0,16000.0,16000.0,110922,0.0,0.0
2022-09-27 12:00:00+09:00,16000.0,16150.0,15950.0,16100.0,168162,0.0,0.0
2022-09-27 13:00:00+09:00,16050.0,16150.0,16000.0,16050.0,179937,0.0,0.0
2022-09-27 14:00:00+09:00,16050.0,16050.0,15850.0,16000.0,274897,0.0,0.0
2022-09-28 09:00:00+09:00,16200.0,16450.0,16000.0,16100.0,0,0.0,0.0
2022-09-28 10:00:00+09:00,16050.0,16150.0,15750.0,15850.0,156195,0.0,0.0
2022-09-28 11:00:00+09:00,15850.0,15950.0,15700.0,15750.0,108062,0.0,0.0
2022-09-28 12:00:00+09:00,15750.0,15900.0,15700.0,15800.0,111469,0.0,0.0
2022-09-28 13:00:00+09:00,15800.0,15900.0,15700.0,15750.0,98279,0.0,0.0
2022-09-28 14:00:00+09:00,15800.0,16000.0,15650.0,15950.0,143044,0.0,0.0
2022-09-29 09:00:00+09:00,15950.0,16100.0,15600.0,15600.0,0,0.0,0.0
2022-09-29 10:00:00+09:00,15650.0,15850.0,15550.0,15800.0,108208,0.0,0.0
2022-09-29 11:00:00+09:00,15800.0,16000.0,15700.0,15950.0,86255,0.0,0.0
2022-09-29 12:00:00+09:00,15900.0,16050.0,15850.0,15900.0,86223,0.0,0.0
2022-09-29 13:00:00+09:00,15950.0,15950.0,15850.0,15850.0,67499,0.0,0.0
2022-09-29 14:00:00+09:00,15850.0,15900.0,15700.0,15700.0,93263,0.0,0.0
2022-09-30 09:00:00+09:00,15550.0,15800.0,15350.0,15450.0,0,0.0,0.0
2022-09-30 10:00:00+09:00,15450.0,15500.0,15250.0,15300.0,124542,0.0,0.0
2022-09-30 11:00:00+09:00,15300.0,15450.0,15200.0,15450.0,111578,0.0,0.0
2022-09-30 12:00:00+09:00,15400.0,15550.0,15300.0,15300.0,49748,0.0,0.0
2022-09-30 13:00:00+09:00,15300.0,15450.0,15200.0,15450.0,81688,0.0,0.0
2022-09-30 14:00:00+09:00,15450.0,15550.0,15350.0,15400.0,58965,0.0,0.0
2022-10-04 09:00:00+09:00,15500.0,15700.0,15450.0,15550.0,0,0.0,0.0
2022-10-04 10:00:00+09:00,15500.0,15700.0,15500.0,15550.0,42291,0.0,0.0
2022-10-04 11:00:00+09:00,15600.0,15650.0,15500.0,15600.0,37526,0.0,0.0
2022-10-04 12:00:00+09:00,15600.0,15900.0,15500.0,15850.0,77600,0.0,0.0
2022-10-04 13:00:00+09:00,15850.0,15950.0,15750.0,15900.0,61708,0.0,0.0
2022-10-04 14:00:00+09:00,15900.0,15950.0,15850.0,15900.0,73212,0.0,0.0
2022-10-05 09:00:00+09:00,16150.0,16200.0,15700.0,15700.0,0,0.0,0.0
2022-10-05 10:00:00+09:00,15700.0,15750.0,15450.0,15500.0,103182,0.0,0.0
2022-10-05 11:00:00+09:00,15450.0,15650.0,15400.0,15400.0,110977,0.0,0.0
2022-10-05 12:00:00+09:00,15400.0,15550.0,15350.0,15400.0,96667,0.0,0.0
2022-10-05 13:00:00+09:00,15400.0,15700.0,15350.0,15650.0,88422,0.0,0.0
2022-10-05 14:00:00+09:00,15600.0,15800.0,15550.0,15700.0,70274,0.0,0.0
2022-10-06 09:00:00+09:00,15700.0,15750.0,15400.0,15450.0,0,0.0,0.0
2022-10-06 10:00:00+09:00,15450.0,15500.0,15300.0,15350.0,98748,0.0,0.0
2022-10-06 11:00:00+09:00,15350.0,15400.0,15200.0,15250.0,103595,0.0,0.0
2022-10-06 12:00:00+09:00,15250.0,15350.0,15200.0,15250.0,65307,0.0,0.0
2022-10-06 13:00:00+09:00,15200.0,15300.0,15200.0,15250.0,111305,0.0,0.0
2022-10-06 14:00:00+09:00,15250.0,15600.0,15250.0,15450.0,174870,0.0,0.0
2022-10-07 09:00:00+09:00,15700.0,16050.0,15550.0,15950.0,0,0.0,0.0
2022-10-07 10:00:00+09:00,15950.0,16050.0,15750.0,16050.0,116703,0.0,0.0
2022-10-07 11:00:00+09:00,16050.0,16250.0,15950.0,16250.0,181049,0.0,0.0
2022-10-07 12:00:00+09:00,16250.0,16300.0,16050.0,16250.0,97530,0.0,0.0
2022-10-07 13:00:00+09:00,16250.0,16300.0,16050.0,16100.0,112835,0.0,0.0
2022-10-07 14:00:00+09:00,16150.0,16200.0,16050.0,16200.0,102447,0.0,0.0
2022-10-11 09:00:00+09:00,15950.0,16100.0,15500.0,15500.0,0,0.0,0.0
2022-10-11 10:00:00+09:00,15550.0,15600.0,15250.0,15250.0,204656,0.0,0.0
2022-10-11 11:00:00+09:00,15250.0,15300.0,15100.0,15200.0,113684,0.0,0.0
2022-10-11 12:00:00+09:00,15200.0,15250.0,15050.0,15100.0,97634,0.0,0.0
2022-10-11 13:00:00+09:00,15150.0,15150.0,14900.0,15000.0,158384,0.0,0.0
2022-10-11 14:00:00+09:00,15000.0,15100.0,14850.0,14950.0,189727,0.0,0.0
2022-10-12 09:00:00+09:00,15050.0,15100.0,14850.0,15000.0,0,0.0,0.0
2022-10-12 10:00:00+09:00,15050.0,15150.0,14800.0,14850.0,96624,0.0,0.0
2022-10-12 11:00:00+09:00,14800.0,14850.0,14800.0,14800.0,25377,0.0,0.0
2022-10-12 12:00:00+09:00,14800.0,14900.0,14800.0,14850.0,39380,0.0,0.0
2022-10-12 13:00:00+09:00,14800.0,14950.0,14800.0,14900.0,35311,0.0,0.0
2022-10-12 14:00:00+09:00,14900.0,14950.0,14700.0,14800.0,179476,0.0,0.0
2022-10-13 09:00:00+09:00,14850.0,14950.0,14600.0,14650.0,0,0.0,0.0
2022-10-13 10:00:00+09:00,14650.0,14750.0,14500.0,14550.0,58575,0.0,0.0
2022-10-13 11:00:00+09:00,14600.0,14600.0,14350.0,14450.0,58990,0.0,0.0
2022-10-13 12:00:00+09:00,14450.0,14600.0,14300.0,14550.0,91476,0.0,0.0
2022-10-13 13:00:00+09:00,14550.0,14650.0,14500.0,14550.0,65418,0.0,0.0
2022-10-13 14:00:00+09:00,14550.0,14600.0,14250.0,14350.0,266705,0.0,0.0
2022-10-14 09:00:00+09:00,14700.0,14700.0,14450.0,14500.0,0,0.0,0.0
2022-10-14 10:00:00+09:00,14450.0,14850.0,14450.0,14800.0,99242,0.0,0.0
2022-10-14 11:00:00+09:00,14750.0,14800.0,14600.0,14600.0,36763,0.0,0.0
2022-10-14 12:00:00+09:00,14600.0,14900.0,14600.0,14850.0,55059,0.0,0.0
2022-10-14 13:00:00+09:00,14850.0,15000.0,14800.0,15000.0,82848,0.0,0.0
2022-10-14 14:00:00+09:00,14950.0,15000.0,14750.0,14900.0,92145,0.0,0.0
2022-10-17 09:00:00+09:00,14550.0,14600.0,14400.0,14450.0,0,0.0,0.0
2022-10-17 10:00:00+09:00,14450.0,14550.0,14400.0,14550.0,43023,0.0,0.0
2022-10-17 11:00:00+09:00,14500.0,14650.0,14450.0,14600.0,48240,0.0,0.0
2022-10-17 12:00:00+09:00,14600.0,14650.0,14550.0,14600.0,32882,0.0,0.0
2022-10-17 13:00:00+09:00,14600.0,14600.0,14500.0,14550.0,36775,0.0,0.0
2022-10-17 14:00:00+09:00,14550.0,14750.0,14500.0,14750.0,58712,0.0,0.0
2022-10-18 09:00:00+09:00,14850.0,15200.0,14800.0,15150.0,0,0.0,0.0
2022-10-18 10:00:00+09:00,15150.0,15250.0,15050.0,15150.0,142172,0.0,0.0
2022-10-18 11:00:00+09:00,15150.0,15150.0,15000.0,15150.0,84245,0.0,0.0
2022-10-18 12:00:00+09:00,15150.0,15250.0,15100.0,15250.0,74981,0.0,0.0
2022-10-18 13:00:00+09:00,15250.0,15350.0,15200.0,15350.0,87222,0.0,0.0
2022-10-18 14:00:00+09:00,15350.0,15500.0,15250.0,15500.0,126973,0.0,0.0
2022-10-19 09:00:00+09:00,15500.0,15550.0,15300.0,15450.0,0,0.0,0.0
2022-10-19 10:00:00+09:00,15450.0,15550.0,15400.0,15500.0,43913,0.0,0.0
2022-10-19 11:00:00+09:00,15500.0,15500.0,15250.0,15300.0,62463,0.0,0.0
2022-10-19 12:00:00+09:00,15300.0,15400.0,15250.0,15250.0,51549,0.0,0.0
2022-10-19 13:00:00+09:00,15300.0,15350.0,15150.0,15200.0,56368,0.0,0.0
2022-10-19 14:00:00+09:00,15200.0,15250.0,15050.0,15100.0,72426,0.0,0.0
2022-10-20 09:00:00+09:00,15050.0,15200.0,14700.0,14750.0,0,0.0,0.0
2022-10-20 10:00:00+09:00,14750.0,14850.0,14700.0,14750.0,34300,0.0,0.0
2022-10-20 11:00:00+09:00,14750.0,14750.0,14650.0,14750.0,44803,0.0,0.0
2022-10-20 12:00:00+09:00,14700.0,14750.0,14600.0,14650.0,25102,0.0,0.0
2022-10-20 13:00:00+09:00,14600.0,14850.0,14550.0,14700.0,79493,0.0,0.0
2022-10-20 14:00:00+09:00,14750.0,14900.0,14700.0,14850.0,58994,0.0,0.0
2022-10-21 09:00:00+09:00,14850.0,14950.0,14700.0,14850.0,0,0.0,0.0
2022-10-21 10:00:00+09:00,14850.0,14850.0,14600.0,14650.0,36261,0.0,0.0
2022-10-21 11:00:00+09:00,14600.0,14700.0,14600.0,14650.0,13263,0.0,0.0
2022-10-21 12:00:00+09:00,14650.0,14800.0,14550.0,14550.0,40499,0.0,0.0
2022-10-21 13:00:00+09:00,14550.0,14850.0,14550.0,14750.0,76887,0.0,0.0
2022-10-21 14:00:00+09:00,14750.0,14850.0,14650.0,14750.0,65921,0.0,0.0
2022-10-24 09:00:00+09:00,14950.0,15000.0,14750.0,14800.0,0,0.0,0.0
2022-10-24 10:00:00+09:00,14850.0,14850.0,14650.0,14650.0,80081,0.0,0.0
2022-10-24 11:00:00+09:00,14700.0,14700.0,14550.0,14550.0,44123,0.0,0.0
2022-10-24 12:00:00+09:00,14600.0,14600.0,14400.0,14550.0,91209,0.0,0.0
2022-10-24 13:00:00+09:00,14500.0,14550.0,14350.0,14450.0,65007,0.0,0.0
2022-10-24 14:00:00+09:00,14400.0,14450.0,14350.0,14350.0,88392,0.0,0.0
2022-10-25 09:00:00+09:00,14350.0,14400.0,13950.0,14050.0,0,0.0,0.0
2022-10-25 10:00:00+09:00,14050.0,14100.0,13750.0,13850.0,252584,0.0,0.0
2022-10-25 11:00:00+09:00,13850.0,13900.0,13750.0,13800.0,99376,0.0,0.0
2022-10-25 12:00:00+09:00,13800.0,14000.0,13800.0,13900.0,52910,0.0,0.0
2022-10-25 13:00:00+09:00,13900.0,14050.0,13900.0,13900.0,53229,0.0,0.0
2022-10-25 14:00:00+09:00,13900.0,14000.0,13850.0,13900.0,92150,0.0,0.0
2022-10-26 09:00:00+09:00,13900.0,13950.0,13600.0,13700.0,0,0.0,0.0
2022-10-26 10:00:00+09:00,13700.0,13750.0,13600.0,13700.0,85101,0.0,0.0
2022-10-26 11:00:00+09:00,13750.0,13800.0,13650.0,13700.0,57840,0.0,0.0
2022-10-26 12:00:00+09:00,13700.0,14000.0,13700.0,13950.0,91816,0.0,0.0
2022-10-26 13:00:00+09:00,13950.0,13950.0,13800.0,13850.0,65942,0.0,0.0
2022-10-26 14:00:00+09:00,13800.0,13900.0,13750.0,13850.0,72002,0.0,0.0
2022-10-27 09:00:00+09:00,13850.0,14050.0,13800.0,13900.0,0,0.0,0.0
2022-10-27 10:00:00+09:00,13900.0,14100.0,13850.0,14100.0,66696,0.0,0.0
2022-10-27 11:00:00+09:00,14100.0,14200.0,14050.0,14150.0,70590,0.0,0.0
2022-10-27 12:00:00+09:00,14150.0,14200.0,14050.0,14150.0,61127,0.0,0.0
2022-10-27 13:00:00+09:00,14100.0,14300.0,14050.0,14050.0,90535,0.0,0.0
2022-10-27 14:00:00+09:00,14050.0,14150.0,13950.0,14050.0,109639,0.0,0.0
2022-10-28 09:00:00+09:00,14000.0,14300.0,13900.0,14200.0,55199,0.0,0.0
2022-10-28 10:00:00+09:00,14250.0,14550.0,14250.0,14400.0,132094,0.0,0.0
2022-10-28 11:00:00+09:00,14450.0,14450.0,14300.0,14350.0,27328,0.0,0.0
2022-10-28 12:00:00+09:00,14350.0,14400.0,14300.0,14400.0,30913,0.0,0.0
2022-10-28 13:00:00+09:00,14400.0,14400.0,14250.0,14350.0,40617,0.0,0.0
2022-10-28 14:00:00+09:00,14300.0,14400.0,14150.0,14200.0,66767,0.0,0.0
2022-10-31 09:00:00+09:00,14300.0,14350.0,13900.0,13950.0,0,0.0,0.0
2022-10-31 10:00:00+09:00,14000.0,14100.0,13850.0,14050.0,50121,0.0,0.0
2022-10-31 11:00:00+09:00,14100.0,14100.0,14000.0,14000.0,19697,0.0,0.0
2022-10-31 12:00:00+09:00,14050.0,14200.0,14000.0,14100.0,23580,0.0,0.0
2022-10-31 13:00:00+09:00,14100.0,14200.0,14100.0,14100.0,14659,0.0,0.0
2022-10-31 14:00:00+09:00,14100.0,14150.0,14050.0,14100.0,31216,0.0,0.0
2022-11-01 09:00:00+09:00,14150.0,14500.0,14150.0,14350.0,0,0.0,0.0
2022-11-01 10:00:00+09:00,14350.0,14450.0,14300.0,14400.0,36782,0.0,0.0
2022-11-01 11:00:00+09:00,14350.0,14450.0,14300.0,14400.0,41984,0.0,0.0
2022-11-01 12:00:00+09:00,14400.0,14450.0,14350.0,14400.0,24001,0.0,0.0
2022-11-01 13:00:00+09:00,14400.0,14450.0,14300.0,14350.0,36412,0.0,0.0
2022-11-01 14:00:00+09:00,14400.0,14500.0,14350.0,14450.0,56017,0.0,0.0
2022-11-02 09:00:00+09:00,14400.0,14500.0,14300.0,14450.0,0,0.0,0.0
2022-11-02 10:00:00+09:00,14400.0,14700.0,14350.0,14350.0,128812,0.0,0.0
2022-11-02 11:00:00+09:00,14400.0,14600.0,14350.0,14500.0,57107,0.0,0.0
2022-11-02 12:00:00+09:00,14500.0,14600.0,14450.0,14500.0,30590,0.0,0.0
2022-11-02 13:00:00+09:00,14550.0,14650.0,14500.0,14600.0,46997,0.0,0.0
2022-11-02 14:00:00+09:00,14550.0,14750.0,14550.0,14750.0,102827,0.0,0.0
2022-11-03 09:00:00+09:00,14550.0,14750.0,14500.0,14700.0,0,0.0,0.0
2022-11-03 10:00:00+09:00,14650.0,14750.0,14600.0,14650.0,31395,0.0,0.0
2022-11-03 11:00:00+09:00,14600.0,14650.0,14550.0,14550.0,26236,0.0,0.0
2022-11-03 12:00:00+09:00,14550.0,14650.0,14450.0,14450.0,32059,0.0,0.0
2022-11-03 13:00:00+09:00,14500.0,14550.0,14450.0,14500.0,34443,0.0,0.0
2022-11-03 14:00:00+09:00,14500.0,14600.0,14450.0,14500.0,43340,0.0,0.0
2022-11-04 09:00:00+09:00,14400.0,14500.0,14250.0,14350.0,0,0.0,0.0
2022-11-04 10:00:00+09:00,14400.0,14400.0,14150.0,14200.0,96050,0.0,0.0
2022-11-04 11:00:00+09:00,14150.0,14250.0,14150.0,14200.0,71116,0.0,0.0
2022-11-04 12:00:00+09:00,14200.0,14600.0,14200.0,14550.0,101314,0.0,0.0
2022-11-04 13:00:00+09:00,14550.0,15100.0,14550.0,15050.0,335711,0.0,0.0
2022-11-04 14:00:00+09:00,15050.0,15200.0,14950.0,15100.0,414329,0.0,0.0
2022-11-07 09:00:00+09:00,14800.0,14850.0,14200.0,14550.0,0,0.0,0.0
2022-11-07 10:00:00+09:00,14550.0,14700.0,14450.0,14650.0,94117,0.0,0.0
2022-11-07 11:00:00+09:00,14700.0,14700.0,14600.0,14600.0,49191,0.0,0.0
2022-11-07 12:00:00+09:00,14600.0,14700.0,14550.0,14600.0,44009,0.0,0.0
2022-11-07 13:00:00+09:00,14600.0,15000.0,14600.0,14900.0,126708,0.0,0.0
2022-11-07 14:00:00+09:00,14900.0,14900.0,14800.0,14850.0,68500,0.0,0.0
2022-11-08 09:00:00+09:00,14900.0,15100.0,14750.0,14850.0,0,0.0,0.0
2022-11-08 10:00:00+09:00,14850.0,15200.0,14800.0,15150.0,90193,0.0,0.0
2022-11-08 11:00:00+09:00,15200.0,15300.0,15150.0,15250.0,83289,0.0,0.0
2022-11-08 12:00:00+09:00,15250.0,15250.0,15100.0,15100.0,32373,0.0,0.0
2022-11-08 13:00:00+09:00,15100.0,15200.0,15050.0,15150.0,55042,0.0,0.0
2022-11-08 14:00:00+09:00,15150.0,15250.0,15100.0,15200.0,88685,0.0,0.0
2022-11-09 09:00:00+09:00,15150.0,15300.0,15050.0,15150.0,0,0.0,0.0
2022-11-09 10:00:00+09:00,15150.0,15250.0,15100.0,15250.0,64496,0.0,0.0
2022-11-09 11:00:00+09:00,15200.0,15300.0,15150.0,15250.0,64235,0.0,0.0
2022-11-09 12:00:00+09:00,15250.0,15300.0,15100.0,15100.0,62714,0.0,0.0
2022-11-09 13:00:00+09:00,15100.0,15200.0,14900.0,14900.0,103334,0.0,0.0
2022-11-09 14:00:00+09:00,14900.0,15100.0,14900.0,14950.0,88225,0.0,0.0
2022-11-10 09:00:00+09:00,14850.0,15750.0,14700.0,15750.0,144988,0.0,0.0
2022-11-10 10:00:00+09:00,15750.0,15850.0,15250.0,15250.0,330426,0.0,0.0
2022-11-10 11:00:00+09:00,15300.0,15400.0,15200.0,15400.0,205387,0.0,0.0
2022-11-10 12:00:00+09:00,15400.0,15450.0,15250.0,15450.0,126654,0.0,0.0
2022-11-10 13:00:00+09:00,15400.0,15500.0,15350.0,15500.0,100182,0.0,0.0
2022-11-10 14:00:00+09:00,15450.0,15550.0,15300.0,15350.0,150184,0.0,0.0
2022-11-11 09:00:00+09:00,15950.0,16250.0,15900.0,16100.0,0,0.0,0.0
2022-11-11 10:00:00+09:00,16100.0,16300.0,15900.0,16200.0,325461,0.0,0.0
2022-11-11 11:00:00+09:00,16200.0,16300.0,16150.0,16300.0,159553,0.0,0.0
2022-11-11 12:00:00+09:00,16300.0,16300.0,16150.0,16300.0,190766,0.0,0.0
2022-11-11 13:00:00+09:00,16250.0,16350.0,16200.0,16300.0,197309,0.0,0.0
2022-11-11 14:00:00+09:00,16300.0,16550.0,16250.0,16550.0,317708,0.0,0.0
2022-11-14 09:00:00+09:00,16600.0,16950.0,16500.0,16800.0,0,0.0,0.0
2022-11-14 10:00:00+09:00,16800.0,16900.0,16700.0,16800.0,166663,0.0,0.0
2022-11-14 11:00:00+09:00,16750.0,16850.0,16750.0,16800.0,106727,0.0,0.0
2022-11-14 12:00:00+09:00,16800.0,16850.0,16700.0,16750.0,72722,0.0,0.0
2022-11-14 13:00:00+09:00,16750.0,16900.0,16700.0,16850.0,108444,0.0,0.0
2022-11-14 14:00:00+09:00,16850.0,16850.0,16550.0,16700.0,148670,0.0,0.0
2022-11-15 09:00:00+09:00,16650.0,16800.0,16550.0,16700.0,0,0.0,0.0
2022-11-15 10:00:00+09:00,16700.0,16750.0,16650.0,16700.0,38206,0.0,0.0
2022-11-15 11:00:00+09:00,16650.0,16800.0,16600.0,16750.0,57392,0.0,0.0
2022-11-15 12:00:00+09:00,16800.0,16900.0,16750.0,16800.0,96556,0.0,0.0
2022-11-15 13:00:00+09:00,16850.0,16900.0,16800.0,16800.0,81998,0.0,0.0
2022-11-15 14:00:00+09:00,16800.0,16900.0,16800.0,16900.0,96986,0.0,0.0
2022-11-16 09:00:00+09:00,16900.0,17050.0,16600.0,16700.0,0,0.0,0.0
2022-11-16 10:00:00+09:00,16700.0,16950.0,16700.0,16950.0,78727,0.0,0.0
2022-11-16 11:00:00+09:00,16950.0,17000.0,16900.0,16950.0,77810,0.0,0.0
2022-11-16 12:00:00+09:00,16950.0,17100.0,16900.0,17000.0,141373,0.0,0.0
2022-11-16 13:00:00+09:00,17000.0,17050.0,16900.0,16950.0,132860,0.0,0.0
2022-11-16 14:00:00+09:00,17000.0,17100.0,16950.0,17050.0,123898,0.0,0.0
2022-11-17 10:00:00+09:00,16900.0,17250.0,16600.0,16650.0,203429,0.0,0.0
2022-11-17 11:00:00+09:00,16650.0,16800.0,16500.0,16700.0,143450,0.0,0.0
2022-11-17 12:00:00+09:00,16700.0,16750.0,16550.0,16650.0,103594,0.0,0.0
2022-11-17 13:00:00+09:00,16650.0,16850.0,16650.0,16800.0,116886,0.0,0.0
2022-11-17 14:00:00+09:00,16800.0,16850.0,16700.0,16750.0,76082,0.0,0.0
2022-11-21 09:00:00+09:00,16750.0,16800.0,16150.0,16250.0,0,0.0,0.0
2022-11-21 10:00:00+09:00,16300.0,16300.0,16200.0,16200.0,150090,0.0,0.0
2022-11-21 11:00:00+09:00,16200.0,16250.0,16050.0,16100.0,166729,0.0,0.0
2022-11-21 12:00:00+09:00,16100.0,16250.0,16050.0,16200.0,110814,0.0,0.0
2022-11-21 13:00:00+09:00,16200.0,16300.0,16100.0,16150.0,99792,0.0,0.0
2022-11-21 14:00:00+09:00,16150.0,16200.0,16050.0,16100.0,173365,0.0,0.0
2022-11-22 09:00:00+09:00,16200.0,16300.0,15750.0,15800.0,0,0.0,0.0
2022-11-22 10:00:00+09:00,15800.0,15900.0,15550.0,15700.0,214958,0.0,0.0
2022-11-22 11:00:00+09:00,15700.0,15800.0,15600.0,15600.0,108928,0.0,0.0
2022-11-22 12:00:00+09:00,15600.0,15700.0,15550.0,15600.0,104951,0.0,0.0
2022-11-22 13:00:00+09:00,15550.0,15650.0,15550.0,15550.0,133405,0.0,0.0
2022-11-22 14:00:00+09:00,15550.0,15700.0,15500.0,15650.0,147065,0.0,0.0
2022-11-23 09:00:00+09:00,15750.0,15850.0,15600.0,15700.0,0,0.0,0.0
2022-11-23 10:00:00+09:00,15650.0,15900.0,15650.0,15900.0,64667,0.0,0.0
2022-11-23 11:00:00+09:00,15900.0,16050.0,15900.0,16000.0,100750,0.0,0.0
2022-11-23 12:00:00+09:00,16000.0,16050.0,15950.0,16050.0,52456,0.0,0.0
2022-11-23 13:00:00+09:00,16050.0,16100.0,16000.0,16050.0,66503,0.0,0.0
2022-11-23 14:00:00+09:00,16050.0,16150.0,16000.0,16100.0,85808,0.0,0.0
2022-11-24 09:00:00+09:00,16100.0,16200.0,16000.0,16100.0,0,0.0,0.0
2022-11-24 10:00:00+09:00,16100.0,16200.0,16050.0,16100.0,53318,0.0,0.0
2022-11-24 11:00:00+09:00,16100.0,16200.0,16100.0,16200.0,27804,0.0,0.0
2022-11-24 12:00:00+09:00,16200.0,16250.0,16100.0,16200.0,42495,0.0,0.0
2022-11-24 13:00:00+09:00,16200.0,16300.0,16200.0,16300.0,42174,0.0,0.0
2022-11-24 14:00:00+09:00,16300.0,16350.0,16200.0,16200.0,68361,0.0,0.0
2022-11-28 09:00:00+09:00,16050.0,16100.0,15850.0,15900.0,0,0.0,0.0
2022-11-28 10:00:00+09:00,15900.0,15950.0,15850.0,15950.0,45656,0.0,0.0
2022-11-28 11:00:00+09:00,15950.0,16000.0,15850.0,16000.0,37102,0.0,0.0
2022-11-28 12:00:00+09:00,16050.0,16100.0,15950.0,16100.0,37449,0.0,0.0
2022-11-28 13:00:00+09:00,16100.0,16300.0,16050.0,16300.0,69393,0.0,0.0
2022-11-28 14:00:00+09:00,16300.0,16300.0,16100.0,16150.0,61254,0.0,0.0
2022-11-29 09:00:00+09:00,16100.0,16850.0,16050.0,16650.0,0,0.0,0.0
2022-11-29 10:00:00+09:00,16650.0,16900.0,16650.0,16850.0,130940,0.0,0.0
2022-11-29 11:00:00+09:00,16900.0,16950.0,16800.0,16850.0,185175,0.0,0.0
2022-11-29 12:00:00+09:00,16900.0,17000.0,16800.0,16950.0,137901,0.0,0.0
2022-11-29 13:00:00+09:00,16950.0,17100.0,16900.0,17050.0,255222,0.0,0.0
2022-11-29 14:00:00+09:00,17050.0,17100.0,17000.0,17000.0,283019,0.0,0.0
2022-11-30 09:00:00+09:00,16800.0,17150.0,16700.0,17150.0,0,0.0,0.0
2022-11-30 10:00:00+09:00,17100.0,17400.0,17100.0,17300.0,375349,0.0,0.0
2022-11-30 11:00:00+09:00,17350.0,17450.0,17300.0,17450.0,219046,0.0,0.0
2022-11-30 12:00:00+09:00,17450.0,17450.0,17350.0,17450.0,165425,0.0,0.0
2022-11-30 13:00:00+09:00,17450.0,17450.0,17250.0,17250.0,117744,0.0,0.0
2022-11-30 14:00:00+09:00,17250.0,17350.0,17150.0,17250.0,148502,0.0,0.0
2022-12-01 09:00:00+09:00,17400.0,17450.0,17050.0,17300.0,0,0.0,0.0
2022-12-01 10:00:00+09:00,17250.0,17400.0,17200.0,17300.0,158823,0.0,0.0
2022-12-01 11:00:00+09:00,17300.0,17500.0,17200.0,17450.0,190037,0.0,0.0
2022-12-01 12:00:00+09:00,17450.0,17450.0,17300.0,17400.0,92968,0.0,0.0
2022-12-01 13:00:00+09:00,17450.0,17600.0,17400.0,17500.0,256368,0.0,0.0
2022-12-01 14:00:00+09:00,17500.0,17500.0,17200.0,17250.0,200617,0.0,0.0
2022-12-02 09:00:00+09:00,17150.0,17450.0,17050.0,17400.0,0,0.0,0.0
2022-12-02 10:00:00+09:00,17400.0,17450.0,17250.0,17350.0,92475,0.0,0.0
2022-12-02 11:00:00+09:00,17350.0,17400.0,17200.0,17400.0,101984,0.0,0.0
2022-12-02 12:00:00+09:00,17400.0,17500.0,17250.0,17500.0,109622,0.0,0.0
2022-12-02 13:00:00+09:00,17500.0,17550.0,17400.0,17550.0,153920,0.0,0.0
2022-12-02 14:00:00+09:00,17500.0,17550.0,17350.0,17400.0,133667,0.0,0.0
2022-12-05 09:00:00+09:00,17550.0,18150.0,17450.0,18050.0,44584,0.0,0.0
2022-12-05 10:00:00+09:00,18100.0,18200.0,18000.0,18100.0,307449,0.0,0.0
2022-12-05 11:00:00+09:00,18100.0,18150.0,18000.0,18100.0,182529,0.0,0.0
2022-12-05 12:00:00+09:00,18150.0,18200.0,18050.0,18150.0,202003,0.0,0.0
2022-12-05 13:00:00+09:00,18200.0,18250.0,18000.0,18000.0,320521,0.0,0.0
2022-12-05 14:00:00+09:00,18000.0,18150.0,18000.0,18100.0,237714,0.0,0.0
2022-12-06 09:00:00+09:00,17950.0,18200.0,17550.0,17850.0,0,0.0,0.0
2022-12-06 10:00:00+09:00,17800.0,18000.0,17800.0,17950.0,71032,0.0,0.0
2022-12-06 11:00:00+09:00,18000.0,18100.0,17900.0,17900.0,97157,0.0,0.0
2022-12-06 12:00:00+09:00,17950.0,18050.0,17850.0,18000.0,72733,0.0,0.0
2022-12-06 13:00:00+09:00,18000.0,18100.0,17950.0,18000.0,90638,0.0,0.0
2022-12-06 14:00:00+09:00,18050.0,18050.0,17750.0,17850.0,138458,0.0,0.0
2022-12-07 09:00:00+09:00,17750.0,18200.0,17600.0,17900.0,0,0.0,0.0
2022-12-07 10:00:00+09:00,17900.0,18000.0,17800.0,17950.0,109239,0.0,0.0
2022-12-07 11:00:00+09:00,18000.0,18050.0,17850.0,17950.0,72192,0.0,0.0
2022-12-07 12:00:00+09:00,17900.0,17950.0,17700.0,17750.0,190053,0.0,0.0
2022-12-07 13:00:00+09:00,17800.0,17900.0,17700.0,17800.0,105025,0.0,0.0
2022-12-07 14:00:00+09:00,17800.0,17850.0,17600.0,17750.0,176803,0.0,0.0
2022-12-08 09:00:00+09:00,17650.0,17700.0,17050.0,17150.0,0,0.0,0.0
2022-12-08 10:00:00+09:00,17150.0,17550.0,17100.0,17550.0,207034,0.0,0.0
2022-12-08 11:00:00+09:00,17550.0,17650.0,17450.0,17500.0,92858,0.0,0.0
2022-12-08 12:00:00+09:00,17550.0,17700.0,17500.0,17700.0,77672,0.0,0.0
2022-12-08 13:00:00+09:00,17700.0,17850.0,17650.0,17650.0,121718,0.0,0.0
2022-12-08 14:00:00+09:00,17700.0,17750.0,17550.0,17600.0,136729,0.0,0.0
2022-12-09 09:00:00+09:00,17800.0,17850.0,17200.0,17500.0,0,0.0,0.0
2022-12-09 10:00:00+09:00,17500.0,17800.0,17500.0,17650.0,175157,0.0,0.0
2022-12-09 11:00:00+09:00,17650.0,17800.0,17600.0,17700.0,100166,0.0,0.0
2022-12-09 12:00:00+09:00,17750.0,17750.0,17450.0,17500.0,113652,0.0,0.0
2022-12-09 13:00:00+09:00,17550.0,17600.0,17400.0,17400.0,141003,0.0,0.0
2022-12-09 14:00:00+09:00,17450.0,17650.0,17400.0,17600.0,146114,0.0,0.0
2022-12-12 09:00:00+09:00,17500.0,17600.0,17300.0,17400.0,0,0.0,0.0
2022-12-12 10:00:00+09:00,17400.0,17650.0,17400.0,17550.0,66651,0.0,0.0
2022-12-12 11:00:00+09:00,17550.0,17650.0,17500.0,17500.0,42505,0.0,0.0
2022-12-12 12:00:00+09:00,17550.0,17600.0,17450.0,17450.0,41060,0.0,0.0
2022-12-12 13:00:00+09:00,17500.0,17700.0,17500.0,17700.0,55287,0.0,0.0
2022-12-12 14:00:00+09:00,17700.0,17700.0,17550.0,17550.0,88021,0.0,0.0
2022-12-13 09:00:00+09:00,17750.0,17750.0,17400.0,17400.0,0,0.0,0.0
2022-12-13 10:00:00+09:00,17400.0,17400.0,17250.0,17300.0,74738,0.0,0.0
2022-12-13 11:00:00+09:00,17350.0,17500.0,17300.0,17450.0,57772,0.0,0.0
2022-12-13 12:00:00+09:00,17400.0,17500.0,17350.0,17400.0,45533,0.0,0.0
2022-12-13 13:00:00+09:00,17450.0,17450.0,17250.0,17400.0,88041,0.0,0.0
2022-12-13 14:00:00+09:00,17400.0,17450.0,17300.0,17400.0,74758,0.0,0.0
2022-12-14 09:00:00+09:00,17500.0,17500.0,17300.0,17450.0,0,0.0,0.0
2022-12-14 10:00:00+09:00,17450.0,17550.0,17350.0,17400.0,63798,0.0,0.0
2022-12-14 11:00:00+09:00,17350.0,17400.0,17300.0,17400.0,32283,0.0,0.0
2022-12-14 12:00:00+09:00,17400.0,17450.0,17350.0,17400.0,31224,0.0,0.0
2022-12-14 13:00:00+09:00,17400.0,17500.0,17350.0,17450.0,44542,0.0,0.0
2022-12-14 14:00:00+09:00,17500.0,17550.0,17450.0,17500.0,61885,0.0,0.0
2022-12-15 09:00:00+09:00,17550.0,17700.0,17400.0,17600.0,0,0.0,0.0
2022-12-15 10:00:00+09:00,17600.0,17650.0,17450.0,17500.0,64471,0.0,0.0
2022-12-15 11:00:00+09:00,17450.0,17500.0,17350.0,17450.0,71691,0.0,0.0
2022-12-15 12:00:00+09:00,17450.0,17450.0,17400.0,17450.0,26274,0.0,0.0
2022-12-15 13:00:00+09:00,17450.0,17500.0,17200.0,17250.0,92914,0.0,0.0
2022-12-15 14:00:00+09:00,17250.0,17300.0,17200.0,17250.0,50785,0.0,0.0
2022-12-16 09:00:00+09:00,17000.0,17700.0,16950.0,17650.0,0,0.0,0.0
2022-12-16 10:00:00+09:00,17700.0,17700.0,17400.0,17600.0,88741,0.0,0.0
2022-12-16 11:00:00+09:00,17600.0,17750.0,17600.0,17650.0,71169,0.0,0.0
2022-12-16 12:00:00+09:00,17650.0,17700.0,17550.0,17600.0,37213,0.0,0.0
2022-12-16 13:00:00+09:00,17600.0,17700.0,17600.0,17600.0,53903,0.0,0.0
2022-12-16 14:00:00+09:00,17650.0,17700.0,17550.0,17650.0,89853,0.0,0.0
2022-12-19 09:00:00+09:00,17650.0,17650.0,17350.0,17550.0,97391,0.0,0.0
2022-12-19 10:00:00+09:00,17600.0,17900.0,17550.0,17800.0,131259,0.0,0.0
2022-12-19 11:00:00+09:00,17750.0,17850.0,17750.0,17800.0,59666,0.0,0.0
2022-12-19 12:00:00+09:00,17750.0,17850.0,17700.0,17750.0,61256,0.0,0.0
2022-12-19 13:00:00+09:00,17750.0,17850.0,17650.0,17750.0,48652,0.0,0.0
2022-12-19 14:00:00+09:00,17750.0,17800.0,17550.0,17600.0,72195,0.0,0.0
2022-12-20 09:00:00+09:00,17700.0,17700.0,17450.0,17550.0,0,0.0,0.0
2022-12-20 10:00:00+09:00,17500.0,17550.0,17100.0,17250.0,164315,0.0,0.0
2022-12-20 11:00:00+09:00,17250.0,17550.0,17150.0,17500.0,101373,0.0,0.0
2022-12-20 12:00:00+09:00,17450.0,17600.0,17350.0,17400.0,61688,0.0,0.0
2022-12-20 13:00:00+09:00,17450.0,17450.0,17200.0,17300.0,49899,0.0,0.0
2022-12-20 14:00:00+09:00,17300.0,17450.0,17150.0,17250.0,90285,0.0,0.0
2022-12-21 09:00:00+09:00,17450.0,17500.0,17100.0,17300.0,0,0.0,0.0
2022-12-21 10:00:00+09:00,17250.0,17450.0,17200.0,17350.0,40725,0.0,0.0
2022-12-21 11:00:00+09:00,17400.0,17450.0,17300.0,17300.0,15055,0.0,0.0
2022-12-21 12:00:00+09:00,17300.0,17350.0,17200.0,17250.0,17871,0.0,0.0
2022-12-21 13:00:00+09:00,17250.0,17350.0,17250.0,17300.0,29152,0.0,0.0
2022-12-21 14:00:00+09:00,17300.0,17450.0,17250.0,17450.0,52020,0.0,0.0
2022-12-22 09:00:00+09:00,17500.0,17550.0,17250.0,17250.0,0,0.0,0.0
2022-12-22 10:00:00+09:00,17300.0,17400.0,17200.0,17400.0,73890,0.0,0.0
2022-12-22 11:00:00+09:00,17400.0,17450.0,17300.0,17400.0,45550,0.0,0.0
2022-12-22 12:00:00+09:00,17450.0,17500.0,17400.0,17450.0,49187,0.0,0.0
2022-12-22 13:00:00+09:00,17500.0,17500.0,17400.0,17500.0,63637,0.0,0.0
2022-12-22 14:00:00+09:00,17500.0,17600.0,17450.0,17600.0,110340,0.0,0.0
2022-12-23 09:00:00+09:00,17300.0,17450.0,17200.0,17300.0,0,0.0,0.0
2022-12-23 10:00:00+09:00,17250.0,17400.0,17200.0,17350.0,72187,0.0,0.0
2022-12-23 11:00:00+09:00,17350.0,17400.0,17250.0,17300.0,40587,0.0,0.0
2022-12-23 12:00:00+09:00,17300.0,17450.0,17300.0,17450.0,30635,0.0,0.0
2022-12-23 13:00:00+09:00,17450.0,17500.0,17400.0,17500.0,55449,0.0,0.0
2022-12-23 14:00:00+09:00,17450.0,17500.0,17350.0,17450.0,73352,0.0,0.0
2022-12-26 09:00:00+09:00,17300.0,17400.0,16600.0,16800.0,0,0.0,0.0
2022-12-26 10:00:00+09:00,16800.0,17000.0,16800.0,16900.0,71605,0.0,0.0
2022-12-26 11:00:00+09:00,16950.0,17050.0,16900.0,17000.0,38660,0.0,0.0
2022-12-26 12:00:00+09:00,16950.0,17100.0,16950.0,17100.0,57591,0.0,0.0
2022-12-26 13:00:00+09:00,17100.0,17150.0,17050.0,17150.0,43849,0.0,0.0
2022-12-26 14:00:00+09:00,17150.0,17150.0,17050.0,17050.0,116462,0.0,0.0
2022-12-27 09:00:00+09:00,17150.0,17800.0,17150.0,17650.0,0,0.0,0.0
2022-12-27 10:00:00+09:00,17650.0,17850.0,17550.0,17850.0,169457,0.0,0.0
2022-12-27 11:00:00+09:00,17850.0,17900.0,17700.0,17800.0,125663,0.0,0.0
2022-12-27 12:00:00+09:00,17800.0,17850.0,17650.0,17650.0,49206,0.0,0.0
2022-12-27 13:00:00+09:00,17700.0,17800.0,17600.0,17700.0,97324,0.0,0.0
2022-12-27 14:00:00+09:00,17650.0,17800.0,17650.0,17750.0,86174,0.0,0.0
2022-12-28 09:00:00+09:00,17750.0,18250.0,17550.0,18200.0,0,0.0,0.0
2022-12-28 10:00:00+09:00,18200.0,18350.0,18050.0,18250.0,329947,0.0,0.0
2022-12-28 11:00:00+09:00,18250.0,18300.0,18150.0,18250.0,114962,0.0,0.0
2022-12-28 12:00:00+09:00,18250.0,18300.0,18200.0,18250.0,89117,0.0,0.0
2022-12-28 13:00:00+09:00,18250.0,18250.0,18150.0,18250.0,104548,0.0,0.0
2022-12-28 14:00:00+09:00,18250.0,18250.0,18000.0,18050.0,179217,0.0,0.0
2022-12-29 09:00:00+09:00,17750.0,18000.0,17500.0,17600.0,0,0.0,0.0
2022-12-29 10:00:00+09:00,17600.0,17650.0,17450.0,17450.0,162858,0.0,0.0
2022-12-29 11:00:00+09:00,17600.0,17750.0,17500.0,17600.0,69104,0.0,0.0
2022-12-29 12:00:00+09:00,17550.0,17600.0,17450.0,17550.0,77195,0.0,0.0
2022-12-29 13:00:00+09:00,17500.0,17700.0,17500.0,17650.0,51347,0.0,0.0
2022-12-29 14:00:00+09:00,17650.0,17650.0,17500.0,17600.0,103727,0.0,0.0
2023-01-02 10:00:00+09:00,17200.0,17250.0,16500.0,16800.0,501247,0.0,0.0
2023-01-02 11:00:00+09:00,16750.0,17050.0,16700.0,16950.0,139467,0.0,0.0
2023-01-02 12:00:00+09:00,17000.0,17100.0,16900.0,17100.0,79858,0.0,0.0
2023-01-02 13:00:00+09:00,17050.0,17300.0,17000.0,17250.0,124763,0.0,0.0
2023-01-02 14:00:00+09:00,17200.0,17450.0,17050.0,17450.0,184557,0.0,0.0
2023-01-03 09:00:00+09:00,17350.0,17900.0,17100.0,17650.0,0,0.0,0.0
2023-01-03 10:00:00+09:00,17700.0,17750.0,17250.0,17350.0,170157,0.0,0.0
2023-01-03 11:00:00+09:00,17350.0,17500.0,17300.0,17500.0,49005,0.0,0.0
2023-01-03 12:00:00+09:00,17500.0,17750.0,17450.0,17650.0,100228,0.0,0.0
2023-01-03 13:00:00+09:00,17650.0,17650.0,17500.0,17550.0,67418,0.0,0.0
2023-01-03 14:00:00+09:00,17600.0,17650.0,17500.0,17650.0,44882,0.0,0.0
2023-01-04 09:00:00+09:00,17550.0,17600.0,17150.0,17500.0,0,0.0,0.0
2023-01-04 10:00:00+09:00,17500.0,17800.0,17450.0,17750.0,74578,0.0,0.0
2023-01-04 11:00:00+09:00,17700.0,17800.0,17500.0,17600.0,58252,0.0,0.0
2023-01-04 12:00:00+09:00,17600.0,17650.0,17450.0,17500.0,39550,0.0,0.0
2023-01-04 13:00:00+09:00,17450.0,17550.0,17400.0,17500.0,47553,0.0,0.0
2023-01-04 14:00:00+09:00,17500.0,17650.0,17500.0,17550.0,87885,0.0,0.0
2023-01-05 09:00:00+09:00,17700.0,17950.0,17500.0,17750.0,0,0.0,0.0
2023-01-05 10:00:00+09:00,17800.0,17900.0,17650.0,17850.0,73795,0.0,0.0
2023-01-05 11:00:00+09:00,17850.0,17850.0,17700.0,17800.0,52632,0.0,0.0
2023-01-05 12:00:00+09:00,17800.0,17800.0,17650.0,17700.0,41874,0.0,0.0
2023-01-05 13:00:00+09:00,17700.0,17800.0,17650.0,17800.0,40741,0.0,0.0
2023-01-05 14:00:00+09:00,17800.0,17900.0,17750.0,17900.0,114998,0.0,0.0
2023-01-06 09:00:00+09:00,17850.0,18150.0,17650.0,17800.0,0,0.0,0.0
2023-01-06 10:00:00+09:00,17800.0,17850.0,17600.0,17650.0,95246,0.0,0.0
2023-01-06 11:00:00+09:00,17600.0,17750.0,17600.0,17750.0,73935,0.0,0.0
2023-01-06 12:00:00+09:00,17750.0,17750.0,17600.0,17700.0,68968,0.0,0.0
2023-01-06 13:00:00+09:00,17650.0,17750.0,17600.0,17650.0,67394,0.0,0.0
2023-01-06 14:00:00+09:00,17700.0,17750.0,17450.0,17600.0,194282,0.0,0.0
2023-01-09 09:00:00+09:00,17650.0,17800.0,17550.0,17650.0,0,0.0,0.0
2023-01-09 10:00:00+09:00,17650.0,17700.0,17450.0,17550.0,110467,0.0,0.0
2023-01-09 11:00:00+09:00,17500.0,17800.0,17500.0,17700.0,90104,0.0,0.0
2023-01-09 12:00:00+09:00,17700.0,17700.0,17500.0,17550.0,72753,0.0,0.0
2023-01-09 13:00:00+09:00,17600.0,17600.0,17450.0,17550.0,99001,0.0,0.0
2023-01-09 14:00:00+09:00,17500.0,17600.0,17450.0,17600.0,135608,0.0,0.0
2023-01-10 09:00:00+09:00,17500.0,17650.0,17450.0,17600.0,0,0.0,0.0
2023-01-10 10:00:00+09:00,17600.0,17650.0,17500.0,17600.0,103444,0.0,0.0
2023-01-10 11:00:00+09:00,17550.0,17600.0,17400.0,17450.0,114848,0.0,0.0
2023-01-10 12:00:00+09:00,17450.0,17500.0,17400.0,17450.0,31389,0.0,0.0
2023-01-10 13:00:00+09:00,17450.0,17500.0,17150.0,17250.0,176762,0.0,0.0
2023-01-10 14:00:00+09:00,17200.0,17350.0,17150.0,17250.0,140078,0.0,0.0
2023-01-11 09:00:00+09:00,17250.0,17500.0,17200.0,17450.0,0,0.0,0.0
2023-01-11 10:00:00+09:00,17400.0,17700.0,17400.0,17700.0,117134,0.0,0.0
2023-01-11 11:00:00+09:00,17700.0,17700.0,17550.0,17650.0,95569,0.0,0.0
2023-01-11 12:00:00+09:00,17650.0,17750.0,17600.0,17750.0,123251,0.0,0.0
2023-01-11 13:00:00+09:00,17750.0,17800.0,17700.0,17750.0,146630,0.0,0.0
2023-01-11 14:00:00+09:00,17750.0,17800.0,17650.0,17700.0,96713,0.0,0.0
2023-01-12 09:00:00+09:00,17650.0,17700.0,17350.0,17400.0,0,0.0,0.0
2023-01-12 10:00:00+09:00,17400.0,17450.0,17150.0,17250.0,181805,0.0,0.0
2023-01-12 11:00:00+09:00,17200.0,17250.0,16950.0,17000.0,326976,0.0,0.0
2023-01-12 12:00:00+09:00,17050.0,17200.0,17000.0,17150.0,76573,0.0,0.0
2023-01-12 13:00:00+09:00,17100.0,17150.0,16950.0,17050.0,257486,0.0,0.0
2023-01-12 14:00:00+09:00,17000.0,17100.0,16900.0,17000.0,253915,0.0,0.0
2023-01-13 09:00:00+09:00,17000.0,17250.0,16950.0,17200.0,0,0.0,0.0
2023-01-13 10:00:00+09:00,17200.0,17250.0,17000.0,17050.0,116283,0.0,0.0
2023-01-13 11:00:00+09:00,17050.0,17100.0,17000.0,17000.0,46097,0.0,0.0
2023-01-13 12:00:00+09:00,17000.0,17100.0,16950.0,17000.0,79758,0.0,0.0
2023-01-13 13:00:00+09:00,17000.0,17050.0,16950.0,16950.0,55401,0.0,0.0
2023-01-13 14:00:00+09:00,16950.0,17000.0,16950.0,16950.0,49593,0.0,0.0
2023-01-16 09:00:00+09:00,17050.0,17600.0,17000.0,17550.0,0,0.0,0.0
2023-01-16 10:00:00+09:00,17550.0,17700.0,17450.0,17650.0,195025,0.0,0.0
2023-01-16 11:00:00+09:00,17650.0,17700.0,17550.0,17650.0,96206,0.0,0.0
2023-01-16 12:00:00+09:00,17650.0,17650.0,17550.0,17600.0,42029,0.0,0.0
2023-01-16 13:00:00+09:00,17600.0,17600.0,17500.0,17550.0,68598,0.0,0.0
2023-01-16 14:00:00+09:00,17600.0,17600.0,17450.0,17500.0,61316,0.0,0.0
2023-01-17 09:00:00+09:00,17550.0,17600.0,17400.0,17600.0,0,0.0,0.0
2023-01-17 10:00:00+09:00,17600.0,17700.0,17450.0,17500.0,89750,0.0,0.0
2023-01-17 11:00:00+09:00,17500.0,17600.0,17450.0,17550.0,63103,0.0,0.0
2023-01-17 12:00:00+09:00,17500.0,17600.0,17500.0,17500.0,43526,0.0,0.0
2023-01-17 13:00:00+09:00,17550.0,17600.0,17500.0,17550.0,55828,0.0,0.0
2023-01-17 14:00:00+09:00,17600.0,17600.0,17500.0,17500.0,67717,0.0,0.0
2023-01-18 09:00:00+09:00,17500.0,17750.0,17450.0,17650.0,0,0.0,0.0
2023-01-18 10:00:00+09:00,17650.0,18150.0,17600.0,17700.0,444316,0.0,0.0
2023-01-18 11:00:00+09:00,17750.0,17800.0,17500.0,17650.0,213027,0.0,0.0
2023-01-18 12:00:00+09:00,17650.0,17650.0,17300.0,17400.0,224036,0.0,0.0
2023-01-18 13:00:00+09:00,17400.0,17600.0,17300.0,17550.0,119978,0.0,0.0
2023-01-18 14:00:00+09:00,17550.0,17650.0,17450.0,17550.0,143146,0.0,0.0
2023-01-19 09:00:00+09:00,17450.0,17750.0,17400.0,17650.0,0,0.0,0.0
2023-01-19 10:00:00+09:00,17600.0,17800.0,17550.0,17650.0,131289,0.0,0.0
2023-01-19 11:00:00+09:00,17700.0,17850.0,17650.0,17850.0,92830,0.0,0.0
2023-01-19 12:00:00+09:00,17800.0,17950.0,17800.0,17950.0,118849,0.0,0.0
2023-01-19 13:00:00+09:00,17900.0,17950.0,17800.0,17900.0,82805,0.0,0.0
2023-01-19 14:00:00+09:00,17900.0,17900.0,17750.0,17850.0,99221,0.0,0.0
2023-01-20 09:00:00+09:00,17950.0,18000.0,17650.0,17850.0,0,0.0,0.0
2023-01-20 10:00:00+09:00,17850.0,18000.0,17800.0,17850.0,66130,0.0,0.0
2023-01-20 11:00:00+09:00,17900.0,18100.0,17850.0,18050.0,103170,0.0,0.0
2023-01-20 12:00:00+09:00,18000.0,18100.0,17800.0,18050.0,218114,0.0,0.0
2023-01-20 13:00:00+09:00,18000.0,18250.0,18000.0,18200.0,203291,0.0,0.0
2023-01-20 14:00:00+09:00,18200.0,18250.0,18100.0,18200.0,109898,0.0,0.0
2023-01-25 09:00:00+09:00,18350.0,18450.0,17960.0,18080.0,0,0.0,0.0
2023-01-25 10:00:00+09:00,18080.0,18200.0,17960.0,18090.0,89436,0.0,0.0
2023-01-25 11:00:00+09:00,18070.0,18220.0,18070.0,18200.0,77613,0.0,0.0
2023-01-25 12:00:00+09:00,18190.0,18220.0,18150.0,18220.0,43159,0.0,0.0
2023-01-25 13:00:00+09:00,18220.0,18220.0,18060.0,18110.0,86852,0.0,0.0
2023-01-25 14:00:00+09:00,18110.0,18240.0,18080.0,18200.0,79433,0.0,0.0
2023-01-26 09:00:00+09:00,18290.0,18430.0,18120.0,18220.0,226018,0.0,0.0
2023-01-26 10:00:00+09:00,18220.0,18280.0,18150.0,18210.0,114574,0.0,0.0
2023-01-26 11:00:00+09:00,18200.0,18280.0,18100.0,18130.0,103405,0.0,0.0
2023-01-26 12:00:00+09:00,18150.0,18280.0,18090.0,18170.0,68484,0.0,0.0
2023-01-26 13:00:00+09:00,18180.0,18280.0,18130.0,18140.0,100906,0.0,0.0
2023-01-26 14:00:00+09:00,18140.0,18280.0,18110.0,18170.0,96862,0.0,0.0
2023-01-27 09:00:00+09:00,18230.0,18670.0,18210.0,18340.0,498268,0.0,0.0
2023-01-27 10:00:00+09:00,18340.0,18350.0,18190.0,18240.0,165249,0.0,0.0
2023-01-27 11:00:00+09:00,18230.0,18250.0,18040.0,18050.0,154947,0.0,0.0
2023-01-27 12:00:00+09:00,18050.0,18090.0,17730.0,17750.0,223816,0.0,0.0
2023-01-27 13:00:00+09:00,17750.0,18210.0,17680.0,18180.0,289961,0.0,0.0
2023-01-27 14:00:00+09:00,18190.0,18270.0,18110.0,18120.0,142854,0.0,0.0
2023-01-30 09:00:00+09:00,18120.0,18220.0,17980.0,18150.0,0,0.0,0.0
2023-01-30 10:00:00+09:00,18160.0,18220.0,18090.0,18180.0,73339,0.0,0.0
2023-01-30 11:00:00+09:00,18180.0,18210.0,18130.0,18160.0,54809,0.0,0.0
2023-01-30 12:00:00+09:00,18140.0,18160.0,18090.0,18120.0,69271,0.0,0.0
2023-01-30 13:00:00+09:00,18130.0,18190.0,18100.0,18110.0,106110,0.0,0.0
2023-01-30 14:00:00+09:00,18110.0,18160.0,18030.0,18060.0,91685,0.0,0.0
2023-01-31 09:00:00+09:00,18000.0,18150.0,17880.0,18040.0,91268,0.0,0.0
2023-01-31 10:00:00+09:00,18040.0,18060.0,17990.0,18020.0,50004,0.0,0.0
2023-01-31 11:00:00+09:00,18030.0,18050.0,17920.0,17960.0,49268,0.0,0.0
2023-01-31 12:00:00+09:00,17970.0,18050.0,17930.0,18050.0,75283,0.0,0.0
2023-01-31 13:00:00+09:00,18040.0,18060.0,17970.0,18020.0,42131,0.0,0.0
2023-01-31 14:00:00+09:00,18010.0,18020.0,17880.0,17900.0,130071,0.0,0.0
2023-02-01 09:00:00+09:00,18150.0,18200.0,17860.0,17980.0,0,0.0,0.0
2023-02-01 10:00:00+09:00,17980.0,18100.0,17860.0,17870.0,91419,0.0,0.0
2023-02-01 11:00:00+09:00,17870.0,17890.0,17800.0,17820.0,114895,0.0,0.0
2023-02-01 12:00:00+09:00,17810.0,17850.0,17780.0,17790.0,87061,0.0,0.0
2023-02-01 13:00:00+09:00,17790.0,17830.0,17670.0,17690.0,180081,0.0,0.0
2023-02-01 14:00:00+09:00,17690.0,17770.0,17630.0,17630.0,198834,0.0,0.0
2023-02-02 09:00:00+09:00,17740.0,17910.0,17590.0,17590.0,222414,0.0,0.0
2023-02-02 10:00:00+09:00,17590.0,17600.0,17390.0,17420.0,291669,0.0,0.0
2023-02-02 11:00:00+09:00,17410.0,17520.0,17400.0,17480.0,60289,0.0,0.0
2023-02-02 12:00:00+09:00,17480.0,17540.0,17390.0,17410.0,168702,0.0,0.0
2023-02-02 13:00:00+09:00,17400.0,17600.0,17390.0,17510.0,177157,0.0,0.0
2023-02-02 14:00:00+09:00,17510.0,17560.0,17490.0,17500.0,80126,0.0,0.0
2023-02-03 09:00:00+09:00,17600.0,17690.0,17360.0,17410.0,189699,0.0,0.0
2023-02-03 10:00:00+09:00,17400.0,17410.0,17320.0,17370.0,107958,0.0,0.0
2023-02-03 11:00:00+09:00,17370.0,17420.0,17340.0,17400.0,47412,0.0,0.0
2023-02-03 12:00:00+09:00,17390.0,17450.0,17390.0,17430.0,61923,0.0,0.0
2023-02-03 13:00:00+09:00,17440.0,17550.0,17360.0,17370.0,139284,0.0,0.0
2023-02-03 14:00:00+09:00,17370.0,17390.0,17280.0,17310.0,199274,0.0,0.0
2023-02-06 09:00:00+09:00,17300.0,17590.0,17110.0,17560.0,0,0.0,0.0
2023-02-06 10:00:00+09:00,17550.0,17680.0,17490.0,17670.0,144945,0.0,0.0
2023-02-06 11:00:00+09:00,17670.0,17840.0,17670.0,17750.0,146245,0.0,0.0
2023-02-06 12:00:00+09:00,17750.0,17760.0,17660.0,17740.0,61880,0.0,0.0
2023-02-06 13:00:00+09:00,17740.0,17760.0,17500.0,17540.0,81138,0.0,0.0
2023-02-06 14:00:00+09:00,17530.0,17540.0,17450.0,17530.0,105751,0.0,0.0
2023-02-07 09:00:00+09:00,17550.0,17640.0,17430.0,17480.0,117535,0.0,0.0
2023-02-07 10:00:00+09:00,17490.0,17510.0,17360.0,17410.0,116744,0.0,0.0
2023-02-07 11:00:00+09:00,17420.0,17450.0,17370.0,17390.0,77662,0.0,0.0
2023-02-07 12:00:00+09:00,17390.0,17440.0,17360.0,17390.0,55503,0.0,0.0
2023-02-07 13:00:00+09:00,17400.0,17430.0,17340.0,17360.0,80027,0.0,0.0
2023-02-07 14:00:00+09:00,17360.0,17400.0,17270.0,17380.0,189669,0.0,0.0
2023-02-08 09:00:00+09:00,17670.0,17670.0,17400.0,17490.0,138170,0.0,0.0
2023-02-08 10:00:00+09:00,17490.0,17510.0,17420.0,17440.0,72630,0.0,0.0
2023-02-08 11:00:00+09:00,17450.0,17470.0,17400.0,17420.0,71270,0.0,0.0
2023-02-08 12:00:00+09:00,17430.0,17460.0,17410.0,17410.0,56769,0.0,0.0
2023-02-08 13:00:00+09:00,17420.0,17480.0,17400.0,17440.0,49050,0.0,0.0
2023-02-08 14:00:00+09:00,17450.0,17470.0,17420.0,17450.0,65542,0.0,0.0
2023-02-09 09:00:00+09:00,17490.0,17780.0,17430.0,17770.0,411145,0.0,0.0
2023-02-09 10:00:00+09:00,17770.0,18050.0,17770.0,17990.0,390278,0.0,0.0
2023-02-09 11:00:00+09:00,17990.0,18170.0,17990.0,18150.0,259025,0.0,0.0
2023-02-09 12:00:00+09:00,18160.0,18180.0,18060.0,18100.0,146224,0.0,0.0
2023-02-09 13:00:00+09:00,18100.0,18100.0,17940.0,17980.0,146463,0.0,0.0
2023-02-09 14:00:00+09:00,17980.0,18020.0,17970.0,18000.0,116590,0.0,0.0
2023-02-10 09:00:00+09:00,18060.0,18800.0,18000.0,18310.0,1031977,0.0,0.0
2023-02-10 10:00:00+09:00,18340.0,18370.0,18200.0,18310.0,199106,0.0,0.0
2023-02-10 11:00:00+09:00,18300.0,18340.0,18210.0,18250.0,89564,0.0,0.0
2023-02-10 12:00:00+09:00,18230.0,18310.0,18230.0,18280.0,67035,0.0,0.0
2023-02-10 13:00:00+09:00,18280.0,18280.0,18210.0,18240.0,83334,0.0,0.0
2023-02-10 14:00:00+09:00,18230.0,18310.0,18220.0,18300.0,112865,0.0,0.0
2023-02-13 09:00:00+09:00,18430.0,18600.0,18170.0,18190.0,0,0.0,0.0
2023-02-13 10:00:00+09:00,18180.0,18190.0,17950.0,17950.0,148408,0.0,0.0
2023-02-13 11:00:00+09:00,17950.0,18040.0,17940.0,18020.0,55211,0.0,0.0
2023-02-13 12:00:00+09:00,18030.0,18050.0,17960.0,17970.0,47555,0.0,0.0
2023-02-13 13:00:00+09:00,17980.0,18000.0,17950.0,17960.0,59183,0.0,0.0
2023-02-13 14:00:00+09:00,17950.0,18080.0,17880.0,18040.0,128081,0.0,0.0
2023-02-14 09:00:00+09:00,18130.0,18230.0,17950.0,18080.0,147646,0.0,0.0
2023-02-14 10:00:00+09:00,18070.0,18150.0,18040.0,18120.0,48603,0.0,0.0
2023-02-14 11:00:00+09:00,18120.0,18130.0,18080.0,18100.0,36954,0.0,0.0
2023-02-14 12:00:00+09:00,18100.0,18160.0,18060.0,18150.0,53419,0.0,0.0
2023-02-14 13:00:00+09:00,18150.0,18360.0,18150.0,18260.0,132589,0.0,0.0
2023-02-14 14:00:00+09:00,18260.0,18260.0,18150.0,18170.0,85677,0.0,0.0
2023-02-15 09:00:00+09:00,18250.0,18250.0,17900.0,17970.0,0,0.0,0.0
2023-02-15 10:00:00+09:00,17970.0,18260.0,17940.0,18010.0,132918,0.0,0.0
2023-02-15 11:00:00+09:00,18010.0,18080.0,17960.0,18050.0,85269,0.0,0.0
2023-02-15 12:00:00+09:00,18050.0,18140.0,18020.0,18110.0,80439,0.0,0.0
2023-02-15 13:00:00+09:00,18100.0,18150.0,18020.0,18020.0,77799,0.0,0.0
2023-02-15 14:00:00+09:00,18020.0,18030.0,17850.0,17940.0,158211,0.0,0.0
2023-02-16 09:00:00+09:00,17990.0,18100.0,17800.0,17800.0,0,0.0,0.0
2023-02-16 10:00:00+09:00,17810.0,17960.0,17710.0,17900.0,152111,0.0,0.0
2023-02-16 11:00:00+09:00,17900.0,17940.0,17840.0,17890.0,58611,0.0,0.0
2023-02-16 12:00:00+09:00,17900.0,17980.0,17900.0,17970.0,44153,0.0,0.0
2023-02-16 13:00:00+09:00,17980.0,17980.0,17890.0,17900.0,45016,0.0,0.0
2023-02-16 14:00:00+09:00,17890.0,17920.0,17870.0,17880.0,62847,0.0,0.0
2023-02-17 09:00:00+09:00,17850.0,17850.0,17560.0,17770.0,162569,0.0,0.0
2023-02-17 10:00:00+09:00,17770.0,18060.0,17770.0,17930.0,122725,0.0,0.0
2023-02-17 11:00:00+09:00,17930.0,17930.0,17790.0,17810.0,46600,0.0,0.0
2023-02-17 12:00:00+09:00,17800.0,17840.0,17720.0,17810.0,54472,0.0,0.0
2023-02-17 13:00:00+09:00,17810.0,17870.0,17800.0,17870.0,65583,0.0,0.0
2023-02-17 14:00:00+09:00,17870.0,17870.0,17700.0,17740.0,112203,0.0,0.0
2023-02-20 09:00:00+09:00,17790.0,17820.0,17600.0,17760.0,0,0.0,0.0
2023-02-20 10:00:00+09:00,17760.0,17830.0,17690.0,17820.0,75709,0.0,0.0
2023-02-20 11:00:00+09:00,17820.0,17830.0,17720.0,17800.0,52357,0.0,0.0
2023-02-20 12:00:00+09:00,17800.0,17800.0,17670.0,17700.0,55804,0.0,0.0
2023-02-20 13:00:00+09:00,17700.0,17700.0,17640.0,17650.0,60531,0.0,0.0
2023-02-20 14:00:00+09:00,17660.0,17680.0,17500.0,17510.0,137617,0.0,0.0
2023-02-21 09:00:00+09:00,17670.0,17670.0,17320.0,17330.0,0,0.0,0.0
2023-02-21 10:00:00+09:00,17330.0,17350.0,17160.0,17180.0,243784,0.0,0.0
2023-02-21 11:00:00+09:00,17180.0,17210.0,17120.0,17130.0,158299,0.0,0.0
2023-02-21 12:00:00+09:00,17120.0,17200.0,17090.0,17180.0,133725,0.0,0.0
2023-02-21 13:00:00+09:00,17180.0,17190.0,16950.0,17000.0,227156,0.0,0.0
2023-02-21 14:00:00+09:00,16970.0,17030.0,16910.0,17000.0,276290,0.0,0.0
2023-02-22 09:00:00+09:00,16840.0,16840.0,16650.0,16660.0,0,0.0,0.0
2023-02-22 10:00:00+09:00,16670.0,16700.0,16440.0,16460.0,257094,0.0,0.0
2023-02-22 11:00:00+09:00,16460.0,16520.0,16440.0,16500.0,77512,0.0,0.0
2023-02-22 12:00:00+09:00,16490.0,16600.0,16490.0,16580.0,84838,0.0,0.0
2023-02-22 13:00:00+09:00,16580.0,16600.0,16520.0,16540.0,82376,0.0,0.0
2023-02-22 14:00:00+09:00,16540.0,16580.0,16510.0,16540.0,126557,0.0,0.0
2023-02-23 09:00:00+09:00,16630.0,16960.0,16630.0,16710.0,0,0.0,0.0
2023-02-23 10:00:00+09:00,16720.0,16900.0,16710.0,16740.0,90581,0.0,0.0
2023-02-23 11:00:00+09:00,16740.0,16780.0,16670.0,16760.0,68740,0.0,0.0
2023-02-23 12:00:00+09:00,16760.0,16760.0,16720.0,16730.0,29155,0.0,0.0
2023-02-23 13:00:00+09:00,16730.0,16770.0,16700.0,16720.0,45481,0.0,0.0
2023-02-23 14:00:00+09:00,16700.0,16770.0,16700.0,16750.0,74759,0.0,0.0
2023-02-24 09:00:00+09:00,16780.0,16780.0,16520.0,16700.0,113438,0.0,0.0
2023-02-24 10:00:00+09:00,16700.0,16750.0,16520.0,16560.0,75318,0.0,0.0
2023-02-24 11:00:00+09:00,16560.0,16580.0,16530.0,16540.0,50875,0.0,0.0
2023-02-24 12:00:00+09:00,16540.0,16580.0,16520.0,16570.0,36253,0.0,0.0
2023-02-24 13:00:00+09:00,16560.0,16560.0,16480.0,16510.0,82135,0.0,0.0
2023-02-24 14:00:00+09:00,16500.0,16540.0,16480.0,16500.0,72462,0.0,0.0
2023-02-27 09:00:00+09:00,16480.0,16480.0,16110.0,16180.0,0,0.0,0.0
2023-02-27 10:00:00+09:00,16190.0,16440.0,16190.0,16350.0,78032,0.0,0.0
2023-02-27 11:00:00+09:00,16360.0,16420.0,16310.0,16370.0,58504,0.0,0.0
2023-02-27 12:00:00+09:00,16370.0,16490.0,16360.0,16490.0,73209,0.0,0.0
2023-02-27 13:00:00+09:00,16490.0,16510.0,16420.0,16490.0,45601,0.0,0.0
2023-02-27 14:00:00+09:00,16490.0,16540.0,16450.0,16510.0,53986,0.0,0.0
2023-02-28 09:00:00+09:00,16530.0,16890.0,16530.0,16880.0,204873,0.0,0.0
2023-02-28 10:00:00+09:00,16880.0,16890.0,16630.0,16700.0,107083,0.0,0.0
2023-02-28 11:00:00+09:00,16700.0,16840.0,16640.0,16830.0,71650,0.0,0.0
2023-02-28 12:00:00+09:00,16830.0,16850.0,16790.0,16840.0,64993,0.0,0.0
2023-02-28 13:00:00+09:00,16840.0,16930.0,16810.0,16920.0,98422,0.0,0.0
2023-02-28 14:00:00+09:00,16920.0,16930.0,16760.0,16840.0,124114,0.0,0.0
2023-03-02 09:00:00+09:00,16990.0,17260.0,16990.0,17220.0,0,0.0,0.0
2023-03-02 10:00:00+09:00,17210.0,17220.0,17040.0,17110.0,143637,0.0,0.0
2023-03-02 11:00:00+09:00,17110.0,17170.0,17030.0,17110.0,101727,0.0,0.0
2023-03-02 12:00:00+09:00,17110.0,17170.0,17070.0,17150.0,74985,0.0,0.0
2023-03-02 13:00:00+09:00,17140.0,17150.0,17060.0,17100.0,75632,0.0,0.0
2023-03-02 14:00:00+09:00,17090.0,17110.0,17020.0,17110.0,101700,0.0,0.0
2023-03-03 09:00:00+09:00,17210.0,17220.0,16990.0,17000.0,151025,0.0,0.0
2023-03-03 10:00:00+09:00,17000.0,17000.0,16820.0,16890.0,119886,0.0,0.0
2023-03-03 11:00:00+09:00,16890.0,16980.0,16830.0,16960.0,65149,0.0,0.0
2023-03-03 12:00:00+09:00,16950.0,17020.0,16910.0,16940.0,47530,0.0,0.0
2023-03-03 13:00:00+09:00,16940.0,16980.0,16870.0,16940.0,56646,0.0,0.0
2023-03-03 14:00:00+09:00,16940.0,16960.0,16850.0,16900.0,61822,0.0,0.0
2023-03-06 09:00:00+09:00,17040.0,17040.0,16750.0,16770.0,0,0.0,0.0
2023-03-06 10:00:00+09:00,16780.0,16790.0,16610.0,16640.0,114085,0.0,0.0
2023-03-06 11:00:00+09:00,16640.0,16830.0,16620.0,16820.0,73789,0.0,0.0
2023-03-06 12:00:00+09:00,16820.0,16830.0,16740.0,16810.0,66163,0.0,0.0
2023-03-06 13:00:00+09:00,16800.0,16800.0,16700.0,16760.0,65538,0.0,0.0
2023-03-06 14:00:00+09:00,16770.0,16840.0,16760.0,16810.0,78003,0.0,0.0
2023-03-07 09:00:00+09:00,16850.0,16860.0,16530.0,16550.0,0,0.0,0.0
2023-03-07 10:00:00+09:00,16550.0,16550.0,16340.0,16340.0,185629,0.0,0.0
2023-03-07 11:00:00+09:00,16340.0,16450.0,16290.0,16340.0,107020,0.0,0.0
2023-03-07 12:00:00+09:00,16340.0,16360.0,16280.0,16280.0,113094,0.0,0.0
2023-03-07 13:00:00+09:00,16290.0,16300.0,16180.0,16200.0,191200,0.0,0.0
2023-03-07 14:00:00+09:00,16200.0,16250.0,16160.0,16160.0,142618,0.0,0.0
2023-03-08 09:00:00+09:00,16040.0,16100.0,15700.0,15760.0,0,0.0,0.0
2023-03-08 10:00:00+09:00,15780.0,16040.0,15740.0,16030.0,112692,0.0,0.0
2023-03-08 11:00:00+09:00,16030.0,16100.0,15980.0,15980.0,68873,0.0,0.0
2023-03-08 12:00:00+09:00,15980.0,16070.0,15970.0,16050.0,40832,0.0,0.0
2023-03-08 13:00:00+09:00,16060.0,16090.0,16010.0,16010.0,53681,0.0,0.0
2023-03-08 14:00:00+09:00,16020.0,16020.0,15930.0,15960.0,56354,0.0,0.0
2023-03-09 09:00:00+09:00,16080.0,16150.0,15930.0,16100.0,91966,0.0,0.0
2023-03-09 10:00:00+09:00,16100.0,16250.0,16020.0,16180.0,89628,0.0,0.0
2023-03-09 11:00:00+09:00,16180.0,16250.0,16170.0,16230.0,45365,0.0,0.0
2023-03-09 12:00:00+09:00,16220.0,16270.0,16200.0,16250.0,48758,0.0,0.0
2023-03-09 13:00:00+09:00,16250.0,16410.0,16220.0,16230.0,92724,0.0,0.0
2023-03-09 14:00:00+09:00,16230.0,16250.0,16200.0,16210.0,39648,0.0,0.0
2023-03-10 09:00:00+09:00,16050.0,16050.0,15870.0,15950.0,0,0.0,0.0
2023-03-10 10:00:00+09:00,15950.0,16040.0,15900.0,15980.0,74438,0.0,0.0
2023-03-10 11:00:00+09:00,15980.0,15990.0,15900.0,15910.0,33020,0.0,0.0
2023-03-10 12:00:00+09:00,15910.0,15950.0,15880.0,15940.0,31375,0.0,0.0
2023-03-10 13:00:00+09:00,15940.0,15940.0,15820.0,15830.0,60561,0.0,0.0
2023-03-10 14:00:00+09:00,15830.0,15840.0,15780.0,15830.0,61074,0.0,0.0
2023-03-13 09:00:00+09:00,15670.0,15760.0,15430.0,15490.0,0,0.0,0.0
2023-03-13 10:00:00+09:00,15480.0,15570.0,15420.0,15550.0,75990,0.0,0.0
2023-03-13 11:00:00+09:00,15560.0,15790.0,15550.0,15780.0,51015,0.0,0.0
2023-03-13 12:00:00+09:00,15780.0,15830.0,15690.0,15700.0,39887,0.0,0.0
2023-03-13 13:00:00+09:00,15700.0,15710.0,15630.0,15640.0,32994,0.0,0.0
2023-03-13 14:00:00+09:00,15650.0,15680.0,15600.0,15640.0,36672,0.0,0.0
2023-03-14 09:00:00+09:00,15760.0,15760.0,15260.0,15260.0,250922,0.0,0.0
2023-03-14 10:00:00+09:00,15260.0,15380.0,15210.0,15380.0,105905,0.0,0.0
2023-03-14 11:00:00+09:00,15370.0,15740.0,15350.0,15700.0,104830,0.0,0.0
2023-03-14 12:00:00+09:00,15700.0,15800.0,15600.0,15610.0,77494,0.0,0.0
2023-03-14 13:00:00+09:00,15600.0,15690.0,15580.0,15610.0,61017,0.0,0.0
2023-03-14 14:00:00+09:00,15620.0,15630.0,15460.0,15520.0,70228,0.0,0.0
2023-03-15 09:00:00+09:00,15700.0,15700.0,15400.0,15490.0,0,0.0,0.0
2023-03-15 10:00:00+09:00,15480.0,15560.0,15460.0,15460.0,74883,0.0,0.0
2023-03-15 11:00:00+09:00,15460.0,15500.0,15410.0,15420.0,89298,0.0,0.0
2023-03-15 12:00:00+09:00,15420.0,15430.0,15370.0,15370.0,74202,0.0,0.0
2023-03-15 13:00:00+09:00,15370.0,15460.0,15350.0,15350.0,77554,0.0,0.0
2023-03-15 14:00:00+09:00,15350.0,15360.0,15260.0,15330.0,99480,0.0,0.0
2023-03-16 09:00:00+09:00,15260.0,15450.0,15070.0,15390.0,0,0.0,0.0
2023-03-16 10:00:00+09:00,15390.0,15570.0,15310.0,15530.0,82585,0.0,0.0
2023-03-16 11:00:00+09:00,15520.0,15580.0,15460.0,15510.0,46323,0.0,0.0
2023-03-16 12:00:00+09:00,15510.0,15530.0,15380.0,15410.0,56610,0.0,0.0
2023-03-16 13:00:00+09:00,15420.0,15510.0,15400.0,15480.0,52634,0.0,0.0
2023-03-16 14:00:00+09:00,15480.0,15520.0,15400.0,15420.0,61397,0.0,0.0
2023-03-17 09:00:00+09:00,15550.0,15840.0,15460.0,15760.0,0,0.0,0.0
2023-03-17 10:00:00+09:00,15760.0,15940.0,15750.0,15890.0,116627,0.0,0.0
2023-03-17 11:00:00+09:00,15900.0,16010.0,15840.0,15840.0,117714,0.0,0.0
2023-03-17 12:00:00+09:00,15840.0,15890.0,15690.0,15700.0,76279,0.0,0.0
2023-03-17 13:00:00+09:00,15710.0,15760.0,15700.0,15760.0,39142,0.0,0.0
2023-03-17 14:00:00+09:00,15760.0,15950.0,15720.0,15860.0,111767,0.0,0.0
2023-03-20 09:00:00+09:00,15860.0,16500.0,15860.0,16180.0,0,0.0,0.0
2023-03-20 10:00:00+09:00,16200.0,16200.0,15910.0,15990.0,200334,0.0,0.0
2023-03-20 11:00:00+09:00,15990.0,16110.0,15920.0,16100.0,50723,0.0,0.0
2023-03-20 12:00:00+09:00,16090.0,16110.0,15980.0,16000.0,70111,0.0,0.0
2023-03-20 13:00:00+09:00,16000.0,16040.0,15920.0,15930.0,88648,0.0,0.0
2023-03-20 14:00:00+09:00,15940.0,16000.0,15880.0,15890.0,119281,0.0,0.0
2023-03-21 09:00:00+09:00,16060.0,16170.0,15900.0,16150.0,0,0.0,0.0
2023-03-21 10:00:00+09:00,16140.0,16200.0,15960.0,16190.0,126315,0.0,0.0
2023-03-21 11:00:00+09:00,16190.0,16270.0,16160.0,16160.0,103624,0.0,0.0
2023-03-21 12:00:00+09:00,16170.0,16230.0,16090.0,16210.0,51679,0.0,0.0
2023-03-21 13:00:00+09:00,16210.0,16220.0,16150.0,16160.0,56257,0.0,0.0
2023-03-21 14:00:00+09:00,16160.0,16340.0,16150.0,16310.0,99649,0.0,0.0
2023-03-22 09:00:00+09:00,16350.0,16360.0,15900.0,15930.0,234369,0.0,0.0
2023-03-22 10:00:00+09:00,15930.0,15930.0,15740.0,15800.0,137743,0.0,0.0
2023-03-22 11:00:00+09:00,15800.0,15840.0,15770.0,15790.0,82437,0.0,0.0
2023-03-22 12:00:00+09:00,15790.0,15800.0,15760.0,15780.0,60915,0.0,0.0
2023-03-22 13:00:00+09:00,15780.0,15960.0,15760.0,15930.0,136725,0.0,0.0
2023-03-22 14:00:00+09:00,15930.0,16060.0,15920.0,15950.0,212496,0.0,0.0
2023-03-23 09:00:00+09:00,15940.0,16460.0,15820.0,16420.0,362608,0.0,0.0
2023-03-23 10:00:00+09:00,16420.0,16480.0,16290.0,16460.0,152370,0.0,0.0
2023-03-23 11:00:00+09:00,16460.0,16510.0,16450.0,16490.0,131944,0.0,0.0
2023-03-23 12:00:00+09:00,16500.0,16500.0,16340.0,16420.0,70579,0.0,0.0
2023-03-23 13:00:00+09:00,16430.0,16450.0,16200.0,16210.0,103862,0.0,0.0
2023-03-23 14:00:00+09:00,16210.0,16420.0,16150.0,16400.0,179905,0.0,0.0
2023-03-24 09:00:00+09:00,16450.0,16450.0,16080.0,16210.0,0,0.0,0.0
2023-03-24 10:00:00+09:00,16220.0,16420.0,16170.0,16370.0,132338,0.0,0.0
2023-03-24 11:00:00+09:00,16370.0,16390.0,16250.0,16250.0,50542,0.0,0.0
2023-03-24 12:00:00+09:00,16250.0,16360.0,16210.0,16250.0,48069,0.0,0.0
2023-03-24 13:00:00+09:00,16250.0,16310.0,16210.0,16300.0,34522,0.0,0.0
2023-03-24 14:00:00+09:00,16280.0,16400.0,16270.0,16270.0,93270,0.0,0.0
2023-03-27 09:00:00+09:00,16390.0,16460.0,16030.0,16030.0,0,0.0,0.0
2023-03-27 10:00:00+09:00,16030.0,16040.0,15850.0,15850.0,271872,0.0,0.0
2023-03-27 11:00:00+09:00,15860.0,15920.0,15840.0,15860.0,97280,0.0,0.0
2023-03-27 12:00:00+09:00,15860.0,16270.0,15860.0,16210.0,150066,0.0,0.0
2023-03-27 13:00:00+09:00,16210.0,16290.0,16140.0,16180.0,176066,0.0,0.0
2023-03-27 14:00:00+09:00,16180.0,16240.0,16150.0,16200.0,80672,0.0,0.0
2023-03-28 09:00:00+09:00,16250.0,16450.0,16170.0,16300.0,130969,0.0,0.0
2023-03-28 10:00:00+09:00,16290.0,16390.0,16250.0,16300.0,98777,0.0,0.0
2023-03-28 11:00:00+09:00,16300.0,16330.0,16270.0,16310.0,42230,0.0,0.0
2023-03-28 12:00:00+09:00,16300.0,16400.0,16290.0,16330.0,116016,0.0,0.0
2023-03-28 13:00:00+09:00,16340.0,16400.0,16240.0,16250.0,74073,0.0,0.0
2023-03-28 14:00:00+09:00,16250.0,16390.0,16240.0,16350.0,78982,0.0,0.0
2023-03-29 09:00:00+09:00,16420.0,16660.0,16310.0,16570.0,313170,0.0,0.0
2023-03-29 10:00:00+09:00,16570.0,16700.0,16570.0,16700.0,160789,0.0,0.0
2023-03-29 11:00:00+09:00,16690.0,16770.0,16620.0,16670.0,123955,0.0,0.0
2023-03-29 12:00:00+09:00,16670.0,16680.0,16570.0,16620.0,58047,0.0,0.0
2023-03-29 13:00:00+09:00,16630.0,16680.0,16600.0,16680.0,83689,0.0,0.0
2023-03-29 14:00:00+09:00,16670.0,16730.0,16670.0,16730.0,80435,0.0,0.0
2023-03-30 09:00:00+09:00,16800.0,16830.0,16490.0,16520.0,161241,0.0,0.0
2023-03-30 10:00:00+09:00,16520.0,16660.0,16470.0,16650.0,96868,0.0,0.0
2023-03-30 11:00:00+09:00,16650.0,16750.0,16570.0,16620.0,70026,0.0,0.0
2023-03-30 12:00:00+09:00,16620.0,16750.0,16590.0,16700.0,83511,0.0,0.0
2023-03-30 13:00:00+09:00,16700.0,16710.0,16570.0,16620.0,66141,0.0,0.0
2023-03-30 14:00:00+09:00,16620.0,16750.0,16600.0,16720.0,111109,0.0,0.0
2023-03-31 09:00:00+09:00,16750.0,16790.0,16600.0,16700.0,0,0.0,0.0
2023-03-31 10:00:00+09:00,16700.0,16750.0,16650.0,16660.0,66634,0.0,0.0
2023-03-31 11:00:00+09:00,16650.0,16670.0,16580.0,16600.0,56619,0.0,0.0
2023-03-31 12:00:00+09:00,16590.0,16690.0,16580.0,16670.0,39910,0.0,0.0
2023-03-31 13:00:00+09:00,16680.0,16790.0,16670.0,16680.0,90633,0.0,0.0
2023-03-31 14:00:00+09:00,16690.0,16770.0,16650.0,16770.0,80206,0.0,0.0
2023-04-03 09:00:00+09:00,16890.0,17150.0,16820.0,17000.0,0,0.0,0.0
2023-04-03 10:00:00+09:00,16990.0,17090.0,16950.0,17010.0,126963,0.0,0.0
2023-04-03 11:00:00+09:00,17000.0,17050.0,16930.0,16940.0,79707,0.0,0.0
2023-04-03 12:00:00+09:00,16940.0,16990.0,16880.0,16980.0,65459,0.0,0.0
2023-04-03 13:00:00+09:00,16980.0,16990.0,16860.0,16880.0,75904,0.0,0.0
2023-04-03 14:00:00+09:00,16870.0,16920.0,16800.0,16890.0,110215,0.0,0.0
2023-04-04 09:00:00+09:00,16870.0,16970.0,16570.0,16650.0,239771,0.0,0.0
2023-04-04 10:00:00+09:00,16650.0,17100.0,16630.0,17070.0,185055,0.0,0.0
2023-04-04 11:00:00+09:00,17080.0,17080.0,16710.0,16730.0,157737,0.0,0.0
2023-04-04 12:00:00+09:00,16730.0,16800.0,16700.0,16750.0,68414,0.0,0.0
2023-04-04 13:00:00+09:00,16740.0,16840.0,16720.0,16780.0,77196,0.0,0.0
2023-04-04 14:00:00+09:00,16780.0,16810.0,16700.0,16750.0,138135,0.0,0.0
2023-04-05 09:00:00+09:00,16660.0,16770.0,16510.0,16520.0,0,0.0,0.0
2023-04-05 10:00:00+09:00,16530.0,16530.0,16400.0,16440.0,159710,0.0,0.0
2023-04-05 11:00:00+09:00,16440.0,16470.0,16330.0,16370.0,116443,0.0,0.0
2023-04-05 12:00:00+09:00,16370.0,16380.0,16270.0,16310.0,134466,0.0,0.0
2023-04-05 13:00:00+09:00,16310.0,16410.0,16240.0,16250.0,170040,0.0,0.0
2023-04-05 14:00:00+09:00,16240.0,16300.0,16210.0,16230.0,189167,0.0,0.0
2023-04-06 09:00:00+09:00,16250.0,16320.0,16130.0,16200.0,115747,0.0,0.0
2023-04-06 10:00:00+09:00,16200.0,16430.0,16190.0,16410.0,85714,0.0,0.0
2023-04-06 11:00:00+09:00,16410.0,16460.0,16350.0,16360.0,84870,0.0,0.0
2023-04-06 12:00:00+09:00,16370.0,16380.0,16230.0,16230.0,46632,0.0,0.0
2023-04-06 13:00:00+09:00,16230.0,16290.0,16230.0,16270.0,42625,0.0,0.0
2023-04-06 14:00:00+09:00,16280.0,16290.0,16240.0,16290.0,59081,0.0,0.0
2023-04-07 09:00:00+09:00,16350.0,16510.0,16280.0,16490.0,0,0.0,0.0
2023-04-07 10:00:00+09:00,16480.0,16540.0,16360.0,16370.0,107143,0.0,0.0
2023-04-07 11:00:00+09:00,16360.0,16370.0,16290.0,16290.0,57021,0.0,0.0
2023-04-07 12:00:00+09:00,16290.0,16310.0,16270.0,16310.0,30579,0.0,0.0
2023-04-07 13:00:00+09:00,16310.0,16420.0,16290.0,16410.0,34273,0.0,0.0
2023-04-07 14:00:00+09:00,16410.0,16420.0,16340.0,16370.0,29780,0.0,0.0
2023-04-10 09:00:00+09:00,16390.0,16390.0,16020.0,16060.0,0,0.0,0.0
2023-04-10 10:00:00+09:00,16060.0,16110.0,16030.0,16040.0,88726,0.0,0.0
2023-04-10 11:00:00+09:00,16040.0,16140.0,16010.0,16130.0,85242,0.0,0.0
2023-04-10 12:00:00+09:00,16130.0,16190.0,16080.0,16100.0,76957,0.0,0.0
2023-04-10 13:00:00+09:00,16110.0,16170.0,16060.0,16170.0,66250,0.0,0.0
2023-04-10 14:00:00+09:00,16170.0,16210.0,16070.0,16140.0,132422,0.0,0.0
2023-04-11 09:00:00+09:00,16110.0,16360.0,16100.0,16310.0,146401,0.0,0.0
2023-04-11 10:00:00+09:00,16310.0,16540.0,16290.0,16520.0,156657,0.0,0.0
2023-04-11 11:00:00+09:00,16520.0,16530.0,16300.0,16310.0,68014,0.0,0.0
2023-04-11 12:00:00+09:00,16320.0,16370.0,16280.0,16340.0,60588,0.0,0.0
2023-04-11 13:00:00+09:00,16330.0,16360.0,16280.0,16300.0,51362,0.0,0.0
2023-04-11 14:00:00+09:00,16300.0,16330.0,16270.0,16310.0,78446,0.0,0.0
2023-04-12 09:00:00+09:00,16390.0,16480.0,16180.0,16200.0,0,0.0,0.0
2023-04-12 10:00:00+09:00,16210.0,16270.0,16160.0,16210.0,72989,0.0,0.0
2023-04-12 11:00:00+09:00,16220.0,16240.0,16180.0,16220.0,41873,0.0,0.0
2023-04-12 12:00:00+09:00,16220.0,16270.0,16210.0,16250.0,32479,0.0,0.0
2023-04-12 13:00:00+09:00,16250.0,16260.0,16200.0,16220.0,41950,0.0,0.0
2023-04-12 14:00:00+09:00,16210.0,16220.0,16180.0,16190.0,59088,0.0,0.0
2023-04-13 09:00:00+09:00,16200.0,16370.0,16160.0,16180.0,0,0.0,0.0
2023-04-13 10:00:00+09:00,16180.0,16210.0,16070.0,16100.0,131316,0.0,0.0
2023-04-13 11:00:00+09:00,16110.0,16140.0,16080.0,16110.0,54585,0.0,0.0
2023-04-13 12:00:00+09:00,16110.0,16120.0,16040.0,16040.0,80942,0.0,0.0
2023-04-13 13:00:00+09:00,16050.0,16130.0,16020.0,16110.0,161550,0.0,0.0
2023-04-13 14:00:00+09:00,16120.0,16160.0,16050.0,16080.0,150249,0.0,0.0
2023-04-14 09:00:00+09:00,16200.0,16330.0,16130.0,16190.0,126265,0.0,0.0
2023-04-14 10:00:00+09:00,16190.0,16250.0,16120.0,16140.0,108379,0.0,0.0
2023-04-14 11:00:00+09:00,16130.0,16230.0,16100.0,16180.0,112403,0.0,0.0
2023-04-14 12:00:00+09:00,16170.0,16210.0,16150.0,16200.0,35446,0.0,0.0
2023-04-14 13:00:00+09:00,16200.0,16210.0,16100.0,16100.0,83627,0.0,0.0
2023-04-14 14:00:00+09:00,16110.0,16150.0,16090.0,16110.0,104871,0.0,0.0
2023-04-17 09:00:00+09:00,16180.0,16180.0,15920.0,15920.0,0,0.0,0.0
2023-04-17 10:00:00+09:00,15920.0,15920.0,15710.0,15750.0,270698,0.0,0.0
2023-04-17 11:00:00+09:00,15740.0,15860.0,15710.0,15840.0,118687,0.0,0.0
2023-04-17 12:00:00+09:00,15840.0,16020.0,15820.0,15970.0,99884,0.0,0.0
2023-04-17 13:00:00+09:00,15970.0,16000.0,15940.0,15950.0,88798,0.0,0.0
2023-04-17 14:00:00+09:00,15960.0,16020.0,15840.0,15840.0,208553,0.0,0.0
2023-04-18 09:00:00+09:00,15870.0,16070.0,15740.0,15790.0,0,0.0,0.0
2023-04-18 10:00:00+09:00,15790.0,15940.0,15770.0,15880.0,112276,0.0,0.0
2023-04-18 11:00:00+09:00,15880.0,16050.0,15860.0,16020.0,128012,0.0,0.0
2023-04-18 12:00:00+09:00,16030.0,16230.0,15980.0,16230.0,200576,0.0,0.0
2023-04-18 13:00:00+09:00,16220.0,16430.0,16220.0,16360.0,316063,0.0,0.0
2023-04-18 14:00:00+09:00,16370.0,16430.0,16340.0,16420.0,293588,0.0,0.0
2023-04-19 09:00:00+09:00,16490.0,16520.0,16250.0,16370.0,0,0.0,0.0
2023-04-19 10:00:00+09:00,16380.0,16550.0,16370.0,16550.0,134625,0.0,0.0
2023-04-19 11:00:00+09:00,16540.0,16630.0,16530.0,16550.0,128355,0.0,0.0
2023-04-19 12:00:00+09:00,16550.0,16570.0,16420.0,16470.0,133566,0.0,0.0
2023-04-19 13:00:00+09:00,16470.0,16550.0,16430.0,16460.0,145093,0.0,0.0
2023-04-19 14:00:00+09:00,16460.0,16530.0,16430.0,16510.0,96881,0.0,0.0
2023-04-20 09:00:00+09:00,16560.0,16570.0,16350.0,16380.0,0,0.0,0.0
2023-04-20 10:00:00+09:00,16370.0,16410.0,16250.0,16400.0,119982,0.0,0.0
2023-04-20 11:00:00+09:00,16400.0,16410.0,16260.0,16260.0,76937,0.0,0.0
2023-04-20 12:00:00+09:00,16260.0,16270.0,16230.0,16260.0,67387,0.0,0.0
2023-04-20 13:00:00+09:00,16260.0,16580.0,16260.0,16410.0,202830,0.0,0.0
2023-04-20 14:00:00+09:00,16410.0,16460.0,16330.0,16400.0,147584,0.0,0.0
2023-04-21 09:00:00+09:00,16350.0,16360.0,15070.0,15110.0,298147,0.0,0.0
2023-04-21 10:00:00+09:00,15110.0,15360.0,15110.0,15330.0,496585,0.0,0.0
2023-04-21 11:00:00+09:00,15340.0,15340.0,14980.0,14990.0,678978,0.0,0.0
2023-04-21 12:00:00+09:00,14990.0,14990.0,14810.0,14840.0,497355,0.0,0.0
2023-04-21 13:00:00+09:00,14840.0,14860.0,14750.0,14750.0,556342,0.0,0.0
2023-04-21 14:00:00+09:00,14750.0,14770.0,14640.0,14650.0,648583,0.0,0.0
2023-04-24 09:00:00+09:00,14700.0,14760.0,14460.0,14650.0,0,0.0,0.0
2023-04-24 10:00:00+09:00,14660.0,14870.0,14580.0,14720.0,299331,0.0,0.0
2023-04-24 11:00:00+09:00,14720.0,14720.0,14600.0,14630.0,90179,0.0,0.0
2023-04-24 12:00:00+09:00,14630.0,14640.0,14550.0,14570.0,87870,0.0,0.0
2023-04-24 13:00:00+09:00,14580.0,14800.0,14550.0,14750.0,126695,0.0,0.0
2023-04-24 14:00:00+09:00,14750.0,14870.0,14670.0,14850.0,142067,0.0,0.0
2023-04-25 09:00:00+09:00,14750.0,14980.0,14730.0,14930.0,0,0.0,0.0
2023-04-25 10:00:00+09:00,14920.0,15050.0,14820.0,14830.0,154290,0.0,0.0
2023-04-25 11:00:00+09:00,14830.0,14860.0,14610.0,14780.0,270813,0.0,0.0
2023-04-25 12:00:00+09:00,14780.0,14890.0,14730.0,14760.0,128929,0.0,0.0
2023-04-25 13:00:00+09:00,14750.0,14870.0,14730.0,14770.0,76043,0.0,0.0
2023-04-25 14:00:00+09:00,14770.0,14800.0,14710.0,14800.0,80639,0.0,0.0
2023-04-26 09:00:00+09:00,14750.0,15020.0,14690.0,14970.0,160095,0.0,0.0
2023-04-26 10:00:00+09:00,14990.0,15180.0,14960.0,15180.0,191581,0.0,0.0
2023-04-26 11:00:00+09:00,15190.0,15190.0,14960.0,14980.0,83324,0.0,0.0
2023-04-26 12:00:00+09:00,14980.0,15060.0,14950.0,15040.0,46197,0.0,0.0
2023-04-26 13:00:00+09:00,15040.0,15120.0,15010.0,15080.0,89804,0.0,0.0
2023-04-26 14:00:00+09:00,15070.0,15190.0,15040.0,15160.0,151662,0.0,0.0
2023-04-27 09:00:00+09:00,15200.0,15250.0,15000.0,15120.0,143419,0.0,0.0
2023-04-27 10:00:00+09:00,15130.0,15220.0,15130.0,15180.0,137705,0.0,0.0
2023-04-27 11:00:00+09:00,15180.0,15220.0,15140.0,15150.0,36178,0.0,0.0
2023-04-27 12:00:00+09:00,15150.0,15150.0,15060.0,15110.0,44938,0.0,0.0
2023-04-27 13:00:00+09:00,15120.0,15170.0,15080.0,15130.0,54266,0.0,0.0
2023-04-27 14:00:00+09:00,15140.0,15190.0,15130.0,15150.0,55501,0.0,0.0
2023-04-28 09:00:00+09:00,15180.0,15420.0,15040.0,15380.0,311056,0.0,0.0
2023-04-28 10:00:00+09:00,15380.0,15460.0,15320.0,15340.0,152458,0.0,0.0
2023-04-28 11:00:00+09:00,15340.0,15420.0,15250.0,15260.0,84431,0.0,0.0
2023-04-28 12:00:00+09:00,15260.0,15340.0,15210.0,15290.0,47416,0.0,0.0
2023-04-28 13:00:00+09:00,15280.0,15310.0,15240.0,15270.0,53216,0.0,0.0
2023-04-28 14:00:00+09:00,15270.0,15310.0,15240.0,15260.0,50725,0.0,0.0
2023-05-02 09:00:00+09:00,15360.0,15660.0,15250.0,15450.0,0,0.0,0.0
2023-05-02 10:00:00+09:00,15450.0,15560.0,15390.0,15510.0,88464,0.0,0.0
2023-05-02 11:00:00+09:00,15520.0,15550.0,15460.0,15510.0,37748,0.0,0.0
2023-05-02 12:00:00+09:00,15520.0,15650.0,15490.0,15610.0,69389,0.0,0.0
2023-05-02 13:00:00+09:00,15610.0,15750.0,15580.0,15720.0,164562,0.0,0.0
2023-05-02 14:00:00+09:00,15710.0,15750.0,15630.0,15750.0,84576,0.0,0.0
2023-05-03 09:00:00+09:00,15690.0,15930.0,15600.0,15630.0,265921,0.0,0.0
2023-05-03 10:00:00+09:00,15620.0,15690.0,15590.0,15600.0,60845,0.0,0.0
2023-05-03 11:00:00+09:00,15590.0,15650.0,15580.0,15600.0,65162,0.0,0.0
2023-05-03 12:00:00+09:00,15600.0,15610.0,15550.0,15580.0,54259,0.0,0.0
2023-05-03 13:00:00+09:00,15590.0,15590.0,15550.0,15590.0,73172,0.0,0.0
2023-05-03 14:00:00+09:00,15580.0,15640.0,15580.0,15600.0,115642,0.0,0.0
2023-05-04 09:00:00+09:00,15580.0,15590.0,15370.0,15410.0,0,0.0,0.0
2023-05-04 10:00:00+09:00,15410.0,15410.0,15290.0,15310.0,83167,0.0,0.0
2023-05-04 11:00:00+09:00,15320.0,15380.0,15310.0,15330.0,35627,0.0,0.0
2023-05-04 12:00:00+09:00,15330.0,15390.0,15300.0,15360.0,38527,0.0,0.0
2023-05-04 13:00:00+09:00,15370.0,15450.0,15350.0,15430.0,35068,0.0,0.0
2023-05-04 14:00:00+09:00,15430.0,15520.0,15420.0,15420.0,73014,0.0,0.0
2023-05-08 09:00:00+09:00,15480.0,15480.0,15160.0,15200.0,0,0.0,0.0
2023-05-08 10:00:00+09:00,15200.0,15270.0,15130.0,15140.0,139783,0.0,0.0
2023-05-08 11:00:00+09:00,15140.0,15160.0,15050.0,15060.0,122766,0.0,0.0
2023-05-08 12:00:00+09:00,15070.0,15070.0,14960.0,14980.0,155714,0.0,0.0
2023-05-08 13:00:00+09:00,14980.0,15010.0,14900.0,14910.0,241657,0.0,0.0
2023-05-08 14:00:00+09:00,14910.0,14950.0,14880.0,14900.0,353091,0.0,0.0
2023-05-09 09:00:00+09:00,14930.0,15080.0,14860.0,14900.0,176378,0.0,0.0
2023-05-09 10:00:00+09:00,14900.0,14930.0,14830.0,14900.0,84958,0.0,0.0
2023-05-09 11:00:00+09:00,14900.0,14920.0,14870.0,14900.0,74289,0.0,0.0
2023-05-09 12:00:00+09:00,14890.0,14930.0,14860.0,14910.0,59327,0.0,0.0
2023-05-09 13:00:00+09:00,14920.0,14970.0,14890.0,14890.0,97159,0.0,0.0
2023-05-09 14:00:00+09:00,14900.0,14970.0,14890.0,14920.0,111284,0.0,0.0
2023-05-10 09:00:00+09:00,14950.0,15230.0,14950.0,15170.0,224100,0.0,0.0
2023-05-10 10:00:00+09:00,15170.0,15230.0,14930.0,14960.0,126622,0.0,0.0
2023-05-10 11:00:00+09:00,14970.0,15080.0,14910.0,15050.0,92763,0.0,0.0
2023-05-10 12:00:00+09:00,15050.0,15150.0,15040.0,15150.0,67097,0.0,0.0
2023-05-10 13:00:00+09:00,15140.0,15150.0,15070.0,15110.0,80894,0.0,0.0
2023-05-10 14:00:00+09:00,15100.0,15110.0,14980.0,15000.0,122983,0.0,0.0
2023-05-11 09:00:00+09:00,15200.0,15230.0,15060.0,15120.0,192893,0.0,0.0
2023-05-11 10:00:00+09:00,15120.0,15120.0,14980.0,15000.0,161713,0.0,0.0
2023-05-11 11:00:00+09:00,14990.0,15030.0,14970.0,14980.0,129927,0.0,0.0
2023-05-11 12:00:00+09:00,14990.0,15000.0,14960.0,14980.0,77624,0.0,0.0
2023-05-11 13:00:00+09:00,14970.0,15070.0,14960.0,15040.0,85269,0.0,0.0
2023-05-11 14:00:00+09:00,15030.0,15110.0,15010.0,15090.0,84847,0.0,0.0
2023-05-12 09:00:00+09:00,15000.0,15180.0,14910.0,15170.0,0,0.0,0.0
2023-05-12 10:00:00+09:00,15170.0,15200.0,14970.0,15030.0,210537,0.0,0.0
2023-05-12 11:00:00+09:00,15040.0,15160.0,15020.0,15050.0,107873,0.0,0.0
2023-05-12 12:00:00+09:00,15050.0,15130.0,15010.0,15130.0,118838,0.0,0.0
2023-05-12 13:00:00+09:00,15130.0,15140.0,15040.0,15040.0,115910,0.0,0.0
2023-05-12 14:00:00+09:00,15040.0,15090.0,15000.0,15090.0,85310,0.0,0.0
2023-05-15 09:00:00+09:00,15100.0,15100.0,14830.0,14890.0,0,0.0,0.0
2023-05-15 10:00:00+09:00,14900.0,14930.0,14750.0,14910.0,181944,0.0,0.0
2023-05-15 11:00:00+09:00,14910.0,14970.0,14850.0,14870.0,72051,0.0,0.0
2023-05-15 12:00:00+09:00,14870.0,14960.0,14850.0,14950.0,68140,0.0,0.0
2023-05-15 13:00:00+09:00,14960.0,15020.0,14910.0,14940.0,77795,0.0,0.0
2023-05-15 14:00:00+09:00,14940.0,15000.0,14930.0,14960.0,73807,0.0,0.0
2023-05-16 09:00:00+09:00,15010.0,15070.0,14950.0,14970.0,56653,0.0,0.0
2023-05-16 10:00:00+09:00,14970.0,14980.0,14860.0,14940.0,98216,0.0,0.0
2023-05-16 11:00:00+09:00,14940.0,14960.0,14900.0,14940.0,38684,0.0,0.0
2023-05-16 12:00:00+09:00,14940.0,14940.0,14860.0,14870.0,39686,0.0,0.0
2023-05-16 13:00:00+09:00,14870.0,14880.0,14800.0,14830.0,90044,0.0,0.0
2023-05-16 14:00:00+09:00,14830.0,14830.0,14770.0,14790.0,68123,0.0,0.0
2023-05-17 09:00:00+09:00,14750.0,14890.0,14750.0,14870.0,60242,0.0,0.0
2023-05-17 10:00:00+09:00,14870.0,15010.0,14870.0,15010.0,78732,0.0,0.0
2023-05-17 11:00:00+09:00,15010.0,15110.0,14980.0,15070.0,82074,0.0,0.0
2023-05-17 12:00:00+09:00,15070.0,15100.0,15020.0,15060.0,57190,0.0,0.0
2023-05-17 13:00:00+09:00,15070.0,15080.0,15030.0,15050.0,48422,0.0,0.0
2023-05-17 14:00:00+09:00,15050.0,15170.0,15030.0,15160.0,99043,0.0,0.0
2023-05-18 09:00:00+09:00,15210.0,15340.0,15110.0,15140.0,217048,0.0,0.0
2023-05-18 10:00:00+09:00,15140.0,15170.0,15080.0,15090.0,64317,0.0,0.0
2023-05-18 11:00:00+09:00,15080.0,15100.0,15060.0,15070.0,45594,0.0,0.0
2023-05-18 12:00:00+09:00,15060.0,15100.0,15060.0,15100.0,29575,0.0,0.0
2023-05-18 13:00:00+09:00,15100.0,15100.0,15050.0,15060.0,44578,0.0,0.0
2023-05-18 14:00:00+09:00,15060.0,15140.0,15040.0,15100.0,44026,0.0,0.0
2023-05-19 09:00:00+09:00,15090.0,15190.0,14990.0,15090.0,105742,0.0,0.0
2023-05-19 10:00:00+09:00,15090.0,15180.0,15080.0,15130.0,60698,0.0,0.0
2023-05-19 11:00:00+09:00,15130.0,15160.0,15090.0,15090.0,39963,0.0,0.0
2023-05-19 12:00:00+09:00,15090.0,15130.0,15090.0,15100.0,42409,0.0,0.0
2023-05-19 13:00:00+09:00,15090.0,15150.0,15080.0,15120.0,33629,0.0,0.0
2023-05-19 14:00:00+09:00,15120.0,15240.0,15090.0,15190.0,147380,0.0,0.0
2023-05-22 09:00:00+09:00,15250.0,15250.0,15100.0,15230.0,0,0.0,0.0
2023-05-22 10:00:00+09:00,15230.0,15310.0,15230.0,15310.0,69428,0.0,0.0
2023-05-22 11:00:00+09:00,15310.0,15310.0,15250.0,15250.0,61735,0.0,0.0
2023-05-22 12:00:00+09:00,15250.0,15300.0,15230.0,15250.0,50008,0.0,0.0
2023-05-22 13:00:00+09:00,15250.0,15270.0,15210.0,15230.0,41605,0.0,0.0
2023-05-22 14:00:00+09:00,15220.0,15250.0,15190.0,15210.0,66125,0.0,0.0
2023-05-23 09:00:00+09:00,15160.0,15250.0,15090.0,15090.0,0,0.0,0.0
2023-05-23 10:00:00+09:00,15090.0,15210.0,15060.0,15170.0,47471,0.0,0.0
2023-05-23 11:00:00+09:00,15180.0,15290.0,15170.0,15260.0,55286,0.0,0.0
2023-05-23 12:00:00+09:00,15260.0,15310.0,15250.0,15260.0,43915,0.0,0.0
2023-05-23 13:00:00+09:00,15260.0,15280.0,15250.0,15280.0,27611,0.0,0.0
2023-05-23 14:00:00+09:00,15280.0,15300.0,15270.0,15300.0,34766,0.0,0.0
2023-05-24 09:00:00+09:00,15120.0,15150.0,15060.0,15070.0,97361,0.0,0.0
2023-05-24 10:00:00+09:00,15070.0,15090.0,15050.0,15090.0,37535,0.0,0.0
2023-05-24 11:00:00+09:00,15090.0,15110.0,15080.0,15100.0,16676,0.0,0.0
2023-05-24 12:00:00+09:00,15100.0,15110.0,15060.0,15080.0,21212,0.0,0.0
2023-05-24 13:00:00+09:00,15080.0,15080.0,15030.0,15030.0,46040,0.0,0.0
2023-05-24 14:00:00+09:00,15030.0,15080.0,15020.0,15040.0,42549,0.0,0.0
2023-05-25 09:00:00+09:00,14950.0,15060.0,14920.0,14930.0,58832,0.0,0.0
2023-05-25 10:00:00+09:00,14940.0,14940.0,14770.0,14790.0,134770,0.0,0.0
2023-05-25 11:00:00+09:00,14790.0,14820.0,14790.0,14800.0,38842,0.0,0.0
2023-05-25 12:00:00+09:00,14800.0,14810.0,14790.0,14800.0,31823,0.0,0.0
2023-05-25 13:00:00+09:00,14800.0,14800.0,14770.0,14780.0,47476,0.0,0.0
2023-05-25 14:00:00+09:00,14770.0,14780.0,14680.0,14700.0,181825,0.0,0.0
2023-05-26 09:00:00+09:00,14700.0,14710.0,14590.0,14680.0,0,0.0,0.0
2023-05-26 10:00:00+09:00,14690.0,14760.0,14640.0,14640.0,37354,0.0,0.0
2023-05-26 11:00:00+09:00,14640.0,14680.0,14630.0,14650.0,20858,0.0,0.0
2023-05-26 12:00:00+09:00,14650.0,14700.0,14640.0,14690.0,17806,0.0,0.0
2023-05-26 13:00:00+09:00,14690.0,14790.0,14630.0,14740.0,57833,0.0,0.0
2023-05-26 14:00:00+09:00,14730.0,14850.0,14730.0,14790.0,89523,0.0,0.0
2023-05-30 09:00:00+09:00,14800.0,14800.0,14570.0,14590.0,0,0.0,0.0
2023-05-30 10:00:00+09:00,14590.0,14650.0,14590.0,14590.0,56777,0.0,0.0
2023-05-30 11:00:00+09:00,14590.0,14600.0,14400.0,14410.0,184903,0.0,0.0
2023-05-30 12:00:00+09:00,14400.0,14420.0,14360.0,14380.0,96950,0.0,0.0
2023-05-30 13:00:00+09:00,14380.0,14430.0,14370.0,14420.0,73357,0.0,0.0
2023-05-30 14:00:00+09:00,14420.0,14480.0,14420.0,14480.0,78197,0.0,0.0
2023-05-31 09:00:00+09:00,14440.0,14580.0,14410.0,14530.0,72353,0.0,0.0
2023-05-31 10:00:00+09:00,14540.0,14540.0,14460.0,14460.0,47012,0.0,0.0
2023-05-31 11:00:00+09:00,14460.0,14460.0,14360.0,14380.0,68979,0.0,0.0
2023-05-31 12:00:00+09:00,14390.0,14410.0,14380.0,14380.0,34336,0.0,0.0
2023-05-31 13:00:00+09:00,14380.0,14390.0,14320.0,14330.0,72302,0.0,0.0
2023-05-31 14:00:00+09:00,14330.0,14340.0,14310.0,14320.0,102947,0.0,0.0
2023-06-01 09:00:00+09:00,14370.0,14400.0,14260.0,14340.0,0,0.0,0.0
2023-06-01 10:00:00+09:00,14350.0,14660.0,14310.0,14470.0,264266,0.0,0.0
2023-06-01 11:00:00+09:00,14480.0,14490.0,14350.0,14470.0,113628,0.0,0.0
2023-06-01 12:00:00+09:00,14480.0,14500.0,14430.0,14430.0,41228,0.0,0.0
2023-06-01 13:00:00+09:00,14430.0,14540.0,14380.0,14430.0,113309,0.0,0.0
2023-06-01 14:00:00+09:00,14430.0,14430.0,14380.0,14380.0,84193,0.0,0.0
2023-06-02 09:00:00+09:00,14500.0,14500.0,14320.0,14410.0,0,0.0,0.0
2023-06-02 10:00:00+09:00,14410.0,14410.0,14290.0,14310.0,91046,0.0,0.0
2023-06-02 11:00:00+09:00,14310.0,14320.0,14290.0,14320.0,36388,0.0,0.0
2023-06-02 12:00:00+09:00,14300.0,14350.0,14300.0,14330.0,28955,0.0,0.0
2023-06-02 13:00:00+09:00,14330.0,14330.0,14290.0,14320.0,48007,0.0,0.0
2023-06-02 14:00:00+09:00,14310.0,14360.0,14290.0,14330.0,70680,0.0,0.0
2023-06-05 09:00:00+09:00,14500.0,14670.0,14440.0,14570.0,0,0.0,0.0
2023-06-05 10:00:00+09:00,14580.0,14580.0,14420.0,14450.0,112449,0.0,0.0
2023-06-05 11:00:00+09:00,14450.0,14520.0,14430.0,14460.0,40539,0.0,0.0
2023-06-05 12:00:00+09:00,14460.0,14520.0,14460.0,14520.0,26168,0.0,0.0
2023-06-05 13:00:00+09:00,14520.0,14520.0,14440.0,14440.0,39001,0.0,0.0
2023-06-05 14:00:00+09:00,14440.0,14490.0,14440.0,14470.0,42686,0.0,0.0
2023-06-07 09:00:00+09:00,14510.0,14620.0,14480.0,14600.0,0,0.0,0.0
2023-06-07 10:00:00+09:00,14610.0,14620.0,14560.0,14560.0,60805,0.0,0.0
2023-06-07 11:00:00+09:00,14550.0,14590.0,14540.0,14580.0,43803,0.0,0.0
2023-06-07 12:00:00+09:00,14580.0,14600.0,14560.0,14580.0,28343,0.0,0.0
2023-06-07 13:00:00+09:00,14580.0,14590.0,14520.0,14530.0,73085,0.0,0.0
2023-06-07 14:00:00+09:00,14520.0,14540.0,14470.0,14480.0,67639,0.0,0.0
2023-06-08 09:00:00+09:00,14490.0,14490.0,14370.0,14380.0,0,0.0,0.0
2023-06-08 10:00:00+09:00,14380.0,14390.0,14320.0,14340.0,76017,0.0,0.0
2023-06-08 11:00:00+09:00,14360.0,14370.0,14330.0,14340.0,37979,0.0,0.0
2023-06-08 12:00:00+09:00,14340.0,14350.0,14300.0,14300.0,73766,0.0,0.0
2023-06-08 13:00:00+09:00,14300.0,14320.0,14270.0,14280.0,80157,0.0,0.0
2023-06-08 14:00:00+09:00,14280.0,14300.0,14270.0,14290.0,68686,0.0,0.0
2023-06-09 09:00:00+09:00,14360.0,14490.0,14290.0,14390.0,119419,0.0,0.0
2023-06-09 10:00:00+09:00,14370.0,14390.0,14290.0,14300.0,60284,0.0,0.0
2023-06-09 11:00:00+09:00,14310.0,14310.0,14270.0,14280.0,68737,0.0,0.0
2023-06-09 12:00:00+09:00,14280.0,14320.0,14270.0,14270.0,54022,0.0,0.0
2023-06-09 13:00:00+09:00,14270.0,14290.0,14160.0,14180.0,142450,0.0,0.0
2023-06-09 14:00:00+09:00,14190.0,14200.0,14120.0,14140.0,226309,0.0,0.0
2023-06-12 09:00:00+09:00,14180.0,14180.0,13890.0,13920.0,0,0.0,0.0
2023-06-12 10:00:00+09:00,13920.0,13960.0,13730.0,13750.0,227477,0.0,0.0
2023-06-12 11:00:00+09:00,13750.0,13750.0,13610.0,13640.0,175140,0.0,0.0
2023-06-12 12:00:00+09:00,13640.0,13680.0,13630.0,13660.0,76549,0.0,0.0
2023-06-12 13:00:00+09:00,13650.0,13840.0,13650.0,13820.0,132618,0.0,0.0
2023-06-12 14:00:00+09:00,13820.0,13910.0,13790.0,13880.0,162185,0.0,0.0
2023-06-13 09:00:00+09:00,13950.0,14190.0,13950.0,14170.0,261294,0.0,0.0
2023-06-13 10:00:00+09:00,14160.0,14230.0,14130.0,14140.0,102116,0.0,0.0
2023-06-13 11:00:00+09:00,14150.0,14190.0,14090.0,14090.0,67205,0.0,0.0
2023-06-13 12:00:00+09:00,14090.0,14110.0,14070.0,14090.0,36512,0.0,0.0
2023-06-13 13:00:00+09:00,14100.0,14110.0,13940.0,13940.0,117236,0.0,0.0
2023-06-13 14:00:00+09:00,13940.0,14010.0,13930.0,13950.0,112615,0.0,0.0
2023-06-14 09:00:00+09:00,13960.0,13970.0,13800.0,13840.0,122199,0.0,0.0
2023-06-14 10:00:00+09:00,13840.0,13860.0,13810.0,13810.0,58586,0.0,0.0
2023-06-14 11:00:00+09:00,13810.0,13820.0,13700.0,13710.0,126069,0.0,0.0
2023-06-14 12:00:00+09:00,13710.0,13750.0,13710.0,13720.0,50350,0.0,0.0
2023-06-14 13:00:00+09:00,13720.0,13740.0,13650.0,13670.0,79364,0.0,0.0
2023-06-14 14:00:00+09:00,13670.0,13780.0,13640.0,13760.0,86260,0.0,0.0
2023-06-15 09:00:00+09:00,13800.0,13820.0,13700.0,13710.0,0,0.0,0.0
2023-06-15 10:00:00+09:00,13710.0,13720.0,13490.0,13500.0,202303,0.0,0.0
2023-06-15 11:00:00+09:00,13500.0,13560.0,13480.0,13520.0,90909,0.0,0.0
2023-06-15 12:00:00+09:00,13530.0,13610.0,13530.0,13580.0,70581,0.0,0.0
2023-06-15 13:00:00+09:00,13600.0,13610.0,13530.0,13560.0,60282,0.0,0.0
2023-06-15 14:00:00+09:00,13560.0,13610.0,13550.0,13590.0,67691,0.0,0.0
2023-06-16 09:00:00+09:00,13650.0,13890.0,13650.0,13820.0,0,0.0,0.0
2023-06-16 10:00:00+09:00,13810.0,13840.0,13770.0,13800.0,42309,0.0,0.0
2023-06-16 11:00:00+09:00,13810.0,13840.0,13800.0,13810.0,36695,0.0,0.0
2023-06-16 12:00:00+09:00,13810.0,13810.0,13730.0,13750.0,45147,0.0,0.0
2023-06-16 13:00:00+09:00,13750.0,13790.0,13740.0,13790.0,41345,0.0,0.0
2023-06-16 14:00:00+09:00,13790.0,13810.0,13750.0,13760.0,49965,0.0,0.0
2023-06-19 09:00:00+09:00,13770.0,14030.0,13700.0,13850.0,0,0.0,0.0
2023-06-19 10:00:00+09:00,13850.0,13950.0,13830.0,13880.0,61074,0.0,0.0
2023-06-19 11:00:00+09:00,13890.0,13890.0,13790.0,13800.0,62105,0.0,0.0
2023-06-19 12:00:00+09:00,13800.0,13830.0,13790.0,13810.0,22331,0.0,0.0
2023-06-19 13:00:00+09:00,13810.0,13840.0,13780.0,13790.0,54995,0.0,0.0
2023-06-19 14:00:00+09:00,13800.0,13910.0,13780.0,13890.0,57659,0.0,0.0
2023-06-20 09:00:00+09:00,14100.0,14510.0,14090.0,14260.0,708896,0.0,0.0
2023-06-20 10:00:00+09:00,14260.0,14270.0,14170.0,14220.0,124359,0.0,0.0
2023-06-20 11:00:00+09:00,14210.0,14260.0,14150.0,14160.0,98932,0.0,0.0
2023-06-20 12:00:00+09:00,14150.0,14230.0,14140.0,14210.0,74385,0.0,0.0
2023-06-20 13:00:00+09:00,14200.0,14210.0,14100.0,14140.0,179914,0.0,0.0
2023-06-20 14:00:00+09:00,14140.0,14250.0,14130.0,14180.0,178173,0.0,0.0
2023-06-21 09:00:00+09:00,14140.0,14580.0,14100.0,14460.0,448974,0.0,0.0
2023-06-21 10:00:00+09:00,14460.0,14550.0,14380.0,14510.0,186881,0.0,0.0
2023-06-21 11:00:00+09:00,14510.0,14630.0,14500.0,14580.0,271097,0.0,0.0
2023-06-21 12:00:00+09:00,14590.0,14640.0,14520.0,14610.0,169795,0.0,0.0
2023-06-21 13:00:00+09:00,14610.0,14630.0,14550.0,14580.0,109542,0.0,0.0
2023-06-21 14:00:00+09:00,14580.0,14590.0,14460.0,14570.0,210130,0.0,0.0
2023-06-22 09:00:00+09:00,14500.0,14550.0,14300.0,14510.0,0,0.0,0.0
2023-06-22 10:00:00+09:00,14510.0,14630.0,14470.0,14510.0,85755,0.0,0.0
2023-06-22 11:00:00+09:00,14520.0,14560.0,14500.0,14540.0,52144,0.0,0.0
2023-06-22 12:00:00+09:00,14550.0,14550.0,14440.0,14450.0,100519,0.0,0.0
2023-06-22 13:00:00+09:00,14460.0,14520.0,14400.0,14450.0,73666,0.0,0.0
2023-06-22 14:00:00+09:00,14450.0,14500.0,14440.0,14470.0,69319,0.0,0.0
2023-06-23 09:00:00+09:00,14530.0,14530.0,14330.0,14430.0,96257,0.0,0.0
2023-06-23 10:00:00+09:00,14440.0,14550.0,14420.0,14520.0,74715,0.0,0.0
2023-06-23 11:00:00+09:00,14520.0,14540.0,14460.0,14470.0,79288,0.0,0.0
2023-06-23 12:00:00+09:00,14480.0,14500.0,14440.0,14480.0,59403,0.0,0.0
2023-06-23 13:00:00+09:00,14490.0,14520.0,14450.0,14460.0,55468,0.0,0.0
2023-06-23 14:00:00+09:00,14460.0,14480.0,14360.0,14410.0,83049,0.0,0.0
2023-06-26 09:00:00+09:00,14470.0,14470.0,14000.0,14010.0,0,0.0,0.0
2023-06-26 10:00:00+09:00,14010.0,14160.0,14000.0,14150.0,72852,0.0,0.0
2023-06-26 11:00:00+09:00,14150.0,14170.0,14110.0,14140.0,31778,0.0,0.0
2023-06-26 12:00:00+09:00,14140.0,14160.0,14100.0,14140.0,29077,0.0,0.0
2023-06-26 13:00:00+09:00,14150.0,14150.0,14020.0,14020.0,55990,0.0,0.0
2023-06-26 14:00:00+09:00,14030.0,14030.0,13960.0,13980.0,112019,0.0,0.0
2023-06-27 09:00:00+09:00,14000.0,14370.0,13940.0,14290.0,234931,0.0,0.0
2023-06-27 10:00:00+09:00,14290.0,14290.0,14100.0,14250.0,135438,0.0,0.0
2023-06-27 11:00:00+09:00,14260.0,14270.0,14060.0,14070.0,64567,0.0,0.0
2023-06-27 12:00:00+09:00,14060.0,14130.0,14050.0,14100.0,44848,0.0,0.0
2023-06-27 13:00:00+09:00,14100.0,14150.0,14060.0,14080.0,44126,0.0,0.0
2023-06-27 14:00:00+09:00,14080.0,14120.0,14050.0,14110.0,43764,0.0,0.0
2023-06-28 09:00:00+09:00,14110.0,14240.0,14060.0,14200.0,0,0.0,0.0
2023-06-28 10:00:00+09:00,14190.0,14290.0,14160.0,14170.0,85270,0.0,0.0
2023-06-28 11:00:00+09:00,14170.0,14270.0,14170.0,14240.0,30725,0.0,0.0
2023-06-28 12:00:00+09:00,14230.0,14300.0,14210.0,14290.0,43778,0.0,0.0
2023-06-28 13:00:00+09:00,14290.0,14300.0,14250.0,14260.0,63351,0.0,0.0
2023-06-28 14:00:00+09:00,14260.0,14280.0,14170.0,14190.0,91504,0.0,0.0
2023-06-29 09:00:00+09:00,14240.0,14260.0,14050.0,14140.0,109007,0.0,0.0
2023-06-29 10:00:00+09:00,14130.0,14150.0,13960.0,13990.0,102486,0.0,0.0
2023-06-29 11:00:00+09:00,13980.0,13980.0,13850.0,13860.0,87105,0.0,0.0
2023-06-29 12:00:00+09:00,13850.0,13900.0,13840.0,13890.0,43455,0.0,0.0
2023-06-29 13:00:00+09:00,13890.0,13920.0,13860.0,13860.0,51549,0.0,0.0
2023-06-29 14:00:00+09:00,13860.0,13870.0,13810.0,13870.0,67973,0.0,0.0
2023-06-30 09:00:00+09:00,13870.0,14170.0,13820.0,13930.0,150729,0.0,0.0
2023-06-30 10:00:00+09:00,13940.0,14020.0,13920.0,13930.0,71494,0.0,0.0
2023-06-30 11:00:00+09:00,13930.0,13960.0,13910.0,13910.0,32696,0.0,0.0
2023-06-30 12:00:00+09:00,13920.0,14020.0,13900.0,14020.0,52347,0.0,0.0
2023-06-30 13:00:00+09:00,14020.0,14160.0,14020.0,14110.0,130277,0.0,0.0
2023-06-30 14:00:00+09:00,14110.0,14210.0,14100.0,14150.0,123470,0.0,0.0
2023-07-03 09:00:00+09:00,14230.0,14270.0,14110.0,14130.0,0,0.0,0.0
2023-07-03 10:00:00+09:00,14130.0,14750.0,14080.0,14550.0,579982,0.0,0.0
2023-07-03 11:00:00+09:00,14540.0,14560.0,14370.0,14470.0,189538,0.0,0.0
2023-07-03 12:00:00+09:00,14470.0,14470.0,14410.0,14440.0,50923,0.0,0.0
2023-07-03 13:00:00+09:00,14450.0,14480.0,14360.0,14440.0,136334,0.0,0.0
2023-07-03 14:00:00+09:00,14440.0,14550.0,14390.0,14520.0,144660,0.0,0.0
2023-07-04 09:00:00+09:00,14750.0,15100.0,14610.0,14670.0,1010462,0.0,0.0
2023-07-04 10:00:00+09:00,14670.0,14840.0,14660.0,14740.0,145871,0.0,0.0
2023-07-04 11:00:00+09:00,14730.0,14730.0,14600.0,14610.0,106807,0.0,0.0
2023-07-04 12:00:00+09:00,14600.0,14610.0,14510.0,14550.0,114318,0.0,0.0
2023-07-04 13:00:00+09:00,14550.0,14580.0,14480.0,14530.0,115898,0.0,0.0
2023-07-04 14:00:00+09:00,14530.0,14600.0,14490.0,14510.0,88741,0.0,0.0
2023-07-05 09:00:00+09:00,14580.0,14840.0,14550.0,14790.0,0,0.0,0.0
2023-07-05 10:00:00+09:00,14800.0,14830.0,14580.0,14630.0,142504,0.0,0.0
2023-07-05 11:00:00+09:00,14620.0,14650.0,14520.0,14560.0,92198,0.0,0.0
2023-07-05 12:00:00+09:00,14560.0,14620.0,14560.0,14580.0,45846,0.0,0.0
2023-07-05 13:00:00+09:00,14570.0,14600.0,14510.0,14540.0,57367,0.0,0.0
2023-07-05 14:00:00+09:00,14530.0,14540.0,14460.0,14490.0,80252,0.0,0.0
2023-07-06 09:00:00+09:00,14520.0,14520.0,14150.0,14300.0,254752,0.0,0.0
2023-07-06 10:00:00+09:00,14300.0,14410.0,14300.0,14340.0,46585,0.0,0.0
2023-07-06 11:00:00+09:00,14330.0,14340.0,14220.0,14230.0,61236,0.0,0.0
2023-07-06 12:00:00+09:00,14220.0,14230.0,14160.0,14170.0,65049,0.0,0.0
2023-07-06 13:00:00+09:00,14170.0,14170.0,14060.0,14070.0,170040,0.0,0.0
2023-07-06 14:00:00+09:00,14070.0,14160.0,14060.0,14060.0,100664,0.0,0.0
2023-07-07 09:00:00+09:00,14200.0,14410.0,14180.0,14380.0,0,0.0,0.0
2023-07-07 10:00:00+09:00,14370.0,14380.0,14220.0,14250.0,79716,0.0,0.0
2023-07-07 11:00:00+09:00,14250.0,14270.0,14210.0,14260.0,48278,0.0,0.0
2023-07-07 12:00:00+09:00,14260.0,14340.0,14220.0,14300.0,47867,0.0,0.0
2023-07-07 13:00:00+09:00,14300.0,14320.0,14260.0,14300.0,44543,0.0,0.0
2023-07-07 14:00:00+09:00,14300.0,14340.0,14280.0,14320.0,61423,0.0,0.0
2023-07-10 09:00:00+09:00,14430.0,14470.0,14200.0,14300.0,0,0.0,0.0
2023-07-10 10:00:00+09:00,14300.0,14330.0,14240.0,14330.0,69611,0.0,0.0
2023-07-10 11:00:00+09:00,14330.0,14390.0,14310.0,14370.0,57308,0.0,0.0
2023-07-10 12:00:00+09:00,14370.0,14490.0,14360.0,14480.0,78820,0.0,0.0
2023-07-10 13:00:00+09:00,14480.0,14670.0,14480.0,14560.0,165152,0.0,0.0
2023-07-10 14:00:00+09:00,14580.0,14610.0,14470.0,14470.0,99713,0.0,0.0
2023-07-11 09:00:00+09:00,14530.0,14620.0,14430.0,14590.0,138954,0.0,0.0
2023-07-11 10:00:00+09:00,14590.0,14640.0,14550.0,14550.0,71749,0.0,0.0
2023-07-11 11:00:00+09:00,14550.0,14590.0,14540.0,14570.0,30530,0.0,0.0
2023-07-11 12:00:00+09:00,14570.0,14600.0,14540.0,14550.0,38262,0.0,0.0
2023-07-11 13:00:00+09:00,14540.0,14600.0,14540.0,14590.0,36673,0.0,0.0
2023-07-11 14:00:00+09:00,14590.0,14680.0,14580.0,14680.0,94092,0.0,0.0
2023-07-12 09:00:00+09:00,14610.0,14950.0,14560.0,14820.0,222190,0.0,0.0
2023-07-12 10:00:00+09:00,14830.0,14980.0,14770.0,14820.0,136258,0.0,0.0
2023-07-12 11:00:00+09:00,14820.0,14830.0,14760.0,14780.0,59486,0.0,0.0
2023-07-12 12:00:00+09:00,14780.0,14870.0,14780.0,14840.0,58296,0.0,0.0
2023-07-12 13:00:00+09:00,14830.0,14900.0,14800.0,14900.0,89554,0.0,0.0
2023-07-12 14:00:00+09:00,14890.0,14900.0,14820.0,14860.0,103496,0.0,0.0
2023-07-13 09:00:00+09:00,14980.0,14980.0,14720.0,14730.0,0,0.0,0.0
2023-07-13 10:00:00+09:00,14730.0,14790.0,14710.0,14750.0,119570,0.0,0.0
2023-07-13 11:00:00+09:00,14750.0,14760.0,14660.0,14690.0,103612,0.0,0.0
2023-07-13 12:00:00+09:00,14690.0,14690.0,14600.0,14620.0,115516,0.0,0.0
2023-07-13 13:00:00+09:00,14620.0,14640.0,14520.0,14530.0,114323,0.0,0.0
2023-07-13 14:00:00+09:00,14540.0,14670.0,14520.0,14650.0,80668,0.0,0.0
2023-07-14 09:00:00+09:00,14680.0,15270.0,14670.0,15070.0,0,0.0,0.0
2023-07-14 10:00:00+09:00,15080.0,15100.0,14930.0,14980.0,162333,0.0,0.0
2023-07-14 11:00:00+09:00,14980.0,15010.0,14980.0,14980.0,60566,0.0,0.0
2023-07-14 12:00:00+09:00,14990.0,15060.0,14970.0,15000.0,98890,0.0,0.0
2023-07-14 13:00:00+09:00,15000.0,15050.0,14970.0,15020.0,65867,0.0,0.0
2023-07-14 14:00:00+09:00,15020.0,15030.0,14940.0,14970.0,90452,0.0,0.0
2023-07-17 09:00:00+09:00,14930.0,14980.0,14810.0,14870.0,0,0.0,0.0
2023-07-17 10:00:00+09:00,14880.0,15000.0,14810.0,14810.0,112511,0.0,0.0
2023-07-17 11:00:00+09:00,14810.0,14840.0,14650.0,14670.0,172425,0.0,0.0
2023-07-17 12:00:00+09:00,14660.0,14680.0,14610.0,14620.0,112499,0.0,0.0
2023-07-17 13:00:00+09:00,14620.0,14700.0,14580.0,14690.0,110361,0.0,0.0
2023-07-17 14:00:00+09:00,14700.0,14740.0,14680.0,14730.0,64646,0.0,0.0
2023-07-18 09:00:00+09:00,14680.0,14810.0,14530.0,14550.0,147457,0.0,0.0
2023-07-18 10:00:00+09:00,14550.0,14600.0,14490.0,14510.0,104172,0.0,0.0
2023-07-18 11:00:00+09:00,14510.0,14520.0,14470.0,14490.0,82401,0.0,0.0
2023-07-18 12:00:00+09:00,14490.0,14520.0,14480.0,14520.0,49605,0.0,0.0
2023-07-18 13:00:00+09:00,14490.0,14520.0,14400.0,14420.0,97265,0.0,0.0
2023-07-18 14:00:00+09:00,14420.0,14420.0,14370.0,14400.0,77625,0.0,0.0
2023-07-19 09:00:00+09:00,14420.0,14590.0,14300.0,14560.0,164084,0.0,0.0
2023-07-19 10:00:00+09:00,14550.0,14560.0,14300.0,14370.0,101041,0.0,0.0
2023-07-19 11:00:00+09:00,14370.0,14370.0,14180.0,14290.0,177054,0.0,0.0
2023-07-19 12:00:00+09:00,14290.0,14350.0,14270.0,14340.0,61432,0.0,0.0
2023-07-19 13:00:00+09:00,14350.0,14540.0,14320.0,14530.0,76256,0.0,0.0
2023-07-19 14:00:00+09:00,14530.0,14560.0,14420.0,14460.0,105985,0.0,0.0
2023-07-20 09:00:00+09:00,14460.0,14490.0,14060.0,14090.0,232896,0.0,0.0
2023-07-20 10:00:00+09:00,14090.0,14250.0,14090.0,14190.0,48603,0.0,0.0
2023-07-20 11:00:00+09:00,14190.0,14260.0,14170.0,14230.0,58815,0.0,0.0
2023-07-20 12:00:00+09:00,14240.0,14270.0,14220.0,14230.0,28348,0.0,0.0
2023-07-20 13:00:00+09:00,14240.0,14250.0,14120.0,14160.0,113473,0.0,0.0
2023-07-20 14:00:00+09:00,14130.0,14160.0,14080.0,14130.0,138985,0.0,0.0
2023-07-21 09:00:00+09:00,14130.0,14140.0,13880.0,13940.0,175778,0.0,0.0
2023-07-21 10:00:00+09:00,13960.0,13980.0,13900.0,13970.0,62720,0.0,0.0
2023-07-21 11:00:00+09:00,13970.0,14010.0,13930.0,13950.0,45214,0.0,0.0
2023-07-21 12:00:00+09:00,13960.0,14020.0,13940.0,13960.0,49586,0.0,0.0
2023-07-21 13:00:00+09:00,13960.0,13980.0,13910.0,13930.0,30987,0.0,0.0
2023-07-21 14:00:00+09:00,13920.0,13930.0,13890.0,13900.0,81952,0.0,0.0
2023-07-24 09:00:00+09:00,13920.0,13920.0,13580.0,13650.0,0,0.0,0.0
2023-07-24 10:00:00+09:00,13650.0,13750.0,13610.0,13640.0,106342,0.0,0.0
2023-07-24 11:00:00+09:00,13650.0,13760.0,13640.0,13670.0,68499,0.0,0.0
2023-07-24 12:00:00+09:00,13670.0,13730.0,13660.0,13660.0,34912,0.0,0.0
2023-07-24 13:00:00+09:00,13660.0,13660.0,13580.0,13610.0,101884,0.0,0.0
2023-07-24 14:00:00+09:00,13620.0,13620.0,13550.0,13590.0,119601,0.0,0.0
2023-07-25 09:00:00+09:00,13580.0,13620.0,13270.0,13340.0,253856,0.0,0.0
2023-07-25 10:00:00+09:00,13360.0,13520.0,13360.0,13440.0,107340,0.0,0.0
2023-07-25 11:00:00+09:00,13440.0,13440.0,13350.0,13420.0,65526,0.0,0.0
2023-07-25 12:00:00+09:00,13420.0,13430.0,13290.0,13330.0,81219,0.0,0.0
2023-07-25 13:00:00+09:00,13330.0,13340.0,13260.0,13280.0,80615,0.0,0.0
2023-07-25 14:00:00+09:00,13270.0,13280.0,13160.0,13240.0,250044,0.0,0.0
2023-07-26 09:00:00+09:00,13160.0,13170.0,12900.0,12940.0,255581,0.0,0.0
2023-07-26 10:00:00+09:00,12940.0,12940.0,12640.0,12700.0,294502,0.0,0.0
2023-07-26 11:00:00+09:00,12710.0,12770.0,12590.0,12720.0,178113,0.0,0.0
2023-07-26 12:00:00+09:00,12730.0,12750.0,12580.0,12590.0,158471,0.0,0.0
2023-07-26 13:00:00+09:00,12590.0,12830.0,12570.0,12780.0,161818,0.0,0.0
2023-07-26 14:00:00+09:00,12780.0,12850.0,12690.0,12770.0,156738,0.0,0.0
2023-07-27 09:00:00+09:00,12810.0,13450.0,12810.0,13380.0,385477,0.0,0.0
2023-07-27 10:00:00+09:00,13380.0,13780.0,13380.0,13740.0,316948,0.0,0.0
2023-07-27 11:00:00+09:00,13750.0,13940.0,13710.0,13900.0,198829,0.0,0.0
2023-07-27 12:00:00+09:00,13900.0,14000.0,13880.0,13990.0,174322,0.0,0.0
2023-07-27 13:00:00+09:00,13990.0,14120.0,13970.0,14100.0,249661,0.0,0.0
2023-07-27 14:00:00+09:00,14090.0,14140.0,14040.0,14090.0,190542,0.0,0.0
2023-07-28 09:00:00+09:00,14080.0,14080.0,13760.0,13930.0,265612,0.0,0.0
2023-07-28 10:00:00+09:00,13940.0,14170.0,13890.0,14010.0,192994,0.0,0.0
2023-07-28 11:00:00+09:00,14000.0,14100.0,14000.0,14100.0,68621,0.0,0.0
2023-07-28 12:00:00+09:00,14110.0,14160.0,14020.0,14060.0,76714,0.0,0.0
2023-07-28 13:00:00+09:00,14050.0,14140.0,14020.0,14070.0,79299,0.0,0.0
2023-07-28 14:00:00+09:00,14080.0,14100.0,14060.0,14100.0,77508,0.0,0.0
2023-07-31 09:00:00+09:00,14280.0,14340.0,14060.0,14210.0,0,0.0,0.0
2023-07-31 10:00:00+09:00,14210.0,14350.0,14160.0,14280.0,121007,0.0,0.0
2023-07-31 11:00:00+09:00,14280.0,14300.0,14200.0,14220.0,57123,0.0,0.0
2023-07-31 12:00:00+09:00,14220.0,14330.0,14220.0,14290.0,65628,0.0,0.0
2023-07-31 13:00:00+09:00,14290.0,14450.0,14290.0,14390.0,125651,0.0,0.0
2023-07-31 14:00:00+09:00,14400.0,14420.0,14360.0,14360.0,102874,0.0,0.0
2023-08-01 09:00:00+09:00,14300.0,14520.0,14260.0,14500.0,124834,0.0,0.0
2023-08-01 10:00:00+09:00,14500.0,14550.0,14360.0,14400.0,88742,0.0,0.0
2023-08-01 11:00:00+09:00,14370.0,14380.0,14220.0,14280.0,107499,0.0,0.0
2023-08-01 12:00:00+09:00,14280.0,14310.0,14220.0,14220.0,79320,0.0,0.0
2023-08-01 13:00:00+09:00,14230.0,14230.0,14100.0,14120.0,120651,0.0,0.0
2023-08-01 14:00:00+09:00,14120.0,14200.0,14090.0,14200.0,99382,0.0,0.0
2023-08-02 09:00:00+09:00,14270.0,14410.0,14150.0,14350.0,116566,0.0,0.0
2023-08-02 10:00:00+09:00,14350.0,14370.0,14190.0,14290.0,97217,0.0,0.0
2023-08-02 11:00:00+09:00,14280.0,14300.0,14120.0,14180.0,74416,0.0,0.0
2023-08-02 12:00:00+09:00,14180.0,14220.0,14060.0,14080.0,89885,0.0,0.0
2023-08-02 13:00:00+09:00,14080.0,14120.0,14000.0,14020.0,73639,0.0,0.0
2023-08-02 14:00:00+09:00,14020.0,14190.0,14010.0,14140.0,74468,0.0,0.0
2023-08-03 09:00:00+09:00,14210.0,14220.0,13970.0,14080.0,111050,0.0,0.0
2023-08-03 10:00:00+09:00,14080.0,14160.0,14000.0,14010.0,75998,0.0,0.0
2023-08-03 11:00:00+09:00,14010.0,14050.0,13980.0,14030.0,60314,0.0,0.0
2023-08-03 12:00:00+09:00,14030.0,14080.0,13980.0,14020.0,49992,0.0,0.0
2023-08-03 13:00:00+09:00,14020.0,14060.0,13980.0,13980.0,58704,0.0,0.0
2023-08-03 14:00:00+09:00,13990.0,14040.0,13930.0,13990.0,117782,0.0,0.0
2023-08-04 09:00:00+09:00,13950.0,14530.0,13920.0,14530.0,302088,0.0,0.0
2023-08-04 10:00:00+09:00,14530.0,14550.0,14320.0,14430.0,119568,0.0,0.0
2023-08-04 11:00:00+09:00,14440.0,14450.0,14320.0,14360.0,48908,0.0,0.0
2023-08-04 12:00:00+09:00,14360.0,14400.0,14320.0,14380.0,32905,0.0,0.0
2023-08-04 13:00:00+09:00,14380.0,14410.0,14340.0,14400.0,48841,0.0,0.0
2023-08-04 14:00:00+09:00,14400.0,14440.0,14370.0,14430.0,48476,0.0,0.0
2023-08-07 09:00:00+09:00,14430.0,14500.0,14360.0,14400.0,0,0.0,0.0
2023-08-07 10:00:00+09:00,14400.0,14540.0,14380.0,14410.0,99447,0.0,0.0
2023-08-07 11:00:00+09:00,14420.0,14480.0,14370.0,14440.0,52258,0.0,0.0
2023-08-07 12:00:00+09:00,14450.0,14460.0,14400.0,14450.0,36057,0.0,0.0
2023-08-07 13:00:00+09:00,14450.0,14460.0,14400.0,14420.0,39736,0.0,0.0
2023-08-07 14:00:00+09:00,14410.0,14530.0,14400.0,14520.0,106107,0.0,0.0
2023-08-08 09:00:00+09:00,14580.0,14650.0,14420.0,14530.0,139949,0.0,0.0
2023-08-08 10:00:00+09:00,14530.0,14540.0,14450.0,14470.0,64974,0.0,0.0
2023-08-08 11:00:00+09:00,14480.0,14480.0,14420.0,14450.0,38972,0.0,0.0
2023-08-08 12:00:00+09:00,14450.0,14470.0,14410.0,14470.0,28884,0.0,0.0
2023-08-08 13:00:00+09:00,14470.0,14470.0,14430.0,14450.0,21751,0.0,0.0
2023-08-08 14:00:00+09:00,14450.0,14460.0,14340.0,14360.0,65862,0.0,0.0
2023-08-09 09:00:00+09:00,14380.0,14380.0,14190.0,14230.0,117161,0.0,0.0
2023-08-09 10:00:00+09:00,14240.0,14260.0,14150.0,14170.0,91876,0.0,0.0
2023-08-09 11:00:00+09:00,14170.0,14210.0,14160.0,14170.0,49210,0.0,0.0
2023-08-09 12:00:00+09:00,14180.0,14450.0,14170.0,14370.0,74784,0.0,0.0
2023-08-09 13:00:00+09:00,14370.0,14450.0,14320.0,14360.0,87804,0.0,0.0
2023-08-09 14:00:00+09:00,14370.0,14440.0,14330.0,14390.0,52690,0.0,0.0
2023-08-10 09:00:00+09:00,16300.0,16650.0,15520.0,16510.0,5647294,0.0,0.0
2023-08-10 10:00:00+09:00,16510.0,17740.0,16460.0,17330.0,6931038,0.0,0.0
2023-08-10 11:00:00+09:00,17330.0,17340.0,16670.0,16940.0,2489962,0.0,0.0
2023-08-10 12:00:00+09:00,16940.0,17220.0,16780.0,17030.0,1652347,0.0,0.0
2023-08-10 13:00:00+09:00,17030.0,17060.0,16730.0,17000.0,1145076,0.0,0.0
2023-08-10 14:00:00+09:00,17000.0,17400.0,16960.0,17050.0,2170457,0.0,0.0
2023-08-11 09:00:00+09:00,17650.0,17810.0,16800.0,17260.0,4629485,0.0,0.0
2023-08-11 10:00:00+09:00,17260.0,17370.0,17090.0,17240.0,690995,0.0,0.0
2023-08-11 11:00:00+09:00,17240.0,17350.0,17170.0,17320.0,302013,0.0,0.0
2023-08-11 12:00:00+09:00,17310.0,17380.0,17270.0,17350.0,289503,0.0,0.0
2023-08-11 13:00:00+09:00,17340.0,17500.0,17310.0,17360.0,469825,0.0,0.0
2023-08-11 14:00:00+09:00,17350.0,17740.0,17270.0,17710.0,908503,0.0,0.0
2023-08-14 09:00:00+09:00,17800.0,18550.0,17800.0,18050.0,0,0.0,0.0
2023-08-14 10:00:00+09:00,18050.0,18340.0,17940.0,18010.0,926339,0.0,0.0
2023-08-14 11:00:00+09:00,18010.0,18360.0,18010.0,18320.0,645238,0.0,0.0
2023-08-14 12:00:00+09:00,18320.0,18350.0,18200.0,18230.0,287514,0.0,0.0
2023-08-14 13:00:00+09:00,18230.0,18260.0,17900.0,17990.0,433086,0.0,0.0
2023-08-14 14:00:00+09:00,17980.0,18020.0,17870.0,17980.0,442151,0.0,0.0
2023-08-16 09:00:00+09:00,17880.0,17980.0,17310.0,17440.0,0,0.0,0.0
2023-08-16 10:00:00+09:00,17440.0,17520.0,17320.0,17370.0,421703,0.0,0.0
2023-08-16 11:00:00+09:00,17360.0,17580.0,17350.0,17500.0,256134,0.0,0.0
2023-08-16 12:00:00+09:00,17490.0,17790.0,17490.0,17690.0,262013,0.0,0.0
2023-08-16 13:00:00+09:00,17700.0,17830.0,17550.0,17630.0,247803,0.0,0.0
2023-08-16 14:00:00+09:00,17610.0,17850.0,17590.0,17800.0,244065,0.0,0.0
2023-08-17 09:00:00+09:00,17410.0,17420.0,16700.0,16960.0,860313,0.0,0.0
2023-08-17 10:00:00+09:00,16980.0,17110.0,16790.0,17000.0,355132,0.0,0.0
2023-08-17 11:00:00+09:00,17000.0,17060.0,16910.0,16990.0,171673,0.0,0.0
2023-08-17 12:00:00+09:00,17000.0,17080.0,16910.0,17080.0,134720,0.0,0.0
2023-08-17 13:00:00+09:00,17080.0,17170.0,17020.0,17160.0,179065,0.0,0.0
2023-08-17 14:00:00+09:00,17150.0,17210.0,17070.0,17130.0,187087,0.0,0.0
2023-08-18 09:00:00+09:00,16960.0,17470.0,16750.0,16790.0,1002477,0.0,0.0
2023-08-18 10:00:00+09:00,16800.0,17090.0,16720.0,16940.0,307354,0.0,0.0
2023-08-18 11:00:00+09:00,16930.0,17200.0,16900.0,17000.0,241533,0.0,0.0
2023-08-18 12:00:00+09:00,17000.0,17000.0,16850.0,16900.0,129644,0.0,0.0
2023-08-18 13:00:00+09:00,16890.0,17190.0,16890.0,17140.0,198461,0.0,0.0
2023-08-18 14:00:00+09:00,17150.0,17270.0,17040.0,17140.0,352680,0.0,0.0
2023-08-21 09:00:00+09:00,16850.0,17260.0,16350.0,17180.0,0,0.0,0.0
2023-08-21 10:00:00+09:00,17180.0,17210.0,16880.0,16990.0,191581,0.0,0.0
2023-08-21 11:00:00+09:00,16990.0,17070.0,16860.0,16950.0,74053,0.0,0.0
2023-08-21 12:00:00+09:00,16950.0,17000.0,16820.0,16880.0,58558,0.0,0.0
2023-08-21 13:00:00+09:00,16880.0,16930.0,16650.0,16700.0,165648,0.0,0.0
2023-08-21 14:00:00+09:00,16690.0,16720.0,16580.0,16600.0,202471,0.0,0.0
2023-08-22 09:00:00+09:00,16700.0,16800.0,16510.0,16760.0,304661,0.0,0.0
2023-08-22 10:00:00+09:00,16760.0,16790.0,16590.0,16690.0,146058,0.0,0.0
2023-08-22 11:00:00+09:00,16690.0,16870.0,16690.0,16780.0,108617,0.0,0.0
2023-08-22 12:00:00+09:00,16760.0,16770.0,16660.0,16690.0,56842,0.0,0.0
2023-08-22 13:00:00+09:00,16700.0,16700.0,16560.0,16600.0,119085,0.0,0.0
2023-08-22 14:00:00+09:00,16610.0,16640.0,16550.0,16560.0,105426,0.0,0.0
2023-08-23 09:00:00+09:00,16680.0,16920.0,16610.0,16760.0,351978,0.0,0.0
2023-08-23 10:00:00+09:00,16760.0,17100.0,16760.0,16950.0,277523,0.0,0.0
2023-08-23 11:00:00+09:00,16950.0,17000.0,16830.0,16830.0,88329,0.0,0.0
2023-08-23 12:00:00+09:00,16860.0,16880.0,16800.0,16800.0,48948,0.0,0.0
2023-08-23 13:00:00+09:00,16810.0,16810.0,16660.0,16720.0,102024,0.0,0.0
2023-08-23 14:00:00+09:00,16730.0,16770.0,16600.0,16640.0,126207,0.0,0.0
2023-08-24 09:00:00+09:00,16800.0,17180.0,16470.0,17070.0,588541,0.0,0.0
2023-08-24 10:00:00+09:00,17080.0,17200.0,16940.0,17060.0,348551,0.0,0.0
2023-08-24 11:00:00+09:00,17060.0,17150.0,16970.0,17090.0,121396,0.0,0.0
2023-08-24 12:00:00+09:00,17090.0,17120.0,17000.0,17100.0,80548,0.0,0.0
2023-08-24 13:00:00+09:00,17100.0,17100.0,17010.0,17020.0,102596,0.0,0.0
2023-08-24 14:00:00+09:00,17020.0,17070.0,16940.0,17040.0,150821,0.0,0.0
2023-08-25 09:00:00+09:00,16940.0,17160.0,16760.0,17030.0,270875,0.0,0.0
2023-08-25 10:00:00+09:00,17020.0,17110.0,16960.0,17060.0,110955,0.0,0.0
2023-08-25 11:00:00+09:00,17060.0,17170.0,16980.0,16980.0,147283,0.0,0.0
2023-08-25 12:00:00+09:00,17000.0,17060.0,16990.0,17000.0,92485,0.0,0.0
2023-08-25 13:00:00+09:00,17010.0,17060.0,16980.0,17050.0,54429,0.0,0.0
2023-08-25 14:00:00+09:00,17050.0,17080.0,16990.0,17060.0,91903,0.0,0.0
2023-08-28 09:00:00+09:00,17470.0,17900.0,17310.0,17390.0,94576,0.0,0.0
2023-08-28 10:00:00+09:00,17390.0,17420.0,17190.0,17330.0,256927,0.0,0.0
2023-08-28 11:00:00+09:00,17320.0,17330.0,17210.0,17290.0,120110,0.0,0.0
2023-08-28 12:00:00+09:00,17280.0,17300.0,17120.0,17160.0,132828,0.0,0.0
2023-08-28 13:00:00+09:00,17170.0,17230.0,17110.0,17110.0,89622,0.0,0.0
2023-08-28 14:00:00+09:00,17120.0,17170.0,17100.0,17150.0,124503,0.0,0.0
2023-08-29 09:00:00+09:00,17260.0,17270.0,16900.0,17110.0,300095,0.0,0.0
2023-08-29 10:00:00+09:00,17110.0,17140.0,16950.0,16980.0,129076,0.0,0.0
2023-08-29 11:00:00+09:00,16980.0,16980.0,16920.0,16960.0,76564,0.0,0.0
2023-08-29 12:00:00+09:00,16960.0,17070.0,16910.0,17060.0,76447,0.0,0.0
2023-08-29 13:00:00+09:00,17060.0,17070.0,16940.0,16940.0,94704,0.0,0.0
2023-08-29 14:00:00+09:00,16940.0,16950.0,16780.0,16800.0,233571,0.0,0.0
2023-08-30 09:00:00+09:00,16950.0,16950.0,16690.0,16730.0,221929,0.0,0.0
2023-08-30 10:00:00+09:00,16730.0,16890.0,16720.0,16870.0,77619,0.0,0.0
2023-08-30 11:00:00+09:00,16880.0,16880.0,16730.0,16750.0,76168,0.0,0.0
2023-08-30 12:00:00+09:00,16750.0,16790.0,16740.0,16760.0,30516,0.0,0.0
2023-08-30 13:00:00+09:00,16760.0,16990.0,16750.0,16980.0,117906,0.0,0.0
2023-08-30 14:00:00+09:00,16970.0,17000.0,16880.0,16880.0,96954,0.0,0.0
2023-08-31 09:00:00+09:00,16860.0,16960.0,16710.0,16770.0,222667,0.0,0.0
2023-08-31 10:00:00+09:00,16770.0,16790.0,16710.0,16750.0,78261,0.0,0.0
2023-08-31 11:00:00+09:00,16750.0,16790.0,16720.0,16760.0,69159,0.0,0.0
2023-08-31 12:00:00+09:00,16760.0,16790.0,16720.0,16740.0,56725,0.0,0.0
2023-08-31 13:00:00+09:00,16750.0,16860.0,16720.0,16860.0,88217,0.0,0.0
2023-08-31 14:00:00+09:00,16860.0,16880.0,16780.0,16810.0,100029,0.0,0.0
2023-09-01 09:00:00+09:00,16860.0,17040.0,16810.0,16820.0,211033,0.0,0.0
2023-09-01 10:00:00+09:00,16830.0,17170.0,16760.0,17160.0,316281,0.0,0.0
2023-09-01 11:00:00+09:00,17170.0,17180.0,16970.0,16970.0,157459,0.0,0.0
2023-09-01 12:00:00+09:00,16970.0,17120.0,16950.0,17090.0,104174,0.0,0.0
2023-09-01 13:00:00+09:00,17090.0,17420.0,17050.0,17350.0,435501,0.0,0.0
2023-09-01 14:00:00+09:00,17340.0,17340.0,17100.0,17140.0,248334,0.0,0.0
2023-09-04 09:00:00+09:00,17230.0,17230.0,16800.0,16820.0,0,0.0,0.0
2023-09-04 10:00:00+09:00,16820.0,16840.0,16710.0,16840.0,161356,0.0,0.0
2023-09-04 11:00:00+09:00,16840.0,17020.0,16840.0,17000.0,77490,0.0,0.0
2023-09-04 12:00:00+09:00,17010.0,17140.0,16980.0,17070.0,97722,0.0,0.0
2023-09-04 13:00:00+09:00,17070.0,17080.0,17000.0,17070.0,55236,0.0,0.0
2023-09-04 14:00:00+09:00,17060.0,17090.0,17040.0,17070.0,65819,0.0,0.0
2023-09-05 09:00:00+09:00,17100.0,17490.0,16980.0,17030.0,501437,0.0,0.0
2023-09-05 10:00:00+09:00,17030.0,17100.0,16870.0,16900.0,163107,0.0,0.0
2023-09-05 11:00:00+09:00,16900.0,16960.0,16860.0,16870.0,82668,0.0,0.0
2023-09-05 12:00:00+09:00,16880.0,16930.0,16830.0,16870.0,77242,0.0,0.0
2023-09-05 13:00:00+09:00,16880.0,16880.0,16790.0,16830.0,108558,0.0,0.0
2023-09-05 14:00:00+09:00,16830.0,16890.0,16830.0,16880.0,44985,0.0,0.0
2023-09-06 09:00:00+09:00,17000.0,17220.0,16900.0,17140.0,327611,0.0,0.0
2023-09-06 10:00:00+09:00,17140.0,17440.0,17080.0,17310.0,424359,0.0,0.0
2023-09-06 11:00:00+09:00,17310.0,17400.0,17250.0,17380.0,127308,0.0,0.0
2023-09-06 12:00:00+09:00,17380.0,17400.0,17300.0,17380.0,117614,0.0,0.0
2023-09-06 13:00:00+09:00,17380.0,17500.0,17250.0,17330.0,336264,0.0,0.0
2023-09-06 14:00:00+09:00,17330.0,17420.0,17270.0,17280.0,213630,0.0,0.0
2023-09-07 09:00:00+09:00,17330.0,17350.0,16930.0,16990.0,317158,0.0,0.0
2023-09-07 10:00:00+09:00,16980.0,17140.0,16950.0,17040.0,98616,0.0,0.0
2023-09-07 11:00:00+09:00,17040.0,17090.0,17000.0,17070.0,31227,0.0,0.0
2023-09-07 12:00:00+09:00,17070.0,17080.0,17000.0,17020.0,42466,0.0,0.0
2023-09-07 13:00:00+09:00,17020.0,17110.0,16990.0,17060.0,75089,0.0,0.0
2023-09-07 14:00:00+09:00,17060.0,17190.0,17050.0,17110.0,95623,0.0,0.0
2023-09-08 09:00:00+09:00,17200.0,17430.0,17140.0,17400.0,268219,0.0,0.0
2023-09-08 10:00:00+09:00,17410.0,17640.0,17330.0,17490.0,354500,0.0,0.0
2023-09-08 11:00:00+09:00,17500.0,17520.0,17370.0,17400.0,92633,0.0,0.0
2023-09-08 12:00:00+09:00,17400.0,17590.0,17380.0,17530.0,127744,0.0,0.0
2023-09-08 13:00:00+09:00,17530.0,17630.0,17470.0,17610.0,143421,0.0,0.0
2023-09-08 14:00:00+09:00,17610.0,17610.0,17480.0,17510.0,148487,0.0,0.0
2023-09-11 09:00:00+09:00,17600.0,17610.0,17270.0,17580.0,0,0.0,0.0
2023-09-11 10:00:00+09:00,17570.0,17610.0,17370.0,17390.0,123085,0.0,0.0
2023-09-11 11:00:00+09:00,17390.0,17430.0,17330.0,17370.0,87298,0.0,0.0
2023-09-11 12:00:00+09:00,17370.0,17510.0,17370.0,17460.0,46447,0.0,0.0
2023-09-11 13:00:00+09:00,17480.0,17540.0,17430.0,17480.0,82446,0.0,0.0
2023-09-11 14:00:00+09:00,17480.0,17600.0,17440.0,17480.0,107814,0.0,0.0
2023-09-12 09:00:00+09:00,17550.0,17730.0,17400.0,17400.0,285392,0.0,0.0
2023-09-12 10:00:00+09:00,17400.0,17400.0,17150.0,17230.0,195509,0.0,0.0
2023-09-12 11:00:00+09:00,17240.0,17240.0,17150.0,17180.0,55392,0.0,0.0
2023-09-12 12:00:00+09:00,17180.0,17190.0,17050.0,17080.0,100090,0.0,0.0
2023-09-12 13:00:00+09:00,17080.0,17090.0,16850.0,16860.0,199698,0.0,0.0
2023-09-12 14:00:00+09:00,16860.0,16930.0,16780.0,16930.0,152291,0.0,0.0
2023-09-13 09:00:00+09:00,16930.0,17130.0,16810.0,17090.0,168521,0.0,0.0
2023-09-13 10:00:00+09:00,17080.0,17170.0,16880.0,16970.0,105311,0.0,0.0
2023-09-13 11:00:00+09:00,16970.0,16980.0,16900.0,16960.0,26607,0.0,0.0
2023-09-13 12:00:00+09:00,16960.0,17010.0,16950.0,17000.0,29460,0.0,0.0
2023-09-13 13:00:00+09:00,17000.0,17040.0,16940.0,17030.0,51408,0.0,0.0
2023-09-13 14:00:00+09:00,17030.0,17030.0,16930.0,16960.0,72624,0.0,0.0
2023-09-14 09:00:00+09:00,17090.0,17120.0,16910.0,16940.0,97970,0.0,0.0
2023-09-14 10:00:00+09:00,16940.0,17110.0,16880.0,17030.0,77963,0.0,0.0
2023-09-14 11:00:00+09:00,17030.0,17090.0,16950.0,16950.0,42983,0.0,0.0
2023-09-14 12:00:00+09:00,16960.0,17000.0,16890.0,16910.0,38778,0.0,0.0
2023-09-14 13:00:00+09:00,16900.0,16950.0,16850.0,16870.0,99909,0.0,0.0
2023-09-14 14:00:00+09:00,16860.0,16950.0,16820.0,16950.0,108530,0.0,0.0
2023-09-15 09:00:00+09:00,16800.0,17100.0,16800.0,17070.0,187141,0.0,0.0
2023-09-15 10:00:00+09:00,17060.0,17060.0,16950.0,16970.0,54598,0.0,0.0
2023-09-15 11:00:00+09:00,16970.0,17020.0,16900.0,16980.0,63377,0.0,0.0
2023-09-15 12:00:00+09:00,16980.0,17030.0,16940.0,16940.0,41672,0.0,0.0
2023-09-15 13:00:00+09:00,16950.0,16970.0,16930.0,16940.0,34516,0.0,0.0
2023-09-15 14:00:00+09:00,16930.0,16970.0,16850.0,16960.0,91418,0.0,0.0
2023-09-18 09:00:00+09:00,16900.0,17120.0,16850.0,17020.0,0,0.0,0.0
2023-09-18 10:00:00+09:00,17020.0,17060.0,16970.0,17020.0,66743,0.0,0.0
2023-09-18 11:00:00+09:00,17020.0,17040.0,16950.0,16980.0,45258,0.0,0.0
2023-09-18 12:00:00+09:00,16970.0,17030.0,16960.0,17000.0,31178,0.0,0.0
2023-09-18 13:00:00+09:00,16990.0,17060.0,16980.0,17040.0,58329,0.0,0.0
2023-09-18 14:00:00+09:00,17030.0,17050.0,16960.0,16960.0,74845,0.0,0.0
2023-09-19 09:00:00+09:00,17050.0,17300.0,16970.0,17020.0,235914,0.0,0.0
2023-09-19 10:00:00+09:00,17010.0,17090.0,16980.0,17050.0,69935,0.0,0.0
2023-09-19 11:00:00+09:00,17050.0,17060.0,16890.0,16900.0,75022,0.0,0.0
2023-09-19 12:00:00+09:00,16900.0,16980.0,16890.0,16920.0,43911,0.0,0.0
2023-09-19 13:00:00+09:00,16920.0,16930.0,16820.0,16840.0,94660,0.0,0.0
2023-09-19 14:00:00+09:00,16850.0,16860.0,16760.0,16820.0,134884,0.0,0.0
2023-09-20 09:00:00+09:00,16840.0,16850.0,16720.0,16720.0,100120,0.0,0.0
2023-09-20 10:00:00+09:00,16730.0,16760.0,16720.0,16750.0,37960,0.0,0.0
2023-09-20 11:00:00+09:00,16750.0,16760.0,16580.0,16600.0,127541,0.0,0.0
2023-09-20 12:00:00+09:00,16600.0,16670.0,16530.0,16570.0,123933,0.0,0.0
2023-09-20 13:00:00+09:00,16580.0,16730.0,16540.0,16640.0,73216,0.0,0.0
2023-09-20 14:00:00+09:00,16640.0,16690.0,16590.0,16650.0,43697,0.0,0.0
2023-09-21 09:00:00+09:00,16580.0,16930.0,16570.0,16600.0,192772,0.0,0.0
2023-09-21 10:00:00+09:00,16600.0,16720.0,16580.0,16660.0,57521,0.0,0.0
2023-09-21 11:00:00+09:00,16660.0,16680.0,16570.0,16590.0,44781,0.0,0.0
2023-09-21 12:00:00+09:00,16580.0,16590.0,16380.0,16390.0,144981,0.0,0.0
2023-09-21 13:00:00+09:00,16400.0,16410.0,16260.0,16340.0,126881,0.0,0.0
2023-09-21 14:00:00+09:00,16330.0,16550.0,16330.0,16500.0,105406,0.0,0.0
2023-09-22 09:00:00+09:00,16300.0,16520.0,16220.0,16350.0,120419,0.0,0.0
2023-09-22 10:00:00+09:00,16360.0,16450.0,16270.0,16360.0,55358,0.0,0.0
2023-09-22 11:00:00+09:00,16360.0,16520.0,16360.0,16480.0,42635,0.0,0.0
2023-09-22 12:00:00+09:00,16480.0,16510.0,16410.0,16460.0,26097,0.0,0.0
2023-09-22 13:00:00+09:00,16480.0,16500.0,16370.0,16430.0,55361,0.0,0.0
2023-09-22 14:00:00+09:00,16420.0,16500.0,16420.0,16480.0,52105,0.0,0.0
2023-09-25 09:00:00+09:00,16600.0,16790.0,16470.0,16790.0,0,0.0,0.0
2023-09-25 10:00:00+09:00,16790.0,16840.0,16540.0,16540.0,106402,0.0,0.0
2023-09-25 11:00:00+09:00,16530.0,16580.0,16470.0,16490.0,72876,0.0,0.0
2023-09-25 12:00:00+09:00,16490.0,16520.0,16440.0,16500.0,50148,0.0,0.0
2023-09-25 13:00:00+09:00,16510.0,16580.0,16490.0,16490.0,53729,0.0,0.0
2023-09-25 14:00:00+09:00,16490.0,16600.0,16470.0,16580.0,88808,0.0,0.0
2023-09-26 09:00:00+09:00,16530.0,16590.0,16180.0,16190.0,176611,0.0,0.0
2023-09-26 10:00:00+09:00,16190.0,16240.0,16120.0,16160.0,157683,0.0,0.0
2023-09-26 11:00:00+09:00,16160.0,16170.0,16070.0,16100.0,58801,0.0,0.0
2023-09-26 12:00:00+09:00,16100.0,16160.0,16080.0,16140.0,33302,0.0,0.0
2023-09-26 13:00:00+09:00,16130.0,16150.0,16060.0,16060.0,61598,0.0,0.0
2023-09-26 14:00:00+09:00,16070.0,16080.0,15940.0,16040.0,115959,0.0,0.0
2023-09-27 09:00:00+09:00,15940.0,16090.0,15890.0,16050.0,65585,0.0,0.0
2023-09-27 10:00:00+09:00,16050.0,16060.0,15910.0,15950.0,66158,0.0,0.0
2023-09-27 11:00:00+09:00,15950.0,15980.0,15880.0,15940.0,39151,0.0,0.0
2023-09-27 12:00:00+09:00,15920.0,16070.0,15910.0,16060.0,37018,0.0,0.0
2023-09-27 13:00:00+09:00,16060.0,16140.0,16040.0,16110.0,71038,0.0,0.0
2023-09-27 14:00:00+09:00,16110.0,16290.0,16110.0,16270.0,103484,0.0,0.0
2023-10-04 09:00:00+09:00,16190.0,16190.0,15520.0,15530.0,0,0.0,0.0
2023-10-04 10:00:00+09:00,15530.0,15550.0,14990.0,15070.0,451971,0.0,0.0
2023-10-04 11:00:00+09:00,15080.0,15290.0,15060.0,15240.0,160533,0.0,0.0
2023-10-04 12:00:00+09:00,15260.0,15310.0,15210.0,15240.0,129334,0.0,0.0
2023-10-04 13:00:00+09:00,15240.0,15260.0,15070.0,15080.0,153417,0.0,0.0
2023-10-04 14:00:00+09:00,15080.0,15260.0,15070.0,15180.0,149249,0.0,0.0
2023-10-05 09:00:00+09:00,15350.0,15400.0,15180.0,15340.0,141604,0.0,0.0
2023-10-05 10:00:00+09:00,15370.0,15420.0,15290.0,15380.0,151562,0.0,0.0
2023-10-05 11:00:00+09:00,15380.0,15380.0,15190.0,15200.0,68266,0.0,0.0
2023-10-05 12:00:00+09:00,15210.0,15250.0,15100.0,15110.0,92081,0.0,0.0
2023-10-05 13:00:00+09:00,15100.0,15230.0,15090.0,15150.0,67965,0.0,0.0
2023-10-05 14:00:00+09:00,15150.0,15160.0,14910.0,14930.0,171045,0.0,0.0
2023-10-06 09:00:00+09:00,15010.0,15240.0,14980.0,15040.0,160298,0.0,0.0
2023-10-06 10:00:00+09:00,15040.0,15060.0,14780.0,14800.0,96395,0.0,0.0
2023-10-06 11:00:00+09:00,14810.0,14850.0,14760.0,14830.0,75265,0.0,0.0
2023-10-06 12:00:00+09:00,14830.0,14910.0,14820.0,14860.0,45369,0.0,0.0
2023-10-06 13:00:00+09:00,14850.0,14920.0,14820.0,14910.0,44448,0.0,0.0
2023-10-06 14:00:00+09:00,14920.0,14950.0,14770.0,14780.0,76645,0.0,0.0
2023-10-10 09:00:00+09:00,14600.0,15080.0,14600.0,14950.0,0,0.0,0.0
2023-10-10 10:00:00+09:00,14940.0,15140.0,14930.0,14980.0,121967,0.0,0.0
2023-10-10 11:00:00+09:00,14980.0,14980.0,14900.0,14950.0,78816,0.0,0.0
2023-10-10 12:00:00+09:00,14940.0,14950.0,14760.0,14770.0,66014,0.0,0.0
2023-10-10 13:00:00+09:00,14770.0,14770.0,14590.0,14600.0,107285,0.0,0.0
2023-10-10 14:00:00+09:00,14600.0,14600.0,14470.0,14490.0,138437,0.0,0.0
2023-10-11 09:00:00+09:00,14740.0,14930.0,14660.0,14890.0,134723,0.0,0.0
2023-10-11 10:00:00+09:00,14890.0,14970.0,14850.0,14910.0,50376,0.0,0.0
2023-10-11 11:00:00+09:00,14910.0,14940.0,14870.0,14900.0,40335,0.0,0.0
2023-10-11 12:00:00+09:00,14900.0,14910.0,14830.0,14870.0,38872,0.0,0.0
2023-10-11 13:00:00+09:00,14880.0,14920.0,14840.0,14880.0,45713,0.0,0.0
2023-10-11 14:00:00+09:00,14880.0,14900.0,14850.0,14870.0,40568,0.0,0.0
2023-10-12 09:00:00+09:00,14890.0,15020.0,14840.0,14950.0,128653,0.0,0.0
2023-10-12 10:00:00+09:00,14950.0,15080.0,14940.0,15080.0,61589,0.0,0.0
2023-10-12 11:00:00+09:00,15080.0,15100.0,14960.0,15000.0,33712,0.0,0.0
2023-10-12 12:00:00+09:00,15000.0,15030.0,14950.0,14980.0,20849,0.0,0.0
2023-10-12 13:00:00+09:00,14980.0,15020.0,14970.0,15000.0,41190,0.0,0.0
2023-10-12 14:00:00+09:00,15000.0,15030.0,14960.0,15000.0,66019,0.0,0.0
2023-10-13 09:00:00+09:00,14860.0,15140.0,14810.0,15130.0,116508,0.0,0.0
2023-10-13 10:00:00+09:00,15100.0,15140.0,14800.0,14840.0,109833,0.0,0.0
2023-10-13 11:00:00+09:00,14840.0,14930.0,14830.0,14930.0,31569,0.0,0.0
2023-10-13 12:00:00+09:00,14930.0,14930.0,14800.0,14830.0,48077,0.0,0.0
2023-10-13 13:00:00+09:00,14830.0,14830.0,14720.0,14730.0,72154,0.0,0.0
2023-10-13 14:00:00+09:00,14720.0,14780.0,14700.0,14760.0,75569,0.0,0.0
2023-10-16 09:00:00+09:00,14690.0,14740.0,14480.0,14490.0,0,0.0,0.0
2023-10-16 10:00:00+09:00,14500.0,14640.0,14500.0,14520.0,62936,0.0,0.0
2023-10-16 11:00:00+09:00,14520.0,14540.0,14480.0,14480.0,34709,0.0,0.0
2023-10-16 12:00:00+09:00,14490.0,14490.0,14430.0,14480.0,45158,0.0,0.0
2023-10-16 13:00:00+09:00,14480.0,14500.0,14420.0,14420.0,68671,0.0,0.0
2023-10-16 14:00:00+09:00,14430.0,14480.0,14390.0,14430.0,98611,0.0,0.0
2023-10-17 09:00:00+09:00,14620.0,14780.0,14600.0,14700.0,102668,0.0,0.0
2023-10-17 10:00:00+09:00,14700.0,14740.0,14590.0,14650.0,48603,0.0,0.0
2023-10-17 11:00:00+09:00,14650.0,14680.0,14590.0,14660.0,16072,0.0,0.0
2023-10-17 12:00:00+09:00,14660.0,14660.0,14580.0,14610.0,33910,0.0,0.0
2023-10-17 13:00:00+09:00,14610.0,14660.0,14550.0,14580.0,27098,0.0,0.0
2023-10-17 14:00:00+09:00,14580.0,14600.0,14510.0,14590.0,66793,0.0,0.0
2023-10-18 09:00:00+09:00,14600.0,14640.0,14350.0,14380.0,122655,0.0,0.0
2023-10-18 10:00:00+09:00,14380.0,14470.0,14300.0,14410.0,158145,0.0,0.0
2023-10-18 11:00:00+09:00,14410.0,14510.0,14390.0,14400.0,52203,0.0,0.0
2023-10-18 12:00:00+09:00,14400.0,14420.0,14390.0,14390.0,19408,0.0,0.0
2023-10-18 13:00:00+09:00,14390.0,14450.0,14380.0,14410.0,35055,0.0,0.0
2023-10-18 14:00:00+09:00,14410.0,14440.0,14330.0,14430.0,66688,0.0,0.0
2023-10-19 09:00:00+09:00,14240.0,14240.0,14050.0,14230.0,104005,0.0,0.0
2023-10-19 10:00:00+09:00,14220.0,14230.0,14060.0,14090.0,87669,0.0,0.0
2023-10-19 11:00:00+09:00,14090.0,14100.0,14040.0,14040.0,63474,0.0,0.0
2023-10-19 12:00:00+09:00,14040.0,14080.0,14030.0,14060.0,32626,0.0,0.0
2023-10-19 13:00:00+09:00,14060.0,14130.0,14050.0,14050.0,31478,0.0,0.0
2023-10-19 14:00:00+09:00,14050.0,14090.0,14030.0,14060.0,57002,0.0,0.0
2023-10-20 09:00:00+09:00,14000.0,14070.0,13720.0,13780.0,171939,0.0,0.0
2023-10-20 10:00:00+09:00,13780.0,13870.0,13720.0,13860.0,118268,0.0,0.0
2023-10-20 11:00:00+09:00,13860.0,13940.0,13820.0,13930.0,58212,0.0,0.0
2023-10-20 12:00:00+09:00,13930.0,13930.0,13880.0,13910.0,37130,0.0,0.0
2023-10-20 13:00:00+09:00,13920.0,14070.0,13900.0,13990.0,59255,0.0,0.0
2023-10-20 14:00:00+09:00,13990.0,14030.0,13880.0,13900.0,67427,0.0,0.0
2023-10-23 09:00:00+09:00,13930.0,14220.0,13930.0,14060.0,0,0.0,0.0
2023-10-23 10:00:00+09:00,14060.0,14340.0,14030.0,14330.0,118291,0.0,0.0
2023-10-23 11:00:00+09:00,14330.0,14360.0,14230.0,14250.0,83764,0.0,0.0
2023-10-23 12:00:00+09:00,14250.0,14330.0,14240.0,14300.0,66700,0.0,0.0
2023-10-23 13:00:00+09:00,14300.0,14310.0,14140.0,14150.0,61601,0.0,0.0
2023-10-23 14:00:00+09:00,14140.0,14190.0,14070.0,14110.0,37893,0.0,0.0
2023-10-24 09:00:00+09:00,14290.0,14360.0,14120.0,14190.0,114114,0.0,0.0
2023-10-24 10:00:00+09:00,14190.0,14250.0,14010.0,14120.0,57177,0.0,0.0
2023-10-24 11:00:00+09:00,14120.0,14220.0,14110.0,14160.0,34510,0.0,0.0
2023-10-24 12:00:00+09:00,14160.0,14240.0,14140.0,14210.0,28185,0.0,0.0
2023-10-24 13:00:00+09:00,14210.0,14300.0,14140.0,14300.0,55955,0.0,0.0
2023-10-24 14:00:00+09:00,14290.0,14480.0,14290.0,14480.0,142846,0.0,0.0
2023-10-25 09:00:00+09:00,14490.0,14530.0,14310.0,14530.0,68524,0.0,0.0
2023-10-25 10:00:00+09:00,14530.0,14610.0,14490.0,14550.0,78124,0.0,0.0
2023-10-25 11:00:00+09:00,14540.0,14740.0,14540.0,14720.0,99731,0.0,0.0
2023-10-25 12:00:00+09:00,14710.0,14730.0,14640.0,14720.0,60821,0.0,0.0
2023-10-25 13:00:00+09:00,14720.0,14880.0,14690.0,14830.0,155708,0.0,0.0
2023-10-25 14:00:00+09:00,14830.0,14840.0,14660.0,14760.0,93659,0.0,0.0
2023-10-26 09:00:00+09:00,14410.0,14840.0,14230.0,14530.0,124084,0.0,0.0
2023-10-26 10:00:00+09:00,14530.0,14750.0,14510.0,14570.0,64709,0.0,0.0
2023-10-26 11:00:00+09:00,14570.0,14570.0,14480.0,14510.0,39564,0.0,0.0
2023-10-26 12:00:00+09:00,14510.0,14600.0,14490.0,14520.0,38196,0.0,0.0
2023-10-26 13:00:00+09:00,14530.0,14580.0,14370.0,14450.0,73165,0.0,0.0
2023-10-26 14:00:00+09:00,14450.0,14540.0,14450.0,14490.0,57550,0.0,0.0
2023-10-27 09:00:00+09:00,14600.0,14750.0,14440.0,14460.0,123755,0.0,0.0
2023-10-27 10:00:00+09:00,14450.0,14700.0,14440.0,14650.0,70287,0.0,0.0
2023-10-27 11:00:00+09:00,14650.0,14650.0,14510.0,14520.0,34951,0.0,0.0
2023-10-27 12:00:00+09:00,14520.0,14560.0,14380.0,14390.0,56546,0.0,0.0
2023-10-27 13:00:00+09:00,14390.0,14490.0,14240.0,14440.0,92538,0.0,0.0
2023-10-27 14:00:00+09:00,14430.0,14500.0,14340.0,14480.0,40897,0.0,0.0
2023-10-30 09:00:00+09:00,14360.0,14720.0,14360.0,14710.0,0,0.0,0.0
2023-10-30 10:00:00+09:00,14720.0,14740.0,14590.0,14700.0,47261,0.0,0.0
2023-10-30 11:00:00+09:00,14700.0,14710.0,14610.0,14630.0,20248,0.0,0.0
2023-10-30 12:00:00+09:00,14630.0,14660.0,14580.0,14650.0,18481,0.0,0.0
2023-10-30 13:00:00+09:00,14660.0,14660.0,14590.0,14630.0,20261,0.0,0.0
2023-10-30 14:00:00+09:00,14640.0,14650.0,14550.0,14600.0,47308,0.0,0.0
2023-10-31 09:00:00+09:00,14700.0,14990.0,14680.0,14760.0,201780,0.0,0.0
2023-10-31 10:00:00+09:00,14760.0,14800.0,14670.0,14720.0,76688,0.0,0.0
2023-10-31 11:00:00+09:00,14710.0,14790.0,14580.0,14600.0,57136,0.0,0.0
2023-10-31 12:00:00+09:00,14600.0,14610.0,14480.0,14580.0,58570,0.0,0.0
2023-10-31 13:00:00+09:00,14580.0,14710.0,14550.0,14610.0,44808,0.0,0.0
2023-10-31 14:00:00+09:00,14600.0,14630.0,14530.0,14580.0,28410,0.0,0.0
2023-11-01 09:00:00+09:00,14710.0,14710.0,14530.0,14560.0,61666,0.0,0.0
2023-11-01 10:00:00+09:00,14580.0,14670.0,14500.0,14520.0,38356,0.0,0.0
2023-11-01 11:00:00+09:00,14520.0,14550.0,14460.0,14500.0,31617,0.0,0.0
2023-11-01 12:00:00+09:00,14490.0,14570.0,14490.0,14520.0,16707,0.0,0.0
2023-11-01 13:00:00+09:00,14520.0,14580.0,14510.0,14550.0,18810,0.0,0.0
2023-11-01 14:00:00+09:00,14550.0,14590.0,14490.0,14520.0,41472,0.0,0.0
2023-11-02 09:00:00+09:00,14710.0,14800.0,14520.0,14620.0,111428,0.0,0.0
2023-11-02 10:00:00+09:00,14600.0,14650.0,14570.0,14590.0,49541,0.0,0.0
2023-11-02 11:00:00+09:00,14590.0,14640.0,14570.0,14590.0,24011,0.0,0.0
2023-11-02 12:00:00+09:00,14590.0,14600.0,14480.0,14490.0,79947,0.0,0.0
2023-11-02 13:00:00+09:00,14500.0,14550.0,13850.0,13850.0,458740,0.0,0.0
2023-11-02 14:00:00+09:00,13850.0,13860.0,13490.0,13600.0,1057404,0.0,0.0
2023-11-03 09:00:00+09:00,13710.0,13840.0,13650.0,13730.0,475742,0.0,0.0
2023-11-03 10:00:00+09:00,13730.0,13930.0,13730.0,13910.0,243538,0.0,0.0
2023-11-03 11:00:00+09:00,13900.0,14190.0,13900.0,14160.0,286092,0.0,0.0
2023-11-03 12:00:00+09:00,14170.0,14270.0,14050.0,14100.0,239785,0.0,0.0
2023-11-03 13:00:00+09:00,14100.0,14140.0,14030.0,14140.0,128282,0.0,0.0
2023-11-03 14:00:00+09:00,14130.0,14170.0,14060.0,14100.0,119949,0.0,0.0
2023-11-06 09:00:00+09:00,14400.0,14650.0,14260.0,14380.0,0,0.0,0.0
2023-11-06 10:00:00+09:00,14380.0,14540.0,14360.0,14430.0,137004,0.0,0.0
2023-11-06 11:00:00+09:00,14420.0,14440.0,14380.0,14420.0,98022,0.0,0.0
2023-11-06 12:00:00+09:00,14430.0,14540.0,14430.0,14500.0,60382,0.0,0.0
2023-11-06 13:00:00+09:00,14510.0,14540.0,14460.0,14460.0,60163,0.0,0.0
2023-11-06 14:00:00+09:00,14460.0,14470.0,14360.0,14380.0,111127,0.0,0.0
2023-11-07 09:00:00+09:00,14610.0,14690.0,14470.0,14560.0,191289,0.0,0.0
2023-11-07 10:00:00+09:00,14570.0,14580.0,14460.0,14500.0,58420,0.0,0.0
2023-11-07 11:00:00+09:00,14490.0,14500.0,14220.0,14220.0,107395,0.0,0.0
2023-11-07 12:00:00+09:00,14220.0,14290.0,14180.0,14280.0,45466,0.0,0.0
2023-11-07 13:00:00+09:00,14280.0,14400.0,14240.0,14390.0,63696,0.0,0.0
2023-11-07 14:00:00+09:00,14390.0,14400.0,14300.0,14390.0,63923,0.0,0.0
2023-11-08 09:00:00+09:00,14550.0,14590.0,14440.0,14480.0,92828,0.0,0.0
2023-11-08 10:00:00+09:00,14480.0,14620.0,14450.0,14560.0,74440,0.0,0.0
2023-11-08 11:00:00+09:00,14550.0,14580.0,14490.0,14490.0,31228,0.0,0.0
2023-11-08 12:00:00+09:00,14500.0,14510.0,14410.0,14440.0,47850,0.0,0.0
2023-11-08 13:00:00+09:00,14440.0,14490.0,14400.0,14440.0,38034,0.0,0.0
2023-11-08 14:00:00+09:00,14440.0,14470.0,14400.0,14430.0,76712,0.0,0.0
2023-11-09 09:00:00+09:00,14510.0,14640.0,14480.0,14500.0,195746,0.0,0.0
2023-11-09 10:00:00+09:00,14490.0,14640.0,14490.0,14600.0,78699,0.0,0.0
2023-11-09 11:00:00+09:00,14590.0,14880.0,14490.0,14590.0,396168,0.0,0.0
2023-11-09 12:00:00+09:00,14590.0,14600.0,14440.0,14530.0,102510,0.0,0.0
2023-11-09 13:00:00+09:00,14530.0,14630.0,14500.0,14540.0,71746,0.0,0.0
2023-11-09 14:00:00+09:00,14540.0,14730.0,14530.0,14690.0,110676,0.0,0.0
2023-11-10 09:00:00+09:00,14670.0,14670.0,14360.0,14390.0,249023,0.0,0.0
2023-11-10 10:00:00+09:00,14390.0,14470.0,14360.0,14390.0,97809,0.0,0.0
2023-11-10 11:00:00+09:00,14390.0,14390.0,14320.0,14340.0,93570,0.0,0.0
2023-11-10 12:00:00+09:00,14330.0,14350.0,14220.0,14270.0,110426,0.0,0.0
2023-11-10 13:00:00+09:00,14250.0,14280.0,14230.0,14260.0,57258,0.0,0.0
2023-11-10 14:00:00+09:00,14250.0,14270.0,14020.0,14060.0,289047,0.0,0.0
2023-11-13 09:00:00+09:00,14280.0,14280.0,13930.0,13950.0,0,0.0,0.0
2023-11-13 10:00:00+09:00,13950.0,13970.0,13810.0,13870.0,152220,0.0,0.0
2023-11-13 11:00:00+09:00,13870.0,13900.0,13660.0,13690.0,143454,0.0,0.0
2023-11-13 12:00:00+09:00,13690.0,13730.0,13670.0,13720.0,64306,0.0,0.0
2023-11-13 13:00:00+09:00,13720.0,13730.0,13670.0,13670.0,74574,0.0,0.0
2023-11-13 14:00:00+09:00,13660.0,13700.0,13650.0,13690.0,92785,0.0,0.0
2023-11-14 09:00:00+09:00,13690.0,13800.0,13680.0,13730.0,100800,0.0,0.0
2023-11-14 10:00:00+09:00,13730.0,13850.0,13720.0,13770.0,52988,0.0,0.0
2023-11-14 11:00:00+09:00,13790.0,13860.0,13760.0,13860.0,48231,0.0,0.0
2023-11-14 12:00:00+09:00,13850.0,13880.0,13790.0,13830.0,47698,0.0,0.0
2023-11-14 13:00:00+09:00,13820.0,13870.0,13790.0,13820.0,42780,0.0,0.0
2023-11-14 14:00:00+09:00,13830.0,13830.0,13770.0,13820.0,53820,0.0,0.0
2023-11-15 09:00:00+09:00,14090.0,14140.0,13970.0,14080.0,141884,0.0,0.0
2023-11-15 10:00:00+09:00,14080.0,14220.0,14080.0,14180.0,84843,0.0,0.0
2023-11-15 11:00:00+09:00,14180.0,14240.0,14150.0,14240.0,55437,0.0,0.0
2023-11-15 12:00:00+09:00,14230.0,14280.0,14210.0,14260.0,40188,0.0,0.0
2023-11-15 13:00:00+09:00,14250.0,14420.0,14240.0,14320.0,112199,0.0,0.0
2023-11-15 14:00:00+09:00,14300.0,14390.0,14300.0,14340.0,61864,0.0,0.0
2023-11-16 10:00:00+09:00,14340.0,14350.0,14160.0,14160.0,107948,0.0,0.0
2023-11-16 11:00:00+09:00,14160.0,14230.0,14150.0,14200.0,37064,0.0,0.0
2023-11-16 12:00:00+09:00,14200.0,14210.0,14150.0,14190.0,25904,0.0,0.0
2023-11-16 13:00:00+09:00,14190.0,14210.0,14160.0,14200.0,37200,0.0,0.0
2023-11-16 14:00:00+09:00,14190.0,14210.0,14160.0,14190.0,59151,0.0,0.0
2023-11-17 09:00:00+09:00,14210.0,14210.0,14010.0,14060.0,86269,0.0,0.0
2023-11-17 10:00:00+09:00,14050.0,14060.0,13980.0,13980.0,60382,0.0,0.0
2023-11-17 11:00:00+09:00,13980.0,14010.0,13980.0,13990.0,23313,0.0,0.0
2023-11-17 12:00:00+09:00,14000.0,14030.0,13980.0,14020.0,18333,0.0,0.0
2023-11-17 13:00:00+09:00,14020.0,14050.0,13990.0,14040.0,59846,0.0,0.0
2023-11-17 14:00:00+09:00,14040.0,14090.0,14010.0,14060.0,56737,0.0,0.0
2023-11-20 09:00:00+09:00,14090.0,14090.0,13990.0,14030.0,0,0.0,0.0
2023-11-20 10:00:00+09:00,14030.0,14090.0,14010.0,14090.0,41415,0.0,0.0
2023-11-20 11:00:00+09:00,14090.0,14130.0,14040.0,14120.0,37814,0.0,0.0
2023-11-20 12:00:00+09:00,14110.0,14200.0,14100.0,14180.0,36530,0.0,0.0
2023-11-20 13:00:00+09:00,14180.0,14230.0,14160.0,14200.0,41310,0.0,0.0
2023-11-20 14:00:00+09:00,14200.0,14230.0,14170.0,14210.0,46588,0.0,0.0
2023-11-21 09:00:00+09:00,14220.0,14220.0,14080.0,14100.0,86435,0.0,0.0
2023-11-21 10:00:00+09:00,14100.0,14220.0,14100.0,14190.0,50970,0.0,0.0
2023-11-21 11:00:00+09:00,14200.0,14210.0,14140.0,14150.0,23862,0.0,0.0
2023-11-21 12:00:00+09:00,14150.0,14170.0,14120.0,14120.0,20650,0.0,0.0
2023-11-21 13:00:00+09:00,14130.0,14130.0,14090.0,14100.0,52336,0.0,0.0
2023-11-21 14:00:00+09:00,14100.0,14130.0,14090.0,14100.0,47481,0.0,0.0
2023-11-22 09:00:00+09:00,14070.0,14160.0,13960.0,13980.0,110158,0.0,0.0
2023-11-22 10:00:00+09:00,13980.0,14050.0,13960.0,13990.0,54840,0.0,0.0
2023-11-22 11:00:00+09:00,13990.0,14000.0,13960.0,13970.0,40037,0.0,0.0
2023-11-22 12:00:00+09:00,13980.0,14040.0,13960.0,14030.0,32929,0.0,0.0
2023-11-22 13:00:00+09:00,14030.0,14080.0,14000.0,14040.0,45117,0.0,0.0
2023-11-22 14:00:00+09:00,14040.0,14060.0,13980.0,14030.0,66083,0.0,0.0
2023-11-23 09:00:00+09:00,14100.0,14100.0,14020.0,14050.0,40625,0.0,0.0
2023-11-23 10:00:00+09:00,14060.0,14110.0,14040.0,14100.0,30481,0.0,0.0
2023-11-23 11:00:00+09:00,14100.0,14110.0,14050.0,14060.0,39240,0.0,0.0
2023-11-23 12:00:00+09:00,14060.0,14100.0,14060.0,14090.0,32158,0.0,0.0
2023-11-23 13:00:00+09:00,14080.0,14090.0,14030.0,14030.0,33619,0.0,0.0
2023-11-23 14:00:00+09:00,14040.0,14070.0,14030.0,14040.0,18520,0.0,0.0
2023-11-24 09:00:00+09:00,14130.0,14190.0,14070.0,14130.0,104392,0.0,0.0
2023-11-24 10:00:00+09:00,14130.0,14140.0,14050.0,14060.0,57279,0.0,0.0
2023-11-24 11:00:00+09:00,14070.0,14110.0,14050.0,14090.0,64146,0.0,0.0
2023-11-24 12:00:00+09:00,14070.0,14130.0,13990.0,14000.0,74178,0.0,0.0
2023-11-24 13:00:00+09:00,13990.0,14010.0,13980.0,13990.0,42383,0.0,0.0
2023-11-24 14:00:00+09:00,13980.0,14020.0,13980.0,14000.0,58463,0.0,0.0
2023-11-27 09:00:00+09:00,14050.0,14060.0,13740.0,13800.0,0,0.0,0.0
2023-11-27 10:00:00+09:00,13800.0,13860.0,13790.0,13830.0,48566,0.0,0.0
2023-11-27 11:00:00+09:00,13830.0,13850.0,13790.0,13800.0,44994,0.0,0.0
2023-11-27 12:00:00+09:00,13800.0,13800.0,13760.0,13780.0,71775,0.0,0.0
2023-11-27 13:00:00+09:00,13790.0,13820.0,13770.0,13820.0,39357,0.0,0.0
2023-11-27 14:00:00+09:00,13810.0,13850.0,13800.0,13830.0,36553,0.0,0.0
2023-11-28 09:00:00+09:00,13860.0,13890.0,13750.0,13780.0,90622,0.0,0.0
2023-11-28 10:00:00+09:00,13780.0,13800.0,13700.0,13750.0,92535,0.0,0.0
2023-11-28 11:00:00+09:00,13740.0,13770.0,13720.0,13730.0,66869,0.0,0.0
2023-11-28 12:00:00+09:00,13730.0,13780.0,13730.0,13740.0,51327,0.0,0.0
2023-11-28 13:00:00+09:00,13750.0,13790.0,13700.0,13700.0,94456,0.0,0.0
2023-11-28 14:00:00+09:00,13700.0,13730.0,13700.0,13700.0,62075,0.0,0.0
2023-11-29 09:00:00+09:00,13710.0,13710.0,13520.0,13560.0,187907,0.0,0.0
2023-11-29 10:00:00+09:00,13570.0,13660.0,13560.0,13570.0,49267,0.0,0.0
2023-11-29 11:00:00+09:00,13570.0,13580.0,13520.0,13540.0,94109,0.0,0.0
2023-11-29 12:00:00+09:00,13540.0,13580.0,13530.0,13540.0,62882,0.0,0.0
2023-11-29 13:00:00+09:00,13540.0,13590.0,13520.0,13520.0,93142,0.0,0.0
2023-11-29 14:00:00+09:00,13520.0,13530.0,13380.0,13390.0,278316,0.0,0.0
2023-11-30 09:00:00+09:00,13450.0,13450.0,13260.0,13340.0,179197,0.0,0.0
2023-11-30 10:00:00+09:00,13340.0,13360.0,13310.0,13340.0,46814,0.0,0.0
2023-11-30 11:00:00+09:00,13350.0,13380.0,13300.0,13330.0,70755,0.0,0.0
2023-11-30 12:00:00+09:00,13340.0,13350.0,13310.0,13320.0,46489,0.0,0.0
2023-11-30 13:00:00+09:00,13330.0,13370.0,13300.0,13340.0,73803,0.0,0.0
2023-11-30 14:00:00+09:00,13340.0,13340.0,13280.0,13280.0,131620,0.0,0.0
2023-12-01 09:00:00+09:00,13310.0,13500.0,13290.0,13490.0,128240,0.0,0.0
2023-12-01 10:00:00+09:00,13490.0,13500.0,13430.0,13470.0,56634,0.0,0.0
2023-12-01 11:00:00+09:00,13470.0,13470.0,13410.0,13410.0,29479,0.0,0.0
2023-12-01 12:00:00+09:00,13430.0,13440.0,13360.0,13360.0,35903,0.0,0.0
2023-12-01 13:00:00+09:00,13360.0,13400.0,13330.0,13350.0,45405,0.0,0.0
2023-12-01 14:00:00+09:00,13350.0,13380.0,13340.0,13350.0,37447,0.0,0.0
2023-12-04 09:00:00+09:00,13320.0,13400.0,13250.0,13400.0,0,0.0,0.0
2023-12-04 10:00:00+09:00,13390.0,13430.0,13360.0,13390.0,41485,0.0,0.0
2023-12-04 11:00:00+09:00,13390.0,13430.0,13350.0,13410.0,34333,0.0,0.0
2023-12-04 12:00:00+09:00,13410.0,13450.0,13410.0,13430.0,25060,0.0,0.0
2023-12-04 13:00:00+09:00,13420.0,13430.0,13340.0,13350.0,35644,0.0,0.0
2023-12-04 14:00:00+09:00,13340.0,13370.0,13320.0,13330.0,44231,0.0,0.0
2023-12-05 09:00:00+09:00,13340.0,13340.0,13250.0,13310.0,70548,0.0,0.0
2023-12-05 10:00:00+09:00,13300.0,13320.0,13260.0,13300.0,35731,0.0,0.0
2023-12-05 11:00:00+09:00,13300.0,13310.0,13270.0,13280.0,43475,0.0,0.0
2023-12-05 12:00:00+09:00,13290.0,13300.0,13270.0,13290.0,24781,0.0,0.0
2023-12-05 13:00:00+09:00,13290.0,13320.0,13270.0,13310.0,30250,0.0,0.0
2023-12-05 14:00:00+09:00,13310.0,13330.0,13280.0,13280.0,44645,0.0,0.0
2023-12-06 09:00:00+09:00,13270.0,13320.0,13220.0,13220.0,102915,0.0,0.0
2023-12-06 10:00:00+09:00,13230.0,13300.0,13210.0,13280.0,53747,0.0,0.0
2023-12-06 11:00:00+09:00,13280.0,13420.0,13280.0,13320.0,66034,0.0,0.0
2023-12-06 12:00:00+09:00,13320.0,13480.0,13310.0,13410.0,86482,0.0,0.0
2023-12-06 13:00:00+09:00,13420.0,13440.0,13320.0,13340.0,76946,0.0,0.0
2023-12-06 14:00:00+09:00,13340.0,13490.0,13330.0,13440.0,59996,0.0,0.0
2023-12-07 09:00:00+09:00,13440.0,13460.0,13340.0,13340.0,53123,0.0,0.0
2023-12-07 10:00:00+09:00,13340.0,13360.0,13260.0,13300.0,52547,0.0,0.0
2023-12-07 11:00:00+09:00,13290.0,13300.0,13260.0,13260.0,62278,0.0,0.0
2023-12-07 12:00:00+09:00,13270.0,13290.0,13250.0,13270.0,24698,0.0,0.0
2023-12-07 13:00:00+09:00,13270.0,13280.0,13250.0,13250.0,36588,0.0,0.0
2023-12-07 14:00:00+09:00,13260.0,13270.0,13220.0,13230.0,69801,0.0,0.0
2023-12-08 09:00:00+09:00,13210.0,13310.0,13160.0,13270.0,61075,0.0,0.0
2023-12-08 10:00:00+09:00,13270.0,13280.0,13250.0,13270.0,17481,0.0,0.0
2023-12-08 11:00:00+09:00,13270.0,13280.0,13240.0,13260.0,20458,0.0,0.0
2023-12-08 12:00:00+09:00,13250.0,13280.0,13240.0,13240.0,24088,0.0,0.0
2023-12-08 13:00:00+09:00,13240.0,13300.0,13240.0,13290.0,37969,0.0,0.0
2023-12-08 14:00:00+09:00,13290.0,13360.0,13240.0,13270.0,89295,0.0,0.0
2023-12-11 09:00:00+09:00,13380.0,13510.0,13370.0,13470.0,0,0.0,0.0
2023-12-11 10:00:00+09:00,13480.0,13640.0,13460.0,13570.0,134383,0.0,0.0
2023-12-11 11:00:00+09:00,13570.0,13590.0,13480.0,13510.0,62720,0.0,0.0
2023-12-11 12:00:00+09:00,13510.0,13580.0,13480.0,13570.0,27539,0.0,0.0
2023-12-11 13:00:00+09:00,13560.0,13590.0,13540.0,13560.0,24508,0.0,0.0
2023-12-11 14:00:00+09:00,13560.0,13570.0,13500.0,13570.0,38050,0.0,0.0
2023-12-12 09:00:00+09:00,13570.0,13570.0,13460.0,13480.0,67978,0.0,0.0
2023-12-12 10:00:00+09:00,13480.0,13500.0,13440.0,13490.0,34219,0.0,0.0
2023-12-12 11:00:00+09:00,13490.0,13490.0,13460.0,13470.0,24669,0.0,0.0
2023-12-12 12:00:00+09:00,13470.0,13500.0,13470.0,13490.0,15101,0.0,0.0
2023-12-12 13:00:00+09:00,13490.0,13620.0,13470.0,13580.0,72756,0.0,0.0
2023-12-12 14:00:00+09:00,13590.0,13660.0,13540.0,13590.0,57667,0.0,0.0
2023-12-13 09:00:00+09:00,13590.0,13600.0,13490.0,13510.0,43163,0.0,0.0
2023-12-13 10:00:00+09:00,13510.0,13600.0,13510.0,13590.0,41828,0.0,0.0
2023-12-13 11:00:00+09:00,13590.0,13660.0,13560.0,13650.0,45088,0.0,0.0
2023-12-13 12:00:00+09:00,13640.0,13660.0,13600.0,13630.0,29797,0.0,0.0
2023-12-13 13:00:00+09:00,13630.0,13700.0,13620.0,13680.0,78132,0.0,0.0
2023-12-13 14:00:00+09:00,13680.0,13690.0,13580.0,13630.0,52926,0.0,0.0
2023-12-14 09:00:00+09:00,13710.0,13800.0,13670.0,13800.0,135409,0.0,0.0
2023-12-14 10:00:00+09:00,13800.0,13800.0,13740.0,13790.0,71152,0.0,0.0
2023-12-14 11:00:00+09:00,13790.0,13810.0,13720.0,13730.0,57960,0.0,0.0
2023-12-14 12:00:00+09:00,13730.0,13790.0,13700.0,13710.0,37976,0.0,0.0
2023-12-14 13:00:00+09:00,13710.0,13740.0,13690.0,13730.0,23344,0.0,0.0
2023-12-14 14:00:00+09:00,13730.0,13740.0,13710.0,13730.0,31294,0.0,0.0
2023-12-15 09:00:00+09:00,13750.0,13770.0,13650.0,13700.0,84198,0.0,0.0
2023-12-15 10:00:00+09:00,13700.0,13710.0,13640.0,13660.0,44296,0.0,0.0
2023-12-15 11:00:00+09:00,13660.0,13740.0,13650.0,13700.0,21404,0.0,0.0
2023-12-15 12:00:00+09:00,13690.0,13700.0,13640.0,13680.0,37037,0.0,0.0
2023-12-15 13:00:00+09:00,13680.0,13680.0,13600.0,13610.0,61560,0.0,0.0
2023-12-15 14:00:00+09:00,13600.0,13690.0,13600.0,13680.0,33241,0.0,0.0
2023-12-18 09:00:00+09:00,13700.0,13720.0,13610.0,13670.0,0,0.0,0.0
2023-12-18 10:00:00+09:00,13670.0,13730.0,13640.0,13710.0,34144,0.0,0.0
2023-12-18 11:00:00+09:00,13710.0,13730.0,13690.0,13720.0,21600,0.0,0.0
2023-12-18 12:00:00+09:00,13720.0,13730.0,13680.0,13720.0,23924,0.0,0.0
2023-12-18 13:00:00+09:00,13720.0,13720.0,13670.0,13680.0,27515,0.0,0.0
2023-12-18 14:00:00+09:00,13680.0,13710.0,13670.0,13700.0,27291,0.0,0.0
2023-12-19 09:00:00+09:00,13670.0,13680.0,13540.0,13590.0,86830,0.0,0.0
2023-12-19 10:00:00+09:00,13590.0,13600.0,13520.0,13520.0,72341,0.0,0.0
2023-12-19 11:00:00+09:00,13530.0,13550.0,13520.0,13540.0,44335,0.0,0.0
2023-12-19 12:00:00+09:00,13540.0,13540.0,13510.0,13520.0,60960,0.0,0.0
2023-12-19 13:00:00+09:00,13520.0,13550.0,13510.0,13510.0,38019,0.0,0.0
2023-12-19 14:00:00+09:00,13510.0,13570.0,13510.0,13550.0,37000,0.0,0.0
2023-12-20 09:00:00+09:00,13600.0,13660.0,13570.0,13630.0,54877,0.0,0.0
2023-12-20 10:00:00+09:00,13650.0,13650.0,13610.0,13620.0,24708,0.0,0.0
2023-12-20 11:00:00+09:00,13620.0,13630.0,13600.0,13600.0,31821,0.0,0.0
2023-12-20 12:00:00+09:00,13610.0,13620.0,13580.0,13590.0,35905,0.0,0.0
2023-12-20 13:00:00+09:00,13600.0,13710.0,13590.0,13640.0,52215,0.0,0.0
2023-12-20 14:00:00+09:00,13640.0,13650.0,13620.0,13630.0,22780,0.0,0.0
2023-12-21 09:00:00+09:00,13500.0,13650.0,13500.0,13580.0,30148,0.0,0.0
2023-12-21 10:00:00+09:00,13580.0,13590.0,13460.0,13470.0,85307,0.0,0.0
2023-12-21 11:00:00+09:00,13470.0,13500.0,13450.0,13470.0,31712,0.0,0.0
2023-12-21 12:00:00+09:00,13470.0,13500.0,13460.0,13470.0,28473,0.0,0.0
2023-12-21 13:00:00+09:00,13470.0,13470.0,13410.0,13410.0,79869,0.0,0.0
2023-12-21 14:00:00+09:00,13410.0,13420.0,13390.0,13390.0,62654,0.0,0.0
2023-12-22 09:00:00+09:00,13430.0,13450.0,13320.0,13360.0,49685,0.0,0.0
2023-12-22 10:00:00+09:00,13360.0,13380.0,13330.0,13370.0,28943,0.0,0.0
2023-12-22 11:00:00+09:00,13370.0,13400.0,13360.0,13370.0,20243,0.0,0.0
2023-12-22 12:00:00+09:00,13370.0,13380.0,13340.0,13360.0,27001,0.0,0.0
2023-12-22 13:00:00+09:00,13360.0,13410.0,13350.0,13400.0,18459,0.0,0.0
2023-12-22 14:00:00+09:00,13410.0,13420.0,13370.0,13410.0,27060,0.0,0.0
2023-12-26 09:00:00+09:00,13410.0,13430.0,13140.0,13160.0,19646,0.0,0.0
2023-12-26 10:00:00+09:00,13160.0,13200.0,13140.0,13160.0,60486,0.0,0.0
2023-12-26 11:00:00+09:00,13170.0,13230.0,13160.0,13190.0,33796,0.0,0.0
2023-12-26 12:00:00+09:00,13190.0,13210.0,13180.0,13200.0,24799,0.0,0.0
2023-12-26 13:00:00+09:00,13190.0,13220.0,13190.0,13210.0,27522,0.0,0.0
2023-12-26 14:00:00+09:00,13210.0,13280.0,13210.0,13280.0,25986,0.0,0.0
2023-12-27 09:00:00+09:00,13140.0,13280.0,13120.0,13140.0,93906,0.0,0.0
2023-12-27 10:00:00+09:00,13140.0,13200.0,13130.0,13150.0,25191,0.0,0.0
2023-12-27 11:00:00+09:00,13160.0,13180.0,13140.0,13140.0,26841,0.0,0.0
2023-12-27 12:00:00+09:00,13140.0,13190.0,13140.0,13150.0,30450,0.0,0.0
2023-12-27 13:00:00+09:00,13150.0,13180.0,13140.0,13170.0,23148,0.0,0.0
2023-12-27 14:00:00+09:00,13170.0,13180.0,13130.0,13180.0,54998,0.0,0.0
2023-12-28 09:00:00+09:00,13120.0,13320.0,13120.0,13230.0,78315,0.0,0.0
2023-12-28 10:00:00+09:00,13230.0,13260.0,13210.0,13230.0,29618,0.0,0.0
2023-12-28 11:00:00+09:00,13240.0,13280.0,13200.0,13230.0,27219,0.0,0.0
2023-12-28 12:00:00+09:00,13240.0,13290.0,13220.0,13290.0,28200,0.0,0.0
2023-12-28 13:00:00+09:00,13290.0,13310.0,13240.0,13260.0,26368,0.0,0.0
2023-12-28 14:00:00+09:00,13260.0,13320.0,13250.0,13290.0,38719,0.0,0.0
2024-01-02 10:00:00+09:00,13300.0,13440.0,13300.0,13390.0,56639,0.0,0.0
2024-01-02 11:00:00+09:00,13400.0,13450.0,13340.0,13440.0,28462,0.0,0.0
2024-01-02 12:00:00+09:00,13440.0,13470.0,13430.0,13430.0,28458,0.0,0.0
2024-01-02 13:00:00+09:00,13450.0,13450.0,13340.0,13350.0,54230,0.0,0.0
2024-01-02 14:00:00+09:00,13350.0,13510.0,13340.0,13430.0,80729,0.0,0.0
2024-01-03 09:00:00+09:00,13400.0,13470.0,13330.0,13350.0,99686,0.0,0.0
2024-01-03 10:00:00+09:00,13350.0,13360.0,13300.0,13330.0,52054,0.0,0.0
2024-01-03 11:00:00+09:00,13330.0,13370.0,13320.0,13360.0,23292,0.0,0.0
2024-01-03 12:00:00+09:00,13360.0,13360.0,13320.0,13320.0,31228,0.0,0.0
2024-01-03 13:00:00+09:00,13320.0,13350.0,13320.0,13330.0,35490,0.0,0.0
2024-01-03 14:00:00+09:00,13320.0,13340.0,13290.0,13300.0,59896,0.0,0.0
2024-01-04 09:00:00+09:00,13300.0,13310.0,13180.0,13230.0,83492,0.0,0.0
2024-01-04 10:00:00+09:00,13230.0,13230.0,13100.0,13100.0,128415,0.0,0.0
2024-01-04 11:00:00+09:00,13100.0,13130.0,13010.0,13040.0,113907,0.0,0.0
2024-01-04 12:00:00+09:00,13040.0,13040.0,13010.0,13020.0,85786,0.0,0.0
2024-01-04 13:00:00+09:00,13010.0,13060.0,13010.0,13050.0,43583,0.0,0.0
2024-01-04 14:00:00+09:00,13050.0,13060.0,13010.0,13060.0,56142,0.0,0.0
2024-01-05 09:00:00+09:00,13020.0,13100.0,13010.0,13050.0,54604,0.0,0.0
2024-01-05 10:00:00+09:00,13050.0,13090.0,13030.0,13030.0,39478,0.0,0.0
2024-01-05 11:00:00+09:00,13030.0,13050.0,13020.0,13030.0,40603,0.0,0.0
2024-01-05 12:00:00+09:00,13020.0,13090.0,13020.0,13040.0,31531,0.0,0.0
2024-01-05 13:00:00+09:00,13040.0,13040.0,12960.0,12960.0,142267,0.0,0.0
2024-01-05 14:00:00+09:00,12960.0,12980.0,12930.0,12960.0,102084,0.0,0.0
2024-01-08 09:00:00+09:00,12950.0,13040.0,12930.0,13030.0,0,0.0,0.0
2024-01-08 10:00:00+09:00,13030.0,13050.0,13010.0,13020.0,17484,0.0,0.0
2024-01-08 11:00:00+09:00,13020.0,13060.0,12990.0,13050.0,30124,0.0,0.0
2024-01-08 12:00:00+09:00,13060.0,13110.0,13050.0,13090.0,33618,0.0,0.0
2024-01-08 13:00:00+09:00,13100.0,13100.0,13060.0,13070.0,15676,0.0,0.0
2024-01-08 14:00:00+09:00,13070.0,13080.0,13000.0,13010.0,34402,0.0,0.0
2024-01-09 09:00:00+09:00,13130.0,13180.0,13070.0,13140.0,56335,0.0,0.0
2024-01-09 10:00:00+09:00,13140.0,13140.0,13080.0,13120.0,27389,0.0,0.0
2024-01-09 11:00:00+09:00,13120.0,13140.0,13110.0,13140.0,16225,0.0,0.0
2024-01-09 12:00:00+09:00,13130.0,13220.0,13120.0,13200.0,47641,0.0,0.0
2024-01-09 13:00:00+09:00,13200.0,13230.0,13180.0,13200.0,35615,0.0,0.0
2024-01-09 14:00:00+09:00,13200.0,13290.0,13200.0,13280.0,70272,0.0,0.0
2024-01-10 09:00:00+09:00,13300.0,13310.0,13210.0,13230.0,31735,0.0,0.0
2024-01-10 10:00:00+09:00,13240.0,13250.0,13190.0,13210.0,32768,0.0,0.0
2024-01-10 11:00:00+09:00,13210.0,13210.0,13130.0,13130.0,41953,0.0,0.0
2024-01-10 12:00:00+09:00,13140.0,13150.0,13100.0,13110.0,46632,0.0,0.0
2024-01-10 13:00:00+09:00,13110.0,13110.0,13060.0,13080.0,72079,0.0,0.0
2024-01-10 14:00:00+09:00,13070.0,13100.0,13060.0,13080.0,41235,0.0,0.0
2024-01-11 09:00:00+09:00,13050.0,13140.0,13050.0,13070.0,39423,0.0,0.0
2024-01-11 10:00:00+09:00,13090.0,13120.0,13040.0,13090.0,46563,0.0,0.0
2024-01-11 11:00:00+09:00,13090.0,13110.0,13070.0,13100.0,24914,0.0,0.0
2024-01-11 12:00:00+09:00,13070.0,13100.0,13050.0,13060.0,20034,0.0,0.0
2024-01-11 13:00:00+09:00,13060.0,13080.0,13020.0,13050.0,38926,0.0,0.0
2024-01-11 14:00:00+09:00,13050.0,13120.0,13030.0,13120.0,51832,0.0,0.0
2024-01-12 09:00:00+09:00,13060.0,13130.0,12910.0,12920.0,116992,0.0,0.0
2024-01-12 10:00:00+09:00,12920.0,12930.0,12870.0,12920.0,87299,0.0,0.0
2024-01-12 11:00:00+09:00,12920.0,12920.0,12860.0,12880.0,70429,0.0,0.0
2024-01-12 12:00:00+09:00,12890.0,12890.0,12860.0,12870.0,37479,0.0,0.0
2024-01-12 13:00:00+09:00,12870.0,12880.0,12800.0,12830.0,118608,0.0,0.0
2024-01-12 14:00:00+09:00,12830.0,12830.0,12790.0,12820.0,67400,0.0,0.0
2024-01-15 09:00:00+09:00,12870.0,12980.0,12870.0,12900.0,0,0.0,0.0
2024-01-15 10:00:00+09:00,12910.0,12920.0,12850.0,12870.0,38387,0.0,0.0
2024-01-15 11:00:00+09:00,12860.0,12900.0,12850.0,12870.0,19667,0.0,0.0
2024-01-15 12:00:00+09:00,12890.0,12910.0,12870.0,12900.0,13188,0.0,0.0
2024-01-15 13:00:00+09:00,12900.0,12910.0,12860.0,12870.0,23576,0.0,0.0
2024-01-15 14:00:00+09:00,12870.0,12880.0,12800.0,12800.0,62030,0.0,0.0
2024-01-16 09:00:00+09:00,12810.0,12850.0,12680.0,12680.0,81000,0.0,0.0
2024-01-16 10:00:00+09:00,12680.0,12690.0,12600.0,12630.0,96641,0.0,0.0
2024-01-16 11:00:00+09:00,12630.0,12700.0,12620.0,12630.0,40690,0.0,0.0
2024-01-16 12:00:00+09:00,12630.0,12670.0,12620.0,12620.0,35122,0.0,0.0
2024-01-16 13:00:00+09:00,12630.0,12640.0,12610.0,12610.0,39515,0.0,0.0
2024-01-16 14:00:00+09:00,12620.0,12630.0,12500.0,12500.0,171543,0.0,0.0
2024-01-17 09:00:00+09:00,12530.0,12600.0,12330.0,12410.0,154007,0.0,0.0
2024-01-17 10:00:00+09:00,12420.0,12420.0,12340.0,12350.0,61011,0.0,0.0
2024-01-17 11:00:00+09:00,12360.0,12360.0,12300.0,12320.0,66086,0.0,0.0
2024-01-17 12:00:00+09:00,12310.0,12320.0,12230.0,12250.0,74498,0.0,0.0
2024-01-17 13:00:00+09:00,12240.0,12430.0,12210.0,12330.0,96452,0.0,0.0
2024-01-17 14:00:00+09:00,12330.0,12360.0,12250.0,12290.0,70311,0.0,0.0
2024-01-18 09:00:00+09:00,12210.0,12480.0,12210.0,12380.0,83601,0.0,0.0
2024-01-18 10:00:00+09:00,12390.0,12440.0,12370.0,12420.0,39489,0.0,0.0
2024-01-18 11:00:00+09:00,12410.0,12480.0,12360.0,12380.0,28961,0.0,0.0
2024-01-18 12:00:00+09:00,12390.0,12390.0,12350.0,12380.0,17279,0.0,0.0
2024-01-18 13:00:00+09:00,12370.0,12400.0,12290.0,12300.0,31249,0.0,0.0
2024-01-18 14:00:00+09:00,12300.0,12350.0,12290.0,12300.0,35131,0.0,0.0
2024-01-19 09:00:00+09:00,12400.0,12780.0,12400.0,12750.0,205334,0.0,0.0
2024-01-19 10:00:00+09:00,12750.0,12770.0,12650.0,12650.0,52333,0.0,0.0
2024-01-19 11:00:00+09:00,12650.0,12710.0,12650.0,12670.0,32563,0.0,0.0
2024-01-19 12:00:00+09:00,12670.0,12710.0,12650.0,12670.0,37610,0.0,0.0
2024-01-19 13:00:00+09:00,12670.0,12700.0,12600.0,12660.0,46999,0.0,0.0
2024-01-19 14:00:00+09:00,12630.0,12630.0,12530.0,12570.0,68753,0.0,0.0
2024-01-22 09:00:00+09:00,12730.0,12820.0,12580.0,12810.0,0,0.0,0.0
2024-01-22 10:00:00+09:00,12800.0,12830.0,12630.0,12640.0,40647,0.0,0.0
2024-01-22 11:00:00+09:00,12640.0,12720.0,12630.0,12690.0,25838,0.0,0.0
2024-01-22 12:00:00+09:00,12700.0,12730.0,12650.0,12690.0,25230,0.0,0.0
2024-01-22 13:00:00+09:00,12690.0,12730.0,12660.0,12680.0,19071,0.0,0.0
2024-01-22 14:00:00+09:00,12680.0,12710.0,12630.0,12640.0,35582,0.0,0.0
2024-01-23 09:00:00+09:00,12780.0,12780.0,12630.0,12700.0,39674,0.0,0.0
2024-01-23 10:00:00+09:00,12700.0,12740.0,12650.0,12710.0,26333,0.0,0.0
2024-01-23 11:00:00+09:00,12700.0,12750.0,12670.0,12680.0,24953,0.0,0.0
2024-01-23 12:00:00+09:00,12680.0,12680.0,12610.0,12630.0,38065,0.0,0.0
2024-01-23 13:00:00+09:00,12620.0,12630.0,12530.0,12530.0,50854,0.0,0.0
2024-01-23 14:00:00+09:00,12530.0,12590.0,12490.0,12530.0,55198,0.0,0.0
2024-01-24 09:00:00+09:00,12540.0,12620.0,12510.0,12560.0,58875,0.0,0.0
2024-01-24 10:00:00+09:00,12570.0,12600.0,12510.0,12530.0,42479,0.0,0.0
2024-01-24 11:00:00+09:00,12530.0,12580.0,12520.0,12570.0,40529,0.0,0.0
2024-01-24 12:00:00+09:00,12560.0,12660.0,12540.0,12630.0,59795,0.0,0.0
2024-01-24 13:00:00+09:00,12630.0,12680.0,12540.0,12560.0,56019,0.0,0.0
2024-01-24 14:00:00+09:00,12570.0,12590.0,12520.0,12550.0,61978,0.0,0.0
2024-01-25 09:00:00+09:00,12560.0,12560.0,12350.0,12390.0,99741,0.0,0.0
2024-01-25 10:00:00+09:00,12380.0,12400.0,12350.0,12370.0,35547,0.0,0.0
2024-01-25 11:00:00+09:00,12370.0,12390.0,12270.0,12290.0,109497,0.0,0.0
2024-01-25 12:00:00+09:00,12280.0,12340.0,12270.0,12310.0,39181,0.0,0.0
2024-01-25 13:00:00+09:00,12320.0,12370.0,12310.0,12360.0,31197,0.0,0.0
2024-01-25 14:00:00+09:00,12360.0,12470.0,12350.0,12420.0,48925,0.0,0.0
2024-01-26 09:00:00+09:00,12400.0,12800.0,12400.0,12790.0,115329,0.0,0.0
2024-01-26 10:00:00+09:00,12800.0,12950.0,12750.0,12940.0,174343,0.0,0.0
2024-01-26 11:00:00+09:00,12940.0,13050.0,12930.0,12930.0,142688,0.0,0.0
2024-01-26 12:00:00+09:00,12930.0,12970.0,12910.0,12920.0,28501,0.0,0.0
2024-01-26 13:00:00+09:00,12930.0,12960.0,12900.0,12900.0,25629,0.0,0.0
2024-01-26 14:00:00+09:00,12900.0,12980.0,12890.0,12970.0,44469,0.0,0.0
2024-01-29 09:00:00+09:00,12930.0,12960.0,12710.0,12730.0,0,0.0,0.0
2024-01-29 10:00:00+09:00,12730.0,12840.0,12720.0,12810.0,32450,0.0,0.0
2024-01-29 11:00:00+09:00,12800.0,12830.0,12780.0,12790.0,20493,0.0,0.0
2024-01-29 12:00:00+09:00,12800.0,12820.0,12780.0,12810.0,22467,0.0,0.0
2024-01-29 13:00:00+09:00,12810.0,12830.0,12790.0,12790.0,27843,0.0,0.0
2024-01-29 14:00:00+09:00,12790.0,12800.0,12700.0,12770.0,71403,0.0,0.0
2024-01-30 09:00:00+09:00,12750.0,12980.0,12750.0,12970.0,95398,0.0,0.0
2024-01-30 10:00:00+09:00,12970.0,12980.0,12840.0,12870.0,38433,0.0,0.0
2024-01-30 11:00:00+09:00,12870.0,12920.0,12770.0,12810.0,37935,0.0,0.0
2024-01-30 12:00:00+09:00,12810.0,12860.0,12790.0,12810.0,9874,0.0,0.0
2024-01-30 13:00:00+09:00,12810.0,12870.0,12790.0,12800.0,15578,0.0,0.0
2024-01-30 14:00:00+09:00,12790.0,12840.0,12790.0,12800.0,42990,0.0,0.0
2024-01-31 09:00:00+09:00,12780.0,12830.0,12710.0,12740.0,21612,0.0,0.0
2024-01-31 10:00:00+09:00,12740.0,12830.0,12700.0,12760.0,52985,0.0,0.0
2024-01-31 11:00:00+09:00,12770.0,12770.0,12630.0,12640.0,28315,0.0,0.0
2024-01-31 12:00:00+09:00,12660.0,12690.0,12640.0,12670.0,12595,0.0,0.0
2024-01-31 13:00:00+09:00,12670.0,12700.0,12650.0,12670.0,33038,0.0,0.0
2024-01-31 14:00:00+09:00,12690.0,12690.0,12620.0,12660.0,50423,0.0,0.0
2024-02-01 09:00:00+09:00,12690.0,12780.0,12600.0,12730.0,60345,0.0,0.0
2024-02-01 10:00:00+09:00,12720.0,12800.0,12700.0,12770.0,52334,0.0,0.0
2024-02-01 11:00:00+09:00,12770.0,12810.0,12740.0,12810.0,45426,0.0,0.0
2024-02-01 12:00:00+09:00,12810.0,12930.0,12810.0,12900.0,56334,0.0,0.0
2024-02-01 13:00:00+09:00,12900.0,12900.0,12800.0,12820.0,63585,0.0,0.0
2024-02-01 14:00:00+09:00,12820.0,12920.0,12800.0,12920.0,64551,0.0,0.0
2024-02-02 09:00:00+09:00,13000.0,13060.0,12890.0,12920.0,120171,0.0,0.0
2024-02-02 10:00:00+09:00,12930.0,13090.0,12920.0,13060.0,100322,0.0,0.0
2024-02-02 11:00:00+09:00,13050.0,13110.0,13020.0,13060.0,68633,0.0,0.0
2024-02-02 12:00:00+09:00,13060.0,13060.0,12980.0,13000.0,52824,0.0,0.0
2024-02-02 13:00:00+09:00,13000.0,13140.0,12970.0,13080.0,110209,0.0,0.0
2024-02-02 14:00:00+09:00,13090.0,13130.0,13050.0,13080.0,63048,0.0,0.0
2024-02-05 09:00:00+09:00,13090.0,13110.0,12850.0,12970.0,0,0.0,0.0
2024-02-05 10:00:00+09:00,12980.0,13030.0,12970.0,12980.0,22949,0.0,0.0
2024-02-05 11:00:00+09:00,12990.0,13080.0,12970.0,13050.0,30070,0.0,0.0
2024-02-05 12:00:00+09:00,13040.0,13100.0,13030.0,13090.0,22553,0.0,0.0
2024-02-05 13:00:00+09:00,13090.0,13110.0,12990.0,13000.0,41152,0.0,0.0
2024-02-05 14:00:00+09:00,13020.0,13070.0,12960.0,12990.0,37540,0.0,0.0
2024-02-06 09:00:00+09:00,13000.0,13170.0,12920.0,13160.0,73264,0.0,0.0
2024-02-06 10:00:00+09:00,13160.0,13250.0,13100.0,13250.0,131031,0.0,0.0
2024-02-06 11:00:00+09:00,13240.0,13250.0,13160.0,13180.0,31245,0.0,0.0
2024-02-06 12:00:00+09:00,13190.0,13230.0,13140.0,13150.0,54744,0.0,0.0
2024-02-06 13:00:00+09:00,13150.0,13200.0,13130.0,13160.0,41886,0.0,0.0
2024-02-06 14:00:00+09:00,13160.0,13160.0,13020.0,13040.0,62455,0.0,0.0
2024-02-07 09:00:00+09:00,13140.0,13180.0,12970.0,13070.0,67440,0.0,0.0
2024-02-07 10:00:00+09:00,13070.0,13170.0,13040.0,13160.0,37102,0.0,0.0
2024-02-07 11:00:00+09:00,13170.0,13170.0,13130.0,13140.0,43952,0.0,0.0
2024-02-07 12:00:00+09:00,13160.0,13170.0,13020.0,13030.0,44632,0.0,0.0
2024-02-07 13:00:00+09:00,13040.0,13090.0,13020.0,13030.0,22530,0.0,0.0
2024-02-07 14:00:00+09:00,13030.0,13180.0,13030.0,13170.0,48540,0.0,0.0
2024-02-08 09:00:00+09:00,13150.0,13230.0,13070.0,13090.0,75332,0.0,0.0
2024-02-08 10:00:00+09:00,13090.0,13180.0,13080.0,13170.0,60887,0.0,0.0
2024-02-08 11:00:00+09:00,13170.0,13240.0,13170.0,13240.0,71975,0.0,0.0
2024-02-08 12:00:00+09:00,13240.0,13280.0,13220.0,13250.0,62880,0.0,0.0
2024-02-08 13:00:00+09:00,13250.0,13260.0,13210.0,13220.0,56654,0.0,0.0
2024-02-08 14:00:00+09:00,13230.0,13260.0,13150.0,13250.0,85799,0.0,0.0
2024-02-13 09:00:00+09:00,13220.0,13280.0,13060.0,13070.0,0,0.0,0.0
2024-02-13 10:00:00+09:00,13080.0,13080.0,12940.0,13040.0,95358,0.0,0.0
2024-02-13 11:00:00+09:00,13040.0,13130.0,13030.0,13100.0,42997,0.0,0.0
2024-02-13 12:00:00+09:00,13120.0,13180.0,13100.0,13140.0,25215,0.0,0.0
2024-02-13 13:00:00+09:00,13140.0,13190.0,13100.0,13180.0,47174,0.0,0.0
2024-02-13 14:00:00+09:00,13180.0,13200.0,13130.0,13130.0,32710,0.0,0.0
2024-02-14 09:00:00+09:00,12970.0,13180.0,12970.0,13110.0,97973,0.0,0.0
2024-02-14 10:00:00+09:00,13110.0,13150.0,13040.0,13080.0,59358,0.0,0.0
2024-02-14 11:00:00+09:00,13100.0,13120.0,13060.0,13090.0,19788,0.0,0.0
2024-02-14 12:00:00+09:00,13080.0,13170.0,13070.0,13120.0,30155,0.0,0.0
2024-02-14 13:00:00+09:00,13130.0,13290.0,13100.0,13200.0,50328,0.0,0.0
2024-02-14 14:00:00+09:00,13200.0,13210.0,13140.0,13140.0,27549,0.0,0.0
2024-02-15 09:00:00+09:00,13180.0,13190.0,13070.0,13110.0,46690,0.0,0.0
2024-02-15 10:00:00+09:00,13100.0,13120.0,13090.0,13110.0,27872,0.0,0.0
2024-02-15 11:00:00+09:00,13100.0,13130.0,13100.0,13110.0,21865,0.0,0.0
2024-02-15 12:00:00+09:00,13100.0,13120.0,13070.0,13090.0,44073,0.0,0.0
2024-02-15 13:00:00+09:00,13090.0,13280.0,13040.0,13080.0,86081,0.0,0.0
2024-02-15 14:00:00+09:00,13080.0,13170.0,12980.0,13020.0,137353,0.0,0.0
2024-02-16 09:00:00+09:00,13370.0,13500.0,13070.0,13190.0,465431,0.0,0.0
2024-02-16 10:00:00+09:00,13190.0,13200.0,13090.0,13120.0,77992,0.0,0.0
2024-02-16 11:00:00+09:00,13110.0,13130.0,13090.0,13100.0,53512,0.0,0.0
2024-02-16 12:00:00+09:00,13100.0,13130.0,13090.0,13110.0,35644,0.0,0.0
2024-02-16 13:00:00+09:00,13120.0,13140.0,13100.0,13140.0,29808,0.0,0.0
2024-02-16 14:00:00+09:00,13130.0,13210.0,13130.0,13190.0,102584,0.0,0.0
2024-02-19 09:00:00+09:00,13140.0,13470.0,13140.0,13440.0,0,0.0,0.0
2024-02-19 10:00:00+09:00,13440.0,13460.0,13360.0,13400.0,91703,0.0,0.0
2024-02-19 11:00:00+09:00,13400.0,13460.0,13360.0,13460.0,88484,0.0,0.0
2024-02-19 12:00:00+09:00,13460.0,13530.0,13410.0,13420.0,182678,0.0,0.0
2024-02-19 13:00:00+09:00,13420.0,13480.0,13360.0,13410.0,79541,0.0,0.0
2024-02-19 14:00:00+09:00,13420.0,13430.0,13380.0,13400.0,92203,0.0,0.0
2024-02-20 09:00:00+09:00,13450.0,13460.0,13130.0,13180.0,232790,0.0,0.0
2024-02-20 10:00:00+09:00,13180.0,13240.0,13160.0,13170.0,57229,0.0,0.0
2024-02-20 11:00:00+09:00,13190.0,13190.0,13110.0,13140.0,86564,0.0,0.0
2024-02-20 12:00:00+09:00,13140.0,13160.0,13100.0,13120.0,75508,0.0,0.0
2024-02-20 13:00:00+09:00,13110.0,13120.0,13080.0,13080.0,72712,0.0,0.0
2024-02-20 14:00:00+09:00,13090.0,13310.0,13070.0,13100.0,66733,0.0,0.0
2024-02-21 09:00:00+09:00,13010.0,13210.0,12970.0,13130.0,107026,0.0,0.0
2024-02-21 10:00:00+09:00,13130.0,13170.0,13090.0,13090.0,36593,0.0,0.0
2024-02-21 11:00:00+09:00,13100.0,13120.0,13070.0,13070.0,28030,0.0,0.0
2024-02-21 12:00:00+09:00,13070.0,13080.0,13020.0,13030.0,36456,0.0,0.0
2024-02-21 13:00:00+09:00,13030.0,13110.0,13000.0,13070.0,66045,0.0,0.0
2024-02-21 14:00:00+09:00,13070.0,13110.0,13060.0,13070.0,25126,0.0,0.0
2024-02-22 09:00:00+09:00,13120.0,13120.0,12910.0,12970.0,155145,0.0,0.0
2024-02-22 10:00:00+09:00,12970.0,12980.0,12890.0,12920.0,108281,0.0,0.0
2024-02-22 11:00:00+09:00,12910.0,12920.0,12840.0,12870.0,108306,0.0,0.0
2024-02-22 12:00:00+09:00,12860.0,12870.0,12830.0,12850.0,58427,0.0,0.0
2024-02-22 13:00:00+09:00,12850.0,12870.0,12840.0,12870.0,34416,0.0,0.0
2024-02-22 14:00:00+09:00,12870.0,12900.0,12840.0,12850.0,47123,0.0,0.0
2024-02-23 09:00:00+09:00,12840.0,12850.0,12720.0,12730.0,135725,0.0,0.0
2024-02-23 10:00:00+09:00,12740.0,12780.0,12720.0,12730.0,49041,0.0,0.0
2024-02-23 11:00:00+09:00,12730.0,12740.0,12700.0,12710.0,73295,0.0,0.0
2024-02-23 12:00:00+09:00,12710.0,12720.0,12640.0,12660.0,85814,0.0,0.0
2024-02-23 13:00:00+09:00,12650.0,12690.0,12640.0,12650.0,68482,0.0,0.0
2024-02-23 14:00:00+09:00,12640.0,12650.0,12600.0,12610.0,71343,0.0,0.0
2024-02-26 09:00:00+09:00,12590.0,12660.0,12520.0,12590.0,0,0.0,0.0
2024-02-26 10:00:00+09:00,12580.0,12600.0,12540.0,12560.0,37957,0.0,0.0
2024-02-26 11:00:00+09:00,12550.0,12600.0,12550.0,12580.0,19875,0.0,0.0
2024-02-26 12:00:00+09:00,12580.0,12600.0,12570.0,12580.0,14242,0.0,0.0
2024-02-26 13:00:00+09:00,12580.0,12600.0,12570.0,12580.0,31717,0.0,0.0
2024-02-26 14:00:00+09:00,12580.0,12590.0,12530.0,12550.0,59932,0.0,0.0
2024-02-27 09:00:00+09:00,12530.0,12540.0,12420.0,12430.0,124695,0.0,0.0
2024-02-27 10:00:00+09:00,12430.0,12440.0,12390.0,12390.0,92587,0.0,0.0
2024-02-27 11:00:00+09:00,12400.0,12440.0,12360.0,12370.0,59258,0.0,0.0
2024-02-27 12:00:00+09:00,12370.0,12390.0,12360.0,12370.0,20849,0.0,0.0
2024-02-27 13:00:00+09:00,12370.0,12390.0,12340.0,12340.0,50044,0.0,0.0
2024-02-27 14:00:00+09:00,12350.0,12360.0,12300.0,12320.0,68633,0.0,0.0
2024-02-28 09:00:00+09:00,12380.0,12460.0,12310.0,12440.0,67065,0.0,0.0
2024-02-28 10:00:00+09:00,12440.0,12460.0,12420.0,12450.0,25502,0.0,0.0
2024-02-28 11:00:00+09:00,12450.0,12470.0,12410.0,12440.0,44295,0.0,0.0
2024-02-28 12:00:00+09:00,12440.0,12470.0,12430.0,12460.0,45746,0.0,0.0
2024-02-28 13:00:00+09:00,12460.0,12710.0,12440.0,12650.0,116861,0.0,0.0
2024-02-28 14:00:00+09:00,12650.0,12680.0,12610.0,12650.0,35205,0.0,0.0
2024-02-29 09:00:00+09:00,12560.0,12590.0,12500.0,12580.0,69894,0.0,0.0
2024-02-29 10:00:00+09:00,12580.0,12660.0,12570.0,12610.0,34091,0.0,0.0
2024-02-29 11:00:00+09:00,12610.0,12620.0,12580.0,12610.0,14610,0.0,0.0
2024-02-29 12:00:00+09:00,12610.0,12620.0,12550.0,12580.0,22314,0.0,0.0
2024-02-29 13:00:00+09:00,12590.0,12640.0,12560.0,12620.0,49109,0.0,0.0
2024-02-29 14:00:00+09:00,12620.0,12650.0,12580.0,12630.0,52671,0.0,0.0
2024-03-04 09:00:00+09:00,12720.0,12800.0,12670.0,12710.0,0,0.0,0.0
2024-03-04 10:00:00+09:00,12700.0,12710.0,12630.0,12630.0,41926,0.0,0.0
2024-03-04 11:00:00+09:00,12630.0,12760.0,12620.0,12740.0,35167,0.0,0.0
2024-03-04 12:00:00+09:00,12740.0,12760.0,12700.0,12730.0,21261,0.0,0.0
2024-03-04 13:00:00+09:00,12730.0,12750.0,12720.0,12720.0,22730,0.0,0.0
2024-03-04 14:00:00+09:00,12720.0,12810.0,12720.0,12790.0,75665,0.0,0.0
2024-03-05 09:00:00+09:00,12830.0,13000.0,12780.0,12890.0,125554,0.0,0.0
2024-03-05 10:00:00+09:00,12890.0,13070.0,12870.0,13050.0,213624,0.0,0.0
2024-03-05 11:00:00+09:00,13050.0,13090.0,13010.0,13050.0,88125,0.0,0.0
2024-03-05 12:00:00+09:00,13050.0,13050.0,13020.0,13040.0,38919,0.0,0.0
2024-03-05 13:00:00+09:00,13040.0,13070.0,13000.0,13020.0,69946,0.0,0.0
2024-03-05 14:00:00+09:00,13010.0,13040.0,12990.0,13020.0,47457,0.0,0.0
2024-03-06 09:00:00+09:00,13000.0,13010.0,12870.0,12880.0,60931,0.0,0.0
2024-03-06 10:00:00+09:00,12880.0,12950.0,12870.0,12910.0,64302,0.0,0.0
2024-03-06 11:00:00+09:00,12910.0,12920.0,12870.0,12870.0,46403,0.0,0.0
2024-03-06 12:00:00+09:00,12880.0,13050.0,12870.0,13000.0,51074,0.0,0.0
2024-03-06 13:00:00+09:00,12990.0,13010.0,12900.0,12930.0,28838,0.0,0.0
2024-03-06 14:00:00+09:00,12940.0,12950.0,12880.0,12880.0,21330,0.0,0.0
2024-03-07 09:00:00+09:00,13440.0,13740.0,13170.0,13640.0,1360804,0.0,0.0
2024-03-07 10:00:00+09:00,13650.0,13650.0,13420.0,13540.0,363800,0.0,0.0
2024-03-07 11:00:00+09:00,13530.0,13560.0,13370.0,13400.0,164170,0.0,0.0
2024-03-07 12:00:00+09:00,13410.0,13490.0,13350.0,13490.0,119974,0.0,0.0
2024-03-07 13:00:00+09:00,13480.0,13600.0,13480.0,13560.0,208233,0.0,0.0
2024-03-07 14:00:00+09:00,13560.0,13590.0,13470.0,13510.0,161603,0.0,0.0
2024-03-08 09:00:00+09:00,13630.0,13660.0,13370.0,13460.0,299423,0.0,0.0
2024-03-08 10:00:00+09:00,13480.0,13500.0,13390.0,13390.0,66040,0.0,0.0
2024-03-08 11:00:00+09:00,13390.0,13450.0,13310.0,13320.0,116984,0.0,0.0
2024-03-08 12:00:00+09:00,13320.0,13320.0,13260.0,13290.0,69444,0.0,0.0
2024-03-08 13:00:00+09:00,13290.0,13300.0,13210.0,13300.0,92526,0.0,0.0
2024-03-08 14:00:00+09:00,13300.0,13300.0,13240.0,13240.0,62714,0.0,0.0
2024-03-11 09:00:00+09:00,13210.0,13360.0,13100.0,13230.0,0,0.0,0.0
2024-03-11 10:00:00+09:00,13230.0,13350.0,13200.0,13220.0,81416,0.0,0.0
2024-03-11 11:00:00+09:00,13210.0,13220.0,13180.0,13200.0,34350,0.0,0.0
2024-03-11 12:00:00+09:00,13200.0,13230.0,13180.0,13210.0,16451,0.0,0.0
2024-03-11 13:00:00+09:00,13210.0,13210.0,13160.0,13180.0,24831,0.0,0.0
2024-03-11 14:00:00+09:00,13190.0,13200.0,13130.0,13140.0,40220,0.0,0.0
2024-03-12 09:00:00+09:00,13120.0,13160.0,13110.0,13140.0,63020,0.0,0.0
2024-03-12 10:00:00+09:00,13130.0,13140.0,13080.0,13110.0,44024,0.0,0.0
2024-03-12 11:00:00+09:00,13110.0,13160.0,13100.0,13140.0,19428,0.0,0.0
2024-03-12 12:00:00+09:00,13140.0,13190.0,13110.0,13160.0,30724,0.0,0.0
2024-03-12 13:00:00+09:00,13170.0,13180.0,13120.0,13140.0,35665,0.0,0.0
2024-03-12 14:00:00+09:00,13140.0,13260.0,13130.0,13250.0,66802,0.0,0.0
2024-03-13 09:00:00+09:00,13260.0,13300.0,13160.0,13230.0,60451,0.0,0.0
2024-03-13 10:00:00+09:00,13230.0,13230.0,13140.0,13160.0,42535,0.0,0.0
2024-03-13 11:00:00+09:00,13160.0,13180.0,13120.0,13120.0,44144,0.0,0.0
2024-03-13 12:00:00+09:00,13130.0,13150.0,13080.0,13090.0,58397,0.0,0.0
2024-03-13 13:00:00+09:00,13100.0,13190.0,13040.0,13130.0,130703,0.0,0.0
2024-03-13 14:00:00+09:00,13140.0,13170.0,13110.0,13140.0,35932,0.0,0.0
2024-03-14 09:00:00+09:00,13090.0,13180.0,13050.0,13140.0,77593,0.0,0.0
2024-03-14 10:00:00+09:00,13160.0,13210.0,13100.0,13190.0,48626,0.0,0.0
2024-03-14 11:00:00+09:00,13190.0,13260.0,13150.0,13250.0,67651,0.0,0.0
2024-03-14 12:00:00+09:00,13250.0,13270.0,13200.0,13260.0,44841,0.0,0.0
2024-03-14 13:00:00+09:00,13260.0,13310.0,13230.0,13280.0,45277,0.0,0.0
2024-03-14 14:00:00+09:00,13280.0,13310.0,13260.0,13310.0,34475,0.0,0.0
2024-03-15 09:00:00+09:00,13190.0,13250.0,13030.0,13110.0,112204,0.0,0.0
2024-03-15 10:00:00+09:00,13110.0,13130.0,13070.0,13110.0,23493,0.0,0.0
2024-03-15 11:00:00+09:00,13110.0,13110.0,13050.0,13070.0,33457,0.0,0.0
2024-03-15 12:00:00+09:00,13070.0,13110.0,13050.0,13050.0,33782,0.0,0.0
2024-03-15 13:00:00+09:00,13050.0,13130.0,13050.0,13080.0,62665,0.0,0.0
2024-03-15 14:00:00+09:00,13060.0,13080.0,13050.0,13060.0,29066,0.0,0.0
2024-03-18 09:00:00+09:00,13090.0,13120.0,13010.0,13110.0,0,0.0,0.0
2024-03-18 10:00:00+09:00,13100.0,13100.0,13040.0,13060.0,16528,0.0,0.0
2024-03-18 11:00:00+09:00,13060.0,13070.0,13050.0,13070.0,10233,0.0,0.0
2024-03-18 12:00:00+09:00,13070.0,13070.0,13020.0,13020.0,28879,0.0,0.0
2024-03-18 13:00:00+09:00,13030.0,13030.0,13010.0,13030.0,31067,0.0,0.0
2024-03-18 14:00:00+09:00,13020.0,13100.0,13010.0,13100.0,38621,0.0,0.0
2024-03-19 09:00:00+09:00,13170.0,13400.0,13160.0,13290.0,239825,0.0,0.0
2024-03-19 10:00:00+09:00,13290.0,13420.0,13290.0,13390.0,251935,0.0,0.0
2024-03-19 11:00:00+09:00,13400.0,13560.0,13390.0,13470.0,239671,0.0,0.0
2024-03-19 12:00:00+09:00,13470.0,13500.0,13390.0,13450.0,98023,0.0,0.0
2024-03-19 13:00:00+09:00,13450.0,13490.0,13430.0,13440.0,85863,0.0,0.0
2024-03-19 14:00:00+09:00,13440.0,13490.0,13400.0,13470.0,90198,0.0,0.0
2024-03-20 09:00:00+09:00,13560.0,13640.0,13400.0,13580.0,270152,0.0,0.0
2024-03-20 10:00:00+09:00,13590.0,13610.0,13450.0,13520.0,114826,0.0,0.0
2024-03-20 11:00:00+09:00,13520.0,13570.0,13480.0,13540.0,44067,0.0,0.0
2024-03-20 12:00:00+09:00,13570.0,13640.0,13550.0,13560.0,107864,0.0,0.0
2024-03-20 13:00:00+09:00,13600.0,13630.0,13550.0,13550.0,67039,0.0,0.0
2024-03-20 14:00:00+09:00,13570.0,13570.0,13490.0,13520.0,98612,0.0,0.0
2024-03-21 09:00:00+09:00,13550.0,13650.0,13480.0,13500.0,188614,0.0,0.0
2024-03-21 10:00:00+09:00,13500.0,13560.0,13420.0,13510.0,123806,0.0,0.0
2024-03-21 11:00:00+09:00,13510.0,13580.0,13480.0,13570.0,38008,0.0,0.0
2024-03-21 12:00:00+09:00,13570.0,13590.0,13550.0,13570.0,41177,0.0,0.0
2024-03-21 13:00:00+09:00,13570.0,13580.0,13540.0,13550.0,40994,0.0,0.0
2024-03-21 14:00:00+09:00,13550.0,13590.0,13520.0,13560.0,57822,0.0,0.0
2024-03-22 09:00:00+09:00,13580.0,13640.0,13500.0,13560.0,94387,0.0,0.0
2024-03-22 10:00:00+09:00,13560.0,13640.0,13560.0,13600.0,88414,0.0,0.0
2024-03-22 11:00:00+09:00,13590.0,13790.0,13590.0,13720.0,170971,0.0,0.0
2024-03-22 12:00:00+09:00,13720.0,13750.0,13690.0,13700.0,53565,0.0,0.0
2024-03-22 13:00:00+09:00,13690.0,13700.0,13590.0,13630.0,50736,0.0,0.0
2024-03-22 14:00:00+09:00,13630.0,13690.0,13580.0,13690.0,52369,0.0,0.0
2024-03-25 09:00:00+09:00,13820.0,13820.0,13600.0,13770.0,0,0.0,0.0
2024-03-25 10:00:00+09:00,13770.0,13810.0,13730.0,13770.0,99322,0.0,0.0
2024-03-25 11:00:00+09:00,13770.0,13800.0,13720.0,13780.0,71667,0.0,0.0
2024-03-25 12:00:00+09:00,13780.0,13780.0,13680.0,13690.0,34460,0.0,0.0
2024-03-25 13:00:00+09:00,13680.0,13820.0,13650.0,13730.0,66201,0.0,0.0
2024-03-25 14:00:00+09:00,13730.0,13800.0,13690.0,13770.0,44621,0.0,0.0
2024-03-26 09:00:00+09:00,13790.0,13800.0,13620.0,13720.0,110675,0.0,0.0
2024-03-26 10:00:00+09:00,13720.0,13810.0,13690.0,13800.0,59720,0.0,0.0
2024-03-26 11:00:00+09:00,13790.0,13850.0,13760.0,13840.0,92538,0.0,0.0
2024-03-26 12:00:00+09:00,13840.0,13920.0,13830.0,13870.0,127853,0.0,0.0
2024-03-26 13:00:00+09:00,13870.0,14010.0,13860.0,13990.0,224700,0.0,0.0
2024-03-26 14:00:00+09:00,13990.0,14100.0,13980.0,14100.0,255616,0.0,0.0
2024-03-27 09:00:00+09:00,14170.0,14370.0,14120.0,14300.0,430121,0.0,0.0
2024-03-27 10:00:00+09:00,14290.0,14350.0,14250.0,14310.0,131954,0.0,0.0
2024-03-27 11:00:00+09:00,14310.0,14420.0,14280.0,14390.0,195555,0.0,0.0
2024-03-27 12:00:00+09:00,14390.0,14440.0,14380.0,14440.0,121566,0.0,0.0
2024-03-27 13:00:00+09:00,14440.0,14450.0,14330.0,14410.0,152314,0.0,0.0
2024-03-27 14:00:00+09:00,14410.0,14430.0,14320.0,14420.0,175659,0.0,0.0
2024-03-28 09:00:00+09:00,14490.0,14620.0,14310.0,14390.0,385013,0.0,0.0
2024-03-28 10:00:00+09:00,14400.0,14480.0,14340.0,14390.0,94994,0.0,0.0
2024-03-28 11:00:00+09:00,14390.0,14480.0,14360.0,14410.0,114547,0.0,0.0
2024-03-28 12:00:00+09:00,14420.0,14480.0,14360.0,14410.0,84237,0.0,0.0
2024-03-28 13:00:00+09:00,14410.0,14450.0,14330.0,14350.0,95180,0.0,0.0
2024-03-28 14:00:00+09:00,14350.0,14390.0,14340.0,14360.0,92170,0.0,0.0
2024-03-29 09:00:00+09:00,14310.0,14330.0,14050.0,14200.0,201863,0.0,0.0
2024-03-29 10:00:00+09:00,14200.0,14310.0,14180.0,14270.0,63915,0.0,0.0
2024-03-29 11:00:00+09:00,14270.0,14340.0,14230.0,14310.0,50126,0.0,0.0
2024-03-29 12:00:00+09:00,14310.0,14320.0,14210.0,14250.0,36871,0.0,0.0
2024-03-29 13:00:00+09:00,14240.0,14280.0,14200.0,14230.0,41385,0.0,0.0
2024-03-29 14:00:00+09:00,14240.0,14240.0,14130.0,14220.0,83612,0.0,0.0
2024-04-01 09:00:00+09:00,14300.0,14820.0,14290.0,14780.0,5477,0.0,0.0
2024-04-01 10:00:00+09:00,14780.0,14890.0,14750.0,14850.0,257481,0.0,0.0
2024-04-01 11:00:00+09:00,14860.0,15130.0,14830.0,15130.0,382340,0.0,0.0
2024-04-01 12:00:00+09:00,15130.0,15180.0,15060.0,15150.0,265247,0.0,0.0
2024-04-01 13:00:00+09:00,15150.0,15250.0,15140.0,15220.0,327791,0.0,0.0
2024-04-01 14:00:00+09:00,15220.0,15240.0,15130.0,15230.0,253641,0.0,0.0
2024-04-02 09:00:00+09:00,15130.0,15190.0,14790.0,14930.0,376726,0.0,0.0
2024-04-02 10:00:00+09:00,14930.0,14930.0,14790.0,14890.0,120708,0.0,0.0
2024-04-02 11:00:00+09:00,14890.0,14920.0,14810.0,14840.0,77182,0.0,0.0
2024-04-02 12:00:00+09:00,14840.0,14840.0,14630.0,14640.0,172583,0.0,0.0
2024-04-02 13:00:00+09:00,14630.0,14730.0,14610.0,14680.0,111958,0.0,0.0
2024-04-02 14:00:00+09:00,14670.0,14850.0,14590.0,14740.0,196291,0.0,0.0
2024-04-03 09:00:00+09:00,14650.0,14940.0,14590.0,14830.0,283977,0.0,0.0
2024-04-03 10:00:00+09:00,14810.0,15050.0,14740.0,14940.0,216036,0.0,0.0
2024-04-03 11:00:00+09:00,14950.0,14960.0,14690.0,14740.0,108636,0.0,0.0
2024-04-03 12:00:00+09:00,14750.0,14770.0,14610.0,14680.0,96744,0.0,0.0
2024-04-03 13:00:00+09:00,14670.0,14840.0,14660.0,14790.0,84712,0.0,0.0
2024-04-03 14:00:00+09:00,14790.0,14840.0,14760.0,14810.0,92489,0.0,0.0
2024-04-04 09:00:00+09:00,14940.0,14950.0,14590.0,14820.0,204734,0.0,0.0
2024-04-04 10:00:00+09:00,14820.0,15070.0,14790.0,15030.0,204226,0.0,0.0
2024-04-04 11:00:00+09:00,15050.0,15180.0,15000.0,15060.0,155004,0.0,0.0
2024-04-04 12:00:00+09:00,15060.0,15070.0,14970.0,15040.0,62008,0.0,0.0
2024-04-04 13:00:00+09:00,15040.0,15100.0,14990.0,15030.0,95924,0.0,0.0
2024-04-04 14:00:00+09:00,15030.0,15050.0,14880.0,14900.0,203109,0.0,0.0
2024-04-05 09:00:00+09:00,14870.0,15100.0,14750.0,15020.0,146827,0.0,0.0
2024-04-05 10:00:00+09:00,15010.0,15030.0,14880.0,14900.0,98699,0.0,0.0
2024-04-05 11:00:00+09:00,14890.0,14990.0,14890.0,14950.0,38978,0.0,0.0
2024-04-05 12:00:00+09:00,14950.0,14980.0,14930.0,14970.0,45167,0.0,0.0
2024-04-05 13:00:00+09:00,14960.0,15050.0,14960.0,14990.0,77902,0.0,0.0
2024-04-05 14:00:00+09:00,14990.0,15030.0,14950.0,14980.0,67112,0.0,0.0
2024-04-08 09:00:00+09:00,15050.0,15070.0,14740.0,14890.0,0,0.0,0.0
2024-04-08 10:00:00+09:00,14880.0,15020.0,14860.0,15010.0,87119,0.0,0.0
2024-04-08 11:00:00+09:00,15010.0,15020.0,14960.0,15010.0,50717,0.0,0.0
2024-04-08 12:00:00+09:00,15010.0,15020.0,14980.0,15000.0,40354,0.0,0.0
2024-04-08 13:00:00+09:00,14990.0,15050.0,14980.0,15000.0,69577,0.0,0.0
2024-04-08 14:00:00+09:00,15010.0,15140.0,15000.0,15140.0,151186,0.0,0.0
2024-04-09 09:00:00+09:00,15190.0,15350.0,15080.0,15330.0,257295,0.0,0.0
2024-04-09 10:00:00+09:00,15330.0,15640.0,15230.0,15640.0,339868,0.0,0.0
2024-04-09 11:00:00+09:00,15640.0,15670.0,15400.0,15540.0,220639,0.0,0.0
2024-04-09 12:00:00+09:00,15540.0,15570.0,15450.0,15460.0,81828,0.0,0.0
2024-04-09 13:00:00+09:00,15470.0,15470.0,15320.0,15380.0,98479,0.0,0.0
2024-04-09 14:00:00+09:00,15390.0,15390.0,15060.0,15140.0,198140,0.0,0.0
2024-04-11 09:00:00+09:00,15180.0,15220.0,14920.0,14990.0,0,0.0,0.0
2024-04-11 10:00:00+09:00,14980.0,15180.0,14980.0,15120.0,67655,0.0,0.0
2024-04-11 11:00:00+09:00,15110.0,15140.0,14950.0,14970.0,96110,0.0,0.0
2024-04-11 12:00:00+09:00,14970.0,14990.0,14920.0,14940.0,52728,0.0,0.0
2024-04-11 13:00:00+09:00,14940.0,14950.0,14880.0,14880.0,77562,0.0,0.0
2024-04-11 14:00:00+09:00,14880.0,14920.0,14740.0,14760.0,207508,0.0,0.0
2024-04-12 09:00:00+09:00,14680.0,14750.0,14310.0,14620.0,300168,0.0,0.0
2024-04-12 10:00:00+09:00,14620.0,14780.0,14580.0,14730.0,86097,0.0,0.0
2024-04-12 11:00:00+09:00,14720.0,14760.0,14620.0,14630.0,56397,0.0,0.0
2024-04-12 12:00:00+09:00,14630.0,14690.0,14420.0,14460.0,110724,0.0,0.0
2024-04-12 13:00:00+09:00,14460.0,14680.0,14430.0,14650.0,61751,0.0,0.0
2024-04-12 14:00:00+09:00,14660.0,14690.0,14600.0,14650.0,70047,0.0,0.0
2024-04-15 09:00:00+09:00,14400.0,14570.0,14300.0,14450.0,0,0.0,0.0
2024-04-15 10:00:00+09:00,14450.0,14470.0,14340.0,14380.0,67723,0.0,0.0
2024-04-15 11:00:00+09:00,14370.0,14380.0,14290.0,14340.0,47575,0.0,0.0
2024-04-15 12:00:00+09:00,14340.0,14370.0,14300.0,14330.0,32211,0.0,0.0
2024-04-15 13:00:00+09:00,14330.0,14460.0,14320.0,14440.0,51716,0.0,0.0
2024-04-15 14:00:00+09:00,14440.0,14480.0,14400.0,14410.0,50349,0.0,0.0
2024-04-16 09:00:00+09:00,14390.0,14500.0,14250.0,14400.0,81360,0.0,0.0
2024-04-16 10:00:00+09:00,14410.0,14440.0,14160.0,14190.0,102320,0.0,0.0
2024-04-16 11:00:00+09:00,14180.0,14320.0,14140.0,14310.0,64540,0.0,0.0
2024-04-16 12:00:00+09:00,14310.0,14340.0,14260.0,14290.0,39910,0.0,0.0
2024-04-16 13:00:00+09:00,14300.0,14470.0,14270.0,14400.0,55332,0.0,0.0
2024-04-16 14:00:00+09:00,14410.0,14530.0,14360.0,14480.0,103622,0.0,0.0
2024-04-17 09:00:00+09:00,14790.0,15100.0,14700.0,15020.0,313490,0.0,0.0
2024-04-17 10:00:00+09:00,15020.0,15040.0,14770.0,14900.0,121739,0.0,0.0
2024-04-17 11:00:00+09:00,14890.0,14970.0,14890.0,14960.0,69269,0.0,0.0
2024-04-17 12:00:00+09:00,14970.0,15010.0,14890.0,15000.0,86094,0.0,0.0
2024-04-17 13:00:00+09:00,15000.0,15010.0,14890.0,14910.0,77012,0.0,0.0
2024-04-17 14:00:00+09:00,14910.0,15050.0,14860.0,15030.0,172342,0.0,0.0
2024-04-18 09:00:00+09:00,15000.0,15180.0,14910.0,14970.0,168063,0.0,0.0
2024-04-18 10:00:00+09:00,14970.0,15030.0,14900.0,14990.0,61825,0.0,0.0
2024-04-18 11:00:00+09:00,15020.0,15020.0,14940.0,14950.0,43655,0.0,0.0
2024-04-18 12:00:00+09:00,14950.0,14980.0,14910.0,14920.0,30980,0.0,0.0
2024-04-18 13:00:00+09:00,14930.0,14970.0,14890.0,14960.0,42179,0.0,0.0
2024-04-18 14:00:00+09:00,14960.0,15020.0,14920.0,15010.0,69585,0.0,0.0
2024-04-19 09:00:00+09:00,14980.0,15070.0,14810.0,15070.0,103377,0.0,0.0
2024-04-19 10:00:00+09:00,15070.0,15140.0,14890.0,14980.0,150611,0.0,0.0
2024-04-19 11:00:00+09:00,14920.0,14980.0,14810.0,14940.0,122039,0.0,0.0
2024-04-19 12:00:00+09:00,14940.0,15030.0,14920.0,15030.0,61056,0.0,0.0
2024-04-19 13:00:00+09:00,15030.0,15170.0,14970.0,15160.0,134875,0.0,0.0
2024-04-19 14:00:00+09:00,15160.0,15240.0,15010.0,15040.0,131666,0.0,0.0
2024-04-22 09:00:00+09:00,15150.0,15160.0,14950.0,14980.0,0,0.0,0.0
2024-04-22 10:00:00+09:00,14980.0,15000.0,14880.0,14950.0,80267,0.0,0.0
2024-04-22 11:00:00+09:00,14940.0,14950.0,14860.0,14900.0,38509,0.0,0.0
2024-04-22 12:00:00+09:00,14900.0,14910.0,14810.0,14830.0,67203,0.0,0.0
2024-04-22 13:00:00+09:00,14840.0,14870.0,14780.0,14780.0,61837,0.0,0.0
2024-04-22 14:00:00+09:00,14790.0,14810.0,14690.0,14740.0,118284,0.0,0.0
2024-04-23 09:00:00+09:00,14830.0,14920.0,14720.0,14750.0,69569,0.0,0.0
2024-04-23 10:00:00+09:00,14740.0,14770.0,14540.0,14580.0,89228,0.0,0.0
2024-04-23 11:00:00+09:00,14580.0,14720.0,14540.0,14700.0,31918,0.0,0.0
2024-04-23 12:00:00+09:00,14700.0,14760.0,14690.0,14700.0,28865,0.0,0.0
2024-04-23 13:00:00+09:00,14700.0,14730.0,14690.0,14700.0,21060,0.0,0.0
2024-04-23 14:00:00+09:00,14710.0,14740.0,14680.0,14710.0,34938,0.0,0.0
2024-04-24 09:00:00+09:00,14820.0,14890.0,14610.0,14660.0,80419,0.0,0.0
2024-04-24 10:00:00+09:00,14670.0,14680.0,14620.0,14650.0,43228,0.0,0.0
2024-04-24 11:00:00+09:00,14640.0,14670.0,14620.0,14650.0,43790,0.0,0.0
2024-04-24 12:00:00+09:00,14660.0,14680.0,14620.0,14630.0,46615,0.0,0.0
2024-04-24 13:00:00+09:00,14620.0,14660.0,14610.0,14650.0,31567,0.0,0.0
2024-04-24 14:00:00+09:00,14640.0,14700.0,14640.0,14690.0,51588,0.0,0.0
2024-04-25 09:00:00+09:00,14610.0,14720.0,14520.0,14720.0,104939,0.0,0.0
2024-04-25 10:00:00+09:00,14720.0,14780.0,14680.0,14780.0,43607,0.0,0.0
2024-04-25 11:00:00+09:00,14770.0,14770.0,14650.0,14660.0,33054,0.0,0.0
2024-04-25 12:00:00+09:00,14660.0,14680.0,14600.0,14630.0,42373,0.0,0.0
2024-04-25 13:00:00+09:00,14620.0,14640.0,14560.0,14590.0,36145,0.0,0.0
2024-04-25 14:00:00+09:00,14580.0,14620.0,14560.0,14590.0,38036,0.0,0.0
2024-04-26 09:00:00+09:00,14730.0,14750.0,14570.0,14600.0,51716,0.0,0.0
2024-04-26 10:00:00+09:00,14600.0,14640.0,14570.0,14610.0,45427,0.0,0.0
2024-04-26 11:00:00+09:00,14610.0,14640.0,14570.0,14630.0,41371,0.0,0.0
2024-04-26 12:00:00+09:00,14620.0,14740.0,14620.0,14710.0,36936,0.0,0.0
2024-04-26 13:00:00+09:00,14710.0,14830.0,14710.0,14830.0,75328,0.0,0.0
2024-04-26 14:00:00+09:00,14830.0,14960.0,14760.0,14960.0,103301,0.0,0.0
2024-04-29 09:00:00+09:00,14980.0,15140.0,14920.0,15080.0,0,0.0,0.0
2024-04-29 10:00:00+09:00,15090.0,15100.0,15000.0,15000.0,71829,0.0,0.0
2024-04-29 11:00:00+09:00,15000.0,15030.0,14960.0,15010.0,63590,0.0,0.0
2024-04-29 12:00:00+09:00,15010.0,15080.0,14990.0,15060.0,65452,0.0,0.0
2024-04-29 13:00:00+09:00,15060.0,15080.0,15040.0,15070.0,46998,0.0,0.0
2024-04-29 14:00:00+09:00,15070.0,15080.0,14990.0,15020.0,70912,0.0,0.0
2024-04-30 09:00:00+09:00,15080.0,15180.0,14990.0,15060.0,125617,0.0,0.0
2024-04-30 10:00:00+09:00,15060.0,15060.0,14960.0,14970.0,72162,0.0,0.0
2024-04-30 11:00:00+09:00,14960.0,15040.0,14960.0,14970.0,23385,0.0,0.0
2024-04-30 12:00:00+09:00,14970.0,15050.0,14970.0,15020.0,19011,0.0,0.0
2024-04-30 13:00:00+09:00,15020.0,15030.0,14960.0,15010.0,36593,0.0,0.0
2024-04-30 14:00:00+09:00,15010.0,15010.0,14970.0,15010.0,39507,0.0,0.0
2024-05-02 09:00:00+09:00,15060.0,15130.0,14920.0,15040.0,0,0.0,0.0
2024-05-02 10:00:00+09:00,15040.0,15070.0,15000.0,15060.0,42693,0.0,0.0
2024-05-02 11:00:00+09:00,15070.0,15090.0,15040.0,15060.0,35920,0.0,0.0
2024-05-02 12:00:00+09:00,15060.0,15060.0,14990.0,15010.0,25919,0.0,0.0
2024-05-02 13:00:00+09:00,15010.0,15560.0,14950.0,15510.0,330939,0.0,0.0
2024-05-02 14:00:00+09:00,15510.0,15710.0,15310.0,15350.0,606003,0.0,0.0
2024-05-03 09:00:00+09:00,15560.0,15570.0,15200.0,15260.0,188078,0.0,0.0
2024-05-03 10:00:00+09:00,15260.0,15350.0,15240.0,15280.0,80511,0.0,0.0
2024-05-03 11:00:00+09:00,15300.0,15320.0,15250.0,15300.0,47425,0.0,0.0
2024-05-03 12:00:00+09:00,15310.0,15370.0,15260.0,15340.0,49534,0.0,0.0
2024-05-03 13:00:00+09:00,15330.0,15550.0,15320.0,15540.0,107516,0.0,0.0
2024-05-03 14:00:00+09:00,15550.0,15550.0,15270.0,15270.0,67681,0.0,0.0
2024-05-07 09:00:00+09:00,15550.0,15580.0,14970.0,14980.0,0,0.0,0.0
2024-05-07 10:00:00+09:00,14980.0,15030.0,14840.0,14930.0,228815,0.0,0.0
2024-05-07 11:00:00+09:00,14920.0,14920.0,14830.0,14860.0,155550,0.0,0.0
2024-05-07 12:00:00+09:00,14870.0,14900.0,14840.0,14900.0,93620,0.0,0.0
2024-05-07 13:00:00+09:00,14890.0,14920.0,14780.0,14810.0,297461,0.0,0.0
2024-05-07 14:00:00+09:00,14800.0,14850.0,14720.0,14760.0,220670,0.0,0.0
2024-05-08 09:00:00+09:00,14850.0,14910.0,14800.0,14840.0,70855,0.0,0.0
2024-05-08 10:00:00+09:00,14850.0,14910.0,14790.0,14800.0,86912,0.0,0.0
2024-05-08 11:00:00+09:00,14800.0,14840.0,14760.0,14790.0,77146,0.0,0.0
2024-05-08 12:00:00+09:00,14790.0,14830.0,14750.0,14780.0,58074,0.0,0.0
2024-05-08 13:00:00+09:00,14790.0,14860.0,14740.0,14840.0,79277,0.0,0.0
2024-05-08 14:00:00+09:00,14840.0,14930.0,14800.0,14910.0,75107,0.0,0.0
2024-05-09 09:00:00+09:00,14920.0,15130.0,14910.0,14950.0,236698,0.0,0.0
2024-05-09 10:00:00+09:00,14950.0,15000.0,14750.0,14820.0,162497,0.0,0.0
2024-05-09 11:00:00+09:00,14820.0,14830.0,14770.0,14790.0,55796,0.0,0.0
2024-05-09 12:00:00+09:00,14780.0,14830.0,14780.0,14820.0,17146,0.0,0.0
2024-05-09 13:00:00+09:00,14810.0,14890.0,14780.0,14840.0,63713,0.0,0.0
2024-05-09 14:00:00+09:00,14840.0,14880.0,14780.0,14860.0,76538,0.0,0.0
2024-05-10 09:00:00+09:00,14960.0,15120.0,14890.0,14950.0,241326,0.0,0.0
2024-05-10 10:00:00+09:00,14940.0,14950.0,14820.0,14830.0,80743,0.0,0.0
2024-05-10 11:00:00+09:00,14820.0,14910.0,14780.0,14870.0,54522,0.0,0.0
2024-05-10 12:00:00+09:00,14880.0,14940.0,14840.0,14910.0,30531,0.0,0.0
2024-05-10 13:00:00+09:00,14900.0,15070.0,14900.0,15070.0,146713,0.0,0.0
2024-05-10 14:00:00+09:00,15070.0,15080.0,14960.0,15010.0,176156,0.0,0.0
2024-05-13 09:00:00+09:00,15130.0,15160.0,14910.0,15110.0,0,0.0,0.0
2024-05-13 10:00:00+09:00,15120.0,15250.0,15110.0,15180.0,167545,0.0,0.0
2024-05-13 11:00:00+09:00,15160.0,15210.0,15160.0,15190.0,38593,0.0,0.0
2024-05-13 12:00:00+09:00,15200.0,15210.0,15160.0,15170.0,45922,0.0,0.0
2024-05-13 13:00:00+09:00,15160.0,15280.0,15160.0,15240.0,143022,0.0,0.0
2024-05-13 14:00:00+09:00,15240.0,15240.0,15160.0,15210.0,75498,0.0,0.0
2024-05-14 09:00:00+09:00,15210.0,15290.0,15100.0,15140.0,114929,0.0,0.0
2024-05-14 10:00:00+09:00,15140.0,15180.0,15080.0,15080.0,72551,0.0,0.0
2024-05-14 11:00:00+09:00,15080.0,15150.0,15030.0,15040.0,68218,0.0,0.0
2024-05-14 12:00:00+09:00,15040.0,15040.0,14970.0,15020.0,59358,0.0,0.0
2024-05-14 13:00:00+09:00,15020.0,15080.0,15010.0,15070.0,32631,0.0,0.0
2024-05-14 14:00:00+09:00,15060.0,15140.0,15010.0,15010.0,68277,0.0,0.0
2024-05-16 09:00:00+09:00,15120.0,15170.0,14960.0,15000.0,0,0.0,0.0
2024-05-16 10:00:00+09:00,14990.0,15010.0,14940.0,14960.0,71659,0.0,0.0
2024-05-16 11:00:00+09:00,14970.0,15010.0,14950.0,14970.0,40885,0.0,0.0
2024-05-16 12:00:00+09:00,14980.0,15040.0,14970.0,15030.0,34949,0.0,0.0
2024-05-16 13:00:00+09:00,15020.0,15030.0,14970.0,14990.0,46733,0.0,0.0
2024-05-16 14:00:00+09:00,14990.0,15000.0,14940.0,14970.0,53277,0.0,0.0
2024-05-17 09:00:00+09:00,15100.0,15100.0,14990.0,15030.0,100957,0.0,0.0
2024-05-17 10:00:00+09:00,15030.0,15080.0,15000.0,15010.0,45371,0.0,0.0
2024-05-17 11:00:00+09:00,15000.0,15010.0,14900.0,14950.0,31054,0.0,0.0
2024-05-17 12:00:00+09:00,14950.0,14980.0,14920.0,14930.0,13710,0.0,0.0
2024-05-17 13:00:00+09:00,14930.0,14950.0,14870.0,14950.0,50555,0.0,0.0
2024-05-17 14:00:00+09:00,14950.0,14960.0,14900.0,14900.0,25041,0.0,0.0
2024-05-20 09:00:00+09:00,14890.0,14950.0,14780.0,14790.0,0,0.0,0.0
2024-05-20 10:00:00+09:00,14790.0,14830.0,14730.0,14750.0,67432,0.0,0.0
2024-05-20 11:00:00+09:00,14740.0,14750.0,14600.0,14620.0,128090,0.0,0.0
2024-05-20 12:00:00+09:00,14620.0,14630.0,14590.0,14600.0,63878,0.0,0.0
2024-05-20 13:00:00+09:00,14610.0,14750.0,14600.0,14730.0,72939,0.0,0.0
2024-05-20 14:00:00+09:00,14740.0,14860.0,14710.0,14860.0,104142,0.0,0.0
2024-05-21 09:00:00+09:00,14920.0,14920.0,14750.0,14800.0,68103,0.0,0.0
2024-05-21 10:00:00+09:00,14790.0,14800.0,14650.0,14660.0,61056,0.0,0.0
2024-05-21 11:00:00+09:00,14660.0,14670.0,14600.0,14600.0,78804,0.0,0.0
2024-05-21 12:00:00+09:00,14600.0,14620.0,14580.0,14590.0,60786,0.0,0.0
2024-05-21 13:00:00+09:00,14580.0,14600.0,14560.0,14590.0,66044,0.0,0.0
2024-05-21 14:00:00+09:00,14590.0,14600.0,14530.0,14570.0,94140,0.0,0.0
2024-05-22 09:00:00+09:00,14580.0,14670.0,14490.0,14630.0,74679,0.0,0.0
2024-05-22 10:00:00+09:00,14640.0,14640.0,14520.0,14520.0,64973,0.0,0.0
2024-05-22 11:00:00+09:00,14520.0,14550.0,14420.0,14440.0,108460,0.0,0.0
2024-05-22 12:00:00+09:00,14440.0,14450.0,14370.0,14400.0,84413,0.0,0.0
2024-05-22 13:00:00+09:00,14390.0,14420.0,14290.0,14360.0,90417,0.0,0.0
2024-05-22 14:00:00+09:00,14360.0,14520.0,14330.0,14480.0,103988,0.0,0.0
2024-05-23 09:00:00+09:00,14480.0,14690.0,14450.0,14590.0,81940,0.0,0.0
2024-05-23 10:00:00+09:00,14590.0,14600.0,14500.0,14540.0,25962,0.0,0.0
2024-05-23 11:00:00+09:00,14530.0,14570.0,14470.0,14500.0,24565,0.0,0.0
2024-05-23 12:00:00+09:00,14500.0,14520.0,14470.0,14470.0,23068,0.0,0.0
2024-05-23 13:00:00+09:00,14470.0,14570.0,14460.0,14480.0,33727,0.0,0.0
2024-05-23 14:00:00+09:00,14470.0,14510.0,14450.0,14510.0,65522,0.0,0.0
2024-05-24 09:00:00+09:00,14390.0,14550.0,14380.0,14480.0,78666,0.0,0.0
2024-05-24 10:00:00+09:00,14480.0,14700.0,14480.0,14540.0,73782,0.0,0.0
2024-05-24 11:00:00+09:00,14530.0,14540.0,14460.0,14530.0,29104,0.0,0.0
2024-05-24 12:00:00+09:00,14530.0,14530.0,14440.0,14480.0,30089,0.0,0.0
2024-05-24 13:00:00+09:00,14480.0,14620.0,14450.0,14550.0,56837,0.0,0.0
2024-05-24 14:00:00+09:00,14550.0,14560.0,14500.0,14540.0,47014,0.0,0.0
2024-05-27 09:00:00+09:00,14670.0,14840.0,14580.0,14650.0,0,0.0,0.0
2024-05-27 10:00:00+09:00,14640.0,14720.0,14610.0,14700.0,44916,0.0,0.0
2024-05-27 11:00:00+09:00,14700.0,14710.0,14610.0,14640.0,26746,0.0,0.0
2024-05-27 12:00:00+09:00,14640.0,14670.0,14600.0,14640.0,27178,0.0,0.0
2024-05-27 13:00:00+09:00,14640.0,14650.0,14570.0,14610.0,37215,0.0,0.0
2024-05-27 14:00:00+09:00,14580.0,14600.0,14500.0,14560.0,51565,0.0,0.0
2024-05-28 09:00:00+09:00,14570.0,14570.0,14370.0,14440.0,112050,0.0,0.0
2024-05-28 10:00:00+09:00,14450.0,14460.0,14330.0,14350.0,68289,0.0,0.0
2024-05-28 11:00:00+09:00,14340.0,14350.0,14260.0,14290.0,88252,0.0,0.0
2024-05-28 12:00:00+09:00,14280.0,14300.0,14240.0,14270.0,67864,0.0,0.0
2024-05-28 13:00:00+09:00,14260.0,14270.0,14110.0,14140.0,197938,0.0,0.0
2024-05-28 14:00:00+09:00,14150.0,14220.0,14110.0,14120.0,141879,0.0,0.0
2024-05-29 09:00:00+09:00,14120.0,14130.0,13920.0,13970.0,127300,0.0,0.0
2024-05-29 10:00:00+09:00,13960.0,14010.0,13800.0,13830.0,156527,0.0,0.0
2024-05-29 11:00:00+09:00,13830.0,13930.0,13830.0,13890.0,62359,0.0,0.0
2024-05-29 12:00:00+09:00,13890.0,13940.0,13810.0,13860.0,69433,0.0,0.0
2024-05-29 13:00:00+09:00,13860.0,13880.0,13810.0,13830.0,56262,0.0,0.0
2024-05-29 14:00:00+09:00,13830.0,13900.0,13800.0,13820.0,95932,0.0,0.0
2024-05-30 09:00:00+09:00,13820.0,13850.0,13760.0,13770.0,73942,0.0,0.0
2024-05-30 10:00:00+09:00,13780.0,14010.0,13760.0,14000.0,72167,0.0,0.0
2024-05-30 11:00:00+09:00,13990.0,14060.0,13910.0,13910.0,46714,0.0,0.0
2024-05-30 12:00:00+09:00,13910.0,13930.0,13870.0,13910.0,26801,0.0,0.0
2024-05-30 13:00:00+09:00,13910.0,13990.0,13880.0,13960.0,46525,0.0,0.0
2024-05-30 14:00:00+09:00,13950.0,14000.0,13920.0,13970.0,53402,0.0,0.0
2024-05-31 09:00:00+09:00,14050.0,14170.0,14010.0,14080.0,56876,0.0,0.0
2024-05-31 10:00:00+09:00,14090.0,14360.0,14080.0,14190.0,160137,0.0,0.0
2024-05-31 11:00:00+09:00,14200.0,14270.0,14190.0,14240.0,25829,0.0,0.0
2024-05-31 12:00:00+09:00,14240.0,14300.0,14200.0,14270.0,50831,0.0,0.0
2024-05-31 13:00:00+09:00,14260.0,14330.0,14010.0,14290.0,53890,0.0,0.0
2024-05-31 14:00:00+09:00,14290.0,14320.0,14190.0,14260.0,56398,0.0,0.0
2024-06-03 09:00:00+09:00,14350.0,14390.0,14190.0,14260.0,0,0.0,0.0
2024-06-03 10:00:00+09:00,14260.0,14280.0,14100.0,14240.0,96819,0.0,0.0
2024-06-03 11:00:00+09:00,14240.0,14260.0,14200.0,14220.0,15116,0.0,0.0
2024-06-03 12:00:00+09:00,14220.0,14250.0,14200.0,14210.0,21856,0.0,0.0
2024-06-03 13:00:00+09:00,14210.0,14230.0,14180.0,14190.0,16422,0.0,0.0
2024-06-03 14:00:00+09:00,14180.0,14280.0,14180.0,14250.0,34674,0.0,0.0
2024-06-04 09:00:00+09:00,14190.0,14270.0,14190.0,14260.0,31842,0.0,0.0
2024-06-04 10:00:00+09:00,14260.0,14260.0,14120.0,14140.0,42530,0.0,0.0
2024-06-04 11:00:00+09:00,14140.0,14150.0,14060.0,14060.0,37035,0.0,0.0
2024-06-04 12:00:00+09:00,14060.0,14070.0,13990.0,14030.0,71646,0.0,0.0
2024-06-04 13:00:00+09:00,14030.0,14050.0,13990.0,13990.0,33832,0.0,0.0
2024-06-04 14:00:00+09:00,13990.0,14010.0,13970.0,13990.0,49867,0.0,0.0
2024-06-05 09:00:00+09:00,13960.0,13970.0,13870.0,13970.0,53565,0.0,0.0
2024-06-05 10:00:00+09:00,13970.0,14110.0,13950.0,14030.0,39579,0.0,0.0
2024-06-05 11:00:00+09:00,14040.0,14080.0,13970.0,13980.0,23389,0.0,0.0
2024-06-05 12:00:00+09:00,13980.0,14000.0,13940.0,13960.0,22941,0.0,0.0
2024-06-05 13:00:00+09:00,13950.0,13990.0,13930.0,13930.0,38343,0.0,0.0
2024-06-05 14:00:00+09:00,13940.0,13970.0,13920.0,13950.0,39370,0.0,0.0
2024-06-07 09:00:00+09:00,14020.0,14080.0,13950.0,14020.0,0,0.0,0.0
2024-06-07 10:00:00+09:00,14010.0,14020.0,13960.0,14000.0,19562,0.0,0.0
2024-06-07 11:00:00+09:00,14000.0,14040.0,14000.0,14030.0,12347,0.0,0.0
2024-06-07 12:00:00+09:00,14020.0,14050.0,14010.0,14030.0,10943,0.0,0.0
2024-06-07 13:00:00+09:00,14020.0,14040.0,14000.0,14000.0,18189,0.0,0.0
2024-06-07 14:00:00+09:00,14010.0,14020.0,13990.0,14000.0,18624,0.0,0.0
2024-06-10 09:00:00+09:00,13910.0,13980.0,13820.0,13970.0,0,0.0,0.0
2024-06-10 10:00:00+09:00,13970.0,14030.0,13970.0,14000.0,19467,0.0,0.0
2024-06-10 11:00:00+09:00,14010.0,14060.0,13980.0,14000.0,25865,0.0,0.0
2024-06-10 12:00:00+09:00,14000.0,14030.0,13940.0,14000.0,9448,0.0,0.0
2024-06-10 13:00:00+09:00,14000.0,14160.0,13970.0,14130.0,36654,0.0,0.0
2024-06-10 14:00:00+09:00,14120.0,14130.0,14060.0,14080.0,38060,0.0,0.0
2024-06-11 09:00:00+09:00,14050.0,14160.0,14050.0,14100.0,26374,0.0,0.0
2024-06-11 10:00:00+09:00,14110.0,14200.0,14090.0,14110.0,38420,0.0,0.0
2024-06-11 11:00:00+09:00,14110.0,14150.0,14100.0,14110.0,10764,0.0,0.0
2024-06-11 12:00:00+09:00,14110.0,14120.0,14020.0,14060.0,21981,0.0,0.0
2024-06-11 13:00:00+09:00,14060.0,14090.0,13980.0,14000.0,19210,0.0,0.0
2024-06-11 14:00:00+09:00,14000.0,14020.0,13990.0,14010.0,20304,0.0,0.0
2024-06-12 09:00:00+09:00,14020.0,14130.0,13990.0,14060.0,32831,0.0,0.0
2024-06-12 10:00:00+09:00,14060.0,14060.0,14000.0,14000.0,22731,0.0,0.0
2024-06-12 11:00:00+09:00,14000.0,14020.0,13980.0,13990.0,15968,0.0,0.0
2024-06-12 12:00:00+09:00,13990.0,14010.0,13980.0,13990.0,7811,0.0,0.0
2024-06-12 13:00:00+09:00,13990.0,14010.0,13950.0,13960.0,21920,0.0,0.0
2024-06-12 14:00:00+09:00,13960.0,14000.0,13940.0,13970.0,36057,0.0,0.0
2024-06-13 09:00:00+09:00,14130.0,14130.0,13990.0,14000.0,44036,0.0,0.0
2024-06-13 10:00:00+09:00,13990.0,14190.0,13990.0,14130.0,98665,0.0,0.0
2024-06-13 11:00:00+09:00,14130.0,14150.0,14120.0,14120.0,16807,0.0,0.0
2024-06-13 12:00:00+09:00,14110.0,14140.0,14050.0,14070.0,13712,0.0,0.0
2024-06-13 13:00:00+09:00,14070.0,14090.0,14030.0,14050.0,16907,0.0,0.0
2024-06-13 14:00:00+09:00,14050.0,14060.0,14020.0,14060.0,20028,0.0,0.0
2024-06-14 09:00:00+09:00,14100.0,14510.0,14030.0,14210.0,360147,0.0,0.0
2024-06-14 10:00:00+09:00,14200.0,14280.0,14180.0,14210.0,55351,0.0,0.0
2024-06-14 11:00:00+09:00,14210.0,14240.0,14130.0,14240.0,39608,0.0,0.0
2024-06-14 12:00:00+09:00,14250.0,14400.0,14230.0,14370.0,60566,0.0,0.0
2024-06-14 13:00:00+09:00,14370.0,14570.0,14310.0,14490.0,139513,0.0,0.0
2024-06-14 14:00:00+09:00,14500.0,14570.0,14400.0,14540.0,122662,0.0,0.0
2024-06-17 09:00:00+09:00,14430.0,14540.0,14270.0,14300.0,0,0.0,0.0
2024-06-17 10:00:00+09:00,14300.0,14300.0,14180.0,14200.0,60470,0.0,0.0
2024-06-17 11:00:00+09:00,14200.0,14260.0,14150.0,14190.0,55389,0.0,0.0
2024-06-17 12:00:00+09:00,14200.0,14240.0,14190.0,14200.0,25222,0.0,0.0
2024-06-17 13:00:00+09:00,14210.0,14280.0,14190.0,14230.0,23342,0.0,0.0
2024-06-17 14:00:00+09:00,14230.0,14330.0,14230.0,14290.0,39396,0.0,0.0
2024-06-18 09:00:00+09:00,14300.0,14420.0,14200.0,14370.0,85617,0.0,0.0
2024-06-18 10:00:00+09:00,14370.0,14380.0,14270.0,14280.0,32839,0.0,0.0
2024-06-18 11:00:00+09:00,14280.0,14340.0,14250.0,14290.0,27229,0.0,0.0
2024-06-18 12:00:00+09:00,14270.0,14290.0,14240.0,14260.0,27620,0.0,0.0
2024-06-18 13:00:00+09:00,14260.0,14280.0,14230.0,14250.0,32592,0.0,0.0
2024-06-18 14:00:00+09:00,14250.0,14270.0,14230.0,14260.0,42704,0.0,0.0
2024-06-19 09:00:00+09:00,14310.0,14310.0,14040.0,14060.0,169291,0.0,0.0
2024-06-19 10:00:00+09:00,14060.0,14060.0,13810.0,13820.0,259132,0.0,0.0
2024-06-19 11:00:00+09:00,13820.0,13890.0,13800.0,13830.0,87352,0.0,0.0
2024-06-19 12:00:00+09:00,13830.0,13850.0,13820.0,13820.0,59886,0.0,0.0
2024-06-19 13:00:00+09:00,13820.0,13940.0,13810.0,13910.0,63937,0.0,0.0
2024-06-19 14:00:00+09:00,13900.0,13910.0,13830.0,13870.0,55273,0.0,0.0
2024-06-20 09:00:00+09:00,13900.0,14050.0,13870.0,13990.0,77394,0.0,0.0
2024-06-20 10:00:00+09:00,13990.0,14000.0,13900.0,13940.0,34277,0.0,0.0
2024-06-20 11:00:00+09:00,13930.0,13950.0,13900.0,13920.0,26518,0.0,0.0
2024-06-20 12:00:00+09:00,13910.0,13970.0,13900.0,13940.0,18723,0.0,0.0
2024-06-20 13:00:00+09:00,13950.0,14040.0,13940.0,14010.0,45953,0.0,0.0
2024-06-20 14:00:00+09:00,14010.0,14100.0,14010.0,14030.0,56323,0.0,0.0
2024-06-21 09:00:00+09:00,14120.0,14420.0,14050.0,14280.0,175277,0.0,0.0
2024-06-21 10:00:00+09:00,14280.0,14340.0,14200.0,14330.0,77821,0.0,0.0
2024-06-21 11:00:00+09:00,14340.0,14340.0,14280.0,14280.0,41115,0.0,0.0
2024-06-21 12:00:00+09:00,14290.0,14380.0,14280.0,14350.0,61254,0.0,0.0
2024-06-21 13:00:00+09:00,14340.0,14510.0,14340.0,14480.0,141804,0.0,0.0
2024-06-21 14:00:00+09:00,14490.0,14580.0,14320.0,14580.0,214223,0.0,0.0
