Datetime,Open,High,Low,Close,Volume,Dividends,Stock Splits
2022-09-22 09:00:00+09:00,1270.0,1285.0,1230.0,1245.0,0,0.0,0.0
2022-09-22 10:00:00+09:00,1245.0,1245.0,1220.0,1230.0,235621,0.0,0.0
2022-09-22 11:00:00+09:00,1225.0,1245.0,1220.0,1245.0,147645,0.0,0.0
2022-09-22 12:00:00+09:00,1245.0,1245.0,1235.0,1245.0,87023,0.0,0.0
2022-09-22 13:00:00+09:00,1240.0,1265.0,1235.0,1255.0,151824,0.0,0.0
2022-09-22 14:00:00+09:00,1255.0,1270.0,1245.0,1260.0,137796,0.0,0.0
2022-09-23 09:00:00+09:00,1240.0,1260.0,1205.0,1220.0,0,0.0,0.0
2022-09-23 10:00:00+09:00,1220.0,1225.0,1210.0,1215.0,163479,0.0,0.0
2022-09-23 11:00:00+09:00,1215.0,1220.0,1205.0,1210.0,136040,0.0,0.0
2022-09-23 12:00:00+09:00,1210.0,1215.0,1200.0,1205.0,120128,0.0,0.0
2022-09-23 13:00:00+09:00,1205.0,1210.0,1190.0,1200.0,262880,0.0,0.0
2022-09-23 14:00:00+09:00,1200.0,1205.0,1190.0,1195.0,212580,0.0,0.0
2022-09-26 09:00:00+09:00,1160.0,1185.0,1150.0,1155.0,0,0.0,0.0
2022-09-26 10:00:00+09:00,1150.0,1160.0,1130.0,1145.0,321900,0.0,0.0
2022-09-26 11:00:00+09:00,1140.0,1155.0,1135.0,1140.0,155510,0.0,0.0
2022-09-26 12:00:00+09:00,1140.0,1145.0,1115.0,1120.0,141284,0.0,0.0
2022-09-26 13:00:00+09:00,1130.0,1130.0,1110.0,1125.0,234503,0.0,0.0
2022-09-26 14:00:00+09:00,1125.0,1125.0,1105.0,1120.0,240302,0.0,0.0
2022-09-27 09:00:00+09:00,1090.0,1135.0,1085.0,1130.0,0,0.0,0.0
2022-09-27 10:00:00+09:00,1130.0,1135.0,1105.0,1110.0,154630,0.0,0.0
2022-09-27 11:00:00+09:00,1110.0,1125.0,1105.0,1120.0,114109,0.0,0.0
2022-09-27 12:00:00+09:00,1115.0,1120.0,1080.0,1105.0,206268,0.0,0.0
2022-09-27 13:00:00+09:00,1105.0,1115.0,1100.0,1110.0,87057,0.0,0.0
2022-09-27 14:00:00+09:00,1110.0,1110.0,1095.0,1110.0,96586,0.0,0.0
2022-09-28 09:00:00+09:00,1115.0,1150.0,1115.0,1140.0,0,0.0,0.0
2022-09-28 10:00:00+09:00,1140.0,1150.0,1110.0,1110.0,239117,0.0,0.0
2022-09-28 11:00:00+09:00,1110.0,1110.0,1075.0,1090.0,343373,0.0,0.0
2022-09-28 12:00:00+09:00,1085.0,1095.0,1075.0,1090.0,138037,0.0,0.0
2022-09-28 13:00:00+09:00,1085.0,1090.0,1070.0,1070.0,144954,0.0,0.0
2022-09-28 14:00:00+09:00,1070.0,1090.0,1045.0,1090.0,255627,0.0,0.0
2022-09-29 09:00:00+09:00,1090.0,1140.0,1090.0,1115.0,0,0.0,0.0
2022-09-29 10:00:00+09:00,1120.0,1130.0,1115.0,1115.0,215658,0.0,0.0
2022-09-29 11:00:00+09:00,1120.0,1120.0,1095.0,1105.0,175461,0.0,0.0
2022-09-29 12:00:00+09:00,1105.0,1110.0,1100.0,1105.0,86405,0.0,0.0
2022-09-29 13:00:00+09:00,1105.0,1120.0,1105.0,1115.0,82113,0.0,0.0
2022-09-29 14:00:00+09:00,1110.0,1115.0,1090.0,1090.0,137225,0.0,0.0
2022-09-30 09:00:00+09:00,1050.0,1085.0,1050.0,1065.0,0,0.0,0.0
2022-09-30 10:00:00+09:00,1065.0,1120.0,1065.0,1100.0,342034,0.0,0.0
2022-09-30 11:00:00+09:00,1100.0,1145.0,1070.0,1080.0,2001915,0.0,0.0
2022-09-30 12:00:00+09:00,1080.0,1090.0,1070.0,1070.0,185524,0.0,0.0
2022-09-30 13:00:00+09:00,1070.0,1080.0,1065.0,1070.0,264669,0.0,0.0
2022-09-30 14:00:00+09:00,1070.0,1090.0,1070.0,1075.0,289329,0.0,0.0
2022-10-04 09:00:00+09:00,1095.0,1110.0,1085.0,1105.0,0,0.0,0.0
2022-10-04 10:00:00+09:00,1105.0,1110.0,1095.0,1100.0,138964,0.0,0.0
2022-10-04 11:00:00+09:00,1100.0,1105.0,1085.0,1090.0,222454,0.0,0.0
2022-10-04 12:00:00+09:00,1090.0,1105.0,1085.0,1105.0,177096,0.0,0.0
2022-10-04 13:00:00+09:00,1105.0,1105.0,1095.0,1100.0,57580,0.0,0.0
2022-10-04 14:00:00+09:00,1100.0,1110.0,1100.0,1105.0,131598,0.0,0.0
2022-10-05 09:00:00+09:00,1125.0,1140.0,1115.0,1120.0,0,0.0,0.0
2022-10-05 10:00:00+09:00,1115.0,1120.0,1100.0,1110.0,221159,0.0,0.0
2022-10-05 11:00:00+09:00,1110.0,1115.0,1095.0,1105.0,182366,0.0,0.0
2022-10-05 12:00:00+09:00,1105.0,1110.0,1100.0,1100.0,46520,0.0,0.0
2022-10-05 13:00:00+09:00,1105.0,1105.0,1095.0,1095.0,114489,0.0,0.0
2022-10-05 14:00:00+09:00,1095.0,1110.0,1095.0,1100.0,89430,0.0,0.0
2022-10-06 09:00:00+09:00,1110.0,1130.0,1110.0,1120.0,0,0.0,0.0
2022-10-06 10:00:00+09:00,1120.0,1140.0,1120.0,1135.0,149971,0.0,0.0
2022-10-06 11:00:00+09:00,1135.0,1170.0,1130.0,1130.0,769615,0.0,0.0
2022-10-06 12:00:00+09:00,1130.0,1140.0,1125.0,1135.0,59217,0.0,0.0
2022-10-06 13:00:00+09:00,1135.0,1135.0,1130.0,1130.0,30929,0.0,0.0
2022-10-06 14:00:00+09:00,1135.0,1135.0,1130.0,1130.0,52370,0.0,0.0
2022-10-07 09:00:00+09:00,1125.0,1150.0,1110.0,1130.0,0,0.0,0.0
2022-10-07 10:00:00+09:00,1125.0,1130.0,1120.0,1130.0,81049,0.0,0.0
2022-10-07 11:00:00+09:00,1125.0,1135.0,1125.0,1135.0,46050,0.0,0.0
2022-10-07 12:00:00+09:00,1135.0,1140.0,1125.0,1130.0,99783,0.0,0.0
2022-10-07 13:00:00+09:00,1130.0,1130.0,1115.0,1115.0,81370,0.0,0.0
2022-10-07 14:00:00+09:00,1115.0,1120.0,1105.0,1115.0,148503,0.0,0.0
2022-10-11 09:00:00+09:00,1085.0,1095.0,1065.0,1075.0,0,0.0,0.0
2022-10-11 10:00:00+09:00,1070.0,1075.0,1055.0,1065.0,187927,0.0,0.0
2022-10-11 11:00:00+09:00,1065.0,1065.0,1055.0,1060.0,59241,0.0,0.0
2022-10-11 12:00:00+09:00,1060.0,1065.0,1050.0,1050.0,88465,0.0,0.0
2022-10-11 13:00:00+09:00,1050.0,1060.0,1050.0,1055.0,53226,0.0,0.0
2022-10-11 14:00:00+09:00,1055.0,1060.0,1050.0,1050.0,95565,0.0,0.0
2022-10-12 09:00:00+09:00,1040.0,1060.0,1025.0,1050.0,0,0.0,0.0
2022-10-12 10:00:00+09:00,1050.0,1050.0,1030.0,1035.0,138347,0.0,0.0
2022-10-12 11:00:00+09:00,1035.0,1040.0,1025.0,1035.0,78155,0.0,0.0
2022-10-12 12:00:00+09:00,1035.0,1040.0,1030.0,1040.0,71068,0.0,0.0
2022-10-12 13:00:00+09:00,1035.0,1055.0,1035.0,1045.0,48950,0.0,0.0
2022-10-12 14:00:00+09:00,1045.0,1050.0,1040.0,1040.0,101975,0.0,0.0
2022-10-13 09:00:00+09:00,1045.0,1050.0,1000.0,1010.0,0,0.0,0.0
2022-10-13 10:00:00+09:00,1010.0,1010.0,996.0,999.0,236892,0.0,0.0
2022-10-13 11:00:00+09:00,999.0,999.0,987.0,992.0,199414,0.0,0.0
2022-10-13 12:00:00+09:00,990.0,997.0,987.0,994.0,111888,0.0,0.0
2022-10-13 13:00:00+09:00,995.0,995.0,989.0,991.0,103357,0.0,0.0
2022-10-13 14:00:00+09:00,991.0,997.0,988.0,994.0,116698,0.0,0.0
2022-10-14 09:00:00+09:00,1015.0,1035.0,1005.0,1025.0,0,0.0,0.0
2022-10-14 10:00:00+09:00,1030.0,1045.0,1025.0,1045.0,120428,0.0,0.0
2022-10-14 11:00:00+09:00,1040.0,1050.0,1040.0,1040.0,110360,0.0,0.0
2022-10-14 12:00:00+09:00,1040.0,1055.0,1040.0,1045.0,100521,0.0,0.0
2022-10-14 13:00:00+09:00,1050.0,1055.0,1040.0,1050.0,56763,0.0,0.0
2022-10-14 14:00:00+09:00,1045.0,1050.0,1040.0,1045.0,47998,0.0,0.0
2022-10-17 09:00:00+09:00,1030.0,1060.0,1015.0,1050.0,0,0.0,0.0
2022-10-17 10:00:00+09:00,1050.0,1060.0,1045.0,1055.0,58368,0.0,0.0
2022-10-17 11:00:00+09:00,1060.0,1070.0,1055.0,1070.0,47675,0.0,0.0
2022-10-17 12:00:00+09:00,1070.0,1070.0,1055.0,1060.0,39790,0.0,0.0
2022-10-17 13:00:00+09:00,1060.0,1070.0,1060.0,1065.0,45991,0.0,0.0
2022-10-17 14:00:00+09:00,1065.0,1085.0,1065.0,1080.0,101294,0.0,0.0
2022-10-18 09:00:00+09:00,1090.0,1100.0,1080.0,1095.0,0,0.0,0.0
2022-10-18 10:00:00+09:00,1095.0,1095.0,1080.0,1080.0,53876,0.0,0.0
2022-10-18 11:00:00+09:00,1080.0,1080.0,1070.0,1080.0,73568,0.0,0.0
2022-10-18 12:00:00+09:00,1080.0,1090.0,1075.0,1090.0,38162,0.0,0.0
2022-10-18 13:00:00+09:00,1090.0,1105.0,1085.0,1090.0,286464,0.0,0.0
2022-10-18 14:00:00+09:00,1090.0,1095.0,1090.0,1095.0,57100,0.0,0.0
2022-10-19 09:00:00+09:00,1100.0,1105.0,1085.0,1100.0,0,0.0,0.0
2022-10-19 10:00:00+09:00,1100.0,1110.0,1100.0,1105.0,46441,0.0,0.0
2022-10-19 11:00:00+09:00,1105.0,1105.0,1095.0,1095.0,43094,0.0,0.0
2022-10-19 12:00:00+09:00,1095.0,1100.0,1090.0,1095.0,63911,0.0,0.0
2022-10-19 13:00:00+09:00,1100.0,1100.0,1075.0,1090.0,186883,0.0,0.0
2022-10-19 14:00:00+09:00,1090.0,1090.0,1065.0,1065.0,138674,0.0,0.0
2022-10-20 09:00:00+09:00,1060.0,1100.0,1060.0,1080.0,0,0.0,0.0
2022-10-20 10:00:00+09:00,1080.0,1085.0,1065.0,1070.0,104759,0.0,0.0
2022-10-20 11:00:00+09:00,1070.0,1070.0,1060.0,1065.0,56477,0.0,0.0
2022-10-20 12:00:00+09:00,1065.0,1065.0,1055.0,1060.0,39307,0.0,0.0
2022-10-20 13:00:00+09:00,1055.0,1065.0,1050.0,1060.0,69283,0.0,0.0
2022-10-20 14:00:00+09:00,1065.0,1070.0,1055.0,1060.0,29409,0.0,0.0
2022-10-21 09:00:00+09:00,1065.0,1075.0,1055.0,1070.0,0,0.0,0.0
2022-10-21 10:00:00+09:00,1075.0,1075.0,1055.0,1060.0,44761,0.0,0.0
2022-10-21 11:00:00+09:00,1060.0,1065.0,1055.0,1065.0,66390,0.0,0.0
2022-10-21 12:00:00+09:00,1065.0,1065.0,1055.0,1055.0,47738,0.0,0.0
2022-10-21 13:00:00+09:00,1055.0,1055.0,1045.0,1050.0,38198,0.0,0.0
2022-10-21 14:00:00+09:00,1050.0,1050.0,1040.0,1050.0,56296,0.0,0.0
2022-10-24 09:00:00+09:00,1075.0,1200.0,1075.0,1120.0,5420853,0.0,0.0
2022-10-24 10:00:00+09:00,1125.0,1130.0,1090.0,1095.0,1291710,0.0,0.0
2022-10-24 11:00:00+09:00,1100.0,1100.0,1090.0,1095.0,212569,0.0,0.0
2022-10-24 12:00:00+09:00,1095.0,1095.0,1085.0,1090.0,302286,0.0,0.0
2022-10-24 13:00:00+09:00,1085.0,1095.0,1080.0,1085.0,181728,0.0,0.0
2022-10-24 14:00:00+09:00,1085.0,1095.0,1080.0,1090.0,252816,0.0,0.0
2022-10-25 09:00:00+09:00,1085.0,1090.0,1070.0,1075.0,0,0.0,0.0
2022-10-25 10:00:00+09:00,1075.0,1080.0,1070.0,1070.0,146249,0.0,0.0
2022-10-25 11:00:00+09:00,1070.0,1080.0,1060.0,1060.0,210753,0.0,0.0
2022-10-25 12:00:00+09:00,1065.0,1070.0,1055.0,1060.0,157903,0.0,0.0
2022-10-25 13:00:00+09:00,1065.0,1070.0,1060.0,1060.0,115556,0.0,0.0
2022-10-25 14:00:00+09:00,1060.0,1065.0,1055.0,1060.0,131722,0.0,0.0
2022-10-26 09:00:00+09:00,1070.0,1075.0,1035.0,1045.0,0,0.0,0.0
2022-10-26 10:00:00+09:00,1045.0,1060.0,1035.0,1055.0,86315,0.0,0.0
2022-10-26 11:00:00+09:00,1050.0,1055.0,1045.0,1050.0,60479,0.0,0.0
2022-10-26 12:00:00+09:00,1050.0,1050.0,1045.0,1045.0,16363,0.0,0.0
2022-10-26 13:00:00+09:00,1045.0,1050.0,1025.0,1030.0,221294,0.0,0.0
2022-10-26 14:00:00+09:00,1035.0,1040.0,1020.0,1025.0,116395,0.0,0.0
2022-10-27 09:00:00+09:00,1035.0,1045.0,1030.0,1040.0,0,0.0,0.0
2022-10-27 10:00:00+09:00,1040.0,1050.0,1035.0,1040.0,100178,0.0,0.0
2022-10-27 11:00:00+09:00,1040.0,1050.0,1035.0,1040.0,71309,0.0,0.0
2022-10-27 12:00:00+09:00,1045.0,1045.0,1030.0,1035.0,32661,0.0,0.0
2022-10-27 13:00:00+09:00,1035.0,1045.0,1035.0,1045.0,0,0.0,0.0
2022-10-27 14:00:00+09:00,1045.0,1050.0,1035.0,1040.0,471193,0.0,0.0
2022-10-28 09:00:00+09:00,1045.0,1060.0,1040.0,1050.0,199987,0.0,0.0
2022-10-28 10:00:00+09:00,1050.0,1060.0,1050.0,1050.0,78043,0.0,0.0
2022-10-28 11:00:00+09:00,1050.0,1055.0,1045.0,1055.0,57558,0.0,0.0
2022-10-28 12:00:00+09:00,1050.0,1055.0,1045.0,1055.0,33940,0.0,0.0
2022-10-28 13:00:00+09:00,1055.0,1110.0,1045.0,1055.0,1266236,0.0,0.0
2022-10-28 14:00:00+09:00,1055.0,1055.0,1040.0,1045.0,150346,0.0,0.0
2022-10-31 09:00:00+09:00,1060.0,1075.0,1050.0,1055.0,0,0.0,0.0
2022-10-31 10:00:00+09:00,1055.0,1060.0,1050.0,1050.0,51531,0.0,0.0
2022-10-31 11:00:00+09:00,1050.0,1055.0,1045.0,1055.0,143779,0.0,0.0
2022-10-31 12:00:00+09:00,1055.0,1060.0,1050.0,1055.0,70875,0.0,0.0
2022-10-31 13:00:00+09:00,1060.0,1065.0,1055.0,1055.0,83929,0.0,0.0
2022-10-31 14:00:00+09:00,1055.0,1060.0,1050.0,1050.0,35418,0.0,0.0
2022-11-01 09:00:00+09:00,1055.0,1080.0,1050.0,1075.0,0,0.0,0.0
2022-11-01 10:00:00+09:00,1070.0,1085.0,1065.0,1080.0,191718,0.0,0.0
2022-11-01 11:00:00+09:00,1085.0,1095.0,1080.0,1090.0,137337,0.0,0.0
2022-11-01 12:00:00+09:00,1095.0,1095.0,1080.0,1090.0,85776,0.0,0.0
2022-11-01 13:00:00+09:00,1090.0,1090.0,1080.0,1080.0,82823,0.0,0.0
2022-11-01 14:00:00+09:00,1075.0,1090.0,1075.0,1090.0,120388,0.0,0.0
2022-11-02 09:00:00+09:00,1085.0,1085.0,1070.0,1075.0,0,0.0,0.0
2022-11-02 10:00:00+09:00,1075.0,1085.0,1075.0,1085.0,88376,0.0,0.0
2022-11-02 11:00:00+09:00,1080.0,1085.0,1065.0,1080.0,122444,0.0,0.0
2022-11-02 12:00:00+09:00,1075.0,1080.0,1070.0,1075.0,28436,0.0,0.0
2022-11-02 13:00:00+09:00,1075.0,1075.0,1065.0,1070.0,74741,0.0,0.0
2022-11-02 14:00:00+09:00,1065.0,1075.0,1065.0,1070.0,67537,0.0,0.0
2022-11-03 09:00:00+09:00,1040.0,1060.0,1035.0,1050.0,0,0.0,0.0
2022-11-03 10:00:00+09:00,1055.0,1060.0,1050.0,1050.0,78847,0.0,0.0
2022-11-03 11:00:00+09:00,1055.0,1055.0,1045.0,1055.0,70803,0.0,0.0
2022-11-03 12:00:00+09:00,1055.0,1055.0,1045.0,1055.0,37698,0.0,0.0
2022-11-03 13:00:00+09:00,1050.0,1055.0,1050.0,1055.0,55053,0.0,0.0
2022-11-03 14:00:00+09:00,1050.0,1065.0,1050.0,1065.0,68558,0.0,0.0
2022-11-04 09:00:00+09:00,1055.0,1060.0,1045.0,1050.0,0,0.0,0.0
2022-11-04 10:00:00+09:00,1050.0,1055.0,1040.0,1050.0,121546,0.0,0.0
2022-11-04 11:00:00+09:00,1050.0,1055.0,1040.0,1050.0,92435,0.0,0.0
2022-11-04 12:00:00+09:00,1050.0,1055.0,1045.0,1050.0,44790,0.0,0.0
2022-11-04 13:00:00+09:00,1050.0,1055.0,1045.0,1055.0,51531,0.0,0.0
2022-11-04 14:00:00+09:00,1055.0,1060.0,1050.0,1050.0,108195,0.0,0.0
2022-11-07 09:00:00+09:00,1055.0,1080.0,1050.0,1075.0,0,0.0,0.0
2022-11-07 10:00:00+09:00,1070.0,1085.0,1065.0,1080.0,158780,0.0,0.0
2022-11-07 11:00:00+09:00,1075.0,1080.0,1070.0,1080.0,48241,0.0,0.0
2022-11-07 12:00:00+09:00,1075.0,1085.0,1070.0,1085.0,96041,0.0,0.0
2022-11-07 13:00:00+09:00,1080.0,1085.0,1075.0,1075.0,73417,0.0,0.0
2022-11-07 14:00:00+09:00,1075.0,1085.0,1070.0,1085.0,103946,0.0,0.0
2022-11-08 09:00:00+09:00,1080.0,1160.0,1080.0,1120.0,3127100,0.0,0.0
2022-11-08 10:00:00+09:00,1120.0,1125.0,1100.0,1110.0,466580,0.0,0.0
2022-11-08 11:00:00+09:00,1105.0,1115.0,1105.0,1115.0,125319,0.0,0.0
2022-11-08 12:00:00+09:00,1115.0,1115.0,1100.0,1105.0,202625,0.0,0.0
2022-11-08 13:00:00+09:00,1105.0,1115.0,1095.0,1105.0,207837,0.0,0.0
2022-11-08 14:00:00+09:00,1105.0,1105.0,1100.0,1105.0,104608,0.0,0.0
2022-11-09 09:00:00+09:00,1100.0,1120.0,1095.0,1115.0,0,0.0,0.0
2022-11-09 10:00:00+09:00,1110.0,1115.0,1100.0,1105.0,117545,0.0,0.0
2022-11-09 11:00:00+09:00,1110.0,1115.0,1105.0,1110.0,74138,0.0,0.0
2022-11-09 12:00:00+09:00,1110.0,1115.0,1105.0,1115.0,71544,0.0,0.0
2022-11-09 13:00:00+09:00,1115.0,1115.0,1100.0,1100.0,106744,0.0,0.0
2022-11-09 14:00:00+09:00,1105.0,1115.0,1105.0,1105.0,64129,0.0,0.0
2022-11-10 09:00:00+09:00,1095.0,1115.0,1090.0,1110.0,0,0.0,0.0
2022-11-10 10:00:00+09:00,1110.0,1110.0,1100.0,1105.0,75362,0.0,0.0
2022-11-10 11:00:00+09:00,1105.0,1115.0,1100.0,1105.0,135221,0.0,0.0
2022-11-10 12:00:00+09:00,1110.0,1110.0,1100.0,1105.0,47234,0.0,0.0
2022-11-10 13:00:00+09:00,1105.0,1105.0,1100.0,1105.0,37288,0.0,0.0
2022-11-10 14:00:00+09:00,1105.0,1140.0,1100.0,1120.0,522370,0.0,0.0
2022-11-11 09:00:00+09:00,1165.0,1170.0,1135.0,1140.0,0,0.0,0.0
2022-11-11 10:00:00+09:00,1140.0,1145.0,1130.0,1135.0,219337,0.0,0.0
2022-11-11 11:00:00+09:00,1135.0,1145.0,1135.0,1140.0,113116,0.0,0.0
2022-11-11 12:00:00+09:00,1140.0,1140.0,1135.0,1140.0,105782,0.0,0.0
2022-11-11 13:00:00+09:00,1140.0,1140.0,1135.0,1135.0,97405,0.0,0.0
2022-11-11 14:00:00+09:00,1140.0,1140.0,1130.0,1135.0,156045,0.0,0.0
2022-11-14 09:00:00+09:00,1140.0,1155.0,1120.0,1140.0,0,0.0,0.0
2022-11-14 10:00:00+09:00,1145.0,1155.0,1140.0,1150.0,155254,0.0,0.0
2022-11-14 11:00:00+09:00,1145.0,1160.0,1145.0,1155.0,179271,0.0,0.0
2022-11-14 12:00:00+09:00,1160.0,1160.0,1150.0,1150.0,44645,0.0,0.0
2022-11-14 13:00:00+09:00,1150.0,1160.0,1150.0,1155.0,115965,0.0,0.0
2022-11-14 14:00:00+09:00,1155.0,1160.0,1145.0,1145.0,177917,0.0,0.0
2022-11-15 09:00:00+09:00,1135.0,1165.0,1135.0,1155.0,0,0.0,0.0
2022-11-15 10:00:00+09:00,1150.0,1200.0,1145.0,1170.0,1044903,0.0,0.0
2022-11-15 11:00:00+09:00,1170.0,1180.0,1155.0,1160.0,387230,0.0,0.0
2022-11-15 12:00:00+09:00,1160.0,1170.0,1160.0,1170.0,207808,0.0,0.0
2022-11-15 13:00:00+09:00,1170.0,1175.0,1165.0,1165.0,76980,0.0,0.0
2022-11-15 14:00:00+09:00,1170.0,1170.0,1155.0,1165.0,149516,0.0,0.0
2022-11-16 09:00:00+09:00,1165.0,1170.0,1135.0,1145.0,0,0.0,0.0
2022-11-16 10:00:00+09:00,1145.0,1155.0,1140.0,1145.0,90937,0.0,0.0
2022-11-16 11:00:00+09:00,1150.0,1160.0,1145.0,1155.0,51988,0.0,0.0
2022-11-16 12:00:00+09:00,1150.0,1155.0,1145.0,1155.0,47196,0.0,0.0
2022-11-16 13:00:00+09:00,1155.0,1155.0,1145.0,1145.0,78943,0.0,0.0
2022-11-16 14:00:00+09:00,1150.0,1150.0,1140.0,1150.0,91738,0.0,0.0
2022-11-17 10:00:00+09:00,1190.0,1225.0,1165.0,1165.0,2098447,0.0,0.0
2022-11-17 11:00:00+09:00,1165.0,1180.0,1165.0,1170.0,211433,0.0,0.0
2022-11-17 12:00:00+09:00,1170.0,1170.0,1160.0,1165.0,166500,0.0,0.0
2022-11-17 13:00:00+09:00,1165.0,1165.0,1155.0,1160.0,109431,0.0,0.0
2022-11-17 14:00:00+09:00,1160.0,1165.0,1155.0,1165.0,88098,0.0,0.0
2022-11-18 09:00:00+09:00,1160.0,1165.0,1145.0,1160.0,0,0.0,0.0
2022-11-18 10:00:00+09:00,1160.0,1165.0,1150.0,1165.0,98804,0.0,0.0
2022-11-18 11:00:00+09:00,1165.0,1165.0,1160.0,1165.0,32404,0.0,0.0
2022-11-18 12:00:00+09:00,1160.0,1165.0,1155.0,1160.0,63521,0.0,0.0
2022-11-18 13:00:00+09:00,1160.0,1160.0,1150.0,1150.0,53476,0.0,0.0
2022-11-18 14:00:00+09:00,1155.0,1155.0,1150.0,1150.0,67735,0.0,0.0
2022-11-21 09:00:00+09:00,1155.0,1155.0,1115.0,1130.0,0,0.0,0.0
2022-11-21 10:00:00+09:00,1125.0,1130.0,1120.0,1120.0,103611,0.0,0.0
2022-11-21 11:00:00+09:00,1120.0,1135.0,1115.0,1125.0,239039,0.0,0.0
2022-11-21 12:00:00+09:00,1120.0,1130.0,1120.0,1125.0,156452,0.0,0.0
2022-11-21 13:00:00+09:00,1120.0,1125.0,1120.0,1125.0,34994,0.0,0.0
2022-11-21 14:00:00+09:00,1120.0,1130.0,1115.0,1115.0,154237,0.0,0.0
2022-11-22 09:00:00+09:00,1110.0,1145.0,1105.0,1120.0,0,0.0,0.0
2022-11-22 10:00:00+09:00,1120.0,1130.0,1115.0,1120.0,96928,0.0,0.0
2022-11-22 11:00:00+09:00,1125.0,1135.0,1120.0,1135.0,121813,0.0,0.0
2022-11-22 12:00:00+09:00,1130.0,1140.0,1125.0,1130.0,52005,0.0,0.0
2022-11-22 13:00:00+09:00,1125.0,1215.0,1120.0,1200.0,1838698,0.0,0.0
2022-11-22 14:00:00+09:00,1195.0,1220.0,1160.0,1175.0,3723841,0.0,0.0
2022-11-23 09:00:00+09:00,1185.0,1185.0,1160.0,1170.0,0,0.0,0.0
2022-11-23 10:00:00+09:00,1170.0,1180.0,1165.0,1175.0,148688,0.0,0.0
2022-11-23 11:00:00+09:00,1175.0,1180.0,1170.0,1170.0,159182,0.0,0.0
2022-11-23 12:00:00+09:00,1170.0,1190.0,1170.0,1180.0,270129,0.0,0.0
2022-11-23 13:00:00+09:00,1180.0,1200.0,1175.0,1185.0,341117,0.0,0.0
2022-11-23 14:00:00+09:00,1180.0,1190.0,1175.0,1180.0,127390,0.0,0.0
2022-11-24 09:00:00+09:00,1200.0,1215.0,1185.0,1200.0,0,0.0,0.0
2022-11-24 10:00:00+09:00,1195.0,1220.0,1195.0,1205.0,450006,0.0,0.0
2022-11-24 11:00:00+09:00,1205.0,1210.0,1200.0,1205.0,235422,0.0,0.0
2022-11-24 12:00:00+09:00,1205.0,1230.0,1205.0,1225.0,511896,0.0,0.0
2022-11-24 13:00:00+09:00,1225.0,1230.0,1215.0,1230.0,409448,0.0,0.0
2022-11-24 14:00:00+09:00,1230.0,1240.0,1225.0,1240.0,535451,0.0,0.0
2022-11-25 09:00:00+09:00,1250.0,1255.0,1220.0,1230.0,0,0.0,0.0
2022-11-25 10:00:00+09:00,1230.0,1240.0,1220.0,1230.0,242000,0.0,0.0
2022-11-25 11:00:00+09:00,1225.0,1235.0,1220.0,1235.0,149907,0.0,0.0
2022-11-25 12:00:00+09:00,1235.0,1285.0,1225.0,1270.0,1850760,0.0,0.0
2022-11-25 13:00:00+09:00,1270.0,1285.0,1250.0,1250.0,841891,0.0,0.0
2022-11-25 14:00:00+09:00,1250.0,1260.0,1235.0,1240.0,332728,0.0,0.0
2022-11-28 09:00:00+09:00,1245.0,1245.0,1190.0,1195.0,0,0.0,0.0
2022-11-28 10:00:00+09:00,1195.0,1200.0,1185.0,1195.0,232642,0.0,0.0
2022-11-28 11:00:00+09:00,1195.0,1210.0,1190.0,1205.0,85531,0.0,0.0
2022-11-28 12:00:00+09:00,1200.0,1210.0,1200.0,1205.0,40725,0.0,0.0
2022-11-28 13:00:00+09:00,1205.0,1210.0,1190.0,1195.0,108660,0.0,0.0
2022-11-28 14:00:00+09:00,1195.0,1200.0,1190.0,1195.0,111848,0.0,0.0
2022-11-29 09:00:00+09:00,1175.0,1210.0,1175.0,1185.0,0,0.0,0.0
2022-11-29 10:00:00+09:00,1185.0,1195.0,1180.0,1190.0,85595,0.0,0.0
2022-11-29 11:00:00+09:00,1195.0,1205.0,1190.0,1200.0,114453,0.0,0.0
2022-11-29 12:00:00+09:00,1200.0,1205.0,1190.0,1190.0,75665,0.0,0.0
2022-11-29 13:00:00+09:00,1195.0,1200.0,1190.0,1200.0,93450,0.0,0.0
2022-11-29 14:00:00+09:00,1195.0,1200.0,1185.0,1190.0,90892,0.0,0.0
2022-11-30 09:00:00+09:00,1190.0,1190.0,1170.0,1190.0,0,0.0,0.0
2022-11-30 10:00:00+09:00,1190.0,1195.0,1175.0,1180.0,149657,0.0,0.0
2022-11-30 11:00:00+09:00,1185.0,1190.0,1175.0,1185.0,91049,0.0,0.0
2022-11-30 12:00:00+09:00,1185.0,1190.0,1180.0,1180.0,41142,0.0,0.0
2022-11-30 13:00:00+09:00,1185.0,1190.0,1180.0,1190.0,44971,0.0,0.0
2022-11-30 14:00:00+09:00,1190.0,1190.0,1180.0,1190.0,67177,0.0,0.0
2022-12-01 09:00:00+09:00,1200.0,1210.0,1195.0,1205.0,0,0.0,0.0
2022-12-01 10:00:00+09:00,1205.0,1205.0,1195.0,1200.0,145277,0.0,0.0
2022-12-01 11:00:00+09:00,1195.0,1230.0,1190.0,1205.0,557513,0.0,0.0
2022-12-01 12:00:00+09:00,1205.0,1210.0,1195.0,1200.0,328796,0.0,0.0
2022-12-01 13:00:00+09:00,1195.0,1200.0,1190.0,1195.0,76818,0.0,0.0
2022-12-01 14:00:00+09:00,1195.0,1200.0,1190.0,1190.0,82761,0.0,0.0
2022-12-02 09:00:00+09:00,1190.0,1210.0,1185.0,1195.0,0,0.0,0.0
2022-12-02 10:00:00+09:00,1195.0,1215.0,1190.0,1210.0,190504,0.0,0.0
2022-12-02 11:00:00+09:00,1215.0,1220.0,1205.0,1210.0,119578,0.0,0.0
2022-12-02 12:00:00+09:00,1205.0,1210.0,1200.0,1200.0,71602,0.0,0.0
2022-12-02 13:00:00+09:00,1200.0,1205.0,1195.0,1200.0,54244,0.0,0.0
2022-12-02 14:00:00+09:00,1200.0,1215.0,1200.0,1205.0,138894,0.0,0.0
2022-12-05 09:00:00+09:00,1205.0,1210.0,1185.0,1195.0,0,0.0,0.0
2022-12-05 10:00:00+09:00,1195.0,1200.0,1190.0,1195.0,87928,0.0,0.0
2022-12-05 11:00:00+09:00,1190.0,1200.0,1185.0,1190.0,92698,0.0,0.0
2022-12-05 12:00:00+09:00,1190.0,1200.0,1185.0,1195.0,30313,0.0,0.0
2022-12-05 13:00:00+09:00,1195.0,1195.0,1185.0,1190.0,111979,0.0,0.0
2022-12-05 14:00:00+09:00,1185.0,1190.0,1180.0,1185.0,85756,0.0,0.0
2022-12-06 09:00:00+09:00,1180.0,1205.0,1160.0,1185.0,0,0.0,0.0
2022-12-06 10:00:00+09:00,1185.0,1185.0,1165.0,1170.0,116987,0.0,0.0
2022-12-06 11:00:00+09:00,1170.0,1185.0,1170.0,1180.0,40887,0.0,0.0
2022-12-06 12:00:00+09:00,1175.0,1180.0,1170.0,1170.0,47171,0.0,0.0
2022-12-06 13:00:00+09:00,1170.0,1180.0,1170.0,1175.0,36621,0.0,0.0
2022-12-06 14:00:00+09:00,1175.0,1175.0,1165.0,1165.0,69745,0.0,0.0
2022-12-07 09:00:00+09:00,1145.0,1160.0,1140.0,1150.0,244905,0.0,0.0
2022-12-07 10:00:00+09:00,1150.0,1150.0,1135.0,1145.0,179020,0.0,0.0
2022-12-07 11:00:00+09:00,1145.0,1160.0,1145.0,1150.0,63817,0.0,0.0
2022-12-07 12:00:00+09:00,1150.0,1150.0,1140.0,1150.0,55739,0.0,0.0
2022-12-07 13:00:00+09:00,1145.0,1155.0,1145.0,1145.0,72680,0.0,0.0
2022-12-07 14:00:00+09:00,1145.0,1150.0,1145.0,1145.0,27693,0.0,0.0
2022-12-08 09:00:00+09:00,1135.0,1140.0,1125.0,1130.0,0,0.0,0.0
2022-12-08 10:00:00+09:00,1125.0,1130.0,1120.0,1125.0,132169,0.0,0.0
2022-12-08 11:00:00+09:00,1125.0,1125.0,1115.0,1120.0,117064,0.0,0.0
2022-12-08 12:00:00+09:00,1120.0,1125.0,1115.0,1115.0,34667,0.0,0.0
2022-12-08 13:00:00+09:00,1115.0,1125.0,1115.0,1125.0,61290,0.0,0.0
2022-12-08 14:00:00+09:00,1115.0,1125.0,1115.0,1115.0,40680,0.0,0.0
2022-12-09 09:00:00+09:00,1125.0,1130.0,1110.0,1115.0,0,0.0,0.0
2022-12-09 10:00:00+09:00,1120.0,1120.0,1115.0,1120.0,60255,0.0,0.0
2022-12-09 11:00:00+09:00,1115.0,1120.0,1115.0,1120.0,48195,0.0,0.0
2022-12-09 12:00:00+09:00,1120.0,1125.0,1115.0,1120.0,42412,0.0,0.0
2022-12-09 13:00:00+09:00,1120.0,1125.0,1115.0,1125.0,36263,0.0,0.0
2022-12-09 14:00:00+09:00,1125.0,1125.0,1115.0,1125.0,48173,0.0,0.0
2022-12-12 09:00:00+09:00,1115.0,1120.0,1105.0,1115.0,0,0.0,0.0
2022-12-12 10:00:00+09:00,1110.0,1120.0,1110.0,1115.0,76237,0.0,0.0
2022-12-12 11:00:00+09:00,1115.0,1120.0,1115.0,1120.0,15358,0.0,0.0
2022-12-12 12:00:00+09:00,1115.0,1120.0,1110.0,1120.0,37798,0.0,0.0
2022-12-12 13:00:00+09:00,1115.0,1120.0,1110.0,1110.0,30347,0.0,0.0
2022-12-12 14:00:00+09:00,1110.0,1115.0,1105.0,1105.0,60103,0.0,0.0
2022-12-13 09:00:00+09:00,1115.0,1125.0,1110.0,1110.0,0,0.0,0.0
2022-12-13 10:00:00+09:00,1110.0,1110.0,1095.0,1110.0,103928,0.0,0.0
2022-12-13 11:00:00+09:00,1110.0,1115.0,1105.0,1115.0,33033,0.0,0.0
2022-12-13 12:00:00+09:00,1115.0,1125.0,1115.0,1120.0,48439,0.0,0.0
2022-12-13 13:00:00+09:00,1115.0,1115.0,1105.0,1110.0,47739,0.0,0.0
2022-12-13 14:00:00+09:00,1110.0,1120.0,1105.0,1110.0,39820,0.0,0.0
2022-12-14 09:00:00+09:00,1110.0,1135.0,1110.0,1130.0,0,0.0,0.0
2022-12-14 10:00:00+09:00,1130.0,1130.0,1120.0,1125.0,34599,0.0,0.0
2022-12-14 11:00:00+09:00,1125.0,1130.0,1120.0,1130.0,27945,0.0,0.0
2022-12-14 12:00:00+09:00,1130.0,1130.0,1120.0,1125.0,21220,0.0,0.0
2022-12-14 13:00:00+09:00,1125.0,1135.0,1125.0,1125.0,41254,0.0,0.0
2022-12-14 14:00:00+09:00,1130.0,1130.0,1120.0,1120.0,28426,0.0,0.0
2022-12-15 09:00:00+09:00,1125.0,1145.0,1120.0,1135.0,0,0.0,0.0
2022-12-15 10:00:00+09:00,1135.0,1140.0,1125.0,1125.0,54227,0.0,0.0
2022-12-15 11:00:00+09:00,1130.0,1235.0,1130.0,1145.0,3964536,0.0,0.0
2022-12-15 12:00:00+09:00,1150.0,1155.0,1140.0,1145.0,307695,0.0,0.0
2022-12-15 13:00:00+09:00,1140.0,1145.0,1130.0,1140.0,208416,0.0,0.0
2022-12-15 14:00:00+09:00,1135.0,1150.0,1130.0,1140.0,121161,0.0,0.0
2022-12-16 09:00:00+09:00,1150.0,1150.0,1125.0,1140.0,0,0.0,0.0
2022-12-16 10:00:00+09:00,1140.0,1145.0,1130.0,1145.0,60555,0.0,0.0
2022-12-16 11:00:00+09:00,1135.0,1140.0,1135.0,1135.0,7178,0.0,0.0
2022-12-16 12:00:00+09:00,1140.0,1145.0,1135.0,1140.0,33198,0.0,0.0
2022-12-16 13:00:00+09:00,1140.0,1145.0,1135.0,1145.0,39304,0.0,0.0
2022-12-16 14:00:00+09:00,1140.0,1145.0,1135.0,1140.0,41333,0.0,0.0
2022-12-19 09:00:00+09:00,1125.0,1140.0,1125.0,1135.0,72593,0.0,0.0
2022-12-19 10:00:00+09:00,1135.0,1145.0,1130.0,1135.0,54064,0.0,0.0
2022-12-19 11:00:00+09:00,1145.0,1145.0,1130.0,1130.0,32339,0.0,0.0
2022-12-19 12:00:00+09:00,1135.0,1140.0,1130.0,1135.0,47649,0.0,0.0
2022-12-19 13:00:00+09:00,1135.0,1135.0,1125.0,1135.0,38845,0.0,0.0
2022-12-19 14:00:00+09:00,1130.0,1135.0,1125.0,1135.0,65314,0.0,0.0
2022-12-20 09:00:00+09:00,1125.0,1135.0,1120.0,1135.0,0,0.0,0.0
2022-12-20 10:00:00+09:00,1135.0,1135.0,1125.0,1130.0,46754,0.0,0.0
2022-12-20 11:00:00+09:00,1125.0,1130.0,1120.0,1130.0,0,0.0,0.0
2022-12-20 12:00:00+09:00,1125.0,1130.0,1115.0,1120.0,259185,0.0,0.0
2022-12-20 13:00:00+09:00,1120.0,1120.0,1090.0,1100.0,191333,0.0,0.0
2022-12-20 14:00:00+09:00,1105.0,1105.0,1095.0,1095.0,99843,0.0,0.0
2022-12-21 09:00:00+09:00,1105.0,1115.0,1085.0,1100.0,0,0.0,0.0
2022-12-21 10:00:00+09:00,1100.0,1115.0,1095.0,1105.0,94355,0.0,0.0
2022-12-21 11:00:00+09:00,1110.0,1115.0,1090.0,1100.0,81357,0.0,0.0
2022-12-21 12:00:00+09:00,1110.0,1110.0,1090.0,1100.0,24067,0.0,0.0
2022-12-21 13:00:00+09:00,1090.0,1105.0,1090.0,1100.0,28475,0.0,0.0
2022-12-21 14:00:00+09:00,1095.0,1105.0,1095.0,1100.0,60847,0.0,0.0
2022-12-22 09:00:00+09:00,1110.0,1115.0,1105.0,1115.0,0,0.0,0.0
2022-12-22 10:00:00+09:00,1115.0,1115.0,1105.0,1105.0,70340,0.0,0.0
2022-12-22 11:00:00+09:00,1105.0,1120.0,1105.0,1110.0,40371,0.0,0.0
2022-12-22 12:00:00+09:00,1115.0,1120.0,1110.0,1110.0,34778,0.0,0.0
2022-12-22 13:00:00+09:00,1115.0,1115.0,1105.0,1110.0,24864,0.0,0.0
2022-12-22 14:00:00+09:00,1110.0,1115.0,1105.0,1115.0,59956,0.0,0.0
2022-12-23 09:00:00+09:00,1095.0,1100.0,1070.0,1075.0,0,0.0,0.0
2022-12-23 10:00:00+09:00,1075.0,1075.0,1060.0,1070.0,174452,0.0,0.0
2022-12-23 11:00:00+09:00,1065.0,1075.0,1065.0,1070.0,59472,0.0,0.0
2022-12-23 12:00:00+09:00,1065.0,1070.0,1060.0,1065.0,52761,0.0,0.0
2022-12-23 13:00:00+09:00,1065.0,1070.0,1065.0,1070.0,13636,0.0,0.0
2022-12-23 14:00:00+09:00,1065.0,1070.0,1060.0,1065.0,115486,0.0,0.0
2022-12-26 09:00:00+09:00,1060.0,1065.0,1040.0,1045.0,0,0.0,0.0
2022-12-26 10:00:00+09:00,1040.0,1055.0,1040.0,1055.0,65176,0.0,0.0
2022-12-26 11:00:00+09:00,1055.0,1055.0,1045.0,1050.0,41869,0.0,0.0
2022-12-26 12:00:00+09:00,1045.0,1060.0,1045.0,1055.0,30097,0.0,0.0
2022-12-26 13:00:00+09:00,1060.0,1060.0,1050.0,1050.0,23988,0.0,0.0
2022-12-26 14:00:00+09:00,1050.0,1055.0,1035.0,1045.0,146520,0.0,0.0
2022-12-27 09:00:00+09:00,1030.0,1060.0,1030.0,1055.0,0,0.0,0.0
2022-12-27 10:00:00+09:00,1055.0,1065.0,1050.0,1060.0,55595,0.0,0.0
2022-12-27 11:00:00+09:00,1060.0,1065.0,1055.0,1065.0,23618,0.0,0.0
2022-12-27 12:00:00+09:00,1060.0,1085.0,1050.0,1050.0,148328,0.0,0.0
2022-12-27 13:00:00+09:00,1055.0,1055.0,1050.0,1055.0,31801,0.0,0.0
2022-12-27 14:00:00+09:00,1055.0,1060.0,1045.0,1060.0,36671,0.0,0.0
2022-12-28 09:00:00+09:00,1040.0,1055.0,1035.0,1050.0,0,0.0,0.0
2022-12-28 10:00:00+09:00,1050.0,1060.0,1045.0,1060.0,40889,0.0,0.0
2022-12-28 11:00:00+09:00,1060.0,1060.0,1045.0,1050.0,29080,0.0,0.0
2022-12-28 12:00:00+09:00,1050.0,1050.0,1040.0,1045.0,33048,0.0,0.0
2022-12-28 13:00:00+09:00,1050.0,1050.0,1040.0,1045.0,31458,0.0,0.0
2022-12-28 14:00:00+09:00,1040.0,1050.0,1040.0,1045.0,22548,0.0,0.0
2022-12-29 09:00:00+09:00,1040.0,1050.0,1005.0,1015.0,0,0.0,0.0
2022-12-29 10:00:00+09:00,1015.0,1020.0,1000.0,1010.0,148933,0.0,0.0
2022-12-29 11:00:00+09:00,1010.0,1015.0,1005.0,1015.0,75119,0.0,0.0
2022-12-29 12:00:00+09:00,1015.0,1015.0,1005.0,1005.0,39209,0.0,0.0
2022-12-29 13:00:00+09:00,1005.0,1020.0,1005.0,1010.0,44343,0.0,0.0
2022-12-29 14:00:00+09:00,1015.0,1015.0,1010.0,1015.0,50566,0.0,0.0
2023-01-02 10:00:00+09:00,1010.0,1025.0,1010.0,1020.0,139466,0.0,0.0
2023-01-02 11:00:00+09:00,1015.0,1015.0,1005.0,1005.0,76568,0.0,0.0
2023-01-02 12:00:00+09:00,1005.0,1015.0,1000.0,1000.0,78781,0.0,0.0
2023-01-02 13:00:00+09:00,1000.0,1010.0,1000.0,1010.0,25402,0.0,0.0
2023-01-02 14:00:00+09:00,1010.0,1010.0,999.0,1005.0,72685,0.0,0.0
2023-01-03 09:00:00+09:00,989.0,1005.0,989.0,997.0,0,0.0,0.0
2023-01-03 10:00:00+09:00,998.0,999.0,986.0,998.0,128414,0.0,0.0
2023-01-03 11:00:00+09:00,997.0,1005.0,997.0,1000.0,73105,0.0,0.0
2023-01-03 12:00:00+09:00,1005.0,1015.0,1000.0,1015.0,44326,0.0,0.0
2023-01-03 13:00:00+09:00,1010.0,1015.0,1005.0,1010.0,31404,0.0,0.0
2023-01-03 14:00:00+09:00,1005.0,1010.0,997.0,1010.0,76293,0.0,0.0
2023-01-04 09:00:00+09:00,997.0,1020.0,997.0,1015.0,0,0.0,0.0
2023-01-04 10:00:00+09:00,1015.0,1020.0,1010.0,1015.0,16504,0.0,0.0
2023-01-04 11:00:00+09:00,1015.0,1020.0,1015.0,1020.0,19907,0.0,0.0
2023-01-04 12:00:00+09:00,1020.0,1020.0,1010.0,1020.0,43908,0.0,0.0
2023-01-04 13:00:00+09:00,1015.0,1025.0,1010.0,1015.0,35659,0.0,0.0
2023-01-04 14:00:00+09:00,1015.0,1020.0,1015.0,1020.0,18423,0.0,0.0
2023-01-05 09:00:00+09:00,1020.0,1045.0,1020.0,1030.0,0,0.0,0.0
2023-01-05 10:00:00+09:00,1030.0,1045.0,1025.0,1040.0,66112,0.0,0.0
2023-01-05 11:00:00+09:00,1040.0,1040.0,1030.0,1035.0,38064,0.0,0.0
2023-01-05 12:00:00+09:00,1035.0,1045.0,1030.0,1040.0,59332,0.0,0.0
2023-01-05 13:00:00+09:00,1040.0,1040.0,1030.0,1040.0,41330,0.0,0.0
2023-01-05 14:00:00+09:00,1035.0,1065.0,1035.0,1050.0,125100,0.0,0.0
2023-01-06 09:00:00+09:00,1040.0,1070.0,1035.0,1070.0,0,0.0,0.0
2023-01-06 10:00:00+09:00,1065.0,1080.0,1065.0,1070.0,121518,0.0,0.0
2023-01-06 11:00:00+09:00,1070.0,1115.0,1065.0,1075.0,846808,0.0,0.0
2023-01-06 12:00:00+09:00,1080.0,1080.0,1075.0,1075.0,40511,0.0,0.0
2023-01-06 13:00:00+09:00,1075.0,1085.0,1070.0,1075.0,58036,0.0,0.0
2023-01-06 14:00:00+09:00,1080.0,1080.0,1055.0,1065.0,124066,0.0,0.0
2023-01-09 09:00:00+09:00,1085.0,1095.0,1075.0,1080.0,0,0.0,0.0
2023-01-09 10:00:00+09:00,1080.0,1090.0,1080.0,1085.0,34982,0.0,0.0
2023-01-09 11:00:00+09:00,1090.0,1090.0,1075.0,1085.0,71159,0.0,0.0
2023-01-09 12:00:00+09:00,1085.0,1090.0,1080.0,1085.0,76480,0.0,0.0
2023-01-09 13:00:00+09:00,1085.0,1085.0,1080.0,1080.0,53104,0.0,0.0
2023-01-09 14:00:00+09:00,1080.0,1085.0,1075.0,1080.0,50967,0.0,0.0
2023-01-10 09:00:00+09:00,1080.0,1105.0,1075.0,1105.0,0,0.0,0.0
2023-01-10 10:00:00+09:00,1105.0,1110.0,1095.0,1100.0,94594,0.0,0.0
2023-01-10 11:00:00+09:00,1105.0,1105.0,1090.0,1095.0,52501,0.0,0.0
2023-01-10 12:00:00+09:00,1095.0,1100.0,1090.0,1100.0,30511,0.0,0.0
2023-01-10 13:00:00+09:00,1095.0,1100.0,1085.0,1090.0,45578,0.0,0.0
2023-01-10 14:00:00+09:00,1090.0,1185.0,1085.0,1150.0,3865001,0.0,0.0
2023-01-11 09:00:00+09:00,1445.0,1565.0,1380.0,1390.0,7375172,0.0,0.0
2023-01-11 10:00:00+09:00,1390.0,1410.0,1375.0,1385.0,2216110,0.0,0.0
2023-01-11 11:00:00+09:00,1380.0,1430.0,1370.0,1390.0,3217313,0.0,0.0
2023-01-11 12:00:00+09:00,1390.0,1395.0,1370.0,1380.0,926016,0.0,0.0
2023-01-11 13:00:00+09:00,1380.0,1385.0,1355.0,1380.0,1371769,0.0,0.0
2023-01-11 14:00:00+09:00,1380.0,1380.0,1355.0,1375.0,948941,0.0,0.0
2023-01-12 09:00:00+09:00,1405.0,1420.0,1385.0,1390.0,0,0.0,0.0
2023-01-12 10:00:00+09:00,1395.0,1420.0,1390.0,1390.0,1138750,0.0,0.0
2023-01-12 11:00:00+09:00,1390.0,1410.0,1380.0,1395.0,791102,0.0,0.0
2023-01-12 12:00:00+09:00,1395.0,1410.0,1385.0,1395.0,760345,0.0,0.0
2023-01-12 13:00:00+09:00,1390.0,1405.0,1385.0,1400.0,375569,0.0,0.0
2023-01-12 14:00:00+09:00,1400.0,1450.0,1370.0,1385.0,5344673,0.0,0.0
2023-01-13 09:00:00+09:00,1345.0,1370.0,1330.0,1345.0,0,0.0,0.0
2023-01-13 10:00:00+09:00,1345.0,1360.0,1340.0,1360.0,654093,0.0,0.0
2023-01-13 11:00:00+09:00,1360.0,1375.0,1355.0,1370.0,307788,0.0,0.0
2023-01-13 12:00:00+09:00,1370.0,1375.0,1350.0,1365.0,367533,0.0,0.0
2023-01-13 13:00:00+09:00,1365.0,1380.0,1360.0,1360.0,331187,0.0,0.0
2023-01-13 14:00:00+09:00,1360.0,1370.0,1350.0,1360.0,634512,0.0,0.0
2023-01-16 09:00:00+09:00,1360.0,1365.0,1265.0,1295.0,0,0.0,0.0
2023-01-16 10:00:00+09:00,1300.0,1300.0,1280.0,1295.0,549909,0.0,0.0
2023-01-16 11:00:00+09:00,1295.0,1305.0,1290.0,1300.0,217805,0.0,0.0
2023-01-16 12:00:00+09:00,1300.0,1305.0,1285.0,1285.0,242181,0.0,0.0
2023-01-16 13:00:00+09:00,1290.0,1335.0,1275.0,1290.0,3080592,0.0,0.0
2023-01-16 14:00:00+09:00,1290.0,1290.0,1270.0,1275.0,929780,0.0,0.0
2023-01-17 09:00:00+09:00,1295.0,1300.0,1255.0,1300.0,0,0.0,0.0
2023-01-17 10:00:00+09:00,1300.0,1305.0,1275.0,1280.0,661598,0.0,0.0
2023-01-17 11:00:00+09:00,1280.0,1285.0,1260.0,1275.0,311105,0.0,0.0
2023-01-17 12:00:00+09:00,1275.0,1295.0,1270.0,1290.0,242065,0.0,0.0
2023-01-17 13:00:00+09:00,1290.0,1295.0,1285.0,1285.0,334935,0.0,0.0
2023-01-17 14:00:00+09:00,1285.0,1295.0,1280.0,1295.0,473198,0.0,0.0
2023-01-18 09:00:00+09:00,1285.0,1290.0,1250.0,1255.0,0,0.0,0.0
2023-01-18 10:00:00+09:00,1255.0,1265.0,1235.0,1250.0,684501,0.0,0.0
2023-01-18 11:00:00+09:00,1250.0,1250.0,1240.0,1240.0,202363,0.0,0.0
2023-01-18 12:00:00+09:00,1245.0,1250.0,1240.0,1245.0,119694,0.0,0.0
2023-01-18 13:00:00+09:00,1245.0,1245.0,1225.0,1235.0,470140,0.0,0.0
2023-01-18 14:00:00+09:00,1235.0,1240.0,1225.0,1230.0,231608,0.0,0.0
2023-01-19 09:00:00+09:00,1215.0,1240.0,1205.0,1235.0,0,0.0,0.0
2023-01-19 10:00:00+09:00,1235.0,1235.0,1220.0,1230.0,162549,0.0,0.0
2023-01-19 11:00:00+09:00,1225.0,1230.0,1215.0,1230.0,140531,0.0,0.0
2023-01-19 12:00:00+09:00,1230.0,1230.0,1220.0,1220.0,73296,0.0,0.0
2023-01-19 13:00:00+09:00,1220.0,1225.0,1215.0,1220.0,112716,0.0,0.0
2023-01-19 14:00:00+09:00,1225.0,1225.0,1210.0,1215.0,128375,0.0,0.0
2023-01-20 09:00:00+09:00,1205.0,1230.0,1205.0,1220.0,0,0.0,0.0
2023-01-20 10:00:00+09:00,1220.0,1235.0,1215.0,1230.0,171821,0.0,0.0
2023-01-20 11:00:00+09:00,1230.0,1235.0,1225.0,1225.0,143965,0.0,0.0
2023-01-20 12:00:00+09:00,1225.0,1245.0,1220.0,1235.0,243298,0.0,0.0
2023-01-20 13:00:00+09:00,1235.0,1240.0,1230.0,1230.0,108278,0.0,0.0
2023-01-20 14:00:00+09:00,1230.0,1240.0,1225.0,1225.0,197375,0.0,0.0
2023-01-25 09:00:00+09:00,1239.0,1240.0,1207.0,1215.0,0,0.0,0.0
2023-01-25 10:00:00+09:00,1215.0,1230.0,1212.0,1216.0,105613,0.0,0.0
2023-01-25 11:00:00+09:00,1216.0,1230.0,1215.0,1218.0,120296,0.0,0.0
2023-01-25 12:00:00+09:00,1218.0,1230.0,1217.0,1226.0,132630,0.0,0.0
2023-01-25 13:00:00+09:00,1226.0,1230.0,1218.0,1225.0,131645,0.0,0.0
2023-01-25 14:00:00+09:00,1225.0,1230.0,1222.0,1225.0,58322,0.0,0.0
2023-01-26 09:00:00+09:00,1223.0,1247.0,1223.0,1235.0,0,0.0,0.0
2023-01-26 10:00:00+09:00,1236.0,1249.0,1235.0,1244.0,211471,0.0,0.0
2023-01-26 11:00:00+09:00,1244.0,1248.0,1243.0,1245.0,147648,0.0,0.0
2023-01-26 12:00:00+09:00,1245.0,1248.0,1241.0,1248.0,89585,0.0,0.0
2023-01-26 13:00:00+09:00,1248.0,1251.0,1241.0,1241.0,190280,0.0,0.0
2023-01-26 14:00:00+09:00,1242.0,1242.0,1227.0,1237.0,257219,0.0,0.0
2023-01-27 09:00:00+09:00,1246.0,1293.0,1233.0,1279.0,631855,0.0,0.0
2023-01-27 10:00:00+09:00,1279.0,1304.0,1256.0,1263.0,3881140,0.0,0.0
2023-01-27 11:00:00+09:00,1264.0,1265.0,1256.0,1261.0,334045,0.0,0.0
2023-01-27 12:00:00+09:00,1261.0,1264.0,1257.0,1258.0,163128,0.0,0.0
2023-01-27 13:00:00+09:00,1258.0,1259.0,1237.0,1242.0,410803,0.0,0.0
2023-01-27 14:00:00+09:00,1242.0,1252.0,1242.0,1250.0,149601,0.0,0.0
2023-01-30 09:00:00+09:00,1276.0,1313.0,1257.0,1266.0,0,0.0,0.0
2023-01-30 10:00:00+09:00,1266.0,1277.0,1263.0,1267.0,433997,0.0,0.0
2023-01-30 11:00:00+09:00,1267.0,1271.0,1263.0,1265.0,160938,0.0,0.0
2023-01-30 12:00:00+09:00,1265.0,1269.0,1260.0,1265.0,236630,0.0,0.0
2023-01-30 13:00:00+09:00,1265.0,1265.0,1257.0,1261.0,179884,0.0,0.0
2023-01-30 14:00:00+09:00,1262.0,1265.0,1255.0,1259.0,210938,0.0,0.0
2023-01-31 09:00:00+09:00,1258.0,1259.0,1224.0,1244.0,0,0.0,0.0
2023-01-31 10:00:00+09:00,1244.0,1253.0,1240.0,1253.0,191177,0.0,0.0
2023-01-31 11:00:00+09:00,1250.0,1305.0,1246.0,1265.0,1979780,0.0,0.0
2023-01-31 12:00:00+09:00,1266.0,1266.0,1258.0,1260.0,191025,0.0,0.0
2023-01-31 13:00:00+09:00,1260.0,1268.0,1258.0,1265.0,147281,0.0,0.0
2023-01-31 14:00:00+09:00,1265.0,1266.0,1258.0,1263.0,162717,0.0,0.0
2023-02-01 09:00:00+09:00,1252.0,1268.0,1247.0,1254.0,0,0.0,0.0
2023-02-01 10:00:00+09:00,1254.0,1256.0,1245.0,1248.0,283496,0.0,0.0
2023-02-01 11:00:00+09:00,1248.0,1255.0,1248.0,1253.0,106819,0.0,0.0
2023-02-01 12:00:00+09:00,1253.0,1255.0,1250.0,1250.0,88386,0.0,0.0
2023-02-01 13:00:00+09:00,1250.0,1252.0,1248.0,1248.0,132049,0.0,0.0
2023-02-01 14:00:00+09:00,1248.0,1249.0,1238.0,1238.0,257964,0.0,0.0
2023-02-02 09:00:00+09:00,1246.0,1255.0,1240.0,1248.0,0,0.0,0.0
2023-02-02 10:00:00+09:00,1247.0,1250.0,1242.0,1248.0,166049,0.0,0.0
2023-02-02 11:00:00+09:00,1248.0,1260.0,1246.0,1254.0,168101,0.0,0.0
2023-02-02 12:00:00+09:00,1254.0,1256.0,1250.0,1253.0,121893,0.0,0.0
2023-02-02 13:00:00+09:00,1253.0,1258.0,1251.0,1251.0,104363,0.0,0.0
2023-02-02 14:00:00+09:00,1252.0,1255.0,1250.0,1253.0,113292,0.0,0.0
2023-02-03 09:00:00+09:00,1256.0,1256.0,1225.0,1238.0,450643,0.0,0.0
2023-02-03 10:00:00+09:00,1238.0,1238.0,1231.0,1232.0,135535,0.0,0.0
2023-02-03 11:00:00+09:00,1232.0,1235.0,1230.0,1234.0,86945,0.0,0.0
2023-02-03 12:00:00+09:00,1234.0,1240.0,1232.0,1239.0,52004,0.0,0.0
2023-02-03 13:00:00+09:00,1238.0,1239.0,1233.0,1239.0,53976,0.0,0.0
2023-02-03 14:00:00+09:00,1239.0,1246.0,1237.0,1243.0,94729,0.0,0.0
2023-02-06 09:00:00+09:00,1238.0,1256.0,1236.0,1254.0,0,0.0,0.0
2023-02-06 10:00:00+09:00,1254.0,1257.0,1250.0,1255.0,204438,0.0,0.0
2023-02-06 11:00:00+09:00,1255.0,1259.0,1252.0,1255.0,80206,0.0,0.0
2023-02-06 12:00:00+09:00,1255.0,1256.0,1250.0,1255.0,80876,0.0,0.0
2023-02-06 13:00:00+09:00,1255.0,1288.0,1252.0,1261.0,1322054,0.0,0.0
2023-02-06 14:00:00+09:00,1259.0,1261.0,1246.0,1254.0,326163,0.0,0.0
2023-02-07 09:00:00+09:00,1243.0,1270.0,1235.0,1268.0,0,0.0,0.0
2023-02-07 10:00:00+09:00,1269.0,1269.0,1259.0,1269.0,126072,0.0,0.0
2023-02-07 11:00:00+09:00,1268.0,1293.0,1264.0,1267.0,569349,0.0,0.0
2023-02-07 12:00:00+09:00,1267.0,1270.0,1266.0,1266.0,102534,0.0,0.0
2023-02-07 13:00:00+09:00,1266.0,1270.0,1263.0,1268.0,130068,0.0,0.0
2023-02-07 14:00:00+09:00,1267.0,1269.0,1261.0,1264.0,114375,0.0,0.0
2023-02-08 09:00:00+09:00,1281.0,1289.0,1274.0,1282.0,0,0.0,0.0
2023-02-08 10:00:00+09:00,1282.0,1287.0,1279.0,1282.0,222321,0.0,0.0
2023-02-08 11:00:00+09:00,1283.0,1285.0,1280.0,1284.0,122771,0.0,0.0
2023-02-08 12:00:00+09:00,1284.0,1284.0,1272.0,1275.0,224297,0.0,0.0
2023-02-08 13:00:00+09:00,1273.0,1278.0,1270.0,1277.0,129024,0.0,0.0
2023-02-08 14:00:00+09:00,1276.0,1277.0,1273.0,1275.0,65012,0.0,0.0
2023-02-09 09:00:00+09:00,1273.0,1290.0,1269.0,1276.0,376477,0.0,0.0
2023-02-09 10:00:00+09:00,1276.0,1279.0,1271.0,1273.0,106284,0.0,0.0
2023-02-09 11:00:00+09:00,1273.0,1274.0,1265.0,1269.0,178714,0.0,0.0
2023-02-09 12:00:00+09:00,1271.0,1271.0,1263.0,1264.0,135922,0.0,0.0
2023-02-09 13:00:00+09:00,1264.0,1273.0,1261.0,1268.0,81786,0.0,0.0
2023-02-09 14:00:00+09:00,1268.0,1271.0,1263.0,1271.0,65378,0.0,0.0
2023-02-10 09:00:00+09:00,1268.0,1268.0,1218.0,1220.0,0,0.0,0.0
2023-02-10 10:00:00+09:00,1220.0,1229.0,1220.0,1227.0,195559,0.0,0.0
2023-02-10 11:00:00+09:00,1227.0,1233.0,1224.0,1228.0,88031,0.0,0.0
2023-02-10 12:00:00+09:00,1227.0,1228.0,1221.0,1222.0,87921,0.0,0.0
2023-02-10 13:00:00+09:00,1222.0,1223.0,1218.0,1219.0,177671,0.0,0.0
2023-02-10 14:00:00+09:00,1220.0,1220.0,1212.0,1216.0,248119,0.0,0.0
2023-02-13 09:00:00+09:00,1218.0,1218.0,1201.0,1216.0,0,0.0,0.0
2023-02-13 10:00:00+09:00,1214.0,1215.0,1205.0,1212.0,102640,0.0,0.0
2023-02-13 11:00:00+09:00,1211.0,1217.0,1208.0,1215.0,81818,0.0,0.0
2023-02-13 12:00:00+09:00,1215.0,1218.0,1213.0,1215.0,36036,0.0,0.0
2023-02-13 13:00:00+09:00,1215.0,1215.0,1206.0,1206.0,79527,0.0,0.0
2023-02-13 14:00:00+09:00,1206.0,1209.0,1201.0,1205.0,165780,0.0,0.0
2023-02-14 09:00:00+09:00,1202.0,1222.0,1202.0,1215.0,0,0.0,0.0
2023-02-14 10:00:00+09:00,1215.0,1215.0,1208.0,1213.0,52387,0.0,0.0
2023-02-14 11:00:00+09:00,1213.0,1213.0,1208.0,1210.0,31442,0.0,0.0
2023-02-14 12:00:00+09:00,1210.0,1212.0,1207.0,1210.0,34492,0.0,0.0
2023-02-14 13:00:00+09:00,1210.0,1212.0,1202.0,1205.0,91682,0.0,0.0
2023-02-14 14:00:00+09:00,1203.0,1206.0,1193.0,1203.0,162787,0.0,0.0
2023-02-15 09:00:00+09:00,1200.0,1205.0,1180.0,1182.0,323130,0.0,0.0
2023-02-15 10:00:00+09:00,1182.0,1194.0,1181.0,1190.0,119739,0.0,0.0
2023-02-15 11:00:00+09:00,1190.0,1191.0,1176.0,1176.0,149069,0.0,0.0
2023-02-15 12:00:00+09:00,1176.0,1185.0,1175.0,1179.0,79824,0.0,0.0
2023-02-15 13:00:00+09:00,1179.0,1182.0,1175.0,1178.0,55904,0.0,0.0
2023-02-15 14:00:00+09:00,1179.0,1180.0,1165.0,1168.0,165442,0.0,0.0
2023-02-16 09:00:00+09:00,1168.0,1191.0,1168.0,1185.0,0,0.0,0.0
2023-02-16 10:00:00+09:00,1185.0,1192.0,1183.0,1189.0,69003,0.0,0.0
2023-02-16 11:00:00+09:00,1188.0,1191.0,1186.0,1189.0,24751,0.0,0.0
2023-02-16 12:00:00+09:00,1190.0,1197.0,1190.0,1193.0,58435,0.0,0.0
2023-02-16 13:00:00+09:00,1192.0,1194.0,1187.0,1188.0,38504,0.0,0.0
2023-02-16 14:00:00+09:00,1188.0,1188.0,1183.0,1184.0,55394,0.0,0.0
2023-02-17 09:00:00+09:00,1167.0,1186.0,1166.0,1180.0,0,0.0,0.0
2023-02-17 10:00:00+09:00,1180.0,1188.0,1177.0,1181.0,66722,0.0,0.0
2023-02-17 11:00:00+09:00,1181.0,1186.0,1176.0,1180.0,30450,0.0,0.0
2023-02-17 12:00:00+09:00,1180.0,1180.0,1172.0,1179.0,61286,0.0,0.0
2023-02-17 13:00:00+09:00,1179.0,1179.0,1171.0,1172.0,86068,0.0,0.0
2023-02-17 14:00:00+09:00,1172.0,1174.0,1166.0,1167.0,101638,0.0,0.0
2023-02-20 09:00:00+09:00,1161.0,1180.0,1155.0,1179.0,0,0.0,0.0
2023-02-20 10:00:00+09:00,1179.0,1186.0,1175.0,1179.0,74909,0.0,0.0
2023-02-20 11:00:00+09:00,1180.0,1200.0,1177.0,1186.0,152318,0.0,0.0
2023-02-20 12:00:00+09:00,1186.0,1188.0,1180.0,1181.0,111695,0.0,0.0
2023-02-20 13:00:00+09:00,1181.0,1184.0,1178.0,1182.0,48377,0.0,0.0
2023-02-20 14:00:00+09:00,1182.0,1184.0,1179.0,1181.0,23919,0.0,0.0
2023-02-21 09:00:00+09:00,1185.0,1190.0,1181.0,1188.0,149905,0.0,0.0
2023-02-21 10:00:00+09:00,1186.0,1194.0,1184.0,1193.0,95465,0.0,0.0
2023-02-21 11:00:00+09:00,1193.0,1198.0,1192.0,1195.0,119000,0.0,0.0
2023-02-21 12:00:00+09:00,1197.0,1203.0,1193.0,1202.0,101073,0.0,0.0
2023-02-21 13:00:00+09:00,1202.0,1203.0,1193.0,1199.0,48044,0.0,0.0
2023-02-21 14:00:00+09:00,1199.0,1199.0,1195.0,1196.0,49354,0.0,0.0
2023-02-22 09:00:00+09:00,1187.0,1187.0,1166.0,1178.0,170453,0.0,0.0
2023-02-22 10:00:00+09:00,1178.0,1178.0,1166.0,1167.0,122244,0.0,0.0
2023-02-22 11:00:00+09:00,1167.0,1169.0,1162.0,1164.0,102922,0.0,0.0
2023-02-22 12:00:00+09:00,1166.0,1166.0,1163.0,1165.0,36234,0.0,0.0
2023-02-22 13:00:00+09:00,1164.0,1165.0,1155.0,1156.0,181064,0.0,0.0
2023-02-22 14:00:00+09:00,1155.0,1156.0,1141.0,1150.0,187431,0.0,0.0
2023-02-23 09:00:00+09:00,1143.0,1157.0,1143.0,1150.0,0,0.0,0.0
2023-02-23 10:00:00+09:00,1150.0,1156.0,1149.0,1153.0,43354,0.0,0.0
2023-02-23 11:00:00+09:00,1152.0,1167.0,1152.0,1155.0,100722,0.0,0.0
2023-02-23 12:00:00+09:00,1156.0,1161.0,1155.0,1160.0,41239,0.0,0.0
2023-02-23 13:00:00+09:00,1159.0,1159.0,1150.0,1155.0,77465,0.0,0.0
2023-02-23 14:00:00+09:00,1155.0,1155.0,1150.0,1153.0,40127,0.0,0.0
2023-02-24 09:00:00+09:00,1155.0,1157.0,1146.0,1151.0,125334,0.0,0.0
2023-02-24 10:00:00+09:00,1151.0,1154.0,1146.0,1146.0,56946,0.0,0.0
2023-02-24 11:00:00+09:00,1149.0,1149.0,1139.0,1140.0,96401,0.0,0.0
2023-02-24 12:00:00+09:00,1139.0,1145.0,1139.0,1140.0,27924,0.0,0.0
2023-02-24 13:00:00+09:00,1140.0,1141.0,1131.0,1131.0,84653,0.0,0.0
2023-02-24 14:00:00+09:00,1131.0,1141.0,1130.0,1141.0,74358,0.0,0.0
2023-02-27 09:00:00+09:00,1130.0,1132.0,1111.0,1115.0,0,0.0,0.0
2023-02-27 10:00:00+09:00,1115.0,1124.0,1113.0,1124.0,73871,0.0,0.0
2023-02-27 11:00:00+09:00,1123.0,1128.0,1120.0,1128.0,30796,0.0,0.0
2023-02-27 12:00:00+09:00,1127.0,1129.0,1124.0,1124.0,33766,0.0,0.0
2023-02-27 13:00:00+09:00,1124.0,1125.0,1123.0,1125.0,16083,0.0,0.0
2023-02-27 14:00:00+09:00,1125.0,1130.0,1124.0,1126.0,47023,0.0,0.0
2023-02-28 09:00:00+09:00,1122.0,1144.0,1122.0,1137.0,85268,0.0,0.0
2023-02-28 10:00:00+09:00,1136.0,1144.0,1134.0,1143.0,80037,0.0,0.0
2023-02-28 11:00:00+09:00,1142.0,1144.0,1135.0,1140.0,32611,0.0,0.0
2023-02-28 12:00:00+09:00,1139.0,1141.0,1135.0,1137.0,63916,0.0,0.0
2023-02-28 13:00:00+09:00,1137.0,1140.0,1136.0,1137.0,15342,0.0,0.0
2023-02-28 14:00:00+09:00,1137.0,1142.0,1136.0,1140.0,62540,0.0,0.0
2023-03-02 09:00:00+09:00,1139.0,1160.0,1139.0,1156.0,0,0.0,0.0
2023-03-02 10:00:00+09:00,1160.0,1160.0,1145.0,1147.0,99090,0.0,0.0
2023-03-02 11:00:00+09:00,1147.0,1152.0,1147.0,1150.0,19286,0.0,0.0
2023-03-02 12:00:00+09:00,1150.0,1159.0,1147.0,1158.0,70920,0.0,0.0
2023-03-02 13:00:00+09:00,1158.0,1160.0,1155.0,1157.0,32243,0.0,0.0
2023-03-02 14:00:00+09:00,1157.0,1157.0,1152.0,1156.0,52891,0.0,0.0
2023-03-03 09:00:00+09:00,1155.0,1178.0,1155.0,1170.0,165126,0.0,0.0
2023-03-03 10:00:00+09:00,1170.0,1172.0,1160.0,1161.0,83425,0.0,0.0
2023-03-03 11:00:00+09:00,1161.0,1163.0,1161.0,1163.0,15714,0.0,0.0
2023-03-03 12:00:00+09:00,1163.0,1166.0,1162.0,1164.0,16921,0.0,0.0
2023-03-03 13:00:00+09:00,1164.0,1166.0,1160.0,1160.0,28138,0.0,0.0
2023-03-03 14:00:00+09:00,1160.0,1164.0,1160.0,1161.0,29044,0.0,0.0
2023-03-06 09:00:00+09:00,1167.0,1174.0,1154.0,1157.0,0,0.0,0.0
2023-03-06 10:00:00+09:00,1157.0,1157.0,1151.0,1155.0,46740,0.0,0.0
2023-03-06 11:00:00+09:00,1156.0,1163.0,1155.0,1163.0,32557,0.0,0.0
2023-03-06 12:00:00+09:00,1163.0,1167.0,1161.0,1166.0,55896,0.0,0.0
2023-03-06 13:00:00+09:00,1166.0,1175.0,1161.0,1173.0,93893,0.0,0.0
2023-03-06 14:00:00+09:00,1173.0,1173.0,1160.0,1165.0,77596,0.0,0.0
2023-03-07 09:00:00+09:00,1165.0,1174.0,1165.0,1167.0,99323,0.0,0.0
2023-03-07 10:00:00+09:00,1167.0,1179.0,1167.0,1179.0,128917,0.0,0.0
2023-03-07 11:00:00+09:00,1179.0,1179.0,1168.0,1169.0,76923,0.0,0.0
2023-03-07 12:00:00+09:00,1170.0,1177.0,1168.0,1177.0,91191,0.0,0.0
2023-03-07 13:00:00+09:00,1177.0,1183.0,1175.0,1180.0,88500,0.0,0.0
2023-03-07 14:00:00+09:00,1180.0,1181.0,1176.0,1180.0,40570,0.0,0.0
2023-03-08 09:00:00+09:00,1167.0,1170.0,1155.0,1158.0,0,0.0,0.0
2023-03-08 10:00:00+09:00,1158.0,1159.0,1148.0,1149.0,112330,0.0,0.0
2023-03-08 11:00:00+09:00,1150.0,1151.0,1147.0,1148.0,50492,0.0,0.0
2023-03-08 12:00:00+09:00,1148.0,1148.0,1140.0,1143.0,111980,0.0,0.0
2023-03-08 13:00:00+09:00,1143.0,1144.0,1139.0,1143.0,48273,0.0,0.0
2023-03-08 14:00:00+09:00,1143.0,1146.0,1142.0,1143.0,25094,0.0,0.0
2023-03-09 09:00:00+09:00,1141.0,1195.0,1135.0,1164.0,434617,0.0,0.0
2023-03-09 10:00:00+09:00,1165.0,1178.0,1162.0,1171.0,124634,0.0,0.0
2023-03-09 11:00:00+09:00,1171.0,1180.0,1170.0,1172.0,85367,0.0,0.0
2023-03-09 12:00:00+09:00,1172.0,1174.0,1166.0,1174.0,50503,0.0,0.0
2023-03-09 13:00:00+09:00,1174.0,1174.0,1167.0,1171.0,60169,0.0,0.0
2023-03-09 14:00:00+09:00,1170.0,1171.0,1164.0,1165.0,70185,0.0,0.0
2023-03-10 09:00:00+09:00,1152.0,1152.0,1124.0,1131.0,0,0.0,0.0
2023-03-10 10:00:00+09:00,1133.0,1138.0,1128.0,1132.0,92963,0.0,0.0
2023-03-10 11:00:00+09:00,1132.0,1132.0,1129.0,1129.0,82160,0.0,0.0
2023-03-10 12:00:00+09:00,1131.0,1131.0,1127.0,1129.0,57565,0.0,0.0
2023-03-10 13:00:00+09:00,1129.0,1130.0,1120.0,1120.0,206897,0.0,0.0
2023-03-10 14:00:00+09:00,1124.0,1128.0,1118.0,1122.0,106380,0.0,0.0
2023-03-13 09:00:00+09:00,1110.0,1111.0,1075.0,1083.0,0,0.0,0.0
2023-03-13 10:00:00+09:00,1090.0,1090.0,1079.0,1081.0,99426,0.0,0.0
2023-03-13 11:00:00+09:00,1081.0,1100.0,1081.0,1095.0,79479,0.0,0.0
2023-03-13 12:00:00+09:00,1096.0,1104.0,1096.0,1100.0,42390,0.0,0.0
2023-03-13 13:00:00+09:00,1101.0,1105.0,1098.0,1103.0,40633,0.0,0.0
2023-03-13 14:00:00+09:00,1101.0,1109.0,1098.0,1108.0,66862,0.0,0.0
2023-03-14 09:00:00+09:00,1098.0,1150.0,1067.0,1068.0,0,0.0,0.0
2023-03-14 10:00:00+09:00,1067.0,1083.0,1062.0,1069.0,64770,0.0,0.0
2023-03-14 11:00:00+09:00,1069.0,1077.0,1062.0,1075.0,60933,0.0,0.0
2023-03-14 12:00:00+09:00,1072.0,1074.0,1066.0,1068.0,27576,0.0,0.0
2023-03-14 13:00:00+09:00,1066.0,1069.0,1063.0,1063.0,63728,0.0,0.0
2023-03-14 14:00:00+09:00,1063.0,1066.0,1058.0,1061.0,98613,0.0,0.0
2023-03-15 09:00:00+09:00,1065.0,1085.0,1064.0,1072.0,0,0.0,0.0
2023-03-15 10:00:00+09:00,1075.0,1081.0,1075.0,1077.0,23044,0.0,0.0
2023-03-15 11:00:00+09:00,1077.0,1083.0,1075.0,1083.0,54283,0.0,0.0
2023-03-15 12:00:00+09:00,1083.0,1085.0,1080.0,1081.0,18875,0.0,0.0
2023-03-15 13:00:00+09:00,1081.0,1085.0,1079.0,1083.0,33169,0.0,0.0
2023-03-15 14:00:00+09:00,1083.0,1083.0,1067.0,1074.0,61139,0.0,0.0
2023-03-16 09:00:00+09:00,1052.0,1058.0,1030.0,1049.0,0,0.0,0.0
2023-03-16 10:00:00+09:00,1050.0,1061.0,1045.0,1057.0,58004,0.0,0.0
2023-03-16 11:00:00+09:00,1057.0,1068.0,1056.0,1067.0,25050,0.0,0.0
2023-03-16 12:00:00+09:00,1065.0,1067.0,1057.0,1058.0,36535,0.0,0.0
2023-03-16 13:00:00+09:00,1058.0,1061.0,1047.0,1052.0,58270,0.0,0.0
2023-03-16 14:00:00+09:00,1054.0,1073.0,1050.0,1060.0,64203,0.0,0.0
2023-03-17 09:00:00+09:00,1072.0,1087.0,1065.0,1085.0,0,0.0,0.0
2023-03-17 10:00:00+09:00,1084.0,1091.0,1080.0,1091.0,158753,0.0,0.0
2023-03-17 11:00:00+09:00,1090.0,1095.0,1089.0,1094.0,115619,0.0,0.0
2023-03-17 12:00:00+09:00,1094.0,1095.0,1090.0,1090.0,37234,0.0,0.0
2023-03-17 13:00:00+09:00,1090.0,1093.0,1090.0,1092.0,41963,0.0,0.0
2023-03-17 14:00:00+09:00,1093.0,1106.0,1092.0,1103.0,97021,0.0,0.0
2023-03-20 09:00:00+09:00,1084.0,1107.0,1084.0,1103.0,0,0.0,0.0
2023-03-20 10:00:00+09:00,1103.0,1104.0,1097.0,1099.0,71448,0.0,0.0
2023-03-20 11:00:00+09:00,1099.0,1105.0,1099.0,1105.0,37584,0.0,0.0
2023-03-20 12:00:00+09:00,1103.0,1105.0,1100.0,1104.0,29765,0.0,0.0
2023-03-20 13:00:00+09:00,1104.0,1104.0,1100.0,1100.0,25944,0.0,0.0
2023-03-20 14:00:00+09:00,1101.0,1104.0,1098.0,1098.0,46480,0.0,0.0
2023-03-21 09:00:00+09:00,1120.0,1120.0,1104.0,1108.0,0,0.0,0.0
2023-03-21 10:00:00+09:00,1108.0,1109.0,1096.0,1098.0,58445,0.0,0.0
2023-03-21 11:00:00+09:00,1097.0,1100.0,1093.0,1095.0,45624,0.0,0.0
2023-03-21 12:00:00+09:00,1094.0,1097.0,1086.0,1088.0,90644,0.0,0.0
2023-03-21 13:00:00+09:00,1090.0,1093.0,1085.0,1085.0,85641,0.0,0.0
2023-03-21 14:00:00+09:00,1085.0,1085.0,1077.0,1077.0,88002,0.0,0.0
2023-03-22 09:00:00+09:00,1093.0,1096.0,1079.0,1081.0,0,0.0,0.0
2023-03-22 10:00:00+09:00,1080.0,1081.0,1074.0,1075.0,67757,0.0,0.0
2023-03-22 11:00:00+09:00,1075.0,1077.0,1065.0,1069.0,75697,0.0,0.0
2023-03-22 12:00:00+09:00,1068.0,1069.0,1059.0,1060.0,99004,0.0,0.0
2023-03-22 13:00:00+09:00,1060.0,1060.0,1055.0,1055.0,68835,0.0,0.0
2023-03-22 14:00:00+09:00,1055.0,1064.0,1052.0,1063.0,89615,0.0,0.0
2023-03-23 09:00:00+09:00,1048.0,1057.0,1047.0,1047.0,127597,0.0,0.0
2023-03-23 10:00:00+09:00,1045.0,1052.0,1044.0,1051.0,77543,0.0,0.0
2023-03-23 11:00:00+09:00,1051.0,1067.0,1050.0,1063.0,98021,0.0,0.0
2023-03-23 12:00:00+09:00,1063.0,1085.0,1060.0,1071.0,115139,0.0,0.0
2023-03-23 13:00:00+09:00,1071.0,1073.0,1066.0,1067.0,33152,0.0,0.0
2023-03-23 14:00:00+09:00,1067.0,1072.0,1063.0,1063.0,81810,0.0,0.0
2023-03-24 09:00:00+09:00,1054.0,1078.0,1054.0,1076.0,183721,0.0,0.0
2023-03-24 10:00:00+09:00,1076.0,1082.0,1072.0,1079.0,136917,0.0,0.0
2023-03-24 11:00:00+09:00,1079.0,1080.0,1070.0,1076.0,38680,0.0,0.0
2023-03-24 12:00:00+09:00,1076.0,1078.0,1073.0,1077.0,50124,0.0,0.0
2023-03-24 13:00:00+09:00,1077.0,1078.0,1073.0,1073.0,39396,0.0,0.0
2023-03-24 14:00:00+09:00,1073.0,1075.0,1072.0,1072.0,26132,0.0,0.0
2023-03-27 09:00:00+09:00,1075.0,1091.0,1050.0,1051.0,0,0.0,0.0
2023-03-27 10:00:00+09:00,1055.0,1057.0,1047.0,1050.0,85428,0.0,0.0
2023-03-27 11:00:00+09:00,1049.0,1055.0,1049.0,1052.0,26225,0.0,0.0
2023-03-27 12:00:00+09:00,1054.0,1063.0,1053.0,1060.0,30168,0.0,0.0
2023-03-27 13:00:00+09:00,1060.0,1066.0,1056.0,1058.0,23175,0.0,0.0
2023-03-27 14:00:00+09:00,1058.0,1064.0,1058.0,1060.0,39054,0.0,0.0
2023-03-28 09:00:00+09:00,1065.0,1084.0,1062.0,1082.0,0,0.0,0.0
2023-03-28 10:00:00+09:00,1083.0,1086.0,1075.0,1077.0,97050,0.0,0.0
2023-03-28 11:00:00+09:00,1077.0,1080.0,1075.0,1078.0,28027,0.0,0.0
2023-03-28 12:00:00+09:00,1078.0,1083.0,1077.0,1081.0,37010,0.0,0.0
2023-03-28 13:00:00+09:00,1081.0,1081.0,1076.0,1079.0,22334,0.0,0.0
2023-03-28 14:00:00+09:00,1077.0,1080.0,1075.0,1077.0,43576,0.0,0.0
2023-03-29 09:00:00+09:00,1081.0,1086.0,1078.0,1080.0,0,0.0,0.0
2023-03-29 10:00:00+09:00,1079.0,1087.0,1079.0,1083.0,58439,0.0,0.0
2023-03-29 11:00:00+09:00,1083.0,1085.0,1080.0,1081.0,33583,0.0,0.0
2023-03-29 12:00:00+09:00,1082.0,1095.0,1081.0,1095.0,68768,0.0,0.0
2023-03-29 13:00:00+09:00,1095.0,1095.0,1086.0,1093.0,45463,0.0,0.0
2023-03-29 14:00:00+09:00,1093.0,1097.0,1091.0,1094.0,38877,0.0,0.0
2023-03-30 09:00:00+09:00,1090.0,1099.0,1081.0,1091.0,151952,0.0,0.0
2023-03-30 10:00:00+09:00,1091.0,1099.0,1085.0,1094.0,65627,0.0,0.0
2023-03-30 11:00:00+09:00,1097.0,1105.0,1096.0,1104.0,65087,0.0,0.0
2023-03-30 12:00:00+09:00,1104.0,1104.0,1098.0,1102.0,57812,0.0,0.0
2023-03-30 13:00:00+09:00,1102.0,1104.0,1096.0,1098.0,58048,0.0,0.0
2023-03-30 14:00:00+09:00,1098.0,1100.0,1096.0,1099.0,37689,0.0,0.0
2023-03-31 09:00:00+09:00,1107.0,1107.0,1093.0,1094.0,140499,0.0,0.0
2023-03-31 10:00:00+09:00,1096.0,1096.0,1088.0,1091.0,71059,0.0,0.0
2023-03-31 11:00:00+09:00,1091.0,1091.0,1087.0,1088.0,55268,0.0,0.0
2023-03-31 12:00:00+09:00,1088.0,1090.0,1085.0,1088.0,38452,0.0,0.0
2023-03-31 13:00:00+09:00,1088.0,1091.0,1086.0,1086.0,32018,0.0,0.0
2023-03-31 14:00:00+09:00,1087.0,1087.0,1082.0,1087.0,91198,0.0,0.0
2023-04-03 09:00:00+09:00,1092.0,1115.0,1090.0,1100.0,0,0.0,0.0
2023-04-03 10:00:00+09:00,1101.0,1104.0,1097.0,1102.0,50121,0.0,0.0
2023-04-03 11:00:00+09:00,1102.0,1109.0,1097.0,1101.0,71211,0.0,0.0
2023-04-03 12:00:00+09:00,1104.0,1109.0,1102.0,1106.0,26243,0.0,0.0
2023-04-03 13:00:00+09:00,1103.0,1110.0,1101.0,1106.0,57480,0.0,0.0
2023-04-03 14:00:00+09:00,1107.0,1107.0,1104.0,1106.0,38390,0.0,0.0
2023-04-04 09:00:00+09:00,1117.0,1135.0,1112.0,1116.0,0,0.0,0.0
2023-04-04 10:00:00+09:00,1116.0,1124.0,1112.0,1117.0,107130,0.0,0.0
2023-04-04 11:00:00+09:00,1117.0,1127.0,1115.0,1120.0,90827,0.0,0.0
2023-04-04 12:00:00+09:00,1120.0,1123.0,1117.0,1120.0,66921,0.0,0.0
2023-04-04 13:00:00+09:00,1120.0,1121.0,1112.0,1115.0,84376,0.0,0.0
2023-04-04 14:00:00+09:00,1116.0,1118.0,1112.0,1113.0,51276,0.0,0.0
2023-04-05 09:00:00+09:00,1120.0,1121.0,1107.0,1115.0,0,0.0,0.0
2023-04-05 10:00:00+09:00,1115.0,1117.0,1110.0,1114.0,55680,0.0,0.0
2023-04-05 11:00:00+09:00,1115.0,1117.0,1112.0,1113.0,52969,0.0,0.0
2023-04-05 12:00:00+09:00,1113.0,1117.0,1112.0,1116.0,35123,0.0,0.0
2023-04-05 13:00:00+09:00,1116.0,1119.0,1115.0,1116.0,39222,0.0,0.0
2023-04-05 14:00:00+09:00,1116.0,1143.0,1113.0,1124.0,325532,0.0,0.0
2023-04-06 09:00:00+09:00,1140.0,1145.0,1093.0,1098.0,0,0.0,0.0
2023-04-06 10:00:00+09:00,1097.0,1103.0,1096.0,1102.0,79180,0.0,0.0
2023-04-06 11:00:00+09:00,1102.0,1103.0,1099.0,1100.0,65737,0.0,0.0
2023-04-06 12:00:00+09:00,1100.0,1102.0,1096.0,1097.0,78281,0.0,0.0
2023-04-06 13:00:00+09:00,1097.0,1099.0,1094.0,1095.0,94615,0.0,0.0
2023-04-06 14:00:00+09:00,1096.0,1097.0,1090.0,1091.0,108645,0.0,0.0
2023-04-07 09:00:00+09:00,1092.0,1097.0,1080.0,1087.0,125326,0.0,0.0
2023-04-07 10:00:00+09:00,1088.0,1092.0,1083.0,1091.0,73395,0.0,0.0
2023-04-07 11:00:00+09:00,1091.0,1091.0,1085.0,1087.0,83956,0.0,0.0
2023-04-07 12:00:00+09:00,1086.0,1088.0,1083.0,1087.0,33346,0.0,0.0
2023-04-07 13:00:00+09:00,1086.0,1090.0,1084.0,1088.0,58855,0.0,0.0
2023-04-07 14:00:00+09:00,1088.0,1090.0,1084.0,1086.0,64152,0.0,0.0
2023-04-10 09:00:00+09:00,1092.0,1092.0,1055.0,1062.0,0,0.0,0.0
2023-04-10 10:00:00+09:00,1062.0,1065.0,1057.0,1062.0,79529,0.0,0.0
2023-04-10 11:00:00+09:00,1061.0,1064.0,1057.0,1063.0,80573,0.0,0.0
2023-04-10 12:00:00+09:00,1063.0,1066.0,1055.0,1058.0,138996,0.0,0.0
2023-04-10 13:00:00+09:00,1058.0,1060.0,1054.0,1056.0,84854,0.0,0.0
2023-04-10 14:00:00+09:00,1056.0,1061.0,1055.0,1060.0,57389,0.0,0.0
2023-04-11 09:00:00+09:00,1046.0,1059.0,1046.0,1051.0,197245,0.0,0.0
2023-04-11 10:00:00+09:00,1056.0,1065.0,1056.0,1060.0,126998,0.0,0.0
2023-04-11 11:00:00+09:00,1061.0,1073.0,1061.0,1070.0,43775,0.0,0.0
2023-04-11 12:00:00+09:00,1070.0,1071.0,1060.0,1068.0,41462,0.0,0.0
2023-04-11 13:00:00+09:00,1070.0,1084.0,1068.0,1075.0,93671,0.0,0.0
2023-04-11 14:00:00+09:00,1079.0,1079.0,1065.0,1071.0,74901,0.0,0.0
2023-04-12 09:00:00+09:00,1066.0,1080.0,1065.0,1078.0,111204,0.0,0.0
2023-04-12 10:00:00+09:00,1080.0,1085.0,1075.0,1075.0,74911,0.0,0.0
2023-04-12 11:00:00+09:00,1077.0,1088.0,1076.0,1087.0,56300,0.0,0.0
2023-04-12 12:00:00+09:00,1087.0,1091.0,1083.0,1090.0,76330,0.0,0.0
2023-04-12 13:00:00+09:00,1090.0,1094.0,1088.0,1090.0,59747,0.0,0.0
2023-04-12 14:00:00+09:00,1090.0,1090.0,1081.0,1084.0,39904,0.0,0.0
2023-04-13 09:00:00+09:00,1072.0,1087.0,1068.0,1075.0,109852,0.0,0.0
2023-04-13 10:00:00+09:00,1078.0,1078.0,1071.0,1076.0,66403,0.0,0.0
2023-04-13 11:00:00+09:00,1076.0,1083.0,1074.0,1081.0,39564,0.0,0.0
2023-04-13 12:00:00+09:00,1081.0,1088.0,1079.0,1082.0,53479,0.0,0.0
2023-04-13 13:00:00+09:00,1082.0,1087.0,1082.0,1087.0,24265,0.0,0.0
2023-04-13 14:00:00+09:00,1086.0,1087.0,1084.0,1084.0,23204,0.0,0.0
2023-04-14 09:00:00+09:00,1087.0,1109.0,1086.0,1096.0,121581,0.0,0.0
2023-04-14 10:00:00+09:00,1096.0,1107.0,1095.0,1106.0,131020,0.0,0.0
2023-04-14 11:00:00+09:00,1105.0,1111.0,1104.0,1110.0,119009,0.0,0.0
2023-04-14 12:00:00+09:00,1110.0,1110.0,1100.0,1106.0,57104,0.0,0.0
2023-04-14 13:00:00+09:00,1106.0,1106.0,1100.0,1100.0,65544,0.0,0.0
2023-04-14 14:00:00+09:00,1100.0,1105.0,1100.0,1105.0,54553,0.0,0.0
2023-04-17 09:00:00+09:00,1106.0,1109.0,1098.0,1105.0,0,0.0,0.0
2023-04-17 10:00:00+09:00,1104.0,1115.0,1104.0,1113.0,93514,0.0,0.0
2023-04-17 11:00:00+09:00,1113.0,1121.0,1110.0,1116.0,129738,0.0,0.0
2023-04-17 12:00:00+09:00,1116.0,1120.0,1114.0,1119.0,57902,0.0,0.0
2023-04-17 13:00:00+09:00,1119.0,1120.0,1116.0,1117.0,32269,0.0,0.0
2023-04-17 14:00:00+09:00,1117.0,1118.0,1111.0,1112.0,63402,0.0,0.0
2023-04-18 09:00:00+09:00,1187.0,1200.0,1150.0,1163.0,3116585,0.0,0.0
2023-04-18 10:00:00+09:00,1163.0,1167.0,1159.0,1162.0,449886,0.0,0.0
2023-04-18 11:00:00+09:00,1160.0,1162.0,1152.0,1154.0,393746,0.0,0.0
2023-04-18 12:00:00+09:00,1156.0,1158.0,1152.0,1153.0,233057,0.0,0.0
2023-04-18 13:00:00+09:00,1154.0,1158.0,1145.0,1146.0,348897,0.0,0.0
2023-04-18 14:00:00+09:00,1146.0,1151.0,1138.0,1138.0,376621,0.0,0.0
2023-04-19 09:00:00+09:00,1138.0,1148.0,1120.0,1136.0,473399,0.0,0.0
2023-04-19 10:00:00+09:00,1135.0,1138.0,1128.0,1133.0,149285,0.0,0.0
2023-04-19 11:00:00+09:00,1133.0,1135.0,1130.0,1131.0,72642,0.0,0.0
2023-04-19 12:00:00+09:00,1131.0,1133.0,1129.0,1131.0,110323,0.0,0.0
2023-04-19 13:00:00+09:00,1130.0,1134.0,1129.0,1131.0,110353,0.0,0.0
2023-04-19 14:00:00+09:00,1132.0,1133.0,1129.0,1131.0,90398,0.0,0.0
2023-04-20 09:00:00+09:00,1125.0,1127.0,1113.0,1118.0,289507,0.0,0.0
2023-04-20 10:00:00+09:00,1118.0,1119.0,1112.0,1114.0,107972,0.0,0.0
2023-04-20 11:00:00+09:00,1115.0,1119.0,1113.0,1118.0,79757,0.0,0.0
2023-04-20 12:00:00+09:00,1118.0,1121.0,1113.0,1117.0,62172,0.0,0.0
2023-04-20 13:00:00+09:00,1117.0,1118.0,1112.0,1112.0,75665,0.0,0.0
2023-04-20 14:00:00+09:00,1113.0,1113.0,1105.0,1109.0,174607,0.0,0.0
2023-04-21 09:00:00+09:00,1094.0,1102.0,1082.0,1084.0,0,0.0,0.0
2023-04-21 10:00:00+09:00,1084.0,1093.0,1082.0,1090.0,82567,0.0,0.0
2023-04-21 11:00:00+09:00,1090.0,1092.0,1087.0,1088.0,73183,0.0,0.0
2023-04-21 12:00:00+09:00,1088.0,1095.0,1088.0,1090.0,48559,0.0,0.0
2023-04-21 13:00:00+09:00,1090.0,1093.0,1085.0,1088.0,99374,0.0,0.0
2023-04-21 14:00:00+09:00,1088.0,1092.0,1084.0,1091.0,113590,0.0,0.0
2023-04-24 09:00:00+09:00,1088.0,1099.0,1087.0,1088.0,0,0.0,0.0
2023-04-24 10:00:00+09:00,1088.0,1094.0,1084.0,1091.0,68499,0.0,0.0
2023-04-24 11:00:00+09:00,1091.0,1091.0,1083.0,1084.0,39236,0.0,0.0
2023-04-24 12:00:00+09:00,1083.0,1090.0,1083.0,1089.0,40499,0.0,0.0
2023-04-24 13:00:00+09:00,1089.0,1089.0,1083.0,1084.0,27085,0.0,0.0
2023-04-24 14:00:00+09:00,1086.0,1088.0,1082.0,1084.0,58349,0.0,0.0
2023-04-25 09:00:00+09:00,1081.0,1089.0,1080.0,1082.0,103130,0.0,0.0
2023-04-25 10:00:00+09:00,1082.0,1083.0,1074.0,1074.0,84047,0.0,0.0
2023-04-25 11:00:00+09:00,1074.0,1078.0,1069.0,1077.0,108991,0.0,0.0
2023-04-25 12:00:00+09:00,1077.0,1082.0,1072.0,1076.0,77098,0.0,0.0
2023-04-25 13:00:00+09:00,1076.0,1077.0,1072.0,1075.0,72600,0.0,0.0
2023-04-25 14:00:00+09:00,1075.0,1075.0,1070.0,1072.0,47931,0.0,0.0
2023-04-26 09:00:00+09:00,1072.0,1082.0,1066.0,1074.0,0,0.0,0.0
2023-04-26 10:00:00+09:00,1074.0,1082.0,1072.0,1078.0,58746,0.0,0.0
2023-04-26 11:00:00+09:00,1078.0,1081.0,1077.0,1077.0,21920,0.0,0.0
2023-04-26 12:00:00+09:00,1076.0,1078.0,1075.0,1076.0,19032,0.0,0.0
2023-04-26 13:00:00+09:00,1076.0,1078.0,1075.0,1076.0,19428,0.0,0.0
2023-04-26 14:00:00+09:00,1075.0,1079.0,1071.0,1072.0,56930,0.0,0.0
2023-04-27 09:00:00+09:00,1063.0,1074.0,1062.0,1065.0,113611,0.0,0.0
2023-04-27 10:00:00+09:00,1065.0,1069.0,1064.0,1067.0,56869,0.0,0.0
2023-04-27 11:00:00+09:00,1067.0,1071.0,1067.0,1071.0,17706,0.0,0.0
2023-04-27 12:00:00+09:00,1070.0,1071.0,1067.0,1068.0,22310,0.0,0.0
2023-04-27 13:00:00+09:00,1068.0,1072.0,1065.0,1072.0,45606,0.0,0.0
2023-04-27 14:00:00+09:00,1071.0,1072.0,1067.0,1071.0,46320,0.0,0.0
2023-04-28 09:00:00+09:00,1064.0,1077.0,1064.0,1075.0,154881,0.0,0.0
2023-04-28 10:00:00+09:00,1075.0,1076.0,1070.0,1071.0,79348,0.0,0.0
2023-04-28 11:00:00+09:00,1071.0,1074.0,1064.0,1064.0,87611,0.0,0.0
2023-04-28 12:00:00+09:00,1065.0,1068.0,1063.0,1066.0,62642,0.0,0.0
2023-04-28 13:00:00+09:00,1064.0,1066.0,1054.0,1054.0,161945,0.0,0.0
2023-04-28 14:00:00+09:00,1054.0,1060.0,1054.0,1058.0,65471,0.0,0.0
2023-05-02 09:00:00+09:00,1070.0,1087.0,1066.0,1081.0,0,0.0,0.0
2023-05-02 10:00:00+09:00,1081.0,1082.0,1077.0,1079.0,63836,0.0,0.0
2023-05-02 11:00:00+09:00,1079.0,1081.0,1074.0,1078.0,52852,0.0,0.0
2023-05-02 12:00:00+09:00,1078.0,1084.0,1074.0,1083.0,120860,0.0,0.0
2023-05-02 13:00:00+09:00,1083.0,1089.0,1079.0,1088.0,139687,0.0,0.0
2023-05-02 14:00:00+09:00,1088.0,1101.0,1088.0,1097.0,205151,0.0,0.0
2023-05-03 09:00:00+09:00,1080.0,1100.0,1077.0,1095.0,0,0.0,0.0
2023-05-03 10:00:00+09:00,1095.0,1104.0,1095.0,1100.0,249849,0.0,0.0
2023-05-03 11:00:00+09:00,1101.0,1103.0,1096.0,1102.0,62295,0.0,0.0
2023-05-03 12:00:00+09:00,1102.0,1102.0,1097.0,1099.0,49885,0.0,0.0
2023-05-03 13:00:00+09:00,1100.0,1101.0,1094.0,1095.0,66770,0.0,0.0
2023-05-03 14:00:00+09:00,1095.0,1098.0,1094.0,1095.0,41880,0.0,0.0
2023-05-04 09:00:00+09:00,1100.0,1117.0,1090.0,1103.0,221620,0.0,0.0
2023-05-04 10:00:00+09:00,1104.0,1110.0,1101.0,1104.0,142474,0.0,0.0
2023-05-04 11:00:00+09:00,1104.0,1119.0,1103.0,1115.0,151974,0.0,0.0
2023-05-04 12:00:00+09:00,1115.0,1115.0,1104.0,1109.0,51154,0.0,0.0
2023-05-04 13:00:00+09:00,1109.0,1113.0,1105.0,1110.0,89545,0.0,0.0
2023-05-04 14:00:00+09:00,1110.0,1115.0,1110.0,1114.0,66199,0.0,0.0
2023-05-08 09:00:00+09:00,1120.0,1128.0,1113.0,1127.0,0,0.0,0.0
2023-05-08 10:00:00+09:00,1123.0,1126.0,1119.0,1120.0,89406,0.0,0.0
2023-05-08 11:00:00+09:00,1120.0,1121.0,1115.0,1121.0,86171,0.0,0.0
2023-05-08 12:00:00+09:00,1121.0,1122.0,1115.0,1115.0,60910,0.0,0.0
2023-05-08 13:00:00+09:00,1117.0,1122.0,1116.0,1118.0,43780,0.0,0.0
2023-05-08 14:00:00+09:00,1117.0,1121.0,1113.0,1117.0,88584,0.0,0.0
2023-05-09 09:00:00+09:00,1103.0,1114.0,1100.0,1101.0,0,0.0,0.0
2023-05-09 10:00:00+09:00,1102.0,1102.0,1094.0,1096.0,71087,0.0,0.0
2023-05-09 11:00:00+09:00,1100.0,1106.0,1100.0,1101.0,14126,0.0,0.0
2023-05-09 12:00:00+09:00,1102.0,1104.0,1100.0,1101.0,17611,0.0,0.0
2023-05-09 13:00:00+09:00,1101.0,1103.0,1096.0,1098.0,72223,0.0,0.0
2023-05-09 14:00:00+09:00,1099.0,1101.0,1096.0,1099.0,82482,0.0,0.0
2023-05-10 09:00:00+09:00,1095.0,1112.0,1095.0,1110.0,101187,0.0,0.0
2023-05-10 10:00:00+09:00,1111.0,1124.0,1107.0,1116.0,120461,0.0,0.0
2023-05-10 11:00:00+09:00,1113.0,1115.0,1109.0,1112.0,46198,0.0,0.0
2023-05-10 12:00:00+09:00,1112.0,1112.0,1104.0,1105.0,55149,0.0,0.0
2023-05-10 13:00:00+09:00,1105.0,1106.0,1101.0,1101.0,47868,0.0,0.0
2023-05-10 14:00:00+09:00,1103.0,1106.0,1094.0,1094.0,68607,0.0,0.0
2023-05-11 09:00:00+09:00,1109.0,1129.0,1101.0,1120.0,163974,0.0,0.0
2023-05-11 10:00:00+09:00,1119.0,1119.0,1111.0,1114.0,60784,0.0,0.0
2023-05-11 11:00:00+09:00,1114.0,1118.0,1111.0,1115.0,0,0.0,0.0
2023-05-11 12:00:00+09:00,1115.0,1117.0,1113.0,1116.0,271957,0.0,0.0
2023-05-11 13:00:00+09:00,1116.0,1122.0,1115.0,1118.0,39325,0.0,0.0
2023-05-11 14:00:00+09:00,1118.0,1118.0,1109.0,1110.0,86459,0.0,0.0
2023-05-12 09:00:00+09:00,1112.0,1115.0,1100.0,1114.0,86442,0.0,0.0
2023-05-12 10:00:00+09:00,1115.0,1121.0,1107.0,1110.0,58338,0.0,0.0
2023-05-12 11:00:00+09:00,1110.0,1112.0,1105.0,1110.0,18150,0.0,0.0
2023-05-12 12:00:00+09:00,1111.0,1115.0,1106.0,1114.0,32548,0.0,0.0
2023-05-12 13:00:00+09:00,1113.0,1113.0,1105.0,1105.0,36466,0.0,0.0
2023-05-12 14:00:00+09:00,1106.0,1108.0,1103.0,1105.0,52988,0.0,0.0
2023-05-15 09:00:00+09:00,1102.0,1107.0,1080.0,1086.0,0,0.0,0.0
2023-05-15 10:00:00+09:00,1088.0,1094.0,1081.0,1089.0,82129,0.0,0.0
2023-05-15 11:00:00+09:00,1087.0,1087.0,1082.0,1082.0,29260,0.0,0.0
2023-05-15 12:00:00+09:00,1082.0,1085.0,1081.0,1083.0,14432,0.0,0.0
2023-05-15 13:00:00+09:00,1083.0,1084.0,1074.0,1078.0,105547,0.0,0.0
2023-05-15 14:00:00+09:00,1077.0,1082.0,1072.0,1072.0,117158,0.0,0.0
2023-05-16 09:00:00+09:00,1075.0,1093.0,1075.0,1086.0,0,0.0,0.0
2023-05-16 10:00:00+09:00,1084.0,1088.0,1077.0,1081.0,36397,0.0,0.0
2023-05-16 11:00:00+09:00,1083.0,1093.0,1083.0,1087.0,18047,0.0,0.0
2023-05-16 12:00:00+09:00,1083.0,1087.0,1080.0,1080.0,19780,0.0,0.0
2023-05-16 13:00:00+09:00,1083.0,1088.0,1076.0,1080.0,77720,0.0,0.0
2023-05-16 14:00:00+09:00,1083.0,1083.0,1077.0,1081.0,44719,0.0,0.0
2023-05-17 09:00:00+09:00,1079.0,1103.0,1076.0,1099.0,0,0.0,0.0
2023-05-17 10:00:00+09:00,1098.0,1107.0,1098.0,1102.0,114444,0.0,0.0
2023-05-17 11:00:00+09:00,1102.0,1109.0,1102.0,1107.0,61462,0.0,0.0
2023-05-17 12:00:00+09:00,1105.0,1115.0,1102.0,1112.0,75369,0.0,0.0
2023-05-17 13:00:00+09:00,1110.0,1116.0,1103.0,1104.0,87940,0.0,0.0
2023-05-17 14:00:00+09:00,1105.0,1109.0,1102.0,1108.0,20261,0.0,0.0
2023-05-18 09:00:00+09:00,1111.0,1118.0,1108.0,1115.0,0,0.0,0.0
2023-05-18 10:00:00+09:00,1115.0,1116.0,1112.0,1115.0,48325,0.0,0.0
2023-05-18 11:00:00+09:00,1114.0,1115.0,1108.0,1114.0,92439,0.0,0.0
2023-05-18 12:00:00+09:00,1114.0,1115.0,1109.0,1110.0,21170,0.0,0.0
2023-05-18 13:00:00+09:00,1113.0,1115.0,1110.0,1114.0,19727,0.0,0.0
2023-05-18 14:00:00+09:00,1111.0,1115.0,1110.0,1114.0,22217,0.0,0.0
2023-05-19 09:00:00+09:00,1111.0,1128.0,1109.0,1109.0,113386,0.0,0.0
2023-05-19 10:00:00+09:00,1110.0,1114.0,1109.0,1110.0,38434,0.0,0.0
2023-05-19 11:00:00+09:00,1113.0,1113.0,1110.0,1113.0,33185,0.0,0.0
2023-05-19 12:00:00+09:00,1113.0,1117.0,1110.0,1116.0,53854,0.0,0.0
2023-05-19 13:00:00+09:00,1116.0,1165.0,1112.0,1120.0,1433213,0.0,0.0
2023-05-19 14:00:00+09:00,1121.0,1126.0,1114.0,1125.0,202339,0.0,0.0
2023-05-22 09:00:00+09:00,1119.0,1139.0,1111.0,1131.0,0,0.0,0.0
2023-05-22 10:00:00+09:00,1127.0,1142.0,1127.0,1138.0,210831,0.0,0.0
2023-05-22 11:00:00+09:00,1140.0,1149.0,1138.0,1145.0,309052,0.0,0.0
2023-05-22 12:00:00+09:00,1145.0,1156.0,1140.0,1149.0,223595,0.0,0.0
2023-05-22 13:00:00+09:00,1150.0,1159.0,1146.0,1146.0,425318,0.0,0.0
2023-05-22 14:00:00+09:00,1148.0,1241.0,1139.0,1167.0,10040478,0.0,0.0
2023-05-23 09:00:00+09:00,1161.0,1185.0,1144.0,1176.0,1651584,0.0,0.0
2023-05-23 10:00:00+09:00,1172.0,1176.0,1164.0,1165.0,223342,0.0,0.0
2023-05-23 11:00:00+09:00,1165.0,1174.0,1164.0,1169.0,150865,0.0,0.0
2023-05-23 12:00:00+09:00,1169.0,1171.0,1164.0,1170.0,146013,0.0,0.0
2023-05-23 13:00:00+09:00,1171.0,1173.0,1164.0,1164.0,138796,0.0,0.0
2023-05-23 14:00:00+09:00,1165.0,1170.0,1164.0,1168.0,138228,0.0,0.0
2023-05-24 09:00:00+09:00,1165.0,1190.0,1161.0,1189.0,0,0.0,0.0
2023-05-24 10:00:00+09:00,1189.0,1196.0,1178.0,1185.0,410232,0.0,0.0
2023-05-24 11:00:00+09:00,1184.0,1194.0,1182.0,1186.0,288550,0.0,0.0
2023-05-24 12:00:00+09:00,1188.0,1195.0,1178.0,1186.0,267742,0.0,0.0
2023-05-24 13:00:00+09:00,1186.0,1188.0,1178.0,1186.0,132537,0.0,0.0
2023-05-24 14:00:00+09:00,1185.0,1192.0,1179.0,1183.0,160817,0.0,0.0
2023-05-25 09:00:00+09:00,1209.0,1227.0,1183.0,1221.0,1702475,0.0,0.0
2023-05-25 10:00:00+09:00,1221.0,1221.0,1196.0,1209.0,1055049,0.0,0.0
2023-05-25 11:00:00+09:00,1205.0,1212.0,1190.0,1195.0,368680,0.0,0.0
2023-05-25 12:00:00+09:00,1195.0,1200.0,1188.0,1192.0,234349,0.0,0.0
2023-05-25 13:00:00+09:00,1192.0,1195.0,1179.0,1185.0,329635,0.0,0.0
2023-05-25 14:00:00+09:00,1183.0,1191.0,1180.0,1185.0,190931,0.0,0.0
2023-05-26 09:00:00+09:00,1183.0,1217.0,1180.0,1191.0,0,0.0,0.0
2023-05-26 10:00:00+09:00,1190.0,1191.0,1167.0,1172.0,332204,0.0,0.0
2023-05-26 11:00:00+09:00,1172.0,1180.0,1166.0,1167.0,138727,0.0,0.0
2023-05-26 12:00:00+09:00,1167.0,1169.0,1151.0,1159.0,251476,0.0,0.0
2023-05-26 13:00:00+09:00,1159.0,1159.0,1154.0,1158.0,75665,0.0,0.0
2023-05-26 14:00:00+09:00,1158.0,1158.0,1151.0,1152.0,164708,0.0,0.0
2023-05-30 09:00:00+09:00,1150.0,1167.0,1145.0,1152.0,0,0.0,0.0
2023-05-30 10:00:00+09:00,1154.0,1154.0,1145.0,1145.0,95249,0.0,0.0
2023-05-30 11:00:00+09:00,1145.0,1147.0,1139.0,1146.0,140104,0.0,0.0
2023-05-30 12:00:00+09:00,1146.0,1149.0,1141.0,1147.0,45317,0.0,0.0
2023-05-30 13:00:00+09:00,1147.0,1147.0,1139.0,1141.0,67837,0.0,0.0
2023-05-30 14:00:00+09:00,1141.0,1144.0,1140.0,1144.0,76179,0.0,0.0
2023-05-31 09:00:00+09:00,1140.0,1156.0,1134.0,1151.0,144736,0.0,0.0
2023-05-31 10:00:00+09:00,1150.0,1156.0,1149.0,1155.0,78972,0.0,0.0
2023-05-31 11:00:00+09:00,1154.0,1162.0,1149.0,1158.0,110313,0.0,0.0
2023-05-31 12:00:00+09:00,1158.0,1162.0,1149.0,1155.0,39865,0.0,0.0
2023-05-31 13:00:00+09:00,1156.0,1159.0,1152.0,1155.0,45631,0.0,0.0
2023-05-31 14:00:00+09:00,1155.0,1159.0,1152.0,1157.0,61569,0.0,0.0
2023-06-01 09:00:00+09:00,1141.0,1157.0,1141.0,1143.0,0,0.0,0.0
2023-06-01 10:00:00+09:00,1144.0,1148.0,1139.0,1146.0,96057,0.0,0.0
2023-06-01 11:00:00+09:00,1147.0,1155.0,1146.0,1150.0,36560,0.0,0.0
2023-06-01 12:00:00+09:00,1150.0,1150.0,1141.0,1143.0,62534,0.0,0.0
2023-06-01 13:00:00+09:00,1145.0,1149.0,1142.0,1146.0,40522,0.0,0.0
2023-06-01 14:00:00+09:00,1145.0,1148.0,1137.0,1142.0,124839,0.0,0.0
2023-06-02 09:00:00+09:00,1153.0,1158.0,1150.0,1153.0,0,0.0,0.0
2023-06-02 10:00:00+09:00,1153.0,1158.0,1152.0,1156.0,53781,0.0,0.0
2023-06-02 11:00:00+09:00,1156.0,1164.0,1154.0,1164.0,84240,0.0,0.0
2023-06-02 12:00:00+09:00,1164.0,1169.0,1161.0,1169.0,54660,0.0,0.0
2023-06-02 13:00:00+09:00,1169.0,1170.0,1162.0,1170.0,97566,0.0,0.0
2023-06-02 14:00:00+09:00,1170.0,1170.0,1165.0,1165.0,79776,0.0,0.0
2023-06-05 09:00:00+09:00,1184.0,1184.0,1163.0,1168.0,0,0.0,0.0
2023-06-05 10:00:00+09:00,1168.0,1180.0,1167.0,1173.0,116603,0.0,0.0
2023-06-05 11:00:00+09:00,1173.0,1177.0,1170.0,1173.0,70567,0.0,0.0
2023-06-05 12:00:00+09:00,1172.0,1173.0,1170.0,1173.0,44268,0.0,0.0
2023-06-05 13:00:00+09:00,1173.0,1173.0,1169.0,1171.0,46357,0.0,0.0
2023-06-05 14:00:00+09:00,1171.0,1173.0,1165.0,1172.0,66580,0.0,0.0
2023-06-07 09:00:00+09:00,1173.0,1189.0,1164.0,1186.0,0,0.0,0.0
2023-06-07 10:00:00+09:00,1185.0,1187.0,1176.0,1180.0,100596,0.0,0.0
2023-06-07 11:00:00+09:00,1180.0,1182.0,1175.0,1179.0,35927,0.0,0.0
2023-06-07 12:00:00+09:00,1179.0,1181.0,1176.0,1180.0,63610,0.0,0.0
2023-06-07 13:00:00+09:00,1180.0,1181.0,1175.0,1178.0,46951,0.0,0.0
2023-06-07 14:00:00+09:00,1177.0,1177.0,1168.0,1168.0,94215,0.0,0.0
2023-06-08 09:00:00+09:00,1180.0,1180.0,1163.0,1166.0,0,0.0,0.0
2023-06-08 10:00:00+09:00,1166.0,1170.0,1162.0,1164.0,48031,0.0,0.0
2023-06-08 11:00:00+09:00,1164.0,1167.0,1162.0,1167.0,44093,0.0,0.0
2023-06-08 12:00:00+09:00,1167.0,1167.0,1161.0,1164.0,48851,0.0,0.0
2023-06-08 13:00:00+09:00,1164.0,1165.0,1158.0,1161.0,123086,0.0,0.0
2023-06-08 14:00:00+09:00,1161.0,1161.0,1151.0,1159.0,100486,0.0,0.0
2023-06-09 09:00:00+09:00,1163.0,1193.0,1163.0,1175.0,338578,0.0,0.0
2023-06-09 10:00:00+09:00,1172.0,1180.0,1171.0,1177.0,77901,0.0,0.0
2023-06-09 11:00:00+09:00,1177.0,1178.0,1176.0,1176.0,87515,0.0,0.0
2023-06-09 12:00:00+09:00,1176.0,1177.0,1173.0,1176.0,72255,0.0,0.0
2023-06-09 13:00:00+09:00,1176.0,1176.0,1174.0,1176.0,53372,0.0,0.0
2023-06-09 14:00:00+09:00,1175.0,1176.0,1169.0,1169.0,109830,0.0,0.0
2023-06-12 09:00:00+09:00,1170.0,1172.0,1161.0,1168.0,0,0.0,0.0
2023-06-12 10:00:00+09:00,1166.0,1172.0,1166.0,1168.0,48265,0.0,0.0
2023-06-12 11:00:00+09:00,1169.0,1173.0,1166.0,1167.0,63752,0.0,0.0
2023-06-12 12:00:00+09:00,1167.0,1170.0,1166.0,1166.0,51969,0.0,0.0
2023-06-12 13:00:00+09:00,1167.0,1169.0,1164.0,1165.0,44853,0.0,0.0
2023-06-12 14:00:00+09:00,1167.0,1167.0,1164.0,1165.0,63581,0.0,0.0
2023-06-13 09:00:00+09:00,1167.0,1212.0,1166.0,1196.0,1278515,0.0,0.0
2023-06-13 10:00:00+09:00,1196.0,1211.0,1195.0,1206.0,863850,0.0,0.0
2023-06-13 11:00:00+09:00,1206.0,1208.0,1192.0,1199.0,199755,0.0,0.0
2023-06-13 12:00:00+09:00,1199.0,1204.0,1197.0,1200.0,206583,0.0,0.0
2023-06-13 13:00:00+09:00,1199.0,1201.0,1193.0,1199.0,132121,0.0,0.0
2023-06-13 14:00:00+09:00,1199.0,1204.0,1195.0,1201.0,245060,0.0,0.0
2023-06-14 09:00:00+09:00,1203.0,1203.0,1175.0,1184.0,495225,0.0,0.0
2023-06-14 10:00:00+09:00,1184.0,1202.0,1183.0,1198.0,252305,0.0,0.0
2023-06-14 11:00:00+09:00,1198.0,1200.0,1187.0,1188.0,169192,0.0,0.0
2023-06-14 12:00:00+09:00,1188.0,1195.0,1185.0,1187.0,108773,0.0,0.0
2023-06-14 13:00:00+09:00,1186.0,1190.0,1182.0,1184.0,135919,0.0,0.0
2023-06-14 14:00:00+09:00,1184.0,1184.0,1174.0,1182.0,251040,0.0,0.0
2023-06-15 09:00:00+09:00,1180.0,1188.0,1171.0,1180.0,0,0.0,0.0
2023-06-15 10:00:00+09:00,1180.0,1181.0,1166.0,1168.0,150639,0.0,0.0
2023-06-15 11:00:00+09:00,1167.0,1170.0,1165.0,1169.0,173122,0.0,0.0
2023-06-15 12:00:00+09:00,1169.0,1176.0,1166.0,1176.0,43296,0.0,0.0
2023-06-15 13:00:00+09:00,1175.0,1177.0,1169.0,1172.0,50152,0.0,0.0
2023-06-15 14:00:00+09:00,1172.0,1172.0,1165.0,1167.0,127087,0.0,0.0
2023-06-16 09:00:00+09:00,1168.0,1198.0,1165.0,1187.0,0,0.0,0.0
2023-06-16 10:00:00+09:00,1185.0,1191.0,1180.0,1187.0,185874,0.0,0.0
2023-06-16 11:00:00+09:00,1185.0,1189.0,1183.0,1187.0,120725,0.0,0.0
2023-06-16 12:00:00+09:00,1188.0,1190.0,1184.0,1185.0,60168,0.0,0.0
2023-06-16 13:00:00+09:00,1185.0,1187.0,1180.0,1183.0,89228,0.0,0.0
2023-06-16 14:00:00+09:00,1183.0,1187.0,1181.0,1184.0,59634,0.0,0.0
2023-06-19 09:00:00+09:00,1187.0,1279.0,1176.0,1246.0,2513152,0.0,0.0
2023-06-19 10:00:00+09:00,1246.0,1257.0,1206.0,1210.0,4557142,0.0,0.0
2023-06-19 11:00:00+09:00,1210.0,1223.0,1208.0,1211.0,584405,0.0,0.0
2023-06-19 12:00:00+09:00,1214.0,1225.0,1202.0,1215.0,433078,0.0,0.0
2023-06-19 13:00:00+09:00,1216.0,1319.0,1212.0,1298.0,10863351,0.0,0.0
2023-06-19 14:00:00+09:00,1298.0,1530.0,1282.0,1407.0,56129961,0.0,0.0
2023-06-20 09:00:00+09:00,1424.0,1449.0,1368.0,1404.0,10752931,0.0,0.0
2023-06-20 10:00:00+09:00,1404.0,1410.0,1385.0,1394.0,1737763,0.0,0.0
2023-06-20 11:00:00+09:00,1392.0,1399.0,1371.0,1394.0,1854664,0.0,0.0
2023-06-20 12:00:00+09:00,1394.0,1405.0,1390.0,1392.0,712276,0.0,0.0
2023-06-20 13:00:00+09:00,1391.0,1412.0,1387.0,1398.0,1146230,0.0,0.0
2023-06-20 14:00:00+09:00,1396.0,1411.0,1392.0,1398.0,1085891,0.0,0.0
2023-06-21 09:00:00+09:00,1445.0,1487.0,1371.0,1371.0,0,0.0,0.0
2023-06-21 10:00:00+09:00,1372.0,1376.0,1340.0,1346.0,2392448,0.0,0.0
2023-06-21 11:00:00+09:00,1346.0,1380.0,1345.0,1363.0,1868012,0.0,0.0
2023-06-21 12:00:00+09:00,1363.0,1370.0,1355.0,1368.0,347184,0.0,0.0
2023-06-21 13:00:00+09:00,1368.0,1370.0,1335.0,1341.0,1017141,0.0,0.0
2023-06-21 14:00:00+09:00,1341.0,1355.0,1332.0,1349.0,1005091,0.0,0.0
2023-06-22 09:00:00+09:00,1321.0,1372.0,1307.0,1358.0,0,0.0,0.0
2023-06-22 10:00:00+09:00,1357.0,1367.0,1330.0,1331.0,925737,0.0,0.0
2023-06-22 11:00:00+09:00,1331.0,1341.0,1308.0,1315.0,571217,0.0,0.0
2023-06-22 12:00:00+09:00,1315.0,1315.0,1298.0,1302.0,591311,0.0,0.0
2023-06-22 13:00:00+09:00,1302.0,1305.0,1291.0,1298.0,510481,0.0,0.0
2023-06-22 14:00:00+09:00,1299.0,1311.0,1288.0,1305.0,604770,0.0,0.0
2023-06-23 09:00:00+09:00,1310.0,1317.0,1282.0,1286.0,0,0.0,0.0
2023-06-23 10:00:00+09:00,1286.0,1295.0,1282.0,1290.0,241443,0.0,0.0
2023-06-23 11:00:00+09:00,1288.0,1309.0,1285.0,1308.0,254030,0.0,0.0
2023-06-23 12:00:00+09:00,1308.0,1308.0,1291.0,1291.0,185842,0.0,0.0
2023-06-23 13:00:00+09:00,1291.0,1295.0,1285.0,1285.0,251635,0.0,0.0
2023-06-23 14:00:00+09:00,1286.0,1298.0,1284.0,1289.0,231545,0.0,0.0
2023-06-26 09:00:00+09:00,1290.0,1330.0,1281.0,1307.0,0,0.0,0.0
2023-06-26 10:00:00+09:00,1307.0,1381.0,1301.0,1329.0,4398258,0.0,0.0
2023-06-26 11:00:00+09:00,1329.0,1334.0,1303.0,1314.0,1449490,0.0,0.0
2023-06-26 12:00:00+09:00,1310.0,1314.0,1305.0,1310.0,287328,0.0,0.0
2023-06-26 13:00:00+09:00,1310.0,1320.0,1300.0,1308.0,472753,0.0,0.0
2023-06-26 14:00:00+09:00,1308.0,1312.0,1296.0,1303.0,426831,0.0,0.0
2023-06-27 09:00:00+09:00,1304.0,1326.0,1284.0,1308.0,926655,0.0,0.0
2023-06-27 10:00:00+09:00,1308.0,1329.0,1306.0,1311.0,506756,0.0,0.0
2023-06-27 11:00:00+09:00,1312.0,1328.0,1309.0,1316.0,351873,0.0,0.0
2023-06-27 12:00:00+09:00,1317.0,1374.0,1312.0,1322.0,3817028,0.0,0.0
2023-06-27 13:00:00+09:00,1322.0,1323.0,1307.0,1307.0,369468,0.0,0.0
2023-06-27 14:00:00+09:00,1308.0,1313.0,1303.0,1307.0,272391,0.0,0.0
2023-06-28 09:00:00+09:00,1343.0,1417.0,1330.0,1366.0,11954483,0.0,0.0
2023-06-28 10:00:00+09:00,1365.0,1370.0,1342.0,1362.0,1683069,0.0,0.0
2023-06-28 11:00:00+09:00,1364.0,1376.0,1347.0,1359.0,687020,0.0,0.0
2023-06-28 12:00:00+09:00,1359.0,1359.0,1341.0,1346.0,413102,0.0,0.0
2023-06-28 13:00:00+09:00,1347.0,1367.0,1343.0,1360.0,354142,0.0,0.0
2023-06-28 14:00:00+09:00,1360.0,1383.0,1355.0,1356.0,1145731,0.0,0.0
2023-06-29 09:00:00+09:00,1371.0,1394.0,1336.0,1370.0,3388881,0.0,0.0
2023-06-29 10:00:00+09:00,1367.0,1386.0,1354.0,1356.0,1048759,0.0,0.0
2023-06-29 11:00:00+09:00,1356.0,1370.0,1355.0,1357.0,273254,0.0,0.0
2023-06-29 12:00:00+09:00,1357.0,1363.0,1348.0,1352.0,191158,0.0,0.0
2023-06-29 13:00:00+09:00,1351.0,1435.0,1347.0,1398.0,9104741,0.0,0.0
2023-06-29 14:00:00+09:00,1398.0,1405.0,1376.0,1388.0,1811933,0.0,0.0
2023-06-30 09:00:00+09:00,1362.0,1370.0,1333.0,1339.0,0,0.0,0.0
2023-06-30 10:00:00+09:00,1339.0,1343.0,1325.0,1331.0,466265,0.0,0.0
2023-06-30 11:00:00+09:00,1332.0,1337.0,1325.0,1326.0,356065,0.0,0.0
2023-06-30 12:00:00+09:00,1326.0,1328.0,1322.0,1323.0,214217,0.0,0.0
2023-06-30 13:00:00+09:00,1323.0,1325.0,1316.0,1321.0,273953,0.0,0.0
2023-06-30 14:00:00+09:00,1321.0,1323.0,1314.0,1317.0,330568,0.0,0.0
2023-07-03 09:00:00+09:00,1312.0,1328.0,1304.0,1304.0,0,0.0,0.0
2023-07-03 10:00:00+09:00,1304.0,1315.0,1296.0,1309.0,426606,0.0,0.0
2023-07-03 11:00:00+09:00,1309.0,1330.0,1308.0,1326.0,210141,0.0,0.0
2023-07-03 12:00:00+09:00,1326.0,1328.0,1313.0,1319.0,185411,0.0,0.0
2023-07-03 13:00:00+09:00,1318.0,1318.0,1303.0,1307.0,195646,0.0,0.0
2023-07-03 14:00:00+09:00,1307.0,1315.0,1303.0,1311.0,165281,0.0,0.0
2023-07-04 09:00:00+09:00,1305.0,1306.0,1279.0,1281.0,868989,0.0,0.0
2023-07-04 10:00:00+09:00,1281.0,1291.0,1279.0,1289.0,267231,0.0,0.0
2023-07-04 11:00:00+09:00,1289.0,1293.0,1286.0,1292.0,108474,0.0,0.0
2023-07-04 12:00:00+09:00,1292.0,1299.0,1288.0,1293.0,137707,0.0,0.0
2023-07-04 13:00:00+09:00,1293.0,1293.0,1283.0,1286.0,108695,0.0,0.0
2023-07-04 14:00:00+09:00,1287.0,1291.0,1285.0,1289.0,105342,0.0,0.0
2023-07-05 09:00:00+09:00,1290.0,1295.0,1230.0,1246.0,0,0.0,0.0
2023-07-05 10:00:00+09:00,1246.0,1249.0,1240.0,1244.0,397660,0.0,0.0
2023-07-05 11:00:00+09:00,1244.0,1247.0,1238.0,1242.0,260014,0.0,0.0
2023-07-05 12:00:00+09:00,1242.0,1245.0,1226.0,1232.0,437069,0.0,0.0
2023-07-05 13:00:00+09:00,1232.0,1234.0,1226.0,1229.0,211609,0.0,0.0
2023-07-05 14:00:00+09:00,1229.0,1230.0,1226.0,1227.0,163661,0.0,0.0
2023-07-06 09:00:00+09:00,1247.0,1249.0,1206.0,1210.0,0,0.0,0.0
2023-07-06 10:00:00+09:00,1209.0,1219.0,1206.0,1211.0,167180,0.0,0.0
2023-07-06 11:00:00+09:00,1212.0,1213.0,1207.0,1208.0,96517,0.0,0.0
2023-07-06 12:00:00+09:00,1208.0,1209.0,1201.0,1202.0,152770,0.0,0.0
2023-07-06 13:00:00+09:00,1202.0,1205.0,1198.0,1200.0,230531,0.0,0.0
2023-07-06 14:00:00+09:00,1200.0,1202.0,1192.0,1195.0,169098,0.0,0.0
2023-07-07 09:00:00+09:00,1279.0,1316.0,1251.0,1276.0,1666807,0.0,0.0
2023-07-07 10:00:00+09:00,1279.0,1366.0,1268.0,1342.0,4431702,0.0,0.0
2023-07-07 11:00:00+09:00,1341.0,1375.0,1325.0,1330.0,3254632,0.0,0.0
2023-07-07 12:00:00+09:00,1330.0,1400.0,1324.0,1368.0,6340176,0.0,0.0
2023-07-07 13:00:00+09:00,1368.0,1388.0,1347.0,1352.0,2287898,0.0,0.0
2023-07-07 14:00:00+09:00,1351.0,1385.0,1351.0,1358.0,1227717,0.0,0.0
2023-07-10 09:00:00+09:00,1340.0,1435.0,1330.0,1435.0,0,0.0,0.0
2023-07-10 10:00:00+09:00,1434.0,1436.0,1387.0,1420.0,2526484,0.0,0.0
2023-07-10 11:00:00+09:00,1421.0,1425.0,1404.0,1421.0,1067521,0.0,0.0
2023-07-10 12:00:00+09:00,1422.0,1460.0,1400.0,1402.0,6831835,0.0,0.0
2023-07-10 13:00:00+09:00,1403.0,1407.0,1380.0,1403.0,1761725,0.0,0.0
2023-07-10 14:00:00+09:00,1402.0,1425.0,1392.0,1404.0,1744131,0.0,0.0
2023-07-11 09:00:00+09:00,1375.0,1379.0,1330.0,1349.0,0,0.0,0.0
2023-07-11 10:00:00+09:00,1348.0,1353.0,1332.0,1346.0,650725,0.0,0.0
2023-07-11 11:00:00+09:00,1346.0,1356.0,1340.0,1352.0,336929,0.0,0.0
2023-07-11 12:00:00+09:00,1352.0,1399.0,1340.0,1344.0,946675,0.0,0.0
2023-07-11 13:00:00+09:00,1345.0,1360.0,1342.0,1350.0,302055,0.0,0.0
2023-07-11 14:00:00+09:00,1349.0,1386.0,1347.0,1382.0,621698,0.0,0.0
2023-07-12 09:00:00+09:00,1384.0,1427.0,1371.0,1401.0,0,0.0,0.0
2023-07-12 10:00:00+09:00,1400.0,1419.0,1396.0,1399.0,691854,0.0,0.0
2023-07-12 11:00:00+09:00,1399.0,1403.0,1386.0,1390.0,338553,0.0,0.0
2023-07-12 12:00:00+09:00,1390.0,1403.0,1376.0,1376.0,588129,0.0,0.0
2023-07-12 13:00:00+09:00,1376.0,1383.0,1360.0,1369.0,494360,0.0,0.0
2023-07-12 14:00:00+09:00,1368.0,1369.0,1346.0,1357.0,404466,0.0,0.0
2023-07-13 09:00:00+09:00,1373.0,1510.0,1371.0,1436.0,16419303,0.0,0.0
2023-07-13 10:00:00+09:00,1435.0,1436.0,1393.0,1400.0,2568091,0.0,0.0
2023-07-13 11:00:00+09:00,1400.0,1413.0,1394.0,1395.0,609635,0.0,0.0
2023-07-13 12:00:00+09:00,1395.0,1402.0,1380.0,1387.0,660950,0.0,0.0
2023-07-13 13:00:00+09:00,1387.0,1389.0,1365.0,1376.0,1066007,0.0,0.0
2023-07-13 14:00:00+09:00,1376.0,1389.0,1375.0,1380.0,571653,0.0,0.0
2023-07-14 09:00:00+09:00,1392.0,1433.0,1349.0,1360.0,0,0.0,0.0
2023-07-14 10:00:00+09:00,1360.0,1398.0,1352.0,1358.0,998191,0.0,0.0
2023-07-14 11:00:00+09:00,1358.0,1369.0,1353.0,1365.0,348214,0.0,0.0
2023-07-14 12:00:00+09:00,1363.0,1380.0,1363.0,1374.0,223804,0.0,0.0
2023-07-14 13:00:00+09:00,1372.0,1374.0,1357.0,1360.0,311804,0.0,0.0
2023-07-14 14:00:00+09:00,1361.0,1367.0,1353.0,1358.0,331377,0.0,0.0
2023-07-17 09:00:00+09:00,1448.0,1565.0,1385.0,1534.0,25206615,0.0,0.0
2023-07-17 10:00:00+09:00,1534.0,1697.0,1506.0,1653.0,44176889,0.0,0.0
2023-07-17 11:00:00+09:00,1653.0,1710.0,1641.0,1706.0,16065334,0.0,0.0
2023-07-17 12:00:00+09:00,1706.0,1707.0,1660.0,1686.0,7265298,0.0,0.0
2023-07-17 13:00:00+09:00,1686.0,1695.0,1654.0,1682.0,6327710,0.0,0.0
2023-07-17 14:00:00+09:00,1683.0,1719.0,1655.0,1665.0,13301891,0.0,0.0
2023-07-18 09:00:00+09:00,1636.0,1690.0,1573.0,1596.0,16945051,0.0,0.0
2023-07-18 10:00:00+09:00,1597.0,1657.0,1586.0,1617.0,7058566,0.0,0.0
2023-07-18 11:00:00+09:00,1617.0,1621.0,1590.0,1597.0,1605859,0.0,0.0
2023-07-18 12:00:00+09:00,1597.0,1610.0,1582.0,1584.0,1281662,0.0,0.0
2023-07-18 13:00:00+09:00,1584.0,1588.0,1558.0,1586.0,2314827,0.0,0.0
2023-07-18 14:00:00+09:00,1586.0,1586.0,1558.0,1562.0,1183341,0.0,0.0
2023-07-19 09:00:00+09:00,1555.0,1557.0,1472.0,1489.0,4777007,0.0,0.0
2023-07-19 10:00:00+09:00,1492.0,1516.0,1485.0,1511.0,765856,0.0,0.0
2023-07-19 11:00:00+09:00,1511.0,1527.0,1501.0,1519.0,671769,0.0,0.0
2023-07-19 12:00:00+09:00,1525.0,1526.0,1506.0,1509.0,608892,0.0,0.0
2023-07-19 13:00:00+09:00,1509.0,1513.0,1493.0,1504.0,860237,0.0,0.0
2023-07-19 14:00:00+09:00,1501.0,1520.0,1485.0,1506.0,1470812,0.0,0.0
2023-07-20 09:00:00+09:00,1454.0,1526.0,1451.0,1478.0,5265801,0.0,0.0
2023-07-20 10:00:00+09:00,1478.0,1486.0,1465.0,1475.0,1276539,0.0,0.0
2023-07-20 11:00:00+09:00,1475.0,1475.0,1445.0,1450.0,1351920,0.0,0.0
2023-07-20 12:00:00+09:00,1449.0,1451.0,1436.0,1444.0,846365,0.0,0.0
2023-07-20 13:00:00+09:00,1443.0,1444.0,1425.0,1427.0,697028,0.0,0.0
2023-07-20 14:00:00+09:00,1427.0,1453.0,1400.0,1415.0,1948395,0.0,0.0
2023-07-21 09:00:00+09:00,1411.0,1439.0,1410.0,1417.0,1620374,0.0,0.0
2023-07-21 10:00:00+09:00,1416.0,1417.0,1396.0,1407.0,861995,0.0,0.0
2023-07-21 11:00:00+09:00,1407.0,1417.0,1406.0,1410.0,286301,0.0,0.0
2023-07-21 12:00:00+09:00,1409.0,1410.0,1391.0,1407.0,1080817,0.0,0.0
2023-07-21 13:00:00+09:00,1407.0,1407.0,1386.0,1386.0,624435,0.0,0.0
2023-07-21 14:00:00+09:00,1386.0,1393.0,1381.0,1384.0,653767,0.0,0.0
2023-07-24 09:00:00+09:00,1400.0,1402.0,1339.0,1349.0,0,0.0,0.0
2023-07-24 10:00:00+09:00,1348.0,1354.0,1324.0,1333.0,723153,0.0,0.0
2023-07-24 11:00:00+09:00,1333.0,1334.0,1307.0,1318.0,723745,0.0,0.0
2023-07-24 12:00:00+09:00,1317.0,1322.0,1312.0,1318.0,288045,0.0,0.0
2023-07-24 13:00:00+09:00,1317.0,1318.0,1294.0,1311.0,729368,0.0,0.0
2023-07-24 14:00:00+09:00,1311.0,1317.0,1303.0,1309.0,274013,0.0,0.0
2023-07-25 09:00:00+09:00,1299.0,1362.0,1280.0,1343.0,2518422,0.0,0.0
2023-07-25 10:00:00+09:00,1343.0,1375.0,1297.0,1306.0,2340662,0.0,0.0
2023-07-25 11:00:00+09:00,1306.0,1306.0,1294.0,1301.0,302469,0.0,0.0
2023-07-25 12:00:00+09:00,1301.0,1303.0,1292.0,1292.0,243102,0.0,0.0
2023-07-25 13:00:00+09:00,1293.0,1294.0,1256.0,1265.0,762914,0.0,0.0
2023-07-25 14:00:00+09:00,1265.0,1267.0,1250.0,1257.0,722900,0.0,0.0
2023-07-26 09:00:00+09:00,1260.0,1270.0,1198.0,1199.0,1796476,0.0,0.0
2023-07-26 10:00:00+09:00,1198.0,1205.0,1166.0,1183.0,1389622,0.0,0.0
2023-07-26 11:00:00+09:00,1184.0,1190.0,1175.0,1182.0,480098,0.0,0.0
2023-07-26 12:00:00+09:00,1182.0,1191.0,1161.0,1191.0,623209,0.0,0.0
2023-07-26 13:00:00+09:00,1191.0,1195.0,1139.0,1141.0,2020795,0.0,0.0
2023-07-26 14:00:00+09:00,1141.0,1169.0,1140.0,1164.0,650482,0.0,0.0
2023-07-27 09:00:00+09:00,1175.0,1185.0,1165.0,1183.0,977949,0.0,0.0
2023-07-27 10:00:00+09:00,1182.0,1194.0,1172.0,1191.0,501895,0.0,0.0
2023-07-27 11:00:00+09:00,1190.0,1194.0,1177.0,1184.0,314836,0.0,0.0
2023-07-27 12:00:00+09:00,1184.0,1187.0,1172.0,1178.0,357675,0.0,0.0
2023-07-27 13:00:00+09:00,1179.0,1184.0,1172.0,1181.0,163077,0.0,0.0
2023-07-27 14:00:00+09:00,1181.0,1227.0,1180.0,1186.0,940119,0.0,0.0
2023-07-28 09:00:00+09:00,1170.0,1203.0,1163.0,1195.0,643731,0.0,0.0
2023-07-28 10:00:00+09:00,1195.0,1217.0,1194.0,1212.0,407357,0.0,0.0
2023-07-28 11:00:00+09:00,1210.0,1220.0,1205.0,1214.0,236224,0.0,0.0
2023-07-28 12:00:00+09:00,1214.0,1216.0,1210.0,1212.0,132992,0.0,0.0
2023-07-28 13:00:00+09:00,1212.0,1216.0,1205.0,1215.0,143693,0.0,0.0
2023-07-28 14:00:00+09:00,1214.0,1226.0,1214.0,1216.0,269306,0.0,0.0
2023-07-31 09:00:00+09:00,1211.0,1245.0,1208.0,1244.0,0,0.0,0.0
2023-07-31 10:00:00+09:00,1244.0,1253.0,1240.0,1241.0,324546,0.0,0.0
2023-07-31 11:00:00+09:00,1241.0,1249.0,1241.0,1243.0,108685,0.0,0.0
2023-07-31 12:00:00+09:00,1243.0,1247.0,1237.0,1237.0,114619,0.0,0.0
2023-07-31 13:00:00+09:00,1240.0,1244.0,1234.0,1235.0,125050,0.0,0.0
2023-07-31 14:00:00+09:00,1235.0,1243.0,1231.0,1242.0,126628,0.0,0.0
2023-08-01 09:00:00+09:00,1230.0,1245.0,1230.0,1237.0,347430,0.0,0.0
2023-08-01 10:00:00+09:00,1237.0,1244.0,1236.0,1239.0,192233,0.0,0.0
2023-08-01 11:00:00+09:00,1238.0,1239.0,1223.0,1225.0,339177,0.0,0.0
2023-08-01 12:00:00+09:00,1225.0,1228.0,1222.0,1223.0,147139,0.0,0.0
2023-08-01 13:00:00+09:00,1223.0,1225.0,1208.0,1213.0,348394,0.0,0.0
2023-08-01 14:00:00+09:00,1213.0,1218.0,1209.0,1215.0,135245,0.0,0.0
2023-08-02 09:00:00+09:00,1203.0,1225.0,1203.0,1224.0,359426,0.0,0.0
2023-08-02 10:00:00+09:00,1223.0,1230.0,1211.0,1212.0,199617,0.0,0.0
2023-08-02 11:00:00+09:00,1212.0,1215.0,1203.0,1204.0,176118,0.0,0.0
2023-08-02 12:00:00+09:00,1205.0,1213.0,1202.0,1208.0,100001,0.0,0.0
2023-08-02 13:00:00+09:00,1206.0,1208.0,1190.0,1195.0,276537,0.0,0.0
2023-08-02 14:00:00+09:00,1197.0,1200.0,1190.0,1194.0,153421,0.0,0.0
2023-08-03 09:00:00+09:00,1190.0,1191.0,1166.0,1178.0,559410,0.0,0.0
2023-08-03 10:00:00+09:00,1178.0,1179.0,1159.0,1160.0,387997,0.0,0.0
2023-08-03 11:00:00+09:00,1161.0,1180.0,1160.0,1167.0,169940,0.0,0.0
2023-08-03 12:00:00+09:00,1167.0,1180.0,1162.0,1180.0,101078,0.0,0.0
2023-08-03 13:00:00+09:00,1176.0,1185.0,1169.0,1182.0,84098,0.0,0.0
2023-08-03 14:00:00+09:00,1181.0,1188.0,1176.0,1180.0,93335,0.0,0.0
2023-08-04 09:00:00+09:00,1196.0,1208.0,1177.0,1194.0,415458,0.0,0.0
2023-08-04 10:00:00+09:00,1197.0,1212.0,1195.0,1205.0,131117,0.0,0.0
2023-08-04 11:00:00+09:00,1205.0,1221.0,1199.0,1205.0,159650,0.0,0.0
2023-08-04 12:00:00+09:00,1205.0,1205.0,1194.0,1200.0,159520,0.0,0.0
2023-08-04 13:00:00+09:00,1196.0,1200.0,1190.0,1197.0,93183,0.0,0.0
2023-08-04 14:00:00+09:00,1198.0,1199.0,1191.0,1196.0,67976,0.0,0.0
2023-08-07 09:00:00+09:00,1200.0,1239.0,1200.0,1226.0,0,0.0,0.0
2023-08-07 10:00:00+09:00,1225.0,1235.0,1222.0,1223.0,233842,0.0,0.0
2023-08-07 11:00:00+09:00,1223.0,1270.0,1223.0,1248.0,1072884,0.0,0.0
2023-08-07 12:00:00+09:00,1249.0,1251.0,1237.0,1244.0,304148,0.0,0.0
2023-08-07 13:00:00+09:00,1244.0,1249.0,1240.0,1246.0,211718,0.0,0.0
2023-08-07 14:00:00+09:00,1245.0,1255.0,1244.0,1249.0,234829,0.0,0.0
2023-08-08 09:00:00+09:00,1278.0,1291.0,1251.0,1290.0,1313850,0.0,0.0
2023-08-08 10:00:00+09:00,1291.0,1304.0,1281.0,1283.0,993000,0.0,0.0
2023-08-08 11:00:00+09:00,1282.0,1374.0,1281.0,1317.0,5537526,0.0,0.0
2023-08-08 12:00:00+09:00,1317.0,1361.0,1306.0,1344.0,2438659,0.0,0.0
2023-08-08 13:00:00+09:00,1344.0,1397.0,1334.0,1362.0,5689998,0.0,0.0
2023-08-08 14:00:00+09:00,1362.0,1365.0,1331.0,1355.0,2335829,0.0,0.0
2023-08-09 09:00:00+09:00,1416.0,1445.0,1380.0,1425.0,9279130,0.0,0.0
2023-08-09 10:00:00+09:00,1429.0,1433.0,1400.0,1400.0,1864282,0.0,0.0
2023-08-09 11:00:00+09:00,1401.0,1414.0,1385.0,1405.0,888960,0.0,0.0
2023-08-09 12:00:00+09:00,1405.0,1412.0,1400.0,1407.0,366290,0.0,0.0
2023-08-09 13:00:00+09:00,1408.0,1425.0,1404.0,1412.0,901013,0.0,0.0
2023-08-09 14:00:00+09:00,1412.0,1424.0,1398.0,1407.0,861190,0.0,0.0
2023-08-10 09:00:00+09:00,1360.0,1382.0,1259.0,1298.0,4285317,0.0,0.0
2023-08-10 10:00:00+09:00,1298.0,1299.0,1284.0,1293.0,864025,0.0,0.0
2023-08-10 11:00:00+09:00,1294.0,1303.0,1285.0,1289.0,522833,0.0,0.0
2023-08-10 12:00:00+09:00,1288.0,1291.0,1275.0,1276.0,711468,0.0,0.0
2023-08-10 13:00:00+09:00,1276.0,1284.0,1270.0,1273.0,595716,0.0,0.0
2023-08-10 14:00:00+09:00,1273.0,1275.0,1261.0,1267.0,896988,0.0,0.0
2023-08-11 09:00:00+09:00,1250.0,1253.0,1215.0,1241.0,1705210,0.0,0.0
2023-08-11 10:00:00+09:00,1241.0,1247.0,1233.0,1237.0,365000,0.0,0.0
2023-08-11 11:00:00+09:00,1237.0,1269.0,1237.0,1238.0,720854,0.0,0.0
2023-08-11 12:00:00+09:00,1237.0,1244.0,1237.0,1241.0,257981,0.0,0.0
2023-08-11 13:00:00+09:00,1241.0,1242.0,1231.0,1236.0,313178,0.0,0.0
2023-08-11 14:00:00+09:00,1236.0,1236.0,1227.0,1228.0,423504,0.0,0.0
2023-08-14 09:00:00+09:00,1214.0,1216.0,1188.0,1203.0,0,0.0,0.0
2023-08-14 10:00:00+09:00,1203.0,1218.0,1199.0,1209.0,315346,0.0,0.0
2023-08-14 11:00:00+09:00,1211.0,1211.0,1201.0,1208.0,179643,0.0,0.0
2023-08-14 12:00:00+09:00,1208.0,1216.0,1205.0,1214.0,90988,0.0,0.0
2023-08-14 13:00:00+09:00,1215.0,1216.0,1206.0,1206.0,123325,0.0,0.0
2023-08-14 14:00:00+09:00,1208.0,1218.0,1205.0,1213.0,167608,0.0,0.0
2023-08-16 09:00:00+09:00,1204.0,1210.0,1197.0,1209.0,0,0.0,0.0
2023-08-16 10:00:00+09:00,1209.0,1212.0,1200.0,1203.0,203820,0.0,0.0
2023-08-16 11:00:00+09:00,1203.0,1207.0,1195.0,1196.0,216228,0.0,0.0
2023-08-16 12:00:00+09:00,1197.0,1205.0,1195.0,1199.0,122546,0.0,0.0
2023-08-16 13:00:00+09:00,1199.0,1203.0,1192.0,1193.0,177550,0.0,0.0
2023-08-16 14:00:00+09:00,1193.0,1196.0,1191.0,1192.0,224758,0.0,0.0
2023-08-17 09:00:00+09:00,1189.0,1189.0,1156.0,1160.0,741957,0.0,0.0
2023-08-17 10:00:00+09:00,1161.0,1170.0,1158.0,1160.0,286745,0.0,0.0
2023-08-17 11:00:00+09:00,1160.0,1170.0,1157.0,1168.0,152994,0.0,0.0
2023-08-17 12:00:00+09:00,1168.0,1178.0,1165.0,1178.0,93722,0.0,0.0
2023-08-17 13:00:00+09:00,1177.0,1184.0,1175.0,1183.0,119458,0.0,0.0
2023-08-17 14:00:00+09:00,1182.0,1183.0,1172.0,1176.0,107438,0.0,0.0
2023-08-18 09:00:00+09:00,1166.0,1166.0,1152.0,1153.0,420246,0.0,0.0
2023-08-18 10:00:00+09:00,1153.0,1166.0,1151.0,1156.0,174966,0.0,0.0
2023-08-18 11:00:00+09:00,1160.0,1163.0,1155.0,1157.0,95624,0.0,0.0
2023-08-18 12:00:00+09:00,1157.0,1160.0,1157.0,1159.0,65400,0.0,0.0
2023-08-18 13:00:00+09:00,1159.0,1160.0,1154.0,1155.0,88358,0.0,0.0
2023-08-18 14:00:00+09:00,1155.0,1159.0,1152.0,1152.0,175260,0.0,0.0
2023-08-21 09:00:00+09:00,1148.0,1173.0,1146.0,1164.0,0,0.0,0.0
2023-08-21 10:00:00+09:00,1164.0,1170.0,1164.0,1166.0,83586,0.0,0.0
2023-08-21 11:00:00+09:00,1167.0,1167.0,1161.0,1166.0,67280,0.0,0.0
2023-08-21 12:00:00+09:00,1166.0,1166.0,1161.0,1161.0,45455,0.0,0.0
2023-08-21 13:00:00+09:00,1163.0,1165.0,1160.0,1162.0,50860,0.0,0.0
2023-08-21 14:00:00+09:00,1162.0,1164.0,1160.0,1162.0,95712,0.0,0.0
2023-08-22 09:00:00+09:00,1167.0,1179.0,1162.0,1173.0,197203,0.0,0.0
2023-08-22 10:00:00+09:00,1173.0,1180.0,1169.0,1173.0,144846,0.0,0.0
2023-08-22 11:00:00+09:00,1174.0,1178.0,1170.0,1177.0,87241,0.0,0.0
2023-08-22 12:00:00+09:00,1177.0,1181.0,1175.0,1180.0,90868,0.0,0.0
2023-08-22 13:00:00+09:00,1177.0,1180.0,1171.0,1176.0,95119,0.0,0.0
2023-08-22 14:00:00+09:00,1175.0,1182.0,1173.0,1180.0,116936,0.0,0.0
2023-08-23 09:00:00+09:00,1190.0,1198.0,1178.0,1187.0,0,0.0,0.0
2023-08-23 10:00:00+09:00,1187.0,1198.0,1184.0,1196.0,171280,0.0,0.0
2023-08-23 11:00:00+09:00,1195.0,1211.0,1190.0,1204.0,370151,0.0,0.0
2023-08-23 12:00:00+09:00,1205.0,1206.0,1194.0,1194.0,103056,0.0,0.0
2023-08-23 13:00:00+09:00,1195.0,1197.0,1186.0,1190.0,106366,0.0,0.0
2023-08-23 14:00:00+09:00,1191.0,1199.0,1188.0,1188.0,109263,0.0,0.0
2023-08-24 09:00:00+09:00,1187.0,1191.0,1165.0,1167.0,436821,0.0,0.0
2023-08-24 10:00:00+09:00,1168.0,1171.0,1165.0,1171.0,126729,0.0,0.0
2023-08-24 11:00:00+09:00,1170.0,1172.0,1168.0,1168.0,82170,0.0,0.0
2023-08-24 12:00:00+09:00,1169.0,1174.0,1167.0,1168.0,57862,0.0,0.0
2023-08-24 13:00:00+09:00,1168.0,1172.0,1168.0,1169.0,70872,0.0,0.0
2023-08-24 14:00:00+09:00,1168.0,1170.0,1165.0,1168.0,154724,0.0,0.0
2023-08-25 09:00:00+09:00,1169.0,1213.0,1163.0,1202.0,744016,0.0,0.0
2023-08-25 10:00:00+09:00,1203.0,1219.0,1203.0,1210.0,342041,0.0,0.0
2023-08-25 11:00:00+09:00,1210.0,1226.0,1208.0,1226.0,314446,0.0,0.0
2023-08-25 12:00:00+09:00,1220.0,1228.0,1217.0,1225.0,418666,0.0,0.0
2023-08-25 13:00:00+09:00,1226.0,1227.0,1213.0,1219.0,198892,0.0,0.0
2023-08-25 14:00:00+09:00,1222.0,1222.0,1212.0,1216.0,124953,0.0,0.0
2023-08-28 09:00:00+09:00,1212.0,1226.0,1200.0,1220.0,0,0.0,0.0
2023-08-28 10:00:00+09:00,1220.0,1235.0,1219.0,1230.0,187693,0.0,0.0
2023-08-28 11:00:00+09:00,1232.0,1238.0,1228.0,1230.0,145777,0.0,0.0
2023-08-28 12:00:00+09:00,1229.0,1231.0,1222.0,1223.0,142909,0.0,0.0
2023-08-28 13:00:00+09:00,1225.0,1228.0,1218.0,1220.0,103612,0.0,0.0
2023-08-28 14:00:00+09:00,1219.0,1224.0,1216.0,1223.0,112962,0.0,0.0
2023-08-29 09:00:00+09:00,1223.0,1244.0,1223.0,1236.0,251294,0.0,0.0
2023-08-29 10:00:00+09:00,1235.0,1284.0,1233.0,1235.0,1689761,0.0,0.0
2023-08-29 11:00:00+09:00,1235.0,1241.0,1232.0,1236.0,146367,0.0,0.0
2023-08-29 12:00:00+09:00,1236.0,1238.0,1226.0,1236.0,179464,0.0,0.0
2023-08-29 13:00:00+09:00,1236.0,1236.0,1231.0,1231.0,60636,0.0,0.0
2023-08-29 14:00:00+09:00,1234.0,1236.0,1231.0,1235.0,89047,0.0,0.0
2023-08-30 09:00:00+09:00,1240.0,1263.0,1235.0,1250.0,454727,0.0,0.0
2023-08-30 10:00:00+09:00,1251.0,1260.0,1244.0,1252.0,501183,0.0,0.0
2023-08-30 11:00:00+09:00,1252.0,1254.0,1244.0,1245.0,139032,0.0,0.0
2023-08-30 12:00:00+09:00,1244.0,1246.0,1240.0,1242.0,155378,0.0,0.0
2023-08-30 13:00:00+09:00,1241.0,1245.0,1238.0,1243.0,72768,0.0,0.0
2023-08-30 14:00:00+09:00,1242.0,1244.0,1238.0,1238.0,101717,0.0,0.0
2023-08-31 09:00:00+09:00,1242.0,1243.0,1228.0,1228.0,259557,0.0,0.0
2023-08-31 10:00:00+09:00,1228.0,1235.0,1225.0,1227.0,172392,0.0,0.0
2023-08-31 11:00:00+09:00,1227.0,1232.0,1225.0,1228.0,75389,0.0,0.0
2023-08-31 12:00:00+09:00,1228.0,1230.0,1225.0,1226.0,57097,0.0,0.0
2023-08-31 13:00:00+09:00,1226.0,1229.0,1217.0,1220.0,127174,0.0,0.0
2023-08-31 14:00:00+09:00,1220.0,1221.0,1214.0,1215.0,114070,0.0,0.0
2023-09-01 09:00:00+09:00,1214.0,1254.0,1209.0,1236.0,731468,0.0,0.0
2023-09-01 10:00:00+09:00,1236.0,1240.0,1230.0,1232.0,150926,0.0,0.0
2023-09-01 11:00:00+09:00,1232.0,1236.0,1226.0,1227.0,97470,0.0,0.0
2023-09-01 12:00:00+09:00,1228.0,1236.0,1225.0,1236.0,97544,0.0,0.0
2023-09-01 13:00:00+09:00,1235.0,1235.0,1225.0,1227.0,56795,0.0,0.0
2023-09-01 14:00:00+09:00,1228.0,1229.0,1220.0,1221.0,107971,0.0,0.0
2023-09-04 09:00:00+09:00,1238.0,1238.0,1211.0,1214.0,0,0.0,0.0
2023-09-04 10:00:00+09:00,1214.0,1215.0,1200.0,1211.0,168595,0.0,0.0
2023-09-04 11:00:00+09:00,1211.0,1216.0,1208.0,1216.0,36489,0.0,0.0
2023-09-04 12:00:00+09:00,1215.0,1216.0,1209.0,1214.0,63676,0.0,0.0
2023-09-04 13:00:00+09:00,1214.0,1224.0,1210.0,1224.0,82075,0.0,0.0
2023-09-04 14:00:00+09:00,1224.0,1224.0,1216.0,1221.0,58895,0.0,0.0
2023-09-05 09:00:00+09:00,1236.0,1236.0,1208.0,1211.0,223825,0.0,0.0
2023-09-05 10:00:00+09:00,1211.0,1217.0,1205.0,1208.0,168988,0.0,0.0
2023-09-05 11:00:00+09:00,1208.0,1208.0,1199.0,1200.0,204409,0.0,0.0
2023-09-05 12:00:00+09:00,1199.0,1202.0,1190.0,1193.0,246994,0.0,0.0
2023-09-05 13:00:00+09:00,1193.0,1195.0,1188.0,1193.0,188187,0.0,0.0
2023-09-05 14:00:00+09:00,1192.0,1200.0,1191.0,1196.0,85817,0.0,0.0
2023-09-06 09:00:00+09:00,1195.0,1207.0,1182.0,1201.0,173520,0.0,0.0
2023-09-06 10:00:00+09:00,1201.0,1202.0,1195.0,1197.0,78837,0.0,0.0
2023-09-06 11:00:00+09:00,1195.0,1197.0,1188.0,1189.0,80568,0.0,0.0
2023-09-06 12:00:00+09:00,1189.0,1194.0,1185.0,1188.0,115216,0.0,0.0
2023-09-06 13:00:00+09:00,1188.0,1190.0,1188.0,1190.0,52795,0.0,0.0
2023-09-06 14:00:00+09:00,1190.0,1192.0,1181.0,1182.0,135007,0.0,0.0
2023-09-07 09:00:00+09:00,1180.0,1188.0,1168.0,1170.0,285180,0.0,0.0
2023-09-07 10:00:00+09:00,1170.0,1170.0,1158.0,1160.0,295426,0.0,0.0
2023-09-07 11:00:00+09:00,1160.0,1165.0,1159.0,1161.0,79018,0.0,0.0
2023-09-07 12:00:00+09:00,1162.0,1165.0,1158.0,1162.0,60255,0.0,0.0
2023-09-07 13:00:00+09:00,1162.0,1164.0,1159.0,1159.0,103627,0.0,0.0
2023-09-07 14:00:00+09:00,1160.0,1163.0,1158.0,1162.0,79153,0.0,0.0
2023-09-08 09:00:00+09:00,1163.0,1179.0,1157.0,1164.0,158470,0.0,0.0
2023-09-08 10:00:00+09:00,1164.0,1168.0,1162.0,1163.0,27507,0.0,0.0
2023-09-08 11:00:00+09:00,1165.0,1167.0,1161.0,1166.0,52312,0.0,0.0
2023-09-08 12:00:00+09:00,1167.0,1170.0,1160.0,1160.0,53937,0.0,0.0
2023-09-08 13:00:00+09:00,1160.0,1168.0,1160.0,1165.0,72392,0.0,0.0
2023-09-08 14:00:00+09:00,1163.0,1167.0,1159.0,1166.0,41030,0.0,0.0
2023-09-11 09:00:00+09:00,1189.0,1192.0,1180.0,1183.0,0,0.0,0.0
2023-09-11 10:00:00+09:00,1185.0,1204.0,1183.0,1193.0,197230,0.0,0.0
2023-09-11 11:00:00+09:00,1193.0,1194.0,1188.0,1188.0,76607,0.0,0.0
2023-09-11 12:00:00+09:00,1188.0,1189.0,1181.0,1187.0,37275,0.0,0.0
2023-09-11 13:00:00+09:00,1187.0,1187.0,1181.0,1186.0,28409,0.0,0.0
2023-09-11 14:00:00+09:00,1186.0,1189.0,1181.0,1188.0,59630,0.0,0.0
2023-09-12 09:00:00+09:00,1185.0,1187.0,1176.0,1181.0,142394,0.0,0.0
2023-09-12 10:00:00+09:00,1183.0,1184.0,1177.0,1179.0,62320,0.0,0.0
2023-09-12 11:00:00+09:00,1179.0,1180.0,1176.0,1178.0,37911,0.0,0.0
2023-09-12 12:00:00+09:00,1178.0,1179.0,1172.0,1172.0,92795,0.0,0.0
2023-09-12 13:00:00+09:00,1173.0,1176.0,1172.0,1173.0,39952,0.0,0.0
2023-09-12 14:00:00+09:00,1173.0,1175.0,1169.0,1172.0,75394,0.0,0.0
2023-09-13 09:00:00+09:00,1168.0,1173.0,1161.0,1168.0,67778,0.0,0.0
2023-09-13 10:00:00+09:00,1167.0,1169.0,1158.0,1159.0,116522,0.0,0.0
2023-09-13 11:00:00+09:00,1160.0,1165.0,1159.0,1163.0,46232,0.0,0.0
2023-09-13 12:00:00+09:00,1161.0,1163.0,1158.0,1162.0,35013,0.0,0.0
2023-09-13 13:00:00+09:00,1162.0,1166.0,1160.0,1163.0,36540,0.0,0.0
2023-09-13 14:00:00+09:00,1166.0,1168.0,1161.0,1164.0,36188,0.0,0.0
2023-09-14 09:00:00+09:00,1159.0,1177.0,1154.0,1172.0,109448,0.0,0.0
2023-09-14 10:00:00+09:00,1171.0,1175.0,1164.0,1173.0,128438,0.0,0.0
2023-09-14 11:00:00+09:00,1174.0,1178.0,1171.0,1175.0,67351,0.0,0.0
2023-09-14 12:00:00+09:00,1176.0,1176.0,1169.0,1170.0,38645,0.0,0.0
2023-09-14 13:00:00+09:00,1170.0,1173.0,1165.0,1165.0,50008,0.0,0.0
2023-09-14 14:00:00+09:00,1165.0,1169.0,1164.0,1169.0,37473,0.0,0.0
2023-09-15 09:00:00+09:00,1174.0,1199.0,1174.0,1191.0,299284,0.0,0.0
2023-09-15 10:00:00+09:00,1190.0,1204.0,1187.0,1195.0,155917,0.0,0.0
2023-09-15 11:00:00+09:00,1194.0,1200.0,1192.0,1192.0,57871,0.0,0.0
2023-09-15 12:00:00+09:00,1194.0,1195.0,1187.0,1190.0,63128,0.0,0.0
2023-09-15 13:00:00+09:00,1190.0,1194.0,1186.0,1188.0,61850,0.0,0.0
2023-09-15 14:00:00+09:00,1190.0,1192.0,1185.0,1187.0,46140,0.0,0.0
2023-09-18 09:00:00+09:00,1188.0,1194.0,1184.0,1185.0,0,0.0,0.0
2023-09-18 10:00:00+09:00,1186.0,1189.0,1182.0,1183.0,42488,0.0,0.0
2023-09-18 11:00:00+09:00,1183.0,1187.0,1182.0,1182.0,27312,0.0,0.0
2023-09-18 12:00:00+09:00,1185.0,1185.0,1178.0,1179.0,41194,0.0,0.0
2023-09-18 13:00:00+09:00,1179.0,1183.0,1175.0,1176.0,60049,0.0,0.0
2023-09-18 14:00:00+09:00,1177.0,1180.0,1175.0,1176.0,32786,0.0,0.0
2023-09-19 09:00:00+09:00,1179.0,1181.0,1169.0,1174.0,136211,0.0,0.0
2023-09-19 10:00:00+09:00,1173.0,1173.0,1165.0,1166.0,37535,0.0,0.0
2023-09-19 11:00:00+09:00,1165.0,1168.0,1160.0,1161.0,118157,0.0,0.0
2023-09-19 12:00:00+09:00,1163.0,1169.0,1160.0,1168.0,62330,0.0,0.0
2023-09-19 13:00:00+09:00,1168.0,1168.0,1165.0,1166.0,30158,0.0,0.0
2023-09-19 14:00:00+09:00,1166.0,1168.0,1164.0,1166.0,56098,0.0,0.0
2023-09-20 09:00:00+09:00,1162.0,1185.0,1161.0,1167.0,81395,0.0,0.0
2023-09-20 10:00:00+09:00,1167.0,1167.0,1161.0,1166.0,67175,0.0,0.0
2023-09-20 11:00:00+09:00,1162.0,1169.0,1161.0,1165.0,58105,0.0,0.0
2023-09-20 12:00:00+09:00,1165.0,1165.0,1162.0,1163.0,24717,0.0,0.0
2023-09-20 13:00:00+09:00,1163.0,1165.0,1160.0,1161.0,20123,0.0,0.0
2023-09-20 14:00:00+09:00,1161.0,1164.0,1161.0,1161.0,35903,0.0,0.0
2023-09-21 09:00:00+09:00,1162.0,1166.0,1156.0,1156.0,86499,0.0,0.0
2023-09-21 10:00:00+09:00,1156.0,1157.0,1141.0,1143.0,194134,0.0,0.0
2023-09-21 11:00:00+09:00,1143.0,1148.0,1142.0,1146.0,85996,0.0,0.0
2023-09-21 12:00:00+09:00,1146.0,1146.0,1143.0,1144.0,50465,0.0,0.0
2023-09-21 13:00:00+09:00,1143.0,1146.0,1139.0,1145.0,113947,0.0,0.0
2023-09-21 14:00:00+09:00,1146.0,1146.0,1139.0,1140.0,59130,0.0,0.0
2023-09-22 09:00:00+09:00,1128.0,1137.0,1123.0,1133.0,117523,0.0,0.0
2023-09-22 10:00:00+09:00,1134.0,1139.0,1125.0,1138.0,84175,0.0,0.0
2023-09-22 11:00:00+09:00,1138.0,1139.0,1135.0,1137.0,11775,0.0,0.0
2023-09-22 12:00:00+09:00,1138.0,1139.0,1131.0,1131.0,22410,0.0,0.0
2023-09-22 13:00:00+09:00,1131.0,1136.0,1129.0,1129.0,56349,0.0,0.0
2023-09-22 14:00:00+09:00,1129.0,1129.0,1123.0,1124.0,70845,0.0,0.0
2023-09-25 09:00:00+09:00,1097.0,1130.0,1096.0,1116.0,0,0.0,0.0
2023-09-25 10:00:00+09:00,1114.0,1116.0,1107.0,1111.0,35145,0.0,0.0
2023-09-25 11:00:00+09:00,1112.0,1116.0,1111.0,1111.0,34079,0.0,0.0
2023-09-25 12:00:00+09:00,1111.0,1112.0,1110.0,1112.0,23600,0.0,0.0
2023-09-25 13:00:00+09:00,1115.0,1115.0,1111.0,1114.0,19828,0.0,0.0
2023-09-25 14:00:00+09:00,1114.0,1114.0,1109.0,1110.0,49637,0.0,0.0
2023-09-26 09:00:00+09:00,1111.0,1118.0,1098.0,1100.0,85173,0.0,0.0
2023-09-26 10:00:00+09:00,1100.0,1105.0,1098.0,1103.0,23656,0.0,0.0
2023-09-26 11:00:00+09:00,1100.0,1103.0,1098.0,1101.0,45345,0.0,0.0
2023-09-26 12:00:00+09:00,1101.0,1103.0,1095.0,1102.0,67340,0.0,0.0
2023-09-26 13:00:00+09:00,1102.0,1102.0,1091.0,1092.0,43735,0.0,0.0
2023-09-26 14:00:00+09:00,1093.0,1097.0,1092.0,1095.0,30776,0.0,0.0
2023-09-27 09:00:00+09:00,1082.0,1103.0,1082.0,1098.0,104183,0.0,0.0
2023-09-27 10:00:00+09:00,1098.0,1106.0,1092.0,1106.0,30993,0.0,0.0
2023-09-27 11:00:00+09:00,1106.0,1108.0,1102.0,1103.0,15464,0.0,0.0
2023-09-27 12:00:00+09:00,1103.0,1107.0,1103.0,1104.0,5332,0.0,0.0
2023-09-27 13:00:00+09:00,1105.0,1190.0,1096.0,1104.0,1575601,0.0,0.0
2023-09-27 14:00:00+09:00,1104.0,1113.0,1100.0,1110.0,123467,0.0,0.0
2023-10-04 09:00:00+09:00,1117.0,1121.0,1097.0,1100.0,0,0.0,0.0
2023-10-04 10:00:00+09:00,1100.0,1103.0,1098.0,1098.0,48633,0.0,0.0
2023-10-04 11:00:00+09:00,1098.0,1105.0,1097.0,1100.0,31333,0.0,0.0
2023-10-04 12:00:00+09:00,1102.0,1102.0,1091.0,1095.0,81423,0.0,0.0
2023-10-04 13:00:00+09:00,1098.0,1100.0,1091.0,1095.0,44371,0.0,0.0
2023-10-04 14:00:00+09:00,1095.0,1098.0,1089.0,1090.0,72078,0.0,0.0
2023-10-05 09:00:00+09:00,1089.0,1100.0,1078.0,1091.0,94472,0.0,0.0
2023-10-05 10:00:00+09:00,1091.0,1091.0,1085.0,1090.0,27633,0.0,0.0
2023-10-05 11:00:00+09:00,1090.0,1090.0,1080.0,1083.0,40802,0.0,0.0
2023-10-05 12:00:00+09:00,1084.0,1086.0,1081.0,1084.0,26178,0.0,0.0
2023-10-05 13:00:00+09:00,1083.0,1084.0,1077.0,1079.0,62600,0.0,0.0
2023-10-05 14:00:00+09:00,1079.0,1079.0,1069.0,1070.0,82427,0.0,0.0
2023-10-06 09:00:00+09:00,1042.0,1081.0,1041.0,1079.0,157837,0.0,0.0
2023-10-06 10:00:00+09:00,1079.0,1084.0,1078.0,1083.0,36734,0.0,0.0
2023-10-06 11:00:00+09:00,1083.0,1084.0,1074.0,1077.0,12530,0.0,0.0
2023-10-06 12:00:00+09:00,1079.0,1084.0,1077.0,1083.0,26067,0.0,0.0
2023-10-06 13:00:00+09:00,1083.0,1085.0,1075.0,1077.0,16360,0.0,0.0
2023-10-06 14:00:00+09:00,1077.0,1081.0,1074.0,1076.0,15417,0.0,0.0
2023-10-10 09:00:00+09:00,1071.0,1085.0,1060.0,1076.0,0,0.0,0.0
2023-10-10 10:00:00+09:00,1076.0,1083.0,1075.0,1079.0,36766,0.0,0.0
2023-10-10 11:00:00+09:00,1079.0,1079.0,1071.0,1072.0,57455,0.0,0.0
2023-10-10 12:00:00+09:00,1075.0,1076.0,1053.0,1053.0,99351,0.0,0.0
2023-10-10 13:00:00+09:00,1054.0,1055.0,1039.0,1051.0,148022,0.0,0.0
2023-10-10 14:00:00+09:00,1051.0,1053.0,1045.0,1049.0,32141,0.0,0.0
2023-10-11 09:00:00+09:00,1056.0,1080.0,1056.0,1075.0,135862,0.0,0.0
2023-10-11 10:00:00+09:00,1075.0,1080.0,1074.0,1077.0,55010,0.0,0.0
2023-10-11 11:00:00+09:00,1077.0,1079.0,1074.0,1075.0,20203,0.0,0.0
2023-10-11 12:00:00+09:00,1075.0,1079.0,1072.0,1077.0,16590,0.0,0.0
2023-10-11 13:00:00+09:00,1077.0,1097.0,1072.0,1074.0,187144,0.0,0.0
2023-10-11 14:00:00+09:00,1078.0,1078.0,1071.0,1072.0,22915,0.0,0.0
2023-10-12 09:00:00+09:00,1073.0,1082.0,1073.0,1073.0,48265,0.0,0.0
2023-10-12 10:00:00+09:00,1073.0,1085.0,1073.0,1085.0,41135,0.0,0.0
2023-10-12 11:00:00+09:00,1085.0,1087.0,1080.0,1084.0,26507,0.0,0.0
2023-10-12 12:00:00+09:00,1084.0,1085.0,1078.0,1082.0,26012,0.0,0.0
2023-10-12 13:00:00+09:00,1082.0,1084.0,1080.0,1082.0,20649,0.0,0.0
2023-10-12 14:00:00+09:00,1082.0,1087.0,1080.0,1083.0,57951,0.0,0.0
2023-10-13 09:00:00+09:00,1080.0,1080.0,1055.0,1056.0,179365,0.0,0.0
2023-10-13 10:00:00+09:00,1058.0,1068.0,1056.0,1067.0,79728,0.0,0.0
2023-10-13 11:00:00+09:00,1067.0,1067.0,1059.0,1060.0,48627,0.0,0.0
2023-10-13 12:00:00+09:00,1064.0,1068.0,1054.0,1059.0,80820,0.0,0.0
2023-10-13 13:00:00+09:00,1059.0,1062.0,1051.0,1055.0,93592,0.0,0.0
2023-10-13 14:00:00+09:00,1055.0,1055.0,1052.0,1054.0,37564,0.0,0.0
2023-10-16 09:00:00+09:00,1052.0,1057.0,1030.0,1034.0,0,0.0,0.0
2023-10-16 10:00:00+09:00,1034.0,1038.0,1032.0,1032.0,47358,0.0,0.0
2023-10-16 11:00:00+09:00,1032.0,1034.0,1029.0,1029.0,47686,0.0,0.0
2023-10-16 12:00:00+09:00,1030.0,1030.0,1026.0,1029.0,48730,0.0,0.0
2023-10-16 13:00:00+09:00,1029.0,1033.0,1026.0,1030.0,18108,0.0,0.0
2023-10-16 14:00:00+09:00,1030.0,1036.0,1029.0,1036.0,37257,0.0,0.0
2023-10-17 09:00:00+09:00,1060.0,1068.0,1046.0,1065.0,123701,0.0,0.0
2023-10-17 10:00:00+09:00,1063.0,1075.0,1063.0,1074.0,117003,0.0,0.0
2023-10-17 11:00:00+09:00,1074.0,1078.0,1072.0,1073.0,35292,0.0,0.0
2023-10-17 12:00:00+09:00,1073.0,1075.0,1071.0,1075.0,15923,0.0,0.0
2023-10-17 13:00:00+09:00,1075.0,1075.0,1065.0,1066.0,35796,0.0,0.0
2023-10-17 14:00:00+09:00,1066.0,1071.0,1066.0,1069.0,6594,0.0,0.0
2023-10-18 09:00:00+09:00,1073.0,1076.0,1057.0,1059.0,87590,0.0,0.0
2023-10-18 10:00:00+09:00,1058.0,1063.0,1045.0,1060.0,24619,0.0,0.0
2023-10-18 11:00:00+09:00,1060.0,1060.0,1048.0,1055.0,47838,0.0,0.0
2023-10-18 12:00:00+09:00,1055.0,1057.0,1049.0,1052.0,44464,0.0,0.0
2023-10-18 13:00:00+09:00,1052.0,1053.0,1049.0,1053.0,26021,0.0,0.0
2023-10-18 14:00:00+09:00,1052.0,1053.0,1048.0,1049.0,30591,0.0,0.0
2023-10-19 09:00:00+09:00,1049.0,1049.0,1019.0,1022.0,238310,0.0,0.0
2023-10-19 10:00:00+09:00,1022.0,1024.0,1018.0,1021.0,95307,0.0,0.0
2023-10-19 11:00:00+09:00,1021.0,1021.0,1014.0,1014.0,89016,0.0,0.0
2023-10-19 12:00:00+09:00,1015.0,1021.0,1012.0,1018.0,49109,0.0,0.0
2023-10-19 13:00:00+09:00,1020.0,1021.0,1015.0,1018.0,33971,0.0,0.0
2023-10-19 14:00:00+09:00,1018.0,1021.0,1013.0,1016.0,46856,0.0,0.0
2023-10-20 09:00:00+09:00,1020.0,1020.0,1000.0,1010.0,185011,0.0,0.0
2023-10-20 10:00:00+09:00,1010.0,1010.0,1000.0,1006.0,115675,0.0,0.0
2023-10-20 11:00:00+09:00,1004.0,1007.0,997.0,1006.0,134399,0.0,0.0
2023-10-20 12:00:00+09:00,1007.0,1017.0,1006.0,1014.0,33510,0.0,0.0
2023-10-20 13:00:00+09:00,1015.0,1032.0,1013.0,1027.0,63844,0.0,0.0
2023-10-20 14:00:00+09:00,1027.0,1031.0,1021.0,1023.0,57800,0.0,0.0
2023-10-23 09:00:00+09:00,1016.0,1028.0,1001.0,1027.0,0,0.0,0.0
2023-10-23 10:00:00+09:00,1026.0,1060.0,1017.0,1027.0,88954,0.0,0.0
2023-10-23 11:00:00+09:00,1030.0,1030.0,1017.0,1025.0,25287,0.0,0.0
2023-10-23 12:00:00+09:00,1018.0,1023.0,1017.0,1019.0,11483,0.0,0.0
2023-10-23 13:00:00+09:00,1021.0,1022.0,1012.0,1014.0,38644,0.0,0.0
2023-10-23 14:00:00+09:00,1014.0,1014.0,1007.0,1014.0,43713,0.0,0.0
2023-10-24 09:00:00+09:00,1011.0,1020.0,1005.0,1005.0,112885,0.0,0.0
2023-10-24 10:00:00+09:00,1008.0,1010.0,999.0,1010.0,99211,0.0,0.0
2023-10-24 11:00:00+09:00,1003.0,1017.0,1003.0,1017.0,27065,0.0,0.0
2023-10-24 12:00:00+09:00,1014.0,1059.0,1008.0,1059.0,179685,0.0,0.0
2023-10-24 13:00:00+09:00,1053.0,1074.0,1043.0,1050.0,0,0.0,0.0
2023-10-24 14:00:00+09:00,1054.0,1056.0,1049.0,1054.0,887490,0.0,0.0
2023-10-25 09:00:00+09:00,1058.0,1078.0,1051.0,1060.0,121837,0.0,0.0
2023-10-25 10:00:00+09:00,1060.0,1068.0,1060.0,1063.0,48572,0.0,0.0
2023-10-25 11:00:00+09:00,1063.0,1074.0,1061.0,1072.0,37895,0.0,0.0
2023-10-25 12:00:00+09:00,1072.0,1072.0,1062.0,1064.0,30153,0.0,0.0
2023-10-25 13:00:00+09:00,1064.0,1068.0,1062.0,1066.0,24280,0.0,0.0
2023-10-25 14:00:00+09:00,1066.0,1069.0,1061.0,1061.0,26657,0.0,0.0
2023-10-26 09:00:00+09:00,1026.0,1049.0,1026.0,1036.0,88460,0.0,0.0
2023-10-26 10:00:00+09:00,1035.0,1042.0,1032.0,1039.0,34732,0.0,0.0
2023-10-26 11:00:00+09:00,1032.0,1038.0,1028.0,1029.0,42595,0.0,0.0
2023-10-26 12:00:00+09:00,1028.0,1035.0,1027.0,1035.0,23824,0.0,0.0
2023-10-26 13:00:00+09:00,1035.0,1035.0,1018.0,1018.0,51147,0.0,0.0
2023-10-26 14:00:00+09:00,1019.0,1025.0,1018.0,1025.0,39667,0.0,0.0
2023-10-27 09:00:00+09:00,1018.0,1026.0,1006.0,1006.0,144401,0.0,0.0
2023-10-27 10:00:00+09:00,1006.0,1024.0,1005.0,1021.0,35820,0.0,0.0
2023-10-27 11:00:00+09:00,1023.0,1033.0,1022.0,1030.0,32324,0.0,0.0
2023-10-27 12:00:00+09:00,1030.0,1032.0,1019.0,1019.0,26311,0.0,0.0
2023-10-27 13:00:00+09:00,1020.0,1020.0,1009.0,1016.0,32146,0.0,0.0
2023-10-27 14:00:00+09:00,1016.0,1018.0,1011.0,1012.0,30261,0.0,0.0
2023-10-30 09:00:00+09:00,1008.0,1017.0,1008.0,1016.0,0,0.0,0.0
2023-10-30 10:00:00+09:00,1017.0,1024.0,1016.0,1021.0,15636,0.0,0.0
2023-10-30 11:00:00+09:00,1022.0,1028.0,1019.0,1021.0,26174,0.0,0.0
2023-10-30 12:00:00+09:00,1021.0,1033.0,1021.0,1030.0,27247,0.0,0.0
2023-10-30 13:00:00+09:00,1030.0,1032.0,1027.0,1028.0,10096,0.0,0.0
2023-10-30 14:00:00+09:00,1028.0,1029.0,1015.0,1024.0,52046,0.0,0.0
2023-10-31 09:00:00+09:00,1033.0,1047.0,1024.0,1029.0,57078,0.0,0.0
2023-10-31 10:00:00+09:00,1024.0,1029.0,1019.0,1024.0,27279,0.0,0.0
2023-10-31 11:00:00+09:00,1024.0,1024.0,1009.0,1010.0,49121,0.0,0.0
2023-10-31 12:00:00+09:00,1010.0,1012.0,1006.0,1009.0,22867,0.0,0.0
2023-10-31 13:00:00+09:00,1009.0,1015.0,1008.0,1009.0,23477,0.0,0.0
2023-10-31 14:00:00+09:00,1010.0,1010.0,1003.0,1010.0,96044,0.0,0.0
2023-11-01 09:00:00+09:00,1005.0,1021.0,1005.0,1018.0,50410,0.0,0.0
2023-11-01 10:00:00+09:00,1018.0,1023.0,1014.0,1015.0,54635,0.0,0.0
2023-11-01 11:00:00+09:00,1014.0,1018.0,1014.0,1016.0,9913,0.0,0.0
2023-11-01 12:00:00+09:00,1016.0,1017.0,1015.0,1016.0,5297,0.0,0.0
2023-11-01 13:00:00+09:00,1016.0,1017.0,1014.0,1016.0,10873,0.0,0.0
2023-11-01 14:00:00+09:00,1016.0,1016.0,1013.0,1016.0,23505,0.0,0.0
2023-11-02 09:00:00+09:00,1036.0,1055.0,1036.0,1048.0,0,0.0,0.0
2023-11-02 10:00:00+09:00,1048.0,1054.0,1044.0,1049.0,214275,0.0,0.0
2023-11-02 11:00:00+09:00,1049.0,1053.0,1049.0,1050.0,45563,0.0,0.0
2023-11-02 12:00:00+09:00,1052.0,1054.0,1050.0,1052.0,15606,0.0,0.0
2023-11-02 13:00:00+09:00,1051.0,1055.0,1046.0,1053.0,53650,0.0,0.0
2023-11-02 14:00:00+09:00,1053.0,1054.0,1046.0,1049.0,38048,0.0,0.0
2023-11-03 09:00:00+09:00,1090.0,1151.0,1073.0,1085.0,2829497,0.0,0.0
2023-11-03 10:00:00+09:00,1084.0,1087.0,1073.0,1081.0,215130,0.0,0.0
2023-11-03 11:00:00+09:00,1080.0,1084.0,1073.0,1084.0,72393,0.0,0.0
2023-11-03 12:00:00+09:00,1084.0,1088.0,1076.0,1080.0,90382,0.0,0.0
2023-11-03 13:00:00+09:00,1079.0,1105.0,1079.0,1090.0,423153,0.0,0.0
2023-11-03 14:00:00+09:00,1090.0,1100.0,1081.0,1091.0,216408,0.0,0.0
2023-11-06 09:00:00+09:00,1085.0,1094.0,1074.0,1083.0,0,0.0,0.0
2023-11-06 10:00:00+09:00,1082.0,1087.0,1079.0,1085.0,95596,0.0,0.0
2023-11-06 11:00:00+09:00,1084.0,1086.0,1079.0,1083.0,58464,0.0,0.0
2023-11-06 12:00:00+09:00,1083.0,1083.0,1078.0,1079.0,58048,0.0,0.0
2023-11-06 13:00:00+09:00,1079.0,1084.0,1078.0,1081.0,54836,0.0,0.0
2023-11-06 14:00:00+09:00,1082.0,1085.0,1080.0,1082.0,82585,0.0,0.0
2023-11-07 09:00:00+09:00,1084.0,1084.0,1063.0,1074.0,131054,0.0,0.0
2023-11-07 10:00:00+09:00,1072.0,1090.0,1071.0,1084.0,82001,0.0,0.0
2023-11-07 11:00:00+09:00,1086.0,1086.0,1066.0,1070.0,65088,0.0,0.0
2023-11-07 12:00:00+09:00,1067.0,1069.0,1061.0,1069.0,76452,0.0,0.0
2023-11-07 13:00:00+09:00,1069.0,1069.0,1064.0,1068.0,25685,0.0,0.0
2023-11-07 14:00:00+09:00,1067.0,1067.0,1062.0,1062.0,49705,0.0,0.0
2023-11-08 09:00:00+09:00,1062.0,1080.0,1061.0,1070.0,134561,0.0,0.0
2023-11-08 10:00:00+09:00,1070.0,1072.0,1064.0,1069.0,48200,0.0,0.0
2023-11-08 11:00:00+09:00,1068.0,1069.0,1065.0,1068.0,17450,0.0,0.0
2023-11-08 12:00:00+09:00,1068.0,1068.0,1062.0,1065.0,31198,0.0,0.0
2023-11-08 13:00:00+09:00,1065.0,1067.0,1061.0,1067.0,53960,0.0,0.0
2023-11-08 14:00:00+09:00,1067.0,1067.0,1054.0,1054.0,81946,0.0,0.0
2023-11-09 09:00:00+09:00,1054.0,1062.0,1044.0,1046.0,128635,0.0,0.0
2023-11-09 10:00:00+09:00,1047.0,1057.0,1042.0,1053.0,53908,0.0,0.0
2023-11-09 11:00:00+09:00,1053.0,1054.0,1050.0,1052.0,9925,0.0,0.0
2023-11-09 12:00:00+09:00,1051.0,1052.0,1046.0,1046.0,23334,0.0,0.0
2023-11-09 13:00:00+09:00,1046.0,1055.0,1044.0,1047.0,26895,0.0,0.0
2023-11-09 14:00:00+09:00,1047.0,1053.0,1047.0,1048.0,27550,0.0,0.0
2023-11-10 09:00:00+09:00,1051.0,1051.0,1029.0,1031.0,118635,0.0,0.0
2023-11-10 10:00:00+09:00,1032.0,1034.0,1030.0,1033.0,27727,0.0,0.0
2023-11-10 11:00:00+09:00,1033.0,1035.0,1032.0,1035.0,18945,0.0,0.0
2023-11-10 12:00:00+09:00,1033.0,1035.0,1032.0,1034.0,24458,0.0,0.0
2023-11-10 13:00:00+09:00,1034.0,1036.0,1033.0,1035.0,9168,0.0,0.0
2023-11-10 14:00:00+09:00,1034.0,1036.0,1034.0,1035.0,18147,0.0,0.0
2023-11-13 09:00:00+09:00,1035.0,1040.0,1028.0,1037.0,0,0.0,0.0
2023-11-13 10:00:00+09:00,1036.0,1036.0,1027.0,1032.0,26733,0.0,0.0
2023-11-13 11:00:00+09:00,1032.0,1032.0,1025.0,1025.0,48730,0.0,0.0
2023-11-13 12:00:00+09:00,1026.0,1029.0,1023.0,1029.0,16829,0.0,0.0
2023-11-13 13:00:00+09:00,1029.0,1029.0,1025.0,1027.0,12382,0.0,0.0
2023-11-13 14:00:00+09:00,1025.0,1027.0,1023.0,1023.0,24833,0.0,0.0
2023-11-14 09:00:00+09:00,1022.0,1038.0,1019.0,1037.0,120438,0.0,0.0
2023-11-14 10:00:00+09:00,1037.0,1038.0,1034.0,1037.0,23144,0.0,0.0
2023-11-14 11:00:00+09:00,1038.0,1038.0,1034.0,1036.0,16812,0.0,0.0
2023-11-14 12:00:00+09:00,1036.0,1038.0,1035.0,1038.0,16076,0.0,0.0
2023-11-14 13:00:00+09:00,1038.0,1038.0,1035.0,1037.0,9416,0.0,0.0
2023-11-14 14:00:00+09:00,1037.0,1044.0,1034.0,1038.0,60997,0.0,0.0
2023-11-15 09:00:00+09:00,1040.0,1065.0,1040.0,1059.0,154079,0.0,0.0
2023-11-15 10:00:00+09:00,1060.0,1060.0,1053.0,1056.0,34914,0.0,0.0
2023-11-15 11:00:00+09:00,1056.0,1067.0,1056.0,1064.0,86708,0.0,0.0
2023-11-15 12:00:00+09:00,1064.0,1065.0,1060.0,1063.0,24698,0.0,0.0
2023-11-15 13:00:00+09:00,1063.0,1066.0,1057.0,1059.0,33846,0.0,0.0
2023-11-15 14:00:00+09:00,1060.0,1063.0,1057.0,1062.0,11680,0.0,0.0
2023-11-16 10:00:00+09:00,1058.0,1068.0,1049.0,1065.0,47689,0.0,0.0
2023-11-16 11:00:00+09:00,1063.0,1069.0,1051.0,1064.0,107679,0.0,0.0
2023-11-16 12:00:00+09:00,1069.0,1070.0,1065.0,1067.0,36961,0.0,0.0
2023-11-16 13:00:00+09:00,1067.0,1068.0,1063.0,1066.0,36244,0.0,0.0
2023-11-16 14:00:00+09:00,1066.0,1067.0,1064.0,1064.0,27683,0.0,0.0
2023-11-17 09:00:00+09:00,1065.0,1065.0,1040.0,1045.0,122397,0.0,0.0
2023-11-17 10:00:00+09:00,1045.0,1045.0,1039.0,1042.0,47886,0.0,0.0
2023-11-17 11:00:00+09:00,1042.0,1046.0,1042.0,1046.0,15468,0.0,0.0
2023-11-17 12:00:00+09:00,1044.0,1046.0,1037.0,1039.0,131394,0.0,0.0
2023-11-17 13:00:00+09:00,1039.0,1045.0,1039.0,1042.0,8192,0.0,0.0
2023-11-17 14:00:00+09:00,1042.0,1044.0,1040.0,1041.0,11741,0.0,0.0
2023-11-20 09:00:00+09:00,1045.0,1057.0,1030.0,1053.0,0,0.0,0.0
2023-11-20 10:00:00+09:00,1057.0,1064.0,1049.0,1057.0,80880,0.0,0.0
2023-11-20 11:00:00+09:00,1057.0,1064.0,1056.0,1056.0,106025,0.0,0.0
2023-11-20 12:00:00+09:00,1057.0,1061.0,1053.0,1056.0,14892,0.0,0.0
2023-11-20 13:00:00+09:00,1058.0,1060.0,1057.0,1059.0,13176,0.0,0.0
2023-11-20 14:00:00+09:00,1059.0,1059.0,1058.0,1058.0,18991,0.0,0.0
2023-11-21 09:00:00+09:00,1055.0,1068.0,1055.0,1065.0,104393,0.0,0.0
2023-11-21 10:00:00+09:00,1066.0,1072.0,1059.0,1071.0,80158,0.0,0.0
2023-11-21 11:00:00+09:00,1071.0,1072.0,1067.0,1069.0,31105,0.0,0.0
2023-11-21 12:00:00+09:00,1069.0,1069.0,1067.0,1069.0,5581,0.0,0.0
2023-11-21 13:00:00+09:00,1069.0,1071.0,1066.0,1066.0,28857,0.0,0.0
2023-11-21 14:00:00+09:00,1067.0,1071.0,1066.0,1067.0,40076,0.0,0.0
2023-11-22 09:00:00+09:00,1072.0,1075.0,1060.0,1063.0,87225,0.0,0.0
2023-11-22 10:00:00+09:00,1063.0,1070.0,1063.0,1064.0,29881,0.0,0.0
2023-11-22 11:00:00+09:00,1063.0,1064.0,1059.0,1063.0,20875,0.0,0.0
2023-11-22 12:00:00+09:00,1064.0,1065.0,1062.0,1062.0,16043,0.0,0.0
2023-11-22 13:00:00+09:00,1061.0,1065.0,1060.0,1065.0,30878,0.0,0.0
2023-11-22 14:00:00+09:00,1063.0,1065.0,1062.0,1064.0,0,0.0,0.0
2023-11-23 09:00:00+09:00,1066.0,1078.0,1058.0,1078.0,105647,0.0,0.0
2023-11-23 10:00:00+09:00,1077.0,1081.0,1076.0,1079.0,55252,0.0,0.0
2023-11-23 11:00:00+09:00,1078.0,1081.0,1076.0,1078.0,50157,0.0,0.0
2023-11-23 12:00:00+09:00,1076.0,1078.0,1074.0,1074.0,18950,0.0,0.0
2023-11-23 13:00:00+09:00,1074.0,1077.0,1071.0,1072.0,62741,0.0,0.0
2023-11-23 14:00:00+09:00,1072.0,1073.0,1067.0,1071.0,46472,0.0,0.0
2023-11-24 09:00:00+09:00,1075.0,1079.0,1068.0,1072.0,46270,0.0,0.0
2023-11-24 10:00:00+09:00,1072.0,1075.0,1068.0,1070.0,37265,0.0,0.0
2023-11-24 11:00:00+09:00,1070.0,1074.0,1069.0,1072.0,14388,0.0,0.0
2023-11-24 12:00:00+09:00,1072.0,1074.0,1068.0,1073.0,23085,0.0,0.0
2023-11-24 13:00:00+09:00,1072.0,1073.0,1069.0,1071.0,14350,0.0,0.0
2023-11-24 14:00:00+09:00,1071.0,1071.0,1064.0,1066.0,38872,0.0,0.0
2023-11-27 09:00:00+09:00,1068.0,1068.0,1052.0,1055.0,0,0.0,0.0
2023-11-27 10:00:00+09:00,1055.0,1062.0,1052.0,1062.0,41184,0.0,0.0
2023-11-27 11:00:00+09:00,1062.0,1063.0,1053.0,1053.0,35918,0.0,0.0
2023-11-27 12:00:00+09:00,1053.0,1057.0,1053.0,1057.0,21862,0.0,0.0
2023-11-27 13:00:00+09:00,1057.0,1059.0,1053.0,1053.0,11707,0.0,0.0
2023-11-27 14:00:00+09:00,1053.0,1055.0,1049.0,1050.0,37724,0.0,0.0
2023-11-28 09:00:00+09:00,1055.0,1065.0,1052.0,1057.0,36592,0.0,0.0
2023-11-28 10:00:00+09:00,1056.0,1061.0,1050.0,1055.0,33661,0.0,0.0
2023-11-28 11:00:00+09:00,1061.0,1061.0,1053.0,1055.0,6604,0.0,0.0
2023-11-28 12:00:00+09:00,1053.0,1055.0,1051.0,1051.0,16754,0.0,0.0
2023-11-28 13:00:00+09:00,1051.0,1055.0,1050.0,1052.0,59010,0.0,0.0
2023-11-28 14:00:00+09:00,1050.0,1135.0,1047.0,1069.0,1476469,0.0,0.0
2023-11-29 09:00:00+09:00,1060.0,1063.0,1046.0,1053.0,263984,0.0,0.0
2023-11-29 10:00:00+09:00,1053.0,1061.0,1052.0,1060.0,59567,0.0,0.0
2023-11-29 11:00:00+09:00,1055.0,1060.0,1055.0,1055.0,32434,0.0,0.0
2023-11-29 12:00:00+09:00,1055.0,1061.0,1052.0,1061.0,36521,0.0,0.0
2023-11-29 13:00:00+09:00,1061.0,1066.0,1053.0,1063.0,46184,0.0,0.0
2023-11-29 14:00:00+09:00,1062.0,1064.0,1056.0,1063.0,68926,0.0,0.0
2023-11-30 09:00:00+09:00,1081.0,1097.0,1066.0,1076.0,313363,0.0,0.0
2023-11-30 10:00:00+09:00,1075.0,1100.0,1064.0,1074.0,328295,0.0,0.0
2023-11-30 11:00:00+09:00,1074.0,1076.0,1070.0,1076.0,30173,0.0,0.0
2023-11-30 12:00:00+09:00,1074.0,1076.0,1071.0,1074.0,29793,0.0,0.0
2023-11-30 13:00:00+09:00,1073.0,1074.0,1071.0,1074.0,20738,0.0,0.0
2023-11-30 14:00:00+09:00,1072.0,1074.0,1067.0,1070.0,0,0.0,0.0
2023-12-01 09:00:00+09:00,1061.0,1068.0,1060.0,1064.0,90043,0.0,0.0
2023-12-01 10:00:00+09:00,1064.0,1073.0,1061.0,1073.0,54823,0.0,0.0
2023-12-01 11:00:00+09:00,1073.0,1073.0,1068.0,1070.0,20220,0.0,0.0
2023-12-01 12:00:00+09:00,1070.0,1070.0,1066.0,1068.0,23841,0.0,0.0
2023-12-01 13:00:00+09:00,1068.0,1069.0,1066.0,1069.0,15976,0.0,0.0
2023-12-01 14:00:00+09:00,1069.0,1071.0,1066.0,1071.0,35772,0.0,0.0
2023-12-04 09:00:00+09:00,1067.0,1069.0,1061.0,1065.0,0,0.0,0.0
2023-12-04 10:00:00+09:00,1066.0,1067.0,1057.0,1059.0,71713,0.0,0.0
2023-12-04 11:00:00+09:00,1059.0,1061.0,1059.0,1060.0,17950,0.0,0.0
2023-12-04 12:00:00+09:00,1060.0,1064.0,1060.0,1062.0,27402,0.0,0.0
2023-12-04 13:00:00+09:00,1061.0,1064.0,1060.0,1061.0,57782,0.0,0.0
2023-12-04 14:00:00+09:00,1061.0,1064.0,1060.0,1062.0,9714,0.0,0.0
2023-12-05 09:00:00+09:00,1057.0,1065.0,1052.0,1058.0,70233,0.0,0.0
2023-12-05 10:00:00+09:00,1059.0,1066.0,1057.0,1062.0,27656,0.0,0.0
2023-12-05 11:00:00+09:00,1062.0,1063.0,1059.0,1060.0,10813,0.0,0.0
2023-12-05 12:00:00+09:00,1060.0,1062.0,1057.0,1059.0,13482,0.0,0.0
2023-12-05 13:00:00+09:00,1059.0,1059.0,1055.0,1056.0,35616,0.0,0.0
2023-12-05 14:00:00+09:00,1056.0,1058.0,1050.0,1050.0,142123,0.0,0.0
2023-12-06 09:00:00+09:00,1049.0,1053.0,1037.0,1042.0,125211,0.0,0.0
2023-12-06 10:00:00+09:00,1042.0,1048.0,1038.0,1040.0,61325,0.0,0.0
2023-12-06 11:00:00+09:00,1039.0,1045.0,1039.0,1042.0,58639,0.0,0.0
2023-12-06 12:00:00+09:00,1045.0,1049.0,1043.0,1048.0,16779,0.0,0.0
2023-12-06 13:00:00+09:00,1048.0,1050.0,1048.0,1050.0,8539,0.0,0.0
2023-12-06 14:00:00+09:00,1050.0,1053.0,1047.0,1053.0,60756,0.0,0.0
2023-12-07 09:00:00+09:00,1061.0,1061.0,1052.0,1058.0,59456,0.0,0.0
2023-12-07 10:00:00+09:00,1058.0,1058.0,1050.0,1052.0,39919,0.0,0.0
2023-12-07 11:00:00+09:00,1052.0,1052.0,1048.0,1051.0,25917,0.0,0.0
2023-12-07 12:00:00+09:00,1050.0,1079.0,1048.0,1062.0,110839,0.0,0.0
2023-12-07 13:00:00+09:00,1062.0,1062.0,1056.0,1058.0,51249,0.0,0.0
2023-12-07 14:00:00+09:00,1057.0,1058.0,1050.0,1050.0,97275,0.0,0.0
2023-12-08 09:00:00+09:00,1051.0,1060.0,1050.0,1055.0,50500,0.0,0.0
2023-12-08 10:00:00+09:00,1054.0,1055.0,1052.0,1054.0,42201,0.0,0.0
2023-12-08 11:00:00+09:00,1052.0,1054.0,1052.0,1053.0,28221,0.0,0.0
2023-12-08 12:00:00+09:00,1052.0,1053.0,1045.0,1053.0,40226,0.0,0.0
2023-12-08 13:00:00+09:00,1052.0,1053.0,1044.0,1051.0,52259,0.0,0.0
2023-12-08 14:00:00+09:00,1050.0,1051.0,1045.0,1048.0,41639,0.0,0.0
2023-12-11 09:00:00+09:00,1052.0,1063.0,1052.0,1063.0,0,0.0,0.0
2023-12-11 10:00:00+09:00,1063.0,1069.0,1062.0,1068.0,108239,0.0,0.0
2023-12-11 11:00:00+09:00,1066.0,1067.0,1064.0,1064.0,18183,0.0,0.0
2023-12-11 12:00:00+09:00,1065.0,1065.0,1061.0,1064.0,16308,0.0,0.0
2023-12-11 13:00:00+09:00,1064.0,1068.0,1062.0,1066.0,37103,0.0,0.0
2023-12-11 14:00:00+09:00,1067.0,1070.0,1066.0,1068.0,47638,0.0,0.0
2023-12-12 09:00:00+09:00,1069.0,1076.0,1066.0,1074.0,95791,0.0,0.0
2023-12-12 10:00:00+09:00,1074.0,1075.0,1071.0,1074.0,27875,0.0,0.0
2023-12-12 11:00:00+09:00,1073.0,1075.0,1071.0,1073.0,31036,0.0,0.0
2023-12-12 12:00:00+09:00,1073.0,1073.0,1071.0,1072.0,18496,0.0,0.0
2023-12-12 13:00:00+09:00,1072.0,1073.0,1069.0,1071.0,34553,0.0,0.0
2023-12-12 14:00:00+09:00,1071.0,1071.0,1069.0,1070.0,22161,0.0,0.0
2023-12-13 09:00:00+09:00,1070.0,1077.0,1061.0,1063.0,66286,0.0,0.0
2023-12-13 10:00:00+09:00,1063.0,1066.0,1061.0,1066.0,27131,0.0,0.0
2023-12-13 11:00:00+09:00,1066.0,1067.0,1062.0,1067.0,24277,0.0,0.0
2023-12-13 12:00:00+09:00,1067.0,1072.0,1062.0,1064.0,19738,0.0,0.0
2023-12-13 13:00:00+09:00,1064.0,1066.0,1061.0,1061.0,39811,0.0,0.0
2023-12-13 14:00:00+09:00,1061.0,1064.0,1053.0,1053.0,62832,0.0,0.0
2023-12-14 09:00:00+09:00,1061.0,1066.0,1032.0,1056.0,117330,0.0,0.0
2023-12-14 10:00:00+09:00,1056.0,1058.0,1050.0,1051.0,49828,0.0,0.0
2023-12-14 11:00:00+09:00,1051.0,1056.0,1045.0,1050.0,69079,0.0,0.0
2023-12-14 12:00:00+09:00,1052.0,1053.0,1045.0,1048.0,20655,0.0,0.0
2023-12-14 13:00:00+09:00,1050.0,1057.0,1048.0,1052.0,31017,0.0,0.0
2023-12-14 14:00:00+09:00,1052.0,1055.0,1048.0,1054.0,31725,0.0,0.0
2023-12-15 09:00:00+09:00,1053.0,1065.0,1050.0,1065.0,84197,0.0,0.0
2023-12-15 10:00:00+09:00,1065.0,1072.0,1058.0,1072.0,104829,0.0,0.0
2023-12-15 11:00:00+09:00,1072.0,1072.0,1058.0,1064.0,26589,0.0,0.0
2023-12-15 12:00:00+09:00,1062.0,1064.0,1060.0,1063.0,18685,0.0,0.0
2023-12-15 13:00:00+09:00,1063.0,1064.0,1057.0,1057.0,25213,0.0,0.0
2023-12-15 14:00:00+09:00,1063.0,1063.0,1055.0,1056.0,16260,0.0,0.0
2023-12-18 09:00:00+09:00,1065.0,1065.0,1052.0,1055.0,0,0.0,0.0
2023-12-18 10:00:00+09:00,1053.0,1059.0,1050.0,1059.0,38175,0.0,0.0
2023-12-18 11:00:00+09:00,1059.0,1059.0,1052.0,1055.0,26977,0.0,0.0
2023-12-18 12:00:00+09:00,1054.0,1056.0,1053.0,1056.0,7999,0.0,0.0
2023-12-18 13:00:00+09:00,1054.0,1056.0,1053.0,1053.0,21249,0.0,0.0
2023-12-18 14:00:00+09:00,1054.0,1058.0,1053.0,1055.0,15710,0.0,0.0
2023-12-19 09:00:00+09:00,1055.0,1057.0,1047.0,1049.0,86771,0.0,0.0
2023-12-19 10:00:00+09:00,1053.0,1054.0,1049.0,1049.0,33095,0.0,0.0
2023-12-19 11:00:00+09:00,1049.0,1053.0,1049.0,1053.0,29882,0.0,0.0
2023-12-19 12:00:00+09:00,1053.0,1053.0,1049.0,1052.0,11857,0.0,0.0
2023-12-19 13:00:00+09:00,1052.0,1055.0,1050.0,1051.0,30739,0.0,0.0
2023-12-19 14:00:00+09:00,1051.0,1053.0,1049.0,1049.0,29371,0.0,0.0
2023-12-20 09:00:00+09:00,1049.0,1058.0,1047.0,1055.0,123088,0.0,0.0
2023-12-20 10:00:00+09:00,1056.0,1058.0,1054.0,1058.0,32788,0.0,0.0
2023-12-20 11:00:00+09:00,1058.0,1060.0,1056.0,1058.0,28827,0.0,0.0
2023-12-20 12:00:00+09:00,1058.0,1059.0,1055.0,1057.0,18526,0.0,0.0
2023-12-20 13:00:00+09:00,1057.0,1059.0,1056.0,1058.0,12352,0.0,0.0
2023-12-20 14:00:00+09:00,1057.0,1058.0,1052.0,1057.0,44935,0.0,0.0
2023-12-21 09:00:00+09:00,1052.0,1058.0,1046.0,1052.0,59520,0.0,0.0
2023-12-21 10:00:00+09:00,1052.0,1053.0,1046.0,1046.0,57233,0.0,0.0
2023-12-21 11:00:00+09:00,1047.0,1051.0,1045.0,1050.0,20118,0.0,0.0
2023-12-21 12:00:00+09:00,1050.0,1051.0,1046.0,1049.0,15089,0.0,0.0
2023-12-21 13:00:00+09:00,1048.0,1049.0,1046.0,1046.0,18405,0.0,0.0
2023-12-21 14:00:00+09:00,1046.0,1048.0,1045.0,1046.0,22572,0.0,0.0
2023-12-22 09:00:00+09:00,1046.0,1046.0,1040.0,1044.0,107950,0.0,0.0
2023-12-22 10:00:00+09:00,1044.0,1047.0,1044.0,1045.0,12445,0.0,0.0
2023-12-22 11:00:00+09:00,1044.0,1045.0,1040.0,1041.0,36934,0.0,0.0
2023-12-22 12:00:00+09:00,1042.0,1043.0,1041.0,1043.0,14721,0.0,0.0
2023-12-22 13:00:00+09:00,1043.0,1043.0,1041.0,1043.0,19611,0.0,0.0
2023-12-22 14:00:00+09:00,1043.0,1043.0,1040.0,1042.0,32310,0.0,0.0
2023-12-26 09:00:00+09:00,1041.0,1047.0,1034.0,1036.0,0,0.0,0.0
2023-12-26 10:00:00+09:00,1036.0,1040.0,1035.0,1039.0,14098,0.0,0.0
2023-12-26 11:00:00+09:00,1040.0,1040.0,1036.0,1038.0,6507,0.0,0.0
2023-12-26 12:00:00+09:00,1037.0,1039.0,1036.0,1039.0,15787,0.0,0.0
2023-12-26 13:00:00+09:00,1039.0,1046.0,1038.0,1040.0,52043,0.0,0.0
2023-12-26 14:00:00+09:00,1040.0,1041.0,1035.0,1036.0,29837,0.0,0.0
2023-12-27 09:00:00+09:00,1042.0,1042.0,1035.0,1035.0,36264,0.0,0.0
2023-12-27 10:00:00+09:00,1040.0,1042.0,1035.0,1040.0,46368,0.0,0.0
2023-12-27 11:00:00+09:00,1040.0,1040.0,1037.0,1037.0,10556,0.0,0.0
2023-12-27 12:00:00+09:00,1039.0,1041.0,1037.0,1041.0,13568,0.0,0.0
2023-12-27 13:00:00+09:00,1038.0,1041.0,1034.0,1036.0,66598,0.0,0.0
2023-12-27 14:00:00+09:00,1038.0,1040.0,1034.0,1040.0,35738,0.0,0.0
2023-12-28 09:00:00+09:00,1036.0,1040.0,1030.0,1040.0,72727,0.0,0.0
2023-12-28 10:00:00+09:00,1040.0,1044.0,1038.0,1040.0,37678,0.0,0.0
2023-12-28 11:00:00+09:00,1039.0,1047.0,1039.0,1044.0,25056,0.0,0.0
2023-12-28 12:00:00+09:00,1044.0,1045.0,1043.0,1045.0,12083,0.0,0.0
2023-12-28 13:00:00+09:00,1045.0,1054.0,1044.0,1053.0,87215,0.0,0.0
2023-12-28 14:00:00+09:00,1053.0,1056.0,1049.0,1055.0,84184,0.0,0.0
2024-01-02 10:00:00+09:00,1053.0,1059.0,1049.0,1056.0,42459,0.0,0.0
2024-01-02 11:00:00+09:00,1056.0,1065.0,1055.0,1063.0,78195,0.0,0.0
2024-01-02 12:00:00+09:00,1063.0,1066.0,1058.0,1063.0,63964,0.0,0.0
2024-01-02 13:00:00+09:00,1063.0,1064.0,1055.0,1058.0,32606,0.0,0.0
2024-01-02 14:00:00+09:00,1062.0,1064.0,1061.0,1063.0,31781,0.0,0.0
2024-01-03 09:00:00+09:00,1074.0,1074.0,1052.0,1055.0,56300,0.0,0.0
2024-01-03 10:00:00+09:00,1053.0,1059.0,1051.0,1054.0,39512,0.0,0.0
2024-01-03 11:00:00+09:00,1054.0,1057.0,1053.0,1053.0,30673,0.0,0.0
2024-01-03 12:00:00+09:00,1053.0,1060.0,1053.0,1053.0,40333,0.0,0.0
2024-01-03 13:00:00+09:00,1060.0,1060.0,1053.0,1057.0,14908,0.0,0.0
2024-01-03 14:00:00+09:00,1055.0,1057.0,1054.0,1056.0,18754,0.0,0.0
2024-01-04 09:00:00+09:00,1051.0,1063.0,1051.0,1052.0,24287,0.0,0.0
2024-01-04 10:00:00+09:00,1052.0,1056.0,1052.0,1054.0,27486,0.0,0.0
2024-01-04 11:00:00+09:00,1053.0,1057.0,1052.0,1057.0,25251,0.0,0.0
2024-01-04 12:00:00+09:00,1057.0,1060.0,1055.0,1058.0,34718,0.0,0.0
2024-01-04 13:00:00+09:00,1056.0,1060.0,1055.0,1060.0,82517,0.0,0.0
2024-01-04 14:00:00+09:00,1060.0,1060.0,1057.0,1057.0,20182,0.0,0.0
2024-01-05 09:00:00+09:00,1055.0,1064.0,1055.0,1063.0,32475,0.0,0.0
2024-01-05 10:00:00+09:00,1063.0,1063.0,1060.0,1062.0,30036,0.0,0.0
2024-01-05 11:00:00+09:00,1061.0,1066.0,1061.0,1066.0,23270,0.0,0.0
2024-01-05 12:00:00+09:00,1065.0,1068.0,1064.0,1067.0,43073,0.0,0.0
2024-01-05 13:00:00+09:00,1068.0,1068.0,1060.0,1062.0,38499,0.0,0.0
2024-01-05 14:00:00+09:00,1062.0,1063.0,1059.0,1063.0,21900,0.0,0.0
2024-01-08 09:00:00+09:00,1066.0,1066.0,1053.0,1063.0,0,0.0,0.0
2024-01-08 10:00:00+09:00,1062.0,1067.0,1062.0,1064.0,25060,0.0,0.0
2024-01-08 11:00:00+09:00,1066.0,1070.0,1064.0,1069.0,41725,0.0,0.0
2024-01-08 12:00:00+09:00,1069.0,1069.0,1063.0,1067.0,22525,0.0,0.0
2024-01-08 13:00:00+09:00,1068.0,1068.0,1063.0,1067.0,15250,0.0,0.0
2024-01-08 14:00:00+09:00,1067.0,1069.0,1062.0,1063.0,25332,0.0,0.0
2024-01-09 09:00:00+09:00,1073.0,1074.0,1058.0,1067.0,42235,0.0,0.0
2024-01-09 10:00:00+09:00,1068.0,1069.0,1063.0,1067.0,20931,0.0,0.0
2024-01-09 11:00:00+09:00,1067.0,1069.0,1063.0,1065.0,27332,0.0,0.0
2024-01-09 12:00:00+09:00,1066.0,1066.0,1063.0,1065.0,29345,0.0,0.0
2024-01-09 13:00:00+09:00,1064.0,1065.0,1063.0,1065.0,15550,0.0,0.0
2024-01-09 14:00:00+09:00,1066.0,1066.0,1063.0,1065.0,18540,0.0,0.0
2024-01-10 09:00:00+09:00,1065.0,1075.0,1060.0,1066.0,40759,0.0,0.0
2024-01-10 10:00:00+09:00,1066.0,1080.0,1062.0,1080.0,134102,0.0,0.0
2024-01-10 11:00:00+09:00,1080.0,1080.0,1070.0,1073.0,95802,0.0,0.0
2024-01-10 12:00:00+09:00,1073.0,1076.0,1071.0,1073.0,33529,0.0,0.0
2024-01-10 13:00:00+09:00,1073.0,1079.0,1071.0,1073.0,55404,0.0,0.0
2024-01-10 14:00:00+09:00,1074.0,1080.0,1074.0,1078.0,90553,0.0,0.0
2024-01-11 09:00:00+09:00,1080.0,1093.0,1080.0,1086.0,215919,0.0,0.0
2024-01-11 10:00:00+09:00,1085.0,1091.0,1085.0,1089.0,58136,0.0,0.0
2024-01-11 11:00:00+09:00,1090.0,1097.0,1090.0,1092.0,86818,0.0,0.0
2024-01-11 12:00:00+09:00,1092.0,1093.0,1084.0,1087.0,56849,0.0,0.0
2024-01-11 13:00:00+09:00,1087.0,1090.0,1084.0,1085.0,30978,0.0,0.0
2024-01-11 14:00:00+09:00,1084.0,1089.0,1081.0,1084.0,42018,0.0,0.0
2024-01-12 09:00:00+09:00,1081.0,1090.0,1050.0,1059.0,152059,0.0,0.0
2024-01-12 10:00:00+09:00,1059.0,1068.0,1055.0,1063.0,21265,0.0,0.0
2024-01-12 11:00:00+09:00,1063.0,1067.0,1060.0,1060.0,16578,0.0,0.0
2024-01-12 12:00:00+09:00,1066.0,1067.0,1060.0,1065.0,31808,0.0,0.0
2024-01-12 13:00:00+09:00,1062.0,1065.0,1059.0,1060.0,20582,0.0,0.0
2024-01-12 14:00:00+09:00,1063.0,1064.0,1060.0,1060.0,15977,0.0,0.0
2024-01-15 09:00:00+09:00,1062.0,1072.0,1051.0,1070.0,0,0.0,0.0
2024-01-15 10:00:00+09:00,1070.0,1072.0,1063.0,1063.0,19390,0.0,0.0
2024-01-15 11:00:00+09:00,1063.0,1069.0,1061.0,1068.0,31338,0.0,0.0
2024-01-15 12:00:00+09:00,1068.0,1068.0,1065.0,1067.0,12618,0.0,0.0
2024-01-15 13:00:00+09:00,1066.0,1067.0,1063.0,1066.0,12221,0.0,0.0
2024-01-15 14:00:00+09:00,1065.0,1066.0,1062.0,1064.0,13553,0.0,0.0
2024-01-16 09:00:00+09:00,1063.0,1072.0,1059.0,1064.0,78483,0.0,0.0
2024-01-16 10:00:00+09:00,1059.0,1064.0,1053.0,1057.0,51761,0.0,0.0
2024-01-16 11:00:00+09:00,1057.0,1060.0,1056.0,1056.0,16526,0.0,0.0
2024-01-16 12:00:00+09:00,1057.0,1060.0,1056.0,1058.0,18628,0.0,0.0
2024-01-16 13:00:00+09:00,1058.0,1060.0,1056.0,1060.0,7509,0.0,0.0
2024-01-16 14:00:00+09:00,1060.0,1063.0,1056.0,1057.0,24240,0.0,0.0
2024-01-17 09:00:00+09:00,1058.0,1061.0,1041.0,1043.0,95628,0.0,0.0
2024-01-17 10:00:00+09:00,1048.0,1049.0,1041.0,1043.0,42163,0.0,0.0
2024-01-17 11:00:00+09:00,1042.0,1048.0,1041.0,1045.0,38159,0.0,0.0
2024-01-17 12:00:00+09:00,1043.0,1043.0,1036.0,1038.0,81744,0.0,0.0
2024-01-17 13:00:00+09:00,1038.0,1039.0,1037.0,1039.0,35274,0.0,0.0
2024-01-17 14:00:00+09:00,1039.0,1039.0,1036.0,1039.0,50979,0.0,0.0
2024-01-18 09:00:00+09:00,1037.0,1045.0,1037.0,1044.0,63763,0.0,0.0
2024-01-18 10:00:00+09:00,1044.0,1044.0,1039.0,1041.0,24214,0.0,0.0
2024-01-18 11:00:00+09:00,1041.0,1044.0,1040.0,1040.0,35081,0.0,0.0
2024-01-18 12:00:00+09:00,1040.0,1044.0,1040.0,1044.0,15899,0.0,0.0
2024-01-18 13:00:00+09:00,1044.0,1045.0,1041.0,1041.0,27999,0.0,0.0
2024-01-18 14:00:00+09:00,1043.0,1043.0,1040.0,1041.0,14353,0.0,0.0
2024-01-19 09:00:00+09:00,1041.0,1064.0,1041.0,1059.0,119522,0.0,0.0
2024-01-19 10:00:00+09:00,1059.0,1068.0,1051.0,1059.0,123675,0.0,0.0
2024-01-19 11:00:00+09:00,1063.0,1065.0,1056.0,1059.0,29228,0.0,0.0
2024-01-19 12:00:00+09:00,1058.0,1060.0,1056.0,1057.0,27692,0.0,0.0
2024-01-19 13:00:00+09:00,1060.0,1063.0,1056.0,1059.0,52037,0.0,0.0
2024-01-19 14:00:00+09:00,1057.0,1060.0,1049.0,1050.0,28511,0.0,0.0
2024-01-22 09:00:00+09:00,1064.0,1066.0,1050.0,1056.0,0,0.0,0.0
2024-01-22 10:00:00+09:00,1054.0,1056.0,1053.0,1053.0,36469,0.0,0.0
2024-01-22 11:00:00+09:00,1053.0,1056.0,1053.0,1054.0,13202,0.0,0.0
2024-01-22 12:00:00+09:00,1054.0,1056.0,1050.0,1052.0,27766,0.0,0.0
2024-01-22 13:00:00+09:00,1052.0,1055.0,1051.0,1054.0,8691,0.0,0.0
2024-01-22 14:00:00+09:00,1053.0,1054.0,1050.0,1053.0,35794,0.0,0.0
2024-01-23 09:00:00+09:00,1062.0,1062.0,1045.0,1056.0,76159,0.0,0.0
2024-01-23 10:00:00+09:00,1057.0,1059.0,1051.0,1057.0,27110,0.0,0.0
2024-01-23 11:00:00+09:00,1056.0,1069.0,1056.0,1062.0,0,0.0,0.0
2024-01-23 12:00:00+09:00,1062.0,1063.0,1059.0,1062.0,210085,0.0,0.0
2024-01-23 13:00:00+09:00,1061.0,1062.0,1051.0,1052.0,45235,0.0,0.0
2024-01-23 14:00:00+09:00,1052.0,1057.0,1052.0,1054.0,15811,0.0,0.0
2024-01-24 09:00:00+09:00,1056.0,1059.0,1047.0,1050.0,106041,0.0,0.0
2024-01-24 10:00:00+09:00,1048.0,1050.0,1045.0,1048.0,52073,0.0,0.0
2024-01-24 11:00:00+09:00,1049.0,1052.0,1047.0,1052.0,20131,0.0,0.0
2024-01-24 12:00:00+09:00,1052.0,1052.0,1048.0,1050.0,7193,0.0,0.0
2024-01-24 13:00:00+09:00,1050.0,1051.0,1048.0,1049.0,5876,0.0,0.0
2024-01-24 14:00:00+09:00,1050.0,1050.0,1047.0,1050.0,8611,0.0,0.0
2024-01-25 09:00:00+09:00,1053.0,1053.0,1038.0,1039.0,109914,0.0,0.0
2024-01-25 10:00:00+09:00,1040.0,1044.0,1037.0,1040.0,52852,0.0,0.0
2024-01-25 11:00:00+09:00,1040.0,1040.0,1038.0,1039.0,25421,0.0,0.0
2024-01-25 12:00:00+09:00,1039.0,1040.0,1038.0,1040.0,26173,0.0,0.0
2024-01-25 13:00:00+09:00,1038.0,1047.0,1037.0,1047.0,32951,0.0,0.0
2024-01-25 14:00:00+09:00,1044.0,1047.0,1043.0,1044.0,8892,0.0,0.0
2024-01-26 09:00:00+09:00,1039.0,1047.0,1031.0,1040.0,78271,0.0,0.0
2024-01-26 10:00:00+09:00,1040.0,1047.0,1038.0,1044.0,33489,0.0,0.0
2024-01-26 11:00:00+09:00,1044.0,1048.0,1044.0,1045.0,6272,0.0,0.0
2024-01-26 12:00:00+09:00,1045.0,1046.0,1041.0,1042.0,17097,0.0,0.0
2024-01-26 13:00:00+09:00,1042.0,1045.0,1041.0,1041.0,5451,0.0,0.0
2024-01-26 14:00:00+09:00,1041.0,1044.0,1041.0,1041.0,17473,0.0,0.0
2024-01-29 09:00:00+09:00,1043.0,1049.0,1038.0,1043.0,0,0.0,0.0
2024-01-29 10:00:00+09:00,1042.0,1043.0,1040.0,1042.0,9792,0.0,0.0
2024-01-29 11:00:00+09:00,1042.0,1042.0,1040.0,1042.0,30896,0.0,0.0
2024-01-29 12:00:00+09:00,1041.0,1042.0,1041.0,1042.0,25760,0.0,0.0
2024-01-29 13:00:00+09:00,1042.0,1044.0,1040.0,1041.0,29140,0.0,0.0
2024-01-29 14:00:00+09:00,1043.0,1043.0,1036.0,1039.0,53151,0.0,0.0
2024-01-30 09:00:00+09:00,1049.0,1049.0,1040.0,1043.0,50550,0.0,0.0
2024-01-30 10:00:00+09:00,1042.0,1043.0,1040.0,1041.0,42205,0.0,0.0
2024-01-30 11:00:00+09:00,1041.0,1042.0,1038.0,1038.0,32452,0.0,0.0
2024-01-30 12:00:00+09:00,1038.0,1040.0,1036.0,1040.0,18305,0.0,0.0
2024-01-30 13:00:00+09:00,1040.0,1043.0,1038.0,1043.0,25786,0.0,0.0
2024-01-30 14:00:00+09:00,1043.0,1045.0,1041.0,1042.0,7625,0.0,0.0
2024-01-31 09:00:00+09:00,1047.0,1047.0,1035.0,1038.0,52166,0.0,0.0
2024-01-31 10:00:00+09:00,1038.0,1041.0,1035.0,1036.0,63860,0.0,0.0
2024-01-31 11:00:00+09:00,1036.0,1039.0,1034.0,1035.0,45307,0.0,0.0
2024-01-31 12:00:00+09:00,1034.0,1037.0,1034.0,1037.0,22845,0.0,0.0
2024-01-31 13:00:00+09:00,1036.0,1037.0,1034.0,1035.0,26276,0.0,0.0
2024-01-31 14:00:00+09:00,1035.0,1042.0,1034.0,1038.0,35699,0.0,0.0
2024-02-01 09:00:00+09:00,1040.0,1043.0,1034.0,1037.0,52405,0.0,0.0
2024-02-01 10:00:00+09:00,1041.0,1041.0,1035.0,1039.0,11843,0.0,0.0
2024-02-01 11:00:00+09:00,1038.0,1040.0,1036.0,1040.0,10505,0.0,0.0
2024-02-01 12:00:00+09:00,1040.0,1040.0,1036.0,1038.0,23847,0.0,0.0
2024-02-01 13:00:00+09:00,1037.0,1038.0,1036.0,1037.0,30110,0.0,0.0
2024-02-01 14:00:00+09:00,1037.0,1042.0,1036.0,1041.0,20175,0.0,0.0
2024-02-02 09:00:00+09:00,1047.0,1048.0,1040.0,1047.0,30590,0.0,0.0
2024-02-02 10:00:00+09:00,1047.0,1047.0,1042.0,1044.0,10733,0.0,0.0
2024-02-02 11:00:00+09:00,1043.0,1045.0,1042.0,1043.0,14051,0.0,0.0
2024-02-02 12:00:00+09:00,1044.0,1047.0,1043.0,1046.0,51917,0.0,0.0
2024-02-02 13:00:00+09:00,1047.0,1047.0,1044.0,1046.0,47489,0.0,0.0
2024-02-02 14:00:00+09:00,1046.0,1063.0,1045.0,1060.0,75402,0.0,0.0
2024-02-05 09:00:00+09:00,1064.0,1064.0,1046.0,1059.0,0,0.0,0.0
2024-02-05 10:00:00+09:00,1059.0,1065.0,1051.0,1052.0,105532,0.0,0.0
2024-02-05 11:00:00+09:00,1051.0,1057.0,1050.0,1056.0,23054,0.0,0.0
2024-02-05 12:00:00+09:00,1054.0,1056.0,1052.0,1053.0,18160,0.0,0.0
2024-02-05 13:00:00+09:00,1053.0,1055.0,1051.0,1053.0,21634,0.0,0.0
2024-02-05 14:00:00+09:00,1053.0,1053.0,1048.0,1049.0,38835,0.0,0.0
2024-02-06 09:00:00+09:00,1052.0,1093.0,1048.0,1059.0,549551,0.0,0.0
2024-02-06 10:00:00+09:00,1058.0,1064.0,1053.0,1064.0,102698,0.0,0.0
2024-02-06 11:00:00+09:00,1060.0,1061.0,1056.0,1060.0,15692,0.0,0.0
2024-02-06 12:00:00+09:00,1060.0,1065.0,1058.0,1060.0,35728,0.0,0.0
2024-02-06 13:00:00+09:00,1062.0,1062.0,1059.0,1060.0,29698,0.0,0.0
2024-02-06 14:00:00+09:00,1060.0,1061.0,1056.0,1057.0,29863,0.0,0.0
2024-02-07 09:00:00+09:00,1059.0,1067.0,1052.0,1053.0,80996,0.0,0.0
2024-02-07 10:00:00+09:00,1053.0,1060.0,1052.0,1060.0,36826,0.0,0.0
2024-02-07 11:00:00+09:00,1059.0,1061.0,1055.0,1060.0,20960,0.0,0.0
2024-02-07 12:00:00+09:00,1060.0,1062.0,1056.0,1059.0,8340,0.0,0.0
2024-02-07 13:00:00+09:00,1059.0,1060.0,1056.0,1059.0,21341,0.0,0.0
2024-02-07 14:00:00+09:00,1059.0,1059.0,1056.0,1059.0,13941,0.0,0.0
2024-02-08 09:00:00+09:00,1064.0,1065.0,1055.0,1057.0,45438,0.0,0.0
2024-02-08 10:00:00+09:00,1058.0,1058.0,1053.0,1054.0,25807,0.0,0.0
2024-02-08 11:00:00+09:00,1054.0,1057.0,1052.0,1057.0,30274,0.0,0.0
2024-02-08 12:00:00+09:00,1057.0,1057.0,1054.0,1055.0,26432,0.0,0.0
2024-02-08 13:00:00+09:00,1054.0,1055.0,1052.0,1055.0,29939,0.0,0.0
2024-02-08 14:00:00+09:00,1054.0,1059.0,1050.0,1058.0,49888,0.0,0.0
2024-02-13 09:00:00+09:00,1050.0,1072.0,1050.0,1064.0,0,0.0,0.0
2024-02-13 10:00:00+09:00,1064.0,1068.0,1061.0,1065.0,51299,0.0,0.0
2024-02-13 11:00:00+09:00,1065.0,1068.0,1061.0,1068.0,102560,0.0,0.0
2024-02-13 12:00:00+09:00,1069.0,1072.0,1066.0,1069.0,69215,0.0,0.0
2024-02-13 13:00:00+09:00,1066.0,1071.0,1066.0,1069.0,31207,0.0,0.0
2024-02-13 14:00:00+09:00,1069.0,1069.0,1064.0,1068.0,33724,0.0,0.0
2024-02-14 09:00:00+09:00,1067.0,1072.0,1055.0,1062.0,93483,0.0,0.0
2024-02-14 10:00:00+09:00,1065.0,1065.0,1060.0,1063.0,25451,0.0,0.0
2024-02-14 11:00:00+09:00,1063.0,1068.0,1060.0,1067.0,29931,0.0,0.0
2024-02-14 12:00:00+09:00,1066.0,1069.0,1065.0,1068.0,19572,0.0,0.0
2024-02-14 13:00:00+09:00,1068.0,1075.0,1066.0,1073.0,150533,0.0,0.0
2024-02-14 14:00:00+09:00,1073.0,1073.0,1069.0,1070.0,29028,0.0,0.0
2024-02-15 09:00:00+09:00,1068.0,1075.0,1062.0,1067.0,95633,0.0,0.0
2024-02-15 10:00:00+09:00,1067.0,1072.0,1065.0,1072.0,33595,0.0,0.0
2024-02-15 11:00:00+09:00,1072.0,1072.0,1066.0,1070.0,9402,0.0,0.0
2024-02-15 12:00:00+09:00,1070.0,1070.0,1065.0,1067.0,23532,0.0,0.0
2024-02-15 13:00:00+09:00,1066.0,1070.0,1065.0,1068.0,19866,0.0,0.0
2024-02-15 14:00:00+09:00,1068.0,1068.0,1061.0,1062.0,55988,0.0,0.0
2024-02-16 09:00:00+09:00,1062.0,1072.0,1062.0,1065.0,70571,0.0,0.0
2024-02-16 10:00:00+09:00,1067.0,1067.0,1063.0,1063.0,19746,0.0,0.0
2024-02-16 11:00:00+09:00,1064.0,1068.0,1063.0,1066.0,28332,0.0,0.0
2024-02-16 12:00:00+09:00,1065.0,1068.0,1063.0,1066.0,82954,0.0,0.0
2024-02-16 13:00:00+09:00,1066.0,1073.0,1065.0,1072.0,59337,0.0,0.0
2024-02-16 14:00:00+09:00,1071.0,1074.0,1066.0,1073.0,56456,0.0,0.0
2024-02-19 09:00:00+09:00,1071.0,1081.0,1064.0,1079.0,0,0.0,0.0
2024-02-19 10:00:00+09:00,1078.0,1079.0,1075.0,1076.0,26942,0.0,0.0
2024-02-19 11:00:00+09:00,1076.0,1077.0,1074.0,1076.0,33920,0.0,0.0
2024-02-19 12:00:00+09:00,1075.0,1077.0,1075.0,1077.0,20801,0.0,0.0
2024-02-19 13:00:00+09:00,1077.0,1077.0,1072.0,1074.0,28436,0.0,0.0
2024-02-19 14:00:00+09:00,1074.0,1076.0,1070.0,1075.0,51583,0.0,0.0
2024-02-20 09:00:00+09:00,1076.0,1082.0,1072.0,1074.0,83974,0.0,0.0
2024-02-20 10:00:00+09:00,1074.0,1079.0,1073.0,1075.0,31213,0.0,0.0
2024-02-20 11:00:00+09:00,1077.0,1077.0,1071.0,1075.0,24950,0.0,0.0
2024-02-20 12:00:00+09:00,1075.0,1076.0,1071.0,1076.0,19568,0.0,0.0
2024-02-20 13:00:00+09:00,1075.0,1076.0,1071.0,1075.0,35857,0.0,0.0
2024-02-20 14:00:00+09:00,1074.0,1075.0,1072.0,1074.0,26754,0.0,0.0
2024-02-21 09:00:00+09:00,1072.0,1075.0,1063.0,1069.0,78824,0.0,0.0
2024-02-21 10:00:00+09:00,1069.0,1069.0,1066.0,1068.0,27714,0.0,0.0
2024-02-21 11:00:00+09:00,1067.0,1068.0,1062.0,1063.0,34646,0.0,0.0
2024-02-21 12:00:00+09:00,1062.0,1065.0,1059.0,1061.0,37295,0.0,0.0
2024-02-21 13:00:00+09:00,1061.0,1062.0,1059.0,1060.0,33245,0.0,0.0
2024-02-21 14:00:00+09:00,1061.0,1061.0,1054.0,1055.0,129942,0.0,0.0
2024-02-22 09:00:00+09:00,1059.0,1064.0,1055.0,1057.0,48209,0.0,0.0
2024-02-22 10:00:00+09:00,1057.0,1061.0,1056.0,1061.0,58880,0.0,0.0
2024-02-22 11:00:00+09:00,1061.0,1061.0,1056.0,1060.0,22834,0.0,0.0
2024-02-22 12:00:00+09:00,1060.0,1063.0,1060.0,1063.0,38642,0.0,0.0
2024-02-22 13:00:00+09:00,1062.0,1064.0,1059.0,1063.0,51360,0.0,0.0
2024-02-22 14:00:00+09:00,1063.0,1092.0,1062.0,1069.0,291730,0.0,0.0
2024-02-23 09:00:00+09:00,1068.0,1069.0,1059.0,1060.0,89184,0.0,0.0
2024-02-23 10:00:00+09:00,1061.0,1064.0,1059.0,1064.0,36814,0.0,0.0
2024-02-23 11:00:00+09:00,1064.0,1064.0,1060.0,1061.0,34970,0.0,0.0
2024-02-23 12:00:00+09:00,1060.0,1063.0,1060.0,1061.0,25773,0.0,0.0
2024-02-23 13:00:00+09:00,1061.0,1062.0,1058.0,1058.0,18105,0.0,0.0
2024-02-23 14:00:00+09:00,1059.0,1061.0,1058.0,1058.0,27517,0.0,0.0
2024-02-26 09:00:00+09:00,1060.0,1065.0,1056.0,1059.0,0,0.0,0.0
2024-02-26 10:00:00+09:00,1059.0,1062.0,1056.0,1060.0,37437,0.0,0.0
2024-02-26 11:00:00+09:00,1060.0,1063.0,1056.0,1059.0,13568,0.0,0.0
2024-02-26 12:00:00+09:00,1063.0,1064.0,1057.0,1058.0,39722,0.0,0.0
2024-02-26 13:00:00+09:00,1058.0,1062.0,1057.0,1060.0,34674,0.0,0.0
2024-02-26 14:00:00+09:00,1060.0,1066.0,1057.0,1063.0,55897,0.0,0.0
2024-02-27 09:00:00+09:00,1064.0,1067.0,1048.0,1056.0,172801,0.0,0.0
2024-02-27 10:00:00+09:00,1056.0,1061.0,1053.0,1055.0,23939,0.0,0.0
2024-02-27 11:00:00+09:00,1055.0,1060.0,1054.0,1058.0,32253,0.0,0.0
2024-02-27 12:00:00+09:00,1058.0,1059.0,1055.0,1057.0,55993,0.0,0.0
2024-02-27 13:00:00+09:00,1057.0,1059.0,1053.0,1054.0,35842,0.0,0.0
2024-02-27 14:00:00+09:00,1054.0,1058.0,1050.0,1052.0,67598,0.0,0.0
2024-02-28 09:00:00+09:00,1053.0,1060.0,1053.0,1054.0,34083,0.0,0.0
2024-02-28 10:00:00+09:00,1053.0,1058.0,1052.0,1054.0,49997,0.0,0.0
2024-02-28 11:00:00+09:00,1053.0,1057.0,1051.0,1056.0,27036,0.0,0.0
2024-02-28 12:00:00+09:00,1053.0,1055.0,1051.0,1052.0,13629,0.0,0.0
2024-02-28 13:00:00+09:00,1052.0,1054.0,1051.0,1052.0,14981,0.0,0.0
2024-02-28 14:00:00+09:00,1052.0,1054.0,1051.0,1052.0,32200,0.0,0.0
2024-02-29 09:00:00+09:00,1053.0,1056.0,1051.0,1053.0,69041,0.0,0.0
2024-02-29 10:00:00+09:00,1053.0,1053.0,1050.0,1052.0,50446,0.0,0.0
2024-02-29 11:00:00+09:00,1052.0,1055.0,1050.0,1051.0,24887,0.0,0.0
2024-02-29 12:00:00+09:00,1053.0,1053.0,1051.0,1051.0,41144,0.0,0.0
2024-02-29 13:00:00+09:00,1052.0,1053.0,1050.0,1052.0,29317,0.0,0.0
2024-02-29 14:00:00+09:00,1051.0,1053.0,1050.0,1053.0,41628,0.0,0.0
2024-03-04 09:00:00+09:00,1053.0,1058.0,1050.0,1053.0,0,0.0,0.0
2024-03-04 10:00:00+09:00,1053.0,1057.0,1052.0,1057.0,27403,0.0,0.0
2024-03-04 11:00:00+09:00,1056.0,1059.0,1054.0,1059.0,35308,0.0,0.0
2024-03-04 12:00:00+09:00,1059.0,1059.0,1053.0,1053.0,12851,0.0,0.0
2024-03-04 13:00:00+09:00,1053.0,1057.0,1051.0,1051.0,17386,0.0,0.0
2024-03-04 14:00:00+09:00,1051.0,1054.0,1050.0,1052.0,34966,0.0,0.0
2024-03-05 09:00:00+09:00,1043.0,1052.0,1043.0,1052.0,58589,0.0,0.0
2024-03-05 10:00:00+09:00,1051.0,1052.0,1048.0,1049.0,34159,0.0,0.0
2024-03-05 11:00:00+09:00,1050.0,1050.0,1047.0,1047.0,53187,0.0,0.0
2024-03-05 12:00:00+09:00,1048.0,1050.0,1047.0,1047.0,63553,0.0,0.0
2024-03-05 13:00:00+09:00,1048.0,1048.0,1045.0,1047.0,44130,0.0,0.0
2024-03-05 14:00:00+09:00,1047.0,1057.0,1044.0,1054.0,79676,0.0,0.0
2024-03-06 09:00:00+09:00,1056.0,1056.0,1046.0,1054.0,27889,0.0,0.0
2024-03-06 10:00:00+09:00,1053.0,1053.0,1049.0,1053.0,36650,0.0,0.0
2024-03-06 11:00:00+09:00,1051.0,1051.0,1049.0,1051.0,39242,0.0,0.0
2024-03-06 12:00:00+09:00,1051.0,1051.0,1049.0,1050.0,16077,0.0,0.0
2024-03-06 13:00:00+09:00,1050.0,1051.0,1049.0,1051.0,34180,0.0,0.0
2024-03-06 14:00:00+09:00,1051.0,1051.0,1048.0,1050.0,23614,0.0,0.0
2024-03-07 09:00:00+09:00,1054.0,1057.0,1044.0,1047.0,62026,0.0,0.0
2024-03-07 10:00:00+09:00,1047.0,1052.0,1045.0,1048.0,42949,0.0,0.0
2024-03-07 11:00:00+09:00,1046.0,1047.0,1042.0,1046.0,81888,0.0,0.0
2024-03-07 12:00:00+09:00,1045.0,1045.0,1038.0,1043.0,119376,0.0,0.0
2024-03-07 13:00:00+09:00,1040.0,1043.0,1040.0,1042.0,34428,0.0,0.0
2024-03-07 14:00:00+09:00,1041.0,1043.0,1034.0,1037.0,135605,0.0,0.0
2024-03-08 09:00:00+09:00,1033.0,1043.0,1033.0,1035.0,99774,0.0,0.0
2024-03-08 10:00:00+09:00,1036.0,1042.0,1035.0,1042.0,17017,0.0,0.0
2024-03-08 11:00:00+09:00,1041.0,1042.0,1037.0,1040.0,34827,0.0,0.0
2024-03-08 12:00:00+09:00,1040.0,1040.0,1028.0,1036.0,132252,0.0,0.0
2024-03-08 13:00:00+09:00,1036.0,1045.0,1033.0,1044.0,38431,0.0,0.0
2024-03-08 14:00:00+09:00,1044.0,1044.0,1033.0,1039.0,25681,0.0,0.0
2024-03-11 09:00:00+09:00,1040.0,1046.0,1033.0,1041.0,0,0.0,0.0
2024-03-11 10:00:00+09:00,1042.0,1043.0,1038.0,1042.0,16287,0.0,0.0
2024-03-11 11:00:00+09:00,1042.0,1042.0,1036.0,1040.0,39693,0.0,0.0
2024-03-11 12:00:00+09:00,1040.0,1042.0,1034.0,1038.0,42223,0.0,0.0
2024-03-11 13:00:00+09:00,1041.0,1041.0,1033.0,1036.0,34228,0.0,0.0
2024-03-11 14:00:00+09:00,1034.0,1037.0,1030.0,1033.0,78933,0.0,0.0
2024-03-12 09:00:00+09:00,1026.0,1026.0,1013.0,1022.0,114284,0.0,0.0
2024-03-12 10:00:00+09:00,1020.0,1026.0,1018.0,1024.0,61676,0.0,0.0
2024-03-12 11:00:00+09:00,1024.0,1025.0,1019.0,1020.0,15672,0.0,0.0
2024-03-12 12:00:00+09:00,1020.0,1023.0,1019.0,1020.0,32360,0.0,0.0
2024-03-12 13:00:00+09:00,1020.0,1021.0,1016.0,1020.0,59793,0.0,0.0
2024-03-12 14:00:00+09:00,1020.0,1020.0,1017.0,1020.0,25802,0.0,0.0
2024-03-13 09:00:00+09:00,1021.0,1035.0,1021.0,1035.0,73096,0.0,0.0
2024-03-13 10:00:00+09:00,1034.0,1035.0,1030.0,1034.0,25078,0.0,0.0
2024-03-13 11:00:00+09:00,1034.0,1039.0,1031.0,1035.0,19209,0.0,0.0
2024-03-13 12:00:00+09:00,1034.0,1046.0,1034.0,1043.0,145363,0.0,0.0
2024-03-13 13:00:00+09:00,1044.0,1044.0,1041.0,1041.0,30924,0.0,0.0
2024-03-13 14:00:00+09:00,1041.0,1041.0,1039.0,1041.0,29701,0.0,0.0
2024-03-14 09:00:00+09:00,1037.0,1044.0,1032.0,1036.0,60164,0.0,0.0
2024-03-14 10:00:00+09:00,1036.0,1038.0,1033.0,1037.0,27060,0.0,0.0
2024-03-14 11:00:00+09:00,1037.0,1038.0,1036.0,1036.0,14710,0.0,0.0
2024-03-14 12:00:00+09:00,1037.0,1038.0,1035.0,1038.0,27550,0.0,0.0
2024-03-14 13:00:00+09:00,1037.0,1037.0,1034.0,1035.0,13649,0.0,0.0
2024-03-14 14:00:00+09:00,1034.0,1040.0,1034.0,1035.0,24470,0.0,0.0
2024-03-15 09:00:00+09:00,1034.0,1041.0,1031.0,1040.0,43659,0.0,0.0
2024-03-15 10:00:00+09:00,1040.0,1040.0,1038.0,1039.0,19772,0.0,0.0
2024-03-15 11:00:00+09:00,1039.0,1058.0,1037.0,1053.0,92415,0.0,0.0
2024-03-15 12:00:00+09:00,1052.0,1056.0,1042.0,1045.0,30691,0.0,0.0
2024-03-15 13:00:00+09:00,1045.0,1047.0,1038.0,1039.0,32305,0.0,0.0
2024-03-15 14:00:00+09:00,1039.0,1045.0,1037.0,1043.0,29261,0.0,0.0
2024-03-18 09:00:00+09:00,1039.0,1047.0,1034.0,1041.0,0,0.0,0.0
2024-03-18 10:00:00+09:00,1041.0,1043.0,1037.0,1041.0,24098,0.0,0.0
2024-03-18 11:00:00+09:00,1041.0,1050.0,1040.0,1044.0,246818,0.0,0.0
2024-03-18 12:00:00+09:00,1044.0,1048.0,1042.0,1045.0,17592,0.0,0.0
2024-03-18 13:00:00+09:00,1045.0,1046.0,1042.0,1046.0,50407,0.0,0.0
2024-03-18 14:00:00+09:00,1046.0,1047.0,1041.0,1041.0,28206,0.0,0.0
2024-03-19 09:00:00+09:00,1038.0,1044.0,1037.0,1042.0,54184,0.0,0.0
2024-03-19 10:00:00+09:00,1039.0,1045.0,1038.0,1045.0,33119,0.0,0.0
2024-03-19 11:00:00+09:00,1044.0,1045.0,1037.0,1039.0,16246,0.0,0.0
2024-03-19 12:00:00+09:00,1038.0,1040.0,1036.0,1040.0,29969,0.0,0.0
2024-03-19 13:00:00+09:00,1039.0,1040.0,1037.0,1040.0,14174,0.0,0.0
2024-03-19 14:00:00+09:00,1040.0,1087.0,1037.0,1043.0,696729,0.0,0.0
2024-03-20 09:00:00+09:00,1038.0,1049.0,1037.0,1047.0,0,0.0,0.0
2024-03-20 10:00:00+09:00,1045.0,1049.0,1041.0,1043.0,104755,0.0,0.0
2024-03-20 11:00:00+09:00,1041.0,1043.0,1037.0,1041.0,47049,0.0,0.0
2024-03-20 12:00:00+09:00,1039.0,1043.0,1039.0,1043.0,15238,0.0,0.0
2024-03-20 13:00:00+09:00,1041.0,1044.0,1041.0,1042.0,14673,0.0,0.0
2024-03-20 14:00:00+09:00,1042.0,1046.0,1040.0,1043.0,37350,0.0,0.0
2024-03-21 09:00:00+09:00,1046.0,1060.0,1037.0,1048.0,76840,0.0,0.0
2024-03-21 10:00:00+09:00,1048.0,1054.0,1045.0,1050.0,43487,0.0,0.0
2024-03-21 11:00:00+09:00,1050.0,1054.0,1049.0,1049.0,25418,0.0,0.0
2024-03-21 12:00:00+09:00,1048.0,1050.0,1047.0,1049.0,21690,0.0,0.0
2024-03-21 13:00:00+09:00,1049.0,1049.0,1046.0,1049.0,14355,0.0,0.0
2024-03-21 14:00:00+09:00,1049.0,1050.0,1047.0,1050.0,11301,0.0,0.0
2024-03-22 09:00:00+09:00,1047.0,1055.0,1042.0,1050.0,58121,0.0,0.0
2024-03-22 10:00:00+09:00,1050.0,1052.0,1046.0,1052.0,33649,0.0,0.0
2024-03-22 11:00:00+09:00,1051.0,1052.0,1046.0,1050.0,23430,0.0,0.0
2024-03-22 12:00:00+09:00,1048.0,1052.0,1048.0,1050.0,25473,0.0,0.0
2024-03-22 13:00:00+09:00,1050.0,1052.0,1048.0,1050.0,41513,0.0,0.0
2024-03-22 14:00:00+09:00,1049.0,1053.0,1048.0,1053.0,36687,0.0,0.0
2024-03-25 09:00:00+09:00,1043.0,1058.0,1043.0,1051.0,0,0.0,0.0
2024-03-25 10:00:00+09:00,1050.0,1054.0,1047.0,1053.0,32999,0.0,0.0
2024-03-25 11:00:00+09:00,1052.0,1054.0,1050.0,1051.0,10192,0.0,0.0
2024-03-25 12:00:00+09:00,1052.0,1052.0,1046.0,1051.0,31030,0.0,0.0
2024-03-25 13:00:00+09:00,1048.0,1051.0,1046.0,1049.0,5809,0.0,0.0
2024-03-25 14:00:00+09:00,1049.0,1054.0,1048.0,1053.0,41136,0.0,0.0
2024-03-26 09:00:00+09:00,1056.0,1061.0,1052.0,1055.0,38394,0.0,0.0
2024-03-26 10:00:00+09:00,1055.0,1057.0,1053.0,1055.0,21968,0.0,0.0
2024-03-26 11:00:00+09:00,1054.0,1059.0,1054.0,1055.0,51991,0.0,0.0
2024-03-26 12:00:00+09:00,1055.0,1057.0,1052.0,1057.0,77452,0.0,0.0
2024-03-26 13:00:00+09:00,1057.0,1063.0,1057.0,1062.0,93544,0.0,0.0
2024-03-26 14:00:00+09:00,1061.0,1062.0,1056.0,1058.0,60513,0.0,0.0
2024-03-27 09:00:00+09:00,1052.0,1067.0,1052.0,1064.0,93223,0.0,0.0
2024-03-27 10:00:00+09:00,1064.0,1064.0,1058.0,1063.0,45102,0.0,0.0
2024-03-27 11:00:00+09:00,1063.0,1063.0,1058.0,1062.0,20398,0.0,0.0
2024-03-27 12:00:00+09:00,1062.0,1068.0,1060.0,1065.0,79759,0.0,0.0
2024-03-27 13:00:00+09:00,1062.0,1065.0,1056.0,1061.0,53713,0.0,0.0
2024-03-27 14:00:00+09:00,1061.0,1063.0,1057.0,1061.0,33986,0.0,0.0
2024-03-28 09:00:00+09:00,1063.0,1064.0,1054.0,1056.0,46167,0.0,0.0
2024-03-28 10:00:00+09:00,1056.0,1056.0,1052.0,1056.0,83497,0.0,0.0
2024-03-28 11:00:00+09:00,1056.0,1059.0,1055.0,1058.0,29579,0.0,0.0
2024-03-28 12:00:00+09:00,1057.0,1058.0,1055.0,1058.0,22449,0.0,0.0
2024-03-28 13:00:00+09:00,1056.0,1062.0,1056.0,1059.0,33176,0.0,0.0
2024-03-28 14:00:00+09:00,1056.0,1059.0,1054.0,1057.0,27231,0.0,0.0
2024-03-29 09:00:00+09:00,1059.0,1063.0,1054.0,1063.0,54545,0.0,0.0
2024-03-29 10:00:00+09:00,1062.0,1063.0,1058.0,1062.0,44592,0.0,0.0
2024-03-29 11:00:00+09:00,1061.0,1064.0,1059.0,1059.0,52713,0.0,0.0
2024-03-29 12:00:00+09:00,1063.0,1063.0,1058.0,1062.0,20599,0.0,0.0
2024-03-29 13:00:00+09:00,1059.0,1063.0,1055.0,1058.0,29126,0.0,0.0
2024-03-29 14:00:00+09:00,1057.0,1061.0,1052.0,1055.0,37378,0.0,0.0
2024-04-01 09:00:00+09:00,1062.0,1068.0,1056.0,1064.0,0,0.0,0.0
2024-04-01 10:00:00+09:00,1064.0,1068.0,1056.0,1065.0,77558,0.0,0.0
2024-04-01 11:00:00+09:00,1065.0,1065.0,1060.0,1064.0,17523,0.0,0.0
2024-04-01 12:00:00+09:00,1064.0,1069.0,1063.0,1068.0,80715,0.0,0.0
2024-04-01 13:00:00+09:00,1068.0,1069.0,1066.0,1068.0,17247,0.0,0.0
2024-04-01 14:00:00+09:00,1069.0,1069.0,1058.0,1068.0,53294,0.0,0.0
2024-04-02 09:00:00+09:00,1073.0,1075.0,1057.0,1061.0,147956,0.0,0.0
2024-04-02 10:00:00+09:00,1061.0,1066.0,1057.0,1065.0,44220,0.0,0.0
2024-04-02 11:00:00+09:00,1065.0,1065.0,1060.0,1063.0,6548,0.0,0.0
2024-04-02 12:00:00+09:00,1063.0,1064.0,1059.0,1060.0,34803,0.0,0.0
2024-04-02 13:00:00+09:00,1064.0,1065.0,1059.0,1060.0,22430,0.0,0.0
2024-04-02 14:00:00+09:00,1064.0,1065.0,1055.0,1060.0,57540,0.0,0.0
2024-04-03 09:00:00+09:00,1058.0,1058.0,1045.0,1058.0,216297,0.0,0.0
2024-04-03 10:00:00+09:00,1058.0,1063.0,1050.0,1060.0,114988,0.0,0.0
2024-04-03 11:00:00+09:00,1060.0,1062.0,1055.0,1062.0,17264,0.0,0.0
2024-04-03 12:00:00+09:00,1062.0,1067.0,1059.0,1065.0,39061,0.0,0.0
2024-04-03 13:00:00+09:00,1065.0,1066.0,1062.0,1064.0,18432,0.0,0.0
2024-04-03 14:00:00+09:00,1065.0,1065.0,1061.0,1064.0,26743,0.0,0.0
2024-04-04 09:00:00+09:00,1063.0,1070.0,1056.0,1063.0,138955,0.0,0.0
2024-04-04 10:00:00+09:00,1062.0,1065.0,1055.0,1061.0,60429,0.0,0.0
2024-04-04 11:00:00+09:00,1056.0,1067.0,1052.0,1053.0,44544,0.0,0.0
2024-04-04 12:00:00+09:00,1053.0,1061.0,1049.0,1049.0,46411,0.0,0.0
2024-04-04 13:00:00+09:00,1049.0,1062.0,1049.0,1058.0,24455,0.0,0.0
2024-04-04 14:00:00+09:00,1053.0,1059.0,1050.0,1050.0,36184,0.0,0.0
2024-04-05 09:00:00+09:00,1045.0,1053.0,1041.0,1044.0,60567,0.0,0.0
2024-04-05 10:00:00+09:00,1043.0,1046.0,1037.0,1039.0,113107,0.0,0.0
2024-04-05 11:00:00+09:00,1039.0,1048.0,1039.0,1048.0,44312,0.0,0.0
2024-04-05 12:00:00+09:00,1047.0,1055.0,1041.0,1054.0,44611,0.0,0.0
2024-04-05 13:00:00+09:00,1052.0,1058.0,1052.0,1056.0,28699,0.0,0.0
2024-04-05 14:00:00+09:00,1056.0,1060.0,1053.0,1058.0,53393,0.0,0.0
2024-04-08 09:00:00+09:00,1056.0,1065.0,1046.0,1051.0,0,0.0,0.0
2024-04-08 10:00:00+09:00,1051.0,1058.0,1043.0,1050.0,50796,0.0,0.0
2024-04-08 11:00:00+09:00,1045.0,1052.0,1045.0,1050.0,63746,0.0,0.0
2024-04-08 12:00:00+09:00,1050.0,1052.0,1045.0,1045.0,57843,0.0,0.0
2024-04-08 13:00:00+09:00,1045.0,1052.0,1043.0,1045.0,57144,0.0,0.0
2024-04-08 14:00:00+09:00,1049.0,1049.0,1044.0,1048.0,16551,0.0,0.0
2024-04-09 09:00:00+09:00,1042.0,1053.0,1042.0,1052.0,39533,0.0,0.0
2024-04-09 10:00:00+09:00,1052.0,1053.0,1045.0,1048.0,35412,0.0,0.0
2024-04-09 11:00:00+09:00,1046.0,1050.0,1042.0,1047.0,25316,0.0,0.0
2024-04-09 12:00:00+09:00,1047.0,1050.0,1042.0,1049.0,10840,0.0,0.0
2024-04-09 13:00:00+09:00,1050.0,1053.0,1049.0,1050.0,18560,0.0,0.0
2024-04-09 14:00:00+09:00,1050.0,1052.0,1043.0,1043.0,54533,0.0,0.0
2024-04-11 09:00:00+09:00,1047.0,1052.0,1037.0,1043.0,72504,0.0,0.0
2024-04-11 10:00:00+09:00,1042.0,1045.0,1039.0,1041.0,31127,0.0,0.0
2024-04-11 11:00:00+09:00,1040.0,1045.0,1040.0,1043.0,22791,0.0,0.0
2024-04-11 12:00:00+09:00,1043.0,1043.0,1039.0,1043.0,20891,0.0,0.0
2024-04-11 13:00:00+09:00,1043.0,1045.0,1039.0,1045.0,15092,0.0,0.0
2024-04-11 14:00:00+09:00,1045.0,1047.0,1041.0,1045.0,20808,0.0,0.0
2024-04-12 09:00:00+09:00,1041.0,1049.0,1039.0,1043.0,45493,0.0,0.0
2024-04-12 10:00:00+09:00,1043.0,1048.0,1039.0,1045.0,53452,0.0,0.0
2024-04-12 11:00:00+09:00,1044.0,1045.0,1037.0,1042.0,68921,0.0,0.0
2024-04-12 12:00:00+09:00,1042.0,1045.0,1040.0,1042.0,21778,0.0,0.0
2024-04-12 13:00:00+09:00,1041.0,1045.0,1041.0,1045.0,14799,0.0,0.0
2024-04-12 14:00:00+09:00,1045.0,1045.0,1040.0,1041.0,29245,0.0,0.0
2024-04-15 09:00:00+09:00,1039.0,1043.0,1027.0,1037.0,9001,0.0,0.0
2024-04-15 10:00:00+09:00,1037.0,1037.0,1032.0,1036.0,26553,0.0,0.0
2024-04-15 11:00:00+09:00,1035.0,1036.0,1033.0,1035.0,33580,0.0,0.0
2024-04-15 12:00:00+09:00,1035.0,1036.0,1034.0,1035.0,19298,0.0,0.0
2024-04-15 13:00:00+09:00,1035.0,1045.0,1035.0,1044.0,0,0.0,0.0
2024-04-15 14:00:00+09:00,1043.0,1044.0,1042.0,1043.0,400409,0.0,0.0
2024-04-16 09:00:00+09:00,1040.0,1049.0,1039.0,1042.0,87930,0.0,0.0
2024-04-16 10:00:00+09:00,1040.0,1046.0,1030.0,1034.0,160826,0.0,0.0
2024-04-16 11:00:00+09:00,1034.0,1036.0,1029.0,1030.0,91458,0.0,0.0
2024-04-16 12:00:00+09:00,1029.0,1032.0,1029.0,1032.0,41297,0.0,0.0
2024-04-16 13:00:00+09:00,1031.0,1032.0,1029.0,1031.0,64100,0.0,0.0
2024-04-16 14:00:00+09:00,1031.0,1031.0,1025.0,1028.0,87941,0.0,0.0
2024-04-17 09:00:00+09:00,1036.0,1040.0,1035.0,1040.0,37670,0.0,0.0
2024-04-17 10:00:00+09:00,1040.0,1040.0,1032.0,1038.0,32873,0.0,0.0
2024-04-17 11:00:00+09:00,1037.0,1038.0,1032.0,1037.0,52434,0.0,0.0
2024-04-17 12:00:00+09:00,1035.0,1037.0,1031.0,1032.0,13474,0.0,0.0
2024-04-17 13:00:00+09:00,1033.0,1033.0,1026.0,1032.0,49101,0.0,0.0
2024-04-17 14:00:00+09:00,1032.0,1032.0,1028.0,1032.0,18325,0.0,0.0
2024-04-18 09:00:00+09:00,1021.0,1031.0,1021.0,1029.0,0,0.0,0.0
2024-04-18 10:00:00+09:00,1027.0,1029.0,1024.0,1026.0,83454,0.0,0.0
2024-04-18 11:00:00+09:00,1027.0,1030.0,1025.0,1030.0,32338,0.0,0.0
2024-04-18 12:00:00+09:00,1029.0,1030.0,1028.0,1030.0,17193,0.0,0.0
2024-04-18 13:00:00+09:00,1030.0,1032.0,1029.0,1032.0,14468,0.0,0.0
2024-04-18 14:00:00+09:00,1031.0,1032.0,1030.0,1032.0,10943,0.0,0.0
2024-04-19 09:00:00+09:00,1032.0,1034.0,1025.0,1034.0,35576,0.0,0.0
2024-04-19 10:00:00+09:00,1034.0,1034.0,1020.0,1027.0,109455,0.0,0.0
2024-04-19 11:00:00+09:00,1027.0,1027.0,1018.0,1020.0,69787,0.0,0.0
2024-04-19 12:00:00+09:00,1020.0,1026.0,1019.0,1022.0,34535,0.0,0.0
2024-04-19 13:00:00+09:00,1021.0,1032.0,1020.0,1023.0,58623,0.0,0.0
2024-04-19 14:00:00+09:00,1031.0,1031.0,1024.0,1028.0,21125,0.0,0.0
2024-04-22 09:00:00+09:00,1027.0,1034.0,1027.0,1028.0,0,0.0,0.0
2024-04-22 10:00:00+09:00,1027.0,1030.0,1027.0,1029.0,47934,0.0,0.0
2024-04-22 11:00:00+09:00,1028.0,1030.0,1026.0,1029.0,31418,0.0,0.0
2024-04-22 12:00:00+09:00,1030.0,1030.0,1027.0,1029.0,15986,0.0,0.0
2024-04-22 13:00:00+09:00,1028.0,1028.0,1024.0,1025.0,54198,0.0,0.0
2024-04-22 14:00:00+09:00,1025.0,1027.0,1024.0,1027.0,8792,0.0,0.0
2024-04-23 09:00:00+09:00,1032.0,1032.0,1024.0,1026.0,27765,0.0,0.0
2024-04-23 10:00:00+09:00,1026.0,1026.0,1021.0,1023.0,51010,0.0,0.0
2024-04-23 11:00:00+09:00,1023.0,1023.0,1020.0,1023.0,37281,0.0,0.0
2024-04-23 12:00:00+09:00,1022.0,1023.0,1021.0,1022.0,7274,0.0,0.0
2024-04-23 13:00:00+09:00,1021.0,1024.0,1021.0,1021.0,29203,0.0,0.0
2024-04-23 14:00:00+09:00,1021.0,1024.0,1021.0,1022.0,40979,0.0,0.0
2024-04-24 09:00:00+09:00,1025.0,1029.0,1025.0,1028.0,41875,0.0,0.0
2024-04-24 10:00:00+09:00,1027.0,1028.0,1025.0,1026.0,46974,0.0,0.0
2024-04-24 11:00:00+09:00,1026.0,1027.0,1025.0,1027.0,16967,0.0,0.0
2024-04-24 12:00:00+09:00,1027.0,1028.0,1025.0,1027.0,21100,0.0,0.0
2024-04-24 13:00:00+09:00,1027.0,1027.0,1025.0,1026.0,23426,0.0,0.0
2024-04-24 14:00:00+09:00,1026.0,1027.0,1026.0,1027.0,19692,0.0,0.0
2024-04-25 09:00:00+09:00,1027.0,1034.0,1024.0,1033.0,52173,0.0,0.0
2024-04-25 10:00:00+09:00,1033.0,1041.0,1030.0,1037.0,93046,0.0,0.0
2024-04-25 11:00:00+09:00,1036.0,1038.0,1036.0,1038.0,18103,0.0,0.0
2024-04-25 12:00:00+09:00,1037.0,1037.0,1035.0,1037.0,11464,0.0,0.0
2024-04-25 13:00:00+09:00,1036.0,1037.0,1033.0,1036.0,9187,0.0,0.0
2024-04-25 14:00:00+09:00,1036.0,1037.0,1032.0,1036.0,9055,0.0,0.0
2024-04-26 09:00:00+09:00,1029.0,1036.0,1029.0,1031.0,33133,0.0,0.0
2024-04-26 10:00:00+09:00,1032.0,1032.0,1026.0,1027.0,34802,0.0,0.0
2024-04-26 11:00:00+09:00,1029.0,1032.0,1026.0,1029.0,29632,0.0,0.0
2024-04-26 12:00:00+09:00,1030.0,1033.0,1026.0,1030.0,11182,0.0,0.0
2024-04-26 13:00:00+09:00,1030.0,1032.0,1028.0,1031.0,12923,0.0,0.0
2024-04-26 14:00:00+09:00,1031.0,1032.0,1028.0,1028.0,9671,0.0,0.0
2024-04-29 09:00:00+09:00,1030.0,1032.0,1027.0,1030.0,0,0.0,0.0
2024-04-29 10:00:00+09:00,1030.0,1036.0,1026.0,1035.0,69844,0.0,0.0
2024-04-29 11:00:00+09:00,1032.0,1034.0,1031.0,1034.0,30944,0.0,0.0
2024-04-29 12:00:00+09:00,1033.0,1034.0,1031.0,1032.0,33289,0.0,0.0
2024-04-29 13:00:00+09:00,1034.0,1037.0,1032.0,1037.0,18017,0.0,0.0
2024-04-29 14:00:00+09:00,1036.0,1038.0,1032.0,1036.0,22990,0.0,0.0
2024-04-30 09:00:00+09:00,1031.0,1041.0,1031.0,1039.0,42717,0.0,0.0
2024-04-30 10:00:00+09:00,1039.0,1043.0,1038.0,1040.0,48926,0.0,0.0
2024-04-30 11:00:00+09:00,1040.0,1041.0,1035.0,1036.0,23473,0.0,0.0
2024-04-30 12:00:00+09:00,1040.0,1042.0,1037.0,1042.0,3264,0.0,0.0
2024-04-30 13:00:00+09:00,1042.0,1045.0,1040.0,1044.0,34946,0.0,0.0
2024-04-30 14:00:00+09:00,1044.0,1045.0,1038.0,1043.0,31940,0.0,0.0
2024-05-02 09:00:00+09:00,1041.0,1047.0,1033.0,1044.0,0,0.0,0.0
2024-05-02 10:00:00+09:00,1044.0,1049.0,1043.0,1049.0,35886,0.0,0.0
2024-05-02 11:00:00+09:00,1048.0,1056.0,1047.0,1056.0,68365,0.0,0.0
2024-05-02 12:00:00+09:00,1055.0,1055.0,1051.0,1053.0,18335,0.0,0.0
2024-05-02 13:00:00+09:00,1053.0,1057.0,1051.0,1054.0,42970,0.0,0.0
2024-05-02 14:00:00+09:00,1053.0,1055.0,1050.0,1054.0,23777,0.0,0.0
2024-05-03 09:00:00+09:00,1050.0,1059.0,1047.0,1054.0,62881,0.0,0.0
2024-05-03 10:00:00+09:00,1054.0,1056.0,1053.0,1053.0,19194,0.0,0.0
2024-05-03 11:00:00+09:00,1055.0,1055.0,1047.0,1048.0,37087,0.0,0.0
2024-05-03 12:00:00+09:00,1051.0,1053.0,1048.0,1050.0,19731,0.0,0.0
2024-05-03 13:00:00+09:00,1053.0,1054.0,1051.0,1053.0,16094,0.0,0.0
2024-05-03 14:00:00+09:00,1053.0,1055.0,1049.0,1049.0,20343,0.0,0.0
2024-05-07 09:00:00+09:00,1053.0,1059.0,1050.0,1051.0,0,0.0,0.0
2024-05-07 10:00:00+09:00,1050.0,1051.0,1047.0,1049.0,20155,0.0,0.0
2024-05-07 11:00:00+09:00,1050.0,1050.0,1047.0,1050.0,38711,0.0,0.0
2024-05-07 12:00:00+09:00,1050.0,1050.0,1048.0,1049.0,10141,0.0,0.0
2024-05-07 13:00:00+09:00,1049.0,1051.0,1048.0,1051.0,30179,0.0,0.0
2024-05-07 14:00:00+09:00,1051.0,1052.0,1049.0,1052.0,14466,0.0,0.0
2024-05-08 09:00:00+09:00,1052.0,1055.0,1048.0,1053.0,52398,0.0,0.0
2024-05-08 10:00:00+09:00,1053.0,1061.0,1050.0,1060.0,87501,0.0,0.0
2024-05-08 11:00:00+09:00,1059.0,1061.0,1054.0,1059.0,110689,0.0,0.0
2024-05-08 12:00:00+09:00,1059.0,1065.0,1056.0,1064.0,40658,0.0,0.0
2024-05-08 13:00:00+09:00,1063.0,1064.0,1061.0,1063.0,19168,0.0,0.0
2024-05-08 14:00:00+09:00,1062.0,1063.0,1060.0,1063.0,82796,0.0,0.0
2024-05-09 09:00:00+09:00,1060.0,1066.0,1057.0,1064.0,68179,0.0,0.0
2024-05-09 10:00:00+09:00,1064.0,1065.0,1059.0,1063.0,35073,0.0,0.0
2024-05-09 11:00:00+09:00,1063.0,1064.0,1059.0,1062.0,38917,0.0,0.0
2024-05-09 12:00:00+09:00,1062.0,1062.0,999.0,1045.0,382629,0.0,0.0
2024-05-09 13:00:00+09:00,1045.0,1050.0,1042.0,1045.0,96327,0.0,0.0
2024-05-09 14:00:00+09:00,1045.0,1053.0,1039.0,1044.0,48239,0.0,0.0
2024-05-10 09:00:00+09:00,1048.0,1049.0,1045.0,1048.0,31711,0.0,0.0
2024-05-10 10:00:00+09:00,1048.0,1048.0,1042.0,1047.0,33591,0.0,0.0
2024-05-10 11:00:00+09:00,1044.0,1047.0,1041.0,1047.0,26073,0.0,0.0
2024-05-10 12:00:00+09:00,1047.0,1049.0,1041.0,1047.0,39893,0.0,0.0
2024-05-10 13:00:00+09:00,1047.0,1049.0,1046.0,1049.0,7453,0.0,0.0
2024-05-10 14:00:00+09:00,1049.0,1050.0,1046.0,1048.0,17414,0.0,0.0
2024-05-13 09:00:00+09:00,1049.0,1060.0,1045.0,1060.0,0,0.0,0.0
2024-05-13 10:00:00+09:00,1060.0,1064.0,1051.0,1053.0,69673,0.0,0.0
2024-05-13 11:00:00+09:00,1055.0,1062.0,1052.0,1058.0,33609,0.0,0.0
2024-05-13 12:00:00+09:00,1058.0,1059.0,1052.0,1055.0,32790,0.0,0.0
2024-05-13 13:00:00+09:00,1054.0,1059.0,1054.0,1055.0,20798,0.0,0.0
2024-05-13 14:00:00+09:00,1055.0,1061.0,1051.0,1058.0,76691,0.0,0.0
2024-05-14 09:00:00+09:00,1093.0,1095.0,1061.0,1077.0,798501,0.0,0.0
2024-05-14 10:00:00+09:00,1077.0,1081.0,1068.0,1077.0,200425,0.0,0.0
2024-05-14 11:00:00+09:00,1078.0,1084.0,1074.0,1080.0,136046,0.0,0.0
2024-05-14 12:00:00+09:00,1081.0,1084.0,1075.0,1081.0,77051,0.0,0.0
2024-05-14 13:00:00+09:00,1080.0,1082.0,1074.0,1076.0,66896,0.0,0.0
2024-05-14 14:00:00+09:00,1077.0,1079.0,1071.0,1078.0,59651,0.0,0.0
2024-05-16 09:00:00+09:00,1070.0,1086.0,1062.0,1072.0,0,0.0,0.0
2024-05-16 10:00:00+09:00,1072.0,1073.0,1066.0,1069.0,42421,0.0,0.0
2024-05-16 11:00:00+09:00,1069.0,1069.0,1066.0,1068.0,21620,0.0,0.0
2024-05-16 12:00:00+09:00,1068.0,1072.0,1066.0,1068.0,44928,0.0,0.0
2024-05-16 13:00:00+09:00,1068.0,1072.0,1064.0,1068.0,68067,0.0,0.0
2024-05-16 14:00:00+09:00,1067.0,1071.0,1066.0,1070.0,29892,0.0,0.0
2024-05-17 09:00:00+09:00,1069.0,1093.0,1063.0,1079.0,254085,0.0,0.0
2024-05-17 10:00:00+09:00,1079.0,1090.0,1077.0,1086.0,235515,0.0,0.0
2024-05-17 11:00:00+09:00,1087.0,1093.0,1075.0,1082.0,211139,0.0,0.0
2024-05-17 12:00:00+09:00,1082.0,1089.0,1080.0,1084.0,75704,0.0,0.0
2024-05-17 13:00:00+09:00,1084.0,1086.0,1081.0,1084.0,61438,0.0,0.0
2024-05-17 14:00:00+09:00,1083.0,1087.0,1083.0,1085.0,72056,0.0,0.0
2024-05-20 09:00:00+09:00,1086.0,1090.0,1071.0,1084.0,0,0.0,0.0
2024-05-20 10:00:00+09:00,1081.0,1085.0,1073.0,1080.0,102154,0.0,0.0
2024-05-20 11:00:00+09:00,1080.0,1085.0,1078.0,1083.0,73108,0.0,0.0
2024-05-20 12:00:00+09:00,1082.0,1083.0,1080.0,1082.0,48934,0.0,0.0
2024-05-20 13:00:00+09:00,1081.0,1083.0,1081.0,1083.0,31561,0.0,0.0
2024-05-20 14:00:00+09:00,1082.0,1083.0,1078.0,1081.0,58532,0.0,0.0
2024-05-21 09:00:00+09:00,1097.0,1097.0,1065.0,1081.0,110721,0.0,0.0
2024-05-21 10:00:00+09:00,1080.0,1081.0,1072.0,1072.0,43164,0.0,0.0
2024-05-21 11:00:00+09:00,1072.0,1076.0,1069.0,1075.0,80182,0.0,0.0
2024-05-21 12:00:00+09:00,1075.0,1080.0,1074.0,1080.0,39419,0.0,0.0
2024-05-21 13:00:00+09:00,1080.0,1080.0,1076.0,1080.0,16887,0.0,0.0
2024-05-21 14:00:00+09:00,1079.0,1080.0,1078.0,1078.0,20941,0.0,0.0
2024-05-22 09:00:00+09:00,1084.0,1110.0,1078.0,1099.0,373860,0.0,0.0
2024-05-22 10:00:00+09:00,1096.0,1099.0,1090.0,1096.0,115573,0.0,0.0
2024-05-22 11:00:00+09:00,1096.0,1097.0,1089.0,1091.0,51496,0.0,0.0
2024-05-22 12:00:00+09:00,1090.0,1094.0,1087.0,1092.0,47218,0.0,0.0
2024-05-22 13:00:00+09:00,1091.0,1093.0,1088.0,1093.0,46932,0.0,0.0
2024-05-22 14:00:00+09:00,1092.0,1093.0,1088.0,1092.0,79173,0.0,0.0
2024-05-23 09:00:00+09:00,1086.0,1095.0,1080.0,1092.0,109291,0.0,0.0
2024-05-23 10:00:00+09:00,1092.0,1095.0,1090.0,1095.0,45043,0.0,0.0
2024-05-23 11:00:00+09:00,1095.0,1102.0,1091.0,1097.0,134646,0.0,0.0
2024-05-23 12:00:00+09:00,1092.0,1098.0,1091.0,1096.0,25258,0.0,0.0
2024-05-23 13:00:00+09:00,1096.0,1097.0,1090.0,1096.0,41125,0.0,0.0
2024-05-23 14:00:00+09:00,1091.0,1100.0,1091.0,1095.0,58340,0.0,0.0
2024-05-24 09:00:00+09:00,1098.0,1107.0,1090.0,1104.0,224241,0.0,0.0
2024-05-24 10:00:00+09:00,1103.0,1118.0,1100.0,1107.0,217261,0.0,0.0
2024-05-24 11:00:00+09:00,1108.0,1111.0,1105.0,1110.0,69692,0.0,0.0
2024-05-24 12:00:00+09:00,1110.0,1113.0,1104.0,1105.0,76958,0.0,0.0
2024-05-24 13:00:00+09:00,1105.0,1109.0,1102.0,1105.0,69208,0.0,0.0
2024-05-24 14:00:00+09:00,1104.0,1110.0,1104.0,1109.0,80685,0.0,0.0
2024-05-27 09:00:00+09:00,1113.0,1113.0,1091.0,1096.0,0,0.0,0.0
2024-05-27 10:00:00+09:00,1096.0,1096.0,1088.0,1088.0,67718,0.0,0.0
2024-05-27 11:00:00+09:00,1088.0,1095.0,1087.0,1090.0,73227,0.0,0.0
2024-05-27 12:00:00+09:00,1090.0,1092.0,1088.0,1089.0,32856,0.0,0.0
2024-05-27 13:00:00+09:00,1089.0,1092.0,1088.0,1088.0,49194,0.0,0.0
2024-05-27 14:00:00+09:00,1088.0,1090.0,1086.0,1090.0,50116,0.0,0.0
2024-05-28 09:00:00+09:00,1089.0,1110.0,1085.0,1106.0,162947,0.0,0.0
2024-05-28 10:00:00+09:00,1106.0,1106.0,1098.0,1102.0,42685,0.0,0.0
2024-05-28 11:00:00+09:00,1102.0,1102.0,1098.0,1101.0,25088,0.0,0.0
2024-05-28 12:00:00+09:00,1101.0,1103.0,1094.0,1102.0,36656,0.0,0.0
2024-05-28 13:00:00+09:00,1103.0,1107.0,1102.0,1104.0,84880,0.0,0.0
2024-05-28 14:00:00+09:00,1104.0,1106.0,1102.0,1104.0,32864,0.0,0.0
2024-05-29 09:00:00+09:00,1103.0,1109.0,1090.0,1099.0,71611,0.0,0.0
2024-05-29 10:00:00+09:00,1097.0,1097.0,1088.0,1093.0,78915,0.0,0.0
2024-05-29 11:00:00+09:00,1093.0,1102.0,1091.0,1094.0,49900,0.0,0.0
2024-05-29 12:00:00+09:00,1096.0,1104.0,1092.0,1099.0,39834,0.0,0.0
2024-05-29 13:00:00+09:00,1100.0,1104.0,1098.0,1102.0,29569,0.0,0.0
2024-05-29 14:00:00+09:00,1099.0,1102.0,1093.0,1099.0,53282,0.0,0.0
2024-05-30 09:00:00+09:00,880.0,966.0,873.0,915.0,3231647,0.0,0.0
2024-05-30 10:00:00+09:00,915.0,918.0,908.0,913.0,505679,0.0,0.0
2024-05-30 11:00:00+09:00,913.0,916.0,901.0,909.0,476988,0.0,0.0
2024-05-30 12:00:00+09:00,909.0,909.0,899.0,901.0,375334,0.0,0.0
2024-05-30 13:00:00+09:00,904.0,908.0,900.0,900.0,327222,0.0,0.0
2024-05-30 14:00:00+09:00,900.0,911.0,899.0,910.0,153511,0.0,0.0
2024-05-31 09:00:00+09:00,932.0,1025.0,931.0,989.0,3262612,0.0,0.0
2024-05-31 10:00:00+09:00,988.0,1015.0,972.0,990.0,1203029,0.0,0.0
2024-05-31 11:00:00+09:00,988.0,990.0,963.0,970.0,360115,0.0,0.0
2024-05-31 12:00:00+09:00,971.0,983.0,967.0,969.0,253677,0.0,0.0
2024-05-31 13:00:00+09:00,969.0,978.0,965.0,972.0,193924,0.0,0.0
2024-05-31 14:00:00+09:00,971.0,973.0,965.0,966.0,137456,0.0,0.0
2024-06-03 09:00:00+09:00,972.0,972.0,931.0,952.0,0,0.0,0.0
2024-06-03 10:00:00+09:00,952.0,959.0,946.0,946.0,116137,0.0,0.0
2024-06-03 11:00:00+09:00,949.0,949.0,936.0,939.0,208067,0.0,0.0
2024-06-03 12:00:00+09:00,938.0,941.0,937.0,939.0,160399,0.0,0.0
2024-06-03 13:00:00+09:00,939.0,946.0,939.0,944.0,68892,0.0,0.0
2024-06-03 14:00:00+09:00,944.0,948.0,940.0,946.0,80029,0.0,0.0
2024-06-04 09:00:00+09:00,947.0,947.0,928.0,940.0,261406,0.0,0.0
2024-06-04 10:00:00+09:00,940.0,944.0,934.0,941.0,57693,0.0,0.0
2024-06-04 11:00:00+09:00,941.0,941.0,929.0,934.0,164725,0.0,0.0
2024-06-04 12:00:00+09:00,938.0,939.0,931.0,935.0,51764,0.0,0.0
2024-06-04 13:00:00+09:00,935.0,940.0,933.0,933.0,74011,0.0,0.0
2024-06-04 14:00:00+09:00,934.0,937.0,930.0,933.0,89390,0.0,0.0
2024-06-05 09:00:00+09:00,934.0,934.0,912.0,925.0,336550,0.0,0.0
2024-06-05 10:00:00+09:00,925.0,928.0,918.0,920.0,72938,0.0,0.0
2024-06-05 11:00:00+09:00,920.0,922.0,918.0,919.0,66431,0.0,0.0
2024-06-05 12:00:00+09:00,919.0,921.0,916.0,916.0,74317,0.0,0.0
2024-06-05 13:00:00+09:00,916.0,919.0,915.0,917.0,61490,0.0,0.0
2024-06-05 14:00:00+09:00,918.0,922.0,918.0,922.0,42897,0.0,0.0
2024-06-07 09:00:00+09:00,923.0,932.0,920.0,921.0,0,0.0,0.0
2024-06-07 10:00:00+09:00,920.0,923.0,918.0,922.0,74606,0.0,0.0
2024-06-07 11:00:00+09:00,920.0,921.0,916.0,921.0,36993,0.0,0.0
2024-06-07 12:00:00+09:00,921.0,921.0,917.0,919.0,23429,0.0,0.0
2024-06-07 13:00:00+09:00,920.0,923.0,920.0,920.0,25729,0.0,0.0
2024-06-07 14:00:00+09:00,920.0,925.0,920.0,921.0,31604,0.0,0.0
2024-06-10 09:00:00+09:00,924.0,924.0,915.0,917.0,0,0.0,0.0
2024-06-10 10:00:00+09:00,917.0,919.0,915.0,916.0,27485,0.0,0.0
2024-06-10 11:00:00+09:00,915.0,927.0,915.0,925.0,68232,0.0,0.0
2024-06-10 12:00:00+09:00,925.0,928.0,923.0,927.0,60149,0.0,0.0
2024-06-10 13:00:00+09:00,927.0,934.0,924.0,933.0,80875,0.0,0.0
2024-06-10 14:00:00+09:00,932.0,933.0,928.0,930.0,56112,0.0,0.0
2024-06-11 09:00:00+09:00,934.0,938.0,923.0,934.0,154543,0.0,0.0
2024-06-11 10:00:00+09:00,937.0,946.0,932.0,946.0,84106,0.0,0.0
2024-06-11 11:00:00+09:00,946.0,956.0,944.0,949.0,118232,0.0,0.0
2024-06-11 12:00:00+09:00,949.0,954.0,941.0,946.0,37629,0.0,0.0
2024-06-11 13:00:00+09:00,946.0,947.0,937.0,941.0,47596,0.0,0.0
2024-06-11 14:00:00+09:00,941.0,943.0,936.0,937.0,45031,0.0,0.0
2024-06-12 09:00:00+09:00,942.0,945.0,931.0,944.0,83924,0.0,0.0
2024-06-12 10:00:00+09:00,943.0,945.0,939.0,942.0,55851,0.0,0.0
2024-06-12 11:00:00+09:00,942.0,948.0,940.0,944.0,38049,0.0,0.0
2024-06-12 12:00:00+09:00,942.0,944.0,939.0,939.0,36082,0.0,0.0
2024-06-12 13:00:00+09:00,940.0,941.0,937.0,938.0,34102,0.0,0.0
2024-06-12 14:00:00+09:00,938.0,938.0,928.0,933.0,93906,0.0,0.0
2024-06-13 09:00:00+09:00,942.0,942.0,938.0,942.0,63629,0.0,0.0
2024-06-13 10:00:00+09:00,942.0,956.0,940.0,948.0,75567,0.0,0.0
2024-06-13 11:00:00+09:00,948.0,954.0,946.0,954.0,69405,0.0,0.0
2024-06-13 12:00:00+09:00,953.0,954.0,949.0,950.0,45666,0.0,0.0
2024-06-13 13:00:00+09:00,952.0,952.0,942.0,943.0,37899,0.0,0.0
2024-06-13 14:00:00+09:00,943.0,953.0,942.0,942.0,28237,0.0,0.0
2024-06-14 09:00:00+09:00,935.0,972.0,935.0,947.0,113209,0.0,0.0
2024-06-14 10:00:00+09:00,947.0,947.0,943.0,945.0,44399,0.0,0.0
2024-06-14 11:00:00+09:00,945.0,962.0,942.0,962.0,129230,0.0,0.0
2024-06-14 12:00:00+09:00,962.0,965.0,955.0,958.0,40715,0.0,0.0
2024-06-14 13:00:00+09:00,958.0,961.0,955.0,961.0,56961,0.0,0.0
2024-06-14 14:00:00+09:00,957.0,962.0,945.0,956.0,59143,0.0,0.0
2024-06-17 09:00:00+09:00,918.0,992.0,895.0,901.0,609948,0.0,0.0
2024-06-17 10:00:00+09:00,905.0,907.0,892.0,897.0,133198,0.0,0.0
2024-06-17 11:00:00+09:00,895.0,902.0,892.0,901.0,67867,0.0,0.0
2024-06-17 12:00:00+09:00,900.0,900.0,888.0,892.0,134596,0.0,0.0
2024-06-17 13:00:00+09:00,892.0,901.0,891.0,895.0,59705,0.0,0.0
2024-06-17 14:00:00+09:00,895.0,899.0,890.0,893.0,33548,0.0,0.0
2024-06-18 09:00:00+09:00,902.0,918.0,891.0,903.0,138484,0.0,0.0
2024-06-18 10:00:00+09:00,904.0,904.0,893.0,899.0,39799,0.0,0.0
2024-06-18 11:00:00+09:00,899.0,903.0,895.0,901.0,32821,0.0,0.0
2024-06-18 12:00:00+09:00,901.0,903.0,897.0,903.0,16228,0.0,0.0
2024-06-18 13:00:00+09:00,902.0,902.0,895.0,901.0,43311,0.0,0.0
2024-06-18 14:00:00+09:00,898.0,901.0,896.0,901.0,43561,0.0,0.0
2024-06-19 09:00:00+09:00,901.0,910.0,899.0,907.0,126732,0.0,0.0
2024-06-19 10:00:00+09:00,906.0,908.0,900.0,900.0,33895,0.0,0.0
2024-06-19 11:00:00+09:00,901.0,903.0,900.0,903.0,32453,0.0,0.0
2024-06-19 12:00:00+09:00,901.0,931.0,900.0,931.0,205665,0.0,0.0
2024-06-19 13:00:00+09:00,932.0,941.0,925.0,936.0,113725,0.0,0.0
2024-06-19 14:00:00+09:00,937.0,941.0,925.0,925.0,74315,0.0,0.0
2024-06-20 09:00:00+09:00,945.0,945.0,925.0,932.0,124446,0.0,0.0
2024-06-20 10:00:00+09:00,933.0,934.0,927.0,932.0,49496,0.0,0.0
2024-06-20 11:00:00+09:00,932.0,937.0,928.0,931.0,76497,0.0,0.0
2024-06-20 12:00:00+09:00,931.0,937.0,931.0,933.0,16796,0.0,0.0
2024-06-20 13:00:00+09:00,933.0,948.0,933.0,942.0,66735,0.0,0.0
2024-06-20 14:00:00+09:00,942.0,943.0,938.0,940.0,68438,0.0,0.0
2024-06-21 09:00:00+09:00,943.0,948.0,923.0,930.0,114165,0.0,0.0
2024-06-21 10:00:00+09:00,930.0,932.0,919.0,919.0,83861,0.0,0.0
2024-06-21 11:00:00+09:00,920.0,925.0,914.0,914.0,87575,0.0,0.0
2024-06-21 12:00:00+09:00,914.0,915.0,905.0,907.0,71862,0.0,0.0
2024-06-21 13:00:00+09:00,908.0,913.0,906.0,908.0,37120,0.0,0.0
2024-06-21 14:00:00+09:00,907.0,910.0,904.0,905.0,96163,0.0,0.0
2024-06-24 09:00:00+09:00,916.0,916.0,904.0,912.0,0,0.0,0.0
2024-06-24 10:00:00+09:00,912.0,912.0,906.0,906.0,21080,0.0,0.0
2024-06-24 11:00:00+09:00,908.0,908.0,904.0,905.0,13673,0.0,0.0
2024-06-24 12:00:00+09:00,906.0,912.0,905.0,910.0,12370,0.0,0.0
2024-06-24 13:00:00+09:00,909.0,911.0,907.0,910.0,41444,0.0,0.0
2024-06-24 14:00:00+09:00,910.0,910.0,904.0,906.0,25833,0.0,0.0
2024-06-25 09:00:00+09:00,904.0,909.0,887.0,890.0,106722,0.0,0.0
2024-06-25 10:00:00+09:00,890.0,896.0,886.0,896.0,66170,0.0,0.0
2024-06-25 11:00:00+09:00,896.0,899.0,890.0,896.0,24699,0.0,0.0
2024-06-25 12:00:00+09:00,896.0,896.0,890.0,893.0,13475,0.0,0.0
2024-06-25 13:00:00+09:00,895.0,900.0,895.0,899.0,20780,0.0,0.0
2024-06-25 14:00:00+09:00,897.0,899.0,891.0,891.0,26888,0.0,0.0
2024-06-26 09:00:00+09:00,898.0,900.0,887.0,893.0,49157,0.0,0.0
2024-06-26 10:00:00+09:00,893.0,896.0,889.0,892.0,34192,0.0,0.0
2024-06-26 11:00:00+09:00,892.0,892.0,888.0,889.0,23190,0.0,0.0
2024-06-26 12:00:00+09:00,888.0,890.0,888.0,890.0,32012,0.0,0.0
2024-06-26 13:00:00+09:00,889.0,893.0,889.0,892.0,13388,0.0,0.0
2024-06-26 14:00:00+09:00,892.0,896.0,891.0,894.0,11088,0.0,0.0
2024-06-27 09:00:00+09:00,894.0,905.0,892.0,895.0,34991,0.0,0.0
2024-06-27 10:00:00+09:00,895.0,900.0,892.0,899.0,48330,0.0,0.0
2024-06-27 11:00:00+09:00,899.0,899.0,896.0,898.0,7177,0.0,0.0
2024-06-27 12:00:00+09:00,898.0,899.0,895.0,897.0,14706,0.0,0.0
2024-06-27 13:00:00+09:00,897.0,897.0,893.0,896.0,20099,0.0,0.0
2024-06-27 14:00:00+09:00,896.0,900.0,893.0,893.0,55418,0.0,0.0
2024-06-28 09:00:00+09:00,896.0,912.0,896.0,912.0,102986,0.0,0.0
2024-06-28 10:00:00+09:00,912.0,923.0,909.0,920.0,103433,0.0,0.0
2024-06-28 11:00:00+09:00,920.0,936.0,917.0,930.0,136436,0.0,0.0
2024-06-28 12:00:00+09:00,931.0,931.0,922.0,924.0,103273,0.0,0.0
2024-06-28 13:00:00+09:00,924.0,932.0,922.0,932.0,39517,0.0,0.0
2024-06-28 14:00:00+09:00,930.0,936.0,930.0,936.0,81321,0.0,0.0
2024-07-01 09:00:00+09:00,938.0,941.0,920.0,926.0,0,0.0,0.0
2024-07-01 10:00:00+09:00,929.0,929.0,918.0,920.0,63592,0.0,0.0
2024-07-01 11:00:00+09:00,920.0,920.0,916.0,919.0,57988,0.0,0.0
2024-07-01 12:00:00+09:00,920.0,920.0,911.0,918.0,55554,0.0,0.0
2024-07-01 13:00:00+09:00,915.0,918.0,913.0,918.0,27954,0.0,0.0
2024-07-01 14:00:00+09:00,916.0,918.0,913.0,914.0,29368,0.0,0.0
2024-07-02 09:00:00+09:00,911.0,922.0,900.0,906.0,72528,0.0,0.0
2024-07-02 10:00:00+09:00,901.0,908.0,899.0,906.0,45025,0.0,0.0
2024-07-02 11:00:00+09:00,902.0,906.0,900.0,900.0,34192,0.0,0.0
2024-07-02 12:00:00+09:00,905.0,905.0,896.0,898.0,60231,0.0,0.0
2024-07-02 13:00:00+09:00,898.0,902.0,898.0,901.0,11567,0.0,0.0
2024-07-02 14:00:00+09:00,901.0,901.0,896.0,899.0,35429,0.0,0.0
2024-07-03 09:00:00+09:00,900.0,900.0,887.0,894.0,141747,0.0,0.0
2024-07-03 10:00:00+09:00,894.0,894.0,866.0,873.0,176920,0.0,0.0
2024-07-03 11:00:00+09:00,872.0,881.0,871.0,878.0,44413,0.0,0.0
2024-07-03 12:00:00+09:00,878.0,882.0,878.0,879.0,19911,0.0,0.0
2024-07-03 13:00:00+09:00,879.0,880.0,873.0,874.0,31299,0.0,0.0
2024-07-03 14:00:00+09:00,873.0,875.0,872.0,874.0,42368,0.0,0.0
2024-07-04 09:00:00+09:00,873.0,890.0,866.0,876.0,53525,0.0,0.0
2024-07-04 10:00:00+09:00,875.0,876.0,872.0,874.0,38809,0.0,0.0
2024-07-04 11:00:00+09:00,874.0,879.0,873.0,878.0,24996,0.0,0.0
2024-07-04 12:00:00+09:00,878.0,878.0,874.0,875.0,19521,0.0,0.0
2024-07-04 13:00:00+09:00,874.0,877.0,870.0,870.0,40711,0.0,0.0
2024-07-04 14:00:00+09:00,869.0,873.0,868.0,869.0,39074,0.0,0.0
2024-07-05 09:00:00+09:00,860.0,865.0,825.0,835.0,473221,0.0,0.0
2024-07-05 10:00:00+09:00,835.0,841.0,827.0,830.0,171606,0.0,0.0
2024-07-05 11:00:00+09:00,830.0,831.0,826.0,828.0,108453,0.0,0.0
2024-07-05 12:00:00+09:00,828.0,830.0,817.0,819.0,221900,0.0,0.0
2024-07-05 13:00:00+09:00,819.0,820.0,810.0,817.0,291916,0.0,0.0
2024-07-05 14:00:00+09:00,817.0,825.0,814.0,825.0,65399,0.0,0.0
2024-07-08 09:00:00+09:00,840.0,840.0,817.0,830.0,0,0.0,0.0
2024-07-08 10:00:00+09:00,830.0,832.0,825.0,826.0,60731,0.0,0.0
2024-07-08 11:00:00+09:00,828.0,829.0,820.0,829.0,35539,0.0,0.0
2024-07-08 12:00:00+09:00,829.0,835.0,828.0,832.0,31812,0.0,0.0
2024-07-08 13:00:00+09:00,831.0,833.0,830.0,832.0,16038,0.0,0.0
2024-07-08 14:00:00+09:00,832.0,835.0,830.0,831.0,55149,0.0,0.0
2024-07-09 09:00:00+09:00,828.0,855.0,819.0,843.0,186876,0.0,0.0
2024-07-09 10:00:00+09:00,844.0,847.0,834.0,838.0,169564,0.0,0.0
2024-07-09 11:00:00+09:00,838.0,840.0,834.0,835.0,22987,0.0,0.0
2024-07-09 12:00:00+09:00,835.0,835.0,828.0,830.0,29463,0.0,0.0
2024-07-09 13:00:00+09:00,831.0,844.0,830.0,840.0,39599,0.0,0.0
2024-07-09 14:00:00+09:00,839.0,841.0,832.0,839.0,27467,0.0,0.0
2024-07-10 09:00:00+09:00,848.0,848.0,827.0,833.0,132860,0.0,0.0
2024-07-10 10:00:00+09:00,833.0,839.0,831.0,832.0,30459,0.0,0.0
2024-07-10 11:00:00+09:00,836.0,836.0,827.0,830.0,119884,0.0,0.0
2024-07-10 12:00:00+09:00,830.0,831.0,827.0,829.0,36170,0.0,0.0
2024-07-10 13:00:00+09:00,829.0,835.0,825.0,835.0,41154,0.0,0.0
2024-07-10 14:00:00+09:00,835.0,837.0,831.0,834.0,33700,0.0,0.0
2024-07-11 09:00:00+09:00,839.0,839.0,823.0,829.0,153243,0.0,0.0
2024-07-11 10:00:00+09:00,828.0,830.0,823.0,824.0,82491,0.0,0.0
2024-07-11 11:00:00+09:00,824.0,833.0,823.0,829.0,49234,0.0,0.0
2024-07-11 12:00:00+09:00,830.0,833.0,829.0,831.0,40692,0.0,0.0
2024-07-11 13:00:00+09:00,831.0,838.0,831.0,833.0,49737,0.0,0.0
2024-07-11 14:00:00+09:00,834.0,835.0,822.0,831.0,151103,0.0,0.0
2024-07-12 09:00:00+09:00,826.0,830.0,823.0,826.0,120310,0.0,0.0
2024-07-12 10:00:00+09:00,826.0,855.0,824.0,850.0,279797,0.0,0.0
2024-07-12 11:00:00+09:00,850.0,852.0,840.0,840.0,96145,0.0,0.0
2024-07-12 12:00:00+09:00,842.0,847.0,839.0,843.0,32347,0.0,0.0
2024-07-12 13:00:00+09:00,843.0,843.0,835.0,835.0,32900,0.0,0.0
2024-07-12 14:00:00+09:00,837.0,852.0,834.0,836.0,126208,0.0,0.0
2024-07-15 09:00:00+09:00,840.0,870.0,840.0,845.0,0,0.0,0.0
2024-07-15 10:00:00+09:00,847.0,851.0,844.0,850.0,36039,0.0,0.0
2024-07-15 11:00:00+09:00,847.0,850.0,842.0,848.0,55761,0.0,0.0
2024-07-15 12:00:00+09:00,848.0,855.0,843.0,851.0,46235,0.0,0.0
2024-07-15 13:00:00+09:00,850.0,851.0,843.0,843.0,30229,0.0,0.0
2024-07-15 14:00:00+09:00,848.0,853.0,843.0,853.0,32479,0.0,0.0
2024-07-16 09:00:00+09:00,854.0,870.0,852.0,862.0,301928,0.0,0.0
2024-07-16 10:00:00+09:00,862.0,862.0,854.0,859.0,106410,0.0,0.0
2024-07-16 11:00:00+09:00,860.0,861.0,858.0,859.0,22278,0.0,0.0
2024-07-16 12:00:00+09:00,859.0,861.0,857.0,860.0,16953,0.0,0.0
2024-07-16 13:00:00+09:00,859.0,861.0,855.0,859.0,79895,0.0,0.0
2024-07-16 14:00:00+09:00,859.0,866.0,856.0,866.0,73099,0.0,0.0
2024-07-17 09:00:00+09:00,878.0,878.0,867.0,875.0,128359,0.0,0.0
2024-07-17 10:00:00+09:00,875.0,882.0,869.0,877.0,260350,0.0,0.0
2024-07-17 11:00:00+09:00,876.0,878.0,870.0,874.0,117773,0.0,0.0
2024-07-17 12:00:00+09:00,874.0,878.0,868.0,873.0,105385,0.0,0.0
2024-07-17 13:00:00+09:00,873.0,887.0,871.0,876.0,204079,0.0,0.0
2024-07-17 14:00:00+09:00,876.0,876.0,869.0,875.0,115144,0.0,0.0
2024-07-18 09:00:00+09:00,855.0,855.0,830.0,838.0,205178,0.0,0.0
2024-07-18 10:00:00+09:00,838.0,839.0,833.0,833.0,52884,0.0,0.0
2024-07-18 11:00:00+09:00,834.0,836.0,833.0,835.0,36859,0.0,0.0
2024-07-18 12:00:00+09:00,835.0,838.0,834.0,835.0,36914,0.0,0.0
2024-07-18 13:00:00+09:00,835.0,835.0,828.0,829.0,163201,0.0,0.0
2024-07-18 14:00:00+09:00,829.0,833.0,826.0,827.0,63103,0.0,0.0
2024-07-19 09:00:00+09:00,820.0,820.0,806.0,814.0,184974,0.0,0.0
2024-07-19 10:00:00+09:00,814.0,820.0,811.0,820.0,65575,0.0,0.0
2024-07-19 11:00:00+09:00,819.0,823.0,815.0,815.0,77013,0.0,0.0
2024-07-19 12:00:00+09:00,816.0,818.0,809.0,810.0,85221,0.0,0.0
2024-07-19 13:00:00+09:00,815.0,815.0,809.0,813.0,47321,0.0,0.0
2024-07-19 14:00:00+09:00,813.0,814.0,800.0,805.0,286203,0.0,0.0
2024-07-22 09:00:00+09:00,797.0,814.0,797.0,805.0,0,0.0,0.0
2024-07-22 10:00:00+09:00,805.0,814.0,800.0,810.0,64205,0.0,0.0
2024-07-22 11:00:00+09:00,811.0,811.0,804.0,808.0,28168,0.0,0.0
2024-07-22 12:00:00+09:00,808.0,814.0,805.0,810.0,35278,0.0,0.0
2024-07-22 13:00:00+09:00,811.0,814.0,807.0,812.0,35058,0.0,0.0
2024-07-22 14:00:00+09:00,811.0,818.0,806.0,818.0,58293,0.0,0.0
2024-07-23 09:00:00+09:00,811.0,818.0,797.0,805.0,187182,0.0,0.0
2024-07-23 10:00:00+09:00,805.0,819.0,780.0,819.0,505607,0.0,0.0
2024-07-23 11:00:00+09:00,815.0,831.0,794.0,796.0,278144,0.0,0.0
2024-07-23 12:00:00+09:00,796.0,799.0,790.0,795.0,84751,0.0,0.0
2024-07-23 13:00:00+09:00,794.0,802.0,793.0,801.0,53718,0.0,0.0
2024-07-23 14:00:00+09:00,801.0,807.0,795.0,804.0,65244,0.0,0.0
2024-07-24 09:00:00+09:00,785.0,804.0,785.0,803.0,72737,0.0,0.0
2024-07-24 10:00:00+09:00,803.0,803.0,796.0,800.0,41889,0.0,0.0
2024-07-24 11:00:00+09:00,799.0,800.0,795.0,799.0,54010,0.0,0.0
2024-07-24 12:00:00+09:00,799.0,799.0,794.0,796.0,27941,0.0,0.0
2024-07-24 13:00:00+09:00,795.0,799.0,793.0,793.0,24843,0.0,0.0
2024-07-24 14:00:00+09:00,793.0,795.0,788.0,788.0,105912,0.0,0.0
2024-07-25 09:00:00+09:00,788.0,792.0,773.0,788.0,190271,0.0,0.0
2024-07-25 10:00:00+09:00,788.0,795.0,785.0,792.0,32218,0.0,0.0
2024-07-25 11:00:00+09:00,792.0,796.0,791.0,795.0,24915,0.0,0.0
2024-07-25 12:00:00+09:00,795.0,796.0,792.0,796.0,17272,0.0,0.0
2024-07-25 13:00:00+09:00,796.0,820.0,791.0,815.0,192958,0.0,0.0
2024-07-25 14:00:00+09:00,815.0,815.0,795.0,805.0,145147,0.0,0.0
2024-07-26 09:00:00+09:00,800.0,806.0,798.0,803.0,42371,0.0,0.0
2024-07-26 10:00:00+09:00,803.0,805.0,801.0,801.0,29612,0.0,0.0
2024-07-26 11:00:00+09:00,804.0,804.0,802.0,803.0,9112,0.0,0.0
2024-07-26 12:00:00+09:00,804.0,804.0,801.0,801.0,13917,0.0,0.0
2024-07-26 13:00:00+09:00,801.0,801.0,796.0,800.0,36385,0.0,0.0
2024-07-26 14:00:00+09:00,800.0,801.0,798.0,801.0,7138,0.0,0.0
2024-07-29 09:00:00+09:00,801.0,803.0,790.0,790.0,0,0.0,0.0
2024-07-29 10:00:00+09:00,791.0,795.0,788.0,788.0,38849,0.0,0.0
2024-07-29 11:00:00+09:00,788.0,790.0,787.0,790.0,28575,0.0,0.0
2024-07-29 12:00:00+09:00,790.0,790.0,783.0,784.0,69011,0.0,0.0
2024-07-29 13:00:00+09:00,784.0,788.0,782.0,786.0,31126,0.0,0.0
2024-07-29 14:00:00+09:00,786.0,788.0,780.0,784.0,50466,0.0,0.0
2024-07-30 09:00:00+09:00,780.0,787.0,750.0,766.0,311803,0.0,0.0
2024-07-30 10:00:00+09:00,766.0,774.0,753.0,766.0,71787,0.0,0.0
2024-07-30 11:00:00+09:00,766.0,770.0,762.0,762.0,9046,0.0,0.0
2024-07-30 12:00:00+09:00,763.0,766.0,761.0,761.0,26122,0.0,0.0
2024-07-30 13:00:00+09:00,762.0,765.0,760.0,762.0,48439,0.0,0.0
2024-07-30 14:00:00+09:00,762.0,878.0,762.0,821.0,4808914,0.0,0.0
2024-07-31 09:00:00+09:00,804.0,825.0,791.0,801.0,1140099,0.0,0.0
2024-07-31 10:00:00+09:00,801.0,805.0,792.0,793.0,181512,0.0,0.0
2024-07-31 11:00:00+09:00,793.0,797.0,790.0,791.0,159317,0.0,0.0
2024-07-31 12:00:00+09:00,794.0,797.0,790.0,793.0,76545,0.0,0.0
2024-07-31 13:00:00+09:00,794.0,795.0,783.0,783.0,132128,0.0,0.0
2024-07-31 14:00:00+09:00,785.0,788.0,780.0,784.0,128220,0.0,0.0
2024-08-01 09:00:00+09:00,780.0,788.0,779.0,785.0,178113,0.0,0.0
2024-08-01 10:00:00+09:00,785.0,785.0,780.0,782.0,77773,0.0,0.0
2024-08-01 11:00:00+09:00,783.0,787.0,780.0,786.0,39470,0.0,0.0
2024-08-01 12:00:00+09:00,786.0,787.0,782.0,786.0,30515,0.0,0.0
2024-08-01 13:00:00+09:00,786.0,789.0,785.0,787.0,19414,0.0,0.0
2024-08-01 14:00:00+09:00,787.0,789.0,780.0,781.0,76531,0.0,0.0
2024-08-02 09:00:00+09:00,778.0,779.0,763.0,771.0,115828,0.0,0.0
2024-08-02 10:00:00+09:00,771.0,771.0,763.0,764.0,35659,0.0,0.0
2024-08-02 11:00:00+09:00,768.0,768.0,760.0,763.0,81417,0.0,0.0
2024-08-02 12:00:00+09:00,764.0,765.0,760.0,761.0,26339,0.0,0.0
2024-08-02 13:00:00+09:00,762.0,763.0,761.0,761.0,15450,0.0,0.0
2024-08-02 14:00:00+09:00,762.0,763.0,753.0,757.0,142521,0.0,0.0
2024-08-05 09:00:00+09:00,757.0,757.0,725.0,726.0,0,0.0,0.0
2024-08-05 10:00:00+09:00,726.0,730.0,710.0,722.0,139208,0.0,0.0
2024-08-05 11:00:00+09:00,722.0,722.0,710.0,711.0,98904,0.0,0.0
2024-08-05 12:00:00+09:00,711.0,716.0,706.0,706.0,87905,0.0,0.0
2024-08-05 13:00:00+09:00,706.0,711.0,701.0,705.0,115871,0.0,0.0
2024-08-05 14:00:00+09:00,700.0,705.0,641.0,682.0,242684,0.0,0.0
2024-08-06 09:00:00+09:00,700.0,732.0,686.0,714.0,223490,0.0,0.0
2024-08-06 10:00:00+09:00,713.0,714.0,701.0,705.0,55326,0.0,0.0
2024-08-06 11:00:00+09:00,705.0,709.0,703.0,707.0,15148,0.0,0.0
2024-08-06 12:00:00+09:00,707.0,715.0,706.0,713.0,34393,0.0,0.0
2024-08-06 13:00:00+09:00,714.0,715.0,707.0,713.0,16126,0.0,0.0
2024-08-06 14:00:00+09:00,713.0,713.0,707.0,707.0,30643,0.0,0.0
2024-08-07 09:00:00+09:00,656.0,685.0,652.0,683.0,3229290,0.0,0.0
2024-08-07 10:00:00+09:00,683.0,683.0,673.0,674.0,636345,0.0,0.0
2024-08-07 11:00:00+09:00,675.0,679.0,671.0,676.0,497783,0.0,0.0
2024-08-07 12:00:00+09:00,676.0,678.0,672.0,673.0,299116,0.0,0.0
2024-08-07 13:00:00+09:00,673.0,675.0,665.0,666.0,567466,0.0,0.0
2024-08-07 14:00:00+09:00,665.0,669.0,660.0,666.0,683738,0.0,0.0
2024-08-08 09:00:00+09:00,666.0,668.0,629.0,650.0,1051853,0.0,0.0
2024-08-08 10:00:00+09:00,650.0,663.0,647.0,660.0,202360,0.0,0.0
2024-08-08 11:00:00+09:00,660.0,660.0,651.0,656.0,81285,0.0,0.0
2024-08-08 12:00:00+09:00,656.0,671.0,656.0,664.0,238296,0.0,0.0
2024-08-08 13:00:00+09:00,664.0,672.0,658.0,668.0,82691,0.0,0.0
2024-08-08 14:00:00+09:00,668.0,668.0,645.0,665.0,127861,0.0,0.0
2024-08-09 09:00:00+09:00,667.0,691.0,664.0,671.0,1293782,0.0,0.0
2024-08-09 10:00:00+09:00,668.0,681.0,665.0,680.0,454664,0.0,0.0
2024-08-09 11:00:00+09:00,679.0,685.0,673.0,677.0,216065,0.0,0.0
2024-08-09 12:00:00+09:00,677.0,681.0,675.0,677.0,125006,0.0,0.0
2024-08-09 13:00:00+09:00,677.0,683.0,676.0,678.0,180756,0.0,0.0
2024-08-09 14:00:00+09:00,680.0,681.0,672.0,677.0,196958,0.0,0.0
2024-08-12 09:00:00+09:00,683.0,690.0,679.0,685.0,0,0.0,0.0
2024-08-12 10:00:00+09:00,684.0,692.0,683.0,688.0,211310,0.0,0.0
2024-08-12 11:00:00+09:00,689.0,704.0,687.0,704.0,246382,0.0,0.0
2024-08-12 12:00:00+09:00,702.0,713.0,702.0,709.0,219962,0.0,0.0
2024-08-12 13:00:00+09:00,709.0,712.0,696.0,702.0,227095,0.0,0.0
2024-08-12 14:00:00+09:00,702.0,707.0,699.0,706.0,76997,0.0,0.0
2024-08-13 09:00:00+09:00,701.0,712.0,693.0,699.0,375388,0.0,0.0
2024-08-13 10:00:00+09:00,698.0,701.0,695.0,699.0,124265,0.0,0.0
2024-08-13 11:00:00+09:00,700.0,709.0,699.0,707.0,134414,0.0,0.0
2024-08-13 12:00:00+09:00,707.0,710.0,704.0,707.0,102915,0.0,0.0
2024-08-13 13:00:00+09:00,707.0,707.0,700.0,703.0,80029,0.0,0.0
2024-08-13 14:00:00+09:00,703.0,703.0,698.0,699.0,99814,0.0,0.0
2024-08-14 09:00:00+09:00,705.0,710.0,699.0,703.0,194512,0.0,0.0
2024-08-14 10:00:00+09:00,703.0,710.0,700.0,709.0,118257,0.0,0.0
2024-08-14 11:00:00+09:00,710.0,713.0,706.0,708.0,114880,0.0,0.0
2024-08-14 12:00:00+09:00,708.0,710.0,707.0,708.0,64385,0.0,0.0
2024-08-14 13:00:00+09:00,708.0,709.0,707.0,708.0,29446,0.0,0.0
2024-08-14 14:00:00+09:00,709.0,710.0,707.0,709.0,110188,0.0,0.0
2024-08-16 09:00:00+09:00,711.0,716.0,703.0,705.0,0,0.0,0.0
2024-08-16 10:00:00+09:00,706.0,709.0,704.0,706.0,46846,0.0,0.0
2024-08-16 11:00:00+09:00,708.0,709.0,705.0,707.0,42965,0.0,0.0
2024-08-16 12:00:00+09:00,707.0,707.0,704.0,707.0,55021,0.0,0.0
2024-08-16 13:00:00+09:00,705.0,707.0,702.0,704.0,48069,0.0,0.0
2024-08-16 14:00:00+09:00,703.0,705.0,702.0,704.0,77854,0.0,0.0
2024-08-19 09:00:00+09:00,701.0,707.0,699.0,702.0,0,0.0,0.0
2024-08-19 10:00:00+09:00,700.0,711.0,699.0,704.0,240975,0.0,0.0
2024-08-19 11:00:00+09:00,702.0,704.0,699.0,699.0,77733,0.0,0.0
2024-08-19 12:00:00+09:00,700.0,702.0,693.0,699.0,84879,0.0,0.0
2024-08-19 13:00:00+09:00,695.0,699.0,691.0,696.0,115895,0.0,0.0
2024-08-19 14:00:00+09:00,694.0,696.0,686.0,686.0,158588,0.0,0.0
2024-08-20 09:00:00+09:00,691.0,718.0,688.0,709.0,451648,0.0,0.0
2024-08-20 10:00:00+09:00,709.0,709.0,704.0,706.0,92858,0.0,0.0
2024-08-20 11:00:00+09:00,706.0,706.0,700.0,705.0,67287,0.0,0.0
2024-08-20 12:00:00+09:00,705.0,707.0,703.0,705.0,35155,0.0,0.0
2024-08-20 13:00:00+09:00,706.0,712.0,705.0,711.0,180770,0.0,0.0
2024-08-20 14:00:00+09:00,712.0,713.0,707.0,710.0,130822,0.0,0.0
2024-08-21 09:00:00+09:00,709.0,720.0,706.0,707.0,186133,0.0,0.0
2024-08-21 10:00:00+09:00,707.0,707.0,700.0,703.0,115996,0.0,0.0
2024-08-21 11:00:00+09:00,702.0,705.0,700.0,704.0,69125,0.0,0.0
2024-08-21 12:00:00+09:00,704.0,716.0,701.0,707.0,57776,0.0,0.0
2024-08-21 13:00:00+09:00,705.0,707.0,703.0,707.0,56497,0.0,0.0
2024-08-21 14:00:00+09:00,706.0,707.0,705.0,706.0,43914,0.0,0.0
2024-08-22 09:00:00+09:00,707.0,713.0,699.0,704.0,201889,0.0,0.0
2024-08-22 10:00:00+09:00,702.0,704.0,695.0,699.0,52057,0.0,0.0
2024-08-22 11:00:00+09:00,699.0,699.0,690.0,691.0,85908,0.0,0.0
2024-08-22 12:00:00+09:00,694.0,696.0,681.0,686.0,229910,0.0,0.0
2024-08-22 13:00:00+09:00,685.0,691.0,680.0,690.0,150181,0.0,0.0
2024-08-22 14:00:00+09:00,688.0,691.0,685.0,688.0,58320,0.0,0.0
2024-08-23 09:00:00+09:00,670.0,683.0,661.0,679.0,255998,0.0,0.0
2024-08-23 10:00:00+09:00,678.0,682.0,674.0,677.0,49975,0.0,0.0
2024-08-23 11:00:00+09:00,676.0,678.0,671.0,674.0,68599,0.0,0.0
2024-08-23 12:00:00+09:00,674.0,675.0,672.0,675.0,56930,0.0,0.0
2024-08-23 13:00:00+09:00,674.0,677.0,673.0,677.0,87065,0.0,0.0
2024-08-23 14:00:00+09:00,677.0,679.0,672.0,674.0,81320,0.0,0.0
2024-08-26 09:00:00+09:00,679.0,680.0,657.0,662.0,0,0.0,0.0
2024-08-26 10:00:00+09:00,662.0,663.0,657.0,660.0,88890,0.0,0.0
2024-08-26 11:00:00+09:00,660.0,664.0,656.0,664.0,84725,0.0,0.0
2024-08-26 12:00:00+09:00,664.0,667.0,661.0,662.0,30266,0.0,0.0
2024-08-26 13:00:00+09:00,661.0,665.0,661.0,664.0,34707,0.0,0.0
2024-08-26 14:00:00+09:00,664.0,671.0,664.0,671.0,70301,0.0,0.0
2024-08-27 09:00:00+09:00,666.0,671.0,663.0,669.0,93128,0.0,0.0
2024-08-27 10:00:00+09:00,666.0,675.0,666.0,670.0,66033,0.0,0.0
2024-08-27 11:00:00+09:00,669.0,671.0,667.0,670.0,23865,0.0,0.0
2024-08-27 12:00:00+09:00,670.0,670.0,665.0,669.0,50519,0.0,0.0
2024-08-27 13:00:00+09:00,667.0,671.0,667.0,670.0,50257,0.0,0.0
2024-08-27 14:00:00+09:00,670.0,677.0,670.0,677.0,77601,0.0,0.0
2024-08-28 09:00:00+09:00,678.0,680.0,673.0,675.0,58678,0.0,0.0
2024-08-28 10:00:00+09:00,675.0,678.0,666.0,676.0,47410,0.0,0.0
2024-08-28 11:00:00+09:00,675.0,675.0,663.0,669.0,48159,0.0,0.0
2024-08-28 12:00:00+09:00,669.0,671.0,663.0,664.0,55227,0.0,0.0
2024-08-28 13:00:00+09:00,664.0,666.0,657.0,662.0,131710,0.0,0.0
2024-08-28 14:00:00+09:00,661.0,665.0,660.0,660.0,68619,0.0,0.0
2024-08-29 09:00:00+09:00,665.0,675.0,660.0,673.0,246877,0.0,0.0
2024-08-29 10:00:00+09:00,672.0,681.0,669.0,680.0,218283,0.0,0.0
2024-08-29 11:00:00+09:00,679.0,679.0,673.0,674.0,29979,0.0,0.0
2024-08-29 12:00:00+09:00,676.0,677.0,673.0,674.0,51386,0.0,0.0
2024-08-29 13:00:00+09:00,674.0,681.0,674.0,678.0,41498,0.0,0.0
2024-08-29 14:00:00+09:00,678.0,679.0,675.0,678.0,61553,0.0,0.0
2024-08-30 09:00:00+09:00,681.0,695.0,678.0,682.0,69946,0.0,0.0
2024-08-30 10:00:00+09:00,682.0,685.0,677.0,682.0,69105,0.0,0.0
2024-08-30 11:00:00+09:00,681.0,683.0,678.0,682.0,29147,0.0,0.0
2024-08-30 12:00:00+09:00,682.0,683.0,678.0,683.0,20880,0.0,0.0
2024-08-30 13:00:00+09:00,683.0,685.0,679.0,684.0,25890,0.0,0.0
2024-08-30 14:00:00+09:00,684.0,698.0,678.0,688.0,186954,0.0,0.0
2024-09-02 09:00:00+09:00,699.0,699.0,679.0,693.0,0,0.0,0.0
2024-09-02 10:00:00+09:00,693.0,693.0,688.0,688.0,25503,0.0,0.0
2024-09-02 11:00:00+09:00,690.0,691.0,686.0,690.0,40856,0.0,0.0
2024-09-02 12:00:00+09:00,690.0,690.0,686.0,690.0,24695,0.0,0.0
2024-09-02 13:00:00+09:00,690.0,691.0,686.0,691.0,27509,0.0,0.0
2024-09-02 14:00:00+09:00,691.0,691.0,684.0,688.0,38390,0.0,0.0
2024-09-03 09:00:00+09:00,697.0,701.0,691.0,699.0,95630,0.0,0.0
2024-09-03 10:00:00+09:00,699.0,712.0,697.0,710.0,209829,0.0,0.0
2024-09-03 11:00:00+09:00,710.0,713.0,706.0,708.0,57575,0.0,0.0
2024-09-03 12:00:00+09:00,708.0,709.0,705.0,708.0,26013,0.0,0.0
2024-09-03 13:00:00+09:00,708.0,709.0,704.0,707.0,45846,0.0,0.0
2024-09-03 14:00:00+09:00,707.0,708.0,703.0,707.0,75049,0.0,0.0
2024-09-04 09:00:00+09:00,689.0,700.0,679.0,685.0,309602,0.0,0.0
2024-09-04 10:00:00+09:00,685.0,690.0,681.0,689.0,78014,0.0,0.0
2024-09-04 11:00:00+09:00,688.0,693.0,686.0,689.0,68036,0.0,0.0
2024-09-04 12:00:00+09:00,689.0,692.0,687.0,689.0,25430,0.0,0.0
2024-09-04 13:00:00+09:00,688.0,690.0,687.0,688.0,25394,0.0,0.0
2024-09-04 14:00:00+09:00,688.0,688.0,683.0,683.0,116530,0.0,0.0
2024-09-05 09:00:00+09:00,689.0,698.0,688.0,695.0,90272,0.0,0.0
2024-09-05 10:00:00+09:00,695.0,699.0,693.0,696.0,46176,0.0,0.0
2024-09-05 11:00:00+09:00,692.0,696.0,686.0,690.0,121352,0.0,0.0
2024-09-05 12:00:00+09:00,690.0,690.0,686.0,688.0,49141,0.0,0.0
2024-09-05 13:00:00+09:00,687.0,689.0,684.0,684.0,105279,0.0,0.0
2024-09-05 14:00:00+09:00,688.0,695.0,684.0,695.0,95413,0.0,0.0
2024-09-06 09:00:00+09:00,695.0,697.0,676.0,678.0,132292,0.0,0.0
2024-09-06 10:00:00+09:00,678.0,679.0,663.0,677.0,142983,0.0,0.0
2024-09-06 11:00:00+09:00,676.0,677.0,666.0,666.0,81174,0.0,0.0
2024-09-06 12:00:00+09:00,668.0,677.0,668.0,674.0,30084,0.0,0.0
2024-09-06 13:00:00+09:00,674.0,674.0,668.0,671.0,21858,0.0,0.0
2024-09-06 14:00:00+09:00,671.0,672.0,666.0,672.0,116393,0.0,0.0
2024-09-09 09:00:00+09:00,656.0,669.0,654.0,667.0,0,0.0,0.0
2024-09-09 10:00:00+09:00,664.0,668.0,664.0,667.0,36437,0.0,0.0
2024-09-09 11:00:00+09:00,665.0,667.0,662.0,667.0,30828,0.0,0.0
2024-09-09 12:00:00+09:00,668.0,668.0,665.0,667.0,25700,0.0,0.0
2024-09-09 13:00:00+09:00,667.0,668.0,665.0,667.0,25359,0.0,0.0
2024-09-09 14:00:00+09:00,667.0,674.0,665.0,673.0,78228,0.0,0.0
2024-09-10 09:00:00+09:00,673.0,680.0,671.0,679.0,80415,0.0,0.0
2024-09-10 10:00:00+09:00,678.0,680.0,672.0,676.0,53439,0.0,0.0
2024-09-10 11:00:00+09:00,676.0,676.0,667.0,671.0,0,0.0,0.0
2024-09-10 12:00:00+09:00,666.0,676.0,664.0,675.0,264049,0.0,0.0
2024-09-10 13:00:00+09:00,671.0,673.0,666.0,667.0,40681,0.0,0.0
2024-09-10 14:00:00+09:00,668.0,669.0,662.0,665.0,79844,0.0,0.0
2024-09-11 09:00:00+09:00,662.0,673.0,662.0,666.0,43617,0.0,0.0
2024-09-11 10:00:00+09:00,667.0,668.0,660.0,660.0,111294,0.0,0.0
2024-09-11 11:00:00+09:00,660.0,664.0,659.0,664.0,23089,0.0,0.0
2024-09-11 12:00:00+09:00,664.0,664.0,659.0,663.0,41086,0.0,0.0
2024-09-11 13:00:00+09:00,663.0,663.0,656.0,657.0,43374,0.0,0.0
2024-09-11 14:00:00+09:00,658.0,663.0,652.0,663.0,96103,0.0,0.0
2024-09-12 09:00:00+09:00,662.0,673.0,660.0,665.0,93408,0.0,0.0
2024-09-12 10:00:00+09:00,670.0,670.0,662.0,667.0,61795,0.0,0.0
2024-09-12 11:00:00+09:00,668.0,668.0,662.0,664.0,79554,0.0,0.0
2024-09-12 12:00:00+09:00,668.0,669.0,664.0,669.0,60420,0.0,0.0
2024-09-12 13:00:00+09:00,668.0,672.0,664.0,671.0,53175,0.0,0.0
2024-09-12 14:00:00+09:00,671.0,674.0,661.0,668.0,120798,0.0,0.0
2024-09-13 09:00:00+09:00,674.0,674.0,666.0,667.0,44291,0.0,0.0
2024-09-13 10:00:00+09:00,667.0,668.0,666.0,668.0,28191,0.0,0.0
2024-09-13 11:00:00+09:00,671.0,671.0,664.0,668.0,73302,0.0,0.0
2024-09-13 12:00:00+09:00,667.0,669.0,665.0,669.0,34254,0.0,0.0
2024-09-13 13:00:00+09:00,669.0,669.0,667.0,669.0,16449,0.0,0.0
2024-09-13 14:00:00+09:00,668.0,672.0,667.0,671.0,73196,0.0,0.0
2024-09-19 09:00:00+09:00,669.0,674.0,666.0,666.0,0,0.0,0.0
2024-09-19 10:00:00+09:00,666.0,668.0,662.0,664.0,125624,0.0,0.0
2024-09-19 11:00:00+09:00,665.0,665.0,662.0,665.0,35746,0.0,0.0
2024-09-19 12:00:00+09:00,665.0,667.0,656.0,661.0,89082,0.0,0.0
2024-09-19 13:00:00+09:00,661.0,665.0,660.0,665.0,51898,0.0,0.0
2024-09-19 14:00:00+09:00,663.0,666.0,661.0,661.0,25170,0.0,0.0
2024-09-20 09:00:00+09:00,671.0,673.0,666.0,669.0,88432,0.0,0.0
2024-09-20 10:00:00+09:00,671.0,671.0,668.0,670.0,44517,0.0,0.0
2024-09-20 11:00:00+09:00,670.0,671.0,669.0,670.0,15496,0.0,0.0
2024-09-20 12:00:00+09:00,670.0,671.0,669.0,670.0,16346,0.0,0.0
2024-09-20 13:00:00+09:00,671.0,672.0,669.0,669.0,30088,0.0,0.0
2024-09-20 14:00:00+09:00,670.0,671.0,661.0,668.0,234387,0.0,0.0
