Datetime,Open,High,Low,Close,Volume,Dividends,Stock Splits
2022-08-25 09:30:00-04:00,2.4000000953674316,2.4200000762939453,2.25,2.283600091934204,44624,0.0,0.0
2022-08-25 10:30:00-04:00,2.2799999713897705,2.319700002670288,2.2100000381469727,2.21560001373291,40889,0.0,0.0
2022-08-25 11:30:00-04:00,2.299999952316284,2.299999952316284,2.2200000286102295,2.26200008392334,7444,0.0,0.0
2022-08-25 12:30:00-04:00,2.2890000343322754,2.2999000549316406,2.2100000381469727,2.2999000549316406,10470,0.0,0.0
2022-08-25 13:30:00-04:00,2.2300000190734863,2.2799999713897705,2.200000047683716,2.2200000286102295,16768,0.0,0.0
2022-08-25 14:30:00-04:00,2.190000057220459,2.219899892807007,2.119999885559082,2.1600000858306885,29420,0.0,0.0
2022-08-25 15:30:00-04:00,2.1600000858306885,2.2599000930786133,2.140000104904175,2.2200000286102295,21850,0.0,0.0
2022-08-26 09:30:00-04:00,2.2100000381469727,2.2100000381469727,2.119999885559082,2.140000104904175,11492,0.0,0.0
2022-08-26 10:30:00-04:00,2.184999942779541,2.2581000328063965,2.140199899673462,2.2037999629974365,9746,0.0,0.0
2022-08-26 11:30:00-04:00,2.2012999057769775,2.2100000381469727,2.1500000953674316,2.1600000858306885,3880,0.0,0.0
2022-08-26 12:30:00-04:00,2.1600000858306885,2.240000009536743,2.140000104904175,2.160099983215332,6798,0.0,0.0
2022-08-26 13:30:00-04:00,2.160099983215332,2.2265000343322754,2.1401000022888184,2.1401000022888184,7604,0.0,0.0
2022-08-26 14:30:00-04:00,2.1401000022888184,2.2100000381469727,2.140000104904175,2.2100000381469727,7170,0.0,0.0
2022-08-26 15:30:00-04:00,2.174999952316284,2.174999952316284,2.1500000953674316,2.1700000762939453,1578,0.0,0.0
2022-08-29 09:30:00-04:00,2.2100000381469727,2.2100000381469727,2.109999895095825,2.130000114440918,30000,0.0,0.0
2022-08-29 10:30:00-04:00,2.134999990463257,2.134999990463257,2.109999895095825,2.110100030899048,6180,0.0,0.0
2022-08-29 11:30:00-04:00,2.130000114440918,2.1572000980377197,2.129699945449829,2.140000104904175,6173,0.0,0.0
2022-08-29 12:30:00-04:00,2.140000104904175,2.1500000953674316,2.0999999046325684,2.1482999324798584,15204,0.0,0.0
2022-08-29 13:30:00-04:00,2.1349000930786133,2.1600000858306885,2.1349000930786133,2.1600000858306885,810,0.0,0.0
2022-08-29 14:30:00-04:00,2.1600000858306885,2.200000047683716,2.140000104904175,2.1700000762939453,1842,0.0,0.0
2022-08-29 15:30:00-04:00,2.1600000858306885,2.1700000762939453,2.119999885559082,2.119999885559082,1579,0.0,0.0
2022-08-30 09:30:00-04:00,2.1600000858306885,2.180000066757202,2.1600000858306885,2.174999952316284,5772,0.0,0.0
2022-08-30 10:30:00-04:00,2.1700000762939453,2.1798999309539795,2.1700000762939453,2.1798999309539795,3605,0.0,0.0
2022-08-30 11:30:00-04:00,2.1614999771118164,2.1614999771118164,2.144200086593628,2.144200086593628,1503,0.0,0.0
2022-08-30 12:30:00-04:00,2.159899950027466,2.1600000858306885,2.140000104904175,2.140000104904175,3430,0.0,0.0
2022-08-30 13:30:00-04:00,2.140000104904175,2.140000104904175,2.140000104904175,2.140000104904175,1550,0.0,0.0
2022-08-30 14:30:00-04:00,2.140000104904175,2.140000104904175,2.119999885559082,2.119999885559082,2861,0.0,0.0
2022-08-30 15:30:00-04:00,2.115000009536743,2.1298000812530518,2.0999999046325684,2.0999999046325684,5139,0.0,0.0
2022-08-31 09:30:00-04:00,2.2300000190734863,2.2300000190734863,2.190000057220459,2.190000057220459,6966,0.0,0.0
2022-08-31 10:30:00-04:00,2.180000066757202,2.180000066757202,2.1489999294281006,2.1489999294281006,550,0.0,0.0
2022-08-31 13:30:00-04:00,2.1500000953674316,2.1700000762939453,2.109999895095825,2.119999885559082,4211,0.0,0.0
2022-08-31 14:30:00-04:00,2.1268999576568604,2.1700000762939453,2.1268999576568604,2.1600000858306885,882,0.0,0.0
2022-08-31 15:30:00-04:00,2.1600000858306885,2.190000057220459,2.1600000858306885,2.190000057220459,940,0.0,0.0
2022-09-01 09:30:00-04:00,2.1600000858306885,2.1700000762939453,2.1449999809265137,2.1449999809265137,1864,0.0,0.0
2022-09-01 10:30:00-04:00,2.134999990463257,2.1700000762939453,2.0399999618530273,2.1189000606536865,17173,0.0,0.0
2022-09-01 11:30:00-04:00,2.119999885559082,2.119999885559082,2.0724000930786133,2.0724000930786133,7440,0.0,0.0
2022-09-01 12:30:00-04:00,2.069999933242798,2.069999933242798,2.050100088119507,2.050100088119507,4934,0.0,0.0
2022-09-01 13:30:00-04:00,2.049999952316284,2.0999999046325684,2.0399999618530273,2.0999999046325684,8264,0.0,0.0
2022-09-01 14:30:00-04:00,2.0899999141693115,2.0899999141693115,2.0399999618530273,2.069999933242798,2861,0.0,0.0
2022-09-01 15:30:00-04:00,2.069999933242798,2.0999999046325684,2.069999933242798,2.0799999237060547,2193,0.0,0.0
2022-09-02 09:30:00-04:00,2.069999933242798,2.0799999237060547,2.0304999351501465,2.0304999351501465,4923,0.0,0.0
2022-09-02 10:30:00-04:00,2.0799999237060547,2.119999885559082,2.079900026321411,2.119800090789795,5492,0.0,0.0
2022-09-02 11:30:00-04:00,2.109999895095825,2.119999885559082,2.109999895095825,2.119999885559082,2074,0.0,0.0
2022-09-02 12:30:00-04:00,2.0899999141693115,2.119999885559082,2.0899999141693115,2.119999885559082,621,0.0,0.0
2022-09-02 13:30:00-04:00,2.070499897003174,2.109999895095825,2.069999933242798,2.109999895095825,3857,0.0,0.0
2022-09-02 15:30:00-04:00,2.0899999141693115,2.0899999141693115,2.0799999237060547,2.0799999237060547,415,0.0,0.0
2022-09-06 09:30:00-04:00,2.0799999237060547,2.0799999237060547,1.9500000476837158,2.0299999713897705,37675,0.0,0.0
2022-09-06 10:30:00-04:00,2.005500078201294,2.049999952316284,2.005500078201294,2.049999952316284,1151,0.0,0.0
2022-09-06 11:30:00-04:00,2.0199999809265137,2.0209999084472656,2.009999990463257,2.015000104904175,5866,0.0,0.0
2022-09-06 12:30:00-04:00,2.015000104904175,2.069999933242798,2.009999990463257,2.059999942779541,9038,0.0,0.0
2022-09-06 13:30:00-04:00,2.049999952316284,2.0899999141693115,2.049999952316284,2.0899999141693115,2948,0.0,0.0
2022-09-06 14:30:00-04:00,2.0799999237060547,2.0799999237060547,2.059999942779541,2.069999933242798,949,0.0,0.0
2022-09-06 15:30:00-04:00,2.085700035095215,2.085700035095215,2.049999952316284,2.071000099182129,1904,0.0,0.0
2022-09-07 09:30:00-04:00,2.049999952316284,2.0899999141693115,2.049999952316284,2.069999933242798,1602,0.0,0.0
2022-09-07 10:30:00-04:00,2.0601000785827637,2.0899999141693115,2.0499000549316406,2.0799999237060547,14415,0.0,0.0
2022-09-07 11:30:00-04:00,2.049999952316284,2.0999999046325684,2.0471999645233154,2.0999999046325684,7599,0.0,0.0
2022-09-07 12:30:00-04:00,2.049999952316284,2.049999952316284,2.049999952316284,2.049999952316284,732,0.0,0.0
2022-09-07 13:30:00-04:00,2.049999952316284,2.0999999046325684,2.049799919128418,2.069999933242798,6664,0.0,0.0
2022-09-07 14:30:00-04:00,2.049999952316284,2.0899999141693115,2.0399999618530273,2.0799999237060547,12122,0.0,0.0
2022-09-07 15:30:00-04:00,2.049999952316284,2.049999952316284,2.049999952316284,2.049999952316284,300,0.0,0.0
2022-09-08 09:30:00-04:00,2.0199999809265137,2.069999933242798,2.009999990463257,2.069999933242798,6765,0.0,0.0
2022-09-08 10:30:00-04:00,2.079900026321411,2.130000114440918,2.077199935913086,2.119999885559082,10712,0.0,0.0
2022-09-08 11:30:00-04:00,2.0399999618530273,2.0399999618530273,2.0399999618530273,2.0399999618530273,129,0.0,0.0
2022-09-08 12:30:00-04:00,2.109600067138672,2.109999895095825,2.072999954223633,2.072999954223633,3161,0.0,0.0
2022-09-08 13:30:00-04:00,2.0701000690460205,2.1140999794006348,2.049999952316284,2.109999895095825,8654,0.0,0.0
2022-09-08 14:30:00-04:00,2.063699960708618,2.119999885559082,2.063699960708618,2.119999885559082,5575,0.0,0.0
2022-09-08 15:30:00-04:00,2.059999942779541,2.109999895095825,2.059999942779541,2.068000078201294,8168,0.0,0.0
2022-09-09 09:30:00-04:00,2.1689000129699707,2.1689000129699707,2.109999895095825,2.109999895095825,2246,0.0,0.0
2022-09-09 10:30:00-04:00,2.109999895095825,2.109999895095825,2.109999895095825,2.109999895095825,2603,0.0,0.0
2022-09-09 12:30:00-04:00,2.1473000049591064,2.1500000953674316,2.140000104904175,2.1500000953674316,2542,0.0,0.0
2022-09-09 14:30:00-04:00,2.171600103378296,2.171600103378296,2.130000114440918,2.130000114440918,3650,0.0,0.0
2022-09-09 15:30:00-04:00,2.130000114440918,2.1500000953674316,2.0999999046325684,2.0999999046325684,6343,0.0,0.0
2022-09-12 09:30:00-04:00,2.0999999046325684,2.140000104904175,2.0999999046325684,2.140000104904175,1454,0.0,0.0
2022-09-12 10:30:00-04:00,2.110100030899048,2.110100030899048,2.110100030899048,2.110100030899048,522,0.0,0.0
2022-09-12 11:30:00-04:00,2.119999885559082,2.119999885559082,2.110100030899048,2.110100030899048,1016,0.0,0.0
2022-09-12 12:30:00-04:00,2.110100030899048,2.110100030899048,2.110100030899048,2.110100030899048,436,0.0,0.0
2022-09-12 13:30:00-04:00,2.1500000953674316,2.1500000953674316,2.1273999214172363,2.1273999214172363,2113,0.0,0.0
2022-09-12 14:30:00-04:00,2.1500000953674316,2.1700000762939453,2.0999999046325684,2.139899969100952,9108,0.0,0.0
2022-09-13 09:30:00-04:00,2.059999942779541,2.165800094604492,2.059999942779541,2.115000009536743,1269,0.0,0.0
2022-09-13 10:30:00-04:00,2.119999885559082,2.1500000953674316,2.06030011177063,2.1500000953674316,2885,0.0,0.0
2022-09-13 11:30:00-04:00,2.1449999809265137,2.1449999809265137,2.1449999809265137,2.1449999809265137,217,0.0,0.0
2022-09-13 12:30:00-04:00,2.0999999046325684,2.0999999046325684,2.0999999046325684,2.0999999046325684,1138,0.0,0.0
2022-09-13 13:30:00-04:00,2.069999933242798,2.1050000190734863,2.069999933242798,2.1050000190734863,244,0.0,0.0
2022-09-13 14:30:00-04:00,2.0999999046325684,2.0999999046325684,2.049999952316284,2.049999952316284,5609,0.0,0.0
2022-09-13 15:30:00-04:00,2.049999952316284,2.0611000061035156,2.0390000343322754,2.0611000061035156,2717,0.0,0.0
2022-09-14 09:30:00-04:00,2.0399999618530273,2.111999988555908,2.0299999713897705,2.0799999237060547,1356,0.0,0.0
2022-09-14 10:30:00-04:00,2.069999933242798,2.069999933242798,2.069999933242798,2.069999933242798,1009,0.0,0.0
2022-09-14 11:30:00-04:00,2.0409998893737793,2.065000057220459,2.035799980163574,2.0399999618530273,2784,0.0,0.0
2022-09-14 12:30:00-04:00,2.0645999908447266,2.089900016784668,2.0399999618530273,2.088099956512451,11688,0.0,0.0
2022-09-14 14:30:00-04:00,2.059999942779541,2.059999942779541,2.059999942779541,2.059999942779541,205,0.0,0.0
2022-09-15 10:30:00-04:00,2.109999895095825,2.115000009536743,2.059999942779541,2.059999942779541,4265,0.0,0.0
2022-09-15 11:30:00-04:00,2.061000108718872,2.061000108718872,2.061000108718872,2.061000108718872,4339,0.0,0.0
2022-09-15 12:30:00-04:00,2.059999942779541,2.060800075531006,2.059999942779541,2.060800075531006,3061,0.0,0.0
2022-09-15 13:30:00-04:00,2.059999942779541,2.059999942779541,2.049999952316284,2.049999952316284,707,0.0,0.0
2022-09-15 14:30:00-04:00,2.069999933242798,2.069999933242798,2.0199999809265137,2.0199999809265137,4137,0.0,0.0
2022-09-15 15:30:00-04:00,2.0199999809265137,2.0199999809265137,2.009999990463257,2.0100998878479004,662,0.0,0.0
2022-09-16 09:30:00-04:00,2.059999942779541,2.059999942779541,1.9600000381469727,1.9700000286102295,0,0.0,0.0
2022-09-16 10:30:00-04:00,1.9800000190734863,2.0299999713897705,1.9658000469207764,2.02810001373291,10533,0.0,0.0
2022-09-16 13:30:00-04:00,2.0299999713897705,2.0399999618530273,1.9601000547409058,2.009999990463257,16957,0.0,0.0
2022-09-16 14:30:00-04:00,2.0,2.0,2.0,2.0,269,0.0,0.0
2022-09-16 15:30:00-04:00,1.9700000286102295,2.009999990463257,1.9700000286102295,1.9900000095367432,1594,0.0,0.0
2022-09-19 09:30:00-04:00,1.9500000476837158,1.9500000476837158,1.9500000476837158,1.9500000476837158,7705,0.0,0.0
2022-09-19 10:30:00-04:00,1.9800000190734863,1.9800000190734863,1.9701000452041626,1.9701000452041626,4525,0.0,0.0
2022-09-19 11:30:00-04:00,1.9900000095367432,2.0,1.9600000381469727,2.0,9999,0.0,0.0
2022-09-19 12:30:00-04:00,1.9700000286102295,1.9800000190734863,1.9601000547409058,1.9601000547409058,1214,0.0,0.0
2022-09-19 13:30:00-04:00,1.972100019454956,1.9800000190734863,1.9700000286102295,1.9700000286102295,10761,0.0,0.0
2022-09-19 14:30:00-04:00,1.962399959564209,1.98989999294281,1.9600000381469727,1.975000023841858,8045,0.0,0.0
2022-09-19 15:30:00-04:00,1.9765000343322754,1.9765000343322754,1.9600000381469727,1.9600000381469727,1527,0.0,0.0
2022-09-20 09:30:00-04:00,2.049999952316284,2.049999952316284,1.9600000381469727,1.975000023841858,0,0.0,0.0
2022-09-20 10:30:00-04:00,1.9600000381469727,2.0,1.9500000476837158,1.9500000476837158,14050,0.0,0.0
2022-09-20 11:30:00-04:00,1.9500000476837158,2.0,1.9500000476837158,1.9500000476837158,1889,0.0,0.0
2022-09-20 12:30:00-04:00,1.9809999465942383,1.9809999465942383,1.9809999465942383,1.9809999465942383,496,0.0,0.0
2022-09-20 13:30:00-04:00,1.9500000476837158,1.9599000215530396,1.9500000476837158,1.9500000476837158,1290,0.0,0.0
2022-09-20 14:30:00-04:00,1.9500000476837158,1.951799988746643,1.9299999475479126,1.9299999475479126,2928,0.0,0.0
2022-09-20 15:30:00-04:00,1.9372999668121338,1.9700000286102295,1.9299999475479126,1.9600000381469727,2026,0.0,0.0
2022-09-21 09:30:00-04:00,1.9500000476837158,2.0,1.9500000476837158,1.9800000190734863,5498,0.0,0.0
2022-09-21 10:30:00-04:00,1.9800000190734863,2.0199999809265137,1.9800000190734863,2.0048000812530518,11075,0.0,0.0
2022-09-21 11:30:00-04:00,2.0,2.009999990463257,1.9801000356674194,1.9801000356674194,482,0.0,0.0
2022-09-21 12:30:00-04:00,1.992400050163269,1.992400050163269,1.9866000413894653,1.9866000413894653,258,0.0,0.0
2022-09-21 13:30:00-04:00,1.982800006866455,1.9831000566482544,1.9299999475479126,1.9423999786376953,5739,0.0,0.0
2022-09-21 14:30:00-04:00,1.940000057220459,1.9886000156402588,1.9299999475479126,1.965000033378601,3553,0.0,0.0
2022-09-21 15:30:00-04:00,1.9500000476837158,1.9500000476837158,1.909999966621399,1.9199999570846558,0,0.0,0.0
2022-09-22 09:30:00-04:00,1.9049999713897705,1.9049999713897705,1.8616000413894653,1.8700000047683716,5298,0.0,0.0
2022-09-22 10:30:00-04:00,1.8799999952316284,1.8799999952316284,1.8624999523162842,1.8624999523162842,2333,0.0,0.0
2022-09-22 11:30:00-04:00,1.878999948501587,1.878999948501587,1.8377000093460083,1.8377000093460083,7319,0.0,0.0
2022-09-22 12:30:00-04:00,1.840000033378601,1.840000033378601,1.809999942779541,1.809999942779541,1824,0.0,0.0
2022-09-22 13:30:00-04:00,1.8200000524520874,1.8600000143051147,1.809999942779541,1.8600000143051147,15966,0.0,0.0
2022-09-22 15:30:00-04:00,1.840000033378601,1.8479000329971313,1.840000033378601,1.8479000329971313,1300,0.0,0.0
2022-09-23 09:30:00-04:00,1.7899999618530273,1.840000033378601,1.7899999618530273,1.8300000429153442,6010,0.0,0.0
2022-09-23 10:30:00-04:00,1.8300000429153442,1.8300000429153442,1.809999942779541,1.8300000429153442,2258,0.0,0.0
2022-09-23 11:30:00-04:00,1.8301000595092773,1.8301000595092773,1.8300000429153442,1.8300000429153442,1113,0.0,0.0
2022-09-23 12:30:00-04:00,1.8300000429153442,1.8300000429153442,1.809999942779541,1.809999942779541,3933,0.0,0.0
2022-09-23 13:30:00-04:00,1.8598999977111816,1.8598999977111816,1.8200000524520874,1.8300000429153442,4342,0.0,0.0
2022-09-23 14:30:00-04:00,1.8200000524520874,1.8250000476837158,1.7599999904632568,1.809999942779541,14455,0.0,0.0
2022-09-23 15:30:00-04:00,1.809999942779541,1.840000033378601,1.791200041770935,1.840000033378601,2304,0.0,0.0
2022-09-26 09:30:00-04:00,1.8300000429153442,1.940000057220459,1.8300000429153442,1.940000057220459,917,0.0,0.0
2022-09-26 10:30:00-04:00,1.8596999645233154,1.899999976158142,1.8596999645233154,1.8666000366210938,816,0.0,0.0
2022-09-26 11:30:00-04:00,1.8759000301361084,1.8759000301361084,1.7699999809265137,1.8044999837875366,3052,0.0,0.0
2022-09-26 12:30:00-04:00,1.8049999475479126,1.809999942779541,1.7799999713897705,1.7799999713897705,6124,0.0,0.0
2022-09-26 13:30:00-04:00,1.7999999523162842,1.7999999523162842,1.7599999904632568,1.7599999904632568,6429,0.0,0.0
2022-09-26 14:30:00-04:00,1.7403000593185425,1.7699999809265137,1.7200000286102295,1.720900058746338,5561,0.0,0.0
2022-09-26 15:30:00-04:00,1.7300000190734863,1.7799999713897705,1.7200000286102295,1.7799999713897705,0,0.0,0.0
2022-09-27 09:30:00-04:00,1.7699999809265137,1.8200000524520874,1.7364000082015991,1.7999000549316406,3932,0.0,0.0
2022-09-27 10:30:00-04:00,1.7999999523162842,1.7999999523162842,1.7999999523162842,1.7999999523162842,353,0.0,0.0
2022-09-27 11:30:00-04:00,1.809999942779541,1.809999942779541,1.7999999523162842,1.7999999523162842,1389,0.0,0.0
2022-09-27 12:30:00-04:00,1.7799999713897705,1.7799999713897705,1.75,1.75,269,0.0,0.0
2022-09-27 13:30:00-04:00,1.75,1.75,1.75,1.75,154,0.0,0.0
2022-09-27 15:30:00-04:00,1.749899983406067,1.75,1.749899983406067,1.75,1477,0.0,0.0
2022-09-28 09:30:00-04:00,1.7699999809265137,1.7999000549316406,1.7200000286102295,1.7999000549316406,1756,0.0,0.0
2022-09-28 11:30:00-04:00,1.8420000076293945,1.8898999691009521,1.8420000076293945,1.8898999691009521,1916,0.0,0.0
2022-09-28 12:30:00-04:00,1.8450000286102295,1.8799999952316284,1.8300000429153442,1.8300000429153442,1163,0.0,0.0
2022-09-28 13:30:00-04:00,1.8200000524520874,1.8200000524520874,1.7999999523162842,1.7999999523162842,3649,0.0,0.0
2022-09-28 14:30:00-04:00,1.809999942779541,1.8200000524520874,1.809999942779541,1.8200000524520874,849,0.0,0.0
2022-09-28 15:30:00-04:00,1.8199000358581543,1.8200000524520874,1.8049999475479126,1.8076000213623047,2900,0.0,0.0
2022-09-29 10:30:00-04:00,1.7400000095367432,1.7918000221252441,1.7400000095367432,1.7918000221252441,134,0.0,0.0
2022-09-29 11:30:00-04:00,1.7799999713897705,1.7799999713897705,1.7599999904632568,1.7599999904632568,933,0.0,0.0
2022-09-29 12:30:00-04:00,1.7599999904632568,1.7599999904632568,1.7599999904632568,1.7599999904632568,425,0.0,0.0
2022-09-29 13:30:00-04:00,1.7999999523162842,1.7999999523162842,1.7949999570846558,1.7949999570846558,1157,0.0,0.0
2022-09-29 14:30:00-04:00,1.8099000453948975,1.8099000453948975,1.75,1.7599999904632568,20436,0.0,0.0
2022-09-29 15:30:00-04:00,1.75,1.75,1.75,1.75,253,0.0,0.0
2022-09-30 09:30:00-04:00,1.75,1.7699999809265137,1.7200000286102295,1.7699999809265137,0,0.0,0.0
2022-09-30 10:30:00-04:00,1.7699999809265137,1.8799999952316284,1.7599999904632568,1.8799999952316284,43194,0.0,0.0
2022-09-30 11:30:00-04:00,1.867300033569336,1.8698999881744385,1.809999942779541,1.809999942779541,5753,0.0,0.0
2022-09-30 12:30:00-04:00,1.7999999523162842,1.7999999523162842,1.7999999523162842,1.7999999523162842,426,0.0,0.0
2022-09-30 13:30:00-04:00,1.809999942779541,1.8200000524520874,1.809999942779541,1.8200000524520874,1931,0.0,0.0
2022-09-30 14:30:00-04:00,1.8453999757766724,1.8453999757766724,1.8453999757766724,1.8453999757766724,962,0.0,0.0
2022-09-30 15:30:00-04:00,1.8700000047683716,1.8700000047683716,1.8550000190734863,1.8550000190734863,268,0.0,0.0
2022-10-03 09:30:00-04:00,1.850000023841858,1.924299955368042,1.850000023841858,1.909999966621399,1679,0.0,0.0
2022-10-03 10:30:00-04:00,1.9153000116348267,1.9153000116348267,1.9153000116348267,1.9153000116348267,799,0.0,0.0
2022-10-03 12:30:00-04:00,1.899999976158142,1.909999966621399,1.899999976158142,1.909999966621399,1334,0.0,0.0
2022-10-03 13:30:00-04:00,1.9026999473571777,1.940000057220459,1.9026999473571777,1.9127000570297241,4465,0.0,0.0
2022-10-03 14:30:00-04:00,2.009999990463257,2.009999990463257,1.940000057220459,1.940000057220459,658,0.0,0.0
2022-10-03 15:30:00-04:00,2.0,2.0,1.9600000381469727,2.0,11992,0.0,0.0
2022-10-04 09:30:00-04:00,2.0199999809265137,2.065000057220459,2.0199999809265137,2.0201001167297363,4596,0.0,0.0
2022-10-04 10:30:00-04:00,2.0199999809265137,2.0388998985290527,2.0199999809265137,2.0367000102996826,1663,0.0,0.0
2022-10-04 11:30:00-04:00,2.0350000858306885,2.0350000858306885,2.0350000858306885,2.0350000858306885,202,0.0,0.0
2022-10-04 12:30:00-04:00,2.0399999618530273,2.0399999618530273,2.0,2.0199999809265137,1994,0.0,0.0
2022-10-05 09:30:00-04:00,1.9436999559402466,1.9436999559402466,1.9436999559402466,1.9436999559402466,549,0.0,0.0
2022-10-05 10:30:00-04:00,1.9299999475479126,1.9299999475479126,1.9299999475479126,1.9299999475479126,104,0.0,0.0
2022-10-05 11:30:00-04:00,1.940000057220459,1.9400999546051025,1.940000057220459,1.9400999546051025,1042,0.0,0.0
2022-10-05 12:30:00-04:00,1.940000057220459,1.9699000120162964,1.940000057220459,1.9600000381469727,2380,0.0,0.0
2022-10-05 13:30:00-04:00,1.9700000286102295,1.9700000286102295,1.9700000286102295,1.9700000286102295,1385,0.0,0.0
2022-10-05 14:30:00-04:00,1.9800000190734863,1.9800000190734863,1.9800000190734863,1.9800000190734863,1064,0.0,0.0
2022-10-06 09:30:00-04:00,1.9850000143051147,1.9850000143051147,1.9850000143051147,1.9850000143051147,223,0.0,0.0
2022-10-06 10:30:00-04:00,1.9900000095367432,2.0,1.975000023841858,1.996500015258789,5001,0.0,0.0
2022-10-06 11:30:00-04:00,2.0,2.0,2.0,2.0,300,0.0,0.0
2022-10-06 12:30:00-04:00,1.983199954032898,1.983199954032898,1.983199954032898,1.983199954032898,827,0.0,0.0
2022-10-07 09:30:00-04:00,2.049999952316284,2.119999885559082,2.0199999809265137,2.049999952316284,54202,0.0,0.0
2022-10-07 10:30:00-04:00,2.0299999713897705,2.059999942779541,2.0,2.0,9487,0.0,0.0
2022-10-07 11:30:00-04:00,2.0111000537872314,2.0111000537872314,2.009999990463257,2.009999990463257,401,0.0,0.0
2022-10-07 12:30:00-04:00,2.0352001190185547,2.0352001190185547,1.973099946975708,2.0,18608,0.0,0.0
2022-10-07 13:30:00-04:00,2.000499963760376,2.009999990463257,2.0,2.0,3263,0.0,0.0
2022-10-07 14:30:00-04:00,2.009999990463257,2.0199999809265137,2.009999990463257,2.0199999809265137,1161,0.0,0.0
2022-10-07 15:30:00-04:00,2.0399999618530273,2.0399999618530273,2.0399999618530273,2.0399999618530273,400,0.0,0.0
2022-10-10 09:30:00-04:00,2.0,2.0,1.955899953842163,1.9900000095367432,2540,0.0,0.0
2022-10-10 10:30:00-04:00,1.9600000381469727,1.9700000286102295,1.9500000476837158,1.9559999704360962,11857,0.0,0.0
2022-10-10 11:30:00-04:00,1.9687999486923218,2.0299999713897705,1.9687999486923218,2.0299999713897705,22883,0.0,0.0
2022-10-10 12:30:00-04:00,2.0299999713897705,2.0299999713897705,2.0280001163482666,2.0299999713897705,1445,0.0,0.0
2022-10-10 13:30:00-04:00,2.0399999618530273,2.0399999618530273,2.0399999618530273,2.0399999618530273,1249,0.0,0.0
2022-10-10 14:30:00-04:00,2.0350000858306885,2.0399999618530273,2.0350000858306885,2.0399999618530273,3597,0.0,0.0
2022-10-10 15:30:00-04:00,2.0350000858306885,2.0399999618530273,2.0299999713897705,2.0299999713897705,795,0.0,0.0
2022-10-11 09:30:00-04:00,1.9500000476837158,2.0,1.9500000476837158,2.0,1198,0.0,0.0
2022-10-11 10:30:00-04:00,1.9700000286102295,1.9700000286102295,1.9500000476837158,1.9500000476837158,1324,0.0,0.0
2022-10-11 11:30:00-04:00,1.9600000381469727,1.9600000381469727,1.9600000381469727,1.9600000381469727,282,0.0,0.0
2022-10-11 12:30:00-04:00,1.9700000286102295,1.9700000286102295,1.9700000286102295,1.9700000286102295,106,0.0,0.0
2022-10-11 13:30:00-04:00,1.975000023841858,1.975000023841858,1.9600000381469727,1.9700000286102295,2013,0.0,0.0
2022-10-11 14:30:00-04:00,1.9700000286102295,1.9900000095367432,1.9500000476837158,1.9700000286102295,6972,0.0,0.0
2022-10-11 15:30:00-04:00,1.9850000143051147,1.999899983406067,1.9800000190734863,1.999899983406067,4384,0.0,0.0
2022-10-12 09:30:00-04:00,1.9500000476837158,2.0,1.9500000476837158,1.9800000190734863,4415,0.0,0.0
2022-10-12 10:30:00-04:00,1.9700000286102295,1.9900000095367432,1.9700000286102295,1.9900000095367432,2867,0.0,0.0
2022-10-12 11:30:00-04:00,2.009999990463257,2.009999990463257,2.009999990463257,2.009999990463257,160,0.0,0.0
2022-10-12 12:30:00-04:00,2.009999990463257,2.009999990463257,1.9800000190734863,2.0,8206,0.0,0.0
2022-10-12 13:30:00-04:00,1.9900000095367432,1.9904999732971191,1.9800000190734863,1.9904999732971191,1567,0.0,0.0
2022-10-12 14:30:00-04:00,2.0099000930786133,2.009999990463257,1.9900000095367432,2.009999990463257,1741,0.0,0.0
2022-10-12 15:30:00-04:00,1.9950000047683716,2.009999990463257,1.9900000095367432,1.9901000261306763,0,0.0,0.0
2022-10-13 09:30:00-04:00,1.9500999450683594,1.9900000095367432,1.9500000476837158,1.9500000476837158,11061,0.0,0.0
2022-10-13 10:30:00-04:00,1.9500000476837158,2.009999990463257,1.9500000476837158,2.009999990463257,4430,0.0,0.0
2022-10-13 11:30:00-04:00,1.9799000024795532,1.9900000095367432,1.9799000024795532,1.9900000095367432,6769,0.0,0.0
2022-10-13 12:30:00-04:00,1.9800000190734863,2.0,1.9600000381469727,2.0,1840,0.0,0.0
2022-10-13 13:30:00-04:00,2.0099000930786133,2.0199999809265137,2.0099000930786133,2.0199999809265137,3000,0.0,0.0
2022-10-13 14:30:00-04:00,2.0199999809265137,2.069999933242798,2.0199999809265137,2.049999952316284,6094,0.0,0.0
2022-10-13 15:30:00-04:00,2.049999952316284,2.049999952316284,2.049999952316284,2.049999952316284,0,0.0,0.0
2022-10-14 09:30:00-04:00,2.0899999141693115,2.0899999141693115,2.035599946975708,2.069999933242798,1204,0.0,0.0
2022-10-14 10:30:00-04:00,2.069999933242798,2.069999933242798,2.0309998989105225,2.0399999618530273,0,0.0,0.0
2022-10-14 11:30:00-04:00,2.0399999618530273,2.0399999618530273,2.0399999618530273,2.0399999618530273,2607,0.0,0.0
2022-10-14 12:30:00-04:00,2.0399999618530273,2.0399999618530273,2.0399999618530273,2.0399999618530273,309,0.0,0.0
2022-10-14 13:30:00-04:00,2.0399999618530273,2.0399999618530273,2.0299999713897705,2.0399999618530273,5255,0.0,0.0
2022-10-14 14:30:00-04:00,2.059999942779541,2.069999933242798,2.059999942779541,2.069999933242798,590,0.0,0.0
2022-10-14 15:30:00-04:00,2.0192999839782715,2.0799999237060547,2.0192999839782715,2.0799999237060547,7264,0.0,0.0
2022-10-17 09:30:00-04:00,2.119999885559082,2.119999885559082,2.119999885559082,2.119999885559082,2054,0.0,0.0
2022-10-17 10:30:00-04:00,2.0450000762939453,2.069999933242798,2.0450000762939453,2.050299882888794,1957,0.0,0.0
2022-10-17 11:30:00-04:00,2.038599967956543,2.039599895477295,2.0299999713897705,2.039599895477295,731,0.0,0.0
2022-10-17 12:30:00-04:00,2.030100107192993,2.030100107192993,2.030100107192993,2.030100107192993,659,0.0,0.0
2022-10-17 13:30:00-04:00,2.049999952316284,2.109999895095825,2.049999952316284,2.109999895095825,11615,0.0,0.0
2022-10-17 14:30:00-04:00,2.109999895095825,2.109999895095825,2.0801000595092773,2.0801000595092773,898,0.0,0.0
2022-10-17 15:30:00-04:00,2.109999895095825,2.109999895095825,2.1050000190734863,2.1050000190734863,0,0.0,0.0
2022-10-18 09:30:00-04:00,2.0899999141693115,2.2200000286102295,2.0899999141693115,2.1600000858306885,53659,0.0,0.0
2022-10-18 10:30:00-04:00,2.141200065612793,2.141200065612793,2.141200065612793,2.141200065612793,125,0.0,0.0
2022-10-18 12:30:00-04:00,2.1377999782562256,2.1600000858306885,2.1377999782562256,2.1600000858306885,1194,0.0,0.0
2022-10-18 13:30:00-04:00,2.1700000762939453,2.1700000762939453,2.1700000762939453,2.1700000762939453,472,0.0,0.0
2022-10-18 14:30:00-04:00,2.1600000858306885,2.1600000858306885,2.1500000953674316,2.1500000953674316,1030,0.0,0.0
2022-10-18 15:30:00-04:00,2.130000114440918,2.130000114440918,2.130000114440918,2.130000114440918,5331,0.0,0.0
2022-10-19 09:30:00-04:00,2.1500000953674316,2.240000009536743,2.1500000953674316,2.2000999450683594,20275,0.0,0.0
2022-10-19 10:30:00-04:00,2.2300000190734863,2.2799999713897705,2.2298998832702637,2.240000009536743,20778,0.0,0.0
2022-10-19 11:30:00-04:00,2.240000009536743,2.240000009536743,2.240000009536743,2.240000009536743,2243,0.0,0.0
2022-10-19 12:30:00-04:00,2.2000999450683594,2.2153000831604004,2.2000999450683594,2.208899974822998,11148,0.0,0.0
2022-10-19 13:30:00-04:00,2.20989990234375,2.2200000286102295,2.20989990234375,2.2200000286102295,1656,0.0,0.0
2022-10-19 14:30:00-04:00,2.2200000286102295,2.2200000286102295,2.1500000953674316,2.1500000953674316,7778,0.0,0.0
2022-10-19 15:30:00-04:00,2.200000047683716,2.200000047683716,2.200000047683716,2.200000047683716,4210,0.0,0.0
2022-10-20 09:30:00-04:00,2.2799999713897705,2.3010001182556152,2.200000047683716,2.244999885559082,0,0.0,0.0
2022-10-20 10:30:00-04:00,2.2799999713897705,2.319999933242798,2.26990008354187,2.309999942779541,19392,0.0,0.0
2022-10-20 11:30:00-04:00,2.3099000453948975,2.309999942779541,2.2744998931884766,2.2744998931884766,2958,0.0,0.0
2022-10-20 12:30:00-04:00,2.2600998878479004,2.2985999584198,2.2599000930786133,2.259999990463257,4684,0.0,0.0
2022-10-20 13:30:00-04:00,2.2699999809265137,2.2699999809265137,2.2699999809265137,2.2699999809265137,275,0.0,0.0
2022-10-20 14:30:00-04:00,2.259999990463257,2.259999990463257,2.259999990463257,2.259999990463257,315,0.0,0.0
2022-10-20 15:30:00-04:00,2.2699999809265137,2.289900064468384,2.259999990463257,2.289900064468384,2233,0.0,0.0
2022-10-21 09:30:00-04:00,2.309999942779541,2.335700035095215,2.27839994430542,2.335700035095215,12433,0.0,0.0
2022-10-21 10:30:00-04:00,2.309999942779541,2.309999942779541,2.2899999618530273,2.309999942779541,2172,0.0,0.0
2022-10-21 11:30:00-04:00,2.309999942779541,2.380000114440918,2.309999942779541,2.361299991607666,8140,0.0,0.0
2022-10-21 12:30:00-04:00,2.369999885559082,2.369999885559082,2.360100030899048,2.369999885559082,2448,0.0,0.0
2022-10-21 13:30:00-04:00,2.369999885559082,2.390000104904175,2.3399999141693115,2.390000104904175,14569,0.0,0.0
2022-10-21 14:30:00-04:00,2.380000114440918,2.4600000381469727,2.375,2.450000047683716,17702,0.0,0.0
2022-10-21 15:30:00-04:00,2.4549999237060547,2.490000009536743,2.449899911880493,2.490000009536743,35347,0.0,0.0
2022-10-24 09:30:00-04:00,2.5701000690460205,2.5999999046325684,2.319999933242798,2.410900115966797,104489,0.0,0.0
2022-10-24 10:30:00-04:00,2.360100030899048,2.389899969100952,2.2300000190734863,2.259999990463257,36001,0.0,0.0
2022-10-24 11:30:00-04:00,2.2191998958587646,2.2699999809265137,2.2191998958587646,2.220099925994873,7146,0.0,0.0
2022-10-24 12:30:00-04:00,2.25,2.3299999237060547,2.25,2.3299999237060547,7423,0.0,0.0
2022-10-24 13:30:00-04:00,2.3299999237060547,2.3299999237060547,2.25,2.25,5228,0.0,0.0
2022-10-24 14:30:00-04:00,2.319999933242798,2.319999933242798,2.2899999618530273,2.319999933242798,2783,0.0,0.0
2022-10-24 15:30:00-04:00,2.3199000358581543,2.319999933242798,2.3011999130249023,2.312000036239624,1942,0.0,0.0
2022-10-25 09:30:00-04:00,2.2657999992370605,2.347599983215332,2.2535998821258545,2.347599983215332,3447,0.0,0.0
2022-10-25 10:30:00-04:00,2.299999952316284,2.4000000953674316,2.2704999446868896,2.4000000953674316,9327,0.0,0.0
2022-10-25 11:30:00-04:00,2.4200000762939453,2.4700000286102295,2.390000104904175,2.4700000286102295,3517,0.0,0.0
2022-10-25 12:30:00-04:00,2.440000057220459,2.440000057220459,2.390000104904175,2.390000104904175,8243,0.0,0.0
2022-10-25 13:30:00-04:00,2.440000057220459,2.440000057220459,2.437000036239624,2.437000036239624,565,0.0,0.0
2022-10-25 14:30:00-04:00,2.4298999309539795,2.430000066757202,2.4200000762939453,2.4200000762939453,2978,0.0,0.0
2022-10-25 15:30:00-04:00,2.4200000762939453,2.4200000762939453,2.390000104904175,2.4100000858306885,0,0.0,0.0
2022-10-26 09:30:00-04:00,2.430000066757202,2.430000066757202,2.3201000690460205,2.4200000762939453,3671,0.0,0.0
2022-10-26 10:30:00-04:00,2.3615000247955322,2.4000000953674316,2.3615000247955322,2.4000000953674316,823,0.0,0.0
2022-10-26 11:30:00-04:00,2.380000114440918,2.390399932861328,2.369999885559082,2.380000114440918,2645,0.0,0.0
2022-10-26 12:30:00-04:00,2.380000114440918,2.4100000858306885,2.380000114440918,2.4100000858306885,1001,0.0,0.0
2022-10-26 13:30:00-04:00,2.3784000873565674,2.4100000858306885,2.3784000873565674,2.380000114440918,2898,0.0,0.0
2022-10-26 14:30:00-04:00,2.4000000953674316,2.4200000762939453,2.4000000953674316,2.4200000762939453,628,0.0,0.0
2022-10-26 15:30:00-04:00,2.4200000762939453,2.4200000762939453,2.4100000858306885,2.4100000858306885,1217,0.0,0.0
2022-10-27 09:30:00-04:00,2.3680999279022217,2.3798999786376953,2.319999933242798,2.319999933242798,5667,0.0,0.0
2022-10-27 10:30:00-04:00,2.280100107192993,2.280100107192993,2.280100107192993,2.280100107192993,1021,0.0,0.0
2022-10-27 11:30:00-04:00,2.3299999237060547,2.3299999237060547,2.291300058364868,2.291300058364868,8265,0.0,0.0
2022-10-27 12:30:00-04:00,2.380000114440918,2.380000114440918,2.380000114440918,2.380000114440918,265,0.0,0.0
2022-10-27 13:30:00-04:00,2.3203001022338867,2.3203001022338867,2.3203001022338867,2.3203001022338867,577,0.0,0.0
2022-10-27 14:30:00-04:00,2.3201000690460205,2.3201000690460205,2.3201000690460205,2.3201000690460205,3386,0.0,0.0
2022-10-27 15:30:00-04:00,2.3399999141693115,2.369999885559082,2.3399999141693115,2.359999895095825,1389,0.0,0.0
2022-10-28 09:30:00-04:00,2.359999895095825,2.4000000953674316,2.309999942779541,2.309999942779541,3349,0.0,0.0
2022-10-28 10:30:00-04:00,2.369999885559082,2.390000104904175,2.3227999210357666,2.3227999210357666,884,0.0,0.0
2022-10-28 11:30:00-04:00,2.318000078201294,2.369999885559082,2.318000078201294,2.3196001052856445,5038,0.0,0.0
2022-10-28 12:30:00-04:00,2.3299999237060547,2.3299999237060547,2.3299999237060547,2.3299999237060547,108,0.0,0.0
2022-10-28 13:30:00-04:00,2.359999895095825,2.359999895095825,2.299999952316284,2.299999952316284,4629,0.0,0.0
2022-10-28 14:30:00-04:00,2.3499999046325684,2.359999895095825,2.281599998474121,2.281599998474121,2140,0.0,0.0
2022-10-28 15:30:00-04:00,2.2899999618530273,2.359999895095825,2.2899999618530273,2.359999895095825,1450,0.0,0.0
2022-10-31 09:30:00-04:00,2.299999952316284,2.299999952316284,2.299999952316284,2.299999952316284,1089,0.0,0.0
2022-10-31 10:30:00-04:00,2.2848000526428223,2.401099920272827,2.2848000526428223,2.401099920272827,843,0.0,0.0
2022-10-31 11:30:00-04:00,2.3399999141693115,2.4000000953674316,2.3399999141693115,2.4000000953674316,275,0.0,0.0
2022-10-31 12:30:00-04:00,2.399899959564209,2.399899959564209,2.3399999141693115,2.380000114440918,580,0.0,0.0
2022-10-31 13:30:00-04:00,2.376499891281128,2.380000114440918,2.3550000190734863,2.3550000190734863,1611,0.0,0.0
2022-10-31 14:30:00-04:00,2.380000114440918,2.390000104904175,2.3245999813079834,2.3245999813079834,1552,0.0,0.0
2022-11-01 09:30:00-04:00,2.25,2.3199000358581543,2.25,2.309999942779541,2495,0.0,0.0
2022-11-01 10:30:00-04:00,2.3157999515533447,2.3157999515533447,2.2799999713897705,2.2899999618530273,429,0.0,0.0
2022-11-01 11:30:00-04:00,2.309999942779541,2.309999942779541,2.309999942779541,2.309999942779541,277,0.0,0.0
2022-11-01 12:30:00-04:00,2.2850000858306885,2.2899999618530273,2.2699999809265137,2.2899999618530273,3225,0.0,0.0
2022-11-01 13:30:00-04:00,2.2799999713897705,2.2799999713897705,2.2799999713897705,2.2799999713897705,196,0.0,0.0
2022-11-01 14:30:00-04:00,2.2899999618530273,2.2899999618530273,2.25,2.25,952,0.0,0.0
2022-11-01 15:30:00-04:00,2.2360000610351562,2.25,2.2334001064300537,2.2499001026153564,1881,0.0,0.0
2022-11-02 09:30:00-04:00,2.1893999576568604,2.2079999446868896,2.1893999576568604,2.2079999446868896,1555,0.0,0.0
2022-11-02 10:30:00-04:00,2.2300000190734863,2.2462000846862793,2.2000999450683594,2.2000999450683594,1700,0.0,0.0
2022-11-02 11:30:00-04:00,2.200000047683716,2.2009999752044678,2.200000047683716,2.2009999752044678,2275,0.0,0.0
2022-11-02 12:30:00-04:00,2.240000009536743,2.2850000858306885,2.240000009536743,2.265000104904175,2556,0.0,0.0
2022-11-02 13:30:00-04:00,2.2799999713897705,2.319999933242798,2.200000047683716,2.200000047683716,5767,0.0,0.0
2022-11-02 14:30:00-04:00,2.299999952316284,2.299999952316284,2.2300000190734863,2.25,6702,0.0,0.0
2022-11-02 15:30:00-04:00,2.259999990463257,2.2799999713897705,2.23009991645813,2.2799999713897705,1734,0.0,0.0
2022-11-03 09:30:00-04:00,2.2100000381469727,2.299999952316284,2.2100000381469727,2.2799999713897705,3411,0.0,0.0
2022-11-03 10:30:00-04:00,2.2950000762939453,2.311800003051758,2.2950000762939453,2.311800003051758,1267,0.0,0.0
2022-11-03 13:30:00-04:00,2.238300085067749,2.2748000621795654,2.238300085067749,2.2637999057769775,761,0.0,0.0
2022-11-03 14:30:00-04:00,2.23009991645813,2.2899999618530273,2.23009991645813,2.2899999618530273,2629,0.0,0.0
2022-11-03 15:30:00-04:00,2.25,2.25,2.25,2.25,853,0.0,0.0
2022-11-04 09:30:00-04:00,2.2899999618530273,2.2899999618530273,2.110100030899048,2.110100030899048,2111,0.0,0.0
2022-11-04 10:30:00-04:00,2.279900074005127,2.279900074005127,2.279900074005127,2.279900074005127,1026,0.0,0.0
2022-11-04 12:30:00-04:00,2.2348999977111816,2.2348999977111816,2.2348999977111816,2.2348999977111816,1030,0.0,0.0
2022-11-04 14:30:00-04:00,2.2300000190734863,2.2499001026153564,2.2300000190734863,2.2499001026153564,555,0.0,0.0
2022-11-04 15:30:00-04:00,2.25,2.2899999618530273,2.2200000286102295,2.2300000190734863,5917,0.0,0.0
2022-11-07 09:30:00-05:00,2.2100000381469727,2.2200000286102295,2.2081000804901123,2.2200000286102295,5312,0.0,0.0
2022-11-07 10:30:00-05:00,2.2899999618530273,2.3299999237060547,2.279900074005127,2.29010009765625,12134,0.0,0.0
2022-11-07 11:30:00-05:00,2.319999933242798,2.4451000690460205,2.309999942779541,2.380000114440918,17128,0.0,0.0
2022-11-07 12:30:00-05:00,2.384700059890747,2.403700113296509,2.300100088119507,2.3269999027252197,4612,0.0,0.0
2022-11-07 13:30:00-05:00,2.314300060272217,2.314300060272217,2.314300060272217,2.314300060272217,706,0.0,0.0
2022-11-07 14:30:00-05:00,2.3299999237060547,2.3299999237060547,2.3299999237060547,2.3299999237060547,690,0.0,0.0
2022-11-08 09:30:00-05:00,2.319999933242798,2.45989990234375,2.319999933242798,2.430000066757202,0,0.0,0.0
2022-11-08 10:30:00-05:00,2.4198999404907227,2.4198999404907227,2.4198999404907227,2.4198999404907227,430,0.0,0.0
2022-11-08 11:30:00-05:00,2.4100000858306885,2.430000066757202,2.3845999240875244,2.3845999240875244,1678,0.0,0.0
2022-11-08 12:30:00-05:00,2.4000000953674316,2.4200000762939453,2.390000104904175,2.390000104904175,4505,0.0,0.0
2022-11-08 13:30:00-05:00,2.3385000228881836,2.3385000228881836,2.3299999237060547,2.3299999237060547,2131,0.0,0.0
2022-11-08 14:30:00-05:00,2.4042000770568848,2.4042000770568848,2.3131000995635986,2.3131000995635986,2248,0.0,0.0
2022-11-08 15:30:00-05:00,2.307300090789795,2.4100000858306885,2.299999952316284,2.309999942779541,1086,0.0,0.0
2022-11-09 09:30:00-05:00,2.3399999141693115,2.5299999713897705,2.299999952316284,2.299999952316284,19845,0.0,0.0
2022-11-09 11:30:00-05:00,2.300100088119507,2.330399990081787,2.300100088119507,2.330399990081787,762,0.0,0.0
2022-11-09 12:30:00-05:00,2.384999990463257,2.4000000953674316,2.380000114440918,2.4000000953674316,3367,0.0,0.0
2022-11-09 13:30:00-05:00,2.4133999347686768,2.4133999347686768,2.357100009918213,2.357100009918213,433,0.0,0.0
2022-11-09 14:30:00-05:00,2.350100040435791,2.350100040435791,2.350100040435791,2.350100040435791,1069,0.0,0.0
2022-11-09 15:30:00-05:00,2.4100000858306885,2.4700000286102295,2.4000000953674316,2.4200000762939453,4320,0.0,0.0
2022-11-10 09:30:00-05:00,2.440000057220459,2.4700000286102295,2.440000057220459,2.4700000286102295,3967,0.0,0.0
2022-11-10 10:30:00-05:00,2.4700000286102295,2.490000009536743,2.4300999641418457,2.444999933242798,4955,0.0,0.0
2022-11-10 11:30:00-05:00,2.450000047683716,2.4798998832702637,2.450000047683716,2.4765000343322754,7449,0.0,0.0
2022-11-10 12:30:00-05:00,2.4800000190734863,2.5899999141693115,2.4300999641418457,2.559999942779541,29593,0.0,0.0
2022-11-10 13:30:00-05:00,2.575000047683716,2.5999999046325684,2.568700075149536,2.5694000720977783,3086,0.0,0.0
2022-11-10 14:30:00-05:00,2.559999942779541,2.5799999237060547,2.5199999809265137,2.569999933242798,2878,0.0,0.0
2022-11-10 15:30:00-05:00,2.5201001167297363,2.5201001167297363,2.5201001167297363,2.5201001167297363,0,0.0,0.0
2022-11-11 09:30:00-05:00,2.4100000858306885,2.569999933242798,2.4100000858306885,2.5699000358581543,20392,0.0,0.0
2022-11-11 10:30:00-05:00,2.5020999908447266,2.5899999141693115,2.5020999908447266,2.559999942779541,6026,0.0,0.0
2022-11-11 11:30:00-05:00,2.532599925994873,2.5899999141693115,2.530100107192993,2.5601000785827637,14528,0.0,0.0
2022-11-11 12:30:00-05:00,2.5397000312805176,2.5399999618530273,2.5397000312805176,2.5399999618530273,5148,0.0,0.0
2022-11-11 13:30:00-05:00,2.460099935531616,2.5120999813079834,2.460099935531616,2.4800000190734863,8227,0.0,0.0
2022-11-11 14:30:00-05:00,2.4800000190734863,2.5199999809265137,2.4800000190734863,2.507499933242798,2929,0.0,0.0
2022-11-11 15:30:00-05:00,2.512200117111206,2.5399999618530273,2.5,2.5399999618530273,3837,0.0,0.0
2022-11-14 09:30:00-05:00,2.630000114440918,2.740000009536743,2.440000057220459,2.6531999111175537,286647,0.0,0.0
2022-11-14 10:30:00-05:00,2.740000009536743,2.740000009536743,2.638000011444092,2.650099992752075,39103,0.0,0.0
2022-11-14 11:30:00-05:00,2.680000066757202,2.700000047683716,2.630000114440918,2.670099973678589,21139,0.0,0.0
2022-11-14 12:30:00-05:00,2.680000066757202,2.690000057220459,2.5999999046325684,2.603800058364868,71497,0.0,0.0
2022-11-14 13:30:00-05:00,2.5999999046325684,2.630000114440918,2.450000047683716,2.549999952316284,27188,0.0,0.0
2022-11-14 14:30:00-05:00,2.5299999713897705,2.5299999713897705,2.25,2.309999942779541,26807,0.0,0.0
2022-11-14 15:30:00-05:00,2.390000104904175,2.390000104904175,2.2799999713897705,2.319999933242798,17464,0.0,0.0
2022-11-15 09:30:00-05:00,2.4100000858306885,2.4800000190734863,2.4100000858306885,2.4539999961853027,2939,0.0,0.0
2022-11-15 10:30:00-05:00,2.4398000240325928,2.4800000190734863,2.4398000240325928,2.4790000915527344,598,0.0,0.0
2022-11-15 11:30:00-05:00,2.4899001121520996,2.4899001121520996,2.450000047683716,2.4540998935699463,1305,0.0,0.0
2022-11-15 12:30:00-05:00,2.450000047683716,2.490000009536743,2.4100000858306885,2.430000066757202,3037,0.0,0.0
2022-11-15 13:30:00-05:00,2.380000114440918,2.4600000381469727,2.369999885559082,2.4600000381469727,6722,0.0,0.0
2022-11-15 15:30:00-05:00,2.469899892807007,2.469899892807007,2.450000047683716,2.450000047683716,1224,0.0,0.0
2022-11-16 09:30:00-05:00,2.4700000286102295,2.549999952316284,2.440000057220459,2.5399999618530273,8670,0.0,0.0
2022-11-16 10:30:00-05:00,2.5399999618530273,2.6700000762939453,2.5100998878479004,2.6700000762939453,23096,0.0,0.0
2022-11-16 11:30:00-05:00,2.680000066757202,2.680000066757202,2.440000057220459,2.509999990463257,70799,0.0,0.0
2022-11-16 12:30:00-05:00,2.559999942779541,2.569999933242798,2.4600000381469727,2.569999933242798,30936,0.0,0.0
2022-11-16 13:30:00-05:00,2.5399999618530273,2.559999942779541,2.4800000190734863,2.4800000190734863,11623,0.0,0.0
2022-11-16 14:30:00-05:00,2.4800000190734863,2.5199999809265137,2.434999942779541,2.434999942779541,2590,0.0,0.0
2022-11-16 15:30:00-05:00,2.490000009536743,2.5450000762939453,2.490000009536743,2.5376999378204346,3727,0.0,0.0
2022-11-17 09:30:00-05:00,2.390000104904175,2.5,2.390000104904175,2.450000047683716,3195,0.0,0.0
2022-11-17 10:30:00-05:00,2.430000066757202,2.4700000286102295,2.300100088119507,2.369999885559082,14326,0.0,0.0
2022-11-17 11:30:00-05:00,2.380000114440918,2.440000057220459,2.3798999786376953,2.380000114440918,4983,0.0,0.0
2022-11-17 12:30:00-05:00,2.4000000953674316,2.4700000286102295,2.3499999046325684,2.4200000762939453,3819,0.0,0.0
2022-11-17 13:30:00-05:00,2.4700000286102295,2.4700000286102295,2.200000047683716,2.390000104904175,26128,0.0,0.0
2022-11-17 14:30:00-05:00,2.4200000762939453,2.430000066757202,2.3526999950408936,2.380000114440918,3916,0.0,0.0
2022-11-17 15:30:00-05:00,2.3499999046325684,2.359999895095825,2.3499999046325684,2.359999895095825,1102,0.0,0.0
2022-11-18 09:30:00-05:00,2.3301000595092773,2.3949999809265137,2.3301000595092773,2.3949999809265137,327,0.0,0.0
2022-11-18 10:30:00-05:00,2.396899938583374,2.398099899291992,2.359999895095825,2.359999895095825,5602,0.0,0.0
2022-11-18 11:30:00-05:00,2.4200000762939453,2.4200000762939453,2.359999895095825,2.359999895095825,323,0.0,0.0
2022-11-18 12:30:00-05:00,2.380000114440918,2.380000114440918,2.380000114440918,2.380000114440918,317,0.0,0.0
2022-11-18 13:30:00-05:00,2.3299999237060547,2.359999895095825,2.319999933242798,2.3499999046325684,828,0.0,0.0
2022-11-18 14:30:00-05:00,2.319999933242798,2.319999933242798,2.319999933242798,2.319999933242798,597,0.0,0.0
2022-11-18 15:30:00-05:00,2.339900016784668,2.359999895095825,2.339900016784668,2.359999895095825,2744,0.0,0.0
2022-11-21 09:30:00-05:00,2.359999895095825,2.359999895095825,2.1991000175476074,2.2600998878479004,26743,0.0,0.0
2022-11-21 10:30:00-05:00,2.289900064468384,2.289900064468384,2.289900064468384,2.289900064468384,270,0.0,0.0
2022-11-21 11:30:00-05:00,2.240000009536743,2.240000009536743,2.2300000190734863,2.240000009536743,544,0.0,0.0
2022-11-21 12:30:00-05:00,2.210099935531616,2.2399001121520996,2.2100000381469727,2.2399001121520996,2419,0.0,0.0
2022-11-21 13:30:00-05:00,2.2000999450683594,2.2000999450683594,2.2000999450683594,2.2000999450683594,262,0.0,0.0
2022-11-21 14:30:00-05:00,2.2249999046325684,2.234999895095825,2.190000057220459,2.190000057220459,5327,0.0,0.0
2022-11-21 15:30:00-05:00,2.174999952316284,2.2049999237060547,2.130000114440918,2.2049999237060547,12559,0.0,0.0
2022-11-22 09:30:00-05:00,2.1500000953674316,2.3189001083374023,2.13700008392334,2.310499906539917,9172,0.0,0.0
2022-11-22 11:30:00-05:00,2.2888998985290527,2.2888998985290527,2.2888998985290527,2.2888998985290527,177,0.0,0.0
2022-11-22 14:30:00-05:00,2.228600025177002,2.228600025177002,2.228600025177002,2.228600025177002,401,0.0,0.0
2022-11-22 15:30:00-05:00,2.299999952316284,2.299999952316284,2.25,2.2799999713897705,968,0.0,0.0
2022-11-23 09:30:00-05:00,2.25,2.359499931335449,2.25,2.261199951171875,0,0.0,0.0
2022-11-23 10:30:00-05:00,2.311300039291382,2.311300039291382,2.311300039291382,2.311300039291382,141,0.0,0.0
2022-11-23 11:30:00-05:00,2.309999942779541,2.309999942779541,2.2950000762939453,2.2950000762939453,1209,0.0,0.0
2022-11-23 12:30:00-05:00,2.2899999618530273,2.29010009765625,2.2799999713897705,2.2799999713897705,1005,0.0,0.0
2022-11-23 15:30:00-05:00,2.2899999618530273,2.2899999618530273,2.2899999618530273,2.2899999618530273,343,0.0,0.0
2022-11-25 09:30:00-05:00,2.25,2.3050999641418457,2.25,2.3050999641418457,2227,0.0,0.0
2022-11-25 10:30:00-05:00,2.300299882888794,2.300299882888794,2.287600040435791,2.287600040435791,897,0.0,0.0
2022-11-25 11:30:00-05:00,2.309999942779541,2.3499999046325684,2.309999942779541,2.3499999046325684,22687,0.0,0.0
2022-11-28 09:30:00-05:00,2.3499999046325684,2.4100000858306885,2.299999952316284,2.299999952316284,0,0.0,0.0
2022-11-28 10:30:00-05:00,2.319999933242798,2.3619000911712646,2.319999933242798,2.3619000911712646,2065,0.0,0.0
2022-11-28 11:30:00-05:00,2.4100000858306885,2.4100000858306885,2.365499973297119,2.365499973297119,895,0.0,0.0
2022-11-28 12:30:00-05:00,2.360100030899048,2.380000114440918,2.359999895095825,2.380000114440918,1870,0.0,0.0
2022-11-28 13:30:00-05:00,2.300100088119507,2.390000104904175,2.300100088119507,2.390000104904175,5227,0.0,0.0
2022-11-28 15:30:00-05:00,2.309999942779541,2.369999885559082,2.2701001167297363,2.2701001167297363,5681,0.0,0.0
2022-11-29 10:30:00-05:00,2.2565999031066895,2.259999990463257,2.0899999141693115,2.2126998901367188,17521,0.0,0.0
2022-11-29 11:30:00-05:00,2.2100000381469727,2.2256999015808105,2.109999895095825,2.109999895095825,8118,0.0,0.0
2022-11-29 12:30:00-05:00,2.1105000972747803,2.171799898147583,2.0899999141693115,2.171799898147583,10230,0.0,0.0
2022-11-29 13:30:00-05:00,2.130000114440918,2.1649999618530273,2.119999885559082,2.1287999153137207,3770,0.0,0.0
2022-11-29 14:30:00-05:00,2.119999885559082,2.119999885559082,2.119999885559082,2.119999885559082,592,0.0,0.0
2022-11-29 15:30:00-05:00,2.121999979019165,2.130000114440918,2.109999895095825,2.109999895095825,984,0.0,0.0
2022-11-30 09:30:00-05:00,2.1600000858306885,2.18969988822937,2.130000114440918,2.130000114440918,1048,0.0,0.0
2022-11-30 10:30:00-05:00,2.180000066757202,2.180000066757202,2.180000066757202,2.180000066757202,207,0.0,0.0
2022-11-30 11:30:00-05:00,2.180000066757202,2.180000066757202,2.140000104904175,2.140000104904175,1918,0.0,0.0
2022-11-30 13:30:00-05:00,2.1600000858306885,2.190000057220459,2.1500000953674316,2.1610000133514404,1306,0.0,0.0
2022-11-30 14:30:00-05:00,2.199899911880493,2.2399001121520996,2.174299955368042,2.2399001121520996,1262,0.0,0.0
2022-11-30 15:30:00-05:00,2.2446000576019287,2.2446000576019287,2.2446000576019287,2.2446000576019287,139,0.0,0.0
2022-12-01 09:30:00-05:00,2.25,2.25,2.200000047683716,2.200000047683716,4194,0.0,0.0
2022-12-01 10:30:00-05:00,2.187000036239624,2.187000036239624,2.187000036239624,2.187000036239624,144,0.0,0.0
2022-12-01 12:30:00-05:00,2.200000047683716,2.200000047683716,2.1600000858306885,2.1600000858306885,2553,0.0,0.0
2022-12-01 13:30:00-05:00,2.180000066757202,2.184999942779541,2.1500000953674316,2.1700000762939453,4984,0.0,0.0
2022-12-01 14:30:00-05:00,2.1698999404907227,2.2799999713897705,2.1698999404907227,2.2300000190734863,14328,0.0,0.0
2022-12-01 15:30:00-05:00,2.2300000190734863,2.244999885559082,2.1800999641418457,2.190000057220459,2647,0.0,0.0
2022-12-02 09:30:00-05:00,2.200000047683716,2.2200000286102295,2.200000047683716,2.2100000381469727,3895,0.0,0.0
2022-12-02 10:30:00-05:00,2.200000047683716,2.3029000759124756,2.200000047683716,2.2899999618530273,2079,0.0,0.0
2022-12-02 11:30:00-05:00,2.2249999046325684,2.25,2.200000047683716,2.25,8320,0.0,0.0
2022-12-02 12:30:00-05:00,2.220099925994873,2.223900079727173,2.2200000286102295,2.2200000286102295,2711,0.0,0.0
2022-12-02 13:30:00-05:00,2.25,2.25,2.2200000286102295,2.25,3433,0.0,0.0
2022-12-02 14:30:00-05:00,2.2300000190734863,2.25,2.2200000286102295,2.2300000190734863,12462,0.0,0.0
2022-12-02 15:30:00-05:00,2.2249999046325684,2.2249999046325684,2.2200000286102295,2.221100091934204,1986,0.0,0.0
2022-12-05 09:30:00-05:00,2.180000066757202,2.180000066757202,2.180000066757202,2.180000066757202,0,0.0,0.0
2022-12-05 10:30:00-05:00,2.200000047683716,2.200000047683716,2.130000114440918,2.1500000953674316,4059,0.0,0.0
2022-12-05 11:30:00-05:00,2.1500000953674316,2.1500000953674316,2.1500000953674316,2.1500000953674316,502,0.0,0.0
2022-12-05 12:30:00-05:00,2.1600000858306885,2.1600000858306885,2.1600000858306885,2.1600000858306885,382,0.0,0.0
2022-12-05 15:30:00-05:00,2.180000066757202,2.200000047683716,2.180000066757202,2.180000066757202,1641,0.0,0.0
2022-12-06 09:30:00-05:00,2.2100000381469727,2.2300000190734863,2.1401000022888184,2.1401000022888184,9806,0.0,0.0
2022-12-06 10:30:00-05:00,2.2100000381469727,2.2100000381469727,2.174999952316284,2.200700044631958,1035,0.0,0.0
2022-12-06 11:30:00-05:00,2.1698999404907227,2.1698999404907227,2.1698999404907227,2.1698999404907227,1569,0.0,0.0
2022-12-06 12:30:00-05:00,2.13100004196167,2.1500000953674316,2.1201000213623047,2.1201000213623047,2321,0.0,0.0
2022-12-06 13:30:00-05:00,2.1500000953674316,2.180000066757202,2.149899959564209,2.180000066757202,5726,0.0,0.0
2022-12-06 14:30:00-05:00,2.180000066757202,2.180000066757202,2.180000066757202,2.180000066757202,134,0.0,0.0
2022-12-06 15:30:00-05:00,2.1700000762939453,2.180000066757202,2.1500000953674316,2.1600000858306885,5182,0.0,0.0
2022-12-07 09:30:00-05:00,2.213900089263916,2.2144999504089355,2.213900089263916,2.2144999504089355,1478,0.0,0.0
2022-12-07 10:30:00-05:00,2.174499988555908,2.174499988555908,2.174499988555908,2.174499988555908,0,0.0,0.0
2022-12-07 11:30:00-05:00,2.1572999954223633,2.1572999954223633,2.1572999954223633,2.1572999954223633,3130,0.0,0.0
2022-12-07 12:30:00-05:00,2.180000066757202,2.180000066757202,2.1600000858306885,2.1600000858306885,486,0.0,0.0
2022-12-07 13:30:00-05:00,2.160099983215332,2.190000057220459,2.160099983215332,2.190000057220459,570,0.0,0.0
2022-12-07 14:30:00-05:00,2.194999933242798,2.194999933242798,2.180000066757202,2.180000066757202,1315,0.0,0.0
2022-12-07 15:30:00-05:00,2.200000047683716,2.200000047683716,2.1600000858306885,2.1600000858306885,2121,0.0,0.0
2022-12-08 09:30:00-05:00,2.1700000762939453,2.1700000762939453,2.119999885559082,2.130000114440918,6124,0.0,0.0
2022-12-08 11:30:00-05:00,2.2100000381469727,2.2100000381469727,2.2100000381469727,2.2100000381469727,220,0.0,0.0
2022-12-08 13:30:00-05:00,2.190000057220459,2.2100000381469727,2.1600000858306885,2.200000047683716,9061,0.0,0.0
2022-12-08 14:30:00-05:00,2.2300000190734863,2.2300000190734863,2.1900999546051025,2.1900999546051025,3009,0.0,0.0
2022-12-08 15:30:00-05:00,2.2300000190734863,2.2300000190734863,2.2300000190734863,2.2300000190734863,0,0.0,0.0
2022-12-09 09:30:00-05:00,2.190000057220459,2.2200000286102295,2.156599998474121,2.156599998474121,924,0.0,0.0
2022-12-09 10:30:00-05:00,2.1405999660491943,2.2100000381469727,2.1405999660491943,2.2100000381469727,415,0.0,0.0
2022-12-09 11:30:00-05:00,2.1700000762939453,2.1700000762939453,2.1700000762939453,2.1700000762939453,400,0.0,0.0
2022-12-09 12:30:00-05:00,2.200000047683716,2.200000047683716,2.200000047683716,2.200000047683716,711,0.0,0.0
2022-12-09 13:30:00-05:00,2.200000047683716,2.200000047683716,2.1854000091552734,2.1854000091552734,372,0.0,0.0
2022-12-09 14:30:00-05:00,2.2200000286102295,2.2200000286102295,2.2200000286102295,2.2200000286102295,233,0.0,0.0
2022-12-09 15:30:00-05:00,2.180000066757202,2.180000066757202,2.1700000762939453,2.1700000762939453,947,0.0,0.0
2022-12-12 09:30:00-05:00,2.1796000003814697,2.180000066757202,2.1796000003814697,2.180000066757202,7,0.0,0.0
2022-12-12 10:30:00-05:00,2.1700000762939453,2.1700000762939453,2.1700000762939453,2.1700000762939453,2521,0.0,0.0
2022-12-12 11:30:00-05:00,2.1454999446868896,2.1566998958587646,2.140000104904175,2.140000104904175,3324,0.0,0.0
2022-12-12 12:30:00-05:00,2.130000114440918,2.1777000427246094,2.049999952316284,2.130000114440918,24278,0.0,0.0
2022-12-12 13:30:00-05:00,2.1700000762939453,2.180000066757202,2.130000114440918,2.145400047302246,2649,0.0,0.0
2022-12-12 14:30:00-05:00,2.1465001106262207,2.1465001106262207,2.0999999046325684,2.0999999046325684,11021,0.0,0.0
2022-12-12 15:30:00-05:00,2.130000114440918,2.130000114440918,2.0999999046325684,2.0999999046325684,2131,0.0,0.0
2022-12-13 09:30:00-05:00,2.1500000953674316,2.200000047683716,2.130000114440918,2.200000047683716,1539,0.0,0.0
2022-12-13 10:30:00-05:00,2.1500000953674316,2.150099992752075,2.0,2.0399999618530273,19667,0.0,0.0
2022-12-13 11:30:00-05:00,2.0399999618530273,2.049999952316284,2.0199999809265137,2.049999952316284,14097,0.0,0.0
2022-12-13 12:30:00-05:00,2.0676000118255615,2.130000114440918,2.0676000118255615,2.0957000255584717,1972,0.0,0.0
2022-12-13 13:30:00-05:00,2.0799999237060547,2.0799999237060547,2.030100107192993,2.065000057220459,6748,0.0,0.0
2022-12-13 14:30:00-05:00,2.0999999046325684,2.0999999046325684,2.0299999713897705,2.0299999713897705,6257,0.0,0.0
2022-12-13 15:30:00-05:00,2.0480000972747803,2.0480000972747803,2.0480000972747803,2.0480000972747803,233,0.0,0.0
2022-12-14 09:30:00-05:00,2.0399999618530273,2.0999999046325684,2.0399999618530273,2.049999952316284,0,0.0,0.0
2022-12-14 10:30:00-05:00,2.049999952316284,2.0899999141693115,2.049999952316284,2.049999952316284,5785,0.0,0.0
2022-12-14 11:30:00-05:00,2.0525999069213867,2.0999999046325684,2.0399999618530273,2.049999952316284,2904,0.0,0.0
2022-12-14 12:30:00-05:00,2.049999952316284,2.059299945831299,2.0299999713897705,2.059299945831299,1894,0.0,0.0
2022-12-14 13:30:00-05:00,2.049999952316284,2.0999999046325684,2.0399999618530273,2.0399999618530273,3661,0.0,0.0
2022-12-14 14:30:00-05:00,2.069999933242798,2.069999933242798,2.0399999618530273,2.049999952316284,5080,0.0,0.0
2022-12-14 15:30:00-05:00,2.049999952316284,2.059999942779541,2.0399999618530273,2.059999942779541,1702,0.0,0.0
2022-12-15 09:30:00-05:00,2.077199935913086,2.079900026321411,2.04010009765625,2.04010009765625,0,0.0,0.0
2022-12-15 10:30:00-05:00,2.07450008392334,2.07450008392334,2.0199999809265137,2.0199999809265137,4311,0.0,0.0
2022-12-15 11:30:00-05:00,2.0199999809265137,2.0399999618530273,2.0,2.0250000953674316,2337,0.0,0.0
2022-12-15 12:30:00-05:00,2.0399999618530273,2.0399999618530273,2.0,2.0,1552,0.0,0.0
2022-12-15 13:30:00-05:00,1.9960999488830566,2.0,1.9800000190734863,2.0,7047,0.0,0.0
2022-12-15 14:30:00-05:00,1.992900013923645,2.0999999046325684,1.9850000143051147,2.0999999046325684,48756,0.0,0.0
2022-12-15 15:30:00-05:00,2.0999999046325684,2.0999999046325684,2.0299999713897705,2.0399999618530273,2295,0.0,0.0
2022-12-16 09:30:00-05:00,2.0299999713897705,2.0899999141693115,2.0299999713897705,2.0899999141693115,682,0.0,0.0
2022-12-16 10:30:00-05:00,2.022700071334839,2.0399999618530273,2.022700071334839,2.0399999618530273,5876,0.0,0.0
2022-12-16 11:30:00-05:00,2.093899965286255,2.093899965286255,2.049799919128418,2.069999933242798,3646,0.0,0.0
2022-12-16 12:30:00-05:00,2.0799999237060547,2.0799999237060547,2.0522000789642334,2.0522000789642334,1127,0.0,0.0
2022-12-16 13:30:00-05:00,2.055000066757202,2.0999999046325684,2.050100088119507,2.0999999046325684,4387,0.0,0.0
2022-12-16 14:30:00-05:00,2.15339994430542,2.15339994430542,2.083400011062622,2.1500000953674316,2086,0.0,0.0
2022-12-16 15:30:00-05:00,2.0999999046325684,2.0999999046325684,2.0999999046325684,2.0999999046325684,429,0.0,0.0
2022-12-19 09:30:00-05:00,2.0999999046325684,2.140000104904175,2.0999999046325684,2.1024999618530273,3298,0.0,0.0
2022-12-19 10:30:00-05:00,2.04010009765625,2.0999999046325684,2.04010009765625,2.0999999046325684,5426,0.0,0.0
2022-12-19 12:30:00-05:00,2.0899999141693115,2.0899999141693115,2.0399999618530273,2.0399999618530273,9695,0.0,0.0
2022-12-19 13:30:00-05:00,2.0299999713897705,2.0299999713897705,2.0299999713897705,2.0299999713897705,254,0.0,0.0
2022-12-19 14:30:00-05:00,2.0299999713897705,2.0299999713897705,1.9500000476837158,1.9600000381469727,18592,0.0,0.0
2022-12-19 15:30:00-05:00,1.9601000547409058,1.9850000143051147,1.9600000381469727,1.9800000190734863,2533,0.0,0.0
2022-12-20 09:30:00-05:00,1.9600000381469727,2.0899999141693115,1.9600000381469727,1.9682999849319458,3162,0.0,0.0
2022-12-20 10:30:00-05:00,2.0,2.049999952316284,1.9900000095367432,2.0,1788,0.0,0.0
2022-12-20 11:30:00-05:00,2.009999990463257,2.027100086212158,1.9500000476837158,2.025700092315674,6346,0.0,0.0
2022-12-20 12:30:00-05:00,2.0299999713897705,2.0299999713897705,1.9700000286102295,1.9700000286102295,5312,0.0,0.0
2022-12-20 13:30:00-05:00,1.9600000381469727,2.009999990463257,1.9600000381469727,2.009999990463257,1499,0.0,0.0
2022-12-20 14:30:00-05:00,1.9600000381469727,1.9977999925613403,1.940000057220459,1.9977999925613403,1824,0.0,0.0
2022-12-20 15:30:00-05:00,1.9700000286102295,1.9700000286102295,1.940000057220459,1.9500000476837158,3103,0.0,0.0
2022-12-21 09:30:00-05:00,2.140000104904175,2.2300000190734863,2.049999952316284,2.049999952316284,11268,0.0,0.0
2022-12-21 10:30:00-05:00,2.0450000762939453,2.0450000762939453,2.0450000762939453,2.0450000762939453,3131,0.0,0.0
2022-12-21 11:30:00-05:00,2.0399999618530273,2.049999952316284,2.0399999618530273,2.049999952316284,5925,0.0,0.0
2022-12-21 12:30:00-05:00,2.0390000343322754,2.119999885559082,2.0155999660491943,2.0155999660491943,19277,0.0,0.0
2022-12-21 13:30:00-05:00,2.049999952316284,2.059999942779541,2.049999952316284,2.059999942779541,3056,0.0,0.0
2022-12-21 14:30:00-05:00,2.06850004196167,2.1098999977111816,2.059999942779541,2.0601000785827637,9566,0.0,0.0
2022-12-21 15:30:00-05:00,2.1040000915527344,2.1040000915527344,2.030100107192993,2.0799999237060547,2024,0.0,0.0
2022-12-22 09:30:00-05:00,2.0999999046325684,2.0999999046325684,2.049999952316284,2.059999942779541,10714,0.0,0.0
2022-12-22 10:30:00-05:00,2.0899999141693115,2.1308999061584473,2.0443999767303467,2.1308999061584473,11919,0.0,0.0
2022-12-22 11:30:00-05:00,2.130000114440918,2.1700000762939453,2.129699945449829,2.130000114440918,6140,0.0,0.0
2022-12-22 12:30:00-05:00,2.130000114440918,2.1449999809265137,2.119999885559082,2.1449999809265137,1133,0.0,0.0
2022-12-22 13:30:00-05:00,2.1500000953674316,2.1500000953674316,2.130000114440918,2.130000114440918,658,0.0,0.0
2022-12-22 14:30:00-05:00,2.130000114440918,2.169800043106079,2.130000114440918,2.169800043106079,1199,0.0,0.0
2022-12-22 15:30:00-05:00,2.1600000858306885,2.200000047683716,2.1500000953674316,2.200000047683716,929,0.0,0.0
2022-12-23 09:30:00-05:00,2.130000114440918,2.130000114440918,2.130000114440918,2.130000114440918,0,0.0,0.0
2022-12-23 10:30:00-05:00,2.1898999214172363,2.1898999214172363,2.1700000762939453,2.1898999214172363,2754,0.0,0.0
2022-12-23 11:30:00-05:00,2.1898999214172363,2.190000057220459,2.1651999950408936,2.1700000762939453,6586,0.0,0.0
2022-12-23 12:30:00-05:00,2.20989990234375,2.2300000190734863,2.20989990234375,2.221299886703491,2546,0.0,0.0
2022-12-23 13:30:00-05:00,2.2177999019622803,2.240000009536743,2.2100000381469727,2.226900100708008,2256,0.0,0.0
2022-12-23 14:30:00-05:00,2.2300000190734863,2.25,2.2300000190734863,2.2300000190734863,3124,0.0,0.0
2022-12-23 15:30:00-05:00,2.2160000801086426,2.25,2.2160000801086426,2.240000009536743,1938,0.0,0.0
2022-12-27 09:30:00-05:00,2.2699999809265137,2.2699999809265137,2.180000066757202,2.180000066757202,21071,0.0,0.0
2022-12-27 10:30:00-05:00,2.180000066757202,2.200000047683716,2.1500000953674316,2.1500000953674316,4945,0.0,0.0
2022-12-27 11:30:00-05:00,2.1500000953674316,2.1500000953674316,2.0999999046325684,2.0999999046325684,4326,0.0,0.0
2022-12-27 12:30:00-05:00,2.109999895095825,2.1700000762939453,2.0899999141693115,2.0899999141693115,2663,0.0,0.0
2022-12-27 13:30:00-05:00,2.0899999141693115,2.1465001106262207,2.0899999141693115,2.119999885559082,2550,0.0,0.0
2022-12-27 14:30:00-05:00,2.119999885559082,2.1500000953674316,2.049999952316284,2.069999933242798,4376,0.0,0.0
2022-12-27 15:30:00-05:00,2.069999933242798,2.1600000858306885,2.069999933242798,2.1600000858306885,0,0.0,0.0
2022-12-28 09:30:00-05:00,2.0999999046325684,2.149899959564209,2.0999999046325684,2.149899959564209,1027,0.0,0.0
2022-12-28 10:30:00-05:00,2.0785000324249268,2.078700065612793,2.0785000324249268,2.078700065612793,739,0.0,0.0
2022-12-28 11:30:00-05:00,2.0799999237060547,2.0799999237060547,2.0799999237060547,2.0799999237060547,2059,0.0,0.0
2022-12-28 12:30:00-05:00,2.0845999717712402,2.0845999717712402,2.0845999717712402,2.0845999717712402,231,0.0,0.0
2022-12-28 13:30:00-05:00,2.078900098800659,2.1098999977111816,2.078900098800659,2.1098999977111816,3230,0.0,0.0
2022-12-28 14:30:00-05:00,2.0601000785827637,2.0950000286102295,2.059999942779541,2.059999942779541,1365,0.0,0.0
2022-12-28 15:30:00-05:00,2.0697999000549316,2.069999933242798,2.055000066757202,2.055000066757202,801,0.0,0.0
2022-12-29 09:30:00-05:00,2.069999933242798,2.0899999141693115,2.059999942779541,2.0899999141693115,761,0.0,0.0
2022-12-29 10:30:00-05:00,2.065200090408325,2.0899999141693115,2.059999942779541,2.085700035095215,2498,0.0,0.0
2022-12-29 11:30:00-05:00,2.109499931335449,2.134999990463257,2.0999999046325684,2.134999990463257,6079,0.0,0.0
2022-12-29 12:30:00-05:00,2.1301000118255615,2.1301000118255615,2.110100030899048,2.118499994277954,1849,0.0,0.0
2022-12-29 13:30:00-05:00,2.119999885559082,2.119999885559082,2.090399980545044,2.090399980545044,750,0.0,0.0
2022-12-29 14:30:00-05:00,2.090100049972534,2.0924999713897705,2.0799999237060547,2.0799999237060547,3050,0.0,0.0
2022-12-29 15:30:00-05:00,2.0799999237060547,2.0999999046325684,2.059999942779541,2.0999999046325684,0,0.0,0.0
2022-12-30 09:30:00-05:00,2.0439999103546143,2.050100088119507,2.0206000804901123,2.050100088119507,2021,0.0,0.0
2022-12-30 10:30:00-05:00,2.139899969100952,2.139899969100952,2.050800085067749,2.050800085067749,1809,0.0,0.0
2022-12-30 12:30:00-05:00,2.0899999141693115,2.0899999141693115,2.0799999237060547,2.0799999237060547,565,0.0,0.0
2022-12-30 13:30:00-05:00,2.059999942779541,2.065000057220459,2.050100088119507,2.050100088119507,2473,0.0,0.0
2022-12-30 14:30:00-05:00,2.059999942779541,2.0999999046325684,2.049999952316284,2.0999999046325684,3595,0.0,0.0
2022-12-30 15:30:00-05:00,2.0527000427246094,2.1145999431610107,1.9800000190734863,2.1145999431610107,6674,0.0,0.0
2023-01-03 09:30:00-05:00,2.0799999237060547,2.0934998989105225,2.0799999237060547,2.0934998989105225,0,0.0,0.0
2023-01-03 10:30:00-05:00,2.139899969100952,2.139899969100952,2.139899969100952,2.139899969100952,2004,0.0,0.0
2023-01-03 12:30:00-05:00,2.109999895095825,2.109999895095825,2.02620005607605,2.02620005607605,526,0.0,0.0
2023-01-03 13:30:00-05:00,2.069999933242798,2.069999933242798,2.069999933242798,2.069999933242798,212,0.0,0.0
2023-01-04 09:30:00-05:00,2.069999933242798,2.069999933242798,2.069999933242798,2.069999933242798,112,0.0,0.0
2023-01-04 10:30:00-05:00,2.0899999141693115,2.0899999141693115,2.0799999237060547,2.0899999141693115,500,0.0,0.0
2023-01-04 11:30:00-05:00,2.069999933242798,2.070199966430664,2.069999933242798,2.070199966430664,1322,0.0,0.0
2023-01-04 12:30:00-05:00,2.0899999141693115,2.0999999046325684,2.059999942779541,2.059999942779541,2501,0.0,0.0
2023-01-04 14:30:00-05:00,2.069999933242798,2.0899999141693115,2.069999933242798,2.0899999141693115,0,0.0,0.0
2023-01-05 09:30:00-05:00,2.0899999141693115,2.0899999141693115,2.0899999141693115,2.0899999141693115,651,0.0,0.0
2023-01-05 10:30:00-05:00,2.0899999141693115,2.0899999141693115,2.0899999141693115,2.0899999141693115,762,0.0,0.0
2023-01-05 12:30:00-05:00,2.0899999141693115,2.0899999141693115,2.0801000595092773,2.0801000595092773,742,0.0,0.0
2023-01-05 13:30:00-05:00,2.140000104904175,2.140000104904175,2.0899999141693115,2.0899999141693115,3201,0.0,0.0
2023-01-05 14:30:00-05:00,2.140000104904175,2.140000104904175,2.140000104904175,2.140000104904175,0,0.0,0.0
2023-01-06 09:30:00-05:00,2.130000114440918,2.130000114440918,2.100100040435791,2.130000114440918,751,0.0,0.0
2023-01-06 10:30:00-05:00,2.140000104904175,2.140000104904175,2.140000104904175,2.140000104904175,241,0.0,0.0
2023-01-06 11:30:00-05:00,2.100100040435791,2.100100040435791,2.100100040435791,2.100100040435791,1200,0.0,0.0
2023-01-06 12:30:00-05:00,2.140000104904175,2.140000104904175,2.140000104904175,2.140000104904175,1318,0.0,0.0
2023-01-06 13:30:00-05:00,2.140000104904175,2.180000066757202,2.140000104904175,2.179800033569336,4816,0.0,0.0
2023-01-06 14:30:00-05:00,2.240000009536743,2.240000009536743,2.232100009918213,2.232100009918213,773,0.0,0.0
2023-01-06 15:30:00-05:00,2.25,2.25,2.25,2.25,112,0.0,0.0
2023-01-09 09:30:00-05:00,2.299999952316284,2.309999942779541,2.299999952316284,2.299999952316284,5791,0.0,0.0
2023-01-09 10:30:00-05:00,2.2899999618530273,2.2899999618530273,2.2699999809265137,2.2799999713897705,3747,0.0,0.0
2023-01-09 11:30:00-05:00,2.2950000762939453,2.2950000762939453,2.2699999809265137,2.2850000858306885,1525,0.0,0.0
2023-01-09 12:30:00-05:00,2.2899999618530273,2.2899999618530273,2.259999990463257,2.259999990463257,200,0.0,0.0
2023-01-09 13:30:00-05:00,2.259999990463257,2.259999990463257,2.259999990463257,2.259999990463257,126,0.0,0.0
2023-01-09 14:30:00-05:00,2.259999990463257,2.2899999618530273,2.259999990463257,2.2899999618530273,415,0.0,0.0
2023-01-09 15:30:00-05:00,2.25,2.25,2.240000009536743,2.240000009536743,0,0.0,0.0
2023-01-10 09:30:00-05:00,2.2300000190734863,2.2300000190734863,2.2300000190734863,2.2300000190734863,1030,0.0,0.0
2023-01-10 10:30:00-05:00,2.2300000190734863,2.2321999073028564,2.2300000190734863,2.2300000190734863,1370,0.0,0.0
2023-01-10 12:30:00-05:00,2.183799982070923,2.2300000190734863,2.183799982070923,2.1947999000549316,4151,0.0,0.0
2023-01-10 13:30:00-05:00,2.2200000286102295,2.26990008354187,2.2200000286102295,2.244999885559082,962,0.0,0.0
2023-01-10 14:30:00-05:00,2.25,2.2699999809265137,2.2100000381469727,2.249799966812134,1075,0.0,0.0
2023-01-11 09:30:00-05:00,2.2799999713897705,2.299999952316284,2.2799999713897705,2.299999952316284,846,0.0,0.0
2023-01-11 10:30:00-05:00,2.2899999618530273,2.299999952316284,2.2604000568389893,2.299999952316284,1031,0.0,0.0
2023-01-11 11:30:00-05:00,2.259999990463257,2.2899999618530273,2.259999990463257,2.260699987411499,3006,0.0,0.0
2023-01-11 12:30:00-05:00,2.2899999618530273,2.2899999618530273,2.2899999618530273,2.2899999618530273,100,0.0,0.0
2023-01-11 13:30:00-05:00,2.2600998878479004,2.2899999618530273,2.259999990463257,2.259999990463257,2008,0.0,0.0
2023-01-11 14:30:00-05:00,2.240000009536743,2.259999990463257,2.240000009536743,2.259999990463257,268,0.0,0.0
2023-01-11 15:30:00-05:00,2.25,2.25,2.2418999671936035,2.2418999671936035,1676,0.0,0.0
2023-01-12 09:30:00-05:00,2.190000057220459,2.279900074005127,2.190000057220459,2.279900074005127,4301,0.0,0.0
2023-01-12 10:30:00-05:00,2.2799999713897705,2.2799999713897705,2.2799999713897705,2.2799999713897705,124,0.0,0.0
2023-01-12 11:30:00-05:00,2.2500998973846436,2.2899999618530273,2.2500998973846436,2.2899999618530273,3272,0.0,0.0
2023-01-12 12:30:00-05:00,2.2899999618530273,2.2899999618530273,2.2699999809265137,2.2899999618530273,1378,0.0,0.0
2023-01-12 13:30:00-05:00,2.259999990463257,2.259999990463257,2.259999990463257,2.259999990463257,1110,0.0,0.0
2023-01-12 14:30:00-05:00,2.2848000526428223,2.2899999618530273,2.259999990463257,2.266700029373169,0,0.0,0.0
2023-01-13 09:30:00-05:00,2.259999990463257,2.2899999618530273,2.259999990463257,2.2701001167297363,15658,0.0,0.0
2023-01-13 10:30:00-05:00,2.2899999618530273,2.2899999618530273,2.276099920272827,2.2899999618530273,3163,0.0,0.0
2023-01-13 11:30:00-05:00,2.2899999618530273,2.2899999618530273,2.2799999713897705,2.2899999618530273,863,0.0,0.0
2023-01-13 12:30:00-05:00,2.280100107192993,2.2899999618530273,2.280100107192993,2.2899999618530273,2328,0.0,0.0
2023-01-13 13:30:00-05:00,2.2899999618530273,2.2899999618530273,2.2799999713897705,2.2899999618530273,2145,0.0,0.0
2023-01-13 14:30:00-05:00,2.280100107192993,2.299999952316284,2.280100107192993,2.2899999618530273,3454,0.0,0.0
2023-01-13 15:30:00-05:00,2.299999952316284,2.3499999046325684,2.297300100326538,2.3499999046325684,4321,0.0,0.0
2023-01-17 09:30:00-05:00,2.349900007247925,2.440000057220459,2.349900007247925,2.4344000816345215,9934,0.0,0.0
2023-01-17 10:30:00-05:00,2.430000066757202,2.430000066757202,2.380000114440918,2.4000000953674316,19332,0.0,0.0
2023-01-17 11:30:00-05:00,2.4000000953674316,2.460099935531616,2.3996999263763428,2.450000047683716,17731,0.0,0.0
2023-01-17 12:30:00-05:00,2.450000047683716,2.5199999809265137,2.450000047683716,2.4500999450683594,33447,0.0,0.0
2023-01-17 13:30:00-05:00,2.4700000286102295,2.5,2.4200000762939453,2.4800000190734863,21718,0.0,0.0
2023-01-17 14:30:00-05:00,2.4900999069213867,2.5199999809265137,2.490000009536743,2.5072999000549316,12123,0.0,0.0
2023-01-17 15:30:00-05:00,2.5199999809265137,2.559999942779541,2.5,2.559999942779541,0,0.0,0.0
2023-01-18 09:30:00-05:00,2.565000057220459,2.5899999141693115,2.5250000953674316,2.5404999256134033,5665,0.0,0.0
2023-01-18 10:30:00-05:00,2.5999999046325684,2.63919997215271,2.450000047683716,2.450000047683716,23208,0.0,0.0
2023-01-18 11:30:00-05:00,2.4588000774383545,2.549999952316284,2.4400999546051025,2.4400999546051025,20632,0.0,0.0
2023-01-18 12:30:00-05:00,2.4719998836517334,2.509999990463257,2.4000000953674316,2.4000000953674316,13508,0.0,0.0
2023-01-18 13:30:00-05:00,2.390000104904175,2.390000104904175,2.3145999908447266,2.3145999908447266,9778,0.0,0.0
2023-01-18 14:30:00-05:00,2.309999942779541,2.3499999046325684,2.2950000762939453,2.309999942779541,7055,0.0,0.0
2023-01-18 15:30:00-05:00,2.309999942779541,2.309999942779541,2.2899999618530273,2.2899999618530273,1335,0.0,0.0
2023-01-19 09:30:00-05:00,2.2300000190734863,2.25,2.200000047683716,2.2000999450683594,4764,0.0,0.0
2023-01-19 10:30:00-05:00,2.299499988555908,2.3299999237060547,2.243299961090088,2.25,11081,0.0,0.0
2023-01-19 12:30:00-05:00,2.299999952316284,2.300100088119507,2.299999952316284,2.300100088119507,12861,0.0,0.0
2023-01-19 13:30:00-05:00,2.299999952316284,2.299999952316284,2.2751998901367188,2.299999952316284,3756,0.0,0.0
2023-01-19 14:30:00-05:00,2.3269999027252197,2.3399999141693115,2.3131000995635986,2.319999933242798,3652,0.0,0.0
2023-01-19 15:30:00-05:00,2.325000047683716,2.3499999046325684,2.325000047683716,2.3499999046325684,0,0.0,0.0
2023-01-20 09:30:00-05:00,2.359999895095825,2.359999895095825,2.3499999046325684,2.3499999046325684,1293,0.0,0.0
2023-01-20 11:30:00-05:00,2.309999942779541,2.309999942779541,2.2734999656677246,2.2734999656677246,1458,0.0,0.0
2023-01-20 12:30:00-05:00,2.319999933242798,2.3399999141693115,2.319999933242798,2.3399999141693115,793,0.0,0.0
2023-01-20 13:30:00-05:00,2.3499999046325684,2.3499999046325684,2.330899953842163,2.330899953842163,319,0.0,0.0
2023-01-20 14:30:00-05:00,2.3499999046325684,2.359999895095825,2.3499999046325684,2.359999895095825,972,0.0,0.0
2023-01-20 15:30:00-05:00,2.3445000648498535,2.3499999046325684,2.3399999141693115,2.3399999141693115,1150,0.0,0.0
2023-01-23 09:30:00-05:00,2.2799999713897705,2.4600000381469727,2.2799999713897705,2.4600000381469727,7860,0.0,0.0
2023-01-23 10:30:00-05:00,2.4100000858306885,2.440000057220459,2.4100000858306885,2.440000057220459,374,0.0,0.0
2023-01-23 11:30:00-05:00,2.4200000762939453,2.4200000762939453,2.400099992752075,2.400099992752075,593,0.0,0.0
2023-01-23 12:30:00-05:00,2.4049999713897705,2.4590001106262207,2.4049999713897705,2.4149999618530273,3980,0.0,0.0
2023-01-23 13:30:00-05:00,2.450000047683716,2.450000047683716,2.3499999046325684,2.3499999046325684,5904,0.0,0.0
2023-01-23 14:30:00-05:00,2.4100000858306885,2.4100000858306885,2.359999895095825,2.4000000953674316,624,0.0,0.0
2023-01-23 15:30:00-05:00,2.369999885559082,2.369999885559082,2.3499999046325684,2.369999885559082,0,0.0,0.0
2023-01-24 09:30:00-05:00,2.359999895095825,2.359999895095825,2.342900037765503,2.344099998474121,1170,0.0,0.0
2023-01-24 10:30:00-05:00,2.3399999141693115,2.369999885559082,2.3399999141693115,2.369999885559082,1549,0.0,0.0
2023-01-24 11:30:00-05:00,2.3399999141693115,2.369999885559082,2.3399999141693115,2.340100049972534,5094,0.0,0.0
2023-01-24 12:30:00-05:00,2.3620998859405518,2.4000000953674316,2.359999895095825,2.359999895095825,346,0.0,0.0
2023-01-24 13:30:00-05:00,2.369999885559082,2.4000000953674316,2.359999895095825,2.359999895095825,1100,0.0,0.0
2023-01-24 14:30:00-05:00,2.390000104904175,2.390000104904175,2.390000104904175,2.390000104904175,103,0.0,0.0
2023-01-24 15:30:00-05:00,2.359999895095825,2.359999895095825,2.359999895095825,2.359999895095825,0,0.0,0.0
2023-01-25 09:30:00-05:00,2.3201000690460205,2.3201000690460205,2.3201000690460205,2.3201000690460205,700,0.0,0.0
2023-01-25 10:30:00-05:00,2.3499999046325684,2.488600015640259,2.3499999046325684,2.488600015640259,1635,0.0,0.0
2023-01-25 11:30:00-05:00,2.4240000247955322,2.424299955368042,2.3949999809265137,2.3949999809265137,3686,0.0,0.0
2023-01-25 12:30:00-05:00,2.3299999237060547,2.3550000190734863,2.3243000507354736,2.3403000831604004,5050,0.0,0.0
2023-01-25 14:30:00-05:00,2.359999895095825,2.359999895095825,2.319999933242798,2.3499999046325684,2658,0.0,0.0
2023-01-25 15:30:00-05:00,2.3499999046325684,2.375,2.3499999046325684,2.375,0,0.0,0.0
2023-01-26 09:30:00-05:00,2.3893001079559326,2.3893001079559326,2.3893001079559326,2.3893001079559326,694,0.0,0.0
2023-01-26 10:30:00-05:00,2.380000114440918,2.380000114440918,2.380000114440918,2.380000114440918,1000,0.0,0.0
2023-01-26 11:30:00-05:00,2.393899917602539,2.399899959564209,2.393899917602539,2.399899959564209,387,0.0,0.0
2023-01-26 14:30:00-05:00,2.4149999618530273,2.430000066757202,2.4149999618530273,2.430000066757202,866,0.0,0.0
2023-01-26 15:30:00-05:00,2.380000114440918,2.380000114440918,2.369999885559082,2.369999885559082,0,0.0,0.0
2023-01-27 09:30:00-05:00,2.430000066757202,2.509999990463257,2.396699905395508,2.4876999855041504,16635,0.0,0.0
2023-01-27 10:30:00-05:00,2.4827001094818115,2.490000009536743,2.4549999237060547,2.490000009536743,12375,0.0,0.0
2023-01-27 11:30:00-05:00,2.4823999404907227,2.5499000549316406,2.4823999404907227,2.4999001026153564,22470,0.0,0.0
2023-01-27 12:30:00-05:00,2.490000009536743,2.5399999618530273,2.450000047683716,2.460099935531616,36103,0.0,0.0
2023-01-27 13:30:00-05:00,2.413800001144409,2.4200000762939453,2.299999952316284,2.299999952316284,9768,0.0,0.0
2023-01-27 14:30:00-05:00,2.343600034713745,2.364500045776367,2.309999942779541,2.309999942779541,6466,0.0,0.0
2023-01-27 15:30:00-05:00,2.319999933242798,2.3499999046325684,2.259999990463257,2.3499999046325684,8891,0.0,0.0
2023-01-30 09:30:00-05:00,2.359999895095825,2.380000114440918,2.315000057220459,2.319999933242798,3988,0.0,0.0
2023-01-30 10:30:00-05:00,2.3424999713897705,2.349100112915039,2.2799999713897705,2.2799999713897705,10989,0.0,0.0
2023-01-30 11:30:00-05:00,2.2843000888824463,2.349900007247925,2.2843000888824463,2.349900007247925,2204,0.0,0.0
2023-01-30 12:30:00-05:00,2.2799999713897705,2.3199000358581543,2.2300000190734863,2.2799999713897705,10978,0.0,0.0
2023-01-30 13:30:00-05:00,2.2873001098632812,2.3299999237060547,2.25,2.3299999237060547,2987,0.0,0.0
2023-01-30 14:30:00-05:00,2.2609000205993652,2.305000066757202,2.25,2.2990000247955322,1257,0.0,0.0
2023-01-30 15:30:00-05:00,2.2699999809265137,2.2899999618530273,2.2300000190734863,2.240000009536743,0,0.0,0.0
2023-01-31 09:30:00-05:00,2.3499999046325684,2.3499999046325684,2.259999990463257,2.259999990463257,1203,0.0,0.0
2023-01-31 10:30:00-05:00,2.2799999713897705,2.3399999141693115,2.2799999713897705,2.3299999237060547,965,0.0,0.0
2023-01-31 11:30:00-05:00,2.2899999618530273,2.2899999618530273,2.2899999618530273,2.2899999618530273,198,0.0,0.0
2023-01-31 13:30:00-05:00,2.2850000858306885,2.2899999618530273,2.2699999809265137,2.2699999809265137,1619,0.0,0.0
2023-01-31 14:30:00-05:00,2.2878000736236572,2.2878000736236572,2.2699999809265137,2.2699999809265137,1328,0.0,0.0
2023-01-31 15:30:00-05:00,2.25,2.2699999809265137,2.25,2.25,0,0.0,0.0
2023-02-01 09:30:00-05:00,2.2699999809265137,2.299999952316284,2.2699999809265137,2.2699999809265137,8002,0.0,0.0
2023-02-01 10:30:00-05:00,2.299999952316284,2.349900007247925,2.2799999713897705,2.319999933242798,9053,0.0,0.0
2023-02-01 11:30:00-05:00,2.349900007247925,2.4600000381469727,2.3375000953674316,2.393699884414673,24908,0.0,0.0
2023-02-01 12:30:00-05:00,2.4100000858306885,2.450000047683716,2.380000114440918,2.450000047683716,2672,0.0,0.0
2023-02-01 13:30:00-05:00,2.440000057220459,2.4491000175476074,2.380500078201294,2.4100000858306885,15350,0.0,0.0
2023-02-01 14:30:00-05:00,2.400099992752075,2.45989990234375,2.400099992752075,2.450000047683716,6055,0.0,0.0
2023-02-01 15:30:00-05:00,2.440000057220459,2.450000047683716,2.4200000762939453,2.450000047683716,7469,0.0,0.0
2023-02-02 09:30:00-05:00,2.380000114440918,2.4800000190734863,2.3499999046325684,2.385699987411499,28243,0.0,0.0
2023-02-02 10:30:00-05:00,2.440000057220459,2.5099000930786133,2.383500099182129,2.490000009536743,22308,0.0,0.0
2023-02-02 11:30:00-05:00,2.4700000286102295,2.5,2.4600000381469727,2.5,1810,0.0,0.0
2023-02-02 12:30:00-05:00,2.5,2.5199999809265137,2.4983999729156494,2.509999990463257,5984,0.0,0.0
2023-02-02 13:30:00-05:00,2.509999990463257,2.5362000465393066,2.494999885559082,2.5280001163482666,12493,0.0,0.0
2023-02-02 14:30:00-05:00,2.5299999713897705,2.5399999618530273,2.490000009536743,2.5299999713897705,11083,0.0,0.0
2023-02-02 15:30:00-05:00,2.5299999713897705,2.5299999713897705,2.490000009536743,2.494999885559082,0,0.0,0.0
2023-02-03 09:30:00-05:00,2.509999990463257,2.509999990463257,2.4479000568389893,2.4479000568389893,1300,0.0,0.0
2023-02-03 10:30:00-05:00,2.4999001026153564,2.559999942779541,2.490000009536743,2.559999942779541,17015,0.0,0.0
2023-02-03 11:30:00-05:00,2.555000066757202,2.5931999683380127,2.555000066757202,2.5799999237060547,7341,0.0,0.0
2023-02-03 12:30:00-05:00,2.5899999141693115,2.690500020980835,2.5799999237060547,2.6700000762939453,44268,0.0,0.0
2023-02-03 13:30:00-05:00,2.6700000762939453,2.740000009536743,2.610100030899048,2.638000011444092,60928,0.0,0.0
2023-02-03 14:30:00-05:00,2.649899959564209,2.7039999961853027,2.6449999809265137,2.680000066757202,13284,0.0,0.0
2023-02-03 15:30:00-05:00,2.700000047683716,2.7300000190734863,2.6826000213623047,2.7300000190734863,15919,0.0,0.0
2023-02-06 09:30:00-05:00,2.740000009536743,2.880000114440918,2.7267000675201416,2.816800117492676,187749,0.0,0.0
2023-02-06 10:30:00-05:00,2.815999984741211,2.869999885559082,2.800100088119507,2.8101999759674072,44684,0.0,0.0
2023-02-06 11:30:00-05:00,2.8117001056671143,2.819999933242798,2.75,2.799999952316284,18094,0.0,0.0
2023-02-06 12:30:00-05:00,2.7600998878479004,2.79229998588562,2.6700000762939453,2.7200000286102295,19458,0.0,0.0
2023-02-06 13:30:00-05:00,2.699899911880493,2.75,2.699899911880493,2.7499001026153564,17283,0.0,0.0
2023-02-06 14:30:00-05:00,2.761899948120117,2.7699999809265137,2.700200080871582,2.740000009536743,11939,0.0,0.0
2023-02-06 15:30:00-05:00,2.7399001121520996,2.7699999809265137,2.7399001121520996,2.75,0,0.0,0.0
2023-02-07 09:30:00-05:00,2.75,2.7599000930786133,2.609999895095825,2.7000999450683594,15038,0.0,0.0
2023-02-07 10:30:00-05:00,2.7000999450683594,2.7009999752044678,2.618000030517578,2.6607000827789307,10675,0.0,0.0
2023-02-07 11:30:00-05:00,2.680000066757202,2.6893999576568604,2.6700000762939453,2.6893999576568604,7936,0.0,0.0
2023-02-07 12:30:00-05:00,2.680000066757202,2.7799999713897705,2.680000066757202,2.760999917984009,2621,0.0,0.0
2023-02-07 13:30:00-05:00,2.75,2.75,2.656899929046631,2.700000047683716,8736,0.0,0.0
2023-02-07 14:30:00-05:00,2.700000047683716,2.7699999809265137,2.700000047683716,2.740000009536743,1510,0.0,0.0
2023-02-07 15:30:00-05:00,2.73009991645813,2.7699999809265137,2.73009991645813,2.7699999809265137,329,0.0,0.0
2023-02-08 09:30:00-05:00,2.759999990463257,2.7699999809265137,2.7300000190734863,2.7699999809265137,1925,0.0,0.0
2023-02-08 10:30:00-05:00,2.740000009536743,2.7699999809265137,2.740000009536743,2.7699999809265137,648,0.0,0.0
2023-02-08 11:30:00-05:00,2.740600109100342,2.75,2.712399959564209,2.712399959564209,3732,0.0,0.0
2023-02-08 12:30:00-05:00,2.7249999046325684,2.7300000190734863,2.640000104904175,2.640000104904175,4432,0.0,0.0
2023-02-08 13:30:00-05:00,2.700000047683716,2.700000047683716,2.619999885559082,2.6401000022888184,5732,0.0,0.0
2023-02-08 14:30:00-05:00,2.680000066757202,2.680000066757202,2.6201000213623047,2.6500000953674316,4803,0.0,0.0
2023-02-08 15:30:00-05:00,2.615000009536743,2.639899969100952,2.5399999618530273,2.549999952316284,0,0.0,0.0
2023-02-09 09:30:00-05:00,2.609999895095825,2.609999895095825,2.54010009765625,2.559999942779541,3716,0.0,0.0
2023-02-09 10:30:00-05:00,2.609999895095825,2.609999895095825,2.5399999618530273,2.5399999618530273,2129,0.0,0.0
2023-02-09 11:30:00-05:00,2.5799999237060547,2.5848000049591064,2.5799999237060547,2.5848000049591064,819,0.0,0.0
2023-02-09 13:30:00-05:00,2.559999942779541,2.559999942779541,2.359999895095825,2.549999952316284,14254,0.0,0.0
2023-02-09 14:30:00-05:00,2.509999990463257,2.509999990463257,2.430000066757202,2.4549999237060547,9630,0.0,0.0
2023-02-09 15:30:00-05:00,2.4549999237060547,2.4800000190734863,2.4100000858306885,2.4100000858306885,0,0.0,0.0
2023-02-10 09:30:00-05:00,2.452899932861328,2.452899932861328,2.393199920654297,2.393199920654297,2234,0.0,0.0
2023-02-10 11:30:00-05:00,2.374000072479248,2.4200000762939453,2.374000072479248,2.3743999004364014,612,0.0,0.0
2023-02-10 12:30:00-05:00,2.3840999603271484,2.4166998863220215,2.380000114440918,2.4166998863220215,1989,0.0,0.0
2023-02-10 13:30:00-05:00,2.4200000762939453,2.4200000762939453,2.380000114440918,2.380000114440918,4426,0.0,0.0
2023-02-10 14:30:00-05:00,2.4100000858306885,2.450000047683716,2.4100000858306885,2.450000047683716,6578,0.0,0.0
2023-02-10 15:30:00-05:00,2.508500099182129,2.509999990463257,2.508500099182129,2.509999990463257,418,0.0,0.0
2023-02-13 09:30:00-05:00,2.549999952316284,2.615000009536743,2.549999952316284,2.615000009536743,0,0.0,0.0
2023-02-13 10:30:00-05:00,2.559999942779541,2.559999942779541,2.5199999809265137,2.5513999462127686,3180,0.0,0.0
2023-02-13 11:30:00-05:00,2.5399999618530273,2.5494000911712646,2.5,2.5208001136779785,4207,0.0,0.0
2023-02-13 12:30:00-05:00,2.5381999015808105,2.5381999015808105,2.5381999015808105,2.5381999015808105,152,0.0,0.0
2023-02-13 13:30:00-05:00,2.5188000202178955,2.5188000202178955,2.5,2.5,2303,0.0,0.0
2023-02-13 14:30:00-05:00,2.4700000286102295,2.4700000286102295,2.450000047683716,2.4700000286102295,1607,0.0,0.0
2023-02-13 15:30:00-05:00,2.4800000190734863,2.490000009536743,2.450000047683716,2.450000047683716,616,0.0,0.0
2023-02-14 09:30:00-05:00,2.5429000854492188,2.5429000854492188,2.477299928665161,2.477299928665161,3291,0.0,0.0
2023-02-14 10:30:00-05:00,2.4700000286102295,2.490000009536743,2.4500999450683594,2.490000009536743,3655,0.0,0.0
2023-02-14 11:30:00-05:00,2.4556000232696533,2.4556000232696533,2.4556000232696533,2.4556000232696533,261,0.0,0.0
2023-02-14 13:30:00-05:00,2.460099935531616,2.490000009536743,2.460099935531616,2.490000009536743,4271,0.0,0.0
2023-02-14 14:30:00-05:00,2.4874000549316406,2.4874000549316406,2.460099935531616,2.4611001014709473,1341,0.0,0.0
2023-02-14 15:30:00-05:00,2.4881999492645264,2.5,2.4700000286102295,2.5,13185,0.0,0.0
2023-02-15 09:30:00-05:00,2.509999990463257,2.560699939727783,2.485599994659424,2.515399932861328,2029,0.0,0.0
2023-02-15 10:30:00-05:00,2.5100998878479004,2.56850004196167,2.5100998878479004,2.56850004196167,1292,0.0,0.0
2023-02-15 11:30:00-05:00,2.569999933242798,2.640000104904175,2.5299999713897705,2.618000030517578,13924,0.0,0.0
2023-02-15 12:30:00-05:00,2.5999999046325684,2.6110000610351562,2.5299999713897705,2.5999999046325684,4258,0.0,0.0
2023-02-15 13:30:00-05:00,2.6010000705718994,2.6031999588012695,2.54010009765625,2.569999933242798,2370,0.0,0.0
2023-02-15 14:30:00-05:00,2.5999999046325684,2.5999999046325684,2.559999942779541,2.559999942779541,1465,0.0,0.0
2023-02-15 15:30:00-05:00,2.5899999141693115,2.5899999141693115,2.549999952316284,2.549999952316284,0,0.0,0.0
2023-02-16 09:30:00-05:00,2.6050000190734863,2.648400068283081,2.559999942779541,2.559999942779541,10811,0.0,0.0
2023-02-16 10:30:00-05:00,2.5799999237060547,2.634000062942505,2.555000066757202,2.5999999046325684,7501,0.0,0.0
2023-02-16 11:30:00-05:00,2.5999999046325684,2.630000114440918,2.5999999046325684,2.609999895095825,3790,0.0,0.0
2023-02-16 12:30:00-05:00,2.615000009536743,2.690000057220459,2.615000009536743,2.690000057220459,1949,0.0,0.0
2023-02-16 13:30:00-05:00,2.680000066757202,2.680000066757202,2.680000066757202,2.680000066757202,166,0.0,0.0
2023-02-16 14:30:00-05:00,2.6898999214172363,2.700000047683716,2.6700000762939453,2.6700000762939453,5334,0.0,0.0
2023-02-16 15:30:00-05:00,2.619999885559082,2.630000114440918,2.5799999237060547,2.619999885559082,0,0.0,0.0
2023-02-17 09:30:00-05:00,2.699899911880493,2.699899911880493,2.6584999561309814,2.6584999561309814,4821,0.0,0.0
2023-02-17 10:30:00-05:00,2.6600000858306885,2.681999921798706,2.6456000804901123,2.650099992752075,4481,0.0,0.0
2023-02-17 11:30:00-05:00,2.6700000762939453,2.7300000190734863,2.6700000762939453,2.6726999282836914,10475,0.0,0.0
2023-02-17 12:30:00-05:00,2.680000066757202,2.700000047683716,2.6301000118255615,2.63100004196167,4078,0.0,0.0
2023-02-17 13:30:00-05:00,2.6700000762939453,2.6700000762939453,2.6700000762939453,2.6700000762939453,262,0.0,0.0
2023-02-17 14:30:00-05:00,2.6874001026153564,2.7200000286102295,2.6874001026153564,2.7200000286102295,1737,0.0,0.0
2023-02-17 15:30:00-05:00,2.687700033187866,2.687700033187866,2.6500000953674316,2.6500000953674316,4840,0.0,0.0
2023-02-21 09:30:00-05:00,2.6500000953674316,2.650099992752075,2.5392000675201416,2.6364998817443848,7143,0.0,0.0
2023-02-21 10:30:00-05:00,2.5799999237060547,2.650399923324585,2.5799999237060547,2.650399923324585,1972,0.0,0.0
2023-02-21 11:30:00-05:00,2.5799999237060547,2.6600000858306885,2.5799999237060547,2.622499942779541,934,0.0,0.0
2023-02-21 12:30:00-05:00,2.6440999507904053,2.6440999507904053,2.5799999237060547,2.5899999141693115,2596,0.0,0.0
2023-02-21 13:30:00-05:00,2.5799999237060547,2.5999999046325684,2.5799999237060547,2.581199884414673,5711,0.0,0.0
2023-02-21 14:30:00-05:00,2.559999942779541,2.5999999046325684,2.559999942779541,2.5999999046325684,560,0.0,0.0
2023-02-21 15:30:00-05:00,2.5899999141693115,2.599900007247925,2.5799999237060547,2.599900007247925,823,0.0,0.0
2023-02-22 09:30:00-05:00,2.509999990463257,2.5302999019622803,2.509999990463257,2.5302999019622803,0,0.0,0.0
2023-02-22 10:30:00-05:00,2.5399999618530273,2.549999952316284,2.5399999618530273,2.549999952316284,203,0.0,0.0
2023-02-22 11:30:00-05:00,2.5659000873565674,2.5999999046325684,2.5399999618530273,2.5399999618530273,5408,0.0,0.0
2023-02-22 12:30:00-05:00,2.589099884033203,2.589099884033203,2.569999933242798,2.569999933242798,714,0.0,0.0
2023-02-22 13:30:00-05:00,2.599900007247925,2.5999999046325684,2.569999933242798,2.5713999271392822,8973,0.0,0.0
2023-02-22 14:30:00-05:00,2.549999952316284,2.559999942779541,2.549999952316284,2.559999942779541,1981,0.0,0.0
2023-02-22 15:30:00-05:00,2.559999942779541,2.575000047683716,2.5399999618530273,2.5399999618530273,2190,0.0,0.0
2023-02-23 09:30:00-05:00,2.5850000381469727,2.7699999809265137,2.579900026321411,2.740000009536743,35846,0.0,0.0
2023-02-23 10:30:00-05:00,2.6786999702453613,2.6786999702453613,2.5999999046325684,2.6695001125335693,1766,0.0,0.0
2023-02-23 11:30:00-05:00,2.634999990463257,2.634999990463257,2.559999942779541,2.619999885559082,5742,0.0,0.0
2023-02-23 12:30:00-05:00,2.619999885559082,2.630000114440918,2.551300048828125,2.5999999046325684,3042,0.0,0.0
2023-02-23 13:30:00-05:00,2.6600000858306885,2.6600000858306885,2.630000114440918,2.6301000118255615,1533,0.0,0.0
2023-02-23 14:30:00-05:00,2.640000104904175,2.640000104904175,2.640000104904175,2.640000104904175,740,0.0,0.0
2023-02-23 15:30:00-05:00,2.686199903488159,2.690000057220459,2.600100040435791,2.690000057220459,0,0.0,0.0
2023-02-24 09:30:00-05:00,2.680000066757202,2.6898999214172363,2.610100030899048,2.645400047302246,9509,0.0,0.0
2023-02-24 10:30:00-05:00,2.661600112915039,2.661600112915039,2.619999885559082,2.6298999786376953,3656,0.0,0.0
2023-02-24 11:30:00-05:00,2.610300064086914,2.630000114440918,2.609999895095825,2.610100030899048,3892,0.0,0.0
2023-02-24 12:30:00-05:00,2.609999895095825,2.609999895095825,2.5999999046325684,2.6001999378204346,1829,0.0,0.0
2023-02-24 13:30:00-05:00,2.541800022125244,2.5799999237060547,2.5299999713897705,2.536600112915039,3368,0.0,0.0
2023-02-24 15:30:00-05:00,2.559999942779541,2.5799999237060547,2.549999952316284,2.549999952316284,2530,0.0,0.0
2023-02-27 09:30:00-05:00,2.559999942779541,2.559999942779541,2.549999952316284,2.549999952316284,0,0.0,0.0
2023-02-27 10:30:00-05:00,2.5299999713897705,2.566800117492676,2.509999990463257,2.517199993133545,2719,0.0,0.0
2023-02-27 11:30:00-05:00,2.509999990463257,2.539900064468384,2.5,2.509999990463257,4826,0.0,0.0
2023-02-27 12:30:00-05:00,2.609999895095825,2.619999885559082,2.5899999141693115,2.5899999141693115,330,0.0,0.0
2023-02-27 13:30:00-05:00,2.5899999141693115,2.5899999141693115,2.548799991607666,2.548799991607666,3949,0.0,0.0
2023-02-27 14:30:00-05:00,2.6050000190734863,2.609999895095825,2.540600061416626,2.5850000381469727,1273,0.0,0.0
2023-02-28 09:30:00-05:00,2.549999952316284,2.555000066757202,2.549999952316284,2.555000066757202,2445,0.0,0.0
2023-02-28 10:30:00-05:00,2.559999942779541,2.5799999237060547,2.559999942779541,2.5799999237060547,3907,0.0,0.0
2023-02-28 11:30:00-05:00,2.5799999237060547,2.5969998836517334,2.5799999237060547,2.5806000232696533,900,0.0,0.0
2023-02-28 12:30:00-05:00,2.5899999141693115,2.5899999141693115,2.5799999237060547,2.5822999477386475,3234,0.0,0.0
2023-02-28 13:30:00-05:00,2.599900007247925,2.5999999046325684,2.599900007247925,2.599900007247925,5286,0.0,0.0
2023-02-28 14:30:00-05:00,2.5887999534606934,2.5999999046325684,2.5887999534606934,2.5999999046325684,1236,0.0,0.0
2023-02-28 15:30:00-05:00,2.575000047683716,2.6500000953674316,2.551300048828125,2.640000104904175,0,0.0,0.0
2023-03-01 09:30:00-05:00,2.5999999046325684,2.6500000953674316,2.559999942779541,2.639899969100952,8062,0.0,0.0
2023-03-01 10:30:00-05:00,2.630000114440918,2.6526999473571777,2.609999895095825,2.6500000953674316,8370,0.0,0.0
2023-03-01 11:30:00-05:00,2.6600000858306885,2.6600000858306885,2.610100030899048,2.610100030899048,1448,0.0,0.0
2023-03-01 12:30:00-05:00,2.619999885559082,2.634999990463257,2.6198999881744385,2.630000114440918,5550,0.0,0.0
2023-03-01 13:30:00-05:00,2.619999885559082,2.690000057220459,2.619999885559082,2.690000057220459,3232,0.0,0.0
2023-03-01 14:30:00-05:00,2.640000104904175,2.6700000762939453,2.640000104904175,2.6700000762939453,1373,0.0,0.0
2023-03-01 15:30:00-05:00,2.6700000762939453,2.690000057220459,2.6600000858306885,2.690000057220459,3694,0.0,0.0
2023-03-02 09:30:00-05:00,2.640000104904175,2.640000104904175,2.640000104904175,2.640000104904175,2157,0.0,0.0
2023-03-02 10:30:00-05:00,2.6528000831604004,2.6528000831604004,2.6387999057769775,2.6500000953674316,1889,0.0,0.0
2023-03-02 11:30:00-05:00,2.640000104904175,2.640000104904175,2.6394999027252197,2.6394999027252197,1834,0.0,0.0
2023-03-02 12:30:00-05:00,2.619999885559082,2.630000114440918,2.5755999088287354,2.630000114440918,2201,0.0,0.0
2023-03-02 13:30:00-05:00,2.630000114440918,2.630000114440918,2.630000114440918,2.630000114440918,205,0.0,0.0
2023-03-02 15:30:00-05:00,2.6500000953674316,2.6600000858306885,2.640000104904175,2.6600000858306885,2191,0.0,0.0
2023-03-03 09:30:00-05:00,2.640000104904175,2.699899911880493,2.609999895095825,2.6923000812530518,0,0.0,0.0
2023-03-03 10:30:00-05:00,2.6500000953674316,2.690000057220459,2.6401000022888184,2.6401000022888184,4783,0.0,0.0
2023-03-03 11:30:00-05:00,2.659899950027466,2.759999990463257,2.640000104904175,2.748699903488159,33940,0.0,0.0
2023-03-03 12:30:00-05:00,2.7423999309539795,2.76200008392334,2.7300000190734863,2.7476999759674072,11500,0.0,0.0
2023-03-03 13:30:00-05:00,2.7499001026153564,2.8499999046325684,2.740000009536743,2.819999933242798,35913,0.0,0.0
2023-03-03 14:30:00-05:00,2.819999933242798,2.8299999237060547,2.799999952316284,2.816800117492676,6506,0.0,0.0
2023-03-03 15:30:00-05:00,2.802000045776367,2.809999942779541,2.781599998474121,2.809999942779541,14079,0.0,0.0
2023-03-06 09:30:00-05:00,2.759999990463257,2.9612998962402344,2.759999990463257,2.937000036239624,52475,0.0,0.0
2023-03-06 10:30:00-05:00,2.950000047683716,2.9899001121520996,2.890000104904175,2.9149999618530273,42964,0.0,0.0
2023-03-06 11:30:00-05:00,2.900099992752075,2.930000066757202,2.890000104904175,2.890000104904175,7644,0.0,0.0
2023-03-06 12:30:00-05:00,2.869999885559082,2.890000104904175,2.8499999046325684,2.859999895095825,1153,0.0,0.0
2023-03-06 13:30:00-05:00,2.866300106048584,2.950000047683716,2.866300106048584,2.9200000762939453,33021,0.0,0.0
2023-03-06 14:30:00-05:00,2.9200000762939453,2.950000047683716,2.9149999618530273,2.950000047683716,5279,0.0,0.0
2023-03-06 15:30:00-05:00,2.924999952316284,2.950000047683716,2.9000000953674316,2.930000066757202,0,0.0,0.0
2023-03-07 09:30:00-05:00,2.9200000762939453,2.9800000190734863,2.885999917984009,2.9298999309539795,33813,0.0,0.0
2023-03-07 10:30:00-05:00,2.930000066757202,2.9600000381469727,2.890000104904175,2.940000057220459,13886,0.0,0.0
2023-03-07 11:30:00-05:00,2.884999990463257,2.884999990463257,2.83870005607605,2.8422000408172607,14638,0.0,0.0
2023-03-07 12:30:00-05:00,2.8399999141693115,2.9200000762939453,2.8399999141693115,2.9200000762939453,8332,0.0,0.0
2023-03-07 13:30:00-05:00,2.940000057220459,2.950000047683716,2.890700101852417,2.890700101852417,7601,0.0,0.0
2023-03-07 14:30:00-05:00,2.8801000118255615,2.8801000118255615,2.8801000118255615,2.8801000118255615,105,0.0,0.0
2023-03-07 15:30:00-05:00,2.9030001163482666,2.9200000762939453,2.8499999046325684,2.850100040435791,0,0.0,0.0
2023-03-08 09:30:00-05:00,2.884999990463257,2.9144999980926514,2.884999990463257,2.9000000953674316,5606,0.0,0.0
2023-03-08 10:30:00-05:00,2.909899950027466,2.9298999309539795,2.859999895095825,2.9298999309539795,10845,0.0,0.0
2023-03-08 11:30:00-05:00,2.9198999404907227,2.950000047683716,2.916100025177002,2.950000047683716,20730,0.0,0.0
2023-03-08 12:30:00-05:00,2.9600000381469727,2.9600000381469727,2.9600000381469727,2.9600000381469727,675,0.0,0.0
2023-03-08 13:30:00-05:00,2.956199884414673,2.9600000381469727,2.930000066757202,2.947000026702881,2186,0.0,0.0
2023-03-08 14:30:00-05:00,2.9512999057769775,2.9800000190734863,2.940500020980835,2.9600000381469727,7203,0.0,0.0
2023-03-08 15:30:00-05:00,2.9600000381469727,3.049999952316284,2.9600000381469727,3.0299999713897705,0,0.0,0.0
2023-03-09 09:30:00-05:00,3.0,3.1500000953674316,3.0,3.0903000831604004,84906,0.0,0.0
2023-03-09 10:30:00-05:00,3.090100049972534,3.134500026702881,3.0899999141693115,3.1142001152038574,5532,0.0,0.0
2023-03-09 11:30:00-05:00,3.115000009536743,3.119999885559082,3.0899999141693115,3.115000009536743,6134,0.0,0.0
2023-03-09 12:30:00-05:00,3.100100040435791,3.119999885559082,3.030100107192993,3.050600051879883,22375,0.0,0.0
2023-03-09 13:30:00-05:00,3.0199999809265137,3.0450000762939453,2.75,2.8459999561309814,38988,0.0,0.0
2023-03-09 14:30:00-05:00,2.8399999141693115,2.8399999141693115,2.690000057220459,2.7783000469207764,25828,0.0,0.0
2023-03-09 15:30:00-05:00,2.76990008354187,2.7718000411987305,2.6500000953674316,2.6500000953674316,0,0.0,0.0
2023-03-10 09:30:00-05:00,2.7100000381469727,2.8399999141693115,2.7100000381469727,2.7648000717163086,27254,0.0,0.0
2023-03-10 10:30:00-05:00,2.759999990463257,2.7832000255584717,2.6303000450134277,2.7100000381469727,17010,0.0,0.0
2023-03-10 11:30:00-05:00,2.7100000381469727,2.7300000190734863,2.619999885559082,2.6600000858306885,20637,0.0,0.0
2023-03-10 13:30:00-05:00,2.609999895095825,2.63919997215271,2.490000009536743,2.63919997215271,37407,0.0,0.0
2023-03-10 14:30:00-05:00,2.619999885559082,2.631500005722046,2.5601000785827637,2.631500005722046,1846,0.0,0.0
2023-03-10 15:30:00-05:00,2.640000104904175,2.640000104904175,2.619999885559082,2.619999885559082,2946,0.0,0.0
2023-03-13 09:30:00-04:00,2.5999999046325684,2.700000047683716,2.5999999046325684,2.680000066757202,1470,0.0,0.0
2023-03-13 10:30:00-04:00,2.690000057220459,2.7899999618530273,2.690000057220459,2.7853000164031982,4016,0.0,0.0
2023-03-13 11:30:00-04:00,2.7969000339508057,2.7969000339508057,2.7969000339508057,2.7969000339508057,2772,0.0,0.0
2023-03-13 12:30:00-04:00,2.784899950027466,2.784899950027466,2.784899950027466,2.784899950027466,852,0.0,0.0
2023-03-13 13:30:00-04:00,2.7300000190734863,2.7300000190734863,2.6600000858306885,2.691999912261963,4314,0.0,0.0
2023-03-13 14:30:00-04:00,2.759999990463257,2.759999990463257,2.690000057220459,2.690000057220459,4048,0.0,0.0
2023-03-13 15:30:00-04:00,2.7100000381469727,2.75,2.7100000381469727,2.7300000190734863,7932,0.0,0.0
2023-03-14 09:30:00-04:00,2.75,2.7692999839782715,2.7200000286102295,2.7692999839782715,0,0.0,0.0
2023-03-14 10:30:00-04:00,2.7699999809265137,2.7964000701904297,2.6981000900268555,2.7699999809265137,5246,0.0,0.0
2023-03-14 12:30:00-04:00,2.759999990463257,2.779900074005127,2.740000009536743,2.7711000442504883,14390,0.0,0.0
2023-03-14 13:30:00-04:00,2.7699999809265137,2.7899999618530273,2.7699999809265137,2.7799999713897705,2313,0.0,0.0
2023-03-14 14:30:00-04:00,2.7799999713897705,2.819999933242798,2.7699999809265137,2.7799999713897705,6658,0.0,0.0
2023-03-14 15:30:00-04:00,2.778700113296509,2.778700113296509,2.740000009536743,2.7699999809265137,1725,0.0,0.0
2023-03-15 09:30:00-04:00,2.7300000190734863,2.799999952316284,2.619999885559082,2.799999952316284,6319,0.0,0.0
2023-03-15 10:30:00-04:00,2.700000047683716,2.7699999809265137,2.700000047683716,2.7699999809265137,3100,0.0,0.0
2023-03-15 11:30:00-04:00,2.6405999660491943,2.7799999713897705,2.6405999660491943,2.680000066757202,4952,0.0,0.0
2023-03-15 12:30:00-04:00,2.7699999809265137,2.7699999809265137,2.7699999809265137,2.7699999809265137,150,0.0,0.0
2023-03-15 15:30:00-04:00,2.6907999515533447,2.7200000286102295,2.681999921798706,2.7200000286102295,2085,0.0,0.0
2023-03-16 09:30:00-04:00,2.740000009536743,2.740000009536743,2.639899969100952,2.7100000381469727,2133,0.0,0.0
2023-03-16 10:30:00-04:00,2.6500000953674316,2.7300000190734863,2.6500000953674316,2.7300000190734863,3023,0.0,0.0
2023-03-16 11:30:00-04:00,2.705199956893921,2.8041999340057373,2.705199956893921,2.7899999618530273,10331,0.0,0.0
2023-03-16 12:30:00-04:00,2.7799999713897705,2.8499999046325684,2.750200033187866,2.8004000186920166,9269,0.0,0.0
2023-03-16 13:30:00-04:00,2.819999933242798,2.819999933242798,2.809999942779541,2.815000057220459,1649,0.0,0.0
2023-03-16 14:30:00-04:00,2.8399999141693115,2.8399999141693115,2.75,2.7950000762939453,14392,0.0,0.0
2023-03-16 15:30:00-04:00,2.759999990463257,2.819999933242798,2.759999990463257,2.819999933242798,408,0.0,0.0
2023-03-17 09:30:00-04:00,2.740000009536743,2.7927000522613525,2.740000009536743,2.7927000522613525,0,0.0,0.0
2023-03-17 10:30:00-04:00,2.7946999073028564,2.796299934387207,2.690000057220459,2.700000047683716,10695,0.0,0.0
2023-03-17 11:30:00-04:00,2.6600000858306885,2.75,2.6500000953674316,2.660099983215332,23631,0.0,0.0
2023-03-17 12:30:00-04:00,2.759999990463257,2.839900016784668,2.759999990463257,2.839900016784668,418,0.0,0.0
2023-03-17 13:30:00-04:00,2.75,2.75,2.75,2.75,202,0.0,0.0
2023-03-17 14:30:00-04:00,2.7200000286102295,2.7200000286102295,2.6500000953674316,2.6500000953674316,7565,0.0,0.0
2023-03-17 15:30:00-04:00,2.619999885559082,2.640000104904175,2.569999933242798,2.569999933242798,11412,0.0,0.0
2023-03-20 09:30:00-04:00,2.640000104904175,2.7200000286102295,2.530900001525879,2.5399999618530273,0,0.0,0.0
2023-03-20 10:30:00-04:00,2.509999990463257,2.5399999618530273,2.5,2.5100998878479004,12569,0.0,0.0
2023-03-20 11:30:00-04:00,2.5360000133514404,2.539900064468384,2.509999990463257,2.5250000953674316,1742,0.0,0.0
2023-03-20 12:30:00-04:00,2.5078001022338867,2.609999895095825,2.5078001022338867,2.609999895095825,12397,0.0,0.0
2023-03-20 13:30:00-04:00,2.565000057220459,2.609999895095825,2.5199999809265137,2.530900001525879,2368,0.0,0.0
2023-03-20 14:30:00-04:00,2.554800033569336,2.554800033569336,2.5,2.509999990463257,7207,0.0,0.0
2023-03-20 15:30:00-04:00,2.5483999252319336,2.5483999252319336,2.5483999252319336,2.5483999252319336,239,0.0,0.0
2023-03-21 09:30:00-04:00,2.569999933242798,2.5799999237060547,2.5199999809265137,2.569999933242798,10601,0.0,0.0
2023-03-21 10:30:00-04:00,2.509999990463257,2.567199945449829,2.509999990463257,2.567199945449829,777,0.0,0.0
2023-03-21 11:30:00-04:00,2.5450000762939453,2.5799999237060547,2.5199999809265137,2.520400047302246,5817,0.0,0.0
2023-03-21 12:30:00-04:00,2.5199999809265137,2.562299966812134,2.450000047683716,2.450000047683716,3415,0.0,0.0
2023-03-21 13:30:00-04:00,2.5504000186920166,2.5504000186920166,2.5,2.5,584,0.0,0.0
2023-03-21 14:30:00-04:00,2.5028998851776123,2.51990008354187,2.494999885559082,2.51990008354187,3326,0.0,0.0
2023-03-21 15:30:00-04:00,2.5316998958587646,2.5499000549316406,2.5,2.5,2837,0.0,0.0
2023-03-22 09:30:00-04:00,2.451900005340576,2.5,2.4021999835968018,2.44950008392334,25473,0.0,0.0
2023-03-22 10:30:00-04:00,2.4402999877929688,2.4600000381469727,2.4402999877929688,2.4500999450683594,7108,0.0,0.0
2023-03-22 11:30:00-04:00,2.4407999515533447,2.4486000537872314,2.4400999546051025,2.4400999546051025,3049,0.0,0.0
2023-03-22 12:30:00-04:00,2.4749999046325684,2.4800000190734863,2.4749999046325684,2.4800000190734863,1935,0.0,0.0
2023-03-22 13:30:00-04:00,2.444999933242798,2.4700000286102295,2.444999933242798,2.4700000286102295,2281,0.0,0.0
2023-03-22 14:30:00-04:00,2.440000057220459,2.440000057220459,2.430000066757202,2.430000066757202,612,0.0,0.0
2023-03-22 15:30:00-04:00,2.440000057220459,2.450000047683716,2.390000104904175,2.390000104904175,0,0.0,0.0
2023-03-23 09:30:00-04:00,2.319999933242798,2.4839999675750732,2.309999942779541,2.4839999675750732,12406,0.0,0.0
2023-03-23 10:30:00-04:00,2.4200000762939453,2.4600000381469727,2.414400100708008,2.414400100708008,3766,0.0,0.0
2023-03-23 11:30:00-04:00,2.4581000804901123,2.469899892807007,2.4581000804901123,2.469899892807007,1690,0.0,0.0
2023-03-23 12:30:00-04:00,2.4100000858306885,2.4161999225616455,2.3499999046325684,2.4161999225616455,1496,0.0,0.0
2023-03-23 13:30:00-04:00,2.3901000022888184,2.450000047683716,2.380000114440918,2.450000047683716,1754,0.0,0.0
2023-03-23 15:30:00-04:00,2.3499999046325684,2.389899969100952,2.3101000785827637,2.319999933242798,0,0.0,0.0
2023-03-24 09:30:00-04:00,2.4142000675201416,2.4200000762939453,2.319999933242798,2.375,10177,0.0,0.0
2023-03-24 10:30:00-04:00,2.319999933242798,2.3803999423980713,2.319999933242798,2.3803999423980713,1176,0.0,0.0
2023-03-24 11:30:00-04:00,2.3399999141693115,2.3501999378204346,2.319999933242798,2.319999933242798,958,0.0,0.0
2023-03-24 12:30:00-04:00,2.3499999046325684,2.3798999786376953,2.3399999141693115,2.359999895095825,3355,0.0,0.0
2023-03-24 13:30:00-04:00,2.359999895095825,2.369999885559082,2.319999933242798,2.319999933242798,3177,0.0,0.0
2023-03-24 14:30:00-04:00,2.3299999237060547,2.3798999786376953,2.3299999237060547,2.3798999786376953,1253,0.0,0.0
2023-03-24 15:30:00-04:00,2.319999933242798,2.3399999141693115,2.319999933242798,2.319999933242798,1101,0.0,0.0
2023-03-27 09:30:00-04:00,2.309999942779541,2.4100000858306885,2.309999942779541,2.4100000858306885,0,0.0,0.0
2023-03-27 10:30:00-04:00,2.389899969100952,2.390000104904175,2.389899969100952,2.390000104904175,436,0.0,0.0
2023-03-27 11:30:00-04:00,2.390000104904175,2.4200000762939453,2.390000104904175,2.413300037384033,1580,0.0,0.0
2023-03-27 12:30:00-04:00,2.4298999309539795,2.4298999309539795,2.369999885559082,2.4298999309539795,3647,0.0,0.0
2023-03-27 13:30:00-04:00,2.4140000343322754,2.4140000343322754,2.4140000343322754,2.4140000343322754,1000,0.0,0.0
2023-03-27 14:30:00-04:00,2.4800000190734863,2.490000009536743,2.4000000953674316,2.4000000953674316,1074,0.0,0.0
2023-03-27 15:30:00-04:00,2.450000047683716,2.4600000381469727,2.368299961090088,2.4600000381469727,3914,0.0,0.0
2023-03-28 09:30:00-04:00,2.490000009536743,2.490000009536743,2.4100000858306885,2.4100000858306885,757,0.0,0.0
2023-03-28 10:30:00-04:00,2.4000000953674316,2.4800000190734863,2.4000000953674316,2.4800000190734863,891,0.0,0.0
2023-03-28 11:30:00-04:00,2.361299991607666,2.490000009536743,2.361299991607666,2.4800000190734863,679,0.0,0.0
2023-03-28 14:30:00-04:00,2.400700092315674,2.450000047683716,2.400700092315674,2.430000066757202,6490,0.0,0.0
2023-03-28 15:30:00-04:00,2.4100000858306885,2.4200000762939453,2.4000000953674316,2.4100000858306885,3052,0.0,0.0
2023-03-29 09:30:00-04:00,2.299999952316284,2.5,2.299999952316284,2.4000000953674316,30130,0.0,0.0
2023-03-29 10:30:00-04:00,2.3399999141693115,2.4186999797821045,2.3399999141693115,2.380000114440918,2255,0.0,0.0
2023-03-29 12:30:00-04:00,2.4200000762939453,2.4200000762939453,2.4200000762939453,2.4200000762939453,693,0.0,0.0
2023-03-29 13:30:00-04:00,2.437700033187866,2.4398999214172363,2.4000000953674316,2.4000000953674316,9066,0.0,0.0
2023-03-29 14:30:00-04:00,2.4000000953674316,2.4439001083374023,2.390000104904175,2.440000057220459,6876,0.0,0.0
2023-03-29 15:30:00-04:00,2.4061999320983887,2.440000057220459,2.4061999320983887,2.440000057220459,2147,0.0,0.0
2023-03-30 09:30:00-04:00,2.549999952316284,2.549999952316284,2.549999952316284,2.549999952316284,384,0.0,0.0
2023-03-30 10:30:00-04:00,2.5,2.5399999618530273,2.5,2.509999990463257,13442,0.0,0.0
2023-03-30 11:30:00-04:00,2.4800000190734863,2.4800000190734863,2.4800000190734863,2.4800000190734863,224,0.0,0.0
2023-03-30 12:30:00-04:00,2.460099935531616,2.4788999557495117,2.4600000381469727,2.4788999557495117,1410,0.0,0.0
2023-03-30 14:30:00-04:00,2.4790000915527344,2.5399999618530273,2.4790000915527344,2.5399999618530273,4918,0.0,0.0
2023-03-30 15:30:00-04:00,2.5264999866485596,2.569999933242798,2.5,2.5,0,0.0,0.0
2023-03-31 09:30:00-04:00,2.5399999618530273,2.740000009536743,2.5329999923706055,2.7304999828338623,28656,0.0,0.0
2023-03-31 10:30:00-04:00,2.7040998935699463,2.799999952316284,2.6654000282287598,2.7197000980377197,21977,0.0,0.0
2023-03-31 11:30:00-04:00,2.765199899673462,2.7799999713897705,2.7453999519348145,2.7453999519348145,2078,0.0,0.0
2023-03-31 12:30:00-04:00,2.7400999069213867,2.7613000869750977,2.7100000381469727,2.759999990463257,6803,0.0,0.0
2023-03-31 13:30:00-04:00,2.7200000286102295,2.759999990463257,2.710099935531616,2.759999990463257,4987,0.0,0.0
2023-03-31 14:30:00-04:00,2.759999990463257,2.759999990463257,2.73009991645813,2.73009991645813,5567,0.0,0.0
2023-03-31 15:30:00-04:00,2.734999895095825,2.759999990463257,2.700000047683716,2.759999990463257,3582,0.0,0.0
2023-04-03 09:30:00-04:00,2.6600000858306885,2.699399948120117,2.6600000858306885,2.6600000858306885,2906,0.0,0.0
2023-04-03 10:30:00-04:00,2.6600000858306885,2.700000047683716,2.6600000858306885,2.6600000858306885,849,0.0,0.0
2023-04-03 11:30:00-04:00,2.664599895477295,2.7200000286102295,2.664599895477295,2.7049999237060547,2077,0.0,0.0
2023-04-03 13:30:00-04:00,2.6953001022338867,2.6953001022338867,2.6953001022338867,2.6953001022338867,593,0.0,0.0
2023-04-03 14:30:00-04:00,2.7149999141693115,2.7200000286102295,2.7100000381469727,2.7200000286102295,941,0.0,0.0
2023-04-03 15:30:00-04:00,2.690000057220459,2.7149999141693115,2.690000057220459,2.7149999141693115,1036,0.0,0.0
2023-04-04 09:30:00-04:00,2.7077999114990234,2.75,2.7077999114990234,2.7249999046325684,0,0.0,0.0
2023-04-04 10:30:00-04:00,2.716900110244751,2.716900110244751,2.6986000537872314,2.700000047683716,2983,0.0,0.0
2023-04-04 11:30:00-04:00,2.690000057220459,2.6912999153137207,2.690000057220459,2.6912999153137207,2599,0.0,0.0
2023-04-04 13:30:00-04:00,2.700000047683716,2.700000047683716,2.700000047683716,2.700000047683716,100,0.0,0.0
2023-04-04 14:30:00-04:00,2.6600000858306885,2.6698999404907227,2.6500000953674316,2.6600000858306885,4554,0.0,0.0
2023-04-04 15:30:00-04:00,2.6679999828338623,2.7076001167297363,2.6679999828338623,2.690000057220459,3885,0.0,0.0
2023-04-05 09:30:00-04:00,2.559999942779541,2.690000057220459,2.559999942779541,2.619999885559082,16398,0.0,0.0
2023-04-05 10:30:00-04:00,2.5999999046325684,2.630000114440918,2.5799999237060547,2.5801000595092773,6081,0.0,0.0
2023-04-05 11:30:00-04:00,2.5899999141693115,2.5999999046325684,2.5899999141693115,2.5899999141693115,3692,0.0,0.0
2023-04-05 12:30:00-04:00,2.5899999141693115,2.5899999141693115,2.5799999237060547,2.5799999237060547,537,0.0,0.0
2023-04-05 13:30:00-04:00,2.569999933242798,2.569999933242798,2.569999933242798,2.569999933242798,267,0.0,0.0
2023-04-05 14:30:00-04:00,2.5999999046325684,2.6445999145507812,2.5899999141693115,2.6147000789642334,3744,0.0,0.0
2023-04-05 15:30:00-04:00,2.615000009536743,2.630000114440918,2.5899999141693115,2.5999999046325684,3146,0.0,0.0
2023-04-06 09:30:00-04:00,2.630000114440918,2.680000066757202,2.5999999046325684,2.6298999786376953,0,0.0,0.0
2023-04-06 10:30:00-04:00,2.615000009536743,2.7200000286102295,2.615000009536743,2.7200000286102295,5444,0.0,0.0
2023-04-06 11:30:00-04:00,2.7049999237060547,2.7049999237060547,2.700000047683716,2.700200080871582,1400,0.0,0.0
2023-04-06 12:30:00-04:00,2.7100000381469727,2.7200000286102295,2.6600000858306885,2.6700000762939453,6841,0.0,0.0
2023-04-06 13:30:00-04:00,2.6751999855041504,2.68530011177063,2.6751999855041504,2.68530011177063,1183,0.0,0.0
2023-04-06 14:30:00-04:00,2.700000047683716,2.7269999980926514,2.684999942779541,2.7149999141693115,3218,0.0,0.0
2023-04-06 15:30:00-04:00,2.7156999111175537,2.717400074005127,2.690000057220459,2.690000057220459,4066,0.0,0.0
2023-04-10 09:30:00-04:00,2.744999885559082,2.75,2.6500000953674316,2.684999942779541,50231,0.0,0.0
2023-04-10 10:30:00-04:00,2.700000047683716,2.779900074005127,2.684999942779541,2.7667999267578125,13600,0.0,0.0
2023-04-10 11:30:00-04:00,2.740000009536743,2.740000009536743,2.6800999641418457,2.7300000190734863,3051,0.0,0.0
2023-04-10 12:30:00-04:00,2.759999990463257,2.759999990463257,2.6900999546051025,2.75,1330,0.0,0.0
2023-04-10 13:30:00-04:00,2.7699999809265137,2.7699999809265137,2.729099988937378,2.748199939727783,428,0.0,0.0
2023-04-10 14:30:00-04:00,2.7799999713897705,2.7799999713897705,2.7300000190734863,2.7799999713897705,9409,0.0,0.0
2023-04-10 15:30:00-04:00,2.7750000953674316,2.819999933242798,2.7200000286102295,2.809999942779541,15564,0.0,0.0
2023-04-11 09:30:00-04:00,2.75,2.899899959564209,2.710099935531616,2.7899999618530273,52051,0.0,0.0
2023-04-11 10:30:00-04:00,2.820199966430664,2.890000104904175,2.809999942779541,2.8299999237060547,14416,0.0,0.0
2023-04-11 11:30:00-04:00,2.862799882888794,2.930000066757202,2.8459999561309814,2.9100000858306885,12972,0.0,0.0
2023-04-11 12:30:00-04:00,2.927000045776367,2.950000047683716,2.869999885559082,2.880000114440918,4859,0.0,0.0
2023-04-11 13:30:00-04:00,2.950000047683716,3.139699935913086,2.9100000858306885,2.9914000034332275,104622,0.0,0.0
2023-04-11 14:30:00-04:00,2.950000047683716,3.027899980545044,2.950000047683716,2.9600000381469727,11556,0.0,0.0
2023-04-11 15:30:00-04:00,2.9600000381469727,3.0,2.934499979019165,2.990000009536743,0,0.0,0.0
2023-04-12 09:30:00-04:00,2.9600000381469727,3.0,2.9600000381469727,2.9914000034332275,13112,0.0,0.0
2023-04-12 10:30:00-04:00,3.0,3.0,2.909899950027466,2.9100000858306885,15430,0.0,0.0
2023-04-12 11:30:00-04:00,2.9100000858306885,2.9800000190734863,2.900099992752075,2.9800000190734863,14661,0.0,0.0
2023-04-12 12:30:00-04:00,2.9800000190734863,2.98009991645813,2.9800000190734863,2.9800000190734863,426,0.0,0.0
2023-04-12 13:30:00-04:00,3.0199999809265137,3.049999952316284,2.999000072479248,2.999000072479248,12664,0.0,0.0
2023-04-12 14:30:00-04:00,2.939300060272217,2.940000057220459,2.880000114440918,2.9270999431610107,11858,0.0,0.0
2023-04-12 15:30:00-04:00,2.910099983215332,2.9103000164031982,2.8499999046325684,2.8499999046325684,0,0.0,0.0
2023-04-13 09:30:00-04:00,2.899899959564209,3.0499000549316406,2.899899959564209,2.994999885559082,28631,0.0,0.0
2023-04-13 10:30:00-04:00,3.009999990463257,3.119999885559082,3.0099000930786133,3.049999952316284,37574,0.0,0.0
2023-04-13 11:30:00-04:00,3.0799999237060547,3.0799999237060547,3.0199999809265137,3.0399999618530273,3140,0.0,0.0
2023-04-13 12:30:00-04:00,3.0199999809265137,3.0199999809265137,2.9700000286102295,2.981600046157837,8732,0.0,0.0
2023-04-13 13:30:00-04:00,3.0,3.0799999237060547,3.0,3.079900026321411,9257,0.0,0.0
2023-04-13 14:30:00-04:00,3.062299966812134,3.0799999237060547,3.0201001167297363,3.0350000858306885,11779,0.0,0.0
2023-04-13 15:30:00-04:00,3.049999952316284,3.109999895095825,3.0411999225616455,3.0999999046325684,0,0.0,0.0
2023-04-14 09:30:00-04:00,3.049999952316284,3.130000114440918,3.0299999713897705,3.1201000213623047,31342,0.0,0.0
2023-04-14 10:30:00-04:00,3.140000104904175,3.2899999618530273,3.140000104904175,3.2855000495910645,76278,0.0,0.0
2023-04-14 11:30:00-04:00,3.2899999618530273,3.3099000453948975,3.2300000190734863,3.2416999340057373,34420,0.0,0.0
2023-04-14 12:30:00-04:00,3.240999937057495,3.25,3.200000047683716,3.25,14145,0.0,0.0
2023-04-14 13:30:00-04:00,3.240000009536743,3.30049991607666,3.2100000381469727,3.25,58684,0.0,0.0
2023-04-14 14:30:00-04:00,3.2300000190734863,3.2637999057769775,3.2100000381469727,3.25,9289,0.0,0.0
2023-04-14 15:30:00-04:00,3.2411999702453613,3.2411999702453613,3.190000057220459,3.210099935531616,10611,0.0,0.0
2023-04-17 09:30:00-04:00,3.3399999141693115,3.359999895095825,3.25,3.259999990463257,138034,0.0,0.0
2023-04-17 10:30:00-04:00,3.299999952316284,3.359999895095825,3.259999990463257,3.340100049972534,42060,0.0,0.0
2023-04-17 11:30:00-04:00,3.3399999141693115,3.569999933242798,3.330199956893921,3.490000009536743,110285,0.0,0.0
2023-04-17 12:30:00-04:00,3.490000009536743,3.549999952316284,3.376800060272217,3.4000000953674316,24384,0.0,0.0
2023-04-17 13:30:00-04:00,3.4100000858306885,3.450000047683716,3.3399999141693115,3.369999885559082,12070,0.0,0.0
2023-04-17 14:30:00-04:00,3.3399999141693115,3.369999885559082,3.309999942779541,3.369999885559082,14099,0.0,0.0
2023-04-17 15:30:00-04:00,3.3680999279022217,3.4100000858306885,3.3499999046325684,3.4000000953674316,4391,0.0,0.0
2023-04-18 09:30:00-04:00,3.380000114440918,3.4200000762939453,3.2899999618530273,3.312999963760376,41378,0.0,0.0
2023-04-18 10:30:00-04:00,3.3201000690460205,3.380000114440918,3.299999952316284,3.380000114440918,19475,0.0,0.0
2023-04-18 11:30:00-04:00,3.380000114440918,3.380000114440918,3.299999952316284,3.3299999237060547,6779,0.0,0.0
2023-04-18 12:30:00-04:00,3.299999952316284,3.3399999141693115,3.2799999713897705,3.309999942779541,10455,0.0,0.0
2023-04-18 13:30:00-04:00,3.2799999713897705,3.309999942779541,3.220099925994873,3.220099925994873,5590,0.0,0.0
2023-04-18 14:30:00-04:00,3.2300000190734863,3.259999990463257,3.2300000190734863,3.259999990463257,3566,0.0,0.0
2023-04-18 15:30:00-04:00,3.259999990463257,3.309999942779541,3.2300000190734863,3.25,0,0.0,0.0
2023-04-19 09:30:00-04:00,3.259999990463257,3.2699999809265137,3.2200000286102295,3.2200000286102295,12287,0.0,0.0
2023-04-19 10:30:00-04:00,3.2200000286102295,3.299999952316284,3.2200000286102295,3.240000009536743,6060,0.0,0.0
2023-04-19 11:30:00-04:00,3.240000009536743,3.259999990463257,3.2300000190734863,3.259999990463257,1317,0.0,0.0
2023-04-19 12:30:00-04:00,3.2799999713897705,3.2799999713897705,3.259999990463257,3.259999990463257,1031,0.0,0.0
2023-04-19 13:30:00-04:00,3.25,3.2799999713897705,3.2300000190734863,3.2799999713897705,7483,0.0,0.0
2023-04-19 14:30:00-04:00,3.2799999713897705,3.315000057220459,3.2699999809265137,3.2950000762939453,21831,0.0,0.0
2023-04-19 15:30:00-04:00,3.2950000762939453,3.319999933242798,3.240000009536743,3.240000009536743,19094,0.0,0.0
2023-04-20 09:30:00-04:00,3.200000047683716,3.2300000190734863,3.200000047683716,3.200000047683716,8345,0.0,0.0
2023-04-20 10:30:00-04:00,3.2200000286102295,3.25,3.1600000858306885,3.1600000858306885,9470,0.0,0.0
2023-04-20 11:30:00-04:00,3.2100000381469727,3.2100000381469727,3.1600000858306885,3.1895999908447266,3067,0.0,0.0
2023-04-20 13:30:00-04:00,3.1600000858306885,3.1649999618530273,3.1500000953674316,3.1500000953674316,3256,0.0,0.0
2023-04-20 14:30:00-04:00,3.1549999713897705,3.1600000858306885,3.0299999713897705,3.140000104904175,2122,0.0,0.0
2023-04-20 15:30:00-04:00,3.101799964904785,3.130000114440918,3.0999999046325684,3.130000114440918,0,0.0,0.0
2023-04-21 09:30:00-04:00,3.0899999141693115,3.1577999591827393,3.089900016784668,3.1577999591827393,9873,0.0,0.0
2023-04-21 10:30:00-04:00,3.177999973297119,3.177999973297119,3.109999895095825,3.1500000953674316,11809,0.0,0.0
2023-04-21 11:30:00-04:00,3.1201999187469482,3.180000066757202,3.1201999187469482,3.1500000953674316,4236,0.0,0.0
2023-04-21 12:30:00-04:00,3.1201000213623047,3.164400100708008,3.1201000213623047,3.164400100708008,4206,0.0,0.0
2023-04-21 13:30:00-04:00,3.1494998931884766,3.180000066757202,3.1201999187469482,3.1201999187469482,6034,0.0,0.0
2023-04-21 14:30:00-04:00,3.1600000858306885,3.164799928665161,3.119999885559082,3.1549999713897705,6535,0.0,0.0
2023-04-21 15:30:00-04:00,3.1549999713897705,3.1549999713897705,3.130000114440918,3.130000114440918,3427,0.0,0.0
2023-04-24 09:30:00-04:00,3.1500000953674316,3.3598999977111816,3.119999885559082,3.3101000785827637,0,0.0,0.0
2023-04-24 10:30:00-04:00,3.3301000595092773,3.389899969100952,3.240000009536743,3.240000009536743,47491,0.0,0.0
2023-04-24 11:30:00-04:00,3.240000009536743,3.240000009536743,3.200000047683716,3.240000009536743,0,0.0,0.0
2023-04-24 12:30:00-04:00,3.2200000286102295,3.2200000286102295,3.200000047683716,3.200000047683716,51384,0.0,0.0
2023-04-24 13:30:00-04:00,3.1900999546051025,3.2200000286102295,3.1900999546051025,3.2200000286102295,2252,0.0,0.0
2023-04-24 14:30:00-04:00,3.2399001121520996,3.2399001121520996,3.190000057220459,3.190000057220459,3217,0.0,0.0
2023-04-24 15:30:00-04:00,3.2100000381469727,3.2469000816345215,3.2000999450683594,3.2200000286102295,0,0.0,0.0
2023-04-25 09:30:00-04:00,3.25,3.25,3.119999885559082,3.1600000858306885,7604,0.0,0.0
2023-04-25 10:30:00-04:00,3.1600000858306885,3.1600000858306885,3.0999999046325684,3.109999895095825,12975,0.0,0.0
2023-04-25 11:30:00-04:00,3.119999885559082,3.140000104904175,3.0876998901367188,3.130000114440918,10868,0.0,0.0
2023-04-25 12:30:00-04:00,3.1584999561309814,3.2100000381469727,3.130000114440918,3.140000104904175,6454,0.0,0.0
2023-04-25 13:30:00-04:00,3.109999895095825,3.1384999752044678,3.061500072479248,3.0799999237060547,5710,0.0,0.0
2023-04-25 14:30:00-04:00,3.0799999237060547,3.115000009536743,3.0799999237060547,3.0959999561309814,3303,0.0,0.0
2023-04-25 15:30:00-04:00,3.109999895095825,3.1500000953674316,3.069999933242798,3.069999933242798,0,0.0,0.0
2023-04-26 09:30:00-04:00,3.0,3.059999942779541,2.9600000381469727,3.049999952316284,9865,0.0,0.0
2023-04-26 10:30:00-04:00,3.069999933242798,3.069999933242798,3.049999952316284,3.059999942779541,3174,0.0,0.0
2023-04-26 11:30:00-04:00,3.0799999237060547,3.0799999237060547,3.0799999237060547,3.0799999237060547,100,0.0,0.0
2023-04-26 12:30:00-04:00,3.059999942779541,3.059999942779541,3.0399999618530273,3.059999942779541,4777,0.0,0.0
2023-04-26 13:30:00-04:00,3.071000099182129,3.071000099182129,3.009999990463257,3.009999990463257,11672,0.0,0.0
2023-04-26 14:30:00-04:00,3.0199999809265137,3.0209999084472656,2.930000066757202,2.9600000381469727,11662,0.0,0.0
2023-04-26 15:30:00-04:00,3.0,3.0,2.9700000286102295,2.984999895095825,2325,0.0,0.0
2023-04-27 09:30:00-04:00,3.0399999618530273,3.1798999309539795,3.0199999809265137,3.119999885559082,6641,0.0,0.0
2023-04-27 10:30:00-04:00,3.1198999881744385,3.1198999881744385,3.0218000411987305,3.0218000411987305,3721,0.0,0.0
2023-04-27 12:30:00-04:00,3.059999942779541,3.0999999046325684,3.0399999618530273,3.069999933242798,4315,0.0,0.0
2023-04-27 13:30:00-04:00,3.0799999237060547,3.0799999237060547,3.0799999237060547,3.0799999237060547,110,0.0,0.0
2023-04-27 14:30:00-04:00,3.099299907684326,3.0999999046325684,3.0201001167297363,3.0899999141693115,7203,0.0,0.0
2023-04-27 15:30:00-04:00,3.055000066757202,3.1700000762939453,3.055000066757202,3.1449999809265137,0,0.0,0.0
2023-04-28 09:30:00-04:00,3.1500000953674316,3.171999931335449,3.0741000175476074,3.1500000953674316,4151,0.0,0.0
2023-04-28 10:30:00-04:00,3.180000066757202,3.2200000286102295,3.11299991607666,3.2100000381469727,26974,0.0,0.0
2023-04-28 11:30:00-04:00,3.190000057220459,3.2100000381469727,3.170099973678589,3.2100000381469727,3114,0.0,0.0
2023-04-28 12:30:00-04:00,3.210099935531616,3.2200000286102295,3.140000104904175,3.198899984359741,17762,0.0,0.0
2023-04-28 13:30:00-04:00,3.2186999320983887,3.233599901199341,3.1600000858306885,3.200000047683716,25225,0.0,0.0
2023-04-28 14:30:00-04:00,3.1600000858306885,3.1898999214172363,3.1500000953674316,3.1898999214172363,9008,0.0,0.0
2023-04-28 15:30:00-04:00,3.1649999618530273,3.1649999618530273,3.1649999618530273,3.1649999618530273,205,0.0,0.0
2023-05-01 09:30:00-04:00,3.200000047683716,3.200000047683716,3.109999895095825,3.109999895095825,4533,0.0,0.0
2023-05-01 10:30:00-04:00,3.180000066757202,3.1910998821258545,3.1700000762939453,3.170099973678589,5486,0.0,0.0
2023-05-01 11:30:00-04:00,3.1700000762939453,3.1700000762939453,3.1500000953674316,3.1528000831604004,1254,0.0,0.0
2023-05-01 12:30:00-04:00,3.1600000858306885,3.2035000324249268,3.1600000858306885,3.190000057220459,9271,0.0,0.0
2023-05-01 13:30:00-04:00,3.2049999237060547,3.2049999237060547,3.180000066757202,3.200000047683716,3919,0.0,0.0
2023-05-01 14:30:00-04:00,3.190000057220459,3.2149999141693115,3.190000057220459,3.1963999271392822,1738,0.0,0.0
2023-05-01 15:30:00-04:00,3.2100000381469727,3.2300000190734863,3.190000057220459,3.2100000381469727,6034,0.0,0.0
2023-05-02 09:30:00-04:00,3.2399001121520996,3.3203999996185303,3.2399001121520996,3.313699960708618,0,0.0,0.0
2023-05-02 10:30:00-04:00,3.31850004196167,3.319999933242798,3.140199899673462,3.140199899673462,31579,0.0,0.0
2023-05-02 11:30:00-04:00,3.0999999046325684,3.219899892807007,3.0999999046325684,3.110100030899048,10250,0.0,0.0
2023-05-02 12:30:00-04:00,3.119999885559082,3.180000066757202,3.1050000190734863,3.180000066757202,8322,0.0,0.0
2023-05-02 13:30:00-04:00,3.180000066757202,3.203700065612793,3.180000066757202,3.203700065612793,2845,0.0,0.0
2023-05-02 14:30:00-04:00,3.2119998931884766,3.2119998931884766,3.1500000953674316,3.1500000953674316,2043,0.0,0.0
2023-05-02 15:30:00-04:00,3.1700000762939453,3.1700000762939453,3.13070011138916,3.140000104904175,0,0.0,0.0
2023-05-03 09:30:00-04:00,3.140000104904175,3.140000104904175,3.140000104904175,3.140000104904175,638,0.0,0.0
2023-05-03 10:30:00-04:00,3.193000078201294,3.193000078201294,3.1500000953674316,3.1500000953674316,0,0.0,0.0
2023-05-03 11:30:00-04:00,3.119999885559082,3.299999952316284,3.119999885559082,3.150099992752075,4898,0.0,0.0
2023-05-03 12:30:00-04:00,3.240000009536743,3.240000009536743,3.1770999431610107,3.1770999431610107,204,0.0,0.0
2023-05-03 13:30:00-04:00,3.190000057220459,3.200000047683716,3.140000104904175,3.200000047683716,1308,0.0,0.0
2023-05-03 14:30:00-04:00,3.196899890899658,3.196899890899658,3.1700000762939453,3.1700000762939453,2348,0.0,0.0
2023-05-03 15:30:00-04:00,3.1510000228881836,3.174999952316284,3.0899999141693115,3.119999885559082,2730,0.0,0.0
2023-05-04 09:30:00-04:00,3.0899999141693115,3.119999885559082,3.049999952316284,3.0799999237060547,11280,0.0,0.0
2023-05-04 10:30:00-04:00,3.0999999046325684,3.143399953842163,3.0899999141693115,3.1068999767303467,1685,0.0,0.0
2023-05-04 11:30:00-04:00,3.125,3.140000104904175,3.125,3.125,1770,0.0,0.0
2023-05-04 12:30:00-04:00,3.125,3.1335999965667725,3.125,3.1335999965667725,397,0.0,0.0
2023-05-04 13:30:00-04:00,3.11299991607666,3.140000104904175,3.109999895095825,3.109999895095825,2256,0.0,0.0
2023-05-04 14:30:00-04:00,3.106300115585327,3.125,3.106300115585327,3.125,2338,0.0,0.0
2023-05-04 15:30:00-04:00,3.130000114440918,3.130000114440918,3.069999933242798,3.069999933242798,0,0.0,0.0
2023-05-05 09:30:00-04:00,3.1050000190734863,3.130000114440918,3.0899999141693115,3.130000114440918,2767,0.0,0.0
2023-05-05 10:30:00-04:00,3.1113998889923096,3.130000114440918,3.109999895095825,3.120699882507324,2558,0.0,0.0
2023-05-05 11:30:00-04:00,3.1298999786376953,3.130000114440918,3.0899999141693115,3.0899999141693115,0,0.0,0.0
2023-05-05 12:30:00-04:00,3.140000104904175,3.2799999713897705,3.0899999141693115,3.243799924850464,38929,0.0,0.0
2023-05-05 13:30:00-04:00,3.210099935531616,3.25,3.210099935531616,3.25,4758,0.0,0.0
2023-05-05 14:30:00-04:00,3.240000009536743,3.25,3.2321999073028564,3.240000009536743,10877,0.0,0.0
2023-05-05 15:30:00-04:00,3.240000009536743,3.25,3.2200000286102295,3.25,3568,0.0,0.0
2023-05-08 09:30:00-04:00,3.2699999809265137,3.2699999809265137,3.1110000610351562,3.2049999237060547,1884,0.0,0.0
2023-05-08 10:30:00-04:00,3.200000047683716,3.2200000286102295,3.200000047683716,3.2200000286102295,0,0.0,0.0
2023-05-08 11:30:00-04:00,3.180000066757202,3.180000066757202,3.180000066757202,3.180000066757202,7287,0.0,0.0
2023-05-08 12:30:00-04:00,3.1600000858306885,3.1700000762939453,3.0999999046325684,3.130000114440918,7183,0.0,0.0
2023-05-08 13:30:00-04:00,3.130000114440918,3.142699956893921,3.0399999618530273,3.069999933242798,8244,0.0,0.0
2023-05-08 14:30:00-04:00,3.059999942779541,3.109999895095825,3.059999942779541,3.059999942779541,3845,0.0,0.0
2023-05-08 15:30:00-04:00,3.049999952316284,3.0899999141693115,3.0399999618530273,3.0799999237060547,0,0.0,0.0
2023-05-09 09:30:00-04:00,3.0399999618530273,3.0799999237060547,3.0399999618530273,3.0601000785827637,6796,0.0,0.0
2023-05-09 10:30:00-04:00,3.0799999237060547,3.0799999237060547,3.0578999519348145,3.059999942779541,1802,0.0,0.0
2023-05-09 11:30:00-04:00,3.059999942779541,3.059999942779541,3.059999942779541,3.059999942779541,360,0.0,0.0
2023-05-09 12:30:00-04:00,3.0850000381469727,3.0999999046325684,3.0850000381469727,3.0999999046325684,1196,0.0,0.0
2023-05-09 13:30:00-04:00,3.0999999046325684,3.109999895095825,3.069999933242798,3.109999895095825,2578,0.0,0.0
2023-05-09 14:30:00-04:00,3.0801000595092773,3.130000114440918,3.0801000595092773,3.0999999046325684,4723,0.0,0.0
2023-05-09 15:30:00-04:00,3.090100049972534,3.119999885559082,3.0899999141693115,3.119999885559082,1069,0.0,0.0
2023-05-10 09:30:00-04:00,3.1600000858306885,3.2100000381469727,3.140000104904175,3.2100000381469727,10099,0.0,0.0
2023-05-10 10:30:00-04:00,3.1912999153137207,3.1912999153137207,3.170099973678589,3.175800085067749,4965,0.0,0.0
2023-05-10 11:30:00-04:00,3.1872000694274902,3.1872000694274902,3.1600000858306885,3.1600000858306885,1779,0.0,0.0
2023-05-10 13:30:00-04:00,3.121500015258789,3.140000104904175,3.109999895095825,3.109999895095825,2744,0.0,0.0
2023-05-10 15:30:00-04:00,3.0899999141693115,3.0999999046325684,3.049999952316284,3.049999952316284,6222,0.0,0.0
2023-05-11 09:30:00-04:00,3.059999942779541,3.059999942779541,2.9600000381469727,2.9800000190734863,25119,0.0,0.0
2023-05-11 10:30:00-04:00,3.009999990463257,3.009999990463257,3.009999990463257,3.009999990463257,169,0.0,0.0
2023-05-11 11:30:00-04:00,2.9800000190734863,2.990000009536743,2.9800000190734863,2.990000009536743,5531,0.0,0.0
2023-05-11 12:30:00-04:00,2.9941000938415527,2.9941000938415527,2.9916000366210938,2.9916000366210938,1457,0.0,0.0
2023-05-11 13:30:00-04:00,2.990000009536743,2.990000009536743,2.990000009536743,2.990000009536743,1380,0.0,0.0
2023-05-11 14:30:00-04:00,2.9700000286102295,2.970099925994873,2.950000047683716,2.950000047683716,5231,0.0,0.0
2023-05-11 15:30:00-04:00,2.9500999450683594,2.990000009536743,2.950000047683716,2.950000047683716,4191,0.0,0.0
2023-05-12 09:30:00-04:00,2.930000066757202,2.9388999938964844,2.849900007247925,2.890000104904175,28008,0.0,0.0
2023-05-12 10:30:00-04:00,2.859999895095825,2.890000104904175,2.859999895095825,2.8854000568389893,2070,0.0,0.0
2023-05-12 11:30:00-04:00,2.859999895095825,2.880000114440918,2.859999895095825,2.880000114440918,4279,0.0,0.0
2023-05-12 12:30:00-04:00,2.899600028991699,2.899600028991699,2.860100030899048,2.875,8657,0.0,0.0
2023-05-12 13:30:00-04:00,2.869999885559082,2.869999885559082,2.809999942779541,2.8399999141693115,10883,0.0,0.0
2023-05-12 14:30:00-04:00,2.8399999141693115,2.934999942779541,2.819999933242798,2.9200000762939453,10524,0.0,0.0
2023-05-12 15:30:00-04:00,2.9058001041412354,2.9200000762939453,2.8803000450134277,2.9100000858306885,3040,0.0,0.0
2023-05-15 09:30:00-04:00,2.859999895095825,2.909899950027466,2.759999990463257,2.865000009536743,38100,0.0,0.0
2023-05-15 10:30:00-04:00,2.8201000690460205,2.890000104904175,2.819999933242798,2.8499999046325684,13073,0.0,0.0
2023-05-15 11:30:00-04:00,2.8499999046325684,2.890000104904175,2.799999952316284,2.799999952316284,11800,0.0,0.0
2023-05-15 12:30:00-04:00,2.799999952316284,2.8399999141693115,2.740000009536743,2.740000009536743,37199,0.0,0.0
2023-05-15 13:30:00-04:00,2.740000009536743,2.7899999618530273,2.6600000858306885,2.7899999618530273,37377,0.0,0.0
2023-05-15 14:30:00-04:00,2.7300000190734863,2.7464001178741455,2.609999895095825,2.619999885559082,20260,0.0,0.0
2023-05-15 15:30:00-04:00,2.609999895095825,2.700000047683716,2.5799999237060547,2.660099983215332,31676,0.0,0.0
2023-05-16 09:30:00-04:00,2.630000114440918,2.75,2.4200000762939453,2.5100998878479004,140280,0.0,0.0
2023-05-16 10:30:00-04:00,2.536099910736084,2.6145999431610107,2.5199999809265137,2.5999999046325684,21992,0.0,0.0
2023-05-16 11:30:00-04:00,2.630000114440918,2.680000066757202,2.619999885559082,2.634999990463257,10711,0.0,0.0
2023-05-16 12:30:00-04:00,2.619999885559082,2.6217000484466553,2.5701000690460205,2.6217000484466553,3509,0.0,0.0
2023-05-16 13:30:00-04:00,2.5799999237060547,2.639400005340576,2.5299999713897705,2.5599000453948975,8828,0.0,0.0
2023-05-16 14:30:00-04:00,2.5299999713897705,2.569999933242798,2.5,2.549999952316284,18451,0.0,0.0
2023-05-16 15:30:00-04:00,2.5199999809265137,2.5299999713897705,2.4100000858306885,2.450000047683716,46485,0.0,0.0
2023-05-17 09:30:00-04:00,2.430000066757202,2.484999895095825,2.430000066757202,2.4690001010894775,10002,0.0,0.0
2023-05-17 10:30:00-04:00,2.5290000438690186,2.5290000438690186,2.487799882888794,2.487799882888794,8680,0.0,0.0
2023-05-17 11:30:00-04:00,2.490000009536743,2.552999973297119,2.4800000190734863,2.5299999713897705,29267,0.0,0.0
2023-05-17 12:30:00-04:00,2.5299999713897705,2.549999952316284,2.490000009536743,2.5439999103546143,8218,0.0,0.0
2023-05-17 13:30:00-04:00,2.5250000953674316,2.5399999618530273,2.509999990463257,2.5399999618530273,1854,0.0,0.0
2023-05-17 14:30:00-04:00,2.5380001068115234,2.5399999618530273,2.450000047683716,2.499799966812134,22672,0.0,0.0
2023-05-17 15:30:00-04:00,2.5,2.509999990463257,2.4600000381469727,2.490000009536743,22283,0.0,0.0
2023-05-18 09:30:00-04:00,2.509999990463257,2.5943000316619873,2.4600000381469727,2.530100107192993,73640,0.0,0.0
2023-05-18 10:30:00-04:00,2.559999942779541,2.630000114440918,2.549999952316284,2.5643999576568604,19367,0.0,0.0
2023-05-18 11:30:00-04:00,2.5899999141693115,2.5899999141693115,2.559999942779541,2.562999963760376,6130,0.0,0.0
2023-05-18 12:30:00-04:00,2.530100107192993,2.5309998989105225,2.490000009536743,2.5250000953674316,17828,0.0,0.0
2023-05-18 13:30:00-04:00,2.5100998878479004,2.530100107192993,2.490000009536743,2.530100107192993,2416,0.0,0.0
2023-05-18 14:30:00-04:00,2.5199999809265137,2.5199999809265137,2.509999990463257,2.509999990463257,590,0.0,0.0
2023-05-18 15:30:00-04:00,2.5201001167297363,2.5699000358581543,2.5201001167297363,2.559999942779541,0,0.0,0.0
2023-05-19 09:30:00-04:00,2.609999895095825,2.8399999141693115,2.54010009765625,2.54010009765625,15171,0.0,0.0
2023-05-19 10:30:00-04:00,2.549999952316284,2.580699920654297,2.509999990463257,2.580699920654297,6535,0.0,0.0
2023-05-19 11:30:00-04:00,2.549999952316284,2.549999952316284,2.549999952316284,2.549999952316284,522,0.0,0.0
2023-05-19 12:30:00-04:00,2.5299999713897705,2.609999895095825,2.5199999809265137,2.5799999237060547,20509,0.0,0.0
2023-05-19 13:30:00-04:00,2.590100049972534,2.590100049972534,2.5399999618530273,2.5524001121520996,15929,0.0,0.0
2023-05-19 14:30:00-04:00,2.565200090408325,2.5799999237060547,2.5,2.5,23726,0.0,0.0
2023-05-19 15:30:00-04:00,2.505500078201294,2.5199999809265137,2.5,2.5199999809265137,2586,0.0,0.0
2023-05-22 09:30:00-04:00,2.509999990463257,2.7007999420166016,2.5,2.5899999141693115,32730,0.0,0.0
2023-05-22 10:30:00-04:00,2.5899999141693115,2.673799991607666,2.5201001167297363,2.600100040435791,63288,0.0,0.0
2023-05-22 11:30:00-04:00,2.5899999141693115,2.5999999046325684,2.45770001411438,2.45770001411438,24419,0.0,0.0
2023-05-22 12:30:00-04:00,2.507699966430664,2.549999952316284,2.5,2.5299999713897705,9639,0.0,0.0
2023-05-22 13:30:00-04:00,2.5299999713897705,2.5950000286102295,2.5201001167297363,2.575000047683716,7005,0.0,0.0
2023-05-22 14:30:00-04:00,2.549999952316284,2.559999942779541,2.5299999713897705,2.5299999713897705,3090,0.0,0.0
2023-05-22 15:30:00-04:00,2.530100107192993,2.5311999320983887,2.4600000381469727,2.4700000286102295,5485,0.0,0.0
2023-05-23 09:30:00-04:00,2.5,2.549999952316284,2.5,2.5399999618530273,6467,0.0,0.0
2023-05-23 10:30:00-04:00,2.509999990463257,2.549999952316284,2.4800000190734863,2.5350000858306885,9705,0.0,0.0
2023-05-23 11:30:00-04:00,2.5299999713897705,2.549999952316284,2.509999990463257,2.509999990463257,4293,0.0,0.0
2023-05-23 12:30:00-04:00,2.490000009536743,2.509999990463257,2.4600000381469727,2.4600000381469727,5492,0.0,0.0
2023-05-23 13:30:00-04:00,2.4649999141693115,2.4649999141693115,2.3835999965667725,2.3835999965667725,22867,0.0,0.0
2023-05-23 14:30:00-04:00,2.390000104904175,2.4100000858306885,2.380000114440918,2.4000000953674316,4722,0.0,0.0
2023-05-23 15:30:00-04:00,2.440000057220459,2.440000057220459,2.369999885559082,2.369999885559082,2633,0.0,0.0
2023-05-24 09:30:00-04:00,2.3499999046325684,2.440000057220459,2.309999942779541,2.380000114440918,10997,0.0,0.0
2023-05-24 10:30:00-04:00,2.3399999141693115,2.349900007247925,2.309999942779541,2.3399999141693115,8343,0.0,0.0
2023-05-24 11:30:00-04:00,2.3399999141693115,2.359999895095825,2.3299999237060547,2.3299999237060547,780,0.0,0.0
2023-05-24 12:30:00-04:00,2.3299999237060547,2.335400104522705,2.2899999618530273,2.335400104522705,19243,0.0,0.0
2023-05-24 13:30:00-04:00,2.329900026321411,2.378999948501587,2.319999933242798,2.378999948501587,16056,0.0,0.0
2023-05-24 14:30:00-04:00,2.359999895095825,2.359999895095825,2.359999895095825,2.359999895095825,2515,0.0,0.0
2023-05-24 15:30:00-04:00,2.340100049972534,2.3550000190734863,2.319999933242798,2.319999933242798,7804,0.0,0.0
2023-05-25 09:30:00-04:00,2.369999885559082,2.450000047683716,2.3601999282836914,2.4149999618530273,5393,0.0,0.0
2023-05-25 10:30:00-04:00,2.4149999618530273,2.430000066757202,2.4049999713897705,2.4049999713897705,811,0.0,0.0
2023-05-25 11:30:00-04:00,2.4000000953674316,2.4000000953674316,2.240000009536743,2.309999942779541,33085,0.0,0.0
2023-05-25 12:30:00-04:00,2.29830002784729,2.449899911880493,2.2850000858306885,2.369999885559082,12282,0.0,0.0
2023-05-25 13:30:00-04:00,2.3598999977111816,2.3598999977111816,2.276700019836426,2.309799909591675,14897,0.0,0.0
2023-05-25 14:30:00-04:00,2.350100040435791,2.350100040435791,2.3399999141693115,2.3399999141693115,4006,0.0,0.0
2023-05-25 15:30:00-04:00,2.319999933242798,2.3489999771118164,2.2799999713897705,2.2799999713897705,5135,0.0,0.0
2023-05-26 09:30:00-04:00,2.2799999713897705,2.3796000480651855,2.2799999713897705,2.3450000286102295,14684,0.0,0.0
2023-05-26 10:30:00-04:00,2.311800003051758,2.3499999046325684,2.3101000785827637,2.3499999046325684,0,0.0,0.0
2023-05-26 11:30:00-04:00,2.359999895095825,2.3661000728607178,2.359999895095825,2.3661000728607178,23196,0.0,0.0
2023-05-26 12:30:00-04:00,2.369999885559082,2.390000104904175,2.359999895095825,2.369999885559082,9161,0.0,0.0
2023-05-26 13:30:00-04:00,2.390000104904175,2.4100000858306885,2.340100049972534,2.340100049972534,8949,0.0,0.0
2023-05-26 14:30:00-04:00,2.3299999237060547,2.4100000858306885,2.3299999237060547,2.390000104904175,23417,0.0,0.0
2023-05-26 15:30:00-04:00,2.4000000953674316,2.4200000762939453,2.359999895095825,2.4100000858306885,3749,0.0,0.0
2023-05-30 09:30:00-04:00,2.4100000858306885,2.4100000858306885,2.4100000858306885,2.4100000858306885,1687,0.0,0.0
2023-05-30 10:30:00-04:00,2.4000000953674316,2.4200000762939453,2.4000000953674316,2.4100000858306885,2353,0.0,0.0
2023-05-30 11:30:00-04:00,2.4200000762939453,2.5250000953674316,2.4100000858306885,2.458899974822998,12104,0.0,0.0
2023-05-30 12:30:00-04:00,2.490000009536743,2.490000009536743,2.4100000858306885,2.410099983215332,7519,0.0,0.0
2023-05-30 14:30:00-04:00,2.440000057220459,2.440000057220459,2.430000066757202,2.430000066757202,703,0.0,0.0
2023-05-30 15:30:00-04:00,2.430000066757202,2.4600000381469727,2.4100000858306885,2.4100000858306885,8871,0.0,0.0
2023-05-31 09:30:00-04:00,2.3499999046325684,2.399899959564209,2.309999942779541,2.399899959564209,0,0.0,0.0
2023-05-31 10:30:00-04:00,2.3499999046325684,2.3984999656677246,2.3499999046325684,2.3984999656677246,1295,0.0,0.0
2023-05-31 11:30:00-04:00,2.3499999046325684,2.3499999046325684,2.319999933242798,2.319999933242798,1072,0.0,0.0
2023-05-31 12:30:00-04:00,2.3239998817443848,2.3239998817443848,2.2799999713897705,2.319999933242798,1582,0.0,0.0
2023-05-31 13:30:00-04:00,2.319999933242798,2.3299999237060547,2.288599967956543,2.3299999237060547,17895,0.0,0.0
2023-05-31 15:30:00-04:00,2.319999933242798,2.3399999141693115,2.309999942779541,2.309999942779541,3012,0.0,0.0
2023-06-01 09:30:00-04:00,2.380000114440918,2.392199993133545,2.309999942779541,2.309999942779541,15361,0.0,0.0
2023-06-01 10:30:00-04:00,2.3153998851776123,2.399899959564209,2.299999952316284,2.299999952316284,14003,0.0,0.0
2023-06-01 11:30:00-04:00,2.309999942779541,2.4000000953674316,2.309999942779541,2.369999885559082,15398,0.0,0.0
2023-06-01 12:30:00-04:00,2.396899938583374,2.4000000953674316,2.3598999977111816,2.3598999977111816,4977,0.0,0.0
2023-06-01 13:30:00-04:00,2.367799997329712,2.4000000953674316,2.3399999141693115,2.390000104904175,15834,0.0,0.0
2023-06-01 14:30:00-04:00,2.380000114440918,2.380000114440918,2.380000114440918,2.380000114440918,183,0.0,0.0
2023-06-01 15:30:00-04:00,2.3801000118255615,2.390000104904175,2.359999895095825,2.390000104904175,8236,0.0,0.0
2023-06-02 09:30:00-04:00,2.388000011444092,2.390000104904175,2.3526999950408936,2.389899969100952,10677,0.0,0.0
2023-06-02 10:30:00-04:00,2.369999885559082,2.369999885559082,2.353300094604492,2.353300094604492,788,0.0,0.0
2023-06-02 11:30:00-04:00,2.3649001121520996,2.4000000953674316,2.3649001121520996,2.4000000953674316,4427,0.0,0.0
2023-06-02 12:30:00-04:00,2.3701000213623047,2.447499990463257,2.3701000213623047,2.447499990463257,1297,0.0,0.0
2023-06-02 13:30:00-04:00,2.4200000762939453,2.4328999519348145,2.390500068664551,2.400099992752075,2303,0.0,0.0
2023-06-02 14:30:00-04:00,2.4200000762939453,2.450000047683716,2.4200000762939453,2.450000047683716,4272,0.0,0.0
2023-06-02 15:30:00-04:00,2.4354000091552734,2.444999933242798,2.4100000858306885,2.4200000762939453,3565,0.0,0.0
2023-06-05 09:30:00-04:00,2.490000009536743,2.490000009536743,2.430000066757202,2.4600000381469727,6343,0.0,0.0
2023-06-05 10:30:00-04:00,2.4800000190734863,2.4800000190734863,2.4000000953674316,2.4414000511169434,4610,0.0,0.0
2023-06-05 11:30:00-04:00,2.4274001121520996,2.4274001121520996,2.4012999534606934,2.4100000858306885,3631,0.0,0.0
2023-06-05 13:30:00-04:00,2.440000057220459,2.4600000381469727,2.4200000762939453,2.4600000381469727,4840,0.0,0.0
2023-06-05 14:30:00-04:00,2.4100000858306885,2.4100000858306885,2.3499999046325684,2.3499999046325684,6848,0.0,0.0
2023-06-05 15:30:00-04:00,2.4049999713897705,2.45989990234375,2.380000114440918,2.4000000953674316,5757,0.0,0.0
2023-06-06 09:30:00-04:00,2.369999885559082,2.5269999504089355,2.369999885559082,2.5114998817443848,27772,0.0,0.0
2023-06-06 10:30:00-04:00,2.5000998973846436,2.500699996948242,2.4860000610351562,2.4860000610351562,4231,0.0,0.0
2023-06-06 11:30:00-04:00,2.4400999546051025,2.5833001136779785,2.440000057220459,2.5833001136779785,24224,0.0,0.0
2023-06-06 12:30:00-04:00,2.569999933242798,2.5799999237060547,2.5399999618530273,2.549999952316284,11670,0.0,0.0
2023-06-06 13:30:00-04:00,2.555000066757202,2.5899999141693115,2.5299999713897705,2.588900089263916,2886,0.0,0.0
2023-06-06 14:30:00-04:00,2.5517001152038574,2.5517001152038574,2.5181000232696533,2.5181000232696533,1262,0.0,0.0
2023-06-06 15:30:00-04:00,2.5199999809265137,2.5599000453948975,2.490000009536743,2.490000009536743,0,0.0,0.0
2023-06-07 09:30:00-04:00,2.5299999713897705,2.5299999713897705,2.4874000549316406,2.4874000549316406,4539,0.0,0.0
2023-06-07 10:30:00-04:00,2.4860000610351562,2.569999933242798,2.4860000610351562,2.5299999713897705,18442,0.0,0.0
2023-06-07 11:30:00-04:00,2.5299999713897705,2.5799999237060547,2.5299999713897705,2.530100107192993,4657,0.0,0.0
2023-06-07 12:30:00-04:00,2.5299999713897705,2.5299999713897705,2.509999990463257,2.509999990463257,4251,0.0,0.0
2023-06-07 13:30:00-04:00,2.5190000534057617,2.565000057220459,2.5190000534057617,2.5597000122070312,5701,0.0,0.0
2023-06-07 14:30:00-04:00,2.578200101852417,2.589900016784668,2.5299999713897705,2.533900022506714,8189,0.0,0.0
2023-06-07 15:30:00-04:00,2.573899984359741,2.573899984359741,2.5399999618530273,2.5399999618530273,0,0.0,0.0
2023-06-08 09:30:00-04:00,2.619999885559082,2.690000057220459,2.5299999713897705,2.5299999713897705,8008,0.0,0.0
2023-06-08 10:30:00-04:00,2.539900064468384,2.5399999618530273,2.5299999713897705,2.5299999713897705,3273,0.0,0.0
2023-06-08 11:30:00-04:00,2.5592000484466553,2.619999885559082,2.4600000381469727,2.619999885559082,33597,0.0,0.0
2023-06-08 12:30:00-04:00,2.616499900817871,2.630000114440918,2.615000009536743,2.615000009536743,3933,0.0,0.0
2023-06-08 13:30:00-04:00,2.6298999786376953,2.759000062942505,2.600100040435791,2.690000057220459,24270,0.0,0.0
2023-06-08 14:30:00-04:00,2.684999942779541,2.684999942779541,2.640000104904175,2.6517999172210693,10212,0.0,0.0
2023-06-08 15:30:00-04:00,2.66510009765625,2.66510009765625,2.609999895095825,2.630000114440918,8740,0.0,0.0
2023-06-09 09:30:00-04:00,2.6700000762939453,2.6700000762939453,2.5999999046325684,2.5999999046325684,7709,0.0,0.0
2023-06-09 10:30:00-04:00,2.5999999046325684,2.5999999046325684,2.559999942779541,2.559999942779541,4041,0.0,0.0
2023-06-09 11:30:00-04:00,2.549999952316284,2.5799999237060547,2.549999952316284,2.5799999237060547,208,0.0,0.0
2023-06-09 12:30:00-04:00,2.585200071334839,2.585200071334839,2.585200071334839,2.585200071334839,165,0.0,0.0
2023-06-09 13:30:00-04:00,2.5999999046325684,2.5999999046325684,2.5899999141693115,2.5899999141693115,796,0.0,0.0
2023-06-09 14:30:00-04:00,2.559999942779541,2.559999942779541,2.559999942779541,2.559999942779541,399,0.0,0.0
2023-06-09 15:30:00-04:00,2.559999942779541,2.559999942779541,2.549999952316284,2.559999942779541,1177,0.0,0.0
2023-06-12 09:30:00-04:00,2.549999952316284,2.609999895095825,2.5299999713897705,2.5299999713897705,0,0.0,0.0
2023-06-12 10:30:00-04:00,2.546299934387207,2.5799999237060547,2.546299934387207,2.579900026321411,1949,0.0,0.0
2023-06-12 11:30:00-04:00,2.5653998851776123,2.5653998851776123,2.559999942779541,2.559999942779541,345,0.0,0.0
2023-06-12 12:30:00-04:00,2.5450000762939453,2.549999952316284,2.5450000762939453,2.549999952316284,1889,0.0,0.0
2023-06-12 13:30:00-04:00,2.549999952316284,2.549999952316284,2.5199999809265137,2.5199999809265137,0,0.0,0.0
2023-06-12 14:30:00-04:00,2.5100998878479004,2.5100998878479004,2.5,2.5,16076,0.0,0.0
2023-06-12 15:30:00-04:00,2.5,2.5,2.354300022125244,2.450000047683716,15530,0.0,0.0
2023-06-13 09:30:00-04:00,2.4000000953674316,2.4800000190734863,2.3299999237060547,2.3738999366760254,13624,0.0,0.0
2023-06-13 10:30:00-04:00,2.431299924850464,2.490000009536743,2.431299924850464,2.490000009536743,3156,0.0,0.0
2023-06-13 12:30:00-04:00,2.4200000762939453,2.4200000762939453,2.4100000858306885,2.4200000762939453,1905,0.0,0.0
2023-06-13 13:30:00-04:00,2.430000066757202,2.444999933242798,2.424999952316284,2.444999933242798,1517,0.0,0.0
2023-06-13 14:30:00-04:00,2.4700000286102295,2.4700000286102295,2.4700000286102295,2.4700000286102295,210,0.0,0.0
2023-06-13 15:30:00-04:00,2.4600000381469727,2.4600000381469727,2.430000066757202,2.430000066757202,3047,0.0,0.0
2023-06-14 09:30:00-04:00,2.4700000286102295,2.549999952316284,2.4700000286102295,2.549999952316284,5896,0.0,0.0
2023-06-14 10:30:00-04:00,2.4619998931884766,2.4700000286102295,2.4326999187469482,2.452699899673462,2304,0.0,0.0
2023-06-14 11:30:00-04:00,2.490000009536743,2.490000009536743,2.4600000381469727,2.490000009536743,3875,0.0,0.0
2023-06-14 12:30:00-04:00,2.4800000190734863,2.481800079345703,2.4767000675201416,2.481800079345703,1252,0.0,0.0
2023-06-14 13:30:00-04:00,2.484999895095825,2.619999885559082,2.4700000286102295,2.4727001190185547,35178,0.0,0.0
2023-06-14 14:30:00-04:00,2.4809999465942383,2.4809999465942383,2.4809999465942383,2.4809999465942383,530,0.0,0.0
2023-06-14 15:30:00-04:00,2.5,2.509999990463257,2.5,2.5,1165,0.0,0.0
2023-06-15 09:30:00-04:00,2.430000066757202,2.680000066757202,2.430000066757202,2.5,66238,0.0,0.0
2023-06-15 10:30:00-04:00,2.549999952316284,2.6328999996185303,2.524899959564209,2.5999999046325684,50453,0.0,0.0
2023-06-15 11:30:00-04:00,2.5899999141693115,2.599900007247925,2.559999942779541,2.5880000591278076,12442,0.0,0.0
2023-06-15 12:30:00-04:00,2.559999942779541,2.5755999088287354,2.5299999713897705,2.5755999088287354,18393,0.0,0.0
2023-06-15 13:30:00-04:00,2.555000066757202,2.5599000453948975,2.549999952316284,2.549999952316284,2055,0.0,0.0
2023-06-15 14:30:00-04:00,2.549999952316284,2.579900026321411,2.5199999809265137,2.549999952316284,11370,0.0,0.0
2023-06-15 15:30:00-04:00,2.5199999809265137,2.5996999740600586,2.509999990463257,2.5996999740600586,12234,0.0,0.0
2023-06-16 09:30:00-04:00,2.6500000953674316,2.6691999435424805,2.509999990463257,2.5171000957489014,22710,0.0,0.0
2023-06-16 10:30:00-04:00,2.530100107192993,2.555000066757202,2.5250000953674316,2.555000066757202,6997,0.0,0.0
2023-06-16 11:30:00-04:00,2.555000066757202,2.569999933242798,2.5,2.5155999660491943,27458,0.0,0.0
2023-06-16 12:30:00-04:00,2.5199999809265137,2.5199999809265137,2.5,2.517899990081787,4132,0.0,0.0
2023-06-16 13:30:00-04:00,2.5199999809265137,2.5199999809265137,2.5199999809265137,2.5199999809265137,121,0.0,0.0
2023-06-16 14:30:00-04:00,2.5299999713897705,2.630000114440918,2.5299999713897705,2.609999895095825,8680,0.0,0.0
2023-06-16 15:30:00-04:00,2.5799999237060547,2.6500000953674316,2.569499969482422,2.640000104904175,12158,0.0,0.0
2023-06-20 09:30:00-04:00,2.5899999141693115,2.6298999786376953,2.5399999618530273,2.5399999618530273,6202,0.0,0.0
2023-06-20 10:30:00-04:00,2.569999933242798,2.7200000286102295,2.569999933242798,2.6224000453948975,9712,0.0,0.0
2023-06-20 11:30:00-04:00,2.690000057220459,2.690000057220459,2.690000057220459,2.690000057220459,301,0.0,0.0
2023-06-20 12:30:00-04:00,2.690000057220459,2.690000057220459,2.609999895095825,2.6500000953674316,16201,0.0,0.0
2023-06-20 13:30:00-04:00,2.6449999809265137,2.6700000762939453,2.5799999237060547,2.609999895095825,2950,0.0,0.0
2023-06-20 14:30:00-04:00,2.5999999046325684,2.6050000190734863,2.569999933242798,2.5801000595092773,10444,0.0,0.0
2023-06-20 15:30:00-04:00,2.619999885559082,2.640000104904175,2.549999952316284,2.569999933242798,15838,0.0,0.0
2023-06-21 09:30:00-04:00,2.6723999977111816,2.6723999977111816,2.509999990463257,2.5199999809265137,13802,0.0,0.0
2023-06-21 10:30:00-04:00,2.5199999809265137,2.5388998985290527,2.5,2.5,2383,0.0,0.0
2023-06-21 11:30:00-04:00,2.5,2.5399999618530273,2.5,2.509000062942505,1297,0.0,0.0
2023-06-21 12:30:00-04:00,2.5199999809265137,2.5244998931884766,2.5,2.5244998931884766,2044,0.0,0.0
2023-06-21 13:30:00-04:00,2.5246999263763428,2.5246999263763428,2.5,2.521199941635132,4591,0.0,0.0
2023-06-21 14:30:00-04:00,2.4700000286102295,2.4749999046325684,2.440000057220459,2.4749999046325684,2576,0.0,0.0
2023-06-21 15:30:00-04:00,2.4700000286102295,2.4700000286102295,2.4600000381469727,2.4600000381469727,0,0.0,0.0
2023-06-22 09:30:00-04:00,2.4860000610351562,2.4964001178741455,2.4697000980377197,2.4697000980377197,5464,0.0,0.0
2023-06-22 10:30:00-04:00,2.4700000286102295,2.4700000286102295,2.369999885559082,2.450000047683716,11394,0.0,0.0
2023-06-22 11:30:00-04:00,2.446500062942505,2.4700000286102295,2.430000066757202,2.4700000286102295,15365,0.0,0.0
2023-06-22 12:30:00-04:00,2.4402999877929688,2.4600000381469727,2.4402999877929688,2.4600000381469727,1075,0.0,0.0
2023-06-22 13:30:00-04:00,2.4600000381469727,2.4800000190734863,2.4535999298095703,2.4535999298095703,2152,0.0,0.0
2023-06-22 14:30:00-04:00,2.4899001121520996,2.490000009536743,2.4800000190734863,2.490000009536743,5477,0.0,0.0
2023-06-22 15:30:00-04:00,2.4600000381469727,2.4820001125335693,2.440000057220459,2.440000057220459,0,0.0,0.0
2023-06-23 09:30:00-04:00,2.440000057220459,2.575000047683716,2.4000000953674316,2.404099941253662,20049,0.0,0.0
2023-06-23 10:30:00-04:00,2.444999933242798,2.4700000286102295,2.4100000858306885,2.4700000286102295,8656,0.0,0.0
2023-06-23 11:30:00-04:00,2.4600000381469727,2.4600000381469727,2.369999885559082,2.4200000762939453,13760,0.0,0.0
2023-06-23 12:30:00-04:00,2.410099983215332,2.450000047683716,2.410099983215332,2.440000057220459,4241,0.0,0.0
2023-06-23 13:30:00-04:00,2.4433000087738037,2.4649999141693115,2.420099973678589,2.4649999141693115,8088,0.0,0.0
2023-06-23 14:30:00-04:00,2.4749999046325684,2.4749999046325684,2.450000047683716,2.450000047683716,720,0.0,0.0
2023-06-23 15:30:00-04:00,2.4600000381469727,2.5,2.450000047683716,2.5,4772,0.0,0.0
2023-06-26 09:30:00-04:00,2.509999990463257,2.509999990463257,2.4200000762939453,2.4200000762939453,0,0.0,0.0
2023-06-26 10:30:00-04:00,2.450000047683716,2.5,2.450000047683716,2.4700000286102295,3676,0.0,0.0
2023-06-26 11:30:00-04:00,2.5,2.5,2.490000009536743,2.490000009536743,1046,0.0,0.0
2023-06-26 12:30:00-04:00,2.490000009536743,2.490000009536743,2.4700000286102295,2.4700000286102295,3002,0.0,0.0
2023-06-26 13:30:00-04:00,2.444999933242798,2.4600000381469727,2.440000057220459,2.444999933242798,5647,0.0,0.0
2023-06-26 14:30:00-04:00,2.444999933242798,2.45989990234375,2.430000066757202,2.444999933242798,5213,0.0,0.0
2023-06-26 15:30:00-04:00,2.444999933242798,2.4600000381469727,2.4149999618530273,2.4149999618530273,0,0.0,0.0
2023-06-27 09:30:00-04:00,2.4082999229431152,2.4149999618530273,2.359999895095825,2.369999885559082,17203,0.0,0.0
2023-06-27 10:30:00-04:00,2.359999895095825,2.380000114440918,2.359999895095825,2.3798999786376953,1691,0.0,0.0
2023-06-27 11:30:00-04:00,2.380000114440918,2.397200107574463,2.369999885559082,2.390000104904175,2790,0.0,0.0
2023-06-27 12:30:00-04:00,2.400099992752075,2.440000057220459,2.400099992752075,2.440000057220459,818,0.0,0.0
2023-06-27 14:30:00-04:00,2.509999990463257,2.509999990463257,2.509999990463257,2.509999990463257,110,0.0,0.0
2023-06-27 15:30:00-04:00,2.444999933242798,2.4700000286102295,2.444999933242798,2.450000047683716,830,0.0,0.0
2023-06-28 09:30:00-04:00,2.450000047683716,2.450000047683716,2.4100000858306885,2.450000047683716,0,0.0,0.0
2023-06-28 10:30:00-04:00,2.450000047683716,2.450000047683716,2.4102001190185547,2.422600030899048,770,0.0,0.0
2023-06-28 11:30:00-04:00,2.4154999256134033,2.450000047683716,2.4154999256134033,2.430000066757202,16040,0.0,0.0
2023-06-28 12:30:00-04:00,2.4100000858306885,2.424999952316284,2.390000104904175,2.390000104904175,799,0.0,0.0
2023-06-28 13:30:00-04:00,2.359999895095825,2.3949999809265137,2.359999895095825,2.380000114440918,5841,0.0,0.0
2023-06-28 14:30:00-04:00,2.3801000118255615,2.3949999809265137,2.380000114440918,2.380000114440918,1234,0.0,0.0
2023-06-28 15:30:00-04:00,2.3935000896453857,2.403599977493286,2.359999895095825,2.380000114440918,6671,0.0,0.0
2023-06-29 09:30:00-04:00,2.369999885559082,2.450000047683716,2.3499999046325684,2.3945000171661377,7306,0.0,0.0
2023-06-29 11:30:00-04:00,2.3701000213623047,2.390000104904175,2.3499999046325684,2.359999895095825,5694,0.0,0.0
2023-06-29 12:30:00-04:00,2.369999885559082,2.369999885559082,2.369999885559082,2.369999885559082,107,0.0,0.0
2023-06-29 13:30:00-04:00,2.359999895095825,2.3949999809265137,2.29010009765625,2.3099000453948975,12357,0.0,0.0
2023-06-29 14:30:00-04:00,2.3299999237060547,2.3499999046325684,2.300100088119507,2.309999942779541,6124,0.0,0.0
2023-06-29 15:30:00-04:00,2.309999942779541,2.315000057220459,2.299999952316284,2.315000057220459,2356,0.0,0.0
2023-06-30 09:30:00-04:00,2.309999942779541,2.340399980545044,2.2699999809265137,2.2939999103546143,18889,0.0,0.0
2023-06-30 10:30:00-04:00,2.2899999618530273,2.3101000785827637,2.2799999713897705,2.3101000785827637,5559,0.0,0.0
2023-06-30 11:30:00-04:00,2.339900016784668,2.339900016784668,2.325000047683716,2.325000047683716,1014,0.0,0.0
2023-06-30 12:30:00-04:00,2.319999933242798,2.3299999237060547,2.2950000762939453,2.299999952316284,9423,0.0,0.0
2023-06-30 13:30:00-04:00,2.317699909210205,2.317699909210205,2.317699909210205,2.317699909210205,100,0.0,0.0
2023-06-30 14:30:00-04:00,2.325900077819824,2.325900077819824,2.315000057220459,2.315000057220459,776,0.0,0.0
2023-06-30 15:30:00-04:00,2.3129000663757324,2.319999933242798,2.2799999713897705,2.299999952316284,27211,0.0,0.0
2023-07-03 09:30:00-04:00,2.2899999618530273,2.680000066757202,2.2899999618530273,2.4000000953674316,0,0.0,0.0
2023-07-03 10:30:00-04:00,2.369999885559082,2.369999885559082,2.369999885559082,2.369999885559082,414,0.0,0.0
2023-07-03 12:30:00-04:00,2.3450000286102295,2.359999895095825,2.3299999237060547,2.359999895095825,1468,0.0,0.0
2023-07-05 09:30:00-04:00,2.319999933242798,2.3299999237060547,2.309999942779541,2.3299999237060547,978,0.0,0.0
2023-07-05 10:30:00-04:00,2.350100040435791,2.359999895095825,2.350100040435791,2.359999895095825,1137,0.0,0.0
2023-07-05 11:30:00-04:00,2.359999895095825,2.359999895095825,2.3108999729156494,2.3164000511169434,2977,0.0,0.0
2023-07-05 12:30:00-04:00,2.319999933242798,2.319999933242798,2.309999942779541,2.309999942779541,1225,0.0,0.0
2023-07-05 14:30:00-04:00,2.3499999046325684,2.3499999046325684,2.319999933242798,2.328700065612793,584,0.0,0.0
2023-07-05 15:30:00-04:00,2.325000047683716,2.3399999141693115,2.299999952316284,2.3399999141693115,3802,0.0,0.0
2023-07-06 09:30:00-04:00,2.299999952316284,2.309999942779541,2.2799999713897705,2.2799999713897705,0,0.0,0.0
2023-07-06 10:30:00-04:00,2.2899999618530273,2.29010009765625,2.2899999618530273,2.2899999618530273,6677,0.0,0.0
2023-07-06 11:30:00-04:00,2.2985999584198,2.319999933242798,2.2899999618530273,2.299999952316284,2022,0.0,0.0
2023-07-06 12:30:00-04:00,2.305000066757202,2.305000066757202,2.2799999713897705,2.2799999713897705,1762,0.0,0.0
2023-07-06 13:30:00-04:00,2.319999933242798,2.319999933242798,2.280100107192993,2.280100107192993,2224,0.0,0.0
2023-07-06 14:30:00-04:00,2.2950000762939453,2.2950000762939453,2.2950000762939453,2.2950000762939453,905,0.0,0.0
2023-07-06 15:30:00-04:00,2.2799999713897705,2.2799999713897705,2.2799999713897705,2.2799999713897705,400,0.0,0.0
2023-07-07 09:30:00-04:00,2.2799999713897705,2.369999885559082,2.2799999713897705,2.3101000785827637,0,0.0,0.0
2023-07-07 10:30:00-04:00,2.315000057220459,2.315000057220459,2.2699999809265137,2.2699999809265137,3608,0.0,0.0
2023-07-07 11:30:00-04:00,2.259999990463257,2.289900064468384,2.259999990463257,2.289900064468384,3730,0.0,0.0
2023-07-07 12:30:00-04:00,2.2850000858306885,2.2850000858306885,2.25,2.2701001167297363,6707,0.0,0.0
2023-07-07 13:30:00-04:00,2.2781999111175537,2.279900074005127,2.2699999809265137,2.2795000076293945,2793,0.0,0.0
2023-07-07 14:30:00-04:00,2.2699999809265137,2.2950000762939453,2.25,2.2950000762939453,11744,0.0,0.0
2023-07-07 15:30:00-04:00,2.2899999618530273,2.2987000942230225,2.25,2.25,7444,0.0,0.0
2023-07-10 09:30:00-04:00,2.2699999809265137,2.3299999237060547,2.2699999809265137,2.309999942779541,3884,0.0,0.0
2023-07-10 10:30:00-04:00,2.299999952316284,2.299999952316284,2.299999952316284,2.299999952316284,260,0.0,0.0
2023-07-10 12:30:00-04:00,2.299999952316284,2.309999942779541,2.299999952316284,2.307300090789795,827,0.0,0.0
2023-07-10 13:30:00-04:00,2.299999952316284,2.299999952316284,2.259999990463257,2.287600040435791,3743,0.0,0.0
2023-07-10 14:30:00-04:00,2.2890000343322754,2.2950000762939453,2.2799999713897705,2.2799999713897705,4995,0.0,0.0
2023-07-10 15:30:00-04:00,2.2850000858306885,2.2850000858306885,2.2850000858306885,2.2850000858306885,104,0.0,0.0
2023-07-11 09:30:00-04:00,2.25,2.3255999088287354,2.25,2.2899999618530273,2568,0.0,0.0
2023-07-11 10:30:00-04:00,2.2799999713897705,2.2878000736236572,2.2799999713897705,2.2878000736236572,1632,0.0,0.0
2023-07-11 11:30:00-04:00,2.289900064468384,2.305000066757202,2.2850000858306885,2.305000066757202,2020,0.0,0.0
2023-07-11 12:30:00-04:00,2.305000066757202,2.305000066757202,2.305000066757202,2.305000066757202,171,0.0,0.0
2023-07-11 13:30:00-04:00,2.300100088119507,2.300100088119507,2.2899999618530273,2.299999952316284,4449,0.0,0.0
2023-07-11 14:30:00-04:00,2.299999952316284,2.309999942779541,2.299999952316284,2.3057000637054443,1895,0.0,0.0
2023-07-11 15:30:00-04:00,2.309999942779541,2.315500020980835,2.2799999713897705,2.299999952316284,8673,0.0,0.0
2023-07-12 09:30:00-04:00,2.2699999809265137,2.3299999237060547,2.259999990463257,2.2899999618530273,14753,0.0,0.0
2023-07-12 10:30:00-04:00,2.329900026321411,2.329900026321411,2.329900026321411,2.329900026321411,4514,0.0,0.0
2023-07-12 11:30:00-04:00,2.2827999591827393,2.2827999591827393,2.2799999713897705,2.2799999713897705,2234,0.0,0.0
2023-07-12 12:30:00-04:00,2.2899999618530273,2.29010009765625,2.2850000858306885,2.2850000858306885,1502,0.0,0.0
2023-07-12 13:30:00-04:00,2.287100076675415,2.299999952316284,2.280100107192993,2.299999952316284,15969,0.0,0.0
2023-07-12 14:30:00-04:00,2.2799999713897705,2.299999952316284,2.2799999713897705,2.2892000675201416,5397,0.0,0.0
2023-07-12 15:30:00-04:00,2.2899999618530273,2.319999933242798,2.2799999713897705,2.309999942779541,4432,0.0,0.0
2023-07-13 09:30:00-04:00,2.2799999713897705,2.430000066757202,2.2799999713897705,2.3401999473571777,0,0.0,0.0
2023-07-13 10:30:00-04:00,2.359999895095825,2.3798999786376953,2.359999895095825,2.359999895095825,12976,0.0,0.0
2023-07-13 11:30:00-04:00,2.368299961090088,2.368299961090088,2.3499999046325684,2.3499999046325684,1413,0.0,0.0
2023-07-13 12:30:00-04:00,2.3687000274658203,2.390000104904175,2.3687000274658203,2.390000104904175,543,0.0,0.0
2023-07-13 13:30:00-04:00,2.4000000953674316,2.430000066757202,2.3996999263763428,2.430000066757202,1392,0.0,0.0
2023-07-13 14:30:00-04:00,2.4070000648498535,2.4100000858306885,2.359999895095825,2.4000000953674316,10150,0.0,0.0
2023-07-13 15:30:00-04:00,2.4049999713897705,2.4100000858306885,2.390000104904175,2.4100000858306885,1452,0.0,0.0
2023-07-14 09:30:00-04:00,2.4200000762939453,2.4200000762939453,2.4200000762939453,2.4200000762939453,368,0.0,0.0
2023-07-14 10:30:00-04:00,2.359999895095825,2.375,2.359999895095825,2.375,1326,0.0,0.0
2023-07-14 11:30:00-04:00,2.4000000953674316,2.4600000381469727,2.4000000953674316,2.4590001106262207,8132,0.0,0.0
2023-07-14 12:30:00-04:00,2.4602999687194824,2.4700000286102295,2.4600000381469727,2.4700000286102295,1707,0.0,0.0
2023-07-14 13:30:00-04:00,2.460099935531616,2.460099935531616,2.460099935531616,2.460099935531616,2089,0.0,0.0
2023-07-14 14:30:00-04:00,2.4000000953674316,2.4100000858306885,2.369999885559082,2.369999885559082,5864,0.0,0.0
2023-07-14 15:30:00-04:00,2.387200117111206,2.4298999309539795,2.387200117111206,2.4298999309539795,5971,0.0,0.0
2023-07-17 09:30:00-04:00,2.369999885559082,2.375,2.3399999141693115,2.3499999046325684,0,0.0,0.0
2023-07-17 11:30:00-04:00,2.359999895095825,2.4049999713897705,2.3598999977111816,2.390000104904175,2270,0.0,0.0
2023-07-17 13:30:00-04:00,2.389899969100952,2.389899969100952,2.327699899673462,2.327699899673462,530,0.0,0.0
2023-07-17 14:30:00-04:00,2.369999885559082,2.369999885559082,2.369999885559082,2.369999885559082,211,0.0,0.0
2023-07-17 15:30:00-04:00,2.3989999294281006,2.3989999294281006,2.3989999294281006,2.3989999294281006,0,0.0,0.0
2023-07-18 09:30:00-04:00,2.369999885559082,2.4351999759674072,2.369999885559082,2.4351999759674072,246,0.0,0.0
2023-07-18 10:30:00-04:00,2.4291000366210938,2.4291000366210938,2.3399999141693115,2.390000104904175,1191,0.0,0.0
2023-07-18 11:30:00-04:00,2.3938000202178955,2.4398999214172363,2.390000104904175,2.4398999214172363,3673,0.0,0.0
2023-07-18 13:30:00-04:00,2.424999952316284,2.424999952316284,2.4100000858306885,2.410099983215332,2105,0.0,0.0
2023-07-18 14:30:00-04:00,2.4010000228881836,2.4010000228881836,2.390000104904175,2.390000104904175,2172,0.0,0.0
2023-07-18 15:30:00-04:00,2.390000104904175,2.390000104904175,2.3499999046325684,2.3499999046325684,3438,0.0,0.0
2023-07-19 09:30:00-04:00,2.390000104904175,2.440000057220459,2.380000114440918,2.380000114440918,2541,0.0,0.0
2023-07-19 10:30:00-04:00,2.380000114440918,2.4149999618530273,2.380000114440918,2.4017999172210693,1461,0.0,0.0
2023-07-19 12:30:00-04:00,2.4000000953674316,2.4000000953674316,2.380000114440918,2.4000000953674316,2688,0.0,0.0
2023-07-19 14:30:00-04:00,2.4049999713897705,2.4100000858306885,2.2899999618530273,2.3499999046325684,25599,0.0,0.0
2023-07-19 15:30:00-04:00,2.3499999046325684,2.359999895095825,2.299999952316284,2.299999952316284,0,0.0,0.0
2023-07-20 09:30:00-04:00,2.3499999046325684,2.3499999046325684,2.3373000621795654,2.3499999046325684,5193,0.0,0.0
2023-07-20 10:30:00-04:00,2.3499999046325684,2.3499999046325684,2.319999933242798,2.319999933242798,2207,0.0,0.0
2023-07-20 12:30:00-04:00,2.351099967956543,2.369999885559082,2.3499999046325684,2.36899995803833,2504,0.0,0.0
2023-07-20 13:30:00-04:00,2.3399999141693115,2.3450000286102295,2.3299999237060547,2.3301000595092773,3391,0.0,0.0
2023-07-20 14:30:00-04:00,2.299999952316284,2.3199000358581543,2.299999952316284,2.3199000358581543,9629,0.0,0.0
2023-07-20 15:30:00-04:00,2.299999952316284,2.3299999237060547,2.299999952316284,2.3299999237060547,0,0.0,0.0
2023-07-21 09:30:00-04:00,2.3499999046325684,2.3499999046325684,2.309999942779541,2.3487000465393066,3220,0.0,0.0
2023-07-21 10:30:00-04:00,2.319999933242798,2.3450000286102295,2.300100088119507,2.3350000381469727,4866,0.0,0.0
2023-07-21 12:30:00-04:00,2.30049991607666,2.3199000358581543,2.2899999618530273,2.3199000358581543,2182,0.0,0.0
2023-07-21 13:30:00-04:00,2.2799999713897705,2.299999952316284,2.274600028991699,2.299999952316284,2535,0.0,0.0
2023-07-21 14:30:00-04:00,2.2799999713897705,2.299999952316284,2.2799999713897705,2.299999952316284,983,0.0,0.0
2023-07-21 15:30:00-04:00,2.2699999809265137,2.2699999809265137,2.259999990463257,2.259999990463257,1424,0.0,0.0
2023-07-24 09:30:00-04:00,2.25,2.339900016784668,2.25,2.2799999713897705,2465,0.0,0.0
2023-07-24 10:30:00-04:00,2.2815001010894775,2.2815001010894775,2.23009991645813,2.2441999912261963,4932,0.0,0.0
2023-07-24 11:30:00-04:00,2.2899999618530273,2.2899999618530273,2.255000114440918,2.255000114440918,1506,0.0,0.0
2023-07-24 12:30:00-04:00,2.2599000930786133,2.2799999713897705,2.25819993019104,2.2699999809265137,2289,0.0,0.0
2023-07-24 13:30:00-04:00,2.2699999809265137,2.2750000953674316,2.2699999809265137,2.2750000953674316,829,0.0,0.0
2023-07-24 14:30:00-04:00,2.265000104904175,2.26990008354187,2.2500998973846436,2.2500998973846436,1971,0.0,0.0
2023-07-24 15:30:00-04:00,2.2699999809265137,2.2899999618530273,2.2699999809265137,2.2899999618530273,0,0.0,0.0
2023-07-25 09:30:00-04:00,2.2679998874664307,2.2843000888824463,2.2679998874664307,2.2701001167297363,1538,0.0,0.0
2023-07-25 12:30:00-04:00,2.299999952316284,2.309999942779541,2.299999952316284,2.309999942779541,558,0.0,0.0
2023-07-25 13:30:00-04:00,2.2702999114990234,2.289299964904785,2.2702999114990234,2.289299964904785,1991,0.0,0.0
2023-07-25 14:30:00-04:00,2.2750000953674316,2.2750000953674316,2.240000009536743,2.240000009536743,9211,0.0,0.0
2023-07-25 15:30:00-04:00,2.248500108718872,2.26990008354187,2.2300000190734863,2.240000009536743,3408,0.0,0.0
2023-07-26 09:30:00-04:00,2.2300000190734863,2.240000009536743,2.190000057220459,2.200000047683716,0,0.0,0.0
2023-07-26 10:30:00-04:00,2.25,2.25,2.2249999046325684,2.2300000190734863,1360,0.0,0.0
2023-07-26 11:30:00-04:00,2.2441000938415527,2.2441000938415527,2.2441000938415527,2.2441000938415527,250,0.0,0.0
2023-07-26 12:30:00-04:00,2.200000047683716,2.2186999320983887,2.200000047683716,2.2186999320983887,603,0.0,0.0
2023-07-26 13:30:00-04:00,2.2200000286102295,2.2300000190734863,2.2200000286102295,2.2300000190734863,658,0.0,0.0
2023-07-26 15:30:00-04:00,2.2298998832702637,2.2300000190734863,2.204699993133545,2.2300000190734863,1728,0.0,0.0
2023-07-27 09:30:00-04:00,2.2100000381469727,2.299999952316284,2.2100000381469727,2.299999952316284,510,0.0,0.0
2023-07-27 10:30:00-04:00,2.265000104904175,2.3099000453948975,2.265000104904175,2.3099000453948975,4261,0.0,0.0
2023-07-27 11:30:00-04:00,2.2699999809265137,2.2699999809265137,2.225100040435791,2.225100040435791,4003,0.0,0.0
2023-07-27 12:30:00-04:00,2.2249999046325684,2.2249999046325684,2.2249999046325684,2.2249999046325684,348,0.0,0.0
2023-07-27 13:30:00-04:00,2.2128000259399414,2.2300000190734863,2.1700000762939453,2.1700000762939453,9538,0.0,0.0
2023-07-27 14:30:00-04:00,2.1449999809265137,2.174999952316284,2.130000114440918,2.1700000762939453,15593,0.0,0.0
2023-07-27 15:30:00-04:00,2.1429998874664307,2.1700000762939453,2.1429998874664307,2.1700000762939453,0,0.0,0.0
2023-07-28 09:30:00-04:00,2.200000047683716,2.200000047683716,2.200000047683716,2.200000047683716,219,0.0,0.0
2023-07-28 10:30:00-04:00,2.1700000762939453,2.259999990463257,2.150099992752075,2.259999990463257,5967,0.0,0.0
2023-07-28 11:30:00-04:00,2.2149999141693115,2.219899892807007,2.20989990234375,2.20989990234375,2213,0.0,0.0
2023-07-28 12:30:00-04:00,2.2100000381469727,2.2100000381469727,2.20989990234375,2.20989990234375,997,0.0,0.0
2023-07-28 13:30:00-04:00,2.259999990463257,2.2699999809265137,2.220099925994873,2.2300000190734863,7343,0.0,0.0
2023-07-28 14:30:00-04:00,2.240000009536743,2.240000009536743,2.240000009536743,2.240000009536743,134,0.0,0.0
2023-07-28 15:30:00-04:00,2.240000009536743,2.259999990463257,2.240000009536743,2.259999990463257,703,0.0,0.0
2023-07-31 09:30:00-04:00,2.25,2.2674999237060547,2.2200000286102295,2.2200000286102295,0,0.0,0.0
2023-07-31 10:30:00-04:00,2.2200000286102295,2.3596999645233154,2.2200000286102295,2.2799999713897705,23200,0.0,0.0
2023-07-31 11:30:00-04:00,2.2799999713897705,2.2899999618530273,2.2699999809265137,2.2699999809265137,2784,0.0,0.0
2023-07-31 12:30:00-04:00,2.2639000415802,2.2639000415802,2.2639000415802,2.2639000415802,259,0.0,0.0
2023-07-31 13:30:00-04:00,2.2799999713897705,2.2899999618530273,2.250999927520752,2.2899999618530273,4776,0.0,0.0
2023-07-31 14:30:00-04:00,2.299999952316284,2.305000066757202,2.2950000762939453,2.2950000762939453,2247,0.0,0.0
2023-07-31 15:30:00-04:00,2.27020001411438,2.2899999618530273,2.25,2.25,1444,0.0,0.0
2023-08-01 09:30:00-04:00,2.194999933242798,2.2184998989105225,2.190000057220459,2.190000057220459,0,0.0,0.0
2023-08-01 11:30:00-04:00,2.220099925994873,2.259999990463257,2.220099925994873,2.259999990463257,1843,0.0,0.0
2023-08-01 12:30:00-04:00,2.299999952316284,2.299999952316284,2.259999990463257,2.259999990463257,884,0.0,0.0
2023-08-01 14:30:00-04:00,2.2899999618530273,2.359999895095825,2.2699999809265137,2.309999942779541,8372,0.0,0.0
2023-08-01 15:30:00-04:00,2.3299999237060547,2.3299999237060547,2.25,2.25,0,0.0,0.0
2023-08-02 09:30:00-04:00,2.25,2.25,2.1500000953674316,2.1960999965667725,5309,0.0,0.0
2023-08-02 10:30:00-04:00,2.1700000762939453,2.170099973678589,2.1700000762939453,2.170099973678589,2571,0.0,0.0
2023-08-02 11:30:00-04:00,2.1700000762939453,2.170099973678589,2.1600000858306885,2.160099983215332,1215,0.0,0.0
2023-08-02 12:30:00-04:00,2.197200059890747,2.197200059890747,2.180000066757202,2.180000066757202,935,0.0,0.0
2023-08-02 13:30:00-04:00,2.180000066757202,2.190000057220459,2.180000066757202,2.190000057220459,669,0.0,0.0
2023-08-02 14:30:00-04:00,2.200000047683716,2.25,2.200000047683716,2.200000047683716,6974,0.0,0.0
2023-08-02 15:30:00-04:00,2.184999942779541,2.190000057220459,2.1700000762939453,2.1700000762939453,4737,0.0,0.0
2023-08-03 10:30:00-04:00,2.1700000762939453,2.1700000762939453,2.1500000953674316,2.1700000762939453,2261,0.0,0.0
2023-08-03 11:30:00-04:00,2.1898999214172363,2.2100000381469727,2.179800033569336,2.2100000381469727,7768,0.0,0.0
2023-08-03 12:30:00-04:00,2.20989990234375,2.2899999618530273,2.2098000049591064,2.25,2889,0.0,0.0
2023-08-03 13:30:00-04:00,2.25,2.264899969100952,2.25,2.25,815,0.0,0.0
2023-08-03 14:30:00-04:00,2.234999895095825,2.2360999584198,2.234999895095825,2.2360999584198,1059,0.0,0.0
2023-08-03 15:30:00-04:00,2.25,2.2500998973846436,2.2100000381469727,2.2200000286102295,2328,0.0,0.0
2023-08-04 09:30:00-04:00,2.1700000762939453,2.240000009536743,2.0999999046325684,2.200000047683716,15500,0.0,0.0
2023-08-04 10:30:00-04:00,2.200000047683716,2.200700044631958,2.200000047683716,2.200700044631958,961,0.0,0.0
2023-08-04 11:30:00-04:00,2.1798999309539795,2.1798999309539795,2.1201000213623047,2.1201000213623047,1920,0.0,0.0
2023-08-04 13:30:00-04:00,2.1500000953674316,2.1700000762939453,2.130000114440918,2.1689999103546143,4266,0.0,0.0
2023-08-04 14:30:00-04:00,2.147900104522705,2.1500000953674316,2.147900104522705,2.1500000953674316,831,0.0,0.0
2023-08-04 15:30:00-04:00,2.1600000858306885,2.190000057220459,2.1500000953674316,2.190000057220459,2532,0.0,0.0
2023-08-07 09:30:00-04:00,2.198499917984009,2.2300000190734863,2.1600000858306885,2.2283999919891357,10621,0.0,0.0
2023-08-07 11:30:00-04:00,2.200000047683716,2.204200029373169,2.200000047683716,2.204200029373169,563,0.0,0.0
2023-08-07 15:30:00-04:00,2.200000047683716,2.200000047683716,2.180000066757202,2.180000066757202,703,0.0,0.0
2023-08-08 10:30:00-04:00,2.1257998943328857,2.1257998943328857,2.1257998943328857,2.1257998943328857,2198,0.0,0.0
2023-08-08 11:30:00-04:00,2.1809000968933105,2.1809000968933105,2.1809000968933105,2.1809000968933105,293,0.0,0.0
2023-08-08 14:30:00-04:00,2.1500000953674316,2.1500000953674316,2.1500000953674316,2.1500000953674316,798,0.0,0.0
2023-08-09 09:30:00-04:00,2.119999885559082,2.130000114440918,2.119999885559082,2.130000114440918,1278,0.0,0.0
2023-08-09 10:30:00-04:00,2.130000114440918,2.140000104904175,2.119999885559082,2.119999885559082,1878,0.0,0.0
2023-08-09 11:30:00-04:00,2.119999885559082,2.140000104904175,2.119999885559082,2.140000104904175,3890,0.0,0.0
2023-08-09 12:30:00-04:00,2.130000114440918,2.130000114440918,2.130000114440918,2.130000114440918,307,0.0,0.0
2023-08-09 13:30:00-04:00,2.140000104904175,2.140000104904175,2.140000104904175,2.140000104904175,202,0.0,0.0
2023-08-09 14:30:00-04:00,2.1314001083374023,2.1328001022338867,2.1314001083374023,2.132699966430664,600,0.0,0.0
2023-08-09 15:30:00-04:00,2.130199909210205,2.1342999935150146,2.130000114440918,2.130000114440918,0,0.0,0.0
2023-08-10 09:30:00-04:00,2.130000114440918,2.200000047683716,2.0999999046325684,2.1201000213623047,5901,0.0,0.0
2023-08-10 10:30:00-04:00,2.1407999992370605,2.1407999992370605,2.1407999992370605,2.1407999992370605,419,0.0,0.0
2023-08-10 14:30:00-04:00,2.128200054168701,2.130000114440918,2.119999885559082,2.130000114440918,1913,0.0,0.0
2023-08-10 15:30:00-04:00,2.119999885559082,2.130000114440918,2.119999885559082,2.130000114440918,1440,0.0,0.0
2023-08-11 10:30:00-04:00,2.119999885559082,2.119999885559082,2.119999885559082,2.119999885559082,1150,0.0,0.0
2023-08-11 12:30:00-04:00,2.130000114440918,2.130000114440918,2.130000114440918,2.130000114440918,226,0.0,0.0
2023-08-11 13:30:00-04:00,2.119999885559082,2.128499984741211,2.119999885559082,2.119999885559082,1891,0.0,0.0
2023-08-11 14:30:00-04:00,2.122499942779541,2.140000104904175,2.119999885559082,2.121000051498413,3483,0.0,0.0
2023-08-11 15:30:00-04:00,2.119999885559082,2.1666998863220215,2.119999885559082,2.1666998863220215,4843,0.0,0.0
2023-08-14 09:30:00-04:00,2.119999885559082,2.1500000953674316,2.119999885559082,2.1500000953674316,13152,0.0,0.0
2023-08-14 10:30:00-04:00,2.174999952316284,2.174999952316284,2.119999885559082,2.119999885559082,7243,0.0,0.0
2023-08-14 11:30:00-04:00,2.119999885559082,2.119999885559082,2.1089000701904297,2.1089000701904297,2819,0.0,0.0
2023-08-14 12:30:00-04:00,2.1006999015808105,2.1006999015808105,2.0550999641418457,2.075000047683716,10245,0.0,0.0
2023-08-14 13:30:00-04:00,2.069999933242798,2.069999933242798,2.0,2.0373001098632812,18266,0.0,0.0
2023-08-14 14:30:00-04:00,2.0299999713897705,2.0999999046325684,2.0299999713897705,2.0961999893188477,3451,0.0,0.0
2023-08-14 15:30:00-04:00,2.0799999237060547,2.0899999141693115,2.0799999237060547,2.0899999141693115,0,0.0,0.0
2023-08-15 09:30:00-04:00,2.049999952316284,2.069999933242798,2.0,2.002000093460083,33511,0.0,0.0
2023-08-15 10:30:00-04:00,2.00819993019104,2.0299999713897705,1.9299999475479126,1.9900000095367432,23129,0.0,0.0
2023-08-15 11:30:00-04:00,2.0,2.026900053024292,2.0,2.0,3960,0.0,0.0
2023-08-15 12:30:00-04:00,2.0,2.0000998973846436,1.9800000190734863,2.0,6430,0.0,0.0
2023-08-15 13:30:00-04:00,1.9800000190734863,1.9900000095367432,1.9200999736785889,1.9700000286102295,22559,0.0,0.0
2023-08-15 14:30:00-04:00,1.9550000429153442,1.9700000286102295,1.9299999475479126,1.9700000286102295,6827,0.0,0.0
2023-08-15 15:30:00-04:00,1.9199999570846558,1.9700000286102295,1.9199999570846558,1.9700000286102295,0,0.0,0.0
2023-08-16 09:30:00-04:00,1.9500000476837158,2.039900064468384,1.910099983215332,1.9900000095367432,48710,0.0,0.0
2023-08-16 10:30:00-04:00,1.9900000095367432,2.049999952316284,1.9900000095367432,2.0000998973846436,10541,0.0,0.0
2023-08-16 11:30:00-04:00,2.0000998973846436,2.059999942779541,2.0000998973846436,2.052000045776367,11486,0.0,0.0
2023-08-16 12:30:00-04:00,2.0299999713897705,2.0399999618530273,2.022599935531616,2.0299999713897705,2521,0.0,0.0
2023-08-16 13:30:00-04:00,2.0399999618530273,2.0399999618530273,2.0325000286102295,2.0325000286102295,2001,0.0,0.0
2023-08-16 14:30:00-04:00,2.0450000762939453,2.059999942779541,2.030100107192993,2.030100107192993,2360,0.0,0.0
2023-08-16 15:30:00-04:00,2.030100107192993,2.030100107192993,2.0,2.0,4102,0.0,0.0
2023-08-17 09:30:00-04:00,2.0,2.039900064468384,1.9500000476837158,1.9500000476837158,0,0.0,0.0
2023-08-17 10:30:00-04:00,1.9249999523162842,1.9600000381469727,1.9000999927520752,1.9299999475479126,10909,0.0,0.0
2023-08-17 11:30:00-04:00,1.9599000215530396,1.9600000381469727,1.9199999570846558,1.9600000381469727,17311,0.0,0.0
2023-08-17 12:30:00-04:00,1.9199999570846558,1.9600000381469727,1.9199999570846558,1.9199999570846558,1206,0.0,0.0
2023-08-17 13:30:00-04:00,1.9199999570846558,1.9199999570846558,1.9199999570846558,1.9199999570846558,1226,0.0,0.0
2023-08-17 14:30:00-04:00,1.9559999704360962,1.9559999704360962,1.9199999570846558,1.9299999475479126,2436,0.0,0.0
2023-08-17 15:30:00-04:00,1.934999942779541,1.934999942779541,1.8899999856948853,1.8899999856948853,0,0.0,0.0
2023-08-18 09:30:00-04:00,1.8350000381469727,1.8899999856948853,1.7899999618530273,1.8600000143051147,14013,0.0,0.0
2023-08-18 10:30:00-04:00,1.850000023841858,1.850000023841858,1.850000023841858,1.850000023841858,2220,0.0,0.0
2023-08-18 11:30:00-04:00,1.8473000526428223,1.8600000143051147,1.8450000286102295,1.8550000190734863,2257,0.0,0.0
2023-08-18 12:30:00-04:00,1.850000023841858,1.8600000143051147,1.850000023841858,1.8600000143051147,13785,0.0,0.0
2023-08-18 13:30:00-04:00,1.8600000143051147,1.8600000143051147,1.8600000143051147,1.8600000143051147,997,0.0,0.0
2023-08-18 14:30:00-04:00,1.850000023841858,1.8600000143051147,1.850000023841858,1.8598999977111816,11831,0.0,0.0
2023-08-18 15:30:00-04:00,1.856600046157837,1.8600000143051147,1.850000023841858,1.850000023841858,6421,0.0,0.0
2023-08-21 09:30:00-04:00,1.840000033378601,1.9800000190734863,1.840000033378601,1.9800000190734863,23485,0.0,0.0
2023-08-21 10:30:00-04:00,1.940000057220459,1.9700000286102295,1.8799999952316284,1.9700000286102295,1459,0.0,0.0
2023-08-21 11:30:00-04:00,1.9700000286102295,1.9900000095367432,1.9700000286102295,1.9900000095367432,200,0.0,0.0
2023-08-21 12:30:00-04:00,1.9450000524520874,1.9450000524520874,1.940000057220459,1.940500020980835,3427,0.0,0.0
2023-08-21 13:30:00-04:00,1.9400999546051025,1.9400999546051025,1.9400999546051025,1.9400999546051025,415,0.0,0.0
2023-08-21 15:30:00-04:00,1.9498000144958496,1.9600000381469727,1.9498000144958496,1.9600000381469727,0,0.0,0.0
2023-08-22 09:30:00-04:00,1.9299999475479126,1.934999942779541,1.899999976158142,1.899999976158142,9878,0.0,0.0
2023-08-22 10:30:00-04:00,1.8977999687194824,1.9098999500274658,1.8977999687194824,1.9098999500274658,483,0.0,0.0
2023-08-22 11:30:00-04:00,1.9000999927520752,1.909999966621399,1.8899999856948853,1.909999966621399,11008,0.0,0.0
2023-08-22 12:30:00-04:00,1.904099941253662,1.904099941253662,1.904099941253662,1.904099941253662,502,0.0,0.0
2023-08-22 13:30:00-04:00,1.8799999952316284,1.899999976158142,1.8799999952316284,1.899999976158142,403,0.0,0.0
2023-08-22 14:30:00-04:00,1.8799999952316284,1.8899999856948853,1.840000033378601,1.850000023841858,22561,0.0,0.0
2023-08-22 15:30:00-04:00,1.840000033378601,1.8489999771118164,1.7999999523162842,1.7999999523162842,6083,0.0,0.0
2023-08-23 09:30:00-04:00,1.8200000524520874,1.98989999294281,1.8200000524520874,1.8600000143051147,0,0.0,0.0
2023-08-23 10:30:00-04:00,1.9249999523162842,1.9299999475479126,1.9199999570846558,1.9199999570846558,2243,0.0,0.0
2023-08-23 12:30:00-04:00,1.8849999904632568,1.8849999904632568,1.8849999904632568,1.8849999904632568,922,0.0,0.0
2023-08-23 14:30:00-04:00,1.8899999856948853,1.9199999570846558,1.8799999952316284,1.8799999952316284,4620,0.0,0.0
2023-08-23 15:30:00-04:00,1.8600000143051147,1.8600000143051147,1.8600000143051147,1.8600000143051147,0,0.0,0.0
2023-08-24 09:30:00-04:00,1.8736000061035156,1.8736000061035156,1.7999999523162842,1.809999942779541,19844,0.0,0.0
2023-08-24 10:30:00-04:00,1.8250000476837158,1.8250000476837158,1.7999999523162842,1.7999999523162842,1237,0.0,0.0
2023-08-24 11:30:00-04:00,1.7949999570846558,1.7999999523162842,1.7799999713897705,1.7833000421524048,11240,0.0,0.0
2023-08-24 12:30:00-04:00,1.7799999713897705,1.8099000453948975,1.7699999809265137,1.7999999523162842,11673,0.0,0.0
2023-08-24 13:30:00-04:00,1.8300000429153442,1.8385000228881836,1.8300000429153442,1.8385000228881836,1350,0.0,0.0
2023-08-24 14:30:00-04:00,1.8300000429153442,1.8385000228881836,1.8300000429153442,1.8385000228881836,1618,0.0,0.0
2023-08-24 15:30:00-04:00,1.809999942779541,1.809999942779541,1.7999999523162842,1.7999999523162842,794,0.0,0.0
2023-08-25 09:30:00-04:00,1.8000999689102173,1.8000999689102173,1.8000999689102173,1.8000999689102173,706,0.0,0.0
2023-08-25 10:30:00-04:00,1.8004000186920166,1.808500051498413,1.7999999523162842,1.808500051498413,8447,0.0,0.0
2023-08-25 11:30:00-04:00,1.8049999475479126,1.8049999475479126,1.8049999475479126,1.8049999475479126,1737,0.0,0.0
2023-08-25 12:30:00-04:00,1.8049999475479126,1.8049999475479126,1.8049999475479126,1.8049999475479126,102,0.0,0.0
2023-08-25 13:30:00-04:00,1.8071000576019287,1.8300000429153442,1.8071000576019287,1.8300000429153442,757,0.0,0.0
2023-08-25 15:30:00-04:00,1.8600000143051147,1.8600000143051147,1.8600000143051147,1.8600000143051147,200,0.0,0.0
2023-08-28 09:30:00-04:00,1.840000033378601,1.9000999927520752,1.840000033378601,1.9000999927520752,1034,0.0,0.0
2023-08-28 10:30:00-04:00,1.9139000177383423,1.989799976348877,1.9112999439239502,1.9700000286102295,6676,0.0,0.0
2023-08-28 12:30:00-04:00,1.9049999713897705,1.940000057220459,1.899999976158142,1.940000057220459,3428,0.0,0.0
2023-08-28 13:30:00-04:00,1.9199999570846558,1.9199999570846558,1.8799999952316284,1.8976000547409058,7432,0.0,0.0
2023-08-28 14:30:00-04:00,1.899999976158142,1.899999976158142,1.8849999904632568,1.8849999904632568,1271,0.0,0.0
2023-08-28 15:30:00-04:00,1.8799999952316284,1.8799999952316284,1.867300033569336,1.867300033569336,0,0.0,0.0
2023-08-29 09:30:00-04:00,1.7999999523162842,1.9500000476837158,1.7999999523162842,1.8899999856948853,34105,0.0,0.0
2023-08-29 10:30:00-04:00,1.8700000047683716,1.875,1.8700000047683716,1.875,203,0.0,0.0
2023-08-29 11:30:00-04:00,1.875,1.9500000476837158,1.875,1.9213000535964966,10281,0.0,0.0
2023-08-29 12:30:00-04:00,1.899999976158142,1.899999976158142,1.899999976158142,1.899999976158142,500,0.0,0.0
2023-08-29 13:30:00-04:00,1.9006999731063843,1.909999966621399,1.9006999731063843,1.909999966621399,391,0.0,0.0
2023-08-29 15:30:00-04:00,1.9599000215530396,1.9599000215530396,1.9599000215530396,1.9599000215530396,0,0.0,0.0
2023-08-30 10:30:00-04:00,1.9299999475479126,1.9299999475479126,1.9299999475479126,1.9299999475479126,351,0.0,0.0
2023-08-30 11:30:00-04:00,1.9500000476837158,1.9600000381469727,1.934999942779541,1.9600000381469727,11446,0.0,0.0
2023-08-30 12:30:00-04:00,1.940999984741211,1.9450000524520874,1.9299999475479126,1.9299999475479126,2410,0.0,0.0
2023-08-30 13:30:00-04:00,1.899999976158142,1.899999976158142,1.899999976158142,1.899999976158142,241,0.0,0.0
2023-08-30 14:30:00-04:00,1.9198999404907227,1.9199999570846558,1.9049999713897705,1.9199999570846558,914,0.0,0.0
2023-08-30 15:30:00-04:00,1.8901000022888184,1.9199999570846558,1.8901000022888184,1.9157999753952026,0,0.0,0.0
2023-08-31 09:30:00-04:00,1.8901000022888184,2.0,1.8901000022888184,2.0,5987,0.0,0.0
2023-08-31 11:30:00-04:00,1.9800000190734863,1.9800000190734863,1.9800000190734863,1.9800000190734863,778,0.0,0.0
2023-08-31 12:30:00-04:00,1.9700000286102295,1.9700000286102295,1.9700000286102295,1.9700000286102295,102,0.0,0.0
2023-08-31 13:30:00-04:00,1.9700000286102295,1.9700000286102295,1.9700000286102295,1.9700000286102295,231,0.0,0.0
2023-08-31 14:30:00-04:00,1.9500000476837158,1.9500000476837158,1.940000057220459,1.9499000310897827,1322,0.0,0.0
2023-08-31 15:30:00-04:00,1.940000057220459,1.940000057220459,1.899999976158142,1.9072999954223633,0,0.0,0.0
2023-09-01 09:30:00-04:00,1.9600000381469727,1.9600000381469727,1.909999966621399,1.909999966621399,4720,0.0,0.0
2023-09-01 11:30:00-04:00,1.909999966621399,1.9199999570846558,1.8899999856948853,1.9172999858856201,5090,0.0,0.0
2023-09-01 12:30:00-04:00,1.9198999404907227,1.9199999570846558,1.8799999952316284,1.8799999952316284,4421,0.0,0.0
2023-09-01 13:30:00-04:00,1.8899999856948853,1.8899999856948853,1.8896000385284424,1.8899999856948853,1868,0.0,0.0
2023-09-01 14:30:00-04:00,1.909999966621399,1.909999966621399,1.909999966621399,1.909999966621399,402,0.0,0.0
2023-09-01 15:30:00-04:00,1.9249999523162842,1.940000057220459,1.909999966621399,1.940000057220459,1294,0.0,0.0
2023-09-05 09:30:00-04:00,1.899999976158142,1.899999976158142,1.899999976158142,1.899999976158142,1075,0.0,0.0
2023-09-05 11:30:00-04:00,1.916700005531311,1.9199999570846558,1.909999966621399,1.909999966621399,12330,0.0,0.0
2023-09-05 12:30:00-04:00,1.9049999713897705,1.9049999713897705,1.8701000213623047,1.899999976158142,3008,0.0,0.0
2023-09-05 13:30:00-04:00,1.8899999856948853,1.899999976158142,1.8899999856948853,1.8973000049591064,704,0.0,0.0
2023-09-05 14:30:00-04:00,1.8949999809265137,1.9299999475479126,1.8849999904632568,1.8849999904632568,8588,0.0,0.0
2023-09-05 15:30:00-04:00,1.8799999952316284,1.9526000022888184,1.8799999952316284,1.9299999475479126,0,0.0,0.0
2023-09-06 09:30:00-04:00,1.940000057220459,1.9488999843597412,1.8700000047683716,1.8799999952316284,4507,0.0,0.0
2023-09-06 10:30:00-04:00,1.8799999952316284,1.8799999952316284,1.8799999952316284,1.8799999952316284,227,0.0,0.0
2023-09-06 11:30:00-04:00,1.882699966430664,1.8837000131607056,1.882699966430664,1.8837000131607056,1207,0.0,0.0
2023-09-06 12:30:00-04:00,1.8899999856948853,1.9299999475479126,1.871500015258789,1.9299999475479126,3668,0.0,0.0
2023-09-06 13:30:00-04:00,1.8799999952316284,1.940000057220459,1.8799999952316284,1.9399000406265259,2448,0.0,0.0
2023-09-06 14:30:00-04:00,1.9450000524520874,1.9450000524520874,1.940000057220459,1.9401999711990356,3422,0.0,0.0
2023-09-06 15:30:00-04:00,1.909999966621399,1.909999966621399,1.899999976158142,1.899999976158142,752,0.0,0.0
2023-09-07 09:30:00-04:00,1.909999966621399,2.009999990463257,1.8901000022888184,1.8901000022888184,0,0.0,0.0
2023-09-07 10:30:00-04:00,1.899999976158142,1.899999976158142,1.8700000047683716,1.899999976158142,9074,0.0,0.0
2023-09-07 12:30:00-04:00,1.909999966621399,1.909999966621399,1.899999976158142,1.899999976158142,2837,0.0,0.0
2023-09-07 13:30:00-04:00,1.8901000022888184,1.8901000022888184,1.8901000022888184,1.8901000022888184,301,0.0,0.0
2023-09-07 14:30:00-04:00,1.9049999713897705,1.9049999713897705,1.9049999713897705,1.9049999713897705,133,0.0,0.0
2023-09-07 15:30:00-04:00,1.8899999856948853,1.8978999853134155,1.8899999856948853,1.8978999853134155,0,0.0,0.0
2023-09-08 09:30:00-04:00,1.899999976158142,1.899999976158142,1.8700000047683716,1.8700000047683716,2731,0.0,0.0
2023-09-08 10:30:00-04:00,1.8898999691009521,1.8899999856948853,1.8700000047683716,1.8799999952316284,5476,0.0,0.0
2023-09-08 11:30:00-04:00,1.8700000047683716,1.9190000295639038,1.8700000047683716,1.9190000295639038,4129,0.0,0.0
2023-09-08 12:30:00-04:00,1.9190000295639038,2.0,1.9190000295639038,2.0,6683,0.0,0.0
2023-09-08 13:30:00-04:00,1.9800000190734863,1.98989999294281,1.936900019645691,1.936900019645691,2280,0.0,0.0
2023-09-08 14:30:00-04:00,1.9341000318527222,1.9799000024795532,1.9341000318527222,1.9799000024795532,1220,0.0,0.0
2023-09-08 15:30:00-04:00,1.9600000381469727,1.9800000190734863,1.940000057220459,1.9600000381469727,1786,0.0,0.0
2023-09-11 09:30:00-04:00,1.9800000190734863,2.0,1.9800000190734863,1.9800000190734863,0,0.0,0.0
2023-09-11 10:30:00-04:00,1.9601000547409058,1.9602999687194824,1.940000057220459,1.940000057220459,2894,0.0,0.0
2023-09-11 11:30:00-04:00,1.909999966621399,1.909999966621399,1.909999966621399,1.909999966621399,132,0.0,0.0
2023-09-11 12:30:00-04:00,1.9185999631881714,1.940000057220459,1.9185999631881714,1.940000057220459,1069,0.0,0.0
2023-09-11 13:30:00-04:00,1.9599000215530396,1.975000023841858,1.934999942779541,1.940000057220459,10657,0.0,0.0
2023-09-11 14:30:00-04:00,1.934999942779541,1.9500000476837158,1.9241000413894653,1.9241000413894653,3893,0.0,0.0
2023-09-11 15:30:00-04:00,1.9299999475479126,1.9299999475479126,1.8899999856948853,1.8899999856948853,1394,0.0,0.0
2023-09-12 09:30:00-04:00,1.909999966621399,1.909999966621399,1.909999966621399,1.909999966621399,0,0.0,0.0
2023-09-12 10:30:00-04:00,1.940000057220459,1.9420000314712524,1.940000057220459,1.9420000314712524,600,0.0,0.0
2023-09-12 11:30:00-04:00,2.009999990463257,2.0399999618530273,1.9700000286102295,1.9700000286102295,3293,0.0,0.0
2023-09-12 13:30:00-04:00,1.899999976158142,1.9249999523162842,1.899999976158142,1.909999966621399,1777,0.0,0.0
2023-09-12 14:30:00-04:00,1.899999976158142,1.909000039100647,1.8899999856948853,1.9046000242233276,1402,0.0,0.0
2023-09-12 15:30:00-04:00,1.909999966621399,1.909999966621399,1.8799999952316284,1.8799999952316284,2302,0.0,0.0
2023-09-13 09:30:00-04:00,1.8799999952316284,1.8799999952316284,1.8300000429153442,1.8700000047683716,2459,0.0,0.0
2023-09-13 12:30:00-04:00,1.899999976158142,1.899999976158142,1.8700000047683716,1.8700000047683716,1400,0.0,0.0
2023-09-13 13:30:00-04:00,1.8747999668121338,1.8747999668121338,1.8747999668121338,1.8747999668121338,150,0.0,0.0
2023-09-13 14:30:00-04:00,1.9089000225067139,1.9225000143051147,1.8799999952316284,1.8877999782562256,4359,0.0,0.0
2023-09-13 15:30:00-04:00,1.899999976158142,1.899999976158142,1.8899999856948853,1.8899999856948853,1161,0.0,0.0
2023-09-14 09:30:00-04:00,1.8600000143051147,1.8600000143051147,1.8600000143051147,1.8600000143051147,570,0.0,0.0
2023-09-14 10:30:00-04:00,1.9500000476837158,1.9500000476837158,1.909999966621399,1.9199999570846558,1203,0.0,0.0
2023-09-14 11:30:00-04:00,1.909999966621399,1.909999966621399,1.909999966621399,1.909999966621399,312,0.0,0.0
2023-09-14 12:30:00-04:00,1.8932000398635864,1.909999966621399,1.8932000398635864,1.899999976158142,1001,0.0,0.0
2023-09-14 13:30:00-04:00,1.9199999570846558,1.9199999570846558,1.9199999570846558,1.9199999570846558,252,0.0,0.0
2023-09-14 15:30:00-04:00,1.9078999757766724,1.9078999757766724,1.9078999757766724,1.9078999757766724,194,0.0,0.0
2023-09-15 10:30:00-04:00,1.8899999856948853,1.9199999570846558,1.8899999856948853,1.8899999856948853,849,0.0,0.0
2023-09-15 11:30:00-04:00,1.899999976158142,1.899999976158142,1.8799999952316284,1.8799999952316284,1815,0.0,0.0
2023-09-15 12:30:00-04:00,1.8600000143051147,1.8819999694824219,1.8600000143051147,1.8819999694824219,1835,0.0,0.0
2023-09-15 13:30:00-04:00,1.8700000047683716,1.875,1.8600000143051147,1.8600000143051147,1980,0.0,0.0
2023-09-15 14:30:00-04:00,1.8580000400543213,1.899999976158142,1.8300000429153442,1.899999976158142,5601,0.0,0.0
2023-09-15 15:30:00-04:00,1.899999976158142,1.9299999475479126,1.8899999856948853,1.8899999856948853,3383,0.0,0.0
2023-09-18 09:30:00-04:00,1.850000023841858,1.8799999952316284,1.850000023841858,1.8799999952316284,517,0.0,0.0
2023-09-18 10:30:00-04:00,1.8798999786376953,1.899999976158142,1.8700000047683716,1.899999976158142,0,0.0,0.0
2023-09-18 13:30:00-04:00,1.899899959564209,1.899899959564209,1.8799999952316284,1.8799999952316284,3379,0.0,0.0
2023-09-18 14:30:00-04:00,1.8600000143051147,1.8601000308990479,1.8200000524520874,1.8200000524520874,8112,0.0,0.0
2023-09-18 15:30:00-04:00,1.8480000495910645,1.8480000495910645,1.8300000429153442,1.840000033378601,1504,0.0,0.0
2023-09-19 09:30:00-04:00,1.8600000143051147,1.8600000143051147,1.8499000072479248,1.8499000072479248,0,0.0,0.0
2023-09-19 10:30:00-04:00,1.8499000072479248,1.8499000072479248,1.8450000286102295,1.8450000286102295,1500,0.0,0.0
2023-09-19 11:30:00-04:00,1.8450000286102295,1.8450000286102295,1.8200000524520874,1.8250000476837158,4001,0.0,0.0
2023-09-19 12:30:00-04:00,1.8300000429153442,1.840000033378601,1.8300000429153442,1.840000033378601,447,0.0,0.0
2023-09-19 13:30:00-04:00,1.8350000381469727,1.8357000350952148,1.8300000429153442,1.8300000429153442,835,0.0,0.0
2023-09-19 14:30:00-04:00,1.8300000429153442,1.8300000429153442,1.7999999523162842,1.7999999523162842,1506,0.0,0.0
2023-09-19 15:30:00-04:00,1.7899999618530273,1.7999999523162842,1.7799999713897705,1.7799999713897705,3548,0.0,0.0
2023-09-20 09:30:00-04:00,1.850000023841858,1.850000023841858,1.850000023841858,1.850000023841858,181,0.0,0.0
2023-09-20 10:30:00-04:00,1.840000033378601,1.8600000143051147,1.840000033378601,1.8494000434875488,1655,0.0,0.0
2023-09-20 11:30:00-04:00,1.899999976158142,1.9599000215530396,1.899999976158142,1.9599000215530396,3255,0.0,0.0
2023-09-20 12:30:00-04:00,1.9010000228881836,1.9010000228881836,1.899999976158142,1.9000999927520752,3239,0.0,0.0
2023-09-20 15:30:00-04:00,1.8799999952316284,1.8799999952316284,1.8799999952316284,1.8799999952316284,340,0.0,0.0
2023-09-21 09:30:00-04:00,1.809999942779541,1.8200000524520874,1.809999942779541,1.8200000524520874,0,0.0,0.0
2023-09-21 11:30:00-04:00,1.8600000143051147,1.8899999856948853,1.850000023841858,1.850100040435791,7461,0.0,0.0
2023-09-21 12:30:00-04:00,1.850000023841858,1.850000023841858,1.850000023841858,1.850000023841858,1048,0.0,0.0
2023-09-21 13:30:00-04:00,1.8100999593734741,1.8100999593734741,1.8100999593734741,1.8100999593734741,1041,0.0,0.0
2023-09-21 15:30:00-04:00,1.809999942779541,1.8300000429153442,1.809999942779541,1.8300000429153442,642,0.0,0.0
2023-09-22 09:30:00-04:00,1.809999942779541,1.899999976158142,1.809999942779541,1.899999976158142,0,0.0,0.0
2023-09-22 10:30:00-04:00,1.8217999935150146,1.8217999935150146,1.8217999935150146,1.8217999935150146,200,0.0,0.0
2023-09-22 11:30:00-04:00,1.899999976158142,1.899999976158142,1.8669999837875366,1.8669999837875366,801,0.0,0.0
2023-09-22 13:30:00-04:00,1.888800024986267,1.909999966621399,1.888800024986267,1.909999966621399,400,0.0,0.0
2023-09-22 14:30:00-04:00,1.8700000047683716,1.8700000047683716,1.8600000143051147,1.8700000047683716,1114,0.0,0.0
2023-09-22 15:30:00-04:00,1.8600000143051147,1.8799999952316284,1.8600000143051147,1.8680000305175781,1441,0.0,0.0
2023-09-25 09:30:00-04:00,1.899999976158142,1.940000057220459,1.899999976158142,1.940000057220459,0,0.0,0.0
2023-09-25 12:30:00-04:00,1.899999976158142,1.9005000591278076,1.899999976158142,1.9005000591278076,5409,0.0,0.0
2023-09-25 13:30:00-04:00,1.8700000047683716,1.8700000047683716,1.8600000143051147,1.8700000047683716,2755,0.0,0.0
2023-09-25 14:30:00-04:00,1.8799999952316284,1.8799999952316284,1.850100040435791,1.8588999509811401,2737,0.0,0.0
2023-09-25 15:30:00-04:00,1.8585000038146973,1.8805999755859375,1.850000023841858,1.8805999755859375,785,0.0,0.0
2023-09-26 09:30:00-04:00,1.8407000303268433,1.8407000303268433,1.840000033378601,1.8401000499725342,0,0.0,0.0
2023-09-26 10:30:00-04:00,1.850000023841858,1.850000023841858,1.8350000381469727,1.850000023841858,670,0.0,0.0
2023-09-26 12:30:00-04:00,1.8200000524520874,1.850000023841858,1.8200000524520874,1.8301000595092773,1655,0.0,0.0
2023-09-26 13:30:00-04:00,1.8300000429153442,1.8300000429153442,1.8300000429153442,1.8300000429153442,1018,0.0,0.0
2023-09-26 14:30:00-04:00,1.8250000476837158,1.8358999490737915,1.8250000476837158,1.8358999490737915,1001,0.0,0.0
2023-09-26 15:30:00-04:00,1.840000033378601,1.840000033378601,1.8200000524520874,1.840000033378601,0,0.0,0.0
2023-09-27 09:30:00-04:00,1.8200000524520874,1.8200000524520874,1.7699999809265137,1.7999999523162842,2844,0.0,0.0
2023-09-27 11:30:00-04:00,1.8099000453948975,1.840000033378601,1.8098000288009644,1.8372999429702759,3678,0.0,0.0
2023-09-27 12:30:00-04:00,1.8273999691009521,1.8372999429702759,1.8273999691009521,1.8372999429702759,400,0.0,0.0
2023-09-27 13:30:00-04:00,1.8200000524520874,1.8200000524520874,1.8100999593734741,1.8200000524520874,1135,0.0,0.0
2023-09-27 14:30:00-04:00,1.8200000524520874,1.8200000524520874,1.7580000162124634,1.7582000494003296,12706,0.0,0.0
2023-09-27 15:30:00-04:00,1.7599999904632568,1.7599999904632568,1.7100000381469727,1.7100000381469727,26124,0.0,0.0
2023-09-28 09:30:00-04:00,1.7000000476837158,1.8818000555038452,1.7000000476837158,1.7000999450683594,4986,0.0,0.0
2023-09-28 10:30:00-04:00,1.7999999523162842,1.8799999952316284,1.7999999523162842,1.8300000429153442,633,0.0,0.0
2023-09-28 12:30:00-04:00,1.899999976158142,2.0,1.8200000524520874,1.9600000381469727,18566,0.0,0.0
2023-09-28 13:30:00-04:00,2.0,2.0,1.9200999736785889,1.9900000095367432,102285,0.0,0.0
2023-09-28 14:30:00-04:00,1.9900000095367432,2.049999952316284,1.9900000095367432,2.0000998973846436,18923,0.0,0.0
2023-09-28 15:30:00-04:00,2.009999990463257,2.0299999713897705,1.9900000095367432,2.0299999713897705,12621,0.0,0.0
2023-09-29 09:30:00-04:00,2.0299999713897705,2.049999952316284,2.0100998878479004,2.0100998878479004,1140,0.0,0.0
2023-09-29 10:30:00-04:00,2.009999990463257,2.130000114440918,2.0000998973846436,2.130000114440918,4157,0.0,0.0
2023-09-29 11:30:00-04:00,2.059999942779541,2.059999942779541,2.059999942779541,2.059999942779541,625,0.0,0.0
2023-09-29 12:30:00-04:00,2.059999942779541,2.065000057220459,2.0350000858306885,2.0350000858306885,2927,0.0,0.0
2023-09-29 13:30:00-04:00,2.010200023651123,2.010999917984009,2.009999990463257,2.0100998878479004,1016,0.0,0.0
2023-09-29 15:30:00-04:00,2.0450000762939453,2.0476999282836914,2.0199999809265137,2.0199999809265137,3132,0.0,0.0
2023-10-02 09:30:00-04:00,1.9199999570846558,1.9199999570846558,1.8600000143051147,1.8600000143051147,8961,0.0,0.0
2023-10-02 11:30:00-04:00,1.9600000381469727,1.9800000190734863,1.9500000476837158,1.9800000190734863,1392,0.0,0.0
2023-10-02 12:30:00-04:00,1.9800000190734863,2.009999990463257,1.9800000190734863,2.0000998973846436,1137,0.0,0.0
2023-10-02 13:30:00-04:00,2.0,2.0,1.9843000173568726,1.9843000173568726,2833,0.0,0.0
2023-10-02 14:30:00-04:00,2.0,2.0,2.0,2.0,899,0.0,0.0
2023-10-02 15:30:00-04:00,2.0000998973846436,2.015000104904175,2.0,2.0,1910,0.0,0.0
2023-10-03 09:30:00-04:00,2.0299999713897705,2.0899999141693115,2.0299999713897705,2.0899999141693115,0,0.0,0.0
2023-10-03 10:30:00-04:00,2.0501999855041504,2.0950000286102295,2.049999952316284,2.0950000286102295,2983,0.0,0.0
2023-10-03 11:30:00-04:00,2.0,2.005000114440918,1.9900000095367432,2.005000114440918,2608,0.0,0.0
2023-10-03 13:30:00-04:00,2.000999927520752,2.000999927520752,2.0,2.0000998973846436,855,0.0,0.0
2023-10-03 15:30:00-04:00,2.000999927520752,2.002000093460083,1.9900000095367432,2.0,0,0.0,0.0
2023-10-04 09:30:00-04:00,2.065000057220459,2.065000057220459,2.065000057220459,2.065000057220459,3172,0.0,0.0
2023-10-04 10:30:00-04:00,2.069999933242798,2.069999933242798,2.0000998973846436,2.023099899291992,8206,0.0,0.0
2023-10-04 11:30:00-04:00,2.0,2.0,1.965000033378601,1.9900000095367432,5159,0.0,0.0
2023-10-04 14:30:00-04:00,1.975000023841858,1.9800000190734863,1.975000023841858,1.9800000190734863,1612,0.0,0.0
2023-10-04 15:30:00-04:00,2.0399999618530273,2.0399999618530273,2.0,2.0,0,0.0,0.0
2023-10-05 09:30:00-04:00,2.059999942779541,2.059999942779541,2.059999942779541,2.059999942779541,1443,0.0,0.0
2023-10-05 11:30:00-04:00,2.039900064468384,2.0399999618530273,2.0299999713897705,2.0392000675201416,2317,0.0,0.0
2023-10-05 12:30:00-04:00,2.059999942779541,2.059999942779541,2.049999952316284,2.049999952316284,1779,0.0,0.0
2023-10-05 13:30:00-04:00,2.059999942779541,2.059999942779541,2.059999942779541,2.059999942779541,274,0.0,0.0
2023-10-05 15:30:00-04:00,2.041300058364868,2.041300058364868,2.009999990463257,2.009999990463257,3346,0.0,0.0
2023-10-06 09:30:00-04:00,2.0899999141693115,2.140000104904175,2.0,2.0,2142,0.0,0.0
2023-10-06 10:30:00-04:00,2.0000998973846436,2.006500005722046,2.0,2.0,842,0.0,0.0
2023-10-06 12:30:00-04:00,1.9800000190734863,1.9900000095367432,1.9600000381469727,1.9701000452041626,7278,0.0,0.0
2023-10-06 13:30:00-04:00,1.9900000095367432,1.9900000095367432,1.9900000095367432,1.9900000095367432,250,0.0,0.0
2023-10-06 14:30:00-04:00,1.997499942779541,1.997499942779541,1.997499942779541,1.997499942779541,126,0.0,0.0
2023-10-06 15:30:00-04:00,1.9850000143051147,2.0,1.9800000190734863,2.0,1874,0.0,0.0
2023-10-09 09:30:00-04:00,1.9500999450683594,1.9500999450683594,1.9500999450683594,1.9500999450683594,0,0.0,0.0
2023-10-09 10:30:00-04:00,2.0799999237060547,2.089900016784668,2.0799999237060547,2.089900016784668,1550,0.0,0.0
2023-10-09 13:30:00-04:00,1.9700000286102295,1.9700000286102295,1.9700000286102295,1.9700000286102295,150,0.0,0.0
2023-10-09 15:30:00-04:00,1.9299999475479126,1.9666999578475952,1.9293999671936035,1.9666999578475952,0,0.0,0.0
2023-10-10 09:30:00-04:00,1.9299999475479126,2.0299999713897705,1.9299999475479126,2.0299999713897705,1523,0.0,0.0
2023-10-10 10:30:00-04:00,2.0230000019073486,2.0230000019073486,1.9199999570846558,1.9199999570846558,990,0.0,0.0
2023-10-10 11:30:00-04:00,1.9700000286102295,2.029900074005127,1.9700000286102295,2.029900074005127,2574,0.0,0.0
2023-10-10 13:30:00-04:00,1.9500999450683594,1.9500999450683594,1.9500999450683594,1.9500999450683594,1102,0.0,0.0
2023-10-10 14:30:00-04:00,2.0,2.0,1.9709999561309814,2.0,1358,0.0,0.0
2023-10-10 15:30:00-04:00,2.0236001014709473,2.0243000984191895,2.0236001014709473,2.0243000984191895,0,0.0,0.0
2023-10-11 09:30:00-04:00,1.9200999736785889,1.9299999475479126,1.7958999872207642,1.899999976158142,7620,0.0,0.0
2023-10-11 10:30:00-04:00,1.9199999570846558,2.029900074005127,1.9199999570846558,1.9586999416351318,19574,0.0,0.0
2023-10-11 11:30:00-04:00,1.9800000190734863,1.9800000190734863,1.9800000190734863,1.9800000190734863,1717,0.0,0.0
2023-10-11 12:30:00-04:00,1.954200029373169,1.954200029373169,1.9419000148773193,1.9419000148773193,656,0.0,0.0
2023-10-11 14:30:00-04:00,1.9249999523162842,1.9249999523162842,1.9249999523162842,1.9249999523162842,285,0.0,0.0
2023-10-11 15:30:00-04:00,1.9220999479293823,1.9500000476837158,1.9220999479293823,1.9500000476837158,1560,0.0,0.0
2023-10-12 09:30:00-04:00,1.899999976158142,1.899999976158142,1.8601000308990479,1.889799952507019,3435,0.0,0.0
2023-10-12 10:30:00-04:00,1.8601000308990479,1.929900050163269,1.850000023841858,1.850100040435791,23828,0.0,0.0
2023-10-12 11:30:00-04:00,1.8710999488830566,1.8969000577926636,1.8601000308990479,1.8601000308990479,10633,0.0,0.0
2023-10-12 12:30:00-04:00,1.8700000047683716,1.9198999404907227,1.8700000047683716,1.9198999404907227,502,0.0,0.0
2023-10-12 13:30:00-04:00,1.8700000047683716,1.875,1.8700000047683716,1.875,1090,0.0,0.0
2023-10-12 14:30:00-04:00,1.8600000143051147,1.8903000354766846,1.8545000553131104,1.8545000553131104,2796,0.0,0.0
2023-10-12 15:30:00-04:00,1.850000023841858,1.850000023841858,1.840000033378601,1.840000033378601,1238,0.0,0.0
2023-10-13 09:30:00-04:00,1.8200000524520874,1.8200000524520874,1.8200000524520874,1.8200000524520874,604,0.0,0.0
2023-10-13 11:30:00-04:00,1.850000023841858,1.8811999559402466,1.8300000429153442,1.8700000047683716,3659,0.0,0.0
2023-10-13 13:30:00-04:00,1.8700000047683716,1.8890000581741333,1.8300000429153442,1.8890000581741333,9823,0.0,0.0
2023-10-13 15:30:00-04:00,1.8473000526428223,1.8473000526428223,1.8372999429702759,1.8372999429702759,792,0.0,0.0
2023-10-16 09:30:00-04:00,1.8899999856948853,1.8899999856948853,1.8899999856948853,1.8899999856948853,0,0.0,0.0
2023-10-16 10:30:00-04:00,1.8171000480651855,1.8899999856948853,1.809999942779541,1.809999942779541,752,0.0,0.0
2023-10-16 11:30:00-04:00,1.809999942779541,1.8181999921798706,1.76010000705719,1.8181999921798706,7749,0.0,0.0
2023-10-16 12:30:00-04:00,1.8600000143051147,1.8600000143051147,1.850000023841858,1.850000023841858,263,0.0,0.0
2023-10-16 13:30:00-04:00,1.8287999629974365,1.8600000143051147,1.8206000328063965,1.8489999771118164,4012,0.0,0.0
2023-10-16 14:30:00-04:00,1.850000023841858,1.850000023841858,1.850000023841858,1.850000023841858,686,0.0,0.0
2023-10-16 15:30:00-04:00,1.850000023841858,1.850000023841858,1.850000023841858,1.850000023841858,157,0.0,0.0
2023-10-17 09:30:00-04:00,1.8301000595092773,1.8301000595092773,1.8301000595092773,1.8301000595092773,156,0.0,0.0
2023-10-17 10:30:00-04:00,1.840000033378601,1.840000033378601,1.840000033378601,1.840000033378601,4244,0.0,0.0
2023-10-17 11:30:00-04:00,1.809999942779541,1.809999942779541,1.809999942779541,1.809999942779541,537,0.0,0.0
2023-10-17 12:30:00-04:00,1.840000033378601,1.840000033378601,1.840000033378601,1.840000033378601,788,0.0,0.0
2023-10-17 14:30:00-04:00,1.8300000429153442,1.8458000421524048,1.8300000429153442,1.8458000421524048,959,0.0,0.0
2023-10-17 15:30:00-04:00,1.8698999881744385,1.8698999881744385,1.8194999694824219,1.8194999694824219,2943,0.0,0.0
2023-10-18 09:30:00-04:00,1.7899999618530273,1.8200000524520874,1.7899999618530273,1.8200000524520874,0,0.0,0.0
2023-10-18 10:30:00-04:00,1.8286000490188599,1.8300000429153442,1.8286000490188599,1.8300000429153442,1411,0.0,0.0
2023-10-18 11:30:00-04:00,1.8301000595092773,1.8301000595092773,1.8301000595092773,1.8301000595092773,162,0.0,0.0
2023-10-18 13:30:00-04:00,1.848099946975708,1.848099946975708,1.848099946975708,1.848099946975708,545,0.0,0.0
2023-10-18 14:30:00-04:00,1.8389999866485596,1.8389999866485596,1.8389999866485596,1.8389999866485596,274,0.0,0.0
2023-10-18 15:30:00-04:00,1.8301000595092773,1.840000033378601,1.8300000429153442,1.8300000429153442,4110,0.0,0.0
2023-10-19 09:30:00-04:00,1.7999999523162842,1.839900016784668,1.7999999523162842,1.8300000429153442,4731,0.0,0.0
2023-10-19 13:30:00-04:00,1.8300000429153442,1.8600000143051147,1.8299000263214111,1.8600000143051147,8823,0.0,0.0
2023-10-19 14:30:00-04:00,1.8601000308990479,1.8601000308990479,1.8300000429153442,1.8300000429153442,0,0.0,0.0
2023-10-20 09:30:00-04:00,1.7999999523162842,1.8898999691009521,1.7899999618530273,1.8552000522613525,12644,0.0,0.0
2023-10-20 11:30:00-04:00,1.8300000429153442,1.8300000429153442,1.809999942779541,1.8198000192642212,1298,0.0,0.0
2023-10-20 12:30:00-04:00,1.809999942779541,1.8698999881744385,1.7860000133514404,1.8698999881744385,2073,0.0,0.0
2023-10-20 14:30:00-04:00,1.8200000524520874,1.8200000524520874,1.8200000524520874,1.8200000524520874,274,0.0,0.0
2023-10-20 15:30:00-04:00,1.7999999523162842,1.809999942779541,1.7799999713897705,1.809999942779541,2248,0.0,0.0
2023-10-23 09:30:00-04:00,1.7999999523162842,1.8600000143051147,1.7899999618530273,1.8600000143051147,2073,0.0,0.0
2023-10-23 10:30:00-04:00,1.8315999507904053,1.8315999507904053,1.8200000524520874,1.8200000524520874,1301,0.0,0.0
2023-10-23 11:30:00-04:00,1.815999984741211,1.8200000524520874,1.815999984741211,1.8200000524520874,575,0.0,0.0
2023-10-23 13:30:00-04:00,1.7999999523162842,1.7999999523162842,1.7870999574661255,1.7899999618530273,604,0.0,0.0
2023-10-23 14:30:00-04:00,1.809999942779541,1.809999942779541,1.7899999618530273,1.7899999618530273,0,0.0,0.0
2023-10-24 09:30:00-04:00,1.7999999523162842,1.809999942779541,1.7999999523162842,1.809999942779541,5022,0.0,0.0
2023-10-24 10:30:00-04:00,1.8698999881744385,1.8698999881744385,1.850000023841858,1.850000023841858,372,0.0,0.0
2023-10-24 11:30:00-04:00,1.8300000429153442,1.8300000429153442,1.7599999904632568,1.7791999578475952,10251,0.0,0.0
2023-10-24 12:30:00-04:00,1.8200000524520874,1.8200000524520874,1.8200000524520874,1.8200000524520874,169,0.0,0.0
2023-10-24 14:30:00-04:00,1.7999999523162842,1.7999999523162842,1.7599999904632568,1.7599999904632568,2144,0.0,0.0
2023-10-24 15:30:00-04:00,1.7999999523162842,1.806399941444397,1.7999999523162842,1.806399941444397,0,0.0,0.0
2023-10-25 09:30:00-04:00,1.9199999570846558,1.9199999570846558,1.8700000047683716,1.8700000047683716,666,0.0,0.0
2023-10-25 10:30:00-04:00,1.850000023841858,1.850000023841858,1.850000023841858,1.850000023841858,344,0.0,0.0
2023-10-25 11:30:00-04:00,1.840000033378601,1.840000033378601,1.840000033378601,1.840000033378601,350,0.0,0.0
2023-10-25 12:30:00-04:00,1.8200000524520874,1.8200000524520874,1.8200000524520874,1.8200000524520874,442,0.0,0.0
2023-10-25 15:30:00-04:00,1.815000057220459,1.8700000047683716,1.815000057220459,1.8300000429153442,0,0.0,0.0
2023-10-26 11:30:00-04:00,1.794100046157837,1.8598999977111816,1.7899999618530273,1.8598999977111816,4761,0.0,0.0
2023-10-26 14:30:00-04:00,1.7999999523162842,1.7999999523162842,1.7999999523162842,1.7999999523162842,271,0.0,0.0
2023-10-26 15:30:00-04:00,1.819200038909912,1.819200038909912,1.819200038909912,1.819200038909912,0,0.0,0.0
2023-10-27 09:30:00-04:00,1.7955000400543213,1.8600000143051147,1.7955000400543213,1.8530000448226929,1759,0.0,0.0
2023-10-27 10:30:00-04:00,1.8250000476837158,1.8250000476837158,1.7899999618530273,1.809999942779541,2504,0.0,0.0
2023-10-27 11:30:00-04:00,1.7999999523162842,1.7999999523162842,1.7899999618530273,1.7899999618530273,883,0.0,0.0
2023-10-27 12:30:00-04:00,1.7899999618530273,1.7990000247955322,1.7799999713897705,1.784999966621399,6569,0.0,0.0
2023-10-27 13:30:00-04:00,1.7699999809265137,1.7699999809265137,1.7698999643325806,1.7698999643325806,1333,0.0,0.0
2023-10-27 15:30:00-04:00,1.7799999713897705,1.7800999879837036,1.75,1.7599999904632568,6308,0.0,0.0
2023-10-30 09:30:00-04:00,1.7899999618530273,1.7899999618530273,1.7389999628067017,1.7899999618530273,2178,0.0,0.0
2023-10-30 10:30:00-04:00,1.7999999523162842,1.8799999952316284,1.7599999904632568,1.840000033378601,5092,0.0,0.0
2023-10-30 11:30:00-04:00,1.840000033378601,1.840000033378601,1.8300000429153442,1.8300000429153442,2239,0.0,0.0
2023-10-30 12:30:00-04:00,1.8200000524520874,1.8200000524520874,1.7800999879837036,1.7800999879837036,1078,0.0,0.0
2023-10-30 13:30:00-04:00,1.7799999713897705,1.7799999713897705,1.7300000190734863,1.7300000190734863,5452,0.0,0.0
2023-10-30 14:30:00-04:00,1.7300000190734863,1.7400000095367432,1.7300000190734863,1.739300012588501,13668,0.0,0.0
2023-10-30 15:30:00-04:00,1.7300000190734863,1.7350000143051147,1.7300000190734863,1.7300000190734863,1556,0.0,0.0
2023-10-31 09:30:00-04:00,1.7300000190734863,1.7599999904632568,1.7300000190734863,1.7502000331878662,1815,0.0,0.0
2023-10-31 10:30:00-04:00,1.75,1.75,1.75,1.75,176,0.0,0.0
2023-10-31 11:30:00-04:00,1.7599999904632568,1.7599999904632568,1.7598999738693237,1.7598999738693237,1240,0.0,0.0
2023-10-31 13:30:00-04:00,1.75,1.75,1.7300000190734863,1.7300000190734863,0,0.0,0.0
2023-10-31 14:30:00-04:00,1.7391999959945679,1.7699999809265137,1.7300000190734863,1.7699999809265137,10764,0.0,0.0
2023-10-31 15:30:00-04:00,1.7698999643325806,1.7698999643325806,1.75,1.7599999904632568,1090,0.0,0.0
2023-11-01 09:30:00-04:00,1.7599999904632568,1.8600000143051147,1.7597999572753906,1.7597999572753906,0,0.0,0.0
2023-11-01 10:30:00-04:00,1.7689000368118286,1.850000023841858,1.7599999904632568,1.7699999809265137,12906,0.0,0.0
2023-11-01 11:30:00-04:00,1.7577999830245972,1.7599999904632568,1.75,1.75,1702,0.0,0.0
2023-11-01 12:30:00-04:00,1.7599999904632568,1.7599999904632568,1.7599999904632568,1.7599999904632568,828,0.0,0.0
2023-11-01 13:30:00-04:00,1.7599999904632568,1.7698999643325806,1.7599999904632568,1.7698999643325806,1226,0.0,0.0
2023-11-01 14:30:00-04:00,1.75,1.75,1.7300000190734863,1.7400000095367432,4262,0.0,0.0
2023-11-01 15:30:00-04:00,1.7400000095367432,1.7400000095367432,1.7300000190734863,1.7300000190734863,0,0.0,0.0
2023-11-02 09:30:00-04:00,1.7400000095367432,1.7999999523162842,1.7400000095367432,1.7999999523162842,4827,0.0,0.0
2023-11-02 10:30:00-04:00,1.784999966621399,1.784999966621399,1.7300000190734863,1.7300000190734863,3345,0.0,0.0
2023-11-02 11:30:00-04:00,1.7300000190734863,1.7400000095367432,1.7300000190734863,1.739799976348877,2025,0.0,0.0
2023-11-02 12:30:00-04:00,1.7799999713897705,1.7799999713897705,1.7799999713897705,1.7799999713897705,100,0.0,0.0
2023-11-02 13:30:00-04:00,1.7647000551223755,1.7680000066757202,1.7647000551223755,1.7680000066757202,0,0.0,0.0
2023-11-03 09:30:00-04:00,1.8013999462127686,1.8013999462127686,1.8013999462127686,1.8013999462127686,564,0.0,0.0
2023-11-03 10:30:00-04:00,1.8650000095367432,1.8650000095367432,1.7999999523162842,1.7999999523162842,1917,0.0,0.0
2023-11-03 11:30:00-04:00,1.7999999523162842,1.7999999523162842,1.7899999618530273,1.7899999618530273,867,0.0,0.0
2023-11-03 13:30:00-04:00,1.7799999713897705,1.7799999713897705,1.7599999904632568,1.7604999542236328,2661,0.0,0.0
2023-11-03 14:30:00-04:00,1.750100016593933,1.750100016593933,1.75,1.75,334,0.0,0.0
2023-11-03 15:30:00-04:00,1.7599999904632568,1.7699999809265137,1.7599999904632568,1.7599999904632568,1150,0.0,0.0
2023-11-06 09:30:00-05:00,1.7300000190734863,1.8200000524520874,1.7269999980926514,1.7506999969482422,1169,0.0,0.0
2023-11-06 11:30:00-05:00,1.7503000497817993,1.7503000497817993,1.7304999828338623,1.7304999828338623,410,0.0,0.0
2023-11-06 12:30:00-05:00,1.7301000356674194,1.75,1.7200000286102295,1.75,15960,0.0,0.0
2023-11-06 13:30:00-05:00,1.75,1.75,1.749899983406067,1.749899983406067,10153,0.0,0.0
2023-11-06 14:30:00-05:00,1.75,1.75,1.75,1.75,1067,0.0,0.0
2023-11-06 15:30:00-05:00,1.7400000095367432,1.7400000095367432,1.725000023841858,1.7300000190734863,4800,0.0,0.0
2023-11-07 09:30:00-05:00,1.75,1.7599999904632568,1.75,1.7503000497817993,0,0.0,0.0
2023-11-07 10:30:00-05:00,1.7554999589920044,1.7554999589920044,1.7554999589920044,1.7554999589920044,423,0.0,0.0
2023-11-07 11:30:00-05:00,1.75,1.7595000267028809,1.75,1.7595000267028809,1828,0.0,0.0
2023-11-07 13:30:00-05:00,1.7336000204086304,1.7400000095367432,1.7336000204086304,1.7400000095367432,544,0.0,0.0
2023-11-07 14:30:00-05:00,1.75,1.75,1.749400019645691,1.75,751,0.0,0.0
2023-11-07 15:30:00-05:00,1.7401000261306763,1.7596999406814575,1.7400000095367432,1.7400000095367432,3913,0.0,0.0
2023-11-08 09:30:00-05:00,1.75,1.7899999618530273,1.75,1.753999948501587,4880,0.0,0.0
2023-11-08 10:30:00-05:00,1.75,1.75,1.7300000190734863,1.7300000190734863,28280,0.0,0.0
2023-11-08 11:30:00-05:00,1.7299000024795532,1.7299000024795532,1.7200000286102295,1.7200000286102295,1267,0.0,0.0
2023-11-08 12:30:00-05:00,1.7200000286102295,1.7200000286102295,1.7200000286102295,1.7200000286102295,1324,0.0,0.0
2023-11-08 13:30:00-05:00,1.7200000286102295,1.7300000190734863,1.7100000381469727,1.7101000547409058,9671,0.0,0.0
2023-11-08 14:30:00-05:00,1.7050000429153442,1.7050000429153442,1.6950000524520874,1.7000000476837158,3376,0.0,0.0
2023-11-08 15:30:00-05:00,1.6950000524520874,1.7000000476837158,1.659999966621399,1.659999966621399,7685,0.0,0.0
2023-11-09 09:30:00-05:00,1.7400000095367432,1.7400000095367432,1.7050000429153442,1.7050000429153442,1712,0.0,0.0
2023-11-09 10:30:00-05:00,1.7599999904632568,1.7599999904632568,1.7400000095367432,1.75,581,0.0,0.0
2023-11-09 11:30:00-05:00,1.7300000190734863,1.7300000190734863,1.7200000286102295,1.7200000286102295,955,0.0,0.0
2023-11-09 12:30:00-05:00,1.7100000381469727,1.7200000286102295,1.7000000476837158,1.7200000286102295,1002,0.0,0.0
2023-11-09 13:30:00-05:00,1.7021000385284424,1.715000033378601,1.684999942779541,1.690000057220459,29668,0.0,0.0
2023-11-09 14:30:00-05:00,1.683899998664856,1.6886999607086182,1.6799999475479126,1.6886999607086182,1529,0.0,0.0
2023-11-09 15:30:00-05:00,1.6799999475479126,1.6799999475479126,1.659999966621399,1.6779999732971191,0,0.0,0.0
2023-11-10 09:30:00-05:00,1.7100000381469727,1.7100000381469727,1.6799999475479126,1.7100000381469727,5682,0.0,0.0
2023-11-10 11:30:00-05:00,1.7000000476837158,1.7000000476837158,1.7000000476837158,1.7000000476837158,301,0.0,0.0
2023-11-10 12:30:00-05:00,1.75,1.75,1.7085000276565552,1.7085000276565552,223,0.0,0.0
2023-11-10 14:30:00-05:00,1.7000000476837158,1.7100000381469727,1.7000000476837158,1.7000999450683594,2680,0.0,0.0
2023-11-10 15:30:00-05:00,1.7100000381469727,1.7999999523162842,1.690000057220459,1.690000057220459,7724,0.0,0.0
2023-11-13 10:30:00-05:00,1.7201000452041626,1.7201000452041626,1.7201000452041626,1.7201000452041626,5109,0.0,0.0
2023-11-13 11:30:00-05:00,1.730299949645996,1.730299949645996,1.730299949645996,1.730299949645996,5062,0.0,0.0
2023-11-13 12:30:00-05:00,1.75,1.75,1.75,1.75,535,0.0,0.0
2023-11-13 13:30:00-05:00,1.75,1.75,1.75,1.75,1280,0.0,0.0
2023-11-13 14:30:00-05:00,1.6902999877929688,1.7000000476837158,1.690000057220459,1.7000000476837158,2580,0.0,0.0
2023-11-13 15:30:00-05:00,1.7100000381469727,1.7100000381469727,1.690000057220459,1.7100000381469727,0,0.0,0.0
2023-11-14 09:30:00-05:00,1.7000000476837158,1.7100000381469727,1.6619999408721924,1.7100000381469727,23578,0.0,0.0
2023-11-14 10:30:00-05:00,1.7100000381469727,1.75,1.7000000476837158,1.7166999578475952,9394,0.0,0.0
2023-11-14 11:30:00-05:00,1.7300000190734863,1.7300000190734863,1.690000057220459,1.690000057220459,8445,0.0,0.0
2023-11-14 12:30:00-05:00,1.7000000476837158,1.7000000476837158,1.659999966621399,1.6699999570846558,8263,0.0,0.0
2023-11-14 13:30:00-05:00,1.6749000549316406,1.6799999475479126,1.6749000549316406,1.6749999523162842,934,0.0,0.0
2023-11-14 14:30:00-05:00,1.6799999475479126,1.6799999475479126,1.649999976158142,1.6699999570846558,5187,0.0,0.0
2023-11-14 15:30:00-05:00,1.6799999475479126,1.6799999475479126,1.659999966621399,1.6699999570846558,6730,0.0,0.0
2023-11-15 09:30:00-05:00,1.6399999856948853,1.6399999856948853,1.5582000017166138,1.600000023841858,8326,0.0,0.0
2023-11-15 10:30:00-05:00,1.638200044631958,1.638200044631958,1.638200044631958,1.638200044631958,411,0.0,0.0
2023-11-15 11:30:00-05:00,1.6399999856948853,1.6399999856948853,1.6390000581741333,1.6390000581741333,825,0.0,0.0
2023-11-15 13:30:00-05:00,1.6349999904632568,1.6399999856948853,1.6349999904632568,1.635200023651123,2265,0.0,0.0
2023-11-15 14:30:00-05:00,1.649999976158142,1.6500999927520752,1.590000033378601,1.6196999549865723,18230,0.0,0.0
2023-11-15 15:30:00-05:00,1.590000033378601,1.6100000143051147,1.5800000429153442,1.5850000381469727,0,0.0,0.0
2023-11-16 09:30:00-05:00,1.659999966621399,1.659999966621399,1.5499999523162842,1.5888999700546265,2458,0.0,0.0
2023-11-16 10:30:00-05:00,1.590000033378601,1.590000033378601,1.5893000364303589,1.5893000364303589,3262,0.0,0.0
2023-11-16 11:30:00-05:00,1.5800000429153442,1.5800000429153442,1.500100016593933,1.5399999618530273,14570,0.0,0.0
2023-11-16 12:30:00-05:00,1.5299999713897705,1.5449999570846558,1.5099999904632568,1.5099999904632568,3925,0.0,0.0
2023-11-16 13:30:00-05:00,1.527999997138977,1.5299999713897705,1.5199999809265137,1.5299999713897705,3603,0.0,0.0
2023-11-16 14:30:00-05:00,1.5299999713897705,1.5583000183105469,1.5299999713897705,1.5399999618530273,1795,0.0,0.0
2023-11-16 15:30:00-05:00,1.537600040435791,1.5399999618530273,1.5,1.5399999618530273,7395,0.0,0.0
2023-11-17 09:30:00-05:00,1.5299999713897705,1.5700000524520874,1.5299999713897705,1.5700000524520874,958,0.0,0.0
2023-11-17 10:30:00-05:00,1.6100000143051147,1.6399999856948853,1.5895999670028687,1.600000023841858,13894,0.0,0.0
2023-11-17 11:30:00-05:00,1.6399999856948853,1.6399999856948853,1.6299999952316284,1.6299999952316284,235,0.0,0.0
2023-11-17 12:30:00-05:00,1.6100000143051147,1.6399999856948853,1.600000023841858,1.600000023841858,2140,0.0,0.0
2023-11-17 13:30:00-05:00,1.6299999952316284,1.6299999952316284,1.5800000429153442,1.6200000047683716,12225,0.0,0.0
2023-11-17 14:30:00-05:00,1.622499942779541,1.622499942779541,1.5800000429153442,1.5800000429153442,920,0.0,0.0
2023-11-17 15:30:00-05:00,1.5800000429153442,1.6100000143051147,1.5800000429153442,1.6050000190734863,3662,0.0,0.0
2023-11-20 09:30:00-05:00,1.6299999952316284,1.649999976158142,1.6100000143051147,1.6100000143051147,0,0.0,0.0
2023-11-20 10:30:00-05:00,1.6399999856948853,1.649999976158142,1.600000023841858,1.600000023841858,849,0.0,0.0
2023-11-20 11:30:00-05:00,1.6018999814987183,1.6399999856948853,1.600000023841858,1.6399999856948853,717,0.0,0.0
2023-11-20 12:30:00-05:00,1.6180000305175781,1.6200000047683716,1.600100040435791,1.6186000108718872,1429,0.0,0.0
2023-11-20 13:30:00-05:00,1.6198999881744385,1.6200000047683716,1.6186000108718872,1.6200000047683716,941,0.0,0.0
2023-11-20 14:30:00-05:00,1.6050000190734863,1.6100000143051147,1.6050000190734863,1.6050000190734863,1202,0.0,0.0
2023-11-20 15:30:00-05:00,1.600000023841858,1.6200000047683716,1.590000033378601,1.6200000047683716,0,0.0,0.0
2023-11-21 09:30:00-05:00,1.590000033378601,1.600000023841858,1.5299999713897705,1.590000033378601,9698,0.0,0.0
2023-11-21 10:30:00-05:00,1.5800000429153442,1.5800000429153442,1.5499999523162842,1.5750000476837158,1209,0.0,0.0
2023-11-21 11:30:00-05:00,1.5745999813079834,1.590000033378601,1.5499999523162842,1.5700000524520874,7361,0.0,0.0
2023-11-21 12:30:00-05:00,1.559999942779541,1.5700000524520874,1.5399999618530273,1.5549999475479126,3022,0.0,0.0
2023-11-21 13:30:00-05:00,1.5657999515533447,1.5700000524520874,1.534999966621399,1.5425000190734863,7470,0.0,0.0
2023-11-21 14:30:00-05:00,1.5499999523162842,1.5599000453948975,1.5299999713897705,1.5299999713897705,7556,0.0,0.0
2023-11-21 15:30:00-05:00,1.5299999713897705,1.5700000524520874,1.5199999809265137,1.562000036239624,9990,0.0,0.0
2023-11-22 09:30:00-05:00,1.5099999904632568,1.5499999523162842,1.5099999904632568,1.5499999523162842,0,0.0,0.0
2023-11-22 10:30:00-05:00,1.5399999618530273,1.559999942779541,1.5399999618530273,1.559999942779541,942,0.0,0.0
2023-11-22 11:30:00-05:00,1.5499999523162842,1.559999942779541,1.5499999523162842,1.559999942779541,12250,0.0,0.0
2023-11-22 12:30:00-05:00,1.5579999685287476,1.559999942779541,1.5549999475479126,1.5549999475479126,8625,0.0,0.0
2023-11-22 13:30:00-05:00,1.55649995803833,1.55649995803833,1.55649995803833,1.55649995803833,1102,0.0,0.0
2023-11-22 14:30:00-05:00,1.559999942779541,1.559999942779541,1.5549999475479126,1.559999942779541,2027,0.0,0.0
2023-11-22 15:30:00-05:00,1.5499999523162842,1.5499999523162842,1.5399999618530273,1.5399999618530273,836,0.0,0.0
2023-11-24 09:30:00-05:00,1.5541000366210938,1.559999942779541,1.5399999618530273,1.559999942779541,3238,0.0,0.0
2023-11-24 10:30:00-05:00,1.5449999570846558,1.5449999570846558,1.5449999570846558,1.5449999570846558,328,0.0,0.0
2023-11-24 11:30:00-05:00,1.5555000305175781,1.5800000429153442,1.5555000305175781,1.5800000429153442,1670,0.0,0.0
2023-11-24 12:30:00-05:00,1.600000023841858,1.600000023841858,1.600000023841858,1.600000023841858,177,0.0,0.0
2023-11-27 09:30:00-05:00,1.5499999523162842,1.6269999742507935,1.5499999523162842,1.6055999994277954,19548,0.0,0.0
2023-11-27 10:30:00-05:00,1.559999942779541,1.5850000381469727,1.559999942779541,1.559999942779541,1995,0.0,0.0
2023-11-27 11:30:00-05:00,1.559999942779541,1.5800000429153442,1.5499999523162842,1.5499999523162842,5755,0.0,0.0
2023-11-27 12:30:00-05:00,1.5199999809265137,1.5699000358581543,1.5099999904632568,1.5299999713897705,3674,0.0,0.0
2023-11-27 13:30:00-05:00,1.5449999570846558,1.559999942779541,1.5299999713897705,1.5499999523162842,7290,0.0,0.0
2023-11-27 14:30:00-05:00,1.5499999523162842,1.5799000263214111,1.5399999618530273,1.559999942779541,4102,0.0,0.0
2023-11-27 15:30:00-05:00,1.559999942779541,1.5700000524520874,1.5199999809265137,1.5399999618530273,9008,0.0,0.0
2023-11-28 09:30:00-05:00,1.5099999904632568,1.590000033378601,1.5099999904632568,1.590000033378601,0,0.0,0.0
2023-11-28 10:30:00-05:00,1.589900016784668,1.5980000495910645,1.589400053024292,1.5980000495910645,1331,0.0,0.0
2023-11-28 12:30:00-05:00,1.559999942779541,1.5700000524520874,1.559999942779541,1.5700000524520874,601,0.0,0.0
2023-11-28 13:30:00-05:00,1.559999942779541,1.559999942779541,1.5549999475479126,1.559999942779541,1279,0.0,0.0
2023-11-28 14:30:00-05:00,1.5499999523162842,1.5499999523162842,1.5499999523162842,1.5499999523162842,564,0.0,0.0
2023-11-28 15:30:00-05:00,1.555999994277954,1.555999994277954,1.5499000549316406,1.5499999523162842,1923,0.0,0.0
2023-11-29 09:30:00-05:00,1.5299999713897705,1.5999000072479248,1.5299999713897705,1.5887999534606934,1315,0.0,0.0
2023-11-29 10:30:00-05:00,1.5750000476837158,1.5750000476837158,1.5750000476837158,1.5750000476837158,842,0.0,0.0
2023-11-29 11:30:00-05:00,1.5722999572753906,1.5722999572753906,1.5722999572753906,1.5722999572753906,106,0.0,0.0
2023-11-29 12:30:00-05:00,1.5724999904632568,1.5878000259399414,1.5724999904632568,1.5878000259399414,547,0.0,0.0
2023-11-29 13:30:00-05:00,1.570099949836731,1.570099949836731,1.5700000524520874,1.5700000524520874,343,0.0,0.0
2023-11-29 14:30:00-05:00,1.5758999586105347,1.590000033378601,1.5758999586105347,1.590000033378601,29018,0.0,0.0
2023-11-29 15:30:00-05:00,1.5800000429153442,1.600000023841858,1.5800000429153442,1.5800000429153442,3360,0.0,0.0
2023-11-30 09:30:00-05:00,1.5750000476837158,1.5750000476837158,1.5750000476837158,1.5750000476837158,207,0.0,0.0
2023-11-30 10:30:00-05:00,1.5750000476837158,1.5750000476837158,1.5750000476837158,1.5750000476837158,769,0.0,0.0
2023-11-30 11:30:00-05:00,1.5700000524520874,1.5800000429153442,1.5700000524520874,1.5800000429153442,598,0.0,0.0
2023-11-30 12:30:00-05:00,1.579800009727478,1.5885000228881836,1.579699993133545,1.5885000228881836,2603,0.0,0.0
2023-11-30 13:30:00-05:00,1.5800000429153442,1.5800000429153442,1.5709999799728394,1.5709999799728394,1432,0.0,0.0
2023-11-30 14:30:00-05:00,1.590000033378601,1.590000033378601,1.5800000429153442,1.5800000429153442,303,0.0,0.0
2023-11-30 15:30:00-05:00,1.5800000429153442,1.5800000429153442,1.5700000524520874,1.5700000524520874,579,0.0,0.0
2023-12-01 09:30:00-05:00,1.5700000524520874,1.6999000310897827,1.5099999904632568,1.6699999570846558,23728,0.0,0.0
2023-12-01 10:30:00-05:00,1.649999976158142,1.6979000568389893,1.649999976158142,1.6700999736785889,8141,0.0,0.0
2023-12-01 11:30:00-05:00,1.649899959564209,1.649999976158142,1.621000051498413,1.621000051498413,4488,0.0,0.0
2023-12-01 13:30:00-05:00,1.639299988746643,1.649999976158142,1.639299988746643,1.6399999856948853,3656,0.0,0.0
2023-12-01 14:30:00-05:00,1.6449999809265137,1.690000057220459,1.6449999809265137,1.660099983215332,7399,0.0,0.0
2023-12-04 09:30:00-05:00,1.659999966621399,1.659999966621399,1.6299999952316284,1.6299999952316284,896,0.0,0.0
2023-12-04 11:30:00-05:00,1.6799999475479126,1.6799999475479126,1.667199969291687,1.6799999475479126,791,0.0,0.0
2023-12-04 12:30:00-05:00,1.6978000402450562,1.6978000402450562,1.6821999549865723,1.6821999549865723,302,0.0,0.0
2023-12-04 13:30:00-05:00,1.7100000381469727,1.730299949645996,1.7100000381469727,1.7300000190734863,2034,0.0,0.0
2023-12-04 14:30:00-05:00,1.7300000190734863,1.7300000190734863,1.7000000476837158,1.7200000286102295,9070,0.0,0.0
2023-12-04 15:30:00-05:00,1.7300000190734863,1.7300000190734863,1.7300000190734863,1.7300000190734863,506,0.0,0.0
2023-12-05 09:30:00-05:00,1.7000000476837158,1.7000000476837158,1.6744999885559082,1.6744999885559082,982,0.0,0.0
2023-12-05 10:30:00-05:00,1.7300000190734863,1.7300000190734863,1.7288000583648682,1.7288000583648682,494,0.0,0.0
2023-12-05 11:30:00-05:00,1.7050000429153442,1.7200000286102295,1.7050000429153442,1.710800051689148,1020,0.0,0.0
2023-12-05 12:30:00-05:00,1.7100000381469727,1.7200000286102295,1.7000000476837158,1.7200000286102295,442,0.0,0.0
2023-12-05 13:30:00-05:00,1.7000999450683594,1.7200000286102295,1.641700029373169,1.6699999570846558,3980,0.0,0.0
2023-12-05 14:30:00-05:00,1.679900050163269,1.6799999475479126,1.679900050163269,1.679900050163269,949,0.0,0.0
2023-12-05 15:30:00-05:00,1.7000000476837158,1.7000000476837158,1.7000000476837158,1.7000000476837158,100,0.0,0.0
2023-12-06 09:30:00-05:00,1.7300000190734863,1.7300000190734863,1.690000057220459,1.690000057220459,0,0.0,0.0
2023-12-06 10:30:00-05:00,1.7400000095367432,1.7400000095367432,1.7400000095367432,1.7400000095367432,251,0.0,0.0
2023-12-06 11:30:00-05:00,1.7300000190734863,1.7350000143051147,1.7200000286102295,1.7200000286102295,936,0.0,0.0
2023-12-06 12:30:00-05:00,1.7200000286102295,1.7200000286102295,1.7200000286102295,1.7200000286102295,414,0.0,0.0
2023-12-06 13:30:00-05:00,1.725000023841858,1.725000023841858,1.725000023841858,1.725000023841858,2103,0.0,0.0
2023-12-06 14:30:00-05:00,1.7300000190734863,1.7300000190734863,1.7100000381469727,1.7100000381469727,2540,0.0,0.0
2023-12-06 15:30:00-05:00,1.7099000215530396,1.7099000215530396,1.7099000215530396,1.7099000215530396,300,0.0,0.0
2023-12-07 09:30:00-05:00,1.6799999475479126,1.6859999895095825,1.6799999475479126,1.6815999746322632,4390,0.0,0.0
2023-12-07 10:30:00-05:00,1.6801999807357788,1.690000057220459,1.6801999807357788,1.690000057220459,1173,0.0,0.0
2023-12-07 11:30:00-05:00,1.6826000213623047,1.6899000406265259,1.6699999570846558,1.6847000122070312,2033,0.0,0.0
2023-12-07 12:30:00-05:00,1.6899000406265259,1.6899000406265259,1.6899000406265259,1.6899000406265259,709,0.0,0.0
2023-12-07 15:30:00-05:00,1.7000000476837158,1.7000000476837158,1.7000000476837158,1.7000000476837158,226,0.0,0.0
2023-12-08 09:30:00-05:00,1.7000000476837158,1.75,1.7000000476837158,1.7073999643325806,8838,0.0,0.0
2023-12-08 11:30:00-05:00,1.7598999738693237,1.7598999738693237,1.7598999738693237,1.7598999738693237,213,0.0,0.0
2023-12-08 12:30:00-05:00,1.722000002861023,1.7400000095367432,1.7200000286102295,1.7200000286102295,3220,0.0,0.0
2023-12-08 13:30:00-05:00,1.6800999641418457,1.6800999641418457,1.6800999641418457,1.6800999641418457,388,0.0,0.0
2023-12-08 14:30:00-05:00,1.6799999475479126,1.7093000411987305,1.6799999475479126,1.7093000411987305,5045,0.0,0.0
2023-12-08 15:30:00-05:00,1.6799999475479126,1.6799999475479126,1.6799999475479126,1.6799999475479126,226,0.0,0.0
2023-12-11 09:30:00-05:00,1.7592999935150146,1.7592999935150146,1.7592999935150146,1.7592999935150146,959,0.0,0.0
2023-12-11 10:30:00-05:00,1.6999000310897827,1.7000000476837158,1.6993999481201172,1.6993999481201172,8705,0.0,0.0
2023-12-11 14:30:00-05:00,1.7000000476837158,1.7000000476837158,1.7000000476837158,1.7000000476837158,548,0.0,0.0
2023-12-11 15:30:00-05:00,1.7000000476837158,1.7000000476837158,1.690000057220459,1.690000057220459,0,0.0,0.0
2023-12-12 09:30:00-05:00,1.7599999904632568,1.7599999904632568,1.6800999641418457,1.6800999641418457,8158,0.0,0.0
2023-12-12 10:30:00-05:00,1.7000000476837158,1.7000000476837158,1.7000000476837158,1.7000000476837158,133,0.0,0.0
2023-12-12 11:30:00-05:00,1.7200000286102295,1.7200000286102295,1.7200000286102295,1.7200000286102295,250,0.0,0.0
2023-12-12 12:30:00-05:00,1.715000033378601,1.715000033378601,1.715000033378601,1.715000033378601,302,0.0,0.0
2023-12-12 15:30:00-05:00,1.7244000434875488,1.7400000095367432,1.715000033378601,1.7400000095367432,1193,0.0,0.0
2023-12-13 09:30:00-05:00,1.7100000381469727,1.7200000286102295,1.7100000381469727,1.7200000286102295,1453,0.0,0.0
2023-12-13 10:30:00-05:00,1.7200000286102295,1.7200000286102295,1.7200000286102295,1.7200000286102295,200,0.0,0.0
2023-12-13 11:30:00-05:00,1.7300000190734863,1.7300000190734863,1.7300000190734863,1.7300000190734863,181,0.0,0.0
2023-12-13 12:30:00-05:00,1.725000023841858,1.725000023841858,1.725000023841858,1.725000023841858,196,0.0,0.0
2023-12-13 13:30:00-05:00,1.73989999294281,1.73989999294281,1.7376999855041504,1.7376999855041504,2380,0.0,0.0
2023-12-13 14:30:00-05:00,1.7000000476837158,1.7000000476837158,1.7000000476837158,1.7000000476837158,213,0.0,0.0
2023-12-13 15:30:00-05:00,1.690000057220459,1.7049000263214111,1.6699999570846558,1.6699999570846558,1671,0.0,0.0
2023-12-14 09:30:00-05:00,1.7000000476837158,1.7000000476837158,1.7000000476837158,1.7000000476837158,741,0.0,0.0
2023-12-14 10:30:00-05:00,1.690000057220459,1.7000000476837158,1.684999942779541,1.7000000476837158,2688,0.0,0.0
2023-12-14 11:30:00-05:00,1.75,1.7599999904632568,1.749899983406067,1.754699945449829,8964,0.0,0.0
2023-12-14 12:30:00-05:00,1.75,1.75,1.75,1.75,212,0.0,0.0
2023-12-14 13:30:00-05:00,1.7201000452041626,1.7201000452041626,1.7201000452041626,1.7201000452041626,426,0.0,0.0
2023-12-14 14:30:00-05:00,1.7100000381469727,1.7300000190734863,1.684399962425232,1.684399962425232,5934,0.0,0.0
2023-12-14 15:30:00-05:00,1.7496000528335571,1.75,1.7496000528335571,1.75,0,0.0,0.0
2023-12-15 09:30:00-05:00,1.7300000190734863,1.7599999904632568,1.6924999952316284,1.6924999952316284,2979,0.0,0.0
2023-12-15 10:30:00-05:00,1.75,1.75,1.710800051689148,1.710800051689148,802,0.0,0.0
2023-12-15 11:30:00-05:00,1.7100000381469727,1.7100000381469727,1.7100000381469727,1.7100000381469727,524,0.0,0.0
2023-12-15 12:30:00-05:00,1.7300000190734863,1.7799999713897705,1.7300000190734863,1.7791999578475952,33806,0.0,0.0
2023-12-15 13:30:00-05:00,1.7824000120162964,1.7865999937057495,1.7824000120162964,1.7865999937057495,1117,0.0,0.0
2023-12-15 14:30:00-05:00,1.7913000583648682,1.8200000524520874,1.7913000583648682,1.8200000524520874,1558,0.0,0.0
2023-12-15 15:30:00-05:00,1.8212000131607056,1.9299999475479126,1.8212000131607056,1.8899999856948853,7884,0.0,0.0
2023-12-18 09:30:00-05:00,1.8300000429153442,1.8300000429153442,1.7200000286102295,1.7301000356674194,16007,0.0,0.0
2023-12-18 10:30:00-05:00,1.73989999294281,1.7999999523162842,1.739799976348877,1.7899999618530273,52734,0.0,0.0
2023-12-18 11:30:00-05:00,1.805299997329712,1.850000023841858,1.7999999523162842,1.8320000171661377,13638,0.0,0.0
2023-12-18 12:30:00-05:00,1.8450000286102295,1.899999976158142,1.7999999523162842,1.8600000143051147,23348,0.0,0.0
2023-12-18 13:30:00-05:00,1.8600000143051147,1.8650000095367432,1.7999999523162842,1.8600000143051147,1342,0.0,0.0
2023-12-18 14:30:00-05:00,1.8000999689102173,1.8799999952316284,1.8000999689102173,1.8799999952316284,1948,0.0,0.0
2023-12-18 15:30:00-05:00,1.8595000505447388,1.8700000047683716,1.8595000505447388,1.8700000047683716,761,0.0,0.0
2023-12-19 09:30:00-05:00,1.7999999523162842,1.809999942779541,1.7800999879837036,1.7999999523162842,0,0.0,0.0
2023-12-19 10:30:00-05:00,1.7799999713897705,1.7799999713897705,1.75,1.75,8504,0.0,0.0
2023-12-19 11:30:00-05:00,1.75,1.7799999713897705,1.7200000286102295,1.7200000286102295,3181,0.0,0.0
2023-12-19 12:30:00-05:00,1.7200000286102295,1.7699999809265137,1.7200000286102295,1.7599999904632568,2569,0.0,0.0
2023-12-19 13:30:00-05:00,1.7599999904632568,1.7790000438690186,1.7599999904632568,1.7649999856948853,5884,0.0,0.0
2023-12-19 14:30:00-05:00,1.7649999856948853,1.7798999547958374,1.75,1.7699999809265137,6408,0.0,0.0
2023-12-19 15:30:00-05:00,1.7699999809265137,1.840000033378601,1.7599999904632568,1.7999999523162842,0,0.0,0.0
2023-12-20 09:30:00-05:00,1.75,1.75,1.75,1.75,239,0.0,0.0
2023-12-20 10:30:00-05:00,1.7467999458312988,1.8370000123977661,1.7467999458312988,1.8370000123977661,8163,0.0,0.0
2023-12-20 11:30:00-05:00,1.8199000358581543,1.8200000524520874,1.809999942779541,1.809999942779541,13215,0.0,0.0
2023-12-20 12:30:00-05:00,1.809999942779541,1.809999942779541,1.7999999523162842,1.7999999523162842,1471,0.0,0.0
2023-12-20 13:30:00-05:00,1.8199000358581543,1.8199000358581543,1.7699999809265137,1.7699999809265137,361,0.0,0.0
2023-12-20 14:30:00-05:00,1.7699999809265137,1.7999999523162842,1.75,1.75,24707,0.0,0.0
2023-12-20 15:30:00-05:00,1.75,1.75,1.7300000190734863,1.7300000190734863,2211,0.0,0.0
2023-12-21 09:30:00-05:00,1.809999942779541,1.9700000286102295,1.7599999904632568,1.7599999904632568,20692,0.0,0.0
2023-12-21 10:30:00-05:00,1.7599999904632568,1.7599999904632568,1.7400000095367432,1.75,5816,0.0,0.0
2023-12-21 11:30:00-05:00,1.7400000095367432,1.8200000524520874,1.7400000095367432,1.7999999523162842,24490,0.0,0.0
2023-12-21 12:30:00-05:00,1.784999966621399,1.809999942779541,1.784999966621399,1.809999942779541,13522,0.0,0.0
2023-12-21 13:30:00-05:00,1.850000023841858,1.850000023841858,1.7999999523162842,1.809999942779541,4801,0.0,0.0
2023-12-21 14:30:00-05:00,1.7999999523162842,1.8200000524520874,1.7999999523162842,1.8200000524520874,1802,0.0,0.0
2023-12-21 15:30:00-05:00,1.8200000524520874,1.820099949836731,1.7999999523162842,1.7999999523162842,5235,0.0,0.0
2023-12-22 09:30:00-05:00,1.8899999856948853,1.9455000162124634,1.8899999856948853,1.8899999856948853,24994,0.0,0.0
2023-12-22 10:30:00-05:00,1.8899999856948853,1.8899999856948853,1.8300000429153442,1.8300000429153442,3724,0.0,0.0
2023-12-22 11:30:00-05:00,1.850000023841858,1.850000023841858,1.8494999408721924,1.8494999408721924,951,0.0,0.0
2023-12-22 12:30:00-05:00,1.8600000143051147,1.8600000143051147,1.8600000143051147,1.8600000143051147,384,0.0,0.0
2023-12-22 13:30:00-05:00,1.8899999856948853,1.8899999856948853,1.8700000047683716,1.8774000406265259,515,0.0,0.0
2023-12-22 14:30:00-05:00,1.8600000143051147,1.875,1.8600000143051147,1.8700000047683716,5695,0.0,0.0
2023-12-22 15:30:00-05:00,1.909999966621399,1.909999966621399,1.909999966621399,1.909999966621399,189,0.0,0.0
2023-12-26 09:30:00-05:00,1.8600000143051147,1.9699000120162964,1.8600000143051147,1.934999942779541,5205,0.0,0.0
2023-12-26 10:30:00-05:00,1.9499000310897827,1.9499000310897827,1.899999976158142,1.899999976158142,2200,0.0,0.0
2023-12-26 11:30:00-05:00,1.9141000509262085,1.934999942779541,1.9141000509262085,1.934999942779541,513,0.0,0.0
2023-12-26 13:30:00-05:00,1.940000057220459,1.940000057220459,1.9299999475479126,1.9299999475479126,698,0.0,0.0
2023-12-26 14:30:00-05:00,1.9450000524520874,1.9534000158309937,1.9299999475479126,1.9534000158309937,3779,0.0,0.0
2023-12-26 15:30:00-05:00,1.9329999685287476,1.9500000476837158,1.8902000188827515,1.9500000476837158,0,0.0,0.0
2023-12-27 09:30:00-05:00,1.940000057220459,1.986299991607666,1.940000057220459,1.940000057220459,2659,0.0,0.0
2023-12-27 10:30:00-05:00,1.9299999475479126,1.9299999475479126,1.9299999475479126,1.9299999475479126,140,0.0,0.0
2023-12-27 11:30:00-05:00,1.9299999475479126,1.9299999475479126,1.9299999475479126,1.9299999475479126,666,0.0,0.0
2023-12-27 12:30:00-05:00,1.906999945640564,1.909999966621399,1.850000023841858,1.8799999952316284,1029,0.0,0.0
2023-12-27 13:30:00-05:00,1.8889000415802002,2.059999942779541,1.847599983215332,1.899999976158142,85637,0.0,0.0
2023-12-27 14:30:00-05:00,1.9149999618530273,1.940000057220459,1.899999976158142,1.9299999475479126,5137,0.0,0.0
2023-12-27 15:30:00-05:00,1.9500000476837158,1.9500000476837158,1.909999966621399,1.9149999618530273,0,0.0,0.0
2023-12-28 09:30:00-05:00,1.9800000190734863,2.009999990463257,1.940000057220459,1.964400053024292,19254,0.0,0.0
2023-12-28 10:30:00-05:00,1.965000033378601,1.9900000095367432,1.9500000476837158,1.9700000286102295,3742,0.0,0.0
2023-12-28 11:30:00-05:00,1.9800000190734863,1.9800000190734863,1.9500000476837158,1.965000033378601,1810,0.0,0.0
2023-12-28 12:30:00-05:00,1.9900000095367432,1.9900000095367432,1.9500000476837158,1.975000023841858,305,0.0,0.0
2023-12-28 13:30:00-05:00,1.965000033378601,1.965000033378601,1.965000033378601,1.965000033378601,3245,0.0,0.0
2023-12-28 14:30:00-05:00,1.9601000547409058,1.9800000190734863,1.9199999570846558,1.9600000381469727,5508,0.0,0.0
2023-12-28 15:30:00-05:00,1.940000057220459,1.9400999546051025,1.909999966621399,1.909999966621399,0,0.0,0.0
2023-12-29 09:30:00-05:00,1.940000057220459,2.045300006866455,1.940000057220459,2.0299999713897705,3592,0.0,0.0
2023-12-29 10:30:00-05:00,2.009999990463257,2.009999990463257,2.009999990463257,2.009999990463257,123,0.0,0.0
2023-12-29 11:30:00-05:00,2.0004000663757324,2.0004000663757324,1.9500999450683594,1.9500999450683594,5448,0.0,0.0
2023-12-29 12:30:00-05:00,1.9500999450683594,1.9700000286102295,1.9500000476837158,1.9700000286102295,3725,0.0,0.0
2023-12-29 13:30:00-05:00,1.9500000476837158,1.9500000476837158,1.9299999475479126,1.9299999475479126,4666,0.0,0.0
2023-12-29 14:30:00-05:00,1.9299999475479126,1.940000057220459,1.9249999523162842,1.940000057220459,671,0.0,0.0
2023-12-29 15:30:00-05:00,1.909999966621399,1.909999966621399,1.8799999952316284,1.8799999952316284,15348,0.0,0.0
2024-01-02 09:30:00-05:00,1.9800000190734863,2.0,1.9800000190734863,1.9800000190734863,2895,0.0,0.0
2024-01-02 10:30:00-05:00,2.0,2.0,1.975000023841858,1.9900000095367432,5570,0.0,0.0
2024-01-02 11:30:00-05:00,1.9865000247955322,1.9865000247955322,1.9800000190734863,1.9800000190734863,2839,0.0,0.0
2024-01-02 12:30:00-05:00,1.9900000095367432,1.9900000095367432,1.9500000476837158,1.9500000476837158,751,0.0,0.0
2024-01-02 13:30:00-05:00,1.9500000476837158,1.9500000476837158,1.9175000190734863,1.9199999570846558,3724,0.0,0.0
2024-01-02 14:30:00-05:00,1.9600000381469727,1.9600000381469727,1.9600000381469727,1.9600000381469727,129,0.0,0.0
2024-01-02 15:30:00-05:00,1.9500000476837158,1.9700000286102295,1.9464000463485718,1.9700000286102295,1943,0.0,0.0
2024-01-03 09:30:00-05:00,1.9299999475479126,1.9299999475479126,1.8732999563217163,1.8732999563217163,2910,0.0,0.0
2024-01-03 10:30:00-05:00,1.8899999856948853,1.940000057220459,1.8899999856948853,1.9149999618530273,4227,0.0,0.0
2024-01-03 11:30:00-05:00,1.9299999475479126,1.940000057220459,1.9299999475479126,1.940000057220459,1220,0.0,0.0
2024-01-03 12:30:00-05:00,1.934999942779541,1.9600000381469727,1.934999942779541,1.9563000202178955,3575,0.0,0.0
2024-01-03 14:30:00-05:00,1.9700000286102295,1.9700000286102295,1.9600000381469727,1.9600000381469727,823,0.0,0.0
2024-01-03 15:30:00-05:00,1.9500000476837158,1.9700000286102295,1.9500000476837158,1.9500000476837158,4273,0.0,0.0
2024-01-04 09:30:00-05:00,1.9500000476837158,1.9805999994277954,1.9199999570846558,1.9199999570846558,10346,0.0,0.0
2024-01-04 10:30:00-05:00,1.909999966621399,1.940000057220459,1.909999966621399,1.940000057220459,2350,0.0,0.0
2024-01-04 11:30:00-05:00,1.9450000524520874,1.9900000095367432,1.9450000524520874,1.9500000476837158,2735,0.0,0.0
2024-01-04 12:30:00-05:00,1.9463000297546387,1.9700000286102295,1.9450000524520874,1.9500000476837158,5664,0.0,0.0
2024-01-04 13:30:00-05:00,1.9674999713897705,1.9700000286102295,1.9500000476837158,1.9700000286102295,4425,0.0,0.0
2024-01-04 14:30:00-05:00,1.965000033378601,1.965000033378601,1.9500000476837158,1.9500000476837158,2477,0.0,0.0
2024-01-04 15:30:00-05:00,1.940000057220459,1.9700000286102295,1.9199999570846558,1.9700000286102295,2942,0.0,0.0
2024-01-05 10:30:00-05:00,1.9900000095367432,1.9900000095367432,1.9266999959945679,1.9266999959945679,692,0.0,0.0
2024-01-05 14:30:00-05:00,1.9600000381469727,1.9600000381469727,1.9600000381469727,1.9600000381469727,199,0.0,0.0
2024-01-05 15:30:00-05:00,1.9600000381469727,1.9800000190734863,1.9579999446868896,1.9800000190734863,1055,0.0,0.0
2024-01-08 09:30:00-05:00,1.9199999570846558,1.9700000286102295,1.9199999570846558,1.9359999895095825,6093,0.0,0.0
2024-01-08 10:30:00-05:00,1.9800000190734863,2.0,1.9800000190734863,1.9980000257492065,1024,0.0,0.0
2024-01-08 12:30:00-05:00,1.940000057220459,1.9600000381469727,1.9299999475479126,1.9600000381469727,7963,0.0,0.0
2024-01-08 14:30:00-05:00,1.9800000190734863,1.9800000190734863,1.9800000190734863,1.9800000190734863,746,0.0,0.0
2024-01-08 15:30:00-05:00,1.9627000093460083,1.9627000093460083,1.9600000381469727,1.9600000381469727,1201,0.0,0.0
2024-01-09 09:30:00-05:00,1.9500000476837158,1.9900000095367432,1.940000057220459,1.940000057220459,1975,0.0,0.0
2024-01-09 10:30:00-05:00,1.940000057220459,1.940000057220459,1.940000057220459,1.940000057220459,1030,0.0,0.0
2024-01-09 11:30:00-05:00,1.9414000511169434,1.9500000476837158,1.9414000511169434,1.9500000476837158,1218,0.0,0.0
2024-01-09 12:30:00-05:00,1.940000057220459,1.940000057220459,1.9199999570846558,1.9199999570846558,5099,0.0,0.0
2024-01-09 13:30:00-05:00,1.9479999542236328,1.9600000381469727,1.899999976158142,1.899999976158142,9606,0.0,0.0
2024-01-09 14:30:00-05:00,1.909999966621399,1.910099983215332,1.899999976158142,1.899999976158142,5960,0.0,0.0
2024-01-09 15:30:00-05:00,1.8799999952316284,1.8799999952316284,1.8600000143051147,1.8600000143051147,0,0.0,0.0
2024-01-10 09:30:00-05:00,1.899999976158142,1.9249999523162842,1.8700000047683716,1.9249999523162842,10721,0.0,0.0
2024-01-10 11:30:00-05:00,1.9179999828338623,1.9299999475479126,1.909999966621399,1.9200999736785889,5615,0.0,0.0
2024-01-10 12:30:00-05:00,1.9652999639511108,1.9652999639511108,1.9652999639511108,1.9652999639511108,1049,0.0,0.0
2024-01-10 14:30:00-05:00,1.9500000476837158,1.9600000381469727,1.9500000476837158,1.9600000381469727,6131,0.0,0.0
2024-01-10 15:30:00-05:00,1.9299999475479126,1.940000057220459,1.9199999570846558,1.940000057220459,0,0.0,0.0
2024-01-11 09:30:00-05:00,1.9199999570846558,1.9600000381469727,1.9199999570846558,1.926200032234192,5066,0.0,0.0
2024-01-11 10:30:00-05:00,1.9299999475479126,1.9299999475479126,1.9199999570846558,1.9199999570846558,1537,0.0,0.0
2024-01-11 11:30:00-05:00,1.9448000192642212,1.9448000192642212,1.9448000192642212,1.9448000192642212,253,0.0,0.0
2024-01-11 12:30:00-05:00,1.940000057220459,1.940000057220459,1.940000057220459,1.940000057220459,189,0.0,0.0
2024-01-11 13:30:00-05:00,1.9199999570846558,1.9199999570846558,1.9199999570846558,1.9199999570846558,905,0.0,0.0
2024-01-11 14:30:00-05:00,1.871999979019165,1.871999979019165,1.871999979019165,1.871999979019165,1056,0.0,0.0
2024-01-11 15:30:00-05:00,1.8700000047683716,1.8700000047683716,1.8700000047683716,1.8700000047683716,0,0.0,0.0
2024-01-12 09:30:00-05:00,1.8799999952316284,1.9499000310897827,1.8799999952316284,1.9499000310897827,764,0.0,0.0
2024-01-12 10:30:00-05:00,1.909999966621399,1.909999966621399,1.909999966621399,1.909999966621399,158,0.0,0.0
2024-01-12 11:30:00-05:00,1.88100004196167,1.9299999475479126,1.8799999952316284,1.9199999570846558,2201,0.0,0.0
2024-01-12 12:30:00-05:00,1.9199999570846558,1.9199999570846558,1.899999976158142,1.899999976158142,2626,0.0,0.0
2024-01-12 13:30:00-05:00,1.909999966621399,1.92330002784729,1.909999966621399,1.92330002784729,801,0.0,0.0
2024-01-12 14:30:00-05:00,1.909999966621399,1.9299999475479126,1.909999966621399,1.9299999475479126,719,0.0,0.0
2024-01-12 15:30:00-05:00,1.9199999570846558,1.9299999475479126,1.9191999435424805,1.9299999475479126,2241,0.0,0.0
2024-01-16 09:30:00-05:00,1.920300006866455,1.9299999475479126,1.9199999570846558,1.929900050163269,0,0.0,0.0
2024-01-16 10:30:00-05:00,1.9299999475479126,1.9299999475479126,1.9299999475479126,1.9299999475479126,4000,0.0,0.0
2024-01-16 11:30:00-05:00,1.9386999607086182,1.9386999607086182,1.9386999607086182,1.9386999607086182,1001,0.0,0.0
2024-01-16 12:30:00-05:00,1.9550000429153442,1.9550000429153442,1.9550000429153442,1.9550000429153442,2018,0.0,0.0
2024-01-16 15:30:00-05:00,1.934999942779541,1.934999942779541,1.9199999570846558,1.9299999475479126,0,0.0,0.0
2024-01-17 09:30:00-05:00,1.9199999570846558,1.9299999475479126,1.9199999570846558,1.9299999475479126,1601,0.0,0.0
2024-01-17 12:30:00-05:00,1.940000057220459,1.9500000476837158,1.9299999475479126,1.9500000476837158,3249,0.0,0.0
2024-01-17 15:30:00-05:00,1.9500000476837158,1.9500000476837158,1.9500000476837158,1.9500000476837158,0,0.0,0.0
2024-01-18 10:30:00-05:00,1.9500999450683594,1.9500999450683594,1.9500999450683594,1.9500999450683594,5454,0.0,0.0
2024-01-18 12:30:00-05:00,1.9550000429153442,1.9550000429153442,1.9500000476837158,1.9500999450683594,1892,0.0,0.0
2024-01-18 14:30:00-05:00,1.965000033378601,2.029900074005127,1.965000033378601,2.029900074005127,3710,0.0,0.0
2024-01-18 15:30:00-05:00,2.0,2.0199999809265137,2.0,2.0199999809265137,0,0.0,0.0
2024-01-19 10:30:00-05:00,2.015000104904175,2.015000104904175,2.015000104904175,2.015000104904175,566,0.0,0.0
2024-01-19 11:30:00-05:00,2.0250000953674316,2.0250000953674316,2.015000104904175,2.015000104904175,202,0.0,0.0
2024-01-19 12:30:00-05:00,2.015000104904175,2.0999999046325684,2.015000104904175,2.0999999046325684,20988,0.0,0.0
2024-01-19 13:30:00-05:00,2.0885000228881836,2.0999999046325684,2.0885000228881836,2.0999999046325684,1668,0.0,0.0
2024-01-19 14:30:00-05:00,2.0625,2.0625,2.0625,2.0625,1011,0.0,0.0
2024-01-19 15:30:00-05:00,2.0899999141693115,2.109999895095825,2.059999942779541,2.109999895095825,3429,0.0,0.0
2024-01-22 09:30:00-05:00,2.109999895095825,2.140000104904175,2.0999999046325684,2.134999990463257,10836,0.0,0.0
2024-01-22 10:30:00-05:00,2.1301000118255615,2.13700008392334,2.130000114440918,2.13700008392334,8133,0.0,0.0
2024-01-22 11:30:00-05:00,2.140000104904175,2.140000104904175,2.130000114440918,2.130000114440918,4460,0.0,0.0
2024-01-22 12:30:00-05:00,2.0899999141693115,2.0899999141693115,2.0899999141693115,2.0899999141693115,311,0.0,0.0
2024-01-22 13:30:00-05:00,2.0950000286102295,2.0950000286102295,2.0950000286102295,2.0950000286102295,621,0.0,0.0
2024-01-22 15:30:00-05:00,2.1050000190734863,2.109999895095825,2.0899999141693115,2.109999895095825,3408,0.0,0.0
2024-01-23 10:30:00-05:00,2.0511999130249023,2.065000057220459,2.0511999130249023,2.065000057220459,1997,0.0,0.0
2024-01-23 11:30:00-05:00,2.069999933242798,2.069999933242798,2.05049991607666,2.0546998977661133,3805,0.0,0.0
2024-01-23 12:30:00-05:00,2.0785000324249268,2.109999895095825,2.069000005722046,2.0899999141693115,2810,0.0,0.0
2024-01-23 13:30:00-05:00,2.0999999046325684,2.200000047683716,2.0899999141693115,2.0899999141693115,15184,0.0,0.0
2024-01-23 14:30:00-05:00,2.1500000953674316,2.180000066757202,2.140000104904175,2.180000066757202,6385,0.0,0.0
2024-01-23 15:30:00-05:00,2.180000066757202,2.200000047683716,2.140000104904175,2.1649999618530273,4193,0.0,0.0
2024-01-24 09:30:00-05:00,2.2100000381469727,2.2184998989105225,2.1500000953674316,2.2100000381469727,17370,0.0,0.0
2024-01-24 10:30:00-05:00,2.2149999141693115,2.2149999141693115,2.210200071334839,2.2114999294281006,3572,0.0,0.0
2024-01-24 11:30:00-05:00,2.2100000381469727,2.2100000381469727,2.200000047683716,2.2049999237060547,23232,0.0,0.0
2024-01-24 12:30:00-05:00,2.200000047683716,2.2049999237060547,2.200000047683716,2.2049999237060547,11962,0.0,0.0
2024-01-24 13:30:00-05:00,2.200000047683716,2.2049999237060547,2.200000047683716,2.200000047683716,26685,0.0,0.0
2024-01-24 14:30:00-05:00,2.2002999782562256,2.20989990234375,2.200000047683716,2.200000047683716,14249,0.0,0.0
2024-01-24 15:30:00-05:00,2.200000047683716,2.2100000381469727,2.200000047683716,2.2100000381469727,0,0.0,0.0
2024-01-25 09:30:00-05:00,2.180000066757202,2.180000066757202,2.149899959564209,2.1500000953674316,2046,0.0,0.0
2024-01-25 10:30:00-05:00,2.130000114440918,2.130000114440918,2.130000114440918,2.130000114440918,153,0.0,0.0
2024-01-25 11:30:00-05:00,2.1695001125335693,2.174999952316284,2.1695001125335693,2.174999952316284,1562,0.0,0.0
2024-01-25 12:30:00-05:00,2.184999942779541,2.184999942779541,2.184999942779541,2.184999942779541,160,0.0,0.0
2024-01-25 13:30:00-05:00,2.190000057220459,2.194999933242798,2.150099992752075,2.184999942779541,6354,0.0,0.0
2024-01-25 14:30:00-05:00,2.190000057220459,2.190000057220459,2.190000057220459,2.190000057220459,226,0.0,0.0
2024-01-25 15:30:00-05:00,2.170099973678589,2.190000057220459,2.1700000762939453,2.190000057220459,0,0.0,0.0
2024-01-26 09:30:00-05:00,2.2100000381469727,2.2399001121520996,2.200000047683716,2.2399001121520996,20116,0.0,0.0
2024-01-26 10:30:00-05:00,2.237299919128418,2.2792000770568848,2.237299919128418,2.259999990463257,15909,0.0,0.0
2024-01-26 11:30:00-05:00,2.2750000953674316,2.299999952316284,2.25,2.255000114440918,7005,0.0,0.0
2024-01-26 12:30:00-05:00,2.2599000930786133,2.259999990463257,2.2100000381469727,2.240000009536743,7006,0.0,0.0
2024-01-26 13:30:00-05:00,2.2100000381469727,2.259999990463257,2.2100000381469727,2.25,2403,0.0,0.0
2024-01-26 14:30:00-05:00,2.25,2.2799999713897705,2.2300000190734863,2.2701001167297363,10065,0.0,0.0
2024-01-26 15:30:00-05:00,2.288300037384033,2.299999952316284,2.25,2.299999952316284,12371,0.0,0.0
2024-01-29 09:30:00-05:00,2.25,2.2799999713897705,2.25,2.2799999713897705,1369,0.0,0.0
2024-01-29 10:30:00-05:00,2.2809998989105225,2.2809998989105225,2.2809998989105225,2.2809998989105225,1953,0.0,0.0
2024-01-29 12:30:00-05:00,2.259999990463257,2.259999990463257,2.25,2.2500998973846436,2418,0.0,0.0
2024-01-29 13:30:00-05:00,2.2699999809265137,2.2718000411987305,2.261199951171875,2.261199951171875,888,0.0,0.0
2024-01-29 14:30:00-05:00,2.273200035095215,2.273200035095215,2.25,2.265000104904175,4104,0.0,0.0
2024-01-29 15:30:00-05:00,2.272900104522705,2.2799999713897705,2.272900104522705,2.2799999713897705,721,0.0,0.0
2024-01-30 09:30:00-05:00,2.2699999809265137,2.369999885559082,2.2699999809265137,2.2799999713897705,14729,0.0,0.0
2024-01-30 10:30:00-05:00,2.3499999046325684,2.3499999046325684,2.300100088119507,2.339900016784668,7224,0.0,0.0
2024-01-30 11:30:00-05:00,2.3399999141693115,2.3399999141693115,2.319999933242798,2.319999933242798,266,0.0,0.0
2024-01-30 12:30:00-05:00,2.3203999996185303,2.3203999996185303,2.297800064086914,2.297800064086914,2718,0.0,0.0
2024-01-30 13:30:00-05:00,2.307800054550171,2.307800054550171,2.307800054550171,2.307800054550171,955,0.0,0.0
2024-01-30 14:30:00-05:00,2.2983999252319336,2.2983999252319336,2.2950000762939453,2.2980000972747803,908,0.0,0.0
2024-01-30 15:30:00-05:00,2.2899999618530273,2.315000057220459,2.2899999618530273,2.299999952316284,0,0.0,0.0
2024-01-31 09:30:00-05:00,2.3399999141693115,2.3399999141693115,2.200000047683716,2.2356998920440674,4627,0.0,0.0
2024-01-31 10:30:00-05:00,2.2500998973846436,2.359999895095825,2.2500998973846436,2.359999895095825,4836,0.0,0.0
2024-01-31 11:30:00-05:00,2.2699999809265137,2.2699999809265137,2.2699999809265137,2.2699999809265137,436,0.0,0.0
2024-01-31 12:30:00-05:00,2.319999933242798,2.3399999141693115,2.29010009765625,2.29010009765625,3631,0.0,0.0
2024-01-31 13:30:00-05:00,2.2899999618530273,2.2899999618530273,2.259999990463257,2.2600998878479004,4643,0.0,0.0
2024-01-31 14:30:00-05:00,2.2655999660491943,2.2655999660491943,2.2100000381469727,2.210200071334839,5014,0.0,0.0
2024-01-31 15:30:00-05:00,2.25,2.25,2.1700000762939453,2.1700000762939453,3096,0.0,0.0
2024-02-01 09:30:00-05:00,2.25,2.265399932861328,2.1700000762939453,2.2100000381469727,0,0.0,0.0
2024-02-01 10:30:00-05:00,2.1600000858306885,2.1700000762939453,2.1600000858306885,2.1700000762939453,1042,0.0,0.0
2024-02-01 11:30:00-05:00,2.2300000190734863,2.2300000190734863,2.164400100708008,2.164400100708008,861,0.0,0.0
2024-02-01 12:30:00-05:00,2.202199935913086,2.202199935913086,2.200000047683716,2.200000047683716,2904,0.0,0.0
2024-02-01 13:30:00-05:00,2.1700000762939453,2.200000047683716,2.1600000858306885,2.200000047683716,10926,0.0,0.0
2024-02-01 14:30:00-05:00,2.1956000328063965,2.200000047683716,2.1900999546051025,2.1900999546051025,708,0.0,0.0
2024-02-01 15:30:00-05:00,2.190000057220459,2.190000057220459,2.190000057220459,2.190000057220459,157,0.0,0.0
2024-02-02 09:30:00-05:00,2.2100000381469727,2.347599983215332,2.1965999603271484,2.197999954223633,0,0.0,0.0
2024-02-02 11:30:00-05:00,2.1928999423980713,2.1928999423980713,2.1928999423980713,2.1928999423980713,790,0.0,0.0
2024-02-02 13:30:00-05:00,2.2049999237060547,2.2049999237060547,2.1500000953674316,2.1500000953674316,2327,0.0,0.0
2024-02-02 14:30:00-05:00,2.1572999954223633,2.1600000858306885,2.1500000953674316,2.1600000858306885,467,0.0,0.0
2024-02-02 15:30:00-05:00,2.2100000381469727,2.2100000381469727,2.1600000858306885,2.1600000858306885,503,0.0,0.0
2024-02-05 09:30:00-05:00,2.1500000953674316,2.200000047683716,2.1500000953674316,2.200000047683716,865,0.0,0.0
2024-02-05 10:30:00-05:00,2.2158000469207764,2.2158000469207764,2.2158000469207764,2.2158000469207764,600,0.0,0.0
2024-02-05 11:30:00-05:00,2.2397000789642334,2.2699999809265137,2.2300000190734863,2.2300000190734863,1602,0.0,0.0
2024-02-05 13:30:00-05:00,2.1800999641418457,2.1800999641418457,2.1800999641418457,2.1800999641418457,2502,0.0,0.0
2024-02-05 14:30:00-05:00,2.2200000286102295,2.2279999256134033,2.2200000286102295,2.2279999256134033,200,0.0,0.0
2024-02-05 15:30:00-05:00,2.2300000190734863,2.259999990463257,2.2300000190734863,2.259999990463257,0,0.0,0.0
2024-02-06 10:30:00-05:00,2.2200000286102295,2.2300000190734863,2.2200000286102295,2.2300000190734863,1055,0.0,0.0
2024-02-06 11:30:00-05:00,2.194999933242798,2.194999933242798,2.194999933242798,2.194999933242798,310,0.0,0.0
2024-02-06 14:30:00-05:00,2.1700000762939453,2.1700000762939453,2.1500000953674316,2.1500000953674316,835,0.0,0.0
2024-02-06 15:30:00-05:00,2.119999885559082,2.1600000858306885,2.109999895095825,2.1600000858306885,0,0.0,0.0
2024-02-07 09:30:00-05:00,2.110100030899048,2.1356000900268555,2.0899999141693115,2.091200113296509,4403,0.0,0.0
2024-02-07 10:30:00-05:00,2.059999942779541,2.0899999141693115,2.04010009765625,2.0899999141693115,1031,0.0,0.0
2024-02-07 11:30:00-05:00,2.059999942779541,2.059999942779541,2.059999942779541,2.059999942779541,452,0.0,0.0
2024-02-07 12:30:00-05:00,2.04010009765625,2.073199987411499,2.04010009765625,2.073199987411499,4994,0.0,0.0
2024-02-07 13:30:00-05:00,2.0999999046325684,2.0999999046325684,2.041599988937378,2.041599988937378,617,0.0,0.0
2024-02-07 14:30:00-05:00,2.0501999855041504,2.0504000186920166,2.049999952316284,2.049999952316284,774,0.0,0.0
2024-02-07 15:30:00-05:00,2.059999942779541,2.059999942779541,2.049999952316284,2.049999952316284,0,0.0,0.0
2024-02-08 09:30:00-05:00,2.069999933242798,2.0999999046325684,2.0601000785827637,2.0999999046325684,6128,0.0,0.0
2024-02-08 10:30:00-05:00,2.2100000381469727,2.2100000381469727,2.1798999309539795,2.1798999309539795,1500,0.0,0.0
2024-02-08 11:30:00-05:00,2.1040000915527344,2.130000114440918,2.0999999046325684,2.130000114440918,877,0.0,0.0
2024-02-08 12:30:00-05:00,2.0999999046325684,2.0999999046325684,2.0999999046325684,2.0999999046325684,724,0.0,0.0
2024-02-08 13:30:00-05:00,2.050100088119507,2.050100088119507,2.050100088119507,2.050100088119507,237,0.0,0.0
2024-02-08 14:30:00-05:00,2.059999942779541,2.059999942779541,2.049999952316284,2.0536000728607178,1553,0.0,0.0
2024-02-08 15:30:00-05:00,2.0399999618530273,2.069999933242798,2.0199999809265137,2.069999933242798,3241,0.0,0.0
2024-02-09 10:30:00-05:00,2.0950000286102295,2.0950000286102295,2.0950000286102295,2.0950000286102295,774,0.0,0.0
2024-02-09 11:30:00-05:00,2.074899911880493,2.0996999740600586,2.069999933242798,2.0754001140594482,4438,0.0,0.0
2024-02-09 12:30:00-05:00,2.069999933242798,2.069999933242798,2.069999933242798,2.069999933242798,609,0.0,0.0
2024-02-09 14:30:00-05:00,2.069999933242798,2.0729000568389893,2.0299999713897705,2.0299999713897705,774,0.0,0.0
2024-02-09 15:30:00-05:00,2.0299999713897705,2.0299999713897705,2.0299999713897705,2.0299999713897705,351,0.0,0.0
2024-02-12 09:30:00-05:00,2.0799999237060547,2.0799999237060547,2.069999933242798,2.0799999237060547,592,0.0,0.0
2024-02-12 10:30:00-05:00,2.049999952316284,2.0587000846862793,2.049999952316284,2.0587000846862793,910,0.0,0.0
2024-02-12 11:30:00-05:00,2.061800003051758,2.061800003051758,2.061800003051758,2.061800003051758,270,0.0,0.0
2024-02-12 12:30:00-05:00,2.062000036239624,2.062000036239624,2.062000036239624,2.062000036239624,453,0.0,0.0
2024-02-12 14:30:00-05:00,2.0724000930786133,2.0799999237060547,2.0724000930786133,2.0799999237060547,549,0.0,0.0
2024-02-12 15:30:00-05:00,2.0622000694274902,2.0799999237060547,2.059999942779541,2.059999942779541,1106,0.0,0.0
2024-02-13 09:30:00-05:00,2.059999942779541,2.1070001125335693,2.059999942779541,2.1070001125335693,1073,0.0,0.0
2024-02-13 10:30:00-05:00,2.0199999809265137,2.0199999809265137,2.0199999809265137,2.0199999809265137,0,0.0,0.0
2024-02-13 11:30:00-05:00,2.0100998878479004,2.0100998878479004,2.0,2.0,8302,0.0,0.0
2024-02-13 12:30:00-05:00,2.0,2.0,1.8799999952316284,1.999899983406067,9242,0.0,0.0
2024-02-13 13:30:00-05:00,1.9400999546051025,2.029900074005127,1.9400999546051025,1.9601000547409058,3288,0.0,0.0
2024-02-13 14:30:00-05:00,2.029900074005127,2.029900074005127,2.029900074005127,2.029900074005127,190,0.0,0.0
2024-02-13 15:30:00-05:00,1.9900000095367432,2.0,1.9800000190734863,1.9800000190734863,0,0.0,0.0
2024-02-14 11:30:00-05:00,1.9900000095367432,2.1600000858306885,1.9900000095367432,1.9901000261306763,8544,0.0,0.0
2024-02-14 13:30:00-05:00,2.0199999809265137,2.0199999809265137,1.9601000547409058,1.9850000143051147,2796,0.0,0.0
2024-02-14 14:30:00-05:00,2.0067999362945557,2.0067999362945557,1.9800000190734863,1.9800000190734863,956,0.0,0.0
2024-02-14 15:30:00-05:00,1.9800000190734863,1.9973000288009644,1.9800000190734863,1.9973000288009644,1000,0.0,0.0
2024-02-15 09:30:00-05:00,1.9912999868392944,2.0199999809265137,1.9800000190734863,1.9800000190734863,2427,0.0,0.0
2024-02-15 10:30:00-05:00,1.9900000095367432,2.015000104904175,1.9600000381469727,1.9600000381469727,1240,0.0,0.0
2024-02-15 11:30:00-05:00,2.0,2.0,2.0,2.0,243,0.0,0.0
2024-02-15 12:30:00-05:00,2.0,2.0,1.9600000381469727,1.9600000381469727,1403,0.0,0.0
2024-02-15 13:30:00-05:00,1.9600000381469727,1.9600000381469727,1.9600000381469727,1.9600000381469727,283,0.0,0.0
2024-02-15 14:30:00-05:00,2.0,2.0,2.0,2.0,108,0.0,0.0
2024-02-15 15:30:00-05:00,2.0,2.0,1.9800000190734863,1.9800000190734863,0,0.0,0.0
2024-02-16 09:30:00-05:00,1.9900000095367432,2.0199999809265137,1.9900000095367432,2.0199999809265137,777,0.0,0.0
2024-02-16 10:30:00-05:00,2.0199999809265137,2.0399999618530273,2.009999990463257,2.009999990463257,2025,0.0,0.0
2024-02-16 11:30:00-05:00,1.9900000095367432,1.9900000095367432,1.9600000381469727,1.9800000190734863,885,0.0,0.0
2024-02-16 12:30:00-05:00,1.9900000095367432,1.993399977684021,1.9800000190734863,1.993399977684021,1237,0.0,0.0
2024-02-16 13:30:00-05:00,1.9700000286102295,1.9800000190734863,1.9700000286102295,1.9700000286102295,1321,0.0,0.0
2024-02-16 14:30:00-05:00,1.9700000286102295,1.975000023841858,1.9500000476837158,1.9500000476837158,1974,0.0,0.0
2024-02-16 15:30:00-05:00,1.9700000286102295,1.9700000286102295,1.9199999570846558,1.9199999570846558,4379,0.0,0.0
2024-02-20 09:30:00-05:00,1.940000057220459,1.999899983406067,1.940000057220459,1.999899983406067,7146,0.0,0.0
2024-02-20 10:30:00-05:00,1.9500000476837158,1.9600000381469727,1.9499000310897827,1.9600000381469727,8525,0.0,0.0
2024-02-20 11:30:00-05:00,1.9700000286102295,1.9700000286102295,1.9500000476837158,1.9500000476837158,1250,0.0,0.0
2024-02-20 12:30:00-05:00,1.9390000104904175,1.9390000104904175,1.9390000104904175,1.9390000104904175,334,0.0,0.0
2024-02-20 13:30:00-05:00,1.9199999570846558,1.9199999570846558,1.8799999952316284,1.8799999952316284,6298,0.0,0.0
2024-02-20 14:30:00-05:00,1.902999997138977,1.902999997138977,1.902999997138977,1.902999997138977,496,0.0,0.0
2024-02-20 15:30:00-05:00,1.909999966621399,1.909999966621399,1.8799999952316284,1.8799999952316284,0,0.0,0.0
2024-02-21 09:30:00-05:00,1.8799999952316284,1.8799999952316284,1.8799999952316284,1.8799999952316284,133,0.0,0.0
2024-02-21 11:30:00-05:00,1.8799999952316284,1.8899999856948853,1.8600000143051147,1.8899999856948853,503,0.0,0.0
2024-02-21 13:30:00-05:00,1.8964999914169312,1.8964999914169312,1.8964999914169312,1.8964999914169312,503,0.0,0.0
2024-02-21 14:30:00-05:00,1.8894000053405762,1.8894000053405762,1.8894000053405762,1.8894000053405762,1089,0.0,0.0
2024-02-21 15:30:00-05:00,1.8849999904632568,1.8899999856948853,1.8799999952316284,1.8899999856948853,1122,0.0,0.0
2024-02-22 09:30:00-05:00,1.9800000190734863,1.9800000190734863,1.8799999952316284,1.940000057220459,1765,0.0,0.0
2024-02-22 10:30:00-05:00,2.039400100708008,2.049499988555908,1.8700000047683716,1.8700000047683716,23780,0.0,0.0
2024-02-22 11:30:00-05:00,1.9229999780654907,1.9229999780654907,1.8799999952316284,1.8899999856948853,1519,0.0,0.0
2024-02-22 12:30:00-05:00,1.8980000019073486,1.8980000019073486,1.888700008392334,1.888700008392334,594,0.0,0.0
2024-02-22 13:30:00-05:00,1.8949999809265137,1.899999976158142,1.8799999952316284,1.8838000297546387,4438,0.0,0.0
2024-02-22 14:30:00-05:00,1.875,1.875,1.875,1.875,131,0.0,0.0
2024-02-22 15:30:00-05:00,1.8700000047683716,1.8700000047683716,1.8600000143051147,1.8600000143051147,0,0.0,0.0
2024-02-23 09:30:00-05:00,1.9199999570846558,2.053999900817871,1.8600000143051147,1.926800012588501,22868,0.0,0.0
2024-02-23 10:30:00-05:00,2.159899950027466,2.159899950027466,1.8300000429153442,1.899899959564209,8709,0.0,0.0
2024-02-23 11:30:00-05:00,1.840000033378601,1.8601000308990479,1.8301000595092773,1.8601000308990479,5815,0.0,0.0
2024-02-23 12:30:00-05:00,1.8930000066757202,1.8930000066757202,1.8300000429153442,1.8300000429153442,1856,0.0,0.0
2024-02-23 13:30:00-05:00,1.8300000429153442,1.8580000400543213,1.8200000524520874,1.8580000400543213,3076,0.0,0.0
2024-02-23 14:30:00-05:00,1.8941999673843384,1.8941999673843384,1.8200000524520874,1.8200000524520874,1316,0.0,0.0
2024-02-23 15:30:00-05:00,1.8200000524520874,1.8200000524520874,1.7999999523162842,1.7999999523162842,3608,0.0,0.0
2024-02-26 09:30:00-05:00,1.8300000429153442,1.9113999605178833,1.8300000429153442,1.8898999691009521,9428,0.0,0.0
2024-02-26 10:30:00-05:00,1.850000023841858,1.8700000047683716,1.840000033378601,1.8700000047683716,10158,0.0,0.0
2024-02-26 11:30:00-05:00,1.850000023841858,1.8799999952316284,1.8300000429153442,1.8422000408172607,10803,0.0,0.0
2024-02-26 12:30:00-05:00,1.8415000438690186,1.8799999952316284,1.8415000438690186,1.8600000143051147,1254,0.0,0.0
2024-02-26 13:30:00-05:00,1.8680000305175781,1.8700000047683716,1.850000023841858,1.850000023841858,1943,0.0,0.0
2024-02-26 14:30:00-05:00,1.8700000047683716,1.8849999904632568,1.8700000047683716,1.8849999904632568,1576,0.0,0.0
2024-02-26 15:30:00-05:00,1.8600000143051147,1.8600000143051147,1.8600000143051147,1.8600000143051147,0,0.0,0.0
2024-02-27 09:30:00-05:00,1.8600000143051147,1.909999966621399,1.8600000143051147,1.9038000106811523,5606,0.0,0.0
2024-02-27 10:30:00-05:00,1.9800000190734863,2.0599000453948975,1.9700000286102295,2.0599000453948975,2835,0.0,0.0
2024-02-27 11:30:00-05:00,1.9700000286102295,1.9700000286102295,1.9300999641418457,1.9300999641418457,2734,0.0,0.0
2024-02-27 12:30:00-05:00,1.9449000358581543,1.9800000190734863,1.9449000358581543,1.9800000190734863,550,0.0,0.0
2024-02-27 14:30:00-05:00,1.9800000190734863,1.9800000190734863,1.916599988937378,1.9799000024795532,1228,0.0,0.0
2024-02-27 15:30:00-05:00,1.9800000190734863,1.9800000190734863,1.8799999952316284,1.8899999856948853,0,0.0,0.0
2024-02-28 09:30:00-05:00,1.9053000211715698,2.0350000858306885,1.8899999856948853,1.9800000190734863,24363,0.0,0.0
2024-02-28 10:30:00-05:00,2.009999990463257,2.0815000534057617,1.9850000143051147,2.0815000534057617,3761,0.0,0.0
2024-02-28 11:30:00-05:00,1.9900000095367432,1.9900000095367432,1.9900000095367432,1.9900000095367432,602,0.0,0.0
2024-02-28 12:30:00-05:00,1.982200026512146,1.982200026512146,1.9301999807357788,1.9301999807357788,2241,0.0,0.0
2024-02-28 13:30:00-05:00,1.9498000144958496,1.9600000381469727,1.9498000144958496,1.9599000215530396,2815,0.0,0.0
2024-02-28 14:30:00-05:00,1.958400011062622,1.9600000381469727,1.9500000476837158,1.9600000381469727,4549,0.0,0.0
2024-02-28 15:30:00-05:00,1.9299999475479126,1.9299999475479126,1.9299999475479126,1.9299999475479126,411,0.0,0.0
2024-02-29 09:30:00-05:00,1.899999976158142,1.9599000215530396,1.899999976158142,1.909999966621399,0,0.0,0.0
2024-02-29 10:30:00-05:00,1.9299999475479126,1.9700000286102295,1.899999976158142,1.9500000476837158,10357,0.0,0.0
2024-02-29 12:30:00-05:00,1.9600000381469727,1.9600000381469727,1.9585000276565552,1.9585000276565552,1333,0.0,0.0
2024-02-29 14:30:00-05:00,1.9800000190734863,1.9800000190734863,1.9200999736785889,1.9200999736785889,1134,0.0,0.0
2024-02-29 15:30:00-05:00,1.9550000429153442,1.9700000286102295,1.9199999570846558,1.9199999570846558,0,0.0,0.0
2024-03-01 09:30:00-05:00,2.0199999809265137,2.0199999809265137,1.899999976158142,1.9600000381469727,6125,0.0,0.0
2024-03-01 10:30:00-05:00,1.9600000381469727,1.9600000381469727,1.9500000476837158,1.9500000476837158,1876,0.0,0.0
2024-03-01 13:30:00-05:00,1.9000999927520752,1.9600000381469727,1.899999976158142,1.9600000381469727,1010,0.0,0.0
2024-03-01 14:30:00-05:00,1.9300999641418457,1.9300999641418457,1.9290000200271606,1.9299999475479126,1585,0.0,0.0
2024-03-01 15:30:00-05:00,1.899999976158142,1.9134999513626099,1.899999976158142,1.9134999513626099,429,0.0,0.0
2024-03-04 09:30:00-05:00,1.9299999475479126,2.059999942779541,1.909999966621399,1.9600000381469727,2760,0.0,0.0
2024-03-04 10:30:00-05:00,1.940000057220459,1.940000057220459,1.940000057220459,1.940000057220459,102,0.0,0.0
2024-03-04 12:30:00-05:00,1.899999976158142,1.9499000310897827,1.899999976158142,1.9499000310897827,0,0.0,0.0
2024-03-04 14:30:00-05:00,1.899999976158142,1.899999976158142,1.899999976158142,1.899999976158142,189,0.0,0.0
2024-03-04 15:30:00-05:00,1.8905999660491943,1.8947999477386475,1.8905999660491943,1.8947999477386475,6544,0.0,0.0
2024-03-05 09:30:00-05:00,1.840000033378601,1.9800000190734863,1.8200000524520874,1.9199999570846558,16871,0.0,0.0
2024-03-05 10:30:00-05:00,1.9199999570846558,1.9199999570846558,1.850000023841858,1.850000023841858,2401,0.0,0.0
2024-03-05 11:30:00-05:00,1.8600000143051147,1.906000018119812,1.850000023841858,1.906000018119812,0,0.0,0.0
2024-03-05 12:30:00-05:00,1.8300000429153442,1.8300000429153442,1.8200000524520874,1.8200000524520874,796,0.0,0.0
2024-03-05 13:30:00-05:00,1.8200000524520874,1.850000023841858,1.8200000524520874,1.8320000171661377,4984,0.0,0.0
2024-03-05 14:30:00-05:00,1.8200000524520874,1.8200000524520874,1.809999942779541,1.8200000524520874,2220,0.0,0.0
2024-03-05 15:30:00-05:00,1.8200000524520874,1.8600000143051147,1.809999942779541,1.8200000524520874,11034,0.0,0.0
2024-03-06 09:30:00-05:00,1.8899999856948853,2.0799999237060547,1.8799999952316284,1.965000033378601,13163,0.0,0.0
2024-03-06 10:30:00-05:00,1.940000057220459,1.9700000286102295,1.8623000383377075,1.8623000383377075,0,0.0,0.0
2024-03-06 11:30:00-05:00,1.875,1.8897000551223755,1.8600000143051147,1.889299988746643,3159,0.0,0.0
2024-03-06 12:30:00-05:00,1.8799999952316284,1.8799999952316284,1.875,1.875,430,0.0,0.0
2024-03-06 13:30:00-05:00,1.9178999662399292,1.9178999662399292,1.875,1.875,857,0.0,0.0
2024-03-06 14:30:00-05:00,1.8600000143051147,1.8600000143051147,1.8600000143051147,1.8600000143051147,443,0.0,0.0
2024-03-06 15:30:00-05:00,1.8899999856948853,1.8899999856948853,1.875,1.875,0,0.0,0.0
2024-03-07 09:30:00-05:00,1.840000033378601,1.941100001335144,1.840000033378601,1.933899998664856,6577,0.0,0.0
2024-03-07 10:30:00-05:00,1.8574999570846558,1.9839999675750732,1.8300000429153442,1.9450000524520874,19483,0.0,0.0
2024-03-07 11:30:00-05:00,1.909999966621399,1.9479999542236328,1.8624000549316406,1.8839999437332153,0,0.0,0.0
2024-03-07 12:30:00-05:00,1.8633999824523926,1.8700000047683716,1.8600000143051147,1.8600000143051147,31762,0.0,0.0
2024-03-07 13:30:00-05:00,1.840000033378601,1.8550000190734863,1.8300000429153442,1.840000033378601,2599,0.0,0.0
2024-03-07 14:30:00-05:00,1.899999976158142,1.899999976158142,1.840000033378601,1.8600000143051147,4100,0.0,0.0
2024-03-07 15:30:00-05:00,1.8600000143051147,1.8600000143051147,1.7999999523162842,1.7999999523162842,0,0.0,0.0
2024-03-08 09:30:00-05:00,1.8300000429153442,1.8854000568389893,1.819700002670288,1.8200000524520874,12060,0.0,0.0
2024-03-08 10:30:00-05:00,1.8300000429153442,1.899999976158142,1.8200000524520874,1.8350000381469727,7470,0.0,0.0
2024-03-08 11:30:00-05:00,1.8300000429153442,1.8350000381469727,1.8200000524520874,1.8200000524520874,731,0.0,0.0
2024-03-08 12:30:00-05:00,1.850000023841858,1.850000023841858,1.7999999523162842,1.7999999523162842,6694,0.0,0.0
2024-03-08 13:30:00-05:00,1.7999999523162842,1.7999999523162842,1.7300000190734863,1.7401000261306763,36182,0.0,0.0
2024-03-08 14:30:00-05:00,1.784999966621399,1.7899999618530273,1.7599999904632568,1.7599999904632568,3530,0.0,0.0
2024-03-08 15:30:00-05:00,1.7922999858856201,1.7922999858856201,1.7799999713897705,1.7799999713897705,2298,0.0,0.0
2024-03-11 09:30:00-04:00,1.848099946975708,1.848099946975708,1.7999999523162842,1.820099949836731,5830,0.0,0.0
2024-03-11 11:30:00-04:00,1.8406000137329102,1.850000023841858,1.7599999904632568,1.7799999713897705,8247,0.0,0.0
2024-03-11 12:30:00-04:00,1.7599999904632568,1.7699999809265137,1.7599999904632568,1.7599999904632568,1058,0.0,0.0
2024-03-11 13:30:00-04:00,1.7699999809265137,1.7699999809265137,1.7200000286102295,1.7200000286102295,2458,0.0,0.0
2024-03-11 14:30:00-04:00,1.7200000286102295,1.7342000007629395,1.7100000381469727,1.7299000024795532,24574,0.0,0.0
2024-03-11 15:30:00-04:00,1.7400000095367432,1.75,1.7100000381469727,1.7100000381469727,0,0.0,0.0
2024-03-12 09:30:00-04:00,1.774999976158142,1.809999942779541,1.7300000190734863,1.7506999969482422,1219,0.0,0.0
2024-03-12 10:30:00-04:00,1.784999966621399,1.7899999618530273,1.7510000467300415,1.7718000411987305,2386,0.0,0.0
2024-03-12 11:30:00-04:00,1.8043999671936035,1.8043999671936035,1.8043999671936035,1.8043999671936035,202,0.0,0.0
2024-03-12 12:30:00-04:00,1.7799999713897705,1.7899999618530273,1.7799999713897705,1.781999945640564,1782,0.0,0.0
2024-03-12 14:30:00-04:00,1.7955000400543213,1.7955000400543213,1.7625000476837158,1.7625000476837158,636,0.0,0.0
2024-03-12 15:30:00-04:00,1.7599999904632568,1.7599999904632568,1.7599999904632568,1.7599999904632568,1029,0.0,0.0
2024-03-13 09:30:00-04:00,1.7400000095367432,1.964400053024292,1.7400000095367432,1.7899999618530273,5050,0.0,0.0
2024-03-13 10:30:00-04:00,1.7699999809265137,1.7799999713897705,1.7699999809265137,1.7799999713897705,1246,0.0,0.0
2024-03-13 11:30:00-04:00,1.7610000371932983,1.7999999523162842,1.7610000371932983,1.7910000085830688,1905,0.0,0.0
2024-03-13 12:30:00-04:00,1.823799967765808,1.840000033378601,1.823799967765808,1.8300000429153442,689,0.0,0.0
2024-03-13 13:30:00-04:00,1.8229999542236328,1.8229999542236328,1.8229999542236328,1.8229999542236328,335,0.0,0.0
2024-03-13 15:30:00-04:00,1.8026000261306763,1.8026000261306763,1.8026000261306763,1.8026000261306763,100,0.0,0.0
2024-03-14 09:30:00-04:00,1.850000023841858,1.850000023841858,1.7699999809265137,1.7699999809265137,436,0.0,0.0
2024-03-14 10:30:00-04:00,1.770400047302246,1.7999999523162842,1.750100016593933,1.750100016593933,3330,0.0,0.0
2024-03-14 11:30:00-04:00,1.8200000524520874,1.9257999658584595,1.8200000524520874,1.8336000442504883,890,0.0,0.0
2024-03-14 12:30:00-04:00,1.940000057220459,1.940000057220459,1.9399000406265259,1.9399000406265259,275,0.0,0.0
2024-03-14 13:30:00-04:00,1.8803000450134277,1.8803000450134277,1.8803000450134277,1.8803000450134277,187,0.0,0.0
2024-03-14 15:30:00-04:00,1.840000033378601,1.840000033378601,1.7699999809265137,1.7699999809265137,301,0.0,0.0
2024-03-15 09:30:00-04:00,1.7999999523162842,1.8600000143051147,1.7999999523162842,1.8600000143051147,0,0.0,0.0
2024-03-15 11:30:00-04:00,1.8487000465393066,1.850000023841858,1.8035000562667847,1.8035000562667847,1587,0.0,0.0
2024-03-15 13:30:00-04:00,1.8478000164031982,1.8478000164031982,1.8478000164031982,1.8478000164031982,156,0.0,0.0
2024-03-18 09:30:00-04:00,1.9421000480651855,1.9421000480651855,1.8600000143051147,1.8798999786376953,1419,0.0,0.0
2024-03-18 10:30:00-04:00,1.809999942779541,1.809999942779541,1.809999942779541,1.809999942779541,216,0.0,0.0
2024-03-18 11:30:00-04:00,1.8184000253677368,1.8184000253677368,1.8184000253677368,1.8184000253677368,532,0.0,0.0
2024-03-18 13:30:00-04:00,1.7999000549316406,1.8299000263214111,1.7999000549316406,1.8299000263214111,3544,0.0,0.0
2024-03-19 09:30:00-04:00,1.7599999904632568,1.809999942779541,1.7599999904632568,1.809999942779541,2255,0.0,0.0
2024-03-19 13:30:00-04:00,1.8654999732971191,1.8654999732971191,1.8200000524520874,1.8200000524520874,329,0.0,0.0
2024-03-19 14:30:00-04:00,1.7999999523162842,1.7999999523162842,1.7999999523162842,1.7999999523162842,437,0.0,0.0
2024-03-20 09:30:00-04:00,1.8382999897003174,1.8382999897003174,1.8382999897003174,1.8382999897003174,295,0.0,0.0
2024-03-20 11:30:00-04:00,1.8049999475479126,1.8049999475479126,1.8049999475479126,1.8049999475479126,513,0.0,0.0
2024-03-20 13:30:00-04:00,1.7900999784469604,1.7900999784469604,1.7900999784469604,1.7900999784469604,231,0.0,0.0
2024-03-20 14:30:00-04:00,1.7999999523162842,1.8224999904632568,1.7949999570846558,1.8224999904632568,3394,0.0,0.0
2024-03-20 15:30:00-04:00,1.8351999521255493,1.8351999521255493,1.8351999521255493,1.8351999521255493,483,0.0,0.0
2024-03-21 09:30:00-04:00,1.829800009727478,1.9444999694824219,1.829699993133545,1.9444999694824219,7900,0.0,0.0
2024-03-21 10:30:00-04:00,1.9127999544143677,1.930999994277954,1.9127999544143677,1.930999994277954,2096,0.0,0.0
2024-03-21 11:30:00-04:00,1.909999966621399,1.909999966621399,1.899999976158142,1.899999976158142,1220,0.0,0.0
2024-03-21 12:30:00-04:00,1.9010000228881836,1.9010000228881836,1.8799999952316284,1.8799999952316284,1011,0.0,0.0
2024-03-21 15:30:00-04:00,1.8700000047683716,1.8700000047683716,1.8700000047683716,1.8700000047683716,317,0.0,0.0
2024-03-22 09:30:00-04:00,1.899899959564209,1.929900050163269,1.8890000581741333,1.929900050163269,1030,0.0,0.0
2024-03-22 10:30:00-04:00,1.9000999927520752,1.9199999570846558,1.9000999927520752,1.9199999570846558,2430,0.0,0.0
2024-03-22 11:30:00-04:00,1.9199999570846558,1.9199999570846558,1.8717999458312988,1.8717999458312988,2150,0.0,0.0
2024-03-22 12:30:00-04:00,1.899999976158142,1.899999976158142,1.899999976158142,1.899999976158142,509,0.0,0.0
2024-03-22 15:30:00-04:00,1.8899999856948853,1.8899999856948853,1.8899999856948853,1.8899999856948853,267,0.0,0.0
2024-03-25 09:30:00-04:00,1.8899999856948853,2.0,1.8899999856948853,2.0,4471,0.0,0.0
2024-03-25 10:30:00-04:00,1.9500000476837158,1.9500000476837158,1.9174000024795532,1.9174000024795532,956,0.0,0.0
2024-03-25 11:30:00-04:00,1.9399000406265259,1.9399000406265259,1.9399000406265259,1.9399000406265259,131,0.0,0.0
2024-03-25 13:30:00-04:00,1.909999966621399,1.9199999570846558,1.8515000343322754,1.9199999570846558,13837,0.0,0.0
2024-03-25 14:30:00-04:00,1.8799999952316284,1.909999966621399,1.8799999952316284,1.909999966621399,1957,0.0,0.0
2024-03-25 15:30:00-04:00,1.8700000047683716,1.8799999952316284,1.8700000047683716,1.8799999952316284,2498,0.0,0.0
2024-03-26 09:30:00-04:00,1.8700000047683716,1.8949999809265137,1.8509999513626099,1.8600000143051147,1123,0.0,0.0
2024-03-26 10:30:00-04:00,1.9699000120162964,1.9699000120162964,1.9699000120162964,1.9699000120162964,2284,0.0,0.0
2024-03-26 12:30:00-04:00,1.916599988937378,1.916599988937378,1.916599988937378,1.916599988937378,501,0.0,0.0
2024-03-26 13:30:00-04:00,1.916599988937378,1.9399000406265259,1.9149999618530273,1.9399000406265259,1398,0.0,0.0
2024-03-27 09:30:00-04:00,1.909999966621399,1.9800000190734863,1.909999966621399,1.9550000429153442,8508,0.0,0.0
2024-03-27 10:30:00-04:00,1.999899983406067,2.0,1.9507999420166016,1.9507999420166016,3167,0.0,0.0
2024-03-27 11:30:00-04:00,1.9703999757766724,1.9703999757766724,1.9703999757766724,1.9703999757766724,238,0.0,0.0
2024-03-27 12:30:00-04:00,1.9850000143051147,2.0,1.9850000143051147,1.9900000095367432,2364,0.0,0.0
2024-03-27 13:30:00-04:00,2.007999897003174,2.007999897003174,1.9850000143051147,1.9850000143051147,2725,0.0,0.0
2024-03-27 14:30:00-04:00,2.0499000549316406,2.0499000549316406,2.009999990463257,2.009999990463257,2667,0.0,0.0
2024-03-27 15:30:00-04:00,2.009999990463257,2.009999990463257,1.9900000095367432,2.0,1966,0.0,0.0
2024-03-28 09:30:00-04:00,2.0399999618530273,2.049999952316284,1.9601000547409058,2.0199999809265137,9210,0.0,0.0
2024-03-28 10:30:00-04:00,2.0299999713897705,2.031100034713745,2.02020001411438,2.02020001411438,3628,0.0,0.0
2024-03-28 11:30:00-04:00,2.086899995803833,2.086899995803833,2.0799999237060547,2.0799999237060547,1285,0.0,0.0
2024-03-28 12:30:00-04:00,2.0399999618530273,2.0399999618530273,2.0399999618530273,2.0399999618530273,3126,0.0,0.0
2024-03-28 13:30:00-04:00,1.909999966621399,1.9299999475479126,1.899999976158142,1.899999976158142,8955,0.0,0.0
2024-03-28 15:30:00-04:00,1.8899999856948853,1.909999966621399,1.8600000143051147,1.8799999952316284,3699,0.0,0.0
2024-04-01 09:30:00-04:00,1.8600000143051147,2.0899999141693115,1.8600000143051147,2.059999942779541,4046,0.0,0.0
2024-04-01 10:30:00-04:00,2.069999933242798,2.069999933242798,2.005000114440918,2.005000114440918,6836,0.0,0.0
2024-04-01 11:30:00-04:00,2.0199999809265137,2.0199999809265137,1.9733999967575073,2.019700050354004,5621,0.0,0.0
2024-04-01 12:30:00-04:00,2.0399999618530273,2.079900026321411,2.0399999618530273,2.079900026321411,3066,0.0,0.0
2024-04-01 13:30:00-04:00,2.0850000381469727,2.119999885559082,2.0850000381469727,2.119999885559082,4033,0.0,0.0
2024-04-01 14:30:00-04:00,2.139899969100952,2.140000104904175,2.0799999237060547,2.0899999141693115,9773,0.0,0.0
2024-04-01 15:30:00-04:00,2.005000114440918,2.005000114440918,1.9600000381469727,2.005000114440918,9813,0.0,0.0
2024-04-02 09:30:00-04:00,1.9600000381469727,2.075700044631958,1.9600000381469727,2.0199999809265137,0,0.0,0.0
2024-04-02 10:30:00-04:00,2.065000057220459,2.125,2.065000057220459,2.125,13577,0.0,0.0
2024-04-02 11:30:00-04:00,2.0999999046325684,2.140000104904175,2.0899999141693115,2.140000104904175,5466,0.0,0.0
2024-04-02 12:30:00-04:00,2.140000104904175,2.180000066757202,2.134999990463257,2.14520001411438,17781,0.0,0.0
2024-04-02 14:30:00-04:00,2.0899999141693115,2.0899999141693115,2.0399999618530273,2.069999933242798,3845,0.0,0.0
2024-04-02 15:30:00-04:00,2.0999999046325684,2.0999999046325684,2.0999999046325684,2.0999999046325684,678,0.0,0.0
2024-04-03 09:30:00-04:00,2.140000104904175,2.1500000953674316,2.125,2.125,637,0.0,0.0
2024-04-03 10:30:00-04:00,2.130000114440918,2.1600000858306885,2.130000114440918,2.1600000858306885,1927,0.0,0.0
2024-04-03 11:30:00-04:00,2.180000066757202,2.190000057220459,2.180000066757202,2.180000066757202,2095,0.0,0.0
2024-04-03 12:30:00-04:00,2.1812000274658203,2.18179988861084,2.1812000274658203,2.18179988861084,3403,0.0,0.0
2024-04-03 14:30:00-04:00,2.200000047683716,2.200000047683716,2.200000047683716,2.200000047683716,3548,0.0,0.0
2024-04-03 15:30:00-04:00,2.200000047683716,2.2079999446868896,2.180000066757202,2.180000066757202,2833,0.0,0.0
2024-04-04 09:30:00-04:00,2.2799999713897705,2.299999952316284,2.2300000190734863,2.299999952316284,8770,0.0,0.0
2024-04-04 10:30:00-04:00,2.2981998920440674,2.347399950027466,2.29010009765625,2.3350000381469727,6212,0.0,0.0
2024-04-04 11:30:00-04:00,2.3255999088287354,2.440000057220459,2.319999933242798,2.43969988822937,28040,0.0,0.0
2024-04-04 12:30:00-04:00,2.4149999618530273,2.440000057220459,2.3499999046325684,2.359999895095825,4475,0.0,0.0
2024-04-04 13:30:00-04:00,2.384999990463257,2.4200000762939453,2.384999990463257,2.4075000286102295,4796,0.0,0.0
2024-04-04 14:30:00-04:00,2.3499999046325684,2.3499999046325684,2.3299999237060547,2.3299999237060547,7073,0.0,0.0
2024-04-04 15:30:00-04:00,2.3399999141693115,2.3687000274658203,2.3299999237060547,2.3299999237060547,3900,0.0,0.0
2024-04-05 09:30:00-04:00,2.4200000762939453,2.439199924468994,2.390000104904175,2.4000000953674316,1252,0.0,0.0
2024-04-05 10:30:00-04:00,2.350100040435791,2.3566999435424805,2.3299999237060547,2.3299999237060547,4823,0.0,0.0
2024-04-05 11:30:00-04:00,2.3299999237060547,2.3299999237060547,2.299999952316284,2.3052000999450684,4012,0.0,0.0
2024-04-05 13:30:00-04:00,2.3399999141693115,2.3473000526428223,2.3399999141693115,2.3473000526428223,2350,0.0,0.0
2024-04-05 14:30:00-04:00,2.3350000381469727,2.3350000381469727,2.299999952316284,2.299999952316284,2936,0.0,0.0
2024-04-05 15:30:00-04:00,2.309000015258789,2.3299999237060547,2.309000015258789,2.3299999237060547,1101,0.0,0.0
2024-04-08 09:30:00-04:00,2.4000000953674316,2.406100034713745,2.3499999046325684,2.3499999046325684,9049,0.0,0.0
2024-04-08 10:30:00-04:00,2.369999885559082,2.439300060272217,2.369999885559082,2.439300060272217,6427,0.0,0.0
2024-04-08 11:30:00-04:00,2.369999885559082,2.369999885559082,2.369999885559082,2.369999885559082,739,0.0,0.0
2024-04-08 14:30:00-04:00,2.407900094985962,2.4100000858306885,2.4049999713897705,2.4049999713897705,2713,0.0,0.0
2024-04-08 15:30:00-04:00,2.427999973297119,2.430000066757202,2.427999973297119,2.430000066757202,1373,0.0,0.0
2024-04-09 09:30:00-04:00,2.450000047683716,2.450000047683716,2.4000000953674316,2.4298999309539795,3805,0.0,0.0
2024-04-09 10:30:00-04:00,2.4518001079559326,2.4600000381469727,2.4502999782562256,2.4600000381469727,802,0.0,0.0
2024-04-09 11:30:00-04:00,2.4583001136779785,2.4583001136779785,2.3701000213623047,2.380000114440918,3547,0.0,0.0
2024-04-09 13:30:00-04:00,2.3712000846862793,2.3712000846862793,2.3712000846862793,2.3712000846862793,6023,0.0,0.0
2024-04-09 14:30:00-04:00,2.4779999256134033,2.4779999256134033,2.450000047683716,2.450000047683716,3026,0.0,0.0
2024-04-09 15:30:00-04:00,2.4600000381469727,2.5,2.4200000762939453,2.4200000762939453,10974,0.0,0.0
2024-04-10 09:30:00-04:00,2.4000000953674316,2.430000066757202,2.4000000953674316,2.430000066757202,867,0.0,0.0
2024-04-10 10:30:00-04:00,2.4600000381469727,2.4700000286102295,2.4600000381469727,2.4700000286102295,800,0.0,0.0
2024-04-10 11:30:00-04:00,2.490000009536743,2.509999990463257,2.478300094604492,2.5099000930786133,12879,0.0,0.0
2024-04-10 13:30:00-04:00,2.5130999088287354,2.5199999809265137,2.5,2.5,6355,0.0,0.0
2024-04-10 14:30:00-04:00,2.4649999141693115,2.4700000286102295,2.4200000762939453,2.464200019836426,4164,0.0,0.0
2024-04-11 09:30:00-04:00,2.5399999618530273,2.549999952316284,2.4600000381469727,2.5199999809265137,3746,0.0,0.0
2024-04-11 10:30:00-04:00,2.490000009536743,2.522599935531616,2.490000009536743,2.522599935531616,1651,0.0,0.0
2024-04-11 11:30:00-04:00,2.5299999713897705,2.5299999713897705,2.5299999713897705,2.5299999713897705,0,0.0,0.0
2024-04-11 12:30:00-04:00,2.515000104904175,2.515000104904175,2.494999885559082,2.494999885559082,1060,0.0,0.0
2024-04-11 13:30:00-04:00,2.5,2.509999990463257,2.5,2.509999990463257,5212,0.0,0.0
2024-04-11 14:30:00-04:00,2.5020999908447266,2.5020999908447266,2.486299991607666,2.490000009536743,1514,0.0,0.0
2024-04-11 15:30:00-04:00,2.4965999126434326,2.5199999809265137,2.4600000381469727,2.5199999809265137,2512,0.0,0.0
2024-04-12 09:30:00-04:00,2.5199999809265137,2.5199999809265137,2.494999885559082,2.509999990463257,2854,0.0,0.0
2024-04-12 10:30:00-04:00,2.5,2.5299999713897705,2.4999001026153564,2.5299999713897705,8287,0.0,0.0
2024-04-12 11:30:00-04:00,2.505000114440918,2.505000114440918,2.505000114440918,2.505000114440918,1109,0.0,0.0
2024-04-12 13:30:00-04:00,2.490000009536743,2.490000009536743,2.48009991645813,2.48009991645813,6850,0.0,0.0
2024-04-12 14:30:00-04:00,2.48009991645813,2.5399999618530273,2.48009991645813,2.5350000858306885,1862,0.0,0.0
2024-04-12 15:30:00-04:00,2.5199999809265137,2.5320000648498535,2.4800000190734863,2.5320000648498535,4576,0.0,0.0
2024-04-15 09:30:00-04:00,2.549999952316284,2.549999952316284,2.363600015640259,2.363600015640259,21293,0.0,0.0
2024-04-15 10:30:00-04:00,2.350100040435791,2.350100040435791,2.350100040435791,2.350100040435791,200,0.0,0.0
2024-04-15 11:30:00-04:00,2.3642001152038574,2.3642001152038574,2.3642001152038574,2.3642001152038574,164,0.0,0.0
2024-04-15 12:30:00-04:00,2.380000114440918,2.380000114440918,2.380000114440918,2.380000114440918,142,0.0,0.0
2024-04-15 14:30:00-04:00,2.357800006866455,2.357800006866455,2.309999942779541,2.319999933242798,13872,0.0,0.0
2024-04-15 15:30:00-04:00,2.319999933242798,2.319999933242798,2.319999933242798,2.319999933242798,2628,0.0,0.0
2024-04-16 09:30:00-04:00,2.2799999713897705,2.2799999713897705,2.2200000286102295,2.2200000286102295,3638,0.0,0.0
2024-04-16 10:30:00-04:00,2.249799966812134,2.25,2.2300000190734863,2.2300000190734863,2712,0.0,0.0
2024-04-16 11:30:00-04:00,2.2300000190734863,2.2300000190734863,2.2251999378204346,2.2300000190734863,3408,0.0,0.0
2024-04-16 12:30:00-04:00,2.2200000286102295,2.2200000286102295,2.2200000286102295,2.2200000286102295,773,0.0,0.0
2024-04-17 09:30:00-04:00,2.2899999618530273,2.2899999618530273,2.2899999618530273,2.2899999618530273,383,0.0,0.0
2024-04-17 10:30:00-04:00,2.2300000190734863,2.2300000190734863,2.2300000190734863,2.2300000190734863,397,0.0,0.0
2024-04-17 14:30:00-04:00,2.240000009536743,2.240000009536743,2.240000009536743,2.240000009536743,1157,0.0,0.0
2024-04-18 09:30:00-04:00,2.369999885559082,2.369999885559082,2.2300000190734863,2.2300000190734863,6035,0.0,0.0
2024-04-18 12:30:00-04:00,2.3299999237060547,2.3299999237060547,2.3299999237060547,2.3299999237060547,217,0.0,0.0
2024-04-18 13:30:00-04:00,2.299999952316284,2.299999952316284,2.299999952316284,2.299999952316284,534,0.0,0.0
2024-04-18 14:30:00-04:00,2.2100000381469727,2.2200000286102295,2.2100000381469727,2.2200000286102295,653,0.0,0.0
2024-04-19 09:30:00-04:00,2.359999895095825,2.359999895095825,2.3450000286102295,2.3450000286102295,608,0.0,0.0
2024-04-19 12:30:00-04:00,2.3399999141693115,2.390000104904175,2.3399999141693115,2.390000104904175,502,0.0,0.0
2024-04-19 13:30:00-04:00,2.259999990463257,2.259999990463257,2.253000020980835,2.253000020980835,4734,0.0,0.0
2024-04-19 15:30:00-04:00,2.380000114440918,2.380000114440918,2.2899999618530273,2.2899999618530273,663,0.0,0.0
2024-04-22 09:30:00-04:00,2.4000000953674316,2.4200000762939453,2.299999952316284,2.299999952316284,7817,0.0,0.0
2024-04-22 10:30:00-04:00,2.4000000953674316,2.4000000953674316,2.4000000953674316,2.4000000953674316,193,0.0,0.0
2024-04-22 11:30:00-04:00,2.309999942779541,2.309999942779541,2.309999942779541,2.309999942779541,1046,0.0,0.0
2024-04-22 14:30:00-04:00,2.3399999141693115,2.3499999046325684,2.309999942779541,2.309999942779541,3348,0.0,0.0
2024-04-22 15:30:00-04:00,2.3299999237060547,2.3499999046325684,2.3299999237060547,2.349900007247925,1167,0.0,0.0
2024-04-23 10:30:00-04:00,2.3299999237060547,2.3499999046325684,2.3299999237060547,2.3399999141693115,5921,0.0,0.0
2024-04-23 11:30:00-04:00,2.3299999237060547,2.3299999237060547,2.3299999237060547,2.3299999237060547,899,0.0,0.0
2024-04-23 13:30:00-04:00,2.3698999881744385,2.3698999881744385,2.3698999881744385,2.3698999881744385,503,0.0,0.0
2024-04-23 14:30:00-04:00,2.3798999786376953,2.380000114440918,2.3798999786376953,2.380000114440918,2680,0.0,0.0
2024-04-24 09:30:00-04:00,2.3499999046325684,2.3499999046325684,2.3499999046325684,2.3499999046325684,402,0.0,0.0
2024-04-24 12:30:00-04:00,2.319999933242798,2.319999933242798,2.309999942779541,2.309999942779541,368,0.0,0.0
2024-04-24 13:30:00-04:00,2.31030011177063,2.31030011177063,2.289900064468384,2.289900064468384,2451,0.0,0.0
2024-04-24 14:30:00-04:00,2.2980000972747803,2.309999942779541,2.2850000858306885,2.2850000858306885,0,0.0,0.0
2024-04-24 15:30:00-04:00,2.2778000831604004,2.359999895095825,2.259700059890747,2.305000066757202,41474,0.0,0.0
2024-04-25 09:30:00-04:00,2.299999952316284,2.299999952316284,2.272700071334839,2.272700071334839,2365,0.0,0.0
2024-04-25 11:30:00-04:00,2.2899999618530273,2.361799955368042,2.2899999618530273,2.361799955368042,8234,0.0,0.0
2024-04-25 12:30:00-04:00,2.2230000495910645,2.2300000190734863,2.2200000286102295,2.2200000286102295,2410,0.0,0.0
2024-04-25 15:30:00-04:00,2.3399999141693115,2.3399999141693115,2.3399999141693115,2.3399999141693115,1100,0.0,0.0
2024-04-26 09:30:00-04:00,2.2748000621795654,2.2748000621795654,2.2748000621795654,2.2748000621795654,2163,0.0,0.0
2024-04-26 11:30:00-04:00,2.331700086593628,2.331700086593628,2.325000047683716,2.325000047683716,1003,0.0,0.0
2024-04-26 12:30:00-04:00,2.3299999237060547,2.3299999237060547,2.3299999237060547,2.3299999237060547,3100,0.0,0.0
2024-04-26 14:30:00-04:00,2.3299999237060547,2.3299999237060547,2.2850000858306885,2.2899999618530273,3013,0.0,0.0
2024-04-26 15:30:00-04:00,2.2899999618530273,2.2899999618530273,2.2899999618530273,2.2899999618530273,1287,0.0,0.0
2024-04-29 09:30:00-04:00,2.25,2.3399999141693115,2.2300000190734863,2.2300000190734863,1857,0.0,0.0
2024-04-29 10:30:00-04:00,2.3329999446868896,2.3329999446868896,2.3329999446868896,2.3329999446868896,960,0.0,0.0
2024-04-29 11:30:00-04:00,2.3399999141693115,2.3399999141693115,2.3399999141693115,2.3399999141693115,24,0.0,0.0
2024-04-29 14:30:00-04:00,2.2855000495910645,2.2855000495910645,2.2855000495910645,2.2855000495910645,616,0.0,0.0
2024-04-29 15:30:00-04:00,2.3173999786376953,2.3173999786376953,2.3173999786376953,2.3173999786376953,240,0.0,0.0
2024-04-30 09:30:00-04:00,2.309999942779541,2.309999942779541,2.309999942779541,2.309999942779541,1279,0.0,0.0
2024-04-30 10:30:00-04:00,2.2699999809265137,2.2699999809265137,2.2699999809265137,2.2699999809265137,539,0.0,0.0
2024-04-30 14:30:00-04:00,2.240600109100342,2.2774999141693115,2.240600109100342,2.2774999141693115,1045,0.0,0.0
2024-04-30 15:30:00-04:00,2.299999952316284,2.299999952316284,2.299999952316284,2.299999952316284,445,0.0,0.0
2024-05-01 09:30:00-04:00,2.25,2.390000104904175,2.25,2.390000104904175,631,0.0,0.0
2024-05-01 12:30:00-04:00,2.25,2.25,2.2272000312805176,2.2272000312805176,5517,0.0,0.0
2024-05-01 14:30:00-04:00,2.220099925994873,2.240000009536743,2.220099925994873,2.240000009536743,685,0.0,0.0
2024-05-01 15:30:00-04:00,2.2200000286102295,2.2200000286102295,2.2200000286102295,2.2200000286102295,396,0.0,0.0
2024-05-02 09:30:00-04:00,2.289900064468384,2.289900064468384,2.2799999713897705,2.289299964904785,504,0.0,0.0
2024-05-02 12:30:00-04:00,2.25,2.25,2.25,2.25,1588,0.0,0.0
2024-05-02 13:30:00-04:00,2.2588999271392822,2.2588999271392822,2.2588999271392822,2.2588999271392822,10,0.0,0.0
2024-05-02 14:30:00-04:00,2.240000009536743,2.240000009536743,2.2100000381469727,2.2300000190734863,6615,0.0,0.0
2024-05-02 15:30:00-04:00,2.200000047683716,2.200000047683716,2.200000047683716,2.200000047683716,2017,0.0,0.0
2024-05-03 09:30:00-04:00,2.2014000415802,2.3798999786376953,2.2014000415802,2.2300000190734863,0,0.0,0.0
2024-05-03 10:30:00-04:00,2.2300000190734863,2.369999885559082,2.2300000190734863,2.319999933242798,20394,0.0,0.0
2024-05-03 11:30:00-04:00,2.319999933242798,2.319999933242798,2.319999933242798,2.319999933242798,315,0.0,0.0
2024-05-03 12:30:00-04:00,2.2899999618530273,2.29010009765625,2.2600998878479004,2.2699999809265137,4567,0.0,0.0
2024-05-03 13:30:00-04:00,2.2074999809265137,2.2074999809265137,2.2074999809265137,2.2074999809265137,447,0.0,0.0
2024-05-03 14:30:00-04:00,2.2100000381469727,2.25,2.2100000381469727,2.2316999435424805,11190,0.0,0.0
2024-05-03 15:30:00-04:00,2.2980000972747803,2.2980000972747803,2.2332000732421875,2.2799999713897705,12537,0.0,0.0
2024-05-06 09:30:00-04:00,2.25,2.369999885559082,2.200000047683716,2.299999952316284,0,0.0,0.0
2024-05-06 10:30:00-04:00,2.25,2.259999990463257,2.2100000381469727,2.2100000381469727,1891,0.0,0.0
2024-05-06 13:30:00-04:00,2.239000082015991,2.265000104904175,2.239000082015991,2.265000104904175,1664,0.0,0.0
2024-05-06 14:30:00-04:00,2.2850000858306885,2.2850000858306885,2.2850000858306885,2.2850000858306885,847,0.0,0.0
2024-05-06 15:30:00-04:00,2.2850000858306885,2.2850000858306885,2.2850000858306885,2.2850000858306885,437,0.0,0.0
2024-05-07 09:30:00-04:00,2.3499999046325684,2.3499999046325684,2.2242000102996826,2.309999942779541,3297,0.0,0.0
2024-05-07 10:30:00-04:00,2.309999942779541,2.309999942779541,2.235300064086914,2.3064000606536865,2554,0.0,0.0
2024-05-07 11:30:00-04:00,2.3099000453948975,2.3099000453948975,2.3099000453948975,2.3099000453948975,2446,0.0,0.0
2024-05-07 13:30:00-04:00,2.299999952316284,2.349900007247925,2.2500998973846436,2.349900007247925,3025,0.0,0.0
2024-05-07 14:30:00-04:00,2.259999990463257,2.329400062561035,2.259999990463257,2.299999952316284,1927,0.0,0.0
2024-05-07 15:30:00-04:00,2.3399999141693115,2.3399999141693115,2.3399999141693115,2.3399999141693115,236,0.0,0.0
2024-05-08 10:30:00-04:00,2.2393999099731445,2.2393999099731445,2.2149999141693115,2.2149999141693115,1270,0.0,0.0
2024-05-08 11:30:00-04:00,2.25,2.25,2.2300000190734863,2.2300000190734863,2078,0.0,0.0
2024-05-08 12:30:00-04:00,2.246799945831299,2.246799945831299,2.2414000034332275,2.2414000034332275,1302,0.0,0.0
2024-05-08 13:30:00-04:00,2.223599910736084,2.240000009536743,2.223599910736084,2.240000009536743,5428,0.0,0.0
2024-05-08 15:30:00-04:00,2.2499001026153564,2.2499001026153564,2.234999895095825,2.234999895095825,2593,0.0,0.0
2024-05-09 09:30:00-04:00,2.200000047683716,2.23009991645813,2.200000047683716,2.23009991645813,3401,0.0,0.0
2024-05-09 10:30:00-04:00,2.240000009536743,2.240000009536743,2.23009991645813,2.23009991645813,1241,0.0,0.0
2024-05-09 11:30:00-04:00,2.294600009918213,2.294600009918213,2.294600009918213,2.294600009918213,534,0.0,0.0
2024-05-09 14:30:00-04:00,2.2799999713897705,2.2799999713897705,2.2799999713897705,2.2799999713897705,302,0.0,0.0
2024-05-09 15:30:00-04:00,2.2506000995635986,2.252700090408325,2.25,2.252700090408325,2083,0.0,0.0
2024-05-10 09:30:00-04:00,2.2699999809265137,2.2799999713897705,2.180000066757202,2.180000066757202,25175,0.0,0.0
2024-05-10 10:30:00-04:00,2.248800039291382,2.248800039291382,2.248800039291382,2.248800039291382,1292,0.0,0.0
2024-05-10 15:30:00-04:00,2.309999942779541,2.309999942779541,2.309999942779541,2.309999942779541,180,0.0,0.0
2024-05-13 09:30:00-04:00,2.180000066757202,2.180000066757202,2.180000066757202,2.180000066757202,11284,0.0,0.0
2024-05-13 10:30:00-04:00,2.299999952316284,2.3499999046325684,2.299999952316284,2.3499999046325684,2396,0.0,0.0
2024-05-13 11:30:00-04:00,2.240000009536743,2.240000009536743,2.240000009536743,2.240000009536743,769,0.0,0.0
2024-05-13 12:30:00-04:00,2.240000009536743,2.240000009536743,2.240000009536743,2.240000009536743,233,0.0,0.0
2024-05-13 13:30:00-04:00,2.190000057220459,2.20989990234375,2.190000057220459,2.2098000049591064,3723,0.0,0.0
2024-05-13 14:30:00-04:00,2.2079999446868896,2.2079999446868896,2.2079999446868896,2.2079999446868896,658,0.0,0.0
2024-05-13 15:30:00-04:00,2.200000047683716,2.200000047683716,2.200000047683716,2.200000047683716,226,0.0,0.0
2024-05-14 09:30:00-04:00,2.2300000190734863,2.2300000190734863,2.2300000190734863,2.2300000190734863,0,0.0,0.0
2024-05-14 10:30:00-04:00,2.2997000217437744,2.2997000217437744,2.2997000217437744,2.2997000217437744,208,0.0,0.0
2024-05-14 11:30:00-04:00,2.2500998973846436,2.2500998973846436,2.2500998973846436,2.2500998973846436,330,0.0,0.0
2024-05-14 13:30:00-04:00,2.25600004196167,2.287400007247925,2.190000057220459,2.190000057220459,3513,0.0,0.0
2024-05-14 15:30:00-04:00,2.180000066757202,2.180000066757202,2.1798999309539795,2.1798999309539795,987,0.0,0.0
2024-05-15 09:30:00-04:00,2.200000047683716,2.200000047683716,2.1600000858306885,2.1700000762939453,3500,0.0,0.0
2024-05-15 11:30:00-04:00,2.1700000762939453,2.1700000762939453,2.1700000762939453,2.1700000762939453,302,0.0,0.0
2024-05-15 12:30:00-04:00,2.1679999828338623,2.2049999237060547,2.1679999828338623,2.2049999237060547,3388,0.0,0.0
2024-05-15 13:30:00-04:00,2.1800999641418457,2.1800999641418457,2.1800999641418457,2.1800999641418457,381,0.0,0.0
2024-05-15 14:30:00-04:00,2.2200000286102295,2.2200000286102295,2.2200000286102295,2.2200000286102295,423,0.0,0.0
2024-05-15 15:30:00-04:00,2.180000066757202,2.180000066757202,2.1600000858306885,2.1600000858306885,6506,0.0,0.0
2024-05-16 09:30:00-04:00,2.1700000762939453,2.1700000762939453,2.1700000762939453,2.1700000762939453,1146,0.0,0.0
2024-05-16 10:30:00-04:00,2.140000104904175,2.140000104904175,2.140000104904175,2.140000104904175,213,0.0,0.0
2024-05-16 11:30:00-04:00,2.1798999309539795,2.1798999309539795,2.1500000953674316,2.1500000953674316,1253,0.0,0.0
2024-05-16 12:30:00-04:00,2.1600000858306885,2.180000066757202,2.140000104904175,2.140000104904175,3457,0.0,0.0
2024-05-16 14:30:00-04:00,2.1700000762939453,2.1700000762939453,2.1700000762939453,2.1700000762939453,400,0.0,0.0
2024-05-16 15:30:00-04:00,2.1500000953674316,2.1500000953674316,2.1500000953674316,2.1500000953674316,201,0.0,0.0
2024-05-17 09:30:00-04:00,1.4600000381469727,1.4900000095367432,1.4199999570846558,1.4600000381469727,267412,0.0,0.0
2024-05-17 10:30:00-04:00,1.4550000429153442,1.5563000440597534,1.4550000429153442,1.5199999809265137,101706,0.0,0.0
2024-05-17 11:30:00-04:00,1.5199999809265137,1.559999942779541,1.5,1.5096999406814575,64052,0.0,0.0
2024-05-17 12:30:00-04:00,1.5049999952316284,1.5099999904632568,1.4900000095367432,1.5,46550,0.0,0.0
2024-05-17 13:30:00-04:00,1.5199999809265137,1.5499000549316406,1.4299999475479126,1.4600000381469727,64329,0.0,0.0
2024-05-17 14:30:00-04:00,1.4600000381469727,1.4600000381469727,1.4299999475479126,1.4300999641418457,24542,0.0,0.0
2024-05-17 15:30:00-04:00,1.434999942779541,1.4600000381469727,1.4199999570846558,1.4600000381469727,25784,0.0,0.0
2024-05-20 09:30:00-04:00,1.4199999570846558,1.440000057220459,1.3600000143051147,1.3949999809265137,86617,0.0,0.0
2024-05-20 10:30:00-04:00,1.399899959564209,1.4900000095367432,1.395300030708313,1.4299999475479126,46559,0.0,0.0
2024-05-20 11:30:00-04:00,1.4199999570846558,1.4299999475479126,1.3901000022888184,1.4011000394821167,7643,0.0,0.0
2024-05-20 12:30:00-04:00,1.4199999570846558,1.4600000381469727,1.399999976158142,1.440000057220459,6667,0.0,0.0
2024-05-20 13:30:00-04:00,1.4400999546051025,1.4550000429153442,1.440000057220459,1.4450000524520874,30813,0.0,0.0
2024-05-20 14:30:00-04:00,1.440000057220459,1.4500000476837158,1.409999966621399,1.440000057220459,51078,0.0,0.0
2024-05-20 15:30:00-04:00,1.440000057220459,1.440000057220459,1.430299997329712,1.430299997329712,2122,0.0,0.0
2024-05-21 09:30:00-04:00,1.4199999570846558,1.4400999546051025,1.3899999856948853,1.4199999570846558,16976,0.0,0.0
2024-05-21 10:30:00-04:00,1.4098999500274658,1.4098999500274658,1.3899999856948853,1.3899999856948853,1067,0.0,0.0
2024-05-21 11:30:00-04:00,1.3899999856948853,1.434999942779541,1.3899999856948853,1.434999942779541,6788,0.0,0.0
2024-05-21 12:30:00-04:00,1.434999942779541,1.4500000476837158,1.4002000093460083,1.4199999570846558,11976,0.0,0.0
2024-05-21 13:30:00-04:00,1.440000057220459,1.440000057220459,1.429900050163269,1.4299999475479126,4631,0.0,0.0
2024-05-21 14:30:00-04:00,1.4199999570846558,1.4299999475479126,1.4079999923706055,1.4079999923706055,5634,0.0,0.0
2024-05-21 15:30:00-04:00,1.440000057220459,1.440000057220459,1.440000057220459,1.440000057220459,552,0.0,0.0
2024-05-22 09:30:00-04:00,1.4299999475479126,1.4299999475479126,1.3899999856948853,1.3903000354766846,6732,0.0,0.0
2024-05-22 10:30:00-04:00,1.4299999475479126,1.4299999475479126,1.410099983215332,1.410099983215332,3084,0.0,0.0
2024-05-22 11:30:00-04:00,1.4199999570846558,1.4299999475479126,1.4199999570846558,1.4299999475479126,331,0.0,0.0
2024-05-22 12:30:00-04:00,1.4299999475479126,1.4299999475479126,1.4199999570846558,1.4200999736785889,3496,0.0,0.0
2024-05-22 14:30:00-04:00,1.399999976158142,1.409999966621399,1.399999976158142,1.409999966621399,10641,0.0,0.0
2024-05-22 15:30:00-04:00,1.409999966621399,1.409999966621399,1.4048000574111938,1.409999966621399,2474,0.0,0.0
2024-05-23 09:30:00-04:00,1.440000057220459,1.440000057220459,1.2999999523162842,1.3250000476837158,48724,0.0,0.0
2024-05-23 10:30:00-04:00,1.350000023841858,1.3899999856948853,1.340000033378601,1.3899999856948853,10410,0.0,0.0
2024-05-23 11:30:00-04:00,1.3899999856948853,1.3899999856948853,1.340000033378601,1.3899999856948853,7819,0.0,0.0
2024-05-23 12:30:00-04:00,1.3899999856948853,1.3899999856948853,1.3700000047683716,1.3700000047683716,2846,0.0,0.0
2024-05-23 13:30:00-04:00,1.3899999856948853,1.3899999856948853,1.3899999856948853,1.3899999856948853,1592,0.0,0.0
2024-05-23 15:30:00-04:00,1.3206000328063965,1.3700000047683716,1.320099949836731,1.3700000047683716,8154,0.0,0.0
2024-05-24 09:30:00-04:00,1.3300000429153442,1.3600000143051147,1.309999942779541,1.309999942779541,7807,0.0,0.0
2024-05-24 10:30:00-04:00,1.3299000263214111,1.3717999458312988,1.3299000263214111,1.3370000123977661,11318,0.0,0.0
2024-05-24 11:30:00-04:00,1.3675999641418457,1.3675999641418457,1.3600000143051147,1.3600000143051147,836,0.0,0.0
2024-05-24 12:30:00-04:00,1.375,1.375,1.3200000524520874,1.3499000072479248,13501,0.0,0.0
2024-05-24 13:30:00-04:00,1.3350000381469727,1.3350000381469727,1.3300000429153442,1.3300000429153442,1765,0.0,0.0
2024-05-24 14:30:00-04:00,1.340000033378601,1.340000033378601,1.320099949836731,1.320099949836731,1846,0.0,0.0
2024-05-24 15:30:00-04:00,1.3224999904632568,1.340000033378601,1.3200000524520874,1.3200000524520874,3658,0.0,0.0
2024-05-28 09:30:00-04:00,1.3200000524520874,1.3250000476837158,1.2999999523162842,1.2999999523162842,13380,0.0,0.0
2024-05-28 10:30:00-04:00,1.2831000089645386,1.340000033378601,1.2799999713897705,1.340000033378601,8339,0.0,0.0
2024-05-28 11:30:00-04:00,1.340000033378601,1.399999976158142,1.3389999866485596,1.3861000537872314,3120,0.0,0.0
2024-05-28 12:30:00-04:00,1.3446999788284302,1.3899999856948853,1.3446999788284302,1.3799999952316284,5845,0.0,0.0
2024-05-28 13:30:00-04:00,1.3549000024795532,1.3700000047683716,1.350000023841858,1.3592000007629395,7582,0.0,0.0
2024-05-28 14:30:00-04:00,1.340000033378601,1.350000023841858,1.309999942779541,1.3346999883651733,26826,0.0,0.0
2024-05-28 15:30:00-04:00,1.340000033378601,1.350000023841858,1.340000033378601,1.350000023841858,575,0.0,0.0
2024-05-29 09:30:00-04:00,1.2999999523162842,1.2999999523162842,1.1593999862670898,1.1800999641418457,43584,0.0,0.0
2024-05-29 10:30:00-04:00,1.1799999475479126,1.2000000476837158,1.1323000192642212,1.1323000192642212,24698,0.0,0.0
2024-05-29 11:30:00-04:00,1.1323000192642212,1.1323000192642212,1.0099999904632568,1.097100019454956,96611,0.0,0.0
2024-05-29 12:30:00-04:00,1.0702999830245972,1.100000023841858,1.0702999830245972,1.0999000072479248,15236,0.0,0.0
2024-05-29 13:30:00-04:00,1.0950000286102295,1.0950000286102295,1.0429999828338623,1.0429999828338623,14783,0.0,0.0
2024-05-29 14:30:00-04:00,1.0449999570846558,1.0499999523162842,1.0,1.0499999523162842,22972,0.0,0.0
2024-05-29 15:30:00-04:00,1.0099999904632568,1.0499999523162842,1.0099999904632568,1.0299999713897705,2738,0.0,0.0
2024-05-30 09:30:00-04:00,1.0499999523162842,1.100000023841858,1.003499984741211,1.0999000072479248,57376,0.0,0.0
2024-05-30 10:30:00-04:00,1.0999000072479248,1.1699999570846558,1.0902999639511108,1.159999966621399,37370,0.0,0.0
2024-05-30 11:30:00-04:00,1.149999976158142,1.190000057220459,1.149999976158142,1.1811000108718872,28694,0.0,0.0
2024-05-30 12:30:00-04:00,1.190000057220459,1.2200000286102295,1.1799999475479126,1.2100000381469727,17833,0.0,0.0
2024-05-30 13:30:00-04:00,1.2100000381469727,1.25,1.2000999450683594,1.25,31264,0.0,0.0
2024-05-30 14:30:00-04:00,1.25,1.25,1.2340999841690063,1.2340999841690063,18448,0.0,0.0
2024-05-30 15:30:00-04:00,1.2300000190734863,1.2400000095367432,1.2100000381469727,1.2109999656677246,15854,0.0,0.0
2024-05-31 09:30:00-04:00,1.1299999952316284,1.2100000381469727,1.1100000143051147,1.1660000085830688,51810,0.0,0.0
2024-05-31 10:30:00-04:00,1.13100004196167,1.1799999475479126,1.111199975013733,1.1799999475479126,17935,0.0,0.0
2024-05-31 11:30:00-04:00,1.1699999570846558,1.1699999570846558,1.149999976158142,1.1601999998092651,1164,0.0,0.0
2024-05-31 12:30:00-04:00,1.159999966621399,1.2100000381469727,1.149999976158142,1.190000057220459,17865,0.0,0.0
2024-05-31 13:30:00-04:00,1.190000057220459,1.190000057220459,1.1399999856948853,1.149999976158142,8354,0.0,0.0
2024-05-31 14:30:00-04:00,1.1649999618530273,1.190000057220459,1.1432000398635864,1.1549999713897705,10337,0.0,0.0
2024-05-31 15:30:00-04:00,1.159999966621399,1.159999966621399,1.149999976158142,1.149999976158142,835,0.0,0.0
2024-06-03 09:30:00-04:00,1.2400000095367432,1.2400000095367432,1.1200000047683716,1.159999966621399,20725,0.0,0.0
2024-06-03 10:30:00-04:00,1.1898000240325928,1.190000057220459,1.1200000047683716,1.149999976158142,8140,0.0,0.0
2024-06-03 11:30:00-04:00,1.1755000352859497,1.190000057220459,1.1755000352859497,1.190000057220459,3443,0.0,0.0
2024-06-03 12:30:00-04:00,1.1865999698638916,1.1999000310897827,1.1865999698638916,1.190000057220459,6288,0.0,0.0
2024-06-03 14:30:00-04:00,1.1649999618530273,1.1799999475479126,1.1649999618530273,1.1799999475479126,5799,0.0,0.0
2024-06-03 15:30:00-04:00,1.1799999475479126,1.1799999475479126,1.1799999475479126,1.1799999475479126,104,0.0,0.0
2024-06-04 09:30:00-04:00,1.190000057220459,1.190000057220459,1.128000020980835,1.1799999475479126,3384,0.0,0.0
2024-06-04 10:30:00-04:00,1.1899000406265259,1.1899000406265259,1.1862000226974487,1.1862000226974487,608,0.0,0.0
2024-06-04 11:30:00-04:00,1.1699999570846558,1.190000057220459,1.1299999952316284,1.159999966621399,7534,0.0,0.0
2024-06-04 12:30:00-04:00,1.1699999570846558,1.1799999475479126,1.1399999856948853,1.1799999475479126,6632,0.0,0.0
2024-06-04 13:30:00-04:00,1.169600009918213,1.1799999475479126,1.1649999618530273,1.1799999475479126,5785,0.0,0.0
2024-06-04 14:30:00-04:00,1.190000057220459,1.190000057220459,1.1799999475479126,1.190000057220459,1270,0.0,0.0
2024-06-04 15:30:00-04:00,1.190000057220459,1.190000057220459,1.190000057220459,1.190000057220459,0,0.0,0.0
2024-06-05 09:30:00-04:00,1.190000057220459,1.190000057220459,1.1700999736785889,1.190000057220459,8080,0.0,0.0
2024-06-05 10:30:00-04:00,1.190000057220459,1.190000057220459,1.182800054550171,1.182800054550171,6552,0.0,0.0
2024-06-05 11:30:00-04:00,1.2000000476837158,1.242900013923645,1.2000000476837158,1.2200000286102295,5392,0.0,0.0
2024-06-05 12:30:00-04:00,1.2200000286102295,1.2400000095367432,1.2000000476837158,1.215000033378601,11378,0.0,0.0
2024-06-05 13:30:00-04:00,1.2300000190734863,1.2300000190734863,1.225000023841858,1.2300000190734863,12364,0.0,0.0
2024-06-05 14:30:00-04:00,1.2015999555587769,1.2400000095367432,1.1800999641418457,1.2161999940872192,5814,0.0,0.0
2024-06-05 15:30:00-04:00,1.2200000286102295,1.2400000095367432,1.2000000476837158,1.2000000476837158,2810,0.0,0.0
2024-06-06 09:30:00-04:00,1.2200000286102295,1.2300000190734863,1.2100000381469727,1.2100000381469727,3012,0.0,0.0
2024-06-06 10:30:00-04:00,1.2000000476837158,1.2067999839782715,1.2000000476837158,1.2067999839782715,2288,0.0,0.0
2024-06-06 11:30:00-04:00,1.2342000007629395,1.2400000095367432,1.2100000381469727,1.2400000095367432,2231,0.0,0.0
2024-06-06 12:30:00-04:00,1.225000023841858,1.232300043106079,1.225000023841858,1.232300043106079,613,0.0,0.0
2024-06-06 13:30:00-04:00,1.2101000547409058,1.2101999521255493,1.190000057220459,1.190000057220459,3436,0.0,0.0
2024-06-06 14:30:00-04:00,1.1999000310897827,1.2000000476837158,1.1985000371932983,1.2000000476837158,3945,0.0,0.0
2024-06-06 15:30:00-04:00,1.1899000406265259,1.190000057220459,1.184999942779541,1.1899000406265259,4227,0.0,0.0
2024-06-07 09:30:00-04:00,1.2000000476837158,1.23989999294281,1.1799999475479126,1.190000057220459,7897,0.0,0.0
2024-06-07 10:30:00-04:00,1.1904000043869019,1.2300000190734863,1.190000057220459,1.2300000190734863,3577,0.0,0.0
2024-06-07 12:30:00-04:00,1.2200000286102295,1.2200000286102295,1.159999966621399,1.159999966621399,522,0.0,0.0
2024-06-07 13:30:00-04:00,1.159999966621399,1.1800999641418457,1.1549999713897705,1.1549999713897705,2823,0.0,0.0
2024-06-07 14:30:00-04:00,1.1615999937057495,1.1615999937057495,1.1615999937057495,1.1615999937057495,200,0.0,0.0
2024-06-07 15:30:00-04:00,1.1799999475479126,1.2100000381469727,1.1318999528884888,1.1699999570846558,10517,0.0,0.0
2024-06-10 09:30:00-04:00,1.1799999475479126,1.2300000190734863,1.1699999570846558,1.2300000190734863,12514,0.0,0.0
2024-06-10 10:30:00-04:00,1.2200000286102295,1.2200000286102295,1.1908999681472778,1.1908999681472778,545,0.0,0.0
2024-06-10 11:30:00-04:00,1.1899000406265259,1.1899000406265259,1.1100000143051147,1.149999976158142,6914,0.0,0.0
2024-06-10 12:30:00-04:00,1.1299999952316284,1.1299999952316284,1.1299999952316284,1.1299999952316284,305,0.0,0.0
2024-06-10 13:30:00-04:00,1.1586999893188477,1.159999966621399,1.1549999713897705,1.1549999713897705,666,0.0,0.0
2024-06-10 14:30:00-04:00,1.159999966621399,1.159999966621399,1.159999966621399,1.159999966621399,946,0.0,0.0
2024-06-10 15:30:00-04:00,1.149999976158142,1.159999966621399,1.100000023841858,1.1100000143051147,9893,0.0,0.0
2024-06-11 09:30:00-04:00,1.1399999856948853,1.1399999856948853,1.1200000047683716,1.1200000047683716,1805,0.0,0.0
2024-06-11 10:30:00-04:00,1.2000000476837158,1.2000000476837158,1.2000000476837158,1.2000000476837158,520,0.0,0.0
2024-06-11 11:30:00-04:00,1.159999966621399,1.159999966621399,1.1200000047683716,1.1200000047683716,4426,0.0,0.0
2024-06-11 12:30:00-04:00,1.100000023841858,1.100000023841858,1.100000023841858,1.100000023841858,1629,0.0,0.0
2024-06-11 13:30:00-04:00,1.100000023841858,1.1200000047683716,1.100000023841858,1.1200000047683716,3591,0.0,0.0
2024-06-11 15:30:00-04:00,1.100000023841858,1.100000023841858,1.090499997138977,1.090499997138977,1069,0.0,0.0
2024-06-12 09:30:00-04:00,1.1100000143051147,1.1200000047683716,1.090000033378601,1.1200000047683716,2870,0.0,0.0
2024-06-12 10:30:00-04:00,1.1100000143051147,1.1200000047683716,1.1100000143051147,1.1200000047683716,687,0.0,0.0
2024-06-12 11:30:00-04:00,1.090000033378601,1.1200000047683716,1.090000033378601,1.1200000047683716,3628,0.0,0.0
2024-06-12 12:30:00-04:00,1.1514999866485596,1.1514999866485596,1.1514999866485596,1.1514999866485596,0,0.0,0.0
2024-06-12 14:30:00-04:00,1.1292999982833862,1.1299999952316284,1.1292999982833862,1.1299999952316284,1278,0.0,0.0
2024-06-13 09:30:00-04:00,1.1200000047683716,1.125,1.0801000595092773,1.0859999656677246,3178,0.0,0.0
2024-06-13 10:30:00-04:00,1.0800000429153442,1.0800000429153442,1.0800000429153442,1.0800000429153442,565,0.0,0.0
2024-06-13 11:30:00-04:00,1.0901000499725342,1.0901000499725342,1.0901000499725342,1.0901000499725342,5116,0.0,0.0
2024-06-13 12:30:00-04:00,1.1100000143051147,1.1100000143051147,1.1100000143051147,1.1100000143051147,2052,0.0,0.0
2024-06-13 14:30:00-04:00,1.0999000072479248,1.0999000072479248,1.090000033378601,1.090000033378601,445,0.0,0.0
2024-06-13 15:30:00-04:00,1.090000033378601,1.090000033378601,1.090000033378601,1.090000033378601,158,0.0,0.0
2024-06-14 09:30:00-04:00,1.0800000429153442,1.0800000429153442,1.059999942779541,1.0800000429153442,5660,0.0,0.0
2024-06-14 10:30:00-04:00,1.059999942779541,1.0600999593734741,1.059999942779541,1.0600999593734741,2812,0.0,0.0
2024-06-14 11:30:00-04:00,1.059999942779541,1.100000023841858,1.0549999475479126,1.100000023841858,9911,0.0,0.0
2024-06-14 14:30:00-04:00,1.100000023841858,1.100100040435791,1.100000023841858,1.100100040435791,1740,0.0,0.0
2024-06-14 15:30:00-04:00,1.100000023841858,1.100000023841858,1.100000023841858,1.100000023841858,20759,0.0,0.0
2024-06-17 09:30:00-04:00,1.089900016784668,1.090000033378601,1.0750000476837158,1.0889999866485596,2933,0.0,0.0
2024-06-17 10:30:00-04:00,1.090000033378601,1.090000033378601,1.01010000705719,1.04830002784729,106768,0.0,0.0
2024-06-17 11:30:00-04:00,1.059999942779541,1.0800000429153442,1.059999942779541,1.0800000429153442,0,0.0,0.0
2024-06-17 12:30:00-04:00,1.0405000448226929,1.0405000448226929,1.0405000448226929,1.0405000448226929,1006,0.0,0.0
2024-06-17 13:30:00-04:00,1.0700000524520874,1.0700000524520874,1.0400999784469604,1.0700000524520874,1708,0.0,0.0
2024-06-17 15:30:00-04:00,1.0549999475479126,1.0549999475479126,1.0549999475479126,1.0549999475479126,200,0.0,0.0
2024-06-18 09:30:00-04:00,1.0399999618530273,1.0399999618530273,1.0199999809265137,1.0399999618530273,12095,0.0,0.0
2024-06-18 10:30:00-04:00,1.059999942779541,1.0700000524520874,1.0399999618530273,1.0399999618530273,2312,0.0,0.0
2024-06-18 12:30:00-04:00,1.065999984741211,1.065999984741211,1.0520000457763672,1.0520000457763672,1213,0.0,0.0
2024-06-18 13:30:00-04:00,1.0549999475479126,1.059999942779541,1.0549999475479126,1.059999942779541,6610,0.0,0.0
2024-06-18 14:30:00-04:00,1.0499999523162842,1.0799000263214111,1.0499999523162842,1.0799000263214111,3034,0.0,0.0
2024-06-20 09:30:00-04:00,1.090000033378601,1.090000033378601,1.090000033378601,1.090000033378601,0,0.0,0.0
2024-06-20 10:30:00-04:00,1.0500999689102173,1.065000057220459,1.0500999689102173,1.0566999912261963,5811,0.0,0.0
2024-06-20 11:30:00-04:00,1.0500999689102173,1.06659996509552,1.0500999689102173,1.06659996509552,1662,0.0,0.0
2024-06-20 12:30:00-04:00,1.059999942779541,1.059999942779541,1.059999942779541,1.059999942779541,726,0.0,0.0
2024-06-20 14:30:00-04:00,1.0700000524520874,1.0700000524520874,1.0700000524520874,1.0700000524520874,1335,0.0,0.0
2024-06-21 09:30:00-04:00,1.059999942779541,1.0666999816894531,1.059999942779541,1.0666999816894531,1636,0.0,0.0
2024-06-21 10:30:00-04:00,1.065999984741211,1.065999984741211,1.0399999618530273,1.0399999618530273,1122,0.0,0.0
2024-06-21 11:30:00-04:00,1.0299999713897705,1.0299999713897705,1.0299999713897705,1.0299999713897705,269,0.0,0.0
2024-06-21 12:30:00-04:00,1.0399999618530273,1.0399999618530273,1.0299999713897705,1.0299999713897705,743,0.0,0.0
2024-06-21 13:30:00-04:00,1.0299999713897705,1.0299999713897705,1.0299999713897705,1.0299999713897705,570,0.0,0.0
2024-06-21 15:30:00-04:00,1.0299999713897705,1.0399999618530273,1.01010000705719,1.0199999809265137,1612,0.0,0.0
2024-06-24 09:30:00-04:00,1.0299999713897705,1.080199956893921,1.0299999713897705,1.0722999572753906,5602,0.0,0.0
2024-06-24 10:30:00-04:00,1.0800000429153442,1.0800000429153442,1.059999942779541,1.0800000429153442,1550,0.0,0.0
2024-06-24 11:30:00-04:00,1.070099949836731,1.070099949836731,1.070099949836731,1.070099949836731,413,0.0,0.0
2024-06-24 12:30:00-04:00,1.0600999593734741,1.0700000524520874,1.0600999593734741,1.0700000524520874,1373,0.0,0.0
2024-06-24 13:30:00-04:00,1.0800000429153442,1.0800000429153442,1.0800000429153442,1.0800000429153442,2034,0.0,0.0
2024-06-24 14:30:00-04:00,1.0799000263214111,1.0799000263214111,1.0710999965667725,1.0710999965667725,818,0.0,0.0
2024-06-24 15:30:00-04:00,1.059999942779541,1.059999942779541,1.059999942779541,1.059999942779541,1682,0.0,0.0
2024-06-25 09:30:00-04:00,1.0700000524520874,1.0700000524520874,1.0700000524520874,1.0700000524520874,395,0.0,0.0
2024-06-25 10:30:00-04:00,1.0641000270843506,1.0641000270843506,1.0515999794006348,1.0515999794006348,1432,0.0,0.0
2024-06-25 11:30:00-04:00,1.0505000352859497,1.0505000352859497,1.0399999618530273,1.0399999618530273,15805,0.0,0.0
2024-06-25 12:30:00-04:00,1.0549999475479126,1.0549999475479126,1.0499999523162842,1.0499999523162842,2118,0.0,0.0
2024-06-25 14:30:00-04:00,1.0506999492645264,1.0526000261306763,1.0506999492645264,1.0526000261306763,2213,0.0,0.0
2024-06-25 15:30:00-04:00,1.0506999492645264,1.0506999492645264,1.0506999492645264,1.0506999492645264,1958,0.0,0.0
2024-06-26 09:30:00-04:00,1.0499999523162842,1.0571000576019287,1.0499999523162842,1.0571000576019287,1586,0.0,0.0
2024-06-26 11:30:00-04:00,1.0499999523162842,1.0547000169754028,1.0499999523162842,1.0499999523162842,15329,0.0,0.0
2024-06-26 12:30:00-04:00,1.0506999492645264,1.0506999492645264,1.0506999492645264,1.0506999492645264,2271,0.0,0.0
2024-06-26 15:30:00-04:00,1.0499999523162842,1.0499999523162842,1.0499999523162842,1.0499999523162842,374,0.0,0.0
2024-06-27 09:30:00-04:00,1.0499999523162842,1.059399962425232,1.0499999523162842,1.0549999475479126,1356,0.0,0.0
2024-06-27 10:30:00-04:00,1.0499999523162842,1.0540000200271606,1.0499999523162842,1.0540000200271606,9204,0.0,0.0
2024-06-27 12:30:00-04:00,1.0549999475479126,1.0549999475479126,1.0499999523162842,1.0508999824523926,2328,0.0,0.0
2024-06-27 14:30:00-04:00,1.0500999689102173,1.0500999689102173,1.0499999523162842,1.0499999523162842,2193,0.0,0.0
2024-06-27 15:30:00-04:00,1.059999942779541,1.059999942779541,1.059999942779541,1.059999942779541,232,0.0,0.0
2024-06-28 09:30:00-04:00,1.090000033378601,1.090000033378601,1.090000033378601,1.090000033378601,3392,0.0,0.0
2024-06-28 10:30:00-04:00,1.059999942779541,1.059999942779541,1.059999942779541,1.059999942779541,2584,0.0,0.0
2024-06-28 11:30:00-04:00,1.0499999523162842,1.0599000453948975,1.0499999523162842,1.0499999523162842,9853,0.0,0.0
2024-06-28 12:30:00-04:00,1.0509999990463257,1.0509999990463257,1.0509999990463257,1.0509999990463257,1002,0.0,0.0
2024-06-28 13:30:00-04:00,1.0599000453948975,1.0599000453948975,1.0599000453948975,1.0599000453948975,341,0.0,0.0
2024-06-28 14:30:00-04:00,1.0514999628067017,1.059999942779541,1.0514999628067017,1.059999942779541,4216,0.0,0.0
2024-06-28 15:30:00-04:00,1.0597000122070312,1.0597000122070312,1.0499999523162842,1.0499999523162842,945,0.0,0.0
2024-07-01 09:30:00-04:00,1.0499999523162842,1.0500999689102173,1.0499999523162842,1.0499999523162842,1846,0.0,0.0
2024-07-01 11:30:00-04:00,1.0499999523162842,1.059999942779541,1.0499999523162842,1.059999942779541,6884,0.0,0.0
2024-07-01 12:30:00-04:00,1.0500999689102173,1.0500999689102173,1.0500999689102173,1.0500999689102173,6945,0.0,0.0
2024-07-01 15:30:00-04:00,1.0500999689102173,1.0511000156402588,1.0499999523162842,1.0511000156402588,1419,0.0,0.0
2024-07-02 09:30:00-04:00,1.059999942779541,1.0700000524520874,1.0549999475479126,1.0549999475479126,7268,0.0,0.0
2024-07-02 10:30:00-04:00,1.0513999462127686,1.0513999462127686,1.0513999462127686,1.0513999462127686,2197,0.0,0.0
2024-07-02 12:30:00-04:00,1.0549999475479126,1.059999942779541,1.0499999523162842,1.0499999523162842,6928,0.0,0.0
2024-07-02 13:30:00-04:00,1.0549999475479126,1.059999942779541,1.0549999475479126,1.059999942779541,3321,0.0,0.0
2024-07-02 14:30:00-04:00,1.0511000156402588,1.0511000156402588,1.0511000156402588,1.0511000156402588,752,0.0,0.0
2024-07-02 15:30:00-04:00,1.0549999475479126,1.0549999475479126,1.0499999523162842,1.0499999523162842,5653,0.0,0.0
2024-07-03 09:30:00-04:00,1.0499999523162842,1.059999942779541,1.0499999523162842,1.059999942779541,2868,0.0,0.0
2024-07-03 10:30:00-04:00,1.059999942779541,1.059999942779541,1.059399962425232,1.059399962425232,1346,0.0,0.0
2024-07-03 11:30:00-04:00,1.0508999824523926,1.0595999956130981,1.0500999689102173,1.059399962425232,6505,0.0,0.0
2024-07-03 12:30:00-04:00,1.059999942779541,1.059999942779541,1.0499999523162842,1.0499999523162842,1773,0.0,0.0
2024-07-05 09:30:00-04:00,1.0499999523162842,1.059999942779541,1.0499999523162842,1.0509999990463257,0,0.0,0.0
2024-07-05 10:30:00-04:00,1.059999942779541,1.059999942779541,1.0499999523162842,1.0549999475479126,12622,0.0,0.0
2024-07-05 11:30:00-04:00,1.0499999523162842,1.0499999523162842,1.0499999523162842,1.0499999523162842,200,0.0,0.0
2024-07-05 12:30:00-04:00,1.0500999689102173,1.0549999475479126,1.0499999523162842,1.0499999523162842,5517,0.0,0.0
2024-07-05 13:30:00-04:00,1.0549999475479126,1.0549999475479126,1.0549999475479126,1.0549999475479126,202,0.0,0.0
2024-07-05 15:30:00-04:00,1.0549999475479126,1.0549999475479126,1.0499999523162842,1.0549999475479126,688,0.0,0.0
2024-07-08 09:30:00-04:00,1.059999942779541,1.0700000524520874,1.059999942779541,1.0700000524520874,0,0.0,0.0
2024-07-08 10:30:00-04:00,1.0499999523162842,1.0700000524520874,1.0499999523162842,1.0499999523162842,6055,0.0,0.0
2024-07-08 11:30:00-04:00,1.059999942779541,1.059999942779541,1.059999942779541,1.059999942779541,1221,0.0,0.0
2024-07-08 12:30:00-04:00,1.059499979019165,1.059999942779541,1.0499999523162842,1.0500999689102173,2590,0.0,0.0
2024-07-08 13:30:00-04:00,1.059499979019165,1.059499979019165,1.0499999523162842,1.0499999523162842,1876,0.0,0.0
2024-07-08 15:30:00-04:00,1.0500999689102173,1.0549999475479126,1.0499999523162842,1.0499999523162842,2502,0.0,0.0
2024-07-09 09:30:00-04:00,1.0499999523162842,1.059999942779541,1.0499999523162842,1.059999942779541,2215,0.0,0.0
2024-07-09 11:30:00-04:00,1.0533000230789185,1.0533000230789185,1.0533000230789185,1.0533000230789185,11670,0.0,0.0
2024-07-09 12:30:00-04:00,1.0449999570846558,1.0499999523162842,1.0449999570846558,1.0499999523162842,5157,0.0,0.0
2024-07-09 14:30:00-04:00,1.0399999618530273,1.0399999618530273,1.0399999618530273,1.0399999618530273,575,0.0,0.0
2024-07-10 09:30:00-04:00,1.0499999523162842,1.0499999523162842,1.0499999523162842,1.0499999523162842,574,0.0,0.0
2024-07-10 10:30:00-04:00,1.0499000549316406,1.0499999523162842,1.0396000146865845,1.0399999618530273,7975,0.0,0.0
2024-07-10 11:30:00-04:00,1.0400999784469604,1.059999942779541,1.0400999784469604,1.059999942779541,2539,0.0,0.0
2024-07-10 12:30:00-04:00,1.059999942779541,1.059999942779541,1.0449999570846558,1.0449999570846558,2624,0.0,0.0
2024-07-10 13:30:00-04:00,1.0598000288009644,1.1098999977111816,1.0598000288009644,1.1098999977111816,15350,0.0,0.0
2024-07-10 14:30:00-04:00,1.090000033378601,1.090000033378601,1.090000033378601,1.090000033378601,1593,0.0,0.0
2024-07-10 15:30:00-04:00,1.100000023841858,1.100000023841858,1.0950000286102295,1.0950000286102295,617,0.0,0.0
2024-07-11 09:30:00-04:00,1.100000023841858,1.1002000570297241,1.0753999948501587,1.0777000188827515,13899,0.0,0.0
2024-07-11 10:30:00-04:00,1.0750000476837158,1.1398999691009521,1.0750000476837158,1.1150000095367432,7493,0.0,0.0
2024-07-11 11:30:00-04:00,1.1200000047683716,1.1200000047683716,1.100000023841858,1.100000023841858,489,0.0,0.0
2024-07-11 12:30:00-04:00,1.100100040435791,1.1100000143051147,1.100100040435791,1.1100000143051147,2026,0.0,0.0
2024-07-11 13:30:00-04:00,1.1197999715805054,1.1197999715805054,1.100000023841858,1.1100000143051147,976,0.0,0.0
2024-07-11 14:30:00-04:00,1.100000023841858,1.100000023841858,1.100000023841858,1.100000023841858,394,0.0,0.0
2024-07-11 15:30:00-04:00,1.100000023841858,1.100000023841858,1.100000023841858,1.100000023841858,445,0.0,0.0
2024-07-12 09:30:00-04:00,1.108199954032898,1.1100000143051147,1.090000033378601,1.1100000143051147,13377,0.0,0.0
2024-07-12 10:30:00-04:00,1.1098999977111816,1.1098999977111816,1.090000033378601,1.090999960899353,2532,0.0,0.0
2024-07-12 11:30:00-04:00,1.090000033378601,1.090000033378601,1.090000033378601,1.090000033378601,3869,0.0,0.0
2024-07-12 12:30:00-04:00,1.0950000286102295,1.100000023841858,1.0800000429153442,1.090000033378601,3170,0.0,0.0
2024-07-12 13:30:00-04:00,1.090000033378601,1.0950000286102295,1.090000033378601,1.0950000286102295,3294,0.0,0.0
2024-07-12 14:30:00-04:00,1.100000023841858,1.100000023841858,1.090000033378601,1.0923999547958374,1261,0.0,0.0
2024-07-12 15:30:00-04:00,1.0950000286102295,1.0950000286102295,1.0800000429153442,1.0950000286102295,3858,0.0,0.0
2024-07-15 09:30:00-04:00,1.0980000495910645,1.100000023841858,1.090000033378601,1.090000033378601,16863,0.0,0.0
2024-07-15 10:30:00-04:00,1.090000033378601,1.090000033378601,1.090000033378601,1.090000033378601,455,0.0,0.0
2024-07-15 11:30:00-04:00,1.090000033378601,1.100000023841858,1.090000033378601,1.100000023841858,3225,0.0,0.0
2024-07-15 12:30:00-04:00,1.0887000560760498,1.0887000560760498,1.0700000524520874,1.070199966430664,10582,0.0,0.0
2024-07-15 13:30:00-04:00,1.090000033378601,1.090000033378601,1.0499999523162842,1.059999942779541,35550,0.0,0.0
2024-07-15 14:30:00-04:00,1.0499999523162842,1.0800000429153442,1.0499999523162842,1.0800000429153442,17811,0.0,0.0
2024-07-15 15:30:00-04:00,1.0894999504089355,1.0894999504089355,1.0894999504089355,1.0894999504089355,132,0.0,0.0
2024-07-16 09:30:00-04:00,1.0702999830245972,1.100000023841858,1.0702999830245972,1.0995999574661255,5844,0.0,0.0
2024-07-16 10:30:00-04:00,1.0994000434875488,1.100000023841858,1.0901999473571777,1.0901999473571777,4167,0.0,0.0
2024-07-16 11:30:00-04:00,1.0907000303268433,1.0907000303268433,1.0901000499725342,1.0901000499725342,2653,0.0,0.0
2024-07-16 12:30:00-04:00,1.100000023841858,1.100000023841858,1.083299994468689,1.083299994468689,11715,0.0,0.0
2024-07-16 14:30:00-04:00,1.0901000499725342,1.0901000499725342,1.0901000499725342,1.0901000499725342,850,0.0,0.0
2024-07-16 15:30:00-04:00,1.1008000373840332,1.1008000373840332,1.1008000373840332,1.1008000373840332,313,0.0,0.0
2024-07-17 09:30:00-04:00,1.1100000143051147,1.1198999881744385,1.1100000143051147,1.1169999837875366,18833,0.0,0.0
2024-07-17 10:30:00-04:00,1.1050000190734863,1.1050000190734863,1.1050000190734863,1.1050000190734863,277,0.0,0.0
2024-07-17 11:30:00-04:00,1.1198999881744385,1.1200000047683716,1.097599983215332,1.097599983215332,9016,0.0,0.0
2024-07-17 12:30:00-04:00,1.1100000143051147,1.149999976158142,1.1100000143051147,1.1495000123977661,15988,0.0,0.0
2024-07-17 13:30:00-04:00,1.149999976158142,1.2000000476837158,1.1401000022888184,1.1649999618530273,17729,0.0,0.0
2024-07-17 14:30:00-04:00,1.160099983215332,1.1799999475479126,1.1301000118255615,1.1799999475479126,6453,0.0,0.0
2024-07-17 15:30:00-04:00,1.184999942779541,1.190000057220459,1.1699999570846558,1.190000057220459,4601,0.0,0.0
2024-07-18 09:30:00-04:00,1.190000057220459,1.2100000381469727,1.1607999801635742,1.2100000381469727,2170,0.0,0.0
2024-07-18 10:30:00-04:00,1.2100000381469727,1.2100000381469727,1.2100000381469727,1.2100000381469727,6001,0.0,0.0
2024-07-18 11:30:00-04:00,1.2099000215530396,1.2099000215530396,1.1699999570846558,1.1699999570846558,2091,0.0,0.0
2024-07-18 12:30:00-04:00,1.1699999570846558,1.190000057220459,1.159999966621399,1.190000057220459,2448,0.0,0.0
2024-07-18 13:30:00-04:00,1.1612000465393066,1.1699999570846558,1.1612000465393066,1.1699999570846558,346,0.0,0.0
2024-07-18 14:30:00-04:00,1.1699999570846558,1.1699999570846558,1.1699999570846558,1.1699999570846558,676,0.0,0.0
2024-07-18 15:30:00-04:00,1.160099983215332,1.160099983215332,1.160099983215332,1.160099983215332,1101,0.0,0.0
2024-07-19 09:30:00-04:00,1.149999976158142,1.1500999927520752,1.149999976158142,1.1500999927520752,2380,0.0,0.0
2024-07-19 10:30:00-04:00,1.149999976158142,1.1699999570846558,1.149999976158142,1.1592999696731567,2795,0.0,0.0
2024-07-19 11:30:00-04:00,1.1591999530792236,1.1591999530792236,1.1591999530792236,1.1591999530792236,301,0.0,0.0
2024-07-19 12:30:00-04:00,1.159999966621399,1.159999966621399,1.159999966621399,1.159999966621399,445,0.0,0.0
2024-07-19 13:30:00-04:00,1.1598999500274658,1.1598999500274658,1.1445000171661377,1.1445000171661377,564,0.0,0.0
2024-07-19 14:30:00-04:00,1.1404999494552612,1.1449999809265137,1.1100000143051147,1.1100000143051147,3313,0.0,0.0
2024-07-19 15:30:00-04:00,1.1200000047683716,1.1200000047683716,1.1100000143051147,1.1200000047683716,1053,0.0,0.0
2024-07-22 09:30:00-04:00,1.1100000143051147,1.190000057220459,1.1100000143051147,1.1749999523162842,17996,0.0,0.0
2024-07-22 10:30:00-04:00,1.1399999856948853,1.1598999500274658,1.1397000551223755,1.1598999500274658,10886,0.0,0.0
2024-07-22 11:30:00-04:00,1.1497999429702759,1.1500999927520752,1.1497999429702759,1.1500999927520752,2041,0.0,0.0
2024-07-22 12:30:00-04:00,1.1749999523162842,1.1749999523162842,1.159999966621399,1.1699999570846558,968,0.0,0.0
2024-07-22 14:30:00-04:00,1.159999966621399,1.159999966621399,1.159999966621399,1.159999966621399,1629,0.0,0.0
2024-07-23 09:30:00-04:00,1.1399999856948853,1.1399999856948853,1.1399999856948853,1.1399999856948853,1055,0.0,0.0
2024-07-23 10:30:00-04:00,1.1699999570846558,1.1928000450134277,1.1699999570846558,1.1928000450134277,7008,0.0,0.0
2024-07-23 11:30:00-04:00,1.1995999813079834,1.1995999813079834,1.190000057220459,1.190000057220459,1856,0.0,0.0
2024-07-23 12:30:00-04:00,1.190600037574768,1.2000000476837158,1.190600037574768,1.2000000476837158,13277,0.0,0.0
2024-07-23 15:30:00-04:00,1.1805000305175781,1.190000057220459,1.1805000305175781,1.190000057220459,3752,0.0,0.0
2024-07-24 09:30:00-04:00,1.2100000381469727,1.2100000381469727,1.1799999475479126,1.1999000310897827,11056,0.0,0.0
2024-07-24 10:30:00-04:00,1.1999000310897827,1.2100000381469727,1.190000057220459,1.2100000381469727,13166,0.0,0.0
2024-07-24 11:30:00-04:00,1.2100000381469727,1.2100000381469727,1.1900999546051025,1.2100000381469727,3009,0.0,0.0
2024-07-24 12:30:00-04:00,1.190000057220459,1.2000000476837158,1.190000057220459,1.2000000476837158,2026,0.0,0.0
2024-07-24 15:30:00-04:00,1.1993999481201172,1.2000000476837158,1.190000057220459,1.1950000524520874,1307,0.0,0.0
2024-07-25 09:30:00-04:00,1.100000023841858,1.184999942779541,1.100000023841858,1.1799999475479126,22269,0.0,0.0
2024-07-25 10:30:00-04:00,1.1720000505447388,1.1720000505447388,1.1720000505447388,1.1720000505447388,3619,0.0,0.0
2024-07-25 11:30:00-04:00,1.1890000104904175,1.1890000104904175,1.1890000104904175,1.1890000104904175,132,0.0,0.0
2024-07-25 12:30:00-04:00,1.1899000406265259,1.2000000476837158,1.1894999742507935,1.2000000476837158,1476,0.0,0.0
2024-07-25 13:30:00-04:00,1.184999942779541,1.184999942779541,1.1699999570846558,1.1699999570846558,1631,0.0,0.0
2024-07-25 15:30:00-04:00,1.1799999475479126,1.1799999475479126,1.1799999475479126,1.1799999475479126,1622,0.0,0.0
2024-07-26 09:30:00-04:00,1.1898000240325928,1.1999000310897827,1.1699999570846558,1.1699999570846558,9158,0.0,0.0
2024-07-26 10:30:00-04:00,1.1699999570846558,1.184999942779541,1.1699999570846558,1.18340003490448,2593,0.0,0.0
2024-07-26 11:30:00-04:00,1.1799999475479126,1.1799999475479126,1.1799999475479126,1.1799999475479126,1036,0.0,0.0
2024-07-26 14:30:00-04:00,1.1799999475479126,1.1799999475479126,1.1799999475479126,1.1799999475479126,200,0.0,0.0
2024-07-26 15:30:00-04:00,1.1699999570846558,1.1699999570846558,1.1699999570846558,1.1699999570846558,1475,0.0,0.0
2024-07-29 10:30:00-04:00,1.1674000024795532,1.1878000497817993,1.1674000024795532,1.1877000331878662,1137,0.0,0.0
2024-07-29 11:30:00-04:00,1.1699999570846558,1.190000057220459,1.1260000467300415,1.1260000467300415,8197,0.0,0.0
2024-07-29 12:30:00-04:00,1.1747000217437744,1.179800033569336,1.1323000192642212,1.1323000192642212,832,0.0,0.0
2024-07-29 13:30:00-04:00,1.149999976158142,1.149999976158142,1.149999976158142,1.149999976158142,276,0.0,0.0
2024-07-29 14:30:00-04:00,1.1598999500274658,1.1598999500274658,1.1299999952316284,1.1299999952316284,2763,0.0,0.0
2024-07-29 15:30:00-04:00,1.1410000324249268,1.1410000324249268,1.1299999952316284,1.1299999952316284,2034,0.0,0.0
2024-07-30 11:30:00-04:00,1.149999976158142,1.1500999927520752,1.149999976158142,1.1500999927520752,476,0.0,0.0
2024-07-30 12:30:00-04:00,1.159999966621399,1.159999966621399,1.159999966621399,1.159999966621399,5200,0.0,0.0
2024-07-30 13:30:00-04:00,1.1549999713897705,1.1549999713897705,1.149999976158142,1.149999976158142,0,0.0,0.0
2024-07-30 15:30:00-04:00,1.1549999713897705,1.1549999713897705,1.1549999713897705,1.1549999713897705,0,0.0,0.0
2024-07-31 09:30:00-04:00,1.1401000022888184,1.1401000022888184,1.1401000022888184,1.1401000022888184,2460,0.0,0.0
2024-07-31 10:30:00-04:00,1.12909996509552,1.12909996509552,1.1150000095367432,1.1200000047683716,2319,0.0,0.0
2024-07-31 11:30:00-04:00,1.1200000047683716,1.1200000047683716,1.1200000047683716,1.1200000047683716,1224,0.0,0.0
2024-07-31 14:30:00-04:00,1.1399999856948853,1.179900050163269,1.1399999856948853,1.1649999618530273,14466,0.0,0.0
2024-07-31 15:30:00-04:00,1.1714999675750732,1.1749999523162842,1.1699999570846558,1.1699999570846558,1791,0.0,0.0
2024-08-01 10:30:00-04:00,1.1201000213623047,1.1201000213623047,1.1201000213623047,1.1201000213623047,3534,0.0,0.0
2024-08-01 11:30:00-04:00,1.1598999500274658,1.1598999500274658,1.1598999500274658,1.1598999500274658,1575,0.0,0.0
2024-08-01 13:30:00-04:00,1.1449999809265137,1.1449999809265137,1.1299999952316284,1.1299999952316284,2966,0.0,0.0
2024-08-01 14:30:00-04:00,1.1299999952316284,1.1418999433517456,1.1299999952316284,1.1418999433517456,4079,0.0,0.0
2024-08-02 09:30:00-04:00,1.1239999532699585,1.1239999532699585,1.1239999532699585,1.1239999532699585,720,0.0,0.0
2024-08-02 10:30:00-04:00,1.1368000507354736,1.1368000507354736,1.1349999904632568,1.1349999904632568,1882,0.0,0.0
2024-08-02 11:30:00-04:00,1.1201000213623047,1.1299999952316284,1.080299973487854,1.1299999952316284,7163,0.0,0.0
2024-08-02 13:30:00-04:00,1.1198999881744385,1.1200000047683716,1.1198999881744385,1.1198999881744385,1445,0.0,0.0
2024-08-02 14:30:00-04:00,1.100000023841858,1.100100040435791,1.059999942779541,1.059999942779541,39939,0.0,0.0
2024-08-02 15:30:00-04:00,1.0800000429153442,1.090000033378601,1.0499999523162842,1.0499999523162842,28697,0.0,0.0
2024-08-05 09:30:00-04:00,1.0,1.0119999647140503,1.0,1.0110000371932983,11134,0.0,0.0
2024-08-05 10:30:00-04:00,1.0099999904632568,1.0099999904632568,0.9800000190734863,0.9998999834060669,5945,0.0,0.0
2024-08-05 11:30:00-04:00,0.9998999834060669,0.9998999834060669,0.9900000095367432,0.9900000095367432,4585,0.0,0.0
2024-08-05 12:30:00-04:00,0.9948999881744385,0.9948999881744385,0.9948999881744385,0.9948999881744385,660,0.0,0.0
2024-08-05 13:30:00-04:00,0.9998000264167786,0.9998000264167786,0.9998000264167786,0.9998000264167786,0,0.0,0.0
2024-08-05 14:30:00-04:00,0.9951000213623047,1.0,0.9951000213623047,1.0,29083,0.0,0.0
2024-08-05 15:30:00-04:00,0.9997000098228455,1.0099999904632568,0.9904000163078308,0.9904000163078308,3486,0.0,0.0
2024-08-06 09:30:00-04:00,0.9998999834060669,0.9998999834060669,0.9890000224113464,0.9890000224113464,0,0.0,0.0
2024-08-06 10:30:00-04:00,0.9897000193595886,0.9897000193595886,0.9800000190734863,0.9800000190734863,17043,0.0,0.0
2024-08-06 11:30:00-04:00,0.9891999959945679,0.9891999959945679,0.9891999959945679,0.9891999959945679,5976,0.0,0.0
2024-08-06 12:30:00-04:00,0.9887999892234802,0.9926000237464905,0.9801999926567078,0.9876000285148621,8199,0.0,0.0
2024-08-06 14:30:00-04:00,0.9941999912261963,0.9941999912261963,0.9897000193595886,0.9897000193595886,1336,0.0,0.0
2024-08-06 15:30:00-04:00,0.9851999878883362,0.9851999878883362,0.9851999878883362,0.9851999878883362,562,0.0,0.0
2024-08-07 09:30:00-04:00,0.9904999732971191,0.9955000281333923,0.9904999732971191,0.9955000281333923,2334,0.0,0.0
2024-08-07 10:30:00-04:00,0.9980000257492065,0.9980000257492065,0.9901000261306763,0.9901000261306763,7313,0.0,0.0
2024-08-07 11:30:00-04:00,0.9900000095367432,0.9900000095367432,0.9900000095367432,0.9900000095367432,601,0.0,0.0
2024-08-07 13:30:00-04:00,0.9801999926567078,0.9801999926567078,0.9801999926567078,0.9801999926567078,1126,0.0,0.0
2024-08-08 09:30:00-04:00,0.9900000095367432,0.9976999759674072,0.9850999712944031,0.9850999712944031,1555,0.0,0.0
2024-08-08 12:30:00-04:00,0.9973000288009644,0.9973000288009644,0.9925000071525574,0.9925000071525574,5429,0.0,0.0
2024-08-08 13:30:00-04:00,0.9850999712944031,0.9850999712944031,0.9850999712944031,0.9850999712944031,340,0.0,0.0
2024-08-08 14:30:00-04:00,0.9998000264167786,0.9998000264167786,0.9925000071525574,0.9925000071525574,1535,0.0,0.0
2024-08-09 09:30:00-04:00,0.9975000023841858,1.0399999618530273,0.9975000023841858,1.0149999856948853,12155,0.0,0.0
2024-08-09 10:30:00-04:00,1.0299999713897705,1.0299999713897705,1.0199999809265137,1.0199999809265137,0,0.0,0.0
2024-08-09 13:30:00-04:00,1.0199999809265137,1.0199999809265137,1.0099999904632568,1.0199999809265137,20528,0.0,0.0
2024-08-09 14:30:00-04:00,1.010699987411499,1.010699987411499,1.010699987411499,1.010699987411499,233,0.0,0.0
2024-08-09 15:30:00-04:00,1.0299999713897705,1.0299999713897705,1.0299999713897705,1.0299999713897705,485,0.0,0.0
2024-08-12 09:30:00-04:00,0.9900000095367432,0.9900000095367432,0.9900000095367432,0.9900000095367432,1071,0.0,0.0
2024-08-12 10:30:00-04:00,1.0199999809265137,1.0299999713897705,1.0199999809265137,1.0199999809265137,1793,0.0,0.0
2024-08-12 12:30:00-04:00,1.024999976158142,1.024999976158142,1.024999976158142,1.024999976158142,2042,0.0,0.0
2024-08-12 13:30:00-04:00,1.0199999809265137,1.024999976158142,0.9900000095367432,1.0199999809265137,6173,0.0,0.0
2024-08-12 14:30:00-04:00,1.0199999809265137,1.024999976158142,1.0199999809265137,1.024999976158142,2063,0.0,0.0
2024-08-13 09:30:00-04:00,0.9901000261306763,0.9901000261306763,0.9901000261306763,0.9901000261306763,1012,0.0,0.0
2024-08-13 10:30:00-04:00,1.0399999618530273,1.0399999618530273,1.0399999618530273,1.0399999618530273,334,0.0,0.0
2024-08-13 11:30:00-04:00,0.9959999918937683,0.9998999834060669,0.9959999918937683,0.9998999834060669,1478,0.0,0.0
2024-08-13 13:30:00-04:00,1.0049999952316284,1.0049999952316284,1.0049999952316284,1.0049999952316284,789,0.0,0.0
2024-08-13 15:30:00-04:00,1.0199999809265137,1.0199999809265137,1.0199999809265137,1.0199999809265137,301,0.0,0.0
2024-08-14 09:30:00-04:00,1.0299999713897705,1.0299999713897705,1.0,1.0149999856948853,876,0.0,0.0
2024-08-14 11:30:00-04:00,0.9900000095367432,0.9900000095367432,0.9900000095367432,0.9900000095367432,6782,0.0,0.0
2024-08-14 14:30:00-04:00,1.0,1.0049999952316284,1.0,1.0049999952316284,356,0.0,0.0
2024-08-14 15:30:00-04:00,1.0,1.0099999904632568,1.0,1.0099999904632568,315,0.0,0.0
2024-08-15 09:30:00-04:00,0.9805999994277954,1.0098999738693237,0.9805999994277954,1.0098999738693237,13667,0.0,0.0
2024-08-15 10:30:00-04:00,0.9900000095367432,0.9900000095367432,0.9821000099182129,0.9821000099182129,316,0.0,0.0
2024-08-15 11:30:00-04:00,1.0029000043869019,1.0029000043869019,1.0029000043869019,1.0029000043869019,249,0.0,0.0
2024-08-15 12:30:00-04:00,1.0,1.0,1.0,1.0,201,0.0,0.0
2024-08-15 13:30:00-04:00,1.0,1.0,1.0,1.0,1231,0.0,0.0
2024-08-15 14:30:00-04:00,0.9993000030517578,0.9993000030517578,0.9850999712944031,0.9850999712944031,1200,0.0,0.0
2024-08-15 15:30:00-04:00,0.9904999732971191,0.9958999752998352,0.9850000143051147,0.9850999712944031,3285,0.0,0.0
2024-08-16 09:30:00-04:00,0.9866999983787537,0.9873999953269958,0.9866999983787537,0.9873999953269958,0,0.0,0.0
2024-08-16 10:30:00-04:00,1.0,1.0,1.0,1.0,301,0.0,0.0
2024-08-16 12:30:00-04:00,0.9901000261306763,0.9901000261306763,0.9901000261306763,0.9901000261306763,2000,0.0,0.0
2024-08-16 13:30:00-04:00,0.9922000169754028,0.9922000169754028,0.9900000095367432,0.9900000095367432,1388,0.0,0.0
2024-08-16 14:30:00-04:00,0.9901000261306763,0.9901000261306763,0.9860000014305115,0.9860000014305115,7074,0.0,0.0
2024-08-16 15:30:00-04:00,0.9860000014305115,0.9860000014305115,0.9860000014305115,0.9860000014305115,774,0.0,0.0
2024-08-19 09:30:00-04:00,1.0,1.0023000240325928,0.9513999819755554,0.9703999757766724,25470,0.0,0.0
2024-08-19 10:30:00-04:00,0.9746000170707703,0.9746000170707703,0.9746000170707703,0.9746000170707703,579,0.0,0.0
2024-08-19 11:30:00-04:00,0.9549999833106995,0.9549999833106995,0.8999999761581421,0.9200000166893005,6338,0.0,0.0
2024-08-19 12:30:00-04:00,0.9251999855041504,0.9251999855041504,0.9251999855041504,0.9251999855041504,2981,0.0,0.0
2024-08-19 13:30:00-04:00,0.9200000166893005,0.9438999891281128,0.8199999928474426,0.8733999729156494,38458,0.0,0.0
2024-08-19 14:30:00-04:00,0.8774999976158142,0.8859999775886536,0.8758000135421753,0.878600001335144,16185,0.0,0.0
2024-08-19 15:30:00-04:00,0.8700000047683716,0.8960000276565552,0.8600999712944031,0.8756999969482422,9120,0.0,0.0
2024-08-20 09:30:00-04:00,0.8999999761581421,0.9099000096321106,0.8700000047683716,0.8801000118255615,49538,0.0,0.0
2024-08-20 10:30:00-04:00,0.8770999908447266,0.9093999862670898,0.8770999908447266,0.8899999856948853,19342,0.0,0.0
2024-08-20 11:30:00-04:00,0.8741999864578247,0.8741999864578247,0.8709999918937683,0.8741999864578247,2909,0.0,0.0
2024-08-20 12:30:00-04:00,0.8709999918937683,0.8709999918937683,0.8600000143051147,0.8626000285148621,12113,0.0,0.0
2024-08-20 13:30:00-04:00,0.8600000143051147,0.9060999751091003,0.8449000120162964,0.8659999966621399,21326,0.0,0.0
2024-08-20 14:30:00-04:00,0.8700000047683716,0.8995000123977661,0.8700000047683716,0.8995000123977661,1662,0.0,0.0
2024-08-20 15:30:00-04:00,0.8999999761581421,0.9000999927520752,0.8497999906539917,0.8511000275611877,10202,0.0,0.0
2024-08-21 09:30:00-04:00,0.8971999883651733,0.8971999883651733,0.8199999928474426,0.8636000156402588,15927,0.0,0.0
2024-08-21 10:30:00-04:00,0.8636000156402588,0.8866999745368958,0.8299999833106995,0.8500000238418579,3386,0.0,0.0
2024-08-21 11:30:00-04:00,0.8500000238418579,0.8970999717712402,0.8342999815940857,0.8342999815940857,1490,0.0,0.0
2024-08-21 12:30:00-04:00,0.875,0.875,0.8199999928474426,0.8299999833106995,19956,0.0,0.0
2024-08-21 13:30:00-04:00,0.8299999833106995,0.8300999999046326,0.8199999928474426,0.8209999799728394,6624,0.0,0.0
2024-08-21 14:30:00-04:00,0.8500000238418579,0.8500000238418579,0.800000011920929,0.8205000162124634,7534,0.0,0.0
2024-08-21 15:30:00-04:00,0.8215000033378601,0.8215000033378601,0.8215000033378601,0.8215000033378601,300,0.0,0.0
2024-08-22 09:30:00-04:00,0.8349999785423279,0.8349999785423279,0.8349999785423279,0.8349999785423279,2316,0.0,0.0
2024-08-22 10:30:00-04:00,0.8798999786376953,0.8798999786376953,0.8798999786376953,0.8798999786376953,545,0.0,0.0
2024-08-22 11:30:00-04:00,0.862500011920929,0.862500011920929,0.8460999727249146,0.8460999727249146,2914,0.0,0.0
2024-08-22 12:30:00-04:00,0.8598999977111816,0.8598999977111816,0.8399999737739563,0.8399999737739563,10561,0.0,0.0
2024-08-22 13:30:00-04:00,0.8399999737739563,0.8399999737739563,0.8399999737739563,0.8399999737739563,5348,0.0,0.0
2024-08-22 14:30:00-04:00,0.8550999760627747,0.859000027179718,0.84170001745224,0.84170001745224,1483,0.0,0.0
2024-08-22 15:30:00-04:00,0.8299999833106995,0.8299999833106995,0.8299999833106995,0.8299999833106995,418,0.0,0.0
2024-08-23 09:30:00-04:00,0.8299999833106995,0.8453999757766724,0.8109999895095825,0.8116999864578247,5757,0.0,0.0
2024-08-23 10:30:00-04:00,0.8399999737739563,0.8399999737739563,0.824999988079071,0.8291000127792358,801,0.0,0.0
2024-08-23 11:30:00-04:00,0.8705999851226807,0.879800021648407,0.8410999774932861,0.8781999945640564,4634,0.0,0.0
2024-08-23 12:30:00-04:00,0.8698999881744385,0.879800021648407,0.8525999784469604,0.8525999784469604,21584,0.0,0.0
2024-08-23 13:30:00-04:00,0.8399999737739563,0.8478000164031982,0.8305000066757202,0.8305000066757202,1710,0.0,0.0
2024-08-23 14:30:00-04:00,0.8306999802589417,0.8410000205039978,0.8305000066757202,0.8410000205039978,1554,0.0,0.0
2024-08-23 15:30:00-04:00,0.8289999961853027,0.8644000291824341,0.8199999928474426,0.8644000291824341,3147,0.0,0.0
