Datetime,Open,High,Low,Close,Volume,Dividends,Stock Splits,Capital Gains
2022-08-24 09:30:00-04:00,42.189998626708984,42.380001068115234,42.189998626708984,42.380001068115234,0,0.0,0.0,0.0
2022-08-24 11:30:00-04:00,42.529998779296875,42.529998779296875,42.52000045776367,42.52000045776367,300,0.0,0.0,0.0
2022-08-24 12:30:00-04:00,42.5099983215332,42.5099983215332,42.43000030517578,42.43600082397461,4760,0.0,0.0,0.0
2022-08-24 13:30:00-04:00,42.375999450683594,42.415000915527344,42.37070083618164,42.415000915527344,2755,0.0,0.0,0.0
2022-08-24 14:30:00-04:00,42.40230178833008,42.43000030517578,42.380001068115234,42.43000030517578,3557,0.0,0.0,0.0
2022-08-24 15:30:00-04:00,42.43000030517578,42.43000030517578,42.42190170288086,42.42190170288086,1022,0.0,0.0,0.0
2022-08-25 09:30:00-04:00,42.7599983215332,42.97999954223633,42.689998626708984,42.97999954223633,0,0.0,0.0,0.0
2022-08-25 10:30:00-04:00,42.97999954223633,43.029998779296875,42.81119918823242,42.81999969482422,8429,0.0,0.0,0.0
2022-08-25 11:30:00-04:00,42.81060028076172,42.900001525878906,42.81060028076172,42.86000061035156,17990,0.0,0.0,0.0
2022-08-25 12:30:00-04:00,42.88999938964844,42.95000076293945,42.869998931884766,42.95000076293945,1430,0.0,0.0,0.0
2022-08-25 13:30:00-04:00,42.970001220703125,42.9900016784668,42.938201904296875,42.959999084472656,2815,0.0,0.0,0.0
2022-08-25 14:30:00-04:00,42.97999954223633,43.04999923706055,42.92259979248047,43.029998779296875,8968,0.0,0.0,0.0
2022-08-25 15:30:00-04:00,43.0,43.11000061035156,43.0,43.09000015258789,4560,0.0,0.0,0.0
2022-08-26 09:30:00-04:00,43.45000076293945,43.45000076293945,43.20000076293945,43.20000076293945,0,0.0,0.0,0.0
2022-08-26 10:30:00-04:00,43.02000045776367,43.02000045776367,42.71260070800781,42.720001220703125,86500,0.0,0.0,0.0
2022-08-26 11:30:00-04:00,42.80630111694336,42.80630111694336,42.779998779296875,42.779998779296875,1031,0.0,0.0,0.0
2022-08-26 12:30:00-04:00,42.75,42.84989929199219,42.709999084472656,42.77989959716797,12425,0.0,0.0,0.0
2022-08-26 13:30:00-04:00,42.71500015258789,42.7400016784668,42.650001525878906,42.709999084472656,6693,0.0,0.0,0.0
2022-08-26 14:30:00-04:00,42.720001220703125,42.720001220703125,42.61000061035156,42.630001068115234,3508,0.0,0.0,0.0
2022-08-26 15:30:00-04:00,42.630001068115234,42.654998779296875,42.59000015258789,42.59000015258789,10049,0.0,0.0,0.0
2022-08-29 09:30:00-04:00,42.4900016784668,42.55699920654297,42.4900016784668,42.55699920654297,0,0.0,0.0,0.0
2022-08-29 10:30:00-04:00,42.5099983215332,42.5099983215332,42.414398193359375,42.4900016784668,2735,0.0,0.0,0.0
2022-08-29 11:30:00-04:00,42.45199966430664,42.47999954223633,42.42340087890625,42.47999954223633,2175,0.0,0.0,0.0
2022-08-29 12:30:00-04:00,42.5,42.56990051269531,42.5,42.509498596191406,2416,0.0,0.0,0.0
2022-08-29 13:30:00-04:00,42.515098571777344,42.529998779296875,42.46989822387695,42.46989822387695,3516,0.0,0.0,0.0
2022-08-29 14:30:00-04:00,42.5099983215332,42.560001373291016,42.47999954223633,42.5,9172,0.0,0.0,0.0
2022-08-29 15:30:00-04:00,42.45000076293945,42.45500183105469,42.349998474121094,42.349998474121094,1648,0.0,0.0,0.0
2022-08-30 09:30:00-04:00,42.5,42.5,42.25,42.2599983215332,0,0.0,0.0,0.0
2022-08-30 10:30:00-04:00,42.13999938964844,42.13999938964844,42.0099983215332,42.0099983215332,6504,0.0,0.0,0.0
2022-08-30 11:30:00-04:00,42.099998474121094,42.15999984741211,42.095001220703125,42.099998474121094,3834,0.0,0.0,0.0
2022-08-30 12:30:00-04:00,42.040000915527344,42.1088981628418,41.939998626708984,41.95349884033203,8841,0.0,0.0,0.0
2022-08-30 13:30:00-04:00,41.89099884033203,41.939998626708984,41.83000183105469,41.86000061035156,15298,0.0,0.0,0.0
2022-08-30 14:30:00-04:00,41.88999938964844,42.099998474121094,41.88999938964844,42.005001068115234,17496,0.0,0.0,0.0
2022-08-30 15:30:00-04:00,41.9900016784668,41.996700286865234,41.95000076293945,41.95000076293945,1555,0.0,0.0,0.0
2022-08-31 09:30:00-04:00,42.29499816894531,42.29999923706055,42.25,42.29999923706055,0,0.0,0.0,0.0
2022-08-31 10:30:00-04:00,42.28499984741211,42.29999923706055,42.2599983215332,42.29999923706055,1759,0.0,0.0,0.0
2022-08-31 11:30:00-04:00,42.220001220703125,42.220001220703125,42.16999816894531,42.16999816894531,2167,0.0,0.0,0.0
2022-08-31 13:30:00-04:00,42.09000015258789,42.169898986816406,42.08000183105469,42.11980056762695,8754,0.0,0.0,0.0
2022-08-31 14:30:00-04:00,42.099998474121094,42.150001525878906,42.09000015258789,42.119998931884766,10855,0.0,0.0,0.0
2022-08-31 15:30:00-04:00,42.06380081176758,42.099998474121094,42.04999923706055,42.04999923706055,2090,0.0,0.0,0.0
2022-09-01 09:30:00-04:00,41.90999984741211,41.90999984741211,41.540000915527344,41.689998626708984,0,0.0,0.0,0.0
2022-09-01 10:30:00-04:00,41.630001068115234,41.630001068115234,41.52000045776367,41.599998474121094,976,0.0,0.0,0.0
2022-09-01 11:30:00-04:00,41.65999984741211,41.68000030517578,41.5989990234375,41.68000030517578,3472,0.0,0.0,0.0
2022-09-01 12:30:00-04:00,41.65999984741211,41.709999084472656,41.58000183105469,41.709999084472656,1730,0.0,0.0,0.0
2022-09-01 13:30:00-04:00,41.72999954223633,41.734100341796875,41.66170120239258,41.734100341796875,16697,0.0,0.0,0.0
2022-09-01 14:30:00-04:00,41.79499816894531,41.83000183105469,41.779998779296875,41.779998779296875,7599,0.0,0.0,0.0
2022-09-01 15:30:00-04:00,41.79949951171875,41.880001068115234,41.79359817504883,41.880001068115234,15111,0.0,0.0,0.0
2022-09-02 09:30:00-04:00,41.84000015258789,41.84000015258789,41.70500183105469,41.81999969482422,0,0.0,0.0,0.0
2022-09-02 10:30:00-04:00,41.95000076293945,41.959999084472656,41.90999984741211,41.90999984741211,2192,0.0,0.0,0.0
2022-09-02 11:30:00-04:00,41.959999084472656,41.97800064086914,41.79499816894531,41.79499816894531,2206,0.0,0.0,0.0
2022-09-02 12:30:00-04:00,41.74420166015625,41.74420166015625,41.505001068115234,41.505001068115234,1539,0.0,0.0,0.0
2022-09-02 13:30:00-04:00,41.481998443603516,41.602500915527344,41.452301025390625,41.599998474121094,15480,0.0,0.0,0.0
2022-09-02 14:30:00-04:00,41.59000015258789,41.66999816894531,41.560001373291016,41.560001373291016,12769,0.0,0.0,0.0
2022-09-02 15:30:00-04:00,41.5099983215332,41.560001373291016,41.45989990234375,41.560001373291016,2084,0.0,0.0,0.0
2022-09-06 09:30:00-04:00,41.648101806640625,41.65999984741211,41.400001525878906,41.400001525878906,0,0.0,0.0,0.0
2022-09-06 10:30:00-04:00,41.4900016784668,41.619998931884766,41.45500183105469,41.45500183105469,4839,0.0,0.0,0.0
2022-09-06 11:30:00-04:00,41.540000915527344,41.59000015258789,41.4900016784668,41.4900016784668,4154,0.0,0.0,0.0
2022-09-06 12:30:00-04:00,41.470001220703125,41.47999954223633,41.400001525878906,41.400001525878906,3038,0.0,0.0,0.0
2022-09-06 13:30:00-04:00,41.375,41.439998626708984,41.349998474121094,41.439998626708984,2077,0.0,0.0,0.0
2022-09-06 14:30:00-04:00,41.38999938964844,41.40999984741211,41.349998474121094,41.380001068115234,5566,0.0,0.0,0.0
2022-09-06 15:30:00-04:00,41.36000061035156,41.38999938964844,41.330101013183594,41.36640167236328,1545,0.0,0.0,0.0
2022-09-07 09:30:00-04:00,41.27000045776367,41.380001068115234,41.220001220703125,41.36000061035156,0,0.0,0.0,0.0
2022-09-07 10:30:00-04:00,41.380001068115234,41.475399017333984,41.380001068115234,41.475399017333984,797,0.0,0.0,0.0
2022-09-07 11:30:00-04:00,41.470001220703125,41.508399963378906,41.470001220703125,41.508399963378906,1756,0.0,0.0,0.0
2022-09-07 12:30:00-04:00,41.51470184326172,41.562801361083984,41.459999084472656,41.54999923706055,9613,0.0,0.0,0.0
2022-09-07 13:30:00-04:00,41.68000030517578,41.68000030517578,41.630001068115234,41.630001068115234,962,0.0,0.0,0.0
2022-09-07 14:30:00-04:00,41.650001525878906,41.7599983215332,41.650001525878906,41.7599983215332,10293,0.0,0.0,0.0
2022-09-07 15:30:00-04:00,41.758201599121094,41.78969955444336,41.65999984741211,41.7599983215332,13185,0.0,0.0,0.0
2022-09-08 09:30:00-04:00,41.470001220703125,41.470001220703125,41.349998474121094,41.439998626708984,0,0.0,0.0,0.0
2022-09-08 10:30:00-04:00,41.540000915527344,41.540000915527344,41.540000915527344,41.540000915527344,100,0.0,0.0,0.0
2022-09-08 11:30:00-04:00,41.540000915527344,41.619998931884766,41.30619812011719,41.33000183105469,4242,0.0,0.0,0.0
2022-09-08 12:30:00-04:00,41.349998474121094,41.52000045776367,41.349998474121094,41.5099983215332,5130,0.0,0.0,0.0
2022-09-08 13:30:00-04:00,41.47999954223633,41.58000183105469,41.477500915527344,41.5099983215332,4226,0.0,0.0,0.0
2022-09-08 14:30:00-04:00,41.4900016784668,41.52000045776367,41.47999954223633,41.52000045776367,3114,0.0,0.0,0.0
2022-09-08 15:30:00-04:00,41.5099983215332,41.630001068115234,41.45000076293945,41.630001068115234,5216,0.0,0.0,0.0
2022-09-09 09:30:00-04:00,42.0099983215332,42.20000076293945,42.0099983215332,42.092498779296875,0,0.0,0.0,0.0
2022-09-09 10:30:00-04:00,42.11000061035156,42.150001525878906,42.09000015258789,42.09000015258789,2291,0.0,0.0,0.0
2022-09-09 11:30:00-04:00,42.08000183105469,42.150001525878906,42.08000183105469,42.08000183105469,3831,0.0,0.0,0.0
2022-09-09 12:30:00-04:00,42.06999969482422,42.165000915527344,42.06999969482422,42.11000061035156,2586,0.0,0.0,0.0
2022-09-09 13:30:00-04:00,42.130001068115234,42.130001068115234,42.08000183105469,42.100101470947266,1118,0.0,0.0,0.0
2022-09-09 14:30:00-04:00,42.099998474121094,42.20899963378906,42.08509826660156,42.119998931884766,15058,0.0,0.0,0.0
2022-09-09 15:30:00-04:00,42.130001068115234,42.22999954223633,42.129600524902344,42.129600524902344,4321,0.0,0.0,0.0
2022-09-12 09:30:00-04:00,42.52000045776367,42.665000915527344,42.38999938964844,42.665000915527344,0,0.0,0.0,0.0
2022-09-12 10:30:00-04:00,42.650001525878906,42.650001525878906,42.609901428222656,42.609901428222656,661,0.0,0.0,0.0
2022-09-12 11:30:00-04:00,42.67919921875,42.67919921875,42.59339904785156,42.619998931884766,2354,0.0,0.0,0.0
2022-09-12 12:30:00-04:00,42.689998626708984,42.689998626708984,42.63010025024414,42.63010025024414,8624,0.0,0.0,0.0
2022-09-12 13:30:00-04:00,42.70000076293945,42.70000076293945,42.65999984741211,42.65999984741211,4717,0.0,0.0,0.0
2022-09-12 14:30:00-04:00,42.58000183105469,42.630001068115234,42.58000183105469,42.6150016784668,56115,0.0,0.0,0.0
2022-09-12 15:30:00-04:00,42.619998931884766,42.70000076293945,42.56449890136719,42.619998931884766,167634,0.0,0.0,0.0
2022-09-13 09:30:00-04:00,41.869998931884766,41.970001220703125,41.826698303222656,41.970001220703125,6079,0.0,0.0,0.0
2022-09-13 10:30:00-04:00,41.810001373291016,41.810001373291016,41.75,41.75,3264,0.0,0.0,0.0
2022-09-13 11:30:00-04:00,41.7400016784668,41.77000045776367,41.722999572753906,41.751399993896484,7306,0.0,0.0,0.0
2022-09-13 12:30:00-04:00,41.75,41.79999923706055,41.75,41.793701171875,3780,0.0,0.0,0.0
2022-09-13 13:30:00-04:00,41.78150177001953,41.78150177001953,41.630001068115234,41.630001068115234,2399,0.0,0.0,0.0
2022-09-13 14:30:00-04:00,41.619998931884766,41.67570114135742,41.459999084472656,41.459999084472656,12770,0.0,0.0,0.0
2022-09-13 15:30:00-04:00,41.369998931884766,41.380001068115234,41.3484992980957,41.380001068115234,3162,0.0,0.0,0.0
2022-09-14 09:30:00-04:00,41.70000076293945,41.79999923706055,41.70000076293945,41.75910186767578,0,0.0,0.0,0.0
2022-09-14 10:30:00-04:00,41.65999984741211,41.75,41.65999984741211,41.75,1557,0.0,0.0,0.0
2022-09-14 11:30:00-04:00,41.71649932861328,41.742401123046875,41.71649932861328,41.742401123046875,1368,0.0,0.0,0.0
2022-09-14 12:30:00-04:00,41.729000091552734,41.790000915527344,41.729000091552734,41.790000915527344,4325,0.0,0.0,0.0
2022-09-14 13:30:00-04:00,41.77470016479492,41.79999923706055,41.674198150634766,41.674198150634766,2030,0.0,0.0,0.0
2022-09-14 14:30:00-04:00,41.689998626708984,41.75,41.671600341796875,41.68000030517578,40654,0.0,0.0,0.0
2022-09-14 15:30:00-04:00,41.63999938964844,41.790000915527344,41.63999938964844,41.72999954223633,1565,0.0,0.0,0.0
2022-09-15 09:30:00-04:00,41.5099983215332,41.566200256347656,41.5099983215332,41.566200256347656,0,0.0,0.0,0.0
2022-09-15 10:30:00-04:00,41.45000076293945,41.5,41.43000030517578,41.45119857788086,1668,0.0,0.0,0.0
2022-09-15 11:30:00-04:00,41.46500015258789,41.46500015258789,41.42639923095703,41.439998626708984,7317,0.0,0.0,0.0
2022-09-15 12:30:00-04:00,41.439998626708984,41.58000183105469,41.439998626708984,41.58000183105469,8822,0.0,0.0,0.0
2022-09-15 13:30:00-04:00,41.53499984741211,41.53499984741211,41.5099983215332,41.5099983215332,1181,0.0,0.0,0.0
2022-09-15 14:30:00-04:00,41.47999954223633,41.47999954223633,41.33000183105469,41.34000015258789,14733,0.0,0.0,0.0
2022-09-15 15:30:00-04:00,41.34000015258789,41.41999816894531,41.311100006103516,41.41999816894531,2605,0.0,0.0,0.0
2022-09-16 09:30:00-04:00,40.95000076293945,41.040000915527344,40.80500030517578,41.040000915527344,0,0.0,0.0,0.0
2022-09-16 10:30:00-04:00,41.06679916381836,41.06679916381836,40.939998626708984,40.939998626708984,9836,0.0,0.0,0.0
2022-09-16 11:30:00-04:00,40.970001220703125,41.029998779296875,40.93989944458008,40.95000076293945,5492,0.0,0.0,0.0
2022-09-16 12:30:00-04:00,40.81999969482422,40.880001068115234,40.810001373291016,40.83000183105469,2130,0.0,0.0,0.0
2022-09-16 13:30:00-04:00,40.83000183105469,40.93000030517578,40.83000183105469,40.93000030517578,6127,0.0,0.0,0.0
2022-09-16 14:30:00-04:00,40.915000915527344,41.029998779296875,40.915000915527344,40.960201263427734,10454,0.0,0.0,0.0
2022-09-16 15:30:00-04:00,40.939998626708984,41.04999923706055,40.92850112915039,41.04999923706055,3589,0.0,0.0,0.0
2022-09-19 09:30:00-04:00,40.810001373291016,40.810001373291016,40.57500076293945,40.61000061035156,0,0.0,0.0,0.0
2022-09-19 10:30:00-04:00,40.79999923706055,40.84000015258789,40.79999923706055,40.83000183105469,1593,0.0,0.0,0.0
2022-09-19 11:30:00-04:00,40.75450134277344,40.83000183105469,40.75450134277344,40.83000183105469,15660,0.0,0.0,0.0
2022-09-19 12:30:00-04:00,40.82680130004883,40.82680130004883,40.82680130004883,40.82680130004883,408,0.0,0.0,0.0
2022-09-19 13:30:00-04:00,40.898101806640625,40.898101806640625,40.78099822998047,40.84260177612305,9248,0.0,0.0,0.0
2022-09-19 14:30:00-04:00,40.97990036010742,40.97999954223633,40.91999816894531,40.9375,6833,0.0,0.0,0.0
2022-09-19 15:30:00-04:00,40.98500061035156,40.994998931884766,40.939998626708984,40.939998626708984,1200,0.0,0.0,0.0
2022-09-20 09:30:00-04:00,40.79999923706055,40.79999923706055,40.7400016784668,40.779998779296875,0,0.0,0.0,0.0
2022-09-20 10:30:00-04:00,40.7400016784668,40.790000915527344,40.7400016784668,40.790000915527344,850,0.0,0.0,0.0
2022-09-20 11:30:00-04:00,40.849998474121094,40.91999816894531,40.779998779296875,40.858001708984375,3398,0.0,0.0,0.0
2022-09-20 12:30:00-04:00,40.85710144042969,40.85710144042969,40.72359848022461,40.72359848022461,4187,0.0,0.0,0.0
2022-09-20 13:30:00-04:00,40.665000915527344,40.7244987487793,40.65530014038086,40.7244987487793,2455,0.0,0.0,0.0
2022-09-20 14:30:00-04:00,40.70000076293945,40.77000045776367,40.640098571777344,40.77000045776367,6337,0.0,0.0,0.0
2022-09-20 15:30:00-04:00,40.810001373291016,40.849998474121094,40.7599983215332,40.7599983215332,2365,0.0,0.0,0.0
2022-09-21 09:30:00-04:00,40.63999938964844,40.63999938964844,40.529998779296875,40.529998779296875,0,0.0,0.0,0.0
2022-09-21 10:30:00-04:00,40.59000015258789,40.59000015258789,40.46200180053711,40.529998779296875,9146,0.0,0.0,0.0
2022-09-21 11:30:00-04:00,40.599998474121094,40.599998474121094,40.54499816894531,40.54499816894531,2490,0.0,0.0,0.0
2022-09-21 12:30:00-04:00,40.55500030517578,40.56999969482422,40.51499938964844,40.560001373291016,4325,0.0,0.0,0.0
2022-09-21 13:30:00-04:00,40.560001373291016,40.560001373291016,40.29899978637695,40.29899978637695,1044,0.0,0.0,0.0
2022-09-21 14:30:00-04:00,40.63990020751953,40.81809997558594,40.540000915527344,40.540000915527344,6546,0.0,0.0,0.0
2022-09-21 15:30:00-04:00,40.380001068115234,40.400001525878906,40.29970169067383,40.310001373291016,1803,0.0,0.0,0.0
2022-09-22 09:30:00-04:00,40.2599983215332,40.31999969482422,40.24800109863281,40.24800109863281,0,0.0,0.0,0.0
2022-09-22 10:30:00-04:00,40.05500030517578,40.07170104980469,40.05500030517578,40.07170104980469,517,0.0,0.0,0.0
2022-09-22 11:30:00-04:00,40.08300018310547,40.15999984741211,40.08300018310547,40.15999984741211,4853,0.0,0.0,0.0
2022-09-22 12:30:00-04:00,40.11000061035156,40.189998626708984,40.11000061035156,40.154998779296875,2877,0.0,0.0,0.0
2022-09-22 13:30:00-04:00,40.189998626708984,40.189998626708984,40.1150016784668,40.130001068115234,10578,0.0,0.0,0.0
2022-09-22 14:30:00-04:00,40.154998779296875,40.290000915527344,40.13479995727539,40.2400016784668,14552,0.0,0.0,0.0
2022-09-22 15:30:00-04:00,40.279998779296875,40.279998779296875,40.185001373291016,40.22999954223633,0,0.0,0.0,0.0
2022-09-23 09:30:00-04:00,39.33000183105469,39.33000183105469,39.08000183105469,39.08000183105469,13138,0.0,0.0,0.0
2022-09-23 10:30:00-04:00,39.07500076293945,39.14500045776367,39.04999923706055,39.14500045776367,8548,0.0,0.0,0.0
2022-09-23 11:30:00-04:00,39.07500076293945,39.09000015258789,39.0,39.0,2691,0.0,0.0,0.0
2022-09-23 12:30:00-04:00,38.934898376464844,39.11000061035156,38.934898376464844,39.06999969482422,11197,0.0,0.0,0.0
2022-09-23 13:30:00-04:00,38.99190139770508,39.0181999206543,38.935001373291016,38.935001373291016,6687,0.0,0.0,0.0
2022-09-23 14:30:00-04:00,38.935001373291016,39.03900146484375,38.849998474121094,38.9900016784668,7556,0.0,0.0,0.0
2022-09-23 15:30:00-04:00,39.009300231933594,39.099998474121094,38.930999755859375,39.099998474121094,8612,0.0,0.0,0.0
2022-09-26 09:30:00-04:00,38.36000061035156,38.43000030517578,38.34000015258789,38.43000030517578,0,0.0,0.0,0.0
2022-09-26 10:30:00-04:00,38.459999084472656,38.459999084472656,38.29899978637695,38.29899978637695,7897,0.0,0.0,0.0
2022-09-26 11:30:00-04:00,38.26499938964844,38.2755012512207,38.16999816894531,38.16999816894531,1139,0.0,0.0,0.0
2022-09-26 12:30:00-04:00,38.119998931884766,38.16999816894531,38.060001373291016,38.11000061035156,8477,0.0,0.0,0.0
2022-09-26 13:30:00-04:00,38.11000061035156,38.13999938964844,38.0099983215332,38.09000015258789,17238,0.0,0.0,0.0
2022-09-26 14:30:00-04:00,38.04999923706055,38.239898681640625,38.04560089111328,38.13999938964844,13534,0.0,0.0,0.0
2022-09-26 15:30:00-04:00,38.18000030517578,38.23500061035156,38.06999969482422,38.06999969482422,2828,0.0,0.0,0.0
2022-09-27 09:30:00-04:00,38.41999816894531,38.58980178833008,38.377498626708984,38.377498626708984,0,0.0,0.0,0.0
2022-09-27 10:30:00-04:00,38.45500183105469,38.45500183105469,38.34000015258789,38.34000015258789,2132,0.0,0.0,0.0
2022-09-27 11:30:00-04:00,38.2400016784668,38.29779815673828,38.064998626708984,38.064998626708984,1415,0.0,0.0,0.0
2022-09-27 12:30:00-04:00,38.02000045776367,38.05889892578125,38.00680160522461,38.05889892578125,3795,0.0,0.0,0.0
2022-09-27 13:30:00-04:00,38.0,38.029998779296875,38.0,38.029998779296875,1767,0.0,0.0,0.0
2022-09-27 14:30:00-04:00,38.09000015258789,38.20000076293945,38.064998626708984,38.08000183105469,24933,0.0,0.0,0.0
2022-09-27 15:30:00-04:00,38.040000915527344,38.16999816894531,38.040000915527344,38.13999938964844,1626,0.0,0.0,0.0
2022-09-28 09:30:00-04:00,37.709999084472656,37.709999084472656,37.65999984741211,37.66999816894531,0,0.0,0.0,0.0
2022-09-28 10:30:00-04:00,37.904998779296875,37.904998779296875,37.84000015258789,37.8650016784668,9011,0.0,0.0,0.0
2022-09-28 11:30:00-04:00,37.8650016784668,38.119998931884766,37.86000061035156,38.119998931884766,1736,0.0,0.0,0.0
2022-09-28 12:30:00-04:00,38.064998626708984,38.150001525878906,38.04999923706055,38.116798400878906,3492,0.0,0.0,0.0
2022-09-28 13:30:00-04:00,38.1150016784668,38.17900085449219,38.10499954223633,38.17900085449219,2516,0.0,0.0,0.0
2022-09-28 14:30:00-04:00,38.095001220703125,38.290000915527344,38.095001220703125,38.269901275634766,40405,0.0,0.0,0.0
2022-09-28 15:30:00-04:00,38.25,38.290000915527344,38.18000030517578,38.2400016784668,45487,0.0,0.0,0.0
2022-09-29 09:30:00-04:00,37.560001373291016,37.560001373291016,37.209999084472656,37.22999954223633,0,0.0,0.0,0.0
2022-09-29 10:30:00-04:00,37.31809997558594,37.38909912109375,37.31809997558594,37.34000015258789,1712,0.0,0.0,0.0
2022-09-29 11:30:00-04:00,37.387901306152344,37.387901306152344,37.387901306152344,37.387901306152344,852,0.0,0.0,0.0
2022-09-29 12:30:00-04:00,37.439998626708984,37.439998626708984,37.320098876953125,37.439998626708984,13949,0.0,0.0,0.0
2022-09-29 13:30:00-04:00,37.43000030517578,37.43000030517578,37.196800231933594,37.25,18351,0.0,0.0,0.0
2022-09-29 14:30:00-04:00,37.29999923706055,37.37990188598633,37.22439956665039,37.37990188598633,38760,0.0,0.0,0.0
2022-09-29 15:30:00-04:00,37.41529846191406,37.5,37.404998779296875,37.5,938,0.0,0.0,0.0
2022-09-30 09:30:00-04:00,37.470001220703125,37.66999816894531,37.470001220703125,37.599998474121094,0,0.0,0.0,0.0
2022-09-30 10:30:00-04:00,37.599998474121094,37.692901611328125,37.599998474121094,37.692901611328125,4373,0.0,0.0,0.0
2022-09-30 11:30:00-04:00,37.599998474121094,37.60350036621094,37.54999923706055,37.54999923706055,2768,0.0,0.0,0.0
2022-09-30 12:30:00-04:00,37.58380126953125,37.58380126953125,37.52000045776367,37.529998779296875,5191,0.0,0.0,0.0
2022-09-30 13:30:00-04:00,37.55500030517578,37.55500030517578,37.510398864746094,37.510398864746094,3532,0.0,0.0,0.0
2022-09-30 14:30:00-04:00,37.54499816894531,37.54990005493164,37.49250030517578,37.540000915527344,7645,0.0,0.0,0.0
2022-09-30 15:30:00-04:00,37.502899169921875,37.560001373291016,37.369998931884766,37.400001525878906,29741,0.0,0.0,0.0
2022-10-03 09:30:00-04:00,37.84000015258789,37.95000076293945,37.7400016784668,37.95000076293945,0,0.0,0.0,0.0
2022-10-03 10:30:00-04:00,38.0,38.130001068115234,38.0,38.08000183105469,3343,0.0,0.0,0.0
2022-10-03 11:30:00-04:00,38.099998474121094,38.11989974975586,38.007198333740234,38.060001373291016,0,0.0,0.0,0.0
2022-10-03 12:30:00-04:00,38.02000045776367,38.20000076293945,37.98889923095703,38.11830139160156,68732,0.0,0.0,0.0
2022-10-03 13:30:00-04:00,38.130001068115234,38.2400016784668,38.11989974975586,38.2400016784668,6996,0.0,0.0,0.0
2022-10-03 14:30:00-04:00,38.25,38.529998779296875,38.192100524902344,38.27000045776367,102494,0.0,0.0,0.0
2022-10-03 15:30:00-04:00,38.27000045776367,38.310001373291016,38.2400016784668,38.290000915527344,11832,0.0,0.0,0.0
2022-10-04 09:30:00-04:00,38.900001525878906,39.29999923706055,38.869998931884766,39.29999923706055,0,0.0,0.0,0.0
2022-10-04 10:30:00-04:00,39.260101318359375,39.349998474121094,39.20000076293945,39.349998474121094,16505,0.0,0.0,0.0
2022-10-04 11:30:00-04:00,39.400001525878906,39.439998626708984,39.314998626708984,39.349998474121094,3312,0.0,0.0,0.0
2022-10-04 12:30:00-04:00,39.3849983215332,39.3849983215332,39.099998474121094,39.099998474121094,8202,0.0,0.0,0.0
2022-10-04 13:30:00-04:00,39.20000076293945,39.29999923706055,39.15010070800781,39.29999923706055,17080,0.0,0.0,0.0
2022-10-04 14:30:00-04:00,39.220001220703125,39.37260055541992,39.20399856567383,39.20500183105469,16663,0.0,0.0,0.0
2022-10-04 15:30:00-04:00,39.189998626708984,39.33000183105469,39.189998626708984,39.33000183105469,36617,0.0,0.0,0.0
2022-10-05 09:30:00-04:00,38.9900016784668,39.11000061035156,38.79999923706055,38.79999923706055,0,0.0,0.0,0.0
2022-10-05 10:30:00-04:00,38.779998779296875,38.93000030517578,38.720001220703125,38.93000030517578,1349,0.0,0.0,0.0
2022-10-05 11:30:00-04:00,38.93000030517578,39.01530075073242,38.93000030517578,39.01530075073242,817,0.0,0.0,0.0
2022-10-05 12:30:00-04:00,39.0099983215332,39.20000076293945,39.0099983215332,39.189998626708984,2630,0.0,0.0,0.0
2022-10-05 13:30:00-04:00,39.150001525878906,39.18000030517578,39.099998474121094,39.159000396728516,3022,0.0,0.0,0.0
2022-10-05 14:30:00-04:00,39.189998626708984,39.279998779296875,39.17359924316406,39.279998779296875,35465,0.0,0.0,0.0
2022-10-05 15:30:00-04:00,39.22999954223633,39.2599983215332,39.14870071411133,39.15999984741211,6742,0.0,0.0,0.0
2022-10-06 09:30:00-04:00,39.040000915527344,39.2599983215332,38.95000076293945,38.95000076293945,0,0.0,0.0,0.0
2022-10-06 10:30:00-04:00,38.93000030517578,39.09000015258789,38.93000030517578,39.09000015258789,534,0.0,0.0,0.0
2022-10-06 11:30:00-04:00,39.0099983215332,39.04999923706055,39.0099983215332,39.04999923706055,287,0.0,0.0,0.0
2022-10-06 12:30:00-04:00,39.09000015258789,39.09000015258789,39.09000015258789,39.09000015258789,487,0.0,0.0,0.0
2022-10-06 13:30:00-04:00,39.060001373291016,39.060001373291016,38.974998474121094,38.974998474121094,2841,0.0,0.0,0.0
2022-10-06 14:30:00-04:00,38.9900016784668,39.029998779296875,38.904998779296875,39.029998779296875,12931,0.0,0.0,0.0
2022-10-06 15:30:00-04:00,38.97999954223633,38.97999954223633,38.959999084472656,38.959999084472656,4989,0.0,0.0,0.0
2022-10-07 09:30:00-04:00,38.66999816894531,38.66999816894531,38.66999816894531,38.66999816894531,0,0.0,0.0,0.0
2022-10-07 10:30:00-04:00,38.54750061035156,38.59000015258789,38.5,38.5,1754,0.0,0.0,0.0
2022-10-07 11:30:00-04:00,38.4900016784668,38.51499938964844,38.4900016784668,38.4900016784668,2044,0.0,0.0,0.0
2022-10-07 12:30:00-04:00,38.400001525878906,38.45000076293945,38.400001525878906,38.45000076293945,3427,0.0,0.0,0.0
2022-10-07 13:30:00-04:00,38.3849983215332,38.439998626708984,38.35020065307617,38.35020065307617,3141,0.0,0.0,0.0
2022-10-07 14:30:00-04:00,38.40999984741211,38.40999984741211,38.27000045776367,38.30870056152344,9219,0.0,0.0,0.0
2022-10-07 15:30:00-04:00,38.29499816894531,38.369998931884766,38.27949905395508,38.369998931884766,12789,0.0,0.0,0.0
2022-10-10 09:30:00-04:00,38.18000030517578,38.18000030517578,38.18000030517578,38.18000030517578,380,0.0,0.0,0.0
2022-10-10 10:30:00-04:00,38.16999816894531,38.16999816894531,37.9900016784668,38.0989990234375,3483,0.0,0.0,0.0
2022-10-10 11:30:00-04:00,38.02000045776367,38.029998779296875,37.959999084472656,37.959999084472656,2340,0.0,0.0,0.0
2022-10-10 12:30:00-04:00,37.96500015258789,37.96500015258789,37.96500015258789,37.96500015258789,362,0.0,0.0,0.0
2022-10-10 13:30:00-04:00,38.06719970703125,38.09370040893555,38.01499938964844,38.01499938964844,4109,0.0,0.0,0.0
2022-10-10 14:30:00-04:00,38.01499938964844,38.08000183105469,37.994998931884766,38.03499984741211,8357,0.0,0.0,0.0
2022-10-10 15:30:00-04:00,37.996498107910156,38.06999969482422,37.996498107910156,38.00749969482422,4180,0.0,0.0,0.0
2022-10-11 09:30:00-04:00,37.68000030517578,37.68000030517578,37.47999954223633,37.51890182495117,0,0.0,0.0,0.0
2022-10-11 10:30:00-04:00,37.51340103149414,37.6245002746582,37.51340103149414,37.599998474121094,3033,0.0,0.0,0.0
2022-10-11 11:30:00-04:00,37.63999938964844,37.810001373291016,37.63999938964844,37.779998779296875,3331,0.0,0.0,0.0
2022-10-11 12:30:00-04:00,37.79050064086914,37.869998931884766,37.790000915527344,37.84000015258789,10369,0.0,0.0,0.0
2022-10-11 13:30:00-04:00,37.79999923706055,37.82939910888672,37.75,37.75,14216,0.0,0.0,0.0
2022-10-11 14:30:00-04:00,37.53139877319336,37.549400329589844,37.439998626708984,37.51649856567383,8778,0.0,0.0,0.0
2022-10-11 15:30:00-04:00,37.54999923706055,37.560001373291016,37.54999923706055,37.560001373291016,396,0.0,0.0,0.0
2022-10-12 09:30:00-04:00,37.59000015258789,37.59000015258789,37.54999923706055,37.54999923706055,0,0.0,0.0,0.0
2022-10-12 10:30:00-04:00,37.56999969482422,37.630001068115234,37.540000915527344,37.56999969482422,5337,0.0,0.0,0.0
2022-10-12 11:30:00-04:00,37.689998626708984,37.689998626708984,37.630001068115234,37.630001068115234,9396,0.0,0.0,0.0
2022-10-12 12:30:00-04:00,37.63999938964844,37.63999938964844,37.595001220703125,37.595001220703125,1497,0.0,0.0,0.0
2022-10-12 13:30:00-04:00,37.63999938964844,37.689998626708984,37.619998931884766,37.689998626708984,17951,0.0,0.0,0.0
2022-10-12 14:30:00-04:00,37.689998626708984,37.709999084472656,37.529998779296875,37.625,61638,0.0,0.0,0.0
2022-10-12 15:30:00-04:00,37.630001068115234,37.630001068115234,37.529998779296875,37.529998779296875,0,0.0,0.0,0.0
2022-10-13 09:30:00-04:00,36.709999084472656,37.05500030517578,36.709999084472656,37.0,6253,0.0,0.0,0.0
2022-10-13 10:30:00-04:00,37.040000915527344,37.154998779296875,37.040000915527344,37.154998779296875,1171,0.0,0.0,0.0
2022-10-13 11:30:00-04:00,37.70000076293945,37.70000076293945,37.61000061035156,37.665000915527344,1985,0.0,0.0,0.0
2022-10-13 13:30:00-04:00,37.82500076293945,37.82500076293945,37.7317008972168,37.755001068115234,3873,0.0,0.0,0.0
2022-10-13 14:30:00-04:00,37.78990173339844,37.86899948120117,37.7599983215332,37.7599983215332,19060,0.0,0.0,0.0
2022-10-13 15:30:00-04:00,37.78099822998047,37.78099822998047,37.720001220703125,37.720001220703125,542,0.0,0.0,0.0
2022-10-14 09:30:00-04:00,38.0099983215332,38.0099983215332,37.6349983215332,37.6349983215332,0,0.0,0.0,0.0
2022-10-14 10:30:00-04:00,37.599998474121094,37.70899963378906,37.58259963989258,37.630001068115234,2902,0.0,0.0,0.0
2022-10-14 11:30:00-04:00,37.540000915527344,37.54999923706055,37.5,37.5,800,0.0,0.0,0.0
2022-10-14 12:30:00-04:00,37.5099983215332,37.52000045776367,37.44540023803711,37.44540023803711,973,0.0,0.0,0.0
2022-10-14 13:30:00-04:00,37.58000183105469,37.58000183105469,37.4109992980957,37.4109992980957,1933,0.0,0.0,0.0
2022-10-14 14:30:00-04:00,37.426998138427734,37.459999084472656,37.349998474121094,37.459999084472656,5963,0.0,0.0,0.0
2022-10-14 15:30:00-04:00,37.349998474121094,37.349998474121094,37.29499816894531,37.34000015258789,2253,0.0,0.0,0.0
2022-10-17 09:30:00-04:00,38.040000915527344,38.19729995727539,38.040000915527344,38.19729995727539,0,0.0,0.0,0.0
2022-10-17 10:30:00-04:00,38.18000030517578,38.19499969482422,38.18000030517578,38.18199920654297,541,0.0,0.0,0.0
2022-10-17 11:30:00-04:00,38.310001373291016,38.310001373291016,38.30500030517578,38.30500030517578,754,0.0,0.0,0.0
2022-10-17 12:30:00-04:00,38.27000045776367,38.291500091552734,38.25,38.291500091552734,1323,0.0,0.0,0.0
2022-10-17 13:30:00-04:00,38.27149963378906,38.29990005493164,38.25,38.25,2460,0.0,0.0,0.0
2022-10-17 14:30:00-04:00,38.19110107421875,38.27989959716797,38.167598724365234,38.20500183105469,5944,0.0,0.0,0.0
2022-10-17 15:30:00-04:00,38.25,38.290000915527344,38.185001373291016,38.210201263427734,5688,0.0,0.0,0.0
2022-10-18 09:30:00-04:00,38.63999938964844,38.63999938964844,38.40999984741211,38.40999984741211,0,0.0,0.0,0.0
2022-10-18 10:30:00-04:00,38.209999084472656,38.279998779296875,38.099998474121094,38.099998474121094,2998,0.0,0.0,0.0
2022-10-18 11:30:00-04:00,38.06999969482422,38.21419906616211,38.04999923706055,38.21419906616211,905,0.0,0.0,0.0
2022-10-18 12:30:00-04:00,38.290000915527344,38.29990005493164,38.20000076293945,38.22999954223633,12929,0.0,0.0,0.0
2022-10-18 13:30:00-04:00,38.25,38.28499984741211,38.224998474121094,38.224998474121094,4415,0.0,0.0,0.0
2022-10-18 14:30:00-04:00,38.209999084472656,38.209999084472656,38.09000015258789,38.16999816894531,31398,0.0,0.0,0.0
2022-10-18 15:30:00-04:00,38.2400016784668,38.290000915527344,38.18009948730469,38.290000915527344,29605,0.0,0.0,0.0
2022-10-19 09:30:00-04:00,37.77000045776367,37.794498443603516,37.755001068115234,37.794498443603516,0,0.0,0.0,0.0
2022-10-19 10:30:00-04:00,37.939998626708984,37.939998626708984,37.880001068115234,37.90999984741211,1570,0.0,0.0,0.0
2022-10-19 11:30:00-04:00,37.83639907836914,37.83639907836914,37.83000183105469,37.83000183105469,995,0.0,0.0,0.0
2022-10-19 12:30:00-04:00,37.72999954223633,37.72999954223633,37.6349983215332,37.6713981628418,3140,0.0,0.0,0.0
2022-10-19 13:30:00-04:00,37.67499923706055,37.748199462890625,37.65850067138672,37.748199462890625,5895,0.0,0.0,0.0
2022-10-19 14:30:00-04:00,37.720001220703125,37.7599983215332,37.665000915527344,37.709999084472656,58806,0.0,0.0,0.0
2022-10-19 15:30:00-04:00,37.68790054321289,37.73500061035156,37.68790054321289,37.720001220703125,12268,0.0,0.0,0.0
2022-10-20 09:30:00-04:00,38.04999923706055,38.45000076293945,38.029998779296875,38.45000076293945,0,0.0,0.0,0.0
2022-10-20 10:30:00-04:00,38.41999816894531,38.45000076293945,38.369998931884766,38.369998931884766,4556,0.0,0.0,0.0
2022-10-20 11:30:00-04:00,38.3849983215332,38.3849983215332,38.220001220703125,38.220001220703125,5018,0.0,0.0,0.0
2022-10-20 12:30:00-04:00,38.12889862060547,38.12889862060547,38.12459945678711,38.12459945678711,802,0.0,0.0,0.0
2022-10-20 13:30:00-04:00,38.150001525878906,38.150001525878906,38.0,38.0,4677,0.0,0.0,0.0
2022-10-20 14:30:00-04:00,38.07490158081055,38.09989929199219,38.005001068115234,38.040000915527344,21473,0.0,0.0,0.0
2022-10-20 15:30:00-04:00,38.0099983215332,38.09000015258789,37.959999084472656,37.959999084472656,4545,0.0,0.0,0.0
2022-10-21 09:30:00-04:00,38.0989990234375,38.2599983215332,38.09000015258789,38.22999954223633,0,0.0,0.0,0.0
2022-10-21 10:30:00-04:00,38.06999969482422,38.190799713134766,38.04999923706055,38.190799713134766,2871,0.0,0.0,0.0
2022-10-21 11:30:00-04:00,38.18000030517578,38.28499984741211,38.18000030517578,38.279998779296875,638,0.0,0.0,0.0
2022-10-21 12:30:00-04:00,38.34000015258789,38.41999816894531,38.34000015258789,38.41999816894531,2246,0.0,0.0,0.0
2022-10-21 13:30:00-04:00,38.400001525878906,38.45000076293945,38.400001525878906,38.42499923706055,5150,0.0,0.0,0.0
2022-10-21 14:30:00-04:00,38.40999984741211,38.576698303222656,38.36880111694336,38.576698303222656,19172,0.0,0.0,0.0
2022-10-21 15:30:00-04:00,38.56999969482422,38.61000061035156,38.540000915527344,38.540000915527344,24940,0.0,0.0,0.0
2022-10-24 09:30:00-04:00,37.52000045776367,37.52000045776367,37.06999969482422,37.130001068115234,0,0.0,0.0,0.0
2022-10-24 10:30:00-04:00,37.229801177978516,37.37519836425781,37.18000030517578,37.36000061035156,5822,0.0,0.0,0.0
2022-10-24 11:30:00-04:00,37.33000183105469,37.409000396728516,37.290000915527344,37.38399887084961,7739,0.0,0.0,0.0
2022-10-24 12:30:00-04:00,37.36000061035156,37.36000061035156,37.22999954223633,37.22999954223633,9294,0.0,0.0,0.0
2022-10-24 13:30:00-04:00,37.279998779296875,37.347198486328125,37.27510070800781,37.347198486328125,7007,0.0,0.0,0.0
2022-10-24 14:30:00-04:00,37.314998626708984,37.45500183105469,37.314998626708984,37.380001068115234,34158,0.0,0.0,0.0
2022-10-24 15:30:00-04:00,37.40999984741211,37.438899993896484,37.310001373291016,37.310001373291016,8115,0.0,0.0,0.0
2022-10-25 09:30:00-04:00,37.47999954223633,37.73720169067383,37.47999954223633,37.68009948730469,0,0.0,0.0,0.0
2022-10-25 10:30:00-04:00,37.767601013183594,37.767601013183594,37.767601013183594,37.767601013183594,251,0.0,0.0,0.0
2022-10-25 11:30:00-04:00,37.8114013671875,37.844600677490234,37.799198150634766,37.799198150634766,5943,0.0,0.0,0.0
2022-10-25 12:30:00-04:00,37.786800384521484,37.84000015258789,37.786800384521484,37.84000015258789,5036,0.0,0.0,0.0
2022-10-25 13:30:00-04:00,37.72999954223633,37.779998779296875,37.72999954223633,37.7599983215332,12536,0.0,0.0,0.0
2022-10-25 14:30:00-04:00,37.810001373291016,37.86000061035156,37.73809814453125,37.814998626708984,60516,0.0,0.0,0.0
2022-10-25 15:30:00-04:00,37.814998626708984,37.869998931884766,37.779998779296875,37.86690139770508,3271,0.0,0.0,0.0
2022-10-26 09:30:00-04:00,37.880001068115234,38.15010070800781,37.880001068115234,38.15010070800781,0,0.0,0.0,0.0
2022-10-26 10:30:00-04:00,38.127601623535156,38.27909851074219,38.08380126953125,38.27909851074219,34231,0.0,0.0,0.0
2022-10-26 11:30:00-04:00,38.279998779296875,38.279998779296875,38.25090026855469,38.25090026855469,4351,0.0,0.0,0.0
2022-10-26 12:30:00-04:00,38.33000183105469,38.33000183105469,38.11579895019531,38.11579895019531,7015,0.0,0.0,0.0
2022-10-26 13:30:00-04:00,38.150001525878906,38.23809814453125,38.099998474121094,38.18000030517578,8675,0.0,0.0,0.0
2022-10-26 14:30:00-04:00,38.18000030517578,38.18000030517578,38.08000183105469,38.08000183105469,7137,0.0,0.0,0.0
2022-10-26 15:30:00-04:00,38.100101470947266,38.1697998046875,38.100101470947266,38.13999938964844,4441,0.0,0.0,0.0
2022-10-27 09:30:00-04:00,38.119998931884766,38.209999084472656,38.025001525878906,38.1974983215332,0,0.0,0.0,0.0
2022-10-27 10:30:00-04:00,38.220001220703125,38.2400016784668,38.165199279785156,38.165199279785156,1120,0.0,0.0,0.0
2022-10-27 11:30:00-04:00,38.23440170288086,38.23440170288086,38.150001525878906,38.150001525878906,8222,0.0,0.0,0.0
2022-10-27 12:30:00-04:00,38.15999984741211,38.15999984741211,38.15999984741211,38.15999984741211,427,0.0,0.0,0.0
2022-10-27 13:30:00-04:00,38.154598236083984,38.154598236083984,38.08000183105469,38.09000015258789,8149,0.0,0.0,0.0
2022-10-27 14:30:00-04:00,38.07500076293945,38.169898986816406,38.02000045776367,38.04999923706055,58243,0.0,0.0,0.0
2022-10-27 15:30:00-04:00,38.08000183105469,38.13999938964844,38.029998779296875,38.040000915527344,19811,0.0,0.0,0.0
2022-10-28 09:30:00-04:00,37.58000183105469,37.709999084472656,37.58000183105469,37.58000183105469,0,0.0,0.0,0.0
2022-10-28 10:30:00-04:00,37.56999969482422,37.619998931884766,37.56999969482422,37.619998931884766,5525,0.0,0.0,0.0
2022-10-28 11:30:00-04:00,37.65999984741211,37.66999816894531,37.63750076293945,37.65999984741211,4071,0.0,0.0,0.0
2022-10-28 12:30:00-04:00,37.66999816894531,37.7593994140625,37.66999816894531,37.72999954223633,2955,0.0,0.0,0.0
2022-10-28 13:30:00-04:00,37.790000915527344,37.79999923706055,37.7052001953125,37.790000915527344,4205,0.0,0.0,0.0
2022-10-28 14:30:00-04:00,37.779998779296875,37.84389877319336,37.720001220703125,37.80500030517578,24732,0.0,0.0,0.0
2022-10-28 15:30:00-04:00,37.76139831542969,37.880001068115234,37.76139831542969,37.880001068115234,10097,0.0,0.0,0.0
2022-10-31 09:30:00-04:00,37.2400016784668,37.4900016784668,37.2400016784668,37.470001220703125,0,0.0,0.0,0.0
2022-10-31 10:30:00-04:00,37.459999084472656,37.4900016784668,37.45000076293945,37.4900016784668,2426,0.0,0.0,0.0
2022-10-31 11:30:00-04:00,37.43000030517578,37.43000030517578,37.40700149536133,37.40700149536133,1095,0.0,0.0,0.0
2022-10-31 12:30:00-04:00,37.4193000793457,37.4193000793457,37.4193000793457,37.4193000793457,602,0.0,0.0,0.0
2022-10-31 13:30:00-04:00,37.470001220703125,37.47999954223633,37.43170166015625,37.47999954223633,5231,0.0,0.0,0.0
2022-10-31 14:30:00-04:00,37.52000045776367,37.54999923706055,37.40999984741211,37.439998626708984,27999,0.0,0.0,0.0
2022-10-31 15:30:00-04:00,37.459999084472656,37.540000915527344,37.43000030517578,37.528900146484375,2902,0.0,0.0,0.0
2022-11-01 09:30:00-04:00,38.38999938964844,38.38999938964844,37.98740005493164,38.122398376464844,0,0.0,0.0,0.0
2022-11-01 10:30:00-04:00,38.119998931884766,38.125,38.029998779296875,38.08000183105469,6094,0.0,0.0,0.0
2022-11-01 11:30:00-04:00,38.16999816894531,38.16999816894531,38.16999816894531,38.16999816894531,1014,0.0,0.0,0.0
2022-11-01 12:30:00-04:00,38.13999938964844,38.220001220703125,38.13959884643555,38.220001220703125,4584,0.0,0.0,0.0
2022-11-01 13:30:00-04:00,38.20000076293945,38.278900146484375,38.16999816894531,38.22999954223633,8876,0.0,0.0,0.0
2022-11-01 14:30:00-04:00,38.279998779296875,38.29999923706055,38.186798095703125,38.25,38822,0.0,0.0,0.0
2022-11-01 15:30:00-04:00,38.220001220703125,38.220001220703125,38.145301818847656,38.20000076293945,3380,0.0,0.0,0.0
2022-11-02 09:30:00-04:00,38.279998779296875,38.335601806640625,38.18000030517578,38.18000030517578,0,0.0,0.0,0.0
2022-11-02 10:30:00-04:00,38.13349914550781,38.27000045776367,38.13349914550781,38.21179962158203,8422,0.0,0.0,0.0
2022-11-02 11:30:00-04:00,38.209999084472656,38.25960159301758,38.189998626708984,38.189998626708984,2900,0.0,0.0,0.0
2022-11-02 12:30:00-04:00,38.189998626708984,38.2599983215332,38.189998626708984,38.20000076293945,14782,0.0,0.0,0.0
2022-11-02 13:30:00-04:00,38.22999954223633,38.54999923706055,38.20000076293945,38.52000045776367,3094,0.0,0.0,0.0
2022-11-02 14:30:00-04:00,38.59000015258789,38.59000015258789,37.970001220703125,37.970001220703125,33630,0.0,0.0,0.0
2022-11-02 15:30:00-04:00,37.94499969482422,38.0,37.81999969482422,37.81999969482422,20424,0.0,0.0,0.0
2022-11-03 09:30:00-04:00,37.81999969482422,37.90999984741211,37.81999969482422,37.90999984741211,0,0.0,0.0,0.0
2022-11-03 10:30:00-04:00,38.06999969482422,38.189998626708984,38.017799377441406,38.11000061035156,6695,0.0,0.0,0.0
2022-11-03 11:30:00-04:00,38.138999938964844,38.150001525878906,38.130001068115234,38.144798278808594,2759,0.0,0.0,0.0
2022-11-03 12:30:00-04:00,38.11000061035156,38.209999084472656,38.11000061035156,38.18989944458008,7022,0.0,0.0,0.0
2022-11-03 13:30:00-04:00,38.18000030517578,38.20989990234375,38.16999816894531,38.16999816894531,4578,0.0,0.0,0.0
2022-11-03 14:30:00-04:00,38.23899841308594,38.25,38.220001220703125,38.220001220703125,7814,0.0,0.0,0.0
2022-11-03 15:30:00-04:00,38.23500061035156,38.25,38.16999816894531,38.18000030517578,20558,0.0,0.0,0.0
2022-11-04 09:30:00-04:00,39.310001373291016,39.5,39.189998626708984,39.5,0,0.0,0.0,0.0
2022-11-04 10:30:00-04:00,39.50379943847656,39.560001373291016,39.5,39.5,8185,0.0,0.0,0.0
2022-11-04 11:30:00-04:00,39.429901123046875,39.459999084472656,39.380001068115234,39.459999084472656,6934,0.0,0.0,0.0
2022-11-04 12:30:00-04:00,39.43000030517578,39.470001220703125,39.375,39.470001220703125,6570,0.0,0.0,0.0
2022-11-04 13:30:00-04:00,39.404998779296875,39.459999084472656,39.404998779296875,39.459999084472656,1421,0.0,0.0,0.0
2022-11-04 14:30:00-04:00,39.526798248291016,39.61000061035156,39.526798248291016,39.58919906616211,6770,0.0,0.0,0.0
2022-11-04 15:30:00-04:00,39.595001220703125,39.68000030517578,39.54999923706055,39.68000030517578,3526,0.0,0.0,0.0
2022-11-07 09:30:00-05:00,40.08000183105469,40.08000183105469,39.86000061035156,39.959999084472656,0,0.0,0.0,0.0
2022-11-07 10:30:00-05:00,39.849998474121094,39.849998474121094,39.849998474121094,39.849998474121094,436,0.0,0.0,0.0
2022-11-07 11:30:00-05:00,39.900001525878906,39.900001525878906,39.810001373291016,39.810001373291016,32245,0.0,0.0,0.0
2022-11-07 12:30:00-05:00,39.79999923706055,39.89870071411133,39.79999923706055,39.85499954223633,6073,0.0,0.0,0.0
2022-11-07 13:30:00-05:00,39.88990020751953,39.88990020751953,39.81489944458008,39.86800003051758,1611,0.0,0.0,0.0
2022-11-07 14:30:00-05:00,39.90520095825195,39.90520095825195,39.790000915527344,39.87900161743164,43318,0.0,0.0,0.0
2022-11-07 15:30:00-05:00,39.86840057373047,39.880001068115234,39.81999969482422,39.869998931884766,2812,0.0,0.0,0.0
2022-11-08 09:30:00-05:00,39.869998931884766,40.02000045776367,39.77170181274414,39.9900016784668,0,0.0,0.0,0.0
2022-11-08 10:30:00-05:00,39.9900016784668,40.150001525878906,39.9900016784668,40.150001525878906,5047,0.0,0.0,0.0
2022-11-08 11:30:00-05:00,40.220001220703125,40.22999954223633,40.18600082397461,40.22999954223633,8174,0.0,0.0,0.0
2022-11-08 12:30:00-05:00,40.22949981689453,40.23929977416992,40.060001373291016,40.060001373291016,3734,0.0,0.0,0.0
2022-11-08 13:30:00-05:00,40.0099983215332,40.0099983215332,40.0099983215332,40.0099983215332,236,0.0,0.0,0.0
2022-11-08 14:30:00-05:00,40.02000045776367,40.15999984741211,40.02000045776367,40.15999984741211,5702,0.0,0.0,0.0
2022-11-08 15:30:00-05:00,40.15999984741211,40.16999816894531,40.119998931884766,40.1349983215332,3387,0.0,0.0,0.0
2022-11-09 09:30:00-05:00,39.95000076293945,40.09000015258789,39.880001068115234,40.08000183105469,0,0.0,0.0,0.0
2022-11-09 10:30:00-05:00,39.939998626708984,39.970001220703125,39.869998931884766,39.93000030517578,6374,0.0,0.0,0.0
2022-11-09 11:30:00-05:00,39.970001220703125,40.029998779296875,39.939998626708984,39.939998626708984,775,0.0,0.0,0.0
2022-11-09 12:30:00-05:00,39.869998931884766,39.869998931884766,39.83000183105469,39.83000183105469,3232,0.0,0.0,0.0
2022-11-09 13:30:00-05:00,39.790000915527344,39.790000915527344,39.685001373291016,39.685001373291016,1216,0.0,0.0,0.0
2022-11-09 14:30:00-05:00,39.61000061035156,39.66999816894531,39.595001220703125,39.66999816894531,14538,0.0,0.0,0.0
2022-11-09 15:30:00-05:00,39.650001525878906,39.689998626708984,39.58000183105469,39.689998626708984,9979,0.0,0.0,0.0
2022-11-10 09:30:00-05:00,40.540000915527344,40.74399948120117,40.470001220703125,40.709999084472656,0,0.0,0.0,0.0
2022-11-10 10:30:00-05:00,40.63999938964844,40.83000183105469,40.630001068115234,40.83000183105469,3483,0.0,0.0,0.0
2022-11-10 11:30:00-05:00,40.915000915527344,40.989898681640625,40.8307991027832,40.8307991027832,1649,0.0,0.0,0.0
2022-11-10 12:30:00-05:00,40.77000045776367,40.9099006652832,40.69459915161133,40.779998779296875,4529,0.0,0.0,0.0
2022-11-10 13:30:00-05:00,40.76750183105469,40.959999084472656,40.76750183105469,40.86000061035156,3097,0.0,0.0,0.0
2022-11-10 14:30:00-05:00,40.8650016784668,41.04999923706055,40.8650016784668,41.04999923706055,12234,0.0,0.0,0.0
2022-11-10 15:30:00-05:00,41.0,41.150001525878906,40.970001220703125,41.02000045776367,6250,0.0,0.0,0.0
2022-11-11 09:30:00-05:00,41.43000030517578,41.64860153198242,41.150001525878906,41.64860153198242,0,0.0,0.0,0.0
2022-11-11 10:30:00-05:00,41.54999923706055,41.599998474121094,41.5171012878418,41.5171012878418,734,0.0,0.0,0.0
2022-11-11 11:30:00-05:00,41.415000915527344,41.5,41.38050079345703,41.470001220703125,3690,0.0,0.0,0.0
2022-11-11 12:30:00-05:00,41.473201751708984,41.473201751708984,41.465999603271484,41.465999603271484,821,0.0,0.0,0.0
2022-11-11 13:30:00-05:00,41.57500076293945,41.63999938964844,41.5099983215332,41.5099983215332,5563,0.0,0.0,0.0
2022-11-11 14:30:00-05:00,41.55500030517578,41.62879943847656,41.44820022583008,41.44820022583008,2745,0.0,0.0,0.0
2022-11-11 15:30:00-05:00,41.61989974975586,41.630001068115234,41.4900016784668,41.4900016784668,2917,0.0,0.0,0.0
2022-11-14 09:30:00-05:00,41.650001525878906,41.65999984741211,41.33330154418945,41.65999984741211,0,0.0,0.0,0.0
2022-11-14 10:30:00-05:00,41.625,41.689998626708984,41.560001373291016,41.560001373291016,1858,0.0,0.0,0.0
2022-11-14 11:30:00-05:00,41.617698669433594,41.68000030517578,41.61000061035156,41.61000061035156,2648,0.0,0.0,0.0
2022-11-14 12:30:00-05:00,41.65999984741211,41.75,41.65999984741211,41.75,2751,0.0,0.0,0.0
2022-11-14 13:30:00-05:00,41.75,41.77479934692383,41.73320007324219,41.73320007324219,1091,0.0,0.0,0.0
2022-11-14 14:30:00-05:00,41.75,41.75,41.61000061035156,41.689998626708984,15939,0.0,0.0,0.0
2022-11-14 15:30:00-05:00,41.67940139770508,41.689998626708984,41.55500030517578,41.55500030517578,2949,0.0,0.0,0.0
2022-11-15 09:30:00-05:00,42.38999938964844,42.38999938964844,42.060001373291016,42.13999938964844,6433,0.0,0.0,0.0
2022-11-15 10:30:00-05:00,42.27000045776367,42.27000045776367,42.18000030517578,42.18000030517578,634,0.0,0.0,0.0
2022-11-15 11:30:00-05:00,42.27000045776367,42.27000045776367,42.25,42.25,4196,0.0,0.0,0.0
2022-11-15 12:30:00-05:00,42.25,42.29990005493164,42.06999969482422,42.06999969482422,8727,0.0,0.0,0.0
2022-11-15 13:30:00-05:00,41.97999954223633,41.97999954223633,41.959999084472656,41.959999084472656,760,0.0,0.0,0.0
2022-11-15 14:30:00-05:00,42.0099983215332,42.15999984741211,42.0099983215332,42.099998474121094,21602,0.0,0.0,0.0
2022-11-15 15:30:00-05:00,42.09519958496094,42.11940002441406,42.03499984741211,42.060001373291016,9402,0.0,0.0,0.0
2022-11-16 09:30:00-05:00,41.5099983215332,41.560001373291016,41.2599983215332,41.33570098876953,0,0.0,0.0,0.0
2022-11-16 10:30:00-05:00,41.31420135498047,41.31420135498047,41.2599983215332,41.2599983215332,1984,0.0,0.0,0.0
2022-11-16 11:30:00-05:00,41.279998779296875,41.279998779296875,41.2599983215332,41.2599983215332,636,0.0,0.0,0.0
2022-11-16 12:30:00-05:00,41.21500015258789,41.21500015258789,41.21500015258789,41.21500015258789,801,0.0,0.0,0.0
2022-11-16 13:30:00-05:00,41.22999954223633,41.25,41.16350173950195,41.22999954223633,7020,0.0,0.0,0.0
2022-11-16 14:30:00-05:00,41.25,41.2599983215332,41.11000061035156,41.209999084472656,33353,0.0,0.0,0.0
2022-11-16 15:30:00-05:00,41.209999084472656,41.242000579833984,41.189998626708984,41.21500015258789,3362,0.0,0.0,0.0
2022-11-17 09:30:00-05:00,40.52000045776367,40.66999816894531,40.52000045776367,40.66999816894531,0,0.0,0.0,0.0
2022-11-17 10:30:00-05:00,40.83000183105469,40.83000183105469,40.77909851074219,40.779998779296875,4695,0.0,0.0,0.0
2022-11-17 11:30:00-05:00,40.79499816894531,40.81999969482422,40.79499816894531,40.81999969482422,752,0.0,0.0,0.0
2022-11-17 12:30:00-05:00,40.96009826660156,41.06050109863281,40.88999938964844,41.06050109863281,6458,0.0,0.0,0.0
2022-11-17 13:30:00-05:00,41.029998779296875,41.06999969482422,40.97999954223633,41.040199279785156,2988,0.0,0.0,0.0
2022-11-17 14:30:00-05:00,41.040000915527344,41.099998474121094,40.959999084472656,41.0099983215332,11288,0.0,0.0,0.0
2022-11-17 15:30:00-05:00,41.040000915527344,41.1693000793457,41.040000915527344,41.11000061035156,8014,0.0,0.0,0.0
2022-11-18 09:30:00-05:00,41.08000183105469,41.08000183105469,40.90999984741211,40.90999984741211,0,0.0,0.0,0.0
2022-11-18 10:30:00-05:00,40.99169921875,41.0,40.98500061035156,41.0,1236,0.0,0.0,0.0
2022-11-18 11:30:00-05:00,40.95000076293945,40.95000076293945,40.81999969482422,40.82059860229492,3310,0.0,0.0,0.0
2022-11-18 12:30:00-05:00,40.86000061035156,40.97999954223633,40.86000061035156,40.86000061035156,13158,0.0,0.0,0.0
2022-11-18 13:30:00-05:00,40.935001373291016,40.935001373291016,40.869998931884766,40.91999816894531,1932,0.0,0.0,0.0
2022-11-18 14:30:00-05:00,40.92850112915039,40.970001220703125,40.88999938964844,40.970001220703125,14844,0.0,0.0,0.0
2022-11-18 15:30:00-05:00,41.02000045776367,41.029998779296875,40.959999084472656,40.97999954223633,3459,0.0,0.0,0.0
2022-11-21 09:30:00-05:00,40.689998626708984,40.757999420166016,40.509498596191406,40.66999816894531,0,0.0,0.0,0.0
2022-11-21 10:30:00-05:00,40.58000183105469,40.58000183105469,40.58000183105469,40.58000183105469,324,0.0,0.0,0.0
2022-11-21 11:30:00-05:00,40.61000061035156,40.650001525878906,40.5099983215332,40.650001525878906,5107,0.0,0.0,0.0
2022-11-21 12:30:00-05:00,40.63999938964844,40.70000076293945,40.61000061035156,40.70000076293945,2216,0.0,0.0,0.0
2022-11-21 13:30:00-05:00,40.70500183105469,40.70500183105469,40.66999816894531,40.70000076293945,6333,0.0,0.0,0.0
2022-11-21 14:30:00-05:00,40.6713981628418,40.69889831542969,40.63999938964844,40.67499923706055,16353,0.0,0.0,0.0
2022-11-21 15:30:00-05:00,40.67499923706055,40.7400016784668,40.65999984741211,40.70000076293945,5077,0.0,0.0,0.0
2022-11-22 09:30:00-05:00,40.790000915527344,40.81999969482422,40.790000915527344,40.81999969482422,0,0.0,0.0,0.0
2022-11-22 10:30:00-05:00,40.93000030517578,40.93000030517578,40.78139877319336,40.78139877319336,979,0.0,0.0,0.0
2022-11-22 11:30:00-05:00,40.90999984741211,40.90999984741211,40.90999984741211,40.90999984741211,200,0.0,0.0,0.0
2022-11-22 12:30:00-05:00,40.900001525878906,40.900001525878906,40.869998931884766,40.869998931884766,3379,0.0,0.0,0.0
2022-11-22 13:30:00-05:00,40.935001373291016,40.970001220703125,40.900001525878906,40.90999984741211,8691,0.0,0.0,0.0
2022-11-22 14:30:00-05:00,40.900001525878906,40.959999084472656,40.880001068115234,40.92100143432617,4570,0.0,0.0,0.0
2022-11-22 15:30:00-05:00,40.95000076293945,40.959999084472656,40.900001525878906,40.900001525878906,3403,0.0,0.0,0.0
2022-11-23 09:30:00-05:00,40.9900016784668,41.209999084472656,40.9900016784668,41.209999084472656,0,0.0,0.0,0.0
2022-11-23 10:30:00-05:00,41.26459884643555,41.26459884643555,41.220001220703125,41.2422981262207,4241,0.0,0.0,0.0
2022-11-23 11:30:00-05:00,41.16999816894531,41.208499908447266,41.150001525878906,41.150001525878906,1899,0.0,0.0,0.0
2022-11-23 12:30:00-05:00,41.207698822021484,41.207698822021484,41.207698822021484,41.207698822021484,530,0.0,0.0,0.0
2022-11-23 14:30:00-05:00,41.419898986816406,41.419898986816406,41.31719970703125,41.32749938964844,8749,0.0,0.0,0.0
2022-11-23 15:30:00-05:00,41.38999938964844,41.400001525878906,41.38999938964844,41.400001525878906,324,0.0,0.0,0.0
2022-11-25 09:30:00-05:00,41.459999084472656,41.51919937133789,41.459999084472656,41.474700927734375,0,0.0,0.0,0.0
2022-11-25 10:30:00-05:00,41.47999954223633,41.5,41.47999954223633,41.5,2022,0.0,0.0,0.0
2022-11-25 11:30:00-05:00,41.494998931884766,41.494998931884766,41.43389892578125,41.43389892578125,6036,0.0,0.0,0.0
2022-11-25 12:30:00-05:00,41.43899917602539,41.43899917602539,41.41999816894531,41.41999816894531,0,0.0,0.0,0.0
2022-11-28 09:30:00-05:00,41.27000045776367,41.584999084472656,41.27000045776367,41.54499816894531,9746,0.0,0.0,0.0
2022-11-28 10:30:00-05:00,41.54999923706055,41.58000183105469,41.5,41.5,3726,0.0,0.0,0.0
2022-11-28 11:30:00-05:00,41.48500061035156,41.48789978027344,41.400001525878906,41.439998626708984,4022,0.0,0.0,0.0
2022-11-28 12:30:00-05:00,41.470001220703125,41.474998474121094,41.39630126953125,41.400001525878906,3468,0.0,0.0,0.0
2022-11-28 13:30:00-05:00,41.39500045776367,41.39500045776367,41.27000045776367,41.27000045776367,4717,0.0,0.0,0.0
2022-11-28 14:30:00-05:00,41.27000045776367,41.279998779296875,41.22999954223633,41.22999954223633,9157,0.0,0.0,0.0
2022-11-28 15:30:00-05:00,41.13370132446289,41.2599983215332,41.13370132446289,41.2599983215332,0,0.0,0.0,0.0
2022-11-29 09:30:00-05:00,41.869998931884766,42.06999969482422,41.869998931884766,42.06999969482422,1741,0.0,0.0,0.0
2022-11-29 10:30:00-05:00,42.1088981628418,42.11000061035156,41.880001068115234,41.970001220703125,15249,0.0,0.0,0.0
2022-11-29 11:30:00-05:00,42.0099983215332,42.0099983215332,41.9744987487793,41.9744987487793,1628,0.0,0.0,0.0
2022-11-29 12:30:00-05:00,41.970001220703125,41.97269821166992,41.96480178833008,41.97269821166992,2431,0.0,0.0,0.0
2022-11-29 13:30:00-05:00,41.95000076293945,42.01499938964844,41.95000076293945,42.01499938964844,555,0.0,0.0,0.0
2022-11-29 14:30:00-05:00,42.0098991394043,42.03990173339844,41.98440170288086,42.03990173339844,4268,0.0,0.0,0.0
2022-11-29 15:30:00-05:00,41.9901008605957,42.060001373291016,41.9901008605957,42.060001373291016,3186,0.0,0.0,0.0
2022-11-30 09:30:00-05:00,43.02000045776367,43.02000045776367,42.67499923706055,42.67499923706055,0,0.0,0.0,0.0
2022-11-30 10:30:00-05:00,42.65999984741211,42.65999984741211,42.65999984741211,42.65999984741211,1083,0.0,0.0,0.0
2022-11-30 11:30:00-05:00,42.70000076293945,42.73500061035156,42.6150016784668,42.6150016784668,6760,0.0,0.0,0.0
2022-11-30 12:30:00-05:00,42.576698303222656,42.576698303222656,42.5099983215332,42.5099983215332,495,0.0,0.0,0.0
2022-11-30 13:30:00-05:00,42.63999938964844,43.202301025390625,42.63999938964844,43.202301025390625,6931,0.0,0.0,0.0
2022-11-30 14:30:00-05:00,43.249900817871094,43.27000045776367,43.18119812011719,43.2599983215332,5113,0.0,0.0,0.0
2022-11-30 15:30:00-05:00,43.2599983215332,43.29499816894531,43.20000076293945,43.20000076293945,5657,0.0,0.0,0.0
2022-12-01 09:30:00-05:00,43.2599983215332,43.332801818847656,42.95859909057617,42.95859909057617,0,0.0,0.0,0.0
2022-12-01 10:30:00-05:00,42.9900016784668,43.02399826049805,42.9900016784668,43.02399826049805,2557,0.0,0.0,0.0
2022-12-01 11:30:00-05:00,42.970001220703125,43.0,42.970001220703125,43.0,1577,0.0,0.0,0.0
2022-12-01 12:30:00-05:00,43.0,43.013999938964844,43.0,43.013999938964844,1718,0.0,0.0,0.0
2022-12-01 13:30:00-05:00,43.0,43.040000915527344,43.0,43.040000915527344,1372,0.0,0.0,0.0
2022-12-01 14:30:00-05:00,42.9900016784668,43.099998474121094,42.970001220703125,43.041500091552734,6036,0.0,0.0,0.0
2022-12-01 15:30:00-05:00,43.025001525878906,43.179901123046875,43.025001525878906,43.11000061035156,2536,0.0,0.0,0.0
2022-12-02 09:30:00-05:00,42.650001525878906,42.779998779296875,42.650001525878906,42.779998779296875,0,0.0,0.0,0.0
2022-12-02 10:30:00-05:00,42.77899932861328,42.86000061035156,42.71500015258789,42.82500076293945,7600,0.0,0.0,0.0
2022-12-02 11:30:00-05:00,43.119998931884766,43.119998931884766,43.119998931884766,43.119998931884766,667,0.0,0.0,0.0
2022-12-02 12:30:00-05:00,43.08000183105469,43.08000183105469,43.025001525878906,43.04999923706055,1850,0.0,0.0,0.0
2022-12-02 13:30:00-05:00,43.060001373291016,43.09000015258789,43.02980041503906,43.0702018737793,2333,0.0,0.0,0.0
2022-12-02 14:30:00-05:00,43.099998474121094,43.189998626708984,43.06999969482422,43.130001068115234,4773,0.0,0.0,0.0
2022-12-02 15:30:00-05:00,43.130001068115234,43.13999938964844,43.126800537109375,43.126800537109375,2742,0.0,0.0,0.0
2022-12-05 09:30:00-05:00,43.06999969482422,43.06999969482422,42.650001525878906,42.650001525878906,0,0.0,0.0,0.0
2022-12-05 10:30:00-05:00,42.80440139770508,42.83649826049805,42.775699615478516,42.775699615478516,1827,0.0,0.0,0.0
2022-12-05 11:30:00-05:00,42.7400016784668,42.75,42.7400016784668,42.744998931884766,1726,0.0,0.0,0.0
2022-12-05 12:30:00-05:00,42.689998626708984,42.729801177978516,42.68000030517578,42.68880081176758,10434,0.0,0.0,0.0
2022-12-05 13:30:00-05:00,42.72999954223633,42.72999954223633,42.58000183105469,42.58000183105469,9440,0.0,0.0,0.0
2022-12-05 14:30:00-05:00,42.52000045776367,42.63999938964844,42.52000045776367,42.54359817504883,4871,0.0,0.0,0.0
2022-12-05 15:30:00-05:00,42.52640151977539,42.66999816894531,42.52640151977539,42.65999984741211,7474,0.0,0.0,0.0
2022-12-06 09:30:00-05:00,42.66130065917969,42.709999084472656,42.439998626708984,42.5099983215332,0,0.0,0.0,0.0
2022-12-06 10:30:00-05:00,42.5099983215332,42.599998474121094,42.332401275634766,42.599998474121094,5889,0.0,0.0,0.0
2022-12-06 11:30:00-05:00,42.584999084472656,42.59590148925781,42.5099983215332,42.5099983215332,5069,0.0,0.0,0.0
2022-12-06 12:30:00-05:00,42.5,42.5,42.459999084472656,42.459999084472656,3422,0.0,0.0,0.0
2022-12-06 13:30:00-05:00,42.3849983215332,42.47990036010742,42.379398345947266,42.40999984741211,4532,0.0,0.0,0.0
2022-12-06 14:30:00-05:00,42.400001525878906,42.47999954223633,42.380001068115234,42.380001068115234,8677,0.0,0.0,0.0
2022-12-06 15:30:00-05:00,42.43000030517578,42.519901275634766,42.43000030517578,42.5099983215332,0,0.0,0.0,0.0
2022-12-07 09:30:00-05:00,42.380001068115234,42.38999938964844,42.2599983215332,42.38999938964844,3409,0.0,0.0,0.0
2022-12-07 10:30:00-05:00,42.349998474121094,42.349998474121094,42.279998779296875,42.279998779296875,2234,0.0,0.0,0.0
2022-12-07 11:30:00-05:00,42.21780014038086,42.29880142211914,42.19449996948242,42.25080108642578,3655,0.0,0.0,0.0
2022-12-07 12:30:00-05:00,42.29999923706055,42.38990020751953,42.29999923706055,42.38990020751953,4091,0.0,0.0,0.0
2022-12-07 13:30:00-05:00,42.34000015258789,42.34000015258789,42.33000183105469,42.33000183105469,2349,0.0,0.0,0.0
2022-12-07 14:30:00-05:00,42.38909912109375,42.38959884643555,42.334999084472656,42.36000061035156,10065,0.0,0.0,0.0
2022-12-07 15:30:00-05:00,42.3390007019043,42.36000061035156,42.3390007019043,42.34000015258789,3243,0.0,0.0,0.0
2022-12-08 09:30:00-05:00,42.47999954223633,42.650001525878906,42.43000030517578,42.599998474121094,0,0.0,0.0,0.0
2022-12-08 10:30:00-05:00,42.56999969482422,42.61539840698242,42.56999969482422,42.56999969482422,1627,0.0,0.0,0.0
2022-12-08 11:30:00-05:00,42.53499984741211,42.56999969482422,42.5,42.5,5221,0.0,0.0,0.0
2022-12-08 12:30:00-05:00,42.51499938964844,42.58000183105469,42.440101623535156,42.440101623535156,9444,0.0,0.0,0.0
2022-12-08 13:30:00-05:00,42.529998779296875,42.607200622558594,42.5,42.607200622558594,2626,0.0,0.0,0.0
2022-12-08 14:30:00-05:00,42.54679870605469,42.58000183105469,42.470001220703125,42.470001220703125,4854,0.0,0.0,0.0
2022-12-08 15:30:00-05:00,42.47999954223633,42.560001373291016,42.40999984741211,42.560001373291016,1438,0.0,0.0,0.0
2022-12-09 09:30:00-05:00,42.619998931884766,42.65999984741211,42.53300094604492,42.61000061035156,0,0.0,0.0,0.0
2022-12-09 10:30:00-05:00,42.562599182128906,42.64400100708008,42.560001373291016,42.61000061035156,1884,0.0,0.0,0.0
2022-12-09 11:30:00-05:00,42.709999084472656,42.709999084472656,42.61000061035156,42.61000061035156,3821,0.0,0.0,0.0
2022-12-09 12:30:00-05:00,42.630001068115234,42.630001068115234,42.54999923706055,42.54999923706055,9112,0.0,0.0,0.0
2022-12-09 13:30:00-05:00,42.47999954223633,42.54999923706055,42.47999954223633,42.54999923706055,2126,0.0,0.0,0.0
2022-12-09 14:30:00-05:00,42.52909851074219,42.54999923706055,42.50899887084961,42.5098991394043,3198,0.0,0.0,0.0
2022-12-09 15:30:00-05:00,42.47999954223633,42.4900016784668,42.33000183105469,42.40999984741211,84485,0.0,0.0,0.0
2022-12-12 09:30:00-05:00,42.56999969482422,42.56999969482422,42.29999923706055,42.373199462890625,0,0.0,0.0,0.0
2022-12-12 10:30:00-05:00,42.115299224853516,42.237098693847656,42.115299224853516,42.237098693847656,610,0.0,0.0,0.0
2022-12-12 11:30:00-05:00,42.309898376464844,42.3838005065918,42.309898376464844,42.34000015258789,2403,0.0,0.0,0.0
2022-12-12 12:30:00-05:00,42.34199905395508,42.38999938964844,42.34199905395508,42.388301849365234,5254,0.0,0.0,0.0
2022-12-12 13:30:00-05:00,42.3650016784668,42.3650016784668,42.31700134277344,42.31700134277344,1186,0.0,0.0,0.0
2022-12-12 14:30:00-05:00,42.38999938964844,42.54999923706055,42.38999938964844,42.540000915527344,15423,0.0,0.0,0.0
2022-12-12 15:30:00-05:00,42.630001068115234,42.630001068115234,42.619998931884766,42.630001068115234,1172,0.0,0.0,0.0
2022-12-13 09:30:00-05:00,43.470001220703125,43.790000915527344,42.90999984741211,42.959999084472656,37423,0.0,0.0,0.0
2022-12-13 10:30:00-05:00,42.9900016784668,43.0099983215332,42.810001373291016,42.810001373291016,4892,0.0,0.0,0.0
2022-12-13 11:30:00-05:00,42.849998474121094,42.849998474121094,42.70000076293945,42.709999084472656,1698,0.0,0.0,0.0
2022-12-13 12:30:00-05:00,42.672000885009766,42.779998779296875,42.672000885009766,42.685001373291016,38975,0.0,0.0,0.0
2022-12-13 13:30:00-05:00,42.81999969482422,42.81999969482422,42.70000076293945,42.70000076293945,2674,0.0,0.0,0.0
2022-12-13 14:30:00-05:00,42.74800109863281,42.81990051269531,42.67499923706055,42.790000915527344,9530,0.0,0.0,0.0
2022-12-13 15:30:00-05:00,42.76499938964844,42.80720138549805,42.66999816894531,42.66999816894531,1114,0.0,0.0,0.0
2022-12-14 09:30:00-05:00,42.779998779296875,42.779998779296875,42.68000030517578,42.68000030517578,0,0.0,0.0,0.0
2022-12-14 10:30:00-05:00,42.78499984741211,42.83000183105469,42.78499984741211,42.815101623535156,1944,0.0,0.0,0.0
2022-12-14 11:30:00-05:00,42.85860061645508,42.90999984741211,42.85860061645508,42.90999984741211,7526,0.0,0.0,0.0
2022-12-14 12:30:00-05:00,42.970001220703125,42.970001220703125,42.970001220703125,42.970001220703125,115,0.0,0.0,0.0
2022-12-14 13:30:00-05:00,42.875999450683594,42.97999954223633,42.670101165771484,42.670101165771484,9444,0.0,0.0,0.0
2022-12-14 14:30:00-05:00,42.84000015258789,42.959999084472656,42.50360107421875,42.79999923706055,6328,0.0,0.0,0.0
2022-12-14 15:30:00-05:00,42.73059844970703,42.78459930419922,42.73059844970703,42.78459930419922,343,0.0,0.0,0.0
2022-12-15 09:30:00-05:00,41.29999923706055,41.69490051269531,40.98640060424805,40.98640060424805,0,1.031,0.0,0.0
2022-12-15 10:30:00-05:00,41.1150016784668,41.1150016784668,40.970001220703125,40.970001220703125,5198,0.0,0.0,0.0
2022-12-15 11:30:00-05:00,40.96889877319336,40.970001220703125,40.93000030517578,40.939998626708984,3749,0.0,0.0,0.0
2022-12-15 12:30:00-05:00,40.939998626708984,40.959999084472656,40.77109909057617,40.77109909057617,881,0.0,0.0,0.0
2022-12-15 13:30:00-05:00,40.84000015258789,40.89799880981445,40.80350112915039,40.80350112915039,3054,0.0,0.0,0.0
2022-12-15 14:30:00-05:00,40.95750045776367,41.04999923706055,40.910099029541016,40.99020004272461,8694,0.0,0.0,0.0
2022-12-15 15:30:00-05:00,40.9900016784668,40.9900016784668,40.810001373291016,40.810001373291016,10916,0.0,0.0,0.0
2022-12-16 09:30:00-05:00,41.057899475097656,41.09000015258789,40.915000915527344,40.915000915527344,0,0.0,0.0,0.0
2022-12-16 10:30:00-05:00,40.86000061035156,41.09000015258789,40.86000061035156,41.08829879760742,4898,0.0,0.0,0.0
2022-12-16 11:30:00-05:00,41.0099983215332,41.0099983215332,41.0099983215332,41.0099983215332,1198,0.0,0.0,0.0
2022-12-16 12:30:00-05:00,40.970001220703125,40.970001220703125,40.970001220703125,40.970001220703125,338,0.0,0.0,0.0
2022-12-16 13:30:00-05:00,40.97999954223633,41.0,40.91999816894531,40.921199798583984,3311,0.0,0.0,0.0
2022-12-16 14:30:00-05:00,40.96900177001953,41.06999969482422,40.96609878540039,41.024200439453125,8742,0.0,0.0,0.0
2022-12-16 15:30:00-05:00,41.09000015258789,41.119998931884766,40.9807014465332,40.9807014465332,11994,0.0,0.0,0.0
2022-12-19 09:30:00-05:00,41.130001068115234,41.13999938964844,40.98720169067383,41.11000061035156,0,0.0,0.0,0.0
2022-12-19 10:30:00-05:00,41.09000015258789,41.09000015258789,40.945499420166016,40.98249816894531,5332,0.0,0.0,0.0
2022-12-19 11:30:00-05:00,41.0,41.029998779296875,40.939998626708984,41.0,3233,0.0,0.0,0.0
2022-12-19 12:30:00-05:00,41.0,41.079898834228516,40.9900016784668,41.060001373291016,7633,0.0,0.0,0.0
2022-12-19 13:30:00-05:00,41.02000045776367,41.029998779296875,40.91999816894531,40.93000030517578,7322,0.0,0.0,0.0
2022-12-19 14:30:00-05:00,40.93000030517578,40.95000076293945,40.8203010559082,40.90999984741211,11568,0.0,0.0,0.0
2022-12-19 15:30:00-05:00,40.93000030517578,40.95899963378906,40.91809844970703,40.93730163574219,2223,0.0,0.0,0.0
2022-12-20 09:30:00-05:00,40.900001525878906,41.119998931884766,40.849998474121094,41.04999923706055,0,0.0,0.0,0.0
2022-12-20 10:30:00-05:00,41.04999923706055,41.11000061035156,40.959999084472656,40.959999084472656,8151,0.0,0.0,0.0
2022-12-20 11:30:00-05:00,40.97999954223633,41.029998779296875,40.95000076293945,40.970001220703125,5951,0.0,0.0,0.0
2022-12-20 12:30:00-05:00,40.90999984741211,40.97990036010742,40.8760986328125,40.97990036010742,7049,0.0,0.0,0.0
2022-12-20 13:30:00-05:00,40.970001220703125,41.005001068115234,40.91999816894531,40.91999816894531,12026,0.0,0.0,0.0
2022-12-20 14:30:00-05:00,40.93000030517578,40.959999084472656,40.8927001953125,40.8927001953125,11306,0.0,0.0,0.0
2022-12-20 15:30:00-05:00,40.95899963378906,40.970001220703125,40.939998626708984,40.95000076293945,3081,0.0,0.0,0.0
2022-12-21 09:30:00-05:00,40.900001525878906,41.0099983215332,40.83000183105469,40.939998626708984,0,0.0,0.0,0.0
2022-12-21 10:30:00-05:00,41.130001068115234,41.13999938964844,41.09000015258789,41.09000015258789,8907,0.0,0.0,0.0
2022-12-21 11:30:00-05:00,41.08000183105469,41.09000015258789,41.04999923706055,41.060001373291016,1471,0.0,0.0,0.0
2022-12-21 12:30:00-05:00,41.09000015258789,41.13990020751953,41.060001373291016,41.060001373291016,5653,0.0,0.0,0.0
2022-12-21 13:30:00-05:00,41.125,41.220001220703125,41.119998931884766,41.20000076293945,7989,0.0,0.0,0.0
2022-12-21 14:30:00-05:00,41.22999954223633,41.2400016784668,41.16999816894531,41.210899353027344,6030,0.0,0.0,0.0
2022-12-21 15:30:00-05:00,41.20000076293945,41.2400016784668,41.17150115966797,41.198299407958984,10431,0.0,0.0,0.0
2022-12-22 09:30:00-05:00,41.04999923706055,41.04999923706055,40.810001373291016,40.819400787353516,0,0.0,0.0,0.0
2022-12-22 10:30:00-05:00,40.810001373291016,40.810001373291016,40.7400016784668,40.790000915527344,5652,0.0,0.0,0.0
2022-12-22 11:30:00-05:00,40.77000045776367,40.81990051269531,40.70000076293945,40.70000076293945,12559,0.0,0.0,0.0
2022-12-22 12:30:00-05:00,40.63679885864258,40.66999816894531,40.53179931640625,40.53179931640625,10035,0.0,0.0,0.0
2022-12-22 13:30:00-05:00,40.54999923706055,40.564998626708984,40.48099899291992,40.54999923706055,2664,0.0,0.0,0.0
2022-12-22 14:30:00-05:00,40.619998931884766,40.810001373291016,40.61970138549805,40.75,31292,0.0,0.0,0.0
2022-12-22 15:30:00-05:00,40.76750183105469,40.86000061035156,40.750099182128906,40.86000061035156,2692,0.0,0.0,0.0
2022-12-23 09:30:00-05:00,40.81999969482422,40.84000015258789,40.66239929199219,40.81999969482422,0,0.0,0.0,0.0
2022-12-23 10:30:00-05:00,40.880001068115234,40.880001068115234,40.7599983215332,40.779998779296875,2980,0.0,0.0,0.0
2022-12-23 11:30:00-05:00,40.8390007019043,40.8390007019043,40.78350067138672,40.81999969482422,1229,0.0,0.0,0.0
2022-12-23 12:30:00-05:00,40.86000061035156,40.86000061035156,40.757999420166016,40.757999420166016,6329,0.0,0.0,0.0
2022-12-23 13:30:00-05:00,40.808998107910156,40.810001373291016,40.769901275634766,40.77349853515625,2274,0.0,0.0,0.0
2022-12-23 14:30:00-05:00,40.77000045776367,40.880001068115234,40.77000045776367,40.779998779296875,13401,0.0,0.0,0.0
2022-12-23 15:30:00-05:00,40.790000915527344,40.86000061035156,40.77000045776367,40.86000061035156,3628,0.0,0.0,0.0
2022-12-27 09:30:00-05:00,41.290000915527344,41.740501403808594,41.130001068115234,41.740501403808594,0,0.0,0.0,0.0
2022-12-27 10:30:00-05:00,41.650001525878906,41.66999816894531,41.52989959716797,41.52989959716797,4862,0.0,0.0,0.0
2022-12-27 11:30:00-05:00,41.459999084472656,41.459999084472656,41.37889862060547,41.45000076293945,1675,0.0,0.0,0.0
2022-12-27 12:30:00-05:00,41.470001220703125,41.57979965209961,41.44499969482422,41.57979965209961,10545,0.0,0.0,0.0
2022-12-27 13:30:00-05:00,41.56999969482422,41.599998474121094,41.4900016784668,41.4900016784668,9249,0.0,0.0,0.0
2022-12-27 14:30:00-05:00,41.470001220703125,41.60900115966797,41.41400146484375,41.540000915527344,16829,0.0,0.0,0.0
2022-12-27 15:30:00-05:00,41.560001373291016,41.70000076293945,41.47949981689453,41.58000183105469,32788,0.0,0.0,0.0
2022-12-28 09:30:00-05:00,41.130001068115234,41.38999938964844,41.130001068115234,41.130001068115234,0,0.0,0.0,0.0
2022-12-28 10:30:00-05:00,40.989898681640625,41.02000045776367,40.88999938964844,40.900001525878906,9770,0.0,0.0,0.0
2022-12-28 11:30:00-05:00,40.900001525878906,40.97999954223633,40.86439895629883,40.869998931884766,8706,0.0,0.0,0.0
2022-12-28 12:30:00-05:00,40.88460159301758,41.04999923706055,40.88460159301758,40.974998474121094,3852,0.0,0.0,0.0
2022-12-28 13:30:00-05:00,40.880001068115234,40.9900016784668,40.880001068115234,40.88999938964844,6739,0.0,0.0,0.0
2022-12-28 14:30:00-05:00,40.88999938964844,40.93000030517578,40.76499938964844,40.775001525878906,6309,0.0,0.0,0.0
2022-12-28 15:30:00-05:00,40.79050064086914,40.88999938964844,40.77000045776367,40.790000915527344,12729,0.0,0.0,0.0
2022-12-29 09:30:00-05:00,41.279998779296875,41.439998626708984,41.279998779296875,41.42580032348633,0,0.0,0.0,0.0
2022-12-29 10:30:00-05:00,41.41999816894531,41.47999954223633,41.40719985961914,41.40719985961914,4813,0.0,0.0,0.0
2022-12-29 11:30:00-05:00,41.47999954223633,41.47999954223633,41.38999938964844,41.418800354003906,4010,0.0,0.0,0.0
2022-12-29 12:30:00-05:00,41.40129852294922,41.41999816894531,41.39580154418945,41.40999984741211,3555,0.0,0.0,0.0
2022-12-29 13:30:00-05:00,41.40999984741211,41.43000030517578,41.39500045776367,41.40999984741211,5131,0.0,0.0,0.0
2022-12-29 14:30:00-05:00,41.439998626708984,41.439998626708984,41.38999938964844,41.39500045776367,15255,0.0,0.0,0.0
2022-12-29 15:30:00-05:00,41.39870071411133,41.459999084472656,41.38999938964844,41.455101013183594,10245,0.0,0.0,0.0
2022-12-30 09:30:00-05:00,41.20000076293945,41.369998931884766,41.099998474121094,41.119998931884766,0,0.0,0.0,0.0
2022-12-30 10:30:00-05:00,41.089900970458984,41.089900970458984,41.0,41.0,3747,0.0,0.0,0.0
2022-12-30 11:30:00-05:00,40.974700927734375,40.974700927734375,40.7599983215332,40.844398498535156,5028,0.0,0.0,0.0
2022-12-30 12:30:00-05:00,40.84000015258789,40.97999954223633,40.81439971923828,40.81439971923828,28392,0.0,0.0,0.0
2022-12-30 13:30:00-05:00,40.869998931884766,40.93000030517578,40.80120086669922,40.90999984741211,15958,0.0,0.0,0.0
2022-12-30 14:30:00-05:00,40.92219924926758,40.9900016784668,40.80289840698242,40.874000549316406,8019,0.0,0.0,0.0
2022-12-30 15:30:00-05:00,40.9379997253418,41.040000915527344,40.830101013183594,40.97999954223633,11032,0.0,0.0,0.0
2023-01-03 09:30:00-05:00,41.46500015258789,41.5,41.20000076293945,41.22999954223633,8011,0.0,0.0,0.0
2023-01-03 10:30:00-05:00,41.22999954223633,41.380001068115234,41.165000915527344,41.266700744628906,7292,0.0,0.0,0.0
2023-01-03 11:30:00-05:00,41.20000076293945,41.20500183105469,41.15380096435547,41.15380096435547,1588,0.0,0.0,0.0
2023-01-03 12:30:00-05:00,41.150001525878906,41.209999084472656,41.150001525878906,41.209999084472656,1269,0.0,0.0,0.0
2023-01-03 13:30:00-05:00,41.193599700927734,41.220001220703125,41.16999816894531,41.16999816894531,9858,0.0,0.0,0.0
2023-01-03 14:30:00-05:00,41.2400016784668,41.2400016784668,41.20000076293945,41.20000076293945,5199,0.0,0.0,0.0
2023-01-03 15:30:00-05:00,41.20989990234375,41.2599983215332,41.20000076293945,41.20000076293945,3045,0.0,0.0,0.0
2023-01-04 09:30:00-05:00,41.59000015258789,41.724998474121094,41.59000015258789,41.630001068115234,0,0.0,0.0,0.0
2023-01-04 10:30:00-05:00,41.630001068115234,41.86000061035156,41.630001068115234,41.86000061035156,4911,0.0,0.0,0.0
2023-01-04 11:30:00-05:00,41.849998474121094,41.94499969482422,41.849998474121094,41.939998626708984,4375,0.0,0.0,0.0
2023-01-04 12:30:00-05:00,41.959999084472656,42.025001525878906,41.90999984741211,41.970001220703125,3937,0.0,0.0,0.0
2023-01-04 13:30:00-05:00,41.959999084472656,42.0,41.81999969482422,41.88999938964844,9391,0.0,0.0,0.0
2023-01-04 14:30:00-05:00,41.880001068115234,42.060001373291016,41.875,42.04499816894531,17984,0.0,0.0,0.0
2023-01-04 15:30:00-05:00,42.029998779296875,42.040000915527344,41.97999954223633,42.040000915527344,2878,0.0,0.0,0.0
2023-01-05 09:30:00-05:00,41.84000015258789,41.95989990234375,41.78450012207031,41.95989990234375,0,0.0,0.0,0.0
2023-01-05 10:30:00-05:00,41.970001220703125,41.970001220703125,41.8650016784668,41.8650016784668,5700,0.0,0.0,0.0
2023-01-05 11:30:00-05:00,41.869998931884766,41.88999938964844,41.82320022583008,41.85499954223633,2850,0.0,0.0,0.0
2023-01-05 12:30:00-05:00,41.93980026245117,42.13999938964844,41.93980026245117,42.01319885253906,4592,0.0,0.0,0.0
2023-01-05 13:30:00-05:00,42.063899993896484,42.08000183105469,42.015098571777344,42.015098571777344,22281,0.0,0.0,0.0
2023-01-05 14:30:00-05:00,42.03990173339844,42.11000061035156,42.0099983215332,42.0099983215332,8874,0.0,0.0,0.0
2023-01-05 15:30:00-05:00,42.01959991455078,42.02000045776367,41.974998474121094,42.0,7056,0.0,0.0,0.0
2023-01-06 09:30:00-05:00,42.349998474121094,42.43619918823242,42.260501861572266,42.260501861572266,0,0.0,0.0,0.0
2023-01-06 10:30:00-05:00,42.68000030517578,42.744998931884766,42.68000030517578,42.744998931884766,888,0.0,0.0,0.0
2023-01-06 11:30:00-05:00,42.769901275634766,42.900001525878906,42.769901275634766,42.869998931884766,1499,0.0,0.0,0.0
2023-01-06 12:30:00-05:00,42.849998474121094,42.90999984741211,42.80339813232422,42.90999984741211,0,0.0,0.0,0.0
2023-01-06 13:30:00-05:00,42.88999938964844,42.9900016784668,42.88999938964844,42.9900016784668,11012,0.0,0.0,0.0
2023-01-06 14:30:00-05:00,42.999000549316406,43.04999923706055,42.9900016784668,42.999900817871094,6851,0.0,0.0,0.0
2023-01-06 15:30:00-05:00,43.0,43.04999923706055,42.939998626708984,43.04999923706055,28537,0.0,0.0,0.0
2023-01-09 09:30:00-05:00,43.36000061035156,43.4900016784668,43.275001525878906,43.33000183105469,0,0.0,0.0,0.0
2023-01-09 10:30:00-05:00,43.5,43.5,43.47999954223633,43.47999954223633,518,0.0,0.0,0.0
2023-01-09 11:30:00-05:00,43.45000076293945,43.54999923706055,43.39500045776367,43.45000076293945,16202,0.0,0.0,0.0
2023-01-09 12:30:00-05:00,43.40999984741211,43.40999984741211,43.368900299072266,43.40999984741211,35560,0.0,0.0,0.0
2023-01-09 13:30:00-05:00,43.34000015258789,43.369998931884766,43.290000915527344,43.369998931884766,1988,0.0,0.0,0.0
2023-01-09 14:30:00-05:00,43.369998931884766,43.369998931884766,43.27000045776367,43.27000045776367,8338,0.0,0.0,0.0
2023-01-09 15:30:00-05:00,43.2599983215332,43.279998779296875,43.189998626708984,43.189998626708984,3141,0.0,0.0,0.0
2023-01-10 09:30:00-05:00,43.34000015258789,43.38999938964844,43.2599983215332,43.2599983215332,2592,0.0,0.0,0.0
2023-01-10 10:30:00-05:00,43.2599983215332,43.3390007019043,43.20000076293945,43.3390007019043,1734,0.0,0.0,0.0
2023-01-10 11:30:00-05:00,43.29999923706055,43.34000015258789,43.29999923706055,43.33000183105469,1059,0.0,0.0,0.0
2023-01-10 12:30:00-05:00,43.388999938964844,43.43000030517578,43.388999938964844,43.404701232910156,3193,0.0,0.0,0.0
2023-01-10 13:30:00-05:00,43.48970031738281,43.54999923706055,43.48970031738281,43.54999923706055,1438,0.0,0.0,0.0
2023-01-10 14:30:00-05:00,43.54999923706055,43.56999969482422,43.52000045776367,43.540000915527344,11021,0.0,0.0,0.0
2023-01-10 15:30:00-05:00,43.529998779296875,43.54999923706055,43.529998779296875,43.54999923706055,1540,0.0,0.0,0.0
2023-01-11 09:30:00-05:00,43.5099983215332,43.53260040283203,43.46500015258789,43.46500015258789,0,0.0,0.0,0.0
2023-01-11 10:30:00-05:00,43.480098724365234,43.54999923706055,43.41999816894531,43.54999923706055,3344,0.0,0.0,0.0
2023-01-11 11:30:00-05:00,43.56999969482422,43.630001068115234,43.52579879760742,43.619998931884766,2698,0.0,0.0,0.0
2023-01-11 12:30:00-05:00,43.63999938964844,43.709999084472656,43.62649917602539,43.654998779296875,4255,0.0,0.0,0.0
2023-01-11 13:30:00-05:00,43.661399841308594,43.7400016784668,43.661399841308594,43.72200012207031,8453,0.0,0.0,0.0
2023-01-11 14:30:00-05:00,43.7400016784668,43.7599983215332,43.720001220703125,43.720001220703125,10193,0.0,0.0,0.0
2023-01-11 15:30:00-05:00,43.720001220703125,43.72999954223633,43.619998931884766,43.619998931884766,5711,0.0,0.0,0.0
2023-01-12 09:30:00-05:00,43.810001373291016,43.86000061035156,43.41999816894531,43.75,0,0.0,0.0,0.0
2023-01-12 10:30:00-05:00,43.66999816894531,43.845001220703125,43.66999816894531,43.845001220703125,6153,0.0,0.0,0.0
2023-01-12 11:30:00-05:00,43.79999923706055,44.029998779296875,43.79999923706055,44.00619888305664,4162,0.0,0.0,0.0
2023-01-12 12:30:00-05:00,44.0099983215332,44.0099983215332,43.93000030517578,43.93000030517578,1782,0.0,0.0,0.0
2023-01-12 13:30:00-05:00,44.02000045776367,44.060001373291016,43.959999084472656,43.97809982299805,5379,0.0,0.0,0.0
2023-01-12 14:30:00-05:00,43.93000030517578,43.96500015258789,43.875,43.92499923706055,4553,0.0,0.0,0.0
2023-01-12 15:30:00-05:00,43.91999816894531,43.970001220703125,43.91999816894531,43.970001220703125,1660,0.0,0.0,0.0
2023-01-13 09:30:00-05:00,43.94940185546875,44.029998779296875,43.915000915527344,44.02000045776367,0,0.0,0.0,0.0
2023-01-13 10:30:00-05:00,44.0099983215332,44.058998107910156,43.95000076293945,44.02000045776367,2613,0.0,0.0,0.0
2023-01-13 11:30:00-05:00,44.040000915527344,44.040000915527344,43.959999084472656,43.959999084472656,1419,0.0,0.0,0.0
2023-01-13 12:30:00-05:00,44.11899948120117,44.150001525878906,44.09920120239258,44.11000061035156,5307,0.0,0.0,0.0
2023-01-13 13:30:00-05:00,44.11989974975586,44.16999816894531,44.11989974975586,44.15999984741211,1031,0.0,0.0,0.0
2023-01-13 14:30:00-05:00,44.15999984741211,44.18000030517578,44.130001068115234,44.18000030517578,3290,0.0,0.0,0.0
2023-01-13 15:30:00-05:00,44.19380187988281,44.2599983215332,44.19380187988281,44.2599983215332,4217,0.0,0.0,0.0
2023-01-17 09:30:00-05:00,44.20000076293945,44.249000549316406,44.11539840698242,44.20899963378906,0,0.0,0.0,0.0
2023-01-17 10:30:00-05:00,44.150001525878906,44.150001525878906,44.064998626708984,44.09000015258789,4438,0.0,0.0,0.0
2023-01-17 11:30:00-05:00,44.147701263427734,44.209999084472656,44.099998474121094,44.099998474121094,1809,0.0,0.0,0.0
2023-01-17 12:30:00-05:00,44.150001525878906,44.18870162963867,44.14500045776367,44.16999816894531,2057,0.0,0.0,0.0
2023-01-17 13:30:00-05:00,44.189998626708984,44.209999084472656,44.13999938964844,44.13999938964844,5457,0.0,0.0,0.0
2023-01-17 14:30:00-05:00,44.18000030517578,44.209999084472656,44.157501220703125,44.20000076293945,9043,0.0,0.0,0.0
2023-01-17 15:30:00-05:00,44.20899963378906,44.209999084472656,44.18870162963867,44.209999084472656,0,0.0,0.0,0.0
2023-01-18 09:30:00-05:00,44.5098991394043,44.5098991394043,44.35499954223633,44.35499954223633,2314,0.0,0.0,0.0
2023-01-18 10:30:00-05:00,44.34000015258789,44.349998474121094,44.13999938964844,44.15999984741211,4545,0.0,0.0,0.0
2023-01-18 11:30:00-05:00,44.099998474121094,44.099998474121094,43.989898681640625,43.989898681640625,5959,0.0,0.0,0.0
2023-01-18 12:30:00-05:00,43.974998474121094,44.0,43.91999816894531,43.91999816894531,1936,0.0,0.0,0.0
2023-01-18 13:30:00-05:00,43.942100524902344,44.02989959716797,43.942100524902344,43.959999084472656,3906,0.0,0.0,0.0
2023-01-18 14:30:00-05:00,44.020301818847656,44.020301818847656,43.970001220703125,43.970001220703125,6556,0.0,0.0,0.0
2023-01-18 15:30:00-05:00,43.959999084472656,43.959999084472656,43.8849983215332,43.8849983215332,7826,0.0,0.0,0.0
2023-01-19 09:30:00-05:00,44.099998474121094,44.099998474121094,44.099998474121094,44.099998474121094,958,0.0,0.0,0.0
2023-01-19 10:30:00-05:00,44.130001068115234,44.130001068115234,44.097999572753906,44.130001068115234,1181,0.0,0.0,0.0
2023-01-19 11:30:00-05:00,44.058998107910156,44.119998931884766,44.04999923706055,44.09000015258789,1800,0.0,0.0,0.0
2023-01-19 12:30:00-05:00,44.09000015258789,44.16999816894531,44.04999923706055,44.118900299072266,3511,0.0,0.0,0.0
2023-01-19 13:30:00-05:00,44.220001220703125,44.22999954223633,44.220001220703125,44.22999954223633,1215,0.0,0.0,0.0
2023-01-19 14:30:00-05:00,44.302101135253906,44.33000183105469,44.267799377441406,44.30500030517578,8291,0.0,0.0,0.0
2023-01-19 15:30:00-05:00,44.30609893798828,44.310001373291016,44.253299713134766,44.2599983215332,3955,0.0,0.0,0.0
2023-01-20 09:30:00-05:00,44.439998626708984,44.439998626708984,44.30220031738281,44.40999984741211,0,0.0,0.0,0.0
2023-01-20 10:30:00-05:00,44.528499603271484,44.58000183105469,44.50600051879883,44.525001525878906,1640,0.0,0.0,0.0
2023-01-20 11:30:00-05:00,44.53269958496094,44.540000915527344,44.525001525878906,44.540000915527344,1827,0.0,0.0,0.0
2023-01-20 12:30:00-05:00,44.563899993896484,44.599998474121094,44.54999923706055,44.58549880981445,5476,0.0,0.0,0.0
2023-01-20 13:30:00-05:00,44.71929931640625,44.72999954223633,44.670101165771484,44.70589828491211,5774,0.0,0.0,0.0
2023-01-20 14:30:00-05:00,44.73400115966797,44.77880096435547,44.709999084472656,44.744998931884766,12844,0.0,0.0,0.0
2023-01-20 15:30:00-05:00,44.72999954223633,44.7400016784668,44.709999084472656,44.724998474121094,1912,0.0,0.0,0.0
2023-01-23 09:30:00-05:00,44.900001525878906,45.141998291015625,44.900001525878906,45.1349983215332,0,0.0,0.0,0.0
2023-01-23 10:30:00-05:00,45.14500045776367,45.29999923706055,45.13999938964844,45.13999938964844,4264,0.0,0.0,0.0
2023-01-23 11:30:00-05:00,45.130001068115234,45.130001068115234,45.04999923706055,45.08000183105469,3785,0.0,0.0,0.0
2023-01-23 12:30:00-05:00,45.040000915527344,45.1890983581543,45.040000915527344,45.150001525878906,6460,0.0,0.0,0.0
2023-01-23 13:30:00-05:00,45.20000076293945,45.20000076293945,45.09000015258789,45.11000061035156,2010,0.0,0.0,0.0
2023-01-23 14:30:00-05:00,45.0,45.0099983215332,44.81010055541992,45.0088996887207,2338,0.0,0.0,0.0
2023-01-23 15:30:00-05:00,45.03990173339844,45.06999969482422,44.959999084472656,44.959999084472656,36525,0.0,0.0,0.0
2023-01-24 09:30:00-05:00,44.810001373291016,44.95000076293945,44.799400329589844,44.95000076293945,0,0.0,0.0,0.0
2023-01-24 10:30:00-05:00,44.900001525878906,45.029998779296875,44.8849983215332,45.029998779296875,1831,0.0,0.0,0.0
2023-01-24 11:30:00-05:00,44.97999954223633,45.029998779296875,44.92570114135742,44.96770095825195,14672,0.0,0.0,0.0
2023-01-24 12:30:00-05:00,44.970001220703125,45.02000045776367,44.940101623535156,44.97600173950195,1670,0.0,0.0,0.0
2023-01-24 13:30:00-05:00,45.02000045776367,45.029998779296875,44.974700927734375,45.029998779296875,1520,0.0,0.0,0.0
2023-01-24 14:30:00-05:00,45.02000045776367,45.06999969482422,44.97050094604492,45.040000915527344,2898,0.0,0.0,0.0
2023-01-24 15:30:00-05:00,44.9900016784668,45.060001373291016,44.9900016784668,45.060001373291016,875,0.0,0.0,0.0
2023-01-25 09:30:00-05:00,44.75,44.779998779296875,44.57569885253906,44.659000396728516,4356,0.0,0.0,0.0
2023-01-25 10:30:00-05:00,44.650001525878906,44.86000061035156,44.630001068115234,44.779998779296875,2602,0.0,0.0,0.0
2023-01-25 11:30:00-05:00,44.83000183105469,44.84000015258789,44.76679992675781,44.84000015258789,1539,0.0,0.0,0.0
2023-01-25 12:30:00-05:00,44.880001068115234,44.88999938964844,44.79999923706055,44.880001068115234,2783,0.0,0.0,0.0
2023-01-25 13:30:00-05:00,44.8849983215332,45.040000915527344,44.81010055541992,45.040000915527344,10766,0.0,0.0,0.0
2023-01-25 14:30:00-05:00,44.959999084472656,45.06999969482422,44.95009994506836,45.005001068115234,4865,0.0,0.0,0.0
2023-01-25 15:30:00-05:00,45.0,45.08000183105469,45.0,45.08000183105469,1645,0.0,0.0,0.0
2023-01-26 09:30:00-05:00,45.25,45.25,44.97999954223633,45.110599517822266,0,0.0,0.0,0.0
2023-01-26 10:30:00-05:00,45.15999984741211,45.16999816894531,45.06589889526367,45.09000015258789,2155,0.0,0.0,0.0
2023-01-26 11:30:00-05:00,45.10499954223633,45.13990020751953,45.099998474121094,45.11370086669922,2844,0.0,0.0,0.0
2023-01-26 12:30:00-05:00,45.123199462890625,45.16999816894531,45.123199462890625,45.15999984741211,986,0.0,0.0,0.0
2023-01-26 13:30:00-05:00,45.21989822387695,45.25,45.209999084472656,45.22999954223633,7032,0.0,0.0,0.0
2023-01-26 14:30:00-05:00,45.22999954223633,45.279998779296875,45.22999954223633,45.279998779296875,4415,0.0,0.0,0.0
2023-01-26 15:30:00-05:00,45.290000915527344,45.34000015258789,45.2692985534668,45.34000015258789,8511,0.0,0.0,0.0
2023-01-27 09:30:00-05:00,45.040000915527344,45.09000015258789,45.040000915527344,45.09000015258789,0,0.0,0.0,0.0
2023-01-27 10:30:00-05:00,45.00709915161133,45.02000045776367,44.901100158691406,44.9739990234375,2816,0.0,0.0,0.0
2023-01-27 11:30:00-05:00,45.0348014831543,45.10969924926758,45.034698486328125,45.099998474121094,7991,0.0,0.0,0.0
2023-01-27 12:30:00-05:00,45.11000061035156,45.119998931884766,45.06529998779297,45.095001220703125,1698,0.0,0.0,0.0
2023-01-27 13:30:00-05:00,45.099998474121094,45.119998931884766,45.0,45.09040069580078,3561,0.0,0.0,0.0
2023-01-27 14:30:00-05:00,45.1599006652832,45.16999816894531,45.07080078125,45.11000061035156,11217,0.0,0.0,0.0
2023-01-27 15:30:00-05:00,45.11000061035156,45.15999984741211,45.0,45.0,2406,0.0,0.0,0.0
2023-01-30 09:30:00-05:00,44.599998474121094,44.599998474121094,44.459999084472656,44.470001220703125,0,0.0,0.0,0.0
2023-01-30 10:30:00-05:00,44.459999084472656,44.58000183105469,44.439998626708984,44.52000045776367,1461,0.0,0.0,0.0
2023-01-30 11:30:00-05:00,44.5,44.58000183105469,44.459999084472656,44.459999084472656,22098,0.0,0.0,0.0
2023-01-30 12:30:00-05:00,44.45000076293945,44.45000076293945,44.369998931884766,44.369998931884766,644,0.0,0.0,0.0
2023-01-30 13:30:00-05:00,44.438201904296875,44.459999084472656,44.369998931884766,44.369998931884766,2728,0.0,0.0,0.0
2023-01-30 14:30:00-05:00,44.369998931884766,44.470001220703125,44.310001373291016,44.38999938964844,9250,0.0,0.0,0.0
2023-01-30 15:30:00-05:00,44.3650016784668,44.369998931884766,44.29999923706055,44.29999923706055,1909,0.0,0.0,0.0
2023-01-31 09:30:00-05:00,44.29999923706055,44.29999923706055,44.15999984741211,44.209999084472656,2114,0.0,0.0,0.0
2023-01-31 10:30:00-05:00,44.380001068115234,44.380001068115234,44.36000061035156,44.37919998168945,1519,0.0,0.0,0.0
2023-01-31 11:30:00-05:00,44.38999938964844,44.38999938964844,44.369998931884766,44.369998931884766,2138,0.0,0.0,0.0
2023-01-31 12:30:00-05:00,44.369998931884766,44.38999938964844,44.36000061035156,44.38999938964844,7574,0.0,0.0,0.0
2023-01-31 13:30:00-05:00,44.38999938964844,44.40999984741211,44.38999938964844,44.39500045776367,1124,0.0,0.0,0.0
2023-01-31 14:30:00-05:00,44.400001525878906,44.41999816894531,44.38999938964844,44.40999984741211,6095,0.0,0.0,0.0
2023-01-31 15:30:00-05:00,44.43000030517578,44.5,44.43000030517578,44.5,2129,0.0,0.0,0.0
2023-02-01 09:30:00-05:00,44.599998474121094,44.83000183105469,44.599998474121094,44.67499923706055,0,0.0,0.0,0.0
2023-02-01 10:30:00-05:00,44.68000030517578,44.68000030517578,44.68000030517578,44.68000030517578,222,0.0,0.0,0.0
2023-02-01 11:30:00-05:00,44.720001220703125,44.720001220703125,44.569698333740234,44.569698333740234,908,0.0,0.0,0.0
2023-02-01 12:30:00-05:00,44.529998779296875,44.529998779296875,44.41999816894531,44.492000579833984,5026,0.0,0.0,0.0
2023-02-01 13:30:00-05:00,44.54999923706055,44.66999816894531,44.529998779296875,44.66999816894531,11291,0.0,0.0,0.0
2023-02-01 14:30:00-05:00,44.5099983215332,45.04999923706055,44.5,45.029998779296875,6817,0.0,0.0,0.0
2023-02-01 15:30:00-05:00,45.060001373291016,45.130001068115234,44.956298828125,44.956298828125,0,0.0,0.0,0.0
2023-02-02 09:30:00-05:00,45.06999969482422,45.06999969482422,44.68000030517578,44.70000076293945,7170,0.0,0.0,0.0
2023-02-02 10:30:00-05:00,44.84000015258789,44.89139938354492,44.818599700927734,44.818599700927734,1376,0.0,0.0,0.0
2023-02-02 11:30:00-05:00,44.869998931884766,44.869998931884766,44.79999923706055,44.849998474121094,2846,0.0,0.0,0.0
2023-02-02 12:30:00-05:00,44.87820053100586,44.87820053100586,44.87820053100586,44.87820053100586,478,0.0,0.0,0.0
2023-02-02 13:30:00-05:00,44.8849983215332,44.90999984741211,44.777198791503906,44.777198791503906,6137,0.0,0.0,0.0
2023-02-02 14:30:00-05:00,44.755001068115234,44.755001068115234,44.62699890136719,44.709999084472656,14140,0.0,0.0,0.0
2023-02-02 15:30:00-05:00,44.7599983215332,44.790000915527344,44.7599983215332,44.790000915527344,4073,0.0,0.0,0.0
2023-02-03 09:30:00-05:00,44.220001220703125,44.45000076293945,44.09000015258789,44.3120002746582,0,0.0,0.0,0.0
2023-02-03 10:30:00-05:00,44.27000045776367,44.4031982421875,44.25,44.279998779296875,174518,0.0,0.0,0.0
2023-02-03 11:30:00-05:00,44.279998779296875,44.279998779296875,44.1349983215332,44.150001525878906,6341,0.0,0.0,0.0
2023-02-03 12:30:00-05:00,44.188499450683594,44.189998626708984,44.0099983215332,44.0099983215332,8336,0.0,0.0,0.0
2023-02-03 13:30:00-05:00,44.0,44.02000045776367,43.970001220703125,43.970001220703125,3546,0.0,0.0,0.0
2023-02-03 14:30:00-05:00,43.970001220703125,43.970001220703125,43.900001525878906,43.96500015258789,4090,0.0,0.0,0.0
2023-02-03 15:30:00-05:00,43.96009826660156,43.970001220703125,43.91999816894531,43.970001220703125,9201,0.0,0.0,0.0
2023-02-06 09:30:00-05:00,43.4900016784668,43.4900016784668,43.154998779296875,43.154998779296875,0,0.0,0.0,0.0
2023-02-06 10:30:00-05:00,43.20000076293945,43.2599983215332,43.20000076293945,43.2599983215332,2418,0.0,0.0,0.0
2023-02-06 11:30:00-05:00,43.349998474121094,43.369998931884766,43.23749923706055,43.2776985168457,10604,0.0,0.0,0.0
2023-02-06 12:30:00-05:00,43.28499984741211,43.36000061035156,43.28499984741211,43.34000015258789,3008,0.0,0.0,0.0
2023-02-06 13:30:00-05:00,43.36000061035156,43.470001220703125,43.33000183105469,43.470001220703125,2996,0.0,0.0,0.0
2023-02-06 14:30:00-05:00,43.45920181274414,43.45920181274414,43.369998931884766,43.400001525878906,30525,0.0,0.0,0.0
2023-02-06 15:30:00-05:00,43.400001525878906,43.459999084472656,43.400001525878906,43.459999084472656,1208,0.0,0.0,0.0
2023-02-07 09:30:00-05:00,43.41999816894531,43.47999954223633,43.26409912109375,43.26409912109375,0,0.0,0.0,0.0
2023-02-07 10:30:00-05:00,43.28799819946289,43.38249969482422,43.28799819946289,43.3650016784668,2197,0.0,0.0,0.0
2023-02-07 11:30:00-05:00,43.41999816894531,43.41999816894531,43.349998474121094,43.349998474121094,4218,0.0,0.0,0.0
2023-02-07 12:30:00-05:00,43.349998474121094,43.63999938964844,43.30500030517578,43.38999938964844,3789,0.0,0.0,0.0
2023-02-07 13:30:00-05:00,43.2598991394043,43.439998626708984,43.2598991394043,43.439998626708984,1003,0.0,0.0,0.0
2023-02-07 14:30:00-05:00,43.47999954223633,43.63999938964844,43.47999954223633,43.63999938964844,10931,0.0,0.0,0.0
2023-02-07 15:30:00-05:00,43.5,43.68000030517578,43.5,43.68000030517578,1803,0.0,0.0,0.0
2023-02-08 09:30:00-05:00,43.7599983215332,43.779998779296875,43.630001068115234,43.630001068115234,0,0.0,0.0,0.0
2023-02-08 10:30:00-05:00,43.630001068115234,43.779998779296875,43.459999084472656,43.470001220703125,23906,0.0,0.0,0.0
2023-02-08 11:30:00-05:00,43.47999954223633,43.59000015258789,43.45000076293945,43.59000015258789,4793,0.0,0.0,0.0
2023-02-08 12:30:00-05:00,43.599998474121094,43.709999084472656,43.59000015258789,43.650001525878906,1984,0.0,0.0,0.0
2023-02-08 13:30:00-05:00,43.600101470947266,43.66999816894531,43.600101470947266,43.63999938964844,5368,0.0,0.0,0.0
2023-02-08 14:30:00-05:00,43.650001525878906,43.68000030517578,43.63999938964844,43.650001525878906,3182,0.0,0.0,0.0
2023-02-08 15:30:00-05:00,43.582401275634766,43.70000076293945,43.582401275634766,43.70000076293945,6194,0.0,0.0,0.0
2023-02-09 09:30:00-05:00,43.96870040893555,43.96870040893555,43.96870040893555,43.96870040893555,0,0.0,0.0,0.0
2023-02-09 10:30:00-05:00,43.79999923706055,43.849998474121094,43.79029846191406,43.79029846191406,2982,0.0,0.0,0.0
2023-02-09 12:30:00-05:00,43.779998779296875,43.779998779296875,43.73080062866211,43.73720169067383,3976,0.0,0.0,0.0
2023-02-09 13:30:00-05:00,43.7400016784668,43.75,43.68000030517578,43.68000030517578,2150,0.0,0.0,0.0
2023-02-09 14:30:00-05:00,43.685001373291016,43.685001373291016,43.59000015258789,43.59000015258789,14676,0.0,0.0,0.0
2023-02-09 15:30:00-05:00,43.54999923706055,43.66999816894531,43.524898529052734,43.66999816894531,2242,0.0,0.0,0.0
2023-02-10 09:30:00-05:00,43.47999954223633,43.529998779296875,43.22629928588867,43.31999969482422,0,0.0,0.0,0.0
2023-02-10 10:30:00-05:00,43.31999969482422,43.380001068115234,43.3125,43.3125,3192,0.0,0.0,0.0
2023-02-10 11:30:00-05:00,43.33000183105469,43.33000183105469,43.27000045776367,43.314998626708984,2526,0.0,0.0,0.0
2023-02-10 12:30:00-05:00,43.31549835205078,43.41999816894531,43.279998779296875,43.279998779296875,3469,0.0,0.0,0.0
2023-02-10 13:30:00-05:00,43.310001373291016,43.31999969482422,43.302398681640625,43.302398681640625,962,0.0,0.0,0.0
2023-02-10 14:30:00-05:00,43.36000061035156,43.380001068115234,43.279998779296875,43.29999923706055,7807,0.0,0.0,0.0
2023-02-10 15:30:00-05:00,43.34320068359375,43.41999816894531,43.34320068359375,43.41999816894531,3782,0.0,0.0,0.0
2023-02-13 09:30:00-05:00,43.470001220703125,43.5817985534668,43.349998474121094,43.5817985534668,0,0.0,0.0,0.0
2023-02-13 11:30:00-05:00,43.599998474121094,43.77000045776367,43.599998474121094,43.77000045776367,1132,0.0,0.0,0.0
2023-02-13 12:30:00-05:00,43.724998474121094,43.790000915527344,43.70000076293945,43.70000076293945,1762,0.0,0.0,0.0
2023-02-13 14:30:00-05:00,43.70500183105469,43.77840042114258,43.65119934082031,43.77840042114258,3500,0.0,0.0,0.0
2023-02-13 15:30:00-05:00,43.7400016784668,43.7400016784668,43.70500183105469,43.7400016784668,1639,0.0,0.0,0.0
2023-02-14 09:30:00-05:00,43.470001220703125,43.7599983215332,43.356201171875,43.613800048828125,0,0.0,0.0,0.0
2023-02-14 10:30:00-05:00,43.619998931884766,43.619998931884766,43.41999816894531,43.41999816894531,4225,0.0,0.0,0.0
2023-02-14 11:30:00-05:00,43.45000076293945,43.45830154418945,43.400001525878906,43.45830154418945,12529,0.0,0.0,0.0
2023-02-14 12:30:00-05:00,43.48249816894531,43.59000015258789,43.45000076293945,43.52000045776367,4928,0.0,0.0,0.0
2023-02-14 13:30:00-05:00,43.540000915527344,43.540000915527344,43.459999084472656,43.4656982421875,3470,0.0,0.0,0.0
2023-02-14 14:30:00-05:00,43.49409866333008,43.56999969482422,43.49409866333008,43.56999969482422,4866,0.0,0.0,0.0
2023-02-14 15:30:00-05:00,43.599998474121094,43.619998931884766,43.56999969482422,43.58000183105469,3890,0.0,0.0,0.0
2023-02-15 09:30:00-05:00,43.029998779296875,43.11000061035156,42.83000183105469,42.98469924926758,0,0.0,0.0,0.0
2023-02-15 10:30:00-05:00,42.95479965209961,43.01499938964844,42.91999816894531,43.01499938964844,1483,0.0,0.0,0.0
2023-02-15 11:30:00-05:00,43.01499938964844,43.119998931884766,42.9900016784668,43.0099983215332,7153,0.0,0.0,0.0
2023-02-15 12:30:00-05:00,43.029998779296875,43.08000183105469,43.02000045776367,43.02870178222656,11646,0.0,0.0,0.0
2023-02-15 13:30:00-05:00,43.11000061035156,43.11000061035156,43.0099983215332,43.099998474121094,2183,0.0,0.0,0.0
2023-02-15 14:30:00-05:00,43.189998626708984,43.20000076293945,43.15610122680664,43.157501220703125,6491,0.0,0.0,0.0
2023-02-15 15:30:00-05:00,43.15510177612305,43.279998779296875,43.150001525878906,43.279998779296875,3325,0.0,0.0,0.0
2023-02-16 09:30:00-05:00,43.04999923706055,43.08000183105469,42.98860168457031,43.040000915527344,4445,0.0,0.0,0.0
2023-02-16 10:30:00-05:00,43.160099029541016,43.27000045776367,43.160099029541016,43.2400016784668,1960,0.0,0.0,0.0
2023-02-16 11:30:00-05:00,43.310001373291016,43.349998474121094,43.29999923706055,43.34000015258789,4761,0.0,0.0,0.0
2023-02-16 12:30:00-05:00,43.38999938964844,43.41999816894531,43.34000015258789,43.36000061035156,8995,0.0,0.0,0.0
2023-02-16 13:30:00-05:00,43.250099182128906,43.449501037597656,43.250099182128906,43.41999816894531,4002,0.0,0.0,0.0
2023-02-16 14:30:00-05:00,43.479400634765625,43.479400634765625,43.279998779296875,43.36000061035156,6390,0.0,0.0,0.0
2023-02-16 15:30:00-05:00,43.279998779296875,43.29999923706055,43.25,43.279998779296875,0,0.0,0.0,0.0
2023-02-17 09:30:00-05:00,43.099998474121094,43.099998474121094,42.939998626708984,43.047000885009766,9530,0.0,0.0,0.0
2023-02-17 10:30:00-05:00,43.096099853515625,43.096099853515625,42.97999954223633,42.97999954223633,4962,0.0,0.0,0.0
2023-02-17 11:30:00-05:00,42.974998474121094,43.02000045776367,42.96500015258789,43.02000045776367,2480,0.0,0.0,0.0
2023-02-17 12:30:00-05:00,43.029998779296875,43.040000915527344,43.0,43.0,1663,0.0,0.0,0.0
2023-02-17 13:30:00-05:00,42.994998931884766,43.0614013671875,42.9900016784668,43.0614013671875,15695,0.0,0.0,0.0
2023-02-17 14:30:00-05:00,43.07720184326172,43.12990188598633,43.029998779296875,43.089698791503906,3647,0.0,0.0,0.0
2023-02-17 15:30:00-05:00,43.09000015258789,43.150001525878906,43.06999969482422,43.06999969482422,4507,0.0,0.0,0.0
2023-02-21 09:30:00-05:00,43.189998626708984,43.310001373291016,43.130001068115234,43.15999984741211,0,0.0,0.0,0.0
2023-02-21 10:30:00-05:00,43.20000076293945,43.2599983215332,43.147098541259766,43.149898529052734,3424,0.0,0.0,0.0
2023-02-21 11:30:00-05:00,43.099998474121094,43.099998474121094,43.060001373291016,43.060001373291016,2990,0.0,0.0,0.0
2023-02-21 12:30:00-05:00,43.07899856567383,43.099998474121094,42.97999954223633,43.03409957885742,1676,0.0,0.0,0.0
2023-02-21 13:30:00-05:00,43.0099983215332,43.0099983215332,42.93989944458008,42.93989944458008,3545,0.0,0.0,0.0
2023-02-21 14:30:00-05:00,42.97999954223633,42.994998931884766,42.9541015625,42.9541015625,2657,0.0,0.0,0.0
2023-02-21 15:30:00-05:00,43.0,43.0099983215332,42.959999084472656,42.9900016784668,1965,0.0,0.0,0.0
2023-02-22 09:30:00-05:00,42.84000015258789,42.86000061035156,42.650001525878906,42.650001525878906,0,0.0,0.0,0.0
2023-02-22 10:30:00-05:00,42.73080062866211,42.81999969482422,42.68000030517578,42.810001373291016,7705,0.0,0.0,0.0
2023-02-22 11:30:00-05:00,42.77000045776367,42.779998779296875,42.755401611328125,42.775001525878906,1924,0.0,0.0,0.0
2023-02-22 12:30:00-05:00,42.869998931884766,42.880001068115234,42.78799819946289,42.79999923706055,2703,0.0,0.0,0.0
2023-02-22 13:30:00-05:00,42.83489990234375,42.83489990234375,42.77000045776367,42.77000045776367,9485,0.0,0.0,0.0
2023-02-22 14:30:00-05:00,42.709999084472656,42.72999954223633,42.66999816894531,42.69499969482422,5147,0.0,0.0,0.0
2023-02-22 15:30:00-05:00,42.689998626708984,42.77000045776367,42.67499923706055,42.77000045776367,8481,0.0,0.0,0.0
2023-02-23 09:30:00-05:00,43.33000183105469,43.33000183105469,43.15999984741211,43.15999984741211,0,0.0,0.0,0.0
2023-02-23 10:30:00-05:00,43.15999984741211,43.15999984741211,43.0099983215332,43.029998779296875,3520,0.0,0.0,0.0
2023-02-23 11:30:00-05:00,42.964500427246094,42.964500427246094,42.810001373291016,42.864898681640625,2036,0.0,0.0,0.0
2023-02-23 12:30:00-05:00,42.90999984741211,42.90999984741211,42.849998474121094,42.880001068115234,1032,0.0,0.0,0.0
2023-02-23 13:30:00-05:00,42.89939880371094,42.95750045776367,42.89630126953125,42.95750045776367,5987,0.0,0.0,0.0
2023-02-23 14:30:00-05:00,43.040000915527344,43.06999969482422,42.99169921875,43.06990051269531,5247,0.0,0.0,0.0
2023-02-23 15:30:00-05:00,43.06999969482422,43.0890007019043,42.97999954223633,43.06999969482422,0,0.0,0.0,0.0
2023-02-24 09:30:00-05:00,42.279998779296875,42.31999969482422,42.12689971923828,42.12689971923828,11280,0.0,0.0,0.0
2023-02-24 10:30:00-05:00,42.1172981262207,42.13999938964844,42.09000015258789,42.13999938964844,3495,0.0,0.0,0.0
2023-02-24 11:30:00-05:00,42.1349983215332,42.1349983215332,42.0989990234375,42.0989990234375,2814,0.0,0.0,0.0
2023-02-24 12:30:00-05:00,42.099998474121094,42.11000061035156,42.042999267578125,42.042999267578125,3722,0.0,0.0,0.0
2023-02-24 13:30:00-05:00,42.09000015258789,42.15999984741211,42.073699951171875,42.130001068115234,10638,0.0,0.0,0.0
2023-02-24 14:30:00-05:00,42.119998931884766,42.220001220703125,42.099998474121094,42.189998626708984,14537,0.0,0.0,0.0
2023-02-24 15:30:00-05:00,42.16999816894531,42.220001220703125,42.100101470947266,42.220001220703125,3756,0.0,0.0,0.0
2023-02-27 09:30:00-05:00,42.27000045776367,42.439998626708984,42.2577018737793,42.439998626708984,3081,0.0,0.0,0.0
2023-02-27 10:30:00-05:00,42.3656005859375,42.3656005859375,42.220001220703125,42.310001373291016,4569,0.0,0.0,0.0
2023-02-27 11:30:00-05:00,42.29999923706055,42.34000015258789,42.27560043334961,42.32870101928711,3179,0.0,0.0,0.0
2023-02-27 12:30:00-05:00,42.34000015258789,42.34000015258789,42.34000015258789,42.34000015258789,741,0.0,0.0,0.0
2023-02-27 13:30:00-05:00,42.37900161743164,42.40999984741211,42.369998931884766,42.40999984741211,832,0.0,0.0,0.0
2023-02-27 14:30:00-05:00,42.369998931884766,42.369998931884766,42.310001373291016,42.33000183105469,5213,0.0,0.0,0.0
2023-02-27 15:30:00-05:00,42.29999923706055,42.349998474121094,42.27000045776367,42.349998474121094,2498,0.0,0.0,0.0
2023-02-28 09:30:00-05:00,42.150001525878906,42.189998626708984,42.05500030517578,42.130001068115234,0,0.0,0.0,0.0
2023-02-28 10:30:00-05:00,42.135501861572266,42.20830154418945,42.135501861572266,42.16999816894531,2061,0.0,0.0,0.0
2023-02-28 11:30:00-05:00,42.130001068115234,42.16999816894531,42.099998474121094,42.16999816894531,5522,0.0,0.0,0.0
2023-02-28 12:30:00-05:00,42.150001525878906,42.189998626708984,42.08000183105469,42.154598236083984,1506,0.0,0.0,0.0
2023-02-28 13:30:00-05:00,42.15999984741211,42.18000030517578,42.12699890136719,42.13999938964844,3537,0.0,0.0,0.0
2023-02-28 14:30:00-05:00,42.119998931884766,42.130001068115234,42.0,42.0,5485,0.0,0.0,0.0
2023-02-28 15:30:00-05:00,42.060001373291016,42.11000061035156,42.060001373291016,42.11000061035156,1970,0.0,0.0,0.0
2023-03-01 09:30:00-05:00,42.779998779296875,42.959999084472656,42.720001220703125,42.720001220703125,0,0.0,0.0,0.0
2023-03-01 10:30:00-05:00,42.722900390625,42.899898529052734,42.722900390625,42.810001373291016,4410,0.0,0.0,0.0
2023-03-01 11:30:00-05:00,42.86000061035156,42.91999816894531,42.86000061035156,42.91999816894531,473,0.0,0.0,0.0
2023-03-01 12:30:00-05:00,42.88999938964844,42.88999938964844,42.80590057373047,42.81999969482422,1906,0.0,0.0,0.0
2023-03-01 13:30:00-05:00,42.810001373291016,42.810001373291016,42.75239944458008,42.790000915527344,1774,0.0,0.0,0.0
2023-03-01 14:30:00-05:00,42.77000045776367,42.849998474121094,42.77000045776367,42.81019973754883,16042,0.0,0.0,0.0
2023-03-01 15:30:00-05:00,42.809200286865234,42.869998931884766,42.809200286865234,42.869998931884766,2166,0.0,0.0,0.0
2023-03-02 09:30:00-05:00,42.7599983215332,42.96989822387695,42.71820068359375,42.82400131225586,0,0.0,0.0,0.0
2023-03-02 10:30:00-05:00,42.93000030517578,43.029998779296875,42.93000030517578,42.95500183105469,4330,0.0,0.0,0.0
2023-03-02 11:30:00-05:00,42.959999084472656,42.970001220703125,42.939998626708984,42.970001220703125,1933,0.0,0.0,0.0
2023-03-02 12:30:00-05:00,42.93000030517578,42.98659896850586,42.93000030517578,42.98659896850586,2630,0.0,0.0,0.0
2023-03-02 13:30:00-05:00,42.970001220703125,43.099998474121094,42.95000076293945,43.099998474121094,2523,0.0,0.0,0.0
2023-03-02 14:30:00-05:00,43.10309982299805,43.10309982299805,43.0099983215332,43.060001373291016,8224,0.0,0.0,0.0
2023-03-02 15:30:00-05:00,43.08000183105469,43.09000015258789,43.04999923706055,43.09000015258789,1388,0.0,0.0,0.0
2023-03-03 09:30:00-05:00,43.22999954223633,43.28499984741211,43.22999954223633,43.28499984741211,0,0.0,0.0,0.0
2023-03-03 10:30:00-05:00,43.26499938964844,43.30929946899414,43.25,43.30929946899414,1684,0.0,0.0,0.0
2023-03-03 11:30:00-05:00,43.32500076293945,43.38999938964844,43.32350158691406,43.33140182495117,2430,0.0,0.0,0.0
2023-03-03 12:30:00-05:00,43.36090087890625,43.429901123046875,43.36090087890625,43.429901123046875,1128,0.0,0.0,0.0
2023-03-03 13:30:00-05:00,43.400001525878906,43.45000076293945,43.400001525878906,43.45000076293945,724,0.0,0.0,0.0
2023-03-03 14:30:00-05:00,43.43000030517578,43.529998779296875,43.43000030517578,43.47999954223633,12560,0.0,0.0,0.0
2023-03-03 15:30:00-05:00,43.47999954223633,43.494998931884766,43.45000076293945,43.45000076293945,699,0.0,0.0,0.0
2023-03-06 09:30:00-05:00,43.314998626708984,43.5099983215332,43.30149841308594,43.5099983215332,0,0.0,0.0,0.0
2023-03-06 10:30:00-05:00,43.48500061035156,43.48500061035156,43.45000076293945,43.45000076293945,1486,0.0,0.0,0.0
2023-03-06 11:30:00-05:00,43.47999954223633,43.5099983215332,43.46480178833008,43.4900016784668,2552,0.0,0.0,0.0
2023-03-06 12:30:00-05:00,43.47999954223633,43.483001708984375,43.380001068115234,43.380001068115234,3332,0.0,0.0,0.0
2023-03-06 13:30:00-05:00,43.380001068115234,43.380001068115234,43.310001373291016,43.31999969482422,730,0.0,0.0,0.0
2023-03-06 14:30:00-05:00,43.349998474121094,43.36000061035156,43.25,43.29999923706055,3495,0.0,0.0,0.0
2023-03-06 15:30:00-05:00,43.339900970458984,43.339900970458984,43.2599983215332,43.2599983215332,547,0.0,0.0,0.0
2023-03-07 09:30:00-05:00,43.2400016784668,43.2400016784668,42.869998931884766,42.869998931884766,0,0.0,0.0,0.0
2023-03-07 10:30:00-05:00,42.90999984741211,42.9900016784668,42.81449890136719,42.86000061035156,3949,0.0,0.0,0.0
2023-03-07 11:30:00-05:00,42.83000183105469,42.900001525878906,42.817298889160156,42.900001525878906,1672,0.0,0.0,0.0
2023-03-07 12:30:00-05:00,42.84000015258789,42.845001220703125,42.749000549316406,42.749000549316406,4208,0.0,0.0,0.0
2023-03-07 13:30:00-05:00,42.693599700927734,42.75,42.65999984741211,42.67499923706055,7559,0.0,0.0,0.0
2023-03-07 14:30:00-05:00,42.66999816894531,42.689998626708984,42.611900329589844,42.68000030517578,5601,0.0,0.0,0.0
2023-03-07 15:30:00-05:00,42.667301177978516,42.66999816894531,42.667301177978516,42.66999816894531,0,0.0,0.0,0.0
2023-03-08 09:30:00-05:00,42.849998474121094,42.96329879760742,42.849998474121094,42.939998626708984,3898,0.0,0.0,0.0
2023-03-08 10:30:00-05:00,42.952701568603516,42.959999084472656,42.93000030517578,42.959999084472656,1695,0.0,0.0,0.0
2023-03-08 11:30:00-05:00,42.900001525878906,42.95600128173828,42.875,42.8849983215332,3050,0.0,0.0,0.0
2023-03-08 12:30:00-05:00,42.86000061035156,42.90039825439453,42.81999969482422,42.81999969482422,3486,0.0,0.0,0.0
2023-03-08 13:30:00-05:00,42.7599983215332,42.834999084472656,42.7599983215332,42.83000183105469,3600,0.0,0.0,0.0
2023-03-08 14:30:00-05:00,42.849998474121094,42.86000061035156,42.79999923706055,42.849998474121094,14713,0.0,0.0,0.0
2023-03-08 15:30:00-05:00,42.84830093383789,42.970001220703125,42.84830093383789,42.959999084472656,15766,0.0,0.0,0.0
2023-03-09 09:30:00-05:00,42.630001068115234,42.66999816894531,42.5,42.5,0,0.0,0.0,0.0
2023-03-09 10:30:00-05:00,42.56999969482422,42.56999969482422,42.46500015258789,42.5099983215332,2641,0.0,0.0,0.0
2023-03-09 11:30:00-05:00,42.5099983215332,42.5099983215332,42.33000183105469,42.459999084472656,3068,0.0,0.0,0.0
2023-03-09 12:30:00-05:00,42.375,42.4900016784668,42.310001373291016,42.310001373291016,3401,0.0,0.0,0.0
2023-03-09 13:30:00-05:00,42.30500030517578,42.33000183105469,42.290000915527344,42.33000183105469,2732,0.0,0.0,0.0
2023-03-09 14:30:00-05:00,42.279998779296875,42.310001373291016,42.077701568603516,42.08000183105469,11957,0.0,0.0,0.0
2023-03-09 15:30:00-05:00,42.13999938964844,42.150001525878906,42.110801696777344,42.119998931884766,4014,0.0,0.0,0.0
2023-03-10 09:30:00-05:00,42.209999084472656,42.209999084472656,41.94839859008789,42.130001068115234,0,0.0,0.0,0.0
2023-03-10 10:30:00-05:00,42.11000061035156,42.15999984741211,42.093101501464844,42.119998931884766,8207,0.0,0.0,0.0
2023-03-10 11:30:00-05:00,42.06999969482422,42.06999969482422,42.060001373291016,42.060001373291016,1336,0.0,0.0,0.0
2023-03-10 12:30:00-05:00,42.11000061035156,42.11000061035156,41.850101470947266,41.850101470947266,4061,0.0,0.0,0.0
2023-03-10 13:30:00-05:00,41.869998931884766,41.900001525878906,41.79999923706055,41.79999923706055,2655,0.0,0.0,0.0
2023-03-10 14:30:00-05:00,41.84000015258789,41.959999084472656,41.84000015258789,41.900001525878906,5124,0.0,0.0,0.0
2023-03-10 15:30:00-05:00,41.900001525878906,41.900001525878906,41.779998779296875,41.84000015258789,3508,0.0,0.0,0.0
2023-03-13 09:30:00-04:00,41.61000061035156,41.7599983215332,41.61000061035156,41.66999816894531,0,0.0,0.0,0.0
2023-03-13 10:30:00-04:00,41.712799072265625,41.93000030517578,41.712799072265625,41.93000030517578,5188,0.0,0.0,0.0
2023-03-13 11:30:00-04:00,41.90999984741211,41.90999984741211,41.86000061035156,41.86000061035156,2611,0.0,0.0,0.0
2023-03-13 12:30:00-04:00,41.779998779296875,41.80950164794922,41.779998779296875,41.80950164794922,605,0.0,0.0,0.0
2023-03-13 13:30:00-04:00,41.80979919433594,41.90999984741211,41.790000915527344,41.90999984741211,1492,0.0,0.0,0.0
2023-03-13 14:30:00-04:00,41.93370056152344,41.93370056152344,41.81999969482422,41.84000015258789,8951,0.0,0.0,0.0
2023-03-13 15:30:00-04:00,41.83000183105469,41.84000015258789,41.75,41.75,0,0.0,0.0,0.0
2023-03-14 09:30:00-04:00,41.599998474121094,41.68000030517578,41.544498443603516,41.6786003112793,4551,0.0,0.0,0.0
2023-03-14 10:30:00-04:00,41.68000030517578,41.68000030517578,41.650001525878906,41.68000030517578,860,0.0,0.0,0.0
2023-03-14 11:30:00-04:00,41.72999954223633,41.739898681640625,41.66999816894531,41.66999816894531,3237,0.0,0.0,0.0
2023-03-14 12:30:00-04:00,41.66999816894531,41.66999816894531,41.540000915527344,41.58000183105469,6522,0.0,0.0,0.0
2023-03-14 13:30:00-04:00,41.595001220703125,41.595001220703125,41.56999969482422,41.56999969482422,988,0.0,0.0,0.0
2023-03-14 14:30:00-04:00,41.619998931884766,41.630001068115234,41.47999954223633,41.5,3824,0.0,0.0,0.0
2023-03-14 15:30:00-04:00,41.5807991027832,41.69499969482422,41.5807991027832,41.69499969482422,1349,0.0,0.0,0.0
2023-03-15 09:30:00-04:00,40.939998626708984,40.959999084472656,40.720001220703125,40.792598724365234,0,0.0,0.0,0.0
2023-03-15 10:30:00-04:00,40.75,40.777400970458984,40.65999984741211,40.777400970458984,2271,0.0,0.0,0.0
2023-03-15 11:30:00-04:00,40.689998626708984,40.83000183105469,40.63010025024414,40.68000030517578,3054,0.0,0.0,0.0
2023-03-15 12:30:00-04:00,40.70880126953125,40.79800033569336,40.65999984741211,40.79800033569336,5768,0.0,0.0,0.0
2023-03-15 13:30:00-04:00,40.7755012512207,40.911399841308594,40.65010070800781,40.911399841308594,8791,0.0,0.0,0.0
2023-03-15 14:30:00-04:00,40.94169998168945,41.029998779296875,40.91999816894531,41.025001525878906,6827,0.0,0.0,0.0
2023-03-15 15:30:00-04:00,41.04499816894531,41.04499816894531,40.89569854736328,40.927101135253906,2744,0.0,0.0,0.0
2023-03-16 09:30:00-04:00,40.90999984741211,40.939998626708984,40.873600006103516,40.873600006103516,0,0.0,0.0,0.0
2023-03-16 10:30:00-04:00,40.875999450683594,41.14500045776367,40.875999450683594,41.14189910888672,1821,0.0,0.0,0.0
2023-03-16 11:30:00-04:00,41.349998474121094,41.36000061035156,41.20000076293945,41.33620071411133,4058,0.0,0.0,0.0
2023-03-16 12:30:00-04:00,41.3489990234375,41.45000076293945,41.31999969482422,41.36000061035156,2816,0.0,0.0,0.0
2023-03-16 13:30:00-04:00,41.36000061035156,41.419898986816406,41.34000015258789,41.419898986816406,7473,0.0,0.0,0.0
2023-03-16 14:30:00-04:00,41.3400993347168,41.4900016784668,41.3400993347168,41.459999084472656,1364,0.0,0.0,0.0
2023-03-16 15:30:00-04:00,41.5,41.540000915527344,41.459999084472656,41.459999084472656,5615,0.0,0.0,0.0
2023-03-17 09:30:00-04:00,41.650001525878906,41.650001525878906,41.41999816894531,41.41999816894531,0,0.0,0.0,0.0
2023-03-17 10:30:00-04:00,41.38999938964844,41.495399475097656,41.369998931884766,41.495399475097656,1067,0.0,0.0,0.0
2023-03-17 11:30:00-04:00,41.38999938964844,41.419898986816406,41.30009841918945,41.419898986816406,2160,0.0,0.0,0.0
2023-03-17 12:30:00-04:00,41.45000076293945,41.5,41.410301208496094,41.410301208496094,5382,0.0,0.0,0.0
2023-03-17 13:30:00-04:00,41.45000076293945,41.5276985168457,41.40010070800781,41.46989822387695,10871,0.0,0.0,0.0
2023-03-17 14:30:00-04:00,41.40999984741211,41.47999954223633,41.40999984741211,41.47999954223633,5927,0.0,0.0,0.0
2023-03-17 15:30:00-04:00,41.41999816894531,41.459999084472656,41.393001556396484,41.43000030517578,5683,0.0,0.0,0.0
2023-03-20 09:30:00-04:00,41.38999938964844,41.47999954223633,41.29999923706055,41.47169876098633,0,0.0,0.0,0.0
2023-03-20 10:30:00-04:00,41.494998931884766,41.61000061035156,41.494998931884766,41.54159927368164,4629,0.0,0.0,0.0
2023-03-20 11:30:00-04:00,41.5,41.5,41.393699645996094,41.393699645996094,1096,0.0,0.0,0.0
2023-03-20 12:30:00-04:00,41.458499908447266,41.458499908447266,41.458499908447266,41.458499908447266,733,0.0,0.0,0.0
2023-03-20 13:30:00-04:00,41.5,41.5,41.5,41.5,979,0.0,0.0,0.0
2023-03-20 14:30:00-04:00,41.459999084472656,41.52000045776367,41.459999084472656,41.480098724365234,12934,0.0,0.0,0.0
2023-03-20 15:30:00-04:00,41.5,41.540000915527344,41.5,41.53630065917969,1309,0.0,0.0,0.0
2023-03-21 09:30:00-04:00,41.83000183105469,41.832000732421875,41.599998474121094,41.599998474121094,0,0.0,0.0,0.0
2023-03-21 10:30:00-04:00,41.68000030517578,41.68000030517578,41.599998474121094,41.6781005859375,2164,0.0,0.0,0.0
2023-03-21 11:30:00-04:00,41.619998931884766,41.638999938964844,41.599998474121094,41.638999938964844,2354,0.0,0.0,0.0
2023-03-21 12:30:00-04:00,41.630001068115234,41.65999984741211,41.630001068115234,41.64500045776367,3861,0.0,0.0,0.0
2023-03-21 13:30:00-04:00,41.68000030517578,41.709999084472656,41.67649841308594,41.709999084472656,944,0.0,0.0,0.0
2023-03-21 14:30:00-04:00,41.72999954223633,41.790000915527344,41.685001373291016,41.71009826660156,3371,0.0,0.0,0.0
2023-03-21 15:30:00-04:00,41.775001525878906,41.829898834228516,41.76810073852539,41.76810073852539,3143,0.0,0.0,0.0
2023-03-22 09:30:00-04:00,41.99340057373047,42.05500030517578,41.95000076293945,42.05500030517578,0,0.0,0.0,0.0
2023-03-22 10:30:00-04:00,42.08000183105469,42.119998931884766,42.060001373291016,42.089900970458984,3392,0.0,0.0,0.0
2023-03-22 11:30:00-04:00,42.08000183105469,42.11000061035156,42.02000045776367,42.040000915527344,6874,0.0,0.0,0.0
2023-03-22 12:30:00-04:00,42.040000915527344,42.040000915527344,42.0,42.028099060058594,393,0.0,0.0,0.0
2023-03-22 13:30:00-04:00,41.994998931884766,42.2400016784668,41.994998931884766,42.119998931884766,2266,0.0,0.0,0.0
2023-03-22 14:30:00-04:00,42.25,42.470001220703125,42.10499954223633,42.33000183105469,3764,0.0,0.0,0.0
2023-03-22 15:30:00-04:00,42.11000061035156,42.11000061035156,41.810001373291016,41.810001373291016,1913,0.0,0.0,0.0
2023-03-23 09:30:00-04:00,42.22999954223633,42.52000045776367,42.22999954223633,42.493499755859375,0,0.0,0.0,0.0
2023-03-23 10:30:00-04:00,42.505001068115234,42.630001068115234,42.505001068115234,42.630001068115234,3587,0.0,0.0,0.0
2023-03-23 11:30:00-04:00,42.59000015258789,42.59000015258789,42.53499984741211,42.53499984741211,1147,0.0,0.0,0.0
2023-03-23 12:30:00-04:00,42.56999969482422,42.57500076293945,42.349998474121094,42.349998474121094,2515,0.0,0.0,0.0
2023-03-23 13:30:00-04:00,42.3672981262207,42.3672981262207,42.2599983215332,42.2599983215332,2420,0.0,0.0,0.0
2023-03-23 14:30:00-04:00,42.209999084472656,42.220001220703125,42.040000915527344,42.08000183105469,12484,0.0,0.0,0.0
2023-03-23 15:30:00-04:00,42.18989944458008,42.27000045776367,42.18989944458008,42.2599983215332,0,0.0,0.0,0.0
2023-03-24 09:30:00-04:00,41.81999969482422,41.81999969482422,41.650001525878906,41.77259826660156,9586,0.0,0.0,0.0
2023-03-24 10:30:00-04:00,41.790000915527344,41.790000915527344,41.68000030517578,41.71500015258789,1029,0.0,0.0,0.0
2023-03-24 11:30:00-04:00,41.7599983215332,41.904998779296875,41.7599983215332,41.81930160522461,2351,0.0,0.0,0.0
2023-03-24 12:30:00-04:00,41.83000183105469,41.88999938964844,41.79999923706055,41.88999938964844,1290,0.0,0.0,0.0
2023-03-24 13:30:00-04:00,41.91120147705078,41.928199768066406,41.86000061035156,41.928199768066406,3257,0.0,0.0,0.0
2023-03-24 14:30:00-04:00,41.902000427246094,42.0,41.849998474121094,42.0,3609,0.0,0.0,0.0
2023-03-24 15:30:00-04:00,41.98889923095703,41.98889923095703,41.93000030517578,41.93000030517578,1750,0.0,0.0,0.0
2023-03-27 09:30:00-04:00,41.7599983215332,41.83000183105469,41.7400016784668,41.744998931884766,0,0.0,0.0,0.0
2023-03-27 10:30:00-04:00,41.689998626708984,41.749000549316406,41.650001525878906,41.66400146484375,4051,0.0,0.0,0.0
2023-03-27 11:30:00-04:00,41.68000030517578,41.68000030517578,41.68000030517578,41.68000030517578,2102,0.0,0.0,0.0
2023-03-27 12:30:00-04:00,41.709999084472656,41.755401611328125,41.65999984741211,41.70000076293945,1783,0.0,0.0,0.0
2023-03-27 13:30:00-04:00,41.779998779296875,41.779998779296875,41.70000076293945,41.70000076293945,4859,0.0,0.0,0.0
2023-03-27 14:30:00-04:00,41.810001373291016,41.869998931884766,41.75,41.84000015258789,8675,0.0,0.0,0.0
2023-03-27 15:30:00-04:00,41.849998474121094,41.880001068115234,41.79999923706055,41.79999923706055,5715,0.0,0.0,0.0
2023-03-28 09:30:00-04:00,41.91999816894531,42.109901428222656,41.88999938964844,42.029998779296875,0,0.0,0.0,0.0
2023-03-28 10:30:00-04:00,41.9900016784668,42.099998474121094,41.97999954223633,42.060001373291016,7500,0.0,0.0,0.0
2023-03-28 11:30:00-04:00,42.07500076293945,42.11000061035156,42.040000915527344,42.10499954223633,1850,0.0,0.0,0.0
2023-03-28 12:30:00-04:00,42.064998626708984,42.12820053100586,42.064998626708984,42.11000061035156,1247,0.0,0.0,0.0
2023-03-28 13:30:00-04:00,42.029998779296875,42.040000915527344,42.0,42.0099983215332,2960,0.0,0.0,0.0
2023-03-28 14:30:00-04:00,42.02000045776367,42.07889938354492,42.013999938964844,42.029998779296875,4377,0.0,0.0,0.0
2023-03-28 15:30:00-04:00,42.041099548339844,42.10240173339844,42.041099548339844,42.10240173339844,1730,0.0,0.0,0.0
2023-03-29 09:30:00-04:00,42.22999954223633,42.310001373291016,42.13999938964844,42.25,0,0.0,0.0,0.0
2023-03-29 10:30:00-04:00,42.27000045776367,42.27000045776367,42.189998626708984,42.25,1844,0.0,0.0,0.0
2023-03-29 13:30:00-04:00,42.204498291015625,42.20819854736328,42.16999816894531,42.18980026245117,2561,0.0,0.0,0.0
2023-03-29 14:30:00-04:00,42.21900177001953,42.25,42.190101623535156,42.224098205566406,8711,0.0,0.0,0.0
2023-03-29 15:30:00-04:00,42.23500061035156,42.275001525878906,42.23500061035156,42.275001525878906,1547,0.0,0.0,0.0
2023-03-30 09:30:00-04:00,42.630001068115234,42.689998626708984,42.5,42.5,0,0.0,0.0,0.0
2023-03-30 10:30:00-04:00,42.63999938964844,42.63999938964844,42.63999938964844,42.63999938964844,888,0.0,0.0,0.0
2023-03-30 11:30:00-04:00,42.572200775146484,42.665000915527344,42.572200775146484,42.63999938964844,1625,0.0,0.0,0.0
2023-03-30 12:30:00-04:00,42.61000061035156,42.630001068115234,42.608699798583984,42.608699798583984,2758,0.0,0.0,0.0
2023-03-30 13:30:00-04:00,42.599998474121094,42.599998474121094,42.58000183105469,42.599998474121094,14250,0.0,0.0,0.0
2023-03-30 14:30:00-04:00,42.524200439453125,42.65999984741211,42.524200439453125,42.65999984741211,2257,0.0,0.0,0.0
2023-03-30 15:30:00-04:00,42.62799835205078,42.69990158081055,42.62799835205078,42.650001525878906,7956,0.0,0.0,0.0
2023-03-31 09:30:00-04:00,42.619998931884766,42.815101623535156,42.619998931884766,42.726200103759766,0,0.0,0.0,0.0
2023-03-31 10:30:00-04:00,42.676300048828125,42.72999954223633,42.676300048828125,42.720001220703125,946,0.0,0.0,0.0
2023-03-31 11:30:00-04:00,42.7400016784668,42.7400016784668,42.69499969482422,42.70000076293945,5147,0.0,0.0,0.0
2023-03-31 12:30:00-04:00,42.68000030517578,42.68000030517578,42.61000061035156,42.61000061035156,5449,0.0,0.0,0.0
2023-03-31 13:30:00-04:00,42.61000061035156,42.61000061035156,42.58000183105469,42.58000183105469,678,0.0,0.0,0.0
2023-03-31 14:30:00-04:00,42.560001373291016,42.60900115966797,42.54999923706055,42.59000015258789,8415,0.0,0.0,0.0
2023-03-31 15:30:00-04:00,42.64820098876953,42.689998626708984,42.59000015258789,42.689998626708984,2558,0.0,0.0,0.0
2023-04-03 09:30:00-04:00,42.68000030517578,42.845001220703125,42.66999816894531,42.81999969482422,0,0.0,0.0,0.0
2023-04-03 10:30:00-04:00,42.859500885009766,42.859500885009766,42.625,42.68000030517578,2924,0.0,0.0,0.0
2023-04-03 11:30:00-04:00,42.650001525878906,42.75,42.640098571777344,42.724998474121094,4897,0.0,0.0,0.0
2023-04-03 12:30:00-04:00,42.72999954223633,42.72999954223633,42.63999938964844,42.720001220703125,3208,0.0,0.0,0.0
2023-04-03 13:30:00-04:00,42.685001373291016,42.79999923706055,42.685001373291016,42.79999923706055,2260,0.0,0.0,0.0
2023-04-03 14:30:00-04:00,42.790000915527344,42.79999923706055,42.78010177612305,42.79999923706055,5478,0.0,0.0,0.0
2023-04-03 15:30:00-04:00,42.87820053100586,42.91999816894531,42.869998931884766,42.88999938964844,0,0.0,0.0,0.0
2023-04-04 09:30:00-04:00,42.689998626708984,42.82899856567383,42.689998626708984,42.82899856567383,3040,0.0,0.0,0.0
2023-04-04 10:30:00-04:00,42.880001068115234,42.880001068115234,42.69879913330078,42.72999954223633,3323,0.0,0.0,0.0
2023-04-04 11:30:00-04:00,42.695499420166016,42.70000076293945,42.689998626708984,42.689998626708984,2814,0.0,0.0,0.0
2023-04-04 12:30:00-04:00,42.7400016784668,42.75559997558594,42.70009994506836,42.75559997558594,1462,0.0,0.0,0.0
2023-04-04 13:30:00-04:00,42.75640106201172,42.79999923706055,42.720001220703125,42.78310012817383,4498,0.0,0.0,0.0
2023-04-04 14:30:00-04:00,42.810001373291016,42.81850051879883,42.77000045776367,42.77000045776367,2309,0.0,0.0,0.0
2023-04-04 15:30:00-04:00,42.7599983215332,42.79999923706055,42.72010040283203,42.79999923706055,2536,0.0,0.0,0.0
2023-04-05 09:30:00-04:00,42.72999954223633,42.72999954223633,42.51499938964844,42.51499938964844,0,0.0,0.0,0.0
2023-04-05 10:30:00-04:00,42.494998931884766,42.5099983215332,42.41999816894531,42.47999954223633,2097,0.0,0.0,0.0
2023-04-05 11:30:00-04:00,42.47999954223633,42.53499984741211,42.47999954223633,42.4900016784668,3067,0.0,0.0,0.0
2023-04-05 12:30:00-04:00,42.439998626708984,42.4900016784668,42.40999984741211,42.439998626708984,1008,0.0,0.0,0.0
2023-04-05 13:30:00-04:00,42.45000076293945,42.529998779296875,42.400001525878906,42.5099983215332,2883,0.0,0.0,0.0
2023-04-05 14:30:00-04:00,42.5099983215332,42.540000915527344,42.45000076293945,42.5,3644,0.0,0.0,0.0
2023-04-05 15:30:00-04:00,42.440101623535156,42.58000183105469,42.440101623535156,42.58000183105469,3513,0.0,0.0,0.0
2023-04-06 09:30:00-04:00,42.52000045776367,42.52000045776367,42.33530044555664,42.46009826660156,0,0.0,0.0,0.0
2023-04-06 10:30:00-04:00,42.529998779296875,42.59000015258789,42.529998779296875,42.560001373291016,676,0.0,0.0,0.0
2023-04-06 11:30:00-04:00,42.70000076293945,42.70000076293945,42.70000076293945,42.70000076293945,361,0.0,0.0,0.0
2023-04-06 12:30:00-04:00,42.713600158691406,42.729000091552734,42.69499969482422,42.720001220703125,2155,0.0,0.0,0.0
2023-04-06 13:30:00-04:00,42.689998626708984,42.731998443603516,42.689998626708984,42.69499969482422,960,0.0,0.0,0.0
2023-04-06 14:30:00-04:00,42.7400016784668,42.7400016784668,42.66999816894531,42.709999084472656,2197,0.0,0.0,0.0
2023-04-06 15:30:00-04:00,42.690399169921875,42.690399169921875,42.61000061035156,42.61000061035156,1940,0.0,0.0,0.0
2023-04-10 09:30:00-04:00,42.459999084472656,42.65999984741211,42.459999084472656,42.584999084472656,0,0.0,0.0,0.0
2023-04-10 10:30:00-04:00,42.650001525878906,42.650001525878906,42.600101470947266,42.64500045776367,2396,0.0,0.0,0.0
2023-04-10 11:30:00-04:00,42.66999816894531,42.689998626708984,42.599998474121094,42.619998931884766,5314,0.0,0.0,0.0
2023-04-10 12:30:00-04:00,42.619998931884766,42.69260025024414,42.619998931884766,42.66400146484375,2309,0.0,0.0,0.0
2023-04-10 13:30:00-04:00,42.63010025024414,42.724998474121094,42.63010025024414,42.720001220703125,4821,0.0,0.0,0.0
2023-04-10 14:30:00-04:00,42.68299865722656,42.790000915527344,42.68000030517578,42.689998626708984,3338,0.0,0.0,0.0
2023-04-10 15:30:00-04:00,42.757999420166016,42.8296012878418,42.7400016784668,42.7400016784668,1188,0.0,0.0,0.0
2023-04-11 09:30:00-04:00,43.25,43.455299377441406,43.25,43.455299377441406,0,0.0,0.0,0.0
2023-04-11 10:30:00-04:00,43.45000076293945,43.45000076293945,43.290000915527344,43.290000915527344,2431,0.0,0.0,0.0
2023-04-11 11:30:00-04:00,43.349998474121094,43.380001068115234,43.345001220703125,43.345001220703125,2230,0.0,0.0,0.0
2023-04-11 12:30:00-04:00,43.345001220703125,43.37900161743164,43.29999923706055,43.33000183105469,4995,0.0,0.0,0.0
2023-04-11 13:30:00-04:00,43.36000061035156,43.362998962402344,43.36000061035156,43.362998962402344,737,0.0,0.0,0.0
2023-04-11 14:30:00-04:00,43.38999938964844,43.400001525878906,43.36940002441406,43.380001068115234,3229,0.0,0.0,0.0
2023-04-11 15:30:00-04:00,43.37580108642578,43.376399993896484,43.31779861450195,43.31779861450195,2213,0.0,0.0,0.0
2023-04-12 09:30:00-04:00,43.66999816894531,43.66999816894531,43.5099983215332,43.5880012512207,0,0.0,0.0,0.0
2023-04-12 10:30:00-04:00,43.540000915527344,43.540000915527344,43.252201080322266,43.285701751708984,1181,0.0,0.0,0.0
2023-04-12 11:30:00-04:00,43.38990020751953,43.400001525878906,43.34749984741211,43.39780044555664,2281,0.0,0.0,0.0
2023-04-12 12:30:00-04:00,43.439998626708984,43.5,43.439998626708984,43.5,1441,0.0,0.0,0.0
2023-04-12 13:30:00-04:00,43.41999816894531,43.499000549316406,43.41999816894531,43.41999816894531,3831,0.0,0.0,0.0
2023-04-12 14:30:00-04:00,43.32500076293945,43.36000061035156,43.230098724365234,43.2599983215332,3894,0.0,0.0,0.0
2023-04-12 15:30:00-04:00,43.25979995727539,43.29999923706055,43.25979995727539,43.29999923706055,2471,0.0,0.0,0.0
2023-04-13 09:30:00-04:00,43.83000183105469,43.83000183105469,43.77000045776367,43.79999923706055,0,0.0,0.0,0.0
2023-04-13 10:30:00-04:00,43.845001220703125,43.86989974975586,43.77289962768555,43.86989974975586,5707,0.0,0.0,0.0
2023-04-13 11:30:00-04:00,43.85499954223633,43.891998291015625,43.85419845581055,43.891998291015625,4094,0.0,0.0,0.0
2023-04-13 12:30:00-04:00,43.8400993347168,43.900001525878906,43.84000015258789,43.89400100708008,1516,0.0,0.0,0.0
2023-04-13 13:30:00-04:00,43.970001220703125,43.970001220703125,43.95800018310547,43.95800018310547,591,0.0,0.0,0.0
2023-04-13 14:30:00-04:00,43.915000915527344,43.959999084472656,43.90950012207031,43.959999084472656,3051,0.0,0.0,0.0
2023-04-13 15:30:00-04:00,43.878700256347656,43.95000076293945,43.878700256347656,43.939998626708984,1379,0.0,0.0,0.0
2023-04-14 09:30:00-04:00,43.81999969482422,43.88999938964844,43.709999084472656,43.709999084472656,0,0.0,0.0,0.0
2023-04-14 10:30:00-04:00,43.66999816894531,43.66999816894531,43.61000061035156,43.61000061035156,806,0.0,0.0,0.0
2023-04-14 11:30:00-04:00,43.56380081176758,43.61899948120117,43.5,43.57080078125,5087,0.0,0.0,0.0
2023-04-14 12:30:00-04:00,43.529998779296875,43.56949996948242,43.529998779296875,43.56949996948242,1117,0.0,0.0,0.0
2023-04-14 13:30:00-04:00,43.595001220703125,43.66999816894531,43.595001220703125,43.648101806640625,1776,0.0,0.0,0.0
2023-04-14 14:30:00-04:00,43.68000030517578,43.720001220703125,43.64500045776367,43.68000030517578,6374,0.0,0.0,0.0
2023-04-14 15:30:00-04:00,43.66999816894531,43.7400016784668,43.59000015258789,43.72999954223633,3911,0.0,0.0,0.0
2023-04-17 09:30:00-04:00,43.77000045776367,43.779998779296875,43.64289855957031,43.64289855957031,0,0.0,0.0,0.0
2023-04-17 10:30:00-04:00,43.68000030517578,43.68000030517578,43.61000061035156,43.619998931884766,9457,0.0,0.0,0.0
2023-04-17 11:30:00-04:00,43.619998931884766,43.619998931884766,43.61000061035156,43.61000061035156,1654,0.0,0.0,0.0
2023-04-17 12:30:00-04:00,43.67620086669922,43.67620086669922,43.63999938964844,43.66450119018555,1710,0.0,0.0,0.0
2023-04-17 13:30:00-04:00,43.709999084472656,43.709999084472656,43.6614990234375,43.6614990234375,1612,0.0,0.0,0.0
2023-04-17 14:30:00-04:00,43.7599983215332,43.76689910888672,43.747398376464844,43.76689910888672,5993,0.0,0.0,0.0
2023-04-17 15:30:00-04:00,43.7333984375,43.790000915527344,43.7333984375,43.779998779296875,4770,0.0,0.0,0.0
2023-04-18 09:30:00-04:00,43.93000030517578,43.93000030517578,43.775001525878906,43.849998474121094,0,0.0,0.0,0.0
2023-04-18 10:30:00-04:00,43.81999969482422,43.830101013183594,43.75,43.79999923706055,2936,0.0,0.0,0.0
2023-04-18 11:30:00-04:00,43.7599983215332,43.779998779296875,43.7599983215332,43.779998779296875,1540,0.0,0.0,0.0
2023-04-18 12:30:00-04:00,43.790000915527344,43.790000915527344,43.790000915527344,43.790000915527344,111,0.0,0.0,0.0
2023-04-18 13:30:00-04:00,43.77000045776367,43.779998779296875,43.77000045776367,43.779998779296875,1537,0.0,0.0,0.0
2023-04-18 14:30:00-04:00,43.740501403808594,43.810001373291016,43.70000076293945,43.790000915527344,9739,0.0,0.0,0.0
2023-04-18 15:30:00-04:00,43.779998779296875,43.81999969482422,43.77000045776367,43.81999969482422,2757,0.0,0.0,0.0
2023-04-19 09:30:00-04:00,43.47999954223633,43.47999954223633,43.375,43.375,0,0.0,0.0,0.0
2023-04-19 10:30:00-04:00,43.52000045776367,43.52000045776367,43.47100067138672,43.4900016784668,1348,0.0,0.0,0.0
2023-04-19 11:30:00-04:00,43.45090103149414,43.52000045776367,43.45090103149414,43.52000045776367,1634,0.0,0.0,0.0
2023-04-19 12:30:00-04:00,43.52000045776367,43.560001373291016,43.49440002441406,43.5099983215332,1238,0.0,0.0,0.0
2023-04-19 13:30:00-04:00,43.52000045776367,43.529998779296875,43.5099983215332,43.529998779296875,9344,0.0,0.0,0.0
2023-04-19 14:30:00-04:00,43.51499938964844,43.52000045776367,43.47999954223633,43.5099983215332,5966,0.0,0.0,0.0
2023-04-19 15:30:00-04:00,43.48500061035156,43.5099983215332,43.452999114990234,43.5,1100,0.0,0.0,0.0
2023-04-20 09:30:00-04:00,43.400001525878906,43.560001373291016,43.400001525878906,43.54999923706055,0,0.0,0.0,0.0
2023-04-20 10:30:00-04:00,43.5,43.52399826049805,43.43000030517578,43.45000076293945,3349,0.0,0.0,0.0
2023-04-20 11:30:00-04:00,43.470001220703125,43.4900016784668,43.33000183105469,43.43000030517578,3288,0.0,0.0,0.0
2023-04-20 12:30:00-04:00,43.400001525878906,43.470001220703125,43.400001525878906,43.45000076293945,982,0.0,0.0,0.0
2023-04-20 13:30:00-04:00,43.4900016784668,43.4900016784668,43.400001525878906,43.41999816894531,1513,0.0,0.0,0.0
2023-04-20 14:30:00-04:00,43.369998931884766,43.369998931884766,43.2599983215332,43.29999923706055,4899,0.0,0.0,0.0
2023-04-20 15:30:00-04:00,43.19559860229492,43.400001525878906,43.19559860229492,43.400001525878906,0,0.0,0.0,0.0
2023-04-21 09:30:00-04:00,42.94990158081055,42.97999954223633,42.720001220703125,42.97999954223633,3354,0.0,0.0,0.0
2023-04-21 10:30:00-04:00,42.95000076293945,42.95000076293945,42.81999969482422,42.869998931884766,2447,0.0,0.0,0.0
2023-04-21 11:30:00-04:00,42.89500045776367,42.93000030517578,42.88669967651367,42.89500045776367,4618,0.0,0.0,0.0
2023-04-21 12:30:00-04:00,42.89500045776367,42.91899871826172,42.880001068115234,42.9182014465332,2992,0.0,0.0,0.0
2023-04-21 13:30:00-04:00,42.89500045776367,42.97999954223633,42.89500045776367,42.95500183105469,3009,0.0,0.0,0.0
2023-04-21 14:30:00-04:00,42.959999084472656,42.959999084472656,42.869998931884766,42.90999984741211,12876,0.0,0.0,0.0
2023-04-21 15:30:00-04:00,42.93980026245117,42.959999084472656,42.93980026245117,42.959999084472656,0,0.0,0.0,0.0
2023-04-24 09:30:00-04:00,42.970001220703125,43.0099983215332,42.917198181152344,43.0099983215332,4348,0.0,0.0,0.0
2023-04-24 10:30:00-04:00,42.959999084472656,42.959999084472656,42.88999938964844,42.88999938964844,1805,0.0,0.0,0.0
2023-04-24 11:30:00-04:00,42.869998931884766,42.90489959716797,42.869998931884766,42.90489959716797,2776,0.0,0.0,0.0
2023-04-24 12:30:00-04:00,42.852699279785156,42.92900085449219,42.852699279785156,42.92900085449219,2390,0.0,0.0,0.0
2023-04-24 13:30:00-04:00,42.93000030517578,42.970001220703125,42.89250183105469,42.970001220703125,2344,0.0,0.0,0.0
2023-04-24 14:30:00-04:00,42.959999084472656,42.970001220703125,42.91310119628906,42.970001220703125,0,0.0,0.0,0.0
2023-04-24 15:30:00-04:00,42.88999938964844,42.9900016784668,42.88999938964844,42.97999954223633,0,0.0,0.0,0.0
2023-04-25 09:30:00-04:00,42.47999954223633,42.4900016784668,42.310001373291016,42.31990051269531,23704,0.0,0.0,0.0
2023-04-25 10:30:00-04:00,42.25899887084961,42.369998931884766,42.25899887084961,42.34280014038086,3512,0.0,0.0,0.0
2023-04-25 11:30:00-04:00,42.31060028076172,42.349998474121094,42.26100158691406,42.29999923706055,7706,0.0,0.0,0.0
2023-04-25 12:30:00-04:00,42.22999954223633,42.29999923706055,42.08060073852539,42.08060073852539,6968,0.0,0.0,0.0
2023-04-25 13:30:00-04:00,42.150001525878906,42.20000076293945,42.11000061035156,42.20000076293945,1929,0.0,0.0,0.0
2023-04-25 14:30:00-04:00,42.20000076293945,42.20000076293945,42.15999984741211,42.185001373291016,2407,0.0,0.0,0.0
2023-04-25 15:30:00-04:00,42.19499969482422,42.22999954223633,42.19499969482422,42.20000076293945,7135,0.0,0.0,0.0
2023-04-26 09:30:00-04:00,42.68000030517578,42.68000030517578,42.529998779296875,42.529998779296875,0,0.0,0.0,0.0
2023-04-26 11:30:00-04:00,42.54999923706055,42.61000061035156,42.54999923706055,42.61000061035156,722,0.0,0.0,0.0
2023-04-26 12:30:00-04:00,42.575599670410156,42.619998931884766,42.52000045776367,42.52000045776367,2175,0.0,0.0,0.0
2023-04-26 13:30:00-04:00,42.534400939941406,42.534400939941406,42.38999938964844,42.5,3346,0.0,0.0,0.0
2023-04-26 14:30:00-04:00,42.44960021972656,42.4900016784668,42.38999938964844,42.43579864501953,7284,0.0,0.0,0.0
2023-04-26 15:30:00-04:00,42.43000030517578,42.47999954223633,42.349998474121094,42.470001220703125,1613,0.0,0.0,0.0
2023-04-27 09:30:00-04:00,42.650001525878906,42.752899169921875,42.650001525878906,42.752899169921875,0,0.0,0.0,0.0
2023-04-27 10:30:00-04:00,42.720001220703125,42.773101806640625,42.720001220703125,42.773101806640625,2146,0.0,0.0,0.0
2023-04-27 11:30:00-04:00,42.79999923706055,42.79999923706055,42.79999923706055,42.79999923706055,551,0.0,0.0,0.0
2023-04-27 12:30:00-04:00,42.84000015258789,42.84000015258789,42.84000015258789,42.84000015258789,660,0.0,0.0,0.0
2023-04-27 13:30:00-04:00,42.88999938964844,42.959999084472656,42.88999938964844,42.91999816894531,3899,0.0,0.0,0.0
2023-04-27 14:30:00-04:00,42.95500183105469,42.999900817871094,42.93299865722656,42.96500015258789,3016,0.0,0.0,0.0
2023-04-27 15:30:00-04:00,42.93009948730469,42.9994010925293,42.93009948730469,42.96989822387695,0,0.0,0.0,0.0
2023-04-28 09:30:00-04:00,42.9900016784668,43.0,42.94499969482422,43.0,1400,0.0,0.0,0.0
2023-04-28 10:30:00-04:00,43.189998626708984,43.189998626708984,43.04999923706055,43.06999969482422,2383,0.0,0.0,0.0
2023-04-28 11:30:00-04:00,43.18000030517578,43.18000030517578,43.100101470947266,43.150001525878906,3105,0.0,0.0,0.0
2023-04-28 12:30:00-04:00,43.157501220703125,43.209999084472656,43.15250015258789,43.209999084472656,1342,0.0,0.0,0.0
2023-04-28 13:30:00-04:00,43.133399963378906,43.21500015258789,43.133399963378906,43.21500015258789,915,0.0,0.0,0.0
2023-04-28 14:30:00-04:00,43.18000030517578,43.20000076293945,43.15999984741211,43.160099029541016,2850,0.0,0.0,0.0
2023-04-28 15:30:00-04:00,43.15999984741211,43.209999084472656,43.119998931884766,43.119998931884766,4510,0.0,0.0,0.0
2023-05-01 09:30:00-04:00,43.189998626708984,43.334999084472656,43.154998779296875,43.154998779296875,0,0.0,0.0,0.0
2023-05-01 10:30:00-04:00,43.18000030517578,43.189998626708984,43.136199951171875,43.136199951171875,4175,0.0,0.0,0.0
2023-05-01 11:30:00-04:00,43.13819885253906,43.13819885253906,43.12009811401367,43.130001068115234,5323,0.0,0.0,0.0
2023-05-01 12:30:00-04:00,43.130001068115234,43.130001068115234,43.12519836425781,43.129798889160156,790,0.0,0.0,0.0
2023-05-01 13:30:00-04:00,43.125,43.16019821166992,43.060001373291016,43.06999969482422,22107,0.0,0.0,0.0
2023-05-01 14:30:00-04:00,43.060001373291016,43.119998931884766,43.0,43.0,11266,0.0,0.0,0.0
2023-05-01 15:30:00-04:00,43.0,43.02000045776367,42.970001220703125,43.0,4725,0.0,0.0,0.0
2023-05-02 09:30:00-04:00,42.9900016784668,42.9900016784668,42.79999923706055,42.84989929199219,0,0.0,0.0,0.0
2023-05-02 10:30:00-04:00,42.72999954223633,42.72999954223633,42.63999938964844,42.63999938964844,446,0.0,0.0,0.0
2023-05-02 11:30:00-04:00,42.63999938964844,42.720001220703125,42.63999938964844,42.720001220703125,885,0.0,0.0,0.0
2023-05-02 12:30:00-04:00,42.650001525878906,42.72740173339844,42.650001525878906,42.68349838256836,5004,0.0,0.0,0.0
2023-05-02 13:30:00-04:00,42.727500915527344,42.72999954223633,42.709999084472656,42.709999084472656,4431,0.0,0.0,0.0
2023-05-02 14:30:00-04:00,42.720001220703125,42.7599983215332,42.720001220703125,42.7599983215332,3910,0.0,0.0,0.0
2023-05-02 15:30:00-04:00,42.74580001831055,42.790000915527344,42.74580001831055,42.77000045776367,4076,0.0,0.0,0.0
2023-05-03 09:30:00-04:00,42.81269836425781,42.825801849365234,42.81269836425781,42.825801849365234,0,0.0,0.0,0.0
2023-05-03 10:30:00-04:00,42.849998474121094,42.912899017333984,42.849998474121094,42.912899017333984,479,0.0,0.0,0.0
2023-05-03 11:30:00-04:00,42.84600067138672,42.900001525878906,42.84600067138672,42.87620162963867,1869,0.0,0.0,0.0
2023-05-03 12:30:00-04:00,42.93899917602539,42.939998626708984,42.91999816894531,42.939998626708984,2764,0.0,0.0,0.0
2023-05-03 13:30:00-04:00,42.970001220703125,43.08039855957031,42.970001220703125,43.08039855957031,3587,0.0,0.0,0.0
2023-05-03 14:30:00-04:00,42.970001220703125,43.00899887084961,42.893798828125,42.893798828125,5581,0.0,0.0,0.0
2023-05-03 15:30:00-04:00,42.84000015258789,42.849998474121094,42.799800872802734,42.799800872802734,0,0.0,0.0,0.0
2023-05-04 09:30:00-04:00,43.060001373291016,43.269901275634766,43.060001373291016,43.15999984741211,5496,0.0,0.0,0.0
2023-05-04 10:30:00-04:00,43.130001068115234,43.16999816894531,43.06010055541992,43.119998931884766,3871,0.0,0.0,0.0
2023-05-04 11:30:00-04:00,43.13999938964844,43.13999938964844,43.02009963989258,43.07720184326172,2819,0.0,0.0,0.0
2023-05-04 12:30:00-04:00,43.09700012207031,43.099998474121094,43.080101013183594,43.09000015258789,4875,0.0,0.0,0.0
2023-05-04 13:30:00-04:00,43.209999084472656,43.209999084472656,43.113399505615234,43.113399505615234,891,0.0,0.0,0.0
2023-05-04 14:30:00-04:00,43.220001220703125,43.220001220703125,43.130001068115234,43.130001068115234,3425,0.0,0.0,0.0
2023-05-04 15:30:00-04:00,43.165000915527344,43.18840026855469,43.165000915527344,43.16999816894531,846,0.0,0.0,0.0
2023-05-05 09:30:00-04:00,43.13999938964844,43.34749984741211,43.13999938964844,43.34749984741211,0,0.0,0.0,0.0
2023-05-05 10:30:00-04:00,43.35070037841797,43.400001525878906,43.336700439453125,43.380001068115234,3216,0.0,0.0,0.0
2023-05-05 11:30:00-04:00,43.45000076293945,43.5,43.40999984741211,43.40999984741211,2477,0.0,0.0,0.0
2023-05-05 12:30:00-04:00,43.474998474121094,43.48400115966797,43.474998474121094,43.48400115966797,413,0.0,0.0,0.0
2023-05-05 13:30:00-04:00,43.529998779296875,43.540000915527344,43.47999954223633,43.540000915527344,1625,0.0,0.0,0.0
2023-05-05 14:30:00-04:00,43.59000015258789,43.650001525878906,43.5099983215332,43.61000061035156,2569,0.0,0.0,0.0
2023-05-05 15:30:00-04:00,43.595001220703125,43.595001220703125,43.595001220703125,43.595001220703125,261,0.0,0.0,0.0
2023-05-08 09:30:00-04:00,43.790000915527344,43.79999923706055,43.70000076293945,43.70000076293945,7176,0.0,0.0,0.0
2023-05-08 10:30:00-04:00,43.685001373291016,43.720001220703125,43.685001373291016,43.69340133666992,1434,0.0,0.0,0.0
2023-05-08 11:30:00-04:00,43.66749954223633,43.685001373291016,43.66749954223633,43.685001373291016,1179,0.0,0.0,0.0
2023-05-08 12:30:00-04:00,43.68000030517578,43.70000076293945,43.68000030517578,43.70000076293945,710,0.0,0.0,0.0
2023-05-08 13:30:00-04:00,43.68000030517578,43.70000076293945,43.60279846191406,43.630001068115234,3526,0.0,0.0,0.0
2023-05-08 14:30:00-04:00,43.630001068115234,43.709999084472656,43.630001068115234,43.70989990234375,2401,0.0,0.0,0.0
2023-05-08 15:30:00-04:00,43.70000076293945,43.70000076293945,43.67499923706055,43.67499923706055,882,0.0,0.0,0.0
2023-05-09 09:30:00-04:00,43.279998779296875,43.40999984741211,43.2577018737793,43.349998474121094,0,0.0,0.0,0.0
2023-05-09 10:30:00-04:00,43.349998474121094,43.36000061035156,43.349998474121094,43.35150146484375,3439,0.0,0.0,0.0
2023-05-09 11:30:00-04:00,43.29999923706055,43.38999938964844,43.29999923706055,43.38999938964844,1083,0.0,0.0,0.0
2023-05-09 12:30:00-04:00,43.380001068115234,43.380001068115234,43.380001068115234,43.380001068115234,196,0.0,0.0,0.0
2023-05-09 13:30:00-04:00,43.400001525878906,43.43000030517578,43.37200164794922,43.37200164794922,2830,0.0,0.0,0.0
2023-05-09 14:30:00-04:00,43.41899871826172,43.41899871826172,43.369998931884766,43.369998931884766,2510,0.0,0.0,0.0
2023-05-09 15:30:00-04:00,43.40999984741211,43.40999984741211,43.380001068115234,43.40999984741211,0,0.0,0.0,0.0
2023-05-10 09:30:00-04:00,43.56829833984375,43.56829833984375,43.43000030517578,43.470001220703125,4899,0.0,0.0,0.0
2023-05-10 10:30:00-04:00,43.45000076293945,43.45000076293945,43.369998931884766,43.369998931884766,0,0.0,0.0,0.0
2023-05-10 11:30:00-04:00,43.38999938964844,43.400001525878906,43.38999938964844,43.400001525878906,6648,0.0,0.0,0.0
2023-05-10 12:30:00-04:00,43.349998474121094,43.349998474121094,43.3390007019043,43.3390007019043,1892,0.0,0.0,0.0
2023-05-10 13:30:00-04:00,43.27000045776367,43.3650016784668,43.24919891357422,43.3650016784668,815,0.0,0.0,0.0
2023-05-10 14:30:00-04:00,43.4109992980957,43.52000045776367,43.39870071411133,43.52000045776367,15537,0.0,0.0,0.0
2023-05-10 15:30:00-04:00,43.5099983215332,43.52000045776367,43.5,43.5,704,0.0,0.0,0.0
2023-05-11 09:30:00-04:00,43.02000045776367,43.02000045776367,42.880001068115234,42.880001068115234,0,0.0,0.0,0.0
2023-05-11 10:30:00-04:00,42.8583984375,42.904998779296875,42.8583984375,42.904998779296875,572,0.0,0.0,0.0
2023-05-11 11:30:00-04:00,42.96900177001953,42.96900177001953,42.90999984741211,42.90999984741211,675,0.0,0.0,0.0
2023-05-11 12:30:00-04:00,43.07699966430664,43.07699966430664,43.07699966430664,43.07699966430664,278,0.0,0.0,0.0
2023-05-11 13:30:00-04:00,43.06990051269531,43.06990051269531,43.02000045776367,43.06930160522461,720,0.0,0.0,0.0
2023-05-11 14:30:00-04:00,43.08829879760742,43.15829849243164,43.086700439453125,43.14830017089844,5686,0.0,0.0,0.0
2023-05-11 15:30:00-04:00,43.130001068115234,43.130001068115234,43.130001068115234,43.130001068115234,552,0.0,0.0,0.0
2023-05-12 09:30:00-04:00,42.72999954223633,42.7599983215332,42.71500015258789,42.71500015258789,0,0.0,0.0,0.0
2023-05-12 10:30:00-04:00,42.70500183105469,42.70500183105469,42.630001068115234,42.630001068115234,1140,0.0,0.0,0.0
2023-05-12 11:30:00-04:00,42.622398376464844,42.622398376464844,42.56869888305664,42.56869888305664,1350,0.0,0.0,0.0
2023-05-12 12:30:00-04:00,42.56999969482422,42.58000183105469,42.56999969482422,42.58000183105469,3467,0.0,0.0,0.0
2023-05-12 13:30:00-04:00,42.56999969482422,42.56999969482422,42.54499816894531,42.54999923706055,5289,0.0,0.0,0.0
2023-05-12 14:30:00-04:00,42.58000183105469,42.58000183105469,42.54999923706055,42.57749938964844,2383,0.0,0.0,0.0
2023-05-12 15:30:00-04:00,42.58000183105469,42.63999938964844,42.579898834228516,42.63999938964844,3127,0.0,0.0,0.0
2023-05-15 09:30:00-04:00,42.83000183105469,42.904998779296875,42.81019973754883,42.904998779296875,0,0.0,0.0,0.0
2023-05-15 10:30:00-04:00,43.0,43.116798400878906,43.0,43.10499954223633,947,0.0,0.0,0.0
2023-05-15 11:30:00-04:00,43.138999938964844,43.138999938964844,43.10449981689453,43.130001068115234,605,0.0,0.0,0.0
2023-05-15 12:30:00-04:00,43.130001068115234,43.2400016784668,43.119998931884766,43.192501068115234,6778,0.0,0.0,0.0
2023-05-15 13:30:00-04:00,43.150001525878906,43.220001220703125,43.150001525878906,43.21500015258789,1190,0.0,0.0,0.0
2023-05-15 14:30:00-04:00,43.25,43.27000045776367,43.20000076293945,43.25389862060547,2543,0.0,0.0,0.0
2023-05-15 15:30:00-04:00,43.25,43.279998779296875,43.209999084472656,43.209999084472656,2264,0.0,0.0,0.0
2023-05-16 09:30:00-04:00,42.83000183105469,43.01860046386719,42.7400016784668,42.849998474121094,0,0.0,0.0,0.0
2023-05-16 10:30:00-04:00,42.900001525878906,42.93989944458008,42.88999938964844,42.93989944458008,2661,0.0,0.0,0.0
2023-05-16 11:30:00-04:00,42.88999938964844,42.89929962158203,42.880001068115234,42.89929962158203,4314,0.0,0.0,0.0
2023-05-16 12:30:00-04:00,42.86000061035156,42.869998931884766,42.86000061035156,42.869998931884766,761,0.0,0.0,0.0
2023-05-16 13:30:00-04:00,42.81999969482422,42.81999969482422,42.79999923706055,42.79999923706055,2182,0.0,0.0,0.0
2023-05-16 14:30:00-04:00,42.834999084472656,42.84000015258789,42.83000183105469,42.84000015258789,2562,0.0,0.0,0.0
2023-05-16 15:30:00-04:00,42.78889846801758,42.84000015258789,42.779998779296875,42.84000015258789,2046,0.0,0.0,0.0
2023-05-17 09:30:00-04:00,42.79999923706055,42.79999923706055,42.58000183105469,42.64780044555664,0,0.0,0.0,0.0
2023-05-17 11:30:00-04:00,42.75,42.790000915527344,42.68000030517578,42.790000915527344,813,0.0,0.0,0.0
2023-05-17 12:30:00-04:00,42.900001525878906,42.900001525878906,42.8849983215332,42.8849983215332,320,0.0,0.0,0.0
2023-05-17 13:30:00-04:00,42.880001068115234,42.93000030517578,42.84400177001953,42.84400177001953,1833,0.0,0.0,0.0
2023-05-17 14:30:00-04:00,42.88999938964844,42.999000549316406,42.84000015258789,42.88999938964844,13424,0.0,0.0,0.0
2023-05-17 15:30:00-04:00,42.869998931884766,42.920501708984375,42.869998931884766,42.91569900512695,4121,0.0,0.0,0.0
2023-05-18 09:30:00-04:00,42.7400016784668,42.7400016784668,42.584999084472656,42.5900993347168,0,0.0,0.0,0.0
2023-05-18 10:30:00-04:00,42.7599983215332,42.7599983215332,42.690101623535156,42.708900451660156,2868,0.0,0.0,0.0
2023-05-18 11:30:00-04:00,42.724998474121094,42.78990173339844,42.689998626708984,42.70000076293945,4036,0.0,0.0,0.0
2023-05-18 12:30:00-04:00,42.660400390625,42.695701599121094,42.650001525878906,42.650001525878906,1096,0.0,0.0,0.0
2023-05-18 13:30:00-04:00,42.63999938964844,42.71950149536133,42.63999938964844,42.71950149536133,819,0.0,0.0,0.0
2023-05-18 14:30:00-04:00,42.64350128173828,42.790000915527344,42.64350128173828,42.790000915527344,3657,0.0,0.0,0.0
2023-05-19 09:30:00-04:00,42.790000915527344,42.91999816894531,42.790000915527344,42.86000061035156,6658,0.0,0.0,0.0
2023-05-19 10:30:00-04:00,42.81999969482422,42.88999938964844,42.7599983215332,42.7599983215332,2957,0.0,0.0,0.0
2023-05-19 11:30:00-04:00,42.82870101928711,42.83000183105469,42.78179931640625,42.81999969482422,4100,0.0,0.0,0.0
2023-05-19 12:30:00-04:00,42.810001373291016,42.810001373291016,42.790000915527344,42.79999923706055,2718,0.0,0.0,0.0
2023-05-19 13:30:00-04:00,42.84000015258789,42.84000015258789,42.790000915527344,42.79999923706055,1228,0.0,0.0,0.0
2023-05-19 14:30:00-04:00,42.79999923706055,42.82500076293945,42.760101318359375,42.79999923706055,16086,0.0,0.0,0.0
2023-05-19 15:30:00-04:00,42.790000915527344,42.86000061035156,42.790000915527344,42.86000061035156,0,0.0,0.0,0.0
2023-05-22 09:30:00-04:00,43.130001068115234,43.2599983215332,43.130001068115234,43.2599983215332,3109,0.0,0.0,0.0
2023-05-22 10:30:00-04:00,43.189998626708984,43.22990036010742,43.130001068115234,43.16999816894531,1451,0.0,0.0,0.0
2023-05-22 11:30:00-04:00,43.16999816894531,43.18000030517578,43.130001068115234,43.16640090942383,1223,0.0,0.0,0.0
2023-05-22 12:30:00-04:00,43.11069869995117,43.179901123046875,43.11069869995117,43.179901123046875,721,0.0,0.0,0.0
2023-05-22 13:30:00-04:00,43.19499969482422,43.21500015258789,43.17499923706055,43.17499923706055,982,0.0,0.0,0.0
2023-05-22 14:30:00-04:00,43.20000076293945,43.20989990234375,43.15999984741211,43.15999984741211,11972,0.0,0.0,0.0
2023-05-22 15:30:00-04:00,43.150001525878906,43.15850067138672,43.130001068115234,43.13079833984375,7124,0.0,0.0,0.0
2023-05-23 09:30:00-04:00,42.869998931884766,42.91999816894531,42.82360076904297,42.88740158081055,0,0.0,0.0,0.0
2023-05-23 10:30:00-04:00,42.87630081176758,42.939998626708984,42.87630081176758,42.88999938964844,3328,0.0,0.0,0.0
2023-05-23 11:30:00-04:00,42.912601470947266,42.939998626708984,42.869998931884766,42.869998931884766,1172,0.0,0.0,0.0
2023-05-23 12:30:00-04:00,42.8650016784668,42.8650016784668,42.81999969482422,42.86000061035156,1192,0.0,0.0,0.0
2023-05-23 13:30:00-04:00,42.80500030517578,42.80500030517578,42.675899505615234,42.675899505615234,2788,0.0,0.0,0.0
2023-05-23 14:30:00-04:00,42.66999816894531,42.70000076293945,42.650001525878906,42.650001525878906,4131,0.0,0.0,0.0
2023-05-23 15:30:00-04:00,42.6682014465332,42.6682014465332,42.6150016784668,42.630001068115234,746,0.0,0.0,0.0
2023-05-24 09:30:00-04:00,42.599998474121094,42.599998474121094,42.45840072631836,42.459999084472656,0,0.0,0.0,0.0
2023-05-24 10:30:00-04:00,42.43000030517578,42.43000030517578,42.290000915527344,42.354698181152344,1353,0.0,0.0,0.0
2023-05-24 11:30:00-04:00,42.40999984741211,42.40999984741211,42.349998474121094,42.36000061035156,2912,0.0,0.0,0.0
2023-05-24 12:30:00-04:00,42.369998931884766,42.40999984741211,42.369998931884766,42.40679931640625,3516,0.0,0.0,0.0
2023-05-24 13:30:00-04:00,42.39899826049805,42.40999984741211,42.373199462890625,42.380001068115234,0,0.0,0.0,0.0
2023-05-24 14:30:00-04:00,42.36989974975586,42.380001068115234,42.3650016784668,42.3650016784668,14705,0.0,0.0,0.0
2023-05-24 15:30:00-04:00,42.42509841918945,42.42509841918945,42.380001068115234,42.38100051879883,0,0.0,0.0,0.0
2023-05-25 09:30:00-04:00,42.41999816894531,42.41999816894531,42.25,42.25,1378,0.0,0.0,0.0
2023-05-25 10:30:00-04:00,42.22999954223633,42.26499938964844,42.22999954223633,42.23500061035156,1611,0.0,0.0,0.0
2023-05-25 11:30:00-04:00,42.220001220703125,42.220001220703125,42.11000061035156,42.189998626708984,1867,0.0,0.0,0.0
2023-05-25 12:30:00-04:00,42.189998626708984,42.2400016784668,42.185001373291016,42.2400016784668,1542,0.0,0.0,0.0
2023-05-25 13:30:00-04:00,42.2400016784668,42.25,42.20000076293945,42.23609924316406,2309,0.0,0.0,0.0
2023-05-25 14:30:00-04:00,42.20000076293945,42.20500183105469,42.166099548339844,42.20500183105469,5495,0.0,0.0,0.0
2023-05-25 15:30:00-04:00,42.19900131225586,42.19900131225586,42.172000885009766,42.189998626708984,1912,0.0,0.0,0.0
2023-05-26 09:30:00-04:00,42.439998626708984,42.599998474121094,42.439998626708984,42.599998474121094,0,0.0,0.0,0.0
2023-05-26 10:30:00-04:00,42.650001525878906,42.709999084472656,42.61000061035156,42.61520004272461,8347,0.0,0.0,0.0
2023-05-26 11:30:00-04:00,42.61000061035156,42.650001525878906,42.61000061035156,42.650001525878906,4273,0.0,0.0,0.0
2023-05-26 12:30:00-04:00,42.66999816894531,42.70000076293945,42.66999816894531,42.68000030517578,2841,0.0,0.0,0.0
2023-05-26 13:30:00-04:00,42.689998626708984,42.689998626708984,42.66999816894531,42.689998626708984,2557,0.0,0.0,0.0
2023-05-26 14:30:00-04:00,42.70000076293945,42.72999954223633,42.63399887084961,42.720001220703125,6369,0.0,0.0,0.0
2023-05-26 15:30:00-04:00,42.71989822387695,42.71989822387695,42.679901123046875,42.68000030517578,2398,0.0,0.0,0.0
2023-05-30 09:30:00-04:00,42.650001525878906,42.650001525878906,42.400001525878906,42.400001525878906,0,0.0,0.0,0.0
2023-05-30 10:30:00-04:00,42.32640075683594,42.36000061035156,42.25960159301758,42.25960159301758,2685,0.0,0.0,0.0
2023-05-30 11:30:00-04:00,42.2599983215332,42.279998779296875,42.25,42.27000045776367,5789,0.0,0.0,0.0
2023-05-30 12:30:00-04:00,42.27949905395508,42.27949905395508,42.209999084472656,42.209999084472656,8683,0.0,0.0,0.0
2023-05-30 13:30:00-04:00,42.134498596191406,42.134498596191406,42.099998474121094,42.099998474121094,1061,0.0,0.0,0.0
2023-05-30 14:30:00-04:00,42.27479934692383,42.27479934692383,42.25,42.25,1465,0.0,0.0,0.0
2023-05-30 15:30:00-04:00,42.25,42.29999923706055,42.25,42.29999923706055,985,0.0,0.0,0.0
2023-05-31 09:30:00-04:00,42.130001068115234,42.130001068115234,41.9900016784668,41.9900016784668,0,0.0,0.0,0.0
2023-05-31 10:30:00-04:00,41.86000061035156,41.880001068115234,41.77000045776367,41.77000045776367,1390,0.0,0.0,0.0
2023-05-31 11:30:00-04:00,41.775001525878906,41.775001525878906,41.77000045776367,41.775001525878906,2169,0.0,0.0,0.0
2023-05-31 12:30:00-04:00,41.75120162963867,41.86989974975586,41.75120162963867,41.86989974975586,1752,0.0,0.0,0.0
2023-05-31 13:30:00-04:00,41.93000030517578,42.059898376464844,41.90999984741211,42.059898376464844,2904,0.0,0.0,0.0
2023-05-31 14:30:00-04:00,42.040000915527344,42.040000915527344,41.98059844970703,41.9900016784668,1785,0.0,0.0,0.0
2023-05-31 15:30:00-04:00,42.04999923706055,42.06999969482422,42.00210189819336,42.00210189819336,1875,0.0,0.0,0.0
2023-06-01 09:30:00-04:00,42.11000061035156,42.290000915527344,42.11000061035156,42.24829864501953,0,0.0,0.0,0.0
2023-06-01 10:30:00-04:00,42.25,42.53990173339844,42.25,42.53990173339844,2457,0.0,0.0,0.0
2023-06-01 11:30:00-04:00,42.47999954223633,42.599998474121094,42.47999954223633,42.599998474121094,1208,0.0,0.0,0.0
2023-06-01 12:30:00-04:00,42.63520050048828,42.63520050048828,42.560001373291016,42.56039810180664,4794,0.0,0.0,0.0
2023-06-01 13:30:00-04:00,42.598899841308594,42.598899841308594,42.54999923706055,42.54999923706055,2251,0.0,0.0,0.0
2023-06-01 14:30:00-04:00,42.58000183105469,42.66780090332031,42.57500076293945,42.59000015258789,3449,0.0,0.0,0.0
2023-06-01 15:30:00-04:00,42.59000015258789,42.5900993347168,42.54999923706055,42.56999969482422,3173,0.0,0.0,0.0
2023-06-02 09:30:00-04:00,43.150001525878906,43.27000045776367,43.150001525878906,43.220001220703125,0,0.0,0.0,0.0
2023-06-02 10:30:00-04:00,43.31999969482422,43.31999969482422,43.31999969482422,43.31999969482422,11114,0.0,0.0,0.0
2023-06-02 11:30:00-04:00,43.33420181274414,43.34000015258789,43.33420181274414,43.34000015258789,1068,0.0,0.0,0.0
2023-06-02 12:30:00-04:00,43.34000015258789,43.34000015258789,43.310001373291016,43.310001373291016,3739,0.0,0.0,0.0
2023-06-02 13:30:00-04:00,43.369998931884766,43.369998931884766,43.36000061035156,43.361698150634766,765,0.0,0.0,0.0
2023-06-02 14:30:00-04:00,43.36000061035156,43.39619827270508,43.36000061035156,43.37990188598633,1756,0.0,0.0,0.0
2023-06-02 15:30:00-04:00,43.310001373291016,43.34000015258789,43.3025016784668,43.34000015258789,1136,0.0,0.0,0.0
2023-06-05 09:30:00-04:00,43.27000045776367,43.29999923706055,43.175498962402344,43.25,0,0.0,0.0,0.0
2023-06-05 10:30:00-04:00,43.23500061035156,43.23500061035156,43.13999938964844,43.15999984741211,15239,0.0,0.0,0.0
2023-06-05 11:30:00-04:00,43.21500015258789,43.27000045776367,43.186100006103516,43.27000045776367,3074,0.0,0.0,0.0
2023-06-05 12:30:00-04:00,43.31650161743164,43.31650161743164,43.31650161743164,43.31650161743164,303,0.0,0.0,0.0
2023-06-05 13:30:00-04:00,43.368900299072266,43.36899948120117,43.29999923706055,43.35649871826172,4366,0.0,0.0,0.0
2023-06-05 14:30:00-04:00,43.29999923706055,43.361698150634766,43.29999923706055,43.34000015258789,5236,0.0,0.0,0.0
2023-06-05 15:30:00-04:00,43.36669921875,43.36669921875,43.290000915527344,43.290000915527344,0,0.0,0.0,0.0
2023-06-06 09:30:00-04:00,43.2400016784668,43.31999969482422,43.2400016784668,43.31999969482422,1048,0.0,0.0,0.0
2023-06-06 10:30:00-04:00,43.45650100708008,43.61690139770508,43.45650100708008,43.61000061035156,2358,0.0,0.0,0.0
2023-06-06 11:30:00-04:00,43.724998474121094,43.7400016784668,43.724998474121094,43.7400016784668,1030,0.0,0.0,0.0
2023-06-06 12:30:00-04:00,43.68349838256836,43.71500015258789,43.68000030517578,43.709999084472656,1232,0.0,0.0,0.0
2023-06-06 13:30:00-04:00,43.739898681640625,43.75,43.68000030517578,43.75,3509,0.0,0.0,0.0
2023-06-06 14:30:00-04:00,43.779998779296875,43.779998779296875,43.7400016784668,43.75,2058,0.0,0.0,0.0
2023-06-06 15:30:00-04:00,43.76409912109375,43.81999969482422,43.7400016784668,43.7400016784668,0,0.0,0.0,0.0
2023-06-07 09:30:00-04:00,43.790000915527344,43.86000061035156,43.790000915527344,43.86000061035156,1653,0.0,0.0,0.0
2023-06-07 10:30:00-04:00,43.79999923706055,43.79999923706055,43.72999954223633,43.72999954223633,878,0.0,0.0,0.0
2023-06-07 11:30:00-04:00,43.720001220703125,43.720001220703125,43.68000030517578,43.689998626708984,3548,0.0,0.0,0.0
2023-06-07 12:30:00-04:00,43.68000030517578,43.70000076293945,43.63999938964844,43.63999938964844,4773,0.0,0.0,0.0
2023-06-07 13:30:00-04:00,43.619998931884766,43.70000076293945,43.560001373291016,43.58000183105469,1523,0.0,0.0,0.0
2023-06-07 14:30:00-04:00,43.61000061035156,43.667999267578125,43.61000061035156,43.619998931884766,2391,0.0,0.0,0.0
2023-06-07 15:30:00-04:00,43.619998931884766,43.619998931884766,43.58000183105469,43.61000061035156,0,0.0,0.0,0.0
2023-06-08 09:30:00-04:00,43.619998931884766,43.810001373291016,43.619998931884766,43.810001373291016,65129,0.0,0.0,0.0
2023-06-08 10:30:00-04:00,43.810001373291016,43.88990020751953,43.80569839477539,43.880001068115234,10001,0.0,0.0,0.0
2023-06-08 11:30:00-04:00,43.900001525878906,43.90359878540039,43.900001525878906,43.90359878540039,663,0.0,0.0,0.0
2023-06-08 12:30:00-04:00,43.92729949951172,43.95000076293945,43.91999816894531,43.95000076293945,7555,0.0,0.0,0.0
2023-06-08 13:30:00-04:00,43.97330093383789,43.97330093383789,43.869998931884766,43.880001068115234,2833,0.0,0.0,0.0
2023-06-08 14:30:00-04:00,43.970001220703125,44.019901275634766,43.970001220703125,43.99319839477539,1553,0.0,0.0,0.0
2023-06-08 15:30:00-04:00,43.959999084472656,43.99620056152344,43.959999084472656,43.959999084472656,1815,0.0,0.0,0.0
2023-06-09 09:30:00-04:00,44.13999938964844,44.2400016784668,44.13999938964844,44.2400016784668,0,0.0,0.0,0.0
2023-06-09 10:30:00-04:00,44.16999816894531,44.18000030517578,44.16999816894531,44.16999816894531,1691,0.0,0.0,0.0
2023-06-09 11:30:00-04:00,44.11009979248047,44.189998626708984,44.11009979248047,44.189998626708984,1244,0.0,0.0,0.0
2023-06-09 12:30:00-04:00,44.130001068115234,44.130001068115234,44.11000061035156,44.130001068115234,1050,0.0,0.0,0.0
2023-06-09 13:30:00-04:00,44.15999984741211,44.189998626708984,44.144500732421875,44.144500732421875,1658,0.0,0.0,0.0
2023-06-09 14:30:00-04:00,44.150001525878906,44.150001525878906,44.125,44.13100051879883,2542,0.0,0.0,0.0
2023-06-09 15:30:00-04:00,44.125,44.189998626708984,44.125,44.189998626708984,1089,0.0,0.0,0.0
2023-06-12 09:30:00-04:00,44.130001068115234,44.130001068115234,44.024898529052734,44.025001525878906,0,0.0,0.0,0.0
2023-06-12 10:30:00-04:00,44.029998779296875,44.029998779296875,44.029998779296875,44.029998779296875,4964,0.0,0.0,0.0
2023-06-12 11:30:00-04:00,44.06930160522461,44.06999969482422,44.06930160522461,44.06999969482422,383,0.0,0.0,0.0
2023-06-12 12:30:00-04:00,44.06999969482422,44.084999084472656,44.06990051269531,44.08000183105469,1753,0.0,0.0,0.0
2023-06-12 13:30:00-04:00,44.08000183105469,44.08000183105469,44.08000183105469,44.08000183105469,282,0.0,0.0,0.0
2023-06-12 14:30:00-04:00,44.08190155029297,44.15999984741211,44.08000183105469,44.08000183105469,5438,0.0,0.0,0.0
2023-06-12 15:30:00-04:00,44.159000396728516,44.159000396728516,44.11090087890625,44.11090087890625,337,0.0,0.0,0.0
2023-06-13 09:30:00-04:00,44.540000915527344,44.540000915527344,44.5,44.5,0,0.0,0.0,0.0
2023-06-13 10:30:00-04:00,44.529998779296875,44.599998474121094,44.49250030517578,44.579898834228516,7541,0.0,0.0,0.0
2023-06-13 11:30:00-04:00,44.569698333740234,44.569698333740234,44.569698333740234,44.569698333740234,1661,0.0,0.0,0.0
2023-06-13 12:30:00-04:00,44.50749969482422,44.50749969482422,44.50749969482422,44.50749969482422,1053,0.0,0.0,0.0
2023-06-13 13:30:00-04:00,44.560001373291016,44.560001373291016,44.48720169067383,44.5099983215332,3347,0.0,0.0,0.0
2023-06-13 14:30:00-04:00,44.37799835205078,44.5099983215332,44.37799835205078,44.494998931884766,4702,0.0,0.0,0.0
2023-06-13 15:30:00-04:00,44.5,44.52000045776367,44.47249984741211,44.52000045776367,0,0.0,0.0,0.0
2023-06-14 09:30:00-04:00,44.56999969482422,46.470001220703125,44.56999969482422,44.810001373291016,8153,0.0,0.0,0.0
2023-06-14 10:30:00-04:00,44.7599983215332,44.79999923706055,44.7421989440918,44.790000915527344,918,0.0,0.0,0.0
2023-06-14 11:30:00-04:00,44.81159973144531,44.88999938964844,44.779998779296875,44.82400131225586,10526,0.0,0.0,0.0
2023-06-14 12:30:00-04:00,44.88999938964844,44.88999938964844,44.84000015258789,44.86240005493164,4798,0.0,0.0,0.0
2023-06-14 13:30:00-04:00,44.84000015258789,44.84000015258789,44.560001373291016,44.57500076293945,1217,0.0,0.0,0.0
2023-06-14 14:30:00-04:00,44.7400016784668,44.900001525878906,44.7400016784668,44.900001525878906,4686,0.0,0.0,0.0
2023-06-14 15:30:00-04:00,44.790000915527344,44.83000183105469,44.790000915527344,44.83000183105469,0,0.0,0.0,0.0
2023-06-15 09:30:00-04:00,44.91999816894531,44.999900817871094,44.86000061035156,44.935001373291016,2944,0.0,0.0,0.0
2023-06-15 10:30:00-04:00,44.93000030517578,44.93790054321289,44.93000030517578,44.93790054321289,639,0.0,0.0,0.0
2023-06-15 12:30:00-04:00,45.00130081176758,45.040000915527344,44.970001220703125,44.9995002746582,2512,0.0,0.0,0.0
2023-06-15 13:30:00-04:00,45.02050018310547,45.060001373291016,45.02050018310547,45.060001373291016,1495,0.0,0.0,0.0
2023-06-15 14:30:00-04:00,45.119998931884766,45.189998626708984,45.119998931884766,45.16999816894531,1134,0.0,0.0,0.0
2023-06-15 15:30:00-04:00,45.182498931884766,45.20000076293945,45.130001068115234,45.130001068115234,7498,0.0,0.0,0.0
2023-06-16 09:30:00-04:00,45.2599983215332,45.2599983215332,45.02000045776367,45.02000045776367,3895,0.0,0.0,0.0
2023-06-16 10:30:00-04:00,45.01679992675781,45.01679992675781,44.99789810180664,44.99789810180664,731,0.0,0.0,0.0
2023-06-16 11:30:00-04:00,44.97999954223633,44.989898681640625,44.902400970458984,44.902400970458984,4593,0.0,0.0,0.0
2023-06-16 12:30:00-04:00,45.04999923706055,45.06999969482422,44.98970031738281,44.98970031738281,852,0.0,0.0,0.0
2023-06-16 13:30:00-04:00,45.08000183105469,45.08000183105469,44.96739959716797,45.08000183105469,1878,0.0,0.0,0.0
2023-06-16 14:30:00-04:00,45.04999923706055,45.04999923706055,44.9989013671875,45.00310134887695,5125,0.0,0.0,0.0
2023-06-16 15:30:00-04:00,45.0343017578125,45.0343017578125,45.0343017578125,45.0343017578125,204,0.0,0.0,0.0
2023-06-20 09:30:00-04:00,44.09000015258789,44.150001525878906,43.88999938964844,43.88999938964844,43251,0.494,0.0,0.0
2023-06-20 10:30:00-04:00,43.86000061035156,43.900001525878906,43.86000061035156,43.880001068115234,1003,0.0,0.0,0.0
2023-06-20 11:30:00-04:00,43.869998931884766,43.869998931884766,43.845001220703125,43.845001220703125,1511,0.0,0.0,0.0
2023-06-20 12:30:00-04:00,43.849998474121094,43.9099006652832,43.849998474121094,43.9099006652832,2906,0.0,0.0,0.0
2023-06-20 13:30:00-04:00,43.892601013183594,43.89500045776367,43.86859893798828,43.86859893798828,6533,0.0,0.0,0.0
2023-06-20 14:30:00-04:00,43.89899826049805,43.89899826049805,43.834999084472656,43.834999084472656,20991,0.0,0.0,0.0
2023-06-20 15:30:00-04:00,43.900001525878906,43.93000030517578,43.80270004272461,43.880001068115234,11001,0.0,0.0,0.0
2023-06-21 09:30:00-04:00,43.72999954223633,43.7400016784668,43.66999816894531,43.7400016784668,0,0.0,0.0,0.0
2023-06-21 10:30:00-04:00,43.75279998779297,43.79999923706055,43.70000076293945,43.70000076293945,3037,0.0,0.0,0.0
2023-06-21 11:30:00-04:00,43.755001068115234,43.826698303222656,43.74259948730469,43.826698303222656,6206,0.0,0.0,0.0
2023-06-21 12:30:00-04:00,43.81999969482422,43.820899963378906,43.8129997253418,43.81999969482422,2593,0.0,0.0,0.0
2023-06-21 13:30:00-04:00,43.81999969482422,43.88800048828125,43.81010055541992,43.849998474121094,1717,0.0,0.0,0.0
2023-06-21 14:30:00-04:00,43.85770034790039,43.909000396728516,43.85770034790039,43.880001068115234,3939,0.0,0.0,0.0
2023-06-21 15:30:00-04:00,43.869998931884766,43.869998931884766,43.8578987121582,43.86000061035156,0,0.0,0.0,0.0
2023-06-22 09:30:00-04:00,43.619998931884766,43.689998626708984,43.61000061035156,43.65999984741211,3384,0.0,0.0,0.0
2023-06-22 10:30:00-04:00,43.619998931884766,43.650001525878906,43.59000015258789,43.630001068115234,3144,0.0,0.0,0.0
2023-06-22 11:30:00-04:00,43.61000061035156,43.689998626708984,43.60499954223633,43.62110137939453,1928,0.0,0.0,0.0
2023-06-22 12:30:00-04:00,43.63999938964844,43.63999938964844,43.61000061035156,43.61000061035156,3739,0.0,0.0,0.0
2023-06-22 13:30:00-04:00,43.619998931884766,43.67499923706055,43.61000061035156,43.67499923706055,1525,0.0,0.0,0.0
2023-06-22 14:30:00-04:00,43.65999984741211,43.66999816894531,43.599998474121094,43.659698486328125,3864,0.0,0.0,0.0
2023-06-22 15:30:00-04:00,43.625,43.68000030517578,43.619998931884766,43.66999816894531,15955,0.0,0.0,0.0
2023-06-23 09:30:00-04:00,42.959999084472656,42.97999954223633,42.82550048828125,42.8474006652832,8822,0.0,0.0,0.0
2023-06-23 10:30:00-04:00,42.899600982666016,42.959999084472656,42.82339859008789,42.904998779296875,2855,0.0,0.0,0.0
2023-06-23 11:30:00-04:00,42.904998779296875,42.970001220703125,42.880001068115234,42.94860076904297,2825,0.0,0.0,0.0
2023-06-23 12:30:00-04:00,42.936798095703125,42.959999084472656,42.936798095703125,42.959999084472656,6104,0.0,0.0,0.0
2023-06-23 13:30:00-04:00,43.0,43.0,42.940101623535156,42.97999954223633,776,0.0,0.0,0.0
2023-06-23 14:30:00-04:00,42.974998474121094,42.974998474121094,42.90999984741211,42.935001373291016,4736,0.0,0.0,0.0
2023-06-23 15:30:00-04:00,42.93000030517578,42.935001373291016,42.91999816894531,42.92110061645508,993,0.0,0.0,0.0
2023-06-26 09:30:00-04:00,43.25,43.380001068115234,43.18000030517578,43.29079818725586,0,0.0,0.0,0.0
2023-06-26 10:30:00-04:00,43.25,43.25,43.18000030517578,43.224998474121094,631,0.0,0.0,0.0
2023-06-26 11:30:00-04:00,43.224998474121094,43.279998779296875,43.197601318359375,43.22999954223633,2041,0.0,0.0,0.0
2023-06-26 12:30:00-04:00,43.218101501464844,43.257598876953125,43.218101501464844,43.257598876953125,2383,0.0,0.0,0.0
2023-06-26 13:30:00-04:00,43.2599983215332,43.279998779296875,43.2599983215332,43.279998779296875,1743,0.0,0.0,0.0
2023-06-26 14:30:00-04:00,43.290000915527344,43.33869934082031,43.27000045776367,43.31999969482422,4863,0.0,0.0,0.0
2023-06-26 15:30:00-04:00,43.31999969482422,43.31999969482422,43.25809860229492,43.2599983215332,0,0.0,0.0,0.0
2023-06-27 09:30:00-04:00,43.47999954223633,43.47999954223633,43.45000076293945,43.45000076293945,3269,0.0,0.0,0.0
2023-06-27 10:30:00-04:00,43.4452018737793,43.48899841308594,43.41999816894531,43.41999816894531,1719,0.0,0.0,0.0
2023-06-27 12:30:00-04:00,43.5099983215332,43.5099983215332,43.47200012207031,43.47200012207031,614,0.0,0.0,0.0
2023-06-27 13:30:00-04:00,43.51259994506836,43.56999969482422,43.51259994506836,43.56999969482422,1358,0.0,0.0,0.0
2023-06-27 14:30:00-04:00,43.529998779296875,43.579898834228516,43.47809982299805,43.47809982299805,4995,0.0,0.0,0.0
2023-06-27 15:30:00-04:00,43.58000183105469,43.59989929199219,43.5,43.5,3264,0.0,0.0,0.0
2023-06-28 09:30:00-04:00,43.34000015258789,43.34000015258789,43.20000076293945,43.2400016784668,0,0.0,0.0,0.0
2023-06-28 10:30:00-04:00,43.290000915527344,43.33000183105469,43.290000915527344,43.33000183105469,1289,0.0,0.0,0.0
2023-06-28 11:30:00-04:00,43.33000183105469,43.380001068115234,43.33000183105469,43.380001068115234,650,0.0,0.0,0.0
2023-06-28 12:30:00-04:00,43.349998474121094,43.36000061035156,43.27730178833008,43.27730178833008,627,0.0,0.0,0.0
2023-06-28 13:30:00-04:00,43.345001220703125,43.36000061035156,43.32600021362305,43.32600021362305,2063,0.0,0.0,0.0
2023-06-28 14:30:00-04:00,43.419898986816406,43.419898986816406,43.349998474121094,43.36000061035156,4760,0.0,0.0,0.0
2023-06-28 15:30:00-04:00,43.380001068115234,43.38999938964844,43.34960174560547,43.36000061035156,3634,0.0,0.0,0.0
2023-06-29 09:30:00-04:00,43.150001525878906,43.189998626708984,43.10599899291992,43.189998626708984,0,0.0,0.0,0.0
2023-06-29 10:30:00-04:00,43.16999816894531,43.220001220703125,43.16999816894531,43.220001220703125,748,0.0,0.0,0.0
2023-06-29 11:30:00-04:00,43.209999084472656,43.22999954223633,43.20000076293945,43.22999954223633,4316,0.0,0.0,0.0
2023-06-29 12:30:00-04:00,43.22999954223633,43.22999954223633,43.18000030517578,43.18000030517578,1710,0.0,0.0,0.0
2023-06-29 13:30:00-04:00,43.18009948730469,43.189998626708984,43.18000030517578,43.189998626708984,3689,0.0,0.0,0.0
2023-06-29 14:30:00-04:00,43.19810104370117,43.20000076293945,43.185001373291016,43.189998626708984,6375,0.0,0.0,0.0
2023-06-29 15:30:00-04:00,43.180599212646484,43.189998626708984,43.180599212646484,43.189998626708984,0,0.0,0.0,0.0
2023-06-30 09:30:00-04:00,43.65999984741211,43.769901275634766,43.650001525878906,43.7510986328125,4178,0.0,0.0,0.0
2023-06-30 10:30:00-04:00,43.77000045776367,43.77000045776367,43.650001525878906,43.6776008605957,2611,0.0,0.0,0.0
2023-06-30 11:30:00-04:00,43.654998779296875,43.70000076293945,43.630001068115234,43.650001525878906,1740,0.0,0.0,0.0
2023-06-30 12:30:00-04:00,43.630001068115234,43.73379898071289,43.630001068115234,43.72999954223633,2783,0.0,0.0,0.0
2023-06-30 13:30:00-04:00,43.7239990234375,43.72999954223633,43.665000915527344,43.720001220703125,4439,0.0,0.0,0.0
2023-06-30 14:30:00-04:00,43.709999084472656,43.709999084472656,43.6431999206543,43.683799743652344,1982,0.0,0.0,0.0
2023-06-30 15:30:00-04:00,43.709999084472656,43.720001220703125,43.55009841918945,43.63999938964844,7928,0.0,0.0,0.0
2023-07-03 09:30:00-04:00,44.029998779296875,44.279998779296875,44.029998779296875,44.224998474121094,0,0.0,0.0,0.0
2023-07-03 10:30:00-04:00,44.19499969482422,44.209999084472656,44.18539810180664,44.19499969482422,1366,0.0,0.0,0.0
2023-07-03 11:30:00-04:00,44.130001068115234,44.130001068115234,44.099998474121094,44.12070083618164,4846,0.0,0.0,0.0
2023-07-03 12:30:00-04:00,44.119998931884766,44.16400146484375,44.119998931884766,44.16400146484375,603,0.0,0.0,0.0
2023-07-05 09:30:00-04:00,44.029998779296875,44.029998779296875,43.81999969482422,43.959999084472656,4626,0.0,0.0,0.0
2023-07-05 10:30:00-04:00,43.91999816894531,43.959999084472656,43.810001373291016,43.89500045776367,2345,0.0,0.0,0.0
2023-07-05 11:30:00-04:00,43.880001068115234,43.89500045776367,43.790000915527344,43.790000915527344,3060,0.0,0.0,0.0
2023-07-05 12:30:00-04:00,43.79499816894531,43.79499816894531,43.76839828491211,43.77399826049805,1221,0.0,0.0,0.0
2023-07-05 13:30:00-04:00,43.81999969482422,43.84989929199219,43.80270004272461,43.83649826049805,5284,0.0,0.0,0.0
2023-07-05 14:30:00-04:00,43.85499954223633,43.909000396728516,43.772701263427734,43.772701263427734,8874,0.0,0.0,0.0
2023-07-05 15:30:00-04:00,43.83729934692383,43.880001068115234,43.77349853515625,43.869998931884766,0,0.0,0.0,0.0
2023-07-06 09:30:00-04:00,43.439998626708984,43.439998626708984,43.20000076293945,43.20000076293945,5327,0.0,0.0,0.0
2023-07-06 10:30:00-04:00,43.0,43.0,42.96910095214844,42.96910095214844,2410,0.0,0.0,0.0
2023-07-06 11:30:00-04:00,43.006500244140625,43.040000915527344,43.006500244140625,43.040000915527344,973,0.0,0.0,0.0
2023-07-06 12:30:00-04:00,42.99300003051758,43.09989929199219,42.99300003051758,43.09989929199219,3000,0.0,0.0,0.0
2023-07-06 13:30:00-04:00,43.02000045776367,43.09000015258789,43.02000045776367,43.09000015258789,941,0.0,0.0,0.0
2023-07-06 14:30:00-04:00,43.064998626708984,43.11970138549805,43.040000915527344,43.040000915527344,5628,0.0,0.0,0.0
2023-07-06 15:30:00-04:00,43.099998474121094,43.11000061035156,43.0260009765625,43.060001373291016,5130,0.0,0.0,0.0
2023-07-07 09:30:00-04:00,43.16999816894531,43.41899871826172,43.16999816894531,43.400001525878906,0,0.0,0.0,0.0
2023-07-07 10:30:00-04:00,43.400001525878906,43.5,43.400001525878906,43.45009994506836,5123,0.0,0.0,0.0
2023-07-07 11:30:00-04:00,43.52000045776367,43.529998779296875,43.470001220703125,43.470001220703125,33210,0.0,0.0,0.0
2023-07-07 12:30:00-04:00,43.560001373291016,43.58000183105469,43.560001373291016,43.58000183105469,2585,0.0,0.0,0.0
2023-07-07 13:30:00-04:00,43.599998474121094,43.66999816894531,43.599998474121094,43.66999816894531,1950,0.0,0.0,0.0
2023-07-07 14:30:00-04:00,43.599998474121094,43.60060119628906,43.54999923706055,43.54999923706055,4512,0.0,0.0,0.0
2023-07-10 09:30:00-04:00,43.27000045776367,43.459999084472656,43.27000045776367,43.45989990234375,0,0.0,0.0,0.0
2023-07-10 10:30:00-04:00,43.35499954223633,43.400001525878906,43.349998474121094,43.38999938964844,2907,0.0,0.0,0.0
2023-07-10 11:30:00-04:00,43.400001525878906,43.47990036010742,43.375,43.43000030517578,0,0.0,0.0,0.0
2023-07-10 12:30:00-04:00,43.43000030517578,43.43000030517578,43.406700134277344,43.406700134277344,14563,0.0,0.0,0.0
2023-07-10 13:30:00-04:00,43.349998474121094,43.470001220703125,43.349998474121094,43.439998626708984,1340,0.0,0.0,0.0
2023-07-10 14:30:00-04:00,43.47999954223633,43.47999954223633,43.40800094604492,43.40800094604492,5581,0.0,0.0,0.0
2023-07-10 15:30:00-04:00,43.46929931640625,43.47999954223633,43.44850158691406,43.47999954223633,1442,0.0,0.0,0.0
2023-07-11 09:30:00-04:00,43.66999816894531,43.71989822387695,43.619998931884766,43.63999938964844,0,0.0,0.0,0.0
2023-07-11 10:30:00-04:00,43.6432991027832,43.689998626708984,43.6432991027832,43.689998626708984,2075,0.0,0.0,0.0
2023-07-11 11:30:00-04:00,43.720001220703125,43.7400016784668,43.701698303222656,43.724998474121094,11369,0.0,0.0,0.0
2023-07-11 12:30:00-04:00,43.71500015258789,43.791900634765625,43.71500015258789,43.791900634765625,1665,0.0,0.0,0.0
2023-07-11 13:30:00-04:00,43.81999969482422,43.81999969482422,43.810001373291016,43.810001373291016,2020,0.0,0.0,0.0
2023-07-11 14:30:00-04:00,43.79999923706055,43.85340118408203,43.76250076293945,43.85340118408203,3246,0.0,0.0,0.0
2023-07-11 15:30:00-04:00,43.869998931884766,43.88999938964844,43.84000015258789,43.88999938964844,2680,0.0,0.0,0.0
2023-07-12 09:30:00-04:00,44.34000015258789,44.5630989074707,44.34000015258789,44.540000915527344,0,0.0,0.0,0.0
2023-07-12 10:30:00-04:00,44.654998779296875,44.7400016784668,44.654998779296875,44.66999816894531,3444,0.0,0.0,0.0
2023-07-12 11:30:00-04:00,44.61949920654297,44.61949920654297,44.51369857788086,44.599998474121094,3279,0.0,0.0,0.0
2023-07-12 12:30:00-04:00,44.65999984741211,44.689998626708984,44.650001525878906,44.650001525878906,3332,0.0,0.0,0.0
2023-07-12 13:30:00-04:00,44.69499969482422,44.7400016784668,44.66999816894531,44.689998626708984,2840,0.0,0.0,0.0
2023-07-12 14:30:00-04:00,44.67499923706055,44.68000030517578,44.6697998046875,44.66999816894531,3603,0.0,0.0,0.0
2023-07-12 15:30:00-04:00,44.68000030517578,44.68000030517578,44.665000915527344,44.66899871826172,0,0.0,0.0,0.0
2023-07-13 09:30:00-04:00,44.79999923706055,44.88010025024414,44.75,44.880001068115234,2728,0.0,0.0,0.0
2023-07-13 10:30:00-04:00,44.95000076293945,44.95000076293945,44.88999938964844,44.88999938964844,660,0.0,0.0,0.0
2023-07-13 11:30:00-04:00,44.939998626708984,44.97999954223633,44.939998626708984,44.97999954223633,1142,0.0,0.0,0.0
2023-07-13 12:30:00-04:00,45.02000045776367,45.04499816894531,45.0010986328125,45.040000915527344,2103,0.0,0.0,0.0
2023-07-13 13:30:00-04:00,44.95009994506836,45.03419876098633,44.95009994506836,45.03419876098633,886,0.0,0.0,0.0
2023-07-13 14:30:00-04:00,45.09000015258789,45.09989929199219,45.0099983215332,45.060001373291016,2433,0.0,0.0,0.0
2023-07-13 15:30:00-04:00,45.0791015625,45.0791015625,45.06999969482422,45.06999969482422,874,0.0,0.0,0.0
2023-07-14 09:30:00-04:00,45.20000076293945,45.20000076293945,45.0,45.050498962402344,201,0.0,0.0,0.0
2023-07-14 10:30:00-04:00,45.02000045776367,45.040000915527344,45.0099983215332,45.040000915527344,2360,0.0,0.0,0.0
2023-07-14 11:30:00-04:00,45.03499984741211,45.03499984741211,45.029998779296875,45.029998779296875,441,0.0,0.0,0.0
2023-07-14 12:30:00-04:00,45.0,45.005001068115234,45.0,45.0,2679,0.0,0.0,0.0
2023-07-14 13:30:00-04:00,44.97999954223633,44.97999954223633,44.97999954223633,44.97999954223633,1262,0.0,0.0,0.0
2023-07-14 14:30:00-04:00,44.97999954223633,44.97999954223633,44.90999984741211,44.95000076293945,3846,0.0,0.0,0.0
2023-07-14 15:30:00-04:00,44.90999984741211,44.97999954223633,44.90999984741211,44.97999954223633,6038,0.0,0.0,0.0
2023-07-17 09:30:00-04:00,44.88999938964844,45.04999923706055,44.67340087890625,45.00979995727539,0,0.0,0.0,0.0
2023-07-17 10:30:00-04:00,45.0099983215332,45.04999923706055,45.00630187988281,45.00630187988281,1418,0.0,0.0,0.0
2023-07-17 11:30:00-04:00,45.04999923706055,45.04999923706055,45.02000045776367,45.02000045776367,580,0.0,0.0,0.0
2023-07-17 12:30:00-04:00,45.05500030517578,45.099998474121094,45.05500030517578,45.05720138549805,924,0.0,0.0,0.0
2023-07-17 13:30:00-04:00,45.01459884643555,45.119998931884766,45.01459884643555,45.119998931884766,7064,0.0,0.0,0.0
2023-07-17 14:30:00-04:00,45.03929901123047,45.119998931884766,45.029998779296875,45.119998931884766,2046,0.0,0.0,0.0
2023-07-17 15:30:00-04:00,45.13999938964844,45.13999938964844,45.13999938964844,45.13999938964844,0,0.0,0.0,0.0
2023-07-18 09:30:00-04:00,45.02000045776367,45.04990005493164,44.950199127197266,45.04990005493164,3980,0.0,0.0,0.0
2023-07-18 10:30:00-04:00,45.055301666259766,45.064998626708984,45.03499984741211,45.03499984741211,1326,0.0,0.0,0.0
2023-07-18 11:30:00-04:00,44.9900016784668,44.9900016784668,44.970001220703125,44.98899841308594,1524,0.0,0.0,0.0
2023-07-18 12:30:00-04:00,44.849998474121094,44.87089920043945,44.84109878540039,44.87089920043945,1277,0.0,0.0,0.0
2023-07-18 13:30:00-04:00,44.88999938964844,44.900001525878906,44.88999938964844,44.900001525878906,862,0.0,0.0,0.0
2023-07-18 14:30:00-04:00,44.922000885009766,44.960899353027344,44.922000885009766,44.93000030517578,719,0.0,0.0,0.0
2023-07-18 15:30:00-04:00,44.959999084472656,44.98979949951172,44.93000030517578,44.93000030517578,0,0.0,0.0,0.0
2023-07-19 09:30:00-04:00,45.149898529052734,45.149898529052734,44.970001220703125,44.970001220703125,4436,0.0,0.0,0.0
2023-07-19 10:30:00-04:00,44.88999938964844,44.91999816894531,44.869998931884766,44.91999816894531,3765,0.0,0.0,0.0
2023-07-19 11:30:00-04:00,44.93000030517578,44.939998626708984,44.880001068115234,44.880001068115234,933,0.0,0.0,0.0
2023-07-19 12:30:00-04:00,44.84000015258789,44.85499954223633,44.84000015258789,44.849998474121094,661,0.0,0.0,0.0
2023-07-19 13:30:00-04:00,44.834999084472656,44.87350082397461,44.81999969482422,44.81999969482422,3524,0.0,0.0,0.0
2023-07-19 14:30:00-04:00,44.90999984741211,44.93000030517578,44.900001525878906,44.93000030517578,1385,0.0,0.0,0.0
2023-07-19 15:30:00-04:00,44.900001525878906,44.900001525878906,44.84000015258789,44.84000015258789,629,0.0,0.0,0.0
2023-07-20 09:30:00-04:00,44.86000061035156,44.869998931884766,44.77000045776367,44.790000915527344,0,0.0,0.0,0.0
2023-07-20 10:30:00-04:00,44.650001525878906,44.714298248291016,44.650001525878906,44.678199768066406,2790,0.0,0.0,0.0
2023-07-20 11:30:00-04:00,44.685001373291016,44.689998626708984,44.68050003051758,44.68050003051758,789,0.0,0.0,0.0
2023-07-20 12:30:00-04:00,44.7599983215332,44.7599983215332,44.7599983215332,44.7599983215332,523,0.0,0.0,0.0
2023-07-20 13:30:00-04:00,44.739498138427734,44.790000915527344,44.73400115966797,44.73400115966797,602,0.0,0.0,0.0
2023-07-20 14:30:00-04:00,44.720001220703125,44.73500061035156,44.720001220703125,44.73500061035156,826,0.0,0.0,0.0
2023-07-20 15:30:00-04:00,44.709999084472656,44.709999084472656,44.60110092163086,44.70000076293945,1990,0.0,0.0,0.0
2023-07-21 09:30:00-04:00,44.970001220703125,44.970001220703125,44.810001373291016,44.845001220703125,4115,0.0,0.0,0.0
2023-07-21 10:30:00-04:00,44.83000183105469,44.83000183105469,44.83000183105469,44.83000183105469,2859,0.0,0.0,0.0
2023-07-21 11:30:00-04:00,44.83649826049805,44.836700439453125,44.79999923706055,44.81999969482422,1198,0.0,0.0,0.0
2023-07-21 12:30:00-04:00,44.779998779296875,44.779998779296875,44.775901794433594,44.775901794433594,1042,0.0,0.0,0.0
2023-07-21 13:30:00-04:00,44.77799987792969,44.790000915527344,44.7599983215332,44.7599983215332,1370,0.0,0.0,0.0
2023-07-21 14:30:00-04:00,44.839298248291016,44.849998474121094,44.74449920654297,44.74449920654297,4836,0.0,0.0,0.0
2023-07-21 15:30:00-04:00,44.709999084472656,44.790000915527344,44.68360137939453,44.790000915527344,1471,0.0,0.0,0.0
2023-07-24 09:30:00-04:00,45.04999923706055,45.060001373291016,44.98189926147461,45.04999923706055,0,0.0,0.0,0.0
2023-07-24 10:30:00-04:00,45.304500579833984,45.40999984741211,45.304500579833984,45.40999984741211,448,0.0,0.0,0.0
2023-07-24 11:30:00-04:00,45.41579818725586,45.41579818725586,45.38949966430664,45.38949966430664,562,0.0,0.0,0.0
2023-07-24 12:30:00-04:00,45.369998931884766,45.369998931884766,45.369998931884766,45.369998931884766,309,0.0,0.0,0.0
2023-07-24 13:30:00-04:00,45.39979934692383,45.41999816894531,45.35499954223633,45.386600494384766,3255,0.0,0.0,0.0
2023-07-24 14:30:00-04:00,45.439998626708984,45.439998626708984,45.349998474121094,45.349998474121094,2860,0.0,0.0,0.0
2023-07-24 15:30:00-04:00,45.310001373291016,45.310001373291016,45.310001373291016,45.310001373291016,413,0.0,0.0,0.0
2023-07-25 09:30:00-04:00,45.81999969482422,45.839900970458984,45.72380065917969,45.839900970458984,0,0.0,0.0,0.0
2023-07-25 10:30:00-04:00,45.779998779296875,45.79999923706055,45.75,45.75,769,0.0,0.0,0.0
2023-07-25 11:30:00-04:00,45.77000045776367,45.77000045776367,45.7599983215332,45.7599983215332,1279,0.0,0.0,0.0
2023-07-25 12:30:00-04:00,45.75,45.75,45.709999084472656,45.709999084472656,730,0.0,0.0,0.0
2023-07-25 13:30:00-04:00,45.709999084472656,45.709999084472656,45.7067985534668,45.7067985534668,449,0.0,0.0,0.0
2023-07-25 14:30:00-04:00,45.709999084472656,45.80569839477539,45.709999084472656,45.79880142211914,3040,0.0,0.0,0.0
2023-07-25 15:30:00-04:00,45.76499938964844,45.77989959716797,45.66999816894531,45.66999816894531,0,0.0,0.0,0.0
2023-07-26 09:30:00-04:00,45.75519943237305,45.75519943237305,45.74610137939453,45.74610137939453,1418,0.0,0.0,0.0
2023-07-26 10:30:00-04:00,45.689998626708984,45.7599983215332,45.689998626708984,45.7599983215332,3521,0.0,0.0,0.0
2023-07-26 11:30:00-04:00,45.7599983215332,45.849998474121094,45.7599983215332,45.81999969482422,1901,0.0,0.0,0.0
2023-07-26 12:30:00-04:00,45.81999969482422,45.84000015258789,45.79999923706055,45.83000183105469,3781,0.0,0.0,0.0
2023-07-26 13:30:00-04:00,45.810001373291016,45.810001373291016,45.7599983215332,45.78369903564453,1938,0.0,0.0,0.0
2023-07-26 14:30:00-04:00,45.849998474121094,46.03860092163086,45.849998474121094,45.95000076293945,10582,0.0,0.0,0.0
2023-07-26 15:30:00-04:00,45.810001373291016,46.0,45.810001373291016,45.9900016784668,2193,0.0,0.0,0.0
2023-07-27 09:30:00-04:00,46.0,46.0,45.72549819946289,45.72549819946289,12598,0.0,0.0,0.0
2023-07-27 10:30:00-04:00,45.7400016784668,45.7400016784668,45.720001220703125,45.720001220703125,990,0.0,0.0,0.0
2023-07-27 11:30:00-04:00,45.86009979248047,45.86009979248047,45.81999969482422,45.81999969482422,1751,0.0,0.0,0.0
2023-07-27 12:30:00-04:00,45.849998474121094,45.87990188598633,45.784000396728516,45.784000396728516,4062,0.0,0.0,0.0
2023-07-27 13:30:00-04:00,45.81990051269531,45.81990051269531,45.619998931884766,45.619998931884766,2153,0.0,0.0,0.0
2023-07-27 14:30:00-04:00,45.46369934082031,45.54880142211914,45.46369934082031,45.49980163574219,2694,0.0,0.0,0.0
2023-07-27 15:30:00-04:00,45.4900016784668,45.4900016784668,45.439998626708984,45.439998626708984,3918,0.0,0.0,0.0
2023-07-28 09:30:00-04:00,46.20000076293945,46.39500045776367,46.150001525878906,46.39500045776367,0,0.0,0.0,0.0
2023-07-28 10:30:00-04:00,46.40999984741211,46.40999984741211,46.40999984741211,46.40999984741211,171,0.0,0.0,0.0
2023-07-28 11:30:00-04:00,46.38999938964844,46.40999984741211,46.36000061035156,46.37820053100586,1091,0.0,0.0,0.0
2023-07-28 12:30:00-04:00,46.43000030517578,46.43840026855469,46.345001220703125,46.36000061035156,2865,0.0,0.0,0.0
2023-07-28 13:30:00-04:00,46.310001373291016,46.400001525878906,46.29999923706055,46.400001525878906,2763,0.0,0.0,0.0
2023-07-28 14:30:00-04:00,46.36000061035156,46.43000030517578,46.36000061035156,46.43000030517578,5239,0.0,0.0,0.0
2023-07-28 15:30:00-04:00,46.38999938964844,46.419898986816406,46.38999938964844,46.38999938964844,1415,0.0,0.0,0.0
2023-07-31 09:30:00-04:00,46.29999923706055,46.45000076293945,46.29999923706055,46.37739944458008,0,0.0,0.0,0.0
2023-07-31 10:30:00-04:00,46.369998931884766,46.40999984741211,46.369998931884766,46.40999984741211,1078,0.0,0.0,0.0
2023-07-31 11:30:00-04:00,46.439998626708984,46.45000076293945,46.429901123046875,46.429901123046875,1824,0.0,0.0,0.0
2023-07-31 12:30:00-04:00,46.44169998168945,46.44169998168945,46.44169998168945,46.44169998168945,404,0.0,0.0,0.0
2023-07-31 13:30:00-04:00,46.46500015258789,46.46500015258789,46.46500015258789,46.46500015258789,591,0.0,0.0,0.0
2023-07-31 14:30:00-04:00,46.489601135253906,46.489601135253906,46.45000076293945,46.45000076293945,1586,0.0,0.0,0.0
2023-07-31 15:30:00-04:00,46.45000076293945,46.505001068115234,46.44990158081055,46.4900016784668,0,0.0,0.0,0.0
2023-08-01 09:30:00-04:00,46.040000915527344,46.040000915527344,45.864200592041016,45.97999954223633,4187,0.0,0.0,0.0
2023-08-01 10:30:00-04:00,45.88999938964844,45.88999938964844,45.88999938964844,45.88999938964844,370,0.0,0.0,0.0
2023-08-01 11:30:00-04:00,45.84000015258789,45.84000015258789,45.79499816894531,45.84000015258789,1426,0.0,0.0,0.0
2023-08-01 12:30:00-04:00,45.839298248291016,45.839298248291016,45.839298248291016,45.839298248291016,294,0.0,0.0,0.0
2023-08-01 13:30:00-04:00,45.79999923706055,45.79999923706055,45.750099182128906,45.78969955444336,694,0.0,0.0,0.0
2023-08-01 14:30:00-04:00,45.79159927368164,45.84000015258789,45.764801025390625,45.84000015258789,4264,0.0,0.0,0.0
2023-08-01 15:30:00-04:00,45.779998779296875,45.82120132446289,45.779998779296875,45.810001373291016,804,0.0,0.0,0.0
2023-08-02 09:30:00-04:00,45.11000061035156,45.192501068115234,44.4900016784668,44.77000045776367,0,0.0,0.0,0.0
2023-08-02 10:30:00-04:00,44.69670104980469,44.709999084472656,44.66999816894531,44.709999084472656,4785,0.0,0.0,0.0
2023-08-02 11:30:00-04:00,44.75,44.75,44.70000076293945,44.70000076293945,7596,0.0,0.0,0.0
2023-08-02 12:30:00-04:00,44.70500183105469,44.76499938964844,44.70000076293945,44.76499938964844,5055,0.0,0.0,0.0
2023-08-02 13:30:00-04:00,44.75,44.77000045776367,44.73500061035156,44.77000045776367,5695,0.0,0.0,0.0
2023-08-02 14:30:00-04:00,44.73500061035156,44.74789810180664,44.709999084472656,44.709999084472656,9137,0.0,0.0,0.0
2023-08-02 15:30:00-04:00,44.7400016784668,44.77000045776367,44.709999084472656,44.77000045776367,10153,0.0,0.0,0.0
2023-08-03 09:30:00-04:00,44.689998626708984,44.869998931884766,44.689998626708984,44.72999954223633,0,0.0,0.0,0.0
2023-08-03 10:30:00-04:00,44.72999954223633,44.7400016784668,44.72999954223633,44.7400016784668,745,0.0,0.0,0.0
2023-08-03 11:30:00-04:00,44.92340087890625,44.92340087890625,44.88999938964844,44.900001525878906,2161,0.0,0.0,0.0
2023-08-03 12:30:00-04:00,44.867401123046875,44.97999954223633,44.84000015258789,44.959999084472656,1966,0.0,0.0,0.0
2023-08-03 13:30:00-04:00,44.8849983215332,44.9286994934082,44.8849983215332,44.8849983215332,2052,0.0,0.0,0.0
2023-08-03 14:30:00-04:00,44.900001525878906,44.900001525878906,44.80500030517578,44.80500030517578,2890,0.0,0.0,0.0
2023-08-03 15:30:00-04:00,44.82500076293945,44.859100341796875,44.7400016784668,44.7400016784668,0,0.0,0.0,0.0
2023-08-04 09:30:00-04:00,45.220001220703125,45.220001220703125,44.970001220703125,45.12900161743164,3544,0.0,0.0,0.0
2023-08-04 10:30:00-04:00,45.220001220703125,45.2400016784668,45.17770004272461,45.2400016784668,702,0.0,0.0,0.0
2023-08-04 11:30:00-04:00,45.27190017700195,45.360198974609375,45.27190017700195,45.360198974609375,3528,0.0,0.0,0.0
2023-08-04 12:30:00-04:00,45.34550094604492,45.380001068115234,45.29999923706055,45.29999923706055,2019,0.0,0.0,0.0
2023-08-04 13:30:00-04:00,45.30929946899414,45.30929946899414,45.189998626708984,45.189998626708984,1662,0.0,0.0,0.0
2023-08-04 14:30:00-04:00,45.09000015258789,45.09000015258789,45.020999908447266,45.025001525878906,3739,0.0,0.0,0.0
2023-08-04 15:30:00-04:00,45.0099983215332,45.0099983215332,44.974998474121094,45.0099983215332,2724,0.0,0.0,0.0
2023-08-07 09:30:00-04:00,45.029998779296875,45.029998779296875,44.849998474121094,44.87080001831055,0,0.0,0.0,0.0
2023-08-07 10:30:00-04:00,44.900001525878906,44.900001525878906,44.81999969482422,44.81999969482422,5944,0.0,0.0,0.0
2023-08-07 11:30:00-04:00,44.869998931884766,44.869998931884766,44.869998931884766,44.869998931884766,191,0.0,0.0,0.0
2023-08-07 12:30:00-04:00,44.86199951171875,44.89799880981445,44.84000015258789,44.86000061035156,2523,0.0,0.0,0.0
2023-08-07 13:30:00-04:00,44.856300354003906,44.92660140991211,44.856300354003906,44.92660140991211,1600,0.0,0.0,0.0
2023-08-07 14:30:00-04:00,44.90639877319336,44.95000076293945,44.88999938964844,44.91469955444336,1607,0.0,0.0,0.0
2023-08-07 15:30:00-04:00,44.904998779296875,44.95000076293945,44.8849983215332,44.95000076293945,808,0.0,0.0,0.0
2023-08-08 09:30:00-04:00,44.5,44.5,44.28499984741211,44.28499984741211,3883,0.0,0.0,0.0
2023-08-08 10:30:00-04:00,44.43989944458008,44.46910095214844,44.32389831542969,44.46910095214844,1525,0.0,0.0,0.0
2023-08-08 11:30:00-04:00,44.46900177001953,44.46900177001953,44.459999084472656,44.459999084472656,620,0.0,0.0,0.0
2023-08-08 12:30:00-04:00,44.540000915527344,44.540000915527344,44.529998779296875,44.53900146484375,2091,0.0,0.0,0.0
2023-08-08 13:30:00-04:00,44.499900817871094,44.58000183105469,44.499900817871094,44.560001373291016,1262,0.0,0.0,0.0
2023-08-08 14:30:00-04:00,44.52000045776367,44.59000015258789,44.52000045776367,44.57109832763672,2390,0.0,0.0,0.0
2023-08-08 15:30:00-04:00,44.59389877319336,44.59389877319336,44.59389877319336,44.59389877319336,0,0.0,0.0,0.0
2023-08-09 09:30:00-04:00,44.810001373291016,44.810001373291016,44.599998474121094,44.599998474121094,3796,0.0,0.0,0.0
2023-08-09 10:30:00-04:00,44.65999984741211,44.66999816894531,44.52000045776367,44.52000045776367,1491,0.0,0.0,0.0
2023-08-09 11:30:00-04:00,44.56999969482422,44.58000183105469,44.5099983215332,44.58000183105469,1215,0.0,0.0,0.0
2023-08-09 12:30:00-04:00,44.58000183105469,44.689998626708984,44.57500076293945,44.68000030517578,4207,0.0,0.0,0.0
2023-08-09 13:30:00-04:00,44.70000076293945,44.75,44.66299819946289,44.75,1512,0.0,0.0,0.0
2023-08-09 14:30:00-04:00,44.691200256347656,44.75,44.66910171508789,44.75,1623,0.0,0.0,0.0
2023-08-09 15:30:00-04:00,44.7400016784668,44.7599983215332,44.65999984741211,44.68000030517578,3341,0.0,0.0,0.0
2023-08-10 09:30:00-04:00,44.779998779296875,45.0,44.779998779296875,44.974998474121094,0,0.0,0.0,0.0
2023-08-10 10:30:00-04:00,44.93000030517578,44.93000030517578,44.7400016784668,44.7400016784668,2260,0.0,0.0,0.0
2023-08-10 11:30:00-04:00,44.734500885009766,44.734500885009766,44.650001525878906,44.650001525878906,748,0.0,0.0,0.0
2023-08-10 12:30:00-04:00,44.620601654052734,44.66999816894531,44.5099983215332,44.5432014465332,1830,0.0,0.0,0.0
2023-08-10 13:30:00-04:00,44.529998779296875,44.557498931884766,44.45000076293945,44.45000076293945,1630,0.0,0.0,0.0
2023-08-10 14:30:00-04:00,44.52000045776367,44.56999969482422,44.45000076293945,44.46379852294922,0,0.0,0.0,0.0
2023-08-11 09:30:00-04:00,44.20000076293945,44.20000076293945,44.03850173950195,44.099998474121094,5095,0.0,0.0,0.0
2023-08-11 10:30:00-04:00,44.15999984741211,44.20000076293945,44.04990005493164,44.04990005493164,1589,0.0,0.0,0.0
2023-08-11 11:30:00-04:00,44.0,44.0,43.9900016784668,43.9900016784668,627,0.0,0.0,0.0
2023-08-11 12:30:00-04:00,44.0,44.0,43.970001220703125,43.970001220703125,619,0.0,0.0,0.0
2023-08-11 13:30:00-04:00,43.97999954223633,43.97999954223633,43.900001525878906,43.95500183105469,1672,0.0,0.0,0.0
2023-08-11 15:30:00-04:00,44.02730178833008,44.02730178833008,43.98500061035156,44.0,1274,0.0,0.0,0.0
2023-08-14 09:30:00-04:00,43.560001373291016,43.6239013671875,43.39899826049805,43.619998931884766,0,0.0,0.0,0.0
2023-08-14 10:30:00-04:00,43.560001373291016,43.62990188598633,43.540000915527344,43.599998474121094,6131,0.0,0.0,0.0
2023-08-14 11:30:00-04:00,43.61000061035156,43.68000030517578,43.61000061035156,43.66999816894531,865,0.0,0.0,0.0
2023-08-14 12:30:00-04:00,43.63999938964844,43.63999938964844,43.63999938964844,43.63999938964844,505,0.0,0.0,0.0
2023-08-14 13:30:00-04:00,43.650001525878906,43.650001525878906,43.599998474121094,43.599998474121094,1198,0.0,0.0,0.0
2023-08-14 14:30:00-04:00,43.62179946899414,43.62179946899414,43.6150016784668,43.6150016784668,608,0.0,0.0,0.0
2023-08-14 15:30:00-04:00,43.63999938964844,43.73899841308594,43.58000183105469,43.72999954223633,5483,0.0,0.0,0.0
2023-08-15 09:30:00-04:00,43.40999984741211,43.470001220703125,43.369998931884766,43.369998931884766,0,0.0,0.0,0.0
2023-08-15 10:30:00-04:00,43.310001373291016,43.39870071411133,43.308998107910156,43.36000061035156,3177,0.0,0.0,0.0
2023-08-15 11:30:00-04:00,43.36000061035156,43.369998931884766,43.32780075073242,43.32780075073242,2844,0.0,0.0,0.0
2023-08-15 12:30:00-04:00,43.29999923706055,43.29999923706055,43.29999923706055,43.29999923706055,235,0.0,0.0,0.0
2023-08-15 13:30:00-04:00,43.310001373291016,43.31990051269531,43.30569839477539,43.310001373291016,741,0.0,0.0,0.0
2023-08-15 14:30:00-04:00,43.310001373291016,43.35879898071289,43.290000915527344,43.290000915527344,3817,0.0,0.0,0.0
2023-08-15 15:30:00-04:00,43.22999954223633,43.33000183105469,43.22999954223633,43.33000183105469,0,0.0,0.0,0.0
2023-08-16 09:30:00-04:00,43.20000076293945,43.34000015258789,43.20000076293945,43.34000015258789,4426,0.0,0.0,0.0
2023-08-16 10:30:00-04:00,43.32270050048828,43.349998474121094,43.31999969482422,43.31999969482422,1655,0.0,0.0,0.0
2023-08-16 11:30:00-04:00,43.29999923706055,43.29999923706055,43.20000076293945,43.20000076293945,1608,0.0,0.0,0.0
2023-08-16 12:30:00-04:00,43.20000076293945,43.20000076293945,43.1150016784668,43.119998931884766,3089,0.0,0.0,0.0
2023-08-16 13:30:00-04:00,43.15999984741211,43.200599670410156,43.0994987487793,43.200599670410156,8367,0.0,0.0,0.0
2023-08-16 14:30:00-04:00,43.20240020751953,43.21989822387695,43.040199279785156,43.05500030517578,8884,0.0,0.0,0.0
2023-08-16 15:30:00-04:00,43.054500579833984,43.099998474121094,43.05400085449219,43.08000183105469,2352,0.0,0.0,0.0
2023-08-17 09:30:00-04:00,43.378700256347656,43.378700256347656,43.3568000793457,43.3568000793457,0,0.0,0.0,0.0
2023-08-17 10:30:00-04:00,43.33039855957031,43.33810043334961,43.29999923706055,43.29999923706055,2051,0.0,0.0,0.0
2023-08-17 11:30:00-04:00,43.29999923706055,43.32490158081055,43.29999923706055,43.32490158081055,551,0.0,0.0,0.0
2023-08-17 12:30:00-04:00,43.349998474121094,43.36000061035156,43.31460189819336,43.31999969482422,1231,0.0,0.0,0.0
2023-08-17 13:30:00-04:00,43.26599884033203,43.26599884033203,43.20000076293945,43.20000076293945,3748,0.0,0.0,0.0
2023-08-17 14:30:00-04:00,43.150001525878906,43.18899917602539,43.060001373291016,43.060001373291016,3882,0.0,0.0,0.0
2023-08-17 15:30:00-04:00,43.150001525878906,43.150001525878906,43.150001525878906,43.150001525878906,472,0.0,0.0,0.0
2023-08-18 09:30:00-04:00,42.790000915527344,42.810001373291016,42.67499923706055,42.7599983215332,0,0.0,0.0,0.0
2023-08-18 10:30:00-04:00,42.82500076293945,42.9380989074707,42.81050109863281,42.9380989074707,1617,0.0,0.0,0.0
2023-08-18 11:30:00-04:00,42.8849983215332,42.959999084472656,42.8849983215332,42.92499923706055,2047,0.0,0.0,0.0
2023-08-18 12:30:00-04:00,42.88850021362305,42.92369842529297,42.88850021362305,42.91999816894531,1978,0.0,0.0,0.0
2023-08-18 13:30:00-04:00,42.95909881591797,42.95909881591797,42.95909881591797,42.95909881591797,440,0.0,0.0,0.0
2023-08-18 14:30:00-04:00,42.880001068115234,42.96200180053711,42.880001068115234,42.928001403808594,2898,0.0,0.0,0.0
2023-08-18 15:30:00-04:00,42.900001525878906,42.959999084472656,42.900001525878906,42.93000030517578,1962,0.0,0.0,0.0
2023-08-21 09:30:00-04:00,42.93000030517578,42.93000030517578,42.79999923706055,42.79999923706055,0,0.0,0.0,0.0
2023-08-21 10:30:00-04:00,42.83000183105469,42.83000183105469,42.775001525878906,42.7943000793457,1421,0.0,0.0,0.0
2023-08-21 11:30:00-04:00,42.779998779296875,42.78499984741211,42.77000045776367,42.779998779296875,5409,0.0,0.0,0.0
2023-08-21 12:30:00-04:00,42.779998779296875,42.86690139770508,42.779998779296875,42.852298736572266,7556,0.0,0.0,0.0
2023-08-21 14:30:00-04:00,42.849998474121094,43.0,42.849998474121094,42.999000549316406,10015,0.0,0.0,0.0
2023-08-21 15:30:00-04:00,42.99850082397461,43.0099983215332,42.959999084472656,42.959999084472656,2599,0.0,0.0,0.0
2023-08-22 09:30:00-04:00,43.11000061035156,43.11000061035156,42.939998626708984,42.97999954223633,3347,0.0,0.0,0.0
2023-08-22 10:30:00-04:00,43.04990005493164,43.04990005493164,43.013999938964844,43.03010177612305,5791,0.0,0.0,0.0
2023-08-22 11:30:00-04:00,43.02000045776367,43.02000045776367,43.0099983215332,43.0099983215332,4907,0.0,0.0,0.0
2023-08-22 12:30:00-04:00,42.906898498535156,42.94350051879883,42.906898498535156,42.91999816894531,2614,0.0,0.0,0.0
2023-08-22 13:30:00-04:00,42.92499923706055,42.93000030517578,42.92499923706055,42.93000030517578,1263,0.0,0.0,0.0
2023-08-22 14:30:00-04:00,42.93000030517578,43.05110168457031,42.93000030517578,43.05110168457031,1150,0.0,0.0,0.0
2023-08-22 15:30:00-04:00,42.970001220703125,43.0099983215332,42.94499969482422,43.0,0,0.0,0.0,0.0
2023-08-23 09:30:00-04:00,43.40999984741211,43.50419998168945,43.40999984741211,43.50419998168945,1557,0.0,0.0,0.0
2023-08-23 10:30:00-04:00,43.4739990234375,43.505001068115234,43.4739990234375,43.505001068115234,661,0.0,0.0,0.0
2023-08-23 11:30:00-04:00,43.529998779296875,43.58000183105469,43.529998779296875,43.58000183105469,1545,0.0,0.0,0.0
2023-08-23 12:30:00-04:00,43.599998474121094,43.599998474121094,43.58000183105469,43.599998474121094,1598,0.0,0.0,0.0
2023-08-23 13:30:00-04:00,43.66999816894531,43.66999816894531,43.60499954223633,43.60499954223633,2954,0.0,0.0,0.0
2023-08-23 14:30:00-04:00,43.59000015258789,43.630001068115234,43.540000915527344,43.605499267578125,2175,0.0,0.0,0.0
2023-08-23 15:30:00-04:00,43.54999923706055,43.54999923706055,43.540000915527344,43.540000915527344,0,0.0,0.0,0.0
2023-08-24 09:30:00-04:00,43.560001373291016,43.599998474121094,43.560001373291016,43.599998474121094,620,0.0,0.0,0.0
2023-08-24 10:30:00-04:00,43.5099983215332,43.5099983215332,43.5,43.5,1033,0.0,0.0,0.0
2023-08-24 11:30:00-04:00,43.470001220703125,43.470001220703125,43.470001220703125,43.470001220703125,401,0.0,0.0,0.0
2023-08-24 12:30:00-04:00,43.38999938964844,43.38999938964844,43.38999938964844,43.38999938964844,173,0.0,0.0,0.0
2023-08-24 13:30:00-04:00,43.44929885864258,43.45500183105469,43.44929885864258,43.45000076293945,2628,0.0,0.0,0.0
2023-08-24 14:30:00-04:00,43.45899963378906,43.45899963378906,43.3927001953125,43.3927001953125,3260,0.0,0.0,0.0
2023-08-24 15:30:00-04:00,43.27009963989258,43.38999938964844,43.27009963989258,43.38999938964844,0,0.0,0.0,0.0
2023-08-25 09:30:00-04:00,43.5,43.5,43.2400016784668,43.2400016784668,5030,0.0,0.0,0.0
2023-08-25 10:30:00-04:00,43.130001068115234,43.2400016784668,43.130001068115234,43.209999084472656,3215,0.0,0.0,0.0
2023-08-25 11:30:00-04:00,43.26499938964844,43.33000183105469,43.22999954223633,43.33000183105469,6836,0.0,0.0,0.0
2023-08-25 12:30:00-04:00,43.36000061035156,43.36000061035156,43.36000061035156,43.36000061035156,578,0.0,0.0,0.0
2023-08-25 13:30:00-04:00,43.32320022583008,43.39789962768555,43.29750061035156,43.39789962768555,2244,0.0,0.0,0.0
2023-08-25 14:30:00-04:00,43.44879913330078,43.47999954223633,43.410099029541016,43.410099029541016,4558,0.0,0.0,0.0
2023-08-25 15:30:00-04:00,43.480499267578125,43.489898681640625,43.459999084472656,43.459999084472656,2878,0.0,0.0,0.0
2023-08-28 09:30:00-04:00,43.790000915527344,43.825401306152344,43.767601013183594,43.808799743652344,996,0.0,0.0,0.0
2023-08-28 10:30:00-04:00,43.830299377441406,43.87200164794922,43.830299377441406,43.87200164794922,4918,0.0,0.0,0.0
2023-08-28 11:30:00-04:00,43.888999938964844,43.888999938964844,43.84000015258789,43.84000015258789,1425,0.0,0.0,0.0
2023-08-28 13:30:00-04:00,43.85900115966797,43.85900115966797,43.810001373291016,43.83000183105469,3495,0.0,0.0,0.0
2023-08-28 14:30:00-04:00,43.83000183105469,43.86000061035156,43.779998779296875,43.8406982421875,14047,0.0,0.0,0.0
2023-08-28 15:30:00-04:00,43.750099182128906,43.88999938964844,43.750099182128906,43.88999938964844,1719,0.0,0.0,0.0
2023-08-29 09:30:00-04:00,44.029998779296875,44.21500015258789,44.029998779296875,44.21500015258789,0,0.0,0.0,0.0
2023-08-29 10:30:00-04:00,44.31999969482422,44.40999984741211,44.290000915527344,44.40999984741211,4838,0.0,0.0,0.0
2023-08-29 11:30:00-04:00,44.405399322509766,44.40999984741211,44.380001068115234,44.380001068115234,1260,0.0,0.0,0.0
2023-08-29 12:30:00-04:00,44.380001068115234,44.45000076293945,44.380001068115234,44.45000076293945,3325,0.0,0.0,0.0
2023-08-29 13:30:00-04:00,44.441200256347656,44.441200256347656,44.43000030517578,44.43000030517578,1339,0.0,0.0,0.0
2023-08-29 14:30:00-04:00,44.470001220703125,44.5099983215332,44.42399978637695,44.5,6062,0.0,0.0,0.0
2023-08-29 15:30:00-04:00,44.46580123901367,44.46580123901367,44.45000076293945,44.45000076293945,0,0.0,0.0,0.0
2023-08-30 09:30:00-04:00,44.31999969482422,44.38999938964844,44.244998931884766,44.244998931884766,2294,0.0,0.0,0.0
2023-08-30 10:30:00-04:00,44.25979995727539,44.315399169921875,44.255001068115234,44.30500030517578,2938,0.0,0.0,0.0
2023-08-30 11:30:00-04:00,44.36000061035156,44.36000061035156,44.349998474121094,44.349998474121094,1513,0.0,0.0,0.0
2023-08-30 12:30:00-04:00,44.349998474121094,44.369998931884766,44.33000183105469,44.33000183105469,8467,0.0,0.0,0.0
2023-08-30 13:30:00-04:00,44.343101501464844,44.343101501464844,44.190101623535156,44.209999084472656,4552,0.0,0.0,0.0
2023-08-30 14:30:00-04:00,44.290000915527344,44.308998107910156,44.209999084472656,44.29999923706055,2400,0.0,0.0,0.0
2023-08-30 15:30:00-04:00,44.224998474121094,44.27000045776367,44.224998474121094,44.24150085449219,713,0.0,0.0,0.0
2023-08-31 09:30:00-04:00,44.25,44.25,44.13999938964844,44.13999938964844,0,0.0,0.0,0.0
2023-08-31 10:30:00-04:00,44.16189956665039,44.16189956665039,44.0260009765625,44.06999969482422,10948,0.0,0.0,0.0
2023-08-31 11:30:00-04:00,44.0099983215332,44.02000045776367,43.970001220703125,43.970001220703125,858,0.0,0.0,0.0
2023-08-31 12:30:00-04:00,43.970001220703125,44.02000045776367,43.969600677490234,43.98970031738281,5707,0.0,0.0,0.0
2023-08-31 13:30:00-04:00,44.02000045776367,44.02000045776367,44.0,44.0099983215332,3459,0.0,0.0,0.0
2023-08-31 14:30:00-04:00,44.06999969482422,44.06999969482422,43.97999954223633,43.99300003051758,13128,0.0,0.0,0.0
2023-08-31 15:30:00-04:00,44.040000915527344,44.040000915527344,43.9900016784668,43.9900016784668,1391,0.0,0.0,0.0
2023-09-01 09:30:00-04:00,44.4900016784668,44.599998474121094,44.439998626708984,44.5099983215332,0,0.0,0.0,0.0
2023-09-01 10:30:00-04:00,44.5,44.54999923706055,44.47999954223633,44.4900016784668,3554,0.0,0.0,0.0
2023-09-01 11:30:00-04:00,44.38999938964844,44.38999938964844,44.38999938964844,44.38999938964844,300,0.0,0.0,0.0
2023-09-01 12:30:00-04:00,44.369998931884766,44.369998931884766,44.24700164794922,44.36000061035156,3776,0.0,0.0,0.0
2023-09-01 13:30:00-04:00,44.3650016784668,44.39860153198242,44.314998626708984,44.33000183105469,3116,0.0,0.0,0.0
2023-09-01 14:30:00-04:00,44.334999084472656,44.382999420166016,44.28900146484375,44.380001068115234,3579,0.0,0.0,0.0
2023-09-01 15:30:00-04:00,44.33000183105469,44.37329864501953,44.33000183105469,44.369998931884766,2969,0.0,0.0,0.0
2023-09-05 09:30:00-04:00,44.400001525878906,44.41999816894531,44.279998779296875,44.29999923706055,0,0.0,0.0,0.0
2023-09-05 10:30:00-04:00,44.306400299072266,44.39889907836914,44.2599983215332,44.316001892089844,4866,0.0,0.0,0.0
2023-09-05 11:30:00-04:00,44.34000015258789,44.36000061035156,44.34000015258789,44.36000061035156,263,0.0,0.0,0.0
2023-09-05 12:30:00-04:00,44.364498138427734,44.364498138427734,44.31999969482422,44.31999969482422,1928,0.0,0.0,0.0
2023-09-05 13:30:00-04:00,44.279998779296875,44.31999969482422,44.220001220703125,44.31999969482422,2682,0.0,0.0,0.0
2023-09-05 14:30:00-04:00,44.25749969482422,44.30609893798828,44.2400016784668,44.290000915527344,7998,0.0,0.0,0.0
2023-09-05 15:30:00-04:00,44.277198791503906,44.28499984741211,44.24850082397461,44.24850082397461,1230,0.0,0.0,0.0
2023-09-06 09:30:00-04:00,44.25,44.41999816894531,44.22999954223633,44.2400016784668,0,0.0,0.0,0.0
2023-09-06 10:30:00-04:00,44.119998931884766,44.150001525878906,44.119998931884766,44.150001525878906,751,0.0,0.0,0.0
2023-09-06 11:30:00-04:00,44.15599822998047,44.15599822998047,44.119998931884766,44.119998931884766,424,0.0,0.0,0.0
2023-09-06 12:30:00-04:00,44.06999969482422,44.06999969482422,44.06999969482422,44.06999969482422,399,0.0,0.0,0.0
2023-09-06 13:30:00-04:00,44.06999969482422,44.14970016479492,44.06999969482422,44.13909912109375,1978,0.0,0.0,0.0
2023-09-06 14:30:00-04:00,44.110801696777344,44.12990188598633,44.06700134277344,44.12990188598633,3200,0.0,0.0,0.0
2023-09-06 15:30:00-04:00,44.119998931884766,44.139801025390625,44.09000015258789,44.119998931884766,4059,0.0,0.0,0.0
2023-09-07 09:30:00-04:00,43.709999084472656,43.709999084472656,43.619998931884766,43.619998931884766,1577,0.0,0.0,0.0
2023-09-07 10:30:00-04:00,43.68000030517578,43.72999954223633,43.630001068115234,43.72999954223633,1183,0.0,0.0,0.0
2023-09-07 11:30:00-04:00,43.744998931884766,43.81990051269531,43.72010040283203,43.81990051269531,1742,0.0,0.0,0.0
2023-09-07 12:30:00-04:00,43.81990051269531,43.81990051269531,43.75239944458008,43.77000045776367,2840,0.0,0.0,0.0
2023-09-07 13:30:00-04:00,43.74169921875,43.7599983215332,43.72999954223633,43.759700775146484,12466,0.0,0.0,0.0
2023-09-07 14:30:00-04:00,43.720001220703125,43.75,43.70009994506836,43.744998931884766,4082,0.0,0.0,0.0
2023-09-07 15:30:00-04:00,43.75,43.7599983215332,43.75,43.7599983215332,445,0.0,0.0,0.0
2023-09-08 09:30:00-04:00,43.90999984741211,43.9900016784668,43.90999984741211,43.975799560546875,0,0.0,0.0,0.0
2023-09-08 11:30:00-04:00,43.90999984741211,43.90999984741211,43.900001525878906,43.900001525878906,674,0.0,0.0,0.0
2023-09-08 12:30:00-04:00,43.88999938964844,43.88999938964844,43.869998931884766,43.869998931884766,791,0.0,0.0,0.0
2023-09-08 13:30:00-04:00,43.94990158081055,43.94990158081055,43.88999938964844,43.88999938964844,6827,0.0,0.0,0.0
2023-09-08 14:30:00-04:00,43.919898986816406,43.92879867553711,43.81999969482422,43.900001525878906,0,0.0,0.0,0.0
2023-09-08 15:30:00-04:00,43.89500045776367,43.91999816894531,43.89500045776367,43.91999816894531,16120,0.0,0.0,0.0
2023-09-11 09:30:00-04:00,44.290000915527344,44.310001373291016,44.12779998779297,44.150001525878906,0,0.0,0.0,0.0
2023-09-11 10:30:00-04:00,44.21440124511719,44.279998779296875,44.20500183105469,44.20500183105469,911,0.0,0.0,0.0
2023-09-11 12:30:00-04:00,44.18339920043945,44.2400016784668,44.18339920043945,44.2400016784668,570,0.0,0.0,0.0
2023-09-11 13:30:00-04:00,44.2400016784668,44.290000915527344,44.239898681640625,44.290000915527344,922,0.0,0.0,0.0
2023-09-11 14:30:00-04:00,44.22100067138672,44.31999969482422,44.22100067138672,44.290000915527344,2471,0.0,0.0,0.0
2023-09-11 15:30:00-04:00,44.28889846801758,44.36000061035156,44.28889846801758,44.29499816894531,0,0.0,0.0,0.0
2023-09-12 09:30:00-04:00,43.79999923706055,43.93000030517578,43.79100036621094,43.93000030517578,2376,0.0,0.0,0.0
2023-09-12 10:30:00-04:00,43.83000183105469,43.849998474121094,43.81999969482422,43.849998474121094,753,0.0,0.0,0.0
2023-09-12 11:30:00-04:00,43.900001525878906,43.95000076293945,43.89649963378906,43.95000076293945,6181,0.0,0.0,0.0
2023-09-12 12:30:00-04:00,43.9203987121582,43.97999954223633,43.9203987121582,43.94620132446289,713,0.0,0.0,0.0
2023-09-12 13:30:00-04:00,43.9900016784668,44.0,43.95000076293945,43.98849868774414,3016,0.0,0.0,0.0
2023-09-12 14:30:00-04:00,43.95000076293945,43.95000076293945,43.91569900512695,43.91569900512695,3001,0.0,0.0,0.0
2023-09-12 15:30:00-04:00,43.95000076293945,43.95000076293945,43.935001373291016,43.935001373291016,1512,0.0,0.0,0.0
2023-09-13 09:30:00-04:00,43.95000076293945,44.03499984741211,43.9213981628418,43.935001373291016,0,0.0,0.0,0.0
2023-09-13 10:30:00-04:00,44.06999969482422,44.11000061035156,44.060001373291016,44.060001373291016,1293,0.0,0.0,0.0
2023-09-13 11:30:00-04:00,44.099700927734375,44.099700927734375,44.010101318359375,44.010101318359375,700,0.0,0.0,0.0
2023-09-13 12:30:00-04:00,44.09920120239258,44.09920120239258,44.069801330566406,44.069801330566406,1462,0.0,0.0,0.0
2023-09-13 13:30:00-04:00,44.04499816894531,44.04499816894531,44.04499816894531,44.04499816894531,514,0.0,0.0,0.0
2023-09-13 14:30:00-04:00,43.954498291015625,43.9900016784668,43.95000076293945,43.959999084472656,2322,0.0,0.0,0.0
2023-09-13 15:30:00-04:00,44.0,44.02000045776367,44.0,44.0099983215332,0,0.0,0.0,0.0
2023-09-14 09:30:00-04:00,44.400001525878906,44.400001525878906,44.290000915527344,44.290000915527344,841,0.0,0.0,0.0
2023-09-14 10:30:00-04:00,44.41999816894531,44.470001220703125,44.41999816894531,44.46900177001953,2788,0.0,0.0,0.0
2023-09-14 11:30:00-04:00,44.46500015258789,44.46500015258789,44.415000915527344,44.41999816894531,4563,0.0,0.0,0.0
2023-09-14 12:30:00-04:00,44.45000076293945,44.4900016784668,44.45000076293945,44.4900016784668,332,0.0,0.0,0.0
2023-09-14 13:30:00-04:00,44.40660095214844,44.40660095214844,44.40660095214844,44.40660095214844,805,0.0,0.0,0.0
2023-09-14 14:30:00-04:00,44.40999984741211,44.45500183105469,44.400001525878906,44.45500183105469,3291,0.0,0.0,0.0
2023-09-14 15:30:00-04:00,44.45500183105469,44.4900016784668,44.45500183105469,44.470001220703125,1438,0.0,0.0,0.0
2023-09-15 09:30:00-04:00,44.5,44.52000045776367,44.380001068115234,44.459999084472656,0,0.0,0.0,0.0
2023-09-15 10:30:00-04:00,44.38999938964844,44.43000030517578,44.364601135253906,44.364601135253906,1551,0.0,0.0,0.0
2023-09-15 11:30:00-04:00,44.380001068115234,44.404998779296875,44.380001068115234,44.404998779296875,2022,0.0,0.0,0.0
2023-09-15 13:30:00-04:00,44.349998474121094,44.380001068115234,44.34989929199219,44.380001068115234,824,0.0,0.0,0.0
2023-09-15 14:30:00-04:00,44.367401123046875,44.380001068115234,44.310001373291016,44.310001373291016,6600,0.0,0.0,0.0
2023-09-15 15:30:00-04:00,44.310001373291016,44.310001373291016,44.2599983215332,44.310001373291016,2049,0.0,0.0,0.0
2023-09-18 09:30:00-04:00,44.20000076293945,44.25,44.18000030517578,44.25,0,0.0,0.0,0.0
2023-09-18 10:30:00-04:00,44.30500030517578,44.30970001220703,44.29999923706055,44.29999923706055,3829,0.0,0.0,0.0
2023-09-18 11:30:00-04:00,44.30500030517578,44.30500030517578,44.272701263427734,44.29690170288086,701,0.0,0.0,0.0
2023-09-18 12:30:00-04:00,44.27000045776367,44.399898529052734,44.26499938964844,44.399898529052734,4981,0.0,0.0,0.0
2023-09-18 13:30:00-04:00,44.399898529052734,44.399898529052734,44.33000183105469,44.33000183105469,1241,0.0,0.0,0.0
2023-09-18 14:30:00-04:00,44.300498962402344,44.349998474121094,44.29999923706055,44.349998474121094,6574,0.0,0.0,0.0
2023-09-18 15:30:00-04:00,44.349998474121094,44.349998474121094,44.27000045776367,44.27000045776367,0,0.0,0.0,0.0
2023-09-19 09:30:00-04:00,44.279998779296875,44.279998779296875,44.22999954223633,44.2400016784668,5646,0.0,0.0,0.0
2023-09-19 10:30:00-04:00,44.16999816894531,44.18000030517578,44.16999816894531,44.18000030517578,2454,0.0,0.0,0.0
2023-09-19 11:30:00-04:00,44.150001525878906,44.18000030517578,44.150001525878906,44.18000030517578,1849,0.0,0.0,0.0
2023-09-19 12:30:00-04:00,44.171600341796875,44.171600341796875,44.099998474121094,44.099998474121094,2009,0.0,0.0,0.0
2023-09-19 13:30:00-04:00,44.194400787353516,44.209999084472656,44.194400787353516,44.209999084472656,619,0.0,0.0,0.0
2023-09-19 14:30:00-04:00,44.20000076293945,44.220001220703125,44.15999984741211,44.16740036010742,2146,0.0,0.0,0.0
2023-09-19 15:30:00-04:00,44.209999084472656,44.220001220703125,44.15999984741211,44.15999984741211,0,0.0,0.0,0.0
2023-09-20 09:30:00-04:00,44.43000030517578,44.4635009765625,44.40729904174805,44.4635009765625,2964,0.0,0.0,0.0
2023-09-20 10:30:00-04:00,44.4900016784668,44.4900016784668,44.43000030517578,44.43000030517578,1648,0.0,0.0,0.0
2023-09-20 12:30:00-04:00,44.439998626708984,44.47999954223633,44.43000030517578,44.43000030517578,4861,0.0,0.0,0.0
2023-09-20 13:30:00-04:00,44.48400115966797,44.48400115966797,44.34000015258789,44.40999984741211,1022,0.0,0.0,0.0
2023-09-20 14:30:00-04:00,44.369998931884766,44.380001068115234,44.13999938964844,44.13999938964844,19417,0.0,0.0,0.0
2023-09-20 15:30:00-04:00,44.150001525878906,44.150001525878906,44.11000061035156,44.11000061035156,1210,0.0,0.0,0.0
2023-09-21 09:30:00-04:00,43.5099983215332,43.5099983215332,43.345001220703125,43.38999938964844,0,0.0,0.0,0.0
2023-09-21 10:30:00-04:00,43.494998931884766,43.494998931884766,43.494998931884766,43.494998931884766,262,0.0,0.0,0.0
2023-09-21 11:30:00-04:00,43.5098991394043,43.5098991394043,43.45000076293945,43.45000076293945,1446,0.0,0.0,0.0
2023-09-21 12:30:00-04:00,43.45000076293945,43.46269989013672,43.45000076293945,43.46269989013672,598,0.0,0.0,0.0
2023-09-21 13:30:00-04:00,43.47999954223633,43.5,43.47999954223633,43.5,2965,0.0,0.0,0.0
2023-09-21 14:30:00-04:00,43.499000549316406,43.499000549316406,43.439998626708984,43.439998626708984,2537,0.0,0.0,0.0
2023-09-21 15:30:00-04:00,43.404998779296875,43.404998779296875,43.36000061035156,43.36000061035156,546,0.0,0.0,0.0
2023-09-22 09:30:00-04:00,43.939998626708984,44.029998779296875,43.9202995300293,43.959999084472656,0,0.0,0.0,0.0
2023-09-22 10:30:00-04:00,44.0,44.050498962402344,43.900001525878906,43.900001525878906,2642,0.0,0.0,0.0
2023-09-22 11:30:00-04:00,43.900001525878906,43.900001525878906,43.900001525878906,43.900001525878906,344,0.0,0.0,0.0
2023-09-22 12:30:00-04:00,43.85100173950195,43.85100173950195,43.84320068359375,43.84320068359375,587,0.0,0.0,0.0
2023-09-22 13:30:00-04:00,43.79999923706055,43.81999969482422,43.77000045776367,43.81999969482422,953,0.0,0.0,0.0
2023-09-22 14:30:00-04:00,43.849998474121094,43.86000061035156,43.849998474121094,43.86000061035156,1265,0.0,0.0,0.0
2023-09-22 15:30:00-04:00,43.779998779296875,43.849998474121094,43.77000045776367,43.785099029541016,2576,0.0,0.0,0.0
2023-09-25 09:30:00-04:00,43.54999923706055,43.61800003051758,43.420101165771484,43.5099983215332,7883,0.0,0.0,0.0
2023-09-25 10:30:00-04:00,43.5099983215332,43.54999923706055,43.5099983215332,43.54999923706055,1284,0.0,0.0,0.0
2023-09-25 11:30:00-04:00,43.66999816894531,43.68000030517578,43.570098876953125,43.65999984741211,4820,0.0,0.0,0.0
2023-09-25 12:30:00-04:00,43.68000030517578,43.68000030517578,43.580101013183594,43.580101013183594,1765,0.0,0.0,0.0
2023-09-25 13:30:00-04:00,43.65999984741211,43.65999984741211,43.630001068115234,43.650001525878906,1375,0.0,0.0,0.0
2023-09-25 14:30:00-04:00,43.650001525878906,43.65999984741211,43.599998474121094,43.599998474121094,4786,0.0,0.0,0.0
2023-09-25 15:30:00-04:00,43.62329864501953,43.62329864501953,43.54999923706055,43.59000015258789,0,0.0,0.0,0.0
2023-09-26 09:30:00-04:00,43.22999954223633,43.265098571777344,43.15999984741211,43.15999984741211,13820,0.0,0.0,0.0
2023-09-26 10:30:00-04:00,43.22999954223633,43.27000045776367,43.130001068115234,43.130001068115234,2306,0.0,0.0,0.0
2023-09-26 11:30:00-04:00,43.07500076293945,43.07500076293945,43.07500076293945,43.07500076293945,209,0.0,0.0,0.0
2023-09-26 12:30:00-04:00,43.130001068115234,43.130001068115234,43.042999267578125,43.119998931884766,841,0.0,0.0,0.0
2023-09-26 13:30:00-04:00,43.029998779296875,43.04499816894531,43.01620101928711,43.02989959716797,1947,0.0,0.0,0.0
2023-09-26 14:30:00-04:00,43.01499938964844,43.029998779296875,42.935001373291016,42.935001373291016,8962,0.0,0.0,0.0
2023-09-26 15:30:00-04:00,43.040000915527344,43.040000915527344,43.040000915527344,43.040000915527344,492,0.0,0.0,0.0
2023-09-27 09:30:00-04:00,43.22999954223633,43.27000045776367,43.130001068115234,43.130001068115234,0,0.0,0.0,0.0
2023-09-27 10:30:00-04:00,43.18000030517578,43.18000030517578,43.08000183105469,43.152000427246094,1471,0.0,0.0,0.0
2023-09-27 11:30:00-04:00,43.08000183105469,43.08000183105469,42.939998626708984,42.939998626708984,3156,0.0,0.0,0.0
2023-09-27 12:30:00-04:00,42.95000076293945,42.95000076293945,42.95000076293945,42.95000076293945,220,0.0,0.0,0.0
2023-09-27 13:30:00-04:00,42.900001525878906,43.03990173339844,42.900001525878906,43.03990173339844,1077,0.0,0.0,0.0
2023-09-27 14:30:00-04:00,43.03499984741211,43.209999084472656,43.03499984741211,43.158599853515625,12500,0.0,0.0,0.0
2023-09-27 15:30:00-04:00,43.137298583984375,43.13999938964844,43.099998474121094,43.13999938964844,839,0.0,0.0,0.0
2023-09-28 09:30:00-04:00,43.11000061035156,43.11000061035156,43.029998779296875,43.08000183105469,0,0.0,0.0,0.0
2023-09-28 10:30:00-04:00,43.27000045776367,43.279998779296875,43.25299835205078,43.279998779296875,1240,0.0,0.0,0.0
2023-09-28 11:30:00-04:00,43.34000015258789,43.38999938964844,43.290000915527344,43.38999938964844,8387,0.0,0.0,0.0
2023-09-28 12:30:00-04:00,43.38999938964844,43.40999984741211,43.38999938964844,43.40999984741211,3956,0.0,0.0,0.0
2023-09-28 13:30:00-04:00,43.31999969482422,43.349998474121094,43.27000045776367,43.27000045776367,967,0.0,0.0,0.0
2023-09-28 14:30:00-04:00,43.27000045776367,43.369998931884766,43.27000045776367,43.290000915527344,4324,0.0,0.0,0.0
2023-09-28 15:30:00-04:00,43.35499954223633,43.380001068115234,43.35499954223633,43.380001068115234,2276,0.0,0.0,0.0
2023-09-29 09:30:00-04:00,43.790000915527344,43.814701080322266,43.5099983215332,43.5099983215332,0,0.0,0.0,0.0
2023-09-29 10:30:00-04:00,43.599998474121094,43.619998931884766,43.59000015258789,43.59000015258789,1071,0.0,0.0,0.0
2023-09-29 11:30:00-04:00,43.59000015258789,43.630001068115234,43.5359992980957,43.540000915527344,1454,0.0,0.0,0.0
2023-09-29 12:30:00-04:00,43.540000915527344,43.540000915527344,43.45000076293945,43.4900016784668,623,0.0,0.0,0.0
2023-09-29 13:30:00-04:00,43.40999984741211,43.459999084472656,43.349998474121094,43.439998626708984,4601,0.0,0.0,0.0
2023-09-29 14:30:00-04:00,43.45000076293945,43.52989959716797,43.400001525878906,43.400001525878906,2096,0.0,0.0,0.0
2023-09-29 15:30:00-04:00,43.43000030517578,43.439998626708984,43.40999984741211,43.439998626708984,5546,0.0,0.0,0.0
2023-10-02 09:30:00-04:00,43.400001525878906,43.40999984741211,43.16999816894531,43.16999816894531,0,0.0,0.0,0.0
2023-10-02 10:30:00-04:00,43.16999816894531,43.17789840698242,43.150001525878906,43.150001525878906,3330,0.0,0.0,0.0
2023-10-02 11:30:00-04:00,43.1150016784668,43.1150016784668,43.11000061035156,43.11000061035156,487,0.0,0.0,0.0
2023-10-02 12:30:00-04:00,43.100101470947266,43.11000061035156,43.06480026245117,43.06480026245117,3075,0.0,0.0,0.0
2023-10-02 13:30:00-04:00,43.13999938964844,43.13999938964844,43.064998626708984,43.11000061035156,1127,0.0,0.0,0.0
2023-10-02 14:30:00-04:00,43.040000915527344,43.13999938964844,43.020999908447266,43.13999938964844,8907,0.0,0.0,0.0
2023-10-02 15:30:00-04:00,43.0890007019043,43.189998626708984,43.0890007019043,43.189998626708984,0,0.0,0.0,0.0
2023-10-03 09:30:00-04:00,42.810001373291016,42.93000030517578,42.70000076293945,42.70000076293945,2407,0.0,0.0,0.0
2023-10-03 10:30:00-04:00,42.738399505615234,42.78499984741211,42.61000061035156,42.66999816894531,3335,0.0,0.0,0.0
2023-10-03 11:30:00-04:00,42.65639877319336,42.72990036010742,42.630001068115234,42.7057991027832,2505,0.0,0.0,0.0
2023-10-03 12:30:00-04:00,42.7599983215332,42.7599983215332,42.68000030517578,42.68000030517578,1044,0.0,0.0,0.0
2023-10-03 13:30:00-04:00,42.65999984741211,42.65999984741211,42.54999923706055,42.609901428222656,6891,0.0,0.0,0.0
2023-10-03 14:30:00-04:00,42.560001373291016,42.66999816894531,42.558799743652344,42.63999938964844,2782,0.0,0.0,0.0
2023-10-03 15:30:00-04:00,42.61000061035156,42.63999938964844,42.540000915527344,42.624000549316406,4039,0.0,0.0,0.0
2023-10-04 09:30:00-04:00,42.619998931884766,42.619998931884766,42.310001373291016,42.310001373291016,0,0.0,0.0,0.0
2023-10-04 10:30:00-04:00,42.34000015258789,42.369998931884766,42.34000015258789,42.349998474121094,1293,0.0,0.0,0.0
2023-10-04 11:30:00-04:00,42.400001525878906,42.54209899902344,42.400001525878906,42.4640998840332,2929,0.0,0.0,0.0
2023-10-04 12:30:00-04:00,42.48720169067383,42.58000183105469,42.40999984741211,42.42499923706055,5131,0.0,0.0,0.0
2023-10-04 13:30:00-04:00,42.34000015258789,42.40399932861328,42.34000015258789,42.40399932861328,2839,0.0,0.0,0.0
2023-10-04 14:30:00-04:00,42.38249969482422,42.39459991455078,42.38249969482422,42.3838005065918,1889,0.0,0.0,0.0
2023-10-04 15:30:00-04:00,42.369998931884766,42.43000030517578,42.369998931884766,42.43000030517578,6229,0.0,0.0,0.0
2023-10-05 09:30:00-04:00,42.540000915527344,42.540000915527344,42.400001525878906,42.4182014465332,3625,0.0,0.0,0.0
2023-10-05 10:30:00-04:00,42.439998626708984,42.439998626708984,42.27000045776367,42.380001068115234,5272,0.0,0.0,0.0
2023-10-05 11:30:00-04:00,42.40999984741211,42.459999084472656,42.40999984741211,42.459999084472656,2148,0.0,0.0,0.0
2023-10-05 12:30:00-04:00,42.42169952392578,42.43000030517578,42.42169952392578,42.43000030517578,1683,0.0,0.0,0.0
2023-10-05 13:30:00-04:00,42.505001068115234,42.60300064086914,42.505001068115234,42.60300064086914,5486,0.0,0.0,0.0
2023-10-05 14:30:00-04:00,42.61000061035156,42.63999938964844,42.529998779296875,42.61000061035156,12993,0.0,0.0,0.0
2023-10-05 15:30:00-04:00,42.630001068115234,42.630001068115234,42.61159896850586,42.619998931884766,1317,0.0,0.0,0.0
2023-10-06 09:30:00-04:00,42.709999084472656,42.709999084472656,42.59280014038086,42.59280014038086,0,0.0,0.0,0.0
2023-10-06 10:30:00-04:00,42.790000915527344,42.977699279785156,42.790000915527344,42.977699279785156,1915,0.0,0.0,0.0
2023-10-06 11:30:00-04:00,43.15999984741211,43.15999984741211,43.15999984741211,43.15999984741211,373,0.0,0.0,0.0
2023-10-06 12:30:00-04:00,43.13999938964844,43.22999954223633,43.13999938964844,43.22999954223633,4463,0.0,0.0,0.0
2023-10-06 13:30:00-04:00,43.208900451660156,43.208900451660156,43.16999816894531,43.20000076293945,708,0.0,0.0,0.0
2023-10-06 14:30:00-04:00,43.2599983215332,43.27000045776367,43.150001525878906,43.20000076293945,4476,0.0,0.0,0.0
2023-10-06 15:30:00-04:00,43.22999954223633,43.22999954223633,43.150001525878906,43.173500061035156,1079,0.0,0.0,0.0
2023-10-09 09:30:00-04:00,42.7599983215332,42.7599983215332,42.66999816894531,42.66999816894531,1522,0.0,0.0,0.0
2023-10-09 10:30:00-04:00,42.70500183105469,42.7400016784668,42.70500183105469,42.7400016784668,3756,0.0,0.0,0.0
2023-10-09 11:30:00-04:00,42.75,42.84000015258789,42.75,42.84000015258789,2182,0.0,0.0,0.0
2023-10-09 12:30:00-04:00,42.775001525878906,42.781700134277344,42.775001525878906,42.781700134277344,616,0.0,0.0,0.0
2023-10-09 13:30:00-04:00,42.970001220703125,43.022701263427734,42.970001220703125,43.022701263427734,8889,0.0,0.0,0.0
2023-10-09 14:30:00-04:00,43.02000045776367,43.09000015258789,43.02000045776367,43.0359992980957,6189,0.0,0.0,0.0
2023-10-09 15:30:00-04:00,43.03020095825195,43.08000183105469,43.0099983215332,43.08000183105469,667,0.0,0.0,0.0
2023-10-10 09:30:00-04:00,43.349998474121094,43.59000015258789,43.349998474121094,43.56999969482422,0,0.0,0.0,0.0
2023-10-10 10:30:00-04:00,43.57500076293945,43.68000030517578,43.52009963989258,43.66999816894531,5523,0.0,0.0,0.0
2023-10-10 11:30:00-04:00,43.66999816894531,43.70000076293945,43.59000015258789,43.689998626708984,2765,0.0,0.0,0.0
2023-10-10 12:30:00-04:00,43.619998931884766,43.650001525878906,43.6150016784668,43.650001525878906,800,0.0,0.0,0.0
2023-10-10 13:30:00-04:00,43.650001525878906,43.669898986816406,43.599998474121094,43.627899169921875,3608,0.0,0.0,0.0
2023-10-10 14:30:00-04:00,43.70000076293945,43.70000076293945,43.634300231933594,43.689998626708984,1692,0.0,0.0,0.0
2023-10-10 15:30:00-04:00,43.70000076293945,43.709999084472656,43.63999938964844,43.693599700927734,2702,0.0,0.0,0.0
2023-10-11 09:30:00-04:00,43.7599983215332,43.79999923706055,43.72999954223633,43.72999954223633,0,0.0,0.0,0.0
2023-10-11 10:30:00-04:00,43.779998779296875,43.779998779296875,43.689998626708984,43.689998626708984,1070,0.0,0.0,0.0
2023-10-11 11:30:00-04:00,43.630001068115234,43.630001068115234,43.56999969482422,43.56999969482422,450,0.0,0.0,0.0
2023-10-11 12:30:00-04:00,43.58000183105469,43.58000183105469,43.54999923706055,43.54999923706055,805,0.0,0.0,0.0
2023-10-11 13:30:00-04:00,43.5099983215332,43.609901428222656,43.5099983215332,43.529998779296875,494,0.0,0.0,0.0
2023-10-11 14:30:00-04:00,43.6349983215332,43.66999816894531,43.599998474121094,43.65999984741211,3550,0.0,0.0,0.0
2023-10-11 15:30:00-04:00,43.61000061035156,43.73500061035156,43.61000061035156,43.67499923706055,3485,0.0,0.0,0.0
2023-10-12 09:30:00-04:00,43.900001525878906,43.900001525878906,43.5,43.529998779296875,0,0.0,0.0,0.0
2023-10-12 10:30:00-04:00,43.5,43.5099983215332,43.499900817871094,43.5098991394043,1565,0.0,0.0,0.0
2023-10-12 11:30:00-04:00,43.5,43.5255012512207,43.481998443603516,43.5255012512207,1990,0.0,0.0,0.0
2023-10-12 12:30:00-04:00,43.5,43.5,43.380001068115234,43.380001068115234,1826,0.0,0.0,0.0
2023-10-12 13:30:00-04:00,43.20000076293945,43.20000076293945,43.20000076293945,43.20000076293945,575,0.0,0.0,0.0
2023-10-12 14:30:00-04:00,43.358299255371094,43.358299255371094,43.29999923706055,43.29999923706055,968,0.0,0.0,0.0
2023-10-12 15:30:00-04:00,43.36029815673828,43.38999938964844,43.36029815673828,43.38999938964844,512,0.0,0.0,0.0
2023-10-13 09:30:00-04:00,43.45869827270508,43.45869827270508,43.369998931884766,43.369998931884766,944,0.0,0.0,0.0
2023-10-13 10:30:00-04:00,43.400001525878906,43.400001525878906,43.31999969482422,43.31999969482422,1109,0.0,0.0,0.0
2023-10-13 12:30:00-04:00,43.29999923706055,43.29999923706055,43.2599983215332,43.2599983215332,1477,0.0,0.0,0.0
2023-10-13 13:30:00-04:00,43.15010070800781,43.27000045776367,43.15010070800781,43.23500061035156,3204,0.0,0.0,0.0
2023-10-13 14:30:00-04:00,43.25,43.30799865722656,43.220001220703125,43.24850082397461,4380,0.0,0.0,0.0
2023-10-13 15:30:00-04:00,43.288700103759766,43.288700103759766,43.21549987792969,43.22999954223633,628,0.0,0.0,0.0
2023-10-16 09:30:00-04:00,43.2599983215332,43.470001220703125,43.2599983215332,43.470001220703125,0,0.0,0.0,0.0
2023-10-16 10:30:00-04:00,43.5099983215332,43.5099983215332,43.5099983215332,43.5099983215332,1009,0.0,0.0,0.0
2023-10-16 11:30:00-04:00,43.56999969482422,43.56999969482422,43.56999969482422,43.56999969482422,958,0.0,0.0,0.0
2023-10-16 12:30:00-04:00,43.595001220703125,43.599998474121094,43.56999969482422,43.56999969482422,1806,0.0,0.0,0.0
2023-10-16 13:30:00-04:00,43.599998474121094,43.599998474121094,43.599998474121094,43.599998474121094,1489,0.0,0.0,0.0
2023-10-16 14:30:00-04:00,43.599998474121094,43.619998931884766,43.52000045776367,43.61000061035156,2015,0.0,0.0,0.0
2023-10-16 15:30:00-04:00,43.599998474121094,43.619998931884766,43.560001373291016,43.61579895019531,2148,0.0,0.0,0.0
2023-10-17 09:30:00-04:00,43.22999954223633,43.368099212646484,43.184200286865234,43.368099212646484,0,0.0,0.0,0.0
2023-10-17 10:30:00-04:00,43.43000030517578,43.507198333740234,43.43000030517578,43.507198333740234,950,0.0,0.0,0.0
2023-10-17 11:30:00-04:00,43.5,43.61000061035156,43.5,43.540000915527344,2454,0.0,0.0,0.0
2023-10-17 12:30:00-04:00,43.52000045776367,43.52000045776367,43.459999084472656,43.459999084472656,1178,0.0,0.0,0.0
2023-10-17 13:30:00-04:00,43.459999084472656,43.459999084472656,43.380001068115234,43.380001068115234,1151,0.0,0.0,0.0
2023-10-17 14:30:00-04:00,43.375,43.380001068115234,43.33000183105469,43.380001068115234,1087,0.0,0.0,0.0
2023-10-17 15:30:00-04:00,43.38010025024414,43.41999816894531,43.380001068115234,43.41999816894531,1128,0.0,0.0,0.0
2023-10-18 09:30:00-04:00,43.09000015258789,43.09000015258789,43.0,43.0,1444,0.0,0.0,0.0
2023-10-18 10:30:00-04:00,42.900001525878906,42.900001525878906,42.84000015258789,42.84000015258789,1180,0.0,0.0,0.0
2023-10-18 11:30:00-04:00,42.81999969482422,42.869998931884766,42.810001373291016,42.810001373291016,2025,0.0,0.0,0.0
2023-10-18 12:30:00-04:00,42.839900970458984,42.900001525878906,42.81999969482422,42.900001525878906,6605,0.0,0.0,0.0
2023-10-18 13:30:00-04:00,42.900001525878906,42.900001525878906,42.81999969482422,42.8849983215332,1310,0.0,0.0,0.0
2023-10-18 14:30:00-04:00,42.86000061035156,42.86000061035156,42.750099182128906,42.750099182128906,3834,0.0,0.0,0.0
2023-10-18 15:30:00-04:00,42.79999923706055,42.79999923706055,42.7400016784668,42.76110076904297,4407,0.0,0.0,0.0
2023-10-19 09:30:00-04:00,42.689998626708984,42.70000076293945,42.650001525878906,42.650001525878906,1098,0.0,0.0,0.0
2023-10-19 10:30:00-04:00,42.640899658203125,42.70000076293945,42.599998474121094,42.65999984741211,3839,0.0,0.0,0.0
2023-10-19 11:30:00-04:00,42.70800018310547,42.810001373291016,42.70800018310547,42.810001373291016,1090,0.0,0.0,0.0
2023-10-19 12:30:00-04:00,42.70500183105469,42.89139938354492,42.650001525878906,42.79999923706055,0,0.0,0.0,0.0
2023-10-19 13:30:00-04:00,42.79999923706055,42.79999923706055,42.709999084472656,42.7848014831543,11876,0.0,0.0,0.0
2023-10-19 14:30:00-04:00,42.650001525878906,42.68000030517578,42.54999923706055,42.595001220703125,10300,0.0,0.0,0.0
2023-10-19 15:30:00-04:00,42.560001373291016,42.630001068115234,42.560001373291016,42.612701416015625,0,0.0,0.0,0.0
2023-10-20 09:30:00-04:00,42.279998779296875,42.37860107421875,42.25,42.27000045776367,2886,0.0,0.0,0.0
2023-10-20 10:30:00-04:00,42.15999984741211,42.16999816894531,42.15999984741211,42.16999816894531,707,0.0,0.0,0.0
2023-10-20 11:30:00-04:00,42.16999816894531,42.16999816894531,42.150001525878906,42.150001525878906,2814,0.0,0.0,0.0
2023-10-20 12:30:00-04:00,42.16999816894531,42.220001220703125,42.16999816894531,42.20000076293945,2582,0.0,0.0,0.0
2023-10-20 13:30:00-04:00,42.25469970703125,42.25469970703125,42.150001525878906,42.150001525878906,2810,0.0,0.0,0.0
2023-10-20 14:30:00-04:00,42.179901123046875,42.179901123046875,42.08000183105469,42.125,7987,0.0,0.0,0.0
2023-10-20 15:30:00-04:00,42.10100173950195,42.12919998168945,42.09000015258789,42.12919998168945,4935,0.0,0.0,0.0
2023-10-23 09:30:00-04:00,41.849998474121094,41.96989822387695,41.599998474121094,41.96989822387695,0,0.0,0.0,0.0
2023-10-23 10:30:00-04:00,41.871700286865234,42.029998779296875,41.871700286865234,42.029701232910156,5304,0.0,0.0,0.0
2023-10-23 11:30:00-04:00,42.029998779296875,42.040000915527344,42.005001068115234,42.03889846801758,0,0.0,0.0,0.0
2023-10-23 12:30:00-04:00,42.11000061035156,42.119998931884766,42.040000915527344,42.099998474121094,27121,0.0,0.0,0.0
2023-10-23 13:30:00-04:00,42.060001373291016,42.08000183105469,42.060001373291016,42.06890106201172,1820,0.0,0.0,0.0
2023-10-23 14:30:00-04:00,42.06999969482422,42.11000061035156,42.01020050048828,42.01020050048828,11217,0.0,0.0,0.0
2023-10-23 15:30:00-04:00,41.980201721191406,42.0,41.91999816894531,42.0,3839,0.0,0.0,0.0
2023-10-24 09:30:00-04:00,42.220001220703125,42.59000015258789,42.220001220703125,42.59000015258789,0,0.0,0.0,0.0
2023-10-24 10:30:00-04:00,42.61000061035156,42.619998931884766,42.61000061035156,42.619998931884766,383,0.0,0.0,0.0
2023-10-24 11:30:00-04:00,42.54999923706055,42.54999923706055,42.540000915527344,42.540000915527344,917,0.0,0.0,0.0
2023-10-24 12:30:00-04:00,42.43000030517578,42.474998474121094,42.43000030517578,42.474998474121094,1728,0.0,0.0,0.0
2023-10-24 13:30:00-04:00,42.560001373291016,42.58000183105469,42.560001373291016,42.58000183105469,25478,0.0,0.0,0.0
2023-10-24 14:30:00-04:00,42.599998474121094,42.61000061035156,42.59000015258789,42.609901428222656,1483,0.0,0.0,0.0
2023-10-24 15:30:00-04:00,42.619998931884766,42.619998931884766,42.59000015258789,42.59090042114258,1132,0.0,0.0,0.0
2023-10-25 09:30:00-04:00,42.290000915527344,43.0,42.13079833984375,42.13079833984375,0,0.0,0.0,0.0
2023-10-25 10:30:00-04:00,42.130001068115234,42.220001220703125,42.130001068115234,42.220001220703125,1044,0.0,0.0,0.0
2023-10-25 11:30:00-04:00,42.17599868774414,42.17599868774414,42.17599868774414,42.17599868774414,179,0.0,0.0,0.0
2023-10-25 12:30:00-04:00,42.17919921875,42.17919921875,42.060001373291016,42.12289810180664,2208,0.0,0.0,0.0
2023-10-25 13:30:00-04:00,42.084999084472656,42.084999084472656,42.02830123901367,42.02830123901367,7045,0.0,0.0,0.0
2023-10-25 14:30:00-04:00,42.130001068115234,42.15999984741211,42.07500076293945,42.137001037597656,10123,0.0,0.0,0.0
2023-10-25 15:30:00-04:00,42.099998474121094,42.099998474121094,42.099998474121094,42.099998474121094,346,0.0,0.0,0.0
2023-10-26 09:30:00-04:00,41.7599983215332,41.810001373291016,41.599998474121094,41.599998474121094,6982,0.0,0.0,0.0
2023-10-26 10:30:00-04:00,41.76499938964844,41.836299896240234,41.76499938964844,41.7672004699707,2417,0.0,0.0,0.0
2023-10-26 11:30:00-04:00,41.75,41.75,41.62770080566406,41.62770080566406,2052,0.0,0.0,0.0
2023-10-26 12:30:00-04:00,41.59000015258789,41.65999984741211,41.59000015258789,41.650001525878906,6650,0.0,0.0,0.0
2023-10-26 13:30:00-04:00,41.654998779296875,41.79999923706055,41.6349983215332,41.79999923706055,3081,0.0,0.0,0.0
2023-10-26 14:30:00-04:00,41.81829833984375,41.88930130004883,41.81829833984375,41.83000183105469,1828,0.0,0.0,0.0
2023-10-26 15:30:00-04:00,41.790000915527344,41.790000915527344,41.7599983215332,41.779998779296875,1774,0.0,0.0,0.0
2023-10-27 09:30:00-04:00,42.119998931884766,42.130001068115234,41.97169876098633,42.0099983215332,2694,0.0,0.0,0.0
2023-10-27 10:30:00-04:00,41.9640007019043,42.029998779296875,41.959999084472656,42.029998779296875,1228,0.0,0.0,0.0
2023-10-27 11:30:00-04:00,41.95000076293945,41.97999954223633,41.88999938964844,41.88999938964844,3086,0.0,0.0,0.0
2023-10-27 12:30:00-04:00,41.880001068115234,41.880001068115234,41.81999969482422,41.81999969482422,866,0.0,0.0,0.0
2023-10-27 13:30:00-04:00,41.77009963989258,41.77009963989258,41.72999954223633,41.72999954223633,950,0.0,0.0,0.0
2023-10-27 14:30:00-04:00,41.744998931884766,41.744998931884766,41.66999816894531,41.727699279785156,37479,0.0,0.0,0.0
2023-10-27 15:30:00-04:00,41.7599983215332,41.7599983215332,41.720001220703125,41.720001220703125,3962,0.0,0.0,0.0
2023-10-30 09:30:00-04:00,42.220001220703125,42.31949996948242,42.0,42.0,0,0.0,0.0,0.0
2023-10-30 10:30:00-04:00,42.029998779296875,42.18000030517578,42.02000045776367,42.09000015258789,4171,0.0,0.0,0.0
2023-10-30 11:30:00-04:00,42.040000915527344,42.040000915527344,42.0,42.0,655,0.0,0.0,0.0
2023-10-30 12:30:00-04:00,41.95000076293945,41.95000076293945,41.95000076293945,41.95000076293945,198,0.0,0.0,0.0
2023-10-30 13:30:00-04:00,41.9901008605957,42.040000915527344,41.97999954223633,42.025001525878906,2180,0.0,0.0,0.0
2023-10-30 14:30:00-04:00,42.0,42.099998474121094,42.0,42.08000183105469,2273,0.0,0.0,0.0
2023-10-30 15:30:00-04:00,42.20000076293945,42.20000076293945,42.119998931884766,42.198699951171875,2544,0.0,0.0,0.0
2023-10-31 09:30:00-04:00,41.72999954223633,41.77000045776367,41.560001373291016,41.61000061035156,0,0.0,0.0,0.0
2023-10-31 10:30:00-04:00,41.619998931884766,41.69419860839844,41.59000015258789,41.59000015258789,1780,0.0,0.0,0.0
2023-10-31 11:30:00-04:00,41.540000915527344,41.595001220703125,41.5,41.5,3507,0.0,0.0,0.0
2023-10-31 12:30:00-04:00,41.5,41.59000015258789,41.5,41.59000015258789,2661,0.0,0.0,0.0
2023-10-31 13:30:00-04:00,41.562198638916016,41.599998474121094,41.562198638916016,41.566001892089844,1008,0.0,0.0,0.0
2023-10-31 14:30:00-04:00,41.56990051269531,41.72909927368164,41.529998779296875,41.72909927368164,0,0.0,0.0,0.0
2023-11-01 09:30:00-04:00,41.77000045776367,41.94820022583008,41.63119888305664,41.94820022583008,9419,0.0,0.0,0.0
2023-11-01 10:30:00-04:00,41.95000076293945,41.95000076293945,41.810001373291016,41.810001373291016,461,0.0,0.0,0.0
2023-11-01 11:30:00-04:00,41.888301849365234,41.888301849365234,41.849998474121094,41.849998474121094,581,0.0,0.0,0.0
2023-11-01 12:30:00-04:00,41.81999969482422,41.90999984741211,41.81999969482422,41.849998474121094,3054,0.0,0.0,0.0
2023-11-01 13:30:00-04:00,41.84000015258789,41.939998626708984,41.84000015258789,41.880001068115234,1587,0.0,0.0,0.0
2023-11-01 14:30:00-04:00,41.93000030517578,42.09000015258789,41.869998931884766,42.0,9750,0.0,0.0,0.0
2023-11-01 15:30:00-04:00,42.06999969482422,42.06999969482422,42.02859878540039,42.02859878540039,0,0.0,0.0,0.0
2023-11-02 09:30:00-04:00,42.59000015258789,42.790000915527344,42.59000015258789,42.619998931884766,0,0.0,0.0,0.0
2023-11-02 10:30:00-04:00,42.7400016784668,42.75979995727539,42.689998626708984,42.75979995727539,1343,0.0,0.0,0.0
2023-11-02 11:30:00-04:00,42.709999084472656,42.72999954223633,42.68000030517578,42.68000030517578,1329,0.0,0.0,0.0
2023-11-02 12:30:00-04:00,42.69990158081055,42.69990158081055,42.62810134887695,42.62810134887695,4347,0.0,0.0,0.0
2023-11-02 13:30:00-04:00,42.75,42.767799377441406,42.731998443603516,42.744998931884766,3614,0.0,0.0,0.0
2023-11-02 14:30:00-04:00,42.7599983215332,42.79999923706055,42.749900817871094,42.75920104980469,0,0.0,0.0,0.0
2023-11-03 09:30:00-04:00,43.27000045776367,43.48860168457031,43.27000045776367,43.48860168457031,2018,0.0,0.0,0.0
2023-11-03 10:30:00-04:00,43.42499923706055,43.529998779296875,43.42499923706055,43.5,4094,0.0,0.0,0.0
2023-11-03 11:30:00-04:00,43.61000061035156,43.66999816894531,43.61000061035156,43.66999816894531,3149,0.0,0.0,0.0
2023-11-03 12:30:00-04:00,43.66999816894531,43.68000030517578,43.65999984741211,43.68000030517578,1145,0.0,0.0,0.0
2023-11-03 13:30:00-04:00,43.61159896850586,43.65999984741211,43.61000061035156,43.63750076293945,2892,0.0,0.0,0.0
2023-11-03 14:30:00-04:00,43.70000076293945,43.720001220703125,43.63999938964844,43.650001525878906,5260,0.0,0.0,0.0
2023-11-03 15:30:00-04:00,43.64649963378906,43.689998626708984,43.53010177612305,43.53730010986328,3166,0.0,0.0,0.0
2023-11-06 09:30:00-05:00,44.040000915527344,44.040000915527344,43.79999923706055,43.79999923706055,0,0.0,0.0,0.0
2023-11-06 10:30:00-05:00,43.9995002746582,43.9995002746582,43.95000076293945,43.95000076293945,464,0.0,0.0,0.0
2023-11-06 11:30:00-05:00,43.96989822387695,43.96989822387695,43.96989822387695,43.96989822387695,534,0.0,0.0,0.0
2023-11-06 12:30:00-05:00,43.916900634765625,43.916900634765625,43.71009826660156,43.79999923706055,2832,0.0,0.0,0.0
2023-11-06 13:30:00-05:00,43.79840087890625,43.79840087890625,43.79840087890625,43.79840087890625,398,0.0,0.0,0.0
2023-11-06 14:30:00-05:00,43.79999923706055,43.895599365234375,43.79999923706055,43.8650016784668,2175,0.0,0.0,0.0
2023-11-06 15:30:00-05:00,43.874900817871094,43.874900817871094,43.800201416015625,43.87189865112305,4327,0.0,0.0,0.0
2023-11-07 09:30:00-05:00,43.56999969482422,43.56999969482422,43.48680114746094,43.50640106201172,1462,0.0,0.0,0.0
2023-11-07 10:30:00-05:00,43.5,43.619998931884766,43.5,43.619998931884766,781,0.0,0.0,0.0
2023-11-07 11:30:00-05:00,43.52000045776367,43.57600021362305,43.5,43.52000045776367,3876,0.0,0.0,0.0
2023-11-07 12:30:00-05:00,43.51499938964844,43.60969924926758,43.5099983215332,43.59429931640625,1286,0.0,0.0,0.0
2023-11-07 13:30:00-05:00,43.55500030517578,43.650001525878906,43.500099182128906,43.63999938964844,4228,0.0,0.0,0.0
2023-11-07 14:30:00-05:00,43.67850112915039,43.67850112915039,43.540000915527344,43.60499954223633,5200,0.0,0.0,0.0
2023-11-07 15:30:00-05:00,43.63999938964844,43.63999938964844,43.540000915527344,43.60369873046875,0,0.0,0.0,0.0
2023-11-08 09:30:00-05:00,43.47999954223633,43.5099983215332,43.369998931884766,43.5099983215332,2057,0.0,0.0,0.0
2023-11-08 10:30:00-05:00,43.406898498535156,43.44499969482422,43.400001525878906,43.44499969482422,2428,0.0,0.0,0.0
2023-11-08 11:30:00-05:00,43.470001220703125,43.5182991027832,43.40629959106445,43.40629959106445,1163,0.0,0.0,0.0
2023-11-08 12:30:00-05:00,43.369998931884766,43.45989990234375,43.369998931884766,43.45989990234375,965,0.0,0.0,0.0
2023-11-08 13:30:00-05:00,43.40999984741211,43.459999084472656,43.40999984741211,43.459999084472656,631,0.0,0.0,0.0
2023-11-08 14:30:00-05:00,43.400001525878906,43.41999816894531,43.31999969482422,43.419898986816406,5606,0.0,0.0,0.0
2023-11-08 15:30:00-05:00,43.345001220703125,43.38880157470703,43.345001220703125,43.38880157470703,1094,0.0,0.0,0.0
2023-11-09 09:30:00-05:00,43.45000076293945,43.569000244140625,43.45000076293945,43.54999923706055,0,0.0,0.0,0.0
2023-11-09 10:30:00-05:00,43.5255012512207,43.5255012512207,43.51409912109375,43.523101806640625,1034,0.0,0.0,0.0
2023-11-09 11:30:00-05:00,43.5,43.525699615478516,43.459999084472656,43.459999084472656,1124,0.0,0.0,0.0
2023-11-09 12:30:00-05:00,43.474998474121094,43.474998474121094,43.25,43.25,1039,0.0,0.0,0.0
2023-11-09 13:30:00-05:00,43.29999923706055,43.29999923706055,43.18000030517578,43.18000030517578,2559,0.0,0.0,0.0
2023-11-09 14:30:00-05:00,43.13999938964844,43.13999938964844,43.095001220703125,43.1328010559082,2987,0.0,0.0,0.0
2023-11-09 15:30:00-05:00,43.08000183105469,43.119998931884766,43.08000183105469,43.11289978027344,0,0.0,0.0,0.0
2023-11-10 09:30:00-05:00,43.2400016784668,43.25,43.11000061035156,43.11000061035156,1364,0.0,0.0,0.0
2023-11-10 10:30:00-05:00,43.25,43.290000915527344,43.25,43.25,730,0.0,0.0,0.0
2023-11-10 11:30:00-05:00,43.2400016784668,43.37990188598633,43.2400016784668,43.32500076293945,6929,0.0,0.0,0.0
2023-11-10 12:30:00-05:00,43.40999984741211,43.439998626708984,43.400001525878906,43.400001525878906,1524,0.0,0.0,0.0
2023-11-10 13:30:00-05:00,43.43199920654297,43.464500427246094,43.412200927734375,43.464500427246094,5106,0.0,0.0,0.0
2023-11-10 14:30:00-05:00,43.45000076293945,43.5099983215332,43.38999938964844,43.47610092163086,4445,0.0,0.0,0.0
2023-11-10 15:30:00-05:00,43.4900016784668,43.540000915527344,43.48500061035156,43.48500061035156,1257,0.0,0.0,0.0
2023-11-13 09:30:00-05:00,43.45000076293945,43.45000076293945,43.31039810180664,43.400001525878906,0,0.0,0.0,0.0
2023-11-13 10:30:00-05:00,43.449501037597656,43.56890106201172,43.449501037597656,43.56890106201172,745,0.0,0.0,0.0
2023-11-13 12:30:00-05:00,43.59000015258789,43.60329818725586,43.53139877319336,43.60329818725586,1923,0.0,0.0,0.0
2023-11-13 13:30:00-05:00,43.61709976196289,43.61709976196289,43.599998474121094,43.599998474121094,1037,0.0,0.0,0.0
2023-11-13 14:30:00-05:00,43.619998931884766,43.62990188598633,43.540000915527344,43.58000183105469,5968,0.0,0.0,0.0
2023-11-13 15:30:00-05:00,43.59400177001953,43.619998931884766,43.541500091552734,43.541500091552734,2128,0.0,0.0,0.0
2023-11-14 09:30:00-05:00,44.130001068115234,44.400001525878906,44.130001068115234,44.400001525878906,0,0.0,0.0,0.0
2023-11-14 10:30:00-05:00,44.47999954223633,44.4900016784668,44.477500915527344,44.4900016784668,2318,0.0,0.0,0.0
2023-11-14 11:30:00-05:00,44.5099983215332,44.519798278808594,44.45500183105469,44.45500183105469,1833,0.0,0.0,0.0
2023-11-14 12:30:00-05:00,44.50960159301758,44.62799835205078,44.44670104980469,44.60490036010742,4529,0.0,0.0,0.0
2023-11-14 13:30:00-05:00,44.58000183105469,44.630001068115234,44.49850082397461,44.49850082397461,3072,0.0,0.0,0.0
2023-11-14 14:30:00-05:00,44.58259963989258,44.69499969482422,44.58259963989258,44.667198181152344,9464,0.0,0.0,0.0
2023-11-14 15:30:00-05:00,44.72840118408203,44.74879837036133,44.66579818725586,44.66579818725586,2466,0.0,0.0,0.0
2023-11-15 09:30:00-05:00,44.779998779296875,44.88999938964844,44.75,44.820098876953125,0,0.0,0.0,0.0
2023-11-15 10:30:00-05:00,44.93000030517578,45.080299377441406,44.900001525878906,45.080299377441406,2602,0.0,0.0,0.0
2023-11-15 11:30:00-05:00,45.02239990234375,45.02239990234375,44.900001525878906,44.945499420166016,3287,0.0,0.0,0.0
2023-11-15 12:30:00-05:00,44.97819900512695,44.97819900512695,44.8754997253418,44.8754997253418,1579,0.0,0.0,0.0
2023-11-15 13:30:00-05:00,44.86940002441406,44.86989974975586,44.86349868774414,44.86349868774414,750,0.0,0.0,0.0
2023-11-15 14:30:00-05:00,44.88600158691406,44.917999267578125,44.83399963378906,44.917999267578125,8147,0.0,0.0,0.0
2023-11-15 15:30:00-05:00,44.869998931884766,44.915000915527344,44.869998931884766,44.869998931884766,2864,0.0,0.0,0.0
2023-11-16 09:30:00-05:00,44.560001373291016,44.724998474121094,44.560001373291016,44.689998626708984,2984,0.0,0.0,0.0
2023-11-16 10:30:00-05:00,44.66999816894531,44.66999816894531,44.54999923706055,44.54999923706055,2114,0.0,0.0,0.0
2023-11-16 11:30:00-05:00,44.46500015258789,44.52479934692383,44.46500015258789,44.52479934692383,904,0.0,0.0,0.0
2023-11-16 12:30:00-05:00,44.567298889160156,44.567298889160156,44.567298889160156,44.567298889160156,430,0.0,0.0,0.0
2023-11-16 13:30:00-05:00,44.55459976196289,44.59000015258789,44.55459976196289,44.59000015258789,4392,0.0,0.0,0.0
2023-11-16 14:30:00-05:00,44.630001068115234,44.630001068115234,44.54999923706055,44.560001373291016,3412,0.0,0.0,0.0
2023-11-16 15:30:00-05:00,44.59000015258789,44.61989974975586,44.58000183105469,44.61989974975586,1026,0.0,0.0,0.0
2023-11-17 09:30:00-05:00,44.720001220703125,44.720001220703125,44.650001525878906,44.720001220703125,0,0.0,0.0,0.0
2023-11-17 10:30:00-05:00,44.7400016784668,44.7400016784668,44.7400016784668,44.7400016784668,219,0.0,0.0,0.0
2023-11-17 11:30:00-05:00,44.709999084472656,44.80889892578125,44.709999084472656,44.80889892578125,569,0.0,0.0,0.0
2023-11-17 12:30:00-05:00,44.810001373291016,44.849998474121094,44.809898376464844,44.84989929199219,3123,0.0,0.0,0.0
2023-11-17 14:30:00-05:00,44.74729919433594,44.779998779296875,44.74729919433594,44.77899932861328,1105,0.0,0.0,0.0
2023-11-17 15:30:00-05:00,44.7599983215332,44.7599983215332,44.7599983215332,44.7599983215332,529,0.0,0.0,0.0
2023-11-20 09:30:00-05:00,44.93000030517578,45.13880157470703,44.93000030517578,45.13880157470703,0,0.0,0.0,0.0
2023-11-20 10:30:00-05:00,45.13999938964844,45.18000030517578,45.130001068115234,45.18000030517578,1651,0.0,0.0,0.0
2023-11-20 11:30:00-05:00,45.189998626708984,45.20000076293945,45.18000030517578,45.189998626708984,1113,0.0,0.0,0.0
2023-11-20 12:30:00-05:00,45.28779983520508,45.28779983520508,45.22999954223633,45.263999938964844,1589,0.0,0.0,0.0
2023-11-20 13:30:00-05:00,45.27000045776367,45.28799819946289,45.25,45.28799819946289,2384,0.0,0.0,0.0
2023-11-20 14:30:00-05:00,45.27000045776367,45.33879852294922,45.27000045776367,45.27000045776367,1757,0.0,0.0,0.0
2023-11-20 15:30:00-05:00,45.32820129394531,45.33000183105469,45.27429962158203,45.27429962158203,0,0.0,0.0,0.0
2023-11-21 09:30:00-05:00,45.220001220703125,45.248600006103516,45.06999969482422,45.06999969482422,3614,0.0,0.0,0.0
2023-11-21 10:30:00-05:00,45.040000915527344,45.040000915527344,45.0,45.0,1088,0.0,0.0,0.0
2023-11-21 11:30:00-05:00,45.02799987792969,45.08000183105469,45.02799987792969,45.06570053100586,3066,0.0,0.0,0.0
2023-11-21 12:30:00-05:00,45.02000045776367,45.029998779296875,44.989898681640625,44.989898681640625,8806,0.0,0.0,0.0
2023-11-21 13:30:00-05:00,44.91999816894531,45.0099983215332,44.91999816894531,45.0098991394043,4463,0.0,0.0,0.0
2023-11-21 14:30:00-05:00,45.0,45.02840042114258,45.0,45.02000045776367,32518,0.0,0.0,0.0
2023-11-21 15:30:00-05:00,44.97999954223633,44.97999954223633,44.97880172729492,44.97880172729492,189,0.0,0.0,0.0
2023-11-22 09:30:00-05:00,44.9900016784668,44.9900016784668,44.81999969482422,44.81999969482422,0,0.0,0.0,0.0
2023-11-22 10:30:00-05:00,44.84000015258789,44.85860061645508,44.83000183105469,44.85860061645508,2249,0.0,0.0,0.0
2023-11-22 11:30:00-05:00,44.876399993896484,44.88999938964844,44.859100341796875,44.86539840698242,2214,0.0,0.0,0.0
2023-11-22 12:30:00-05:00,44.84000015258789,44.84000015258789,44.810001373291016,44.810001373291016,1529,0.0,0.0,0.0
2023-11-22 13:30:00-05:00,44.87730026245117,44.878299713134766,44.849998474121094,44.869998931884766,3735,0.0,0.0,0.0
2023-11-22 14:30:00-05:00,44.849998474121094,44.85879898071289,44.79999923706055,44.85879898071289,3083,0.0,0.0,0.0
2023-11-22 15:30:00-05:00,44.85900115966797,44.86000061035156,44.839298248291016,44.86000061035156,3770,0.0,0.0,0.0
2023-11-24 09:30:00-05:00,44.869998931884766,45.0,44.869998931884766,44.97079849243164,0,0.0,0.0,0.0
2023-11-24 10:30:00-05:00,45.07500076293945,45.08000183105469,45.060001373291016,45.08000183105469,1828,0.0,0.0,0.0
2023-11-24 11:30:00-05:00,45.079498291015625,45.079498291015625,45.05440139770508,45.06999969482422,1467,0.0,0.0,0.0
2023-11-24 12:30:00-05:00,45.0099983215332,45.09000015258789,45.0099983215332,45.04069900512695,0,0.0,0.0,0.0
2023-11-27 09:30:00-05:00,44.959999084472656,44.959999084472656,44.86000061035156,44.875,2849,0.0,0.0,0.0
2023-11-27 10:30:00-05:00,44.91999816894531,44.91999816894531,44.84000015258789,44.854698181152344,4925,0.0,0.0,0.0
2023-11-27 11:30:00-05:00,44.86000061035156,44.86000061035156,44.86000061035156,44.86000061035156,261,0.0,0.0,0.0
2023-11-27 12:30:00-05:00,44.90999984741211,44.970001220703125,44.88959884643555,44.959999084472656,2365,0.0,0.0,0.0
2023-11-27 13:30:00-05:00,44.97999954223633,44.97999954223633,44.939998626708984,44.97090148925781,2049,0.0,0.0,0.0
2023-11-27 14:30:00-05:00,44.97999954223633,44.9900016784668,44.95000076293945,44.95000076293945,3074,0.0,0.0,0.0
2023-11-27 15:30:00-05:00,44.97999954223633,44.97999954223633,44.90999984741211,44.937400817871094,3561,0.0,0.0,0.0
2023-11-28 09:30:00-05:00,45.13999938964844,45.224998474121094,45.13999938964844,45.224998474121094,0,0.0,0.0,0.0
2023-11-28 10:30:00-05:00,45.31999969482422,45.38869857788086,45.31999969482422,45.380001068115234,2623,0.0,0.0,0.0
2023-11-28 11:30:00-05:00,45.43899917602539,45.439998626708984,45.4114990234375,45.4114990234375,961,0.0,0.0,0.0
2023-11-28 12:30:00-05:00,45.4900016784668,45.4900016784668,45.290000915527344,45.380001068115234,5010,0.0,0.0,0.0
2023-11-28 13:30:00-05:00,45.38999938964844,45.41999816894531,45.37260055541992,45.37260055541992,663,0.0,0.0,0.0
2023-11-28 14:30:00-05:00,45.43000030517578,45.459999084472656,45.380001068115234,45.45000076293945,6555,0.0,0.0,0.0
2023-11-28 15:30:00-05:00,45.45000076293945,45.5,45.40999984741211,45.436100006103516,4345,0.0,0.0,0.0
2023-11-29 09:30:00-05:00,45.209999084472656,45.34870147705078,45.209999084472656,45.34000015258789,0,0.0,0.0,0.0
2023-11-29 10:30:00-05:00,45.2599983215332,45.27000045776367,45.2599983215332,45.27000045776367,641,0.0,0.0,0.0
2023-11-29 11:30:00-05:00,45.20000076293945,45.20000076293945,45.20000076293945,45.20000076293945,166,0.0,0.0,0.0
2023-11-29 12:30:00-05:00,45.25,45.25400161743164,45.209999084472656,45.25400161743164,1651,0.0,0.0,0.0
2023-11-29 14:30:00-05:00,45.209999084472656,45.220001220703125,45.150001525878906,45.17499923706055,5406,0.0,0.0,0.0
2023-11-29 15:30:00-05:00,45.16999816894531,45.20000076293945,45.11539840698242,45.16999816894531,6168,0.0,0.0,0.0
2023-11-30 09:30:00-05:00,45.130001068115234,45.185001373291016,45.0,45.18000030517578,2989,0.0,0.0,0.0
2023-11-30 10:30:00-05:00,45.19969940185547,45.239898681640625,45.19969940185547,45.220001220703125,1586,0.0,0.0,0.0
2023-11-30 12:30:00-05:00,45.11000061035156,45.18000030517578,45.11000061035156,45.18000030517578,5217,0.0,0.0,0.0
2023-11-30 13:30:00-05:00,45.150001525878906,45.18989944458008,45.100101470947266,45.18989944458008,2447,0.0,0.0,0.0
2023-11-30 14:30:00-05:00,45.189998626708984,45.220001220703125,45.150001525878906,45.215599060058594,10262,0.0,0.0,0.0
2023-12-01 09:30:00-05:00,45.119998931884766,45.22999954223633,45.060001373291016,45.22990036010742,0,0.0,0.0,0.0
2023-12-01 10:30:00-05:00,45.220001220703125,45.2400016784668,45.19499969482422,45.2400016784668,1134,0.0,0.0,0.0
2023-12-01 11:30:00-05:00,45.34000015258789,45.439998626708984,45.34000015258789,45.439998626708984,1006,0.0,0.0,0.0
2023-12-01 12:30:00-05:00,45.5,45.5,45.44499969482422,45.44499969482422,2426,0.0,0.0,0.0
2023-12-01 13:30:00-05:00,45.54990005493164,45.54999923706055,45.5,45.54990005493164,8523,0.0,0.0,0.0
2023-12-01 14:30:00-05:00,45.5099983215332,45.589599609375,45.4900016784668,45.589599609375,4570,0.0,0.0,0.0
2023-12-01 15:30:00-05:00,45.59000015258789,45.59000015258789,45.58000183105469,45.59000015258789,1520,0.0,0.0,0.0
2023-12-04 09:30:00-05:00,45.310001373291016,45.34000015258789,45.15999984741211,45.22999954223633,0,0.0,0.0,0.0
2023-12-04 10:30:00-05:00,45.169498443603516,45.169498443603516,45.08000183105469,45.08000183105469,1617,0.0,0.0,0.0
2023-12-04 11:30:00-05:00,45.09000015258789,45.119998931884766,45.09000015258789,45.119998931884766,1617,0.0,0.0,0.0
2023-12-04 12:30:00-05:00,45.1150016784668,45.13999938964844,45.040000915527344,45.040000915527344,5613,0.0,0.0,0.0
2023-12-04 13:30:00-05:00,45.040000915527344,45.040000915527344,45.029998779296875,45.029998779296875,1791,0.0,0.0,0.0
2023-12-04 14:30:00-05:00,45.060001373291016,45.08000183105469,45.04999923706055,45.04999923706055,1530,0.0,0.0,0.0
2023-12-04 15:30:00-05:00,45.08000183105469,45.119998931884766,45.08000183105469,45.119998931884766,0,0.0,0.0,0.0
2023-12-05 09:30:00-05:00,44.939998626708984,44.939998626708984,44.71910095214844,44.83000183105469,12669,0.0,0.0,0.0
2023-12-05 10:30:00-05:00,44.779998779296875,44.81999969482422,44.709999084472656,44.709999084472656,3958,0.0,0.0,0.0
2023-12-05 11:30:00-05:00,44.793701171875,44.83000183105469,44.7599983215332,44.83000183105469,1600,0.0,0.0,0.0
2023-12-05 12:30:00-05:00,44.86000061035156,44.93989944458008,44.849998474121094,44.93989944458008,1723,0.0,0.0,0.0
2023-12-05 13:30:00-05:00,44.92890167236328,44.92890167236328,44.810001373291016,44.8650016784668,2492,0.0,0.0,0.0
2023-12-05 14:30:00-05:00,44.95989990234375,44.979698181152344,44.86000061035156,44.979698181152344,4636,0.0,0.0,0.0
2023-12-05 15:30:00-05:00,44.922401428222656,44.9900016784668,44.900001525878906,44.907501220703125,3237,0.0,0.0,0.0
2023-12-06 09:30:00-05:00,45.189998626708984,45.220001220703125,45.13999938964844,45.13999938964844,0,0.0,0.0,0.0
2023-12-06 10:30:00-05:00,45.15010070800781,45.16999816894531,45.15010070800781,45.15999984741211,834,0.0,0.0,0.0
2023-12-06 11:30:00-05:00,45.08000183105469,45.11000061035156,45.05500030517578,45.099998474121094,1224,0.0,0.0,0.0
2023-12-06 12:30:00-05:00,45.029998779296875,45.029998779296875,44.98699951171875,44.9900016784668,1744,0.0,0.0,0.0
2023-12-06 13:30:00-05:00,45.01499938964844,45.059898376464844,44.999900817871094,44.999900817871094,8638,0.0,0.0,0.0
2023-12-06 14:30:00-05:00,45.0,45.029998779296875,44.9900016784668,45.02000045776367,8777,0.0,0.0,0.0
2023-12-06 15:30:00-05:00,44.91999816894531,44.91999816894531,44.90999984741211,44.90999984741211,509,0.0,0.0,0.0
2023-12-07 09:30:00-05:00,44.93000030517578,44.93000030517578,44.779998779296875,44.810001373291016,0,0.0,0.0,0.0
2023-12-07 10:30:00-05:00,44.91999816894531,44.94990158081055,44.810001373291016,44.83000183105469,5798,0.0,0.0,0.0
2023-12-07 11:30:00-05:00,44.86000061035156,44.932899475097656,44.84000015258789,44.932899475097656,6511,0.0,0.0,0.0
2023-12-07 12:30:00-05:00,44.88999938964844,44.96969985961914,44.88999938964844,44.939998626708984,4394,0.0,0.0,0.0
2023-12-07 13:30:00-05:00,44.95000076293945,44.99209976196289,44.92829895019531,44.99209976196289,2166,0.0,0.0,0.0
2023-12-07 14:30:00-05:00,44.95000076293945,44.99800109863281,44.91999816894531,44.95000076293945,9520,0.0,0.0,0.0
2023-12-07 15:30:00-05:00,44.95000076293945,45.0099983215332,44.91999816894531,44.970001220703125,7385,0.0,0.0,0.0
2023-12-08 09:30:00-05:00,44.630001068115234,44.81999969482422,44.630001068115234,44.81999969482422,0,0.0,0.0,0.0
2023-12-08 10:30:00-05:00,44.77000045776367,44.810001373291016,44.61360168457031,44.64099884033203,5066,0.0,0.0,0.0
2023-12-08 11:30:00-05:00,44.7135009765625,44.7135009765625,44.560001373291016,44.58000183105469,3383,0.0,0.0,0.0
2023-12-08 12:30:00-05:00,44.599998474121094,44.630001068115234,44.560001373291016,44.630001068115234,9297,0.0,0.0,0.0
2023-12-08 13:30:00-05:00,44.63999938964844,44.68000030517578,44.63999938964844,44.679901123046875,2379,0.0,0.0,0.0
2023-12-08 14:30:00-05:00,44.67499923706055,44.720001220703125,44.66999816894531,44.70669937133789,3529,0.0,0.0,0.0
2023-12-08 15:30:00-05:00,44.72999954223633,44.72999954223633,44.6880989074707,44.696998596191406,3204,0.0,0.0,0.0
2023-12-11 09:30:00-05:00,44.689998626708984,44.779998779296875,44.689998626708984,44.779998779296875,0,0.0,0.0,0.0
2023-12-11 10:30:00-05:00,44.78990173339844,44.83000183105469,44.78990173339844,44.83000183105469,5462,0.0,0.0,0.0
2023-12-11 11:30:00-05:00,44.829898834228516,44.869998931884766,44.81999969482422,44.81999969482422,5127,0.0,0.0,0.0
2023-12-11 12:30:00-05:00,44.88399887084961,44.9193000793457,44.85499954223633,44.8849983215332,3057,0.0,0.0,0.0
2023-12-11 13:30:00-05:00,44.89870071411133,44.926700592041016,44.8849983215332,44.8849983215332,3098,0.0,0.0,0.0
2023-12-11 14:30:00-05:00,44.900001525878906,44.95000076293945,44.87009811401367,44.93000030517578,9131,0.0,0.0,0.0
2023-12-11 15:30:00-05:00,44.93000030517578,44.959999084472656,44.880001068115234,44.959999084472656,4982,0.0,0.0,0.0
2023-12-12 09:30:00-05:00,44.849998474121094,44.849998474121094,44.7400016784668,44.77199935913086,0,0.0,0.0,0.0
2023-12-12 10:30:00-05:00,44.86000061035156,44.869998931884766,44.81340026855469,44.869998931884766,2863,0.0,0.0,0.0
2023-12-12 11:30:00-05:00,44.85499954223633,44.85860061645508,44.85499954223633,44.85860061645508,910,0.0,0.0,0.0
2023-12-12 12:30:00-05:00,44.849998474121094,44.89849853515625,44.80059814453125,44.86349868774414,2611,0.0,0.0,0.0
2023-12-12 13:30:00-05:00,44.888999938964844,44.959999084472656,44.888999938964844,44.95989990234375,2366,0.0,0.0,0.0
2023-12-12 14:30:00-05:00,44.97999954223633,45.029998779296875,44.93000030517578,45.029998779296875,9501,0.0,0.0,0.0
2023-12-12 15:30:00-05:00,44.97600173950195,45.00199890136719,44.974998474121094,44.999298095703125,0,0.0,0.0,0.0
2023-12-13 09:30:00-05:00,44.869998931884766,44.869998931884766,44.77000045776367,44.779998779296875,919,0.0,0.0,0.0
2023-12-13 10:30:00-05:00,44.838600158691406,44.838600158691406,44.720001220703125,44.720001220703125,1662,0.0,0.0,0.0
2023-12-13 11:30:00-05:00,44.755001068115234,44.77000045776367,44.709999084472656,44.709999084472656,1775,0.0,0.0,0.0
2023-12-13 12:30:00-05:00,44.749900817871094,44.749900817871094,44.65999984741211,44.709999084472656,9363,0.0,0.0,0.0
2023-12-13 13:30:00-05:00,44.71799850463867,45.150001525878906,44.66999816894531,45.150001525878906,14315,0.0,0.0,0.0
2023-12-13 14:30:00-05:00,45.2598991394043,45.599998474121094,45.2598991394043,45.47999954223633,3609,0.0,0.0,0.0
2023-12-13 15:30:00-05:00,45.53990173339844,45.61000061035156,45.470001220703125,45.59939956665039,6044,0.0,0.0,0.0
2023-12-14 09:30:00-05:00,45.790000915527344,46.220001220703125,45.790000915527344,46.099998474121094,0,0.0,0.0,0.0
2023-12-14 10:30:00-05:00,46.1150016784668,46.25,46.1150016784668,46.18000030517578,1629,0.0,0.0,0.0
2023-12-14 11:30:00-05:00,46.20909881591797,46.30929946899414,46.20909881591797,46.26689910888672,15076,0.0,0.0,0.0
2023-12-14 12:30:00-05:00,46.29999923706055,46.29999923706055,46.1609001159668,46.1609001159668,6308,0.0,0.0,0.0
2023-12-14 13:30:00-05:00,46.09000015258789,46.16999816894531,46.08140182495117,46.16999816894531,9489,0.0,0.0,0.0
2023-12-14 14:30:00-05:00,46.150001525878906,46.209999084472656,46.150001525878906,46.15999984741211,2246,0.0,0.0,0.0
2023-12-14 15:30:00-05:00,46.26919937133789,46.26919937133789,46.23979949951172,46.255401611328125,0,0.0,0.0,0.0
2023-12-15 09:30:00-05:00,46.18000030517578,46.22999954223633,46.00189971923828,46.19990158081055,9952,0.0,0.0,0.0
2023-12-15 10:30:00-05:00,46.20000076293945,46.22999954223633,46.06999969482422,46.22999954223633,71531,0.0,0.0,0.0
2023-12-15 11:30:00-05:00,46.2599983215332,46.2599983215332,46.100101470947266,46.14500045776367,3147,0.0,0.0,0.0
2023-12-15 12:30:00-05:00,46.13999938964844,46.13999938964844,46.09000015258789,46.10139846801758,3615,0.0,0.0,0.0
2023-12-15 13:30:00-05:00,46.08000183105469,46.08000183105469,45.959999084472656,46.0099983215332,7077,0.0,0.0,0.0
2023-12-15 14:30:00-05:00,46.025001525878906,46.088401794433594,46.0,46.03499984741211,7051,0.0,0.0,0.0
2023-12-15 15:30:00-05:00,46.02000045776367,46.048099517822266,45.94029998779297,45.94029998779297,7031,0.0,0.0,0.0
2023-12-18 09:30:00-05:00,44.779998779296875,44.779998779296875,44.52000045776367,44.52000045776367,20062,1.326,0.0,0.0
2023-12-18 10:30:00-05:00,44.56999969482422,44.578399658203125,44.42940139770508,44.549598693847656,7166,0.0,0.0,0.0
2023-12-18 11:30:00-05:00,44.540000915527344,44.59000015258789,44.53499984741211,44.59000015258789,1546,0.0,0.0,0.0
2023-12-18 12:30:00-05:00,44.61600112915039,44.650001525878906,44.595001220703125,44.650001525878906,4692,0.0,0.0,0.0
2023-12-18 13:30:00-05:00,44.64950180053711,44.679901123046875,44.619998931884766,44.65999984741211,10258,0.0,0.0,0.0
2023-12-18 14:30:00-05:00,44.64680099487305,44.665199279785156,44.61000061035156,44.65999984741211,4438,0.0,0.0,0.0
2023-12-18 15:30:00-05:00,44.65999984741211,44.679901123046875,44.63999938964844,44.65129852294922,1956,0.0,0.0,0.0
2023-12-19 09:30:00-05:00,44.689998626708984,44.89500045776367,44.689998626708984,44.89500045776367,0,0.0,0.0,0.0
2023-12-19 10:30:00-05:00,45.0098991394043,45.0098991394043,44.88999938964844,44.88999938964844,733,0.0,0.0,0.0
2023-12-19 11:30:00-05:00,44.97999954223633,44.9900016784668,44.810001373291016,44.81999969482422,12613,0.0,0.0,0.0
2023-12-19 12:30:00-05:00,44.970001220703125,44.970001220703125,44.849998474121094,44.849998474121094,1062,0.0,0.0,0.0
2023-12-19 13:30:00-05:00,44.91389846801758,44.91999816894531,44.849998474121094,44.849998474121094,917,0.0,0.0,0.0
2023-12-19 14:30:00-05:00,44.86000061035156,44.95989990234375,44.86000061035156,44.900001525878906,7551,0.0,0.0,0.0
2023-12-19 15:30:00-05:00,44.869998931884766,44.959999084472656,44.869998931884766,44.9286994934082,0,0.0,0.0,0.0
2023-12-20 09:30:00-05:00,44.599998474121094,44.630001068115234,44.52000045776367,44.53499984741211,12256,0.0,0.0,0.0
2023-12-20 10:30:00-05:00,44.58000183105469,44.640899658203125,44.564998626708984,44.61000061035156,7960,0.0,0.0,0.0
2023-12-20 11:30:00-05:00,44.619998931884766,44.619998931884766,44.560001373291016,44.5989990234375,4148,0.0,0.0,0.0
2023-12-20 12:30:00-05:00,44.599998474121094,44.61909866333008,44.560001373291016,44.560001373291016,12760,0.0,0.0,0.0
2023-12-20 13:30:00-05:00,44.560001373291016,44.59270095825195,44.529998779296875,44.529998779296875,7331,0.0,0.0,0.0
2023-12-20 14:30:00-05:00,44.529998779296875,44.53620147705078,44.20000076293945,44.275001525878906,18025,0.0,0.0,0.0
2023-12-20 15:30:00-05:00,44.209999084472656,44.2140007019043,44.029998779296875,44.029998779296875,9522,0.0,0.0,0.0
2023-12-21 09:30:00-05:00,44.91999816894531,44.970001220703125,44.81990051269531,44.81990051269531,16346,0.0,0.0,0.0
2023-12-21 10:30:00-05:00,44.81999969482422,44.91999816894531,44.81999969482422,44.91999816894531,2348,0.0,0.0,0.0
2023-12-21 11:30:00-05:00,44.939998626708984,44.939998626708984,44.849998474121094,44.849998474121094,2480,0.0,0.0,0.0
2023-12-21 12:30:00-05:00,44.845001220703125,44.87990188598633,44.80500030517578,44.80500030517578,5034,0.0,0.0,0.0
2023-12-21 13:30:00-05:00,44.87860107421875,44.8849983215332,44.83000183105469,44.880001068115234,2675,0.0,0.0,0.0
2023-12-21 14:30:00-05:00,44.915000915527344,44.9900016784668,44.915000915527344,44.970001220703125,15308,0.0,0.0,0.0
2023-12-21 15:30:00-05:00,44.970001220703125,45.060001373291016,44.970001220703125,45.053199768066406,0,0.0,0.0,0.0
2023-12-22 09:30:00-05:00,45.06999969482422,45.209999084472656,45.029998779296875,45.08000183105469,29141,0.0,0.0,0.0
2023-12-22 10:30:00-05:00,45.029998779296875,45.13209915161133,44.970001220703125,45.06999969482422,6102,0.0,0.0,0.0
2023-12-22 11:30:00-05:00,45.11000061035156,45.130001068115234,44.97999954223633,45.130001068115234,8537,0.0,0.0,0.0
2023-12-22 12:30:00-05:00,45.04999923706055,45.152000427246094,45.04999923706055,45.099998474121094,2829,0.0,0.0,0.0
2023-12-22 13:30:00-05:00,45.06999969482422,45.10850143432617,44.91999816894531,44.91999816894531,2688,0.0,0.0,0.0
2023-12-22 14:30:00-05:00,44.95000076293945,45.10919952392578,44.95000076293945,45.025001525878906,7309,0.0,0.0,0.0
2023-12-22 15:30:00-05:00,45.01499938964844,45.03499984741211,45.0099983215332,45.03459930419922,1210,0.0,0.0,0.0
2023-12-26 09:30:00-05:00,45.25,45.310001373291016,45.15999984741211,45.29990005493164,28075,0.0,0.0,0.0
2023-12-26 10:30:00-05:00,45.290000915527344,45.310001373291016,45.150001525878906,45.150001525878906,9824,0.0,0.0,0.0
2023-12-26 11:30:00-05:00,45.11000061035156,45.11000061035156,45.11000061035156,45.11000061035156,412,0.0,0.0,0.0
2023-12-26 12:30:00-05:00,45.209999084472656,45.2599983215332,45.209999084472656,45.239898681640625,3744,0.0,0.0,0.0
2023-12-26 13:30:00-05:00,45.2400016784668,45.310001373291016,45.22999954223633,45.310001373291016,3446,0.0,0.0,0.0
2023-12-26 14:30:00-05:00,45.29999923706055,45.309898376464844,45.22019958496094,45.29999923706055,9002,0.0,0.0,0.0
2023-12-26 15:30:00-05:00,45.290000915527344,45.31999969482422,45.24909973144531,45.24909973144531,2860,0.0,0.0,0.0
2023-12-27 09:30:00-05:00,45.369998931884766,45.5099983215332,45.369998931884766,45.5099983215332,11786,0.0,0.0,0.0
2023-12-27 10:30:00-05:00,45.5099983215332,45.5099983215332,45.47999954223633,45.4900016784668,2710,0.0,0.0,0.0
2023-12-27 11:30:00-05:00,45.48809814453125,45.505001068115234,45.47999954223633,45.5,5622,0.0,0.0,0.0
2023-12-27 12:30:00-05:00,45.4911003112793,45.529998779296875,45.4900016784668,45.529998779296875,878,0.0,0.0,0.0
2023-12-27 13:30:00-05:00,45.4900016784668,45.5099983215332,45.439998626708984,45.44940185546875,7846,0.0,0.0,0.0
2023-12-27 14:30:00-05:00,45.45000076293945,45.490501403808594,45.439998626708984,45.464900970458984,12518,0.0,0.0,0.0
2023-12-27 15:30:00-05:00,45.45000076293945,45.474998474121094,45.45000076293945,45.470001220703125,0,0.0,0.0,0.0
2023-12-28 09:30:00-05:00,45.84000015258789,46.08000183105469,45.84000015258789,46.025001525878906,2100,0.0,0.0,0.0
2023-12-28 10:30:00-05:00,46.03710174560547,46.079898834228516,46.029998779296875,46.03499984741211,5215,0.0,0.0,0.0
2023-12-28 11:30:00-05:00,46.03499984741211,46.03499984741211,45.979698181152344,45.97999954223633,6441,0.0,0.0,0.0
2023-12-28 12:30:00-05:00,45.970001220703125,46.0,45.87089920043945,45.87089920043945,1798,0.0,0.0,0.0
2023-12-28 13:30:00-05:00,45.88990020751953,45.93989944458008,45.880001068115234,45.880001068115234,1051,0.0,0.0,0.0
2023-12-28 14:30:00-05:00,45.900001525878906,45.939998626708984,45.880001068115234,45.939998626708984,12932,0.0,0.0,0.0
2023-12-28 15:30:00-05:00,45.900001525878906,45.939998626708984,45.869998931884766,45.88290023803711,7279,0.0,0.0,0.0
2023-12-29 09:30:00-05:00,46.0,46.08000183105469,45.880001068115234,46.07979965209961,0,0.0,0.0,0.0
2023-12-29 10:30:00-05:00,46.07500076293945,46.07500076293945,45.849998474121094,45.849998474121094,5613,0.0,0.0,0.0
2023-12-29 11:30:00-05:00,45.939998626708984,45.98320007324219,45.900001525878906,45.98320007324219,4905,0.0,0.0,0.0
2023-12-29 12:30:00-05:00,45.95000076293945,46.0099983215332,45.94300079345703,45.95009994506836,2331,0.0,0.0,0.0
2023-12-29 13:30:00-05:00,45.974998474121094,46.02220153808594,45.974998474121094,46.0099983215332,1794,0.0,0.0,0.0
2023-12-29 14:30:00-05:00,45.959999084472656,46.040000915527344,45.959999084472656,46.029998779296875,4464,0.0,0.0,0.0
2023-12-29 15:30:00-05:00,46.0,46.029998779296875,45.98899841308594,45.98899841308594,6225,0.0,0.0,0.0
2024-01-02 09:30:00-05:00,45.52000045776367,45.52799987792969,45.380001068115234,45.382301330566406,0,0.0,0.0,0.0
2024-01-02 10:30:00-05:00,45.369998931884766,45.439998626708984,45.32809829711914,45.373199462890625,13988,0.0,0.0,0.0
2024-01-02 11:30:00-05:00,45.400001525878906,45.45000076293945,45.38999938964844,45.404998779296875,9992,0.0,0.0,0.0
2024-01-02 12:30:00-05:00,45.404998779296875,45.42499923706055,45.29999923706055,45.380001068115234,16192,0.0,0.0,0.0
2024-01-02 13:30:00-05:00,45.400001525878906,45.400001525878906,45.25,45.27000045776367,8412,0.0,0.0,0.0
2024-01-02 14:30:00-05:00,45.279998779296875,45.290000915527344,45.22460174560547,45.269798278808594,15074,0.0,0.0,0.0
2024-01-02 15:30:00-05:00,45.27000045776367,45.349998474121094,45.27000045776367,45.34880065917969,0,0.0,0.0,0.0
2024-01-03 09:30:00-05:00,45.040000915527344,45.1422004699707,44.974998474121094,45.1422004699707,5882,0.0,0.0,0.0
2024-01-03 10:30:00-05:00,45.130001068115234,45.130001068115234,45.025001525878906,45.130001068115234,5241,0.0,0.0,0.0
2024-01-03 11:30:00-05:00,45.095001220703125,45.1349983215332,45.09000015258789,45.11000061035156,1380,0.0,0.0,0.0
2024-01-03 12:30:00-05:00,45.130001068115234,45.220001220703125,45.130001068115234,45.20000076293945,2869,0.0,0.0,0.0
2024-01-03 13:30:00-05:00,45.20000076293945,45.20000076293945,45.08000183105469,45.20000076293945,3131,0.0,0.0,0.0
2024-01-03 14:30:00-05:00,45.25,45.25,45.130001068115234,45.15999984741211,14478,0.0,0.0,0.0
2024-01-03 15:30:00-05:00,45.16859817504883,45.20000076293945,45.130001068115234,45.189998626708984,7277,0.0,0.0,0.0
2024-01-04 09:30:00-05:00,45.08000183105469,45.22999954223633,45.08000183105469,45.22999954223633,0,0.0,0.0,0.0
2024-01-04 10:30:00-05:00,45.18000030517578,45.259498596191406,45.18000030517578,45.259498596191406,3273,0.0,0.0,0.0
2024-01-04 11:30:00-05:00,45.209999084472656,45.209999084472656,45.119998931884766,45.119998931884766,7434,0.0,0.0,0.0
2024-01-04 12:30:00-05:00,45.08000183105469,45.080101013183594,45.060001373291016,45.060001373291016,3145,0.0,0.0,0.0
2024-01-04 13:30:00-05:00,45.060001373291016,45.072898864746094,45.04999923706055,45.04999923706055,3444,0.0,0.0,0.0
2024-01-04 14:30:00-05:00,45.069801330566406,45.12990188598633,45.02000045776367,45.040000915527344,7192,0.0,0.0,0.0
2024-01-04 15:30:00-05:00,45.109901428222656,45.109901428222656,45.05400085449219,45.06100082397461,895,0.0,0.0,0.0
2024-01-05 09:30:00-05:00,45.209999084472656,45.45199966430664,45.179901123046875,45.38990020751953,0,0.0,0.0,0.0
2024-01-05 10:30:00-05:00,45.419898986816406,45.419898986816406,45.380001068115234,45.380001068115234,2844,0.0,0.0,0.0
2024-01-05 11:30:00-05:00,45.31999969482422,45.31999969482422,45.22999954223633,45.22999954223633,3096,0.0,0.0,0.0
2024-01-05 12:30:00-05:00,45.20000076293945,45.20399856567383,45.154998779296875,45.17499923706055,2218,0.0,0.0,0.0
2024-01-05 13:30:00-05:00,45.275001525878906,45.27989959716797,45.220001220703125,45.220001220703125,4591,0.0,0.0,0.0
2024-01-05 14:30:00-05:00,45.188499450683594,45.189701080322266,45.12009811401367,45.15999984741211,6615,0.0,0.0,0.0
2024-01-05 15:30:00-05:00,45.16999816894531,45.21989822387695,45.16999816894531,45.19929885864258,2043,0.0,0.0,0.0
2024-01-08 09:30:00-05:00,44.93000030517578,44.96900177001953,44.85499954223633,44.96900177001953,6342,0.0,0.0,0.0
2024-01-08 10:30:00-05:00,44.9900016784668,45.09989929199219,44.97999954223633,45.04999923706055,3021,0.0,0.0,0.0
2024-01-08 11:30:00-05:00,45.08000183105469,45.10749816894531,45.060001373291016,45.060001373291016,1982,0.0,0.0,0.0
2024-01-08 12:30:00-05:00,45.095001220703125,45.095001220703125,45.09000015258789,45.09000015258789,887,0.0,0.0,0.0
2024-01-08 13:30:00-05:00,45.11989974975586,45.15999984741211,45.029998779296875,45.119998931884766,30543,0.0,0.0,0.0
2024-01-08 14:30:00-05:00,45.16999816894531,45.16999816894531,45.09000015258789,45.150001525878906,15311,0.0,0.0,0.0
2024-01-08 15:30:00-05:00,45.16999816894531,45.189998626708984,45.150001525878906,45.18000030517578,0,0.0,0.0,0.0
2024-01-09 09:30:00-05:00,44.77000045776367,44.77000045776367,44.59000015258789,44.649898529052734,6292,0.0,0.0,0.0
2024-01-09 10:30:00-05:00,44.63999938964844,44.649898529052734,44.58000183105469,44.63999938964844,2826,0.0,0.0,0.0
2024-01-09 11:30:00-05:00,44.650001525878906,44.69499969482422,44.64500045776367,44.67499923706055,7518,0.0,0.0,0.0
2024-01-09 12:30:00-05:00,44.689998626708984,44.72990036010742,44.689998626708984,44.69990158081055,3479,0.0,0.0,0.0
2024-01-09 13:30:00-05:00,44.6599006652832,44.65999984741211,44.63999938964844,44.63999938964844,3025,0.0,0.0,0.0
2024-01-09 14:30:00-05:00,44.619998931884766,44.679901123046875,44.56999969482422,44.622398376464844,6768,0.0,0.0,0.0
2024-01-09 15:30:00-05:00,44.639198303222656,44.639198303222656,44.59000015258789,44.63240051269531,2103,0.0,0.0,0.0
2024-01-10 09:30:00-05:00,44.59000015258789,44.62310028076172,44.52539825439453,44.52539825439453,0,0.0,0.0,0.0
2024-01-10 10:30:00-05:00,44.609901428222656,44.609901428222656,44.54999923706055,44.579898834228516,3070,0.0,0.0,0.0
2024-01-10 11:30:00-05:00,44.55929946899414,44.55929946899414,44.540000915527344,44.540000915527344,2833,0.0,0.0,0.0
2024-01-10 12:30:00-05:00,44.540000915527344,44.56669998168945,44.5099983215332,44.53229904174805,3077,0.0,0.0,0.0
2024-01-10 13:30:00-05:00,44.589900970458984,44.589900970458984,44.54999923706055,44.589500427246094,1105,0.0,0.0,0.0
2024-01-10 14:30:00-05:00,44.61869812011719,44.63999938964844,44.54999923706055,44.54999923706055,6583,0.0,0.0,0.0
2024-01-10 15:30:00-05:00,44.55009841918945,44.59989929199219,44.55009841918945,44.58319854736328,0,0.0,0.0,0.0
2024-01-11 09:30:00-05:00,44.689998626708984,44.810001373291016,44.5,44.5,6696,0.0,0.0,0.0
2024-01-11 10:30:00-05:00,44.6150016784668,44.6150016784668,44.459999084472656,44.459999084472656,3117,0.0,0.0,0.0
2024-01-11 11:30:00-05:00,44.45000076293945,44.52000045776367,44.4276008605957,44.4900016784668,2271,0.0,0.0,0.0
2024-01-11 12:30:00-05:00,44.439998626708984,44.60940170288086,44.439998626708984,44.57500076293945,3626,0.0,0.0,0.0
2024-01-11 13:30:00-05:00,44.56999969482422,44.665000915527344,44.54999923706055,44.665000915527344,5037,0.0,0.0,0.0
2024-01-11 14:30:00-05:00,44.65999984741211,44.7400016784668,44.599998474121094,44.650001525878906,18795,0.0,0.0,0.0
2024-01-11 15:30:00-05:00,44.68949890136719,44.71989822387695,44.654998779296875,44.71649932861328,0,0.0,0.0,0.0
2024-01-12 09:30:00-05:00,45.09000015258789,45.208900451660156,45.08000183105469,45.150001525878906,2677,0.0,0.0,0.0
2024-01-12 10:30:00-05:00,45.11600112915039,45.130001068115234,45.0,45.04999923706055,2506,0.0,0.0,0.0
2024-01-12 11:30:00-05:00,45.06999969482422,45.06999969482422,44.959999084472656,44.959999084472656,3594,0.0,0.0,0.0
2024-01-12 12:30:00-05:00,44.93349838256836,45.005001068115234,44.93349838256836,45.005001068115234,3601,0.0,0.0,0.0
2024-01-12 14:30:00-05:00,44.989898681640625,45.029998779296875,44.97999954223633,44.97999954223633,16865,0.0,0.0,0.0
2024-01-12 15:30:00-05:00,44.97999954223633,44.9900016784668,44.90999984741211,44.90999984741211,5590,0.0,0.0,0.0
2024-01-16 09:30:00-05:00,44.52000045776367,44.52000045776367,44.25,44.314998626708984,10550,0.0,0.0,0.0
2024-01-16 10:30:00-05:00,44.34000015258789,44.403499603271484,44.220001220703125,44.29499816894531,5425,0.0,0.0,0.0
2024-01-16 11:30:00-05:00,44.22999954223633,44.2843017578125,44.119998931884766,44.119998931884766,3970,0.0,0.0,0.0
2024-01-16 12:30:00-05:00,44.16490173339844,44.17509841918945,44.09000015258789,44.150001525878906,3503,0.0,0.0,0.0
2024-01-16 13:30:00-05:00,44.150001525878906,44.15999984741211,44.04999923706055,44.04999923706055,2376,0.0,0.0,0.0
2024-01-16 14:30:00-05:00,44.060001373291016,44.11000061035156,44.04999923706055,44.04999923706055,8446,0.0,0.0,0.0
2024-01-16 15:30:00-05:00,44.09989929199219,44.09989929199219,44.040000915527344,44.069801330566406,0,0.0,0.0,0.0
2024-01-17 09:30:00-05:00,43.34000015258789,43.34000015258789,43.2156982421875,43.290000915527344,10142,0.0,0.0,0.0
2024-01-17 10:30:00-05:00,43.22999954223633,43.25,43.20000076293945,43.217201232910156,9023,0.0,0.0,0.0
2024-01-17 11:30:00-05:00,43.20000076293945,43.239498138427734,43.179901123046875,43.185001373291016,6299,0.0,0.0,0.0
2024-01-17 12:30:00-05:00,43.18989944458008,43.239898681640625,43.18989944458008,43.209999084472656,4009,0.0,0.0,0.0
2024-01-17 13:30:00-05:00,43.21500015258789,43.32429885864258,43.20600128173828,43.32429885864258,2294,0.0,0.0,0.0
2024-01-17 14:30:00-05:00,43.41999816894531,43.41999816894531,43.29069900512695,43.29069900512695,3300,0.0,0.0,0.0
2024-01-17 15:30:00-05:00,43.29999923706055,43.380001068115234,43.29999923706055,43.34600067138672,3678,0.0,0.0,0.0
2024-01-18 09:30:00-05:00,43.630001068115234,43.630001068115234,43.45000076293945,43.52000045776367,0,0.0,0.0,0.0
2024-01-18 10:30:00-05:00,43.529998779296875,43.560001373291016,43.41999816894531,43.4900016784668,5881,0.0,0.0,0.0
2024-01-18 11:30:00-05:00,43.536800384521484,43.540000915527344,43.45500183105469,43.470001220703125,7156,0.0,0.0,0.0
2024-01-18 12:30:00-05:00,43.470001220703125,43.470001220703125,43.400001525878906,43.40999984741211,1560,0.0,0.0,0.0
2024-01-18 13:30:00-05:00,43.532901763916016,43.560001373291016,43.532901763916016,43.53499984741211,6274,0.0,0.0,0.0
2024-01-18 14:30:00-05:00,43.58000183105469,43.619998931884766,43.5463981628418,43.619998931884766,10098,0.0,0.0,0.0
2024-01-18 15:30:00-05:00,43.614200592041016,43.61989974975586,43.560001373291016,43.609500885009766,4717,0.0,0.0,0.0
2024-01-19 09:30:00-05:00,43.689998626708984,43.689998626708984,43.59000015258789,43.59000015258789,0,0.0,0.0,0.0
2024-01-19 10:30:00-05:00,43.5099983215332,43.69990158081055,43.5099983215332,43.69990158081055,2668,0.0,0.0,0.0
2024-01-19 11:30:00-05:00,43.61980056762695,43.66999816894531,43.61149978637695,43.667598724365234,4683,0.0,0.0,0.0
2024-01-19 12:30:00-05:00,43.83000183105469,43.83000183105469,43.83000183105469,43.83000183105469,1136,0.0,0.0,0.0
2024-01-19 13:30:00-05:00,43.849998474121094,43.93000030517578,43.82699966430664,43.91999816894531,6143,0.0,0.0,0.0
2024-01-19 14:30:00-05:00,43.929500579833984,43.939998626708984,43.87009811401367,43.939998626708984,4224,0.0,0.0,0.0
2024-01-19 15:30:00-05:00,43.939998626708984,43.959999084472656,43.91999816894531,43.95000076293945,5811,0.0,0.0,0.0
2024-01-22 09:30:00-05:00,43.630001068115234,43.73099899291992,43.560001373291016,43.73099899291992,0,0.0,0.0,0.0
2024-01-22 10:30:00-05:00,43.7036018371582,43.7036018371582,43.61000061035156,43.630001068115234,4512,0.0,0.0,0.0
2024-01-22 11:30:00-05:00,43.62200164794922,43.65999984741211,43.560001373291016,43.6349983215332,15863,0.0,0.0,0.0
2024-01-22 12:30:00-05:00,43.667701721191406,43.68000030517578,43.59000015258789,43.59000015258789,3845,0.0,0.0,0.0
2024-01-22 13:30:00-05:00,43.63930130004883,43.63949966430664,43.56999969482422,43.56999969482422,7149,0.0,0.0,0.0
2024-01-22 14:30:00-05:00,43.59000015258789,43.65999984741211,43.54010009765625,43.65999984741211,19267,0.0,0.0,0.0
2024-01-22 15:30:00-05:00,43.68000030517578,43.68000030517578,43.63999938964844,43.63999938964844,2194,0.0,0.0,0.0
2024-01-23 09:30:00-05:00,43.56999969482422,43.76499938964844,43.56999969482422,43.709999084472656,0,0.0,0.0,0.0
2024-01-23 10:30:00-05:00,43.69990158081055,43.69990158081055,43.58000183105469,43.61000061035156,3554,0.0,0.0,0.0
2024-01-23 11:30:00-05:00,43.62990188598633,43.669898986816406,43.56999969482422,43.61000061035156,13592,0.0,0.0,0.0
2024-01-23 12:30:00-05:00,43.61000061035156,43.650001525878906,43.56999969482422,43.650001525878906,2801,0.0,0.0,0.0
2024-01-23 13:30:00-05:00,43.6150016784668,43.689998626708984,43.6150016784668,43.689998626708984,2327,0.0,0.0,0.0
2024-01-23 14:30:00-05:00,43.709999084472656,43.803001403808594,43.709999084472656,43.80220031738281,8925,0.0,0.0,0.0
2024-01-23 15:30:00-05:00,43.7400016784668,43.775001525878906,43.7400016784668,43.7400016784668,0,0.0,0.0,0.0
2024-01-24 09:30:00-05:00,44.4900016784668,44.6599006652832,44.474998474121094,44.59989929199219,7903,0.0,0.0,0.0
2024-01-24 10:30:00-05:00,44.54999923706055,44.62990188598633,44.54999923706055,44.5984992980957,1575,0.0,0.0,0.0
2024-01-24 11:30:00-05:00,44.599998474121094,44.599998474121094,44.470001220703125,44.47999954223633,3097,0.0,0.0,0.0
2024-01-24 12:30:00-05:00,44.5,44.58000183105469,44.40999984741211,44.459999084472656,5267,0.0,0.0,0.0
2024-01-24 13:30:00-05:00,44.46500015258789,44.47990036010742,44.369998931884766,44.369998931884766,26807,0.0,0.0,0.0
2024-01-24 14:30:00-05:00,44.391300201416016,44.540000915527344,44.391300201416016,44.487701416015625,9370,0.0,0.0,0.0
2024-01-24 15:30:00-05:00,44.439998626708984,44.470001220703125,44.439998626708984,44.45119857788086,1483,0.0,0.0,0.0
2024-01-25 09:30:00-05:00,44.68000030517578,44.68989944458008,44.54999923706055,44.54999923706055,3101,0.0,0.0,0.0
2024-01-25 10:30:00-05:00,44.540000915527344,44.540000915527344,44.42559814453125,44.52000045776367,4797,0.0,0.0,0.0
2024-01-25 11:30:00-05:00,44.5,44.55950164794922,44.47560119628906,44.55950164794922,4174,0.0,0.0,0.0
2024-01-25 12:30:00-05:00,44.51969909667969,44.51969909667969,44.47999954223633,44.5099983215332,2349,0.0,0.0,0.0
2024-01-25 13:30:00-05:00,44.5099983215332,44.5099983215332,44.470001220703125,44.5,4155,0.0,0.0,0.0
2024-01-25 14:30:00-05:00,44.53879928588867,44.60919952392578,44.505001068115234,44.540000915527344,9711,0.0,0.0,0.0
2024-01-25 15:30:00-05:00,44.54999923706055,44.54999923706055,44.5181999206543,44.5181999206543,0,0.0,0.0,0.0
2024-01-26 09:30:00-05:00,44.59000015258789,44.689998626708984,44.59000015258789,44.61989974975586,982,0.0,0.0,0.0
2024-01-26 10:30:00-05:00,44.599998474121094,44.650001525878906,44.599998474121094,44.650001525878906,852,0.0,0.0,0.0
2024-01-26 11:30:00-05:00,44.66999816894531,44.699100494384766,44.630001068115234,44.67499923706055,1727,0.0,0.0,0.0
2024-01-26 12:30:00-05:00,44.61000061035156,44.619998931884766,44.61000061035156,44.61989974975586,1956,0.0,0.0,0.0
2024-01-26 13:30:00-05:00,44.630001068115234,44.630001068115234,44.58000183105469,44.595001220703125,2722,0.0,0.0,0.0
2024-01-26 14:30:00-05:00,44.63999938964844,44.65999984741211,44.599998474121094,44.619998931884766,9034,0.0,0.0,0.0
2024-01-26 15:30:00-05:00,44.61000061035156,44.63420104980469,44.59000015258789,44.63420104980469,1022,0.0,0.0,0.0
2024-01-29 09:30:00-05:00,44.95000076293945,44.959999084472656,44.775001525878906,44.775001525878906,5636,0.0,0.0,0.0
2024-01-29 10:30:00-05:00,44.83140182495117,44.83140182495117,44.729698181152344,44.779998779296875,2870,0.0,0.0,0.0
2024-01-29 11:30:00-05:00,44.77000045776367,44.81990051269531,44.760799407958984,44.78499984741211,2073,0.0,0.0,0.0
2024-01-29 12:30:00-05:00,44.798500061035156,44.798500061035156,44.70000076293945,44.70000076293945,2443,0.0,0.0,0.0
2024-01-29 13:30:00-05:00,44.73500061035156,44.83890151977539,44.73500061035156,44.75,1476,0.0,0.0,0.0
2024-01-29 14:30:00-05:00,44.80500030517578,45.00279998779297,44.80500030517578,44.95349884033203,9259,0.0,0.0,0.0
2024-01-29 15:30:00-05:00,44.97999954223633,44.989601135253906,44.94499969482422,44.970001220703125,4577,0.0,0.0,0.0
2024-01-30 09:30:00-05:00,44.59000015258789,44.709999084472656,44.47999954223633,44.47999954223633,0,0.0,0.0,0.0
2024-01-30 10:30:00-05:00,44.609901428222656,44.609901428222656,44.589900970458984,44.589900970458984,976,0.0,0.0,0.0
2024-01-30 11:30:00-05:00,44.6442985534668,44.68389892578125,44.63999938964844,44.63999938964844,1214,0.0,0.0,0.0
2024-01-30 12:30:00-05:00,44.63359832763672,44.63359832763672,44.599998474121094,44.599998474121094,3958,0.0,0.0,0.0
2024-01-30 13:30:00-05:00,44.650001525878906,44.65999984741211,44.599998474121094,44.649898529052734,7144,0.0,0.0,0.0
2024-01-30 14:30:00-05:00,44.665000915527344,44.709598541259766,44.665000915527344,44.709598541259766,4489,0.0,0.0,0.0
2024-01-30 15:30:00-05:00,44.68000030517578,44.709999084472656,44.68000030517578,44.70500183105469,2139,0.0,0.0,0.0
2024-01-31 09:30:00-05:00,44.779998779296875,44.959999084472656,44.779998779296875,44.959999084472656,0,0.0,0.0,0.0
2024-01-31 10:30:00-05:00,44.95000076293945,45.029998779296875,44.95000076293945,45.02000045776367,1780,0.0,0.0,0.0
2024-01-31 11:30:00-05:00,44.91999816894531,44.959999084472656,44.900001525878906,44.959999084472656,7106,0.0,0.0,0.0
2024-01-31 12:30:00-05:00,44.939998626708984,44.939998626708984,44.900001525878906,44.900001525878906,1975,0.0,0.0,0.0
2024-01-31 13:30:00-05:00,44.8650016784668,44.91999816894531,44.790000915527344,44.790000915527344,4956,0.0,0.0,0.0
2024-01-31 14:30:00-05:00,44.83000183105469,45.109901428222656,44.63999938964844,44.7599983215332,5092,0.0,0.0,0.0
2024-01-31 15:30:00-05:00,44.77000045776367,44.77989959716797,44.66999816894531,44.67890167236328,4445,0.0,0.0,0.0
2024-02-01 09:30:00-05:00,45.02000045776367,45.213199615478516,45.02000045776367,45.18000030517578,0,0.0,0.0,0.0
2024-02-01 10:30:00-05:00,45.16999816894531,45.214900970458984,44.970001220703125,45.040000915527344,6862,0.0,0.0,0.0
2024-02-01 11:30:00-05:00,45.119998931884766,45.22890090942383,45.119998931884766,45.20000076293945,4734,0.0,0.0,0.0
2024-02-01 12:30:00-05:00,45.2400016784668,45.26679992675781,45.15999984741211,45.209999084472656,5319,0.0,0.0,0.0
2024-02-01 13:30:00-05:00,45.279998779296875,45.30970001220703,45.22999954223633,45.22999954223633,3679,0.0,0.0,0.0
2024-02-01 14:30:00-05:00,45.2400016784668,45.29990005493164,45.20000076293945,45.220001220703125,8344,0.0,0.0,0.0
2024-02-01 15:30:00-05:00,45.220001220703125,45.290000915527344,45.16999816894531,45.26499938964844,0,0.0,0.0,0.0
2024-02-02 09:30:00-05:00,45.25,45.25,45.11000061035156,45.11000061035156,7525,0.0,0.0,0.0
2024-02-02 10:30:00-05:00,45.059898376464844,45.160400390625,45.059898376464844,45.10969924926758,2475,0.0,0.0,0.0
2024-02-02 11:30:00-05:00,45.13880157470703,45.13880157470703,45.04999923706055,45.09000015258789,1635,0.0,0.0,0.0
2024-02-02 12:30:00-05:00,45.11000061035156,45.20909881591797,45.09640121459961,45.20909881591797,11732,0.0,0.0,0.0
2024-02-02 13:30:00-05:00,45.20000076293945,45.20000076293945,45.18000030517578,45.189998626708984,2860,0.0,0.0,0.0
2024-02-02 14:30:00-05:00,45.236900329589844,45.279998779296875,45.22380065917969,45.27000045776367,2527,0.0,0.0,0.0
2024-02-02 15:30:00-05:00,45.26919937133789,45.269901275634766,45.20600128173828,45.24810028076172,5152,0.0,0.0,0.0
2024-02-05 09:30:00-05:00,45.11000061035156,45.11000061035156,44.98500061035156,45.0,0,0.0,0.0,0.0
2024-02-05 10:30:00-05:00,45.02000045776367,45.02000045776367,44.98500061035156,44.98500061035156,735,0.0,0.0,0.0
2024-02-05 11:30:00-05:00,45.040000915527344,45.14720153808594,45.040000915527344,45.11650085449219,2228,0.0,0.0,0.0
2024-02-05 12:30:00-05:00,45.13930130004883,45.18000030517578,45.119998931884766,45.18000030517578,8881,0.0,0.0,0.0
2024-02-05 13:30:00-05:00,45.18000030517578,45.25,45.13999938964844,45.237701416015625,3352,0.0,0.0,0.0
2024-02-05 14:30:00-05:00,45.2400016784668,45.29999923706055,45.130001068115234,45.209999084472656,5780,0.0,0.0,0.0
2024-02-05 15:30:00-05:00,45.21500015258789,45.27000045776367,45.130001068115234,45.18000030517578,5080,0.0,0.0,0.0
2024-02-06 09:30:00-05:00,45.709999084472656,45.86000061035156,45.630001068115234,45.76599884033203,0,0.0,0.0,0.0
2024-02-06 10:30:00-05:00,45.95000076293945,46.04499816894531,45.95000076293945,46.04499816894531,2413,0.0,0.0,0.0
2024-02-06 11:30:00-05:00,46.08919906616211,46.09000015258789,46.01110076904297,46.040000915527344,9451,0.0,0.0,0.0
2024-02-06 12:30:00-05:00,46.03990173339844,46.099998474121094,46.02000045776367,46.04389953613281,3124,0.0,0.0,0.0
2024-02-06 13:30:00-05:00,46.04999923706055,46.05500030517578,45.9827995300293,46.029998779296875,1647,0.0,0.0,0.0
2024-02-06 14:30:00-05:00,46.029998779296875,46.130001068115234,46.02080154418945,46.08000183105469,3904,0.0,0.0,0.0
2024-02-06 15:30:00-05:00,46.125,46.125,46.08000183105469,46.08000183105469,3570,0.0,0.0,0.0
2024-02-07 09:30:00-05:00,46.029998779296875,46.18000030517578,46.029998779296875,46.11000061035156,0,0.0,0.0,0.0
2024-02-07 10:30:00-05:00,46.11000061035156,46.19850158691406,46.040000915527344,46.05500030517578,2434,0.0,0.0,0.0
2024-02-07 11:30:00-05:00,45.9900016784668,46.09000015258789,45.97999954223633,46.029998779296875,3668,0.0,0.0,0.0
2024-02-07 12:30:00-05:00,46.0099983215332,46.119998931884766,46.0099983215332,46.03559875488281,71481,0.0,0.0,0.0
2024-02-07 13:30:00-05:00,46.040000915527344,46.13959884643555,46.0,46.10309982299805,7455,0.0,0.0,0.0
2024-02-07 14:30:00-05:00,46.07270050048828,46.18000030517578,46.07270050048828,46.10260009765625,2795,0.0,0.0,0.0
2024-02-07 15:30:00-05:00,46.099998474121094,46.1349983215332,46.099998474121094,46.115699768066406,2527,0.0,0.0,0.0
2024-02-08 09:30:00-05:00,46.0099983215332,46.0099983215332,45.875,45.93000030517578,0,0.0,0.0,0.0
2024-02-08 10:30:00-05:00,45.91999816894531,45.91999816894531,45.880001068115234,45.880001068115234,4737,0.0,0.0,0.0
2024-02-08 11:30:00-05:00,45.83000183105469,45.91999816894531,45.83000183105469,45.91999816894531,1180,0.0,0.0,0.0
2024-02-08 12:30:00-05:00,45.91999816894531,45.93000030517578,45.77000045776367,45.84000015258789,3550,0.0,0.0,0.0
2024-02-08 13:30:00-05:00,45.84000015258789,45.95000076293945,45.83000183105469,45.83000183105469,8118,0.0,0.0,0.0
2024-02-08 14:30:00-05:00,45.86000061035156,45.87540054321289,45.849998474121094,45.849998474121094,3932,0.0,0.0,0.0
2024-02-08 15:30:00-05:00,45.900001525878906,45.96989822387695,45.81529998779297,45.81999969482422,6875,0.0,0.0,0.0
2024-02-09 09:30:00-05:00,45.790000915527344,45.790000915527344,45.54999923706055,45.650001525878906,0,0.0,0.0,0.0
2024-02-09 10:30:00-05:00,45.58000183105469,45.65999984741211,45.58000183105469,45.65999984741211,6115,0.0,0.0,0.0
2024-02-09 11:30:00-05:00,45.76890182495117,45.76890182495117,45.66999816894531,45.70000076293945,4069,0.0,0.0,0.0
2024-02-09 12:30:00-05:00,45.769901275634766,45.849998474121094,45.75299835205078,45.849998474121094,1471,0.0,0.0,0.0
2024-02-09 13:30:00-05:00,45.90739822387695,45.94499969482422,45.890098571777344,45.94499969482422,10416,0.0,0.0,0.0
2024-02-09 14:30:00-05:00,45.999900817871094,45.999900817871094,45.77000045776367,45.94990158081055,8808,0.0,0.0,0.0
2024-02-09 15:30:00-05:00,45.900001525878906,45.92499923706055,45.849998474121094,45.86000061035156,1393,0.0,0.0,0.0
2024-02-12 09:30:00-05:00,45.68000030517578,46.130001068115234,45.68000030517578,46.099998474121094,0,0.0,0.0,0.0
2024-02-12 10:30:00-05:00,46.25,46.25,46.15999984741211,46.15999984741211,1021,0.0,0.0,0.0
2024-02-12 11:30:00-05:00,46.220001220703125,46.220001220703125,46.165000915527344,46.165000915527344,2347,0.0,0.0,0.0
2024-02-12 12:30:00-05:00,46.150001525878906,46.22990036010742,46.150001525878906,46.220001220703125,2415,0.0,0.0,0.0
2024-02-12 13:30:00-05:00,46.150001525878906,46.150001525878906,46.01449966430664,46.01449966430664,3316,0.0,0.0,0.0
2024-02-12 14:30:00-05:00,46.108699798583984,46.11859893798828,46.02000045776367,46.08250045776367,7000,0.0,0.0,0.0
2024-02-12 15:30:00-05:00,46.04010009765625,46.13999938964844,46.04010009765625,46.075599670410156,0,0.0,0.0,0.0
2024-02-13 09:30:00-05:00,45.4900016784668,45.4900016784668,45.18009948730469,45.42639923095703,14504,0.0,0.0,0.0
2024-02-13 10:30:00-05:00,45.3213005065918,45.400001525878906,45.25,45.29999923706055,8072,0.0,0.0,0.0
2024-02-13 11:30:00-05:00,45.282100677490234,45.36920166015625,45.2599983215332,45.310001373291016,4194,0.0,0.0,0.0
2024-02-13 12:30:00-05:00,45.30889892578125,45.31999969482422,45.170101165771484,45.209999084472656,3600,0.0,0.0,0.0
2024-02-13 13:30:00-05:00,45.220001220703125,45.25,45.040000915527344,45.134700775146484,2738,0.0,0.0,0.0
2024-02-13 14:30:00-05:00,45.16999816894531,45.18000030517578,44.9900016784668,45.027400970458984,9366,0.0,0.0,0.0
2024-02-13 15:30:00-05:00,45.13850021362305,45.22930145263672,45.09000015258789,45.11000061035156,3155,0.0,0.0,0.0
2024-02-14 09:30:00-05:00,45.560001373291016,45.7400016784668,45.560001373291016,45.71269989013672,0,0.0,0.0,0.0
2024-02-14 10:30:00-05:00,45.709999084472656,45.790000915527344,45.70669937133789,45.790000915527344,2712,0.0,0.0,0.0
2024-02-14 11:30:00-05:00,45.77000045776367,45.77000045776367,45.69499969482422,45.72990036010742,1836,0.0,0.0,0.0
2024-02-14 12:30:00-05:00,45.72999954223633,45.790000915527344,45.72999954223633,45.775001525878906,1526,0.0,0.0,0.0
2024-02-14 13:30:00-05:00,45.79990005493164,45.79999923706055,45.72999954223633,45.779998779296875,3163,0.0,0.0,0.0
2024-02-14 14:30:00-05:00,45.82500076293945,45.880001068115234,45.8203010559082,45.8203010559082,0,0.0,0.0,0.0
2024-02-15 09:30:00-05:00,45.83000183105469,45.98500061035156,45.83000183105469,45.98500061035156,822,0.0,0.0,0.0
2024-02-15 10:30:00-05:00,46.02280044555664,46.02280044555664,45.875,45.900001525878906,2321,0.0,0.0,0.0
2024-02-15 11:30:00-05:00,45.94879913330078,45.94879913330078,45.89619827270508,45.900001525878906,6978,0.0,0.0,0.0
2024-02-15 12:30:00-05:00,45.90999984741211,45.965999603271484,45.900001525878906,45.95500183105469,7983,0.0,0.0,0.0
2024-02-15 13:30:00-05:00,45.999000549316406,46.0,45.999000549316406,46.0,528,0.0,0.0,0.0
2024-02-15 14:30:00-05:00,46.012001037597656,46.05939865112305,46.012001037597656,46.03990173339844,8326,0.0,0.0,0.0
2024-02-15 15:30:00-05:00,46.02000045776367,46.054100036621094,45.980098724365234,46.054100036621094,2758,0.0,0.0,0.0
2024-02-16 09:30:00-05:00,46.34000015258789,46.58000183105469,46.34000015258789,46.58000183105469,0,0.0,0.0,0.0
2024-02-16 10:30:00-05:00,46.650001525878906,46.650001525878906,46.512001037597656,46.54999923706055,13080,0.0,0.0,0.0
2024-02-16 11:30:00-05:00,46.55009841918945,46.55009841918945,46.4900016784668,46.4900016784668,585,0.0,0.0,0.0
2024-02-16 12:30:00-05:00,46.560001373291016,46.649898529052734,46.55540084838867,46.57500076293945,3955,0.0,0.0,0.0
2024-02-16 13:30:00-05:00,46.59000015258789,46.68000030517578,46.55390167236328,46.5900993347168,4945,0.0,0.0,0.0
2024-02-16 14:30:00-05:00,46.68000030517578,46.720001220703125,46.47999954223633,46.525001525878906,18801,0.0,0.0,0.0
2024-02-16 15:30:00-05:00,46.599998474121094,46.599998474121094,46.5,46.5099983215332,7069,0.0,0.0,0.0
2024-02-20 09:30:00-05:00,46.7400016784668,46.80860137939453,46.70000076293945,46.70000076293945,0,0.0,0.0,0.0
2024-02-20 10:30:00-05:00,46.68190002441406,46.689998626708984,46.630001068115234,46.665000915527344,4120,0.0,0.0,0.0
2024-02-20 11:30:00-05:00,46.65999984741211,46.689998626708984,46.630001068115234,46.65999984741211,2430,0.0,0.0,0.0
2024-02-20 12:30:00-05:00,46.65999984741211,46.669898986816406,46.630001068115234,46.64360046386719,2892,0.0,0.0,0.0
2024-02-20 13:30:00-05:00,46.60499954223633,46.60499954223633,46.560001373291016,46.560001373291016,570,0.0,0.0,0.0
2024-02-20 14:30:00-05:00,46.6599006652832,46.65999984741211,46.630001068115234,46.65999984741211,4831,0.0,0.0,0.0
2024-02-20 15:30:00-05:00,46.650001525878906,46.77000045776367,46.650001525878906,46.754798889160156,5792,0.0,0.0,0.0
2024-02-21 09:30:00-05:00,46.72999954223633,46.829898834228516,46.72010040283203,46.75,0,0.0,0.0,0.0
2024-02-21 10:30:00-05:00,46.739898681640625,46.79999923706055,46.66999816894531,46.73500061035156,2812,0.0,0.0,0.0
2024-02-21 11:30:00-05:00,46.724998474121094,46.724998474121094,46.68000030517578,46.68000030517578,1081,0.0,0.0,0.0
2024-02-21 12:30:00-05:00,46.654998779296875,46.68190002441406,46.584999084472656,46.68190002441406,3744,0.0,0.0,0.0
2024-02-21 13:30:00-05:00,46.68989944458008,46.68989944458008,46.61000061035156,46.61000061035156,2535,0.0,0.0,0.0
2024-02-21 14:30:00-05:00,46.630001068115234,46.68000030517578,46.599998474121094,46.649898529052734,17068,0.0,0.0,0.0
2024-02-21 15:30:00-05:00,46.69990158081055,46.70500183105469,46.665000915527344,46.66999816894531,0,0.0,0.0,0.0
2024-02-22 09:30:00-05:00,47.09000015258789,47.189998626708984,47.09000015258789,47.11000061035156,7714,0.0,0.0,0.0
2024-02-22 10:30:00-05:00,47.09000015258789,47.10879898071289,47.03499984741211,47.03499984741211,3113,0.0,0.0,0.0
2024-02-22 11:30:00-05:00,47.149898529052734,47.149898529052734,47.028099060058594,47.112998962402344,3165,0.0,0.0,0.0
2024-02-22 12:30:00-05:00,47.14500045776367,47.17259979248047,47.14500045776367,47.14500045776367,749,0.0,0.0,0.0
2024-02-22 13:30:00-05:00,47.179100036621094,47.189998626708984,47.1260986328125,47.12779998779297,3521,0.0,0.0,0.0
2024-02-22 14:30:00-05:00,47.18000030517578,47.2400016784668,47.13999938964844,47.215999603271484,15444,0.0,0.0,0.0
2024-02-22 15:30:00-05:00,47.220001220703125,47.2599983215332,47.18000030517578,47.19240188598633,2766,0.0,0.0,0.0
2024-02-23 09:30:00-05:00,47.130001068115234,47.130001068115234,47.0,47.10129928588867,0,0.0,0.0,0.0
2024-02-23 10:30:00-05:00,47.099998474121094,47.13999938964844,47.079898834228516,47.079898834228516,1466,0.0,0.0,0.0
2024-02-23 11:30:00-05:00,47.11899948120117,47.165000915527344,47.11000061035156,47.165000915527344,2241,0.0,0.0,0.0
2024-02-23 12:30:00-05:00,47.18000030517578,47.207401275634766,47.150001525878906,47.154998779296875,2875,0.0,0.0,0.0
2024-02-23 13:30:00-05:00,47.17499923706055,47.17499923706055,47.119998931884766,47.119998931884766,1216,0.0,0.0,0.0
2024-02-23 14:30:00-05:00,47.0806999206543,47.169898986816406,47.0806999206543,47.130001068115234,19579,0.0,0.0,0.0
2024-02-23 15:30:00-05:00,47.119998931884766,47.119998931884766,47.11000061035156,47.11000061035156,1212,0.0,0.0,0.0
2024-02-26 09:30:00-05:00,46.970001220703125,46.97999954223633,46.83649826049805,46.91999816894531,0,0.0,0.0,0.0
2024-02-26 10:30:00-05:00,46.91999816894531,46.95000076293945,46.90909957885742,46.90909957885742,1721,0.0,0.0,0.0
2024-02-26 11:30:00-05:00,46.88999938964844,46.88999938964844,46.778499603271484,46.84000015258789,1464,0.0,0.0,0.0
2024-02-26 12:30:00-05:00,46.81399917602539,46.900001525878906,46.81399917602539,46.900001525878906,2960,0.0,0.0,0.0
2024-02-26 13:30:00-05:00,46.86970138549805,46.86970138549805,46.81999969482422,46.81999969482422,4366,0.0,0.0,0.0
2024-02-26 14:30:00-05:00,46.83000183105469,46.88999938964844,46.811100006103516,46.869998931884766,7326,0.0,0.0,0.0
2024-02-26 15:30:00-05:00,46.880001068115234,46.9099006652832,46.8025016784668,46.84000015258789,8034,0.0,0.0,0.0
2024-02-27 09:30:00-05:00,46.900001525878906,46.979000091552734,46.83869934082031,46.91999816894531,0,0.0,0.0,0.0
2024-02-27 10:30:00-05:00,46.91999816894531,46.96839904785156,46.90999984741211,46.95000076293945,1603,0.0,0.0,0.0
2024-02-27 11:30:00-05:00,46.95000076293945,46.95000076293945,46.9109992980957,46.92190170288086,1387,0.0,0.0,0.0
2024-02-27 12:30:00-05:00,46.92499923706055,46.959999084472656,46.91999816894531,46.959999084472656,4038,0.0,0.0,0.0
2024-02-27 13:30:00-05:00,46.95000076293945,46.989898681640625,46.93000030517578,46.93000030517578,9576,0.0,0.0,0.0
2024-02-27 14:30:00-05:00,46.95000076293945,46.96989822387695,46.900001525878906,46.96989822387695,8745,0.0,0.0,0.0
2024-02-27 15:30:00-05:00,46.93000030517578,46.939998626708984,46.900001525878906,46.900001525878906,0,0.0,0.0,0.0
2024-02-28 09:30:00-05:00,46.65999984741211,46.65999984741211,46.40999984741211,46.40999984741211,5817,0.0,0.0,0.0
2024-02-28 10:30:00-05:00,46.43989944458008,46.46989822387695,46.38999938964844,46.45000076293945,102864,0.0,0.0,0.0
2024-02-28 11:30:00-05:00,46.39500045776367,46.4900016784668,46.39500045776367,46.459999084472656,1483,0.0,0.0,0.0
2024-02-28 12:30:00-05:00,46.435001373291016,46.46989822387695,46.400001525878906,46.40999984741211,1138,0.0,0.0,0.0
2024-02-28 13:30:00-05:00,46.459999084472656,46.470001220703125,46.41999816894531,46.45930099487305,2490,0.0,0.0,0.0
2024-02-28 14:30:00-05:00,46.43000030517578,46.46500015258789,46.388099670410156,46.46500015258789,19326,0.0,0.0,0.0
2024-02-28 15:30:00-05:00,46.47999954223633,46.47999954223633,46.40999984741211,46.459999084472656,0,0.0,0.0,0.0
2024-02-29 09:30:00-05:00,46.810001373291016,46.959999084472656,46.810001373291016,46.81999969482422,8730,0.0,0.0,0.0
2024-02-29 10:30:00-05:00,46.750099182128906,46.750099182128906,46.68000030517578,46.68000030517578,614,0.0,0.0,0.0
2024-02-29 11:30:00-05:00,46.679901123046875,46.679901123046875,46.65999984741211,46.65999984741211,853,0.0,0.0,0.0
2024-02-29 12:30:00-05:00,46.68000030517578,46.7411003112793,46.68000030517578,46.7411003112793,1557,0.0,0.0,0.0
2024-02-29 13:30:00-05:00,46.75239944458008,46.75239944458008,46.720001220703125,46.737998962402344,835,0.0,0.0,0.0
2024-02-29 14:30:00-05:00,46.64899826049805,46.749698638916016,46.64899826049805,46.72999954223633,14188,0.0,0.0,0.0
2024-02-29 15:30:00-05:00,46.705501556396484,46.75,46.68000030517578,46.68000030517578,0,0.0,0.0,0.0
2024-03-01 09:30:00-05:00,46.9900016784668,47.16999816894531,46.9900016784668,47.16999816894531,13621,0.0,0.0,0.0
2024-03-01 10:30:00-05:00,47.21500015258789,47.29999923706055,47.21500015258789,47.279998779296875,1030,0.0,0.0,0.0
2024-03-01 11:30:00-05:00,47.23500061035156,47.27989959716797,47.22999954223633,47.264400482177734,1315,0.0,0.0,0.0
2024-03-01 12:30:00-05:00,47.2599983215332,47.310001373291016,47.2599983215332,47.310001373291016,1632,0.0,0.0,0.0
2024-03-01 13:30:00-05:00,47.314998626708984,47.34989929199219,47.310001373291016,47.31999969482422,1338,0.0,0.0,0.0
2024-03-01 14:30:00-05:00,47.31999969482422,47.34000015258789,47.275299072265625,47.275299072265625,6090,0.0,0.0,0.0
2024-03-01 15:30:00-05:00,47.31990051269531,47.31990051269531,47.28499984741211,47.28499984741211,3145,0.0,0.0,0.0
2024-03-04 09:30:00-05:00,47.33000183105469,47.33000183105469,47.2318000793457,47.29999923706055,0,0.0,0.0,0.0
2024-03-04 10:30:00-05:00,47.31999969482422,47.33000183105469,47.279998779296875,47.279998779296875,4940,0.0,0.0,0.0
2024-03-04 11:30:00-05:00,47.27000045776367,47.279998779296875,47.25,47.25,5685,0.0,0.0,0.0
2024-03-04 12:30:00-05:00,47.244998931884766,47.24909973144531,47.220001220703125,47.220001220703125,1373,0.0,0.0,0.0
2024-03-04 13:30:00-05:00,47.22990036010742,47.2400016784668,47.209999084472656,47.22779846191406,5791,0.0,0.0,0.0
2024-03-04 14:30:00-05:00,47.2599983215332,47.27000045776367,47.220001220703125,47.2400016784668,23238,0.0,0.0,0.0
2024-03-04 15:30:00-05:00,47.25,47.25,47.2130012512207,47.23500061035156,0,0.0,0.0,0.0
2024-03-05 09:30:00-05:00,47.09000015258789,47.09000015258789,46.88999938964844,47.029998779296875,6729,0.0,0.0,0.0
2024-03-05 10:30:00-05:00,47.029998779296875,47.029998779296875,46.95000076293945,46.964298248291016,4259,0.0,0.0,0.0
2024-03-05 11:30:00-05:00,46.959999084472656,46.959999084472656,46.88059997558594,46.91999816894531,6458,0.0,0.0,0.0
2024-03-05 12:30:00-05:00,46.91999816894531,46.939998626708984,46.90999984741211,46.93989944458008,6290,0.0,0.0,0.0
2024-03-05 13:30:00-05:00,46.9379997253418,46.9379997253418,46.88999938964844,46.90999984741211,10970,0.0,0.0,0.0
2024-03-05 14:30:00-05:00,46.89500045776367,46.89500045776367,46.83440017700195,46.859901428222656,6106,0.0,0.0,0.0
2024-03-05 15:30:00-05:00,46.81999969482422,46.869998931884766,46.81999969482422,46.869998931884766,0,0.0,0.0,0.0
2024-03-06 09:30:00-05:00,47.47999954223633,47.47999954223633,47.369998931884766,47.40010070800781,4160,0.0,0.0,0.0
2024-03-06 10:30:00-05:00,47.43000030517578,47.44409942626953,47.43000030517578,47.44409942626953,639,0.0,0.0,0.0
2024-03-06 11:30:00-05:00,47.4900016784668,47.540000915527344,47.46390151977539,47.5099983215332,2602,0.0,0.0,0.0
2024-03-06 12:30:00-05:00,47.5,47.52989959716797,47.43000030517578,47.52989959716797,2517,0.0,0.0,0.0
2024-03-06 13:30:00-05:00,47.47999954223633,47.489200592041016,47.31999969482422,47.349998474121094,19392,0.0,0.0,0.0
2024-03-06 14:30:00-05:00,47.380001068115234,47.4099006652832,47.31010055541992,47.36000061035156,11618,0.0,0.0,0.0
2024-03-06 15:30:00-05:00,47.37889862060547,47.37889862060547,47.33000183105469,47.369998931884766,2654,0.0,0.0,0.0
2024-03-07 09:30:00-05:00,47.459999084472656,47.52000045776367,47.459999084472656,47.5099983215332,0,0.0,0.0,0.0
2024-03-07 10:30:00-05:00,47.52000045776367,47.560001373291016,47.52000045776367,47.54999923706055,4225,0.0,0.0,0.0
2024-03-07 11:30:00-05:00,47.560001373291016,47.59000015258789,47.560001373291016,47.59000015258789,623,0.0,0.0,0.0
2024-03-07 12:30:00-05:00,47.57500076293945,47.6072998046875,47.57500076293945,47.6072998046875,1287,0.0,0.0,0.0
2024-03-07 13:30:00-05:00,47.61000061035156,47.65999984741211,47.61000061035156,47.63999938964844,8371,0.0,0.0,0.0
2024-03-07 14:30:00-05:00,47.58000183105469,47.649898529052734,47.560001373291016,47.61000061035156,65224,0.0,0.0,0.0
2024-03-07 15:30:00-05:00,47.60499954223633,47.63999938964844,47.58000183105469,47.58000183105469,2231,0.0,0.0,0.0
2024-03-08 09:30:00-05:00,47.68000030517578,47.770198822021484,47.66999816894531,47.72999954223633,0,0.0,0.0,0.0
2024-03-08 10:30:00-05:00,47.709999084472656,47.7599983215332,47.599998474121094,47.599998474121094,10145,0.0,0.0,0.0
2024-03-08 11:30:00-05:00,47.599998474121094,47.630001068115234,47.540000915527344,47.59000015258789,20214,0.0,0.0,0.0
2024-03-08 12:30:00-05:00,47.630001068115234,47.63999938964844,47.560001373291016,47.560001373291016,6486,0.0,0.0,0.0
2024-03-08 13:30:00-05:00,47.56999969482422,47.6349983215332,47.540000915527344,47.6349983215332,10980,0.0,0.0,0.0
2024-03-08 14:30:00-05:00,47.63999938964844,47.650001525878906,47.619998931884766,47.619998931884766,4030,0.0,0.0,0.0
2024-03-08 15:30:00-05:00,47.572898864746094,47.58000183105469,47.540000915527344,47.58000183105469,2893,0.0,0.0,0.0
2024-03-11 09:30:00-04:00,47.58000183105469,47.69499969482422,47.54499816894531,47.599998474121094,0,0.0,0.0,0.0
2024-03-11 10:30:00-04:00,47.619998931884766,47.65999984741211,47.61000061035156,47.63990020751953,2737,0.0,0.0,0.0
2024-03-11 11:30:00-04:00,47.56999969482422,47.669898986816406,47.56999969482422,47.669898986816406,2615,0.0,0.0,0.0
2024-03-11 12:30:00-04:00,47.625,47.689998626708984,47.625,47.66619873046875,6465,0.0,0.0,0.0
2024-03-11 13:30:00-04:00,47.654998779296875,47.69990158081055,47.61389923095703,47.64250183105469,4089,0.0,0.0,0.0
2024-03-11 14:30:00-04:00,47.61000061035156,47.689998626708984,47.599998474121094,47.61000061035156,5330,0.0,0.0,0.0
2024-03-11 15:30:00-04:00,47.6349983215332,47.68989944458008,47.56999969482422,47.56999969482422,2025,0.0,0.0,0.0
2024-03-12 09:30:00-04:00,47.709999084472656,47.709999084472656,47.560001373291016,47.66999816894531,0,0.0,0.0,0.0
2024-03-12 10:30:00-04:00,47.68000030517578,47.78900146484375,47.68000030517578,47.7599983215332,14618,0.0,0.0,0.0
2024-03-12 11:30:00-04:00,47.7599983215332,47.86000061035156,47.720001220703125,47.72999954223633,5233,0.0,0.0,0.0
2024-03-12 12:30:00-04:00,47.720001220703125,47.769901275634766,47.68000030517578,47.68000030517578,6383,0.0,0.0,0.0
2024-03-12 13:30:00-04:00,47.70500183105469,47.775001525878906,47.70500183105469,47.775001525878906,1497,0.0,0.0,0.0
2024-03-12 14:30:00-04:00,47.77000045776367,47.79520034790039,47.71009826660156,47.77000045776367,6824,0.0,0.0,0.0
2024-03-12 15:30:00-04:00,47.810001373291016,47.824501037597656,47.730098724365234,47.779998779296875,0,0.0,0.0,0.0
2024-03-13 09:30:00-04:00,47.45000076293945,47.58000183105469,47.45000076293945,47.56999969482422,7131,0.0,0.0,0.0
2024-03-13 10:30:00-04:00,47.560001373291016,47.599998474121094,47.54999923706055,47.55500030517578,4496,0.0,0.0,0.0
2024-03-13 11:30:00-04:00,47.5,47.54990005493164,47.5,47.529998779296875,1486,0.0,0.0,0.0
2024-03-13 12:30:00-04:00,47.540000915527344,47.540000915527344,47.525001525878906,47.525001525878906,984,0.0,0.0,0.0
2024-03-13 14:30:00-04:00,47.59809875488281,47.599300384521484,47.5,47.5,11992,0.0,0.0,0.0
2024-03-13 15:30:00-04:00,47.560001373291016,47.560001373291016,47.5099983215332,47.560001373291016,0,0.0,0.0,0.0
2024-03-14 09:30:00-04:00,47.7599983215332,47.779998779296875,47.654998779296875,47.68000030517578,9295,0.0,0.0,0.0
2024-03-14 10:30:00-04:00,47.729698181152344,47.729698181152344,47.56999969482422,47.56999969482422,3519,0.0,0.0,0.0
2024-03-14 11:30:00-04:00,47.58000183105469,47.63999938964844,47.58000183105469,47.619998931884766,12040,0.0,0.0,0.0
2024-03-14 12:30:00-04:00,47.650001525878906,47.650001525878906,47.560001373291016,47.560001373291016,1031,0.0,0.0,0.0
2024-03-14 13:30:00-04:00,47.529998779296875,47.560001373291016,47.529998779296875,47.540000915527344,816,0.0,0.0,0.0
2024-03-14 14:30:00-04:00,47.550899505615234,47.560001373291016,47.48500061035156,47.494998931884766,31948,0.0,0.0,0.0
2024-03-14 15:30:00-04:00,47.488399505615234,47.58000183105469,47.470001220703125,47.54499816894531,0,0.0,0.0,0.0
2024-03-15 09:30:00-04:00,47.4900016784668,47.494998931884766,47.400001525878906,47.439998626708984,4284,0.0,0.0,0.0
2024-03-15 10:30:00-04:00,47.435001373291016,47.435001373291016,47.435001373291016,47.435001373291016,385,0.0,0.0,0.0
2024-03-15 11:30:00-04:00,47.47999954223633,47.52000045776367,47.400001525878906,47.41999816894531,13659,0.0,0.0,0.0
2024-03-15 12:30:00-04:00,47.40999984741211,47.43000030517578,47.279998779296875,47.33000183105469,3826,0.0,0.0,0.0
2024-03-15 13:30:00-04:00,47.32899856567383,47.349998474121094,47.31999969482422,47.33000183105469,2232,0.0,0.0,0.0
2024-03-15 14:30:00-04:00,47.36000061035156,47.40999984741211,47.36000061035156,47.400001525878906,7236,0.0,0.0,0.0
2024-03-15 15:30:00-04:00,47.369998931884766,47.400001525878906,47.369998931884766,47.38999938964844,951,0.0,0.0,0.0
2024-03-18 09:30:00-04:00,47.63999938964844,47.63999938964844,47.40999984741211,47.45000076293945,0,0.0,0.0,0.0
2024-03-18 10:30:00-04:00,47.40999984741211,47.40999984741211,47.40999984741211,47.40999984741211,643,0.0,0.0,0.0
2024-03-18 11:30:00-04:00,47.3849983215332,47.38999938964844,47.3297004699707,47.349998474121094,3903,0.0,0.0,0.0
2024-03-18 12:30:00-04:00,47.34000015258789,47.34000015258789,47.309898376464844,47.34000015258789,3308,0.0,0.0,0.0
2024-03-18 13:30:00-04:00,47.34000015258789,47.34000015258789,47.28010177612305,47.310001373291016,811,0.0,0.0,0.0
2024-03-18 14:30:00-04:00,47.36000061035156,47.399898529052734,47.33000183105469,47.38949966430664,31587,0.0,0.0,0.0
2024-03-18 15:30:00-04:00,47.33610153198242,47.38999938964844,47.310001373291016,47.380001068115234,5111,0.0,0.0,0.0
2024-03-19 09:30:00-04:00,47.13999938964844,47.13999938964844,46.95000076293945,46.959999084472656,0,0.0,0.0,0.0
2024-03-19 10:30:00-04:00,47.02000045776367,47.02000045776367,46.974998474121094,47.02000045776367,3465,0.0,0.0,0.0
2024-03-19 11:30:00-04:00,47.040000915527344,47.09000015258789,47.010101318359375,47.09000015258789,1590,0.0,0.0,0.0
2024-03-19 12:30:00-04:00,47.119998931884766,47.18000030517578,47.119998931884766,47.150001525878906,1331,0.0,0.0,0.0
2024-03-19 13:30:00-04:00,47.185001373291016,47.185001373291016,47.154998779296875,47.154998779296875,2292,0.0,0.0,0.0
2024-03-19 14:30:00-04:00,47.1599006652832,47.18000030517578,47.130001068115234,47.130001068115234,8698,0.0,0.0,0.0
2024-03-19 15:30:00-04:00,47.130001068115234,47.189998626708984,47.09000015258789,47.09000015258789,3698,0.0,0.0,0.0
2024-03-20 09:30:00-04:00,47.11000061035156,47.11000061035156,47.04499816894531,47.09000015258789,0,0.0,0.0,0.0
2024-03-20 10:30:00-04:00,47.16999816894531,47.21799850463867,47.15999984741211,47.20000076293945,2036,0.0,0.0,0.0
2024-03-20 11:30:00-04:00,47.20989990234375,47.20989990234375,47.19499969482422,47.19499969482422,473,0.0,0.0,0.0
2024-03-20 12:30:00-04:00,47.239898681640625,47.24449920654297,47.230899810791016,47.230899810791016,1286,0.0,0.0,0.0
2024-03-20 13:30:00-04:00,47.35499954223633,47.43000030517578,47.33869934082031,47.33869934082031,2121,0.0,0.0,0.0
2024-03-20 14:30:00-04:00,47.54999923706055,47.63999938964844,47.52000045776367,47.63999938964844,9399,0.0,0.0,0.0
2024-03-20 15:30:00-04:00,47.6879997253418,47.6879997253418,47.560001373291016,47.650001525878906,878,0.0,0.0,0.0
2024-03-21 09:30:00-04:00,48.0099983215332,48.0099983215332,47.84000015258789,47.85499954223633,0,0.0,0.0,0.0
2024-03-21 10:30:00-04:00,47.849998474121094,47.918701171875,47.779998779296875,47.80500030517578,16041,0.0,0.0,0.0
2024-03-21 11:30:00-04:00,47.80500030517578,47.849998474121094,47.77000045776367,47.849998474121094,6634,0.0,0.0,0.0
2024-03-21 12:30:00-04:00,47.84000015258789,47.84000015258789,47.75749969482422,47.79999923706055,6025,0.0,0.0,0.0
2024-03-21 13:30:00-04:00,47.810001373291016,47.810001373291016,47.744998931884766,47.77000045776367,6270,0.0,0.0,0.0
2024-03-21 14:30:00-04:00,47.779998779296875,47.809898376464844,47.72999954223633,47.730098724365234,21333,0.0,0.0,0.0
2024-03-21 15:30:00-04:00,47.790000915527344,47.79999923706055,47.730098724365234,47.7599983215332,3565,0.0,0.0,0.0
2024-03-22 09:30:00-04:00,47.47999954223633,47.4900016784668,47.377601623535156,47.41999816894531,14250,0.0,0.0,0.0
2024-03-22 10:30:00-04:00,47.43000030517578,47.439998626708984,47.369998931884766,47.41999816894531,4712,0.0,0.0,0.0
2024-03-22 11:30:00-04:00,47.41999816894531,47.439998626708984,47.339900970458984,47.34000015258789,15055,0.0,0.0,0.0
2024-03-22 12:30:00-04:00,47.380001068115234,47.43000030517578,47.349998474121094,47.349998474121094,3168,0.0,0.0,0.0
2024-03-22 13:30:00-04:00,47.400001525878906,47.400001525878906,47.33000183105469,47.369998931884766,8780,0.0,0.0,0.0
2024-03-22 14:30:00-04:00,47.34000015258789,47.36980056762695,47.27000045776367,47.33000183105469,12148,0.0,0.0,0.0
2024-03-22 15:30:00-04:00,47.34000015258789,47.38999938964844,47.31999969482422,47.38999938964844,2568,0.0,0.0,0.0
2024-03-25 09:30:00-04:00,47.369998931884766,47.45000076293945,47.34989929199219,47.43000030517578,0,0.0,0.0,0.0
2024-03-25 10:30:00-04:00,47.439998626708984,47.45000076293945,47.36000061035156,47.39720153808594,1801,0.0,0.0,0.0
2024-03-25 11:30:00-04:00,47.399898529052734,47.40999984741211,47.369998931884766,47.400001525878906,22451,0.0,0.0,0.0
2024-03-25 12:30:00-04:00,47.400001525878906,47.43000030517578,47.380001068115234,47.40999984741211,16265,0.0,0.0,0.0
2024-03-25 13:30:00-04:00,47.40999984741211,47.41999816894531,47.380001068115234,47.40999984741211,5820,0.0,0.0,0.0
2024-03-25 14:30:00-04:00,47.41999816894531,47.41999816894531,47.380001068115234,47.3849983215332,13140,0.0,0.0,0.0
2024-03-25 15:30:00-04:00,47.400001525878906,47.41999816894531,47.369998931884766,47.40999984741211,21660,0.0,0.0,0.0
2024-03-26 09:30:00-04:00,47.349998474121094,47.37329864501953,47.25,47.25,0,0.0,0.0,0.0
2024-03-26 10:30:00-04:00,47.25,47.27000045776367,47.189998626708984,47.209999084472656,14375,0.0,0.0,0.0
2024-03-26 11:30:00-04:00,47.220001220703125,47.27000045776367,47.16999816894531,47.25,6216,0.0,0.0,0.0
2024-03-26 12:30:00-04:00,47.255001068115234,47.27000045776367,47.20000076293945,47.2599983215332,12780,0.0,0.0,0.0
2024-03-26 13:30:00-04:00,47.27399826049805,47.27399826049805,47.20000076293945,47.25,30004,0.0,0.0,0.0
2024-03-26 14:30:00-04:00,47.25,47.27000045776367,47.220001220703125,47.23500061035156,20067,0.0,0.0,0.0
2024-03-26 15:30:00-04:00,47.22999954223633,47.23500061035156,47.189998626708984,47.19499969482422,11387,0.0,0.0,0.0
2024-03-27 09:30:00-04:00,47.220001220703125,47.2599983215332,47.150001525878906,47.22999954223633,0,0.0,0.0,0.0
2024-03-27 10:30:00-04:00,47.2599983215332,47.290000915527344,47.220001220703125,47.2599983215332,14544,0.0,0.0,0.0
2024-03-27 11:30:00-04:00,47.25,47.279998779296875,47.22999954223633,47.2400016784668,22801,0.0,0.0,0.0
2024-03-27 12:30:00-04:00,47.22999954223633,47.279998779296875,47.22999954223633,47.27000045776367,6924,0.0,0.0,0.0
2024-03-27 13:30:00-04:00,47.27000045776367,47.309898376464844,47.2400016784668,47.29999923706055,9958,0.0,0.0,0.0
2024-03-27 14:30:00-04:00,47.279998779296875,47.34000015258789,47.27000045776367,47.310001373291016,38697,0.0,0.0,0.0
2024-03-27 15:30:00-04:00,47.33000183105469,47.38999938964844,47.310001373291016,47.38999938964844,24609,0.0,0.0,0.0
2024-03-28 09:30:00-04:00,47.38999938964844,47.4995002746582,47.38999938964844,47.45000076293945,0,0.0,0.0,0.0
2024-03-28 10:30:00-04:00,47.470001220703125,47.559898376464844,47.45560073852539,47.559898376464844,1627,0.0,0.0,0.0
2024-03-28 11:30:00-04:00,47.53990173339844,47.53990173339844,47.470001220703125,47.499900817871094,2666,0.0,0.0,0.0
2024-03-28 12:30:00-04:00,47.402000427246094,47.402000427246094,47.402000427246094,47.402000427246094,633,0.0,0.0,0.0
2024-03-28 13:30:00-04:00,47.439998626708984,47.478599548339844,47.43000030517578,47.43000030517578,4792,0.0,0.0,0.0
2024-03-28 14:30:00-04:00,47.41999816894531,47.4734992980957,47.41999816894531,47.45000076293945,4356,0.0,0.0,0.0
2024-03-28 15:30:00-04:00,47.45000076293945,47.45000076293945,47.38999938964844,47.38999938964844,1224,0.0,0.0,0.0
2024-04-01 09:30:00-04:00,47.630001068115234,47.929901123046875,47.630001068115234,47.76499938964844,40418,0.0,0.0,0.0
2024-04-01 10:30:00-04:00,47.77000045776367,47.829898834228516,47.52000045776367,47.52000045776367,11132,0.0,0.0,0.0
2024-04-01 11:30:00-04:00,47.459999084472656,47.529998779296875,47.459999084472656,47.529998779296875,1152,0.0,0.0,0.0
2024-04-01 12:30:00-04:00,47.540000915527344,47.56999969482422,47.5099983215332,47.5099983215332,1557,0.0,0.0,0.0
2024-04-01 13:30:00-04:00,47.4900016784668,47.53990173339844,47.48210144042969,47.48210144042969,2892,0.0,0.0,0.0
2024-04-01 14:30:00-04:00,47.5,47.54990005493164,47.4900016784668,47.5099983215332,11380,0.0,0.0,0.0
2024-04-01 15:30:00-04:00,47.5098991394043,47.579898834228516,47.459999084472656,47.4900016784668,14966,0.0,0.0,0.0
2024-04-02 09:30:00-04:00,47.68000030517578,47.875999450683594,47.68000030517578,47.77000045776367,0,0.0,0.0,0.0
2024-04-02 10:30:00-04:00,47.71500015258789,47.71500015258789,47.71500015258789,47.71500015258789,260,0.0,0.0,0.0
2024-04-02 11:30:00-04:00,47.68000030517578,47.70000076293945,47.62269973754883,47.63999938964844,5466,0.0,0.0,0.0
2024-04-02 12:30:00-04:00,47.65999984741211,47.65999984741211,47.63460159301758,47.65999984741211,2747,0.0,0.0,0.0
2024-04-02 13:30:00-04:00,47.68989944458008,47.689998626708984,47.65999984741211,47.689998626708984,1435,0.0,0.0,0.0
2024-04-02 14:30:00-04:00,47.63100051879883,47.669498443603516,47.61000061035156,47.63999938964844,5387,0.0,0.0,0.0
2024-04-02 15:30:00-04:00,47.654998779296875,47.68989944458008,47.63999938964844,47.63999938964844,7419,0.0,0.0,0.0
2024-04-03 09:30:00-04:00,47.65999984741211,47.75,47.61000061035156,47.70000076293945,0,0.0,0.0,0.0
2024-04-03 10:30:00-04:00,47.709999084472656,47.83000183105469,47.70000076293945,47.81999969482422,9838,0.0,0.0,0.0
2024-04-03 11:30:00-04:00,47.839900970458984,47.84000015258789,47.77000045776367,47.77000045776367,2186,0.0,0.0,0.0
2024-04-03 12:30:00-04:00,47.878700256347656,47.89059829711914,47.86000061035156,47.86000061035156,769,0.0,0.0,0.0
2024-04-03 13:30:00-04:00,47.900001525878906,47.964599609375,47.900001525878906,47.900001525878906,1064,0.0,0.0,0.0
2024-04-03 14:30:00-04:00,47.87009811401367,47.919898986816406,47.81999969482422,47.83000183105469,11152,0.0,0.0,0.0
2024-04-03 15:30:00-04:00,47.83810043334961,47.849998474121094,47.83810043334961,47.849998474121094,684,0.0,0.0,0.0
2024-04-04 09:30:00-04:00,48.22999954223633,48.31999969482422,48.22999954223633,48.290000915527344,0,0.0,0.0,0.0
2024-04-04 10:30:00-04:00,48.30939865112305,48.30939865112305,48.22999954223633,48.26499938964844,6713,0.0,0.0,0.0
2024-04-04 11:30:00-04:00,48.279998779296875,48.419898986816406,48.279998779296875,48.38999938964844,7026,0.0,0.0,0.0
2024-04-04 12:30:00-04:00,48.36000061035156,48.380001068115234,48.33000183105469,48.345001220703125,5931,0.0,0.0,0.0
2024-04-04 13:30:00-04:00,48.349998474121094,48.349998474121094,48.20650100708008,48.20650100708008,2400,0.0,0.0,0.0
2024-04-04 14:30:00-04:00,48.01499938964844,48.029998779296875,47.79999923706055,47.84000015258789,25532,0.0,0.0,0.0
2024-04-04 15:30:00-04:00,47.755001068115234,47.77000045776367,47.71500015258789,47.77000045776367,0,0.0,0.0,0.0
2024-04-05 09:30:00-04:00,47.66999816894531,47.7400016784668,47.59360122680664,47.59360122680664,1793,0.0,0.0,0.0
2024-04-05 10:30:00-04:00,47.650001525878906,47.70000076293945,47.61000061035156,47.70000076293945,1991,0.0,0.0,0.0
2024-04-05 11:30:00-04:00,47.74689865112305,47.84000015258789,47.74689865112305,47.84000015258789,2435,0.0,0.0,0.0
2024-04-05 12:30:00-04:00,47.869998931884766,47.880001068115234,47.81999969482422,47.81999969482422,4176,0.0,0.0,0.0
2024-04-05 13:30:00-04:00,47.869998931884766,47.869998931884766,47.7599983215332,47.81380081176758,3876,0.0,0.0,0.0
2024-04-05 14:30:00-04:00,47.82500076293945,47.86000061035156,47.79999923706055,47.83000183105469,7700,0.0,0.0,0.0
2024-04-05 15:30:00-04:00,47.81999969482422,47.86000061035156,47.79999923706055,47.79999923706055,2110,0.0,0.0,0.0
2024-04-08 09:30:00-04:00,48.06999969482422,48.209999084472656,48.040000915527344,48.12009811401367,2834,0.0,0.0,0.0
2024-04-08 10:30:00-04:00,48.245201110839844,48.25,48.22999954223633,48.2400016784668,2022,0.0,0.0,0.0
2024-04-08 11:30:00-04:00,48.22999954223633,48.2400016784668,48.130001068115234,48.130001068115234,4810,0.0,0.0,0.0
2024-04-08 12:30:00-04:00,48.12009811401367,48.20000076293945,48.12009811401367,48.20000076293945,15234,0.0,0.0,0.0
2024-04-08 13:30:00-04:00,48.20000076293945,48.2400016784668,48.119998931884766,48.22999954223633,26829,0.0,0.0,0.0
2024-04-08 14:30:00-04:00,48.22999954223633,48.2400016784668,48.20000076293945,48.209999084472656,33924,0.0,0.0,0.0
2024-04-08 15:30:00-04:00,48.220001220703125,48.2599983215332,48.189998626708984,48.25,97182,0.0,0.0,0.0
2024-04-09 09:30:00-04:00,48.494998931884766,48.494998931884766,48.43000030517578,48.45000076293945,2256,0.0,0.0,0.0
2024-04-09 10:30:00-04:00,48.400001525878906,48.400001525878906,48.31010055541992,48.32899856567383,3486,0.0,0.0,0.0
2024-04-09 11:30:00-04:00,48.38999938964844,48.38999938964844,48.315101623535156,48.38130187988281,3109,0.0,0.0,0.0
2024-04-09 12:30:00-04:00,48.43000030517578,48.43899917602539,48.36199951171875,48.41999816894531,3996,0.0,0.0,0.0
2024-04-09 13:30:00-04:00,48.36009979248047,48.43000030517578,48.34809875488281,48.375,1773,0.0,0.0,0.0
2024-04-09 14:30:00-04:00,48.375,48.43899917602539,48.350101470947266,48.38309860229492,13755,0.0,0.0,0.0
2024-04-09 15:30:00-04:00,48.4385986328125,48.5099983215332,48.40810012817383,48.5099983215332,0,0.0,0.0,0.0
2024-04-10 09:30:00-04:00,47.86000061035156,47.894500732421875,47.709999084472656,47.86000061035156,9295,0.0,0.0,0.0
2024-04-10 10:30:00-04:00,47.86000061035156,47.869998931884766,47.619998931884766,47.63999938964844,5252,0.0,0.0,0.0
2024-04-10 11:30:00-04:00,47.709999084472656,47.709999084472656,47.619300842285156,47.63999938964844,2989,0.0,0.0,0.0
2024-04-10 12:30:00-04:00,47.63999938964844,47.72949981689453,47.540000915527344,47.72949981689453,4009,0.0,0.0,0.0
2024-04-10 13:30:00-04:00,47.68000030517578,47.71979904174805,47.560001373291016,47.619998931884766,4976,0.0,0.0,0.0
2024-04-10 14:30:00-04:00,47.59000015258789,47.66999816894531,47.5281982421875,47.650001525878906,7574,0.0,0.0,0.0
2024-04-10 15:30:00-04:00,47.63999938964844,47.73500061035156,47.625,47.68000030517578,23281,0.0,0.0,0.0
2024-04-11 09:30:00-04:00,48.0099983215332,48.089900970458984,47.75,47.839900970458984,0,0.0,0.0,0.0
2024-04-11 10:30:00-04:00,47.709999084472656,47.810001373291016,47.709999084472656,47.77000045776367,1859,0.0,0.0,0.0
2024-04-11 11:30:00-04:00,47.837100982666016,47.837100982666016,47.79999923706055,47.83000183105469,606,0.0,0.0,0.0
2024-04-11 12:30:00-04:00,47.86000061035156,48.019901275634766,47.849998474121094,47.90999984741211,1825,0.0,0.0,0.0
2024-04-11 13:30:00-04:00,47.91999816894531,48.04499816894531,47.91999816894531,48.0099983215332,904,0.0,0.0,0.0
2024-04-11 14:30:00-04:00,48.06999969482422,48.076698303222656,47.970001220703125,48.0,13303,0.0,0.0,0.0
2024-04-11 15:30:00-04:00,48.0,48.04499816894531,48.0,48.0,23394,0.0,0.0,0.0
2024-04-12 09:30:00-04:00,47.5,47.5,47.25,47.25,0,0.0,0.0,0.0
2024-04-12 10:30:00-04:00,47.25,47.25,47.060001373291016,47.13999938964844,13785,0.0,0.0,0.0
2024-04-12 11:30:00-04:00,47.150001525878906,47.239898681640625,47.11000061035156,47.13999938964844,8111,0.0,0.0,0.0
2024-04-12 12:30:00-04:00,47.060001373291016,47.13999938964844,47.0099983215332,47.02000045776367,7963,0.0,0.0,0.0
2024-04-12 13:30:00-04:00,46.91999816894531,47.09000015258789,46.91999816894531,46.98749923706055,2244,0.0,0.0,0.0
2024-04-12 14:30:00-04:00,47.08000183105469,47.08000183105469,46.93000030517578,46.9546012878418,31042,0.0,0.0,0.0
2024-04-12 15:30:00-04:00,46.959999084472656,47.02519989013672,46.959999084472656,46.97999954223633,6174,0.0,0.0,0.0
2024-04-15 09:30:00-04:00,47.33000183105469,47.33000183105469,47.060001373291016,47.060001373291016,0,0.0,0.0,0.0
2024-04-15 10:30:00-04:00,47.12310028076172,47.12310028076172,47.0099983215332,47.079898834228516,3514,0.0,0.0,0.0
2024-04-15 11:30:00-04:00,47.119998931884766,47.119998931884766,47.0099983215332,47.0099983215332,1217,0.0,0.0,0.0
2024-04-15 12:30:00-04:00,47.0099983215332,47.040000915527344,46.814998626708984,46.814998626708984,3510,0.0,0.0,0.0
2024-04-15 13:30:00-04:00,46.77000045776367,46.84000015258789,46.7400016784668,46.790000915527344,4489,0.0,0.0,0.0
2024-04-15 14:30:00-04:00,46.710601806640625,46.810001373291016,46.710601806640625,46.75,10160,0.0,0.0,0.0
2024-04-15 15:30:00-04:00,46.750099182128906,46.78499984741211,46.750099182128906,46.77000045776367,2230,0.0,0.0,0.0
2024-04-16 09:30:00-04:00,46.2599983215332,46.2599983215332,46.104400634765625,46.15999984741211,17621,0.0,0.0,0.0
2024-04-16 10:30:00-04:00,46.119998931884766,46.1864013671875,46.099998474121094,46.17499923706055,3030,0.0,0.0,0.0
2024-04-16 11:30:00-04:00,46.20500183105469,46.224998474121094,46.15999984741211,46.209999084472656,6699,0.0,0.0,0.0
2024-04-16 12:30:00-04:00,46.209999084472656,46.224998474121094,46.209999084472656,46.224998474121094,3884,0.0,0.0,0.0
2024-04-16 13:30:00-04:00,46.20000076293945,46.27000045776367,46.119998931884766,46.150001525878906,4966,0.0,0.0,0.0
2024-04-16 14:30:00-04:00,46.23500061035156,46.27989959716797,46.1963005065918,46.23500061035156,4577,0.0,0.0,0.0
2024-04-16 15:30:00-04:00,46.22999954223633,46.22999954223633,46.160400390625,46.16999816894531,4257,0.0,0.0,0.0
2024-04-17 09:30:00-04:00,46.54999923706055,46.58000183105469,46.34000015258789,46.34000015258789,3966,0.0,0.0,0.0
2024-04-17 10:30:00-04:00,46.43000030517578,46.43000030517578,46.310001373291016,46.39950180053711,3225,0.0,0.0,0.0
2024-04-17 11:30:00-04:00,46.29999923706055,46.34000015258789,46.244998931884766,46.290000915527344,1883,0.0,0.0,0.0
2024-04-17 12:30:00-04:00,46.25,46.34000015258789,46.20000076293945,46.30500030517578,5393,0.0,0.0,0.0
2024-04-17 13:30:00-04:00,46.349998474121094,46.43000030517578,46.34000015258789,46.375,4066,0.0,0.0,0.0
2024-04-17 14:30:00-04:00,46.3849983215332,46.45000076293945,46.28120040893555,46.310001373291016,8511,0.0,0.0,0.0
2024-04-17 15:30:00-04:00,46.310001373291016,46.380001068115234,46.310001373291016,46.349998474121094,7885,0.0,0.0,0.0
2024-04-18 09:30:00-04:00,46.58000183105469,46.61000061035156,46.55500030517578,46.61000061035156,0,0.0,0.0,0.0
2024-04-18 10:30:00-04:00,46.73500061035156,46.78499984741211,46.73500061035156,46.75,2067,0.0,0.0,0.0
2024-04-18 11:30:00-04:00,46.720001220703125,46.720001220703125,46.65999984741211,46.65999984741211,624,0.0,0.0,0.0
2024-04-18 12:30:00-04:00,46.57400131225586,46.584999084472656,46.38999938964844,46.38999938964844,2496,0.0,0.0,0.0
2024-04-18 13:30:00-04:00,46.49700164794922,46.529998779296875,46.479801177978516,46.529998779296875,2071,0.0,0.0,0.0
2024-04-18 14:30:00-04:00,46.47600173950195,46.560001373291016,46.470001220703125,46.55009841918945,5972,0.0,0.0,0.0
2024-04-18 15:30:00-04:00,46.56999969482422,46.62990188598633,46.54249954223633,46.56999969482422,7475,0.0,0.0,0.0
2024-04-19 09:30:00-04:00,46.41999816894531,46.53089904785156,46.41999816894531,46.4900016784668,3683,0.0,0.0,0.0
2024-04-19 10:30:00-04:00,46.529701232910156,46.61000061035156,46.494998931884766,46.61000061035156,4774,0.0,0.0,0.0
2024-04-19 11:30:00-04:00,46.54999923706055,46.54999923706055,46.40409851074219,46.40409851074219,2213,0.0,0.0,0.0
2024-04-19 12:30:00-04:00,46.40999984741211,46.529998779296875,46.40999984741211,46.5,4141,0.0,0.0,0.0
2024-04-19 13:30:00-04:00,46.5,46.5099983215332,46.5,46.5099983215332,730,0.0,0.0,0.0
2024-04-19 14:30:00-04:00,46.45000076293945,46.52840042114258,46.45000076293945,46.52000045776367,5676,0.0,0.0,0.0
2024-04-19 15:30:00-04:00,46.47999954223633,46.52000045776367,46.47999954223633,46.52000045776367,2580,0.0,0.0,0.0
2024-04-22 09:30:00-04:00,46.529998779296875,46.560001373291016,46.470001220703125,46.560001373291016,0,0.0,0.0,0.0
2024-04-22 10:30:00-04:00,46.567501068115234,46.594600677490234,46.5099983215332,46.52000045776367,2124,0.0,0.0,0.0
2024-04-22 11:30:00-04:00,46.58000183105469,46.64939880371094,46.52859878540039,46.64939880371094,8706,0.0,0.0,0.0
2024-04-22 12:30:00-04:00,46.70029830932617,46.7400016784668,46.68000030517578,46.7400016784668,2445,0.0,0.0,0.0
2024-04-22 13:30:00-04:00,46.744998931884766,46.819801330566406,46.744998931884766,46.819801330566406,3735,0.0,0.0,0.0
2024-04-22 14:30:00-04:00,46.80839920043945,46.80839920043945,46.74129867553711,46.7692985534668,2754,0.0,0.0,0.0
2024-04-22 15:30:00-04:00,46.75,46.814998626708984,46.75,46.8125,4355,0.0,0.0,0.0
2024-04-23 09:30:00-04:00,46.79999923706055,47.0,46.79999923706055,46.98080062866211,0,0.0,0.0,0.0
2024-04-23 10:30:00-04:00,47.0,47.038299560546875,46.91999816894531,46.95500183105469,18839,0.0,0.0,0.0
2024-04-23 11:30:00-04:00,46.900001525878906,47.02000045776367,46.900001525878906,46.959999084472656,9753,0.0,0.0,0.0
2024-04-23 12:30:00-04:00,47.09000015258789,47.099998474121094,47.0099983215332,47.04999923706055,1114,0.0,0.0,0.0
2024-04-23 13:30:00-04:00,46.9900016784668,47.12860107421875,46.97999954223633,47.11989974975586,8120,0.0,0.0,0.0
2024-04-23 14:30:00-04:00,47.02000045776367,47.0900993347168,47.0,47.029998779296875,3384,0.0,0.0,0.0
2024-04-23 15:30:00-04:00,47.040000915527344,47.06999969482422,47.0099983215332,47.0099983215332,10264,0.0,0.0,0.0
2024-04-24 09:30:00-04:00,47.220001220703125,47.220001220703125,47.04999923706055,47.09000015258789,0,0.0,0.0,0.0
2024-04-24 10:30:00-04:00,47.099998474121094,47.099998474121094,46.970001220703125,47.0099983215332,5388,0.0,0.0,0.0
2024-04-24 11:30:00-04:00,47.0099983215332,47.04999923706055,46.959999084472656,46.97999954223633,3681,0.0,0.0,0.0
2024-04-24 12:30:00-04:00,46.970001220703125,47.04499816894531,46.959999084472656,47.029998779296875,3848,0.0,0.0,0.0
2024-04-24 13:30:00-04:00,47.06999969482422,47.13890075683594,47.0099983215332,47.02000045776367,7724,0.0,0.0,0.0
2024-04-24 14:30:00-04:00,47.040000915527344,47.17499923706055,47.040000915527344,47.17499923706055,8074,0.0,0.0,0.0
2024-04-24 15:30:00-04:00,47.134498596191406,47.15999984741211,47.06999969482422,47.099998474121094,4708,0.0,0.0,0.0
2024-04-25 09:30:00-04:00,46.97999954223633,47.060001373291016,46.95000076293945,47.04069900512695,0,0.0,0.0,0.0
2024-04-25 10:30:00-04:00,47.2400016784668,47.2400016784668,47.2400016784668,47.2400016784668,534,0.0,0.0,0.0
2024-04-25 11:30:00-04:00,47.2400016784668,47.2400016784668,47.230098724365234,47.2400016784668,1196,0.0,0.0,0.0
2024-04-25 12:30:00-04:00,47.2400016784668,47.388099670410156,47.2400016784668,47.388099670410156,2502,0.0,0.0,0.0
2024-04-25 13:30:00-04:00,47.320098876953125,47.4900016784668,47.320098876953125,47.400001525878906,6392,0.0,0.0,0.0
2024-04-25 14:30:00-04:00,47.40650177001953,47.490501403808594,47.40650177001953,47.470001220703125,1335,0.0,0.0,0.0
2024-04-25 15:30:00-04:00,47.52989959716797,47.52989959716797,47.439998626708984,47.470001220703125,0,0.0,0.0,0.0
2024-04-26 09:30:00-04:00,47.709999084472656,47.99760055541992,47.709999084472656,47.96699905395508,4229,0.0,0.0,0.0
2024-04-26 10:30:00-04:00,47.89979934692383,47.89979934692383,47.77000045776367,47.83000183105469,1009,0.0,0.0,0.0
2024-04-26 11:30:00-04:00,47.859901428222656,47.859901428222656,47.859901428222656,47.859901428222656,312,0.0,0.0,0.0
2024-04-26 12:30:00-04:00,47.88999938964844,47.92530059814453,47.820098876953125,47.900001525878906,1460,0.0,0.0,0.0
2024-04-26 13:30:00-04:00,47.91999816894531,47.942100524902344,47.91999816894531,47.942100524902344,410,0.0,0.0,0.0
2024-04-26 14:30:00-04:00,47.9900016784668,47.9900016784668,47.95009994506836,47.959999084472656,2385,0.0,0.0,0.0
2024-04-26 15:30:00-04:00,47.97999954223633,47.99720001220703,47.90999984741211,47.90999984741211,6820,0.0,0.0,0.0
2024-04-29 09:30:00-04:00,48.279998779296875,48.37419891357422,48.2400016784668,48.37419891357422,3184,0.0,0.0,0.0
2024-04-29 10:30:00-04:00,48.310001373291016,48.401100158691406,48.310001373291016,48.3849983215332,1550,0.0,0.0,0.0
2024-04-29 11:30:00-04:00,48.345001220703125,48.40999984741211,48.31999969482422,48.40999984741211,5527,0.0,0.0,0.0
2024-04-29 12:30:00-04:00,48.40999984741211,48.47999954223633,48.40999984741211,48.47999954223633,7944,0.0,0.0,0.0
2024-04-29 13:30:00-04:00,48.47999954223633,48.5,48.40999984741211,48.41999816894531,1642,0.0,0.0,0.0
2024-04-29 14:30:00-04:00,48.41999816894531,48.44499969482422,48.3114013671875,48.37810134887695,3616,0.0,0.0,0.0
2024-04-29 15:30:00-04:00,48.380001068115234,48.459999084472656,48.380001068115234,48.459999084472656,0,0.0,0.0,0.0
2024-04-30 09:30:00-04:00,48.20000076293945,48.209999084472656,48.100101470947266,48.150001525878906,3185,0.0,0.0,0.0
2024-04-30 10:30:00-04:00,48.119998931884766,48.15999984741211,48.040000915527344,48.040000915527344,1483,0.0,0.0,0.0
2024-04-30 11:30:00-04:00,48.0,48.029998779296875,48.0,48.0099983215332,2318,0.0,0.0,0.0
2024-04-30 12:30:00-04:00,47.959999084472656,47.959999084472656,47.959999084472656,47.959999084472656,638,0.0,0.0,0.0
2024-04-30 13:30:00-04:00,47.86920166015625,47.97999954223633,47.86920166015625,47.97999954223633,1341,0.0,0.0,0.0
2024-04-30 14:30:00-04:00,47.904998779296875,47.94940185546875,47.85499954223633,47.899898529052734,3417,0.0,0.0,0.0
2024-04-30 15:30:00-04:00,47.873199462890625,47.895999908447266,47.86000061035156,47.86000061035156,0,0.0,0.0,0.0
2024-05-01 09:30:00-04:00,47.939998626708984,47.939998626708984,47.750099182128906,47.91999816894531,4824,0.0,0.0,0.0
2024-05-01 10:30:00-04:00,47.87049865722656,48.0,47.869998931884766,47.93000030517578,1702,0.0,0.0,0.0
2024-05-01 11:30:00-04:00,47.93000030517578,47.970001220703125,47.85540008544922,47.85540008544922,2644,0.0,0.0,0.0
2024-05-01 12:30:00-04:00,47.87409973144531,47.88999938964844,47.869998931884766,47.880001068115234,837,0.0,0.0,0.0
2024-05-01 13:30:00-04:00,47.845001220703125,48.0,47.845001220703125,48.0,1254,0.0,0.0,0.0
2024-05-01 14:30:00-04:00,48.13999938964844,48.351600646972656,48.079200744628906,48.079200744628906,3383,0.0,0.0,0.0
2024-05-01 15:30:00-04:00,48.03820037841797,48.03820037841797,47.81639862060547,47.90999984741211,4348,0.0,0.0,0.0
2024-05-02 09:30:00-04:00,48.5,48.54999923706055,48.5,48.52000045776367,7378,0.0,0.0,0.0
2024-05-02 10:30:00-04:00,48.57979965209961,48.659698486328125,48.57849884033203,48.64870071411133,1695,0.0,0.0,0.0
2024-05-02 11:30:00-04:00,48.650001525878906,48.74869918823242,48.650001525878906,48.74869918823242,905,0.0,0.0,0.0
2024-05-02 12:30:00-04:00,48.86000061035156,48.86000061035156,48.70009994506836,48.8400993347168,1156,0.0,0.0,0.0
2024-05-02 13:30:00-04:00,48.9640998840332,49.0,48.9640998840332,49.0,663,0.0,0.0,0.0
2024-05-02 14:30:00-04:00,48.96500015258789,49.0443000793457,48.952701568603516,48.97999954223633,2620,0.0,0.0,0.0
2024-05-02 15:30:00-04:00,48.98500061035156,49.02000045776367,48.880001068115234,48.900001525878906,4560,0.0,0.0,0.0
2024-05-03 09:30:00-04:00,49.22999954223633,49.22999954223633,49.060001373291016,49.060001373291016,4433,0.0,0.0,0.0
2024-05-03 10:30:00-04:00,48.990501403808594,49.11000061035156,48.96009826660156,49.11000061035156,1980,0.0,0.0,0.0
2024-05-03 11:30:00-04:00,49.06999969482422,49.06999969482422,49.06999969482422,49.06999969482422,277,0.0,0.0,0.0
2024-05-03 12:30:00-04:00,49.16999816894531,49.16999816894531,49.0890007019043,49.0890007019043,2296,0.0,0.0,0.0
2024-05-03 13:30:00-04:00,49.147300720214844,49.269901275634766,49.147300720214844,49.269901275634766,2860,0.0,0.0,0.0
2024-05-03 14:30:00-04:00,49.27000045776367,49.279998779296875,49.20500183105469,49.255001068115234,3033,0.0,0.0,0.0
2024-05-03 15:30:00-04:00,49.2244987487793,49.2244987487793,49.209999084472656,49.209999084472656,398,0.0,0.0,0.0
2024-05-06 09:30:00-04:00,49.2400016784668,49.2400016784668,49.16999816894531,49.19369888305664,0,0.0,0.0,0.0
2024-05-06 10:30:00-04:00,49.224998474121094,49.224998474121094,49.08000183105469,49.08000183105469,1987,0.0,0.0,0.0
2024-05-06 11:30:00-04:00,49.064998626708984,49.19929885864258,49.064998626708984,49.11140060424805,2439,0.0,0.0,0.0
2024-05-06 12:30:00-04:00,49.150001525878906,49.22990036010742,49.12080001831055,49.220001220703125,5703,0.0,0.0,0.0
2024-05-06 13:30:00-04:00,49.165000915527344,49.209999084472656,49.165000915527344,49.18000030517578,1952,0.0,0.0,0.0
2024-05-06 14:30:00-04:00,49.249900817871094,49.249900817871094,49.15999984741211,49.15999984741211,6453,0.0,0.0,0.0
2024-05-06 15:30:00-04:00,49.150001525878906,49.20000076293945,49.150001525878906,49.16999816894531,0,0.0,0.0,0.0
2024-05-07 09:30:00-04:00,49.0099983215332,49.0099983215332,48.810001373291016,48.849998474121094,5704,0.0,0.0,0.0
2024-05-07 10:30:00-04:00,48.869998931884766,48.93000030517578,48.79499816894531,48.875,2714,0.0,0.0,0.0
2024-05-07 11:30:00-04:00,48.900001525878906,48.90999984741211,48.80009841918945,48.869998931884766,3568,0.0,0.0,0.0
2024-05-07 12:30:00-04:00,48.8849983215332,48.8849983215332,48.755001068115234,48.755001068115234,1844,0.0,0.0,0.0
2024-05-07 13:30:00-04:00,48.83000183105469,48.839900970458984,48.76210021972656,48.790000915527344,4119,0.0,0.0,0.0
2024-05-07 14:30:00-04:00,48.724998474121094,48.77000045776367,48.71189880371094,48.77000045776367,1346,0.0,0.0,0.0
2024-05-07 15:30:00-04:00,48.78499984741211,48.810001373291016,48.720001220703125,48.72999954223633,14108,0.0,0.0,0.0
2024-05-08 09:30:00-04:00,48.68000030517578,48.790000915527344,48.68000030517578,48.76089859008789,16587,0.0,0.0,0.0
2024-05-08 10:30:00-04:00,48.750099182128906,48.859901428222656,48.709999084472656,48.709999084472656,943,0.0,0.0,0.0
2024-05-08 11:30:00-04:00,48.77000045776367,48.889801025390625,48.77000045776367,48.790000915527344,2188,0.0,0.0,0.0
2024-05-08 12:30:00-04:00,48.810001373291016,48.849998474121094,48.78499984741211,48.78499984741211,918,0.0,0.0,0.0
2024-05-08 13:30:00-04:00,48.83000183105469,48.86399841308594,48.779998779296875,48.79999923706055,13775,0.0,0.0,0.0
2024-05-08 14:30:00-04:00,48.79999923706055,48.869998931884766,48.753501892089844,48.81999969482422,1744,0.0,0.0,0.0
2024-05-08 15:30:00-04:00,48.81999969482422,48.88999938964844,48.78499984741211,48.86000061035156,61684,0.0,0.0,0.0
2024-05-09 09:30:00-04:00,48.70000076293945,48.70000076293945,48.540000915527344,48.540000915527344,2740,0.0,0.0,0.0
2024-05-09 10:30:00-04:00,48.75,48.755001068115234,48.7400016784668,48.755001068115234,569,0.0,0.0,0.0
2024-05-09 11:30:00-04:00,48.7599983215332,48.79909896850586,48.690101623535156,48.7599983215332,2467,0.0,0.0,0.0
2024-05-09 12:30:00-04:00,48.755001068115234,48.79999923706055,48.755001068115234,48.78499984741211,1550,0.0,0.0,0.0
2024-05-09 13:30:00-04:00,48.810001373291016,48.83000183105469,48.779998779296875,48.81570053100586,4901,0.0,0.0,0.0
2024-05-09 14:30:00-04:00,48.83000183105469,48.88999938964844,48.83000183105469,48.869998931884766,4785,0.0,0.0,0.0
2024-05-09 15:30:00-04:00,48.869998931884766,48.90999984741211,48.86000061035156,48.90999984741211,17782,0.0,0.0,0.0
2024-05-10 09:30:00-04:00,49.290000915527344,49.334999084472656,49.28860092163086,49.30500030517578,1424,0.0,0.0,0.0
2024-05-10 10:30:00-04:00,49.15760040283203,49.15760040283203,49.130001068115234,49.13999938964844,1281,0.0,0.0,0.0
2024-05-10 11:30:00-04:00,49.13999938964844,49.15409851074219,49.04999923706055,49.04999923706055,1303,0.0,0.0,0.0
2024-05-10 12:30:00-04:00,49.11000061035156,49.11000061035156,49.06079864501953,49.09000015258789,2246,0.0,0.0,0.0
2024-05-10 13:30:00-04:00,49.097999572753906,49.155799865722656,49.097999572753906,49.1349983215332,1928,0.0,0.0,0.0
2024-05-10 14:30:00-04:00,49.119998931884766,49.13529968261719,49.08000183105469,49.119998931884766,4382,0.0,0.0,0.0
2024-05-10 15:30:00-04:00,49.1349983215332,49.1349983215332,49.099998474121094,49.119998931884766,1490,0.0,0.0,0.0
2024-05-13 09:30:00-04:00,49.439998626708984,49.56999969482422,49.439998626708984,49.56449890136719,6947,0.0,0.0,0.0
2024-05-13 10:30:00-04:00,49.5099983215332,49.55939865112305,49.5099983215332,49.51499938964844,4161,0.0,0.0,0.0
2024-05-13 11:30:00-04:00,49.470001220703125,49.5,49.38999938964844,49.459999084472656,23204,0.0,0.0,0.0
2024-05-13 12:30:00-04:00,49.47999954223633,49.47999954223633,49.404998779296875,49.449100494384766,721,0.0,0.0,0.0
2024-05-13 13:30:00-04:00,49.42649841308594,49.42649841308594,49.42649841308594,49.42649841308594,351,0.0,0.0,0.0
2024-05-13 14:30:00-04:00,49.41999816894531,49.47999954223633,49.40999984741211,49.459999084472656,13807,0.0,0.0,0.0
2024-05-13 15:30:00-04:00,49.459999084472656,49.470001220703125,49.38999938964844,49.400001525878906,39238,0.0,0.0,0.0
2024-05-14 09:30:00-04:00,49.529998779296875,49.59000015258789,49.5,49.529998779296875,0,0.0,0.0,0.0
2024-05-14 10:30:00-04:00,49.54999923706055,49.63999938964844,49.52000045776367,49.529998779296875,4949,0.0,0.0,0.0
2024-05-14 11:30:00-04:00,49.529998779296875,49.599998474121094,49.529998779296875,49.54999923706055,1051,0.0,0.0,0.0
2024-05-14 12:30:00-04:00,49.584999084472656,49.599998474121094,49.540000915527344,49.54999923706055,5671,0.0,0.0,0.0
2024-05-14 13:30:00-04:00,49.54999923706055,49.59000015258789,49.54999923706055,49.56999969482422,1619,0.0,0.0,0.0
2024-05-14 14:30:00-04:00,49.619998931884766,49.66279983520508,49.584999084472656,49.619998931884766,3698,0.0,0.0,0.0
2024-05-14 15:30:00-04:00,49.68989944458008,49.689998626708984,49.54999923706055,49.650001525878906,25075,0.0,0.0,0.0
2024-05-15 09:30:00-04:00,50.060001373291016,50.060001373291016,49.90999984741211,49.90999984741211,0,0.0,0.0,0.0
2024-05-15 10:30:00-04:00,49.959999084472656,50.040000915527344,49.931400299072266,50.040000915527344,9052,0.0,0.0,0.0
2024-05-15 11:30:00-04:00,50.209999084472656,50.209999084472656,50.130001068115234,50.15999984741211,2185,0.0,0.0,0.0
2024-05-15 12:30:00-04:00,50.19499969482422,50.220001220703125,50.16999816894531,50.209999084472656,1179,0.0,0.0,0.0
2024-05-15 13:30:00-04:00,50.20989990234375,50.209999084472656,50.16999816894531,50.20930099487305,5169,0.0,0.0,0.0
2024-05-15 14:30:00-04:00,50.185001373291016,50.209999084472656,50.18009948730469,50.209999084472656,4269,0.0,0.0,0.0
2024-05-15 15:30:00-04:00,50.209999084472656,50.209999084472656,50.185001373291016,50.20970153808594,1372,0.0,0.0,0.0
2024-05-16 09:30:00-04:00,50.27000045776367,50.380001068115234,50.17060089111328,50.354000091552734,33107,0.0,0.0,0.0
2024-05-16 10:30:00-04:00,50.31399917602539,50.36000061035156,50.31399917602539,50.36000061035156,398,0.0,0.0,0.0
2024-05-16 11:30:00-04:00,50.35449981689453,50.380001068115234,50.35449981689453,50.36000061035156,1238,0.0,0.0,0.0
2024-05-16 12:30:00-04:00,50.349998474121094,50.3849983215332,50.31999969482422,50.349998474121094,5042,0.0,0.0,0.0
2024-05-16 13:30:00-04:00,50.35499954223633,50.35499954223633,50.334999084472656,50.334999084472656,2372,0.0,0.0,0.0
2024-05-16 14:30:00-04:00,50.3650016784668,50.36650085449219,50.3650016784668,50.36650085449219,1374,0.0,0.0,0.0
2024-05-16 15:30:00-04:00,50.369998931884766,50.369998931884766,50.33000183105469,50.33000183105469,477,0.0,0.0,0.0
2024-05-17 09:30:00-04:00,50.34000015258789,50.4994010925293,50.34000015258789,50.4994010925293,0,0.0,0.0,0.0
2024-05-17 10:30:00-04:00,50.629600524902344,50.629600524902344,50.629600524902344,50.629600524902344,237,0.0,0.0,0.0
2024-05-17 11:30:00-04:00,50.59980010986328,50.622798919677734,50.589500427246094,50.59000015258789,1193,0.0,0.0,0.0
2024-05-17 12:30:00-04:00,50.619998931884766,50.66999816894531,50.597599029541016,50.61199951171875,9303,0.0,0.0,0.0
2024-05-17 13:30:00-04:00,50.65999984741211,50.65999984741211,50.590301513671875,50.61000061035156,2127,0.0,0.0,0.0
2024-05-17 14:30:00-04:00,50.56999969482422,50.68920135498047,50.56999969482422,50.570098876953125,4196,0.0,0.0,0.0
2024-05-17 15:30:00-04:00,50.63999938964844,50.63999938964844,50.63999938964844,50.63999938964844,241,0.0,0.0,0.0
2024-05-20 09:30:00-04:00,50.459999084472656,50.63999938964844,50.459999084472656,50.63990020751953,5285,0.0,0.0,0.0
2024-05-20 10:30:00-04:00,50.63999938964844,50.63999938964844,50.56999969482422,50.599998474121094,2068,0.0,0.0,0.0
2024-05-20 11:30:00-04:00,50.61000061035156,50.630001068115234,50.56999969482422,50.56999969482422,1269,0.0,0.0,0.0
2024-05-20 12:30:00-04:00,50.619998931884766,50.619998931884766,50.59000015258789,50.595001220703125,3445,0.0,0.0,0.0
2024-05-20 13:30:00-04:00,50.540000915527344,50.577301025390625,50.48400115966797,50.52000045776367,2704,0.0,0.0,0.0
2024-05-20 14:30:00-04:00,50.540000915527344,50.55500030517578,50.495201110839844,50.5,6279,0.0,0.0,0.0
2024-05-20 15:30:00-04:00,50.51499938964844,50.58000183105469,50.5099983215332,50.58000183105469,1484,0.0,0.0,0.0
2024-05-21 09:30:00-04:00,50.369998931884766,50.380001068115234,50.34349822998047,50.380001068115234,3527,0.0,0.0,0.0
2024-05-21 10:30:00-04:00,50.40999984741211,50.40999984741211,50.33000183105469,50.330101013183594,860,0.0,0.0,0.0
2024-05-21 11:30:00-04:00,50.330101013183594,50.330101013183594,50.25,50.279998779296875,2853,0.0,0.0,0.0
2024-05-21 12:30:00-04:00,50.28990173339844,50.28990173339844,50.20819854736328,50.20819854736328,688,0.0,0.0,0.0
2024-05-21 13:30:00-04:00,50.24919891357422,50.25,50.22999954223633,50.25,1751,0.0,0.0,0.0
2024-05-21 14:30:00-04:00,50.290000915527344,50.349998474121094,50.2599983215332,50.349998474121094,4615,0.0,0.0,0.0
2024-05-21 15:30:00-04:00,50.27009963989258,50.36989974975586,50.27000045776367,50.279998779296875,6906,0.0,0.0,0.0
2024-05-22 09:30:00-04:00,50.29999923706055,50.29999923706055,50.150001525878906,50.150001525878906,0,0.0,0.0,0.0
2024-05-22 10:30:00-04:00,50.114498138427734,50.114498138427734,50.11259841918945,50.11259841918945,368,0.0,0.0,0.0
2024-05-22 11:30:00-04:00,50.130001068115234,50.160499572753906,50.12049865722656,50.160499572753906,1063,0.0,0.0,0.0
2024-05-22 12:30:00-04:00,50.209999084472656,50.22999954223633,50.160099029541016,50.17110061645508,2998,0.0,0.0,0.0
2024-05-22 13:30:00-04:00,50.15999984741211,50.15999984741211,50.019798278808594,50.019798278808594,2939,0.0,0.0,0.0
2024-05-22 14:30:00-04:00,49.95000076293945,50.02000045776367,49.890098571777344,49.99570083618164,4240,0.0,0.0,0.0
2024-05-22 15:30:00-04:00,50.040000915527344,50.060001373291016,49.970001220703125,50.060001373291016,0,0.0,0.0,0.0
2024-05-23 09:30:00-04:00,50.09000015258789,50.09000015258789,49.72209930419922,49.744998931884766,2375,0.0,0.0,0.0
2024-05-23 10:30:00-04:00,49.72999954223633,49.72999954223633,49.599998474121094,49.599998474121094,1239,0.0,0.0,0.0
2024-05-23 11:30:00-04:00,49.70000076293945,49.70349884033203,49.70000076293945,49.70349884033203,367,0.0,0.0,0.0
2024-05-23 12:30:00-04:00,49.65810012817383,49.65810012817383,49.626800537109375,49.626800537109375,1475,0.0,0.0,0.0
2024-05-23 13:30:00-04:00,49.62200164794922,49.62200164794922,49.43109893798828,49.470001220703125,2616,0.0,0.0,0.0
2024-05-23 14:30:00-04:00,49.40999984741211,49.47999954223633,49.38999938964844,49.42499923706055,1859,0.0,0.0,0.0
2024-05-23 15:30:00-04:00,49.4900016784668,49.4900016784668,49.41999816894531,49.470001220703125,1297,0.0,0.0,0.0
2024-05-24 09:30:00-04:00,49.779998779296875,49.80950164794922,49.76499938964844,49.80950164794922,1074,0.0,0.0,0.0
2024-05-24 10:30:00-04:00,49.72010040283203,49.79999923706055,49.72010040283203,49.79999923706055,1318,0.0,0.0,0.0
2024-05-24 11:30:00-04:00,49.79999923706055,49.831199645996094,49.701499938964844,49.831199645996094,1193,0.0,0.0,0.0
2024-05-24 12:30:00-04:00,49.83000183105469,49.83000183105469,49.79999923706055,49.79999923706055,5543,0.0,0.0,0.0
2024-05-24 13:30:00-04:00,49.77000045776367,49.79999923706055,49.769500732421875,49.769500732421875,1772,0.0,0.0,0.0
2024-05-24 14:30:00-04:00,49.72420120239258,49.80889892578125,49.694400787353516,49.76499938964844,4269,0.0,0.0,0.0
2024-05-24 15:30:00-04:00,49.76499938964844,49.77000045776367,49.70000076293945,49.70000076293945,2384,0.0,0.0,0.0
2024-05-28 09:30:00-04:00,50.029998779296875,50.18170166015625,49.944698333740234,50.0099983215332,7975,0.0,0.0,0.0
2024-05-28 10:30:00-04:00,50.0,50.09989929199219,50.0,50.040000915527344,1036,0.0,0.0,0.0
2024-05-28 11:30:00-04:00,50.040000915527344,50.130001068115234,50.02909851074219,50.02909851074219,3078,0.0,0.0,0.0
2024-05-28 12:30:00-04:00,50.035301208496094,50.0900993347168,49.9900016784668,50.02180099487305,2655,0.0,0.0,0.0
2024-05-28 13:30:00-04:00,50.025001525878906,50.025001525878906,49.9900016784668,49.9900016784668,1079,0.0,0.0,0.0
2024-05-28 14:30:00-04:00,49.8849983215332,49.94350051879883,49.8849983215332,49.904998779296875,11384,0.0,0.0,0.0
2024-05-28 15:30:00-04:00,49.880001068115234,49.95000076293945,49.880001068115234,49.92499923706055,1329,0.0,0.0,0.0
2024-05-29 09:30:00-04:00,49.5,49.5,49.33000183105469,49.38999938964844,0,0.0,0.0,0.0
2024-05-29 10:30:00-04:00,49.38999938964844,49.400001525878906,49.290000915527344,49.290000915527344,4286,0.0,0.0,0.0
2024-05-29 11:30:00-04:00,49.33000183105469,49.33000183105469,49.33000183105469,49.33000183105469,486,0.0,0.0,0.0
2024-05-29 12:30:00-04:00,49.319400787353516,49.41809844970703,49.319400787353516,49.41809844970703,711,0.0,0.0,0.0
2024-05-29 13:30:00-04:00,49.35770034790039,49.402000427246094,49.35770034790039,49.39500045776367,2208,0.0,0.0,0.0
2024-05-29 14:30:00-04:00,49.382198333740234,49.410099029541016,49.37900161743164,49.410099029541016,3138,0.0,0.0,0.0
2024-05-29 15:30:00-04:00,49.41999816894531,49.41999816894531,49.38999938964844,49.38999938964844,0,0.0,0.0,0.0
2024-05-30 09:30:00-04:00,49.130001068115234,49.220001220703125,49.064998626708984,49.185001373291016,4293,0.0,0.0,0.0
2024-05-30 10:30:00-04:00,49.19169998168945,49.22999954223633,49.15999984741211,49.19300079345703,6389,0.0,0.0,0.0
2024-05-30 11:30:00-04:00,49.279998779296875,49.279998779296875,49.279998779296875,49.279998779296875,659,0.0,0.0,0.0
2024-05-30 12:30:00-04:00,49.31999969482422,49.31999969482422,49.29499816894531,49.302398681640625,1481,0.0,0.0,0.0
2024-05-30 13:30:00-04:00,49.345001220703125,49.369998931884766,49.32350158691406,49.33000183105469,1534,0.0,0.0,0.0
2024-05-30 14:30:00-04:00,49.3297004699707,49.34000015258789,49.29999923706055,49.29999923706055,3700,0.0,0.0,0.0
2024-05-30 15:30:00-04:00,49.32939910888672,49.33000183105469,49.2400016784668,49.29999923706055,4109,0.0,0.0,0.0
2024-05-31 09:30:00-04:00,49.130001068115234,49.130001068115234,48.88999938964844,48.900001525878906,0,0.0,0.0,0.0
2024-05-31 10:30:00-04:00,48.814998626708984,48.8489990234375,48.75,48.75,2434,0.0,0.0,0.0
2024-05-31 11:30:00-04:00,48.7599983215332,48.779998779296875,48.75,48.75,4155,0.0,0.0,0.0
2024-05-31 12:30:00-04:00,48.77000045776367,48.845001220703125,48.77000045776367,48.845001220703125,902,0.0,0.0,0.0
2024-05-31 14:30:00-04:00,48.90999984741211,48.90999984741211,48.79010009765625,48.86000061035156,2246,0.0,0.0,0.0
2024-05-31 15:30:00-04:00,48.86000061035156,49.08000183105469,48.8297004699707,49.08000183105469,1017,0.0,0.0,0.0
2024-06-03 09:30:00-04:00,49.619998931884766,49.68000030517578,49.54650115966797,49.650001525878906,2157,0.0,0.0,0.0
2024-06-03 11:30:00-04:00,49.5099983215332,49.52000045776367,49.38999938964844,49.38999938964844,3384,0.0,0.0,0.0
2024-06-03 12:30:00-04:00,49.36949920654297,49.45000076293945,49.36949920654297,49.45000076293945,1464,0.0,0.0,0.0
2024-06-03 13:30:00-04:00,49.455299377441406,49.455299377441406,49.455299377441406,49.455299377441406,1233,0.0,0.0,0.0
2024-06-03 14:30:00-04:00,49.549400329589844,49.560001373291016,49.49340057373047,49.53499984741211,4741,0.0,0.0,0.0
2024-06-03 15:30:00-04:00,49.507301330566406,49.599998474121094,49.507301330566406,49.599998474121094,7405,0.0,0.0,0.0
2024-06-04 09:30:00-04:00,48.27000045776367,48.27000045776367,48.130001068115234,48.209999084472656,0,0.0,0.0,0.0
2024-06-04 10:30:00-04:00,48.209999084472656,48.22999954223633,48.130001068115234,48.130001068115234,21731,0.0,0.0,0.0
2024-06-04 11:30:00-04:00,48.04999923706055,48.06999969482422,47.9900016784668,47.9900016784668,1967,0.0,0.0,0.0
2024-06-04 12:30:00-04:00,48.06999969482422,48.130001068115234,48.04999923706055,48.130001068115234,2275,0.0,0.0,0.0
2024-06-04 13:30:00-04:00,48.137001037597656,48.16999816894531,48.099998474121094,48.150001525878906,10397,0.0,0.0,0.0
2024-06-04 14:30:00-04:00,48.2400016784668,48.279998779296875,48.11000061035156,48.220001220703125,8700,0.0,0.0,0.0
2024-06-04 15:30:00-04:00,48.17499923706055,48.249900817871094,48.17499923706055,48.249900817871094,9915,0.0,0.0,0.0
2024-06-05 09:30:00-04:00,48.63999938964844,48.665000915527344,48.4900016784668,48.4900016784668,0,0.0,0.0,0.0
2024-06-05 10:30:00-04:00,48.61000061035156,48.682701110839844,48.61000061035156,48.66999816894531,597,0.0,0.0,0.0
2024-06-05 11:30:00-04:00,48.72999954223633,48.749900817871094,48.65999984741211,48.749900817871094,5675,0.0,0.0,0.0
2024-06-05 12:30:00-04:00,48.70000076293945,48.70000076293945,48.619998931884766,48.630001068115234,2154,0.0,0.0,0.0
2024-06-05 13:30:00-04:00,48.650001525878906,48.66999816894531,48.650001525878906,48.66999816894531,1128,0.0,0.0,0.0
2024-06-05 14:30:00-04:00,48.69990158081055,48.7400016784668,48.689998626708984,48.72999954223633,7220,0.0,0.0,0.0
2024-06-05 15:30:00-04:00,48.739898681640625,48.81999969482422,48.71500015258789,48.7599983215332,8879,0.0,0.0,0.0
2024-06-06 09:30:00-04:00,49.0099983215332,49.067901611328125,48.9900016784668,49.02989959716797,0,0.0,0.0,0.0
2024-06-06 11:30:00-04:00,49.08000183105469,49.169898986816406,49.060001373291016,49.060001373291016,2008,0.0,0.0,0.0
2024-06-06 12:30:00-04:00,49.029998779296875,49.04999923706055,49.02000045776367,49.02000045776367,1538,0.0,0.0,0.0
2024-06-06 13:30:00-04:00,49.08000183105469,49.109798431396484,49.02000045776367,49.109798431396484,1937,0.0,0.0,0.0
2024-06-06 14:30:00-04:00,49.04999923706055,49.16999816894531,49.029998779296875,49.15999984741211,8590,0.0,0.0,0.0
2024-06-06 15:30:00-04:00,49.12879943847656,49.130001068115234,49.06999969482422,49.130001068115234,973,0.0,0.0,0.0
2024-06-07 09:30:00-04:00,48.959999084472656,49.09000015258789,48.959999084472656,49.005001068115234,0,0.0,0.0,0.0
2024-06-07 10:30:00-04:00,48.965999603271484,48.9921989440918,48.900001525878906,48.900001525878906,1615,0.0,0.0,0.0
2024-06-07 11:30:00-04:00,48.91999816894531,48.94029998779297,48.900901794433594,48.935001373291016,2371,0.0,0.0,0.0
2024-06-07 12:30:00-04:00,48.900001525878906,48.900001525878906,48.75,48.82720184326172,9503,0.0,0.0,0.0
2024-06-07 13:30:00-04:00,48.81999969482422,48.86859893798828,48.650001525878906,48.68220138549805,3843,0.0,0.0,0.0
2024-06-07 14:30:00-04:00,48.75,48.79990005493164,48.67499923706055,48.67499923706055,2202,0.0,0.0,0.0
2024-06-07 15:30:00-04:00,48.70500183105469,48.70500183105469,48.630001068115234,48.69430160522461,2775,0.0,0.0,0.0
2024-06-10 09:30:00-04:00,48.720001220703125,48.849998474121094,48.709999084472656,48.849998474121094,4724,0.0,0.0,0.0
2024-06-10 10:30:00-04:00,48.91279983520508,48.948299407958984,48.91279983520508,48.948299407958984,1263,0.0,0.0,0.0
2024-06-10 11:30:00-04:00,48.939998626708984,48.939998626708984,48.93000030517578,48.93000030517578,693,0.0,0.0,0.0
2024-06-10 12:30:00-04:00,48.9900016784668,49.040000915527344,48.97999954223633,48.97999954223633,2792,0.0,0.0,0.0
2024-06-10 13:30:00-04:00,48.93009948730469,49.002601623535156,48.93009948730469,48.98500061035156,2562,0.0,0.0,0.0
2024-06-10 14:30:00-04:00,49.059898376464844,49.060001373291016,48.97999954223633,48.97999954223633,0,0.0,0.0,0.0
2024-06-11 09:30:00-04:00,48.7599983215332,48.7599983215332,48.52000045776367,48.599998474121094,4756,0.0,0.0,0.0
2024-06-11 10:30:00-04:00,48.59389877319336,48.59989929199219,48.50149917602539,48.56650161743164,3328,0.0,0.0,0.0
2024-06-11 11:30:00-04:00,48.55500030517578,48.55500030517578,48.4734001159668,48.515499114990234,5066,0.0,0.0,0.0
2024-06-11 12:30:00-04:00,48.53810119628906,48.54499816894531,48.53810119628906,48.540000915527344,2259,0.0,0.0,0.0
2024-06-11 13:30:00-04:00,48.54029846191406,48.54029846191406,48.54029846191406,48.54029846191406,522,0.0,0.0,0.0
2024-06-11 14:30:00-04:00,48.709800720214844,48.74530029296875,48.68339920043945,48.74530029296875,1858,0.0,0.0,0.0
2024-06-11 15:30:00-04:00,48.67499923706055,48.72999954223633,48.67499923706055,48.72439956665039,0,0.0,0.0,0.0
2024-06-12 09:30:00-04:00,49.279998779296875,49.33000183105469,49.20000076293945,49.33000183105469,923,0.0,0.0,0.0
2024-06-12 10:30:00-04:00,49.310001373291016,49.310001373291016,49.190101623535156,49.2400016784668,5639,0.0,0.0,0.0
2024-06-12 11:30:00-04:00,49.29999923706055,49.31999969482422,49.25,49.27000045776367,3624,0.0,0.0,0.0
2024-06-12 12:30:00-04:00,49.31999969482422,49.375,49.290000915527344,49.375,1334,0.0,0.0,0.0
2024-06-12 13:30:00-04:00,49.28499984741211,49.31999969482422,49.28499984741211,49.31999969482422,866,0.0,0.0,0.0
2024-06-12 14:30:00-04:00,49.209999084472656,49.214698791503906,49.17530059814453,49.214698791503906,2075,0.0,0.0,0.0
2024-06-12 15:30:00-04:00,48.9900016784668,49.099998474121094,48.9900016784668,49.040000915527344,2552,0.0,0.0,0.0
2024-06-13 09:30:00-04:00,49.14580154418945,49.14580154418945,48.849998474121094,48.85499954223633,1819,0.0,0.0,0.0
2024-06-13 10:30:00-04:00,48.834999084472656,48.834999084472656,48.834999084472656,48.834999084472656,326,0.0,0.0,0.0
2024-06-13 11:30:00-04:00,48.84000015258789,48.84000015258789,48.75,48.775001525878906,1335,0.0,0.0,0.0
2024-06-13 12:30:00-04:00,48.79999923706055,48.839698791503906,48.790000915527344,48.839698791503906,5234,0.0,0.0,0.0
2024-06-13 13:30:00-04:00,48.83000183105469,48.83000183105469,48.7400016784668,48.814998626708984,1902,0.0,0.0,0.0
2024-06-13 14:30:00-04:00,48.81999969482422,48.900001525878906,48.80080032348633,48.88570022583008,19212,0.0,0.0,0.0
2024-06-13 15:30:00-04:00,48.88999938964844,48.88999938964844,48.81999969482422,48.83000183105469,2144,0.0,0.0,0.0
2024-06-14 09:30:00-04:00,48.869998931884766,48.869998931884766,48.709999084472656,48.790000915527344,2656,0.0,0.0,0.0
2024-06-14 10:30:00-04:00,48.83000183105469,48.939998626708984,48.83000183105469,48.939998626708984,677,0.0,0.0,0.0
2024-06-14 11:30:00-04:00,48.939998626708984,48.939998626708984,48.86000061035156,48.869998931884766,2104,0.0,0.0,0.0
2024-06-14 12:30:00-04:00,48.8650016784668,48.92499923706055,48.8650016784668,48.92499923706055,1141,0.0,0.0,0.0
2024-06-14 13:30:00-04:00,48.91999816894531,48.97999954223633,48.86000061035156,48.88999938964844,2435,0.0,0.0,0.0
2024-06-14 14:30:00-04:00,48.86000061035156,48.97999954223633,48.86000061035156,48.959999084472656,2567,0.0,0.0,0.0
2024-06-14 15:30:00-04:00,48.970001220703125,49.02000045776367,48.890098571777344,48.9900016784668,6808,0.0,0.0,0.0
2024-06-17 09:30:00-04:00,49.0,49.0,48.90999984741211,48.91999816894531,5487,0.0,0.0,0.0
2024-06-17 10:30:00-04:00,48.939998626708984,48.94499969482422,48.91999816894531,48.94499969482422,906,0.0,0.0,0.0
2024-06-17 11:30:00-04:00,49.00659942626953,49.00659942626953,48.96770095825195,48.98749923706055,869,0.0,0.0,0.0
2024-06-17 12:30:00-04:00,49.11000061035156,49.13999938964844,49.04999923706055,49.10499954223633,2690,0.0,0.0,0.0
2024-06-17 13:30:00-04:00,49.150001525878906,49.275001525878906,49.13999938964844,49.27399826049805,1899,0.0,0.0,0.0
2024-06-17 14:30:00-04:00,49.224998474121094,49.2599983215332,49.209999084472656,49.244998931884766,6825,0.0,0.0,0.0
2024-06-17 15:30:00-04:00,49.244998931884766,49.244998931884766,49.130001068115234,49.130001068115234,30694,0.0,0.0,0.0
2024-06-18 09:30:00-04:00,49.290000915527344,49.5,49.290000915527344,49.47999954223633,4689,0.0,0.0,0.0
2024-06-18 10:30:00-04:00,49.5099983215332,49.560001373291016,49.459999084472656,49.5,7038,0.0,0.0,0.0
2024-06-18 11:30:00-04:00,49.560001373291016,49.560001373291016,49.529998779296875,49.560001373291016,1657,0.0,0.0,0.0
2024-06-18 12:30:00-04:00,49.564998626708984,49.65140151977539,49.564998626708984,49.65140151977539,616,0.0,0.0,0.0
2024-06-18 13:30:00-04:00,49.57500076293945,49.581600189208984,49.564998626708984,49.564998626708984,1116,0.0,0.0,0.0
2024-06-18 14:30:00-04:00,49.600101470947266,49.600101470947266,49.47010040283203,49.49850082397461,9231,0.0,0.0,0.0
2024-06-18 15:30:00-04:00,49.570899963378906,49.570899963378906,49.52000045776367,49.529998779296875,1725,0.0,0.0,0.0
2024-06-20 09:30:00-04:00,49.5,49.54880142211914,49.380001068115234,49.38999938964844,0,0.0,0.0,0.0
2024-06-20 10:30:00-04:00,49.380001068115234,49.442100524902344,49.33000183105469,49.33000183105469,7435,0.0,0.0,0.0
2024-06-20 11:30:00-04:00,49.40999984741211,49.40999984741211,49.300498962402344,49.36000061035156,5159,0.0,0.0,0.0
2024-06-20 12:30:00-04:00,49.20000076293945,49.34000015258789,49.189998626708984,49.2599983215332,4379,0.0,0.0,0.0
2024-06-20 13:30:00-04:00,49.290401458740234,49.424598693847656,49.290401458740234,49.38999938964844,4632,0.0,0.0,0.0
2024-06-20 14:30:00-04:00,49.34000015258789,49.39820098876953,49.33000183105469,49.35499954223633,5974,0.0,0.0,0.0
2024-06-20 15:30:00-04:00,49.355098724365234,49.400001525878906,49.34000015258789,49.36000061035156,7297,0.0,0.0,0.0
2024-06-21 09:30:00-04:00,49.2400016784668,49.380001068115234,49.2400016784668,49.24340057373047,0,0.0,0.0,0.0
2024-06-21 10:30:00-04:00,49.26499938964844,49.2849006652832,49.24509811401367,49.24509811401367,5579,0.0,0.0,0.0
2024-06-21 11:30:00-04:00,49.22010040283203,49.33060073852539,49.220001220703125,49.33060073852539,1186,0.0,0.0,0.0
2024-06-21 12:30:00-04:00,49.27000045776367,49.27000045776367,49.22999954223633,49.2598991394043,3304,0.0,0.0,0.0
2024-06-21 13:30:00-04:00,49.249900817871094,49.28990173339844,49.209999084472656,49.259498596191406,4267,0.0,0.0,0.0
2024-06-21 14:30:00-04:00,49.22999954223633,49.310001373291016,49.22999954223633,49.279998779296875,6443,0.0,0.0,0.0
2024-06-21 15:30:00-04:00,49.27000045776367,49.27000045776367,49.21099853515625,49.21099853515625,1708,0.0,0.0,0.0
2024-06-24 09:30:00-04:00,48.959999084472656,49.15999984741211,48.84000015258789,49.13850021362305,0,0.477,0.0,0.0
2024-06-24 10:30:00-04:00,49.084999084472656,49.084999084472656,49.0099983215332,49.0099983215332,2831,0.0,0.0,0.0
2024-06-24 11:30:00-04:00,49.04180145263672,49.08000183105469,49.040000915527344,49.060001373291016,1847,0.0,0.0,0.0
2024-06-24 12:30:00-04:00,49.029998779296875,49.04999923706055,48.91999816894531,48.91999816894531,2140,0.0,0.0,0.0
2024-06-24 13:30:00-04:00,48.970001220703125,48.970001220703125,48.915000915527344,48.93000030517578,1207,0.0,0.0,0.0
2024-06-24 14:30:00-04:00,48.939998626708984,49.018699645996094,48.91999816894531,48.99470138549805,3796,0.0,0.0,0.0
2024-06-24 15:30:00-04:00,48.939998626708984,48.999900817871094,48.90999984741211,48.90999984741211,1885,0.0,0.0,0.0
2024-06-25 09:30:00-04:00,48.83000183105469,48.83000183105469,48.690101623535156,48.69499969482422,0,0.0,0.0,0.0
2024-06-25 10:30:00-04:00,48.689998626708984,48.69499969482422,48.630001068115234,48.64500045776367,2656,0.0,0.0,0.0
2024-06-25 11:30:00-04:00,48.630001068115234,48.66999816894531,48.630001068115234,48.66999816894531,1927,0.0,0.0,0.0
2024-06-25 12:30:00-04:00,48.630001068115234,48.67649841308594,48.630001068115234,48.67649841308594,2594,0.0,0.0,0.0
2024-06-25 13:30:00-04:00,48.71289825439453,48.720001220703125,48.680999755859375,48.680999755859375,2448,0.0,0.0,0.0
2024-06-25 14:30:00-04:00,48.7599983215332,48.7599983215332,48.66490173339844,48.75,5316,0.0,0.0,0.0
2024-06-25 15:30:00-04:00,48.72999954223633,48.74100112915039,48.72999954223633,48.74100112915039,0,0.0,0.0,0.0
2024-06-26 09:30:00-04:00,48.630001068115234,48.630001068115234,48.40999984741211,48.47999954223633,17750,0.0,0.0,0.0
2024-06-26 10:30:00-04:00,48.487300872802734,48.487300872802734,48.44499969482422,48.44499969482422,2150,0.0,0.0,0.0
2024-06-26 11:30:00-04:00,48.519901275634766,48.57500076293945,48.5099983215332,48.57500076293945,2155,0.0,0.0,0.0
2024-06-26 12:30:00-04:00,48.56959915161133,48.56959915161133,48.56959915161133,48.56959915161133,430,0.0,0.0,0.0
2024-06-26 13:30:00-04:00,48.529998779296875,48.540000915527344,48.52000045776367,48.529998779296875,17181,0.0,0.0,0.0
2024-06-26 14:30:00-04:00,48.470001220703125,48.52000045776367,48.45000076293945,48.480098724365234,1962,0.0,0.0,0.0
2024-06-26 15:30:00-04:00,48.47999954223633,48.494998931884766,48.47999954223633,48.47999954223633,1560,0.0,0.0,0.0
2024-06-27 09:30:00-04:00,48.619998931884766,48.619998931884766,48.529998779296875,48.529998779296875,2916,0.0,0.0,0.0
2024-06-27 10:30:00-04:00,48.470001220703125,48.53499984741211,48.470001220703125,48.47999954223633,2046,0.0,0.0,0.0
2024-06-27 11:30:00-04:00,48.47999954223633,48.505001068115234,48.47999954223633,48.505001068115234,2053,0.0,0.0,0.0
2024-06-27 12:30:00-04:00,48.46500015258789,48.509300231933594,48.41999816894531,48.4900016784668,4022,0.0,0.0,0.0
2024-06-27 14:30:00-04:00,48.485801696777344,48.549800872802734,48.46500015258789,48.529998779296875,3300,0.0,0.0,0.0
2024-06-27 15:30:00-04:00,48.5099983215332,48.529998779296875,48.40999984741211,48.52000045776367,2779,0.0,0.0,0.0
2024-06-28 09:30:00-04:00,48.869998931884766,48.87990188598633,48.81079864501953,48.834999084472656,0,0.0,0.0,0.0
2024-06-28 10:30:00-04:00,48.90999984741211,48.90999984741211,48.849998474121094,48.849998474121094,1785,0.0,0.0,0.0
2024-06-28 11:30:00-04:00,48.904998779296875,48.904998779296875,48.81990051269531,48.81990051269531,4667,0.0,0.0,0.0
2024-06-28 12:30:00-04:00,48.810001373291016,48.810001373291016,48.7400016784668,48.7400016784668,870,0.0,0.0,0.0
2024-06-28 13:30:00-04:00,48.77080154418945,48.77080154418945,48.72999954223633,48.72999954223633,7657,0.0,0.0,0.0
2024-06-28 14:30:00-04:00,48.75,48.7599983215332,48.65010070800781,48.689998626708984,6949,0.0,0.0,0.0
2024-06-28 15:30:00-04:00,48.600101470947266,48.75,48.600101470947266,48.75,1032,0.0,0.0,0.0
2024-07-01 09:30:00-04:00,48.970001220703125,49.08000183105469,48.970001220703125,49.029998779296875,0,0.0,0.0,0.0
2024-07-01 10:30:00-04:00,48.896400451660156,48.9099006652832,48.8400993347168,48.898399353027344,1793,0.0,0.0,0.0
2024-07-01 11:30:00-04:00,48.93000030517578,48.969398498535156,48.86090087890625,48.969398498535156,5752,0.0,0.0,0.0
2024-07-01 12:30:00-04:00,49.019901275634766,49.019901275634766,48.880001068115234,48.94499969482422,56048,0.0,0.0,0.0
2024-07-01 13:30:00-04:00,48.93000030517578,48.97999954223633,48.880001068115234,48.880001068115234,23739,0.0,0.0,0.0
2024-07-01 14:30:00-04:00,48.89500045776367,48.939998626708984,48.849998474121094,48.849998474121094,10415,0.0,0.0,0.0
2024-07-01 15:30:00-04:00,48.810001373291016,48.919898986816406,48.810001373291016,48.86000061035156,0,0.0,0.0,0.0
2024-07-02 09:30:00-04:00,48.779998779296875,48.86000061035156,48.70500183105469,48.779998779296875,3026,0.0,0.0,0.0
2024-07-02 10:30:00-04:00,48.76850128173828,48.86989974975586,48.76850128173828,48.86989974975586,2060,0.0,0.0,0.0
2024-07-02 11:30:00-04:00,48.83000183105469,48.83000183105469,48.760101318359375,48.79999923706055,5451,0.0,0.0,0.0
2024-07-02 12:30:00-04:00,48.78499984741211,48.78499984741211,48.760101318359375,48.77000045776367,1339,0.0,0.0,0.0
2024-07-02 13:30:00-04:00,48.837100982666016,48.88999938964844,48.837100982666016,48.88999938964844,20616,0.0,0.0,0.0
2024-07-02 14:30:00-04:00,48.900001525878906,48.999900817871094,48.900001525878906,48.999900817871094,27948,0.0,0.0,0.0
2024-07-02 15:30:00-04:00,48.9900016784668,49.0099983215332,48.9900016784668,49.0099983215332,931,0.0,0.0,0.0
2024-07-03 09:30:00-04:00,49.34000015258789,49.71860122680664,49.34000015258789,49.71860122680664,0,0.0,0.0,0.0
2024-07-03 10:30:00-04:00,49.676700592041016,49.709999084472656,49.66999816894531,49.689998626708984,4193,0.0,0.0,0.0
2024-07-03 11:30:00-04:00,49.689701080322266,49.70800018310547,49.660099029541016,49.6879997253418,4532,0.0,0.0,0.0
2024-07-03 12:30:00-04:00,49.689998626708984,49.689998626708984,49.63999938964844,49.63999938964844,1458,0.0,0.0,0.0
2024-07-05 09:30:00-04:00,49.790000915527344,49.790000915527344,49.540000915527344,49.595001220703125,3615,0.0,0.0,0.0
2024-07-05 10:30:00-04:00,49.59000015258789,49.73979949951172,49.59000015258789,49.70500183105469,3043,0.0,0.0,0.0
2024-07-05 11:30:00-04:00,49.75,49.775001525878906,49.75,49.77000045776367,1304,0.0,0.0,0.0
2024-07-05 12:30:00-04:00,49.7599983215332,49.7599983215332,49.724998474121094,49.7400016784668,3611,0.0,0.0,0.0
2024-07-05 13:30:00-04:00,49.73160171508789,49.79999923706055,49.73160171508789,49.79990005493164,5883,0.0,0.0,0.0
2024-07-05 14:30:00-04:00,49.810001373291016,49.84989929199219,49.79999923706055,49.8286018371582,3998,0.0,0.0,0.0
2024-07-05 15:30:00-04:00,49.849998474121094,49.86000061035156,49.849998474121094,49.86000061035156,645,0.0,0.0,0.0
2024-07-08 09:30:00-04:00,49.65999984741211,49.689998626708984,49.61000061035156,49.689998626708984,0,0.0,0.0,0.0
2024-07-08 10:30:00-04:00,49.56010055541992,49.65999984741211,49.54010009765625,49.650001525878906,4302,0.0,0.0,0.0
2024-07-08 11:30:00-04:00,49.599998474121094,49.599998474121094,49.540000915527344,49.55500030517578,4115,0.0,0.0,0.0
2024-07-08 12:30:00-04:00,49.560001373291016,49.59000015258789,49.54999923706055,49.56999969482422,4261,0.0,0.0,0.0
2024-07-08 13:30:00-04:00,49.58000183105469,49.650001525878906,49.58000183105469,49.630001068115234,1301,0.0,0.0,0.0
2024-07-08 14:30:00-04:00,49.56999969482422,49.599998474121094,49.54999923706055,49.599998474121094,3227,0.0,0.0,0.0
2024-07-08 15:30:00-04:00,49.599998474121094,49.599998474121094,49.56999969482422,49.58000183105469,987,0.0,0.0,0.0
2024-07-09 09:30:00-04:00,49.459999084472656,49.543399810791016,49.459999084472656,49.48500061035156,0,0.0,0.0,0.0
2024-07-09 10:30:00-04:00,49.53499984741211,49.560001373291016,49.43000030517578,49.43000030517578,9264,0.0,0.0,0.0
2024-07-09 11:30:00-04:00,49.43539810180664,49.589900970458984,49.43539810180664,49.54999923706055,2237,0.0,0.0,0.0
2024-07-09 12:30:00-04:00,49.54999923706055,49.617698669433594,49.52000045776367,49.617698669433594,4547,0.0,0.0,0.0
2024-07-09 13:30:00-04:00,49.560001373291016,49.560001373291016,49.560001373291016,49.560001373291016,300,0.0,0.0,0.0
2024-07-09 14:30:00-04:00,49.59000015258789,49.620399475097656,49.54999923706055,49.555198669433594,5024,0.0,0.0,0.0
2024-07-09 15:30:00-04:00,49.58599853515625,49.599998474121094,49.57320022583008,49.58000183105469,3683,0.0,0.0,0.0
2024-07-10 09:30:00-04:00,49.61000061035156,49.630001068115234,49.61000061035156,49.630001068115234,0,0.0,0.0,0.0
2024-07-10 10:30:00-04:00,49.65999984741211,49.65999984741211,49.59000015258789,49.6150016784668,2036,0.0,0.0,0.0
2024-07-10 12:30:00-04:00,49.67499923706055,49.6885986328125,49.665000915527344,49.6885986328125,1390,0.0,0.0,0.0
2024-07-10 13:30:00-04:00,49.650001525878906,49.6599006652832,49.64400100708008,49.6599006652832,1062,0.0,0.0,0.0
2024-07-10 14:30:00-04:00,49.62419891357422,49.75,49.62419891357422,49.72380065917969,3742,0.0,0.0,0.0
2024-07-10 15:30:00-04:00,49.71910095214844,49.7599983215332,49.71910095214844,49.7599983215332,1606,0.0,0.0,0.0
2024-07-11 09:30:00-04:00,50.130001068115234,50.310001373291016,50.130001068115234,50.28499984741211,0,0.0,0.0,0.0
2024-07-11 10:30:00-04:00,50.2400016784668,50.2599983215332,50.20000076293945,50.20000076293945,1357,0.0,0.0,0.0
2024-07-11 11:30:00-04:00,50.21989822387695,50.21989822387695,50.13999938964844,50.179901123046875,3433,0.0,0.0,0.0
2024-07-11 12:30:00-04:00,50.18000030517578,50.18000030517578,50.15999984741211,50.164798736572266,943,0.0,0.0,0.0
2024-07-11 13:30:00-04:00,50.140098571777344,50.18000030517578,50.11000061035156,50.1619987487793,7158,0.0,0.0,0.0
2024-07-11 14:30:00-04:00,50.189998626708984,50.21929931640625,50.15999984741211,50.20500183105469,5284,0.0,0.0,0.0
2024-07-11 15:30:00-04:00,50.20000076293945,50.2400016784668,50.20000076293945,50.2400016784668,2587,0.0,0.0,0.0
2024-07-12 09:30:00-04:00,50.33000183105469,50.435001373291016,50.27000045776367,50.385501861572266,4510,0.0,0.0,0.0
2024-07-12 10:30:00-04:00,50.40999984741211,50.41189956665039,50.40999984741211,50.41189956665039,1044,0.0,0.0,0.0
2024-07-12 11:30:00-04:00,50.31999969482422,50.31999969482422,50.31999969482422,50.31999969482422,475,0.0,0.0,0.0
2024-07-12 12:30:00-04:00,50.400001525878906,50.400001525878906,50.31100082397461,50.38999938964844,2174,0.0,0.0,0.0
2024-07-12 13:30:00-04:00,50.41999816894531,50.41999816894531,50.3931999206543,50.3931999206543,1510,0.0,0.0,0.0
2024-07-12 14:30:00-04:00,50.38999938964844,50.45819854736328,50.38999938964844,50.45819854736328,6751,0.0,0.0,0.0
2024-07-12 15:30:00-04:00,50.41999816894531,50.41999816894531,50.310001373291016,50.33000183105469,6226,0.0,0.0,0.0
2024-07-15 09:30:00-04:00,50.060001373291016,50.060001373291016,49.93870162963867,50.0098991394043,4339,0.0,0.0,0.0
2024-07-15 10:30:00-04:00,49.959999084472656,50.04999923706055,49.915000915527344,50.040000915527344,3811,0.0,0.0,0.0
2024-07-15 11:30:00-04:00,49.96009826660156,50.07500076293945,49.96009826660156,50.0099983215332,3174,0.0,0.0,0.0
2024-07-15 12:30:00-04:00,49.970001220703125,49.970001220703125,49.91999816894531,49.91999816894531,1395,0.0,0.0,0.0
2024-07-15 13:30:00-04:00,49.9099006652832,49.9099006652832,49.80780029296875,49.869998931884766,3778,0.0,0.0,0.0
2024-07-15 14:30:00-04:00,49.91999816894531,49.91999816894531,49.90999984741211,49.90999984741211,1618,0.0,0.0,0.0
2024-07-15 15:30:00-04:00,49.88010025024414,49.88710021972656,49.8650016784668,49.86970138549805,2217,0.0,0.0,0.0
2024-07-16 09:30:00-04:00,49.86000061035156,49.86000061035156,49.821998596191406,49.85499954223633,0,0.0,0.0,0.0
2024-07-16 10:30:00-04:00,49.92430114746094,49.97999954223633,49.92430114746094,49.97999954223633,3246,0.0,0.0,0.0
2024-07-16 11:30:00-04:00,49.939998626708984,49.95000076293945,49.939998626708984,49.945701599121094,911,0.0,0.0,0.0
2024-07-16 12:30:00-04:00,49.97850036621094,49.9900016784668,49.93000030517578,49.970001220703125,2565,0.0,0.0,0.0
2024-07-16 13:30:00-04:00,49.9900016784668,50.07500076293945,49.970001220703125,50.07500076293945,25160,0.0,0.0,0.0
2024-07-16 14:30:00-04:00,50.06999969482422,50.130001068115234,50.060001373291016,50.06999969482422,3178,0.0,0.0,0.0
2024-07-16 15:30:00-04:00,50.119998931884766,50.15999984741211,50.119998931884766,50.15999984741211,556,0.0,0.0,0.0
2024-07-17 09:30:00-04:00,49.77000045776367,49.880001068115234,49.74980163574219,49.810001373291016,0,0.0,0.0,0.0
2024-07-17 10:30:00-04:00,49.83000183105469,49.83000183105469,49.79999923706055,49.79999923706055,2863,0.0,0.0,0.0
2024-07-17 11:30:00-04:00,49.68000030517578,49.70000076293945,49.650001525878906,49.650001525878906,7401,0.0,0.0,0.0
2024-07-17 12:30:00-04:00,49.619998931884766,49.654998779296875,49.61050033569336,49.61050033569336,714,0.0,0.0,0.0
2024-07-17 13:30:00-04:00,49.65010070800781,49.68000030517578,49.600799560546875,49.68000030517578,3998,0.0,0.0,0.0
2024-07-17 14:30:00-04:00,49.68000030517578,49.72999954223633,49.630001068115234,49.70500183105469,0,0.0,0.0,0.0
2024-07-17 15:30:00-04:00,49.65510177612305,49.70000076293945,49.64509963989258,49.70000076293945,41455,0.0,0.0,0.0
2024-07-18 09:30:00-04:00,49.72999954223633,49.72999954223633,49.59000015258789,49.64799880981445,1919,0.0,0.0,0.0
2024-07-18 10:30:00-04:00,49.599998474121094,49.599998474121094,49.40800094604492,49.40999984741211,6633,0.0,0.0,0.0
2024-07-18 11:30:00-04:00,49.34000015258789,49.369998931884766,49.310001373291016,49.33000183105469,11697,0.0,0.0,0.0
2024-07-18 12:30:00-04:00,49.349998474121094,49.369998931884766,49.30699920654297,49.33000183105469,3019,0.0,0.0,0.0
2024-07-18 13:30:00-04:00,49.310001373291016,49.33000183105469,49.22309875488281,49.22309875488281,14932,0.0,0.0,0.0
2024-07-18 14:30:00-04:00,49.20000076293945,49.22999954223633,49.060001373291016,49.060001373291016,5605,0.0,0.0,0.0
2024-07-18 15:30:00-04:00,49.18000030517578,49.189998626708984,49.119998931884766,49.130001068115234,6308,0.0,0.0,0.0
2024-07-19 09:30:00-04:00,48.77009963989258,48.77009963989258,48.689998626708984,48.689998626708984,0,0.0,0.0,0.0
2024-07-19 10:30:00-04:00,48.660099029541016,48.679100036621094,48.62480163574219,48.679100036621094,720,0.0,0.0,0.0
2024-07-19 11:30:00-04:00,48.65999984741211,48.65999984741211,48.64720153808594,48.64720153808594,1171,0.0,0.0,0.0
2024-07-19 13:30:00-04:00,48.630001068115234,48.630001068115234,48.54010009765625,48.54010009765625,4215,0.0,0.0,0.0
2024-07-19 14:30:00-04:00,48.56999969482422,48.619998931884766,48.530601501464844,48.619998931884766,3751,0.0,0.0,0.0
2024-07-19 15:30:00-04:00,48.619998931884766,48.619998931884766,48.54999923706055,48.58000183105469,1547,0.0,0.0,0.0
2024-07-22 09:30:00-04:00,48.91999816894531,48.91999816894531,48.79999923706055,48.79999923706055,914,0.0,0.0,0.0
2024-07-22 10:30:00-04:00,48.84000015258789,48.91999816894531,48.80009841918945,48.845001220703125,4882,0.0,0.0,0.0
2024-07-22 11:30:00-04:00,48.84000015258789,48.869998931884766,48.75239944458008,48.827301025390625,2470,0.0,0.0,0.0
2024-07-22 12:30:00-04:00,48.939998626708984,48.999900817871094,48.93000030517578,48.97999954223633,2261,0.0,0.0,0.0
2024-07-22 13:30:00-04:00,48.91659927368164,48.9900016784668,48.91659927368164,48.97999954223633,2672,0.0,0.0,0.0
2024-07-22 14:30:00-04:00,48.95500183105469,49.00859832763672,48.86009979248047,48.900001525878906,7369,0.0,0.0,0.0
2024-07-22 15:30:00-04:00,48.970001220703125,48.97999954223633,48.86009979248047,48.959999084472656,3172,0.0,0.0,0.0
2024-07-23 09:30:00-04:00,48.61000061035156,48.61000061035156,48.39500045776367,48.41999816894531,0,0.0,0.0,0.0
2024-07-23 10:30:00-04:00,48.43000030517578,48.5098991394043,48.38999938964844,48.4900016784668,2136,0.0,0.0,0.0
2024-07-23 11:30:00-04:00,48.5,48.500099182128906,48.470001220703125,48.4900016784668,2680,0.0,0.0,0.0
2024-07-23 12:30:00-04:00,48.47549819946289,48.499900817871094,48.45000076293945,48.45000076293945,1045,0.0,0.0,0.0
2024-07-23 13:30:00-04:00,48.45000076293945,48.49679946899414,48.45000076293945,48.470001220703125,1807,0.0,0.0,0.0
2024-07-23 14:30:00-04:00,48.45000076293945,48.48249816894531,48.41999816894531,48.44499969482422,4349,0.0,0.0,0.0
2024-07-23 15:30:00-04:00,48.439998626708984,48.45000076293945,48.40999984741211,48.40999984741211,2278,0.0,0.0,0.0
2024-07-24 09:30:00-04:00,48.47999954223633,48.47999954223633,48.349998474121094,48.349998474121094,0,0.0,0.0,0.0
2024-07-24 10:30:00-04:00,48.399600982666016,48.41830062866211,48.349998474121094,48.349998474121094,1561,0.0,0.0,0.0
2024-07-24 11:30:00-04:00,48.334999084472656,48.36000061035156,48.279998779296875,48.30849838256836,3584,0.0,0.0,0.0
2024-07-24 12:30:00-04:00,48.29999923706055,48.29999923706055,48.25,48.279998779296875,1591,0.0,0.0,0.0
2024-07-24 13:30:00-04:00,48.279998779296875,48.279998779296875,48.149898529052734,48.149898529052734,2877,0.0,0.0,0.0
2024-07-24 14:30:00-04:00,48.11000061035156,48.119998931884766,48.029998779296875,48.11000061035156,4366,0.0,0.0,0.0
2024-07-24 15:30:00-04:00,48.1088981628418,48.150001525878906,48.05500030517578,48.08000183105469,6296,0.0,0.0,0.0
2024-07-25 09:30:00-04:00,47.959999084472656,48.04990005493164,47.88999938964844,48.040000915527344,0,0.0,0.0,0.0
2024-07-25 10:30:00-04:00,48.040000915527344,48.179901123046875,48.0,48.14830017089844,10925,0.0,0.0,0.0
2024-07-25 11:30:00-04:00,48.150001525878906,48.169898986816406,48.150001525878906,48.169898986816406,830,0.0,0.0,0.0
2024-07-25 12:30:00-04:00,48.2400016784668,48.249900817871094,48.165000915527344,48.16669845581055,7788,0.0,0.0,0.0
2024-07-25 13:30:00-04:00,48.1796989440918,48.18989944458008,48.11000061035156,48.11000061035156,8132,0.0,0.0,0.0
2024-07-25 14:30:00-04:00,48.1150016784668,48.119998931884766,48.029998779296875,48.119998931884766,5139,0.0,0.0,0.0
2024-07-25 15:30:00-04:00,48.121498107910156,48.121498107910156,48.0,48.0,3272,0.0,0.0,0.0
2024-07-26 09:30:00-04:00,48.52989959716797,48.52989959716797,48.46500015258789,48.497798919677734,2240,0.0,0.0,0.0
2024-07-26 10:30:00-04:00,48.459999084472656,48.53499984741211,48.435001373291016,48.47999954223633,2646,0.0,0.0,0.0
2024-07-26 11:30:00-04:00,48.64500045776367,48.64500045776367,48.64500045776367,48.64500045776367,438,0.0,0.0,0.0
2024-07-26 12:30:00-04:00,48.59550094604492,48.66999816894531,48.59550094604492,48.66999816894531,985,0.0,0.0,0.0
2024-07-26 13:30:00-04:00,48.619998931884766,48.65869903564453,48.53409957885742,48.65869903564453,1875,0.0,0.0,0.0
2024-07-26 14:30:00-04:00,48.652198791503906,48.652198791503906,48.54999923706055,48.599998474121094,3466,0.0,0.0,0.0
2024-07-26 15:30:00-04:00,48.57500076293945,48.630001068115234,48.529998779296875,48.630001068115234,10097,0.0,0.0,0.0
2024-07-29 09:30:00-04:00,48.5,48.5,48.38999938964844,48.38999938964844,0,0.0,0.0,0.0
2024-07-29 10:30:00-04:00,48.32979965209961,48.34000015258789,48.31999969482422,48.34000015258789,24708,0.0,0.0,0.0
2024-07-29 11:30:00-04:00,48.310001373291016,48.41299819946289,48.310001373291016,48.380001068115234,2070,0.0,0.0,0.0
2024-07-29 12:30:00-04:00,48.400001525878906,48.45000076293945,48.369998931884766,48.38999938964844,5881,0.0,0.0,0.0
2024-07-29 13:30:00-04:00,48.36000061035156,48.38999938964844,48.36000061035156,48.375,4207,0.0,0.0,0.0
2024-07-29 14:30:00-04:00,48.380001068115234,48.42499923706055,48.369998931884766,48.41999816894531,4460,0.0,0.0,0.0
2024-07-29 15:30:00-04:00,48.41999816894531,48.47200012207031,48.41999816894531,48.41999816894531,2158,0.0,0.0,0.0
2024-07-30 09:30:00-04:00,48.39550018310547,48.400001525878906,48.39550018310547,48.400001525878906,0,0.0,0.0,0.0
2024-07-30 10:30:00-04:00,48.34870147705078,48.34870147705078,48.34870147705078,48.34870147705078,609,0.0,0.0,0.0
2024-07-30 11:30:00-04:00,48.22010040283203,48.269901275634766,48.18000030517578,48.223201751708984,5147,0.0,0.0,0.0
2024-07-30 12:30:00-04:00,48.2599983215332,48.27799987792969,48.189998626708984,48.220001220703125,2387,0.0,0.0,0.0
2024-07-30 13:30:00-04:00,48.221500396728516,48.28990173339844,48.221500396728516,48.28990173339844,2580,0.0,0.0,0.0
2024-07-30 14:30:00-04:00,48.275001525878906,48.309898376464844,48.275001525878906,48.279998779296875,2661,0.0,0.0,0.0
2024-07-30 15:30:00-04:00,48.309600830078125,48.34000015258789,48.29800033569336,48.34000015258789,2456,0.0,0.0,0.0
2024-07-31 09:30:00-04:00,49.060001373291016,49.17499923706055,49.029998779296875,49.060001373291016,5522,0.0,0.0,0.0
2024-07-31 10:30:00-04:00,49.14659881591797,49.14659881591797,49.060001373291016,49.11899948120117,6352,0.0,0.0,0.0
2024-07-31 11:30:00-04:00,49.099998474121094,49.18989944458008,49.099998474121094,49.18989944458008,1432,0.0,0.0,0.0
2024-07-31 12:30:00-04:00,49.165000915527344,49.16999816894531,49.119998931884766,49.130001068115234,1520,0.0,0.0,0.0
2024-07-31 13:30:00-04:00,49.099998474121094,49.11000061035156,49.0099983215332,49.0099983215332,8034,0.0,0.0,0.0
2024-07-31 14:30:00-04:00,49.099998474121094,49.29499816894531,49.099998474121094,49.150001525878906,12250,0.0,0.0,0.0
2024-07-31 15:30:00-04:00,49.20989990234375,49.20989990234375,49.09000015258789,49.09000015258789,2536,0.0,0.0,0.0
2024-08-01 09:30:00-04:00,49.060001373291016,49.138099670410156,49.0,49.0,0,0.0,0.0,0.0
2024-08-01 11:30:00-04:00,48.67449951171875,48.689998626708984,48.59000015258789,48.599998474121094,4864,0.0,0.0,0.0
2024-08-01 12:30:00-04:00,48.54499816894531,48.54930114746094,48.41999816894531,48.41999816894531,3559,0.0,0.0,0.0
2024-08-01 13:30:00-04:00,48.43000030517578,48.439998626708984,48.34159851074219,48.37179946899414,2781,0.0,0.0,0.0
2024-08-01 14:30:00-04:00,48.400001525878906,48.425899505615234,48.260101318359375,48.425899505615234,7606,0.0,0.0,0.0
2024-08-01 15:30:00-04:00,48.45989990234375,48.5099983215332,48.45989990234375,48.47999954223633,0,0.0,0.0,0.0
2024-08-02 09:30:00-04:00,48.040000915527344,48.040000915527344,47.70009994506836,47.72999954223633,5372,0.0,0.0,0.0
2024-08-02 10:30:00-04:00,47.755001068115234,47.755001068115234,47.70000076293945,47.70000076293945,1355,0.0,0.0,0.0
2024-08-02 11:30:00-04:00,47.7400016784668,47.849998474121094,47.7400016784668,47.81999969482422,2785,0.0,0.0,0.0
2024-08-02 12:30:00-04:00,47.83000183105469,47.86000061035156,47.810001373291016,47.810001373291016,2922,0.0,0.0,0.0
2024-08-02 13:30:00-04:00,47.790000915527344,47.81999969482422,47.72999954223633,47.81999969482422,3091,0.0,0.0,0.0
2024-08-02 14:30:00-04:00,47.80500030517578,47.85499954223633,47.80500030517578,47.849998474121094,4240,0.0,0.0,0.0
2024-08-02 15:30:00-04:00,47.88999938964844,47.88999938964844,47.83000183105469,47.83000183105469,1818,0.0,0.0,0.0
2024-08-05 09:30:00-04:00,45.22999954223633,45.959999084472656,45.22999954223633,45.84000015258789,16095,0.0,0.0,0.0
2024-08-05 10:30:00-04:00,45.849998474121094,46.1072998046875,45.849998474121094,46.1072998046875,3175,0.0,0.0,0.0
2024-08-05 11:30:00-04:00,46.12879943847656,46.20000076293945,46.03340148925781,46.20000076293945,4085,0.0,0.0,0.0
2024-08-05 12:30:00-04:00,46.29010009765625,46.29010009765625,46.025001525878906,46.16999816894531,3601,0.0,0.0,0.0
2024-08-05 13:30:00-04:00,46.209999084472656,46.25490188598633,46.1150016784668,46.150001525878906,7331,0.0,0.0,0.0
2024-08-05 14:30:00-04:00,46.18000030517578,46.18000030517578,45.95000076293945,46.02000045776367,17496,0.0,0.0,0.0
2024-08-05 15:30:00-04:00,46.02000045776367,46.08000183105469,45.97999954223633,46.04999923706055,4338,0.0,0.0,0.0
2024-08-06 09:30:00-04:00,45.72999954223633,46.029998779296875,45.72999954223633,45.986000061035156,4435,0.0,0.0,0.0
2024-08-06 10:30:00-04:00,45.970001220703125,46.119998931884766,45.970001220703125,46.040000915527344,6941,0.0,0.0,0.0
2024-08-06 11:30:00-04:00,45.9900016784668,46.1349983215332,45.9900016784668,46.1349983215332,13330,0.0,0.0,0.0
2024-08-06 12:30:00-04:00,46.060001373291016,46.25830078125,46.060001373291016,46.18000030517578,15690,0.0,0.0,0.0
2024-08-06 13:30:00-04:00,46.18000030517578,46.28340148925781,46.13999938964844,46.28340148925781,3044,0.0,0.0,0.0
2024-08-06 14:30:00-04:00,46.37300109863281,46.38349914550781,46.099998474121094,46.22999954223633,10197,0.0,0.0,0.0
2024-08-06 15:30:00-04:00,46.095001220703125,46.095001220703125,46.0,46.0,0,0.0,0.0,0.0
2024-08-07 09:30:00-04:00,47.31999969482422,47.379798889160156,47.290000915527344,47.30220031738281,4675,0.0,0.0,0.0
2024-08-07 10:30:00-04:00,47.279998779296875,47.279998779296875,47.2400016784668,47.26499938964844,874,0.0,0.0,0.0
2024-08-07 11:30:00-04:00,47.26499938964844,47.269901275634766,47.13999938964844,47.2400016784668,6074,0.0,0.0,0.0
2024-08-07 12:30:00-04:00,47.220001220703125,47.22999954223633,46.880001068115234,46.939998626708984,3709,0.0,0.0,0.0
2024-08-07 13:30:00-04:00,47.0098991394043,47.029998779296875,46.700199127197266,46.700199127197266,3202,0.0,0.0,0.0
2024-08-07 14:30:00-04:00,46.720001220703125,46.84989929199219,46.68000030517578,46.7599983215332,7423,0.0,0.0,0.0
2024-08-07 15:30:00-04:00,46.849998474121094,46.849998474121094,46.630001068115234,46.720001220703125,3026,0.0,0.0,0.0
2024-08-08 09:30:00-04:00,47.34000015258789,47.42499923706055,47.31999969482422,47.42499923706055,0,0.0,0.0,0.0
2024-08-08 10:30:00-04:00,47.41999816894531,47.5,47.400001525878906,47.5,3298,0.0,0.0,0.0
2024-08-08 11:30:00-04:00,47.61000061035156,47.61000061035156,47.564998626708984,47.564998626708984,1174,0.0,0.0,0.0
2024-08-08 12:30:00-04:00,47.54499816894531,47.589900970458984,47.494998931884766,47.548500061035156,1971,0.0,0.0,0.0
2024-08-08 13:30:00-04:00,47.62049865722656,47.65999984741211,47.62049865722656,47.65999984741211,1739,0.0,0.0,0.0
2024-08-08 14:30:00-04:00,47.63999938964844,47.665000915527344,47.59000015258789,47.665000915527344,3861,0.0,0.0,0.0
2024-08-08 15:30:00-04:00,47.58000183105469,47.69990158081055,47.56999969482422,47.63999938964844,1980,0.0,0.0,0.0
2024-08-09 09:30:00-04:00,47.81999969482422,47.81999969482422,47.64500045776367,47.70000076293945,5773,0.0,0.0,0.0
2024-08-09 10:30:00-04:00,47.75910186767578,47.83000183105469,47.68000030517578,47.77000045776367,3400,0.0,0.0,0.0
2024-08-09 11:30:00-04:00,47.75,47.75,47.73500061035156,47.73500061035156,722,0.0,0.0,0.0
2024-08-09 12:30:00-04:00,47.72999954223633,47.82889938354492,47.72999954223633,47.82889938354492,690,0.0,0.0,0.0
2024-08-09 13:30:00-04:00,47.90999984741211,47.90999984741211,47.79999923706055,47.79999923706055,628,0.0,0.0,0.0
2024-08-09 14:30:00-04:00,47.88999938964844,47.900001525878906,47.82429885864258,47.84400177001953,3617,0.0,0.0,0.0
2024-08-09 15:30:00-04:00,47.880001068115234,47.88999938964844,47.79999923706055,47.79999923706055,8345,0.0,0.0,0.0
2024-08-12 09:30:00-04:00,48.04600143432617,48.11000061035156,47.90729904174805,48.06999969482422,3932,0.0,0.0,0.0
2024-08-12 10:30:00-04:00,47.97999954223633,48.08000183105469,47.97999954223633,47.97999954223633,5264,0.0,0.0,0.0
2024-08-12 11:30:00-04:00,48.01850128173828,48.10850143432617,47.95840072631836,48.02180099487305,4438,0.0,0.0,0.0
2024-08-12 12:30:00-04:00,48.119300842285156,48.12990188598633,47.9900016784668,48.109901428222656,6936,0.0,0.0,0.0
2024-08-12 13:30:00-04:00,48.0099983215332,48.079898834228516,47.97999954223633,47.97999954223633,2223,0.0,0.0,0.0
2024-08-12 14:30:00-04:00,47.95000076293945,48.059898376464844,47.95000076293945,47.970001220703125,11916,0.0,0.0,0.0
2024-08-12 15:30:00-04:00,48.040000915527344,48.040000915527344,47.91999816894531,47.970001220703125,3419,0.0,0.0,0.0
2024-08-13 09:30:00-04:00,47.97999954223633,48.08000183105469,47.97999954223633,48.040000915527344,0,0.0,0.0,0.0
2024-08-13 10:30:00-04:00,48.099998474121094,48.099998474121094,48.08000183105469,48.08000183105469,2220,0.0,0.0,0.0
2024-08-13 11:30:00-04:00,48.150001525878906,48.25,48.119998931884766,48.232398986816406,3058,0.0,0.0,0.0
2024-08-13 12:30:00-04:00,48.16999816894531,48.2599983215332,48.16999816894531,48.2599983215332,1760,0.0,0.0,0.0
2024-08-13 13:30:00-04:00,48.27629852294922,48.359901428222656,48.26449966430664,48.349998474121094,1656,0.0,0.0,0.0
2024-08-13 14:30:00-04:00,48.349998474121094,48.44990158081055,48.349998474121094,48.44990158081055,2888,0.0,0.0,0.0
2024-08-13 15:30:00-04:00,48.404998779296875,48.404998779296875,48.369998931884766,48.369998931884766,1427,0.0,0.0,0.0
2024-08-14 09:30:00-04:00,48.290000915527344,48.34000015258789,48.13999938964844,48.13999938964844,0,0.0,0.0,0.0
2024-08-14 10:30:00-04:00,48.185001373291016,48.185001373291016,48.18000030517578,48.18000030517578,441,0.0,0.0,0.0
2024-08-14 11:30:00-04:00,48.20500183105469,48.22999954223633,48.111000061035156,48.111000061035156,827,0.0,0.0,0.0
2024-08-14 12:30:00-04:00,48.14659881591797,48.1599006652832,48.11000061035156,48.130001068115234,2123,0.0,0.0,0.0
2024-08-14 13:30:00-04:00,48.150001525878906,48.150001525878906,48.150001525878906,48.150001525878906,163,0.0,0.0,0.0
2024-08-14 14:30:00-04:00,48.130001068115234,48.20500183105469,48.130001068115234,48.130001068115234,5736,0.0,0.0,0.0
2024-08-14 15:30:00-04:00,48.15999984741211,48.20000076293945,48.119998931884766,48.150001525878906,2326,0.0,0.0,0.0
2024-08-15 09:30:00-04:00,48.47639846801758,48.66960144042969,48.45000076293945,48.66960144042969,0,0.0,0.0,0.0
2024-08-15 10:30:00-04:00,48.619998931884766,48.66999816894531,48.61000061035156,48.6526985168457,7447,0.0,0.0,0.0
2024-08-15 11:30:00-04:00,48.650001525878906,48.81999969482422,48.650001525878906,48.81999969482422,3990,0.0,0.0,0.0
2024-08-15 12:30:00-04:00,48.7400016784668,48.79990005493164,48.68000030517578,48.68000030517578,390,0.0,0.0,0.0
2024-08-15 13:30:00-04:00,48.652198791503906,48.685001373291016,48.630001068115234,48.630001068115234,4769,0.0,0.0,0.0
2024-08-15 14:30:00-04:00,48.63999938964844,48.73939895629883,48.61970138549805,48.69269943237305,7751,0.0,0.0,0.0
2024-08-15 15:30:00-04:00,48.650001525878906,48.70000076293945,48.61000061035156,48.61000061035156,0,0.0,0.0,0.0
2024-08-16 09:30:00-04:00,48.90999984741211,49.029998779296875,48.90999984741211,48.95000076293945,3621,0.0,0.0,0.0
2024-08-16 10:30:00-04:00,48.939998626708984,48.97990036010742,48.93000030517578,48.93000030517578,2055,0.0,0.0,0.0
2024-08-16 11:30:00-04:00,49.019901275634766,49.09000015258789,49.01539993286133,49.064998626708984,1893,0.0,0.0,0.0
2024-08-16 12:30:00-04:00,49.148799896240234,49.148799896240234,49.08000183105469,49.08000183105469,2648,0.0,0.0,0.0
2024-08-16 13:30:00-04:00,49.08000183105469,49.10200119018555,49.06999969482422,49.06999969482422,1845,0.0,0.0,0.0
2024-08-16 14:30:00-04:00,49.09000015258789,49.130001068115234,49.080101013183594,49.121299743652344,12460,0.0,0.0,0.0
2024-08-16 15:30:00-04:00,49.11000061035156,49.130001068115234,49.099098205566406,49.115501403808594,991,0.0,0.0,0.0
2024-08-19 09:30:00-04:00,49.34000015258789,49.619998931884766,49.34000015258789,49.56919860839844,0,0.0,0.0,0.0
2024-08-19 11:30:00-04:00,49.720001220703125,49.73899841308594,49.632999420166016,49.64569854736328,3405,0.0,0.0,0.0
2024-08-19 12:30:00-04:00,49.709999084472656,49.739498138427734,49.709999084472656,49.709999084472656,1347,0.0,0.0,0.0
2024-08-19 13:30:00-04:00,49.744998931884766,49.83000183105469,49.744998931884766,49.83000183105469,1497,0.0,0.0,0.0
2024-08-19 14:30:00-04:00,49.849998474121094,49.86000061035156,49.84000015258789,49.84000015258789,4796,0.0,0.0,0.0
2024-08-19 15:30:00-04:00,49.83000183105469,49.83000183105469,49.720001220703125,49.72999954223633,4760,0.0,0.0,0.0
2024-08-20 09:30:00-04:00,49.58000183105469,49.599998474121094,49.50979995727539,49.50979995727539,0,0.0,0.0,0.0
2024-08-20 10:30:00-04:00,49.410499572753906,49.470001220703125,49.410499572753906,49.470001220703125,861,0.0,0.0,0.0
2024-08-20 11:30:00-04:00,49.36000061035156,49.36000061035156,49.36000061035156,49.36000061035156,575,0.0,0.0,0.0
2024-08-20 12:30:00-04:00,49.3650016784668,49.378501892089844,49.3650016784668,49.368099212646484,1800,0.0,0.0,0.0
2024-08-20 13:30:00-04:00,49.40999984741211,49.44599914550781,49.40999984741211,49.44599914550781,689,0.0,0.0,0.0
2024-08-20 14:30:00-04:00,49.44020080566406,49.47999954223633,49.436100006103516,49.46200180053711,6625,0.0,0.0,0.0
2024-08-20 15:30:00-04:00,49.45399856567383,49.509498596191406,49.439998626708984,49.46200180053711,5077,0.0,0.0,0.0
2024-08-21 09:30:00-04:00,49.47999954223633,49.4900016784668,49.45610046386719,49.45610046386719,0,0.0,0.0,0.0
2024-08-21 10:30:00-04:00,49.48509979248047,49.560001373291016,49.48509979248047,49.560001373291016,5983,0.0,0.0,0.0
2024-08-21 11:30:00-04:00,49.650001525878906,49.650001525878906,49.47999954223633,49.55500030517578,983,0.0,0.0,0.0
2024-08-21 12:30:00-04:00,49.5906982421875,49.5906982421875,49.55009841918945,49.55009841918945,1370,0.0,0.0,0.0
2024-08-21 13:30:00-04:00,49.62990188598633,49.63999938964844,49.62990188598633,49.63999938964844,723,0.0,0.0,0.0
2024-08-21 14:30:00-04:00,49.66889953613281,49.66889953613281,49.61429977416992,49.63399887084961,2739,0.0,0.0,0.0
2024-08-21 15:30:00-04:00,49.6682014465332,49.6682014465332,49.59000015258789,49.59000015258789,546,0.0,0.0,0.0
2024-08-22 09:30:00-04:00,49.33000183105469,49.33000183105469,49.065101623535156,49.065101623535156,0,0.0,0.0,0.0
2024-08-22 10:30:00-04:00,49.03810119628906,49.04010009765625,48.970001220703125,49.02000045776367,2117,0.0,0.0,0.0
2024-08-22 11:30:00-04:00,48.95000076293945,49.0,48.880001068115234,49.0,2192,0.0,0.0,0.0
2024-08-22 12:30:00-04:00,48.987998962402344,48.987998962402344,48.89500045776367,48.97869873046875,1868,0.0,0.0,0.0
2024-08-22 13:30:00-04:00,48.849998474121094,48.900001525878906,48.849998474121094,48.900001525878906,4228,0.0,0.0,0.0
2024-08-22 14:30:00-04:00,48.900299072265625,48.939998626708984,48.83000183105469,48.83000183105469,4363,0.0,0.0,0.0
2024-08-22 15:30:00-04:00,48.8650016784668,48.8650016784668,48.82080078125,48.82080078125,1044,0.0,0.0,0.0
2024-08-23 09:30:00-04:00,49.25,49.650001525878906,49.25,49.630001068115234,21540,0.0,0.0,0.0
2024-08-23 10:30:00-04:00,49.640098571777344,49.808998107910156,49.630001068115234,49.808998107910156,1431,0.0,0.0,0.0
2024-08-23 11:30:00-04:00,49.7400016784668,49.7400016784668,49.64179992675781,49.64179992675781,617,0.0,0.0,0.0
2024-08-23 12:30:00-04:00,49.66999816894531,49.688899993896484,49.64979934692383,49.688899993896484,1457,0.0,0.0,0.0
2024-08-23 13:30:00-04:00,49.68009948730469,49.75,49.68009948730469,49.75,881,0.0,0.0,0.0
2024-08-23 14:30:00-04:00,49.75,49.790000915527344,49.68000030517578,49.720001220703125,4494,0.0,0.0,0.0
2024-08-23 15:30:00-04:00,49.720001220703125,49.77000045776367,49.720001220703125,49.7400016784668,1610,0.0,0.0,0.0
