Datetime,Open,High,Low,Close,Volume,Dividends,Stock Splits
2022-08-25 09:30:00-04:00,6.920000076293945,7.130000114440918,6.860000133514404,7.039999961853027,0,0.0,0.0
2022-08-25 10:30:00-04:00,7.090000152587891,7.340000152587891,7.050000190734863,7.139999866485596,11882,0.0,0.0
2022-08-25 11:30:00-04:00,7.320000171661377,7.329999923706055,7.159999847412109,7.300000190734863,3507,0.0,0.0
2022-08-25 12:30:00-04:00,7.289999961853027,7.340000152587891,7.110000133514404,7.340000152587891,1748,0.0,0.0
2022-08-25 13:30:00-04:00,7.130000114440918,7.139999866485596,7.130000114440918,7.139999866485596,1694,0.0,0.0
2022-08-25 14:30:00-04:00,7.150000095367432,7.150000095367432,7.150000095367432,7.150000095367432,323,0.0,0.0
2022-08-25 15:30:00-04:00,7.150000095367432,7.150000095367432,7.150000095367432,7.150000095367432,100,0.0,0.0
2022-08-26 09:30:00-04:00,7.360000133514404,7.360000133514404,7.170000076293945,7.170000076293945,0,0.0,0.0
2022-08-26 11:30:00-04:00,7.099999904632568,7.230000019073486,7.010000228881836,7.119999885559082,20632,0.0,0.0
2022-08-26 12:30:00-04:00,7.139999866485596,7.269999980926514,7.090000152587891,7.199999809265137,10964,0.0,0.0
2022-08-26 13:30:00-04:00,7.139999866485596,7.150000095367432,7.0,7.150000095367432,5621,0.0,0.0
2022-08-26 14:30:00-04:00,7.130000114440918,7.130000114440918,7.110000133514404,7.110000133514404,402,0.0,0.0
2022-08-26 15:30:00-04:00,7.110000133514404,7.179999828338623,7.100399971008301,7.150000095367432,2836,0.0,0.0
2022-08-29 09:30:00-04:00,6.929999828338623,7.349999904632568,6.929999828338623,7.130000114440918,6877,0.0,0.0
2022-08-29 10:30:00-04:00,7.139999866485596,7.139999866485596,6.965000152587891,7.019999980926514,4084,0.0,0.0
2022-08-29 11:30:00-04:00,6.96999979019165,7.019999980926514,6.960000038146973,7.0,5145,0.0,0.0
2022-08-29 12:30:00-04:00,7.019999980926514,7.019999980926514,7.019999980926514,7.019999980926514,431,0.0,0.0
2022-08-29 13:30:00-04:00,7.0,7.0,7.0,7.0,204,0.0,0.0
2022-08-29 14:30:00-04:00,7.03000020980835,7.03000020980835,7.03000020980835,7.03000020980835,950,0.0,0.0
2022-08-29 15:30:00-04:00,7.019999980926514,7.019999980926514,6.829999923706055,6.920000076293945,2626,0.0,0.0
2022-08-30 09:30:00-04:00,6.909999847412109,7.030099868774414,6.909999847412109,6.949999809265137,7647,0.0,0.0
2022-08-30 10:30:00-04:00,7.110000133514404,7.119999885559082,6.949999809265137,6.949999809265137,4835,0.0,0.0
2022-08-30 11:30:00-04:00,7.099999904632568,7.130000114440918,6.909999847412109,6.909999847412109,3498,0.0,0.0
2022-08-30 12:30:00-04:00,6.920000076293945,6.920000076293945,6.920000076293945,6.920000076293945,455,0.0,0.0
2022-08-30 13:30:00-04:00,6.940100193023682,6.940100193023682,6.900000095367432,6.929999828338623,3012,0.0,0.0
2022-08-30 14:30:00-04:00,6.900000095367432,6.929999828338623,6.889999866485596,6.920000076293945,2150,0.0,0.0
2022-08-30 15:30:00-04:00,6.940000057220459,7.050000190734863,6.860000133514404,6.940000057220459,4675,0.0,0.0
2022-08-31 09:30:00-04:00,6.9720001220703125,7.190000057220459,6.809999942779541,6.809999942779541,10289,0.0,0.0
2022-08-31 10:30:00-04:00,6.829999923706055,7.170000076293945,6.820000171661377,6.889999866485596,9163,0.0,0.0
2022-08-31 11:30:00-04:00,6.880000114440918,6.880000114440918,6.880000114440918,6.880000114440918,149,0.0,0.0
2022-08-31 12:30:00-04:00,6.869999885559082,7.119999885559082,6.869999885559082,7.119999885559082,2856,0.0,0.0
2022-08-31 13:30:00-04:00,7.090000152587891,7.090000152587891,6.849999904632568,6.870100021362305,2753,0.0,0.0
2022-08-31 14:30:00-04:00,6.860000133514404,6.900000095367432,6.849999904632568,6.900000095367432,1857,0.0,0.0
2022-08-31 15:30:00-04:00,6.889999866485596,6.940000057220459,6.829999923706055,6.829999923706055,0,0.0,0.0
2022-09-01 09:30:00-04:00,6.909999847412109,7.119999885559082,6.880000114440918,6.889999866485596,3269,0.0,0.0
2022-09-01 10:30:00-04:00,6.869999885559082,7.130000114440918,6.820000171661377,6.880000114440918,5323,0.0,0.0
2022-09-01 11:30:00-04:00,6.860000133514404,6.860000133514404,6.710000038146973,6.800000190734863,5888,0.0,0.0
2022-09-01 12:30:00-04:00,6.800000190734863,7.050000190734863,6.760000228881836,7.03000020980835,3814,0.0,0.0
2022-09-01 13:30:00-04:00,6.829999923706055,6.830100059509277,6.71999979019165,6.71999979019165,5884,0.0,0.0
2022-09-01 14:30:00-04:00,6.730000019073486,6.730000019073486,6.710000038146973,6.71999979019165,1767,0.0,0.0
2022-09-01 15:30:00-04:00,6.71999979019165,6.789999961853027,6.71999979019165,6.78000020980835,1590,0.0,0.0
2022-09-02 09:30:00-04:00,6.78000020980835,6.78000020980835,6.760000228881836,6.760000228881836,1086,0.0,0.0
2022-09-02 10:30:00-04:00,6.710000038146973,6.960000038146973,6.639999866485596,6.699999809265137,9113,0.0,0.0
2022-09-02 11:30:00-04:00,6.710000038146973,6.880000114440918,6.699999809265137,6.840000152587891,2885,0.0,0.0
2022-09-02 13:30:00-04:00,6.670000076293945,6.820000171661377,6.659999847412109,6.659999847412109,6760,0.0,0.0
2022-09-02 14:30:00-04:00,6.78000020980835,6.789999961853027,6.599999904632568,6.639999866485596,3668,0.0,0.0
2022-09-02 15:30:00-04:00,6.619999885559082,6.760000228881836,6.53000020980835,6.53000020980835,4079,0.0,0.0
2022-09-06 09:30:00-04:00,6.53000020980835,7.179999828338623,6.53000020980835,6.717800140380859,10934,0.0,0.0
2022-09-06 10:30:00-04:00,7.050000190734863,7.113699913024902,6.71999979019165,7.113699913024902,2788,0.0,0.0
2022-09-06 13:30:00-04:00,6.619999885559082,6.889999866485596,6.599999904632568,6.849999904632568,6090,0.0,0.0
2022-09-06 14:30:00-04:00,6.690000057220459,6.690000057220459,6.639999866485596,6.639999866485596,1294,0.0,0.0
2022-09-06 15:30:00-04:00,6.619999885559082,6.650000095367432,6.5,6.550000190734863,0,0.0,0.0
2022-09-07 09:30:00-04:00,6.519999980926514,6.820000171661377,6.519999980926514,6.590000152587891,7731,0.0,0.0
2022-09-07 10:30:00-04:00,6.599999904632568,6.599999904632568,6.550000190734863,6.550000190734863,1235,0.0,0.0
2022-09-07 11:30:00-04:00,6.559999942779541,6.690000057220459,6.5,6.639999866485596,5342,0.0,0.0
2022-09-07 12:30:00-04:00,6.550000190734863,6.553800106048584,6.550000190734863,6.550000190734863,1049,0.0,0.0
2022-09-07 14:30:00-04:00,6.539999961853027,6.75,6.539999961853027,6.539999961853027,3148,0.0,0.0
2022-09-07 15:30:00-04:00,6.550000190734863,6.71999979019165,6.53000020980835,6.559999942779541,0,0.0,0.0
2022-09-08 09:30:00-04:00,6.559999942779541,6.820000171661377,6.559999942779541,6.71999979019165,3737,0.0,0.0
2022-09-08 10:30:00-04:00,6.560100078582764,6.690000057220459,6.559999942779541,6.559999942779541,2563,0.0,0.0
2022-09-08 11:30:00-04:00,6.550000190734863,6.820000171661377,6.519999980926514,6.820000171661377,2141,0.0,0.0
2022-09-08 12:30:00-04:00,6.610000133514404,6.769999980926514,6.610000133514404,6.769999980926514,3816,0.0,0.0
2022-09-08 13:30:00-04:00,6.75,6.75,6.570000171661377,6.599999904632568,2200,0.0,0.0
2022-09-08 14:30:00-04:00,6.590000152587891,6.679999828338623,6.570000171661377,6.679999828338623,1918,0.0,0.0
2022-09-08 15:30:00-04:00,6.559999942779541,6.559999942779541,6.559999942779541,6.559999942779541,815,0.0,0.0
2022-09-09 09:30:00-04:00,6.53000020980835,6.75,6.53000020980835,6.550000190734863,6396,0.0,0.0
2022-09-09 10:30:00-04:00,6.690000057220459,6.699999809265137,6.449999809265137,6.5,9073,0.0,0.0
2022-09-09 11:30:00-04:00,6.5,6.679999828338623,6.449999809265137,6.480000019073486,4529,0.0,0.0
2022-09-09 12:30:00-04:00,6.480000019073486,6.480000019073486,6.420000076293945,6.420000076293945,2987,0.0,0.0
2022-09-09 13:30:00-04:00,6.420000076293945,6.420000076293945,6.300000190734863,6.389999866485596,2301,0.0,0.0
2022-09-09 14:30:00-04:00,6.389999866485596,6.420000076293945,6.375,6.389999866485596,4529,0.0,0.0
2022-09-09 15:30:00-04:00,6.380000114440918,6.489999771118164,6.360000133514404,6.480000019073486,7006,0.0,0.0
2022-09-12 09:30:00-04:00,6.500100135803223,6.75,6.5,6.505000114440918,5158,0.0,0.0
2022-09-12 10:30:00-04:00,6.5,6.5,6.470099925994873,6.5,2403,0.0,0.0
2022-09-12 11:30:00-04:00,6.400000095367432,6.670000076293945,6.389999866485596,6.670000076293945,4398,0.0,0.0
2022-09-12 12:30:00-04:00,6.5,6.5,6.480000019073486,6.480000019073486,1904,0.0,0.0
2022-09-12 14:30:00-04:00,6.369999885559082,6.480000019073486,6.369999885559082,6.480000019073486,767,0.0,0.0
2022-09-12 15:30:00-04:00,6.5,6.550000190734863,6.5,6.510000228881836,0,0.0,0.0
2022-09-13 09:30:00-04:00,6.53000020980835,6.599999904632568,6.480000019073486,6.480000019073486,2517,0.0,0.0
2022-09-13 10:30:00-04:00,6.480000019073486,6.599999904632568,6.420000076293945,6.570000171661377,4775,0.0,0.0
2022-09-13 12:30:00-04:00,6.420000076293945,6.599999904632568,6.409999847412109,6.590000152587891,6773,0.0,0.0
2022-09-13 13:30:00-04:00,6.46999979019165,6.480000019073486,6.440000057220459,6.449999809265137,4064,0.0,0.0
2022-09-13 15:30:00-04:00,6.489999771118164,6.489999771118164,6.349999904632568,6.360000133514404,1639,0.0,0.0
2022-09-14 09:30:00-04:00,6.409999847412109,6.53000020980835,6.369999885559082,6.519999980926514,0,0.0,0.0
2022-09-14 10:30:00-04:00,6.349999904632568,6.519999980926514,6.340000152587891,6.519999980926514,5331,0.0,0.0
2022-09-14 11:30:00-04:00,6.489999771118164,6.489999771118164,6.489999771118164,6.489999771118164,116,0.0,0.0
2022-09-14 12:30:00-04:00,6.340000152587891,6.440000057220459,6.300000190734863,6.349999904632568,3567,0.0,0.0
2022-09-14 14:30:00-04:00,6.300000190734863,6.335000038146973,6.275000095367432,6.300000190734863,902,0.0,0.0
2022-09-14 15:30:00-04:00,6.25,6.309999942779541,6.25,6.309999942779541,693,0.0,0.0
2022-09-15 09:30:00-04:00,6.380000114440918,6.5,6.329999923706055,6.329999923706055,0,0.0,0.0
2022-09-15 10:30:00-04:00,6.440000057220459,6.440000057220459,6.269999980926514,6.269999980926514,1742,0.0,0.0
2022-09-15 11:30:00-04:00,6.420000076293945,6.420000076293945,6.269999980926514,6.269999980926514,1372,0.0,0.0
2022-09-15 12:30:00-04:00,6.260000228881836,6.449999809265137,6.235000133514404,6.449999809265137,4132,0.0,0.0
2022-09-15 13:30:00-04:00,6.269999980926514,6.449999809265137,6.269999980926514,6.425099849700928,2112,0.0,0.0
2022-09-15 14:30:00-04:00,6.285099983215332,6.285099983215332,6.25,6.25,572,0.0,0.0
2022-09-15 15:30:00-04:00,6.300000190734863,6.300000190734863,6.300000190734863,6.300000190734863,346,0.0,0.0
2022-09-16 09:30:00-04:00,6.28000020980835,6.75,6.190000057220459,6.570000171661377,0,0.0,0.0
2022-09-16 10:30:00-04:00,6.519999980926514,6.519999980926514,6.179999828338623,6.179999828338623,4294,0.0,0.0
2022-09-16 13:30:00-04:00,6.239999771118164,6.610000133514404,6.239999771118164,6.260000228881836,5231,0.0,0.0
2022-09-16 14:30:00-04:00,6.289999961853027,6.309999942779541,6.289999961853027,6.289999961853027,405,0.0,0.0
2022-09-16 15:30:00-04:00,6.28000020980835,6.320000171661377,6.199999809265137,6.309999942779541,2099,0.0,0.0
2022-09-19 09:30:00-04:00,6.309999942779541,6.75,6.309999942779541,6.320000171661377,0,0.0,0.0
2022-09-19 11:30:00-04:00,6.690000057220459,6.690000057220459,6.3703999519348145,6.3703999519348145,1525,0.0,0.0
2022-09-19 12:30:00-04:00,6.710000038146973,6.75,6.36929988861084,6.75,2379,0.0,0.0
2022-09-19 13:30:00-04:00,6.460000038146973,6.840000152587891,6.20989990234375,6.46999979019165,7934,0.0,0.0
2022-09-19 14:30:00-04:00,6.349999904632568,6.349999904632568,6.230000019073486,6.260000228881836,2686,0.0,0.0
2022-09-19 15:30:00-04:00,6.320000171661377,6.340000152587891,6.300000190734863,6.300000190734863,2109,0.0,0.0
2022-09-20 09:30:00-04:00,6.329999923706055,6.789999961853027,6.300000190734863,6.320000171661377,0,0.0,0.0
2022-09-20 13:30:00-04:00,6.309999942779541,6.783899784088135,6.309999942779541,6.340000152587891,9140,0.0,0.0
2022-09-20 14:30:00-04:00,6.329999923706055,6.329999923706055,6.21999979019165,6.269999980926514,5402,0.0,0.0
2022-09-20 15:30:00-04:00,6.230000019073486,6.349999904632568,6.230000019073486,6.289999961853027,0,0.0,0.0
2022-09-21 09:30:00-04:00,6.510000228881836,6.510000228881836,6.269999980926514,6.269999980926514,2226,0.0,0.0
2022-09-21 10:30:00-04:00,6.269999980926514,6.480000019073486,6.269999980926514,6.269999980926514,1186,0.0,0.0
2022-09-21 11:30:00-04:00,6.28000020980835,6.28000020980835,6.28000020980835,6.28000020980835,902,0.0,0.0
2022-09-21 12:30:00-04:00,6.460000038146973,6.460000038146973,6.309999942779541,6.310100078582764,2030,0.0,0.0
2022-09-21 14:30:00-04:00,6.46999979019165,6.539999961853027,6.28000020980835,6.300000190734863,4273,0.0,0.0
2022-09-21 15:30:00-04:00,6.289999961853027,6.289999961853027,6.239999771118164,6.28000020980835,0,0.0,0.0
2022-09-22 09:30:00-04:00,6.449999809265137,6.449999809265137,6.269999980926514,6.269999980926514,1872,0.0,0.0
2022-09-22 10:30:00-04:00,6.420000076293945,6.480000019073486,6.25,6.250100135803223,3808,0.0,0.0
2022-09-22 11:30:00-04:00,6.489999771118164,6.489999771118164,6.21999979019165,6.21999979019165,3914,0.0,0.0
2022-09-22 14:30:00-04:00,6.429999828338623,6.480000019073486,6.239999771118164,6.480000019073486,2216,0.0,0.0
2022-09-22 15:30:00-04:00,6.309999942779541,6.309999942779541,6.230000019073486,6.25,2949,0.0,0.0
2022-09-23 09:30:00-04:00,6.480000019073486,6.489999771118164,6.25,6.489999771118164,0,0.0,0.0
2022-09-23 10:30:00-04:00,6.300000190734863,6.300000190734863,6.199999809265137,6.230000019073486,4368,0.0,0.0
2022-09-23 11:30:00-04:00,6.440000057220459,6.440000057220459,6.199999809265137,6.199999809265137,4440,0.0,0.0
2022-09-23 12:30:00-04:00,6.179999828338623,6.199999809265137,6.179999828338623,6.199999809265137,1001,0.0,0.0
2022-09-23 13:30:00-04:00,6.420000076293945,6.420000076293945,6.230000019073486,6.349999904632568,2460,0.0,0.0
2022-09-23 14:30:00-04:00,6.190000057220459,6.199999809265137,6.190000057220459,6.199999809265137,926,0.0,0.0
2022-09-23 15:30:00-04:00,6.210000038146973,6.260000228881836,6.199999809265137,6.230000019073486,1596,0.0,0.0
2022-09-26 09:30:00-04:00,6.230000019073486,6.449999809265137,6.230000019073486,6.240099906921387,1724,0.0,0.0
2022-09-26 10:30:00-04:00,6.429999828338623,6.429999828338623,6.429999828338623,6.429999828338623,131,0.0,0.0
2022-09-26 11:30:00-04:00,6.21999979019165,6.220099925994873,6.210000038146973,6.220099925994873,1849,0.0,0.0
2022-09-26 12:30:00-04:00,6.21999979019165,6.226200103759766,6.21999979019165,6.220099925994873,1708,0.0,0.0
2022-09-26 13:30:00-04:00,6.489999771118164,6.489999771118164,6.210000038146973,6.210000038146973,2937,0.0,0.0
2022-09-26 14:30:00-04:00,6.210000038146973,6.449999809265137,6.199999809265137,6.210000038146973,1933,0.0,0.0
2022-09-26 15:30:00-04:00,6.199999809265137,6.400000095367432,6.150000095367432,6.150000095367432,4033,0.0,0.0
2022-09-27 09:30:00-04:00,6.159999847412109,6.159999847412109,5.880000114440918,5.880000114440918,0,0.0,0.0
2022-09-27 10:30:00-04:00,5.989999771118164,6.25,5.980000019073486,6.25,1208,0.0,0.0
2022-09-27 12:30:00-04:00,6.099999904632568,6.099999904632568,5.96999979019165,6.0,5230,0.0,0.0
2022-09-27 13:30:00-04:00,5.989999771118164,5.989999771118164,5.989999771118164,5.989999771118164,100,0.0,0.0
2022-09-27 14:30:00-04:00,5.96999979019165,5.96999979019165,5.960000038146973,5.960000038146973,200,0.0,0.0
2022-09-27 15:30:00-04:00,6.21999979019165,6.260000228881836,6.0,6.039999961853027,992,0.0,0.0
2022-09-28 09:30:00-04:00,6.110000133514404,6.550000190734863,6.079999923706055,6.550000190734863,0,0.0,0.0
2022-09-28 10:30:00-04:00,6.110000133514404,6.110000133514404,6.110000133514404,6.110000133514404,3318,0.0,0.0
2022-09-28 14:30:00-04:00,6.159999847412109,6.489999771118164,6.010000228881836,6.150000095367432,5304,0.0,0.0
2022-09-28 15:30:00-04:00,6.139999866485596,6.139999866485596,6.099999904632568,6.130000114440918,0,0.0,0.0
2022-09-29 09:30:00-04:00,6.449999809265137,6.590000152587891,5.949999809265137,5.949999809265137,4380,0.0,0.0
2022-09-29 10:30:00-04:00,6.019999980926514,6.699999809265137,6.019999980926514,6.25,10669,0.0,0.0
2022-09-29 11:30:00-04:00,6.099899768829346,6.300000190734863,6.099899768829346,6.300000190734863,6457,0.0,0.0
2022-09-29 12:30:00-04:00,6.599999904632568,6.599999904632568,6.25,6.28000020980835,6098,0.0,0.0
2022-09-29 13:30:00-04:00,6.340000152587891,6.650000095367432,6.340000152587891,6.380000114440918,1755,0.0,0.0
2022-09-29 14:30:00-04:00,6.380000114440918,6.400000095367432,6.380000114440918,6.400000095367432,2837,0.0,0.0
2022-09-29 15:30:00-04:00,6.440000057220459,6.5,6.300000190734863,6.300000190734863,0,0.0,0.0
2022-09-30 09:30:00-04:00,6.360000133514404,6.769999980926514,6.300000190734863,6.449999809265137,2712,0.0,0.0
2022-09-30 10:30:00-04:00,6.230000019073486,6.400000095367432,6.119999885559082,6.400000095367432,12772,0.0,0.0
2022-09-30 11:30:00-04:00,6.449999809265137,6.579999923706055,6.449999809265137,6.579999923706055,2582,0.0,0.0
2022-09-30 12:30:00-04:00,6.5721001625061035,6.78000020980835,6.449999809265137,6.46999979019165,9570,0.0,0.0
2022-09-30 13:30:00-04:00,6.5,6.5,6.150000095367432,6.480000019073486,10602,0.0,0.0
2022-09-30 14:30:00-04:00,6.519999980926514,6.730000019073486,6.269999980926514,6.360000133514404,6624,0.0,0.0
2022-09-30 15:30:00-04:00,6.639999866485596,6.639999866485596,6.300000190734863,6.300000190734863,6958,0.0,0.0
2022-10-03 09:30:00-04:00,6.420000076293945,6.789999961853027,6.400000095367432,6.429999828338623,0,0.0,0.0
2022-10-03 10:30:00-04:00,6.360000133514404,6.639999866485596,6.349999904632568,6.349999904632568,2933,0.0,0.0
2022-10-03 11:30:00-04:00,6.349999904632568,6.5,6.300000190734863,6.300000190734863,3058,0.0,0.0
2022-10-03 12:30:00-04:00,6.25,6.380000114440918,6.170000076293945,6.340000152587891,9059,0.0,0.0
2022-10-03 13:30:00-04:00,6.300000190734863,6.389999866485596,6.300000190734863,6.309999942779541,3042,0.0,0.0
2022-10-03 14:30:00-04:00,6.380000114440918,6.489999771118164,6.28000020980835,6.28000020980835,3592,0.0,0.0
2022-10-03 15:30:00-04:00,6.269999980926514,6.53000020980835,6.150000095367432,6.199999809265137,2839,0.0,0.0
2022-10-04 09:30:00-04:00,6.260000228881836,6.5,6.199999809265137,6.300000190734863,0,0.0,0.0
2022-10-04 10:30:00-04:00,6.28000020980835,6.5,6.210000038146973,6.5,4675,0.0,0.0
2022-10-04 11:30:00-04:00,6.300000190734863,6.5,6.25,6.340000152587891,5103,0.0,0.0
2022-10-04 12:30:00-04:00,6.320000171661377,6.320000171661377,6.260000228881836,6.260000228881836,1401,0.0,0.0
2022-10-04 13:30:00-04:00,6.28000020980835,6.28000020980835,6.28000020980835,6.28000020980835,2383,0.0,0.0
2022-10-04 15:30:00-04:00,6.28000020980835,6.519999980926514,6.269999980926514,6.445000171661377,3938,0.0,0.0
2022-10-05 09:30:00-04:00,6.539999961853027,6.539999961853027,6.340000152587891,6.340000152587891,0,0.0,0.0
2022-10-05 10:30:00-04:00,6.269999980926514,6.300000190734863,6.260000228881836,6.300000190734863,1300,0.0,0.0
2022-10-05 11:30:00-04:00,6.5,6.5,6.5,6.5,2066,0.0,0.0
2022-10-05 12:30:00-04:00,6.340000152587891,6.340000152587891,6.260000228881836,6.289999961853027,3245,0.0,0.0
2022-10-05 13:30:00-04:00,6.329999923706055,6.599999904632568,6.329999923706055,6.539999961853027,5750,0.0,0.0
2022-10-05 15:30:00-04:00,6.369999885559082,6.369999885559082,6.360000133514404,6.360000133514404,404,0.0,0.0
2022-10-06 09:30:00-04:00,6.550000190734863,6.550000190734863,6.340000152587891,6.349999904632568,0,0.0,0.0
2022-10-06 11:30:00-04:00,6.289999961853027,6.599999904632568,6.179999828338623,6.599999904632568,11442,0.0,0.0
2022-10-06 12:30:00-04:00,6.590000152587891,6.590000152587891,6.590000152587891,6.590000152587891,1889,0.0,0.0
2022-10-06 13:30:00-04:00,6.369999885559082,6.369999885559082,6.360000133514404,6.360000133514404,3070,0.0,0.0
2022-10-06 15:30:00-04:00,6.300000190734863,6.5,6.269999980926514,6.300000190734863,0,0.0,0.0
2022-10-07 09:30:00-04:00,6.340000152587891,6.489999771118164,6.329999923706055,6.329999923706055,4235,0.0,0.0
2022-10-07 11:30:00-04:00,6.46999979019165,6.46999979019165,6.46999979019165,6.46999979019165,594,0.0,0.0
2022-10-07 12:30:00-04:00,6.320000171661377,6.320000171661377,6.21999979019165,6.269999980926514,4162,0.0,0.0
2022-10-07 13:30:00-04:00,6.309999942779541,6.889999866485596,6.309999942779541,6.800000190734863,13496,0.0,0.0
2022-10-07 14:30:00-04:00,6.550000190734863,6.760000228881836,6.420000076293945,6.570000171661377,4999,0.0,0.0
2022-10-07 15:30:00-04:00,6.550000190734863,6.690000057220459,6.46999979019165,6.53000020980835,7240,0.0,0.0
2022-10-10 09:30:00-04:00,6.699999809265137,6.699999809265137,6.550000190734863,6.550000190734863,0,0.0,0.0
2022-10-10 10:30:00-04:00,6.510000228881836,6.510000228881836,6.510000228881836,6.510000228881836,745,0.0,0.0
2022-10-10 11:30:00-04:00,6.489999771118164,6.599999904632568,6.480000019073486,6.599999904632568,2300,0.0,0.0
2022-10-10 12:30:00-04:00,6.610000133514404,6.610000133514404,6.46999979019165,6.46999979019165,803,0.0,0.0
2022-10-10 13:30:00-04:00,6.460000038146973,6.610000133514404,6.449999809265137,6.610000133514404,3040,0.0,0.0
2022-10-10 14:30:00-04:00,6.449999809265137,6.579999923706055,6.409999847412109,6.409999847412109,4176,0.0,0.0
2022-10-10 15:30:00-04:00,6.400000095367432,6.510000228881836,6.380000114440918,6.409999847412109,2431,0.0,0.0
2022-10-11 09:30:00-04:00,6.309999942779541,6.690000057220459,6.289999961853027,6.300000190734863,0,0.0,0.0
2022-10-11 10:30:00-04:00,6.21999979019165,6.590000152587891,6.21999979019165,6.590000152587891,8244,0.0,0.0
2022-10-11 12:30:00-04:00,6.289999961853027,6.289999961853027,6.289999961853027,6.289999961853027,601,0.0,0.0
2022-10-11 13:30:00-04:00,6.289999961853027,6.289999961853027,5.789999961853027,5.960000038146973,9187,0.0,0.0
2022-10-11 14:30:00-04:00,5.739999771118164,5.849999904632568,5.690000057220459,5.730000019073486,7430,0.0,0.0
2022-10-11 15:30:00-04:00,5.800000190734863,5.989999771118164,5.599999904632568,5.75,0,0.0,0.0
2022-10-12 12:30:00-04:00,5.489999771118164,5.489999771118164,5.357500076293945,5.409900188446045,1557,0.0,0.0
2022-10-12 13:30:00-04:00,5.28000020980835,5.28000020980835,5.199999809265137,5.199999809265137,1393,0.0,0.0
2022-10-12 15:30:00-04:00,5.0,5.059999942779541,5.0,5.0,1180,0.0,0.0
2022-10-13 09:30:00-04:00,4.929999828338623,5.190000057220459,4.929999828338623,5.130000114440918,9744,0.0,0.0
2022-10-13 10:30:00-04:00,5.190000057220459,5.5,5.190000057220459,5.349999904632568,11465,0.0,0.0
2022-10-13 11:30:00-04:00,5.75,5.75,5.389999866485596,5.389999866485596,1575,0.0,0.0
2022-10-13 12:30:00-04:00,5.349999904632568,5.440000057220459,5.340000152587891,5.440000057220459,4126,0.0,0.0
2022-10-13 13:30:00-04:00,5.369999885559082,5.369999885559082,5.369999885559082,5.369999885559082,111,0.0,0.0
2022-10-13 14:30:00-04:00,5.369999885559082,5.820000171661377,5.369999885559082,5.519999980926514,11966,0.0,0.0
2022-10-13 15:30:00-04:00,5.510000228881836,5.690000057220459,5.460000038146973,5.53000020980835,0,0.0,0.0
2022-10-14 09:30:00-04:00,5.699999809265137,6.179999828338623,5.610000133514404,5.659999847412109,9155,0.0,0.0
2022-10-14 14:30:00-04:00,5.610000133514404,5.670000076293945,5.579999923706055,5.579999923706055,3336,0.0,0.0
2022-10-14 15:30:00-04:00,5.71999979019165,5.739999771118164,5.599999904632568,5.71999979019165,1092,0.0,0.0
2022-10-17 09:30:00-04:00,5.71999979019165,6.28000020980835,5.690000057220459,5.690000057220459,7421,0.0,0.0
2022-10-17 11:30:00-04:00,5.639999866485596,5.639999866485596,5.639999866485596,5.639999866485596,200,0.0,0.0
2022-10-17 12:30:00-04:00,5.670000076293945,5.789999961853027,5.610000133514404,5.639999866485596,5750,0.0,0.0
2022-10-17 13:30:00-04:00,5.639999866485596,5.639999866485596,5.639999866485596,5.639999866485596,780,0.0,0.0
2022-10-17 14:30:00-04:00,5.659999847412109,5.900000095367432,5.639999866485596,5.900000095367432,2269,0.0,0.0
2022-10-17 15:30:00-04:00,5.619999885559082,5.75,5.599999904632568,5.670000076293945,2259,0.0,0.0
2022-10-18 09:30:00-04:00,5.699999809265137,5.699999809265137,5.679999828338623,5.679999828338623,0,0.0,0.0
2022-10-18 11:30:00-04:00,6.03000020980835,6.03000020980835,6.03000020980835,6.03000020980835,1279,0.0,0.0
2022-10-18 12:30:00-04:00,5.670000076293945,5.880000114440918,5.670000076293945,5.880000114440918,5845,0.0,0.0
2022-10-18 14:30:00-04:00,5.670000076293945,5.670000076293945,5.670000076293945,5.670000076293945,133,0.0,0.0
2022-10-18 15:30:00-04:00,5.659999847412109,5.849999904632568,5.639999866485596,5.679999828338623,5766,0.0,0.0
2022-10-19 09:30:00-04:00,5.550000190734863,5.699999809265137,5.215000152587891,5.679999828338623,0,0.0,0.0
2022-10-19 13:30:00-04:00,5.900000095367432,5.900000095367432,5.900000095367432,5.900000095367432,1158,0.0,0.0
2022-10-19 15:30:00-04:00,5.71999979019165,5.860000133514404,5.71999979019165,5.789999961853027,2218,0.0,0.0
2022-10-20 09:30:00-04:00,6.199999809265137,6.360000133514404,5.889999866485596,5.929999828338623,0,0.0,0.0
2022-10-20 11:30:00-04:00,5.900000095367432,6.179999828338623,5.900000095367432,6.179999828338623,2671,0.0,0.0
2022-10-20 15:30:00-04:00,5.889999866485596,5.989999771118164,5.860000133514404,5.869999885559082,1683,0.0,0.0
2022-10-21 09:30:00-04:00,6.400000095367432,6.400000095367432,6.019999980926514,6.019999980926514,4391,0.0,0.0
2022-10-21 11:30:00-04:00,6.070000171661377,6.099999904632568,6.070000171661377,6.099999904632568,1036,0.0,0.0
2022-10-21 12:30:00-04:00,6.059999942779541,6.480000019073486,6.019999980926514,6.019999980926514,3596,0.0,0.0
2022-10-21 14:30:00-04:00,6.090000152587891,6.090000152587891,6.090000152587891,6.090000152587891,5142,0.0,0.0
2022-10-21 15:30:00-04:00,6.579999923706055,6.579999923706055,6.079999923706055,6.079999923706055,3114,0.0,0.0
2022-10-24 09:30:00-04:00,5.989999771118164,6.349999904632568,5.900000095367432,6.349999904632568,12040,0.0,0.0
2022-10-24 10:30:00-04:00,6.380000114440918,6.380000114440918,6.320000171661377,6.320000171661377,4973,0.0,0.0
2022-10-24 11:30:00-04:00,5.989999771118164,5.989999771118164,5.989999771118164,5.989999771118164,298,0.0,0.0
2022-10-24 12:30:00-04:00,6.230000019073486,6.480000019073486,6.010000228881836,6.010000228881836,4023,0.0,0.0
2022-10-24 13:30:00-04:00,6.079999923706055,6.079999923706055,6.0,6.0,6914,0.0,0.0
2022-10-24 15:30:00-04:00,6.079999923706055,6.079999923706055,5.800000190734863,6.050000190734863,0,0.0,0.0
2022-10-25 09:30:00-04:00,6.150000095367432,6.150000095367432,6.150000095367432,6.150000095367432,1531,0.0,0.0
2022-10-25 10:30:00-04:00,6.150000095367432,6.150000095367432,6.090000152587891,6.090000152587891,4639,0.0,0.0
2022-10-25 12:30:00-04:00,6.139999866485596,6.150000095367432,6.139999866485596,6.150000095367432,1431,0.0,0.0
2022-10-25 13:30:00-04:00,6.150000095367432,6.150000095367432,6.099999904632568,6.099999904632568,2366,0.0,0.0
2022-10-25 14:30:00-04:00,6.050000190734863,6.050000190734863,6.050000190734863,6.050000190734863,1518,0.0,0.0
2022-10-25 15:30:00-04:00,6.050000190734863,6.050000190734863,6.010000228881836,6.010000228881836,3047,0.0,0.0
2022-10-26 09:30:00-04:00,5.75,5.860000133514404,5.745999813079834,5.849999904632568,0,0.0,0.0
2022-10-26 10:30:00-04:00,5.849999904632568,5.949999809265137,5.710000038146973,5.800000190734863,5812,0.0,0.0
2022-10-26 11:30:00-04:00,5.909999847412109,6.380000114440918,5.829999923706055,5.860000133514404,3245,0.0,0.0
2022-10-26 13:30:00-04:00,5.985000133514404,5.985000133514404,5.985000133514404,5.985000133514404,846,0.0,0.0
2022-10-26 14:30:00-04:00,5.889999866485596,5.889999866485596,5.889999866485596,5.889999866485596,100,0.0,0.0
2022-10-26 15:30:00-04:00,5.900000095367432,5.920000076293945,5.889999866485596,5.889999866485596,3655,0.0,0.0
2022-10-27 09:30:00-04:00,5.840000152587891,5.840000152587891,5.679999828338623,5.679999828338623,0,0.0,0.0
2022-10-27 10:30:00-04:00,5.809999942779541,5.820000171661377,5.809999942779541,5.820000171661377,1301,0.0,0.0
2022-10-27 12:30:00-04:00,5.840000152587891,5.840000152587891,5.840000152587891,5.840000152587891,1182,0.0,0.0
2022-10-27 13:30:00-04:00,5.809999942779541,5.809999942779541,5.809999942779541,5.809999942779541,1406,0.0,0.0
2022-10-27 15:30:00-04:00,5.829999923706055,5.829999923706055,5.820000171661377,5.820000171661377,200,0.0,0.0
2022-10-28 09:30:00-04:00,5.550000190734863,5.800099849700928,5.550000190734863,5.800099849700928,0,0.0,0.0
2022-10-28 11:30:00-04:00,5.78000020980835,5.78000020980835,5.78000020980835,5.78000020980835,491,0.0,0.0
2022-10-28 13:30:00-04:00,5.78000020980835,5.78000020980835,5.769999980926514,5.769999980926514,366,0.0,0.0
2022-10-28 14:30:00-04:00,5.789899826049805,5.789999961853027,5.78000020980835,5.78000020980835,929,0.0,0.0
2022-10-28 15:30:00-04:00,5.820000171661377,5.820000171661377,5.820000171661377,5.820000171661377,333,0.0,0.0
2022-10-31 11:30:00-04:00,5.789999961853027,6.090000152587891,5.619999885559082,6.03000020980835,9814,0.0,0.0
2022-10-31 12:30:00-04:00,6.380000114440918,6.380000114440918,6.010000228881836,6.010000228881836,3591,0.0,0.0
2022-10-31 14:30:00-04:00,6.150000095367432,6.150000095367432,6.150000095367432,6.150000095367432,1043,0.0,0.0
2022-10-31 15:30:00-04:00,6.039999961853027,6.039999961853027,6.019999980926514,6.019999980926514,2693,0.0,0.0
2022-11-01 09:30:00-04:00,6.099999904632568,6.099999904632568,5.820000171661377,5.820000171661377,0,0.0,0.0
2022-11-01 10:30:00-04:00,6.099999904632568,6.099999904632568,5.885000228881836,5.889999866485596,1306,0.0,0.0
2022-11-01 11:30:00-04:00,5.980000019073486,6.03000020980835,5.96999979019165,6.019999980926514,2282,0.0,0.0
2022-11-01 12:30:00-04:00,6.03000020980835,6.03000020980835,6.010000228881836,6.03000020980835,1097,0.0,0.0
2022-11-01 13:30:00-04:00,6.03000020980835,6.25,5.840000152587891,6.079999923706055,4437,0.0,0.0
2022-11-01 14:30:00-04:00,5.849999904632568,5.949999809265137,5.840000152587891,5.900000095367432,1805,0.0,0.0
2022-11-01 15:30:00-04:00,5.860000133514404,5.929999828338623,5.829999923706055,5.929999828338623,0,0.0,0.0
2022-11-02 12:30:00-04:00,5.900000095367432,5.960000038146973,5.849999904632568,5.949999809265137,6009,0.0,0.0
2022-11-02 14:30:00-04:00,6.0,6.0,6.0,6.0,1373,0.0,0.0
2022-11-02 15:30:00-04:00,6.0,6.136000156402588,5.96999979019165,6.119999885559082,0,0.0,0.0
2022-11-03 09:30:00-04:00,6.090000152587891,6.090000152587891,6.090000152587891,6.090000152587891,819,0.0,0.0
2022-11-03 10:30:00-04:00,5.960000038146973,5.960000038146973,5.960000038146973,5.960000038146973,905,0.0,0.0
2022-11-03 12:30:00-04:00,5.960000038146973,5.96999979019165,5.909999847412109,5.96999979019165,4425,0.0,0.0
2022-11-03 15:30:00-04:00,5.949999809265137,5.949999809265137,5.880000114440918,5.949999809265137,0,0.0,0.0
2022-11-04 09:30:00-04:00,6.050000190734863,6.050000190734863,6.03000020980835,6.03000020980835,2290,0.0,0.0
2022-11-04 14:30:00-04:00,5.96999979019165,5.994999885559082,5.96999979019165,5.980000019073486,596,0.0,0.0
2022-11-04 15:30:00-04:00,6.03000020980835,6.130000114440918,5.96999979019165,6.130000114440918,1232,0.0,0.0
2022-11-07 09:30:00-05:00,5.96999979019165,5.96999979019165,5.96999979019165,5.96999979019165,253,0.0,0.0
2022-11-07 11:30:00-05:00,5.820000171661377,6.28000020980835,5.769999980926514,6.28000020980835,8221,0.0,0.0
2022-11-07 12:30:00-05:00,5.949999809265137,5.949999809265137,5.940000057220459,5.940000057220459,800,0.0,0.0
2022-11-07 13:30:00-05:00,5.940000057220459,5.940000057220459,5.940000057220459,5.940000057220459,771,0.0,0.0
2022-11-07 14:30:00-05:00,6.099999904632568,6.099999904632568,5.989999771118164,5.989999771118164,1544,0.0,0.0
2022-11-07 15:30:00-05:00,6.179999828338623,6.179999828338623,6.0,6.119999885559082,0,0.0,0.0
2022-11-08 09:30:00-05:00,6.050000190734863,6.090000152587891,6.050000190734863,6.050000190734863,1183,0.0,0.0
2022-11-08 10:30:00-05:00,6.039999961853027,6.039999961853027,6.039999961853027,6.039999961853027,100,0.0,0.0
2022-11-08 12:30:00-05:00,5.949999809265137,5.949999809265137,5.739999771118164,5.880000114440918,2997,0.0,0.0
2022-11-08 13:30:00-05:00,5.889999866485596,5.909999847412109,5.889999866485596,5.909999847412109,403,0.0,0.0
2022-11-08 14:30:00-05:00,6.050000190734863,6.050000190734863,6.050000190734863,6.050000190734863,407,0.0,0.0
2022-11-08 15:30:00-05:00,5.909999847412109,6.050000190734863,5.900000095367432,5.96999979019165,866,0.0,0.0
2022-11-09 09:30:00-05:00,5.96999979019165,6.099999904632568,5.96999979019165,6.099999904632568,0,0.0,0.0
2022-11-09 12:30:00-05:00,6.0,6.138000011444092,5.96999979019165,5.980000019073486,1477,0.0,0.0
2022-11-09 13:30:00-05:00,6.0,6.070000171661377,6.0,6.070000171661377,833,0.0,0.0
2022-11-09 14:30:00-05:00,6.070000171661377,6.070000171661377,5.949999809265137,5.949999809265137,464,0.0,0.0
2022-11-09 15:30:00-05:00,6.070000171661377,6.070000171661377,6.070000171661377,6.070000171661377,300,0.0,0.0
2022-11-10 09:30:00-05:00,6.099999904632568,6.099999904632568,6.059999942779541,6.070000171661377,592,0.0,0.0
2022-11-10 10:30:00-05:00,6.099999904632568,6.099999904632568,5.960000038146973,5.96999979019165,2900,0.0,0.0
2022-11-10 11:30:00-05:00,6.079999923706055,6.079999923706055,5.554999828338623,5.809999942779541,21815,0.0,0.0
2022-11-10 12:30:00-05:00,5.809999942779541,5.809999942779541,5.809999942779541,5.809999942779541,105,0.0,0.0
2022-11-10 13:30:00-05:00,5.78000020980835,5.829999923706055,5.78000020980835,5.800000190734863,1324,0.0,0.0
2022-11-10 14:30:00-05:00,5.929999828338623,5.929999828338623,5.800000190734863,5.800000190734863,2639,0.0,0.0
2022-11-10 15:30:00-05:00,5.929999828338623,5.929999828338623,5.860000133514404,5.860000133514404,300,0.0,0.0
2022-11-11 09:30:00-05:00,6.300000190734863,6.300000190734863,5.920000076293945,5.96999979019165,0,0.0,0.0
2022-11-11 10:30:00-05:00,5.96999979019165,5.96999979019165,5.96999979019165,5.96999979019165,994,0.0,0.0
2022-11-11 11:30:00-05:00,5.989999771118164,6.019999980926514,5.989999771118164,6.019999980926514,1307,0.0,0.0
2022-11-11 13:30:00-05:00,6.050000190734863,6.119999885559082,6.034999847412109,6.099999904632568,7073,0.0,0.0
2022-11-11 14:30:00-05:00,6.079999923706055,6.099999904632568,6.059999942779541,6.079999923706055,2300,0.0,0.0
2022-11-11 15:30:00-05:00,6.070000171661377,6.099999904632568,6.059999942779541,6.070000171661377,2478,0.0,0.0
2022-11-14 09:30:00-05:00,6.010000228881836,6.130000114440918,5.950799942016602,6.04010009765625,0,0.0,0.0
2022-11-14 14:30:00-05:00,6.03000020980835,6.179999828338623,6.03000020980835,6.03000020980835,1360,0.0,0.0
2022-11-14 15:30:00-05:00,6.03000020980835,6.119999885559082,6.03000020980835,6.050000190734863,0,0.0,0.0
2022-11-15 10:30:00-05:00,6.070000171661377,6.070000171661377,6.070000171661377,6.070000171661377,1178,0.0,0.0
2022-11-15 11:30:00-05:00,6.079999923706055,6.099999904632568,6.050000190734863,6.099999904632568,1615,0.0,0.0
2022-11-15 12:30:00-05:00,6.070000171661377,6.070000171661377,6.039999961853027,6.039999961853027,500,0.0,0.0
2022-11-15 13:30:00-05:00,6.03000020980835,6.050000190734863,6.010000228881836,6.050000190734863,1198,0.0,0.0
2022-11-15 14:30:00-05:00,6.119999885559082,6.119999885559082,6.0,6.019999980926514,4969,0.0,0.0
2022-11-15 15:30:00-05:00,6.0,6.079999923706055,5.980000019073486,6.050000190734863,0,0.0,0.0
2022-11-16 09:30:00-05:00,6.010000228881836,6.045000076293945,6.010000228881836,6.045000076293945,491,0.0,0.0
2022-11-16 10:30:00-05:00,5.960000038146973,6.099999904632568,5.949999809265137,6.099999904632568,6059,0.0,0.0
2022-11-16 11:30:00-05:00,6.050000190734863,6.050000190734863,6.017300128936768,6.019999980926514,527,0.0,0.0
2022-11-16 14:30:00-05:00,6.0,6.050000190734863,5.920000076293945,6.0,5680,0.0,0.0
2022-11-16 15:30:00-05:00,6.0,6.079999923706055,5.929999828338623,5.949999809265137,0,0.0,0.0
2022-11-17 09:30:00-05:00,6.019999980926514,6.03000020980835,6.019999980926514,6.03000020980835,332,0.0,0.0
2022-11-17 10:30:00-05:00,6.010000228881836,6.03000020980835,6.010000228881836,6.03000020980835,815,0.0,0.0
2022-11-17 11:30:00-05:00,6.03000020980835,6.03000020980835,5.929999828338623,5.929999828338623,493,0.0,0.0
2022-11-17 12:30:00-05:00,6.03000020980835,6.039999961853027,5.880000114440918,6.019999980926514,3035,0.0,0.0
2022-11-17 14:30:00-05:00,6.039999961853027,6.039999961853027,5.900000095367432,6.03000020980835,2149,0.0,0.0
2022-11-17 15:30:00-05:00,6.03000020980835,6.039999961853027,5.860000133514404,5.989999771118164,3422,0.0,0.0
2022-11-18 09:30:00-05:00,6.070000171661377,6.090000152587891,6.070000171661377,6.090000152587891,997,0.0,0.0
2022-11-18 10:30:00-05:00,5.900000095367432,5.980000019073486,5.900000095367432,5.909999847412109,1978,0.0,0.0
2022-11-18 11:30:00-05:00,5.980000019073486,5.980000019073486,5.980000019073486,5.980000019073486,717,0.0,0.0
2022-11-18 12:30:00-05:00,5.860000133514404,5.96999979019165,5.860000133514404,5.96999979019165,1306,0.0,0.0
2022-11-18 13:30:00-05:00,5.960000038146973,5.960000038146973,5.960000038146973,5.960000038146973,1397,0.0,0.0
2022-11-18 14:30:00-05:00,5.980000019073486,5.980000019073486,5.980000019073486,5.980000019073486,1651,0.0,0.0
2022-11-18 15:30:00-05:00,5.980000019073486,5.980000019073486,5.849999904632568,5.940000057220459,3600,0.0,0.0
2022-11-21 09:30:00-05:00,6.099999904632568,6.099999904632568,5.889999866485596,5.900000095367432,3505,0.0,0.0
2022-11-21 10:30:00-05:00,6.039999961853027,6.039999961853027,6.039999961853027,6.039999961853027,1199,0.0,0.0
2022-11-21 12:30:00-05:00,5.880000114440918,6.03000020980835,5.880000114440918,6.03000020980835,2183,0.0,0.0
2022-11-21 13:30:00-05:00,5.892499923706055,5.892499923706055,5.892499923706055,5.892499923706055,568,0.0,0.0
2022-11-21 15:30:00-05:00,5.980000019073486,6.119999885559082,5.900000095367432,6.03000020980835,4770,0.0,0.0
2022-11-22 09:30:00-05:00,5.96999979019165,5.980000019073486,5.949999809265137,5.980000019073486,0,0.0,0.0
2022-11-22 12:30:00-05:00,5.860000133514404,5.980000019073486,5.730000019073486,5.980000019073486,2998,0.0,0.0
2022-11-22 14:30:00-05:00,5.960000038146973,5.980000019073486,5.840000152587891,5.980000019073486,3444,0.0,0.0
2022-11-22 15:30:00-05:00,5.980000019073486,5.980000019073486,5.869999885559082,5.974999904632568,0,0.0,0.0
2022-11-23 09:30:00-05:00,6.089900016784668,6.089900016784668,6.089900016784668,6.089900016784668,2659,0.0,0.0
2022-11-23 10:30:00-05:00,6.050000190734863,6.070000171661377,5.910999774932861,6.070000171661377,2590,0.0,0.0
2022-11-23 11:30:00-05:00,6.070000171661377,6.079999923706055,5.909999847412109,5.9375,2393,0.0,0.0
2022-11-23 12:30:00-05:00,5.900000095367432,5.900000095367432,5.880000114440918,5.889999866485596,2426,0.0,0.0
2022-11-23 15:30:00-05:00,5.909999847412109,5.994999885559082,5.889999866485596,5.994999885559082,973,0.0,0.0
2022-11-25 09:30:00-05:00,5.949999809265137,5.949999809265137,5.949999809265137,5.949999809265137,0,0.0,0.0
2022-11-25 10:30:00-05:00,6.050000190734863,6.070000171661377,6.050000190734863,6.070000171661377,700,0.0,0.0
2022-11-25 11:30:00-05:00,6.070000171661377,6.070000171661377,6.070000171661377,6.070000171661377,997,0.0,0.0
2022-11-25 12:30:00-05:00,6.079999923706055,6.079999923706055,5.940000057220459,6.050000190734863,0,0.0,0.0
2022-11-28 10:30:00-05:00,5.920000076293945,6.050000190734863,5.920000076293945,6.050000190734863,3172,0.0,0.0
2022-11-28 11:30:00-05:00,6.050000190734863,6.059999942779541,5.920000076293945,6.059999942779541,2351,0.0,0.0
2022-11-28 12:30:00-05:00,6.050000190734863,6.070000171661377,5.929999828338623,5.929999828338623,2064,0.0,0.0
2022-11-28 13:30:00-05:00,6.079999923706055,6.079999923706055,5.940000057220459,5.940000057220459,1985,0.0,0.0
2022-11-28 14:30:00-05:00,6.070000171661377,6.070000171661377,6.070000171661377,6.070000171661377,139,0.0,0.0
2022-11-28 15:30:00-05:00,5.929999828338623,6.010000228881836,5.920000076293945,6.010000228881836,1062,0.0,0.0
2022-11-29 09:30:00-05:00,6.079999923706055,6.079999923706055,5.940000057220459,5.940000057220459,1033,0.0,0.0
2022-11-29 11:30:00-05:00,5.929999828338623,6.079999923706055,5.929999828338623,5.929999828338623,1565,0.0,0.0
2022-11-29 12:30:00-05:00,6.0,6.0,6.0,6.0,1171,0.0,0.0
2022-11-29 13:30:00-05:00,5.989999771118164,5.989999771118164,5.989999771118164,5.989999771118164,814,0.0,0.0
2022-11-29 14:30:00-05:00,5.929999828338623,6.079999923706055,5.920000076293945,6.059999942779541,5040,0.0,0.0
2022-11-29 15:30:00-05:00,5.940000057220459,6.0,5.940000057220459,5.949999809265137,0,0.0,0.0
2022-11-30 09:30:00-05:00,5.949999809265137,5.949999809265137,5.920000076293945,5.920000076293945,1703,0.0,0.0
2022-11-30 10:30:00-05:00,5.949999809265137,6.0,5.920000076293945,5.949999809265137,4992,0.0,0.0
2022-11-30 13:30:00-05:00,5.96999979019165,5.96999979019165,5.96999979019165,5.96999979019165,1970,0.0,0.0
2022-11-30 14:30:00-05:00,5.988500118255615,5.988500118255615,5.988500118255615,5.988500118255615,302,0.0,0.0
2022-11-30 15:30:00-05:00,5.949999809265137,6.0,5.949999809265137,6.0,0,0.0,0.0
2022-12-01 09:30:00-05:00,5.96999979019165,5.980000019073486,5.96999979019165,5.980000019073486,963,0.0,0.0
2022-12-01 11:30:00-05:00,5.980000019073486,5.991799831390381,5.980000019073486,5.989999771118164,1690,0.0,0.0
2022-12-01 13:30:00-05:00,5.989999771118164,5.989999771118164,5.960000038146973,5.96999979019165,3255,0.0,0.0
2022-12-01 14:30:00-05:00,5.989999771118164,5.989999771118164,5.989999771118164,5.989999771118164,1811,0.0,0.0
2022-12-01 15:30:00-05:00,6.050000190734863,6.070000171661377,6.050000190734863,6.070000171661377,0,0.0,0.0
2022-12-02 10:30:00-05:00,5.949999809265137,5.949999809265137,5.949999809265137,5.949999809265137,2847,0.0,0.0
2022-12-02 12:30:00-05:00,6.050000190734863,6.079999923706055,6.050000190734863,6.079999923706055,1812,0.0,0.0
2022-12-02 13:30:00-05:00,6.070000171661377,6.079999923706055,5.949999809265137,5.949999809265137,3288,0.0,0.0
2022-12-02 14:30:00-05:00,6.070000171661377,6.070000171661377,5.949999809265137,6.070000171661377,2491,0.0,0.0
2022-12-02 15:30:00-05:00,5.949999809265137,6.050000190734863,5.949999809265137,6.050000190734863,300,0.0,0.0
2022-12-05 09:30:00-05:00,6.059999942779541,6.059999942779541,6.059999942779541,6.059999942779541,705,0.0,0.0
2022-12-05 11:30:00-05:00,6.059999942779541,6.070000171661377,5.949999809265137,5.949999809265137,3077,0.0,0.0
2022-12-05 12:30:00-05:00,6.059999942779541,6.070000171661377,5.949999809265137,5.949999809265137,2357,0.0,0.0
2022-12-05 13:30:00-05:00,5.940000057220459,5.940000057220459,5.940000057220459,5.940000057220459,706,0.0,0.0
2022-12-05 14:30:00-05:00,5.960000038146973,5.96999979019165,5.929999828338623,5.929999828338623,2107,0.0,0.0
2022-12-05 15:30:00-05:00,5.980000019073486,5.980000019073486,5.980000019073486,5.980000019073486,1600,0.0,0.0
2022-12-06 09:30:00-05:00,5.900000095367432,5.980000019073486,5.900000095367432,5.980000019073486,402,0.0,0.0
2022-12-06 10:30:00-05:00,5.960000038146973,5.980000019073486,5.960000038146973,5.96999979019165,1360,0.0,0.0
2022-12-06 11:30:00-05:00,5.960000038146973,5.980000019073486,5.960000038146973,5.980000019073486,1784,0.0,0.0
2022-12-06 12:30:00-05:00,5.980000019073486,5.980000019073486,5.920000076293945,5.960000038146973,1181,0.0,0.0
2022-12-06 13:30:00-05:00,5.980000019073486,5.980000019073486,5.980000019073486,5.980000019073486,456,0.0,0.0
2022-12-06 14:30:00-05:00,5.989999771118164,5.989999771118164,5.909999847412109,5.989999771118164,1617,0.0,0.0
2022-12-06 15:30:00-05:00,5.960000038146973,5.980000019073486,5.900000095367432,5.949999809265137,0,0.0,0.0
2022-12-07 09:30:00-05:00,6.070000171661377,6.070000171661377,5.929999828338623,5.929999828338623,3924,0.0,0.0
2022-12-07 11:30:00-05:00,5.929999828338623,5.929999828338623,5.929999828338623,5.929999828338623,496,0.0,0.0
2022-12-07 13:30:00-05:00,5.929999828338623,6.050000190734863,5.789999961853027,5.909999847412109,4349,0.0,0.0
2022-12-07 14:30:00-05:00,6.050000190734863,6.050000190734863,5.920000076293945,5.920000076293945,748,0.0,0.0
2022-12-07 15:30:00-05:00,6.0,6.0,6.0,6.0,1000,0.0,0.0
2022-12-08 10:30:00-05:00,6.0,6.019999980926514,5.989999771118164,6.019999980926514,1000,0.0,0.0
2022-12-08 11:30:00-05:00,5.96999979019165,5.989999771118164,5.929999828338623,5.929999828338623,1434,0.0,0.0
2022-12-08 12:30:00-05:00,5.989999771118164,6.03000020980835,5.949999809265137,6.03000020980835,1000,0.0,0.0
2022-12-08 13:30:00-05:00,6.019999980926514,6.03000020980835,5.920000076293945,5.920000076293945,3240,0.0,0.0
2022-12-08 14:30:00-05:00,5.929999828338623,5.980000019073486,5.869999885559082,5.980000019073486,908,0.0,0.0
2022-12-08 15:30:00-05:00,5.900000095367432,5.980000019073486,5.767399787902832,5.900000095367432,3113,0.0,0.0
2022-12-09 09:30:00-05:00,5.96999979019165,6.050000190734863,5.880000114440918,6.039999961853027,2802,0.0,0.0
2022-12-09 10:30:00-05:00,6.050000190734863,6.199999809265137,6.0,6.090000152587891,8606,0.0,0.0
2022-12-09 11:30:00-05:00,6.059999942779541,6.110000133514404,6.059999942779541,6.110000133514404,1033,0.0,0.0
2022-12-09 13:30:00-05:00,6.159999847412109,6.159999847412109,6.019999980926514,6.059999942779541,1644,0.0,0.0
2022-12-09 15:30:00-05:00,6.119999885559082,6.119999885559082,6.050000190734863,6.119999885559082,1500,0.0,0.0
2022-12-12 09:30:00-05:00,6.119999885559082,6.119999885559082,6.079999923706055,6.079999923706055,2019,0.0,0.0
2022-12-12 11:30:00-05:00,6.110000133514404,6.119999885559082,6.110000133514404,6.119999885559082,605,0.0,0.0
2022-12-12 12:30:00-05:00,6.090000152587891,6.110000133514404,6.090000152587891,6.110000133514404,900,0.0,0.0
2022-12-12 13:30:00-05:00,6.110000133514404,6.110000133514404,6.110000133514404,6.110000133514404,526,0.0,0.0
2022-12-12 14:30:00-05:00,6.099999904632568,6.110000133514404,6.079999923706055,6.110000133514404,6284,0.0,0.0
2022-12-12 15:30:00-05:00,6.070000171661377,6.070000171661377,6.039999961853027,6.045000076293945,0,0.0,0.0
2022-12-13 09:30:00-05:00,6.090000152587891,6.090000152587891,6.085999965667725,6.090000152587891,460,0.0,0.0
2022-12-13 10:30:00-05:00,6.079999923706055,6.090000152587891,6.079999923706055,6.090000152587891,764,0.0,0.0
2022-12-13 11:30:00-05:00,6.03000020980835,6.099999904632568,6.03000020980835,6.099999904632568,1367,0.0,0.0
2022-12-13 12:30:00-05:00,6.090000152587891,6.090000152587891,6.090000152587891,6.090000152587891,1994,0.0,0.0
2022-12-13 13:30:00-05:00,6.090000152587891,6.090000152587891,6.039999961853027,6.090000152587891,1600,0.0,0.0
2022-12-13 14:30:00-05:00,6.050000190734863,6.079999923706055,6.03000020980835,6.079999923706055,1034,0.0,0.0
2022-12-13 15:30:00-05:00,6.079999923706055,6.079999923706055,6.079999923706055,6.079999923706055,0,0.0,0.0
2022-12-14 09:30:00-05:00,6.150000095367432,6.28000020980835,5.920000076293945,6.090000152587891,5211,0.0,0.0
2022-12-14 11:30:00-05:00,6.090000152587891,6.090000152587891,6.019999980926514,6.019999980926514,335,0.0,0.0
2022-12-14 12:30:00-05:00,6.079999923706055,6.090000152587891,6.070000171661377,6.070000171661377,2301,0.0,0.0
2022-12-14 13:30:00-05:00,6.090000152587891,6.090000152587891,6.090000152587891,6.090000152587891,736,0.0,0.0
2022-12-14 14:30:00-05:00,6.050000190734863,6.079999923706055,6.050000190734863,6.079999923706055,0,0.0,0.0
2022-12-15 09:30:00-05:00,6.150000095367432,6.150000095367432,6.099999904632568,6.099999904632568,5988,0.0,0.0
2022-12-15 12:30:00-05:00,6.21999979019165,6.21999979019165,6.21999979019165,6.21999979019165,1274,0.0,0.0
2022-12-15 14:30:00-05:00,6.090000152587891,6.199999809265137,6.090000152587891,6.190000057220459,3340,0.0,0.0
2022-12-16 09:30:00-05:00,6.199999809265137,6.199999809265137,6.199999809265137,6.199999809265137,0,0.0,0.0
2022-12-16 10:30:00-05:00,6.159999847412109,6.159999847412109,6.159999847412109,6.159999847412109,194,0.0,0.0
2022-12-16 12:30:00-05:00,6.230000019073486,6.230000019073486,6.230000019073486,6.230000019073486,1601,0.0,0.0
2022-12-16 13:30:00-05:00,6.090000152587891,6.090000152587891,6.090000152587891,6.090000152587891,930,0.0,0.0
2022-12-16 15:30:00-05:00,6.170000076293945,6.190000057220459,6.170000076293945,6.190000057220459,3000,0.0,0.0
2022-12-19 09:30:00-05:00,6.190000057220459,6.190000057220459,6.050000190734863,6.170000076293945,0,0.0,0.0
2022-12-19 12:30:00-05:00,6.179999828338623,6.179999828338623,6.179999828338623,6.179999828338623,1234,0.0,0.0
2022-12-19 14:30:00-05:00,6.170000076293945,6.179999828338623,6.070000171661377,6.070000171661377,2424,0.0,0.0
2022-12-19 15:30:00-05:00,6.150000095367432,6.150000095367432,6.150000095367432,6.150000095367432,0,0.0,0.0
2022-12-20 09:30:00-05:00,6.170000076293945,6.199999809265137,6.110000133514404,6.110000133514404,2322,0.0,0.0
2022-12-20 10:30:00-05:00,6.190000057220459,6.199999809265137,6.139999866485596,6.139999866485596,1803,0.0,0.0
2022-12-20 11:30:00-05:00,6.119999885559082,6.119999885559082,6.119999885559082,6.119999885559082,1011,0.0,0.0
2022-12-20 12:30:00-05:00,6.199999809265137,6.199999809265137,6.179999828338623,6.179999828338623,2654,0.0,0.0
2022-12-20 13:30:00-05:00,6.199999809265137,6.199999809265137,6.199999809265137,6.199999809265137,1062,0.0,0.0
2022-12-20 14:30:00-05:00,6.190000057220459,6.190000057220459,6.110000133514404,6.110000133514404,1176,0.0,0.0
2022-12-20 15:30:00-05:00,6.125,6.190000057220459,6.110000133514404,6.130000114440918,0,0.0,0.0
2022-12-21 09:30:00-05:00,6.179999828338623,6.179999828338623,6.099999904632568,6.125,1930,0.0,0.0
2022-12-21 10:30:00-05:00,6.199999809265137,6.389999866485596,5.900000095367432,6.300000190734863,12810,0.0,0.0
2022-12-21 11:30:00-05:00,6.260000228881836,6.300000190734863,6.260000228881836,6.300000190734863,1724,0.0,0.0
2022-12-21 14:30:00-05:00,6.389999866485596,6.400000095367432,6.25,6.360000133514404,6027,0.0,0.0
2022-12-22 09:30:00-05:00,6.349999904632568,6.349999904632568,6.309999942779541,6.320000171661377,0,0.0,0.0
2022-12-22 10:30:00-05:00,6.300000190734863,6.300000190734863,6.21999979019165,6.21999979019165,2293,0.0,0.0
2022-12-22 12:30:00-05:00,6.099999904632568,6.190000057220459,6.099999904632568,6.190000057220459,4022,0.0,0.0
2022-12-22 13:30:00-05:00,6.190000057220459,6.389999866485596,6.179999828338623,6.389999866485596,2047,0.0,0.0
2022-12-22 14:30:00-05:00,6.360000133514404,6.360000133514404,6.360000133514404,6.360000133514404,127,0.0,0.0
2022-12-23 09:30:00-05:00,6.28000020980835,6.28000020980835,6.179999828338623,6.179999828338623,0,0.0,0.0
2022-12-23 10:30:00-05:00,6.230000019073486,6.230000019073486,6.230000019073486,6.230000019073486,400,0.0,0.0
2022-12-23 12:30:00-05:00,6.230000019073486,6.389999866485596,6.098400115966797,6.202000141143799,8483,0.0,0.0
2022-12-23 14:30:00-05:00,6.199999809265137,6.200099945068359,6.199999809265137,6.200099945068359,1411,0.0,0.0
2022-12-23 15:30:00-05:00,6.289999961853027,6.289999961853027,6.289999961853027,6.289999961853027,510,0.0,0.0
2022-12-27 09:30:00-05:00,6.21999979019165,6.349999904632568,6.039999961853027,6.349999904632568,8081,0.0,0.0
2022-12-27 10:30:00-05:00,6.110000133514404,6.110000133514404,5.989999771118164,6.079999923706055,4593,0.0,0.0
2022-12-27 11:30:00-05:00,6.090000152587891,6.210000038146973,6.079999923706055,6.190000057220459,11228,0.0,0.0
2022-12-27 12:30:00-05:00,6.170000076293945,6.170000076293945,5.510000228881836,5.920000076293945,8982,0.0,0.0
2022-12-27 13:30:00-05:00,5.950099945068359,6.28000020980835,5.950099945068359,6.28000020980835,4556,0.0,0.0
2022-12-27 15:30:00-05:00,6.03000020980835,6.320000171661377,5.420000076293945,5.420000076293945,22152,0.0,0.0
2022-12-28 09:30:00-05:00,5.5,5.570000171661377,5.310100078582764,5.369999885559082,4058,0.0,0.0
2022-12-28 10:30:00-05:00,5.579999923706055,5.6529998779296875,5.550000190734863,5.6529998779296875,1233,0.0,0.0
2022-12-28 11:30:00-05:00,5.675000190734863,5.839900016784668,5.544400215148926,5.839900016784668,1002,0.0,0.0
2022-12-28 13:30:00-05:00,5.524400234222412,5.558499813079834,5.524400234222412,5.558499813079834,1700,0.0,0.0
2022-12-28 14:30:00-05:00,5.519999980926514,5.559999942779541,5.380000114440918,5.409999847412109,6924,0.0,0.0
2022-12-28 15:30:00-05:00,5.440000057220459,5.579999923706055,5.070000171661377,5.579999923706055,0,0.0,0.0
2022-12-29 09:30:00-05:00,5.400000095367432,5.400000095367432,5.400000095367432,5.400000095367432,1133,0.0,0.0
2022-12-29 10:30:00-05:00,5.409999847412109,5.635000228881836,5.360000133514404,5.489999771118164,19421,0.0,0.0
2022-12-29 11:30:00-05:00,5.4695000648498535,5.4695000648498535,5.4695000648498535,5.4695000648498535,246,0.0,0.0
2022-12-29 12:30:00-05:00,5.411499977111816,5.411499977111816,5.411499977111816,5.411499977111816,4778,0.0,0.0
2022-12-29 13:30:00-05:00,5.5,5.5,5.5,5.5,1639,0.0,0.0
2022-12-29 15:30:00-05:00,5.46999979019165,5.650000095367432,5.409999847412109,5.650000095367432,5387,0.0,0.0
2022-12-30 09:30:00-05:00,5.510000228881836,5.510000228881836,5.389999866485596,5.409999847412109,0,0.0,0.0
2022-12-30 10:30:00-05:00,5.510000228881836,5.644800186157227,5.21999979019165,5.5,13476,0.0,0.0
2022-12-30 12:30:00-05:00,5.5,5.699999809265137,5.390100002288818,5.400100231170654,5661,0.0,0.0
2022-12-30 13:30:00-05:00,5.449999809265137,5.635000228881836,5.449999809265137,5.635000228881836,1603,0.0,0.0
2022-12-30 14:30:00-05:00,5.5,5.5,5.25,5.329999923706055,8279,0.0,0.0
2022-12-30 15:30:00-05:00,5.400000095367432,5.679999828338623,5.400000095367432,5.679999828338623,401,0.0,0.0
2023-01-03 09:30:00-05:00,5.550000190734863,5.6732001304626465,5.449999809265137,5.480100154876709,8649,0.0,0.0
2023-01-03 10:30:00-05:00,5.54610013961792,5.664999961853027,5.25,5.450099945068359,20293,0.0,0.0
2023-01-03 11:30:00-05:00,5.449999809265137,5.769999980926514,5.210000038146973,5.670000076293945,19200,0.0,0.0
2023-01-03 12:30:00-05:00,5.489999771118164,5.625,5.210000038146973,5.215000152587891,26893,0.0,0.0
2023-01-03 13:30:00-05:00,5.489999771118164,5.682499885559082,5.199999809265137,5.480000019073486,20030,0.0,0.0
2023-01-03 14:30:00-05:00,5.449999809265137,5.662499904632568,5.360000133514404,5.6539998054504395,1712,0.0,0.0
2023-01-03 15:30:00-05:00,5.460000038146973,5.53000020980835,5.300000190734863,5.449999809265137,0,0.0,0.0
2023-01-04 09:30:00-05:00,5.5,5.599999904632568,5.295000076293945,5.59499979019165,13666,0.0,0.0
2023-01-04 10:30:00-05:00,5.610000133514404,5.610000133514404,5.355000019073486,5.400000095367432,6838,0.0,0.0
2023-01-04 11:30:00-05:00,5.409999847412109,5.619999885559082,5.392600059509277,5.610000133514404,18590,0.0,0.0
2023-01-04 12:30:00-05:00,5.502699851989746,5.550000190734863,5.369999885559082,5.429999828338623,4900,0.0,0.0
2023-01-04 13:30:00-05:00,5.449999809265137,5.699999809265137,5.300099849700928,5.429999828338623,34132,0.0,0.0
2023-01-04 14:30:00-05:00,5.449999809265137,5.571700096130371,5.349999904632568,5.360000133514404,7625,0.0,0.0
2023-01-04 15:30:00-05:00,5.360000133514404,5.590000152587891,5.360000133514404,5.590000152587891,0,0.0,0.0
2023-01-05 09:30:00-05:00,5.610000133514404,5.800000190734863,5.510000228881836,5.605000019073486,1776,0.0,0.0
2023-01-05 10:30:00-05:00,5.400100231170654,5.585000038146973,5.400100231170654,5.400100231170654,501,0.0,0.0
2023-01-05 11:30:00-05:00,5.400100231170654,5.650000095367432,5.400100231170654,5.650000095367432,1800,0.0,0.0
2023-01-05 12:30:00-05:00,5.639999866485596,5.639999866485596,5.369999885559082,5.400000095367432,3226,0.0,0.0
2023-01-05 13:30:00-05:00,5.335000038146973,5.849999904632568,5.335000038146973,5.550000190734863,6829,0.0,0.0
2023-01-05 14:30:00-05:00,5.630000114440918,5.889999866485596,5.599999904632568,5.619999885559082,3922,0.0,0.0
2023-01-05 15:30:00-05:00,5.610000133514404,5.650000095367432,5.579999923706055,5.650000095367432,0,0.0,0.0
2023-01-06 09:30:00-05:00,5.510000228881836,6.300000190734863,5.379000186920166,5.962299823760986,19775,0.0,0.0
2023-01-06 10:30:00-05:00,6.019999980926514,6.349999904632568,6.0,6.25,5623,0.0,0.0
2023-01-06 11:30:00-05:00,6.119999885559082,6.349999904632568,6.050000190734863,6.099999904632568,4653,0.0,0.0
2023-01-06 12:30:00-05:00,6.340000152587891,6.340000152587891,6.03000020980835,6.099999904632568,4441,0.0,0.0
2023-01-06 13:30:00-05:00,6.260000228881836,6.260000228881836,6.260000228881836,6.260000228881836,4020,0.0,0.0
2023-01-06 14:30:00-05:00,6.130000114440918,6.300000190734863,5.800000190734863,6.224999904632568,13994,0.0,0.0
2023-01-06 15:30:00-05:00,6.122499942779541,6.429999828338623,6.059999942779541,6.079999923706055,619,0.0,0.0
2023-01-09 09:30:00-05:00,6.150000095367432,6.619999885559082,6.150000095367432,6.230100154876709,0,0.0,0.0
2023-01-09 11:30:00-05:00,6.170000076293945,6.389999866485596,6.170000076293945,6.210000038146973,1986,0.0,0.0
2023-01-09 12:30:00-05:00,6.400000095367432,6.400000095367432,6.150100231170654,6.150100231170654,1239,0.0,0.0
2023-01-09 13:30:00-05:00,6.199999809265137,6.340000152587891,6.050099849700928,6.090000152587891,2908,0.0,0.0
2023-01-09 14:30:00-05:00,6.130000114440918,6.400000095367432,5.929999828338623,6.380000114440918,12246,0.0,0.0
2023-01-09 15:30:00-05:00,6.110000133514404,6.21999979019165,6.110000133514404,6.21999979019165,0,0.0,0.0
2023-01-10 09:30:00-05:00,6.375,6.375,6.179999828338623,6.179999828338623,2122,0.0,0.0
2023-01-10 11:30:00-05:00,6.059999942779541,6.400000095367432,6.035999774932861,6.28000020980835,11914,0.0,0.0
2023-01-10 12:30:00-05:00,6.179999828338623,6.260000228881836,6.150000095367432,6.210000038146973,2807,0.0,0.0
2023-01-10 13:30:00-05:00,6.199999809265137,6.269999980926514,6.079999923706055,6.269999980926514,3875,0.0,0.0
2023-01-10 14:30:00-05:00,6.164899826049805,6.250199794769287,5.849999904632568,5.849999904632568,15006,0.0,0.0
2023-01-10 15:30:00-05:00,6.110000133514404,6.119999885559082,5.974999904632568,6.119999885559082,0,0.0,0.0
2023-01-11 09:30:00-05:00,6.179999828338623,6.460000038146973,5.750100135803223,5.769999980926514,22828,0.0,0.0
2023-01-11 13:30:00-05:00,5.909999847412109,6.460000038146973,5.909999847412109,6.0,12243,0.0,0.0
2023-01-11 14:30:00-05:00,5.909999847412109,6.199999809265137,5.909999847412109,6.159999847412109,3627,0.0,0.0
2023-01-11 15:30:00-05:00,6.119999885559082,6.380000114440918,6.050000190734863,6.199999809265137,0,0.0,0.0
2023-01-12 09:30:00-05:00,6.170000076293945,6.179999828338623,6.119999885559082,6.130000114440918,2217,0.0,0.0
2023-01-12 10:30:00-05:00,6.090000152587891,6.090000152587891,6.090000152587891,6.090000152587891,100,0.0,0.0
2023-01-12 11:30:00-05:00,6.019999980926514,6.03000020980835,5.960000038146973,5.989999771118164,1271,0.0,0.0
2023-01-12 14:30:00-05:00,6.050000190734863,6.070000171661377,6.050000190734863,6.070000171661377,1000,0.0,0.0
2023-01-12 15:30:00-05:00,6.050000190734863,6.190000057220459,6.025000095367432,6.130000114440918,0,0.0,0.0
2023-01-13 09:30:00-05:00,6.150000095367432,6.187099933624268,6.04010009765625,6.116499900817871,3658,0.0,0.0
2023-01-13 14:30:00-05:00,6.260000228881836,6.260000228881836,6.210000038146973,6.210000038146973,3253,0.0,0.0
2023-01-13 15:30:00-05:00,6.21999979019165,6.25,6.159999847412109,6.159999847412109,3099,0.0,0.0
2023-01-17 09:30:00-05:00,6.1768999099731445,6.298699855804443,6.110000133514404,6.130000114440918,3967,0.0,0.0
2023-01-17 10:30:00-05:00,6.110000133514404,6.223999977111816,6.070000171661377,6.099999904632568,1750,0.0,0.0
2023-01-17 11:30:00-05:00,6.099999904632568,6.099999904632568,6.050099849700928,6.078800201416016,644,0.0,0.0
2023-01-17 15:30:00-05:00,6.099999904632568,6.099999904632568,6.099999904632568,6.099999904632568,0,0.0,0.0
2023-01-18 09:30:00-05:00,6.180099964141846,6.230000019073486,5.960000038146973,6.180099964141846,9366,0.0,0.0
2023-01-18 11:30:00-05:00,6.409999847412109,6.409999847412109,6.349999904632568,6.349999904632568,0,0.0,0.0
2023-01-19 12:30:00-05:00,6.300000190734863,6.300000190734863,6.300000190734863,6.300000190734863,600,0.0,0.0
2023-01-19 13:30:00-05:00,6.269999980926514,6.269999980926514,6.099999904632568,6.099999904632568,1500,0.0,0.0
2023-01-19 14:30:00-05:00,6.070000171661377,6.070000171661377,6.050000190734863,6.050000190734863,382,0.0,0.0
2023-01-19 15:30:00-05:00,6.199999809265137,6.199999809265137,6.010000228881836,6.130000114440918,4022,0.0,0.0
2023-01-20 09:30:00-05:00,6.099999904632568,6.295000076293945,6.050000190734863,6.295000076293945,0,0.0,0.0
2023-01-20 10:30:00-05:00,6.179999828338623,6.199999809265137,6.090000152587891,6.199999809265137,660,0.0,0.0
2023-01-20 11:30:00-05:00,6.190000057220459,6.190000057220459,6.179999828338623,6.179999828338623,735,0.0,0.0
2023-01-20 12:30:00-05:00,6.110000133514404,6.110000133514404,6.110000133514404,6.110000133514404,101,0.0,0.0
2023-01-20 13:30:00-05:00,6.099999904632568,6.349999904632568,6.059999942779541,6.349999904632568,5156,0.0,0.0
2023-01-20 14:30:00-05:00,6.309999942779541,6.309999942779541,6.119999885559082,6.119999885559082,3047,0.0,0.0
2023-01-20 15:30:00-05:00,6.099999904632568,6.099999904632568,6.099999904632568,6.099999904632568,203,0.0,0.0
2023-01-23 09:30:00-05:00,6.0,6.440000057220459,6.0,6.119999885559082,8354,0.0,0.0
2023-01-23 10:30:00-05:00,6.360000133514404,6.360000133514404,6.360000133514404,6.360000133514404,286,0.0,0.0
2023-01-23 11:30:00-05:00,6.139999866485596,6.139999866485596,6.080399990081787,6.099999904632568,823,0.0,0.0
2023-01-23 13:30:00-05:00,6.050000190734863,6.141300201416016,6.050000190734863,6.141300201416016,384,0.0,0.0
2023-01-23 14:30:00-05:00,6.019999980926514,6.199999809265137,6.0,6.0,1535,0.0,0.0
2023-01-23 15:30:00-05:00,6.0,6.0,5.800000190734863,5.809999942779541,0,0.0,0.0
2023-01-24 09:30:00-05:00,5.639999866485596,5.909999847412109,5.630000114440918,5.909999847412109,4954,0.0,0.0
2023-01-24 10:30:00-05:00,5.900000095367432,5.949999809265137,5.900000095367432,5.949999809265137,2096,0.0,0.0
2023-01-24 11:30:00-05:00,5.949999809265137,6.349999904632568,5.949999809265137,6.349999904632568,3303,0.0,0.0
2023-01-24 12:30:00-05:00,6.340000152587891,6.340000152587891,6.020999908447266,6.020999908447266,1231,0.0,0.0
2023-01-24 13:30:00-05:00,5.909999847412109,6.21999979019165,5.860000133514404,6.21999979019165,3088,0.0,0.0
2023-01-24 14:30:00-05:00,6.012800216674805,6.012800216674805,5.840000152587891,5.940000057220459,8641,0.0,0.0
2023-01-24 15:30:00-05:00,5.929999828338623,6.019999980926514,5.849999904632568,6.019999980926514,0,0.0,0.0
2023-01-25 09:30:00-05:00,6.320000171661377,6.320000171661377,6.0,6.190000057220459,2820,0.0,0.0
2023-01-25 10:30:00-05:00,6.008299827575684,6.008299827575684,6.008299827575684,6.008299827575684,496,0.0,0.0
2023-01-25 11:30:00-05:00,5.96999979019165,5.96999979019165,5.96999979019165,5.96999979019165,147,0.0,0.0
2023-01-25 12:30:00-05:00,6.079999923706055,6.099999904632568,5.869999885559082,5.909999847412109,900,0.0,0.0
2023-01-25 13:30:00-05:00,5.909999847412109,6.25,5.889999866485596,6.25,3508,0.0,0.0
2023-01-25 14:30:00-05:00,5.960000038146973,6.269999980926514,5.889999866485596,5.900000095367432,8680,0.0,0.0
2023-01-25 15:30:00-05:00,6.150000095367432,6.150000095367432,5.900000095367432,6.099999904632568,0,0.0,0.0
2023-01-26 09:30:00-05:00,6.0,6.289999961853027,6.0,6.010000228881836,6818,0.0,0.0
2023-01-26 10:30:00-05:00,6.179999828338623,6.179999828338623,6.019999980926514,6.019999980926514,2100,0.0,0.0
2023-01-26 12:30:00-05:00,6.0,6.0,5.989999771118164,5.989999771118164,215,0.0,0.0
2023-01-26 14:30:00-05:00,6.050000190734863,6.050000190734863,5.900000095367432,5.900000095367432,1200,0.0,0.0
2023-01-26 15:30:00-05:00,6.0,6.0,5.989999771118164,5.989999771118164,0,0.0,0.0
2023-01-27 09:30:00-05:00,5.989999771118164,5.989999771118164,5.950099945068359,5.950099945068359,5713,0.0,0.0
2023-01-27 10:30:00-05:00,5.949999809265137,5.949999809265137,5.949999809265137,5.949999809265137,100,0.0,0.0
2023-01-27 11:30:00-05:00,5.829999923706055,6.119999885559082,5.75,5.980000019073486,6001,0.0,0.0
2023-01-27 13:30:00-05:00,5.929999828338623,5.929999828338623,5.929999828338623,5.929999828338623,102,0.0,0.0
2023-01-27 15:30:00-05:00,5.900000095367432,6.019999980926514,5.900000095367432,6.0,816,0.0,0.0
2023-01-30 09:30:00-05:00,5.900000095367432,6.0,5.900000095367432,5.980000019073486,0,0.0,0.0
2023-01-30 11:30:00-05:00,5.900000095367432,5.900000095367432,5.800000190734863,5.809999942779541,1669,0.0,0.0
2023-01-30 14:30:00-05:00,5.789899826049805,5.949999809265137,5.760000228881836,5.760000228881836,1063,0.0,0.0
2023-01-30 15:30:00-05:00,5.900000095367432,5.96999979019165,5.800000190734863,5.929999828338623,2923,0.0,0.0
2023-01-31 09:30:00-05:00,5.800000190734863,6.28000020980835,5.800000190734863,5.949999809265137,0,0.0,0.0
2023-01-31 10:30:00-05:00,6.150000095367432,6.150000095367432,6.150000095367432,6.150000095367432,104,0.0,0.0
2023-01-31 11:30:00-05:00,6.050000190734863,6.050000190734863,6.050000190734863,6.050000190734863,102,0.0,0.0
2023-01-31 12:30:00-05:00,6.050000190734863,6.050000190734863,5.860000133514404,6.050000190734863,726,0.0,0.0
2023-01-31 13:30:00-05:00,6.050000190734863,6.050000190734863,6.050000190734863,6.050000190734863,277,0.0,0.0
2023-01-31 14:30:00-05:00,6.050000190734863,6.059999942779541,6.050000190734863,6.059999942779541,1144,0.0,0.0
2023-01-31 15:30:00-05:00,6.039999961853027,6.050000190734863,5.860000133514404,6.010000228881836,0,0.0,0.0
2023-02-01 09:30:00-05:00,5.900000095367432,5.900000095367432,5.900000095367432,5.900000095367432,341,0.0,0.0
2023-02-01 10:30:00-05:00,6.079999923706055,6.079999923706055,6.079999923706055,6.079999923706055,886,0.0,0.0
2023-02-01 11:30:00-05:00,5.849999904632568,5.900000095367432,5.849999904632568,5.900000095367432,2713,0.0,0.0
2023-02-01 12:30:00-05:00,6.059999942779541,6.059999942779541,5.849999904632568,5.96999979019165,2382,0.0,0.0
2023-02-01 13:30:00-05:00,5.96999979019165,6.0,5.96999979019165,6.0,2229,0.0,0.0
2023-02-01 14:30:00-05:00,5.96999979019165,6.0,5.96999979019165,6.0,1182,0.0,0.0
2023-02-01 15:30:00-05:00,5.860000133514404,5.860000133514404,5.849999904632568,5.849999904632568,771,0.0,0.0
2023-02-02 09:30:00-05:00,5.929999828338623,6.309999942779541,5.894999980926514,6.070099830627441,0,0.0,0.0
2023-02-02 10:30:00-05:00,6.059999942779541,6.300000190734863,5.940000057220459,6.079999923706055,3377,0.0,0.0
2023-02-02 11:30:00-05:00,6.070000171661377,6.070199966430664,6.0,6.0,941,0.0,0.0
2023-02-02 12:30:00-05:00,6.119999885559082,6.25,6.078800201416016,6.078800201416016,1000,0.0,0.0
2023-02-02 13:30:00-05:00,6.050000190734863,6.050000190734863,6.0,6.0,1438,0.0,0.0
2023-02-02 14:30:00-05:00,5.960000038146973,6.059999942779541,5.900000095367432,5.900000095367432,3084,0.0,0.0
2023-02-02 15:30:00-05:00,5.909999847412109,6.079999923706055,5.900000095367432,6.079999923706055,0,0.0,0.0
2023-02-03 09:30:00-05:00,6.110000133514404,6.11269998550415,6.0,6.0,4396,0.0,0.0
2023-02-03 10:30:00-05:00,6.050000190734863,6.489999771118164,5.96999979019165,6.119999885559082,6431,0.0,0.0
2023-02-03 11:30:00-05:00,6.190000057220459,6.679999828338623,6.159999847412109,6.159999847412109,5172,0.0,0.0
2023-02-03 12:30:00-05:00,6.110000133514404,6.150000095367432,6.039999961853027,6.050000190734863,3632,0.0,0.0
2023-02-03 13:30:00-05:00,6.059999942779541,6.059999942779541,6.050000190734863,6.050000190734863,202,0.0,0.0
2023-02-03 14:30:00-05:00,6.090000152587891,6.090000152587891,6.090000152587891,6.090000152587891,400,0.0,0.0
2023-02-03 15:30:00-05:00,5.920000076293945,6.019999980926514,5.920000076293945,6.0,404,0.0,0.0
2023-02-06 09:30:00-05:00,6.449999809265137,6.449999809265137,6.190000057220459,6.204999923706055,5431,0.0,0.0
2023-02-06 10:30:00-05:00,6.150000095367432,6.28000020980835,5.800000190734863,5.860000133514404,8420,0.0,0.0
2023-02-06 11:30:00-05:00,5.954999923706055,6.019999980926514,5.880000114440918,5.989999771118164,4122,0.0,0.0
2023-02-06 12:30:00-05:00,5.8979997634887695,5.980000019073486,5.800000190734863,5.875,2102,0.0,0.0
2023-02-06 13:30:00-05:00,5.840000152587891,5.960000038146973,5.809999942779541,5.809999942779541,5380,0.0,0.0
2023-02-06 14:30:00-05:00,5.880000114440918,5.909999847412109,5.809999942779541,5.820000171661377,1818,0.0,0.0
2023-02-06 15:30:00-05:00,5.940000057220459,5.940000057220459,5.849999904632568,5.929999828338623,856,0.0,0.0
2023-02-07 09:30:00-05:00,5.96999979019165,6.059999942779541,5.96999979019165,5.96999979019165,0,0.0,0.0
2023-02-07 10:30:00-05:00,6.010000228881836,6.010000228881836,5.900000095367432,5.900000095367432,437,0.0,0.0
2023-02-07 11:30:00-05:00,5.900000095367432,5.909999847412109,5.889999866485596,5.889999866485596,502,0.0,0.0
2023-02-07 12:30:00-05:00,5.980000019073486,5.980000019073486,5.980000019073486,5.980000019073486,200,0.0,0.0
2023-02-07 13:30:00-05:00,5.869999885559082,5.869999885559082,5.760000228881836,5.829999923706055,7347,0.0,0.0
2023-02-07 14:30:00-05:00,5.949999809265137,5.949999809265137,5.849999904632568,5.849999904632568,564,0.0,0.0
2023-02-07 15:30:00-05:00,5.849999904632568,5.949999809265137,5.849999904632568,5.880000114440918,707,0.0,0.0
2023-02-08 09:30:00-05:00,5.949999809265137,5.949999809265137,5.8653998374938965,5.8653998374938965,0,0.0,0.0
2023-02-08 10:30:00-05:00,5.849999904632568,5.849999904632568,5.809999942779541,5.809999942779541,968,0.0,0.0
2023-02-08 11:30:00-05:00,5.909999847412109,6.03000020980835,5.909999847412109,6.03000020980835,708,0.0,0.0
2023-02-08 12:30:00-05:00,5.889999866485596,5.889999866485596,5.880000114440918,5.889999866485596,1414,0.0,0.0
2023-02-08 14:30:00-05:00,5.989999771118164,6.03000020980835,5.989999771118164,6.019999980926514,2942,0.0,0.0
2023-02-08 15:30:00-05:00,6.010000228881836,6.03000020980835,5.949999809265137,5.96999979019165,0,0.0,0.0
2023-02-09 09:30:00-05:00,6.02269983291626,6.02269983291626,5.980000019073486,5.980000019073486,2342,0.0,0.0
2023-02-09 10:30:00-05:00,6.099999904632568,6.099999904632568,6.099999904632568,6.099999904632568,487,0.0,0.0
2023-02-09 11:30:00-05:00,5.920000076293945,6.070000171661377,5.920000076293945,6.005000114440918,1427,0.0,0.0
2023-02-09 12:30:00-05:00,6.090000152587891,6.443999767303467,6.050000190734863,6.070099830627441,8238,0.0,0.0
2023-02-09 13:30:00-05:00,6.070099830627441,6.435999870300293,5.949999809265137,5.949999809265137,6374,0.0,0.0
2023-02-09 14:30:00-05:00,5.929999828338623,5.929999828338623,5.920000076293945,5.920000076293945,408,0.0,0.0
2023-02-09 15:30:00-05:00,5.989999771118164,6.079999923706055,5.940000057220459,5.940000057220459,1518,0.0,0.0
2023-02-10 09:30:00-05:00,6.010000228881836,6.073200225830078,5.949999809265137,5.989999771118164,0,0.0,0.0
2023-02-10 10:30:00-05:00,5.909999847412109,5.909999847412109,5.909999847412109,5.909999847412109,100,0.0,0.0
2023-02-10 11:30:00-05:00,6.019999980926514,6.019999980926514,5.900000095367432,5.900000095367432,421,0.0,0.0
2023-02-10 12:30:00-05:00,6.039999961853027,6.039999961853027,6.03000020980835,6.03000020980835,2000,0.0,0.0
2023-02-10 13:30:00-05:00,6.0,6.0,5.820000171661377,6.0,3483,0.0,0.0
2023-02-10 14:30:00-05:00,6.050000190734863,6.050000190734863,5.889999866485596,5.889999866485596,1573,0.0,0.0
2023-02-10 15:30:00-05:00,5.945000171661377,5.945000171661377,5.940000057220459,5.940000057220459,312,0.0,0.0
2023-02-13 09:30:00-05:00,5.949999809265137,5.980000019073486,5.940000057220459,5.960000038146973,1678,0.0,0.0
2023-02-13 10:30:00-05:00,5.849999904632568,5.949999809265137,5.849999904632568,5.949999809265137,478,0.0,0.0
2023-02-13 11:30:00-05:00,5.989999771118164,5.989999771118164,5.960000038146973,5.960000038146973,501,0.0,0.0
2023-02-13 12:30:00-05:00,5.989999771118164,5.989999771118164,5.75,5.75,2556,0.0,0.0
2023-02-13 13:30:00-05:00,5.800000190734863,6.0,5.699999809265137,6.0,10038,0.0,0.0
2023-02-13 14:30:00-05:00,5.989999771118164,5.989999771118164,5.980000019073486,5.989999771118164,6121,0.0,0.0
2023-02-13 15:30:00-05:00,5.869999885559082,5.925000190734863,5.849999904632568,5.925000190734863,2718,0.0,0.0
2023-02-14 09:30:00-05:00,5.989999771118164,6.25,5.960000038146973,6.090000152587891,0,0.0,0.0
2023-02-14 10:30:00-05:00,5.940000057220459,5.940000057220459,5.909999847412109,5.909999847412109,1069,0.0,0.0
2023-02-14 11:30:00-05:00,5.949999809265137,5.949999809265137,5.929999828338623,5.929999828338623,622,0.0,0.0
2023-02-14 12:30:00-05:00,5.909999847412109,5.989999771118164,5.751999855041504,5.849999904632568,11910,0.0,0.0
2023-02-14 13:30:00-05:00,6.329999923706055,6.329999923706055,5.849999904632568,5.849999904632568,5041,0.0,0.0
2023-02-14 15:30:00-05:00,5.800000190734863,6.085000038146973,5.71999979019165,6.085000038146973,0,0.0,0.0
2023-02-15 09:30:00-05:00,5.989999771118164,6.010000228881836,5.909999847412109,6.010000228881836,1626,0.0,0.0
2023-02-15 10:30:00-05:00,5.800000190734863,5.809999942779541,5.730000019073486,5.769999980926514,1900,0.0,0.0
2023-02-15 11:30:00-05:00,5.809999942779541,6.057199954986572,5.554999828338623,6.057199954986572,11698,0.0,0.0
2023-02-15 12:30:00-05:00,5.900000095367432,5.920000076293945,5.900000095367432,5.920000076293945,462,0.0,0.0
2023-02-15 13:30:00-05:00,5.980000019073486,5.980000019073486,5.869999885559082,5.869999885559082,1807,0.0,0.0
2023-02-15 14:30:00-05:00,5.909299850463867,5.909299850463867,5.75,5.75,3191,0.0,0.0
2023-02-15 15:30:00-05:00,5.760000228881836,6.050000190734863,5.75,6.050000190734863,0,0.0,0.0
2023-02-16 09:30:00-05:00,5.949999809265137,5.96999979019165,5.889999866485596,5.889999866485596,1923,0.0,0.0
2023-02-16 10:30:00-05:00,5.909999847412109,5.909999847412109,5.900000095367432,5.900000095367432,1124,0.0,0.0
2023-02-16 11:30:00-05:00,5.889999866485596,5.889999866485596,5.889999866485596,5.889999866485596,203,0.0,0.0
2023-02-16 13:30:00-05:00,5.960000038146973,5.960000038146973,5.809999942779541,5.829999923706055,1595,0.0,0.0
2023-02-16 14:30:00-05:00,5.960000038146973,5.960000038146973,5.71999979019165,5.820000171661377,8440,0.0,0.0
2023-02-16 15:30:00-05:00,5.96999979019165,5.96999979019165,5.809999942779541,5.940000057220459,0,0.0,0.0
2023-02-17 09:30:00-05:00,5.949999809265137,6.21999979019165,5.900000095367432,5.949999809265137,6761,0.0,0.0
2023-02-17 10:30:00-05:00,5.949999809265137,5.949999809265137,5.920000076293945,5.920000076293945,1491,0.0,0.0
2023-02-17 11:30:00-05:00,6.179999828338623,6.179999828338623,6.150000095367432,6.150000095367432,252,0.0,0.0
2023-02-17 13:30:00-05:00,6.110000133514404,6.110000133514404,6.070000171661377,6.070000171661377,412,0.0,0.0
2023-02-17 14:30:00-05:00,5.920000076293945,5.949999809265137,5.800000190734863,5.889999866485596,4851,0.0,0.0
2023-02-17 15:30:00-05:00,5.989999771118164,6.03000020980835,5.989999771118164,6.0,960,0.0,0.0
2023-02-21 09:30:00-05:00,5.929999828338623,5.940000057220459,5.920000076293945,5.929999828338623,0,0.0,0.0
2023-02-21 10:30:00-05:00,5.880000114440918,5.880000114440918,5.880000114440918,5.880000114440918,286,0.0,0.0
2023-02-21 11:30:00-05:00,5.699999809265137,5.820000171661377,5.699999809265137,5.800000190734863,7910,0.0,0.0
2023-02-21 12:30:00-05:00,5.800000190734863,5.900000095367432,5.800000190734863,5.900000095367432,355,0.0,0.0
2023-02-21 14:30:00-05:00,5.760000228881836,5.920000076293945,5.75,5.920000076293945,1593,0.0,0.0
2023-02-21 15:30:00-05:00,5.800000190734863,5.929999828338623,5.800000190734863,5.849999904632568,0,0.0,0.0
2023-02-22 09:30:00-05:00,5.920000076293945,5.949999809265137,5.800000190734863,5.800000190734863,3675,0.0,0.0
2023-02-22 10:30:00-05:00,5.889999866485596,5.889999866485596,5.889999866485596,5.889999866485596,584,0.0,0.0
2023-02-22 11:30:00-05:00,5.760000228881836,5.820000171661377,5.699999809265137,5.809999942779541,4836,0.0,0.0
2023-02-22 12:30:00-05:00,5.789999961853027,5.980000019073486,5.760000228881836,5.78000020980835,4876,0.0,0.0
2023-02-22 13:30:00-05:00,5.760000228881836,5.760000228881836,5.760000228881836,5.760000228881836,200,0.0,0.0
2023-02-22 14:30:00-05:00,5.75,5.75,5.739999771118164,5.739999771118164,320,0.0,0.0
2023-02-22 15:30:00-05:00,5.710000038146973,5.889999866485596,5.710000038146973,5.869999885559082,0,0.0,0.0
2023-02-23 09:30:00-05:00,5.889999866485596,6.2600998878479,5.889999866485596,5.889999866485596,2815,0.0,0.0
2023-02-23 10:30:00-05:00,5.889999866485596,5.889999866485596,5.880000114440918,5.880000114440918,1058,0.0,0.0
2023-02-23 11:30:00-05:00,5.900000095367432,5.900000095367432,5.880000114440918,5.880000114440918,646,0.0,0.0
2023-02-23 12:30:00-05:00,5.78000020980835,5.869999885559082,5.75,5.849999904632568,5665,0.0,0.0
2023-02-23 13:30:00-05:00,5.840000152587891,6.110000133514404,5.840000152587891,6.079999923706055,5268,0.0,0.0
2023-02-23 14:30:00-05:00,5.888199806213379,6.090000152587891,5.8572998046875,6.070000171661377,5942,0.0,0.0
2023-02-23 15:30:00-05:00,5.989999771118164,6.050000190734863,5.940000057220459,6.050000190734863,0,0.0,0.0
2023-02-24 09:30:00-05:00,6.0,6.099999904632568,5.800000190734863,5.820000171661377,8130,0.0,0.0
2023-02-24 10:30:00-05:00,5.809999942779541,6.0,5.809999942779541,5.940000057220459,2170,0.0,0.0
2023-02-24 11:30:00-05:00,5.980000019073486,6.099999904632568,5.900000095367432,5.960000038146973,6429,0.0,0.0
2023-02-24 12:30:00-05:00,6.049900054931641,6.049900054931641,6.049900054931641,6.049900054931641,300,0.0,0.0
2023-02-24 13:30:00-05:00,5.900000095367432,5.900000095367432,5.900000095367432,5.900000095367432,200,0.0,0.0
2023-02-24 14:30:00-05:00,5.980000019073486,5.980000019073486,5.980000019073486,5.980000019073486,449,0.0,0.0
2023-02-24 15:30:00-05:00,5.980000019073486,6.059999942779541,5.900000095367432,6.059999942779541,4291,0.0,0.0
2023-02-27 09:30:00-05:00,5.949999809265137,5.949999809265137,5.949999809265137,5.949999809265137,433,0.0,0.0
2023-02-27 10:30:00-05:00,5.929999828338623,5.929999828338623,5.929999828338623,5.929999828338623,411,0.0,0.0
2023-02-27 11:30:00-05:00,5.929999828338623,5.929999828338623,5.860000133514404,5.920000076293945,3745,0.0,0.0
2023-02-27 12:30:00-05:00,5.920000076293945,6.0,5.900000095367432,5.900000095367432,4096,0.0,0.0
2023-02-27 14:30:00-05:00,5.860000133514404,5.960000038146973,5.809999942779541,5.809999942779541,8579,0.0,0.0
2023-02-27 15:30:00-05:00,5.949999809265137,5.949999809265137,5.809999942779541,5.900000095367432,0,0.0,0.0
2023-02-28 09:30:00-05:00,5.889999866485596,5.949999809265137,5.800000190734863,5.820000171661377,6165,0.0,0.0
2023-02-28 10:30:00-05:00,5.900000095367432,5.900000095367432,5.800000190734863,5.840000152587891,2736,0.0,0.0
2023-02-28 11:30:00-05:00,5.829999923706055,5.829999923706055,5.829999923706055,5.829999923706055,100,0.0,0.0
2023-02-28 12:30:00-05:00,5.889999866485596,5.889999866485596,5.800000190734863,5.800000190734863,696,0.0,0.0
2023-02-28 13:30:00-05:00,5.809999942779541,5.900000095367432,5.800000190734863,5.800000190734863,2531,0.0,0.0
2023-02-28 15:30:00-05:00,5.900000095367432,5.900000095367432,5.900000095367432,5.900000095367432,533,0.0,0.0
2023-03-01 09:30:00-05:00,5.869999885559082,5.869999885559082,5.75,5.75,0,0.0,0.0
2023-03-01 10:30:00-05:00,5.789999961853027,5.869999885559082,5.75,5.869999885559082,1893,0.0,0.0
2023-03-01 11:30:00-05:00,5.949999809265137,6.0,5.800000190734863,6.0,6461,0.0,0.0
2023-03-01 13:30:00-05:00,5.949999809265137,5.949999809265137,5.829999923706055,5.829999923706055,460,0.0,0.0
2023-03-01 14:30:00-05:00,5.900000095367432,5.900000095367432,5.809999942779541,5.815000057220459,486,0.0,0.0
2023-03-01 15:30:00-05:00,5.929999828338623,5.929999828338623,5.929999828338623,5.929999828338623,306,0.0,0.0
2023-03-02 09:30:00-05:00,5.900000095367432,5.900000095367432,5.800000190734863,5.800000190734863,0,0.0,0.0
2023-03-02 10:30:00-05:00,5.829999923706055,5.829999923706055,5.735000133514404,5.760000228881836,4360,0.0,0.0
2023-03-02 11:30:00-05:00,5.789999961853027,5.800000190734863,5.769999980926514,5.789999961853027,3479,0.0,0.0
2023-03-02 12:30:00-05:00,5.800000190734863,5.800000190734863,5.800000190734863,5.800000190734863,342,0.0,0.0
2023-03-02 14:30:00-05:00,5.78000020980835,5.900000095367432,5.760000228881836,5.900000095367432,406,0.0,0.0
2023-03-02 15:30:00-05:00,5.900000095367432,5.920000076293945,5.900000095367432,5.920000076293945,0,0.0,0.0
2023-03-03 09:30:00-05:00,5.889999866485596,6.179999828338623,5.769999980926514,5.841300010681152,12512,0.0,0.0
2023-03-03 10:30:00-05:00,6.079999923706055,6.079999923706055,5.840000152587891,6.079999923706055,2288,0.0,0.0
2023-03-03 11:30:00-05:00,5.880199909210205,6.059999942779541,5.800000190734863,5.869999885559082,3709,0.0,0.0
2023-03-03 12:30:00-05:00,5.860000133514404,6.059999942779541,5.860000133514404,6.005000114440918,4705,0.0,0.0
2023-03-03 13:30:00-05:00,5.879799842834473,5.879799842834473,5.879799842834473,5.879799842834473,1636,0.0,0.0
2023-03-03 14:30:00-05:00,5.869999885559082,5.980000019073486,5.849999904632568,5.980000019073486,493,0.0,0.0
2023-03-03 15:30:00-05:00,5.860000133514404,5.860000133514404,5.840000152587891,5.849999904632568,584,0.0,0.0
2023-03-06 09:30:00-05:00,5.940000057220459,5.940000057220459,5.800000190734863,5.800000190734863,0,0.0,0.0
2023-03-06 10:30:00-05:00,5.849999904632568,5.849999904632568,5.809999942779541,5.809999942779541,1584,0.0,0.0
2023-03-06 11:30:00-05:00,5.829999923706055,5.829999923706055,5.820000171661377,5.829999923706055,2338,0.0,0.0
2023-03-06 12:30:00-05:00,6.0,6.0,6.0,6.0,168,0.0,0.0
2023-03-06 13:30:00-05:00,5.840000152587891,5.840000152587891,5.840000152587891,5.840000152587891,2155,0.0,0.0
2023-03-06 14:30:00-05:00,5.849999904632568,5.849999904632568,5.75,5.809999942779541,3635,0.0,0.0
2023-03-06 15:30:00-05:00,5.829999923706055,5.949999809265137,5.710000038146973,5.900000095367432,3966,0.0,0.0
2023-03-07 09:30:00-05:00,5.900000095367432,6.179999828338623,5.800000190734863,6.130000114440918,0,0.0,0.0
2023-03-07 10:30:00-05:00,5.900000095367432,5.900000095367432,5.860000133514404,5.860000133514404,5832,0.0,0.0
2023-03-07 14:30:00-05:00,5.849999904632568,5.849999904632568,5.710000038146973,5.849999904632568,4454,0.0,0.0
2023-03-07 15:30:00-05:00,5.840000152587891,5.849999904632568,5.829999923706055,5.829999923706055,410,0.0,0.0
2023-03-08 09:30:00-05:00,5.809999942779541,5.840000152587891,5.78000020980835,5.78000020980835,0,0.0,0.0
2023-03-08 10:30:00-05:00,5.880000114440918,5.880000114440918,5.880000114440918,5.880000114440918,137,0.0,0.0
2023-03-08 11:30:00-05:00,5.849999904632568,5.849999904632568,5.849999904632568,5.849999904632568,1459,0.0,0.0
2023-03-08 12:30:00-05:00,5.769999980926514,5.900000095367432,5.739999771118164,5.739999771118164,615,0.0,0.0
2023-03-08 13:30:00-05:00,5.75,5.75,5.730000019073486,5.730000019073486,765,0.0,0.0
2023-03-08 14:30:00-05:00,5.710000038146973,5.920000076293945,5.590000152587891,5.920000076293945,11775,0.0,0.0
2023-03-08 15:30:00-05:00,5.710000038146973,5.849999904632568,5.650000095367432,5.670000076293945,0,0.0,0.0
2023-03-09 09:30:00-05:00,5.760000228881836,5.760000228881836,5.699999809265137,5.710000038146973,4064,0.0,0.0
2023-03-09 10:30:00-05:00,5.599999904632568,5.599999904632568,5.599999904632568,5.599999904632568,551,0.0,0.0
2023-03-09 12:30:00-05:00,5.599999904632568,5.599999904632568,5.5,5.5,741,0.0,0.0
2023-03-09 13:30:00-05:00,5.510000228881836,5.53000020980835,5.21999979019165,5.449999809265137,37575,0.0,0.0
2023-03-09 14:30:00-05:00,5.489999771118164,5.949999809265137,5.46999979019165,5.650000095367432,13127,0.0,0.0
2023-03-09 15:30:00-05:00,5.510000228881836,5.599999904632568,5.489999771118164,5.599999904632568,0,0.0,0.0
2023-03-10 09:30:00-05:00,5.590000152587891,5.610000133514404,5.501999855041504,5.550000190734863,3504,0.0,0.0
2023-03-10 10:30:00-05:00,5.550000190734863,5.550000190734863,5.539999961853027,5.539999961853027,3134,0.0,0.0
2023-03-10 11:30:00-05:00,5.46999979019165,5.46999979019165,5.400000095367432,5.420000076293945,756,0.0,0.0
2023-03-10 13:30:00-05:00,5.429999828338623,5.460000038146973,5.210000038146973,5.360000133514404,12623,0.0,0.0
2023-03-10 14:30:00-05:00,5.360000133514404,5.639999866485596,5.300000190734863,5.639999866485596,17938,0.0,0.0
2023-03-10 15:30:00-05:00,5.650000095367432,6.150000095367432,5.650000095367432,6.150000095367432,1638,0.0,0.0
2023-03-13 09:30:00-04:00,5.949999809265137,6.0,5.590000152587891,5.590000152587891,16046,0.0,0.0
2023-03-13 10:30:00-04:00,5.550000190734863,5.550000190734863,5.550000190734863,5.550000190734863,260,0.0,0.0
2023-03-13 11:30:00-04:00,5.679999828338623,5.679999828338623,5.679999828338623,5.679999828338623,590,0.0,0.0
2023-03-13 12:30:00-04:00,5.71999979019165,5.71999979019165,5.71999979019165,5.71999979019165,600,0.0,0.0
2023-03-13 13:30:00-04:00,5.599999904632568,5.610000133514404,5.579999923706055,5.579999923706055,4244,0.0,0.0
2023-03-13 14:30:00-04:00,5.579999923706055,5.920000076293945,5.300000190734863,5.559899806976318,16169,0.0,0.0
2023-03-13 15:30:00-04:00,5.449999809265137,5.889999866485596,5.449999809265137,5.889999866485596,6602,0.0,0.0
2023-03-14 09:30:00-04:00,5.650000095367432,5.650000095367432,5.550000190734863,5.559999942779541,5517,0.0,0.0
2023-03-14 10:30:00-04:00,5.800000190734863,5.800000190734863,5.559999942779541,5.559999942779541,2356,0.0,0.0
2023-03-14 11:30:00-04:00,5.559999942779541,5.710000038146973,5.539999961853027,5.539999961853027,729,0.0,0.0
2023-03-14 12:30:00-04:00,5.760000228881836,5.760000228881836,5.760000228881836,5.760000228881836,100,0.0,0.0
2023-03-14 13:30:00-04:00,5.75,5.75,5.75,5.75,2178,0.0,0.0
2023-03-14 14:30:00-04:00,5.420000076293945,5.630000114440918,5.400000095367432,5.5,15006,0.0,0.0
2023-03-14 15:30:00-04:00,5.46999979019165,5.679999828338623,5.300000190734863,5.670000076293945,0,0.0,0.0
2023-03-15 09:30:00-04:00,5.539999961853027,5.570000171661377,5.53000020980835,5.53000020980835,4492,0.0,0.0
2023-03-15 10:30:00-04:00,5.5,5.5,5.460000038146973,5.460000038146973,762,0.0,0.0
2023-03-15 11:30:00-04:00,5.460000038146973,5.460000038146973,5.460000038146973,5.460000038146973,302,0.0,0.0
2023-03-15 14:30:00-04:00,5.429999828338623,5.489999771118164,5.329999923706055,5.489999771118164,14106,0.0,0.0
2023-03-15 15:30:00-04:00,5.300000190734863,5.5,5.289999961853027,5.420000076293945,8424,0.0,0.0
2023-03-16 09:30:00-04:00,5.300000190734863,5.480000019073486,5.300000190734863,5.400000095367432,0,0.0,0.0
2023-03-16 10:30:00-04:00,5.400000095367432,5.5,5.25,5.5,13515,0.0,0.0
2023-03-16 11:30:00-04:00,5.510000228881836,5.550000190734863,5.510000228881836,5.550000190734863,1219,0.0,0.0
2023-03-16 12:30:00-04:00,5.519999980926514,5.679999828338623,5.5,5.679999828338623,3848,0.0,0.0
2023-03-16 13:30:00-04:00,5.619999885559082,5.650000095367432,5.599999904632568,5.610000133514404,2002,0.0,0.0
2023-03-16 14:30:00-04:00,5.611999988555908,5.75,5.579999923706055,5.699999809265137,3417,0.0,0.0
2023-03-16 15:30:00-04:00,5.690000057220459,5.690000057220459,5.679999828338623,5.679999828338623,0,0.0,0.0
2023-03-17 09:30:00-04:00,5.619999885559082,5.619999885559082,5.5,5.5,2940,0.0,0.0
2023-03-17 10:30:00-04:00,5.449999809265137,5.539999961853027,5.420000076293945,5.5,6924,0.0,0.0
2023-03-17 11:30:00-04:00,5.5,5.5,5.5,5.5,1390,0.0,0.0
2023-03-17 14:30:00-04:00,5.5,5.550000190734863,5.480000019073486,5.550000190734863,3210,0.0,0.0
2023-03-17 15:30:00-04:00,5.559999942779541,5.679999828338623,5.480000019073486,5.679999828338623,3282,0.0,0.0
2023-03-20 09:30:00-04:00,5.550000190734863,5.550000190734863,5.539999961853027,5.550000190734863,4253,0.0,0.0
2023-03-20 11:30:00-04:00,5.650000095367432,5.650000095367432,5.650000095367432,5.650000095367432,1363,0.0,0.0
2023-03-20 12:30:00-04:00,5.460000038146973,5.849999904632568,5.440000057220459,5.800000190734863,18445,0.0,0.0
2023-03-20 13:30:00-04:00,5.989999771118164,5.989999771118164,5.989999771118164,5.989999771118164,289,0.0,0.0
2023-03-20 14:30:00-04:00,5.894999980926514,5.960000038146973,5.78000020980835,5.78000020980835,3229,0.0,0.0
2023-03-20 15:30:00-04:00,5.940000057220459,5.940000057220459,5.75,5.940000057220459,0,0.0,0.0
2023-03-21 09:30:00-04:00,5.789999961853027,5.820000171661377,5.710000038146973,5.710000038146973,1205,0.0,0.0
2023-03-21 11:30:00-04:00,5.679999828338623,5.690000057220459,5.679999828338623,5.690000057220459,701,0.0,0.0
2023-03-21 14:30:00-04:00,5.829999923706055,5.829999923706055,5.650000095367432,5.829999923706055,2112,0.0,0.0
2023-03-21 15:30:00-04:00,5.820000171661377,5.840000152587891,5.679999828338623,5.699999809265137,0,0.0,0.0
2023-03-22 09:30:00-04:00,5.78000020980835,5.989999771118164,5.75,5.760000228881836,2904,0.0,0.0
2023-03-22 10:30:00-04:00,5.929999828338623,5.929999828338623,5.710000038146973,5.71999979019165,1411,0.0,0.0
2023-03-22 11:30:00-04:00,5.800000190734863,5.800000190734863,5.800000190734863,5.800000190734863,200,0.0,0.0
2023-03-22 12:30:00-04:00,5.760000228881836,5.760000228881836,5.760000228881836,5.760000228881836,200,0.0,0.0
2023-03-22 13:30:00-04:00,5.710000038146973,5.75,5.5,5.75,5799,0.0,0.0
2023-03-22 14:30:00-04:00,5.789999961853027,5.789999961853027,5.579999923706055,5.75,9096,0.0,0.0
2023-03-22 15:30:00-04:00,5.75,6.179999828338623,5.75,6.179999828338623,27711,0.0,0.0
2023-03-23 09:30:00-04:00,6.380000114440918,6.380000114440918,5.929999828338623,5.929999828338623,0,0.0,0.0
2023-03-23 10:30:00-04:00,5.920000076293945,6.010000228881836,5.900000095367432,5.929999828338623,1500,0.0,0.0
2023-03-23 11:30:00-04:00,5.900000095367432,6.079999923706055,5.900000095367432,6.079999923706055,2029,0.0,0.0
2023-03-23 12:30:00-04:00,6.059999942779541,6.099999904632568,5.96999979019165,5.96999979019165,1153,0.0,0.0
2023-03-23 13:30:00-04:00,6.099999904632568,6.099999904632568,5.900000095367432,6.099999904632568,4901,0.0,0.0
2023-03-23 15:30:00-04:00,5.965000152587891,6.130000114440918,5.965000152587891,6.130000114440918,0,0.0,0.0
2023-03-24 09:30:00-04:00,6.159999847412109,6.159999847412109,6.159999847412109,6.159999847412109,1168,0.0,0.0
2023-03-24 10:30:00-04:00,6.179999828338623,6.179999828338623,6.179999828338623,6.179999828338623,404,0.0,0.0
2023-03-24 11:30:00-04:00,6.179999828338623,6.179999828338623,6.179999828338623,6.179999828338623,733,0.0,0.0
2023-03-24 12:30:00-04:00,6.110000133514404,6.179999828338623,6.099999904632568,6.179999828338623,1700,0.0,0.0
2023-03-24 13:30:00-04:00,6.179999828338623,6.489999771118164,6.179999828338623,6.489999771118164,4488,0.0,0.0
2023-03-24 14:30:00-04:00,6.539999961853027,6.539999961853027,6.329999923706055,6.46999979019165,4900,0.0,0.0
2023-03-24 15:30:00-04:00,6.420000076293945,6.679999828338623,6.420000076293945,6.679999828338623,320,0.0,0.0
2023-03-27 09:30:00-04:00,6.639999866485596,6.659999847412109,6.440000057220459,6.650000095367432,2110,0.0,0.0
2023-03-27 10:30:00-04:00,6.429999828338623,6.650000095367432,6.309999942779541,6.650000095367432,3209,0.0,0.0
2023-03-27 11:30:00-04:00,6.480000019073486,6.610000133514404,6.480000019073486,6.610000133514404,1420,0.0,0.0
2023-03-27 12:30:00-04:00,6.440000057220459,6.440000057220459,6.440000057220459,6.440000057220459,1391,0.0,0.0
2023-03-27 13:30:00-04:00,6.409999847412109,6.550000190734863,6.409999847412109,6.550000190734863,3445,0.0,0.0
2023-03-27 14:30:00-04:00,6.630000114440918,6.630000114440918,6.449999809265137,6.554999828338623,2244,0.0,0.0
2023-03-27 15:30:00-04:00,6.440000057220459,6.650000095367432,6.420000076293945,6.619999885559082,1712,0.0,0.0
2023-03-28 09:30:00-04:00,6.539999961853027,6.679999828338623,6.449999809265137,6.449999809265137,0,0.0,0.0
2023-03-28 10:30:00-04:00,6.659999847412109,6.659999847412109,6.659999847412109,6.659999847412109,317,0.0,0.0
2023-03-28 11:30:00-04:00,6.550000190734863,6.630000114440918,6.4492998123168945,6.4492998123168945,1638,0.0,0.0
2023-03-28 12:30:00-04:00,6.429999828338623,6.639999866485596,6.400000095367432,6.639999866485596,827,0.0,0.0
2023-03-28 13:30:00-04:00,6.593999862670898,6.630000114440918,6.440000057220459,6.440000057220459,2285,0.0,0.0
2023-03-28 14:30:00-04:00,6.429999828338623,6.630000114440918,6.400000095367432,6.420000076293945,2150,0.0,0.0
2023-03-28 15:30:00-04:00,6.519999980926514,6.519999980926514,6.300000190734863,6.369999885559082,2783,0.0,0.0
2023-03-29 09:30:00-04:00,6.340000152587891,6.659999847412109,6.329999923706055,6.329999923706055,0,0.0,0.0
2023-03-29 11:30:00-04:00,6.340000152587891,6.340000152587891,6.340000152587891,6.340000152587891,762,0.0,0.0
2023-03-29 12:30:00-04:00,6.329999923706055,6.329999923706055,6.300000190734863,6.300000190734863,0,0.0,0.0
2023-03-30 10:30:00-04:00,6.349999904632568,6.349999904632568,6.309999942779541,6.309999942779541,2024,0.0,0.0
2023-03-30 12:30:00-04:00,6.300000190734863,6.309999942779541,6.300000190734863,6.309999942779541,1141,0.0,0.0
2023-03-30 15:30:00-04:00,6.329999923706055,6.340000152587891,6.300000190734863,6.300000190734863,0,0.0,0.0
2023-03-31 09:30:00-04:00,6.349999904632568,6.349999904632568,6.309999942779541,6.309999942779541,552,0.0,0.0
2023-03-31 10:30:00-04:00,6.28000020980835,6.659999847412109,6.269999980926514,6.659999847412109,614,0.0,0.0
2023-03-31 11:30:00-04:00,6.559999942779541,6.559999942779541,6.559999942779541,6.559999942779541,783,0.0,0.0
2023-03-31 12:30:00-04:00,6.46999979019165,6.46999979019165,6.46999979019165,6.46999979019165,137,0.0,0.0
2023-03-31 13:30:00-04:00,6.360000133514404,6.369999885559082,6.199999809265137,6.369999885559082,4342,0.0,0.0
2023-03-31 14:30:00-04:00,6.389999866485596,6.659999847412109,6.300000190734863,6.309999942779541,8793,0.0,0.0
2023-03-31 15:30:00-04:00,6.440000057220459,6.650000095367432,6.360000133514404,6.650000095367432,1530,0.0,0.0
2023-04-03 09:30:00-04:00,6.380000114440918,6.380000114440918,6.360000133514404,6.360000133514404,0,0.0,0.0
2023-04-03 10:30:00-04:00,6.360000133514404,6.360000133514404,6.360000133514404,6.360000133514404,421,0.0,0.0
2023-04-03 11:30:00-04:00,6.579999923706055,6.579999923706055,6.349999904632568,6.349999904632568,1806,0.0,0.0
2023-04-03 13:30:00-04:00,6.345300197601318,6.345300197601318,6.345300197601318,6.345300197601318,1304,0.0,0.0
2023-04-03 14:30:00-04:00,6.309999942779541,6.429999828338623,6.309999942779541,6.320000171661377,1509,0.0,0.0
2023-04-03 15:30:00-04:00,6.349999904632568,6.519999980926514,6.349999904632568,6.519999980926514,0,0.0,0.0
2023-04-04 09:30:00-04:00,6.380000114440918,6.380000114440918,6.380000114440918,6.380000114440918,1512,0.0,0.0
2023-04-04 10:30:00-04:00,6.369999885559082,6.369999885559082,6.369999885559082,6.369999885559082,1907,0.0,0.0
2023-04-04 11:30:00-04:00,6.369999885559082,6.369999885559082,6.369999885559082,6.369999885559082,1222,0.0,0.0
2023-04-04 12:30:00-04:00,6.369999885559082,6.369999885559082,6.369999885559082,6.369999885559082,416,0.0,0.0
2023-04-04 13:30:00-04:00,6.360000133514404,6.619999885559082,6.360000133514404,6.619999885559082,2453,0.0,0.0
2023-04-04 14:30:00-04:00,6.449999809265137,6.449999809265137,6.449999809265137,6.449999809265137,128,0.0,0.0
2023-04-04 15:30:00-04:00,6.360000133514404,6.53000020980835,6.329999923706055,6.53000020980835,0,0.0,0.0
2023-04-05 09:30:00-04:00,6.619999885559082,6.650000095367432,6.422100067138672,6.650000095367432,2927,0.0,0.0
2023-04-05 11:30:00-04:00,6.389999866485596,6.650000095367432,6.340000152587891,6.41480016708374,2647,0.0,0.0
2023-04-05 12:30:00-04:00,6.650000095367432,6.650000095367432,6.514999866485596,6.514999866485596,293,0.0,0.0
2023-04-05 13:30:00-04:00,6.4243998527526855,6.650000095367432,6.289999961853027,6.289999961853027,5566,0.0,0.0
2023-04-05 15:30:00-04:00,6.320000171661377,6.490600109100342,6.289999961853027,6.480000019073486,0,0.0,0.0
2023-04-06 09:30:00-04:00,6.420000076293945,6.420000076293945,6.389999866485596,6.389999866485596,1599,0.0,0.0
2023-04-06 11:30:00-04:00,6.480000019073486,6.480000019073486,6.480000019073486,6.480000019073486,283,0.0,0.0
2023-04-06 12:30:00-04:00,6.489999771118164,6.489999771118164,6.489999771118164,6.489999771118164,197,0.0,0.0
2023-04-06 14:30:00-04:00,6.380000114440918,6.380000114440918,6.329999923706055,6.329999923706055,875,0.0,0.0
2023-04-06 15:30:00-04:00,6.480000019073486,6.480000019073486,6.300000190734863,6.449999809265137,715,0.0,0.0
2023-04-10 09:30:00-04:00,6.389999866485596,6.619999885559082,6.389999866485596,6.390200138092041,0,0.0,0.0
2023-04-10 10:30:00-04:00,6.380000114440918,6.380000114440918,6.369999885559082,6.369999885559082,740,0.0,0.0
2023-04-10 14:30:00-04:00,6.449999809265137,6.449999809265137,6.449999809265137,6.449999809265137,0,0.0,0.0
2023-04-10 15:30:00-04:00,6.300000190734863,6.449999809265137,6.300000190734863,6.449999809265137,1344,0.0,0.0
2023-04-11 09:30:00-04:00,6.389999866485596,6.389999866485596,6.389999866485596,6.389999866485596,654,0.0,0.0
2023-04-11 10:30:00-04:00,6.599999904632568,6.599999904632568,6.599999904632568,6.599999904632568,673,0.0,0.0
2023-04-11 13:30:00-04:00,6.389999866485596,6.590000152587891,6.309999942779541,6.309999942779541,4513,0.0,0.0
2023-04-11 14:30:00-04:00,6.320000171661377,6.380000114440918,6.199999809265137,6.380000114440918,1130,0.0,0.0
2023-04-11 15:30:00-04:00,6.320000171661377,6.369999885559082,6.21999979019165,6.21999979019165,1043,0.0,0.0
2023-04-12 09:30:00-04:00,6.25,6.25,6.25,6.25,0,0.0,0.0
2023-04-12 10:30:00-04:00,6.28000020980835,6.320000171661377,6.139999866485596,6.289999961853027,16969,0.0,0.0
2023-04-12 11:30:00-04:00,6.300000190734863,6.630000114440918,6.300000190734863,6.480000019073486,3367,0.0,0.0
2023-04-12 12:30:00-04:00,6.300000190734863,6.400000095367432,6.300000190734863,6.400000095367432,2654,0.0,0.0
2023-04-12 13:30:00-04:00,6.349999904632568,6.349999904632568,6.21999979019165,6.21999979019165,1517,0.0,0.0
2023-04-12 15:30:00-04:00,6.210000038146973,6.264999866485596,6.150000095367432,6.264999866485596,0,0.0,0.0
2023-04-13 10:30:00-04:00,6.269999980926514,6.269999980926514,6.269999980926514,6.269999980926514,114,0.0,0.0
2023-04-13 11:30:00-04:00,6.460000038146973,6.460000038146973,6.460000038146973,6.460000038146973,403,0.0,0.0
2023-04-13 15:30:00-04:00,6.25,6.403800010681152,6.210000038146973,6.320000171661377,1794,0.0,0.0
2023-04-14 12:30:00-04:00,6.320000171661377,6.5,6.320000171661377,6.5,1452,0.0,0.0
2023-04-14 13:30:00-04:00,6.340199947357178,6.340199947357178,6.340199947357178,6.340199947357178,720,0.0,0.0
2023-04-14 15:30:00-04:00,6.239999771118164,6.239999771118164,6.199999809265137,6.199999809265137,565,0.0,0.0
2023-04-17 09:30:00-04:00,6.239999771118164,6.429999828338623,6.239999771118164,6.25,0,0.0,0.0
2023-04-17 11:30:00-04:00,6.300000190734863,6.300000190734863,6.269999980926514,6.269999980926514,1612,0.0,0.0
2023-04-17 12:30:00-04:00,6.269999980926514,6.460000038146973,6.269999980926514,6.460000038146973,2968,0.0,0.0
2023-04-17 13:30:00-04:00,6.309999942779541,6.449999809265137,6.28000020980835,6.449999809265137,2238,0.0,0.0
2023-04-17 14:30:00-04:00,6.440000057220459,6.460000038146973,6.21999979019165,6.21999979019165,2206,0.0,0.0
2023-04-17 15:30:00-04:00,6.369999885559082,6.369999885559082,6.159999847412109,6.159999847412109,604,0.0,0.0
2023-04-18 09:30:00-04:00,6.489999771118164,6.519999980926514,6.309999942779541,6.519999980926514,0,0.0,0.0
2023-04-18 10:30:00-04:00,6.309999942779541,6.519999980926514,6.309999942779541,6.519999980926514,6540,0.0,0.0
2023-04-18 11:30:00-04:00,6.329599857330322,6.510000228881836,6.300000190734863,6.300000190734863,1362,0.0,0.0
2023-04-18 12:30:00-04:00,6.309999942779541,6.519999980926514,6.309999942779541,6.5,3123,0.0,0.0
2023-04-18 13:30:00-04:00,6.429999828338623,6.429999828338623,6.159999847412109,6.21999979019165,7556,0.0,0.0
2023-04-18 14:30:00-04:00,6.289999961853027,6.460000038146973,6.059999942779541,6.349999904632568,7790,0.0,0.0
2023-04-18 15:30:00-04:00,6.360000133514404,6.380000114440918,6.170000076293945,6.380000114440918,1213,0.0,0.0
2023-04-19 09:30:00-04:00,6.300000190734863,6.619999885559082,6.300000190734863,6.329999923706055,0,0.0,0.0
2023-04-19 10:30:00-04:00,6.300000190734863,6.440000057220459,6.300000190734863,6.440000057220459,370,0.0,0.0
2023-04-19 14:30:00-04:00,6.429999828338623,6.460000038146973,6.369999885559082,6.369999885559082,1609,0.0,0.0
2023-04-19 15:30:00-04:00,6.420000076293945,6.420000076293945,6.289999961853027,6.380000114440918,0,0.0,0.0
2023-04-20 09:30:00-04:00,6.519999980926514,6.539999961853027,6.171999931335449,6.309999942779541,12953,0.0,0.0
2023-04-20 12:30:00-04:00,6.289999961853027,6.289999961853027,6.289999961853027,6.289999961853027,100,0.0,0.0
2023-04-20 13:30:00-04:00,6.300000190734863,6.46999979019165,6.260000228881836,6.46999979019165,4862,0.0,0.0
2023-04-20 15:30:00-04:00,6.420000076293945,6.420000076293945,6.28000020980835,6.420000076293945,502,0.0,0.0
2023-04-21 09:30:00-04:00,6.329999923706055,6.519999980926514,6.309999942779541,6.3242998123168945,0,0.0,0.0
2023-04-21 10:30:00-04:00,6.400000095367432,6.420000076293945,6.400000095367432,6.420000076293945,11232,0.0,0.0
2023-04-21 11:30:00-04:00,6.260000228881836,6.260000228881836,6.210000038146973,6.210000038146973,950,0.0,0.0
2023-04-21 12:30:00-04:00,6.199999809265137,6.199999809265137,6.199999809265137,6.199999809265137,795,0.0,0.0
2023-04-21 13:30:00-04:00,6.199999809265137,6.199999809265137,6.199999809265137,6.199999809265137,290,0.0,0.0
2023-04-21 15:30:00-04:00,6.21999979019165,6.21999979019165,6.150000095367432,6.150000095367432,0,0.0,0.0
2023-04-24 09:30:00-04:00,6.130000114440918,6.289999961853027,6.130000114440918,6.239999771118164,8896,0.0,0.0
2023-04-24 10:30:00-04:00,6.230000019073486,6.289999961853027,6.150000095367432,6.25,10084,0.0,0.0
2023-04-24 11:30:00-04:00,6.179999828338623,6.25,6.125,6.150000095367432,9967,0.0,0.0
2023-04-24 12:30:00-04:00,6.179999828338623,6.239999771118164,6.150000095367432,6.150000095367432,5192,0.0,0.0
2023-04-24 14:30:00-04:00,6.159999847412109,6.369999885559082,6.159999847412109,6.369999885559082,1831,0.0,0.0
2023-04-24 15:30:00-04:00,6.170000076293945,6.349999904632568,6.150000095367432,6.179999828338623,0,0.0,0.0
2023-04-25 09:30:00-04:00,6.179999828338623,6.309999942779541,6.179999828338623,6.309999942779541,0,0.0,0.0
2023-04-25 10:30:00-04:00,6.21999979019165,6.539999961853027,6.110000133514404,6.539999961853027,18501,0.0,0.0
2023-04-25 11:30:00-04:00,6.25,6.420000076293945,6.21999979019165,6.329999923706055,0,0.0,0.0
2023-04-25 14:30:00-04:00,6.239999771118164,6.239999771118164,6.199999809265137,6.199999809265137,25278,0.0,0.0
2023-04-25 15:30:00-04:00,6.210000038146973,6.21999979019165,6.170000076293945,6.210000038146973,0,0.0,0.0
2023-04-26 09:30:00-04:00,6.269999980926514,6.550000190734863,6.230000019073486,6.230000019073486,7416,0.0,0.0
2023-04-26 10:30:00-04:00,6.230000019073486,6.260000228881836,6.21999979019165,6.260000228881836,1813,0.0,0.0
2023-04-26 11:30:00-04:00,6.28000020980835,6.289999961853027,6.28000020980835,6.289999961853027,1595,0.0,0.0
2023-04-26 12:30:00-04:00,6.324999809265137,6.400000095367432,6.324999809265137,6.380000114440918,0,0.0,0.0
2023-04-26 14:30:00-04:00,6.289999961853027,6.420000076293945,6.269999980926514,6.28000020980835,15758,0.0,0.0
2023-04-26 15:30:00-04:00,6.2993998527526855,6.369999885559082,6.260000228881836,6.369999885559082,752,0.0,0.0
2023-04-27 09:30:00-04:00,6.269999980926514,6.349999904632568,6.119999885559082,6.199999809265137,0,0.0,0.0
2023-04-27 12:30:00-04:00,6.260000228881836,6.260000228881836,6.21999979019165,6.21999979019165,22409,0.0,0.0
2023-04-27 13:30:00-04:00,6.199999809265137,6.199999809265137,6.199999809265137,6.199999809265137,199,0.0,0.0
2023-04-27 14:30:00-04:00,6.199999809265137,6.210000038146973,6.190000057220459,6.210000038146973,1919,0.0,0.0
2023-04-27 15:30:00-04:00,6.21999979019165,6.28000020980835,6.150000095367432,6.28000020980835,0,0.0,0.0
2023-04-28 09:30:00-04:00,6.269999980926514,6.659999847412109,6.25,6.550000190734863,14932,0.0,0.0
2023-04-28 10:30:00-04:00,6.289999961853027,6.357500076293945,6.25,6.25,3213,0.0,0.0
2023-04-28 11:30:00-04:00,6.300000190734863,6.369999885559082,6.300000190734863,6.369999885559082,303,0.0,0.0
2023-04-28 12:30:00-04:00,6.400000095367432,6.420000076293945,6.25,6.360000133514404,401,0.0,0.0
2023-04-28 13:30:00-04:00,6.340000152587891,6.340000152587891,6.340000152587891,6.340000152587891,2541,0.0,0.0
2023-04-28 15:30:00-04:00,6.269999980926514,6.349999904632568,6.210000038146973,6.349999904632568,1666,0.0,0.0
2023-05-01 09:30:00-04:00,6.300000190734863,6.300000190734863,6.300000190734863,6.300000190734863,0,0.0,0.0
2023-05-01 13:30:00-04:00,6.28000020980835,6.460000038146973,6.269999980926514,6.269999980926514,2043,0.0,0.0
2023-05-01 14:30:00-04:00,6.28000020980835,6.389999866485596,6.190000057220459,6.239999771118164,3710,0.0,0.0
2023-05-01 15:30:00-04:00,6.210000038146973,6.210000038146973,6.210000038146973,6.210000038146973,399,0.0,0.0
2023-05-02 09:30:00-04:00,6.190000057220459,6.28000020980835,6.070000171661377,6.070000171661377,3438,0.0,0.0
2023-05-02 10:30:00-04:00,6.159999847412109,6.159999847412109,6.159999847412109,6.159999847412109,578,0.0,0.0
2023-05-02 12:30:00-04:00,6.170000076293945,6.21999979019165,6.170000076293945,6.21999979019165,1644,0.0,0.0
2023-05-02 13:30:00-04:00,6.21999979019165,6.400000095367432,6.199999809265137,6.400000095367432,3931,0.0,0.0
2023-05-02 14:30:00-04:00,6.28000020980835,6.300000190734863,6.230000019073486,6.230000019073486,2831,0.0,0.0
2023-05-02 15:30:00-04:00,6.28000020980835,6.320000171661377,6.179999828338623,6.320000171661377,0,0.0,0.0
2023-05-03 09:30:00-04:00,6.210000038146973,6.260000228881836,6.210000038146973,6.260000228881836,1678,0.0,0.0
2023-05-03 10:30:00-04:00,6.239999771118164,6.239999771118164,6.239999771118164,6.239999771118164,1163,0.0,0.0
2023-05-03 11:30:00-04:00,6.230000019073486,6.230000019073486,6.130000114440918,6.170000076293945,7251,0.0,0.0
2023-05-03 12:30:00-04:00,6.15500020980835,6.15500020980835,6.130000114440918,6.130000114440918,949,0.0,0.0
2023-05-03 13:30:00-04:00,6.150000095367432,6.150000095367432,6.119999885559082,6.150000095367432,2604,0.0,0.0
2023-05-03 15:30:00-04:00,6.130000114440918,6.329999923706055,6.130000114440918,6.329999923706055,4653,0.0,0.0
2023-05-04 09:30:00-04:00,6.21999979019165,6.389999866485596,6.190000057220459,6.389999866485596,0,0.0,0.0
2023-05-04 10:30:00-04:00,6.199999809265137,6.389999866485596,6.199999809265137,6.369999885559082,4674,0.0,0.0
2023-05-04 11:30:00-04:00,6.217100143432617,6.369999885559082,6.217100143432617,6.369999885559082,1447,0.0,0.0
2023-05-04 12:30:00-04:00,6.199999809265137,6.199999809265137,6.199999809265137,6.199999809265137,2309,0.0,0.0
2023-05-04 14:30:00-04:00,6.25,6.25,6.119999885559082,6.159999847412109,1178,0.0,0.0
2023-05-04 15:30:00-04:00,6.150000095367432,6.210000038146973,6.139999866485596,6.210000038146973,996,0.0,0.0
2023-05-05 09:30:00-04:00,6.260000228881836,6.260000228881836,6.260000228881836,6.260000228881836,1635,0.0,0.0
2023-05-05 10:30:00-04:00,6.320000171661377,6.320000171661377,6.289999961853027,6.289999961853027,1400,0.0,0.0
2023-05-05 11:30:00-04:00,6.28000020980835,6.28000020980835,6.28000020980835,6.28000020980835,251,0.0,0.0
2023-05-05 12:30:00-04:00,6.25,6.269999980926514,6.210000038146973,6.210000038146973,0,0.0,0.0
2023-05-05 13:30:00-04:00,6.199999809265137,6.28000020980835,6.190000057220459,6.28000020980835,8829,0.0,0.0
2023-05-05 14:30:00-04:00,6.28000020980835,6.289999961853027,6.199999809265137,6.199999809265137,2340,0.0,0.0
2023-05-05 15:30:00-04:00,6.179999828338623,6.179999828338623,6.179999828338623,6.179999828338623,0,0.0,0.0
2023-05-08 09:30:00-04:00,6.260000228881836,6.269999980926514,6.260000228881836,6.260000228881836,608,0.0,0.0
2023-05-08 10:30:00-04:00,6.25,6.260000228881836,6.139999866485596,6.170000076293945,0,0.0,0.0
2023-05-08 11:30:00-04:00,6.199999809265137,6.199999809265137,6.199999809265137,6.199999809265137,0,0.0,0.0
2023-05-08 12:30:00-04:00,6.170000076293945,6.179999828338623,6.170000076293945,6.179999828338623,7905,0.0,0.0
2023-05-08 13:30:00-04:00,6.159999847412109,6.239999771118164,6.139999866485596,6.190000057220459,0,0.0,0.0
2023-05-08 15:30:00-04:00,6.21999979019165,6.300000190734863,6.179999828338623,6.300000190734863,1,0.0,0.0
2023-05-09 09:30:00-04:00,6.349999904632568,6.360000133514404,6.199999809265137,6.340000152587891,3058,0.0,0.0
2023-05-09 10:30:00-04:00,6.289999961853027,6.309999942779541,6.289999961853027,6.309999942779541,583,0.0,0.0
2023-05-09 11:30:00-04:00,6.329999923706055,6.329999923706055,6.329999923706055,6.329999923706055,1007,0.0,0.0
2023-05-09 12:30:00-04:00,6.309999942779541,6.329999923706055,6.309999942779541,6.329999923706055,300,0.0,0.0
2023-05-09 13:30:00-04:00,6.320000171661377,6.349999904632568,6.320000171661377,6.349999904632568,1960,0.0,0.0
2023-05-09 14:30:00-04:00,6.210000038146973,6.35099983215332,6.199999809265137,6.35099983215332,3792,0.0,0.0
2023-05-09 15:30:00-04:00,6.320000171661377,6.329999923706055,6.159999847412109,6.300000190734863,2051,0.0,0.0
2023-05-10 10:30:00-04:00,6.28000020980835,6.289999961853027,6.210000038146973,6.210000038146973,1735,0.0,0.0
2023-05-10 11:30:00-04:00,6.159999847412109,6.170000076293945,6.139999866485596,6.159999847412109,3605,0.0,0.0
2023-05-10 12:30:00-04:00,6.170000076293945,6.170000076293945,6.164999961853027,6.170000076293945,2513,0.0,0.0
2023-05-10 13:30:00-04:00,6.170000076293945,6.179999828338623,6.170000076293945,6.179999828338623,326,0.0,0.0
2023-05-10 14:30:00-04:00,6.309999942779541,6.309999942779541,6.25,6.25,207,0.0,0.0
2023-05-10 15:30:00-04:00,6.230000019073486,6.25,6.150000095367432,6.25,0,0.0,0.0
2023-05-11 09:30:00-04:00,6.25,6.269999980926514,6.162199974060059,6.162199974060059,3423,0.0,0.0
2023-05-11 10:30:00-04:00,6.199999809265137,6.199999809265137,6.199999809265137,6.199999809265137,167,0.0,0.0
2023-05-11 11:30:00-04:00,6.230000019073486,6.230000019073486,6.135000228881836,6.175000190734863,3321,0.0,0.0
2023-05-11 12:30:00-04:00,6.210000038146973,6.210000038146973,6.210000038146973,6.210000038146973,0,0.0,0.0
2023-05-11 13:30:00-04:00,6.230000019073486,6.230000019073486,6.150000095367432,6.150000095367432,7611,0.0,0.0
2023-05-11 14:30:00-04:00,6.159999847412109,6.179999828338623,6.130000114440918,6.179999828338623,5301,0.0,0.0
2023-05-11 15:30:00-04:00,6.159999847412109,6.230000019073486,6.150000095367432,6.230000019073486,0,0.0,0.0
2023-05-12 09:30:00-04:00,6.179999828338623,6.210000038146973,6.159999847412109,6.190000057220459,8250,0.0,0.0
2023-05-12 10:30:00-04:00,6.21999979019165,6.21999979019165,6.139999866485596,6.190000057220459,5781,0.0,0.0
2023-05-12 11:30:00-04:00,6.210000038146973,6.21999979019165,6.210000038146973,6.21999979019165,252,0.0,0.0
2023-05-12 12:30:00-04:00,6.230000019073486,6.230000019073486,6.230000019073486,6.230000019073486,104,0.0,0.0
2023-05-12 13:30:00-04:00,6.210000038146973,6.210000038146973,6.210000038146973,6.210000038146973,136,0.0,0.0
2023-05-12 15:30:00-04:00,6.159999847412109,6.191500186920166,6.139999866485596,6.191500186920166,768,0.0,0.0
2023-05-15 09:30:00-04:00,6.190000057220459,6.210000038146973,6.139999866485596,6.150000095367432,0,0.0,0.0
2023-05-15 10:30:00-04:00,6.199999809265137,6.199999809265137,6.199999809265137,6.199999809265137,250,0.0,0.0
2023-05-15 11:30:00-04:00,6.210000038146973,6.210000038146973,6.070000171661377,6.070000171661377,242,0.0,0.0
2023-05-15 12:30:00-04:00,6.210000038146973,6.210000038146973,6.210000038146973,6.210000038146973,203,0.0,0.0
2023-05-15 14:30:00-04:00,6.179999828338623,6.179999828338623,6.179999828338623,6.179999828338623,101,0.0,0.0
2023-05-15 15:30:00-04:00,6.159999847412109,6.289999961853027,6.119999885559082,6.289999961853027,4870,0.0,0.0
2023-05-16 09:30:00-04:00,6.190000057220459,6.260000228881836,6.190000057220459,6.25,2979,0.0,0.0
2023-05-16 11:30:00-04:00,6.28000020980835,6.300000190734863,6.28000020980835,6.300000190734863,600,0.0,0.0
2023-05-16 12:30:00-04:00,6.300000190734863,6.300000190734863,6.300000190734863,6.300000190734863,300,0.0,0.0
2023-05-16 13:30:00-04:00,6.25,6.269999980926514,6.210000038146973,6.210000038146973,3548,0.0,0.0
2023-05-16 14:30:00-04:00,6.199999809265137,6.300000190734863,6.190000057220459,6.300000190734863,2540,0.0,0.0
2023-05-16 15:30:00-04:00,6.230000019073486,6.230000019073486,6.230000019073486,6.230000019073486,109,0.0,0.0
2023-05-17 09:30:00-04:00,6.28000020980835,6.300000190734863,6.28000020980835,6.300000190734863,0,0.0,0.0
2023-05-17 10:30:00-04:00,6.28000020980835,6.28000020980835,6.210000038146973,6.21999979019165,758,0.0,0.0
2023-05-17 11:30:00-04:00,6.210000038146973,6.260000228881836,6.210000038146973,6.260000228881836,4802,0.0,0.0
2023-05-17 13:30:00-04:00,6.239999771118164,6.25,6.239999771118164,6.25,525,0.0,0.0
2023-05-17 14:30:00-04:00,6.25,6.25,6.25,6.25,2357,0.0,0.0
2023-05-17 15:30:00-04:00,6.25,6.25,6.25,6.25,0,0.0,0.0
2023-05-18 09:30:00-04:00,6.13070011138916,6.230000019073486,6.13070011138916,6.230000019073486,520,0.0,0.0
2023-05-18 10:30:00-04:00,6.239999771118164,6.239999771118164,6.199999809265137,6.239999771118164,920,0.0,0.0
2023-05-18 11:30:00-04:00,6.239999771118164,6.239999771118164,6.239999771118164,6.239999771118164,602,0.0,0.0
2023-05-18 12:30:00-04:00,6.239999771118164,6.239999771118164,6.239999771118164,6.239999771118164,4305,0.0,0.0
2023-05-18 13:30:00-04:00,6.239999771118164,6.239999771118164,6.150000095367432,6.230000019073486,0,0.0,0.0
2023-05-18 14:30:00-04:00,6.210000038146973,6.210000038146973,6.210000038146973,6.210000038146973,184,0.0,0.0
2023-05-19 09:30:00-04:00,6.229000091552734,6.229000091552734,6.179999828338623,6.190000057220459,12906,0.0,0.0
2023-05-19 11:30:00-04:00,6.199999809265137,6.199999809265137,6.199999809265137,6.199999809265137,1027,0.0,0.0
2023-05-19 13:30:00-04:00,6.269999980926514,6.269999980926514,6.269999980926514,6.269999980926514,122,0.0,0.0
2023-05-19 14:30:00-04:00,6.25,6.25,6.25,6.25,133,0.0,0.0
2023-05-19 15:30:00-04:00,6.28000020980835,6.28000020980835,6.28000020980835,6.28000020980835,0,0.0,0.0
2023-05-22 10:30:00-04:00,6.190000057220459,6.260700225830078,6.190000057220459,6.238500118255615,9860,0.0,0.0
2023-05-22 11:30:00-04:00,6.230000019073486,6.230000019073486,6.230000019073486,6.230000019073486,102,0.0,0.0
2023-05-22 13:30:00-04:00,6.25,6.25,6.170000076293945,6.170000076293945,2127,0.0,0.0
2023-05-22 14:30:00-04:00,6.210000038146973,6.21999979019165,6.210000038146973,6.210000038146973,0,0.0,0.0
2023-05-22 15:30:00-04:00,6.300000190734863,6.300000190734863,6.300000190734863,6.300000190734863,820,0.0,0.0
2023-05-23 09:30:00-04:00,6.286900043487549,6.286900043487549,6.286900043487549,6.286900043487549,982,0.0,0.0
2023-05-23 10:30:00-04:00,6.25,6.269999980926514,6.25,6.269999980926514,0,0.0,0.0
2023-05-23 12:30:00-04:00,6.239999771118164,6.269999980926514,6.239999771118164,6.269999980926514,2906,0.0,0.0
2023-05-23 13:30:00-04:00,6.269999980926514,6.289999961853027,6.269999980926514,6.269999980926514,3926,0.0,0.0
2023-05-23 14:30:00-04:00,6.25,6.269999980926514,6.25,6.269999980926514,3488,0.0,0.0
2023-05-23 15:30:00-04:00,6.269999980926514,6.269999980926514,6.269999980926514,6.269999980926514,0,0.0,0.0
2023-05-24 09:30:00-04:00,6.340000152587891,6.480000019073486,6.199999809265137,6.239999771118164,3211,0.0,0.0
2023-05-24 12:30:00-04:00,6.25,6.25,6.199999809265137,6.210000038146973,1214,0.0,0.0
2023-05-24 13:30:00-04:00,6.215400218963623,6.309999942779541,6.211599826812744,6.309999942779541,0,0.0,0.0
2023-05-25 09:30:00-04:00,6.289999961853027,6.331699848175049,6.269999980926514,6.331699848175049,4426,0.0,0.0
2023-05-25 10:30:00-04:00,6.239999771118164,6.239999771118164,6.199999809265137,6.199999809265137,1793,0.0,0.0
2023-05-25 11:30:00-04:00,6.179999828338623,6.349999904632568,6.110000133514404,6.28000020980835,9917,0.0,0.0
2023-05-25 13:30:00-04:00,6.21999979019165,6.21999979019165,6.21999979019165,6.21999979019165,767,0.0,0.0
2023-05-25 14:30:00-04:00,6.199999809265137,6.199999809265137,6.199999809265137,6.199999809265137,344,0.0,0.0
2023-05-25 15:30:00-04:00,6.190000057220459,6.249499797821045,6.179999828338623,6.249499797821045,0,0.0,0.0
2023-05-26 09:30:00-04:00,6.21999979019165,6.21999979019165,6.210000038146973,6.210000038146973,2968,0.0,0.0
2023-05-26 10:30:00-04:00,6.21999979019165,6.389999866485596,6.130000114440918,6.389999866485596,6410,0.0,0.0
2023-05-26 11:30:00-04:00,6.199999809265137,6.309999942779541,6.199999809265137,6.309999942779541,2206,0.0,0.0
2023-05-26 12:30:00-04:00,6.210000038146973,6.300000190734863,6.210000038146973,6.289999961853027,0,0.0,0.0
2023-05-26 13:30:00-04:00,6.349899768829346,6.349899768829346,6.239999771118164,6.239999771118164,15407,0.0,0.0
2023-05-26 14:30:00-04:00,6.210000038146973,6.210000038146973,6.179999828338623,6.179999828338623,608,0.0,0.0
2023-05-26 15:30:00-04:00,6.190000057220459,6.190000057220459,6.190000057220459,6.190000057220459,116,0.0,0.0
2023-05-30 09:30:00-04:00,6.170000076293945,6.199999809265137,6.170000076293945,6.199999809265137,2509,0.0,0.0
2023-05-30 10:30:00-04:00,6.21999979019165,6.28000020980835,6.170000076293945,6.179999828338623,7695,0.0,0.0
2023-05-30 11:30:00-04:00,6.190000057220459,6.190000057220459,6.190000057220459,6.190000057220459,200,0.0,0.0
2023-05-30 12:30:00-04:00,6.199999809265137,6.269999980926514,6.199999809265137,6.269999980926514,200,0.0,0.0
2023-05-30 13:30:00-04:00,6.199999809265137,6.300000190734863,6.150000095367432,6.300000190734863,4348,0.0,0.0
2023-05-30 14:30:00-04:00,6.190000057220459,6.21999979019165,6.179999828338623,6.199999809265137,3219,0.0,0.0
2023-05-30 15:30:00-04:00,6.179999828338623,6.179999828338623,6.179999828338623,6.179999828338623,0,0.0,0.0
2023-05-31 09:30:00-04:00,6.21999979019165,6.21999979019165,6.190000057220459,6.210000038146973,2913,0.0,0.0
2023-05-31 11:30:00-04:00,6.258800029754639,6.258800029754639,6.258800029754639,6.258800029754639,100,0.0,0.0
2023-05-31 12:30:00-04:00,6.230000019073486,6.300000190734863,6.21999979019165,6.220099925994873,3265,0.0,0.0
2023-05-31 13:30:00-04:00,6.210000038146973,6.210000038146973,6.110000133514404,6.199999809265137,11888,0.0,0.0
2023-05-31 14:30:00-04:00,6.210000038146973,6.221700191497803,6.179999828338623,6.179999828338623,2849,0.0,0.0
2023-05-31 15:30:00-04:00,6.179999828338623,6.269999980926514,6.179999828338623,6.269999980926514,0,0.0,0.0
2023-06-01 09:30:00-04:00,6.210000038146973,6.339000225067139,6.190000057220459,6.21999979019165,4118,0.0,0.0
2023-06-01 10:30:00-04:00,6.190000057220459,6.21999979019165,6.179999828338623,6.21999979019165,3931,0.0,0.0
2023-06-01 11:30:00-04:00,6.21999979019165,6.21999979019165,6.190000057220459,6.190000057220459,0,0.0,0.0
2023-06-01 12:30:00-04:00,6.173999786376953,6.190000057220459,6.173999786376953,6.190000057220459,9077,0.0,0.0
2023-06-01 14:30:00-04:00,6.130000114440918,6.230000019073486,6.130000114440918,6.230000019073486,3592,0.0,0.0
2023-06-01 15:30:00-04:00,6.210000038146973,6.28000020980835,6.190000057220459,6.28000020980835,625,0.0,0.0
2023-06-02 09:30:00-04:00,6.230000019073486,6.2555999755859375,6.230000019073486,6.230000019073486,0,0.0,0.0
2023-06-02 10:30:00-04:00,6.230000019073486,6.2403998374938965,6.21999979019165,6.230000019073486,537,0.0,0.0
2023-06-02 11:30:00-04:00,6.189799785614014,6.239999771118164,6.15500020980835,6.230000019073486,5169,0.0,0.0
2023-06-02 13:30:00-04:00,6.179999828338623,6.199999809265137,6.179999828338623,6.199999809265137,305,0.0,0.0
2023-06-02 14:30:00-04:00,6.199999809265137,6.239999771118164,6.190000057220459,6.199999809265137,4046,0.0,0.0
2023-06-02 15:30:00-04:00,6.130000114440918,6.28000020980835,6.130000114440918,6.28000020980835,1176,0.0,0.0
2023-06-05 09:30:00-04:00,6.269999980926514,6.269999980926514,6.269999980926514,6.269999980926514,0,0.0,0.0
2023-06-05 10:30:00-04:00,6.239999771118164,6.25,6.139999866485596,6.199999809265137,6937,0.0,0.0
2023-06-05 11:30:00-04:00,6.199999809265137,6.210000038146973,6.139999866485596,6.210000038146973,827,0.0,0.0
2023-06-05 12:30:00-04:00,6.199999809265137,6.21999979019165,6.199999809265137,6.21999979019165,4522,0.0,0.0
2023-06-05 13:30:00-04:00,6.199999809265137,6.199999809265137,6.199999809265137,6.199999809265137,100,0.0,0.0
2023-06-05 14:30:00-04:00,6.210000038146973,6.210000038146973,6.170000076293945,6.210000038146973,2247,0.0,0.0
2023-06-05 15:30:00-04:00,6.210000038146973,6.28000020980835,6.210000038146973,6.28000020980835,1624,0.0,0.0
2023-06-06 09:30:00-04:00,6.260000228881836,6.480000019073486,6.260000228881836,6.349999904632568,0,0.0,0.0
2023-06-06 10:30:00-04:00,6.300000190734863,6.380000114440918,6.300000190734863,6.380000114440918,1267,0.0,0.0
2023-06-06 12:30:00-04:00,6.304999828338623,6.349999904632568,6.28000020980835,6.28000020980835,2637,0.0,0.0
2023-06-06 13:30:00-04:00,6.289999961853027,6.289999961853027,6.289999961853027,6.289999961853027,146,0.0,0.0
2023-06-06 15:30:00-04:00,6.230000019073486,6.25,6.199999809265137,6.199999809265137,708,0.0,0.0
2023-06-07 10:30:00-04:00,6.21999979019165,6.230000019073486,6.179999828338623,6.210000038146973,2901,0.0,0.0
2023-06-07 11:30:00-04:00,6.210000038146973,6.21999979019165,6.210000038146973,6.21999979019165,2300,0.0,0.0
2023-06-07 12:30:00-04:00,6.21999979019165,6.21999979019165,6.190000057220459,6.190000057220459,1104,0.0,0.0
2023-06-07 13:30:00-04:00,6.260000228881836,6.340000152587891,6.210000038146973,6.260000228881836,2251,0.0,0.0
2023-06-07 15:30:00-04:00,6.260000228881836,6.269999980926514,6.260000228881836,6.260000228881836,0,0.0,0.0
2023-06-08 09:30:00-04:00,6.25,6.25,6.25,6.25,250,0.0,0.0
2023-06-08 10:30:00-04:00,6.260000228881836,6.260000228881836,6.175000190734863,6.199999809265137,3194,0.0,0.0
2023-06-08 11:30:00-04:00,6.239999771118164,6.260000228881836,6.239999771118164,6.260000228881836,1561,0.0,0.0
2023-06-08 13:30:00-04:00,6.25,6.269999980926514,6.25,6.269999980926514,745,0.0,0.0
2023-06-08 14:30:00-04:00,6.260000228881836,6.320000171661377,6.260000228881836,6.320000171661377,8211,0.0,0.0
2023-06-08 15:30:00-04:00,6.320000171661377,6.380000114440918,6.320000171661377,6.380000114440918,2300,0.0,0.0
2023-06-09 09:30:00-04:00,6.369999885559082,6.489999771118164,6.320000171661377,6.320000171661377,0,0.0,0.0
2023-06-09 10:30:00-04:00,6.320000171661377,6.489999771118164,6.320000171661377,6.489999771118164,1685,0.0,0.0
2023-06-09 11:30:00-04:00,6.320000171661377,6.460000038146973,6.309999942779541,6.460000038146973,1168,0.0,0.0
2023-06-09 12:30:00-04:00,6.46999979019165,6.46999979019165,6.26800012588501,6.349999904632568,3850,0.0,0.0
2023-06-09 13:30:00-04:00,6.311999797821045,6.311999797821045,6.309999942779541,6.310100078582764,634,0.0,0.0
2023-06-09 14:30:00-04:00,6.300000190734863,6.309999942779541,6.289999961853027,6.300000190734863,1193,0.0,0.0
2023-06-09 15:30:00-04:00,6.300000190734863,6.309999942779541,6.210000038146973,6.210000038146973,745,0.0,0.0
2023-06-12 09:30:00-04:00,6.210000038146973,6.269999980926514,6.210000038146973,6.21999979019165,1022,0.0,0.0
2023-06-12 10:30:00-04:00,6.269999980926514,6.269999980926514,6.210000038146973,6.210000038146973,1370,0.0,0.0
2023-06-12 11:30:00-04:00,6.25,6.289999961853027,6.210000038146973,6.21999979019165,3610,0.0,0.0
2023-06-12 12:30:00-04:00,6.28000020980835,6.28000020980835,6.21999979019165,6.28000020980835,2355,0.0,0.0
2023-06-12 13:30:00-04:00,6.289999961853027,6.289999961853027,6.230000019073486,6.239999771118164,2206,0.0,0.0
2023-06-12 14:30:00-04:00,6.289999961853027,6.289999961853027,6.28000020980835,6.28000020980835,0,0.0,0.0
2023-06-13 09:30:00-04:00,6.28000020980835,6.420000076293945,6.239999771118164,6.239999771118164,13512,0.0,0.0
2023-06-13 10:30:00-04:00,6.25,6.25,6.239999771118164,6.25,1252,0.0,0.0
2023-06-13 11:30:00-04:00,6.25,6.25,6.239999771118164,6.25,1500,0.0,0.0
2023-06-13 12:30:00-04:00,6.239999771118164,6.25,6.239999771118164,6.25,4942,0.0,0.0
2023-06-13 14:30:00-04:00,6.28000020980835,6.28000020980835,6.242800235748291,6.260000228881836,0,0.0,0.0
2023-06-14 09:30:00-04:00,6.25,6.289999961853027,6.230000019073486,6.28000020980835,5780,0.0,0.0
2023-06-14 10:30:00-04:00,6.349999904632568,6.349999904632568,6.340000152587891,6.340000152587891,575,0.0,0.0
2023-06-14 12:30:00-04:00,6.349999904632568,6.360000133514404,6.349999904632568,6.349999904632568,4273,0.0,0.0
2023-06-14 15:30:00-04:00,6.28000020980835,6.28000020980835,6.28000020980835,6.28000020980835,0,0.0,0.0
2023-06-15 09:30:00-04:00,6.449999809265137,6.449999809265137,6.28000020980835,6.409999847412109,3478,0.0,0.0
2023-06-15 10:30:00-04:00,6.309999942779541,6.309999942779541,6.309999942779541,6.309999942779541,220,0.0,0.0
2023-06-15 11:30:00-04:00,6.389999866485596,6.400000095367432,6.300000190734863,6.400000095367432,3480,0.0,0.0
2023-06-15 12:30:00-04:00,6.389999866485596,6.409900188446045,6.389999866485596,6.409900188446045,450,0.0,0.0
2023-06-15 13:30:00-04:00,6.377999782562256,6.409999847412109,6.369999885559082,6.409999847412109,5842,0.0,0.0
2023-06-15 15:30:00-04:00,6.418000221252441,6.418000221252441,6.418000221252441,6.418000221252441,0,0.0,0.0
2023-06-16 09:30:00-04:00,6.449999809265137,6.449999809265137,6.369999885559082,6.429999828338623,3284,0.0,0.0
2023-06-16 10:30:00-04:00,6.320000171661377,6.460000038146973,6.320000171661377,6.460000038146973,4664,0.0,0.0
2023-06-16 11:30:00-04:00,6.409999847412109,6.590000152587891,6.402200222015381,6.463099956512451,999,0.0,0.0
2023-06-16 12:30:00-04:00,6.590000152587891,6.610000133514404,6.460000038146973,6.460000038146973,1623,0.0,0.0
2023-06-16 14:30:00-04:00,6.4679999351501465,6.510000228881836,6.349999904632568,6.429999828338623,2201,0.0,0.0
2023-06-20 09:30:00-04:00,6.429999828338623,6.699999809265137,6.429999828338623,6.53000020980835,10407,0.0,0.0
2023-06-20 10:30:00-04:00,6.570000171661377,6.570000171661377,6.570000171661377,6.570000171661377,1400,0.0,0.0
2023-06-20 11:30:00-04:00,6.590000152587891,6.800000190734863,6.590000152587891,6.71999979019165,6775,0.0,0.0
2023-06-20 12:30:00-04:00,6.75,6.760000228881836,6.458799839019775,6.519999980926514,5412,0.0,0.0
2023-06-20 13:30:00-04:00,6.599999904632568,6.599999904632568,6.599999904632568,6.599999904632568,0,0.0,0.0
2023-06-21 09:30:00-04:00,6.630000114440918,6.630000114440918,6.630000114440918,6.630000114440918,0,0.0,0.0
2023-06-21 10:30:00-04:00,6.650000095367432,6.690000057220459,6.650000095367432,6.688499927520752,2051,0.0,0.0
2023-06-21 11:30:00-04:00,6.739999771118164,6.739999771118164,6.579999923706055,6.610000133514404,9386,0.0,0.0
2023-06-21 12:30:00-04:00,6.570000171661377,6.619999885559082,6.570000171661377,6.597499847412109,2033,0.0,0.0
2023-06-21 13:30:00-04:00,6.619999885559082,6.639999866485596,6.619999885559082,6.639999866485596,0,0.0,0.0
2023-06-22 09:30:00-04:00,6.619999885559082,6.760000228881836,6.425000190734863,6.760000228881836,5872,0.0,0.0
2023-06-22 10:30:00-04:00,6.78000020980835,6.800000190734863,6.599999904632568,6.679999828338623,8853,0.0,0.0
2023-06-22 11:30:00-04:00,6.71999979019165,6.71999979019165,6.71999979019165,6.71999979019165,100,0.0,0.0
2023-06-22 12:30:00-04:00,6.730000019073486,6.730000019073486,6.690000057220459,6.710000038146973,647,0.0,0.0
2023-06-22 13:30:00-04:00,6.75,6.75,6.699999809265137,6.699999809265137,472,0.0,0.0
2023-06-22 14:30:00-04:00,6.699999809265137,6.699999809265137,6.699999809265137,6.699999809265137,0,0.0,0.0
2023-06-23 09:30:00-04:00,6.710000038146973,6.800000190734863,6.510000228881836,6.510000228881836,28419,0.0,0.0
2023-06-23 11:30:00-04:00,6.699999809265137,6.699999809265137,6.699999809265137,6.699999809265137,104,0.0,0.0
2023-06-23 12:30:00-04:00,6.670000076293945,6.670000076293945,6.630000114440918,6.670000076293945,2425,0.0,0.0
2023-06-23 13:30:00-04:00,6.639999866485596,6.659999847412109,6.639999866485596,6.659999847412109,323,0.0,0.0
2023-06-23 15:30:00-04:00,6.659999847412109,6.670000076293945,6.579999923706055,6.670000076293945,890,0.0,0.0
2023-06-26 09:30:00-04:00,6.690000057220459,7.025599956512451,6.671000003814697,6.789999961853027,0,0.0,0.0
2023-06-26 10:30:00-04:00,6.730000019073486,6.730000019073486,6.730000019073486,6.730000019073486,110,0.0,0.0
2023-06-26 12:30:00-04:00,6.800000190734863,6.800000190734863,6.760000228881836,6.760000228881836,1251,0.0,0.0
2023-06-26 15:30:00-04:00,6.78000020980835,6.859899997711182,6.78000020980835,6.859899997711182,1398,0.0,0.0
2023-06-27 09:30:00-04:00,6.71999979019165,6.880000114440918,6.699999809265137,6.880000114440918,1957,0.0,0.0
2023-06-27 10:30:00-04:00,6.842700004577637,6.894999980926514,6.809999942779541,6.869999885559082,3208,0.0,0.0
2023-06-27 11:30:00-04:00,6.840000152587891,6.900000095367432,6.840000152587891,6.900000095367432,1220,0.0,0.0
2023-06-27 12:30:00-04:00,6.940000057220459,6.960000038146973,6.940000057220459,6.960000038146973,900,0.0,0.0
2023-06-27 13:30:00-04:00,6.960000038146973,6.960000038146973,6.940000057220459,6.949999809265137,1388,0.0,0.0
2023-06-27 14:30:00-04:00,6.940000057220459,6.980000019073486,6.940000057220459,6.965000152587891,1866,0.0,0.0
2023-06-27 15:30:00-04:00,6.980000019073486,6.980000019073486,6.980000019073486,6.980000019073486,0,0.0,0.0
2023-06-28 09:30:00-04:00,6.739999771118164,6.75,6.519499778747559,6.680200099945068,10458,0.0,0.0
2023-06-28 10:30:00-04:00,6.679999828338623,6.679999828338623,6.679999828338623,6.679999828338623,784,0.0,0.0
2023-06-28 11:30:00-04:00,6.75,6.920000076293945,6.75,6.880000114440918,0,0.0,0.0
2023-06-28 15:30:00-04:00,6.739999771118164,6.800000190734863,6.739999771118164,6.800000190734863,13590,0.0,0.0
2023-06-29 09:30:00-04:00,6.860000133514404,7.199999809265137,6.849999904632568,7.119999885559082,14909,0.0,0.0
2023-06-29 10:30:00-04:00,6.960000038146973,6.96999979019165,6.960000038146973,6.96999979019165,340,0.0,0.0
2023-06-29 11:30:00-04:00,7.010000228881836,7.010000228881836,7.010000228881836,7.010000228881836,223,0.0,0.0
2023-06-29 12:30:00-04:00,7.03000020980835,7.038000106811523,7.0,7.0,705,0.0,0.0
2023-06-29 13:30:00-04:00,7.0,7.0,7.0,7.0,100,0.0,0.0
2023-06-29 15:30:00-04:00,7.0,7.0,7.0,7.0,0,0.0,0.0
2023-06-30 09:30:00-04:00,7.110000133514404,7.139999866485596,7.010000228881836,7.019999980926514,5149,0.0,0.0
2023-06-30 10:30:00-04:00,7.03000020980835,7.119999885559082,7.019999980926514,7.090000152587891,2515,0.0,0.0
2023-06-30 12:30:00-04:00,6.960000038146973,6.960000038146973,6.960000038146973,6.960000038146973,200,0.0,0.0
2023-06-30 13:30:00-04:00,6.860099792480469,7.019999980926514,6.860099792480469,7.019999980926514,2604,0.0,0.0
2023-06-30 14:30:00-04:00,7.0,7.059999942779541,7.0,7.059999942779541,661,0.0,0.0
2023-06-30 15:30:00-04:00,7.0,7.059999942779541,6.929999828338623,6.929999828338623,1526,0.0,0.0
2023-07-03 09:30:00-04:00,6.889999866485596,7.019999980926514,6.8790998458862305,7.019999980926514,0,0.0,0.0
2023-07-03 10:30:00-04:00,7.0,7.010000228881836,6.940000057220459,7.010000228881836,7267,0.0,0.0
2023-07-03 11:30:00-04:00,7.019999980926514,7.050000190734863,7.019999980926514,7.050000190734863,601,0.0,0.0
2023-07-03 12:30:00-04:00,7.039999961853027,7.039999961853027,7.039999961853027,7.039999961853027,600,0.0,0.0
2023-07-05 09:30:00-04:00,7.03000020980835,7.039999961853027,7.03000020980835,7.039999961853027,0,0.0,0.0
2023-07-05 10:30:00-04:00,7.079999923706055,7.099999904632568,7.079999923706055,7.090000152587891,5275,0.0,0.0
2023-07-05 11:30:00-04:00,7.090000152587891,7.090000152587891,7.070000171661377,7.070000171661377,1612,0.0,0.0
2023-07-05 12:30:00-04:00,7.090000152587891,7.090000152587891,7.074999809265137,7.074999809265137,200,0.0,0.0
2023-07-05 13:30:00-04:00,7.079999923706055,7.199999809265137,7.070000171661377,7.110000133514404,5100,0.0,0.0
2023-07-05 14:30:00-04:00,7.110000133514404,7.179999828338623,7.110000133514404,7.179999828338623,1400,0.0,0.0
2023-07-05 15:30:00-04:00,7.150000095367432,7.150000095367432,7.110000133514404,7.110000133514404,0,0.0,0.0
2023-07-06 09:30:00-04:00,7.039999961853027,7.059999942779541,7.039999961853027,7.059999942779541,0,0.0,0.0
2023-07-06 10:30:00-04:00,7.119999885559082,7.159999847412109,7.110000133514404,7.159999847412109,8272,0.0,0.0
2023-07-06 11:30:00-04:00,7.119999885559082,7.119999885559082,7.119999885559082,7.119999885559082,105,0.0,0.0
2023-07-06 12:30:00-04:00,7.1579999923706055,7.199999809265137,7.150000095367432,7.199999809265137,3252,0.0,0.0
2023-07-06 13:30:00-04:00,7.135000228881836,7.135000228881836,7.135000228881836,7.135000228881836,100,0.0,0.0
2023-07-06 14:30:00-04:00,7.179999828338623,7.179999828338623,7.179999828338623,7.179999828338623,100,0.0,0.0
2023-07-06 15:30:00-04:00,7.179999828338623,7.179999828338623,7.179999828338623,7.179999828338623,100,0.0,0.0
2023-07-07 09:30:00-04:00,7.170000076293945,7.170000076293945,7.079999923706055,7.119999885559082,5190,0.0,0.0
2023-07-07 10:30:00-04:00,7.079999923706055,7.079999923706055,7.079999923706055,7.079999923706055,231,0.0,0.0
2023-07-07 11:30:00-04:00,7.079999923706055,7.079999923706055,7.079999923706055,7.079999923706055,697,0.0,0.0
2023-07-07 12:30:00-04:00,7.059999942779541,7.099999904632568,7.059999942779541,7.090000152587891,3585,0.0,0.0
2023-07-07 13:30:00-04:00,7.099999904632568,7.110000133514404,7.028200149536133,7.059999942779541,2136,0.0,0.0
2023-07-07 15:30:00-04:00,6.9145002365112305,6.9145002365112305,6.9145002365112305,6.9145002365112305,100,0.0,0.0
2023-07-10 09:30:00-04:00,6.900000095367432,7.139999866485596,6.875,6.989999771118164,11246,0.0,0.0
2023-07-10 10:30:00-04:00,7.0,7.0,7.0,7.0,141,0.0,0.0
2023-07-10 11:30:00-04:00,6.980000019073486,6.980000019073486,6.980000019073486,6.980000019073486,395,0.0,0.0
2023-07-10 15:30:00-04:00,6.949999809265137,7.059999942779541,6.949999809265137,7.059999942779541,393,0.0,0.0
2023-07-11 09:30:00-04:00,7.0,7.0808000564575195,7.0,7.079999923706055,6827,0.0,0.0
2023-07-11 10:30:00-04:00,7.059999942779541,7.059999942779541,7.059999942779541,7.059999942779541,1000,0.0,0.0
2023-07-11 11:30:00-04:00,7.039999961853027,7.039999961853027,7.039999961853027,7.039999961853027,0,0.0,0.0
2023-07-11 13:30:00-04:00,7.059999942779541,7.059999942779541,7.059999942779541,7.059999942779541,10837,0.0,0.0
2023-07-12 09:30:00-04:00,7.050000190734863,7.050000190734863,6.889999866485596,6.949999809265137,0,0.0,0.0
2023-07-12 10:30:00-04:00,7.050000190734863,7.050000190734863,7.050000190734863,7.050000190734863,210,0.0,0.0
2023-07-12 11:30:00-04:00,7.03000020980835,7.050000190734863,6.985000133514404,7.0,0,0.0,0.0
2023-07-12 12:30:00-04:00,6.920000076293945,7.0,6.920000076293945,6.999899864196777,18264,0.0,0.0
2023-07-12 13:30:00-04:00,7.060100078582764,7.060100078582764,6.920000076293945,7.050000190734863,8581,0.0,0.0
2023-07-12 14:30:00-04:00,6.994999885559082,7.050000190734863,6.994999885559082,7.050000190734863,749,0.0,0.0
2023-07-12 15:30:00-04:00,7.050000190734863,7.159999847412109,7.050000190734863,7.150000095367432,0,0.0,0.0
2023-07-13 09:30:00-04:00,7.050000190734863,7.070000171661377,7.050000190734863,7.070000171661377,955,0.0,0.0
2023-07-13 10:30:00-04:00,7.0,7.0,7.0,7.0,401,0.0,0.0
2023-07-13 11:30:00-04:00,7.110000133514404,7.159999847412109,7.110000133514404,7.159999847412109,400,0.0,0.0
2023-07-13 12:30:00-04:00,7.150000095367432,7.179999828338623,7.125,7.179999828338623,8305,0.0,0.0
2023-07-13 15:30:00-04:00,7.150000095367432,7.159999847412109,7.144999980926514,7.144999980926514,496,0.0,0.0
2023-07-14 09:30:00-04:00,7.0,7.0980000495910645,7.0,7.090000152587891,0,0.0,0.0
2023-07-14 10:30:00-04:00,7.050000190734863,7.099999904632568,6.989999771118164,7.071000099182129,0,0.0,0.0
2023-07-14 11:30:00-04:00,7.099999904632568,7.099999904632568,7.082399845123291,7.082399845123291,4978,0.0,0.0
2023-07-14 12:30:00-04:00,7.099999904632568,7.099999904632568,6.889999866485596,7.03000020980835,0,0.0,0.0
2023-07-14 13:30:00-04:00,7.054999828338623,7.119999885559082,7.054999828338623,7.119999885559082,12861,0.0,0.0
2023-07-14 14:30:00-04:00,7.139999866485596,7.179999828338623,7.139999866485596,7.179999828338623,10718,0.0,0.0
2023-07-17 09:30:00-04:00,7.059999942779541,7.25,7.039999961853027,7.159999847412109,0,0.0,0.0
2023-07-17 10:30:00-04:00,7.179900169372559,7.179900169372559,7.170000076293945,7.170000076293945,1284,0.0,0.0
2023-07-17 12:30:00-04:00,7.239999771118164,7.5,7.21999979019165,7.340000152587891,18165,0.0,0.0
2023-07-17 13:30:00-04:00,7.309999942779541,7.309999942779541,7.228000164031982,7.289999961853027,2239,0.0,0.0
2023-07-17 14:30:00-04:00,7.300000190734863,7.394999980926514,7.300000190734863,7.389999866485596,1138,0.0,0.0
2023-07-17 15:30:00-04:00,7.320000171661377,7.349999904632568,7.297999858856201,7.349999904632568,1682,0.0,0.0
2023-07-18 09:30:00-04:00,7.28000020980835,7.349999904632568,7.2170000076293945,7.2170000076293945,0,0.0,0.0
2023-07-18 10:30:00-04:00,7.28000020980835,7.349999904632568,7.264999866485596,7.349999904632568,5610,0.0,0.0
2023-07-18 11:30:00-04:00,7.300000190734863,7.300000190734863,7.300000190734863,7.300000190734863,516,0.0,0.0
2023-07-18 13:30:00-04:00,7.260000228881836,7.260000228881836,7.260000228881836,7.260000228881836,100,0.0,0.0
2023-07-18 14:30:00-04:00,7.329999923706055,7.474999904632568,7.329999923706055,7.425000190734863,21083,0.0,0.0
2023-07-18 15:30:00-04:00,7.429999828338623,7.429999828338623,7.400000095367432,7.401000022888184,0,0.0,0.0
2023-07-19 09:30:00-04:00,7.24560022354126,7.400000095367432,7.239999771118164,7.349999904632568,10188,0.0,0.0
2023-07-19 10:30:00-04:00,7.320000171661377,7.340000152587891,7.260000228881836,7.260000228881836,6053,0.0,0.0
2023-07-19 11:30:00-04:00,7.309999942779541,7.309999942779541,7.309999942779541,7.309999942779541,0,0.0,0.0
2023-07-19 12:30:00-04:00,7.25,7.25,7.130000114440918,7.179999828338623,18206,0.0,0.0
2023-07-19 14:30:00-04:00,7.1803998947143555,7.199999809265137,7.150000095367432,7.179999828338623,3468,0.0,0.0
2023-07-19 15:30:00-04:00,7.119999885559082,7.25,7.110000133514404,7.25,0,0.0,0.0
2023-07-20 09:30:00-04:00,7.25,7.260000228881836,7.221199989318848,7.260000228881836,1008,0.0,0.0
2023-07-20 10:30:00-04:00,7.304999828338623,7.304999828338623,7.300000190734863,7.300000190734863,999,0.0,0.0
2023-07-20 11:30:00-04:00,7.300000190734863,7.349999904632568,7.300000190734863,7.300000190734863,3391,0.0,0.0
2023-07-20 13:30:00-04:00,7.329999923706055,7.329999923706055,7.320000171661377,7.320000171661377,621,0.0,0.0
2023-07-20 14:30:00-04:00,7.340000152587891,7.369999885559082,7.340000152587891,7.360000133514404,0,0.0,0.0
2023-07-21 09:30:00-04:00,7.192599773406982,7.389999866485596,7.192599773406982,7.389999866485596,4890,0.0,0.0
2023-07-21 13:30:00-04:00,7.340000152587891,7.340000152587891,7.289999961853027,7.289999961853027,3500,0.0,0.0
2023-07-21 14:30:00-04:00,7.300000190734863,7.329999923706055,7.2947001457214355,7.329999923706055,1770,0.0,0.0
2023-07-21 15:30:00-04:00,7.289999961853027,7.289999961853027,7.289999961853027,7.289999961853027,189,0.0,0.0
2023-07-24 09:30:00-04:00,7.389999866485596,7.389999866485596,7.389999866485596,7.389999866485596,4007,0.0,0.0
2023-07-24 12:30:00-04:00,7.320000171661377,7.320000171661377,7.320000171661377,7.320000171661377,300,0.0,0.0
2023-07-24 13:30:00-04:00,7.349999904632568,7.429999828338623,7.349999904632568,7.400000095367432,5207,0.0,0.0
2023-07-24 14:30:00-04:00,7.409999847412109,7.449999809265137,7.409999847412109,7.449999809265137,1155,0.0,0.0
2023-07-24 15:30:00-04:00,7.46999979019165,7.480000019073486,7.46999979019165,7.480000019073486,0,0.0,0.0
2023-07-25 09:30:00-04:00,7.360000133514404,7.360000133514404,7.340000152587891,7.349999904632568,786,0.0,0.0
2023-07-25 10:30:00-04:00,7.380000114440918,7.380000114440918,7.380000114440918,7.380000114440918,3345,0.0,0.0
2023-07-25 12:30:00-04:00,7.432700157165527,7.432700157165527,7.429999828338623,7.429999828338623,1181,0.0,0.0
2023-07-25 13:30:00-04:00,7.380000114440918,7.460000038146973,7.099999904632568,7.460000038146973,8747,0.0,0.0
2023-07-25 14:30:00-04:00,7.309999942779541,7.309999942779541,7.309999942779541,7.309999942779541,366,0.0,0.0
2023-07-25 15:30:00-04:00,7.309999942779541,7.309999942779541,7.309999942779541,7.309999942779541,0,0.0,0.0
2023-07-26 10:30:00-04:00,7.307300090789795,7.309999942779541,7.307300090789795,7.309999942779541,1811,0.0,0.0
2023-07-26 11:30:00-04:00,7.369999885559082,7.46999979019165,7.369999885559082,7.46999979019165,3185,0.0,0.0
2023-07-26 12:30:00-04:00,7.434999942779541,7.460000038146973,7.340000152587891,7.360000133514404,8147,0.0,0.0
2023-07-26 14:30:00-04:00,7.360000133514404,7.360000133514404,7.300000190734863,7.300000190734863,0,0.0,0.0
2023-07-27 09:30:00-04:00,7.360000133514404,7.369999885559082,7.349999904632568,7.349999904632568,2104,0.0,0.0
2023-07-27 10:30:00-04:00,7.349999904632568,7.349999904632568,7.340000152587891,7.340000152587891,1014,0.0,0.0
2023-07-27 12:30:00-04:00,7.28000020980835,7.300000190734863,7.25,7.300000190734863,6323,0.0,0.0
2023-07-27 13:30:00-04:00,7.289999961853027,7.329999923706055,7.289999961853027,7.329999923706055,3354,0.0,0.0
2023-07-27 14:30:00-04:00,7.320000171661377,7.329999923706055,7.230000019073486,7.320000171661377,2073,0.0,0.0
2023-07-27 15:30:00-04:00,7.314499855041504,7.320000171661377,7.289999961853027,7.289999961853027,0,0.0,0.0
2023-07-28 09:30:00-04:00,7.269999980926514,7.329999923706055,7.25,7.300000190734863,6452,0.0,0.0
2023-07-28 10:30:00-04:00,7.269999980926514,7.269999980926514,7.260000228881836,7.260000228881836,438,0.0,0.0
2023-07-28 11:30:00-04:00,7.269999980926514,7.300000190734863,7.260000228881836,7.300000190734863,2636,0.0,0.0
2023-07-28 12:30:00-04:00,7.289999961853027,7.300000190734863,7.289999961853027,7.300000190734863,1449,0.0,0.0
2023-07-28 14:30:00-04:00,7.309999942779541,7.319499969482422,7.28000020980835,7.28000020980835,886,0.0,0.0
2023-07-28 15:30:00-04:00,7.429999828338623,7.429999828338623,7.28000020980835,7.429999828338623,1442,0.0,0.0
2023-07-31 09:30:00-04:00,7.349999904632568,7.349999904632568,7.349999904632568,7.349999904632568,5058,0.0,0.0
2023-07-31 11:30:00-04:00,7.340000152587891,7.367000102996826,7.340000152587891,7.367000102996826,900,0.0,0.0
2023-07-31 12:30:00-04:00,7.300000190734863,7.300000190734863,7.199999809265137,7.25,3996,0.0,0.0
2023-07-31 14:30:00-04:00,7.25,7.25,7.210000038146973,7.210000038146973,0,0.0,0.0
2023-07-31 15:30:00-04:00,7.190000057220459,7.190000057220459,7.190000057220459,7.190000057220459,205,0.0,0.0
2023-08-01 09:30:00-04:00,7.25,7.25,7.190000057220459,7.190000057220459,3146,0.0,0.0
2023-08-01 10:30:00-04:00,7.176499843597412,7.176499843597412,7.176499843597412,7.176499843597412,112,0.0,0.0
2023-08-01 11:30:00-04:00,7.269999980926514,7.269999980926514,7.179699897766113,7.25,3715,0.0,0.0
2023-08-01 12:30:00-04:00,7.230000019073486,7.239999771118164,7.199999809265137,7.210000038146973,1211,0.0,0.0
2023-08-01 13:30:00-04:00,7.179999828338623,7.190000057220459,7.179999828338623,7.190000057220459,410,0.0,0.0
2023-08-01 14:30:00-04:00,7.130000114440918,7.260000228881836,7.130000114440918,7.239999771118164,8352,0.0,0.0
2023-08-01 15:30:00-04:00,7.389999866485596,7.389999866485596,7.389999866485596,7.389999866485596,0,0.0,0.0
2023-08-02 09:30:00-04:00,7.400000095367432,7.400000095367432,7.400000095367432,7.400000095367432,693,0.0,0.0
2023-08-02 10:30:00-04:00,7.159999847412109,7.210000038146973,7.159999847412109,7.199999809265137,1894,0.0,0.0
2023-08-02 11:30:00-04:00,7.260000228881836,7.28000020980835,7.260000228881836,7.269999980926514,804,0.0,0.0
2023-08-02 12:30:00-04:00,7.269999980926514,7.269999980926514,7.210000038146973,7.210000038146973,790,0.0,0.0
2023-08-02 13:30:00-04:00,7.230000019073486,7.230000019073486,7.179999828338623,7.179999828338623,2599,0.0,0.0
2023-08-02 14:30:00-04:00,7.210000038146973,7.239999771118164,7.210000038146973,7.239999771118164,0,0.0,0.0
2023-08-03 09:30:00-04:00,7.25,7.25,7.25,7.25,0,0.0,0.0
2023-08-03 10:30:00-04:00,7.239999771118164,7.239999771118164,7.210000038146973,7.210000038146973,3719,0.0,0.0
2023-08-03 12:30:00-04:00,7.179999828338623,7.179999828338623,7.110000133514404,7.110000133514404,1134,0.0,0.0
2023-08-03 13:30:00-04:00,7.182700157165527,7.199999809265137,7.150000095367432,7.170000076293945,3304,0.0,0.0
2023-08-03 14:30:00-04:00,7.179999828338623,7.179999828338623,7.170000076293945,7.170000076293945,0,0.0,0.0
2023-08-04 09:30:00-04:00,7.150000095367432,7.230000019073486,7.150000095367432,7.21999979019165,1509,0.0,0.0
2023-08-04 10:30:00-04:00,7.179999828338623,7.190000057220459,7.130000114440918,7.190000057220459,808,0.0,0.0
2023-08-04 12:30:00-04:00,7.199999809265137,7.199999809265137,7.190000057220459,7.199999809265137,2104,0.0,0.0
2023-08-04 13:30:00-04:00,7.179999828338623,7.199999809265137,7.179999828338623,7.199999809265137,1841,0.0,0.0
2023-08-04 14:30:00-04:00,7.239999771118164,7.289999961853027,7.159999847412109,7.159999847412109,4686,0.0,0.0
2023-08-07 09:30:00-04:00,7.170000076293945,7.289999961853027,7.090000152587891,7.289999961853027,5782,0.0,0.0
2023-08-07 10:30:00-04:00,7.179999828338623,7.179999828338623,7.170000076293945,7.170000076293945,396,0.0,0.0
2023-08-07 11:30:00-04:00,7.179999828338623,7.179999828338623,7.179999828338623,7.179999828338623,757,0.0,0.0
2023-08-07 12:30:00-04:00,7.179999828338623,7.179999828338623,7.139999866485596,7.150000095367432,2465,0.0,0.0
2023-08-07 13:30:00-04:00,7.170000076293945,7.188700199127197,7.159999847412109,7.159999847412109,901,0.0,0.0
2023-08-07 14:30:00-04:00,7.150000095367432,7.239999771118164,7.150000095367432,7.239999771118164,0,0.0,0.0
2023-08-08 09:30:00-04:00,7.210000038146973,7.210000038146973,7.150000095367432,7.150000095367432,1800,0.0,0.0
2023-08-08 10:30:00-04:00,7.190000057220459,7.190000057220459,7.139999866485596,7.139999866485596,1364,0.0,0.0
2023-08-08 11:30:00-04:00,7.139999866485596,7.179999828338623,7.139999866485596,7.179999828338623,5551,0.0,0.0
2023-08-08 13:30:00-04:00,7.179999828338623,7.179999828338623,7.179999828338623,7.179999828338623,700,0.0,0.0
2023-08-08 14:30:00-04:00,7.329999923706055,7.340000152587891,7.329999923706055,7.340000152587891,610,0.0,0.0
2023-08-09 09:30:00-04:00,7.320000171661377,7.320000171661377,7.239999771118164,7.239999771118164,0,0.0,0.0
2023-08-09 10:30:00-04:00,7.210000038146973,7.210000038146973,7.15500020980835,7.189899921417236,735,0.0,0.0
2023-08-09 11:30:00-04:00,7.130000114440918,7.150000095367432,7.103799819946289,7.130000114440918,2049,0.0,0.0
2023-08-09 12:30:00-04:00,7.110000133514404,7.110000133514404,7.099999904632568,7.099999904632568,0,0.0,0.0
2023-08-09 13:30:00-04:00,7.110000133514404,7.14300012588501,7.099999904632568,7.119999885559082,9658,0.0,0.0
2023-08-09 14:30:00-04:00,7.210000038146973,7.210000038146973,7.210000038146973,7.210000038146973,566,0.0,0.0
2023-08-09 15:30:00-04:00,7.340000152587891,7.340000152587891,7.300000190734863,7.340000152587891,355,0.0,0.0
2023-08-10 09:30:00-04:00,7.260000228881836,7.260000228881836,7.230000019073486,7.239999771118164,0,0.0,0.0
2023-08-10 11:30:00-04:00,7.25,7.25,7.25,7.25,1486,0.0,0.0
2023-08-10 12:30:00-04:00,7.210000038146973,7.210000038146973,7.210000038146973,7.210000038146973,195,0.0,0.0
2023-08-10 13:30:00-04:00,7.349999904632568,7.369999885559082,7.099999904632568,7.099999904632568,3008,0.0,0.0
2023-08-10 14:30:00-04:00,7.110000133514404,7.179999828338623,7.099999904632568,7.179999828338623,4407,0.0,0.0
2023-08-10 15:30:00-04:00,7.110000133514404,7.110000133514404,7.110000133514404,7.110000133514404,100,0.0,0.0
2023-08-11 09:30:00-04:00,7.090000152587891,7.199999809265137,7.090000152587891,7.179999828338623,0,0.0,0.0
2023-08-11 10:30:00-04:00,7.170000076293945,7.170100212097168,7.130000114440918,7.150100231170654,860,0.0,0.0
2023-08-11 11:30:00-04:00,7.179999828338623,7.340000152587891,7.150000095367432,7.170000076293945,2828,0.0,0.0
2023-08-11 12:30:00-04:00,7.170000076293945,7.199999809265137,7.159999847412109,7.199999809265137,1362,0.0,0.0
2023-08-11 13:30:00-04:00,7.319900035858154,7.319900035858154,7.319900035858154,7.319900035858154,131,0.0,0.0
2023-08-11 14:30:00-04:00,7.289999961853027,7.329999923706055,7.28000020980835,7.329999923706055,3409,0.0,0.0
2023-08-11 15:30:00-04:00,7.170000076293945,7.170000076293945,7.170000076293945,7.170000076293945,100,0.0,0.0
2023-08-14 09:30:00-04:00,7.190000057220459,7.190000057220459,7.150000095367432,7.190000057220459,1543,0.0,0.0
2023-08-14 10:30:00-04:00,7.179999828338623,7.340000152587891,7.170000076293945,7.320000171661377,3767,0.0,0.0
2023-08-14 11:30:00-04:00,7.159999847412109,7.199999809265137,7.159999847412109,7.199999809265137,1705,0.0,0.0
2023-08-14 12:30:00-04:00,7.230000019073486,7.28000020980835,7.230000019073486,7.28000020980835,700,0.0,0.0
2023-08-14 13:30:00-04:00,7.210000038146973,7.260000228881836,7.210000038146973,7.260000228881836,1135,0.0,0.0
2023-08-14 14:30:00-04:00,7.190000057220459,7.210000038146973,7.190000057220459,7.210000038146973,749,0.0,0.0
2023-08-14 15:30:00-04:00,7.190000057220459,7.190000057220459,7.190000057220459,7.190000057220459,0,0.0,0.0
2023-08-15 09:30:00-04:00,7.190000057220459,7.190000057220459,7.170000076293945,7.182300090789795,1195,0.0,0.0
2023-08-15 10:30:00-04:00,7.182300090789795,7.182300090789795,7.110000133514404,7.150000095367432,1598,0.0,0.0
2023-08-15 11:30:00-04:00,7.150000095367432,7.170000076293945,7.150000095367432,7.170000076293945,1007,0.0,0.0
2023-08-15 12:30:00-04:00,7.170000076293945,7.170000076293945,7.139999866485596,7.150000095367432,1278,0.0,0.0
2023-08-15 13:30:00-04:00,7.150000095367432,7.170000076293945,7.150000095367432,7.150000095367432,3741,0.0,0.0
2023-08-15 14:30:00-04:00,7.130000114440918,7.130000114440918,7.119999885559082,7.130000114440918,0,0.0,0.0
2023-08-16 09:30:00-04:00,7.199999809265137,7.206099987030029,7.199999809265137,7.206099987030029,1671,0.0,0.0
2023-08-16 10:30:00-04:00,7.150000095367432,7.150000095367432,7.150000095367432,7.150000095367432,806,0.0,0.0
2023-08-16 11:30:00-04:00,7.159999847412109,7.170000076293945,7.139999866485596,7.150000095367432,1192,0.0,0.0
2023-08-16 12:30:00-04:00,7.150000095367432,7.170000076293945,7.150000095367432,7.170000076293945,796,0.0,0.0
2023-08-16 13:30:00-04:00,7.159999847412109,7.159999847412109,7.039999961853027,7.099999904632568,8590,0.0,0.0
2023-08-16 14:30:00-04:00,7.119999885559082,7.340000152587891,7.110000133514404,7.139999866485596,3158,0.0,0.0
2023-08-16 15:30:00-04:00,7.269999980926514,7.269999980926514,7.269999980926514,7.269999980926514,0,0.0,0.0
2023-08-17 09:30:00-04:00,7.139999866485596,7.139999866485596,7.110000133514404,7.139999866485596,1982,0.0,0.0
2023-08-17 10:30:00-04:00,7.170000076293945,7.170000076293945,7.170000076293945,7.170000076293945,2641,0.0,0.0
2023-08-17 12:30:00-04:00,7.099999904632568,7.099999904632568,7.090000152587891,7.090000152587891,400,0.0,0.0
2023-08-17 13:30:00-04:00,7.11460018157959,7.184500217437744,7.099999904632568,7.150000095367432,5545,0.0,0.0
2023-08-17 15:30:00-04:00,7.139999866485596,7.25,7.139999866485596,7.25,516,0.0,0.0
2023-08-18 09:30:00-04:00,7.199999809265137,7.199999809265137,7.150000095367432,7.150000095367432,5247,0.0,0.0
2023-08-18 12:30:00-04:00,7.179999828338623,7.179999828338623,7.179999828338623,7.179999828338623,1846,0.0,0.0
2023-08-18 13:30:00-04:00,7.179999828338623,7.300000190734863,7.179999828338623,7.28000020980835,1201,0.0,0.0
2023-08-18 14:30:00-04:00,7.25,7.329999923706055,7.21999979019165,7.329999923706055,1922,0.0,0.0
2023-08-21 09:30:00-04:00,7.210000038146973,7.210000038146973,7.210000038146973,7.210000038146973,1348,0.0,0.0
2023-08-21 10:30:00-04:00,7.389999866485596,7.389999866485596,7.389999866485596,7.389999866485596,201,0.0,0.0
2023-08-21 11:30:00-04:00,7.230000019073486,7.230000019073486,7.21999979019165,7.21999979019165,892,0.0,0.0
2023-08-21 12:30:00-04:00,7.199999809265137,7.199999809265137,7.199999809265137,7.199999809265137,1128,0.0,0.0
2023-08-21 14:30:00-04:00,7.199999809265137,7.340000152587891,7.199999809265137,7.340000152587891,0,0.0,0.0
2023-08-22 10:30:00-04:00,7.21999979019165,7.2241997718811035,7.21999979019165,7.2241997718811035,3115,0.0,0.0
2023-08-22 11:30:00-04:00,7.199999809265137,7.199999809265137,7.190000057220459,7.192500114440918,600,0.0,0.0
2023-08-22 12:30:00-04:00,7.199999809265137,7.199999809265137,7.199999809265137,7.199999809265137,498,0.0,0.0
2023-08-22 13:30:00-04:00,7.210000038146973,7.269999980926514,7.190000057220459,7.269999980926514,2599,0.0,0.0
2023-08-22 14:30:00-04:00,7.199999809265137,7.320000171661377,7.199999809265137,7.320000171661377,2567,0.0,0.0
2023-08-22 15:30:00-04:00,7.320000171661377,7.320000171661377,7.320000171661377,7.320000171661377,0,0.0,0.0
2023-08-23 09:30:00-04:00,7.239999771118164,7.239999771118164,7.21999979019165,7.21999979019165,2352,0.0,0.0
2023-08-23 11:30:00-04:00,7.210000038146973,7.210000038146973,7.210000038146973,7.210000038146973,782,0.0,0.0
2023-08-23 13:30:00-04:00,7.190000057220459,7.239999771118164,7.179999828338623,7.239999771118164,2796,0.0,0.0
2023-08-23 14:30:00-04:00,7.21999979019165,7.329999923706055,7.21999979019165,7.329999923706055,3406,0.0,0.0
2023-08-23 15:30:00-04:00,7.329999923706055,7.340000152587891,7.329999923706055,7.340000152587891,0,0.0,0.0
2023-08-24 09:30:00-04:00,7.329999923706055,7.329999923706055,7.300000190734863,7.329999923706055,1685,0.0,0.0
2023-08-24 10:30:00-04:00,7.239999771118164,7.239999771118164,7.087500095367432,7.150000095367432,5794,0.0,0.0
2023-08-24 11:30:00-04:00,7.119999885559082,7.159999847412109,7.119999885559082,7.150000095367432,1627,0.0,0.0
2023-08-24 13:30:00-04:00,7.106299877166748,7.150000095367432,7.106299877166748,7.148900032043457,1697,0.0,0.0
2023-08-24 15:30:00-04:00,7.269999980926514,7.269999980926514,7.269999980926514,7.269999980926514,0,0.0,0.0
2023-08-25 11:30:00-04:00,6.960000038146973,7.099999904632568,6.960000038146973,7.089900016784668,2800,0.0,0.0
2023-08-25 13:30:00-04:00,7.159999847412109,7.224999904632568,7.159999847412109,7.170000076293945,3722,0.0,0.0
2023-08-25 14:30:00-04:00,7.21999979019165,7.239999771118164,7.190000057220459,7.230000019073486,3529,0.0,0.0
2023-08-25 15:30:00-04:00,7.239999771118164,7.239999771118164,7.199999809265137,7.199999809265137,936,0.0,0.0
2023-08-28 09:30:00-04:00,7.21999979019165,7.21999979019165,7.21999979019165,7.21999979019165,1366,0.0,0.0
2023-08-28 10:30:00-04:00,7.159999847412109,7.210000038146973,7.099999904632568,7.210000038146973,2750,0.0,0.0
2023-08-28 11:30:00-04:00,7.119999885559082,7.25,7.119999885559082,7.170000076293945,7486,0.0,0.0
2023-08-28 12:30:00-04:00,7.159999847412109,7.159999847412109,7.138000011444092,7.139999866485596,0,0.0,0.0
2023-08-29 09:30:00-04:00,7.079999923706055,7.15500020980835,7.079999923706055,7.15500020980835,2340,0.0,0.0
2023-08-29 10:30:00-04:00,7.190000057220459,7.190000057220459,7.150000095367432,7.150000095367432,963,0.0,0.0
2023-08-29 13:30:00-04:00,7.139999866485596,7.150000095367432,7.119999885559082,7.150000095367432,1998,0.0,0.0
2023-08-29 14:30:00-04:00,7.130000114440918,7.190000057220459,7.119999885559082,7.190000057220459,0,0.0,0.0
2023-08-30 09:30:00-04:00,7.1479997634887695,7.179999828338623,7.139999866485596,7.150000095367432,2027,0.0,0.0
2023-08-30 11:30:00-04:00,7.159900188446045,7.199999809265137,7.119500160217285,7.199999809265137,3626,0.0,0.0
2023-08-30 12:30:00-04:00,7.21999979019165,7.21999979019165,7.170000076293945,7.170000076293945,2988,0.0,0.0
2023-08-30 13:30:00-04:00,7.179999828338623,7.199999809265137,7.170000076293945,7.199999809265137,1600,0.0,0.0
2023-08-30 14:30:00-04:00,7.21999979019165,7.21999979019165,7.139999866485596,7.139999866485596,653,0.0,0.0
2023-08-30 15:30:00-04:00,7.159999847412109,7.159999847412109,7.150000095367432,7.159999847412109,0,0.0,0.0
2023-08-31 09:30:00-04:00,7.150000095367432,7.150000095367432,7.150000095367432,7.150000095367432,969,0.0,0.0
2023-08-31 10:30:00-04:00,7.131100177764893,7.190000057220459,7.131100177764893,7.150000095367432,1157,0.0,0.0
2023-08-31 11:30:00-04:00,7.130000114440918,7.199999809265137,7.130000114440918,7.199999809265137,1380,0.0,0.0
2023-08-31 12:30:00-04:00,7.159999847412109,7.159999847412109,7.159999847412109,7.159999847412109,1357,0.0,0.0
2023-08-31 13:30:00-04:00,7.159999847412109,7.21999979019165,7.150000095367432,7.170000076293945,6198,0.0,0.0
2023-08-31 14:30:00-04:00,7.159999847412109,7.159999847412109,7.159999847412109,7.159999847412109,885,0.0,0.0
2023-08-31 15:30:00-04:00,7.25,7.25,7.170000076293945,7.25,1189,0.0,0.0
2023-09-01 09:30:00-04:00,7.315000057220459,7.315000057220459,7.239999771118164,7.260000228881836,5048,0.0,0.0
2023-09-01 10:30:00-04:00,7.292500019073486,7.292500019073486,7.28000020980835,7.28000020980835,900,0.0,0.0
2023-09-01 11:30:00-04:00,7.260000228881836,7.28000020980835,7.210000038146973,7.28000020980835,3089,0.0,0.0
2023-09-01 13:30:00-04:00,7.289999961853027,7.289999961853027,7.260000228881836,7.28000020980835,1400,0.0,0.0
2023-09-01 14:30:00-04:00,7.28000020980835,7.329999923706055,7.28000020980835,7.329999923706055,502,0.0,0.0
2023-09-05 09:30:00-04:00,7.28000020980835,7.28000020980835,7.159900188446045,7.179999828338623,2536,0.0,0.0
2023-09-05 10:30:00-04:00,7.170000076293945,7.21999979019165,7.170000076293945,7.21999979019165,953,0.0,0.0
2023-09-05 11:30:00-04:00,7.179999828338623,7.21999979019165,7.177800178527832,7.21999979019165,4662,0.0,0.0
2023-09-05 12:30:00-04:00,7.21999979019165,7.239999771118164,7.199999809265137,7.199999809265137,1013,0.0,0.0
2023-09-05 13:30:00-04:00,7.21999979019165,7.21999979019165,7.21999979019165,7.21999979019165,127,0.0,0.0
2023-09-05 14:30:00-04:00,7.210000038146973,7.210000038146973,7.190000057220459,7.199999809265137,833,0.0,0.0
2023-09-05 15:30:00-04:00,7.190000057220459,7.190000057220459,7.190000057220459,7.190000057220459,0,0.0,0.0
2023-09-06 09:30:00-04:00,7.170000076293945,7.199999809265137,7.170000076293945,7.199999809265137,306,0.0,0.0
2023-09-06 10:30:00-04:00,7.179999828338623,7.210000038146973,7.179999828338623,7.199900150299072,4502,0.0,0.0
2023-09-06 11:30:00-04:00,7.190000057220459,7.199999809265137,7.189899921417236,7.199999809265137,3484,0.0,0.0
2023-09-06 12:30:00-04:00,7.179999828338623,7.179999828338623,7.179999828338623,7.179999828338623,1565,0.0,0.0
2023-09-06 13:30:00-04:00,7.190000057220459,7.199999809265137,7.190000057220459,7.199999809265137,444,0.0,0.0
2023-09-06 14:30:00-04:00,7.199999809265137,7.21999979019165,7.199999809265137,7.21999979019165,0,0.0,0.0
2023-09-07 09:30:00-04:00,7.179999828338623,7.190000057220459,7.159999847412109,7.190000057220459,5748,0.0,0.0
2023-09-07 10:30:00-04:00,7.199999809265137,7.21999979019165,7.199999809265137,7.21999979019165,567,0.0,0.0
2023-09-07 11:30:00-04:00,7.199999809265137,7.199999809265137,7.199999809265137,7.199999809265137,271,0.0,0.0
2023-09-07 13:30:00-04:00,7.179999828338623,7.210000038146973,7.179999828338623,7.210000038146973,1241,0.0,0.0
2023-09-07 14:30:00-04:00,7.190000057220459,7.199999809265137,7.179999828338623,7.190000057220459,1297,0.0,0.0
2023-09-07 15:30:00-04:00,7.269999980926514,7.269999980926514,7.190000057220459,7.210000038146973,0,0.0,0.0
2023-09-08 09:30:00-04:00,7.21999979019165,7.329999923706055,7.21999979019165,7.25,7798,0.0,0.0
2023-09-08 10:30:00-04:00,7.25,7.25,7.25,7.25,306,0.0,0.0
2023-09-08 11:30:00-04:00,7.25,7.289999961853027,7.239999771118164,7.250100135803223,4119,0.0,0.0
2023-09-08 12:30:00-04:00,7.195000171661377,7.230000019073486,7.195000171661377,7.230000019073486,200,0.0,0.0
2023-09-08 13:30:00-04:00,7.179999828338623,7.210000038146973,7.170000076293945,7.204999923706055,700,0.0,0.0
2023-09-08 14:30:00-04:00,7.21999979019165,7.21999979019165,7.21999979019165,7.21999979019165,283,0.0,0.0
2023-09-08 15:30:00-04:00,7.230000019073486,7.230000019073486,7.230000019073486,7.230000019073486,100,0.0,0.0
2023-09-11 09:30:00-04:00,7.239999771118164,7.28000020980835,7.230000019073486,7.28000020980835,0,0.0,0.0
2023-09-11 10:30:00-04:00,7.239999771118164,7.239999771118164,7.085000038146973,7.159999847412109,5422,0.0,0.0
2023-09-11 11:30:00-04:00,7.159999847412109,7.199999809265137,7.159999847412109,7.199999809265137,2139,0.0,0.0
2023-09-11 12:30:00-04:00,7.179999828338623,7.190000057220459,7.179999828338623,7.190000057220459,200,0.0,0.0
2023-09-11 13:30:00-04:00,7.190000057220459,7.199999809265137,7.190000057220459,7.199999809265137,600,0.0,0.0
2023-09-11 14:30:00-04:00,7.199999809265137,7.230000019073486,7.190000057220459,7.199999809265137,1501,0.0,0.0
2023-09-11 15:30:00-04:00,7.230000019073486,7.230000019073486,7.150000095367432,7.159999847412109,0,0.0,0.0
2023-09-12 09:30:00-04:00,7.190000057220459,7.190000057220459,7.159999847412109,7.190000057220459,6187,0.0,0.0
2023-09-12 10:30:00-04:00,7.210000038146973,7.289999961853027,7.210000038146973,7.289999961853027,5232,0.0,0.0
2023-09-12 11:30:00-04:00,7.230000019073486,7.230000019073486,7.230000019073486,7.230000019073486,1000,0.0,0.0
2023-09-12 12:30:00-04:00,7.21999979019165,7.230000019073486,7.179999828338623,7.230000019073486,402,0.0,0.0
2023-09-12 13:30:00-04:00,7.239999771118164,7.309999942779541,7.239999771118164,7.309999942779541,200,0.0,0.0
2023-09-12 14:30:00-04:00,7.260000228881836,7.260000228881836,7.260000228881836,7.260000228881836,100,0.0,0.0
2023-09-12 15:30:00-04:00,7.210000038146973,7.210000038146973,7.210000038146973,7.210000038146973,0,0.0,0.0
2023-09-13 09:30:00-04:00,7.239999771118164,7.329999923706055,7.210000038146973,7.329999923706055,4293,0.0,0.0
2023-09-13 10:30:00-04:00,7.340000152587891,7.349999904632568,7.340000152587891,7.349999904632568,1813,0.0,0.0
2023-09-13 11:30:00-04:00,7.28000020980835,7.28000020980835,7.21999979019165,7.21999979019165,519,0.0,0.0
2023-09-13 12:30:00-04:00,7.28000020980835,7.289999961853027,7.210000038146973,7.289999961853027,3213,0.0,0.0
2023-09-13 14:30:00-04:00,7.21999979019165,7.289999961853027,7.21999979019165,7.289999961853027,0,0.0,0.0
2023-09-14 09:30:00-04:00,7.130000114440918,7.190000057220459,7.130000114440918,7.179999828338623,3241,0.0,0.0
2023-09-14 10:30:00-04:00,7.179999828338623,7.190100193023682,7.170000076293945,7.190100193023682,1887,0.0,0.0
2023-09-14 11:30:00-04:00,7.199999809265137,7.300000190734863,7.199999809265137,7.260000228881836,3334,0.0,0.0
2023-09-14 13:30:00-04:00,7.25,7.340000152587891,7.25,7.340000152587891,1205,0.0,0.0
2023-09-14 14:30:00-04:00,7.159999847412109,7.329999923706055,7.159999847412109,7.167500019073486,979,0.0,0.0
2023-09-14 15:30:00-04:00,7.170000076293945,7.199999809265137,7.139999866485596,7.150000095367432,0,0.0,0.0
2023-09-15 09:30:00-04:00,7.139999866485596,7.139999866485596,6.800000190734863,7.059999942779541,14840,0.0,0.0
2023-09-15 10:30:00-04:00,7.0,7.0,6.96999979019165,6.96999979019165,2136,0.0,0.0
2023-09-15 11:30:00-04:00,6.960000038146973,6.960000038146973,6.710000038146973,6.900000095367432,1635,0.0,0.0
2023-09-15 13:30:00-04:00,7.019999980926514,7.019999980926514,7.019999980926514,7.019999980926514,203,0.0,0.0
2023-09-15 14:30:00-04:00,7.019999980926514,7.28000020980835,7.019999980926514,7.28000020980835,2710,0.0,0.0
2023-09-15 15:30:00-04:00,7.019999980926514,7.199999809265137,7.019999980926514,7.199999809265137,677,0.0,0.0
2023-09-18 09:30:00-04:00,7.110000133514404,7.110000133514404,7.079999923706055,7.090000152587891,1699,0.0,0.0
2023-09-18 10:30:00-04:00,7.090000152587891,7.190000057220459,7.074999809265137,7.110000133514404,4320,0.0,0.0
2023-09-18 11:30:00-04:00,7.105000019073486,7.105000019073486,7.099999904632568,7.099999904632568,369,0.0,0.0
2023-09-18 12:30:00-04:00,7.070000171661377,7.079999923706055,7.050000190734863,7.079999923706055,601,0.0,0.0
2023-09-18 13:30:00-04:00,7.079999923706055,7.079999923706055,7.059999942779541,7.079999923706055,1520,0.0,0.0
2023-09-18 14:30:00-04:00,7.050000190734863,7.25,7.050000190734863,7.070000171661377,0,0.0,0.0
2023-09-19 09:30:00-04:00,7.130000114440918,7.139999866485596,7.090000152587891,7.130000114440918,4155,0.0,0.0
2023-09-19 10:30:00-04:00,7.199999809265137,7.199999809265137,7.199999809265137,7.199999809265137,1017,0.0,0.0
2023-09-19 12:30:00-04:00,7.050000190734863,7.050000190734863,6.940000057220459,7.019999980926514,6432,0.0,0.0
2023-09-19 13:30:00-04:00,7.0,7.042500019073486,6.980000019073486,6.980000019073486,1132,0.0,0.0
2023-09-19 14:30:00-04:00,6.989999771118164,7.03000020980835,6.980000019073486,7.03000020980835,1332,0.0,0.0
2023-09-19 15:30:00-04:00,7.03000020980835,7.03000020980835,7.010000228881836,7.010000228881836,0,0.0,0.0
2023-09-20 09:30:00-04:00,6.960000038146973,7.0,6.958000183105469,7.0,5238,0.0,0.0
2023-09-20 11:30:00-04:00,7.03000020980835,7.03000020980835,7.019999980926514,7.019999980926514,300,0.0,0.0
2023-09-20 12:30:00-04:00,7.050000190734863,7.230000019073486,7.050000190734863,7.110000133514404,5654,0.0,0.0
2023-09-20 13:30:00-04:00,7.28000020980835,7.28000020980835,7.28000020980835,7.28000020980835,0,0.0,0.0
2023-09-21 09:30:00-04:00,7.130000114440918,7.130000114440918,7.110000133514404,7.130000114440918,893,0.0,0.0
2023-09-21 10:30:00-04:00,7.130000114440918,7.260000228881836,7.070000171661377,7.150000095367432,8211,0.0,0.0
2023-09-21 11:30:00-04:00,7.119999885559082,7.119999885559082,7.119999885559082,7.119999885559082,484,0.0,0.0
2023-09-21 15:30:00-04:00,7.16540002822876,7.16540002822876,7.150000095367432,7.150000095367432,0,0.0,0.0
2023-09-22 09:30:00-04:00,6.909999847412109,7.110000133514404,6.909999847412109,6.949999809265137,5374,0.0,0.0
2023-09-22 10:30:00-04:00,7.049900054931641,7.050000190734863,7.039999961853027,7.039999961853027,928,0.0,0.0
2023-09-22 11:30:00-04:00,7.059999942779541,7.059999942779541,7.059999942779541,7.059999942779541,1499,0.0,0.0
2023-09-22 12:30:00-04:00,7.079899787902832,7.079899787902832,7.079899787902832,7.079899787902832,1499,0.0,0.0
2023-09-22 13:30:00-04:00,7.039999961853027,7.070000171661377,6.929999828338623,7.059999942779541,3009,0.0,0.0
2023-09-22 14:30:00-04:00,7.090000152587891,7.179999828338623,7.090000152587891,7.110000133514404,1477,0.0,0.0
2023-09-22 15:30:00-04:00,7.179999828338623,7.179999828338623,7.110000133514404,7.110000133514404,644,0.0,0.0
2023-09-25 09:30:00-04:00,7.179999828338623,7.179999828338623,7.170000076293945,7.170000076293945,0,0.0,0.0
2023-09-25 11:30:00-04:00,7.159999847412109,7.159999847412109,7.150000095367432,7.150000095367432,839,0.0,0.0
2023-09-25 12:30:00-04:00,7.179999828338623,7.179999828338623,7.150000095367432,7.150000095367432,3509,0.0,0.0
2023-09-25 13:30:00-04:00,7.159999847412109,7.320000171661377,7.139999866485596,7.139999866485596,4607,0.0,0.0
2023-09-25 14:30:00-04:00,7.1519999504089355,7.289999961853027,7.139999866485596,7.289999961853027,0,0.0,0.0
2023-09-26 09:30:00-04:00,7.150000095367432,7.170000076293945,7.130000114440918,7.130000114440918,2049,0.0,0.0
2023-09-26 10:30:00-04:00,7.119999885559082,7.340000152587891,7.119999885559082,7.150000095367432,1835,0.0,0.0
2023-09-26 11:30:00-04:00,7.186200141906738,7.195000171661377,7.150000095367432,7.195000171661377,800,0.0,0.0
2023-09-26 12:30:00-04:00,7.195000171661377,7.300000190734863,7.170000076293945,7.300000190734863,1099,0.0,0.0
2023-09-26 13:30:00-04:00,7.159999847412109,7.159999847412109,7.159999847412109,7.159999847412109,2028,0.0,0.0
2023-09-26 14:30:00-04:00,7.159999847412109,7.179999828338623,7.159999847412109,7.160099983215332,3453,0.0,0.0
2023-09-26 15:30:00-04:00,7.300000190734863,7.300000190734863,7.300000190734863,7.300000190734863,0,0.0,0.0
2023-09-27 09:30:00-04:00,7.170000076293945,7.170000076293945,7.119999885559082,7.119999885559082,1654,0.0,0.0
2023-09-27 11:30:00-04:00,7.159999847412109,7.190000057220459,7.139999866485596,7.190000057220459,886,0.0,0.0
2023-09-27 12:30:00-04:00,7.150000095367432,7.239999771118164,7.150000095367432,7.239999771118164,1999,0.0,0.0
2023-09-27 13:30:00-04:00,7.230000019073486,7.239999771118164,7.159999847412109,7.159999847412109,3117,0.0,0.0
2023-09-27 14:30:00-04:00,7.110000133514404,7.150000095367432,7.099999904632568,7.150000095367432,0,0.0,0.0
2023-09-28 09:30:00-04:00,7.150000095367432,7.150000095367432,7.150000095367432,7.150000095367432,396,0.0,0.0
2023-09-28 10:30:00-04:00,7.150000095367432,7.150000095367432,7.150000095367432,7.150000095367432,803,0.0,0.0
2023-09-28 11:30:00-04:00,7.150000095367432,7.150100231170654,7.150000095367432,7.150100231170654,594,0.0,0.0
2023-09-28 12:30:00-04:00,7.150000095367432,7.190000057220459,7.150000095367432,7.190000057220459,7102,0.0,0.0
2023-09-28 13:30:00-04:00,7.190000057220459,7.230000019073486,7.190000057220459,7.230000019073486,711,0.0,0.0
2023-09-28 14:30:00-04:00,7.230000019073486,7.230000019073486,7.230000019073486,7.230000019073486,111,0.0,0.0
2023-09-28 15:30:00-04:00,7.21999979019165,7.21999979019165,7.21999979019165,7.21999979019165,0,0.0,0.0
2023-09-29 09:30:00-04:00,7.090000152587891,7.090000152587891,6.980000019073486,7.039999961853027,13665,0.0,0.0
2023-09-29 10:30:00-04:00,7.010000228881836,7.050000190734863,7.010000228881836,7.050000190734863,2053,0.0,0.0
2023-09-29 11:30:00-04:00,7.059999942779541,7.059999942779541,7.0,7.059999942779541,1531,0.0,0.0
2023-09-29 12:30:00-04:00,7.059999942779541,7.059999942779541,7.010000228881836,7.058199882507324,2514,0.0,0.0
2023-09-29 15:30:00-04:00,7.150000095367432,7.150000095367432,7.079999923706055,7.150000095367432,1287,0.0,0.0
2023-10-02 09:30:00-04:00,7.059999942779541,7.150000095367432,7.059999942779541,7.139999866485596,1419,0.0,0.0
2023-10-02 10:30:00-04:00,7.179999828338623,7.255000114440918,7.159999847412109,7.190000057220459,2438,0.0,0.0
2023-10-02 11:30:00-04:00,7.300000190734863,7.300000190734863,7.190000057220459,7.190000057220459,299,0.0,0.0
2023-10-02 12:30:00-04:00,7.190000057220459,7.28000020980835,7.190000057220459,7.28000020980835,1571,0.0,0.0
2023-10-02 13:30:00-04:00,7.190000057220459,7.190000057220459,7.180099964141846,7.180099964141846,2663,0.0,0.0
2023-10-02 14:30:00-04:00,7.179999828338623,7.28000020980835,7.179999828338623,7.190000057220459,1895,0.0,0.0
2023-10-02 15:30:00-04:00,7.150000095367432,7.150000095367432,7.150000095367432,7.150000095367432,0,0.0,0.0
2023-10-03 09:30:00-04:00,7.179999828338623,7.309999942779541,7.179999828338623,7.179999828338623,628,0.0,0.0
2023-10-03 10:30:00-04:00,7.179999828338623,7.179999828338623,7.179999828338623,7.179999828338623,318,0.0,0.0
2023-10-03 11:30:00-04:00,7.139999866485596,7.239999771118164,7.130000114440918,7.193699836730957,4123,0.0,0.0
2023-10-03 12:30:00-04:00,7.193699836730957,7.289999961853027,7.170000076293945,7.170000076293945,1000,0.0,0.0
2023-10-03 13:30:00-04:00,7.210000038146973,7.349999904632568,7.190000057220459,7.21999979019165,3985,0.0,0.0
2023-10-03 14:30:00-04:00,7.150000095367432,7.150000095367432,7.150000095367432,7.150000095367432,195,0.0,0.0
2023-10-03 15:30:00-04:00,7.139999866485596,7.139999866485596,7.139999866485596,7.139999866485596,0,0.0,0.0
2023-10-04 09:30:00-04:00,7.170000076293945,7.170000076293945,7.170000076293945,7.170000076293945,139,0.0,0.0
2023-10-04 11:30:00-04:00,7.159999847412109,7.25,7.130000114440918,7.25,2600,0.0,0.0
2023-10-04 13:30:00-04:00,7.079999923706055,7.159999847412109,7.079999923706055,7.159999847412109,7661,0.0,0.0
2023-10-04 15:30:00-04:00,7.099999904632568,7.119999885559082,7.099999904632568,7.119999885559082,400,0.0,0.0
2023-10-05 09:30:00-04:00,7.139999866485596,7.150000095367432,7.099999904632568,7.110000133514404,0,0.0,0.0
2023-10-05 10:30:00-04:00,7.119999885559082,7.119999885559082,7.110000133514404,7.110000133514404,1479,0.0,0.0
2023-10-05 11:30:00-04:00,7.119999885559082,7.159999847412109,7.119999885559082,7.159999847412109,791,0.0,0.0
2023-10-05 12:30:00-04:00,7.119999885559082,7.25,7.119999885559082,7.190000057220459,5232,0.0,0.0
2023-10-05 13:30:00-04:00,7.210000038146973,7.210000038146973,7.179999828338623,7.179999828338623,1798,0.0,0.0
2023-10-05 15:30:00-04:00,7.110000133514404,7.110000133514404,7.110000133514404,7.110000133514404,177,0.0,0.0
2023-10-06 09:30:00-04:00,7.039999961853027,7.059999942779541,6.929999828338623,7.047999858856201,0,0.0,0.0
2023-10-06 10:30:00-04:00,7.047999858856201,7.179999828338623,7.043099880218506,7.179999828338623,1754,0.0,0.0
2023-10-06 11:30:00-04:00,7.119999885559082,7.119999885559082,7.119999885559082,7.119999885559082,100,0.0,0.0
2023-10-06 12:30:00-04:00,7.099999904632568,7.110000133514404,7.099999904632568,7.110000133514404,778,0.0,0.0
2023-10-06 13:30:00-04:00,7.119999885559082,7.170000076293945,7.119999885559082,7.170000076293945,577,0.0,0.0
2023-10-06 14:30:00-04:00,7.119999885559082,7.130000114440918,7.119999885559082,7.119999885559082,749,0.0,0.0
2023-10-06 15:30:00-04:00,7.079999923706055,7.130000114440918,7.079999923706055,7.130000114440918,327,0.0,0.0
2023-10-09 09:30:00-04:00,7.090000152587891,7.110000133514404,7.03000020980835,7.03000020980835,0,0.0,0.0
2023-10-09 10:30:00-04:00,7.075099945068359,7.0980000495910645,7.075099945068359,7.0980000495910645,1798,0.0,0.0
2023-10-09 11:30:00-04:00,7.0980000495910645,7.130000114440918,7.059999942779541,7.099999904632568,2830,0.0,0.0
2023-10-09 12:30:00-04:00,7.110000133514404,7.150000095367432,7.099999904632568,7.139999866485596,1655,0.0,0.0
2023-10-09 13:30:00-04:00,7.110000133514404,7.150000095367432,7.039999961853027,7.119999885559082,984,0.0,0.0
2023-10-09 14:30:00-04:00,7.119999885559082,7.130000114440918,7.110000133514404,7.130000114440918,697,0.0,0.0
2023-10-09 15:30:00-04:00,7.170000076293945,7.170000076293945,7.170000076293945,7.170000076293945,0,0.0,0.0
2023-10-10 09:30:00-04:00,7.110000133514404,7.119999885559082,7.099999904632568,7.119999885559082,3475,0.0,0.0
2023-10-10 10:30:00-04:00,7.139999866485596,7.289999961853027,7.139999866485596,7.230000019073486,6204,0.0,0.0
2023-10-10 12:30:00-04:00,7.230000019073486,7.230000019073486,7.230000019073486,7.230000019073486,100,0.0,0.0
2023-10-10 13:30:00-04:00,7.25,7.25,7.25,7.25,100,0.0,0.0
2023-10-10 14:30:00-04:00,7.260000228881836,7.260000228881836,7.260000228881836,7.260000228881836,101,0.0,0.0
2023-10-10 15:30:00-04:00,7.199999809265137,7.199999809265137,7.179999828338623,7.181000232696533,0,0.0,0.0
2023-10-11 09:30:00-04:00,7.239999771118164,7.320000171661377,7.210000038146973,7.320000171661377,4704,0.0,0.0
2023-10-11 10:30:00-04:00,7.25,7.340000152587891,7.239999771118164,7.239999771118164,4863,0.0,0.0
2023-10-11 11:30:00-04:00,7.28000020980835,7.28000020980835,7.28000020980835,7.28000020980835,100,0.0,0.0
2023-10-11 12:30:00-04:00,7.239999771118164,7.239999771118164,7.239999771118164,7.239999771118164,209,0.0,0.0
2023-10-11 13:30:00-04:00,7.260000228881836,7.260000228881836,7.260000228881836,7.260000228881836,100,0.0,0.0
2023-10-11 14:30:00-04:00,7.269999980926514,7.334199905395508,7.269999980926514,7.334199905395508,0,0.0,0.0
2023-10-12 09:30:00-04:00,7.159999847412109,7.289999961853027,7.139999866485596,7.26200008392334,3577,0.0,0.0
2023-10-12 10:30:00-04:00,7.26200008392334,7.35099983215332,7.260000228881836,7.309999942779541,2698,0.0,0.0
2023-10-12 11:30:00-04:00,7.269999980926514,7.309999942779541,7.269999980926514,7.309999942779541,892,0.0,0.0
2023-10-12 12:30:00-04:00,7.260000228881836,7.28000020980835,7.260000228881836,7.269999980926514,518,0.0,0.0
2023-10-12 13:30:00-04:00,7.289999961853027,7.300000190734863,7.269999980926514,7.28000020980835,814,0.0,0.0
2023-10-12 14:30:00-04:00,7.309999942779541,7.309999942779541,7.25,7.25,2109,0.0,0.0
2023-10-13 09:30:00-04:00,7.150000095367432,7.170000076293945,7.119999885559082,7.170000076293945,0,0.0,0.0
2023-10-13 10:30:00-04:00,7.022500038146973,7.150000095367432,7.022500038146973,7.150000095367432,1779,0.0,0.0
2023-10-13 11:30:00-04:00,7.150000095367432,7.150000095367432,7.119999885559082,7.129899978637695,3420,0.0,0.0
2023-10-13 12:30:00-04:00,7.139999866485596,7.150000095367432,7.050000190734863,7.130000114440918,1744,0.0,0.0
2023-10-13 13:30:00-04:00,7.130000114440918,7.130000114440918,7.130000114440918,7.130000114440918,156,0.0,0.0
2023-10-13 14:30:00-04:00,7.139999866485596,7.150000095367432,7.139999866485596,7.150000095367432,216,0.0,0.0
2023-10-13 15:30:00-04:00,7.090000152587891,7.190000057220459,7.090000152587891,7.190000057220459,728,0.0,0.0
2023-10-16 09:30:00-04:00,7.119999885559082,7.179999828338623,7.099999904632568,7.119999885559082,0,0.0,0.0
2023-10-16 10:30:00-04:00,7.119999885559082,7.179999828338623,7.119999885559082,7.130000114440918,1882,0.0,0.0
2023-10-16 11:30:00-04:00,7.130000114440918,7.130000114440918,7.130000114440918,7.130000114440918,500,0.0,0.0
2023-10-16 12:30:00-04:00,7.130000114440918,7.139999866485596,7.130000114440918,7.139999866485596,1876,0.0,0.0
2023-10-16 13:30:00-04:00,7.130000114440918,7.130000114440918,7.130000114440918,7.130000114440918,100,0.0,0.0
2023-10-16 14:30:00-04:00,7.130000114440918,7.130000114440918,7.130000114440918,7.130000114440918,100,0.0,0.0
2023-10-16 15:30:00-04:00,7.170000076293945,7.199999809265137,7.170000076293945,7.199999809265137,255,0.0,0.0
2023-10-17 09:30:00-04:00,7.130000114440918,7.150000095367432,7.094799995422363,7.150000095367432,0,0.0,0.0
2023-10-17 10:30:00-04:00,7.150000095367432,7.239999771118164,7.150000095367432,7.239999771118164,1912,0.0,0.0
2023-10-17 11:30:00-04:00,7.25,7.289999961853027,7.239999771118164,7.269999980926514,4209,0.0,0.0
2023-10-17 12:30:00-04:00,7.269999980926514,7.269999980926514,7.269999980926514,7.269999980926514,400,0.0,0.0
2023-10-17 13:30:00-04:00,7.2600998878479,7.289999961853027,7.260000228881836,7.289999961853027,1404,0.0,0.0
2023-10-17 14:30:00-04:00,7.25,7.269999980926514,7.25,7.269999980926514,0,0.0,0.0
2023-10-18 09:30:00-04:00,7.179999828338623,7.289999961853027,7.159999847412109,7.289999961853027,1516,0.0,0.0
2023-10-18 10:30:00-04:00,7.28000020980835,7.349999904632568,7.25,7.349999904632568,4920,0.0,0.0
2023-10-18 11:30:00-04:00,7.260000228881836,7.380000114440918,7.249800205230713,7.260000228881836,2457,0.0,0.0
2023-10-18 12:30:00-04:00,7.270100116729736,7.270100116729736,7.270100116729736,7.270100116729736,1396,0.0,0.0
2023-10-18 13:30:00-04:00,7.28000020980835,7.28000020980835,7.28000020980835,7.28000020980835,150,0.0,0.0
2023-10-18 14:30:00-04:00,7.300000190734863,7.300000190734863,7.300000190734863,7.300000190734863,0,0.0,0.0
2023-10-19 09:30:00-04:00,7.289999961853027,7.289999961853027,7.239999771118164,7.239999771118164,835,0.0,0.0
2023-10-19 10:30:00-04:00,7.320000171661377,7.320000171661377,7.269999980926514,7.275000095367432,1607,0.0,0.0
2023-10-19 11:30:00-04:00,7.275000095367432,7.309999942779541,7.260000228881836,7.260000228881836,1898,0.0,0.0
2023-10-19 12:30:00-04:00,7.260000228881836,7.300000190734863,7.25,7.25,1257,0.0,0.0
2023-10-19 13:30:00-04:00,7.380000114440918,7.380000114440918,7.170000076293945,7.230000019073486,3223,0.0,0.0
2023-10-19 14:30:00-04:00,7.21999979019165,7.289999961853027,7.210000038146973,7.289999961853027,2033,0.0,0.0
2023-10-19 15:30:00-04:00,7.269999980926514,7.269999980926514,7.199999809265137,7.199999809265137,430,0.0,0.0
2023-10-20 09:30:00-04:00,7.251999855041504,7.251999855041504,7.251999855041504,7.251999855041504,0,0.0,0.0
2023-10-20 10:30:00-04:00,7.300000190734863,7.341000080108643,7.150000095367432,7.159999847412109,6280,0.0,0.0
2023-10-20 11:30:00-04:00,7.170000076293945,7.179999828338623,7.159999847412109,7.179999828338623,1597,0.0,0.0
2023-10-20 12:30:00-04:00,7.074999809265137,7.179999828338623,7.074999809265137,7.179999828338623,617,0.0,0.0
2023-10-20 13:30:00-04:00,7.150000095367432,7.150000095367432,7.150000095367432,7.150000095367432,391,0.0,0.0
2023-10-20 14:30:00-04:00,7.150000095367432,7.168000221252441,7.150000095367432,7.159999847412109,596,0.0,0.0
2023-10-20 15:30:00-04:00,7.170000076293945,7.239999771118164,7.170000076293945,7.239999771118164,832,0.0,0.0
2023-10-23 09:30:00-04:00,7.119999885559082,7.170000076293945,7.099999904632568,7.170000076293945,0,0.0,0.0
2023-10-23 10:30:00-04:00,7.150000095367432,7.170000076293945,7.150000095367432,7.150000095367432,998,0.0,0.0
2023-10-23 11:30:00-04:00,7.150000095367432,7.159999847412109,7.143099784851074,7.159999847412109,1098,0.0,0.0
2023-10-23 12:30:00-04:00,7.159999847412109,7.210000038146973,7.144000053405762,7.1479997634887695,5764,0.0,0.0
2023-10-23 13:30:00-04:00,7.139999866485596,7.159999847412109,7.119999885559082,7.150000095367432,2416,0.0,0.0
2023-10-24 09:30:00-04:00,7.099999904632568,7.150000095367432,7.099999904632568,7.130000114440918,0,0.0,0.0
2023-10-24 10:30:00-04:00,7.139999866485596,7.260000228881836,7.139999866485596,7.239999771118164,6419,0.0,0.0
2023-10-24 11:30:00-04:00,7.248499870300293,7.248499870300293,7.239999771118164,7.239999771118164,1707,0.0,0.0
2023-10-24 12:30:00-04:00,7.28000020980835,7.28000020980835,7.28000020980835,7.28000020980835,100,0.0,0.0
2023-10-24 13:30:00-04:00,7.239999771118164,7.239999771118164,7.239999771118164,7.239999771118164,200,0.0,0.0
2023-10-25 09:30:00-04:00,7.179999828338623,7.329999923706055,7.179999828338623,7.292500019073486,0,0.0,0.0
2023-10-25 10:30:00-04:00,7.292500019073486,7.329999923706055,7.2677998542785645,7.2677998542785645,3108,0.0,0.0
2023-10-25 11:30:00-04:00,7.320000171661377,7.320000171661377,7.269999980926514,7.269999980926514,500,0.0,0.0
2023-10-25 12:30:00-04:00,7.269999980926514,7.329999923706055,7.269999980926514,7.329999923706055,241,0.0,0.0
2023-10-25 13:30:00-04:00,7.260000228881836,7.315000057220459,7.260000228881836,7.260000228881836,1557,0.0,0.0
2023-10-25 14:30:00-04:00,7.239999771118164,7.300000190734863,7.239999771118164,7.250100135803223,1748,0.0,0.0
2023-10-25 15:30:00-04:00,7.239999771118164,7.239999771118164,7.239999771118164,7.239999771118164,100,0.0,0.0
2023-10-26 09:30:00-04:00,7.179999828338623,7.25,7.150000095367432,7.239999771118164,0,0.0,0.0
2023-10-26 10:30:00-04:00,7.25,7.25,7.25,7.25,106,0.0,0.0
2023-10-26 11:30:00-04:00,7.25,7.329999923706055,7.21999979019165,7.329999923706055,3735,0.0,0.0
2023-10-26 12:30:00-04:00,7.239999771118164,7.239999771118164,7.239999771118164,7.239999771118164,100,0.0,0.0
2023-10-26 13:30:00-04:00,7.329999923706055,7.329999923706055,7.25,7.25,580,0.0,0.0
2023-10-26 14:30:00-04:00,7.269999980926514,7.269999980926514,7.2600998878479,7.2600998878479,0,0.0,0.0
2023-10-27 09:30:00-04:00,7.269999980926514,7.28000020980835,7.242000102996826,7.260000228881836,703,0.0,0.0
2023-10-27 10:30:00-04:00,7.329999923706055,7.329999923706055,7.25,7.25,1007,0.0,0.0
2023-10-27 11:30:00-04:00,7.260000228881836,7.320000171661377,7.239999771118164,7.320000171661377,2110,0.0,0.0
2023-10-27 12:30:00-04:00,7.260000228881836,7.260000228881836,7.25,7.25,2599,0.0,0.0
2023-10-27 13:30:00-04:00,7.230000019073486,7.329999923706055,7.159999847412109,7.329999923706055,8479,0.0,0.0
2023-10-27 14:30:00-04:00,7.329999923706055,7.329999923706055,7.329999923706055,7.329999923706055,734,0.0,0.0
2023-10-27 15:30:00-04:00,7.210000038146973,7.210000038146973,7.010000228881836,7.010000228881836,6430,0.0,0.0
2023-10-30 09:30:00-04:00,7.050000190734863,7.050000190734863,7.0,7.0,0,0.0,0.0
2023-10-30 11:30:00-04:00,7.043799877166748,7.099999904632568,7.019999980926514,7.019999980926514,2064,0.0,0.0
2023-10-30 12:30:00-04:00,7.050000190734863,7.099999904632568,7.019999980926514,7.070000171661377,4097,0.0,0.0
2023-10-30 14:30:00-04:00,7.150000095367432,7.170000076293945,7.150000095367432,7.150000095367432,906,0.0,0.0
2023-10-30 15:30:00-04:00,7.170000076293945,7.170000076293945,7.119999885559082,7.119999885559082,0,0.0,0.0
2023-10-31 09:30:00-04:00,7.170000076293945,7.170000076293945,7.110000133514404,7.139999866485596,1954,0.0,0.0
2023-10-31 10:30:00-04:00,7.130000114440918,7.28000020980835,7.110000133514404,7.130000114440918,3907,0.0,0.0
2023-10-31 11:30:00-04:00,7.119999885559082,7.130000114440918,7.119999885559082,7.130000114440918,200,0.0,0.0
2023-10-31 12:30:00-04:00,7.130000114440918,7.130000114440918,7.130000114440918,7.130000114440918,100,0.0,0.0
2023-10-31 13:30:00-04:00,7.130000114440918,7.130000114440918,7.130000114440918,7.130000114440918,0,0.0,0.0
2023-10-31 14:30:00-04:00,7.019999980926514,7.110000133514404,7.0,7.110000133514404,10172,0.0,0.0
2023-10-31 15:30:00-04:00,7.210000038146973,7.210000038146973,7.179999828338623,7.210000038146973,400,0.0,0.0
2023-11-01 09:30:00-04:00,7.349999904632568,7.369999885559082,7.110000133514404,7.139999866485596,0,0.0,0.0
2023-11-01 10:30:00-04:00,7.119999885559082,7.144999980926514,7.119999885559082,7.119999885559082,1550,0.0,0.0
2023-11-01 11:30:00-04:00,7.119999885559082,7.130000114440918,7.119999885559082,7.130000114440918,1957,0.0,0.0
2023-11-01 12:30:00-04:00,7.130000114440918,7.139999866485596,7.130000114440918,7.139999866485596,1116,0.0,0.0
2023-11-01 13:30:00-04:00,7.139999866485596,7.150000095367432,7.139999866485596,7.150000095367432,2024,0.0,0.0
2023-11-01 14:30:00-04:00,7.150000095367432,7.150000095367432,7.130000114440918,7.139999866485596,855,0.0,0.0
2023-11-01 15:30:00-04:00,7.150000095367432,7.150000095367432,7.150000095367432,7.150000095367432,303,0.0,0.0
2023-11-02 09:30:00-04:00,7.139999866485596,7.150000095367432,7.050000190734863,7.119999885559082,0,0.0,0.0
2023-11-02 10:30:00-04:00,7.179999828338623,7.179999828338623,7.119999885559082,7.119999885559082,809,0.0,0.0
2023-11-02 11:30:00-04:00,7.099999904632568,7.179999828338623,7.099999904632568,7.159999847412109,2085,0.0,0.0
2023-11-02 12:30:00-04:00,7.120100021362305,7.120100021362305,7.119999885559082,7.119999885559082,1207,0.0,0.0
2023-11-02 13:30:00-04:00,7.119999885559082,7.159999847412109,7.119999885559082,7.159999847412109,0,0.0,0.0
2023-11-02 14:30:00-04:00,7.139999866485596,7.159999847412109,7.119999885559082,7.119999885559082,695,0.0,0.0
2023-11-03 09:30:00-04:00,7.099999904632568,7.139999866485596,7.099999904632568,7.130000114440918,3258,0.0,0.0
2023-11-03 10:30:00-04:00,7.099999904632568,7.119999885559082,7.099999904632568,7.119999885559082,304,0.0,0.0
2023-11-03 11:30:00-04:00,7.099999904632568,7.119999885559082,7.079999923706055,7.099999904632568,4109,0.0,0.0
2023-11-03 12:30:00-04:00,7.090000152587891,7.099999904632568,7.090000152587891,7.099999904632568,1100,0.0,0.0
2023-11-03 13:30:00-04:00,7.090000152587891,7.090000152587891,7.090000152587891,7.090000152587891,100,0.0,0.0
2023-11-03 14:30:00-04:00,7.090000152587891,7.119999885559082,7.090000152587891,7.119999885559082,300,0.0,0.0
2023-11-03 15:30:00-04:00,7.110000133514404,7.130000114440918,7.079999923706055,7.130000114440918,1115,0.0,0.0
2023-11-06 09:30:00-05:00,7.099999904632568,7.099999904632568,7.090000152587891,7.090000152587891,0,0.0,0.0
2023-11-06 10:30:00-05:00,7.099999904632568,7.099999904632568,7.079999923706055,7.079999923706055,600,0.0,0.0
2023-11-06 11:30:00-05:00,7.090000152587891,7.090000152587891,7.070000171661377,7.079999923706055,1644,0.0,0.0
2023-11-06 12:30:00-05:00,7.099999904632568,7.099999904632568,7.099999904632568,7.099999904632568,2970,0.0,0.0
2023-11-06 13:30:00-05:00,7.099999904632568,7.099999904632568,7.079999923706055,7.079999923706055,1814,0.0,0.0
2023-11-06 14:30:00-05:00,7.079999923706055,7.079999923706055,7.079999923706055,7.079999923706055,1691,0.0,0.0
2023-11-06 15:30:00-05:00,7.099999904632568,7.099999904632568,7.099999904632568,7.099999904632568,1897,0.0,0.0
2023-11-07 09:30:00-05:00,7.144400119781494,7.150000095367432,7.059999942779541,7.099999904632568,0,0.0,0.0
2023-11-07 10:30:00-05:00,7.039999961853027,7.090000152587891,7.03000020980835,7.03000020980835,1315,0.0,0.0
2023-11-07 11:30:00-05:00,7.099999904632568,7.099999904632568,7.079999923706055,7.079999923706055,807,0.0,0.0
2023-11-07 12:30:00-05:00,7.079999923706055,7.079999923706055,7.070000171661377,7.070000171661377,1300,0.0,0.0
2023-11-07 13:30:00-05:00,7.070000171661377,7.070000171661377,7.070000171661377,7.070000171661377,400,0.0,0.0
2023-11-07 14:30:00-05:00,7.070000171661377,7.070000171661377,7.059999942779541,7.070000171661377,2504,0.0,0.0
2023-11-07 15:30:00-05:00,7.079999923706055,7.079999923706055,7.039999961853027,7.050000190734863,809,0.0,0.0
2023-11-08 09:30:00-05:00,7.0,7.079999923706055,7.0,7.079999923706055,0,0.0,0.0
2023-11-08 10:30:00-05:00,7.070000171661377,7.079999923706055,7.070000171661377,7.070000171661377,1738,0.0,0.0
2023-11-08 11:30:00-05:00,7.090000152587891,7.090000152587891,7.070000171661377,7.079999923706055,678,0.0,0.0
2023-11-08 12:30:00-05:00,7.050000190734863,7.070000171661377,7.050000190734863,7.070000171661377,1164,0.0,0.0
2023-11-08 13:30:00-05:00,7.070000171661377,7.079999923706055,7.070000171661377,7.079999923706055,1863,0.0,0.0
2023-11-08 14:30:00-05:00,7.070000171661377,7.090000152587891,7.070000171661377,7.090000152587891,3418,0.0,0.0
2023-11-08 15:30:00-05:00,7.079999923706055,7.079999923706055,7.070000171661377,7.079999923706055,878,0.0,0.0
2023-11-09 09:30:00-05:00,7.079999923706055,7.090000152587891,7.070000171661377,7.070000171661377,1506,0.0,0.0
2023-11-09 10:30:00-05:00,7.070000171661377,7.070000171661377,7.019999980926514,7.050000190734863,600,0.0,0.0
2023-11-09 11:30:00-05:00,7.050000190734863,7.050000190734863,7.050000190734863,7.050000190734863,200,0.0,0.0
2023-11-09 12:30:00-05:00,7.039999961853027,7.050000190734863,7.039999961853027,7.050000190734863,1190,0.0,0.0
2023-11-09 13:30:00-05:00,7.050000190734863,7.050000190734863,7.0,7.039999961853027,2691,0.0,0.0
2023-11-09 14:30:00-05:00,7.0,7.010000228881836,6.889999866485596,7.010000228881836,2458,0.0,0.0
2023-11-09 15:30:00-05:00,6.980000019073486,7.059999942779541,6.96999979019165,7.039999961853027,0,0.0,0.0
2023-11-10 09:30:00-05:00,7.0,7.010000228881836,7.0,7.010000228881836,1090,0.0,0.0
2023-11-10 10:30:00-05:00,6.989999771118164,7.0,6.989999771118164,7.0,1590,0.0,0.0
2023-11-10 11:30:00-05:00,7.0,7.0,6.989999771118164,6.989999771118164,1700,0.0,0.0
2023-11-10 12:30:00-05:00,6.989999771118164,7.0,6.989999771118164,7.0,300,0.0,0.0
2023-11-10 13:30:00-05:00,7.0,7.0,6.989999771118164,7.0,696,0.0,0.0
2023-11-10 14:30:00-05:00,7.0,7.0,6.854400157928467,6.900000095367432,1100,0.0,0.0
2023-11-10 15:30:00-05:00,6.980000019073486,7.119999885559082,6.980000019073486,7.119999885559082,5768,0.0,0.0
2023-11-13 09:30:00-05:00,7.010000228881836,7.010000228881836,6.949999809265137,6.949999809265137,0,0.0,0.0
2023-11-13 10:30:00-05:00,7.0,7.019999980926514,7.0,7.019999980926514,1625,0.0,0.0
2023-11-13 11:30:00-05:00,7.0,7.0,7.0,7.0,2158,0.0,0.0
2023-11-13 12:30:00-05:00,7.0,7.014999866485596,7.0,7.0,2023,0.0,0.0
2023-11-13 13:30:00-05:00,6.929999828338623,6.980000019073486,6.860000133514404,6.980000019073486,5222,0.0,0.0
2023-11-13 14:30:00-05:00,7.0,7.03000020980835,7.0,7.0,559,0.0,0.0
2023-11-13 15:30:00-05:00,7.03000020980835,7.179999828338623,7.03000020980835,7.139999866485596,0,0.0,0.0
2023-11-14 09:30:00-05:00,7.110099792480469,7.110099792480469,7.03000020980835,7.03000020980835,2446,0.0,0.0
2023-11-14 10:30:00-05:00,7.019999980926514,7.03000020980835,7.010000228881836,7.010000228881836,858,0.0,0.0
2023-11-14 11:30:00-05:00,7.019999980926514,7.03000020980835,7.019999980926514,7.03000020980835,1305,0.0,0.0
2023-11-14 12:30:00-05:00,7.03000020980835,7.03000020980835,7.03000020980835,7.03000020980835,1100,0.0,0.0
2023-11-14 13:30:00-05:00,7.019000053405762,7.019999980926514,7.010000228881836,7.010000228881836,706,0.0,0.0
2023-11-14 14:30:00-05:00,6.938000202178955,7.045000076293945,6.9243998527526855,7.045000076293945,4494,0.0,0.0
2023-11-14 15:30:00-05:00,7.045000076293945,7.28000020980835,7.045000076293945,7.21999979019165,8384,0.0,0.0
2023-11-15 09:30:00-05:00,7.070000171661377,7.070000171661377,7.039999961853027,7.039999961853027,0,0.0,0.0
2023-11-15 10:30:00-05:00,7.050000190734863,7.059999942779541,7.039999961853027,7.039999961853027,2613,0.0,0.0
2023-11-15 11:30:00-05:00,7.039999961853027,7.050000190734863,7.03000020980835,7.03000020980835,1409,0.0,0.0
2023-11-15 13:30:00-05:00,7.03000020980835,7.03000020980835,6.919000148773193,6.949999809265137,5327,0.0,0.0
2023-11-15 14:30:00-05:00,6.909999847412109,6.909999847412109,6.880000114440918,6.900000095367432,782,0.0,0.0
2023-11-15 15:30:00-05:00,6.989999771118164,7.059999942779541,6.989999771118164,7.034599781036377,0,0.0,0.0
2023-11-16 09:30:00-05:00,6.989999771118164,6.989999771118164,6.989999771118164,6.989999771118164,501,0.0,0.0
2023-11-16 10:30:00-05:00,7.0,7.0,7.0,7.0,200,0.0,0.0
2023-11-16 11:30:00-05:00,6.96999979019165,7.0,6.96999979019165,7.0,1152,0.0,0.0
2023-11-16 15:30:00-05:00,6.889999866485596,7.019999980926514,6.889999866485596,7.019999980926514,0,0.0,0.0
2023-11-17 09:30:00-05:00,7.0,7.0,7.0,7.0,100,0.0,0.0
2023-11-17 11:30:00-05:00,7.0,7.010000228881836,7.0,7.010000228881836,703,0.0,0.0
2023-11-17 12:30:00-05:00,7.010000228881836,7.010000228881836,7.010000228881836,7.010000228881836,199,0.0,0.0
2023-11-17 14:30:00-05:00,7.0,7.0,7.0,7.0,272,0.0,0.0
2023-11-17 15:30:00-05:00,7.0,7.010000228881836,6.989999771118164,7.010000228881836,5072,0.0,0.0
2023-11-20 09:30:00-05:00,6.989999771118164,6.989999771118164,6.989999771118164,6.989999771118164,0,0.0,0.0
2023-11-20 10:30:00-05:00,7.005899906158447,7.21999979019165,7.005899906158447,7.050000190734863,12571,0.0,0.0
2023-11-20 11:30:00-05:00,7.059999942779541,7.059999942779541,7.039999961853027,7.039999961853027,863,0.0,0.0
2023-11-20 12:30:00-05:00,7.039999961853027,7.054999828338623,7.019999980926514,7.03000020980835,1429,0.0,0.0
2023-11-20 13:30:00-05:00,7.000100135803223,7.000100135803223,7.000100135803223,7.000100135803223,527,0.0,0.0
2023-11-20 14:30:00-05:00,7.045000076293945,7.045000076293945,7.03000020980835,7.03000020980835,314,0.0,0.0
2023-11-20 15:30:00-05:00,7.03000020980835,7.039999961853027,7.019999980926514,7.03000020980835,0,0.0,0.0
2023-11-21 09:30:00-05:00,7.0,7.0,7.0,7.0,112,0.0,0.0
2023-11-21 10:30:00-05:00,7.0,7.0,7.0,7.0,100,0.0,0.0
2023-11-21 11:30:00-05:00,7.0,7.0,7.0,7.0,100,0.0,0.0
2023-11-21 12:30:00-05:00,7.0,7.0,7.0,7.0,100,0.0,0.0
2023-11-21 13:30:00-05:00,7.0,7.0,7.0,7.0,103,0.0,0.0
2023-11-21 14:30:00-05:00,7.0,7.0,7.0,7.0,100,0.0,0.0
2023-11-21 15:30:00-05:00,6.989999771118164,7.008900165557861,6.989999771118164,7.005000114440918,1119,0.0,0.0
2023-11-22 09:30:00-05:00,7.0,7.0,7.0,7.0,0,0.0,0.0
2023-11-22 10:30:00-05:00,7.0,7.0,7.0,7.0,100,0.0,0.0
2023-11-22 12:30:00-05:00,7.0,7.0,7.0,7.0,100,0.0,0.0
2023-11-22 13:30:00-05:00,7.0,7.0,7.0,7.0,200,0.0,0.0
2023-11-22 14:30:00-05:00,6.960000038146973,7.0,6.960000038146973,7.0,235,0.0,0.0
2023-11-22 15:30:00-05:00,7.0,7.008900165557861,7.0,7.008900165557861,335,0.0,0.0
2023-11-24 10:30:00-05:00,6.989999771118164,7.0,6.989999771118164,7.0,0,0.0,0.0
2023-11-24 11:30:00-05:00,6.980000019073486,7.309999942779541,6.980000019073486,7.050000190734863,10222,0.0,0.0
2023-11-27 09:30:00-05:00,7.03000020980835,7.099999904632568,6.989999771118164,6.989999771118164,2846,0.0,0.0
2023-11-27 10:30:00-05:00,6.960000038146973,6.980000019073486,6.940000057220459,6.960000038146973,1001,0.0,0.0
2023-11-27 11:30:00-05:00,6.989999771118164,6.989999771118164,6.949999809265137,6.949999809265137,200,0.0,0.0
2023-11-27 12:30:00-05:00,6.940000057220459,6.980000019073486,6.929999828338623,6.980000019073486,994,0.0,0.0
2023-11-27 13:30:00-05:00,6.980000019073486,6.980000019073486,6.909999847412109,6.980000019073486,861,0.0,0.0
2023-11-27 15:30:00-05:00,6.960000038146973,7.019999980926514,6.960000038146973,7.019999980926514,0,0.0,0.0
2023-11-28 09:30:00-05:00,7.019999980926514,7.079999923706055,6.920000076293945,6.920000076293945,5407,0.0,0.0
2023-11-28 10:30:00-05:00,6.920000076293945,6.920000076293945,6.920000076293945,6.920000076293945,214,0.0,0.0
2023-11-28 11:30:00-05:00,6.989999771118164,6.989999771118164,6.989999771118164,6.989999771118164,107,0.0,0.0
2023-11-28 13:30:00-05:00,6.980000019073486,6.980000019073486,6.980000019073486,6.980000019073486,167,0.0,0.0
2023-11-28 15:30:00-05:00,6.909999847412109,6.980000019073486,6.909999847412109,6.980000019073486,471,0.0,0.0
2023-11-29 09:30:00-05:00,6.869999885559082,7.010000228881836,6.869999885559082,6.889999866485596,0,0.0,0.0
2023-11-29 10:30:00-05:00,6.949999809265137,6.949999809265137,6.949999809265137,6.949999809265137,100,0.0,0.0
2023-11-29 12:30:00-05:00,6.949999809265137,6.949999809265137,6.949999809265137,6.949999809265137,100,0.0,0.0
2023-11-29 13:30:00-05:00,6.960000038146973,6.960000038146973,6.829999923706055,6.829999923706055,200,0.0,0.0
2023-11-29 14:30:00-05:00,6.949999809265137,6.989999771118164,6.829999923706055,6.829999923706055,300,0.0,0.0
2023-11-29 15:30:00-05:00,6.909999847412109,6.909999847412109,6.898799896240234,6.898799896240234,0,0.0,0.0
2023-11-30 09:30:00-05:00,7.001999855041504,7.001999855041504,6.829999923706055,6.829999923706055,1885,0.0,0.0
2023-11-30 10:30:00-05:00,6.909999847412109,6.909999847412109,6.829999923706055,6.829999923706055,395,0.0,0.0
2023-11-30 11:30:00-05:00,6.809999942779541,6.809999942779541,6.75,6.75,1097,0.0,0.0
2023-11-30 14:30:00-05:00,6.75,6.800000190734863,6.650000095367432,6.795000076293945,1340,0.0,0.0
2023-11-30 15:30:00-05:00,6.769999980926514,6.940000057220459,6.75,6.940000057220459,0,0.0,0.0
2023-12-01 09:30:00-05:00,6.710000038146973,6.909999847412109,6.710000038146973,6.880000114440918,2866,0.0,0.0
2023-12-01 11:30:00-05:00,6.849999904632568,6.849999904632568,6.849999904632568,6.849999904632568,110,0.0,0.0
2023-12-01 12:30:00-05:00,6.849999904632568,6.849999904632568,6.849999904632568,6.849999904632568,100,0.0,0.0
2023-12-01 13:30:00-05:00,6.849999904632568,6.849999904632568,6.75,6.75,201,0.0,0.0
2023-12-01 14:30:00-05:00,6.820000171661377,6.820000171661377,6.820000171661377,6.820000171661377,100,0.0,0.0
2023-12-01 15:30:00-05:00,6.769999980926514,6.929999828338623,6.75,6.869999885559082,7588,0.0,0.0
2023-12-04 09:30:00-05:00,6.670000076293945,6.820000171661377,6.670000076293945,6.820000171661377,0,0.0,0.0
2023-12-04 10:30:00-05:00,6.829999923706055,6.829999923706055,6.829999923706055,6.829999923706055,101,0.0,0.0
2023-12-04 11:30:00-05:00,6.840000152587891,6.840000152587891,6.840000152587891,6.840000152587891,100,0.0,0.0
2023-12-04 12:30:00-05:00,6.71999979019165,6.769999980926514,6.650000095367432,6.769999980926514,4634,0.0,0.0
2023-12-04 14:30:00-05:00,6.71999979019165,6.75,6.619999885559082,6.75,1560,0.0,0.0
2023-12-04 15:30:00-05:00,6.670000076293945,6.800000190734863,6.659999847412109,6.800000190734863,0,0.0,0.0
2023-12-05 10:30:00-05:00,6.78000020980835,6.78000020980835,6.650000095367432,6.650000095367432,578,0.0,0.0
2023-12-05 11:30:00-05:00,6.820000171661377,6.820000171661377,6.650000095367432,6.730000019073486,2772,0.0,0.0
2023-12-05 12:30:00-05:00,6.619999885559082,6.619999885559082,6.550000190734863,6.550000190734863,703,0.0,0.0
2023-12-05 13:30:00-05:00,6.590000152587891,6.590000152587891,6.570000171661377,6.570000171661377,669,0.0,0.0
2023-12-05 14:30:00-05:00,6.550000190734863,6.550000190734863,6.519999980926514,6.519999980926514,750,0.0,0.0
2023-12-05 15:30:00-05:00,6.550000190734863,6.690000057220459,6.550000190734863,6.690000057220459,0,0.0,0.0
2023-12-06 09:30:00-05:00,6.710000038146973,6.710000038146973,6.5,6.5,1466,0.0,0.0
2023-12-06 10:30:00-05:00,6.460100173950195,6.5,6.400000095367432,6.5,1554,0.0,0.0
2023-12-06 11:30:00-05:00,6.489999771118164,6.5,6.400000095367432,6.440000057220459,2198,0.0,0.0
2023-12-06 13:30:00-05:00,6.53000020980835,6.53000020980835,6.53000020980835,6.53000020980835,100,0.0,0.0
2023-12-06 14:30:00-05:00,6.559999942779541,6.559999942779541,6.559999942779541,6.559999942779541,219,0.0,0.0
2023-12-06 15:30:00-05:00,6.460000038146973,6.630000114440918,6.460000038146973,6.619999885559082,0,0.0,0.0
2023-12-07 09:30:00-05:00,6.539999961853027,6.550000190734863,6.349999904632568,6.400000095367432,6525,0.0,0.0
2023-12-07 11:30:00-05:00,6.5,6.5,6.460000038146973,6.460000038146973,3314,0.0,0.0
2023-12-07 12:30:00-05:00,6.460000038146973,6.539999961853027,6.400100231170654,6.400100231170654,3123,0.0,0.0
2023-12-07 13:30:00-05:00,6.489999771118164,6.489999771118164,6.489999771118164,6.489999771118164,100,0.0,0.0
2023-12-07 15:30:00-05:00,6.480000019073486,6.650000095367432,6.46999979019165,6.650000095367432,0,0.0,0.0
2023-12-08 09:30:00-05:00,6.460000038146973,6.460000038146973,6.309999942779541,6.309999942779541,1347,0.0,0.0
2023-12-08 11:30:00-05:00,6.28000020980835,6.28000020980835,6.28000020980835,6.28000020980835,139,0.0,0.0
2023-12-08 13:30:00-05:00,6.21999979019165,6.21999979019165,6.179999828338623,6.179999828338623,378,0.0,0.0
2023-12-08 14:30:00-05:00,6.099999904632568,6.099999904632568,6.059999942779541,6.059999942779541,3226,0.0,0.0
2023-12-08 15:30:00-05:00,6.130000114440918,6.199999809265137,5.869999885559082,6.159999847412109,2928,0.0,0.0
2023-12-11 09:30:00-05:00,6.139999866485596,6.239999771118164,6.010000228881836,6.010000228881836,6737,0.0,0.0
2023-12-11 10:30:00-05:00,6.099999904632568,6.099999904632568,6.019999980926514,6.03000020980835,502,0.0,0.0
2023-12-11 11:30:00-05:00,6.03000020980835,6.130000114440918,6.03000020980835,6.130000114440918,579,0.0,0.0
2023-12-11 12:30:00-05:00,6.03000020980835,6.03000020980835,6.03000020980835,6.03000020980835,100,0.0,0.0
2023-12-11 14:30:00-05:00,5.949999809265137,6.009900093078613,5.900000095367432,5.900000095367432,1730,0.0,0.0
2023-12-11 15:30:00-05:00,5.914999961853027,6.119999885559082,5.849999904632568,6.119999885559082,3344,0.0,0.0
2023-12-12 09:30:00-05:00,5.849999904632568,5.849999904632568,5.849999904632568,5.849999904632568,0,0.0,0.0
2023-12-12 10:30:00-05:00,5.78000020980835,5.78000020980835,5.78000020980835,5.78000020980835,100,0.0,0.0
2023-12-12 11:30:00-05:00,5.78000020980835,5.78000020980835,5.78000020980835,5.78000020980835,100,0.0,0.0
2023-12-12 13:30:00-05:00,5.730000019073486,5.730000019073486,5.730000019073486,5.730000019073486,201,0.0,0.0
2023-12-12 15:30:00-05:00,5.659999847412109,5.75,5.579999923706055,5.75,33696,0.0,0.0
2023-12-13 09:30:00-05:00,3.9600000381469727,4.0,2.799999952316284,2.950000047683716,149895,0.0,0.0
2023-12-13 10:30:00-05:00,3.0,3.5899999141693115,2.992300033569336,3.4000000953674316,81451,0.0,0.0
2023-12-13 11:30:00-05:00,3.3101000785827637,3.487499952316284,3.0,3.25,23835,0.0,0.0
2023-12-13 12:30:00-05:00,3.2100000381469727,3.299999952316284,3.200000047683716,3.2899999618530273,6470,0.0,0.0
2023-12-13 13:30:00-05:00,3.2799999713897705,3.380000114440918,3.255000114440918,3.3499999046325684,22013,0.0,0.0
2023-12-13 14:30:00-05:00,3.3499999046325684,3.380000114440918,3.220099925994873,3.285399913787842,20070,0.0,0.0
2023-12-13 15:30:00-05:00,3.305000066757202,3.380000114440918,3.2200000286102295,3.299999952316284,0,0.0,0.0
2023-12-14 09:30:00-05:00,3.140000104904175,3.140000104904175,2.69569993019104,2.884999990463257,51048,0.0,0.0
2023-12-14 10:30:00-05:00,2.940000057220459,3.140000104904175,2.859999895095825,2.9000000953674316,27436,0.0,0.0
2023-12-14 11:30:00-05:00,2.9000000953674316,2.9000000953674316,2.829900026321411,2.829900026321411,11171,0.0,0.0
2023-12-14 12:30:00-05:00,2.8299999237060547,2.8299999237060547,2.7799999713897705,2.7899999618530273,4048,0.0,0.0
2023-12-14 13:30:00-05:00,2.7899999618530273,2.7899999618530273,2.7300000190734863,2.7300000190734863,3910,0.0,0.0
2023-12-14 14:30:00-05:00,2.740000009536743,2.7400999069213867,2.7100000381469727,2.7100000381469727,8731,0.0,0.0
2023-12-14 15:30:00-05:00,2.7100000381469727,2.7899999618530273,2.7100000381469727,2.7736001014709473,0,0.0,0.0
2023-12-15 09:30:00-05:00,2.6600000858306885,2.6798999309539795,2.509999990463257,2.549999952316284,25221,0.0,0.0
2023-12-15 10:30:00-05:00,2.54010009765625,2.559999942779541,2.4000000953674316,2.4200000762939453,13559,0.0,0.0
2023-12-15 11:30:00-05:00,2.420099973678589,2.420099973678589,2.359999895095825,2.359999895095825,3437,0.0,0.0
2023-12-15 12:30:00-05:00,2.359999895095825,2.4000000953674316,2.2799999713897705,2.300100088119507,6187,0.0,0.0
2023-12-15 13:30:00-05:00,2.3550000190734863,2.399899959564209,2.309999942779541,2.399899959564209,6556,0.0,0.0
2023-12-15 14:30:00-05:00,2.4000000953674316,2.4000000953674316,2.4000000953674316,2.4000000953674316,170,0.0,0.0
2023-12-15 15:30:00-05:00,2.375,2.4000000953674316,2.369999885559082,2.369999885559082,2285,0.0,0.0
2023-12-18 09:30:00-05:00,2.3299999237060547,2.3299999237060547,2.25,2.25,9399,0.0,0.0
2023-12-18 10:30:00-05:00,2.259999990463257,2.309299945831299,2.210099935531616,2.309299945831299,3991,0.0,0.0
2023-12-18 11:30:00-05:00,2.309999942779541,2.4298999309539795,2.2899999618530273,2.4298999309539795,7449,0.0,0.0
2023-12-18 12:30:00-05:00,2.3499999046325684,2.507999897003174,2.3499999046325684,2.430000066757202,5823,0.0,0.0
2023-12-18 13:30:00-05:00,2.384999990463257,2.450000047683716,2.384999990463257,2.450000047683716,917,0.0,0.0
2023-12-18 14:30:00-05:00,2.4700000286102295,2.599900007247925,2.4600000381469727,2.460099935531616,6813,0.0,0.0
2023-12-18 15:30:00-05:00,2.473900079727173,2.5,2.4700000286102295,2.4809000492095947,3813,0.0,0.0
2023-12-19 09:30:00-05:00,2.490000009536743,2.490000009536743,2.4000000953674316,2.4200000762939453,13774,0.0,0.0
2023-12-19 10:30:00-05:00,2.4300999641418457,2.609999895095825,2.4300999641418457,2.5899999141693115,680,0.0,0.0
2023-12-19 11:30:00-05:00,2.4921998977661133,2.4921998977661133,2.4921998977661133,2.4921998977661133,242,0.0,0.0
2023-12-19 12:30:00-05:00,2.490000009536743,2.490000009536743,2.4600000381469727,2.489000082015991,1068,0.0,0.0
2023-12-19 13:30:00-05:00,2.4798998832702637,2.4800000190734863,2.4100000858306885,2.4100000858306885,6807,0.0,0.0
2023-12-19 14:30:00-05:00,2.4800000190734863,2.4800000190734863,2.4800000190734863,2.4800000190734863,115,0.0,0.0
2023-12-19 15:30:00-05:00,2.4800000190734863,2.4800000190734863,2.450000047683716,2.450000047683716,0,0.0,0.0
2023-12-20 09:30:00-05:00,2.509999990463257,2.509999990463257,2.4003000259399414,2.4100000858306885,2729,0.0,0.0
2023-12-20 10:30:00-05:00,2.430000066757202,2.5099000930786133,2.4200000762939453,2.439199924468994,3596,0.0,0.0
2023-12-20 11:30:00-05:00,2.515000104904175,2.515000104904175,2.440000057220459,2.444999933242798,1038,0.0,0.0
2023-12-20 12:30:00-05:00,2.4649999141693115,2.4649999141693115,2.4600000381469727,2.4600000381469727,400,0.0,0.0
2023-12-20 13:30:00-05:00,2.4154999256134033,2.4154999256134033,2.4000000953674316,2.4000000953674316,1884,0.0,0.0
2023-12-20 14:30:00-05:00,2.4200000762939453,2.4200000762939453,2.4000000953674316,2.4000000953674316,1764,0.0,0.0
2023-12-20 15:30:00-05:00,2.4000000953674316,2.4000000953674316,2.390000104904175,2.390000104904175,0,0.0,0.0
2023-12-21 09:30:00-05:00,2.4700000286102295,2.4800000190734863,2.2100000381469727,2.361999988555908,15361,0.0,0.0
2023-12-21 10:30:00-05:00,2.390000104904175,2.430000066757202,2.3798000812530518,2.4200000762939453,8361,0.0,0.0
2023-12-21 11:30:00-05:00,2.4200000762939453,2.4200000762939453,2.4200000762939453,2.4200000762939453,640,0.0,0.0
2023-12-21 12:30:00-05:00,2.350100040435791,2.359999895095825,2.319999933242798,2.319999933242798,4455,0.0,0.0
2023-12-21 13:30:00-05:00,2.335599899291992,2.3399999141693115,2.319999933242798,2.3399999141693115,788,0.0,0.0
2023-12-21 14:30:00-05:00,2.300100088119507,2.3399999141693115,2.300100088119507,2.3399999141693115,423,0.0,0.0
2023-12-21 15:30:00-05:00,2.319999933242798,2.319999933242798,2.319999933242798,2.319999933242798,0,0.0,0.0
2023-12-22 09:30:00-05:00,2.4200000762939453,2.4200000762939453,2.319999933242798,2.3399999141693115,3519,0.0,0.0
2023-12-22 10:30:00-05:00,2.3499999046325684,2.3499999046325684,2.319999933242798,2.319999933242798,2498,0.0,0.0
2023-12-22 12:30:00-05:00,2.4100000858306885,2.4100000858306885,2.319999933242798,2.319999933242798,6039,0.0,0.0
2023-12-22 14:30:00-05:00,2.3399999141693115,2.3399999141693115,2.3399999141693115,2.3399999141693115,105,0.0,0.0
2023-12-22 15:30:00-05:00,2.3299999237060547,2.3299999237060547,2.319999933242798,2.319999933242798,2668,0.0,0.0
2023-12-26 09:30:00-05:00,2.3299999237060547,2.3299999237060547,2.25,2.25,6165,0.0,0.0
2023-12-26 10:30:00-05:00,2.2799999713897705,2.3399999141693115,2.1600000858306885,2.1600000858306885,23339,0.0,0.0
2023-12-26 11:30:00-05:00,2.2100000381469727,2.2100000381469727,2.090100049972534,2.101099967956543,13923,0.0,0.0
2023-12-26 12:30:00-05:00,2.109999895095825,2.200000047683716,2.109999895095825,2.1700000762939453,2784,0.0,0.0
2023-12-26 14:30:00-05:00,2.134999990463257,2.1500000953674316,2.134999990463257,2.1500000953674316,792,0.0,0.0
2023-12-26 15:30:00-05:00,2.1500000953674316,2.1500000953674316,2.109999895095825,2.109999895095825,0,0.0,0.0
2023-12-27 09:30:00-05:00,2.0,2.0276999473571777,1.899999976158142,1.9266999959945679,46189,0.0,0.0
2023-12-27 10:30:00-05:00,1.9500000476837158,1.9500000476837158,1.9199999570846558,1.9458999633789062,3347,0.0,0.0
2023-12-27 11:30:00-05:00,1.899999976158142,1.899999976158142,1.8487999439239502,1.8601000308990479,4748,0.0,0.0
2023-12-27 12:30:00-05:00,1.8701000213623047,1.8701000213623047,1.840000033378601,1.840000033378601,4244,0.0,0.0
2023-12-27 13:30:00-05:00,1.843000054359436,1.850000023841858,1.843000054359436,1.850000023841858,620,0.0,0.0
2023-12-27 14:30:00-05:00,1.8468999862670898,1.850000023841858,1.844599962234497,1.850000023841858,3393,0.0,0.0
2023-12-27 15:30:00-05:00,1.850000023841858,1.850000023841858,1.8200000524520874,1.8200000524520874,2457,0.0,0.0
2023-12-28 09:30:00-05:00,1.7699999809265137,1.809999942779541,1.75,1.7999999523162842,23049,0.0,0.0
2023-12-28 10:30:00-05:00,1.822700023651123,1.850000023841858,1.7999999523162842,1.850000023841858,3087,0.0,0.0
2023-12-28 11:30:00-05:00,1.8493000268936157,1.9500000476837158,1.809999942779541,1.9500000476837158,13868,0.0,0.0
2023-12-28 12:30:00-05:00,1.976699948310852,2.0,1.9299999475479126,1.9299999475479126,4331,0.0,0.0
2023-12-28 13:30:00-05:00,1.9199999570846558,1.9299999475479126,1.9199999570846558,1.9299999475479126,990,0.0,0.0
2023-12-28 14:30:00-05:00,1.8200000524520874,1.9299999475479126,1.8200000524520874,1.9299999475479126,804,0.0,0.0
2023-12-28 15:30:00-05:00,1.850000023841858,1.850000023841858,1.809999942779541,1.850000023841858,0,0.0,0.0
2023-12-29 09:30:00-05:00,1.9600000381469727,1.9600000381469727,1.8600000143051147,1.8600000143051147,8497,0.0,0.0
2023-12-29 10:30:00-05:00,1.8600000143051147,1.8996000289916992,1.809999942779541,1.8600000143051147,4711,0.0,0.0
2023-12-29 11:30:00-05:00,1.8600000143051147,1.8600000143051147,1.850000023841858,1.8600000143051147,1426,0.0,0.0
2023-12-29 13:30:00-05:00,1.8650000095367432,1.8650000095367432,1.8600000143051147,1.8600000143051147,461,0.0,0.0
2023-12-29 14:30:00-05:00,1.8600000143051147,1.8600000143051147,1.8200000524520874,1.850000023841858,1823,0.0,0.0
2023-12-29 15:30:00-05:00,1.850000023841858,1.850000023841858,1.850000023841858,1.850000023841858,1254,0.0,0.0
2024-01-02 09:30:00-05:00,1.7999999523162842,1.8799999952316284,1.7999999523162842,1.8798999786376953,2890,0.0,0.0
2024-01-02 11:30:00-05:00,1.840000033378601,1.850000023841858,1.7999999523162842,1.850000023841858,2091,0.0,0.0
2024-01-02 14:30:00-05:00,1.7699999809265137,1.8200000524520874,1.7599999904632568,1.8200000524520874,933,0.0,0.0
2024-01-03 09:30:00-05:00,1.7699999809265137,1.7699999809265137,1.75,1.75,3652,0.0,0.0
2024-01-03 10:30:00-05:00,1.75,1.75,1.7400000095367432,1.7400000095367432,1812,0.0,0.0
2024-01-03 11:30:00-05:00,1.7000000476837158,1.7299000024795532,1.6548000574111938,1.7213000059127808,3338,0.0,0.0
2024-01-03 12:30:00-05:00,1.7200000286102295,1.7200000286102295,1.7000000476837158,1.7200000286102295,1598,0.0,0.0
2024-01-03 13:30:00-05:00,1.7200000286102295,1.7295000553131104,1.6677000522613525,1.6677000522613525,2628,0.0,0.0
2024-01-03 14:30:00-05:00,1.6799999475479126,1.6799999475479126,1.649999976158142,1.649999976158142,2440,0.0,0.0
2024-01-03 15:30:00-05:00,1.659999966621399,1.659999966621399,1.6399999856948853,1.6399999856948853,0,0.0,0.0
2024-01-04 09:30:00-05:00,1.659999966621399,1.659999966621399,1.6200000047683716,1.6200000047683716,1608,0.0,0.0
2024-01-04 10:30:00-05:00,1.6399999856948853,1.649999976158142,1.621500015258789,1.649999976158142,3190,0.0,0.0
2024-01-04 13:30:00-05:00,1.6502000093460083,1.6502000093460083,1.6500999927520752,1.6500999927520752,1300,0.0,0.0
2024-01-04 14:30:00-05:00,1.649999976158142,1.7300000190734863,1.6399999856948853,1.7300000190734863,1345,0.0,0.0
2024-01-04 15:30:00-05:00,1.6399999856948853,1.6399999856948853,1.6299999952316284,1.6299999952316284,0,0.0,0.0
2024-01-05 09:30:00-05:00,1.590000033378601,1.590000033378601,1.4420000314712524,1.5815999507904053,8820,0.0,0.0
2024-01-05 11:30:00-05:00,1.5,1.589900016784668,1.5,1.5520000457763672,2578,0.0,0.0
2024-01-05 12:30:00-05:00,1.5299999713897705,1.5299999713897705,1.5299999713897705,1.5299999713897705,473,0.0,0.0
2024-01-05 13:30:00-05:00,1.4711999893188477,1.4711999893188477,1.4711999893188477,1.4711999893188477,1465,0.0,0.0
2024-01-05 14:30:00-05:00,1.4950000047683716,1.5140000581741333,1.4950000047683716,1.5099999904632568,1743,0.0,0.0
2024-01-05 15:30:00-05:00,1.4800000190734863,1.4895000457763672,1.4700000286102295,1.4700000286102295,2080,0.0,0.0
2024-01-08 09:30:00-05:00,1.4700000286102295,1.4700000286102295,1.4040000438690186,1.4299999475479126,14879,0.0,0.0
2024-01-08 10:30:00-05:00,1.4299999475479126,1.4299999475479126,1.3847999572753906,1.3863999843597412,2776,0.0,0.0
2024-01-08 11:30:00-05:00,1.3901000022888184,1.3930000066757202,1.3901000022888184,1.3901000022888184,2173,0.0,0.0
2024-01-08 12:30:00-05:00,1.4600000381469727,1.4600000381469727,1.4600000381469727,1.4600000381469727,493,0.0,0.0
2024-01-08 14:30:00-05:00,1.4599000215530396,1.4599000215530396,1.4199999570846558,1.4573999643325806,1082,0.0,0.0
2024-01-08 15:30:00-05:00,1.4520000219345093,1.4520000219345093,1.4520000219345093,1.4520000219345093,0,0.0,0.0
2024-01-09 09:30:00-05:00,1.3799999952316284,1.3854000568389893,1.2918000221252441,1.3854000568389893,14413,0.0,0.0
2024-01-09 10:30:00-05:00,1.3600000143051147,1.3600000143051147,1.3600000143051147,1.3600000143051147,1779,0.0,0.0
2024-01-09 11:30:00-05:00,1.350000023841858,1.3799999952316284,1.350000023841858,1.3799999952316284,2637,0.0,0.0
2024-01-09 12:30:00-05:00,1.3899999856948853,1.3899999856948853,1.340000033378601,1.340000033378601,1861,0.0,0.0
2024-01-09 13:30:00-05:00,1.3499000072479248,1.3600000143051147,1.3480000495910645,1.3600000143051147,1492,0.0,0.0
2024-01-09 14:30:00-05:00,1.340000033378601,1.3600000143051147,1.340000033378601,1.3600000143051147,4122,0.0,0.0
2024-01-09 15:30:00-05:00,1.3589999675750732,1.3589999675750732,1.350000023841858,1.350000023841858,1209,0.0,0.0
2024-01-10 09:30:00-05:00,1.3300000429153442,1.5299999713897705,1.2623000144958496,1.3550000190734863,46609,0.0,0.0
2024-01-10 10:30:00-05:00,1.4199999570846558,1.4838999509811401,1.3899999856948853,1.4838999509811401,14013,0.0,0.0
2024-01-10 11:30:00-05:00,1.432800054550171,1.432800054550171,1.399999976158142,1.399999976158142,4567,0.0,0.0
2024-01-10 12:30:00-05:00,1.420699954032898,1.420699954032898,1.399999976158142,1.399999976158142,203,0.0,0.0
2024-01-10 13:30:00-05:00,1.399999976158142,1.5199999809265137,1.399999976158142,1.4981000423431396,3945,0.0,0.0
2024-01-10 14:30:00-05:00,1.4900000095367432,1.4900000095367432,1.4249999523162842,1.4249999523162842,805,0.0,0.0
2024-01-10 15:30:00-05:00,1.440000057220459,1.440000057220459,1.399999976158142,1.399999976158142,0,0.0,0.0
2024-01-11 09:30:00-05:00,1.4110000133514404,1.4284000396728516,1.399999976158142,1.4284000396728516,2529,0.0,0.0
2024-01-11 10:30:00-05:00,1.399999976158142,1.399999976158142,1.399999976158142,1.399999976158142,0,0.0,0.0
2024-01-11 11:30:00-05:00,1.4299999475479126,1.4299999475479126,1.3300000429153442,1.3380999565124512,8763,0.0,0.0
2024-01-11 12:30:00-05:00,1.3799999952316284,1.3799999952316284,1.3799999952316284,1.3799999952316284,154,0.0,0.0
2024-01-11 13:30:00-05:00,1.3427000045776367,1.3427000045776367,1.340000033378601,1.340000033378601,1753,0.0,0.0
2024-01-11 14:30:00-05:00,1.342900037765503,1.342900037765503,1.3401000499725342,1.3401000499725342,0,0.0,0.0
2024-01-12 09:30:00-05:00,1.3575999736785889,1.3700000047683716,1.3575999736785889,1.3600000143051147,2322,0.0,0.0
2024-01-12 10:30:00-05:00,1.3600000143051147,1.3600000143051147,1.3600000143051147,1.3600000143051147,497,0.0,0.0
2024-01-12 11:30:00-05:00,1.3724000453948975,1.3724000453948975,1.3690999746322632,1.3690999746322632,893,0.0,0.0
2024-01-12 13:30:00-05:00,1.3799999952316284,1.3799999952316284,1.3799999952316284,1.3799999952316284,269,0.0,0.0
2024-01-12 14:30:00-05:00,1.4500000476837158,1.4500000476837158,1.4500000476837158,1.4500000476837158,968,0.0,0.0
2024-01-12 15:30:00-05:00,1.3899999856948853,1.3899999856948853,1.3899999856948853,1.3899999856948853,158,0.0,0.0
2024-01-16 09:30:00-05:00,1.4600000381469727,1.4600000381469727,1.3300000429153442,1.339900016784668,5430,0.0,0.0
2024-01-16 10:30:00-05:00,1.3200000524520874,1.3640999794006348,1.3200000524520874,1.340000033378601,973,0.0,0.0
2024-01-16 11:30:00-05:00,1.340000033378601,1.340000033378601,1.2599999904632568,1.26010000705719,7265,0.0,0.0
2024-01-16 12:30:00-05:00,1.3740999698638916,1.3799999952316284,1.3740999698638916,1.3799999952316284,631,0.0,0.0
2024-01-16 14:30:00-05:00,1.2899999618530273,1.2899999618530273,1.2899999618530273,1.2899999618530273,144,0.0,0.0
2024-01-16 15:30:00-05:00,1.2900999784469604,1.3300000429153442,1.2900999784469604,1.3300000429153442,609,0.0,0.0
2024-01-17 09:30:00-05:00,1.2899999618530273,1.2899999618530273,1.2899999618530273,1.2899999618530273,211,0.0,0.0
2024-01-17 10:30:00-05:00,1.2699999809265137,1.2699999809265137,1.2300000190734863,1.2400000095367432,8260,0.0,0.0
2024-01-17 11:30:00-05:00,1.2599999904632568,1.2699999809265137,1.2400000095367432,1.2410000562667847,1852,0.0,0.0
2024-01-17 12:30:00-05:00,1.2401000261306763,1.2410000562667847,1.2400000095367432,1.2410000562667847,688,0.0,0.0
2024-01-17 13:30:00-05:00,1.2300000190734863,1.2300000190734863,1.2300000190734863,1.2300000190734863,1115,0.0,0.0
2024-01-17 14:30:00-05:00,1.2100000381469727,1.2100000381469727,1.2100000381469727,1.2100000381469727,1197,0.0,0.0
2024-01-17 15:30:00-05:00,1.2788000106811523,1.2788000106811523,1.2788000106811523,1.2788000106811523,400,0.0,0.0
2024-01-18 09:30:00-05:00,1.2258000373840332,1.2258000373840332,1.2245999574661255,1.2245999574661255,2179,0.0,0.0
2024-01-18 10:30:00-05:00,1.2101000547409058,1.2300000190734863,1.2101000547409058,1.2300000190734863,1801,0.0,0.0
2024-01-18 11:30:00-05:00,1.2400000095367432,1.2899999618530273,1.2400000095367432,1.2400000095367432,5347,0.0,0.0
2024-01-18 12:30:00-05:00,1.2305999994277954,1.2305999994277954,1.2300000190734863,1.2300000190734863,2109,0.0,0.0
2024-01-18 13:30:00-05:00,1.2300000190734863,1.2300000190734863,1.2300000190734863,1.2300000190734863,510,0.0,0.0
2024-01-18 14:30:00-05:00,1.2599999904632568,1.2599999904632568,1.2589999437332153,1.2589999437332153,1650,0.0,0.0
2024-01-19 09:30:00-05:00,1.2244999408721924,1.2244999408721924,1.2100000381469727,1.2199000120162964,2362,0.0,0.0
2024-01-19 10:30:00-05:00,1.2100000381469727,1.2100000381469727,1.190000057220459,1.2000000476837158,5060,0.0,0.0
2024-01-19 11:30:00-05:00,1.1999000310897827,1.2000000476837158,1.1699999570846558,1.1699999570846558,7793,0.0,0.0
2024-01-19 12:30:00-05:00,1.1799999475479126,1.1799999475479126,1.1799999475479126,1.1799999475479126,219,0.0,0.0
2024-01-19 13:30:00-05:00,1.1794999837875366,1.1799999475479126,1.1794999837875366,1.1799999475479126,910,0.0,0.0
2024-01-19 14:30:00-05:00,1.190000057220459,1.190000057220459,1.1799999475479126,1.1805000305175781,2518,0.0,0.0
2024-01-19 15:30:00-05:00,1.1799999475479126,1.190000057220459,1.149999976158142,1.190000057220459,3669,0.0,0.0
2024-01-22 09:30:00-05:00,1.1799999475479126,1.190000057220459,1.1799999475479126,1.190000057220459,1101,0.0,0.0
2024-01-22 10:30:00-05:00,1.190000057220459,1.190000057220459,1.1799999475479126,1.1799999475479126,1127,0.0,0.0
2024-01-22 11:30:00-05:00,1.1900999546051025,1.2000000476837158,1.190000057220459,1.2000000476837158,649,0.0,0.0
2024-01-22 14:30:00-05:00,1.2300000190734863,1.2300000190734863,1.2300000190734863,1.2300000190734863,700,0.0,0.0
2024-01-23 09:30:00-05:00,1.2999999523162842,1.350000023841858,1.2999999523162842,1.350000023841858,733,0.0,0.0
2024-01-23 13:30:00-05:00,1.2599999904632568,1.2599999904632568,1.2599999904632568,1.2599999904632568,105,0.0,0.0
2024-01-23 14:30:00-05:00,1.2999999523162842,1.3240000009536743,1.2700999975204468,1.2899999618530273,0,0.0,0.0
2024-01-23 15:30:00-05:00,1.3300000429153442,1.3300000429153442,1.3300000429153442,1.3300000429153442,94,0.0,0.0
2024-01-24 09:30:00-05:00,1.3700000047683716,1.409999966621399,1.3700000047683716,1.3898999691009521,698,0.0,0.0
2024-01-24 11:30:00-05:00,1.3630000352859497,1.3630000352859497,1.3200000524520874,1.3200000524520874,1725,0.0,0.0
2024-01-24 15:30:00-05:00,1.344599962234497,1.344599962234497,1.344599962234497,1.344599962234497,0,0.0,0.0
2024-01-25 09:30:00-05:00,1.329300045967102,1.329300045967102,1.309999942779541,1.309999942779541,4418,0.0,0.0
2024-01-25 11:30:00-05:00,1.340000033378601,1.340000033378601,1.340000033378601,1.340000033378601,3000,0.0,0.0
2024-01-25 12:30:00-05:00,1.340000033378601,1.340000033378601,1.340000033378601,1.340000033378601,356,0.0,0.0
2024-01-25 14:30:00-05:00,1.340000033378601,1.371999979019165,1.340000033378601,1.371999979019165,0,0.0,0.0
2024-01-26 09:30:00-05:00,1.309999942779541,1.3598999977111816,1.2799999713897705,1.2799999713897705,1747,0.0,0.0
2024-01-26 10:30:00-05:00,1.2799999713897705,1.2799999713897705,1.2799999713897705,1.2799999713897705,100,0.0,0.0
2024-01-26 12:30:00-05:00,1.281999945640564,1.281999945640564,1.2799999713897705,1.2799999713897705,425,0.0,0.0
2024-01-29 09:30:00-05:00,1.2799999713897705,1.3300000429153442,1.2799999713897705,1.3300000429153442,2065,0.0,0.0
2024-01-29 11:30:00-05:00,1.2599999904632568,1.2599999904632568,1.2599999904632568,1.2599999904632568,150,0.0,0.0
2024-01-29 13:30:00-05:00,1.3200000524520874,1.3200000524520874,1.3200000524520874,1.3200000524520874,560,0.0,0.0
2024-01-29 15:30:00-05:00,1.2599999904632568,1.2599999904632568,1.2599999904632568,1.2599999904632568,0,0.0,0.0
2024-01-30 09:30:00-05:00,1.2300000190734863,1.2300000190734863,1.2300000190734863,1.2300000190734863,147,0.0,0.0
2024-01-30 10:30:00-05:00,1.2899999618530273,1.2899999618530273,1.2899999618530273,1.2899999618530273,122,0.0,0.0
2024-01-30 11:30:00-05:00,1.1799999475479126,1.1799999475479126,1.1799999475479126,1.1799999475479126,702,0.0,0.0
2024-01-30 14:30:00-05:00,1.2100000381469727,1.2100000381469727,1.2100000381469727,1.2100000381469727,517,0.0,0.0
2024-01-30 15:30:00-05:00,1.2100000381469727,1.2100000381469727,1.2100000381469727,1.2100000381469727,0,0.0,0.0
2024-01-31 09:30:00-05:00,1.2000000476837158,1.2100000381469727,1.2000000476837158,1.2100000381469727,671,0.0,0.0
2024-01-31 10:30:00-05:00,1.1900999546051025,1.1900999546051025,1.1900999546051025,1.1900999546051025,316,0.0,0.0
2024-01-31 11:30:00-05:00,1.190000057220459,1.190000057220459,1.190000057220459,1.190000057220459,124,0.0,0.0
2024-01-31 12:30:00-05:00,1.2099000215530396,1.2100000381469727,1.2099000215530396,1.2100000381469727,1836,0.0,0.0
2024-01-31 15:30:00-05:00,1.2100000381469727,1.2100000381469727,1.2100000381469727,1.2100000381469727,0,0.0,0.0
2024-02-01 09:30:00-05:00,1.1699999570846558,1.1699999570846558,1.1299999952316284,1.1399999856948853,3432,0.0,0.0
2024-02-01 10:30:00-05:00,1.1299999952316284,1.1299999952316284,1.1200000047683716,1.1200000047683716,1164,0.0,0.0
2024-02-01 11:30:00-05:00,1.149999976158142,1.149999976158142,1.1100000143051147,1.1299999952316284,2120,0.0,0.0
2024-02-01 12:30:00-05:00,1.1299999952316284,1.1299999952316284,1.1100000143051147,1.1100000143051147,370,0.0,0.0
2024-02-01 13:30:00-05:00,1.1260000467300415,1.1260000467300415,1.1100000143051147,1.1100000143051147,1744,0.0,0.0
2024-02-01 14:30:00-05:00,1.090000033378601,1.1200000047683716,1.090000033378601,1.1200000047683716,378,0.0,0.0
2024-02-01 15:30:00-05:00,1.090000033378601,1.090000033378601,1.0700000524520874,1.0700000524520874,0,0.0,0.0
2024-02-02 09:30:00-05:00,1.0700000524520874,1.070099949836731,1.0700000524520874,1.070099949836731,1079,0.0,0.0
2024-02-02 10:30:00-05:00,1.070099949836731,1.090000033378601,1.070099949836731,1.090000033378601,531,0.0,0.0
2024-02-02 11:30:00-05:00,1.097000002861023,1.097000002861023,1.097000002861023,1.097000002861023,664,0.0,0.0
2024-02-02 13:30:00-05:00,1.0700000524520874,1.0700000524520874,1.0700000524520874,1.0700000524520874,198,0.0,0.0
2024-02-05 09:30:00-05:00,1.1100000143051147,1.2000000476837158,1.090000033378601,1.2000000476837158,1037,0.0,0.0
2024-02-05 10:30:00-05:00,1.100000023841858,1.149999976158142,1.100000023841858,1.149999976158142,1330,0.0,0.0
2024-02-05 12:30:00-05:00,1.190000057220459,1.190000057220459,1.190000057220459,1.190000057220459,431,0.0,0.0
2024-02-05 14:30:00-05:00,1.090000033378601,1.090000033378601,1.090000033378601,1.090000033378601,200,0.0,0.0
2024-02-05 15:30:00-05:00,1.073799967765808,1.073799967765808,1.073799967765808,1.073799967765808,0,0.0,0.0
2024-02-06 09:30:00-05:00,1.0700000524520874,1.090000033378601,1.0599000453948975,1.0700000524520874,4187,0.0,0.0
2024-02-06 10:30:00-05:00,1.1200000047683716,1.1200000047683716,1.1200000047683716,1.1200000047683716,339,0.0,0.0
2024-02-06 11:30:00-05:00,1.1699999570846558,1.1699999570846558,1.1699999570846558,1.1699999570846558,103,0.0,0.0
2024-02-06 12:30:00-05:00,1.1101000308990479,1.1101000308990479,1.1101000308990479,1.1101000308990479,874,0.0,0.0
2024-02-07 09:30:00-05:00,1.159999966621399,1.159999966621399,1.1299999952316284,1.1299999952316284,606,0.0,0.0
2024-02-07 10:30:00-05:00,1.1200000047683716,1.1200000047683716,1.1200000047683716,1.1200000047683716,403,0.0,0.0
2024-02-07 13:30:00-05:00,1.070099949836731,1.070099949836731,1.070099949836731,1.070099949836731,0,0.0,0.0
2024-02-08 09:30:00-05:00,1.0800000429153442,1.0800000429153442,1.0800000429153442,1.0800000429153442,1019,0.0,0.0
2024-02-08 12:30:00-05:00,1.1150000095367432,1.2994999885559082,1.100100040435791,1.2899999618530273,5730,0.0,0.0
2024-02-08 13:30:00-05:00,1.2799999713897705,1.2899999618530273,1.2799999713897705,1.2898999452590942,1208,0.0,0.0
2024-02-08 15:30:00-05:00,1.2899999618530273,1.2899999618530273,1.2899999618530273,1.2899999618530273,0,0.0,0.0
2024-02-09 09:30:00-05:00,1.2899999618530273,1.3499000072479248,1.190000057220459,1.2698999643325806,12574,0.0,0.0
2024-02-09 10:30:00-05:00,1.2599999904632568,1.350000023841858,1.25,1.250100016593933,41460,0.0,0.0
2024-02-09 11:30:00-05:00,1.2799999713897705,1.2799999713897705,1.0901000499725342,1.1401000022888184,16072,0.0,0.0
2024-02-09 13:30:00-05:00,1.211300015449524,1.211300015449524,1.211300015449524,1.211300015449524,1045,0.0,0.0
2024-02-09 15:30:00-05:00,1.159999966621399,1.159999966621399,1.0993000268936157,1.1399999856948853,879,0.0,0.0
2024-02-12 09:30:00-05:00,1.1799999475479126,1.2400000095367432,1.1799999475479126,1.2300000190734863,5902,0.0,0.0
2024-02-12 10:30:00-05:00,1.2300000190734863,1.2400000095367432,1.2300000190734863,1.2400000095367432,1249,0.0,0.0
2024-02-12 11:30:00-05:00,1.2400000095367432,1.2400000095367432,1.2400000095367432,1.2400000095367432,104,0.0,0.0
2024-02-12 12:30:00-05:00,1.2400000095367432,1.25,1.2400000095367432,1.25,394,0.0,0.0
2024-02-12 14:30:00-05:00,1.25,1.25,1.25,1.25,0,0.0,0.0
2024-02-13 09:30:00-05:00,1.1799999475479126,1.1799999475479126,1.1799999475479126,1.1799999475479126,4664,0.0,0.0
2024-02-13 10:30:00-05:00,1.1399999856948853,1.1399999856948853,1.1399999856948853,1.1399999856948853,650,0.0,0.0
2024-02-13 11:30:00-05:00,1.2200000286102295,1.2200000286102295,1.159999966621399,1.159999966621399,3310,0.0,0.0
2024-02-13 13:30:00-05:00,1.2300000190734863,1.25,1.2300000190734863,1.25,2271,0.0,0.0
2024-02-13 14:30:00-05:00,1.2699999809265137,1.2899999618530273,1.2699999809265137,1.2899999618530273,227766,0.0,0.0
2024-02-14 09:30:00-05:00,1.090000033378601,1.1266000270843506,1.0398000478744507,1.1266000270843506,261569,0.0,0.0
2024-02-14 10:30:00-05:00,1.080199956893921,1.1299999952316284,1.0700000524520874,1.100000023841858,5433,0.0,0.0
2024-02-14 11:30:00-05:00,1.1200000047683716,1.1276999711990356,1.0800000429153442,1.0800000429153442,7935,0.0,0.0
2024-02-14 12:30:00-05:00,1.0800000429153442,1.1950000524520874,1.0800000429153442,1.1324000358581543,13396,0.0,0.0
2024-02-14 13:30:00-05:00,1.1299999952316284,1.190000057220459,1.1200000047683716,1.1800999641418457,8721,0.0,0.0
2024-02-14 14:30:00-05:00,1.25,1.2799999713897705,1.25,1.250100016593933,10144,0.0,0.0
2024-02-14 15:30:00-05:00,1.2100000381469727,1.2100000381469727,1.174399971961975,1.2050000429153442,0,0.0,0.0
2024-02-15 09:30:00-05:00,1.149999976158142,1.2300000190734863,1.0800000429153442,1.2100000381469727,15513,0.0,0.0
2024-02-15 10:30:00-05:00,1.190000057220459,1.2200000286102295,1.190000057220459,1.2200000286102295,2211,0.0,0.0
2024-02-15 11:30:00-05:00,1.1948000192642212,1.2000000476837158,1.160099983215332,1.1663999557495117,3961,0.0,0.0
2024-02-15 12:30:00-05:00,1.1699999570846558,1.2300000190734863,1.1699999570846558,1.2300000190734863,1106,0.0,0.0
2024-02-15 13:30:00-05:00,1.190000057220459,1.190000057220459,1.160099983215332,1.160099983215332,1073,0.0,0.0
2024-02-15 14:30:00-05:00,1.1799999475479126,1.2300000190734863,1.160099983215332,1.2300000190734863,1836,0.0,0.0
2024-02-15 15:30:00-05:00,1.1799999475479126,1.25,1.1700999736785889,1.25,0,0.0,0.0
2024-02-16 09:30:00-05:00,1.2200000286102295,1.2200000286102295,1.159999966621399,1.2200000286102295,8456,0.0,0.0
2024-02-16 10:30:00-05:00,1.2200000286102295,1.25,1.2200000286102295,1.25,1712,0.0,0.0
2024-02-16 11:30:00-05:00,1.2417999505996704,1.2599999904632568,1.1749999523162842,1.235700011253357,2802,0.0,0.0
2024-02-16 12:30:00-05:00,1.2999999523162842,1.350000023841858,1.2799999713897705,1.309999942779541,4569,0.0,0.0
2024-02-16 13:30:00-05:00,1.277500033378601,1.350000023841858,1.277500033378601,1.350000023841858,2359,0.0,0.0
2024-02-16 14:30:00-05:00,1.4177000522613525,1.600000023841858,1.3694000244140625,1.5499999523162842,54610,0.0,0.0
2024-02-16 15:30:00-05:00,1.5499999523162842,1.600000023841858,1.4700000286102295,1.5700000524520874,16420,0.0,0.0
2024-02-20 09:30:00-05:00,1.5700000524520874,1.8565000295639038,1.5700000524520874,1.649999976158142,99514,0.0,0.0
2024-02-20 10:30:00-05:00,1.715000033378601,1.7599999904632568,1.659999966621399,1.7300000190734863,3152,0.0,0.0
2024-02-20 11:30:00-05:00,1.7000000476837158,1.7000000476837158,1.6399999856948853,1.6445000171661377,6704,0.0,0.0
2024-02-20 12:30:00-05:00,1.6799999475479126,1.6799999475479126,1.5299999713897705,1.5300999879837036,27408,0.0,0.0
2024-02-20 13:30:00-05:00,1.5850000381469727,1.590000033378601,1.5850000381469727,1.590000033378601,987,0.0,0.0
2024-02-20 14:30:00-05:00,1.6398999691009521,1.6398999691009521,1.6074999570846558,1.6074999570846558,629,0.0,0.0
2024-02-20 15:30:00-05:00,1.6200000047683716,1.649999976158142,1.559999942779541,1.649999976158142,0,0.0,0.0
2024-02-21 09:30:00-05:00,1.6100000143051147,1.6699999570846558,1.5399999618530273,1.649999976158142,14288,0.0,0.0
2024-02-21 10:30:00-05:00,1.6416000127792358,1.649999976158142,1.6416000127792358,1.649999976158142,244,0.0,0.0
2024-02-21 11:30:00-05:00,1.6200000047683716,1.649999976158142,1.600000023841858,1.600000023841858,2930,0.0,0.0
2024-02-21 12:30:00-05:00,1.531499981880188,1.5700000524520874,1.5205999612808228,1.5299999713897705,1842,0.0,0.0
2024-02-21 13:30:00-05:00,1.51010000705719,1.5700000524520874,1.51010000705719,1.5700000524520874,1852,0.0,0.0
2024-02-21 14:30:00-05:00,1.5199999809265137,1.5199999809265137,1.5099999904632568,1.5099999904632568,1572,0.0,0.0
2024-02-21 15:30:00-05:00,1.5700000524520874,1.590000033378601,1.5499999523162842,1.5888999700546265,0,0.0,0.0
2024-02-22 09:30:00-05:00,1.5199999809265137,1.5199999809265137,1.350000023841858,1.3947999477386475,29926,0.0,0.0
2024-02-22 10:30:00-05:00,1.350000023841858,1.4198999404907227,1.350000023841858,1.3942999839782715,1405,0.0,0.0
2024-02-22 11:30:00-05:00,1.3799999952316284,1.3860000371932983,1.350000023841858,1.3799999952316284,1400,0.0,0.0
2024-02-22 12:30:00-05:00,1.3700000047683716,1.3799999952316284,1.3700000047683716,1.3799999952316284,1852,0.0,0.0
2024-02-22 13:30:00-05:00,1.3752000331878662,1.3799999952316284,1.350100040435791,1.354599952697754,2831,0.0,0.0
2024-02-22 14:30:00-05:00,1.353700041770935,1.3799999952316284,1.353700041770935,1.3600000143051147,1351,0.0,0.0
2024-02-22 15:30:00-05:00,1.434999942779541,1.434999942779541,1.434999942779541,1.434999942779541,0,0.0,0.0
2024-02-23 09:30:00-05:00,1.3700000047683716,1.399999976158142,1.3700000047683716,1.3799999952316284,6254,0.0,0.0
2024-02-23 10:30:00-05:00,1.389799952507019,1.399999976158142,1.389799952507019,1.399999976158142,946,0.0,0.0
2024-02-23 11:30:00-05:00,1.3849999904632568,1.4199999570846558,1.3849999904632568,1.3899999856948853,903,0.0,0.0
2024-02-23 12:30:00-05:00,1.3899999856948853,1.440000057220459,1.3898999691009521,1.4199999570846558,5321,0.0,0.0
2024-02-23 13:30:00-05:00,1.3799999952316284,1.3799999952316284,1.3799999952316284,1.3799999952316284,294,0.0,0.0
2024-02-23 14:30:00-05:00,1.399999976158142,1.4199999570846558,1.399999976158142,1.409999966621399,1847,0.0,0.0
2024-02-23 15:30:00-05:00,1.3799999952316284,1.391800045967102,1.3799999952316284,1.391700029373169,2190,0.0,0.0
2024-02-26 09:30:00-05:00,1.4299999475479126,1.4299999475479126,1.2999999523162842,1.3300000429153442,7098,0.0,0.0
2024-02-26 11:30:00-05:00,1.3320000171661377,1.3899999856948853,1.3300000429153442,1.3899999856948853,2659,0.0,0.0
2024-02-26 12:30:00-05:00,1.3899999856948853,1.3899999856948853,1.3600000143051147,1.3600000143051147,885,0.0,0.0
2024-02-26 13:30:00-05:00,1.3300000429153442,1.3300000429153442,1.3200000524520874,1.3200000524520874,568,0.0,0.0
2024-02-26 14:30:00-05:00,1.350000023841858,1.3600000143051147,1.3494000434875488,1.3600000143051147,0,0.0,0.0
2024-02-27 09:30:00-05:00,1.3313000202178955,1.3600000143051147,1.3148000240325928,1.3600000143051147,13268,0.0,0.0
2024-02-27 10:30:00-05:00,1.3600000143051147,1.399999976158142,1.340000033378601,1.399999976158142,6964,0.0,0.0
2024-02-27 11:30:00-05:00,1.3600000143051147,1.3600000143051147,1.3600000143051147,1.3600000143051147,100,0.0,0.0
2024-02-27 12:30:00-05:00,1.3600000143051147,1.3700000047683716,1.3600000143051147,1.3700000047683716,1564,0.0,0.0
2024-02-27 13:30:00-05:00,1.371999979019165,1.3724000453948975,1.3700000047683716,1.3700000047683716,3615,0.0,0.0
2024-02-27 14:30:00-05:00,1.399999976158142,1.399999976158142,1.350000023841858,1.3899999856948853,3286,0.0,0.0
2024-02-27 15:30:00-05:00,1.350000023841858,1.4049999713897705,1.350000023841858,1.4049999713897705,0,0.0,0.0
2024-02-28 10:30:00-05:00,1.3507000207901,1.3977999687194824,1.350000023841858,1.3977999687194824,2241,0.0,0.0
2024-02-28 12:30:00-05:00,1.399999976158142,1.399999976158142,1.399999976158142,1.399999976158142,188,0.0,0.0
2024-02-28 13:30:00-05:00,1.3600000143051147,1.3600000143051147,1.350000023841858,1.350000023841858,2577,0.0,0.0
2024-02-28 14:30:00-05:00,1.3600000143051147,1.3600000143051147,1.340000033378601,1.340000033378601,0,0.0,0.0
2024-02-29 09:30:00-05:00,1.3600000143051147,1.3600000143051147,1.2999999523162842,1.2999999523162842,3982,0.0,0.0
2024-02-29 10:30:00-05:00,1.3596999645233154,1.3600000143051147,1.3596999645233154,1.3600000143051147,1697,0.0,0.0
2024-02-29 11:30:00-05:00,1.350000023841858,1.350000023841858,1.3499000072479248,1.350000023841858,2751,0.0,0.0
2024-02-29 12:30:00-05:00,1.3600000143051147,1.3600000143051147,1.3600000143051147,1.3600000143051147,234,0.0,0.0
2024-02-29 13:30:00-05:00,1.340000033378601,1.340000033378601,1.340000033378601,1.340000033378601,424,0.0,0.0
2024-02-29 14:30:00-05:00,1.350000023841858,1.350000023841858,1.350000023841858,1.350000023841858,0,0.0,0.0
2024-03-01 09:30:00-05:00,1.3300000429153442,1.3300000429153442,1.309999942779541,1.309999942779541,1180,0.0,0.0
2024-03-01 10:30:00-05:00,1.3437000513076782,1.3550000190734863,1.340000033378601,1.3550000190734863,1354,0.0,0.0
2024-03-01 11:30:00-05:00,1.340000033378601,1.340000033378601,1.340000033378601,1.340000033378601,1304,0.0,0.0
2024-03-01 12:30:00-05:00,1.340000033378601,1.340000033378601,1.340000033378601,1.340000033378601,213,0.0,0.0
2024-03-01 13:30:00-05:00,1.3596999645233154,1.3596999645233154,1.340000033378601,1.340000033378601,1862,0.0,0.0
2024-03-01 14:30:00-05:00,1.340000033378601,1.340000033378601,1.340000033378601,1.340000033378601,641,0.0,0.0
2024-03-01 15:30:00-05:00,1.340000033378601,1.340000033378601,1.340000033378601,1.340000033378601,132,0.0,0.0
2024-03-04 09:30:00-05:00,1.340000033378601,1.340000033378601,1.3105000257492065,1.3352999687194824,4936,0.0,0.0
2024-03-04 13:30:00-05:00,1.340000033378601,1.340000033378601,1.340000033378601,1.340000033378601,136,0.0,0.0
2024-03-04 14:30:00-05:00,1.339900016784668,1.339900016784668,1.339900016784668,1.339900016784668,2161,0.0,0.0
2024-03-05 09:30:00-05:00,1.292799949645996,1.2999999523162842,1.292799949645996,1.2999999523162842,738,0.0,0.0
2024-03-05 10:30:00-05:00,1.3028000593185425,1.3028000593185425,1.3028000593185425,1.3028000593185425,395,0.0,0.0
2024-03-05 11:30:00-05:00,1.2999999523162842,1.309999942779541,1.2999999523162842,1.309999942779541,281,0.0,0.0
2024-03-05 12:30:00-05:00,1.2899999618530273,1.309999942779541,1.2899999618530273,1.309999942779541,1699,0.0,0.0
2024-03-05 13:30:00-05:00,1.309999942779541,1.309999942779541,1.309999942779541,1.309999942779541,164,0.0,0.0
2024-03-05 14:30:00-05:00,1.340000033378601,1.340000033378601,1.340000033378601,1.340000033378601,132,0.0,0.0
2024-03-05 15:30:00-05:00,1.3587000370025635,1.3587000370025635,1.3547999858856201,1.3547999858856201,0,0.0,0.0
2024-03-06 09:30:00-05:00,1.2999999523162842,1.350000023841858,1.2999999523162842,1.350000023841858,11529,0.0,0.0
2024-03-06 10:30:00-05:00,1.350000023841858,1.350000023841858,1.340000033378601,1.340000033378601,0,0.0,0.0
2024-03-06 11:30:00-05:00,1.340000033378601,1.3489999771118164,1.340000033378601,1.340000033378601,1987,0.0,0.0
2024-03-06 12:30:00-05:00,1.350000023841858,1.350000023841858,1.350000023841858,1.350000023841858,100,0.0,0.0
2024-03-06 13:30:00-05:00,1.350000023841858,1.3509999513626099,1.3202999830245972,1.3250000476837158,3156,0.0,0.0
2024-03-06 15:30:00-05:00,1.3799999952316284,1.3799999952316284,1.3200000524520874,1.3200000524520874,0,0.0,0.0
2024-03-07 09:30:00-05:00,1.2999999523162842,1.3320000171661377,1.2999999523162842,1.3320000171661377,1703,0.0,0.0
2024-03-07 11:30:00-05:00,1.3300000429153442,1.350000023841858,1.3300000429153442,1.350000023841858,416,0.0,0.0
2024-03-07 12:30:00-05:00,1.340000033378601,1.340000033378601,1.340000033378601,1.340000033378601,167,0.0,0.0
2024-03-07 13:30:00-05:00,1.3300000429153442,1.3300000429153442,1.3300000429153442,1.3300000429153442,1066,0.0,0.0
2024-03-07 14:30:00-05:00,1.350000023841858,1.350000023841858,1.3450000286102295,1.3499000072479248,0,0.0,0.0
2024-03-08 09:30:00-05:00,1.4362000226974487,1.440000057220459,1.3799999952316284,1.3899999856948853,10707,0.0,0.0
2024-03-08 10:30:00-05:00,1.3899999856948853,1.3899999856948853,1.3899999856948853,1.3899999856948853,296,0.0,0.0
2024-03-08 11:30:00-05:00,1.409999966621399,1.4158999919891357,1.409999966621399,1.4158999919891357,301,0.0,0.0
2024-03-08 12:30:00-05:00,1.3899999856948853,1.3901000022888184,1.3700000047683716,1.3711999654769897,7765,0.0,0.0
2024-03-08 13:30:00-05:00,1.3701000213623047,1.3701000213623047,1.3700000047683716,1.3700000047683716,874,0.0,0.0
2024-03-08 14:30:00-05:00,1.3799999952316284,1.3799999952316284,1.3700000047683716,1.3700000047683716,339,0.0,0.0
2024-03-08 15:30:00-05:00,1.3598999977111816,1.3600000143051147,1.3200000524520874,1.350000023841858,6131,0.0,0.0
2024-03-11 09:30:00-04:00,1.309999942779541,1.350000023841858,1.309999942779541,1.3372999429702759,1377,0.0,0.0
2024-03-11 10:30:00-04:00,1.3899999856948853,1.5099999904632568,1.3899999856948853,1.4199999570846558,3146,0.0,0.0
2024-03-11 11:30:00-04:00,1.399999976158142,1.4800000190734863,1.399999976158142,1.465999960899353,1565,0.0,0.0
2024-03-11 15:30:00-04:00,1.4299999475479126,1.4299999475479126,1.3899999856948853,1.3899999856948853,0,0.0,0.0
2024-03-12 09:30:00-04:00,1.4500000476837158,1.4500000476837158,1.4199999570846558,1.4199999570846558,1282,0.0,0.0
2024-03-12 12:30:00-04:00,1.4600000381469727,1.4600000381469727,1.4600000381469727,1.4600000381469727,444,0.0,0.0
2024-03-12 14:30:00-04:00,1.43340003490448,1.43340003490448,1.43340003490448,1.43340003490448,1142,0.0,0.0
2024-03-12 15:30:00-04:00,1.399999976158142,1.399999976158142,1.3600000143051147,1.3600000143051147,0,0.0,0.0
2024-03-13 09:30:00-04:00,1.3799999952316284,1.5199999809265137,1.3799999952316284,1.409999966621399,9001,0.0,0.0
2024-03-13 10:30:00-04:00,1.4199999570846558,1.4199999570846558,1.3899999856948853,1.3899999856948853,1145,0.0,0.0
2024-03-13 11:30:00-04:00,1.3899999856948853,1.3899999856948853,1.3600000143051147,1.3600000143051147,411,0.0,0.0
2024-03-13 12:30:00-04:00,1.3819999694824219,1.3819999694824219,1.3799999952316284,1.3799999952316284,1059,0.0,0.0
2024-03-13 13:30:00-04:00,1.3899999856948853,1.3899999856948853,1.3799999952316284,1.3799999952316284,658,0.0,0.0
2024-03-13 14:30:00-04:00,1.3700000047683716,1.3700000047683716,1.350000023841858,1.350000023841858,2626,0.0,0.0
2024-03-13 15:30:00-04:00,1.3600000143051147,1.3600000143051147,1.3600000143051147,1.3600000143051147,0,0.0,0.0
2024-03-14 09:30:00-04:00,1.378100037574768,1.4700000286102295,1.378100037574768,1.4700000286102295,1173,0.0,0.0
2024-03-14 10:30:00-04:00,1.3799999952316284,1.399999976158142,1.3799999952316284,1.3799999952316284,2522,0.0,0.0
2024-03-14 11:30:00-04:00,1.350000023841858,1.3700000047683716,1.350000023841858,1.3600000143051147,4790,0.0,0.0
2024-03-14 12:30:00-04:00,1.3600000143051147,1.4600000381469727,1.3502999544143677,1.4600000381469727,855,0.0,0.0
2024-03-14 13:30:00-04:00,1.4199999570846558,1.4199999570846558,1.4199999570846558,1.4199999570846558,333,0.0,0.0
2024-03-14 14:30:00-04:00,1.3700000047683716,1.3899999856948853,1.3300000429153442,1.3601000308990479,5031,0.0,0.0
2024-03-14 15:30:00-04:00,1.3600000143051147,1.409999966621399,1.309999942779541,1.409999966621399,882,0.0,0.0
2024-03-15 10:30:00-04:00,1.4700000286102295,1.4700000286102295,1.4500000476837158,1.4500000476837158,1308,0.0,0.0
2024-03-15 12:30:00-04:00,1.4199999570846558,1.4199999570846558,1.4199999570846558,1.4199999570846558,148,0.0,0.0
2024-03-15 13:30:00-04:00,1.409999966621399,1.409999966621399,1.409999966621399,1.409999966621399,1862,0.0,0.0
2024-03-15 14:30:00-04:00,1.4227999448776245,1.4500000476837158,1.4227999448776245,1.4500000476837158,956,0.0,0.0
2024-03-15 15:30:00-04:00,1.4299999475479126,1.4299999475479126,1.4199999570846558,1.4199999570846558,1767,0.0,0.0
2024-03-18 09:30:00-04:00,1.4199999570846558,1.4199999570846558,1.4198999404907227,1.4198999404907227,508,0.0,0.0
2024-03-18 10:30:00-04:00,1.399999976158142,1.4586000442504883,1.399999976158142,1.4500000476837158,1514,0.0,0.0
2024-03-18 11:30:00-04:00,1.4900000095367432,1.5199999809265137,1.4900000095367432,1.5199999809265137,378,0.0,0.0
2024-03-18 12:30:00-04:00,1.4800000190734863,1.4800000190734863,1.4600000381469727,1.4700000286102295,598,0.0,0.0
2024-03-18 13:30:00-04:00,1.409999966621399,1.409999966621399,1.3300000429153442,1.3300000429153442,3606,0.0,0.0
2024-03-18 15:30:00-04:00,1.3990000486373901,1.399999976158142,1.3990000486373901,1.399999976158142,1718,0.0,0.0
2024-03-19 11:30:00-04:00,1.399999976158142,1.399999976158142,1.3600000143051147,1.3600000143051147,1380,0.0,0.0
2024-03-19 12:30:00-04:00,1.3600000143051147,1.3600000143051147,1.3600000143051147,1.3600000143051147,1623,0.0,0.0
2024-03-19 13:30:00-04:00,1.350000023841858,1.350000023841858,1.3300000429153442,1.348099946975708,4481,0.0,0.0
2024-03-19 14:30:00-04:00,1.427899956703186,1.427899956703186,1.3700000047683716,1.3919999599456787,3600,0.0,0.0
2024-03-19 15:30:00-04:00,1.350100040435791,1.350600004196167,1.350100040435791,1.350100040435791,2179,0.0,0.0
2024-03-20 09:30:00-04:00,1.3600000143051147,1.3600000143051147,1.2999999523162842,1.2999999523162842,7264,0.0,0.0
2024-03-20 10:30:00-04:00,1.409999966621399,1.4199999570846558,1.409999966621399,1.4199999570846558,3234,0.0,0.0
2024-03-20 15:30:00-04:00,1.3600000143051147,1.3898999691009521,1.3600000143051147,1.3898999691009521,1297,0.0,0.0
2024-03-21 09:30:00-04:00,1.350000023841858,1.350000023841858,1.309999942779541,1.309999942779541,3010,0.0,0.0
2024-03-21 10:30:00-04:00,1.340000033378601,1.340000033378601,1.340000033378601,1.340000033378601,283,0.0,0.0
2024-03-21 12:30:00-04:00,1.409999966621399,1.440000057220459,1.409999966621399,1.440000057220459,2734,0.0,0.0
2024-03-21 13:30:00-04:00,1.4199999570846558,1.4483000040054321,1.4199999570846558,1.4483000040054321,5655,0.0,0.0
2024-03-22 09:30:00-04:00,1.4398000240325928,1.59089994430542,1.4397000074386597,1.5499999523162842,3144,0.0,0.0
2024-03-22 10:30:00-04:00,1.486899971961975,1.486899971961975,1.486899971961975,1.486899971961975,1529,0.0,0.0
2024-03-22 11:30:00-04:00,1.4900000095367432,1.4900000095367432,1.4600000381469727,1.4600000381469727,348,0.0,0.0
2024-03-22 12:30:00-04:00,1.4600000381469727,1.4800000190734863,1.4600000381469727,1.4800000190734863,1383,0.0,0.0
2024-03-22 14:30:00-04:00,1.4819999933242798,1.4819999933242798,1.4819999933242798,1.4819999933242798,1255,0.0,0.0
2024-03-22 15:30:00-04:00,1.4910000562667847,1.4910000562667847,1.4550000429153442,1.4550000429153442,3827,0.0,0.0
2024-03-25 12:30:00-04:00,1.4500000476837158,1.4500000476837158,1.4500000476837158,1.4500000476837158,954,0.0,0.0
2024-03-25 15:30:00-04:00,1.4049999713897705,1.4049999713897705,1.4010000228881836,1.4010000228881836,1490,0.0,0.0
2024-03-26 09:30:00-04:00,1.340000033378601,1.340000033378601,1.340000033378601,1.340000033378601,789,0.0,0.0
2024-03-26 12:30:00-04:00,1.4198999404907227,1.4198999404907227,1.4198999404907227,1.4198999404907227,382,0.0,0.0
2024-03-26 14:30:00-04:00,1.4199999570846558,1.4199999570846558,1.4199999570846558,1.4199999570846558,199,0.0,0.0
2024-03-27 09:30:00-04:00,1.3849999904632568,1.3849999904632568,1.3849999904632568,1.3849999904632568,868,0.0,0.0
2024-03-27 12:30:00-04:00,1.4199999570846558,1.4199999570846558,1.4199999570846558,1.4199999570846558,209,0.0,0.0
2024-03-27 15:30:00-04:00,1.350000023841858,1.350000023841858,1.350000023841858,1.350000023841858,114,0.0,0.0
2024-03-28 10:30:00-04:00,1.3300000429153442,1.350000023841858,1.1699999570846558,1.3020000457763672,9121,0.0,0.0
2024-03-28 11:30:00-04:00,1.309999942779541,1.3631999492645264,1.309999942779541,1.3631999492645264,1877,0.0,0.0
2024-03-28 15:30:00-04:00,1.374899983406067,1.374899983406067,1.2799999713897705,1.2799999713897705,1128,0.0,0.0
2024-04-01 10:30:00-04:00,1.2000000476837158,1.2300000190734863,1.2000000476837158,1.2300000190734863,0,0.0,0.0
2024-04-01 11:30:00-04:00,1.2799999713897705,1.430999994277954,1.2799999713897705,1.38100004196167,2541,0.0,0.0
2024-04-01 13:30:00-04:00,1.370300054550171,1.370300054550171,1.370300054550171,1.370300054550171,200,0.0,0.0
2024-04-01 15:30:00-04:00,1.350000023841858,1.350000023841858,1.350000023841858,1.350000023841858,1109,0.0,0.0
2024-04-02 09:30:00-04:00,1.25,1.3300000429153442,1.25,1.3300000429153442,877,0.0,0.0
2024-04-02 10:30:00-04:00,1.340000033378601,1.340000033378601,1.340000033378601,1.340000033378601,1052,0.0,0.0
2024-04-02 11:30:00-04:00,1.3331999778747559,1.3331999778747559,1.3331999778747559,1.3331999778747559,348,0.0,0.0
2024-04-02 12:30:00-04:00,1.2699999809265137,1.2699999809265137,1.25,1.2599999904632568,1762,0.0,0.0
2024-04-02 13:30:00-04:00,1.25,1.25,1.25,1.25,1901,0.0,0.0
2024-04-02 14:30:00-04:00,1.25,1.25,1.25,1.25,0,0.0,0.0
2024-04-03 12:30:00-04:00,1.399999976158142,1.399999976158142,1.399999976158142,1.399999976158142,865,0.0,0.0
2024-04-04 11:30:00-04:00,1.3899999856948853,1.3899999856948853,1.3899999856948853,1.3899999856948853,353,0.0,0.0
2024-04-08 09:30:00-04:00,1.1500999927520752,1.2000999450683594,1.1500999927520752,1.2000999450683594,1885,0.0,0.0
2024-04-08 10:30:00-04:00,1.2599999904632568,1.2599999904632568,1.2599999904632568,1.2599999904632568,305,0.0,0.0
2024-04-08 11:30:00-04:00,1.2599999904632568,1.2899999618530273,1.25,1.2599999904632568,3576,0.0,0.0
2024-04-08 14:30:00-04:00,1.2300000190734863,1.2300000190734863,1.2200000286102295,1.2200000286102295,1009,0.0,0.0
2024-04-09 09:30:00-04:00,1.190000057220459,1.190000057220459,1.190000057220459,1.190000057220459,716,0.0,0.0
2024-04-09 14:30:00-04:00,1.190000057220459,1.190000057220459,1.1505000591278076,1.1686999797821045,1255,0.0,0.0
2024-04-09 15:30:00-04:00,1.159999966621399,1.1699999570846558,1.1401000022888184,1.1699999570846558,2845,0.0,0.0
2024-04-10 09:30:00-04:00,1.2300000190734863,1.2300000190734863,1.2300000190734863,1.2300000190734863,595,0.0,0.0
2024-04-10 12:30:00-04:00,1.1999000310897827,1.2000000476837158,1.1805000305175781,1.180999994277954,1209,0.0,0.0
2024-04-10 13:30:00-04:00,1.190000057220459,1.190000057220459,1.1799999475479126,1.1799999475479126,795,0.0,0.0
2024-04-10 14:30:00-04:00,1.1399999856948853,1.1699999570846558,1.1399999856948853,1.1399999856948853,3368,0.0,0.0
2024-04-10 15:30:00-04:00,1.1200000047683716,1.1200000047683716,1.1100000143051147,1.1100000143051147,700,0.0,0.0
2024-04-11 09:30:00-04:00,1.125,1.1950000524520874,1.125,1.1950000524520874,844,0.0,0.0
2024-04-11 10:30:00-04:00,1.1654000282287598,1.1654000282287598,1.1654000282287598,1.1654000282287598,377,0.0,0.0
2024-04-11 12:30:00-04:00,1.1200000047683716,1.1799999475479126,1.0950000286102295,1.1100000143051147,8509,0.0,0.0
2024-04-11 13:30:00-04:00,1.0901000499725342,1.1197999715805054,1.0499999523162842,1.100000023841858,7886,0.0,0.0
2024-04-11 14:30:00-04:00,1.11899995803833,1.11899995803833,1.0800000429153442,1.100000023841858,939,0.0,0.0
2024-04-11 15:30:00-04:00,1.100000023841858,1.1200000047683716,1.090000033378601,1.1200000047683716,2200,0.0,0.0
2024-04-12 09:30:00-04:00,1.0399999618530273,1.1100000143051147,0.9998999834060669,1.1100000143051147,19873,0.0,0.0
2024-04-12 10:30:00-04:00,1.059999942779541,1.100000023841858,1.0110000371932983,1.0398999452590942,8732,0.0,0.0
2024-04-12 11:30:00-04:00,1.0499999523162842,1.058500051498413,1.0299999713897705,1.034999966621399,12814,0.0,0.0
2024-04-12 12:30:00-04:00,1.0700000524520874,1.090000033378601,0.9900000095367432,1.034999966621399,24620,0.0,0.0
2024-04-12 13:30:00-04:00,1.0800000429153442,1.0800000429153442,0.9599999785423279,0.9700000286102295,13494,0.0,0.0
2024-04-12 15:30:00-04:00,0.9804999828338623,0.9804999828338623,0.9800000190734863,0.9800000190734863,3674,0.0,0.0
2024-04-15 09:30:00-04:00,0.9047999978065491,0.9800000190734863,0.9047999978065491,0.9800000190734863,2327,0.0,0.0
2024-04-15 10:30:00-04:00,0.9118000268936157,1.0099999904632568,0.9118000268936157,0.949999988079071,1810,0.0,0.0
2024-04-15 11:30:00-04:00,0.9300000071525574,0.949999988079071,0.9200000166893005,0.9200000166893005,1162,0.0,0.0
2024-04-15 14:30:00-04:00,0.9200000166893005,0.925000011920929,0.8999999761581421,0.8999999761581421,4676,0.0,0.0
2024-04-15 15:30:00-04:00,0.8999999761581421,0.8999999761581421,0.8999999761581421,0.8999999761581421,0,0.0,0.0
2024-04-16 13:30:00-04:00,0.9399999976158142,0.9871000051498413,0.8500000238418579,0.8700000047683716,10279,0.0,0.0
2024-04-17 09:30:00-04:00,0.8500000238418579,0.8999999761581421,0.8500000238418579,0.8999999761581421,5331,0.0,0.0
2024-04-17 10:30:00-04:00,0.8999999761581421,0.8999999761581421,0.8999999761581421,0.8999999761581421,8394,0.0,0.0
2024-04-17 11:30:00-04:00,0.8500000238418579,0.8500000238418579,0.8399999737739563,0.8500000238418579,6201,0.0,0.0
2024-04-17 12:30:00-04:00,0.8299999833106995,0.8500999808311462,0.8100000023841858,0.8500999808311462,0,0.0,0.0
2024-04-17 14:30:00-04:00,0.8700000047683716,0.8700000047683716,0.8700000047683716,0.8700000047683716,28635,0.0,0.0
2024-04-18 10:30:00-04:00,0.8199999928474426,0.8199999928474426,0.8199999928474426,0.8199999928474426,8262,0.0,0.0
2024-04-18 15:30:00-04:00,0.8700000047683716,0.8709999918937683,0.824999988079071,0.824999988079071,14490,0.0,0.0
2024-04-19 09:30:00-04:00,0.9010000228881836,0.9700000286102295,0.9010000228881836,0.9688000082969666,9384,0.0,0.0
2024-04-19 10:30:00-04:00,0.9595000147819519,0.9599999785423279,0.8799999952316284,0.8799999952316284,7968,0.0,0.0
2024-04-19 11:30:00-04:00,0.824999988079071,0.8259999752044678,0.824999988079071,0.8259999752044678,2165,0.0,0.0
2024-04-19 14:30:00-04:00,0.8600000143051147,0.8600000143051147,0.8299999833106995,0.8299999833106995,300,0.0,0.0
2024-04-19 15:30:00-04:00,0.8500000238418579,0.8500000238418579,0.800000011920929,0.800000011920929,9533,0.0,0.0
2024-04-22 09:30:00-04:00,0.8500000238418579,0.8500999808311462,0.800000011920929,0.8500999808311462,4852,0.0,0.0
2024-04-22 11:30:00-04:00,0.8924999833106995,0.8924999833106995,0.8899999856948853,0.8899999856948853,1270,0.0,0.0
2024-04-22 14:30:00-04:00,0.8500000238418579,0.8500000238418579,0.8500000238418579,0.8500000238418579,260,0.0,0.0
2024-04-23 12:30:00-04:00,0.8199999928474426,0.8199999928474426,0.8199999928474426,0.8199999928474426,1364,0.0,0.0
2024-04-24 13:30:00-04:00,0.8486999869346619,0.8486999869346619,0.8486999869346619,0.8486999869346619,556,0.0,0.0
2024-04-25 10:30:00-04:00,0.800000011920929,0.800000011920929,0.7949000000953674,0.7949000000953674,1418,0.0,0.0
2024-04-26 09:30:00-04:00,0.8504999876022339,0.8504999876022339,0.7099999785423279,0.8233000040054321,12844,0.0,0.0
2024-04-26 10:30:00-04:00,0.8565000295639038,0.8565000295639038,0.8565000295639038,0.8565000295639038,702,0.0,0.0
2024-04-26 12:30:00-04:00,0.8475000262260437,0.8475000262260437,0.8475000262260437,0.8475000262260437,132,0.0,0.0
2024-04-29 09:30:00-04:00,0.75,0.75,0.75,0.75,2036,0.0,0.0
2024-04-29 10:30:00-04:00,0.8054999709129333,0.8100000023841858,0.8054999709129333,0.8100000023841858,1669,0.0,0.0
2024-04-29 11:30:00-04:00,0.8100000023841858,0.8100000023841858,0.8100000023841858,0.8100000023841858,800,0.0,0.0
2024-04-30 09:30:00-04:00,0.8090000152587891,0.8098999857902527,0.8090000152587891,0.8098999857902527,1594,0.0,0.0
2024-04-30 10:30:00-04:00,0.807699978351593,0.8100000023841858,0.8051999807357788,0.8051999807357788,1666,0.0,0.0
2024-04-30 11:30:00-04:00,0.8077999949455261,0.8077999949455261,0.8055999875068665,0.8055999875068665,451,0.0,0.0
2024-04-30 12:30:00-04:00,0.8055999875068665,0.8055999875068665,0.8055999875068665,0.8055999875068665,343,0.0,0.0
2024-04-30 14:30:00-04:00,0.8077999949455261,0.8077999949455261,0.8077999949455261,0.8077999949455261,1261,0.0,0.0
2024-05-01 09:30:00-04:00,0.8065000176429749,0.8065000176429749,0.8059999942779541,0.8065000176429749,905,0.0,0.0
2024-05-01 12:30:00-04:00,0.7785000205039978,0.7835000157356262,0.7785000205039978,0.7785000205039978,676,0.0,0.0
2024-05-01 13:30:00-04:00,0.7785000205039978,0.7785000205039978,0.7785000205039978,0.7785000205039978,3682,0.0,0.0
2024-05-01 15:30:00-04:00,0.8069999814033508,0.8069999814033508,0.8069999814033508,0.8069999814033508,1142,0.0,0.0
2024-05-03 09:30:00-04:00,0.7599999904632568,0.7979999780654907,0.699999988079071,0.699999988079071,13126,0.0,0.0
2024-05-03 15:30:00-04:00,0.75,0.75,0.75,0.75,687,0.0,0.0
2024-05-06 09:30:00-04:00,0.800000011920929,0.800000011920929,0.75,0.800000011920929,1073,0.0,0.0
2024-05-07 10:30:00-04:00,0.7875000238418579,0.7875000238418579,0.7875000238418579,0.7875000238418579,822,0.0,0.0
2024-05-07 11:30:00-04:00,0.7799999713897705,0.7799999713897705,0.75,0.75,1582,0.0,0.0
2024-05-07 12:30:00-04:00,0.7797999978065491,0.7797999978065491,0.7699999809265137,0.7699999809265137,2908,0.0,0.0
2024-05-08 09:30:00-04:00,0.701200008392334,0.701200008392334,0.701200008392334,0.701200008392334,869,0.0,0.0
2024-05-08 10:30:00-04:00,0.7304999828338623,0.7304999828338623,0.7099999785423279,0.7099999785423279,1217,0.0,0.0
2024-05-08 12:30:00-04:00,0.7599999904632568,0.7599999904632568,0.7455999851226807,0.7455999851226807,3474,0.0,0.0
2024-05-08 13:30:00-04:00,0.7599999904632568,0.7599999904632568,0.7599999904632568,0.7599999904632568,2351,0.0,0.0
2024-05-09 09:30:00-04:00,0.7050999999046326,0.7050999999046326,0.7050999999046326,0.7050999999046326,558,0.0,0.0
2024-05-10 10:30:00-04:00,0.7979999780654907,0.7979999780654907,0.710099995136261,0.7540000081062317,2960,0.0,0.0
2024-05-10 12:30:00-04:00,0.7321000099182129,0.7540000081062317,0.7321000099182129,0.7540000081062317,321,0.0,0.0
2024-05-10 13:30:00-04:00,0.757099986076355,0.757099986076355,0.757099986076355,0.757099986076355,668,0.0,0.0
2024-05-10 14:30:00-04:00,0.75,0.7599999904632568,0.75,0.7599999904632568,433,0.0,0.0
2024-05-10 15:30:00-04:00,0.7739999890327454,0.7739999890327454,0.7400000095367432,0.7400000095367432,135,0.0,0.0
2024-05-13 09:30:00-04:00,0.75,0.75,0.75,0.75,895,0.0,0.0
2024-05-14 10:30:00-04:00,0.7789999842643738,0.7789999842643738,0.7789999842643738,0.7789999842643738,2045,0.0,0.0
2024-05-15 09:30:00-04:00,0.7979000210762024,0.7979999780654907,0.7978000044822693,0.7979999780654907,0,0.0,0.0
2024-05-15 11:30:00-04:00,0.7699999809265137,0.7699999809265137,0.7699999809265137,0.7699999809265137,3404,0.0,0.0
2024-05-15 14:30:00-04:00,0.7699999809265137,0.7699999809265137,0.7699999809265137,0.7699999809265137,101,0.0,0.0
2024-05-16 09:30:00-04:00,0.7799999713897705,0.7799999713897705,0.7799999713897705,0.7799999713897705,3557,0.0,0.0
2024-05-16 10:30:00-04:00,0.7997999787330627,0.8299999833106995,0.7968999743461609,0.8299999833106995,11768,0.0,0.0
2024-05-16 11:30:00-04:00,0.8299999833106995,0.8299999833106995,0.7900000214576721,0.7900000214576721,0,0.0,0.0
2024-05-16 12:30:00-04:00,0.7749999761581421,0.7749999761581421,0.7749999761581421,0.7749999761581421,533,0.0,0.0
2024-05-16 13:30:00-04:00,0.7749999761581421,0.7749999761581421,0.7749999761581421,0.7749999761581421,126,0.0,0.0
2024-05-16 14:30:00-04:00,0.7900000214576721,0.7900000214576721,0.7900000214576721,0.7900000214576721,1184,0.0,0.0
2024-05-16 15:30:00-04:00,0.7342000007629395,0.7342000007629395,0.7342000007629395,0.7342000007629395,1872,0.0,0.0
2024-05-17 09:30:00-04:00,0.75,0.7767999768257141,0.75,0.7767999768257141,3026,0.0,0.0
2024-05-17 12:30:00-04:00,0.7971000075340271,0.7971000075340271,0.7968999743461609,0.7968999743461609,1674,0.0,0.0
2024-05-17 15:30:00-04:00,0.7950000166893005,0.7950000166893005,0.7950000166893005,0.7950000166893005,1676,0.0,0.0
2024-05-20 09:30:00-04:00,0.8080000281333923,0.8080000281333923,0.8080000281333923,0.8080000281333923,3888,0.0,0.0
2024-05-20 10:30:00-04:00,0.7990999817848206,0.7990999817848206,0.7990999817848206,0.7990999817848206,1511,0.0,0.0
2024-05-20 11:30:00-04:00,0.7990999817848206,0.8199999928474426,0.7900000214576721,0.8199999928474426,13501,0.0,0.0
2024-05-20 12:30:00-04:00,0.7634999752044678,0.7634999752044678,0.7511000037193298,0.7599999904632568,7880,0.0,0.0
2024-05-20 13:30:00-04:00,0.7599999904632568,0.7599999904632568,0.7599999904632568,0.7599999904632568,3145,0.0,0.0
2024-05-20 14:30:00-04:00,0.7599999904632568,0.7599999904632568,0.7599999904632568,0.7599999904632568,1991,0.0,0.0
2024-05-20 15:30:00-04:00,0.7613000273704529,0.8263999819755554,0.7599999904632568,0.7599999904632568,5235,0.0,0.0
2024-05-21 09:30:00-04:00,0.800000011920929,0.800000011920929,0.7511000037193298,0.7511000037193298,3776,0.0,0.0
2024-05-21 10:30:00-04:00,0.7200000286102295,0.720300018787384,0.7200000286102295,0.7200000286102295,8148,0.0,0.0
2024-05-21 11:30:00-04:00,0.6237000226974487,0.75,0.6237000226974487,0.6700000166893005,18522,0.0,0.0
2024-05-21 12:30:00-04:00,0.6800000071525574,0.6800000071525574,0.6000999808311462,0.6309999823570251,47445,0.0,0.0
2024-05-21 13:30:00-04:00,0.6632999777793884,0.6632999777793884,0.574999988079071,0.574999988079071,19762,0.0,0.0
2024-05-21 14:30:00-04:00,0.5781999826431274,0.6299999952316284,0.5011000037193298,0.5673999786376953,30207,0.0,0.0
2024-05-21 15:30:00-04:00,0.550000011920929,0.6998999714851379,0.550000011920929,0.6998999714851379,3453,0.0,0.0
2024-05-22 09:30:00-04:00,0.6087999939918518,0.6446999907493591,0.44999998807907104,0.44999998807907104,53475,0.0,0.0
2024-05-22 10:30:00-04:00,0.5099999904632568,0.5386999845504761,0.47999998927116394,0.5249999761581421,43697,0.0,0.0
2024-05-22 11:30:00-04:00,0.5249999761581421,0.5249999761581421,0.47999998927116394,0.47999998927116394,35072,0.0,0.0
2024-05-22 12:30:00-04:00,0.47999998927116394,0.5340999960899353,0.47999998927116394,0.48100000619888306,48595,0.0,0.0
2024-05-22 13:30:00-04:00,0.4900999963283539,0.5490000247955322,0.4699999988079071,0.5199999809265137,58064,0.0,0.0
2024-05-22 14:30:00-04:00,0.5199999809265137,0.5199999809265137,0.5,0.5,23851,0.0,0.0
2024-05-22 15:30:00-04:00,0.5009999871253967,0.5127000212669373,0.48539999127388,0.4860000014305115,8932,0.0,0.0
2024-05-23 09:30:00-04:00,0.49630001187324524,0.5278000235557556,0.49000000953674316,0.4902999997138977,575839,0.0,0.0
2024-05-23 10:30:00-04:00,0.49059998989105225,0.5149999856948853,0.4812000095844269,0.5149999856948853,58664,0.0,0.0
2024-05-23 11:30:00-04:00,0.5139999985694885,0.5149999856948853,0.49000000953674316,0.5149999856948853,35005,0.0,0.0
2024-05-23 12:30:00-04:00,0.5149999856948853,0.5149999856948853,0.49000000953674316,0.49000000953674316,11296,0.0,0.0
2024-05-23 13:30:00-04:00,0.4950000047683716,0.4950000047683716,0.49000000953674316,0.49000000953674316,16932,0.0,0.0
2024-05-23 14:30:00-04:00,0.5,0.5149999856948853,0.49000000953674316,0.5099999904632568,30689,0.0,0.0
2024-05-23 15:30:00-04:00,0.5005000233650208,0.5389999747276306,0.5,0.5389999747276306,13666,0.0,0.0
2024-05-24 09:30:00-04:00,0.5,0.5389000177383423,0.5,0.5239999890327454,44420,0.0,0.0
2024-05-24 10:30:00-04:00,0.5239999890327454,0.5450000166893005,0.5239999890327454,0.5239999890327454,19670,0.0,0.0
2024-05-24 12:30:00-04:00,0.5442000031471252,0.5442000031471252,0.5109999775886536,0.5109999775886536,3224,0.0,0.0
2024-05-24 13:30:00-04:00,0.5110999941825867,0.5131000280380249,0.5110999941825867,0.5131000280380249,441,0.0,0.0
2024-05-24 14:30:00-04:00,0.5131000280380249,0.5223000049591064,0.5110999941825867,0.5141000151634216,5860,0.0,0.0
2024-05-24 15:30:00-04:00,0.5210000276565552,0.5304999947547913,0.5210000276565552,0.5304999947547913,774,0.0,0.0
2024-05-28 09:30:00-04:00,0.5320000052452087,0.5440000295639038,0.5139999985694885,0.5139999985694885,24029,0.0,0.0
2024-05-28 10:30:00-04:00,0.510200023651123,0.5180000066757202,0.5099999904632568,0.5149999856948853,5983,0.0,0.0
2024-05-28 11:30:00-04:00,0.5199999809265137,0.5199999809265137,0.5099999904632568,0.5099999904632568,184,0.0,0.0
2024-05-28 12:30:00-04:00,0.5101000070571899,0.5199999809265137,0.5101000070571899,0.5199999809265137,1723,0.0,0.0
2024-05-28 13:30:00-04:00,0.511900007724762,0.5299000144004822,0.5117999911308289,0.5299000144004822,4997,0.0,0.0
2024-05-28 15:30:00-04:00,0.519599974155426,0.519599974155426,0.510200023651123,0.510200023651123,6927,0.0,0.0
2024-05-29 09:30:00-04:00,0.5,0.5,0.47999998927116394,0.48080000281333923,28321,0.0,0.0
2024-05-29 10:30:00-04:00,0.48350000381469727,0.48730000853538513,0.4300000071525574,0.4300999939441681,21889,0.0,0.0
2024-05-29 11:30:00-04:00,0.44999998807907104,0.47999998927116394,0.4399999976158142,0.4399999976158142,13919,0.0,0.0
2024-05-29 12:30:00-04:00,0.460099995136261,0.460099995136261,0.3799999952316284,0.3953000009059906,106420,0.0,0.0
2024-05-29 13:30:00-04:00,0.4000999927520752,0.4099999964237213,0.36250001192092896,0.4099999964237213,62908,0.0,0.0
2024-05-29 14:30:00-04:00,0.4000000059604645,0.41999998688697815,0.39250001311302185,0.41999998688697815,6644,0.0,0.0
2024-05-29 15:30:00-04:00,0.41999998688697815,0.4302000105381012,0.4142000079154968,0.42010000348091125,15079,0.0,0.0
2024-05-30 09:30:00-04:00,0.41499999165534973,0.41499999165534973,0.3411000072956085,0.35989999771118164,173946,0.0,0.0
2024-05-30 10:30:00-04:00,0.3449999988079071,0.36000001430511475,0.3449999988079071,0.35510000586509705,30845,0.0,0.0
2024-05-30 11:30:00-04:00,0.35510000586509705,0.35519999265670776,0.34599998593330383,0.34610000252723694,36060,0.0,0.0
2024-05-30 12:30:00-04:00,0.34599998593330383,0.3700000047683716,0.34119999408721924,0.35530000925064087,60843,0.0,0.0
2024-05-30 13:30:00-04:00,0.35530000925064087,0.3765000104904175,0.35530000925064087,0.3763999938964844,16327,0.0,0.0
2024-05-30 14:30:00-04:00,0.3625999987125397,0.3765000104904175,0.3587999939918518,0.3765000104904175,6387,0.0,0.0
2024-05-30 15:30:00-04:00,0.3707999885082245,0.3734999895095825,0.3625999987125397,0.3625999987125397,45706,0.0,0.0
2024-05-31 09:30:00-04:00,0.3199999928474426,0.37049999833106995,0.3199999928474426,0.3479999899864197,18014,0.0,0.0
2024-05-31 10:30:00-04:00,0.3483000099658966,0.3483000099658966,0.3479999899864197,0.3481000065803528,4844,0.0,0.0
2024-05-31 11:30:00-04:00,0.34459999203681946,0.34779998660087585,0.3199999928474426,0.3440000116825104,12493,0.0,0.0
2024-05-31 12:30:00-04:00,0.3440000116825104,0.3440000116825104,0.322299987077713,0.322299987077713,6881,0.0,0.0
2024-05-31 13:30:00-04:00,0.3384999930858612,0.3384999930858612,0.3384999930858612,0.3384999930858612,1543,0.0,0.0
2024-05-31 15:30:00-04:00,0.35109999775886536,0.35109999775886536,0.35109999775886536,0.35109999775886536,603,0.0,0.0
2024-06-03 09:30:00-04:00,0.36800000071525574,0.36800000071525574,0.32510000467300415,0.3400000035762787,11980,0.0,0.0
2024-06-03 10:30:00-04:00,0.35499998927116394,0.3799999952316284,0.3479999899864197,0.359499990940094,12458,0.0,0.0
2024-06-03 11:30:00-04:00,0.36000001430511475,0.3783999979496002,0.36000001430511475,0.36010000109672546,23958,0.0,0.0
2024-06-03 13:30:00-04:00,0.3720000088214874,0.5698999762535095,0.3720000088214874,0.5268999934196472,88686,0.0,0.0
2024-06-03 14:30:00-04:00,0.5268999934196472,0.9492999911308289,0.515500009059906,0.6313999891281128,8582830,0.0,0.0
2024-06-03 15:30:00-04:00,0.6212000250816345,0.7699999809265137,0.6100000143051147,0.6833999752998352,1662007,0.0,0.0
2024-06-04 09:30:00-04:00,0.5728999972343445,0.6341000199317932,0.5299999713897705,0.5929999947547913,691098,0.0,0.0
2024-06-04 10:30:00-04:00,0.5920000076293945,0.6299999952316284,0.5799999833106995,0.6001999974250793,108586,0.0,0.0
2024-06-04 11:30:00-04:00,0.6001999974250793,0.6290000081062317,0.5899999737739563,0.628000020980835,103722,0.0,0.0
2024-06-04 12:30:00-04:00,0.628000020980835,0.6988000273704529,0.6051999926567078,0.6988000273704529,85588,0.0,0.0
2024-06-04 13:30:00-04:00,0.6974999904632568,0.7179999947547913,0.6349999904632568,0.6947000026702881,170657,0.0,0.0
2024-06-04 14:30:00-04:00,0.6935999989509583,0.6947000026702881,0.5920000076293945,0.6100000143051147,106181,0.0,0.0
2024-06-04 15:30:00-04:00,0.6010000109672546,0.6389999985694885,0.5907999873161316,0.5907999873161316,36589,0.0,0.0
2024-06-05 09:30:00-04:00,0.5394999980926514,0.7775999903678894,0.5249999761581421,0.690500020980835,721565,0.0,0.0
2024-06-05 10:30:00-04:00,0.690500020980835,0.7250000238418579,0.6399999856948853,0.6769999861717224,169348,0.0,0.0
2024-06-05 11:30:00-04:00,0.6500999927520752,0.7070000171661377,0.5856000185012817,0.6825000047683716,136808,0.0,0.0
2024-06-05 12:30:00-04:00,0.6825000047683716,0.699999988079071,0.6449999809265137,0.699999988079071,50837,0.0,0.0
2024-06-05 13:30:00-04:00,0.699999988079071,0.7200000286102295,0.6420999765396118,0.7149999737739563,47167,0.0,0.0
2024-06-05 14:30:00-04:00,0.7149999737739563,0.7400000095367432,0.6899999976158142,0.7400000095367432,67967,0.0,0.0
2024-06-05 15:30:00-04:00,0.7400000095367432,0.7400000095367432,0.6209999918937683,0.6800000071525574,71749,0.0,0.0
2024-06-06 09:30:00-04:00,0.6420000195503235,0.6809999942779541,0.6100000143051147,0.6335999965667725,75421,0.0,0.0
2024-06-06 10:30:00-04:00,0.640500009059906,0.640500009059906,0.6200000047683716,0.628000020980835,12363,0.0,0.0
2024-06-06 11:30:00-04:00,0.628000020980835,0.6380000114440918,0.628000020980835,0.6380000114440918,18011,0.0,0.0
2024-06-06 12:30:00-04:00,0.6381000280380249,0.6399999856948853,0.5799999833106995,0.6204000115394592,45827,0.0,0.0
2024-06-06 13:30:00-04:00,0.6299999952316284,0.6299999952316284,0.6010000109672546,0.6200000047683716,1971,0.0,0.0
2024-06-06 14:30:00-04:00,0.599399983882904,0.6000999808311462,0.599399983882904,0.6000999808311462,1615,0.0,0.0
2024-06-06 15:30:00-04:00,0.6200000047683716,0.6200000047683716,0.6000999808311462,0.6000999808311462,2421,0.0,0.0
2024-06-07 09:30:00-04:00,0.5216000080108643,0.5286999940872192,0.46000000834465027,0.4620000123977661,86628,0.0,0.0
2024-06-07 10:30:00-04:00,0.4620000123977661,0.47999998927116394,0.4620000123977661,0.4650000035762787,33303,0.0,0.0
2024-06-07 11:30:00-04:00,0.4650000035762787,0.48899999260902405,0.4650000035762787,0.48399999737739563,18065,0.0,0.0
2024-06-07 12:30:00-04:00,0.4880000054836273,0.4880000054836273,0.4729999899864197,0.4729999899864197,4970,0.0,0.0
2024-06-07 13:30:00-04:00,0.4729999899864197,0.5180000066757202,0.4729999899864197,0.5180000066757202,35609,0.0,0.0
2024-06-07 14:30:00-04:00,0.5238000154495239,0.5238000154495239,0.4729999899864197,0.4758000075817108,20368,0.0,0.0
2024-06-07 15:30:00-04:00,0.49000000953674316,0.4934999942779541,0.4699999988079071,0.4934999942779541,21732,0.0,0.0
2024-06-10 09:30:00-04:00,0.42160001397132874,0.47450000047683716,0.42160001397132874,0.4320000112056732,32640,0.0,0.0
2024-06-10 10:30:00-04:00,0.46230000257492065,0.46230000257492065,0.42500001192092896,0.4309999942779541,10450,0.0,0.0
2024-06-10 11:30:00-04:00,0.4426000118255615,0.460099995136261,0.42500001192092896,0.4426000118255615,1931,0.0,0.0
2024-06-10 12:30:00-04:00,0.4512999951839447,0.4512999951839447,0.4000999927520752,0.4101000130176544,32952,0.0,0.0
2024-06-10 13:30:00-04:00,0.4099999964237213,0.4099999964237213,0.3765000104904175,0.39910000562667847,49975,0.0,0.0
2024-06-10 14:30:00-04:00,0.39899998903274536,0.4052000045776367,0.38999998569488525,0.38999998569488525,2348,0.0,0.0
2024-06-10 15:30:00-04:00,0.38999998569488525,0.4388999938964844,0.38510000705718994,0.38670000433921814,20057,0.0,0.0
2024-06-11 09:30:00-04:00,0.39800000190734863,0.39800000190734863,0.3781000077724457,0.3781000077724457,5583,0.0,0.0
2024-06-11 10:30:00-04:00,0.383899986743927,0.383899986743927,0.3700999915599823,0.3720000088214874,3764,0.0,0.0
2024-06-11 11:30:00-04:00,0.3905999958515167,0.4000000059604645,0.3905999958515167,0.4000000059604645,7297,0.0,0.0
2024-06-11 12:30:00-04:00,0.4000000059604645,0.4020000100135803,0.3977000117301941,0.4020000100135803,18157,0.0,0.0
2024-06-11 14:30:00-04:00,0.4205000102519989,0.4390000104904175,0.4205000102519989,0.4390000104904175,3301,0.0,0.0
2024-06-11 15:30:00-04:00,0.4390000104904175,0.4652999937534332,0.4390000104904175,0.45899999141693115,22807,0.0,0.0
2024-06-12 09:30:00-04:00,0.46799999475479126,0.46799999475479126,0.4101000130176544,0.43059998750686646,2121,0.0,0.0
2024-06-12 10:30:00-04:00,0.45899999141693115,0.45899999141693115,0.4449999928474426,0.4449999928474426,3590,0.0,0.0
2024-06-12 11:30:00-04:00,0.45899999141693115,0.45899999141693115,0.4309999942779541,0.4584999978542328,2776,0.0,0.0
2024-06-12 12:30:00-04:00,0.4429999887943268,0.4429999887943268,0.4429999887943268,0.4429999887943268,600,0.0,0.0
2024-06-12 13:30:00-04:00,0.4309999942779541,0.4429999887943268,0.4309999942779541,0.4429999887943268,4583,0.0,0.0
2024-06-12 14:30:00-04:00,0.4309999942779541,0.4505999982357025,0.4309999942779541,0.4505999982357025,2656,0.0,0.0
2024-06-13 09:30:00-04:00,0.37229999899864197,0.4104999899864197,0.37229999899864197,0.4104999899864197,26703,0.0,0.0
2024-06-13 10:30:00-04:00,0.4000999927520752,0.4099000096321106,0.4000999927520752,0.4036000072956085,6821,0.0,0.0
2024-06-13 11:30:00-04:00,0.40049999952316284,0.40049999952316284,0.3799999952316284,0.3799999952316284,4765,0.0,0.0
2024-06-13 12:30:00-04:00,0.39989998936653137,0.4000000059604645,0.39500001072883606,0.39989998936653137,1274,0.0,0.0
2024-06-13 13:30:00-04:00,0.4000000059604645,0.414000004529953,0.39500001072883606,0.414000004529953,18325,0.0,0.0
2024-06-13 14:30:00-04:00,0.4242999851703644,0.4242999851703644,0.414000004529953,0.414000004529953,1336,0.0,0.0
2024-06-14 09:30:00-04:00,0.4169999957084656,0.4390000104904175,0.4169999957084656,0.4194999933242798,2630,0.0,0.0
2024-06-14 10:30:00-04:00,0.4000000059604645,0.4189000129699707,0.4000000059604645,0.4142000079154968,5354,0.0,0.0
2024-06-14 11:30:00-04:00,0.41999998688697815,0.4300000071525574,0.41999998688697815,0.4300000071525574,3042,0.0,0.0
2024-06-14 15:30:00-04:00,0.4099999964237213,0.4099999964237213,0.40950000286102295,0.40950000286102295,2295,0.0,0.0
2024-06-17 09:30:00-04:00,0.41130000352859497,0.4399999976158142,0.41130000352859497,0.4399999976158142,3792,0.0,0.0
2024-06-17 10:30:00-04:00,0.4399999976158142,0.45010000467300415,0.42570000886917114,0.44519999623298645,20981,0.0,0.0
2024-06-17 11:30:00-04:00,0.44519999623298645,0.44999998807907104,0.40939998626708984,0.4399999976158142,2125,0.0,0.0
2024-06-17 12:30:00-04:00,0.4480000138282776,0.4480000138282776,0.40939998626708984,0.40939998626708984,2075,0.0,0.0
2024-06-17 13:30:00-04:00,0.40939998626708984,0.40939998626708984,0.40130001306533813,0.40130001306533813,1958,0.0,0.0
2024-06-17 15:30:00-04:00,0.42750000953674316,0.42750000953674316,0.42750000953674316,0.42750000953674316,622,0.0,0.0
2024-06-18 09:30:00-04:00,0.40299999713897705,0.4138000011444092,0.38999998569488525,0.4000000059604645,16260,0.0,0.0
2024-06-18 10:30:00-04:00,0.4099999964237213,0.4099999964237213,0.3790999948978424,0.3790999948978424,14969,0.0,0.0
2024-06-18 11:30:00-04:00,0.3824000060558319,0.3824000060558319,0.3824000060558319,0.3824000060558319,5844,0.0,0.0
2024-06-18 12:30:00-04:00,0.40149998664855957,0.40149998664855957,0.3822000026702881,0.3824999928474426,1517,0.0,0.0
2024-06-18 15:30:00-04:00,0.3833000063896179,0.4099999964237213,0.382999986410141,0.4099999964237213,2451,0.0,0.0
2024-06-20 09:30:00-04:00,0.3869999945163727,0.3869999945163727,0.382999986410141,0.3831000030040741,6259,0.0,0.0
2024-06-20 10:30:00-04:00,0.3831000030040741,0.3831000030040741,0.3831000030040741,0.3831000030040741,3124,0.0,0.0
2024-06-20 12:30:00-04:00,0.4099999964237213,0.4099999964237213,0.4099999964237213,0.4099999964237213,1700,0.0,0.0
2024-06-20 13:30:00-04:00,0.40869998931884766,0.40869998931884766,0.40869998931884766,0.40869998931884766,2347,0.0,0.0
2024-06-20 14:30:00-04:00,0.40790000557899475,0.40790000557899475,0.40790000557899475,0.40790000557899475,359,0.0,0.0
2024-06-21 09:30:00-04:00,0.4099999964237213,0.4244999885559082,0.382999986410141,0.4244999885559082,29074,0.0,0.0
2024-06-21 10:30:00-04:00,0.4388999938964844,0.4388999938964844,0.4099999964237213,0.4099999964237213,4770,0.0,0.0
2024-06-21 11:30:00-04:00,0.4244999885559082,0.4244999885559082,0.4099999964237213,0.4099999964237213,438,0.0,0.0
2024-06-21 12:30:00-04:00,0.4099999964237213,0.4099999964237213,0.4099999964237213,0.4099999964237213,0,0.0,0.0
2024-06-21 13:30:00-04:00,0.4099999964237213,0.4244999885559082,0.4099999964237213,0.4244999885559082,1844,0.0,0.0
2024-06-21 15:30:00-04:00,0.42329999804496765,0.43799999356269836,0.4099999964237213,0.4099999964237213,2100,0.0,0.0
2024-06-24 09:30:00-04:00,0.41370001435279846,0.42899999022483826,0.375,0.39800000190734863,34621,0.0,0.0
2024-06-24 10:30:00-04:00,0.38269999623298645,0.4025999903678894,0.38269999623298645,0.38280001282691956,7310,0.0,0.0
2024-06-24 11:30:00-04:00,0.382999986410141,0.382999986410141,0.382999986410141,0.382999986410141,302,0.0,0.0
2024-06-24 12:30:00-04:00,0.39649999141693115,0.4059000015258789,0.39649999141693115,0.4059000015258789,1962,0.0,0.0
2024-06-24 13:30:00-04:00,0.3928999900817871,0.3928999900817871,0.38999998569488525,0.3901999890804291,1250,0.0,0.0
2024-06-24 14:30:00-04:00,0.3901999890804291,0.39500001072883606,0.38999998569488525,0.39500001072883606,1971,0.0,0.0
2024-06-25 09:30:00-04:00,0.4000000059604645,0.41999998688697815,0.4000000059604645,0.41999998688697815,2487,0.0,0.0
2024-06-25 10:30:00-04:00,0.4000000059604645,0.4097999930381775,0.4000000059604645,0.4097999930381775,2450,0.0,0.0
2024-06-25 12:30:00-04:00,0.4090000092983246,0.4090000092983246,0.4000000059604645,0.4000000059604645,300,0.0,0.0
2024-06-25 14:30:00-04:00,0.4000000059604645,0.4000000059604645,0.4000000059604645,0.4000000059604645,1250,0.0,0.0
2024-06-25 15:30:00-04:00,0.4000000059604645,0.4000000059604645,0.3921000063419342,0.3921000063419342,3884,0.0,0.0
2024-06-26 09:30:00-04:00,0.3799999952316284,0.3995000123977661,0.3799999952316284,0.3995000123977661,411,0.0,0.0
2024-06-26 11:30:00-04:00,0.4007999897003174,0.4007999897003174,0.390500009059906,0.390500009059906,11702,0.0,0.0
2024-06-26 12:30:00-04:00,0.3928999900817871,0.3928999900817871,0.385699987411499,0.385699987411499,565,0.0,0.0
2024-06-26 13:30:00-04:00,0.3905999958515167,0.3905999958515167,0.3905999958515167,0.3905999958515167,220,0.0,0.0
2024-06-26 14:30:00-04:00,0.3905999958515167,0.3905999958515167,0.3905999958515167,0.3905999958515167,455,0.0,0.0
2024-06-26 15:30:00-04:00,0.39070001244544983,0.39070001244544983,0.39070001244544983,0.39070001244544983,328,0.0,0.0
2024-06-27 09:30:00-04:00,0.4169999957084656,0.4169999957084656,0.39559999108314514,0.39559999108314514,3107,0.0,0.0
2024-06-27 10:30:00-04:00,0.4090000092983246,0.4090000092983246,0.4090000092983246,0.4090000092983246,1715,0.0,0.0
2024-06-27 11:30:00-04:00,0.3903999924659729,0.39969998598098755,0.3903999924659729,0.39969998598098755,5022,0.0,0.0
2024-06-27 13:30:00-04:00,0.39959999918937683,0.39969998598098755,0.39959999918937683,0.39969998598098755,5920,0.0,0.0
2024-06-27 14:30:00-04:00,0.39100000262260437,0.4081000089645386,0.39100000262260437,0.4081000089645386,2999,0.0,0.0
2024-06-28 09:30:00-04:00,0.41530001163482666,0.41530001163482666,0.3903999924659729,0.40119999647140503,25284,0.0,0.0
2024-06-28 10:30:00-04:00,0.375,0.375,0.3578000068664551,0.3578000068664551,5722,0.0,0.0
2024-06-28 11:30:00-04:00,0.37790000438690186,0.37790000438690186,0.3610999882221222,0.37779998779296875,7969,0.0,0.0
2024-06-28 12:30:00-04:00,0.3630000054836273,0.37700000405311584,0.3610000014305115,0.37700000405311584,2700,0.0,0.0
2024-06-28 13:30:00-04:00,0.37700000405311584,0.37700000405311584,0.37700000405311584,0.37700000405311584,710,0.0,0.0
2024-06-28 14:30:00-04:00,0.37700000405311584,0.37700000405311584,0.3700999915599823,0.3700999915599823,1343,0.0,0.0
2024-06-28 15:30:00-04:00,0.3700000047683716,0.3700999915599823,0.3700000047683716,0.3700999915599823,16373,0.0,0.0
2024-07-01 09:30:00-04:00,0.37549999356269836,0.3799999952316284,0.36000001430511475,0.36059999465942383,9168,0.0,0.0
2024-07-01 10:30:00-04:00,0.3700000047683716,0.37470000982284546,0.36039999127388,0.36039999127388,3432,0.0,0.0
2024-07-01 11:30:00-04:00,0.3700000047683716,0.3700000047683716,0.3700000047683716,0.3700000047683716,3908,0.0,0.0
2024-07-01 13:30:00-04:00,0.3700000047683716,0.3700000047683716,0.3700000047683716,0.3700000047683716,518,0.0,0.0
2024-07-01 14:30:00-04:00,0.3603000044822693,0.3603000044822693,0.3411000072956085,0.3411000072956085,13255,0.0,0.0
2024-07-01 15:30:00-04:00,0.34200000762939453,0.34200000762939453,0.34200000762939453,0.34200000762939453,100,0.0,0.0
2024-07-02 09:30:00-04:00,0.3310000002384186,0.3310000002384186,0.32170000672340393,0.3230000138282776,14966,0.0,0.0
2024-07-02 10:30:00-04:00,0.3215999901294708,0.3215999901294708,0.3091000020503998,0.3091000020503998,9307,0.0,0.0
2024-07-02 11:30:00-04:00,0.33090001344680786,0.33090001344680786,0.31299999356269836,0.31299999356269836,7470,0.0,0.0
2024-07-02 13:30:00-04:00,0.31200000643730164,0.31200000643730164,0.31200000643730164,0.31200000643730164,4090,0.0,0.0
2024-07-02 15:30:00-04:00,0.30219998955726624,0.31200000643730164,0.3009999990463257,0.3012999892234802,17748,0.0,0.0
2024-07-03 09:30:00-04:00,0.3140000104904175,0.3571000099182129,0.31200000643730164,0.3569999933242798,17645,0.0,0.0
2024-07-03 10:30:00-04:00,0.3400999903678894,0.3490000069141388,0.3019999861717224,0.32010000944137573,31189,0.0,0.0
2024-07-03 11:30:00-04:00,0.3361000120639801,0.3361999988555908,0.3179999887943268,0.3179999887943268,16366,0.0,0.0
2024-07-03 12:30:00-04:00,0.33090001344680786,0.33090001344680786,0.33090001344680786,0.33090001344680786,354,0.0,0.0
2024-07-05 09:30:00-04:00,0.33889999985694885,0.33889999985694885,0.33889999985694885,0.33889999985694885,2527,0.0,0.0
2024-07-05 10:30:00-04:00,0.3176000118255615,0.33899998664855957,0.3176000118255615,0.3294999897480011,13919,0.0,0.0
2024-07-05 11:30:00-04:00,0.31839999556541443,0.31929999589920044,0.3176000118255615,0.3176000118255615,14301,0.0,0.0
2024-07-05 12:30:00-04:00,0.30820000171661377,0.3160000145435333,0.30820000171661377,0.31060001254081726,6534,0.0,0.0
2024-07-08 09:30:00-04:00,0.3149000108242035,0.5,0.3149000108242035,0.35280001163482666,721055,0.0,0.0
2024-07-08 10:30:00-04:00,0.36550000309944153,0.3700000047683716,0.3375000059604645,0.34850001335144043,82643,0.0,0.0
2024-07-08 11:30:00-04:00,0.3474999964237213,0.35499998927116394,0.3400000035762787,0.34299999475479126,30290,0.0,0.0
2024-07-08 12:30:00-04:00,0.3447999954223633,0.3447999954223633,0.3400000035762787,0.3400000035762787,12590,0.0,0.0
2024-07-08 13:30:00-04:00,0.3400999903678894,0.34599998593330383,0.3400999903678894,0.34599998593330383,11323,0.0,0.0
2024-07-08 14:30:00-04:00,0.34599998593330383,0.3499999940395355,0.3400000035762787,0.3499999940395355,5259,0.0,0.0
2024-07-08 15:30:00-04:00,0.3499999940395355,0.40950000286102295,0.34599998593330383,0.38989999890327454,73991,0.0,0.0
2024-07-09 09:30:00-04:00,0.34929999709129333,0.36000001430511475,0.3409999907016754,0.35040000081062317,53408,0.0,0.0
2024-07-09 10:30:00-04:00,0.35359999537467957,0.3695000112056732,0.3472999930381775,0.3695000112056732,23749,0.0,0.0
2024-07-09 11:30:00-04:00,0.36970001459121704,0.3790000081062317,0.36579999327659607,0.3788999915122986,30466,0.0,0.0
2024-07-09 12:30:00-04:00,0.35600000619888306,0.3790000081062317,0.35100001096725464,0.3779999911785126,16854,0.0,0.0
2024-07-09 13:30:00-04:00,0.3610000014305115,0.37860000133514404,0.3610000014305115,0.3610000014305115,15179,0.0,0.0
2024-07-09 14:30:00-04:00,0.3700000047683716,0.3700000047683716,0.3700000047683716,0.3700000047683716,924,0.0,0.0
2024-07-09 15:30:00-04:00,0.3653999865055084,0.3788999915122986,0.3653999865055084,0.3788999915122986,5000,0.0,0.0
2024-07-10 09:30:00-04:00,0.3610999882221222,0.37389999628067017,0.3449999988079071,0.36500000953674316,42079,0.0,0.0
2024-07-10 10:30:00-04:00,0.36500000953674316,0.36500000953674316,0.36500000953674316,0.36500000953674316,0,0.0,0.0
2024-07-10 11:30:00-04:00,0.35179999470710754,0.35339999198913574,0.3449999988079071,0.35339999198913574,7467,0.0,0.0
2024-07-10 13:30:00-04:00,0.34850001335144043,0.34950000047683716,0.34850001335144043,0.34950000047683716,2610,0.0,0.0
2024-07-10 14:30:00-04:00,0.34929999709129333,0.34929999709129333,0.34610000252723694,0.34610000252723694,1435,0.0,0.0
2024-07-10 15:30:00-04:00,0.3449999988079071,0.3449999988079071,0.3409999907016754,0.3411000072956085,2151,0.0,0.0
2024-07-11 09:30:00-04:00,0.3425999879837036,0.3425999879837036,0.3425999879837036,0.3425999879837036,11721,0.0,0.0
2024-07-11 11:30:00-04:00,0.3553999960422516,0.3553999960422516,0.3303000032901764,0.3330000042915344,7706,0.0,0.0
2024-07-11 14:30:00-04:00,0.33059999346733093,0.34689998626708984,0.3303000032901764,0.34689998626708984,8340,0.0,0.0
2024-07-12 09:30:00-04:00,0.3499999940395355,0.3499999940395355,0.34850001335144043,0.34850001335144043,3962,0.0,0.0
2024-07-12 10:30:00-04:00,0.34850001335144043,0.34850001335144043,0.3400000035762787,0.3400000035762787,5673,0.0,0.0
2024-07-12 11:30:00-04:00,0.34200000762939453,0.34200000762939453,0.34200000762939453,0.34200000762939453,1158,0.0,0.0
2024-07-12 12:30:00-04:00,0.3440000116825104,0.3440000116825104,0.3440000116825104,0.3440000116825104,2067,0.0,0.0
2024-07-12 13:30:00-04:00,0.34850001335144043,0.34850001335144043,0.34130001068115234,0.3447999954223633,2821,0.0,0.0
2024-07-12 14:30:00-04:00,0.3449000120162964,0.34850001335144043,0.3409999907016754,0.3409999907016754,4178,0.0,0.0
2024-07-12 15:30:00-04:00,0.3479999899864197,0.34850001335144043,0.34139999747276306,0.34850001335144043,3599,0.0,0.0
2024-07-15 09:30:00-04:00,0.3499999940395355,0.3499999940395355,0.3400000035762787,0.3400000035762787,3136,0.0,0.0
2024-07-15 10:30:00-04:00,0.3499999940395355,0.3499999940395355,0.34200000762939453,0.3449999988079071,2930,0.0,0.0
2024-07-15 14:30:00-04:00,0.34709998965263367,0.349700003862381,0.34529998898506165,0.34529998898506165,3337,0.0,0.0
2024-07-16 09:30:00-04:00,0.3492000102996826,0.35690000653266907,0.3492000102996826,0.35690000653266907,3847,0.0,0.0
2024-07-16 10:30:00-04:00,0.34139999747276306,0.34139999747276306,0.34139999747276306,0.34139999747276306,301,0.0,0.0
2024-07-16 11:30:00-04:00,0.35690000653266907,0.35690000653266907,0.3492000102996826,0.3499999940395355,1604,0.0,0.0
2024-07-16 12:30:00-04:00,0.3440000116825104,0.3440000116825104,0.3440000116825104,0.3440000116825104,732,0.0,0.0
2024-07-16 13:30:00-04:00,0.35679998993873596,0.35690000653266907,0.35679998993873596,0.35690000653266907,2276,0.0,0.0
2024-07-16 14:30:00-04:00,0.3499999940395355,0.350600004196167,0.3499999940395355,0.350600004196167,286,0.0,0.0
2024-07-16 15:30:00-04:00,0.3506999909877777,0.35690000653266907,0.3506999909877777,0.35690000653266907,1084,0.0,0.0
2024-07-17 09:30:00-04:00,0.34549999237060547,0.3504999876022339,0.34549999237060547,0.3504999876022339,5396,0.0,0.0
2024-07-17 10:30:00-04:00,0.3504999876022339,0.3504999876022339,0.3504999876022339,0.3504999876022339,839,0.0,0.0
2024-07-17 11:30:00-04:00,0.35109999775886536,0.35109999775886536,0.35109999775886536,0.35109999775886536,17,0.0,0.0
2024-07-17 12:30:00-04:00,0.3580000102519989,0.35899999737739563,0.3580000102519989,0.35899999737739563,3361,0.0,0.0
2024-07-17 13:30:00-04:00,0.35899999737739563,0.35899999737739563,0.3517000079154968,0.3517000079154968,1100,0.0,0.0
2024-07-17 14:30:00-04:00,0.35510000586509705,0.3560999929904938,0.35510000586509705,0.3560999929904938,2296,0.0,0.0
2024-07-17 15:30:00-04:00,0.35899999737739563,0.36899998784065247,0.3589000105857849,0.36899998784065247,9353,0.0,0.0
2024-07-18 10:30:00-04:00,0.36160001158714294,0.36160001158714294,0.36160001158714294,0.36160001158714294,870,0.0,0.0
2024-07-18 11:30:00-04:00,0.36890000104904175,0.36890000104904175,0.36890000104904175,0.36890000104904175,174,0.0,0.0
2024-07-18 12:30:00-04:00,0.36890000104904175,0.36890000104904175,0.36890000104904175,0.36890000104904175,3049,0.0,0.0
2024-07-18 13:30:00-04:00,0.36890000104904175,0.36890000104904175,0.36890000104904175,0.36890000104904175,7925,0.0,0.0
