Datetime,Open,High,Low,Close,Volume,Dividends,Stock Splits
2022-08-25 09:30:00-04:00,42.220001220703125,42.220001220703125,40.70000076293945,41.34000015258789,3594500,0.0,0.0
2022-08-25 10:30:00-04:00,41.37009811401367,41.66999816894531,40.13999938964844,40.31999969482422,2721845,0.0,0.0
2022-08-25 11:30:00-04:00,40.310001373291016,40.83000183105469,40.244998931884766,40.820098876953125,1187322,0.0,0.0
2022-08-25 12:30:00-04:00,40.83000183105469,41.150001525878906,40.640899658203125,41.11000061035156,1046818,0.0,0.0
2022-08-25 13:30:00-04:00,41.11000061035156,41.30500030517578,41.02000045776367,41.2400016784668,848929,0.0,0.0
2022-08-25 14:30:00-04:00,41.2400016784668,41.380001068115234,41.029998779296875,41.31999969482422,1073558,0.0,0.0
2022-08-25 15:30:00-04:00,41.320098876953125,41.61000061035156,41.2599983215332,41.47999954223633,1245642,0.0,0.0
2022-08-26 09:30:00-04:00,42.209999084472656,42.97999954223633,40.849998474121094,40.939998626708984,5960222,0.0,0.0
2022-08-26 10:30:00-04:00,40.91999816894531,40.93000030517578,39.435001373291016,39.95000076293945,2866068,0.0,0.0
2022-08-26 11:30:00-04:00,39.970001220703125,40.02000045776367,39.56999969482422,39.71500015258789,1628760,0.0,0.0
2022-08-26 12:30:00-04:00,39.689998626708984,40.47999954223633,39.58000183105469,40.18000030517578,1742996,0.0,0.0
2022-08-26 13:30:00-04:00,40.13999938964844,40.189998626708984,39.564998626708984,39.61000061035156,1125895,0.0,0.0
2022-08-26 14:30:00-04:00,39.61000061035156,39.93980026245117,39.540000915527344,39.79999923706055,1388274,0.0,0.0
2022-08-26 15:30:00-04:00,39.790000915527344,39.79999923706055,39.529998779296875,39.54999923706055,1547347,0.0,0.0
2022-08-29 09:30:00-04:00,38.459999084472656,39.95000076293945,37.790000915527344,39.54999923706055,4996388,0.0,0.0
2022-08-29 10:30:00-04:00,39.56999969482422,39.869998931884766,38.93000030517578,39.061500549316406,1522621,0.0,0.0
2022-08-29 11:30:00-04:00,39.066200256347656,39.34000015258789,38.73440170288086,39.099998474121094,1429495,0.0,0.0
2022-08-29 12:30:00-04:00,39.11000061035156,39.56999969482422,38.9375,39.560001373291016,1868409,0.0,0.0
2022-08-29 13:30:00-04:00,39.54999923706055,39.959999084472656,39.494998931884766,39.7400016784668,1570115,0.0,0.0
2022-08-29 14:30:00-04:00,39.7400016784668,39.97999954223633,39.63999938964844,39.685001373291016,1263625,0.0,0.0
2022-08-29 15:30:00-04:00,39.68000030517578,39.68000030517578,39.16999816894531,39.189998626708984,1125740,0.0,0.0
2022-08-30 09:30:00-04:00,40.189998626708984,40.68000030517578,39.060001373291016,39.25,4037856,0.0,0.0
2022-08-30 10:30:00-04:00,39.220001220703125,39.220001220703125,38.349998474121094,38.7599983215332,2879572,0.0,0.0
2022-08-30 11:30:00-04:00,38.75,39.08000183105469,38.58000183105469,38.81999969482422,1226357,0.0,0.0
2022-08-30 12:30:00-04:00,38.821800231933594,38.83000183105469,38.220001220703125,38.36000061035156,1080625,0.0,0.0
2022-08-30 13:30:00-04:00,38.36000061035156,38.68000030517578,38.25859832763672,38.54999923706055,962654,0.0,0.0
2022-08-30 14:30:00-04:00,38.560001373291016,39.27000045776367,38.560001373291016,39.04499816894531,1229244,0.0,0.0
2022-08-30 15:30:00-04:00,39.060001373291016,39.209999084472656,38.890098571777344,39.029998779296875,1375525,0.0,0.0
2022-08-31 09:30:00-04:00,39.95000076293945,40.790000915527344,39.56999969482422,39.61000061035156,3195877,0.0,0.0
2022-08-31 10:30:00-04:00,39.61000061035156,39.82469940185547,38.709999084472656,38.869998931884766,1862011,0.0,0.0
2022-08-31 11:30:00-04:00,38.869998931884766,39.15999984741211,38.81999969482422,38.9900016784668,1058544,0.0,0.0
2022-08-31 12:30:00-04:00,38.99800109863281,39.13999938964844,38.8400993347168,38.970001220703125,631848,0.0,0.0
2022-08-31 13:30:00-04:00,38.97999954223633,39.209999084472656,38.779998779296875,39.150001525878906,726012,0.0,0.0
2022-08-31 14:30:00-04:00,39.150001525878906,39.5099983215332,38.939998626708984,39.209999084472656,1133455,0.0,0.0
2022-08-31 15:30:00-04:00,39.209999084472656,39.459999084472656,39.08000183105469,39.1150016784668,1873694,0.0,0.0
2022-09-01 09:30:00-04:00,38.13999938964844,38.779998779296875,37.209999084472656,37.70000076293945,2830239,0.0,0.0
2022-09-01 10:30:00-04:00,37.72999954223633,37.72999954223633,36.560001373291016,36.70000076293945,2724759,0.0,0.0
2022-09-01 11:30:00-04:00,36.689998626708984,37.029998779296875,36.59000015258789,36.915000915527344,1781071,0.0,0.0
2022-09-01 12:30:00-04:00,36.915000915527344,37.5,36.810001373291016,37.494998931884766,1485398,0.0,0.0
2022-09-01 13:30:00-04:00,37.494998931884766,38.220001220703125,37.36000061035156,38.01499938964844,1725734,0.0,0.0
2022-09-01 14:30:00-04:00,38.02939987182617,38.47999954223633,38.0099983215332,38.154998779296875,1818765,0.0,0.0
2022-09-01 15:30:00-04:00,38.150001525878906,38.54999923706055,38.11000061035156,38.51729965209961,1885769,0.0,0.0
2022-09-02 09:30:00-04:00,39.0099983215332,39.369998931884766,37.52000045776367,38.47999954223633,2880243,0.0,0.0
2022-09-02 10:30:00-04:00,38.47999954223633,39.09000015258789,38.46139907836914,38.7599983215332,2762128,0.0,0.0
2022-09-02 11:30:00-04:00,38.7599983215332,38.869998931884766,38.12099838256836,38.209999084472656,1627645,0.0,0.0
2022-09-02 12:30:00-04:00,38.209999084472656,38.25,37.7599983215332,37.81999969482422,1355193,0.0,0.0
2022-09-02 13:30:00-04:00,37.810001373291016,38.0099983215332,37.551300048828125,37.90999984741211,1142212,0.0,0.0
2022-09-02 14:30:00-04:00,37.900001525878906,38.220001220703125,37.84000015258789,37.994998931884766,896243,0.0,0.0
2022-09-02 15:30:00-04:00,37.9900016784668,38.060001373291016,37.755001068115234,37.95000076293945,1064395,0.0,0.0
2022-09-06 09:30:00-04:00,37.56999969482422,37.56999969482422,35.650001525878906,36.75019836425781,5913420,0.0,0.0
2022-09-06 10:30:00-04:00,36.755001068115234,37.650001525878906,36.58000183105469,37.290000915527344,3077189,0.0,0.0
2022-09-06 11:30:00-04:00,37.279998779296875,38.13999938964844,37.21989822387695,37.810001373291016,2096888,0.0,0.0
2022-09-06 12:30:00-04:00,37.801998138427734,37.83000183105469,37.185001373291016,37.47999954223633,1280701,0.0,0.0
2022-09-06 13:30:00-04:00,37.47999954223633,37.87099838256836,37.45000076293945,37.709999084472656,1106982,0.0,0.0
2022-09-06 14:30:00-04:00,37.709999084472656,37.959999084472656,37.599998474121094,37.779998779296875,1184979,0.0,0.0
2022-09-06 15:30:00-04:00,37.77000045776367,37.939998626708984,37.62009811401367,37.89929962158203,1477900,0.0,0.0
2022-09-07 09:30:00-04:00,37.810001373291016,39.02000045776367,37.52000045776367,37.97999954223633,3879256,0.0,0.0
2022-09-07 10:30:00-04:00,38.0,38.597999572753906,37.842098236083984,38.5099983215332,1939786,0.0,0.0
2022-09-07 11:30:00-04:00,38.5099983215332,38.880001068115234,38.439998626708984,38.67900085449219,1300835,0.0,0.0
2022-09-07 12:30:00-04:00,38.66999816894531,38.97999954223633,38.577999114990234,38.75419998168945,1081307,0.0,0.0
2022-09-07 13:30:00-04:00,38.75,39.060001373291016,38.65999984741211,39.060001373291016,1170561,0.0,0.0
2022-09-07 14:30:00-04:00,39.060001373291016,39.70899963378906,39.0,39.689998626708984,2235969,0.0,0.0
2022-09-07 15:30:00-04:00,39.689998626708984,39.94499969482422,39.643001556396484,39.935001373291016,2034094,0.0,0.0
2022-09-08 09:30:00-04:00,39.22999954223633,41.869998931884766,39.060001373291016,41.13999938964844,6535296,0.0,0.0
2022-09-08 10:30:00-04:00,41.130001068115234,41.48500061035156,40.959999084472656,41.310001373291016,1945087,0.0,0.0
2022-09-08 11:30:00-04:00,41.310001373291016,41.39500045776367,40.2599983215332,40.5099983215332,2136373,0.0,0.0
2022-09-08 12:30:00-04:00,40.5,41.13999938964844,40.38999938964844,41.0802001953125,1276009,0.0,0.0
2022-09-08 13:30:00-04:00,41.08000183105469,41.22800064086914,40.79999923706055,40.88999938964844,1047986,0.0,0.0
2022-09-08 14:30:00-04:00,40.900001525878906,41.508399963378906,40.900001525878906,41.505001068115234,1193844,0.0,0.0
2022-09-08 15:30:00-04:00,41.5099983215332,41.880001068115234,41.5,41.869998931884766,1668195,0.0,0.0
2022-09-09 09:30:00-04:00,42.790000915527344,44.38999938964844,42.65999984741211,43.650001525878906,5133888,0.0,0.0
2022-09-09 10:30:00-04:00,43.665000915527344,44.54999923706055,43.56999969482422,44.040000915527344,2841367,0.0,0.0
2022-09-09 11:30:00-04:00,44.04999923706055,44.630001068115234,43.9900016784668,44.39500045776367,1980302,0.0,0.0
2022-09-09 12:30:00-04:00,44.400001525878906,45.77000045776367,44.314998626708984,45.400001525878906,4467511,0.0,0.0
2022-09-09 13:30:00-04:00,45.40370178222656,45.52349853515625,44.83000183105469,45.29990005493164,2994778,0.0,0.0
2022-09-09 14:30:00-04:00,45.28129959106445,45.299400329589844,44.88999938964844,45.06999969482422,1946837,0.0,0.0
2022-09-09 15:30:00-04:00,45.060001373291016,45.529998779296875,45.029998779296875,45.529998779296875,3000165,0.0,0.0
2022-09-12 09:30:00-04:00,44.56919860839844,46.099998474121094,44.41999816894531,45.79999923706055,6824357,0.0,0.0
2022-09-12 10:30:00-04:00,45.79999923706055,45.970001220703125,45.05500030517578,45.369998931884766,2425792,0.0,0.0
2022-09-12 11:30:00-04:00,45.3650016784668,45.4900016784668,44.90999984741211,45.4900016784668,1550178,0.0,0.0
2022-09-12 12:30:00-04:00,45.499298095703125,45.857200622558594,45.38999938964844,45.849998474121094,1841977,0.0,0.0
2022-09-12 13:30:00-04:00,45.84130096435547,46.279998779296875,45.75,45.95399856567383,1939031,0.0,0.0
2022-09-12 14:30:00-04:00,45.95500183105469,46.16999816894531,45.880001068115234,46.14500045776367,1551961,0.0,0.0
2022-09-12 15:30:00-04:00,46.14899826049805,46.59000015258789,46.11000061035156,46.56999969482422,1935080,0.0,0.0
2022-09-13 09:30:00-04:00,44.0,45.209999084472656,43.25,44.77000045776367,5081551,0.0,0.0
2022-09-13 10:30:00-04:00,44.7599983215332,44.83000183105469,43.4900016784668,43.98860168457031,2817958,0.0,0.0
2022-09-13 11:30:00-04:00,43.970001220703125,44.02000045776367,43.369998931884766,43.4900016784668,2088805,0.0,0.0
2022-09-13 12:30:00-04:00,43.4900016784668,43.83000183105469,43.439998626708984,43.83000183105469,1455116,0.0,0.0
2022-09-13 13:30:00-04:00,43.83000183105469,44.069801330566406,43.58000183105469,43.589900970458984,1371729,0.0,0.0
2022-09-13 14:30:00-04:00,43.59000015258789,43.79999923706055,43.22999954223633,43.660499572753906,1841856,0.0,0.0
2022-09-13 15:30:00-04:00,43.66999816894531,43.9900016784668,43.5099983215332,43.86000061035156,1710380,0.0,0.0
2022-09-14 09:30:00-04:00,43.45000076293945,45.16999816894531,42.540000915527344,44.48379898071289,4699437,0.0,0.0
2022-09-14 10:30:00-04:00,44.477298736572266,45.34000015258789,44.342498779296875,45.03409957885742,2478983,0.0,0.0
2022-09-14 11:30:00-04:00,45.03499984741211,45.59000015258789,44.86000061035156,45.310001373291016,1817524,0.0,0.0
2022-09-14 12:30:00-04:00,45.33000183105469,45.915000915527344,45.189998626708984,45.244998931884766,2283293,0.0,0.0
2022-09-14 13:30:00-04:00,45.25,45.2599983215332,44.40999984741211,44.724998474121094,2607891,0.0,0.0
2022-09-14 14:30:00-04:00,44.72129821777344,45.130001068115234,44.689998626708984,45.029998779296875,1824284,0.0,0.0
2022-09-14 15:30:00-04:00,45.025001525878906,45.279998779296875,44.86000061035156,45.150001525878906,1993328,0.0,0.0
2022-09-15 09:30:00-04:00,44.459999084472656,46.5,44.349998474121094,45.27579879760742,4994629,0.0,0.0
2022-09-15 10:30:00-04:00,45.27000045776367,45.720001220703125,44.345001220703125,45.25,3127423,0.0,0.0
2022-09-15 11:30:00-04:00,45.25,45.939998626708984,45.040000915527344,45.20000076293945,2406923,0.0,0.0
2022-09-15 12:30:00-04:00,45.189998626708984,47.04999923706055,45.119998931884766,46.90999984741211,3415386,0.0,0.0
2022-09-15 13:30:00-04:00,46.900001525878906,46.970001220703125,46.27000045776367,46.400001525878906,3094608,0.0,0.0
2022-09-15 14:30:00-04:00,46.400001525878906,46.52000045776367,42.0099983215332,43.13999938964844,10272243,0.0,0.0
2022-09-15 15:30:00-04:00,43.125,43.70000076293945,42.75,43.5,4536732,0.0,0.0
2022-09-16 09:30:00-04:00,41.91999816894531,41.91999816894531,38.810001373291016,39.77000045776367,10221571,0.0,0.0
2022-09-16 10:30:00-04:00,39.77000045776367,40.27000045776367,39.209999084472656,39.29499816894531,3361903,0.0,0.0
2022-09-16 11:30:00-04:00,39.290000915527344,39.66999816894531,39.224998474121094,39.5099983215332,1933085,0.0,0.0
2022-09-16 12:30:00-04:00,39.5099983215332,40.36830139160156,39.415000915527344,39.77000045776367,2581302,0.0,0.0
2022-09-16 13:30:00-04:00,39.77000045776367,40.02000045776367,39.349700927734375,39.67499923706055,2100572,0.0,0.0
2022-09-16 14:30:00-04:00,39.67499923706055,39.84000015258789,39.2599983215332,39.59000015258789,3279454,0.0,0.0
2022-09-16 15:30:00-04:00,39.5806999206543,39.810001373291016,39.11000061035156,39.5,5535091,0.0,0.0
2022-09-19 09:30:00-04:00,38.959999084472656,39.040000915527344,37.099998474121094,37.25,5573128,0.0,0.0
2022-09-19 10:30:00-04:00,37.246299743652344,37.630001068115234,37.029998779296875,37.125,3304698,0.0,0.0
2022-09-19 11:30:00-04:00,37.125,37.290000915527344,36.900001525878906,37.11000061035156,1758465,0.0,0.0
2022-09-19 12:30:00-04:00,37.10499954223633,37.57500076293945,37.09000015258789,37.17499923706055,1524348,0.0,0.0
2022-09-19 13:30:00-04:00,37.17499923706055,37.185001373291016,36.84000015258789,36.92499923706055,1632503,0.0,0.0
2022-09-19 14:30:00-04:00,36.93000030517578,37.31999969482422,36.89500045776367,37.17499923706055,1751183,0.0,0.0
2022-09-19 15:30:00-04:00,37.18000030517578,37.28499984741211,36.959999084472656,37.099998474121094,1850617,0.0,0.0
2022-09-20 09:30:00-04:00,36.849998474121094,37.59000015258789,36.2599983215332,36.8650016784668,5744734,0.0,0.0
2022-09-20 10:30:00-04:00,36.869998931884766,37.09000015258789,36.430198669433594,37.040000915527344,1753565,0.0,0.0
2022-09-20 11:30:00-04:00,37.047298431396484,37.369998931884766,36.849998474121094,37.06999969482422,1623710,0.0,0.0
2022-09-20 12:30:00-04:00,37.064998626708984,37.099998474121094,36.7599983215332,36.81230163574219,1056138,0.0,0.0
2022-09-20 13:30:00-04:00,36.810001373291016,36.834999084472656,36.470001220703125,36.529998779296875,1354028,0.0,0.0
2022-09-20 14:30:00-04:00,36.529998779296875,36.89500045776367,36.40999984741211,36.67300033569336,1324648,0.0,0.0
2022-09-20 15:30:00-04:00,36.65999984741211,36.79499816894531,36.36000061035156,36.43000030517578,1804216,0.0,0.0
2022-09-21 09:30:00-04:00,36.65999984741211,37.13999938964844,35.77000045776367,37.100101470947266,3182862,0.0,0.0
2022-09-21 10:30:00-04:00,37.099998474121094,37.150001525878906,36.710201263427734,37.09920120239258,1549625,0.0,0.0
2022-09-21 11:30:00-04:00,37.09000015258789,37.130001068115234,36.779998779296875,36.9900016784668,884081,0.0,0.0
2022-09-21 12:30:00-04:00,37.0,37.13999938964844,36.83000183105469,36.959999084472656,740640,0.0,0.0
2022-09-21 13:30:00-04:00,36.959999084472656,37.34000015258789,36.08000183105469,36.375,2152966,0.0,0.0
2022-09-21 14:30:00-04:00,36.33000183105469,37.77000045776367,36.20100021362305,36.40999984741211,4154641,0.0,0.0
2022-09-21 15:30:00-04:00,36.38999938964844,36.45000076293945,35.79999923706055,35.834999084472656,2882099,0.0,0.0
2022-09-22 09:30:00-04:00,35.75,36.04999923706055,34.900001525878906,35.45640182495117,3846788,0.0,0.0
2022-09-22 10:30:00-04:00,35.45640182495117,36.13949966430664,35.0099983215332,35.165000915527344,2910968,0.0,0.0
2022-09-22 11:30:00-04:00,35.15380096435547,35.48899841308594,35.0806999206543,35.412899017333984,1438851,0.0,0.0
2022-09-22 12:30:00-04:00,35.40999984741211,35.810001373291016,35.16999816894531,35.31999969482422,1629188,0.0,0.0
2022-09-22 13:30:00-04:00,35.310001373291016,35.61980056762695,35.0,35.08000183105469,1240024,0.0,0.0
2022-09-22 14:30:00-04:00,35.09000015258789,35.599998474121094,34.93000030517578,35.540000915527344,1387768,0.0,0.0
2022-09-22 15:30:00-04:00,35.529998779296875,35.72999954223633,35.22999954223633,35.25,1522721,0.0,0.0
2022-09-23 09:30:00-04:00,34.54999923706055,35.099998474121094,33.564998626708984,34.15570068359375,4090422,0.0,0.0
2022-09-23 10:30:00-04:00,34.150001525878906,34.630001068115234,33.88199996948242,34.4900016784668,2751239,0.0,0.0
2022-09-23 11:30:00-04:00,34.4900016784668,34.72999954223633,34.369998931884766,34.46500015258789,1826617,0.0,0.0
2022-09-23 12:30:00-04:00,34.46500015258789,34.843299865722656,34.33000183105469,34.689998626708984,1469048,0.0,0.0
2022-09-23 13:30:00-04:00,34.68000030517578,34.93000030517578,34.58000183105469,34.7400016784668,1111237,0.0,0.0
2022-09-23 14:30:00-04:00,34.709999084472656,35.2400016784668,34.59000015258789,35.220001220703125,1773803,0.0,0.0
2022-09-23 15:30:00-04:00,35.220001220703125,35.58000183105469,35.220001220703125,35.54499816894531,1833300,0.0,0.0
2022-09-26 09:30:00-04:00,36.279998779296875,37.95000076293945,36.279998779296875,37.500999450683594,8014099,0.0,0.0
2022-09-26 10:30:00-04:00,37.5,37.520999908447266,36.11880111694336,36.38999938964844,4213077,0.0,0.0
2022-09-26 11:30:00-04:00,36.38999938964844,36.68000030517578,36.099998474121094,36.150001525878906,2582147,0.0,0.0
2022-09-26 12:30:00-04:00,36.150001525878906,36.380001068115234,35.66999816894531,35.84000015258789,2393857,0.0,0.0
2022-09-26 13:30:00-04:00,35.834999084472656,36.029998779296875,35.57120132446289,35.739898681640625,2751604,0.0,0.0
2022-09-26 14:30:00-04:00,35.73500061035156,36.27000045776367,35.654300689697266,35.98500061035156,2940305,0.0,0.0
2022-09-26 15:30:00-04:00,35.994998931884766,35.994998931884766,35.47990036010742,35.540000915527344,1978562,0.0,0.0
2022-09-27 09:30:00-04:00,36.65999984741211,37.7400016784668,36.61000061035156,37.21500015258789,6112874,0.0,0.0
2022-09-27 10:30:00-04:00,37.220001220703125,38.08000183105469,37.16999816894531,37.529998779296875,3443661,0.0,0.0
2022-09-27 11:30:00-04:00,37.52000045776367,37.654998779296875,36.290000915527344,36.40999984741211,3258237,0.0,0.0
2022-09-27 12:30:00-04:00,36.404998779296875,36.45000076293945,36.074501037597656,36.150001525878906,2176285,0.0,0.0
2022-09-27 13:30:00-04:00,36.150001525878906,36.70000076293945,36.03010177612305,36.660301208496094,2113784,0.0,0.0
2022-09-27 14:30:00-04:00,36.689998626708984,36.93000030517578,36.45000076293945,36.5276985168457,2124848,0.0,0.0
2022-09-27 15:30:00-04:00,36.529998779296875,36.66999816894531,36.400001525878906,36.584999084472656,2018531,0.0,0.0
2022-09-28 09:30:00-04:00,36.93000030517578,37.970001220703125,36.55500030517578,37.95000076293945,4106848,0.0,0.0
2022-09-28 10:30:00-04:00,37.970001220703125,38.04790115356445,37.345001220703125,37.63999938964844,2281868,0.0,0.0
2022-09-28 11:30:00-04:00,37.650001525878906,37.97999954223633,37.400001525878906,37.95800018310547,1408747,0.0,0.0
2022-09-28 12:30:00-04:00,37.959999084472656,38.36800003051758,37.86000061035156,38.31999969482422,1994964,0.0,0.0
2022-09-28 13:30:00-04:00,38.33000183105469,38.562198638916016,38.130001068115234,38.5,1622747,0.0,0.0
2022-09-28 14:30:00-04:00,38.505001068115234,38.59000015258789,38.279998779296875,38.30500030517578,1606421,0.0,0.0
2022-09-28 15:30:00-04:00,38.29999923706055,38.369998931884766,38.0099983215332,38.029998779296875,2329523,0.0,0.0
2022-09-29 09:30:00-04:00,37.2599983215332,37.40999984741211,35.93000030517578,36.28340148925781,3708362,0.0,0.0
2022-09-29 10:30:00-04:00,36.2599983215332,36.2599983215332,35.77000045776367,35.875,1944184,0.0,0.0
2022-09-29 11:30:00-04:00,35.88999938964844,36.498199462890625,35.87009811401367,35.9900016784668,1732072,0.0,0.0
2022-09-29 12:30:00-04:00,35.97999954223633,36.08000183105469,35.72999954223633,35.84090042114258,1230205,0.0,0.0
2022-09-29 13:30:00-04:00,35.84000015258789,35.959999084472656,35.40330123901367,35.599998474121094,1653157,0.0,0.0
2022-09-29 14:30:00-04:00,35.599998474121094,35.75,35.42499923706055,35.525001525878906,1362070,0.0,0.0
2022-09-29 15:30:00-04:00,35.529998779296875,35.630001068115234,35.310001373291016,35.33000183105469,1974298,0.0,0.0
2022-09-30 09:30:00-04:00,34.97999954223633,36.2400016784668,34.81169891357422,36.16999816894531,3460606,0.0,0.0
2022-09-30 10:30:00-04:00,36.17499923706055,36.810001373291016,36.130001068115234,36.45500183105469,2093374,0.0,0.0
2022-09-30 11:30:00-04:00,36.470001220703125,36.57500076293945,36.150001525878906,36.189998626708984,1230279,0.0,0.0
2022-09-30 12:30:00-04:00,36.185001373291016,36.4900016784668,36.029998779296875,36.30500030517578,767789,0.0,0.0
2022-09-30 13:30:00-04:00,36.29999923706055,36.34000015258789,35.86119842529297,36.25,969316,0.0,0.0
2022-09-30 14:30:00-04:00,36.279998779296875,36.349998474121094,35.849998474121094,36.19499969482422,1484644,0.0,0.0
2022-09-30 15:30:00-04:00,36.20500183105469,36.36000061035156,35.779998779296875,35.869998931884766,1961049,0.0,0.0
2022-10-03 09:30:00-04:00,34.88999938964844,35.36989974975586,33.60499954223633,34.320098876953125,7261828,0.0,0.0
2022-10-03 10:30:00-04:00,34.33000183105469,35.63999938964844,34.33000183105469,35.560001373291016,3685529,0.0,0.0
2022-10-03 11:30:00-04:00,35.560001373291016,35.7599983215332,35.119998931884766,35.68000030517578,2520316,0.0,0.0
2022-10-03 12:30:00-04:00,35.68009948730469,36.38010025024414,35.529998779296875,36.345001220703125,1853376,0.0,0.0
2022-10-03 13:30:00-04:00,36.345001220703125,36.470001220703125,36.119998931884766,36.46989822387695,2083706,0.0,0.0
2022-10-03 14:30:00-04:00,36.45000076293945,36.63959884643555,36.279998779296875,36.494998931884766,2060899,0.0,0.0
2022-10-03 15:30:00-04:00,36.5099983215332,36.66999816894531,36.29499816894531,36.400001525878906,1735258,0.0,0.0
2022-10-04 09:30:00-04:00,37.75,38.91999816894531,37.36399841308594,37.689998626708984,5883574,0.0,0.0
2022-10-04 10:30:00-04:00,37.689998626708984,38.91699981689453,37.52000045776367,38.689998626708984,3461605,0.0,0.0
2022-10-04 11:30:00-04:00,38.689998626708984,38.970001220703125,38.470001220703125,38.869998931884766,1810130,0.0,0.0
2022-10-04 12:30:00-04:00,38.87139892578125,38.959999084472656,38.464298248291016,38.779998779296875,1476744,0.0,0.0
2022-10-04 13:30:00-04:00,38.790000915527344,39.150001525878906,38.709999084472656,38.7400016784668,1783251,0.0,0.0
2022-10-04 14:30:00-04:00,38.75,38.946998596191406,38.43000030517578,38.47999954223633,1873129,0.0,0.0
2022-10-04 15:30:00-04:00,38.470001220703125,38.72999954223633,38.3849983215332,38.693599700927734,2008093,0.0,0.0
2022-10-05 09:30:00-04:00,37.959999084472656,38.4900016784668,37.119598388671875,37.15999984741211,4086231,0.0,0.0
2022-10-05 10:30:00-04:00,37.14500045776367,37.14500045776367,36.7599983215332,37.084999084472656,2268319,0.0,0.0
2022-10-05 11:30:00-04:00,37.09000015258789,37.560001373291016,36.82099914550781,37.31999969482422,1267317,0.0,0.0
2022-10-05 12:30:00-04:00,37.300498962402344,37.80500030517578,37.150001525878906,37.77000045776367,1927284,0.0,0.0
2022-10-05 13:30:00-04:00,37.75,37.79999923706055,37.470001220703125,37.63999938964844,1175510,0.0,0.0
2022-10-05 14:30:00-04:00,37.650001525878906,38.14500045776367,37.650001525878906,38.06999969482422,1625154,0.0,0.0
2022-10-05 15:30:00-04:00,38.06999969482422,38.20000076293945,37.90999984741211,37.97999954223633,1326114,0.0,0.0
2022-10-06 09:30:00-04:00,38.400001525878906,39.810001373291016,37.61000061035156,37.63999938964844,3979674,0.0,0.0
2022-10-06 10:30:00-04:00,37.619998931884766,38.5099983215332,37.56999969482422,38.20000076293945,2288661,0.0,0.0
2022-10-06 11:30:00-04:00,38.220001220703125,38.23680114746094,37.720401763916016,38.09000015258789,1336998,0.0,0.0
2022-10-06 12:30:00-04:00,38.10499954223633,38.73500061035156,38.0099983215332,38.63999938964844,1202696,0.0,0.0
2022-10-06 13:30:00-04:00,38.64500045776367,39.02000045776367,38.529998779296875,38.92070007324219,1906687,0.0,0.0
2022-10-06 14:30:00-04:00,38.92499923706055,39.24530029296875,38.459999084472656,39.16999816894531,1813824,0.0,0.0
2022-10-06 15:30:00-04:00,39.230098724365234,39.435001373291016,39.09000015258789,39.15999984741211,2003686,0.0,0.0
2022-10-07 09:30:00-04:00,37.95000076293945,38.060001373291016,35.459999084472656,35.599998474121094,7731207,0.0,0.0
2022-10-07 10:30:00-04:00,35.60499954223633,35.75,35.13169860839844,35.349998474121094,2938375,0.0,0.0
2022-10-07 11:30:00-04:00,35.3400993347168,35.40999984741211,34.7400016784668,34.81999969482422,1988102,0.0,0.0
2022-10-07 12:30:00-04:00,34.80500030517578,35.09000015258789,34.64500045776367,35.01499938964844,1797298,0.0,0.0
2022-10-07 13:30:00-04:00,34.959999084472656,34.994998931884766,34.525001525878906,34.59000015258789,1723372,0.0,0.0
2022-10-07 14:30:00-04:00,34.584999084472656,34.805301666259766,34.540000915527344,34.67499923706055,1329633,0.0,0.0
2022-10-07 15:30:00-04:00,34.66999816894531,34.84000015258789,34.41999816894531,34.81999969482422,2671007,0.0,0.0
2022-10-10 09:30:00-04:00,34.88999938964844,35.88999938964844,34.45000076293945,34.86199951171875,3127031,0.0,0.0
2022-10-10 10:30:00-04:00,34.84000015258789,34.900001525878906,33.910099029541016,34.86000061035156,2333452,0.0,0.0
2022-10-10 11:30:00-04:00,34.869998931884766,35.29999923706055,34.470001220703125,34.529998779296875,1365522,0.0,0.0
2022-10-10 12:30:00-04:00,34.519901275634766,34.86000061035156,34.33060073852539,34.84000015258789,1062455,0.0,0.0
2022-10-10 13:30:00-04:00,34.83599853515625,35.31999969482422,34.82500076293945,35.06990051269531,1519703,0.0,0.0
2022-10-10 14:30:00-04:00,35.04999923706055,35.4900016784668,35.029998779296875,35.20500183105469,1680117,0.0,0.0
2022-10-10 15:30:00-04:00,35.20500183105469,35.630001068115234,35.16999816894531,35.380001068115234,1482216,0.0,0.0
2022-10-11 09:30:00-04:00,34.25,34.49020004272461,33.20000076293945,33.720699310302734,6558425,0.0,0.0
2022-10-11 10:30:00-04:00,33.709999084472656,34.790000915527344,33.5099983215332,34.720001220703125,3427600,0.0,0.0
2022-10-11 11:30:00-04:00,34.72999954223633,35.13999938964844,34.560001373291016,34.95000076293945,2462168,0.0,0.0
2022-10-11 12:30:00-04:00,34.95000076293945,35.599998474121094,34.91999816894531,35.13999938964844,1966095,0.0,0.0
2022-10-11 13:30:00-04:00,35.130001068115234,35.14500045776367,34.349998474121094,34.46500015258789,2010447,0.0,0.0
2022-10-11 14:30:00-04:00,34.461700439453125,34.55970001220703,33.970001220703125,34.15999984741211,1967583,0.0,0.0
2022-10-11 15:30:00-04:00,34.165000915527344,34.56999969482422,34.06269836425781,34.54999923706055,1837500,0.0,0.0
2022-10-12 09:30:00-04:00,34.45000076293945,35.959999084472656,34.45000076293945,35.220001220703125,5328149,0.0,0.0
2022-10-12 10:30:00-04:00,35.210601806640625,36.47999954223633,35.16999816894531,36.439998626708984,4156474,0.0,0.0
2022-10-12 11:30:00-04:00,36.45970153808594,36.82500076293945,36.220001220703125,36.36000061035156,2873561,0.0,0.0
2022-10-12 12:30:00-04:00,36.36000061035156,37.220001220703125,36.25360107421875,37.130001068115234,2653918,0.0,0.0
2022-10-12 13:30:00-04:00,37.1349983215332,37.69649887084961,36.880001068115234,37.349998474121094,3698235,0.0,0.0
2022-10-12 14:30:00-04:00,37.349998474121094,37.58000183105469,37.20000076293945,37.31999969482422,3115693,0.0,0.0
2022-10-12 15:30:00-04:00,37.31999969482422,37.40999984741211,37.13999938964844,37.189998626708984,2587360,0.0,0.0
2022-10-13 09:30:00-04:00,35.41999816894531,35.880001068115234,34.11000061035156,34.349998474121094,9064187,0.0,0.0
2022-10-13 10:30:00-04:00,34.359901428222656,36.63999938964844,34.130001068115234,36.29999923706055,5742178,0.0,0.0
2022-10-13 11:30:00-04:00,36.349998474121094,37.310001373291016,36.10499954223633,36.380001068115234,3675412,0.0,0.0
2022-10-13 12:30:00-04:00,36.400001525878906,37.83000183105469,36.33000183105469,37.720001220703125,2403012,0.0,0.0
2022-10-13 13:30:00-04:00,37.72999954223633,38.03990173339844,37.390201568603516,37.42179870605469,2451566,0.0,0.0
2022-10-13 14:30:00-04:00,37.41999816894531,37.95500183105469,37.400001525878906,37.790000915527344,1994332,0.0,0.0
2022-10-13 15:30:00-04:00,37.779998779296875,38.11000061035156,37.599998474121094,37.900001525878906,2460868,0.0,0.0
2022-10-14 09:30:00-04:00,38.70000076293945,39.189998626708984,36.63999938964844,36.849998474121094,4951753,0.0,0.0
2022-10-14 10:30:00-04:00,36.84000015258789,37.130001068115234,36.17499923706055,36.2400016784668,2661004,0.0,0.0
2022-10-14 11:30:00-04:00,36.2400016784668,36.2599983215332,35.59000015258789,35.91999816894531,1573250,0.0,0.0
2022-10-14 12:30:00-04:00,35.91999816894531,36.02000045776367,35.650001525878906,35.68000030517578,1168514,0.0,0.0
2022-10-14 13:30:00-04:00,35.68000030517578,35.994998931884766,35.65999984741211,35.834999084472656,1034816,0.0,0.0
2022-10-14 14:30:00-04:00,35.83000183105469,36.0099983215332,35.709999084472656,35.84000015258789,1303492,0.0,0.0
2022-10-14 15:30:00-04:00,35.83000183105469,35.869998931884766,35.47999954223633,35.58000183105469,1666787,0.0,0.0
2022-10-17 09:30:00-04:00,41.20000076293945,42.65999984741211,40.5099983215332,42.230098724365234,21892002,0.0,0.0
2022-10-17 10:30:00-04:00,42.2400016784668,42.875999450683594,41.77000045776367,42.57939910888672,11242329,0.0,0.0
2022-10-17 11:30:00-04:00,42.58000183105469,43.31999969482422,42.42499923706055,43.130001068115234,8492251,0.0,0.0
2022-10-17 12:30:00-04:00,43.1349983215332,43.59000015258789,42.880001068115234,43.51499938964844,8247372,0.0,0.0
2022-10-17 13:30:00-04:00,43.51499938964844,43.65999984741211,42.880001068115234,43.001800537109375,6831131,0.0,0.0
2022-10-17 14:30:00-04:00,43.0099983215332,43.0099983215332,42.15999984741211,42.67499923706055,7383640,0.0,0.0
2022-10-17 15:30:00-04:00,42.679901123046875,43.040000915527344,42.5,42.630001068115234,5370419,0.0,0.0
2022-10-18 09:30:00-04:00,43.75,44.29999923706055,42.880001068115234,42.91999816894531,13667941,0.0,0.0
2022-10-18 10:30:00-04:00,42.92900085449219,43.470001220703125,42.310001373291016,42.34989929199219,5574806,0.0,0.0
2022-10-18 11:30:00-04:00,42.35129928588867,43.27000045776367,42.31999969482422,43.029998779296875,3907619,0.0,0.0
2022-10-18 12:30:00-04:00,43.040000915527344,43.779998779296875,42.88999938964844,43.56999969482422,3625469,0.0,0.0
2022-10-18 13:30:00-04:00,43.587501525878906,43.69889831542969,43.16999816894531,43.479801177978516,2392363,0.0,0.0
2022-10-18 14:30:00-04:00,43.474998474121094,43.47999954223633,42.77000045776367,42.9900016784668,2308925,0.0,0.0
2022-10-18 15:30:00-04:00,42.9900016784668,43.41999816894531,42.970001220703125,43.400001525878906,2421121,0.0,0.0
2022-10-19 09:30:00-04:00,42.09000015258789,43.04999923706055,41.350101470947266,43.04999923706055,5904552,0.0,0.0
2022-10-19 10:30:00-04:00,43.04499816894531,43.15140151977539,41.9901008605957,42.16419982910156,2392743,0.0,0.0
2022-10-19 11:30:00-04:00,42.16419982910156,42.36429977416992,41.86000061035156,41.9900016784668,1680234,0.0,0.0
2022-10-19 12:30:00-04:00,41.970001220703125,42.22890090942383,41.690101623535156,41.720001220703125,1447644,0.0,0.0
2022-10-19 13:30:00-04:00,41.720001220703125,42.0,41.560001373291016,41.70000076293945,1236717,0.0,0.0
2022-10-19 14:30:00-04:00,41.689998626708984,41.77000045776367,41.130001068115234,41.224998474121094,1602297,0.0,0.0
2022-10-19 15:30:00-04:00,41.22999954223633,41.47999954223633,41.100399017333984,41.470001220703125,1475208,0.0,0.0
2022-10-20 09:30:00-04:00,41.2400016784668,43.2599983215332,41.2400016784668,43.04999923706055,6219268,0.0,0.0
2022-10-20 10:30:00-04:00,43.06999969482422,43.31999969482422,42.7515983581543,43.08000183105469,2384266,0.0,0.0
2022-10-20 11:30:00-04:00,43.084999084472656,43.30500030517578,42.70500183105469,42.72999954223633,1384744,0.0,0.0
2022-10-20 12:30:00-04:00,42.72999954223633,42.79999923706055,42.36000061035156,42.56909942626953,1333677,0.0,0.0
2022-10-20 13:30:00-04:00,42.56999969482422,42.56999969482422,41.709999084472656,41.790000915527344,1174874,0.0,0.0
2022-10-20 14:30:00-04:00,41.779998779296875,42.60940170288086,41.7599983215332,42.39500045776367,1895142,0.0,0.0
2022-10-20 15:30:00-04:00,42.399898529052734,42.6349983215332,42.21500015258789,42.52040100097656,1429584,0.0,0.0
2022-10-21 09:30:00-04:00,41.5099983215332,42.5,40.90999984741211,41.79999923706055,3814914,0.0,0.0
2022-10-21 10:30:00-04:00,41.790000915527344,42.22999954223633,41.13999938964844,42.064998626708984,2570248,0.0,0.0
2022-10-21 11:30:00-04:00,42.06999969482422,43.0,41.54999923706055,42.49140167236328,3043961,0.0,0.0
2022-10-21 12:30:00-04:00,42.52000045776367,42.81999969482422,42.30009841918945,42.7400016784668,1657082,0.0,0.0
2022-10-21 13:30:00-04:00,42.72999954223633,43.38999938964844,42.72999954223633,42.959999084472656,2228557,0.0,0.0
2022-10-21 14:30:00-04:00,42.970001220703125,43.18000030517578,42.650001525878906,42.80500030517578,1744515,0.0,0.0
2022-10-21 15:30:00-04:00,42.79999923706055,42.835601806640625,42.56999969482422,42.78499984741211,1606323,0.0,0.0
2022-10-24 09:30:00-04:00,41.75,42.2400016784668,40.40999984741211,40.540000915527344,3660333,0.0,0.0
2022-10-24 10:30:00-04:00,40.52000045776367,41.5,40.439998626708984,41.474998474121094,2012391,0.0,0.0
2022-10-24 11:30:00-04:00,41.470001220703125,41.939998626708984,41.27000045776367,41.83000183105469,1428022,0.0,0.0
2022-10-24 12:30:00-04:00,41.83000183105469,41.85919952392578,41.43000030517578,41.470001220703125,979280,0.0,0.0
2022-10-24 13:30:00-04:00,41.459999084472656,41.529998779296875,41.209999084472656,41.43000030517578,873860,0.0,0.0
2022-10-24 14:30:00-04:00,41.415000915527344,41.86000061035156,41.375,41.790000915527344,988154,0.0,0.0
2022-10-24 15:30:00-04:00,41.79999923706055,41.900001525878906,41.744998931884766,41.880001068115234,961469,0.0,0.0
2022-10-25 09:30:00-04:00,43.540000915527344,45.150001525878906,43.209999084472656,44.790000915527344,6303129,0.0,0.0
2022-10-25 10:30:00-04:00,44.79999923706055,45.36000061035156,44.2599983215332,45.33000183105469,3041344,0.0,0.0
2022-10-25 11:30:00-04:00,45.33000183105469,45.61000061035156,45.29999923706055,45.38999938964844,2162556,0.0,0.0
2022-10-25 12:30:00-04:00,45.382198333740234,45.45000076293945,45.040000915527344,45.26150131225586,1731230,0.0,0.0
2022-10-25 13:30:00-04:00,45.27000045776367,45.79999923706055,45.27000045776367,45.43000030517578,1763968,0.0,0.0
2022-10-25 14:30:00-04:00,45.42499923706055,45.84000015258789,45.404998779296875,45.82500076293945,1772241,0.0,0.0
2022-10-25 15:30:00-04:00,45.82500076293945,45.849998474121094,45.59000015258789,45.709999084472656,1896180,0.0,0.0
2022-10-26 09:30:00-04:00,45.81999969482422,47.669700622558594,45.5,46.7400016784668,5978181,0.0,0.0
2022-10-26 10:30:00-04:00,46.790000915527344,46.974998474121094,45.960899353027344,46.59000015258789,2777880,0.0,0.0
2022-10-26 11:30:00-04:00,46.584999084472656,46.80500030517578,46.119998931884766,46.13999938964844,1620631,0.0,0.0
2022-10-26 12:30:00-04:00,46.150001525878906,46.22999954223633,45.34000015258789,45.369998931884766,1850774,0.0,0.0
2022-10-26 13:30:00-04:00,45.369998931884766,45.90999984741211,45.27009963989258,45.720001220703125,1231981,0.0,0.0
2022-10-26 14:30:00-04:00,45.724998474121094,45.939998626708984,45.43000030517578,45.5,1528467,0.0,0.0
2022-10-26 15:30:00-04:00,45.5099983215332,45.64500045776367,45.30500030517578,45.5,1643495,0.0,0.0
2022-10-27 09:30:00-04:00,45.54999923706055,46.65999984741211,44.72600173950195,46.5099983215332,3395143,0.0,0.0
2022-10-27 10:30:00-04:00,46.540000915527344,46.72999954223633,45.810001373291016,46.290000915527344,1452546,0.0,0.0
2022-10-27 11:30:00-04:00,46.2599983215332,46.540000915527344,45.90999984741211,46.12990188598633,1144464,0.0,0.0
2022-10-27 12:30:00-04:00,46.119998931884766,46.689998626708984,46.09000015258789,46.54999923706055,937999,0.0,0.0
2022-10-27 13:30:00-04:00,46.550498962402344,46.779998779296875,46.33000183105469,46.6349983215332,906951,0.0,0.0
2022-10-27 14:30:00-04:00,46.6349983215332,46.85499954223633,46.470001220703125,46.77000045776367,1412605,0.0,0.0
2022-10-27 15:30:00-04:00,46.77000045776367,46.900001525878906,46.375,46.52000045776367,1656935,0.0,0.0
2022-10-28 09:30:00-04:00,46.16999816894531,46.72999954223633,45.29999923706055,45.45000076293945,2591378,0.0,0.0
2022-10-28 10:30:00-04:00,45.45000076293945,45.900001525878906,45.21989822387695,45.439998626708984,1649058,0.0,0.0
2022-10-28 11:30:00-04:00,45.45000076293945,45.66999816894531,45.220001220703125,45.599998474121094,940636,0.0,0.0
2022-10-28 12:30:00-04:00,45.619998931884766,46.01499938964844,45.470001220703125,45.93000030517578,841569,0.0,0.0
2022-10-28 13:30:00-04:00,45.93000030517578,46.0099983215332,45.58000183105469,45.790000915527344,816128,0.0,0.0
2022-10-28 14:30:00-04:00,45.790000915527344,46.099998474121094,45.75,45.970001220703125,989487,0.0,0.0
2022-10-28 15:30:00-04:00,45.959999084472656,46.04999923706055,45.68000030517578,45.810001373291016,1187747,0.0,0.0
2022-10-31 09:30:00-04:00,45.47999954223633,45.900001525878906,44.310001373291016,44.33000183105469,2461134,0.0,0.0
2022-10-31 10:30:00-04:00,44.33000183105469,44.845001220703125,43.97169876098633,44.779998779296875,1562487,0.0,0.0
2022-10-31 11:30:00-04:00,44.775001525878906,45.27000045776367,44.66999816894531,45.04999923706055,1393892,0.0,0.0
2022-10-31 12:30:00-04:00,45.04999923706055,45.2400016784668,44.810001373291016,45.2400016784668,908363,0.0,0.0
2022-10-31 13:30:00-04:00,45.22999954223633,45.2599983215332,44.869998931884766,44.95000076293945,884000,0.0,0.0
2022-10-31 14:30:00-04:00,44.95500183105469,45.0099983215332,44.349998474121094,44.73780059814453,1079881,0.0,0.0
2022-10-31 15:30:00-04:00,44.72999954223633,44.97999954223633,44.66999816894531,44.7599983215332,1443411,0.0,0.0
2022-11-01 09:30:00-04:00,45.5099983215332,46.939998626708984,44.585201263427734,45.16999816894531,3588341,0.0,0.0
2022-11-01 10:30:00-04:00,45.16999816894531,45.18000030517578,44.5099983215332,44.849998474121094,1180843,0.0,0.0
2022-11-01 11:30:00-04:00,44.83000183105469,45.03499984741211,44.529998779296875,44.551998138427734,673839,0.0,0.0
2022-11-01 12:30:00-04:00,44.54999923706055,44.814998626708984,44.34000015258789,44.599998474121094,527010,0.0,0.0
2022-11-01 13:30:00-04:00,44.60499954223633,44.64500045776367,44.369998931884766,44.51499938964844,520886,0.0,0.0
2022-11-01 14:30:00-04:00,44.5099983215332,44.665000915527344,44.380001068115234,44.52000045776367,694681,0.0,0.0
2022-11-01 15:30:00-04:00,44.529998779296875,44.58000183105469,44.244998931884766,44.31999969482422,933064,0.0,0.0
2022-11-02 09:30:00-04:00,44.08000183105469,44.900001525878906,43.81999969482422,44.619998931884766,1919412,0.0,0.0
2022-11-02 10:30:00-04:00,44.62990188598633,44.810001373291016,44.11000061035156,44.44219970703125,1060238,0.0,0.0
2022-11-02 11:30:00-04:00,44.45000076293945,44.669898986816406,44.220001220703125,44.22990036010742,685784,0.0,0.0
2022-11-02 12:30:00-04:00,44.227699279785156,44.77000045776367,44.099998474121094,44.349998474121094,541691,0.0,0.0
2022-11-02 13:30:00-04:00,44.349998474121094,45.5,44.20000076293945,45.5,1472273,0.0,0.0
2022-11-02 14:30:00-04:00,45.505001068115234,45.54999923706055,42.900001525878906,43.06999969482422,2900307,0.0,0.0
2022-11-02 15:30:00-04:00,43.060001373291016,43.28499984741211,42.709999084472656,42.810001373291016,1330698,0.0,0.0
2022-11-03 09:30:00-04:00,42.099998474121094,44.630001068115234,42.06999969482422,44.6234016418457,3113352,0.0,0.0
2022-11-03 10:30:00-04:00,44.630001068115234,45.83000183105469,44.45000076293945,45.064998626708984,2882865,0.0,0.0
2022-11-03 11:30:00-04:00,45.08000183105469,45.349998474121094,44.400001525878906,44.50400161743164,1602781,0.0,0.0
2022-11-03 12:30:00-04:00,44.5,44.5,43.72999954223633,43.849998474121094,1324309,0.0,0.0
2022-11-03 13:30:00-04:00,43.849998474121094,44.1150016784668,43.63999938964844,44.029998779296875,977171,0.0,0.0
2022-11-03 14:30:00-04:00,44.029998779296875,44.08000183105469,43.650001525878906,43.72010040283203,980742,0.0,0.0
2022-11-03 15:30:00-04:00,43.709999084472656,43.84000015258789,43.25,43.310001373291016,1551730,0.0,0.0
2022-11-04 09:30:00-04:00,45.064998626708984,45.470001220703125,41.81999969482422,42.79999923706055,4950268,0.0,0.0
2022-11-04 10:30:00-04:00,42.73500061035156,43.12990188598633,41.470001220703125,41.52000045776367,2279811,0.0,0.0
2022-11-04 11:30:00-04:00,41.529998779296875,41.68000030517578,40.72999954223633,41.1349983215332,2221569,0.0,0.0
2022-11-04 12:30:00-04:00,41.130001068115234,41.150001525878906,39.560001373291016,39.70000076293945,2192653,0.0,0.0
2022-11-04 13:30:00-04:00,39.70000076293945,40.709999084472656,39.54499816894531,40.68000030517578,1628931,0.0,0.0
2022-11-04 14:30:00-04:00,40.689998626708984,40.86000061035156,40.400001525878906,40.790000915527344,1354087,0.0,0.0
2022-11-04 15:30:00-04:00,40.790000915527344,40.814998626708984,40.5099983215332,40.57160186767578,1586760,0.0,0.0
2022-11-07 09:30:00-05:00,39.959999084472656,39.970001220703125,37.849998474121094,38.880001068115234,5566500,0.0,0.0
2022-11-07 10:30:00-05:00,38.880001068115234,39.7400016784668,38.65999984741211,39.61000061035156,2399981,0.0,0.0
2022-11-07 11:30:00-05:00,39.619998931884766,39.82500076293945,39.20500183105469,39.81999969482422,1691757,0.0,0.0
2022-11-07 12:30:00-05:00,39.81999969482422,39.85900115966797,39.459999084472656,39.5609016418457,958322,0.0,0.0
2022-11-07 13:30:00-05:00,39.56999969482422,40.09000015258789,39.334999084472656,40.04999923706055,1371532,0.0,0.0
2022-11-07 14:30:00-05:00,40.12900161743164,40.540000915527344,39.9900016784668,40.30500030517578,1901830,0.0,0.0
2022-11-07 15:30:00-05:00,40.30500030517578,40.470001220703125,39.66999816894531,39.84000015258789,1947740,0.0,0.0
2022-11-08 09:30:00-05:00,39.63999938964844,39.96879959106445,39.04999923706055,39.474998474121094,2977313,0.0,0.0
2022-11-08 10:30:00-05:00,39.47999954223633,40.63999938964844,39.38999938964844,40.630001068115234,1936849,0.0,0.0
2022-11-08 11:30:00-05:00,40.63999938964844,40.95000076293945,40.4900016784668,40.66999816894531,1778977,0.0,0.0
2022-11-08 12:30:00-05:00,40.66999816894531,40.68000030517578,39.33000183105469,39.40999984741211,1868106,0.0,0.0
2022-11-08 13:30:00-05:00,39.40999984741211,39.650001525878906,38.72999954223633,38.79499816894531,1970326,0.0,0.0
2022-11-08 14:30:00-05:00,38.791900634765625,39.400001525878906,38.70000076293945,39.36000061035156,1965378,0.0,0.0
2022-11-08 15:30:00-05:00,39.36000061035156,39.540000915527344,39.04999923706055,39.130001068115234,2254034,0.0,0.0
2022-11-09 09:30:00-05:00,34.959999084472656,36.75,33.709999084472656,33.970001220703125,16871854,0.0,0.0
2022-11-09 10:30:00-05:00,33.95000076293945,34.06999969482422,32.79999923706055,33.220001220703125,6364990,0.0,0.0
2022-11-09 11:30:00-05:00,33.25,33.58000183105469,32.029998779296875,32.15010070800781,5064346,0.0,0.0
2022-11-09 12:30:00-05:00,32.13999938964844,32.81999969482422,31.75,32.560001373291016,5381779,0.0,0.0
2022-11-09 13:30:00-05:00,32.54999923706055,32.560001373291016,31.434999465942383,31.59000015258789,4078175,0.0,0.0
2022-11-09 14:30:00-05:00,31.59000015258789,31.65999984741211,31.059999465942383,31.204999923706055,3500722,0.0,0.0
2022-11-09 15:30:00-05:00,31.200000762939453,31.200000762939453,30.68199920654297,30.90999984741211,4377423,0.0,0.0
2022-11-10 09:30:00-05:00,33.33000183105469,33.470001220703125,31.280000686645508,32.915000915527344,9277939,0.0,0.0
2022-11-10 10:30:00-05:00,32.90999984741211,32.939998626708984,32.25,32.58000183105469,3224941,0.0,0.0
2022-11-10 11:30:00-05:00,32.584999084472656,33.37990188598633,32.52000045776367,33.22999954223633,3955967,0.0,0.0
2022-11-10 12:30:00-05:00,33.22999954223633,33.29999923706055,32.72999954223633,33.16999816894531,2094888,0.0,0.0
2022-11-10 13:30:00-05:00,33.17190170288086,33.459999084472656,33.02000045776367,33.345001220703125,1867645,0.0,0.0
2022-11-10 14:30:00-05:00,33.34000015258789,33.400001525878906,32.9900016784668,33.32500076293945,2087867,0.0,0.0
2022-11-10 15:30:00-05:00,33.33000183105469,33.79999923706055,33.33000183105469,33.7400016784668,2285711,0.0,0.0
2022-11-11 09:30:00-05:00,33.5,34.7599983215332,33.060001373291016,34.749900817871094,4665809,0.0,0.0
2022-11-11 10:30:00-05:00,34.75,35.3849983215332,34.540000915527344,34.959999084472656,4176605,0.0,0.0
2022-11-11 11:30:00-05:00,34.95500183105469,35.65999984741211,34.77000045776367,35.65999984741211,2601126,0.0,0.0
2022-11-11 12:30:00-05:00,35.65999984741211,36.60499954223633,35.53499984741211,36.400001525878906,2780694,0.0,0.0
2022-11-11 13:30:00-05:00,36.40999984741211,36.669898986816406,36.06999969482422,36.650001525878906,1984932,0.0,0.0
2022-11-11 14:30:00-05:00,36.650001525878906,36.869998931884766,36.209999084472656,36.400001525878906,2743242,0.0,0.0
2022-11-11 15:30:00-05:00,36.400001525878906,36.900001525878906,36.33000183105469,36.73500061035156,2355705,0.0,0.0
2022-11-14 09:30:00-05:00,36.150001525878906,36.93000030517578,35.349998474121094,35.59989929199219,3533531,0.0,0.0
2022-11-14 10:30:00-05:00,35.61000061035156,35.82400131225586,34.84000015258789,35.040000915527344,2178168,0.0,0.0
2022-11-14 11:30:00-05:00,35.03499984741211,35.570098876953125,34.98500061035156,35.38999938964844,1409633,0.0,0.0
2022-11-14 12:30:00-05:00,35.369998931884766,36.31999969482422,35.350101470947266,36.29890060424805,1161053,0.0,0.0
2022-11-14 13:30:00-05:00,36.290000915527344,36.314998626708984,36.0099983215332,36.189998626708984,1171641,0.0,0.0
2022-11-14 14:30:00-05:00,36.185001373291016,36.2400016784668,35.58000183105469,35.70000076293945,1304132,0.0,0.0
2022-11-14 15:30:00-05:00,35.709999084472656,35.880001068115234,35.494998931884766,35.61000061035156,1859515,0.0,0.0
2022-11-15 09:30:00-05:00,37.34000015258789,38.68000030517578,37.310001373291016,38.540000915527344,5072381,0.0,0.0
2022-11-15 10:30:00-05:00,38.529998779296875,38.540000915527344,37.2400016784668,37.33000183105469,2194980,0.0,0.0
2022-11-15 11:30:00-05:00,37.31999969482422,37.69990158081055,37.27000045776367,37.540000915527344,1932623,0.0,0.0
2022-11-15 12:30:00-05:00,37.540000915527344,37.65909957885742,36.785301208496094,36.81129837036133,1726988,0.0,0.0
2022-11-15 13:30:00-05:00,36.79999923706055,37.40999984741211,36.369998931884766,37.209999084472656,2196754,0.0,0.0
2022-11-15 14:30:00-05:00,37.22999954223633,37.25,36.81880187988281,37.22999954223633,1414967,0.0,0.0
2022-11-15 15:30:00-05:00,37.2400016784668,37.290000915527344,36.720001220703125,36.75,1382590,0.0,0.0
2022-11-16 09:30:00-05:00,36.06999969482422,36.20000076293945,34.83000183105469,34.9900016784668,3045704,0.0,0.0
2022-11-16 10:30:00-05:00,34.970001220703125,35.08000183105469,34.380001068115234,34.88840103149414,2177394,0.0,0.0
2022-11-16 11:30:00-05:00,34.869998931884766,35.20000076293945,34.709999084472656,34.88999938964844,1616511,0.0,0.0
2022-11-16 12:30:00-05:00,34.880001068115234,35.295799255371094,34.869998931884766,35.22869873046875,1492122,0.0,0.0
2022-11-16 13:30:00-05:00,35.220001220703125,35.2400016784668,34.5099983215332,34.599998474121094,1289643,0.0,0.0
2022-11-16 14:30:00-05:00,34.599998474121094,34.61000061035156,34.349998474121094,34.47999954223633,1419406,0.0,0.0
2022-11-16 15:30:00-05:00,34.47999954223633,34.5099983215332,34.310001373291016,34.41999816894531,1734756,0.0,0.0
2022-11-17 09:30:00-05:00,33.369998931884766,33.44499969482422,31.90999984741211,32.04999923706055,4194940,0.0,0.0
2022-11-17 10:30:00-05:00,32.05979919433594,32.85499954223633,31.979999542236328,32.720298767089844,2376490,0.0,0.0
2022-11-17 11:30:00-05:00,32.724998474121094,33.119998931884766,32.410099029541016,33.06999969482422,1620945,0.0,0.0
2022-11-17 12:30:00-05:00,33.08380126953125,33.44499969482422,32.959999084472656,33.224998474121094,1412002,0.0,0.0
2022-11-17 13:30:00-05:00,33.22999954223633,33.34000015258789,32.630001068115234,32.66999816894531,1316027,0.0,0.0
2022-11-17 14:30:00-05:00,32.66999816894531,32.79999923706055,32.380001068115234,32.41999816894531,1364903,0.0,0.0
2022-11-17 15:30:00-05:00,32.42499923706055,32.68000030517578,32.349998474121094,32.56999969482422,1428448,0.0,0.0
2022-11-18 09:30:00-05:00,33.08000183105469,33.130001068115234,31.75,31.989999771118164,2661293,0.0,0.0
2022-11-18 10:30:00-05:00,31.975000381469727,32.046199798583984,31.600000381469727,31.674999237060547,1443369,0.0,0.0
2022-11-18 11:30:00-05:00,31.68000030517578,31.719999313354492,31.170000076293945,31.309999465942383,1358372,0.0,0.0
2022-11-18 12:30:00-05:00,31.299999237060547,31.399499893188477,31.079999923706055,31.379899978637695,1439208,0.0,0.0
2022-11-18 13:30:00-05:00,31.389999389648438,31.45989990234375,31.21500015258789,31.395000457763672,1076803,0.0,0.0
2022-11-18 14:30:00-05:00,31.389999389648438,31.8799991607666,31.375,31.875,1190327,0.0,0.0
2022-11-18 15:30:00-05:00,31.875,31.93000030517578,31.6200008392334,31.719999313354492,1345763,0.0,0.0
2022-11-21 09:30:00-05:00,31.3700008392334,31.479999542236328,29.84000015258789,29.850000381469727,4032839,0.0,0.0
2022-11-21 10:30:00-05:00,29.844999313354492,30.009000778198242,29.460100173950195,29.940000534057617,2733748,0.0,0.0
2022-11-21 11:30:00-05:00,29.947500228881836,30.100000381469727,29.860000610351562,30.030000686645508,1277288,0.0,0.0
2022-11-21 12:30:00-05:00,30.024999618530273,30.479999542236328,29.989999771118164,30.389999389648438,2076996,0.0,0.0
2022-11-21 13:30:00-05:00,30.3799991607666,30.704999923706055,30.359899520874023,30.6200008392334,1584886,0.0,0.0
2022-11-21 14:30:00-05:00,30.61989974975586,30.81999969482422,30.3799991607666,30.809999465942383,1946513,0.0,0.0
2022-11-21 15:30:00-05:00,30.802499771118164,31.0,30.729999542236328,30.780000686645508,1853663,0.0,0.0
2022-11-22 09:30:00-05:00,30.610000610351562,30.979999542236328,29.719999313354492,30.900100708007812,3603581,0.0,0.0
2022-11-22 10:30:00-05:00,30.90999984741211,31.12310028076172,30.3799991607666,30.639999389648438,2002783,0.0,0.0
2022-11-22 11:30:00-05:00,30.6200008392334,30.850000381469727,30.380800247192383,30.670000076293945,1479081,0.0,0.0
2022-11-22 12:30:00-05:00,30.670000076293945,30.719999313354492,30.479999542236328,30.6200008392334,838746,0.0,0.0
2022-11-22 13:30:00-05:00,30.6299991607666,30.65999984741211,30.313199996948242,30.434999465942383,752836,0.0,0.0
2022-11-22 14:30:00-05:00,30.440000534057617,30.649999618530273,30.350099563598633,30.6299991607666,899755,0.0,0.0
2022-11-22 15:30:00-05:00,30.635000228881836,30.850000381469727,30.632999420166016,30.844999313354492,1253596,0.0,0.0
2022-11-23 09:30:00-05:00,31.219999313354492,31.940000534057617,31.162099838256836,31.889999389648438,3795780,0.0,0.0
2022-11-23 10:30:00-05:00,31.860000610351562,32.099998474121094,31.850000381469727,32.00130081176758,1393083,0.0,0.0
2022-11-23 11:30:00-05:00,32.0,32.189998626708984,31.469999313354492,31.770000457763672,1259573,0.0,0.0
2022-11-23 12:30:00-05:00,31.780000686645508,31.82990074157715,31.309999465942383,31.68790054321289,1408123,0.0,0.0
2022-11-23 13:30:00-05:00,31.688400268554688,32.119998931884766,31.649999618530273,32.029998779296875,1302590,0.0,0.0
2022-11-23 14:30:00-05:00,32.0099983215332,32.150001525878906,31.940500259399414,32.13010025024414,1027879,0.0,0.0
2022-11-23 15:30:00-05:00,32.1349983215332,32.16999816894531,31.959999084472656,32.029998779296875,1274568,0.0,0.0
2022-11-25 09:30:00-05:00,31.500099182128906,31.93000030517578,31.29010009765625,31.639999389648438,2040284,0.0,0.0
2022-11-25 10:30:00-05:00,31.6299991607666,31.93000030517578,31.530000686645508,31.790000915527344,675286,0.0,0.0
2022-11-25 11:30:00-05:00,31.799999237060547,31.889999389648438,31.69499969482422,31.7810001373291,588470,0.0,0.0
2022-11-28 09:30:00-05:00,31.139999389648438,31.719999313354492,31.010000228881836,31.200000762939453,2398925,0.0,0.0
2022-11-28 10:30:00-05:00,31.190000534057617,31.559999465942383,31.149999618530273,31.385000228881836,1991243,0.0,0.0
2022-11-28 11:30:00-05:00,31.385000228881836,31.440000534057617,30.920000076293945,31.145999908447266,2318370,0.0,0.0
2022-11-28 12:30:00-05:00,31.149999618530273,31.239999771118164,31.010000228881836,31.1299991607666,1084977,0.0,0.0
2022-11-28 13:30:00-05:00,31.1299991607666,31.13520050048828,30.954999923706055,31.051700592041016,1114019,0.0,0.0
2022-11-28 14:30:00-05:00,31.049999237060547,31.239999771118164,30.854999542236328,30.895000457763672,1415148,0.0,0.0
2022-11-28 15:30:00-05:00,30.895000457763672,30.93000030517578,30.809999465942383,30.8799991607666,1739805,0.0,0.0
2022-11-29 09:30:00-05:00,31.450000762939453,31.59000015258789,30.649999618530273,31.110000610351562,2212169,0.0,0.0
2022-11-29 10:30:00-05:00,31.11199951171875,31.149999618530273,30.280000686645508,30.309999465942383,1960556,0.0,0.0
2022-11-29 11:30:00-05:00,30.264999389648438,30.31999969482422,29.959999084472656,30.0,1653108,0.0,0.0
2022-11-29 12:30:00-05:00,30.0,30.059999465942383,29.709999084472656,29.719999313354492,1499589,0.0,0.0
2022-11-29 13:30:00-05:00,29.709999084472656,30.059900283813477,29.670000076293945,29.889999389648438,968233,0.0,0.0
2022-11-29 14:30:00-05:00,29.887500762939453,30.030000686645508,29.739999771118164,29.985000610351562,1119630,0.0,0.0
2022-11-29 15:30:00-05:00,29.985000610351562,30.010000228881836,29.799999237060547,29.854999542236328,1620813,0.0,0.0
2022-11-30 09:30:00-05:00,29.84000015258789,30.459999084472656,29.809999465942383,30.450000762939453,2624098,0.0,0.0
2022-11-30 10:30:00-05:00,30.459999084472656,30.46500015258789,29.889999389648438,30.11989974975586,1657647,0.0,0.0
2022-11-30 11:30:00-05:00,30.100000381469727,30.26799964904785,29.889999389648438,29.969999313354492,765468,0.0,0.0
2022-11-30 12:30:00-05:00,29.968000411987305,30.040000915527344,29.889999389648438,29.94499969482422,580453,0.0,0.0
2022-11-30 13:30:00-05:00,29.950000762939453,31.690099716186523,29.850000381469727,31.57990074157715,3129503,0.0,0.0
2022-11-30 14:30:00-05:00,31.577999114990234,31.579999923706055,30.969999313354492,31.469999313354492,2630609,0.0,0.0
2022-11-30 15:30:00-05:00,31.475000381469727,31.829999923706055,31.40999984741211,31.78499984741211,2317453,0.0,0.0
2022-12-01 09:30:00-05:00,32.130001068115234,32.790000915527344,31.56999969482422,31.639999389648438,3950773,0.0,0.0
2022-12-01 10:30:00-05:00,31.63680076599121,32.27000045776367,31.540000915527344,32.119998931884766,1791791,0.0,0.0
2022-12-01 11:30:00-05:00,32.119998931884766,33.040000915527344,32.119998931884766,32.5,2028274,0.0,0.0
2022-12-01 12:30:00-05:00,32.4900016784668,33.067298889160156,32.349998474121094,32.839900970458984,2418192,0.0,0.0
2022-12-01 13:30:00-05:00,32.829898834228516,33.07500076293945,32.77000045776367,33.05500030517578,1098739,0.0,0.0
2022-12-01 14:30:00-05:00,33.040000915527344,33.38999938964844,33.0,33.38100051879883,1748747,0.0,0.0
2022-12-01 15:30:00-05:00,33.3849983215332,33.57929992675781,33.375,33.43000030517578,2141228,0.0,0.0
2022-12-02 09:30:00-05:00,31.829999923706055,33.709999084472656,31.709999084472656,33.060001373291016,5350172,0.0,0.0
2022-12-02 10:30:00-05:00,33.05009841918945,33.4900016784668,32.62179946899414,33.4114990234375,2695118,0.0,0.0
2022-12-02 11:30:00-05:00,33.40999984741211,33.665000915527344,33.29999923706055,33.470001220703125,1952434,0.0,0.0
2022-12-02 12:30:00-05:00,33.470001220703125,33.619998931884766,33.279998779296875,33.439998626708984,1026784,0.0,0.0
2022-12-02 13:30:00-05:00,33.435001373291016,33.59000015258789,33.36000061035156,33.43000030517578,861800,0.0,0.0
2022-12-02 14:30:00-05:00,33.41999816894531,33.83000183105469,33.400001525878906,33.790000915527344,1317042,0.0,0.0
2022-12-02 15:30:00-05:00,33.79499816894531,34.01499938964844,33.66999816894531,33.989898681640625,2208954,0.0,0.0
2022-12-05 09:30:00-05:00,33.689998626708984,34.69449996948242,32.86000061035156,32.959999084472656,2926571,0.0,0.0
2022-12-05 10:30:00-05:00,32.95000076293945,33.17570114135742,32.810001373291016,32.82500076293945,1373148,0.0,0.0
2022-12-05 11:30:00-05:00,32.82389831542969,32.82389831542969,32.52000045776367,32.67499923706055,790848,0.0,0.0
2022-12-05 12:30:00-05:00,32.68000030517578,32.70000076293945,32.20000076293945,32.3849983215332,915983,0.0,0.0
2022-12-05 13:30:00-05:00,32.3849983215332,32.47999954223633,31.920000076293945,32.04499816894531,999293,0.0,0.0
2022-12-05 14:30:00-05:00,32.029998779296875,32.029998779296875,31.510000228881836,31.56800079345703,1913339,0.0,0.0
2022-12-05 15:30:00-05:00,31.568300247192383,31.670000076293945,31.1299991607666,31.235000610351562,2185234,0.0,0.0
2022-12-06 09:30:00-05:00,31.364999771118164,31.524999618530273,30.454999923706055,30.790000915527344,2883649,0.0,0.0
2022-12-06 10:30:00-05:00,30.795000076293945,31.559999465942383,30.795000076293945,31.469999313354492,1596942,0.0,0.0
2022-12-06 11:30:00-05:00,31.479999542236328,31.59000015258789,30.860000610351562,30.959999084472656,1239126,0.0,0.0
2022-12-06 12:30:00-05:00,30.954999923706055,31.219999313354492,30.549999237060547,30.559099197387695,1350710,0.0,0.0
2022-12-06 13:30:00-05:00,30.55500030517578,30.739999771118164,30.31999969482422,30.31999969482422,768218,0.0,0.0
2022-12-06 14:30:00-05:00,30.329999923706055,30.8700008392334,30.290000915527344,30.68000030517578,1101912,0.0,0.0
2022-12-06 15:30:00-05:00,30.670000076293945,30.709999084472656,30.530000686645508,30.65999984741211,926977,0.0,0.0
2022-12-07 09:30:00-05:00,30.46500015258789,31.040000915527344,30.138399124145508,30.350000381469727,2320752,0.0,0.0
2022-12-07 10:30:00-05:00,30.34000015258789,30.809999465942383,30.22010040283203,30.32699966430664,1102788,0.0,0.0
2022-12-07 11:30:00-05:00,30.31999969482422,30.950000762939453,30.309999465942383,30.815000534057617,899378,0.0,0.0
2022-12-07 12:30:00-05:00,30.829999923706055,30.999900817871094,30.709999084472656,30.895000457763672,725869,0.0,0.0
2022-12-07 13:30:00-05:00,30.8799991607666,30.885000228881836,30.600000381469727,30.670000076293945,641911,0.0,0.0
2022-12-07 14:30:00-05:00,30.668399810791016,30.954999923706055,30.625,30.764999389648438,890274,0.0,0.0
2022-12-07 15:30:00-05:00,30.780000686645508,30.844999313354492,30.69499969482422,30.75,1065500,0.0,0.0
2022-12-08 09:30:00-05:00,30.90999984741211,31.8799991607666,30.049999237060547,31.84000015258789,2980432,0.0,0.0
2022-12-08 10:30:00-05:00,31.850000381469727,31.985000610351562,31.549999237060547,31.728500366210938,1142132,0.0,0.0
2022-12-08 11:30:00-05:00,31.725000381469727,31.8799991607666,31.63249969482422,31.670000076293945,839745,0.0,0.0
2022-12-08 12:30:00-05:00,31.670000076293945,31.81999969482422,31.55500030517578,31.774999618530273,723575,0.0,0.0
2022-12-08 13:30:00-05:00,31.780000686645508,31.9601993560791,31.559999465942383,31.584999084472656,885256,0.0,0.0
2022-12-08 14:30:00-05:00,31.584999084472656,31.959999084472656,31.579999923706055,31.854999542236328,864788,0.0,0.0
2022-12-08 15:30:00-05:00,31.860000610351562,31.950000762939453,31.75,31.940000534057617,964313,0.0,0.0
2022-12-09 09:30:00-05:00,31.850000381469727,32.5099983215332,31.670000076293945,32.150001525878906,2379180,0.0,0.0
2022-12-09 10:30:00-05:00,32.15999984741211,32.43000030517578,32.0099983215332,32.11000061035156,926715,0.0,0.0
2022-12-09 11:30:00-05:00,32.11000061035156,32.22999954223633,31.920000076293945,31.96500015258789,613057,0.0,0.0
2022-12-09 12:30:00-05:00,31.9507999420166,32.04999923706055,31.76959991455078,31.854999542236328,593065,0.0,0.0
2022-12-09 13:30:00-05:00,31.858999252319336,32.0099983215332,31.809999465942383,31.969999313354492,437906,0.0,0.0
2022-12-09 14:30:00-05:00,31.96500015258789,32.040000915527344,31.631999969482422,31.63990020751953,611976,0.0,0.0
2022-12-09 15:30:00-05:00,31.6299991607666,31.709999084472656,31.440000534057617,31.670000076293945,1856080,0.0,0.0
2022-12-12 09:30:00-05:00,31.84000015258789,33.439998626708984,31.649999618530273,33.32500076293945,4319429,0.0,0.0
2022-12-12 10:30:00-05:00,33.33000183105469,33.61000061035156,33.189998626708984,33.310001373291016,2570735,0.0,0.0
2022-12-12 11:30:00-05:00,33.31999969482422,33.52000045776367,33.16999816894531,33.41999816894531,923234,0.0,0.0
2022-12-12 12:30:00-05:00,33.42499923706055,33.45000076293945,32.82500076293945,32.86000061035156,1513725,0.0,0.0
2022-12-12 13:30:00-05:00,32.8650016784668,33.0,32.709999084472656,32.91999816894531,857608,0.0,0.0
2022-12-12 14:30:00-05:00,32.900001525878906,33.15999984741211,32.72999954223633,33.150001525878906,1032581,0.0,0.0
2022-12-12 15:30:00-05:00,33.154998779296875,33.349998474121094,33.04999923706055,33.334999084472656,1557797,0.0,0.0
2022-12-13 09:30:00-05:00,35.0,35.369998931884766,33.27000045776367,33.28499984741211,3721657,0.0,0.0
2022-12-13 10:30:00-05:00,33.290000915527344,33.34000015258789,32.20869827270508,32.33000183105469,2288621,0.0,0.0
2022-12-13 11:30:00-05:00,32.33000183105469,32.45000076293945,31.459999084472656,31.489999771118164,1802241,0.0,0.0
2022-12-13 12:30:00-05:00,31.479999542236328,31.988300323486328,31.270000457763672,31.96579933166504,1358424,0.0,0.0
2022-12-13 13:30:00-05:00,31.979999542236328,32.95000076293945,31.860000610351562,32.36000061035156,2801172,0.0,0.0
2022-12-13 14:30:00-05:00,32.3650016784668,32.65999984741211,32.119998931884766,32.279998779296875,1651677,0.0,0.0
2022-12-13 15:30:00-05:00,32.275001525878906,32.58000183105469,32.22999954223633,32.32720184326172,1709122,0.0,0.0
2022-12-14 09:30:00-05:00,32.099998474121094,33.10499954223633,31.780000686645508,32.89500045776367,2554615,0.0,0.0
2022-12-14 10:30:00-05:00,32.900001525878906,33.47990036010742,32.7400016784668,33.369998931884766,1915270,0.0,0.0
2022-12-14 11:30:00-05:00,33.36000061035156,33.54999923706055,33.13999938964844,33.27000045776367,1441270,0.0,0.0
2022-12-14 12:30:00-05:00,33.275001525878906,33.46500015258789,33.052398681640625,33.45000076293945,918015,0.0,0.0
2022-12-14 13:30:00-05:00,33.45989990234375,33.749900817871094,32.68000030517578,33.119998931884766,1683409,0.0,0.0
2022-12-14 14:30:00-05:00,33.11000061035156,33.47999954223633,32.529998779296875,32.904701232910156,2352325,0.0,0.0
2022-12-14 15:30:00-05:00,32.880001068115234,33.34000015258789,32.790000915527344,33.1349983215332,1951257,0.0,0.0
2022-12-15 09:30:00-05:00,29.110000610351562,29.799999237060547,28.06999969482422,28.30820083618164,10535201,0.0,0.0
2022-12-15 10:30:00-05:00,28.299999237060547,28.359899520874023,27.58009910583496,27.81999969482422,6150219,0.0,0.0
2022-12-15 11:30:00-05:00,27.829999923706055,27.84000015258789,27.5,27.524999618530273,3975513,0.0,0.0
2022-12-15 12:30:00-05:00,27.530000686645508,27.559999465942383,26.854999542236328,27.260000228881836,5142577,0.0,0.0
2022-12-15 13:30:00-05:00,27.264999389648438,27.7450008392334,27.209999084472656,27.709999084472656,4003938,0.0,0.0
2022-12-15 14:30:00-05:00,27.71500015258789,28.079999923706055,27.625,27.864999771118164,5254735,0.0,0.0
2022-12-15 15:30:00-05:00,27.864999771118164,27.979999542236328,27.614999771118164,27.950000762939453,3831681,0.0,0.0
2022-12-16 09:30:00-05:00,27.479999542236328,27.88800048828125,26.709999084472656,26.780000686645508,4146932,0.0,0.0
2022-12-16 10:30:00-05:00,26.774999618530273,27.139999389648438,26.600099563598633,27.024999618530273,2518507,0.0,0.0
2022-12-16 11:30:00-05:00,27.030000686645508,27.18000030517578,26.69099998474121,26.870100021362305,1608185,0.0,0.0
2022-12-16 12:30:00-05:00,26.875,27.149999618530273,26.799999237060547,26.829999923706055,1718293,0.0,0.0
2022-12-16 13:30:00-05:00,26.825000762939453,27.559999465942383,26.812000274658203,27.2450008392334,2435769,0.0,0.0
2022-12-16 14:30:00-05:00,27.2450008392334,27.479999542236328,27.045000076293945,27.475000381469727,2722047,0.0,0.0
2022-12-16 15:30:00-05:00,27.475000381469727,27.690000534057617,27.3700008392334,27.579999923706055,3864164,0.0,0.0
2022-12-19 09:30:00-05:00,27.59000015258789,27.639999389648438,26.229999542236328,26.774999618530273,3662756,0.0,0.0
2022-12-19 10:30:00-05:00,26.780000686645508,27.219999313354492,26.6200008392334,26.790000915527344,2149617,0.0,0.0
2022-12-19 11:30:00-05:00,26.799999237060547,26.98979949951172,26.65999984741211,26.81999969482422,1237447,0.0,0.0
2022-12-19 12:30:00-05:00,26.825000762939453,27.37820053100586,26.81999969482422,27.240699768066406,1189299,0.0,0.0
2022-12-19 13:30:00-05:00,27.239999771118164,27.299999237060547,27.040000915527344,27.065000534057617,1183624,0.0,0.0
2022-12-19 14:30:00-05:00,27.065000534057617,27.315000534057617,27.059999465942383,27.184999465942383,1079528,0.0,0.0
2022-12-19 15:30:00-05:00,27.190000534057617,27.274999618530273,27.024999618530273,27.184999465942383,1718885,0.0,0.0
2022-12-20 09:30:00-05:00,27.010000228881836,28.18000030517578,26.799999237060547,28.030000686645508,3421138,0.0,0.0
2022-12-20 10:30:00-05:00,28.045000076293945,28.209999084472656,27.299999237060547,27.415000915527344,1951528,0.0,0.0
2022-12-20 11:30:00-05:00,27.40999984741211,27.799999237060547,27.399999618530273,27.7549991607666,1336121,0.0,0.0
2022-12-20 12:30:00-05:00,27.760000228881836,27.90999984741211,27.559999465942383,27.649999618530273,1133165,0.0,0.0
2022-12-20 13:30:00-05:00,27.639999389648438,27.860000610351562,27.6200008392334,27.825000762939453,905610,0.0,0.0
2022-12-20 14:30:00-05:00,27.81999969482422,27.899999618530273,27.510000228881836,27.639999389648438,1094110,0.0,0.0
2022-12-20 15:30:00-05:00,27.639999389648438,27.684999465942383,27.5049991607666,27.56999969482422,1337691,0.0,0.0
2022-12-21 09:30:00-05:00,27.040000915527344,27.94499969482422,26.780000686645508,27.540000915527344,3436917,0.0,0.0
2022-12-21 10:30:00-05:00,27.540000915527344,28.209999084472656,27.501800537109375,28.199899673461914,2043534,0.0,0.0
2022-12-21 11:30:00-05:00,28.18000030517578,28.389999389648438,27.95800018310547,28.229999542236328,1843317,0.0,0.0
2022-12-21 12:30:00-05:00,28.229999542236328,28.329999923706055,27.905000686645508,27.989999771118164,1354861,0.0,0.0
2022-12-21 13:30:00-05:00,27.989999771118164,28.209999084472656,27.850000381469727,28.18000030517578,1209790,0.0,0.0
2022-12-21 14:30:00-05:00,28.184999465942383,28.204999923706055,27.934999465942383,28.065000534057617,1154171,0.0,0.0
2022-12-21 15:30:00-05:00,28.065000534057617,28.149900436401367,28.0049991607666,28.079999923706055,1020370,0.0,0.0
2022-12-22 09:30:00-05:00,27.610000610351562,27.8882999420166,26.34000015258789,26.420000076293945,2706411,0.0,0.0
2022-12-22 10:30:00-05:00,26.40999984741211,26.428499221801758,26.149999618530273,26.34000015258789,1870451,0.0,0.0
2022-12-22 11:30:00-05:00,26.329999923706055,26.38800048828125,26.03499984741211,26.049999237060547,1260730,0.0,0.0
2022-12-22 12:30:00-05:00,26.049999237060547,26.170000076293945,25.7549991607666,25.760000228881836,1355238,0.0,0.0
2022-12-22 13:30:00-05:00,25.7549991607666,26.040000915527344,25.700000762939453,25.940000534057617,1489918,0.0,0.0
2022-12-22 14:30:00-05:00,25.940000534057617,26.440000534057617,25.729999542236328,26.269899368286133,2157445,0.0,0.0
2022-12-22 15:30:00-05:00,26.260000228881836,26.450000762939453,26.139999389648438,26.44499969482422,1640105,0.0,0.0
2022-12-23 09:30:00-05:00,26.309999465942383,26.530000686645508,25.320199966430664,26.075000762939453,3373975,0.0,0.0
2022-12-23 10:30:00-05:00,26.079999923706055,26.469999313354492,25.810100555419922,26.079999923706055,1960220,0.0,0.0
2022-12-23 11:30:00-05:00,26.094999313354492,26.40999984741211,26.030000686645508,26.329999923706055,1100704,0.0,0.0
2022-12-23 12:30:00-05:00,26.34000015258789,26.424999237060547,26.200000762939453,26.360000610351562,663577,0.0,0.0
2022-12-23 13:30:00-05:00,26.3700008392334,26.600000381469727,26.360000610351562,26.479999542236328,946287,0.0,0.0
2022-12-23 14:30:00-05:00,26.489999771118164,26.68000030517578,26.450899124145508,26.68000030517578,946532,0.0,0.0
2022-12-23 15:30:00-05:00,26.68000030517578,26.780000686645508,26.540000915527344,26.75,1550112,0.0,0.0
2022-12-27 09:30:00-05:00,26.219999313354492,26.389999389648438,25.459999084472656,26.200000762939453,2347442,0.0,0.0
2022-12-27 10:30:00-05:00,26.209999084472656,26.684999465942383,26.079999923706055,26.65999984741211,1446795,0.0,0.0
2022-12-27 11:30:00-05:00,26.65999984741211,26.729999542236328,26.5,26.545000076293945,993811,0.0,0.0
2022-12-27 12:30:00-05:00,26.540000915527344,26.6299991607666,26.264999389648438,26.3700008392334,1166698,0.0,0.0
2022-12-27 13:30:00-05:00,26.3700008392334,26.690000534057617,26.360000610351562,26.690000534057617,1956311,0.0,0.0
2022-12-27 14:30:00-05:00,26.690000534057617,26.719999313354492,26.18000030517578,26.219999313354492,1533071,0.0,0.0
2022-12-27 15:30:00-05:00,26.229999542236328,26.350000381469727,26.200000762939453,26.334999084472656,1157791,0.0,0.0
2022-12-28 09:30:00-05:00,26.170000076293945,26.579999923706055,26.010000228881836,26.06999969482422,2307086,0.0,0.0
2022-12-28 10:30:00-05:00,26.069900512695312,26.06999969482422,25.690000534057617,25.899999618530273,1210141,0.0,0.0
2022-12-28 11:30:00-05:00,25.899999618530273,25.90999984741211,25.594999313354492,25.799999237060547,1141915,0.0,0.0
2022-12-28 12:30:00-05:00,25.80500030517578,26.239999771118164,25.80500030517578,26.0049991607666,1195977,0.0,0.0
2022-12-28 13:30:00-05:00,26.010000228881836,26.170000076293945,25.954999923706055,26.021499633789062,1345859,0.0,0.0
2022-12-28 14:30:00-05:00,26.020000457763672,26.2549991607666,25.979999542236328,26.139999389648438,988233,0.0,0.0
2022-12-28 15:30:00-05:00,26.145000457763672,26.225000381469727,26.100000381469727,26.15999984741211,1339753,0.0,0.0
2022-12-29 09:30:00-05:00,26.610000610351562,27.174999237060547,26.190000534057617,27.100000381469727,2936450,0.0,0.0
2022-12-29 10:30:00-05:00,27.104999542236328,27.440000534057617,26.90999984741211,27.065000534057617,2503638,0.0,0.0
2022-12-29 11:30:00-05:00,27.071699142456055,27.264999389648438,26.81999969482422,26.829999923706055,1421595,0.0,0.0
2022-12-29 12:30:00-05:00,26.825000762939453,27.040000915527344,26.760000228881836,27.030000686645508,921920,0.0,0.0
2022-12-29 13:30:00-05:00,27.030000686645508,27.094999313354492,26.9325008392334,27.01180076599121,786229,0.0,0.0
2022-12-29 14:30:00-05:00,27.010000228881836,27.229999542236328,26.934999465942383,27.174999237060547,1044314,0.0,0.0
2022-12-29 15:30:00-05:00,27.174999237060547,27.280000686645508,27.020099639892578,27.09000015258789,1347605,0.0,0.0
2022-12-30 09:30:00-05:00,26.459999084472656,27.77989959716797,26.459999084472656,27.74250030517578,3193762,0.0,0.0
2022-12-30 10:30:00-05:00,27.735000610351562,28.149999618530273,27.649999618530273,27.739999771118164,2885212,0.0,0.0
2022-12-30 11:30:00-05:00,27.739999771118164,27.834999084472656,27.56999969482422,27.684999465942383,1267058,0.0,0.0
2022-12-30 12:30:00-05:00,27.690000534057617,27.864999771118164,27.520000457763672,27.592500686645508,1063304,0.0,0.0
2022-12-30 13:30:00-05:00,27.600000381469727,28.18000030517578,27.579999923706055,28.15999984741211,2028352,0.0,0.0
2022-12-30 14:30:00-05:00,28.15999984741211,28.295000076293945,28.010000228881836,28.204999923706055,2176120,0.0,0.0
2022-12-30 15:30:00-05:00,28.209999084472656,28.540000915527344,28.100000381469727,28.469999313354492,2485489,0.0,0.0
2023-01-03 09:30:00-05:00,28.90999984741211,29.6200008392334,27.68000030517578,27.84000015258789,4559335,0.0,0.0
2023-01-03 10:30:00-05:00,27.850000381469727,27.989999771118164,27.459999084472656,27.600000381469727,1915330,0.0,0.0
2023-01-03 11:30:00-05:00,27.600000381469727,27.6299991607666,27.34000015258789,27.360000610351562,1016743,0.0,0.0
2023-01-03 12:30:00-05:00,27.3700008392334,27.510000228881836,27.239999771118164,27.450000762939453,975252,0.0,0.0
2023-01-03 13:30:00-05:00,27.454999923706055,27.575000762939453,27.3700008392334,27.569900512695312,876727,0.0,0.0
2023-01-03 14:30:00-05:00,27.59000015258789,27.8700008392334,27.469999313354492,27.84000015258789,1639392,0.0,0.0
2023-01-03 15:30:00-05:00,27.829999923706055,27.8799991607666,27.6299991607666,27.844999313354492,1392495,0.0,0.0
2023-01-04 09:30:00-05:00,28.59000015258789,29.049999237060547,27.853900909423828,27.93000030517578,2832642,0.0,0.0
2023-01-04 10:30:00-05:00,27.934999465942383,28.3799991607666,27.760000228881836,28.274999618530273,1980898,0.0,0.0
2023-01-04 11:30:00-05:00,28.280000686645508,28.8700008392334,28.280000686645508,28.704999923706055,1331632,0.0,0.0
2023-01-04 12:30:00-05:00,28.704999923706055,28.790000915527344,28.15999984741211,28.375,1085717,0.0,0.0
2023-01-04 13:30:00-05:00,28.3799991607666,28.739999771118164,27.975000381469727,27.979999542236328,1175506,0.0,0.0
2023-01-04 14:30:00-05:00,27.96500015258789,28.610000610351562,27.950000762939453,28.53499984741211,1140094,0.0,0.0
2023-01-04 15:30:00-05:00,28.520000457763672,29.049999237060547,28.485000610351562,29.030000686645508,1638606,0.0,0.0
2023-01-05 09:30:00-05:00,28.834999084472656,29.18600082397461,28.5,29.135000228881836,2858180,0.0,0.0
2023-01-05 10:30:00-05:00,29.1299991607666,29.520000457763672,29.040000915527344,29.18000030517578,2217059,0.0,0.0
2023-01-05 11:30:00-05:00,29.15999984741211,29.790000915527344,29.141000747680664,29.704999923706055,1612071,0.0,0.0
2023-01-05 12:30:00-05:00,29.700000762939453,29.959999084472656,29.479999542236328,29.90999984741211,1516274,0.0,0.0
2023-01-05 13:30:00-05:00,29.920000076293945,29.979999542236328,29.655000686645508,29.81999969482422,962595,0.0,0.0
2023-01-05 14:30:00-05:00,29.809999465942383,30.0,29.729999542236328,29.895000457763672,1271542,0.0,0.0
2023-01-05 15:30:00-05:00,29.895000457763672,30.100000381469727,29.895000457763672,29.969999313354492,1931034,0.0,0.0
2023-01-06 09:30:00-05:00,30.209999084472656,30.67620086669922,28.774999618530273,29.239999771118164,4651300,0.0,0.0
2023-01-06 10:30:00-05:00,29.239999771118164,30.049999237060547,29.21500015258789,29.8799991607666,1989444,0.0,0.0
2023-01-06 11:30:00-05:00,29.882099151611328,30.09000015258789,29.719999313354492,29.84000015258789,1206393,0.0,0.0
2023-01-06 12:30:00-05:00,29.834999084472656,29.8799991607666,29.6299991607666,29.864999771118164,785783,0.0,0.0
2023-01-06 13:30:00-05:00,29.860000610351562,30.0,29.649999618530273,29.670000076293945,808365,0.0,0.0
2023-01-06 14:30:00-05:00,29.674999237060547,29.770000457763672,29.170000076293945,29.235000610351562,1841816,0.0,0.0
2023-01-06 15:30:00-05:00,29.235000610351562,29.280000686645508,28.8700008392334,28.8799991607666,2527164,0.0,0.0
2023-01-09 09:30:00-05:00,29.40999984741211,30.40999984741211,29.40999984741211,29.969999313354492,4442850,0.0,0.0
2023-01-09 10:30:00-05:00,29.959999084472656,30.139999389648438,29.709999084472656,30.014999389648438,1966807,0.0,0.0
2023-01-09 11:30:00-05:00,30.020000457763672,30.510000228881836,30.020000457763672,30.485000610351562,2487724,0.0,0.0
2023-01-09 12:30:00-05:00,30.479999542236328,31.329999923706055,30.204999923706055,31.209999084472656,3140453,0.0,0.0
2023-01-09 13:30:00-05:00,31.219999313354492,31.30500030517578,30.873199462890625,31.18000030517578,1711593,0.0,0.0
2023-01-09 14:30:00-05:00,31.174999237060547,31.190000534057617,30.760000228881836,30.950000762939453,1958597,0.0,0.0
2023-01-09 15:30:00-05:00,30.950000762939453,31.049999237060547,30.729999542236328,30.780000686645508,1643027,0.0,0.0
2023-01-10 09:30:00-05:00,30.40999984741211,31.739999771118164,30.389999389648438,31.299999237060547,2782762,0.0,0.0
2023-01-10 10:30:00-05:00,31.30500030517578,31.30500030517578,30.790000915527344,31.09000015258789,1277660,0.0,0.0
2023-01-10 11:30:00-05:00,31.084999084472656,31.354999542236328,30.920000076293945,31.270000457763672,785706,0.0,0.0
2023-01-10 12:30:00-05:00,31.290000915527344,31.68000030517578,31.290000915527344,31.475000381469727,1257577,0.0,0.0
2023-01-10 13:30:00-05:00,31.469999313354492,31.670000076293945,31.34000015258789,31.649999618530273,852191,0.0,0.0
2023-01-10 14:30:00-05:00,31.649999618530273,31.670000076293945,31.479999542236328,31.604999542236328,964040,0.0,0.0
2023-01-10 15:30:00-05:00,31.604999542236328,32.029998779296875,31.559999465942383,32.01499938964844,1658796,0.0,0.0
2023-01-11 09:30:00-05:00,33.0,33.5,32.2400016784668,33.45000076293945,4029661,0.0,0.0
2023-01-11 10:30:00-05:00,33.46500015258789,33.46500015258789,32.73500061035156,33.13999938964844,1561661,0.0,0.0
2023-01-11 11:30:00-05:00,33.13999938964844,33.20000076293945,32.75,32.9900016784668,1482788,0.0,0.0
2023-01-11 12:30:00-05:00,32.9900016784668,33.06100082397461,32.810001373291016,33.0099983215332,812014,0.0,0.0
2023-01-11 13:30:00-05:00,33.0099983215332,33.060001373291016,32.599998474121094,32.625,1063750,0.0,0.0
2023-01-11 14:30:00-05:00,32.625,32.97999954223633,32.599998474121094,32.86000061035156,1255926,0.0,0.0
2023-01-11 15:30:00-05:00,32.86640167236328,32.92499923706055,32.70500183105469,32.915000915527344,1539039,0.0,0.0
2023-01-12 09:30:00-05:00,32.900001525878906,33.2400016784668,32.06999969482422,32.619998931884766,2658640,0.0,0.0
2023-01-12 10:30:00-05:00,32.63999938964844,32.9900016784668,32.54999923706055,32.84000015258789,1602392,0.0,0.0
2023-01-12 11:30:00-05:00,32.845001220703125,33.150001525878906,32.63999938964844,33.0099983215332,1023051,0.0,0.0
2023-01-12 12:30:00-05:00,33.0099983215332,33.040000915527344,32.45500183105469,32.470001220703125,1056723,0.0,0.0
2023-01-12 13:30:00-05:00,32.459999084472656,32.99789810180664,32.34000015258789,32.85499954223633,1311757,0.0,0.0
2023-01-12 14:30:00-05:00,32.86000061035156,33.11000061035156,32.7400016784668,33.06999969482422,1305507,0.0,0.0
2023-01-12 15:30:00-05:00,33.064998626708984,33.244998931884766,33.06050109863281,33.189998626708984,1303874,0.0,0.0
2023-01-13 09:30:00-05:00,32.77000045776367,33.33000183105469,32.59000015258789,33.29610061645508,2311921,0.0,0.0
2023-01-13 10:30:00-05:00,33.29999923706055,33.40999984741211,32.790000915527344,32.900001525878906,1020370,0.0,0.0
2023-01-13 11:30:00-05:00,32.90999984741211,33.040000915527344,32.63999938964844,32.97999954223633,1081181,0.0,0.0
2023-01-13 12:30:00-05:00,32.98550033569336,33.0,32.82099914550781,32.935001373291016,791931,0.0,0.0
2023-01-13 13:30:00-05:00,32.93000030517578,33.25,32.8849983215332,33.130001068115234,1083720,0.0,0.0
2023-01-13 14:30:00-05:00,33.13999938964844,33.29999923706055,33.01499938964844,33.28499984741211,1205349,0.0,0.0
2023-01-13 15:30:00-05:00,33.28499984741211,33.43000030517578,33.20000076293945,33.209999084472656,2293020,0.0,0.0
2023-01-17 09:30:00-05:00,37.630001068115234,38.13999938964844,36.010101318359375,36.57699966430664,13274714,0.0,0.0
2023-01-17 10:30:00-05:00,36.56999969482422,37.279998779296875,36.400001525878906,36.755001068115234,5328699,0.0,0.0
2023-01-17 11:30:00-05:00,36.755001068115234,37.689998626708984,36.755001068115234,37.220001220703125,3830853,0.0,0.0
2023-01-17 12:30:00-05:00,37.2400016784668,37.839900970458984,37.21500015258789,37.494998931884766,2699132,0.0,0.0
2023-01-17 13:30:00-05:00,37.494998931884766,37.65999984741211,37.08000183105469,37.314998626708984,2139439,0.0,0.0
2023-01-17 14:30:00-05:00,37.314998626708984,37.58000183105469,37.22999954223633,37.51499938964844,2119205,0.0,0.0
2023-01-17 15:30:00-05:00,37.51499938964844,37.5791015625,37.060699462890625,37.119998931884766,2937330,0.0,0.0
2023-01-18 09:30:00-05:00,37.189998626708984,37.349998474121094,36.099998474121094,36.459999084472656,4490492,0.0,0.0
2023-01-18 10:30:00-05:00,36.459999084472656,36.470001220703125,35.619998931884766,35.79209899902344,3033532,0.0,0.0
2023-01-18 11:30:00-05:00,35.790000915527344,36.150001525878906,35.50299835205078,35.66999816894531,1806271,0.0,0.0
2023-01-18 12:30:00-05:00,35.66999816894531,35.93000030517578,35.40999984741211,35.560001373291016,1605948,0.0,0.0
2023-01-18 13:30:00-05:00,35.56999969482422,36.04499816894531,35.5,35.95000076293945,1743194,0.0,0.0
2023-01-18 14:30:00-05:00,35.939998626708984,36.06999969482422,35.72999954223633,35.77080154418945,1382554,0.0,0.0
2023-01-18 15:30:00-05:00,35.76499938964844,35.79999923706055,35.470001220703125,35.77000045776367,2337751,0.0,0.0
2023-01-19 09:30:00-05:00,33.0,33.93000030517578,32.7400016784668,33.529998779296875,6584930,0.0,0.0
2023-01-19 10:30:00-05:00,33.53990173339844,33.724998474121094,33.040000915527344,33.11090087890625,2536946,0.0,0.0
2023-01-19 11:30:00-05:00,33.099998474121094,33.91999816894531,33.099998474121094,33.400001525878906,2551264,0.0,0.0
2023-01-19 12:30:00-05:00,33.400001525878906,33.519901275634766,33.189998626708984,33.31999969482422,1836562,0.0,0.0
2023-01-19 13:30:00-05:00,33.33000183105469,33.584999084472656,33.1150016784668,33.540199279785156,1748296,0.0,0.0
2023-01-19 14:30:00-05:00,33.54499816894531,34.119998931884766,33.52000045776367,33.875,2648460,0.0,0.0
2023-01-19 15:30:00-05:00,33.869998931884766,33.97999954223633,33.369998931884766,33.39500045776367,2285815,0.0,0.0
2023-01-20 09:30:00-05:00,33.68000030517578,34.77870178222656,33.29059982299805,34.75,3715102,0.0,0.0
2023-01-20 10:30:00-05:00,34.7599983215332,34.810001373291016,34.21080017089844,34.780399322509766,1856130,0.0,0.0
2023-01-20 11:30:00-05:00,34.790000915527344,34.970001220703125,34.525001525878906,34.54999923706055,1193584,0.0,0.0
2023-01-20 12:30:00-05:00,34.54999923706055,34.83000183105469,34.470001220703125,34.78499984741211,1173235,0.0,0.0
2023-01-20 13:30:00-05:00,34.790000915527344,35.17499923706055,34.77000045776367,35.01100158691406,1577657,0.0,0.0
2023-01-20 14:30:00-05:00,35.029998779296875,35.4900016784668,35.02000045776367,35.36000061035156,1848665,0.0,0.0
2023-01-20 15:30:00-05:00,35.35499954223633,35.619998931884766,35.345001220703125,35.380001068115234,2185039,0.0,0.0
2023-01-23 09:30:00-05:00,35.5,36.518699645996094,35.099998474121094,36.43000030517578,2822261,0.0,0.0
2023-01-23 10:30:00-05:00,36.439998626708984,36.75,36.18000030517578,36.51499938964844,1388757,0.0,0.0
2023-01-23 11:30:00-05:00,36.52000045776367,36.54999923706055,35.84000015258789,36.08000183105469,1231660,0.0,0.0
2023-01-23 12:30:00-05:00,36.06999969482422,36.084999084472656,35.900001525878906,35.97999954223633,894198,0.0,0.0
2023-01-23 13:30:00-05:00,35.97999954223633,36.19960021972656,35.850101470947266,36.130001068115234,789990,0.0,0.0
2023-01-23 14:30:00-05:00,36.13990020751953,36.33829879760742,35.920101165771484,36.28499984741211,1289824,0.0,0.0
2023-01-23 15:30:00-05:00,36.279998779296875,36.52750015258789,36.2400016784668,36.4900016784668,1175341,0.0,0.0
2023-01-24 09:30:00-05:00,38.220001220703125,38.220001220703125,30.690000534057617,35.959999084472656,1531068,0.0,0.0
2023-01-24 10:30:00-05:00,35.95000076293945,36.252498626708984,35.800201416015625,36.150001525878906,820831,0.0,0.0
2023-01-24 11:30:00-05:00,36.13999938964844,36.150001525878906,35.73970031738281,35.880001068115234,519033,0.0,0.0
2023-01-24 12:30:00-05:00,35.875,35.880001068115234,35.45000076293945,35.638999938964844,574344,0.0,0.0
2023-01-24 13:30:00-05:00,35.630001068115234,35.75,35.47999954223633,35.540000915527344,447594,0.0,0.0
2023-01-24 14:30:00-05:00,35.54999923706055,35.7400016784668,35.54499816894531,35.65999984741211,657478,0.0,0.0
2023-01-24 15:30:00-05:00,35.665000915527344,35.66999816894531,35.369998931884766,35.584999084472656,832555,0.0,0.0
2023-01-25 09:30:00-05:00,33.88999938964844,35.22999954223633,33.88999938964844,34.4900016784668,2788533,0.0,0.0
2023-01-25 10:30:00-05:00,34.4900016784668,35.060001373291016,34.37049865722656,34.625,1352798,0.0,0.0
2023-01-25 11:30:00-05:00,34.630001068115234,34.89929962158203,34.5099983215332,34.630001068115234,666791,0.0,0.0
2023-01-25 12:30:00-05:00,34.630001068115234,35.37200164794922,34.56999969482422,35.320098876953125,707258,0.0,0.0
2023-01-25 13:30:00-05:00,35.33000183105469,35.904998779296875,35.209999084472656,35.856998443603516,1082534,0.0,0.0
2023-01-25 14:30:00-05:00,35.85499954223633,35.95000076293945,35.48500061035156,35.6349983215332,1179403,0.0,0.0
2023-01-25 15:30:00-05:00,35.63990020751953,35.75,35.53300094604492,35.689998626708984,913864,0.0,0.0
2023-01-26 09:30:00-05:00,37.310001373291016,37.779998779296875,35.369998931884766,35.989898681640625,3923916,0.0,0.0
2023-01-26 10:30:00-05:00,35.98500061035156,36.25,35.19499969482422,35.47990036010742,1784550,0.0,0.0
2023-01-26 11:30:00-05:00,35.470001220703125,35.68000030517578,35.380001068115234,35.54499816894531,717796,0.0,0.0
2023-01-26 12:30:00-05:00,35.529998779296875,35.650001525878906,35.42499923706055,35.595001220703125,571697,0.0,0.0
2023-01-26 13:30:00-05:00,35.595001220703125,35.898399353027344,35.54999923706055,35.779998779296875,925808,0.0,0.0
2023-01-26 14:30:00-05:00,35.779998779296875,35.86130142211914,35.56999969482422,35.7599983215332,691990,0.0,0.0
2023-01-26 15:30:00-05:00,35.75,36.08000183105469,35.720001220703125,35.970001220703125,971304,0.0,0.0
2023-01-27 09:30:00-05:00,35.790000915527344,36.994998931884766,35.790000915527344,36.689998626708984,2443386,0.0,0.0
2023-01-27 10:30:00-05:00,36.69200134277344,36.849998474121094,36.10169982910156,36.380001068115234,1864795,0.0,0.0
2023-01-27 11:30:00-05:00,36.400001525878906,37.59000015258789,36.37009811401367,37.33000183105469,2063928,0.0,0.0
2023-01-27 12:30:00-05:00,37.33000183105469,37.65999984741211,37.18000030517578,37.6150016784668,1519618,0.0,0.0
2023-01-27 13:30:00-05:00,37.619998931884766,37.79999923706055,37.45000076293945,37.580101013183594,1727743,0.0,0.0
2023-01-27 14:30:00-05:00,37.59000015258789,38.130001068115234,37.44499969482422,38.125,1755606,0.0,0.0
2023-01-27 15:30:00-05:00,38.11600112915039,38.1349983215332,37.72999954223633,37.7400016784668,1324362,0.0,0.0
2023-01-30 09:30:00-05:00,36.744998931884766,37.15549850463867,36.05009841918945,36.20000076293945,2202795,0.0,0.0
2023-01-30 10:30:00-05:00,36.209999084472656,36.22999954223633,35.36000061035156,35.730899810791016,1836220,0.0,0.0
2023-01-30 11:30:00-05:00,35.72999954223633,36.130001068115234,35.6150016784668,36.12860107421875,871381,0.0,0.0
2023-01-30 12:30:00-05:00,36.119998931884766,36.19499969482422,35.86000061035156,36.099998474121094,987494,0.0,0.0
2023-01-30 13:30:00-05:00,36.08000183105469,36.099998474121094,35.71979904174805,35.79999923706055,761800,0.0,0.0
2023-01-30 14:30:00-05:00,35.790000915527344,35.900001525878906,35.5,35.599998474121094,840303,0.0,0.0
2023-01-30 15:30:00-05:00,35.59000015258789,35.77000045776367,35.45000076293945,35.52000045776367,1110170,0.0,0.0
2023-01-31 09:30:00-05:00,35.959999084472656,36.650001525878906,35.7400016784668,36.62799835205078,2269329,0.0,0.0
2023-01-31 10:30:00-05:00,36.635799407958984,37.18000030517578,36.5099983215332,37.14899826049805,1325398,0.0,0.0
2023-01-31 11:30:00-05:00,37.13999938964844,37.290000915527344,36.85559844970703,36.970001220703125,857707,0.0,0.0
2023-01-31 12:30:00-05:00,36.96500015258789,37.220001220703125,36.72999954223633,36.81999969482422,933419,0.0,0.0
2023-01-31 13:30:00-05:00,36.82350158691406,37.0531005859375,36.70000076293945,37.02000045776367,653883,0.0,0.0
2023-01-31 14:30:00-05:00,37.02000045776367,37.18000030517578,36.869998931884766,36.9119987487793,751825,0.0,0.0
2023-01-31 15:30:00-05:00,36.915000915527344,37.27000045776367,36.82500076293945,37.27000045776367,1276564,0.0,0.0
2023-02-01 09:30:00-05:00,37.23500061035156,37.743499755859375,36.709999084472656,37.330101013183594,2693318,0.0,0.0
2023-02-01 10:30:00-05:00,37.31999969482422,37.41999816894531,36.72999954223633,37.05569839477539,1168647,0.0,0.0
2023-02-01 11:30:00-05:00,37.04999923706055,37.15999984741211,36.79999923706055,36.940101623535156,607663,0.0,0.0
2023-02-01 12:30:00-05:00,36.939998626708984,37.2400016784668,36.90999984741211,37.119998931884766,467323,0.0,0.0
2023-02-01 13:30:00-05:00,37.125,37.72999954223633,36.790000915527344,37.34000015258789,1146134,0.0,0.0
2023-02-01 14:30:00-05:00,37.332000732421875,38.47999954223633,36.91999816894531,38.2599983215332,2470454,0.0,0.0
2023-02-01 15:30:00-05:00,38.27000045776367,38.650001525878906,37.994998931884766,38.2400016784668,1781868,0.0,0.0
2023-02-02 09:30:00-05:00,39.75,40.86000061035156,39.369998931884766,40.09040069580078,4830493,0.0,0.0
2023-02-02 10:30:00-05:00,40.10499954223633,41.209999084472656,40.02000045776367,40.65999984741211,2864520,0.0,0.0
2023-02-02 11:30:00-05:00,40.650001525878906,41.060001373291016,40.40999984741211,41.029998779296875,1787483,0.0,0.0
2023-02-02 12:30:00-05:00,41.029998779296875,41.33000183105469,40.77090072631836,41.26499938964844,1515234,0.0,0.0
2023-02-02 13:30:00-05:00,41.27000045776367,41.57500076293945,40.7599983215332,40.79999923706055,1624159,0.0,0.0
2023-02-02 14:30:00-05:00,40.790000915527344,40.834999084472656,39.720001220703125,40.040000915527344,1998604,0.0,0.0
2023-02-02 15:30:00-05:00,40.04999923706055,40.55500030517578,39.869998931884766,40.5,1762636,0.0,0.0
2023-02-03 09:30:00-05:00,38.31999969482422,39.29999923706055,37.90999984741211,38.88999938964844,4598179,0.0,0.0
2023-02-03 10:30:00-05:00,38.900001525878906,39.869998931884766,38.900001525878906,39.86000061035156,2334661,0.0,0.0
2023-02-03 11:30:00-05:00,39.875,40.29499816894531,39.47999954223633,39.88010025024414,1790435,0.0,0.0
2023-02-03 12:30:00-05:00,39.880001068115234,39.9900016784668,38.959999084472656,38.9900016784668,1259541,0.0,0.0
2023-02-03 13:30:00-05:00,38.9900016784668,38.9900016784668,38.38999938964844,38.599998474121094,1294066,0.0,0.0
2023-02-03 14:30:00-05:00,38.59960174560547,38.849998474121094,38.18000030517578,38.369998931884766,1240168,0.0,0.0
2023-02-03 15:30:00-05:00,38.36000061035156,38.58000183105469,38.21500015258789,38.560001373291016,1495068,0.0,0.0
2023-02-06 09:30:00-05:00,37.7599983215332,38.7400016784668,37.65999984741211,38.17499923706055,2099981,0.0,0.0
2023-02-06 10:30:00-05:00,38.16999816894531,39.310001373291016,38.040000915527344,39.209999084472656,1503661,0.0,0.0
2023-02-06 11:30:00-05:00,39.209999084472656,39.349998474121094,38.65999984741211,38.709999084472656,847678,0.0,0.0
2023-02-06 12:30:00-05:00,38.720001220703125,39.09000015258789,38.599998474121094,38.72999954223633,757550,0.0,0.0
2023-02-06 13:30:00-05:00,38.70000076293945,39.02000045776367,38.56999969482422,38.78900146484375,638808,0.0,0.0
2023-02-06 14:30:00-05:00,38.779998779296875,38.939998626708984,38.54999923706055,38.720001220703125,779171,0.0,0.0
2023-02-06 15:30:00-05:00,38.71500015258789,39.1150016784668,38.650001525878906,38.9739990234375,905578,0.0,0.0
2023-02-07 09:30:00-05:00,38.86000061035156,38.99909973144531,37.563899993896484,37.61000061035156,1897174,0.0,0.0
2023-02-07 10:30:00-05:00,37.61000061035156,37.97990036010742,37.51499938964844,37.630001068115234,1162212,0.0,0.0
2023-02-07 11:30:00-05:00,37.619998931884766,38.0099983215332,37.6150016784668,37.8025016784668,797232,0.0,0.0
2023-02-07 12:30:00-05:00,37.790000915527344,38.86000061035156,37.724998474121094,37.731998443603516,1648819,0.0,0.0
2023-02-07 13:30:00-05:00,37.72999954223633,38.2599983215332,37.416099548339844,38.21500015258789,1122858,0.0,0.0
2023-02-07 14:30:00-05:00,38.21500015258789,38.54999923706055,38.11000061035156,38.54999923706055,880623,0.0,0.0
2023-02-07 15:30:00-05:00,38.54990005493164,38.959999084472656,38.5099983215332,38.67499923706055,1067516,0.0,0.0
2023-02-08 09:30:00-05:00,38.459999084472656,39.630001068115234,38.11000061035156,38.720001220703125,2476503,0.0,0.0
2023-02-08 10:30:00-05:00,38.709999084472656,38.880001068115234,38.21009826660156,38.34000015258789,1301630,0.0,0.0
2023-02-08 11:30:00-05:00,38.34000015258789,38.569400787353516,38.244998931884766,38.31999969482422,727746,0.0,0.0
2023-02-08 12:30:00-05:00,38.34000015258789,38.47999954223633,38.051998138427734,38.060001373291016,644539,0.0,0.0
2023-02-08 13:30:00-05:00,38.06999969482422,38.22999954223633,37.85499954223633,37.9900016784668,845696,0.0,0.0
2023-02-08 14:30:00-05:00,38.0099983215332,38.09000015258789,37.810001373291016,37.86000061035156,743752,0.0,0.0
2023-02-08 15:30:00-05:00,37.849998474121094,37.95000076293945,37.470001220703125,37.50419998168945,1579925,0.0,0.0
2023-02-09 09:30:00-05:00,38.33000183105469,38.970001220703125,37.939998626708984,37.959999084472656,2564313,0.0,0.0
2023-02-09 10:30:00-05:00,37.95500183105469,38.369998931884766,37.90840148925781,38.02000045776367,1430155,0.0,0.0
2023-02-09 11:30:00-05:00,38.00659942626953,38.18989944458008,37.770999908447266,37.81869888305664,874662,0.0,0.0
2023-02-09 12:30:00-05:00,37.79999923706055,37.79999923706055,37.439998626708984,37.52000045776367,1025058,0.0,0.0
2023-02-09 13:30:00-05:00,37.52199935913086,37.63999938964844,36.90999984741211,36.93000030517578,1116331,0.0,0.0
2023-02-09 14:30:00-05:00,36.93000030517578,37.14979934692383,36.65999984741211,36.76179885864258,1206941,0.0,0.0
2023-02-09 15:30:00-05:00,36.7599983215332,36.7599983215332,36.380001068115234,36.400001525878906,1754133,0.0,0.0
2023-02-10 09:30:00-05:00,35.099998474121094,35.904998779296875,34.65999984741211,35.310001373291016,2849779,0.0,0.0
2023-02-10 10:30:00-05:00,35.290000915527344,35.599998474121094,34.8650016784668,35.029998779296875,1337830,0.0,0.0
2023-02-10 11:30:00-05:00,35.029998779296875,35.11000061035156,34.58000183105469,34.75,1037972,0.0,0.0
2023-02-10 12:30:00-05:00,34.75,35.279998779296875,34.70000076293945,34.970001220703125,1241530,0.0,0.0
2023-02-10 13:30:00-05:00,34.97999954223633,35.02000045776367,34.625,34.66999816894531,867743,0.0,0.0
2023-02-10 14:30:00-05:00,34.65999984741211,34.91999816894531,34.56999969482422,34.82500076293945,944588,0.0,0.0
2023-02-10 15:30:00-05:00,34.83000183105469,34.93000030517578,34.68000030517578,34.81999969482422,1237578,0.0,0.0
2023-02-13 09:30:00-05:00,34.61000061035156,35.099998474121094,34.220001220703125,34.95000076293945,1885152,0.0,0.0
2023-02-13 10:30:00-05:00,34.97999954223633,35.22999954223633,34.904998779296875,34.994998931884766,982017,0.0,0.0
2023-02-13 11:30:00-05:00,35.0,35.02000045776367,34.660400390625,34.775001525878906,891539,0.0,0.0
2023-02-13 12:30:00-05:00,34.779998779296875,35.130001068115234,34.76499938964844,35.029998779296875,796025,0.0,0.0
2023-02-13 13:30:00-05:00,35.040000915527344,35.20000076293945,34.84000015258789,34.85499954223633,675414,0.0,0.0
2023-02-13 14:30:00-05:00,34.85499954223633,34.880001068115234,34.529998779296875,34.65999984741211,1054566,0.0,0.0
2023-02-13 15:30:00-05:00,34.65999984741211,34.720001220703125,34.380001068115234,34.40999984741211,1327778,0.0,0.0
2023-02-14 09:30:00-05:00,34.30500030517578,35.66999816894531,33.68000030517578,35.2599983215332,2714324,0.0,0.0
2023-02-14 10:30:00-05:00,35.2599983215332,35.35499954223633,34.540000915527344,34.79999923706055,1716891,0.0,0.0
2023-02-14 11:30:00-05:00,34.77000045776367,34.959999084472656,34.5,34.90999984741211,702653,0.0,0.0
2023-02-14 12:30:00-05:00,34.93000030517578,35.310001373291016,34.70000076293945,35.13999938964844,765937,0.0,0.0
2023-02-14 13:30:00-05:00,35.150001525878906,35.34000015258789,34.959999084472656,35.150001525878906,1114884,0.0,0.0
2023-02-14 14:30:00-05:00,35.15999984741211,35.67020034790039,35.14500045776367,35.43000030517578,1545199,0.0,0.0
2023-02-14 15:30:00-05:00,35.42499923706055,35.77000045776367,35.40999984741211,35.63999938964844,1963756,0.0,0.0
2023-02-15 09:30:00-05:00,42.720001220703125,45.34000015258789,41.900001525878906,44.5,21951387,0.0,0.0
2023-02-15 10:30:00-05:00,44.51499938964844,44.790000915527344,43.619998931884766,44.66999816894531,6509433,0.0,0.0
2023-02-15 11:30:00-05:00,44.68000030517578,45.189998626708984,44.099998474121094,44.41999816894531,5174726,0.0,0.0
2023-02-15 12:30:00-05:00,44.41999816894531,44.589900970458984,43.95000076293945,44.5099983215332,3419060,0.0,0.0
2023-02-15 13:30:00-05:00,44.5,44.95000076293945,44.060001373291016,44.93000030517578,4031837,0.0,0.0
2023-02-15 14:30:00-05:00,44.93000030517578,45.060001373291016,44.540000915527344,44.9900016784668,4023158,0.0,0.0
2023-02-15 15:30:00-05:00,44.97999954223633,45.13999938964844,44.560001373291016,45.08000183105469,3982915,0.0,0.0
2023-02-16 09:30:00-05:00,44.290000915527344,46.04999923706055,43.45000076293945,44.380001068115234,7580957,0.0,0.0
2023-02-16 10:30:00-05:00,44.40999984741211,45.310001373291016,44.314998626708984,44.630001068115234,3146424,0.0,0.0
2023-02-16 11:30:00-05:00,44.630001068115234,45.400001525878906,44.5703010559082,44.93000030517578,2262062,0.0,0.0
2023-02-16 12:30:00-05:00,44.93000030517578,45.0,43.5,43.70000076293945,2530448,0.0,0.0
2023-02-16 13:30:00-05:00,43.689998626708984,44.380001068115234,43.63140106201172,44.18450164794922,1763773,0.0,0.0
2023-02-16 14:30:00-05:00,44.16999816894531,44.435001373291016,43.68000030517578,43.69200134277344,1741686,0.0,0.0
2023-02-16 15:30:00-05:00,43.68000030517578,43.90999984741211,43.380001068115234,43.540000915527344,2830210,0.0,0.0
2023-02-17 09:30:00-05:00,42.05970001220703,42.08610153198242,41.27000045776367,41.41999816894531,6340640,0.0,0.0
2023-02-17 10:30:00-05:00,41.400001525878906,41.4900016784668,40.60499954223633,41.02000045776367,3596962,0.0,0.0
2023-02-17 11:30:00-05:00,41.0099983215332,42.119998931884766,40.77000045776367,41.8224983215332,3024218,0.0,0.0
2023-02-17 12:30:00-05:00,41.83000183105469,41.970001220703125,41.41999816894531,41.529998779296875,2256675,0.0,0.0
2023-02-17 13:30:00-05:00,41.4900016784668,41.70000076293945,41.17369842529297,41.52000045776367,1776522,0.0,0.0
2023-02-17 14:30:00-05:00,41.52000045776367,41.560001373291016,41.040000915527344,41.11000061035156,2319562,0.0,0.0
2023-02-17 15:30:00-05:00,41.11000061035156,41.41999816894531,40.849998474121094,40.869998931884766,2953716,0.0,0.0
2023-02-21 09:30:00-05:00,39.310001373291016,40.029998779296875,38.150001525878906,38.220001220703125,4131455,0.0,0.0
2023-02-21 10:30:00-05:00,38.220001220703125,38.45000076293945,37.56999969482422,37.654998779296875,2333972,0.0,0.0
2023-02-21 11:30:00-05:00,37.650001525878906,37.83000183105469,37.435001373291016,37.505001068115234,1898665,0.0,0.0
2023-02-21 12:30:00-05:00,37.505001068115234,38.189998626708984,37.4900016784668,38.150001525878906,1777116,0.0,0.0
2023-02-21 13:30:00-05:00,38.150001525878906,38.152801513671875,37.69499969482422,37.75,1852995,0.0,0.0
2023-02-21 14:30:00-05:00,37.744998931884766,38.150001525878906,37.7400016784668,37.899898529052734,1854388,0.0,0.0
2023-02-21 15:30:00-05:00,37.900001525878906,37.95500183105469,37.5099983215332,37.54399871826172,2212242,0.0,0.0
2023-02-22 09:30:00-05:00,37.81999969482422,38.150001525878906,36.72999954223633,37.11000061035156,3783143,0.0,0.0
2023-02-22 10:30:00-05:00,37.11000061035156,37.83000183105469,36.93000030517578,37.2599983215332,2444645,0.0,0.0
2023-02-22 11:30:00-05:00,37.2599983215332,37.595001220703125,37.04999923706055,37.189998626708984,1170195,0.0,0.0
2023-02-22 12:30:00-05:00,37.185001373291016,37.39500045776367,37.060001373291016,37.39500045776367,894756,0.0,0.0
2023-02-22 13:30:00-05:00,37.385501861572266,37.59000015258789,37.05500030517578,37.310001373291016,1052068,0.0,0.0
2023-02-22 14:30:00-05:00,37.290000915527344,37.875,37.15999984741211,37.68000030517578,1376253,0.0,0.0
2023-02-22 15:30:00-05:00,37.66999816894531,37.70000076293945,37.474998474121094,37.56999969482422,1130358,0.0,0.0
2023-02-23 09:30:00-05:00,37.84000015258789,37.95000076293945,36.060001373291016,36.11000061035156,3178378,0.0,0.0
2023-02-23 10:30:00-05:00,36.099998474121094,36.709999084472656,35.814998626708984,36.70000076293945,2326234,0.0,0.0
2023-02-23 11:30:00-05:00,36.709999084472656,36.92499923706055,36.54999923706055,36.79999923706055,1134829,0.0,0.0
2023-02-23 12:30:00-05:00,36.810001373291016,37.290000915527344,36.630001068115234,37.290000915527344,1348897,0.0,0.0
2023-02-23 13:30:00-05:00,37.290000915527344,37.46500015258789,37.02090072631836,37.369998931884766,927361,0.0,0.0
2023-02-23 14:30:00-05:00,37.380001068115234,37.61989974975586,37.189998626708984,37.600101470947266,789466,0.0,0.0
2023-02-23 15:30:00-05:00,37.599998474121094,37.66999816894531,37.31999969482422,37.349998474121094,974687,0.0,0.0
2023-02-24 09:30:00-05:00,36.54999923706055,36.810001373291016,35.86000061035156,36.334999084472656,2382596,0.0,0.0
2023-02-24 10:30:00-05:00,36.33000183105469,36.74919891357422,36.165000915527344,36.689998626708984,1612164,0.0,0.0
2023-02-24 11:30:00-05:00,36.69499969482422,36.90999984741211,36.54999923706055,36.849998474121094,1250096,0.0,0.0
2023-02-24 12:30:00-05:00,36.849998474121094,37.04970169067383,36.540000915527344,36.974998474121094,1177282,0.0,0.0
2023-02-24 13:30:00-05:00,36.970001220703125,37.06999969482422,36.54999923706055,36.65399932861328,969935,0.0,0.0
2023-02-24 14:30:00-05:00,36.65999984741211,36.810001373291016,36.505001068115234,36.54999923706055,888442,0.0,0.0
2023-02-24 15:30:00-05:00,36.54499816894531,36.970001220703125,36.37099838256836,36.96500015258789,1491498,0.0,0.0
2023-02-27 09:30:00-05:00,37.189998626708984,37.595001220703125,36.689998626708984,37.439701080322266,2614417,0.0,0.0
2023-02-27 10:30:00-05:00,37.45000076293945,37.47999954223633,36.880001068115234,37.13999938964844,1527728,0.0,0.0
2023-02-27 11:30:00-05:00,37.15999984741211,37.15999984741211,36.532100677490234,36.73500061035156,1058287,0.0,0.0
2023-02-27 12:30:00-05:00,36.72999954223633,37.0,36.66999816894531,36.72529983520508,673365,0.0,0.0
2023-02-27 13:30:00-05:00,36.75,36.96860122680664,36.70000076293945,36.755001068115234,706223,0.0,0.0
2023-02-27 14:30:00-05:00,36.7598991394043,36.81999969482422,36.525001525878906,36.560001373291016,1028521,0.0,0.0
2023-02-27 15:30:00-05:00,36.5609016418457,36.69499969482422,36.38999938964844,36.650001525878906,1294415,0.0,0.0
2023-02-28 09:30:00-05:00,36.47999954223633,37.279998779296875,36.40999984741211,36.81999969482422,2661758,0.0,0.0
2023-02-28 10:30:00-05:00,36.81999969482422,36.900001525878906,36.439998626708984,36.775001525878906,1825667,0.0,0.0
2023-02-28 11:30:00-05:00,36.770301818847656,36.900001525878906,36.435001373291016,36.59000015258789,975945,0.0,0.0
2023-02-28 12:30:00-05:00,36.59000015258789,36.72999954223633,36.34000015258789,36.62139892578125,894032,0.0,0.0
2023-02-28 13:30:00-05:00,36.630001068115234,37.02000045776367,36.4900016784668,36.93000030517578,933883,0.0,0.0
2023-02-28 14:30:00-05:00,36.94499969482422,36.98500061035156,36.52000045776367,36.54999923706055,777992,0.0,0.0
2023-02-28 15:30:00-05:00,36.55500030517578,36.755001068115234,36.54999923706055,36.6349983215332,1070502,0.0,0.0
2023-03-01 09:30:00-05:00,37.0099983215332,37.33000183105469,36.5099983215332,36.729000091552734,1844191,0.0,0.0
2023-03-01 10:30:00-05:00,36.720001220703125,37.13999938964844,36.54999923706055,36.88999938964844,770864,0.0,0.0
2023-03-01 11:30:00-05:00,36.88999938964844,37.334999084472656,36.85089874267578,37.30149841308594,923805,0.0,0.0
2023-03-01 12:30:00-05:00,37.310001373291016,37.560001373291016,37.029998779296875,37.04999923706055,921744,0.0,0.0
2023-03-01 13:30:00-05:00,37.04999923706055,37.22999954223633,37.0,37.185001373291016,941985,0.0,0.0
2023-03-01 14:30:00-05:00,37.185001373291016,37.290000915527344,36.939998626708984,37.230098724365234,1422207,0.0,0.0
2023-03-01 15:30:00-05:00,37.23500061035156,37.70000076293945,37.165000915527344,37.48500061035156,1834306,0.0,0.0
2023-03-02 09:30:00-05:00,37.01499938964844,37.970001220703125,36.86000061035156,37.08509826660156,2999367,0.0,0.0
2023-03-02 10:30:00-05:00,37.099998474121094,37.42499923706055,36.77000045776367,37.400001525878906,1805532,0.0,0.0
2023-03-02 11:30:00-05:00,37.404998779296875,37.93000030517578,37.29999923706055,37.900001525878906,1097089,0.0,0.0
2023-03-02 12:30:00-05:00,37.90999984741211,38.255001068115234,37.45000076293945,38.14500045776367,1523793,0.0,0.0
2023-03-02 13:30:00-05:00,38.1349983215332,38.849998474121094,38.08000183105469,38.82500076293945,1729498,0.0,0.0
2023-03-02 14:30:00-05:00,38.83000183105469,39.18730163574219,38.810001373291016,38.974998474121094,1775322,0.0,0.0
2023-03-02 15:30:00-05:00,38.97999954223633,39.279998779296875,38.86000061035156,39.255001068115234,2151429,0.0,0.0
2023-03-03 09:30:00-05:00,39.560001373291016,41.380001068115234,39.560001373291016,40.77000045776367,5712932,0.0,0.0
2023-03-03 10:30:00-05:00,40.77000045776367,41.39500045776367,40.480098724365234,41.32500076293945,2231228,0.0,0.0
2023-03-03 11:30:00-05:00,41.33000183105469,41.939998626708984,41.22999954223633,41.529998779296875,2131452,0.0,0.0
2023-03-03 12:30:00-05:00,41.525001525878906,41.849998474121094,41.41999816894531,41.619998931884766,1400083,0.0,0.0
2023-03-03 13:30:00-05:00,41.6150016784668,41.709999084472656,41.380001068115234,41.529998779296875,1088679,0.0,0.0
2023-03-03 14:30:00-05:00,41.529998779296875,41.6150016784668,41.099998474121094,41.165000915527344,1480638,0.0,0.0
2023-03-03 15:30:00-05:00,41.15999984741211,41.400001525878906,41.119998931884766,41.36000061035156,1932844,0.0,0.0
2023-03-06 09:30:00-05:00,41.619998931884766,42.029998779296875,41.16999816894531,41.650001525878906,2532352,0.0,0.0
2023-03-06 10:30:00-05:00,41.65359878540039,42.12009811401367,41.56999969482422,41.599998474121094,1081587,0.0,0.0
2023-03-06 11:30:00-05:00,41.599998474121094,41.8650016784668,41.5099983215332,41.529998779296875,770821,0.0,0.0
2023-03-06 12:30:00-05:00,41.52830123901367,41.53499984741211,41.0,41.2599983215332,1018814,0.0,0.0
2023-03-06 13:30:00-05:00,41.25,41.26499938964844,40.88999938964844,41.05500030517578,794479,0.0,0.0
2023-03-06 14:30:00-05:00,41.05500030517578,41.060001373291016,40.61000061035156,40.650001525878906,862386,0.0,0.0
2023-03-06 15:30:00-05:00,40.650001525878906,40.72999954223633,40.54499816894531,40.58000183105469,1150957,0.0,0.0
2023-03-07 09:30:00-05:00,40.55500030517578,42.10820007324219,40.33000183105469,41.130001068115234,3476049,0.0,0.0
2023-03-07 10:30:00-05:00,41.11000061035156,41.72999954223633,40.77000045776367,41.165000915527344,1858355,0.0,0.0
2023-03-07 11:30:00-05:00,41.150001525878906,41.97999954223633,41.110599517822266,41.88999938964844,1290069,0.0,0.0
2023-03-07 12:30:00-05:00,41.900001525878906,42.189998626708984,41.779998779296875,41.875,1199664,0.0,0.0
2023-03-07 13:30:00-05:00,41.869998931884766,42.04499816894531,41.38999938964844,41.38999938964844,1132118,0.0,0.0
2023-03-07 14:30:00-05:00,41.38999938964844,41.65999984741211,41.28020095825195,41.404998779296875,1092712,0.0,0.0
2023-03-07 15:30:00-05:00,41.400001525878906,41.689998626708984,41.290000915527344,41.564998626708984,1382719,0.0,0.0
2023-03-08 09:30:00-05:00,41.209999084472656,41.720001220703125,40.689998626708984,41.64500045776367,2310440,0.0,0.0
2023-03-08 10:30:00-05:00,41.65999984741211,42.0,41.44499969482422,41.724998474121094,1307273,0.0,0.0
2023-03-08 11:30:00-05:00,41.7400016784668,41.95989990234375,41.459999084472656,41.47999954223633,624648,0.0,0.0
2023-03-08 12:30:00-05:00,41.4900016784668,41.529998779296875,41.33000183105469,41.40290069580078,595514,0.0,0.0
2023-03-08 13:30:00-05:00,41.40999984741211,41.470001220703125,41.224998474121094,41.41999816894531,450434,0.0,0.0
2023-03-08 14:30:00-05:00,41.43000030517578,41.595001220703125,41.025001525878906,41.09000015258789,642011,0.0,0.0
2023-03-08 15:30:00-05:00,41.08000183105469,41.470001220703125,41.07500076293945,41.34000015258789,1040524,0.0,0.0
2023-03-09 09:30:00-05:00,41.45500183105469,42.650001525878906,41.31999969482422,41.72999954223633,2480040,0.0,0.0
2023-03-09 10:30:00-05:00,41.73500061035156,41.93000030517578,41.209999084472656,41.244998931884766,900880,0.0,0.0
2023-03-09 11:30:00-05:00,41.25,41.41999816894531,40.95000076293945,41.06010055541992,584963,0.0,0.0
2023-03-09 12:30:00-05:00,41.064998626708984,41.064998626708984,40.40999984741211,40.47999954223633,888699,0.0,0.0
2023-03-09 13:30:00-05:00,40.47999954223633,40.489200592041016,39.8849983215332,40.29999923706055,847597,0.0,0.0
2023-03-09 14:30:00-05:00,40.310001373291016,40.41999816894531,39.8849983215332,39.90999984741211,686409,0.0,0.0
2023-03-09 15:30:00-05:00,39.90999984741211,40.08000183105469,39.755001068115234,39.95000076293945,1244144,0.0,0.0
2023-03-10 09:30:00-05:00,41.58000183105469,41.58000183105469,39.15999984741211,40.07500076293945,5394716,0.0,0.0
2023-03-10 10:30:00-05:00,40.099998474121094,40.7400016784668,39.540000915527344,40.72570037841797,1568580,0.0,0.0
2023-03-10 11:30:00-05:00,40.709999084472656,41.20000076293945,39.869998931884766,40.084999084472656,1457075,0.0,0.0
2023-03-10 12:30:00-05:00,40.09000015258789,40.349998474121094,39.41999816894531,39.43000030517578,1166204,0.0,0.0
2023-03-10 13:30:00-05:00,39.40999984741211,39.709999084472656,39.150001525878906,39.56999969482422,982978,0.0,0.0
2023-03-10 14:30:00-05:00,39.56999969482422,40.220001220703125,39.56999969482422,40.084999084472656,1181232,0.0,0.0
2023-03-10 15:30:00-05:00,40.084999084472656,40.109901428222656,39.72999954223633,40.04499816894531,1624748,0.0,0.0
2023-03-13 09:30:00-04:00,38.939998626708984,41.970001220703125,38.810001373291016,41.005001068115234,4287110,0.0,0.0
2023-03-13 10:30:00-04:00,41.02000045776367,41.9900016784668,40.189998626708984,41.7400016784668,3204547,0.0,0.0
2023-03-13 11:30:00-04:00,41.75,41.7963981628418,41.09000015258789,41.27000045776367,1996377,0.0,0.0
2023-03-13 12:30:00-04:00,41.290000915527344,41.38999938964844,40.72309875488281,41.13999938964844,1452502,0.0,0.0
2023-03-13 13:30:00-04:00,41.140098571777344,41.97999954223633,41.11000061035156,41.88999938964844,1492330,0.0,0.0
2023-03-13 14:30:00-04:00,41.8849983215332,42.04999923706055,41.40999984741211,41.540000915527344,1615032,0.0,0.0
2023-03-13 15:30:00-04:00,41.53499984741211,41.87810134887695,41.33000183105469,41.40999984741211,1443812,0.0,0.0
2023-03-14 09:30:00-04:00,42.29999923706055,43.53580093383789,42.13999938964844,43.369998931884766,3879316,0.0,0.0
2023-03-14 10:30:00-04:00,43.36000061035156,43.400001525878906,42.41999816894531,43.02000045776367,2581963,0.0,0.0
2023-03-14 11:30:00-04:00,43.029998779296875,43.72999954223633,42.875,43.084999084472656,2280305,0.0,0.0
2023-03-14 12:30:00-04:00,43.08000183105469,43.255001068115234,42.70000076293945,42.95000076293945,1431008,0.0,0.0
2023-03-14 13:30:00-04:00,42.939998626708984,43.060001373291016,42.69029998779297,43.04999923706055,1243933,0.0,0.0
2023-03-14 14:30:00-04:00,43.04499816894531,43.36000061035156,43.0099983215332,43.06999969482422,1668832,0.0,0.0
2023-03-14 15:30:00-04:00,43.064998626708984,43.310001373291016,42.95000076293945,43.17499923706055,1594064,0.0,0.0
2023-03-15 09:30:00-04:00,42.71500015258789,43.099998474121094,40.810001373291016,41.5099983215332,5058310,0.0,0.0
2023-03-15 10:30:00-04:00,41.5,42.459999084472656,41.310001373291016,42.417999267578125,2326164,0.0,0.0
2023-03-15 11:30:00-04:00,42.41999816894531,42.9900016784668,42.38999938964844,42.84000015258789,1798331,0.0,0.0
2023-03-15 12:30:00-04:00,42.84000015258789,42.875,41.922698974609375,42.11000061035156,1651368,0.0,0.0
2023-03-15 13:30:00-04:00,42.099998474121094,42.11000061035156,41.41999816894531,41.970001220703125,1539429,0.0,0.0
2023-03-15 14:30:00-04:00,41.970001220703125,42.709999084472656,41.849998474121094,42.64500045776367,1638107,0.0,0.0
2023-03-15 15:30:00-04:00,42.64500045776367,42.81999969482422,42.3650016784668,42.720001220703125,2003770,0.0,0.0
2023-03-16 09:30:00-04:00,43.05500030517578,43.529998779296875,42.52000045776367,42.560001373291016,3009619,0.0,0.0
2023-03-16 10:30:00-04:00,42.56999969482422,43.58000183105469,42.400001525878906,43.54999923706055,1414028,0.0,0.0
2023-03-16 11:30:00-04:00,43.56999969482422,44.279998779296875,43.5,44.025001525878906,1409056,0.0,0.0
2023-03-16 12:30:00-04:00,44.029998779296875,45.310001373291016,43.869998931884766,45.24020004272461,2083411,0.0,0.0
2023-03-16 13:30:00-04:00,45.27000045776367,45.380001068115234,44.849998474121094,45.040000915527344,1701679,0.0,0.0
2023-03-16 14:30:00-04:00,45.04010009765625,45.06999969482422,44.625,45.04499816894531,1288022,0.0,0.0
2023-03-16 15:30:00-04:00,45.04499816894531,45.349998474121094,44.93000030517578,45.34000015258789,1502919,0.0,0.0
2023-03-17 09:30:00-04:00,45.349998474121094,45.470001220703125,44.150001525878906,44.2400016784668,3103268,0.0,0.0
2023-03-17 10:30:00-04:00,44.2400016784668,44.314998626708984,43.560001373291016,43.66999816894531,1981583,0.0,0.0
2023-03-17 11:30:00-04:00,43.66999816894531,44.11000061035156,43.529998779296875,44.06999969482422,1420322,0.0,0.0
2023-03-17 12:30:00-04:00,44.06999969482422,44.49720001220703,44.029998779296875,44.27000045776367,1082127,0.0,0.0
2023-03-17 13:30:00-04:00,44.279998779296875,44.439998626708984,43.86000061035156,43.90999984741211,964178,0.0,0.0
2023-03-17 14:30:00-04:00,43.900001525878906,44.220001220703125,43.76499938964844,44.18000030517578,1195727,0.0,0.0
2023-03-17 15:30:00-04:00,44.18000030517578,44.31999969482422,43.67499923706055,43.685001373291016,1948452,0.0,0.0
2023-03-20 09:30:00-04:00,43.369998931884766,43.834999084472656,42.86000061035156,43.7599983215332,2245835,0.0,0.0
2023-03-20 10:30:00-04:00,43.77000045776367,43.92499923706055,43.24100112915039,43.469398498535156,1128842,0.0,0.0
2023-03-20 11:30:00-04:00,43.470001220703125,43.470001220703125,42.2599983215332,42.3568000793457,997513,0.0,0.0
2023-03-20 12:30:00-04:00,42.369998931884766,43.040000915527344,42.349998474121094,42.81999969482422,742624,0.0,0.0
2023-03-20 13:30:00-04:00,42.81999969482422,43.11000061035156,42.790000915527344,42.959999084472656,552246,0.0,0.0
2023-03-20 14:30:00-04:00,42.97999954223633,43.12990188598633,42.869998931884766,43.0099983215332,774197,0.0,0.0
2023-03-20 15:30:00-04:00,43.0,43.400001525878906,42.970001220703125,43.3650016784668,848421,0.0,0.0
2023-03-21 09:30:00-04:00,43.58000183105469,44.75,43.58000183105469,44.040000915527344,2019576,0.0,0.0
2023-03-21 10:30:00-04:00,44.04999923706055,44.89500045776367,43.93000030517578,44.779998779296875,1075471,0.0,0.0
2023-03-21 11:30:00-04:00,44.790000915527344,45.0,44.54999923706055,44.90999984741211,874115,0.0,0.0
2023-03-21 12:30:00-04:00,44.904300689697266,45.31999969482422,44.814998626708984,45.310001373291016,891374,0.0,0.0
2023-03-21 13:30:00-04:00,45.310001373291016,45.4900016784668,44.98500061035156,45.040000915527344,832700,0.0,0.0
2023-03-21 14:30:00-04:00,45.04499816894531,45.2599983215332,44.8744010925293,44.93000030517578,805647,0.0,0.0
2023-03-21 15:30:00-04:00,44.939998626708984,45.04909896850586,44.7400016784668,44.75,965408,0.0,0.0
2023-03-22 09:30:00-04:00,44.810001373291016,44.95000076293945,44.03010177612305,44.36000061035156,1601753,0.0,0.0
2023-03-22 10:30:00-04:00,44.369998931884766,44.3849983215332,44.05500030517578,44.11000061035156,769981,0.0,0.0
2023-03-22 11:30:00-04:00,44.11000061035156,44.209999084472656,43.790000915527344,43.95500183105469,576631,0.0,0.0
2023-03-22 12:30:00-04:00,43.959999084472656,44.08000183105469,43.869998931884766,43.9900016784668,337907,0.0,0.0
2023-03-22 13:30:00-04:00,44.0,44.5,43.75,44.400001525878906,1145530,0.0,0.0
2023-03-22 14:30:00-04:00,44.40999984741211,44.869998931884766,43.619998931884766,43.93009948730469,1299246,0.0,0.0
2023-03-22 15:30:00-04:00,43.95000076293945,43.970001220703125,42.80500030517578,42.849998474121094,1146327,0.0,0.0
2023-03-23 09:30:00-04:00,43.619998931884766,43.779998779296875,42.67499923706055,43.2400016784668,3008276,0.0,0.0
2023-03-23 10:30:00-04:00,43.2599983215332,44.0,43.119998931884766,43.14500045776367,1566000,0.0,0.0
2023-03-23 11:30:00-04:00,43.15999984741211,43.255001068115234,42.53499984741211,42.73500061035156,1940196,0.0,0.0
2023-03-23 12:30:00-04:00,42.7400016784668,42.76499938964844,41.765201568603516,41.8650016784668,1414725,0.0,0.0
2023-03-23 13:30:00-04:00,41.845001220703125,42.220001220703125,41.45000076293945,41.459999084472656,899296,0.0,0.0
2023-03-23 14:30:00-04:00,41.459999084472656,41.880001068115234,41.10499954223633,41.68000030517578,1340624,0.0,0.0
2023-03-23 15:30:00-04:00,41.68000030517578,42.23500061035156,41.61000061035156,42.060001373291016,1290832,0.0,0.0
2023-03-24 09:30:00-04:00,44.279998779296875,44.84000015258789,42.88890075683594,44.2599983215332,6510105,0.0,0.0
2023-03-24 10:30:00-04:00,44.259498596191406,44.470001220703125,43.06019973754883,43.309898376464844,2455374,0.0,0.0
2023-03-24 11:30:00-04:00,43.30500030517578,43.86000061035156,43.279998779296875,43.379600524902344,1493091,0.0,0.0
2023-03-24 12:30:00-04:00,43.375,43.45000076293945,43.125,43.290000915527344,863393,0.0,0.0
2023-03-24 13:30:00-04:00,43.29999923706055,43.540000915527344,43.09000015258789,43.23500061035156,926205,0.0,0.0
2023-03-24 14:30:00-04:00,43.22999954223633,43.56999969482422,43.119998931884766,43.4900016784668,918787,0.0,0.0
2023-03-24 15:30:00-04:00,43.5,43.540000915527344,43.29999923706055,43.435001373291016,1066932,0.0,0.0
2023-03-27 09:30:00-04:00,43.70000076293945,44.435001373291016,43.23440170288086,43.850101470947266,1768734,0.0,0.0
2023-03-27 10:30:00-04:00,43.849998474121094,43.880001068115234,43.04999923706055,43.150001525878906,795706,0.0,0.0
2023-03-27 11:30:00-04:00,43.130001068115234,43.24980163574219,42.599998474121094,42.93000030517578,727058,0.0,0.0
2023-03-27 12:30:00-04:00,42.935001373291016,42.935001373291016,42.63999938964844,42.755001068115234,458521,0.0,0.0
2023-03-27 13:30:00-04:00,42.7599983215332,43.047401428222656,42.68000030517578,43.0,460115,0.0,0.0
2023-03-27 14:30:00-04:00,43.0,43.189998626708984,42.790000915527344,42.83000183105469,664787,0.0,0.0
2023-03-27 15:30:00-04:00,42.83000183105469,42.915000915527344,42.23500061035156,42.290000915527344,1135567,0.0,0.0
2023-03-28 09:30:00-04:00,42.0,42.579898834228516,41.75,42.2400016784668,1638920,0.0,0.0
2023-03-28 10:30:00-04:00,42.2400016784668,42.56999969482422,42.02000045776367,42.2599983215332,895768,0.0,0.0
2023-03-28 11:30:00-04:00,42.26499938964844,42.34000015258789,41.737998962402344,41.7599983215332,696729,0.0,0.0
2023-03-28 12:30:00-04:00,41.7598991394043,41.849998474121094,41.630001068115234,41.810001373291016,497368,0.0,0.0
2023-03-28 13:30:00-04:00,41.810001373291016,41.82109832763672,41.459999084472656,41.7400016784668,492248,0.0,0.0
2023-03-28 14:30:00-04:00,41.72999954223633,42.04499816894531,41.650001525878906,41.810001373291016,522331,0.0,0.0
2023-03-28 15:30:00-04:00,41.81999969482422,42.029998779296875,41.752498626708984,41.849998474121094,935040,0.0,0.0
2023-03-29 09:30:00-04:00,42.5099983215332,43.11000061035156,41.9900016784668,42.61000061035156,1672644,0.0,0.0
2023-03-29 10:30:00-04:00,42.619998931884766,42.69499969482422,42.165000915527344,42.48500061035156,1108832,0.0,0.0
2023-03-29 11:30:00-04:00,42.4900016784668,42.86000061035156,42.47999954223633,42.79999923706055,733594,0.0,0.0
2023-03-29 12:30:00-04:00,42.79999923706055,42.849998474121094,42.35499954223633,42.63999938964844,433938,0.0,0.0
2023-03-29 13:30:00-04:00,42.64500045776367,43.049598693847656,42.54999923706055,42.970001220703125,693997,0.0,0.0
2023-03-29 14:30:00-04:00,42.97999954223633,43.349998474121094,42.96500015258789,43.04999923706055,995010,0.0,0.0
2023-03-29 15:30:00-04:00,43.04999923706055,43.189998626708984,42.904998779296875,43.01499938964844,876092,0.0,0.0
2023-03-30 09:30:00-04:00,43.63999938964844,44.09000015258789,43.150001525878906,43.95000076293945,2022450,0.0,0.0
2023-03-30 10:30:00-04:00,43.959999084472656,44.040000915527344,43.560001373291016,43.61000061035156,895584,0.0,0.0
2023-03-30 11:30:00-04:00,43.599998474121094,43.709999084472656,43.20500183105469,43.58000183105469,625387,0.0,0.0
2023-03-30 12:30:00-04:00,43.58000183105469,43.69990158081055,43.279998779296875,43.319698333740234,536658,0.0,0.0
2023-03-30 13:30:00-04:00,43.33000183105469,43.345001220703125,42.69499969482422,43.099700927734375,1252390,0.0,0.0
2023-03-30 14:30:00-04:00,43.11000061035156,43.13999938964844,42.779998779296875,42.96500015258789,943403,0.0,0.0
2023-03-30 15:30:00-04:00,42.96500015258789,43.15999984741211,42.93000030517578,43.119998931884766,714070,0.0,0.0
2023-03-31 09:30:00-04:00,43.16999816894531,44.41999816894531,42.779998779296875,44.334999084472656,1796500,0.0,0.0
2023-03-31 10:30:00-04:00,44.331600189208984,44.81990051269531,44.25,44.6349983215332,1439446,0.0,0.0
2023-03-31 11:30:00-04:00,44.63990020751953,44.90999984741211,44.560001373291016,44.69499969482422,743695,0.0,0.0
2023-03-31 12:30:00-04:00,44.70000076293945,44.880001068115234,44.619998931884766,44.69499969482422,642435,0.0,0.0
2023-03-31 13:30:00-04:00,44.70000076293945,44.77000045776367,44.570701599121094,44.685001373291016,524402,0.0,0.0
2023-03-31 14:30:00-04:00,44.680198669433594,44.939998626708984,44.609901428222656,44.904998779296875,736797,0.0,0.0
2023-03-31 15:30:00-04:00,44.900001525878906,45.10499954223633,44.68000030517578,44.98500061035156,1567079,0.0,0.0
2023-04-03 09:30:00-04:00,44.45000076293945,45.4900016784668,44.279998779296875,44.749900817871094,2873021,0.0,0.0
2023-04-03 10:30:00-04:00,44.7599983215332,45.0,44.273799896240234,44.73500061035156,1107910,0.0,0.0
2023-04-03 11:30:00-04:00,44.720001220703125,45.34000015258789,44.61000061035156,45.17150115966797,1005618,0.0,0.0
2023-04-03 12:30:00-04:00,45.18000030517578,45.56999969482422,45.11000061035156,45.18000030517578,1182944,0.0,0.0
2023-04-03 13:30:00-04:00,45.189998626708984,45.79999923706055,45.15999984741211,45.79240036010742,894090,0.0,0.0
2023-04-03 14:30:00-04:00,45.79990005493164,46.220001220703125,45.689998626708984,46.080101013183594,1701706,0.0,0.0
2023-04-03 15:30:00-04:00,46.084999084472656,46.5,46.06999969482422,46.41999816894531,1803787,0.0,0.0
2023-04-04 09:30:00-04:00,46.72999954223633,47.650001525878906,45.900001525878906,46.06660079956055,4737824,0.0,0.0
2023-04-04 10:30:00-04:00,46.06999969482422,46.720001220703125,45.900001525878906,46.650001525878906,1815657,0.0,0.0
2023-04-04 11:30:00-04:00,46.619998931884766,47.0099983215332,46.111000061035156,46.375,1397718,0.0,0.0
2023-04-04 12:30:00-04:00,46.375,46.4900016784668,45.65999984741211,46.130001068115234,994902,0.0,0.0
2023-04-04 13:30:00-04:00,46.150001525878906,46.310001373291016,45.869998931884766,46.02989959716797,713885,0.0,0.0
2023-04-04 14:30:00-04:00,46.02000045776367,46.29999923706055,45.959999084472656,46.26499938964844,681565,0.0,0.0
2023-04-04 15:30:00-04:00,46.26499938964844,46.540000915527344,46.23500061035156,46.31999969482422,1591760,0.0,0.0
2023-04-05 09:30:00-04:00,45.52000045776367,46.05699920654297,44.86000061035156,44.8849983215332,1975936,0.0,0.0
2023-04-05 10:30:00-04:00,44.8849983215332,45.209999084472656,44.33000183105469,44.95869827270508,1452128,0.0,0.0
2023-04-05 11:30:00-04:00,44.959999084472656,45.41999816894531,44.959999084472656,45.40879821777344,954408,0.0,0.0
2023-04-05 12:30:00-04:00,45.400001525878906,45.689998626708984,45.29159927368164,45.35169982910156,601012,0.0,0.0
2023-04-05 13:30:00-04:00,45.349998474121094,45.470001220703125,44.91999816894531,44.95000076293945,694212,0.0,0.0
2023-04-05 14:30:00-04:00,44.93000030517578,45.290000915527344,44.91999816894531,45.04499816894531,592341,0.0,0.0
2023-04-05 15:30:00-04:00,45.04499816894531,45.45000076293945,45.024898529052734,45.380001068115234,909822,0.0,0.0
2023-04-06 09:30:00-04:00,44.86000061035156,45.83000183105469,44.41999816894531,45.5099983215332,1945806,0.0,0.0
2023-04-06 10:30:00-04:00,45.49150085449219,46.220001220703125,45.47999954223633,46.119998931884766,1247811,0.0,0.0
2023-04-06 11:30:00-04:00,46.130001068115234,46.40999984741211,46.022300720214844,46.27000045776367,1003897,0.0,0.0
2023-04-06 12:30:00-04:00,46.27000045776367,46.310001373291016,46.02000045776367,46.220001220703125,617081,0.0,0.0
2023-04-06 13:30:00-04:00,46.2400016784668,46.349998474121094,46.05440139770508,46.279998779296875,502423,0.0,0.0
2023-04-06 14:30:00-04:00,46.279998779296875,46.290000915527344,45.9900016784668,46.13999938964844,626647,0.0,0.0
2023-04-06 15:30:00-04:00,46.150001525878906,46.20000076293945,45.935001373291016,46.20000076293945,835726,0.0,0.0
2023-04-10 09:30:00-04:00,45.33000183105469,45.5,44.439998626708984,44.970001220703125,2536603,0.0,0.0
2023-04-10 10:30:00-04:00,44.97999954223633,45.689998626708984,44.87770080566406,45.56999969482422,1529573,0.0,0.0
2023-04-10 11:30:00-04:00,45.599998474121094,45.63999938964844,45.040000915527344,45.15999984741211,777702,0.0,0.0
2023-04-10 12:30:00-04:00,45.154998779296875,45.9900016784668,45.1150016784668,45.97999954223633,892549,0.0,0.0
2023-04-10 13:30:00-04:00,45.9900016784668,46.29999923706055,45.79059982299805,46.2400016784668,852847,0.0,0.0
2023-04-10 14:30:00-04:00,46.2400016784668,46.310001373291016,46.040000915527344,46.130001068115234,766457,0.0,0.0
2023-04-10 15:30:00-04:00,46.130001068115234,46.47999954223633,46.08000183105469,46.435001373291016,998090,0.0,0.0
2023-04-11 09:30:00-04:00,46.65999984741211,46.9900016784668,45.775001525878906,46.119998931884766,1580584,0.0,0.0
2023-04-11 10:30:00-04:00,46.130001068115234,46.18000030517578,45.56999969482422,45.758399963378906,901529,0.0,0.0
2023-04-11 11:30:00-04:00,45.7599983215332,46.05500030517578,45.57500076293945,45.849998474121094,672345,0.0,0.0
2023-04-11 12:30:00-04:00,45.8494987487793,46.246299743652344,45.65999984741211,46.23419952392578,872235,0.0,0.0
2023-04-11 13:30:00-04:00,46.2400016784668,46.36000061035156,45.99879837036133,46.189998626708984,567783,0.0,0.0
2023-04-11 14:30:00-04:00,46.19499969482422,46.33000183105469,46.084999084472656,46.310001373291016,442748,0.0,0.0
2023-04-11 15:30:00-04:00,46.31999969482422,46.34000015258789,46.0,46.05580139160156,649769,0.0,0.0
2023-04-12 09:30:00-04:00,47.04999923706055,47.650001525878906,45.47330093383789,46.18000030517578,3608693,0.0,0.0
2023-04-12 10:30:00-04:00,46.20000076293945,46.2599983215332,45.06990051269531,45.40999984741211,1309626,0.0,0.0
2023-04-12 11:30:00-04:00,45.41999816894531,46.060001373291016,45.33000183105469,45.8650016784668,1045451,0.0,0.0
2023-04-12 12:30:00-04:00,45.8650016784668,45.94499969482422,45.564998626708984,45.74620056152344,481102,0.0,0.0
2023-04-12 13:30:00-04:00,45.7599983215332,45.970001220703125,45.47439956665039,45.5,675886,0.0,0.0
2023-04-12 14:30:00-04:00,45.494998931884766,45.79999923706055,45.400001525878906,45.43000030517578,604198,0.0,0.0
2023-04-12 15:30:00-04:00,45.43000030517578,45.56999969482422,45.15999984741211,45.20000076293945,910788,0.0,0.0
2023-04-13 09:30:00-04:00,45.76499938964844,46.900001525878906,45.56999969482422,46.540000915527344,2370480,0.0,0.0
2023-04-13 10:30:00-04:00,46.540000915527344,46.709999084472656,46.290000915527344,46.40999984741211,1073556,0.0,0.0
2023-04-13 11:30:00-04:00,46.40999984741211,46.70000076293945,46.290000915527344,46.52000045776367,711432,0.0,0.0
2023-04-13 12:30:00-04:00,46.510501861572266,46.510501861572266,46.099998474121094,46.34000015258789,587913,0.0,0.0
2023-04-13 13:30:00-04:00,46.34000015258789,46.380001068115234,46.03499984741211,46.05500030517578,568475,0.0,0.0
2023-04-13 14:30:00-04:00,46.05500030517578,46.060001373291016,45.779998779296875,45.93000030517578,699823,0.0,0.0
2023-04-13 15:30:00-04:00,45.93000030517578,45.98500061035156,45.6150016784668,45.68000030517578,811359,0.0,0.0
2023-04-14 09:30:00-04:00,45.400001525878906,46.119998931884766,44.959999084472656,45.04999923706055,1583439,0.0,0.0
2023-04-14 10:30:00-04:00,45.060001373291016,45.54100036621094,44.939998626708984,45.279998779296875,700737,0.0,0.0
2023-04-14 11:30:00-04:00,45.279998779296875,45.400001525878906,44.9900016784668,45.39500045776367,603626,0.0,0.0
2023-04-14 12:30:00-04:00,45.369998931884766,45.429901123046875,45.04999923706055,45.220001220703125,407720,0.0,0.0
2023-04-14 13:30:00-04:00,45.209999084472656,45.51499938964844,45.119998931884766,45.47999954223633,614480,0.0,0.0
2023-04-14 14:30:00-04:00,45.4900016784668,45.650001525878906,45.375,45.61159896850586,790982,0.0,0.0
2023-04-14 15:30:00-04:00,45.61000061035156,45.810001373291016,45.54840087890625,45.70000076293945,872523,0.0,0.0
2023-04-17 09:30:00-04:00,40.040000915527344,41.0,39.79999923706055,40.06999969482422,10757110,0.0,0.0
2023-04-17 10:30:00-04:00,40.060001373291016,40.43000030517578,39.130001068115234,40.3849983215332,6357526,0.0,0.0
2023-04-17 11:30:00-04:00,40.3849983215332,40.689998626708984,39.9296989440918,40.310001373291016,4267486,0.0,0.0
2023-04-17 12:30:00-04:00,40.31010055541992,40.540000915527344,40.040000915527344,40.224998474121094,2694378,0.0,0.0
2023-04-17 13:30:00-04:00,40.224998474121094,40.540000915527344,39.93000030517578,40.14500045776367,2782227,0.0,0.0
2023-04-17 14:30:00-04:00,40.14500045776367,40.29990005493164,40.060001373291016,40.200801849365234,2225086,0.0,0.0
2023-04-17 15:30:00-04:00,40.20500183105469,40.4900016784668,40.0099983215332,40.21009826660156,3641577,0.0,0.0
2023-04-18 09:30:00-04:00,40.5099983215332,40.779998779296875,39.88999938964844,40.20880126953125,3648317,0.0,0.0
2023-04-18 10:30:00-04:00,40.20000076293945,40.45500183105469,40.06999969482422,40.435001373291016,1495004,0.0,0.0
2023-04-18 11:30:00-04:00,40.439998626708984,40.599998474121094,40.31999969482422,40.57500076293945,971889,0.0,0.0
2023-04-18 12:30:00-04:00,40.58000183105469,40.599998474121094,40.334999084472656,40.38999938964844,667099,0.0,0.0
2023-04-18 13:30:00-04:00,40.380001068115234,41.09000015258789,40.31999969482422,41.00189971923828,1334538,0.0,0.0
2023-04-18 14:30:00-04:00,41.005001068115234,41.06999969482422,40.72999954223633,40.85499954223633,1361557,0.0,0.0
2023-04-18 15:30:00-04:00,40.849998474121094,40.90999984741211,40.625,40.810001373291016,1332589,0.0,0.0
2023-04-19 09:30:00-04:00,40.400001525878906,40.82500076293945,40.02000045776367,40.47999954223633,1978142,0.0,0.0
2023-04-19 10:30:00-04:00,40.47999954223633,40.65999984741211,40.220001220703125,40.459999084472656,953064,0.0,0.0
2023-04-19 11:30:00-04:00,40.46500015258789,41.54499816894531,40.369998931884766,41.499900817871094,1492592,0.0,0.0
2023-04-19 12:30:00-04:00,41.5,41.58000183105469,41.310001373291016,41.400001525878906,950433,0.0,0.0
2023-04-19 13:30:00-04:00,41.39939880371094,41.5,40.93259811401367,41.275001525878906,1131214,0.0,0.0
2023-04-19 14:30:00-04:00,41.27920150756836,41.40999984741211,41.180198669433594,41.32870101928711,703420,0.0,0.0
2023-04-19 15:30:00-04:00,41.310001373291016,41.349998474121094,41.0,41.09000015258789,979269,0.0,0.0
2023-04-20 09:30:00-04:00,40.5,41.869998931884766,40.47999954223633,41.61000061035156,1619876,0.0,0.0
2023-04-20 10:30:00-04:00,41.619998931884766,41.810001373291016,41.25,41.439998626708984,1045656,0.0,0.0
2023-04-20 11:30:00-04:00,41.439998626708984,41.7400016784668,41.27000045776367,41.68989944458008,582097,0.0,0.0
2023-04-20 12:30:00-04:00,41.689998626708984,41.9900016784668,41.66999816894531,41.849998474121094,980858,0.0,0.0
2023-04-20 13:30:00-04:00,41.849998474121094,41.8650016784668,41.220001220703125,41.290000915527344,777683,0.0,0.0
2023-04-20 14:30:00-04:00,41.28499984741211,41.38999938964844,40.959999084472656,40.9995002746582,722755,0.0,0.0
2023-04-20 15:30:00-04:00,41.02000045776367,41.34000015258789,40.93000030517578,41.29999923706055,1382352,0.0,0.0
2023-04-21 09:30:00-04:00,41.20000076293945,41.810001373291016,41.040000915527344,41.38999938964844,1804489,0.0,0.0
2023-04-21 10:30:00-04:00,41.399898529052734,41.48500061035156,40.97999954223633,41.180198669433594,1377087,0.0,0.0
2023-04-21 11:30:00-04:00,41.18000030517578,41.32500076293945,41.0,41.0,665735,0.0,0.0
2023-04-21 12:30:00-04:00,41.0,41.040000915527344,40.72999954223633,40.77050018310547,615937,0.0,0.0
2023-04-21 13:30:00-04:00,40.779998779296875,40.959999084472656,40.71500015258789,40.724998474121094,669793,0.0,0.0
2023-04-21 14:30:00-04:00,40.720001220703125,40.90999984741211,40.69499969482422,40.75,724130,0.0,0.0
2023-04-21 15:30:00-04:00,40.755001068115234,40.79999923706055,40.619998931884766,40.70000076293945,1100033,0.0,0.0
2023-04-24 09:30:00-04:00,40.38999938964844,40.790000915527344,39.529998779296875,39.58000183105469,1863713,0.0,0.0
2023-04-24 10:30:00-04:00,39.580101013183594,39.66999816894531,38.5099983215332,38.70000076293945,2239289,0.0,0.0
2023-04-24 11:30:00-04:00,38.70000076293945,38.95000076293945,38.689998626708984,38.8650016784668,926876,0.0,0.0
2023-04-24 12:30:00-04:00,38.8650016784668,39.26900100708008,38.7599983215332,38.8650016784668,1583224,0.0,0.0
2023-04-24 13:30:00-04:00,38.86000061035156,38.970001220703125,38.709999084472656,38.744998931884766,1014860,0.0,0.0
2023-04-24 14:30:00-04:00,38.744998931884766,38.8390998840332,38.54999923706055,38.68000030517578,1224541,0.0,0.0
2023-04-24 15:30:00-04:00,38.67499923706055,39.09000015258789,38.619998931884766,39.04999923706055,1851452,0.0,0.0
2023-04-25 09:30:00-04:00,38.61000061035156,38.970001220703125,37.941200256347656,38.04999923706055,2514253,0.0,0.0
2023-04-25 10:30:00-04:00,38.04499816894531,38.244998931884766,37.81999969482422,37.875,1214653,0.0,0.0
2023-04-25 11:30:00-04:00,37.87030029296875,38.01900100708008,37.7599983215332,37.81010055541992,896662,0.0,0.0
2023-04-25 12:30:00-04:00,37.82500076293945,37.93000030517578,37.630001068115234,37.75,813402,0.0,0.0
2023-04-25 13:30:00-04:00,37.7400016784668,37.77000045776367,37.4379997253418,37.529998779296875,738183,0.0,0.0
2023-04-25 14:30:00-04:00,37.529998779296875,37.94499969482422,37.52000045776367,37.7400016784668,1038028,0.0,0.0
2023-04-25 15:30:00-04:00,37.744998931884766,37.91999816894531,37.560001373291016,37.58000183105469,1186946,0.0,0.0
2023-04-26 09:30:00-04:00,38.0,38.029998779296875,36.474998474121094,36.65999984741211,2430168,0.0,0.0
2023-04-26 10:30:00-04:00,36.654998779296875,36.880001068115234,36.31999969482422,36.6150016784668,1435207,0.0,0.0
2023-04-26 11:30:00-04:00,36.6150016784668,36.70500183105469,36.22999954223633,36.244998931884766,1140673,0.0,0.0
2023-04-26 12:30:00-04:00,36.244998931884766,36.41999816894531,36.10499954223633,36.1349983215332,1032123,0.0,0.0
2023-04-26 13:30:00-04:00,36.1349983215332,36.20000076293945,35.900001525878906,35.92499923706055,1269740,0.0,0.0
2023-04-26 14:30:00-04:00,35.92499923706055,36.02000045776367,35.630001068115234,35.775001525878906,1231881,0.0,0.0
2023-04-26 15:30:00-04:00,35.775001525878906,35.83000183105469,35.4900016784668,35.75,1603307,0.0,0.0
2023-04-27 09:30:00-04:00,36.279998779296875,36.36000061035156,35.18000030517578,35.189998626708984,2005212,0.0,0.0
2023-04-27 10:30:00-04:00,35.189998626708984,35.52000045776367,35.15800094604492,35.38010025024414,1059917,0.0,0.0
2023-04-27 11:30:00-04:00,35.369998931884766,35.83000183105469,35.21630096435547,35.769901275634766,1064478,0.0,0.0
2023-04-27 12:30:00-04:00,35.76499938964844,35.880001068115234,35.349998474121094,35.5099983215332,904430,0.0,0.0
2023-04-27 13:30:00-04:00,35.52000045776367,35.595001220703125,35.36000061035156,35.52000045776367,850911,0.0,0.0
2023-04-27 14:30:00-04:00,35.52000045776367,35.619998931884766,35.349998474121094,35.57500076293945,860700,0.0,0.0
2023-04-27 15:30:00-04:00,35.56800079345703,35.70989990234375,35.435001373291016,35.540000915527344,1293033,0.0,0.0
2023-04-28 09:30:00-04:00,35.04999923706055,35.494998931884766,34.52000045776367,35.25,1809146,0.0,0.0
2023-04-28 10:30:00-04:00,35.25,35.459999084472656,35.029998779296875,35.279998779296875,987167,0.0,0.0
2023-04-28 11:30:00-04:00,35.28499984741211,35.380001068115234,35.150001525878906,35.220001220703125,571590,0.0,0.0
2023-04-28 12:30:00-04:00,35.224998474121094,35.52000045776367,35.224998474121094,35.459999084472656,630552,0.0,0.0
2023-04-28 13:30:00-04:00,35.45000076293945,35.560001373291016,35.310001373291016,35.470001220703125,499939,0.0,0.0
2023-04-28 14:30:00-04:00,35.47999954223633,35.7400016784668,35.4109992980957,35.6150016784668,699474,0.0,0.0
2023-04-28 15:30:00-04:00,35.6150016784668,35.6349983215332,35.45500183105469,35.59000015258789,1144098,0.0,0.0
2023-05-01 09:30:00-04:00,35.5099983215332,36.43000030517578,35.33000183105469,36.154998779296875,1736617,0.0,0.0
2023-05-01 10:30:00-04:00,36.150001525878906,36.45000076293945,35.970001220703125,36.04999923706055,850108,0.0,0.0
2023-05-01 11:30:00-04:00,36.04999923706055,36.138999938964844,35.830101013183594,36.029998779296875,779215,0.0,0.0
2023-05-01 12:30:00-04:00,36.025001525878906,36.5099983215332,36.025001525878906,36.2400016784668,731982,0.0,0.0
2023-05-01 13:30:00-04:00,36.2400016784668,36.31990051269531,35.88999938964844,35.90869903564453,652163,0.0,0.0
2023-05-01 14:30:00-04:00,35.904998779296875,36.05500030517578,35.77000045776367,36.04999923706055,676456,0.0,0.0
2023-05-01 15:30:00-04:00,36.04999923706055,36.150001525878906,35.91999816894531,36.02000045776367,1074031,0.0,0.0
2023-05-02 09:30:00-04:00,35.400001525878906,35.71099853515625,34.525001525878906,34.650001525878906,1559855,0.0,0.0
2023-05-02 10:30:00-04:00,34.630001068115234,34.665000915527344,34.43000030517578,34.6150016784668,1002663,0.0,0.0
2023-05-02 11:30:00-04:00,34.595001220703125,34.875,34.5099983215332,34.790000915527344,702787,0.0,0.0
2023-05-02 12:30:00-04:00,34.79499816894531,34.849998474121094,34.46500015258789,34.47999954223633,980652,0.0,0.0
2023-05-02 13:30:00-04:00,34.48500061035156,34.73030090332031,34.40999984741211,34.47999954223633,775717,0.0,0.0
2023-05-02 14:30:00-04:00,34.474998474121094,34.69499969482422,34.45880126953125,34.654998779296875,818586,0.0,0.0
2023-05-02 15:30:00-04:00,34.650001525878906,34.68000030517578,34.380001068115234,34.45209884643555,945957,0.0,0.0
2023-05-03 09:30:00-04:00,34.54999923706055,34.790000915527344,34.099998474121094,34.334999084472656,1146469,0.0,0.0
2023-05-03 10:30:00-04:00,34.334999084472656,34.84000015258789,34.31999969482422,34.65999984741211,834199,0.0,0.0
2023-05-03 11:30:00-04:00,34.650001525878906,34.650001525878906,34.330501556396484,34.54880142211914,516625,0.0,0.0
2023-05-03 12:30:00-04:00,34.55009841918945,34.775001525878906,34.400001525878906,34.74140167236328,377839,0.0,0.0
2023-05-03 13:30:00-04:00,34.75,35.17959976196289,34.58000183105469,35.0098991394043,608603,0.0,0.0
2023-05-03 14:30:00-04:00,35.02000045776367,35.310001373291016,34.52000045776367,34.525001525878906,1366773,0.0,0.0
2023-05-03 15:30:00-04:00,34.525001525878906,34.55500030517578,34.189998626708984,34.220001220703125,1346380,0.0,0.0
2023-05-04 09:30:00-04:00,34.275001525878906,34.52000045776367,33.75,33.81999969482422,1215487,0.0,0.0
2023-05-04 10:30:00-04:00,33.810001373291016,34.21500015258789,33.70289993286133,33.959999084472656,626019,0.0,0.0
2023-05-04 11:30:00-04:00,33.95000076293945,34.040000915527344,33.81999969482422,34.02180099487305,796297,0.0,0.0
2023-05-04 12:30:00-04:00,34.02000045776367,34.185001373291016,33.720001220703125,34.119998931884766,857870,0.0,0.0
2023-05-04 13:30:00-04:00,34.119998931884766,34.309898376464844,34.06999969482422,34.20000076293945,727419,0.0,0.0
2023-05-04 14:30:00-04:00,34.189998626708984,34.43989944458008,34.15999984741211,34.40999984741211,642354,0.0,0.0
2023-05-04 15:30:00-04:00,34.40999984741211,34.60499954223633,34.33000183105469,34.47999954223633,1151845,0.0,0.0
2023-05-05 09:30:00-04:00,35.13999938964844,35.15999984741211,34.599998474121094,34.88140106201172,1012132,0.0,0.0
2023-05-05 10:30:00-04:00,34.8849983215332,35.150001525878906,34.5099983215332,34.72999954223633,977587,0.0,0.0
2023-05-05 11:30:00-04:00,34.72999954223633,35.0,34.58000183105469,34.95000076293945,587308,0.0,0.0
2023-05-05 12:30:00-04:00,34.94499969482422,35.099998474121094,34.91999816894531,35.09000015258789,486796,0.0,0.0
2023-05-05 13:30:00-04:00,35.095001220703125,35.16999816894531,34.96500015258789,35.1150016784668,471665,0.0,0.0
2023-05-05 14:30:00-04:00,35.10499954223633,35.18000030517578,34.96500015258789,35.04999923706055,536939,0.0,0.0
2023-05-05 15:30:00-04:00,35.05500030517578,35.22999954223633,35.025001525878906,35.04499816894531,1009845,0.0,0.0
2023-05-08 09:30:00-04:00,36.13999938964844,37.06999969482422,35.880001068115234,35.95000076293945,2753038,0.0,0.0
2023-05-08 10:30:00-04:00,35.95000076293945,36.52000045776367,35.95000076293945,36.00979995727539,1230866,0.0,0.0
2023-05-08 11:30:00-04:00,35.994998931884766,36.2400016784668,35.970001220703125,36.11000061035156,831109,0.0,0.0
2023-05-08 12:30:00-04:00,36.12009811401367,36.220001220703125,35.95320129394531,36.084999084472656,670136,0.0,0.0
2023-05-08 13:30:00-04:00,36.09000015258789,36.15999984741211,35.76100158691406,36.03499984741211,810784,0.0,0.0
2023-05-08 14:30:00-04:00,36.025001525878906,36.52000045776367,35.974998474121094,36.310001373291016,885262,0.0,0.0
2023-05-08 15:30:00-04:00,36.334999084472656,36.540000915527344,36.25,36.27000045776367,1433593,0.0,0.0
2023-05-09 09:30:00-04:00,35.720001220703125,36.64899826049805,35.70000076293945,36.470001220703125,2324437,0.0,0.0
2023-05-09 10:30:00-04:00,36.470001220703125,36.77000045776367,36.31999969482422,36.3650016784668,1749584,0.0,0.0
2023-05-09 11:30:00-04:00,36.380001068115234,36.64500045776367,36.19499969482422,36.279998779296875,1246611,0.0,0.0
2023-05-09 12:30:00-04:00,36.275001525878906,36.52000045776367,36.20000076293945,36.31999969482422,1084436,0.0,0.0
2023-05-09 13:30:00-04:00,36.310001373291016,36.61000061035156,36.2599983215332,36.48500061035156,1244690,0.0,0.0
2023-05-09 14:30:00-04:00,36.4900016784668,36.609100341796875,36.349998474121094,36.480098724365234,1110105,0.0,0.0
2023-05-09 15:30:00-04:00,36.48500061035156,36.5,36.15999984741211,36.18000030517578,2772599,0.0,0.0
2023-05-10 09:30:00-04:00,37.33000183105469,38.7400016784668,36.11000061035156,38.435001373291016,11329123,0.0,0.0
2023-05-10 10:30:00-04:00,38.422000885009766,39.2400016784668,37.849998474121094,37.922000885009766,3268805,0.0,0.0
2023-05-10 11:30:00-04:00,37.93000030517578,38.69499969482422,37.8400993347168,38.675201416015625,2063497,0.0,0.0
2023-05-10 12:30:00-04:00,38.65999984741211,39.130001068115234,38.56999969482422,38.61000061035156,1750656,0.0,0.0
2023-05-10 13:30:00-04:00,38.599998474121094,39.619998931884766,38.4900016784668,39.29990005493164,2169956,0.0,0.0
2023-05-10 14:30:00-04:00,39.310001373291016,39.77000045776367,39.189998626708984,39.415000915527344,2170937,0.0,0.0
2023-05-10 15:30:00-04:00,39.40999984741211,39.487098693847656,38.810001373291016,38.880001068115234,3423457,0.0,0.0
2023-05-11 09:30:00-04:00,40.52000045776367,41.619998931884766,40.150001525878906,40.31999969482422,5222462,0.0,0.0
2023-05-11 10:30:00-04:00,40.310001373291016,40.349998474121094,39.650001525878906,39.69900131225586,2079619,0.0,0.0
2023-05-11 11:30:00-04:00,39.70000076293945,40.25,39.689998626708984,39.97129821777344,1375856,0.0,0.0
2023-05-11 12:30:00-04:00,39.970001220703125,40.349998474121094,39.86009979248047,40.0099983215332,1546939,0.0,0.0
2023-05-11 13:30:00-04:00,40.0,40.01499938964844,39.54999923706055,39.900001525878906,1259203,0.0,0.0
2023-05-11 14:30:00-04:00,39.9010009765625,40.154998779296875,39.88999938964844,39.97999954223633,1043616,0.0,0.0
2023-05-11 15:30:00-04:00,39.97999954223633,39.9900016784668,39.77000045776367,39.869998931884766,1576866,0.0,0.0
2023-05-12 09:30:00-04:00,39.40999984741211,39.989200592041016,39.150001525878906,39.869998931884766,2115199,0.0,0.0
2023-05-12 10:30:00-04:00,39.86000061035156,40.22999954223633,39.65999984741211,39.80500030517578,1435865,0.0,0.0
2023-05-12 11:30:00-04:00,39.79999923706055,39.86000061035156,39.0,39.07099914550781,744673,0.0,0.0
2023-05-12 12:30:00-04:00,39.06999969482422,39.209999084472656,38.790000915527344,39.060001373291016,647688,0.0,0.0
2023-05-12 13:30:00-04:00,39.060001373291016,39.13990020751953,38.6349983215332,38.689998626708984,715509,0.0,0.0
2023-05-12 14:30:00-04:00,38.689998626708984,38.95500183105469,38.58000183105469,38.95000076293945,793482,0.0,0.0
2023-05-12 15:30:00-04:00,38.95000076293945,39.397499084472656,38.94499969482422,39.36000061035156,1668606,0.0,0.0
2023-05-15 09:30:00-04:00,39.16999816894531,39.16999816894531,37.959999084472656,38.130001068115234,1663864,0.0,0.0
2023-05-15 10:30:00-04:00,38.130001068115234,38.72169876098633,37.95000076293945,38.41999816894531,1145084,0.0,0.0
2023-05-15 11:30:00-04:00,38.43000030517578,38.59989929199219,38.25,38.44499969482422,937479,0.0,0.0
2023-05-15 12:30:00-04:00,38.44499969482422,39.13999938964844,38.439998626708984,38.86000061035156,1039308,0.0,0.0
2023-05-15 13:30:00-04:00,38.8650016784668,39.14080047607422,38.724998474121094,38.93000030517578,717784,0.0,0.0
2023-05-15 14:30:00-04:00,38.91999816894531,39.08000183105469,38.814998626708984,38.83000183105469,751319,0.0,0.0
2023-05-15 15:30:00-04:00,38.83000183105469,39.0,38.80500030517578,38.959999084472656,976124,0.0,0.0
2023-05-16 09:30:00-04:00,38.900001525878906,38.96229934692383,38.13999938964844,38.630001068115234,1911152,0.0,0.0
2023-05-16 10:30:00-04:00,38.63999938964844,38.720001220703125,38.39099884033203,38.630001068115234,860429,0.0,0.0
2023-05-16 11:30:00-04:00,38.630001068115234,38.97800064086914,38.41999816894531,38.84000015258789,707952,0.0,0.0
2023-05-16 12:30:00-04:00,38.84000015258789,39.079898834228516,38.689998626708984,38.939998626708984,506702,0.0,0.0
2023-05-16 13:30:00-04:00,38.93000030517578,39.18000030517578,38.83000183105469,39.15010070800781,571367,0.0,0.0
2023-05-16 14:30:00-04:00,39.15999984741211,39.66999816894531,39.08000183105469,39.5099983215332,1061798,0.0,0.0
2023-05-16 15:30:00-04:00,39.505001068115234,39.525001525878906,39.16999816894531,39.2400016784668,903886,0.0,0.0
2023-05-17 09:30:00-04:00,39.88999938964844,40.91999816894531,39.65999984741211,39.900001525878906,2591333,0.0,0.0
2023-05-17 10:30:00-04:00,39.900001525878906,40.560001373291016,39.849998474121094,40.540000915527344,1167067,0.0,0.0
2023-05-17 11:30:00-04:00,40.540000915527344,40.817901611328125,40.50379943847656,40.75450134277344,856106,0.0,0.0
2023-05-17 12:30:00-04:00,40.75,41.275001525878906,40.70000076293945,41.2599983215332,1148804,0.0,0.0
2023-05-17 13:30:00-04:00,41.269901275634766,42.18000030517578,41.16999816894531,42.12770080566406,2833683,0.0,0.0
2023-05-17 14:30:00-04:00,42.125,42.13999938964844,41.63999938964844,41.95159912109375,1681044,0.0,0.0
2023-05-17 15:30:00-04:00,41.95000076293945,41.9900016784668,41.69499969482422,41.81999969482422,1628389,0.0,0.0
2023-05-18 09:30:00-04:00,41.970001220703125,42.54999923706055,41.390098571777344,42.439998626708984,1903362,0.0,0.0
2023-05-18 10:30:00-04:00,42.41999816894531,42.63999938964844,42.16999816894531,42.405799865722656,1302085,0.0,0.0
2023-05-18 11:30:00-04:00,42.41999816894531,42.630001068115234,42.06999969482422,42.09000015258789,975547,0.0,0.0
2023-05-18 12:30:00-04:00,42.09000015258789,42.679901123046875,42.06999969482422,42.27000045776367,781378,0.0,0.0
2023-05-18 13:30:00-04:00,42.27000045776367,42.38999938964844,41.689998626708984,42.0099983215332,845245,0.0,0.0
2023-05-18 14:30:00-04:00,42.010501861572266,42.07500076293945,41.78499984741211,41.970001220703125,1046018,0.0,0.0
2023-05-18 15:30:00-04:00,41.97990036010742,42.29499816894531,41.95000076293945,42.060001373291016,1005044,0.0,0.0
2023-05-19 09:30:00-04:00,40.97999954223633,41.040000915527344,39.959999084472656,40.01499938964844,2827483,0.0,0.0
2023-05-19 10:30:00-04:00,40.02000045776367,40.29999923706055,39.70000076293945,40.025001525878906,1896979,0.0,0.0
2023-05-19 11:30:00-04:00,40.01319885253906,40.029998779296875,39.400001525878906,39.40840148925781,1039695,0.0,0.0
2023-05-19 12:30:00-04:00,39.400001525878906,39.56999969482422,39.21500015258789,39.352500915527344,951805,0.0,0.0
2023-05-19 13:30:00-04:00,39.36000061035156,39.52000045776367,39.25,39.43000030517578,774329,0.0,0.0
2023-05-19 14:30:00-04:00,39.42499923706055,39.849998474121094,39.29999923706055,39.82659912109375,1086756,0.0,0.0
2023-05-19 15:30:00-04:00,39.834999084472656,40.09000015258789,39.790000915527344,40.0099983215332,1753549,0.0,0.0
2023-05-22 09:30:00-04:00,40.380001068115234,40.65999984741211,39.7400016784668,40.07500076293945,2048972,0.0,0.0
2023-05-22 10:30:00-04:00,40.07500076293945,40.48500061035156,40.06800079345703,40.15999984741211,1302892,0.0,0.0
2023-05-22 11:30:00-04:00,40.154998779296875,40.185001373291016,39.5099983215332,39.61000061035156,1048180,0.0,0.0
2023-05-22 12:30:00-04:00,39.61000061035156,39.77790069580078,39.375,39.42499923706055,831538,0.0,0.0
2023-05-22 13:30:00-04:00,39.41999816894531,39.53499984741211,39.224998474121094,39.417598724365234,954044,0.0,0.0
2023-05-22 14:30:00-04:00,39.415000915527344,39.697898864746094,39.369998931884766,39.55500030517578,1267517,0.0,0.0
2023-05-22 15:30:00-04:00,39.560001373291016,39.560001373291016,39.380001068115234,39.4900016784668,1767466,0.0,0.0
2023-05-23 09:30:00-04:00,39.16999816894531,40.20000076293945,39.16999816894531,39.97999954223633,1924257,0.0,0.0
2023-05-23 10:30:00-04:00,39.974998474121094,40.709999084472656,39.90999984741211,40.69499969482422,974127,0.0,0.0
2023-05-23 11:30:00-04:00,40.69499969482422,40.91999816894531,40.435001373291016,40.46009826660156,990554,0.0,0.0
2023-05-23 12:30:00-04:00,40.459999084472656,40.459999084472656,39.810001373291016,39.849300384521484,1062747,0.0,0.0
2023-05-23 13:30:00-04:00,39.83000183105469,39.88999938964844,39.349998474121094,39.47999954223633,833865,0.0,0.0
2023-05-23 14:30:00-04:00,39.47999954223633,39.665000915527344,39.381900787353516,39.650001525878906,733680,0.0,0.0
2023-05-23 15:30:00-04:00,39.65010070800781,39.72990036010742,39.54999923706055,39.65999984741211,847136,0.0,0.0
2023-05-24 09:30:00-04:00,38.7599983215332,39.78839874267578,38.65999984741211,39.47010040283203,1681377,0.0,0.0
2023-05-24 10:30:00-04:00,39.45759963989258,40.1349983215332,39.45759963989258,40.05500030517578,1081520,0.0,0.0
2023-05-24 11:30:00-04:00,40.060001373291016,40.16999816894531,39.79999923706055,39.90999984741211,724101,0.0,0.0
2023-05-24 12:30:00-04:00,39.90999984741211,39.9900016784668,39.7400016784668,39.904998779296875,575183,0.0,0.0
2023-05-24 13:30:00-04:00,39.90999984741211,40.25,39.86000061035156,40.15999984741211,502867,0.0,0.0
2023-05-24 14:30:00-04:00,40.16999816894531,40.52000045776367,40.154998779296875,40.459999084472656,774892,0.0,0.0
2023-05-24 15:30:00-04:00,40.459999084472656,40.619998931884766,40.42060089111328,40.52000045776367,952332,0.0,0.0
2023-05-25 09:30:00-04:00,40.790000915527344,40.875,39.32099914550781,39.665000915527344,1672101,0.0,0.0
2023-05-25 10:30:00-04:00,39.66999816894531,39.72990036010742,39.22999954223633,39.2599983215332,667540,0.0,0.0
2023-05-25 11:30:00-04:00,39.25,39.59989929199219,39.16999816894531,39.494998931884766,889922,0.0,0.0
2023-05-25 12:30:00-04:00,39.4900016784668,39.53990173339844,39.029998779296875,39.224998474121094,456283,0.0,0.0
2023-05-25 13:30:00-04:00,39.224998474121094,39.679901123046875,39.19499969482422,39.53499984741211,503713,0.0,0.0
2023-05-25 14:30:00-04:00,39.53010177612305,39.58000183105469,39.30500030517578,39.54499816894531,471922,0.0,0.0
2023-05-25 15:30:00-04:00,39.54999923706055,39.63999938964844,39.45000076293945,39.5099983215332,937438,0.0,0.0
2023-05-26 09:30:00-04:00,39.400001525878906,40.13999938964844,39.380001068115234,40.11000061035156,1034399,0.0,0.0
2023-05-26 10:30:00-04:00,40.119998931884766,40.400001525878906,39.9900016784668,40.04999923706055,645244,0.0,0.0
2023-05-26 11:30:00-04:00,40.040000915527344,40.27000045776367,39.93000030517578,40.22999954223633,390203,0.0,0.0
2023-05-26 12:30:00-04:00,40.23500061035156,40.41999816894531,40.20000076293945,40.279998779296875,443392,0.0,0.0
2023-05-26 13:30:00-04:00,40.279998779296875,40.47999954223633,40.2400016784668,40.38999938964844,372694,0.0,0.0
2023-05-26 14:30:00-04:00,40.400001525878906,40.494998931884766,40.290000915527344,40.29499816894531,485768,0.0,0.0
2023-05-26 15:30:00-04:00,40.290000915527344,40.329898834228516,40.01499938964844,40.13999938964844,687449,0.0,0.0
2023-05-30 09:30:00-04:00,40.529998779296875,40.95000076293945,39.36000061035156,39.40999984741211,2172482,0.0,0.0
2023-05-30 10:30:00-04:00,39.40999984741211,39.709999084472656,39.29999923706055,39.630001068115234,1006950,0.0,0.0
2023-05-30 11:30:00-04:00,39.625,40.027000427246094,39.540000915527344,39.54999923706055,852257,0.0,0.0
2023-05-30 12:30:00-04:00,39.540000915527344,39.84000015258789,39.5099983215332,39.564998626708984,423155,0.0,0.0
2023-05-30 13:30:00-04:00,39.54999923706055,39.755001068115234,39.42499923706055,39.67499923706055,417953,0.0,0.0
2023-05-30 14:30:00-04:00,39.67499923706055,39.875,39.61000061035156,39.83000183105469,726020,0.0,0.0
2023-05-30 15:30:00-04:00,39.834999084472656,39.900001525878906,39.58000183105469,39.584999084472656,1003926,0.0,0.0
2023-05-31 09:30:00-04:00,39.34000015258789,40.40999984741211,39.25,40.222999572753906,1491925,0.0,0.0
2023-05-31 10:30:00-04:00,40.2400016784668,40.84000015258789,40.099998474121094,40.38999938964844,1058558,0.0,0.0
2023-05-31 11:30:00-04:00,40.380001068115234,40.810001373291016,40.279998779296875,40.54180145263672,755137,0.0,0.0
2023-05-31 12:30:00-04:00,40.540000915527344,40.86000061035156,40.470001220703125,40.793701171875,765450,0.0,0.0
2023-05-31 13:30:00-04:00,40.79999923706055,41.619998931884766,40.7599983215332,41.59000015258789,1530064,0.0,0.0
2023-05-31 14:30:00-04:00,41.58000183105469,41.84980010986328,41.43000030517578,41.7400016784668,1423157,0.0,0.0
2023-05-31 15:30:00-04:00,41.75,42.0,41.67499923706055,41.852901458740234,1879945,0.0,0.0
2023-06-01 09:30:00-04:00,41.619998931884766,42.899898529052734,41.29999923706055,42.58000183105469,2543569,0.0,0.0
2023-06-01 10:30:00-04:00,42.58000183105469,42.75,42.18000030517578,42.18000030517578,977903,0.0,0.0
2023-06-01 11:30:00-04:00,42.185001373291016,42.70000076293945,42.070098876953125,42.625,746365,0.0,0.0
2023-06-01 12:30:00-04:00,42.630001068115234,42.84000015258789,42.5099983215332,42.56999969482422,460959,0.0,0.0
2023-06-01 13:30:00-04:00,42.56999969482422,42.86000061035156,42.540000915527344,42.75,397639,0.0,0.0
2023-06-01 14:30:00-04:00,42.749000549316406,42.79999923706055,42.345001220703125,42.36000061035156,389749,0.0,0.0
2023-06-01 15:30:00-04:00,42.35900115966797,42.37300109863281,42.02000045776367,42.13999938964844,778841,0.0,0.0
2023-06-02 09:30:00-04:00,42.310001373291016,42.9900016784668,40.75,41.08000183105469,2367782,0.0,0.0
2023-06-02 10:30:00-04:00,41.07500076293945,41.20000076293945,40.849998474121094,40.88999938964844,1028771,0.0,0.0
2023-06-02 11:30:00-04:00,40.880001068115234,41.099998474121094,40.44499969482422,40.54209899902344,926601,0.0,0.0
2023-06-02 12:30:00-04:00,40.54999923706055,41.08000183105469,40.540000915527344,41.04999923706055,901201,0.0,0.0
2023-06-02 13:30:00-04:00,41.064998626708984,41.06840133666992,40.52000045776367,40.560001373291016,845739,0.0,0.0
2023-06-02 14:30:00-04:00,40.56999969482422,40.67499923706055,40.29999923706055,40.345001220703125,1163998,0.0,0.0
2023-06-02 15:30:00-04:00,40.345001220703125,40.43000030517578,40.2599983215332,40.36000061035156,1598599,0.0,0.0
2023-06-05 09:30:00-04:00,40.209999084472656,40.65999984741211,39.5,39.595001220703125,1532351,0.0,0.0
2023-06-05 10:30:00-04:00,39.59000015258789,40.70000076293945,39.51729965209961,40.66999816894531,1045316,0.0,0.0
2023-06-05 11:30:00-04:00,40.665000915527344,40.97999954223633,40.439998626708984,40.970001220703125,812965,0.0,0.0
2023-06-05 12:30:00-04:00,40.970001220703125,41.13999938964844,40.72999954223633,40.7599983215332,561252,0.0,0.0
2023-06-05 13:30:00-04:00,40.7599983215332,40.880001068115234,40.369998931884766,40.38990020751953,502465,0.0,0.0
2023-06-05 14:30:00-04:00,40.38999938964844,40.689998626708984,40.15999984741211,40.64500045776367,930905,0.0,0.0
2023-06-05 15:30:00-04:00,40.63999938964844,40.79999923706055,40.53499984741211,40.779998779296875,1269774,0.0,0.0
2023-06-06 09:30:00-04:00,40.69499969482422,41.619998931884766,40.599998474121094,41.06010055541992,1833353,0.0,0.0
2023-06-06 10:30:00-04:00,41.04999923706055,41.5099983215332,40.95000076293945,41.15999984741211,1048701,0.0,0.0
2023-06-06 11:30:00-04:00,41.189998626708984,41.630001068115234,41.120601654052734,41.390098571777344,789184,0.0,0.0
2023-06-06 12:30:00-04:00,41.39789962768555,41.432701110839844,40.959999084472656,41.20000076293945,712882,0.0,0.0
2023-06-06 13:30:00-04:00,41.20500183105469,41.4900016784668,41.11000061035156,41.314998626708984,646185,0.0,0.0
2023-06-06 14:30:00-04:00,41.316200256347656,41.404998779296875,41.255001068115234,41.32500076293945,527551,0.0,0.0
2023-06-06 15:30:00-04:00,41.320098876953125,41.42499923706055,41.14500045776367,41.310001373291016,1022914,0.0,0.0
2023-06-07 09:30:00-04:00,40.18000030517578,40.97999954223633,39.790000915527344,40.25,2943249,0.0,0.0
2023-06-07 10:30:00-04:00,40.25,40.459999084472656,39.75,40.13140106201172,1173729,0.0,0.0
2023-06-07 11:30:00-04:00,40.13990020751953,40.279998779296875,39.50270080566406,39.540000915527344,848475,0.0,0.0
2023-06-07 12:30:00-04:00,39.540000915527344,39.77000045776367,39.220001220703125,39.2400016784668,793816,0.0,0.0
2023-06-07 13:30:00-04:00,39.22999954223633,39.22999954223633,38.755001068115234,39.040000915527344,980983,0.0,0.0
2023-06-07 14:30:00-04:00,39.040000915527344,39.06999969482422,38.630001068115234,38.70000076293945,1018887,0.0,0.0
2023-06-07 15:30:00-04:00,38.70000076293945,38.755001068115234,38.349998474121094,38.63999938964844,1538207,0.0,0.0
2023-06-08 09:30:00-04:00,38.189998626708984,38.72999954223633,37.619998931884766,38.45000076293945,1959674,0.0,0.0
2023-06-08 10:30:00-04:00,38.459999084472656,38.790000915527344,38.314998626708984,38.529998779296875,989644,0.0,0.0
2023-06-08 11:30:00-04:00,38.52000045776367,38.65010070800781,38.36069869995117,38.58000183105469,591081,0.0,0.0
2023-06-08 12:30:00-04:00,38.58000183105469,38.7510986328125,38.415000915527344,38.7510986328125,530555,0.0,0.0
2023-06-08 13:30:00-04:00,38.755001068115234,38.869998931884766,38.34000015258789,38.45000076293945,609941,0.0,0.0
2023-06-08 14:30:00-04:00,38.44499969482422,38.83000183105469,38.44499969482422,38.71500015258789,508137,0.0,0.0
2023-06-08 15:30:00-04:00,38.709999084472656,38.90999984741211,38.650001525878906,38.880001068115234,713290,0.0,0.0
2023-06-09 09:30:00-04:00,39.130001068115234,40.08000183105469,39.08000183105469,39.900001525878906,1716042,0.0,0.0
2023-06-09 10:30:00-04:00,39.90999984741211,40.029998779296875,38.790000915527344,38.79100036621094,903325,0.0,0.0
2023-06-09 11:30:00-04:00,38.779998779296875,38.96989822387695,38.470001220703125,38.54999923706055,790518,0.0,0.0
2023-06-09 12:30:00-04:00,38.55619812011719,38.77000045776367,38.400001525878906,38.73500061035156,441705,0.0,0.0
2023-06-09 13:30:00-04:00,38.72999954223633,38.90010070800781,38.68000030517578,38.7400016784668,412297,0.0,0.0
2023-06-09 14:30:00-04:00,38.72999954223633,38.7400016784668,38.41999816894531,38.42499923706055,477400,0.0,0.0
2023-06-09 15:30:00-04:00,38.42499923706055,38.70000076293945,38.42499923706055,38.68000030517578,857546,0.0,0.0
2023-06-12 09:30:00-04:00,38.959999084472656,39.34000015258789,38.220001220703125,39.31999969482422,1353391,0.0,0.0
2023-06-12 10:30:00-04:00,39.33000183105469,39.369998931884766,38.470001220703125,38.53010177612305,1049889,0.0,0.0
2023-06-12 11:30:00-04:00,38.540000915527344,39.084999084472656,38.47999954223633,38.970001220703125,800219,0.0,0.0
2023-06-12 12:30:00-04:00,38.97999954223633,39.279998779296875,38.7599983215332,38.779998779296875,808305,0.0,0.0
2023-06-12 13:30:00-04:00,38.779998779296875,38.919898986816406,38.72999954223633,38.779998779296875,472959,0.0,0.0
2023-06-12 14:30:00-04:00,38.77000045776367,39.04499816894531,38.65999984741211,39.005001068115234,862983,0.0,0.0
2023-06-12 15:30:00-04:00,39.0099983215332,39.095001220703125,38.92499923706055,38.95000076293945,867970,0.0,0.0
2023-06-13 09:30:00-04:00,40.220001220703125,40.4900016784668,38.86000061035156,38.939998626708984,2795128,0.0,0.0
2023-06-13 10:30:00-04:00,38.939998626708984,39.290000915527344,38.755001068115234,39.19499969482422,1115630,0.0,0.0
2023-06-13 11:30:00-04:00,39.19499969482422,39.419898986816406,39.040000915527344,39.20000076293945,762734,0.0,0.0
2023-06-13 12:30:00-04:00,39.20000076293945,39.8760986328125,39.189998626708984,39.7400016784668,1137786,0.0,0.0
2023-06-13 13:30:00-04:00,39.7400016784668,39.88999938964844,39.44499969482422,39.52000045776367,807581,0.0,0.0
2023-06-13 14:30:00-04:00,39.5099983215332,39.79990005493164,39.41999816894531,39.689998626708984,607172,0.0,0.0
2023-06-13 15:30:00-04:00,39.70000076293945,40.279998779296875,39.66999816894531,40.279998779296875,1586329,0.0,0.0
2023-06-14 09:30:00-04:00,40.0,40.07500076293945,39.0099983215332,39.119998931884766,1741639,0.0,0.0
2023-06-14 10:30:00-04:00,39.119998931884766,39.54999923706055,39.11000061035156,39.439998626708984,1068318,0.0,0.0
2023-06-14 11:30:00-04:00,39.45000076293945,39.709999084472656,39.29999923706055,39.66999816894531,768816,0.0,0.0
2023-06-14 12:30:00-04:00,39.67499923706055,39.974998474121094,39.33000183105469,39.39500045776367,779154,0.0,0.0
2023-06-14 13:30:00-04:00,39.38999938964844,39.564998626708984,38.880001068115234,39.02000045776367,970776,0.0,0.0
2023-06-14 14:30:00-04:00,39.0099983215332,39.880001068115234,38.93000030517578,39.779998779296875,971386,0.0,0.0
2023-06-14 15:30:00-04:00,39.779998779296875,39.974998474121094,39.709999084472656,39.915000915527344,1509288,0.0,0.0
2023-06-15 09:30:00-04:00,39.689998626708984,40.279998779296875,39.22999954223633,40.27289962768555,1277460,0.0,0.0
2023-06-15 10:30:00-04:00,40.27000045776367,40.70500183105469,40.029998779296875,40.68989944458008,1160609,0.0,0.0
2023-06-15 11:30:00-04:00,40.68000030517578,40.77149963378906,40.25,40.36000061035156,1153751,0.0,0.0
2023-06-15 12:30:00-04:00,40.36000061035156,40.40999984741211,40.15999984741211,40.349998474121094,644344,0.0,0.0
2023-06-15 13:30:00-04:00,40.349998474121094,40.584999084472656,40.27000045776367,40.39500045776367,700846,0.0,0.0
2023-06-15 14:30:00-04:00,40.400001525878906,40.68000030517578,40.39500045776367,40.647499084472656,701406,0.0,0.0
2023-06-15 15:30:00-04:00,40.650001525878906,40.8849983215332,40.599998474121094,40.630001068115234,1144871,0.0,0.0
2023-06-16 09:30:00-04:00,40.880001068115234,42.349998474121094,40.83000183105469,42.229698181152344,2513421,0.0,0.0
2023-06-16 10:30:00-04:00,42.22999954223633,42.59989929199219,41.521400451660156,41.58000183105469,2443761,0.0,0.0
2023-06-16 11:30:00-04:00,41.584999084472656,42.262699127197266,41.529998779296875,42.2400016784668,907282,0.0,0.0
2023-06-16 12:30:00-04:00,42.22999954223633,42.86000061035156,42.220001220703125,42.599998474121094,1614997,0.0,0.0
2023-06-16 13:30:00-04:00,42.61000061035156,42.724998474121094,41.970001220703125,42.04240036010742,1431725,0.0,0.0
2023-06-16 14:30:00-04:00,42.040000915527344,42.150001525878906,41.599998474121094,41.630001068115234,1294115,0.0,0.0
2023-06-16 15:30:00-04:00,41.63999938964844,42.0,41.625,41.81999969482422,1912160,0.0,0.0
2023-06-20 09:30:00-04:00,41.0,42.34000015258789,40.59000015258789,40.650001525878906,2541509,0.0,0.0
2023-06-20 10:30:00-04:00,40.63999938964844,40.97999954223633,40.51499938964844,40.859100341796875,1263910,0.0,0.0
2023-06-20 11:30:00-04:00,40.849998474121094,40.97999954223633,40.630001068115234,40.959999084472656,598996,0.0,0.0
2023-06-20 12:30:00-04:00,40.959999084472656,41.40999984741211,40.88249969482422,41.334999084472656,1083437,0.0,0.0
2023-06-20 13:30:00-04:00,41.32500076293945,41.529998779296875,41.27000045776367,41.51499938964844,736610,0.0,0.0
2023-06-20 14:30:00-04:00,41.52000045776367,41.52989959716797,41.33000183105469,41.51499938964844,779338,0.0,0.0
2023-06-20 15:30:00-04:00,41.52000045776367,41.88999938964844,41.49440002441406,41.760101318359375,1737433,0.0,0.0
2023-06-21 09:30:00-04:00,41.599998474121094,41.77000045776367,39.369998931884766,39.70090103149414,3168077,0.0,0.0
2023-06-21 10:30:00-04:00,39.70000076293945,39.90999984741211,38.95000076293945,39.06169891357422,2426884,0.0,0.0
2023-06-21 11:30:00-04:00,39.060001373291016,39.209999084472656,38.349998474121094,38.45000076293945,1858344,0.0,0.0
2023-06-21 12:30:00-04:00,38.45000076293945,38.630001068115234,38.0099983215332,38.119998931884766,1653504,0.0,0.0
2023-06-21 13:30:00-04:00,38.119998931884766,38.58000183105469,38.02000045776367,38.43880081176758,1407946,0.0,0.0
2023-06-21 14:30:00-04:00,38.43989944458008,39.11980056762695,38.40999984741211,38.73500061035156,1606592,0.0,0.0
2023-06-21 15:30:00-04:00,38.72999954223633,38.86000061035156,38.459999084472656,38.61000061035156,1345433,0.0,0.0
2023-06-22 09:30:00-04:00,38.47999954223633,39.0,38.20500183105469,38.4900016784668,1878627,0.0,0.0
2023-06-22 10:30:00-04:00,38.4900016784668,38.540000915527344,37.78990173339844,38.15999984741211,1576903,0.0,0.0
2023-06-22 11:30:00-04:00,38.150001525878906,38.849998474121094,38.11000061035156,38.7400016784668,1005163,0.0,0.0
2023-06-22 12:30:00-04:00,38.75,39.095001220703125,38.630401611328125,39.04999923706055,1091187,0.0,0.0
2023-06-22 13:30:00-04:00,39.05500030517578,39.257598876953125,38.970001220703125,39.220001220703125,672032,0.0,0.0
2023-06-22 14:30:00-04:00,39.209999084472656,39.369998931884766,39.0900993347168,39.112300872802734,617546,0.0,0.0
2023-06-22 15:30:00-04:00,39.11000061035156,39.20000076293945,39.029998779296875,39.1349983215332,841920,0.0,0.0
2023-06-23 09:30:00-04:00,38.44499969482422,38.72999954223633,37.52009963989258,37.59000015258789,1645221,0.0,0.0
2023-06-23 10:30:00-04:00,37.599998474121094,37.7400016784668,37.22999954223633,37.290000915527344,1242917,0.0,0.0
2023-06-23 11:30:00-04:00,37.28499984741211,37.95000076293945,37.189998626708984,37.900001525878906,1079512,0.0,0.0
2023-06-23 12:30:00-04:00,37.91999816894531,38.11000061035156,37.849998474121094,37.939998626708984,511981,0.0,0.0
2023-06-23 13:30:00-04:00,37.95000076293945,38.084999084472656,37.84299850463867,38.02000045776367,369438,0.0,0.0
2023-06-23 14:30:00-04:00,38.025001525878906,38.08000183105469,37.849998474121094,38.0,441952,0.0,0.0
2023-06-23 15:30:00-04:00,38.0099983215332,38.07500076293945,37.584999084472656,37.845001220703125,1079523,0.0,0.0
2023-06-26 09:30:00-04:00,37.630001068115234,38.709999084472656,37.59000015258789,38.54999923706055,1543481,0.0,0.0
2023-06-26 10:30:00-04:00,38.54999923706055,38.98500061035156,38.25,38.75,1373759,0.0,0.0
2023-06-26 11:30:00-04:00,38.7400016784668,39.02000045776367,38.62049865722656,38.88999938964844,1222955,0.0,0.0
2023-06-26 12:30:00-04:00,38.88999938964844,38.970001220703125,38.599998474121094,38.814998626708984,1045969,0.0,0.0
2023-06-26 13:30:00-04:00,38.81999969482422,39.0,38.78499984741211,38.82149887084961,680908,0.0,0.0
2023-06-26 14:30:00-04:00,38.81999969482422,39.42499923706055,38.81999969482422,39.20000076293945,1260248,0.0,0.0
2023-06-26 15:30:00-04:00,39.20000076293945,39.40999984741211,39.150001525878906,39.21500015258789,1264276,0.0,0.0
2023-06-27 09:30:00-04:00,39.79999923706055,41.61000061035156,39.470001220703125,41.472198486328125,3963732,0.0,0.0
2023-06-27 10:30:00-04:00,41.470001220703125,41.689998626708984,41.290000915527344,41.375,1797447,0.0,0.0
2023-06-27 11:30:00-04:00,41.369998931884766,41.470001220703125,41.0,41.459999084472656,1249487,0.0,0.0
2023-06-27 12:30:00-04:00,41.459999084472656,41.494998931884766,41.18000030517578,41.375,740145,0.0,0.0
2023-06-27 13:30:00-04:00,41.375,41.67499923706055,41.310001373291016,41.67499923706055,775938,0.0,0.0
2023-06-27 14:30:00-04:00,41.66999816894531,42.16999816894531,41.59000015258789,42.119998931884766,1373820,0.0,0.0
2023-06-27 15:30:00-04:00,42.1150016784668,42.18000030517578,41.790000915527344,41.81999969482422,1667025,0.0,0.0
2023-06-28 09:30:00-04:00,41.79999923706055,42.9900016784668,41.650001525878906,42.41999816894531,3251871,0.0,0.0
2023-06-28 10:30:00-04:00,42.42499923706055,42.699798583984375,41.91999816894531,42.029998779296875,989758,0.0,0.0
2023-06-28 11:30:00-04:00,42.060001373291016,42.25,41.619998931884766,42.095001220703125,1228094,0.0,0.0
2023-06-28 12:30:00-04:00,42.095001220703125,42.2400016784668,40.619998931884766,40.630001068115234,1754158,0.0,0.0
2023-06-28 13:30:00-04:00,40.630001068115234,40.86000061035156,40.029998779296875,40.029998779296875,1496198,0.0,0.0
2023-06-28 14:30:00-04:00,40.025001525878906,40.29999923706055,39.86000061035156,40.060001373291016,1306428,0.0,0.0
2023-06-28 15:30:00-04:00,40.04999923706055,40.15999984741211,39.939998626708984,40.040000915527344,1613201,0.0,0.0
2023-06-29 09:30:00-04:00,40.0,40.20000076293945,39.07149887084961,39.20000076293945,2027003,0.0,0.0
2023-06-29 10:30:00-04:00,39.20000076293945,39.5,39.050899505615234,39.29999923706055,1149204,0.0,0.0
2023-06-29 11:30:00-04:00,39.29999923706055,39.31999969482422,38.73099899291992,39.17499923706055,1352937,0.0,0.0
2023-06-29 12:30:00-04:00,39.18000030517578,39.52000045776367,39.120399475097656,39.400001525878906,761926,0.0,0.0
2023-06-29 13:30:00-04:00,39.3849983215332,39.41999816894531,38.849998474121094,39.27000045776367,676996,0.0,0.0
2023-06-29 14:30:00-04:00,39.26499938964844,39.33000183105469,38.900001525878906,39.11000061035156,1981197,0.0,0.0
2023-06-29 15:30:00-04:00,39.099998474121094,39.119998931884766,38.720001220703125,38.7400016784668,1395954,0.0,0.0
2023-06-30 09:30:00-04:00,39.880001068115234,41.3849983215332,39.779998779296875,41.13999938964844,4236466,0.0,0.0
2023-06-30 10:30:00-04:00,41.15999984741211,41.349998474121094,40.130001068115234,40.237998962402344,2031078,0.0,0.0
2023-06-30 11:30:00-04:00,40.22999954223633,40.630001068115234,40.119998931884766,40.529998779296875,827304,0.0,0.0
2023-06-30 12:30:00-04:00,40.53499984741211,40.88999938964844,40.345001220703125,40.525001525878906,831803,0.0,0.0
2023-06-30 13:30:00-04:00,40.525001525878906,40.69990158081055,40.4900016784668,40.540000915527344,641389,0.0,0.0
2023-06-30 14:30:00-04:00,40.54999923706055,40.68000030517578,40.185001373291016,40.23500061035156,831913,0.0,0.0
2023-06-30 15:30:00-04:00,40.2400016784668,40.310001373291016,40.130001068115234,40.29499816894531,1184792,0.0,0.0
2023-07-03 09:30:00-04:00,40.31999969482422,41.75,40.20000076293945,41.67499923706055,1680936,0.0,0.0
2023-07-03 10:30:00-04:00,41.65999984741211,42.130001068115234,41.439998626708984,42.08150100708008,1529656,0.0,0.0
2023-07-03 11:30:00-04:00,42.095001220703125,42.119998931884766,41.75,41.974998474121094,821407,0.0,0.0
2023-07-05 09:30:00-04:00,41.18000030517578,41.36000061035156,40.099998474121094,40.62990188598633,2611348,0.0,0.0
2023-07-05 10:30:00-04:00,40.619998931884766,41.279998779296875,40.619998931884766,40.83150100708008,2046881,0.0,0.0
2023-07-05 11:30:00-04:00,40.84000015258789,41.505001068115234,40.709999084472656,41.40999984741211,1094055,0.0,0.0
2023-07-05 12:30:00-04:00,41.404998779296875,41.5099983215332,41.09000015258789,41.38999938964844,733800,0.0,0.0
2023-07-05 13:30:00-04:00,41.380001068115234,41.80500030517578,41.27000045776367,41.78499984741211,979380,0.0,0.0
2023-07-05 14:30:00-04:00,41.78499984741211,42.16999816894531,41.68000030517578,42.154998779296875,1161513,0.0,0.0
2023-07-05 15:30:00-04:00,42.15999984741211,42.18000030517578,41.70000076293945,41.709999084472656,1270136,0.0,0.0
2023-07-06 09:30:00-04:00,40.90999984741211,41.400001525878906,40.15999984741211,40.25,2199559,0.0,0.0
2023-07-06 10:30:00-04:00,40.2400016784668,40.40999984741211,39.709999084472656,39.7599983215332,1281797,0.0,0.0
2023-07-06 11:30:00-04:00,39.7599983215332,40.07500076293945,39.65999984741211,39.91999816894531,744843,0.0,0.0
2023-07-06 12:30:00-04:00,39.91400146484375,40.1349983215332,39.84000015258789,39.869998931884766,517078,0.0,0.0
2023-07-06 13:30:00-04:00,39.875,40.0,39.790000915527344,39.880001068115234,483389,0.0,0.0
2023-07-06 14:30:00-04:00,39.8849983215332,39.935001373291016,39.77000045776367,39.86000061035156,504178,0.0,0.0
2023-07-06 15:30:00-04:00,39.849998474121094,40.029998779296875,39.72999954223633,39.97999954223633,1000929,0.0,0.0
2023-07-07 09:30:00-04:00,40.16999816894531,42.28990173339844,40.06999969482422,41.790000915527344,3670799,0.0,0.0
2023-07-07 10:30:00-04:00,41.78499984741211,42.09000015258789,41.2599983215332,41.349998474121094,1517648,0.0,0.0
2023-07-07 11:30:00-04:00,41.34000015258789,41.56999969482422,41.20000076293945,41.380001068115234,843876,0.0,0.0
2023-07-07 12:30:00-04:00,41.38999938964844,42.03010177612305,41.36000061035156,42.03010177612305,838589,0.0,0.0
2023-07-07 13:30:00-04:00,42.029998779296875,42.099998474121094,41.81999969482422,41.849998474121094,977208,0.0,0.0
2023-07-07 14:30:00-04:00,41.849998474121094,41.88990020751953,41.470001220703125,41.470001220703125,719115,0.0,0.0
2023-07-07 15:30:00-04:00,41.459999084472656,41.4900016784668,41.11000061035156,41.150001525878906,1189727,0.0,0.0
2023-07-10 09:30:00-04:00,41.0,41.5,40.129798889160156,41.27000045776367,1536888,0.0,0.0
2023-07-10 10:30:00-04:00,41.2599983215332,41.32889938354492,40.858699798583984,41.31999969482422,915963,0.0,0.0
2023-07-10 11:30:00-04:00,41.31959915161133,41.39500045776367,40.815101623535156,41.22999954223633,645856,0.0,0.0
2023-07-10 12:30:00-04:00,41.22959899902344,41.52000045776367,41.13999938964844,41.5099983215332,538768,0.0,0.0
2023-07-10 13:30:00-04:00,41.52000045776367,41.65999984741211,41.27000045776367,41.625,706626,0.0,0.0
2023-07-10 14:30:00-04:00,41.6150016784668,41.78929901123047,41.56999969482422,41.744998931884766,493784,0.0,0.0
2023-07-10 15:30:00-04:00,41.7400016784668,41.79499816894531,41.584999084472656,41.630001068115234,970785,0.0,0.0
2023-07-11 09:30:00-04:00,41.95000076293945,43.709999084472656,41.36000061035156,43.59000015258789,3988556,0.0,0.0
2023-07-11 10:30:00-04:00,43.58000183105469,44.58000183105469,43.54999923706055,44.275001525878906,3407191,0.0,0.0
2023-07-11 11:30:00-04:00,44.2599983215332,45.150001525878906,44.13999938964844,44.18000030517578,2620789,0.0,0.0
2023-07-11 12:30:00-04:00,44.189998626708984,44.349998474121094,43.90010070800781,44.1349983215332,1543661,0.0,0.0
2023-07-11 13:30:00-04:00,44.13999938964844,44.220001220703125,43.33000183105469,43.502601623535156,1921975,0.0,0.0
2023-07-11 14:30:00-04:00,43.5,43.749900817871094,43.25,43.73429870605469,1521375,0.0,0.0
2023-07-11 15:30:00-04:00,43.724998474121094,43.900001525878906,43.5099983215332,43.63999938964844,1465462,0.0,0.0
2023-07-12 09:30:00-04:00,44.04999923706055,44.04999923706055,42.520999908447266,42.91999816894531,4012536,0.0,0.0
2023-07-12 10:30:00-04:00,42.93000030517578,43.31999969482422,42.7400016784668,42.9900016784668,1872616,0.0,0.0
2023-07-12 11:30:00-04:00,42.989601135253906,43.209999084472656,42.27000045776367,43.20940017700195,3113352,0.0,0.0
2023-07-12 12:30:00-04:00,43.20000076293945,43.349998474121094,42.600101470947266,43.11000061035156,1605293,0.0,0.0
2023-07-12 13:30:00-04:00,43.099998474121094,43.58000183105469,43.04499816894531,43.439998626708984,1189309,0.0,0.0
2023-07-12 14:30:00-04:00,43.44499969482422,43.59000015258789,43.080101013183594,43.257999420166016,1301624,0.0,0.0
2023-07-12 15:30:00-04:00,43.2599983215332,43.540000915527344,43.25,43.470001220703125,1306238,0.0,0.0
2023-07-13 09:30:00-04:00,44.0,44.61899948120117,43.290000915527344,44.08000183105469,3412461,0.0,0.0
2023-07-13 10:30:00-04:00,44.08000183105469,44.470001220703125,43.83000183105469,44.189998626708984,1418365,0.0,0.0
2023-07-13 11:30:00-04:00,44.189998626708984,44.7400016784668,44.119998931884766,44.560001373291016,1102971,0.0,0.0
2023-07-13 12:30:00-04:00,44.54999923706055,44.7599983215332,44.41999816894531,44.57500076293945,789416,0.0,0.0
2023-07-13 13:30:00-04:00,44.560001373291016,44.630001068115234,44.209999084472656,44.220001220703125,916616,0.0,0.0
2023-07-13 14:30:00-04:00,44.224998474121094,44.27899932861328,43.83000183105469,43.97999954223633,914102,0.0,0.0
2023-07-13 15:30:00-04:00,43.97999954223633,44.439998626708984,43.95000076293945,44.29999923706055,1402458,0.0,0.0
2023-07-14 09:30:00-04:00,44.369998931884766,45.09000015258789,43.99100112915039,44.44990158081055,2324589,0.0,0.0
2023-07-14 10:30:00-04:00,44.439998626708984,44.4900016784668,43.380001068115234,43.66619873046875,1343971,0.0,0.0
2023-07-14 11:30:00-04:00,43.69499969482422,43.77000045776367,43.15999984741211,43.380001068115234,944939,0.0,0.0
2023-07-14 12:30:00-04:00,43.369998931884766,43.79999923706055,43.15010070800781,43.310001373291016,757232,0.0,0.0
2023-07-14 13:30:00-04:00,43.31999969482422,43.366600036621094,42.66999816894531,42.72999954223633,1020636,0.0,0.0
2023-07-14 14:30:00-04:00,42.7400016784668,42.83000183105469,42.45000076293945,42.6349983215332,1221482,0.0,0.0
2023-07-14 15:30:00-04:00,42.655399322509766,43.09000015258789,42.6349983215332,43.0,1469484,0.0,0.0
2023-07-17 09:30:00-04:00,43.0,43.71989822387695,41.81999969482422,43.5,1788587,0.0,0.0
2023-07-17 10:30:00-04:00,43.51900100708008,43.661800384521484,43.079898834228516,43.650001525878906,1031131,0.0,0.0
2023-07-17 11:30:00-04:00,43.650001525878906,43.849998474121094,43.55099868774414,43.619998931884766,560799,0.0,0.0
2023-07-17 12:30:00-04:00,43.6349983215332,43.9900016784668,43.599998474121094,43.97100067138672,466816,0.0,0.0
2023-07-17 13:30:00-04:00,43.97999954223633,44.279998779296875,43.95000076293945,44.209999084472656,615247,0.0,0.0
2023-07-17 14:30:00-04:00,44.209999084472656,44.59000015258789,44.11000061035156,44.540000915527344,833403,0.0,0.0
2023-07-17 15:30:00-04:00,44.529998779296875,44.54999923706055,44.36000061035156,44.487998962402344,1081787,0.0,0.0
2023-07-18 09:30:00-04:00,45.619998931884766,45.7400016784668,44.0099983215332,44.790000915527344,4268930,0.0,0.0
2023-07-18 10:30:00-04:00,44.79999923706055,45.38999938964844,44.52000045776367,44.90999984741211,1352793,0.0,0.0
2023-07-18 11:30:00-04:00,44.90999984741211,45.369998931884766,44.72999954223633,45.12649917602539,1002444,0.0,0.0
2023-07-18 12:30:00-04:00,45.125,45.18000030517578,44.79999923706055,45.1171989440918,573198,0.0,0.0
2023-07-18 13:30:00-04:00,45.119998931884766,45.5,44.95159912109375,45.410099029541016,870771,0.0,0.0
2023-07-18 14:30:00-04:00,45.402801513671875,45.810001373291016,45.20000076293945,45.78499984741211,913503,0.0,0.0
2023-07-18 15:30:00-04:00,45.790000915527344,45.810001373291016,45.400001525878906,45.560001373291016,1018329,0.0,0.0
2023-07-19 09:30:00-04:00,45.97999954223633,46.13999938964844,45.40999984741211,46.04999923706055,2219415,0.0,0.0
2023-07-19 10:30:00-04:00,46.042999267578125,46.25,45.630001068115234,45.880001068115234,1318291,0.0,0.0
2023-07-19 11:30:00-04:00,45.900001525878906,45.970001220703125,44.834999084472656,44.834999084472656,1374233,0.0,0.0
2023-07-19 12:30:00-04:00,44.84000015258789,44.880001068115234,44.43000030517578,44.5,1144771,0.0,0.0
2023-07-19 13:30:00-04:00,44.5,44.709999084472656,44.38999938964844,44.4900016784668,759014,0.0,0.0
2023-07-19 14:30:00-04:00,44.4900016784668,44.9900016784668,44.4900016784668,44.92250061035156,758651,0.0,0.0
2023-07-19 15:30:00-04:00,44.91999816894531,44.97999954223633,44.79100036621094,44.86000061035156,983825,0.0,0.0
2023-07-20 09:30:00-04:00,43.849998474121094,44.25,42.529998779296875,42.54990005493164,2064199,0.0,0.0
2023-07-20 10:30:00-04:00,42.54990005493164,42.724998474121094,42.0099983215332,42.5099983215332,1393041,0.0,0.0
2023-07-20 11:30:00-04:00,42.51139831542969,42.709999084472656,42.13999938964844,42.165000915527344,1022618,0.0,0.0
2023-07-20 12:30:00-04:00,42.18000030517578,42.189998626708984,41.66999816894531,41.790000915527344,1075157,0.0,0.0
2023-07-20 13:30:00-04:00,41.779998779296875,41.810001373291016,41.224998474121094,41.369998931884766,1373132,0.0,0.0
2023-07-20 14:30:00-04:00,41.380001068115234,41.54499816894531,40.83000183105469,40.880001068115234,1040559,0.0,0.0
2023-07-20 15:30:00-04:00,40.880001068115234,41.17499923706055,40.779998779296875,41.04499816894531,1897538,0.0,0.0
2023-07-21 09:30:00-04:00,41.380001068115234,41.91999816894531,40.77000045776367,40.869998931884766,1914343,0.0,0.0
2023-07-21 10:30:00-04:00,40.86000061035156,41.33000183105469,40.790000915527344,41.220001220703125,1153257,0.0,0.0
2023-07-21 11:30:00-04:00,41.209999084472656,41.224998474121094,40.65999984741211,40.68000030517578,683675,0.0,0.0
2023-07-21 12:30:00-04:00,40.68000030517578,40.904998779296875,40.68000030517578,40.84000015258789,513603,0.0,0.0
2023-07-21 13:30:00-04:00,40.83000183105469,40.90999984741211,40.689998626708984,40.732200622558594,638070,0.0,0.0
2023-07-21 14:30:00-04:00,40.7400016784668,40.88999938964844,40.54999923706055,40.685001373291016,715839,0.0,0.0
2023-07-21 15:30:00-04:00,40.685001373291016,40.709999084472656,40.45000076293945,40.599998474121094,1442347,0.0,0.0
2023-07-24 09:30:00-04:00,40.56999969482422,40.56999969482422,39.29999923706055,39.5099983215332,1806457,0.0,0.0
2023-07-24 10:30:00-04:00,39.51190185546875,39.90999984741211,39.130001068115234,39.59260177612305,1541527,0.0,0.0
2023-07-24 11:30:00-04:00,39.599998474121094,39.81999969482422,39.44499969482422,39.720001220703125,725361,0.0,0.0
2023-07-24 12:30:00-04:00,39.724998474121094,39.90999984741211,39.54999923706055,39.560001373291016,601179,0.0,0.0
2023-07-24 13:30:00-04:00,39.56999969482422,40.02000045776367,39.54999923706055,39.86000061035156,625225,0.0,0.0
2023-07-24 14:30:00-04:00,39.86000061035156,39.8650016784668,39.53499984741211,39.540000915527344,688888,0.0,0.0
2023-07-24 15:30:00-04:00,39.53499984741211,39.68000030517578,39.45000076293945,39.560001373291016,1100907,0.0,0.0
2023-07-25 09:30:00-04:00,39.56999969482422,40.26499938964844,39.56999969482422,40.20000076293945,1256482,0.0,0.0
2023-07-25 10:30:00-04:00,40.189998626708984,40.275001525878906,39.779998779296875,39.959999084472656,655493,0.0,0.0
2023-07-25 11:30:00-04:00,39.970001220703125,40.08000183105469,39.880001068115234,39.95000076293945,365778,0.0,0.0
2023-07-25 12:30:00-04:00,39.94499969482422,40.150001525878906,39.89400100708008,40.14870071411133,427106,0.0,0.0
2023-07-25 13:30:00-04:00,40.150001525878906,40.18000030517578,39.95000076293945,40.08789825439453,414967,0.0,0.0
2023-07-25 14:30:00-04:00,40.09000015258789,40.179901123046875,39.840999603271484,39.90999984741211,503067,0.0,0.0
2023-07-25 15:30:00-04:00,39.90999984741211,39.959999084472656,39.63999938964844,39.68000030517578,750957,0.0,0.0
2023-07-26 09:30:00-04:00,39.61000061035156,40.22999954223633,39.209999084472656,40.0099983215332,1112377,0.0,0.0
2023-07-26 10:30:00-04:00,39.97999954223633,40.02000045776367,39.470001220703125,39.470001220703125,563852,0.0,0.0
2023-07-26 11:30:00-04:00,39.470001220703125,39.779998779296875,39.43239974975586,39.68000030517578,363014,0.0,0.0
2023-07-26 12:30:00-04:00,39.68000030517578,40.040000915527344,39.63999938964844,39.974998474121094,313823,0.0,0.0
2023-07-26 13:30:00-04:00,39.970001220703125,40.060001373291016,39.68769836425781,39.720001220703125,395663,0.0,0.0
2023-07-26 14:30:00-04:00,39.716800689697266,40.18000030517578,39.654998779296875,39.959999084472656,624069,0.0,0.0
2023-07-26 15:30:00-04:00,39.95000076293945,40.099998474121094,39.845001220703125,39.959999084472656,581418,0.0,0.0
2023-07-27 09:30:00-04:00,40.88999938964844,40.930999755859375,39.435001373291016,39.45000076293945,1919070,0.0,0.0
2023-07-27 10:30:00-04:00,39.439998626708984,39.810001373291016,39.150001525878906,39.23429870605469,1430752,0.0,0.0
2023-07-27 11:30:00-04:00,39.2400016784668,39.380001068115234,38.93000030517578,39.16999816894531,1199749,0.0,0.0
2023-07-27 12:30:00-04:00,39.18000030517578,39.25,38.650001525878906,38.679901123046875,1137093,0.0,0.0
2023-07-27 13:30:00-04:00,38.66999816894531,38.71989822387695,38.1172981262207,38.130001068115234,853329,0.0,0.0
2023-07-27 14:30:00-04:00,38.130001068115234,38.25,37.61000061035156,38.03499984741211,1080211,0.0,0.0
2023-07-27 15:30:00-04:00,38.029998779296875,38.08000183105469,37.68000030517578,37.90999984741211,1186878,0.0,0.0
2023-07-28 09:30:00-04:00,38.70000076293945,39.15999984741211,38.25,38.62879943847656,1822175,0.0,0.0
2023-07-28 10:30:00-04:00,38.68000030517578,39.04999923706055,38.2599983215332,39.040000915527344,884478,0.0,0.0
2023-07-28 11:30:00-04:00,39.04059982299805,39.189998626708984,38.93190002441406,39.15999984741211,769132,0.0,0.0
2023-07-28 12:30:00-04:00,39.15999984741211,39.209999084472656,38.95000076293945,39.08000183105469,481714,0.0,0.0
2023-07-28 13:30:00-04:00,39.06999969482422,39.46500015258789,38.88999938964844,39.439998626708984,585563,0.0,0.0
2023-07-28 14:30:00-04:00,39.439998626708984,39.560001373291016,39.154998779296875,39.154998779296875,748865,0.0,0.0
2023-07-28 15:30:00-04:00,39.15999984741211,39.185001373291016,38.810001373291016,38.93000030517578,1316951,0.0,0.0
2023-07-31 09:30:00-04:00,39.119998931884766,39.5,38.88999938964844,39.099998474121094,1391512,0.0,0.0
2023-07-31 10:30:00-04:00,39.099998474121094,39.199100494384766,38.88999938964844,39.15999984741211,807871,0.0,0.0
2023-07-31 11:30:00-04:00,39.150001525878906,39.229000091552734,38.95500183105469,39.151798248291016,588192,0.0,0.0
2023-07-31 12:30:00-04:00,39.150001525878906,39.19499969482422,38.706600189208984,38.79999923706055,849701,0.0,0.0
2023-07-31 13:30:00-04:00,38.79999923706055,39.0,38.75,38.90999984741211,990545,0.0,0.0
2023-07-31 14:30:00-04:00,38.93000030517578,39.41999816894531,38.88999938964844,39.15999984741211,1050091,0.0,0.0
2023-07-31 15:30:00-04:00,39.13999938964844,39.279998779296875,38.869998931884766,39.27000045776367,1225961,0.0,0.0
2023-08-01 09:30:00-04:00,38.900001525878906,38.90999984741211,38.20009994506836,38.56999969482422,1342763,0.0,0.0
2023-08-01 10:30:00-04:00,38.560001373291016,38.994998931884766,38.5,38.67390060424805,546043,0.0,0.0
2023-08-01 11:30:00-04:00,38.68000030517578,38.970001220703125,38.630001068115234,38.70640182495117,547481,0.0,0.0
2023-08-01 12:30:00-04:00,38.70500183105469,39.16999816894531,38.665000915527344,39.040000915527344,677136,0.0,0.0
2023-08-01 13:30:00-04:00,39.03010177612305,39.415000915527344,39.0,39.289798736572266,556366,0.0,0.0
2023-08-01 14:30:00-04:00,39.290000915527344,39.4900016784668,39.20000076293945,39.43000030517578,470286,0.0,0.0
2023-08-01 15:30:00-04:00,39.43000030517578,39.47999954223633,39.310001373291016,39.43000030517578,883547,0.0,0.0
2023-08-02 09:30:00-04:00,38.38999938964844,38.38999938964844,37.400001525878906,37.68000030517578,3034353,0.0,0.0
2023-08-02 10:30:00-04:00,37.68000030517578,37.88999938964844,37.060001373291016,37.27000045776367,1331577,0.0,0.0
2023-08-02 11:30:00-04:00,37.279998779296875,37.439998626708984,36.599998474121094,36.90999984741211,1799521,0.0,0.0
2023-08-02 12:30:00-04:00,36.90999984741211,37.22999954223633,36.86249923706055,37.130001068115234,723145,0.0,0.0
2023-08-02 13:30:00-04:00,37.13990020751953,37.47999954223633,37.09000015258789,37.41999816894531,586888,0.0,0.0
2023-08-02 14:30:00-04:00,37.41999816894531,37.66999816894531,37.25,37.279998779296875,801230,0.0,0.0
2023-08-02 15:30:00-04:00,37.279998779296875,37.76499938964844,37.2599983215332,37.61000061035156,1230111,0.0,0.0
2023-08-03 09:30:00-04:00,37.45000076293945,37.470001220703125,36.755001068115234,36.80500030517578,2310555,0.0,0.0
2023-08-03 10:30:00-04:00,36.779998779296875,37.45500183105469,36.76499938964844,37.22999954223633,931418,0.0,0.0
2023-08-03 11:30:00-04:00,37.22999954223633,37.290000915527344,37.02000045776367,37.040000915527344,541929,0.0,0.0
2023-08-03 12:30:00-04:00,37.03499984741211,37.45000076293945,37.0099983215332,37.29999923706055,497472,0.0,0.0
2023-08-03 13:30:00-04:00,37.310001373291016,37.33000183105469,36.869998931884766,36.875,506722,0.0,0.0
2023-08-03 14:30:00-04:00,36.875,37.029998779296875,36.72010040283203,36.755001068115234,562534,0.0,0.0
2023-08-03 15:30:00-04:00,36.77000045776367,36.875,36.619998931884766,36.68000030517578,1524118,0.0,0.0
2023-08-04 09:30:00-04:00,37.95000076293945,38.70000076293945,37.40999984741211,37.63999938964844,2831793,0.0,0.0
2023-08-04 10:30:00-04:00,37.6349983215332,38.150001525878906,37.599998474121094,38.099998474121094,760943,0.0,0.0
2023-08-04 11:30:00-04:00,38.099998474121094,38.150001525878906,37.900001525878906,38.05500030517578,465484,0.0,0.0
2023-08-04 12:30:00-04:00,38.060001373291016,38.165000915527344,37.779998779296875,37.84000015258789,488363,0.0,0.0
2023-08-04 13:30:00-04:00,37.83000183105469,37.970001220703125,37.529998779296875,37.55889892578125,631948,0.0,0.0
2023-08-04 14:30:00-04:00,37.559898376464844,37.61000061035156,37.36000061035156,37.54499816894531,649230,0.0,0.0
2023-08-04 15:30:00-04:00,37.54999923706055,37.654998779296875,37.45500183105469,37.4900016784668,1240427,0.0,0.0
2023-08-07 09:30:00-04:00,37.56999969482422,37.56999969482422,36.70000076293945,37.3390007019043,1479832,0.0,0.0
2023-08-07 10:30:00-04:00,37.32500076293945,37.61000061035156,36.915000915527344,36.98500061035156,773873,0.0,0.0
2023-08-07 11:30:00-04:00,36.974998474121094,37.404998779296875,36.810001373291016,37.349998474121094,663554,0.0,0.0
2023-08-07 12:30:00-04:00,37.349998474121094,37.48500061035156,37.25,37.400001525878906,420720,0.0,0.0
2023-08-07 13:30:00-04:00,37.40999984741211,37.56999969482422,37.30500030517578,37.404998779296875,524844,0.0,0.0
2023-08-07 14:30:00-04:00,37.40999984741211,37.58000183105469,37.400901794433594,37.44499969482422,449854,0.0,0.0
2023-08-07 15:30:00-04:00,37.45000076293945,37.70000076293945,37.40999984741211,37.59000015258789,872691,0.0,0.0
2023-08-08 09:30:00-04:00,37.25,37.849998474121094,37.08000183105469,37.790000915527344,2369810,0.0,0.0
2023-08-08 10:30:00-04:00,37.779998779296875,37.84000015258789,37.314998626708984,37.625,1523707,0.0,0.0
2023-08-08 11:30:00-04:00,37.625,37.64500045776367,37.099998474121094,37.35499954223633,1140328,0.0,0.0
2023-08-08 12:30:00-04:00,37.36000061035156,37.474998474121094,37.09000015258789,37.334999084472656,1302179,0.0,0.0
2023-08-08 13:30:00-04:00,37.334999084472656,37.90999984741211,37.314998626708984,37.848201751708984,1208784,0.0,0.0
2023-08-08 14:30:00-04:00,37.84000015258789,38.029998779296875,37.63999938964844,37.901100158691406,2534345,0.0,0.0
2023-08-08 15:30:00-04:00,37.904998779296875,38.07500076293945,37.720001220703125,37.72999954223633,2536355,0.0,0.0
2023-08-09 09:30:00-04:00,32.439998626708984,32.52000045776367,29.68000030517578,30.420000076293945,21688963,0.0,0.0
2023-08-09 10:30:00-04:00,30.415000915527344,30.450000762939453,29.899999618530273,29.94499969482422,8350579,0.0,0.0
2023-08-09 11:30:00-04:00,29.94499969482422,30.1299991607666,29.90999984741211,30.05500030517578,4061789,0.0,0.0
2023-08-09 12:30:00-04:00,30.05500030517578,30.260000228881836,29.959999084472656,29.975000381469727,3130529,0.0,0.0
2023-08-09 13:30:00-04:00,29.975000381469727,30.059999465942383,29.309999465942383,29.344999313354492,5489811,0.0,0.0
2023-08-09 14:30:00-04:00,29.344999313354492,30.1200008392334,29.06999969482422,30.03499984741211,7229828,0.0,0.0
2023-08-09 15:30:00-04:00,30.030000686645508,30.139999389648438,29.204999923706055,29.450000762939453,6321198,0.0,0.0
2023-08-10 09:30:00-04:00,30.059999465942383,31.170000076293945,30.0,30.495800018310547,9066774,0.0,0.0
2023-08-10 10:30:00-04:00,30.5,30.770000457763672,30.0049991607666,30.459999084472656,3223650,0.0,0.0
2023-08-10 11:30:00-04:00,30.459999084472656,30.709400177001953,30.079999923706055,30.68000030517578,2344033,0.0,0.0
2023-08-10 12:30:00-04:00,30.686899185180664,30.829999923706055,30.13010025024414,30.22949981689453,1752773,0.0,0.0
2023-08-10 13:30:00-04:00,30.209999084472656,30.354999542236328,30.030000686645508,30.21500015258789,1760949,0.0,0.0
2023-08-10 14:30:00-04:00,30.21500015258789,30.54990005493164,30.174999237060547,30.389999389648438,2059782,0.0,0.0
2023-08-10 15:30:00-04:00,30.389999389648438,30.670000076293945,30.3799991607666,30.610000610351562,2296562,0.0,0.0
2023-08-11 09:30:00-04:00,30.1200008392334,30.299999237060547,29.640399932861328,30.110000610351562,4011837,0.0,0.0
2023-08-11 10:30:00-04:00,30.114999771118164,30.280000686645508,29.875,30.040000915527344,1916913,0.0,0.0
2023-08-11 11:30:00-04:00,30.04990005493164,30.139999389648438,29.934999465942383,30.06999969482422,1160853,0.0,0.0
2023-08-11 12:30:00-04:00,30.06999969482422,30.125,29.714000701904297,29.809999465942383,1247327,0.0,0.0
2023-08-11 13:30:00-04:00,29.809999465942383,30.084999084472656,29.809999465942383,30.030000686645508,1059120,0.0,0.0
2023-08-11 14:30:00-04:00,30.030000686645508,30.05500030517578,29.90999984741211,29.979999542236328,1078100,0.0,0.0
2023-08-11 15:30:00-04:00,29.975000381469727,30.010000228881836,29.780000686645508,29.829999923706055,1907019,0.0,0.0
2023-08-14 09:30:00-04:00,29.57979965209961,30.1299991607666,29.530000686645508,30.03499984741211,2753947,0.0,0.0
2023-08-14 10:30:00-04:00,30.040000915527344,30.170000076293945,29.809999465942383,30.024999618530273,1964344,0.0,0.0
2023-08-14 11:30:00-04:00,30.024999618530273,30.3799991607666,29.989999771118164,30.2012996673584,1316052,0.0,0.0
2023-08-14 12:30:00-04:00,30.209999084472656,30.3799991607666,30.100000381469727,30.329999923706055,920332,0.0,0.0
2023-08-14 13:30:00-04:00,30.329999923706055,30.334999084472656,30.045000076293945,30.200000762939453,739276,0.0,0.0
2023-08-14 14:30:00-04:00,30.209999084472656,30.605100631713867,30.120100021362305,30.590999603271484,1231278,0.0,0.0
2023-08-14 15:30:00-04:00,30.594999313354492,30.600000381469727,30.459999084472656,30.549999237060547,1498834,0.0,0.0
2023-08-15 09:30:00-04:00,30.170000076293945,30.37619972229004,29.790000915527344,30.040000915527344,1846407,0.0,0.0
2023-08-15 10:30:00-04:00,30.03499984741211,30.260000228881836,29.979999542236328,30.104999542236328,1175388,0.0,0.0
2023-08-15 11:30:00-04:00,30.100000381469727,30.17009925842285,30.030000686645508,30.110000610351562,603658,0.0,0.0
2023-08-15 12:30:00-04:00,30.110000610351562,30.145000457763672,29.96500015258789,30.059999465942383,520326,0.0,0.0
2023-08-15 13:30:00-04:00,30.075000762939453,30.079999923706055,29.920000076293945,29.96500015258789,803990,0.0,0.0
2023-08-15 14:30:00-04:00,29.959999084472656,30.06999969482422,29.81999969482422,29.84000015258789,965761,0.0,0.0
2023-08-15 15:30:00-04:00,29.829999923706055,29.90999984741211,29.760000228881836,29.760000228881836,1722375,0.0,0.0
2023-08-16 09:30:00-04:00,29.530000686645508,30.075000762939453,29.399999618530273,29.819900512695312,2177962,0.0,0.0
2023-08-16 10:30:00-04:00,29.809999465942383,30.028099060058594,29.770000457763672,29.84000015258789,983351,0.0,0.0
2023-08-16 11:30:00-04:00,29.84000015258789,29.84000015258789,29.480300903320312,29.489999771118164,863395,0.0,0.0
2023-08-16 12:30:00-04:00,29.4950008392334,29.690000534057617,29.479999542236328,29.649999618530273,748021,0.0,0.0
2023-08-16 13:30:00-04:00,29.639999389648438,29.76959991455078,29.533000946044922,29.738800048828125,656079,0.0,0.0
2023-08-16 14:30:00-04:00,29.729999542236328,29.774999618530273,29.30500030517578,29.325000762939453,927317,0.0,0.0
2023-08-16 15:30:00-04:00,29.31999969482422,29.420000076293945,29.15999984741211,29.219999313354492,1532895,0.0,0.0
2023-08-17 09:30:00-04:00,29.110000610351562,29.1200008392334,28.235000610351562,28.274999618530273,2325958,0.0,0.0
2023-08-17 10:30:00-04:00,28.280000686645508,28.424999237060547,27.809999465942383,27.844999313354492,4986351,0.0,0.0
2023-08-17 11:30:00-04:00,27.844999313354492,28.18000030517578,27.750999450683594,28.17970085144043,1832245,0.0,0.0
2023-08-17 12:30:00-04:00,28.170000076293945,28.350000381469727,27.975000381469727,28.1299991607666,1146200,0.0,0.0
2023-08-17 13:30:00-04:00,28.1299991607666,28.149999618530273,27.96500015258789,28.000200271606445,823017,0.0,0.0
2023-08-17 14:30:00-04:00,28.010000228881836,28.014999389648438,27.770000457763672,27.924999237060547,1199233,0.0,0.0
2023-08-17 15:30:00-04:00,27.929100036621094,28.049999237060547,27.820100784301758,27.84000015258789,2729170,0.0,0.0
2023-08-18 09:30:00-04:00,27.540000915527344,28.280000686645508,27.405000686645508,27.774999618530273,2346932,0.0,0.0
2023-08-18 10:30:00-04:00,27.770000457763672,27.940000534057617,27.489999771118164,27.540000915527344,1641635,0.0,0.0
2023-08-18 11:30:00-04:00,27.532699584960938,27.770000457763672,27.510000228881836,27.600000381469727,721578,0.0,0.0
2023-08-18 12:30:00-04:00,27.600000381469727,27.690000534057617,27.459999084472656,27.571699142456055,714652,0.0,0.0
2023-08-18 13:30:00-04:00,27.579999923706055,27.704999923706055,27.5,27.584999084472656,644509,0.0,0.0
2023-08-18 14:30:00-04:00,27.584999084472656,27.799999237060547,27.56999969482422,27.739999771118164,853786,0.0,0.0
2023-08-18 15:30:00-04:00,27.75,27.774999618530273,27.510000228881836,27.510000228881836,1531425,0.0,0.0
2023-08-21 09:30:00-04:00,27.540000915527344,27.780000686645508,27.094999313354492,27.104999542236328,3194412,0.0,0.0
2023-08-21 10:30:00-04:00,27.110000610351562,27.229999542236328,26.8799991607666,26.915000915527344,1954985,0.0,0.0
2023-08-21 11:30:00-04:00,26.905000686645508,27.200000762939453,26.889999389648438,27.18000030517578,973236,0.0,0.0
2023-08-21 12:30:00-04:00,27.184999465942383,27.260000228881836,27.06999969482422,27.209999084472656,795028,0.0,0.0
2023-08-21 13:30:00-04:00,27.219999313354492,27.315000534057617,27.149999618530273,27.21339988708496,867512,0.0,0.0
2023-08-21 14:30:00-04:00,27.225000381469727,27.270000457763672,27.079999923706055,27.084999084472656,1097508,0.0,0.0
2023-08-21 15:30:00-04:00,27.084999084472656,27.1200008392334,26.924999237060547,26.954999923706055,2212997,0.0,0.0
2023-08-22 09:30:00-04:00,26.940000534057617,27.100000381469727,26.6299991607666,26.989999771118164,2250171,0.0,0.0
2023-08-22 10:30:00-04:00,27.0,27.1200008392334,26.810100555419922,26.934999465942383,1287890,0.0,0.0
2023-08-22 11:30:00-04:00,26.93160057067871,27.075000762939453,26.850000381469727,26.969999313354492,709626,0.0,0.0
2023-08-22 12:30:00-04:00,26.96500015258789,27.06999969482422,26.940000534057617,27.0049991607666,587173,0.0,0.0
2023-08-22 13:30:00-04:00,27.0049991607666,27.020000457763672,26.8700008392334,26.90999984741211,580841,0.0,0.0
2023-08-22 14:30:00-04:00,26.90999984741211,26.93000030517578,26.719999313354492,26.729999542236328,1064692,0.0,0.0
2023-08-22 15:30:00-04:00,26.725000381469727,26.7450008392334,26.600000381469727,26.6200008392334,1721318,0.0,0.0
2023-08-23 09:30:00-04:00,26.424999237060547,26.709999084472656,26.25,26.540000915527344,1659223,0.0,0.0
2023-08-23 10:30:00-04:00,26.530000686645508,26.719999313354492,26.530000686645508,26.559999465942383,1219904,0.0,0.0
2023-08-23 11:30:00-04:00,26.565000534057617,26.59000015258789,26.3799991607666,26.485000610351562,1699288,0.0,0.0
2023-08-23 12:30:00-04:00,26.489999771118164,26.610000610351562,26.43000030517578,26.5049991607666,845193,0.0,0.0
2023-08-23 13:30:00-04:00,26.510000228881836,26.559999465942383,26.460100173950195,26.4950008392334,711324,0.0,0.0
2023-08-23 14:30:00-04:00,26.4950008392334,26.56999969482422,26.399999618530273,26.454999923706055,1945125,0.0,0.0
2023-08-23 15:30:00-04:00,26.454999923706055,26.46500015258789,26.280000686645508,26.43000030517578,2260707,0.0,0.0
2023-08-24 09:30:00-04:00,26.5,26.837499618530273,26.241199493408203,26.389999389648438,1751772,0.0,0.0
2023-08-24 10:30:00-04:00,26.399999618530273,26.899999618530273,26.3700008392334,26.81999969482422,2073785,0.0,0.0
2023-08-24 11:30:00-04:00,26.815000534057617,26.815000534057617,26.459999084472656,26.655000686645508,1093981,0.0,0.0
2023-08-24 12:30:00-04:00,26.65999984741211,26.940000534057617,26.6200008392334,26.829999923706055,1087716,0.0,0.0
2023-08-24 13:30:00-04:00,26.834999084472656,26.905000686645508,26.75,26.795000076293945,658492,0.0,0.0
2023-08-24 14:30:00-04:00,26.790000915527344,26.809999465942383,26.665000915527344,26.790000915527344,794438,0.0,0.0
2023-08-24 15:30:00-04:00,26.790000915527344,26.81999969482422,26.489999771118164,26.549999237060547,1645642,0.0,0.0
2023-08-25 09:30:00-04:00,26.735000610351562,26.8799991607666,26.459999084472656,26.520000457763672,1621008,0.0,0.0
2023-08-25 10:30:00-04:00,26.520000457763672,26.649999618530273,26.290000915527344,26.625,935917,0.0,0.0
2023-08-25 11:30:00-04:00,26.6200008392334,26.790000915527344,26.559999465942383,26.729999542236328,658127,0.0,0.0
2023-08-25 12:30:00-04:00,26.729999542236328,26.790000915527344,26.645000457763672,26.709999084472656,481509,0.0,0.0
2023-08-25 13:30:00-04:00,26.700000762939453,26.895000457763672,26.632600784301758,26.8700008392334,551515,0.0,0.0
2023-08-25 14:30:00-04:00,26.8799991607666,27.06999969482422,26.84000015258789,27.030000686645508,1183868,0.0,0.0
2023-08-25 15:30:00-04:00,27.040000915527344,27.040000915527344,26.739999771118164,26.80500030517578,794534,0.0,0.0
2023-08-28 09:30:00-04:00,27.1299991607666,27.219900131225586,26.860000610351562,27.05929946899414,1129253,0.0,0.0
2023-08-28 10:30:00-04:00,27.058500289916992,27.178300857543945,26.982999801635742,26.9950008392334,657669,0.0,0.0
2023-08-28 11:30:00-04:00,26.989999771118164,27.0,26.850000381469727,26.915000915527344,659521,0.0,0.0
2023-08-28 12:30:00-04:00,26.915000915527344,26.965299606323242,26.860000610351562,26.915000915527344,488292,0.0,0.0
2023-08-28 13:30:00-04:00,26.90999984741211,27.030000686645508,26.840099334716797,27.020000457763672,665043,0.0,0.0
2023-08-28 14:30:00-04:00,27.020000457763672,27.129899978637695,27.0,27.05500030517578,740663,0.0,0.0
2023-08-28 15:30:00-04:00,27.050600051879883,27.139999389648438,27.0049991607666,27.104999542236328,990055,0.0,0.0
2023-08-29 09:30:00-04:00,27.0,27.889999389648438,26.900999069213867,27.850000381469727,1713153,0.0,0.0
2023-08-29 10:30:00-04:00,27.84000015258789,28.15999984741211,27.84000015258789,27.985000610351562,1551616,0.0,0.0
2023-08-29 11:30:00-04:00,27.979999542236328,28.079999923706055,27.885000228881836,27.905000686645508,616766,0.0,0.0
2023-08-29 12:30:00-04:00,27.905399322509766,28.04010009765625,27.809999465942383,27.885000228881836,739425,0.0,0.0
2023-08-29 13:30:00-04:00,27.889999389648438,27.950000762939453,27.78499984741211,27.827899932861328,526190,0.0,0.0
2023-08-29 14:30:00-04:00,27.81999969482422,27.8700008392334,27.684999465942383,27.7450008392334,685422,0.0,0.0
2023-08-29 15:30:00-04:00,27.7450008392334,27.80500030517578,27.649999618530273,27.7549991607666,556405,0.0,0.0
2023-08-30 09:30:00-04:00,27.81999969482422,28.170000076293945,27.520000457763672,27.959999084472656,1432556,0.0,0.0
2023-08-30 10:30:00-04:00,27.954999923706055,28.399999618530273,27.889999389648438,28.325000762939453,1451647,0.0,0.0
2023-08-30 11:30:00-04:00,28.325000762939453,28.399999618530273,28.25,28.354999542236328,619396,0.0,0.0
2023-08-30 12:30:00-04:00,28.360000610351562,28.3700008392334,28.209999084472656,28.270000457763672,552100,0.0,0.0
2023-08-30 13:30:00-04:00,28.269899368286133,28.331199645996094,28.100000381469727,28.110000610351562,654317,0.0,0.0
2023-08-30 14:30:00-04:00,28.104999542236328,28.30699920654297,28.100099563598633,28.240999221801758,697987,0.0,0.0
2023-08-30 15:30:00-04:00,28.24209976196289,28.270000457763672,28.139999389648438,28.200000762939453,1376045,0.0,0.0
2023-08-31 09:30:00-04:00,28.399999618530273,28.600000381469727,28.280000686645508,28.420000076293945,1680834,0.0,0.0
2023-08-31 10:30:00-04:00,28.420000076293945,28.420000076293945,28.1200008392334,28.2450008392334,1091248,0.0,0.0
2023-08-31 11:30:00-04:00,28.2450008392334,28.309999465942383,28.139999389648438,28.145000457763672,616180,0.0,0.0
2023-08-31 12:30:00-04:00,28.142099380493164,28.190000534057617,27.970300674438477,28.149999618530273,500129,0.0,0.0
2023-08-31 13:30:00-04:00,28.145000457763672,28.329999923706055,28.145000457763672,28.24090003967285,693914,0.0,0.0
2023-08-31 14:30:00-04:00,28.239999771118164,28.454999923706055,28.219999313354492,28.434999465942383,754375,0.0,0.0
2023-08-31 15:30:00-04:00,28.434999465942383,28.475000381469727,28.290000915527344,28.290000915527344,1124705,0.0,0.0
2023-09-01 09:30:00-04:00,28.6200008392334,29.320899963378906,28.56999969482422,28.93000030517578,2966896,0.0,0.0
2023-09-01 10:30:00-04:00,28.928800582885742,28.928800582885742,28.530000686645508,28.614999771118164,1175120,0.0,0.0
2023-09-01 11:30:00-04:00,28.6200008392334,28.649999618530273,28.315000534057617,28.440000534057617,1068761,0.0,0.0
2023-09-01 12:30:00-04:00,28.440000534057617,28.59000015258789,28.405000686645508,28.579999923706055,677844,0.0,0.0
2023-09-01 13:30:00-04:00,28.559999465942383,28.59000015258789,28.389999389648438,28.389999389648438,553083,0.0,0.0
2023-09-01 14:30:00-04:00,28.3799991607666,28.639999389648438,28.34000015258789,28.5049991607666,844701,0.0,0.0
2023-09-01 15:30:00-04:00,28.5049991607666,28.540000915527344,28.415000915527344,28.440000534057617,1341202,0.0,0.0
2023-09-05 09:30:00-04:00,28.2450008392334,28.889999389648438,28.15999984741211,28.82200050354004,1420621,0.0,0.0
2023-09-05 10:30:00-04:00,28.815000534057617,28.940000534057617,28.579999923706055,28.690000534057617,1282552,0.0,0.0
2023-09-05 11:30:00-04:00,28.699899673461914,28.760000228881836,28.530000686645508,28.700000762939453,630104,0.0,0.0
2023-09-05 12:30:00-04:00,28.700000762939453,28.809999465942383,28.632400512695312,28.75,581769,0.0,0.0
2023-09-05 13:30:00-04:00,28.729999542236328,28.899999618530273,28.725000381469727,28.8799991607666,519732,0.0,0.0
2023-09-05 14:30:00-04:00,28.8799991607666,29.040000915527344,28.844999313354492,29.03499984741211,747726,0.0,0.0
2023-09-05 15:30:00-04:00,29.040000915527344,29.139999389648438,29.020000457763672,29.1299991607666,1646814,0.0,0.0
2023-09-06 09:30:00-04:00,28.950000762939453,29.260000228881836,28.3799991607666,28.3799991607666,1623957,0.0,0.0
2023-09-06 10:30:00-04:00,28.3799991607666,28.940000534057617,28.3700008392334,28.93000030517578,1080312,0.0,0.0
2023-09-06 11:30:00-04:00,28.924999237060547,28.959999084472656,28.65999984741211,28.69499969482422,624316,0.0,0.0
2023-09-06 12:30:00-04:00,28.699899673461914,28.719999313354492,28.530000686645508,28.56999969482422,758138,0.0,0.0
2023-09-06 13:30:00-04:00,28.575000762939453,28.940000534057617,28.565000534057617,28.920000076293945,1014757,0.0,0.0
2023-09-06 14:30:00-04:00,28.915000915527344,29.265399932861328,28.90999984741211,29.2450008392334,1350546,0.0,0.0
2023-09-06 15:30:00-04:00,29.2450008392334,29.350000381469727,29.09000015258789,29.09000015258789,1336949,0.0,0.0
2023-09-07 09:30:00-04:00,28.530000686645508,28.770000457763672,28.171100616455078,28.520000457763672,1483140,0.0,0.0
2023-09-07 10:30:00-04:00,28.500099182128906,28.56999969482422,28.31999969482422,28.329999923706055,823504,0.0,0.0
2023-09-07 11:30:00-04:00,28.34000015258789,28.360000610351562,28.110000610351562,28.280000686645508,712334,0.0,0.0
2023-09-07 12:30:00-04:00,28.274999618530273,28.43000030517578,28.239999771118164,28.424999237060547,534057,0.0,0.0
2023-09-07 13:30:00-04:00,28.43000030517578,28.6299991607666,28.360000610351562,28.53499984741211,539680,0.0,0.0
2023-09-07 14:30:00-04:00,28.530000686645508,28.844999313354492,28.47010040283203,28.739999771118164,770823,0.0,0.0
2023-09-07 15:30:00-04:00,28.739999771118164,28.809999465942383,28.56999969482422,28.780000686645508,1282232,0.0,0.0
2023-09-08 09:30:00-04:00,28.94700050354004,29.229999542236328,28.420000076293945,28.770000457763672,1562244,0.0,0.0
2023-09-08 10:30:00-04:00,28.770000457763672,28.790000915527344,28.5,28.635000228881836,865604,0.0,0.0
2023-09-08 11:30:00-04:00,28.639999389648438,28.799999237060547,28.586999893188477,28.68000030517578,1164571,0.0,0.0
2023-09-08 12:30:00-04:00,28.68000030517578,28.725000381469727,28.567899703979492,28.6299991607666,489686,0.0,0.0
2023-09-08 13:30:00-04:00,28.63789939880371,29.30500030517578,28.608800888061523,29.165000915527344,3629077,0.0,0.0
2023-09-08 14:30:00-04:00,29.165000915527344,29.219999313354492,28.774999618530273,28.924999237060547,1354523,0.0,0.0
2023-09-08 15:30:00-04:00,28.920000076293945,29.020000457763672,28.8799991607666,29.0,1250100,0.0,0.0
2023-09-11 09:30:00-04:00,29.204999923706055,29.204999923706055,28.60219955444336,28.815000534057617,2048714,0.0,0.0
2023-09-11 10:30:00-04:00,28.815000534057617,28.979999542236328,28.770000457763672,28.954999923706055,846072,0.0,0.0
2023-09-11 11:30:00-04:00,28.952800750732422,29.020000457763672,28.770000457763672,28.875,733298,0.0,0.0
2023-09-11 12:30:00-04:00,28.8799991607666,28.888399124145508,28.6299991607666,28.764999389648438,959677,0.0,0.0
2023-09-11 13:30:00-04:00,28.760000228881836,28.8799991607666,28.684999465942383,28.815000534057617,860809,0.0,0.0
2023-09-11 14:30:00-04:00,28.81999969482422,28.8700008392334,28.700000762939453,28.709999084472656,862219,0.0,0.0
2023-09-11 15:30:00-04:00,28.71500015258789,28.760000228881836,28.524999618530273,28.540000915527344,1464843,0.0,0.0
2023-09-12 09:30:00-04:00,28.399999618530273,29.5,28.3799991607666,29.114999771118164,1995767,0.0,0.0
2023-09-12 10:30:00-04:00,29.110000610351562,29.226999282836914,28.670000076293945,28.920299530029297,1257689,0.0,0.0
2023-09-12 11:30:00-04:00,28.924999237060547,29.260000228881836,28.920000076293945,29.239999771118164,656130,0.0,0.0
2023-09-12 12:30:00-04:00,29.25,29.575000762939453,29.1299991607666,29.499900817871094,844920,0.0,0.0
2023-09-12 13:30:00-04:00,29.4950008392334,29.530000686645508,29.354999542236328,29.3700008392334,974315,0.0,0.0
2023-09-12 14:30:00-04:00,29.3700008392334,29.375,29.15999984741211,29.329999923706055,793121,0.0,0.0
2023-09-12 15:30:00-04:00,29.325000762939453,29.354999542236328,29.149999618530273,29.200000762939453,1326960,0.0,0.0
2023-09-13 09:30:00-04:00,27.610000610351562,27.969999313354492,26.639999389648438,26.9950008392334,8997704,0.0,0.0
2023-09-13 10:30:00-04:00,27.0,27.489999771118164,26.920000076293945,27.469999313354492,3067812,0.0,0.0
2023-09-13 11:30:00-04:00,27.469999313354492,27.56999969482422,27.204999923706055,27.565000534057617,1908164,0.0,0.0
2023-09-13 12:30:00-04:00,27.565000534057617,27.8799991607666,27.520000457763672,27.750099182128906,1676589,0.0,0.0
2023-09-13 13:30:00-04:00,27.7549991607666,27.975000381469727,27.670000076293945,27.834999084472656,1483654,0.0,0.0
2023-09-13 14:30:00-04:00,27.835599899291992,27.889999389648438,27.700000762939453,27.735000610351562,1642303,0.0,0.0
2023-09-13 15:30:00-04:00,27.739999771118164,27.860000610351562,27.68000030517578,27.739999771118164,2784268,0.0,0.0
2023-09-14 09:30:00-04:00,27.934999465942383,28.399999618530273,27.84000015258789,28.204999923706055,2312138,0.0,0.0
2023-09-14 10:30:00-04:00,28.200000762939453,28.395000457763672,28.020000457763672,28.030000686645508,1212179,0.0,0.0
2023-09-14 11:30:00-04:00,28.022499084472656,28.049999237060547,27.645000457763672,27.69499969482422,1532422,0.0,0.0
2023-09-14 12:30:00-04:00,27.700000762939453,27.860000610351562,27.68000030517578,27.809999465942383,607084,0.0,0.0
2023-09-14 13:30:00-04:00,27.81999969482422,28.020000457763672,27.810100555419922,27.9950008392334,510632,0.0,0.0
2023-09-14 14:30:00-04:00,27.989999771118164,28.114999771118164,27.920000076293945,27.94499969482422,816935,0.0,0.0
2023-09-14 15:30:00-04:00,27.94499969482422,28.0049991607666,27.690000534057617,27.75,1701496,0.0,0.0
2023-09-15 09:30:00-04:00,27.979999542236328,28.549999237060547,27.81999969482422,28.0,2137696,0.0,0.0
2023-09-15 10:30:00-04:00,28.0049991607666,28.239999771118164,27.670000076293945,28.229999542236328,1034813,0.0,0.0
2023-09-15 11:30:00-04:00,28.229999542236328,28.347900390625,28.159900665283203,28.315000534057617,741355,0.0,0.0
2023-09-15 12:30:00-04:00,28.315000534057617,28.41790008544922,27.90999984741211,27.975000381469727,843296,0.0,0.0
2023-09-15 13:30:00-04:00,27.969999313354492,27.969999313354492,27.760000228881836,27.780000686645508,1271244,0.0,0.0
2023-09-15 14:30:00-04:00,27.789899826049805,27.8700008392334,27.709999084472656,27.809999465942383,1235966,0.0,0.0
2023-09-15 15:30:00-04:00,27.80500030517578,28.06999969482422,27.80500030517578,27.959999084472656,2432730,0.0,0.0
2023-09-18 09:30:00-04:00,27.725000381469727,27.729999542236328,27.22599983215332,27.625,1844194,0.0,0.0
2023-09-18 10:30:00-04:00,27.6200008392334,27.68000030517578,27.389999389648438,27.639999389648438,750702,0.0,0.0
2023-09-18 11:30:00-04:00,27.6299991607666,27.790000915527344,27.399999618530273,27.698999404907227,936468,0.0,0.0
2023-09-18 12:30:00-04:00,27.69499969482422,27.850000381469727,27.600000381469727,27.850000381469727,700537,0.0,0.0
2023-09-18 13:30:00-04:00,27.860000610351562,27.950000762939453,27.809999465942383,27.895000457763672,747252,0.0,0.0
2023-09-18 14:30:00-04:00,27.899900436401367,27.915000915527344,27.610000610351562,27.6299991607666,637834,0.0,0.0
2023-09-18 15:30:00-04:00,27.625,27.674999237060547,27.5,27.610000610351562,1384616,0.0,0.0
2023-09-19 09:30:00-04:00,27.59000015258789,27.59000015258789,26.3700008392334,26.389999389648438,2901287,0.0,0.0
2023-09-19 10:30:00-04:00,26.3799991607666,26.3799991607666,26.1200008392334,26.286699295043945,2606204,0.0,0.0
2023-09-19 11:30:00-04:00,26.290000915527344,26.6299991607666,26.290000915527344,26.55500030517578,1059470,0.0,0.0
2023-09-19 12:30:00-04:00,26.559999465942383,26.799999237060547,26.43000030517578,26.7549991607666,1178148,0.0,0.0
2023-09-19 13:30:00-04:00,26.760000228881836,26.959999084472656,26.760000228881836,26.909900665283203,924063,0.0,0.0
2023-09-19 14:30:00-04:00,26.90999984741211,27.15999984741211,26.889999389648438,27.145000457763672,1377961,0.0,0.0
2023-09-19 15:30:00-04:00,27.143699645996094,27.170000076293945,26.940000534057617,26.969999313354492,1911797,0.0,0.0
2023-09-20 09:30:00-04:00,27.219999313354492,27.290000915527344,26.739999771118164,26.90999984741211,1604650,0.0,0.0
2023-09-20 10:30:00-04:00,26.90999984741211,27.040000915527344,26.895000457763672,26.899999618530273,741575,0.0,0.0
2023-09-20 11:30:00-04:00,26.899999618530273,26.959999084472656,26.854999542236328,26.950000762939453,458817,0.0,0.0
2023-09-20 12:30:00-04:00,26.950000762939453,26.979999542236328,26.850000381469727,26.895000457763672,1071052,0.0,0.0
2023-09-20 13:30:00-04:00,26.899999618530273,26.90999984741211,26.6299991607666,26.747800827026367,677176,0.0,0.0
2023-09-20 14:30:00-04:00,26.7450008392334,26.84950065612793,26.354999542236328,26.44499969482422,1239197,0.0,0.0
2023-09-20 15:30:00-04:00,26.450000762939453,26.469999313354492,26.200000762939453,26.25,1511787,0.0,0.0
2023-09-21 09:30:00-04:00,25.959999084472656,25.989999771118164,25.395000457763672,25.540000915527344,2579759,0.0,0.0
2023-09-21 10:30:00-04:00,25.530000686645508,25.75,25.149999618530273,25.165000915527344,2149017,0.0,0.0
2023-09-21 11:30:00-04:00,25.15999984741211,25.402599334716797,25.15999984741211,25.3700008392334,1124189,0.0,0.0
2023-09-21 12:30:00-04:00,25.367799758911133,25.59000015258789,25.360000610351562,25.530000686645508,793202,0.0,0.0
2023-09-21 13:30:00-04:00,25.540000915527344,25.579999923706055,25.315000534057617,25.315000534057617,822402,0.0,0.0
2023-09-21 14:30:00-04:00,25.309999465942383,25.459999084472656,25.18000030517578,25.19499969482422,1506101,0.0,0.0
2023-09-21 15:30:00-04:00,25.200000762939453,25.424999237060547,25.200000762939453,25.309999465942383,1924345,0.0,0.0
2023-09-22 09:30:00-04:00,25.420000076293945,25.770000457763672,25.310800552368164,25.475000381469727,1430102,0.0,0.0
2023-09-22 10:30:00-04:00,25.479999542236328,25.65999984741211,25.434999465942383,25.520000457763672,814282,0.0,0.0
2023-09-22 11:30:00-04:00,25.520000457763672,25.65999984741211,25.46500015258789,25.600000381469727,546610,0.0,0.0
2023-09-22 12:30:00-04:00,25.604999542236328,25.68000030517578,25.440000534057617,25.44499969482422,481318,0.0,0.0
2023-09-22 13:30:00-04:00,25.449899673461914,25.459999084472656,25.174999237060547,25.204999923706055,913038,0.0,0.0
2023-09-22 14:30:00-04:00,25.209999084472656,25.540000915527344,25.200000762939453,25.510000228881836,954789,0.0,0.0
2023-09-22 15:30:00-04:00,25.5049991607666,25.530000686645508,25.360000610351562,25.399999618530273,1410553,0.0,0.0
2023-09-25 09:30:00-04:00,25.239999771118164,25.610000610351562,24.8799991607666,25.475000381469727,2091429,0.0,0.0
2023-09-25 10:30:00-04:00,25.469999313354492,25.985000610351562,25.459999084472656,25.690000534057617,1154670,0.0,0.0
2023-09-25 11:30:00-04:00,25.704999923706055,26.1200008392334,25.639999389648438,26.104999542236328,1087059,0.0,0.0
2023-09-25 12:30:00-04:00,26.110000610351562,26.1299991607666,25.809999465942383,25.864999771118164,760731,0.0,0.0
2023-09-25 13:30:00-04:00,25.860000610351562,25.959999084472656,25.809999465942383,25.959999084472656,561372,0.0,0.0
2023-09-25 14:30:00-04:00,25.954999923706055,26.045000076293945,25.864999771118164,26.024999618530273,736246,0.0,0.0
2023-09-25 15:30:00-04:00,26.020000457763672,26.200000762939453,26.010000228881836,26.190000534057617,1650326,0.0,0.0
2023-09-26 09:30:00-04:00,26.0,26.780000686645508,25.979999542236328,26.7549991607666,1539072,0.0,0.0
2023-09-26 10:30:00-04:00,26.758699417114258,26.8799991607666,26.520000457763672,26.75,1197218,0.0,0.0
2023-09-26 11:30:00-04:00,26.75,26.84000015258789,26.670000076293945,26.799999237060547,923841,0.0,0.0
2023-09-26 12:30:00-04:00,26.795000076293945,26.84000015258789,26.485000610351562,26.4950008392334,729857,0.0,0.0
2023-09-26 13:30:00-04:00,26.5,26.770000457763672,26.5,26.739999771118164,760323,0.0,0.0
2023-09-26 14:30:00-04:00,26.73889923095703,26.770000457763672,26.600000381469727,26.739999771118164,931952,0.0,0.0
2023-09-26 15:30:00-04:00,26.739999771118164,27.030000686645508,26.739999771118164,27.0049991607666,2483556,0.0,0.0
2023-09-27 09:30:00-04:00,27.170000076293945,27.459999084472656,26.782400131225586,27.32859992980957,1979766,0.0,0.0
2023-09-27 10:30:00-04:00,27.325000762939453,27.635000228881836,27.222700119018555,27.618000030517578,2944331,0.0,0.0
2023-09-27 11:30:00-04:00,27.6200008392334,27.69499969482422,27.399999618530273,27.420000076293945,906743,0.0,0.0
2023-09-27 12:30:00-04:00,27.420000076293945,27.610000610351562,27.149999618530273,27.16080093383789,676669,0.0,0.0
2023-09-27 13:30:00-04:00,27.165000915527344,27.270000457763672,26.809999465942383,27.140100479125977,1634262,0.0,0.0
2023-09-27 14:30:00-04:00,27.149999618530273,27.71500015258789,27.149999618530273,27.524999618530273,1483849,0.0,0.0
2023-09-27 15:30:00-04:00,27.524999618530273,27.545000076293945,27.315000534057617,27.389999389648438,1685069,0.0,0.0
2023-09-28 09:30:00-04:00,27.229999542236328,27.872499465942383,27.110000610351562,27.53499984741211,1636694,0.0,0.0
2023-09-28 10:30:00-04:00,27.524999618530273,27.795000076293945,27.43000030517578,27.739999771118164,974020,0.0,0.0
2023-09-28 11:30:00-04:00,27.7450008392334,28.239999771118164,27.739999771118164,28.239999771118164,1176898,0.0,0.0
2023-09-28 12:30:00-04:00,28.230100631713867,28.25,27.920000076293945,28.065000534057617,781171,0.0,0.0
2023-09-28 13:30:00-04:00,28.065000534057617,28.110000610351562,27.899999618530273,28.03499984741211,620665,0.0,0.0
2023-09-28 14:30:00-04:00,28.030000686645508,28.045000076293945,27.790000915527344,27.93000030517578,795355,0.0,0.0
2023-09-28 15:30:00-04:00,27.934999465942383,27.934999465942383,27.735000610351562,27.829999923706055,1232229,0.0,0.0
2023-09-29 09:30:00-04:00,28.280000686645508,28.639999389648438,28.280000686645508,28.46500015258789,1420292,0.0,0.0
2023-09-29 10:30:00-04:00,28.469999313354492,28.989999771118164,28.469999313354492,28.885000228881836,1250115,0.0,0.0
2023-09-29 11:30:00-04:00,28.8799991607666,28.920000076293945,28.565000534057617,28.850000381469727,1211741,0.0,0.0
2023-09-29 12:30:00-04:00,28.854999542236328,28.979999542236328,28.4950008392334,28.75149917602539,1334126,0.0,0.0
2023-09-29 13:30:00-04:00,28.75,28.84000015258789,28.639999389648438,28.78499984741211,845730,0.0,0.0
2023-09-29 14:30:00-04:00,28.78499984741211,29.040000915527344,28.739999771118164,28.864999771118164,1553285,0.0,0.0
2023-09-29 15:30:00-04:00,28.860000610351562,29.09000015258789,28.809999465942383,28.96579933166504,2093594,0.0,0.0
2023-10-02 09:30:00-04:00,28.969999313354492,29.6200008392334,28.795000076293945,28.809999465942383,2434240,0.0,0.0
2023-10-02 10:30:00-04:00,28.809999465942383,29.329999923706055,28.56999969482422,29.03499984741211,2004292,0.0,0.0
2023-10-02 11:30:00-04:00,29.049999237060547,29.065000534057617,28.59000015258789,28.600000381469727,963142,0.0,0.0
2023-10-02 12:30:00-04:00,28.59000015258789,28.761600494384766,28.469999313354492,28.729999542236328,880725,0.0,0.0
2023-10-02 13:30:00-04:00,28.722000122070312,28.985000610351562,28.700300216674805,28.829999923706055,638441,0.0,0.0
2023-10-02 14:30:00-04:00,28.829999923706055,28.915000915527344,28.674999237060547,28.78499984741211,856422,0.0,0.0
2023-10-02 15:30:00-04:00,28.78499984741211,28.854999542236328,28.610000610351562,28.690000534057617,2435701,0.0,0.0
2023-10-03 09:30:00-04:00,28.290000915527344,28.950000762939453,28.229999542236328,28.399999618530273,1461727,0.0,0.0
2023-10-03 10:30:00-04:00,28.389999389648438,28.790000915527344,28.364999771118164,28.520000457763672,961867,0.0,0.0
2023-10-03 11:30:00-04:00,28.514999389648438,28.665000915527344,28.375,28.6200008392334,631314,0.0,0.0
2023-10-03 12:30:00-04:00,28.6200008392334,28.729999542236328,28.565000534057617,28.59000015258789,487113,0.0,0.0
2023-10-03 13:30:00-04:00,28.579999923706055,28.600000381469727,28.200000762939453,28.260000228881836,702185,0.0,0.0
2023-10-03 14:30:00-04:00,28.259899139404297,28.450000762939453,28.225000381469727,28.2450008392334,748029,0.0,0.0
2023-10-03 15:30:00-04:00,28.2450008392334,28.440000534057617,28.2450008392334,28.43000030517578,1345091,0.0,0.0
2023-10-04 09:30:00-04:00,28.540000915527344,28.6200008392334,27.899999618530273,28.165000915527344,1520388,0.0,0.0
2023-10-04 10:30:00-04:00,28.184999465942383,28.760000228881836,28.18000030517578,28.639999389648438,1094643,0.0,0.0
2023-10-04 11:30:00-04:00,28.645000457763672,29.264999389648438,28.56999969482422,29.249000549316406,1440033,0.0,0.0
2023-10-04 12:30:00-04:00,29.25,29.434999465942383,29.104999542236328,29.15999984741211,1487001,0.0,0.0
2023-10-04 13:30:00-04:00,29.155000686645508,29.227500915527344,28.979999542236328,29.218000411987305,887879,0.0,0.0
2023-10-04 14:30:00-04:00,29.219999313354492,29.48900032043457,29.17009925842285,29.475000381469727,1327794,0.0,0.0
2023-10-04 15:30:00-04:00,29.475000381469727,29.6200008392334,29.475000381469727,29.579999923706055,2266232,0.0,0.0
2023-10-05 09:30:00-04:00,29.959999084472656,30.204999923706055,29.329999923706055,29.429899215698242,3335074,0.0,0.0
2023-10-05 10:30:00-04:00,29.43000030517578,29.489999771118164,29.079999923706055,29.399999618530273,1740723,0.0,0.0
2023-10-05 11:30:00-04:00,29.405000686645508,29.549999237060547,29.239999771118164,29.549999237060547,785647,0.0,0.0
2023-10-05 12:30:00-04:00,29.545000076293945,29.604999542236328,29.409900665283203,29.549999237060547,633887,0.0,0.0
2023-10-05 13:30:00-04:00,29.545000076293945,29.825000762939453,29.489999771118164,29.770000457763672,755123,0.0,0.0
2023-10-05 14:30:00-04:00,29.780000686645508,30.1299991607666,29.774999618530273,29.895000457763672,1430946,0.0,0.0
2023-10-05 15:30:00-04:00,29.895000457763672,29.989999771118164,29.760000228881836,29.81999969482422,1953118,0.0,0.0
2023-10-06 09:30:00-04:00,29.399999618530273,30.079999923706055,29.34000015258789,29.90999984741211,2105341,0.0,0.0
2023-10-06 10:30:00-04:00,29.90999984741211,30.2450008392334,29.8799991607666,30.140600204467773,1704973,0.0,0.0
2023-10-06 11:30:00-04:00,30.14579963684082,30.610000610351562,30.145000457763672,30.315000534057617,1496899,0.0,0.0
2023-10-06 12:30:00-04:00,30.31999969482422,30.325000762939453,30.209999084472656,30.264999389648438,855912,0.0,0.0
2023-10-06 13:30:00-04:00,30.264999389648438,30.375,30.2450008392334,30.269899368286133,507880,0.0,0.0
2023-10-06 14:30:00-04:00,30.260000228881836,30.399999618530273,30.2450008392334,30.399999618530273,812805,0.0,0.0
2023-10-06 15:30:00-04:00,30.399999618530273,30.549999237060547,30.375,30.450000762939453,2019573,0.0,0.0
2023-10-09 09:30:00-04:00,29.790000915527344,30.479999542236328,29.6299991607666,30.229999542236328,1657773,0.0,0.0
2023-10-09 10:30:00-04:00,30.235000610351562,30.26810073852539,30.020000457763672,30.2450008392334,964872,0.0,0.0
2023-10-09 11:30:00-04:00,30.25,30.295000076293945,30.065000534057617,30.18000030517578,569861,0.0,0.0
2023-10-09 12:30:00-04:00,30.18000030517578,30.225000381469727,30.030000686645508,30.190000534057617,631812,0.0,0.0
2023-10-09 13:30:00-04:00,30.19499969482422,30.43000030517578,30.174999237060547,30.25,742610,0.0,0.0
2023-10-09 14:30:00-04:00,30.25,30.43000030517578,30.225000381469727,30.34000015258789,734447,0.0,0.0
2023-10-09 15:30:00-04:00,30.334999084472656,30.3799991607666,30.209999084472656,30.209999084472656,889927,0.0,0.0
2023-10-10 09:30:00-04:00,30.329999923706055,31.049999237060547,30.329999923706055,31.010000228881836,1446446,0.0,0.0
2023-10-10 10:30:00-04:00,31.014999389648438,31.149999618530273,30.985000610351562,31.030000686645508,811641,0.0,0.0
2023-10-10 11:30:00-04:00,31.02899932861328,31.09000015258789,30.84000015258789,30.957000732421875,654550,0.0,0.0
2023-10-10 12:30:00-04:00,30.969900131225586,31.039899826049805,30.860000610351562,31.01889991760254,513205,0.0,0.0
2023-10-10 13:30:00-04:00,31.020000457763672,31.179100036621094,30.920000076293945,30.924999237060547,628128,0.0,0.0
2023-10-10 14:30:00-04:00,30.920000076293945,31.06999969482422,30.84000015258789,30.8700008392334,602029,0.0,0.0
2023-10-10 15:30:00-04:00,30.864999771118164,30.989999771118164,30.799999237060547,30.929500579833984,958468,0.0,0.0
2023-10-11 09:30:00-04:00,31.079999923706055,31.575000762939453,31.049999237060547,31.4950008392334,1360999,0.0,0.0
2023-10-11 10:30:00-04:00,31.4950008392334,31.889999389648438,31.329999923706055,31.690000534057617,1581276,0.0,0.0
2023-10-11 11:30:00-04:00,31.69499969482422,31.849899291992188,31.549999237060547,31.645000457763672,1015819,0.0,0.0
2023-10-11 12:30:00-04:00,31.649900436401367,31.764999389648438,31.489999771118164,31.61989974975586,585316,0.0,0.0
2023-10-11 13:30:00-04:00,31.610000610351562,31.920000076293945,31.514999389648438,31.815000534057617,757677,0.0,0.0
2023-10-11 14:30:00-04:00,31.825000762939453,31.899999618530273,31.704999923706055,31.825000762939453,665877,0.0,0.0
2023-10-11 15:30:00-04:00,31.829999923706055,31.860000610351562,31.760000228881836,31.760000228881836,1065653,0.0,0.0
2023-10-12 09:30:00-04:00,31.8700008392334,31.949899673461914,31.350000381469727,31.614999771118164,1469034,0.0,0.0
2023-10-12 10:30:00-04:00,31.61989974975586,31.959999084472656,31.570100784301758,31.8799991607666,733328,0.0,0.0
2023-10-12 11:30:00-04:00,31.8799991607666,31.954999923706055,31.760000228881836,31.895000457763672,535557,0.0,0.0
2023-10-12 12:30:00-04:00,31.899999618530273,31.93000030517578,31.44499969482422,31.509000778198242,700080,0.0,0.0
2023-10-12 13:30:00-04:00,31.5,31.679899215698242,31.399999618530273,31.645000457763672,910091,0.0,0.0
2023-10-12 14:30:00-04:00,31.639999389648438,31.889999389648438,31.59000015258789,31.8700008392334,601277,0.0,0.0
2023-10-12 15:30:00-04:00,31.869699478149414,31.940000534057617,31.6299991607666,31.6299991607666,1055467,0.0,0.0
2023-10-13 09:30:00-04:00,31.459999084472656,31.920000076293945,30.59000015258789,30.59830093383789,1951002,0.0,0.0
2023-10-13 10:30:00-04:00,30.59000015258789,30.954999923706055,30.540000915527344,30.71500015258789,1063056,0.0,0.0
2023-10-13 11:30:00-04:00,30.700000762939453,30.940000534057617,30.639999389648438,30.839000701904297,733669,0.0,0.0
2023-10-13 12:30:00-04:00,30.832500457763672,30.844999313354492,30.559999465942383,30.600000381469727,474996,0.0,0.0
2023-10-13 13:30:00-04:00,30.600000381469727,30.815000534057617,30.459999084472656,30.565000534057617,528755,0.0,0.0
2023-10-13 14:30:00-04:00,30.56999969482422,30.799999237060547,30.48200035095215,30.514999389648438,928983,0.0,0.0
2023-10-13 15:30:00-04:00,30.514999389648438,30.614999771118164,30.415000915527344,30.530000686645508,1554150,0.0,0.0
2023-10-16 09:30:00-04:00,30.549999237060547,30.81999969482422,30.010000228881836,30.219999313354492,2919833,0.0,0.0
2023-10-16 10:30:00-04:00,30.219999313354492,30.520000457763672,29.850000381469727,30.295000076293945,2181614,0.0,0.0
2023-10-16 11:30:00-04:00,30.298900604248047,30.520000457763672,30.220800399780273,30.454999923706055,859740,0.0,0.0
2023-10-16 12:30:00-04:00,30.459999084472656,30.690000534057617,30.3700008392334,30.53499984741211,781004,0.0,0.0
2023-10-16 13:30:00-04:00,30.540000915527344,30.791500091552734,30.540000915527344,30.68000030517578,753075,0.0,0.0
2023-10-16 14:30:00-04:00,30.68000030517578,30.860000610351562,30.530000686645508,30.565000534057617,1081168,0.0,0.0
2023-10-16 15:30:00-04:00,30.565000534057617,30.59000015258789,30.389999389648438,30.399999618530273,1257745,0.0,0.0
2023-10-17 09:30:00-04:00,30.06999969482422,30.529199600219727,30.0,30.17919921875,1507627,0.0,0.0
2023-10-17 10:30:00-04:00,30.18000030517578,30.780000686645508,30.139999389648438,30.700000762939453,1262593,0.0,0.0
2023-10-17 11:30:00-04:00,30.700000762939453,30.854999542236328,30.6299991607666,30.834999084472656,850319,0.0,0.0
2023-10-17 12:30:00-04:00,30.84000015258789,30.844999313354492,30.674999237060547,30.739999771118164,648258,0.0,0.0
2023-10-17 13:30:00-04:00,30.739999771118164,31.209999084472656,30.65999984741211,31.040000915527344,1295254,0.0,0.0
2023-10-17 14:30:00-04:00,31.040000915527344,31.149999618530273,30.899999618530273,31.06800079345703,903928,0.0,0.0
2023-10-17 15:30:00-04:00,31.06999969482422,31.110000610351562,30.979999542236328,31.0,1449046,0.0,0.0
2023-10-18 09:30:00-04:00,30.639999389648438,30.700000762939453,30.149999618530273,30.479999542236328,1292996,0.0,0.0
2023-10-18 10:30:00-04:00,30.479999542236328,30.610000610351562,30.30500030517578,30.540000915527344,827495,0.0,0.0
2023-10-18 11:30:00-04:00,30.530000686645508,30.809999465942383,30.453800201416016,30.725000381469727,476598,0.0,0.0
2023-10-18 12:30:00-04:00,30.719999313354492,30.7721004486084,30.270000457763672,30.399999618530273,748287,0.0,0.0
2023-10-18 13:30:00-04:00,30.389999389648438,30.389999389648438,30.09160041809082,30.219999313354492,554437,0.0,0.0
2023-10-18 14:30:00-04:00,30.209999084472656,30.315000534057617,30.0,30.094999313354492,475261,0.0,0.0
2023-10-18 15:30:00-04:00,30.094999313354492,30.280000686645508,30.079999923706055,30.190000534057617,1326445,0.0,0.0
2023-10-19 09:30:00-04:00,30.40999984741211,30.760000228881836,30.020000457763672,30.34000015258789,1296415,0.0,0.0
2023-10-19 10:30:00-04:00,30.334999084472656,30.649999618530273,30.260299682617188,30.4950008392334,695448,0.0,0.0
2023-10-19 11:30:00-04:00,30.5,31.489999771118164,30.479999542236328,31.301000595092773,1933708,0.0,0.0
2023-10-19 12:30:00-04:00,31.295000076293945,31.905000686645508,31.1299991607666,31.905000686645508,1375152,0.0,0.0
2023-10-19 13:30:00-04:00,32.04999923706055,32.064998626708984,31.420000076293945,31.649999618530273,1810102,0.0,0.0
2023-10-19 14:30:00-04:00,31.635000228881836,31.645000457763672,31.34000015258789,31.489999771118164,1431609,0.0,0.0
2023-10-19 15:30:00-04:00,31.5,31.700000762939453,31.459999084472656,31.670499801635742,2301609,0.0,0.0
2023-10-20 09:30:00-04:00,31.1299991607666,31.719999313354492,31.079999923706055,31.09000015258789,1357687,0.0,0.0
2023-10-20 10:30:00-04:00,31.078100204467773,31.139999389648438,30.825000762939453,30.90999984741211,1310824,0.0,0.0
2023-10-20 11:30:00-04:00,30.899999618530273,31.34000015258789,30.854999542236328,31.325000762939453,827632,0.0,0.0
2023-10-20 12:30:00-04:00,31.325000762939453,31.825000762939453,31.321300506591797,31.799999237060547,671800,0.0,0.0
2023-10-20 13:30:00-04:00,31.799999237060547,31.93000030517578,31.645700454711914,31.790000915527344,921818,0.0,0.0
2023-10-20 14:30:00-04:00,31.790000915527344,31.829999923706055,31.520000457763672,31.729999542236328,1241368,0.0,0.0
2023-10-20 15:30:00-04:00,31.739999771118164,31.829999923706055,31.68000030517578,31.760000228881836,2012331,0.0,0.0
2023-10-23 09:30:00-04:00,31.25,31.530000686645508,30.873199462890625,31.440000534057617,1565963,0.0,0.0
2023-10-23 10:30:00-04:00,31.43000030517578,31.479999542236328,31.09000015258789,31.125,1133989,0.0,0.0
2023-10-23 11:30:00-04:00,31.1200008392334,31.389999389648438,30.969999313354492,31.389999389648438,613931,0.0,0.0
2023-10-23 12:30:00-04:00,31.390100479125977,31.629899978637695,31.385000228881836,31.43000030517578,607399,0.0,0.0
2023-10-23 13:30:00-04:00,31.40999984741211,31.600000381469727,30.920000076293945,31.155000686645508,849604,0.0,0.0
2023-10-23 14:30:00-04:00,31.155000686645508,31.19499969482422,30.774999618530273,30.780000686645508,824350,0.0,0.0
2023-10-23 15:30:00-04:00,30.770000457763672,30.80500030517578,30.5,30.56999969482422,1424891,0.0,0.0
2023-10-24 09:30:00-04:00,30.979999542236328,33.040000915527344,30.979999542236328,33.029998779296875,3487276,0.0,0.0
2023-10-24 10:30:00-04:00,33.03010177612305,33.189998626708984,32.599998474121094,32.619998931884766,2026984,0.0,0.0
2023-10-24 11:30:00-04:00,32.61000061035156,32.66999816894531,31.8799991607666,31.922700881958008,1153677,0.0,0.0
2023-10-24 12:30:00-04:00,31.90999984741211,32.349998474121094,31.790000915527344,32.31999969482422,828052,0.0,0.0
2023-10-24 13:30:00-04:00,32.33000183105469,32.68000030517578,32.13010025024414,32.63999938964844,1278830,0.0,0.0
2023-10-24 14:30:00-04:00,32.650001525878906,32.875,32.58000183105469,32.82500076293945,1062958,0.0,0.0
2023-10-24 15:30:00-04:00,32.83000183105469,32.94499969482422,32.670101165771484,32.7400016784668,2087276,0.0,0.0
2023-10-25 09:30:00-04:00,32.2400016784668,32.54999923706055,31.84000015258789,31.875,1848134,0.0,0.0
2023-10-25 10:30:00-04:00,31.875,32.119998931884766,31.812999725341797,31.989999771118164,1232988,0.0,0.0
2023-10-25 11:30:00-04:00,31.985000610351562,31.9950008392334,31.31999969482422,31.364999771118164,858026,0.0,0.0
2023-10-25 12:30:00-04:00,31.3700008392334,31.40999984741211,30.799999237060547,30.93000030517578,985064,0.0,0.0
2023-10-25 13:30:00-04:00,30.921300888061523,31.075000762939453,30.579999923706055,30.825000762939453,1466089,0.0,0.0
2023-10-25 14:30:00-04:00,30.81999969482422,31.375,30.81999969482422,31.030000686645508,1262774,0.0,0.0
2023-10-25 15:30:00-04:00,31.05500030517578,31.190000534057617,31.0,31.110000610351562,1655030,0.0,0.0
2023-10-26 09:30:00-04:00,30.979999542236328,31.399999618530273,30.170000076293945,30.761999130249023,1582767,0.0,0.0
2023-10-26 10:30:00-04:00,30.770000457763672,30.9950008392334,30.43000030517578,30.774999618530273,1016986,0.0,0.0
2023-10-26 11:30:00-04:00,30.770000457763672,30.985000610351562,30.454999923706055,30.545000076293945,739161,0.0,0.0
2023-10-26 12:30:00-04:00,30.540000915527344,30.649999618530273,30.34000015258789,30.415000915527344,621038,0.0,0.0
2023-10-26 13:30:00-04:00,30.40999984741211,30.579999923706055,30.34000015258789,30.559999465942383,803948,0.0,0.0
2023-10-26 14:30:00-04:00,30.56999969482422,31.05500030517578,30.53499984741211,30.8700008392334,790975,0.0,0.0
2023-10-26 15:30:00-04:00,30.8700008392334,30.8700008392334,30.530000686645508,30.53499984741211,1387199,0.0,0.0
2023-10-27 09:30:00-04:00,31.75,32.06800079345703,31.299999237060547,31.5,1923788,0.0,0.0
2023-10-27 10:30:00-04:00,31.5,31.53499984741211,31.059999465942383,31.459999084472656,841001,0.0,0.0
2023-10-27 11:30:00-04:00,31.459999084472656,31.510000228881836,31.25,31.34000015258789,449962,0.0,0.0
2023-10-27 12:30:00-04:00,31.329999923706055,31.389999389648438,31.104999542236328,31.174999237060547,533813,0.0,0.0
2023-10-27 13:30:00-04:00,31.170000076293945,31.219999313354492,30.8700008392334,30.934999465942383,483747,0.0,0.0
2023-10-27 14:30:00-04:00,30.934999465942383,31.184999465942383,30.895000457763672,31.174999237060547,776256,0.0,0.0
2023-10-27 15:30:00-04:00,31.170000076293945,31.190000534057617,30.979999542236328,30.989999771118164,1031030,0.0,0.0
2023-10-30 09:30:00-04:00,31.139999389648438,31.719999313354492,31.049999237060547,31.225000381469727,1264291,0.0,0.0
2023-10-30 10:30:00-04:00,31.219999313354492,31.479999542236328,30.969999313354492,31.329999923706055,596307,0.0,0.0
2023-10-30 11:30:00-04:00,31.350000381469727,31.559999465942383,31.25,31.469999313354492,498229,0.0,0.0
2023-10-30 12:30:00-04:00,31.47879981994629,31.54990005493164,31.1200008392334,31.360000610351562,488902,0.0,0.0
2023-10-30 13:30:00-04:00,31.3700008392334,31.655000686645508,31.280000686645508,31.610000610351562,664298,0.0,0.0
2023-10-30 14:30:00-04:00,31.610000610351562,31.799999237060547,31.610000610351562,31.69499969482422,1151391,0.0,0.0
2023-10-30 15:30:00-04:00,31.69499969482422,31.799999237060547,31.665000915527344,31.75,1255988,0.0,0.0
2023-10-31 09:30:00-04:00,31.649999618530273,31.979999542236328,31.229999542236328,31.850000381469727,1104656,0.0,0.0
2023-10-31 10:30:00-04:00,31.850000381469727,32.290000915527344,31.690000534057617,31.821199417114258,932896,0.0,0.0
2023-10-31 11:30:00-04:00,31.825000762939453,32.08000183105469,31.780000686645508,32.0099983215332,597705,0.0,0.0
2023-10-31 12:30:00-04:00,32.0,32.09000015258789,31.844999313354492,31.975000381469727,388749,0.0,0.0
2023-10-31 13:30:00-04:00,31.975000381469727,32.09000015258789,31.889999389648438,31.899999618530273,343420,0.0,0.0
2023-10-31 14:30:00-04:00,31.899999618530273,32.2400016784668,31.899999618530273,32.10499954223633,461270,0.0,0.0
2023-10-31 15:30:00-04:00,32.099998474121094,32.119998931884766,31.809999465942383,31.809999465942383,1152967,0.0,0.0
2023-11-01 09:30:00-04:00,31.829999923706055,32.099998474121094,31.5,32.05009841918945,835416,0.0,0.0
2023-11-01 10:30:00-04:00,32.04999923706055,32.119998931884766,31.764999389648438,31.809999465942383,590889,0.0,0.0
2023-11-01 11:30:00-04:00,31.799999237060547,31.989999771118164,31.692100524902344,31.969900131225586,444553,0.0,0.0
2023-11-01 12:30:00-04:00,31.969999313354492,31.989900588989258,31.71500015258789,31.799999237060547,377547,0.0,0.0
2023-11-01 13:30:00-04:00,31.790000915527344,31.8799991607666,31.354999542236328,31.575000762939453,515440,0.0,0.0
2023-11-01 14:30:00-04:00,31.579999923706055,31.739999771118164,31.31999969482422,31.665000915527344,764719,0.0,0.0
2023-11-01 15:30:00-04:00,31.65999984741211,31.860000610351562,31.649999618530273,31.84000015258789,860215,0.0,0.0
2023-11-02 09:30:00-04:00,33.0,33.70000076293945,32.810001373291016,33.32500076293945,2238235,0.0,0.0
2023-11-02 10:30:00-04:00,33.310001373291016,33.58000183105469,33.08100128173828,33.44499969482422,1035634,0.0,0.0
2023-11-02 11:30:00-04:00,33.439998626708984,33.59000015258789,33.380001068115234,33.43000030517578,610649,0.0,0.0
2023-11-02 12:30:00-04:00,33.431400299072266,33.81999969482422,33.43000030517578,33.61000061035156,719984,0.0,0.0
2023-11-02 13:30:00-04:00,33.619998931884766,33.72999954223633,33.52000045776367,33.71500015258789,651987,0.0,0.0
2023-11-02 14:30:00-04:00,33.71500015258789,33.7400016784668,33.54999923706055,33.68000030517578,852197,0.0,0.0
2023-11-02 15:30:00-04:00,33.68000030517578,33.69499969482422,33.470001220703125,33.560001373291016,1366188,0.0,0.0
2023-11-03 09:30:00-04:00,33.400001525878906,34.7400016784668,33.400001525878906,34.209999084472656,2644509,0.0,0.0
2023-11-03 10:30:00-04:00,34.209999084472656,35.130001068115234,34.15999984741211,34.78499984741211,1928600,0.0,0.0
2023-11-03 11:30:00-04:00,34.790000915527344,34.93000030517578,34.66999816894531,34.7599983215332,918371,0.0,0.0
2023-11-03 12:30:00-04:00,34.7599983215332,35.04499816894531,34.755001068115234,34.89500045776367,760433,0.0,0.0
2023-11-03 13:30:00-04:00,34.900001525878906,35.029998779296875,34.7599983215332,35.02000045776367,591367,0.0,0.0
2023-11-03 14:30:00-04:00,35.025001525878906,35.04999923706055,34.83000183105469,34.85499954223633,1019315,0.0,0.0
2023-11-03 15:30:00-04:00,34.849998474121094,34.98500061035156,34.83000183105469,34.880001068115234,1870479,0.0,0.0
2023-11-06 09:30:00-05:00,35.560001373291016,35.70000076293945,33.84000015258789,34.51499938964844,3345007,0.0,0.0
2023-11-06 10:30:00-05:00,34.51499938964844,34.599998474121094,33.939998626708984,34.0,1168705,0.0,0.0
2023-11-06 11:30:00-05:00,34.0,34.14500045776367,33.75,33.875,1276502,0.0,0.0
2023-11-06 12:30:00-05:00,33.880001068115234,33.97999954223633,33.369998931884766,33.47999954223633,1029549,0.0,0.0
2023-11-06 13:30:00-05:00,33.4900016784668,33.75,33.459999084472656,33.744998931884766,690996,0.0,0.0
2023-11-06 14:30:00-05:00,33.7400016784668,33.81999969482422,33.459999084472656,33.72999954223633,1094897,0.0,0.0
2023-11-06 15:30:00-05:00,33.7400016784668,33.880001068115234,33.619998931884766,33.86000061035156,1398216,0.0,0.0
2023-11-07 09:30:00-05:00,34.04999923706055,34.7599983215332,33.45000076293945,34.72999954223633,3818424,0.0,0.0
2023-11-07 10:30:00-05:00,34.720001220703125,35.099998474121094,34.709999084472656,35.08000183105469,1992411,0.0,0.0
2023-11-07 11:30:00-05:00,35.08000183105469,35.29999923706055,34.79999923706055,35.005001068115234,1834475,0.0,0.0
2023-11-07 12:30:00-05:00,35.000301361083984,35.125,34.779998779296875,34.93000030517578,1286436,0.0,0.0
2023-11-07 13:30:00-05:00,34.93000030517578,35.15999984741211,34.86000061035156,35.11000061035156,1234119,0.0,0.0
2023-11-07 14:30:00-05:00,35.119998931884766,35.18000030517578,34.95000076293945,35.16279983520508,1575504,0.0,0.0
2023-11-07 15:30:00-05:00,35.16999816894531,35.279998779296875,34.95000076293945,35.08000183105469,2423129,0.0,0.0
2023-11-08 09:30:00-05:00,40.22999954223633,42.20000076293945,39.40999984741211,41.03919982910156,25517725,0.0,0.0
2023-11-08 10:30:00-05:00,41.04999923706055,41.65999984741211,40.8129997253418,41.375,7363725,0.0,0.0
2023-11-08 11:30:00-05:00,41.380001068115234,41.560001373291016,39.86000061035156,39.93000030517578,7878618,0.0,0.0
2023-11-08 12:30:00-05:00,39.91999816894531,40.650001525878906,39.86000061035156,40.540000915527344,3842841,0.0,0.0
2023-11-08 13:30:00-05:00,40.529998779296875,40.560001373291016,39.42499923706055,39.540401458740234,4994860,0.0,0.0
2023-11-08 14:30:00-05:00,39.54719924926758,39.88999938964844,39.27000045776367,39.42210006713867,5275574,0.0,0.0
2023-11-08 15:30:00-05:00,39.43000030517578,39.654998779296875,39.10020065307617,39.2400016784668,4914034,0.0,0.0
2023-11-09 09:30:00-05:00,38.86000061035156,39.08000183105469,37.45000076293945,38.060001373291016,4574423,0.0,0.0
2023-11-09 10:30:00-05:00,38.05849838256836,38.349998474121094,37.619998931884766,38.029998779296875,2163952,0.0,0.0
2023-11-09 11:30:00-05:00,38.03160095214844,38.08000183105469,37.720001220703125,37.88999938964844,1229496,0.0,0.0
2023-11-09 12:30:00-05:00,37.899898529052734,38.09000015258789,37.31999969482422,37.420101165771484,1442111,0.0,0.0
2023-11-09 13:30:00-05:00,37.41999816894531,37.81999969482422,37.29499816894531,37.744998931884766,1469256,0.0,0.0
2023-11-09 14:30:00-05:00,37.7400016784668,38.20000076293945,37.52000045776367,38.11000061035156,1739898,0.0,0.0
2023-11-09 15:30:00-05:00,38.099998474121094,38.16999816894531,38.02000045776367,38.040000915527344,2164916,0.0,0.0
2023-11-10 09:30:00-05:00,38.08000183105469,39.47999954223633,38.04999923706055,38.959999084472656,3533665,0.0,0.0
2023-11-10 10:30:00-05:00,38.950801849365234,39.220001220703125,38.5,39.10499954223633,1701932,0.0,0.0
2023-11-10 11:30:00-05:00,39.119998931884766,39.16999816894531,38.59000015258789,38.601898193359375,1205897,0.0,0.0
2023-11-10 12:30:00-05:00,38.60499954223633,38.70000076293945,38.189998626708984,38.23500061035156,1191883,0.0,0.0
2023-11-10 13:30:00-05:00,38.22999954223633,38.7400016784668,37.90999984741211,38.724998474121094,1630990,0.0,0.0
2023-11-10 14:30:00-05:00,38.724998474121094,38.86000061035156,38.45000076293945,38.5,1451893,0.0,0.0
2023-11-10 15:30:00-05:00,38.5099983215332,38.560001373291016,38.33000183105469,38.43000030517578,2023057,0.0,0.0
2023-11-13 09:30:00-05:00,38.04999923706055,38.165000915527344,37.1150016784668,37.790000915527344,2064588,0.0,0.0
2023-11-13 10:30:00-05:00,37.814998626708984,38.29999923706055,37.79990005493164,38.109798431396484,1341907,0.0,0.0
2023-11-13 11:30:00-05:00,38.099998474121094,38.439300537109375,38.040000915527344,38.369998931884766,1113539,0.0,0.0
2023-11-13 12:30:00-05:00,38.369998931884766,38.540000915527344,38.27000045776367,38.470001220703125,886334,0.0,0.0
2023-11-13 13:30:00-05:00,38.459999084472656,38.68170166015625,38.40999984741211,38.61000061035156,1075481,0.0,0.0
2023-11-13 14:30:00-05:00,38.6150016784668,38.78499984741211,38.540000915527344,38.724998474121094,1199367,0.0,0.0
2023-11-13 15:30:00-05:00,38.724998474121094,38.84000015258789,38.66999816894531,38.77000045776367,1662499,0.0,0.0
2023-11-14 09:30:00-05:00,40.13999938964844,40.34600067138672,39.28499984741211,39.38999938964844,3350640,0.0,0.0
2023-11-14 10:30:00-05:00,39.400001525878906,39.994998931884766,39.25149917602539,39.88999938964844,1576833,0.0,0.0
2023-11-14 11:30:00-05:00,39.88999938964844,40.0,39.66999816894531,39.7400016784668,1089802,0.0,0.0
2023-11-14 12:30:00-05:00,39.71500015258789,39.95029830932617,39.71500015258789,39.880001068115234,573617,0.0,0.0
2023-11-14 13:30:00-05:00,39.875,39.8849983215332,39.43000030517578,39.630001068115234,994198,0.0,0.0
2023-11-14 14:30:00-05:00,39.630001068115234,39.685001373291016,39.279998779296875,39.30500030517578,1544953,0.0,0.0
2023-11-14 15:30:00-05:00,39.30500030517578,39.39500045776367,39.209999084472656,39.25,1627852,0.0,0.0
2023-11-15 09:30:00-05:00,39.11000061035156,40.2599983215332,38.869998931884766,39.939998626708984,2372969,0.0,0.0
2023-11-15 10:30:00-05:00,39.95000076293945,40.36000061035156,39.70500183105469,40.310001373291016,1495221,0.0,0.0
2023-11-15 11:30:00-05:00,40.314998626708984,40.31999969482422,39.45000076293945,39.68000030517578,1377175,0.0,0.0
2023-11-15 12:30:00-05:00,39.68000030517578,39.849998474121094,39.525001525878906,39.83000183105469,832283,0.0,0.0
2023-11-15 13:30:00-05:00,39.830101013183594,41.88999938964844,39.439998626708984,39.9900016784668,7314120,0.0,0.0
2023-11-15 14:30:00-05:00,39.97999954223633,40.13999938964844,39.66999816894531,39.9900016784668,2783498,0.0,0.0
2023-11-15 15:30:00-05:00,39.9900016784668,40.01499938964844,39.52000045776367,39.7599983215332,3047298,0.0,0.0
2023-11-16 09:30:00-05:00,39.34579849243164,39.36000061035156,37.27000045776367,37.611000061035156,3383119,0.0,0.0
2023-11-16 10:30:00-05:00,37.6150016784668,37.76499938964844,37.38999938964844,37.6349983215332,2152661,0.0,0.0
2023-11-16 11:30:00-05:00,37.6349983215332,37.8650016784668,37.49020004272461,37.69499969482422,1751093,0.0,0.0
2023-11-16 12:30:00-05:00,37.69499969482422,37.974998474121094,37.6150016784668,37.92499923706055,1646661,0.0,0.0
2023-11-16 13:30:00-05:00,37.92499923706055,38.380001068115234,37.849998474121094,38.35499954223633,1340280,0.0,0.0
2023-11-16 14:30:00-05:00,38.349998474121094,38.439998626708984,38.16999816894531,38.25,1035178,0.0,0.0
2023-11-16 15:30:00-05:00,38.2400016784668,38.43000030517578,38.0343017578125,38.345001220703125,1537807,0.0,0.0
2023-11-17 09:30:00-05:00,38.720001220703125,38.720001220703125,37.69029998779297,38.154998779296875,2518885,0.0,0.0
2023-11-17 10:30:00-05:00,38.154998779296875,38.29999923706055,37.89500045776367,38.1150016784668,1118837,0.0,0.0
2023-11-17 11:30:00-05:00,38.1150016784668,38.119998931884766,37.834999084472656,37.970001220703125,1683304,0.0,0.0
2023-11-17 12:30:00-05:00,37.96500015258789,38.04800033569336,37.810001373291016,37.96500015258789,883635,0.0,0.0
2023-11-17 13:30:00-05:00,37.96979904174805,38.099998474121094,37.810001373291016,37.89500045776367,1238235,0.0,0.0
2023-11-17 14:30:00-05:00,37.88999938964844,37.89500045776367,37.56999969482422,37.63999938964844,1356309,0.0,0.0
2023-11-17 15:30:00-05:00,37.64659881591797,37.939998626708984,37.5,37.939998626708984,1697658,0.0,0.0
2023-11-20 09:30:00-05:00,37.849998474121094,38.09000015258789,37.55009841918945,37.60499954223633,1900012,0.0,0.0
2023-11-20 10:30:00-05:00,37.600101470947266,37.86000061035156,37.470001220703125,37.86000061035156,1269038,0.0,0.0
2023-11-20 11:30:00-05:00,37.86000061035156,38.0,37.744998931884766,37.95500183105469,1055350,0.0,0.0
2023-11-20 12:30:00-05:00,37.95500183105469,38.27000045776367,37.90999984741211,38.21500015258789,886451,0.0,0.0
2023-11-20 13:30:00-05:00,38.217498779296875,38.2599983215332,37.86009979248047,37.880001068115234,641072,0.0,0.0
2023-11-20 14:30:00-05:00,37.875,38.12739944458008,37.849998474121094,38.0,869033,0.0,0.0
2023-11-20 15:30:00-05:00,37.994998931884766,38.0,37.83000183105469,37.84000015258789,1457943,0.0,0.0
2023-11-21 09:30:00-05:00,37.3849983215332,37.43000030517578,36.564998626708984,36.720001220703125,2819822,0.0,0.0
2023-11-21 10:30:00-05:00,36.709999084472656,36.91600036621094,36.380001068115234,36.45000076293945,1868149,0.0,0.0
2023-11-21 11:30:00-05:00,36.439998626708984,36.73500061035156,36.369998931884766,36.564998626708984,1174943,0.0,0.0
2023-11-21 12:30:00-05:00,36.56999969482422,36.59000015258789,36.334999084472656,36.43000030517578,841522,0.0,0.0
2023-11-21 13:30:00-05:00,36.435001373291016,36.75,36.40999984741211,36.64500045776367,1109079,0.0,0.0
2023-11-21 14:30:00-05:00,36.64500045776367,36.86000061035156,36.58000183105469,36.82500076293945,996022,0.0,0.0
2023-11-21 15:30:00-05:00,36.82500076293945,36.82500076293945,36.6150016784668,36.7400016784668,2429097,0.0,0.0
2023-11-22 09:30:00-05:00,37.11000061035156,37.15999984741211,36.63999938964844,36.96500015258789,1788759,0.0,0.0
2023-11-22 10:30:00-05:00,36.96500015258789,37.18000030517578,36.78499984741211,37.07500076293945,764191,0.0,0.0
2023-11-22 11:30:00-05:00,37.08000183105469,37.349998474121094,37.05500030517578,37.345001220703125,573744,0.0,0.0
2023-11-22 12:30:00-05:00,37.345001220703125,37.849998474121094,37.290000915527344,37.81999969482422,1145908,0.0,0.0
2023-11-22 13:30:00-05:00,37.82500076293945,37.95000076293945,37.779998779296875,37.810001373291016,630798,0.0,0.0
2023-11-22 14:30:00-05:00,37.810001373291016,37.90999984741211,37.595001220703125,37.89500045776367,936966,0.0,0.0
2023-11-22 15:30:00-05:00,37.88999938964844,37.93000030517578,37.8125,37.81999969482422,804608,0.0,0.0
2023-11-24 09:30:00-05:00,37.47999954223633,38.150001525878906,37.47999954223633,37.90999984741211,1407184,0.0,0.0
2023-11-24 10:30:00-05:00,37.900001525878906,38.31999969482422,37.81999969482422,38.28499984741211,1345113,0.0,0.0
2023-11-24 11:30:00-05:00,38.28499984741211,38.29999923706055,38.060001373291016,38.150001525878906,752916,0.0,0.0
2023-11-27 09:30:00-05:00,37.84000015258789,38.782798767089844,37.84000015258789,38.782798767089844,1323478,0.0,0.0
2023-11-27 10:30:00-05:00,38.78499984741211,39.08000183105469,38.53799819946289,38.724998474121094,1057856,0.0,0.0
2023-11-27 11:30:00-05:00,38.720001220703125,38.93000030517578,38.619998931884766,38.900001525878906,631006,0.0,0.0
2023-11-27 12:30:00-05:00,38.90999984741211,38.98500061035156,38.720001220703125,38.904998779296875,567537,0.0,0.0
2023-11-27 13:30:00-05:00,38.900001525878906,38.900001525878906,38.61000061035156,38.72999954223633,480393,0.0,0.0
2023-11-27 14:30:00-05:00,38.724998474121094,38.7599983215332,38.529998779296875,38.71500015258789,612764,0.0,0.0
2023-11-27 15:30:00-05:00,38.720001220703125,38.790000915527344,38.595001220703125,38.61000061035156,825069,0.0,0.0
2023-11-28 09:30:00-05:00,38.5,39.189998626708984,38.369998931884766,38.599998474121094,1186994,0.0,0.0
2023-11-28 10:30:00-05:00,38.61000061035156,39.04999923706055,38.61000061035156,38.849998474121094,592233,0.0,0.0
2023-11-28 11:30:00-05:00,38.85499954223633,39.209999084472656,38.84479904174805,39.1150016784668,639129,0.0,0.0
2023-11-28 12:30:00-05:00,39.099998474121094,39.2599983215332,38.88999938964844,38.94499969482422,723752,0.0,0.0
2023-11-28 13:30:00-05:00,38.939998626708984,39.07500076293945,38.86000061035156,39.035499572753906,374941,0.0,0.0
2023-11-28 14:30:00-05:00,39.025001525878906,39.11000061035156,38.91999816894531,38.96799850463867,448724,0.0,0.0
2023-11-28 15:30:00-05:00,38.959999084472656,39.20000076293945,38.959999084472656,39.029998779296875,799700,0.0,0.0
2023-11-29 09:30:00-05:00,39.31999969482422,39.689300537109375,38.76499938964844,38.87710189819336,1379567,0.0,0.0
2023-11-29 10:30:00-05:00,38.875,38.9900016784668,38.56999969482422,38.58000183105469,723350,0.0,0.0
2023-11-29 11:30:00-05:00,38.56999969482422,38.88999938964844,38.5099983215332,38.779998779296875,575745,0.0,0.0
2023-11-29 12:30:00-05:00,38.76499938964844,39.025001525878906,38.75,38.88999938964844,381071,0.0,0.0
2023-11-29 13:30:00-05:00,38.88999938964844,38.962799072265625,38.775001525878906,38.90999984741211,342662,0.0,0.0
2023-11-29 14:30:00-05:00,38.91109848022461,38.92499923706055,38.69499969482422,38.75,641821,0.0,0.0
2023-11-29 15:30:00-05:00,38.7400016784668,38.7599983215332,38.540000915527344,38.66999816894531,908811,0.0,0.0
2023-11-30 09:30:00-05:00,38.68000030517578,39.54999923706055,38.68000030517578,39.45500183105469,1522031,0.0,0.0
2023-11-30 10:30:00-05:00,39.46500015258789,39.52980041503906,39.0,39.13100051879883,917377,0.0,0.0
2023-11-30 11:30:00-05:00,39.130001068115234,39.34000015258789,38.96500015258789,39.13999938964844,661688,0.0,0.0
2023-11-30 12:30:00-05:00,39.14500045776367,39.33000183105469,39.02000045776367,39.1150016784668,475131,0.0,0.0
2023-11-30 13:30:00-05:00,39.11000061035156,39.15950012207031,38.97990036010742,39.0099983215332,427323,0.0,0.0
2023-11-30 14:30:00-05:00,39.0099983215332,39.22999954223633,38.86000061035156,39.119998931884766,703193,0.0,0.0
2023-11-30 15:30:00-05:00,39.11000061035156,39.459999084472656,39.09000015258789,39.30659866333008,1674705,0.0,0.0
2023-12-01 09:30:00-05:00,39.130001068115234,39.790000915527344,38.9900016784668,39.625,1124374,0.0,0.0
2023-12-01 10:30:00-05:00,39.619998931884766,39.994998931884766,39.46500015258789,39.900001525878906,1121249,0.0,0.0
2023-12-01 11:30:00-05:00,39.89500045776367,40.189998626708984,39.73500061035156,40.185001373291016,1095897,0.0,0.0
2023-12-01 12:30:00-05:00,40.18000030517578,40.380001068115234,40.06999969482422,40.095001220703125,640321,0.0,0.0
2023-12-01 13:30:00-05:00,40.095001220703125,40.43000030517578,39.97600173950195,40.41999816894531,1058191,0.0,0.0
2023-12-01 14:30:00-05:00,40.42499923706055,40.470001220703125,40.2400016784668,40.45000076293945,950141,0.0,0.0
2023-12-01 15:30:00-05:00,40.44499969482422,40.47999954223633,40.2599983215332,40.45500183105469,1491114,0.0,0.0
2023-12-04 09:30:00-05:00,40.09000015258789,40.69499969482422,39.900001525878906,40.0,1352085,0.0,0.0
2023-12-04 10:30:00-05:00,39.97999954223633,40.46760177612305,39.81010055541992,40.42660140991211,885338,0.0,0.0
2023-12-04 11:30:00-05:00,40.41999816894531,40.91999816894531,40.31019973754883,40.90999984741211,854501,0.0,0.0
2023-12-04 12:30:00-05:00,40.90999984741211,41.0,40.68410110473633,40.79999923706055,582379,0.0,0.0
2023-12-04 13:30:00-05:00,40.779998779296875,41.4375,40.75,41.375,1294231,0.0,0.0
2023-12-04 14:30:00-05:00,41.38999938964844,41.48500061035156,41.19499969482422,41.34000015258789,852805,0.0,0.0
2023-12-04 15:30:00-05:00,41.349998474121094,41.599998474121094,41.209999084472656,41.220001220703125,1499643,0.0,0.0
2023-12-05 09:30:00-05:00,40.90999984741211,41.209999084472656,40.720001220703125,41.125,1228155,0.0,0.0
2023-12-05 10:30:00-05:00,41.1150016784668,41.33000183105469,41.029998779296875,41.20000076293945,878573,0.0,0.0
2023-12-05 11:30:00-05:00,41.17499923706055,41.244998931884766,40.814998626708984,40.845001220703125,627646,0.0,0.0
2023-12-05 12:30:00-05:00,40.849998474121094,40.880001068115234,40.540000915527344,40.66999816894531,660554,0.0,0.0
2023-12-05 13:30:00-05:00,40.68000030517578,40.77000045776367,40.4900016784668,40.52050018310547,487169,0.0,0.0
2023-12-05 14:30:00-05:00,40.529998779296875,40.7400016784668,40.345001220703125,40.650001525878906,673713,0.0,0.0
2023-12-05 15:30:00-05:00,40.63999938964844,40.72999954223633,40.474998474121094,40.66999816894531,970990,0.0,0.0
2023-12-06 09:30:00-05:00,40.790000915527344,41.459999084472656,40.2400016784668,40.400001525878906,1951389,0.0,0.0
2023-12-06 10:30:00-05:00,40.400001525878906,40.970001220703125,40.400001525878906,40.66999816894531,1032661,0.0,0.0
2023-12-06 11:30:00-05:00,40.665000915527344,40.7400016784668,40.375,40.529998779296875,871363,0.0,0.0
2023-12-06 12:30:00-05:00,40.5349006652832,40.65999984741211,40.29499816894531,40.400001525878906,579234,0.0,0.0
2023-12-06 13:30:00-05:00,40.3932991027832,40.3932991027832,39.9900016784668,40.005001068115234,719157,0.0,0.0
2023-12-06 14:30:00-05:00,40.005001068115234,40.18000030517578,39.790000915527344,39.84000015258789,955520,0.0,0.0
2023-12-06 15:30:00-05:00,39.84000015258789,39.970001220703125,39.779998779296875,39.959999084472656,1361211,0.0,0.0
2023-12-07 09:30:00-05:00,39.86000061035156,40.48500061035156,39.540000915527344,40.16999816894531,1413683,0.0,0.0
2023-12-07 10:30:00-05:00,40.179901123046875,40.244998931884766,39.78099822998047,39.950199127197266,649248,0.0,0.0
2023-12-07 11:30:00-05:00,39.959999084472656,40.025001525878906,39.79990005493164,39.869998931884766,576081,0.0,0.0
2023-12-07 12:30:00-05:00,39.86830139160156,39.880001068115234,39.32469940185547,39.447898864746094,1051066,0.0,0.0
2023-12-07 13:30:00-05:00,39.439998626708984,39.529998779296875,39.31999969482422,39.5099983215332,688626,0.0,0.0
2023-12-07 14:30:00-05:00,39.505001068115234,39.66999816894531,39.42499923706055,39.64500045776367,665755,0.0,0.0
2023-12-07 15:30:00-05:00,39.63999938964844,39.880001068115234,39.58000183105469,39.86000061035156,1063110,0.0,0.0
2023-12-08 09:30:00-05:00,41.95000076293945,42.279998779296875,40.560001373291016,40.59000015258789,7515388,0.0,0.0
2023-12-08 10:30:00-05:00,40.59000015258789,40.72999954223633,40.02000045776367,40.709999084472656,2297958,0.0,0.0
2023-12-08 11:30:00-05:00,40.709999084472656,41.269500732421875,40.47999954223633,41.01499938964844,1654506,0.0,0.0
2023-12-08 12:30:00-05:00,41.01499938964844,41.096900939941406,40.844398498535156,40.915000915527344,714717,0.0,0.0
2023-12-08 13:30:00-05:00,40.91999816894531,41.18000030517578,40.86000061035156,41.1150016784668,815898,0.0,0.0
2023-12-08 14:30:00-05:00,41.119998931884766,41.18000030517578,40.91999816894531,41.04499816894531,917010,0.0,0.0
2023-12-08 15:30:00-05:00,41.04130172729492,41.189998626708984,40.804500579833984,40.83000183105469,1278938,0.0,0.0
2023-12-11 09:30:00-05:00,40.779998779296875,41.02629852294922,40.189998626708984,40.290000915527344,1323267,0.0,0.0
2023-12-11 10:30:00-05:00,40.290000915527344,40.5099983215332,40.125,40.279998779296875,717895,0.0,0.0
2023-12-11 11:30:00-05:00,40.28499984741211,40.61000061035156,40.209999084472656,40.470001220703125,493960,0.0,0.0
2023-12-11 12:30:00-05:00,40.48500061035156,40.869998931884766,40.470001220703125,40.540000915527344,561702,0.0,0.0
2023-12-11 13:30:00-05:00,40.54999923706055,40.75,40.41999816894531,40.66999816894531,521690,0.0,0.0
2023-12-11 14:30:00-05:00,40.66999816894531,40.67499923706055,40.400001525878906,40.459999084472656,639147,0.0,0.0
2023-12-11 15:30:00-05:00,40.45500183105469,40.5099983215332,40.400001525878906,40.470001220703125,931398,0.0,0.0
2023-12-12 09:30:00-05:00,40.59000015258789,41.0099983215332,40.310001373291016,40.94499969482422,1238313,0.0,0.0
2023-12-12 10:30:00-05:00,40.95000076293945,41.93000030517578,40.95000076293945,41.79999923706055,1461132,0.0,0.0
2023-12-12 11:30:00-05:00,41.79999923706055,41.939998626708984,41.59000015258789,41.84090042114258,897803,0.0,0.0
2023-12-12 12:30:00-05:00,41.86000061035156,42.025001525878906,41.56999969482422,42.0099983215332,795297,0.0,0.0
2023-12-12 13:30:00-05:00,42.0099983215332,42.040000915527344,41.724998474121094,41.77000045776367,717471,0.0,0.0
2023-12-12 14:30:00-05:00,41.76499938964844,41.95989990234375,41.72999954223633,41.90999984741211,680540,0.0,0.0
2023-12-12 15:30:00-05:00,41.900001525878906,42.18000030517578,41.83000183105469,42.040000915527344,1322760,0.0,0.0
2023-12-13 09:30:00-05:00,43.0,43.72999954223633,42.7599983215332,43.009498596191406,4248088,0.0,0.0
2023-12-13 10:30:00-05:00,42.9900016784668,43.040000915527344,42.540000915527344,42.63999938964844,1172031,0.0,0.0
2023-12-13 11:30:00-05:00,42.63999938964844,42.63999938964844,42.2400016784668,42.440799713134766,793281,0.0,0.0
2023-12-13 12:30:00-05:00,42.44499969482422,42.58000183105469,42.255001068115234,42.369998931884766,754107,0.0,0.0
2023-12-13 13:30:00-05:00,42.3650016784668,43.150001525878906,42.314998626708984,43.06999969482422,1384888,0.0,0.0
2023-12-13 14:30:00-05:00,43.060001373291016,43.989898681640625,42.95500183105469,43.47999954223633,2274037,0.0,0.0
2023-12-13 15:30:00-05:00,43.4900016784668,43.755001068115234,43.2400016784668,43.31990051269531,2032965,0.0,0.0
2023-12-14 09:30:00-05:00,43.79999923706055,44.44969940185547,43.61000061035156,44.05590057373047,2851229,0.0,0.0
2023-12-14 10:30:00-05:00,44.060001373291016,44.390098571777344,43.689998626708984,44.0,1314945,0.0,0.0
2023-12-14 11:30:00-05:00,44.0099983215332,44.4900016784668,43.91999816894531,44.399898529052734,1061238,0.0,0.0
2023-12-14 12:30:00-05:00,44.38999938964844,44.45800018310547,43.90999984741211,43.970001220703125,941359,0.0,0.0
2023-12-14 13:30:00-05:00,43.959999084472656,44.349998474121094,43.77000045776367,44.339900970458984,861168,0.0,0.0
2023-12-14 14:30:00-05:00,44.33000183105469,44.529998779296875,44.081199645996094,44.375,1214010,0.0,0.0
2023-12-14 15:30:00-05:00,44.369998931884766,44.619998931884766,44.314998626708984,44.5099983215332,2367091,0.0,0.0
2023-12-15 09:30:00-05:00,44.720001220703125,44.77000045776367,43.72999954223633,43.9900016784668,2093836,0.0,0.0
2023-12-15 10:30:00-05:00,44.0,44.38999938964844,43.88010025024414,44.040000915527344,939038,0.0,0.0
2023-12-15 11:30:00-05:00,44.040000915527344,44.33000183105469,43.90999984741211,44.209999084472656,761658,0.0,0.0
2023-12-15 12:30:00-05:00,44.209999084472656,44.2400016784668,43.380001068115234,43.669898986816406,1360770,0.0,0.0
2023-12-15 13:30:00-05:00,43.65999984741211,43.72999954223633,43.33000183105469,43.54499816894531,1244453,0.0,0.0
2023-12-15 14:30:00-05:00,43.54499816894531,43.93000030517578,43.5099983215332,43.71500015258789,889882,0.0,0.0
2023-12-15 15:30:00-05:00,43.709999084472656,44.09000015258789,43.70500183105469,43.93000030517578,1531962,0.0,0.0
2023-12-18 09:30:00-05:00,43.84000015258789,44.3650016784668,43.380001068115234,44.06999969482422,1276750,0.0,0.0
2023-12-18 10:30:00-05:00,44.08000183105469,44.290000915527344,43.86000061035156,44.28499984741211,729661,0.0,0.0
2023-12-18 11:30:00-05:00,44.279998779296875,44.560001373291016,44.22999954223633,44.439998626708984,768370,0.0,0.0
2023-12-18 12:30:00-05:00,44.459999084472656,45.03499984741211,44.404998779296875,44.959999084472656,943297,0.0,0.0
2023-12-18 13:30:00-05:00,44.959999084472656,45.08000183105469,44.869998931884766,44.915000915527344,918626,0.0,0.0
2023-12-18 14:30:00-05:00,44.90999984741211,44.935001373291016,44.599998474121094,44.60499954223633,820890,0.0,0.0
2023-12-18 15:30:00-05:00,44.60499954223633,44.63999938964844,44.400001525878906,44.48500061035156,1133560,0.0,0.0
2023-12-19 09:30:00-05:00,44.58000183105469,44.900001525878906,44.2599983215332,44.5,1398735,0.0,0.0
2023-12-19 10:30:00-05:00,44.5010986328125,44.654998779296875,44.29999923706055,44.45000076293945,739235,0.0,0.0
2023-12-19 11:30:00-05:00,44.439998626708984,44.59000015258789,44.38999938964844,44.52000045776367,509915,0.0,0.0
2023-12-19 12:30:00-05:00,44.52000045776367,44.619998931884766,44.36000061035156,44.40999984741211,440332,0.0,0.0
2023-12-19 13:30:00-05:00,44.40999984741211,44.599998474121094,44.400001525878906,44.540000915527344,409675,0.0,0.0
2023-12-19 14:30:00-05:00,44.53499984741211,44.86000061035156,44.52859878540039,44.78499984741211,744856,0.0,0.0
2023-12-19 15:30:00-05:00,44.78499984741211,44.849998474121094,44.52000045776367,44.72999954223633,1255370,0.0,0.0
2023-12-20 09:30:00-05:00,44.720001220703125,45.17679977416992,44.12950134277344,44.939998626708984,1713757,0.0,0.0
2023-12-20 10:30:00-05:00,44.930999755859375,44.97999954223633,44.56010055541992,44.77009963989258,997780,0.0,0.0
2023-12-20 11:30:00-05:00,44.790000915527344,44.939998626708984,44.65999984741211,44.689998626708984,572993,0.0,0.0
2023-12-20 12:30:00-05:00,44.689998626708984,45.06999969482422,44.630001068115234,44.92499923706055,552081,0.0,0.0
2023-12-20 13:30:00-05:00,44.92499923706055,45.029998779296875,44.779998779296875,44.880001068115234,522223,0.0,0.0
2023-12-20 14:30:00-05:00,44.862998962402344,44.89500045776367,43.775001525878906,43.86000061035156,1546511,0.0,0.0
2023-12-20 15:30:00-05:00,43.86000061035156,44.029998779296875,43.689998626708984,43.84000015258789,863409,0.0,0.0
2023-12-21 09:30:00-05:00,44.18000030517578,44.47999954223633,43.2599983215332,43.77000045776367,1744251,0.0,0.0
2023-12-21 10:30:00-05:00,43.779998779296875,43.939998626708984,43.47999954223633,43.77000045776367,700771,0.0,0.0
2023-12-21 11:30:00-05:00,43.77000045776367,43.875,43.59000015258789,43.83000183105469,531317,0.0,0.0
2023-12-21 12:30:00-05:00,43.84000015258789,43.91999816894531,43.630001068115234,43.867000579833984,493612,0.0,0.0
2023-12-21 13:30:00-05:00,43.8650016784668,44.189998626708984,43.814998626708984,44.11579895019531,432658,0.0,0.0
2023-12-21 14:30:00-05:00,44.119998931884766,44.310001373291016,44.060001373291016,44.310001373291016,511972,0.0,0.0
2023-12-21 15:30:00-05:00,44.310001373291016,44.51499938964844,44.290000915527344,44.45000076293945,859905,0.0,0.0
2023-12-22 09:30:00-05:00,43.470001220703125,45.525001525878906,43.470001220703125,45.369998931884766,3417356,0.0,0.0
2023-12-22 10:30:00-05:00,45.38999938964844,45.599998474121094,45.119998931884766,45.189998626708984,1117813,0.0,0.0
2023-12-22 11:30:00-05:00,45.209999084472656,45.720001220703125,45.13019943237305,45.45000076293945,896208,0.0,0.0
2023-12-22 12:30:00-05:00,45.44499969482422,45.54499816894531,45.39500045776367,45.5099983215332,451759,0.0,0.0
2023-12-22 13:30:00-05:00,45.505001068115234,45.709999084472656,45.33000183105469,45.34000015258789,787678,0.0,0.0
2023-12-22 14:30:00-05:00,45.349998474121094,46.078399658203125,45.31999969482422,45.974998474121094,1412035,0.0,0.0
2023-12-22 15:30:00-05:00,45.974998474121094,46.119998931884766,45.89500045776367,45.959999084472656,1419871,0.0,0.0
2023-12-26 09:30:00-05:00,46.02000045776367,46.7599983215332,45.880001068115234,46.755001068115234,2238102,0.0,0.0
2023-12-26 10:30:00-05:00,46.75170135498047,46.849998474121094,46.5,46.59230041503906,1191098,0.0,0.0
2023-12-26 11:30:00-05:00,46.595001220703125,46.880001068115234,46.591400146484375,46.80950164794922,753447,0.0,0.0
2023-12-26 12:30:00-05:00,46.810001373291016,46.85219955444336,46.45009994506836,46.474998474121094,640003,0.0,0.0
2023-12-26 13:30:00-05:00,46.47890090942383,46.70000076293945,46.349998474121094,46.669700622558594,664390,0.0,0.0
2023-12-26 14:30:00-05:00,46.665000915527344,46.71500015258789,46.52289962768555,46.691898345947266,579182,0.0,0.0
2023-12-26 15:30:00-05:00,46.69499969482422,46.790000915527344,46.380001068115234,46.380001068115234,967497,0.0,0.0
2023-12-27 09:30:00-05:00,46.43000030517578,46.8849983215332,46.150001525878906,46.2599983215332,1408718,0.0,0.0
2023-12-27 10:30:00-05:00,46.26499938964844,46.56829833984375,46.21500015258789,46.41999816894531,559862,0.0,0.0
2023-12-27 11:30:00-05:00,46.42499923706055,46.68000030517578,46.38999938964844,46.64500045776367,646832,0.0,0.0
2023-12-27 12:30:00-05:00,46.64500045776367,46.88999938964844,46.58000183105469,46.85499954223633,709476,0.0,0.0
2023-12-27 13:30:00-05:00,46.849998474121094,46.88999938964844,46.584999084472656,46.71839904785156,582431,0.0,0.0
2023-12-27 14:30:00-05:00,46.720001220703125,46.875,46.68000030517578,46.875,572313,0.0,0.0
2023-12-27 15:30:00-05:00,46.875,46.91849899291992,46.7400016784668,46.849998474121094,807517,0.0,0.0
2023-12-28 09:30:00-05:00,46.720001220703125,47.04999923706055,46.52000045776367,46.86000061035156,1408222,0.0,0.0
2023-12-28 10:30:00-05:00,46.87839889526367,47.20000076293945,46.779998779296875,46.915000915527344,698384,0.0,0.0
2023-12-28 11:30:00-05:00,46.90999984741211,47.04750061035156,46.850101470947266,46.904998779296875,458523,0.0,0.0
2023-12-28 12:30:00-05:00,46.90999984741211,46.96969985961914,46.7599983215332,46.869998931884766,323689,0.0,0.0
2023-12-28 13:30:00-05:00,46.87200164794922,46.880001068115234,46.619998931884766,46.685001373291016,429989,0.0,0.0
2023-12-28 14:30:00-05:00,46.68989944458008,46.724998474121094,46.439998626708984,46.56999969482422,717650,0.0,0.0
2023-12-28 15:30:00-05:00,46.56999969482422,46.650001525878906,46.30500030517578,46.459999084472656,887130,0.0,0.0
2023-12-29 09:30:00-05:00,46.43000030517578,47.029998779296875,46.310001373291016,46.470001220703125,1197999,0.0,0.0
2023-12-29 10:30:00-05:00,46.46500015258789,46.47999954223633,45.76499938964844,45.970001220703125,1113862,0.0,0.0
2023-12-29 11:30:00-05:00,45.974998474121094,46.255001068115234,45.89500045776367,45.904998779296875,584482,0.0,0.0
2023-12-29 12:30:00-05:00,45.904998779296875,46.149898529052734,45.88999938964844,46.010101318359375,558622,0.0,0.0
2023-12-29 13:30:00-05:00,46.02000045776367,46.5,46.0,46.13999938964844,863273,0.0,0.0
2023-12-29 14:30:00-05:00,46.1349983215332,46.21500015258789,45.959999084472656,45.994998931884766,637278,0.0,0.0
2023-12-29 15:30:00-05:00,45.994998931884766,46.09000015258789,45.689998626708984,45.7599983215332,1574465,0.0,0.0
2024-01-02 09:30:00-05:00,44.459999084472656,44.959999084472656,43.70000076293945,43.7400016784668,1739554,0.0,0.0
2024-01-02 10:30:00-05:00,43.75,43.7599983215332,43.5,43.65999984741211,830444,0.0,0.0
2024-01-02 11:30:00-05:00,43.66999816894531,44.139198303222656,43.64500045776367,43.810001373291016,761066,0.0,0.0
2024-01-02 12:30:00-05:00,43.80970001220703,43.93000030517578,43.38999938964844,43.540000915527344,749167,0.0,0.0
2024-01-02 13:30:00-05:00,43.54899978637695,43.630001068115234,43.290000915527344,43.470001220703125,495485,0.0,0.0
2024-01-02 14:30:00-05:00,43.46500015258789,43.47999954223633,43.11000061035156,43.130001068115234,682762,0.0,0.0
2024-01-02 15:30:00-05:00,43.130001068115234,43.13999938964844,42.79999923706055,42.9900016784668,1349798,0.0,0.0
2024-01-03 09:30:00-05:00,42.220001220703125,42.60499954223633,41.665000915527344,41.67499923706055,1505988,0.0,0.0
2024-01-03 10:30:00-05:00,41.67499923706055,42.119998931884766,41.505001068115234,42.03160095214844,1064823,0.0,0.0
2024-01-03 11:30:00-05:00,42.03499984741211,42.369998931884766,42.0099983215332,42.20000076293945,799015,0.0,0.0
2024-01-03 12:30:00-05:00,42.189998626708984,42.375,42.130001068115234,42.220001220703125,460927,0.0,0.0
2024-01-03 13:30:00-05:00,42.220001220703125,42.23500061035156,41.86119842529297,42.224998474121094,555313,0.0,0.0
2024-01-03 14:30:00-05:00,42.22999954223633,42.31999969482422,41.970001220703125,42.02000045776367,617999,0.0,0.0
2024-01-03 15:30:00-05:00,42.025001525878906,42.1349983215332,41.869998931884766,41.88999938964844,752374,0.0,0.0
2024-01-04 09:30:00-05:00,41.900001525878906,42.33000183105469,41.20000076293945,42.27000045776367,1080608,0.0,0.0
2024-01-04 10:30:00-05:00,42.27000045776367,42.59000015258789,42.162498474121094,42.310001373291016,747528,0.0,0.0
2024-01-04 11:30:00-05:00,42.29999923706055,42.54999923706055,42.2400016784668,42.54499816894531,553753,0.0,0.0
2024-01-04 12:30:00-05:00,42.54499816894531,42.939998626708984,42.494998931884766,42.75,690800,0.0,0.0
2024-01-04 13:30:00-05:00,42.7599983215332,42.959999084472656,42.720001220703125,42.755001068115234,584818,0.0,0.0
2024-01-04 14:30:00-05:00,42.7400016784668,42.880001068115234,42.56999969482422,42.86600112915039,630170,0.0,0.0
2024-01-04 15:30:00-05:00,42.869998931884766,42.96770095825195,42.61000061035156,42.65999984741211,986168,0.0,0.0
2024-01-05 09:30:00-05:00,42.130001068115234,42.65999984741211,41.709999084472656,42.029998779296875,1786582,0.0,0.0
2024-01-05 10:30:00-05:00,42.040000915527344,42.2599983215332,41.7400016784668,41.79499816894531,925717,0.0,0.0
2024-01-05 11:30:00-05:00,41.790000915527344,41.97999954223633,41.720001220703125,41.84000015258789,641408,0.0,0.0
2024-01-05 12:30:00-05:00,41.83000183105469,41.96900177001953,41.599998474121094,41.73500061035156,535012,0.0,0.0
2024-01-05 13:30:00-05:00,41.7400016784668,42.0,41.720001220703125,41.91999816894531,451703,0.0,0.0
2024-01-05 14:30:00-05:00,41.915000915527344,41.9900016784668,41.66999816894531,41.814998626708984,605354,0.0,0.0
2024-01-05 15:30:00-05:00,41.814998626708984,41.82500076293945,41.66999816894531,41.720001220703125,974005,0.0,0.0
2024-01-08 09:30:00-05:00,42.0,42.099998474121094,41.22999954223633,41.5,1484138,0.0,0.0
2024-01-08 10:30:00-05:00,41.5,42.15999984741211,41.474998474121094,41.97999954223633,863693,0.0,0.0
2024-01-08 11:30:00-05:00,41.97999954223633,42.005001068115234,41.7599983215332,41.900001525878906,580257,0.0,0.0
2024-01-08 12:30:00-05:00,41.900001525878906,42.2400016784668,41.88999938964844,42.13999938964844,458175,0.0,0.0
2024-01-08 13:30:00-05:00,42.13999938964844,42.369998931884766,42.1150016784668,42.14500045776367,559951,0.0,0.0
2024-01-08 14:30:00-05:00,42.14500045776367,42.23500061035156,42.029998779296875,42.189998626708984,528919,0.0,0.0
2024-01-08 15:30:00-05:00,42.185001373291016,42.369998931884766,42.125,42.22999954223633,972249,0.0,0.0
2024-01-09 09:30:00-05:00,42.040000915527344,42.68000030517578,41.834999084472656,42.41999816894531,1111964,0.0,0.0
2024-01-09 10:30:00-05:00,42.43000030517578,42.75,42.34000015258789,42.72999954223633,671730,0.0,0.0
2024-01-09 11:30:00-05:00,42.75,42.80500030517578,42.42499923706055,42.45000076293945,375765,0.0,0.0
2024-01-09 12:30:00-05:00,42.47999954223633,42.6598014831543,42.38999938964844,42.470001220703125,299679,0.0,0.0
2024-01-09 13:30:00-05:00,42.470001220703125,42.709999084472656,42.40999984741211,42.595001220703125,435285,0.0,0.0
2024-01-09 14:30:00-05:00,42.595001220703125,42.654998779296875,42.36000061035156,42.38999938964844,448308,0.0,0.0
2024-01-09 15:30:00-05:00,42.400001525878906,42.41999816894531,42.20000076293945,42.310001373291016,840493,0.0,0.0
2024-01-10 09:30:00-05:00,42.08000183105469,42.29999923706055,41.40999984741211,42.10499954223633,1372756,0.0,0.0
2024-01-10 10:30:00-05:00,42.10499954223633,42.47999954223633,41.7599983215332,41.79999923706055,896469,0.0,0.0
2024-01-10 11:30:00-05:00,41.79499816894531,41.970001220703125,41.47999954223633,41.91999816894531,817786,0.0,0.0
2024-01-10 12:30:00-05:00,41.91999816894531,42.040000915527344,41.875,41.88999938964844,379269,0.0,0.0
2024-01-10 13:30:00-05:00,41.89720153808594,42.25,41.875,42.180999755859375,340794,0.0,0.0
2024-01-10 14:30:00-05:00,42.18000030517578,42.20500183105469,41.70000076293945,41.720001220703125,740110,0.0,0.0
2024-01-10 15:30:00-05:00,41.71500015258789,41.79999923706055,41.619998931884766,41.775001525878906,925226,0.0,0.0
2024-01-11 09:30:00-05:00,41.720001220703125,42.5525016784668,41.595001220703125,41.95500183105469,1889798,0.0,0.0
2024-01-11 10:30:00-05:00,41.939998626708984,42.334999084472656,41.599998474121094,41.619998931884766,848533,0.0,0.0
2024-01-11 11:30:00-05:00,41.61000061035156,41.90999984741211,41.5099983215332,41.78900146484375,690903,0.0,0.0
2024-01-11 12:30:00-05:00,41.790000915527344,42.5,41.70009994506836,42.45500183105469,639714,0.0,0.0
2024-01-11 13:30:00-05:00,42.45000076293945,42.540000915527344,42.21009826660156,42.33000183105469,557889,0.0,0.0
2024-01-11 14:30:00-05:00,42.34410095214844,42.73809814453125,42.31999969482422,42.650001525878906,807728,0.0,0.0
2024-01-11 15:30:00-05:00,42.65999984741211,42.73500061035156,42.41999816894531,42.44499969482422,994937,0.0,0.0
2024-01-12 09:30:00-05:00,41.25,42.150001525878906,41.25,41.459999084472656,2049542,0.0,0.0
2024-01-12 10:30:00-05:00,41.45000076293945,41.75,41.25,41.685001373291016,606169,0.0,0.0
2024-01-12 11:30:00-05:00,41.68000030517578,41.720001220703125,41.279998779296875,41.33000183105469,533180,0.0,0.0
2024-01-12 12:30:00-05:00,41.32500076293945,41.375,41.06999969482422,41.36000061035156,441657,0.0,0.0
2024-01-12 13:30:00-05:00,41.369998931884766,41.38999938964844,41.220001220703125,41.29999923706055,378126,0.0,0.0
2024-01-12 14:30:00-05:00,41.30500030517578,41.345001220703125,40.970001220703125,40.9900016784668,647850,0.0,0.0
2024-01-12 15:30:00-05:00,40.98970031738281,41.029998779296875,40.83000183105469,40.939998626708984,930481,0.0,0.0
2024-01-16 09:30:00-05:00,40.40999984741211,40.7599983215332,40.0099983215332,40.5,1433187,0.0,0.0
2024-01-16 10:30:00-05:00,40.5,40.52000045776367,39.68000030517578,39.935001373291016,1218869,0.0,0.0
2024-01-16 11:30:00-05:00,39.939998626708984,40.11000061035156,39.72999954223633,39.83000183105469,685402,0.0,0.0
2024-01-16 12:30:00-05:00,39.82699966430664,39.90999984741211,39.75,39.89500045776367,445699,0.0,0.0
2024-01-16 13:30:00-05:00,39.900001525878906,39.925498962402344,39.619998931884766,39.689998626708984,692407,0.0,0.0
2024-01-16 14:30:00-05:00,39.69499969482422,39.720001220703125,39.42499923706055,39.46500015258789,884676,0.0,0.0
2024-01-16 15:30:00-05:00,39.459999084472656,39.5,39.08000183105469,39.349998474121094,1882457,0.0,0.0
2024-01-17 09:30:00-05:00,38.6349983215332,38.66999816894531,37.83000183105469,38.1150016784668,1472496,0.0,0.0
2024-01-17 10:30:00-05:00,38.11000061035156,38.18000030517578,37.900001525878906,37.95000076293945,736816,0.0,0.0
2024-01-17 11:30:00-05:00,37.95000076293945,38.084999084472656,37.83000183105469,37.939998626708984,744101,0.0,0.0
2024-01-17 12:30:00-05:00,37.939998626708984,38.099998474121094,37.900001525878906,37.98500061035156,525679,0.0,0.0
2024-01-17 13:30:00-05:00,37.97999954223633,38.04999923706055,37.755001068115234,37.875,780909,0.0,0.0
2024-01-17 14:30:00-05:00,37.880001068115234,38.48500061035156,37.86000061035156,38.41450119018555,584555,0.0,0.0
2024-01-17 15:30:00-05:00,38.415000915527344,38.7400016784668,38.279998779296875,38.70000076293945,1092443,0.0,0.0
2024-01-18 09:30:00-05:00,38.88999938964844,38.91999816894531,38.290000915527344,38.592498779296875,1018077,0.0,0.0
2024-01-18 10:30:00-05:00,38.599998474121094,38.709999084472656,38.369998931884766,38.63999938964844,714792,0.0,0.0
2024-01-18 11:30:00-05:00,38.650001525878906,38.720001220703125,38.43000030517578,38.59000015258789,618564,0.0,0.0
2024-01-18 12:30:00-05:00,38.58449935913086,38.685001373291016,38.310001373291016,38.38999938964844,484134,0.0,0.0
2024-01-18 13:30:00-05:00,38.38999938964844,38.70000076293945,38.3650016784668,38.689998626708984,422581,0.0,0.0
2024-01-18 14:30:00-05:00,38.70000076293945,38.974998474121094,38.66999816894531,38.89500045776367,855340,0.0,0.0
2024-01-18 15:30:00-05:00,38.89500045776367,38.974998474121094,38.77000045776367,38.869998931884766,1048675,0.0,0.0
2024-01-19 09:30:00-05:00,39.13999938964844,39.13999938964844,38.5,38.65999984741211,842836,0.0,0.0
2024-01-19 10:30:00-05:00,38.625,38.83000183105469,38.494998931884766,38.52000045776367,510814,0.0,0.0
2024-01-19 11:30:00-05:00,38.5099983215332,38.595001220703125,38.334999084472656,38.540000915527344,454381,0.0,0.0
2024-01-19 12:30:00-05:00,38.54999923706055,38.73500061035156,38.47999954223633,38.51499938964844,506845,0.0,0.0
2024-01-19 13:30:00-05:00,38.5098991394043,38.665000915527344,38.41999816894531,38.58000183105469,483379,0.0,0.0
2024-01-19 14:30:00-05:00,38.57059860229492,38.68989944458008,38.474998474121094,38.654998779296875,833857,0.0,0.0
2024-01-19 15:30:00-05:00,38.650001525878906,38.68000030517578,38.5099983215332,38.68000030517578,1117709,0.0,0.0
2024-01-22 09:30:00-05:00,39.380001068115234,41.20000076293945,39.34000015258789,40.720001220703125,2498500,0.0,0.0
2024-01-22 10:30:00-05:00,40.72999954223633,40.73500061035156,40.13999938964844,40.573001861572266,1160623,0.0,0.0
2024-01-22 11:30:00-05:00,40.57500076293945,40.58000183105469,40.209999084472656,40.435001373291016,838492,0.0,0.0
2024-01-22 12:30:00-05:00,40.43009948730469,40.470001220703125,40.01499938964844,40.029998779296875,628426,0.0,0.0
2024-01-22 13:30:00-05:00,40.03010177612305,40.40999984741211,40.025001525878906,40.165000915527344,759464,0.0,0.0
2024-01-22 14:30:00-05:00,40.16999816894531,40.560001373291016,40.130001068115234,40.525001525878906,596690,0.0,0.0
2024-01-22 15:30:00-05:00,40.522701263427734,40.66999816894531,40.40999984741211,40.459999084472656,1203642,0.0,0.0
2024-01-23 09:30:00-05:00,41.150001525878906,42.349998474121094,41.060001373291016,41.709999084472656,2421266,0.0,0.0
2024-01-23 10:30:00-05:00,41.70500183105469,41.709999084472656,40.77000045776367,40.939998626708984,836960,0.0,0.0
2024-01-23 11:30:00-05:00,40.935001373291016,41.130001068115234,40.7599983215332,40.974998474121094,586578,0.0,0.0
2024-01-23 12:30:00-05:00,40.97999954223633,41.02000045776367,40.83000183105469,41.0,343733,0.0,0.0
2024-01-23 13:30:00-05:00,40.99869918823242,41.005001068115234,40.560001373291016,40.59000015258789,429684,0.0,0.0
2024-01-23 14:30:00-05:00,40.560001373291016,40.970001220703125,40.540000915527344,40.88999938964844,542502,0.0,0.0
2024-01-23 15:30:00-05:00,40.880001068115234,40.959999084472656,40.72999954223633,40.7599983215332,927350,0.0,0.0
2024-01-24 09:30:00-05:00,41.310001373291016,41.779998779296875,40.900001525878906,41.60499954223633,1322396,0.0,0.0
2024-01-24 10:30:00-05:00,41.61000061035156,41.869998931884766,41.20000076293945,41.22999954223633,778027,0.0,0.0
2024-01-24 11:30:00-05:00,41.239898681640625,41.540000915527344,41.21500015258789,41.38999938964844,416894,0.0,0.0
2024-01-24 12:30:00-05:00,41.39500045776367,41.6150016784668,41.125,41.18000030517578,492467,0.0,0.0
2024-01-24 13:30:00-05:00,41.185001373291016,41.2599983215332,41.0,41.04499816894531,635233,0.0,0.0
2024-01-24 14:30:00-05:00,41.04999923706055,41.17499923706055,40.95000076293945,41.025001525878906,666381,0.0,0.0
2024-01-24 15:30:00-05:00,41.02000045776367,41.025001525878906,40.689998626708984,40.81999969482422,774434,0.0,0.0
2024-01-25 09:30:00-05:00,41.060001373291016,41.70000076293945,41.0,41.5,1116463,0.0,0.0
2024-01-25 10:30:00-05:00,41.4900016784668,41.61000061035156,41.13999938964844,41.346900939941406,782939,0.0,0.0
2024-01-25 11:30:00-05:00,41.34000015258789,41.349998474121094,41.00170135498047,41.01499938964844,370198,0.0,0.0
2024-01-25 12:30:00-05:00,41.01499938964844,41.47990036010742,40.654998779296875,41.08810043334961,1360716,0.0,0.0
2024-01-25 13:30:00-05:00,41.08000183105469,41.2400016784668,40.81999969482422,40.95000076293945,563448,0.0,0.0
2024-01-25 14:30:00-05:00,40.95000076293945,41.185001373291016,40.939998626708984,41.15999984741211,519284,0.0,0.0
2024-01-25 15:30:00-05:00,41.15999984741211,41.34000015258789,41.1349983215332,41.310001373291016,901552,0.0,0.0
2024-01-26 09:30:00-05:00,41.459999084472656,41.80720138549805,40.69499969482422,40.970001220703125,1008370,0.0,0.0
2024-01-26 10:30:00-05:00,40.95000076293945,41.09000015258789,40.7599983215332,40.849998474121094,461380,0.0,0.0
2024-01-26 11:30:00-05:00,40.8650016784668,41.14500045776367,40.779998779296875,40.96989822387695,434846,0.0,0.0
2024-01-26 12:30:00-05:00,40.96009826660156,41.08980178833008,40.744998931884766,41.06999969482422,512727,0.0,0.0
2024-01-26 13:30:00-05:00,41.06999969482422,41.09000015258789,40.7599983215332,40.7599983215332,286664,0.0,0.0
2024-01-26 14:30:00-05:00,40.75,40.775001525878906,40.369998931884766,40.380001068115234,629769,0.0,0.0
2024-01-26 15:30:00-05:00,40.400001525878906,40.45000076293945,40.275001525878906,40.40999984741211,758737,0.0,0.0
2024-01-29 09:30:00-05:00,40.48500061035156,40.845001220703125,40.2400016784668,40.64500045776367,981025,0.0,0.0
2024-01-29 10:30:00-05:00,40.650001525878906,40.7400016784668,40.43000030517578,40.70000076293945,442121,0.0,0.0
2024-01-29 11:30:00-05:00,40.69499969482422,40.72999954223633,40.494998931884766,40.65999984741211,399886,0.0,0.0
2024-01-29 12:30:00-05:00,40.65999984741211,40.904998779296875,40.650001525878906,40.69729995727539,313137,0.0,0.0
2024-01-29 13:30:00-05:00,40.70000076293945,40.790000915527344,40.56010055541992,40.76499938964844,564830,0.0,0.0
2024-01-29 14:30:00-05:00,40.76499938964844,41.08000183105469,40.630001068115234,41.040000915527344,690764,0.0,0.0
2024-01-29 15:30:00-05:00,41.042198181152344,41.189998626708984,40.939998626708984,41.189998626708984,674493,0.0,0.0
2024-01-30 09:30:00-05:00,40.540000915527344,40.650001525878906,39.54999923706055,39.7599983215332,2078542,0.0,0.0
2024-01-30 10:30:00-05:00,39.75,40.040000915527344,39.75,39.9900016784668,1011360,0.0,0.0
2024-01-30 11:30:00-05:00,39.9900016784668,40.22999954223633,39.650001525878906,39.72999954223633,723645,0.0,0.0
2024-01-30 12:30:00-05:00,39.720001220703125,39.72999954223633,39.47999954223633,39.625,598708,0.0,0.0
2024-01-30 13:30:00-05:00,39.625,39.63600158691406,39.08000183105469,39.119998931884766,672337,0.0,0.0
2024-01-30 14:30:00-05:00,39.119998931884766,39.34000015258789,39.0702018737793,39.334999084472656,611110,0.0,0.0
2024-01-30 15:30:00-05:00,39.34000015258789,39.3650016784668,39.08000183105469,39.130001068115234,1155118,0.0,0.0
2024-01-31 09:30:00-05:00,38.77000045776367,39.31999969482422,38.5099983215332,39.14899826049805,1054987,0.0,0.0
2024-01-31 10:30:00-05:00,39.150001525878906,39.24599838256836,38.75,38.84000015258789,751960,0.0,0.0
2024-01-31 11:30:00-05:00,38.849998474121094,39.249900817871094,38.80500030517578,39.17499923706055,490935,0.0,0.0
2024-01-31 12:30:00-05:00,39.17499923706055,39.29499816894531,39.06999969482422,39.279998779296875,430618,0.0,0.0
2024-01-31 13:30:00-05:00,39.29999923706055,39.375,38.869998931884766,38.959999084472656,550162,0.0,0.0
2024-01-31 14:30:00-05:00,38.95500183105469,39.81999969482422,38.66999816894531,38.869998931884766,894615,0.0,0.0
2024-01-31 15:30:00-05:00,38.849998474121094,38.88999938964844,38.66999816894531,38.81999969482422,855128,0.0,0.0
2024-02-01 09:30:00-05:00,39.099998474121094,39.75,38.97999954223633,39.4900016784668,992287,0.0,0.0
2024-02-01 10:30:00-05:00,39.4900016784668,39.4901008605957,38.75,38.78990173339844,717023,0.0,0.0
2024-02-01 11:30:00-05:00,38.78499984741211,39.2599983215332,38.779998779296875,39.119998931884766,507086,0.0,0.0
2024-02-01 12:30:00-05:00,39.130001068115234,39.45000076293945,38.95000076293945,39.17340087890625,520573,0.0,0.0
2024-02-01 13:30:00-05:00,39.17499923706055,39.419498443603516,39.0099983215332,39.310001373291016,442836,0.0,0.0
2024-02-01 14:30:00-05:00,39.29999923706055,39.48500061035156,39.185001373291016,39.2400016784668,560197,0.0,0.0
2024-02-01 15:30:00-05:00,39.244998931884766,39.45500183105469,39.220001220703125,39.314998626708984,742560,0.0,0.0
2024-02-02 09:30:00-05:00,39.47999954223633,40.06990051269531,39.279998779296875,39.80419921875,2070832,0.0,0.0
2024-02-02 10:30:00-05:00,39.78499984741211,39.90999984741211,39.47999954223633,39.8849983215332,1072414,0.0,0.0
2024-02-02 11:30:00-05:00,39.88999938964844,40.04499816894531,39.709999084472656,39.84000015258789,572027,0.0,0.0
2024-02-02 12:30:00-05:00,39.845001220703125,39.97999954223633,39.619998931884766,39.79999923706055,732942,0.0,0.0
2024-02-02 13:30:00-05:00,39.81999969482422,40.369998931884766,39.63999938964844,40.349998474121094,572465,0.0,0.0
2024-02-02 14:30:00-05:00,40.36000061035156,40.59000015258789,40.34000015258789,40.584999084472656,914825,0.0,0.0
2024-02-02 15:30:00-05:00,40.584999084472656,40.709999084472656,40.459999084472656,40.65999984741211,1333393,0.0,0.0
2024-02-05 09:30:00-05:00,40.529998779296875,40.709999084472656,38.88169860839844,38.98320007324219,1737765,0.0,0.0
2024-02-05 10:30:00-05:00,38.970001220703125,39.019901275634766,38.56999969482422,38.900001525878906,1003574,0.0,0.0
2024-02-05 11:30:00-05:00,38.900001525878906,39.17499923706055,38.85499954223633,39.150001525878906,593371,0.0,0.0
2024-02-05 12:30:00-05:00,39.15999984741211,39.40999984741211,39.099998474121094,39.22999954223633,650671,0.0,0.0
2024-02-05 13:30:00-05:00,39.22999954223633,39.40999984741211,39.16999816894531,39.380001068115234,604397,0.0,0.0
2024-02-05 14:30:00-05:00,39.380001068115234,39.470001220703125,39.22999954223633,39.345001220703125,590661,0.0,0.0
2024-02-05 15:30:00-05:00,39.349998474121094,39.459999084472656,39.189998626708984,39.36000061035156,1236087,0.0,0.0
2024-02-06 09:30:00-05:00,40.0,40.70000076293945,39.71500015258789,40.20029830932617,2109645,0.0,0.0
2024-02-06 10:30:00-05:00,40.18000030517578,40.494998931884766,40.04999923706055,40.45000076293945,1012360,0.0,0.0
2024-02-06 11:30:00-05:00,40.459999084472656,40.49729919433594,39.970001220703125,40.36000061035156,1316876,0.0,0.0
2024-02-06 12:30:00-05:00,40.3650016784668,40.46500015258789,40.185001373291016,40.369998931884766,1364432,0.0,0.0
2024-02-06 13:30:00-05:00,40.3650016784668,40.489898681640625,40.099998474121094,40.220001220703125,917556,0.0,0.0
2024-02-06 14:30:00-05:00,40.220001220703125,40.65950012207031,40.1349983215332,40.435001373291016,1613545,0.0,0.0
2024-02-06 15:30:00-05:00,40.435001373291016,40.70000076293945,40.3650016784668,40.58000183105469,2252726,0.0,0.0
2024-02-07 09:30:00-05:00,44.61000061035156,46.599998474121094,43.0,45.08250045776367,15705487,0.0,0.0
2024-02-07 10:30:00-05:00,45.08000183105469,45.099998474121094,42.93000030517578,43.98500061035156,7843512,0.0,0.0
2024-02-07 11:30:00-05:00,43.980098724365234,45.11000061035156,43.86000061035156,44.9901008605957,5013068,0.0,0.0
2024-02-07 12:30:00-05:00,44.994998931884766,45.0,44.3031005859375,44.96849822998047,2951258,0.0,0.0
2024-02-07 13:30:00-05:00,44.970001220703125,44.97999954223633,44.349998474121094,44.86119842529297,1949385,0.0,0.0
2024-02-07 14:30:00-05:00,44.8650016784668,45.900001525878906,44.84000015258789,45.415000915527344,5009046,0.0,0.0
2024-02-07 15:30:00-05:00,45.415000915527344,45.48659896850586,44.560001373291016,44.7599983215332,3656621,0.0,0.0
2024-02-08 09:30:00-05:00,45.47999954223633,47.11000061035156,45.21500015258789,45.939998626708984,5745942,0.0,0.0
2024-02-08 10:30:00-05:00,45.970001220703125,46.560001373291016,45.77000045776367,45.959999084472656,1969765,0.0,0.0
2024-02-08 11:30:00-05:00,45.95000076293945,46.20000076293945,44.560001373291016,45.19499969482422,2367027,0.0,0.0
2024-02-08 12:30:00-05:00,45.19499969482422,45.29999923706055,44.650001525878906,45.16999816894531,1103741,0.0,0.0
2024-02-08 13:30:00-05:00,45.17499923706055,45.19990158081055,44.10369873046875,44.13010025024414,1518362,0.0,0.0
2024-02-08 14:30:00-05:00,44.1349983215332,44.779998779296875,44.04999923706055,44.560001373291016,1637967,0.0,0.0
2024-02-08 15:30:00-05:00,44.564998626708984,44.88999938964844,44.459999084472656,44.869998931884766,2176668,0.0,0.0
2024-02-09 09:30:00-05:00,44.5099983215332,44.599998474121094,43.29499816894531,44.345001220703125,3612352,0.0,0.0
2024-02-09 10:30:00-05:00,44.349998474121094,44.42599868774414,43.650001525878906,43.849998474121094,1460171,0.0,0.0
2024-02-09 11:30:00-05:00,43.84000015258789,44.060001373291016,43.470001220703125,43.9900016784668,1472336,0.0,0.0
2024-02-09 12:30:00-05:00,43.99100112915039,44.380001068115234,43.8849983215332,44.380001068115234,1434432,0.0,0.0
2024-02-09 13:30:00-05:00,44.38999938964844,44.529998779296875,44.13999938964844,44.310001373291016,1041998,0.0,0.0
2024-02-09 14:30:00-05:00,44.314998626708984,44.61000061035156,44.20000076293945,44.474998474121094,1301045,0.0,0.0
2024-02-09 15:30:00-05:00,44.470001220703125,44.470001220703125,44.1349983215332,44.40999984741211,1855466,0.0,0.0
2024-02-12 09:30:00-05:00,44.5099983215332,44.6879997253418,43.83000183105469,44.34000015258789,1840087,0.0,0.0
2024-02-12 10:30:00-05:00,44.34000015258789,44.540000915527344,44.0,44.16999816894531,1219409,0.0,0.0
2024-02-12 11:30:00-05:00,44.185001373291016,44.278900146484375,43.849998474121094,44.26599884033203,1204966,0.0,0.0
2024-02-12 12:30:00-05:00,44.26499938964844,44.48500061035156,44.189998626708984,44.38999938964844,1009119,0.0,0.0
2024-02-12 13:30:00-05:00,44.3849983215332,44.489898681640625,43.84000015258789,43.940101623535156,969775,0.0,0.0
2024-02-12 14:30:00-05:00,43.95000076293945,44.22999954223633,43.90999984741211,44.0099983215332,772998,0.0,0.0
2024-02-12 15:30:00-05:00,44.01499938964844,44.02000045776367,43.709999084472656,43.7400016784668,1396779,0.0,0.0
2024-02-13 09:30:00-05:00,41.93000030517578,42.81999969482422,41.529998779296875,42.77000045776367,2292613,0.0,0.0
2024-02-13 10:30:00-05:00,42.775001525878906,42.935001373291016,42.4900016784668,42.91999816894531,1091586,0.0,0.0
2024-02-13 11:30:00-05:00,42.92499923706055,42.97999954223633,42.4900016784668,42.71500015258789,740509,0.0,0.0
2024-02-13 12:30:00-05:00,42.709999084472656,42.849998474121094,42.415000915527344,42.560001373291016,764233,0.0,0.0
2024-02-13 13:30:00-05:00,42.54999923706055,42.69499969482422,42.255001068115234,42.349998474121094,936529,0.0,0.0
2024-02-13 14:30:00-05:00,42.359901428222656,42.459999084472656,42.099998474121094,42.23500061035156,1286713,0.0,0.0
2024-02-13 15:30:00-05:00,42.2400016784668,42.415000915527344,42.152099609375,42.31999969482422,1831446,0.0,0.0
2024-02-14 09:30:00-05:00,42.724998474121094,43.27000045776367,42.5099983215332,43.17499923706055,1441750,0.0,0.0
2024-02-14 10:30:00-05:00,43.18000030517578,43.43000030517578,42.66999816894531,43.08000183105469,1085966,0.0,0.0
2024-02-14 11:30:00-05:00,43.09000015258789,43.22999954223633,42.76499938964844,43.119998931884766,539013,0.0,0.0
2024-02-14 12:30:00-05:00,43.130001068115234,43.349998474121094,43.010101318359375,43.06010055541992,555296,0.0,0.0
2024-02-14 13:30:00-05:00,43.08000183105469,43.66999816894531,43.040000915527344,43.66999816894531,728288,0.0,0.0
2024-02-14 14:30:00-05:00,43.665000915527344,43.974998474121094,43.415000915527344,43.96500015258789,967604,0.0,0.0
2024-02-14 15:30:00-05:00,43.970001220703125,44.220001220703125,43.88999938964844,44.150001525878906,1358117,0.0,0.0
2024-02-15 09:30:00-05:00,44.130001068115234,45.0880012512207,44.130001068115234,44.54999923706055,1683568,0.0,0.0
2024-02-15 10:30:00-05:00,44.560001373291016,44.68000030517578,44.220001220703125,44.48160171508789,628504,0.0,0.0
2024-02-15 11:30:00-05:00,44.48030090332031,44.599998474121094,44.3650016784668,44.564998626708984,552637,0.0,0.0
2024-02-15 12:30:00-05:00,44.56990051269531,44.61000061035156,44.474998474121094,44.61000061035156,473772,0.0,0.0
2024-02-15 13:30:00-05:00,44.61000061035156,44.65999984741211,44.415000915527344,44.56999969482422,606811,0.0,0.0
2024-02-15 14:30:00-05:00,44.57500076293945,44.61000061035156,44.430999755859375,44.494998931884766,591188,0.0,0.0
2024-02-15 15:30:00-05:00,44.5,44.54999923706055,44.3650016784668,44.43000030517578,843225,0.0,0.0
2024-02-16 09:30:00-05:00,43.150001525878906,43.66999816894531,42.689998626708984,43.21500015258789,1800368,0.0,0.0
2024-02-16 10:30:00-05:00,43.209999084472656,43.52000045776367,43.11000061035156,43.38999938964844,660751,0.0,0.0
2024-02-16 11:30:00-05:00,43.38999938964844,43.630001068115234,43.310001373291016,43.60499954223633,599630,0.0,0.0
2024-02-16 12:30:00-05:00,43.60499954223633,43.906700134277344,43.290000915527344,43.40999984741211,736757,0.0,0.0
2024-02-16 13:30:00-05:00,43.41999816894531,43.5099983215332,43.275001525878906,43.38819885253906,482297,0.0,0.0
2024-02-16 14:30:00-05:00,43.3849983215332,43.40999984741211,42.935001373291016,43.05500030517578,850678,0.0,0.0
2024-02-16 15:30:00-05:00,43.05500030517578,43.11000061035156,42.880001068115234,42.90999984741211,1099116,0.0,0.0
2024-02-20 09:30:00-05:00,42.41999816894531,42.970001220703125,40.869998931884766,40.91299819946289,1870698,0.0,0.0
2024-02-20 10:30:00-05:00,40.90999984741211,41.779998779296875,40.79999923706055,41.72999954223633,869704,0.0,0.0
2024-02-20 11:30:00-05:00,41.73500061035156,41.91999816894531,41.369998931884766,41.50790023803711,800694,0.0,0.0
2024-02-20 12:30:00-05:00,41.5,41.749000549316406,41.46500015258789,41.56399917602539,418057,0.0,0.0
2024-02-20 13:30:00-05:00,41.560001373291016,41.649898529052734,41.494998931884766,41.564998626708984,474041,0.0,0.0
2024-02-20 14:30:00-05:00,41.56999969482422,41.609901428222656,41.32229995727539,41.41999816894531,743579,0.0,0.0
2024-02-20 15:30:00-05:00,41.41999816894531,41.439998626708984,41.11000061035156,41.40999984741211,1317881,0.0,0.0
2024-02-21 09:30:00-05:00,40.72999954223633,41.22129821777344,40.5,40.54499816894531,1654073,0.0,0.0
2024-02-21 10:30:00-05:00,40.54999923706055,40.78499984741211,40.48099899291992,40.645999908447266,1143700,0.0,0.0
2024-02-21 11:30:00-05:00,40.64500045776367,40.7338981628418,40.43000030517578,40.51499938964844,772904,0.0,0.0
2024-02-21 12:30:00-05:00,40.51499938964844,40.720001220703125,40.470001220703125,40.62049865722656,763847,0.0,0.0
2024-02-21 13:30:00-05:00,40.630001068115234,40.75,40.47999954223633,40.525001525878906,799940,0.0,0.0
2024-02-21 14:30:00-05:00,40.52000045776367,40.57500076293945,40.39500045776367,40.45500183105469,834177,0.0,0.0
2024-02-21 15:30:00-05:00,40.45500183105469,40.77000045776367,40.45000076293945,40.7400016784668,1624753,0.0,0.0
2024-02-22 09:30:00-05:00,41.52000045776367,41.630001068115234,40.790000915527344,40.87990188598633,1466903,0.0,0.0
2024-02-22 10:30:00-05:00,40.880001068115234,41.56999969482422,40.755001068115234,41.529998779296875,867105,0.0,0.0
2024-02-22 11:30:00-05:00,41.54499816894531,42.099998474121094,41.54499816894531,41.94499969482422,802849,0.0,0.0
2024-02-22 12:30:00-05:00,41.95000076293945,42.380001068115234,41.869998931884766,42.369998931884766,731761,0.0,0.0
2024-02-22 13:30:00-05:00,42.380001068115234,42.78499984741211,42.37009811401367,42.68000030517578,775205,0.0,0.0
2024-02-22 14:30:00-05:00,42.67499923706055,43.05500030517578,42.59400177001953,42.970001220703125,1037778,0.0,0.0
2024-02-22 15:30:00-05:00,42.97999954223633,43.060001373291016,42.3849983215332,42.40999984741211,1475255,0.0,0.0
2024-02-23 09:30:00-05:00,42.119998931884766,42.66999816894531,42.119998931884766,42.35599899291992,1218232,0.0,0.0
2024-02-23 10:30:00-05:00,42.36000061035156,42.744998931884766,42.33000183105469,42.68989944458008,872006,0.0,0.0
2024-02-23 11:30:00-05:00,42.689998626708984,42.88990020751953,42.099998474121094,42.10499954223633,947951,0.0,0.0
2024-02-23 12:30:00-05:00,42.11000061035156,42.3650016784668,41.91999816894531,42.185001373291016,780454,0.0,0.0
2024-02-23 13:30:00-05:00,42.185001373291016,42.24879837036133,41.82500076293945,41.92499923706055,603994,0.0,0.0
2024-02-23 14:30:00-05:00,41.92499923706055,42.0,41.58000183105469,41.6349983215332,875894,0.0,0.0
2024-02-23 15:30:00-05:00,41.6349983215332,41.72999954223633,41.43000030517578,41.459999084472656,1554851,0.0,0.0
2024-02-26 09:30:00-05:00,41.494998931884766,41.7400016784668,41.09000015258789,41.130001068115234,1267642,0.0,0.0
2024-02-26 10:30:00-05:00,41.13990020751953,41.310001373291016,40.97999954223633,41.14500045776367,1464360,0.0,0.0
2024-02-26 11:30:00-05:00,41.150001525878906,41.61000061035156,41.099998474121094,41.400001525878906,1162328,0.0,0.0
2024-02-26 12:30:00-05:00,41.39500045776367,41.939998626708984,41.38999938964844,41.709999084472656,930398,0.0,0.0
2024-02-26 13:30:00-05:00,41.689998626708984,41.79690170288086,41.4900016784668,41.494998931884766,563831,0.0,0.0
2024-02-26 14:30:00-05:00,41.4900016784668,41.604000091552734,41.26499938964844,41.36989974975586,774358,0.0,0.0
2024-02-26 15:30:00-05:00,41.369998931884766,41.375,41.189998626708984,41.29999923706055,1088503,0.0,0.0
2024-02-27 09:30:00-05:00,41.275001525878906,41.34000015258789,40.45000076293945,40.93000030517578,1946367,0.0,0.0
2024-02-27 10:30:00-05:00,40.939998626708984,41.150001525878906,40.65999984741211,40.7599983215332,916772,0.0,0.0
2024-02-27 11:30:00-05:00,40.757999420166016,41.029998779296875,40.686100006103516,40.72999954223633,543657,0.0,0.0
2024-02-27 12:30:00-05:00,40.72999954223633,40.79999923706055,40.439998626708984,40.45500183105469,724349,0.0,0.0
2024-02-27 13:30:00-05:00,40.470001220703125,40.814998626708984,40.46500015258789,40.75019836425781,854163,0.0,0.0
2024-02-27 14:30:00-05:00,40.755001068115234,40.86000061035156,40.56999969482422,40.846099853515625,808484,0.0,0.0
2024-02-27 15:30:00-05:00,40.84000015258789,40.849998474121094,40.63100051879883,40.83000183105469,730960,0.0,0.0
2024-02-28 09:30:00-05:00,40.279998779296875,40.31999969482422,39.525001525878906,39.834999084472656,1767935,0.0,0.0
2024-02-28 10:30:00-05:00,39.84000015258789,40.310001373291016,39.82500076293945,40.244998931884766,667097,0.0,0.0
2024-02-28 11:30:00-05:00,40.247501373291016,40.40999984741211,40.09000015258789,40.11000061035156,441937,0.0,0.0
2024-02-28 12:30:00-05:00,40.099998474121094,40.18000030517578,39.959999084472656,40.125,446966,0.0,0.0
2024-02-28 13:30:00-05:00,40.130001068115234,40.20000076293945,40.005001068115234,40.064998626708984,621315,0.0,0.0
2024-02-28 14:30:00-05:00,40.064998626708984,40.345001220703125,40.02000045776367,40.31999969482422,733251,0.0,0.0
2024-02-28 15:30:00-05:00,40.33000183105469,40.334999084472656,40.150001525878906,40.15999984741211,955252,0.0,0.0
2024-02-29 09:30:00-05:00,40.25,41.060001373291016,40.154998779296875,40.86000061035156,1368745,0.0,0.0
2024-02-29 10:30:00-05:00,40.869998931884766,40.965999603271484,40.22999954223633,40.40999984741211,746532,0.0,0.0
2024-02-29 11:30:00-05:00,40.38999938964844,40.40999984741211,40.130001068115234,40.179500579833984,517957,0.0,0.0
2024-02-29 12:30:00-05:00,40.18000030517578,40.334999084472656,40.154998779296875,40.20000076293945,444752,0.0,0.0
2024-02-29 13:30:00-05:00,40.209999084472656,40.25,40.064998626708984,40.084999084472656,494917,0.0,0.0
2024-02-29 14:30:00-05:00,40.084999084472656,40.10499954223633,39.970001220703125,40.0,917055,0.0,0.0
2024-02-29 15:30:00-05:00,39.994998931884766,40.0,39.72999954223633,39.880001068115234,1501149,0.0,0.0
2024-03-01 09:30:00-05:00,39.91999816894531,40.83000183105469,39.849998474121094,40.72999954223633,1029590,0.0,0.0
2024-03-01 10:30:00-05:00,40.7400016784668,41.18000030517578,40.720001220703125,41.119998931884766,813728,0.0,0.0
2024-03-01 11:30:00-05:00,41.11000061035156,41.27000045776367,40.8849983215332,41.095001220703125,778538,0.0,0.0
2024-03-01 12:30:00-05:00,41.09000015258789,41.125,40.869998931884766,41.10499954223633,449943,0.0,0.0
2024-03-01 13:30:00-05:00,41.11000061035156,41.275001525878906,40.970001220703125,41.255001068115234,428505,0.0,0.0
2024-03-01 14:30:00-05:00,41.2599983215332,41.349998474121094,41.10499954223633,41.288299560546875,593256,0.0,0.0
2024-03-01 15:30:00-05:00,41.28499984741211,41.459999084472656,41.244998931884766,41.31999969482422,1132977,0.0,0.0
2024-03-04 09:30:00-05:00,41.31999969482422,41.54079818725586,39.689998626708984,39.79999923706055,1743070,0.0,0.0
2024-03-04 10:30:00-05:00,39.79999923706055,40.11600112915039,39.689998626708984,40.03499984741211,800747,0.0,0.0
2024-03-04 11:30:00-05:00,40.03499984741211,40.11000061035156,39.849998474121094,39.92499923706055,537193,0.0,0.0
2024-03-04 12:30:00-05:00,39.93000030517578,39.994998931884766,39.80500030517578,39.82500076293945,488913,0.0,0.0
2024-03-04 13:30:00-05:00,39.81999969482422,39.98500061035156,39.8119010925293,39.970001220703125,448262,0.0,0.0
2024-03-04 14:30:00-05:00,39.96500015258789,40.16999816894531,39.95000076293945,39.970001220703125,563694,0.0,0.0
2024-03-04 15:30:00-05:00,39.974998474121094,39.994998931884766,39.63999938964844,39.63999938964844,1535968,0.0,0.0
2024-03-05 09:30:00-05:00,38.88999938964844,39.066001892089844,38.369998931884766,38.76499938964844,1618493,0.0,0.0
2024-03-05 10:30:00-05:00,38.7599983215332,39.060001373291016,38.66999816894531,38.71500015258789,786988,0.0,0.0
2024-03-05 11:30:00-05:00,38.71500015258789,39.16999816894531,38.61000061035156,39.16999816894531,411097,0.0,0.0
2024-03-05 12:30:00-05:00,39.1875,39.52000045776367,39.150001525878906,39.345001220703125,656785,0.0,0.0
2024-03-05 13:30:00-05:00,39.34000015258789,39.3849983215332,38.76499938964844,38.8650016784668,576569,0.0,0.0
2024-03-05 14:30:00-05:00,38.8650016784668,38.942298889160156,38.77000045776367,38.86009979248047,506548,0.0,0.0
2024-03-05 15:30:00-05:00,38.8650016784668,39.084999084472656,38.834999084472656,38.880001068115234,860017,0.0,0.0
2024-03-06 09:30:00-05:00,39.98500061035156,39.9900016784668,39.099998474121094,39.279998779296875,1304093,0.0,0.0
2024-03-06 10:30:00-05:00,39.2599983215332,39.650001525878906,39.20000076293945,39.63999938964844,630238,0.0,0.0
2024-03-06 11:30:00-05:00,39.630001068115234,40.150001525878906,39.4900016784668,40.130001068115234,549347,0.0,0.0
2024-03-06 12:30:00-05:00,40.125,40.16999816894531,39.790000915527344,40.04499816894531,741633,0.0,0.0
2024-03-06 13:30:00-05:00,40.04499816894531,40.04499816894531,39.41999816894531,39.77000045776367,673439,0.0,0.0
2024-03-06 14:30:00-05:00,39.777198791503906,39.88999938964844,39.58000183105469,39.689998626708984,629120,0.0,0.0
2024-03-06 15:30:00-05:00,39.685001373291016,39.90999984741211,39.57500076293945,39.86000061035156,991292,0.0,0.0
2024-03-07 09:30:00-05:00,40.849998474121094,41.630001068115234,40.209999084472656,40.33000183105469,2108570,0.0,0.0
2024-03-07 10:30:00-05:00,40.34000015258789,40.48910140991211,40.119998931884766,40.209999084472656,698153,0.0,0.0
2024-03-07 11:30:00-05:00,40.21500015258789,40.39739990234375,40.02000045776367,40.2599983215332,401167,0.0,0.0
2024-03-07 12:30:00-05:00,40.2599983215332,40.4900016784668,40.22999954223633,40.314998626708984,400848,0.0,0.0
2024-03-07 13:30:00-05:00,40.31999969482422,40.43000030517578,39.9900016784668,40.16999816894531,529671,0.0,0.0
2024-03-07 14:30:00-05:00,40.15999984741211,40.220001220703125,40.0,40.064998626708984,543514,0.0,0.0
2024-03-07 15:30:00-05:00,40.064998626708984,40.25,39.97999954223633,40.1150016784668,1135216,0.0,0.0
2024-03-08 09:30:00-05:00,40.2400016784668,41.40999984741211,40.13999938964844,41.34980010986328,1191208,0.0,0.0
2024-03-08 10:30:00-05:00,41.349998474121094,41.36000061035156,40.599998474121094,40.619998931884766,670195,0.0,0.0
2024-03-08 11:30:00-05:00,40.630001068115234,40.80500030517578,40.43000030517578,40.599998474121094,698002,0.0,0.0
2024-03-08 12:30:00-05:00,40.619998931884766,40.63999938964844,40.18000030517578,40.18989944458008,447529,0.0,0.0
2024-03-08 13:30:00-05:00,40.16999816894531,40.369998931884766,39.93009948730469,40.275001525878906,614293,0.0,0.0
2024-03-08 14:30:00-05:00,40.279998779296875,40.48500061035156,39.970001220703125,39.994998931884766,717952,0.0,0.0
2024-03-08 15:30:00-05:00,40.0,40.029998779296875,39.849998474121094,39.94499969482422,964588,0.0,0.0
2024-03-11 09:30:00-04:00,39.63999938964844,41.630001068115234,39.61000061035156,41.619998931884766,1591512,0.0,0.0
2024-03-11 10:30:00-04:00,41.619998931884766,42.42499923706055,41.611000061035156,41.939998626708984,1878392,0.0,0.0
2024-03-11 11:30:00-04:00,41.91999816894531,42.349998474121094,41.84049987792969,42.185001373291016,801270,0.0,0.0
2024-03-11 12:30:00-04:00,42.185001373291016,42.47999954223633,42.08000183105469,42.36009979248047,597962,0.0,0.0
2024-03-11 13:30:00-04:00,42.360599517822266,42.404998779296875,42.1349983215332,42.33599853515625,635284,0.0,0.0
2024-03-11 14:30:00-04:00,42.334999084472656,42.654998779296875,42.209999084472656,42.27000045776367,1042745,0.0,0.0
2024-03-11 15:30:00-04:00,42.2599983215332,42.290000915527344,41.90999984741211,42.040000915527344,1561377,0.0,0.0
2024-03-12 09:30:00-04:00,40.790000915527344,40.904998779296875,39.72999954223633,40.4900016784668,3397839,0.0,0.0
2024-03-12 10:30:00-04:00,40.499900817871094,41.11000061035156,40.499900817871094,40.83000183105469,1433687,0.0,0.0
2024-03-12 11:30:00-04:00,40.84000015258789,40.84000015258789,40.16999816894531,40.290000915527344,783015,0.0,0.0
2024-03-12 12:30:00-04:00,40.279998779296875,40.310001373291016,39.90999984741211,39.935001373291016,724051,0.0,0.0
2024-03-12 13:30:00-04:00,39.935001373291016,40.369998931884766,39.880001068115234,40.31100082397461,1186883,0.0,0.0
2024-03-12 14:30:00-04:00,40.31010055541992,40.720001220703125,40.310001373291016,40.625,941747,0.0,0.0
2024-03-12 15:30:00-04:00,40.619998931884766,40.85499954223633,40.584999084472656,40.790000915527344,1189087,0.0,0.0
2024-03-13 09:30:00-04:00,40.470001220703125,41.649898529052734,40.43000030517578,41.040000915527344,1181564,0.0,0.0
2024-03-13 10:30:00-04:00,41.040000915527344,41.3650016784668,40.80009841918945,41.029998779296875,727009,0.0,0.0
2024-03-13 11:30:00-04:00,41.02000045776367,41.02000045776367,40.63999938964844,40.810001373291016,444271,0.0,0.0
2024-03-13 12:30:00-04:00,40.79999923706055,40.845001220703125,40.5099983215332,40.525001525878906,433458,0.0,0.0
2024-03-13 13:30:00-04:00,40.529998779296875,40.779998779296875,40.522098541259766,40.6349983215332,577573,0.0,0.0
2024-03-13 14:30:00-04:00,40.63999938964844,40.95000076293945,40.369998931884766,40.47999954223633,989156,0.0,0.0
2024-03-13 15:30:00-04:00,40.470001220703125,40.54999923706055,40.33000183105469,40.380001068115234,1512494,0.0,0.0
2024-03-14 09:30:00-04:00,40.625,41.40999984741211,39.93000030517578,40.099998474121094,1909160,0.0,0.0
2024-03-14 10:30:00-04:00,40.08000183105469,40.54999923706055,40.07500076293945,40.20000076293945,564159,0.0,0.0
2024-03-14 11:30:00-04:00,40.20000076293945,40.505001068115234,40.03179931640625,40.1349983215332,498827,0.0,0.0
2024-03-14 12:30:00-04:00,40.130001068115234,40.42499923706055,40.08000183105469,40.20000076293945,351964,0.0,0.0
2024-03-14 13:30:00-04:00,40.20989990234375,40.90999984741211,40.19499969482422,40.86000061035156,534517,0.0,0.0
2024-03-14 14:30:00-04:00,40.86000061035156,40.935001373291016,40.31999969482422,40.36000061035156,678613,0.0,0.0
2024-03-14 15:30:00-04:00,40.35499954223633,40.689998626708984,40.230098724365234,40.63999938964844,938229,0.0,0.0
2024-03-15 09:30:00-04:00,40.189998626708984,40.66999816894531,39.52009963989258,39.6619987487793,1256962,0.0,0.0
2024-03-15 10:30:00-04:00,39.65999984741211,40.04999923706055,39.540000915527344,39.650001525878906,755425,0.0,0.0
2024-03-15 11:30:00-04:00,39.650001525878906,39.709999084472656,39.40399932861328,39.494998931884766,516223,0.0,0.0
2024-03-15 12:30:00-04:00,39.494998931884766,39.5099983215332,39.30500030517578,39.35499954223633,457222,0.0,0.0
2024-03-15 13:30:00-04:00,39.349998474121094,39.45220184326172,39.185001373291016,39.4099006652832,616762,0.0,0.0
2024-03-15 14:30:00-04:00,39.400001525878906,39.72999954223633,39.31999969482422,39.369998931884766,715582,0.0,0.0
2024-03-15 15:30:00-04:00,39.380001068115234,39.404998779296875,39.10499954223633,39.2400016784668,1376231,0.0,0.0
2024-03-18 09:30:00-04:00,37.91600036621094,38.2599983215332,36.5099983215332,36.77000045776367,3718292,0.0,0.0
2024-03-18 10:30:00-04:00,36.77000045776367,37.22999954223633,36.47999954223633,36.525001525878906,1765348,0.0,0.0
2024-03-18 11:30:00-04:00,36.52000045776367,36.53990173339844,35.95000076293945,36.255699157714844,2183910,0.0,0.0
2024-03-18 12:30:00-04:00,36.275001525878906,36.4900016784668,35.959999084472656,36.220001220703125,1153723,0.0,0.0
2024-03-18 13:30:00-04:00,36.209999084472656,36.349998474121094,36.18000030517578,36.27000045776367,935367,0.0,0.0
2024-03-18 14:30:00-04:00,36.269901275634766,36.314998626708984,36.13999938964844,36.185001373291016,1024663,0.0,0.0
2024-03-18 15:30:00-04:00,36.18000030517578,36.314998626708984,36.09000015258789,36.209999084472656,1860179,0.0,0.0
2024-03-19 09:30:00-04:00,36.16999816894531,36.560001373291016,35.850101470947266,36.439998626708984,1888818,0.0,0.0
2024-03-19 10:30:00-04:00,36.41999816894531,36.79999923706055,36.34000015258789,36.47480010986328,1043482,0.0,0.0
2024-03-19 11:30:00-04:00,36.494998931884766,36.650001525878906,36.349998474121094,36.55500030517578,519431,0.0,0.0
2024-03-19 12:30:00-04:00,36.560001373291016,36.77000045776367,36.560001373291016,36.709999084472656,487229,0.0,0.0
2024-03-19 13:30:00-04:00,36.70500183105469,36.709999084472656,36.45000076293945,36.650001525878906,427701,0.0,0.0
2024-03-19 14:30:00-04:00,36.65999984741211,36.72999954223633,36.375,36.42499923706055,546980,0.0,0.0
2024-03-19 15:30:00-04:00,36.41999816894531,36.54999923706055,36.22999954223633,36.459999084472656,827472,0.0,0.0
2024-03-20 09:30:00-04:00,36.41999816894531,36.95000076293945,36.310001373291016,36.900001525878906,1258414,0.0,0.0
2024-03-20 10:30:00-04:00,36.88999938964844,37.02000045776367,36.689998626708984,36.86000061035156,758092,0.0,0.0
2024-03-20 11:30:00-04:00,36.86000061035156,37.0,36.68000030517578,36.974998474121094,451394,0.0,0.0
2024-03-20 12:30:00-04:00,36.970298767089844,36.974998474121094,36.7140007019043,36.720001220703125,431238,0.0,0.0
2024-03-20 13:30:00-04:00,36.71030044555664,37.185001373291016,36.68000030517578,37.16999816894531,754604,0.0,0.0
2024-03-20 14:30:00-04:00,37.18000030517578,37.689998626708984,36.904998779296875,37.68000030517578,918929,0.0,0.0
2024-03-20 15:30:00-04:00,37.68000030517578,37.86000061035156,37.529998779296875,37.81999969482422,1391347,0.0,0.0
2024-03-21 09:30:00-04:00,38.0,38.290000915527344,37.59000015258789,38.08000183105469,1358012,0.0,0.0
2024-03-21 10:30:00-04:00,38.099998474121094,38.165000915527344,37.900001525878906,37.95000076293945,507612,0.0,0.0
2024-03-21 11:30:00-04:00,37.95000076293945,38.28499984741211,37.91999816894531,38.275001525878906,412053,0.0,0.0
2024-03-21 12:30:00-04:00,38.279998779296875,38.375,38.22999954223633,38.25,355749,0.0,0.0
2024-03-21 13:30:00-04:00,38.25,38.314998626708984,37.7400016784668,37.86000061035156,651348,0.0,0.0
2024-03-21 14:30:00-04:00,37.86000061035156,37.900001525878906,37.689998626708984,37.82500076293945,641699,0.0,0.0
2024-03-21 15:30:00-04:00,37.83000183105469,37.935001373291016,37.654998779296875,37.68000030517578,1143399,0.0,0.0
2024-03-22 09:30:00-04:00,37.540000915527344,37.560001373291016,36.84000015258789,36.8650016784668,903761,0.0,0.0
2024-03-22 10:30:00-04:00,36.8650016784668,37.05500030517578,36.709999084472656,37.029998779296875,607346,0.0,0.0
2024-03-22 11:30:00-04:00,37.02009963989258,37.1150016784668,36.900001525878906,37.040000915527344,315683,0.0,0.0
2024-03-22 12:30:00-04:00,37.04499816894531,37.13399887084961,36.97999954223633,37.03229904174805,381117,0.0,0.0
2024-03-22 13:30:00-04:00,37.03499984741211,37.14500045776367,37.03499984741211,37.12009811401367,322862,0.0,0.0
2024-03-22 14:30:00-04:00,37.125,37.279998779296875,37.09000015258789,37.20000076293945,645199,0.0,0.0
2024-03-22 15:30:00-04:00,37.189998626708984,37.314998626708984,37.11000061035156,37.25,1112624,0.0,0.0
2024-03-25 09:30:00-04:00,37.119998931884766,37.16999816894531,36.474998474121094,36.5099983215332,1633172,0.0,0.0
2024-03-25 10:30:00-04:00,36.5099983215332,36.560001373291016,36.095001220703125,36.150001525878906,1335151,0.0,0.0
2024-03-25 11:30:00-04:00,36.15999984741211,36.31990051269531,35.970001220703125,36.20000076293945,1331150,0.0,0.0
2024-03-25 12:30:00-04:00,36.20500183105469,36.6349983215332,36.18000030517578,36.6349983215332,877288,0.0,0.0
2024-03-25 13:30:00-04:00,36.630001068115234,36.709999084472656,36.525001525878906,36.700199127197266,436970,0.0,0.0
2024-03-25 14:30:00-04:00,36.70000076293945,37.09000015258789,36.540000915527344,36.599998474121094,958445,0.0,0.0
2024-03-25 15:30:00-04:00,36.59000015258789,36.689998626708984,36.51499938964844,36.66999816894531,1028692,0.0,0.0
2024-03-26 09:30:00-04:00,37.060001373291016,37.17940139770508,36.63999938964844,37.040000915527344,1116622,0.0,0.0
2024-03-26 10:30:00-04:00,37.040000915527344,37.266998291015625,36.970001220703125,37.095001220703125,584701,0.0,0.0
2024-03-26 11:30:00-04:00,37.099998474121094,37.604000091552734,37.029998779296875,37.474998474121094,801059,0.0,0.0
2024-03-26 12:30:00-04:00,37.44499969482422,37.529998779296875,37.2599983215332,37.345001220703125,571250,0.0,0.0
2024-03-26 13:30:00-04:00,37.349998474121094,37.459999084472656,37.345001220703125,37.40950012207031,431426,0.0,0.0
2024-03-26 14:30:00-04:00,37.40999984741211,37.6068000793457,37.40999984741211,37.47999954223633,496655,0.0,0.0
2024-03-26 15:30:00-04:00,37.4900016784668,37.4900016784668,37.290000915527344,37.290000915527344,1041382,0.0,0.0
2024-03-27 09:30:00-04:00,37.58000183105469,37.720001220703125,37.130001068115234,37.68000030517578,909603,0.0,0.0
2024-03-27 10:30:00-04:00,37.68000030517578,37.869998931884766,37.45000076293945,37.459999084472656,538912,0.0,0.0
2024-03-27 11:30:00-04:00,37.45000076293945,37.54999923706055,37.33000183105469,37.4900016784668,365866,0.0,0.0
2024-03-27 12:30:00-04:00,37.4900016784668,37.744998931884766,37.36000061035156,37.599998474121094,424026,0.0,0.0
2024-03-27 13:30:00-04:00,37.599998474121094,37.724998474121094,37.540000915527344,37.68000030517578,289439,0.0,0.0
2024-03-27 14:30:00-04:00,37.685001373291016,37.71500015258789,37.589900970458984,37.68000030517578,330567,0.0,0.0
2024-03-27 15:30:00-04:00,37.68000030517578,37.900001525878906,37.65999984741211,37.880001068115234,714511,0.0,0.0
2024-03-28 09:30:00-04:00,37.974998474121094,38.6598014831543,37.93000030517578,38.618900299072266,1166367,0.0,0.0
2024-03-28 10:30:00-04:00,38.59400177001953,39.0099983215332,38.47999954223633,38.721099853515625,1071696,0.0,0.0
2024-03-28 11:30:00-04:00,38.709999084472656,38.810001373291016,38.510101318359375,38.69990158081055,485609,0.0,0.0
2024-03-28 12:30:00-04:00,38.689998626708984,38.75,38.4900016784668,38.5369987487793,407729,0.0,0.0
2024-03-28 13:30:00-04:00,38.540000915527344,38.61000061035156,38.404998779296875,38.459999084472656,559241,0.0,0.0
2024-03-28 14:30:00-04:00,38.45500183105469,38.474998474121094,38.314998626708984,38.39500045776367,540983,0.0,0.0
2024-03-28 15:30:00-04:00,38.38999938964844,38.41999816894531,38.14500045776367,38.15999984741211,1046817,0.0,0.0
2024-04-01 09:30:00-04:00,37.9900016784668,38.25,37.380001068115234,37.4202995300293,1471252,0.0,0.0
2024-04-01 10:30:00-04:00,37.42499923706055,37.650001525878906,37.345001220703125,37.38140106201172,764637,0.0,0.0
2024-04-01 11:30:00-04:00,37.380001068115234,37.689998626708984,37.29999923706055,37.6150016784668,804487,0.0,0.0
2024-04-01 12:30:00-04:00,37.6150016784668,37.650001525878906,37.369998931884766,37.474998474121094,652100,0.0,0.0
2024-04-01 13:30:00-04:00,37.470001220703125,37.779998779296875,37.404998779296875,37.724998474121094,663187,0.0,0.0
2024-04-01 14:30:00-04:00,37.724998474121094,37.84000015258789,37.65999984741211,37.775001525878906,465381,0.0,0.0
2024-04-01 15:30:00-04:00,37.775001525878906,37.91999816894531,37.720001220703125,37.83000183105469,886927,0.0,0.0
2024-04-02 09:30:00-04:00,36.814998626708984,36.880001068115234,35.900299072265625,36.439998626708984,1779957,0.0,0.0
2024-04-02 10:30:00-04:00,36.44900131225586,36.58000183105469,36.334999084472656,36.334999084472656,769260,0.0,0.0
2024-04-02 11:30:00-04:00,36.32979965209961,36.494998931884766,36.099998474121094,36.3390998840332,836133,0.0,0.0
2024-04-02 12:30:00-04:00,36.334999084472656,36.63999938964844,36.310001373291016,36.6150016784668,468956,0.0,0.0
2024-04-02 13:30:00-04:00,36.61000061035156,36.82440185546875,36.529998779296875,36.650001525878906,392029,0.0,0.0
2024-04-02 14:30:00-04:00,36.6349983215332,36.685001373291016,36.48500061035156,36.595001220703125,608521,0.0,0.0
2024-04-02 15:30:00-04:00,36.595001220703125,36.775001525878906,36.564998626708984,36.77000045776367,1126925,0.0,0.0
2024-04-03 09:30:00-04:00,36.560001373291016,36.61000061035156,35.790000915527344,36.40999984741211,1303054,0.0,0.0
2024-04-03 10:30:00-04:00,36.41999816894531,36.59000015258789,36.26499938964844,36.35499954223633,856802,0.0,0.0
2024-04-03 11:30:00-04:00,36.35499954223633,36.42499923706055,36.130001068115234,36.209999084472656,671445,0.0,0.0
2024-04-03 12:30:00-04:00,36.21500015258789,36.52000045776367,36.13999938964844,36.48500061035156,399183,0.0,0.0
2024-04-03 13:30:00-04:00,36.494998931884766,36.65999984741211,36.40999984741211,36.584999084472656,336139,0.0,0.0
2024-04-03 14:30:00-04:00,36.58000183105469,36.61009979248047,36.334999084472656,36.36000061035156,492900,0.0,0.0
2024-04-03 15:30:00-04:00,36.36000061035156,36.4900016784668,36.310001373291016,36.45000076293945,659845,0.0,0.0
2024-04-04 09:30:00-04:00,37.09000015258789,37.96500015258789,36.90999984741211,37.90999984741211,1432212,0.0,0.0
2024-04-04 10:30:00-04:00,37.90999984741211,38.08000183105469,37.68980026245117,37.849998474121094,932577,0.0,0.0
2024-04-04 11:30:00-04:00,37.849998474121094,38.095001220703125,37.790000915527344,37.90999984741211,590208,0.0,0.0
2024-04-04 12:30:00-04:00,37.89500045776367,37.91910171508789,37.72999954223633,37.755001068115234,354287,0.0,0.0
2024-04-04 13:30:00-04:00,37.755001068115234,37.90999984741211,36.974998474121094,36.97999954223633,861799,0.0,0.0
2024-04-04 14:30:00-04:00,36.970001220703125,37.109100341796875,36.689998626708984,36.712501525878906,867257,0.0,0.0
2024-04-04 15:30:00-04:00,36.70000076293945,36.96500015258789,36.690101623535156,36.810001373291016,880448,0.0,0.0
2024-04-05 09:30:00-04:00,36.529998779296875,37.29999923706055,36.52000045776367,37.0099983215332,1159978,0.0,0.0
2024-04-05 10:30:00-04:00,37.0099983215332,37.38999938964844,36.939998626708984,37.13999938964844,937402,0.0,0.0
2024-04-05 11:30:00-04:00,37.130001068115234,37.5,37.029998779296875,37.4900016784668,583663,0.0,0.0
2024-04-05 12:30:00-04:00,37.48910140991211,37.7400016784668,37.439998626708984,37.685001373291016,432286,0.0,0.0
2024-04-05 13:30:00-04:00,37.70000076293945,37.779998779296875,37.5099983215332,37.529998779296875,422639,0.0,0.0
2024-04-05 14:30:00-04:00,37.529998779296875,37.779998779296875,37.529998779296875,37.724998474121094,464724,0.0,0.0
2024-04-05 15:30:00-04:00,37.720001220703125,37.89500045776367,37.720001220703125,37.81999969482422,935394,0.0,0.0
2024-04-08 09:30:00-04:00,38.099998474121094,38.560001373291016,37.81999969482422,38.5099983215332,1013340,0.0,0.0
2024-04-08 10:30:00-04:00,38.5099983215332,38.677799224853516,38.29999923706055,38.564998626708984,575615,0.0,0.0
2024-04-08 11:30:00-04:00,38.564998626708984,38.63999938964844,38.36000061035156,38.45500183105469,341688,0.0,0.0
2024-04-08 12:30:00-04:00,38.459999084472656,38.53499984741211,38.22999954223633,38.28499984741211,555981,0.0,0.0
2024-04-08 13:30:00-04:00,38.28499984741211,38.33000183105469,38.029998779296875,38.150001525878906,966096,0.0,0.0
2024-04-08 14:30:00-04:00,38.15999984741211,38.33000183105469,38.06999969482422,38.32500076293945,585389,0.0,0.0
2024-04-08 15:30:00-04:00,38.31999969482422,38.3849983215332,38.209999084472656,38.209999084472656,1120342,0.0,0.0
2024-04-09 09:30:00-04:00,38.7400016784668,38.97919845581055,38.470001220703125,38.66999816894531,811096,0.0,0.0
2024-04-09 10:30:00-04:00,38.65999984741211,38.755001068115234,38.35499954223633,38.599998474121094,445863,0.0,0.0
2024-04-09 11:30:00-04:00,38.61000061035156,39.084999084472656,38.560001373291016,39.0,584185,0.0,0.0
2024-04-09 12:30:00-04:00,39.005001068115234,39.05500030517578,38.93000030517578,39.04499816894531,318476,0.0,0.0
2024-04-09 13:30:00-04:00,39.04999923706055,39.09989929199219,38.900001525878906,38.939998626708984,257711,0.0,0.0
2024-04-09 14:30:00-04:00,38.93000030517578,39.0099983215332,38.81999969482422,39.005001068115234,348352,0.0,0.0
2024-04-09 15:30:00-04:00,39.0,39.150001525878906,38.970001220703125,39.09000015258789,874797,0.0,0.0
2024-04-10 09:30:00-04:00,40.47999954223633,40.779998779296875,39.31999969482422,40.40999984741211,3991033,0.0,0.0
2024-04-10 10:30:00-04:00,40.400001525878906,40.630001068115234,39.619998931884766,39.83000183105469,1302819,0.0,0.0
2024-04-10 11:30:00-04:00,39.84000015258789,40.150001525878906,39.72999954223633,40.150001525878906,980194,0.0,0.0
2024-04-10 12:30:00-04:00,40.154998779296875,40.189998626708984,39.7400016784668,39.970001220703125,902072,0.0,0.0
2024-04-10 13:30:00-04:00,39.959999084472656,39.9900016784668,39.640098571777344,39.66999816894531,541991,0.0,0.0
2024-04-10 14:30:00-04:00,39.65999984741211,39.86000061035156,39.540000915527344,39.69499969482422,641082,0.0,0.0
2024-04-10 15:30:00-04:00,39.70000076293945,39.880001068115234,39.56999969482422,39.79999923706055,1120448,0.0,0.0
2024-04-11 09:30:00-04:00,40.02000045776367,40.08000183105469,39.564998626708984,39.709999084472656,910197,0.0,0.0
2024-04-11 10:30:00-04:00,39.70500183105469,39.78329849243164,39.33060073852539,39.59000015258789,528194,0.0,0.0
2024-04-11 11:30:00-04:00,39.59000015258789,39.68000030517578,39.439998626708984,39.51499938964844,373417,0.0,0.0
2024-04-11 12:30:00-04:00,39.51499938964844,39.91999816894531,39.41999816894531,39.880001068115234,407058,0.0,0.0
2024-04-11 13:30:00-04:00,39.8849983215332,39.95500183105469,39.58000183105469,39.63999938964844,503447,0.0,0.0
2024-04-11 14:30:00-04:00,39.63999938964844,39.744998931884766,39.46500015258789,39.518699645996094,506810,0.0,0.0
2024-04-11 15:30:00-04:00,39.5099983215332,39.560001373291016,39.22999954223633,39.279998779296875,961362,0.0,0.0
2024-04-12 09:30:00-04:00,38.9900016784668,39.3650016784668,38.81999969482422,39.3385009765625,618828,0.0,0.0
2024-04-12 10:30:00-04:00,39.33000183105469,39.541900634765625,38.849998474121094,38.95009994506836,641186,0.0,0.0
2024-04-12 11:30:00-04:00,38.95000076293945,39.029998779296875,38.66999816894531,38.689998626708984,380528,0.0,0.0
2024-04-12 12:30:00-04:00,38.68000030517578,38.69499969482422,38.45500183105469,38.459999084472656,308699,0.0,0.0
2024-04-12 13:30:00-04:00,38.459999084472656,38.68000030517578,38.38010025024414,38.54999923706055,402504,0.0,0.0
2024-04-12 14:30:00-04:00,38.540000915527344,38.540000915527344,38.290000915527344,38.33000183105469,362186,0.0,0.0
2024-04-12 15:30:00-04:00,38.34000015258789,38.525001525878906,38.32500076293945,38.380001068115234,672254,0.0,0.0
2024-04-15 09:30:00-04:00,38.279998779296875,38.81999969482422,37.86000061035156,37.95000076293945,957674,0.0,0.0
2024-04-15 10:30:00-04:00,37.949798583984375,38.130001068115234,37.34000015258789,37.5,707856,0.0,0.0
2024-04-15 11:30:00-04:00,37.5,37.79999923706055,37.349998474121094,37.64500045776367,642381,0.0,0.0
2024-04-15 12:30:00-04:00,37.650001525878906,37.739898681640625,37.02000045776367,37.02000045776367,627189,0.0,0.0
2024-04-15 13:30:00-04:00,37.029998779296875,37.15999984741211,36.880001068115234,36.89500045776367,524444,0.0,0.0
2024-04-15 14:30:00-04:00,36.89500045776367,37.09000015258789,36.540000915527344,36.650001525878906,649833,0.0,0.0
2024-04-15 15:30:00-04:00,36.64500045776367,36.73500061035156,36.58000183105469,36.68000030517578,883264,0.0,0.0
2024-04-16 09:30:00-04:00,36.4900016784668,36.970001220703125,36.11000061035156,36.880001068115234,1225572,0.0,0.0
2024-04-16 10:30:00-04:00,36.869998931884766,37.06999969482422,36.810001373291016,36.935001373291016,931501,0.0,0.0
2024-04-16 11:30:00-04:00,36.935001373291016,37.099998474121094,36.810001373291016,36.82500076293945,608366,0.0,0.0
2024-04-16 12:30:00-04:00,36.81999969482422,36.939998626708984,36.73899841308594,36.834999084472656,448846,0.0,0.0
2024-04-16 13:30:00-04:00,36.82500076293945,37.05500030517578,36.5,36.70000076293945,632441,0.0,0.0
2024-04-16 14:30:00-04:00,36.70000076293945,36.834999084472656,36.65999984741211,36.75,404123,0.0,0.0
2024-04-16 15:30:00-04:00,36.749000549316406,36.80500030517578,36.54499816894531,36.63999938964844,810232,0.0,0.0
2024-04-17 09:30:00-04:00,36.6349983215332,36.939998626708984,36.5,36.790000915527344,805072,0.0,0.0
2024-04-17 10:30:00-04:00,36.779998779296875,37.130001068115234,36.73320007324219,36.915000915527344,515553,0.0,0.0
2024-04-17 11:30:00-04:00,36.91999816894531,36.93000030517578,36.529998779296875,36.619998931884766,489989,0.0,0.0
2024-04-17 12:30:00-04:00,36.625,36.83000183105469,36.404998779296875,36.83000183105469,522887,0.0,0.0
2024-04-17 13:30:00-04:00,36.810001373291016,36.95000076293945,36.779998779296875,36.79999923706055,265576,0.0,0.0
2024-04-17 14:30:00-04:00,36.790000915527344,36.97999954223633,36.5625,36.650001525878906,434576,0.0,0.0
2024-04-17 15:30:00-04:00,36.64500045776367,36.68000030517578,36.349998474121094,36.369998931884766,752683,0.0,0.0
2024-04-18 09:30:00-04:00,36.31999969482422,36.369998931884766,35.582000732421875,36.27000045776367,919446,0.0,0.0
2024-04-18 10:30:00-04:00,36.27000045776367,36.58000183105469,36.25,36.439998626708984,544097,0.0,0.0
2024-04-18 11:30:00-04:00,36.44499969482422,36.470001220703125,36.04999923706055,36.150001525878906,375048,0.0,0.0
2024-04-18 12:30:00-04:00,36.16999816894531,36.189998626708984,35.52199935913086,35.68000030517578,517845,0.0,0.0
2024-04-18 13:30:00-04:00,35.68000030517578,35.709999084472656,35.36009979248047,35.42499923706055,586395,0.0,0.0
2024-04-18 14:30:00-04:00,35.41999816894531,35.52000045776367,35.279998779296875,35.45500183105469,549703,0.0,0.0
2024-04-18 15:30:00-04:00,35.459999084472656,35.63999938964844,35.45000076293945,35.54499816894531,1331921,0.0,0.0
2024-04-19 09:30:00-04:00,35.310001373291016,35.81999969482422,35.189998626708984,35.619998931884766,723155,0.0,0.0
2024-04-19 10:30:00-04:00,35.61000061035156,35.75,35.34000015258789,35.494998931884766,494768,0.0,0.0
2024-04-19 11:30:00-04:00,35.494998931884766,35.560001373291016,35.11000061035156,35.13999938964844,420510,0.0,0.0
2024-04-19 12:30:00-04:00,35.11009979248047,35.44499969482422,35.064998626708984,35.25,448724,0.0,0.0
2024-04-19 13:30:00-04:00,35.2400016784668,35.439998626708984,34.91999816894531,34.91999816894531,592258,0.0,0.0
2024-04-19 14:30:00-04:00,34.904998779296875,35.150001525878906,34.81999969482422,35.084999084472656,982058,0.0,0.0
2024-04-19 15:30:00-04:00,35.084999084472656,35.3650016784668,34.98109817504883,35.34000015258789,1130970,0.0,0.0
2024-04-22 09:30:00-04:00,35.599998474121094,35.900001525878906,34.880001068115234,35.02989959716797,1211254,0.0,0.0
2024-04-22 10:30:00-04:00,35.02000045776367,35.20000076293945,34.83000183105469,35.0099983215332,740257,0.0,0.0
2024-04-22 11:30:00-04:00,35.0,35.125,34.959999084472656,35.04999923706055,484551,0.0,0.0
2024-04-22 12:30:00-04:00,35.04999923706055,35.34000015258789,35.000099182128906,35.33000183105469,500742,0.0,0.0
2024-04-22 13:30:00-04:00,35.34000015258789,35.650001525878906,35.310001373291016,35.47999954223633,515827,0.0,0.0
2024-04-22 14:30:00-04:00,35.474998474121094,35.48500061035156,35.15999984741211,35.25,794492,0.0,0.0
2024-04-22 15:30:00-04:00,35.25519943237305,35.310001373291016,34.959999084472656,34.959999084472656,1494322,0.0,0.0
2024-04-23 09:30:00-04:00,36.41999816894531,37.52000045776367,35.7400016784668,37.10499954223633,3503298,0.0,0.0
2024-04-23 10:30:00-04:00,37.119998931884766,37.279998779296875,36.65999984741211,36.91999816894531,912122,0.0,0.0
2024-04-23 11:30:00-04:00,36.91999816894531,37.029998779296875,36.70000076293945,36.935001373291016,483508,0.0,0.0
2024-04-23 12:30:00-04:00,36.93899917602539,37.014400482177734,36.70009994506836,36.7781982421875,362148,0.0,0.0
2024-04-23 13:30:00-04:00,36.77000045776367,36.939998626708984,36.7400016784668,36.86000061035156,388197,0.0,0.0
2024-04-23 14:30:00-04:00,36.849998474121094,36.959999084472656,36.70090103149414,36.76499938964844,535528,0.0,0.0
2024-04-23 15:30:00-04:00,36.75,36.810001373291016,36.25,36.290000915527344,1365948,0.0,0.0
2024-04-24 09:30:00-04:00,36.400001525878906,36.790000915527344,35.349998474121094,35.470001220703125,1258222,0.0,0.0
2024-04-24 10:30:00-04:00,35.47999954223633,35.56999969482422,35.08000183105469,35.114498138427734,794487,0.0,0.0
2024-04-24 11:30:00-04:00,35.1150016784668,35.13990020751953,34.5,34.60499954223633,919587,0.0,0.0
2024-04-24 12:30:00-04:00,34.599998474121094,34.779998779296875,34.41999816894531,34.72999954223633,1002145,0.0,0.0
2024-04-24 13:30:00-04:00,34.72050094604492,35.029998779296875,34.630001068115234,34.834999084472656,911560,0.0,0.0
2024-04-24 14:30:00-04:00,34.83000183105469,34.900001525878906,34.6349983215332,34.849998474121094,683203,0.0,0.0
2024-04-24 15:30:00-04:00,34.84000015258789,35.138999938964844,34.814998626708984,34.97999954223633,1377724,0.0,0.0
2024-04-25 09:30:00-04:00,33.93000030517578,34.45500183105469,33.709999084472656,34.244998931884766,1005999,0.0,0.0
2024-04-25 10:30:00-04:00,34.2400016784668,34.64500045776367,34.099998474121094,34.64500045776367,1199182,0.0,0.0
2024-04-25 11:30:00-04:00,34.6349983215332,35.369998931884766,34.46260070800781,35.369998931884766,1137144,0.0,0.0
2024-04-25 12:30:00-04:00,35.369998931884766,35.560001373291016,35.290000915527344,35.51499938964844,1267624,0.0,0.0
2024-04-25 13:30:00-04:00,35.51499938964844,35.630001068115234,35.470001220703125,35.54999923706055,740359,0.0,0.0
2024-04-25 14:30:00-04:00,35.540000915527344,35.619998931884766,35.4900016784668,35.58000183105469,442257,0.0,0.0
2024-04-25 15:30:00-04:00,35.57500076293945,35.57600021362305,35.400001525878906,35.529998779296875,952485,0.0,0.0
2024-04-26 09:30:00-04:00,35.720001220703125,36.15999984741211,35.459999084472656,36.040000915527344,677062,0.0,0.0
2024-04-26 10:30:00-04:00,36.04999923706055,36.36000061035156,35.96500015258789,36.0,474678,0.0,0.0
2024-04-26 11:30:00-04:00,35.9900016784668,36.22999954223633,35.939998626708984,36.064998626708984,339817,0.0,0.0
2024-04-26 12:30:00-04:00,36.060001373291016,36.404998779296875,36.04990005493164,36.310001373291016,332307,0.0,0.0
2024-04-26 13:30:00-04:00,36.309898376464844,36.349998474121094,36.189998626708984,36.27629852294922,478578,0.0,0.0
2024-04-26 14:30:00-04:00,36.27000045776367,36.290000915527344,36.04499816894531,36.084999084472656,575106,0.0,0.0
2024-04-26 15:30:00-04:00,36.084999084472656,36.13999938964844,35.974998474121094,35.97999954223633,545048,0.0,0.0
2024-04-29 09:30:00-04:00,36.27000045776367,36.709999084472656,36.04999923706055,36.619998931884766,771657,0.0,0.0
2024-04-29 10:30:00-04:00,36.599998474121094,36.9900016784668,36.400001525878906,36.72589874267578,1286776,0.0,0.0
2024-04-29 11:30:00-04:00,36.709999084472656,37.079898834228516,36.540000915527344,36.880001068115234,813399,0.0,0.0
2024-04-29 12:30:00-04:00,36.869998931884766,36.939998626708984,36.77000045776367,36.904998779296875,262010,0.0,0.0
2024-04-29 13:30:00-04:00,36.88999938964844,36.939998626708984,36.7400016784668,36.779998779296875,292913,0.0,0.0
2024-04-29 14:30:00-04:00,36.779998779296875,36.790000915527344,36.475399017333984,36.505001068115234,403509,0.0,0.0
2024-04-29 15:30:00-04:00,36.5,36.709999084472656,36.45000076293945,36.560001373291016,637953,0.0,0.0
2024-04-30 09:30:00-04:00,35.66999816894531,36.08000183105469,35.529998779296875,35.849998474121094,803421,0.0,0.0
2024-04-30 10:30:00-04:00,35.84000015258789,36.20000076293945,35.77000045776367,35.86000061035156,369885,0.0,0.0
2024-04-30 11:30:00-04:00,35.849998474121094,35.869998931884766,35.67499923706055,35.779998779296875,272970,0.0,0.0
2024-04-30 12:30:00-04:00,35.77000045776367,35.77000045776367,35.540000915527344,35.689998626708984,252921,0.0,0.0
2024-04-30 13:30:00-04:00,35.68000030517578,35.72999954223633,35.54999923706055,35.61000061035156,197950,0.0,0.0
2024-04-30 14:30:00-04:00,35.61589813232422,35.685001373291016,35.47999954223633,35.599998474121094,329646,0.0,0.0
2024-04-30 15:30:00-04:00,35.60499954223633,35.67499923706055,35.5,35.560001373291016,608084,0.0,0.0
2024-05-01 09:30:00-04:00,35.65999984741211,36.06999969482422,35.46009826660156,35.970001220703125,781759,0.0,0.0
2024-05-01 10:30:00-04:00,35.970001220703125,36.279998779296875,35.915000915527344,36.119998931884766,442841,0.0,0.0
2024-05-01 11:30:00-04:00,36.119998931884766,36.255001068115234,35.81999969482422,35.970001220703125,381986,0.0,0.0
2024-05-01 12:30:00-04:00,35.970001220703125,36.040000915527344,35.86000061035156,35.935001373291016,371429,0.0,0.0
2024-05-01 13:30:00-04:00,35.935001373291016,36.650001525878906,35.92499923706055,36.62229919433594,625846,0.0,0.0
2024-05-01 14:30:00-04:00,36.630001068115234,37.59000015258789,36.369998931884766,37.150001525878906,1344199,0.0,0.0
2024-05-01 15:30:00-04:00,37.150001525878906,37.150001525878906,36.47999954223633,36.59000015258789,1342449,0.0,0.0
2024-05-02 09:30:00-04:00,37.150001525878906,37.31999969482422,36.540000915527344,37.09000015258789,746643,0.0,0.0
2024-05-02 10:30:00-04:00,37.099998474121094,37.27000045776367,36.92499923706055,37.239898681640625,525010,0.0,0.0
2024-05-02 11:30:00-04:00,37.23500061035156,37.314998626708984,37.040000915527344,37.16999816894531,354545,0.0,0.0
2024-05-02 12:30:00-04:00,37.16999816894531,37.25,37.06999969482422,37.25,266821,0.0,0.0
2024-05-02 13:30:00-04:00,37.25,37.529998779296875,37.220001220703125,37.5,368669,0.0,0.0
2024-05-02 14:30:00-04:00,37.5,37.68000030517578,37.36000061035156,37.369998931884766,432704,0.0,0.0
2024-05-02 15:30:00-04:00,37.36000061035156,37.435001373291016,37.27000045776367,37.349998474121094,841259,0.0,0.0
2024-05-03 09:30:00-04:00,38.875,39.29999923706055,38.5,38.65999984741211,1664568,0.0,0.0
2024-05-03 10:30:00-04:00,38.66999816894531,38.904998779296875,38.529998779296875,38.75,1452370,0.0,0.0
2024-05-03 11:30:00-04:00,38.75,39.09000015258789,38.7400016784668,39.060001373291016,682963,0.0,0.0
2024-05-03 12:30:00-04:00,39.05500030517578,39.31999969482422,38.900001525878906,39.244998931884766,964684,0.0,0.0
2024-05-03 13:30:00-04:00,39.244998931884766,39.275001525878906,39.0,39.154998779296875,579385,0.0,0.0
2024-05-03 14:30:00-04:00,39.15999984741211,39.35499954223633,39.02000045776367,39.32500076293945,881832,0.0,0.0
2024-05-03 15:30:00-04:00,39.31999969482422,39.470001220703125,39.22999954223633,39.2400016784668,1690841,0.0,0.0
2024-05-06 09:30:00-04:00,39.58000183105469,39.939998626708984,39.029998779296875,39.869998931884766,1407625,0.0,0.0
2024-05-06 10:30:00-04:00,39.85089874267578,39.95500183105469,39.70000076293945,39.79999923706055,755925,0.0,0.0
2024-05-06 11:30:00-04:00,39.810001373291016,39.9900016784668,39.779998779296875,39.915000915527344,582216,0.0,0.0
2024-05-06 12:30:00-04:00,39.915000915527344,40.095001220703125,39.86000061035156,40.019901275634766,763555,0.0,0.0
2024-05-06 13:30:00-04:00,40.0099983215332,40.05500030517578,39.775001525878906,40.03499984741211,432061,0.0,0.0
2024-05-06 14:30:00-04:00,40.040000915527344,40.185001373291016,39.90999984741211,40.005001068115234,1467569,0.0,0.0
2024-05-06 15:30:00-04:00,40.005001068115234,40.22999954223633,39.96500015258789,40.11000061035156,1352137,0.0,0.0
2024-05-07 09:30:00-04:00,39.7223014831543,40.91999816894531,39.7223014831543,40.880001068115234,1283846,0.0,0.0
2024-05-07 10:30:00-04:00,40.869998931884766,41.040000915527344,40.68000030517578,40.81039810180664,1029878,0.0,0.0
2024-05-07 11:30:00-04:00,40.810001373291016,40.95000076293945,40.68000030517578,40.845001220703125,584839,0.0,0.0
2024-05-07 12:30:00-04:00,40.849998474121094,40.88999938964844,40.720001220703125,40.86800003051758,505821,0.0,0.0
2024-05-07 13:30:00-04:00,40.86000061035156,40.88999938964844,40.689998626708984,40.849998474121094,477000,0.0,0.0
2024-05-07 14:30:00-04:00,40.849998474121094,40.970001220703125,40.71500015258789,40.834999084472656,532163,0.0,0.0
2024-05-07 15:30:00-04:00,40.84000015258789,40.85499954223633,40.4900016784668,40.54999923706055,1158738,0.0,0.0
2024-05-08 09:30:00-04:00,39.959999084472656,40.349998474121094,39.459999084472656,39.59000015258789,1546296,0.0,0.0
2024-05-08 10:30:00-04:00,39.595001220703125,39.81949996948242,39.1349983215332,39.34000015258789,788862,0.0,0.0
2024-05-08 11:30:00-04:00,39.34000015258789,39.5,39.119998931884766,39.187400817871094,996526,0.0,0.0
2024-05-08 12:30:00-04:00,39.189998626708984,39.290000915527344,39.099998474121094,39.2400016784668,882794,0.0,0.0
2024-05-08 13:30:00-04:00,39.23500061035156,39.47999954223633,39.209999084472656,39.380001068115234,846307,0.0,0.0
2024-05-08 14:30:00-04:00,39.380001068115234,39.42499923706055,39.10499954223633,39.170101165771484,844919,0.0,0.0
2024-05-08 15:30:00-04:00,39.17499923706055,39.38999938964844,39.0099983215332,39.029998779296875,2048486,0.0,0.0
2024-05-09 09:30:00-04:00,29.920000076293945,31.5,29.549999237060547,30.395000457763672,31495358,0.0,0.0
2024-05-09 10:30:00-04:00,30.395000457763672,31.1299991607666,30.0,30.475000381469727,9111417,0.0,0.0
2024-05-09 11:30:00-04:00,30.46500015258789,31.079999923706055,30.350000381469727,31.040000915527344,5374736,0.0,0.0
2024-05-09 12:30:00-04:00,31.048900604248047,31.459999084472656,30.850000381469727,30.9950008392334,6481629,0.0,0.0
2024-05-09 13:30:00-04:00,31.0,31.229999542236328,30.510000228881836,30.684999465942383,3726212,0.0,0.0
2024-05-09 14:30:00-04:00,30.684999465942383,30.829999923706055,30.41010093688965,30.5049991607666,4488862,0.0,0.0
2024-05-09 15:30:00-04:00,30.5,30.790000915527344,30.329999923706055,30.419700622558594,7043819,0.0,0.0
2024-05-10 09:30:00-04:00,30.90999984741211,31.610000610351562,30.559999465942383,31.065000534057617,6406761,0.0,0.0
2024-05-10 10:30:00-04:00,31.06999969482422,31.97949981689453,31.030000686645508,31.65999984741211,3960703,0.0,0.0
2024-05-10 11:30:00-04:00,31.665000915527344,31.967100143432617,31.550100326538086,31.729999542236328,2314469,0.0,0.0
2024-05-10 12:30:00-04:00,31.729999542236328,31.799999237060547,31.3799991607666,31.485000610351562,1822752,0.0,0.0
2024-05-10 13:30:00-04:00,31.479999542236328,31.584999084472656,31.209999084472656,31.295000076293945,1462661,0.0,0.0
2024-05-10 14:30:00-04:00,31.295000076293945,31.450000762939453,31.059999465942383,31.375,1947637,0.0,0.0
2024-05-10 15:30:00-04:00,31.370100021362305,31.5049991607666,31.270000457763672,31.44499969482422,2656758,0.0,0.0
2024-05-13 09:30:00-04:00,31.354999542236328,31.760099411010742,31.110000610351562,31.709999084472656,2952209,0.0,0.0
2024-05-13 10:30:00-04:00,31.709999084472656,32.064998626708984,31.661399841308594,31.799999237060547,1674071,0.0,0.0
2024-05-13 11:30:00-04:00,31.71500015258789,31.860000610351562,31.56999969482422,31.68000030517578,837366,0.0,0.0
2024-05-13 12:30:00-04:00,31.690000534057617,31.719999313354492,31.40999984741211,31.559999465942383,757501,0.0,0.0
2024-05-13 13:30:00-04:00,31.549999237060547,31.549999237060547,31.260000228881836,31.30500030517578,642364,0.0,0.0
2024-05-13 14:30:00-04:00,31.309900283813477,31.309900283813477,31.110000610351562,31.200000762939453,958513,0.0,0.0
2024-05-13 15:30:00-04:00,31.190000534057617,31.21500015258789,30.950000762939453,30.959999084472656,1485418,0.0,0.0
2024-05-14 09:30:00-04:00,30.829999923706055,32.25,30.829999923706055,32.20000076293945,2956850,0.0,0.0
2024-05-14 10:30:00-04:00,32.20000076293945,32.220001220703125,31.763200759887695,32.18000030517578,1459154,0.0,0.0
2024-05-14 11:30:00-04:00,32.189998626708984,32.24660110473633,32.04999923706055,32.14139938354492,1193509,0.0,0.0
2024-05-14 12:30:00-04:00,32.1349983215332,32.220001220703125,31.829999923706055,31.850000381469727,1059199,0.0,0.0
2024-05-14 13:30:00-04:00,31.859899520874023,31.989999771118164,31.604999542236328,31.6200008392334,748428,0.0,0.0
2024-05-14 14:30:00-04:00,31.6200008392334,31.729999542236328,31.522600173950195,31.635000228881836,812729,0.0,0.0
2024-05-14 15:30:00-04:00,31.635000228881836,31.739999771118164,31.56100082397461,31.65999984741211,1322924,0.0,0.0
2024-05-15 09:30:00-04:00,32.0099983215332,32.147499084472656,31.549999237060547,31.877599716186523,1779121,0.0,0.0
2024-05-15 10:30:00-04:00,31.8799991607666,32.720001220703125,31.829999923706055,32.665000915527344,1270593,0.0,0.0
2024-05-15 11:30:00-04:00,32.65999984741211,32.790000915527344,32.47999954223633,32.76499938964844,996642,0.0,0.0
2024-05-15 12:30:00-04:00,32.76499938964844,32.790000915527344,32.6349983215332,32.744998931884766,691499,0.0,0.0
2024-05-15 13:30:00-04:00,32.7400016784668,32.79999923706055,32.6349983215332,32.69499969482422,544199,0.0,0.0
2024-05-15 14:30:00-04:00,32.69499969482422,32.939998626708984,32.685001373291016,32.904998779296875,896554,0.0,0.0
2024-05-15 15:30:00-04:00,32.904998779296875,33.12710189819336,32.900001525878906,33.0099983215332,1639189,0.0,0.0
2024-05-16 09:30:00-04:00,33.0099983215332,33.36980056762695,32.959999084472656,33.12900161743164,1388326,0.0,0.0
2024-05-16 10:30:00-04:00,33.13999938964844,33.599998474121094,33.09000015258789,33.584999084472656,1012524,0.0,0.0
2024-05-16 11:30:00-04:00,33.58000183105469,33.775001525878906,33.369998931884766,33.709999084472656,1010969,0.0,0.0
2024-05-16 12:30:00-04:00,33.709999084472656,33.7400016784668,33.36040115356445,33.4010009765625,736373,0.0,0.0
2024-05-16 13:30:00-04:00,33.400001525878906,33.53499984741211,33.275001525878906,33.33000183105469,682788,0.0,0.0
2024-05-16 14:30:00-04:00,33.33000183105469,33.349998474121094,32.915000915527344,33.0,1045504,0.0,0.0
2024-05-16 15:30:00-04:00,32.994998931884766,33.005001068115234,32.68000030517578,32.75,1570758,0.0,0.0
2024-05-17 09:30:00-04:00,32.83000183105469,32.970001220703125,32.06060028076172,32.5,1636082,0.0,0.0
2024-05-17 10:30:00-04:00,32.5,32.66999816894531,32.45000076293945,32.540000915527344,899329,0.0,0.0
2024-05-17 11:30:00-04:00,32.537200927734375,32.599998474121094,32.459999084472656,32.47999954223633,552494,0.0,0.0
2024-05-17 12:30:00-04:00,32.48500061035156,32.599300384521484,32.375,32.43899917602539,596303,0.0,0.0
2024-05-17 13:30:00-04:00,32.43000030517578,32.529998779296875,32.400001525878906,32.47999954223633,411559,0.0,0.0
2024-05-17 14:30:00-04:00,32.474998474121094,32.650001525878906,32.46500015258789,32.607200622558594,498495,0.0,0.0
2024-05-17 15:30:00-04:00,32.60499954223633,32.90999984741211,32.599998474121094,32.875,1106451,0.0,0.0
2024-05-20 09:30:00-04:00,32.880001068115234,33.47999954223633,32.84000015258789,33.310001373291016,1010409,0.0,0.0
2024-05-20 10:30:00-04:00,33.310001373291016,33.400001525878906,33.04999923706055,33.2400016784668,796601,0.0,0.0
2024-05-20 11:30:00-04:00,33.244998931884766,33.380001068115234,33.02000045776367,33.060001373291016,519206,0.0,0.0
2024-05-20 12:30:00-04:00,33.064998626708984,33.189998626708984,33.01499938964844,33.066200256347656,310238,0.0,0.0
2024-05-20 13:30:00-04:00,33.064998626708984,33.08000183105469,32.90999984741211,33.073699951171875,284090,0.0,0.0
2024-05-20 14:30:00-04:00,33.07500076293945,33.28499984741211,33.02000045776367,33.279998779296875,338177,0.0,0.0
2024-05-20 15:30:00-04:00,33.28499984741211,33.599998474121094,33.279998779296875,33.58000183105469,1187869,0.0,0.0
2024-05-21 09:30:00-04:00,33.099998474121094,33.25,32.4900016784668,32.599998474121094,1919373,0.0,0.0
2024-05-21 10:30:00-04:00,32.595001220703125,32.78499984741211,32.36000061035156,32.40010070800781,1217563,0.0,0.0
2024-05-21 11:30:00-04:00,32.400001525878906,32.47999954223633,32.22999954223633,32.260101318359375,864499,0.0,0.0
2024-05-21 12:30:00-04:00,32.2599983215332,32.47999954223633,32.20000076293945,32.47999954223633,1000891,0.0,0.0
2024-05-21 13:30:00-04:00,32.474998474121094,32.630001068115234,32.45000076293945,32.505001068115234,988135,0.0,0.0
2024-05-21 14:30:00-04:00,32.5099983215332,32.58000183105469,32.45009994506836,32.560001373291016,967801,0.0,0.0
2024-05-21 15:30:00-04:00,32.564998626708984,32.72999954223633,32.51499938964844,32.540000915527344,1600229,0.0,0.0
2024-05-22 09:30:00-04:00,32.529998779296875,33.2599983215332,32.525001525878906,33.0,1259368,0.0,0.0
2024-05-22 10:30:00-04:00,33.0,33.560001373291016,32.970001220703125,33.310001373291016,976781,0.0,0.0
2024-05-22 11:30:00-04:00,33.314998626708984,33.31999969482422,33.08000183105469,33.247501373291016,514954,0.0,0.0
2024-05-22 12:30:00-04:00,33.244998931884766,33.494998931884766,33.16999816894531,33.27000045776367,836180,0.0,0.0
2024-05-22 13:30:00-04:00,33.275001525878906,33.39899826049805,33.20000076293945,33.29690170288086,678713,0.0,0.0
2024-05-22 14:30:00-04:00,33.290000915527344,33.369998931884766,33.11000061035156,33.36000061035156,688632,0.0,0.0
2024-05-22 15:30:00-04:00,33.36000061035156,33.404998779296875,33.06999969482422,33.1349983215332,1186286,0.0,0.0
2024-05-23 09:30:00-04:00,33.09000015258789,33.20000076293945,31.93000030517578,32.095001220703125,1501634,0.0,0.0
2024-05-23 10:30:00-04:00,32.11000061035156,32.244998931884766,32.060001373291016,32.13999938964844,545729,0.0,0.0
2024-05-23 11:30:00-04:00,32.149898529052734,32.150001525878906,31.959999084472656,32.08150100708008,690107,0.0,0.0
2024-05-23 12:30:00-04:00,32.084999084472656,32.095001220703125,31.809999465942383,31.856199264526367,750170,0.0,0.0
2024-05-23 13:30:00-04:00,31.850000381469727,31.854999542236328,31.59000015258789,31.795000076293945,1053048,0.0,0.0
2024-05-23 14:30:00-04:00,31.790000915527344,31.84000015258789,31.6299991607666,31.7549991607666,827001,0.0,0.0
2024-05-23 15:30:00-04:00,31.75,31.9950008392334,31.739999771118164,31.959999084472656,953415,0.0,0.0
2024-05-24 09:30:00-04:00,31.8799991607666,32.47999954223633,31.84000015258789,32.440101623535156,775295,0.0,0.0
2024-05-24 10:30:00-04:00,32.4370002746582,32.47999954223633,32.22999954223633,32.34000015258789,536039,0.0,0.0
2024-05-24 11:30:00-04:00,32.33599853515625,32.40999984741211,32.25,32.38999938964844,446823,0.0,0.0
2024-05-24 12:30:00-04:00,32.38999938964844,32.439998626708984,32.310001373291016,32.40999984741211,400720,0.0,0.0
2024-05-24 13:30:00-04:00,32.404998779296875,32.470001220703125,32.36000061035156,32.375,361838,0.0,0.0
2024-05-24 14:30:00-04:00,32.375,32.5099983215332,32.33000183105469,32.4900016784668,482482,0.0,0.0
2024-05-24 15:30:00-04:00,32.48500061035156,32.689998626708984,32.46009826660156,32.66999816894531,996426,0.0,0.0
2024-05-28 09:30:00-04:00,32.689998626708984,33.08000183105469,32.29999923706055,32.93000030517578,935188,0.0,0.0
2024-05-28 10:30:00-04:00,32.919898986816406,33.209999084472656,32.869998931884766,33.179901123046875,707299,0.0,0.0
2024-05-28 11:30:00-04:00,33.18000030517578,33.35499954223633,33.040000915527344,33.04499816894531,514609,0.0,0.0
2024-05-28 12:30:00-04:00,33.04999923706055,33.1349983215332,32.76499938964844,32.772499084472656,438411,0.0,0.0
2024-05-28 13:30:00-04:00,32.77000045776367,32.810001373291016,32.564998626708984,32.56999969482422,543563,0.0,0.0
2024-05-28 14:30:00-04:00,32.56999969482422,32.85499954223633,32.540000915527344,32.849998474121094,681172,0.0,0.0
2024-05-28 15:30:00-04:00,32.849998474121094,33.064998626708984,32.849998474121094,32.96030044555664,1269494,0.0,0.0
2024-05-29 09:30:00-04:00,32.630001068115234,33.18000030517578,32.310001373291016,33.130001068115234,875595,0.0,0.0
2024-05-29 10:30:00-04:00,33.12990188598633,33.165000915527344,32.8650016784668,32.88999938964844,384413,0.0,0.0
2024-05-29 11:30:00-04:00,32.880001068115234,32.9900016784668,32.80500030517578,32.95500183105469,263058,0.0,0.0
2024-05-29 12:30:00-04:00,32.970001220703125,33.119998931884766,32.92499923706055,33.040000915527344,461670,0.0,0.0
2024-05-29 13:30:00-04:00,33.04499816894531,33.15999984741211,32.95000076293945,33.07500076293945,329671,0.0,0.0
2024-05-29 14:30:00-04:00,33.06999969482422,33.17499923706055,32.970001220703125,33.130001068115234,621153,0.0,0.0
2024-05-29 15:30:00-04:00,33.119998931884766,33.30500030517578,33.06999969482422,33.11000061035156,946597,0.0,0.0
2024-05-30 09:30:00-04:00,32.91999816894531,33.34000015258789,32.880001068115234,32.97999954223633,974643,0.0,0.0
2024-05-30 10:30:00-04:00,32.970001220703125,33.03049850463867,32.69499969482422,33.0,364715,0.0,0.0
2024-05-30 11:30:00-04:00,32.994998931884766,33.11000061035156,32.91999816894531,32.92499923706055,287613,0.0,0.0
2024-05-30 12:30:00-04:00,32.93000030517578,32.959999084472656,32.83000183105469,32.959999084472656,277511,0.0,0.0
2024-05-30 13:30:00-04:00,32.95500183105469,33.04999923706055,32.790000915527344,32.81999969482422,302587,0.0,0.0
2024-05-30 14:30:00-04:00,32.81990051269531,33.01499938964844,32.80500030517578,33.0099983215332,511637,0.0,0.0
2024-05-30 15:30:00-04:00,33.0,33.15999984741211,32.90999984741211,33.150001525878906,832032,0.0,0.0
2024-05-31 09:30:00-04:00,33.5,34.099998474121094,33.38999938964844,33.52000045776367,1624996,0.0,0.0
2024-05-31 10:30:00-04:00,33.52000045776367,33.52000045776367,33.11000061035156,33.33000183105469,755161,0.0,0.0
2024-05-31 11:30:00-04:00,33.33000183105469,33.38990020751953,33.07500076293945,33.095001220703125,441560,0.0,0.0
2024-05-31 12:30:00-04:00,33.090999603271484,33.310001373291016,33.06999969482422,33.16999816894531,373370,0.0,0.0
2024-05-31 13:30:00-04:00,33.16999816894531,33.30500030517578,33.119998931884766,33.279998779296875,363785,0.0,0.0
2024-05-31 14:30:00-04:00,33.28499984741211,33.4900016784668,33.260101318359375,33.470001220703125,573809,0.0,0.0
2024-05-31 15:30:00-04:00,33.459999084472656,33.68000030517578,33.369998931884766,33.630001068115234,1448695,0.0,0.0
2024-06-03 09:30:00-04:00,34.0,34.41999816894531,33.880001068115234,34.279998779296875,981913,0.0,0.0
2024-06-03 10:30:00-04:00,34.27000045776367,34.27000045776367,33.93000030517578,34.130001068115234,515811,0.0,0.0
2024-06-03 11:30:00-04:00,34.119998931884766,34.47999954223633,33.970001220703125,34.246700286865234,669018,0.0,0.0
2024-06-03 12:30:00-04:00,34.22999954223633,34.36000061035156,33.959999084472656,34.34000015258789,523921,0.0,0.0
2024-06-03 13:30:00-04:00,34.343101501464844,34.38999938964844,34.16999816894531,34.255001068115234,444932,0.0,0.0
2024-06-03 14:30:00-04:00,34.25019836425781,34.35499954223633,34.224998474121094,34.32500076293945,491857,0.0,0.0
2024-06-03 15:30:00-04:00,34.33000183105469,34.5099983215332,34.252498626708984,34.48500061035156,1059805,0.0,0.0
2024-06-04 09:30:00-04:00,34.310001373291016,34.6349983215332,33.959999084472656,34.060001373291016,708377,0.0,0.0
2024-06-04 10:30:00-04:00,34.06999969482422,34.25,33.959999084472656,34.11000061035156,416940,0.0,0.0
2024-06-04 11:30:00-04:00,34.11000061035156,34.41999816894531,33.900001525878906,34.41999816894531,787210,0.0,0.0
2024-06-04 12:30:00-04:00,34.40999984741211,34.650001525878906,34.369998931884766,34.595001220703125,522370,0.0,0.0
2024-06-04 13:30:00-04:00,34.599998474121094,34.869998931884766,34.560001373291016,34.814998626708984,695763,0.0,0.0
2024-06-04 14:30:00-04:00,34.81999969482422,35.0099983215332,34.720001220703125,34.86840057373047,935979,0.0,0.0
2024-06-04 15:30:00-04:00,34.8650016784668,35.02000045776367,34.83000183105469,35.0,1522424,0.0,0.0
2024-06-05 09:30:00-04:00,35.90999984741211,35.90999984741211,34.900001525878906,35.27000045776367,1577608,0.0,0.0
2024-06-05 10:30:00-04:00,35.27000045776367,35.470001220703125,35.04999923706055,35.334999084472656,619853,0.0,0.0
2024-06-05 11:30:00-04:00,35.334999084472656,35.439998626708984,35.220001220703125,35.349998474121094,454810,0.0,0.0
2024-06-05 12:30:00-04:00,35.349998474121094,35.56999969482422,35.349998474121094,35.41999816894531,459821,0.0,0.0
2024-06-05 13:30:00-04:00,35.420101165771484,35.470001220703125,35.36000061035156,35.40999984741211,351447,0.0,0.0
2024-06-05 14:30:00-04:00,35.40999984741211,35.474998474121094,35.36000061035156,35.38999938964844,409270,0.0,0.0
2024-06-05 15:30:00-04:00,35.38999938964844,35.619998931884766,35.34000015258789,35.61000061035156,1018085,0.0,0.0
2024-06-06 09:30:00-04:00,35.400001525878906,35.95830154418945,35.31480026245117,35.709999084472656,650889,0.0,0.0
2024-06-06 10:30:00-04:00,35.71659851074219,35.849998474121094,35.650001525878906,35.72999954223633,302441,0.0,0.0
2024-06-06 11:30:00-04:00,35.720001220703125,35.78499984741211,35.599998474121094,35.66999816894531,253263,0.0,0.0
2024-06-06 12:30:00-04:00,35.65999984741211,35.9900016784668,35.65999984741211,35.97999954223633,315995,0.0,0.0
2024-06-06 13:30:00-04:00,35.97999954223633,36.119998931884766,35.93000030517578,36.0,423665,0.0,0.0
2024-06-06 14:30:00-04:00,36.0,36.08000183105469,35.849998474121094,35.880001068115234,451151,0.0,0.0
2024-06-06 15:30:00-04:00,35.869998931884766,35.869998931884766,35.59000015258789,35.66999816894531,808102,0.0,0.0
2024-06-07 09:30:00-04:00,35.27000045776367,36.03499984741211,35.18000030517578,35.880001068115234,920712,0.0,0.0
2024-06-07 10:30:00-04:00,35.88999938964844,36.02000045776367,35.68000030517578,35.91999816894531,703628,0.0,0.0
2024-06-07 11:30:00-04:00,35.93000030517578,36.06999969482422,35.77000045776367,35.90999984741211,580168,0.0,0.0
2024-06-07 12:30:00-04:00,35.91999816894531,35.94990158081055,35.619998931884766,35.70000076293945,535631,0.0,0.0
2024-06-07 13:30:00-04:00,35.689998626708984,35.69499969482422,35.27000045776367,35.36000061035156,524861,0.0,0.0
2024-06-07 14:30:00-04:00,35.349998474121094,35.625,35.34000015258789,35.619998931884766,611590,0.0,0.0
2024-06-07 15:30:00-04:00,35.619998931884766,35.65999984741211,35.45000076293945,35.619998931884766,1240639,0.0,0.0
2024-06-10 09:30:00-04:00,35.29999923706055,35.529998779296875,35.04499816894531,35.18000030517578,671094,0.0,0.0
2024-06-10 10:30:00-04:00,35.15999984741211,35.29999923706055,34.880001068115234,34.90999984741211,436051,0.0,0.0
2024-06-10 11:30:00-04:00,34.90999984741211,35.16999816894531,34.849998474121094,34.8650016784668,560240,0.0,0.0
2024-06-10 12:30:00-04:00,34.8650016784668,35.13999938964844,34.84000015258789,34.8849983215332,410485,0.0,0.0
2024-06-10 13:30:00-04:00,34.88999938964844,35.095001220703125,34.880001068115234,35.025001525878906,369508,0.0,0.0
2024-06-10 14:30:00-04:00,35.021400451660156,35.29999923706055,34.96500015258789,35.29499816894531,446782,0.0,0.0
2024-06-10 15:30:00-04:00,35.29499816894531,35.310001373291016,34.970001220703125,34.9900016784668,1142590,0.0,0.0
2024-06-11 09:30:00-04:00,35.040000915527344,35.34000015258789,34.7599983215332,35.16999816894531,607717,0.0,0.0
2024-06-11 10:30:00-04:00,35.189998626708984,35.650001525878906,35.189998626708984,35.404998779296875,470355,0.0,0.0
2024-06-11 11:30:00-04:00,35.400001525878906,35.45000076293945,35.275001525878906,35.32500076293945,528640,0.0,0.0
2024-06-11 12:30:00-04:00,35.33000183105469,35.540000915527344,35.2599983215332,35.5099983215332,343290,0.0,0.0
2024-06-11 13:30:00-04:00,35.500999450683594,35.66999816894531,35.459999084472656,35.654998779296875,289803,0.0,0.0
2024-06-11 14:30:00-04:00,35.654998779296875,35.70000076293945,35.43000030517578,35.43000030517578,406042,0.0,0.0
2024-06-11 15:30:00-04:00,35.43550109863281,35.5,35.290000915527344,35.5,801543,0.0,0.0
2024-06-12 09:30:00-04:00,36.470001220703125,36.60499954223633,35.875,36.04499816894531,968089,0.0,0.0
2024-06-12 10:30:00-04:00,36.040000915527344,36.380001068115234,35.994998931884766,36.36000061035156,368288,0.0,0.0
2024-06-12 11:30:00-04:00,36.35599899291992,36.375,36.13999938964844,36.17499923706055,441129,0.0,0.0
2024-06-12 12:30:00-04:00,36.18000030517578,36.29999923706055,36.06999969482422,36.209999084472656,276708,0.0,0.0
2024-06-12 13:30:00-04:00,36.20500183105469,36.25,35.939998626708984,36.06999969482422,551056,0.0,0.0
2024-06-12 14:30:00-04:00,36.06999969482422,36.310001373291016,35.91999816894531,36.084999084472656,901091,0.0,0.0
2024-06-12 15:30:00-04:00,36.09000015258789,36.130001068115234,35.94390106201172,36.040000915527344,751506,0.0,0.0
2024-06-13 09:30:00-04:00,37.04999923706055,37.29999923706055,36.435001373291016,36.58000183105469,1516432,0.0,0.0
2024-06-13 10:30:00-04:00,36.56999969482422,36.599998474121094,36.11000061035156,36.34479904174805,627130,0.0,0.0
2024-06-13 11:30:00-04:00,36.349998474121094,36.45000076293945,36.20500183105469,36.33000183105469,468689,0.0,0.0
2024-06-13 12:30:00-04:00,36.33000183105469,36.54999923706055,36.18009948730469,36.189998626708984,749666,0.0,0.0
2024-06-13 13:30:00-04:00,36.185001373291016,36.23099899291992,35.77000045776367,35.82899856567383,727837,0.0,0.0
2024-06-13 14:30:00-04:00,35.82500076293945,35.880001068115234,35.61000061035156,35.64500045776367,851078,0.0,0.0
2024-06-13 15:30:00-04:00,35.64500045776367,35.654998779296875,35.380001068115234,35.5099983215332,968961,0.0,0.0
2024-06-14 09:30:00-04:00,35.31999969482422,35.790000915527344,35.08000183105469,35.349998474121094,969922,0.0,0.0
2024-06-14 10:30:00-04:00,35.33000183105469,35.58000183105469,35.189998626708984,35.25,653159,0.0,0.0
2024-06-14 11:30:00-04:00,35.2599983215332,35.26499938964844,34.980098724365234,35.209999084472656,738418,0.0,0.0
2024-06-14 12:30:00-04:00,35.20000076293945,35.310001373291016,35.08000183105469,35.13999938964844,341591,0.0,0.0
2024-06-14 13:30:00-04:00,35.14500045776367,35.209999084472656,34.9900016784668,35.02000045776367,471449,0.0,0.0
2024-06-14 14:30:00-04:00,35.0099983215332,35.25,34.8849983215332,35.22999954223633,729603,0.0,0.0
2024-06-14 15:30:00-04:00,35.220001220703125,35.34000015258789,35.09000015258789,35.119998931884766,1198269,0.0,0.0
2024-06-17 09:30:00-04:00,34.86000061035156,35.48500061035156,34.40999984741211,35.470001220703125,1051700,0.0,0.0
2024-06-17 10:30:00-04:00,35.459999084472656,35.68000030517578,35.35499954223633,35.619998931884766,707148,0.0,0.0
2024-06-17 11:30:00-04:00,35.625,35.97999954223633,35.560001373291016,35.97999954223633,767124,0.0,0.0
2024-06-17 12:30:00-04:00,35.9900016784668,36.11000061035156,35.79999923706055,36.040000915527344,620184,0.0,0.0
2024-06-17 13:30:00-04:00,36.04999923706055,36.2400016784668,35.9900016784668,36.13999938964844,704675,0.0,0.0
2024-06-17 14:30:00-04:00,36.14500045776367,36.22999954223633,35.939998626708984,36.039798736572266,736947,0.0,0.0
2024-06-17 15:30:00-04:00,36.03499984741211,36.09000015258789,35.85499954223633,35.93000030517578,1405467,0.0,0.0
2024-06-18 09:30:00-04:00,35.900001525878906,36.11000061035156,35.540000915527344,35.859901428222656,667789,0.0,0.0
2024-06-18 10:30:00-04:00,35.85499954223633,35.939998626708984,35.630001068115234,35.689998626708984,647380,0.0,0.0
2024-06-18 11:30:00-04:00,35.685001373291016,35.724998474121094,35.505001068115234,35.650001525878906,321479,0.0,0.0
2024-06-18 12:30:00-04:00,35.650001525878906,35.724998474121094,35.56999969482422,35.67499923706055,326649,0.0,0.0
2024-06-18 13:30:00-04:00,35.67499923706055,36.130001068115234,35.67499923706055,36.005001068115234,579904,0.0,0.0
2024-06-18 14:30:00-04:00,36.005001068115234,36.099998474121094,35.755001068115234,35.939998626708984,419692,0.0,0.0
2024-06-18 15:30:00-04:00,35.935001373291016,35.959999084472656,35.842498779296875,35.90999984741211,685019,0.0,0.0
2024-06-20 09:30:00-04:00,35.869998931884766,35.869998931884766,35.349998474121094,35.63999938964844,462658,0.0,0.0
2024-06-20 10:30:00-04:00,35.650001525878906,35.91999816894531,35.61000061035156,35.79999923706055,293131,0.0,0.0
2024-06-20 11:30:00-04:00,35.790000915527344,36.040000915527344,35.77000045776367,35.775001525878906,335476,0.0,0.0
2024-06-20 12:30:00-04:00,35.77000045776367,35.810001373291016,35.55500030517578,35.650001525878906,315746,0.0,0.0
2024-06-20 13:30:00-04:00,35.650001525878906,36.029998779296875,35.58100128173828,35.939998626708984,479796,0.0,0.0
2024-06-20 14:30:00-04:00,35.939998626708984,35.97999954223633,35.75,35.935001373291016,466436,0.0,0.0
2024-06-20 15:30:00-04:00,35.93000030517578,35.959999084472656,35.81999969482422,35.849998474121094,727330,0.0,0.0
2024-06-21 09:30:00-04:00,35.79999923706055,36.27000045776367,35.529998779296875,35.97999954223633,866768,0.0,0.0
2024-06-21 10:30:00-04:00,35.970001220703125,36.04999923706055,35.685001373291016,35.709999084472656,311887,0.0,0.0
2024-06-21 11:30:00-04:00,35.709999084472656,35.790000915527344,35.654998779296875,35.720001220703125,206553,0.0,0.0
2024-06-21 12:30:00-04:00,35.720001220703125,35.86000061035156,35.65999984741211,35.79999923706055,244254,0.0,0.0
2024-06-21 13:30:00-04:00,35.79499816894531,35.939998626708984,35.65999984741211,35.91999816894531,739778,0.0,0.0
2024-06-21 14:30:00-04:00,35.91999816894531,35.95000076293945,35.790000915527344,35.904998779296875,544318,0.0,0.0
2024-06-21 15:30:00-04:00,35.90999984741211,36.189998626708984,35.814998626708984,36.15999984741211,1366783,0.0,0.0
2024-06-24 09:30:00-04:00,35.9900016784668,36.34000015258789,35.869998931884766,35.95000076293945,590631,0.0,0.0
2024-06-24 10:30:00-04:00,35.970001220703125,36.03990173339844,35.654998779296875,35.7599983215332,424788,0.0,0.0
2024-06-24 11:30:00-04:00,35.76499938964844,35.79999923706055,35.29999923706055,35.29999923706055,344917,0.0,0.0
2024-06-24 12:30:00-04:00,35.29999923706055,35.31999969482422,34.89500045776367,34.9900016784668,1172350,0.0,0.0
2024-06-24 13:30:00-04:00,34.9900016784668,35.130001068115234,34.900001525878906,35.084999084472656,466875,0.0,0.0
2024-06-24 14:30:00-04:00,35.084999084472656,35.34000015258789,35.08000183105469,35.28499984741211,500191,0.0,0.0
2024-06-24 15:30:00-04:00,35.28499984741211,35.29999923706055,35.12459945678711,35.19900131225586,965665,0.0,0.0
2024-06-25 09:30:00-04:00,35.25,35.36000061035156,34.619998931884766,35.16999816894531,769270,0.0,0.0
2024-06-25 10:30:00-04:00,35.16999816894531,35.40999984741211,35.09000015258789,35.15999984741211,596198,0.0,0.0
2024-06-25 11:30:00-04:00,35.16999816894531,35.25,35.099998474121094,35.18000030517578,300641,0.0,0.0
2024-06-25 12:30:00-04:00,35.18000030517578,35.20000076293945,34.98500061035156,35.14500045776367,392479,0.0,0.0
2024-06-25 13:30:00-04:00,35.14500045776367,35.31999969482422,35.12049865722656,35.29499816894531,359849,0.0,0.0
2024-06-25 14:30:00-04:00,35.290000915527344,35.29499816894531,35.15999984741211,35.275001525878906,537902,0.0,0.0
2024-06-25 15:30:00-04:00,35.279998779296875,35.439998626708984,35.224998474121094,35.43000030517578,972080,0.0,0.0
2024-06-26 09:30:00-04:00,35.369998931884766,36.060001373291016,35.27000045776367,35.956600189208984,1119470,0.0,0.0
2024-06-26 10:30:00-04:00,35.95000076293945,36.6349983215332,35.91999816894531,36.4900016784668,1195690,0.0,0.0
2024-06-26 11:30:00-04:00,36.4900016784668,36.95000076293945,36.45000076293945,36.91659927368164,843735,0.0,0.0
2024-06-26 12:30:00-04:00,36.915000915527344,37.2400016784668,36.790000915527344,37.189998626708984,1562493,0.0,0.0
2024-06-26 13:30:00-04:00,37.18000030517578,37.29999923706055,37.025001525878906,37.26499938964844,748498,0.0,0.0
2024-06-26 14:30:00-04:00,37.26499938964844,37.33000183105469,36.91999816894531,36.939998626708984,926999,0.0,0.0
2024-06-26 15:30:00-04:00,36.94499969482422,36.9900016784668,36.77000045776367,36.88999938964844,941276,0.0,0.0
2024-06-27 09:30:00-04:00,36.66999816894531,37.790000915527344,36.630001068115234,37.560001373291016,1023242,0.0,0.0
2024-06-27 10:30:00-04:00,37.560001373291016,37.560001373291016,37.09000015258789,37.20000076293945,379274,0.0,0.0
2024-06-27 11:30:00-04:00,37.20000076293945,37.38999938964844,37.040000915527344,37.3650016784668,328604,0.0,0.0
2024-06-27 12:30:00-04:00,37.368099212646484,37.505001068115234,37.352500915527344,37.380001068115234,338837,0.0,0.0
2024-06-27 13:30:00-04:00,37.38999938964844,37.43000030517578,37.09000015258789,37.1349983215332,581703,0.0,0.0
2024-06-27 14:30:00-04:00,37.13010025024414,37.209999084472656,37.0,37.1349983215332,531874,0.0,0.0
2024-06-27 15:30:00-04:00,37.130001068115234,37.25,37.060001373291016,37.220001220703125,1054348,0.0,0.0
2024-06-28 09:30:00-04:00,37.130001068115234,37.5,37.11000061035156,37.38999938964844,552692,0.0,0.0
2024-06-28 10:30:00-04:00,37.38999938964844,37.41999816894531,37.08000183105469,37.279998779296875,463662,0.0,0.0
2024-06-28 11:30:00-04:00,37.27000045776367,37.3203010559082,36.970001220703125,37.19499969482422,425896,0.0,0.0
2024-06-28 12:30:00-04:00,37.189998626708984,37.224300384521484,36.9900016784668,37.11000061035156,283552,0.0,0.0
2024-06-28 13:30:00-04:00,37.10499954223633,37.16999816894531,37.03499984741211,37.119998931884766,244561,0.0,0.0
2024-06-28 14:30:00-04:00,37.11000061035156,37.31999969482422,37.099998474121094,37.26499938964844,411759,0.0,0.0
2024-06-28 15:30:00-04:00,37.2599983215332,37.28499984741211,37.150001525878906,37.209999084472656,1045805,0.0,0.0
2024-07-01 09:30:00-04:00,37.11000061035156,37.130001068115234,36.40999984741211,36.94499969482422,1029674,0.0,0.0
2024-07-01 10:30:00-04:00,36.95000076293945,36.95000076293945,36.369998931884766,36.59960174560547,523620,0.0,0.0
2024-07-01 11:30:00-04:00,36.59000015258789,36.65999984741211,36.459999084472656,36.638999938964844,328982,0.0,0.0
2024-07-01 12:30:00-04:00,36.63999938964844,36.81999969482422,36.560001373291016,36.709999084472656,336141,0.0,0.0
2024-07-01 13:30:00-04:00,36.720001220703125,37.0901985168457,36.68000030517578,37.005001068115234,259532,0.0,0.0
2024-07-01 14:30:00-04:00,37.0,37.08000183105469,36.83000183105469,36.939998626708984,358215,0.0,0.0
2024-07-01 15:30:00-04:00,36.93000030517578,37.11000061035156,36.90999984741211,37.04999923706055,488967,0.0,0.0
2024-07-02 09:30:00-04:00,36.75,37.52000045776367,36.470001220703125,37.22999954223633,718954,0.0,0.0
2024-07-02 10:30:00-04:00,37.22999954223633,37.7599983215332,37.20500183105469,37.58100128173828,607863,0.0,0.0
2024-07-02 11:30:00-04:00,37.58000183105469,37.720001220703125,37.20500183105469,37.29499816894531,380820,0.0,0.0
2024-07-02 12:30:00-04:00,37.29999923706055,37.45000076293945,37.2400016784668,37.2599983215332,259850,0.0,0.0
2024-07-02 13:30:00-04:00,37.26499938964844,37.525001525878906,37.220001220703125,37.3650016784668,288997,0.0,0.0
2024-07-02 14:30:00-04:00,37.3650016784668,37.41999816894531,37.290000915527344,37.30500030517578,228448,0.0,0.0
2024-07-02 15:30:00-04:00,37.30009841918945,37.31999969482422,37.099998474121094,37.13999938964844,880681,0.0,0.0
2024-07-03 09:30:00-04:00,37.38999938964844,38.470001220703125,37.349998474121094,38.310001373291016,1407521,0.0,0.0
2024-07-03 10:30:00-04:00,38.314998626708984,38.39500045776367,38.0099983215332,38.209999084472656,946523,0.0,0.0
2024-07-03 11:30:00-04:00,38.209999084472656,38.244998931884766,37.84000015258789,37.85499954223633,661690,0.0,0.0
2024-07-05 09:30:00-04:00,37.65999984741211,38.095001220703125,37.459999084472656,37.845001220703125,763342,0.0,0.0
2024-07-05 10:30:00-04:00,37.845001220703125,38.18000030517578,37.805999755859375,38.11000061035156,766417,0.0,0.0
2024-07-05 11:30:00-04:00,38.11000061035156,38.220001220703125,38.09000015258789,38.20000076293945,245245,0.0,0.0
2024-07-05 12:30:00-04:00,38.189998626708984,38.27000045776367,38.099998474121094,38.22999954223633,225817,0.0,0.0
2024-07-05 13:30:00-04:00,38.220001220703125,38.23500061035156,38.11000061035156,38.20500183105469,231811,0.0,0.0
2024-07-05 14:30:00-04:00,38.19499969482422,38.45000076293945,38.13999938964844,38.42499923706055,487237,0.0,0.0
2024-07-05 15:30:00-04:00,38.42499923706055,38.70000076293945,38.404998779296875,38.689998626708984,1229648,0.0,0.0
2024-07-08 09:30:00-04:00,39.0,39.0,38.369998931884766,38.70000076293945,956593,0.0,0.0
2024-07-08 10:30:00-04:00,38.69499969482422,39.08000183105469,38.66999816894531,39.0099983215332,654182,0.0,0.0
2024-07-08 11:30:00-04:00,39.0099983215332,39.03499984741211,38.85499954223633,39.01100158691406,477292,0.0,0.0
2024-07-08 12:30:00-04:00,39.01499938964844,39.36000061035156,38.900001525878906,39.3140983581543,722475,0.0,0.0
2024-07-08 13:30:00-04:00,39.314998626708984,39.55500030517578,39.29999923706055,39.51499938964844,870578,0.0,0.0
2024-07-08 14:30:00-04:00,39.52000045776367,39.91999816894531,39.45500183105469,39.915000915527344,798812,0.0,0.0
2024-07-08 15:30:00-04:00,39.90999984741211,39.91999816894531,39.689998626708984,39.81999969482422,1525570,0.0,0.0
2024-07-09 09:30:00-04:00,39.90999984741211,39.9900016784668,39.005001068115234,39.220001220703125,1188633,0.0,0.0
2024-07-09 10:30:00-04:00,39.20000076293945,39.419898986816406,39.150001525878906,39.34749984741211,546322,0.0,0.0
2024-07-09 11:30:00-04:00,39.36000061035156,39.4900016784668,39.29999923706055,39.41999816894531,416518,0.0,0.0
2024-07-09 12:30:00-04:00,39.40999984741211,39.435001373291016,39.22999954223633,39.380001068115234,407644,0.0,0.0
2024-07-09 13:30:00-04:00,39.380001068115234,39.63999938964844,39.33000183105469,39.584999084472656,304578,0.0,0.0
2024-07-09 14:30:00-04:00,39.58000183105469,39.67499923706055,39.459999084472656,39.52000045776367,547430,0.0,0.0
2024-07-09 15:30:00-04:00,39.5099983215332,39.5099983215332,39.349998474121094,39.38999938964844,873775,0.0,0.0
2024-07-10 09:30:00-04:00,39.58000183105469,39.77000045776367,38.7599983215332,38.939998626708984,717721,0.0,0.0
2024-07-10 10:30:00-04:00,38.91999816894531,38.9359016418457,38.60499954223633,38.810001373291016,533011,0.0,0.0
2024-07-10 11:30:00-04:00,38.81999969482422,39.019798278808594,38.81999969482422,38.900001525878906,413227,0.0,0.0
2024-07-10 12:30:00-04:00,38.900001525878906,39.33000183105469,38.88999938964844,39.310001373291016,302749,0.0,0.0
2024-07-10 13:30:00-04:00,39.30500030517578,39.56999969482422,39.30500030517578,39.4900016784668,468057,0.0,0.0
2024-07-10 14:30:00-04:00,39.5,39.599998474121094,39.40999984741211,39.59000015258789,392364,0.0,0.0
2024-07-10 15:30:00-04:00,39.580101013183594,39.68000030517578,39.474998474121094,39.65999984741211,708936,0.0,0.0
2024-07-11 09:30:00-04:00,39.630001068115234,39.88999938964844,38.95000076293945,39.04999923706055,668341,0.0,0.0
2024-07-11 10:30:00-04:00,39.060001373291016,39.38990020751953,38.95000076293945,38.959999084472656,574013,0.0,0.0
2024-07-11 11:30:00-04:00,38.95000076293945,38.95000076293945,38.43000030517578,38.810001373291016,524884,0.0,0.0
2024-07-11 12:30:00-04:00,38.81999969482422,39.035499572753906,38.64080047607422,38.810001373291016,460123,0.0,0.0
2024-07-11 13:30:00-04:00,38.79999923706055,38.81999969482422,38.56999969482422,38.7400016784668,309305,0.0,0.0
2024-07-11 14:30:00-04:00,38.744998931884766,38.869998931884766,38.65999984741211,38.77000045776367,362254,0.0,0.0
2024-07-11 15:30:00-04:00,38.779998779296875,38.79499816894531,38.47999954223633,38.52000045776367,727295,0.0,0.0
2024-07-12 09:30:00-04:00,39.86000061035156,40.29999923706055,39.4900016784668,39.79999923706055,2193499,0.0,0.0
2024-07-12 10:30:00-04:00,39.790000915527344,40.0,39.56999969482422,39.7400016784668,798868,0.0,0.0
2024-07-12 11:30:00-04:00,39.7400016784668,40.06999969482422,39.69020080566406,40.04499816894531,741106,0.0,0.0
2024-07-12 12:30:00-04:00,40.040000915527344,40.09000015258789,39.942298889160156,40.07500076293945,616804,0.0,0.0
2024-07-12 13:30:00-04:00,40.07500076293945,40.20500183105469,40.029998779296875,40.20000076293945,522405,0.0,0.0
2024-07-12 14:30:00-04:00,40.20500183105469,40.529998779296875,40.165000915527344,40.439998626708984,993530,0.0,0.0
2024-07-12 15:30:00-04:00,40.439998626708984,40.68000030517578,40.3650016784668,40.540000915527344,1302381,0.0,0.0
2024-07-15 09:30:00-04:00,40.70000076293945,41.060001373291016,40.25,40.82720184326172,1088853,0.0,0.0
2024-07-15 10:30:00-04:00,40.81999969482422,41.150001525878906,40.560001373291016,41.13999938964844,772680,0.0,0.0
2024-07-15 11:30:00-04:00,41.1349983215332,41.45000076293945,40.88999938964844,41.209999084472656,1002598,0.0,0.0
2024-07-15 12:30:00-04:00,41.209999084472656,41.540000915527344,41.119998931884766,41.15999984741211,603084,0.0,0.0
2024-07-15 13:30:00-04:00,41.165000915527344,41.619998931884766,40.88999938964844,41.540000915527344,619551,0.0,0.0
2024-07-15 14:30:00-04:00,41.54499816894531,41.54499816894531,41.10499954223633,41.334999084472656,884327,0.0,0.0
2024-07-15 15:30:00-04:00,41.334999084472656,41.47999954223633,40.9900016784668,41.119998931884766,1001033,0.0,0.0
2024-07-16 09:30:00-04:00,41.27000045776367,41.483699798583984,40.70000076293945,40.95140075683594,1248493,0.0,0.0
2024-07-16 10:30:00-04:00,40.95000076293945,41.38999938964844,40.900001525878906,41.25,484203,0.0,0.0
2024-07-16 11:30:00-04:00,41.25,41.255001068115234,40.959999084472656,41.005001068115234,384030,0.0,0.0
2024-07-16 12:30:00-04:00,41.0,41.150001525878906,40.939998626708984,41.1349983215332,345091,0.0,0.0
2024-07-16 13:30:00-04:00,41.13999938964844,41.41999816894531,41.119998931884766,41.3849983215332,512528,0.0,0.0
2024-07-16 14:30:00-04:00,41.380001068115234,41.48500061035156,41.125,41.189998626708984,444359,0.0,0.0
2024-07-16 15:30:00-04:00,41.18000030517578,41.31999969482422,41.084999084472656,41.310001373291016,755645,0.0,0.0
2024-07-17 09:30:00-04:00,40.47999954223633,41.029998779296875,40.310001373291016,40.52000045776367,648282,0.0,0.0
2024-07-17 10:30:00-04:00,40.52000045776367,40.689998626708984,40.150001525878906,40.279998779296875,661582,0.0,0.0
2024-07-17 11:30:00-04:00,40.290000915527344,40.290000915527344,39.900001525878906,39.9900016784668,561751,0.0,0.0
2024-07-17 12:30:00-04:00,39.9900016784668,40.0,39.709999084472656,39.869998931884766,334106,0.0,0.0
2024-07-17 13:30:00-04:00,39.880001068115234,40.0099983215332,39.724998474121094,39.79999923706055,464835,0.0,0.0
2024-07-17 14:30:00-04:00,39.78499984741211,40.064998626708984,39.529998779296875,40.040000915527344,683908,0.0,0.0
2024-07-17 15:30:00-04:00,40.03499984741211,40.099998474121094,39.904998779296875,39.9900016784668,920999,0.0,0.0
2024-07-18 09:30:00-04:00,40.06999969482422,40.724998474121094,39.832000732421875,40.709999084472656,539446,0.0,0.0
2024-07-18 10:30:00-04:00,40.689998626708984,40.689998626708984,39.79999923706055,39.86000061035156,451955,0.0,0.0
2024-07-18 11:30:00-04:00,39.849998474121094,39.93000030517578,39.65999984741211,39.88999938964844,539654,0.0,0.0
2024-07-18 12:30:00-04:00,39.880001068115234,40.40999984741211,39.849998474121094,40.2599983215332,309231,0.0,0.0
2024-07-18 13:30:00-04:00,40.25,40.29999923706055,39.75,39.75,270203,0.0,0.0
2024-07-18 14:30:00-04:00,39.7400016784668,39.810001373291016,39.560001373291016,39.654998779296875,365294,0.0,0.0
2024-07-18 15:30:00-04:00,39.654998779296875,39.9900016784668,39.64500045776367,39.79999923706055,480389,0.0,0.0
2024-07-19 09:30:00-04:00,39.70000076293945,40.52000045776367,39.52000045776367,40.310001373291016,535993,0.0,0.0
2024-07-19 10:30:00-04:00,40.349998474121094,40.685001373291016,40.334999084472656,40.45000076293945,397329,0.0,0.0
2024-07-19 11:30:00-04:00,40.45000076293945,40.7599983215332,40.38999938964844,40.54999923706055,469251,0.0,0.0
2024-07-19 12:30:00-04:00,40.560001373291016,40.61000061035156,40.36000061035156,40.41999816894531,446478,0.0,0.0
2024-07-19 13:30:00-04:00,40.41999816894531,40.459999084472656,40.21500015258789,40.31999969482422,351058,0.0,0.0
2024-07-19 14:30:00-04:00,40.31010055541992,40.73500061035156,40.150001525878906,40.63999938964844,632424,0.0,0.0
2024-07-19 15:30:00-04:00,40.64500045776367,40.75,40.494998931884766,40.52000045776367,839420,0.0,0.0
2024-07-22 09:30:00-04:00,40.9900016784668,41.28499984741211,40.77000045776367,41.0099983215332,754796,0.0,0.0
2024-07-22 10:30:00-04:00,41.0,41.25,40.914398193359375,40.94449996948242,518460,0.0,0.0
2024-07-22 11:30:00-04:00,40.93000030517578,41.2599983215332,40.84709930419922,41.130001068115234,308325,0.0,0.0
2024-07-22 12:30:00-04:00,41.150001525878906,41.25,41.06999969482422,41.06999969482422,239535,0.0,0.0
2024-07-22 13:30:00-04:00,41.08000183105469,41.20500183105469,41.029998779296875,41.09000015258789,311709,0.0,0.0
2024-07-22 14:30:00-04:00,41.09000015258789,41.13999938964844,40.959999084472656,41.07500076293945,374648,0.0,0.0
2024-07-22 15:30:00-04:00,41.070499420166016,41.16999816894531,40.9900016784668,41.0099983215332,726924,0.0,0.0
2024-07-23 09:30:00-04:00,40.380001068115234,41.060001373291016,40.29999923706055,40.72999954223633,1195917,0.0,0.0
2024-07-23 10:30:00-04:00,40.709999084472656,41.02000045776367,40.22999954223633,40.939998626708984,701674,0.0,0.0
2024-07-23 11:30:00-04:00,40.939998626708984,41.005001068115234,40.68000030517578,40.75,340121,0.0,0.0
2024-07-23 12:30:00-04:00,40.72999954223633,41.04499816894531,40.63999938964844,41.0099983215332,492455,0.0,0.0
2024-07-23 13:30:00-04:00,41.0,41.08100128173828,40.939998626708984,41.029998779296875,304287,0.0,0.0
2024-07-23 14:30:00-04:00,41.029998779296875,41.165000915527344,40.91999816894531,41.06999969482422,543089,0.0,0.0
2024-07-23 15:30:00-04:00,41.04999923706055,41.10499954223633,40.959999084472656,41.09000015258789,757246,0.0,0.0
2024-07-24 09:30:00-04:00,40.470001220703125,41.08000183105469,40.470001220703125,41.04999923706055,542719,0.0,0.0
2024-07-24 10:30:00-04:00,41.040000915527344,41.060001373291016,40.564998626708984,40.66999816894531,327039,0.0,0.0
2024-07-24 11:30:00-04:00,40.665000915527344,40.83000183105469,40.560001373291016,40.64500045776367,216412,0.0,0.0
2024-07-24 12:30:00-04:00,40.640098571777344,40.77000045776367,40.400001525878906,40.630001068115234,218917,0.0,0.0
2024-07-24 13:30:00-04:00,40.619998931884766,40.76499938964844,40.5,40.52000045776367,219321,0.0,0.0
2024-07-24 14:30:00-04:00,40.51499938964844,40.53950119018555,40.1349983215332,40.14500045776367,413920,0.0,0.0
2024-07-24 15:30:00-04:00,40.130001068115234,40.16999816894531,39.88999938964844,39.959999084472656,814223,0.0,0.0
2024-07-25 09:30:00-04:00,39.959999084472656,40.22999954223633,39.54999923706055,40.119998931884766,493354,0.0,0.0
2024-07-25 10:30:00-04:00,40.11000061035156,40.550899505615234,40.060001373291016,40.439998626708984,311129,0.0,0.0
2024-07-25 11:30:00-04:00,40.46860122680664,40.84000015258789,40.2400016784668,40.76499938964844,451059,0.0,0.0
2024-07-25 12:30:00-04:00,40.77000045776367,41.13999938964844,40.7400016784668,40.790000915527344,463579,0.0,0.0
2024-07-25 13:30:00-04:00,40.779998779296875,41.0,40.70000076293945,40.86000061035156,371340,0.0,0.0
2024-07-25 14:30:00-04:00,40.8650016784668,40.93000030517578,40.55500030517578,40.849998474121094,459229,0.0,0.0
2024-07-25 15:30:00-04:00,40.84000015258789,40.91999816894531,40.529998779296875,40.54999923706055,741295,0.0,0.0
2024-07-26 09:30:00-04:00,41.0,41.08000183105469,40.380001068115234,40.5099983215332,587609,0.0,0.0
2024-07-26 10:30:00-04:00,40.5099983215332,40.54199981689453,40.060001373291016,40.16999816894531,434286,0.0,0.0
2024-07-26 11:30:00-04:00,40.16999816894531,40.41999816894531,40.15999984741211,40.220001220703125,396685,0.0,0.0
2024-07-26 12:30:00-04:00,40.22999954223633,40.31999969482422,40.15999984741211,40.314998626708984,213592,0.0,0.0
2024-07-26 13:30:00-04:00,40.31999969482422,40.3849983215332,40.060001373291016,40.220001220703125,297634,0.0,0.0
2024-07-26 14:30:00-04:00,40.224998474121094,40.40999984741211,40.00019836425781,40.404998779296875,372979,0.0,0.0
2024-07-26 15:30:00-04:00,40.38999938964844,40.6150016784668,40.2400016784668,40.5,557787,0.0,0.0
2024-07-29 09:30:00-04:00,40.95000076293945,41.0,40.20000076293945,40.5,1538127,0.0,0.0
2024-07-29 10:30:00-04:00,40.5,40.849998474121094,40.2400016784668,40.56999969482422,669980,0.0,0.0
2024-07-29 11:30:00-04:00,40.54999923706055,40.959999084472656,40.45000076293945,40.7599983215332,1282791,0.0,0.0
2024-07-29 12:30:00-04:00,40.7599983215332,40.834999084472656,40.525001525878906,40.61000061035156,470610,0.0,0.0
2024-07-29 13:30:00-04:00,40.599998474121094,40.709999084472656,40.290000915527344,40.34000015258789,328690,0.0,0.0
2024-07-29 14:30:00-04:00,40.34000015258789,40.630001068115234,40.279998779296875,40.595001220703125,397925,0.0,0.0
2024-07-29 15:30:00-04:00,40.61000061035156,40.720001220703125,40.525001525878906,40.61000061035156,1114374,0.0,0.0
2024-07-30 09:30:00-04:00,40.75,41.388999938964844,40.66999816894531,40.9900016784668,1087617,0.0,0.0
2024-07-30 10:30:00-04:00,40.970001220703125,41.029998779296875,40.67499923706055,40.994998931884766,834346,0.0,0.0
2024-07-30 11:30:00-04:00,40.9900016784668,41.060001373291016,40.879398345947266,40.994998931884766,581179,0.0,0.0
2024-07-30 12:30:00-04:00,41.0,41.060001373291016,40.79140090942383,40.94499969482422,538288,0.0,0.0
2024-07-30 13:30:00-04:00,40.94499969482422,41.150001525878906,40.90999984741211,41.0099983215332,569354,0.0,0.0
2024-07-30 14:30:00-04:00,41.0099983215332,41.11000061035156,40.93000030517578,40.96500015258789,410640,0.0,0.0
2024-07-30 15:30:00-04:00,40.959999084472656,41.18000030517578,40.94499969482422,41.040000915527344,1001770,0.0,0.0
2024-07-31 09:30:00-04:00,41.4900016784668,41.899600982666016,41.040000915527344,41.86000061035156,1238738,0.0,0.0
2024-07-31 10:30:00-04:00,41.869998931884766,41.986000061035156,41.63999938964844,41.869998931884766,798737,0.0,0.0
2024-07-31 11:30:00-04:00,41.869998931884766,42.040000915527344,41.779998779296875,41.779998779296875,957399,0.0,0.0
2024-07-31 12:30:00-04:00,41.78990173339844,41.79999923706055,41.61000061035156,41.619998931884766,561583,0.0,0.0
2024-07-31 13:30:00-04:00,41.63529968261719,41.63529968261719,41.31999969482422,41.560001373291016,865032,0.0,0.0
2024-07-31 14:30:00-04:00,41.56999969482422,41.974998474121094,41.459999084472656,41.54999923706055,1393042,0.0,0.0
2024-07-31 15:30:00-04:00,41.529998779296875,41.650001525878906,41.43000030517578,41.529998779296875,1333843,0.0,0.0
2024-08-01 09:30:00-04:00,40.09000015258789,41.040000915527344,37.34000015258789,39.779998779296875,7060944,0.0,0.0
2024-08-01 10:30:00-04:00,39.77989959716797,40.31999969482422,39.119998931884766,39.41999816894531,1961874,0.0,0.0
2024-08-01 11:30:00-04:00,39.41999816894531,39.56999969482422,39.0,39.150001525878906,1064531,0.0,0.0
2024-08-01 12:30:00-04:00,39.15999984741211,39.209999084472656,38.95000076293945,39.09000015258789,1082062,0.0,0.0
2024-08-01 13:30:00-04:00,39.099998474121094,39.26499938964844,38.71500015258789,38.88999938964844,717493,0.0,0.0
2024-08-01 14:30:00-04:00,38.880001068115234,38.970001220703125,38.720001220703125,38.95500183105469,781063,0.0,0.0
2024-08-01 15:30:00-04:00,38.959999084472656,39.29999923706055,38.77000045776367,38.8400993347168,2034957,0.0,0.0
2024-08-02 09:30:00-04:00,38.14500045776367,38.5,37.352500915527344,37.415000915527344,1379414,0.0,0.0
2024-08-02 10:30:00-04:00,37.40999984741211,38.244998931884766,37.30500030517578,37.9900016784668,1516352,0.0,0.0
2024-08-02 11:30:00-04:00,38.0,38.85200119018555,37.970001220703125,38.61000061035156,632418,0.0,0.0
2024-08-02 12:30:00-04:00,38.61000061035156,39.02000045776367,38.510101318359375,38.935001373291016,711551,0.0,0.0
2024-08-02 13:30:00-04:00,38.93000030517578,39.255001068115234,38.7599983215332,39.130001068115234,700337,0.0,0.0
2024-08-02 14:30:00-04:00,39.13999938964844,39.18000030517578,38.84000015258789,39.084999084472656,608995,0.0,0.0
2024-08-02 15:30:00-04:00,39.09000015258789,39.224998474121094,38.959999084472656,39.03499984741211,1415774,0.0,0.0
2024-08-05 09:30:00-04:00,36.599998474121094,36.874900817871094,35.29999923706055,35.92499923706055,3443410,0.0,0.0
2024-08-05 10:30:00-04:00,35.939998626708984,37.290000915527344,35.90999984741211,37.040000915527344,2331563,0.0,0.0
2024-08-05 11:30:00-04:00,37.029998779296875,37.209999084472656,36.75,37.16999816894531,1006155,0.0,0.0
2024-08-05 12:30:00-04:00,37.15999984741211,37.18000030517578,36.52000045776367,36.848201751708984,850657,0.0,0.0
2024-08-05 13:30:00-04:00,36.84000015258789,37.150001525878906,36.46500015258789,36.494998931884766,917856,0.0,0.0
2024-08-05 14:30:00-04:00,36.4900016784668,36.619998931884766,36.19499969482422,36.494998931884766,1116605,0.0,0.0
2024-08-05 15:30:00-04:00,36.5,36.78499984741211,36.255001068115234,36.52000045776367,2673153,0.0,0.0
2024-08-06 09:30:00-04:00,36.959999084472656,36.959999084472656,36.18000030517578,36.459999084472656,778261,0.0,0.0
2024-08-06 10:30:00-04:00,36.45600128173828,37.09000015258789,36.33000183105469,36.880001068115234,695235,0.0,0.0
2024-08-06 11:30:00-04:00,36.880001068115234,37.33000183105469,36.880001068115234,37.18000030517578,708510,0.0,0.0
2024-08-06 12:30:00-04:00,37.18000030517578,38.11000061035156,37.04999923706055,37.345001220703125,499089,0.0,0.0
2024-08-06 13:30:00-04:00,37.349998474121094,37.790000915527344,37.27000045776367,37.7400016784668,882883,0.0,0.0
2024-08-06 14:30:00-04:00,37.7400016784668,37.779998779296875,37.2599983215332,37.51499938964844,710562,0.0,0.0
2024-08-06 15:30:00-04:00,37.52000045776367,37.689998626708984,37.51679992675781,37.68000030517578,1384152,0.0,0.0
2024-08-07 09:30:00-04:00,38.11000061035156,38.40999984741211,37.630001068115234,38.150001525878906,849835,0.0,0.0
2024-08-07 10:30:00-04:00,38.150001525878906,38.70000076293945,38.025001525878906,38.139400482177734,658265,0.0,0.0
2024-08-07 11:30:00-04:00,38.0099983215332,38.060001373291016,37.47999954223633,37.77000045776367,665968,0.0,0.0
2024-08-07 12:30:00-04:00,37.7599983215332,37.7599983215332,37.2599983215332,37.380001068115234,556216,0.0,0.0
2024-08-07 13:30:00-04:00,37.380001068115234,37.474998474121094,36.52000045776367,36.63999938964844,588817,0.0,0.0
2024-08-07 14:30:00-04:00,36.61000061035156,36.720001220703125,36.22999954223633,36.529998779296875,829176,0.0,0.0
2024-08-07 15:30:00-04:00,36.529998779296875,36.529998779296875,36.06999969482422,36.15999984741211,1379489,0.0,0.0
2024-08-08 09:30:00-04:00,36.4900016784668,36.849998474121094,36.31999969482422,36.77000045776367,830982,0.0,0.0
2024-08-08 10:30:00-04:00,36.779998779296875,37.02000045776367,36.58000183105469,36.93000030517578,838664,0.0,0.0
2024-08-08 11:30:00-04:00,36.935001373291016,37.220001220703125,36.869998931884766,37.060001373291016,647880,0.0,0.0
2024-08-08 12:30:00-04:00,37.05500030517578,37.22999954223633,36.959999084472656,37.20500183105469,497706,0.0,0.0
2024-08-08 13:30:00-04:00,37.209999084472656,37.31999969482422,37.13999938964844,37.16999816894531,419464,0.0,0.0
2024-08-08 14:30:00-04:00,37.189998626708984,37.220001220703125,36.95500183105469,37.021400451660156,657918,0.0,0.0
2024-08-08 15:30:00-04:00,37.02000045776367,37.209999084472656,36.939998626708984,37.165000915527344,1104153,0.0,0.0
2024-08-09 09:30:00-04:00,37.33000183105469,37.54999923706055,36.77000045776367,37.02000045776367,752200,0.0,0.0
2024-08-09 10:30:00-04:00,37.0099983215332,37.45000076293945,36.91999816894531,37.19990158081055,440564,0.0,0.0
2024-08-09 11:30:00-04:00,37.189998626708984,37.220001220703125,36.88999938964844,37.03499984741211,273763,0.0,0.0
2024-08-09 12:30:00-04:00,37.029998779296875,37.29999923706055,37.02000045776367,37.224998474121094,307060,0.0,0.0
2024-08-09 13:30:00-04:00,37.220001220703125,37.25,37.05500030517578,37.09000015258789,355073,0.0,0.0
2024-08-09 14:30:00-04:00,37.08000183105469,37.119998931884766,36.93000030517578,36.95000076293945,534418,0.0,0.0
2024-08-09 15:30:00-04:00,36.95000076293945,37.095001220703125,36.89500045776367,37.005001068115234,1370393,0.0,0.0
2024-08-12 09:30:00-04:00,37.13999938964844,37.40999984741211,36.90999984741211,37.25,1166819,0.0,0.0
2024-08-12 10:30:00-04:00,37.25,37.81999969482422,37.20000076293945,37.63990020751953,850693,0.0,0.0
2024-08-12 11:30:00-04:00,37.630001068115234,37.900001525878906,37.52000045776367,37.56999969482422,534490,0.0,0.0
2024-08-12 12:30:00-04:00,37.56999969482422,37.630001068115234,37.35499954223633,37.400001525878906,437291,0.0,0.0
2024-08-12 13:30:00-04:00,37.40999984741211,37.529998779296875,37.38999938964844,37.494998931884766,392230,0.0,0.0
2024-08-12 14:30:00-04:00,37.494998931884766,37.505001068115234,37.38999938964844,37.46500015258789,452530,0.0,0.0
2024-08-12 15:30:00-04:00,37.46500015258789,37.470001220703125,37.279998779296875,37.31999969482422,958312,0.0,0.0
2024-08-13 09:30:00-04:00,38.45000076293945,39.34000015258789,38.05009841918945,39.2400016784668,1891872,0.0,0.0
2024-08-13 10:30:00-04:00,39.2400016784668,39.68000030517578,39.14500045776367,39.22999954223633,1220460,0.0,0.0
2024-08-13 11:30:00-04:00,39.220001220703125,39.220001220703125,38.90999984741211,39.15999984741211,503100,0.0,0.0
2024-08-13 12:30:00-04:00,39.15999984741211,39.26499938964844,38.98249816894531,39.040000915527344,381128,0.0,0.0
2024-08-13 13:30:00-04:00,39.040000915527344,39.060001373291016,38.86000061035156,38.88999938964844,354258,0.0,0.0
2024-08-13 14:30:00-04:00,38.880001068115234,38.97999954223633,38.79999923706055,38.939998626708984,449497,0.0,0.0
2024-08-13 15:30:00-04:00,38.939998626708984,38.959999084472656,38.720001220703125,38.7599983215332,1012080,0.0,0.0
2024-08-14 09:30:00-04:00,38.86000061035156,38.9900016784668,38.66999816894531,38.849998474121094,441096,0.0,0.0
2024-08-14 10:30:00-04:00,38.84000015258789,38.90999984741211,38.64500045776367,38.900001525878906,266542,0.0,0.0
2024-08-14 11:30:00-04:00,38.900001525878906,39.189998626708984,38.875,38.900001525878906,480834,0.0,0.0
2024-08-14 12:30:00-04:00,38.904998779296875,39.040000915527344,38.83100128173828,38.97999954223633,227072,0.0,0.0
2024-08-14 13:30:00-04:00,38.97999954223633,39.040000915527344,38.875,38.970001220703125,206304,0.0,0.0
2024-08-14 14:30:00-04:00,38.970001220703125,39.060001373291016,38.900001525878906,38.93000030517578,348153,0.0,0.0
2024-08-14 15:30:00-04:00,38.9202995300293,39.099998474121094,38.849998474121094,39.09000015258789,577653,0.0,0.0
2024-08-15 09:30:00-04:00,39.529998779296875,40.125,39.220001220703125,40.125,884117,0.0,0.0
2024-08-15 10:30:00-04:00,40.130001068115234,40.310001373291016,39.95000076293945,40.09000015258789,543895,0.0,0.0
2024-08-15 11:30:00-04:00,40.09000015258789,40.53499984741211,40.0,40.53499984741211,468798,0.0,0.0
2024-08-15 12:30:00-04:00,40.529998779296875,40.56589889526367,40.29499816894531,40.38999938964844,425756,0.0,0.0
2024-08-15 13:30:00-04:00,40.3849983215332,40.56999969482422,40.349998474121094,40.529998779296875,455288,0.0,0.0
2024-08-15 14:30:00-04:00,40.52000045776367,40.59000015258789,40.36000061035156,40.54999923706055,551941,0.0,0.0
2024-08-15 15:30:00-04:00,40.54999923706055,40.619998931884766,40.46500015258789,40.5,1155838,0.0,0.0
2024-08-16 09:30:00-04:00,40.29999923706055,40.97999954223633,40.2400016784668,40.880001068115234,1145670,0.0,0.0
2024-08-16 10:30:00-04:00,40.88999938964844,41.16999816894531,40.58000183105469,40.619998931884766,1131037,0.0,0.0
2024-08-16 11:30:00-04:00,40.625,40.75,40.47999954223633,40.68000030517578,835689,0.0,0.0
2024-08-16 12:30:00-04:00,40.685001373291016,40.810001373291016,40.599998474121094,40.619998931884766,629612,0.0,0.0
2024-08-16 13:30:00-04:00,40.619998931884766,40.71500015258789,40.47999954223633,40.54999923706055,517007,0.0,0.0
2024-08-16 14:30:00-04:00,40.560001373291016,40.75,40.4900016784668,40.70000076293945,435165,0.0,0.0
2024-08-16 15:30:00-04:00,40.70000076293945,40.724998474121094,40.51499938964844,40.58000183105469,900212,0.0,0.0
2024-08-19 09:30:00-04:00,40.540000915527344,40.54999923706055,39.720001220703125,39.8849983215332,1726065,0.0,0.0
2024-08-19 10:30:00-04:00,39.88999938964844,40.25,39.85499954223633,40.09000015258789,892821,0.0,0.0
2024-08-19 11:30:00-04:00,40.08639907836914,40.13999938964844,39.849998474121094,39.98500061035156,436860,0.0,0.0
2024-08-19 12:30:00-04:00,39.97999954223633,40.16999816894531,39.95500183105469,40.1349983215332,424947,0.0,0.0
2024-08-19 13:30:00-04:00,40.130001068115234,40.369998931884766,40.125,40.29999923706055,489367,0.0,0.0
2024-08-19 14:30:00-04:00,40.29999923706055,40.5,40.27000045776367,40.43000030517578,654368,0.0,0.0
2024-08-19 15:30:00-04:00,40.41999816894531,40.869998931884766,40.38999938964844,40.849998474121094,1172048,0.0,0.0
2024-08-20 09:30:00-04:00,40.5,40.70000076293945,39.83530044555664,39.900001525878906,1487939,0.0,0.0
2024-08-20 10:30:00-04:00,39.900001525878906,40.060001373291016,39.720001220703125,39.9900016784668,1919052,0.0,0.0
2024-08-20 11:30:00-04:00,39.9900016784668,40.22999954223633,39.987998962402344,40.16999816894531,1163365,0.0,0.0
2024-08-20 12:30:00-04:00,40.17499923706055,40.400001525878906,40.099998474121094,40.3650016784668,861088,0.0,0.0
2024-08-20 13:30:00-04:00,40.3650016784668,40.7400016784668,40.32500076293945,40.68000030517578,1187315,0.0,0.0
2024-08-20 14:30:00-04:00,40.68000030517578,40.72999954223633,40.58000183105469,40.6150016784668,945482,0.0,0.0
2024-08-20 15:30:00-04:00,40.6150016784668,40.630001068115234,40.5,40.54999923706055,2005507,0.0,0.0
2024-08-21 09:30:00-04:00,40.68000030517578,41.9900016784668,40.66999816894531,41.92499923706055,2192703,0.0,0.0
2024-08-21 10:30:00-04:00,41.93000030517578,42.02000045776367,41.5099983215332,41.91999816894531,1278926,0.0,0.0
2024-08-21 11:30:00-04:00,41.93000030517578,42.22999954223633,41.779998779296875,42.099998474121094,1122560,0.0,0.0
2024-08-21 12:30:00-04:00,42.11000061035156,42.29999923706055,42.060001373291016,42.279998779296875,1000116,0.0,0.0
2024-08-21 13:30:00-04:00,42.279998779296875,42.939998626708984,42.279998779296875,42.93000030517578,1347633,0.0,0.0
2024-08-21 14:30:00-04:00,42.93000030517578,43.459999084472656,42.82500076293945,43.369998931884766,1778321,0.0,0.0
2024-08-21 15:30:00-04:00,43.369998931884766,43.4900016784668,42.959999084472656,43.349998474121094,2308292,0.0,0.0
2024-08-22 09:30:00-04:00,43.45000076293945,44.02000045776367,43.25,43.560001373291016,1726762,0.0,0.0
2024-08-22 10:30:00-04:00,43.56999969482422,43.720001220703125,43.25,43.52000045776367,1270738,0.0,0.0
2024-08-22 11:30:00-04:00,43.529998779296875,43.790000915527344,43.13999938964844,43.71500015258789,815938,0.0,0.0
2024-08-22 12:30:00-04:00,43.709999084472656,43.880001068115234,43.64500045776367,43.720001220703125,755342,0.0,0.0
2024-08-22 13:30:00-04:00,43.71989822387695,44.029998779296875,43.61000061035156,43.849998474121094,674336,0.0,0.0
2024-08-22 14:30:00-04:00,43.849998474121094,43.849998474121094,43.45000076293945,43.56999969482422,690286,0.0,0.0
2024-08-22 15:30:00-04:00,43.56999969482422,43.6150016784668,43.2599983215332,43.36000061035156,1205756,0.0,0.0
2024-08-23 09:30:00-04:00,43.599998474121094,43.98500061035156,43.279998779296875,43.95000076293945,870687,0.0,0.0
2024-08-23 10:30:00-04:00,43.959999084472656,44.189998626708984,43.40010070800781,44.15999984741211,802392,0.0,0.0
2024-08-23 11:30:00-04:00,44.165000915527344,44.42499923706055,44.130001068115234,44.20000076293945,899396,0.0,0.0
2024-08-23 12:30:00-04:00,44.20000076293945,44.22999954223633,43.91999816894531,44.08000183105469,554730,0.0,0.0
2024-08-23 13:30:00-04:00,44.084999084472656,44.189998626708984,43.970001220703125,44.025001525878906,528119,0.0,0.0
2024-08-23 14:30:00-04:00,44.029998779296875,44.04999923706055,43.72999954223633,44.02000045776367,635926,0.0,0.0
2024-08-23 15:30:00-04:00,44.029998779296875,44.16999816894531,43.779998779296875,44.16999816894531,1278049,0.0,0.0
