Datetime,Open,High,Low,Close,Volume,Dividends,Stock Splits
2022-08-25 09:30:00-04:00,17.149999618530273,17.200000762939453,16.75,16.96500015258789,0,0.0,0.0
2022-08-25 10:30:00-04:00,16.940000534057617,17.0,16.655000686645508,16.69499969482422,11208,0.0,0.0
2022-08-25 11:30:00-04:00,16.69499969482422,17.06999969482422,16.69499969482422,17.042499542236328,26781,0.0,0.0
2022-08-25 12:30:00-04:00,17.014999389648438,17.020000457763672,16.780000686645508,16.915000915527344,8293,0.0,0.0
2022-08-25 13:30:00-04:00,16.93000030517578,16.959999084472656,16.81999969482422,16.8799991607666,8695,0.0,0.0
2022-08-25 14:30:00-04:00,16.885000228881836,17.0575008392334,16.84000015258789,16.940000534057617,19009,0.0,0.0
2022-08-25 15:30:00-04:00,16.950000762939453,17.022499084472656,16.84000015258789,16.989999771118164,51386,0.0,0.0
2022-08-26 09:30:00-04:00,16.90999984741211,16.90999984741211,16.110000610351562,16.579999923706055,19860,0.0,0.0
2022-08-26 10:30:00-04:00,16.459999084472656,16.700000762939453,16.270000457763672,16.34000015258789,32842,0.0,0.0
2022-08-26 11:30:00-04:00,16.209999084472656,16.30500030517578,16.020000457763672,16.059999465942383,4832,0.0,0.0
2022-08-26 12:30:00-04:00,16.075000762939453,16.239999771118164,15.850000381469727,15.930000305175781,21138,0.0,0.0
2022-08-26 13:30:00-04:00,15.869999885559082,15.90999984741211,15.649999618530273,15.6899995803833,17440,0.0,0.0
2022-08-26 14:30:00-04:00,15.649999618530273,15.680000305175781,15.270000457763672,15.300000190734863,25639,0.0,0.0
2022-08-26 15:30:00-04:00,15.289999961853027,15.359999656677246,15.15999984741211,15.329999923706055,50592,0.0,0.0
2022-08-29 09:30:00-04:00,15.100000381469727,15.550000190734863,14.919099807739258,15.40999984741211,51680,0.0,0.0
2022-08-29 10:30:00-04:00,15.489999771118164,15.489999771118164,15.114999771118164,15.274999618530273,13116,0.0,0.0
2022-08-29 11:30:00-04:00,15.260000228881836,15.369999885559082,15.170000076293945,15.270000457763672,16021,0.0,0.0
2022-08-29 12:30:00-04:00,15.270000457763672,15.510000228881836,15.220000267028809,15.510000228881836,12323,0.0,0.0
2022-08-29 13:30:00-04:00,15.53499984741211,15.53499984741211,15.40999984741211,15.479999542236328,14134,0.0,0.0
2022-08-29 14:30:00-04:00,15.479999542236328,15.5,15.29010009765625,15.3149995803833,20188,0.0,0.0
2022-08-29 15:30:00-04:00,15.329999923706055,15.489999771118164,15.289999961853027,15.484999656677246,33201,0.0,0.0
2022-08-30 09:30:00-04:00,15.5,15.5,15.0,15.359999656677246,24553,0.0,0.0
2022-08-30 10:30:00-04:00,15.327500343322754,15.327500343322754,14.859999656677246,14.975000381469727,21677,0.0,0.0
2022-08-30 11:30:00-04:00,14.899999618530273,14.9399995803833,14.5600004196167,14.8100004196167,23733,0.0,0.0
2022-08-30 12:30:00-04:00,14.819999694824219,15.079999923706055,14.8149995803833,14.930000305175781,16660,0.0,0.0
2022-08-30 13:30:00-04:00,15.020000457763672,15.470000267028809,15.020000457763672,15.359999656677246,18153,0.0,0.0
2022-08-30 14:30:00-04:00,15.399999618530273,15.5600004196167,15.319999694824219,15.539999961853027,16958,0.0,0.0
2022-08-30 15:30:00-04:00,15.569999694824219,15.609999656677246,15.449999809265137,15.550000190734863,34885,0.0,0.0
2022-08-31 09:30:00-04:00,15.850000381469727,16.040000915527344,15.390000343322754,15.5,20918,0.0,0.0
2022-08-31 10:30:00-04:00,15.479999542236328,15.579999923706055,15.399999618530273,15.510000228881836,9050,0.0,0.0
2022-08-31 11:30:00-04:00,15.5600004196167,15.979999542236328,15.5600004196167,15.949999809265137,11121,0.0,0.0
2022-08-31 12:30:00-04:00,15.960000038146973,15.970000267028809,15.789999961853027,15.84000015258789,12925,0.0,0.0
2022-08-31 13:30:00-04:00,15.890000343322754,15.920000076293945,15.75,15.890000343322754,10996,0.0,0.0
2022-08-31 14:30:00-04:00,15.899999618530273,16.110000610351562,15.819999694824219,16.09000015258789,18367,0.0,0.0
2022-08-31 15:30:00-04:00,16.100000381469727,16.139999389648438,16.059999465942383,16.09000015258789,27070,0.0,0.0
2022-09-01 09:30:00-04:00,15.829999923706055,15.829999923706055,15.279999732971191,15.4399995803833,10682,0.0,0.0
2022-09-01 10:30:00-04:00,15.4399995803833,15.640000343322754,15.329999923706055,15.470000267028809,12055,0.0,0.0
2022-09-01 11:30:00-04:00,15.5,15.579999923706055,15.229999542236328,15.579999923706055,10187,0.0,0.0
2022-09-01 12:30:00-04:00,15.539999961853027,15.680000305175781,15.4399995803833,15.640000343322754,15195,0.0,0.0
2022-09-01 13:30:00-04:00,15.760000228881836,15.760000228881836,15.529999732971191,15.680000305175781,14694,0.0,0.0
2022-09-01 14:30:00-04:00,15.710000038146973,15.90999984741211,15.710000038146973,15.779999732971191,25315,0.0,0.0
2022-09-01 15:30:00-04:00,15.779999732971191,16.059999465942383,15.755000114440918,15.989999771118164,38736,0.0,0.0
2022-09-02 09:30:00-04:00,16.399999618530273,16.790000915527344,15.779999732971191,16.790000915527344,27275,0.0,0.0
2022-09-02 10:30:00-04:00,16.90999984741211,17.020000457763672,16.575000762939453,16.684999465942383,23767,0.0,0.0
2022-09-02 11:30:00-04:00,16.700000762939453,16.75,16.540000915527344,16.610000610351562,24335,0.0,0.0
2022-09-02 12:30:00-04:00,16.610000610351562,16.610000610351562,15.899999618530273,15.930000305175781,38008,0.0,0.0
2022-09-02 13:30:00-04:00,15.914999961853027,16.049999237060547,15.770000457763672,15.880000114440918,15000,0.0,0.0
2022-09-02 14:30:00-04:00,15.859999656677246,15.944999694824219,15.729999542236328,15.760000228881836,27362,0.0,0.0
2022-09-02 15:30:00-04:00,15.75,15.9350004196167,15.609999656677246,15.930000305175781,54993,0.0,0.0
2022-09-06 09:30:00-04:00,15.84000015258789,15.84000015258789,14.9399995803833,14.949999809265137,21110,0.0,0.0
2022-09-06 10:30:00-04:00,14.895000457763672,15.145000457763672,14.779999732971191,15.079999923706055,17054,0.0,0.0
2022-09-06 11:30:00-04:00,14.989999771118164,14.989999771118164,14.75,14.949999809265137,14456,0.0,0.0
2022-09-06 12:30:00-04:00,14.920000076293945,14.920000076293945,14.5,14.5600004196167,14004,0.0,0.0
2022-09-06 13:30:00-04:00,14.529999732971191,14.720000267028809,14.449999809265137,14.539999961853027,13977,0.0,0.0
2022-09-06 14:30:00-04:00,14.539999961853027,14.569999694824219,14.164999961853027,14.170000076293945,24395,0.0,0.0
2022-09-06 15:30:00-04:00,14.100000381469727,14.324999809265137,14.0,14.149999618530273,63598,0.0,0.0
2022-09-07 09:30:00-04:00,14.149999618530273,15.149999618530273,14.140000343322754,15.149999618530273,19269,0.0,0.0
2022-09-07 10:30:00-04:00,15.229999542236328,15.265000343322754,14.90999984741211,15.194999694824219,19058,0.0,0.0
2022-09-07 11:30:00-04:00,15.239999771118164,15.270000457763672,15.09000015258789,15.180000305175781,13289,0.0,0.0
2022-09-07 12:30:00-04:00,15.220000267028809,15.425000190734863,15.15999984741211,15.425000190734863,9553,0.0,0.0
2022-09-07 13:30:00-04:00,15.489999771118164,15.75,15.345000267028809,15.399999618530273,25960,0.0,0.0
2022-09-07 14:30:00-04:00,15.380000114440918,15.545000076293945,15.34000015258789,15.489999771118164,30753,0.0,0.0
2022-09-07 15:30:00-04:00,15.46500015258789,15.619999885559082,15.420000076293945,15.609999656677246,48562,0.0,0.0
2022-09-08 09:30:00-04:00,15.380000114440918,16.479999542236328,15.380000114440918,16.239999771118164,27240,0.0,0.0
2022-09-08 10:30:00-04:00,16.110000610351562,16.6299991607666,16.110000610351562,16.610000610351562,11905,0.0,0.0
2022-09-08 11:30:00-04:00,16.669200897216797,16.709999084472656,16.15999984741211,16.219999313354492,14122,0.0,0.0
2022-09-08 12:30:00-04:00,16.209999084472656,16.65999984741211,16.209999084472656,16.540000915527344,11378,0.0,0.0
2022-09-08 13:30:00-04:00,16.579999923706055,16.760000228881836,16.537200927734375,16.665000915527344,19957,0.0,0.0
2022-09-08 14:30:00-04:00,16.71500015258789,16.760000228881836,16.5,16.639999389648438,21212,0.0,0.0
2022-09-08 15:30:00-04:00,16.6200008392334,16.6200008392334,16.42009925842285,16.520000457763672,41116,0.0,0.0
2022-09-09 09:30:00-04:00,16.68000030517578,16.920000076293945,16.43000030517578,16.56999969482422,20595,0.0,0.0
2022-09-09 10:30:00-04:00,16.56999969482422,16.729999542236328,16.450000762939453,16.530000686645508,9985,0.0,0.0
2022-09-09 11:30:00-04:00,16.530000686645508,16.6299991607666,16.3700008392334,16.549999237060547,12749,0.0,0.0
2022-09-09 12:30:00-04:00,16.540000915527344,16.729999542236328,16.540000915527344,16.610000610351562,10527,0.0,0.0
2022-09-09 13:30:00-04:00,16.649999618530273,16.770000457763672,16.399999618530273,16.56999969482422,20438,0.0,0.0
2022-09-09 14:30:00-04:00,16.565000534057617,16.59000015258789,16.364999771118164,16.364999771118164,31125,0.0,0.0
2022-09-09 15:30:00-04:00,16.350000381469727,16.40999984741211,16.260000228881836,16.299999237060547,46925,0.0,0.0
2022-09-12 09:30:00-04:00,16.440000534057617,16.559999465942383,15.795000076293945,16.350000381469727,16733,0.0,0.0
2022-09-12 10:30:00-04:00,16.3799991607666,16.43000030517578,16.09000015258789,16.09000015258789,13581,0.0,0.0
2022-09-12 11:30:00-04:00,16.135000228881836,16.135000228881836,15.470000267028809,15.675000190734863,18934,0.0,0.0
2022-09-12 12:30:00-04:00,15.649999618530273,15.65999984741211,15.524999618530273,15.524999618530273,16057,0.0,0.0
2022-09-12 13:30:00-04:00,15.5,15.510000228881836,15.329999923706055,15.369999885559082,16323,0.0,0.0
2022-09-12 14:30:00-04:00,15.399999618530273,15.632499694824219,15.350000381469727,15.550000190734863,104251,0.0,0.0
2022-09-12 15:30:00-04:00,15.579999923706055,15.579999923706055,15.390399932861328,15.470000267028809,31472,0.0,0.0
2022-09-13 09:30:00-04:00,14.770000457763672,15.470000267028809,14.70009994506836,15.270000457763672,33044,0.0,0.0
2022-09-13 10:30:00-04:00,15.270000457763672,15.4399995803833,14.989999771118164,15.130000114440918,26820,0.0,0.0
2022-09-13 11:30:00-04:00,15.170000076293945,15.319999694824219,15.020000457763672,15.100000381469727,23894,0.0,0.0
2022-09-13 12:30:00-04:00,15.0600004196167,15.364999771118164,15.039999961853027,15.359999656677246,18333,0.0,0.0
2022-09-13 13:30:00-04:00,15.359999656677246,15.380000114440918,15.194999694824219,15.194999694824219,21701,0.0,0.0
2022-09-13 14:30:00-04:00,15.170000076293945,15.229999542236328,15.130000114440918,15.1899995803833,23120,0.0,0.0
2022-09-13 15:30:00-04:00,15.1899995803833,15.204999923706055,15.050000190734863,15.149999618530273,47365,0.0,0.0
2022-09-14 09:30:00-04:00,15.3100004196167,15.654999732971191,15.199999809265137,15.345000267028809,16553,0.0,0.0
2022-09-14 10:30:00-04:00,15.359999656677246,15.539999961853027,15.359999656677246,15.40999984741211,19256,0.0,0.0
2022-09-14 11:30:00-04:00,15.40999984741211,15.529999732971191,15.399999618530273,15.529999732971191,18885,0.0,0.0
2022-09-14 12:30:00-04:00,15.470000267028809,15.520000457763672,15.300000190734863,15.300000190734863,9505,0.0,0.0
2022-09-14 13:30:00-04:00,15.3100004196167,15.319999694824219,14.970000267028809,15.0,57846,0.0,0.0
2022-09-14 14:30:00-04:00,15.020000457763672,15.109999656677246,14.850000381469727,14.869999885559082,19547,0.0,0.0
2022-09-14 15:30:00-04:00,14.869999885559082,15.0,14.800000190734863,14.979999542236328,40409,0.0,0.0
2022-09-15 09:30:00-04:00,14.770000457763672,15.005000114440918,14.770000457763672,14.79010009765625,16267,0.0,0.0
2022-09-15 10:30:00-04:00,14.850000381469727,14.890000343322754,14.5649995803833,14.5649995803833,10535,0.0,0.0
2022-09-15 11:30:00-04:00,14.59000015258789,14.8100004196167,14.529999732971191,14.619999885559082,22660,0.0,0.0
2022-09-15 12:30:00-04:00,14.619999885559082,14.904999732971191,14.609999656677246,14.880000114440918,31185,0.0,0.0
2022-09-15 13:30:00-04:00,14.84000015258789,14.850000381469727,14.619999885559082,14.619999885559082,10293,0.0,0.0
2022-09-15 14:30:00-04:00,14.604999542236328,14.654999732971191,14.385000228881836,14.399999618530273,16637,0.0,0.0
2022-09-15 15:30:00-04:00,14.420000076293945,14.520000457763672,14.40999984741211,14.479999542236328,25233,0.0,0.0
2022-09-16 09:30:00-04:00,14.15999984741211,14.324999809265137,13.75,14.225000381469727,86485,0.0,0.0
2022-09-16 10:30:00-04:00,14.225000381469727,14.420000076293945,13.984999656677246,14.210000038146973,28306,0.0,0.0
2022-09-16 11:30:00-04:00,14.1899995803833,14.25,14.119999885559082,14.164999961853027,17118,0.0,0.0
2022-09-16 12:30:00-04:00,14.164999961853027,14.270000457763672,14.119999885559082,14.119999885559082,14956,0.0,0.0
2022-09-16 13:30:00-04:00,14.180000305175781,14.239999771118164,14.029999732971191,14.140000343322754,17120,0.0,0.0
2022-09-16 14:30:00-04:00,14.145000457763672,14.145000457763672,14.020000457763672,14.109999656677246,18454,0.0,0.0
2022-09-16 15:30:00-04:00,14.132200241088867,14.699999809265137,14.125,14.640000343322754,124788,0.0,0.0
2022-09-19 09:30:00-04:00,14.449999809265137,14.5,13.600000381469727,13.649999618530273,28125,0.0,0.0
2022-09-19 10:30:00-04:00,13.649999618530273,14.149999618530273,13.649999618530273,14.020000457763672,17905,0.0,0.0
2022-09-19 11:30:00-04:00,13.989999771118164,14.135000228881836,13.899999618530273,14.130000114440918,14338,0.0,0.0
2022-09-19 12:30:00-04:00,14.279999732971191,14.375,14.140000343322754,14.260000228881836,14884,0.0,0.0
2022-09-19 13:30:00-04:00,14.260000228881836,14.385000228881836,14.260000228881836,14.34000015258789,19212,0.0,0.0
2022-09-19 14:30:00-04:00,14.380000114440918,14.470000267028809,14.045000076293945,14.119999885559082,31996,0.0,0.0
2022-09-19 15:30:00-04:00,14.100000381469727,14.279999732971191,14.09000015258789,14.279999732971191,63651,0.0,0.0
2022-09-20 09:30:00-04:00,14.069999694824219,14.369999885559082,13.8100004196167,14.180000305175781,8601,0.0,0.0
2022-09-20 10:30:00-04:00,14.229999542236328,14.510000228881836,14.130000114440918,14.479999542236328,14875,0.0,0.0
2022-09-20 11:30:00-04:00,14.460000038146973,14.60260009765625,14.34000015258789,14.520000457763672,26385,0.0,0.0
2022-09-20 12:30:00-04:00,14.5,14.600000381469727,14.420000076293945,14.574999809265137,16111,0.0,0.0
2022-09-20 13:30:00-04:00,14.569999694824219,14.619999885559082,14.430000305175781,14.550000190734863,16641,0.0,0.0
2022-09-20 14:30:00-04:00,14.510000228881836,14.579999923706055,14.420000076293945,14.489999771118164,19434,0.0,0.0
2022-09-20 15:30:00-04:00,14.479999542236328,14.699999809265137,14.470000267028809,14.680000305175781,41550,0.0,0.0
2022-09-21 09:30:00-04:00,14.739999771118164,14.739999771118164,13.829999923706055,14.390000343322754,63066,0.0,0.0
2022-09-21 10:30:00-04:00,14.3100004196167,14.520000457763672,14.3100004196167,14.350000381469727,12293,0.0,0.0
2022-09-21 11:30:00-04:00,14.380000114440918,14.539999961853027,14.380000114440918,14.5,8596,0.0,0.0
2022-09-21 12:30:00-04:00,14.520000457763672,14.600000381469727,14.420000076293945,14.479999542236328,14799,0.0,0.0
2022-09-21 13:30:00-04:00,14.5,14.680000305175781,14.279999732971191,14.470000267028809,16565,0.0,0.0
2022-09-21 14:30:00-04:00,14.449999809265137,14.9399995803833,14.4399995803833,14.640000343322754,27237,0.0,0.0
2022-09-21 15:30:00-04:00,14.619999885559082,14.619999885559082,14.100000381469727,14.255000114440918,52485,0.0,0.0
2022-09-22 09:30:00-04:00,14.199999809265137,14.199999809265137,13.510000228881836,13.75,34546,0.0,0.0
2022-09-22 10:30:00-04:00,13.744999885559082,13.824999809265137,13.59000015258789,13.720000267028809,19106,0.0,0.0
2022-09-22 11:30:00-04:00,13.770000457763672,14.005000114440918,13.739999771118164,14.005000114440918,17025,0.0,0.0
2022-09-22 12:30:00-04:00,14.029999732971191,14.074999809265137,13.850000381469727,14.074999809265137,14900,0.0,0.0
2022-09-22 13:30:00-04:00,14.0649995803833,14.140000343322754,13.920000076293945,13.96500015258789,21233,0.0,0.0
2022-09-22 14:30:00-04:00,13.96500015258789,14.029999732971191,13.850000381469727,14.0,26688,0.0,0.0
2022-09-22 15:30:00-04:00,14.020000457763672,14.09000015258789,13.9399995803833,13.9399995803833,57544,0.0,0.0
2022-09-23 09:30:00-04:00,13.739999771118164,13.739999771118164,13.390000343322754,13.505000114440918,13228,0.0,0.0
2022-09-23 10:30:00-04:00,13.449999809265137,13.489999771118164,13.279999732971191,13.359999656677246,9598,0.0,0.0
2022-09-23 11:30:00-04:00,13.350000381469727,13.619999885559082,13.350000381469727,13.619999885559082,38386,0.0,0.0
2022-09-23 12:30:00-04:00,13.579999923706055,13.979999542236328,13.579999923706055,13.819999694824219,21132,0.0,0.0
2022-09-23 13:30:00-04:00,13.819999694824219,13.850000381469727,13.744999885559082,13.835000038146973,17171,0.0,0.0
2022-09-23 14:30:00-04:00,13.8100004196167,13.84000015258789,13.710000038146973,13.795000076293945,26357,0.0,0.0
2022-09-23 15:30:00-04:00,13.829999923706055,14.010000228881836,13.789999961853027,13.979999542236328,66942,0.0,0.0
2022-09-26 09:30:00-04:00,13.960000038146973,14.494999885559082,13.119999885559082,14.34000015258789,103751,0.0,0.0
2022-09-26 10:30:00-04:00,14.289999961853027,14.289999961853027,13.989999771118164,14.229999542236328,42307,0.0,0.0
2022-09-26 11:30:00-04:00,14.305000305175781,14.510000228881836,14.210000038146973,14.324999809265137,46437,0.0,0.0
2022-09-26 12:30:00-04:00,14.300000190734863,14.645000457763672,14.270000457763672,14.59000015258789,29325,0.0,0.0
2022-09-26 13:30:00-04:00,14.609999656677246,14.949999809265137,14.600000381469727,14.789999961853027,24217,0.0,0.0
2022-09-26 14:30:00-04:00,14.8149995803833,14.890000343322754,14.470000267028809,14.470000267028809,43896,0.0,0.0
2022-09-26 15:30:00-04:00,14.479999542236328,14.640000343322754,14.40999984741211,14.4399995803833,70313,0.0,0.0
2022-09-27 09:30:00-04:00,14.9399995803833,14.9399995803833,14.270000457763672,14.270000457763672,17279,0.0,0.0
2022-09-27 10:30:00-04:00,14.260000228881836,14.404999732971191,14.140000343322754,14.210000038146973,69677,0.0,0.0
2022-09-27 11:30:00-04:00,14.149999618530273,14.149999618530273,13.720000267028809,13.869999885559082,20027,0.0,0.0
2022-09-27 12:30:00-04:00,13.890000343322754,14.210000038146973,13.890000343322754,14.109999656677246,18281,0.0,0.0
2022-09-27 13:30:00-04:00,14.130000114440918,14.265000343322754,14.130000114440918,14.204999923706055,13722,0.0,0.0
2022-09-27 14:30:00-04:00,14.229999542236328,14.300000190734863,13.975000381469727,13.989999771118164,79150,0.0,0.0
2022-09-27 15:30:00-04:00,14.029999732971191,14.220000267028809,13.84000015258789,14.170000076293945,64834,0.0,0.0
2022-09-28 09:30:00-04:00,14.40999984741211,14.640000343322754,14.199999809265137,14.34000015258789,23377,0.0,0.0
2022-09-28 10:30:00-04:00,14.350000381469727,14.5,14.194999694824219,14.300000190734863,81842,0.0,0.0
2022-09-28 11:30:00-04:00,14.350000381469727,14.449999809265137,14.229999542236328,14.399999618530273,174442,0.0,0.0
2022-09-28 12:30:00-04:00,14.399999618530273,14.680000305175781,14.375,14.550000190734863,113144,0.0,0.0
2022-09-28 13:30:00-04:00,14.59000015258789,14.869999885559082,14.5600004196167,14.850000381469727,16615,0.0,0.0
2022-09-28 14:30:00-04:00,14.899999618530273,14.949999809265137,14.6899995803833,14.84000015258789,35435,0.0,0.0
2022-09-28 15:30:00-04:00,14.829999923706055,15.03499984741211,14.800000190734863,14.90999984741211,54934,0.0,0.0
2022-09-29 09:30:00-04:00,14.779999732971191,14.899999618530273,14.380000114440918,14.800000190734863,24313,0.0,0.0
2022-09-29 10:30:00-04:00,14.800000190734863,14.989999771118164,14.600000381469727,14.609999656677246,20180,0.0,0.0
2022-09-29 11:30:00-04:00,14.619999885559082,14.770000457763672,14.550000190734863,14.635000228881836,15814,0.0,0.0
2022-09-29 12:30:00-04:00,14.635000228881836,14.640000343322754,14.34000015258789,14.40999984741211,12651,0.0,0.0
2022-09-29 13:30:00-04:00,14.399999618530273,14.470000267028809,14.25,14.300000190734863,15576,0.0,0.0
2022-09-29 14:30:00-04:00,14.300000190734863,14.3100004196167,14.130000114440918,14.1899995803833,24139,0.0,0.0
2022-09-29 15:30:00-04:00,14.220000267028809,14.380000114440918,14.220000267028809,14.350000381469727,57600,0.0,0.0
2022-09-30 09:30:00-04:00,14.210000038146973,15.239999771118164,14.210000038146973,15.175000190734863,20437,0.0,0.0
2022-09-30 10:30:00-04:00,15.1899995803833,15.210000038146973,14.895000457763672,14.949999809265137,67364,0.0,0.0
2022-09-30 11:30:00-04:00,14.970000267028809,15.010000228881836,14.854999542236328,15.010000228881836,19120,0.0,0.0
2022-09-30 12:30:00-04:00,14.960000038146973,15.1899995803833,14.899999618530273,14.989999771118164,37763,0.0,0.0
2022-09-30 13:30:00-04:00,14.970000267028809,14.970000267028809,14.630000114440918,14.664999961853027,18612,0.0,0.0
2022-09-30 14:30:00-04:00,14.630000114440918,14.640999794006348,14.4399995803833,14.619999885559082,40739,0.0,0.0
2022-09-30 15:30:00-04:00,14.600000381469727,14.614999771118164,14.390000343322754,14.390000343322754,67126,0.0,0.0
2022-10-03 09:30:00-04:00,14.649999618530273,14.720000267028809,13.899999618530273,13.899999618530273,27378,0.0,0.0
2022-10-03 10:30:00-04:00,13.829999923706055,14.095000267028809,13.829999923706055,13.850000381469727,17624,0.0,0.0
2022-10-03 11:30:00-04:00,13.880000114440918,13.899999618530273,13.4399995803833,13.479999542236328,18055,0.0,0.0
2022-10-03 12:30:00-04:00,13.5600004196167,13.649999618530273,13.369999885559082,13.369999885559082,101963,0.0,0.0
2022-10-03 13:30:00-04:00,13.380000114440918,13.390000343322754,12.819999694824219,13.119999885559082,53290,0.0,0.0
2022-10-03 14:30:00-04:00,13.119999885559082,13.539999961853027,13.119999885559082,13.510000228881836,75821,0.0,0.0
2022-10-03 15:30:00-04:00,13.510000228881836,13.579999923706055,13.145000457763672,13.279999732971191,69948,0.0,0.0
2022-10-04 09:30:00-04:00,13.609999656677246,13.979999542236328,13.289999961853027,13.850000381469727,26218,0.0,0.0
2022-10-04 10:30:00-04:00,13.850000381469727,14.119999885559082,13.720000267028809,13.914999961853027,17934,0.0,0.0
2022-10-04 11:30:00-04:00,13.84000015258789,13.845000267028809,13.420000076293945,13.430000305175781,19126,0.0,0.0
2022-10-04 12:30:00-04:00,13.430000305175781,13.449999809265137,13.229999542236328,13.3100004196167,11565,0.0,0.0
2022-10-04 13:30:00-04:00,13.359999656677246,13.5600004196167,13.359999656677246,13.550000190734863,12635,0.0,0.0
2022-10-04 14:30:00-04:00,13.510000228881836,13.829999923706055,13.510000228881836,13.619999885559082,60378,0.0,0.0
2022-10-04 15:30:00-04:00,13.600000381469727,13.8100004196167,13.529999732971191,13.779999732971191,63606,0.0,0.0
2022-10-05 09:30:00-04:00,13.5600004196167,13.789999961853027,13.050000190734863,13.199999809265137,51801,0.0,0.0
2022-10-05 10:30:00-04:00,13.199999809265137,13.600000381469727,13.149999618530273,13.420000076293945,38003,0.0,0.0
2022-10-05 11:30:00-04:00,13.390000343322754,13.739999771118164,13.1850004196167,13.739999771118164,27319,0.0,0.0
2022-10-05 12:30:00-04:00,13.739999771118164,14.220000267028809,13.6899995803833,14.166899681091309,121547,0.0,0.0
2022-10-05 13:30:00-04:00,14.180000305175781,14.180000305175781,14.0,14.029999732971191,12962,0.0,0.0
2022-10-05 14:30:00-04:00,14.020000457763672,14.369999885559082,14.020000457763672,14.359999656677246,19329,0.0,0.0
2022-10-05 15:30:00-04:00,14.380000114440918,14.574999809265137,14.380000114440918,14.390000343322754,64484,0.0,0.0
2022-10-06 09:30:00-04:00,14.470000267028809,14.550000190734863,13.918899536132812,14.024999618530273,12260,0.0,0.0
2022-10-06 10:30:00-04:00,13.960000038146973,14.729999542236328,13.954999923706055,14.729999542236328,38733,0.0,0.0
2022-10-06 11:30:00-04:00,14.699999809265137,14.859999656677246,14.520000457763672,14.630000114440918,19914,0.0,0.0
2022-10-06 12:30:00-04:00,14.645000457763672,14.645000457763672,14.5600004196167,14.5600004196167,9701,0.0,0.0
2022-10-06 13:30:00-04:00,14.520000457763672,14.609999656677246,14.470000267028809,14.470000267028809,9790,0.0,0.0
2022-10-06 14:30:00-04:00,14.489999771118164,14.520000457763672,14.399999618530273,14.420000076293945,44222,0.0,0.0
2022-10-06 15:30:00-04:00,14.4399995803833,14.4399995803833,14.270000457763672,14.300000190734863,44127,0.0,0.0
2022-10-07 09:30:00-04:00,14.279999732971191,14.449999809265137,14.130000114440918,14.369999885559082,92960,0.0,0.0
2022-10-07 10:30:00-04:00,14.3100004196167,14.765000343322754,14.270000457763672,14.489999771118164,20448,0.0,0.0
2022-10-07 11:30:00-04:00,14.470000267028809,14.529999732971191,14.239999771118164,14.354999542236328,14335,0.0,0.0
2022-10-07 12:30:00-04:00,14.289999961853027,14.289999961853027,14.010000228881836,14.140000343322754,10391,0.0,0.0
2022-10-07 13:30:00-04:00,14.140000343322754,14.140000343322754,13.982500076293945,14.029999732971191,18806,0.0,0.0
2022-10-07 14:30:00-04:00,14.010000228881836,14.130000114440918,13.75,13.8100004196167,19653,0.0,0.0
2022-10-07 15:30:00-04:00,13.760000228881836,13.920000076293945,13.569999694824219,13.779999732971191,112030,0.0,0.0
2022-10-10 09:30:00-04:00,13.609999656677246,13.779999732971191,13.515000343322754,13.609999656677246,10238,0.0,0.0
2022-10-10 10:30:00-04:00,13.649999618530273,13.649999618530273,13.380000114440918,13.625,14105,0.0,0.0
2022-10-10 11:30:00-04:00,13.625,14.010000228881836,13.625,13.864999771118164,44082,0.0,0.0
2022-10-10 12:30:00-04:00,13.859999656677246,14.029999732971191,13.84000015258789,13.989999771118164,25436,0.0,0.0
2022-10-10 13:30:00-04:00,14.020000457763672,14.149999618530273,13.970000267028809,13.970000267028809,6431,0.0,0.0
2022-10-10 14:30:00-04:00,13.989999771118164,14.055000305175781,13.8100004196167,13.824999809265137,10601,0.0,0.0
2022-10-10 15:30:00-04:00,13.829999923706055,14.0,13.760000228881836,13.989999771118164,66764,0.0,0.0
2022-10-11 09:30:00-04:00,14.100000381469727,14.100000381469727,13.680000305175781,13.970000267028809,32929,0.0,0.0
2022-10-11 10:30:00-04:00,13.970000267028809,14.579999923706055,13.96500015258789,14.430000305175781,67379,0.0,0.0
2022-10-11 11:30:00-04:00,14.369999885559082,14.760000228881836,14.369999885559082,14.670000076293945,15211,0.0,0.0
2022-10-11 12:30:00-04:00,14.699999809265137,14.699999809265137,14.289999961853027,14.350000381469727,15656,0.0,0.0
2022-10-11 13:30:00-04:00,14.34000015258789,14.40999984741211,13.979999542236328,13.989999771118164,14456,0.0,0.0
2022-10-11 14:30:00-04:00,14.024999618530273,14.050000190734863,13.614999771118164,13.694999694824219,49793,0.0,0.0
2022-10-11 15:30:00-04:00,13.739999771118164,14.079999923706055,13.739999771118164,14.029999732971191,54693,0.0,0.0
2022-10-12 09:30:00-04:00,14.029999732971191,14.126700401306152,13.609999656677246,13.755000114440918,12780,0.0,0.0
2022-10-12 10:30:00-04:00,13.770000457763672,13.920000076293945,13.75,13.859999656677246,39196,0.0,0.0
2022-10-12 11:30:00-04:00,13.899999618530273,14.0600004196167,13.864999771118164,13.869999885559082,8305,0.0,0.0
2022-10-12 12:30:00-04:00,13.869999885559082,13.954999923706055,13.819999694824219,13.9399995803833,10665,0.0,0.0
2022-10-12 13:30:00-04:00,13.90999984741211,13.90999984741211,13.710000038146973,13.819999694824219,20400,0.0,0.0
2022-10-12 14:30:00-04:00,13.819999694824219,14.0,13.770000457763672,13.960000038146973,10195,0.0,0.0
2022-10-12 15:30:00-04:00,13.989999771118164,14.079999923706055,13.90999984741211,14.020000457763672,39366,0.0,0.0
2022-10-13 09:30:00-04:00,13.699999809265137,13.770000457763672,13.407500267028809,13.699999809265137,20670,0.0,0.0
2022-10-13 10:30:00-04:00,13.699999809265137,14.039999961853027,13.649999618530273,13.880000114440918,16838,0.0,0.0
2022-10-13 11:30:00-04:00,13.880000114440918,14.100000381469727,13.84000015258789,13.84000015258789,10851,0.0,0.0
2022-10-13 12:30:00-04:00,13.819999694824219,14.039999961853027,13.789999961853027,14.039999961853027,15204,0.0,0.0
2022-10-13 13:30:00-04:00,14.079999923706055,14.369999885559082,13.970000267028809,14.279999732971191,32307,0.0,0.0
2022-10-13 14:30:00-04:00,14.274999618530273,14.399999618530273,14.149999618530273,14.15999984741211,27025,0.0,0.0
2022-10-13 15:30:00-04:00,14.170000076293945,14.329999923706055,13.989999771118164,14.279999732971191,57395,0.0,0.0
2022-10-14 09:30:00-04:00,14.449999809265137,14.819999694824219,13.930000305175781,14.479999542236328,48068,0.0,0.0
2022-10-14 10:30:00-04:00,14.479999542236328,14.84000015258789,14.279999732971191,14.305000305175781,44268,0.0,0.0
2022-10-14 11:30:00-04:00,14.270000457763672,14.59000015258789,14.220000267028809,14.59000015258789,21693,0.0,0.0
2022-10-14 12:30:00-04:00,14.680000305175781,14.755000114440918,14.510000228881836,14.550000190734863,31223,0.0,0.0
2022-10-14 13:30:00-04:00,14.550000190734863,14.84000015258789,14.319999694824219,14.319999694824219,39211,0.0,0.0
2022-10-14 14:30:00-04:00,14.34000015258789,14.489999771118164,14.34000015258789,14.449999809265137,17456,0.0,0.0
2022-10-14 15:30:00-04:00,14.449999809265137,14.619999885559082,14.380000114440918,14.40999984741211,65684,0.0,0.0
2022-10-17 09:30:00-04:00,14.539999961853027,14.619999885559082,14.130000114440918,14.130000114440918,18857,0.0,0.0
2022-10-17 10:30:00-04:00,14.119999885559082,14.149999618530273,13.770000457763672,14.130000114440918,17247,0.0,0.0
2022-10-17 11:30:00-04:00,14.210000038146973,14.5600004196167,14.199999809265137,14.510000228881836,16358,0.0,0.0
2022-10-17 12:30:00-04:00,14.449999809265137,14.6899995803833,14.449999809265137,14.649999618530273,11695,0.0,0.0
2022-10-17 13:30:00-04:00,14.640000343322754,14.829999923706055,14.569999694824219,14.800000190734863,31899,0.0,0.0
2022-10-17 14:30:00-04:00,14.829999923706055,14.829999923706055,14.619999885559082,14.779999732971191,22026,0.0,0.0
2022-10-17 15:30:00-04:00,14.729999542236328,14.859999656677246,14.720000267028809,14.770000457763672,62296,0.0,0.0
2022-10-18 09:30:00-04:00,14.8100004196167,15.0024995803833,14.630000114440918,14.805000305175781,39727,0.0,0.0
2022-10-18 10:30:00-04:00,14.789999961853027,15.0,14.670000076293945,14.904999732971191,14611,0.0,0.0
2022-10-18 11:30:00-04:00,14.880000114440918,14.989999771118164,14.84000015258789,14.90999984741211,24040,0.0,0.0
2022-10-18 12:30:00-04:00,14.920000076293945,14.9399995803833,14.699999809265137,14.84000015258789,29497,0.0,0.0
2022-10-18 13:30:00-04:00,14.84000015258789,14.84000015258789,14.574999809265137,14.664999961853027,24808,0.0,0.0
2022-10-18 14:30:00-04:00,14.600000381469727,14.694999694824219,14.130000114440918,14.140000343322754,40492,0.0,0.0
2022-10-18 15:30:00-04:00,14.140000343322754,14.289999961853027,14.140000343322754,14.279999732971191,44432,0.0,0.0
2022-10-19 09:30:00-04:00,14.130000114440918,14.46500015258789,14.0,14.399999618530273,16371,0.0,0.0
2022-10-19 10:30:00-04:00,14.5,14.59000015258789,14.359999656677246,14.5,6291,0.0,0.0
2022-10-19 11:30:00-04:00,14.539999961853027,14.539999961853027,14.260000228881836,14.345000267028809,6565,0.0,0.0
2022-10-19 12:30:00-04:00,14.359999656677246,14.430000305175781,14.289999961853027,14.329999923706055,10418,0.0,0.0
2022-10-19 13:30:00-04:00,14.369999885559082,14.539999961853027,14.34000015258789,14.470000267028809,15711,0.0,0.0
2022-10-19 14:30:00-04:00,14.479999542236328,14.479999542236328,14.114999771118164,14.114999771118164,20938,0.0,0.0
2022-10-19 15:30:00-04:00,14.149999618530273,14.5600004196167,14.149999618530273,14.520000457763672,47712,0.0,0.0
2022-10-20 09:30:00-04:00,14.520000457763672,14.800000190734863,14.489999771118164,14.689900398254395,22343,0.0,0.0
2022-10-20 10:30:00-04:00,14.550999641418457,14.800000190734863,14.5,14.670000076293945,8677,0.0,0.0
2022-10-20 11:30:00-04:00,14.699999809265137,14.824999809265137,14.59000015258789,14.600000381469727,12773,0.0,0.0
2022-10-20 12:30:00-04:00,14.630000114440918,14.649999618530273,14.449999809265137,14.449999809265137,3475,0.0,0.0
2022-10-20 13:30:00-04:00,14.449999809265137,14.449999809265137,14.100000381469727,14.180000305175781,14277,0.0,0.0
2022-10-20 14:30:00-04:00,14.170000076293945,14.34000015258789,14.149999618530273,14.253999710083008,10058,0.0,0.0
2022-10-20 15:30:00-04:00,14.25,14.260000228881836,14.0,14.09000015258789,21648,0.0,0.0
2022-10-21 09:30:00-04:00,14.180000305175781,14.59000015258789,14.0,14.460000038146973,12722,0.0,0.0
2022-10-21 10:30:00-04:00,14.40999984741211,14.649999618530273,14.220000267028809,14.649999618530273,14673,0.0,0.0
2022-10-21 11:30:00-04:00,14.720000267028809,14.739999771118164,14.579999923706055,14.699999809265137,14438,0.0,0.0
2022-10-21 12:30:00-04:00,14.650799751281738,14.850000381469727,14.649999618530273,14.850000381469727,22990,0.0,0.0
2022-10-21 13:30:00-04:00,14.800000190734863,14.970000267028809,14.800000190734863,14.930000305175781,17952,0.0,0.0
2022-10-21 14:30:00-04:00,14.949999809265137,15.020000457763672,14.829999923706055,14.930000305175781,20450,0.0,0.0
2022-10-21 15:30:00-04:00,14.9399995803833,15.079999923706055,14.920000076293945,15.039999961853027,47210,0.0,0.0
2022-10-24 09:30:00-04:00,15.020000457763672,15.020000457763672,14.432000160217285,14.432000160217285,9474,0.0,0.0
2022-10-24 10:30:00-04:00,14.444999694824219,14.630000114440918,14.444999694824219,14.479999542236328,11650,0.0,0.0
2022-10-24 11:30:00-04:00,14.449999809265137,14.8149995803833,14.4399995803833,14.789999961853027,10569,0.0,0.0
2022-10-24 12:30:00-04:00,14.710000038146973,14.710000038146973,14.5,14.53499984741211,7348,0.0,0.0
2022-10-24 13:30:00-04:00,14.509300231933594,14.609999656677246,14.479999542236328,14.609999656677246,6869,0.0,0.0
2022-10-24 14:30:00-04:00,14.579999923706055,14.770000457763672,14.579999923706055,14.770000457763672,16597,0.0,0.0
2022-10-24 15:30:00-04:00,14.75,14.880000114440918,14.720000267028809,14.779999732971191,44676,0.0,0.0
2022-10-25 09:30:00-04:00,14.859999656677246,15.381099700927734,14.859999656677246,15.380000114440918,21475,0.0,0.0
2022-10-25 10:30:00-04:00,15.369999885559082,15.390000343322754,15.09000015258789,15.390000343322754,10803,0.0,0.0
2022-10-25 11:30:00-04:00,15.369999885559082,15.470000267028809,15.229999542236328,15.260000228881836,14021,0.0,0.0
2022-10-25 12:30:00-04:00,15.260000228881836,15.319999694824219,15.100000381469727,15.149999618530273,14494,0.0,0.0
2022-10-25 13:30:00-04:00,15.149999618530273,15.1899995803833,14.989999771118164,15.079999923706055,13537,0.0,0.0
2022-10-25 14:30:00-04:00,15.079999923706055,15.270000457763672,15.0600004196167,15.270000457763672,32198,0.0,0.0
2022-10-25 15:30:00-04:00,15.300000190734863,15.369999885559082,15.15999984741211,15.15999984741211,43135,0.0,0.0
2022-10-26 09:30:00-04:00,15.239999771118164,15.890000343322754,13.5,13.770000457763672,380573,0.0,0.0
2022-10-26 10:30:00-04:00,13.75,14.614999771118164,13.6899995803833,13.829999923706055,119134,0.0,0.0
2022-10-26 11:30:00-04:00,13.800000190734863,13.845000267028809,13.229999542236328,13.425000190734863,101606,0.0,0.0
2022-10-26 12:30:00-04:00,13.432700157165527,13.519000053405762,11.359999656677246,11.65999984741211,291498,0.0,0.0
2022-10-26 13:30:00-04:00,11.619999885559082,12.285799980163574,11.5600004196167,11.930000305175781,280463,0.0,0.0
2022-10-26 14:30:00-04:00,11.949999809265137,12.055000305175781,11.0,11.164999961853027,455445,0.0,0.0
2022-10-26 15:30:00-04:00,11.164999961853027,11.34000015258789,10.762499809265137,11.0,403911,0.0,0.0
2022-10-27 09:30:00-04:00,10.680000305175781,11.194999694824219,9.050000190734863,9.119999885559082,281561,0.0,0.0
2022-10-27 10:30:00-04:00,9.100000381469727,9.15999984741211,8.380000114440918,8.75,474191,0.0,0.0
2022-10-27 11:30:00-04:00,8.75,8.9399995803833,8.609999656677246,8.8100004196167,250815,0.0,0.0
2022-10-27 12:30:00-04:00,8.829999923706055,8.960000038146973,8.739999771118164,8.914999961853027,165644,0.0,0.0
2022-10-27 13:30:00-04:00,8.925000190734863,9.020000457763672,8.859999656677246,8.989999771118164,179919,0.0,0.0
2022-10-27 14:30:00-04:00,8.989999771118164,9.005000114440918,8.8100004196167,9.0,183276,0.0,0.0
2022-10-27 15:30:00-04:00,9.0,9.100000381469727,8.819999694824219,8.84000015258789,261431,0.0,0.0
2022-10-28 09:30:00-04:00,9.010000228881836,9.020000457763672,8.630000114440918,8.930000305175781,196032,0.0,0.0
2022-10-31 09:30:00-04:00,5.550000190734863,5.550000190734863,4.139999866485596,4.329999923706055,1677491,0.0,0.0
2022-10-31 10:30:00-04:00,4.329999923706055,4.510000228881836,4.150000095367432,4.3582000732421875,997321,0.0,0.0
2022-10-31 11:30:00-04:00,4.340000152587891,4.360000133514404,4.300000190734863,4.304999828338623,354097,0.0,0.0
2022-10-31 12:30:00-04:00,4.309199810028076,4.409999847412109,4.239999771118164,4.244999885559082,389840,0.0,0.0
2022-10-31 13:30:00-04:00,4.239999771118164,4.289999961853027,3.9700000286102295,4.0,379376,0.0,0.0
2022-10-31 14:30:00-04:00,3.994999885559082,4.052700042724609,3.6900999546051025,3.7100000381469727,611863,0.0,0.0
2022-10-31 15:30:00-04:00,3.7100000381469727,3.7699999809265137,3.5399999618530273,3.5899999141693115,640142,0.0,0.0
2022-11-01 09:30:00-04:00,3.700000047683716,3.7300000190734863,3.384999990463257,3.6500000953674316,576184,0.0,0.0
2022-11-01 10:30:00-04:00,3.640000104904175,3.700000047683716,3.54010009765625,3.680000066757202,198663,0.0,0.0
2022-11-01 11:30:00-04:00,3.680000066757202,3.690000057220459,3.549999952316284,3.569999933242798,162510,0.0,0.0
2022-11-01 12:30:00-04:00,3.559999942779541,3.690000057220459,3.549999952316284,3.609999895095825,185032,0.0,0.0
2022-11-01 13:30:00-04:00,3.590399980545044,3.6500000953674316,3.575000047683716,3.5899999141693115,144056,0.0,0.0
2022-11-01 14:30:00-04:00,3.5892999172210693,3.609999895095825,3.319999933242798,3.369999885559082,305277,0.0,0.0
2022-11-01 15:30:00-04:00,3.390000104904175,3.4700000286102295,3.3299999237060547,3.3399999141693115,423314,0.0,0.0
2022-11-02 09:30:00-04:00,3.4100000858306885,3.680000066757202,3.369999885559082,3.5,235866,0.0,0.0
2022-11-02 10:30:00-04:00,3.509999990463257,3.549999952316284,3.359999895095825,3.4700000286102295,234223,0.0,0.0
2022-11-02 11:30:00-04:00,3.4800000190734863,3.569999933242798,3.4100000858306885,3.4700000286102295,156140,0.0,0.0
2022-11-02 12:30:00-04:00,3.490000009536743,3.5399999618530273,3.359999895095825,3.440000057220459,97576,0.0,0.0
2022-11-02 13:30:00-04:00,3.4200000762939453,3.5399999618530273,3.2799999713897705,3.5,262923,0.0,0.0
2022-11-02 14:30:00-04:00,3.5199999809265137,3.5299999713897705,3.2699999809265137,3.299999952316284,265781,0.0,0.0
2022-11-02 15:30:00-04:00,3.305000066757202,3.3350000381469727,3.25,3.259999990463257,263196,0.0,0.0
2022-11-03 09:30:00-04:00,3.430000066757202,3.430000066757202,3.190000057220459,3.244999885559082,152531,0.0,0.0
2022-11-03 10:30:00-04:00,3.2300000190734863,3.315000057220459,3.190000057220459,3.2249999046325684,110341,0.0,0.0
2022-11-03 11:30:00-04:00,3.2100000381469727,3.259999990463257,2.990000009536743,2.990000009536743,954801,0.0,0.0
2022-11-03 12:30:00-04:00,3.0083000659942627,3.0299999713897705,2.940000057220459,2.984999895095825,169735,0.0,0.0
2022-11-03 13:30:00-04:00,2.984999895095825,3.0199999809265137,2.9800000190734863,3.005000114440918,121699,0.0,0.0
2022-11-03 14:30:00-04:00,3.005000114440918,3.009999990463257,2.9690001010894775,2.984999895095825,151603,0.0,0.0
2022-11-03 15:30:00-04:00,2.984999895095825,3.0199999809265137,2.9800000190734863,3.0,163018,0.0,0.0
2022-11-04 09:30:00-04:00,3.0,3.0999999046325684,2.9800000190734863,3.059999942779541,165432,0.0,0.0
2022-11-04 10:30:00-04:00,3.059999942779541,3.359999895095825,3.0399999618530273,3.2200000286102295,221529,0.0,0.0
2022-11-04 11:30:00-04:00,3.2200000286102295,3.2699999809265137,3.1500000953674316,3.180999994277954,102754,0.0,0.0
2022-11-04 12:30:00-04:00,3.190000057220459,3.2300000190734863,3.1449999809265137,3.1600000858306885,112261,0.0,0.0
2022-11-04 13:30:00-04:00,3.1600000858306885,3.2300000190734863,3.0899999141693115,3.200000047683716,123662,0.0,0.0
2022-11-04 14:30:00-04:00,3.194999933242798,3.25,3.1600000858306885,3.2049999237060547,97453,0.0,0.0
2022-11-04 15:30:00-04:00,3.2049999237060547,3.390000104904175,3.140000104904175,3.380000114440918,207172,0.0,0.0
2022-11-07 09:30:00-05:00,3.5,3.640000104904175,3.380000114440918,3.4000000953674316,230199,0.0,0.0
2022-11-07 10:30:00-05:00,3.4000000953674316,3.4700000286102295,3.325000047683716,3.4100000858306885,165999,0.0,0.0
2022-11-07 11:30:00-05:00,3.4100000858306885,3.430000066757202,3.3499999046325684,3.375,146785,0.0,0.0
2022-11-07 12:30:00-05:00,3.369999885559082,3.4700000286102295,3.3350000381469727,3.3399999141693115,61450,0.0,0.0
2022-11-07 13:30:00-05:00,3.3399999141693115,3.430000066757202,3.2699999809265137,3.4049999713897705,114138,0.0,0.0
2022-11-07 14:30:00-05:00,3.4100000858306885,3.4200000762939453,3.3499999046325684,3.3949999809265137,71359,0.0,0.0
2022-11-07 15:30:00-05:00,3.3949999809265137,3.4800000190734863,3.3499999046325684,3.3499999046325684,129315,0.0,0.0
2022-11-08 09:30:00-05:00,3.5999999046325684,4.130000114440918,3.450000047683716,3.9600000381469727,600613,0.0,0.0
2022-11-08 10:30:00-05:00,3.986299991607666,4.050000190734863,3.890000104904175,3.950000047683716,170057,0.0,0.0
2022-11-08 11:30:00-05:00,3.9600000381469727,4.059999942779541,3.9200000762939453,4.054999828338623,111187,0.0,0.0
2022-11-08 12:30:00-05:00,4.050000190734863,4.099999904632568,3.869999885559082,3.9214000701904297,106304,0.0,0.0
2022-11-08 13:30:00-05:00,3.9100000858306885,3.9600000381469727,3.8399999141693115,3.880000114440918,121434,0.0,0.0
2022-11-08 14:30:00-05:00,3.880000114440918,3.9200000762939453,3.8399999141693115,3.869999885559082,107172,0.0,0.0
2022-11-08 15:30:00-05:00,3.869999885559082,3.9800000190734863,3.809999942779541,3.890000104904175,232054,0.0,0.0
2022-11-09 09:30:00-05:00,3.75,4.28980016708374,3.7200000286102295,4.288099765777588,273191,0.0,0.0
2022-11-09 10:30:00-05:00,4.270100116729736,4.429999828338623,4.21999979019165,4.329999923706055,130680,0.0,0.0
2022-11-09 11:30:00-05:00,4.329999923706055,4.340000152587891,4.139999866485596,4.150000095367432,76888,0.0,0.0
2022-11-09 12:30:00-05:00,4.159999847412109,4.190000057220459,4.019999980926514,4.050000190734863,90057,0.0,0.0
2022-11-09 13:30:00-05:00,4.045000076293945,4.050000190734863,3.9600000381469727,4.010000228881836,80264,0.0,0.0
2022-11-09 14:30:00-05:00,4.019999980926514,4.139999866485596,3.9800000190734863,4.119999885559082,93836,0.0,0.0
2022-11-09 15:30:00-05:00,4.119999885559082,4.190000057220459,4.019999980926514,4.03000020980835,148205,0.0,0.0
2022-11-10 09:30:00-05:00,4.230000019073486,4.489999771118164,4.179999828338623,4.255000114440918,147966,0.0,0.0
2022-11-10 10:30:00-05:00,4.25,4.340000152587891,4.170000076293945,4.260000228881836,163427,0.0,0.0
2022-11-10 11:30:00-05:00,4.260000228881836,4.349999904632568,4.239999771118164,4.289999961853027,103385,0.0,0.0
2022-11-10 12:30:00-05:00,4.289999961853027,4.519999980926514,4.269999980926514,4.519999980926514,73933,0.0,0.0
2022-11-10 13:30:00-05:00,4.510000228881836,4.559999942779541,4.389999866485596,4.510000228881836,71605,0.0,0.0
2022-11-10 14:30:00-05:00,4.510000228881836,4.610000133514404,4.420000076293945,4.599999904632568,108477,0.0,0.0
2022-11-10 15:30:00-05:00,4.590000152587891,4.619999885559082,4.53000020980835,4.610000133514404,128207,0.0,0.0
2022-11-11 09:30:00-05:00,4.650000095367432,4.96999979019165,4.579999923706055,4.900000095367432,203672,0.0,0.0
2022-11-11 10:30:00-05:00,4.909999847412109,4.920000076293945,4.590000152587891,4.599999904632568,59152,0.0,0.0
2022-11-11 11:30:00-05:00,4.599999904632568,4.659999847412109,4.480000019073486,4.550000190734863,52963,0.0,0.0
2022-11-11 12:30:00-05:00,4.550000190734863,4.71999979019165,4.53000020980835,4.699999809265137,51783,0.0,0.0
2022-11-11 13:30:00-05:00,4.699999809265137,4.875,4.639999866485596,4.820000171661377,291076,0.0,0.0
2022-11-11 14:30:00-05:00,4.809999942779541,4.889999866485596,4.665999889373779,4.690000057220459,164126,0.0,0.0
2022-11-11 15:30:00-05:00,4.690000057220459,4.695000171661377,4.510000228881836,4.539999961853027,139794,0.0,0.0
2022-11-14 09:30:00-05:00,4.559999942779541,5.039999961853027,4.510000228881836,5.025000095367432,87250,0.0,0.0
2022-11-14 10:30:00-05:00,5.010000228881836,5.070000171661377,4.75,4.840000152587891,86065,0.0,0.0
2022-11-14 11:30:00-05:00,4.840000152587891,4.949999809265137,4.789999961853027,4.800000190734863,45202,0.0,0.0
2022-11-14 12:30:00-05:00,4.800000190734863,5.019999980926514,4.800000190734863,5.0,45793,0.0,0.0
2022-11-14 13:30:00-05:00,4.989999771118164,5.050000190734863,4.900000095367432,4.909999847412109,42249,0.0,0.0
2022-11-14 14:30:00-05:00,4.889999866485596,4.960000038146973,4.850100040435791,4.909999847412109,46106,0.0,0.0
2022-11-14 15:30:00-05:00,4.909999847412109,4.960000038146973,4.809999942779541,4.820000171661377,107629,0.0,0.0
2022-11-15 09:30:00-05:00,5.0,5.0,4.639999866485596,4.699999809265137,102459,0.0,0.0
2022-11-15 10:30:00-05:00,4.699999809265137,4.710000038146973,4.590000152587891,4.590000152587891,72504,0.0,0.0
2022-11-15 11:30:00-05:00,4.610000133514404,4.6178998947143555,4.510000228881836,4.550000190734863,45011,0.0,0.0
2022-11-15 12:30:00-05:00,4.54010009765625,4.599999904632568,4.510000228881836,4.519999980926514,24833,0.0,0.0
2022-11-15 13:30:00-05:00,4.510000228881836,4.53000020980835,4.420000076293945,4.514999866485596,56556,0.0,0.0
2022-11-15 14:30:00-05:00,4.505000114440918,4.539999961853027,4.420000076293945,4.53000020980835,48740,0.0,0.0
2022-11-15 15:30:00-05:00,4.53000020980835,4.53000020980835,4.429999828338623,4.454999923706055,85439,0.0,0.0
2022-11-16 09:30:00-05:00,4.519999980926514,4.519999980926514,4.079999923706055,4.09499979019165,131085,0.0,0.0
2022-11-16 10:30:00-05:00,4.09499979019165,4.188499927520752,4.0,4.184999942779541,111252,0.0,0.0
2022-11-16 11:30:00-05:00,4.170000076293945,4.269999980926514,4.019999980926514,4.065000057220459,50386,0.0,0.0
2022-11-16 12:30:00-05:00,4.059999942779541,4.195000171661377,4.034999847412109,4.070000171661377,80100,0.0,0.0
2022-11-16 13:30:00-05:00,4.059999942779541,4.065000057220459,4.0,4.034999847412109,78887,0.0,0.0
2022-11-16 14:30:00-05:00,4.03000020980835,4.080999851226807,3.924999952316284,3.934999942779541,83870,0.0,0.0
2022-11-16 15:30:00-05:00,3.934999942779541,3.950000047683716,3.884999990463257,3.8949999809265137,197031,0.0,0.0
2022-11-17 09:30:00-05:00,3.950000047683716,4.1859002113342285,3.869999885559082,4.159999847412109,72624,0.0,0.0
2022-11-17 10:30:00-05:00,4.150000095367432,4.179999828338623,3.9149999618530273,3.9700000286102295,49135,0.0,0.0
2022-11-17 11:30:00-05:00,3.9800000190734863,4.059999942779541,3.924999952316284,3.950000047683716,109241,0.0,0.0
2022-11-17 12:30:00-05:00,3.950000047683716,4.065000057220459,3.950000047683716,3.990000009536743,32433,0.0,0.0
2022-11-17 13:30:00-05:00,3.9800000190734863,4.039999961853027,3.9100000858306885,3.950000047683716,30447,0.0,0.0
2022-11-17 14:30:00-05:00,3.944999933242798,4.0,3.9200000762939453,3.940000057220459,45204,0.0,0.0
2022-11-17 15:30:00-05:00,3.940000057220459,3.9600000381469727,3.9149999618530273,3.944999933242798,114627,0.0,0.0
2022-11-18 09:30:00-05:00,4.03000020980835,4.170000076293945,3.950000047683716,4.110000133514404,93124,0.0,0.0
2022-11-18 10:30:00-05:00,4.099999904632568,4.199999809265137,4.090000152587891,4.150000095367432,266145,0.0,0.0
2022-11-18 11:30:00-05:00,4.159999847412109,4.159999847412109,4.019999980926514,4.039999961853027,40791,0.0,0.0
2022-11-18 12:30:00-05:00,4.059999942779541,4.110000133514404,4.03000020980835,4.099999904632568,28274,0.0,0.0
2022-11-18 13:30:00-05:00,4.130000114440918,4.130000114440918,4.059999942779541,4.070000171661377,28837,0.0,0.0
2022-11-18 14:30:00-05:00,4.079999923706055,4.139999866485596,4.03000020980835,4.090000152587891,44596,0.0,0.0
2022-11-18 15:30:00-05:00,4.090000152587891,4.150000095367432,4.050000190734863,4.070000171661377,79485,0.0,0.0
2022-11-21 09:30:00-05:00,4.150000095367432,4.159999847412109,3.880000114440918,3.952500104904175,58106,0.0,0.0
2022-11-21 10:30:00-05:00,3.9600000381469727,4.090000152587891,3.9000000953674316,4.065000057220459,215674,0.0,0.0
2022-11-21 11:30:00-05:00,4.079999923706055,4.079999923706055,3.9600000381469727,3.9700000286102295,25369,0.0,0.0
2022-11-21 12:30:00-05:00,3.9700000286102295,4.079999923706055,3.9700000286102295,4.014999866485596,43759,0.0,0.0
2022-11-21 13:30:00-05:00,4.010000228881836,4.059999942779541,3.950000047683716,3.950000047683716,30804,0.0,0.0
2022-11-21 14:30:00-05:00,3.950000047683716,3.990000009536743,3.924999952316284,3.950000047683716,44643,0.0,0.0
2022-11-21 15:30:00-05:00,3.950000047683716,3.9800000190734863,3.940000057220459,3.950000047683716,94995,0.0,0.0
2022-11-22 09:30:00-05:00,4.059999942779541,4.110000133514404,3.7899999618530273,3.9200000762939453,89826,0.0,0.0
2022-11-22 10:30:00-05:00,3.9200000762939453,4.010000228881836,3.890000104904175,3.940000057220459,81995,0.0,0.0
2022-11-22 11:30:00-05:00,3.940000057220459,4.0,3.869999885559082,3.9800000190734863,109290,0.0,0.0
2022-11-22 12:30:00-05:00,3.9800000190734863,4.0,3.884999990463257,3.9700000286102295,44960,0.0,0.0
2022-11-22 13:30:00-05:00,3.990000009536743,4.059999942779541,3.9600000381469727,4.019999980926514,65501,0.0,0.0
2022-11-22 14:30:00-05:00,4.019999980926514,4.150000095367432,4.019999980926514,4.135000228881836,63923,0.0,0.0
2022-11-22 15:30:00-05:00,4.135000228881836,4.260000228881836,4.135000228881836,4.179999828338623,117893,0.0,0.0
2022-11-23 09:30:00-05:00,4.28000020980835,4.349999904632568,4.099999904632568,4.179999828338623,55362,0.0,0.0
2022-11-23 10:30:00-05:00,4.159999847412109,4.309999942779541,4.159999847412109,4.260000228881836,68075,0.0,0.0
2022-11-23 11:30:00-05:00,4.260000228881836,4.300000190734863,4.119999885559082,4.300000190734863,41905,0.0,0.0
2022-11-23 12:30:00-05:00,4.300000190734863,4.349999904632568,4.264599800109863,4.324999809265137,49153,0.0,0.0
2022-11-23 13:30:00-05:00,4.339000225067139,4.429999828338623,4.329999923706055,4.414999961853027,64631,0.0,0.0
2022-11-23 14:30:00-05:00,4.414999961853027,4.420000076293945,4.369999885559082,4.380000114440918,47626,0.0,0.0
2022-11-23 15:30:00-05:00,4.380000114440918,4.380000114440918,4.28000020980835,4.300000190734863,89396,0.0,0.0
2022-11-25 09:30:00-05:00,4.300000190734863,4.309999942779541,4.090000152587891,4.110000133514404,12043,0.0,0.0
2022-11-25 10:30:00-05:00,4.079999923706055,4.360000133514404,4.079999923706055,4.28000020980835,46066,0.0,0.0
2022-11-25 11:30:00-05:00,4.28000020980835,4.385000228881836,4.239999771118164,4.340000152587891,47703,0.0,0.0
2022-11-28 09:30:00-05:00,4.159999847412109,4.317500114440918,4.079999923706055,4.179999828338623,49476,0.0,0.0
2022-11-28 10:30:00-05:00,4.179999828338623,4.28000020980835,4.179999828338623,4.239999771118164,48075,0.0,0.0
2022-11-28 11:30:00-05:00,4.25,4.289999961853027,4.170000076293945,4.230000019073486,59074,0.0,0.0
2022-11-28 12:30:00-05:00,4.25,4.309999942779541,4.2133002281188965,4.230000019073486,56569,0.0,0.0
2022-11-28 13:30:00-05:00,4.239999771118164,4.25,4.179999828338623,4.210000038146973,51520,0.0,0.0
2022-11-28 14:30:00-05:00,4.210000038146973,4.210000038146973,4.099999904632568,4.105000019073486,86231,0.0,0.0
2022-11-28 15:30:00-05:00,4.105000019073486,4.199999809265137,4.100800037384033,4.199999809265137,116706,0.0,0.0
2022-11-29 09:30:00-05:00,4.230000019073486,4.428999900817871,4.175000190734863,4.400000095367432,34846,0.0,0.0
2022-11-29 10:30:00-05:00,4.400000095367432,4.409999847412109,4.260000228881836,4.320000171661377,27087,0.0,0.0
2022-11-29 11:30:00-05:00,4.329999923706055,4.380000114440918,4.300000190734863,4.380000114440918,15178,0.0,0.0
2022-11-29 12:30:00-05:00,4.380000114440918,4.420000076293945,4.289999961853027,4.289999961853027,15804,0.0,0.0
2022-11-29 13:30:00-05:00,4.315000057220459,4.340000152587891,4.289999961853027,4.289999961853027,19718,0.0,0.0
2022-11-29 14:30:00-05:00,4.289999961853027,4.400000095367432,4.275000095367432,4.349999904632568,41717,0.0,0.0
2022-11-29 15:30:00-05:00,4.34499979019165,4.369999885559082,4.300000190734863,4.369999885559082,57483,0.0,0.0
2022-11-30 09:30:00-05:00,4.340000152587891,4.570000171661377,4.170000076293945,4.400000095367432,31026,0.0,0.0
2022-11-30 10:30:00-05:00,4.385000228881836,4.400000095367432,4.309999942779541,4.324999809265137,26269,0.0,0.0
2022-11-30 11:30:00-05:00,4.309999942779541,4.360000133514404,4.284999847412109,4.289999961853027,21561,0.0,0.0
2022-11-30 12:30:00-05:00,4.289999961853027,4.380000114440918,4.260000228881836,4.335000038146973,30585,0.0,0.0
2022-11-30 13:30:00-05:00,4.320000171661377,4.400000095367432,4.300000190734863,4.380000114440918,78111,0.0,0.0
2022-11-30 14:30:00-05:00,4.369999885559082,4.440000057220459,4.309999942779541,4.440000057220459,45862,0.0,0.0
2022-11-30 15:30:00-05:00,4.425000190734863,4.489999771118164,4.355000019073486,4.454999923706055,99328,0.0,0.0
2022-12-01 09:30:00-05:00,4.5,4.5721001625061035,4.295000076293945,4.349999904632568,49933,0.0,0.0
2022-12-01 10:30:00-05:00,4.34499979019165,4.5,4.320000171661377,4.5,29708,0.0,0.0
2022-12-01 11:30:00-05:00,4.519999980926514,4.690000057220459,4.519999980926514,4.565000057220459,43852,0.0,0.0
2022-12-01 12:30:00-05:00,4.559999942779541,4.59499979019165,4.46999979019165,4.46999979019165,40591,0.0,0.0
2022-12-01 13:30:00-05:00,4.489999771118164,4.570000171661377,4.489999771118164,4.559999942779541,31766,0.0,0.0
2022-12-01 14:30:00-05:00,4.559999942779541,4.574999809265137,4.445499897003174,4.510000228881836,48725,0.0,0.0
2022-12-01 15:30:00-05:00,4.519999980926514,4.545000076293945,4.489999771118164,4.519999980926514,77239,0.0,0.0
2022-12-02 09:30:00-05:00,4.300000190734863,4.539999961853027,4.150000095367432,4.409999847412109,41413,0.0,0.0
2022-12-02 10:30:00-05:00,4.400000095367432,4.460000038146973,4.340000152587891,4.389999866485596,27679,0.0,0.0
2022-12-02 11:30:00-05:00,4.394999980926514,4.460000038146973,4.239999771118164,4.25,107987,0.0,0.0
2022-12-02 12:30:00-05:00,4.25,4.260000228881836,4.070000171661377,4.114999771118164,84743,0.0,0.0
2022-12-02 13:30:00-05:00,4.114999771118164,4.175000190734863,4.059999942779541,4.175000190734863,79918,0.0,0.0
2022-12-02 14:30:00-05:00,4.179999828338623,4.239999771118164,4.150000095367432,4.179999828338623,80912,0.0,0.0
2022-12-02 15:30:00-05:00,4.179999828338623,4.269999980926514,4.139999866485596,4.224100112915039,115404,0.0,0.0
2022-12-05 09:30:00-05:00,4.329999923706055,4.409999847412109,4.170000076293945,4.360000133514404,73925,0.0,0.0
2022-12-05 10:30:00-05:00,4.369999885559082,4.472499847412109,4.360000133514404,4.40500020980835,44158,0.0,0.0
2022-12-05 11:30:00-05:00,4.389999866485596,4.485000133514404,4.380000114440918,4.46999979019165,36350,0.0,0.0
2022-12-05 12:30:00-05:00,4.460000038146973,4.5,4.380000114440918,4.389999866485596,28534,0.0,0.0
2022-12-05 13:30:00-05:00,4.389999866485596,4.420000076293945,4.349999904632568,4.389999866485596,37969,0.0,0.0
2022-12-05 14:30:00-05:00,4.400000095367432,4.420000076293945,4.34499979019165,4.364999771118164,98283,0.0,0.0
2022-12-05 15:30:00-05:00,4.369999885559082,4.440000057220459,4.369999885559082,4.420000076293945,85216,0.0,0.0
2022-12-06 09:30:00-05:00,4.28000020980835,4.499899864196777,4.199999809265137,4.46999979019165,70857,0.0,0.0
2022-12-06 10:30:00-05:00,4.449999809265137,4.453000068664551,4.300000190734863,4.309999942779541,44917,0.0,0.0
2022-12-06 11:30:00-05:00,4.309999942779541,4.335000038146973,4.260000228881836,4.309999942779541,33786,0.0,0.0
2022-12-06 12:30:00-05:00,4.309999942779541,4.380000114440918,4.289999961853027,4.309999942779541,34761,0.0,0.0
2022-12-06 13:30:00-05:00,4.309999942779541,4.360000133514404,4.289999961853027,4.324999809265137,32483,0.0,0.0
2022-12-06 14:30:00-05:00,4.320000171661377,4.329999923706055,4.25,4.269999980926514,44030,0.0,0.0
2022-12-06 15:30:00-05:00,4.28000020980835,4.340000152587891,4.269999980926514,4.320000171661377,81554,0.0,0.0
2022-12-07 09:30:00-05:00,4.340000152587891,4.440000057220459,4.239999771118164,4.429999828338623,49926,0.0,0.0
2022-12-07 10:30:00-05:00,4.440000057220459,4.5,4.380000114440918,4.389999866485596,31030,0.0,0.0
2022-12-07 11:30:00-05:00,4.389999866485596,4.579999923706055,4.389999866485596,4.579999923706055,42498,0.0,0.0
2022-12-07 12:30:00-05:00,4.590000152587891,4.605000019073486,4.5,4.590000152587891,31391,0.0,0.0
2022-12-07 13:30:00-05:00,4.614999771118164,4.730000019073486,4.570000171661377,4.590000152587891,74847,0.0,0.0
2022-12-07 14:30:00-05:00,4.590000152587891,4.650000095367432,4.570000171661377,4.619999885559082,40814,0.0,0.0
2022-12-07 15:30:00-05:00,4.630000114440918,4.650000095367432,4.590000152587891,4.619999885559082,57953,0.0,0.0
2022-12-08 09:30:00-05:00,4.639999866485596,4.800000190734863,4.489999771118164,4.78000020980835,45857,0.0,0.0
2022-12-08 10:30:00-05:00,4.760000228881836,4.789999961853027,4.514999866485596,4.539999961853027,29662,0.0,0.0
2022-12-08 11:30:00-05:00,4.539999961853027,4.610000133514404,4.489999771118164,4.5,30237,0.0,0.0
2022-12-08 12:30:00-05:00,4.506999969482422,4.559999942779541,4.480000019073486,4.550000190734863,18722,0.0,0.0
2022-12-08 13:30:00-05:00,4.559999942779541,4.690000057220459,4.53000020980835,4.570000171661377,32960,0.0,0.0
2022-12-08 14:30:00-05:00,4.570000171661377,4.699999809265137,4.550000190734863,4.65500020980835,51199,0.0,0.0
2022-12-08 15:30:00-05:00,4.664999961853027,4.679999828338623,4.570000171661377,4.599999904632568,62252,0.0,0.0
2022-12-09 09:30:00-05:00,4.610000133514404,4.670000076293945,4.380000114440918,4.53000020980835,62950,0.0,0.0
2022-12-09 10:30:00-05:00,4.565000057220459,4.679999828338623,4.53000020980835,4.53000020980835,29063,0.0,0.0
2022-12-09 11:30:00-05:00,4.545000076293945,4.610000133514404,4.400000095367432,4.420000076293945,51728,0.0,0.0
2022-12-09 12:30:00-05:00,4.420000076293945,4.420000076293945,4.210000038146973,4.224999904632568,177421,0.0,0.0
2022-12-09 13:30:00-05:00,4.21999979019165,4.300000190734863,4.135000228881836,4.300000190734863,104412,0.0,0.0
2022-12-09 14:30:00-05:00,4.300000190734863,4.420000076293945,4.300000190734863,4.369999885559082,82331,0.0,0.0
2022-12-09 15:30:00-05:00,4.369999885559082,4.369999885559082,4.295000076293945,4.349999904632568,100368,0.0,0.0
2022-12-12 09:30:00-05:00,4.309999942779541,4.570000171661377,4.239999771118164,4.550000190734863,79832,0.0,0.0
2022-12-12 10:30:00-05:00,4.550000190734863,4.730000019073486,4.550000190734863,4.730000019073486,71336,0.0,0.0
2022-12-12 11:30:00-05:00,4.730000019073486,4.804999828338623,4.679999828338623,4.755000114440918,73274,0.0,0.0
2022-12-12 12:30:00-05:00,4.755000114440918,4.815000057220459,4.730000019073486,4.789999961853027,55687,0.0,0.0
2022-12-12 13:30:00-05:00,4.789999961853027,4.875,4.784999847412109,4.835000038146973,41463,0.0,0.0
2022-12-12 14:30:00-05:00,4.835000038146973,4.945000171661377,4.829999923706055,4.945000171661377,72619,0.0,0.0
2022-12-12 15:30:00-05:00,4.945000171661377,4.954999923706055,4.860000133514404,4.869999885559082,86593,0.0,0.0
2022-12-13 09:30:00-05:00,4.920000076293945,5.050000190734863,4.679999828338623,4.880000114440918,95189,0.0,0.0
2022-12-13 10:30:00-05:00,4.889999866485596,4.889999866485596,4.710000038146973,4.71999979019165,84454,0.0,0.0
2022-12-13 11:30:00-05:00,4.71999979019165,4.769999980926514,4.650000095367432,4.730000019073486,50730,0.0,0.0
2022-12-13 12:30:00-05:00,4.71999979019165,4.820000171661377,4.639999866485596,4.760000228881836,51047,0.0,0.0
2022-12-13 13:30:00-05:00,4.775000095367432,4.909999847412109,4.760000228881836,4.880000114440918,51024,0.0,0.0
2022-12-13 14:30:00-05:00,4.889999866485596,4.980000019073486,4.809999942779541,4.849999904632568,64771,0.0,0.0
2022-12-13 15:30:00-05:00,4.860000133514404,4.949999809265137,4.860000133514404,4.900000095367432,95783,0.0,0.0
2022-12-14 09:30:00-05:00,4.900000095367432,4.945000171661377,4.75,4.945000171661377,34571,0.0,0.0
2022-12-14 10:30:00-05:00,4.929999828338623,5.014999866485596,4.835000038146973,4.864999771118164,43967,0.0,0.0
2022-12-14 11:30:00-05:00,4.864999771118164,4.96999979019165,4.840000152587891,4.940000057220459,36764,0.0,0.0
2022-12-14 12:30:00-05:00,4.929999828338623,5.050000190734863,4.920000076293945,4.96999979019165,42784,0.0,0.0
2022-12-14 13:30:00-05:00,4.960000038146973,5.03000020980835,4.957300186157227,4.96999979019165,52460,0.0,0.0
2022-12-14 14:30:00-05:00,4.965000152587891,5.079999923706055,4.869999885559082,4.994999885559082,90408,0.0,0.0
2022-12-14 15:30:00-05:00,4.980000019073486,5.110000133514404,4.920000076293945,5.074999809265137,105838,0.0,0.0
2022-12-15 09:30:00-05:00,4.940000057220459,5.190000057220459,4.869999885559082,5.170000076293945,90499,0.0,0.0
2022-12-15 10:30:00-05:00,5.150000095367432,5.289999961853027,5.119999885559082,5.25,102437,0.0,0.0
2022-12-15 11:30:00-05:00,5.239999771118164,5.349999904632568,5.150000095367432,5.190000057220459,84919,0.0,0.0
2022-12-15 12:30:00-05:00,5.190000057220459,5.210000038146973,5.139999866485596,5.150000095367432,57657,0.0,0.0
2022-12-15 13:30:00-05:00,5.150000095367432,5.199999809265137,5.119999885559082,5.150000095367432,63491,0.0,0.0
2022-12-15 14:30:00-05:00,5.159999847412109,5.260000228881836,5.139999866485596,5.218999862670898,76747,0.0,0.0
2022-12-15 15:30:00-05:00,5.215000152587891,5.21999979019165,5.139999866485596,5.184999942779541,136018,0.0,0.0
2022-12-16 09:30:00-05:00,5.090000152587891,5.090000152587891,4.769999980926514,4.949999809265137,142652,0.0,0.0
2022-12-16 10:30:00-05:00,4.949999809265137,5.114999771118164,4.940000057220459,5.079999923706055,66816,0.0,0.0
2022-12-16 11:30:00-05:00,5.079999923706055,5.159999847412109,5.010000228881836,5.054999828338623,80269,0.0,0.0
2022-12-16 12:30:00-05:00,5.054999828338623,5.059999942779541,4.864999771118164,4.920000076293945,77930,0.0,0.0
2022-12-16 13:30:00-05:00,4.929999828338623,5.090000152587891,4.925000190734863,5.045000076293945,78082,0.0,0.0
2022-12-16 14:30:00-05:00,5.039999961853027,5.105000019073486,4.960000038146973,4.989999771118164,136168,0.0,0.0
2022-12-16 15:30:00-05:00,5.0,5.059999942779541,4.900000095367432,5.005000114440918,211565,0.0,0.0
2022-12-19 09:30:00-05:00,5.039999961853027,5.119999885559082,4.440000057220459,4.614999771118164,77658,0.0,0.0
2022-12-19 10:30:00-05:00,4.614999771118164,4.670000076293945,4.53000020980835,4.639999866485596,45337,0.0,0.0
2022-12-19 11:30:00-05:00,4.639999866485596,4.639999866485596,4.510000228881836,4.574999809265137,50282,0.0,0.0
2022-12-19 12:30:00-05:00,4.579999923706055,4.744999885559082,4.570000171661377,4.630000114440918,37553,0.0,0.0
2022-12-19 13:30:00-05:00,4.620100021362305,4.630000114440918,4.53000020980835,4.539999961853027,41917,0.0,0.0
2022-12-19 14:30:00-05:00,4.550000190734863,4.610000133514404,4.53000020980835,4.574999809265137,39797,0.0,0.0
2022-12-19 15:30:00-05:00,4.579999923706055,4.630000114440918,4.550000190734863,4.550000190734863,54897,0.0,0.0
2022-12-20 09:30:00-05:00,4.650000095367432,4.78000020980835,4.5100998878479,4.769999980926514,61047,0.0,0.0
2022-12-20 10:30:00-05:00,4.800000190734863,4.849999904632568,4.699999809265137,4.78980016708374,29470,0.0,0.0
2022-12-20 11:30:00-05:00,4.800000190734863,4.880000114440918,4.715000152587891,4.815000057220459,33289,0.0,0.0
2022-12-20 12:30:00-05:00,4.809999942779541,4.840000152587891,4.735000133514404,4.769999980926514,37815,0.0,0.0
2022-12-20 13:30:00-05:00,4.784999847412109,4.860000133514404,4.78000020980835,4.848700046539307,37953,0.0,0.0
2022-12-20 14:30:00-05:00,4.84499979019165,4.909999847412109,4.840000152587891,4.875,46583,0.0,0.0
2022-12-20 15:30:00-05:00,4.875,5.019999980926514,4.875,4.945000171661377,103504,0.0,0.0
2022-12-21 09:30:00-05:00,4.949999809265137,5.059999942779541,4.559999942779541,5.059999942779541,40319,0.0,0.0
2022-12-21 10:30:00-05:00,5.03000020980835,5.119999885559082,4.989999771118164,5.019999980926514,32101,0.0,0.0
2022-12-21 11:30:00-05:00,5.019999980926514,5.045000076293945,4.840000152587891,4.885000228881836,41959,0.0,0.0
2022-12-21 12:30:00-05:00,4.885000228881836,4.929999828338623,4.840000152587891,4.900000095367432,21144,0.0,0.0
2022-12-21 13:30:00-05:00,4.889999866485596,4.96999979019165,4.889999866485596,4.920000076293945,19128,0.0,0.0
2022-12-21 14:30:00-05:00,4.929999828338623,4.934999942779541,4.809999942779541,4.809999942779541,28582,0.0,0.0
2022-12-21 15:30:00-05:00,4.809999942779541,4.840000152587891,4.78000020980835,4.789999961853027,100218,0.0,0.0
2022-12-22 09:30:00-05:00,4.670000076293945,4.840000152587891,4.670000076293945,4.699999809265137,32558,0.0,0.0
2022-12-22 10:30:00-05:00,4.71999979019165,4.760000228881836,4.659999847412109,4.710000038146973,42996,0.0,0.0
2022-12-22 11:30:00-05:00,4.724999904632568,4.789999961853027,4.690000057220459,4.71999979019165,48563,0.0,0.0
2022-12-22 12:30:00-05:00,4.71999979019165,4.739999771118164,4.690000057220459,4.724999904632568,69203,0.0,0.0
2022-12-22 13:30:00-05:00,4.724999904632568,4.789999961853027,4.710000038146973,4.75,63652,0.0,0.0
2022-12-22 14:30:00-05:00,4.739999771118164,4.760000228881836,4.690000057220459,4.730000019073486,81902,0.0,0.0
2022-12-22 15:30:00-05:00,4.739999771118164,4.789999961853027,4.730000019073486,4.769999980926514,102407,0.0,0.0
2022-12-23 09:30:00-05:00,4.78000020980835,4.840000152587891,4.574999809265137,4.659999847412109,17073,0.0,0.0
2022-12-23 10:30:00-05:00,4.679999828338623,4.739999771118164,4.590000152587891,4.690000057220459,10154,0.0,0.0
2022-12-23 11:30:00-05:00,4.679999828338623,4.679999828338623,4.570000171661377,4.619999885559082,10571,0.0,0.0
2022-12-23 12:30:00-05:00,4.630000114440918,4.690000057220459,4.591000080108643,4.591000080108643,19366,0.0,0.0
2022-12-23 13:30:00-05:00,4.599999904632568,4.610000133514404,4.550000190734863,4.570000171661377,10159,0.0,0.0
2022-12-23 14:30:00-05:00,4.579999923706055,4.619999885559082,4.559999942779541,4.579999923706055,23022,0.0,0.0
2022-12-23 15:30:00-05:00,4.579999923706055,4.599999904632568,4.550000190734863,4.579999923706055,33178,0.0,0.0
2022-12-27 09:30:00-05:00,4.550000190734863,4.65500020980835,4.519999980926514,4.610000133514404,29381,0.0,0.0
2022-12-27 10:30:00-05:00,4.610000133514404,4.670000076293945,4.574999809265137,4.59499979019165,19122,0.0,0.0
2022-12-27 11:30:00-05:00,4.59499979019165,4.59499979019165,4.320000171661377,4.380000114440918,33423,0.0,0.0
2022-12-27 12:30:00-05:00,4.400000095367432,4.400000095367432,4.242000102996826,4.242000102996826,43278,0.0,0.0
2022-12-27 13:30:00-05:00,4.242000102996826,4.260000228881836,4.199999809265137,4.229499816894531,31373,0.0,0.0
2022-12-27 14:30:00-05:00,4.230000019073486,4.295000076293945,4.21999979019165,4.244999885559082,39935,0.0,0.0
2022-12-27 15:30:00-05:00,4.244999885559082,4.260000228881836,4.179999828338623,4.21999979019165,41369,0.0,0.0
2022-12-28 09:30:00-05:00,4.309999942779541,4.369999885559082,4.190000057220459,4.260000228881836,29502,0.0,0.0
2022-12-28 10:30:00-05:00,4.260000228881836,4.320000171661377,4.239999771118164,4.239999771118164,19246,0.0,0.0
2022-12-28 11:30:00-05:00,4.255000114440918,4.369999885559082,4.25,4.360000133514404,19606,0.0,0.0
2022-12-28 12:30:00-05:00,4.36899995803833,4.46999979019165,4.364999771118164,4.400000095367432,28258,0.0,0.0
2022-12-28 13:30:00-05:00,4.389999866485596,4.409999847412109,4.349999904632568,4.389999866485596,11891,0.0,0.0
2022-12-28 14:30:00-05:00,4.420000076293945,4.429999828338623,4.340000152587891,4.380000114440918,13137,0.0,0.0
2022-12-28 15:30:00-05:00,4.389999866485596,4.5,4.389999866485596,4.440000057220459,60981,0.0,0.0
2022-12-29 09:30:00-05:00,4.46999979019165,4.730000019073486,4.449999809265137,4.670000076293945,34297,0.0,0.0
2022-12-29 10:30:00-05:00,4.670000076293945,4.840000152587891,4.670000076293945,4.789999961853027,25522,0.0,0.0
2022-12-29 11:30:00-05:00,4.800000190734863,4.880000114440918,4.760000228881836,4.760000228881836,22453,0.0,0.0
2022-12-29 12:30:00-05:00,4.755000114440918,4.769999980926514,4.675000190734863,4.690000057220459,27878,0.0,0.0
2022-12-29 13:30:00-05:00,4.6915998458862305,4.730000019073486,4.650000095367432,4.650000095367432,29265,0.0,0.0
2022-12-29 14:30:00-05:00,4.650000095367432,4.704999923706055,4.644999980926514,4.659999847412109,26679,0.0,0.0
2022-12-29 15:30:00-05:00,4.659999847412109,4.71999979019165,4.650000095367432,4.695000171661377,42035,0.0,0.0
2022-12-30 09:30:00-05:00,4.659999847412109,4.664999961853027,4.550000190734863,4.59499979019165,19074,0.0,0.0
2022-12-30 10:30:00-05:00,4.610000133514404,4.71999979019165,4.590000152587891,4.670000076293945,26072,0.0,0.0
2022-12-30 11:30:00-05:00,4.670000076293945,4.690000057220459,4.599999904632568,4.614999771118164,13918,0.0,0.0
2022-12-30 12:30:00-05:00,4.639999866485596,4.679999828338623,4.619999885559082,4.639999866485596,15467,0.0,0.0
2022-12-30 13:30:00-05:00,4.659999847412109,4.820000171661377,4.644999980926514,4.739999771118164,15111,0.0,0.0
2022-12-30 14:30:00-05:00,4.739999771118164,4.840000152587891,4.739999771118164,4.827199935913086,21884,0.0,0.0
2022-12-30 15:30:00-05:00,4.821000099182129,4.900000095367432,4.821000099182129,4.869999885559082,37110,0.0,0.0
2023-01-03 09:30:00-05:00,4.940000057220459,5.03000020980835,4.880000114440918,5.0,27109,0.0,0.0
2023-01-03 10:30:00-05:00,4.96999979019165,5.110000133514404,4.880000114440918,4.880000114440918,31296,0.0,0.0
2023-01-03 11:30:00-05:00,4.880000114440918,4.896900177001953,4.78000020980835,4.810400009155273,32495,0.0,0.0
2023-01-03 12:30:00-05:00,4.820000171661377,4.869999885559082,4.800000190734863,4.869999885559082,46327,0.0,0.0
2023-01-03 13:30:00-05:00,4.864999771118164,4.864999771118164,4.730000019073486,4.75,50509,0.0,0.0
2023-01-03 14:30:00-05:00,4.75,4.829999923706055,4.75,4.820000171661377,33536,0.0,0.0
2023-01-03 15:30:00-05:00,4.820000171661377,4.920000076293945,4.800000190734863,4.820000171661377,50561,0.0,0.0
2023-01-04 09:30:00-05:00,4.920000076293945,5.050000190734863,4.760000228881836,4.875,59292,0.0,0.0
2023-01-04 10:30:00-05:00,4.860000133514404,4.940000057220459,4.829999923706055,4.860000133514404,30677,0.0,0.0
2023-01-04 11:30:00-05:00,4.860000133514404,4.960000038146973,4.860000133514404,4.920000076293945,37217,0.0,0.0
2023-01-04 12:30:00-05:00,4.929999828338623,4.989999771118164,4.920000076293945,4.974999904632568,20711,0.0,0.0
2023-01-04 13:30:00-05:00,4.96999979019165,5.019999980926514,4.96999979019165,5.0,31566,0.0,0.0
2023-01-04 14:30:00-05:00,5.0,5.130000114440918,4.989999771118164,5.090000152587891,42500,0.0,0.0
2023-01-04 15:30:00-05:00,5.099999904632568,5.159999847412109,5.079999923706055,5.099999904632568,61180,0.0,0.0
2023-01-05 09:30:00-05:00,4.800000190734863,4.800000190734863,4.244999885559082,4.614999771118164,161230,0.0,0.0
2023-01-05 10:30:00-05:00,4.614999771118164,4.690000057220459,4.571700096130371,4.619999885559082,50697,0.0,0.0
2023-01-05 11:30:00-05:00,4.630000114440918,4.699999809265137,4.599999904632568,4.650000095367432,37730,0.0,0.0
2023-01-05 12:30:00-05:00,4.650000095367432,4.764999866485596,4.650000095367432,4.71999979019165,35033,0.0,0.0
2023-01-05 13:30:00-05:00,4.71999979019165,4.739999771118164,4.670000076293945,4.710000038146973,33451,0.0,0.0
2023-01-05 14:30:00-05:00,4.71999979019165,4.755000114440918,4.670000076293945,4.709000110626221,49605,0.0,0.0
2023-01-05 15:30:00-05:00,4.704999923706055,4.78000020980835,4.679999828338623,4.710000038146973,74630,0.0,0.0
2023-01-06 09:30:00-05:00,4.730000019073486,4.730000019073486,4.639999866485596,4.690000057220459,43406,0.0,0.0
2023-01-06 10:30:00-05:00,4.699999809265137,4.820000171661377,4.699999809265137,4.710000038146973,30753,0.0,0.0
2023-01-06 11:30:00-05:00,4.710000038146973,4.804999828338623,4.710000038146973,4.769999980926514,18505,0.0,0.0
2023-01-06 12:30:00-05:00,4.760000228881836,4.789999961853027,4.71999979019165,4.730000019073486,16096,0.0,0.0
2023-01-06 13:30:00-05:00,4.730000019073486,4.800000190734863,4.71999979019165,4.739999771118164,23929,0.0,0.0
2023-01-06 14:30:00-05:00,4.75,4.78000020980835,4.715000152587891,4.760000228881836,27467,0.0,0.0
2023-01-06 15:30:00-05:00,4.764999866485596,4.800000190734863,4.760000228881836,4.769999980926514,32724,0.0,0.0
2023-01-09 09:30:00-05:00,4.78000020980835,4.940000057220459,4.71999979019165,4.744999885559082,0,0.0,0.0
2023-01-09 10:30:00-05:00,4.75,4.755000114440918,4.639999866485596,4.730000019073486,40767,0.0,0.0
2023-01-09 11:30:00-05:00,4.739999771118164,4.75,4.679999828338623,4.744999885559082,31888,0.0,0.0
2023-01-09 12:30:00-05:00,4.739999771118164,4.75,4.730000019073486,4.75,34678,0.0,0.0
2023-01-09 13:30:00-05:00,4.75,4.789999961853027,4.650000095367432,4.679999828338623,110295,0.0,0.0
2023-01-09 14:30:00-05:00,4.684999942779541,4.710000038146973,4.650000095367432,4.710000038146973,47148,0.0,0.0
2023-01-09 15:30:00-05:00,4.710000038146973,4.730000019073486,4.664999961853027,4.679999828338623,53552,0.0,0.0
2023-01-10 09:30:00-05:00,4.699999809265137,4.800000190734863,4.585000038146973,4.585000038146973,65851,0.0,0.0
2023-01-10 10:30:00-05:00,4.585000038146973,4.590000152587891,4.519999980926514,4.554999828338623,22709,0.0,0.0
2023-01-10 11:30:00-05:00,4.559999942779541,4.619999885559082,4.534999847412109,4.590000152587891,18048,0.0,0.0
2023-01-10 12:30:00-05:00,4.596399784088135,4.610000133514404,4.539999961853027,4.570000171661377,19179,0.0,0.0
2023-01-10 13:30:00-05:00,4.574999809265137,4.599999904632568,4.554999828338623,4.570000171661377,25438,0.0,0.0
2023-01-10 14:30:00-05:00,4.570000171661377,4.590000152587891,4.539999961853027,4.585000038146973,30697,0.0,0.0
2023-01-10 15:30:00-05:00,4.590000152587891,4.630000114440918,4.579999923706055,4.619999885559082,43270,0.0,0.0
2023-01-11 09:30:00-05:00,4.590000152587891,4.590000152587891,4.454999923706055,4.53000020980835,25389,0.0,0.0
2023-01-11 10:30:00-05:00,4.519999980926514,4.619999885559082,4.485000133514404,4.559999942779541,41491,0.0,0.0
2023-01-11 11:30:00-05:00,4.550000190734863,4.619999885559082,4.53000020980835,4.579999923706055,12116,0.0,0.0
2023-01-11 12:30:00-05:00,4.570000171661377,4.619999885559082,4.550000190734863,4.590000152587891,14227,0.0,0.0
2023-01-11 13:30:00-05:00,4.599999904632568,4.619999885559082,4.570000171661377,4.590000152587891,9634,0.0,0.0
2023-01-11 14:30:00-05:00,4.579999923706055,4.610000133514404,4.550000190734863,4.574999809265137,18556,0.0,0.0
2023-01-11 15:30:00-05:00,4.579999923706055,4.599999904632568,4.570000171661377,4.570000171661377,45494,0.0,0.0
2023-01-12 09:30:00-05:00,4.590000152587891,4.760000228881836,4.449999809265137,4.545000076293945,47405,0.0,0.0
2023-01-12 10:30:00-05:00,4.539999961853027,4.71999979019165,4.489999771118164,4.639999866485596,109968,0.0,0.0
2023-01-12 11:30:00-05:00,4.650000095367432,4.690000057220459,4.610000133514404,4.610000133514404,24288,0.0,0.0
2023-01-12 12:30:00-05:00,4.625,4.650000095367432,4.590000152587891,4.590000152587891,27791,0.0,0.0
2023-01-12 13:30:00-05:00,4.590000152587891,4.650000095367432,4.559999942779541,4.599999904632568,72611,0.0,0.0
2023-01-12 14:30:00-05:00,4.610000133514404,4.71999979019165,4.599999904632568,4.690000057220459,53783,0.0,0.0
2023-01-12 15:30:00-05:00,4.699999809265137,4.860000133514404,4.699999809265137,4.820000171661377,86730,0.0,0.0
2023-01-13 09:30:00-05:00,4.849999904632568,5.0,4.730000019073486,4.78000020980835,45972,0.0,0.0
2023-01-13 10:30:00-05:00,4.78000020980835,4.889999866485596,4.769999980926514,4.849999904632568,75254,0.0,0.0
2023-01-13 11:30:00-05:00,4.840000152587891,4.920000076293945,4.789999961853027,4.909999847412109,30257,0.0,0.0
2023-01-13 12:30:00-05:00,4.90500020980835,4.90500020980835,4.800000190734863,4.800000190734863,22963,0.0,0.0
2023-01-13 13:30:00-05:00,4.800000190734863,4.829999923706055,4.739999771118164,4.78000020980835,35907,0.0,0.0
2023-01-13 14:30:00-05:00,4.78000020980835,4.784999847412109,4.730000019073486,4.75,27451,0.0,0.0
2023-01-13 15:30:00-05:00,4.760000228881836,4.789999961853027,4.755000114440918,4.769999980926514,57902,0.0,0.0
2023-01-17 09:30:00-05:00,4.800000190734863,4.800000190734863,4.586400032043457,4.684999942779541,26870,0.0,0.0
2023-01-17 10:30:00-05:00,4.679999828338623,4.739999771118164,4.635000228881836,4.699999809265137,54818,0.0,0.0
2023-01-17 11:30:00-05:00,4.699999809265137,4.71999979019165,4.659999847412109,4.699999809265137,22659,0.0,0.0
2023-01-17 12:30:00-05:00,4.699999809265137,4.71999979019165,4.684999942779541,4.699999809265137,41219,0.0,0.0
2023-01-17 13:30:00-05:00,4.699999809265137,4.730000019073486,4.690000057220459,4.699999809265137,56014,0.0,0.0
2023-01-17 14:30:00-05:00,4.695000171661377,4.715000152587891,4.684999942779541,4.695000171661377,54522,0.0,0.0
2023-01-17 15:30:00-05:00,4.695000171661377,4.699999809265137,4.670000076293945,4.679999828338623,55456,0.0,0.0
2023-01-18 09:30:00-05:00,4.730000019073486,4.824999809265137,4.630000114440918,4.739999771118164,20056,0.0,0.0
2023-01-18 10:30:00-05:00,4.75,4.75,4.659999847412109,4.699999809265137,33383,0.0,0.0
2023-01-18 11:30:00-05:00,4.699999809265137,4.7006001472473145,4.675000190734863,4.699999809265137,23794,0.0,0.0
2023-01-18 12:30:00-05:00,4.695000171661377,4.71999979019165,4.630000114440918,4.699999809265137,71878,0.0,0.0
2023-01-18 13:30:00-05:00,4.690000057220459,4.699999809265137,4.599999904632568,4.659999847412109,19722,0.0,0.0
2023-01-18 14:30:00-05:00,4.657800197601318,4.699999809265137,4.657800197601318,4.684999942779541,24728,0.0,0.0
2023-01-18 15:30:00-05:00,4.684999942779541,4.690000057220459,4.65500020980835,4.684999942779541,35933,0.0,0.0
2023-01-19 09:30:00-05:00,4.650000095367432,4.849999904632568,4.520999908447266,4.53000020980835,20855,0.0,0.0
2023-01-19 10:30:00-05:00,4.519999980926514,4.570000171661377,4.440000057220459,4.494999885559082,29333,0.0,0.0
2023-01-19 11:30:00-05:00,4.494999885559082,4.599999904632568,4.480000019073486,4.561999797821045,22359,0.0,0.0
2023-01-19 12:30:00-05:00,4.579999923706055,4.610000133514404,4.559999942779541,4.591000080108643,11903,0.0,0.0
2023-01-19 13:30:00-05:00,4.614999771118164,4.614999771118164,4.534999847412109,4.579999923706055,26375,0.0,0.0
2023-01-19 14:30:00-05:00,4.571000099182129,4.579999923706055,4.534999847412109,4.570000171661377,26229,0.0,0.0
2023-01-19 15:30:00-05:00,4.570000171661377,4.570000171661377,4.53000020980835,4.550000190734863,42591,0.0,0.0
2023-01-20 09:30:00-05:00,4.5,4.5,4.329999923706055,4.364999771118164,93332,0.0,0.0
2023-01-20 10:30:00-05:00,4.379899978637695,4.409999847412109,4.269999980926514,4.289400100708008,28593,0.0,0.0
2023-01-20 11:30:00-05:00,4.28000020980835,4.329999923706055,4.239999771118164,4.320000171661377,31195,0.0,0.0
2023-01-20 12:30:00-05:00,4.329999923706055,4.375,4.329999923706055,4.369999885559082,18047,0.0,0.0
2023-01-20 13:30:00-05:00,4.369999885559082,4.400000095367432,4.360000133514404,4.380000114440918,15285,0.0,0.0
2023-01-20 14:30:00-05:00,4.389999866485596,4.429999828338623,4.360000133514404,4.429999828338623,124952,0.0,0.0
2023-01-20 15:30:00-05:00,4.429999828338623,4.489999771118164,4.400000095367432,4.460000038146973,64735,0.0,0.0
2023-01-23 09:30:00-05:00,4.46999979019165,4.494999885559082,4.380000114440918,4.429999828338623,29135,0.0,0.0
2023-01-23 10:30:00-05:00,4.429999828338623,4.449999809265137,4.409999847412109,4.409999847412109,45409,0.0,0.0
2023-01-23 11:30:00-05:00,4.409999847412109,4.449999809265137,4.409999847412109,4.445000171661377,28526,0.0,0.0
2023-01-23 12:30:00-05:00,4.445000171661377,4.449999809265137,4.425000190734863,4.425000190734863,39203,0.0,0.0
2023-01-23 13:30:00-05:00,4.425000190734863,4.449999809265137,4.425000190734863,4.429999828338623,47215,0.0,0.0
2023-01-23 14:30:00-05:00,4.440000057220459,4.449999809265137,4.380000114440918,4.425000190734863,27285,0.0,0.0
2023-01-23 15:30:00-05:00,4.425000190734863,4.440000057220459,4.409999847412109,4.429999828338623,52506,0.0,0.0
2023-01-24 09:30:00-05:00,4.429999828338623,4.514999866485596,4.355000019073486,4.460000038146973,28255,0.0,0.0
2023-01-24 10:30:00-05:00,4.445000171661377,4.454999923706055,4.369999885559082,4.400000095367432,62607,0.0,0.0
2023-01-24 11:30:00-05:00,4.400000095367432,4.554999828338623,4.385000228881836,4.554999828338623,123772,0.0,0.0
2023-01-24 12:30:00-05:00,4.539999961853027,4.577600002288818,4.5,4.514999866485596,20371,0.0,0.0
2023-01-24 13:30:00-05:00,4.53000020980835,4.559999942779541,4.510000228881836,4.539999961853027,32022,0.0,0.0
2023-01-24 14:30:00-05:00,4.539999961853027,4.679999828338623,4.539999961853027,4.65500020980835,41240,0.0,0.0
2023-01-24 15:30:00-05:00,4.650000095367432,4.739999771118164,4.639999866485596,4.724999904632568,58054,0.0,0.0
2023-01-25 09:30:00-05:00,4.659999847412109,4.820000171661377,4.599999904632568,4.710000038146973,26928,0.0,0.0
2023-01-25 10:30:00-05:00,4.710000038146973,4.75,4.670000076293945,4.690000057220459,45254,0.0,0.0
2023-01-25 11:30:00-05:00,4.679999828338623,4.690000057220459,4.599999904632568,4.6128997802734375,38216,0.0,0.0
2023-01-25 12:30:00-05:00,4.619999885559082,4.710000038146973,4.579999923706055,4.699999809265137,47138,0.0,0.0
2023-01-25 13:30:00-05:00,4.699999809265137,4.75,4.684999942779541,4.695000171661377,27277,0.0,0.0
2023-01-25 14:30:00-05:00,4.71999979019165,4.75,4.710000038146973,4.710000038146973,37953,0.0,0.0
2023-01-25 15:30:00-05:00,4.710000038146973,4.75,4.710000038146973,4.739999771118164,40480,0.0,0.0
2023-01-26 09:30:00-05:00,4.760000228881836,4.869999885559082,4.625,4.625,29379,0.0,0.0
2023-01-26 10:30:00-05:00,4.630000114440918,4.632299900054932,4.505000114440918,4.53000020980835,21846,0.0,0.0
2023-01-26 11:30:00-05:00,4.539999961853027,4.599999904632568,4.539999961853027,4.599999904632568,8539,0.0,0.0
2023-01-26 12:30:00-05:00,4.610000133514404,4.630000114440918,4.550000190734863,4.565000057220459,8106,0.0,0.0
2023-01-26 13:30:00-05:00,4.565000057220459,4.570000171661377,4.505000114440918,4.53000020980835,18459,0.0,0.0
2023-01-26 14:30:00-05:00,4.539999961853027,4.554999828338623,4.53000020980835,4.550000190734863,19940,0.0,0.0
2023-01-26 15:30:00-05:00,4.559999942779541,4.570000171661377,4.525000095367432,4.539999961853027,26950,0.0,0.0
2023-01-27 09:30:00-05:00,4.050000190734863,4.4730000495910645,4.050000190734863,4.420000076293945,96784,0.0,0.0
2023-01-27 10:30:00-05:00,4.409999847412109,4.440000057220459,4.330100059509277,4.389999866485596,54487,0.0,0.0
2023-01-27 11:30:00-05:00,4.389999866485596,4.5,4.389999866485596,4.420000076293945,43467,0.0,0.0
2023-01-27 12:30:00-05:00,4.420000076293945,4.480000019073486,4.420000076293945,4.449999809265137,21456,0.0,0.0
2023-01-27 13:30:00-05:00,4.460000038146973,4.46999979019165,4.409999847412109,4.434999942779541,24942,0.0,0.0
2023-01-27 14:30:00-05:00,4.440000057220459,4.465000152587891,4.400000095367432,4.460000038146973,27532,0.0,0.0
2023-01-27 15:30:00-05:00,4.449999809265137,4.449999809265137,4.40500020980835,4.440000057220459,47469,0.0,0.0
2023-01-30 09:30:00-05:00,4.5,4.610000133514404,4.400000095367432,4.400000095367432,68428,0.0,0.0
2023-01-30 10:30:00-05:00,4.400000095367432,4.420000076293945,4.380000114440918,4.400000095367432,88370,0.0,0.0
2023-01-30 11:30:00-05:00,4.400000095367432,4.440000057220459,4.369999885559082,4.400000095367432,65759,0.0,0.0
2023-01-30 12:30:00-05:00,4.400000095367432,4.539999961853027,4.400000095367432,4.460000038146973,144067,0.0,0.0
2023-01-30 13:30:00-05:00,4.449999809265137,4.449999809265137,4.389999866485596,4.400000095367432,24188,0.0,0.0
2023-01-30 14:30:00-05:00,4.40500020980835,4.46999979019165,4.400000095367432,4.449999809265137,25302,0.0,0.0
2023-01-30 15:30:00-05:00,4.440000057220459,4.46999979019165,4.420000076293945,4.449999809265137,41769,0.0,0.0
2023-01-31 09:30:00-05:00,4.449999809265137,4.53000020980835,4.340000152587891,4.40500020980835,0,0.0,0.0
2023-01-31 10:30:00-05:00,4.40500020980835,4.440000057220459,4.380000114440918,4.429999828338623,58945,0.0,0.0
2023-01-31 11:30:00-05:00,4.429999828338623,4.46999979019165,4.409999847412109,4.46999979019165,31511,0.0,0.0
2023-01-31 12:30:00-05:00,4.46999979019165,4.46999979019165,4.389999866485596,4.40500020980835,37558,0.0,0.0
2023-01-31 13:30:00-05:00,4.420000076293945,4.489999771118164,4.389999866485596,4.472899913787842,86818,0.0,0.0
2023-01-31 14:30:00-05:00,4.480000019073486,4.480000019073486,4.400000095367432,4.420000076293945,22307,0.0,0.0
2023-01-31 15:30:00-05:00,4.429999828338623,4.480000019073486,4.429999828338623,4.480000019073486,48952,0.0,0.0
2023-02-01 09:30:00-05:00,4.550000190734863,4.679999828338623,4.489999771118164,4.570000171661377,43527,0.0,0.0
2023-02-01 10:30:00-05:00,4.570000171661377,4.590000152587891,4.449999809265137,4.465000152587891,79680,0.0,0.0
2023-02-01 11:30:00-05:00,4.465000152587891,4.514999866485596,4.460000038146973,4.46999979019165,49919,0.0,0.0
2023-02-01 12:30:00-05:00,4.480000019073486,4.659999847412109,4.480000019073486,4.644999980926514,31112,0.0,0.0
2023-02-01 13:30:00-05:00,4.644999980926514,4.644999980926514,4.525000095367432,4.610000133514404,32411,0.0,0.0
2023-02-01 14:30:00-05:00,4.590000152587891,4.659999847412109,4.534999847412109,4.599999904632568,70742,0.0,0.0
2023-02-01 15:30:00-05:00,4.610000133514404,4.690000057220459,4.610000133514404,4.625,71914,0.0,0.0
2023-02-02 09:30:00-05:00,4.659999847412109,4.820099830627441,4.599999904632568,4.679999828338623,199436,0.0,0.0
2023-02-02 10:30:00-05:00,4.679999828338623,4.739999771118164,4.639999866485596,4.670000076293945,73741,0.0,0.0
2023-02-02 11:30:00-05:00,4.670000076293945,4.760000228881836,4.659999847412109,4.739999771118164,32139,0.0,0.0
2023-02-02 12:30:00-05:00,4.739999771118164,4.860000133514404,4.730000019073486,4.849999904632568,21537,0.0,0.0
2023-02-02 13:30:00-05:00,4.849999904632568,4.849999904632568,4.670000076293945,4.670000076293945,25416,0.0,0.0
2023-02-02 14:30:00-05:00,4.659999847412109,4.71999979019165,4.639999866485596,4.71999979019165,18409,0.0,0.0
2023-02-02 15:30:00-05:00,4.728000164031982,4.849999904632568,4.690000057220459,4.840000152587891,45076,0.0,0.0
2023-02-03 09:30:00-05:00,4.739999771118164,4.929999828338623,4.739999771118164,4.820000171661377,19349,0.0,0.0
2023-02-03 10:30:00-05:00,4.809999942779541,4.849999904632568,4.78000020980835,4.809999942779541,15324,0.0,0.0
2023-02-03 11:30:00-05:00,4.809999942779541,4.869999885559082,4.789999961853027,4.829999923706055,15302,0.0,0.0
2023-02-03 12:30:00-05:00,4.840000152587891,4.849999904632568,4.760000228881836,4.760000228881836,16094,0.0,0.0
2023-02-03 13:30:00-05:00,4.764999866485596,4.784999847412109,4.692800045013428,4.730000019073486,25110,0.0,0.0
2023-02-03 14:30:00-05:00,4.730000019073486,4.739999771118164,4.650000095367432,4.699999809265137,38771,0.0,0.0
2023-02-03 15:30:00-05:00,4.695000171661377,4.699999809265137,4.670000076293945,4.690000057220459,31779,0.0,0.0
2023-02-06 09:30:00-05:00,4.679999828338623,4.75,4.539999961853027,4.599999904632568,34648,0.0,0.0
2023-02-06 10:30:00-05:00,4.610000133514404,4.639999866485596,4.570000171661377,4.599999904632568,29044,0.0,0.0
2023-02-06 11:30:00-05:00,4.590000152587891,4.650000095367432,4.585000038146973,4.599999904632568,26196,0.0,0.0
2023-02-06 12:30:00-05:00,4.599999904632568,4.630000114440918,4.550000190734863,4.574999809265137,16396,0.0,0.0
2023-02-06 13:30:00-05:00,4.590000152587891,4.610000133514404,4.570000171661377,4.570000171661377,18539,0.0,0.0
2023-02-06 14:30:00-05:00,4.570000171661377,4.590000152587891,4.519999980926514,4.5269999504089355,18307,0.0,0.0
2023-02-06 15:30:00-05:00,4.519999980926514,4.590000152587891,4.510000228881836,4.559999942779541,33938,0.0,0.0
2023-02-07 09:30:00-05:00,4.550000190734863,4.670000076293945,4.474999904632568,4.474999904632568,48152,0.0,0.0
2023-02-07 10:30:00-05:00,4.480000019073486,4.510000228881836,4.460000038146973,4.505000114440918,50026,0.0,0.0
2023-02-07 11:30:00-05:00,4.5,4.510000228881836,4.474999904632568,4.480000019073486,20278,0.0,0.0
2023-02-07 12:30:00-05:00,4.460000038146973,4.514999866485596,4.449999809265137,4.480000019073486,29611,0.0,0.0
2023-02-07 13:30:00-05:00,4.465000152587891,4.485000133514404,4.380000114440918,4.449999809265137,20464,0.0,0.0
2023-02-07 14:30:00-05:00,4.449999809265137,4.5,4.445000171661377,4.5,19890,0.0,0.0
2023-02-07 15:30:00-05:00,4.5,4.5,4.46999979019165,4.489999771118164,65024,0.0,0.0
2023-02-08 09:30:00-05:00,4.460000038146973,4.460000038146973,4.349999904632568,4.389999866485596,17488,0.0,0.0
2023-02-08 10:30:00-05:00,4.380000114440918,4.409999847412109,4.34499979019165,4.389999866485596,31804,0.0,0.0
2023-02-08 11:30:00-05:00,4.389800071716309,4.409999847412109,4.360000133514404,4.389999866485596,18037,0.0,0.0
2023-02-08 12:30:00-05:00,4.400000095367432,4.429999828338623,4.375,4.409999847412109,26482,0.0,0.0
2023-02-08 13:30:00-05:00,4.409999847412109,4.409999847412109,4.349999904632568,4.355000019073486,21787,0.0,0.0
2023-02-08 14:30:00-05:00,4.355000019073486,4.369999885559082,4.28000020980835,4.28000020980835,32574,0.0,0.0
2023-02-08 15:30:00-05:00,4.295000076293945,4.360000133514404,4.28000020980835,4.28000020980835,48829,0.0,0.0
2023-02-09 09:30:00-05:00,4.329999923706055,4.400000095367432,4.275000095367432,4.303699970245361,49883,0.0,0.0
2023-02-09 10:30:00-05:00,4.295000076293945,4.315000057220459,4.269999980926514,4.284999847412109,41600,0.0,0.0
2023-02-09 11:30:00-05:00,4.284999847412109,4.304999828338623,4.255000114440918,4.300000190734863,40304,0.0,0.0
2023-02-09 12:30:00-05:00,4.300000190734863,4.309999942779541,4.275000095367432,4.309999942779541,19522,0.0,0.0
2023-02-09 13:30:00-05:00,4.300000190734863,4.300000190734863,4.230000019073486,4.230000019073486,21618,0.0,0.0
2023-02-09 14:30:00-05:00,4.230000019073486,4.289999961853027,4.230000019073486,4.25,37600,0.0,0.0
2023-02-09 15:30:00-05:00,4.25,4.300000190734863,4.235000133514404,4.235000133514404,49905,0.0,0.0
2023-02-10 09:30:00-05:00,4.239999771118164,4.269999980926514,4.079999923706055,4.199999809265137,56468,0.0,0.0
2023-02-10 10:30:00-05:00,4.199999809265137,4.21999979019165,4.175000190734863,4.190000057220459,41377,0.0,0.0
2023-02-10 11:30:00-05:00,4.195000171661377,4.215000152587891,4.170000076293945,4.204999923706055,31319,0.0,0.0
2023-02-10 12:30:00-05:00,4.195000171661377,4.21999979019165,4.190000057220459,4.199999809265137,36618,0.0,0.0
2023-02-10 13:30:00-05:00,4.199999809265137,4.199999809265137,4.179999828338623,4.184999942779541,35363,0.0,0.0
2023-02-10 14:30:00-05:00,4.184999942779541,4.210000038146973,4.179999828338623,4.195000171661377,36179,0.0,0.0
2023-02-10 15:30:00-05:00,4.199999809265137,4.199999809265137,4.159999847412109,4.170000076293945,51074,0.0,0.0
2023-02-13 09:30:00-05:00,4.179999828338623,4.239999771118164,4.010000228881836,4.139999866485596,50312,0.0,0.0
2023-02-13 10:30:00-05:00,4.130000114440918,4.199999809265137,4.119999885559082,4.175000190734863,39307,0.0,0.0
2023-02-13 11:30:00-05:00,4.190000057220459,4.260000228881836,4.16349983215332,4.239999771118164,66839,0.0,0.0
2023-02-13 12:30:00-05:00,4.21999979019165,4.230000019073486,4.190000057220459,4.230000019073486,18790,0.0,0.0
2023-02-13 13:30:00-05:00,4.239999771118164,4.28000020980835,4.21999979019165,4.264999866485596,17868,0.0,0.0
2023-02-13 14:30:00-05:00,4.260000228881836,4.28000020980835,4.224999904632568,4.269999980926514,20072,0.0,0.0
2023-02-13 15:30:00-05:00,4.269999980926514,4.320000171661377,4.25,4.309999942779541,57256,0.0,0.0
2023-02-14 09:30:00-05:00,4.289999961853027,4.360000133514404,4.264999866485596,4.335000038146973,14428,0.0,0.0
2023-02-14 10:30:00-05:00,4.335000038146973,4.349999904632568,4.289999961853027,4.329999923706055,15408,0.0,0.0
2023-02-14 11:30:00-05:00,4.329999923706055,4.380000114440918,4.329999923706055,4.380000114440918,13932,0.0,0.0
2023-02-14 12:30:00-05:00,4.380000114440918,4.389999866485596,4.349999904632568,4.360000133514404,23737,0.0,0.0
2023-02-14 13:30:00-05:00,4.360000133514404,4.420000076293945,4.355000019073486,4.409999847412109,22311,0.0,0.0
2023-02-14 14:30:00-05:00,4.420000076293945,4.440000057220459,4.380000114440918,4.389999866485596,12087,0.0,0.0
2023-02-14 15:30:00-05:00,4.389999866485596,4.425000190734863,4.369999885559082,4.389999866485596,39336,0.0,0.0
2023-02-15 09:30:00-05:00,4.349999904632568,4.440000057220459,4.300000190734863,4.409999847412109,185173,0.0,0.0
2023-02-15 10:30:00-05:00,4.409999847412109,4.5,4.389999866485596,4.409999847412109,43507,0.0,0.0
2023-02-15 11:30:00-05:00,4.40500020980835,4.449999809265137,4.360000133514404,4.369999885559082,20149,0.0,0.0
2023-02-15 12:30:00-05:00,4.364999771118164,4.380000114440918,4.269999980926514,4.320000171661377,71266,0.0,0.0
2023-02-15 13:30:00-05:00,4.329999923706055,4.34499979019165,4.309999942779541,4.309999942779541,5153,0.0,0.0
2023-02-15 14:30:00-05:00,4.309999942779541,4.320000171661377,4.230000019073486,4.269999980926514,15688,0.0,0.0
2023-02-15 15:30:00-05:00,4.260000228881836,4.320000171661377,4.25,4.300000190734863,40299,0.0,0.0
2023-02-16 09:30:00-05:00,4.239999771118164,4.360000133514404,4.090000152587891,4.110000133514404,71410,0.0,0.0
2023-02-16 10:30:00-05:00,4.110000133514404,4.175000190734863,4.050000190734863,4.059999942779541,29546,0.0,0.0
2023-02-16 11:30:00-05:00,4.070000171661377,4.070000171661377,3.9700000286102295,4.019999980926514,66409,0.0,0.0
2023-02-16 12:30:00-05:00,4.010000228881836,4.059999942779541,3.9649999141693115,4.039999961853027,25331,0.0,0.0
2023-02-16 13:30:00-05:00,4.039999961853027,4.159999847412109,4.039999961853027,4.159999847412109,21129,0.0,0.0
2023-02-16 14:30:00-05:00,4.159999847412109,4.239999771118164,4.074999809265137,4.074999809265137,37342,0.0,0.0
2023-02-16 15:30:00-05:00,4.070000171661377,4.070000171661377,3.940000057220459,3.940000057220459,60572,0.0,0.0
2023-02-17 09:30:00-05:00,4.03000020980835,4.090000152587891,3.9000000953674316,4.039999961853027,68179,0.0,0.0
2023-02-17 10:30:00-05:00,4.050000190734863,4.090000152587891,4.0,4.039999961853027,51707,0.0,0.0
2023-02-17 11:30:00-05:00,4.039999961853027,4.110000133514404,4.03000020980835,4.079999923706055,25500,0.0,0.0
2023-02-17 12:30:00-05:00,4.085000038146973,4.139999866485596,4.03000020980835,4.114999771118164,19248,0.0,0.0
2023-02-17 13:30:00-05:00,4.114999771118164,4.159999847412109,4.090000152587891,4.114999771118164,24323,0.0,0.0
2023-02-17 14:30:00-05:00,4.114999771118164,4.159999847412109,4.099999904632568,4.125,36260,0.0,0.0
2023-02-17 15:30:00-05:00,4.119999885559082,4.179999828338623,4.09499979019165,4.135000228881836,69133,0.0,0.0
2023-02-21 09:30:00-05:00,4.050000190734863,4.130000114440918,4.005000114440918,4.099999904632568,66444,0.0,0.0
2023-02-21 10:30:00-05:00,4.099999904632568,4.119999885559082,4.054999828338623,4.079999923706055,33420,0.0,0.0
2023-02-21 11:30:00-05:00,4.079999923706055,4.090000152587891,4.039999961853027,4.059999942779541,24322,0.0,0.0
2023-02-21 12:30:00-05:00,4.065000057220459,4.09499979019165,4.03000020980835,4.059999942779541,31478,0.0,0.0
2023-02-21 13:30:00-05:00,4.065000057220459,4.099999904632568,4.039999961853027,4.059999942779541,23465,0.0,0.0
2023-02-21 14:30:00-05:00,4.059999942779541,4.090000152587891,4.050000190734863,4.050000190734863,23872,0.0,0.0
2023-02-21 15:30:00-05:00,4.050000190734863,4.070000171661377,4.010000228881836,4.03000020980835,48820,0.0,0.0
2023-02-22 09:30:00-05:00,4.050000190734863,4.110000133514404,3.9000000953674316,3.934999942779541,63053,0.0,0.0
2023-02-22 10:30:00-05:00,3.9149999618530273,3.9149999618530273,3.7899999618530273,3.880000114440918,55376,0.0,0.0
2023-02-22 11:30:00-05:00,3.880000114440918,3.890000104904175,3.8450000286102295,3.869999885559082,16271,0.0,0.0
2023-02-22 12:30:00-05:00,3.859999895095825,3.880000114440918,3.8399999141693115,3.875,17629,0.0,0.0
2023-02-22 13:30:00-05:00,3.875,3.880000114440918,3.8450000286102295,3.859999895095825,24243,0.0,0.0
2023-02-22 14:30:00-05:00,3.8499999046325684,3.880000114440918,3.8499999046325684,3.875,23893,0.0,0.0
2023-02-22 15:30:00-05:00,3.875,3.9000000953674316,3.8399999141693115,3.890000104904175,46761,0.0,0.0
2023-02-23 09:30:00-05:00,3.9000000953674316,4.159999847412109,3.9000000953674316,4.110000133514404,49581,0.0,0.0
2023-02-23 10:30:00-05:00,4.090000152587891,4.125,4.079999923706055,4.099999904632568,35412,0.0,0.0
2023-02-23 11:30:00-05:00,4.09499979019165,4.114999771118164,3.9800000190734863,3.990000009536743,144160,0.0,0.0
2023-02-23 12:30:00-05:00,3.992500066757202,4.019999980926514,3.9700000286102295,4.0,18871,0.0,0.0
2023-02-23 13:30:00-05:00,3.990000009536743,4.054999828338623,3.990000009536743,4.045000076293945,14958,0.0,0.0
2023-02-23 14:30:00-05:00,4.050000190734863,4.070000171661377,4.0,4.03000020980835,38576,0.0,0.0
2023-02-23 15:30:00-05:00,4.03000020980835,4.034999847412109,3.9100000858306885,3.990000009536743,74267,0.0,0.0
2023-02-24 09:30:00-05:00,3.890000104904175,4.026899814605713,3.700000047683716,3.799999952316284,46545,0.0,0.0
2023-02-24 10:30:00-05:00,3.809999942779541,3.859999895095825,3.7899999618530273,3.8499999046325684,29401,0.0,0.0
2023-02-24 11:30:00-05:00,3.8499999046325684,3.8499999046325684,3.7899999618530273,3.8399999141693115,25812,0.0,0.0
2023-02-24 12:30:00-05:00,3.8499999046325684,3.8499999046325684,3.815000057220459,3.8299999237060547,18768,0.0,0.0
2023-02-24 13:30:00-05:00,3.8299999237060547,3.8450000286102295,3.815000057220459,3.8299999237060547,36071,0.0,0.0
2023-02-24 14:30:00-05:00,3.8299999237060547,3.8550000190734863,3.819999933242798,3.8299999237060547,26694,0.0,0.0
2023-02-24 15:30:00-05:00,3.8299999237060547,3.869999885559082,3.819999933242798,3.869999885559082,39278,0.0,0.0
2023-02-27 09:30:00-05:00,3.819999933242798,3.950000047683716,3.819999933242798,3.8499999046325684,27702,0.0,0.0
2023-02-27 10:30:00-05:00,3.8499999046325684,3.8499999046325684,3.6600000858306885,3.6700000762939453,40436,0.0,0.0
2023-02-27 11:30:00-05:00,3.6500000953674316,3.8499999046325684,3.6498000621795654,3.799999952316284,25964,0.0,0.0
2023-02-27 12:30:00-05:00,3.809999942779541,3.819999933242798,3.700000047683716,3.7149999141693115,29748,0.0,0.0
2023-02-27 13:30:00-05:00,3.72379994392395,3.7499001026153564,3.700000047683716,3.7049999237060547,22149,0.0,0.0
2023-02-27 14:30:00-05:00,3.7067999839782715,3.7135000228881836,3.6649999618530273,3.690000057220459,40330,0.0,0.0
2023-02-27 15:30:00-05:00,3.690000057220459,3.75,3.6500000953674316,3.740000009536743,64434,0.0,0.0
2023-02-28 09:30:00-05:00,3.75,3.950000047683716,3.6600000858306885,3.799999952316284,93546,0.0,0.0
2023-02-28 10:30:00-05:00,3.809999942779541,3.819999933242798,3.7699999809265137,3.7950000762939453,38063,0.0,0.0
2023-02-28 11:30:00-05:00,3.7950000762939453,3.825000047683716,3.7799999713897705,3.7799999713897705,19109,0.0,0.0
2023-02-28 12:30:00-05:00,3.7799999713897705,3.8157999515533447,3.7799999713897705,3.799999952316284,33999,0.0,0.0
2023-02-28 13:30:00-05:00,3.7950000762939453,3.809999942779541,3.7799999713897705,3.7799999713897705,16394,0.0,0.0
2023-02-28 14:30:00-05:00,3.799999952316284,3.9200000762939453,3.7899999618530273,3.869999885559082,36602,0.0,0.0
2023-02-28 15:30:00-05:00,3.869999885559082,3.930000066757202,3.7799999713897705,3.805000066757202,133620,0.0,0.0
2023-03-01 09:30:00-05:00,3.819999933242798,3.9700000286102295,3.7699999809265137,3.869999885559082,50432,0.0,0.0
2023-03-01 10:30:00-05:00,3.869999885559082,3.890000104904175,3.8299999237060547,3.869999885559082,44040,0.0,0.0
2023-03-01 11:30:00-05:00,3.869999885559082,3.930000066757202,3.869999885559082,3.9200000762939453,51537,0.0,0.0
2023-03-01 12:30:00-05:00,3.9200000762939453,4.03000020980835,3.9100000858306885,4.03000020980835,30146,0.0,0.0
2023-03-01 13:30:00-05:00,4.019999980926514,4.050000190734863,3.9749999046325684,3.984999895095825,19985,0.0,0.0
2023-03-01 14:30:00-05:00,3.9800000190734863,4.010000228881836,3.9700000286102295,3.9700000286102295,20719,0.0,0.0
2023-03-01 15:30:00-05:00,3.9800000190734863,4.019999980926514,3.9800000190734863,4.0,26187,0.0,0.0
2023-03-02 09:30:00-05:00,3.9200000762939453,4.070000171661377,3.8299999237060547,4.0,30512,0.0,0.0
2023-03-02 10:30:00-05:00,4.010000228881836,4.039999961853027,3.9149999618530273,3.9200000762939453,31269,0.0,0.0
2023-03-02 11:30:00-05:00,3.9100000858306885,3.9549999237060547,3.9100000858306885,3.934999942779541,22381,0.0,0.0
2023-03-02 12:30:00-05:00,3.940000057220459,3.9700000286102295,3.890000104904175,3.9600000381469727,26816,0.0,0.0
2023-03-02 13:30:00-05:00,3.9700000286102295,4.010000228881836,3.9700000286102295,4.010000228881836,22651,0.0,0.0
2023-03-02 14:30:00-05:00,4.019999980926514,4.019999980926514,3.950000047683716,3.9549999237060547,27428,0.0,0.0
2023-03-02 15:30:00-05:00,3.950000047683716,3.9749999046325684,3.924999952316284,3.934999942779541,51124,0.0,0.0
2023-03-03 09:30:00-05:00,3.9700000286102295,4.059999942779541,3.859999895095825,4.0,32814,0.0,0.0
2023-03-03 10:30:00-05:00,3.990000009536743,4.019999980926514,3.9842000007629395,4.0,17309,0.0,0.0
2023-03-03 11:30:00-05:00,4.010000228881836,4.03000020980835,3.990000009536743,4.0,16942,0.0,0.0
2023-03-03 12:30:00-05:00,3.990000009536743,3.990000009536743,3.9749999046325684,3.984999895095825,5345,0.0,0.0
2023-03-03 13:30:00-05:00,3.990000009536743,4.050000190734863,3.990000009536743,4.045000076293945,35474,0.0,0.0
2023-03-03 14:30:00-05:00,4.050000190734863,4.150000095367432,4.050000190734863,4.079999923706055,18661,0.0,0.0
2023-03-03 15:30:00-05:00,4.079999923706055,4.090000152587891,4.054999828338623,4.079999923706055,19860,0.0,0.0
2023-03-06 09:30:00-05:00,4.079999923706055,4.152299880981445,4.019999980926514,4.110000133514404,49549,0.0,0.0
2023-03-06 10:30:00-05:00,4.099999904632568,4.159999847412109,4.065000057220459,4.105000019073486,21414,0.0,0.0
2023-03-06 11:30:00-05:00,4.105000019073486,4.119999885559082,4.085000038146973,4.085000038146973,20573,0.0,0.0
2023-03-06 12:30:00-05:00,4.079999923706055,4.090000152587891,4.010000228881836,4.034999847412109,22416,0.0,0.0
2023-03-06 13:30:00-05:00,4.039999961853027,4.039999961853027,4.010000228881836,4.025000095367432,16214,0.0,0.0
2023-03-06 14:30:00-05:00,4.025000095367432,4.050000190734863,3.984999895095825,4.014999866485596,25581,0.0,0.0
2023-03-06 15:30:00-05:00,4.014999866485596,4.090000152587891,4.014999866485596,4.070000171661377,42004,0.0,0.0
2023-03-07 09:30:00-05:00,4.070000171661377,4.079999923706055,3.890000104904175,4.039999961853027,39981,0.0,0.0
2023-03-07 10:30:00-05:00,4.034999847412109,4.059999942779541,3.9800000190734863,4.005000114440918,23362,0.0,0.0
2023-03-07 11:30:00-05:00,4.019999980926514,4.059999942779541,4.019999980926514,4.03000020980835,26976,0.0,0.0
2023-03-07 12:30:00-05:00,4.03000020980835,4.050000190734863,4.0,4.019999980926514,25994,0.0,0.0
2023-03-07 13:30:00-05:00,4.019999980926514,4.025000095367432,3.990000009536743,3.994999885559082,19727,0.0,0.0
2023-03-07 14:30:00-05:00,3.994999885559082,4.050000190734863,3.990000009536743,4.010000228881836,17791,0.0,0.0
2023-03-07 15:30:00-05:00,4.010000228881836,4.050000190734863,4.0,4.019999980926514,50018,0.0,0.0
2023-03-08 09:30:00-05:00,4.010000228881836,4.074999809265137,3.9700000286102295,4.039999961853027,25086,0.0,0.0
2023-03-08 10:30:00-05:00,4.050000190734863,4.079999923706055,4.010000228881836,4.014999866485596,29055,0.0,0.0
2023-03-08 11:30:00-05:00,4.014999866485596,4.059999942779541,4.0,4.03000020980835,23357,0.0,0.0
2023-03-08 12:30:00-05:00,4.019999980926514,4.019999980926514,3.9549999237060547,3.9549999237060547,17437,0.0,0.0
2023-03-08 13:30:00-05:00,3.944999933242798,3.9649999141693115,3.890000104904175,3.930000066757202,27117,0.0,0.0
2023-03-08 14:30:00-05:00,3.9200000762939453,3.940000057220459,3.8299999237060547,3.8399999141693115,30549,0.0,0.0
2023-03-08 15:30:00-05:00,3.8399999141693115,3.9000000953674316,3.8299999237060547,3.8299999237060547,69592,0.0,0.0
2023-03-09 09:30:00-05:00,3.859999895095825,3.930000066757202,3.7799999713897705,3.7799999713897705,21823,0.0,0.0
2023-03-09 10:30:00-05:00,3.7750000953674316,3.7799999713897705,3.7149999141693115,3.734999895095825,15052,0.0,0.0
2023-03-09 11:30:00-05:00,3.7300000190734863,3.7300000190734863,3.640000104904175,3.640000104904175,23888,0.0,0.0
2023-03-09 12:30:00-05:00,3.634999990463257,3.634999990463257,3.549999952316284,3.549999952316284,26855,0.0,0.0
2023-03-09 13:30:00-05:00,3.549999952316284,3.559999942779541,3.490000009536743,3.515000104904175,38451,0.0,0.0
2023-03-09 14:30:00-05:00,3.509999990463257,3.515000104904175,3.4549999237060547,3.5,47701,0.0,0.0
2023-03-09 15:30:00-05:00,3.509999990463257,3.559999942779541,3.505000114440918,3.5299999713897705,50171,0.0,0.0
2023-03-10 09:30:00-05:00,3.490000009536743,3.490000009536743,3.1500000953674316,3.360100030899048,61725,0.0,0.0
2023-03-10 10:30:00-05:00,3.360100030899048,3.4800000190734863,3.3399999141693115,3.4100000858306885,49271,0.0,0.0
2023-03-10 11:30:00-05:00,3.4100000858306885,3.424999952316284,3.3399999141693115,3.3450000286102295,33662,0.0,0.0
2023-03-10 12:30:00-05:00,3.3450000286102295,3.3499999046325684,3.0950000286102295,3.0950000286102295,69020,0.0,0.0
2023-03-10 13:30:00-05:00,3.0950000286102295,3.2200000286102295,3.055000066757202,3.2149999141693115,49257,0.0,0.0
2023-03-10 14:30:00-05:00,3.2100000381469727,3.2149999141693115,3.119999885559082,3.1449999809265137,50182,0.0,0.0
2023-03-10 15:30:00-05:00,3.1449999809265137,3.240000009536743,3.134999990463257,3.200000047683716,77024,0.0,0.0
2023-03-13 09:30:00-04:00,3.240000009536743,3.5399999618530273,3.190000057220459,3.440000057220459,0,0.0,0.0
2023-03-13 10:30:00-04:00,3.440000057220459,3.5199999809265137,3.4200000762939453,3.5199999809265137,33979,0.0,0.0
2023-03-13 11:30:00-04:00,3.5399999618530273,3.5399999618530273,3.430000066757202,3.440000057220459,30963,0.0,0.0
2023-03-13 12:30:00-04:00,3.434999942779541,3.450000047683716,3.4100000858306885,3.430000066757202,18122,0.0,0.0
2023-03-13 13:30:00-04:00,3.424999952316284,3.484999895095825,3.4100000858306885,3.4649999141693115,24898,0.0,0.0
2023-03-13 14:30:00-04:00,3.4649999141693115,3.490000009536743,3.430000066757202,3.430000066757202,48164,0.0,0.0
2023-03-13 15:30:00-04:00,3.4200000762939453,3.450000047683716,3.4100000858306885,3.430000066757202,53445,0.0,0.0
2023-03-14 09:30:00-04:00,3.5399999618530273,3.5799999237060547,3.4100000858306885,3.4700000286102295,50156,0.0,0.0
2023-03-14 10:30:00-04:00,3.4649999141693115,3.4800000190734863,3.375,3.4119999408721924,33667,0.0,0.0
2023-03-14 11:30:00-04:00,3.4149999618530273,3.4149999618530273,3.309999942779541,3.309999942779541,31108,0.0,0.0
2023-03-14 12:30:00-04:00,3.309999942779541,3.380000114440918,3.309999942779541,3.3450000286102295,31731,0.0,0.0
2023-03-14 13:30:00-04:00,3.3450000286102295,3.3450000286102295,3.259999990463257,3.2899999618530273,33251,0.0,0.0
2023-03-14 14:30:00-04:00,3.2950000762939453,3.319999933242798,3.2699999809265137,3.319999933242798,41933,0.0,0.0
2023-03-14 15:30:00-04:00,3.315000057220459,3.369999885559082,3.2950000762939453,3.369999885559082,63592,0.0,0.0
2023-03-15 09:30:00-04:00,3.2799999713897705,3.4700000286102295,3.200000047683716,3.3399999141693115,48433,0.0,0.0
2023-03-15 10:30:00-04:00,3.3399999141693115,3.369999885559082,3.2899999618530273,3.3499999046325684,63828,0.0,0.0
2023-03-15 11:30:00-04:00,3.3450000286102295,3.390000104904175,3.2899999618530273,3.390000104904175,18781,0.0,0.0
2023-03-15 12:30:00-04:00,3.390000104904175,3.4049999713897705,3.3499999046325684,3.390000104904175,25666,0.0,0.0
2023-03-15 13:30:00-04:00,3.384999990463257,3.430000066757202,3.309999942779541,3.430000066757202,33277,0.0,0.0
2023-03-15 14:30:00-04:00,3.430000066757202,3.430000066757202,3.3499999046325684,3.380000114440918,38984,0.0,0.0
2023-03-15 15:30:00-04:00,3.380000114440918,3.390000104904175,3.3450000286102295,3.390000104904175,29600,0.0,0.0
2023-03-16 09:30:00-04:00,3.3299999237060547,3.3450000286102295,3.190000057220459,3.244999885559082,29501,0.0,0.0
2023-03-16 10:30:00-04:00,3.25,3.3299999237060547,3.240000009536743,3.2699999809265137,25663,0.0,0.0
2023-03-16 11:30:00-04:00,3.259999990463257,3.2950000762939453,3.240000009536743,3.2699999809265137,50287,0.0,0.0
2023-03-16 12:30:00-04:00,3.259999990463257,3.3299999237060547,3.259999990463257,3.2899999618530273,28621,0.0,0.0
2023-03-16 13:30:00-04:00,3.2899999618530273,3.3399999141693115,3.2699999809265137,3.2799999713897705,29424,0.0,0.0
2023-03-16 14:30:00-04:00,3.2850000858306885,3.380000114440918,3.259999990463257,3.3299999237060547,26688,0.0,0.0
2023-03-16 15:30:00-04:00,3.3299999237060547,3.3299999237060547,3.259999990463257,3.2699999809265137,42816,0.0,0.0
2023-03-17 09:30:00-04:00,3.2799999713897705,3.2799999713897705,3.119999885559082,3.1700000762939453,73963,0.0,0.0
2023-03-17 10:30:00-04:00,3.1700000762939453,3.259999990463257,3.1600000858306885,3.2300000190734863,26763,0.0,0.0
2023-03-17 11:30:00-04:00,3.240000009536743,3.240000009536743,3.1600000858306885,3.1700000762939453,26595,0.0,0.0
2023-03-17 12:30:00-04:00,3.180000066757202,3.200000047683716,3.1600000858306885,3.190000057220459,21953,0.0,0.0
2023-03-17 13:30:00-04:00,3.200000047683716,3.200000047683716,3.1700000762939453,3.190000057220459,20181,0.0,0.0
2023-03-17 14:30:00-04:00,3.200000047683716,3.2100000381469727,3.130000114440918,3.190000057220459,43456,0.0,0.0
2023-03-17 15:30:00-04:00,3.190000057220459,3.2300000190734863,3.180000066757202,3.200000047683716,42341,0.0,0.0
2023-03-20 09:30:00-04:00,3.200000047683716,3.200000047683716,3.0799999237060547,3.109999895095825,39773,0.0,0.0
2023-03-20 10:30:00-04:00,3.140000104904175,3.1600000858306885,3.109999895095825,3.140000104904175,26257,0.0,0.0
2023-03-20 11:30:00-04:00,3.140000104904175,3.1500000953674316,3.0899999141693115,3.130000114440918,16411,0.0,0.0
2023-03-20 12:30:00-04:00,3.134999990463257,3.1549999713897705,3.130000114440918,3.1500000953674316,16151,0.0,0.0
2023-03-20 13:30:00-04:00,3.1449999809265137,3.1500000953674316,3.130000114440918,3.140000104904175,18644,0.0,0.0
2023-03-20 14:30:00-04:00,3.140000104904175,3.1500000953674316,3.0799999237060547,3.0899999141693115,36650,0.0,0.0
2023-03-20 15:30:00-04:00,3.0899999141693115,3.1449999809265137,3.0850000381469727,3.109999895095825,48296,0.0,0.0
2023-03-21 09:30:00-04:00,3.200000047683716,3.200000047683716,3.0350000858306885,3.046299934387207,30603,0.0,0.0
2023-03-21 10:30:00-04:00,3.0485999584198,3.077500104904175,3.0399999618530273,3.0450000762939453,9240,0.0,0.0
2023-03-21 11:30:00-04:00,3.0399999618530273,3.0399999618530273,2.9700000286102295,2.9800000190734863,37706,0.0,0.0
2023-03-21 12:30:00-04:00,2.9800000190734863,3.005000114440918,2.9600000381469727,2.9981000423431396,23461,0.0,0.0
2023-03-21 13:30:00-04:00,2.990000009536743,3.0,2.940000057220459,2.950000047683716,14684,0.0,0.0
2023-03-21 14:30:00-04:00,2.9600000381469727,3.009999990463257,2.940000057220459,2.9800000190734863,48278,0.0,0.0
2023-03-21 15:30:00-04:00,2.9800000190734863,3.0,2.9700000286102295,2.9700000286102295,44019,0.0,0.0
2023-03-22 09:30:00-04:00,2.9800000190734863,2.9800000190734863,2.9100000858306885,2.9549999237060547,21193,0.0,0.0
2023-03-22 10:30:00-04:00,2.950000047683716,2.950000047683716,2.890000104904175,2.950000047683716,22305,0.0,0.0
2023-03-22 11:30:00-04:00,2.950000047683716,2.9800000190734863,2.890000104904175,2.9200000762939453,20216,0.0,0.0
2023-03-22 12:30:00-04:00,2.9149999618530273,2.944999933242798,2.9049999713897705,2.930000066757202,12618,0.0,0.0
2023-03-22 13:30:00-04:00,2.930000066757202,3.005000114440918,2.930000066757202,2.9549999237060547,27940,0.0,0.0
2023-03-22 14:30:00-04:00,2.950000047683716,2.9600000381469727,2.880000114440918,2.9100000858306885,42833,0.0,0.0
2023-03-22 15:30:00-04:00,2.9100000858306885,2.9100000858306885,2.809999942779541,2.819999933242798,81768,0.0,0.0
2023-03-23 09:30:00-04:00,2.8399999141693115,2.9000000953674316,2.819999933242798,2.859999895095825,63777,0.0,0.0
2023-03-23 10:30:00-04:00,2.8499999046325684,2.9000000953674316,2.7799999713897705,2.7799999713897705,77703,0.0,0.0
2023-03-23 11:30:00-04:00,2.7899999618530273,2.809999942779541,2.7706000804901123,2.805000066757202,41471,0.0,0.0
2023-03-23 12:30:00-04:00,2.805000066757202,2.8499999046325684,2.799999952316284,2.8499999046325684,23390,0.0,0.0
2023-03-23 13:30:00-04:00,2.8299999237060547,2.8499999046325684,2.799999952316284,2.799999952316284,26907,0.0,0.0
2023-03-23 14:30:00-04:00,2.809999942779541,2.8499999046325684,2.7950000762939453,2.8299999237060547,40277,0.0,0.0
2023-03-23 15:30:00-04:00,2.8399999141693115,2.890000104904175,2.8299999237060547,2.859999895095825,61369,0.0,0.0
2023-03-24 09:30:00-04:00,2.859999895095825,2.890000104904175,2.759999990463257,2.7799999713897705,29904,0.0,0.0
2023-03-24 10:30:00-04:00,2.7799999713897705,3.0299999713897705,2.700000047683716,2.815000057220459,85252,0.0,0.0
2023-03-24 11:30:00-04:00,2.799999952316284,2.9200000762939453,2.7899999618530273,2.859999895095825,58089,0.0,0.0
2023-03-24 12:30:00-04:00,2.859999895095825,2.9600000381469727,2.859999895095825,2.930000066757202,33577,0.0,0.0
2023-03-24 13:30:00-04:00,2.930000066757202,3.009999990463257,2.930000066757202,2.984999895095825,33910,0.0,0.0
2023-03-24 14:30:00-04:00,2.990000009536743,3.0399999618530273,2.9700000286102295,3.0399999618530273,39104,0.0,0.0
2023-03-24 15:30:00-04:00,3.0399999618530273,3.059999942779541,3.0,3.059999942779541,111974,0.0,0.0
2023-03-27 09:30:00-04:00,3.069999933242798,3.140000104904175,2.9700000286102295,3.005000114440918,29166,0.0,0.0
2023-03-27 10:30:00-04:00,3.0,3.0399999618530273,2.9600000381469727,3.0250000953674316,38939,0.0,0.0
2023-03-27 11:30:00-04:00,3.0250000953674316,3.0350000858306885,2.9600000381469727,2.9749999046325684,19210,0.0,0.0
2023-03-27 12:30:00-04:00,2.9749999046325684,3.005000114440918,2.9700000286102295,2.990000009536743,17197,0.0,0.0
2023-03-27 13:30:00-04:00,2.990000009536743,3.0250000953674316,2.984999895095825,3.0250000953674316,20929,0.0,0.0
2023-03-27 14:30:00-04:00,3.0250000953674316,3.0399999618530273,2.990000009536743,3.0,15563,0.0,0.0
2023-03-27 15:30:00-04:00,3.0,3.0299999713897705,2.984999895095825,3.0250000953674316,56719,0.0,0.0
2023-03-28 09:30:00-04:00,3.0299999713897705,3.1549999713897705,3.0,3.1549999713897705,58336,0.0,0.0
2023-03-28 10:30:00-04:00,3.1549999713897705,3.1700000762939453,3.0999999046325684,3.1700000762939453,30770,0.0,0.0
2023-03-28 11:30:00-04:00,3.1700000762939453,3.1700000762939453,3.140000104904175,3.1600000858306885,13209,0.0,0.0
2023-03-28 12:30:00-04:00,3.1600000858306885,3.1600000858306885,3.115000009536743,3.119999885559082,21337,0.0,0.0
2023-03-28 13:30:00-04:00,3.119999885559082,3.130000114440918,3.0999999046325684,3.115000009536743,57761,0.0,0.0
2023-03-28 14:30:00-04:00,3.115000009536743,3.119999885559082,3.0950000286102295,3.1050000190734863,34188,0.0,0.0
2023-03-28 15:30:00-04:00,3.1050000190734863,3.140000104904175,3.0950000286102295,3.119999885559082,93367,0.0,0.0
2023-03-29 09:30:00-04:00,3.1600000858306885,3.319999933242798,3.134999990463257,3.25,38312,0.0,0.0
2023-03-29 10:30:00-04:00,3.240000009536743,3.309999942779541,3.2100000381469727,3.210099935531616,32345,0.0,0.0
2023-03-29 11:30:00-04:00,3.2149999141693115,3.2149999141693115,3.1700000762939453,3.174999952316284,14459,0.0,0.0
2023-03-29 12:30:00-04:00,3.180000066757202,3.190000057220459,3.1500000953674316,3.1649999618530273,16139,0.0,0.0
2023-03-29 13:30:00-04:00,3.1700000762939453,3.259999990463257,3.1649999618530273,3.2100000381469727,23746,0.0,0.0
2023-03-29 14:30:00-04:00,3.2100000381469727,3.244999885559082,3.2049999237060547,3.2100000381469727,21601,0.0,0.0
2023-03-29 15:30:00-04:00,3.2100000381469727,3.25,3.194999933242798,3.240000009536743,34516,0.0,0.0
2023-03-30 09:30:00-04:00,3.2300000190734863,3.299999952316284,3.180000066757202,3.2699999809265137,27092,0.0,0.0
2023-03-30 10:30:00-04:00,3.2699999809265137,3.2799999713897705,3.2200000286102295,3.2300000190734863,60341,0.0,0.0
2023-03-30 11:30:00-04:00,3.2249999046325684,3.3499999046325684,3.200000047683716,3.200000047683716,76929,0.0,0.0
2023-03-30 12:30:00-04:00,3.190000057220459,3.259999990463257,3.1684999465942383,3.25,38525,0.0,0.0
2023-03-30 13:30:00-04:00,3.25,3.259999990463257,3.180000066757202,3.2100000381469727,43661,0.0,0.0
2023-03-30 14:30:00-04:00,3.2200000286102295,3.3499999046325684,3.2149999141693115,3.2699999809265137,112330,0.0,0.0
2023-03-30 15:30:00-04:00,3.2699999809265137,3.3499999046325684,3.2699999809265137,3.2699999809265137,101882,0.0,0.0
2023-03-31 09:30:00-04:00,4.389999866485596,5.039999961853027,3.930000066757202,4.8831000328063965,2824555,0.0,0.0
2023-03-31 10:30:00-04:00,4.889999866485596,5.980000019073486,4.871200084686279,5.842800140380859,8043905,0.0,0.0
2023-03-31 11:30:00-04:00,5.850500106811523,5.880000114440918,5.28000020980835,5.329999923706055,2748441,0.0,0.0
2023-03-31 12:30:00-04:00,5.340000152587891,5.489999771118164,5.010000228881836,5.090000152587891,1891932,0.0,0.0
2023-03-31 13:30:00-04:00,5.090000152587891,5.300000190734863,4.900000095367432,5.002699851989746,1154460,0.0,0.0
2023-03-31 14:30:00-04:00,4.994900226593018,5.179900169372559,4.849999904632568,4.991000175476074,1151254,0.0,0.0
2023-03-31 15:30:00-04:00,5.000999927520752,5.099999904632568,4.940000057220459,5.010000228881836,739990,0.0,0.0
2023-04-03 09:30:00-04:00,4.929999828338623,5.379899978637695,4.927199840545654,5.230999946594238,970197,0.0,0.0
2023-04-03 10:30:00-04:00,5.239999771118164,5.399899959564209,5.179999828338623,5.355000019073486,331953,0.0,0.0
2023-04-03 11:30:00-04:00,5.355000019073486,5.699999809265137,5.349999904632568,5.680200099945068,660852,0.0,0.0
2023-04-03 12:30:00-04:00,5.679999828338623,5.840000152587891,5.570000171661377,5.730000019073486,330767,0.0,0.0
2023-04-03 13:30:00-04:00,5.730000019073486,5.749899864196777,5.53000020980835,5.59499979019165,323043,0.0,0.0
2023-04-03 14:30:00-04:00,5.599999904632568,5.769999980926514,5.539999961853027,5.679999828338623,245556,0.0,0.0
2023-04-03 15:30:00-04:00,5.689899921417236,5.78000020980835,5.659999847412109,5.710000038146973,261158,0.0,0.0
2023-04-04 09:30:00-04:00,5.699999809265137,6.239999771118164,5.460000038146973,5.539999961853027,390658,0.0,0.0
2023-04-04 10:30:00-04:00,5.53000020980835,5.650000095367432,5.429999828338623,5.650000095367432,148674,0.0,0.0
2023-04-04 11:30:00-04:00,5.659999847412109,5.800000190734863,5.570000171661377,5.670000076293945,196011,0.0,0.0
2023-04-04 12:30:00-04:00,5.670000076293945,5.670000076293945,5.489999771118164,5.506400108337402,61497,0.0,0.0
2023-04-04 13:30:00-04:00,5.510000228881836,5.690000057220459,5.440000057220459,5.643599987030029,132643,0.0,0.0
2023-04-04 14:30:00-04:00,5.639999866485596,5.695000171661377,5.570000171661377,5.690000057220459,74947,0.0,0.0
2023-04-04 15:30:00-04:00,5.690000057220459,5.788000106811523,5.679999828338623,5.739999771118164,139786,0.0,0.0
2023-04-05 09:30:00-04:00,5.690000057220459,5.989999771118164,5.590000152587891,5.664400100708008,174227,0.0,0.0
2023-04-05 10:30:00-04:00,5.659999847412109,5.75,5.559999942779541,5.599999904632568,113778,0.0,0.0
2023-04-05 11:30:00-04:00,5.59499979019165,5.679999828338623,5.562600135803223,5.579999923706055,36637,0.0,0.0
2023-04-05 12:30:00-04:00,5.579999923706055,5.704999923706055,5.574999809265137,5.704999923706055,41709,0.0,0.0
2023-04-05 13:30:00-04:00,5.704999923706055,5.704999923706055,5.565000057220459,5.639999866485596,51315,0.0,0.0
2023-04-05 14:30:00-04:00,5.644999980926514,5.869999885559082,5.599999904632568,5.829999923706055,242194,0.0,0.0
2023-04-05 15:30:00-04:00,5.840000152587891,5.980000019073486,5.824999809265137,5.928699970245361,158344,0.0,0.0
2023-04-06 09:30:00-04:00,5.909999847412109,5.940000057220459,5.630000114440918,5.659999847412109,77005,0.0,0.0
2023-04-06 10:30:00-04:00,5.670000076293945,5.71999979019165,5.579999923706055,5.670000076293945,42121,0.0,0.0
2023-04-06 11:30:00-04:00,5.670000076293945,5.920000076293945,5.650000095367432,5.909999847412109,276762,0.0,0.0
2023-04-06 12:30:00-04:00,5.9197998046875,5.96999979019165,5.840000152587891,5.860000133514404,82032,0.0,0.0
2023-04-06 13:30:00-04:00,5.849999904632568,5.849999904632568,5.650000095367432,5.690000057220459,40042,0.0,0.0
2023-04-06 14:30:00-04:00,5.690000057220459,5.710000038146973,5.610000133514404,5.619999885559082,43144,0.0,0.0
2023-04-06 15:30:00-04:00,5.635000228881836,5.75,5.619999885559082,5.71999979019165,94273,0.0,0.0
2023-04-10 09:30:00-04:00,5.75,5.860000133514404,5.610000133514404,5.770100116729736,97893,0.0,0.0
2023-04-10 10:30:00-04:00,5.78000020980835,5.860000133514404,5.769999980926514,5.809999942779541,66352,0.0,0.0
2023-04-10 11:30:00-04:00,5.820000171661377,6.0,5.820000171661377,5.929999828338623,68228,0.0,0.0
2023-04-10 12:30:00-04:00,5.940000057220459,6.03000020980835,5.929999828338623,5.954999923706055,97796,0.0,0.0
2023-04-10 13:30:00-04:00,5.954999923706055,6.130000114440918,5.949999809265137,6.065000057220459,98014,0.0,0.0
2023-04-10 14:30:00-04:00,6.059999942779541,6.159900188446045,6.056700229644775,6.079999923706055,81603,0.0,0.0
2023-04-10 15:30:00-04:00,6.059999942779541,6.130000114440918,6.039999961853027,6.059999942779541,101333,0.0,0.0
2023-04-11 09:30:00-04:00,6.039999961853027,6.059999942779541,5.809999942779541,6.010000228881836,68934,0.0,0.0
2023-04-11 10:30:00-04:00,5.980000019073486,5.985000133514404,5.880000114440918,5.960000038146973,49367,0.0,0.0
2023-04-11 11:30:00-04:00,5.954999923706055,6.099999904632568,5.954999923706055,6.099999904632568,27037,0.0,0.0
2023-04-11 12:30:00-04:00,6.090000152587891,6.130000114440918,6.070000171661377,6.130000114440918,21154,0.0,0.0
2023-04-11 13:30:00-04:00,6.130000114440918,6.175000190734863,6.099999904632568,6.119999885559082,29408,0.0,0.0
2023-04-11 14:30:00-04:00,6.130000114440918,6.144999980926514,6.079999923706055,6.144999980926514,36023,0.0,0.0
2023-04-11 15:30:00-04:00,6.150000095367432,6.179999828338623,6.099999904632568,6.130000114440918,57764,0.0,0.0
2023-04-12 09:30:00-04:00,6.25,6.313000202178955,6.045000076293945,6.210000038146973,59566,0.0,0.0
2023-04-12 10:30:00-04:00,6.230000019073486,6.28000020980835,6.179999828338623,6.25,29858,0.0,0.0
2023-04-12 11:30:00-04:00,6.260000228881836,6.40500020980835,6.241499900817871,6.375,39372,0.0,0.0
2023-04-12 12:30:00-04:00,6.367599964141846,6.420000076293945,6.329999923706055,6.369999885559082,21883,0.0,0.0
2023-04-12 13:30:00-04:00,6.380000114440918,6.380000114440918,6.309999942779541,6.309999942779541,23009,0.0,0.0
2023-04-12 14:30:00-04:00,6.300000190734863,6.349999904632568,6.192999839782715,6.25,35800,0.0,0.0
2023-04-12 15:30:00-04:00,6.25,6.340000152587891,6.170000076293945,6.239999771118164,113400,0.0,0.0
2023-04-13 09:30:00-04:00,6.159999847412109,6.545000076293945,6.050000190734863,6.545000076293945,71123,0.0,0.0
2023-04-13 10:30:00-04:00,6.554999828338623,7.03000020980835,6.539999961853027,6.885000228881836,466582,0.0,0.0
2023-04-13 11:30:00-04:00,6.885000228881836,7.170000076293945,6.885000228881836,7.03000020980835,135029,0.0,0.0
2023-04-13 12:30:00-04:00,7.03000020980835,7.050000190734863,6.909999847412109,6.960000038146973,56998,0.0,0.0
2023-04-13 13:30:00-04:00,6.960000038146973,7.074999809265137,6.840000152587891,6.840000152587891,95967,0.0,0.0
2023-04-13 14:30:00-04:00,6.840099811553955,6.940000057220459,6.78000020980835,6.869999885559082,54003,0.0,0.0
2023-04-13 15:30:00-04:00,6.869999885559082,6.920000076293945,6.800000190734863,6.829999923706055,82705,0.0,0.0
2023-04-14 09:30:00-04:00,6.730000019073486,6.849999904632568,6.559999942779541,6.670000076293945,64687,0.0,0.0
2023-04-14 10:30:00-04:00,6.670000076293945,6.71999979019165,6.57289981842041,6.585000038146973,28277,0.0,0.0
2023-04-14 11:30:00-04:00,6.570000171661377,6.570000171661377,6.510000228881836,6.519999980926514,33077,0.0,0.0
2023-04-14 12:30:00-04:00,6.514999866485596,6.53000020980835,6.275000095367432,6.320000171661377,95861,0.0,0.0
2023-04-14 13:30:00-04:00,6.314000129699707,6.380000114440918,6.244999885559082,6.380000114440918,39840,0.0,0.0
2023-04-14 14:30:00-04:00,6.380000114440918,6.440000057220459,6.375,6.425000190734863,34934,0.0,0.0
2023-04-14 15:30:00-04:00,6.429999828338623,6.559999942779541,6.429999828338623,6.53000020980835,64796,0.0,0.0
2023-04-17 09:30:00-04:00,6.579999923706055,6.960000038146973,6.364999771118164,6.829999923706055,110307,0.0,0.0
2023-04-17 10:30:00-04:00,6.849999904632568,7.019999980926514,6.809999942779541,6.929999828338623,76582,0.0,0.0
2023-04-17 11:30:00-04:00,6.929999828338623,6.929999828338623,6.71999979019165,6.75,43850,0.0,0.0
2023-04-17 12:30:00-04:00,6.744999885559082,6.75,6.619999885559082,6.619999885559082,42760,0.0,0.0
2023-04-17 13:30:00-04:00,6.639999866485596,6.710000038146973,6.619999885559082,6.690000057220459,41980,0.0,0.0
2023-04-17 14:30:00-04:00,6.679999828338623,6.710000038146973,6.550000190734863,6.635000228881836,77351,0.0,0.0
2023-04-17 15:30:00-04:00,6.630000114440918,6.71999979019165,6.579999923706055,6.630000114440918,121770,0.0,0.0
2023-04-18 09:30:00-04:00,6.889999866485596,6.889999866485596,6.329999923706055,6.333099842071533,46084,0.0,0.0
2023-04-18 10:30:00-04:00,6.329999923706055,6.389999866485596,6.269999980926514,6.340000152587891,32472,0.0,0.0
2023-04-18 11:30:00-04:00,6.329999923706055,6.340000152587891,6.239999771118164,6.309999942779541,17030,0.0,0.0
2023-04-18 12:30:00-04:00,6.309999942779541,6.320000171661377,6.239999771118164,6.309999942779541,21042,0.0,0.0
2023-04-18 13:30:00-04:00,6.309999942779541,6.480000019073486,6.28000020980835,6.480000019073486,37359,0.0,0.0
2023-04-18 14:30:00-04:00,6.465000152587891,6.46999979019165,6.329999923706055,6.375,26424,0.0,0.0
2023-04-18 15:30:00-04:00,6.380000114440918,6.429999828338623,6.369999885559082,6.389999866485596,57459,0.0,0.0
2023-04-19 09:30:00-04:00,6.320000171661377,6.349999904632568,6.159999847412109,6.25,37225,0.0,0.0
2023-04-19 10:30:00-04:00,6.25,6.329999923706055,6.110000133514404,6.110000133514404,55316,0.0,0.0
2023-04-19 11:30:00-04:00,6.130000114440918,6.170000076293945,6.1132001876831055,6.159999847412109,11311,0.0,0.0
2023-04-19 12:30:00-04:00,6.159999847412109,6.179999828338623,6.03000020980835,6.070000171661377,104084,0.0,0.0
2023-04-19 13:30:00-04:00,6.065000057220459,6.130000114440918,6.039999961853027,6.099999904632568,16609,0.0,0.0
2023-04-19 14:30:00-04:00,6.099999904632568,6.119999885559082,5.829999923706055,5.829999923706055,173106,0.0,0.0
2023-04-19 15:30:00-04:00,5.829999923706055,5.909999847412109,5.690199851989746,5.789999961853027,237592,0.0,0.0
2023-04-20 09:30:00-04:00,5.730000019073486,5.815000057220459,5.630000114440918,5.730000019073486,89758,0.0,0.0
2023-04-20 10:30:00-04:00,5.71999979019165,5.78000020980835,5.630000114440918,5.630000114440918,85906,0.0,0.0
2023-04-20 11:30:00-04:00,5.639999866485596,5.849999904632568,5.639999866485596,5.78000020980835,81465,0.0,0.0
2023-04-20 12:30:00-04:00,5.789999961853027,5.849999904632568,5.75,5.849999904632568,48522,0.0,0.0
2023-04-20 13:30:00-04:00,5.869999885559082,5.869999885559082,5.810100078582764,5.810100078582764,15719,0.0,0.0
2023-04-20 14:30:00-04:00,5.809999942779541,5.820000171661377,5.75,5.769999980926514,23089,0.0,0.0
2023-04-20 15:30:00-04:00,5.78000020980835,5.829999923706055,5.760000228881836,5.809999942779541,43946,0.0,0.0
2023-04-21 09:30:00-04:00,5.769999980926514,5.900000095367432,5.699999809265137,5.840000152587891,128217,0.0,0.0
2023-04-21 10:30:00-04:00,5.840000152587891,5.840000152587891,5.724999904632568,5.829999923706055,26177,0.0,0.0
2023-04-21 11:30:00-04:00,5.829999923706055,5.900000095367432,5.829999923706055,5.900000095367432,18824,0.0,0.0
2023-04-21 12:30:00-04:00,5.889999866485596,5.965000152587891,5.885000228881836,5.900000095367432,18285,0.0,0.0
2023-04-21 13:30:00-04:00,5.900000095367432,5.920000076293945,5.860000133514404,5.909999847412109,35125,0.0,0.0
2023-04-21 14:30:00-04:00,5.920000076293945,5.920000076293945,5.804999828338623,5.849999904632568,44577,0.0,0.0
2023-04-21 15:30:00-04:00,5.855000019073486,5.889999866485596,5.840000152587891,5.880000114440918,46028,0.0,0.0
2023-04-24 09:30:00-04:00,5.889999866485596,5.909999847412109,5.789999961853027,5.800000190734863,0,0.0,0.0
2023-04-24 10:30:00-04:00,5.800000190734863,5.929999828338623,5.800000190734863,5.920000076293945,74438,0.0,0.0
2023-04-24 11:30:00-04:00,5.929999828338623,5.980000019073486,5.78000020980835,5.929999828338623,49878,0.0,0.0
2023-04-24 12:30:00-04:00,5.920000076293945,5.96999979019165,5.889999866485596,5.925000190734863,19389,0.0,0.0
2023-04-24 13:30:00-04:00,5.909999847412109,5.960000038146973,5.909999847412109,5.940000057220459,33579,0.0,0.0
2023-04-24 14:30:00-04:00,5.940000057220459,5.960000038146973,5.900000095367432,5.925000190734863,27461,0.0,0.0
2023-04-24 15:30:00-04:00,5.925000190734863,5.940000057220459,5.889999866485596,5.920000076293945,50532,0.0,0.0
2023-04-25 09:30:00-04:00,5.889999866485596,6.099999904632568,5.789999961853027,6.050000190734863,0,0.0,0.0
2023-04-25 10:30:00-04:00,6.039999961853027,6.190000057220459,5.974999904632568,6.184999942779541,35585,0.0,0.0
2023-04-25 11:30:00-04:00,6.239999771118164,6.25,6.050000190734863,6.070000171661377,39574,0.0,0.0
2023-04-25 12:30:00-04:00,6.070000171661377,6.119999885559082,5.96150016784668,5.965000152587891,24486,0.0,0.0
2023-04-25 13:30:00-04:00,5.960000038146973,5.994999885559082,5.929999828338623,5.929999828338623,21802,0.0,0.0
2023-04-25 14:30:00-04:00,5.929999828338623,5.960000038146973,5.739999771118164,5.809999942779541,48901,0.0,0.0
2023-04-25 15:30:00-04:00,5.809999942779541,5.815000057220459,5.769999980926514,5.78000020980835,49856,0.0,0.0
2023-04-26 09:30:00-04:00,5.760000228881836,5.760000228881836,5.610000133514404,5.635000228881836,24855,0.0,0.0
2023-04-26 10:30:00-04:00,5.639999866485596,5.710000038146973,5.610000133514404,5.690000057220459,23075,0.0,0.0
2023-04-26 11:30:00-04:00,5.699999809265137,5.710000038146973,5.659999847412109,5.684999942779541,19184,0.0,0.0
2023-04-26 12:30:00-04:00,5.690000057220459,5.695000171661377,5.650000095367432,5.659999847412109,14120,0.0,0.0
2023-04-26 13:30:00-04:00,5.670000076293945,5.699999809265137,5.65500020980835,5.690000057220459,12513,0.0,0.0
2023-04-26 14:30:00-04:00,5.679999828338623,5.730000019073486,5.670000076293945,5.699999809265137,26112,0.0,0.0
2023-04-26 15:30:00-04:00,5.695499897003174,5.710000038146973,5.650000095367432,5.679999828338623,37805,0.0,0.0
2023-04-27 09:30:00-04:00,5.690000057220459,5.690000057220459,5.539999961853027,5.570000171661377,31701,0.0,0.0
2023-04-27 10:30:00-04:00,5.565000057220459,5.670000076293945,5.489999771118164,5.670000076293945,28196,0.0,0.0
2023-04-27 11:30:00-04:00,5.679999828338623,5.699999809265137,5.639999866485596,5.690000057220459,12463,0.0,0.0
2023-04-27 12:30:00-04:00,5.670000076293945,5.679999828338623,5.599999904632568,5.659999847412109,10462,0.0,0.0
2023-04-27 13:30:00-04:00,5.659999847412109,5.690000057220459,5.659999847412109,5.659999847412109,10524,0.0,0.0
2023-04-27 14:30:00-04:00,5.670000076293945,5.710000038146973,5.659999847412109,5.679999828338623,14147,0.0,0.0
2023-04-27 15:30:00-04:00,5.670000076293945,5.710000038146973,5.639999866485596,5.670000076293945,35028,0.0,0.0
2023-04-28 09:30:00-04:00,5.679999828338623,5.800000190734863,5.559999942779541,5.800000190734863,28874,0.0,0.0
2023-04-28 10:30:00-04:00,5.78000020980835,5.960000038146973,5.78000020980835,5.960000038146973,26336,0.0,0.0
2023-04-28 11:30:00-04:00,5.960000038146973,6.070000171661377,5.941299915313721,6.034999847412109,34911,0.0,0.0
2023-04-28 12:30:00-04:00,6.039999961853027,6.050000190734863,5.96999979019165,5.980000019073486,23193,0.0,0.0
2023-04-28 13:30:00-04:00,5.980000019073486,5.989999771118164,5.929999828338623,5.968999862670898,17382,0.0,0.0
2023-04-28 14:30:00-04:00,5.96999979019165,6.025000095367432,5.949999809265137,5.949999809265137,32934,0.0,0.0
2023-04-28 15:30:00-04:00,5.949999809265137,6.010000228881836,5.929999828338623,5.980000019073486,81793,0.0,0.0
2023-05-01 09:30:00-04:00,5.989999771118164,6.179999828338623,5.880000114440918,6.150000095367432,18958,0.0,0.0
2023-05-01 10:30:00-04:00,6.170000076293945,6.239999771118164,6.099999904632568,6.1107001304626465,11413,0.0,0.0
2023-05-01 11:30:00-04:00,6.086299896240234,6.204999923706055,6.059999942779541,6.190000057220459,10576,0.0,0.0
2023-05-01 12:30:00-04:00,6.199999809265137,6.199999809265137,6.170000076293945,6.17080020904541,9102,0.0,0.0
2023-05-01 13:30:00-04:00,6.179999828338623,6.199999809265137,6.150000095367432,6.179999828338623,8790,0.0,0.0
2023-05-01 14:30:00-04:00,6.179999828338623,6.179999828338623,6.139999866485596,6.150000095367432,13541,0.0,0.0
2023-05-01 15:30:00-04:00,6.139999866485596,6.179999828338623,6.110000133514404,6.179999828338623,18448,0.0,0.0
2023-05-02 09:30:00-04:00,6.170000076293945,6.199999809265137,5.989999771118164,6.0,20040,0.0,0.0
2023-05-02 10:30:00-04:00,5.96999979019165,5.96999979019165,5.849999904632568,5.860000133514404,34892,0.0,0.0
2023-05-02 11:30:00-04:00,5.829999923706055,5.869999885559082,5.789999961853027,5.809999942779541,53556,0.0,0.0
2023-05-02 12:30:00-04:00,5.820000171661377,5.820000171661377,5.739999771118164,5.75,15576,0.0,0.0
2023-05-02 13:30:00-04:00,5.760000228881836,5.909999847412109,5.75,5.897799968719482,17795,0.0,0.0
2023-05-02 14:30:00-04:00,5.880000114440918,5.90500020980835,5.849999904632568,5.860000133514404,18243,0.0,0.0
2023-05-02 15:30:00-04:00,5.869999885559082,5.929999828338623,5.860000133514404,5.880000114440918,49155,0.0,0.0
2023-05-03 09:30:00-04:00,5.929999828338623,6.090000152587891,5.900000095367432,6.019999980926514,38439,0.0,0.0
2023-05-03 10:30:00-04:00,6.050000190734863,6.25,6.03000020980835,6.210000038146973,74884,0.0,0.0
2023-05-03 11:30:00-04:00,6.230000019073486,6.249899864196777,6.150000095367432,6.21999979019165,63180,0.0,0.0
2023-05-03 12:30:00-04:00,6.210000038146973,6.210000038146973,6.184999942779541,6.199999809265137,24947,0.0,0.0
2023-05-03 13:30:00-04:00,6.199999809265137,6.239999771118164,6.170100212097168,6.210000038146973,43629,0.0,0.0
2023-05-03 14:30:00-04:00,6.21999979019165,6.344900131225586,6.159999847412109,6.159999847412109,68135,0.0,0.0
2023-05-03 15:30:00-04:00,6.159999847412109,6.170000076293945,6.070000171661377,6.139999866485596,54217,0.0,0.0
2023-05-04 09:30:00-04:00,6.079999923706055,6.219799995422363,5.684999942779541,6.190000057220459,126787,0.0,0.0
2023-05-04 10:30:00-04:00,6.190000057220459,6.190000057220459,6.100500106811523,6.150000095367432,44736,0.0,0.0
2023-05-04 11:30:00-04:00,6.150000095367432,6.179999828338623,6.130000114440918,6.139999866485596,33219,0.0,0.0
2023-05-04 12:30:00-04:00,6.150000095367432,6.319200038909912,6.130000114440918,6.210000038146973,60968,0.0,0.0
2023-05-04 13:30:00-04:00,6.210000038146973,6.239999771118164,6.179999828338623,6.215000152587891,21476,0.0,0.0
2023-05-04 14:30:00-04:00,6.210000038146973,6.210000038146973,6.170000076293945,6.199999809265137,15090,0.0,0.0
2023-05-04 15:30:00-04:00,6.199999809265137,6.199999809265137,6.159999847412109,6.159999847412109,34883,0.0,0.0
2023-05-05 09:30:00-04:00,6.239999771118164,6.429900169372559,6.21999979019165,6.389999866485596,103166,0.0,0.0
2023-05-05 10:30:00-04:00,6.369999885559082,6.5,6.300000190734863,6.360000133514404,34375,0.0,0.0
2023-05-05 11:30:00-04:00,6.392899990081787,6.730000019073486,6.369999885559082,6.690000057220459,52709,0.0,0.0
2023-05-05 12:30:00-04:00,6.679999828338623,6.800000190734863,6.659999847412109,6.800000190734863,27651,0.0,0.0
2023-05-05 13:30:00-04:00,6.780300140380859,6.920000076293945,6.780300140380859,6.90500020980835,34895,0.0,0.0
2023-05-05 14:30:00-04:00,6.914999961853027,7.014999866485596,6.861499786376953,6.979899883270264,56489,0.0,0.0
2023-05-05 15:30:00-04:00,6.980000019073486,7.010000228881836,6.900000095367432,6.920000076293945,48719,0.0,0.0
2023-05-08 09:30:00-04:00,6.869999885559082,6.869999885559082,6.53000020980835,6.614999771118164,53663,0.0,0.0
2023-05-08 10:30:00-04:00,6.630000114440918,6.849999904632568,6.619999885559082,6.78000020980835,24149,0.0,0.0
2023-05-08 11:30:00-04:00,6.769999980926514,6.789999961853027,6.715000152587891,6.789999961853027,20365,0.0,0.0
2023-05-08 12:30:00-04:00,6.78000020980835,6.860000133514404,6.75,6.809999942779541,14657,0.0,0.0
2023-05-08 13:30:00-04:00,6.820000171661377,6.880000114440918,6.75,6.769999980926514,17986,0.0,0.0
2023-05-08 14:30:00-04:00,6.78000020980835,6.789999961853027,6.690000057220459,6.690000057220459,16546,0.0,0.0
2023-05-08 15:30:00-04:00,6.704999923706055,6.769999980926514,6.704999923706055,6.760000228881836,28428,0.0,0.0
2023-05-09 09:30:00-04:00,7.25,9.072500228881836,7.199999809265137,8.52750015258789,412385,0.0,0.0
2023-05-09 10:30:00-04:00,8.53499984741211,9.5,8.53499984741211,8.899999618530273,355041,0.0,0.0
2023-05-09 11:30:00-04:00,8.90839958190918,9.170000076293945,8.520000457763672,8.789999961853027,184595,0.0,0.0
2023-05-09 12:30:00-04:00,8.793499946594238,8.854999542236328,8.510000228881836,8.5600004196167,53257,0.0,0.0
2023-05-09 13:30:00-04:00,8.5600004196167,9.1899995803833,8.510000228881836,9.1899995803833,96128,0.0,0.0
2023-05-09 14:30:00-04:00,9.15999984741211,9.70989990234375,8.989999771118164,9.15999984741211,356059,0.0,0.0
2023-05-09 15:30:00-04:00,9.149999618530273,9.289999961853027,9.071499824523926,9.25,224932,0.0,0.0
2023-05-10 09:30:00-04:00,9.979999542236328,10.65999984741211,8.934399604797363,9.229999542236328,339674,0.0,0.0
2023-05-10 10:30:00-04:00,9.229999542236328,9.630000114440918,9.149999618530273,9.630000114440918,73264,0.0,0.0
2023-05-10 11:30:00-04:00,9.631799697875977,10.139900207519531,9.550000190734863,10.079999923706055,81288,0.0,0.0
2023-05-10 12:30:00-04:00,10.069999694824219,10.125,9.90999984741211,10.0,68261,0.0,0.0
2023-05-10 13:30:00-04:00,9.979999542236328,10.210000038146973,9.90999984741211,10.15999984741211,69848,0.0,0.0
2023-05-10 14:30:00-04:00,10.149999618530273,10.300000190734863,10.12030029296875,10.15999984741211,96782,0.0,0.0
2023-05-10 15:30:00-04:00,10.149999618530273,10.170000076293945,9.8100004196167,9.890000343322754,153996,0.0,0.0
2023-05-11 09:30:00-04:00,9.789999961853027,10.0,9.460000038146973,9.800000190734863,92462,0.0,0.0
2023-05-11 10:30:00-04:00,9.795000076293945,9.795000076293945,9.470000267028809,9.484999656677246,59736,0.0,0.0
2023-05-11 11:30:00-04:00,9.479999542236328,9.555000305175781,9.25,9.300000190734863,54418,0.0,0.0
2023-05-11 12:30:00-04:00,9.324999809265137,9.420000076293945,9.229999542236328,9.25,40301,0.0,0.0
2023-05-11 13:30:00-04:00,9.239999771118164,9.239999771118164,9.029999732971191,9.164999961853027,42123,0.0,0.0
2023-05-11 14:30:00-04:00,9.180000305175781,9.270000457763672,9.09000015258789,9.109999656677246,50789,0.0,0.0
2023-05-11 15:30:00-04:00,9.109999656677246,9.239999771118164,9.029999732971191,9.1899995803833,72960,0.0,0.0
2023-05-12 09:30:00-04:00,9.260000228881836,9.295000076293945,8.750100135803223,9.141300201416016,39020,0.0,0.0
2023-05-12 10:30:00-04:00,9.130000114440918,9.130000114440918,8.880000114440918,8.899999618530273,28201,0.0,0.0
2023-05-12 11:30:00-04:00,8.914999961853027,9.09000015258789,8.890000343322754,9.0600004196167,17685,0.0,0.0
2023-05-12 12:30:00-04:00,9.050000190734863,9.15999984741211,8.979999542236328,9.095000267028809,45516,0.0,0.0
2023-05-12 13:30:00-04:00,9.109999656677246,9.119999885559082,9.020000457763672,9.119999885559082,22315,0.0,0.0
2023-05-12 14:30:00-04:00,9.114999771118164,9.135000228881836,9.079999923706055,9.079999923706055,15289,0.0,0.0
2023-05-12 15:30:00-04:00,9.09000015258789,9.09000015258789,8.949999809265137,8.989999771118164,59643,0.0,0.0
2023-05-15 09:30:00-04:00,9.640000343322754,10.720800399780273,9.34000015258789,10.684000015258789,292676,0.0,0.0
2023-05-15 10:30:00-04:00,10.670000076293945,10.899299621582031,10.300000190734863,10.529999732971191,131573,0.0,0.0
2023-05-15 11:30:00-04:00,10.494999885559082,10.664999961853027,10.399999618530273,10.600000381469727,91374,0.0,0.0
2023-05-15 12:30:00-04:00,10.640000343322754,10.949999809265137,10.539999961853027,10.795000076293945,91644,0.0,0.0
2023-05-15 13:30:00-04:00,10.819999694824219,10.819999694824219,10.319999694824219,10.34000015258789,122621,0.0,0.0
2023-05-15 14:30:00-04:00,10.359999656677246,10.460000038146973,10.289999961853027,10.359999656677246,47175,0.0,0.0
2023-05-15 15:30:00-04:00,10.359999656677246,10.489999771118164,10.25,10.270000457763672,103391,0.0,0.0
2023-05-16 09:30:00-04:00,10.300000190734863,10.300000190734863,9.609999656677246,10.045000076293945,73550,0.0,0.0
2023-05-16 10:30:00-04:00,10.036700248718262,10.1899995803833,9.970000267028809,10.188599586486816,42642,0.0,0.0
2023-05-16 11:30:00-04:00,10.1899995803833,10.1899995803833,9.930000305175781,9.960000038146973,40768,0.0,0.0
2023-05-16 12:30:00-04:00,9.9350004196167,9.970000267028809,9.800100326538086,9.949999809265137,36205,0.0,0.0
2023-05-16 13:30:00-04:00,9.970000267028809,10.010000228881836,9.829999923706055,9.960000038146973,38507,0.0,0.0
2023-05-16 14:30:00-04:00,9.970000267028809,10.029999732971191,9.925000190734863,9.925000190734863,37293,0.0,0.0
2023-05-16 15:30:00-04:00,9.9399995803833,10.050000190734863,9.914999961853027,10.020000457763672,58695,0.0,0.0
2023-05-17 09:30:00-04:00,9.890000343322754,10.100000381469727,9.5,9.734999656677246,29192,0.0,0.0
2023-05-17 10:30:00-04:00,9.75,9.819999694824219,9.529999732971191,9.600000381469727,29148,0.0,0.0
2023-05-17 11:30:00-04:00,9.609999656677246,9.710000038146973,9.529999732971191,9.649999618530273,19951,0.0,0.0
2023-05-17 12:30:00-04:00,9.649999618530273,9.729999542236328,9.609999656677246,9.680000305175781,20405,0.0,0.0
2023-05-17 13:30:00-04:00,9.680000305175781,9.739999771118164,9.65999984741211,9.710000038146973,19009,0.0,0.0
2023-05-17 14:30:00-04:00,9.699999809265137,9.729999542236328,9.550000190734863,9.5600004196167,32350,0.0,0.0
2023-05-17 15:30:00-04:00,9.579999923706055,9.59000015258789,9.489999771118164,9.550000190734863,70473,0.0,0.0
2023-05-18 09:30:00-04:00,10.020000457763672,10.40999984741211,9.979999542236328,10.319999694824219,169285,0.0,0.0
2023-05-18 10:30:00-04:00,10.279999732971191,10.5600004196167,10.279999732971191,10.525300025939941,44834,0.0,0.0
2023-05-18 11:30:00-04:00,10.5,10.609999656677246,10.489999771118164,10.489999771118164,31011,0.0,0.0
2023-05-18 12:30:00-04:00,10.5,10.61989974975586,10.220000267028809,10.220000267028809,38835,0.0,0.0
2023-05-18 13:30:00-04:00,10.170000076293945,10.279999732971191,10.149999618530273,10.164999961853027,22441,0.0,0.0
2023-05-18 14:30:00-04:00,10.164999961853027,10.220000267028809,10.125,10.149999618530273,25073,0.0,0.0
2023-05-18 15:30:00-04:00,10.140000343322754,10.34000015258789,10.140000343322754,10.34000015258789,48378,0.0,0.0
2023-05-19 09:30:00-04:00,10.460000038146973,10.59000015258789,10.199999809265137,10.260000228881836,35662,0.0,0.0
2023-05-19 10:30:00-04:00,10.289999961853027,10.399999618530273,10.199999809265137,10.199999809265137,33741,0.0,0.0
2023-05-19 11:30:00-04:00,10.175000190734863,10.175000190734863,9.873800277709961,9.873800277709961,30096,0.0,0.0
2023-05-19 12:30:00-04:00,9.869999885559082,9.890000343322754,9.800000190734863,9.869999885559082,24152,0.0,0.0
2023-05-19 13:30:00-04:00,9.850000381469727,9.960000038146973,9.84000015258789,9.9350004196167,37066,0.0,0.0
2023-05-19 14:30:00-04:00,9.949999809265137,10.010000228881836,9.835000038146973,9.880000114440918,26903,0.0,0.0
2023-05-19 15:30:00-04:00,9.850000381469727,9.899999618530273,9.680000305175781,9.720000267028809,45201,0.0,0.0
2023-05-22 09:30:00-04:00,9.770000457763672,10.068400382995605,9.729999542236328,9.729999542236328,30910,0.0,0.0
2023-05-22 10:30:00-04:00,9.710000038146973,9.739999771118164,9.569999694824219,9.625,26491,0.0,0.0
2023-05-22 11:30:00-04:00,9.625,9.729999542236328,9.579999923706055,9.6899995803833,17988,0.0,0.0
2023-05-22 12:30:00-04:00,9.679900169372559,9.84000015258789,9.65999984741211,9.8100004196167,18156,0.0,0.0
2023-05-22 13:30:00-04:00,9.819999694824219,9.899999618530273,9.779999732971191,9.899999618530273,30738,0.0,0.0
2023-05-22 14:30:00-04:00,9.9399995803833,9.989999771118164,9.729999542236328,9.75,74020,0.0,0.0
2023-05-22 15:30:00-04:00,9.75,9.800000190734863,9.539999961853027,9.59000015258789,306854,0.0,0.0
2023-05-23 09:30:00-04:00,9.699999809265137,9.960000038146973,9.430000305175781,9.949999809265137,53204,0.0,0.0
2023-05-23 10:30:00-04:00,9.96500015258789,10.289999961853027,9.920000076293945,10.180000305175781,81112,0.0,0.0
2023-05-23 11:30:00-04:00,10.199999809265137,10.260000228881836,10.109999656677246,10.15999984741211,30258,0.0,0.0
2023-05-23 12:30:00-04:00,10.175000190734863,10.279999732971191,10.149999618530273,10.180000305175781,26591,0.0,0.0
2023-05-23 13:30:00-04:00,10.180000305175781,10.210000038146973,9.869999885559082,9.880000114440918,48615,0.0,0.0
2023-05-23 14:30:00-04:00,9.869999885559082,9.920000076293945,9.829999923706055,9.835000038146973,22285,0.0,0.0
2023-05-23 15:30:00-04:00,9.84000015258789,9.890000343322754,9.800000190734863,9.869999885559082,44119,0.0,0.0
2023-05-24 09:30:00-04:00,9.760000228881836,9.949899673461914,9.359999656677246,9.800000190734863,45514,0.0,0.0
2023-05-24 10:30:00-04:00,9.774999618530273,9.869999885559082,9.670000076293945,9.854999542236328,29322,0.0,0.0
2023-05-24 11:30:00-04:00,9.84000015258789,9.875,9.670000076293945,9.720000267028809,14758,0.0,0.0
2023-05-24 12:30:00-04:00,9.729999542236328,9.739999771118164,9.630000114440918,9.65999984741211,15763,0.0,0.0
2023-05-24 13:30:00-04:00,9.65999984741211,9.795000076293945,9.619999885559082,9.619999885559082,15706,0.0,0.0
2023-05-24 14:30:00-04:00,9.600000381469727,9.649999618530273,9.5,9.569999694824219,20648,0.0,0.0
2023-05-24 15:30:00-04:00,9.569999694824219,9.680000305175781,9.5,9.630000114440918,77847,0.0,0.0
2023-05-25 09:30:00-04:00,9.65999984741211,9.710000038146973,9.229999542236328,9.404999732971191,53594,0.0,0.0
2023-05-25 10:30:00-04:00,9.420000076293945,9.489999771118164,9.220000267028809,9.229999542236328,25386,0.0,0.0
2023-05-25 11:30:00-04:00,9.220000267028809,9.279999732971191,9.170000076293945,9.1899995803833,21537,0.0,0.0
2023-05-25 12:30:00-04:00,9.175000190734863,9.1899995803833,9.069999694824219,9.140000343322754,12612,0.0,0.0
2023-05-25 13:30:00-04:00,9.180000305175781,9.279999732971191,9.15999984741211,9.220000267028809,14763,0.0,0.0
2023-05-25 14:30:00-04:00,9.225000381469727,9.385000228881836,9.079999923706055,9.09000015258789,69992,0.0,0.0
2023-05-25 15:30:00-04:00,9.079999923706055,9.119999885559082,8.979999542236328,9.0,81072,0.0,0.0
2023-05-26 09:30:00-04:00,9.0,9.229999542236328,9.0,9.039999961853027,13742,0.0,0.0
2023-05-26 10:30:00-04:00,9.029999732971191,9.029999732971191,8.789999961853027,8.829999923706055,30962,0.0,0.0
2023-05-26 11:30:00-04:00,8.819999694824219,8.829999923706055,8.710000038146973,8.75,26791,0.0,0.0
2023-05-26 12:30:00-04:00,8.75,8.84280014038086,8.649999618530273,8.694999694824219,31996,0.0,0.0
2023-05-26 13:30:00-04:00,8.6899995803833,8.90999984741211,8.6899995803833,8.890000343322754,36743,0.0,0.0
2023-05-26 14:30:00-04:00,8.880000114440918,8.90999984741211,8.760000228881836,8.800000190734863,16158,0.0,0.0
2023-05-26 15:30:00-04:00,8.760000228881836,8.774999618530273,8.640000343322754,8.699999809265137,70884,0.0,0.0
2023-05-30 09:30:00-04:00,8.920000076293945,9.055000305175781,8.569999694824219,8.579999923706055,38901,0.0,0.0
2023-05-30 10:30:00-04:00,8.59000015258789,8.619999885559082,8.270000457763672,8.284199714660645,27677,0.0,0.0
2023-05-30 11:30:00-04:00,8.300000190734863,8.300000190734863,8.100000381469727,8.1899995803833,37710,0.0,0.0
2023-05-30 12:30:00-04:00,8.180000305175781,8.180000305175781,7.929999828338623,8.069999694824219,43147,0.0,0.0
2023-05-30 13:30:00-04:00,8.039999961853027,8.079999923706055,7.800000190734863,7.909999847412109,70673,0.0,0.0
2023-05-30 14:30:00-04:00,7.900000095367432,8.050000190734863,7.820000171661377,8.029999732971191,43678,0.0,0.0
2023-05-30 15:30:00-04:00,8.039999961853027,8.319999694824219,8.0,8.289999961853027,80692,0.0,0.0
2023-05-31 09:30:00-04:00,8.359999656677246,8.8149995803833,8.334099769592285,8.334099769592285,89537,0.0,0.0
2023-05-31 10:30:00-04:00,8.350000381469727,8.390000343322754,8.109999656677246,8.130000114440918,44030,0.0,0.0
2023-05-31 11:30:00-04:00,8.119999885559082,8.199999809265137,8.09000015258789,8.119999885559082,24633,0.0,0.0
2023-05-31 12:30:00-04:00,8.119999885559082,8.154999732971191,8.0600004196167,8.154999732971191,21457,0.0,0.0
2023-05-31 13:30:00-04:00,8.180000305175781,8.25,8.149999618530273,8.25,24749,0.0,0.0
2023-05-31 14:30:00-04:00,8.239999771118164,8.3100004196167,8.109999656677246,8.130000114440918,36894,0.0,0.0
2023-05-31 15:30:00-04:00,8.130000114440918,8.15999984741211,8.079999923706055,8.109999656677246,61685,0.0,0.0
2023-06-01 09:30:00-04:00,8.079999923706055,8.109999656677246,7.670000076293945,7.929999828338623,42885,0.0,0.0
2023-06-01 10:30:00-04:00,7.929999828338623,8.069999694824219,7.929999828338623,8.0,22742,0.0,0.0
2023-06-01 11:30:00-04:00,7.989999771118164,8.0,7.920000076293945,7.945000171661377,23591,0.0,0.0
2023-06-01 12:30:00-04:00,7.960000038146973,7.960000038146973,7.820000171661377,7.820000171661377,24172,0.0,0.0
2023-06-01 13:30:00-04:00,7.840000152587891,7.880000114440918,7.769999980926514,7.800000190734863,19218,0.0,0.0
2023-06-01 14:30:00-04:00,7.809999942779541,7.849999904632568,7.679999828338623,7.690000057220459,40808,0.0,0.0
2023-06-01 15:30:00-04:00,7.695000171661377,7.809999942779541,7.690000057220459,7.760000228881836,60668,0.0,0.0
2023-06-02 09:30:00-04:00,7.920000076293945,8.109999656677246,7.559999942779541,7.699999809265137,53955,0.0,0.0
2023-06-02 10:30:00-04:00,7.670000076293945,7.764999866485596,7.579999923706055,7.75,25496,0.0,0.0
2023-06-02 11:30:00-04:00,7.75,7.829999923706055,7.699999809265137,7.804999828338623,18957,0.0,0.0
2023-06-02 12:30:00-04:00,7.804999828338623,7.849999904632568,7.769999980926514,7.840000152587891,15083,0.0,0.0
2023-06-02 13:30:00-04:00,7.860000133514404,7.940000057220459,7.820000171661377,7.929999828338623,23359,0.0,0.0
2023-06-02 14:30:00-04:00,7.909999847412109,7.989999771118164,7.864999771118164,7.96999979019165,29355,0.0,0.0
2023-06-02 15:30:00-04:00,7.985000133514404,8.180000305175781,7.96999979019165,8.170000076293945,62811,0.0,0.0
2023-06-05 09:30:00-04:00,8.020000457763672,8.369999885559082,7.920000076293945,8.210000038146973,47522,0.0,0.0
2023-06-05 10:30:00-04:00,8.170000076293945,8.28499984741211,8.135000228881836,8.229999542236328,9751,0.0,0.0
2023-06-05 11:30:00-04:00,8.225000381469727,8.387999534606934,8.199999809265137,8.34000015258789,18688,0.0,0.0
2023-06-05 12:30:00-04:00,8.329999923706055,8.420000076293945,8.274999618530273,8.359999656677246,15704,0.0,0.0
2023-06-05 13:30:00-04:00,8.350000381469727,8.384499549865723,8.279999732971191,8.279999732971191,14374,0.0,0.0
2023-06-05 14:30:00-04:00,8.300000190734863,8.319999694824219,8.119999885559082,8.279999732971191,27111,0.0,0.0
2023-06-05 15:30:00-04:00,8.300000190734863,8.319999694824219,8.170000076293945,8.239999771118164,31532,0.0,0.0
2023-06-06 09:30:00-04:00,8.260000228881836,8.484999656677246,8.050000190734863,8.399999618530273,22899,0.0,0.0
2023-06-06 10:30:00-04:00,8.399999618530273,8.4399995803833,8.09000015258789,8.260000228881836,73787,0.0,0.0
2023-06-06 11:30:00-04:00,8.220000267028809,8.399999618530273,8.220000267028809,8.319999694824219,16399,0.0,0.0
2023-06-06 12:30:00-04:00,8.319999694824219,8.319999694824219,8.194999694824219,8.210000038146973,13642,0.0,0.0
2023-06-06 13:30:00-04:00,8.234999656677246,8.239999771118164,8.130000114440918,8.170000076293945,17415,0.0,0.0
2023-06-06 14:30:00-04:00,8.180000305175781,8.460000038146973,8.15999984741211,8.449999809265137,28954,0.0,0.0
2023-06-06 15:30:00-04:00,8.460000038146973,8.460000038146973,8.319999694824219,8.444999694824219,58563,0.0,0.0
2023-06-07 09:30:00-04:00,8.430000305175781,8.59000015258789,8.399999618530273,8.399999618530273,25692,0.0,0.0
2023-06-07 10:30:00-04:00,8.390000343322754,8.390000343322754,8.210000038146973,8.3100004196167,17416,0.0,0.0
2023-06-07 11:30:00-04:00,8.354999542236328,8.380000114440918,8.09000015258789,8.270000457763672,36949,0.0,0.0
2023-06-07 12:30:00-04:00,8.279999732971191,8.319999694824219,8.220000267028809,8.260000228881836,17311,0.0,0.0
2023-06-07 13:30:00-04:00,8.220000267028809,8.300000190734863,8.140000343322754,8.292499542236328,30635,0.0,0.0
2023-06-07 14:30:00-04:00,8.274999618530273,8.289999961853027,8.229999542236328,8.239999771118164,15179,0.0,0.0
2023-06-07 15:30:00-04:00,8.220000267028809,8.220000267028809,8.119999885559082,8.15999984741211,61656,0.0,0.0
2023-06-08 09:30:00-04:00,8.140000343322754,8.329999923706055,7.739999771118164,8.069999694824219,15199,0.0,0.0
2023-06-08 10:30:00-04:00,8.079999923706055,8.187999725341797,8.039999961853027,8.180000305175781,10179,0.0,0.0
2023-06-08 11:30:00-04:00,8.210000038146973,8.220000267028809,8.130000114440918,8.210000038146973,18575,0.0,0.0
2023-06-08 12:30:00-04:00,8.220000267028809,8.270000457763672,8.170000076293945,8.229999542236328,11014,0.0,0.0
2023-06-08 13:30:00-04:00,8.199999809265137,8.279999732971191,8.170000076293945,8.260000228881836,11869,0.0,0.0
2023-06-08 14:30:00-04:00,8.270000457763672,8.279999732971191,8.140000343322754,8.140000343322754,16182,0.0,0.0
2023-06-08 15:30:00-04:00,8.130000114440918,8.15999984741211,8.09000015258789,8.130000114440918,33254,0.0,0.0
2023-06-09 09:30:00-04:00,8.229999542236328,8.656100273132324,8.0,8.369999885559082,43288,0.0,0.0
2023-06-09 10:30:00-04:00,8.350000381469727,8.398799896240234,8.10669994354248,8.180000305175781,19603,0.0,0.0
2023-06-09 11:30:00-04:00,8.170000076293945,8.34000015258789,8.079999923706055,8.149999618530273,39385,0.0,0.0
2023-06-09 12:30:00-04:00,8.170000076293945,8.270000457763672,8.130000114440918,8.239999771118164,16863,0.0,0.0
2023-06-09 13:30:00-04:00,8.25,8.289999961853027,8.109999656677246,8.199999809265137,21511,0.0,0.0
2023-06-09 14:30:00-04:00,8.1899995803833,8.219900131225586,8.170000076293945,8.219900131225586,11630,0.0,0.0
2023-06-09 15:30:00-04:00,8.220000267028809,8.229999542236328,8.140000343322754,8.15999984741211,39527,0.0,0.0
2023-06-12 09:30:00-04:00,8.170000076293945,8.789999961853027,8.050000190734863,8.760000228881836,100681,0.0,0.0
2023-06-12 10:30:00-04:00,8.789999961853027,8.829999923706055,8.489999771118164,8.489999771118164,35222,0.0,0.0
2023-06-12 11:30:00-04:00,8.4399995803833,8.449999809265137,8.319999694824219,8.380000114440918,25141,0.0,0.0
2023-06-12 12:30:00-04:00,8.364999771118164,8.399999618530273,8.329999923706055,8.369999885559082,8323,0.0,0.0
2023-06-12 13:30:00-04:00,8.34000015258789,8.4399995803833,8.3149995803833,8.4399995803833,9229,0.0,0.0
2023-06-12 14:30:00-04:00,8.444999694824219,8.479999542236328,8.350000381469727,8.40999984741211,17963,0.0,0.0
2023-06-12 15:30:00-04:00,8.390000343322754,8.460000038146973,8.369999885559082,8.45989990234375,35511,0.0,0.0
2023-06-13 09:30:00-04:00,8.529999732971191,8.65999984741211,8.444999694824219,8.539999961853027,11038,0.0,0.0
2023-06-13 10:30:00-04:00,8.59000015258789,8.670000076293945,8.569999694824219,8.625,19527,0.0,0.0
2023-06-13 11:30:00-04:00,8.609999656677246,8.680000305175781,8.5600004196167,8.680000305175781,12841,0.0,0.0
2023-06-13 12:30:00-04:00,8.6850004196167,8.75,8.670000076293945,8.720000267028809,12528,0.0,0.0
2023-06-13 13:30:00-04:00,8.729999542236328,8.75,8.670000076293945,8.680000305175781,15114,0.0,0.0
2023-06-13 14:30:00-04:00,8.65999984741211,8.819999694824219,8.640000343322754,8.78499984741211,19840,0.0,0.0
2023-06-13 15:30:00-04:00,8.789999961853027,8.800000190734863,8.710000038146973,8.770000457763672,52207,0.0,0.0
2023-06-14 09:30:00-04:00,8.819999694824219,8.835000038146973,8.604999542236328,8.699999809265137,42218,0.0,0.0
2023-06-14 10:30:00-04:00,8.729999542236328,8.890000343322754,8.704999923706055,8.710000038146973,36604,0.0,0.0
2023-06-14 11:30:00-04:00,8.704999923706055,8.739999771118164,8.539999961853027,8.539999961853027,11347,0.0,0.0
2023-06-14 12:30:00-04:00,8.520000457763672,8.550000190734863,8.479999542236328,8.520000457763672,10302,0.0,0.0
2023-06-14 13:30:00-04:00,8.5,8.520000457763672,8.270000457763672,8.345000267028809,31860,0.0,0.0
2023-06-14 14:30:00-04:00,8.319999694824219,8.539999961853027,8.319999694824219,8.520000457763672,18634,0.0,0.0
2023-06-14 15:30:00-04:00,8.515000343322754,8.550000190734863,8.489999771118164,8.510000228881836,23782,0.0,0.0
2023-06-15 09:30:00-04:00,8.65999984741211,8.78499984741211,8.15999984741211,8.220000267028809,57637,0.0,0.0
2023-06-15 10:30:00-04:00,8.199999809265137,8.279999732971191,8.149999618530273,8.199999809265137,14687,0.0,0.0
2023-06-15 11:30:00-04:00,8.210000038146973,8.300000190734863,8.210000038146973,8.279999732971191,11369,0.0,0.0
2023-06-15 12:30:00-04:00,8.3100004196167,8.5,8.300000190734863,8.329999923706055,40181,0.0,0.0
2023-06-15 13:30:00-04:00,8.350000381469727,8.420000076293945,8.149999618530273,8.210000038146973,31628,0.0,0.0
2023-06-15 14:30:00-04:00,8.220000267028809,8.220000267028809,7.949999809265137,7.949999809265137,37004,0.0,0.0
2023-06-15 15:30:00-04:00,7.989999771118164,8.039999961853027,7.96999979019165,8.0,72979,0.0,0.0
2023-06-16 09:30:00-04:00,8.130000114440918,8.210000038146973,7.800000190734863,7.855000019073486,90735,0.0,0.0
2023-06-16 10:30:00-04:00,7.869999885559082,7.880000114440918,7.690000057220459,7.769999980926514,16694,0.0,0.0
2023-06-16 11:30:00-04:00,7.789999961853027,7.840000152587891,7.75,7.809999942779541,6591,0.0,0.0
2023-06-16 12:30:00-04:00,7.820000171661377,7.820000171661377,7.710000038146973,7.710000038146973,6551,0.0,0.0
2023-06-16 13:30:00-04:00,7.710000038146973,7.710000038146973,7.570000171661377,7.579999923706055,27865,0.0,0.0
2023-06-16 14:30:00-04:00,7.579999923706055,7.590000152587891,7.5142998695373535,7.550000190734863,17097,0.0,0.0
2023-06-16 15:30:00-04:00,7.550000190734863,7.599999904632568,7.539999961853027,7.565000057220459,34119,0.0,0.0
2023-06-20 09:30:00-04:00,7.5,7.5,7.239999771118164,7.28000020980835,45586,0.0,0.0
2023-06-20 10:30:00-04:00,7.309999942779541,7.369999885559082,7.269999980926514,7.335000038146973,15616,0.0,0.0
2023-06-20 11:30:00-04:00,7.329999923706055,7.369999885559082,7.269999980926514,7.369999885559082,14379,0.0,0.0
2023-06-20 12:30:00-04:00,7.380000114440918,7.46999979019165,7.360000133514404,7.420000076293945,12810,0.0,0.0
2023-06-20 13:30:00-04:00,7.409999847412109,7.460000038146973,7.394999980926514,7.460000038146973,11178,0.0,0.0
2023-06-20 14:30:00-04:00,7.440000057220459,7.570000171661377,7.440000057220459,7.550000190734863,16671,0.0,0.0
2023-06-20 15:30:00-04:00,7.570000171661377,7.599999904632568,7.440000057220459,7.449999809265137,29216,0.0,0.0
2023-06-21 09:30:00-04:00,7.579999923706055,7.579999923706055,7.119999885559082,7.170000076293945,57120,0.0,0.0
2023-06-21 10:30:00-04:00,7.184999942779541,7.212500095367432,7.139999866485596,7.179999828338623,25429,0.0,0.0
2023-06-21 11:30:00-04:00,7.179999828338623,7.460000038146973,7.175000190734863,7.409999847412109,28046,0.0,0.0
2023-06-21 12:30:00-04:00,7.394999980926514,7.440000057220459,7.380000114440918,7.429999828338623,13062,0.0,0.0
2023-06-21 13:30:00-04:00,7.442500114440918,7.5,7.414999961853027,7.5,11619,0.0,0.0
2023-06-21 14:30:00-04:00,7.514999866485596,7.579999923706055,7.514999866485596,7.534999847412109,24365,0.0,0.0
2023-06-21 15:30:00-04:00,7.53000020980835,7.590000152587891,7.510000228881836,7.534999847412109,28333,0.0,0.0
2023-06-22 09:30:00-04:00,7.480000019073486,7.480000019073486,7.309999942779541,7.324999809265137,16556,0.0,0.0
2023-06-22 10:30:00-04:00,7.320000171661377,7.320000171661377,7.230000019073486,7.269999980926514,14136,0.0,0.0
2023-06-22 11:30:00-04:00,7.269999980926514,7.409999847412109,7.269999980926514,7.320000171661377,11483,0.0,0.0
2023-06-22 12:30:00-04:00,7.320000171661377,7.320000171661377,7.255000114440918,7.304999828338623,11677,0.0,0.0
2023-06-22 13:30:00-04:00,7.289999961853027,7.315000057220459,7.239999771118164,7.239999771118164,9391,0.0,0.0
2023-06-22 14:30:00-04:00,7.25,7.260000228881836,7.175000190734863,7.175000190734863,19769,0.0,0.0
2023-06-22 15:30:00-04:00,7.170000076293945,7.199999809265137,7.119999885559082,7.135000228881836,33632,0.0,0.0
2023-06-23 09:30:00-04:00,7.059999942779541,7.239999771118164,6.929999828338623,7.150000095367432,22584,0.0,0.0
2023-06-23 10:30:00-04:00,7.170000076293945,7.199999809265137,7.070000171661377,7.139999866485596,20952,0.0,0.0
2023-06-23 11:30:00-04:00,7.119999885559082,7.179999828338623,7.119999885559082,7.139999866485596,8007,0.0,0.0
2023-06-23 12:30:00-04:00,7.139999866485596,7.139999866485596,7.050000190734863,7.059999942779541,26320,0.0,0.0
2023-06-23 13:30:00-04:00,7.050000190734863,7.059999942779541,6.96999979019165,7.03000020980835,12889,0.0,0.0
2023-06-23 14:30:00-04:00,7.03000020980835,7.03000020980835,6.940000057220459,6.960000038146973,29159,0.0,0.0
2023-06-23 15:30:00-04:00,6.960000038146973,7.25,6.940000057220459,7.139999866485596,134553,0.0,0.0
2023-06-26 09:30:00-04:00,7.099999904632568,7.144999980926514,6.880000114440918,6.889999866485596,17801,0.0,0.0
2023-06-26 10:30:00-04:00,6.880000114440918,6.900000095367432,6.699999809265137,6.789999961853027,33130,0.0,0.0
2023-06-26 11:30:00-04:00,6.800000190734863,6.829999923706055,6.71999979019165,6.744999885559082,14635,0.0,0.0
2023-06-26 12:30:00-04:00,6.730000019073486,6.820000171661377,6.679999828338623,6.820000171661377,11903,0.0,0.0
2023-06-26 13:30:00-04:00,6.840000152587891,6.860000133514404,6.789999961853027,6.849999904632568,9830,0.0,0.0
2023-06-26 14:30:00-04:00,6.860000133514404,6.889999866485596,6.840000152587891,6.860000133514404,7396,0.0,0.0
2023-06-26 15:30:00-04:00,6.860000133514404,6.860000133514404,6.699999809265137,6.699999809265137,47864,0.0,0.0
2023-06-27 09:30:00-04:00,6.78000020980835,6.78000020980835,6.510000228881836,6.570000171661377,23064,0.0,0.0
2023-06-27 10:30:00-04:00,6.599999904632568,6.744999885559082,6.599999904632568,6.730000019073486,14585,0.0,0.0
2023-06-27 11:30:00-04:00,6.75,6.800000190734863,6.730000019073486,6.735000133514404,12654,0.0,0.0
2023-06-27 12:30:00-04:00,6.760000228881836,6.840000152587891,6.760000228881836,6.829999923706055,12787,0.0,0.0
2023-06-27 13:30:00-04:00,6.840000152587891,6.900000095367432,6.809999942779541,6.824999809265137,22787,0.0,0.0
2023-06-27 14:30:00-04:00,6.829999923706055,6.869999885559082,6.78000020980835,6.840000152587891,27248,0.0,0.0
2023-06-27 15:30:00-04:00,6.829999923706055,6.849999904632568,6.769999980926514,6.789999961853027,50631,0.0,0.0
2023-06-28 09:30:00-04:00,6.789999961853027,6.820000171661377,6.570000171661377,6.769999980926514,30786,0.0,0.0
2023-06-28 10:30:00-04:00,6.730000019073486,6.860000133514404,6.690000057220459,6.860000133514404,14292,0.0,0.0
2023-06-28 11:30:00-04:00,6.860000133514404,6.989999771118164,6.860000133514404,6.900000095367432,26536,0.0,0.0
2023-06-28 12:30:00-04:00,6.904399871826172,6.929999828338623,6.849999904632568,6.875,20205,0.0,0.0
2023-06-28 13:30:00-04:00,6.849999904632568,6.954999923706055,6.849999904632568,6.949999809265137,14170,0.0,0.0
2023-06-28 14:30:00-04:00,6.940000057220459,7.059999942779541,6.940000057220459,7.059999942779541,17853,0.0,0.0
2023-06-28 15:30:00-04:00,7.054999828338623,7.054999828338623,7.0,7.010000228881836,43232,0.0,0.0
2023-06-29 09:30:00-04:00,6.889999866485596,7.0518999099731445,6.880000114440918,7.0,109543,0.0,0.0
2023-06-29 10:30:00-04:00,7.019999980926514,7.050000190734863,6.96999979019165,7.010000228881836,25637,0.0,0.0
2023-06-29 11:30:00-04:00,7.0,7.010000228881836,6.795000076293945,6.800000190734863,27844,0.0,0.0
2023-06-29 12:30:00-04:00,6.800000190734863,6.880000114440918,6.769999980926514,6.860000133514404,24018,0.0,0.0
2023-06-29 13:30:00-04:00,6.849999904632568,6.889999866485596,6.739999771118164,6.78000020980835,27003,0.0,0.0
2023-06-29 14:30:00-04:00,6.769999980926514,6.829999923706055,6.739999771118164,6.764999866485596,23907,0.0,0.0
2023-06-29 15:30:00-04:00,6.78000020980835,6.78000020980835,6.650000095367432,6.699999809265137,77391,0.0,0.0
2023-06-30 09:30:00-04:00,6.809999942779541,6.869999885559082,6.659999847412109,6.690000057220459,33999,0.0,0.0
2023-06-30 10:30:00-04:00,6.75,6.769999980926514,6.639999866485596,6.670000076293945,13321,0.0,0.0
2023-06-30 11:30:00-04:00,6.739999771118164,6.769999980926514,6.690000057220459,6.730000019073486,9889,0.0,0.0
2023-06-30 12:30:00-04:00,6.789999961853027,6.829999923706055,6.78000020980835,6.789999961853027,6958,0.0,0.0
2023-06-30 13:30:00-04:00,6.800000190734863,6.820000171661377,6.760000228881836,6.78000020980835,7111,0.0,0.0
2023-06-30 14:30:00-04:00,6.784999847412109,6.784999847412109,6.739999771118164,6.760000228881836,12566,0.0,0.0
2023-06-30 15:30:00-04:00,6.760000228881836,6.875,6.75,6.789999961853027,51552,0.0,0.0
2023-07-03 09:30:00-04:00,6.75,6.769999980926514,6.650000095367432,6.769999980926514,18835,0.0,0.0
2023-07-03 10:30:00-04:00,6.739999771118164,6.784999847412109,6.619999885559082,6.679999828338623,19188,0.0,0.0
2023-07-03 11:30:00-04:00,6.699999809265137,6.704999923706055,6.550000190734863,6.590000152587891,27528,0.0,0.0
2023-07-05 09:30:00-04:00,6.619999885559082,6.715000152587891,6.53000020980835,6.570000171661377,42001,0.0,0.0
2023-07-05 10:30:00-04:00,6.570000171661377,6.659999847412109,6.5,6.65500020980835,20192,0.0,0.0
2023-07-05 11:30:00-04:00,6.670000076293945,6.75,6.610000133514404,6.739999771118164,19942,0.0,0.0
2023-07-05 12:30:00-04:00,6.744999885559082,6.880000114440918,6.739999771118164,6.864999771118164,11333,0.0,0.0
2023-07-05 13:30:00-04:00,6.849999904632568,6.909999847412109,6.820000171661377,6.894999980926514,18411,0.0,0.0
2023-07-05 14:30:00-04:00,6.919400215148926,6.980000019073486,6.894999980926514,6.960000038146973,19756,0.0,0.0
2023-07-05 15:30:00-04:00,6.949999809265137,6.949999809265137,6.809999942779541,6.829999923706055,27997,0.0,0.0
2023-07-06 09:30:00-04:00,6.75,6.75,6.519999980926514,6.519999980926514,16097,0.0,0.0
2023-07-06 10:30:00-04:00,6.53000020980835,6.570000171661377,6.40500020980835,6.449999809265137,22811,0.0,0.0
2023-07-06 11:30:00-04:00,6.449999809265137,6.460000038146973,6.420000076293945,6.420000076293945,11452,0.0,0.0
2023-07-06 12:30:00-04:00,6.412899971008301,6.429999828338623,6.339300155639648,6.409999847412109,23219,0.0,0.0
2023-07-06 13:30:00-04:00,6.400000095367432,6.5,6.389999866485596,6.400000095367432,72112,0.0,0.0
2023-07-06 14:30:00-04:00,6.409999847412109,6.429999828338623,6.230000019073486,6.300000190734863,93876,0.0,0.0
2023-07-06 15:30:00-04:00,6.300000190734863,6.300000190734863,6.210000038146973,6.21999979019165,41605,0.0,0.0
2023-07-07 09:30:00-04:00,6.25,6.559999942779541,6.179999828338623,6.534999847412109,70709,0.0,0.0
2023-07-07 10:30:00-04:00,6.520100116729736,6.590000152587891,6.519999980926514,6.570000171661377,33663,0.0,0.0
2023-07-07 11:30:00-04:00,6.5858001708984375,6.590000152587891,6.519999980926514,6.579999923706055,35517,0.0,0.0
2023-07-07 12:30:00-04:00,6.610000133514404,6.639999866485596,6.539999961853027,6.554999828338623,31877,0.0,0.0
2023-07-07 13:30:00-04:00,6.570000171661377,6.570000171661377,6.46999979019165,6.53000020980835,14616,0.0,0.0
2023-07-07 14:30:00-04:00,6.510000228881836,6.590000152587891,6.5,6.5,34170,0.0,0.0
2023-07-07 15:30:00-04:00,6.489999771118164,6.510000228881836,6.400000095367432,6.440000057220459,35328,0.0,0.0
2023-07-10 09:30:00-04:00,6.480000019073486,6.920000076293945,6.451099872589111,6.885000228881836,45462,0.0,0.0
2023-07-10 10:30:00-04:00,6.849999904632568,6.940000057220459,6.800000190734863,6.929999828338623,15202,0.0,0.0
2023-07-10 11:30:00-04:00,6.940000057220459,6.949999809265137,6.75,6.789999961853027,20465,0.0,0.0
2023-07-10 12:30:00-04:00,6.802499771118164,6.849999904632568,6.71999979019165,6.800000190734863,20588,0.0,0.0
2023-07-10 13:30:00-04:00,6.797699928283691,6.849999904632568,6.769999980926514,6.820000171661377,21957,0.0,0.0
2023-07-10 14:30:00-04:00,6.800000190734863,6.860000133514404,6.75,6.769999980926514,21475,0.0,0.0
2023-07-10 15:30:00-04:00,6.769999980926514,6.78000020980835,6.730000019073486,6.769999980926514,27298,0.0,0.0
2023-07-11 09:30:00-04:00,6.78000020980835,6.909999847412109,6.639999866485596,6.880000114440918,21468,0.0,0.0
2023-07-11 10:30:00-04:00,6.900000095367432,6.909999847412109,6.769999980926514,6.78000020980835,13955,0.0,0.0
2023-07-11 11:30:00-04:00,6.78000020980835,6.860000133514404,6.78000020980835,6.849999904632568,8005,0.0,0.0
2023-07-11 12:30:00-04:00,6.869999885559082,6.960000038146973,6.849999904632568,6.927199840545654,20075,0.0,0.0
2023-07-11 13:30:00-04:00,6.925000190734863,6.925000190734863,6.860000133514404,6.860000133514404,15595,0.0,0.0
2023-07-11 14:30:00-04:00,6.869999885559082,6.934999942779541,6.860000133514404,6.929999828338623,21200,0.0,0.0
2023-07-11 15:30:00-04:00,6.940000057220459,7.0,6.929999828338623,6.960000038146973,29834,0.0,0.0
2023-07-12 09:30:00-04:00,7.130000114440918,7.289999961853027,7.110000133514404,7.199999809265137,26311,0.0,0.0
2023-07-12 10:30:00-04:00,7.199900150299072,7.440000057220459,7.184999942779541,7.429999828338623,45135,0.0,0.0
2023-07-12 11:30:00-04:00,7.429999828338623,7.449999809265137,7.235000133514404,7.28000020980835,16081,0.0,0.0
2023-07-12 12:30:00-04:00,7.260000228881836,7.309999942779541,7.230000019073486,7.300000190734863,9954,0.0,0.0
2023-07-12 13:30:00-04:00,7.289999961853027,7.320000171661377,7.260000228881836,7.300000190734863,11430,0.0,0.0
2023-07-12 14:30:00-04:00,7.289999961853027,7.289999961853027,7.139999866485596,7.139999866485596,12501,0.0,0.0
2023-07-12 15:30:00-04:00,7.119999885559082,7.199999809265137,7.119999885559082,7.150000095367432,24303,0.0,0.0
2023-07-13 09:30:00-04:00,7.159999847412109,7.260000228881836,7.110000133514404,7.25,14783,0.0,0.0
2023-07-13 10:30:00-04:00,7.269999980926514,7.269999980926514,7.159999847412109,7.170000076293945,10396,0.0,0.0
2023-07-13 11:30:00-04:00,7.170000076293945,7.190000057220459,7.119999885559082,7.190000057220459,6669,0.0,0.0
2023-07-13 12:30:00-04:00,7.179999828338623,7.179999828338623,7.099999904632568,7.110000133514404,7254,0.0,0.0
2023-07-13 13:30:00-04:00,7.099999904632568,7.119999885559082,7.059999942779541,7.070000171661377,11140,0.0,0.0
2023-07-13 14:30:00-04:00,7.059999942779541,7.070000171661377,7.045000076293945,7.070000171661377,9055,0.0,0.0
2023-07-13 15:30:00-04:00,7.070000171661377,7.099999904632568,7.050000190734863,7.068999767303467,31320,0.0,0.0
2023-07-14 09:30:00-04:00,7.099999904632568,7.099999904632568,6.909999847412109,6.925000190734863,16456,0.0,0.0
2023-07-14 10:30:00-04:00,6.920000076293945,6.980000019073486,6.860000133514404,6.96999979019165,23731,0.0,0.0
2023-07-14 11:30:00-04:00,6.96999979019165,7.019999980926514,6.952700138092041,7.019999980926514,5814,0.0,0.0
2023-07-14 12:30:00-04:00,7.039999961853027,7.079999923706055,7.020999908447266,7.059999942779541,4401,0.0,0.0
2023-07-14 13:30:00-04:00,7.019999980926514,7.070000171661377,7.019999980926514,7.045000076293945,3716,0.0,0.0
2023-07-14 14:30:00-04:00,7.039999961853027,7.079999923706055,7.010000228881836,7.010000228881836,4888,0.0,0.0
2023-07-14 15:30:00-04:00,7.019999980926514,7.090000152587891,7.019999980926514,7.079999923706055,12119,0.0,0.0
2023-07-17 09:30:00-04:00,7.159999847412109,7.329999923706055,6.909999847412109,7.230000019073486,25657,0.0,0.0
2023-07-17 10:30:00-04:00,7.235000133514404,7.25,7.110000133514404,7.164999961853027,33903,0.0,0.0
2023-07-17 11:30:00-04:00,7.179999828338623,7.25,7.140100002288818,7.230000019073486,7813,0.0,0.0
2023-07-17 12:30:00-04:00,7.199999809265137,7.260000228881836,7.199999809265137,7.25,3714,0.0,0.0
2023-07-17 13:30:00-04:00,7.25,7.300000190734863,7.239999771118164,7.284999847412109,11970,0.0,0.0
2023-07-17 14:30:00-04:00,7.269999980926514,7.269999980926514,7.199999809265137,7.199999809265137,9477,0.0,0.0
2023-07-17 15:30:00-04:00,7.210000038146973,7.21999979019165,7.150000095367432,7.170000076293945,26986,0.0,0.0
2023-07-18 09:30:00-04:00,7.099999904632568,7.289999961853027,7.099999904632568,7.260000228881836,10648,0.0,0.0
2023-07-18 10:30:00-04:00,7.25,7.309999942779541,7.25,7.25,9913,0.0,0.0
2023-07-18 11:30:00-04:00,7.25,7.46999979019165,7.21999979019165,7.46999979019165,14950,0.0,0.0
2023-07-18 12:30:00-04:00,7.429999828338623,7.429999828338623,7.25,7.250999927520752,5315,0.0,0.0
2023-07-18 13:30:00-04:00,7.289999961853027,7.289999961853027,7.179999828338623,7.239999771118164,7321,0.0,0.0
2023-07-18 14:30:00-04:00,7.269999980926514,7.300000190734863,7.215000152587891,7.230000019073486,6084,0.0,0.0
2023-07-18 15:30:00-04:00,7.210000038146973,7.239999771118164,7.190000057220459,7.21999979019165,11107,0.0,0.0
2023-07-19 09:30:00-04:00,7.239999771118164,7.400000095367432,7.210000038146973,7.400000095367432,17156,0.0,0.0
2023-07-19 10:30:00-04:00,7.409999847412109,7.440000057220459,7.320000171661377,7.320000171661377,11056,0.0,0.0
2023-07-19 11:30:00-04:00,7.324999809265137,7.429999828338623,7.324999809265137,7.329999923706055,10878,0.0,0.0
2023-07-19 12:30:00-04:00,7.300000190734863,7.300000190734863,7.190000057220459,7.195000171661377,7769,0.0,0.0
2023-07-19 13:30:00-04:00,7.179999828338623,7.230000019073486,7.150000095367432,7.190000057220459,6500,0.0,0.0
2023-07-19 14:30:00-04:00,7.179999828338623,7.210000038146973,7.159999847412109,7.159999847412109,12508,0.0,0.0
2023-07-19 15:30:00-04:00,7.150000095367432,7.150000095367432,6.980000019073486,7.019999980926514,47967,0.0,0.0
2023-07-20 09:30:00-04:00,7.0,7.114999771118164,6.840000152587891,6.880000114440918,10987,0.0,0.0
2023-07-20 10:30:00-04:00,6.889999866485596,6.980000019073486,6.849999904632568,6.920000076293945,5143,0.0,0.0
2023-07-20 11:30:00-04:00,6.929999828338623,6.960000038146973,6.894999980926514,6.900000095367432,5949,0.0,0.0
2023-07-20 12:30:00-04:00,6.880000114440918,6.89900016784668,6.829999923706055,6.840000152587891,4400,0.0,0.0
2023-07-20 13:30:00-04:00,6.840000152587891,6.860000133514404,6.752699851989746,6.752699851989746,11684,0.0,0.0
2023-07-20 14:30:00-04:00,6.75,6.760000228881836,6.639999866485596,6.639999866485596,32559,0.0,0.0
2023-07-20 15:30:00-04:00,6.639999866485596,6.650000095367432,6.550000190734863,6.559999942779541,44693,0.0,0.0
2023-07-21 09:30:00-04:00,6.659999847412109,6.679999828338623,6.559999942779541,6.613399982452393,31037,0.0,0.0
2023-07-21 10:30:00-04:00,6.639999866485596,6.710000038146973,6.625,6.690000057220459,12760,0.0,0.0
2023-07-21 11:30:00-04:00,6.710000038146973,6.849999904632568,6.695000171661377,6.840000152587891,62728,0.0,0.0
2023-07-21 12:30:00-04:00,6.820000171661377,6.84499979019165,6.739999771118164,6.789999961853027,60966,0.0,0.0
2023-07-21 13:30:00-04:00,6.789999961853027,6.800000190734863,6.75,6.75,14785,0.0,0.0
2023-07-21 14:30:00-04:00,6.760000228881836,6.760000228881836,6.695000171661377,6.699999809265137,9744,0.0,0.0
2023-07-21 15:30:00-04:00,6.699999809265137,6.699999809265137,6.550000190734863,6.570000171661377,43631,0.0,0.0
2023-07-24 09:30:00-04:00,6.599999904632568,6.695000171661377,6.449999809265137,6.474999904632568,32181,0.0,0.0
2023-07-24 10:30:00-04:00,6.449999809265137,6.460000038146973,6.300000190734863,6.3196001052856445,12509,0.0,0.0
2023-07-24 11:30:00-04:00,6.309999942779541,6.329999923706055,6.21999979019165,6.21999979019165,12408,0.0,0.0
2023-07-24 12:30:00-04:00,6.230000019073486,6.375,6.230000019073486,6.289999961853027,18775,0.0,0.0
2023-07-24 13:30:00-04:00,6.300000190734863,6.369999885559082,6.289999961853027,6.349999904632568,9636,0.0,0.0
2023-07-24 14:30:00-04:00,6.340000152587891,6.380000114440918,6.210000038146973,6.21999979019165,16132,0.0,0.0
2023-07-24 15:30:00-04:00,6.230000019073486,6.300000190734863,6.21999979019165,6.260000228881836,43171,0.0,0.0
2023-07-25 09:30:00-04:00,6.320000171661377,6.420000076293945,6.28000020980835,6.329999923706055,26076,0.0,0.0
2023-07-25 10:30:00-04:00,6.320000171661377,6.320000171661377,6.150000095367432,6.164999961853027,12348,0.0,0.0
2023-07-25 11:30:00-04:00,6.150000095367432,6.239999771118164,6.110000133514404,6.159999847412109,28172,0.0,0.0
2023-07-25 12:30:00-04:00,6.150000095367432,6.159999847412109,6.110000133514404,6.130000114440918,7908,0.0,0.0
2023-07-25 13:30:00-04:00,6.150000095367432,6.15500020980835,6.119999885559082,6.150000095367432,11573,0.0,0.0
2023-07-25 14:30:00-04:00,6.150000095367432,6.159999847412109,6.079999923706055,6.105000019073486,12940,0.0,0.0
2023-07-25 15:30:00-04:00,6.090000152587891,6.110000133514404,6.020100116729736,6.079999923706055,83824,0.0,0.0
2023-07-26 09:30:00-04:00,6.099999904632568,6.28000020980835,6.099999904632568,6.269999980926514,10389,0.0,0.0
2023-07-26 10:30:00-04:00,6.28000020980835,6.300000190734863,6.210000038146973,6.230000019073486,7925,0.0,0.0
2023-07-26 11:30:00-04:00,6.230000019073486,6.360000133514404,6.21999979019165,6.230000019073486,20012,0.0,0.0
2023-07-26 12:30:00-04:00,6.230000019073486,6.230000019073486,6.150000095367432,6.150000095367432,5629,0.0,0.0
2023-07-26 13:30:00-04:00,6.175000190734863,6.21999979019165,6.170000076293945,6.210000038146973,6098,0.0,0.0
2023-07-26 14:30:00-04:00,6.210000038146973,6.28000020980835,6.179999828338623,6.199999809265137,12606,0.0,0.0
2023-07-26 15:30:00-04:00,6.199999809265137,6.230000019073486,6.139999866485596,6.210000038146973,23572,0.0,0.0
2023-07-27 09:30:00-04:00,6.329999923706055,6.420000076293945,6.204999923706055,6.204999923706055,17734,0.0,0.0
2023-07-27 10:30:00-04:00,6.190000057220459,6.269999980926514,6.159999847412109,6.224999904632568,19996,0.0,0.0
2023-07-27 11:30:00-04:00,6.210000038146973,6.309999942779541,6.210000038146973,6.25,13042,0.0,0.0
2023-07-27 12:30:00-04:00,6.269999980926514,6.269999980926514,6.159999847412109,6.170000076293945,10733,0.0,0.0
2023-07-27 13:30:00-04:00,6.170000076293945,6.199999809265137,6.099999904632568,6.125,9647,0.0,0.0
2023-07-27 14:30:00-04:00,6.099999904632568,6.150000095367432,6.059999942779541,6.119999885559082,21237,0.0,0.0
2023-07-27 15:30:00-04:00,6.125,6.190000057220459,6.119999885559082,6.190000057220459,38273,0.0,0.0
2023-07-28 09:30:00-04:00,6.300000190734863,6.400000095367432,6.300000190734863,6.309999942779541,17079,0.0,0.0
2023-07-28 10:30:00-04:00,6.309999942779541,6.329999923706055,6.269999980926514,6.309999942779541,7531,0.0,0.0
2023-07-28 11:30:00-04:00,6.289999961853027,6.329999923706055,6.289999961853027,6.320000171661377,5235,0.0,0.0
2023-07-28 12:30:00-04:00,6.349999904632568,6.389999866485596,6.349999904632568,6.389999866485596,1272,0.0,0.0
2023-07-28 13:30:00-04:00,6.400000095367432,6.400000095367432,6.329999923706055,6.360000133514404,6100,0.0,0.0
2023-07-28 14:30:00-04:00,6.389999866485596,6.400000095367432,6.329999923706055,6.329999923706055,5104,0.0,0.0
2023-07-28 15:30:00-04:00,6.329999923706055,6.329999923706055,6.239999771118164,6.239999771118164,34767,0.0,0.0
2023-07-31 09:30:00-04:00,6.25,6.510000228881836,6.215000152587891,6.329999923706055,0,0.0,0.0
2023-07-31 10:30:00-04:00,6.309999942779541,6.309999942779541,6.179999828338623,6.239999771118164,778877,0.0,0.0
2023-07-31 11:30:00-04:00,6.260000228881836,6.320000171661377,6.204999923706055,6.204999923706055,13130,0.0,0.0
2023-07-31 12:30:00-04:00,6.179999828338623,6.199999809265137,6.119999885559082,6.130000114440918,9448,0.0,0.0
2023-07-31 13:30:00-04:00,6.139999866485596,6.159999847412109,6.0920000076293945,6.119999885559082,13769,0.0,0.0
2023-07-31 14:30:00-04:00,6.114999771118164,6.150000095367432,6.039999961853027,6.139999866485596,21360,0.0,0.0
2023-07-31 15:30:00-04:00,6.139999866485596,6.150000095367432,6.090000152587891,6.099999904632568,45116,0.0,0.0
2023-08-01 09:30:00-04:00,6.019999980926514,6.179999828338623,6.0,6.03000020980835,17773,0.0,0.0
2023-08-01 10:30:00-04:00,6.045000076293945,6.079999923706055,5.909999847412109,5.96999979019165,17340,0.0,0.0
2023-08-01 11:30:00-04:00,6.0,6.0,5.949999809265137,5.96999979019165,5037,0.0,0.0
2023-08-01 12:30:00-04:00,5.940000057220459,5.96750020980835,5.929999828338623,5.940000057220459,8289,0.0,0.0
2023-08-01 13:30:00-04:00,5.929999828338623,5.949999809265137,5.829999923706055,5.940000057220459,24562,0.0,0.0
2023-08-01 14:30:00-04:00,5.940000057220459,5.965000152587891,5.889999866485596,5.920000076293945,23681,0.0,0.0
2023-08-01 15:30:00-04:00,5.920000076293945,5.920000076293945,5.849999904632568,5.860000133514404,36457,0.0,0.0
2023-08-02 09:30:00-04:00,5.760000228881836,5.909999847412109,5.619999885559082,5.769999980926514,23952,0.0,0.0
2023-08-02 10:30:00-04:00,5.760000228881836,5.786499977111816,5.730000019073486,5.769999980926514,16863,0.0,0.0
2023-08-02 11:30:00-04:00,5.764999866485596,5.78000020980835,5.679999828338623,5.724999904632568,14533,0.0,0.0
2023-08-02 12:30:00-04:00,5.710000038146973,5.715000152587891,5.630000114440918,5.670000076293945,17490,0.0,0.0
2023-08-02 13:30:00-04:00,5.670000076293945,5.679999828338623,5.619999885559082,5.675000190734863,20247,0.0,0.0
2023-08-02 14:30:00-04:00,5.670000076293945,5.670000076293945,5.579999923706055,5.579999923706055,30967,0.0,0.0
2023-08-02 15:30:00-04:00,5.590000152587891,5.644999980926514,5.559999942779541,5.599999904632568,51002,0.0,0.0
2023-08-03 09:30:00-04:00,5.590000152587891,5.760000228881836,5.590000152587891,5.650000095367432,14658,0.0,0.0
2023-08-03 10:30:00-04:00,5.670000076293945,5.71999979019165,5.630000114440918,5.630000114440918,11069,0.0,0.0
2023-08-03 11:30:00-04:00,5.630000114440918,5.659999847412109,5.610000133514404,5.630000114440918,8134,0.0,0.0
2023-08-03 12:30:00-04:00,5.650000095367432,5.769400119781494,5.630000114440918,5.744999885559082,21691,0.0,0.0
2023-08-03 13:30:00-04:00,5.744999885559082,5.75,5.730000019073486,5.735000133514404,5935,0.0,0.0
2023-08-03 14:30:00-04:00,5.710000038146973,5.710000038146973,5.590000152587891,5.599999904632568,11893,0.0,0.0
2023-08-03 15:30:00-04:00,5.590000152587891,5.630000114440918,5.489999771118164,5.5,52929,0.0,0.0
2023-08-04 09:30:00-04:00,5.559999942779541,5.829999923706055,5.5,5.699999809265137,12524,0.0,0.0
2023-08-04 10:30:00-04:00,5.710000038146973,5.75,5.690000057220459,5.71999979019165,7325,0.0,0.0
2023-08-04 11:30:00-04:00,5.71999979019165,5.809999942779541,5.715000152587891,5.769999980926514,19769,0.0,0.0
2023-08-04 12:30:00-04:00,5.764999866485596,5.764999866485596,5.610000133514404,5.630000114440918,6886,0.0,0.0
2023-08-04 13:30:00-04:00,5.650000095367432,5.679999828338623,5.559999942779541,5.565000057220459,9237,0.0,0.0
2023-08-04 14:30:00-04:00,5.565000057220459,5.565000057220459,5.510000228881836,5.519999980926514,8256,0.0,0.0
2023-08-04 15:30:00-04:00,5.53000020980835,5.639999866485596,5.510000228881836,5.610000133514404,47143,0.0,0.0
2023-08-07 09:30:00-04:00,5.630000114440918,5.630000114440918,5.269999980926514,5.269999980926514,35709,0.0,0.0
2023-08-07 10:30:00-04:00,5.239999771118164,5.420000076293945,5.21999979019165,5.420000076293945,26724,0.0,0.0
2023-08-07 11:30:00-04:00,5.420000076293945,5.514999866485596,5.414999961853027,5.485000133514404,14765,0.0,0.0
2023-08-07 12:30:00-04:00,5.489999771118164,5.550000190734863,5.440000057220459,5.539999961853027,10864,0.0,0.0
2023-08-07 13:30:00-04:00,5.539999961853027,5.659999847412109,5.510000228881836,5.605800151824951,22119,0.0,0.0
2023-08-07 14:30:00-04:00,5.630000114440918,5.639999866485596,5.570000171661377,5.635000228881836,34121,0.0,0.0
2023-08-07 15:30:00-04:00,5.619999885559082,5.670000076293945,5.539999961853027,5.664999961853027,85244,0.0,0.0
2023-08-08 09:30:00-04:00,5.610000133514404,6.039999961853027,5.570000171661377,6.019999980926514,31225,0.0,0.0
2023-08-08 10:30:00-04:00,5.990300178527832,6.150000095367432,5.849999904632568,5.849999904632568,49742,0.0,0.0
2023-08-08 11:30:00-04:00,5.929999828338623,5.929999828338623,5.679999828338623,5.679999828338623,18072,0.0,0.0
2023-08-08 12:30:00-04:00,5.659999847412109,5.710000038146973,5.599999904632568,5.690000057220459,16876,0.0,0.0
2023-08-08 13:30:00-04:00,5.699999809265137,5.78000020980835,5.639999866485596,5.699999809265137,12220,0.0,0.0
2023-08-08 14:30:00-04:00,5.699999809265137,5.699999809265137,5.650000095367432,5.675000190734863,11411,0.0,0.0
2023-08-08 15:30:00-04:00,5.670000076293945,5.739999771118164,5.630000114440918,5.71999979019165,32656,0.0,0.0
2023-08-09 09:30:00-04:00,5.71999979019165,5.940000057220459,5.699999809265137,5.869999885559082,41630,0.0,0.0
2023-08-09 10:30:00-04:00,5.869999885559082,5.929999828338623,5.720099925994873,5.720099925994873,15486,0.0,0.0
2023-08-09 11:30:00-04:00,5.71999979019165,5.75,5.659999847412109,5.710000038146973,10118,0.0,0.0
2023-08-09 12:30:00-04:00,5.730000019073486,5.809999942779541,5.690000057220459,5.809999942779541,7219,0.0,0.0
2023-08-09 13:30:00-04:00,5.789999961853027,5.869999885559082,5.78000020980835,5.849999904632568,14839,0.0,0.0
2023-08-09 14:30:00-04:00,5.869999885559082,5.900000095367432,5.840000152587891,5.849999904632568,10537,0.0,0.0
2023-08-09 15:30:00-04:00,5.829999923706055,5.860000133514404,5.820000171661377,5.849999904632568,22942,0.0,0.0
2023-08-10 09:30:00-04:00,5.980000019073486,6.143199920654297,5.849999904632568,6.050000190734863,83783,0.0,0.0
2023-08-10 10:30:00-04:00,6.070000171661377,6.210000038146973,6.050000190734863,6.150000095367432,21910,0.0,0.0
2023-08-10 11:30:00-04:00,6.210000038146973,6.25,6.159999847412109,6.204999923706055,9215,0.0,0.0
2023-08-10 12:30:00-04:00,6.210000038146973,6.210000038146973,6.070000171661377,6.070000171661377,11242,0.0,0.0
2023-08-10 13:30:00-04:00,6.079999923706055,6.184999942779541,6.050000190734863,6.184999942779541,10454,0.0,0.0
2023-08-10 14:30:00-04:00,6.199999809265137,6.230000019073486,6.150000095367432,6.170000076293945,11406,0.0,0.0
2023-08-10 15:30:00-04:00,6.190000057220459,6.230000019073486,6.099999904632568,6.159999847412109,55735,0.0,0.0
2023-08-11 09:30:00-04:00,6.130000114440918,6.199999809265137,5.21999979019165,5.619999885559082,62062,0.0,0.0
2023-08-11 10:30:00-04:00,5.614999771118164,5.769999980926514,5.440000057220459,5.769999980926514,34508,0.0,0.0
2023-08-11 11:30:00-04:00,5.789999961853027,5.840000152587891,5.699999809265137,5.820000171661377,15622,0.0,0.0
2023-08-11 12:30:00-04:00,5.849999904632568,5.949999809265137,5.829999923706055,5.869999885559082,10594,0.0,0.0
2023-08-11 13:30:00-04:00,5.860000133514404,5.889999866485596,5.650000095367432,5.695000171661377,13954,0.0,0.0
2023-08-11 14:30:00-04:00,5.690000057220459,5.730000019073486,5.539999961853027,5.570000171661377,29733,0.0,0.0
2023-08-11 15:30:00-04:00,5.570000171661377,5.639999866485596,5.5,5.550000190734863,51464,0.0,0.0
2023-08-14 09:30:00-04:00,5.25,5.25,4.599999904632568,4.989999771118164,86597,0.0,0.0
2023-08-14 10:30:00-04:00,4.980000019073486,5.010000228881836,4.65500020980835,4.942500114440918,156169,0.0,0.0
2023-08-14 11:30:00-04:00,4.949999809265137,5.190000057220459,4.945000171661377,5.190000057220459,23705,0.0,0.0
2023-08-14 12:30:00-04:00,5.190000057220459,5.337500095367432,5.099999904632568,5.337500095367432,129876,0.0,0.0
2023-08-14 13:30:00-04:00,5.320000171661377,5.409999847412109,5.230000019073486,5.40500020980835,22687,0.0,0.0
2023-08-14 14:30:00-04:00,5.420000076293945,5.510000228881836,5.420000076293945,5.5,36614,0.0,0.0
2023-08-14 15:30:00-04:00,5.5,5.670000076293945,5.480000019073486,5.650000095367432,117999,0.0,0.0
2023-08-15 09:30:00-04:00,5.579999923706055,5.586299896240234,5.465000152587891,5.500100135803223,56382,0.0,0.0
2023-08-15 10:30:00-04:00,5.5,5.539999961853027,5.489999771118164,5.5,104571,0.0,0.0
2023-08-15 11:30:00-04:00,5.5,5.5,5.309999942779541,5.425000190734863,65339,0.0,0.0
2023-08-15 12:30:00-04:00,5.429999828338623,5.5,5.429999828338623,5.460000038146973,22805,0.0,0.0
2023-08-15 13:30:00-04:00,5.46999979019165,5.550000190734863,5.46999979019165,5.53000020980835,14672,0.0,0.0
2023-08-15 14:30:00-04:00,5.539999961853027,5.630000114440918,5.539999961853027,5.590000152587891,28591,0.0,0.0
2023-08-15 15:30:00-04:00,5.579999923706055,5.710000038146973,5.550000190734863,5.699999809265137,67902,0.0,0.0
2023-08-16 09:30:00-04:00,5.690000057220459,5.75,5.5,5.5,117526,0.0,0.0
2023-08-16 10:30:00-04:00,5.5,5.659999847412109,5.440000057220459,5.590000152587891,21164,0.0,0.0
2023-08-16 11:30:00-04:00,5.610000133514404,5.610000133514404,5.489999771118164,5.5,7657,0.0,0.0
2023-08-16 12:30:00-04:00,5.46999979019165,5.53000020980835,5.46999979019165,5.5,9248,0.0,0.0
2023-08-16 13:30:00-04:00,5.5,5.519999980926514,5.460000038146973,5.510000228881836,20327,0.0,0.0
2023-08-16 14:30:00-04:00,5.510000228881836,5.519999980926514,5.429999828338623,5.5,45938,0.0,0.0
2023-08-16 15:30:00-04:00,5.5,5.539999961853027,5.489999771118164,5.505000114440918,34763,0.0,0.0
2023-08-17 09:30:00-04:00,5.539999961853027,5.539999961853027,5.179999828338623,5.230000019073486,33808,0.0,0.0
2023-08-17 10:30:00-04:00,5.239999771118164,5.429999828338623,5.239999771118164,5.40500020980835,46444,0.0,0.0
2023-08-17 11:30:00-04:00,5.400000095367432,5.400000095367432,5.300000190734863,5.300000190734863,22238,0.0,0.0
2023-08-17 12:30:00-04:00,5.309999942779541,5.349999904632568,5.300000190734863,5.329999923706055,16249,0.0,0.0
2023-08-17 13:30:00-04:00,5.331900119781494,5.34499979019165,5.289999961853027,5.340000152587891,23768,0.0,0.0
2023-08-17 14:30:00-04:00,5.340000152587891,5.429999828338623,5.329999923706055,5.409999847412109,19607,0.0,0.0
2023-08-17 15:30:00-04:00,5.425000190734863,5.449999809265137,5.380000114440918,5.420000076293945,65655,0.0,0.0
2023-08-18 09:30:00-04:00,5.320000171661377,5.579999923706055,5.230000019073486,5.510000228881836,31419,0.0,0.0
2023-08-18 10:30:00-04:00,5.559999942779541,5.690000057220459,5.53000020980835,5.579999923706055,25112,0.0,0.0
2023-08-18 11:30:00-04:00,5.59499979019165,5.610000133514404,5.519999980926514,5.550000190734863,12634,0.0,0.0
2023-08-18 12:30:00-04:00,5.539999961853027,5.605000019073486,5.519999980926514,5.605000019073486,8893,0.0,0.0
2023-08-18 13:30:00-04:00,5.605000019073486,5.659999847412109,5.605000019073486,5.630000114440918,12958,0.0,0.0
2023-08-18 14:30:00-04:00,5.610000133514404,5.639999866485596,5.579999923706055,5.599999904632568,16318,0.0,0.0
2023-08-18 15:30:00-04:00,5.619999885559082,5.650000095367432,5.539999961853027,5.630000114440918,43391,0.0,0.0
2023-08-21 09:30:00-04:00,5.659999847412109,5.78000020980835,5.474999904632568,5.519999980926514,58463,0.0,0.0
2023-08-21 10:30:00-04:00,5.519999980926514,5.880000114440918,5.519999980926514,5.739999771118164,39122,0.0,0.0
2023-08-21 11:30:00-04:00,5.735000133514404,5.789999961853027,5.679999828338623,5.789999961853027,17308,0.0,0.0
2023-08-21 12:30:00-04:00,5.769999980926514,5.949999809265137,5.769999980926514,5.940000057220459,23866,0.0,0.0
2023-08-21 13:30:00-04:00,5.949999809265137,6.199999809265137,5.949999809265137,6.059999942779541,56535,0.0,0.0
2023-08-21 14:30:00-04:00,6.059999942779541,6.130000114440918,6.0,6.090000152587891,39132,0.0,0.0
2023-08-21 15:30:00-04:00,6.077199935913086,6.150000095367432,6.077199935913086,6.150000095367432,47160,0.0,0.0
2023-08-22 09:30:00-04:00,6.119999885559082,6.119999885559082,5.739999771118164,5.869999885559082,35006,0.0,0.0
2023-08-22 10:30:00-04:00,5.889999866485596,6.079999923706055,5.880000114440918,6.010000228881836,20424,0.0,0.0
2023-08-22 11:30:00-04:00,6.034999847412109,6.099999904632568,6.019999980926514,6.054999828338623,15611,0.0,0.0
2023-08-22 12:30:00-04:00,6.039999961853027,6.144999980926514,6.039999961853027,6.114999771118164,12701,0.0,0.0
2023-08-22 13:30:00-04:00,6.119999885559082,6.269999980926514,6.119999885559082,6.269999980926514,39777,0.0,0.0
2023-08-22 14:30:00-04:00,6.28000020980835,6.340000152587891,6.210000038146973,6.210000038146973,19774,0.0,0.0
2023-08-22 15:30:00-04:00,6.230000019073486,6.320000171661377,6.199999809265137,6.300000190734863,39029,0.0,0.0
2023-08-23 09:30:00-04:00,6.309999942779541,6.510000228881836,6.190000057220459,6.329999923706055,34680,0.0,0.0
2023-08-23 10:30:00-04:00,6.329999923706055,6.335000038146973,6.25,6.260000228881836,14140,0.0,0.0
2023-08-23 11:30:00-04:00,6.260000228881836,6.260000228881836,6.119999885559082,6.150000095367432,15819,0.0,0.0
2023-08-23 12:30:00-04:00,6.150000095367432,6.21999979019165,6.039999961853027,6.199999809265137,15473,0.0,0.0
2023-08-23 13:30:00-04:00,6.21999979019165,6.230000019073486,6.150000095367432,6.179999828338623,8374,0.0,0.0
2023-08-23 14:30:00-04:00,6.144999980926514,6.170000076293945,6.130000114440918,6.130000114440918,11176,0.0,0.0
2023-08-23 15:30:00-04:00,6.110000133514404,6.179999828338623,6.050000190734863,6.059999942779541,43018,0.0,0.0
2023-08-24 09:30:00-04:00,6.079999923706055,6.079999923706055,5.497200012207031,5.570000171661377,16257,0.0,0.0
2023-08-24 10:30:00-04:00,5.559999942779541,5.639999866485596,5.550000190734863,5.570000171661377,10348,0.0,0.0
2023-08-24 11:30:00-04:00,5.570000171661377,5.679999828338623,5.570000171661377,5.670000076293945,9798,0.0,0.0
2023-08-24 12:30:00-04:00,5.639999866485596,5.710000038146973,5.639999866485596,5.659999847412109,5837,0.0,0.0
2023-08-24 13:30:00-04:00,5.670000076293945,5.760000228881836,5.670000076293945,5.708000183105469,6512,0.0,0.0
2023-08-24 14:30:00-04:00,5.710000038146973,5.730000019073486,5.679999828338623,5.710000038146973,7927,0.0,0.0
2023-08-24 15:30:00-04:00,5.690000057220459,5.769999980926514,5.690000057220459,5.71999979019165,19352,0.0,0.0
2023-08-25 09:30:00-04:00,5.769999980926514,5.769999980926514,5.489999771118164,5.519999980926514,46833,0.0,0.0
2023-08-25 10:30:00-04:00,5.539999961853027,5.565000057220459,5.440000057220459,5.550000190734863,20817,0.0,0.0
2023-08-25 11:30:00-04:00,5.570000171661377,5.590000152587891,5.480000019073486,5.514999866485596,8976,0.0,0.0
2023-08-25 12:30:00-04:00,5.519999980926514,5.590000152587891,5.510000228881836,5.579999923706055,7916,0.0,0.0
2023-08-25 13:30:00-04:00,5.579999923706055,5.690000057220459,5.579999923706055,5.679999828338623,5930,0.0,0.0
2023-08-25 14:30:00-04:00,5.670000076293945,5.675000190734863,5.610000133514404,5.610000133514404,5972,0.0,0.0
2023-08-25 15:30:00-04:00,5.619999885559082,5.630000114440918,5.550000190734863,5.550000190734863,18118,0.0,0.0
2023-08-28 09:30:00-04:00,5.610000133514404,5.610000133514404,5.460000038146973,5.480000019073486,11050,0.0,0.0
2023-08-28 10:30:00-04:00,5.460000038146973,5.510000228881836,5.340000152587891,5.340000152587891,15455,0.0,0.0
2023-08-28 11:30:00-04:00,5.340000152587891,5.400000095367432,5.340000152587891,5.369999885559082,9625,0.0,0.0
2023-08-28 12:30:00-04:00,5.396299839019775,5.46999979019165,5.396299839019775,5.460000038146973,11000,0.0,0.0
2023-08-28 13:30:00-04:00,5.460000038146973,5.485899925231934,5.420000076293945,5.485899925231934,10289,0.0,0.0
2023-08-28 14:30:00-04:00,5.474999904632568,5.514999866485596,5.460000038146973,5.485000133514404,14353,0.0,0.0
2023-08-28 15:30:00-04:00,5.480000019073486,5.489999771118164,5.420000076293945,5.449999809265137,25920,0.0,0.0
2023-08-29 09:30:00-04:00,5.449999809265137,5.599999904632568,5.380000114440918,5.565000057220459,0,0.0,0.0
2023-08-29 10:30:00-04:00,5.539999961853027,5.630000114440918,5.539999961853027,5.570000171661377,47046,0.0,0.0
2023-08-29 11:30:00-04:00,5.570000171661377,5.6479997634887695,5.570000171661377,5.610000133514404,4586,0.0,0.0
2023-08-29 12:30:00-04:00,5.599999904632568,5.639999866485596,5.5,5.5,6072,0.0,0.0
2023-08-29 13:30:00-04:00,5.489999771118164,5.550000190734863,5.485000133514404,5.550000190734863,5183,0.0,0.0
2023-08-29 14:30:00-04:00,5.550000190734863,5.550000190734863,5.460000038146973,5.46999979019165,10594,0.0,0.0
2023-08-29 15:30:00-04:00,5.489999771118164,5.539999961853027,5.46999979019165,5.53000020980835,17135,0.0,0.0
2023-08-30 09:30:00-04:00,5.519999980926514,5.590000152587891,5.414999961853027,5.462500095367432,6830,0.0,0.0
2023-08-30 10:30:00-04:00,5.4654998779296875,5.559999942779541,5.449999809265137,5.550000190734863,5002,0.0,0.0
2023-08-30 11:30:00-04:00,5.559999942779541,5.630000114440918,5.489999771118164,5.510000228881836,22995,0.0,0.0
2023-08-30 12:30:00-04:00,5.5,5.510000228881836,5.449999809265137,5.465000152587891,10664,0.0,0.0
2023-08-30 13:30:00-04:00,5.480000019073486,5.489999771118164,5.420000076293945,5.429999828338623,9923,0.0,0.0
2023-08-30 14:30:00-04:00,5.440000057220459,5.440000057220459,5.360000133514404,5.389999866485596,12582,0.0,0.0
2023-08-30 15:30:00-04:00,5.380000114440918,5.420000076293945,5.340000152587891,5.409999847412109,24511,0.0,0.0
2023-08-31 09:30:00-04:00,5.400000095367432,5.480000019073486,5.300000190734863,5.369999885559082,4631,0.0,0.0
2023-08-31 10:30:00-04:00,5.369999885559082,5.389999866485596,5.239999771118164,5.239999771118164,22310,0.0,0.0
2023-08-31 11:30:00-04:00,5.230000019073486,5.28000020980835,5.199999809265137,5.230000019073486,9882,0.0,0.0
2023-08-31 12:30:00-04:00,5.199999809265137,5.199999809265137,5.15500020980835,5.188199996948242,3221,0.0,0.0
2023-08-31 13:30:00-04:00,5.190000057220459,5.199999809265137,5.144999980926514,5.144999980926514,4912,0.0,0.0
2023-08-31 14:30:00-04:00,5.130000114440918,5.170000076293945,5.114999771118164,5.114999771118164,7297,0.0,0.0
2023-08-31 15:30:00-04:00,5.110000133514404,5.119999885559082,5.050000190734863,5.050000190734863,16907,0.0,0.0
2023-09-01 09:30:00-04:00,5.079999923706055,5.135000228881836,4.960000038146973,5.099999904632568,16465,0.0,0.0
2023-09-01 10:30:00-04:00,5.130000114440918,5.329999923706055,5.130000114440918,5.264999866485596,12449,0.0,0.0
2023-09-01 11:30:00-04:00,5.25,5.264999866485596,5.230000019073486,5.230000019073486,4712,0.0,0.0
2023-09-01 12:30:00-04:00,5.260000228881836,5.320000171661377,5.239999771118164,5.304999828338623,15405,0.0,0.0
2023-09-01 13:30:00-04:00,5.320000171661377,5.335000038146973,5.309999942779541,5.309999942779541,5793,0.0,0.0
2023-09-01 14:30:00-04:00,5.300000190734863,5.309999942779541,5.195000171661377,5.269999980926514,31526,0.0,0.0
2023-09-01 15:30:00-04:00,5.25,5.340000152587891,5.25,5.309999942779541,34757,0.0,0.0
2023-09-05 09:30:00-04:00,5.289999961853027,5.369999885559082,5.090000152587891,5.099999904632568,45096,0.0,0.0
2023-09-05 10:30:00-04:00,5.070000171661377,5.070000171661377,4.96999979019165,4.96999979019165,7403,0.0,0.0
2023-09-05 11:30:00-04:00,4.96999979019165,4.989999771118164,4.880000114440918,4.887499809265137,16880,0.0,0.0
2023-09-05 12:30:00-04:00,4.849999904632568,4.909999847412109,4.840000152587891,4.900000095367432,11740,0.0,0.0
2023-09-05 13:30:00-04:00,4.907800197601318,4.925000190734863,4.880000114440918,4.880000114440918,10102,0.0,0.0
2023-09-05 14:30:00-04:00,4.869999885559082,5.079999923706055,4.869999885559082,4.920000076293945,38347,0.0,0.0
2023-09-05 15:30:00-04:00,4.920000076293945,4.96999979019165,4.909999847412109,4.909999847412109,32758,0.0,0.0
2023-09-06 09:30:00-04:00,4.920000076293945,5.010000228881836,4.809999942779541,4.809999942779541,57957,0.0,0.0
2023-09-06 10:30:00-04:00,4.809999942779541,4.869999885559082,4.739999771118164,4.777500152587891,37696,0.0,0.0
2023-09-06 11:30:00-04:00,4.784999847412109,4.849999904632568,4.769999980926514,4.820000171661377,11739,0.0,0.0
2023-09-06 12:30:00-04:00,4.829999923706055,4.880000114440918,4.820000171661377,4.880000114440918,6121,0.0,0.0
2023-09-06 13:30:00-04:00,4.869999885559082,4.880000114440918,4.860000133514404,4.860000133514404,9705,0.0,0.0
2023-09-06 14:30:00-04:00,4.869999885559082,4.872799873352051,4.840000152587891,4.860000133514404,10498,0.0,0.0
2023-09-06 15:30:00-04:00,4.849999904632568,4.860000133514404,4.820000171661377,4.840000152587891,15608,0.0,0.0
2023-09-07 09:30:00-04:00,5.0,5.0,4.75,4.789999961853027,42135,0.0,0.0
2023-09-07 10:30:00-04:00,4.824999809265137,4.900000095367432,4.800000190734863,4.869999885559082,11370,0.0,0.0
2023-09-07 11:30:00-04:00,4.869999885559082,5.014999866485596,4.835000038146973,5.0,27469,0.0,0.0
2023-09-07 12:30:00-04:00,5.019999980926514,5.025000095367432,4.880000114440918,4.880000114440918,22377,0.0,0.0
2023-09-07 13:30:00-04:00,4.894999980926514,4.909999847412109,4.880000114440918,4.889999866485596,15455,0.0,0.0
2023-09-07 14:30:00-04:00,4.885000228881836,5.0,4.880000114440918,5.0,23687,0.0,0.0
2023-09-07 15:30:00-04:00,4.980000019073486,5.019999980926514,4.96999979019165,5.0,15475,0.0,0.0
2023-09-08 09:30:00-04:00,5.110000133514404,5.150000095367432,4.909999847412109,5.150000095367432,9784,0.0,0.0
2023-09-08 10:30:00-04:00,5.164999961853027,5.239999771118164,5.119999885559082,5.21999979019165,12593,0.0,0.0
2023-09-08 11:30:00-04:00,5.21999979019165,5.21999979019165,5.139999866485596,5.190000057220459,13597,0.0,0.0
2023-09-08 12:30:00-04:00,5.190000057220459,5.21999979019165,5.170000076293945,5.170000076293945,8209,0.0,0.0
2023-09-08 13:30:00-04:00,5.179999828338623,5.199999809265137,5.090000152587891,5.090000152587891,6481,0.0,0.0
2023-09-08 14:30:00-04:00,5.090000152587891,5.090000152587891,5.039999961853027,5.090000152587891,0,0.0,0.0
2023-09-08 15:30:00-04:00,5.070000171661377,5.090000152587891,5.019999980926514,5.079999923706055,81917,0.0,0.0
2023-09-11 09:30:00-04:00,5.099999904632568,5.139999866485596,4.989999771118164,5.099999904632568,10349,0.0,0.0
2023-09-11 10:30:00-04:00,5.130000114440918,5.28000020980835,5.099999904632568,5.260000228881836,9277,0.0,0.0
2023-09-11 11:30:00-04:00,5.239999771118164,5.269999980926514,5.159999847412109,5.190000057220459,12274,0.0,0.0
2023-09-11 12:30:00-04:00,5.190000057220459,5.21999979019165,5.079999923706055,5.139999866485596,7922,0.0,0.0
2023-09-11 13:30:00-04:00,5.139999866485596,5.210000038146973,5.130000114440918,5.190000057220459,6447,0.0,0.0
2023-09-11 14:30:00-04:00,5.190000057220459,5.21999979019165,5.150000095367432,5.159999847412109,14174,0.0,0.0
2023-09-11 15:30:00-04:00,5.159999847412109,5.21999979019165,5.150000095367432,5.170000076293945,22601,0.0,0.0
2023-09-12 09:30:00-04:00,5.079999923706055,5.177499771118164,5.079999923706055,5.130000114440918,12856,0.0,0.0
2023-09-12 10:30:00-04:00,5.139999866485596,5.139999866485596,5.03000020980835,5.050000190734863,19687,0.0,0.0
2023-09-12 11:30:00-04:00,5.050000190734863,5.130000114440918,5.045000076293945,5.110000133514404,8932,0.0,0.0
2023-09-12 12:30:00-04:00,5.119999885559082,5.119999885559082,5.050000190734863,5.065000057220459,10594,0.0,0.0
2023-09-12 13:30:00-04:00,5.065000057220459,5.065000057220459,4.974999904632568,5.014999866485596,21608,0.0,0.0
2023-09-12 14:30:00-04:00,5.014999866485596,5.03000020980835,5.0,5.010000228881836,8942,0.0,0.0
2023-09-12 15:30:00-04:00,5.010000228881836,5.019999980926514,4.96999979019165,5.005000114440918,21850,0.0,0.0
2023-09-13 09:30:00-04:00,5.03000020980835,5.139999866485596,4.929999828338623,5.045000076293945,6231,0.0,0.0
2023-09-13 10:30:00-04:00,5.074999809265137,5.210000038146973,5.050000190734863,5.059999942779541,7030,0.0,0.0
2023-09-13 11:30:00-04:00,5.110000133514404,5.119999885559082,5.079999923706055,5.119999885559082,6057,0.0,0.0
2023-09-13 12:30:00-04:00,5.079999923706055,5.159999847412109,5.059999942779541,5.059999942779541,8387,0.0,0.0
2023-09-13 13:30:00-04:00,5.059999942779541,5.130000114440918,4.880000114440918,5.059999942779541,40242,0.0,0.0
2023-09-13 14:30:00-04:00,5.019999980926514,5.059999942779541,4.960000038146973,5.0,13524,0.0,0.0
2023-09-13 15:30:00-04:00,4.989999771118164,4.989999771118164,4.900000095367432,4.960000038146973,28414,0.0,0.0
2023-09-14 09:30:00-04:00,4.980000019073486,5.190000057220459,4.829999923706055,4.929999828338623,40059,0.0,0.0
2023-09-14 10:30:00-04:00,4.940000057220459,5.019999980926514,4.880000114440918,4.880000114440918,8304,0.0,0.0
2023-09-14 11:30:00-04:00,4.880000114440918,4.929999828338623,4.829999923706055,4.829999923706055,6619,0.0,0.0
2023-09-14 12:30:00-04:00,4.809999942779541,4.940000057220459,4.800000190734863,4.929999828338623,8518,0.0,0.0
2023-09-14 13:30:00-04:00,4.929999828338623,5.045000076293945,4.920000076293945,5.039999961853027,8462,0.0,0.0
2023-09-14 14:30:00-04:00,5.050000190734863,5.090000152587891,4.96999979019165,5.0,9862,0.0,0.0
2023-09-14 15:30:00-04:00,5.0,5.03000020980835,4.960000038146973,4.989999771118164,24549,0.0,0.0
2023-09-15 09:30:00-04:00,4.989999771118164,4.989999771118164,4.789999961853027,4.929999828338623,48331,0.0,0.0
2023-09-15 10:30:00-04:00,4.949999809265137,5.03000020980835,4.940000057220459,5.03000020980835,6938,0.0,0.0
2023-09-15 11:30:00-04:00,5.0,5.010000228881836,4.985000133514404,4.989999771118164,4739,0.0,0.0
2023-09-15 12:30:00-04:00,5.0,5.079999923706055,4.980000019073486,5.03000020980835,16736,0.0,0.0
2023-09-15 13:30:00-04:00,5.019999980926514,5.059999942779541,4.96999979019165,5.0,8738,0.0,0.0
2023-09-15 14:30:00-04:00,4.989999771118164,5.039999961853027,4.989999771118164,5.03000020980835,8909,0.0,0.0
2023-09-15 15:30:00-04:00,5.03000020980835,5.039999961853027,4.949999809265137,5.0,21661,0.0,0.0
2023-09-18 09:30:00-04:00,5.0,5.079999923706055,4.949999809265137,5.070000171661377,11559,0.0,0.0
2023-09-18 10:30:00-04:00,5.065000057220459,5.065000057220459,4.949999809265137,4.96750020980835,6275,0.0,0.0
2023-09-18 11:30:00-04:00,4.989999771118164,5.050000190734863,4.980000019073486,5.019999980926514,7400,0.0,0.0
2023-09-18 12:30:00-04:00,5.03000020980835,5.039999961853027,5.0,5.000100135803223,12961,0.0,0.0
2023-09-18 13:30:00-04:00,5.019999980926514,5.085000038146973,4.994999885559082,5.070000171661377,8936,0.0,0.0
2023-09-18 14:30:00-04:00,5.070000171661377,5.114999771118164,5.070000171661377,5.090000152587891,9333,0.0,0.0
2023-09-18 15:30:00-04:00,5.090000152587891,5.090000152587891,5.059999942779541,5.090000152587891,18608,0.0,0.0
2023-09-19 09:30:00-04:00,5.070000171661377,5.429999828338623,4.940000057220459,5.329999923706055,29305,0.0,0.0
2023-09-19 10:30:00-04:00,5.326200008392334,5.349999904632568,5.130000114440918,5.130000114440918,20009,0.0,0.0
2023-09-19 11:30:00-04:00,5.130000114440918,5.199999809265137,5.110000133514404,5.139999866485596,4720,0.0,0.0
2023-09-19 12:30:00-04:00,5.139999866485596,5.190000057220459,5.119999885559082,5.179999828338623,3043,0.0,0.0
2023-09-19 13:30:00-04:00,5.170000076293945,5.21999979019165,5.150000095367432,5.179999828338623,4525,0.0,0.0
2023-09-19 14:30:00-04:00,5.164999961853027,5.204999923706055,5.150000095367432,5.179999828338623,4054,0.0,0.0
2023-09-19 15:30:00-04:00,5.179999828338623,5.260000228881836,5.179999828338623,5.25,18463,0.0,0.0
2023-09-20 09:30:00-04:00,5.260000228881836,5.320000171661377,5.21999979019165,5.255000114440918,7502,0.0,0.0
2023-09-20 10:30:00-04:00,5.300000190734863,5.309999942779541,5.139999866485596,5.139999866485596,5147,0.0,0.0
2023-09-20 11:30:00-04:00,5.119999885559082,5.169899940490723,5.119999885559082,5.144999980926514,3198,0.0,0.0
2023-09-20 12:30:00-04:00,5.144999980926514,5.184999942779541,5.130000114440918,5.159999847412109,2704,0.0,0.0
2023-09-20 13:30:00-04:00,5.170000076293945,5.295000076293945,5.170000076293945,5.295000076293945,10391,0.0,0.0
2023-09-20 14:30:00-04:00,5.329999923706055,5.380000114440918,5.170000076293945,5.210000038146973,15495,0.0,0.0
2023-09-20 15:30:00-04:00,5.210000038146973,5.239999771118164,5.179999828338623,5.21999979019165,24025,0.0,0.0
2023-09-21 09:30:00-04:00,5.119999885559082,5.119999885559082,5.010000228881836,5.110000133514404,10859,0.0,0.0
2023-09-21 10:30:00-04:00,5.110000133514404,5.210000038146973,5.110000133514404,5.179999828338623,8985,0.0,0.0
2023-09-21 11:30:00-04:00,5.159999847412109,5.170000076293945,5.050000190734863,5.110000133514404,6675,0.0,0.0
2023-09-21 12:30:00-04:00,5.070000171661377,5.150000095367432,5.070000171661377,5.150000095367432,3336,0.0,0.0
2023-09-21 13:30:00-04:00,5.159999847412109,5.190000057220459,5.119999885559082,5.130000114440918,7511,0.0,0.0
2023-09-21 14:30:00-04:00,5.139999866485596,5.150000095367432,5.119999885559082,5.119999885559082,5944,0.0,0.0
2023-09-21 15:30:00-04:00,5.130000114440918,5.139999866485596,5.070000171661377,5.079999923706055,22701,0.0,0.0
2023-09-22 09:30:00-04:00,5.099999904632568,5.210000038146973,5.070000171661377,5.199999809265137,15190,0.0,0.0
2023-09-22 10:30:00-04:00,5.199999809265137,5.239999771118164,5.190000057220459,5.190000057220459,10685,0.0,0.0
2023-09-22 11:30:00-04:00,5.190000057220459,5.260000228881836,5.170000076293945,5.199999809265137,10155,0.0,0.0
2023-09-22 12:30:00-04:00,5.190000057220459,5.21999979019165,5.179999828338623,5.199999809265137,16510,0.0,0.0
2023-09-22 13:30:00-04:00,5.195000171661377,5.224999904632568,5.190000057220459,5.210000038146973,9139,0.0,0.0
2023-09-22 14:30:00-04:00,5.210000038146973,5.260000228881836,5.210000038146973,5.260000228881836,4795,0.0,0.0
2023-09-22 15:30:00-04:00,5.239999771118164,5.260000228881836,5.190000057220459,5.230000019073486,25714,0.0,0.0
2023-09-25 09:30:00-04:00,5.179999828338623,5.239999771118164,5.099999904632568,5.199999809265137,30230,0.0,0.0
2023-09-25 10:30:00-04:00,5.199999809265137,5.369999885559082,5.190000057220459,5.360000133514404,24217,0.0,0.0
2023-09-25 11:30:00-04:00,5.360000133514404,5.360000133514404,5.28000020980835,5.309999942779541,7533,0.0,0.0
2023-09-25 12:30:00-04:00,5.329999923706055,5.349999904632568,5.269999980926514,5.28000020980835,10232,0.0,0.0
2023-09-25 13:30:00-04:00,5.269999980926514,5.28000020980835,5.239999771118164,5.25,14743,0.0,0.0
2023-09-25 14:30:00-04:00,5.25,5.28000020980835,5.244999885559082,5.28000020980835,11222,0.0,0.0
2023-09-25 15:30:00-04:00,5.275000095367432,5.309999942779541,5.269999980926514,5.300000190734863,33200,0.0,0.0
2023-09-26 09:30:00-04:00,5.28000020980835,5.559999942779541,5.28000020980835,5.360000133514404,18271,0.0,0.0
2023-09-26 10:30:00-04:00,5.349999904632568,5.505000114440918,5.349999904632568,5.425000190734863,10895,0.0,0.0
2023-09-26 11:30:00-04:00,5.425000190734863,5.489999771118164,5.414999961853027,5.440000057220459,9724,0.0,0.0
2023-09-26 12:30:00-04:00,5.460000038146973,5.480000019073486,5.420000076293945,5.429999828338623,14305,0.0,0.0
2023-09-26 13:30:00-04:00,5.429999828338623,5.429999828338623,5.340000152587891,5.360000133514404,19733,0.0,0.0
2023-09-26 14:30:00-04:00,5.380000114440918,5.400000095367432,5.28000020980835,5.300000190734863,29241,0.0,0.0
2023-09-26 15:30:00-04:00,5.300000190734863,5.360000133514404,5.230000019073486,5.349999904632568,39396,0.0,0.0
2023-09-27 09:30:00-04:00,5.360000133514404,5.539999961853027,5.349999904632568,5.514999866485596,8679,0.0,0.0
2023-09-27 10:30:00-04:00,5.505000114440918,5.570000171661377,5.489999771118164,5.550000190734863,10544,0.0,0.0
2023-09-27 11:30:00-04:00,5.550000190734863,5.639999866485596,5.519999980926514,5.610000133514404,13687,0.0,0.0
2023-09-27 12:30:00-04:00,5.599999904632568,5.690000057220459,5.599999904632568,5.679999828338623,13307,0.0,0.0
2023-09-27 13:30:00-04:00,5.710000038146973,5.730000019073486,5.650000095367432,5.670000076293945,9942,0.0,0.0
2023-09-27 14:30:00-04:00,5.690000057220459,5.769999980926514,5.690000057220459,5.769999980926514,9183,0.0,0.0
2023-09-27 15:30:00-04:00,5.769999980926514,5.789999961853027,5.739999771118164,5.789999961853027,14812,0.0,0.0
2023-09-28 09:30:00-04:00,5.78000020980835,5.820000171661377,5.450099945068359,5.450099945068359,68970,0.0,0.0
2023-09-28 10:30:00-04:00,5.429999828338623,5.489999771118164,5.40500020980835,5.409999847412109,11784,0.0,0.0
2023-09-28 11:30:00-04:00,5.409999847412109,5.525000095367432,5.380000114440918,5.525000095367432,8172,0.0,0.0
2023-09-28 12:30:00-04:00,5.53000020980835,5.599999904632568,5.514999866485596,5.539999961853027,10524,0.0,0.0
2023-09-28 13:30:00-04:00,5.539999961853027,5.670000076293945,5.539999961853027,5.570000171661377,14909,0.0,0.0
2023-09-28 14:30:00-04:00,5.539999961853027,5.579999923706055,5.519999980926514,5.550000190734863,15681,0.0,0.0
2023-09-28 15:30:00-04:00,5.559999942779541,5.619999885559082,5.53000020980835,5.610000133514404,38248,0.0,0.0
2023-09-29 09:30:00-04:00,5.610000133514404,5.859899997711182,5.53000020980835,5.635000228881836,33564,0.0,0.0
2023-09-29 10:30:00-04:00,5.630000114440918,5.675000190734863,5.489999771118164,5.489999771118164,15788,0.0,0.0
2023-09-29 11:30:00-04:00,5.480000019073486,5.550000190734863,5.449999809265137,5.510000228881836,12425,0.0,0.0
2023-09-29 12:30:00-04:00,5.519999980926514,5.570000171661377,5.510000228881836,5.559999942779541,16708,0.0,0.0
2023-09-29 13:30:00-04:00,5.570000171661377,5.570000171661377,5.409999847412109,5.409999847412109,9280,0.0,0.0
2023-09-29 14:30:00-04:00,5.380000114440918,5.510000228881836,5.360000133514404,5.485000133514404,112501,0.0,0.0
2023-09-29 15:30:00-04:00,5.485000133514404,5.492499828338623,5.409999847412109,5.440000057220459,29278,0.0,0.0
2023-10-02 09:30:00-04:00,5.380000114440918,5.53000020980835,5.150000095367432,5.175000190734863,26988,0.0,0.0
2023-10-02 10:30:00-04:00,5.164999961853027,5.329999923706055,5.151000022888184,5.315000057220459,13483,0.0,0.0
2023-10-02 11:30:00-04:00,5.315000057220459,5.340000152587891,5.239999771118164,5.25,9870,0.0,0.0
2023-10-02 12:30:00-04:00,5.255000114440918,5.28000020980835,5.21999979019165,5.239999771118164,22121,0.0,0.0
2023-10-02 13:30:00-04:00,5.239999771118164,5.289999961853027,5.239999771118164,5.28000020980835,8897,0.0,0.0
2023-10-02 14:30:00-04:00,5.289999961853027,5.360000133514404,5.289999961853027,5.324999809265137,19794,0.0,0.0
2023-10-02 15:30:00-04:00,5.324999809265137,5.360000133514404,5.28000020980835,5.360000133514404,47651,0.0,0.0
2023-10-03 09:30:00-04:00,5.329999923706055,5.385000228881836,5.119999885559082,5.199999809265137,19029,0.0,0.0
2023-10-03 10:30:00-04:00,5.199999809265137,5.260000228881836,5.170000076293945,5.235000133514404,18975,0.0,0.0
2023-10-03 11:30:00-04:00,5.239999771118164,5.244999885559082,5.21999979019165,5.224999904632568,11566,0.0,0.0
2023-10-03 12:30:00-04:00,5.224999904632568,5.28000020980835,5.21750020980835,5.260000228881836,7261,0.0,0.0
2023-10-03 13:30:00-04:00,5.260000228881836,5.284999847412109,5.230000019073486,5.260000228881836,16044,0.0,0.0
2023-10-03 14:30:00-04:00,5.25,5.275000095367432,5.070000171661377,5.09499979019165,20110,0.0,0.0
2023-10-03 15:30:00-04:00,5.094299793243408,5.170000076293945,5.070000171661377,5.159999847412109,40160,0.0,0.0
2023-10-04 09:30:00-04:00,5.269999980926514,5.335000038146973,5.074999809265137,5.079999923706055,7432,0.0,0.0
2023-10-04 10:30:00-04:00,5.110000133514404,5.275000095367432,5.099999904632568,5.230000019073486,12387,0.0,0.0
2023-10-04 11:30:00-04:00,5.230000019073486,5.230000019073486,5.170000076293945,5.175000190734863,12671,0.0,0.0
2023-10-04 12:30:00-04:00,5.190000057220459,5.224999904632568,5.159999847412109,5.170000076293945,11039,0.0,0.0
2023-10-04 13:30:00-04:00,5.179999828338623,5.179999828338623,5.150000095367432,5.170000076293945,7839,0.0,0.0
2023-10-04 14:30:00-04:00,5.170000076293945,5.184999942779541,5.039999961853027,5.039999961853027,57835,0.0,0.0
2023-10-04 15:30:00-04:00,5.039999961853027,5.090000152587891,5.03000020980835,5.090000152587891,35775,0.0,0.0
2023-10-05 09:30:00-04:00,5.190000057220459,5.449999809265137,5.039999961853027,5.170000076293945,12390,0.0,0.0
2023-10-05 10:30:00-04:00,5.175000190734863,5.175000190734863,4.940000057220459,5.090000152587891,49151,0.0,0.0
2023-10-05 11:30:00-04:00,5.119999885559082,5.230000019073486,5.119999885559082,5.2017998695373535,16999,0.0,0.0
2023-10-05 12:30:00-04:00,5.235000133514404,5.239999771118164,5.210000038146973,5.239999771118164,6563,0.0,0.0
2023-10-05 13:30:00-04:00,5.239999771118164,5.389999866485596,5.224999904632568,5.369999885559082,13636,0.0,0.0
2023-10-05 14:30:00-04:00,5.380000114440918,5.519999980926514,5.369999885559082,5.400000095367432,14176,0.0,0.0
2023-10-05 15:30:00-04:00,5.400000095367432,5.409999847412109,5.190000057220459,5.199999809265137,60384,0.0,0.0
2023-10-06 09:30:00-04:00,5.269999980926514,5.269999980926514,4.980000019073486,5.090000152587891,28729,0.0,0.0
2023-10-06 10:30:00-04:00,5.039999961853027,5.170000076293945,5.034999847412109,5.159999847412109,27142,0.0,0.0
2023-10-06 11:30:00-04:00,5.179999828338623,5.389999866485596,5.179999828338623,5.329999923706055,16459,0.0,0.0
2023-10-06 12:30:00-04:00,5.335000038146973,5.440000057220459,5.320000171661377,5.429999828338623,20074,0.0,0.0
2023-10-06 13:30:00-04:00,5.429999828338623,5.429999828338623,5.28000020980835,5.289999961853027,10305,0.0,0.0
2023-10-06 14:30:00-04:00,5.300000190734863,5.300000190734863,5.210000038146973,5.2820000648498535,21316,0.0,0.0
2023-10-06 15:30:00-04:00,5.300000190734863,5.380000114440918,5.295000076293945,5.349999904632568,30992,0.0,0.0
2023-10-09 09:30:00-04:00,5.349999904632568,5.349999904632568,5.050000190734863,5.110000133514404,7237,0.0,0.0
2023-10-09 10:30:00-04:00,5.110000133514404,5.110000133514404,4.994999885559082,5.050000190734863,7340,0.0,0.0
2023-10-09 11:30:00-04:00,5.059999942779541,5.099999904632568,5.010000228881836,5.010000228881836,5173,0.0,0.0
2023-10-09 12:30:00-04:00,5.01200008392334,5.110000133514404,4.985000133514404,5.110000133514404,16594,0.0,0.0
2023-10-09 13:30:00-04:00,5.119999885559082,5.119999885559082,5.085000038146973,5.099999904632568,5578,0.0,0.0
2023-10-09 14:30:00-04:00,5.099999904632568,5.179999828338623,5.099999904632568,5.179999828338623,13008,0.0,0.0
2023-10-09 15:30:00-04:00,5.164999961853027,5.175000190734863,5.130000114440918,5.159999847412109,20575,0.0,0.0
2023-10-10 09:30:00-04:00,5.119999885559082,5.300000190734863,5.050000190734863,5.28000020980835,11965,0.0,0.0
2023-10-10 10:30:00-04:00,5.240099906921387,5.360000133514404,5.239999771118164,5.315000057220459,6498,0.0,0.0
2023-10-10 11:30:00-04:00,5.300000190734863,5.349999904632568,5.260000228881836,5.349999904632568,11925,0.0,0.0
2023-10-10 12:30:00-04:00,5.389999866485596,5.440000057220459,5.360000133514404,5.432000160217285,9427,0.0,0.0
2023-10-10 13:30:00-04:00,5.441500186920166,5.460000038146973,5.340000152587891,5.360000133514404,8211,0.0,0.0
2023-10-10 14:30:00-04:00,5.360000133514404,5.434999942779541,5.320000171661377,5.420000076293945,12312,0.0,0.0
2023-10-10 15:30:00-04:00,5.420000076293945,5.489999771118164,5.400000095367432,5.420000076293945,20564,0.0,0.0
2023-10-11 09:30:00-04:00,5.380000114440918,5.610000133514404,5.380000114440918,5.494999885559082,17060,0.0,0.0
2023-10-11 10:30:00-04:00,5.485000133514404,5.590000152587891,5.485000133514404,5.554999828338623,11150,0.0,0.0
2023-10-11 11:30:00-04:00,5.554999828338623,5.664999961853027,5.554999828338623,5.650000095367432,9492,0.0,0.0
2023-10-11 12:30:00-04:00,5.650000095367432,5.65500020980835,5.570000171661377,5.570000171661377,7719,0.0,0.0
2023-10-11 13:30:00-04:00,5.534999847412109,5.590000152587891,5.519999980926514,5.590000152587891,4588,0.0,0.0
2023-10-11 14:30:00-04:00,5.590000152587891,5.590000152587891,5.510000228881836,5.539999961853027,12450,0.0,0.0
2023-10-11 15:30:00-04:00,5.550000190734863,5.579999923706055,5.519999980926514,5.539999961853027,16481,0.0,0.0
2023-10-12 09:30:00-04:00,5.53000020980835,5.570000171661377,5.360000133514404,5.480000019073486,11081,0.0,0.0
2023-10-12 10:30:00-04:00,5.480000019073486,5.489999771118164,5.230000019073486,5.25,13059,0.0,0.0
2023-10-12 11:30:00-04:00,5.260000228881836,5.289999961853027,5.210000038146973,5.28000020980835,53142,0.0,0.0
2023-10-12 12:30:00-04:00,5.289999961853027,5.340000152587891,5.257500171661377,5.300000190734863,11789,0.0,0.0
2023-10-12 13:30:00-04:00,5.284999847412109,5.329999923706055,5.239999771118164,5.309999942779541,14190,0.0,0.0
2023-10-12 14:30:00-04:00,5.309999942779541,5.340000152587891,5.25,5.340000152587891,17958,0.0,0.0
2023-10-12 15:30:00-04:00,5.340000152587891,5.340000152587891,5.289999961853027,5.309999942779541,24918,0.0,0.0
2023-10-13 09:30:00-04:00,5.320000171661377,5.409999847412109,5.199999809265137,5.409999847412109,14336,0.0,0.0
2023-10-13 10:30:00-04:00,5.420000076293945,5.46999979019165,5.380000114440918,5.389999866485596,19002,0.0,0.0
2023-10-13 11:30:00-04:00,5.420000076293945,5.420000076293945,5.394999980926514,5.394999980926514,6111,0.0,0.0
2023-10-13 12:30:00-04:00,5.394999980926514,5.420000076293945,5.389999866485596,5.409999847412109,8729,0.0,0.0
2023-10-13 13:30:00-04:00,5.400100231170654,5.420000076293945,5.400000095367432,5.414999961853027,5249,0.0,0.0
2023-10-13 14:30:00-04:00,5.414999961853027,5.429999828338623,5.239999771118164,5.239999771118164,21420,0.0,0.0
2023-10-13 15:30:00-04:00,5.239999771118164,5.289999961853027,5.239999771118164,5.289999961853027,45046,0.0,0.0
2023-10-16 09:30:00-04:00,5.360000133514404,5.710000038146973,5.239999771118164,5.25,88814,0.0,0.0
2023-10-16 10:30:00-04:00,5.21999979019165,5.329999923706055,5.21999979019165,5.300000190734863,12655,0.0,0.0
2023-10-16 11:30:00-04:00,5.329999923706055,5.389999866485596,5.28000020980835,5.389999866485596,6720,0.0,0.0
2023-10-16 12:30:00-04:00,5.369999885559082,5.409999847412109,5.369999885559082,5.369999885559082,7107,0.0,0.0
2023-10-16 13:30:00-04:00,5.360000133514404,5.360000133514404,5.28000020980835,5.28000020980835,5468,0.0,0.0
2023-10-16 14:30:00-04:00,5.275000095367432,5.324999809265137,5.230000019073486,5.320000171661377,34338,0.0,0.0
2023-10-16 15:30:00-04:00,5.329999923706055,5.429999828338623,5.28000020980835,5.409999847412109,32395,0.0,0.0
2023-10-17 09:30:00-04:00,5.349999904632568,5.590000152587891,5.25,5.53000020980835,49823,0.0,0.0
2023-10-17 10:30:00-04:00,5.519999980926514,5.610000133514404,5.507999897003174,5.565000057220459,15580,0.0,0.0
2023-10-17 11:30:00-04:00,5.534999847412109,5.630000114440918,5.525000095367432,5.625,11868,0.0,0.0
2023-10-17 12:30:00-04:00,5.625,5.625,5.494999885559082,5.578400135040283,12264,0.0,0.0
2023-10-17 13:30:00-04:00,5.579999923706055,5.579999923706055,5.417500019073486,5.425000190734863,20075,0.0,0.0
2023-10-17 14:30:00-04:00,5.409999847412109,5.420000076293945,5.329999923706055,5.360000133514404,31738,0.0,0.0
2023-10-17 15:30:00-04:00,5.360000133514404,5.400000095367432,5.329999923706055,5.394999980926514,29120,0.0,0.0
2023-10-18 09:30:00-04:00,5.260000228881836,5.5725998878479,5.159999847412109,5.349999904632568,56483,0.0,0.0
2023-10-18 10:30:00-04:00,5.349999904632568,5.440000057220459,5.289999961853027,5.320000171661377,10026,0.0,0.0
2023-10-18 11:30:00-04:00,5.289999961853027,5.309999942779541,5.239999771118164,5.25,65406,0.0,0.0
2023-10-18 12:30:00-04:00,5.25,5.36899995803833,5.235000133514404,5.315000057220459,42170,0.0,0.0
2023-10-18 13:30:00-04:00,5.295000076293945,5.335000038146973,5.25,5.335000038146973,14268,0.0,0.0
2023-10-18 14:30:00-04:00,5.349999904632568,5.375,5.329999923706055,5.369999885559082,10351,0.0,0.0
2023-10-18 15:30:00-04:00,5.364999771118164,5.380000114440918,5.320000171661377,5.369999885559082,22023,0.0,0.0
2023-10-19 09:30:00-04:00,5.400000095367432,5.485000133514404,4.860000133514404,4.965000152587891,136807,0.0,0.0
2023-10-19 10:30:00-04:00,4.940100193023682,5.019999980926514,4.815000057220459,4.815000057220459,91738,0.0,0.0
2023-10-19 11:30:00-04:00,4.809999942779541,5.0,4.731100082397461,4.989999771118164,52677,0.0,0.0
2023-10-19 12:30:00-04:00,4.949999809265137,5.099999904632568,4.880099773406982,5.059999942779541,43218,0.0,0.0
2023-10-19 13:30:00-04:00,5.09499979019165,5.170000076293945,5.050000190734863,5.170000076293945,18995,0.0,0.0
2023-10-19 14:30:00-04:00,5.170000076293945,5.260000228881836,5.150000095367432,5.235000133514404,36985,0.0,0.0
2023-10-19 15:30:00-04:00,5.25,5.28000020980835,5.139999866485596,5.15500020980835,85477,0.0,0.0
2023-10-20 09:30:00-04:00,5.199999809265137,5.36899995803833,5.054999828338623,5.315000057220459,54724,0.0,0.0
2023-10-20 10:30:00-04:00,5.315000057220459,5.449999809265137,5.289999961853027,5.364999771118164,43193,0.0,0.0
2023-10-20 11:30:00-04:00,5.380000114440918,5.429999828338623,5.329999923706055,5.349999904632568,22511,0.0,0.0
2023-10-20 12:30:00-04:00,5.349999904632568,5.349999904632568,5.239999771118164,5.309999942779541,38717,0.0,0.0
2023-10-20 13:30:00-04:00,5.320000171661377,5.3470001220703125,5.295000076293945,5.309999942779541,9698,0.0,0.0
2023-10-20 14:30:00-04:00,5.309999942779541,5.349999904632568,5.215000152587891,5.230000019073486,19153,0.0,0.0
2023-10-20 15:30:00-04:00,5.239999771118164,5.289999961853027,5.235000133514404,5.260000228881836,30142,0.0,0.0
2023-10-23 09:30:00-04:00,5.230000019073486,5.440000057220459,5.0100998878479,5.440000057220459,0,0.0,0.0
2023-10-23 10:30:00-04:00,5.414999961853027,5.429999828338623,5.369999885559082,5.369999885559082,14046,0.0,0.0
2023-10-23 11:30:00-04:00,5.380000114440918,5.46999979019165,5.380000114440918,5.380000114440918,10177,0.0,0.0
2023-10-23 12:30:00-04:00,5.380000114440918,5.429999828338623,5.380000114440918,5.420000076293945,6595,0.0,0.0
2023-10-23 13:30:00-04:00,5.429999828338623,5.429999828338623,5.260000228881836,5.260000228881836,8442,0.0,0.0
2023-10-23 14:30:00-04:00,5.284999847412109,5.284999847412109,5.244999885559082,5.269999980926514,16473,0.0,0.0
2023-10-23 15:30:00-04:00,5.260000228881836,5.28000020980835,5.255000114440918,5.269999980926514,34447,0.0,0.0
2023-10-24 09:30:00-04:00,5.289999961853027,5.380000114440918,5.164999961853027,5.295000076293945,16987,0.0,0.0
2023-10-24 10:30:00-04:00,5.289999961853027,5.309999942779541,5.199999809265137,5.239999771118164,24962,0.0,0.0
2023-10-24 11:30:00-04:00,5.239999771118164,5.340000152587891,5.21999979019165,5.25,31056,0.0,0.0
2023-10-24 12:30:00-04:00,5.260000228881836,5.260000228881836,5.130000114440918,5.150000095367432,72187,0.0,0.0
2023-10-24 13:30:00-04:00,5.159999847412109,5.159999847412109,5.070000171661377,5.085000038146973,26707,0.0,0.0
2023-10-24 14:30:00-04:00,5.099999904632568,5.139999866485596,5.070000171661377,5.09499979019165,36988,0.0,0.0
2023-10-24 15:30:00-04:00,5.09499979019165,5.110000133514404,4.989999771118164,5.010000228881836,54412,0.0,0.0
2023-10-25 09:30:00-04:00,4.980000019073486,5.09499979019165,4.809999942779541,5.09499979019165,32346,0.0,0.0
2023-10-25 10:30:00-04:00,5.078000068664551,5.179999828338623,5.078000068664551,5.170000076293945,19276,0.0,0.0
2023-10-25 11:30:00-04:00,5.159999847412109,5.329999923706055,5.135000228881836,5.329999923706055,20913,0.0,0.0
2023-10-25 12:30:00-04:00,5.349999904632568,5.389999866485596,5.329999923706055,5.360000133514404,15374,0.0,0.0
2023-10-25 13:30:00-04:00,5.360000133514404,5.389999866485596,5.28000020980835,5.300000190734863,18568,0.0,0.0
2023-10-25 14:30:00-04:00,5.300000190734863,5.300000190734863,5.230000019073486,5.255000114440918,28849,0.0,0.0
2023-10-25 15:30:00-04:00,5.260000228881836,5.369999885559082,5.244999885559082,5.349999904632568,38129,0.0,0.0
2023-10-26 09:30:00-04:00,5.349999904632568,5.5,5.260000228881836,5.389999866485596,9345,0.0,0.0
2023-10-26 10:30:00-04:00,5.46999979019165,5.570000171661377,5.409999847412109,5.53000020980835,9033,0.0,0.0
2023-10-26 11:30:00-04:00,5.559999942779541,5.639999866485596,5.420000076293945,5.449999809265137,22780,0.0,0.0
2023-10-26 12:30:00-04:00,5.400000095367432,5.449999809265137,5.349999904632568,5.355000019073486,16200,0.0,0.0
2023-10-26 13:30:00-04:00,5.349999904632568,5.46999979019165,5.300000190734863,5.429999828338623,49944,0.0,0.0
2023-10-26 14:30:00-04:00,5.449999809265137,5.5,5.429999828338623,5.429999828338623,15431,0.0,0.0
2023-10-26 15:30:00-04:00,5.420000076293945,5.440000057220459,5.349999904632568,5.389999866485596,35143,0.0,0.0
2023-10-27 09:30:00-04:00,5.389999866485596,5.389999866485596,5.190000057220459,5.230000019073486,72506,0.0,0.0
2023-10-27 10:30:00-04:00,5.239999771118164,5.389999866485596,5.239999771118164,5.360000133514404,37909,0.0,0.0
2023-10-27 11:30:00-04:00,5.360000133514404,5.360000133514404,5.269999980926514,5.315000057220459,12572,0.0,0.0
2023-10-27 12:30:00-04:00,5.315000057220459,5.335000038146973,5.300000190734863,5.329999923706055,11062,0.0,0.0
2023-10-27 13:30:00-04:00,5.335000038146973,5.340000152587891,5.309999942779541,5.320000171661377,9050,0.0,0.0
2023-10-27 14:30:00-04:00,5.320000171661377,5.329999923706055,5.289999961853027,5.320000171661377,13113,0.0,0.0
2023-10-27 15:30:00-04:00,5.320000171661377,5.400000095367432,5.309999942779541,5.369999885559082,41049,0.0,0.0
2023-10-30 09:30:00-04:00,5.369999885559082,5.46999979019165,5.355000019073486,5.389999866485596,4468,0.0,0.0
2023-10-30 10:30:00-04:00,5.429999828338623,5.429999828338623,5.25,5.309999942779541,15309,0.0,0.0
2023-10-30 11:30:00-04:00,5.340000152587891,5.429999828338623,5.309999942779541,5.380000114440918,13689,0.0,0.0
2023-10-30 12:30:00-04:00,5.380000114440918,5.429999828338623,5.309999942779541,5.380000114440918,10678,0.0,0.0
2023-10-30 13:30:00-04:00,5.369999885559082,5.519999980926514,5.364999771118164,5.409999847412109,21180,0.0,0.0
2023-10-30 14:30:00-04:00,5.417500019073486,5.460000038146973,5.369999885559082,5.380000114440918,17219,0.0,0.0
2023-10-30 15:30:00-04:00,5.400000095367432,5.400000095367432,5.300000190734863,5.309999942779541,20308,0.0,0.0
2023-10-31 09:30:00-04:00,5.289999961853027,5.420000076293945,5.25,5.394999980926514,8001,0.0,0.0
2023-10-31 10:30:00-04:00,5.394999980926514,5.460000038146973,5.380000114440918,5.429999828338623,10455,0.0,0.0
2023-10-31 11:30:00-04:00,5.429999828338623,5.539999961853027,5.429999828338623,5.539999961853027,5997,0.0,0.0
2023-10-31 12:30:00-04:00,5.480100154876709,5.5,5.440000057220459,5.480000019073486,1718,0.0,0.0
2023-10-31 13:30:00-04:00,5.480000019073486,5.480000019073486,5.465000152587891,5.465000152587891,4742,0.0,0.0
2023-10-31 14:30:00-04:00,5.449999809265137,5.449999809265137,5.364999771118164,5.364999771118164,12861,0.0,0.0
2023-10-31 15:30:00-04:00,5.349999904632568,5.369999885559082,5.300000190734863,5.340000152587891,30850,0.0,0.0
2023-11-01 09:30:00-04:00,5.340000152587891,5.349999904632568,5.269999980926514,5.289999961853027,11275,0.0,0.0
2023-11-01 10:30:00-04:00,5.28000020980835,5.340000152587891,5.269999980926514,5.28249979019165,45196,0.0,0.0
2023-11-01 11:30:00-04:00,5.309999942779541,5.369999885559082,5.295000076293945,5.34499979019165,8929,0.0,0.0
2023-11-01 12:30:00-04:00,5.34499979019165,5.34499979019165,5.25,5.289999961853027,58847,0.0,0.0
2023-11-01 13:30:00-04:00,5.28000020980835,5.489999771118164,5.28000020980835,5.489999771118164,8167,0.0,0.0
2023-11-01 14:30:00-04:00,5.539999961853027,5.630000114440918,5.440000057220459,5.559999942779541,20584,0.0,0.0
2023-11-01 15:30:00-04:00,5.574999809265137,5.630199909210205,5.559999942779541,5.599999904632568,39825,0.0,0.0
2023-11-02 09:30:00-04:00,5.690000057220459,5.760000228881836,5.679999828338623,5.730000019073486,7993,0.0,0.0
2023-11-02 10:30:00-04:00,5.724999904632568,5.75,5.599999904632568,5.599999904632568,11396,0.0,0.0
2023-11-02 11:30:00-04:00,5.599999904632568,5.599999904632568,5.559999942779541,5.590000152587891,7050,0.0,0.0
2023-11-02 12:30:00-04:00,5.590000152587891,5.599999904632568,5.510000228881836,5.534999847412109,33433,0.0,0.0
2023-11-02 13:30:00-04:00,5.519999980926514,5.519999980926514,5.389999866485596,5.389999866485596,13729,0.0,0.0
2023-11-02 14:30:00-04:00,5.380000114440918,5.400000095367432,5.295000076293945,5.295000076293945,17497,0.0,0.0
2023-11-02 15:30:00-04:00,5.300000190734863,5.320000171661377,5.239999771118164,5.320000171661377,34472,0.0,0.0
2023-11-03 09:30:00-04:00,5.440000057220459,5.559999942779541,5.389999866485596,5.465000152587891,15166,0.0,0.0
2023-11-03 10:30:00-04:00,5.463799953460693,5.53000020980835,5.409999847412109,5.475599765777588,15831,0.0,0.0
2023-11-03 11:30:00-04:00,5.485000133514404,5.5,5.429999828338623,5.5,25555,0.0,0.0
2023-11-03 12:30:00-04:00,5.505000114440918,5.525000095367432,5.449999809265137,5.449999809265137,24784,0.0,0.0
2023-11-03 13:30:00-04:00,5.449999809265137,5.46999979019165,5.420000076293945,5.465000152587891,13336,0.0,0.0
2023-11-03 14:30:00-04:00,5.460000038146973,5.539999961853027,5.440000057220459,5.489999771118164,13804,0.0,0.0
2023-11-03 15:30:00-04:00,5.489999771118164,5.5,5.460000038146973,5.474999904632568,21657,0.0,0.0
2023-11-06 09:30:00-05:00,5.570000171661377,5.769999980926514,5.53000020980835,5.699999809265137,26694,0.0,0.0
2023-11-06 10:30:00-05:00,5.679999828338623,5.78000020980835,5.639999866485596,5.670000076293945,26454,0.0,0.0
2023-11-06 11:30:00-05:00,5.710000038146973,5.71999979019165,5.539999961853027,5.614999771118164,12192,0.0,0.0
2023-11-06 12:30:00-05:00,5.619999885559082,5.679999828338623,5.579999923706055,5.590000152587891,10493,0.0,0.0
2023-11-06 13:30:00-05:00,5.599999904632568,5.690000057220459,5.590000152587891,5.625,18180,0.0,0.0
2023-11-06 14:30:00-05:00,5.619999885559082,5.744999885559082,5.619999885559082,5.699999809265137,27696,0.0,0.0
2023-11-06 15:30:00-05:00,5.690000057220459,5.769999980926514,5.630000114440918,5.739999771118164,29308,0.0,0.0
2023-11-07 09:30:00-05:00,5.730000019073486,5.730000019073486,5.440000057220459,5.440000057220459,13598,0.0,0.0
2023-11-07 10:30:00-05:00,5.429999828338623,5.53000020980835,5.409999847412109,5.421199798583984,15613,0.0,0.0
2023-11-07 11:30:00-05:00,5.400000095367432,5.454999923706055,5.300000190734863,5.300000190734863,15113,0.0,0.0
2023-11-07 12:30:00-05:00,5.289999961853027,5.309999942779541,5.239999771118164,5.269999980926514,50335,0.0,0.0
2023-11-07 13:30:00-05:00,5.269999980926514,5.289999961853027,5.239999771118164,5.264999866485596,33311,0.0,0.0
2023-11-07 14:30:00-05:00,5.264999866485596,5.53000020980835,5.25,5.429999828338623,43109,0.0,0.0
2023-11-07 15:30:00-05:00,5.449999809265137,5.510000228881836,5.449999809265137,5.5,45416,0.0,0.0
2023-11-08 09:30:00-05:00,5.539999961853027,5.565000057220459,5.320000171661377,5.320000171661377,16823,0.0,0.0
2023-11-08 10:30:00-05:00,5.331999778747559,5.360000133514404,5.230000019073486,5.300000190734863,16564,0.0,0.0
2023-11-08 11:30:00-05:00,5.289999961853027,5.304999828338623,5.239999771118164,5.269999980926514,9233,0.0,0.0
2023-11-08 12:30:00-05:00,5.28000020980835,5.289999961853027,5.239999771118164,5.239999771118164,4943,0.0,0.0
2023-11-08 13:30:00-05:00,5.260000228881836,5.28000020980835,5.239999771118164,5.260000228881836,8089,0.0,0.0
2023-11-08 14:30:00-05:00,5.264999866485596,5.335000038146973,5.25,5.320000171661377,15431,0.0,0.0
2023-11-08 15:30:00-05:00,5.309999942779541,5.360000133514404,5.309999942779541,5.360000133514404,16344,0.0,0.0
2023-11-09 09:30:00-05:00,5.349999904632568,5.349999904632568,5.239999771118164,5.25,19205,0.0,0.0
2023-11-09 10:30:00-05:00,5.25,5.289999961853027,5.085000038146973,5.190000057220459,26569,0.0,0.0
2023-11-09 11:30:00-05:00,5.190000057220459,5.25,5.159999847412109,5.184999942779541,10830,0.0,0.0
2023-11-09 12:30:00-05:00,5.179999828338623,5.25,5.130000114440918,5.21999979019165,17084,0.0,0.0
2023-11-09 13:30:00-05:00,5.204999923706055,5.239999771118164,5.159999847412109,5.239999771118164,25185,0.0,0.0
2023-11-09 14:30:00-05:00,5.239999771118164,5.260000228881836,5.21999979019165,5.25,24056,0.0,0.0
2023-11-09 15:30:00-05:00,5.239999771118164,5.25,5.070000171661377,5.099999904632568,42150,0.0,0.0
2023-11-10 09:30:00-05:00,5.110000133514404,5.21999979019165,4.949999809265137,4.960000038146973,32713,0.0,0.0
2023-11-10 10:30:00-05:00,4.954999923706055,5.079999923706055,4.920000076293945,4.960000038146973,25511,0.0,0.0
2023-11-10 11:30:00-05:00,4.947500228881836,5.0,4.940000057220459,5.0,14252,0.0,0.0
2023-11-10 12:30:00-05:00,5.025000095367432,5.144999980926514,5.005000114440918,5.144999980926514,12266,0.0,0.0
2023-11-10 13:30:00-05:00,5.159999847412109,5.21999979019165,5.159999847412109,5.210000038146973,14167,0.0,0.0
2023-11-10 14:30:00-05:00,5.210000038146973,5.260000228881836,5.119999885559082,5.144999980926514,22382,0.0,0.0
2023-11-10 15:30:00-05:00,5.135000228881836,5.179999828338623,5.03000020980835,5.045000076293945,37324,0.0,0.0
2023-11-13 09:30:00-05:00,4.940000057220459,4.940000057220459,4.739999771118164,4.739999771118164,47410,0.0,0.0
2023-11-13 10:30:00-05:00,4.699999809265137,4.849999904632568,4.690000057220459,4.769999980926514,28064,0.0,0.0
2023-11-13 11:30:00-05:00,4.730000019073486,4.949999809265137,4.730000019073486,4.840000152587891,15517,0.0,0.0
2023-11-13 12:30:00-05:00,4.840000152587891,4.889999866485596,4.800000190734863,4.800000190734863,7431,0.0,0.0
2023-11-13 13:30:00-05:00,4.840000152587891,4.889999866485596,4.789999961853027,4.835000038146973,12073,0.0,0.0
2023-11-13 14:30:00-05:00,4.809999942779541,4.989999771118164,4.809999942779541,4.920000076293945,46076,0.0,0.0
2023-11-13 15:30:00-05:00,4.909999847412109,4.960000038146973,4.860000133514404,4.909999847412109,85480,0.0,0.0
2023-11-14 09:30:00-05:00,5.53000020980835,5.75,5.420000076293945,5.639999866485596,66309,0.0,0.0
2023-11-14 10:30:00-05:00,5.579999923706055,5.663000106811523,5.429999828338623,5.599999904632568,56667,0.0,0.0
2023-11-14 11:30:00-05:00,5.590000152587891,5.659999847412109,5.485000133514404,5.5,24772,0.0,0.0
2023-11-14 12:30:00-05:00,5.5,5.590000152587891,5.5,5.505000114440918,18084,0.0,0.0
2023-11-14 13:30:00-05:00,5.510000228881836,5.510000228881836,5.289999961853027,5.304999828338623,22750,0.0,0.0
2023-11-14 14:30:00-05:00,5.304999828338623,5.309999942779541,5.170000076293945,5.269999980926514,41366,0.0,0.0
2023-11-14 15:30:00-05:00,5.28000020980835,5.360000133514404,5.21999979019165,5.349999904632568,74109,0.0,0.0
2023-11-15 09:30:00-05:00,5.210000038146973,5.449999809265137,5.130000114440918,5.420000076293945,36592,0.0,0.0
2023-11-15 10:30:00-05:00,5.440000057220459,5.539999961853027,5.355000019073486,5.53000020980835,25321,0.0,0.0
2023-11-15 11:30:00-05:00,5.539999961853027,5.539999961853027,5.420000076293945,5.420000076293945,16018,0.0,0.0
2023-11-15 12:30:00-05:00,5.420000076293945,5.480000019073486,5.329999923706055,5.360000133514404,7397,0.0,0.0
2023-11-15 13:30:00-05:00,5.360000133514404,5.400000095367432,5.300000190734863,5.360000133514404,9581,0.0,0.0
2023-11-15 14:30:00-05:00,5.300000190734863,5.329999923706055,5.244999885559082,5.269999980926514,11856,0.0,0.0
2023-11-15 15:30:00-05:00,5.269999980926514,5.289999961853027,5.239999771118164,5.25,53897,0.0,0.0
2023-11-16 09:30:00-05:00,5.239999771118164,5.320000171661377,5.039999961853027,5.050000190734863,73845,0.0,0.0
2023-11-16 10:30:00-05:00,5.090000152587891,5.25,5.079999923706055,5.244999885559082,15513,0.0,0.0
2023-11-16 11:30:00-05:00,5.244999885559082,5.309999942779541,5.230000019073486,5.309999942779541,11638,0.0,0.0
2023-11-16 12:30:00-05:00,5.304999828338623,5.315000057220459,5.241300106048584,5.269999980926514,8805,0.0,0.0
2023-11-16 13:30:00-05:00,5.25,5.28000020980835,5.239999771118164,5.269999980926514,13623,0.0,0.0
2023-11-16 14:30:00-05:00,5.25,5.324999809265137,5.25,5.28000020980835,13920,0.0,0.0
2023-11-16 15:30:00-05:00,5.275000095367432,5.28000020980835,5.244999885559082,5.260000228881836,25490,0.0,0.0
2023-11-17 09:30:00-05:00,5.309999942779541,5.53000020980835,5.269999980926514,5.380000114440918,35269,0.0,0.0
2023-11-17 10:30:00-05:00,5.3979997634887695,5.3979997634887695,5.300000190734863,5.329999923706055,6864,0.0,0.0
2023-11-17 11:30:00-05:00,5.340000152587891,5.392399787902832,5.340000152587891,5.360000133514404,9016,0.0,0.0
2023-11-17 12:30:00-05:00,5.360199928283691,5.375,5.340000152587891,5.349999904632568,3749,0.0,0.0
2023-11-17 13:30:00-05:00,5.360000133514404,5.420000076293945,5.329999923706055,5.360000133514404,17742,0.0,0.0
2023-11-17 14:30:00-05:00,5.360000133514404,5.460000038146973,5.360000133514404,5.460000038146973,5736,0.0,0.0
2023-11-17 15:30:00-05:00,5.460000038146973,5.460000038146973,5.409999847412109,5.449999809265137,17599,0.0,0.0
2023-11-20 09:30:00-05:00,5.400000095367432,5.559999942779541,5.25,5.389999866485596,14656,0.0,0.0
2023-11-20 10:30:00-05:00,5.389999866485596,5.429900169372559,5.309999942779541,5.389999866485596,15186,0.0,0.0
2023-11-20 11:30:00-05:00,5.349999904632568,5.389999866485596,5.320000171661377,5.349999904632568,14113,0.0,0.0
2023-11-20 12:30:00-05:00,5.329999923706055,5.409999847412109,5.329999923706055,5.389999866485596,29494,0.0,0.0
2023-11-20 13:30:00-05:00,5.389999866485596,5.429999828338623,5.340000152587891,5.355000019073486,18587,0.0,0.0
2023-11-20 14:30:00-05:00,5.355000019073486,5.369999885559082,5.260000228881836,5.260000228881836,25931,0.0,0.0
2023-11-20 15:30:00-05:00,5.269999980926514,5.300000190734863,5.239999771118164,5.260000228881836,63655,0.0,0.0
2023-11-21 09:30:00-05:00,5.179999828338623,5.320000171661377,5.170000076293945,5.28000020980835,48574,0.0,0.0
2023-11-21 10:30:00-05:00,5.275000095367432,5.5,5.260000228881836,5.380000114440918,64701,0.0,0.0
2023-11-21 11:30:00-05:00,5.389999866485596,5.409999847412109,5.349999904632568,5.360000133514404,19507,0.0,0.0
2023-11-21 12:30:00-05:00,5.389999866485596,5.429999828338623,5.360000133514404,5.385000228881836,20401,0.0,0.0
2023-11-21 13:30:00-05:00,5.385000228881836,5.409999847412109,5.269999980926514,5.295000076293945,26287,0.0,0.0
2023-11-21 14:30:00-05:00,5.309999942779541,5.389999866485596,5.239999771118164,5.289999961853027,39376,0.0,0.0
2023-11-21 15:30:00-05:00,5.284999847412109,5.309999942779541,5.239999771118164,5.25,44797,0.0,0.0
2023-11-22 09:30:00-05:00,5.300000190734863,5.46999979019165,5.300000190734863,5.409999847412109,9177,0.0,0.0
2023-11-22 10:30:00-05:00,5.401000022888184,5.409999847412109,5.349999904632568,5.389999866485596,8000,0.0,0.0
2023-11-22 11:30:00-05:00,5.434199810028076,5.46999979019165,5.380000114440918,5.389999866485596,15458,0.0,0.0
2023-11-22 12:30:00-05:00,5.389999866485596,5.394999980926514,5.375,5.385000228881836,5609,0.0,0.0
2023-11-22 13:30:00-05:00,5.385000228881836,5.423600196838379,5.382599830627441,5.414999961853027,4475,0.0,0.0
2023-11-22 14:30:00-05:00,5.414999961853027,5.460000038146973,5.389999866485596,5.449999809265137,5585,0.0,0.0
2023-11-22 15:30:00-05:00,5.46999979019165,5.5,5.410099983215332,5.460000038146973,32349,0.0,0.0
2023-11-24 09:30:00-05:00,5.489999771118164,5.610000133514404,5.489999771118164,5.5,24109,0.0,0.0
2023-11-24 10:30:00-05:00,5.510000228881836,5.510000228881836,5.349999904632568,5.349999904632568,9263,0.0,0.0
2023-11-24 11:30:00-05:00,5.379199981689453,5.380000114440918,5.289999961853027,5.380000114440918,14675,0.0,0.0
2023-11-27 09:30:00-05:00,5.46999979019165,5.599999904632568,5.309999942779541,5.481200218200684,50617,0.0,0.0
2023-11-27 10:30:00-05:00,5.480000019073486,5.53000020980835,5.429999828338623,5.465000152587891,20225,0.0,0.0
2023-11-27 11:30:00-05:00,5.463399887084961,5.559999942779541,5.460000038146973,5.559999942779541,46008,0.0,0.0
2023-11-27 12:30:00-05:00,5.539999961853027,5.650000095367432,5.510000228881836,5.519999980926514,29559,0.0,0.0
2023-11-27 13:30:00-05:00,5.5,5.599999904632568,5.480000019073486,5.570000171661377,16930,0.0,0.0
2023-11-27 14:30:00-05:00,5.579999923706055,5.599999904632568,5.539999961853027,5.590000152587891,24916,0.0,0.0
2023-11-27 15:30:00-05:00,5.585000038146973,5.599999904632568,5.539999961853027,5.559999942779541,38850,0.0,0.0
2023-11-28 09:30:00-05:00,5.559999942779541,5.679999828338623,5.449999809265137,5.639999866485596,18621,0.0,0.0
2023-11-28 10:30:00-05:00,5.659999847412109,5.884500026702881,5.639999866485596,5.809999942779541,38678,0.0,0.0
2023-11-28 11:30:00-05:00,5.809999942779541,5.909999847412109,5.800000190734863,5.829999923706055,12279,0.0,0.0
2023-11-28 12:30:00-05:00,5.809999942779541,5.880000114440918,5.809999942779541,5.880000114440918,7524,0.0,0.0
2023-11-28 13:30:00-05:00,5.864999771118164,5.940000057220459,5.849999904632568,5.920000076293945,6876,0.0,0.0
2023-11-28 14:30:00-05:00,5.940000057220459,6.0,5.920000076293945,5.980000019073486,23108,0.0,0.0
2023-11-28 15:30:00-05:00,5.96999979019165,5.96999979019165,5.769999980926514,5.809999942779541,40353,0.0,0.0
2023-11-29 09:30:00-05:00,5.820000171661377,6.070000171661377,5.815000057220459,5.980000019073486,26950,0.0,0.0
2023-11-29 10:30:00-05:00,5.974999904632568,6.010000228881836,5.934999942779541,5.994999885559082,13794,0.0,0.0
2023-11-29 11:30:00-05:00,5.994999885559082,6.025000095367432,5.980000019073486,5.980000019073486,26530,0.0,0.0
2023-11-29 12:30:00-05:00,5.980000019073486,5.980000019073486,5.949999809265137,5.980000019073486,11416,0.0,0.0
2023-11-29 13:30:00-05:00,5.989999771118164,6.0,5.960000038146973,5.974999904632568,13463,0.0,0.0
2023-11-29 14:30:00-05:00,5.974999904632568,5.974999904632568,5.909999847412109,5.914999961853027,15295,0.0,0.0
2023-11-29 15:30:00-05:00,5.920000076293945,5.989999771118164,5.920000076293945,5.980000019073486,31414,0.0,0.0
2023-11-30 09:30:00-05:00,6.420000076293945,6.789999961853027,6.420000076293945,6.650000095367432,60821,0.0,0.0
2023-11-30 10:30:00-05:00,6.699999809265137,6.755000114440918,6.480000019073486,6.485000133514404,26595,0.0,0.0
2023-11-30 11:30:00-05:00,6.440000057220459,6.510000228881836,6.320000171661377,6.380000114440918,24728,0.0,0.0
2023-11-30 12:30:00-05:00,6.389500141143799,6.389500141143799,6.340000152587891,6.360000133514404,8819,0.0,0.0
2023-11-30 13:30:00-05:00,6.349999904632568,6.400000095367432,6.329999923706055,6.349999904632568,9554,0.0,0.0
2023-11-30 14:30:00-05:00,6.329999923706055,6.420000076293945,6.21999979019165,6.244999885559082,30274,0.0,0.0
2023-11-30 15:30:00-05:00,6.255000114440918,6.304999828338623,6.199999809265137,6.199999809265137,35643,0.0,0.0
2023-12-01 09:30:00-05:00,6.230000019073486,6.5,6.130000114440918,6.170000076293945,30733,0.0,0.0
2023-12-01 10:30:00-05:00,6.170000076293945,6.179999828338623,6.010000228881836,6.065000057220459,20794,0.0,0.0
2023-12-01 11:30:00-05:00,6.079999923706055,6.199999809265137,6.050000190734863,6.190000057220459,12871,0.0,0.0
2023-12-01 12:30:00-05:00,6.190000057220459,6.289999961853027,6.099999904632568,6.103000164031982,15438,0.0,0.0
2023-12-01 13:30:00-05:00,6.099999904632568,6.139999866485596,6.039999961853027,6.079999923706055,10822,0.0,0.0
2023-12-01 14:30:00-05:00,6.054999828338623,6.085000038146973,6.0,6.085000038146973,18966,0.0,0.0
2023-12-01 15:30:00-05:00,6.090000152587891,6.210000038146973,6.090000152587891,6.164999961853027,40208,0.0,0.0
2023-12-04 09:30:00-05:00,6.309999942779541,6.539999961853027,6.091400146484375,6.150000095367432,43609,0.0,0.0
2023-12-04 10:30:00-05:00,6.144999980926514,6.260000228881836,6.119999885559082,6.260000228881836,13015,0.0,0.0
2023-12-04 11:30:00-05:00,6.2600998878479,6.289999961853027,6.230000019073486,6.289999961853027,8913,0.0,0.0
2023-12-04 12:30:00-05:00,6.303999900817871,6.340000152587891,6.260000228881836,6.269999980926514,9593,0.0,0.0
2023-12-04 13:30:00-05:00,6.270100116729736,6.284999847412109,6.190000057220459,6.21999979019165,15697,0.0,0.0
2023-12-04 14:30:00-05:00,6.230000019073486,6.300000190734863,6.21999979019165,6.28000020980835,16515,0.0,0.0
2023-12-04 15:30:00-05:00,6.289999961853027,6.309999942779541,6.27839994430542,6.309999942779541,17570,0.0,0.0
2023-12-05 09:30:00-05:00,6.320000171661377,6.392499923706055,6.190000057220459,6.304999828338623,20804,0.0,0.0
2023-12-05 10:30:00-05:00,6.295000076293945,6.360000133514404,6.210000038146973,6.210000038146973,20287,0.0,0.0
2023-12-05 11:30:00-05:00,6.21999979019165,6.269999980926514,6.110000133514404,6.135000228881836,15897,0.0,0.0
2023-12-05 12:30:00-05:00,6.135000228881836,6.159999847412109,6.110000133514404,6.130000114440918,9807,0.0,0.0
2023-12-05 13:30:00-05:00,6.144999980926514,6.289999961853027,6.050000190734863,6.239999771118164,30257,0.0,0.0
2023-12-05 14:30:00-05:00,6.289999961853027,6.300000190734863,6.230000019073486,6.28000020980835,55437,0.0,0.0
2023-12-05 15:30:00-05:00,6.264999866485596,6.269999980926514,6.199999809265137,6.210000038146973,30675,0.0,0.0
2023-12-06 09:30:00-05:00,6.170000076293945,6.329999923706055,6.062900066375732,6.21999979019165,57978,0.0,0.0
2023-12-06 10:30:00-05:00,6.244999885559082,6.539999961853027,6.244999885559082,6.539999961853027,43171,0.0,0.0
2023-12-06 11:30:00-05:00,6.570000171661377,6.610000133514404,6.489999771118164,6.489999771118164,19472,0.0,0.0
2023-12-06 12:30:00-05:00,6.489999771118164,6.489999771118164,6.360000133514404,6.400000095367432,15896,0.0,0.0
2023-12-06 13:30:00-05:00,6.400000095367432,6.550000190734863,6.380000114440918,6.53000020980835,14067,0.0,0.0
2023-12-06 14:30:00-05:00,6.53000020980835,6.619999885559082,6.440000057220459,6.449999809265137,26504,0.0,0.0
2023-12-06 15:30:00-05:00,6.440000057220459,6.46999979019165,6.420000076293945,6.440000057220459,38630,0.0,0.0
2023-12-07 09:30:00-05:00,6.5,6.949999809265137,6.5,6.889999866485596,42059,0.0,0.0
2023-12-07 10:30:00-05:00,6.889999866485596,6.920000076293945,6.71999979019165,6.724999904632568,35044,0.0,0.0
2023-12-07 11:30:00-05:00,6.724999904632568,6.769999980926514,6.699999809265137,6.706500053405762,9821,0.0,0.0
2023-12-07 12:30:00-05:00,6.739299774169922,6.789999961853027,6.690000057220459,6.690000057220459,9015,0.0,0.0
2023-12-07 13:30:00-05:00,6.690000057220459,6.690000057220459,6.599999904632568,6.650000095367432,9409,0.0,0.0
2023-12-07 14:30:00-05:00,6.639999866485596,6.739999771118164,6.639999866485596,6.739999771118164,7663,0.0,0.0
2023-12-07 15:30:00-05:00,6.75,6.840000152587891,6.730000019073486,6.840000152587891,27040,0.0,0.0
2023-12-08 09:30:00-05:00,7.0,7.309999942779541,6.900000095367432,7.244999885559082,70493,0.0,0.0
2023-12-08 10:30:00-05:00,7.244999885559082,7.259900093078613,7.070000171661377,7.150000095367432,24226,0.0,0.0
2023-12-08 11:30:00-05:00,7.150000095367432,7.170000076293945,7.059999942779541,7.059999942779541,18814,0.0,0.0
2023-12-08 12:30:00-05:00,7.059999942779541,7.130000114440918,7.050000190734863,7.105000019073486,11477,0.0,0.0
2023-12-08 13:30:00-05:00,7.090000152587891,7.105000019073486,7.050000190734863,7.090000152587891,16396,0.0,0.0
2023-12-08 14:30:00-05:00,7.091599941253662,7.139999866485596,7.070000171661377,7.130000114440918,22443,0.0,0.0
2023-12-08 15:30:00-05:00,7.139999866485596,7.164999961853027,7.059999942779541,7.070000171661377,28776,0.0,0.0
2023-12-11 09:30:00-05:00,7.099999904632568,7.099999904632568,6.860000133514404,6.914999961853027,72589,0.0,0.0
2023-12-11 10:30:00-05:00,6.914999961853027,7.21999979019165,6.860000133514404,7.119999885559082,93585,0.0,0.0
2023-12-11 11:30:00-05:00,7.144999980926514,7.150000095367432,6.889999866485596,6.889999866485596,13088,0.0,0.0
2023-12-11 12:30:00-05:00,6.920000076293945,6.980000019073486,6.900000095367432,6.909999847412109,10205,0.0,0.0
2023-12-11 13:30:00-05:00,6.889999866485596,6.900000095367432,6.849999904632568,6.849999904632568,16715,0.0,0.0
2023-12-11 14:30:00-05:00,6.849999904632568,6.880000114440918,6.690000057220459,6.690000057220459,18303,0.0,0.0
2023-12-11 15:30:00-05:00,6.715000152587891,6.78000020980835,6.590000152587891,6.670000076293945,57174,0.0,0.0
2023-12-12 09:30:00-05:00,6.940000057220459,7.090000152587891,6.630000114440918,6.659999847412109,44789,0.0,0.0
2023-12-12 10:30:00-05:00,6.664000034332275,6.960000038146973,6.599999904632568,6.940000057220459,28166,0.0,0.0
2023-12-12 11:30:00-05:00,6.940000057220459,6.960000038146973,6.840000152587891,6.900000095367432,16286,0.0,0.0
2023-12-12 12:30:00-05:00,6.869999885559082,6.889999866485596,6.820000171661377,6.84060001373291,21167,0.0,0.0
2023-12-12 13:30:00-05:00,6.843599796295166,6.843599796295166,6.699999809265137,6.739999771118164,33639,0.0,0.0
2023-12-12 14:30:00-05:00,6.739999771118164,6.75,6.590000152587891,6.670599937438965,19357,0.0,0.0
2023-12-12 15:30:00-05:00,6.675000190734863,6.730000019073486,6.670000076293945,6.699999809265137,32905,0.0,0.0
2023-12-13 09:30:00-05:00,6.769999980926514,6.920000076293945,6.699999809265137,6.809999942779541,28685,0.0,0.0
2023-12-13 10:30:00-05:00,6.820000171661377,6.840000152587891,6.75,6.75,15050,0.0,0.0
2023-12-13 11:30:00-05:00,6.75,6.75,6.53000020980835,6.53000020980835,37332,0.0,0.0
2023-12-13 12:30:00-05:00,6.5,6.550000190734863,6.343599796295166,6.369999885559082,20185,0.0,0.0
2023-12-13 13:30:00-05:00,6.329999923706055,6.539999961853027,6.329999923706055,6.489999771118164,29900,0.0,0.0
2023-12-13 14:30:00-05:00,6.489999771118164,6.849999904632568,6.463500022888184,6.837299823760986,120596,0.0,0.0
2023-12-13 15:30:00-05:00,6.820000171661377,6.869999885559082,6.684999942779541,6.829999923706055,66466,0.0,0.0
2023-12-14 09:30:00-05:00,7.010000228881836,7.150000095367432,6.75,6.800000190734863,64898,0.0,0.0
2023-12-14 10:30:00-05:00,6.769999980926514,6.879199981689453,6.739999771118164,6.849999904632568,13682,0.0,0.0
2023-12-14 11:30:00-05:00,6.84499979019165,6.869999885559082,6.820000171661377,6.829999923706055,13618,0.0,0.0
2023-12-14 12:30:00-05:00,6.84499979019165,6.84499979019165,6.699999809265137,6.755000114440918,6281,0.0,0.0
2023-12-14 13:30:00-05:00,6.730000019073486,6.779900074005127,6.679999828338623,6.710000038146973,4934,0.0,0.0
2023-12-14 14:30:00-05:00,6.715000152587891,6.860000133514404,6.715000152587891,6.800000190734863,37600,0.0,0.0
2023-12-14 15:30:00-05:00,6.800000190734863,6.929999828338623,6.800000190734863,6.920000076293945,47003,0.0,0.0
2023-12-15 09:30:00-05:00,7.0,7.08620023727417,6.809999942779541,6.849999904632568,110264,0.0,0.0
2023-12-15 10:30:00-05:00,6.820000171661377,6.820000171661377,6.625,6.625,25557,0.0,0.0
2023-12-15 11:30:00-05:00,6.650000095367432,6.75,6.650000095367432,6.75,22783,0.0,0.0
2023-12-15 12:30:00-05:00,6.739999771118164,6.75,6.659999847412109,6.710000038146973,17097,0.0,0.0
2023-12-15 13:30:00-05:00,6.730000019073486,6.730000019073486,6.550000190734863,6.550000190734863,32495,0.0,0.0
2023-12-15 14:30:00-05:00,6.579999923706055,6.599999904632568,6.489999771118164,6.505000114440918,42373,0.0,0.0
2023-12-15 15:30:00-05:00,6.509300231933594,6.670000076293945,6.5,6.619999885559082,41915,0.0,0.0
2023-12-18 09:30:00-05:00,6.670000076293945,6.690000057220459,6.380000114440918,6.401599884033203,41028,0.0,0.0
2023-12-18 10:30:00-05:00,6.415999889373779,6.46999979019165,6.409999847412109,6.427499771118164,22934,0.0,0.0
2023-12-18 11:30:00-05:00,6.428999900817871,6.449999809265137,6.360000133514404,6.369999885559082,11310,0.0,0.0
2023-12-18 12:30:00-05:00,6.380000114440918,6.380000114440918,6.310100078582764,6.329999923706055,11623,0.0,0.0
2023-12-18 13:30:00-05:00,6.329999923706055,6.360000133514404,6.179999828338623,6.269999980926514,27558,0.0,0.0
2023-12-18 14:30:00-05:00,6.269999980926514,6.320000171661377,6.210000038146973,6.289999961853027,54669,0.0,0.0
2023-12-18 15:30:00-05:00,6.289999961853027,6.309999942779541,6.21999979019165,6.25,31463,0.0,0.0
2023-12-19 09:30:00-05:00,6.380000114440918,6.599999904632568,6.230000019073486,6.574999809265137,34538,0.0,0.0
2023-12-19 10:30:00-05:00,6.539999961853027,6.570000171661377,6.429999828338623,6.534999847412109,18795,0.0,0.0
2023-12-19 11:30:00-05:00,6.510000228881836,6.610000133514404,6.510000228881836,6.579999923706055,23170,0.0,0.0
2023-12-19 12:30:00-05:00,6.590000152587891,6.639999866485596,6.53000020980835,6.570000171661377,15821,0.0,0.0
2023-12-19 13:30:00-05:00,6.534999847412109,6.559999942779541,6.440000057220459,6.454999923706055,22121,0.0,0.0
2023-12-19 14:30:00-05:00,6.449999809265137,6.53000020980835,6.436399936676025,6.510000228881836,17054,0.0,0.0
2023-12-19 15:30:00-05:00,6.510000228881836,6.630000114440918,6.489999771118164,6.550000190734863,33388,0.0,0.0
2023-12-20 09:30:00-05:00,6.539999961853027,6.659999847412109,6.349999904632568,6.510000228881836,19739,0.0,0.0
2023-12-20 10:30:00-05:00,6.53000020980835,6.559999942779541,6.329999923706055,6.409999847412109,16215,0.0,0.0
2023-12-20 11:30:00-05:00,6.329999923706055,6.440000057220459,6.300000190734863,6.429999828338623,18265,0.0,0.0
2023-12-20 12:30:00-05:00,6.440000057220459,6.449999809265137,6.329999923706055,6.380000114440918,11433,0.0,0.0
2023-12-20 13:30:00-05:00,6.380000114440918,6.409999847412109,6.329999923706055,6.349999904632568,10609,0.0,0.0
2023-12-20 14:30:00-05:00,6.360000133514404,6.360000133514404,6.159999847412109,6.190000057220459,23176,0.0,0.0
2023-12-20 15:30:00-05:00,6.159999847412109,6.190000057220459,6.090000152587891,6.09499979019165,29062,0.0,0.0
2023-12-21 09:30:00-05:00,6.130000114440918,6.255000114440918,6.099999904632568,6.099999904632568,17799,0.0,0.0
2023-12-21 10:30:00-05:00,6.110000133514404,6.170000076293945,6.10099983215332,6.110000133514404,9280,0.0,0.0
2023-12-21 11:30:00-05:00,6.110000133514404,6.235000133514404,6.110000133514404,6.210000038146973,22117,0.0,0.0
2023-12-21 12:30:00-05:00,6.195000171661377,6.235000133514404,6.195000171661377,6.235000133514404,8844,0.0,0.0
2023-12-21 13:30:00-05:00,6.21999979019165,6.21999979019165,6.190000057220459,6.204999923706055,4935,0.0,0.0
2023-12-21 14:30:00-05:00,6.204999923706055,6.21999979019165,6.160299777984619,6.190000057220459,16593,0.0,0.0
2023-12-21 15:30:00-05:00,6.190999984741211,6.300000190734863,6.179999828338623,6.28000020980835,21506,0.0,0.0
2023-12-22 09:30:00-05:00,6.400000095367432,6.650000095367432,6.284999847412109,6.574999809265137,21121,0.0,0.0
2023-12-22 10:30:00-05:00,6.599999904632568,6.789999961853027,6.539999961853027,6.686600208282471,56868,0.0,0.0
2023-12-22 11:30:00-05:00,6.664999961853027,6.78000020980835,6.659999847412109,6.769999980926514,21198,0.0,0.0
2023-12-22 12:30:00-05:00,6.744999885559082,6.789999961853027,6.675000190734863,6.739999771118164,29536,0.0,0.0
2023-12-22 13:30:00-05:00,6.681000232696533,6.75,6.630000114440918,6.635000228881836,21289,0.0,0.0
2023-12-22 14:30:00-05:00,6.635000228881836,6.789999961853027,6.635000228881836,6.78000020980835,45918,0.0,0.0
2023-12-22 15:30:00-05:00,6.789999961853027,6.849999904632568,6.75,6.789999961853027,34524,0.0,0.0
2023-12-26 09:30:00-05:00,6.900000095367432,7.190000057220459,6.849999904632568,7.170000076293945,54041,0.0,0.0
2023-12-26 10:30:00-05:00,7.170000076293945,7.300000190734863,7.130000114440918,7.296999931335449,34755,0.0,0.0
2023-12-26 11:30:00-05:00,7.264999866485596,7.339900016784668,7.210000038146973,7.25,26565,0.0,0.0
2023-12-26 12:30:00-05:00,7.269999980926514,7.300000190734863,7.210000038146973,7.269999980926514,22117,0.0,0.0
2023-12-26 13:30:00-05:00,7.269999980926514,7.400000095367432,7.269999980926514,7.389999866485596,26440,0.0,0.0
2023-12-26 14:30:00-05:00,7.400000095367432,7.460000038146973,7.349999904632568,7.349999904632568,39497,0.0,0.0
2023-12-26 15:30:00-05:00,7.360000133514404,7.440000057220459,7.349999904632568,7.429999828338623,36528,0.0,0.0
2023-12-27 09:30:00-05:00,7.46999979019165,7.619999885559082,7.224999904632568,7.329999923706055,20715,0.0,0.0
2023-12-27 10:30:00-05:00,7.360000133514404,7.360000133514404,7.039999961853027,7.13100004196167,26942,0.0,0.0
2023-12-27 11:30:00-05:00,7.179999828338623,7.429999828338623,7.179999828338623,7.429999828338623,9961,0.0,0.0
2023-12-27 12:30:00-05:00,7.429999828338623,7.460000038146973,7.369999885559082,7.380000114440918,9775,0.0,0.0
2023-12-27 13:30:00-05:00,7.400000095367432,7.429999828338623,7.309999942779541,7.340000152587891,10374,0.0,0.0
2023-12-27 14:30:00-05:00,7.340000152587891,7.340000152587891,7.300000190734863,7.320000171661377,6510,0.0,0.0
2023-12-27 15:30:00-05:00,7.320000171661377,7.340000152587891,7.269999980926514,7.329999923706055,21652,0.0,0.0
2023-12-28 09:30:00-05:00,7.289999961853027,7.46999979019165,7.251500129699707,7.29010009765625,8311,0.0,0.0
2023-12-28 10:30:00-05:00,7.324999809265137,7.389999866485596,7.2600998878479,7.260799884796143,7624,0.0,0.0
2023-12-28 11:30:00-05:00,7.250100135803223,7.329999923706055,7.25,7.329999923706055,4555,0.0,0.0
2023-12-28 12:30:00-05:00,7.329999923706055,7.355000019073486,7.25,7.300000190734863,7446,0.0,0.0
2023-12-28 13:30:00-05:00,7.309999942779541,7.349999904632568,7.300000190734863,7.324999809265137,6885,0.0,0.0
2023-12-28 14:30:00-05:00,7.349999904632568,7.369999885559082,7.309999942779541,7.324999809265137,8346,0.0,0.0
2023-12-28 15:30:00-05:00,7.332099914550781,7.420000076293945,7.329999923706055,7.369999885559082,28052,0.0,0.0
2023-12-29 09:30:00-05:00,7.349999904632568,7.389999866485596,7.167600154876709,7.210000038146973,11806,0.0,0.0
2023-12-29 10:30:00-05:00,7.182799816131592,7.21999979019165,6.96999979019165,7.001200199127197,14996,0.0,0.0
2023-12-29 11:30:00-05:00,6.960000038146973,7.001299858093262,6.954899787902832,6.96999979019165,6823,0.0,0.0
2023-12-29 12:30:00-05:00,6.969200134277344,6.988100051879883,6.809999942779541,6.949999809265137,15253,0.0,0.0
2023-12-29 13:30:00-05:00,6.946800231933594,7.010000228881836,6.946800231933594,6.980000019073486,9820,0.0,0.0
2023-12-29 14:30:00-05:00,6.984000205993652,6.984000205993652,6.920000076293945,6.929999828338623,13638,0.0,0.0
2023-12-29 15:30:00-05:00,6.920000076293945,6.920000076293945,6.800000190734863,6.820000171661377,10110,0.0,0.0
2024-01-02 09:30:00-05:00,6.739999771118164,7.119999885559082,6.679999828338623,6.940000057220459,27174,0.0,0.0
2024-01-02 10:30:00-05:00,6.9019999504089355,6.929900169372559,6.769999980926514,6.800000190734863,24879,0.0,0.0
2024-01-02 11:30:00-05:00,6.815000057220459,6.929999828338623,6.815000057220459,6.920000076293945,13407,0.0,0.0
2024-01-02 12:30:00-05:00,6.909999847412109,6.989999771118164,6.889999866485596,6.900000095367432,9569,0.0,0.0
2024-01-02 13:30:00-05:00,6.900000095367432,6.900000095367432,6.800000190734863,6.816299915313721,7638,0.0,0.0
2024-01-02 14:30:00-05:00,6.804999828338623,6.820000171661377,6.78000020980835,6.820000171661377,12505,0.0,0.0
2024-01-02 15:30:00-05:00,6.829999923706055,6.869999885559082,6.795000076293945,6.849999904632568,22016,0.0,0.0
2024-01-03 09:30:00-05:00,6.840000152587891,6.900000095367432,6.594399929046631,6.889999866485596,19055,0.0,0.0
2024-01-03 10:30:00-05:00,6.9039998054504395,6.920000076293945,6.764999866485596,6.764999866485596,18221,0.0,0.0
2024-01-03 11:30:00-05:00,6.764999866485596,6.800000190734863,6.679999828338623,6.684999942779541,8016,0.0,0.0
2024-01-03 12:30:00-05:00,6.695000171661377,6.840000152587891,6.695000171661377,6.795000076293945,10301,0.0,0.0
2024-01-03 13:30:00-05:00,6.78000020980835,6.800000190734863,6.679999828338623,6.75,14024,0.0,0.0
2024-01-03 14:30:00-05:00,6.710000038146973,6.729899883270264,6.480000019073486,6.489999771118164,10643,0.0,0.0
2024-01-03 15:30:00-05:00,6.53000020980835,6.619999885559082,6.519999980926514,6.579999923706055,30487,0.0,0.0
2024-01-04 09:30:00-05:00,6.619999885559082,6.849999904632568,6.510000228881836,6.570000171661377,15781,0.0,0.0
2024-01-04 10:30:00-05:00,6.593999862670898,6.710000038146973,6.579999923706055,6.690000057220459,13715,0.0,0.0
2024-01-04 11:30:00-05:00,6.738800048828125,6.738800048828125,6.639999866485596,6.670000076293945,9884,0.0,0.0
2024-01-04 12:30:00-05:00,6.670000076293945,6.880000114440918,6.630000114440918,6.880000114440918,15122,0.0,0.0
2024-01-04 13:30:00-05:00,6.880000114440918,6.920000076293945,6.829999923706055,6.855000019073486,18882,0.0,0.0
2024-01-04 14:30:00-05:00,6.840000152587891,6.888999938964844,6.769999980926514,6.820000171661377,19381,0.0,0.0
2024-01-04 15:30:00-05:00,6.820000171661377,6.880000114440918,6.820000171661377,6.849999904632568,12007,0.0,0.0
2024-01-05 09:30:00-05:00,6.75,6.839799880981445,6.53000020980835,6.679999828338623,60207,0.0,0.0
2024-01-05 10:30:00-05:00,6.698999881744385,6.840000152587891,6.670000076293945,6.699999809265137,18039,0.0,0.0
2024-01-05 11:30:00-05:00,6.710000038146973,6.789999961853027,6.690000057220459,6.739999771118164,13352,0.0,0.0
2024-01-05 12:30:00-05:00,6.789999961853027,7.03000020980835,6.739999771118164,7.019999980926514,29550,0.0,0.0
2024-01-05 13:30:00-05:00,7.03000020980835,7.289999961853027,7.03000020980835,7.230000019073486,58107,0.0,0.0
2024-01-05 14:30:00-05:00,7.224800109863281,7.360000133514404,7.150000095367432,7.355000019073486,59744,0.0,0.0
2024-01-05 15:30:00-05:00,7.357500076293945,7.369999885559082,7.150000095367432,7.179999828338623,80644,0.0,0.0
2024-01-08 09:30:00-05:00,7.179999828338623,7.71999979019165,7.099999904632568,7.71999979019165,35124,0.0,0.0
2024-01-08 10:30:00-05:00,7.75,7.789999961853027,7.460000038146973,7.598199844360352,31881,0.0,0.0
2024-01-08 11:30:00-05:00,7.510000228881836,7.590000152587891,7.420000076293945,7.559999942779541,16265,0.0,0.0
2024-01-08 12:30:00-05:00,7.5,7.730000019073486,7.480000019073486,7.730000019073486,21068,0.0,0.0
2024-01-08 13:30:00-05:00,7.730000019073486,7.800000190734863,7.690000057220459,7.75,18563,0.0,0.0
2024-01-08 14:30:00-05:00,7.71999979019165,7.769999980926514,7.710000038146973,7.730000019073486,11973,0.0,0.0
2024-01-08 15:30:00-05:00,7.71999979019165,7.789999961853027,7.710000038146973,7.75,39443,0.0,0.0
2024-01-09 09:30:00-05:00,7.690000057220459,7.75,7.179999828338623,7.179999828338623,49221,0.0,0.0
2024-01-09 10:30:00-05:00,7.170000076293945,7.289999961853027,7.170000076293945,7.230000019073486,23175,0.0,0.0
2024-01-09 11:30:00-05:00,7.210000038146973,7.289999961853027,7.159999847412109,7.190499782562256,20632,0.0,0.0
2024-01-09 12:30:00-05:00,7.199399948120117,7.275000095367432,7.150000095367432,7.25,16812,0.0,0.0
2024-01-09 13:30:00-05:00,7.25,7.25,7.159999847412109,7.178899765014648,24044,0.0,0.0
2024-01-09 14:30:00-05:00,7.178899765014648,7.281099796295166,7.176499843597412,7.190000057220459,18529,0.0,0.0
2024-01-09 15:30:00-05:00,7.199999809265137,7.21999979019165,7.170000076293945,7.199999809265137,43508,0.0,0.0
2024-01-10 09:30:00-05:00,7.119999885559082,7.400000095367432,7.014999866485596,7.175000190734863,49875,0.0,0.0
2024-01-10 10:30:00-05:00,7.170000076293945,7.329999923706055,7.159999847412109,7.230000019073486,9684,0.0,0.0
2024-01-10 11:30:00-05:00,7.159999847412109,7.230000019073486,7.070000171661377,7.119999885559082,13832,0.0,0.0
2024-01-10 12:30:00-05:00,7.110000133514404,7.179999828338623,7.019999980926514,7.179999828338623,13077,0.0,0.0
2024-01-10 13:30:00-05:00,7.199999809265137,7.199999809265137,7.144999980926514,7.150000095367432,7001,0.0,0.0
2024-01-10 14:30:00-05:00,7.150000095367432,7.159999847412109,7.074999809265137,7.074999809265137,65335,0.0,0.0
2024-01-10 15:30:00-05:00,7.090000152587891,7.199999809265137,7.090000152587891,7.179999828338623,37740,0.0,0.0
2024-01-11 09:30:00-05:00,7.179999828338623,7.235000133514404,6.921000003814697,7.190000057220459,24643,0.0,0.0
2024-01-11 10:30:00-05:00,7.190000057220459,7.320000171661377,7.175000190734863,7.224999904632568,25052,0.0,0.0
2024-01-11 11:30:00-05:00,7.25,7.340000152587891,7.190000057220459,7.210000038146973,6811,0.0,0.0
2024-01-11 12:30:00-05:00,7.199999809265137,7.389999866485596,7.199999809265137,7.340000152587891,14592,0.0,0.0
2024-01-11 13:30:00-05:00,7.340000152587891,7.623499870300293,7.340000152587891,7.510000228881836,48718,0.0,0.0
2024-01-11 14:30:00-05:00,7.485000133514404,7.560699939727783,7.460000038146973,7.519999980926514,22671,0.0,0.0
2024-01-11 15:30:00-05:00,7.53000020980835,7.570000171661377,7.490300178527832,7.519999980926514,26614,0.0,0.0
2024-01-12 09:30:00-05:00,7.579999923706055,8.710000038146973,7.579999923706055,8.510000228881836,143010,0.0,0.0
2024-01-12 10:30:00-05:00,8.510000228881836,9.0600004196167,8.449999809265137,8.890000343322754,142357,0.0,0.0
2024-01-12 11:30:00-05:00,8.920000076293945,9.619999885559082,8.800000190734863,9.503399848937988,421180,0.0,0.0
2024-01-12 12:30:00-05:00,9.520000457763672,10.260000228881836,9.479999542236328,9.75,654181,0.0,0.0
2024-01-12 13:30:00-05:00,9.780099868774414,9.970000267028809,9.204999923706055,9.204999923706055,307073,0.0,0.0
2024-01-12 14:30:00-05:00,9.210000038146973,9.529899597167969,9.029999732971191,9.510000228881836,254522,0.0,0.0
2024-01-12 15:30:00-05:00,9.510000228881836,9.680000305175781,9.149999618530273,9.649999618530273,243754,0.0,0.0
2024-01-16 09:30:00-05:00,9.65999984741211,9.65999984741211,9.170000076293945,9.260000228881836,101737,0.0,0.0
2024-01-16 10:30:00-05:00,9.282999992370605,9.305000305175781,8.8100004196167,9.199999809265137,94184,0.0,0.0
2024-01-16 11:30:00-05:00,9.15999984741211,9.395000457763672,9.15999984741211,9.329999923706055,48370,0.0,0.0
2024-01-16 12:30:00-05:00,9.338800430297852,9.46500015258789,9.239999771118164,9.420000076293945,27128,0.0,0.0
2024-01-16 13:30:00-05:00,9.4350004196167,9.694499969482422,9.4350004196167,9.595000267028809,54819,0.0,0.0
2024-01-16 14:30:00-05:00,9.595000267028809,9.864999771118164,9.585000038146973,9.729999542236328,78573,0.0,0.0
2024-01-16 15:30:00-05:00,9.760000228881836,9.789999961853027,9.520000457763672,9.600000381469727,68164,0.0,0.0
2024-01-17 09:30:00-05:00,9.579999923706055,9.600000381469727,9.010000228881836,9.579999923706055,46782,0.0,0.0
2024-01-17 10:30:00-05:00,9.550000190734863,9.550000190734863,9.09000015258789,9.15999984741211,57103,0.0,0.0
2024-01-17 11:30:00-05:00,9.15999984741211,9.305000305175781,9.109999656677246,9.109999656677246,37867,0.0,0.0
2024-01-17 12:30:00-05:00,9.09000015258789,9.260000228881836,8.960000038146973,9.234999656677246,267280,0.0,0.0
2024-01-17 13:30:00-05:00,9.25,9.390000343322754,9.149999618530273,9.369999885559082,148294,0.0,0.0
2024-01-17 14:30:00-05:00,9.390000343322754,9.649999618530273,9.25,9.470000267028809,170743,0.0,0.0
2024-01-17 15:30:00-05:00,9.470000267028809,9.930000305175781,9.470000267028809,9.84000015258789,264536,0.0,0.0
2024-01-18 09:30:00-05:00,9.850000381469727,9.850000381469727,9.3100004196167,9.734999656677246,58497,0.0,0.0
2024-01-18 10:30:00-05:00,9.739999771118164,10.100000381469727,9.720000267028809,9.890000343322754,51518,0.0,0.0
2024-01-18 11:30:00-05:00,9.885000228881836,9.890000343322754,9.369999885559082,9.510000228881836,35645,0.0,0.0
2024-01-18 12:30:00-05:00,9.513999938964844,9.550000190734863,9.279999732971191,9.295000076293945,25909,0.0,0.0
2024-01-18 13:30:00-05:00,9.3100004196167,9.4399995803833,9.289999961853027,9.4399995803833,12819,0.0,0.0
2024-01-18 14:30:00-05:00,9.48859977722168,9.609999656677246,9.479000091552734,9.555000305175781,23706,0.0,0.0
2024-01-18 15:30:00-05:00,9.569999694824219,9.720000267028809,9.529999732971191,9.6899995803833,76503,0.0,0.0
2024-01-19 09:30:00-05:00,9.710000038146973,9.8100004196167,9.3100004196167,9.5,33591,0.0,0.0
2024-01-19 10:30:00-05:00,9.510000228881836,9.649999618530273,9.239999771118164,9.255000114440918,18943,0.0,0.0
2024-01-19 11:30:00-05:00,9.220100402832031,9.309900283813477,9.15999984741211,9.175000190734863,25274,0.0,0.0
2024-01-19 12:30:00-05:00,9.149999618530273,9.489999771118164,9.100000381469727,9.40999984741211,30861,0.0,0.0
2024-01-19 13:30:00-05:00,9.40999984741211,9.449999809265137,9.34000015258789,9.404999732971191,19621,0.0,0.0
2024-01-19 14:30:00-05:00,9.399999618530273,9.449999809265137,9.329999923706055,9.4399995803833,20094,0.0,0.0
2024-01-19 15:30:00-05:00,9.479999542236328,9.489999771118164,9.350000381469727,9.390000343322754,33960,0.0,0.0
2024-01-22 09:30:00-05:00,9.380000114440918,9.699999809265137,9.199999809265137,9.670000076293945,24790,0.0,0.0
2024-01-22 10:30:00-05:00,9.679699897766113,9.859999656677246,9.539999961853027,9.699999809265137,37979,0.0,0.0
2024-01-22 11:30:00-05:00,9.699999809265137,9.699999809265137,9.444999694824219,9.550000190734863,13962,0.0,0.0
2024-01-22 12:30:00-05:00,9.569999694824219,9.800000190734863,9.449999809265137,9.725000381469727,27302,0.0,0.0
2024-01-22 13:30:00-05:00,9.710000038146973,9.729999542236328,9.5,9.515000343322754,27095,0.0,0.0
2024-01-22 14:30:00-05:00,9.539999961853027,9.699999809265137,9.510000228881836,9.6899995803833,27233,0.0,0.0
2024-01-22 15:30:00-05:00,9.699999809265137,9.800000190734863,9.670000076293945,9.779999732971191,58676,0.0,0.0
2024-01-23 09:30:00-05:00,9.850000381469727,10.169899940490723,9.520000457763672,9.84000015258789,45826,0.0,0.0
2024-01-23 10:30:00-05:00,9.854999542236328,9.970000267028809,9.770000457763672,9.819999694824219,17398,0.0,0.0
2024-01-23 11:30:00-05:00,9.819999694824219,9.890000343322754,9.760000228881836,9.789999961853027,9842,0.0,0.0
2024-01-23 12:30:00-05:00,9.760000228881836,9.771900177001953,9.579999923706055,9.579999923706055,9662,0.0,0.0
2024-01-23 13:30:00-05:00,9.600000381469727,9.770000457763672,9.539999961853027,9.744999885559082,12122,0.0,0.0
2024-01-23 14:30:00-05:00,9.710000038146973,9.859999656677246,9.6899995803833,9.720000267028809,17187,0.0,0.0
2024-01-23 15:30:00-05:00,9.710000038146973,9.789999961853027,9.6899995803833,9.770000457763672,29123,0.0,0.0
2024-01-24 09:30:00-05:00,9.819999694824219,9.970000267028809,9.6899995803833,9.859999656677246,19242,0.0,0.0
2024-01-24 10:30:00-05:00,9.859999656677246,10.109999656677246,9.800000190734863,9.970000267028809,52653,0.0,0.0
2024-01-24 11:30:00-05:00,9.978400230407715,9.978400230407715,9.779999732971191,9.819999694824219,7330,0.0,0.0
2024-01-24 12:30:00-05:00,9.8100004196167,9.850000381469727,9.65999984741211,9.710000038146973,11888,0.0,0.0
2024-01-24 13:30:00-05:00,9.699999809265137,9.699999809265137,9.470000267028809,9.600000381469727,37551,0.0,0.0
2024-01-24 14:30:00-05:00,9.609999656677246,9.649999618530273,9.5600004196167,9.59000015258789,25329,0.0,0.0
2024-01-24 15:30:00-05:00,9.5600004196167,9.569999694824219,9.470000267028809,9.470000267028809,25330,0.0,0.0
2024-01-25 09:30:00-05:00,9.600000381469727,9.65999984741211,9.380000114440918,9.614999771118164,15005,0.0,0.0
2024-01-25 10:30:00-05:00,9.614999771118164,9.8100004196167,9.609999656677246,9.800000190734863,36526,0.0,0.0
2024-01-25 11:30:00-05:00,9.829999923706055,10.0,9.710000038146973,9.8100004196167,55961,0.0,0.0
2024-01-25 12:30:00-05:00,9.770000457763672,9.90999984741211,9.770000457763672,9.859999656677246,9802,0.0,0.0
2024-01-25 13:30:00-05:00,9.829999923706055,9.90999984741211,9.800000190734863,9.90999984741211,14569,0.0,0.0
2024-01-25 14:30:00-05:00,9.899999618530273,10.225000381469727,9.899999618530273,10.20989990234375,71957,0.0,0.0
2024-01-25 15:30:00-05:00,10.225000381469727,10.59000015258789,10.210000038146973,10.550000190734863,119709,0.0,0.0
2024-01-26 09:30:00-05:00,10.579999923706055,11.154999732971191,10.550100326538086,10.640000343322754,196476,0.0,0.0
2024-01-26 10:30:00-05:00,10.65999984741211,11.109999656677246,10.170000076293945,10.962599754333496,166728,0.0,0.0
2024-01-26 11:30:00-05:00,10.90999984741211,11.149999618530273,10.770000457763672,11.079999923706055,72981,0.0,0.0
2024-01-26 12:30:00-05:00,11.039999961853027,11.100000381469727,10.890000343322754,10.9350004196167,71476,0.0,0.0
2024-01-26 13:30:00-05:00,10.944999694824219,11.149999618530273,10.84000015258789,11.130000114440918,44265,0.0,0.0
2024-01-26 14:30:00-05:00,11.119999885559082,11.279999732971191,11.049200057983398,11.100000381469727,50438,0.0,0.0
2024-01-26 15:30:00-05:00,11.09000015258789,11.350000381469727,11.039999961853027,11.279999732971191,126801,0.0,0.0
2024-01-29 09:30:00-05:00,11.199999809265137,11.75,10.859999656677246,11.619999885559082,153217,0.0,0.0
2024-01-29 10:30:00-05:00,11.6899995803833,11.859999656677246,11.531999588012695,11.569999694824219,54921,0.0,0.0
2024-01-29 11:30:00-05:00,11.59000015258789,12.079999923706055,11.59000015258789,12.0,56839,0.0,0.0
2024-01-29 12:30:00-05:00,11.984999656677246,12.0,11.760000228881836,11.904999732971191,52939,0.0,0.0
2024-01-29 13:30:00-05:00,11.890000343322754,11.975000381469727,11.819999694824219,11.944999694824219,50122,0.0,0.0
2024-01-29 14:30:00-05:00,11.96500015258789,12.239899635314941,11.880000114440918,12.140000343322754,71832,0.0,0.0
2024-01-29 15:30:00-05:00,12.140000343322754,12.15999984741211,12.020000457763672,12.109999656677246,69576,0.0,0.0
2024-01-30 09:30:00-05:00,11.989999771118164,12.5,11.8100004196167,12.25,118533,0.0,0.0
2024-01-30 10:30:00-05:00,12.25,12.75,12.149999618530273,12.529999732971191,104962,0.0,0.0
2024-01-30 11:30:00-05:00,12.5600004196167,12.600000381469727,12.369999885559082,12.470000267028809,75884,0.0,0.0
2024-01-30 12:30:00-05:00,12.479999542236328,12.699999809265137,12.479999542236328,12.619999885559082,26664,0.0,0.0
2024-01-30 13:30:00-05:00,12.649999618530273,12.680000305175781,12.460000038146973,12.510000228881836,48304,0.0,0.0
2024-01-30 14:30:00-05:00,12.489999771118164,12.720000267028809,12.470000267028809,12.5600004196167,34395,0.0,0.0
2024-01-30 15:30:00-05:00,12.539999961853027,12.630000114440918,12.510000228881836,12.5600004196167,55815,0.0,0.0
2024-01-31 09:30:00-05:00,12.520000457763672,12.824999809265137,11.8100004196167,12.494999885559082,75100,0.0,0.0
2024-01-31 10:30:00-05:00,12.505000114440918,12.579999923706055,12.449999809265137,12.550000190734863,28355,0.0,0.0
2024-01-31 11:30:00-05:00,12.550000190734863,12.59000015258789,12.529999732971191,12.539999961853027,18726,0.0,0.0
2024-01-31 12:30:00-05:00,12.53499984741211,12.770099639892578,12.520000457763672,12.682499885559082,22820,0.0,0.0
2024-01-31 13:30:00-05:00,12.699999809265137,12.970000267028809,12.649999618530273,12.829999923706055,44466,0.0,0.0
2024-01-31 14:30:00-05:00,12.859999656677246,13.385000228881836,12.71500015258789,12.850000381469727,72520,0.0,0.0
2024-01-31 15:30:00-05:00,12.829999923706055,12.920000076293945,12.729999542236328,12.765000343322754,91752,0.0,0.0
2024-02-01 09:30:00-05:00,12.819999694824219,13.350000381469727,12.800000190734863,13.104999542236328,169921,0.0,0.0
2024-02-01 10:30:00-05:00,13.100000381469727,13.109999656677246,12.920000076293945,13.029999732971191,33255,0.0,0.0
2024-02-01 11:30:00-05:00,13.050000190734863,13.279999732971191,13.050000190734863,13.199999809265137,36485,0.0,0.0
2024-02-01 12:30:00-05:00,13.199999809265137,13.350000381469727,13.170000076293945,13.329999923706055,23226,0.0,0.0
2024-02-01 13:30:00-05:00,13.350000381469727,13.350000381469727,13.229999542236328,13.260000228881836,17183,0.0,0.0
2024-02-01 14:30:00-05:00,13.260000228881836,13.300000190734863,13.15999984741211,13.229999542236328,121513,0.0,0.0
2024-02-01 15:30:00-05:00,13.220000267028809,13.390000343322754,13.214900016784668,13.390000343322754,40726,0.0,0.0
2024-02-02 09:30:00-05:00,13.1899995803833,13.689900398254395,13.0,13.329999923706055,68166,0.0,0.0
2024-02-02 10:30:00-05:00,13.420000076293945,13.470000267028809,13.239999771118164,13.350000381469727,20156,0.0,0.0
2024-02-02 11:30:00-05:00,13.430000305175781,13.680000305175781,13.40999984741211,13.65999984741211,33738,0.0,0.0
2024-02-02 12:30:00-05:00,13.65999984741211,13.65999984741211,13.489999771118164,13.510000228881836,30087,0.0,0.0
2024-02-02 13:30:00-05:00,13.529999732971191,13.670000076293945,13.510000228881836,13.609999656677246,20104,0.0,0.0
2024-02-02 14:30:00-05:00,13.600000381469727,14.069999694824219,13.600000381469727,13.899999618530273,63215,0.0,0.0
2024-02-02 15:30:00-05:00,13.90999984741211,14.069999694824219,13.899999618530273,14.0,82727,0.0,0.0
2024-02-05 09:30:00-05:00,13.899999618530273,13.899999618530273,12.930000305175781,13.529999732971191,192984,0.0,0.0
2024-02-05 10:30:00-05:00,13.550000190734863,13.649999618530273,13.480600357055664,13.59000015258789,61523,0.0,0.0
2024-02-05 11:30:00-05:00,13.595000267028809,13.659799575805664,13.470000267028809,13.550000190734863,24087,0.0,0.0
2024-02-05 12:30:00-05:00,13.579999923706055,13.854999542236328,13.5,13.619999885559082,45861,0.0,0.0
2024-02-05 13:30:00-05:00,13.609999656677246,13.75,13.59000015258789,13.704000473022461,13168,0.0,0.0
2024-02-05 14:30:00-05:00,13.710000038146973,13.75,13.539999961853027,13.710000038146973,47931,0.0,0.0
2024-02-05 15:30:00-05:00,13.71500015258789,13.800000190734863,13.640000343322754,13.680000305175781,52575,0.0,0.0
2024-02-06 09:30:00-05:00,13.539999961853027,13.8100004196167,13.279999732971191,13.506699562072754,268783,0.0,0.0
2024-02-06 10:30:00-05:00,13.5600004196167,13.819999694824219,13.550000190734863,13.619999885559082,19238,0.0,0.0
2024-02-06 11:30:00-05:00,13.645000457763672,13.680000305175781,13.430000305175781,13.53499984741211,48339,0.0,0.0
2024-02-06 12:30:00-05:00,13.545000076293945,13.600000381469727,13.369999885559082,13.59000015258789,48244,0.0,0.0
2024-02-06 13:30:00-05:00,13.579999923706055,13.59000015258789,13.479999542236328,13.494999885559082,25798,0.0,0.0
2024-02-06 14:30:00-05:00,13.5,13.640000343322754,13.489999771118164,13.59000015258789,31345,0.0,0.0
2024-02-06 15:30:00-05:00,13.579999923706055,13.619999885559082,13.520000457763672,13.59000015258789,149025,0.0,0.0
2024-02-07 09:30:00-05:00,13.550000190734863,13.760000228881836,13.354999542236328,13.59000015258789,33932,0.0,0.0
2024-02-07 10:30:00-05:00,13.619999885559082,13.6899995803833,13.510000228881836,13.545000076293945,32248,0.0,0.0
2024-02-07 11:30:00-05:00,13.550000190734863,13.600000381469727,13.510000228881836,13.574999809265137,33737,0.0,0.0
2024-02-07 12:30:00-05:00,13.574999809265137,13.574999809265137,13.180000305175781,13.399999618530273,250126,0.0,0.0
2024-02-07 13:30:00-05:00,13.399999618530273,13.399999618530273,13.20009994506836,13.399999618530273,22284,0.0,0.0
2024-02-07 14:30:00-05:00,13.369999885559082,13.470000267028809,13.319999694824219,13.350000381469727,65813,0.0,0.0
2024-02-07 15:30:00-05:00,13.329999923706055,13.329999923706055,13.010000228881836,13.050000190734863,77135,0.0,0.0
2024-02-08 09:30:00-05:00,13.020000457763672,13.050000190734863,11.70009994506836,12.632499694824219,103620,0.0,0.0
2024-02-08 10:30:00-05:00,12.649999618530273,13.119999885559082,12.649999618530273,13.029999732971191,82138,0.0,0.0
2024-02-08 11:30:00-05:00,13.039999961853027,13.0600004196167,12.859999656677246,12.979999542236328,59863,0.0,0.0
2024-02-08 12:30:00-05:00,12.979999542236328,13.055000305175781,12.970000267028809,13.029999732971191,21051,0.0,0.0
2024-02-08 13:30:00-05:00,13.039999961853027,13.050000190734863,12.899999618530273,12.899999618530273,14605,0.0,0.0
2024-02-08 14:30:00-05:00,12.899999618530273,13.199999809265137,12.890000343322754,13.050000190734863,58937,0.0,0.0
2024-02-08 15:30:00-05:00,13.050000190734863,13.0600004196167,12.819999694824219,12.979999542236328,74734,0.0,0.0
2024-02-09 09:30:00-05:00,13.0,13.15999984741211,12.76729965209961,12.899999618530273,57313,0.0,0.0
2024-02-09 10:30:00-05:00,12.90999984741211,13.220000267028809,12.90999984741211,12.989999771118164,69000,0.0,0.0
2024-02-09 11:30:00-05:00,13.010000228881836,13.0600004196167,12.970000267028809,13.050000190734863,34054,0.0,0.0
2024-02-09 12:30:00-05:00,13.069999694824219,13.149999618530273,13.024999618530273,13.137100219726562,16820,0.0,0.0
2024-02-09 13:30:00-05:00,13.149999618530273,13.300000190734863,13.0,13.0600004196167,27810,0.0,0.0
2024-02-09 14:30:00-05:00,13.069999694824219,13.100000381469727,13.0,13.069999694824219,18007,0.0,0.0
2024-02-09 15:30:00-05:00,13.069999694824219,13.109999656677246,13.0,13.100000381469727,39226,0.0,0.0
2024-02-12 09:30:00-05:00,12.970000267028809,13.794500350952148,12.970000267028809,13.794500350952148,64815,0.0,0.0
2024-02-12 10:30:00-05:00,13.765000343322754,14.470000267028809,13.765000343322754,14.100000381469727,223966,0.0,0.0
2024-02-12 11:30:00-05:00,14.100000381469727,14.319999694824219,13.989999771118164,14.15999984741211,35210,0.0,0.0
2024-02-12 12:30:00-05:00,14.15999984741211,14.489999771118164,14.15999984741211,14.420000076293945,37744,0.0,0.0
2024-02-12 13:30:00-05:00,14.420000076293945,14.420000076293945,14.09000015258789,14.3149995803833,37460,0.0,0.0
2024-02-12 14:30:00-05:00,14.335000038146973,14.479999542236328,14.274999618530273,14.350000381469727,89907,0.0,0.0
2024-02-12 15:30:00-05:00,14.329999923706055,14.46500015258789,14.130000114440918,14.369999885559082,245643,0.0,0.0
2024-02-13 09:30:00-05:00,13.779999732971191,14.449999809265137,13.479000091552734,14.312399864196777,86594,0.0,0.0
2024-02-13 10:30:00-05:00,14.319999694824219,14.710000038146973,14.244999885559082,14.59000015258789,114761,0.0,0.0
2024-02-13 11:30:00-05:00,14.569999694824219,14.824999809265137,14.5,14.729999542236328,61905,0.0,0.0
2024-02-13 12:30:00-05:00,14.739999771118164,15.0,14.739999771118164,15.0,89639,0.0,0.0
2024-02-13 13:30:00-05:00,14.989999771118164,15.0,14.5,14.600000381469727,153666,0.0,0.0
2024-02-13 14:30:00-05:00,14.585000038146973,14.800000190734863,14.524999618530273,14.755000114440918,96883,0.0,0.0
2024-02-13 15:30:00-05:00,14.760000228881836,15.0,14.760000228881836,14.890000343322754,220424,0.0,0.0
2024-02-14 09:30:00-05:00,15.0,15.0,14.399999618530273,14.5,57123,0.0,0.0
2024-02-14 10:30:00-05:00,14.5,15.329999923706055,14.5,15.329999923706055,77614,0.0,0.0
2024-02-14 11:30:00-05:00,15.390000343322754,15.789999961853027,15.369999885559082,15.789999961853027,61858,0.0,0.0
2024-02-14 12:30:00-05:00,15.829999923706055,16.360000610351562,15.819999694824219,16.32270050048828,51874,0.0,0.0
2024-02-14 13:30:00-05:00,16.270000457763672,16.290000915527344,15.666299819946289,15.704999923706055,106127,0.0,0.0
2024-02-14 14:30:00-05:00,15.704999923706055,15.720000267028809,15.449999809265137,15.59000015258789,33544,0.0,0.0
2024-02-14 15:30:00-05:00,15.59000015258789,15.59000015258789,15.100000381469727,15.199999809265137,96601,0.0,0.0
2024-02-15 09:30:00-05:00,15.539999961853027,15.967000007629395,15.300000190734863,15.75,91738,0.0,0.0
2024-02-15 10:30:00-05:00,15.680000305175781,15.784000396728516,15.300000190734863,15.300000190734863,34109,0.0,0.0
2024-02-15 11:30:00-05:00,15.300000190734863,15.65999984741211,15.260000228881836,15.59000015258789,29236,0.0,0.0
2024-02-15 12:30:00-05:00,15.574999809265137,15.654999732971191,15.40999984741211,15.470000267028809,13118,0.0,0.0
2024-02-15 13:30:00-05:00,15.53499984741211,15.619999885559082,15.369999885559082,15.414999961853027,20703,0.0,0.0
2024-02-15 14:30:00-05:00,15.449999809265137,15.479999542236328,15.069999694824219,15.479999542236328,24156,0.0,0.0
2024-02-15 15:30:00-05:00,15.454999923706055,16.1299991607666,15.444999694824219,15.960000038146973,120379,0.0,0.0
2024-02-16 09:30:00-05:00,16.0,16.190000534057617,15.029000282287598,15.680000305175781,72901,0.0,0.0
2024-02-16 10:30:00-05:00,15.6850004196167,15.729999542236328,15.604999542236328,15.694999694824219,21592,0.0,0.0
2024-02-16 11:30:00-05:00,15.720000267028809,16.299999237060547,15.6899995803833,16.139999389648438,45950,0.0,0.0
2024-02-16 12:30:00-05:00,16.15999984741211,16.43000030517578,15.984999656677246,16.139999389648438,35409,0.0,0.0
2024-02-16 13:30:00-05:00,16.149999618530273,16.229999542236328,16.030000686645508,16.139999389648438,39324,0.0,0.0
2024-02-16 14:30:00-05:00,16.100000381469727,16.389999389648438,15.880000114440918,16.360000610351562,96010,0.0,0.0
2024-02-16 15:30:00-05:00,16.329999923706055,16.530000686645508,16.25,16.290000915527344,113385,0.0,0.0
2024-02-20 09:30:00-05:00,16.559999465942383,17.269899368286133,16.329999923706055,16.71500015258789,85685,0.0,0.0
2024-02-20 10:30:00-05:00,16.670000076293945,16.790000915527344,16.3799991607666,16.610000610351562,67751,0.0,0.0
2024-02-20 11:30:00-05:00,16.565000534057617,16.565000534057617,16.25,16.3700008392334,19984,0.0,0.0
2024-02-20 12:30:00-05:00,16.40999984741211,16.729999542236328,16.40999984741211,16.68000030517578,38182,0.0,0.0
2024-02-20 13:30:00-05:00,16.690000534057617,16.93000030517578,16.579999923706055,16.719999313354492,45476,0.0,0.0
2024-02-20 14:30:00-05:00,16.735000610351562,16.8799991607666,16.399999618530273,16.405000686645508,33623,0.0,0.0
2024-02-20 15:30:00-05:00,16.389999389648438,16.610000610351562,16.350000381469727,16.579999923706055,93651,0.0,0.0
2024-02-21 09:30:00-05:00,16.170000076293945,16.639999389648438,16.170000076293945,16.5447998046875,35891,0.0,0.0
2024-02-21 10:30:00-05:00,16.540000915527344,16.549999237060547,16.030000686645508,16.145000457763672,121662,0.0,0.0
2024-02-21 11:30:00-05:00,16.149999618530273,16.610000610351562,16.149999618530273,16.309999465942383,29003,0.0,0.0
2024-02-21 12:30:00-05:00,16.235000610351562,16.350000381469727,16.139999389648438,16.344999313354492,11180,0.0,0.0
2024-02-21 13:30:00-05:00,16.35700035095215,16.600000381469727,16.329999923706055,16.45840072631836,75990,0.0,0.0
2024-02-21 14:30:00-05:00,16.43000030517578,16.649999618530273,16.399999618530273,16.6299991607666,26721,0.0,0.0
2024-02-21 15:30:00-05:00,16.6299991607666,16.649999618530273,16.350000381469727,16.520000457763672,110634,0.0,0.0
2024-02-22 09:30:00-05:00,16.489999771118164,16.739999771118164,16.399999618530273,16.49519920349121,23604,0.0,0.0
2024-02-22 10:30:00-05:00,16.524999618530273,16.989999771118164,16.469999313354492,16.860000610351562,26506,0.0,0.0
2024-02-22 11:30:00-05:00,16.850000381469727,16.850000381469727,16.559999465942383,16.729999542236328,30794,0.0,0.0
2024-02-22 12:30:00-05:00,16.729999542236328,16.93000030517578,16.729999542236328,16.818099975585938,29790,0.0,0.0
2024-02-22 13:30:00-05:00,16.81999969482422,17.059999465942383,16.709999084472656,17.0,44607,0.0,0.0
2024-02-22 14:30:00-05:00,16.9950008392334,17.024999618530273,16.774999618530273,16.864999771118164,76667,0.0,0.0
2024-02-22 15:30:00-05:00,16.864999771118164,17.030000686645508,16.84000015258789,16.979999542236328,63540,0.0,0.0
2024-02-23 09:30:00-05:00,17.06999969482422,17.2637996673584,16.825000762939453,16.979999542236328,28564,0.0,0.0
2024-02-23 10:30:00-05:00,16.969999313354492,17.059999465942383,16.530000686645508,16.559999465942383,42239,0.0,0.0
2024-02-23 11:30:00-05:00,16.59000015258789,16.790000915527344,16.459999084472656,16.719999313354492,24274,0.0,0.0
2024-02-23 12:30:00-05:00,16.75,17.020000457763672,16.725000381469727,17.010000228881836,59866,0.0,0.0
2024-02-23 13:30:00-05:00,16.9950008392334,17.010000228881836,16.790000915527344,16.809900283813477,48962,0.0,0.0
2024-02-23 14:30:00-05:00,16.75,16.75,16.360000610351562,16.405000686645508,20514,0.0,0.0
2024-02-23 15:30:00-05:00,16.405000686645508,16.549999237060547,16.389999389648438,16.479999542236328,46686,0.0,0.0
2024-02-26 09:30:00-05:00,16.510000228881836,17.024999618530273,16.510000228881836,16.639999389648438,29890,0.0,0.0
2024-02-26 10:30:00-05:00,16.636999130249023,16.636999130249023,16.309999465942383,16.40999984741211,17698,0.0,0.0
2024-02-26 11:30:00-05:00,16.34000015258789,16.523700714111328,16.270000457763672,16.523700714111328,16298,0.0,0.0
2024-02-26 12:30:00-05:00,16.54599952697754,16.549999237060547,16.34000015258789,16.38559913635254,20058,0.0,0.0
2024-02-26 13:30:00-05:00,16.3700008392334,16.5,16.239999771118164,16.469999313354492,22331,0.0,0.0
2024-02-26 14:30:00-05:00,16.475000381469727,16.549999237060547,16.3700008392334,16.520000457763672,21454,0.0,0.0
2024-02-26 15:30:00-05:00,16.540000915527344,16.655000686645508,16.440000534057617,16.5,54609,0.0,0.0
2024-02-27 09:30:00-05:00,16.6299991607666,17.0,16.399999618530273,16.520000457763672,32429,0.0,0.0
2024-02-27 10:30:00-05:00,16.49090003967285,16.649999618530273,16.420000076293945,16.489999771118164,34236,0.0,0.0
2024-02-27 11:30:00-05:00,16.479999542236328,16.649999618530273,16.450000762939453,16.5049991607666,36642,0.0,0.0
2024-02-27 12:30:00-05:00,16.524999618530273,16.530000686645508,16.3799991607666,16.440000534057617,18849,0.0,0.0
2024-02-27 13:30:00-05:00,16.440000534057617,16.579999923706055,16.40999984741211,16.489999771118164,33598,0.0,0.0
2024-02-27 14:30:00-05:00,16.514999389648438,16.514999389648438,16.260000228881836,16.354999542236328,31058,0.0,0.0
2024-02-27 15:30:00-05:00,16.360000610351562,16.514999389648438,16.350000381469727,16.469999313354492,42814,0.0,0.0
2024-02-28 09:30:00-05:00,16.5,16.639999389648438,16.31999969482422,16.399999618530273,18378,0.0,0.0
2024-02-28 10:30:00-05:00,16.299999237060547,16.5049991607666,16.299999237060547,16.399999618530273,22068,0.0,0.0
2024-02-28 11:30:00-05:00,16.399999618530273,16.43000030517578,16.15999984741211,16.350000381469727,21236,0.0,0.0
2024-02-28 12:30:00-05:00,16.34000015258789,16.459999084472656,15.989999771118164,16.3799991607666,19649,0.0,0.0
2024-02-28 13:30:00-05:00,16.46430015563965,16.520000457763672,16.350000381469727,16.459999084472656,19810,0.0,0.0
2024-02-28 14:30:00-05:00,16.479999542236328,16.510000228881836,16.264999389648438,16.424999237060547,20900,0.0,0.0
2024-02-28 15:30:00-05:00,16.399999618530273,16.479999542236328,16.219999313354492,16.31999969482422,62417,0.0,0.0
2024-02-29 09:30:00-05:00,16.65999984741211,17.030000686645508,16.440000534057617,16.8700008392334,29090,0.0,0.0
2024-02-29 10:30:00-05:00,16.850000381469727,16.93829917907715,16.600000381469727,16.709999084472656,58333,0.0,0.0
2024-02-29 11:30:00-05:00,16.7189998626709,16.739999771118164,16.579999923706055,16.579999923706055,16618,0.0,0.0
2024-02-29 12:30:00-05:00,16.610000610351562,16.739999771118164,16.440000534057617,16.704999923706055,25868,0.0,0.0
2024-02-29 13:30:00-05:00,16.719999313354492,16.760000228881836,16.530000686645508,16.7450008392334,45496,0.0,0.0
2024-02-29 14:30:00-05:00,16.7450008392334,16.760000228881836,16.600000381469727,16.68000030517578,34991,0.0,0.0
2024-02-29 15:30:00-05:00,16.690000534057617,16.718000411987305,16.56999969482422,16.6200008392334,62547,0.0,0.0
2024-03-01 09:30:00-05:00,20.315000534057617,20.440000534057617,18.25,19.450000762939453,222543,0.0,0.0
2024-03-01 10:30:00-05:00,19.34000015258789,20.040000915527344,18.530000686645508,19.700000762939453,339047,0.0,0.0
2024-03-01 11:30:00-05:00,19.71500015258789,19.81999969482422,18.795000076293945,18.959999084472656,160001,0.0,0.0
2024-03-01 12:30:00-05:00,19.020000457763672,19.940000534057617,18.850000381469727,19.440000534057617,78154,0.0,0.0
2024-03-01 13:30:00-05:00,19.5049991607666,19.850000381469727,19.079999923706055,19.299999237060547,57440,0.0,0.0
2024-03-01 14:30:00-05:00,19.299999237060547,19.450000762939453,18.850000381469727,18.959999084472656,101155,0.0,0.0
2024-03-01 15:30:00-05:00,18.989999771118164,19.010000228881836,18.450000762939453,18.690000534057617,203750,0.0,0.0
2024-03-04 09:30:00-05:00,18.517499923706055,19.1200008392334,18.100000381469727,18.3125,89541,0.0,0.0
2024-03-04 10:30:00-05:00,18.25,18.5,18.049999237060547,18.200000762939453,5223,0.0,0.0
2024-03-04 11:30:00-05:00,18.209999084472656,18.209999084472656,17.799999237060547,17.799999237060547,20738,0.0,0.0
2024-03-04 12:30:00-05:00,17.762699127197266,17.762699127197266,17.559999465942383,17.559999465942383,16866,0.0,0.0
2024-03-04 13:30:00-05:00,17.540000915527344,17.739999771118164,17.31999969482422,17.610000610351562,42870,0.0,0.0
2024-03-04 14:30:00-05:00,17.610000610351562,17.65999984741211,17.420000076293945,17.520000457763672,25426,0.0,0.0
2024-03-04 15:30:00-05:00,17.530000686645508,17.65999984741211,17.31999969482422,17.350000381469727,194645,0.0,0.0
2024-03-05 09:30:00-05:00,17.040000915527344,17.202699661254883,16.790000915527344,17.135000228881836,32157,0.0,0.0
2024-03-05 10:30:00-05:00,17.135000228881836,17.174999237060547,16.790000915527344,17.174999237060547,31874,0.0,0.0
2024-03-05 11:30:00-05:00,17.110000610351562,17.149999618530273,16.950000762939453,17.06999969482422,0,0.0,0.0
2024-03-05 12:30:00-05:00,17.104999542236328,17.129899978637695,16.889999389648438,17.010000228881836,12250,0.0,0.0
2024-03-05 13:30:00-05:00,17.0049991607666,17.0049991607666,16.739999771118164,16.81999969482422,13376,0.0,0.0
2024-03-05 14:30:00-05:00,16.84000015258789,16.9325008392334,16.459999084472656,16.579999923706055,23381,0.0,0.0
2024-03-05 15:30:00-05:00,16.59000015258789,16.68000030517578,16.3700008392334,16.649999618530273,147054,0.0,0.0
2024-03-06 09:30:00-05:00,17.1200008392334,18.186899185180664,17.1200008392334,18.010000228881836,119392,0.0,0.0
2024-03-06 10:30:00-05:00,18.010000228881836,18.12929916381836,17.881099700927734,18.0,17951,0.0,0.0
2024-03-06 11:30:00-05:00,17.989999771118164,18.02750015258789,17.90999984741211,17.969999313354492,14570,0.0,0.0
2024-03-06 12:30:00-05:00,17.979999542236328,18.040000915527344,17.84000015258789,18.040000915527344,13065,0.0,0.0
2024-03-06 13:30:00-05:00,18.024999618530273,18.06999969482422,17.6299991607666,18.024999618530273,27762,0.0,0.0
2024-03-06 14:30:00-05:00,18.024999618530273,18.024999618530273,17.860000610351562,17.860000610351562,10103,0.0,0.0
2024-03-06 15:30:00-05:00,17.875,18.030000686645508,17.739999771118164,17.989999771118164,100112,0.0,0.0
2024-03-07 09:30:00-05:00,18.040000915527344,18.165000915527344,17.559999465942383,17.700000762939453,22054,0.0,0.0
2024-03-07 10:30:00-05:00,17.700000762939453,18.0,17.65999984741211,17.815000534057617,17927,0.0,0.0
2024-03-07 11:30:00-05:00,17.78499984741211,17.78499984741211,17.639999389648438,17.69700050354004,6295,0.0,0.0
2024-03-07 12:30:00-05:00,17.729999542236328,17.780000686645508,17.69499969482422,17.75,7204,0.0,0.0
2024-03-07 13:30:00-05:00,17.719999313354492,17.790000915527344,17.56999969482422,17.56999969482422,8328,0.0,0.0
2024-03-07 14:30:00-05:00,17.600000381469727,17.68000030517578,17.510000228881836,17.670000076293945,12595,0.0,0.0
2024-03-07 15:30:00-05:00,17.639999389648438,17.670000076293945,17.450000762939453,17.670000076293945,36949,0.0,0.0
2024-03-08 09:30:00-05:00,17.639999389648438,18.104999542236328,17.6299991607666,18.06999969482422,46668,0.0,0.0
2024-03-08 10:30:00-05:00,18.059999465942383,18.094999313354492,17.886600494384766,17.940000534057617,19727,0.0,0.0
2024-03-08 11:30:00-05:00,17.889999389648438,17.920000076293945,17.350000381469727,17.40999984741211,20114,0.0,0.0
2024-03-08 12:30:00-05:00,17.440000534057617,17.479999542236328,17.229999542236328,17.280000686645508,7301,0.0,0.0
2024-03-08 13:30:00-05:00,17.190000534057617,17.7549991607666,17.110000610351562,17.690000534057617,25900,0.0,0.0
2024-03-08 14:30:00-05:00,17.729999542236328,17.940000534057617,17.55500030517578,17.55500030517578,17404,0.0,0.0
2024-03-08 15:30:00-05:00,17.540000915527344,17.672500610351562,17.450000762939453,17.649999618530273,39892,0.0,0.0
2024-03-11 09:30:00-04:00,17.360000610351562,17.389999389648438,15.390000343322754,16.559999465942383,141010,0.0,0.0
2024-03-11 10:30:00-04:00,16.559999465942383,16.889999389648438,16.3700008392334,16.81999969482422,35616,0.0,0.0
2024-03-11 11:30:00-04:00,16.780000686645508,16.90999984741211,16.6200008392334,16.764999389648438,20857,0.0,0.0
2024-03-11 12:30:00-04:00,16.719999313354492,16.829999923706055,16.704999923706055,16.739999771118164,13137,0.0,0.0
2024-03-11 13:30:00-04:00,16.7549991607666,16.889999389648438,16.700000762939453,16.8799991607666,24769,0.0,0.0
2024-03-11 14:30:00-04:00,16.860000610351562,16.860000610351562,16.71500015258789,16.790000915527344,27079,0.0,0.0
2024-03-11 15:30:00-04:00,16.770000457763672,16.770000457763672,16.420000076293945,16.520000457763672,47972,0.0,0.0
2024-03-12 09:30:00-04:00,16.540000915527344,16.959999084472656,16.34000015258789,16.889999389648438,26083,0.0,0.0
2024-03-12 10:30:00-04:00,16.780000686645508,16.780000686645508,16.489999771118164,16.489999771118164,16768,0.0,0.0
2024-03-12 11:30:00-04:00,16.479999542236328,16.479999542236328,16.219999313354492,16.229999542236328,17213,0.0,0.0
2024-03-12 12:30:00-04:00,16.239999771118164,16.299999237060547,16.110000610351562,16.229999542236328,17729,0.0,0.0
2024-03-12 13:30:00-04:00,16.229999542236328,16.350000381469727,16.15999984741211,16.329999923706055,13366,0.0,0.0
2024-03-12 14:30:00-04:00,16.34000015258789,16.420000076293945,16.090999603271484,16.090999603271484,22988,0.0,0.0
2024-03-12 15:30:00-04:00,16.09000015258789,16.149999618530273,16.0049991607666,16.059999465942383,44126,0.0,0.0
2024-03-13 09:30:00-04:00,16.110000610351562,16.329999923706055,15.9399995803833,16.05500030517578,24356,0.0,0.0
2024-03-13 10:30:00-04:00,15.989999771118164,16.139999389648438,15.760000228881836,16.139999389648438,31433,0.0,0.0
2024-03-13 11:30:00-04:00,16.041099548339844,16.1299991607666,15.90999984741211,15.960000038146973,15303,0.0,0.0
2024-03-13 12:30:00-04:00,15.970000267028809,16.040000915527344,15.920000076293945,16.030000686645508,4295,0.0,0.0
2024-03-13 13:30:00-04:00,16.014999389648438,16.049999237060547,15.694999694824219,15.819999694824219,23591,0.0,0.0
2024-03-13 14:30:00-04:00,15.880000114440918,15.930000305175781,15.779999732971191,15.859999656677246,20757,0.0,0.0
2024-03-13 15:30:00-04:00,15.819999694824219,15.920000076293945,15.800000190734863,15.890000343322754,38155,0.0,0.0
2024-03-14 09:30:00-04:00,15.199999809265137,15.460000038146973,14.739999771118164,14.880000114440918,89679,0.0,0.0
2024-03-14 10:30:00-04:00,14.869999885559082,14.920000076293945,14.40999984741211,14.739999771118164,63582,0.0,0.0
2024-03-14 11:30:00-04:00,14.670000076293945,14.859999656677246,14.635000228881836,14.779999732971191,27552,0.0,0.0
2024-03-14 12:30:00-04:00,14.780099868774414,15.0,14.779999732971191,14.779999732971191,12544,0.0,0.0
2024-03-14 13:30:00-04:00,14.819999694824219,14.960000038146973,14.744999885559082,14.8100004196167,16409,0.0,0.0
2024-03-14 14:30:00-04:00,14.84000015258789,14.899999618530273,14.739999771118164,14.84000015258789,21245,0.0,0.0
2024-03-14 15:30:00-04:00,14.835000038146973,15.0,14.824999809265137,15.0,31278,0.0,0.0
2024-03-15 09:30:00-04:00,14.9399995803833,15.229999542236328,14.90999984741211,15.050000190734863,83153,0.0,0.0
2024-03-15 10:30:00-04:00,15.069999694824219,15.100000381469727,14.90999984741211,14.930000305175781,10295,0.0,0.0
2024-03-15 11:30:00-04:00,14.9399995803833,14.9399995803833,14.720000267028809,14.770000457763672,11349,0.0,0.0
2024-03-15 12:30:00-04:00,14.789999961853027,14.789999961853027,14.619999885559082,14.670000076293945,11681,0.0,0.0
2024-03-15 13:30:00-04:00,14.675000190734863,14.739999771118164,14.604999542236328,14.699999809265137,14519,0.0,0.0
2024-03-15 14:30:00-04:00,14.680000305175781,14.864999771118164,14.579999923706055,14.800000190734863,32455,0.0,0.0
2024-03-15 15:30:00-04:00,14.805000305175781,14.805000305175781,14.619999885559082,14.729999542236328,45849,0.0,0.0
2024-03-18 09:30:00-04:00,14.699999809265137,14.739399909973145,13.899999618530273,14.23009967803955,81586,0.0,0.0
2024-03-18 10:30:00-04:00,14.239999771118164,14.5,14.229999542236328,14.359999656677246,59475,0.0,0.0
2024-03-18 11:30:00-04:00,14.529999732971191,14.630000114440918,14.399999618530273,14.5,23588,0.0,0.0
2024-03-18 12:30:00-04:00,14.574999809265137,14.574999809265137,14.380000114440918,14.479999542236328,18244,0.0,0.0
2024-03-18 13:30:00-04:00,14.510000228881836,14.530400276184082,14.234999656677246,14.265000343322754,32855,0.0,0.0
2024-03-18 14:30:00-04:00,14.240099906921387,14.319999694824219,14.020000457763672,14.045000076293945,32149,0.0,0.0
2024-03-18 15:30:00-04:00,14.029999732971191,14.029999732971191,13.710000038146973,13.779999732971191,74607,0.0,0.0
2024-03-19 09:30:00-04:00,14.0,14.819999694824219,13.760100364685059,14.40999984741211,207707,0.0,0.0
2024-03-19 10:30:00-04:00,14.5,15.010000228881836,14.380000114440918,14.9399995803833,161573,0.0,0.0
2024-03-19 11:30:00-04:00,15.029999732971191,15.449999809265137,14.949999809265137,15.170000076293945,65649,0.0,0.0
2024-03-19 12:30:00-04:00,15.24940013885498,15.670000076293945,15.1899995803833,15.670000076293945,66177,0.0,0.0
2024-03-19 13:30:00-04:00,15.609999656677246,15.859999656677246,15.470000267028809,15.470000267028809,63218,0.0,0.0
2024-03-19 14:30:00-04:00,15.5,15.539999961853027,14.90999984741211,14.944999694824219,46270,0.0,0.0
2024-03-19 15:30:00-04:00,14.930000305175781,15.020000457763672,14.76099967956543,14.880000114440918,93507,0.0,0.0
2024-03-20 09:30:00-04:00,14.739999771118164,15.109999656677246,14.501500129699707,14.9399995803833,44334,0.0,0.0
2024-03-20 10:30:00-04:00,15.057999610900879,15.095000267028809,14.71500015258789,14.789999961853027,12804,0.0,0.0
2024-03-20 11:30:00-04:00,14.789999961853027,15.069999694824219,14.675000190734863,15.0600004196167,26797,0.0,0.0
2024-03-20 12:30:00-04:00,15.020000457763672,15.079999923706055,14.9399995803833,15.0,21455,0.0,0.0
2024-03-20 13:30:00-04:00,15.020000457763672,15.32800006866455,14.880000114440918,15.32800006866455,27627,0.0,0.0
2024-03-20 14:30:00-04:00,15.369999885559082,15.489999771118164,15.210000038146973,15.40999984741211,37311,0.0,0.0
2024-03-20 15:30:00-04:00,15.40999984741211,15.5600004196167,15.390000343322754,15.479999542236328,73520,0.0,0.0
2024-03-21 09:30:00-04:00,15.739999771118164,16.489999771118164,15.739999771118164,16.1200008392334,44094,0.0,0.0
2024-03-21 10:30:00-04:00,16.200000762939453,16.375,16.100000381469727,16.190000534057617,24354,0.0,0.0
2024-03-21 11:30:00-04:00,16.31999969482422,16.5,16.139999389648438,16.43000030517578,32104,0.0,0.0
2024-03-21 12:30:00-04:00,16.440000534057617,16.899999618530273,16.440000534057617,16.809999465942383,68643,0.0,0.0
2024-03-21 13:30:00-04:00,16.815000534057617,17.079999923706055,16.729999542236328,16.889999389648438,55942,0.0,0.0
2024-03-21 14:30:00-04:00,16.879899978637695,17.139999389648438,16.83009910583496,17.139999389648438,40728,0.0,0.0
2024-03-21 15:30:00-04:00,17.110000610351562,17.260000228881836,16.920000076293945,16.940000534057617,62094,0.0,0.0
2024-03-22 09:30:00-04:00,16.979999542236328,17.0,16.3799991607666,16.479999542236328,38305,0.0,0.0
2024-03-22 10:30:00-04:00,16.5,17.165000915527344,16.375,17.049999237060547,48604,0.0,0.0
2024-03-22 11:30:00-04:00,17.046199798583984,17.1200008392334,16.829999923706055,17.010000228881836,39037,0.0,0.0
2024-03-22 12:30:00-04:00,16.979999542236328,17.030000686645508,16.850000381469727,16.93000030517578,23483,0.0,0.0
2024-03-22 13:30:00-04:00,16.90999984741211,16.989999771118164,16.786399841308594,16.829999923706055,53072,0.0,0.0
2024-03-22 14:30:00-04:00,16.780000686645508,16.780000686645508,16.420000076293945,16.42329978942871,39863,0.0,0.0
2024-03-22 15:30:00-04:00,16.420000076293945,16.420000076293945,16.219999313354492,16.239999771118164,58410,0.0,0.0
2024-03-25 09:30:00-04:00,16.420000076293945,16.639999389648438,16.270000457763672,16.274999618530273,38709,0.0,0.0
2024-03-25 10:30:00-04:00,16.2450008392334,16.2450008392334,15.739999771118164,16.1299991607666,42157,0.0,0.0
2024-03-25 11:30:00-04:00,16.059999465942383,16.149999618530273,15.900099754333496,15.960000038146973,22604,0.0,0.0
2024-03-25 12:30:00-04:00,16.010000228881836,16.020000457763672,15.760000228881836,15.819999694824219,19092,0.0,0.0
2024-03-25 13:30:00-04:00,15.830100059509277,15.920000076293945,15.770000457763672,15.829999923706055,15505,0.0,0.0
2024-03-25 14:30:00-04:00,15.770000457763672,15.890000343322754,15.680000305175781,15.720000267028809,29163,0.0,0.0
2024-03-25 15:30:00-04:00,15.710000038146973,15.819999694824219,15.45479965209961,15.720000267028809,102319,0.0,0.0
2024-03-26 09:30:00-04:00,16.010000228881836,16.329999923706055,15.704999923706055,15.84000015258789,24091,0.0,0.0
2024-03-26 10:30:00-04:00,15.78499984741211,15.930000305175781,15.729999542236328,15.869999885559082,9495,0.0,0.0
2024-03-26 11:30:00-04:00,15.869999885559082,15.90999984741211,15.729999542236328,15.800000190734863,13403,0.0,0.0
2024-03-26 12:30:00-04:00,15.779999732971191,15.970000267028809,15.779999732971191,15.970000267028809,21476,0.0,0.0
2024-03-26 13:30:00-04:00,15.930000305175781,16.200000762939453,15.899999618530273,16.200000762939453,22540,0.0,0.0
2024-03-26 14:30:00-04:00,16.19499969482422,16.239999771118164,15.946999549865723,15.946999549865723,19168,0.0,0.0
2024-03-26 15:30:00-04:00,15.930000305175781,15.930000305175781,15.630000114440918,15.720000267028809,47877,0.0,0.0
2024-03-27 09:30:00-04:00,15.800000190734863,15.800000190734863,15.345000267028809,15.550000190734863,15782,0.0,0.0
2024-03-27 10:30:00-04:00,15.562000274658203,15.75,15.550000190734863,15.720000267028809,10017,0.0,0.0
2024-03-27 11:30:00-04:00,15.699999809265137,16.100000381469727,15.699999809265137,16.100000381469727,27463,0.0,0.0
2024-03-27 12:30:00-04:00,16.1299991607666,16.260000228881836,16.09000015258789,16.23200035095215,16998,0.0,0.0
2024-03-27 13:30:00-04:00,16.235000610351562,16.350000381469727,16.235000610351562,16.329999923706055,11925,0.0,0.0
2024-03-27 14:30:00-04:00,16.309999465942383,16.420000076293945,16.299999237060547,16.420000076293945,10136,0.0,0.0
2024-03-27 15:30:00-04:00,16.389999389648438,16.530000686645508,16.360000610351562,16.530000686645508,46091,0.0,0.0
2024-03-28 09:30:00-04:00,16.479999542236328,16.479999542236328,15.9350004196167,16.148700714111328,21371,0.0,0.0
2024-03-28 10:30:00-04:00,16.139999389648438,16.280000686645508,16.114999771118164,16.280000686645508,13309,0.0,0.0
2024-03-28 11:30:00-04:00,16.25,16.440000534057617,16.25,16.440000534057617,18148,0.0,0.0
2024-03-28 12:30:00-04:00,16.440000534057617,16.440000534057617,16.31999969482422,16.334999084472656,13140,0.0,0.0
2024-03-28 13:30:00-04:00,16.290000915527344,16.479999542236328,16.290000915527344,16.420000076293945,14891,0.0,0.0
2024-03-28 14:30:00-04:00,16.469999313354492,16.5,16.34000015258789,16.3700008392334,15852,0.0,0.0
2024-03-28 15:30:00-04:00,16.350000381469727,16.3799991607666,16.200000762939453,16.260000228881836,62521,0.0,0.0
2024-04-01 09:30:00-04:00,16.360000610351562,17.489999771118164,16.18000030517578,16.690000534057617,223071,0.0,0.0
2024-04-01 10:30:00-04:00,16.649999618530273,16.940000534057617,16.540000915527344,16.700000762939453,45410,0.0,0.0
2024-04-01 11:30:00-04:00,16.700000762939453,16.81999969482422,16.280000686645508,16.302499771118164,47399,0.0,0.0
2024-04-01 12:30:00-04:00,16.28350067138672,16.512100219726562,15.779999732971191,16.512100219726562,77776,0.0,0.0
2024-04-01 13:30:00-04:00,16.489999771118164,16.719999313354492,16.420000076293945,16.5,48398,0.0,0.0
2024-04-01 14:30:00-04:00,16.5,16.639999389648438,16.485000610351562,16.5,46749,0.0,0.0
2024-04-01 15:30:00-04:00,16.5,16.540000915527344,16.190000534057617,16.190000534057617,88230,0.0,0.0
2024-04-02 09:30:00-04:00,15.520000457763672,15.625,14.275300025939941,14.800000190734863,136022,0.0,0.0
2024-04-02 10:30:00-04:00,14.600000381469727,14.779999732971191,14.520000457763672,14.630000114440918,37567,0.0,0.0
2024-04-02 11:30:00-04:00,14.569999694824219,14.699999809265137,14.550000190734863,14.6850004196167,40129,0.0,0.0
2024-04-02 12:30:00-04:00,14.699999809265137,14.699999809265137,14.510000228881836,14.59000015258789,27154,0.0,0.0
2024-04-02 13:30:00-04:00,14.619999885559082,14.630000114440918,14.420100212097168,14.555000305175781,32329,0.0,0.0
2024-04-02 14:30:00-04:00,14.545000076293945,14.729999542236328,14.524999618530273,14.640000343322754,37724,0.0,0.0
2024-04-02 15:30:00-04:00,14.630000114440918,14.949999809265137,14.579999923706055,14.739999771118164,65878,0.0,0.0
2024-04-03 09:30:00-04:00,14.579999923706055,14.739999771118164,14.199999809265137,14.210000038146973,44472,0.0,0.0
2024-04-03 10:30:00-04:00,14.13029956817627,14.369999885559082,14.022000312805176,14.239999771118164,64406,0.0,0.0
2024-04-03 11:30:00-04:00,14.239999771118164,14.289999961853027,14.140000343322754,14.289999961853027,30811,0.0,0.0
2024-04-03 12:30:00-04:00,14.274999618530273,14.274999618530273,13.949999809265137,14.175000190734863,21848,0.0,0.0
2024-04-03 13:30:00-04:00,14.175000190734863,14.295000076293945,14.100000381469727,14.234999656677246,31852,0.0,0.0
2024-04-03 14:30:00-04:00,14.200799942016602,14.279999732971191,14.010000228881836,14.149999618530273,35298,0.0,0.0
2024-04-03 15:30:00-04:00,14.176899909973145,14.520000457763672,14.120200157165527,14.399999618530273,82856,0.0,0.0
2024-04-04 09:30:00-04:00,14.539999961853027,14.916199684143066,14.380000114440918,14.520000457763672,37344,0.0,0.0
2024-04-04 10:30:00-04:00,14.5,14.550000190734863,14.279999732971191,14.319999694824219,20305,0.0,0.0
2024-04-04 11:30:00-04:00,14.319999694824219,14.470000267028809,14.270000457763672,14.46500015258789,14691,0.0,0.0
2024-04-04 12:30:00-04:00,14.4350004196167,14.595000267028809,14.430000305175781,14.520000457763672,7826,0.0,0.0
2024-04-04 13:30:00-04:00,14.5,14.53499984741211,14.420000076293945,14.430000305175781,24848,0.0,0.0
2024-04-04 14:30:00-04:00,14.4399995803833,14.579999923706055,14.420000076293945,14.460000038146973,52918,0.0,0.0
2024-04-04 15:30:00-04:00,14.484999656677246,14.5600004196167,14.395000457763672,14.5600004196167,90406,0.0,0.0
2024-04-05 09:30:00-04:00,14.579999923706055,15.069999694824219,14.410400390625,14.6899995803833,44181,0.0,0.0
2024-04-05 10:30:00-04:00,14.642999649047852,14.8100004196167,14.539999961853027,14.539999961853027,13361,0.0,0.0
2024-04-05 11:30:00-04:00,14.5600004196167,15.024999618530273,14.510000228881836,15.024999618530273,172568,0.0,0.0
2024-04-05 12:30:00-04:00,14.979999542236328,15.069999694824219,14.829999923706055,14.90999984741211,23753,0.0,0.0
2024-04-05 13:30:00-04:00,14.835000038146973,14.90999984741211,14.779999732971191,14.789999961853027,8481,0.0,0.0
2024-04-05 14:30:00-04:00,14.800000190734863,14.859999656677246,14.539999961853027,14.5600004196167,22409,0.0,0.0
2024-04-05 15:30:00-04:00,14.550000190734863,14.600000381469727,14.335000038146973,14.470000267028809,85159,0.0,0.0
2024-04-08 09:30:00-04:00,14.649999618530273,14.871700286865234,14.330100059509277,14.4399995803833,26235,0.0,0.0
2024-04-08 10:30:00-04:00,14.468000411987305,14.585000038146973,14.350000381469727,14.510000228881836,15336,0.0,0.0
2024-04-08 11:30:00-04:00,14.470000267028809,14.479999542236328,14.020000457763672,14.079999923706055,24003,0.0,0.0
2024-04-08 12:30:00-04:00,14.079999923706055,14.729999542236328,14.0600004196167,14.649999618530273,26209,0.0,0.0
2024-04-08 13:30:00-04:00,14.640000343322754,14.640000343322754,14.4399995803833,14.579999923706055,11493,0.0,0.0
2024-04-08 14:30:00-04:00,14.569999694824219,14.600000381469727,14.470000267028809,14.550000190734863,16335,0.0,0.0
2024-04-08 15:30:00-04:00,14.545000076293945,14.545000076293945,14.40999984741211,14.449999809265137,23949,0.0,0.0
2024-04-09 09:30:00-04:00,14.319999694824219,14.489999771118164,13.850000381469727,14.319999694824219,68751,0.0,0.0
2024-04-09 10:30:00-04:00,14.305000305175781,14.569999694824219,14.15999984741211,14.359999656677246,29297,0.0,0.0
2024-04-09 11:30:00-04:00,14.3149995803833,14.329999923706055,14.119999885559082,14.324999809265137,12527,0.0,0.0
2024-04-09 12:30:00-04:00,14.305000305175781,14.390000343322754,14.285400390625,14.285400390625,13464,0.0,0.0
2024-04-09 13:30:00-04:00,14.25,14.260000228881836,14.180000305175781,14.220000267028809,10803,0.0,0.0
2024-04-09 14:30:00-04:00,14.229999542236328,14.239999771118164,14.0,14.119999885559082,14225,0.0,0.0
2024-04-09 15:30:00-04:00,14.130000114440918,14.149999618530273,14.039999961853027,14.069999694824219,21530,0.0,0.0
2024-04-10 09:30:00-04:00,13.670000076293945,13.800000190734863,13.354999542236328,13.779999732971191,43690,0.0,0.0
2024-04-10 10:30:00-04:00,13.760000228881836,13.760000228881836,13.40999984741211,13.449999809265137,54532,0.0,0.0
2024-04-10 11:30:00-04:00,13.420000076293945,13.550000190734863,13.34000015258789,13.550000190734863,38708,0.0,0.0
2024-04-10 12:30:00-04:00,13.614999771118164,14.0,13.600000381469727,13.84000015258789,52092,0.0,0.0
2024-04-10 13:30:00-04:00,13.789999961853027,13.869999885559082,13.604999542236328,13.604999542236328,31317,0.0,0.0
2024-04-10 14:30:00-04:00,13.630000114440918,14.069999694824219,13.59000015258789,13.670000076293945,36721,0.0,0.0
2024-04-10 15:30:00-04:00,13.649999618530273,13.829999923706055,13.609999656677246,13.779999732971191,63960,0.0,0.0
2024-04-11 09:30:00-04:00,13.920000076293945,14.555000305175781,13.90999984741211,14.479999542236328,63468,0.0,0.0
2024-04-11 10:30:00-04:00,14.479999542236328,14.639900207519531,14.270000457763672,14.319999694824219,21855,0.0,0.0
2024-04-11 11:30:00-04:00,14.270000457763672,14.470000267028809,14.244999885559082,14.430000305175781,23244,0.0,0.0
2024-04-11 12:30:00-04:00,14.4399995803833,14.550000190734863,14.430000305175781,14.520000457763672,22684,0.0,0.0
2024-04-11 13:30:00-04:00,14.520000457763672,14.670000076293945,14.520000457763672,14.625,14507,0.0,0.0
2024-04-11 14:30:00-04:00,14.649999618530273,14.8149995803833,14.550000190734863,14.59000015258789,37575,0.0,0.0
2024-04-11 15:30:00-04:00,14.619999885559082,14.65999984741211,14.529999732971191,14.640000343322754,28917,0.0,0.0
2024-04-12 09:30:00-04:00,14.619999885559082,14.680000305175781,14.170000076293945,14.289999961853027,27667,0.0,0.0
2024-04-12 10:30:00-04:00,14.305000305175781,14.425000190734863,14.270000457763672,14.395000457763672,35028,0.0,0.0
2024-04-12 11:30:00-04:00,14.399999618530273,14.5,14.34000015258789,14.390000343322754,17062,0.0,0.0
2024-04-12 12:30:00-04:00,14.350000381469727,14.550000190734863,14.350000381469727,14.550000190734863,16502,0.0,0.0
2024-04-12 13:30:00-04:00,14.524999618530273,14.670000076293945,14.460000038146973,14.619999885559082,28338,0.0,0.0
2024-04-12 14:30:00-04:00,14.600000381469727,14.600000381469727,14.109999656677246,14.109999656677246,32379,0.0,0.0
2024-04-12 15:30:00-04:00,14.109999656677246,14.399999618530273,14.0600004196167,14.399999618530273,43562,0.0,0.0
2024-04-15 09:30:00-04:00,14.369999885559082,14.53499984741211,14.213199615478516,14.46500015258789,44293,0.0,0.0
2024-04-15 10:30:00-04:00,14.454999923706055,14.699999809265137,14.449999809265137,14.699999809265137,18246,0.0,0.0
2024-04-15 11:30:00-04:00,14.739999771118164,14.930000305175781,14.720000267028809,14.854999542236328,41328,0.0,0.0
2024-04-15 12:30:00-04:00,14.854999542236328,14.854999542236328,14.479999542236328,14.550000190734863,44849,0.0,0.0
2024-04-15 13:30:00-04:00,14.475000381469727,14.649999618530273,14.456299781799316,14.645000457763672,11041,0.0,0.0
2024-04-15 14:30:00-04:00,14.649999618530273,14.6899995803833,14.510000228881836,14.645000457763672,59265,0.0,0.0
2024-04-15 15:30:00-04:00,14.65999984741211,14.949999809265137,14.65999984741211,14.930000305175781,44503,0.0,0.0
2024-04-16 09:30:00-04:00,14.819999694824219,14.9350004196167,14.650500297546387,14.875,40421,0.0,0.0
2024-04-16 10:30:00-04:00,14.854999542236328,15.510000228881836,14.710000038146973,15.489999771118164,153292,0.0,0.0
2024-04-16 11:30:00-04:00,15.444999694824219,15.6899995803833,15.0,15.300000190734863,68783,0.0,0.0
2024-04-16 12:30:00-04:00,15.329999923706055,15.430000305175781,15.244999885559082,15.319999694824219,15625,0.0,0.0
2024-04-16 13:30:00-04:00,15.260000228881836,15.289999961853027,15.100000381469727,15.105999946594238,18825,0.0,0.0
2024-04-16 14:30:00-04:00,15.029999732971191,15.170000076293945,14.994999885559082,15.15999984741211,37646,0.0,0.0
2024-04-16 15:30:00-04:00,15.140000343322754,15.220000267028809,15.020000457763672,15.180000305175781,74731,0.0,0.0
2024-04-17 09:30:00-04:00,15.140000343322754,15.379899978637695,14.890000343322754,15.25,103789,0.0,0.0
2024-04-17 10:30:00-04:00,15.253000259399414,15.380000114440918,15.199999809265137,15.25,58036,0.0,0.0
2024-04-17 11:30:00-04:00,15.180000305175781,15.294500350952148,15.050000190734863,15.140000343322754,39524,0.0,0.0
2024-04-17 12:30:00-04:00,15.119999885559082,15.220000267028809,15.119999885559082,15.175000190734863,15832,0.0,0.0
2024-04-17 13:30:00-04:00,15.175000190734863,15.349900245666504,15.050000190734863,15.319999694824219,36339,0.0,0.0
2024-04-17 14:30:00-04:00,15.36989974975586,15.40999984741211,15.220000267028809,15.255000114440918,85557,0.0,0.0
2024-04-17 15:30:00-04:00,15.260000228881836,15.380000114440918,15.079999923706055,15.079999923706055,63176,0.0,0.0
2024-04-18 09:30:00-04:00,14.930000305175781,15.369999885559082,14.819999694824219,15.319999694824219,58233,0.0,0.0
2024-04-18 10:30:00-04:00,15.3100004196167,15.460000038146973,15.069999694824219,15.300000190734863,25218,0.0,0.0
2024-04-18 11:30:00-04:00,15.229999542236328,15.399999618530273,15.149999618530273,15.270000457763672,23232,0.0,0.0
2024-04-18 12:30:00-04:00,15.300000190734863,15.369999885559082,15.199999809265137,15.25,29220,0.0,0.0
2024-04-18 13:30:00-04:00,15.229999542236328,15.3100004196167,15.1899995803833,15.220000267028809,38228,0.0,0.0
2024-04-18 14:30:00-04:00,15.210000038146973,15.220000267028809,15.029999732971191,15.100000381469727,134325,0.0,0.0
2024-04-18 15:30:00-04:00,15.099699974060059,15.260000228881836,14.960000038146973,15.0,43030,0.0,0.0
2024-04-19 09:30:00-04:00,14.850000381469727,15.40999984741211,14.850000381469727,15.0649995803833,61800,0.0,0.0
2024-04-19 10:30:00-04:00,15.0649995803833,15.154999732971191,14.979999542236328,15.039999961853027,27135,0.0,0.0
2024-04-19 11:30:00-04:00,15.03499984741211,15.039999961853027,14.899999618530273,14.920000076293945,35747,0.0,0.0
2024-04-19 12:30:00-04:00,14.930000305175781,15.149999618530273,14.890000343322754,15.119999885559082,52088,0.0,0.0
2024-04-19 13:30:00-04:00,15.069999694824219,15.220000267028809,14.850000381469727,14.925000190734863,129678,0.0,0.0
2024-04-19 14:30:00-04:00,14.881799697875977,15.180000305175781,14.708200454711914,14.960000038146973,51013,0.0,0.0
2024-04-19 15:30:00-04:00,15.0,15.149999618530273,15.0,15.130000114440918,57606,0.0,0.0
2024-04-22 09:30:00-04:00,15.109999656677246,15.859999656677246,15.100000381469727,15.4350004196167,136143,0.0,0.0
2024-04-22 10:30:00-04:00,15.470999717712402,15.5,14.98799991607666,15.130000114440918,89049,0.0,0.0
2024-04-22 11:30:00-04:00,15.128100395202637,15.140000343322754,14.979999542236328,15.010000228881836,37576,0.0,0.0
2024-04-22 12:30:00-04:00,15.005000114440918,15.270000457763672,14.989999771118164,15.180000305175781,36216,0.0,0.0
2024-04-22 13:30:00-04:00,15.180000305175781,15.369999885559082,15.170000076293945,15.295000076293945,21027,0.0,0.0
2024-04-22 14:30:00-04:00,15.319999694824219,15.349900245666504,15.1899995803833,15.260000228881836,69834,0.0,0.0
2024-04-22 15:30:00-04:00,15.249899864196777,15.270000457763672,15.100000381469727,15.15999984741211,52593,0.0,0.0
2024-04-23 09:30:00-04:00,15.229999542236328,15.829999923706055,14.899999618530273,15.765000343322754,182880,0.0,0.0
2024-04-23 10:30:00-04:00,15.765000343322754,16.34000015258789,15.765000343322754,15.9399995803833,70820,0.0,0.0
2024-04-23 11:30:00-04:00,15.970000267028809,16.18000030517578,15.929200172424316,16.149999618530273,20162,0.0,0.0
2024-04-23 12:30:00-04:00,16.190000534057617,16.389999389648438,16.100099563598633,16.145000457763672,26776,0.0,0.0
2024-04-23 13:30:00-04:00,16.139999389648438,16.229999542236328,15.890000343322754,15.930000305175781,20845,0.0,0.0
2024-04-23 14:30:00-04:00,15.949999809265137,15.949999809265137,15.550000190734863,15.564299583435059,49934,0.0,0.0
2024-04-23 15:30:00-04:00,15.579999923706055,15.585000038146973,15.319999694824219,15.34000015258789,106705,0.0,0.0
2024-04-24 09:30:00-04:00,15.329999923706055,15.45829963684082,15.140000343322754,15.170000076293945,33218,0.0,0.0
2024-04-24 10:30:00-04:00,15.1850004196167,15.274999618530273,15.020000457763672,15.229999542236328,15244,0.0,0.0
2024-04-24 11:30:00-04:00,15.260000228881836,15.319999694824219,15.0600004196167,15.069999694824219,11669,0.0,0.0
2024-04-24 12:30:00-04:00,15.069999694824219,15.170000076293945,15.0600004196167,15.170000076293945,14182,0.0,0.0
2024-04-24 13:30:00-04:00,15.170000076293945,15.304200172424316,15.149999618530273,15.210000038146973,19583,0.0,0.0
2024-04-24 14:30:00-04:00,15.1850004196167,15.219900131225586,15.0600004196167,15.180000305175781,13070,0.0,0.0
2024-04-24 15:30:00-04:00,15.220000267028809,15.329999923706055,15.210000038146973,15.260000228881836,23881,0.0,0.0
2024-04-25 09:30:00-04:00,14.960000038146973,15.443599700927734,14.279999732971191,15.443599700927734,85175,0.0,0.0
2024-04-25 10:30:00-04:00,15.350000381469727,15.350000381469727,15.060099601745605,15.188699722290039,24488,0.0,0.0
2024-04-25 11:30:00-04:00,15.100000381469727,15.124600410461426,14.975000381469727,15.0649995803833,34237,0.0,0.0
2024-04-25 12:30:00-04:00,15.029999732971191,15.09000015258789,15.0,15.020000457763672,30360,0.0,0.0
2024-04-25 13:30:00-04:00,14.989999771118164,15.119999885559082,14.970000267028809,15.0,80439,0.0,0.0
2024-04-25 14:30:00-04:00,15.039999961853027,15.140000343322754,14.9399995803833,14.944600105285645,25651,0.0,0.0
2024-04-25 15:30:00-04:00,14.932000160217285,14.9399995803833,14.789999961853027,14.829999923706055,39579,0.0,0.0
2024-04-26 09:30:00-04:00,14.920000076293945,15.1274995803833,14.460000038146973,14.529999732971191,24871,0.0,0.0
2024-04-26 10:30:00-04:00,14.59000015258789,14.600000381469727,14.354999542236328,14.539999961853027,27299,0.0,0.0
2024-04-26 11:30:00-04:00,14.449999809265137,14.819999694824219,14.449999809265137,14.78499984741211,12291,0.0,0.0
2024-04-26 12:30:00-04:00,14.8100004196167,14.819999694824219,14.619999885559082,14.619999885559082,27357,0.0,0.0
2024-04-26 13:30:00-04:00,14.5600004196167,14.600000381469727,14.550000190734863,14.59000015258789,9367,0.0,0.0
2024-04-26 14:30:00-04:00,14.600000381469727,14.609999656677246,14.550000190734863,14.60949993133545,8621,0.0,0.0
2024-04-26 15:30:00-04:00,14.619999885559082,14.75,14.550000190734863,14.720000267028809,49386,0.0,0.0
2024-04-29 09:30:00-04:00,14.8100004196167,15.09000015258789,14.649999618530273,15.0600004196167,19265,0.0,0.0
2024-04-29 10:30:00-04:00,15.029999732971191,15.319999694824219,14.869999885559082,15.239999771118164,20740,0.0,0.0
2024-04-29 11:30:00-04:00,15.329999923706055,15.380000114440918,15.270000457763672,15.279999732971191,15524,0.0,0.0
2024-04-29 12:30:00-04:00,15.380000114440918,15.460000038146973,15.3100004196167,15.40999984741211,7751,0.0,0.0
2024-04-29 13:30:00-04:00,15.380000114440918,15.479999542236328,15.229999542236328,15.46500015258789,14764,0.0,0.0
2024-04-29 14:30:00-04:00,15.4399995803833,15.568599700927734,15.329999923706055,15.40999984741211,27512,0.0,0.0
2024-04-29 15:30:00-04:00,15.430100440979004,15.529999732971191,15.420000076293945,15.510000228881836,31600,0.0,0.0
2024-04-30 09:30:00-04:00,15.289999961853027,15.359999656677246,15.0,15.180000305175781,28916,0.0,0.0
2024-04-30 10:30:00-04:00,15.170000076293945,15.359999656677246,14.979999542236328,15.229999542236328,20300,0.0,0.0
2024-04-30 11:30:00-04:00,15.210000038146973,15.3100004196167,15.0600004196167,15.3100004196167,18408,0.0,0.0
2024-04-30 12:30:00-04:00,15.305000305175781,15.305000305175781,15.229999542236328,15.289999961853027,13877,0.0,0.0
2024-04-30 13:30:00-04:00,15.279999732971191,15.5600004196167,15.260000228881836,15.5,23219,0.0,0.0
2024-04-30 14:30:00-04:00,15.529999732971191,15.550000190734863,15.390000343322754,15.449999809265137,21473,0.0,0.0
2024-04-30 15:30:00-04:00,15.470000267028809,15.479999542236328,15.210000038146973,15.220000267028809,46536,0.0,0.0
2024-05-01 09:30:00-04:00,15.369999885559082,16.31999969482422,15.359999656677246,16.280000686645508,48582,0.0,0.0
2024-05-01 10:30:00-04:00,16.267000198364258,16.280000686645508,15.979999542236328,16.075000762939453,24426,0.0,0.0
2024-05-01 11:30:00-04:00,16.06999969482422,16.18000030517578,15.958999633789062,16.059999465942383,38970,0.0,0.0
2024-05-01 12:30:00-04:00,16.082500457763672,16.219999313354492,16.0,16.190000534057617,23792,0.0,0.0
2024-05-01 13:30:00-04:00,16.209999084472656,16.329999923706055,16.0,16.315000534057617,44457,0.0,0.0
2024-05-01 14:30:00-04:00,16.280000686645508,17.0,16.19499969482422,16.684999465942383,53571,0.0,0.0
2024-05-01 15:30:00-04:00,16.579999923706055,16.610000610351562,16.40999984741211,16.459999084472656,67821,0.0,0.0
2024-05-02 09:30:00-04:00,16.489999771118164,16.950000762939453,16.295000076293945,16.920799255371094,53262,0.0,0.0
2024-05-02 10:30:00-04:00,16.940000534057617,17.239999771118164,16.864999771118164,17.200000762939453,75635,0.0,0.0
2024-05-02 11:30:00-04:00,17.170000076293945,17.235000610351562,16.950000762939453,17.1299991607666,40873,0.0,0.0
2024-05-02 12:30:00-04:00,17.139999389648438,17.329999923706055,17.059999465942383,17.2549991607666,30524,0.0,0.0
2024-05-02 13:30:00-04:00,17.270000457763672,17.3799991607666,17.104999542236328,17.104999542236328,36812,0.0,0.0
2024-05-02 14:30:00-04:00,17.125,17.290000915527344,17.059999465942383,17.2549991607666,32156,0.0,0.0
2024-05-02 15:30:00-04:00,17.260000228881836,17.389999389648438,17.229999542236328,17.260000228881836,59765,0.0,0.0
2024-05-03 09:30:00-04:00,17.5,17.77750015258789,17.360000610351562,17.450000762939453,56347,0.0,0.0
2024-05-03 10:30:00-04:00,17.437000274658203,17.5,17.280099868774414,17.290000915527344,26245,0.0,0.0
2024-05-03 11:30:00-04:00,17.239999771118164,17.309999465942383,17.066099166870117,17.084999084472656,17668,0.0,0.0
2024-05-03 12:30:00-04:00,17.165000915527344,17.280000686645508,17.1299991607666,17.1299991607666,13843,0.0,0.0
2024-05-03 13:30:00-04:00,17.135000228881836,17.25,16.98699951171875,17.11009979248047,19548,0.0,0.0
2024-05-03 14:30:00-04:00,17.139999389648438,17.200000762939453,17.045000076293945,17.06999969482422,25234,0.0,0.0
2024-05-03 15:30:00-04:00,17.110000610351562,17.15999984741211,17.03499984741211,17.1299991607666,40910,0.0,0.0
2024-05-06 09:30:00-04:00,17.06999969482422,17.28499984741211,16.804899215698242,17.079999923706055,33395,0.0,0.0
2024-05-06 10:30:00-04:00,17.049999237060547,17.170000076293945,16.969999313354492,17.170000076293945,11227,0.0,0.0
2024-05-06 11:30:00-04:00,17.149999618530273,17.3799991607666,17.149999618530273,17.280000686645508,16231,0.0,0.0
2024-05-06 12:30:00-04:00,17.260000228881836,17.309999465942383,17.219999313354492,17.270000457763672,9234,0.0,0.0
2024-05-06 13:30:00-04:00,17.1968994140625,17.34000015258789,17.110000610351562,17.200000762939453,24763,0.0,0.0
2024-05-06 14:30:00-04:00,17.209999084472656,17.3799991607666,17.1299991607666,17.309999465942383,37623,0.0,0.0
2024-05-06 15:30:00-04:00,17.299999237060547,17.299999237060547,17.149999618530273,17.260000228881836,45612,0.0,0.0
2024-05-07 09:30:00-04:00,17.239999771118164,17.469600677490234,16.98080062866211,17.40999984741211,42525,0.0,0.0
2024-05-07 10:30:00-04:00,17.406999588012695,17.469999313354492,17.229999542236328,17.450000762939453,32531,0.0,0.0
2024-05-07 11:30:00-04:00,17.44499969482422,17.44499969482422,17.09000015258789,17.229999542236328,34215,0.0,0.0
2024-05-07 12:30:00-04:00,17.219999313354492,17.280000686645508,17.059999465942383,17.079999923706055,27211,0.0,0.0
2024-05-07 13:30:00-04:00,17.065000534057617,17.25,17.065000534057617,17.1299991607666,31744,0.0,0.0
2024-05-07 14:30:00-04:00,17.100000381469727,17.20989990234375,16.989999771118164,17.100000381469727,65896,0.0,0.0
2024-05-07 15:30:00-04:00,17.084999084472656,17.229999542236328,17.059999465942383,17.229999542236328,116275,0.0,0.0
2024-05-08 09:30:00-04:00,15.539999961853027,15.539999961853027,13.000300407409668,14.4399995803833,533372,0.0,0.0
2024-05-08 10:30:00-04:00,14.40999984741211,14.8100004196167,13.649999618530273,14.180000305175781,99985,0.0,0.0
2024-05-08 11:30:00-04:00,14.170000076293945,14.3100004196167,13.835000038146973,14.180000305175781,134028,0.0,0.0
2024-05-08 12:30:00-04:00,14.220000267028809,14.274999618530273,13.779999732971191,14.005000114440918,227093,0.0,0.0
2024-05-08 13:30:00-04:00,14.010000228881836,14.145000457763672,12.901200294494629,13.270000457763672,214952,0.0,0.0
2024-05-08 14:30:00-04:00,13.279999732971191,13.970000267028809,13.279999732971191,13.84000015258789,132359,0.0,0.0
2024-05-08 15:30:00-04:00,13.819999694824219,13.850000381469727,13.270000457763672,13.640000343322754,188134,0.0,0.0
2024-05-09 09:30:00-04:00,13.579999923706055,14.440699577331543,13.579999923706055,14.239999771118164,49615,0.0,0.0
2024-05-09 10:30:00-04:00,14.079999923706055,14.079999923706055,13.640000343322754,13.869999885559082,73191,0.0,0.0
2024-05-09 11:30:00-04:00,13.770000457763672,13.979999542236328,13.600000381469727,13.90999984741211,33995,0.0,0.0
2024-05-09 12:30:00-04:00,13.920000076293945,13.920000076293945,13.25,13.3149995803833,93750,0.0,0.0
2024-05-09 13:30:00-04:00,13.260000228881836,13.270000457763672,12.890000343322754,12.949999809265137,76169,0.0,0.0
2024-05-09 14:30:00-04:00,12.954700469970703,13.125,12.789999961853027,12.960000038146973,87843,0.0,0.0
2024-05-09 15:30:00-04:00,12.960000038146973,13.005000114440918,12.75,12.84000015258789,181720,0.0,0.0
2024-05-10 09:30:00-04:00,12.960000038146973,12.960000038146973,12.109999656677246,12.279999732971191,0,0.0,0.0
2024-05-10 10:30:00-04:00,12.270000457763672,12.369999885559082,11.90999984741211,12.149999618530273,79244,0.0,0.0
2024-05-10 11:30:00-04:00,12.175000190734863,12.345000267028809,12.039999961853027,12.170000076293945,43743,0.0,0.0
2024-05-10 12:30:00-04:00,12.1899995803833,12.270000457763672,12.079999923706055,12.145000457763672,30827,0.0,0.0
2024-05-10 13:30:00-04:00,12.149999618530273,12.260000228881836,12.020000457763672,12.15999984741211,36108,0.0,0.0
2024-05-10 14:30:00-04:00,12.130000114440918,12.1850004196167,12.010000228881836,12.0649995803833,51937,0.0,0.0
2024-05-10 15:30:00-04:00,12.079999923706055,12.364999771118164,12.0600004196167,12.260000228881836,110673,0.0,0.0
2024-05-13 09:30:00-04:00,12.279999732971191,12.430000305175781,11.829999923706055,11.960000038146973,95381,0.0,0.0
2024-05-13 10:30:00-04:00,11.996999740600586,12.289999961853027,11.949999809265137,12.079999923706055,59556,0.0,0.0
2024-05-13 11:30:00-04:00,12.050000190734863,12.130000114440918,11.90999984741211,12.020000457763672,40114,0.0,0.0
2024-05-13 12:30:00-04:00,12.010000228881836,12.119999885559082,11.989999771118164,11.989999771118164,43854,0.0,0.0
2024-05-13 13:30:00-04:00,11.989999771118164,12.265000343322754,11.979999542236328,12.260000228881836,77899,0.0,0.0
2024-05-13 14:30:00-04:00,12.260000228881836,12.550000190734863,12.210000038146973,12.270000457763672,88321,0.0,0.0
2024-05-13 15:30:00-04:00,12.260000228881836,12.279999732971191,12.15999984741211,12.180000305175781,86032,0.0,0.0
2024-05-14 09:30:00-04:00,12.239999771118164,12.699999809265137,11.899999618530273,12.0,52131,0.0,0.0
2024-05-14 10:30:00-04:00,12.01200008392334,12.01200008392334,11.760000228881836,11.904999732971191,81627,0.0,0.0
2024-05-14 11:30:00-04:00,11.904999732971191,11.904999732971191,11.699999809265137,11.729999542236328,32497,0.0,0.0
2024-05-14 12:30:00-04:00,11.720000267028809,11.786999702453613,11.520000457763672,11.710000038146973,35447,0.0,0.0
2024-05-14 13:30:00-04:00,11.710000038146973,11.890000343322754,11.710000038146973,11.75,49254,0.0,0.0
2024-05-14 14:30:00-04:00,11.760000228881836,11.850000381469727,11.720000267028809,11.734999656677246,47175,0.0,0.0
2024-05-14 15:30:00-04:00,11.729999542236328,11.829999923706055,11.6899995803833,11.8100004196167,70846,0.0,0.0
2024-05-15 09:30:00-04:00,12.029999732971191,12.75,12.029999732971191,12.423500061035156,57737,0.0,0.0
2024-05-15 10:30:00-04:00,12.390000343322754,12.489999771118164,12.220000267028809,12.364999771118164,34232,0.0,0.0
2024-05-15 11:30:00-04:00,12.369999885559082,12.505000114440918,12.239999771118164,12.329999923706055,19112,0.0,0.0
2024-05-15 12:30:00-04:00,12.350000381469727,12.460000038146973,12.199999809265137,12.229999542236328,21243,0.0,0.0
2024-05-15 13:30:00-04:00,12.260000228881836,12.279999732971191,12.0600004196167,12.0600004196167,17465,0.0,0.0
2024-05-15 14:30:00-04:00,12.085000038146973,12.270000457763672,12.085000038146973,12.25,24439,0.0,0.0
2024-05-15 15:30:00-04:00,12.239999771118164,12.25,12.130000114440918,12.199999809265137,33277,0.0,0.0
2024-05-16 09:30:00-04:00,12.210000038146973,12.210000038146973,12.020000457763672,12.100000381469727,21242,0.0,0.0
2024-05-16 10:30:00-04:00,12.100000381469727,12.359999656677246,12.079999923706055,12.359999656677246,18800,0.0,0.0
2024-05-16 11:30:00-04:00,12.390000343322754,12.390000343322754,12.069999694824219,12.100000381469727,16304,0.0,0.0
2024-05-16 12:30:00-04:00,12.0649995803833,12.09000015258789,11.989999771118164,12.020000457763672,15320,0.0,0.0
2024-05-16 13:30:00-04:00,12.020000457763672,12.020000457763672,11.869999885559082,11.930000305175781,13018,0.0,0.0
2024-05-16 14:30:00-04:00,11.949999809265137,11.979999542236328,11.850000381469727,11.899999618530273,20763,0.0,0.0
2024-05-16 15:30:00-04:00,11.899999618530273,11.914999961853027,11.739999771118164,11.869999885559082,54641,0.0,0.0
2024-05-17 09:30:00-04:00,11.949999809265137,12.020000457763672,11.720000267028809,11.979999542236328,28683,0.0,0.0
2024-05-17 10:30:00-04:00,11.869999885559082,11.989999771118164,11.720000267028809,11.720000267028809,27546,0.0,0.0
2024-05-17 11:30:00-04:00,11.760000228881836,11.760000228881836,11.520000457763672,11.609999656677246,33623,0.0,0.0
2024-05-17 12:30:00-04:00,11.630000114440918,11.760000228881836,11.520000457763672,11.696999549865723,50132,0.0,0.0
2024-05-17 13:30:00-04:00,11.694999694824219,11.739999771118164,11.600000381469727,11.699999809265137,50532,0.0,0.0
2024-05-17 14:30:00-04:00,11.710000038146973,11.819999694824219,11.649999618530273,11.6899995803833,60507,0.0,0.0
2024-05-17 15:30:00-04:00,11.670000076293945,11.720000267028809,11.5,11.600000381469727,100189,0.0,0.0
2024-05-20 09:30:00-04:00,11.59000015258789,11.59000015258789,11.149999618530273,11.170000076293945,36969,0.0,0.0
2024-05-20 10:30:00-04:00,11.204999923706055,11.5600004196167,11.204999923706055,11.350099563598633,57218,0.0,0.0
2024-05-20 11:30:00-04:00,11.329999923706055,11.640000343322754,11.319999694824219,11.579999923706055,27121,0.0,0.0
2024-05-20 12:30:00-04:00,11.5600004196167,11.619999885559082,11.494999885559082,11.520000457763672,19942,0.0,0.0
2024-05-20 13:30:00-04:00,11.550000190734863,11.75,11.489999771118164,11.640000343322754,39168,0.0,0.0
2024-05-20 14:30:00-04:00,11.609999656677246,11.75,11.600000381469727,11.6899995803833,57716,0.0,0.0
2024-05-20 15:30:00-04:00,11.710000038146973,11.880000114440918,11.670000076293945,11.829999923706055,102527,0.0,0.0
2024-05-21 09:30:00-04:00,11.779999732971191,12.470000267028809,11.761899948120117,11.899999618530273,42931,0.0,0.0
2024-05-21 10:30:00-04:00,11.907999992370605,12.010000228881836,11.819999694824219,12.0,17964,0.0,0.0
2024-05-21 11:30:00-04:00,12.010000228881836,12.0600004196167,11.920000076293945,12.0,93194,0.0,0.0
2024-05-21 12:30:00-04:00,12.0,12.010000228881836,11.869999885559082,11.989999771118164,15551,0.0,0.0
2024-05-21 13:30:00-04:00,11.989999771118164,12.157999992370605,11.979999542236328,12.09000015258789,16907,0.0,0.0
2024-05-21 14:30:00-04:00,12.119999885559082,12.260000228881836,12.119999885559082,12.260000228881836,22501,0.0,0.0
2024-05-21 15:30:00-04:00,12.270000457763672,12.59000015258789,12.25,12.550000190734863,72399,0.0,0.0
2024-05-22 09:30:00-04:00,12.550000190734863,13.09000015258789,12.451700210571289,13.020000457763672,100706,0.0,0.0
2024-05-22 10:30:00-04:00,13.029999732971191,13.25,12.819999694824219,12.954999923706055,59150,0.0,0.0
2024-05-22 11:30:00-04:00,12.949999809265137,13.050000190734863,12.845000267028809,12.970000267028809,104696,0.0,0.0
2024-05-22 12:30:00-04:00,12.989999771118164,13.100000381469727,12.960000038146973,13.099900245666504,34829,0.0,0.0
2024-05-22 13:30:00-04:00,13.079999923706055,13.100000381469727,12.8100004196167,12.979999542236328,53782,0.0,0.0
2024-05-22 14:30:00-04:00,12.920000076293945,13.017499923706055,12.770000457763672,12.774999618530273,75975,0.0,0.0
2024-05-22 15:30:00-04:00,12.75,12.890000343322754,12.510000228881836,12.84000015258789,91613,0.0,0.0
2024-05-23 09:30:00-04:00,12.850000381469727,13.0,12.670000076293945,12.890000343322754,38235,0.0,0.0
2024-05-23 10:30:00-04:00,12.899999618530273,13.015000343322754,12.800000190734863,12.800000190734863,38903,0.0,0.0
2024-05-23 11:30:00-04:00,12.880000114440918,13.0,12.880000114440918,12.90999984741211,13862,0.0,0.0
2024-05-23 12:30:00-04:00,12.869999885559082,12.885000228881836,12.739999771118164,12.824999809265137,13348,0.0,0.0
2024-05-23 13:30:00-04:00,12.819999694824219,12.829999923706055,12.470000267028809,12.520000457763672,28281,0.0,0.0
2024-05-23 14:30:00-04:00,12.545000076293945,12.569999694824219,12.369999885559082,12.420000076293945,19995,0.0,0.0
2024-05-23 15:30:00-04:00,12.449999809265137,12.479999542236328,12.319999694824219,12.40999984741211,47433,0.0,0.0
2024-05-24 09:30:00-04:00,12.359999656677246,12.390000343322754,12.1899995803833,12.345000267028809,19068,0.0,0.0
2024-05-24 10:30:00-04:00,12.35200023651123,12.579999923706055,12.279999732971191,12.5600004196167,15162,0.0,0.0
2024-05-24 11:30:00-04:00,12.5600004196167,12.5600004196167,12.390000343322754,12.460000038146973,10291,0.0,0.0
2024-05-24 12:30:00-04:00,12.454999923706055,12.460000038146973,12.239999771118164,12.255000114440918,16110,0.0,0.0
2024-05-24 13:30:00-04:00,12.239999771118164,12.255999565124512,12.140000343322754,12.180000305175781,8380,0.0,0.0
2024-05-24 14:30:00-04:00,12.180000305175781,12.180000305175781,12.079999923706055,12.140000343322754,11711,0.0,0.0
2024-05-24 15:30:00-04:00,12.140000343322754,12.270000457763672,12.125,12.239999771118164,39496,0.0,0.0
2024-05-28 09:30:00-04:00,12.399999618530273,12.760000228881836,12.0600004196167,12.1899995803833,48450,0.0,0.0
2024-05-28 10:30:00-04:00,12.289999961853027,12.34000015258789,12.15999984741211,12.204999923706055,13365,0.0,0.0
2024-05-28 11:30:00-04:00,12.229999542236328,12.350000381469727,12.149999618530273,12.199999809265137,22929,0.0,0.0
2024-05-28 12:30:00-04:00,12.175000190734863,12.34000015258789,12.140000343322754,12.140000343322754,23791,0.0,0.0
2024-05-28 13:30:00-04:00,12.140000343322754,12.1899995803833,12.050000190734863,12.119999885559082,12483,0.0,0.0
2024-05-28 14:30:00-04:00,12.111000061035156,12.4399995803833,12.079999923706055,12.4399995803833,30134,0.0,0.0
2024-05-28 15:30:00-04:00,12.420000076293945,12.420000076293945,12.140000343322754,12.140000343322754,34330,0.0,0.0
2024-05-29 09:30:00-04:00,11.949999809265137,12.149999618530273,11.8100004196167,12.050000190734863,193291,0.0,0.0
2024-05-29 10:30:00-04:00,12.0,12.125,12.0,12.010000228881836,27253,0.0,0.0
2024-05-29 11:30:00-04:00,12.005000114440918,12.135000228881836,11.979999542236328,12.135000228881836,19977,0.0,0.0
2024-05-29 12:30:00-04:00,12.100000381469727,12.100000381469727,11.869999885559082,11.930000305175781,67888,0.0,0.0
2024-05-29 13:30:00-04:00,11.944999694824219,12.130000114440918,11.944999694824219,12.130000114440918,23822,0.0,0.0
2024-05-29 14:30:00-04:00,12.140000343322754,12.329999923706055,12.079999923706055,12.3100004196167,39833,0.0,0.0
2024-05-29 15:30:00-04:00,12.305000305175781,12.305000305175781,12.140000343322754,12.279999732971191,69836,0.0,0.0
2024-05-30 09:30:00-04:00,12.220000267028809,12.220000267028809,11.8100004196167,12.0600004196167,67951,0.0,0.0
2024-05-30 10:30:00-04:00,12.045000076293945,12.1983003616333,12.020000457763672,12.140000343322754,59056,0.0,0.0
2024-05-30 11:30:00-04:00,12.154999732971191,12.180000305175781,12.100000381469727,12.135000228881836,17725,0.0,0.0
2024-05-30 12:30:00-04:00,12.130000114440918,12.170000076293945,12.119999885559082,12.149999618530273,25367,0.0,0.0
2024-05-30 13:30:00-04:00,12.130000114440918,12.130000114440918,12.029999732971191,12.079999923706055,20043,0.0,0.0
2024-05-30 14:30:00-04:00,12.069999694824219,12.074999809265137,11.989999771118164,12.020000457763672,48968,0.0,0.0
2024-05-30 15:30:00-04:00,12.020000457763672,12.029999732971191,11.899999618530273,12.0,88523,0.0,0.0
2024-05-31 09:30:00-04:00,12.010000228881836,12.420000076293945,12.010000228881836,12.16100025177002,37088,0.0,0.0
2024-05-31 10:30:00-04:00,12.16100025177002,12.279999732971191,11.989999771118164,12.069999694824219,40043,0.0,0.0
2024-05-31 11:30:00-04:00,12.079999923706055,12.119999885559082,11.920000076293945,11.979999542236328,19468,0.0,0.0
2024-05-31 12:30:00-04:00,11.970000267028809,12.140000343322754,11.970000267028809,12.029999732971191,20294,0.0,0.0
2024-05-31 13:30:00-04:00,11.989999771118164,12.100000381469727,11.979999542236328,12.0600004196167,46584,0.0,0.0
2024-05-31 14:30:00-04:00,12.039999961853027,12.039999961853027,11.869999885559082,11.989999771118164,58617,0.0,0.0
2024-05-31 15:30:00-04:00,11.99120044708252,12.210000038146973,11.930000305175781,12.0600004196167,90867,0.0,0.0
2024-06-03 09:30:00-04:00,12.119999885559082,12.78499984741211,12.119999885559082,12.739999771118164,28982,0.0,0.0
2024-06-03 10:30:00-04:00,12.78499984741211,12.960000038146973,12.680000305175781,12.84000015258789,39673,0.0,0.0
2024-06-03 11:30:00-04:00,12.84000015258789,12.899999618530273,12.3100004196167,12.387800216674805,58107,0.0,0.0
2024-06-03 12:30:00-04:00,12.329999923706055,12.329999923706055,12.109999656677246,12.130000114440918,20159,0.0,0.0
2024-06-03 13:30:00-04:00,12.180000305175781,12.199999809265137,12.050000190734863,12.119999885559082,16380,0.0,0.0
2024-06-03 14:30:00-04:00,12.130000114440918,12.25,12.020000457763672,12.140000343322754,37853,0.0,0.0
2024-06-03 15:30:00-04:00,12.125,12.260000228881836,12.010000228881836,12.100000381469727,63546,0.0,0.0
2024-06-04 09:30:00-04:00,12.09000015258789,12.25,11.800000190734863,12.09000015258789,31745,0.0,0.0
2024-06-04 10:30:00-04:00,12.09000015258789,12.109999656677246,12.0,12.0600004196167,16901,0.0,0.0
2024-06-04 11:30:00-04:00,12.0,12.140000343322754,11.989999771118164,12.010000228881836,17767,0.0,0.0
2024-06-04 12:30:00-04:00,12.0,12.104999542236328,11.994999885559082,12.029999732971191,12826,0.0,0.0
2024-06-04 13:30:00-04:00,12.0,12.055000305175781,12.0,12.0,14779,0.0,0.0
2024-06-04 14:30:00-04:00,12.020000457763672,12.039999961853027,11.880000114440918,12.010000228881836,30805,0.0,0.0
2024-06-04 15:30:00-04:00,12.0,12.055000305175781,12.0,12.020000457763672,41325,0.0,0.0
2024-06-05 09:30:00-04:00,12.0600004196167,12.199999809265137,11.770099639892578,12.164999961853027,18979,0.0,0.0
2024-06-05 10:30:00-04:00,12.210000038146973,12.414999961853027,12.135000228881836,12.414999961853027,17595,0.0,0.0
2024-06-05 11:30:00-04:00,12.395000457763672,12.5,12.395000457763672,12.470000267028809,11342,0.0,0.0
2024-06-05 12:30:00-04:00,12.488300323486328,12.600000381469727,12.369999885559082,12.600000381469727,36889,0.0,0.0
2024-06-05 13:30:00-04:00,12.59000015258789,12.720000267028809,12.479999542236328,12.59000015258789,117475,0.0,0.0
2024-06-05 14:30:00-04:00,12.619999885559082,12.710000038146973,12.569999694824219,12.619999885559082,27446,0.0,0.0
2024-06-05 15:30:00-04:00,12.635000228881836,12.729999542236328,12.529999732971191,12.710000038146973,92440,0.0,0.0
2024-06-06 09:30:00-04:00,12.729999542236328,12.920000076293945,12.350000381469727,12.404999732971191,21378,0.0,0.0
2024-06-06 10:30:00-04:00,12.350000381469727,12.470000267028809,12.329999923706055,12.359999656677246,8911,0.0,0.0
2024-06-06 11:30:00-04:00,12.3100004196167,12.34000015258789,12.25,12.260000228881836,10186,0.0,0.0
2024-06-06 12:30:00-04:00,12.28499984741211,12.439900398254395,12.140000343322754,12.279999732971191,277181,0.0,0.0
2024-06-06 13:30:00-04:00,12.260000228881836,12.300000190734863,12.164999961853027,12.164999961853027,7038,0.0,0.0
2024-06-06 14:30:00-04:00,12.130000114440918,12.34000015258789,12.130000114440918,12.34000015258789,15643,0.0,0.0
2024-06-06 15:30:00-04:00,12.319999694824219,12.329999923706055,12.229999542236328,12.3100004196167,22699,0.0,0.0
2024-06-07 09:30:00-04:00,12.199999809265137,12.350000381469727,12.109999656677246,12.305000305175781,11069,0.0,0.0
2024-06-07 10:30:00-04:00,12.281999588012695,12.539999961853027,12.281999588012695,12.4399995803833,47345,0.0,0.0
2024-06-07 11:30:00-04:00,12.3100004196167,12.40999984741211,12.300000190734863,12.300000190734863,7035,0.0,0.0
2024-06-07 12:30:00-04:00,12.270000457763672,12.4399995803833,12.1899995803833,12.40999984741211,14985,0.0,0.0
2024-06-07 13:30:00-04:00,12.3149995803833,12.3149995803833,11.8100004196167,11.930700302124023,29262,0.0,0.0
2024-06-07 14:30:00-04:00,11.930000305175781,12.095000267028809,11.930000305175781,12.045000076293945,42648,0.0,0.0
2024-06-07 15:30:00-04:00,12.045000076293945,12.085000038146973,11.960000038146973,11.979999542236328,60084,0.0,0.0
2024-06-10 09:30:00-04:00,11.829999923706055,12.079999923706055,11.774999618530273,11.960000038146973,85320,0.0,0.0
2024-06-10 10:30:00-04:00,11.960000038146973,12.09000015258789,11.869999885559082,11.979999542236328,33949,0.0,0.0
2024-06-10 11:30:00-04:00,11.979999542236328,12.039999961853027,11.899999618530273,12.005000114440918,35591,0.0,0.0
2024-06-10 12:30:00-04:00,12.029999732971191,12.050000190734863,11.930000305175781,12.029999732971191,27647,0.0,0.0
2024-06-10 13:30:00-04:00,12.039999961853027,12.130000114440918,11.994999885559082,12.010000228881836,40443,0.0,0.0
2024-06-10 14:30:00-04:00,12.0,12.109999656677246,12.0,12.03499984741211,50566,0.0,0.0
2024-06-10 15:30:00-04:00,12.050000190734863,12.09000015258789,12.0,12.09000015258789,54137,0.0,0.0
2024-06-11 09:30:00-04:00,12.069999694824219,12.069999694824219,11.65999984741211,11.949999809265137,46119,0.0,0.0
2024-06-11 10:30:00-04:00,11.970000267028809,12.010000228881836,11.914999961853027,11.9399995803833,30752,0.0,0.0
2024-06-11 11:30:00-04:00,11.9399995803833,12.0,11.9350004196167,11.960000038146973,11705,0.0,0.0
2024-06-11 12:30:00-04:00,11.960000038146973,12.029999732971191,11.944999694824219,11.989999771118164,29107,0.0,0.0
2024-06-11 13:30:00-04:00,11.989999771118164,12.029999732971191,11.854999542236328,11.854999542236328,15377,0.0,0.0
2024-06-11 14:30:00-04:00,11.859999656677246,11.949999809265137,11.859999656677246,11.9399995803833,27880,0.0,0.0
2024-06-11 15:30:00-04:00,11.930000305175781,12.029999732971191,11.899999618530273,12.010000228881836,51974,0.0,0.0
2024-06-12 09:30:00-04:00,12.34000015258789,12.539999961853027,11.710000038146973,11.90999984741211,46377,0.0,0.0
2024-06-12 10:30:00-04:00,11.970000267028809,12.15999984741211,11.920000076293945,12.149999618530273,19136,0.0,0.0
2024-06-12 11:30:00-04:00,12.119999885559082,12.180000305175781,12.0600004196167,12.079999923706055,16060,0.0,0.0
2024-06-12 12:30:00-04:00,12.079999923706055,12.109999656677246,12.029999732971191,12.039999961853027,11674,0.0,0.0
2024-06-12 13:30:00-04:00,12.045000076293945,12.100000381469727,12.0,12.039999961853027,15206,0.0,0.0
2024-06-12 14:30:00-04:00,12.0600004196167,12.100000381469727,11.989999771118164,12.0,26859,0.0,0.0
2024-06-12 15:30:00-04:00,12.0,12.119999885559082,12.0,12.050000190734863,23221,0.0,0.0
2024-06-13 09:30:00-04:00,12.020000457763672,12.229999542236328,11.944999694824219,12.029999732971191,37382,0.0,0.0
2024-06-13 10:30:00-04:00,12.0600004196167,12.180000305175781,12.0,12.039999961853027,25853,0.0,0.0
2024-06-13 11:30:00-04:00,12.069999694824219,12.09000015258789,11.979999542236328,12.010000228881836,15457,0.0,0.0
2024-06-13 12:30:00-04:00,12.029999732971191,12.100000381469727,12.0,12.0600004196167,11346,0.0,0.0
2024-06-13 13:30:00-04:00,12.050000190734863,12.109999656677246,12.029999732971191,12.100000381469727,7417,0.0,0.0
2024-06-13 14:30:00-04:00,12.130000114440918,12.130000114440918,12.029999732971191,12.0600004196167,10453,0.0,0.0
2024-06-13 15:30:00-04:00,12.050000190734863,12.09000015258789,12.050000190734863,12.0600004196167,19558,0.0,0.0
2024-06-14 09:30:00-04:00,11.9399995803833,12.039999961853027,11.75,11.75,152539,0.0,0.0
2024-06-14 10:30:00-04:00,11.800000190734863,11.90999984741211,11.75,11.90999984741211,76135,0.0,0.0
2024-06-14 11:30:00-04:00,11.899999618530273,11.930000305175781,11.779999732971191,11.819999694824219,19467,0.0,0.0
2024-06-14 12:30:00-04:00,11.800000190734863,11.819999694824219,11.75,11.75,26664,0.0,0.0
2024-06-14 13:30:00-04:00,11.75,11.869999885559082,11.744999885559082,11.800000190734863,17655,0.0,0.0
2024-06-14 14:30:00-04:00,11.800000190734863,11.859999656677246,11.795000076293945,11.845000267028809,29413,0.0,0.0
2024-06-14 15:30:00-04:00,11.859999656677246,11.920000076293945,11.845000267028809,11.90999984741211,37337,0.0,0.0
2024-06-17 09:30:00-04:00,11.8100004196167,11.960000038146973,11.670000076293945,11.770000457763672,43954,0.0,0.0
2024-06-17 10:30:00-04:00,11.75,11.755000114440918,11.5600004196167,11.569999694824219,45134,0.0,0.0
2024-06-17 11:30:00-04:00,11.5649995803833,11.739999771118164,11.524999618530273,11.720000267028809,32993,0.0,0.0
2024-06-17 12:30:00-04:00,11.71500015258789,11.75,11.640000343322754,11.699999809265137,27326,0.0,0.0
2024-06-17 13:30:00-04:00,11.699999809265137,11.75,11.694999694824219,11.694999694824219,29559,0.0,0.0
2024-06-17 14:30:00-04:00,11.699999809265137,11.699999809265137,11.542499542236328,11.600000381469727,40321,0.0,0.0
2024-06-17 15:30:00-04:00,11.600000381469727,11.770000457763672,11.595000267028809,11.760000228881836,71207,0.0,0.0
2024-06-18 09:30:00-04:00,11.779999732971191,11.859999656677246,11.59000015258789,11.859999656677246,28850,0.0,0.0
2024-06-18 10:30:00-04:00,11.859999656677246,11.859999656677246,11.729999542236328,11.789999961853027,20703,0.0,0.0
2024-06-18 11:30:00-04:00,11.779999732971191,11.800000190734863,11.720000267028809,11.800000190734863,19659,0.0,0.0
2024-06-18 12:30:00-04:00,11.8100004196167,11.8100004196167,11.75,11.774999618530273,8229,0.0,0.0
2024-06-18 13:30:00-04:00,11.770000457763672,11.880000114440918,11.770000457763672,11.880000114440918,11676,0.0,0.0
2024-06-18 14:30:00-04:00,11.880000114440918,11.90999984741211,11.850000381469727,11.890000343322754,18176,0.0,0.0
2024-06-18 15:30:00-04:00,11.869999885559082,11.989999771118164,11.869999885559082,11.90999984741211,30515,0.0,0.0
2024-06-20 09:30:00-04:00,11.8100004196167,11.859999656677246,11.67300033569336,11.824999809265137,40708,0.0,0.0
2024-06-20 10:30:00-04:00,11.829999923706055,11.829999923706055,11.609999656677246,11.609999656677246,11525,0.0,0.0
2024-06-20 11:30:00-04:00,11.619999885559082,11.720000267028809,11.579999923706055,11.680000305175781,22076,0.0,0.0
2024-06-20 12:30:00-04:00,11.680000305175781,11.6899995803833,11.614999771118164,11.630000114440918,18586,0.0,0.0
2024-06-20 13:30:00-04:00,11.600099563598633,11.699999809265137,11.579999923706055,11.699999809265137,11750,0.0,0.0
2024-06-20 14:30:00-04:00,11.699999809265137,11.75,11.609999656677246,11.65999984741211,38034,0.0,0.0
2024-06-20 15:30:00-04:00,11.640000343322754,11.770000457763672,11.640000343322754,11.770000457763672,62400,0.0,0.0
2024-06-21 09:30:00-04:00,11.819999694824219,12.020000457763672,11.6899995803833,11.850000381469727,72608,0.0,0.0
2024-06-21 10:30:00-04:00,11.848999977111816,11.989999771118164,11.845000267028809,11.899999618530273,12391,0.0,0.0
2024-06-21 11:30:00-04:00,11.890000343322754,11.890000343322754,11.770000457763672,11.800000190734863,7920,0.0,0.0
2024-06-21 12:30:00-04:00,11.829999923706055,11.869999885559082,11.770000457763672,11.774999618530273,10939,0.0,0.0
2024-06-21 13:30:00-04:00,11.789999961853027,11.9399995803833,11.729999542236328,11.9399995803833,17873,0.0,0.0
2024-06-21 14:30:00-04:00,11.920000076293945,11.920000076293945,11.800000190734863,11.850000381469727,29388,0.0,0.0
2024-06-21 15:30:00-04:00,11.854999542236328,12.020000457763672,11.800000190734863,12.010000228881836,59280,0.0,0.0
2024-06-24 09:30:00-04:00,12.050000190734863,12.050000190734863,11.729999542236328,11.744999885559082,28987,0.0,0.0
2024-06-24 10:30:00-04:00,11.744999885559082,12.140000343322754,11.710000038146973,12.119999885559082,42570,0.0,0.0
2024-06-24 11:30:00-04:00,12.170000076293945,12.239999771118164,12.109999656677246,12.175000190734863,8305,0.0,0.0
2024-06-24 12:30:00-04:00,12.194999694824219,12.220000267028809,12.140000343322754,12.210000038146973,4331,0.0,0.0
2024-06-24 13:30:00-04:00,12.175000190734863,12.1850004196167,12.010000228881836,12.069999694824219,15658,0.0,0.0
2024-06-24 14:30:00-04:00,12.079999923706055,12.130000114440918,12.069999694824219,12.085000038146973,13489,0.0,0.0
2024-06-24 15:30:00-04:00,12.085000038146973,12.15999984741211,12.055000305175781,12.09000015258789,34269,0.0,0.0
2024-06-25 09:30:00-04:00,11.970000267028809,12.199999809265137,11.970000267028809,12.085000038146973,25615,0.0,0.0
2024-06-25 10:30:00-04:00,12.119999885559082,12.295000076293945,12.114999771118164,12.295000076293945,11698,0.0,0.0
2024-06-25 11:30:00-04:00,12.260000228881836,12.329999923706055,12.149999618530273,12.270000457763672,34388,0.0,0.0
2024-06-25 12:30:00-04:00,12.25,12.354999542236328,12.239999771118164,12.335000038146973,11938,0.0,0.0
2024-06-25 13:30:00-04:00,12.354999542236328,12.354999542236328,12.25,12.329999923706055,10322,0.0,0.0
2024-06-25 14:30:00-04:00,12.319999694824219,12.319999694824219,12.1899995803833,12.239999771118164,25238,0.0,0.0
2024-06-25 15:30:00-04:00,12.25,12.279999732971191,12.220000267028809,12.260000228881836,33387,0.0,0.0
2024-06-26 09:30:00-04:00,12.15999984741211,12.210000038146973,11.850000381469727,12.0,25923,0.0,0.0
2024-06-26 10:30:00-04:00,11.970000267028809,12.050000190734863,11.920000076293945,12.020000457763672,27212,0.0,0.0
2024-06-26 11:30:00-04:00,12.015000343322754,12.0600004196167,11.994999885559082,12.045000076293945,14749,0.0,0.0
2024-06-26 12:30:00-04:00,12.03499984741211,12.050000190734863,11.979999542236328,12.020000457763672,13002,0.0,0.0
2024-06-26 13:30:00-04:00,12.0,12.079999923706055,11.989999771118164,12.079999923706055,23632,0.0,0.0
2024-06-26 14:30:00-04:00,12.039999961853027,12.109999656677246,12.0,12.0,16996,0.0,0.0
2024-06-26 15:30:00-04:00,12.0,12.0600004196167,12.0,12.050000190734863,47883,0.0,0.0
2024-06-27 09:30:00-04:00,12.079999923706055,12.300000190734863,11.864999771118164,12.100000381469727,17321,0.0,0.0
2024-06-27 10:30:00-04:00,12.119999885559082,12.204999923706055,12.079999923706055,12.199999809265137,18957,0.0,0.0
2024-06-27 11:30:00-04:00,12.210000038146973,12.210000038146973,12.020000457763672,12.149999618530273,14912,0.0,0.0
2024-06-27 12:30:00-04:00,12.145000457763672,12.460000038146973,12.130000114440918,12.460000038146973,19354,0.0,0.0
2024-06-27 13:30:00-04:00,12.4399995803833,12.5,12.319999694824219,12.350000381469727,15496,0.0,0.0
2024-06-27 14:30:00-04:00,12.345000267028809,12.390000343322754,12.260000228881836,12.260000228881836,12617,0.0,0.0
2024-06-27 15:30:00-04:00,12.260000228881836,12.350000381469727,12.135000228881836,12.34000015258789,37946,0.0,0.0
2024-06-28 09:30:00-04:00,13.069999694824219,13.069999694824219,12.479999542236328,12.479999542236328,57623,0.0,0.0
2024-06-28 10:30:00-04:00,12.470000267028809,12.8100004196167,12.260000228881836,12.305000305175781,89084,0.0,0.0
2024-06-28 11:30:00-04:00,12.289999961853027,12.420000076293945,12.199999809265137,12.3100004196167,32992,0.0,0.0
2024-06-28 12:30:00-04:00,12.3100004196167,12.329999923706055,12.074000358581543,12.180000305175781,35258,0.0,0.0
2024-06-28 13:30:00-04:00,12.149999618530273,12.170000076293945,12.020000457763672,12.079999923706055,29438,0.0,0.0
2024-06-28 14:30:00-04:00,12.069999694824219,12.079999923706055,11.880000114440918,11.880000114440918,39328,0.0,0.0
2024-06-28 15:30:00-04:00,11.869999885559082,12.100000381469727,11.760000228881836,12.079999923706055,133848,0.0,0.0
2024-07-01 09:30:00-04:00,12.010000228881836,12.319999694824219,12.010000228881836,12.25,69676,0.0,0.0
2024-07-01 10:30:00-04:00,12.218000411987305,12.319999694824219,12.09000015258789,12.149999618530273,34715,0.0,0.0
2024-07-01 11:30:00-04:00,12.100000381469727,12.100000381469727,11.880000114440918,12.050000190734863,38246,0.0,0.0
2024-07-01 12:30:00-04:00,12.020000457763672,12.149999618530273,11.890000343322754,12.119999885559082,35806,0.0,0.0
2024-07-01 13:30:00-04:00,12.119999885559082,12.119999885559082,11.899999618530273,12.029999732971191,39615,0.0,0.0
2024-07-01 14:30:00-04:00,12.055000305175781,12.109999656677246,12.020000457763672,12.050000190734863,41824,0.0,0.0
2024-07-01 15:30:00-04:00,12.039999961853027,12.069999694824219,11.770000457763672,11.779999732971191,61749,0.0,0.0
2024-07-02 09:30:00-04:00,11.65999984741211,11.710000038146973,11.329999923706055,11.390000343322754,75386,0.0,0.0
2024-07-02 10:30:00-04:00,11.369999885559082,11.4399995803833,11.180000305175781,11.345000267028809,32712,0.0,0.0
2024-07-02 11:30:00-04:00,11.329999923706055,11.375,11.239999771118164,11.375,26365,0.0,0.0
2024-07-02 12:30:00-04:00,11.375,11.489999771118164,11.229999542236328,11.329999923706055,37764,0.0,0.0
2024-07-02 13:30:00-04:00,11.3100004196167,11.479999542236328,11.305000305175781,11.479999542236328,34562,0.0,0.0
2024-07-02 14:30:00-04:00,11.449999809265137,11.470000267028809,11.180000305175781,11.260000228881836,74339,0.0,0.0
2024-07-02 15:30:00-04:00,11.229999542236328,11.399999618530273,11.199999809265137,11.359999656677246,60965,0.0,0.0
2024-07-03 09:30:00-04:00,11.430000305175781,11.59000015258789,11.241399765014648,11.529999732971191,26191,0.0,0.0
2024-07-03 10:30:00-04:00,11.5,11.526000022888184,11.369999885559082,11.430000305175781,21579,0.0,0.0
2024-07-03 11:30:00-04:00,11.449999809265137,11.449999809265137,11.319999694824219,11.329999923706055,37759,0.0,0.0
2024-07-05 09:30:00-04:00,11.34000015258789,11.34000015258789,11.133000373840332,11.15999984741211,23133,0.0,0.0
2024-07-05 10:30:00-04:00,11.16100025177002,11.3100004196167,11.15999984741211,11.220000267028809,36269,0.0,0.0
2024-07-05 11:30:00-04:00,11.15999984741211,11.25,11.109999656677246,11.180000305175781,21340,0.0,0.0
2024-07-05 12:30:00-04:00,11.15999984741211,11.220000267028809,11.140000343322754,11.220000267028809,16263,0.0,0.0
2024-07-05 13:30:00-04:00,11.199999809265137,11.25,11.194999694824219,11.220000267028809,14226,0.0,0.0
2024-07-05 14:30:00-04:00,11.210000038146973,11.3100004196167,11.199999809265137,11.270000457763672,26741,0.0,0.0
2024-07-05 15:30:00-04:00,11.270000457763672,11.399999618530273,11.244999885559082,11.375,63650,0.0,0.0
2024-07-08 09:30:00-04:00,11.470000267028809,11.649999618530273,11.229999542236328,11.520000457763672,71368,0.0,0.0
2024-07-08 10:30:00-04:00,11.489999771118164,11.630000114440918,11.460000038146973,11.479999542236328,19160,0.0,0.0
2024-07-08 11:30:00-04:00,11.505000114440918,11.505000114440918,11.324999809265137,11.470000267028809,45360,0.0,0.0
2024-07-08 12:30:00-04:00,11.489999771118164,11.529999732971191,11.369999885559082,11.369999885559082,20342,0.0,0.0
2024-07-08 13:30:00-04:00,11.369999885559082,11.489999771118164,11.34000015258789,11.460000038146973,24382,0.0,0.0
2024-07-08 14:30:00-04:00,11.454999923706055,11.460000038146973,11.370400428771973,11.40999984741211,27811,0.0,0.0
2024-07-08 15:30:00-04:00,11.420000076293945,11.470000267028809,11.289999961853027,11.289999961853027,69882,0.0,0.0
2024-07-09 09:30:00-04:00,11.25,11.470000267028809,11.154999732971191,11.25,56660,0.0,0.0
2024-07-09 10:30:00-04:00,11.279999732971191,11.380000114440918,11.220000267028809,11.25,23360,0.0,0.0
2024-07-09 11:30:00-04:00,11.25,11.260000228881836,11.170000076293945,11.239999771118164,39235,0.0,0.0
2024-07-09 12:30:00-04:00,11.239999771118164,11.430000305175781,11.239999771118164,11.404999732971191,15201,0.0,0.0
2024-07-09 13:30:00-04:00,11.404999732971191,11.539999961853027,11.404999732971191,11.529999732971191,21130,0.0,0.0
2024-07-09 14:30:00-04:00,11.515000343322754,11.579999923706055,11.300000190734863,11.300000190734863,55936,0.0,0.0
2024-07-09 15:30:00-04:00,11.300000190734863,11.380000114440918,11.199999809265137,11.270000457763672,132020,0.0,0.0
2024-07-10 09:30:00-04:00,11.289999961853027,11.5649995803833,11.100000381469727,11.1899995803833,46657,0.0,0.0
2024-07-10 10:30:00-04:00,11.187000274658203,11.187000274658203,10.920000076293945,11.0600004196167,27694,0.0,0.0
2024-07-10 11:30:00-04:00,11.0600004196167,11.279999732971191,11.005000114440918,11.274999618530273,17454,0.0,0.0
2024-07-10 12:30:00-04:00,11.25,11.335000038146973,11.199999809265137,11.220000267028809,19409,0.0,0.0
2024-07-10 13:30:00-04:00,11.229999542236328,11.458999633789062,11.21500015258789,11.449999809265137,25362,0.0,0.0
2024-07-10 14:30:00-04:00,11.460000038146973,11.479999542236328,11.344799995422363,11.420000076293945,25106,0.0,0.0
2024-07-10 15:30:00-04:00,11.425000190734863,11.550000190734863,11.425000190734863,11.550000190734863,32525,0.0,0.0
2024-07-11 09:30:00-04:00,11.880000114440918,11.904999732971191,11.729999542236328,11.84000015258789,26953,0.0,0.0
2024-07-11 10:30:00-04:00,11.90999984741211,12.010000228881836,11.779999732971191,12.0,19573,0.0,0.0
2024-07-11 11:30:00-04:00,12.005000114440918,12.210000038146973,11.979999542236328,12.130000114440918,19949,0.0,0.0
2024-07-11 12:30:00-04:00,12.15999984741211,12.319999694824219,11.979999542236328,11.979999542236328,36917,0.0,0.0
2024-07-11 13:30:00-04:00,11.970000267028809,12.079999923706055,11.890000343322754,11.890000343322754,38724,0.0,0.0
2024-07-11 14:30:00-04:00,11.880000114440918,11.9399995803833,11.760000228881836,11.835000038146973,36746,0.0,0.0
2024-07-11 15:30:00-04:00,11.84000015258789,12.069999694824219,11.84000015258789,12.069999694824219,36560,0.0,0.0
2024-07-12 09:30:00-04:00,12.539999961853027,13.219900131225586,12.369999885559082,12.979999542236328,46682,0.0,0.0
2024-07-12 10:30:00-04:00,12.949999809265137,13.100000381469727,12.5,12.569999694824219,31736,0.0,0.0
2024-07-12 11:30:00-04:00,12.520000457763672,12.539999961853027,12.260000228881836,12.390000343322754,20601,0.0,0.0
2024-07-12 12:30:00-04:00,12.40999984741211,12.420000076293945,12.210000038146973,12.300000190734863,25681,0.0,0.0
2024-07-12 13:30:00-04:00,12.305000305175781,12.390000343322754,12.229999542236328,12.229999542236328,21489,0.0,0.0
2024-07-12 14:30:00-04:00,12.294599533081055,12.479999542236328,12.270000457763672,12.430000305175781,41108,0.0,0.0
2024-07-12 15:30:00-04:00,12.430000305175781,12.5,12.401000022888184,12.449999809265137,26451,0.0,0.0
2024-07-15 09:30:00-04:00,12.609999656677246,12.739999771118164,12.380000114440918,12.65999984741211,11712,0.0,0.0
2024-07-15 10:30:00-04:00,12.6850004196167,12.800000190734863,12.640000343322754,12.800000190734863,17100,0.0,0.0
2024-07-15 11:30:00-04:00,12.8100004196167,12.859999656677246,12.729999542236328,12.734999656677246,11017,0.0,0.0
2024-07-15 12:30:00-04:00,12.710000038146973,12.739999771118164,12.619999885559082,12.720000267028809,10847,0.0,0.0
2024-07-15 13:30:00-04:00,12.729999542236328,12.774999618530273,12.670000076293945,12.765000343322754,13718,0.0,0.0
2024-07-15 14:30:00-04:00,12.765000343322754,12.975000381469727,12.739999771118164,12.930000305175781,23552,0.0,0.0
2024-07-15 15:30:00-04:00,12.90999984741211,13.050000190734863,12.899999618530273,12.970000267028809,59653,0.0,0.0
2024-07-16 09:30:00-04:00,13.180000305175781,13.395000457763672,13.09000015258789,13.261199951171875,23992,0.0,0.0
2024-07-16 10:30:00-04:00,13.199999809265137,13.369999885559082,13.140000343322754,13.279999732971191,16798,0.0,0.0
2024-07-16 11:30:00-04:00,13.279999732971191,13.3100004196167,13.100000381469727,13.100000381469727,26407,0.0,0.0
2024-07-16 12:30:00-04:00,13.069999694824219,13.170000076293945,13.020000457763672,13.119999885559082,20211,0.0,0.0
2024-07-16 13:30:00-04:00,13.140000343322754,13.1899995803833,13.09000015258789,13.135000228881836,25143,0.0,0.0
2024-07-16 14:30:00-04:00,13.15999984741211,13.289999961853027,13.149999618530273,13.204999923706055,35533,0.0,0.0
2024-07-16 15:30:00-04:00,13.21500015258789,13.239999771118164,13.0600004196167,13.069999694824219,69177,0.0,0.0
2024-07-17 09:30:00-04:00,12.890000343322754,12.9399995803833,12.494999885559082,12.510000228881836,25818,0.0,0.0
2024-07-17 10:30:00-04:00,12.515000343322754,12.515000343322754,12.270000457763672,12.369999885559082,16766,0.0,0.0
2024-07-17 11:30:00-04:00,12.300000190734863,12.40999984741211,12.199999809265137,12.199999809265137,20306,0.0,0.0
2024-07-17 12:30:00-04:00,12.15999984741211,12.255000114440918,12.100000381469727,12.25,22130,0.0,0.0
2024-07-17 13:30:00-04:00,12.25,12.3100004196167,12.210000038146973,12.279999732971191,19983,0.0,0.0
2024-07-17 14:30:00-04:00,12.260000228881836,12.289999961853027,12.149999618530273,12.265000343322754,29370,0.0,0.0
2024-07-17 15:30:00-04:00,12.289999961853027,12.649999618530273,12.289999961853027,12.579999923706055,71591,0.0,0.0
2024-07-18 09:30:00-04:00,12.649999618530273,12.649999618530273,12.3100004196167,12.449999809265137,23265,0.0,0.0
2024-07-18 10:30:00-04:00,12.430000305175781,12.430000305175781,12.020000457763672,12.020000457763672,16571,0.0,0.0
2024-07-18 11:30:00-04:00,12.0,12.029999732971191,11.880000114440918,11.979999542236328,21870,0.0,0.0
2024-07-18 12:30:00-04:00,11.970000267028809,12.149999618530273,11.970000267028809,12.119999885559082,13133,0.0,0.0
2024-07-18 13:30:00-04:00,12.09000015258789,12.1899995803833,11.960000038146973,11.989999771118164,14006,0.0,0.0
2024-07-18 14:30:00-04:00,11.989999771118164,12.010000228881836,11.59000015258789,11.779999732971191,45115,0.0,0.0
2024-07-18 15:30:00-04:00,11.75,11.925000190734863,11.6899995803833,11.699999809265137,57062,0.0,0.0
2024-07-19 09:30:00-04:00,11.760000228881836,11.760000228881836,11.5,11.529999732971191,20567,0.0,0.0
2024-07-19 10:30:00-04:00,11.569999694824219,11.6899995803833,11.449999809265137,11.5,28093,0.0,0.0
2024-07-19 11:30:00-04:00,11.491000175476074,11.630000114440918,11.491000175476074,11.5,13534,0.0,0.0
2024-07-19 12:30:00-04:00,11.5,11.569999694824219,11.470000267028809,11.529999732971191,17606,0.0,0.0
2024-07-19 13:30:00-04:00,11.520000457763672,11.5600004196167,11.489999771118164,11.529999732971191,28422,0.0,0.0
2024-07-19 14:30:00-04:00,11.529999732971191,11.619999885559082,11.489999771118164,11.604999542236328,22901,0.0,0.0
2024-07-19 15:30:00-04:00,11.604999542236328,11.640000343322754,11.5600004196167,11.579999923706055,20735,0.0,0.0
2024-07-22 09:30:00-04:00,11.619999885559082,11.675000190734863,11.354999542236328,11.489999771118164,26629,0.0,0.0
2024-07-22 10:30:00-04:00,11.484999656677246,11.640000343322754,11.449999809265137,11.59000015258789,23559,0.0,0.0
2024-07-22 11:30:00-04:00,11.550000190734863,11.555000305175781,11.470000267028809,11.555000305175781,18074,0.0,0.0
2024-07-22 12:30:00-04:00,11.539999961853027,11.710000038146973,11.539999961853027,11.6899995803833,9044,0.0,0.0
2024-07-22 13:30:00-04:00,11.680000305175781,11.819999694824219,11.680000305175781,11.8100004196167,25380,0.0,0.0
2024-07-22 14:30:00-04:00,11.819999694824219,12.074999809265137,11.789999961853027,12.020000457763672,26099,0.0,0.0
2024-07-22 15:30:00-04:00,12.020000457763672,12.270000457763672,12.020000457763672,12.130000114440918,55302,0.0,0.0
2024-07-23 09:30:00-04:00,12.130000114440918,12.289999961853027,11.90999984741211,12.289999961853027,17634,0.0,0.0
2024-07-23 10:30:00-04:00,12.350000381469727,12.609999656677246,12.289999961853027,12.569999694824219,19912,0.0,0.0
2024-07-23 11:30:00-04:00,12.550000190734863,12.65999984741211,12.539999961853027,12.625,16209,0.0,0.0
2024-07-23 12:30:00-04:00,12.609999656677246,12.75,12.569999694824219,12.65999984741211,19380,0.0,0.0
2024-07-23 13:30:00-04:00,12.649999618530273,12.779999732971191,12.640000343322754,12.760000228881836,19940,0.0,0.0
2024-07-23 14:30:00-04:00,12.789999961853027,12.929900169372559,12.760000228881836,12.859999656677246,38290,0.0,0.0
2024-07-23 15:30:00-04:00,12.869999885559082,12.930000305175781,12.779999732971191,12.819999694824219,40230,0.0,0.0
2024-07-24 09:30:00-04:00,12.720000267028809,12.800000190734863,12.494000434875488,12.670000076293945,16966,0.0,0.0
2024-07-24 10:30:00-04:00,12.579999923706055,12.579999923706055,12.390000343322754,12.5600004196167,15709,0.0,0.0
2024-07-24 11:30:00-04:00,12.619999885559082,12.720000267028809,12.569999694824219,12.710000038146973,14754,0.0,0.0
2024-07-24 12:30:00-04:00,12.744999885559082,12.744999885559082,12.550000190734863,12.550000190734863,13106,0.0,0.0
2024-07-24 13:30:00-04:00,12.539999961853027,12.65999984741211,12.449999809265137,12.460000038146973,12344,0.0,0.0
2024-07-24 14:30:00-04:00,12.4399995803833,12.529999732971191,12.34000015258789,12.390000343322754,17623,0.0,0.0
2024-07-24 15:30:00-04:00,12.390000343322754,12.449999809265137,12.354999542236328,12.380000114440918,28736,0.0,0.0
2024-07-25 09:30:00-04:00,12.460000038146973,12.609999656677246,11.972100257873535,12.53499984741211,39251,0.0,0.0
2024-07-25 10:30:00-04:00,12.489999771118164,12.515000343322754,12.289999961853027,12.470000267028809,16621,0.0,0.0
2024-07-25 11:30:00-04:00,12.470000267028809,12.59000015258789,12.470000267028809,12.510000228881836,23239,0.0,0.0
2024-07-25 12:30:00-04:00,12.489999771118164,12.59000015258789,12.399999618530273,12.505000114440918,15522,0.0,0.0
2024-07-25 13:30:00-04:00,12.505000114440918,12.819999694824219,12.505000114440918,12.5600004196167,29742,0.0,0.0
2024-07-25 14:30:00-04:00,12.550000190734863,12.550000190734863,12.3149995803833,12.369999885559082,33310,0.0,0.0
2024-07-25 15:30:00-04:00,12.369999885559082,12.369999885559082,12.300000190734863,12.350000381469727,31212,0.0,0.0
2024-07-26 09:30:00-04:00,12.630000114440918,12.664999961853027,12.380000114440918,12.470000267028809,14752,0.0,0.0
2024-07-26 10:30:00-04:00,12.420000076293945,12.460000038146973,12.239999771118164,12.324999809265137,14185,0.0,0.0
2024-07-26 11:30:00-04:00,12.3100004196167,12.420000076293945,12.300000190734863,12.300000190734863,9994,0.0,0.0
2024-07-26 12:30:00-04:00,12.335000038146973,12.390000343322754,12.260000228881836,12.380000114440918,12236,0.0,0.0
2024-07-26 13:30:00-04:00,12.390000343322754,12.510000228881836,12.329999923706055,12.489999771118164,13990,0.0,0.0
2024-07-26 14:30:00-04:00,12.5,12.609999656677246,12.4399995803833,12.600000381469727,15571,0.0,0.0
2024-07-26 15:30:00-04:00,12.579999923706055,12.609999656677246,12.510000228881836,12.529999732971191,25447,0.0,0.0
2024-07-29 09:30:00-04:00,12.5,12.760000228881836,12.4399995803833,12.635000228881836,15068,0.0,0.0
2024-07-29 10:30:00-04:00,12.625,12.670000076293945,12.40060043334961,12.40060043334961,23991,0.0,0.0
2024-07-29 11:30:00-04:00,12.4399995803833,12.569999694824219,12.364999771118164,12.5600004196167,25088,0.0,0.0
2024-07-29 12:30:00-04:00,12.600000381469727,12.600000381469727,12.239999771118164,12.335000038146973,13301,0.0,0.0
2024-07-29 13:30:00-04:00,12.34000015258789,12.34000015258789,12.260000228881836,12.300000190734863,5107,0.0,0.0
2024-07-29 14:30:00-04:00,12.270000457763672,12.270000457763672,12.09000015258789,12.1850004196167,10417,0.0,0.0
2024-07-29 15:30:00-04:00,12.180000305175781,12.279999732971191,12.145000457763672,12.1899995803833,22684,0.0,0.0
2024-07-30 09:30:00-04:00,12.220000267028809,12.270000457763672,12.015000343322754,12.055000305175781,5393,0.0,0.0
2024-07-30 10:30:00-04:00,11.989999771118164,12.074999809265137,11.890000343322754,11.944999694824219,7105,0.0,0.0
2024-07-30 11:30:00-04:00,11.90999984741211,11.979999542236328,11.899999618530273,11.949999809265137,8186,0.0,0.0
2024-07-30 12:30:00-04:00,11.944999694824219,11.944999694824219,11.84000015258789,11.920000076293945,6204,0.0,0.0
2024-07-30 13:30:00-04:00,11.890000343322754,12.050000190734863,11.890000343322754,11.930000305175781,11540,0.0,0.0
2024-07-30 14:30:00-04:00,11.9399995803833,11.960000038146973,11.859999656677246,11.859999656677246,8511,0.0,0.0
2024-07-30 15:30:00-04:00,11.869999885559082,11.979999542236328,11.819999694824219,11.890000343322754,48341,0.0,0.0
2024-07-31 09:30:00-04:00,12.020000457763672,12.020000457763672,11.619999885559082,11.925000190734863,10728,0.0,0.0
2024-07-31 10:30:00-04:00,11.949999809265137,12.25,11.949999809265137,12.109999656677246,9150,0.0,0.0
2024-07-31 11:30:00-04:00,12.149999618530273,12.180000305175781,12.0600004196167,12.109999656677246,11466,0.0,0.0
2024-07-31 12:30:00-04:00,12.130000114440918,12.170000076293945,12.09000015258789,12.170000076293945,6356,0.0,0.0
2024-07-31 13:30:00-04:00,12.130000114440918,12.1899995803833,12.069999694824219,12.114999771118164,6013,0.0,0.0
2024-07-31 14:30:00-04:00,12.109999656677246,12.5600004196167,12.010000228881836,12.385000228881836,41233,0.0,0.0
2024-07-31 15:30:00-04:00,12.385000228881836,12.420000076293945,12.279999732971191,12.3100004196167,50341,0.0,0.0
2024-08-01 09:30:00-04:00,12.270000457763672,12.270000457763672,11.920000076293945,11.920000076293945,12945,0.0,0.0
2024-08-01 10:30:00-04:00,11.920000076293945,11.970000267028809,11.729999542236328,11.75,13421,0.0,0.0
2024-08-01 11:30:00-04:00,11.729999542236328,11.770000457763672,11.640000343322754,11.729999542236328,8760,0.0,0.0
2024-08-01 12:30:00-04:00,11.65999984741211,11.65999984741211,11.5600004196167,11.604999542236328,10726,0.0,0.0
2024-08-01 13:30:00-04:00,11.619999885559082,11.739999771118164,11.59000015258789,11.630000114440918,14819,0.0,0.0
2024-08-01 14:30:00-04:00,11.619999885559082,11.65999984741211,11.510000228881836,11.614999771118164,13545,0.0,0.0
2024-08-01 15:30:00-04:00,11.609999656677246,11.710000038146973,11.600000381469727,11.600000381469727,27969,0.0,0.0
2024-08-02 09:30:00-04:00,11.09000015258789,11.329999923706055,11.029999732971191,11.175000190734863,34733,0.0,0.0
2024-08-02 10:30:00-04:00,11.210000038146973,11.369999885559082,11.119999885559082,11.199999809265137,24283,0.0,0.0
2024-08-02 11:30:00-04:00,11.229999542236328,11.305000305175781,11.220000267028809,11.274999618530273,10087,0.0,0.0
2024-08-02 12:30:00-04:00,11.270000457763672,11.454999923706055,11.270000457763672,11.414999961853027,16162,0.0,0.0
2024-08-02 13:30:00-04:00,11.375,11.40999984741211,11.109999656677246,11.289999961853027,38460,0.0,0.0
2024-08-02 14:30:00-04:00,11.28499984741211,11.399999618530273,11.270000457763672,11.399999618530273,21146,0.0,0.0
2024-08-02 15:30:00-04:00,11.425000190734863,11.489999771118164,11.319999694824219,11.489999771118164,82741,0.0,0.0
2024-08-05 09:30:00-04:00,10.710000038146973,11.020000457763672,10.460000038146973,10.524999618530273,53518,0.0,0.0
2024-08-05 10:30:00-04:00,10.520000457763672,10.819999694824219,10.515000343322754,10.75,51403,0.0,0.0
2024-08-05 11:30:00-04:00,10.710000038146973,10.760000228881836,10.5,10.760000228881836,29402,0.0,0.0
2024-08-05 12:30:00-04:00,10.819999694824219,10.850000381469727,10.399999618530273,10.550000190734863,34597,0.0,0.0
2024-08-05 13:30:00-04:00,10.5600004196167,10.729999542236328,10.5600004196167,10.645000457763672,27505,0.0,0.0
2024-08-05 14:30:00-04:00,10.619999885559082,10.649999618530273,10.460000038146973,10.604999542236328,35887,0.0,0.0
2024-08-05 15:30:00-04:00,10.619999885559082,10.770000457763672,10.595000267028809,10.760000228881836,38809,0.0,0.0
2024-08-06 09:30:00-04:00,10.829999923706055,10.96500015258789,10.529999732971191,10.96500015258789,12887,0.0,0.0
2024-08-06 10:30:00-04:00,10.970000267028809,11.289999961853027,10.9399995803833,11.010000228881836,12910,0.0,0.0
2024-08-06 11:30:00-04:00,10.994999885559082,11.180000305175781,10.979399681091309,11.180000305175781,10009,0.0,0.0
2024-08-06 12:30:00-04:00,11.109999656677246,11.1899995803833,11.095000267028809,11.1899995803833,4932,0.0,0.0
2024-08-06 13:30:00-04:00,11.1899995803833,11.3100004196167,11.140000343322754,11.3100004196167,7201,0.0,0.0
2024-08-06 14:30:00-04:00,11.300000190734863,11.40999984741211,11.0,11.039999961853027,23384,0.0,0.0
2024-08-06 15:30:00-04:00,11.045000076293945,11.140000343322754,10.970000267028809,11.119999885559082,43535,0.0,0.0
2024-08-07 09:30:00-04:00,11.460000038146973,11.460000038146973,11.069999694824219,11.069999694824219,8730,0.0,0.0
2024-08-07 10:30:00-04:00,11.109999656677246,11.210000038146973,11.03499984741211,11.119999885559082,9911,0.0,0.0
2024-08-07 11:30:00-04:00,11.069999694824219,11.140000343322754,11.020000457763672,11.140000343322754,9458,0.0,0.0
2024-08-07 12:30:00-04:00,11.100000381469727,11.119999885559082,10.960000038146973,11.039999961853027,16037,0.0,0.0
2024-08-07 13:30:00-04:00,11.039999961853027,11.039999961853027,10.890000343322754,10.979999542236328,17774,0.0,0.0
2024-08-07 14:30:00-04:00,10.9399995803833,11.130000114440918,10.859999656677246,11.050000190734863,28887,0.0,0.0
2024-08-07 15:30:00-04:00,11.069999694824219,11.140000343322754,10.989999771118164,11.029999732971191,40514,0.0,0.0
2024-08-08 09:30:00-04:00,11.119999885559082,11.119999885559082,10.90999984741211,11.005000114440918,7283,0.0,0.0
2024-08-08 10:30:00-04:00,10.930000305175781,11.140000343322754,10.930000305175781,11.079999923706055,9916,0.0,0.0
2024-08-08 11:30:00-04:00,11.149999618530273,11.279999732971191,11.125,11.175000190734863,7537,0.0,0.0
2024-08-08 12:30:00-04:00,11.140000343322754,11.279999732971191,11.100000381469727,11.279999732971191,10567,0.0,0.0
2024-08-08 13:30:00-04:00,11.289999961853027,11.329999923706055,11.210000038146973,11.329999923706055,10879,0.0,0.0
2024-08-08 14:30:00-04:00,11.289999961853027,11.34000015258789,11.260000228881836,11.289999961853027,10985,0.0,0.0
2024-08-08 15:30:00-04:00,11.295000076293945,11.34000015258789,11.210000038146973,11.329999923706055,24386,0.0,0.0
2024-08-09 09:30:00-04:00,11.279999732971191,11.5,11.0,11.239999771118164,30831,0.0,0.0
2024-08-09 10:30:00-04:00,11.199999809265137,11.279999732971191,11.180000305175781,11.1899995803833,12691,0.0,0.0
2024-08-09 11:30:00-04:00,11.170000076293945,11.199999809265137,11.010000228881836,11.029999732971191,12283,0.0,0.0
2024-08-09 12:30:00-04:00,11.050000190734863,11.162500381469727,11.050000190734863,11.162500381469727,7770,0.0,0.0
2024-08-09 13:30:00-04:00,11.15999984741211,11.369999885559082,11.130000114440918,11.359999656677246,35213,0.0,0.0
2024-08-09 14:30:00-04:00,11.295000076293945,11.319999694824219,11.170000076293945,11.1899995803833,16179,0.0,0.0
2024-08-09 15:30:00-04:00,11.170000076293945,11.220000267028809,11.119999885559082,11.1899995803833,27553,0.0,0.0
2024-08-12 09:30:00-04:00,9.859999656677246,9.859999656677246,8.40999984741211,9.670000076293945,264205,0.0,0.0
2024-08-12 10:30:00-04:00,9.65999984741211,9.819999694824219,9.484999656677246,9.800000190734863,106271,0.0,0.0
2024-08-12 11:30:00-04:00,9.829999923706055,10.279999732971191,9.829999923706055,10.25,68398,0.0,0.0
2024-08-12 12:30:00-04:00,10.279999732971191,10.470000267028809,10.220000267028809,10.430000305175781,46011,0.0,0.0
2024-08-12 13:30:00-04:00,10.425000190734863,10.479999542236328,10.010000228881836,10.140000343322754,42342,0.0,0.0
2024-08-12 14:30:00-04:00,10.130000114440918,10.180000305175781,9.720000267028809,9.789999961853027,93844,0.0,0.0
2024-08-12 15:30:00-04:00,9.8100004196167,10.069999694824219,9.8100004196167,9.949999809265137,95164,0.0,0.0
2024-08-13 09:30:00-04:00,9.90999984741211,10.085000038146973,9.800000190734863,9.960000038146973,39307,0.0,0.0
2024-08-13 10:30:00-04:00,9.920000076293945,10.010000228881836,9.699999809265137,9.770000457763672,23546,0.0,0.0
2024-08-13 11:30:00-04:00,9.729999542236328,10.0600004196167,9.729999542236328,10.0600004196167,27772,0.0,0.0
2024-08-13 12:30:00-04:00,10.039999961853027,10.220000267028809,10.0,10.149999618530273,18116,0.0,0.0
2024-08-13 13:30:00-04:00,10.119999885559082,10.329999923706055,10.119999885559082,10.329999923706055,22923,0.0,0.0
2024-08-13 14:30:00-04:00,10.329999923706055,10.550000190734863,10.300000190734863,10.520000457763672,46982,0.0,0.0
2024-08-13 15:30:00-04:00,10.529999732971191,10.890000343322754,10.529999732971191,10.829999923706055,73861,0.0,0.0
2024-08-14 09:30:00-04:00,10.970000267028809,11.180000305175781,10.65999984741211,11.130000114440918,0,0.0,0.0
2024-08-14 10:30:00-04:00,11.114999771118164,11.260000228881836,11.050000190734863,11.239999771118164,25754,0.0,0.0
2024-08-14 11:30:00-04:00,11.289999961853027,11.640000343322754,11.289999961853027,11.46500015258789,35062,0.0,0.0
2024-08-14 12:30:00-04:00,11.5,11.739999771118164,11.454999923706055,11.710000038146973,15631,0.0,0.0
2024-08-14 13:30:00-04:00,11.680000305175781,11.979999542236328,11.619999885559082,11.930000305175781,40094,0.0,0.0
2024-08-14 14:30:00-04:00,11.925000190734863,11.949999809265137,11.649999618530273,11.908900260925293,59228,0.0,0.0
2024-08-14 15:30:00-04:00,11.90999984741211,11.989999771118164,11.850000381469727,11.970000267028809,46663,0.0,0.0
2024-08-15 09:30:00-04:00,12.0,12.4399995803833,11.794300079345703,12.229999542236328,48381,0.0,0.0
2024-08-15 10:30:00-04:00,12.137999534606934,12.300000190734863,12.117400169372559,12.210000038146973,12318,0.0,0.0
2024-08-15 11:30:00-04:00,12.260000228881836,12.289999961853027,12.119999885559082,12.119999885559082,25153,0.0,0.0
2024-08-15 12:30:00-04:00,12.13070011138916,12.319999694824219,12.0600004196167,12.319999694824219,24384,0.0,0.0
2024-08-15 13:30:00-04:00,12.3100004196167,12.319999694824219,12.020000457763672,12.260000228881836,22718,0.0,0.0
2024-08-15 14:30:00-04:00,12.239999771118164,12.40999984741211,12.220000267028809,12.375,26981,0.0,0.0
2024-08-15 15:30:00-04:00,12.350000381469727,12.354999542236328,12.109999656677246,12.239999771118164,30865,0.0,0.0
2024-08-16 09:30:00-04:00,12.5,12.670000076293945,12.319999694824219,12.390000343322754,40639,0.0,0.0
2024-08-16 10:30:00-04:00,12.319999694824219,12.380000114440918,12.220000267028809,12.270000457763672,14246,0.0,0.0
2024-08-16 11:30:00-04:00,12.260000228881836,12.449999809265137,12.260000228881836,12.380000114440918,9617,0.0,0.0
2024-08-16 12:30:00-04:00,12.375,12.40999984741211,12.300000190734863,12.354999542236328,5516,0.0,0.0
2024-08-16 13:30:00-04:00,12.390000343322754,12.465200424194336,12.34000015258789,12.465200424194336,13246,0.0,0.0
2024-08-16 14:30:00-04:00,12.479999542236328,12.59000015258789,12.449999809265137,12.449999809265137,65578,0.0,0.0
2024-08-16 15:30:00-04:00,12.430000305175781,12.434000015258789,12.229999542236328,12.25,31558,0.0,0.0
2024-08-19 09:30:00-04:00,12.239999771118164,12.569999694824219,12.239999771118164,12.460000038146973,19189,0.0,0.0
2024-08-19 10:30:00-04:00,12.430000305175781,12.449999809265137,12.09000015258789,12.3100004196167,25974,0.0,0.0
2024-08-19 11:30:00-04:00,12.300000190734863,12.34000015258789,12.199999809265137,12.319999694824219,9673,0.0,0.0
2024-08-19 12:30:00-04:00,12.319999694824219,12.479999542236328,12.3149995803833,12.399999618530273,9727,0.0,0.0
2024-08-19 13:30:00-04:00,12.390000343322754,12.460000038146973,12.3149995803833,12.451000213623047,6968,0.0,0.0
2024-08-19 14:30:00-04:00,12.479999542236328,12.489999771118164,12.369999885559082,12.380000114440918,12760,0.0,0.0
2024-08-19 15:30:00-04:00,12.369999885559082,12.5,12.319999694824219,12.489999771118164,25850,0.0,0.0
2024-08-20 09:30:00-04:00,12.489999771118164,12.75,12.404999732971191,12.699999809265137,49214,0.0,0.0
2024-08-20 10:30:00-04:00,12.729999542236328,13.1899995803833,12.630000114440918,13.039999961853027,117121,0.0,0.0
2024-08-20 11:30:00-04:00,13.010000228881836,13.010000228881836,12.8149995803833,12.949999809265137,40096,0.0,0.0
2024-08-20 12:30:00-04:00,12.9399995803833,13.050000190734863,12.819999694824219,12.895000457763672,37287,0.0,0.0
2024-08-20 13:30:00-04:00,12.949999809265137,13.050000190734863,12.84000015258789,13.039999961853027,28438,0.0,0.0
2024-08-20 14:30:00-04:00,13.050000190734863,13.520000457763672,13.050000190734863,13.460000038146973,98953,0.0,0.0
2024-08-20 15:30:00-04:00,13.489999771118164,13.619999885559082,13.289999961853027,13.529999732971191,323059,0.0,0.0
2024-08-21 09:30:00-04:00,13.680000305175781,13.949999809265137,13.600000381469727,13.680000305175781,27256,0.0,0.0
2024-08-21 10:30:00-04:00,13.479999542236328,13.770000457763672,13.449999809265137,13.770000457763672,20083,0.0,0.0
2024-08-21 11:30:00-04:00,13.789999961853027,14.069999694824219,13.670000076293945,13.770000457763672,44662,0.0,0.0
2024-08-21 12:30:00-04:00,13.771300315856934,13.9399995803833,13.770000457763672,13.895000457763672,9996,0.0,0.0
2024-08-21 13:30:00-04:00,13.920000076293945,14.336000442504883,13.920000076293945,14.318400382995605,18300,0.0,0.0
2024-08-21 14:30:00-04:00,14.329999923706055,14.390000343322754,13.755000114440918,14.0,33229,0.0,0.0
2024-08-21 15:30:00-04:00,13.920000076293945,13.979999542236328,13.609999656677246,13.850000381469727,95691,0.0,0.0
2024-08-22 09:30:00-04:00,14.0,14.199999809265137,13.6899995803833,14.079999923706055,16585,0.0,0.0
2024-08-22 10:30:00-04:00,14.039999961853027,14.039999961853027,13.869999885559082,13.885000228881836,15592,0.0,0.0
2024-08-22 11:30:00-04:00,13.890000343322754,13.930000305175781,13.699999809265137,13.890000343322754,9748,0.0,0.0
2024-08-22 12:30:00-04:00,13.890000343322754,13.890000343322754,13.520000457763672,13.585000038146973,29796,0.0,0.0
2024-08-22 13:30:00-04:00,13.460000038146973,13.574999809265137,13.34000015258789,13.390000343322754,10253,0.0,0.0
2024-08-22 14:30:00-04:00,13.399999618530273,13.5,13.399999618530273,13.414999961853027,11822,0.0,0.0
2024-08-22 15:30:00-04:00,13.430000305175781,13.430000305175781,13.229999542236328,13.319999694824219,26453,0.0,0.0
2024-08-23 09:30:00-04:00,13.4399995803833,13.869999885559082,13.329999923706055,13.789999961853027,27121,0.0,0.0
2024-08-23 10:30:00-04:00,13.880000114440918,13.880000114440918,13.539999961853027,13.600000381469727,17515,0.0,0.0
2024-08-23 11:30:00-04:00,13.5600004196167,13.680000305175781,13.545000076293945,13.630000114440918,13747,0.0,0.0
2024-08-23 12:30:00-04:00,13.649999618530273,13.729999542236328,13.5600004196167,13.5600004196167,9573,0.0,0.0
2024-08-23 13:30:00-04:00,13.539999961853027,13.670000076293945,13.529999732971191,13.529999732971191,10795,0.0,0.0
2024-08-23 14:30:00-04:00,13.5,13.75,13.479999542236328,13.75,11773,0.0,0.0
2024-08-23 15:30:00-04:00,13.75,13.789999961853027,13.640000343322754,13.739999771118164,36266,0.0,0.0
