Datetime,Open,High,Low,Close,Volume,Dividends,Stock Splits
2022-10-20 09:00:00+08:00,13.699999809265137,13.699999809265137,13.350000381469727,13.5,0,0.0,0.0
2022-10-20 10:00:00+08:00,13.550000190734863,13.550000190734863,13.5,13.5,5513,0.0,0.0
2022-10-20 12:00:00+08:00,13.600000381469727,13.600000381469727,13.600000381469727,13.600000381469727,1000,0.0,0.0
2022-10-20 13:00:00+08:00,13.600000381469727,14.0,13.600000381469727,14.0,4000,0.0,0.0
2022-10-21 09:00:00+08:00,13.600000381469727,13.600000381469727,13.600000381469727,13.600000381469727,0,0.0,0.0
2022-10-21 11:00:00+08:00,13.5,13.5,13.5,13.5,2000,0.0,0.0
2022-10-21 12:00:00+08:00,13.449999809265137,13.449999809265137,13.399999618530273,13.399999618530273,7000,0.0,0.0
2022-10-21 13:00:00+08:00,13.399999618530273,13.699999809265137,13.399999618530273,13.699999809265137,4000,0.0,0.0
2022-10-24 09:00:00+08:00,13.300000190734863,13.300000190734863,13.300000190734863,13.300000190734863,0,0.0,0.0
2022-10-24 10:00:00+08:00,13.600000381469727,13.649999618530273,13.600000381469727,13.649999618530273,2000,0.0,0.0
2022-10-24 11:00:00+08:00,13.300000190734863,13.550000190734863,13.300000190734863,13.550000190734863,2040,0.0,0.0
2022-10-24 12:00:00+08:00,13.5,13.5,13.5,13.5,1000,0.0,0.0
2022-10-25 09:00:00+08:00,12.800000190734863,13.0,12.800000190734863,13.0,4959,0.0,0.0
2022-10-25 11:00:00+08:00,12.899999618530273,12.899999618530273,12.899999618530273,12.899999618530273,5000,0.0,0.0
2022-10-25 13:00:00+08:00,12.899999618530273,12.899999618530273,12.899999618530273,12.899999618530273,1040,0.0,0.0
2022-10-26 09:00:00+08:00,12.550000190734863,12.550000190734863,12.550000190734863,12.550000190734863,0,0.0,0.0
2022-10-26 10:00:00+08:00,12.649999618530273,12.649999618530273,12.649999618530273,12.649999618530273,1000,0.0,0.0
2022-10-26 11:00:00+08:00,12.899999618530273,12.899999618530273,12.899999618530273,12.899999618530273,1000,0.0,0.0
2022-10-26 12:00:00+08:00,12.600000381469727,12.600000381469727,12.600000381469727,12.600000381469727,1000,0.0,0.0
2022-10-26 13:00:00+08:00,12.899999618530273,12.899999618530273,12.899999618530273,12.899999618530273,1174,0.0,0.0
2022-10-27 09:00:00+08:00,13.25,13.600000381469727,13.25,13.5,0,0.0,0.0
2022-10-27 10:00:00+08:00,13.449999809265137,13.449999809265137,13.449999809265137,13.449999809265137,1000,0.0,0.0
2022-10-28 10:00:00+08:00,13.100000381469727,13.100000381469727,12.899999618530273,12.899999618530273,1026,0.0,0.0
2022-10-28 11:00:00+08:00,12.949999809265137,12.949999809265137,12.899999618530273,12.899999618530273,2180,0.0,0.0
2022-10-28 12:00:00+08:00,12.899999618530273,12.899999618530273,12.899999618530273,12.899999618530273,2000,0.0,0.0
2022-10-28 13:00:00+08:00,12.899999618530273,12.899999618530273,12.800000190734863,12.800000190734863,10000,0.0,0.0
2022-10-31 09:00:00+08:00,12.25,12.25,12.25,12.25,0,0.0,0.0
2022-10-31 13:00:00+08:00,12.850000381469727,12.850000381469727,12.449999809265137,12.449999809265137,2031,0.0,0.0
2022-11-01 10:00:00+08:00,12.449999809265137,12.449999809265137,12.449999809265137,12.449999809265137,0,0.0,0.0
2022-11-01 12:00:00+08:00,12.449999809265137,12.449999809265137,12.449999809265137,12.449999809265137,1000,0.0,0.0
2022-11-02 11:00:00+08:00,12.199999809265137,12.399999618530273,12.199999809265137,12.399999618530273,1000,0.0,0.0
2022-11-02 13:00:00+08:00,12.399999618530273,12.399999618530273,12.399999618530273,12.399999618530273,1000,0.0,0.0
2022-11-03 10:00:00+08:00,12.300000190734863,12.300000190734863,12.300000190734863,12.300000190734863,0,0.0,0.0
2022-11-03 11:00:00+08:00,12.25,12.5,12.25,12.5,3000,0.0,0.0
2022-11-03 12:00:00+08:00,12.5,12.5,12.449999809265137,12.449999809265137,2000,0.0,0.0
2022-11-03 13:00:00+08:00,12.5,12.5,12.5,12.5,3000,0.0,0.0
2022-11-04 09:00:00+08:00,12.5,12.899999618530273,12.5,12.850000381469727,0,0.0,0.0
2022-11-04 10:00:00+08:00,12.850000381469727,12.850000381469727,12.850000381469727,12.850000381469727,1000,0.0,0.0
2022-11-04 11:00:00+08:00,12.850000381469727,12.899999618530273,12.850000381469727,12.899999618530273,11000,0.0,0.0
2022-11-04 12:00:00+08:00,12.800000190734863,12.800000190734863,12.800000190734863,12.800000190734863,2040,0.0,0.0
2022-11-04 13:00:00+08:00,13.100000381469727,13.100000381469727,13.100000381469727,13.100000381469727,2000,0.0,0.0
2022-11-07 09:00:00+08:00,13.550000190734863,13.550000190734863,13.550000190734863,13.550000190734863,0,0.0,0.0
2022-11-07 13:00:00+08:00,13.399999618530273,13.550000190734863,13.399999618530273,13.550000190734863,12001,0.0,0.0
2022-11-08 09:00:00+08:00,13.75,13.75,13.75,13.75,0,0.0,0.0
2022-11-08 10:00:00+08:00,13.550000190734863,13.550000190734863,13.550000190734863,13.550000190734863,2000,0.0,0.0
2022-11-08 12:00:00+08:00,13.5,13.699999809265137,13.5,13.699999809265137,2073,0.0,0.0
2022-11-08 13:00:00+08:00,13.699999809265137,13.699999809265137,13.699999809265137,13.699999809265137,2000,0.0,0.0
2022-11-09 09:00:00+08:00,13.25,13.25,13.25,13.25,0,0.0,0.0
2022-11-09 10:00:00+08:00,13.25,13.300000190734863,13.25,13.300000190734863,3000,0.0,0.0
2022-11-09 11:00:00+08:00,13.699999809265137,13.699999809265137,13.699999809265137,13.699999809265137,1000,0.0,0.0
2022-11-09 12:00:00+08:00,13.399999618530273,13.399999618530273,13.399999618530273,13.399999618530273,1000,0.0,0.0
2022-11-09 13:00:00+08:00,13.399999618530273,13.399999618530273,13.399999618530273,13.399999618530273,1000,0.0,0.0
2022-11-10 09:00:00+08:00,13.050000190734863,13.050000190734863,13.050000190734863,13.050000190734863,0,0.0,0.0
2022-11-11 09:00:00+08:00,13.75,13.75,13.75,13.75,0,0.0,0.0
2022-11-11 10:00:00+08:00,13.149999618530273,13.149999618530273,13.100000381469727,13.100000381469727,3000,0.0,0.0
2022-11-11 11:00:00+08:00,13.100000381469727,13.5,13.100000381469727,13.5,0,0.0,0.0
2022-11-14 09:00:00+08:00,13.100000381469727,13.100000381469727,13.100000381469727,13.100000381469727,0,0.0,0.0
2022-11-14 10:00:00+08:00,13.300000190734863,13.300000190734863,13.100000381469727,13.100000381469727,3000,0.0,0.0
2022-11-14 11:00:00+08:00,13.25,13.25,13.25,13.25,1000,0.0,0.0
2022-11-14 12:00:00+08:00,13.100000381469727,13.100000381469727,13.100000381469727,13.100000381469727,3000,0.0,0.0
2022-11-15 13:00:00+08:00,13.5,13.899999618530273,13.5,13.899999618530273,1000,0.0,0.0
2022-11-17 09:00:00+08:00,13.25,13.25,13.25,13.25,0,0.0,0.0
2022-11-17 10:00:00+08:00,13.100000381469727,13.100000381469727,13.0,13.0,5486,0.0,0.0
2022-11-17 11:00:00+08:00,13.100000381469727,13.649999618530273,13.100000381469727,13.649999618530273,7000,0.0,0.0
2022-11-18 09:00:00+08:00,13.300000190734863,13.300000190734863,13.300000190734863,13.300000190734863,0,0.0,0.0
2022-11-18 10:00:00+08:00,13.350000381469727,13.350000381469727,13.350000381469727,13.350000381469727,1000,0.0,0.0
2022-11-21 11:00:00+08:00,13.300000190734863,13.350000381469727,13.300000190734863,13.350000381469727,1000,0.0,0.0
2022-11-22 12:00:00+08:00,13.550000190734863,13.550000190734863,13.550000190734863,13.550000190734863,0,0.0,0.0
2022-11-23 09:00:00+08:00,13.300000190734863,13.300000190734863,13.300000190734863,13.300000190734863,0,0.0,0.0
2022-11-23 11:00:00+08:00,13.399999618530273,13.399999618530273,13.399999618530273,13.399999618530273,1000,0.0,0.0
2022-11-24 09:00:00+08:00,13.550000190734863,13.75,13.5,13.5,18000,0.0,0.0
2022-11-24 12:00:00+08:00,13.5,13.5,13.5,13.5,1000,0.0,0.0
2022-11-24 13:00:00+08:00,13.600000381469727,13.649999618530273,13.550000190734863,13.550000190734863,6000,0.0,0.0
2022-11-25 09:00:00+08:00,13.850000381469727,13.850000381469727,13.850000381469727,13.850000381469727,0,0.0,0.0
2022-11-28 09:00:00+08:00,14.149999618530273,14.149999618530273,14.149999618530273,14.149999618530273,0,0.0,0.0
2022-11-28 10:00:00+08:00,13.449999809265137,13.5,13.449999809265137,13.5,5000,0.0,0.0
2022-11-28 11:00:00+08:00,13.5,13.600000381469727,13.5,13.600000381469727,2396,0.0,0.0
2022-11-28 12:00:00+08:00,13.5,13.5,13.5,13.5,1000,0.0,0.0
2022-11-28 13:00:00+08:00,13.449999809265137,13.449999809265137,13.449999809265137,13.449999809265137,6000,0.0,0.0
2022-11-29 13:00:00+08:00,13.350000381469727,13.600000381469727,13.350000381469727,13.600000381469727,4000,0.0,0.0
2022-11-30 09:00:00+08:00,13.399999618530273,13.399999618530273,13.399999618530273,13.399999618530273,0,0.0,0.0
2022-11-30 10:00:00+08:00,13.449999809265137,13.800000190734863,13.399999618530273,13.800000190734863,4040,0.0,0.0
2022-11-30 11:00:00+08:00,13.75,13.850000381469727,13.75,13.800000190734863,4080,0.0,0.0
2022-11-30 12:00:00+08:00,13.800000190734863,13.850000381469727,13.649999618530273,13.850000381469727,0,0.0,0.0
2022-11-30 13:00:00+08:00,13.649999618530273,13.649999618530273,13.5,13.5,23120,0.0,0.0
2022-12-01 09:00:00+08:00,13.399999618530273,13.850000381469727,13.399999618530273,13.600000381469727,0,0.0,0.0
2022-12-01 10:00:00+08:00,13.600000381469727,13.600000381469727,13.600000381469727,13.600000381469727,1013,0.0,0.0
2022-12-01 11:00:00+08:00,13.600000381469727,13.600000381469727,13.600000381469727,13.600000381469727,1027,0.0,0.0
2022-12-01 12:00:00+08:00,13.600000381469727,13.699999809265137,13.600000381469727,13.699999809265137,4000,0.0,0.0
2022-12-02 09:00:00+08:00,13.899999618530273,13.899999618530273,13.550000190734863,13.550000190734863,0,0.0,0.0
2022-12-02 12:00:00+08:00,13.600000381469727,13.600000381469727,13.600000381469727,13.600000381469727,2080,0.0,0.0
2022-12-05 09:00:00+08:00,13.649999618530273,13.649999618530273,13.649999618530273,13.649999618530273,1724,0.0,0.0
2022-12-05 13:00:00+08:00,13.899999618530273,13.899999618530273,13.899999618530273,13.899999618530273,1000,0.0,0.0
2022-12-06 09:00:00+08:00,13.649999618530273,13.699999809265137,13.5,13.699999809265137,3326,0.0,0.0
2022-12-06 11:00:00+08:00,13.649999618530273,13.649999618530273,13.649999618530273,13.649999618530273,2000,0.0,0.0
2022-12-06 12:00:00+08:00,13.649999618530273,13.649999618530273,13.649999618530273,13.649999618530273,3352,0.0,0.0
2022-12-06 13:00:00+08:00,13.649999618530273,13.649999618530273,13.649999618530273,13.649999618530273,2000,0.0,0.0
2022-12-07 10:00:00+08:00,13.550000190734863,13.550000190734863,13.5,13.5,0,0.0,0.0
2022-12-07 11:00:00+08:00,13.5,13.5,13.449999809265137,13.449999809265137,2000,0.0,0.0
2022-12-07 12:00:00+08:00,13.5,13.5,13.5,13.5,4000,0.0,0.0
2022-12-08 10:00:00+08:00,13.75,13.75,13.75,13.75,1000,0.0,0.0
2022-12-08 11:00:00+08:00,13.75,13.75,13.5,13.5,8000,0.0,0.0
2022-12-09 10:00:00+08:00,13.550000190734863,13.600000381469727,13.550000190734863,13.600000381469727,2043,0.0,0.0
2022-12-09 11:00:00+08:00,13.600000381469727,13.600000381469727,13.600000381469727,13.600000381469727,8160,0.0,0.0
2022-12-09 12:00:00+08:00,13.600000381469727,13.600000381469727,13.600000381469727,13.600000381469727,2000,0.0,0.0
2022-12-12 10:00:00+08:00,13.399999618530273,13.399999618530273,13.399999618530273,13.399999618530273,0,0.0,0.0
2022-12-12 11:00:00+08:00,13.449999809265137,13.449999809265137,13.399999618530273,13.399999618530273,3000,0.0,0.0
2022-12-12 12:00:00+08:00,13.399999618530273,13.5,13.399999618530273,13.5,2000,0.0,0.0
2022-12-13 11:00:00+08:00,13.300000190734863,13.300000190734863,13.25,13.25,1120,0.0,0.0
2022-12-13 13:00:00+08:00,13.199999809265137,13.199999809265137,13.199999809265137,13.199999809265137,3002,0.0,0.0
2022-12-14 10:00:00+08:00,13.100000381469727,13.100000381469727,13.100000381469727,13.100000381469727,0,0.0,0.0
2022-12-14 11:00:00+08:00,13.350000381469727,13.399999618530273,13.350000381469727,13.399999618530273,2000,0.0,0.0
2022-12-14 12:00:00+08:00,13.25,13.25,13.199999809265137,13.199999809265137,2000,0.0,0.0
2022-12-15 09:00:00+08:00,12.850000381469727,12.850000381469727,12.850000381469727,12.850000381469727,0,0.0,0.0
2022-12-15 10:00:00+08:00,13.149999618530273,13.149999618530273,13.149999618530273,13.149999618530273,1000,0.0,0.0
2022-12-15 12:00:00+08:00,13.399999618530273,13.550000190734863,13.300000190734863,13.300000190734863,10000,0.0,0.0
2022-12-15 13:00:00+08:00,13.600000381469727,13.600000381469727,13.25,13.300000190734863,4000,0.0,0.0
2022-12-16 11:00:00+08:00,13.300000190734863,13.300000190734863,13.300000190734863,13.300000190734863,0,0.0,0.0
2022-12-16 12:00:00+08:00,13.25,13.25,13.25,13.25,2000,0.0,0.0
2022-12-19 11:00:00+08:00,12.899999618530273,12.899999618530273,12.899999618530273,12.899999618530273,0,0.0,0.0
2022-12-20 09:00:00+08:00,12.899999618530273,12.899999618530273,12.899999618530273,12.899999618530273,837,0.0,0.0
2022-12-20 11:00:00+08:00,12.949999809265137,12.949999809265137,12.949999809265137,12.949999809265137,1000,0.0,0.0
2022-12-20 12:00:00+08:00,13.050000190734863,13.050000190734863,13.050000190734863,13.050000190734863,1040,0.0,0.0
2022-12-21 09:00:00+08:00,13.449999809265137,13.5,13.449999809265137,13.5,0,0.0,0.0
2022-12-21 11:00:00+08:00,13.5,13.5,13.5,13.5,1030,0.0,0.0
2022-12-21 12:00:00+08:00,13.5,13.550000190734863,13.5,13.550000190734863,0,0.0,0.0
2022-12-21 13:00:00+08:00,13.600000381469727,13.600000381469727,13.600000381469727,13.600000381469727,15030,0.0,0.0
2022-12-22 11:00:00+08:00,13.5,13.5,13.5,13.5,0,0.0,0.0
2022-12-23 10:00:00+08:00,12.800000190734863,12.800000190734863,12.800000190734863,12.800000190734863,1520,0.0,0.0
2022-12-23 11:00:00+08:00,13.5,13.5,13.5,13.5,3120,0.0,0.0
2022-12-23 12:00:00+08:00,13.300000190734863,13.300000190734863,13.300000190734863,13.300000190734863,1360,0.0,0.0
2022-12-26 09:00:00+08:00,13.100000381469727,13.100000381469727,13.100000381469727,13.100000381469727,0,0.0,0.0
2022-12-26 11:00:00+08:00,13.0,13.0,13.0,13.0,2000,0.0,0.0
2022-12-26 12:00:00+08:00,13.300000190734863,13.300000190734863,13.300000190734863,13.300000190734863,1000,0.0,0.0
2022-12-27 09:00:00+08:00,13.399999618530273,13.399999618530273,13.399999618530273,13.399999618530273,0,0.0,0.0
2022-12-28 12:00:00+08:00,13.199999809265137,13.199999809265137,13.199999809265137,13.199999809265137,0,0.0,0.0
2022-12-29 10:00:00+08:00,13.300000190734863,13.300000190734863,13.300000190734863,13.300000190734863,0,0.0,0.0
2022-12-29 11:00:00+08:00,13.149999618530273,13.149999618530273,13.0,13.0,15000,0.0,0.0
2022-12-29 13:00:00+08:00,13.5,13.5,13.5,13.5,1000,0.0,0.0
2022-12-30 09:00:00+08:00,13.050000190734863,13.050000190734863,13.0,13.0,0,0.0,0.0
2022-12-30 10:00:00+08:00,13.0,13.0,13.0,13.0,1000,0.0,0.0
2022-12-30 13:00:00+08:00,13.199999809265137,13.350000381469727,13.199999809265137,13.350000381469727,3000,0.0,0.0
2023-01-03 11:00:00+08:00,13.300000190734863,13.300000190734863,13.300000190734863,13.300000190734863,0,0.0,0.0
2023-01-04 09:00:00+08:00,13.0,13.0,13.0,13.0,0,0.0,0.0
2023-01-05 09:00:00+08:00,12.899999618530273,13.25,12.899999618530273,13.199999809265137,3000,0.0,0.0
2023-01-09 09:00:00+08:00,13.350000381469727,13.350000381469727,13.350000381469727,13.350000381469727,0,0.0,0.0
2023-01-09 10:00:00+08:00,13.350000381469727,13.350000381469727,13.199999809265137,13.199999809265137,4000,0.0,0.0
2023-01-09 12:00:00+08:00,13.050000190734863,13.050000190734863,13.050000190734863,13.050000190734863,2001,0.0,0.0
2023-01-09 13:00:00+08:00,13.0,13.0,13.0,13.0,5000,0.0,0.0
2023-01-10 11:00:00+08:00,13.199999809265137,13.550000190734863,13.199999809265137,13.550000190734863,3000,0.0,0.0
2023-01-10 12:00:00+08:00,13.449999809265137,13.449999809265137,13.449999809265137,13.449999809265137,1000,0.0,0.0
2023-01-11 11:00:00+08:00,13.050000190734863,13.050000190734863,13.050000190734863,13.050000190734863,0,0.0,0.0
2023-01-11 13:00:00+08:00,13.449999809265137,13.449999809265137,13.449999809265137,13.449999809265137,1000,0.0,0.0
2023-01-12 11:00:00+08:00,13.0,13.0,13.0,13.0,940,0.0,0.0
2023-01-12 12:00:00+08:00,12.949999809265137,13.449999809265137,12.949999809265137,13.449999809265137,4040,0.0,0.0
2023-01-13 11:00:00+08:00,13.0,13.0,13.0,13.0,0,0.0,0.0
2023-01-13 12:00:00+08:00,13.149999618530273,13.149999618530273,13.149999618530273,13.149999618530273,1000,0.0,0.0
2023-01-16 09:00:00+08:00,13.199999809265137,13.199999809265137,13.199999809265137,13.199999809265137,0,0.0,0.0
2023-01-16 11:00:00+08:00,13.0,13.0,13.0,13.0,2000,0.0,0.0
2023-01-16 12:00:00+08:00,13.0,13.100000381469727,12.800000190734863,13.100000381469727,6571,0.0,0.0
2023-01-30 10:00:00+08:00,12.800000190734863,12.800000190734863,12.800000190734863,12.800000190734863,1027,0.0,0.0
2023-01-30 11:00:00+08:00,12.850000381469727,12.850000381469727,12.850000381469727,12.850000381469727,1000,0.0,0.0
2023-01-30 12:00:00+08:00,12.850000381469727,13.0,12.850000381469727,13.0,3000,0.0,0.0
2023-01-30 13:00:00+08:00,13.0,13.0,13.0,13.0,1000,0.0,0.0
2023-01-31 09:00:00+08:00,13.300000190734863,13.350000381469727,13.300000190734863,13.350000381469727,0,0.0,0.0
2023-01-31 12:00:00+08:00,13.100000381469727,13.100000381469727,13.100000381469727,13.100000381469727,3000,0.0,0.0
2023-02-01 10:00:00+08:00,13.0,13.0,12.899999618530273,12.899999618530273,9000,0.0,0.0
2023-02-01 11:00:00+08:00,12.899999618530273,12.899999618530273,12.899999618530273,12.899999618530273,2000,0.0,0.0
2023-02-01 12:00:00+08:00,13.0,13.0,13.0,13.0,7000,0.0,0.0
2023-02-01 13:00:00+08:00,13.0,13.0,13.0,13.0,1000,0.0,0.0
2023-02-02 10:00:00+08:00,13.100000381469727,13.100000381469727,13.0,13.0,4240,0.0,0.0
2023-02-02 12:00:00+08:00,13.100000381469727,13.100000381469727,12.800000190734863,12.800000190734863,12000,0.0,0.0
2023-02-02 13:00:00+08:00,13.0,13.0,13.0,13.0,1000,0.0,0.0
2023-02-03 09:00:00+08:00,13.100000381469727,13.100000381469727,13.100000381469727,13.100000381469727,0,0.0,0.0
2023-02-03 10:00:00+08:00,13.100000381469727,13.100000381469727,13.100000381469727,13.100000381469727,10267,0.0,0.0
2023-02-03 12:00:00+08:00,13.100000381469727,13.100000381469727,13.100000381469727,13.100000381469727,2000,0.0,0.0
2023-02-06 10:00:00+08:00,13.0,13.0,13.0,13.0,0,0.0,0.0
2023-02-06 11:00:00+08:00,13.0,13.199999809265137,13.0,13.199999809265137,8000,0.0,0.0
2023-02-06 12:00:00+08:00,13.199999809265137,13.199999809265137,13.100000381469727,13.100000381469727,11000,0.0,0.0
2023-02-06 13:00:00+08:00,13.100000381469727,13.100000381469727,13.100000381469727,13.100000381469727,10000,0.0,0.0
2023-02-07 09:00:00+08:00,13.100000381469727,13.199999809265137,13.0,13.199999809265137,6600,0.0,0.0
2023-02-07 10:00:00+08:00,13.300000190734863,13.300000190734863,13.199999809265137,13.199999809265137,3000,0.0,0.0
2023-02-07 12:00:00+08:00,13.199999809265137,13.199999809265137,13.199999809265137,13.199999809265137,3000,0.0,0.0
2023-02-07 13:00:00+08:00,13.199999809265137,13.199999809265137,13.199999809265137,13.199999809265137,5000,0.0,0.0
2023-02-08 09:00:00+08:00,13.149999618530273,13.149999618530273,13.100000381469727,13.100000381469727,0,0.0,0.0
2023-02-08 10:00:00+08:00,13.199999809265137,13.300000190734863,13.199999809265137,13.300000190734863,26000,0.0,0.0
2023-02-08 11:00:00+08:00,13.300000190734863,13.300000190734863,13.25,13.25,6000,0.0,0.0
2023-02-08 13:00:00+08:00,13.25,13.399999618530273,13.25,13.399999618530273,10000,0.0,0.0
2023-02-09 09:00:00+08:00,13.100000381469727,13.100000381469727,13.050000190734863,13.100000381469727,0,0.0,0.0
2023-02-09 11:00:00+08:00,13.149999618530273,13.149999618530273,13.149999618530273,13.149999618530273,2000,0.0,0.0
2023-02-09 12:00:00+08:00,13.399999618530273,13.699999809265137,13.399999618530273,13.699999809265137,11000,0.0,0.0
2023-02-09 13:00:00+08:00,13.649999618530273,13.649999618530273,13.649999618530273,13.649999618530273,2000,0.0,0.0
2023-02-10 09:00:00+08:00,13.75,13.75,13.75,13.75,0,0.0,0.0
2023-02-10 10:00:00+08:00,13.800000190734863,13.800000190734863,13.75,13.800000190734863,6000,0.0,0.0
2023-02-10 13:00:00+08:00,13.75,13.800000190734863,13.75,13.800000190734863,12000,0.0,0.0
2023-02-13 09:00:00+08:00,14.0,14.0,13.199999809265137,13.300000190734863,0,0.0,0.0
2023-02-13 10:00:00+08:00,13.300000190734863,13.300000190734863,13.300000190734863,13.300000190734863,3000,0.0,0.0
2023-02-13 11:00:00+08:00,13.350000381469727,13.350000381469727,13.350000381469727,13.350000381469727,5000,0.0,0.0
2023-02-13 12:00:00+08:00,13.399999618530273,13.399999618530273,13.399999618530273,13.399999618530273,3000,0.0,0.0
2023-02-13 13:00:00+08:00,13.399999618530273,13.850000381469727,13.399999618530273,13.850000381469727,3000,0.0,0.0
2023-02-14 09:00:00+08:00,13.300000190734863,13.300000190734863,13.300000190734863,13.300000190734863,0,0.0,0.0
2023-02-14 11:00:00+08:00,13.350000381469727,13.350000381469727,13.100000381469727,13.100000381469727,11000,0.0,0.0
2023-02-14 12:00:00+08:00,13.350000381469727,13.399999618530273,13.199999809265137,13.399999618530273,5000,0.0,0.0
2023-02-15 09:00:00+08:00,13.25,13.399999618530273,13.25,13.399999618530273,0,0.0,0.0
2023-02-15 10:00:00+08:00,13.399999618530273,13.399999618530273,13.399999618530273,13.399999618530273,3000,0.0,0.0
2023-02-15 11:00:00+08:00,13.399999618530273,13.399999618530273,13.399999618530273,13.399999618530273,10000,0.0,0.0
2023-02-15 12:00:00+08:00,13.300000190734863,13.300000190734863,13.300000190734863,13.300000190734863,2025,0.0,0.0
2023-02-15 13:00:00+08:00,13.5,13.5,13.399999618530273,13.399999618530273,4000,0.0,0.0
2023-02-16 10:00:00+08:00,13.800000190734863,13.800000190734863,13.800000190734863,13.800000190734863,0,0.0,0.0
2023-02-16 11:00:00+08:00,13.399999618530273,13.399999618530273,13.399999618530273,13.399999618530273,2000,0.0,0.0
2023-02-16 12:00:00+08:00,13.399999618530273,13.399999618530273,13.399999618530273,13.399999618530273,5050,0.0,0.0
2023-02-16 13:00:00+08:00,13.399999618530273,13.399999618530273,13.399999618530273,13.399999618530273,2000,0.0,0.0
2023-02-17 09:00:00+08:00,13.199999809265137,13.199999809265137,13.199999809265137,13.199999809265137,0,0.0,0.0
2023-02-17 11:00:00+08:00,13.350000381469727,13.350000381469727,13.350000381469727,13.350000381469727,0,0.0,0.0
2023-02-17 12:00:00+08:00,13.350000381469727,13.350000381469727,13.350000381469727,13.350000381469727,6200,0.0,0.0
2023-02-20 09:00:00+08:00,13.399999618530273,13.5,13.399999618530273,13.399999618530273,9800,0.0,0.0
2023-02-20 10:00:00+08:00,13.399999618530273,13.399999618530273,13.399999618530273,13.399999618530273,7000,0.0,0.0
2023-02-20 11:00:00+08:00,13.399999618530273,13.449999809265137,13.399999618530273,13.399999618530273,24000,0.0,0.0
2023-02-20 12:00:00+08:00,13.399999618530273,13.699999809265137,13.399999618530273,13.699999809265137,11240,0.0,0.0
2023-02-21 09:00:00+08:00,13.800000190734863,13.800000190734863,13.399999618530273,13.5,0,0.0,0.0
2023-02-21 10:00:00+08:00,13.5,13.5,13.5,13.5,5000,0.0,0.0
2023-02-21 11:00:00+08:00,13.550000190734863,13.649999618530273,13.5,13.649999618530273,14000,0.0,0.0
2023-02-21 12:00:00+08:00,13.649999618530273,13.649999618530273,13.5,13.5,4000,0.0,0.0
2023-02-21 13:00:00+08:00,13.600000381469727,13.600000381469727,13.5,13.5,10000,0.0,0.0
2023-02-22 09:00:00+08:00,13.649999618530273,13.649999618530273,13.300000190734863,13.350000381469727,0,0.0,0.0
2023-02-22 10:00:00+08:00,13.550000190734863,13.550000190734863,13.399999618530273,13.399999618530273,8000,0.0,0.0
2023-02-22 11:00:00+08:00,13.449999809265137,13.449999809265137,13.449999809265137,13.449999809265137,1000,0.0,0.0
2023-02-22 12:00:00+08:00,13.5,13.550000190734863,13.399999618530273,13.550000190734863,11000,0.0,0.0
2023-02-22 13:00:00+08:00,13.649999618530273,13.649999618530273,13.649999618530273,13.649999618530273,4000,0.0,0.0
2023-02-23 09:00:00+08:00,13.449999809265137,13.449999809265137,13.449999809265137,13.449999809265137,0,0.0,0.0
2023-02-23 10:00:00+08:00,13.5,13.5,13.5,13.5,4000,0.0,0.0
2023-02-23 11:00:00+08:00,13.5,13.5,13.5,13.5,3001,0.0,0.0
2023-02-23 12:00:00+08:00,13.5,13.550000190734863,13.5,13.550000190734863,5400,0.0,0.0
2023-02-23 13:00:00+08:00,13.600000381469727,13.850000381469727,13.600000381469727,13.850000381469727,5000,0.0,0.0
2023-03-02 09:00:00+08:00,13.5,13.5,13.5,13.5,0,0.0,0.0
2023-03-02 10:00:00+08:00,13.399999618530273,13.399999618530273,13.350000381469727,13.350000381469727,8200,0.0,0.0
2023-03-02 11:00:00+08:00,13.449999809265137,13.5,13.449999809265137,13.5,9000,0.0,0.0
2023-03-02 12:00:00+08:00,13.5,13.5,13.5,13.5,3000,0.0,0.0
2023-03-02 13:00:00+08:00,13.449999809265137,13.449999809265137,13.449999809265137,13.449999809265137,1000,0.0,0.0
2023-03-03 09:00:00+08:00,13.699999809265137,13.699999809265137,13.699999809265137,13.699999809265137,0,0.0,0.0
2023-03-03 12:00:00+08:00,13.600000381469727,13.600000381469727,13.600000381469727,13.600000381469727,1000,0.0,0.0
2023-03-06 09:00:00+08:00,13.5,13.5,13.5,13.5,9000,0.0,0.0
2023-03-06 10:00:00+08:00,13.5,13.5,13.5,13.5,11000,0.0,0.0
2023-03-06 11:00:00+08:00,13.5,13.5,13.5,13.5,4070,0.0,0.0
2023-03-07 09:00:00+08:00,13.5,13.649999618530273,13.5,13.550000190734863,0,0.0,0.0
2023-03-07 10:00:00+08:00,13.550000190734863,13.600000381469727,13.550000190734863,13.600000381469727,33000,0.0,0.0
2023-03-07 11:00:00+08:00,13.550000190734863,13.699999809265137,13.550000190734863,13.699999809265137,15000,0.0,0.0
2023-03-07 12:00:00+08:00,13.699999809265137,13.699999809265137,13.699999809265137,13.699999809265137,5000,0.0,0.0
2023-03-07 13:00:00+08:00,13.699999809265137,13.699999809265137,13.699999809265137,13.699999809265137,1000,0.0,0.0
2023-03-08 09:00:00+08:00,13.75,15.050000190734863,13.75,15.050000190734863,47414,0.0,0.0
2023-03-08 10:00:00+08:00,15.050000190734863,15.050000190734863,15.050000190734863,15.050000190734863,22120,0.0,0.0
2023-03-08 11:00:00+08:00,15.050000190734863,15.050000190734863,15.050000190734863,15.050000190734863,36000,0.0,0.0
2023-03-08 12:00:00+08:00,15.050000190734863,15.050000190734863,15.050000190734863,15.050000190734863,53000,0.0,0.0
2023-03-09 09:00:00+08:00,16.100000381469727,16.350000381469727,15.050000190734863,15.199999809265137,43525,0.0,0.0
2023-03-09 10:00:00+08:00,15.550000190734863,15.550000190734863,15.100000381469727,15.199999809265137,39000,0.0,0.0
2023-03-09 11:00:00+08:00,15.199999809265137,15.5,15.199999809265137,15.449999809265137,19000,0.0,0.0
2023-03-09 12:00:00+08:00,15.399999618530273,15.449999809265137,15.199999809265137,15.449999809265137,30040,0.0,0.0
2023-03-09 13:00:00+08:00,15.199999809265137,15.350000381469727,15.199999809265137,15.350000381469727,9000,0.0,0.0
2023-03-10 09:00:00+08:00,15.399999618530273,15.399999618530273,14.550000190734863,15.0,0,0.0,0.0
2023-03-10 10:00:00+08:00,14.699999809265137,14.800000190734863,14.699999809265137,14.75,4000,0.0,0.0
2023-03-10 11:00:00+08:00,14.800000190734863,14.800000190734863,14.75,14.75,4020,0.0,0.0
2023-03-10 12:00:00+08:00,14.800000190734863,14.800000190734863,14.800000190734863,14.800000190734863,3000,0.0,0.0
2023-03-10 13:00:00+08:00,14.800000190734863,15.25,14.75,15.25,28500,0.0,0.0
2023-03-13 09:00:00+08:00,15.0,15.199999809265137,15.0,15.199999809265137,0,0.0,0.0
2023-03-13 10:00:00+08:00,15.0,15.0,14.75,14.75,8000,0.0,0.0
2023-03-13 11:00:00+08:00,15.0,15.149999618530273,15.0,15.149999618530273,3000,0.0,0.0
2023-03-13 12:00:00+08:00,15.100000381469727,15.100000381469727,15.100000381469727,15.100000381469727,3093,0.0,0.0
2023-03-13 13:00:00+08:00,14.899999618530273,15.100000381469727,14.75,15.100000381469727,13000,0.0,0.0
2023-03-14 09:00:00+08:00,14.300000190734863,14.550000190734863,14.300000190734863,14.550000190734863,0,0.0,0.0
2023-03-14 10:00:00+08:00,14.550000190734863,14.550000190734863,14.300000190734863,14.300000190734863,7220,0.0,0.0
2023-03-14 12:00:00+08:00,14.25,14.25,13.850000381469727,14.25,13000,0.0,0.0
2023-03-14 13:00:00+08:00,14.199999809265137,14.449999809265137,14.199999809265137,14.449999809265137,6000,0.0,0.0
2023-03-15 09:00:00+08:00,14.050000190734863,14.449999809265137,14.050000190734863,14.449999809265137,0,0.0,0.0
2023-03-15 11:00:00+08:00,14.449999809265137,14.5,14.449999809265137,14.5,4000,0.0,0.0
2023-03-15 12:00:00+08:00,14.600000381469727,14.600000381469727,14.550000190734863,14.550000190734863,0,0.0,0.0
2023-03-17 09:00:00+08:00,14.0,14.550000190734863,14.0,14.5,8000,0.0,0.0
2023-03-17 10:00:00+08:00,14.5,14.5,14.5,14.5,1000,0.0,0.0
2023-03-17 11:00:00+08:00,14.350000381469727,14.5,14.350000381469727,14.5,3000,0.0,0.0
2023-03-17 12:00:00+08:00,14.5,14.649999618530273,14.300000190734863,14.600000381469727,11000,0.0,0.0
2023-03-20 09:00:00+08:00,14.199999809265137,14.199999809265137,14.199999809265137,14.199999809265137,0,0.0,0.0
2023-03-20 11:00:00+08:00,14.199999809265137,14.199999809265137,14.199999809265137,14.199999809265137,4000,0.0,0.0
2023-03-20 12:00:00+08:00,14.199999809265137,14.550000190734863,14.199999809265137,14.550000190734863,5000,0.0,0.0
2023-03-21 09:00:00+08:00,14.199999809265137,14.5,14.199999809265137,14.5,0,0.0,0.0
2023-03-21 10:00:00+08:00,14.5,14.5,14.5,14.5,1000,0.0,0.0
2023-03-21 11:00:00+08:00,14.199999809265137,14.199999809265137,14.199999809265137,14.199999809265137,1000,0.0,0.0
2023-03-22 09:00:00+08:00,14.449999809265137,14.449999809265137,14.449999809265137,14.449999809265137,0,0.0,0.0
2023-03-22 10:00:00+08:00,14.449999809265137,14.449999809265137,14.449999809265137,14.449999809265137,8000,0.0,0.0
2023-03-22 11:00:00+08:00,14.449999809265137,14.449999809265137,14.449999809265137,14.449999809265137,2000,0.0,0.0
2023-03-22 12:00:00+08:00,14.350000381469727,14.399999618530273,14.350000381469727,14.399999618530273,8000,0.0,0.0
2023-03-22 13:00:00+08:00,14.399999618530273,14.399999618530273,14.399999618530273,14.399999618530273,1000,0.0,0.0
2023-03-23 09:00:00+08:00,14.399999618530273,14.399999618530273,14.399999618530273,14.399999618530273,0,0.0,0.0
2023-03-23 11:00:00+08:00,14.149999618530273,14.149999618530273,13.899999618530273,14.0,8000,0.0,0.0
2023-03-23 12:00:00+08:00,14.100000381469727,14.100000381469727,14.100000381469727,14.100000381469727,2000,0.0,0.0
2023-03-23 13:00:00+08:00,14.300000190734863,14.350000381469727,14.100000381469727,14.350000381469727,4200,0.0,0.0
2023-03-24 09:00:00+08:00,14.25,14.25,14.050000190734863,14.25,0,0.0,0.0
2023-03-24 10:00:00+08:00,14.149999618530273,14.25,14.149999618530273,14.25,3000,0.0,0.0
2023-03-24 11:00:00+08:00,14.199999809265137,14.199999809265137,14.199999809265137,14.199999809265137,2100,0.0,0.0
2023-03-24 12:00:00+08:00,14.0,14.25,14.0,14.25,4150,0.0,0.0
2023-03-24 13:00:00+08:00,14.100000381469727,14.100000381469727,14.100000381469727,14.100000381469727,1200,0.0,0.0
2023-03-27 09:00:00+08:00,14.300000190734863,14.399999618530273,14.300000190734863,14.399999618530273,0,0.0,0.0
2023-03-27 10:00:00+08:00,14.300000190734863,14.5,14.300000190734863,14.449999809265137,22104,0.0,0.0
2023-03-27 12:00:00+08:00,14.350000381469727,14.350000381469727,14.25,14.25,10000,0.0,0.0
2023-03-28 10:00:00+08:00,14.100000381469727,14.149999618530273,14.100000381469727,14.149999618530273,1000,0.0,0.0
2023-03-28 11:00:00+08:00,14.199999809265137,14.199999809265137,14.199999809265137,14.199999809265137,2000,0.0,0.0
2023-03-30 09:00:00+08:00,14.350000381469727,14.350000381469727,14.100000381469727,14.100000381469727,2926,0.0,0.0
2023-03-30 10:00:00+08:00,14.050000190734863,14.050000190734863,14.050000190734863,14.050000190734863,1033,0.0,0.0
2023-03-30 11:00:00+08:00,14.100000381469727,14.100000381469727,14.100000381469727,14.100000381469727,3000,0.0,0.0
2023-03-30 12:00:00+08:00,14.100000381469727,14.100000381469727,14.100000381469727,14.100000381469727,3000,0.0,0.0
2023-03-31 09:00:00+08:00,14.100000381469727,14.100000381469727,14.100000381469727,14.100000381469727,0,0.0,0.0
2023-03-31 11:00:00+08:00,14.0,14.100000381469727,14.0,14.100000381469727,4000,0.0,0.0
2023-03-31 12:00:00+08:00,14.100000381469727,14.100000381469727,14.100000381469727,14.100000381469727,1000,0.0,0.0
2023-03-31 13:00:00+08:00,14.25,14.25,14.25,14.25,1000,0.0,0.0
2023-04-07 11:00:00+08:00,14.0,14.0,13.899999618530273,13.899999618530273,1000,0.0,0.0
2023-04-07 12:00:00+08:00,13.949999809265137,13.949999809265137,13.899999618530273,13.899999618530273,3000,0.0,0.0
2023-04-07 13:00:00+08:00,14.25,14.25,14.25,14.25,1000,0.0,0.0
2023-04-10 09:00:00+08:00,13.949999809265137,14.0,13.949999809265137,14.0,0,0.0,0.0
2023-04-10 10:00:00+08:00,14.199999809265137,14.199999809265137,14.199999809265137,14.199999809265137,2000,0.0,0.0
2023-04-10 11:00:00+08:00,14.050000190734863,14.050000190734863,14.0,14.0,4000,0.0,0.0
2023-04-10 12:00:00+08:00,14.0,14.0,14.0,14.0,2080,0.0,0.0
2023-04-10 13:00:00+08:00,14.300000190734863,14.300000190734863,13.949999809265137,14.300000190734863,3000,0.0,0.0
2023-04-11 09:00:00+08:00,14.050000190734863,14.149999618530273,13.800000190734863,14.149999618530273,0,0.0,0.0
2023-04-11 10:00:00+08:00,14.149999618530273,14.199999809265137,14.149999618530273,14.199999809265137,3050,0.0,0.0
2023-04-11 12:00:00+08:00,14.0,14.0,14.0,14.0,2000,0.0,0.0
2023-04-11 13:00:00+08:00,14.199999809265137,14.199999809265137,14.199999809265137,14.199999809265137,1126,0.0,0.0
2023-04-12 10:00:00+08:00,14.050000190734863,14.050000190734863,14.050000190734863,14.050000190734863,0,0.0,0.0
2023-04-12 12:00:00+08:00,14.050000190734863,14.050000190734863,14.0,14.0,4160,0.0,0.0
2023-04-12 13:00:00+08:00,14.149999618530273,14.149999618530273,14.149999618530273,14.149999618530273,1000,0.0,0.0
2023-04-13 09:00:00+08:00,14.0,14.100000381469727,13.899999618530273,14.100000381469727,5840,0.0,0.0
2023-04-13 10:00:00+08:00,14.100000381469727,14.100000381469727,13.949999809265137,13.949999809265137,4116,0.0,0.0
2023-04-13 12:00:00+08:00,13.949999809265137,13.949999809265137,13.899999618530273,13.899999618530273,15000,0.0,0.0
2023-04-13 13:00:00+08:00,14.100000381469727,14.100000381469727,13.800000190734863,13.800000190734863,14000,0.0,0.0
2023-04-14 09:00:00+08:00,13.899999618530273,13.899999618530273,13.899999618530273,13.899999618530273,0,0.0,0.0
2023-04-14 10:00:00+08:00,14.0,14.0,13.75,13.800000190734863,12000,0.0,0.0
2023-04-14 11:00:00+08:00,13.899999618530273,13.899999618530273,13.800000190734863,13.800000190734863,16000,0.0,0.0
2023-04-14 12:00:00+08:00,13.800000190734863,13.800000190734863,13.800000190734863,13.800000190734863,5156,0.0,0.0
2023-04-17 10:00:00+08:00,13.949999809265137,13.949999809265137,13.949999809265137,13.949999809265137,0,0.0,0.0
2023-04-17 12:00:00+08:00,13.600000381469727,13.600000381469727,13.600000381469727,13.600000381469727,1000,0.0,0.0
2023-04-17 13:00:00+08:00,13.949999809265137,13.949999809265137,13.899999618530273,13.899999618530273,2000,0.0,0.0
2023-04-18 11:00:00+08:00,13.949999809265137,13.949999809265137,13.949999809265137,13.949999809265137,0,0.0,0.0
2023-04-18 12:00:00+08:00,14.050000190734863,14.050000190734863,13.699999809265137,13.800000190734863,5000,0.0,0.0
2023-04-18 13:00:00+08:00,13.699999809265137,13.699999809265137,13.699999809265137,13.699999809265137,4000,0.0,0.0
2023-04-20 10:00:00+08:00,13.75,14.0,13.75,14.0,7000,0.0,0.0
2023-04-20 11:00:00+08:00,13.800000190734863,13.800000190734863,13.800000190734863,13.800000190734863,2000,0.0,0.0
2023-04-20 12:00:00+08:00,13.800000190734863,13.800000190734863,13.800000190734863,13.800000190734863,1000,0.0,0.0
2023-04-20 13:00:00+08:00,13.800000190734863,13.800000190734863,13.800000190734863,13.800000190734863,1000,0.0,0.0
2023-04-21 11:00:00+08:00,13.699999809265137,13.699999809265137,13.699999809265137,13.699999809265137,0,0.0,0.0
2023-04-24 12:00:00+08:00,13.800000190734863,13.800000190734863,13.800000190734863,13.800000190734863,2000,0.0,0.0
2023-04-25 12:00:00+08:00,13.600000381469727,13.600000381469727,13.600000381469727,13.600000381469727,2040,0.0,0.0
2023-04-25 13:00:00+08:00,13.600000381469727,13.600000381469727,13.600000381469727,13.600000381469727,3000,0.0,0.0
2023-04-27 10:00:00+08:00,13.550000190734863,13.550000190734863,13.550000190734863,13.550000190734863,0,0.0,0.0
2023-04-27 11:00:00+08:00,13.600000381469727,13.600000381469727,13.600000381469727,13.600000381469727,5040,0.0,0.0
2023-04-27 12:00:00+08:00,13.949999809265137,14.0,13.949999809265137,14.0,3000,0.0,0.0
2023-04-28 09:00:00+08:00,13.800000190734863,13.899999618530273,13.800000190734863,13.899999618530273,0,0.0,0.0
2023-04-28 10:00:00+08:00,13.800000190734863,13.800000190734863,13.699999809265137,13.699999809265137,6000,0.0,0.0
2023-04-28 12:00:00+08:00,13.949999809265137,13.949999809265137,13.949999809265137,13.949999809265137,1000,0.0,0.0
2023-04-28 13:00:00+08:00,13.699999809265137,13.949999809265137,13.699999809265137,13.949999809265137,6000,0.0,0.0
2023-05-02 09:00:00+08:00,14.050000190734863,14.050000190734863,14.050000190734863,14.050000190734863,0,0.0,0.0
2023-05-02 11:00:00+08:00,14.0,14.100000381469727,14.0,14.100000381469727,22176,0.0,0.0
2023-05-02 12:00:00+08:00,14.100000381469727,14.100000381469727,14.100000381469727,14.100000381469727,1023,0.0,0.0
2023-05-02 13:00:00+08:00,13.800000190734863,14.300000190734863,13.800000190734863,14.300000190734863,2000,0.0,0.0
2023-05-03 09:00:00+08:00,14.25,14.25,14.25,14.25,0,0.0,0.0
2023-05-04 11:00:00+08:00,14.100000381469727,14.100000381469727,14.100000381469727,14.100000381469727,0,0.0,0.0
2023-05-04 12:00:00+08:00,14.100000381469727,14.199999809265137,14.100000381469727,14.199999809265137,9023,0.0,0.0
2023-05-05 09:00:00+08:00,14.199999809265137,14.199999809265137,14.199999809265137,14.199999809265137,0,0.0,0.0
2023-05-05 10:00:00+08:00,14.149999618530273,14.149999618530273,14.149999618530273,14.149999618530273,1000,0.0,0.0
2023-05-05 11:00:00+08:00,14.0,14.0,13.949999809265137,13.949999809265137,5000,0.0,0.0
2023-05-05 13:00:00+08:00,14.100000381469727,14.100000381469727,14.100000381469727,14.100000381469727,1000,0.0,0.0
2023-05-08 11:00:00+08:00,13.75,13.75,13.75,13.75,0,0.0,0.0
2023-05-08 12:00:00+08:00,13.800000190734863,13.800000190734863,13.800000190734863,13.800000190734863,2000,0.0,0.0
2023-05-08 13:00:00+08:00,13.800000190734863,13.800000190734863,13.800000190734863,13.800000190734863,1000,0.0,0.0
2023-05-09 09:00:00+08:00,13.75,13.75,13.699999809265137,13.699999809265137,3021,0.0,0.0
2023-05-09 12:00:00+08:00,13.899999618530273,14.0,13.899999618530273,14.0,4000,0.0,0.0
2023-05-09 13:00:00+08:00,14.199999809265137,14.199999809265137,14.199999809265137,14.199999809265137,1000,0.0,0.0
2023-05-10 10:00:00+08:00,13.899999618530273,13.899999618530273,13.899999618530273,13.899999618530273,2000,0.0,0.0
2023-05-10 11:00:00+08:00,13.899999618530273,13.899999618530273,13.899999618530273,13.899999618530273,1057,0.0,0.0
2023-05-10 12:00:00+08:00,13.800000190734863,13.800000190734863,13.75,13.75,4032,0.0,0.0
2023-05-10 13:00:00+08:00,14.0,14.0,14.0,14.0,1000,0.0,0.0
2023-05-11 09:00:00+08:00,15.199999809265137,15.350000381469727,14.800000190734863,15.0,23840,0.0,0.0
2023-05-11 10:00:00+08:00,14.75,14.75,14.100000381469727,14.300000190734863,17000,0.0,0.0
2023-05-11 11:00:00+08:00,14.399999618530273,14.600000381469727,14.399999618530273,14.600000381469727,4000,0.0,0.0
2023-05-11 12:00:00+08:00,14.5,14.699999809265137,14.199999809265137,14.5,15000,0.0,0.0
2023-05-11 13:00:00+08:00,14.5,14.5,14.5,14.5,10005,0.0,0.0
2023-05-12 09:00:00+08:00,14.0,14.199999809265137,14.0,14.199999809265137,0,0.0,0.0
2023-05-12 11:00:00+08:00,14.199999809265137,14.199999809265137,14.199999809265137,14.199999809265137,1000,0.0,0.0
2023-05-12 13:00:00+08:00,14.199999809265137,14.199999809265137,14.149999618530273,14.149999618530273,2000,0.0,0.0
2023-05-15 09:00:00+08:00,14.5,14.5,14.300000190734863,14.399999618530273,8000,0.0,0.0
2023-05-15 10:00:00+08:00,14.199999809265137,14.199999809265137,14.199999809265137,14.199999809265137,3000,0.0,0.0
2023-05-15 11:00:00+08:00,14.199999809265137,14.5,14.199999809265137,14.5,6000,0.0,0.0
2023-05-15 12:00:00+08:00,14.449999809265137,14.449999809265137,14.199999809265137,14.199999809265137,6000,0.0,0.0
2023-05-15 13:00:00+08:00,14.149999618530273,14.149999618530273,14.100000381469727,14.100000381469727,0,0.0,0.0
2023-05-16 09:00:00+08:00,14.550000190734863,14.550000190734863,14.100000381469727,14.100000381469727,11000,0.0,0.0
2023-05-17 09:00:00+08:00,14.5,14.550000190734863,14.5,14.550000190734863,0,0.0,0.0
2023-05-17 10:00:00+08:00,14.550000190734863,14.550000190734863,14.5,14.5,5000,0.0,0.0
2023-05-17 11:00:00+08:00,14.550000190734863,14.550000190734863,14.5,14.5,3040,0.0,0.0
2023-05-17 12:00:00+08:00,14.5,14.5,14.199999809265137,14.199999809265137,16000,0.0,0.0
2023-05-18 09:00:00+08:00,14.149999618530273,14.149999618530273,14.149999618530273,14.149999618530273,1000,0.0,0.0
2023-05-18 10:00:00+08:00,14.350000381469727,14.75,14.350000381469727,14.649999618530273,22000,0.0,0.0
2023-05-18 11:00:00+08:00,14.550000190734863,14.600000381469727,14.550000190734863,14.600000381469727,10000,0.0,0.0
2023-05-18 12:00:00+08:00,14.600000381469727,14.649999618530273,14.600000381469727,14.649999618530273,3000,0.0,0.0
2023-05-18 13:00:00+08:00,14.550000190734863,14.550000190734863,14.550000190734863,14.550000190734863,4017,0.0,0.0
2023-05-19 09:00:00+08:00,14.699999809265137,14.699999809265137,14.25,14.25,0,0.0,0.0
2023-05-19 10:00:00+08:00,14.25,14.300000190734863,14.25,14.300000190734863,6000,0.0,0.0
2023-05-19 11:00:00+08:00,14.550000190734863,14.550000190734863,14.550000190734863,14.550000190734863,1000,0.0,0.0
2023-05-19 12:00:00+08:00,14.199999809265137,14.399999618530273,14.199999809265137,14.199999809265137,12000,0.0,0.0
2023-05-22 09:00:00+08:00,14.25,14.5,14.25,14.5,0,0.0,0.0
2023-05-22 10:00:00+08:00,14.399999618530273,14.399999618530273,14.399999618530273,14.399999618530273,1000,0.0,0.0
2023-05-22 11:00:00+08:00,14.399999618530273,14.399999618530273,14.25,14.25,14000,0.0,0.0
2023-05-22 12:00:00+08:00,14.25,14.25,14.199999809265137,14.199999809265137,3000,0.0,0.0
2023-05-22 13:00:00+08:00,14.199999809265137,14.199999809265137,14.199999809265137,14.199999809265137,6000,0.0,0.0
2023-05-23 09:00:00+08:00,14.399999618530273,14.5,14.399999618530273,14.5,0,0.0,0.0
2023-05-23 10:00:00+08:00,14.5,14.5,14.449999809265137,14.449999809265137,9000,0.0,0.0
2023-05-23 11:00:00+08:00,14.350000381469727,14.350000381469727,14.149999618530273,14.149999618530273,22483,0.0,0.0
2023-05-23 12:00:00+08:00,14.199999809265137,14.199999809265137,14.199999809265137,14.199999809265137,3133,0.0,0.0
2023-05-24 09:00:00+08:00,14.449999809265137,14.449999809265137,14.25,14.25,0,0.0,0.0
2023-05-24 10:00:00+08:00,14.25,14.25,14.25,14.25,2030,0.0,0.0
2023-05-24 12:00:00+08:00,14.350000381469727,14.350000381469727,14.350000381469727,14.350000381469727,1000,0.0,0.0
2023-05-25 11:00:00+08:00,14.300000190734863,14.399999618530273,14.300000190734863,14.399999618530273,1000,0.0,0.0
2023-05-25 12:00:00+08:00,14.350000381469727,14.399999618530273,14.300000190734863,14.300000190734863,3000,0.0,0.0
2023-05-25 13:00:00+08:00,14.399999618530273,14.399999618530273,14.399999618530273,14.399999618530273,6000,0.0,0.0
2023-05-26 09:00:00+08:00,14.399999618530273,14.399999618530273,14.399999618530273,14.399999618530273,0,0.0,0.0
2023-05-26 10:00:00+08:00,14.399999618530273,14.800000190734863,14.399999618530273,14.800000190734863,20116,0.0,0.0
2023-05-26 11:00:00+08:00,14.800000190734863,14.850000381469727,14.800000190734863,14.850000381469727,8001,0.0,0.0
2023-05-26 12:00:00+08:00,14.75,15.5,14.75,15.199999809265137,50000,0.0,0.0
2023-05-26 13:00:00+08:00,15.199999809265137,15.449999809265137,14.899999618530273,14.899999618530273,27000,0.0,0.0
2023-05-29 09:00:00+08:00,14.649999618530273,16.549999237060547,14.649999618530273,16.549999237060547,115338,0.0,0.0
2023-05-29 10:00:00+08:00,16.549999237060547,16.549999237060547,16.549999237060547,16.549999237060547,45293,0.0,0.0
2023-05-29 11:00:00+08:00,16.549999237060547,16.549999237060547,16.549999237060547,16.549999237060547,2024,0.0,0.0
2023-05-29 12:00:00+08:00,16.549999237060547,16.549999237060547,16.549999237060547,16.549999237060547,5040,0.0,0.0
2023-05-29 13:00:00+08:00,16.549999237060547,16.549999237060547,16.549999237060547,16.549999237060547,2039,0.0,0.0
2023-05-30 09:00:00+08:00,17.0,18.200000762939453,16.5,17.950000762939453,158247,0.0,0.0
2023-05-30 10:00:00+08:00,18.0,18.200000762939453,17.799999237060547,18.200000762939453,120208,0.0,0.0
2023-05-30 11:00:00+08:00,18.200000762939453,18.200000762939453,18.0,18.149999618530273,102628,0.0,0.0
2023-05-30 12:00:00+08:00,18.149999618530273,18.200000762939453,18.0,18.200000762939453,43321,0.0,0.0
2023-05-30 13:00:00+08:00,18.200000762939453,18.200000762939453,18.200000762939453,18.200000762939453,13000,0.0,0.0
2023-05-31 09:00:00+08:00,17.649999618530273,17.649999618530273,17.0,17.25,0,0.0,0.0
2023-05-31 10:00:00+08:00,17.299999237060547,17.399999618530273,17.25,17.399999618530273,46050,0.0,0.0
2023-05-31 11:00:00+08:00,17.350000381469727,17.350000381469727,17.299999237060547,17.299999237060547,24132,0.0,0.0
2023-05-31 12:00:00+08:00,17.25,17.399999618530273,17.100000381469727,17.399999618530273,56156,0.0,0.0
2023-05-31 13:00:00+08:00,17.200000762939453,17.5,17.100000381469727,17.399999618530273,29201,0.0,0.0
2023-06-01 09:00:00+08:00,17.350000381469727,17.850000381469727,17.0,17.5,0,0.0,0.0
2023-06-01 10:00:00+08:00,17.549999237060547,17.600000381469727,17.549999237060547,17.600000381469727,73292,0.0,0.0
2023-06-01 11:00:00+08:00,17.600000381469727,17.850000381469727,17.600000381469727,17.700000762939453,14595,0.0,0.0
2023-06-01 12:00:00+08:00,17.799999237060547,18.299999237060547,17.799999237060547,18.0,53288,0.0,0.0
2023-06-01 13:00:00+08:00,18.049999237060547,18.149999618530273,17.850000381469727,18.149999618530273,12000,0.0,0.0
2023-06-02 09:00:00+08:00,18.200000762939453,18.200000762939453,17.600000381469727,17.799999237060547,0,0.0,0.0
2023-06-02 10:00:00+08:00,18.0,18.299999237060547,17.799999237060547,18.0,83413,0.0,0.0
2023-06-02 11:00:00+08:00,18.049999237060547,18.299999237060547,17.850000381469727,18.299999237060547,24320,0.0,0.0
2023-06-02 12:00:00+08:00,18.299999237060547,18.299999237060547,17.850000381469727,17.850000381469727,28665,0.0,0.0
2023-06-02 13:00:00+08:00,17.850000381469727,17.899999618530273,17.850000381469727,17.899999618530273,9000,0.0,0.0
2023-06-05 09:00:00+08:00,18.0,18.350000381469727,17.899999618530273,18.200000762939453,0,0.0,0.0
2023-06-05 10:00:00+08:00,18.100000381469727,18.100000381469727,17.899999618530273,17.950000762939453,31000,0.0,0.0
2023-06-05 11:00:00+08:00,18.049999237060547,18.049999237060547,18.049999237060547,18.049999237060547,0,0.0,0.0
2023-06-05 12:00:00+08:00,18.049999237060547,18.049999237060547,17.899999618530273,17.899999618530273,186175,0.0,0.0
2023-06-05 13:00:00+08:00,17.899999618530273,17.899999618530273,17.5,17.5,27366,0.0,0.0
2023-06-06 09:00:00+08:00,16.649999618530273,17.5,16.649999618530273,16.899999618530273,0,0.0,0.0
2023-06-06 10:00:00+08:00,17.200000762939453,17.549999237060547,17.200000762939453,17.450000762939453,19000,0.0,0.0
2023-06-06 11:00:00+08:00,17.450000762939453,17.450000762939453,17.450000762939453,17.450000762939453,2000,0.0,0.0
2023-06-06 12:00:00+08:00,17.5,17.5,17.450000762939453,17.450000762939453,5000,0.0,0.0
2023-06-06 13:00:00+08:00,17.5,17.5,17.399999618530273,17.399999618530273,6000,0.0,0.0
2023-06-07 09:00:00+08:00,17.649999618530273,18.5,17.649999618530273,18.100000381469727,37703,0.0,0.0
2023-06-07 10:00:00+08:00,18.299999237060547,18.299999237060547,18.0,18.0,17010,0.0,0.0
2023-06-07 11:00:00+08:00,18.049999237060547,18.049999237060547,17.799999237060547,17.799999237060547,15100,0.0,0.0
2023-06-07 12:00:00+08:00,18.0,18.049999237060547,18.0,18.0,11400,0.0,0.0
2023-06-07 13:00:00+08:00,18.0,18.0,18.0,18.0,14199,0.0,0.0
2023-06-08 09:00:00+08:00,17.899999618530273,18.200000762939453,17.700000762939453,17.700000762939453,0,0.0,0.0
2023-06-08 10:00:00+08:00,17.549999237060547,17.600000381469727,17.549999237060547,17.600000381469727,15000,0.0,0.0
2023-06-08 11:00:00+08:00,17.600000381469727,17.600000381469727,17.600000381469727,17.600000381469727,18000,0.0,0.0
2023-06-08 12:00:00+08:00,17.600000381469727,17.950000762939453,17.600000381469727,17.899999618530273,6000,0.0,0.0
2023-06-08 13:00:00+08:00,17.899999618530273,17.950000762939453,17.899999618530273,17.950000762939453,17000,0.0,0.0
2023-06-09 09:00:00+08:00,17.950000762939453,18.0,17.649999618530273,17.75,0,0.0,0.0
2023-06-09 10:00:00+08:00,17.75,17.75,17.700000762939453,17.700000762939453,0,0.0,0.0
2023-06-09 11:00:00+08:00,17.799999237060547,17.799999237060547,17.75,17.75,31243,0.0,0.0
2023-06-09 12:00:00+08:00,17.700000762939453,17.700000762939453,17.700000762939453,17.700000762939453,4000,0.0,0.0
2023-06-09 13:00:00+08:00,17.700000762939453,17.700000762939453,17.600000381469727,17.600000381469727,23140,0.0,0.0
2023-06-12 09:00:00+08:00,18.0,18.0,17.600000381469727,17.600000381469727,0,0.0,0.0
2023-06-12 10:00:00+08:00,17.600000381469727,17.75,17.600000381469727,17.75,12000,0.0,0.0
2023-06-12 11:00:00+08:00,17.649999618530273,17.649999618530273,17.600000381469727,17.600000381469727,4000,0.0,0.0
2023-06-12 12:00:00+08:00,17.600000381469727,17.600000381469727,17.600000381469727,17.600000381469727,2060,0.0,0.0
2023-06-12 13:00:00+08:00,17.600000381469727,17.600000381469727,17.600000381469727,17.600000381469727,7010,0.0,0.0
2023-06-13 09:00:00+08:00,17.850000381469727,17.850000381469727,17.799999237060547,17.799999237060547,0,0.0,0.0
2023-06-13 10:00:00+08:00,17.799999237060547,17.899999618530273,17.799999237060547,17.799999237060547,13000,0.0,0.0
2023-06-13 11:00:00+08:00,17.850000381469727,17.850000381469727,17.649999618530273,17.649999618530273,8000,0.0,0.0
2023-06-13 12:00:00+08:00,17.600000381469727,17.600000381469727,17.549999237060547,17.549999237060547,22000,0.0,0.0
2023-06-13 13:00:00+08:00,17.799999237060547,17.850000381469727,17.799999237060547,17.850000381469727,6036,0.0,0.0
2023-06-14 09:00:00+08:00,17.200000762939453,17.799999237060547,17.200000762939453,17.799999237060547,0,0.0,0.0
2023-06-14 10:00:00+08:00,17.600000381469727,17.600000381469727,17.350000381469727,17.350000381469727,3336,0.0,0.0
2023-06-14 11:00:00+08:00,17.399999618530273,17.399999618530273,17.399999618530273,17.399999618530273,2000,0.0,0.0
2023-06-14 12:00:00+08:00,17.399999618530273,17.399999618530273,17.350000381469727,17.399999618530273,5064,0.0,0.0
2023-06-15 09:00:00+08:00,17.299999237060547,17.299999237060547,17.299999237060547,17.299999237060547,0,0.0,0.0
2023-06-15 10:00:00+08:00,17.350000381469727,17.350000381469727,17.299999237060547,17.299999237060547,7000,0.0,0.0
2023-06-15 11:00:00+08:00,17.299999237060547,17.299999237060547,17.299999237060547,17.299999237060547,3000,0.0,0.0
2023-06-15 12:00:00+08:00,17.299999237060547,17.299999237060547,17.299999237060547,17.299999237060547,5000,0.0,0.0
2023-06-15 13:00:00+08:00,17.299999237060547,17.299999237060547,17.299999237060547,17.299999237060547,1000,0.0,0.0
2023-06-16 09:00:00+08:00,17.299999237060547,17.299999237060547,17.299999237060547,17.299999237060547,0,0.0,0.0
2023-06-16 10:00:00+08:00,17.25,17.25,17.200000762939453,17.200000762939453,3000,0.0,0.0
2023-06-16 11:00:00+08:00,17.149999618530273,17.149999618530273,17.0,17.100000381469727,22174,0.0,0.0
2023-06-16 12:00:00+08:00,17.100000381469727,17.100000381469727,17.100000381469727,17.100000381469727,1147,0.0,0.0
2023-06-16 13:00:00+08:00,17.049999237060547,17.049999237060547,17.049999237060547,17.049999237060547,1000,0.0,0.0
2023-06-19 09:00:00+08:00,17.0,17.0,16.25,16.350000381469727,0,0.0,0.0
2023-06-19 10:00:00+08:00,16.549999237060547,16.649999618530273,16.5,16.649999618530273,5000,0.0,0.0
2023-06-19 11:00:00+08:00,16.600000381469727,16.950000762939453,16.600000381469727,16.950000762939453,5000,0.0,0.0
2023-06-20 12:00:00+08:00,16.850000381469727,17.0,16.850000381469727,16.950000762939453,7000,0.0,0.0
2023-06-20 13:00:00+08:00,16.950000762939453,17.0,16.649999618530273,17.0,7100,0.0,0.0
2023-06-21 09:00:00+08:00,16.600000381469727,16.700000762939453,16.5,16.700000762939453,0,0.0,0.0
2023-06-21 10:00:00+08:00,16.799999237060547,17.0,16.799999237060547,17.0,2501,0.0,0.0
2023-06-21 11:00:00+08:00,17.100000381469727,17.100000381469727,17.100000381469727,17.100000381469727,1000,0.0,0.0
2023-06-21 12:00:00+08:00,17.299999237060547,17.299999237060547,16.5,16.5,13216,0.0,0.0
2023-06-26 10:00:00+08:00,16.950000762939453,16.950000762939453,16.600000381469727,16.600000381469727,3000,0.0,0.0
2023-06-26 11:00:00+08:00,16.950000762939453,17.0,16.600000381469727,16.600000381469727,9000,0.0,0.0
2023-06-26 13:00:00+08:00,16.700000762939453,16.700000762939453,16.600000381469727,16.600000381469727,6000,0.0,0.0
2023-06-27 09:00:00+08:00,16.350000381469727,16.5,16.299999237060547,16.5,0,0.0,0.0
2023-06-27 10:00:00+08:00,16.5,16.549999237060547,16.5,16.549999237060547,3000,0.0,0.0
2023-06-27 11:00:00+08:00,16.549999237060547,16.549999237060547,16.5,16.5,7200,0.0,0.0
2023-06-27 12:00:00+08:00,16.399999618530273,16.399999618530273,16.399999618530273,16.399999618530273,2000,0.0,0.0
2023-06-27 13:00:00+08:00,16.399999618530273,16.399999618530273,16.399999618530273,16.399999618530273,1000,0.0,0.0
2023-06-28 09:00:00+08:00,16.100000381469727,16.100000381469727,16.0,16.0,0,0.0,0.0
2023-06-28 10:00:00+08:00,16.049999237060547,16.049999237060547,16.0,16.049999237060547,0,0.0,0.0
2023-06-28 11:00:00+08:00,16.200000762939453,16.200000762939453,16.200000762939453,16.200000762939453,23000,0.0,0.0
2023-06-28 12:00:00+08:00,16.299999237060547,16.299999237060547,16.200000762939453,16.200000762939453,2352,0.0,0.0
2023-06-29 09:00:00+08:00,16.200000762939453,16.200000762939453,16.200000762939453,16.200000762939453,0,0.0,0.0
2023-06-29 10:00:00+08:00,16.100000381469727,16.100000381469727,16.100000381469727,16.100000381469727,8000,0.0,0.0
2023-06-29 11:00:00+08:00,16.049999237060547,16.049999237060547,15.949999809265137,15.949999809265137,6346,0.0,0.0
2023-06-29 12:00:00+08:00,15.949999809265137,16.100000381469727,15.949999809265137,16.100000381469727,8000,0.0,0.0
2023-06-30 09:00:00+08:00,15.649999618530273,16.049999237060547,15.649999618530273,16.049999237060547,0,0.0,0.0
2023-06-30 11:00:00+08:00,15.800000190734863,15.800000190734863,15.800000190734863,15.800000190734863,1000,0.0,0.0
2023-06-30 12:00:00+08:00,15.850000381469727,15.850000381469727,15.850000381469727,15.850000381469727,3001,0.0,0.0
2023-06-30 13:00:00+08:00,15.899999618530273,15.899999618530273,15.800000190734863,15.800000190734863,6101,0.0,0.0
2023-07-03 09:00:00+08:00,15.800000190734863,16.399999618530273,15.800000190734863,16.399999618530273,0,0.0,0.0
2023-07-03 10:00:00+08:00,16.399999618530273,16.399999618530273,16.399999618530273,16.399999618530273,4030,0.0,0.0
2023-07-03 12:00:00+08:00,16.399999618530273,16.399999618530273,16.399999618530273,16.399999618530273,3000,0.0,0.0
2023-07-03 13:00:00+08:00,16.399999618530273,16.399999618530273,16.299999237060547,16.299999237060547,7000,0.0,0.0
2023-07-04 10:00:00+08:00,16.399999618530273,16.399999618530273,16.399999618530273,16.399999618530273,0,0.0,0.0
2023-07-04 13:00:00+08:00,16.399999618530273,16.399999618530273,16.399999618530273,16.399999618530273,5070,0.0,0.0
2023-07-05 09:00:00+08:00,16.950000762939453,16.950000762939453,16.75,16.75,1930,0.0,0.0
2023-07-05 10:00:00+08:00,16.299999237060547,16.299999237060547,15.850000381469727,15.899999618530273,44000,0.0,0.0
2023-07-05 11:00:00+08:00,16.600000381469727,16.600000381469727,16.600000381469727,16.600000381469727,2000,0.0,0.0
2023-07-06 09:00:00+08:00,16.549999237060547,16.600000381469727,16.549999237060547,16.600000381469727,0,0.0,0.0
2023-07-06 10:00:00+08:00,16.649999618530273,16.649999618530273,16.600000381469727,16.600000381469727,11000,0.0,0.0
2023-07-06 11:00:00+08:00,16.600000381469727,16.600000381469727,16.600000381469727,16.600000381469727,4000,0.0,0.0
2023-07-06 12:00:00+08:00,16.600000381469727,16.600000381469727,16.600000381469727,16.600000381469727,1000,0.0,0.0
2023-07-06 13:00:00+08:00,16.600000381469727,16.75,16.600000381469727,16.75,6000,0.0,0.0
2023-07-07 10:00:00+08:00,16.75,16.799999237060547,16.75,16.799999237060547,0,0.0,0.0
2023-07-07 12:00:00+08:00,16.700000762939453,16.799999237060547,16.700000762939453,16.799999237060547,11130,0.0,0.0
2023-07-07 13:00:00+08:00,16.700000762939453,16.700000762939453,16.700000762939453,16.700000762939453,1000,0.0,0.0
2023-07-10 09:00:00+08:00,16.899999618530273,17.299999237060547,16.799999237060547,17.299999237060547,35870,0.0,0.0
2023-07-10 10:00:00+08:00,17.299999237060547,17.299999237060547,16.799999237060547,16.850000381469727,26040,0.0,0.0
2023-07-10 11:00:00+08:00,16.5,16.5,16.5,16.5,3000,0.0,0.0
2023-07-10 13:00:00+08:00,16.649999618530273,17.200000762939453,16.649999618530273,17.200000762939453,3000,0.0,0.0
2023-07-11 09:00:00+08:00,16.799999237060547,16.799999237060547,16.700000762939453,16.700000762939453,0,0.0,0.0
2023-07-11 10:00:00+08:00,16.700000762939453,17.049999237060547,16.5,17.049999237060547,28010,0.0,0.0
2023-07-11 11:00:00+08:00,16.700000762939453,16.700000762939453,16.700000762939453,16.700000762939453,5000,0.0,0.0
2023-07-11 12:00:00+08:00,16.649999618530273,16.75,16.5,16.75,10531,0.0,0.0
2023-07-11 13:00:00+08:00,16.850000381469727,16.850000381469727,16.850000381469727,16.850000381469727,1000,0.0,0.0
2023-07-12 09:00:00+08:00,16.899999618530273,16.899999618530273,16.399999618530273,16.399999618530273,0,0.0,0.0
2023-07-12 10:00:00+08:00,16.450000762939453,16.5,16.450000762939453,16.5,8129,0.0,0.0
2023-07-12 11:00:00+08:00,16.700000762939453,16.700000762939453,16.700000762939453,16.700000762939453,2000,0.0,0.0
2023-07-12 12:00:00+08:00,16.700000762939453,16.700000762939453,16.700000762939453,16.700000762939453,3066,0.0,0.0
2023-07-13 09:00:00+08:00,16.799999237060547,17.0,16.700000762939453,17.0,0,0.0,0.0
2023-07-13 10:00:00+08:00,17.0,17.100000381469727,16.700000762939453,16.700000762939453,27000,0.0,0.0
2023-07-13 11:00:00+08:00,16.899999618530273,16.899999618530273,16.899999618530273,16.899999618530273,1000,0.0,0.0
2023-07-13 12:00:00+08:00,16.700000762939453,16.700000762939453,16.700000762939453,16.700000762939453,9000,0.0,0.0
2023-07-14 09:00:00+08:00,16.700000762939453,17.0,16.700000762939453,17.0,0,0.0,0.0
2023-07-14 10:00:00+08:00,17.0,17.149999618530273,17.0,17.149999618530273,40000,0.0,0.0
2023-07-14 11:00:00+08:00,17.200000762939453,17.25,17.0,17.0,22000,0.0,0.0
2023-07-14 12:00:00+08:00,17.100000381469727,17.5,17.100000381469727,17.5,28359,0.0,0.0
2023-07-14 13:00:00+08:00,17.5,17.5,17.399999618530273,17.399999618530273,7000,0.0,0.0
2023-07-17 09:00:00+08:00,17.600000381469727,18.0,17.399999618530273,18.0,0,0.0,0.0
2023-07-17 10:00:00+08:00,17.850000381469727,18.0,17.850000381469727,17.950000762939453,17203,0.0,0.0
2023-07-17 11:00:00+08:00,17.950000762939453,17.950000762939453,17.600000381469727,17.799999237060547,25000,0.0,0.0
2023-07-17 12:00:00+08:00,17.899999618530273,18.100000381469727,17.799999237060547,17.799999237060547,27000,0.0,0.0
2023-07-17 13:00:00+08:00,18.049999237060547,18.049999237060547,18.049999237060547,18.049999237060547,0,0.0,0.0
2023-07-18 09:00:00+08:00,18.049999237060547,18.149999618530273,18.049999237060547,18.049999237060547,33000,0.0,0.0
2023-07-18 10:00:00+08:00,18.049999237060547,18.049999237060547,18.0,18.049999237060547,16140,0.0,0.0
2023-07-18 11:00:00+08:00,18.049999237060547,18.049999237060547,18.049999237060547,18.049999237060547,3000,0.0,0.0
2023-07-18 12:00:00+08:00,18.049999237060547,18.049999237060547,18.049999237060547,18.049999237060547,13062,0.0,0.0
2023-07-18 13:00:00+08:00,18.049999237060547,18.049999237060547,18.049999237060547,18.049999237060547,2000,0.0,0.0
2023-07-19 09:00:00+08:00,17.799999237060547,18.25,17.799999237060547,18.25,16073,0.0,0.0
2023-07-19 10:00:00+08:00,18.25,18.549999237060547,18.25,18.399999618530273,46565,0.0,0.0
2023-07-19 11:00:00+08:00,18.399999618530273,18.600000381469727,18.399999618530273,18.600000381469727,5040,0.0,0.0
2023-07-19 12:00:00+08:00,18.450000762939453,18.5,18.299999237060547,18.350000381469727,40080,0.0,0.0
2023-07-19 13:00:00+08:00,18.350000381469727,18.450000762939453,18.350000381469727,18.450000762939453,0,0.0,0.0
2023-07-20 09:00:00+08:00,18.600000381469727,19.200000762939453,18.600000381469727,19.0,61207,0.0,0.0
2023-07-20 10:00:00+08:00,19.100000381469727,19.399999618530273,19.100000381469727,19.350000381469727,124430,0.0,0.0
2023-07-20 11:00:00+08:00,19.350000381469727,19.399999618530273,19.0,19.100000381469727,71246,0.0,0.0
2023-07-20 12:00:00+08:00,19.200000762939453,19.200000762939453,19.100000381469727,19.100000381469727,14121,0.0,0.0
2023-07-20 13:00:00+08:00,19.049999237060547,19.200000762939453,19.0,19.200000762939453,26595,0.0,0.0
2023-07-21 09:00:00+08:00,18.799999237060547,19.149999618530273,18.799999237060547,19.149999618530273,0,0.0,0.0
2023-07-21 10:00:00+08:00,19.200000762939453,19.299999237060547,19.100000381469727,19.100000381469727,73075,0.0,0.0
2023-07-21 11:00:00+08:00,19.149999618530273,19.149999618530273,19.0,19.100000381469727,26100,0.0,0.0
2023-07-21 12:00:00+08:00,19.100000381469727,19.100000381469727,19.0,19.100000381469727,11194,0.0,0.0
2023-07-21 13:00:00+08:00,19.100000381469727,19.100000381469727,19.100000381469727,19.100000381469727,7006,0.0,0.0
2023-07-24 09:00:00+08:00,19.149999618530273,19.149999618530273,19.149999618530273,19.149999618530273,0,0.0,0.0
2023-07-24 10:00:00+08:00,19.100000381469727,19.100000381469727,18.899999618530273,19.049999237060547,66000,0.0,0.0
2023-07-24 11:00:00+08:00,19.149999618530273,19.149999618530273,19.100000381469727,19.100000381469727,18000,0.0,0.0
2023-07-24 12:00:00+08:00,19.200000762939453,19.25,19.100000381469727,19.100000381469727,16420,0.0,0.0
2023-07-24 13:00:00+08:00,19.100000381469727,19.100000381469727,19.100000381469727,19.100000381469727,0,0.0,0.0
2023-07-25 09:00:00+08:00,19.0,19.0,19.0,19.0,1000,0.0,0.0
2023-07-25 10:00:00+08:00,19.149999618530273,19.149999618530273,19.049999237060547,19.149999618530273,8040,0.0,0.0
2023-07-25 11:00:00+08:00,19.100000381469727,19.100000381469727,19.100000381469727,19.100000381469727,9000,0.0,0.0
2023-07-25 12:00:00+08:00,19.100000381469727,19.100000381469727,19.100000381469727,19.100000381469727,6511,0.0,0.0
2023-07-25 13:00:00+08:00,19.049999237060547,19.049999237060547,19.0,19.0,9000,0.0,0.0
2023-07-26 10:00:00+08:00,18.899999618530273,19.100000381469727,18.899999618530273,18.899999618530273,4000,0.0,0.0
2023-07-26 11:00:00+08:00,19.0,19.100000381469727,19.0,19.049999237060547,7000,0.0,0.0
2023-07-26 12:00:00+08:00,19.0,19.049999237060547,19.0,19.049999237060547,10000,0.0,0.0
2023-07-26 13:00:00+08:00,18.899999618530273,18.899999618530273,18.899999618530273,18.899999618530273,5000,0.0,0.0
2023-07-27 09:00:00+08:00,18.850000381469727,19.0,18.700000762939453,18.700000762939453,25000,0.0,0.0
2023-07-27 10:00:00+08:00,18.700000762939453,18.700000762939453,18.700000762939453,18.700000762939453,3040,0.0,0.0
2023-07-27 11:00:00+08:00,18.899999618530273,18.899999618530273,18.700000762939453,18.700000762939453,4000,0.0,0.0
2023-07-27 12:00:00+08:00,18.700000762939453,18.700000762939453,18.649999618530273,18.649999618530273,0,0.0,0.0
2023-07-27 13:00:00+08:00,18.649999618530273,18.649999618530273,18.649999618530273,18.649999618530273,0,0.0,0.0
2023-07-28 09:00:00+08:00,18.600000381469727,18.600000381469727,18.5,18.5,4000,0.0,0.0
2023-07-28 11:00:00+08:00,18.399999618530273,18.5,18.399999618530273,18.5,4000,0.0,0.0
2023-07-28 12:00:00+08:00,18.200000762939453,18.450000762939453,18.0,18.450000762939453,7040,0.0,0.0
2023-07-28 13:00:00+08:00,18.399999618530273,18.399999618530273,18.399999618530273,18.399999618530273,2000,0.0,0.0
2023-07-31 09:00:00+08:00,18.049999237060547,18.049999237060547,17.950000762939453,17.950000762939453,0,0.0,0.0
2023-07-31 10:00:00+08:00,17.850000381469727,17.950000762939453,17.850000381469727,17.950000762939453,5000,0.0,0.0
2023-07-31 11:00:00+08:00,17.799999237060547,17.799999237060547,17.799999237060547,17.799999237060547,2000,0.0,0.0
2023-07-31 12:00:00+08:00,17.649999618530273,17.649999618530273,17.649999618530273,17.649999618530273,7105,0.0,0.0
2023-07-31 13:00:00+08:00,17.700000762939453,17.700000762939453,17.649999618530273,17.649999618530273,5000,0.0,0.0
2023-08-01 09:00:00+08:00,17.600000381469727,17.799999237060547,17.600000381469727,17.799999237060547,13080,0.0,0.0
2023-08-01 10:00:00+08:00,17.799999237060547,18.0,17.799999237060547,18.0,4000,0.0,0.0
2023-08-01 11:00:00+08:00,17.850000381469727,17.850000381469727,17.75,17.75,5000,0.0,0.0
2023-08-01 12:00:00+08:00,17.700000762939453,17.700000762939453,17.649999618530273,17.649999618530273,4000,0.0,0.0
2023-08-01 13:00:00+08:00,17.649999618530273,17.649999618530273,17.649999618530273,17.649999618530273,3000,0.0,0.0
2023-08-02 09:00:00+08:00,17.0,17.600000381469727,17.0,17.600000381469727,6050,0.0,0.0
2023-08-02 10:00:00+08:00,17.5,17.5,17.399999618530273,17.399999618530273,6000,0.0,0.0
2023-08-02 12:00:00+08:00,17.450000762939453,17.450000762939453,17.450000762939453,17.450000762939453,8000,0.0,0.0
2023-08-04 11:00:00+08:00,17.5,17.600000381469727,17.5,17.600000381469727,2000,0.0,0.0
2023-08-04 12:00:00+08:00,17.549999237060547,17.600000381469727,17.549999237060547,17.600000381469727,8000,0.0,0.0
2023-08-04 13:00:00+08:00,17.600000381469727,17.600000381469727,17.600000381469727,17.600000381469727,0,0.0,0.0
2023-08-07 09:00:00+08:00,18.100000381469727,18.100000381469727,18.0,18.0,20,0.0,0.0
2023-08-08 13:00:00+08:00,17.75,17.75,17.75,17.75,0,0.0,0.0
2023-08-09 09:00:00+08:00,17.0,17.0,17.0,17.0,3000,0.0,0.0
2023-08-09 10:00:00+08:00,17.100000381469727,17.5,17.100000381469727,17.5,4000,0.0,0.0
2023-08-09 11:00:00+08:00,17.5,17.5,17.350000381469727,17.350000381469727,2000,0.0,0.0
2023-08-09 12:00:00+08:00,17.299999237060547,17.299999237060547,17.299999237060547,17.299999237060547,0,0.0,0.0
2023-08-10 09:00:00+08:00,17.0,17.200000762939453,17.0,17.200000762939453,5000,0.0,0.0
2023-08-10 10:00:00+08:00,17.200000762939453,17.200000762939453,17.049999237060547,17.200000762939453,22000,0.0,0.0
2023-08-10 11:00:00+08:00,17.299999237060547,17.299999237060547,17.100000381469727,17.149999618530273,13000,0.0,0.0
2023-08-10 12:00:00+08:00,17.200000762939453,17.200000762939453,17.200000762939453,17.200000762939453,1000,0.0,0.0
2023-08-10 13:00:00+08:00,17.149999618530273,17.149999618530273,17.149999618530273,17.149999618530273,0,0.0,0.0
2023-08-11 10:00:00+08:00,17.399999618530273,17.399999618530273,17.299999237060547,17.299999237060547,6000,0.0,0.0
2023-08-11 11:00:00+08:00,17.399999618530273,17.950000762939453,17.399999618530273,17.950000762939453,6000,0.0,0.0
2023-08-11 12:00:00+08:00,17.899999618530273,17.899999618530273,17.899999618530273,17.899999618530273,3000,0.0,0.0
2023-08-11 13:00:00+08:00,17.899999618530273,17.899999618530273,17.899999618530273,17.899999618530273,0,0.0,0.0
2023-08-14 11:00:00+08:00,17.600000381469727,17.600000381469727,17.299999237060547,17.299999237060547,28000,0.0,0.0
2023-08-14 12:00:00+08:00,17.200000762939453,17.200000762939453,17.200000762939453,17.200000762939453,0,0.0,0.0
2023-08-15 09:00:00+08:00,17.200000762939453,17.200000762939453,17.200000762939453,17.200000762939453,3080,0.0,0.0
2023-08-15 10:00:00+08:00,17.299999237060547,17.299999237060547,17.200000762939453,17.200000762939453,9200,0.0,0.0
2023-08-15 11:00:00+08:00,17.200000762939453,17.200000762939453,17.200000762939453,17.200000762939453,6100,0.0,0.0
2023-08-15 12:00:00+08:00,17.399999618530273,17.399999618530273,17.399999618530273,17.399999618530273,1000,0.0,0.0
2023-08-15 13:00:00+08:00,17.299999237060547,17.299999237060547,17.299999237060547,17.299999237060547,2000,0.0,0.0
2023-08-16 09:00:00+08:00,17.25,17.450000762939453,17.0,17.049999237060547,42000,0.0,0.0
2023-08-16 10:00:00+08:00,17.100000381469727,17.100000381469727,17.100000381469727,17.100000381469727,1000,0.0,0.0
2023-08-16 11:00:00+08:00,17.100000381469727,17.100000381469727,17.100000381469727,17.100000381469727,3240,0.0,0.0
2023-08-17 09:00:00+08:00,17.899999618530273,17.899999618530273,17.299999237060547,17.299999237060547,7001,0.0,0.0
2023-08-17 10:00:00+08:00,17.5,17.5,17.5,17.5,2000,0.0,0.0
2023-08-17 11:00:00+08:00,17.600000381469727,17.600000381469727,17.600000381469727,17.600000381469727,1735,0.0,0.0
2023-08-18 09:00:00+08:00,17.600000381469727,17.600000381469727,17.25,17.25,0,0.0,0.0
2023-08-18 11:00:00+08:00,17.299999237060547,17.350000381469727,17.299999237060547,17.299999237060547,30099,0.0,0.0
2023-08-21 12:00:00+08:00,17.299999237060547,17.299999237060547,17.299999237060547,17.299999237060547,0,0.0,0.0
2023-08-21 13:00:00+08:00,17.5,17.5,17.5,17.5,7019,0.0,0.0
2023-08-22 09:00:00+08:00,17.5,17.5,17.5,17.5,3000,0.0,0.0
2023-08-22 11:00:00+08:00,17.5,17.5,17.5,17.5,2880,0.0,0.0
2023-08-22 13:00:00+08:00,17.5,17.5,17.5,17.5,0,0.0,0.0
2023-08-23 11:00:00+08:00,17.450000762939453,17.450000762939453,17.450000762939453,17.450000762939453,1000,0.0,0.0
2023-08-23 12:00:00+08:00,17.450000762939453,17.450000762939453,17.450000762939453,17.450000762939453,0,0.0,0.0
2023-08-24 09:00:00+08:00,17.399999618530273,17.399999618530273,17.399999618530273,17.399999618530273,17000,0.0,0.0
2023-08-24 10:00:00+08:00,17.399999618530273,17.649999618530273,17.399999618530273,17.649999618530273,8000,0.0,0.0
2023-08-24 11:00:00+08:00,17.350000381469727,17.350000381469727,17.350000381469727,17.350000381469727,0,0.0,0.0
2023-08-25 10:00:00+08:00,18.200000762939453,18.200000762939453,18.200000762939453,18.200000762939453,1000,0.0,0.0
2023-08-25 11:00:00+08:00,18.100000381469727,18.100000381469727,17.899999618530273,17.899999618530273,4000,0.0,0.0
2023-08-25 12:00:00+08:00,17.850000381469727,17.850000381469727,17.850000381469727,17.850000381469727,1000,0.0,0.0
2023-08-28 10:00:00+08:00,18.0,18.0,17.850000381469727,17.850000381469727,1002,0.0,0.0
2023-08-28 11:00:00+08:00,17.850000381469727,17.899999618530273,17.850000381469727,17.899999618530273,0,0.0,0.0
2023-08-29 09:00:00+08:00,18.0,18.0,18.0,18.0,1000,0.0,0.0
2023-08-29 12:00:00+08:00,17.950000762939453,17.950000762939453,17.899999618530273,17.899999618530273,3000,0.0,0.0
2023-08-30 10:00:00+08:00,17.899999618530273,17.899999618530273,17.899999618530273,17.899999618530273,1000,0.0,0.0
2023-08-30 12:00:00+08:00,17.649999618530273,17.649999618530273,17.649999618530273,17.649999618530273,1000,0.0,0.0
2023-08-30 13:00:00+08:00,17.649999618530273,17.649999618530273,17.649999618530273,17.649999618530273,4000,0.0,0.0
2023-08-31 12:00:00+08:00,17.899999618530273,17.899999618530273,17.700000762939453,17.700000762939453,6100,0.0,0.0
2023-09-01 09:00:00+08:00,17.700000762939453,17.700000762939453,17.700000762939453,17.700000762939453,0,0.0,0.0
2023-09-01 11:00:00+08:00,17.600000381469727,17.600000381469727,17.100000381469727,17.100000381469727,12082,0.0,0.0
2023-09-01 12:00:00+08:00,17.200000762939453,17.200000762939453,17.200000762939453,17.200000762939453,2100,0.0,0.0
2023-09-04 09:00:00+08:00,17.299999237060547,17.299999237060547,17.299999237060547,17.299999237060547,0,0.0,0.0
2023-09-05 09:00:00+08:00,17.75,17.75,17.75,17.75,999,0.0,0.0
2023-09-05 10:00:00+08:00,17.5,17.5,17.5,17.5,2000,0.0,0.0
2023-09-05 11:00:00+08:00,17.5,17.5,17.5,17.5,4001,0.0,0.0
2023-09-05 12:00:00+08:00,17.5,17.5,17.5,17.5,2000,0.0,0.0
2023-09-05 13:00:00+08:00,17.399999618530273,17.450000762939453,17.399999618530273,17.450000762939453,5000,0.0,0.0
2023-09-06 09:00:00+08:00,17.450000762939453,17.450000762939453,17.450000762939453,17.450000762939453,0,0.0,0.0
2023-09-06 10:00:00+08:00,17.5,17.5,17.350000381469727,17.350000381469727,3000,0.0,0.0
2023-09-06 11:00:00+08:00,17.450000762939453,17.450000762939453,17.450000762939453,17.450000762939453,3000,0.0,0.0
2023-09-06 12:00:00+08:00,17.5,17.5,17.5,17.5,2018,0.0,0.0
2023-09-06 13:00:00+08:00,17.399999618530273,17.399999618530273,17.399999618530273,17.399999618530273,0,0.0,0.0
2023-09-07 10:00:00+08:00,17.5,17.5,17.5,17.5,1000,0.0,0.0
2023-09-07 12:00:00+08:00,17.5,17.5,17.5,17.5,2000,0.0,0.0
2023-09-08 09:00:00+08:00,17.25,17.25,17.25,17.25,6951,0.0,0.0
2023-09-08 10:00:00+08:00,17.399999618530273,17.399999618530273,17.399999618530273,17.399999618530273,1000,0.0,0.0
2023-09-11 09:00:00+08:00,17.899999618530273,17.899999618530273,17.5,17.5,0,0.0,0.0
2023-09-11 10:00:00+08:00,17.5,17.5,17.5,17.5,1000,0.0,0.0
2023-09-12 12:00:00+08:00,17.200000762939453,17.200000762939453,17.200000762939453,17.200000762939453,0,0.0,0.0
2023-09-13 09:00:00+08:00,17.100000381469727,17.100000381469727,17.100000381469727,17.100000381469727,0,0.0,0.0
2023-09-13 10:00:00+08:00,17.200000762939453,17.25,17.200000762939453,17.25,2000,0.0,0.0
2023-09-13 13:00:00+08:00,17.299999237060547,17.299999237060547,17.299999237060547,17.299999237060547,2000,0.0,0.0
2023-09-14 09:00:00+08:00,17.399999618530273,17.399999618530273,17.399999618530273,17.399999618530273,3000,0.0,0.0
2023-09-14 11:00:00+08:00,17.600000381469727,17.600000381469727,17.600000381469727,17.600000381469727,2000,0.0,0.0
2023-09-18 11:00:00+08:00,17.600000381469727,17.600000381469727,17.600000381469727,17.600000381469727,0,0.0,0.0
2023-09-18 12:00:00+08:00,17.5,17.5,17.5,17.5,3000,0.0,0.0
2023-09-18 13:00:00+08:00,17.600000381469727,17.600000381469727,17.600000381469727,17.600000381469727,1000,0.0,0.0
2023-09-19 12:00:00+08:00,17.5,17.5,17.5,17.5,1000,0.0,0.0
2023-09-20 11:00:00+08:00,17.5,17.5,17.5,17.5,1922,0.0,0.0
2023-09-20 12:00:00+08:00,17.5,17.700000762939453,17.5,17.700000762939453,7000,0.0,0.0
2023-09-22 09:00:00+08:00,17.700000762939453,17.700000762939453,17.700000762939453,17.700000762939453,0,0.0,0.0
2023-09-25 10:00:00+08:00,17.450000762939453,17.450000762939453,17.299999237060547,17.299999237060547,2000,0.0,0.0
2023-09-26 11:00:00+08:00,17.299999237060547,17.299999237060547,17.299999237060547,17.299999237060547,0,0.0,0.0
2023-09-26 12:00:00+08:00,17.450000762939453,17.450000762939453,17.450000762939453,17.450000762939453,1000,0.0,0.0
2023-10-02 12:00:00+08:00,17.5,17.5,17.200000762939453,17.200000762939453,14028,0.0,0.0
2023-10-03 09:00:00+08:00,17.399999618530273,17.5,17.0,17.0,0,0.0,0.0
2023-10-03 11:00:00+08:00,17.100000381469727,17.100000381469727,17.100000381469727,17.100000381469727,1000,0.0,0.0
2023-10-03 12:00:00+08:00,17.149999618530273,17.149999618530273,17.149999618530273,17.149999618530273,1000,0.0,0.0
2023-10-04 09:00:00+08:00,16.5,16.5,16.5,16.5,0,0.0,0.0
2023-10-04 10:00:00+08:00,17.100000381469727,17.200000762939453,17.100000381469727,17.200000762939453,2000,0.0,0.0
2023-10-04 11:00:00+08:00,17.200000762939453,17.200000762939453,17.200000762939453,17.200000762939453,1000,0.0,0.0
2023-10-04 12:00:00+08:00,17.200000762939453,17.200000762939453,17.200000762939453,17.200000762939453,1000,0.0,0.0
2023-10-05 09:00:00+08:00,17.0,17.0,17.0,17.0,0,0.0,0.0
2023-10-05 11:00:00+08:00,17.200000762939453,17.200000762939453,17.100000381469727,17.200000762939453,4000,0.0,0.0
2023-10-05 12:00:00+08:00,17.200000762939453,17.200000762939453,17.200000762939453,17.200000762939453,2000,0.0,0.0
2023-10-06 10:00:00+08:00,16.799999237060547,16.799999237060547,16.799999237060547,16.799999237060547,0,0.0,0.0
2023-10-06 11:00:00+08:00,17.100000381469727,17.100000381469727,17.049999237060547,17.049999237060547,3000,0.0,0.0
2023-10-06 12:00:00+08:00,17.100000381469727,17.100000381469727,17.100000381469727,17.100000381469727,7000,0.0,0.0
2023-10-11 09:00:00+08:00,17.100000381469727,17.149999618530273,17.100000381469727,17.100000381469727,14000,0.0,0.0
2023-10-11 10:00:00+08:00,17.100000381469727,17.100000381469727,17.100000381469727,17.100000381469727,0,0.0,0.0
2023-10-12 11:00:00+08:00,17.149999618530273,17.399999618530273,17.149999618530273,17.399999618530273,4000,0.0,0.0
2023-10-16 09:00:00+08:00,17.25,18.0,17.25,18.0,2000,0.0,0.0
2023-10-16 10:00:00+08:00,18.0,18.0,17.950000762939453,17.950000762939453,2000,0.0,0.0
2023-10-16 12:00:00+08:00,17.75,17.75,17.75,17.75,0,0.0,0.0
2023-10-16 13:00:00+08:00,17.700000762939453,17.799999237060547,17.700000762939453,17.799999237060547,1,0.0,0.0
2023-10-17 10:00:00+08:00,17.700000762939453,17.700000762939453,17.700000762939453,17.700000762939453,2000,0.0,0.0
2023-10-17 11:00:00+08:00,17.799999237060547,17.799999237060547,17.799999237060547,17.799999237060547,1000,0.0,0.0
2023-10-17 12:00:00+08:00,17.850000381469727,17.850000381469727,17.850000381469727,17.850000381469727,2209,0.0,0.0
2023-10-18 10:00:00+08:00,17.899999618530273,17.899999618530273,17.799999237060547,17.799999237060547,1000,0.0,0.0
2023-10-18 12:00:00+08:00,17.649999618530273,17.649999618530273,17.200000762939453,17.200000762939453,15000,0.0,0.0
2023-10-18 13:00:00+08:00,17.149999618530273,17.200000762939453,17.149999618530273,17.149999618530273,4000,0.0,0.0
2023-10-20 10:00:00+08:00,17.5,17.5,17.5,17.5,0,0.0,0.0
2023-10-20 11:00:00+08:00,17.5,17.700000762939453,17.5,17.700000762939453,3000,0.0,0.0
2023-10-20 12:00:00+08:00,17.799999237060547,17.799999237060547,17.799999237060547,17.799999237060547,1000,0.0,0.0
2023-10-23 10:00:00+08:00,17.399999618530273,17.399999618530273,17.399999618530273,17.399999618530273,0,0.0,0.0
2023-10-23 12:00:00+08:00,17.799999237060547,17.799999237060547,17.799999237060547,17.799999237060547,0,0.0,0.0
2023-10-24 10:00:00+08:00,17.600000381469727,17.700000762939453,17.600000381469727,17.700000762939453,5000,0.0,0.0
2023-10-24 11:00:00+08:00,17.600000381469727,17.600000381469727,17.600000381469727,17.600000381469727,3000,0.0,0.0
2023-10-24 12:00:00+08:00,17.75,17.75,17.75,17.75,5000,0.0,0.0
2023-10-25 10:00:00+08:00,17.75,17.799999237060547,17.75,17.799999237060547,1000,0.0,0.0
2023-10-26 10:00:00+08:00,17.799999237060547,17.799999237060547,17.5,17.600000381469727,5000,0.0,0.0
2023-10-26 11:00:00+08:00,17.600000381469727,17.600000381469727,17.600000381469727,17.600000381469727,1000,0.0,0.0
2023-10-26 12:00:00+08:00,17.5,17.600000381469727,17.5,17.600000381469727,3179,0.0,0.0
2023-10-27 11:00:00+08:00,17.600000381469727,17.600000381469727,17.600000381469727,17.600000381469727,0,0.0,0.0
2023-10-30 12:00:00+08:00,17.200000762939453,17.200000762939453,17.200000762939453,17.200000762939453,3,0.0,0.0
2023-10-30 13:00:00+08:00,17.5,17.5,17.5,17.5,1000,0.0,0.0
2023-10-31 10:00:00+08:00,17.950000762939453,17.950000762939453,17.950000762939453,17.950000762939453,0,0.0,0.0
2023-10-31 11:00:00+08:00,17.5,17.5,17.5,17.5,4000,0.0,0.0
2023-10-31 12:00:00+08:00,17.5,17.5,17.5,17.5,4000,0.0,0.0
2023-11-01 09:00:00+08:00,17.299999237060547,17.299999237060547,17.299999237060547,17.299999237060547,0,0.0,0.0
2023-11-01 13:00:00+08:00,17.399999618530273,17.5,17.399999618530273,17.5,0,0.0,0.0
2023-11-02 10:00:00+08:00,17.600000381469727,17.600000381469727,17.5,17.549999237060547,10000,0.0,0.0
2023-11-02 11:00:00+08:00,17.600000381469727,17.600000381469727,17.600000381469727,17.600000381469727,2000,0.0,0.0
2023-11-02 12:00:00+08:00,17.549999237060547,17.549999237060547,17.5,17.5,7160,0.0,0.0
2023-11-03 09:00:00+08:00,17.549999237060547,17.549999237060547,17.549999237060547,17.549999237060547,0,0.0,0.0
2023-11-03 10:00:00+08:00,17.549999237060547,17.549999237060547,17.549999237060547,17.549999237060547,3000,0.0,0.0
2023-11-03 11:00:00+08:00,17.5,17.549999237060547,17.200000762939453,17.549999237060547,7000,0.0,0.0
2023-11-03 12:00:00+08:00,17.549999237060547,17.549999237060547,17.549999237060547,17.549999237060547,1000,0.0,0.0
2023-11-06 10:00:00+08:00,17.5,17.700000762939453,17.5,17.700000762939453,3200,0.0,0.0
2023-11-07 10:00:00+08:00,17.950000762939453,17.950000762939453,17.950000762939453,17.950000762939453,0,0.0,0.0
2023-11-07 11:00:00+08:00,17.799999237060547,17.799999237060547,17.799999237060547,17.799999237060547,0,0.0,0.0
2023-11-08 10:00:00+08:00,17.799999237060547,17.799999237060547,17.799999237060547,17.799999237060547,1000,0.0,0.0
2023-11-08 12:00:00+08:00,17.799999237060547,17.799999237060547,17.799999237060547,17.799999237060547,1000,0.0,0.0
2023-11-09 12:00:00+08:00,17.200000762939453,17.5,17.200000762939453,17.5,1255,0.0,0.0
2023-11-09 13:00:00+08:00,17.5,17.5,17.5,17.5,5000,0.0,0.0
2023-11-10 10:00:00+08:00,17.600000381469727,17.600000381469727,17.600000381469727,17.600000381469727,1140,0.0,0.0
2023-11-10 13:00:00+08:00,17.450000762939453,17.450000762939453,17.450000762939453,17.450000762939453,1000,0.0,0.0
2023-11-13 13:00:00+08:00,17.299999237060547,17.299999237060547,17.299999237060547,17.299999237060547,901,0.0,0.0
2023-11-14 09:00:00+08:00,17.399999618530273,17.399999618530273,17.299999237060547,17.299999237060547,47039,0.0,0.0
2023-11-14 10:00:00+08:00,17.350000381469727,17.600000381469727,17.350000381469727,17.600000381469727,8000,0.0,0.0
2023-11-14 11:00:00+08:00,17.600000381469727,17.600000381469727,17.350000381469727,17.350000381469727,4000,0.0,0.0
2023-11-14 13:00:00+08:00,17.399999618530273,17.399999618530273,17.350000381469727,17.350000381469727,4000,0.0,0.0
2023-11-15 09:00:00+08:00,18.0,18.0,17.399999618530273,17.399999618530273,0,0.0,0.0
2023-11-15 10:00:00+08:00,17.5,17.5,17.399999618530273,17.399999618530273,6000,0.0,0.0
2023-11-15 11:00:00+08:00,17.350000381469727,17.350000381469727,17.350000381469727,17.350000381469727,6000,0.0,0.0
2023-11-15 12:00:00+08:00,17.299999237060547,17.350000381469727,17.299999237060547,17.350000381469727,8000,0.0,0.0
2023-11-16 09:00:00+08:00,17.549999237060547,17.549999237060547,17.549999237060547,17.549999237060547,0,0.0,0.0
2023-11-16 10:00:00+08:00,17.350000381469727,17.350000381469727,17.299999237060547,17.299999237060547,4080,0.0,0.0
2023-11-16 11:00:00+08:00,17.299999237060547,17.299999237060547,17.299999237060547,17.299999237060547,1000,0.0,0.0
2023-11-16 13:00:00+08:00,17.600000381469727,17.600000381469727,17.600000381469727,17.600000381469727,0,0.0,0.0
2023-11-17 11:00:00+08:00,17.600000381469727,17.600000381469727,17.600000381469727,17.600000381469727,1021,0.0,0.0
2023-11-17 13:00:00+08:00,17.5,17.5,17.5,17.5,1000,0.0,0.0
2023-11-20 11:00:00+08:00,17.649999618530273,17.649999618530273,17.649999618530273,17.649999618530273,0,0.0,0.0
2023-11-20 12:00:00+08:00,17.649999618530273,17.649999618530273,17.649999618530273,17.649999618530273,1000,0.0,0.0
2023-11-21 09:00:00+08:00,17.5,17.5,17.25,17.25,6059,0.0,0.0
2023-11-21 10:00:00+08:00,17.25,17.5,17.25,17.5,4000,0.0,0.0
2023-11-21 11:00:00+08:00,17.600000381469727,17.600000381469727,17.600000381469727,17.600000381469727,3100,0.0,0.0
2023-11-22 09:00:00+08:00,17.25,17.299999237060547,17.25,17.299999237060547,0,0.0,0.0
2023-11-24 10:00:00+08:00,17.5,17.5,17.5,17.5,1000,0.0,0.0
2023-11-28 09:00:00+08:00,17.100000381469727,17.100000381469727,17.049999237060547,17.049999237060547,0,0.0,0.0
2023-11-28 10:00:00+08:00,17.049999237060547,17.5,17.049999237060547,17.5,4192,0.0,0.0
2023-11-28 13:00:00+08:00,17.399999618530273,17.450000762939453,17.399999618530273,17.399999618530273,4041,0.0,0.0
2023-11-29 11:00:00+08:00,17.100000381469727,17.100000381469727,17.100000381469727,17.100000381469727,2000,0.0,0.0
2023-11-29 12:00:00+08:00,17.049999237060547,17.049999237060547,17.049999237060547,17.049999237060547,1016,0.0,0.0
2023-11-30 09:00:00+08:00,17.0,17.0,16.850000381469727,17.0,5984,0.0,0.0
2023-11-30 10:00:00+08:00,17.0,17.0,16.950000762939453,16.950000762939453,11000,0.0,0.0
2023-11-30 11:00:00+08:00,17.0,17.0,17.0,17.0,3021,0.0,0.0
2023-11-30 13:00:00+08:00,17.0,17.0,17.0,17.0,1000,0.0,0.0
2023-12-01 13:00:00+08:00,17.350000381469727,17.350000381469727,17.350000381469727,17.350000381469727,1000,0.0,0.0
2023-12-04 09:00:00+08:00,17.0,17.0,17.0,17.0,0,0.0,0.0
2023-12-04 12:00:00+08:00,17.0,17.0,17.0,17.0,0,0.0,0.0
2023-12-05 09:00:00+08:00,17.049999237060547,17.049999237060547,17.049999237060547,17.049999237060547,2100,0.0,0.0
2023-12-05 11:00:00+08:00,17.299999237060547,17.299999237060547,17.299999237060547,17.299999237060547,2089,0.0,0.0
2023-12-05 12:00:00+08:00,17.049999237060547,17.049999237060547,17.049999237060547,17.049999237060547,1001,0.0,0.0
2023-12-05 13:00:00+08:00,17.0,17.0,17.0,17.0,4000,0.0,0.0
2023-12-06 09:00:00+08:00,17.049999237060547,17.049999237060547,17.049999237060547,17.049999237060547,0,0.0,0.0
2023-12-06 10:00:00+08:00,17.049999237060547,17.049999237060547,17.0,17.0,2000,0.0,0.0
2023-12-06 11:00:00+08:00,17.049999237060547,17.049999237060547,17.049999237060547,17.049999237060547,2000,0.0,0.0
2023-12-06 12:00:00+08:00,17.049999237060547,17.049999237060547,16.850000381469727,16.850000381469727,20000,0.0,0.0
2023-12-07 09:00:00+08:00,17.049999237060547,17.049999237060547,17.049999237060547,17.049999237060547,1000,0.0,0.0
2023-12-07 12:00:00+08:00,17.0,17.0,17.0,17.0,2000,0.0,0.0
2023-12-08 09:00:00+08:00,17.0,17.0,17.0,17.0,0,0.0,0.0
2023-12-08 12:00:00+08:00,17.0,17.0,17.0,17.0,2000,0.0,0.0
2023-12-11 11:00:00+08:00,17.0,17.0,17.0,17.0,0,0.0,0.0
2023-12-11 12:00:00+08:00,17.0,17.0,17.0,17.0,2000,0.0,0.0
2023-12-12 10:00:00+08:00,17.0,17.0,16.899999618530273,16.899999618530273,3000,0.0,0.0
2023-12-12 13:00:00+08:00,17.200000762939453,17.200000762939453,17.200000762939453,17.200000762939453,0,0.0,0.0
2023-12-13 09:00:00+08:00,17.200000762939453,17.200000762939453,17.200000762939453,17.200000762939453,5000,0.0,0.0
2023-12-13 11:00:00+08:00,17.200000762939453,17.25,17.200000762939453,17.25,16000,0.0,0.0
2023-12-14 10:00:00+08:00,17.0,17.0,17.0,17.0,0,0.0,0.0
2023-12-14 12:00:00+08:00,17.200000762939453,17.200000762939453,17.049999237060547,17.049999237060547,5000,0.0,0.0
2023-12-15 11:00:00+08:00,17.049999237060547,17.049999237060547,17.049999237060547,17.049999237060547,0,0.0,0.0
2023-12-15 13:00:00+08:00,17.049999237060547,17.049999237060547,17.049999237060547,17.049999237060547,1000,0.0,0.0
2023-12-18 10:00:00+08:00,17.049999237060547,17.049999237060547,17.049999237060547,17.049999237060547,0,0.0,0.0
2023-12-18 11:00:00+08:00,17.049999237060547,17.049999237060547,17.049999237060547,17.049999237060547,0,0.0,0.0
2023-12-19 09:00:00+08:00,17.049999237060547,17.049999237060547,17.049999237060547,17.049999237060547,4000,0.0,0.0
2023-12-19 12:00:00+08:00,17.049999237060547,17.200000762939453,17.049999237060547,17.200000762939453,2010,0.0,0.0
2023-12-20 09:00:00+08:00,17.200000762939453,17.200000762939453,17.200000762939453,17.200000762939453,0,0.0,0.0
2023-12-20 10:00:00+08:00,17.200000762939453,17.200000762939453,17.200000762939453,17.200000762939453,2000,0.0,0.0
2023-12-20 11:00:00+08:00,17.299999237060547,17.299999237060547,17.25,17.25,3000,0.0,0.0
2023-12-21 09:00:00+08:00,17.25,17.25,17.25,17.25,0,0.0,0.0
2023-12-21 10:00:00+08:00,17.299999237060547,17.299999237060547,17.299999237060547,17.299999237060547,2100,0.0,0.0
2023-12-21 11:00:00+08:00,17.25,17.25,17.25,17.25,1000,0.0,0.0
2023-12-21 13:00:00+08:00,17.25,17.25,17.25,17.25,0,0.0,0.0
2023-12-22 09:00:00+08:00,17.25,17.25,17.200000762939453,17.200000762939453,2000,0.0,0.0
2023-12-22 10:00:00+08:00,17.200000762939453,17.200000762939453,17.200000762939453,17.200000762939453,4000,0.0,0.0
2023-12-22 11:00:00+08:00,17.149999618530273,17.149999618530273,17.149999618530273,17.149999618530273,2000,0.0,0.0
2023-12-22 13:00:00+08:00,17.100000381469727,17.100000381469727,17.100000381469727,17.100000381469727,1000,0.0,0.0
2023-12-25 12:00:00+08:00,17.299999237060547,17.299999237060547,17.299999237060547,17.299999237060547,0,0.0,0.0
2023-12-25 13:00:00+08:00,17.299999237060547,17.299999237060547,17.299999237060547,17.299999237060547,2000,0.0,0.0
2023-12-26 09:00:00+08:00,17.200000762939453,17.299999237060547,17.200000762939453,17.299999237060547,1281,0.0,0.0
2023-12-27 09:00:00+08:00,17.25,17.25,17.25,17.25,0,0.0,0.0
2023-12-27 12:00:00+08:00,17.200000762939453,17.200000762939453,17.200000762939453,17.200000762939453,1000,0.0,0.0
2023-12-27 13:00:00+08:00,17.200000762939453,17.200000762939453,17.200000762939453,17.200000762939453,1000,0.0,0.0
2023-12-28 10:00:00+08:00,17.200000762939453,17.200000762939453,17.200000762939453,17.200000762939453,0,0.0,0.0
2023-12-28 11:00:00+08:00,17.200000762939453,17.200000762939453,17.200000762939453,17.200000762939453,1000,0.0,0.0
2023-12-28 12:00:00+08:00,17.200000762939453,17.200000762939453,17.200000762939453,17.200000762939453,2221,0.0,0.0
2023-12-29 10:00:00+08:00,17.299999237060547,17.299999237060547,17.299999237060547,17.299999237060547,0,0.0,0.0
2023-12-29 11:00:00+08:00,17.299999237060547,17.299999237060547,17.299999237060547,17.299999237060547,2000,0.0,0.0
2023-12-29 12:00:00+08:00,17.299999237060547,17.299999237060547,17.25,17.25,7000,0.0,0.0
2024-01-02 10:00:00+08:00,17.299999237060547,17.299999237060547,17.299999237060547,17.299999237060547,0,0.0,0.0
2024-01-02 13:00:00+08:00,17.350000381469727,17.350000381469727,17.350000381469727,17.350000381469727,0,0.0,0.0
2024-01-03 09:00:00+08:00,17.399999618530273,17.399999618530273,17.399999618530273,17.399999618530273,2022,0.0,0.0
2024-01-03 13:00:00+08:00,17.350000381469727,17.350000381469727,17.350000381469727,17.350000381469727,0,0.0,0.0
2024-01-04 09:00:00+08:00,16.850000381469727,17.100000381469727,16.850000381469727,17.100000381469727,3000,0.0,0.0
2024-01-04 10:00:00+08:00,17.100000381469727,17.100000381469727,17.100000381469727,17.100000381469727,1001,0.0,0.0
2024-01-04 12:00:00+08:00,17.299999237060547,17.299999237060547,17.299999237060547,17.299999237060547,1000,0.0,0.0
2024-01-04 13:00:00+08:00,17.299999237060547,17.299999237060547,17.299999237060547,17.299999237060547,1000,0.0,0.0
2024-01-05 09:00:00+08:00,17.399999618530273,17.399999618530273,17.399999618530273,17.399999618530273,0,0.0,0.0
2024-01-05 11:00:00+08:00,17.299999237060547,17.299999237060547,17.299999237060547,17.299999237060547,1013,0.0,0.0
2024-01-08 09:00:00+08:00,17.5,17.600000381469727,17.5,17.600000381469727,0,0.0,0.0
2024-01-08 10:00:00+08:00,17.350000381469727,17.399999618530273,17.299999237060547,17.399999618530273,44000,0.0,0.0
2024-01-08 11:00:00+08:00,17.350000381469727,17.399999618530273,17.350000381469727,17.399999618530273,22000,0.0,0.0
2024-01-08 12:00:00+08:00,17.399999618530273,17.450000762939453,17.399999618530273,17.450000762939453,2000,0.0,0.0
2024-01-08 13:00:00+08:00,17.5,17.600000381469727,17.5,17.600000381469727,13580,0.0,0.0
2024-01-09 09:00:00+08:00,18.0,19.600000381469727,18.0,19.100000381469727,116424,0.0,0.0
2024-01-09 10:00:00+08:00,19.049999237060547,19.600000381469727,19.049999237060547,19.600000381469727,107539,0.0,0.0
2024-01-09 11:00:00+08:00,19.600000381469727,19.600000381469727,19.600000381469727,19.600000381469727,68309,0.0,0.0
2024-01-09 12:00:00+08:00,19.600000381469727,19.600000381469727,19.600000381469727,19.600000381469727,8928,0.0,0.0
2024-01-09 13:00:00+08:00,19.600000381469727,19.600000381469727,19.600000381469727,19.600000381469727,42001,0.0,0.0
2024-01-10 09:00:00+08:00,21.549999237060547,21.549999237060547,20.950000762939453,21.549999237060547,0,0.0,0.0
2024-01-10 10:00:00+08:00,21.549999237060547,21.549999237060547,21.549999237060547,21.549999237060547,34897,0.0,0.0
2024-01-10 11:00:00+08:00,21.549999237060547,21.549999237060547,21.549999237060547,21.549999237060547,4370,0.0,0.0
2024-01-10 12:00:00+08:00,21.549999237060547,21.549999237060547,21.549999237060547,21.549999237060547,8479,0.0,0.0
2024-01-10 13:00:00+08:00,21.549999237060547,21.549999237060547,21.549999237060547,21.549999237060547,10001,0.0,0.0
2024-01-11 09:00:00+08:00,22.100000381469727,23.700000762939453,22.100000381469727,23.700000762939453,116831,0.0,0.0
2024-01-11 10:00:00+08:00,23.700000762939453,23.700000762939453,23.700000762939453,23.700000762939453,33607,0.0,0.0
2024-01-11 11:00:00+08:00,23.700000762939453,23.700000762939453,23.700000762939453,23.700000762939453,31441,0.0,0.0
2024-01-11 12:00:00+08:00,23.700000762939453,23.700000762939453,23.700000762939453,23.700000762939453,16511,0.0,0.0
2024-01-11 13:00:00+08:00,23.700000762939453,23.700000762939453,23.700000762939453,23.700000762939453,5200,0.0,0.0
2024-01-12 09:00:00+08:00,24.399999618530273,24.5,21.700000762939453,22.5,445148,0.0,0.0
2024-01-12 10:00:00+08:00,22.899999618530273,22.899999618530273,22.25,22.299999237060547,24224,0.0,0.0
2024-01-12 11:00:00+08:00,22.350000381469727,22.549999237060547,22.25,22.549999237060547,15000,0.0,0.0
2024-01-12 12:00:00+08:00,22.399999618530273,23.100000381469727,22.299999237060547,22.649999618530273,121481,0.0,0.0
2024-01-12 13:00:00+08:00,22.649999618530273,23.0,22.649999618530273,23.0,32442,0.0,0.0
2024-01-15 09:00:00+08:00,22.700000762939453,22.700000762939453,21.799999237060547,22.399999618530273,0,0.0,0.0
2024-01-15 10:00:00+08:00,22.399999618530273,22.399999618530273,22.200000762939453,22.200000762939453,40012,0.0,0.0
2024-01-15 11:00:00+08:00,22.450000762939453,22.799999237060547,22.399999618530273,22.799999237060547,24200,0.0,0.0
2024-01-15 12:00:00+08:00,22.799999237060547,23.299999237060547,22.700000762939453,23.0,72006,0.0,0.0
2024-01-15 13:00:00+08:00,23.049999237060547,23.399999618530273,23.049999237060547,23.049999237060547,23000,0.0,0.0
2024-01-16 09:00:00+08:00,23.399999618530273,25.700000762939453,23.049999237060547,25.700000762939453,3653,0.0,0.0
2024-01-16 10:00:00+08:00,25.700000762939453,25.700000762939453,25.700000762939453,25.700000762939453,12717,0.0,0.0
2024-01-16 11:00:00+08:00,25.700000762939453,25.700000762939453,25.700000762939453,25.700000762939453,4122,0.0,0.0
2024-01-16 12:00:00+08:00,25.700000762939453,25.700000762939453,25.700000762939453,25.700000762939453,3120,0.0,0.0
2024-01-16 13:00:00+08:00,25.700000762939453,25.700000762939453,25.700000762939453,25.700000762939453,3080,0.0,0.0
2024-01-17 09:00:00+08:00,27.399999618530273,27.399999618530273,24.0,25.5,34350,0.0,0.0
2024-01-17 10:00:00+08:00,25.5,25.5,25.0,25.0,62196,0.0,0.0
2024-01-17 11:00:00+08:00,25.0,25.049999237060547,24.5,25.049999237060547,45400,0.0,0.0
2024-01-17 12:00:00+08:00,25.049999237060547,25.049999237060547,25.0,25.049999237060547,24049,0.0,0.0
2024-01-17 13:00:00+08:00,25.0,25.049999237060547,24.850000381469727,25.0,24087,0.0,0.0
2024-01-18 09:00:00+08:00,24.799999237060547,24.799999237060547,22.549999237060547,22.950000762939453,0,0.0,0.0
2024-01-18 10:00:00+08:00,24.350000381469727,24.350000381469727,24.0,24.0,6001,0.0,0.0
2024-01-18 11:00:00+08:00,23.899999618530273,23.899999618530273,23.899999618530273,23.899999618530273,5410,0.0,0.0
2024-01-18 12:00:00+08:00,23.75,23.75,23.399999618530273,23.5,10146,0.0,0.0
2024-01-18 13:00:00+08:00,23.5,23.75,23.5,23.75,28000,0.0,0.0
2024-01-19 09:00:00+08:00,22.700000762939453,22.700000762939453,21.25,21.899999618530273,0,0.0,0.0
2024-01-19 10:00:00+08:00,22.5,22.850000381469727,22.5,22.799999237060547,18200,0.0,0.0
2024-01-19 11:00:00+08:00,22.649999618530273,22.899999618530273,22.299999237060547,22.899999618530273,24705,0.0,0.0
2024-01-19 12:00:00+08:00,22.899999618530273,23.049999237060547,22.899999618530273,22.899999618530273,13010,0.0,0.0
2024-01-19 13:00:00+08:00,22.899999618530273,23.100000381469727,22.899999618530273,23.100000381469727,6000,0.0,0.0
2024-01-22 09:00:00+08:00,22.899999618530273,24.100000381469727,22.600000381469727,23.700000762939453,70040,0.0,0.0
2024-01-22 10:00:00+08:00,23.5,23.5,22.700000762939453,22.799999237060547,45000,0.0,0.0
2024-01-22 11:00:00+08:00,22.850000381469727,22.850000381469727,22.799999237060547,22.799999237060547,17000,0.0,0.0
2024-01-22 12:00:00+08:00,22.850000381469727,22.899999618530273,22.850000381469727,22.899999618530273,6101,0.0,0.0
2024-01-22 13:00:00+08:00,22.899999618530273,22.899999618530273,22.850000381469727,22.850000381469727,3050,0.0,0.0
2024-01-23 09:00:00+08:00,22.850000381469727,22.850000381469727,22.75,22.75,0,0.0,0.0
2024-01-23 10:00:00+08:00,22.700000762939453,22.75,22.600000381469727,22.700000762939453,37379,0.0,0.0
2024-01-23 11:00:00+08:00,22.75,22.75,22.75,22.75,4000,0.0,0.0
2024-01-23 12:00:00+08:00,22.850000381469727,23.0,22.850000381469727,22.850000381469727,16040,0.0,0.0
2024-01-23 13:00:00+08:00,22.850000381469727,23.25,22.799999237060547,23.25,10002,0.0,0.0
2024-01-24 09:00:00+08:00,22.950000762939453,22.950000762939453,22.5,22.799999237060547,6000,0.0,0.0
2024-01-24 11:00:00+08:00,22.799999237060547,22.799999237060547,22.700000762939453,22.700000762939453,21010,0.0,0.0
2024-01-24 12:00:00+08:00,22.700000762939453,22.700000762939453,22.350000381469727,22.350000381469727,38000,0.0,0.0
2024-01-24 13:00:00+08:00,22.350000381469727,22.799999237060547,22.299999237060547,22.799999237060547,19090,0.0,0.0
2024-01-25 09:00:00+08:00,22.0,22.899999618530273,22.0,22.899999618530273,0,0.0,0.0
2024-01-25 10:00:00+08:00,22.799999237060547,22.799999237060547,22.299999237060547,22.299999237060547,7000,0.0,0.0
2024-01-25 11:00:00+08:00,22.700000762939453,22.75,22.700000762939453,22.700000762939453,6000,0.0,0.0
2024-01-25 12:00:00+08:00,22.75,22.75,22.700000762939453,22.700000762939453,8000,0.0,0.0
2024-01-25 13:00:00+08:00,22.700000762939453,22.850000381469727,22.700000762939453,22.850000381469727,10108,0.0,0.0
2024-01-26 09:00:00+08:00,21.700000762939453,22.450000762939453,21.649999618530273,22.450000762939453,0,0.0,0.0
2024-01-26 10:00:00+08:00,22.5,22.5,22.5,22.5,4000,0.0,0.0
2024-01-26 11:00:00+08:00,22.5,22.5,22.450000762939453,22.450000762939453,7000,0.0,0.0
2024-01-26 12:00:00+08:00,22.5,22.5,22.399999618530273,22.5,12000,0.0,0.0
2024-01-26 13:00:00+08:00,22.799999237060547,22.799999237060547,22.799999237060547,22.799999237060547,1000,0.0,0.0
2024-01-29 09:00:00+08:00,21.899999618530273,22.149999618530273,21.899999618530273,22.149999618530273,0,0.0,0.0
2024-01-29 10:00:00+08:00,22.450000762939453,23.299999237060547,22.299999237060547,22.950000762939453,32200,0.0,0.0
2024-01-29 11:00:00+08:00,22.799999237060547,22.799999237060547,22.799999237060547,22.799999237060547,1000,0.0,0.0
2024-01-29 12:00:00+08:00,22.850000381469727,22.950000762939453,22.850000381469727,22.950000762939453,8051,0.0,0.0
2024-01-29 13:00:00+08:00,22.899999618530273,22.899999618530273,22.899999618530273,22.899999618530273,1000,0.0,0.0
2024-01-30 09:00:00+08:00,23.0,25.149999618530273,23.0,25.149999618530273,47844,0.0,0.0
2024-01-30 10:00:00+08:00,25.149999618530273,25.149999618530273,24.0,24.200000762939453,48289,0.0,0.0
2024-01-30 11:00:00+08:00,24.5,24.75,24.25,24.25,18806,0.0,0.0
2024-01-30 12:00:00+08:00,24.25,24.450000762939453,24.100000381469727,24.450000762939453,14012,0.0,0.0
2024-01-30 13:00:00+08:00,24.450000762939453,24.75,24.25,24.75,22000,0.0,0.0
2024-01-31 09:00:00+08:00,24.0,24.200000762939453,23.5,23.5,95000,0.0,0.0
2024-01-31 10:00:00+08:00,23.5,23.5,23.200000762939453,23.5,16000,0.0,0.0
2024-01-31 11:00:00+08:00,23.549999237060547,24.100000381469727,23.5,23.950000762939453,16023,0.0,0.0
2024-01-31 12:00:00+08:00,23.700000762939453,24.0,23.600000381469727,24.0,4159,0.0,0.0
2024-01-31 13:00:00+08:00,24.100000381469727,24.100000381469727,24.049999237060547,24.049999237060547,6000,0.0,0.0
2024-02-01 09:00:00+08:00,24.049999237060547,24.049999237060547,23.5,23.5,0,0.0,0.0
2024-02-01 10:00:00+08:00,23.700000762939453,23.75,23.700000762939453,23.75,5000,0.0,0.0
2024-02-01 11:00:00+08:00,23.799999237060547,23.799999237060547,23.700000762939453,23.700000762939453,7000,0.0,0.0
2024-02-01 12:00:00+08:00,23.700000762939453,23.700000762939453,23.149999618530273,23.299999237060547,47069,0.0,0.0
2024-02-01 13:00:00+08:00,23.350000381469727,23.899999618530273,23.350000381469727,23.899999618530273,0,0.0,0.0
2024-02-02 09:00:00+08:00,24.0,24.0,23.600000381469727,23.600000381469727,23018,0.0,0.0
2024-02-02 10:00:00+08:00,23.600000381469727,23.600000381469727,23.600000381469727,23.600000381469727,7000,0.0,0.0
2024-02-02 11:00:00+08:00,23.600000381469727,23.799999237060547,23.600000381469727,23.799999237060547,3000,0.0,0.0
2024-02-02 12:00:00+08:00,23.799999237060547,23.850000381469727,23.700000762939453,23.700000762939453,10001,0.0,0.0
2024-02-02 13:00:00+08:00,23.700000762939453,23.850000381469727,23.649999618530273,23.850000381469727,13099,0.0,0.0
2024-02-05 09:00:00+08:00,23.649999618530273,23.649999618530273,23.600000381469727,23.649999618530273,0,0.0,0.0
2024-02-05 10:00:00+08:00,23.700000762939453,23.700000762939453,23.700000762939453,23.700000762939453,14000,0.0,0.0
2024-02-05 11:00:00+08:00,23.75,23.799999237060547,23.75,23.799999237060547,3098,0.0,0.0
2024-02-05 12:00:00+08:00,23.75,23.75,23.700000762939453,23.75,7500,0.0,0.0
2024-02-05 13:00:00+08:00,23.700000762939453,23.75,23.700000762939453,23.75,11000,0.0,0.0
2024-02-15 09:00:00+08:00,23.700000762939453,23.899999618530273,23.649999618530273,23.799999237060547,0,0.0,0.0
2024-02-15 10:00:00+08:00,23.799999237060547,23.850000381469727,23.600000381469727,23.799999237060547,48000,0.0,0.0
2024-02-15 11:00:00+08:00,23.700000762939453,23.700000762939453,23.700000762939453,23.700000762939453,2000,0.0,0.0
2024-02-15 12:00:00+08:00,23.899999618530273,24.299999237060547,23.700000762939453,24.100000381469727,23700,0.0,0.0
2024-02-15 13:00:00+08:00,23.799999237060547,23.799999237060547,23.799999237060547,23.799999237060547,0,0.0,0.0
2024-02-16 09:00:00+08:00,23.799999237060547,24.399999618530273,23.799999237060547,24.299999237060547,57160,0.0,0.0
2024-02-16 10:00:00+08:00,24.200000762939453,26.149999618530273,24.200000762939453,25.100000381469727,102673,0.0,0.0
2024-02-16 11:00:00+08:00,25.149999618530273,25.850000381469727,25.149999618530273,25.850000381469727,6000,0.0,0.0
2024-02-16 12:00:00+08:00,25.5,25.75,25.5,25.75,12350,0.0,0.0
2024-02-16 13:00:00+08:00,25.5,25.75,25.5,25.700000762939453,10589,0.0,0.0
2024-02-19 09:00:00+08:00,26.100000381469727,26.100000381469727,25.299999237060547,25.700000762939453,0,0.0,0.0
2024-02-19 10:00:00+08:00,25.950000762939453,27.299999237060547,25.950000762939453,26.899999618530273,39570,0.0,0.0
2024-02-19 11:00:00+08:00,26.850000381469727,26.899999618530273,26.399999618530273,26.899999618530273,18000,0.0,0.0
2024-02-19 12:00:00+08:00,26.850000381469727,28.649999618530273,26.850000381469727,28.0,135017,0.0,0.0
2024-02-19 13:00:00+08:00,28.0,28.399999618530273,27.5,28.149999618530273,30115,0.0,0.0
2024-02-20 09:00:00+08:00,28.399999618530273,28.549999237060547,27.950000762939453,28.5,0,0.0,0.0
2024-02-20 10:00:00+08:00,28.5,28.5,27.950000762939453,27.950000762939453,26322,0.0,0.0
2024-02-20 11:00:00+08:00,27.899999618530273,28.0,27.5,27.5,31000,0.0,0.0
2024-02-20 12:00:00+08:00,27.25,27.950000762939453,26.100000381469727,26.100000381469727,67000,0.0,0.0
2024-02-20 13:00:00+08:00,26.149999618530273,27.600000381469727,26.149999618530273,27.600000381469727,13265,0.0,0.0
2024-02-21 09:00:00+08:00,26.25,26.5,26.25,26.5,0,0.0,0.0
2024-02-21 10:00:00+08:00,26.450000762939453,26.649999618530273,26.350000381469727,26.399999618530273,14120,0.0,0.0
2024-02-21 11:00:00+08:00,26.350000381469727,26.350000381469727,26.049999237060547,26.049999237060547,31000,0.0,0.0
2024-02-21 12:00:00+08:00,26.100000381469727,26.299999237060547,26.100000381469727,26.299999237060547,12000,0.0,0.0
2024-02-21 13:00:00+08:00,26.350000381469727,26.350000381469727,26.299999237060547,26.299999237060547,2050,0.0,0.0
2024-02-22 09:00:00+08:00,26.100000381469727,26.100000381469727,25.899999618530273,25.899999618530273,0,0.0,0.0
2024-02-22 10:00:00+08:00,25.950000762939453,25.950000762939453,25.950000762939453,25.950000762939453,1500,0.0,0.0
2024-02-22 11:00:00+08:00,26.0,26.0,25.899999618530273,25.899999618530273,13030,0.0,0.0
2024-02-22 12:00:00+08:00,26.0,26.049999237060547,26.0,26.049999237060547,11000,0.0,0.0
2024-02-22 13:00:00+08:00,26.049999237060547,26.049999237060547,26.0,26.049999237060547,13217,0.0,0.0
2024-02-23 09:00:00+08:00,27.200000762939453,27.200000762939453,26.5,26.5,11041,0.0,0.0
2024-02-23 10:00:00+08:00,26.5,26.5,26.5,26.5,1000,0.0,0.0
2024-02-23 11:00:00+08:00,26.5,26.5,26.5,26.5,1000,0.0,0.0
2024-02-23 12:00:00+08:00,26.350000381469727,26.350000381469727,26.350000381469727,26.350000381469727,2040,0.0,0.0
2024-02-23 13:00:00+08:00,26.350000381469727,26.350000381469727,26.350000381469727,26.350000381469727,2000,0.0,0.0
2024-02-26 09:00:00+08:00,26.399999618530273,26.399999618530273,26.149999618530273,26.149999618530273,0,0.0,0.0
2024-02-26 10:00:00+08:00,26.0,26.149999618530273,26.0,26.149999618530273,3199,0.0,0.0
2024-02-26 11:00:00+08:00,26.049999237060547,26.100000381469727,26.049999237060547,26.100000381469727,4010,0.0,0.0
2024-02-26 13:00:00+08:00,26.100000381469727,26.100000381469727,26.049999237060547,26.049999237060547,6000,0.0,0.0
2024-02-27 09:00:00+08:00,26.149999618530273,26.149999618530273,26.149999618530273,26.149999618530273,0,0.0,0.0
2024-02-27 10:00:00+08:00,26.0,26.049999237060547,26.0,26.049999237060547,14000,0.0,0.0
2024-02-27 11:00:00+08:00,26.049999237060547,26.049999237060547,26.049999237060547,26.049999237060547,1000,0.0,0.0
2024-02-27 12:00:00+08:00,26.5,26.5,26.049999237060547,26.049999237060547,8000,0.0,0.0
2024-02-27 13:00:00+08:00,26.049999237060547,26.049999237060547,26.049999237060547,26.049999237060547,2000,0.0,0.0
2024-02-29 09:00:00+08:00,26.399999618530273,26.399999618530273,26.399999618530273,26.399999618530273,0,0.0,0.0
2024-02-29 10:00:00+08:00,26.399999618530273,26.399999618530273,26.299999237060547,26.299999237060547,14000,0.0,0.0
2024-02-29 11:00:00+08:00,26.100000381469727,26.299999237060547,26.0,26.299999237060547,4000,0.0,0.0
2024-02-29 12:00:00+08:00,26.200000762939453,26.200000762939453,26.100000381469727,26.100000381469727,6000,0.0,0.0
2024-02-29 13:00:00+08:00,26.100000381469727,26.100000381469727,26.100000381469727,26.100000381469727,1000,0.0,0.0
2024-03-01 09:00:00+08:00,26.600000381469727,26.600000381469727,26.399999618530273,26.399999618530273,0,0.0,0.0
2024-03-01 11:00:00+08:00,26.350000381469727,26.350000381469727,26.049999237060547,26.049999237060547,6000,0.0,0.0
2024-03-01 12:00:00+08:00,26.100000381469727,26.100000381469727,26.049999237060547,26.100000381469727,7000,0.0,0.0
2024-03-01 13:00:00+08:00,26.200000762939453,26.200000762939453,26.200000762939453,26.200000762939453,0,0.0,0.0
2024-03-04 09:00:00+08:00,26.200000762939453,26.399999618530273,26.200000762939453,26.399999618530273,5000,0.0,0.0
2024-03-04 10:00:00+08:00,26.200000762939453,26.299999237060547,26.200000762939453,26.299999237060547,7054,0.0,0.0
2024-03-04 11:00:00+08:00,26.200000762939453,26.25,26.200000762939453,26.25,5041,0.0,0.0
2024-03-04 12:00:00+08:00,26.25,26.25,26.0,26.0,17107,0.0,0.0
2024-03-04 13:00:00+08:00,26.0,26.0,26.0,26.0,4000,0.0,0.0
2024-03-05 09:00:00+08:00,25.450000762939453,26.0,25.450000762939453,25.950000762939453,0,0.0,0.0
2024-03-05 10:00:00+08:00,25.950000762939453,25.950000762939453,25.75,25.75,3000,0.0,0.0
2024-03-05 11:00:00+08:00,25.75,25.75,25.5,25.5,15854,0.0,0.0
2024-03-05 12:00:00+08:00,25.5,25.5,25.5,25.5,6410,0.0,0.0
2024-03-05 13:00:00+08:00,25.5,25.5,25.5,25.5,2116,0.0,0.0
2024-03-06 09:00:00+08:00,25.450000762939453,25.450000762939453,24.5,25.0,0,0.0,0.0
2024-03-06 10:00:00+08:00,25.0,25.0,25.0,25.0,2000,0.0,0.0
2024-03-06 11:00:00+08:00,25.0,25.0,25.0,25.0,12000,0.0,0.0
2024-03-06 12:00:00+08:00,25.0,25.0,24.799999237060547,24.850000381469727,10008,0.0,0.0
2024-03-06 13:00:00+08:00,24.799999237060547,24.899999618530273,24.799999237060547,24.899999618530273,8000,0.0,0.0
2024-03-07 09:00:00+08:00,24.200000762939453,24.600000381469727,24.100000381469727,24.600000381469727,0,0.0,0.0
2024-03-07 10:00:00+08:00,24.299999237060547,24.75,24.25,24.75,6100,0.0,0.0
2024-03-07 12:00:00+08:00,24.5,24.5,24.100000381469727,24.100000381469727,14056,0.0,0.0
2024-03-07 13:00:00+08:00,24.100000381469727,24.149999618530273,24.100000381469727,24.100000381469727,0,0.0,0.0
2024-03-08 09:00:00+08:00,24.100000381469727,24.100000381469727,24.100000381469727,24.100000381469727,3000,0.0,0.0
2024-03-08 10:00:00+08:00,24.049999237060547,24.100000381469727,24.0,24.0,4040,0.0,0.0
2024-03-08 11:00:00+08:00,24.049999237060547,24.049999237060547,24.049999237060547,24.049999237060547,1400,0.0,0.0
2024-03-08 12:00:00+08:00,24.100000381469727,24.100000381469727,24.100000381469727,24.100000381469727,2000,0.0,0.0
2024-03-08 13:00:00+08:00,24.100000381469727,25.399999618530273,24.100000381469727,25.399999618530273,6000,0.0,0.0
2024-03-11 09:00:00+08:00,24.799999237060547,25.399999618530273,24.799999237060547,25.399999618530273,0,0.0,0.0
2024-03-11 11:00:00+08:00,25.299999237060547,25.399999618530273,24.700000762939453,24.700000762939453,15021,0.0,0.0
2024-03-11 12:00:00+08:00,25.399999618530273,25.399999618530273,25.399999618530273,25.399999618530273,2101,0.0,0.0
2024-03-11 13:00:00+08:00,24.75,24.75,24.700000762939453,24.700000762939453,2000,0.0,0.0
2024-03-12 10:00:00+08:00,24.75,25.399999618530273,24.75,25.399999618530273,3000,0.0,0.0
2024-03-12 11:00:00+08:00,24.700000762939453,24.700000762939453,24.649999618530273,24.649999618530273,4000,0.0,0.0
2024-03-12 12:00:00+08:00,24.600000381469727,24.600000381469727,24.600000381469727,24.600000381469727,1000,0.0,0.0
2024-03-12 13:00:00+08:00,24.600000381469727,25.299999237060547,24.600000381469727,25.299999237060547,2000,0.0,0.0
2024-03-13 09:00:00+08:00,24.850000381469727,24.850000381469727,24.850000381469727,24.850000381469727,0,0.0,0.0
2024-03-13 11:00:00+08:00,24.799999237060547,24.850000381469727,24.799999237060547,24.850000381469727,5010,0.0,0.0
2024-03-13 12:00:00+08:00,24.850000381469727,24.899999618530273,24.799999237060547,24.799999237060547,6040,0.0,0.0
2024-03-14 13:00:00+08:00,24.5,24.799999237060547,24.5,24.799999237060547,1000,0.0,0.0
2024-03-15 12:00:00+08:00,24.100000381469727,24.649999618530273,24.100000381469727,24.649999618530273,6000,0.0,0.0
2024-03-15 13:00:00+08:00,24.75,24.75,24.75,24.75,1000,0.0,0.0
2024-03-18 13:00:00+08:00,24.299999237060547,24.600000381469727,23.5,24.600000381469727,14024,0.0,0.0
2024-03-19 09:00:00+08:00,24.600000381469727,24.600000381469727,24.600000381469727,24.600000381469727,0,0.0,0.0
2024-03-19 13:00:00+08:00,24.200000762939453,24.200000762939453,24.049999237060547,24.049999237060547,8000,0.0,0.0
2024-03-20 13:00:00+08:00,24.5,24.5,24.5,24.5,0,0.0,0.0
2024-03-21 09:00:00+08:00,24.5,24.5,23.899999618530273,23.899999618530273,4000,0.0,0.0
2024-03-21 10:00:00+08:00,23.899999618530273,23.899999618530273,23.899999618530273,23.899999618530273,3000,0.0,0.0
2024-03-21 11:00:00+08:00,23.899999618530273,23.899999618530273,23.899999618530273,23.899999618530273,2000,0.0,0.0
2024-03-21 12:00:00+08:00,24.5,24.5,23.850000381469727,23.850000381469727,3000,0.0,0.0
2024-03-22 10:00:00+08:00,24.0,24.0,24.0,24.0,1840,0.0,0.0
2024-03-22 11:00:00+08:00,23.850000381469727,23.850000381469727,23.850000381469727,23.850000381469727,1000,0.0,0.0
2024-03-22 13:00:00+08:00,23.950000762939453,23.950000762939453,23.950000762939453,23.950000762939453,1000,0.0,0.0
2024-03-25 12:00:00+08:00,24.0,24.0,24.0,24.0,0,0.0,0.0
2024-03-25 13:00:00+08:00,24.0,24.0,24.0,24.0,2000,0.0,0.0
2024-03-26 11:00:00+08:00,24.200000762939453,24.200000762939453,24.100000381469727,24.100000381469727,1000,0.0,0.0
2024-03-26 12:00:00+08:00,24.0,24.0,24.0,24.0,3007,0.0,0.0
2024-03-26 13:00:00+08:00,24.0,24.049999237060547,24.0,24.049999237060547,0,0.0,0.0
2024-03-27 12:00:00+08:00,23.649999618530273,23.649999618530273,23.649999618530273,23.649999618530273,2000,0.0,0.0
2024-03-28 09:00:00+08:00,23.0,24.5,23.0,24.5,4060,0.0,0.0
2024-03-29 09:00:00+08:00,24.0,24.0,24.0,24.0,1000,0.0,0.0
2024-03-29 10:00:00+08:00,24.0,24.799999237060547,24.0,24.799999237060547,2000,0.0,0.0
2024-03-29 11:00:00+08:00,23.649999618530273,23.649999618530273,23.649999618530273,23.649999618530273,2000,0.0,0.0
2024-03-29 12:00:00+08:00,23.799999237060547,23.799999237060547,23.799999237060547,23.799999237060547,1000,0.0,0.0
2024-04-02 10:00:00+08:00,24.399999618530273,24.399999618530273,24.399999618530273,24.399999618530273,1090,0.0,0.0
2024-04-02 11:00:00+08:00,23.899999618530273,23.899999618530273,23.5,23.5,7000,0.0,0.0
2024-04-02 12:00:00+08:00,23.5,23.5,23.5,23.5,7000,0.0,0.0
2024-04-02 13:00:00+08:00,23.600000381469727,23.850000381469727,23.600000381469727,23.850000381469727,2000,0.0,0.0
2024-04-03 13:00:00+08:00,23.850000381469727,23.850000381469727,23.850000381469727,23.850000381469727,2000,0.0,0.0
2024-04-08 09:00:00+08:00,24.5,24.600000381469727,24.5,24.5,0,0.0,0.0
2024-04-08 11:00:00+08:00,24.450000762939453,24.5,24.450000762939453,24.5,8000,0.0,0.0
2024-04-08 12:00:00+08:00,24.450000762939453,24.450000762939453,24.450000762939453,24.450000762939453,1000,0.0,0.0
2024-04-09 10:00:00+08:00,24.0,24.0,23.799999237060547,24.0,1000,0.0,0.0
2024-04-09 11:00:00+08:00,24.0,24.0,24.0,24.0,3000,0.0,0.0
2024-04-09 12:00:00+08:00,24.100000381469727,24.100000381469727,24.100000381469727,24.100000381469727,1000,0.0,0.0
2024-04-10 09:00:00+08:00,25.0,25.0,24.5,24.5,0,0.0,0.0
2024-04-10 10:00:00+08:00,24.399999618530273,24.700000762939453,24.399999618530273,24.700000762939453,3000,0.0,0.0
2024-04-10 11:00:00+08:00,24.5,24.5,24.5,24.5,2000,0.0,0.0
2024-04-10 12:00:00+08:00,24.5,24.5,24.5,24.5,0,0.0,0.0
2024-04-12 10:00:00+08:00,23.950000762939453,23.950000762939453,23.799999237060547,23.850000381469727,4943,0.0,0.0
2024-04-12 12:00:00+08:00,23.899999618530273,23.899999618530273,23.899999618530273,23.899999618530273,2000,0.0,0.0
2024-04-12 13:00:00+08:00,24.200000762939453,24.200000762939453,24.200000762939453,24.200000762939453,1000,0.0,0.0
2024-04-15 10:00:00+08:00,23.950000762939453,23.950000762939453,23.950000762939453,23.950000762939453,2000,0.0,0.0
2024-04-15 11:00:00+08:00,23.5,23.549999237060547,23.5,23.5,7000,0.0,0.0
2024-04-15 13:00:00+08:00,23.549999237060547,23.549999237060547,23.549999237060547,23.549999237060547,1000,0.0,0.0
2024-04-16 09:00:00+08:00,23.5,23.5,23.5,23.5,0,0.0,0.0
2024-04-16 10:00:00+08:00,23.5,23.5,23.5,23.5,5000,0.0,0.0
2024-04-16 12:00:00+08:00,23.549999237060547,23.549999237060547,23.549999237060547,23.549999237060547,1000,0.0,0.0
2024-04-17 10:00:00+08:00,23.600000381469727,23.600000381469727,23.600000381469727,23.600000381469727,0,0.0,0.0
2024-04-17 11:00:00+08:00,23.649999618530273,23.649999618530273,23.100000381469727,23.100000381469727,22056,0.0,0.0
2024-04-17 12:00:00+08:00,23.200000762939453,23.299999237060547,23.200000762939453,23.200000762939453,0,0.0,0.0
2024-04-18 09:00:00+08:00,23.200000762939453,23.200000762939453,23.200000762939453,23.200000762939453,2000,0.0,0.0
2024-04-18 12:00:00+08:00,23.200000762939453,23.200000762939453,23.200000762939453,23.200000762939453,2000,0.0,0.0
2024-04-18 13:00:00+08:00,23.75,23.75,23.75,23.75,1000,0.0,0.0
2024-04-19 09:00:00+08:00,23.100000381469727,23.100000381469727,23.100000381469727,23.100000381469727,0,0.0,0.0
2024-04-19 10:00:00+08:00,23.5,23.5,23.200000762939453,23.200000762939453,10000,0.0,0.0
2024-04-19 11:00:00+08:00,23.25,23.25,23.25,23.25,1000,0.0,0.0
2024-04-19 12:00:00+08:00,23.25,23.25,23.25,23.25,1000,0.0,0.0
2024-04-19 13:00:00+08:00,23.5,23.5,23.5,23.5,1000,0.0,0.0
2024-04-22 09:00:00+08:00,23.299999237060547,23.299999237060547,23.299999237060547,23.299999237060547,0,0.0,0.0
2024-04-22 10:00:00+08:00,23.25,23.25,23.25,23.25,1000,0.0,0.0
2024-04-22 12:00:00+08:00,23.25,23.25,23.200000762939453,23.200000762939453,2000,0.0,0.0
2024-04-22 13:00:00+08:00,23.5,23.5,23.5,23.5,1000,0.0,0.0
2024-04-23 13:00:00+08:00,23.5,23.5,23.5,23.5,0,0.0,0.0
2024-04-24 09:00:00+08:00,23.299999237060547,23.299999237060547,23.299999237060547,23.299999237060547,80,0.0,0.0
2024-04-24 12:00:00+08:00,23.350000381469727,23.350000381469727,23.299999237060547,23.299999237060547,0,0.0,0.0
2024-04-26 10:00:00+08:00,23.799999237060547,23.799999237060547,23.799999237060547,23.799999237060547,0,0.0,0.0
2024-04-26 11:00:00+08:00,23.799999237060547,23.799999237060547,23.799999237060547,23.799999237060547,1000,0.0,0.0
2024-04-26 12:00:00+08:00,23.799999237060547,23.799999237060547,23.299999237060547,23.799999237060547,9000,0.0,0.0
2024-04-29 09:00:00+08:00,23.25,23.25,23.25,23.25,0,0.0,0.0
2024-04-29 10:00:00+08:00,23.299999237060547,23.299999237060547,23.299999237060547,23.299999237060547,3000,0.0,0.0
2024-04-29 11:00:00+08:00,23.299999237060547,23.299999237060547,22.5,22.5,6000,0.0,0.0
2024-04-29 12:00:00+08:00,22.799999237060547,22.799999237060547,22.799999237060547,22.799999237060547,1016,0.0,0.0
2024-04-29 13:00:00+08:00,23.200000762939453,23.200000762939453,23.200000762939453,23.200000762939453,1000,0.0,0.0
2024-04-30 12:00:00+08:00,23.100000381469727,23.100000381469727,23.0,23.049999237060547,3000,0.0,0.0
2024-04-30 13:00:00+08:00,22.700000762939453,22.700000762939453,22.700000762939453,22.700000762939453,1000,0.0,0.0
2024-05-02 11:00:00+08:00,22.299999237060547,22.299999237060547,22.299999237060547,22.299999237060547,0,0.0,0.0
2024-05-02 12:00:00+08:00,22.299999237060547,22.299999237060547,22.299999237060547,22.299999237060547,5026,0.0,0.0
2024-05-02 13:00:00+08:00,22.299999237060547,22.5,22.299999237060547,22.5,0,0.0,0.0
2024-05-03 09:00:00+08:00,22.5,22.5,22.5,22.5,7000,0.0,0.0
2024-05-03 10:00:00+08:00,22.5,22.5,22.350000381469727,22.350000381469727,4100,0.0,0.0
2024-05-03 11:00:00+08:00,22.299999237060547,22.299999237060547,22.299999237060547,22.299999237060547,4000,0.0,0.0
2024-05-03 12:00:00+08:00,22.5,23.0,22.5,23.0,6159,0.0,0.0
2024-05-03 13:00:00+08:00,23.0,23.5,23.0,23.5,4000,0.0,0.0
2024-05-07 13:00:00+08:00,23.200000762939453,23.200000762939453,23.200000762939453,23.200000762939453,0,0.0,0.0
2024-05-08 09:00:00+08:00,24.0,24.0,23.850000381469727,24.0,1000,0.0,0.0
2024-05-08 10:00:00+08:00,24.0,24.0,24.0,24.0,1000,0.0,0.0
2024-05-08 11:00:00+08:00,23.850000381469727,23.850000381469727,23.0,23.0,5000,0.0,0.0
2024-05-08 12:00:00+08:00,23.049999237060547,23.049999237060547,23.049999237060547,23.049999237060547,1000,0.0,0.0
2024-05-08 13:00:00+08:00,24.0,24.700000762939453,24.0,24.700000762939453,6000,0.0,0.0
2024-05-09 09:00:00+08:00,23.799999237060547,23.799999237060547,23.799999237060547,23.799999237060547,0,0.0,0.0
2024-05-09 10:00:00+08:00,23.799999237060547,24.0,23.799999237060547,24.0,7080,0.0,0.0
2024-05-09 13:00:00+08:00,23.799999237060547,24.350000381469727,23.799999237060547,24.350000381469727,6000,0.0,0.0
2024-05-10 10:00:00+08:00,23.899999618530273,23.899999618530273,23.899999618530273,23.899999618530273,3000,0.0,0.0
2024-05-10 11:00:00+08:00,23.899999618530273,23.899999618530273,23.899999618530273,23.899999618530273,1000,0.0,0.0
2024-05-10 12:00:00+08:00,23.899999618530273,23.899999618530273,23.899999618530273,23.899999618530273,4001,0.0,0.0
2024-05-10 13:00:00+08:00,23.899999618530273,24.450000762939453,23.899999618530273,24.450000762939453,2000,0.0,0.0
2024-05-13 09:00:00+08:00,23.950000762939453,23.950000762939453,23.950000762939453,23.950000762939453,0,0.0,0.0
2024-05-13 10:00:00+08:00,23.950000762939453,23.950000762939453,23.950000762939453,23.950000762939453,3000,0.0,0.0
2024-05-13 11:00:00+08:00,23.950000762939453,23.950000762939453,23.950000762939453,23.950000762939453,1000,0.0,0.0
2024-05-13 12:00:00+08:00,23.950000762939453,23.950000762939453,23.899999618530273,23.950000762939453,10000,0.0,0.0
2024-05-13 13:00:00+08:00,23.950000762939453,24.450000762939453,23.950000762939453,24.450000762939453,7000,0.0,0.0
2024-05-14 10:00:00+08:00,24.5,24.5,24.0,24.0,5000,0.0,0.0
2024-05-14 11:00:00+08:00,23.950000762939453,23.950000762939453,23.950000762939453,23.950000762939453,15000,0.0,0.0
2024-05-14 12:00:00+08:00,24.0,24.0,24.0,24.0,3002,0.0,0.0
2024-05-15 09:00:00+08:00,23.899999618530273,23.899999618530273,23.899999618530273,23.899999618530273,0,0.0,0.0
2024-05-15 10:00:00+08:00,23.899999618530273,23.899999618530273,23.799999237060547,23.850000381469727,6000,0.0,0.0
2024-05-15 12:00:00+08:00,23.200000762939453,23.200000762939453,23.100000381469727,23.100000381469727,4000,0.0,0.0
2024-05-15 13:00:00+08:00,23.200000762939453,23.850000381469727,23.149999618530273,23.850000381469727,0,0.0,0.0
2024-05-16 09:00:00+08:00,24.100000381469727,24.100000381469727,23.799999237060547,23.799999237060547,2000,0.0,0.0
2024-05-16 10:00:00+08:00,23.700000762939453,23.700000762939453,23.700000762939453,23.700000762939453,1000,0.0,0.0
2024-05-16 11:00:00+08:00,23.700000762939453,23.700000762939453,23.700000762939453,23.700000762939453,2000,0.0,0.0
2024-05-17 09:00:00+08:00,23.700000762939453,23.700000762939453,23.700000762939453,23.700000762939453,0,0.0,0.0
2024-05-17 11:00:00+08:00,23.75,23.75,23.75,23.75,1000,0.0,0.0
2024-05-17 12:00:00+08:00,23.649999618530273,23.649999618530273,23.649999618530273,23.649999618530273,1000,0.0,0.0
2024-05-17 13:00:00+08:00,23.899999618530273,23.899999618530273,23.899999618530273,23.899999618530273,1000,0.0,0.0
2024-05-20 09:00:00+08:00,23.600000381469727,24.0,23.600000381469727,24.0,10040,0.0,0.0
2024-05-20 13:00:00+08:00,23.899999618530273,24.0,23.799999237060547,24.0,9000,0.0,0.0
2024-05-21 09:00:00+08:00,24.100000381469727,25.0,24.0,24.5,0,0.0,0.0
2024-05-21 10:00:00+08:00,24.049999237060547,24.200000762939453,24.0,24.200000762939453,7000,0.0,0.0
2024-05-21 11:00:00+08:00,24.200000762939453,24.200000762939453,24.0,24.0,8000,0.0,0.0
2024-05-21 12:00:00+08:00,24.0,24.100000381469727,24.0,24.100000381469727,6100,0.0,0.0
2024-05-22 09:00:00+08:00,24.399999618530273,24.5,24.149999618530273,24.149999618530273,0,0.0,0.0
2024-05-22 10:00:00+08:00,24.100000381469727,24.100000381469727,24.100000381469727,24.100000381469727,7000,0.0,0.0
2024-05-22 12:00:00+08:00,24.100000381469727,24.100000381469727,24.100000381469727,24.100000381469727,2020,0.0,0.0
2024-05-22 13:00:00+08:00,24.100000381469727,24.100000381469727,24.100000381469727,24.100000381469727,1000,0.0,0.0
2024-05-23 10:00:00+08:00,23.850000381469727,23.850000381469727,23.850000381469727,23.850000381469727,0,0.0,0.0
2024-05-23 11:00:00+08:00,23.850000381469727,23.850000381469727,23.799999237060547,23.799999237060547,12000,0.0,0.0
2024-05-23 12:00:00+08:00,23.799999237060547,23.799999237060547,23.799999237060547,23.799999237060547,0,0.0,0.0
2024-05-24 09:00:00+08:00,23.600000381469727,23.600000381469727,23.600000381469727,23.600000381469727,1000,0.0,0.0
2024-05-24 10:00:00+08:00,23.600000381469727,23.600000381469727,23.5,23.5,4000,0.0,0.0
2024-05-24 11:00:00+08:00,23.399999618530273,23.399999618530273,23.399999618530273,23.399999618530273,1000,0.0,0.0
2024-05-24 12:00:00+08:00,23.700000762939453,23.700000762939453,23.350000381469727,23.350000381469727,3000,0.0,0.0
2024-05-24 13:00:00+08:00,23.75,23.799999237060547,23.75,23.799999237060547,2000,0.0,0.0
2024-05-27 10:00:00+08:00,23.299999237060547,23.299999237060547,23.299999237060547,23.299999237060547,0,0.0,0.0
2024-05-27 11:00:00+08:00,23.700000762939453,23.75,23.700000762939453,23.75,12167,0.0,0.0
2024-05-27 12:00:00+08:00,23.75,23.799999237060547,23.75,23.799999237060547,5000,0.0,0.0
2024-05-27 13:00:00+08:00,23.899999618530273,24.0,23.899999618530273,23.899999618530273,4000,0.0,0.0
2024-05-28 09:00:00+08:00,22.600000381469727,22.600000381469727,22.600000381469727,22.600000381469727,0,0.0,0.0
2024-05-28 10:00:00+08:00,24.0,24.0,24.0,24.0,1073,0.0,0.0
2024-05-28 11:00:00+08:00,24.0,24.0,23.950000762939453,23.950000762939453,11000,0.0,0.0
2024-05-28 12:00:00+08:00,23.950000762939453,23.950000762939453,23.950000762939453,23.950000762939453,1026,0.0,0.0
2024-05-28 13:00:00+08:00,23.700000762939453,23.700000762939453,23.600000381469727,23.600000381469727,0,0.0,0.0
2024-05-29 10:00:00+08:00,23.600000381469727,23.649999618530273,23.200000762939453,23.200000762939453,8000,0.0,0.0
2024-05-31 09:00:00+08:00,23.100000381469727,24.5,22.799999237060547,24.5,11999,0.0,0.0
2024-05-31 10:00:00+08:00,23.100000381469727,23.350000381469727,23.100000381469727,23.100000381469727,16000,0.0,0.0
2024-05-31 13:00:00+08:00,23.799999237060547,23.799999237060547,23.799999237060547,23.799999237060547,0,0.0,0.0
2024-06-03 09:00:00+08:00,23.350000381469727,23.700000762939453,23.299999237060547,23.700000762939453,4000,0.0,0.0
2024-06-03 11:00:00+08:00,23.450000762939453,23.450000762939453,23.399999618530273,23.399999618530273,3000,0.0,0.0
2024-06-03 13:00:00+08:00,23.799999237060547,23.850000381469727,23.799999237060547,23.850000381469727,0,0.0,0.0
2024-06-04 09:00:00+08:00,24.0,24.0,24.0,24.0,2000,0.0,0.0
2024-06-04 10:00:00+08:00,23.850000381469727,23.850000381469727,23.850000381469727,23.850000381469727,4000,0.0,0.0
2024-06-04 11:00:00+08:00,23.450000762939453,23.450000762939453,23.399999618530273,23.399999618530273,6000,0.0,0.0
2024-06-04 12:00:00+08:00,23.700000762939453,23.700000762939453,23.700000762939453,23.700000762939453,0,0.0,0.0
2024-06-04 13:00:00+08:00,23.700000762939453,23.799999237060547,23.700000762939453,23.799999237060547,17058,0.0,0.0
2024-06-05 09:00:00+08:00,23.700000762939453,23.75,23.399999618530273,23.399999618530273,0,0.0,0.0
2024-06-05 10:00:00+08:00,23.399999618530273,23.75,23.399999618530273,23.75,7000,0.0,0.0
2024-06-05 11:00:00+08:00,23.450000762939453,23.450000762939453,23.450000762939453,23.450000762939453,6000,0.0,0.0
2024-06-05 12:00:00+08:00,23.5,23.5,23.399999618530273,23.450000762939453,10000,0.0,0.0
2024-06-05 13:00:00+08:00,23.399999618530273,23.799999237060547,23.399999618530273,23.799999237060547,3000,0.0,0.0
2024-06-06 09:00:00+08:00,23.75,23.75,23.75,23.75,0,0.0,0.0
2024-06-06 10:00:00+08:00,23.700000762939453,23.700000762939453,23.700000762939453,23.700000762939453,1000,0.0,0.0
2024-06-06 11:00:00+08:00,23.700000762939453,23.75,23.700000762939453,23.75,3000,0.0,0.0
2024-06-06 12:00:00+08:00,23.649999618530273,23.649999618530273,23.649999618530273,23.649999618530273,1000,0.0,0.0
2024-06-06 13:00:00+08:00,23.799999237060547,23.950000762939453,23.799999237060547,23.950000762939453,3000,0.0,0.0
2024-06-07 11:00:00+08:00,23.799999237060547,23.799999237060547,23.799999237060547,23.799999237060547,0,0.0,0.0
2024-06-07 12:00:00+08:00,24.0,24.0,23.799999237060547,23.799999237060547,15000,0.0,0.0
2024-06-07 13:00:00+08:00,23.850000381469727,24.200000762939453,23.600000381469727,24.200000762939453,10000,0.0,0.0
2024-06-11 09:00:00+08:00,24.200000762939453,24.399999618530273,24.200000762939453,24.399999618530273,0,0.0,0.0
2024-06-11 10:00:00+08:00,24.0,24.0,23.799999237060547,23.799999237060547,7000,0.0,0.0
2024-06-11 11:00:00+08:00,23.799999237060547,23.799999237060547,23.799999237060547,23.799999237060547,3000,0.0,0.0
2024-06-11 12:00:00+08:00,23.850000381469727,24.149999618530273,23.799999237060547,24.149999618530273,0,0.0,0.0
2024-06-12 10:00:00+08:00,23.799999237060547,23.799999237060547,23.700000762939453,23.700000762939453,4000,0.0,0.0
2024-06-12 11:00:00+08:00,23.700000762939453,23.700000762939453,23.700000762939453,23.700000762939453,2000,0.0,0.0
2024-06-12 12:00:00+08:00,23.700000762939453,23.700000762939453,23.700000762939453,23.700000762939453,2000,0.0,0.0
2024-06-13 09:00:00+08:00,23.0,23.0,23.0,23.0,0,0.0,0.0
2024-06-13 10:00:00+08:00,23.5,23.5,23.5,23.5,1000,0.0,0.0
2024-06-13 12:00:00+08:00,23.700000762939453,23.700000762939453,23.700000762939453,23.700000762939453,3000,0.0,0.0
2024-06-13 13:00:00+08:00,23.649999618530273,23.75,23.649999618530273,23.75,5000,0.0,0.0
2024-06-14 09:00:00+08:00,23.700000762939453,24.0,23.700000762939453,23.700000762939453,200,0.0,0.0
2024-06-14 10:00:00+08:00,23.700000762939453,23.700000762939453,23.700000762939453,23.700000762939453,2000,0.0,0.0
2024-06-14 11:00:00+08:00,23.799999237060547,23.899999618530273,23.799999237060547,23.899999618530273,5000,0.0,0.0
2024-06-17 09:00:00+08:00,24.0,24.0,24.0,24.0,0,0.0,0.0
2024-06-17 10:00:00+08:00,24.0,24.0,24.0,24.0,1000,0.0,0.0
2024-06-17 11:00:00+08:00,24.0,24.0,24.0,24.0,5200,0.0,0.0
2024-06-18 09:00:00+08:00,24.0,24.149999618530273,23.899999618530273,24.149999618530273,1800,0.0,0.0
2024-06-18 10:00:00+08:00,23.850000381469727,23.850000381469727,23.850000381469727,23.850000381469727,2000,0.0,0.0
2024-06-18 11:00:00+08:00,24.0,24.0,24.0,24.0,2000,0.0,0.0
2024-06-18 12:00:00+08:00,24.0,24.0,23.899999618530273,23.899999618530273,6000,0.0,0.0
2024-06-19 09:00:00+08:00,24.0,24.0,23.899999618530273,23.899999618530273,0,0.0,0.0
2024-06-19 10:00:00+08:00,23.950000762939453,23.950000762939453,23.899999618530273,23.950000762939453,11000,0.0,0.0
2024-06-19 11:00:00+08:00,23.950000762939453,23.950000762939453,23.950000762939453,23.950000762939453,4000,0.0,0.0
2024-06-19 12:00:00+08:00,23.950000762939453,23.950000762939453,23.950000762939453,23.950000762939453,3000,0.0,0.0
2024-06-20 09:00:00+08:00,23.950000762939453,24.0,23.950000762939453,23.950000762939453,0,0.0,0.0
2024-06-20 10:00:00+08:00,24.0,24.0,23.950000762939453,23.950000762939453,4000,0.0,0.0
2024-06-20 11:00:00+08:00,24.0,24.0,24.0,24.0,5040,0.0,0.0
2024-06-20 12:00:00+08:00,24.0,24.0,23.950000762939453,23.950000762939453,8000,0.0,0.0
2024-06-21 09:00:00+08:00,23.950000762939453,24.0,23.950000762939453,23.950000762939453,0,0.0,0.0
2024-06-21 10:00:00+08:00,23.950000762939453,23.950000762939453,23.899999618530273,23.899999618530273,11000,0.0,0.0
2024-06-21 12:00:00+08:00,23.899999618530273,23.950000762939453,23.899999618530273,23.950000762939453,3040,0.0,0.0
2024-06-24 09:00:00+08:00,23.950000762939453,23.950000762939453,23.950000762939453,23.950000762939453,0,0.0,0.0
2024-06-24 10:00:00+08:00,23.950000762939453,23.950000762939453,23.899999618530273,23.899999618530273,4000,0.0,0.0
2024-06-24 11:00:00+08:00,23.899999618530273,23.899999618530273,23.899999618530273,23.899999618530273,2000,0.0,0.0
2024-06-24 12:00:00+08:00,23.75,23.75,23.75,23.75,1000,0.0,0.0
2024-06-25 10:00:00+08:00,23.75,23.799999237060547,23.75,23.799999237060547,1000,0.0,0.0
2024-06-25 12:00:00+08:00,23.75,24.0,23.75,23.75,9000,0.0,0.0
2024-06-25 13:00:00+08:00,23.75,23.75,23.75,23.75,7000,0.0,0.0
2024-06-26 09:00:00+08:00,24.0,24.0,24.0,24.0,0,0.0,0.0
2024-06-26 12:00:00+08:00,23.850000381469727,23.850000381469727,23.700000762939453,23.700000762939453,8000,0.0,0.0
2024-06-26 13:00:00+08:00,24.0,24.0,24.0,24.0,1000,0.0,0.0
2024-06-27 10:00:00+08:00,24.0,24.0,23.850000381469727,23.850000381469727,7000,0.0,0.0
2024-06-27 11:00:00+08:00,23.850000381469727,23.850000381469727,23.75,23.75,16000,0.0,0.0
2024-06-27 12:00:00+08:00,23.700000762939453,23.700000762939453,23.700000762939453,23.700000762939453,3000,0.0,0.0
2024-06-27 13:00:00+08:00,24.0,24.0,24.0,24.0,1000,0.0,0.0
2024-06-28 09:00:00+08:00,23.700000762939453,23.700000762939453,22.799999237060547,23.450000762939453,5000,0.0,0.0
2024-06-28 10:00:00+08:00,23.600000381469727,23.600000381469727,23.5,23.5,5000,0.0,0.0
2024-06-28 13:00:00+08:00,23.950000762939453,24.0,23.950000762939453,24.0,2000,0.0,0.0
2024-07-01 09:00:00+08:00,23.600000381469727,23.600000381469727,23.600000381469727,23.600000381469727,0,0.0,0.0
2024-07-01 10:00:00+08:00,23.700000762939453,23.700000762939453,23.600000381469727,23.600000381469727,3000,0.0,0.0
2024-07-01 11:00:00+08:00,23.600000381469727,23.799999237060547,23.600000381469727,23.799999237060547,7000,0.0,0.0
2024-07-01 12:00:00+08:00,23.799999237060547,23.799999237060547,23.799999237060547,23.799999237060547,1000,0.0,0.0
2024-07-01 13:00:00+08:00,23.799999237060547,23.799999237060547,23.799999237060547,23.799999237060547,2000,0.0,0.0
2024-07-02 09:00:00+08:00,23.799999237060547,23.799999237060547,23.799999237060547,23.799999237060547,0,0.0,0.0
2024-07-02 12:00:00+08:00,23.600000381469727,23.600000381469727,23.350000381469727,23.350000381469727,8000,0.0,0.0
2024-07-02 13:00:00+08:00,23.75,23.799999237060547,23.75,23.799999237060547,0,0.0,0.0
2024-07-03 12:00:00+08:00,23.600000381469727,23.600000381469727,23.600000381469727,23.600000381469727,3000,0.0,0.0
2024-07-03 13:00:00+08:00,23.75,23.799999237060547,23.75,23.799999237060547,0,0.0,0.0
2024-07-04 09:00:00+08:00,23.600000381469727,23.600000381469727,23.0,23.399999618530273,11000,0.0,0.0
2024-07-04 10:00:00+08:00,23.5,23.5,23.399999618530273,23.399999618530273,4038,0.0,0.0
2024-07-04 12:00:00+08:00,23.649999618530273,23.649999618530273,23.649999618530273,23.649999618530273,1000,0.0,0.0
2024-07-04 13:00:00+08:00,23.700000762939453,23.799999237060547,23.5,23.799999237060547,8000,0.0,0.0
2024-07-05 09:00:00+08:00,23.600000381469727,23.600000381469727,23.600000381469727,23.600000381469727,0,0.0,0.0
2024-07-05 10:00:00+08:00,23.600000381469727,23.600000381469727,23.600000381469727,23.600000381469727,1000,0.0,0.0
2024-07-05 11:00:00+08:00,23.700000762939453,23.700000762939453,23.700000762939453,23.700000762939453,1000,0.0,0.0
2024-07-05 12:00:00+08:00,23.700000762939453,23.700000762939453,23.700000762939453,23.700000762939453,1000,0.0,0.0
2024-07-05 13:00:00+08:00,23.700000762939453,23.799999237060547,23.700000762939453,23.700000762939453,4000,0.0,0.0
2024-07-08 09:00:00+08:00,23.799999237060547,23.799999237060547,23.299999237060547,23.299999237060547,0,0.0,0.0
2024-07-08 10:00:00+08:00,23.399999618530273,23.399999618530273,23.299999237060547,23.299999237060547,8168,0.0,0.0
2024-07-08 13:00:00+08:00,23.5,23.75,23.5,23.75,0,0.0,0.0
2024-07-09 09:00:00+08:00,23.799999237060547,23.799999237060547,23.600000381469727,23.600000381469727,14183,0.0,0.0
2024-07-09 12:00:00+08:00,23.5,23.5,23.399999618530273,23.399999618530273,6000,0.0,0.0
2024-07-09 13:00:00+08:00,23.399999618530273,23.700000762939453,23.299999237060547,23.700000762939453,0,0.0,0.0
2024-07-10 09:00:00+08:00,23.799999237060547,23.799999237060547,23.5,23.5,4000,0.0,0.0
2024-07-10 10:00:00+08:00,23.5,23.5,23.399999618530273,23.399999618530273,8280,0.0,0.0
2024-07-10 12:00:00+08:00,23.399999618530273,23.399999618530273,23.399999618530273,23.399999618530273,8047,0.0,0.0
2024-07-10 13:00:00+08:00,23.5,23.5,23.5,23.5,0,0.0,0.0
2024-07-11 11:00:00+08:00,23.5,23.5,23.5,23.5,1000,0.0,0.0
2024-07-11 13:00:00+08:00,23.5,23.5,23.5,23.5,0,0.0,0.0
2024-07-12 09:00:00+08:00,24.299999237060547,24.299999237060547,23.600000381469727,23.600000381469727,5147,0.0,0.0
2024-07-12 12:00:00+08:00,23.75,23.75,23.399999618530273,23.399999618530273,3000,0.0,0.0
2024-07-12 13:00:00+08:00,23.799999237060547,23.799999237060547,23.799999237060547,23.799999237060547,1000,0.0,0.0
2024-07-15 09:00:00+08:00,23.5,23.5,23.5,23.5,0,0.0,0.0
2024-07-15 12:00:00+08:00,23.75,23.75,23.5,23.5,3120,0.0,0.0
2024-07-15 13:00:00+08:00,23.5,23.5,23.5,23.5,0,0.0,0.0
2024-07-16 09:00:00+08:00,24.0,24.0,24.0,24.0,3198,0.0,0.0
2024-07-16 10:00:00+08:00,24.0,24.0,24.0,24.0,1080,0.0,0.0
2024-07-16 11:00:00+08:00,23.5,23.5,23.5,23.5,3000,0.0,0.0
2024-07-16 13:00:00+08:00,23.950000762939453,23.950000762939453,23.950000762939453,23.950000762939453,1000,0.0,0.0
2024-07-17 09:00:00+08:00,24.0,24.0,24.0,24.0,6000,0.0,0.0
2024-07-17 10:00:00+08:00,23.649999618530273,23.649999618530273,23.649999618530273,23.649999618530273,4023,0.0,0.0
2024-07-17 11:00:00+08:00,23.799999237060547,23.799999237060547,23.799999237060547,23.799999237060547,1000,0.0,0.0
2024-07-17 13:00:00+08:00,23.799999237060547,23.799999237060547,23.799999237060547,23.799999237060547,0,0.0,0.0
2024-07-18 09:00:00+08:00,23.799999237060547,23.799999237060547,23.799999237060547,23.799999237060547,1000,0.0,0.0
2024-07-18 10:00:00+08:00,23.799999237060547,23.799999237060547,23.450000762939453,23.450000762939453,3000,0.0,0.0
2024-07-18 11:00:00+08:00,23.450000762939453,23.450000762939453,23.450000762939453,23.450000762939453,2000,0.0,0.0
2024-07-18 13:00:00+08:00,23.850000381469727,23.850000381469727,23.850000381469727,23.850000381469727,2000,0.0,0.0
2024-07-19 09:00:00+08:00,23.799999237060547,23.799999237060547,23.799999237060547,23.799999237060547,9000,0.0,0.0
2024-07-19 10:00:00+08:00,23.799999237060547,24.100000381469727,23.799999237060547,24.100000381469727,14409,0.0,0.0
2024-07-19 11:00:00+08:00,23.899999618530273,23.899999618530273,23.899999618530273,23.899999618530273,2000,0.0,0.0
2024-07-19 12:00:00+08:00,23.700000762939453,23.700000762939453,23.600000381469727,23.600000381469727,5000,0.0,0.0
2024-07-19 13:00:00+08:00,24.0,24.0,24.0,24.0,2001,0.0,0.0
2024-07-22 09:00:00+08:00,24.0,26.399999618530273,23.899999618530273,26.399999618530273,38576,0.0,0.0
2024-07-22 10:00:00+08:00,26.399999618530273,26.399999618530273,26.399999618530273,26.399999618530273,9341,0.0,0.0
2024-07-22 11:00:00+08:00,26.399999618530273,26.399999618530273,26.399999618530273,26.399999618530273,12701,0.0,0.0
2024-07-22 12:00:00+08:00,26.399999618530273,26.399999618530273,26.399999618530273,26.399999618530273,8239,0.0,0.0
2024-07-22 13:00:00+08:00,26.399999618530273,26.399999618530273,26.399999618530273,26.399999618530273,0,0.0,0.0
2024-07-23 09:00:00+08:00,29.0,29.0,29.0,29.0,88811,0.0,0.0
2024-07-23 10:00:00+08:00,29.0,29.0,29.0,29.0,24500,0.0,0.0
2024-07-23 11:00:00+08:00,29.0,29.0,29.0,29.0,5306,0.0,0.0
2024-07-23 12:00:00+08:00,29.0,29.0,29.0,29.0,7000,0.0,0.0
2024-07-23 13:00:00+08:00,29.0,29.0,29.0,29.0,0,0.0,0.0
2024-07-26 09:00:00+08:00,28.149999618530273,31.899999618530273,28.149999618530273,30.899999618530273,291610,0.0,0.0
2024-07-26 10:00:00+08:00,30.799999237060547,31.75,30.799999237060547,31.75,102183,0.0,0.0
2024-07-26 11:00:00+08:00,31.75,31.799999237060547,31.700000762939453,31.700000762939453,27101,0.0,0.0
2024-07-26 12:00:00+08:00,31.700000762939453,31.799999237060547,31.549999237060547,31.549999237060547,23563,0.0,0.0
2024-07-26 13:00:00+08:00,31.549999237060547,31.549999237060547,31.299999237060547,31.450000762939453,8151,0.0,0.0
2024-07-29 09:00:00+08:00,31.399999618530273,31.600000381469727,28.399999618530273,29.200000762939453,0,0.0,0.0
2024-07-29 10:00:00+08:00,29.350000381469727,30.299999237060547,29.200000762939453,29.5,30030,0.0,0.0
2024-07-29 11:00:00+08:00,29.799999237060547,30.549999237060547,29.799999237060547,30.549999237060547,15637,0.0,0.0
2024-07-29 12:00:00+08:00,30.549999237060547,30.549999237060547,30.100000381469727,30.100000381469727,12010,0.0,0.0
2024-07-29 13:00:00+08:00,30.149999618530273,30.899999618530273,30.149999618530273,30.899999618530273,4000,0.0,0.0
2024-07-30 09:00:00+08:00,29.5,30.0,28.5,30.0,33006,0.0,0.0
2024-07-30 10:00:00+08:00,29.149999618530273,29.149999618530273,29.100000381469727,29.100000381469727,4000,0.0,0.0
2024-07-30 11:00:00+08:00,29.0,29.100000381469727,27.399999618530273,29.100000381469727,28029,0.0,0.0
2024-07-30 12:00:00+08:00,28.049999237060547,29.0,28.049999237060547,28.399999618530273,5200,0.0,0.0
2024-07-30 13:00:00+08:00,28.399999618530273,28.950000762939453,28.299999237060547,28.950000762939453,12000,0.0,0.0
2024-07-31 09:00:00+08:00,28.100000381469727,28.100000381469727,27.399999618530273,28.0,21016,0.0,0.0
2024-07-31 10:00:00+08:00,28.0,28.049999237060547,28.0,28.049999237060547,9297,0.0,0.0
2024-07-31 11:00:00+08:00,28.200000762939453,28.200000762939453,28.200000762939453,28.200000762939453,2030,0.0,0.0
2024-07-31 12:00:00+08:00,28.200000762939453,29.25,28.049999237060547,29.200000762939453,27310,0.0,0.0
2024-07-31 13:00:00+08:00,29.200000762939453,30.600000381469727,29.200000762939453,30.399999618530273,0,0.0,0.0
2024-08-01 09:00:00+08:00,32.0,33.29999923706055,30.799999237060547,30.850000381469727,81008,0.0,0.0
2024-08-01 10:00:00+08:00,30.850000381469727,31.0,30.399999618530273,30.450000762939453,17000,0.0,0.0
2024-08-01 11:00:00+08:00,30.450000762939453,31.399999618530273,30.399999618530273,30.799999237060547,17313,0.0,0.0
2024-08-01 12:00:00+08:00,30.799999237060547,30.850000381469727,30.799999237060547,30.850000381469727,4233,0.0,0.0
2024-08-01 13:00:00+08:00,30.799999237060547,31.0,30.799999237060547,31.0,0,0.0,0.0
2024-08-02 09:00:00+08:00,29.5,30.549999237060547,29.0,29.200000762939453,39401,0.0,0.0
2024-08-02 10:00:00+08:00,29.200000762939453,29.200000762939453,28.850000381469727,28.950000762939453,19242,0.0,0.0
2024-08-02 11:00:00+08:00,29.75,29.75,29.75,29.75,5000,0.0,0.0
2024-08-02 12:00:00+08:00,29.799999237060547,30.5,29.75,30.5,9101,0.0,0.0
2024-08-02 13:00:00+08:00,30.5,30.5,29.75,30.5,6000,0.0,0.0
2024-08-05 09:00:00+08:00,29.0,29.0,26.799999237060547,26.799999237060547,0,0.0,0.0
2024-08-05 10:00:00+08:00,26.799999237060547,27.799999237060547,26.799999237060547,27.799999237060547,5450,0.0,0.0
2024-08-05 11:00:00+08:00,27.700000762939453,27.799999237060547,27.700000762939453,27.799999237060547,4000,0.0,0.0
2024-08-05 12:00:00+08:00,27.700000762939453,27.75,26.799999237060547,26.799999237060547,39000,0.0,0.0
2024-08-05 13:00:00+08:00,27.5,27.75,27.399999618530273,27.75,4000,0.0,0.0
2024-08-06 09:00:00+08:00,25.649999618530273,26.799999237060547,25.649999618530273,26.0,20000,0.0,0.0
2024-08-06 10:00:00+08:00,26.0,26.0,26.0,26.0,3000,0.0,0.0
2024-08-06 11:00:00+08:00,26.049999237060547,26.049999237060547,26.049999237060547,26.049999237060547,1000,0.0,0.0
2024-08-06 12:00:00+08:00,26.0,26.0,26.0,26.0,6000,0.0,0.0
2024-08-06 13:00:00+08:00,26.5,27.0,26.5,27.0,28000,0.0,0.0
2024-08-07 09:00:00+08:00,24.049999237060547,26.899999618530273,24.049999237060547,26.899999618530273,17050,0.0,0.0
2024-08-07 10:00:00+08:00,26.899999618530273,26.899999618530273,26.899999618530273,26.899999618530273,3040,0.0,0.0
2024-08-07 11:00:00+08:00,26.899999618530273,26.899999618530273,26.799999237060547,26.799999237060547,4005,0.0,0.0
2024-08-07 13:00:00+08:00,27.0,27.0,27.0,27.0,0,0.0,0.0
2024-08-08 09:00:00+08:00,26.799999237060547,27.0,26.799999237060547,26.850000381469727,7040,0.0,0.0
2024-08-08 11:00:00+08:00,27.0,27.0,26.850000381469727,26.850000381469727,8040,0.0,0.0
2024-08-09 09:00:00+08:00,26.799999237060547,28.75,26.799999237060547,28.700000762939453,24000,0.0,0.0
2024-08-09 10:00:00+08:00,28.75,28.799999237060547,28.149999618530273,28.149999618530273,11441,0.0,0.0
2024-08-09 11:00:00+08:00,28.149999618530273,28.799999237060547,28.149999618530273,28.799999237060547,7000,0.0,0.0
2024-08-09 12:00:00+08:00,28.600000381469727,28.600000381469727,28.600000381469727,28.600000381469727,3000,0.0,0.0
2024-08-09 13:00:00+08:00,28.350000381469727,28.350000381469727,28.350000381469727,28.350000381469727,0,0.0,0.0
2024-08-12 09:00:00+08:00,28.350000381469727,28.350000381469727,28.0,28.0,11010,0.0,0.0
2024-08-12 10:00:00+08:00,27.649999618530273,27.649999618530273,27.5,27.5,3000,0.0,0.0
2024-08-12 11:00:00+08:00,27.549999237060547,27.549999237060547,27.5,27.5,2000,0.0,0.0
2024-08-12 12:00:00+08:00,27.5,27.5,27.5,27.5,7000,0.0,0.0
2024-08-12 13:00:00+08:00,27.549999237060547,27.549999237060547,27.450000762939453,27.450000762939453,0,0.0,0.0
2024-08-13 09:00:00+08:00,26.299999237060547,28.399999618530273,26.299999237060547,28.399999618530273,2000,0.0,0.0
2024-08-13 10:00:00+08:00,27.0,27.0,27.0,27.0,3000,0.0,0.0
2024-08-13 11:00:00+08:00,27.0,27.899999618530273,27.0,27.899999618530273,3012,0.0,0.0
2024-08-13 12:00:00+08:00,27.899999618530273,27.899999618530273,27.899999618530273,27.899999618530273,5200,0.0,0.0
2024-08-13 13:00:00+08:00,27.700000762939453,27.700000762939453,27.100000381469727,27.100000381469727,0,0.0,0.0
2024-08-14 09:00:00+08:00,27.100000381469727,27.200000762939453,27.100000381469727,27.200000762939453,2017,0.0,0.0
2024-08-14 10:00:00+08:00,27.200000762939453,27.200000762939453,27.200000762939453,27.200000762939453,1943,0.0,0.0
2024-08-14 13:00:00+08:00,27.200000762939453,27.200000762939453,27.200000762939453,27.200000762939453,0,0.0,0.0
2024-08-15 10:00:00+08:00,27.049999237060547,27.049999237060547,26.899999618530273,26.899999618530273,7000,0.0,0.0
2024-08-15 11:00:00+08:00,26.899999618530273,26.899999618530273,26.899999618530273,26.899999618530273,5000,0.0,0.0
2024-08-15 12:00:00+08:00,26.899999618530273,27.200000762939453,26.850000381469727,27.200000762939453,0,0.0,0.0
2024-08-16 09:00:00+08:00,27.200000762939453,27.200000762939453,27.0,27.0,2002,0.0,0.0
2024-08-16 10:00:00+08:00,27.0,27.0,27.0,27.0,4000,0.0,0.0
2024-08-16 11:00:00+08:00,27.0,27.0,27.0,27.0,2000,0.0,0.0
2024-08-16 13:00:00+08:00,27.0,27.0,27.0,27.0,1000,0.0,0.0
2024-08-19 10:00:00+08:00,26.799999237060547,26.799999237060547,26.799999237060547,26.799999237060547,18000,0.0,0.0
2024-08-19 11:00:00+08:00,26.799999237060547,26.799999237060547,26.799999237060547,26.799999237060547,1000,0.0,0.0
2024-08-19 12:00:00+08:00,26.649999618530273,27.200000762939453,26.649999618530273,26.850000381469727,9000,0.0,0.0
2024-08-19 13:00:00+08:00,27.200000762939453,27.200000762939453,27.200000762939453,27.200000762939453,1000,0.0,0.0
2024-08-20 09:00:00+08:00,26.600000381469727,26.600000381469727,26.600000381469727,26.600000381469727,3000,0.0,0.0
2024-08-20 10:00:00+08:00,26.899999618530273,26.899999618530273,26.600000381469727,26.649999618530273,8000,0.0,0.0
2024-08-20 11:00:00+08:00,26.649999618530273,26.649999618530273,26.600000381469727,26.600000381469727,5000,0.0,0.0
2024-08-20 12:00:00+08:00,26.700000762939453,27.149999618530273,26.600000381469727,27.149999618530273,6100,0.0,0.0
2024-08-21 09:00:00+08:00,26.700000762939453,26.700000762939453,26.700000762939453,26.700000762939453,10000,0.0,0.0
2024-08-21 10:00:00+08:00,26.799999237060547,26.799999237060547,26.799999237060547,26.799999237060547,1000,0.0,0.0
2024-08-21 11:00:00+08:00,26.700000762939453,27.149999618530273,26.700000762939453,26.799999237060547,4000,0.0,0.0
2024-08-21 13:00:00+08:00,26.799999237060547,27.149999618530273,26.799999237060547,27.149999618530273,4200,0.0,0.0
2024-08-22 09:00:00+08:00,26.600000381469727,26.799999237060547,26.600000381469727,26.799999237060547,0,0.0,0.0
2024-08-22 10:00:00+08:00,26.799999237060547,26.799999237060547,26.799999237060547,26.799999237060547,4000,0.0,0.0
2024-08-22 11:00:00+08:00,26.799999237060547,26.799999237060547,26.799999237060547,26.799999237060547,2000,0.0,0.0
2024-08-22 12:00:00+08:00,26.799999237060547,26.799999237060547,26.799999237060547,26.799999237060547,4000,0.0,0.0
2024-08-22 13:00:00+08:00,26.799999237060547,28.200000762939453,26.799999237060547,28.200000762939453,0,0.0,0.0
2024-08-23 09:00:00+08:00,27.549999237060547,27.549999237060547,27.5,27.5,5000,0.0,0.0
2024-08-23 10:00:00+08:00,27.5,27.5,27.5,27.5,10000,0.0,0.0
2024-08-23 11:00:00+08:00,27.600000381469727,27.600000381469727,27.600000381469727,27.600000381469727,3000,0.0,0.0
2024-08-23 12:00:00+08:00,27.649999618530273,27.649999618530273,27.649999618530273,27.649999618530273,1000,0.0,0.0
2024-08-23 13:00:00+08:00,27.700000762939453,27.799999237060547,27.700000762939453,27.799999237060547,0,0.0,0.0
2024-08-26 10:00:00+08:00,27.799999237060547,27.799999237060547,27.799999237060547,27.799999237060547,6000,0.0,0.0
2024-08-26 11:00:00+08:00,27.700000762939453,27.700000762939453,27.600000381469727,27.600000381469727,4000,0.0,0.0
2024-08-26 12:00:00+08:00,27.600000381469727,27.600000381469727,27.549999237060547,27.600000381469727,4000,0.0,0.0
2024-08-26 13:00:00+08:00,27.799999237060547,27.899999618530273,27.799999237060547,27.899999618530273,0,0.0,0.0
2024-08-27 09:00:00+08:00,28.0,28.0,28.0,28.0,4000,0.0,0.0
2024-08-27 10:00:00+08:00,28.0,28.0,27.799999237060547,27.799999237060547,18048,0.0,0.0
2024-08-27 11:00:00+08:00,27.799999237060547,27.799999237060547,27.75,27.75,10052,0.0,0.0
2024-08-27 12:00:00+08:00,27.799999237060547,27.799999237060547,27.700000762939453,27.700000762939453,2000,0.0,0.0
2024-08-27 13:00:00+08:00,27.899999618530273,28.0,27.899999618530273,28.0,2000,0.0,0.0
2024-08-28 09:00:00+08:00,28.5,28.5,28.0,28.0,2000,0.0,0.0
2024-08-28 10:00:00+08:00,27.899999618530273,27.899999618530273,27.700000762939453,27.700000762939453,13125,0.0,0.0
2024-08-28 11:00:00+08:00,27.700000762939453,27.799999237060547,27.700000762939453,27.799999237060547,6000,0.0,0.0
2024-08-28 12:00:00+08:00,27.799999237060547,28.799999237060547,27.799999237060547,28.799999237060547,14000,0.0,0.0
2024-08-28 13:00:00+08:00,28.049999237060547,28.5,28.049999237060547,28.5,3000,0.0,0.0
2024-08-29 10:00:00+08:00,27.899999618530273,27.899999618530273,27.899999618530273,27.899999618530273,5000,0.0,0.0
2024-08-29 11:00:00+08:00,27.950000762939453,27.950000762939453,27.950000762939453,27.950000762939453,1001,0.0,0.0
2024-08-29 12:00:00+08:00,27.850000381469727,27.850000381469727,27.200000762939453,27.200000762939453,21000,0.0,0.0
2024-08-29 13:00:00+08:00,27.299999237060547,27.5,27.299999237060547,27.5,0,0.0,0.0
2024-08-30 09:00:00+08:00,27.350000381469727,27.350000381469727,27.350000381469727,27.350000381469727,1100,0.0,0.0
2024-08-30 10:00:00+08:00,27.350000381469727,27.350000381469727,27.350000381469727,27.350000381469727,1000,0.0,0.0
2024-08-30 11:00:00+08:00,27.5,27.5,27.5,27.5,5000,0.0,0.0
2024-08-30 12:00:00+08:00,27.5,27.799999237060547,27.5,27.799999237060547,0,0.0,0.0
2024-09-02 10:00:00+08:00,27.549999237060547,27.549999237060547,27.5,27.5,6040,0.0,0.0
2024-09-02 11:00:00+08:00,27.799999237060547,27.799999237060547,27.799999237060547,27.799999237060547,1000,0.0,0.0
2024-09-02 12:00:00+08:00,27.799999237060547,27.799999237060547,27.799999237060547,27.799999237060547,2000,0.0,0.0
2024-09-02 13:00:00+08:00,27.600000381469727,27.600000381469727,27.399999618530273,27.399999618530273,7000,0.0,0.0
2024-09-03 09:00:00+08:00,27.200000762939453,27.200000762939453,27.200000762939453,27.200000762939453,0,0.0,0.0
2024-09-03 10:00:00+08:00,27.299999237060547,27.549999237060547,27.299999237060547,27.5,6000,0.0,0.0
2024-09-03 11:00:00+08:00,27.5,27.5,27.5,27.5,4000,0.0,0.0
2024-09-03 12:00:00+08:00,27.5,27.549999237060547,27.5,27.549999237060547,2000,0.0,0.0
2024-09-03 13:00:00+08:00,27.399999618530273,27.399999618530273,27.399999618530273,27.399999618530273,0,0.0,0.0
2024-09-04 10:00:00+08:00,27.0,27.049999237060547,27.0,27.049999237060547,4000,0.0,0.0
2024-09-04 12:00:00+08:00,27.049999237060547,27.049999237060547,27.049999237060547,27.049999237060547,6000,0.0,0.0
2024-09-04 13:00:00+08:00,27.0,27.100000381469727,27.0,27.100000381469727,0,0.0,0.0
2024-09-05 09:00:00+08:00,27.100000381469727,27.100000381469727,27.100000381469727,27.100000381469727,8010,0.0,0.0
2024-09-05 10:00:00+08:00,27.049999237060547,27.049999237060547,27.0,27.0,4000,0.0,0.0
2024-09-05 12:00:00+08:00,27.0,27.0,27.0,27.0,1000,0.0,0.0
2024-09-05 13:00:00+08:00,26.899999618530273,26.899999618530273,26.899999618530273,26.899999618530273,0,0.0,0.0
2024-09-06 12:00:00+08:00,26.799999237060547,26.799999237060547,26.799999237060547,26.799999237060547,1000,0.0,0.0
2024-09-06 13:00:00+08:00,26.549999237060547,26.549999237060547,26.5,26.5,2000,0.0,0.0
2024-09-09 09:00:00+08:00,26.399999618530273,26.399999618530273,26.0,26.0,3402,0.0,0.0
2024-09-09 10:00:00+08:00,26.0,26.0,26.0,26.0,2000,0.0,0.0
2024-09-09 11:00:00+08:00,26.0,26.0,25.850000381469727,25.850000381469727,2000,0.0,0.0
2024-09-09 12:00:00+08:00,26.0,26.799999237060547,26.0,26.200000762939453,12109,0.0,0.0
2024-09-09 13:00:00+08:00,26.200000762939453,26.799999237060547,26.200000762939453,26.799999237060547,0,0.0,0.0
2024-09-10 11:00:00+08:00,26.299999237060547,26.299999237060547,26.299999237060547,26.299999237060547,1000,0.0,0.0
2024-09-10 12:00:00+08:00,26.200000762939453,26.200000762939453,25.600000381469727,25.600000381469727,13010,0.0,0.0
2024-09-10 13:00:00+08:00,26.450000762939453,26.450000762939453,26.450000762939453,26.450000762939453,0,0.0,0.0
2024-09-11 09:00:00+08:00,25.0,25.0,25.0,25.0,5000,0.0,0.0
2024-09-11 10:00:00+08:00,25.200000762939453,25.200000762939453,25.200000762939453,25.200000762939453,5000,0.0,0.0
2024-09-11 11:00:00+08:00,25.25,25.25,25.200000762939453,25.200000762939453,3000,0.0,0.0
2024-09-11 12:00:00+08:00,25.100000381469727,25.100000381469727,25.0,25.0,8000,0.0,0.0
2024-09-11 13:00:00+08:00,25.0,25.0,25.0,25.0,0,0.0,0.0
2024-09-12 11:00:00+08:00,25.0,25.200000762939453,25.0,25.200000762939453,7000,0.0,0.0
2024-09-12 13:00:00+08:00,25.200000762939453,25.200000762939453,25.200000762939453,25.200000762939453,1000,0.0,0.0
2024-09-13 09:00:00+08:00,25.200000762939453,25.200000762939453,25.200000762939453,25.200000762939453,1015,0.0,0.0
2024-09-13 12:00:00+08:00,25.200000762939453,25.200000762939453,25.200000762939453,25.200000762939453,1040,0.0,0.0
2024-09-16 11:00:00+08:00,25.25,25.25,25.200000762939453,25.200000762939453,2060,0.0,0.0
2024-09-16 12:00:00+08:00,25.25,25.25,25.200000762939453,25.200000762939453,3000,0.0,0.0
2024-09-16 13:00:00+08:00,25.299999237060547,25.299999237060547,25.299999237060547,25.299999237060547,2000,0.0,0.0
2024-09-18 10:00:00+08:00,25.350000381469727,25.350000381469727,25.049999237060547,25.049999237060547,2000,0.0,0.0
2024-09-18 11:00:00+08:00,25.100000381469727,25.399999618530273,25.100000381469727,25.399999618530273,3000,0.0,0.0
2024-09-18 12:00:00+08:00,25.100000381469727,25.100000381469727,25.100000381469727,25.100000381469727,1000,0.0,0.0
2024-09-18 13:00:00+08:00,25.100000381469727,25.25,25.049999237060547,25.25,0,0.0,0.0
2024-09-19 10:00:00+08:00,25.049999237060547,25.350000381469727,25.049999237060547,25.350000381469727,4000,0.0,0.0
2024-09-19 11:00:00+08:00,25.200000762939453,25.200000762939453,25.200000762939453,25.200000762939453,2000,0.0,0.0
2024-09-19 12:00:00+08:00,25.200000762939453,25.200000762939453,25.200000762939453,25.200000762939453,4000,0.0,0.0
2024-09-19 13:00:00+08:00,25.25,25.25,25.25,25.25,0,0.0,0.0
2024-09-20 09:00:00+08:00,25.100000381469727,25.100000381469727,25.100000381469727,25.100000381469727,2000,0.0,0.0
2024-09-20 10:00:00+08:00,25.299999237060547,25.299999237060547,25.100000381469727,25.100000381469727,7000,0.0,0.0
2024-09-20 12:00:00+08:00,25.100000381469727,25.100000381469727,25.100000381469727,25.100000381469727,1000,0.0,0.0
2024-09-20 13:00:00+08:00,25.100000381469727,25.100000381469727,25.100000381469727,25.100000381469727,2000,0.0,0.0
2024-09-23 12:00:00+08:00,25.299999237060547,25.299999237060547,25.049999237060547,25.049999237060547,4000,0.0,0.0
2024-09-23 13:00:00+08:00,25.049999237060547,25.299999237060547,25.049999237060547,25.299999237060547,0,0.0,0.0
2024-09-24 10:00:00+08:00,25.100000381469727,25.100000381469727,25.100000381469727,25.100000381469727,2000,0.0,0.0
2024-09-24 11:00:00+08:00,25.149999618530273,25.149999618530273,25.100000381469727,25.100000381469727,11000,0.0,0.0
2024-09-24 12:00:00+08:00,25.200000762939453,25.200000762939453,25.200000762939453,25.200000762939453,0,0.0,0.0
2024-09-24 13:00:00+08:00,25.5,25.5,25.5,25.5,0,0.0,0.0
2024-09-25 12:00:00+08:00,25.149999618530273,25.149999618530273,25.100000381469727,25.100000381469727,6001,0.0,0.0
2024-09-25 13:00:00+08:00,25.200000762939453,25.600000381469727,25.200000762939453,25.600000381469727,0,0.0,0.0
2024-09-26 09:00:00+08:00,25.5,25.5,25.5,25.5,1000,0.0,0.0
2024-09-26 10:00:00+08:00,25.5,25.5,25.5,25.5,2000,0.0,0.0
2024-09-26 11:00:00+08:00,25.149999618530273,25.299999237060547,25.149999618530273,25.200000762939453,6000,0.0,0.0
2024-09-26 12:00:00+08:00,25.200000762939453,25.200000762939453,25.100000381469727,25.100000381469727,7200,0.0,0.0
2024-09-26 13:00:00+08:00,25.100000381469727,25.100000381469727,25.049999237060547,25.049999237060547,3000,0.0,0.0
2024-09-27 09:00:00+08:00,27.0,27.0,25.700000762939453,25.899999618530273,17000,0.0,0.0
2024-09-27 10:00:00+08:00,25.950000762939453,25.950000762939453,25.799999237060547,25.799999237060547,17050,0.0,0.0
2024-09-27 11:00:00+08:00,25.399999618530273,25.899999618530273,25.399999618530273,25.899999618530273,6000,0.0,0.0
2024-09-27 13:00:00+08:00,25.5,25.5,25.5,25.5,3000,0.0,0.0
2024-09-30 09:00:00+08:00,25.200000762939453,25.299999237060547,25.200000762939453,25.299999237060547,0,0.0,0.0
2024-09-30 10:00:00+08:00,25.299999237060547,25.299999237060547,25.299999237060547,25.299999237060547,1000,0.0,0.0
2024-09-30 12:00:00+08:00,25.200000762939453,25.200000762939453,25.100000381469727,25.100000381469727,8000,0.0,0.0
2024-09-30 13:00:00+08:00,25.200000762939453,25.200000762939453,25.200000762939453,25.200000762939453,0,0.0,0.0
2024-10-01 12:00:00+08:00,25.0,25.0,24.799999237060547,25.0,9000,0.0,0.0
2024-10-01 13:00:00+08:00,25.0,25.5,25.0,25.5,0,0.0,0.0
2024-10-04 09:00:00+08:00,25.299999237060547,25.299999237060547,25.299999237060547,25.299999237060547,3099,0.0,0.0
2024-10-04 10:00:00+08:00,25.299999237060547,25.350000381469727,25.299999237060547,25.350000381469727,3000,0.0,0.0
2024-10-04 11:00:00+08:00,25.350000381469727,25.5,25.350000381469727,25.5,5041,0.0,0.0
2024-10-04 12:00:00+08:00,25.299999237060547,25.299999237060547,25.299999237060547,25.299999237060547,2000,0.0,0.0
2024-10-04 13:00:00+08:00,25.5,25.5,25.299999237060547,25.5,12000,0.0,0.0
2024-10-07 09:00:00+08:00,25.5,26.799999237060547,25.5,26.5,0,0.0,0.0
2024-10-07 10:00:00+08:00,26.399999618530273,26.399999618530273,26.399999618530273,26.399999618530273,3000,0.0,0.0
2024-10-07 11:00:00+08:00,26.350000381469727,26.399999618530273,26.350000381469727,26.399999618530273,2077,0.0,0.0
2024-10-07 12:00:00+08:00,26.25,26.25,26.200000762939453,26.200000762939453,4000,0.0,0.0
2024-10-07 13:00:00+08:00,26.200000762939453,26.299999237060547,26.200000762939453,26.299999237060547,0,0.0,0.0
2024-10-08 09:00:00+08:00,26.5,26.5,26.200000762939453,26.299999237060547,10000,0.0,0.0
2024-10-08 12:00:00+08:00,26.049999237060547,26.049999237060547,26.049999237060547,26.049999237060547,8000,0.0,0.0
2024-10-08 13:00:00+08:00,26.049999237060547,26.049999237060547,26.049999237060547,26.049999237060547,0,0.0,0.0
2024-10-09 09:00:00+08:00,26.100000381469727,26.100000381469727,26.100000381469727,26.100000381469727,5001,0.0,0.0
2024-10-09 10:00:00+08:00,26.049999237060547,26.049999237060547,26.049999237060547,26.049999237060547,2000,0.0,0.0
2024-10-09 12:00:00+08:00,26.049999237060547,26.049999237060547,26.049999237060547,26.049999237060547,1000,0.0,0.0
2024-10-09 13:00:00+08:00,26.0,26.0,25.899999618530273,25.899999618530273,10000,0.0,0.0
2024-10-11 09:00:00+08:00,25.899999618530273,25.899999618530273,25.899999618530273,25.899999618530273,0,0.0,0.0
2024-10-11 10:00:00+08:00,25.899999618530273,25.899999618530273,25.899999618530273,25.899999618530273,6000,0.0,0.0
2024-10-11 11:00:00+08:00,25.950000762939453,25.950000762939453,25.899999618530273,25.899999618530273,4000,0.0,0.0
2024-10-11 12:00:00+08:00,25.899999618530273,25.899999618530273,25.899999618530273,25.899999618530273,3000,0.0,0.0
2024-10-11 13:00:00+08:00,25.899999618530273,25.899999618530273,25.899999618530273,25.899999618530273,3000,0.0,0.0
2024-10-14 09:00:00+08:00,26.0,26.0,26.0,26.0,0,0.0,0.0
2024-10-14 10:00:00+08:00,26.0,26.0,26.0,26.0,8000,0.0,0.0
2024-10-14 11:00:00+08:00,26.049999237060547,26.049999237060547,26.049999237060547,26.049999237060547,6000,0.0,0.0
2024-10-14 12:00:00+08:00,26.100000381469727,26.100000381469727,26.0,26.0,18303,0.0,0.0
2024-10-14 13:00:00+08:00,26.100000381469727,26.100000381469727,26.100000381469727,26.100000381469727,1000,0.0,0.0
2024-10-15 09:00:00+08:00,26.0,26.200000762939453,26.0,26.200000762939453,0,0.0,0.0
2024-10-15 10:00:00+08:00,26.0,26.0,26.0,26.0,7000,0.0,0.0
2024-10-15 11:00:00+08:00,26.049999237060547,26.049999237060547,26.0,26.0,7000,0.0,0.0
2024-10-15 12:00:00+08:00,26.0,26.100000381469727,26.0,26.100000381469727,19120,0.0,0.0
2024-10-15 13:00:00+08:00,26.100000381469727,26.100000381469727,26.0,26.0,3000,0.0,0.0
2024-10-16 10:00:00+08:00,25.950000762939453,25.950000762939453,25.950000762939453,25.950000762939453,0,0.0,0.0
2024-10-16 11:00:00+08:00,25.950000762939453,25.950000762939453,25.950000762939453,25.950000762939453,2000,0.0,0.0
2024-10-16 12:00:00+08:00,26.0,26.0,26.0,26.0,3000,0.0,0.0
2024-10-16 13:00:00+08:00,25.950000762939453,25.950000762939453,25.950000762939453,25.950000762939453,5000,0.0,0.0
2024-10-17 11:00:00+08:00,26.0,26.0,25.950000762939453,25.950000762939453,6000,0.0,0.0
2024-10-17 12:00:00+08:00,25.950000762939453,25.950000762939453,25.950000762939453,25.950000762939453,4000,0.0,0.0
2024-10-17 13:00:00+08:00,25.950000762939453,26.0,25.950000762939453,26.0,6000,0.0,0.0
2024-10-18 12:00:00+08:00,26.0,26.0,26.0,26.0,4040,0.0,0.0
2024-10-18 13:00:00+08:00,26.0,26.0,26.0,26.0,5000,0.0,0.0
