Date,Open,High,Low,Close,Volume,Dividends,Stock Splits
2021-06-18 00:00:00-04:00,21.0,22.90999984741211,16.5,19.450000762939453,8810500,0.0,0.0
2021-06-21 00:00:00-04:00,20.799999237060547,21.8799991607666,19.770000457763672,19.889999389648438,2153300,0.0,0.0
2021-06-22 00:00:00-04:00,20.020999908447266,20.020999908447266,18.020999908447266,18.81999969482422,985000,0.0,0.0
2021-06-23 00:00:00-04:00,18.81999969482422,19.299999237060547,18.270000457763672,18.3799991607666,544900,0.0,0.0
2021-06-24 00:00:00-04:00,18.43000030517578,18.600000381469727,17.5,18.0,422600,0.0,0.0
2021-06-25 00:00:00-04:00,17.690000534057617,17.950000762939453,16.860000610351562,16.940000534057617,745200,0.0,0.0
2021-06-28 00:00:00-04:00,17.360000610351562,18.34000015258789,17.19499969482422,18.329999923706055,698900,0.0,0.0
2021-06-29 00:00:00-04:00,18.649999618530273,18.979999542236328,17.81999969482422,17.940000534057617,607700,0.0,0.0
2021-06-30 00:00:00-04:00,17.899999618530273,18.700000762939453,17.899999618530273,18.5,247400,0.0,0.0
2021-07-01 00:00:00-04:00,18.510000228881836,18.850000381469727,17.1299991607666,17.809999465942383,387100,0.0,0.0
2021-07-02 00:00:00-04:00,18.09000015258789,18.368999481201172,17.670000076293945,18.030000686645508,293800,0.0,0.0
2021-07-06 00:00:00-04:00,18.8799991607666,18.8799991607666,17.700000762939453,17.860000610351562,237900,0.0,0.0
2021-07-07 00:00:00-04:00,17.850000381469727,18.3700008392334,17.399999618530273,17.5,230400,0.0,0.0
2021-07-08 00:00:00-04:00,17.15999984741211,20.440000534057617,17.079999923706055,19.479999542236328,820300,0.0,0.0
2021-07-09 00:00:00-04:00,19.450000762939453,19.729999542236328,18.579999923706055,18.579999923706055,446000,0.0,0.0
2021-07-12 00:00:00-04:00,18.889999389648438,19.34000015258789,18.610000610351562,19.0,206500,0.0,0.0
2021-07-13 00:00:00-04:00,19.450000762939453,20.450000762939453,18.0,18.770000457763672,1299300,0.0,0.0
2021-07-14 00:00:00-04:00,18.920000076293945,19.299999237060547,17.6200008392334,17.809999465942383,508900,0.0,0.0
2021-07-15 00:00:00-04:00,17.760000228881836,18.389999389648438,17.540000915527344,18.09000015258789,367600,0.0,0.0
2021-07-16 00:00:00-04:00,18.091999053955078,18.389999389648438,17.3700008392334,17.3799991607666,228900,0.0,0.0
2021-07-19 00:00:00-04:00,17.25,17.3799991607666,16.709999084472656,17.010000228881836,336600,0.0,0.0
2021-07-20 00:00:00-04:00,17.09000015258789,17.649999618530273,16.899999618530273,17.59000015258789,159500,0.0,0.0
2021-07-21 00:00:00-04:00,17.459999084472656,17.5,16.899999618530273,16.989999771118164,283500,0.0,0.0
2021-07-22 00:00:00-04:00,17.09000015258789,17.530000686645508,16.899999618530273,17.260000228881836,142400,0.0,0.0
2021-07-23 00:00:00-04:00,17.190000534057617,17.420000076293945,17.010000228881836,17.3799991607666,84500,0.0,0.0
2021-07-26 00:00:00-04:00,17.8439998626709,17.8439998626709,16.030000686645508,16.25,570900,0.0,0.0
2021-07-27 00:00:00-04:00,17.0,17.0,15.880000114440918,16.290000915527344,418700,0.0,0.0
2021-07-28 00:00:00-04:00,16.299999237060547,16.6299991607666,15.920000076293945,16.229999542236328,273000,0.0,0.0
2021-07-29 00:00:00-04:00,16.059999465942383,16.329999923706055,15.899999618530273,16.059999465942383,257200,0.0,0.0
2021-07-30 00:00:00-04:00,16.1200008392334,16.1200008392334,14.420000076293945,15.5,605800,0.0,0.0
2021-08-02 00:00:00-04:00,15.800000190734863,16.040000915527344,15.260000228881836,15.640000343322754,344300,0.0,0.0
2021-08-03 00:00:00-04:00,15.84000015258789,15.84000015258789,14.949999809265137,14.970000267028809,162700,0.0,0.0
2021-08-04 00:00:00-04:00,14.829999923706055,15.039999961853027,14.369999885559082,14.619999885559082,256500,0.0,0.0
2021-08-05 00:00:00-04:00,14.5600004196167,14.784000396728516,13.890000343322754,14.699999809265137,377700,0.0,0.0
2021-08-06 00:00:00-04:00,15.0600004196167,15.390000343322754,14.135000228881836,14.380000114440918,373000,0.0,0.0
2021-08-09 00:00:00-04:00,14.270000457763672,14.399999618530273,13.720000267028809,14.300000190734863,279600,0.0,0.0
2021-08-10 00:00:00-04:00,14.5600004196167,14.829999923706055,14.199999809265137,14.550000190734863,197000,0.0,0.0
2021-08-11 00:00:00-04:00,14.8100004196167,15.062999725341797,13.819999694824219,13.949999809265137,315600,0.0,0.0
2021-08-12 00:00:00-04:00,14.239999771118164,14.239999771118164,13.539999961853027,14.100000381469727,338200,0.0,0.0
2021-08-13 00:00:00-04:00,14.010000228881836,14.486000061035156,13.539999961853027,13.619999885559082,355400,0.0,0.0
2021-08-16 00:00:00-04:00,13.130000114440918,15.5,13.130000114440918,14.75,1210600,0.0,0.0
2021-08-17 00:00:00-04:00,14.880000114440918,15.920000076293945,14.319999694824219,15.390000343322754,426000,0.0,0.0
2021-08-18 00:00:00-04:00,15.3100004196167,15.9399995803833,15.3100004196167,15.699999809265137,250800,0.0,0.0
2021-08-19 00:00:00-04:00,15.510000228881836,15.699999809265137,14.5,14.569999694824219,139800,0.0,0.0
2021-08-20 00:00:00-04:00,14.779999732971191,14.920000076293945,14.510000228881836,14.84000015258789,149200,0.0,0.0
2021-08-23 00:00:00-04:00,15.449999809265137,16.649999618530273,15.25,16.059999465942383,688800,0.0,0.0
2021-08-24 00:00:00-04:00,16.530000686645508,16.579999923706055,16.15999984741211,16.190000534057617,240900,0.0,0.0
2021-08-25 00:00:00-04:00,16.399999618530273,16.600000381469727,16.150999069213867,16.479999542236328,156600,0.0,0.0
2021-08-26 00:00:00-04:00,16.5,16.850000381469727,16.139999389648438,16.399999618530273,136600,0.0,0.0
2021-08-27 00:00:00-04:00,16.260000228881836,16.8700008392334,16.229999542236328,16.600000381469727,155100,0.0,0.0
2021-08-30 00:00:00-04:00,16.93000030517578,17.0,15.868000030517578,15.930000305175781,195600,0.0,0.0
2021-08-31 00:00:00-04:00,16.110000610351562,16.450000762939453,15.720000267028809,16.3799991607666,138400,0.0,0.0
2021-09-01 00:00:00-04:00,17.170000076293945,17.5,16.510000228881836,16.829999923706055,238700,0.0,0.0
2021-09-02 00:00:00-04:00,17.0,17.479999542236328,16.700000762939453,17.25,295900,0.0,0.0
2021-09-03 00:00:00-04:00,17.469999313354492,17.469999313354492,16.959999084472656,17.15999984741211,190500,0.0,0.0
2021-09-07 00:00:00-04:00,17.389999389648438,17.8700008392334,16.84000015258789,17.84000015258789,381100,0.0,0.0
2021-09-08 00:00:00-04:00,17.709999084472656,17.899999618530273,16.850000381469727,17.81999969482422,291600,0.0,0.0
2021-09-09 00:00:00-04:00,17.809999465942383,17.84000015258789,16.850000381469727,16.969999313354492,203200,0.0,0.0
2021-09-10 00:00:00-04:00,17.149999618530273,17.149999618530273,16.139999389648438,16.459999084472656,289700,0.0,0.0
2021-09-13 00:00:00-04:00,16.690000534057617,16.81999969482422,15.5,15.630000114440918,213400,0.0,0.0
2021-09-14 00:00:00-04:00,15.430000305175781,15.9399995803833,15.220000267028809,15.609999656677246,248700,0.0,0.0
2021-09-15 00:00:00-04:00,15.5,15.920000076293945,15.123000144958496,15.1899995803833,282900,0.0,0.0
2021-09-16 00:00:00-04:00,15.210000038146973,15.5600004196167,14.850000381469727,15.229999542236328,250300,0.0,0.0
2021-09-17 00:00:00-04:00,15.960000038146973,16.510000228881836,15.5,16.420000076293945,557200,0.0,0.0
2021-09-20 00:00:00-04:00,15.760000228881836,16.15999984741211,15.380000114440918,15.649999618530273,365200,0.0,0.0
2021-09-21 00:00:00-04:00,15.75,16.18000030517578,15.5,16.049999237060547,233500,0.0,0.0
2021-09-22 00:00:00-04:00,16.0,16.43000030517578,15.90999984741211,16.350000381469727,277700,0.0,0.0
2021-09-23 00:00:00-04:00,16.520000457763672,16.59000015258789,16.06999969482422,16.280000686645508,263900,0.0,0.0
2021-09-24 00:00:00-04:00,16.079999923706055,16.329999923706055,15.8100004196167,16.0,235600,0.0,0.0
2021-09-27 00:00:00-04:00,15.899999618530273,16.149999618530273,15.359999656677246,15.680000305175781,230500,0.0,0.0
2021-09-28 00:00:00-04:00,15.489999771118164,15.645000457763672,15.170000076293945,15.529999732971191,250800,0.0,0.0
2021-09-29 00:00:00-04:00,15.5,15.649999618530273,14.699999809265137,14.789999961853027,266700,0.0,0.0
2021-09-30 00:00:00-04:00,14.699999809265137,14.819999694824219,14.3100004196167,14.789999961853027,147800,0.0,0.0
2021-10-01 00:00:00-04:00,14.680000305175781,14.680000305175781,13.770000457763672,13.859999656677246,481700,0.0,0.0
2021-10-04 00:00:00-04:00,13.899999618530273,13.984999656677246,13.020000457763672,13.279999732971191,295900,0.0,0.0
2021-10-05 00:00:00-04:00,13.1899995803833,13.569999694824219,12.850000381469727,13.489999771118164,440200,0.0,0.0
2021-10-06 00:00:00-04:00,13.479999542236328,13.520000457763672,12.949999809265137,13.0,179900,0.0,0.0
2021-10-07 00:00:00-04:00,13.010000228881836,13.3100004196167,12.850000381469727,13.170000076293945,247200,0.0,0.0
2021-10-08 00:00:00-04:00,13.1899995803833,13.350000381469727,12.350000381469727,12.550000190734863,361200,0.0,0.0
2021-10-11 00:00:00-04:00,12.600000381469727,12.880000114440918,12.359999656677246,12.579999923706055,220300,0.0,0.0
2021-10-12 00:00:00-04:00,12.6899995803833,12.949999809265137,12.390000343322754,12.430000305175781,141700,0.0,0.0
2021-10-13 00:00:00-04:00,12.59000015258789,12.84000015258789,12.119999885559082,12.760000228881836,177000,0.0,0.0
2021-10-14 00:00:00-04:00,13.119999885559082,13.260000228881836,12.760000228881836,12.970000267028809,144100,0.0,0.0
2021-10-15 00:00:00-04:00,13.180000305175781,13.5,13.0,13.5,174400,0.0,0.0
2021-10-18 00:00:00-04:00,13.989999771118164,14.15999984741211,13.34000015258789,13.989999771118164,622300,0.0,0.0
2021-10-19 00:00:00-04:00,14.390000343322754,14.680000305175781,13.756999969482422,14.65999984741211,347600,0.0,0.0
2021-10-20 00:00:00-04:00,14.539999961853027,14.850000381469727,14.180000305175781,14.640000343322754,164400,0.0,0.0
2021-10-21 00:00:00-04:00,14.699999809265137,15.289999961853027,14.680000305175781,15.170000076293945,255500,0.0,0.0
2021-10-22 00:00:00-04:00,15.0,15.3100004196167,14.020000457763672,15.25,356300,0.0,0.0
2021-10-25 00:00:00-04:00,15.34000015258789,15.385000228881836,13.699999809265137,14.119999885559082,554500,0.0,0.0
2021-10-26 00:00:00-04:00,14.430000305175781,14.760000228881836,13.494999885559082,13.739999771118164,542600,0.0,0.0
2021-10-27 00:00:00-04:00,13.770000457763672,14.454999923706055,13.5,14.319999694824219,294400,0.0,0.0
2021-10-28 00:00:00-04:00,14.220000267028809,14.404999732971191,14.0,14.180000305175781,228200,0.0,0.0
2021-10-29 00:00:00-04:00,14.119999885559082,14.991000175476074,14.069999694824219,14.59000015258789,293700,0.0,0.0
2021-11-01 00:00:00-04:00,14.619999885559082,15.720000267028809,14.5,15.520000457763672,853500,0.0,0.0
2021-11-02 00:00:00-04:00,16.209999084472656,17.110000610351562,15.0600004196167,17.0,769600,0.0,0.0
2021-11-03 00:00:00-04:00,17.440000534057617,17.809999465942383,16.549999237060547,17.25,1072100,0.0,0.0
2021-11-04 00:00:00-04:00,17.209999084472656,17.809999465942383,17.059999465942383,17.799999237060547,419500,0.0,0.0
2021-11-05 00:00:00-04:00,17.639999389648438,17.75,16.725000381469727,17.18000030517578,424700,0.0,0.0
2021-11-08 00:00:00-05:00,17.229999542236328,17.655000686645508,16.639999389648438,16.700000762939453,364700,0.0,0.0
2021-11-09 00:00:00-05:00,16.229999542236328,16.364999771118164,13.800000190734863,15.369999885559082,1550600,0.0,0.0
2021-11-10 00:00:00-05:00,15.479999542236328,16.100000381469727,14.692000389099121,14.850000381469727,381900,0.0,0.0
2021-11-11 00:00:00-05:00,14.960000038146973,15.300000190734863,14.020000457763672,14.569999694824219,413800,0.0,0.0
2021-11-12 00:00:00-05:00,14.5,15.029999732971191,14.359999656677246,14.920000076293945,427700,0.0,0.0
2021-11-15 00:00:00-05:00,14.75,15.114999771118164,12.380000114440918,12.850000381469727,1552600,0.0,0.0
2021-11-16 00:00:00-05:00,13.0,13.319999694824219,12.25,12.279999732971191,703100,0.0,0.0
2021-11-17 00:00:00-05:00,12.350000381469727,12.430000305175781,12.010000228881836,12.199999809265137,814800,0.0,0.0
2021-11-18 00:00:00-05:00,12.199999809265137,12.319999694824219,10.9399995803833,11.260000228881836,967400,0.0,0.0
2021-11-19 00:00:00-05:00,11.399999618530273,11.90999984741211,11.199999809265137,11.649999618530273,390900,0.0,0.0
2021-11-22 00:00:00-05:00,11.869999885559082,12.270000457763672,10.869999885559082,11.170000076293945,719000,0.0,0.0
2021-11-23 00:00:00-05:00,11.260000228881836,11.399999618530273,10.600000381469727,10.850000381469727,1851200,0.0,0.0
2021-11-24 00:00:00-05:00,10.90999984741211,11.430000305175781,10.449999809265137,11.3100004196167,792100,0.0,0.0
2021-11-26 00:00:00-05:00,11.380000114440918,11.539999961853027,10.869999885559082,11.1899995803833,338700,0.0,0.0
2021-11-29 00:00:00-05:00,11.25,11.399999618530273,10.6899995803833,10.989999771118164,576700,0.0,0.0
2021-11-30 00:00:00-05:00,11.180000305175781,11.270000457763672,10.470000267028809,10.979999542236328,484100,0.0,0.0
2021-12-01 00:00:00-05:00,11.020000457763672,11.34000015258789,10.800000190734863,10.920000076293945,254000,0.0,0.0
2021-12-02 00:00:00-05:00,10.760000228881836,11.920000076293945,10.760000228881836,11.140000343322754,473200,0.0,0.0
2021-12-03 00:00:00-05:00,11.140000343322754,11.319999694824219,10.289999961853027,10.579999923706055,586000,0.0,0.0
2021-12-06 00:00:00-05:00,10.630000114440918,10.899999618530273,10.25,10.579999923706055,410200,0.0,0.0
2021-12-07 00:00:00-05:00,10.600000381469727,11.329999923706055,10.600000381469727,11.180000305175781,444500,0.0,0.0
2021-12-08 00:00:00-05:00,11.079999923706055,11.470000267028809,10.789999961853027,11.380000114440918,268400,0.0,0.0
2021-12-09 00:00:00-05:00,11.489999771118164,11.819999694824219,10.729999542236328,10.800000190734863,306800,0.0,0.0
2021-12-10 00:00:00-05:00,10.699999809265137,11.199999809265137,10.699999809265137,10.829999923706055,333000,0.0,0.0
2021-12-13 00:00:00-05:00,11.029999732971191,11.454999923706055,10.649999618530273,11.020000457763672,296100,0.0,0.0
2021-12-14 00:00:00-05:00,10.6899995803833,11.020000457763672,10.0,10.020000457763672,662500,0.0,0.0
2021-12-15 00:00:00-05:00,10.100000381469727,10.125,6.599999904632568,6.820000171661377,7789300,0.0,0.0
2021-12-16 00:00:00-05:00,7.5,8.039999961853027,7.099999904632568,7.579999923706055,3855800,0.0,0.0
2021-12-17 00:00:00-05:00,7.5,8.25,7.130000114440918,7.989999771118164,3616800,0.0,0.0
2021-12-20 00:00:00-05:00,7.96999979019165,8.59000015258789,7.940000057220459,8.029999732971191,1267200,0.0,0.0
2021-12-21 00:00:00-05:00,8.020000457763672,8.550000190734863,7.710000038146973,8.34000015258789,1224800,0.0,0.0
2021-12-22 00:00:00-05:00,8.289999961853027,8.449999809265137,7.809999942779541,7.829999923706055,950200,0.0,0.0
2021-12-23 00:00:00-05:00,7.831999778747559,7.849999904632568,7.269999980926514,7.71999979019165,1665600,0.0,0.0
2021-12-27 00:00:00-05:00,7.380000114440918,8.149999618530273,7.380000114440918,7.989999771118164,1201000,0.0,0.0
2021-12-28 00:00:00-05:00,7.800000190734863,7.960000038146973,7.289999961853027,7.329999923706055,770200,0.0,0.0
2021-12-29 00:00:00-05:00,7.329999923706055,7.579999923706055,7.230000019073486,7.489999771118164,685900,0.0,0.0
2021-12-30 00:00:00-05:00,7.630000114440918,7.800000190734863,7.329999923706055,7.349999904632568,969600,0.0,0.0
2021-12-31 00:00:00-05:00,7.260000228881836,7.659999847412109,7.260000228881836,7.630000114440918,1230400,0.0,0.0
2022-01-03 00:00:00-05:00,7.699999809265137,7.980000019073486,7.364999771118164,7.659999847412109,706300,0.0,0.0
2022-01-04 00:00:00-05:00,7.710000038146973,7.715000152587891,7.125,7.230000019073486,1129800,0.0,0.0
2022-01-05 00:00:00-05:00,7.133999824523926,7.230000019073486,6.349999904632568,6.440000057220459,1005900,0.0,0.0
2022-01-06 00:00:00-05:00,6.570000171661377,6.690000057220459,6.019999980926514,6.599999904632568,1593800,0.0,0.0
2022-01-07 00:00:00-05:00,6.565000057220459,6.900000095367432,6.389999866485596,6.420000076293945,1336500,0.0,0.0
2022-01-10 00:00:00-05:00,6.389999866485596,6.429999828338623,5.900000095367432,6.380000114440918,1280600,0.0,0.0
2022-01-11 00:00:00-05:00,6.840000152587891,7.019999980926514,6.460000038146973,6.739999771118164,851900,0.0,0.0
2022-01-12 00:00:00-05:00,6.960000038146973,6.980000019073486,6.46999979019165,6.659999847412109,1453200,0.0,0.0
2022-01-13 00:00:00-05:00,6.610000133514404,6.650000095367432,6.110000133514404,6.21999979019165,866600,0.0,0.0
2022-01-14 00:00:00-05:00,6.03000020980835,6.170000076293945,5.760000228881836,5.960000038146973,1010000,0.0,0.0
2022-01-18 00:00:00-05:00,5.809999942779541,5.869999885559082,5.289999961853027,5.389999866485596,1975100,0.0,0.0
2022-01-19 00:00:00-05:00,5.452000141143799,5.929999828338623,5.449999809265137,5.579999923706055,1075000,0.0,0.0
2022-01-20 00:00:00-05:00,5.579999923706055,5.888000011444092,5.409999847412109,5.550000190734863,1539300,0.0,0.0
2022-01-21 00:00:00-05:00,5.5,5.550000190734863,5.199999809265137,5.260000228881836,697400,0.0,0.0
2022-01-24 00:00:00-05:00,5.025000095367432,5.150000095367432,4.659999847412109,5.139999866485596,1204000,0.0,0.0
2022-01-25 00:00:00-05:00,5.03000020980835,5.150000095367432,4.789999961853027,5.059999942779541,1232000,0.0,0.0
2022-01-26 00:00:00-05:00,5.21999979019165,5.400000095367432,4.849999904632568,4.880000114440918,1034800,0.0,0.0
2022-01-27 00:00:00-05:00,4.960000038146973,5.070000171661377,4.635000228881836,4.659999847412109,655100,0.0,0.0
2022-01-28 00:00:00-05:00,4.75,5.0,4.619999885559082,4.940000057220459,993600,0.0,0.0
2022-01-31 00:00:00-05:00,4.9120001792907715,5.360000133514404,4.909999847412109,5.329999923706055,750200,0.0,0.0
2022-02-01 00:00:00-05:00,5.5,5.510000228881836,5.210000038146973,5.480000019073486,776100,0.0,0.0
2022-02-02 00:00:00-05:00,5.579999923706055,5.670000076293945,5.25,5.320000171661377,738400,0.0,0.0
2022-02-03 00:00:00-05:00,5.070000171661377,5.320000171661377,4.989999771118164,5.050000190734863,806200,0.0,0.0
2022-02-04 00:00:00-05:00,5.059999942779541,5.150000095367432,4.900000095367432,5.130000114440918,788900,0.0,0.0
2022-02-07 00:00:00-05:00,5.179999828338623,5.300000190734863,5.079999923706055,5.21999979019165,288600,0.0,0.0
2022-02-08 00:00:00-05:00,5.420000076293945,5.420000076293945,4.989999771118164,5.039999961853027,655700,0.0,0.0
2022-02-09 00:00:00-05:00,5.150000095367432,5.860000133514404,5.079999923706055,5.760000228881836,1611000,0.0,0.0
2022-02-10 00:00:00-05:00,5.989999771118164,6.139999866485596,5.670000076293945,5.75,2079700,0.0,0.0
2022-02-11 00:00:00-05:00,5.735000133514404,5.96999979019165,5.519999980926514,5.539999961853027,878600,0.0,0.0
2022-02-14 00:00:00-05:00,5.559999942779541,5.800000190734863,5.519999980926514,5.610000133514404,807500,0.0,0.0
2022-02-15 00:00:00-05:00,5.940000057220459,6.070000171661377,5.5,5.900000095367432,1070800,0.0,0.0
2022-02-16 00:00:00-05:00,5.78000020980835,6.320000171661377,5.710000038146973,6.239999771118164,981700,0.0,0.0
2022-02-17 00:00:00-05:00,6.059999942779541,6.179999828338623,5.579999923706055,5.710000038146973,1794600,0.0,0.0
2022-02-18 00:00:00-05:00,5.880000114440918,5.949999809265137,5.710000038146973,5.789999961853027,997400,0.0,0.0
2022-02-22 00:00:00-05:00,5.702000141143799,5.889999866485596,5.420000076293945,5.480000019073486,1125400,0.0,0.0
2022-02-23 00:00:00-05:00,5.659999847412109,5.659999847412109,5.199999809265137,5.21999979019165,805800,0.0,0.0
2022-02-24 00:00:00-05:00,4.929999828338623,5.449999809265137,4.809999942779541,5.420000076293945,643900,0.0,0.0
2022-02-25 00:00:00-05:00,5.440000057220459,5.559999942779541,5.364999771118164,5.53000020980835,548400,0.0,0.0
2022-02-28 00:00:00-05:00,5.489999771118164,5.800000190734863,5.400000095367432,5.739999771118164,770500,0.0,0.0
2022-03-01 00:00:00-05:00,5.699999809265137,5.989999771118164,5.659999847412109,5.800000190734863,491200,0.0,0.0
2022-03-02 00:00:00-05:00,5.800000190734863,5.800000190734863,5.429999828338623,5.650000095367432,439400,0.0,0.0
2022-03-03 00:00:00-05:00,5.769999980926514,5.809999942779541,5.449999809265137,5.559999942779541,750000,0.0,0.0
2022-03-04 00:00:00-05:00,5.449999809265137,5.5,5.080999851226807,5.119999885559082,589600,0.0,0.0
2022-03-07 00:00:00-05:00,5.059999942779541,5.190000057220459,4.920000076293945,4.96999979019165,548100,0.0,0.0
2022-03-08 00:00:00-05:00,4.96999979019165,5.260000228881836,4.829999923706055,5.039999961853027,658000,0.0,0.0
2022-03-09 00:00:00-05:00,5.150000095367432,5.570000171661377,5.099999904632568,5.559999942779541,640300,0.0,0.0
2022-03-10 00:00:00-05:00,5.460000038146973,5.53000020980835,5.199999809265137,5.360000133514404,851900,0.0,0.0
2022-03-11 00:00:00-05:00,5.400000095367432,5.400000095367432,5.170000076293945,5.21999979019165,498700,0.0,0.0
2022-03-14 00:00:00-04:00,5.21999979019165,5.230000019073486,4.96999979019165,5.070000171661377,750000,0.0,0.0
2022-03-15 00:00:00-04:00,5.010000228881836,5.099999904632568,4.809999942779541,4.940000057220459,677400,0.0,0.0
2022-03-16 00:00:00-04:00,5.010000228881836,5.28000020980835,4.96999979019165,5.199999809265137,1174300,0.0,0.0
2022-03-17 00:00:00-04:00,5.21999979019165,5.579999923706055,5.03000020980835,5.53000020980835,731600,0.0,0.0
2022-03-18 00:00:00-04:00,5.420000076293945,5.797999858856201,5.420000076293945,5.650000095367432,952300,0.0,0.0
2022-03-21 00:00:00-04:00,5.739999771118164,5.739999771118164,5.059999942779541,5.28000020980835,1170100,0.0,0.0
2022-03-22 00:00:00-04:00,5.300000190734863,5.579999923706055,5.25,5.550000190734863,812400,0.0,0.0
2022-03-23 00:00:00-04:00,5.429999828338623,5.489999771118164,5.150000095367432,5.159999847412109,1005900,0.0,0.0
2022-03-24 00:00:00-04:00,5.199999809265137,5.25,4.960000038146973,5.139999866485596,828800,0.0,0.0
2022-03-25 00:00:00-04:00,5.199999809265137,5.199999809265137,4.949999809265137,5.070000171661377,696700,0.0,0.0
2022-03-28 00:00:00-04:00,5.139999866485596,5.190000057220459,4.820000171661377,4.96999979019165,782800,0.0,0.0
2022-03-29 00:00:00-04:00,5.019999980926514,5.440000057220459,5.010000228881836,5.420000076293945,1095200,0.0,0.0
2022-03-30 00:00:00-04:00,5.210000038146973,5.599999904632568,5.090000152587891,5.340000152587891,1278800,0.0,0.0
2022-03-31 00:00:00-04:00,5.300000190734863,5.340000152587891,5.025000095367432,5.090000152587891,778100,0.0,0.0
2022-04-01 00:00:00-04:00,5.079999923706055,5.340000152587891,5.050000190734863,5.320000171661377,801300,0.0,0.0
2022-04-04 00:00:00-04:00,5.329999923706055,5.400000095367432,5.159999847412109,5.309999942779541,1758300,0.0,0.0
2022-04-05 00:00:00-04:00,5.27400016784668,5.420000076293945,4.96999979019165,5.065000057220459,1313300,0.0,0.0
2022-04-06 00:00:00-04:00,4.960000038146973,5.050000190734863,4.835000038146973,4.920000076293945,836400,0.0,0.0
2022-04-07 00:00:00-04:00,4.949999809265137,4.949999809265137,4.619999885559082,4.869999885559082,700100,0.0,0.0
2022-04-08 00:00:00-04:00,4.889999866485596,5.019999980926514,4.695000171661377,4.949999809265137,754400,0.0,0.0
2022-04-11 00:00:00-04:00,4.920000076293945,4.960000038146973,4.769999980926514,4.809999942779541,678700,0.0,0.0
2022-04-12 00:00:00-04:00,4.849999904632568,4.989999771118164,4.840000152587891,4.920000076293945,607600,0.0,0.0
2022-04-13 00:00:00-04:00,5.110000133514404,5.309999942779541,5.059999942779541,5.190000057220459,1110900,0.0,0.0
2022-04-14 00:00:00-04:00,5.215000152587891,5.440000057220459,5.130000114440918,5.320000171661377,491000,0.0,0.0
2022-04-18 00:00:00-04:00,5.340000152587891,5.409999847412109,5.059999942779541,5.110000133514404,466900,0.0,0.0
2022-04-19 00:00:00-04:00,5.159999847412109,5.289999961853027,5.0,5.190000057220459,1022700,0.0,0.0
2022-04-20 00:00:00-04:00,5.21999979019165,5.21999979019165,5.010000228881836,5.090000152587891,720700,0.0,0.0
2022-04-21 00:00:00-04:00,5.179999828338623,5.199999809265137,4.869999885559082,4.880000114440918,830800,0.0,0.0
2022-04-22 00:00:00-04:00,4.880000114440918,4.900000095367432,4.760000228881836,4.78000020980835,656800,0.0,0.0
2022-04-25 00:00:00-04:00,4.71999979019165,5.0,4.710999965667725,4.96999979019165,790200,0.0,0.0
2022-04-26 00:00:00-04:00,4.960000038146973,5.0,4.579999923706055,4.599999904632568,631200,0.0,0.0
2022-04-27 00:00:00-04:00,4.639999866485596,4.769999980926514,4.53000020980835,4.599999904632568,345200,0.0,0.0
2022-04-28 00:00:00-04:00,4.599999904632568,4.639999866485596,4.21999979019165,4.420000076293945,623500,0.0,0.0
2022-04-29 00:00:00-04:00,4.429999828338623,4.659999847412109,4.28000020980835,4.289999961853027,495100,0.0,0.0
2022-05-02 00:00:00-04:00,4.300000190734863,4.599999904632568,4.190000057220459,4.579999923706055,1175600,0.0,0.0
2022-05-03 00:00:00-04:00,4.760000228881836,4.800000190734863,4.289999961853027,4.400000095367432,1087500,0.0,0.0
2022-05-04 00:00:00-04:00,4.429999828338623,4.440000057220459,4.119999885559082,4.380000114440918,873200,0.0,0.0
2022-05-05 00:00:00-04:00,4.349999904632568,4.349999904632568,3.9749999046325684,4.010000228881836,1089900,0.0,0.0
2022-05-06 00:00:00-04:00,4.0,4.050000190734863,3.6700000762939453,3.859999895095825,599300,0.0,0.0
2022-05-09 00:00:00-04:00,3.7799999713897705,3.7799999713897705,3.3299999237060547,3.3399999141693115,1024200,0.0,0.0
2022-05-10 00:00:00-04:00,3.490000009536743,3.5999999046325684,3.309999942779541,3.390000104904175,1545800,0.0,0.0
2022-05-11 00:00:00-04:00,3.380000114440918,3.4000000953674316,3.049999952316284,3.130000114440918,1489300,0.0,0.0
2022-05-12 00:00:00-04:00,3.059999942779541,3.3499999046325684,3.049999952316284,3.25,1692000,0.0,0.0
2022-05-13 00:00:00-04:00,3.3299999237060547,3.7300000190734863,3.3299999237060547,3.640000104904175,1027300,0.0,0.0
2022-05-16 00:00:00-04:00,3.700000047683716,4.130000114440918,3.549999952316284,4.039999961853027,965100,0.0,0.0
2022-05-17 00:00:00-04:00,4.150000095367432,4.21999979019165,3.9800000190734863,4.119999885559082,616200,0.0,0.0
2022-05-18 00:00:00-04:00,4.079999923706055,4.190000057220459,3.859999895095825,3.9200000762939453,686200,0.0,0.0
2022-05-19 00:00:00-04:00,3.9000000953674316,4.144999980926514,3.9000000953674316,3.9700000286102295,474300,0.0,0.0
2022-05-20 00:00:00-04:00,4.001999855041504,4.090000152587891,3.8350000381469727,4.0,648600,0.0,0.0
2022-05-23 00:00:00-04:00,4.03000020980835,4.079999923706055,3.8350000381469727,3.869999885559082,328600,0.0,0.0
2022-05-24 00:00:00-04:00,3.819999933242798,3.8399999141693115,3.6700000762939453,3.7699999809265137,482200,0.0,0.0
2022-05-25 00:00:00-04:00,3.7200000286102295,3.890000104904175,3.680000066757202,3.8399999141693115,935300,0.0,0.0
2022-05-26 00:00:00-04:00,3.8299999237060547,4.050000190734863,3.825000047683716,3.9000000953674316,503300,0.0,0.0
2022-05-27 00:00:00-04:00,3.930000066757202,4.090000152587891,3.930000066757202,4.070000171661377,873100,0.0,0.0
2022-05-31 00:00:00-04:00,4.099999904632568,4.460000038146973,3.859999895095825,3.9800000190734863,3143400,0.0,0.0
2022-06-01 00:00:00-04:00,3.9800000190734863,3.9800000190734863,3.625,3.6500000953674316,711400,0.0,0.0
2022-06-02 00:00:00-04:00,3.640000104904175,3.799999952316284,3.569999933242798,3.740000009536743,684200,0.0,0.0
2022-06-03 00:00:00-04:00,3.7300000190734863,3.75,3.569999933242798,3.690000057220459,713900,0.0,0.0
2022-06-06 00:00:00-04:00,3.759999990463257,3.7899999618530273,3.319999933242798,3.4000000953674316,837600,0.0,0.0
2022-06-07 00:00:00-04:00,3.4100000858306885,3.700000047683716,3.4000000953674316,3.700000047683716,634400,0.0,0.0
2022-06-08 00:00:00-04:00,3.640000104904175,3.8399999141693115,3.619999885559082,3.640000104904175,432800,0.0,0.0
2022-06-09 00:00:00-04:00,3.619999885559082,3.619999885559082,3.3299999237060547,3.369999885559082,851000,0.0,0.0
2022-06-10 00:00:00-04:00,3.309999942779541,3.367000102996826,3.1600000858306885,3.2899999618530273,694600,0.0,0.0
2022-06-13 00:00:00-04:00,3.119999885559082,3.140000104904175,2.9700000286102295,3.0299999713897705,855900,0.0,0.0
2022-06-14 00:00:00-04:00,3.0199999809265137,3.25,2.950000047683716,3.2300000190734863,801200,0.0,0.0
2022-06-15 00:00:00-04:00,3.309999942779541,3.4000000953674316,3.2300000190734863,3.309999942779541,1014200,0.0,0.0
2022-06-16 00:00:00-04:00,3.2200000286102295,3.2699999809265137,3.0399999618530273,3.109999895095825,1009300,0.0,0.0
2022-06-17 00:00:00-04:00,3.119999885559082,3.3499999046325684,3.119999885559082,3.25,813900,0.0,0.0
2022-06-21 00:00:00-04:00,3.359999895095825,3.4700000286102295,3.309999942779541,3.359999895095825,634700,0.0,0.0
2022-06-22 00:00:00-04:00,3.2799999713897705,3.5999999046325684,3.2799999713897705,3.5,994300,0.0,0.0
2022-06-23 00:00:00-04:00,3.549999952316284,3.6600000858306885,3.4549999237060547,3.6500000953674316,346200,0.0,0.0
2022-06-24 00:00:00-04:00,3.690000057220459,3.805000066757202,3.569999933242798,3.7899999618530273,689100,0.0,0.0
2022-06-27 00:00:00-04:00,3.809999942779541,3.809999942779541,3.5999999046325684,3.6600000858306885,526000,0.0,0.0
2022-06-28 00:00:00-04:00,3.6700000762939453,3.7200000286102295,3.5399999618530273,3.619999885559082,444200,0.0,0.0
2022-06-29 00:00:00-04:00,3.5899999141693115,3.7100000381469727,3.5,3.680000066757202,429100,0.0,0.0
2022-06-30 00:00:00-04:00,3.609999895095825,3.680000066757202,3.5,3.640000104904175,431300,0.0,0.0
2022-07-01 00:00:00-04:00,3.640000104904175,3.7100000381469727,3.5999999046325684,3.6500000953674316,360600,0.0,0.0
2022-07-05 00:00:00-04:00,3.609999895095825,3.7100000381469727,3.5,3.680000066757202,784300,0.0,0.0
2022-07-06 00:00:00-04:00,3.700000047683716,4.079999923706055,3.6500000953674316,3.9800000190734863,1301800,0.0,0.0
2022-07-07 00:00:00-04:00,4.0,4.289999961853027,3.9000000953674316,4.269999980926514,1221500,0.0,0.0
2022-07-08 00:00:00-04:00,4.230000019073486,4.380000114440918,4.099999904632568,4.309999942779541,664200,0.0,0.0
2022-07-11 00:00:00-04:00,4.269999980926514,4.289999961853027,4.138000011444092,4.21999979019165,824900,0.0,0.0
2022-07-12 00:00:00-04:00,4.230000019073486,4.230000019073486,3.9800000190734863,4.179999828338623,1069300,0.0,0.0
2022-07-13 00:00:00-04:00,4.110000133514404,4.329999923706055,4.059999942779541,4.190000057220459,740200,0.0,0.0
2022-07-14 00:00:00-04:00,4.179999828338623,4.260000228881836,4.070000171661377,4.150000095367432,638900,0.0,0.0
2022-07-15 00:00:00-04:00,4.210000038146973,4.28000020980835,4.059999942779541,4.25,803100,0.0,0.0
2022-07-18 00:00:00-04:00,4.329999923706055,4.349999904632568,4.144999980926514,4.199999809265137,1007200,0.0,0.0
2022-07-19 00:00:00-04:00,4.304999828338623,4.510000228881836,4.199999809265137,4.409999847412109,916800,0.0,0.0
2022-07-20 00:00:00-04:00,4.400000095367432,4.409999847412109,4.260000228881836,4.349999904632568,1260900,0.0,0.0
2022-07-21 00:00:00-04:00,4.400000095367432,4.400000095367432,4.019999980926514,4.03000020980835,819900,0.0,0.0
2022-07-22 00:00:00-04:00,4.0,4.03000020980835,3.890000104904175,3.890000104904175,1112900,0.0,0.0
2022-07-25 00:00:00-04:00,3.9700000286102295,3.9800000190734863,3.680000066757202,3.7799999713897705,797200,0.0,0.0
2022-07-26 00:00:00-04:00,3.75,3.7899999618530273,3.559999942779541,3.700000047683716,840200,0.0,0.0
2022-07-27 00:00:00-04:00,3.740000009536743,3.9100000858306885,3.7100000381469727,3.890000104904175,737000,0.0,0.0
2022-07-28 00:00:00-04:00,3.940000057220459,3.9749999046325684,3.7899999618530273,3.9200000762939453,933300,0.0,0.0
2022-07-29 00:00:00-04:00,3.9200000762939453,4.090000152587891,3.819999933242798,3.859999895095825,912200,0.0,0.0
2022-08-01 00:00:00-04:00,3.859999895095825,3.859999895095825,3.5199999809265137,3.549999952316284,852600,0.0,0.0
2022-08-02 00:00:00-04:00,3.509999990463257,3.819999933242798,3.509999990463257,3.819999933242798,696900,0.0,0.0
2022-08-03 00:00:00-04:00,3.930000066757202,4.090000152587891,3.859999895095825,4.0,501400,0.0,0.0
2022-08-04 00:00:00-04:00,4.059999942779541,4.114999771118164,4.019999980926514,4.110000133514404,498300,0.0,0.0
2022-08-05 00:00:00-04:00,4.119999885559082,4.380000114440918,3.990000009536743,4.380000114440918,1815400,0.0,0.0
2022-08-08 00:00:00-04:00,4.5,4.860000133514404,4.389999866485596,4.429999828338623,1753000,0.0,0.0
2022-08-09 00:00:00-04:00,4.409999847412109,4.650000095367432,4.320000171661377,4.409999847412109,676300,0.0,0.0
2022-08-10 00:00:00-04:00,4.559999942779541,4.78000020980835,4.460000038146973,4.679999828338623,623400,0.0,0.0
2022-08-11 00:00:00-04:00,4.679999828338623,4.75,4.380000114440918,4.429999828338623,613300,0.0,0.0
2022-08-12 00:00:00-04:00,4.449999809265137,4.679999828338623,4.429999828338623,4.579999923706055,420600,0.0,0.0
2022-08-15 00:00:00-04:00,4.630000114440918,4.800000190734863,4.46999979019165,4.679999828338623,747800,0.0,0.0
2022-08-16 00:00:00-04:00,4.760000228881836,4.800000190734863,4.5,4.769999980926514,726800,0.0,0.0
2022-08-17 00:00:00-04:00,4.699999809265137,4.960000038146973,4.510000228881836,4.53000020980835,650200,0.0,0.0
2022-08-18 00:00:00-04:00,4.5,4.78000020980835,4.420000076293945,4.760000228881836,1066700,0.0,0.0
2022-08-19 00:00:00-04:00,4.690000057220459,4.841000080108643,4.46999979019165,4.519999980926514,870700,0.0,0.0
2022-08-22 00:00:00-04:00,4.409999847412109,4.465000152587891,4.21999979019165,4.320000171661377,961700,0.0,0.0
2022-08-23 00:00:00-04:00,4.320000171661377,4.510000228881836,4.25,4.420000076293945,690100,0.0,0.0
2022-08-24 00:00:00-04:00,4.429999828338623,4.670000076293945,4.369999885559082,4.659999847412109,787000,0.0,0.0
2022-08-25 00:00:00-04:00,4.699999809265137,4.909999847412109,4.630000114440918,4.869999885559082,777600,0.0,0.0
2022-08-26 00:00:00-04:00,4.880000114440918,4.960000038146973,4.630000114440918,4.679999828338623,673500,0.0,0.0
2022-08-29 00:00:00-04:00,4.539999961853027,4.789999961853027,4.510000228881836,4.619999885559082,633300,0.0,0.0
2022-08-30 00:00:00-04:00,4.650000095367432,4.71999979019165,4.199999809265137,4.28000020980835,884600,0.0,0.0
2022-08-31 00:00:00-04:00,4.289999961853027,4.539999961853027,4.28000020980835,4.5,710900,0.0,0.0
2022-09-01 00:00:00-04:00,4.460000038146973,4.488999843597412,4.329999923706055,4.389999866485596,957500,0.0,0.0
2022-09-02 00:00:00-04:00,4.400000095367432,4.440000057220459,4.28000020980835,4.360000133514404,572500,0.0,0.0
2022-09-06 00:00:00-04:00,4.429999828338623,4.449999809265137,4.159999847412109,4.210000038146973,1423000,0.0,0.0
2022-09-07 00:00:00-04:00,4.199999809265137,4.349999904632568,4.119999885559082,4.289999961853027,462200,0.0,0.0
2022-09-08 00:00:00-04:00,4.28000020980835,4.394999980926514,4.204999923706055,4.289999961853027,444400,0.0,0.0
2022-09-09 00:00:00-04:00,4.340000152587891,4.401000022888184,4.260000228881836,4.349999904632568,323500,0.0,0.0
2022-09-12 00:00:00-04:00,4.380000114440918,4.519999980926514,4.210000038146973,4.289999961853027,535000,0.0,0.0
2022-09-13 00:00:00-04:00,4.25,4.25,3.940000057220459,3.9800000190734863,898600,0.0,0.0
2022-09-14 00:00:00-04:00,3.9600000381469727,4.03000020980835,3.869999885559082,4.0,450300,0.0,0.0
2022-09-15 00:00:00-04:00,4.0,4.170000076293945,3.9600000381469727,4.139999866485596,287200,0.0,0.0
2022-09-16 00:00:00-04:00,4.039999961853027,4.079999923706055,3.7850000858306885,3.859999895095825,706200,0.0,0.0
2022-09-19 00:00:00-04:00,3.809999942779541,3.9000000953674316,3.6600000858306885,3.700000047683716,583300,0.0,0.0
2022-09-20 00:00:00-04:00,3.6600000858306885,3.700000047683716,3.5299999713897705,3.6700000762939453,600100,0.0,0.0
2022-09-21 00:00:00-04:00,3.700000047683716,3.700000047683716,3.380000114440918,3.440000057220459,1016700,0.0,0.0
2022-09-22 00:00:00-04:00,3.390000104904175,3.5,3.259999990463257,3.3299999237060547,661600,0.0,0.0
2022-09-23 00:00:00-04:00,3.3399999141693115,3.380000114440918,3.1500000953674316,3.2200000286102295,796500,0.0,0.0
2022-09-26 00:00:00-04:00,3.190000057220459,3.369999885559082,3.140000104904175,3.140000104904175,547000,0.0,0.0
2022-09-27 00:00:00-04:00,3.190000057220459,3.440000057220459,3.190000057220459,3.390000104904175,707700,0.0,0.0
2022-09-28 00:00:00-04:00,3.450000047683716,3.549999952316284,3.359999895095825,3.4000000953674316,581200,0.0,0.0
2022-09-29 00:00:00-04:00,3.359999895095825,3.359999895095825,3.1700000762939453,3.25,532200,0.0,0.0
2022-09-30 00:00:00-04:00,3.140000104904175,3.4200000762939453,3.140000104904175,3.309999942779541,525500,0.0,0.0
2022-10-03 00:00:00-04:00,3.369999885559082,3.369999885559082,3.2149999141693115,3.319999933242798,405700,0.0,0.0
2022-10-04 00:00:00-04:00,3.440000057220459,3.630000114440918,3.3949999809265137,3.4600000381469727,700800,0.0,0.0
2022-10-05 00:00:00-04:00,3.3499999046325684,3.4600000381469727,3.140000104904175,3.380000114440918,645700,0.0,0.0
2022-10-06 00:00:00-04:00,3.4000000953674316,3.440000057220459,3.299999952316284,3.4100000858306885,279800,0.0,0.0
2022-10-07 00:00:00-04:00,3.380000114440918,3.4049999713897705,3.2899999618530273,3.369999885559082,435400,0.0,0.0
2022-10-10 00:00:00-04:00,3.380000114440918,3.3989999294281006,3.259999990463257,3.3299999237060547,419400,0.0,0.0
2022-10-11 00:00:00-04:00,3.319999933242798,3.390000104904175,3.25,3.3299999237060547,360000,0.0,0.0
2022-10-12 00:00:00-04:00,3.4100000858306885,3.4149999618530273,3.200000047683716,3.299999952316284,381500,0.0,0.0
2022-10-13 00:00:00-04:00,3.240000009536743,3.3299999237060547,3.0399999618530273,3.200000047683716,785900,0.0,0.0
2022-10-14 00:00:00-04:00,3.2200000286102295,3.3299999237060547,3.0,3.009999990463257,531100,0.0,0.0
2022-10-17 00:00:00-04:00,3.0399999618530273,3.109999895095825,2.9049999713897705,2.940000057220459,917700,0.0,0.0
2022-10-18 00:00:00-04:00,2.990000009536743,3.0260000228881836,2.7300000190734863,2.8299999237060547,1449300,0.0,0.0
2022-10-19 00:00:00-04:00,2.819999933242798,2.819999933242798,2.5999999046325684,2.630000114440918,899800,0.0,0.0
2022-10-20 00:00:00-04:00,2.680000066757202,2.859999895095825,2.640000104904175,2.8299999237060547,773800,0.0,0.0
2022-10-21 00:00:00-04:00,2.7899999618530273,2.869999885559082,2.7200000286102295,2.859999895095825,497300,0.0,0.0
2022-10-24 00:00:00-04:00,2.9000000953674316,2.9200000762939453,2.740000009536743,2.890000104904175,560200,0.0,0.0
2022-10-25 00:00:00-04:00,3.0,3.0889999866485596,2.930000066757202,3.0199999809265137,583200,0.0,0.0
2022-10-26 00:00:00-04:00,3.049999952316284,3.130000114440918,2.9590001106262207,2.984999895095825,536200,0.0,0.0
2022-10-27 00:00:00-04:00,3.0,3.1600000858306885,2.940000057220459,2.990000009536743,616600,0.0,0.0
2022-10-28 00:00:00-04:00,3.0299999713897705,3.0480000972747803,2.953000068664551,3.0,296200,0.0,0.0
2022-10-31 00:00:00-04:00,3.049999952316284,3.0799999237060547,2.9200000762939453,2.950000047683716,881900,0.0,0.0
2022-11-01 00:00:00-04:00,3.1500000953674316,3.6500000953674316,3.059999942779541,3.380000114440918,2972400,0.0,0.0
2022-11-02 00:00:00-04:00,3.299999952316284,3.430000066757202,3.0850000381469727,3.140000104904175,919600,0.0,0.0
2022-11-03 00:00:00-04:00,3.0899999141693115,3.0899999141693115,2.941999912261963,2.9800000190734863,668700,0.0,0.0
2022-11-04 00:00:00-04:00,3.0299999713897705,3.0899999141693115,2.950000047683716,3.009999990463257,684000,0.0,0.0
2022-11-07 00:00:00-05:00,3.0,3.0,2.890000104904175,2.9000000953674316,541000,0.0,0.0
2022-11-08 00:00:00-05:00,2.9000000953674316,2.9100000858306885,2.7699999809265137,2.799999952316284,816100,0.0,0.0
2022-11-09 00:00:00-05:00,2.7899999618530273,2.805000066757202,2.7139999866485596,2.7200000286102295,538700,0.0,0.0
2022-11-10 00:00:00-05:00,2.9000000953674316,3.0450000762939453,2.740000009536743,2.930000066757202,1470000,0.0,0.0
2022-11-11 00:00:00-05:00,2.940000057220459,2.940000057220459,2.7100000381469727,2.75,2160400,0.0,0.0
2022-11-14 00:00:00-05:00,2.75,3.0,2.7300000190734863,2.8499999046325684,1503000,0.0,0.0
2022-11-15 00:00:00-05:00,2.9000000953674316,2.934999942779541,2.690000057220459,2.880000114440918,1839700,0.0,0.0
2022-11-16 00:00:00-05:00,2.8299999237060547,3.0,2.819999933242798,2.869999885559082,899800,0.0,0.0
2022-11-17 00:00:00-05:00,2.869999885559082,2.930000066757202,2.740000009536743,2.799999952316284,1009400,0.0,0.0
2022-11-18 00:00:00-05:00,2.8299999237060547,3.200000047683716,2.75,3.069999933242798,2751200,0.0,0.0
2022-11-21 00:00:00-05:00,3.2300000190734863,3.2699999809265137,2.869999885559082,2.869999885559082,2175600,0.0,0.0
2022-11-22 00:00:00-05:00,2.9100000858306885,2.9700000286102295,2.7899999618530273,2.9200000762939453,1093700,0.0,0.0
2022-11-23 00:00:00-05:00,3.0,3.2799999713897705,2.9600000381469727,3.1700000762939453,1577600,0.0,0.0
2022-11-25 00:00:00-05:00,3.1700000762939453,3.1700000762939453,3.0,3.0899999141693115,343500,0.0,0.0
2022-11-28 00:00:00-05:00,3.0899999141693115,3.1600000858306885,2.950000047683716,3.009999990463257,833000,0.0,0.0
2022-11-29 00:00:00-05:00,3.0,3.299999952316284,2.9600000381469727,3.1600000858306885,1218100,0.0,0.0
2022-11-30 00:00:00-05:00,3.1600000858306885,3.5450000762939453,3.1600000858306885,3.5299999713897705,2472800,0.0,0.0
2022-12-01 00:00:00-05:00,3.5299999713897705,3.5899999141693115,3.2799999713897705,3.3399999141693115,874200,0.0,0.0
2022-12-02 00:00:00-05:00,3.299999952316284,3.569999933242798,3.242000102996826,3.549999952316284,815000,0.0,0.0
2022-12-05 00:00:00-05:00,3.5899999141693115,3.6500000953674316,3.430000066757202,3.4800000190734863,729900,0.0,0.0
2022-12-06 00:00:00-05:00,3.559999942779541,3.559999942779541,3.109999895095825,3.1600000858306885,1126300,0.0,0.0
2022-12-07 00:00:00-05:00,3.0899999141693115,3.2249999046325684,3.01200008392334,3.180000066757202,644900,0.0,0.0
2022-12-08 00:00:00-05:00,3.2200000286102295,3.3350000381469727,3.132999897003174,3.2899999618530273,883300,0.0,0.0
2022-12-09 00:00:00-05:00,3.2699999809265137,3.3299999237060547,3.119999885559082,3.200000047683716,740600,0.0,0.0
2022-12-12 00:00:00-05:00,3.200000047683716,3.2200000286102295,3.0,3.0799999237060547,1358300,0.0,0.0
2022-12-13 00:00:00-05:00,3.1700000762939453,3.1700000762939453,2.990000009536743,3.0999999046325684,1145600,0.0,0.0
2022-12-14 00:00:00-05:00,3.0999999046325684,3.119999885559082,2.990000009536743,3.0999999046325684,941700,0.0,0.0
2022-12-15 00:00:00-05:00,3.049999952316284,3.0999999046325684,2.9800000190734863,3.059999942779541,790800,0.0,0.0
2022-12-16 00:00:00-05:00,3.059999942779541,3.119999885559082,3.0299999713897705,3.0899999141693115,1859200,0.0,0.0
2022-12-19 00:00:00-05:00,3.0999999046325684,3.1059999465942383,2.819999933242798,2.950000047683716,1314600,0.0,0.0
2022-12-20 00:00:00-05:00,2.890000104904175,3.0199999809265137,2.869999885559082,2.9800000190734863,543300,0.0,0.0
2022-12-21 00:00:00-05:00,3.0,3.1600000858306885,2.9549999237060547,3.1600000858306885,719000,0.0,0.0
2022-12-22 00:00:00-05:00,3.140000104904175,3.140000104904175,2.9700000286102295,3.0399999618530273,789500,0.0,0.0
2022-12-23 00:00:00-05:00,2.9600000381469727,2.9600000381469727,2.609999895095825,2.6700000762939453,2233400,0.0,0.0
2022-12-27 00:00:00-05:00,2.640000104904175,2.640000104904175,2.359999895095825,2.390000104904175,2403800,0.0,0.0
2022-12-28 00:00:00-05:00,2.450000047683716,2.568000078201294,2.3399999141693115,2.380000114440918,999500,0.0,0.0
2022-12-29 00:00:00-05:00,2.380000114440918,2.619999885559082,2.359999895095825,2.569999933242798,825700,0.0,0.0
2022-12-30 00:00:00-05:00,2.5199999809265137,2.6600000858306885,2.5199999809265137,2.6600000858306885,968800,0.0,0.0
2023-01-03 00:00:00-05:00,2.7100000381469727,2.75,2.5799999237060547,2.6500000953674316,731800,0.0,0.0
2023-01-04 00:00:00-05:00,2.6600000858306885,2.755000114440918,2.5199999809265137,2.700000047683716,842000,0.0,0.0
2023-01-05 00:00:00-05:00,2.700000047683716,2.7149999141693115,2.559999942779541,2.630000114440918,505600,0.0,0.0
2023-01-06 00:00:00-05:00,1.5,2.0,1.4500000476837158,1.8200000524520874,7928200,0.0,0.0
2023-01-09 00:00:00-05:00,1.850000023841858,1.8600000143051147,1.625,1.649999976158142,3388400,0.0,0.0
2023-01-10 00:00:00-05:00,1.7100000381469727,1.8049999475479126,1.6299999952316284,1.75,3961900,0.0,0.0
2023-01-11 00:00:00-05:00,1.7999999523162842,1.7999999523162842,1.649999976158142,1.7200000286102295,1642200,0.0,0.0
2023-01-12 00:00:00-05:00,1.75,1.8600000143051147,1.6799999475479126,1.8300000429153442,3699600,0.0,0.0
2023-01-13 00:00:00-05:00,1.7999999523162842,1.809999942779541,1.7300000190734863,1.7999999523162842,1692200,0.0,0.0
2023-01-17 00:00:00-05:00,1.899999976158142,1.9800000190734863,1.7549999952316284,1.940000057220459,2409400,0.0,0.0
2023-01-18 00:00:00-05:00,1.9700000286102295,2.0299999713897705,1.8799999952316284,2.009999990463257,2208400,0.0,0.0
2023-01-19 00:00:00-05:00,1.9700000286102295,2.0350000858306885,1.899999976158142,1.9500000476837158,1048400,0.0,0.0
2023-01-20 00:00:00-05:00,1.9500000476837158,1.9600000381469727,1.8799999952316284,1.899999976158142,1225700,0.0,0.0
2023-01-23 00:00:00-05:00,1.9299999475479126,1.9600000381469727,1.850000023841858,1.8899999856948853,2284100,0.0,0.0
2023-01-24 00:00:00-05:00,1.8899999856948853,1.9550000429153442,1.8799999952316284,1.909999966621399,1560600,0.0,0.0
2023-01-25 00:00:00-05:00,1.9299999475479126,1.9299999475479126,1.8300000429153442,1.8700000047683716,1030300,0.0,0.0
2023-01-26 00:00:00-05:00,1.8899999856948853,1.899999976158142,1.7999999523162842,1.8200000524520874,839200,0.0,0.0
2023-01-27 00:00:00-05:00,1.809999942779541,1.840000033378601,1.7699999809265137,1.7899999618530273,1213800,0.0,0.0
2023-01-30 00:00:00-05:00,1.8200000524520874,1.8700000047683716,1.7200000286102295,1.7400000095367432,1158100,0.0,0.0
2023-01-31 00:00:00-05:00,1.7300000190734863,1.7899999618530273,1.715000033378601,1.7799999713897705,778900,0.0,0.0
2023-02-01 00:00:00-05:00,1.7699999809265137,1.8700000047683716,1.7330000400543213,1.840000033378601,1098800,0.0,0.0
2023-02-02 00:00:00-05:00,1.8700000047683716,2.0,1.8600000143051147,1.9600000381469727,1938400,0.0,0.0
2023-02-03 00:00:00-05:00,1.9800000190734863,1.9800000190734863,1.8200000524520874,1.8700000047683716,1549700,0.0,0.0
2023-02-06 00:00:00-05:00,1.8799999952316284,2.0399999618530273,1.8700000047683716,1.9299999475479126,2300600,0.0,0.0
2023-02-07 00:00:00-05:00,1.9500000476837158,1.9500000476837158,1.809999942779541,1.8799999952316284,1220500,0.0,0.0
2023-02-08 00:00:00-05:00,1.8899999856948853,1.9049999713897705,1.7899999618530273,1.809999942779541,1151900,0.0,0.0
2023-02-09 00:00:00-05:00,1.840000033378601,1.8949999809265137,1.7400000095367432,1.7599999904632568,1364300,0.0,0.0
2023-02-10 00:00:00-05:00,1.7999999523162842,1.7999999523162842,1.7200000286102295,1.75,967500,0.0,0.0
2023-02-13 00:00:00-05:00,1.7799999713897705,1.8049999475479126,1.7100000381469727,1.7899999618530273,798700,0.0,0.0
2023-02-14 00:00:00-05:00,1.7899999618530273,1.8200000524520874,1.7400000095367432,1.7899999618530273,710900,0.0,0.0
2023-02-15 00:00:00-05:00,1.7699999809265137,1.809999942779541,1.7400000095367432,1.7999999523162842,710100,0.0,0.0
2023-02-16 00:00:00-05:00,1.7999999523162842,1.840000033378601,1.75,1.809999942779541,400500,0.0,0.0
2023-02-17 00:00:00-05:00,1.809999942779541,1.9149999618530273,1.7999999523162842,1.8899999856948853,664800,0.0,0.0
2023-02-21 00:00:00-05:00,1.899999976158142,1.899999976158142,1.7300000190734863,1.7300000190734863,754600,0.0,0.0
2023-02-22 00:00:00-05:00,1.7699999809265137,1.7699999809265137,1.6799999475479126,1.7400000095367432,900100,0.0,0.0
2023-02-23 00:00:00-05:00,1.7799999713897705,1.7799999713897705,1.649999976158142,1.7000000476837158,774300,0.0,0.0
2023-02-24 00:00:00-05:00,1.7100000381469727,1.7100000381469727,1.600000023841858,1.6200000047683716,789300,0.0,0.0
2023-02-27 00:00:00-05:00,1.6299999952316284,1.7000000476837158,1.6299999952316284,1.659999966621399,829400,0.0,0.0
2023-02-28 00:00:00-05:00,1.6699999570846558,1.6950000524520874,1.5800000429153442,1.6799999475479126,1227400,0.0,0.0
2023-03-01 00:00:00-05:00,1.690000057220459,1.690000057220459,1.559999942779541,1.6100000143051147,1216000,0.0,0.0
2023-03-02 00:00:00-05:00,1.5800000429153442,1.6050000190734863,1.5399999618530273,1.5499999523162842,879000,0.0,0.0
2023-03-03 00:00:00-05:00,1.5499999523162842,1.590000033378601,1.5099999904632568,1.559999942779541,1092400,0.0,0.0
2023-03-06 00:00:00-05:00,1.5700000524520874,1.6699999570846558,1.5299999713897705,1.559999942779541,920400,0.0,0.0
2023-03-07 00:00:00-05:00,1.559999942779541,1.559999942779541,1.4500000476837158,1.5099999904632568,1096300,0.0,0.0
2023-03-08 00:00:00-05:00,1.5199999809265137,1.524999976158142,1.4299999475479126,1.4800000190734863,615300,0.0,0.0
2023-03-09 00:00:00-05:00,1.4800000190734863,1.4900000095367432,1.3250000476837158,1.375,1545200,0.0,0.0
2023-03-10 00:00:00-05:00,1.3700000047683716,1.3830000162124634,1.3049999475479126,1.3300000429153442,1062200,0.0,0.0
2023-03-13 00:00:00-04:00,1.3200000524520874,1.3200000524520874,1.2200000286102295,1.25,1702900,0.0,0.0
2023-03-14 00:00:00-04:00,1.2599999904632568,1.2999999523162842,1.149999976158142,1.1799999475479126,1524800,0.0,0.0
2023-03-15 00:00:00-04:00,1.1799999475479126,1.2450000047683716,1.1399999856948853,1.2300000190734863,949600,0.0,0.0
2023-03-16 00:00:00-04:00,1.2100000381469727,1.25,1.1619999408721924,1.25,767300,0.0,0.0
2023-03-17 00:00:00-04:00,1.2400000095367432,1.25,1.149999976158142,1.2200000286102295,868900,0.0,0.0
2023-03-20 00:00:00-04:00,1.2200000286102295,1.2450000047683716,1.159999966621399,1.190000057220459,962300,0.0,0.0
2023-03-21 00:00:00-04:00,1.2300000190734863,1.2799999713897705,1.1799999475479126,1.2300000190734863,673200,0.0,0.0
2023-03-22 00:00:00-04:00,1.2599999904632568,1.2599999904632568,1.1699999570846558,1.1699999570846558,698300,0.0,0.0
2023-03-23 00:00:00-04:00,1.2000000476837158,1.25,1.1799999475479126,1.190000057220459,662400,0.0,0.0
2023-03-24 00:00:00-04:00,1.2000000476837158,1.2599999904632568,1.1799999475479126,1.25,960100,0.0,0.0
2023-03-27 00:00:00-04:00,1.2899999618530273,1.399999976158142,1.2680000066757202,1.3700000047683716,1269800,0.0,0.0
2023-03-28 00:00:00-04:00,1.399999976158142,1.409999966621399,1.2999999523162842,1.3300000429153442,1791700,0.0,0.0
2023-03-29 00:00:00-04:00,1.3980000019073486,1.6200000047683716,1.3799999952316284,1.590000033378601,3141200,0.0,0.0
2023-03-30 00:00:00-04:00,1.649999976158142,1.7000000476837158,1.5499999523162842,1.600000023841858,2747100,0.0,0.0
2023-03-31 00:00:00-04:00,1.7300000190734863,1.8799999952316284,1.7000000476837158,1.809999942779541,4340200,0.0,0.0
2023-04-03 00:00:00-04:00,1.9049999713897705,1.9299999475479126,1.774999976158142,1.899999976158142,2424200,0.0,0.0
2023-04-04 00:00:00-04:00,1.9500000476837158,1.9500000476837158,1.6799999475479126,1.7599999904632568,1692500,0.0,0.0
2023-04-05 00:00:00-04:00,1.7599999904632568,1.7899999618530273,1.659999966621399,1.6799999475479126,706800,0.0,0.0
2023-04-06 00:00:00-04:00,1.7000000476837158,1.7799999713897705,1.6399999856948853,1.7799999713897705,1147300,0.0,0.0
2023-04-10 00:00:00-04:00,1.7699999809265137,1.7699999809265137,1.649999976158142,1.690000057220459,946800,0.0,0.0
2023-04-11 00:00:00-04:00,1.7599999904632568,1.840999960899353,1.7350000143051147,1.7799999713897705,1389400,0.0,0.0
2023-04-12 00:00:00-04:00,1.8860000371932983,1.909999966621399,1.7699999809265137,1.8200000524520874,1387500,0.0,0.0
2023-04-13 00:00:00-04:00,1.8200000524520874,2.049999952316284,1.7999999523162842,2.0,1848700,0.0,0.0
2023-04-14 00:00:00-04:00,2.009999990463257,2.069999933242798,1.8550000190734863,1.8799999952316284,1447600,0.0,0.0
2023-04-17 00:00:00-04:00,1.8799999952316284,1.9950000047683716,1.8700000047683716,1.9500000476837158,845500,0.0,0.0
2023-04-18 00:00:00-04:00,1.9900000095367432,2.049999952316284,1.8420000076293945,2.009999990463257,1633400,0.0,0.0
2023-04-19 00:00:00-04:00,2.0399999618530273,2.0799999237060547,1.8600000143051147,2.049999952316284,2064600,0.0,0.0
2023-04-20 00:00:00-04:00,2.049999952316284,2.246999979019165,2.0309998989105225,2.190000057220459,2600700,0.0,0.0
2023-04-21 00:00:00-04:00,2.25,2.25,2.140000104904175,2.1700000762939453,1684600,0.0,0.0
2023-04-24 00:00:00-04:00,2.130000114440918,2.1649999618530273,1.940000057220459,1.9700000286102295,1451200,0.0,0.0
2023-04-25 00:00:00-04:00,1.9500000476837158,1.9600000381469727,1.850000023841858,1.8600000143051147,759700,0.0,0.0
2023-04-26 00:00:00-04:00,1.8600000143051147,1.9249999523162842,1.7649999856948853,1.8700000047683716,976500,0.0,0.0
2023-04-27 00:00:00-04:00,1.8799999952316284,1.899999976158142,1.7999999523162842,1.8700000047683716,865700,0.0,0.0
2023-04-28 00:00:00-04:00,1.8700000047683716,1.9850000143051147,1.840000033378601,1.909999966621399,729300,0.0,0.0
2023-05-01 00:00:00-04:00,1.899999976158142,1.9900000095367432,1.8700000047683716,1.9800000190734863,471100,0.0,0.0
2023-05-02 00:00:00-04:00,1.9600000381469727,2.009999990463257,1.8700000047683716,1.8899999856948853,859100,0.0,0.0
2023-05-03 00:00:00-04:00,1.9199999570846558,1.9550000429153442,1.8650000095367432,1.899999976158142,545900,0.0,0.0
2023-05-04 00:00:00-04:00,1.899999976158142,1.9800000190734863,1.8899999856948853,1.9500000476837158,573300,0.0,0.0
2023-05-05 00:00:00-04:00,1.9800000190734863,2.0399999618530273,1.9500000476837158,2.009999990463257,570800,0.0,0.0
2023-05-08 00:00:00-04:00,2.0,2.0199999809265137,1.9600000381469727,2.009999990463257,669800,0.0,0.0
2023-05-09 00:00:00-04:00,2.0,2.0799999237060547,1.9299999475479126,1.9600000381469727,697600,0.0,0.0
2023-05-10 00:00:00-04:00,1.9800000190734863,2.0199999809265137,1.9500000476837158,2.0,658400,0.0,0.0
2023-05-11 00:00:00-04:00,2.0,2.0199999809265137,1.9299999475479126,1.9600000381469727,599800,0.0,0.0
2023-05-12 00:00:00-04:00,1.9800000190734863,2.0,1.8949999809265137,1.899999976158142,438300,0.0,0.0
2023-05-15 00:00:00-04:00,1.8899999856948853,2.075000047683716,1.8899999856948853,2.0,927000,0.0,0.0
2023-05-16 00:00:00-04:00,2.0,2.0,1.909999966621399,1.940000057220459,535900,0.0,0.0
2023-05-17 00:00:00-04:00,1.9600000381469727,1.9600000381469727,1.899999976158142,1.899999976158142,545400,0.0,0.0
2023-05-18 00:00:00-04:00,1.899999976158142,1.9199999570846558,1.8250000476837158,1.8600000143051147,814600,0.0,0.0
2023-05-19 00:00:00-04:00,1.8700000047683716,1.975000023841858,1.8700000047683716,1.8799999952316284,572400,0.0,0.0
2023-05-22 00:00:00-04:00,1.899999976158142,1.9600000381469727,1.8899999856948853,1.9600000381469727,503800,0.0,0.0
2023-05-23 00:00:00-04:00,1.9600000381469727,2.059999942779541,1.8600000143051147,1.8799999952316284,1449700,0.0,0.0
2023-05-24 00:00:00-04:00,1.899999976158142,1.899999976158142,1.7799999713897705,1.809999942779541,895600,0.0,0.0
2023-05-25 00:00:00-04:00,1.809999942779541,1.8300000429153442,1.7400000095367432,1.7699999809265137,596100,0.0,0.0
2023-05-26 00:00:00-04:00,1.7899999618530273,1.8200000524520874,1.7200000286102295,1.7699999809265137,553600,0.0,0.0
2023-05-30 00:00:00-04:00,1.7999999523162842,1.8799999952316284,1.7599999904632568,1.7899999618530273,487500,0.0,0.0
2023-05-31 00:00:00-04:00,1.7799999713897705,1.8350000381469727,1.7400000095367432,1.7899999618530273,964500,0.0,0.0
2023-06-01 00:00:00-04:00,1.7899999618530273,1.7899999618530273,1.7100000381469727,1.7200000286102295,495500,0.0,0.0
2023-06-02 00:00:00-04:00,1.7300000190734863,1.7949999570846558,1.690000057220459,1.7599999904632568,478700,0.0,0.0
2023-06-05 00:00:00-04:00,1.8300000429153442,1.847000002861023,1.75,1.8200000524520874,433200,0.0,0.0
2023-06-06 00:00:00-04:00,1.8300000429153442,1.899999976158142,1.7899999618530273,1.899999976158142,517600,0.0,0.0
2023-06-07 00:00:00-04:00,1.8799999952316284,1.899999976158142,1.8300000429153442,1.8700000047683716,589100,0.0,0.0
2023-06-08 00:00:00-04:00,1.8700000047683716,1.8700000047683716,1.774999976158142,1.7899999618530273,561200,0.0,0.0
2023-06-09 00:00:00-04:00,1.7799999713897705,1.8289999961853027,1.7400000095367432,1.75,373400,0.0,0.0
2023-06-12 00:00:00-04:00,1.75,1.8300000429153442,1.7400000095367432,1.7699999809265137,576900,0.0,0.0
2023-06-13 00:00:00-04:00,1.7699999809265137,1.8700000047683716,1.7699999809265137,1.8200000524520874,652300,0.0,0.0
2023-06-14 00:00:00-04:00,1.7999999523162842,1.840000033378601,1.7400000095367432,1.7799999713897705,536100,0.0,0.0
2023-06-15 00:00:00-04:00,1.7599999904632568,1.7999999523162842,1.7350000143051147,1.7899999618530273,672500,0.0,0.0
2023-06-16 00:00:00-04:00,1.7699999809265137,1.840000033378601,1.725000023841858,1.8300000429153442,2226700,0.0,0.0
2023-06-20 00:00:00-04:00,1.8300000429153442,1.8300000429153442,1.7699999809265137,1.809999942779541,541700,0.0,0.0
2023-06-21 00:00:00-04:00,1.7999999523162842,1.8200000524520874,1.6299999952316284,1.6299999952316284,2345400,0.0,0.0
2023-06-22 00:00:00-04:00,1.649999976158142,1.6549999713897705,1.5199999809265137,1.5499999523162842,2745500,0.0,0.0
2023-06-23 00:00:00-04:00,1.559999942779541,1.559999942779541,1.4600000381469727,1.5499999523162842,1950500,0.0,0.0
2023-06-26 00:00:00-04:00,1.559999942779541,1.559999942779541,1.440000057220459,1.440000057220459,899300,0.0,0.0
2023-06-27 00:00:00-04:00,1.4500000476837158,1.5299999713897705,1.440000057220459,1.5199999809265137,744100,0.0,0.0
2023-06-28 00:00:00-04:00,1.5499999523162842,1.6399999856948853,1.4910000562667847,1.6399999856948853,1284100,0.0,0.0
2023-06-29 00:00:00-04:00,1.659999966621399,1.659999966621399,1.559999942779541,1.6299999952316284,865500,0.0,0.0
2023-06-30 00:00:00-04:00,1.659999966621399,1.75,1.649999976158142,1.7200000286102295,1094400,0.0,0.0
2023-07-03 00:00:00-04:00,1.75,1.899999976158142,1.7300000190734863,1.8899999856948853,775900,0.0,0.0
2023-07-05 00:00:00-04:00,1.909999966621399,1.9500000476837158,1.8300000429153442,1.909999966621399,1534200,0.0,0.0
2023-07-06 00:00:00-04:00,1.940000057220459,1.9600000381469727,1.8600000143051147,1.899999976158142,1299000,0.0,0.0
2023-07-07 00:00:00-04:00,1.8899999856948853,2.049999952316284,1.8819999694824219,2.0399999618530273,1265600,0.0,0.0
2023-07-10 00:00:00-04:00,2.0399999618530273,2.299999952316284,2.0299999713897705,2.240000009536743,2365700,0.0,0.0
2023-07-11 00:00:00-04:00,2.259999990463257,2.378999948501587,2.0899999141693115,2.140000104904175,5505800,0.0,0.0
2023-07-12 00:00:00-04:00,2.2300000190734863,2.2300000190734863,1.940000057220459,1.9600000381469727,2494100,0.0,0.0
2023-07-13 00:00:00-04:00,1.9800000190734863,2.0899999141693115,1.9299999475479126,2.0399999618530273,1084400,0.0,0.0
2023-07-14 00:00:00-04:00,2.0299999713897705,2.069999933242798,1.9800000190734863,2.0199999809265137,726800,0.0,0.0
2023-07-17 00:00:00-04:00,2.0299999713897705,2.2100000381469727,2.0,2.2100000381469727,1279500,0.0,0.0
2023-07-18 00:00:00-04:00,2.2100000381469727,2.390000104904175,2.2009999752044678,2.2799999713897705,1652800,0.0,0.0
2023-07-19 00:00:00-04:00,2.2899999618530273,2.319999933242798,2.130000114440918,2.1600000858306885,1078500,0.0,0.0
2023-07-20 00:00:00-04:00,2.2200000286102295,2.2200000286102295,2.059999942779541,2.069999933242798,868500,0.0,0.0
2023-07-21 00:00:00-04:00,2.0899999141693115,2.130000114440918,1.8910000324249268,2.0899999141693115,999100,0.0,0.0
2023-07-24 00:00:00-04:00,2.130000114440918,2.242000102996826,2.069999933242798,2.069999933242798,896400,0.0,0.0
2023-07-25 00:00:00-04:00,2.0399999618530273,2.059999942779541,1.9600000381469727,2.0,661900,0.0,0.0
2023-07-26 00:00:00-04:00,2.0,2.0799999237060547,2.0,2.059999942779541,448700,0.0,0.0
2023-07-27 00:00:00-04:00,2.0799999237060547,2.125,2.0299999713897705,2.0399999618530273,933600,0.0,0.0
2023-07-28 00:00:00-04:00,2.059999942779541,2.109999895095825,2.0199999809265137,2.059999942779541,567400,0.0,0.0
2023-07-31 00:00:00-04:00,2.059999942779541,2.109999895095825,2.0199999809265137,2.0899999141693115,495900,0.0,0.0
2023-08-01 00:00:00-04:00,2.0799999237060547,2.0889999866485596,2.000999927520752,2.049999952316284,509600,0.0,0.0
2023-08-02 00:00:00-04:00,2.009999990463257,2.0190000534057617,1.9600000381469727,1.9900000095367432,462400,0.0,0.0
2023-08-03 00:00:00-04:00,1.9600000381469727,1.9900000095367432,1.9199999570846558,1.9299999475479126,514300,0.0,0.0
2023-08-04 00:00:00-04:00,1.940000057220459,1.9609999656677246,1.8799999952316284,1.8899999856948853,635100,0.0,0.0
2023-08-07 00:00:00-04:00,1.8799999952316284,1.8799999952316284,1.7300000190734863,1.75,1022100,0.0,0.0
2023-08-08 00:00:00-04:00,1.7699999809265137,1.7899999618530273,1.6399999856948853,1.75,1319600,0.0,0.0
2023-08-09 00:00:00-04:00,1.75,1.7899999618530273,1.7000000476837158,1.7599999904632568,640100,0.0,0.0
2023-08-10 00:00:00-04:00,1.75,1.8049999475479126,1.7000000476837158,1.7100000381469727,593600,0.0,0.0
2023-08-11 00:00:00-04:00,1.7200000286102295,1.7300000190734863,1.6799999475479126,1.6799999475479126,359200,0.0,0.0
2023-08-14 00:00:00-04:00,1.7400000095367432,1.75,1.6200000047683716,1.659999966621399,546000,0.0,0.0
2023-08-15 00:00:00-04:00,1.6299999952316284,1.659999966621399,1.600000023841858,1.6100000143051147,473600,0.0,0.0
2023-08-16 00:00:00-04:00,1.600000023841858,1.684999942779541,1.5700000524520874,1.6699999570846558,1041700,0.0,0.0
2023-08-17 00:00:00-04:00,1.690000057220459,1.690000057220459,1.590000033378601,1.590000033378601,361700,0.0,0.0
2023-08-18 00:00:00-04:00,1.559999942779541,1.6100000143051147,1.5399999618530273,1.5800000429153442,611300,0.0,0.0
2023-08-21 00:00:00-04:00,1.5800000429153442,1.6399999856948853,1.5499999523162842,1.6299999952316284,445800,0.0,0.0
2023-08-22 00:00:00-04:00,1.6399999856948853,1.6699999570846558,1.600000023841858,1.6299999952316284,482100,0.0,0.0
2023-08-23 00:00:00-04:00,1.6299999952316284,1.6649999618530273,1.590000033378601,1.600000023841858,347400,0.0,0.0
2023-08-24 00:00:00-04:00,1.590000033378601,1.600000023841858,1.5199999809265137,1.559999942779541,672100,0.0,0.0
2023-08-25 00:00:00-04:00,1.559999942779541,1.5750000476837158,1.524999976158142,1.5399999618530273,372000,0.0,0.0
2023-08-28 00:00:00-04:00,1.5499999523162842,1.5950000286102295,1.5499999523162842,1.5800000429153442,270200,0.0,0.0
2023-08-29 00:00:00-04:00,1.590000033378601,1.6100000143051147,1.5399999618530273,1.559999942779541,630900,0.0,0.0
2023-08-30 00:00:00-04:00,1.5299999713897705,1.559999942779541,1.5199999809265137,1.5399999618530273,410800,0.0,0.0
2023-08-31 00:00:00-04:00,1.5299999713897705,1.5800000429153442,1.5199999809265137,1.5299999713897705,709500,0.0,0.0
2023-09-01 00:00:00-04:00,1.5299999713897705,1.5700000524520874,1.5099999904632568,1.5399999618530273,603200,0.0,0.0
2023-09-05 00:00:00-04:00,1.5499999523162842,1.5499999523162842,1.475000023841858,1.4800000190734863,667600,0.0,0.0
2023-09-06 00:00:00-04:00,1.4800000190734863,1.5,1.4199999570846558,1.440000057220459,598600,0.0,0.0
2023-09-07 00:00:00-04:00,1.440000057220459,1.4700000286102295,1.409999966621399,1.4500000476837158,530100,0.0,0.0
2023-09-08 00:00:00-04:00,1.4600000381469727,1.4600000381469727,1.409999966621399,1.4299999475479126,424000,0.0,0.0
2023-09-11 00:00:00-04:00,1.4500000476837158,1.5399999618530273,1.409999966621399,1.4900000095367432,571800,0.0,0.0
2023-09-12 00:00:00-04:00,1.4900000095367432,1.4900000095367432,1.440000057220459,1.440000057220459,369100,0.0,0.0
2023-09-13 00:00:00-04:00,1.4700000286102295,1.4700000286102295,1.409999966621399,1.409999966621399,362200,0.0,0.0
2023-09-14 00:00:00-04:00,1.4299999475479126,1.4500000476837158,1.399999976158142,1.4500000476837158,344900,0.0,0.0
2023-09-15 00:00:00-04:00,1.4700000286102295,1.4850000143051147,1.4299999475479126,1.4500000476837158,639000,0.0,0.0
2023-09-18 00:00:00-04:00,1.4600000381469727,1.4600000381469727,1.3799999952316284,1.409999966621399,512700,0.0,0.0
2023-09-19 00:00:00-04:00,1.4199999570846558,1.4299999475479126,1.3600000143051147,1.409999966621399,424700,0.0,0.0
2023-09-20 00:00:00-04:00,1.3600000143051147,1.399999976158142,1.340000033378601,1.3600000143051147,475900,0.0,0.0
2023-09-21 00:00:00-04:00,1.350000023841858,1.3600000143051147,1.2799999713897705,1.309999942779541,684500,0.0,0.0
2023-09-22 00:00:00-04:00,1.3200000524520874,1.350000023841858,1.2799999713897705,1.309999942779541,380100,0.0,0.0
2023-09-25 00:00:00-04:00,1.309999942779541,1.3250000476837158,1.2699999809265137,1.2799999713897705,426600,0.0,0.0
2023-09-26 00:00:00-04:00,1.2599999904632568,1.340000033378601,1.2599999904632568,1.2699999809265137,366900,0.0,0.0
2023-09-27 00:00:00-04:00,1.2999999523162842,1.340000033378601,1.2799999713897705,1.340000033378601,372000,0.0,0.0
2023-09-28 00:00:00-04:00,1.340000033378601,1.340000033378601,1.2899999618530273,1.2999999523162842,295500,0.0,0.0
2023-09-29 00:00:00-04:00,1.2999999523162842,1.3200000524520874,1.2799999713897705,1.2899999618530273,230700,0.0,0.0
2023-10-02 00:00:00-04:00,1.2899999618530273,1.309999942779541,1.2300000190734863,1.2400000095367432,573500,0.0,0.0
2023-10-03 00:00:00-04:00,1.3200000524520874,1.3899999856948853,1.2200000286102295,1.3899999856948853,961800,0.0,0.0
2023-10-04 00:00:00-04:00,1.4299999475479126,1.4299999475479126,1.2899999618530273,1.309999942779541,542200,0.0,0.0
2023-10-05 00:00:00-04:00,1.2999999523162842,1.559999942779541,1.2599999904632568,1.5199999809265137,1225300,0.0,0.0
2023-10-06 00:00:00-04:00,1.5199999809265137,1.5199999809265137,1.3799999952316284,1.3899999856948853,801700,0.0,0.0
2023-10-09 00:00:00-04:00,1.350000023841858,1.399999976158142,1.3300000429153442,1.3600000143051147,447000,0.0,0.0
2023-10-10 00:00:00-04:00,1.340000033378601,1.440000057220459,1.340000033378601,1.3700000047683716,415000,0.0,0.0
2023-10-11 00:00:00-04:00,1.3799999952316284,1.409999966621399,1.3300000429153442,1.3300000429153442,326100,0.0,0.0
2023-10-12 00:00:00-04:00,1.3700000047683716,1.3700000047683716,1.25,1.25,528300,0.0,0.0
2023-10-13 00:00:00-04:00,1.2699999809265137,1.2899999618530273,1.2300000190734863,1.2799999713897705,510800,0.0,0.0
2023-10-16 00:00:00-04:00,1.2699999809265137,1.340000033378601,1.25,1.309999942779541,445000,0.0,0.0
2023-10-17 00:00:00-04:00,1.2699999809265137,1.3600000143051147,1.2599999904632568,1.3200000524520874,239300,0.0,0.0
2023-10-18 00:00:00-04:00,1.3200000524520874,1.3700000047683716,1.3200000524520874,1.3600000143051147,466300,0.0,0.0
2023-10-19 00:00:00-04:00,1.3200000524520874,1.340000033378601,1.2200000286102295,1.2899999618530273,562100,0.0,0.0
2023-10-20 00:00:00-04:00,1.2599999904632568,1.309999942779541,1.2599999904632568,1.2999999523162842,317900,0.0,0.0
2023-10-23 00:00:00-04:00,1.2799999713897705,1.284000039100647,1.2300000190734863,1.2300000190734863,542100,0.0,0.0
2023-10-24 00:00:00-04:00,1.2400000095367432,1.2899999618530273,1.2300000190734863,1.2300000190734863,318900,0.0,0.0
2023-10-25 00:00:00-04:00,1.2200000286102295,1.2400000095367432,1.1699999570846558,1.190000057220459,622600,0.0,0.0
2023-10-26 00:00:00-04:00,1.2200000286102295,1.2300000190734863,1.1399999856948853,1.1399999856948853,507100,0.0,0.0
2023-10-27 00:00:00-04:00,1.1399999856948853,1.149999976158142,1.0499999523162842,1.059999942779541,855400,0.0,0.0
2023-10-30 00:00:00-04:00,1.059999942779541,1.2200000286102295,1.059999942779541,1.190000057220459,503800,0.0,0.0
2023-10-31 00:00:00-04:00,1.2000000476837158,1.2599999904632568,1.2000000476837158,1.2300000190734863,616100,0.0,0.0
2023-11-01 00:00:00-04:00,1.25,1.2599999904632568,1.1699999570846558,1.190000057220459,334300,0.0,0.0
2023-11-02 00:00:00-04:00,1.190000057220459,1.2699999809265137,1.190000057220459,1.2400000095367432,364900,0.0,0.0
2023-11-03 00:00:00-04:00,1.2000000476837158,1.350000023841858,1.2000000476837158,1.3200000524520874,583400,0.0,0.0
2023-11-06 00:00:00-05:00,1.3200000524520874,1.3420000076293945,1.2599999904632568,1.3200000524520874,396200,0.0,0.0
2023-11-07 00:00:00-05:00,1.309999942779541,1.3300000429153442,1.2999999523162842,1.2999999523162842,236300,0.0,0.0
2023-11-08 00:00:00-05:00,1.2999999523162842,1.309999942779541,1.2000000476837158,1.2100000381469727,445300,0.0,0.0
2023-11-09 00:00:00-05:00,1.25,1.2580000162124634,1.1399999856948853,1.1799999475479126,669300,0.0,0.0
2023-11-10 00:00:00-05:00,1.2000000476837158,1.2300000190734863,1.1299999952316284,1.1699999570846558,394700,0.0,0.0
2023-11-13 00:00:00-05:00,1.1399999856948853,1.1699999570846558,1.100000023841858,1.149999976158142,545500,0.0,0.0
2023-11-14 00:00:00-05:00,1.2000000476837158,1.2599999904632568,1.190000057220459,1.2549999952316284,535000,0.0,0.0
2023-11-15 00:00:00-05:00,1.2799999713897705,1.2899999618530273,1.190000057220459,1.2000000476837158,630900,0.0,0.0
2023-11-16 00:00:00-05:00,1.1799999475479126,1.2000000476837158,1.100000023841858,1.1100000143051147,682900,0.0,0.0
2023-11-17 00:00:00-05:00,1.100000023841858,1.149999976158142,1.0700000524520874,1.1100000143051147,1044900,0.0,0.0
2023-11-20 00:00:00-05:00,1.100000023841858,1.1549999713897705,1.090000033378601,1.1200000047683716,908900,0.0,0.0
2023-11-21 00:00:00-05:00,1.100000023841858,1.1200000047683716,1.0700000524520874,1.0700000524520874,808400,0.0,0.0
2023-11-22 00:00:00-05:00,1.0700000524520874,1.1200000047683716,1.0700000524520874,1.090000033378601,681700,0.0,0.0
2023-11-24 00:00:00-05:00,1.1200000047683716,1.1200000047683716,1.0800000429153442,1.100000023841858,275700,0.0,0.0
2023-11-27 00:00:00-05:00,1.0800000429153442,1.1100000143051147,1.0700000524520874,1.0800000429153442,556200,0.0,0.0
2023-11-28 00:00:00-05:00,1.100000023841858,1.149999976158142,1.059999942779541,1.1399999856948853,881800,0.0,0.0
2023-11-29 00:00:00-05:00,1.149999976158142,1.149999976158142,1.059999942779541,1.1200000047683716,1360100,0.0,0.0
2023-11-30 00:00:00-05:00,1.100000023841858,1.128999948501587,1.0399999618530273,1.0399999618530273,3305300,0.0,0.0
2023-12-01 00:00:00-05:00,1.0800000429153442,1.149999976158142,1.024999976158142,1.1200000047683716,1069200,0.0,0.0
2023-12-04 00:00:00-05:00,1.1399999856948853,1.190000057220459,1.1299999952316284,1.1399999856948853,1161900,0.0,0.0
2023-12-05 00:00:00-05:00,1.149999976158142,1.159999966621399,1.100000023841858,1.1200000047683716,711000,0.0,0.0
2023-12-06 00:00:00-05:00,1.1299999952316284,1.1699999570846558,1.1150000095367432,1.149999976158142,669900,0.0,0.0
2023-12-07 00:00:00-05:00,1.1699999570846558,1.1699999570846558,1.1100000143051147,1.1699999570846558,937900,0.0,0.0
2023-12-08 00:00:00-05:00,1.1699999570846558,1.2200000286102295,1.159999966621399,1.2100000381469727,881700,0.0,0.0
2023-12-11 00:00:00-05:00,1.2300000190734863,1.2300000190734863,1.090000033378601,1.149999976158142,1370600,0.0,0.0
2023-12-12 00:00:00-05:00,1.149999976158142,1.1699999570846558,1.100000023841858,1.1200000047683716,555000,0.0,0.0
2023-12-13 00:00:00-05:00,1.1200000047683716,1.2200000286102295,1.1100000143051147,1.2100000381469727,793700,0.0,0.0
2023-12-14 00:00:00-05:00,1.2100000381469727,1.3300000429153442,1.1799999475479126,1.2799999713897705,1859400,0.0,0.0
2023-12-15 00:00:00-05:00,1.2799999713897705,1.309999942779541,1.2000000476837158,1.2599999904632568,1858800,0.0,0.0
2023-12-18 00:00:00-05:00,1.309999942779541,1.4299999475479126,1.2599999904632568,1.3600000143051147,1599900,0.0,0.0
2023-12-19 00:00:00-05:00,1.3600000143051147,1.4199999570846558,1.350000023841858,1.409999966621399,914000,0.0,0.0
2023-12-20 00:00:00-05:00,1.4199999570846558,1.4199999570846558,1.2999999523162842,1.3200000524520874,643700,0.0,0.0
2023-12-21 00:00:00-05:00,1.3300000429153442,1.350000023841858,1.2799999713897705,1.2999999523162842,650200,0.0,0.0
2023-12-22 00:00:00-05:00,1.2999999523162842,1.4199999570846558,1.2999999523162842,1.399999976158142,943200,0.0,0.0
2023-12-26 00:00:00-05:00,1.399999976158142,1.4299999475479126,1.340000033378601,1.350000023841858,649100,0.0,0.0
2023-12-27 00:00:00-05:00,1.3600000143051147,1.5499999523162842,1.3600000143051147,1.5499999523162842,1636000,0.0,0.0
2023-12-28 00:00:00-05:00,1.559999942779541,1.5800000429153442,1.4800000190734863,1.4900000095367432,994000,0.0,0.0
2023-12-29 00:00:00-05:00,1.4800000190734863,1.4800000190734863,1.3600000143051147,1.409999966621399,979700,0.0,0.0
2024-01-02 00:00:00-05:00,1.4199999570846558,1.690000057220459,1.3949999809265137,1.690000057220459,3089300,0.0,0.0
2024-01-03 00:00:00-05:00,1.75,1.75,1.4600000381469727,1.5,2792200,0.0,0.0
2024-01-04 00:00:00-05:00,1.600000023841858,1.774999976158142,1.5099999904632568,1.7200000286102295,2861200,0.0,0.0
2024-01-05 00:00:00-05:00,1.7200000286102295,1.7300000190734863,1.590000033378601,1.6399999856948853,1694000,0.0,0.0
2024-01-08 00:00:00-05:00,1.6799999475479126,2.0399999618530273,1.6100000143051147,2.0199999809265137,4098700,0.0,0.0
2024-01-09 00:00:00-05:00,2.059999942779541,2.2300000190734863,2.0199999809265137,2.190000057220459,4754400,0.0,0.0
2024-01-10 00:00:00-05:00,2.200000047683716,2.200000047683716,1.9700000286102295,2.065000057220459,2356700,0.0,0.0
2024-01-11 00:00:00-05:00,2.059999942779541,2.059999942779541,1.8899999856948853,2.0,1701500,0.0,0.0
2024-01-12 00:00:00-05:00,1.9900000095367432,2.2100000381469727,1.934999942779541,1.9600000381469727,2253100,0.0,0.0
2024-01-16 00:00:00-05:00,1.9800000190734863,1.9900000095367432,1.8300000429153442,1.8600000143051147,1106800,0.0,0.0
2024-01-17 00:00:00-05:00,1.8200000524520874,1.8600000143051147,1.75,1.7999999523162842,1358700,0.0,0.0
2024-01-18 00:00:00-05:00,1.7999999523162842,1.809999942779541,1.7100000381469727,1.7699999809265137,1095600,0.0,0.0
2024-01-19 00:00:00-05:00,1.7999999523162842,1.7999999523162842,1.6399999856948853,1.7000000476837158,1258800,0.0,0.0
2024-01-22 00:00:00-05:00,1.6799999475479126,1.8380000591278076,1.649999976158142,1.8200000524520874,1231200,0.0,0.0
2024-01-23 00:00:00-05:00,1.809999942779541,1.8700000047683716,1.774999976158142,1.8300000429153442,658800,0.0,0.0
2024-01-24 00:00:00-05:00,1.8700000047683716,1.9249999523162842,1.7300000190734863,1.7400000095367432,1157200,0.0,0.0
2024-01-25 00:00:00-05:00,1.7599999904632568,1.8300000429153442,1.7200000286102295,1.7400000095367432,883600,0.0,0.0
2024-01-26 00:00:00-05:00,1.7400000095367432,1.7799999713897705,1.6799999475479126,1.7200000286102295,1241300,0.0,0.0
2024-01-29 00:00:00-05:00,1.7200000286102295,1.9700000286102295,1.6699999570846558,1.9600000381469727,1931700,0.0,0.0
2024-01-30 00:00:00-05:00,1.9600000381469727,1.9600000381469727,1.8300000429153442,1.850000023841858,1152500,0.0,0.0
2024-01-31 00:00:00-05:00,1.7999999523162842,1.899999976158142,1.7599999904632568,1.7799999713897705,1255100,0.0,0.0
2024-02-01 00:00:00-05:00,1.7999999523162842,1.850000023841858,1.7599999904632568,1.809999942779541,662500,0.0,0.0
2024-02-02 00:00:00-05:00,1.7799999713897705,1.8200000524520874,1.715000033378601,1.7699999809265137,1299700,0.0,0.0
2024-02-05 00:00:00-05:00,1.7300000190734863,1.7799999713897705,1.7000000476837158,1.7400000095367432,633900,0.0,0.0
2024-02-06 00:00:00-05:00,1.7300000190734863,1.809999942779541,1.725000023841858,1.7899999618530273,674000,0.0,0.0
2024-02-07 00:00:00-05:00,1.7899999618530273,1.7999999523162842,1.6649999618530273,1.7000000476837158,1096800,0.0,0.0
2024-02-08 00:00:00-05:00,1.7100000381469727,1.7599999904632568,1.6699999570846558,1.75,837700,0.0,0.0
2024-02-09 00:00:00-05:00,1.7799999713897705,1.7799999713897705,1.6799999475479126,1.7300000190734863,673600,0.0,0.0
2024-02-12 00:00:00-05:00,1.7599999904632568,1.9299999475479126,1.7200000286102295,1.8799999952316284,1513200,0.0,0.0
2024-02-13 00:00:00-05:00,1.7799999713897705,1.840000033378601,1.7300000190734863,1.7400000095367432,1026400,0.0,0.0
2024-02-14 00:00:00-05:00,1.7599999904632568,1.7899999618530273,1.7200000286102295,1.7699999809265137,851500,0.0,0.0
2024-02-15 00:00:00-05:00,1.7799999713897705,1.8300000429153442,1.7300000190734863,1.7999999523162842,707800,0.0,0.0
2024-02-16 00:00:00-05:00,1.7899999618530273,1.8799999952316284,1.774999976158142,1.840000033378601,1156400,0.0,0.0
2024-02-20 00:00:00-05:00,1.850000023841858,2.049999952316284,1.840000033378601,2.009999990463257,2838800,0.0,0.0
2024-02-21 00:00:00-05:00,2.0199999809265137,2.0199999809265137,1.8700000047683716,1.8799999952316284,1069000,0.0,0.0
2024-02-22 00:00:00-05:00,1.8799999952316284,1.9299999475479126,1.815000057220459,1.8300000429153442,999500,0.0,0.0
2024-02-23 00:00:00-05:00,1.840000033378601,1.8849999904632568,1.8200000524520874,1.8300000429153442,635000,0.0,0.0
2024-02-26 00:00:00-05:00,1.809999942779541,1.9500000476837158,1.809999942779541,1.899999976158142,608700,0.0,0.0
2024-02-27 00:00:00-05:00,1.9199999570846558,2.0199999809265137,1.909999966621399,2.0,1031000,0.0,0.0
2024-02-28 00:00:00-05:00,2.0,2.0799999237060547,1.940000057220459,1.9600000381469727,1463300,0.0,0.0
2024-02-29 00:00:00-05:00,2.0,2.0399999618530273,1.9110000133514404,1.940000057220459,892700,0.0,0.0
2024-03-01 00:00:00-05:00,1.940000057220459,2.184999942779541,1.9199999570846558,2.130000114440918,1718300,0.0,0.0
2024-03-04 00:00:00-05:00,2.190000057220459,2.190000057220459,2.069999933242798,2.0899999141693115,1317800,0.0,0.0
2024-03-05 00:00:00-05:00,2.119999885559082,2.119999885559082,2.009999990463257,2.009999990463257,741200,0.0,0.0
2024-03-06 00:00:00-05:00,2.0899999141693115,2.0899999141693115,1.899999976158142,1.9900000095367432,1071100,0.0,0.0
2024-03-07 00:00:00-05:00,2.0899999141693115,2.299999952316284,2.0,2.190000057220459,5511100,0.0,0.0
2024-03-08 00:00:00-05:00,2.2300000190734863,2.315000057220459,2.0850000381469727,2.0999999046325684,2033900,0.0,0.0
2024-03-11 00:00:00-04:00,2.180000066757202,2.200000047683716,2.0,2.0199999809265137,1224900,0.0,0.0
2024-03-12 00:00:00-04:00,2.049999952316284,2.049999952316284,1.840000033378601,1.909999966621399,1833500,0.0,0.0
2024-03-13 00:00:00-04:00,1.899999976158142,1.975000023841858,1.8200000524520874,1.840000033378601,1920100,0.0,0.0
2024-03-14 00:00:00-04:00,1.8700000047683716,1.8700000047683716,1.6399999856948853,1.6799999475479126,2998900,0.0,0.0
2024-03-15 00:00:00-04:00,1.7000000476837158,1.7999999523162842,1.7000000476837158,1.7699999809265137,939400,0.0,0.0
2024-03-18 00:00:00-04:00,1.7899999618530273,1.7899999618530273,1.6100000143051147,1.6699999570846558,1592900,0.0,0.0
2024-03-19 00:00:00-04:00,1.7000000476837158,1.7300000190734863,1.6399999856948853,1.6699999570846558,881000,0.0,0.0
2024-03-20 00:00:00-04:00,1.6699999570846558,1.7000000476837158,1.5800000429153442,1.7000000476837158,1615200,0.0,0.0
2024-03-21 00:00:00-04:00,1.7200000286102295,1.7200000286102295,1.6200000047683716,1.6699999570846558,1086800,0.0,0.0
2024-03-22 00:00:00-04:00,1.649999976158142,1.6699999570846558,1.600000023841858,1.6299999952316284,897300,0.0,0.0
2024-03-25 00:00:00-04:00,1.6200000047683716,1.715000033378601,1.6100000143051147,1.659999966621399,1175900,0.0,0.0
2024-03-26 00:00:00-04:00,1.7000000476837158,1.7599999904632568,1.6699999570846558,1.7300000190734863,883600,0.0,0.0
2024-03-27 00:00:00-04:00,1.7999999523162842,1.8300000429153442,1.6799999475479126,1.7899999618530273,1342200,0.0,0.0
2024-03-28 00:00:00-04:00,1.8049999475479126,2.0399999618530273,1.7999999523162842,1.9700000286102295,2959300,0.0,0.0
2024-04-01 00:00:00-04:00,1.9700000286102295,1.9700000286102295,1.7599999904632568,1.8600000143051147,2066700,0.0,0.0
2024-04-02 00:00:00-04:00,1.8200000524520874,1.8799999952316284,1.7699999809265137,1.8700000047683716,928400,0.0,0.0
2024-04-03 00:00:00-04:00,1.9500000476837158,2.4800000190734863,1.8300000429153442,2.390000104904175,9942100,0.0,0.0
2024-04-04 00:00:00-04:00,2.440000057220459,2.8499999046325684,2.380000114440918,2.509999990463257,8157200,0.0,0.0
2024-04-05 00:00:00-04:00,2.450000047683716,2.5490000247955322,2.319999933242798,2.450000047683716,2509700,0.0,0.0
2024-04-08 00:00:00-04:00,2.490000009536743,2.640000104904175,2.390000104904175,2.5999999046325684,2394800,0.0,0.0
2024-04-09 00:00:00-04:00,2.4800000190734863,2.5850000381469727,2.380000114440918,2.390000104904175,1639400,0.0,0.0
2024-04-10 00:00:00-04:00,2.299999952316284,2.5,2.259999990463257,2.430000066757202,1555800,0.0,0.0
2024-04-11 00:00:00-04:00,2.450000047683716,2.5,2.369999885559082,2.4700000286102295,1056100,0.0,0.0
2024-04-12 00:00:00-04:00,2.440000057220459,2.549999952316284,2.2200000286102295,2.299999952316284,1630800,0.0,0.0
2024-04-15 00:00:00-04:00,2.2799999713897705,2.369999885559082,2.069999933242798,2.069999933242798,1753500,0.0,0.0
2024-04-16 00:00:00-04:00,2.069999933242798,2.2049999237060547,2.0399999618530273,2.1500000953674316,1211500,0.0,0.0
2024-04-17 00:00:00-04:00,2.180000066757202,2.200000047683716,1.9800000190734863,1.9800000190734863,1473400,0.0,0.0
2024-04-18 00:00:00-04:00,2.049999952316284,2.049999952316284,1.909999966621399,1.909999966621399,1016800,0.0,0.0
2024-04-19 00:00:00-04:00,1.9199999570846558,1.9800000190734863,1.840000033378601,1.850000023841858,941100,0.0,0.0
2024-04-22 00:00:00-04:00,1.8799999952316284,1.899999976158142,1.7999999523162842,1.8700000047683716,1049300,0.0,0.0
2024-04-23 00:00:00-04:00,1.8700000047683716,2.069999933242798,1.8700000047683716,1.9700000286102295,1200300,0.0,0.0
2024-04-24 00:00:00-04:00,1.9600000381469727,1.9600000381469727,1.8450000286102295,1.8700000047683716,842700,0.0,0.0
2024-04-25 00:00:00-04:00,1.8700000047683716,1.9199999570846558,1.809999942779541,1.840000033378601,822200,0.0,0.0
2024-04-26 00:00:00-04:00,1.850000023841858,1.9429999589920044,1.8250000476837158,1.9299999475479126,875500,0.0,0.0
2024-04-29 00:00:00-04:00,1.8899999856948853,2.049999952316284,1.8799999952316284,1.9700000286102295,1150000,0.0,0.0
2024-04-30 00:00:00-04:00,1.9500000476837158,2.049999952316284,1.899999976158142,1.9800000190734863,935000,0.0,0.0
2024-05-01 00:00:00-04:00,1.940000057220459,2.0999999046325684,1.940000057220459,2.049999952316284,981000,0.0,0.0
2024-05-02 00:00:00-04:00,2.0899999141693115,2.180000066757202,2.055000066757202,2.130000114440918,857400,0.0,0.0
2024-05-03 00:00:00-04:00,2.1600000858306885,2.2850000858306885,2.0199999809265137,2.049999952316284,1176900,0.0,0.0
2024-05-06 00:00:00-04:00,2.0999999046325684,2.1600000858306885,2.069999933242798,2.119999885559082,478400,0.0,0.0
2024-05-07 00:00:00-04:00,2.0999999046325684,2.140000104904175,2.009999990463257,2.049999952316284,731600,0.0,0.0
2024-05-08 00:00:00-04:00,2.049999952316284,2.0889999866485596,2.0,2.009999990463257,345700,0.0,0.0
2024-05-09 00:00:00-04:00,2.0,2.065000057220459,1.975000023841858,2.049999952316284,333200,0.0,0.0
2024-05-10 00:00:00-04:00,2.0899999141693115,2.0999999046325684,1.8899999856948853,1.8899999856948853,666700,0.0,0.0
2024-05-13 00:00:00-04:00,1.9299999475479126,2.0199999809265137,1.909999966621399,1.940000057220459,427300,0.0,0.0
2024-05-14 00:00:00-04:00,1.9299999475479126,2.0,1.899999976158142,1.909999966621399,398700,0.0,0.0
2024-05-15 00:00:00-04:00,2.0,2.0999999046325684,1.850000023841858,2.049999952316284,1659100,0.0,0.0
2024-05-16 00:00:00-04:00,2.059999942779541,2.059999942779541,1.8600000143051147,1.8600000143051147,1491700,0.0,0.0
2024-05-17 00:00:00-04:00,1.8700000047683716,1.8899999856948853,1.7100000381469727,1.7100000381469727,2357200,0.0,0.0
2024-05-20 00:00:00-04:00,1.850000023841858,1.850000023841858,1.690000057220459,1.7300000190734863,955600,0.0,0.0
2024-05-21 00:00:00-04:00,1.7400000095367432,1.7710000276565552,1.6649999618530273,1.6799999475479126,960400,0.0,0.0
2024-05-22 00:00:00-04:00,1.7200000286102295,1.7400000095367432,1.659999966621399,1.6699999570846558,869900,0.0,0.0
2024-05-23 00:00:00-04:00,1.6799999475479126,1.690000057220459,1.5720000267028809,1.6299999952316284,1098900,0.0,0.0
2024-05-24 00:00:00-04:00,1.649999976158142,1.649999976158142,1.590000033378601,1.6100000143051147,564600,0.0,0.0
2024-05-28 00:00:00-04:00,1.6799999475479126,1.690000057220459,1.6200000047683716,1.659999966621399,692200,0.0,0.0
2024-05-29 00:00:00-04:00,1.690000057220459,1.6950000524520874,1.5800000429153442,1.6299999952316284,740400,0.0,0.0
2024-05-30 00:00:00-04:00,1.6299999952316284,1.7200000286102295,1.600000023841858,1.6799999475479126,863500,0.0,0.0
