Date,Open,High,Low,Close,Volume,Dividends,Stock Splits
2018-06-27 00:00:00-04:00,1040.0,1049.0,816.0,967.0,199424,0.0,0.0
2018-06-28 00:00:00-04:00,1020.0,1037.0,909.2999877929688,977.0,36055,0.0,0.0
2018-06-29 00:00:00-04:00,1001.0,1006.0,881.0,904.0,23558,0.0,0.0
2018-07-02 00:00:00-04:00,860.0,876.9000244140625,801.0,815.0,23635,0.0,0.0
2018-07-03 00:00:00-04:00,842.0,869.0,820.0,850.0,12870,0.0,0.0
2018-07-05 00:00:00-04:00,838.0,847.0,765.0,780.0,26502,0.0,0.0
2018-07-06 00:00:00-04:00,744.0,787.2000122070312,705.0,734.0,27967,0.0,0.0
2018-07-09 00:00:00-04:00,755.0,780.0,711.0,766.0,18404,0.0,0.0
2018-07-10 00:00:00-04:00,770.0,770.0,734.0,747.0,12531,0.0,0.0
2018-07-11 00:00:00-04:00,735.0,780.0,718.0,773.0,15876,0.0,0.0
2018-07-12 00:00:00-04:00,783.0,860.0,770.0,845.0,20503,0.0,0.0
2018-07-13 00:00:00-04:00,870.0,875.0,801.0,864.0,16949,0.0,0.0
2018-07-16 00:00:00-04:00,858.0,860.0,828.0,839.0,11921,0.0,0.0
2018-07-17 00:00:00-04:00,833.0,845.9000244140625,821.0,835.0,8014,0.0,0.0
2018-07-18 00:00:00-04:00,832.0,840.0,793.0,800.0,11333,0.0,0.0
2018-07-19 00:00:00-04:00,791.0,794.9000244140625,754.0,754.0,12674,0.0,0.0
2018-07-20 00:00:00-04:00,754.0,769.0,740.0,756.0,7098,0.0,0.0
2018-07-23 00:00:00-04:00,768.0,790.0,760.0,765.0,6074,0.0,0.0
2018-07-24 00:00:00-04:00,768.0,780.0,744.0,766.0,10571,0.0,0.0
2018-07-25 00:00:00-04:00,765.0,777.0,749.0,761.0,6779,0.0,0.0
2018-07-26 00:00:00-04:00,753.0,757.0,691.0,698.0,18303,0.0,0.0
2018-07-27 00:00:00-04:00,697.0,697.5,650.0,651.0,13873,0.0,0.0
2018-07-30 00:00:00-04:00,651.0,659.0,547.0,575.0,24309,0.0,0.0
2018-07-31 00:00:00-04:00,583.0,616.0,508.0,616.0,21098,0.0,0.0
2018-08-01 00:00:00-04:00,600.0,630.0,585.0,616.0,9497,0.0,0.0
2018-08-02 00:00:00-04:00,609.0,678.0,562.0,675.0,15400,0.0,0.0
2018-08-03 00:00:00-04:00,609.0,699.0,609.0,688.0,8324,0.0,0.0
2018-08-06 00:00:00-04:00,680.0,680.0,622.0,651.0,3971,0.0,0.0
2018-08-07 00:00:00-04:00,648.0,681.0,630.0999755859375,673.0,4845,0.0,0.0
2018-08-08 00:00:00-04:00,671.0,673.0,646.0,662.0,4770,0.0,0.0
2018-08-09 00:00:00-04:00,662.0,708.0,653.0,671.0,3984,0.0,0.0
2018-08-10 00:00:00-04:00,668.0,698.0,652.0,657.0,2863,0.0,0.0
2018-08-13 00:00:00-04:00,645.0,657.0,591.0,614.0,4366,0.0,0.0
2018-08-14 00:00:00-04:00,604.0,606.0,545.5,567.0,14577,0.0,0.0
2018-08-15 00:00:00-04:00,535.0,560.0,522.0,526.0,4546,0.0,0.0
2018-08-16 00:00:00-04:00,558.0,569.0,535.0,557.0,9436,0.0,0.0
2018-08-17 00:00:00-04:00,552.0,564.0,524.0,526.0,7996,0.0,0.0
2018-08-20 00:00:00-04:00,533.0,555.0,513.0,520.0,8214,0.0,0.0
2018-08-21 00:00:00-04:00,530.0,658.0,526.0,624.0,37547,0.0,0.0
2018-08-22 00:00:00-04:00,630.0,670.0,564.0,663.0,35718,0.0,0.0
2018-08-23 00:00:00-04:00,662.0,706.7000122070312,635.0,664.0,17871,0.0,0.0
2018-08-24 00:00:00-04:00,663.0,663.0,611.0,619.0,6508,0.0,0.0
2018-08-27 00:00:00-04:00,620.0,640.0,594.0,621.0,10011,0.0,0.0
2018-08-28 00:00:00-04:00,621.0,639.0,613.0,627.0,4338,0.0,0.0
2018-08-29 00:00:00-04:00,627.0,633.0,610.0,617.0,4019,0.0,0.0
2018-08-30 00:00:00-04:00,618.0,622.5,580.7000122070312,593.0,7403,0.0,0.0
2018-08-31 00:00:00-04:00,588.0,605.2000122070312,579.0,593.0,3120,0.0,0.0
2018-09-04 00:00:00-04:00,593.0,595.0,580.0,592.0,2680,0.0,0.0
2018-09-05 00:00:00-04:00,583.0,586.0,534.0,544.0,11545,0.0,0.0
2018-09-06 00:00:00-04:00,549.0,557.7000122070312,530.0999755859375,534.0,6152,0.0,0.0
2018-09-07 00:00:00-04:00,533.0,566.0,526.0,538.0,4657,0.0,0.0
2018-09-10 00:00:00-04:00,539.0,544.0,528.0,533.0,4694,0.0,0.0
2018-09-11 00:00:00-04:00,534.0,541.0,518.0,520.0,7095,0.0,0.0
2018-09-12 00:00:00-04:00,520.0,527.0,488.0,504.0,11073,0.0,0.0
2018-09-13 00:00:00-04:00,530.0,540.0,507.0,514.0,7798,0.0,0.0
2018-09-14 00:00:00-04:00,516.0,567.0,516.0,522.0,13052,0.0,0.0
2018-09-17 00:00:00-04:00,520.0,530.0,503.0,506.0,3667,0.0,0.0
2018-09-18 00:00:00-04:00,524.0,527.0,502.0,503.0,3295,0.0,0.0
2018-09-19 00:00:00-04:00,514.0,526.0,503.0,515.0,6105,0.0,0.0
2018-09-20 00:00:00-04:00,524.0,559.0,521.0,530.0,7183,0.0,0.0
2018-09-21 00:00:00-04:00,530.0,560.0,528.0,545.0,9999,0.0,0.0
2018-09-24 00:00:00-04:00,530.0,590.0,530.0,586.0,9480,0.0,0.0
2018-09-25 00:00:00-04:00,586.0,641.0,582.5,640.0,15472,0.0,0.0
2018-09-26 00:00:00-04:00,644.0,691.0,625.0,671.0,16442,0.0,0.0
2018-09-27 00:00:00-04:00,657.0,688.0,643.0,650.0,9729,0.0,0.0
2018-09-28 00:00:00-04:00,645.0,725.5,621.0,679.0,9548,0.0,0.0
2018-10-01 00:00:00-04:00,674.0,690.5,647.0,651.0,5643,0.0,0.0
2018-10-02 00:00:00-04:00,640.0,650.0,611.0,614.0,7346,0.0,0.0
2018-10-03 00:00:00-04:00,615.0,648.0,615.0,635.0,5336,0.0,0.0
2018-10-04 00:00:00-04:00,622.0,657.0,620.0,653.0,6289,0.0,0.0
2018-10-05 00:00:00-04:00,659.0,668.4000244140625,637.7999877929688,650.0,5215,0.0,0.0
2018-10-08 00:00:00-04:00,636.0,640.0,618.2999877929688,630.0,4347,0.0,0.0
2018-10-09 00:00:00-04:00,618.0,632.0,573.0,582.0,3543,0.0,0.0
2018-10-10 00:00:00-04:00,583.0,608.0,574.0,587.0,6020,0.0,0.0
2018-10-11 00:00:00-04:00,571.0,625.0,569.0,620.0,7538,0.0,0.0
2018-10-12 00:00:00-04:00,625.0,648.0,605.0,616.0,2609,0.0,0.0
2018-10-15 00:00:00-04:00,616.0,637.0,594.0,631.0,4898,0.0,0.0
2018-10-16 00:00:00-04:00,640.0,658.0,625.0,650.0,6476,0.0,0.0
2018-10-17 00:00:00-04:00,654.0,654.0,621.0,632.0,2534,0.0,0.0
2018-10-18 00:00:00-04:00,616.0,624.2999877929688,582.0,594.0,4296,0.0,0.0
2018-10-19 00:00:00-04:00,615.0,615.0,555.0,560.0,3587,0.0,0.0
2018-10-22 00:00:00-04:00,580.0,600.0,560.0,561.0,2568,0.0,0.0
2018-10-23 00:00:00-04:00,544.0,550.0,533.0,540.0,5084,0.0,0.0
2018-10-24 00:00:00-04:00,535.0,549.4000244140625,505.0,506.0,2766,0.0,0.0
2018-10-25 00:00:00-04:00,509.0,521.0,502.0,515.0,4327,0.0,0.0
2018-10-26 00:00:00-04:00,504.0,529.0,496.0,513.0,2690,0.0,0.0
2018-10-29 00:00:00-04:00,529.0,529.0,503.0,513.0,2842,0.0,0.0
2018-10-30 00:00:00-04:00,510.0,520.0,500.0,514.0,1005,0.0,0.0
2018-10-31 00:00:00-04:00,525.0,556.0,522.0,544.0,2480,0.0,0.0
2018-11-01 00:00:00-04:00,551.0,618.0,551.0,603.0,4320,0.0,0.0
2018-11-02 00:00:00-04:00,624.0,634.0,591.0,598.0,1702,0.0,0.0
2018-11-05 00:00:00-05:00,599.0,602.0,585.9000244140625,590.0,1056,0.0,0.0
2018-11-06 00:00:00-05:00,589.0,605.0,581.0,586.0,849,0.0,0.0
2018-11-07 00:00:00-05:00,593.0,615.7000122070312,575.0,591.0,938,0.0,0.0
2018-11-08 00:00:00-05:00,577.0,590.0,571.0,572.0,1170,0.0,0.0
2018-11-09 00:00:00-05:00,560.0,563.0,531.0,548.0,1612,0.0,0.0
2018-11-12 00:00:00-05:00,547.0,547.0,512.0,528.0,1723,0.0,0.0
2018-11-13 00:00:00-05:00,535.0,550.4000244140625,530.0,533.0,2692,0.0,0.0
2018-11-14 00:00:00-05:00,544.0,554.0,527.0,531.0,3242,0.0,0.0
2018-11-15 00:00:00-05:00,532.0,540.9000244140625,526.0,533.0,1773,0.0,0.0
2018-11-16 00:00:00-05:00,536.0,539.0,525.0,529.0,1967,0.0,0.0
2018-11-19 00:00:00-05:00,533.0,535.0,506.0,510.0,2197,0.0,0.0
2018-11-20 00:00:00-05:00,476.0,505.0,440.0,450.0,12396,0.0,0.0
2018-11-21 00:00:00-05:00,464.0,484.0,439.0,439.5,9002,0.0,0.0
2018-11-23 00:00:00-05:00,450.0,490.0,441.0,451.0,7236,0.0,0.0
2018-11-26 00:00:00-05:00,469.0,469.0,413.0,419.0,20005,0.0,0.0
2018-11-27 00:00:00-05:00,410.0,426.0,386.0,413.0,23413,0.0,0.0
2018-11-28 00:00:00-05:00,420.0,421.0,386.0,396.0,15189,0.0,0.0
2018-11-29 00:00:00-05:00,400.0,402.0,353.0,368.0,14342,0.0,0.0
2018-11-30 00:00:00-05:00,378.0,384.0,327.0,329.0,39647,0.0,0.0
2018-12-03 00:00:00-05:00,354.0,370.0,325.0,331.0,13468,0.0,0.0
2018-12-04 00:00:00-05:00,330.0,334.0,281.0,286.0,23554,0.0,0.0
2018-12-06 00:00:00-05:00,320.0,490.0,320.0,376.0,163517,0.0,0.0
2018-12-07 00:00:00-05:00,409.0,484.0,387.0,468.0,95829,0.0,0.0
2018-12-10 00:00:00-05:00,451.0,590.0,438.0,536.0,176352,0.0,0.0
2018-12-11 00:00:00-05:00,550.0,617.0,530.0,588.0,134913,0.0,0.0
2018-12-12 00:00:00-05:00,624.0,899.0,616.0,726.0,273492,0.0,0.0
2018-12-13 00:00:00-05:00,770.0,784.0,574.0,716.0,150840,0.0,0.0
2018-12-14 00:00:00-05:00,700.0,798.0,690.0,750.0,71563,0.0,0.0
2018-12-17 00:00:00-05:00,715.0,848.0,709.0,840.0,87378,0.0,0.0
2018-12-18 00:00:00-05:00,853.0,865.0,745.0,829.0,81513,0.0,0.0
2018-12-19 00:00:00-05:00,811.0,987.0,793.0,955.0,109749,0.0,0.0
2018-12-20 00:00:00-05:00,914.0,931.0,750.0,781.0,60678,0.0,0.0
2018-12-21 00:00:00-05:00,723.0,850.0,711.0,844.0,92069,0.0,0.0
2018-12-24 00:00:00-05:00,797.0,967.0,780.5,935.0,53706,0.0,0.0
2018-12-26 00:00:00-05:00,875.0,929.0,826.0,831.0,65370,0.0,0.0
2018-12-27 00:00:00-05:00,796.0,811.0,658.0,659.0,50719,0.0,0.0
2018-12-28 00:00:00-05:00,607.0,646.7999877929688,468.3999938964844,508.0,75326,0.0,0.0
2018-12-31 00:00:00-05:00,533.0,583.0,477.0,486.0,42435,0.0,0.0
2019-01-02 00:00:00-05:00,479.0,479.0,385.0,388.0,46029,0.0,0.0
2019-01-03 00:00:00-05:00,396.0,409.0,352.0,360.0,38497,0.0,0.0
2019-01-04 00:00:00-05:00,390.0,404.0,341.0,360.0,92456,0.0,0.0
2019-01-07 00:00:00-05:00,366.0,375.0,323.0,334.0,43778,0.0,0.0
2019-01-08 00:00:00-05:00,334.0,345.0,313.0,321.0,46279,0.0,0.0
2019-01-09 00:00:00-05:00,325.0,374.0,318.0,355.0,103458,0.0,0.0
2019-01-10 00:00:00-05:00,375.0,396.0,355.20001220703125,375.0,141175,0.0,0.0
2019-01-11 00:00:00-05:00,380.0,384.0,361.0,371.0,61773,0.0,0.0
2019-01-14 00:00:00-05:00,371.0,374.0,329.0,330.0,59816,0.0,0.0
2019-01-15 00:00:00-05:00,340.0,366.0,338.0,358.0,68437,0.0,0.0
2019-01-16 00:00:00-05:00,364.0,380.0,359.0,360.0,73189,0.0,0.0
2019-01-17 00:00:00-05:00,357.0,360.0,330.0,355.0,45908,0.0,0.0
2019-01-18 00:00:00-05:00,359.0,362.79998779296875,335.0,335.0,40931,0.0,0.0
2019-01-22 00:00:00-05:00,338.0,340.0,314.0,314.0,38014,0.0,0.0
2019-01-23 00:00:00-05:00,319.0,347.0,319.0,338.0,42068,0.0,0.0
2019-01-24 00:00:00-05:00,340.0,363.0,330.0,357.0,58960,0.0,0.0
2019-01-25 00:00:00-05:00,357.0,360.0,340.0,342.0,49582,0.0,0.0
2019-01-28 00:00:00-05:00,338.0,385.0,338.0,370.0,78307,0.0,0.0
2019-01-29 00:00:00-05:00,370.0,395.0,342.0,348.0,69125,0.0,0.0
2019-01-30 00:00:00-05:00,370.0,370.29998779296875,340.0,342.0,38192,0.0,0.0
2019-01-31 00:00:00-05:00,342.0,351.0,335.0,341.0,57273,0.0,0.0
2019-02-01 00:00:00-05:00,341.0,354.0,341.0,344.0,23582,0.0,0.0
2019-02-04 00:00:00-05:00,348.0,352.0,340.0,343.0,29904,0.0,0.0
2019-02-05 00:00:00-05:00,345.0,348.0,334.0,336.0,24376,0.0,0.0
2019-02-06 00:00:00-05:00,336.0,340.0,326.0,326.0,39093,0.0,0.0
2019-02-07 00:00:00-05:00,323.0,334.0,322.0,326.0,14851,0.0,0.0
2019-02-08 00:00:00-05:00,325.0,332.0,320.5,322.0,16352,0.0,0.0
2019-02-11 00:00:00-05:00,327.0,338.0,323.0,335.0,31112,0.0,0.0
2019-02-12 00:00:00-05:00,335.0,340.0,329.0,329.0,18400,0.0,0.0
2019-02-13 00:00:00-05:00,335.0,387.5,332.0,379.0,102589,0.0,0.0
2019-02-14 00:00:00-05:00,375.0,380.0,358.0,359.0,43677,0.0,0.0
2019-02-15 00:00:00-05:00,360.0,415.0,360.0,405.0,139360,0.0,0.0
2019-02-19 00:00:00-05:00,410.0,459.0,385.0,398.0,145249,0.0,0.0
2019-02-20 00:00:00-05:00,405.0,424.0,402.0,407.0,64755,0.0,0.0
2019-02-21 00:00:00-05:00,407.0,446.5,407.0,420.0,65588,0.0,0.0
2019-02-22 00:00:00-05:00,432.0,470.0,431.0,460.0,116120,0.0,0.0
2019-02-25 00:00:00-05:00,517.0,586.0,468.0,470.0,172176,0.0,0.0
2019-02-26 00:00:00-05:00,473.0,505.0,472.0,485.0,61859,0.0,0.0
2019-02-27 00:00:00-05:00,490.0,500.0,443.0,453.0,77576,0.0,0.0
2019-02-28 00:00:00-05:00,461.0,469.0,448.0,461.0,31008,0.0,0.0
2019-03-01 00:00:00-05:00,475.0,484.0,462.0,465.0,30103,0.0,0.0
2019-03-04 00:00:00-05:00,475.0,492.0,473.0,483.0,46821,0.0,0.0
2019-03-05 00:00:00-05:00,487.0,518.5,485.0,515.0,66087,0.0,0.0
2019-03-06 00:00:00-05:00,512.0,563.0,509.0,540.0,122218,0.0,0.0
2019-03-07 00:00:00-05:00,544.0,551.0,510.0,522.0,59610,0.0,0.0
2019-03-08 00:00:00-05:00,497.0,507.0,465.0,479.0,54804,0.0,0.0
2019-03-11 00:00:00-04:00,495.0,502.0,480.0,486.0,44997,0.0,0.0
2019-03-12 00:00:00-04:00,490.0,500.0,428.0,462.0,93884,0.0,0.0
2019-03-13 00:00:00-04:00,454.0,471.0,449.0,460.0,60101,0.0,0.0
2019-03-14 00:00:00-04:00,535.0,538.0,361.0,379.0,256145,0.0,0.0
2019-03-15 00:00:00-04:00,390.0,401.0,364.0,370.0,86753,0.0,0.0
2019-03-18 00:00:00-04:00,375.0,390.0,350.0,355.0,64942,0.0,0.0
2019-03-19 00:00:00-04:00,356.0,379.0,355.0,367.0,35207,0.0,0.0
2019-03-20 00:00:00-04:00,368.0,371.6000061035156,352.0,359.0,22149,0.0,0.0
2019-03-21 00:00:00-04:00,358.0,370.5,358.0,370.0,20030,0.0,0.0
2019-03-22 00:00:00-04:00,362.0,370.0,333.0,337.0,53745,0.0,0.0
2019-03-25 00:00:00-04:00,337.0,353.0,333.0,349.0,33758,0.0,0.0
2019-03-26 00:00:00-04:00,350.0,379.0,349.5,372.0,67089,0.0,0.0
2019-03-27 00:00:00-04:00,376.0,403.0,376.0,394.0,83531,0.0,0.0
2019-03-28 00:00:00-04:00,390.0,397.0,364.0,368.0,34737,0.0,0.0
2019-03-29 00:00:00-04:00,370.0,384.70001220703125,367.0,379.0,29253,0.0,0.0
2019-04-01 00:00:00-04:00,388.0,397.0,377.0,395.0,32108,0.0,0.0
2019-04-02 00:00:00-04:00,390.0,393.0,376.70001220703125,391.0,52632,0.0,0.0
2019-04-03 00:00:00-04:00,393.0,400.5,386.0,394.0,30151,0.0,0.0
2019-04-04 00:00:00-04:00,401.0,421.0,394.0,415.0,49938,0.0,0.0
2019-04-05 00:00:00-04:00,420.0,425.0,401.0,405.0,27683,0.0,0.0
2019-04-08 00:00:00-04:00,405.0,410.0,382.0,388.0,30845,0.0,0.0
2019-04-09 00:00:00-04:00,387.0,387.0,356.0,365.0,57190,0.0,0.0
2019-04-10 00:00:00-04:00,362.0,362.0,348.0,350.0,32064,0.0,0.0
2019-04-11 00:00:00-04:00,349.0,350.0,330.0,331.0,92360,0.0,0.0
2019-04-12 00:00:00-04:00,340.0,342.0,325.0,326.0,43206,0.0,0.0
2019-04-15 00:00:00-04:00,327.0,330.0,297.0,305.0,75523,0.0,0.0
2019-04-16 00:00:00-04:00,308.0,327.0,141.0,195.0,501156,0.0,0.0
2019-04-17 00:00:00-04:00,226.0,298.0,225.0,295.0,419663,0.0,0.0
2019-04-18 00:00:00-04:00,291.0,354.0,287.0,337.0,230289,0.0,0.0
2019-04-22 00:00:00-04:00,346.0,365.0,312.5,349.0,97429,0.0,0.0
2019-04-23 00:00:00-04:00,349.0,350.0,334.0,349.0,32685,0.0,0.0
2019-04-24 00:00:00-04:00,347.0,350.0,328.0,328.0,29548,0.0,0.0
2019-04-25 00:00:00-04:00,326.0,327.0,292.8999938964844,304.0,42162,0.0,0.0
2019-04-26 00:00:00-04:00,307.0,307.0,276.0,282.0,37944,0.0,0.0
2019-04-29 00:00:00-04:00,288.0,298.0,272.0,280.0,56291,0.0,0.0
2019-04-30 00:00:00-04:00,288.0,288.0,271.0,279.0,24504,0.0,0.0
2019-05-01 00:00:00-04:00,278.0,280.0,270.0,272.0,25678,0.0,0.0
2019-05-02 00:00:00-04:00,275.0,275.0,258.0,271.0,24213,0.0,0.0
2019-05-03 00:00:00-04:00,272.0,280.0,267.0,269.0,26279,0.0,0.0
2019-05-06 00:00:00-04:00,250.0,262.0,246.0,262.0,20421,0.0,0.0
2019-05-07 00:00:00-04:00,257.0,260.79998779296875,246.0,248.0,25823,0.0,0.0
2019-05-08 00:00:00-04:00,251.0,262.29998779296875,248.0,255.0,22901,0.0,0.0
2019-05-09 00:00:00-04:00,248.0,253.0,245.0,247.0,16889,0.0,0.0
2019-05-10 00:00:00-04:00,249.0,252.0,241.0,250.0,12484,0.0,0.0
2019-05-13 00:00:00-04:00,228.0,258.0,225.0,250.0,25415,0.0,0.0
2019-05-14 00:00:00-04:00,252.0,257.0,247.0,251.0,18033,0.0,0.0
2019-05-15 00:00:00-04:00,248.0,250.0,235.0,238.0,20019,0.0,0.0
2019-05-16 00:00:00-04:00,238.0,240.10000610351562,230.0,231.0,11770,0.0,0.0
2019-05-17 00:00:00-04:00,230.0,231.0,207.0,221.0,37752,0.0,0.0
2019-05-20 00:00:00-04:00,220.0,243.0,217.0,239.0,37472,0.0,0.0
2019-05-21 00:00:00-04:00,255.0,263.5,249.0,250.0,75084,0.0,0.0
2019-05-22 00:00:00-04:00,255.0,259.0,242.0,244.0,29909,0.0,0.0
2019-05-23 00:00:00-04:00,245.0,246.0,218.0,220.0,30778,0.0,0.0
2019-05-24 00:00:00-04:00,227.0,233.0,222.0,233.0,16099,0.0,0.0
2019-05-28 00:00:00-04:00,243.0,252.0,237.0,246.0,20667,0.0,0.0
2019-05-29 00:00:00-04:00,264.0,265.0,239.0,249.0,63092,0.0,0.0
2019-05-30 00:00:00-04:00,249.0,250.0,220.0,232.0,27101,0.0,0.0
2019-05-31 00:00:00-04:00,227.0,244.0,225.0,230.0,13058,0.0,0.0
2019-06-03 00:00:00-04:00,228.0,233.89999389648438,210.0,215.0,14304,0.0,0.0
2019-06-04 00:00:00-04:00,212.0,231.0,212.0,221.0,27810,0.0,0.0
2019-06-05 00:00:00-04:00,220.0,225.0,209.0,214.0,12692,0.0,0.0
2019-06-06 00:00:00-04:00,210.0,211.0,195.0,202.0,21628,0.0,0.0
2019-06-07 00:00:00-04:00,200.0,219.0,199.0,211.0,20392,0.0,0.0
2019-06-10 00:00:00-04:00,225.0,225.0,185.0,198.0,57492,0.0,0.0
2019-06-11 00:00:00-04:00,197.0,202.0,193.0,199.0,40690,0.0,0.0
2019-06-12 00:00:00-04:00,202.0,202.0,194.0,197.0,9987,0.0,0.0
2019-06-13 00:00:00-04:00,196.0,196.5,191.0,194.0,18472,0.0,0.0
2019-06-14 00:00:00-04:00,191.0,211.0,189.0,202.0,38113,0.0,0.0
2019-06-17 00:00:00-04:00,202.0,208.0,192.0,202.0,12511,0.0,0.0
2019-06-18 00:00:00-04:00,205.0,209.0,197.0,208.0,15058,0.0,0.0
2019-06-19 00:00:00-04:00,207.0,210.0,203.0,204.0,10479,0.0,0.0
2019-06-20 00:00:00-04:00,210.0,214.5,205.0,210.0,20017,0.0,0.0
2019-06-21 00:00:00-04:00,207.0,210.0,200.0,208.0,17106,0.0,0.0
2019-06-24 00:00:00-04:00,204.0,212.0,203.0,211.0,11181,0.0,0.0
2019-06-25 00:00:00-04:00,212.0,212.0,197.0,198.0,13175,0.0,0.0
2019-06-26 00:00:00-04:00,199.0,212.0,192.0,210.0,24476,0.0,0.0
2019-06-27 00:00:00-04:00,210.0,210.0,204.0,209.0,6990,0.0,0.0
2019-06-28 00:00:00-04:00,207.0,220.0,205.0,220.0,11699,0.0,0.0
2019-07-01 00:00:00-04:00,220.0,247.0,219.60000610351562,233.0,28549,0.0,0.0
2019-07-02 00:00:00-04:00,233.0,235.3000030517578,221.5,223.0,8870,0.0,0.0
2019-07-03 00:00:00-04:00,220.0,221.0,210.0,219.0,7547,0.0,0.0
2019-07-05 00:00:00-04:00,218.0,239.0,214.0,236.0,16876,0.0,0.0
2019-07-08 00:00:00-04:00,232.0,246.0,225.0,230.0,21124,0.0,0.0
2019-07-09 00:00:00-04:00,236.0,243.0,231.5,238.0,16680,0.0,0.0
2019-07-10 00:00:00-04:00,238.0,255.0,238.0,241.0,18506,0.0,0.0
2019-07-11 00:00:00-04:00,245.0,248.0,232.0,234.0,7999,0.0,0.0
2019-07-12 00:00:00-04:00,245.0,280.0,245.0,269.0,122599,0.0,0.0
2019-07-15 00:00:00-04:00,275.0,275.0,246.0,259.0,43225,0.0,0.0
2019-07-16 00:00:00-04:00,259.0,261.0,235.0,236.0,27547,0.0,0.0
2019-07-17 00:00:00-04:00,236.0,245.0,231.0,240.0,11856,0.0,0.0
2019-07-18 00:00:00-04:00,238.0,242.0,235.0,238.0,7678,0.0,0.0
2019-07-19 00:00:00-04:00,238.0,248.0,238.0,240.0,7609,0.0,0.0
2019-07-22 00:00:00-04:00,238.0,243.0,228.0,238.0,11601,0.0,0.0
2019-07-23 00:00:00-04:00,240.0,240.0,225.0,239.0,7451,0.0,0.0
2019-07-24 00:00:00-04:00,241.0,251.0,235.0,248.0,10868,0.0,0.0
2019-07-25 00:00:00-04:00,250.0,250.0,228.0,231.0,15868,0.0,0.0
2019-07-26 00:00:00-04:00,232.0,233.0,226.0,228.0,14751,0.0,0.0
2019-07-29 00:00:00-04:00,233.0,233.0,220.0,220.0,8440,0.0,0.0
2019-07-30 00:00:00-04:00,224.0,224.0,210.0,214.0,10926,0.0,0.0
2019-07-31 00:00:00-04:00,214.0,221.0,212.0,220.0,7444,0.0,0.0
2019-08-01 00:00:00-04:00,218.0,227.0,212.0,212.0,12339,0.0,0.0
2019-08-02 00:00:00-04:00,213.0,222.0,212.0,221.0,7496,0.0,0.0
2019-08-05 00:00:00-04:00,213.0,218.3000030517578,207.0,212.0,11478,0.0,0.0
2019-08-06 00:00:00-04:00,213.0,224.0,212.0,219.0,13257,0.0,0.0
2019-08-07 00:00:00-04:00,220.0,229.0,214.39999389648438,226.0,7343,0.0,0.0
2019-08-08 00:00:00-04:00,229.0,235.0,218.0,230.0,10369,0.0,0.0
2019-08-09 00:00:00-04:00,229.0,252.0,226.0,250.0,67986,0.0,0.0
2019-08-12 00:00:00-04:00,249.8000030517578,250.0,242.0,249.0,7645,0.0,0.0
2019-08-13 00:00:00-04:00,246.0,254.0,244.0,248.0,8118,0.0,0.0
2019-08-14 00:00:00-04:00,246.0,246.0,232.0,239.0,8712,0.0,0.0
2019-08-15 00:00:00-04:00,237.0,251.0,236.0,246.0,6245,0.0,0.0
2019-08-16 00:00:00-04:00,245.0,252.0,245.0,250.0,9791,0.0,0.0
2019-08-19 00:00:00-04:00,255.0,260.0,254.0,255.0,6932,0.0,0.0
2019-08-20 00:00:00-04:00,257.0,260.0,256.0,259.0,13549,0.0,0.0
2019-08-21 00:00:00-04:00,258.0,258.0,255.0,257.0,7854,0.0,0.0
2019-08-22 00:00:00-04:00,258.0,258.0,256.0,256.0,8754,0.0,0.0
2019-08-23 00:00:00-04:00,254.0,259.0,250.0,252.0,16093,0.0,0.0
2019-08-26 00:00:00-04:00,252.0,252.0,245.0,248.0,4725,0.0,0.0
2019-08-27 00:00:00-04:00,252.0,255.0,246.0,248.0,4321,0.0,0.0
2019-08-28 00:00:00-04:00,246.0,261.0,246.0,260.0,12325,0.0,0.0
2019-08-29 00:00:00-04:00,259.0,267.0,259.0,263.0,7658,0.0,0.0
2019-08-30 00:00:00-04:00,265.0,276.0,260.0,273.0,9244,0.0,0.0
2019-09-03 00:00:00-04:00,270.0,273.0,263.0,272.0,7904,0.0,0.0
2019-09-04 00:00:00-04:00,274.0,280.0,271.3999938964844,280.0,11380,0.0,0.0
2019-09-05 00:00:00-04:00,280.0,289.0,279.0,285.0,9553,0.0,0.0
2019-09-06 00:00:00-04:00,285.0,298.0,285.0,297.0,7525,0.0,0.0
2019-09-09 00:00:00-04:00,300.0,309.0,297.0,304.0,15536,0.0,0.0
2019-09-10 00:00:00-04:00,305.0,319.0,305.0,318.0,9249,0.0,0.0
2019-09-11 00:00:00-04:00,319.0,326.8999938964844,314.0,321.0,12838,0.0,0.0
2019-09-12 00:00:00-04:00,324.0,325.0,315.0,322.0,8006,0.0,0.0
2019-09-13 00:00:00-04:00,325.0,330.0,319.0,329.0,7558,0.0,0.0
2019-09-16 00:00:00-04:00,319.0,332.0,319.0,331.0,12730,0.0,0.0
2019-09-17 00:00:00-04:00,330.0,330.0,319.0,319.0,11820,0.0,0.0
2019-09-18 00:00:00-04:00,316.0,325.0,303.0,325.0,28421,0.0,0.0
2019-09-19 00:00:00-04:00,322.0,328.0,310.0,314.0,10483,0.0,0.0
2019-09-20 00:00:00-04:00,308.0,326.0,299.0,326.0,18011,0.0,0.0
2019-09-23 00:00:00-04:00,298.0,305.0,272.0,279.0,30203,0.0,0.0
2019-09-24 00:00:00-04:00,285.0,287.79998779296875,220.0,223.0,40334,0.0,0.0
2019-09-25 00:00:00-04:00,225.0,239.0,224.0,238.0,18785,0.0,0.0
2019-09-26 00:00:00-04:00,231.0,261.0,228.0,261.0,19896,0.0,0.0
2019-09-27 00:00:00-04:00,260.0,260.0,240.0,251.0,28653,0.0,0.0
2019-09-30 00:00:00-04:00,253.0,253.5,239.0,245.0,9870,0.0,0.0
2019-10-01 00:00:00-04:00,243.0,248.0,235.0,240.0,7284,0.0,0.0
2019-10-02 00:00:00-04:00,240.0,249.0,235.0,245.0,8561,0.0,0.0
2019-10-03 00:00:00-04:00,245.0,254.0,238.0,251.0,8548,0.0,0.0
2019-10-04 00:00:00-04:00,245.0,255.0,245.0,247.0,7575,0.0,0.0
2019-10-07 00:00:00-04:00,248.0,253.0,228.0,245.0,9416,0.0,0.0
2019-10-08 00:00:00-04:00,242.0,252.0,236.0,241.0,6621,0.0,0.0
2019-10-09 00:00:00-04:00,235.0,260.0,235.0,248.0,12079,0.0,0.0
2019-10-10 00:00:00-04:00,254.0,258.0,242.0,256.0,8086,0.0,0.0
2019-10-11 00:00:00-04:00,258.0,277.0,248.0,257.0,24398,0.0,0.0
2019-10-14 00:00:00-04:00,262.0,273.0,258.70001220703125,269.0,9211,0.0,0.0
2019-10-15 00:00:00-04:00,266.0,272.0,263.0,270.0,7649,0.0,0.0
2019-10-16 00:00:00-04:00,271.0,274.0,263.0,270.0,5774,0.0,0.0
2019-10-17 00:00:00-04:00,269.0,270.0,259.0,260.0,5167,0.0,0.0
2019-10-18 00:00:00-04:00,259.0,269.0,252.0,262.0,6113,0.0,0.0
2019-10-21 00:00:00-04:00,262.0,270.0,255.0,265.0,4255,0.0,0.0
2019-10-22 00:00:00-04:00,261.0,272.0,261.0,272.0,4413,0.0,0.0
2019-10-23 00:00:00-04:00,264.0,277.0,263.0,275.0,7097,0.0,0.0
2019-10-24 00:00:00-04:00,270.0,300.0,265.0,297.0,17700,0.0,0.0
2019-10-25 00:00:00-04:00,294.0,300.0,286.3999938964844,296.0,7320,0.0,0.0
2019-10-28 00:00:00-04:00,299.0,319.0,292.5,314.0,32912,0.0,0.0
2019-10-29 00:00:00-04:00,313.0,325.0,294.0,323.0,18348,0.0,0.0
2019-10-30 00:00:00-04:00,300.0,314.70001220703125,286.0,307.0,13196,0.0,0.0
2019-10-31 00:00:00-04:00,302.0,308.0,290.0,300.0,5444,0.0,0.0
2019-11-01 00:00:00-04:00,303.0,321.0,301.0,310.0,9958,0.0,0.0
2019-11-04 00:00:00-05:00,310.0,338.5,308.0,319.0,17794,0.0,0.0
2019-11-05 00:00:00-05:00,320.0,330.0,316.0,325.0,13319,0.0,0.0
2019-11-06 00:00:00-05:00,323.0,331.0,314.0,323.0,15901,0.0,0.0
2019-11-07 00:00:00-05:00,327.0,335.0,315.5,334.0,17484,0.0,0.0
2019-11-08 00:00:00-05:00,323.0,380.0,321.0,342.0,28259,0.0,0.0
2019-11-11 00:00:00-05:00,326.0,330.0,307.0,315.0,10609,0.0,0.0
2019-11-12 00:00:00-05:00,311.0,312.0,285.0,285.0,13268,0.0,0.0
2019-11-13 00:00:00-05:00,284.0,287.0,255.0,262.0,13622,0.0,0.0
2019-11-14 00:00:00-05:00,265.0,287.0,262.0,267.0,7792,0.0,0.0
2019-11-15 00:00:00-05:00,267.0,267.0,232.0,254.0,9332,0.0,0.0
2019-11-18 00:00:00-05:00,255.0,260.8999938964844,250.0,258.0,3365,0.0,0.0
2019-11-19 00:00:00-05:00,253.0,257.0,241.0,246.0,7849,0.0,0.0
2019-11-20 00:00:00-05:00,244.0,255.0,241.5,248.0,3486,0.0,0.0
2019-11-21 00:00:00-05:00,250.0,250.5,243.0,248.0,3679,0.0,0.0
2019-11-22 00:00:00-05:00,249.0,256.0,248.0,249.0,5316,0.0,0.0
2019-11-25 00:00:00-05:00,253.0,268.0,247.0,265.0,5757,0.0,0.0
2019-11-26 00:00:00-05:00,260.0,265.0,256.0,261.0,6325,0.0,0.0
2019-11-27 00:00:00-05:00,277.0,278.0,265.0,268.0,19139,0.0,0.0
2019-11-29 00:00:00-05:00,266.0,271.0,247.5,249.0,7254,0.0,0.0
2019-12-02 00:00:00-05:00,250.0,260.0,247.0,256.0,6913,0.0,0.0
2019-12-03 00:00:00-05:00,258.0,259.0,248.0,253.0,8240,0.0,0.0
2019-12-04 00:00:00-05:00,252.0,260.0,242.0,250.0,7115,0.0,0.0
2019-12-05 00:00:00-05:00,247.0,252.0,246.0,251.0,3433,0.0,0.0
2019-12-06 00:00:00-05:00,248.0,251.5,245.5,249.0,1958,0.0,0.0
2019-12-09 00:00:00-05:00,244.0,255.0,244.0,255.0,8140,0.0,0.0
2019-12-10 00:00:00-05:00,256.0,272.0,252.0,266.0,7785,0.0,0.0
2019-12-11 00:00:00-05:00,266.0,273.0,262.0,271.0,14401,0.0,0.0
2019-12-12 00:00:00-05:00,275.0,284.0,270.0,271.0,8586,0.0,0.0
2019-12-13 00:00:00-05:00,272.0,293.0,267.0,291.0,14097,0.0,0.0
2019-12-16 00:00:00-05:00,295.0,310.0,285.0,310.0,13389,0.0,0.0
2019-12-17 00:00:00-05:00,307.0,307.0,277.0,282.0,15236,0.0,0.0
2019-12-18 00:00:00-05:00,280.0,282.0,268.0,279.0,7780,0.0,0.0
2019-12-19 00:00:00-05:00,280.0,280.0,266.0,275.0,8287,0.0,0.0
2019-12-20 00:00:00-05:00,270.0,280.0,270.0,273.0,11264,0.0,0.0
2019-12-23 00:00:00-05:00,270.0,275.0,263.0,264.0,6938,0.0,0.0
2019-12-24 00:00:00-05:00,262.0,265.0,224.0,241.0,19346,0.0,0.0
2019-12-26 00:00:00-05:00,244.0,247.0,236.0,237.0,9090,0.0,0.0
2019-12-27 00:00:00-05:00,240.0,240.0,226.0,231.0,16141,0.0,0.0
2019-12-30 00:00:00-05:00,230.0,232.0,224.0,228.0,12384,0.0,0.0
2019-12-31 00:00:00-05:00,225.0,229.5,221.0,226.0,14872,0.0,0.0
2020-01-02 00:00:00-05:00,231.0,238.0,225.0,229.0,13079,0.0,0.0
2020-01-03 00:00:00-05:00,229.0,234.0,221.0,226.0,19714,0.0,0.0
2020-01-06 00:00:00-05:00,228.0,251.0,224.0,248.0,13696,0.0,0.0
2020-01-07 00:00:00-05:00,251.0,252.0,236.0,240.0,9988,0.0,0.0
2020-01-08 00:00:00-05:00,240.0,246.0,231.0,241.0,7435,0.0,0.0
2020-01-09 00:00:00-05:00,239.0,250.0,239.0,247.0,7288,0.0,0.0
2020-01-10 00:00:00-05:00,249.0,260.0,243.0,258.0,9708,0.0,0.0
2020-01-13 00:00:00-05:00,258.0,284.0,256.0,284.0,16174,0.0,0.0
2020-01-14 00:00:00-05:00,282.0,295.0,269.0,290.0,15733,0.0,0.0
2020-01-15 00:00:00-05:00,286.0,286.0,253.0,262.0,21422,0.0,0.0
2020-01-16 00:00:00-05:00,266.0,275.0,258.0,259.0,9889,0.0,0.0
2020-01-17 00:00:00-05:00,263.0,266.0,250.0,251.0,7200,0.0,0.0
2020-01-21 00:00:00-05:00,251.0,269.0,250.0,267.0,7952,0.0,0.0
2020-01-22 00:00:00-05:00,268.0,278.0,248.0,259.0,24433,0.0,0.0
2020-01-23 00:00:00-05:00,250.0,265.0,250.0,265.0,14600,0.0,0.0
2020-01-24 00:00:00-05:00,260.0,279.0,245.0,246.0,22408,0.0,0.0
2020-01-27 00:00:00-05:00,231.0,239.0,221.0,229.0,13721,0.0,0.0
2020-01-28 00:00:00-05:00,234.0,236.0,227.0,232.0,7492,0.0,0.0
2020-01-29 00:00:00-05:00,231.0,240.0,224.0,229.0,10363,0.0,0.0
2020-01-30 00:00:00-05:00,224.0,231.0,220.0,221.0,18717,0.0,0.0
2020-01-31 00:00:00-05:00,220.0,250.0,217.0,246.0,26496,0.0,0.0
2020-02-03 00:00:00-05:00,230.0,240.0,222.0,230.0,19020,0.0,0.0
2020-02-04 00:00:00-05:00,232.0,242.89999389648438,229.0,236.0,20368,0.0,0.0
2020-02-05 00:00:00-05:00,236.0,238.0,227.0,230.0,17007,0.0,0.0
2020-02-06 00:00:00-05:00,233.0,233.0,223.0,225.0,15381,0.0,0.0
2020-02-07 00:00:00-05:00,226.0,231.8000030517578,220.0,223.0,23563,0.0,0.0
2020-02-10 00:00:00-05:00,221.0,230.0,220.0,228.0,35198,0.0,0.0
2020-02-11 00:00:00-05:00,229.0,237.0,228.0,230.0,14322,0.0,0.0
2020-02-12 00:00:00-05:00,227.0,233.0,227.0,228.0,15701,0.0,0.0
2020-02-13 00:00:00-05:00,228.0,233.0,226.5,227.0,22385,0.0,0.0
2020-02-14 00:00:00-05:00,227.0,231.0,219.0,219.0,19811,0.0,0.0
2020-02-18 00:00:00-05:00,218.0,218.0,198.0,199.0,31123,0.0,0.0
2020-02-19 00:00:00-05:00,205.0,208.0,189.0,197.0,44243,0.0,0.0
2020-02-20 00:00:00-05:00,200.0,200.0,194.0,194.0,26501,0.0,0.0
2020-02-21 00:00:00-05:00,196.0,200.0,190.0,200.0,9551,0.0,0.0
2020-02-24 00:00:00-05:00,190.0,192.89999389648438,185.0,185.0,23763,0.0,0.0
2020-02-25 00:00:00-05:00,185.0,194.0,182.0,184.0,41124,0.0,0.0
2020-02-26 00:00:00-05:00,185.0,194.0,177.0,183.0,26423,0.0,0.0
2020-02-27 00:00:00-05:00,179.0,188.0,172.5,175.0,26053,0.0,0.0
2020-02-28 00:00:00-05:00,170.0,178.0,151.0,167.0,14766,0.0,0.0
2020-03-02 00:00:00-05:00,167.0,170.0,157.0,162.0,24375,0.0,0.0
2020-03-03 00:00:00-05:00,162.0,168.0,151.0,154.0,53503,0.0,0.0
2020-03-04 00:00:00-05:00,157.0,182.0,157.0,180.0,39115,0.0,0.0
2020-03-05 00:00:00-05:00,173.0,182.0,170.6999969482422,179.0,8650,0.0,0.0
2020-03-06 00:00:00-05:00,174.0,181.5,170.0,175.0,14290,0.0,0.0
2020-03-09 00:00:00-04:00,161.0,178.0,160.0,164.0,6911,0.0,0.0
2020-03-10 00:00:00-04:00,169.0,178.0,166.0,174.0,10752,0.0,0.0
2020-03-11 00:00:00-04:00,174.0,193.0,174.0,179.0,13742,0.0,0.0
2020-03-12 00:00:00-04:00,166.0,172.0,161.0,161.0,9154,0.0,0.0
2020-03-13 00:00:00-04:00,172.0,175.0,163.0,172.0,7788,0.0,0.0
2020-03-16 00:00:00-04:00,159.0,172.0,159.0,159.0,16104,0.0,0.0
2020-03-17 00:00:00-04:00,160.0,172.0,154.0,166.0,11524,0.0,0.0
2020-03-18 00:00:00-04:00,153.0,165.0,146.0,149.0,8681,0.0,0.0
2020-03-19 00:00:00-04:00,146.0,151.0,139.0,140.0,9648,0.0,0.0
2020-03-20 00:00:00-04:00,143.0,145.5,126.0,127.0,9829,0.0,0.0
2020-03-23 00:00:00-04:00,132.0,132.0,121.0,123.0,4805,0.0,0.0
2020-03-24 00:00:00-04:00,137.0,140.0,127.0,140.0,12504,0.0,0.0
2020-03-25 00:00:00-04:00,140.0,161.0,140.0,152.0,8287,0.0,0.0
2020-03-26 00:00:00-04:00,153.0,178.0,151.0,174.0,20227,0.0,0.0
2020-03-27 00:00:00-04:00,160.0,173.0,156.0,171.0,5485,0.0,0.0
2020-03-30 00:00:00-04:00,164.0,169.0,149.5,156.0,12831,0.0,0.0
2020-03-31 00:00:00-04:00,158.0,160.0,152.0,154.0,6150,0.0,0.0
2020-04-01 00:00:00-04:00,150.0,154.0,142.0,144.0,6391,0.0,0.0
2020-04-02 00:00:00-04:00,144.0,153.0,144.0,146.0,4703,0.0,0.0
2020-04-03 00:00:00-04:00,149.0,157.0,145.0,153.0,5232,0.0,0.0
2020-04-06 00:00:00-04:00,154.0,175.0,148.0,156.0,6389,0.0,0.0
2020-04-07 00:00:00-04:00,158.0,164.0,152.0,153.0,6933,0.0,0.0
2020-04-08 00:00:00-04:00,151.0,158.0,147.0,158.0,3617,0.0,0.0
2020-04-09 00:00:00-04:00,159.0,161.0,152.5,154.0,25826,0.0,0.0
2020-04-13 00:00:00-04:00,151.0,160.0,151.0,156.0,6886,0.0,0.0
2020-04-14 00:00:00-04:00,156.0,164.0,156.0,159.0,6031,0.0,0.0
2020-04-15 00:00:00-04:00,154.0,164.0,154.0,164.0,4358,0.0,0.0
2020-04-16 00:00:00-04:00,164.0,165.0,161.0,161.0,3638,0.0,0.0
2020-04-17 00:00:00-04:00,161.0,165.0,160.0,165.0,5606,0.0,0.0
2020-04-20 00:00:00-04:00,162.0,165.0,159.0,160.0,6094,0.0,0.0
2020-04-21 00:00:00-04:00,154.0,161.0,151.0,152.0,4352,0.0,0.0
2020-04-22 00:00:00-04:00,153.0,160.0,146.0,157.0,13401,0.0,0.0
2020-04-23 00:00:00-04:00,158.0,162.5,150.0,155.0,5477,0.0,0.0
2020-04-24 00:00:00-04:00,154.0,155.0,140.0,145.0,8805,0.0,0.0
2020-04-27 00:00:00-04:00,154.0,155.0,138.0,145.0,6823,0.0,0.0
2020-04-28 00:00:00-04:00,143.0,152.0,138.0,149.0,5212,0.0,0.0
2020-04-29 00:00:00-04:00,150.0,158.0,146.0,157.0,6643,0.0,0.0
2020-04-30 00:00:00-04:00,155.0,164.0,147.0,161.0,8033,0.0,0.0
2020-05-01 00:00:00-04:00,155.0,158.0,144.0,144.0,4844,0.0,0.0
2020-05-04 00:00:00-04:00,142.0,143.0,140.0,142.0,3686,0.0,0.0
2020-05-05 00:00:00-04:00,142.0,142.0,132.0,133.0,7856,0.0,0.0
2020-05-06 00:00:00-04:00,133.0,138.0,130.0,134.0,7758,0.0,0.0
2020-05-07 00:00:00-04:00,135.0,137.0,131.0,132.0,3200,0.0,0.0
2020-05-08 00:00:00-04:00,135.0,137.5,133.0,134.0,3227,0.0,0.0
2020-05-11 00:00:00-04:00,134.0,146.0,134.0,145.0,9125,0.0,0.0
2020-05-12 00:00:00-04:00,144.0,153.0,141.0,147.0,7790,0.0,0.0
2020-05-13 00:00:00-04:00,149.0,151.0,136.0,142.0,10351,0.0,0.0
2020-05-14 00:00:00-04:00,138.0,144.0,132.10000610351562,137.0,5783,0.0,0.0
2020-05-15 00:00:00-04:00,137.0,138.0,134.0,135.0,8083,0.0,0.0
2020-05-18 00:00:00-04:00,136.0,140.6999969482422,134.0,137.0,8933,0.0,0.0
2020-05-19 00:00:00-04:00,136.0,144.0,136.0,141.0,6137,0.0,0.0
2020-05-20 00:00:00-04:00,143.0,148.0,140.0,143.0,15659,0.0,0.0
2020-05-21 00:00:00-04:00,140.0,142.0,135.0,139.0,9061,0.0,0.0
2020-05-22 00:00:00-04:00,137.0,138.89999389648438,131.0,133.0,7634,0.0,0.0
2020-05-26 00:00:00-04:00,130.0,138.0,127.0,134.0,8801,0.0,0.0
2020-05-27 00:00:00-04:00,136.0,144.0,135.0,142.0,7878,0.0,0.0
2020-05-28 00:00:00-04:00,140.0,145.0,138.0,141.0,9631,0.0,0.0
2020-05-29 00:00:00-04:00,142.0,153.0,141.5,153.0,31947,0.0,0.0
2020-06-01 00:00:00-04:00,150.0,157.0,144.0,149.0,8458,0.0,0.0
2020-06-02 00:00:00-04:00,149.0,166.0,149.0,159.0,15202,0.0,0.0
2020-06-03 00:00:00-04:00,160.0,166.0,160.0,165.0,6202,0.0,0.0
2020-06-04 00:00:00-04:00,164.0,167.0,158.0,159.0,7246,0.0,0.0
2020-06-05 00:00:00-04:00,160.0,165.5,159.5,165.0,7852,0.0,0.0
2020-06-08 00:00:00-04:00,165.0,173.0,161.0,173.0,13414,0.0,0.0
2020-06-09 00:00:00-04:00,169.0,173.0,165.0,168.0,4212,0.0,0.0
2020-06-10 00:00:00-04:00,166.0,191.0,163.0,183.0,25782,0.0,0.0
2020-06-11 00:00:00-04:00,183.0,183.0,156.0,158.0,8581,0.0,0.0
2020-06-12 00:00:00-04:00,162.0,168.0,144.0,147.0,33247,0.0,0.0
2020-06-15 00:00:00-04:00,155.0,155.0,139.0,146.0,14228,0.0,0.0
2020-06-16 00:00:00-04:00,148.0,150.0,144.3000030517578,145.0,14249,0.0,0.0
2020-06-17 00:00:00-04:00,137.0,149.0,137.0,137.0,17919,0.0,0.0
2020-06-18 00:00:00-04:00,140.0,143.0,136.0,139.0,16063,0.0,0.0
2020-06-19 00:00:00-04:00,139.0,145.0,137.0,145.0,14129,0.0,0.0
2020-06-22 00:00:00-04:00,147.0,150.0,140.0,147.0,7827,0.0,0.0
2020-06-23 00:00:00-04:00,144.0,158.0,143.0,158.0,14166,0.0,0.0
2020-06-24 00:00:00-04:00,153.0,157.0,144.0,149.0,13146,0.0,0.0
2020-06-25 00:00:00-04:00,152.0,156.5,145.0,154.0,6733,0.0,0.0
2020-06-26 00:00:00-04:00,152.0,159.0,150.0,156.0,14575,0.0,0.0
2020-06-29 00:00:00-04:00,157.0,158.0,141.0,142.0,6257,0.0,0.0
2020-06-30 00:00:00-04:00,143.0,160.0,139.0,143.0,22262,0.0,0.0
2020-07-01 00:00:00-04:00,143.0,150.0,142.0,148.0,7738,0.0,0.0
2020-07-02 00:00:00-04:00,150.0,160.0,148.3000030517578,159.0,15335,0.0,0.0
2020-07-06 00:00:00-04:00,167.0,167.0,157.0,160.0,10725,0.0,0.0
2020-07-07 00:00:00-04:00,161.0,161.5,155.0,157.0,3143,0.0,0.0
2020-07-08 00:00:00-04:00,158.0,183.5,158.0,183.0,24545,0.0,0.0
2020-07-09 00:00:00-04:00,193.0,200.0,167.6999969482422,182.0,25164,0.0,0.0
2020-07-10 00:00:00-04:00,175.0,183.0,166.0,176.0,17118,0.0,0.0
2020-07-13 00:00:00-04:00,185.0,186.0,162.0,165.0,15161,0.0,0.0
2020-07-14 00:00:00-04:00,162.0,165.0,158.0,164.0,8645,0.0,0.0
2020-07-15 00:00:00-04:00,166.0,166.89999389648438,155.0,157.0,7690,0.0,0.0
2020-07-16 00:00:00-04:00,156.0,157.0,150.0,152.0,5745,0.0,0.0
2020-07-17 00:00:00-04:00,154.0,160.0,153.0,158.0,14420,0.0,0.0
2020-07-20 00:00:00-04:00,159.0,160.0,144.0,145.0,17343,0.0,0.0
2020-07-21 00:00:00-04:00,149.0,153.0,145.0,150.0,9597,0.0,0.0
2020-07-22 00:00:00-04:00,150.0,150.0,137.0,140.0,14775,0.0,0.0
2020-07-23 00:00:00-04:00,139.0,141.0,136.0,138.0,11167,0.0,0.0
2020-07-24 00:00:00-04:00,132.0,137.0,116.0,129.0,31294,0.0,0.0
2020-07-27 00:00:00-04:00,133.0,133.10000610351562,125.0,126.0,5630,0.0,0.0
2020-07-28 00:00:00-04:00,126.0,127.0,121.0,122.0,6298,0.0,0.0
2020-07-29 00:00:00-04:00,122.0,125.0,122.0,124.0,4616,0.0,0.0
2020-07-30 00:00:00-04:00,123.0,124.0,123.0,123.0,3137,0.0,0.0
2020-07-31 00:00:00-04:00,130.0,130.0,123.0,127.0,4671,0.0,0.0
2020-08-03 00:00:00-04:00,124.0,127.0,121.0,123.0,13937,0.0,0.0
2020-08-04 00:00:00-04:00,123.0,127.0,123.0,125.0,10243,0.0,0.0
2020-08-05 00:00:00-04:00,124.0,128.0,123.0,126.0,9770,0.0,0.0
2020-08-06 00:00:00-04:00,123.0,126.0,122.0,125.0,4325,0.0,0.0
2020-08-07 00:00:00-04:00,123.0,126.0,122.0,122.0,6931,0.0,0.0
2020-08-10 00:00:00-04:00,123.0,124.0,120.0,122.0,6779,0.0,0.0
2020-08-11 00:00:00-04:00,123.0,123.0,118.0,119.0,8420,0.0,0.0
2020-08-12 00:00:00-04:00,118.0,122.0,116.0,120.0,9632,0.0,0.0
2020-08-13 00:00:00-04:00,121.0,122.0,119.0,121.0,3466,0.0,0.0
2020-08-14 00:00:00-04:00,121.0,122.0,120.0,120.0,3336,0.0,0.0
2020-08-17 00:00:00-04:00,119.0,121.0,118.0,121.0,3785,0.0,0.0
2020-08-18 00:00:00-04:00,119.0,125.0,118.0,124.0,7974,0.0,0.0
2020-08-19 00:00:00-04:00,121.0,124.0,119.0,120.0,4156,0.0,0.0
2020-08-20 00:00:00-04:00,120.0,120.4000015258789,116.0,119.0,6007,0.0,0.0
2020-08-21 00:00:00-04:00,119.0,119.0,115.0,116.0,5677,0.0,0.0
2020-08-24 00:00:00-04:00,116.0,120.0,112.0,118.0,9294,0.0,0.0
2020-08-25 00:00:00-04:00,118.0,118.0,111.0,115.0,7692,0.0,0.0
2020-08-26 00:00:00-04:00,115.0,115.19999694824219,108.0,111.0,13227,0.0,0.0
2020-08-27 00:00:00-04:00,110.0,114.0,102.0,105.0,14438,0.0,0.0
2020-08-28 00:00:00-04:00,103.0,106.0,88.0,91.0,32250,0.0,0.0
2020-08-31 00:00:00-04:00,91.0,96.0,72.0,78.0,67047,0.0,0.0
2020-09-01 00:00:00-04:00,77.0,98.4000015258789,77.0,98.0999984741211,38467,0.0,0.0
2020-09-02 00:00:00-04:00,97.0999984741211,100.0,83.0999984741211,92.30000305175781,19474,0.0,0.0
2020-09-03 00:00:00-04:00,94.9000015258789,98.0,85.0,91.0999984741211,13135,0.0,0.0
2020-09-04 00:00:00-04:00,92.4000015258789,94.9000015258789,84.0,92.69999694824219,13517,0.0,0.0
2020-09-08 00:00:00-04:00,89.5,96.0,85.0,94.0,15448,0.0,0.0
2020-09-09 00:00:00-04:00,91.0999984741211,99.0,88.0,88.4000015258789,21525,0.0,0.0
2020-09-10 00:00:00-04:00,87.0,91.0,85.0,90.5999984741211,25089,0.0,0.0
2020-09-11 00:00:00-04:00,88.0,91.80000305175781,82.5,90.0,12125,0.0,0.0
2020-09-14 00:00:00-04:00,87.5999984741211,100.0,84.19999694824219,100.0,15755,0.0,0.0
2020-09-15 00:00:00-04:00,99.0,108.0,96.0999984741211,101.0,21190,0.0,0.0
2020-09-16 00:00:00-04:00,99.19999694824219,104.0,94.0,95.0,8949,0.0,0.0
2020-09-17 00:00:00-04:00,93.5,102.0,91.5999984741211,99.0999984741211,12018,0.0,0.0
2020-09-18 00:00:00-04:00,98.19999694824219,100.5,96.0,97.9000015258789,3245,0.0,0.0
2020-09-21 00:00:00-04:00,93.9000015258789,97.69999694824219,90.80000305175781,92.30000305175781,7075,0.0,0.0
2020-09-22 00:00:00-04:00,92.0,94.0,86.0,88.5,4324,0.0,0.0
2020-09-23 00:00:00-04:00,88.9000015258789,89.0,83.0,83.0,4344,0.0,0.0
2020-09-24 00:00:00-04:00,84.5,86.9000015258789,82.0,84.0,1971,0.0,0.0
2020-09-25 00:00:00-04:00,84.0,95.0,84.0,88.0,4890,0.0,0.0
2020-09-28 00:00:00-04:00,86.19999694824219,94.0,86.0,91.5,3737,0.0,0.0
2020-09-29 00:00:00-04:00,85.5999984741211,91.0,85.19999694824219,86.69999694824219,6002,0.0,0.0
2020-09-30 00:00:00-04:00,85.0,90.0,85.0,87.0,2543,0.0,0.0
2020-10-01 00:00:00-04:00,87.0,93.0,86.0,90.30000305175781,2569,0.0,0.0
2020-10-02 00:00:00-04:00,88.5999984741211,94.0,87.0,91.4000015258789,3125,0.0,0.0
2020-10-05 00:00:00-04:00,89.69999694824219,96.0,88.0,94.5999984741211,7087,0.0,0.0
2020-10-06 00:00:00-04:00,94.5,94.5,90.0999984741211,91.80000305175781,2857,0.0,0.0
2020-10-07 00:00:00-04:00,91.30000305175781,102.0,91.0,100.0,19764,0.0,0.0
2020-10-08 00:00:00-04:00,117.0,118.0,105.0,110.0,26336,0.0,0.0
2020-10-09 00:00:00-04:00,109.0,110.0,101.0,101.0,12661,0.0,0.0
2020-10-12 00:00:00-04:00,100.0,107.0,96.0999984741211,104.0,20094,0.0,0.0
2020-10-13 00:00:00-04:00,104.0,106.0999984741211,99.0,102.0,7174,0.0,0.0
2020-10-14 00:00:00-04:00,100.0,100.0,97.0,100.0,5841,0.0,0.0
2020-10-15 00:00:00-04:00,100.0,100.0,97.0,100.0,3617,0.0,0.0
2020-10-16 00:00:00-04:00,103.0,106.0,99.0,100.0,11253,0.0,0.0
2020-10-19 00:00:00-04:00,102.0,139.0,102.0,119.0,238557,0.0,0.0
2020-10-20 00:00:00-04:00,162.0,172.0,108.0,113.0,576938,0.0,0.0
2020-10-21 00:00:00-04:00,113.0,118.0,102.0,109.0,108088,0.0,0.0
2020-10-22 00:00:00-04:00,107.0,110.0,102.0,106.0,57567,0.0,0.0
2020-10-23 00:00:00-04:00,105.0,105.0,99.0,100.0,39604,0.0,0.0
2020-10-26 00:00:00-04:00,100.0,101.0,92.0,93.5999984741211,34909,0.0,0.0
2020-10-27 00:00:00-04:00,93.19999694824219,109.0,91.30000305175781,104.0,49348,0.0,0.0
2020-10-28 00:00:00-04:00,103.0,103.0,95.0999984741211,99.19999694824219,17242,0.0,0.0
2020-10-29 00:00:00-04:00,99.30000305175781,106.0,99.19999694824219,102.0,27232,0.0,0.0
2020-10-30 00:00:00-04:00,98.9000015258789,102.0,95.0,96.0,23814,0.0,0.0
2020-11-02 00:00:00-05:00,97.19999694824219,99.9000015258789,93.0,96.0,18544,0.0,0.0
2020-11-03 00:00:00-05:00,97.0,98.0,93.0,95.0,15333,0.0,0.0
2020-11-04 00:00:00-05:00,95.0,96.69999694824219,90.0,92.5,27569,0.0,0.0
2020-11-05 00:00:00-05:00,94.80000305175781,98.0,92.9000015258789,97.0,28624,0.0,0.0
2020-11-06 00:00:00-05:00,97.30000305175781,110.0,95.0,107.0,37814,0.0,0.0
2020-11-09 00:00:00-05:00,101.0,108.0,100.0,105.0,26267,0.0,0.0
2020-11-10 00:00:00-05:00,103.0,103.5,98.0,102.0,18667,0.0,0.0
2020-11-11 00:00:00-05:00,103.0,105.0,99.0,105.0,30420,0.0,0.0
2020-11-12 00:00:00-05:00,105.0,105.0,101.0,104.0,10976,0.0,0.0
2020-11-13 00:00:00-05:00,105.0,105.0,100.0,104.0,14274,0.0,0.0
2020-11-16 00:00:00-05:00,104.0,115.0,103.0,110.0,32716,0.0,0.0
2020-11-17 00:00:00-05:00,113.5,119.0,110.0,115.0,36219,0.0,0.0
2020-11-18 00:00:00-05:00,118.0,120.0,111.0,111.0,26134,0.0,0.0
2020-11-19 00:00:00-05:00,115.0,136.0,107.0,135.0,68746,0.0,0.0
2020-11-20 00:00:00-05:00,139.0,141.0,121.0,123.0,82905,0.0,0.0
2020-11-23 00:00:00-05:00,138.1999969482422,159.0,131.0,142.0,220876,0.0,0.0
2020-11-24 00:00:00-05:00,155.0,155.0,135.0,140.0,120327,0.0,0.0
2020-11-25 00:00:00-05:00,132.0,178.0,125.0,164.0,297935,0.0,0.0
2020-11-27 00:00:00-05:00,178.8000030517578,183.8000030517578,155.0,158.0,179132,0.0,0.0
2020-11-30 00:00:00-05:00,159.0,159.0,138.0,138.0,111792,0.0,0.0
2020-12-01 00:00:00-05:00,148.0,151.0,136.0,137.0,58998,0.0,0.0
2020-12-02 00:00:00-05:00,127.0,140.1999969482422,124.0,139.0,58934,0.0,0.0
2020-12-03 00:00:00-05:00,137.0,144.0,130.0,131.0,36610,0.0,0.0
2020-12-04 00:00:00-05:00,135.0,137.0,126.0,130.0,40390,0.0,0.0
2020-12-07 00:00:00-05:00,129.0,131.0,123.0,123.0,46668,0.0,0.0
2020-12-08 00:00:00-05:00,125.0,137.0,123.0,136.0,39688,0.0,0.0
2020-12-09 00:00:00-05:00,139.0,142.0,128.0,129.0,66123,0.0,0.0
2020-12-10 00:00:00-05:00,130.0,140.0,126.0,132.0,38911,0.0,0.0
2020-12-11 00:00:00-05:00,135.0,136.0,123.0,129.0,52240,0.0,0.0
2020-12-14 00:00:00-05:00,130.0,133.0,126.0,132.0,31427,0.0,0.0
2020-12-15 00:00:00-05:00,132.0,141.0,130.5,140.0,37372,0.0,0.0
2020-12-16 00:00:00-05:00,142.0,145.0,136.5,140.0,45169,0.0,0.0
2020-12-17 00:00:00-05:00,122.0,123.0,111.0,111.0,162706,0.0,0.0
2020-12-18 00:00:00-05:00,117.0,120.0,112.0,113.0,64084,0.0,0.0
2020-12-21 00:00:00-05:00,112.0,113.0,102.0,104.0,78058,0.0,0.0
2020-12-22 00:00:00-05:00,106.0,106.0,95.0999984741211,98.0999984741211,83488,0.0,0.0
2020-12-23 00:00:00-05:00,95.5999984741211,101.0,95.0,99.19999694824219,45077,0.0,0.0
2020-12-24 00:00:00-05:00,99.69999694824219,101.0,95.0999984741211,96.0,24041,0.0,0.0
2020-12-28 00:00:00-05:00,96.0,96.0,90.0,93.0,47111,0.0,0.0
2020-12-29 00:00:00-05:00,92.5,93.9000015258789,86.5,86.5,68597,0.0,0.0
2020-12-30 00:00:00-05:00,88.19999694824219,96.0,88.0,90.5999984741211,74159,0.0,0.0
2020-12-31 00:00:00-05:00,90.19999694824219,94.0,87.0,87.30000305175781,47547,0.0,0.0
2021-01-04 00:00:00-05:00,89.0,90.0,86.0,89.0,33360,0.0,0.0
2021-01-05 00:00:00-05:00,88.80000305175781,96.0,88.80000305175781,94.0,29550,0.0,0.0
2021-01-06 00:00:00-05:00,95.5,98.0,91.80000305175781,93.0,29608,0.0,0.0
2021-01-07 00:00:00-05:00,97.0,98.0,93.0,96.0,29563,0.0,0.0
2021-01-08 00:00:00-05:00,97.80000305175781,110.0,96.0,110.0,76028,0.0,0.0
2021-01-11 00:00:00-05:00,117.0,117.0,101.0,106.0,75291,0.0,0.0
2021-01-12 00:00:00-05:00,109.0,119.0,109.0,113.0,54690,0.0,0.0
2021-01-13 00:00:00-05:00,113.0,115.0,105.0,109.0,39581,0.0,0.0
2021-01-14 00:00:00-05:00,110.0,112.0,105.0,110.0,28825,0.0,0.0
2021-01-15 00:00:00-05:00,106.19999694824219,109.0,104.0,105.0,31371,0.0,0.0
2021-01-19 00:00:00-05:00,106.0,108.0,104.0,108.0,44773,0.0,0.0
2021-01-20 00:00:00-05:00,109.0,110.0,105.0,109.0,36768,0.0,0.0
2021-01-21 00:00:00-05:00,115.0,136.0,113.0,131.0,337169,0.0,0.0
2021-01-22 00:00:00-05:00,121.0,136.0,121.0,127.0,155896,0.0,0.0
2021-01-25 00:00:00-05:00,132.0,133.0,122.0,124.0,61056,0.0,0.0
2021-01-26 00:00:00-05:00,127.0,128.0,122.0,126.0,42717,0.0,0.0
2021-01-27 00:00:00-05:00,120.0,124.0,113.0,117.0,53978,0.0,0.0
2021-01-28 00:00:00-05:00,113.0,116.0,111.0,112.0,53153,0.0,0.0
2021-01-29 00:00:00-05:00,110.0,113.0,108.0,110.0,41215,0.0,0.0
2021-02-01 00:00:00-05:00,112.0,130.0,106.0,123.0,81716,0.0,0.0
2021-02-02 00:00:00-05:00,120.0,121.0,112.0,115.0,55678,0.0,0.0
2021-02-03 00:00:00-05:00,119.0,125.0,114.0,120.0,52913,0.0,0.0
2021-02-04 00:00:00-05:00,127.0,146.0,123.0,139.0,184914,0.0,0.0
2021-02-05 00:00:00-05:00,152.0,158.0,137.0,145.0,133993,0.0,0.0
2021-02-08 00:00:00-05:00,147.0,153.0,136.0,141.0,72115,0.0,0.0
2021-02-09 00:00:00-05:00,146.0,155.0,141.0,150.0,67026,0.0,0.0
2021-02-10 00:00:00-05:00,156.0,175.0,151.5,160.0,134149,0.0,0.0
2021-02-11 00:00:00-05:00,156.0,160.0,143.0,151.0,60543,0.0,0.0
2021-02-12 00:00:00-05:00,145.0,157.0,140.0,154.0,54569,0.0,0.0
2021-02-16 00:00:00-05:00,159.0,162.0,153.0,158.0,86949,0.0,0.0
2021-02-17 00:00:00-05:00,158.8000030517578,159.0,149.0,151.0,62591,0.0,0.0
2021-02-18 00:00:00-05:00,143.0,148.5,135.0,143.0,56301,0.0,0.0
2021-02-19 00:00:00-05:00,141.0,150.0,140.0,142.0,29696,0.0,0.0
2021-02-22 00:00:00-05:00,145.0,145.0,134.0,138.0,36973,0.0,0.0
2021-02-23 00:00:00-05:00,128.0,130.0,116.0,124.0,59721,0.0,0.0
2021-02-24 00:00:00-05:00,127.0,132.8000030517578,124.0,127.0,25988,0.0,0.0
2021-02-25 00:00:00-05:00,128.0,130.0,114.0,119.0,42160,0.0,0.0
2021-02-26 00:00:00-05:00,112.0,120.0,111.0,116.0,37434,0.0,0.0
2021-03-01 00:00:00-05:00,120.0,125.0,117.0,125.0,25933,0.0,0.0
2021-03-02 00:00:00-05:00,125.0,126.5,118.0,121.0,19607,0.0,0.0
2021-03-03 00:00:00-05:00,121.0,121.0,111.0,112.0,24106,0.0,0.0
2021-03-04 00:00:00-05:00,110.0,113.0,100.0,104.0,56359,0.0,0.0
2021-03-05 00:00:00-05:00,106.0,111.0,95.0,107.0,37345,0.0,0.0
2021-03-08 00:00:00-05:00,104.0,115.0,103.0,114.0,31965,0.0,0.0
2021-03-09 00:00:00-05:00,115.0,121.0,108.0,112.0,38655,0.0,0.0
2021-03-10 00:00:00-05:00,115.0,117.0,109.0,114.0,26917,0.0,0.0
2021-03-11 00:00:00-05:00,118.0,121.0,113.0,120.0,32635,0.0,0.0
2021-03-12 00:00:00-05:00,115.0,120.0,115.0,117.0,17905,0.0,0.0
2021-03-15 00:00:00-04:00,120.0,123.0,117.0,120.0,23128,0.0,0.0
2021-03-16 00:00:00-04:00,121.0,123.0,114.0,118.0,22837,0.0,0.0
2021-03-17 00:00:00-04:00,114.0,118.5,113.0,118.0,12403,0.0,0.0
2021-03-18 00:00:00-04:00,116.0,125.0,115.5,119.0,26446,0.0,0.0
2021-03-19 00:00:00-04:00,118.0,120.0,108.0,114.0,22475,0.0,0.0
2021-03-22 00:00:00-04:00,115.0,116.0,110.0,110.0,19161,0.0,0.0
2021-03-23 00:00:00-04:00,110.0,110.0,104.0,107.0,28198,0.0,0.0
2021-03-24 00:00:00-04:00,105.0,108.0,101.0,102.0,33014,0.0,0.0
2021-03-25 00:00:00-04:00,101.0,107.0,100.0,103.0,23504,0.0,0.0
2021-03-26 00:00:00-04:00,105.0,106.0,100.0,103.0,33027,0.0,0.0
2021-03-29 00:00:00-04:00,103.0,104.0,100.0,102.0,16702,0.0,0.0
2021-03-30 00:00:00-04:00,101.0,105.0,96.0999984741211,104.0,39334,0.0,0.0
2021-03-31 00:00:00-04:00,105.0,117.0,104.0,117.0,65896,0.0,0.0
2021-04-01 00:00:00-04:00,131.0,202.0,122.0,197.0,3478172,0.0,0.0
2021-04-05 00:00:00-04:00,173.0,191.5,146.0,150.0,525075,0.0,0.0
2021-04-06 00:00:00-04:00,149.39999389648438,172.0,148.0,157.0,218982,0.0,0.0
2021-04-07 00:00:00-04:00,154.0,166.0,139.0,143.0,118790,0.0,0.0
2021-04-08 00:00:00-04:00,141.0,147.0,135.0,136.0,64752,0.0,0.0
2021-04-09 00:00:00-04:00,137.0,145.0,132.0,140.0,67230,0.0,0.0
2021-04-12 00:00:00-04:00,137.0,140.0,125.0,126.0,51517,0.0,0.0
2021-04-13 00:00:00-04:00,126.0,135.0,125.0,126.0,36456,0.0,0.0
2021-04-14 00:00:00-04:00,125.0,131.8000030517578,121.0,124.0,45221,0.0,0.0
2021-04-15 00:00:00-04:00,124.0,126.0,119.0,123.0,40416,0.0,0.0
2021-04-16 00:00:00-04:00,122.0,136.0,119.0,131.0,87118,0.0,0.0
2021-04-19 00:00:00-04:00,134.0,134.0,120.0,122.0,59384,0.0,0.0
2021-04-20 00:00:00-04:00,123.0,125.0,119.0,122.0,44600,0.0,0.0
2021-04-21 00:00:00-04:00,133.0,146.0,124.0,128.0,256917,0.0,0.0
2021-04-22 00:00:00-04:00,145.0,146.0,130.0,136.0,381311,0.0,0.0
2021-04-23 00:00:00-04:00,133.0,246.0,132.0,215.0,732133,0.0,0.0
2021-04-26 00:00:00-04:00,201.0,227.0,183.0,216.0,437961,0.0,0.0
2021-04-27 00:00:00-04:00,212.0,214.5,193.0,203.0,130870,0.0,0.0
2021-04-28 00:00:00-04:00,188.39999389648438,326.0,188.0,295.0,1302906,0.0,0.0
2021-04-29 00:00:00-04:00,302.0,339.0,266.0,283.0,664023,0.0,0.0
2021-04-30 00:00:00-04:00,280.0,317.0,270.0,301.0,320963,0.0,0.0
2021-05-03 00:00:00-04:00,305.0,360.0,287.0,293.0,451295,0.0,0.0
2021-05-04 00:00:00-04:00,288.0,292.0,240.0,269.0,191754,0.0,0.0
2021-05-05 00:00:00-04:00,263.0,294.0,257.0,264.0,139564,0.0,0.0
2021-05-06 00:00:00-04:00,266.0,294.0,261.0,280.0,172643,0.0,0.0
2021-05-07 00:00:00-04:00,282.0,296.0,270.0,283.0,106484,0.0,0.0
2021-05-10 00:00:00-04:00,283.0,289.0,259.0,259.0,75458,0.0,0.0
2021-05-11 00:00:00-04:00,242.0,298.0,232.0,256.0,122717,0.0,0.0
2021-05-12 00:00:00-04:00,257.0,268.0,253.0,259.0,62513,0.0,0.0
2021-05-13 00:00:00-04:00,261.0,283.0,250.0,257.0,82467,0.0,0.0
2021-05-14 00:00:00-04:00,259.8999938964844,278.0,257.0,273.0,66352,0.0,0.0
2021-05-17 00:00:00-04:00,275.0,284.0,264.0,282.0,66068,0.0,0.0
2021-05-18 00:00:00-04:00,284.0,327.0,276.0,318.0,120956,0.0,0.0
2021-05-19 00:00:00-04:00,301.0,339.0,295.0,333.0,118941,0.0,0.0
2021-05-20 00:00:00-04:00,340.0,350.0,318.0,342.0,66178,0.0,0.0
2021-05-21 00:00:00-04:00,349.0,368.0,334.0,349.0,97649,0.0,0.0
2021-05-24 00:00:00-04:00,346.0,347.0,314.0,325.0,81985,0.0,0.0
2021-05-25 00:00:00-04:00,330.0,337.0,321.0,324.0,44560,0.0,0.0
2021-05-26 00:00:00-04:00,324.0,335.0,311.0,328.0,43087,0.0,0.0
2021-05-27 00:00:00-04:00,328.0,382.5,328.0,380.0,119038,0.0,0.0
2021-05-28 00:00:00-04:00,379.20001220703125,415.0,365.0,370.0,106917,0.0,0.0
2021-06-01 00:00:00-04:00,392.0,486.5,383.1000061035156,454.0,146173,0.0,0.0
2021-06-02 00:00:00-04:00,472.0,478.0,422.0,437.0,74363,0.0,0.0
2021-06-03 00:00:00-04:00,425.0,437.0,402.0,416.0,58079,0.0,0.0
2021-06-04 00:00:00-04:00,417.0,445.0,416.0,434.0,37183,0.0,0.0
2021-06-07 00:00:00-04:00,441.0,506.0,441.0,480.0,94334,0.0,0.0
2021-06-08 00:00:00-04:00,501.5,533.0,436.0,456.0,128595,0.0,0.0
2021-06-09 00:00:00-04:00,463.0,489.0,443.0,455.0,44327,0.0,0.0
2021-06-10 00:00:00-04:00,459.0,497.0,452.0,488.0,63612,0.0,0.0
2021-06-11 00:00:00-04:00,494.0,515.5,474.1000061035156,509.0,52302,0.0,0.0
2021-06-14 00:00:00-04:00,515.7999877929688,547.0,511.0,518.0,60665,0.0,0.0
2021-06-15 00:00:00-04:00,582.0,582.0,405.0,451.0,374394,0.0,0.0
2021-06-16 00:00:00-04:00,430.0,441.0,372.0,394.0,190389,0.0,0.0
2021-06-17 00:00:00-04:00,379.0,445.0,378.0,401.0,126970,0.0,0.0
2021-06-18 00:00:00-04:00,401.20001220703125,411.0,376.0,383.0,54959,0.0,0.0
2021-06-21 00:00:00-04:00,383.0,389.0,365.5,379.0,43932,0.0,0.0
2021-06-22 00:00:00-04:00,374.0,375.0,340.20001220703125,348.0,55902,0.0,0.0
2021-06-23 00:00:00-04:00,360.70001220703125,388.0,347.0,374.0,51165,0.0,0.0
2021-06-24 00:00:00-04:00,396.0,427.0,380.0,411.0,108383,0.0,0.0
2021-06-25 00:00:00-04:00,405.5,432.0,400.0,415.0,49145,0.0,0.0
2021-06-28 00:00:00-04:00,422.0,423.0,410.0,419.0,27392,0.0,0.0
2021-06-29 00:00:00-04:00,416.0,419.0,375.0,383.0,61480,0.0,0.0
2021-06-30 00:00:00-04:00,386.0,393.0,373.0,385.0,40957,0.0,0.0
2021-07-01 00:00:00-04:00,385.0,394.0,364.0,380.0,41305,0.0,0.0
2021-07-02 00:00:00-04:00,375.0,377.0,351.0,367.0,35445,0.0,0.0
2021-07-06 00:00:00-04:00,361.0,375.0,338.0,352.0,49230,0.0,0.0
2021-07-07 00:00:00-04:00,358.0,367.0,320.0,331.0,41415,0.0,0.0
2021-07-08 00:00:00-04:00,311.0,359.3999938964844,307.0,347.0,45792,0.0,0.0
2021-07-09 00:00:00-04:00,351.0,354.0,338.0,346.0,18102,0.0,0.0
2021-07-12 00:00:00-04:00,348.0,350.0,332.0,336.0,20885,0.0,0.0
2021-07-13 00:00:00-04:00,352.0,388.5,346.0,366.0,65450,0.0,0.0
2021-07-14 00:00:00-04:00,376.0,382.0,348.0,351.0,37371,0.0,0.0
2021-07-15 00:00:00-04:00,345.0,364.0,337.0,360.0,28404,0.0,0.0
2021-07-16 00:00:00-04:00,357.20001220703125,360.0,329.0,332.0,24585,0.0,0.0
2021-07-19 00:00:00-04:00,315.0,344.0,313.0,331.0,24044,0.0,0.0
2021-07-20 00:00:00-04:00,334.0,344.0,315.5,340.0,20334,0.0,0.0
2021-07-21 00:00:00-04:00,353.0,356.0,341.0,353.0,24944,0.0,0.0
2021-07-22 00:00:00-04:00,356.0,356.0,338.0,344.0,24548,0.0,0.0
2021-07-23 00:00:00-04:00,340.0,340.0,309.0,317.0,34857,0.0,0.0
2021-07-26 00:00:00-04:00,310.0,337.0,305.0,327.5,34290,0.0,0.0
2021-07-27 00:00:00-04:00,322.0,329.0,287.5,306.0,55954,0.0,0.0
2021-07-28 00:00:00-04:00,311.0,329.0,311.0,325.0,20240,0.0,0.0
2021-07-29 00:00:00-04:00,329.0,386.5,323.5,377.0,109145,0.0,0.0
2021-07-30 00:00:00-04:00,357.0,374.0,330.0,368.0,60815,0.0,0.0
2021-08-02 00:00:00-04:00,368.0,410.0,359.0,395.0,61756,0.0,0.0
2021-08-03 00:00:00-04:00,396.0,396.0,366.0,371.0,30716,0.0,0.0
2021-08-04 00:00:00-04:00,369.0,379.8999938964844,350.0,352.0,20636,0.0,0.0
2021-08-05 00:00:00-04:00,352.0,364.0,343.0,354.0,14371,0.0,0.0
2021-08-06 00:00:00-04:00,364.0,364.0,343.0,346.0,14689,0.0,0.0
2021-08-09 00:00:00-04:00,348.0,359.0,343.0,348.0,14064,0.0,0.0
2021-08-10 00:00:00-04:00,353.0,379.0,353.0,356.0,29370,0.0,0.0
2021-08-11 00:00:00-04:00,359.0,362.20001220703125,343.0,355.0,15852,0.0,0.0
2021-08-12 00:00:00-04:00,354.0,354.0,338.0,343.0,13769,0.0,0.0
2021-08-13 00:00:00-04:00,340.0,342.0,316.0,321.0,23962,0.0,0.0
2021-08-16 00:00:00-04:00,316.0,320.0,302.0,303.0,23339,0.0,0.0
2021-08-17 00:00:00-04:00,290.0,313.0,285.0,295.0,29984,0.0,0.0
2021-08-18 00:00:00-04:00,303.0,333.0,303.0,320.0,36155,0.0,0.0
2021-08-19 00:00:00-04:00,315.0,329.0,302.5,307.0,19432,0.0,0.0
2021-08-20 00:00:00-04:00,308.0,315.0,303.0,309.0,10256,0.0,0.0
2021-08-23 00:00:00-04:00,328.0,335.0,317.6000061035156,328.0,23727,0.0,0.0
2021-08-24 00:00:00-04:00,333.0,353.0,329.0,349.0,29637,0.0,0.0
2021-08-25 00:00:00-04:00,344.0,349.79998779296875,337.5,341.0,16667,0.0,0.0
2021-08-26 00:00:00-04:00,338.0,359.0,333.0,343.0,17573,0.0,0.0
2021-08-27 00:00:00-04:00,342.0,362.0,342.0,360.0,16968,0.0,0.0
2021-08-30 00:00:00-04:00,358.0,360.0,331.0,335.0,16410,0.0,0.0
2021-08-31 00:00:00-04:00,344.0,368.0,341.0,357.0,30298,0.0,0.0
2021-09-01 00:00:00-04:00,347.0,363.0,343.0,345.0,14542,0.0,0.0
2021-09-02 00:00:00-04:00,348.0,362.0,343.5,344.0,21170,0.0,0.0
2021-09-03 00:00:00-04:00,344.0,347.0,328.0,332.0,13896,0.0,0.0
2021-09-07 00:00:00-04:00,340.0,344.8999938964844,330.0,335.0,12999,0.0,0.0
2021-09-08 00:00:00-04:00,336.0,339.0,323.0,332.0,13891,0.0,0.0
2021-09-09 00:00:00-04:00,329.5,348.0,323.5,339.0,14194,0.0,0.0
2021-09-10 00:00:00-04:00,344.0,348.0,328.0,329.0,8746,0.0,0.0
2021-09-13 00:00:00-04:00,326.0,330.0,314.0,320.0,11684,0.0,0.0
2021-09-14 00:00:00-04:00,318.0,320.0,297.0,300.0,17670,0.0,0.0
2021-09-15 00:00:00-04:00,310.1000061035156,310.1000061035156,296.0,301.0,14610,0.0,0.0
2021-09-16 00:00:00-04:00,301.0,302.0,289.0,291.0,17490,0.0,0.0
2021-09-17 00:00:00-04:00,296.5,302.0,291.0,299.0,14381,0.0,0.0
2021-09-20 00:00:00-04:00,286.0,290.0,261.0,269.0,39181,0.0,0.0
2021-09-21 00:00:00-04:00,273.0,292.5,267.0,287.0,24058,0.0,0.0
2021-09-22 00:00:00-04:00,289.0,297.8999938964844,282.5,288.0,18163,0.0,0.0
2021-09-23 00:00:00-04:00,288.5,305.0,285.0,296.0,56111,0.0,0.0
2021-09-24 00:00:00-04:00,309.0,318.0,280.0,289.0,40211,0.0,0.0
2021-09-27 00:00:00-04:00,287.0,288.1000061035156,276.79998779296875,285.0,27798,0.0,0.0
2021-09-28 00:00:00-04:00,277.79998779296875,284.0,260.0,265.0,27798,0.0,0.0
2021-09-29 00:00:00-04:00,265.0,274.0,261.5,267.0,13604,0.0,0.0
2021-09-30 00:00:00-04:00,270.0,278.0,262.0,276.0,14044,0.0,0.0
2021-10-01 00:00:00-04:00,279.0,284.0,271.0,277.0,9668,0.0,0.0
2021-10-04 00:00:00-04:00,275.0,275.0,260.0,263.0,9978,0.0,0.0
2021-10-05 00:00:00-04:00,264.0,269.0,259.0,265.0,10989,0.0,0.0
2021-10-06 00:00:00-04:00,260.0,263.0,252.0,257.0,10025,0.0,0.0
2021-10-07 00:00:00-04:00,262.0,273.0,262.0,269.0,9295,0.0,0.0
2021-10-08 00:00:00-04:00,274.0,278.0,271.0,274.0,8122,0.0,0.0
2021-10-11 00:00:00-04:00,275.0,278.0,262.0,266.0,12704,0.0,0.0
2021-10-12 00:00:00-04:00,266.0,272.0,259.0,263.0,12744,0.0,0.0
2021-10-13 00:00:00-04:00,265.0,266.0,255.0,263.0,11810,0.0,0.0
2021-10-14 00:00:00-04:00,265.0,265.0,250.0,256.0,16849,0.0,0.0
2021-10-15 00:00:00-04:00,256.0,259.0,249.0,251.0,12077,0.0,0.0
2021-10-18 00:00:00-04:00,251.0,252.89999389648438,237.0,246.0,17137,0.0,0.0
2021-10-19 00:00:00-04:00,247.0,258.5,243.0,257.0,15653,0.0,0.0
2021-10-20 00:00:00-04:00,262.0,268.0,255.89999389648438,262.0,11256,0.0,0.0
2021-10-21 00:00:00-04:00,259.0,266.0,249.0,250.0,11165,0.0,0.0
2021-10-22 00:00:00-04:00,250.0,251.0,240.0,241.0,15425,0.0,0.0
2021-10-25 00:00:00-04:00,241.0,246.0,238.0,243.0,9034,0.0,0.0
2021-10-26 00:00:00-04:00,244.0,244.0,235.0,235.0,12477,0.0,0.0
2021-10-27 00:00:00-04:00,234.0,243.0,227.39999389648438,230.0,16459,0.0,0.0
2021-10-28 00:00:00-04:00,226.0,256.0,225.0,233.0,25592,0.0,0.0
2021-10-29 00:00:00-04:00,236.0,251.0,223.0,240.0,25578,0.0,0.0
2021-11-01 00:00:00-04:00,243.0,246.0,239.0,244.0,7783,0.0,0.0
2021-11-02 00:00:00-04:00,244.0,244.0,228.0,231.0,18041,0.0,0.0
2021-11-03 00:00:00-04:00,231.0,235.0,224.5,228.0,8597,0.0,0.0
2021-11-04 00:00:00-04:00,232.5,232.5,218.0,223.0,12714,0.0,0.0
2021-11-05 00:00:00-04:00,225.0,225.0,214.0,221.0,13650,0.0,0.0
2021-11-08 00:00:00-05:00,223.0,230.0,221.0,225.0,10185,0.0,0.0
2021-11-09 00:00:00-05:00,226.0,229.0,217.0,226.0,8835,0.0,0.0
2021-11-10 00:00:00-05:00,223.0,229.0,221.0,222.0,9746,0.0,0.0
2021-11-11 00:00:00-05:00,224.0,230.0,221.0,227.0,7457,0.0,0.0
2021-11-12 00:00:00-05:00,229.0,257.0,226.0,254.0,43151,0.0,0.0
2021-11-15 00:00:00-05:00,255.0,267.0,245.0,256.0,20460,0.0,0.0
2021-11-16 00:00:00-05:00,258.0,262.0,246.0,255.0,11211,0.0,0.0
2021-11-17 00:00:00-05:00,253.5,262.0,249.5,252.0,10171,0.0,0.0
2021-11-18 00:00:00-05:00,251.0,251.0,235.0,237.0,11046,0.0,0.0
2021-11-19 00:00:00-05:00,235.0,241.0,230.0,230.0,6099,0.0,0.0
2021-11-22 00:00:00-05:00,228.0,244.0,221.0,224.0,11159,0.0,0.0
2021-11-23 00:00:00-05:00,226.0,229.5,214.0,226.0,13028,0.0,0.0
2021-11-24 00:00:00-05:00,221.0,237.0,221.0,234.0,9343,0.0,0.0
2021-11-26 00:00:00-05:00,223.0,233.0,219.0,224.0,13853,0.0,0.0
2021-11-29 00:00:00-05:00,227.0,227.0,218.0,225.0,11730,0.0,0.0
2021-11-30 00:00:00-05:00,227.0,232.0,213.0,221.0,74340,0.0,0.0
2021-12-01 00:00:00-05:00,224.0,224.0,189.0,195.0,17946,0.0,0.0
2021-12-02 00:00:00-05:00,185.0,196.0,171.0,178.0,26230,0.0,0.0
2021-12-03 00:00:00-05:00,178.0,179.0,154.0,159.0,33074,0.0,0.0
2021-12-06 00:00:00-05:00,156.0,170.0,154.0,168.0,16055,0.0,0.0
2021-12-07 00:00:00-05:00,170.0,183.5,170.0,178.0,9859,0.0,0.0
2021-12-08 00:00:00-05:00,178.0,188.0,172.10000610351562,183.0,7017,0.0,0.0
2021-12-09 00:00:00-05:00,185.0,187.0,179.5,183.0,9421,0.0,0.0
2021-12-10 00:00:00-05:00,185.0,190.0,177.0,179.0,5385,0.0,0.0
2021-12-13 00:00:00-05:00,176.0,177.0,166.0,171.0,10973,0.0,0.0
2021-12-14 00:00:00-05:00,174.3000030517578,177.0,168.0,168.0,7779,0.0,0.0
2021-12-15 00:00:00-05:00,179.0,179.0,157.0,168.0,34083,0.0,0.0
2021-12-16 00:00:00-05:00,170.0,170.0,155.0,157.0,12510,0.0,0.0
2021-12-17 00:00:00-05:00,156.0,157.5,147.0,155.0,10834,0.0,0.0
2021-12-20 00:00:00-05:00,143.0,145.0,138.0,138.0,11797,0.0,0.0
2021-12-21 00:00:00-05:00,141.0,150.0,141.0,146.0,9276,0.0,0.0
2021-12-22 00:00:00-05:00,144.0,153.0,141.0,149.0,8752,0.0,0.0
2021-12-23 00:00:00-05:00,149.0,150.0,142.0,147.0,4440,0.0,0.0
2021-12-27 00:00:00-05:00,145.0,149.6999969482422,141.0,143.0,13282,0.0,0.0
2021-12-28 00:00:00-05:00,140.0,144.0,138.0,139.0,6831,0.0,0.0
2021-12-29 00:00:00-05:00,136.0,138.8000030517578,132.0,133.0,8095,0.0,0.0
2021-12-30 00:00:00-05:00,135.0,147.0,133.0,141.0,11484,0.0,0.0
2021-12-31 00:00:00-05:00,142.0,164.0,142.0,158.0,25395,0.0,0.0
2022-01-03 00:00:00-05:00,154.0,159.0,150.5,157.0,9491,0.0,0.0
2022-01-04 00:00:00-05:00,156.0,156.0,141.0,145.0,8167,0.0,0.0
2022-01-05 00:00:00-05:00,144.0,146.0,136.0,137.0,5622,0.0,0.0
2022-01-06 00:00:00-05:00,139.0,140.1999969482422,128.0,136.0,7473,0.0,0.0
2022-01-07 00:00:00-05:00,135.0,140.8000030517578,127.5,128.0,8791,0.0,0.0
2022-01-10 00:00:00-05:00,128.0,128.0,120.0,125.0,12092,0.0,0.0
2022-01-11 00:00:00-05:00,125.0,135.0,125.0,128.0,11255,0.0,0.0
2022-01-12 00:00:00-05:00,132.0,134.0,126.0,128.0,7761,0.0,0.0
2022-01-13 00:00:00-05:00,129.5,132.0,123.0,124.0,9122,0.0,0.0
2022-01-14 00:00:00-05:00,128.0,128.0,120.0,124.0,7273,0.0,0.0
2022-01-18 00:00:00-05:00,122.0,135.0,121.0,133.0,9774,0.0,0.0
2022-01-19 00:00:00-05:00,133.0,134.0,127.0,130.0,4179,0.0,0.0
2022-01-20 00:00:00-05:00,132.0,136.89999389648438,123.0,123.0,8395,0.0,0.0
2022-01-21 00:00:00-05:00,125.0,126.0,113.0,115.0,11046,0.0,0.0
2022-01-24 00:00:00-05:00,110.0,111.0,100.0,107.0,46131,0.0,0.0
2022-01-25 00:00:00-05:00,106.0,112.0,106.0,109.0,5938,0.0,0.0
2022-01-26 00:00:00-05:00,112.0,112.0,97.0,99.0,17267,0.0,0.0
2022-01-27 00:00:00-05:00,101.0,106.0,99.0,99.69999694824219,10098,0.0,0.0
2022-01-28 00:00:00-05:00,99.9000015258789,101.0,90.0,100.0,8385,0.0,0.0
2022-01-31 00:00:00-05:00,104.0,120.0,101.80000305175781,120.0,10548,0.0,0.0
2022-02-01 00:00:00-05:00,120.0,127.0,117.0,126.0,7734,0.0,0.0
2022-02-02 00:00:00-05:00,128.0,129.0,114.0,116.0,6755,0.0,0.0
2022-02-03 00:00:00-05:00,116.0,119.0,112.0,118.0,4280,0.0,0.0
2022-02-04 00:00:00-05:00,119.0,125.0,116.0,125.0,5088,0.0,0.0
2022-02-07 00:00:00-05:00,124.0,126.0,115.0,116.0,5406,0.0,0.0
2022-02-08 00:00:00-05:00,114.0,125.0,114.0,124.0,4982,0.0,0.0
2022-02-09 00:00:00-05:00,126.0,129.0,120.0,124.0,11391,0.0,0.0
2022-02-10 00:00:00-05:00,120.0,127.0,118.0,118.0,8186,0.0,0.0
2022-02-11 00:00:00-05:00,118.0,121.0,107.0,114.0,6785,0.0,0.0
2022-02-14 00:00:00-05:00,107.19999694824219,113.9000015258789,106.0,110.0,5255,0.0,0.0
2022-02-15 00:00:00-05:00,111.0,114.5,110.0,113.0,4889,0.0,0.0
2022-02-16 00:00:00-05:00,112.0,117.0,111.0,115.0,4033,0.0,0.0
2022-02-17 00:00:00-05:00,111.0,117.0,109.0,111.0,6355,0.0,0.0
2022-02-18 00:00:00-05:00,109.0,110.0,101.0,103.0,11442,0.0,0.0
2022-02-22 00:00:00-05:00,100.19999694824219,110.0,99.0,100.0,9942,0.0,0.0
2022-02-23 00:00:00-05:00,101.0,103.0,96.0,97.5,5744,0.0,0.0
2022-02-24 00:00:00-05:00,91.5,109.0,81.9000015258789,108.0,19861,0.0,0.0
2022-02-25 00:00:00-05:00,106.0,108.0,102.5,106.0,3186,0.0,0.0
2022-02-28 00:00:00-05:00,101.0,106.0,100.0,103.0,4693,0.0,0.0
2022-03-01 00:00:00-05:00,103.0,104.5,97.0999984741211,98.19999694824219,7336,0.0,0.0
2022-03-02 00:00:00-05:00,97.0,100.0,96.5,97.9000015258789,3500,0.0,0.0
2022-03-03 00:00:00-05:00,95.9000015258789,100.0,94.0,95.0,5409,0.0,0.0
2022-03-04 00:00:00-05:00,94.0,96.5,88.0999984741211,95.0,8338,0.0,0.0
2022-03-07 00:00:00-05:00,90.0,93.0,86.0,90.0,6891,0.0,0.0
2022-03-08 00:00:00-05:00,90.0,92.80000305175781,86.0,89.0999984741211,8347,0.0,0.0
2022-03-09 00:00:00-05:00,91.0,93.0,88.0,91.0,6875,0.0,0.0
2022-03-10 00:00:00-05:00,91.0,91.0999984741211,82.0,82.5,9312,0.0,0.0
2022-03-11 00:00:00-05:00,84.9000015258789,84.9000015258789,70.0,71.0,19823,0.0,0.0
2022-03-14 00:00:00-04:00,71.0,71.0,66.0,68.0,14173,0.0,0.0
2022-03-15 00:00:00-04:00,65.0,74.80000305175781,61.0,74.80000305175781,10397,0.0,0.0
2022-03-16 00:00:00-04:00,83.0,96.0,81.4000015258789,94.0,22489,0.0,0.0
2022-03-17 00:00:00-04:00,98.0,102.0,94.0,98.69999694824219,7138,0.0,0.0
2022-03-18 00:00:00-04:00,96.4000015258789,121.0,96.0,121.0,26378,0.0,0.0
2022-03-21 00:00:00-04:00,121.0,125.0,100.0,110.0,18132,0.0,0.0
2022-03-22 00:00:00-04:00,112.0,166.0,111.5,146.0,66144,0.0,0.0
2022-03-23 00:00:00-04:00,149.0,170.0,131.0,158.0,46771,0.0,0.0
2022-03-24 00:00:00-04:00,160.0,175.0,149.0,157.0,18547,0.0,0.0
2022-03-25 00:00:00-04:00,156.0,161.0,138.0,145.0,19452,0.0,0.0
2022-03-28 00:00:00-04:00,147.0,149.0,133.0,149.0,13644,0.0,0.0
2022-03-29 00:00:00-04:00,146.0,150.0,117.5,121.0,34885,0.0,0.0
2022-03-30 00:00:00-04:00,122.0,122.0,107.0999984741211,108.0,32514,0.0,0.0
2022-03-31 00:00:00-04:00,107.0,107.0,98.0,102.0,14688,0.0,0.0
2022-04-01 00:00:00-04:00,111.0,112.0,99.0999984741211,99.30000305175781,27134,0.0,0.0
2022-04-04 00:00:00-04:00,102.0,103.0,96.0,101.0,19375,0.0,0.0
2022-04-05 00:00:00-04:00,99.0,102.0,92.0,92.80000305175781,16608,0.0,0.0
2022-04-06 00:00:00-04:00,90.5,92.5,88.0,90.0,11640,0.0,0.0
2022-04-07 00:00:00-04:00,93.0,94.0,88.0,90.0,6055,0.0,0.0
2022-04-08 00:00:00-04:00,93.0,95.69999694824219,90.0,92.0999984741211,6972,0.0,0.0
2022-04-11 00:00:00-04:00,89.9000015258789,92.9000015258789,88.0,91.0999984741211,2979,0.0,0.0
2022-04-12 00:00:00-04:00,89.0,96.0999984741211,89.0,91.4000015258789,6891,0.0,0.0
2022-04-13 00:00:00-04:00,94.0,95.0,90.0,91.0,6263,0.0,0.0
2022-04-14 00:00:00-04:00,91.0,94.0,87.0,87.19999694824219,5816,0.0,0.0
2022-04-18 00:00:00-04:00,86.0999984741211,89.9000015258789,80.0,80.19999694824219,6131,0.0,0.0
2022-04-19 00:00:00-04:00,81.9000015258789,82.69999694824219,78.4000015258789,80.0,7518,0.0,0.0
2022-04-20 00:00:00-04:00,80.0,92.0,78.0,82.4000015258789,11700,0.0,0.0
2022-04-21 00:00:00-04:00,82.30000305175781,86.0,76.5,76.5,9240,0.0,0.0
2022-04-22 00:00:00-04:00,78.0,87.69999694824219,77.0,77.80000305175781,10527,0.0,0.0
2022-04-25 00:00:00-04:00,76.0,82.0999984741211,76.0,80.0,5952,0.0,0.0
2022-04-26 00:00:00-04:00,78.30000305175781,84.0,71.0,77.0999984741211,10580,0.0,0.0
2022-04-27 00:00:00-04:00,80.0,81.30000305175781,74.5,78.0,4485,0.0,0.0
2022-04-28 00:00:00-04:00,76.0,79.0999984741211,70.0,75.0,6084,0.0,0.0
2022-04-29 00:00:00-04:00,78.0,82.19999694824219,77.0,79.0999984741211,13459,0.0,0.0
2022-05-02 00:00:00-04:00,78.0,79.9000015258789,73.5,74.69999694824219,4595,0.0,0.0
2022-05-03 00:00:00-04:00,73.9000015258789,74.5,71.5,73.0,6816,0.0,0.0
2022-05-04 00:00:00-04:00,72.5,74.19999694824219,70.0,72.5999984741211,6906,0.0,0.0
2022-05-05 00:00:00-04:00,74.0,74.0,64.0,68.5,11527,0.0,0.0
2022-05-06 00:00:00-04:00,68.19999694824219,68.5999984741211,64.0,66.19999694824219,6672,0.0,0.0
2022-05-09 00:00:00-04:00,65.0,65.0999984741211,59.0,59.20000076293945,14236,0.0,0.0
2022-05-10 00:00:00-04:00,61.5,61.5,49.0,50.599998474121094,29683,0.0,0.0
2022-05-11 00:00:00-04:00,53.099998474121094,54.599998474121094,48.0,49.0,20358,0.0,0.0
2022-05-12 00:00:00-04:00,48.0,51.79999923706055,42.5,43.599998474121094,31998,0.0,0.0
2022-05-13 00:00:00-04:00,47.0,47.0,41.0,42.0,47131,0.0,0.0
2022-05-16 00:00:00-04:00,51.0,54.5,44.099998474121094,44.900001525878906,116045,0.0,0.0
2022-05-17 00:00:00-04:00,48.0,48.70000076293945,42.0,45.0,43181,0.0,0.0
2022-05-18 00:00:00-04:00,45.20000076293945,46.099998474121094,41.0,42.0,33623,0.0,0.0
2022-05-19 00:00:00-04:00,41.70000076293945,42.79999923706055,39.0,41.5,38350,0.0,0.0
2022-05-20 00:00:00-04:00,42.29999923706055,42.400001525878906,39.0,39.900001525878906,43352,0.0,0.0
2022-05-23 00:00:00-04:00,40.0,40.099998474121094,39.0,40.0,15408,0.0,0.0
2022-05-24 00:00:00-04:00,40.0,40.0,36.29999923706055,39.29999923706055,10466,0.0,0.0
2022-05-25 00:00:00-04:00,40.0,40.79999923706055,38.0,39.0,18978,0.0,0.0
2022-05-26 00:00:00-04:00,39.099998474121094,42.0,39.0,42.0,28341,0.0,0.0
2022-05-27 00:00:00-04:00,42.0,46.0,41.0,44.29999923706055,32147,0.0,0.0
2022-05-31 00:00:00-04:00,45.29999923706055,46.900001525878906,42.0,42.0,117426,0.0,0.0
2022-06-01 00:00:00-04:00,43.400001525878906,45.79999923706055,43.29999923706055,44.29999923706055,10887,0.0,0.0
2022-06-02 00:00:00-04:00,43.5,46.900001525878906,43.0,45.900001525878906,10659,0.0,0.0
2022-06-03 00:00:00-04:00,45.900001525878906,46.0,43.0,43.29999923706055,5196,0.0,0.0
2022-06-06 00:00:00-04:00,44.0,45.5,41.79999923706055,42.0,18164,0.0,0.0
2022-06-07 00:00:00-04:00,42.0,43.70000076293945,41.29999923706055,43.400001525878906,6057,0.0,0.0
2022-06-08 00:00:00-04:00,44.099998474121094,46.70000076293945,43.400001525878906,44.70000076293945,20089,0.0,0.0
2022-06-09 00:00:00-04:00,45.0,46.79999923706055,42.0,44.29999923706055,11771,0.0,0.0
2022-06-10 00:00:00-04:00,44.29999923706055,44.79999923706055,41.5,41.599998474121094,7695,0.0,0.0
2022-06-13 00:00:00-04:00,40.0,40.70000076293945,38.099998474121094,40.0,8856,0.0,0.0
2022-06-14 00:00:00-04:00,40.900001525878906,43.0,39.0,40.70000076293945,9405,0.0,0.0
2022-06-15 00:00:00-04:00,41.099998474121094,43.0,41.099998474121094,42.900001525878906,10680,0.0,0.0
2022-06-16 00:00:00-04:00,41.400001525878906,50.0,41.400001525878906,41.900001525878906,21708,0.0,0.0
2022-06-17 00:00:00-04:00,43.599998474121094,44.900001525878906,40.900001525878906,40.900001525878906,11503,0.0,0.0
2022-06-21 00:00:00-04:00,43.5,44.79999923706055,41.0,44.29999923706055,21486,0.0,0.0
2022-06-22 00:00:00-04:00,49.5,52.20000076293945,46.099998474121094,50.900001525878906,47246,0.0,0.0
2022-06-23 00:00:00-04:00,54.0,56.0,51.0,52.5,34886,0.0,0.0
2022-06-24 00:00:00-04:00,54.0,55.79999923706055,50.79999923706055,50.900001525878906,33072,0.0,0.0
2022-06-27 00:00:00-04:00,52.0,54.0,51.0,51.900001525878906,13826,0.0,0.0
2022-06-28 00:00:00-04:00,52.0,54.599998474121094,48.5,49.5,27243,0.0,0.0
2022-06-29 00:00:00-04:00,49.5,49.5,43.0,43.5,35364,0.0,0.0
2022-06-30 00:00:00-04:00,42.0,45.0,41.0,42.0,35350,0.0,0.0
2022-07-01 00:00:00-04:00,42.099998474121094,47.400001525878906,42.099998474121094,45.0,19908,0.0,0.0
2022-07-05 00:00:00-04:00,45.0,56.70000076293945,45.0,55.900001525878906,86986,0.0,0.0
2022-07-06 00:00:00-04:00,60.0,71.5999984741211,58.79999923706055,66.0,136780,0.0,0.0
2022-07-07 00:00:00-04:00,68.9000015258789,81.5,62.0,80.0,81233,0.0,0.0
2022-07-08 00:00:00-04:00,81.9000015258789,105.0,81.0,97.5,156138,0.0,0.0
2022-07-11 00:00:00-04:00,105.0,107.0,77.0,79.80000305175781,135478,0.0,0.0
2022-07-12 00:00:00-04:00,77.0,89.0,75.0999984741211,80.0,58229,0.0,0.0
2022-07-13 00:00:00-04:00,76.0,86.0,75.0,80.19999694824219,40715,0.0,0.0
2022-07-14 00:00:00-04:00,80.0,81.80000305175781,75.0999984741211,76.69999694824219,15045,0.0,0.0
2022-07-15 00:00:00-04:00,75.0,81.80000305175781,75.0,79.80000305175781,15462,0.0,0.0
2022-07-18 00:00:00-04:00,81.5999984741211,86.0,73.69999694824219,74.69999694824219,31255,0.0,0.0
2022-07-19 00:00:00-04:00,76.5999984741211,86.0,76.5999984741211,79.19999694824219,34838,0.0,0.0
2022-07-20 00:00:00-04:00,79.19999694824219,81.5999984741211,73.5,75.0,24366,0.0,0.0
2022-07-21 00:00:00-04:00,75.0999984741211,79.19999694824219,73.19999694824219,75.80000305175781,11498,0.0,0.0
2022-07-22 00:00:00-04:00,73.0999984741211,78.4000015258789,69.30000305175781,69.69999694824219,17405,0.0,0.0
2022-07-25 00:00:00-04:00,69.0,78.19999694824219,69.0,78.19999694824219,17649,0.0,0.0
2022-07-26 00:00:00-04:00,77.9000015258789,82.0,72.0,72.9000015258789,10411,0.0,0.0
2022-07-27 00:00:00-04:00,76.9000015258789,76.9000015258789,69.0,72.69999694824219,14284,0.0,0.0
2022-07-28 00:00:00-04:00,70.0999984741211,75.0,67.0999984741211,71.0,14755,0.0,0.0
2022-07-29 00:00:00-04:00,70.0,73.0,68.0,70.5,8278,0.0,0.0
2022-08-01 00:00:00-04:00,69.0,69.5,48.0,59.099998474121094,51037,0.0,0.0
2022-08-02 00:00:00-04:00,57.599998474121094,63.0,50.5,62.79999923706055,23758,0.0,0.0
2022-08-03 00:00:00-04:00,61.599998474121094,62.599998474121094,59.099998474121094,61.599998474121094,11821,0.0,0.0
2022-08-04 00:00:00-04:00,63.0,65.0,60.400001525878906,64.9000015258789,8023,0.0,0.0
2022-08-05 00:00:00-04:00,62.0,65.0,62.0,63.900001525878906,5562,0.0,0.0
2022-08-08 00:00:00-04:00,65.30000305175781,66.0,60.0,61.599998474121094,9712,0.0,0.0
2022-08-09 00:00:00-04:00,64.0,64.0,57.400001525878906,58.099998474121094,7894,0.0,0.0
2022-08-10 00:00:00-04:00,60.0,61.0,57.0,60.5,6115,0.0,0.0
2022-08-11 00:00:00-04:00,61.70000076293945,64.4000015258789,60.599998474121094,61.5,6758,0.0,0.0
2022-08-12 00:00:00-04:00,60.70000076293945,63.79999923706055,60.0,63.29999923706055,3615,0.0,0.0
2022-08-15 00:00:00-04:00,64.0,64.0,60.599998474121094,61.900001525878906,4566,0.0,0.0
2022-08-16 00:00:00-04:00,60.0,63.900001525878906,59.0,59.79999923706055,6267,0.0,0.0
2022-08-17 00:00:00-04:00,59.0,65.0,59.0,62.70000076293945,6391,0.0,0.0
2022-08-18 00:00:00-04:00,64.0,64.0,59.099998474121094,62.20000076293945,3796,0.0,0.0
2022-08-19 00:00:00-04:00,61.0,64.0,59.0,63.0,5238,0.0,0.0
2022-08-22 00:00:00-04:00,63.0,63.0,57.5,61.599998474121094,3714,0.0,0.0
2022-08-23 00:00:00-04:00,59.20000076293945,62.79999923706055,59.099998474121094,59.900001525878906,4283,0.0,0.0
2022-08-24 00:00:00-04:00,59.400001525878906,62.0,58.0,61.20000076293945,11382,0.0,0.0
2022-08-25 00:00:00-04:00,62.900001525878906,76.0,61.20000076293945,70.5,38112,0.0,0.0
2022-08-26 00:00:00-04:00,76.0,81.80000305175781,65.0,67.5,26924,0.0,0.0
2022-08-29 00:00:00-04:00,67.5,79.9000015258789,67.5,74.80000305175781,16221,0.0,0.0
2022-08-30 00:00:00-04:00,73.0,75.80000305175781,70.0,73.0,11304,0.0,0.0
2022-08-31 00:00:00-04:00,72.0,75.80000305175781,72.0,74.5999984741211,6513,0.0,0.0
2022-09-01 00:00:00-04:00,75.0,75.0,66.19999694824219,69.69999694824219,10703,0.0,0.0
2022-09-02 00:00:00-04:00,70.0,71.80000305175781,69.0,69.5,2504,0.0,0.0
2022-09-06 00:00:00-04:00,68.0,68.5,63.400001525878906,67.69999694824219,6676,0.0,0.0
2022-09-07 00:00:00-04:00,67.69999694824219,72.0,66.0999984741211,70.9000015258789,9510,0.0,0.0
2022-09-08 00:00:00-04:00,70.0,70.9000015258789,68.0,69.0999984741211,2712,0.0,0.0
2022-09-09 00:00:00-04:00,68.0,72.0,68.0,70.0,4755,0.0,0.0
2022-09-12 00:00:00-04:00,71.0999984741211,72.0,70.0,71.69999694824219,3923,0.0,0.0
2022-09-13 00:00:00-04:00,70.0,72.0,69.0999984741211,72.0,3085,0.0,0.0
2022-09-14 00:00:00-04:00,70.0,72.0,67.0,69.0,7278,0.0,0.0
2022-09-15 00:00:00-04:00,70.0,70.4000015258789,68.0,68.5,2760,0.0,0.0
2022-09-16 00:00:00-04:00,69.0,70.5,66.0,69.0,6621,0.0,0.0
2022-09-19 00:00:00-04:00,67.19999694824219,74.0,65.0,74.0,13034,0.0,0.0
2022-09-20 00:00:00-04:00,74.0,74.0,68.0,68.80000305175781,6859,0.0,0.0
2022-09-21 00:00:00-04:00,69.0,70.0,66.0,66.9000015258789,5480,0.0,0.0
2022-09-22 00:00:00-04:00,66.9000015258789,70.0,61.20000076293945,62.0,7353,0.0,0.0
2022-09-23 00:00:00-04:00,61.0,63.099998474121094,55.599998474121094,58.29999923706055,6892,0.0,0.0
2022-09-26 00:00:00-04:00,58.29999923706055,60.5,55.0,56.599998474121094,6207,0.0,0.0
2022-09-27 00:00:00-04:00,56.29999923706055,61.29999923706055,56.0,56.79999923706055,2058,0.0,0.0
2022-09-28 00:00:00-04:00,57.0,57.79999923706055,55.70000076293945,55.70000076293945,5409,0.0,0.0
2022-09-29 00:00:00-04:00,56.099998474121094,60.79999923706055,55.0,60.29999923706055,8121,0.0,0.0
2022-09-30 00:00:00-04:00,59.5,65.19999694824219,59.5,60.0,9067,0.0,0.0
2022-10-03 00:00:00-04:00,60.0,62.0,57.79999923706055,59.599998474121094,4758,0.0,0.0
2022-10-04 00:00:00-04:00,60.0,68.0,60.0,66.0,5411,0.0,0.0
2022-10-05 00:00:00-04:00,64.0,69.4000015258789,62.0,68.5999984741211,4926,0.0,0.0
2022-10-06 00:00:00-04:00,67.0,71.4000015258789,66.4000015258789,69.0,6328,0.0,0.0
2022-10-07 00:00:00-04:00,68.0,69.0,62.5,65.9000015258789,7830,0.0,0.0
2022-10-10 00:00:00-04:00,63.099998474121094,68.0,60.0,61.79999923706055,6442,0.0,0.0
2022-10-11 00:00:00-04:00,60.099998474121094,63.0,59.400001525878906,60.900001525878906,3016,0.0,0.0
2022-10-12 00:00:00-04:00,59.0,59.0,40.0,44.79999923706055,40866,0.0,0.0
2022-10-13 00:00:00-04:00,40.099998474121094,45.79999923706055,40.099998474121094,41.0,12904,0.0,0.0
2022-10-14 00:00:00-04:00,41.0,44.5,41.0,44.099998474121094,5480,0.0,0.0
2022-10-17 00:00:00-04:00,44.20000076293945,47.0,43.0,46.5,10565,0.0,0.0
2022-10-18 00:00:00-04:00,46.0,47.0,44.0,46.5,2952,0.0,0.0
2022-10-19 00:00:00-04:00,44.0,46.0,41.79999923706055,44.0,7149,0.0,0.0
2022-10-20 00:00:00-04:00,43.70000076293945,45.0,42.29999923706055,42.70000076293945,2656,0.0,0.0
2022-10-21 00:00:00-04:00,42.0,42.70000076293945,40.5,41.5,5391,0.0,0.0
2022-10-24 00:00:00-04:00,41.0,42.0,34.400001525878906,41.70000076293945,16752,0.0,0.0
2022-10-25 00:00:00-04:00,40.0,45.0,40.0,43.70000076293945,7836,0.0,0.0
2022-10-26 00:00:00-04:00,43.20000076293945,48.0,43.0,48.0,11469,0.0,0.0
2022-10-27 00:00:00-04:00,46.0,47.900001525878906,43.20000076293945,45.0,4432,0.0,0.0
2022-10-28 00:00:00-04:00,40.5,44.400001525878906,33.900001525878906,40.70000076293945,53250,0.0,0.0
2022-10-31 00:00:00-04:00,37.20000076293945,43.400001525878906,37.20000076293945,41.20000076293945,13850,0.0,0.0
2022-11-01 00:00:00-04:00,42.70000076293945,42.70000076293945,36.0,36.0,21140,0.0,0.0
2022-11-02 00:00:00-04:00,33.599998474121094,36.5,33.599998474121094,34.20000076293945,27780,0.0,0.0
2022-11-03 00:00:00-04:00,34.29999923706055,34.599998474121094,30.700000762939453,30.75,15680,0.0,0.0
2022-11-04 00:00:00-04:00,32.5,32.70000076293945,31.200000762939453,31.200000762939453,9740,0.0,0.0
2022-11-07 00:00:00-05:00,30.600000381469727,32.599998474121094,30.399999618530273,30.399999618530273,16930,0.0,0.0
2022-11-08 00:00:00-05:00,30.5,30.899999618530273,28.799999237060547,28.899999618530273,15230,0.0,0.0
2022-11-09 00:00:00-05:00,28.200000762939453,29.700000762939453,25.940000534057617,26.5,16950,0.0,0.0
2022-11-10 00:00:00-05:00,27.200000762939453,29.200000762939453,27.0,27.399999618530273,12750,0.0,0.0
2022-11-11 00:00:00-05:00,28.299999237060547,29.299999237060547,27.8799991607666,27.899999618530273,14460,0.0,0.0
2022-11-14 00:00:00-05:00,28.5,28.700000762939453,27.0,27.200000762939453,15240,0.0,0.0
2022-11-15 00:00:00-05:00,28.899999618530273,33.54999923706055,28.899999618530273,33.29999923706055,46120,0.0,0.0
2022-11-16 00:00:00-05:00,32.0,32.0,29.200000762939453,29.799999237060547,15570,0.0,0.0
2022-11-17 00:00:00-05:00,29.600000381469727,30.899999618530273,29.5,30.0,5780,0.0,0.0
2022-11-18 00:00:00-05:00,31.100000381469727,32.5,28.200000762939453,28.5,11810,0.0,0.0
2022-11-21 00:00:00-05:00,27.700000762939453,28.200000762939453,24.200000762939453,26.700000762939453,17240,0.0,0.0
2022-11-22 00:00:00-05:00,26.299999237060547,26.700000762939453,25.799999237060547,26.100000381469727,5280,0.0,0.0
2022-11-23 00:00:00-05:00,26.0,26.15999984741211,24.0,24.200000762939453,7450,0.0,0.0
2022-11-25 00:00:00-05:00,24.299999237060547,25.5,23.100000381469727,24.5,2420,0.0,0.0
2022-11-28 00:00:00-05:00,24.200000762939453,24.600000381469727,22.100000381469727,22.100000381469727,14360,0.0,0.0
2022-11-29 00:00:00-05:00,22.700000762939453,24.34000015258789,22.100000381469727,22.200000762939453,8190,0.0,0.0
2022-11-30 00:00:00-05:00,22.700000762939453,27.899999618530273,22.700000762939453,27.299999237060547,38270,0.0,0.0
2022-12-01 00:00:00-05:00,27.0,27.799999237060547,25.0,25.299999237060547,9000,0.0,0.0
2022-12-02 00:00:00-05:00,26.5,33.0,25.399999618530273,32.900001525878906,50090,0.0,0.0
2022-12-05 00:00:00-05:00,35.599998474121094,37.900001525878906,31.0,32.20000076293945,61230,0.0,0.0
2022-12-06 00:00:00-05:00,32.099998474121094,33.099998474121094,30.299999237060547,31.700000762939453,12690,0.0,0.0
2022-12-07 00:00:00-05:00,30.399999618530273,31.100000381469727,28.5,29.899999618530273,16700,0.0,0.0
2022-12-08 00:00:00-05:00,30.299999237060547,34.70000076293945,29.81999969482422,33.900001525878906,70620,0.0,0.0
2022-12-09 00:00:00-05:00,34.29999923706055,34.5,31.100000381469727,32.0,18930,0.0,0.0
2022-12-12 00:00:00-05:00,31.600000381469727,32.0,28.799999237060547,29.399999618530273,14810,0.0,0.0
2022-12-13 00:00:00-05:00,30.5,31.350000381469727,26.700000762939453,29.299999237060547,54700,0.0,0.0
2022-12-14 00:00:00-05:00,30.100000381469727,30.5,27.700000762939453,28.5,10330,0.0,0.0
2022-12-15 00:00:00-05:00,28.299999237060547,28.399999618530273,26.200000762939453,26.700000762939453,11980,0.0,0.0
2022-12-16 00:00:00-05:00,26.799999237060547,27.229999542236328,25.5,26.700000762939453,11610,0.0,0.0
2022-12-19 00:00:00-05:00,26.799999237060547,27.0,23.600000381469727,26.0,31520,0.0,0.0
2022-12-20 00:00:00-05:00,26.399999618530273,29.899999618530273,26.200000762939453,26.600000381469727,19940,0.0,0.0
2022-12-21 00:00:00-05:00,26.700000762939453,28.5,26.299999237060547,27.700000762939453,21860,0.0,0.0
2022-12-22 00:00:00-05:00,25.600000381469727,27.899999618530273,25.600000381469727,26.600000381469727,13220,0.0,0.0
2022-12-23 00:00:00-05:00,26.600000381469727,26.700000762939453,25.1299991607666,25.799999237060547,8790,0.0,0.0
2022-12-27 00:00:00-05:00,25.299999237060547,27.0,25.299999237060547,26.0,9210,0.0,0.0
2022-12-28 00:00:00-05:00,25.399999618530273,26.700000762939453,25.100000381469727,26.399999618530273,11930,0.0,0.0
2022-12-29 00:00:00-05:00,27.299999237060547,32.0,26.950000762939453,31.600000381469727,38560,0.0,0.0
2022-12-30 00:00:00-05:00,31.0,32.79999923706055,27.399999618530273,28.799999237060547,42860,0.0,0.0
2023-01-03 00:00:00-05:00,29.299999237060547,31.5,29.0,30.0,10560,0.0,0.0
2023-01-04 00:00:00-05:00,30.299999237060547,33.31999969482422,30.100000381469727,32.599998474121094,27100,0.0,0.0
2023-01-05 00:00:00-05:00,32.099998474121094,36.70000076293945,31.399999618530273,36.29999923706055,73430,0.0,0.0
2023-01-06 00:00:00-05:00,36.099998474121094,36.5,33.900001525878906,35.0,17540,0.0,0.0
2023-01-09 00:00:00-05:00,35.400001525878906,36.900001525878906,34.400001525878906,34.79999923706055,26720,0.0,0.0
2023-01-10 00:00:00-05:00,35.099998474121094,36.900001525878906,33.599998474121094,34.900001525878906,20420,0.0,0.0
2023-01-11 00:00:00-05:00,34.900001525878906,35.70000076293945,34.400001525878906,35.400001525878906,25010,0.0,0.0
2023-01-12 00:00:00-05:00,35.400001525878906,39.20000076293945,33.599998474121094,38.29999923706055,58990,0.0,0.0
2023-01-13 00:00:00-05:00,38.20000076293945,38.5,35.5,37.099998474121094,34460,0.0,0.0
2023-01-17 00:00:00-05:00,36.29999923706055,36.29999923706055,31.700000762939453,32.099998474121094,53160,0.0,0.0
2023-01-18 00:00:00-05:00,32.599998474121094,34.70000076293945,28.899999618530273,29.799999237060547,67660,0.0,0.0
2023-01-19 00:00:00-05:00,29.899999618530273,30.799999237060547,28.399999618530273,30.5,17560,0.0,0.0
2023-01-20 00:00:00-05:00,31.100000381469727,32.5,30.100000381469727,31.5,51120,0.0,0.0
2023-01-23 00:00:00-05:00,31.5,32.900001525878906,31.350000381469727,32.599998474121094,12820,0.0,0.0
2023-01-24 00:00:00-05:00,32.5,33.900001525878906,31.700000762939453,32.099998474121094,15130,0.0,0.0
2023-01-25 00:00:00-05:00,31.899999618530273,31.950000762939453,29.5,31.600000381469727,19440,0.0,0.0
2023-01-26 00:00:00-05:00,32.5,32.5,30.700000762939453,31.799999237060547,17030,0.0,0.0
2023-01-27 00:00:00-05:00,31.799999237060547,33.29999923706055,31.5,33.20000076293945,10590,0.0,0.0
2023-01-30 00:00:00-05:00,32.0,33.849998474121094,30.799999237060547,30.899999618530273,14070,0.0,0.0
2023-01-31 00:00:00-05:00,30.600000381469727,32.79999923706055,30.600000381469727,31.899999618530273,15180,0.0,0.0
2023-02-01 00:00:00-05:00,32.20000076293945,34.79999923706055,32.20000076293945,34.70000076293945,19520,0.0,0.0
2023-02-02 00:00:00-05:00,34.70000076293945,36.400001525878906,32.599998474121094,34.20000076293945,36870,0.0,0.0
2023-02-03 00:00:00-05:00,33.5,35.70000076293945,32.29999923706055,34.70000076293945,23170,0.0,0.0
2023-02-06 00:00:00-05:00,33.79999923706055,34.150001525878906,31.700000762939453,31.700000762939453,14110,0.0,0.0
2023-02-07 00:00:00-05:00,32.400001525878906,33.79999923706055,30.600000381469727,31.100000381469727,9920,0.0,0.0
2023-02-08 00:00:00-05:00,31.100000381469727,31.600000381469727,30.200000762939453,31.399999618530273,4990,0.0,0.0
2023-02-09 00:00:00-05:00,31.600000381469727,32.599998474121094,31.299999237060547,31.399999618530273,7550,0.0,0.0
2023-02-10 00:00:00-05:00,31.200000762939453,31.200000762939453,28.799999237060547,29.600000381469727,23350,0.0,0.0
2023-02-13 00:00:00-05:00,29.100000381469727,29.700000762939453,28.299999237060547,29.200000762939453,4950,0.0,0.0
2023-02-14 00:00:00-05:00,29.0,31.100000381469727,29.0,31.100000381469727,9080,0.0,0.0
2023-02-15 00:00:00-05:00,30.5,31.0,30.0,31.0,5930,0.0,0.0
2023-02-16 00:00:00-05:00,30.0,30.860000610351562,29.600000381469727,30.0,5130,0.0,0.0
2023-02-17 00:00:00-05:00,29.100000381469727,30.200000762939453,29.100000381469727,29.5,6430,0.0,0.0
2023-02-21 00:00:00-05:00,29.600000381469727,29.600000381469727,26.5,27.899999618530273,27170,0.0,0.0
2023-02-22 00:00:00-05:00,27.5,29.100000381469727,27.5,28.700000762939453,3180,0.0,0.0
2023-02-23 00:00:00-05:00,29.0,29.100000381469727,27.5,28.399999618530273,4230,0.0,0.0
2023-02-24 00:00:00-05:00,27.399999618530273,28.200000762939453,27.0,27.5,14900,0.0,0.0
2023-02-27 00:00:00-05:00,28.0,28.280000686645508,26.700000762939453,27.100000381469727,13050,0.0,0.0
2023-02-28 00:00:00-05:00,26.200000762939453,29.0,26.110000610351562,28.200000762939453,7650,0.0,0.0
2023-03-01 00:00:00-05:00,29.299999237060547,29.780000686645508,28.200000762939453,28.700000762939453,6240,0.0,0.0
2023-03-02 00:00:00-05:00,28.200000762939453,28.200000762939453,27.100000381469727,27.399999618530273,7070,0.0,0.0
2023-03-03 00:00:00-05:00,27.299999237060547,29.5,27.299999237060547,28.700000762939453,10140,0.0,0.0
2023-03-06 00:00:00-05:00,28.5,30.299999237060547,28.299999237060547,29.100000381469727,8430,0.0,0.0
2023-03-07 00:00:00-05:00,28.700000762939453,29.100000381469727,27.799999237060547,28.5,7280,0.0,0.0
2023-03-08 00:00:00-05:00,28.200000762939453,29.100000381469727,27.0,27.5,7630,0.0,0.0
2023-03-09 00:00:00-05:00,27.200000762939453,27.700000762939453,25.700000762939453,25.799999237060547,7470,0.0,0.0
2023-03-10 00:00:00-05:00,26.0,26.0,24.5,24.899999618530273,17880,0.0,0.0
2023-03-13 00:00:00-04:00,24.5,24.5,21.850000381469727,22.200000762939453,33180,0.0,0.0
2023-03-14 00:00:00-04:00,22.100000381469727,23.06999969482422,22.100000381469727,22.600000381469727,5160,0.0,0.0
2023-03-15 00:00:00-04:00,22.600000381469727,23.0,21.540000915527344,23.0,8850,0.0,0.0
2023-03-16 00:00:00-04:00,22.700000762939453,24.0,22.5,23.399999618530273,5050,0.0,0.0
2023-03-17 00:00:00-04:00,23.700000762939453,24.200000762939453,23.399999618530273,23.5,15100,0.0,0.0
2023-03-20 00:00:00-04:00,23.399999618530273,25.899999618530273,23.0,25.899999618530273,15950,0.0,0.0
2023-03-21 00:00:00-04:00,25.799999237060547,27.200000762939453,25.200000762939453,26.0,8680,0.0,0.0
2023-03-22 00:00:00-04:00,26.399999618530273,27.299999237060547,25.399999618530273,25.799999237060547,19700,0.0,0.0
2023-03-23 00:00:00-04:00,26.399999618530273,26.399999618530273,24.700000762939453,25.5,6450,0.0,0.0
2023-03-24 00:00:00-04:00,25.200000762939453,25.399999618530273,24.200000762939453,25.0,3860,0.0,0.0
2023-03-27 00:00:00-04:00,24.299999237060547,25.299999237060547,23.399999618530273,25.0,8370,0.0,0.0
2023-03-28 00:00:00-04:00,25.0,25.399999618530273,22.799999237060547,24.149999618530273,18560,0.0,0.0
2023-03-29 00:00:00-04:00,24.5,24.600000381469727,23.200000762939453,24.100000381469727,12980,0.0,0.0
2023-03-30 00:00:00-04:00,24.0,24.5,22.600000381469727,22.899999618530273,21850,0.0,0.0
2023-03-31 00:00:00-04:00,22.899999618530273,23.5,22.100000381469727,22.399999618530273,20300,0.0,0.0
2023-04-03 00:00:00-04:00,22.299999237060547,23.0,21.700000762939453,22.799999237060547,17620,0.0,0.0
2023-04-04 00:00:00-04:00,22.5,23.799999237060547,21.799999237060547,23.700000762939453,30640,0.0,0.0
2023-04-05 00:00:00-04:00,24.5,24.5,20.799999237060547,22.200000762939453,53300,0.0,0.0
2023-04-06 00:00:00-04:00,21.899999618530273,23.079999923706055,21.600000381469727,22.799999237060547,18640,0.0,0.0
2023-04-10 00:00:00-04:00,22.899999618530273,24.899999618530273,22.799999237060547,24.399999618530273,29490,0.0,0.0
2023-04-11 00:00:00-04:00,23.200000762939453,24.0,17.5,18.899999618530273,173580,0.0,0.0
2023-04-12 00:00:00-04:00,19.299999237060547,19.299999237060547,16.5,16.5,95740,0.0,0.0
2023-04-13 00:00:00-04:00,16.5,16.899999618530273,15.5,15.600000381469727,53200,0.0,0.0
2023-04-14 00:00:00-04:00,15.5,15.5,11.5,12.050000190734863,199080,0.0,0.0
2023-04-17 00:00:00-04:00,12.5,13.0,12.0,12.800000190734863,35500,0.0,0.0
2023-04-18 00:00:00-04:00,12.699999809265137,12.970000267028809,12.399999618530273,12.699999809265137,31670,0.0,0.0
2023-04-19 00:00:00-04:00,12.399999618530273,12.529999732971191,11.100000381469727,11.300000190734863,78980,0.0,0.0
2023-04-20 00:00:00-04:00,11.100000381469727,11.300000190734863,9.25,9.25,202720,0.0,0.0
2023-04-21 00:00:00-04:00,9.300000190734863,9.789999961853027,9.100000381469727,9.40999984741211,40090,0.0,0.0
2023-04-24 00:00:00-04:00,9.699999809265137,9.699999809265137,9.100000381469727,9.109999656677246,30550,0.0,0.0
2023-04-25 00:00:00-04:00,9.109999656677246,9.300000190734863,8.3100004196167,8.430000305175781,40990,0.0,0.0
2023-04-26 00:00:00-04:00,8.300000190734863,8.5,8.0,8.1899995803833,56750,0.0,0.0
2023-04-27 00:00:00-04:00,8.050000190734863,8.699999809265137,8.050000190734863,8.34000015258789,23540,0.0,0.0
2023-04-28 00:00:00-04:00,8.5,11.699999809265137,8.5,11.199999809265137,242030,0.0,0.0
2023-05-01 00:00:00-04:00,11.600000381469727,12.300000190734863,9.699999809265137,10.0,85300,0.0,0.0
2023-05-02 00:00:00-04:00,10.0,10.699999809265137,9.0,10.199999809265137,143250,0.0,0.0
2023-05-03 00:00:00-04:00,10.100000381469727,11.779999732971191,9.869999885559082,10.899999618530273,45930,0.0,0.0
2023-05-04 00:00:00-04:00,11.300000190734863,12.0,10.800000190734863,11.300000190734863,55020,0.0,0.0
2023-05-05 00:00:00-04:00,11.300000190734863,11.600000381469727,10.800000190734863,11.100000381469727,44640,0.0,0.0
2023-05-08 00:00:00-04:00,10.899999618530273,12.75,10.399999618530273,12.199999809265137,82700,0.0,0.0
2023-05-09 00:00:00-04:00,12.5,16.600000381469727,11.600000381469727,16.200000762939453,154540,0.0,0.0
2023-05-10 00:00:00-04:00,15.600000381469727,18.799999237060547,14.800000190734863,17.100000381469727,156530,0.0,0.0
2023-05-11 00:00:00-04:00,16.799999237060547,18.5,16.700000762939453,18.0,74470,0.0,0.0
2023-05-12 00:00:00-04:00,18.200000762939453,18.5,16.200000762939453,16.700000762939453,43800,0.0,0.0
2023-05-15 00:00:00-04:00,16.5,17.299999237060547,15.5,15.550000190734863,18380,0.0,0.0
2023-05-16 00:00:00-04:00,15.0,16.670000076293945,13.199999809265137,16.0,31090,0.0,0.0
2023-05-17 00:00:00-04:00,16.0,18.799999237060547,15.720000267028809,17.5,43060,0.0,0.0
2023-05-18 00:00:00-04:00,17.5,17.719999313354492,15.800000190734863,16.0,25350,0.0,0.0
2023-05-19 00:00:00-04:00,15.899999618530273,16.450000762939453,15.300000190734863,16.200000762939453,18630,0.0,0.0
2023-05-22 00:00:00-04:00,16.200000762939453,16.5,15.5,16.0,12040,0.0,0.0
2023-05-23 00:00:00-04:00,15.699999809265137,16.229999542236328,14.800000190734863,15.0,11400,0.0,0.0
2023-05-24 00:00:00-04:00,14.699999809265137,15.430000305175781,14.5,14.899999618530273,19130,0.0,0.0
2023-05-25 00:00:00-04:00,14.899999618530273,15.010000228881836,13.600000381469727,13.899999618530273,38750,0.0,0.0
2023-05-26 00:00:00-04:00,13.899999618530273,14.199999809265137,13.300000190734863,13.699999809265137,14790,0.0,0.0
2023-05-30 00:00:00-04:00,13.399999618530273,14.470000267028809,13.399999618530273,13.699999809265137,20610,0.0,0.0
2023-05-31 00:00:00-04:00,13.399999618530273,14.199999809265137,13.399999618530273,14.0,12900,0.0,0.0
2023-06-01 00:00:00-04:00,14.0,14.399999618530273,13.300000190734863,13.600000381469727,24060,0.0,0.0
2023-06-02 00:00:00-04:00,14.0,14.399999618530273,13.800000190734863,14.100000381469727,28610,0.0,0.0
2023-06-05 00:00:00-04:00,13.800000190734863,14.199999809265137,13.5,13.699999809265137,31010,0.0,0.0
2023-06-06 00:00:00-04:00,13.699999809265137,14.5,13.699999809265137,14.399999618530273,16160,0.0,0.0
2023-06-07 00:00:00-04:00,14.199999809265137,14.699999809265137,13.800000190734863,14.5,22470,0.0,0.0
2023-06-08 00:00:00-04:00,14.600000381469727,14.899999618530273,14.100000381469727,14.300000190734863,23220,0.0,0.0
2023-06-09 00:00:00-04:00,14.399999618530273,14.5,13.800000190734863,14.100000381469727,49740,0.0,0.0
2023-06-12 00:00:00-04:00,13.800000190734863,14.300000190734863,13.800000190734863,14.199999809265137,13680,0.0,0.0
2023-06-13 00:00:00-04:00,14.300000190734863,14.460000038146973,14.0,14.0,10650,0.0,0.0
2023-06-14 00:00:00-04:00,14.0,14.369999885559082,13.199999809265137,14.0,10330,0.0,0.0
2023-06-15 00:00:00-04:00,14.0,14.300000190734863,13.699999809265137,14.199999809265137,10090,0.0,0.0
2023-06-16 00:00:00-04:00,14.0,14.319999694824219,13.399999618530273,13.800000190734863,13100,0.0,0.0
2023-06-20 00:00:00-04:00,13.5,14.0,13.100000381469727,14.0,15040,0.0,0.0
2023-06-21 00:00:00-04:00,14.0,15.199999809265137,13.829999923706055,14.699999809265137,58990,0.0,0.0
2023-06-22 00:00:00-04:00,14.699999809265137,16.899999618530273,13.920000076293945,14.5,166400,0.0,0.0
2023-06-23 00:00:00-04:00,14.399999618530273,14.699999809265137,13.699999809265137,14.199999809265137,26210,0.0,0.0
2023-06-26 00:00:00-04:00,14.199999809265137,16.5,14.199999809265137,16.0,56960,0.0,0.0
2023-06-27 00:00:00-04:00,16.899999618530273,17.5,16.5,17.0,73690,0.0,0.0
2023-06-28 00:00:00-04:00,16.899999618530273,17.399999618530273,15.899999618530273,17.0,31250,0.0,0.0
2023-06-29 00:00:00-04:00,17.0,17.899999618530273,16.600000381469727,17.0,30960,0.0,0.0
2023-06-30 00:00:00-04:00,16.799999237060547,16.899999618530273,15.899999618530273,16.399999618530273,11710,0.0,0.0
2023-07-03 00:00:00-04:00,16.700000762939453,17.5,16.399999618530273,17.100000381469727,36690,0.0,0.0
2023-07-05 00:00:00-04:00,16.899999618530273,17.5,16.1200008392334,16.299999237060547,8460,0.0,0.0
2023-07-06 00:00:00-04:00,17.200000762939453,17.200000762939453,16.0,16.799999237060547,10740,0.0,0.0
2023-07-07 00:00:00-04:00,16.799999237060547,17.5,16.709999084472656,16.899999618530273,31300,0.0,0.0
2023-07-10 00:00:00-04:00,17.0,17.299999237060547,16.399999618530273,17.100000381469727,9670,0.0,0.0
2023-07-11 00:00:00-04:00,16.899999618530273,17.600000381469727,16.700000762939453,17.200000762939453,16330,0.0,0.0
2023-07-12 00:00:00-04:00,17.299999237060547,17.600000381469727,16.700000762939453,17.200000762939453,21360,0.0,0.0
2023-07-13 00:00:00-04:00,17.200000762939453,18.200000762939453,17.0,17.600000381469727,36120,0.0,0.0
2023-07-14 00:00:00-04:00,17.700000762939453,18.100000381469727,15.399999618530273,16.600000381469727,33600,0.0,0.0
2023-07-17 00:00:00-04:00,16.299999237060547,16.799999237060547,16.0,16.450000762939453,5220,0.0,0.0
2023-07-18 00:00:00-04:00,16.100000381469727,16.799999237060547,16.0,16.299999237060547,9430,0.0,0.0
2023-07-19 00:00:00-04:00,16.5,17.0,16.299999237060547,16.850000381469727,8970,0.0,0.0
2023-07-20 00:00:00-04:00,16.600000381469727,17.299999237060547,16.200000762939453,17.0,9100,0.0,0.0
2023-07-21 00:00:00-04:00,17.0,17.399999618530273,16.700000762939453,16.899999618530273,10810,0.0,0.0
2023-07-24 00:00:00-04:00,16.899999618530273,17.799999237060547,16.799999237060547,17.399999618530273,18730,0.0,0.0
2023-07-25 00:00:00-04:00,17.5,17.700000762939453,16.700000762939453,16.899999618530273,22160,0.0,0.0
2023-07-26 00:00:00-04:00,16.899999618530273,17.700000762939453,16.600000381469727,17.100000381469727,13830,0.0,0.0
2023-07-27 00:00:00-04:00,17.0,17.399999618530273,16.600000381469727,16.799999237060547,11740,0.0,0.0
2023-07-28 00:00:00-04:00,16.899999618530273,17.200000762939453,16.700000762939453,16.700000762939453,17380,0.0,0.0
2023-07-31 00:00:00-04:00,17.299999237060547,18.899999618530273,17.0,17.5,77790,0.0,0.0
2023-08-01 00:00:00-04:00,17.0,18.299999237060547,17.0,17.0,49020,0.0,0.0
2023-08-02 00:00:00-04:00,17.0,17.0,16.299999237060547,16.700000762939453,19510,0.0,0.0
2023-08-03 00:00:00-04:00,16.600000381469727,17.299999237060547,16.219999313354492,17.0,10850,0.0,0.0
2023-08-04 00:00:00-04:00,16.899999618530273,17.0,16.399999618530273,16.700000762939453,11240,0.0,0.0
2023-08-07 00:00:00-04:00,16.5,16.799999237060547,15.920000076293945,16.299999237060547,13820,0.0,0.0
2023-08-08 00:00:00-04:00,16.0,16.600000381469727,15.800000190734863,16.600000381469727,8170,0.0,0.0
2023-08-09 00:00:00-04:00,16.639999389648438,16.700000762939453,15.800000190734863,15.899999618530273,10000,0.0,0.0
2023-08-10 00:00:00-04:00,16.0,16.389999389648438,15.5,15.800000190734863,9800,0.0,0.0
2023-08-11 00:00:00-04:00,15.600000381469727,15.699999809265137,14.800000190734863,15.199999809265137,14860,0.0,0.0
2023-08-14 00:00:00-04:00,15.199999809265137,15.25,13.699999809265137,14.75,27330,0.0,0.0
2023-08-15 00:00:00-04:00,14.800000190734863,16.200000762939453,14.800000190734863,15.600000381469727,12350,0.0,0.0
2023-08-16 00:00:00-04:00,15.600000381469727,16.299999237060547,15.020000457763672,16.100000381469727,13490,0.0,0.0
2023-08-17 00:00:00-04:00,17.0,17.0,15.699999809265137,16.100000381469727,10290,0.0,0.0
2023-08-18 00:00:00-04:00,15.5,16.299999237060547,15.5,15.649999618530273,12090,0.0,0.0
2023-08-21 00:00:00-04:00,15.600000381469727,16.100000381469727,15.199999809265137,15.5,4200,0.0,0.0
2023-08-22 00:00:00-04:00,15.199999809265137,15.699999809265137,14.300000190734863,14.399999618530273,12080,0.0,0.0
2023-08-23 00:00:00-04:00,14.5,15.199999809265137,14.300000190734863,14.699999809265137,10730,0.0,0.0
2023-08-24 00:00:00-04:00,14.699999809265137,14.899999618530273,14.0,14.0,7150,0.0,0.0
2023-08-25 00:00:00-04:00,14.5,14.699999809265137,14.100000381469727,14.300000190734863,9460,0.0,0.0
2023-08-28 00:00:00-04:00,14.600000381469727,17.399999618530273,14.399999618530273,17.0,51550,0.0,0.0
2023-08-29 00:00:00-04:00,17.200000762939453,17.399999618530273,16.0,16.600000381469727,8800,0.0,0.0
2023-08-30 00:00:00-04:00,16.399999618530273,16.5,15.300000190734863,16.200000762939453,4960,0.0,0.0
2023-08-31 00:00:00-04:00,16.0,16.5,15.800000190734863,16.399999618530273,3340,0.0,0.0
2023-09-01 00:00:00-04:00,16.600000381469727,17.100000381469727,16.5,17.0,6390,0.0,0.0
2023-09-05 00:00:00-04:00,16.700000762939453,17.399999618530273,16.299999237060547,16.399999618530273,8880,0.0,0.0
2023-09-06 00:00:00-04:00,16.399999618530273,17.0,16.0,16.399999618530273,6230,0.0,0.0
2023-09-07 00:00:00-04:00,16.399999618530273,16.899999618530273,15.699999809265137,16.100000381469727,10470,0.0,0.0
2023-09-08 00:00:00-04:00,16.200000762939453,16.5,15.800000190734863,16.5,7730,0.0,0.0
2023-09-11 00:00:00-04:00,16.399999618530273,17.0,15.0,15.0,9870,0.0,0.0
2023-09-12 00:00:00-04:00,15.100000381469727,16.280000686645508,15.100000381469727,15.600000381469727,10510,0.0,0.0
2023-09-13 00:00:00-04:00,15.720000267028809,16.700000762939453,15.399999618530273,16.100000381469727,6260,0.0,0.0
2023-09-14 00:00:00-04:00,16.5,17.0,16.200000762939453,16.299999237060547,4230,0.0,0.0
2023-09-15 00:00:00-04:00,16.299999237060547,17.0,15.899999618530273,16.200000762939453,10970,0.0,0.0
2023-09-18 00:00:00-04:00,15.800000190734863,16.5,15.5,15.5,3900,0.0,0.0
2023-09-19 00:00:00-04:00,16.0,16.639999389648438,15.600000381469727,16.200000762939453,14210,0.0,0.0
2023-09-20 00:00:00-04:00,18.0,18.200000762939453,15.800000190734863,15.899999618530273,43630,0.0,0.0
2023-09-21 00:00:00-04:00,16.5,16.5,15.600000381469727,16.200000762939453,11520,0.0,0.0
2023-09-22 00:00:00-04:00,16.100000381469727,16.799999237060547,16.0,16.700000762939453,6110,0.0,0.0
2023-09-25 00:00:00-04:00,16.399999618530273,16.700000762939453,15.800000190734863,16.299999237060547,3710,0.0,0.0
2023-09-26 00:00:00-04:00,16.200000762939453,16.350000381469727,16.0,16.200000762939453,2450,0.0,0.0
2023-09-27 00:00:00-04:00,16.1299991607666,16.399999618530273,15.600000381469727,15.800000190734863,4900,0.0,0.0
2023-09-28 00:00:00-04:00,15.699999809265137,16.209999084472656,15.699999809265137,16.200000762939453,6480,0.0,0.0
2023-09-29 00:00:00-04:00,15.800000190734863,16.899999618530273,15.600000381469727,16.299999237060547,6340,0.0,0.0
2023-10-02 00:00:00-04:00,16.0,16.399999618530273,15.800000190734863,16.0,1860,0.0,0.0
2023-10-03 00:00:00-04:00,15.800000190734863,16.200000762939453,15.5,16.0,2700,0.0,0.0
2023-10-04 00:00:00-04:00,16.0,16.200000762939453,15.600000381469727,15.899999618530273,1300,0.0,0.0
2023-10-05 00:00:00-04:00,15.5,16.100000381469727,15.5,15.699999809265137,5230,0.0,0.0
2023-10-06 00:00:00-04:00,15.5,16.0,15.100000381469727,15.199999809265137,6320,0.0,0.0
2023-10-09 00:00:00-04:00,15.100000381469727,15.899999618530273,15.0,15.100000381469727,4860,0.0,0.0
2023-10-10 00:00:00-04:00,15.399999618530273,15.800000190734863,15.0,15.0,2830,0.0,0.0
2023-10-11 00:00:00-04:00,15.100000381469727,16.0,15.100000381469727,15.800000190734863,4330,0.0,0.0
2023-10-12 00:00:00-04:00,15.300000190734863,15.600000381469727,14.800000190734863,14.800000190734863,10070,0.0,0.0
2023-10-13 00:00:00-04:00,14.800000190734863,15.199999809265137,14.699999809265137,15.100000381469727,3680,0.0,0.0
2023-10-16 00:00:00-04:00,14.600000381469727,15.300000190734863,14.5,14.800000190734863,4080,0.0,0.0
2023-10-17 00:00:00-04:00,14.699999809265137,15.300000190734863,14.699999809265137,15.0,3830,0.0,0.0
2023-10-18 00:00:00-04:00,14.800000190734863,15.0,14.199999809265137,14.399999618530273,4200,0.0,0.0
2023-10-19 00:00:00-04:00,14.300000190734863,14.5,13.5,13.899999618530273,7580,0.0,0.0
2023-10-20 00:00:00-04:00,13.899999618530273,13.899999618530273,12.199999809265137,12.5,24800,0.0,0.0
2023-10-23 00:00:00-04:00,12.199999809265137,12.600000381469727,11.300000190734863,12.199999809265137,8730,0.0,0.0
2023-10-24 00:00:00-04:00,13.100000381469727,13.399999618530273,12.300000190734863,12.800000190734863,2520,0.0,0.0
2023-10-25 00:00:00-04:00,12.600000381469727,13.0,12.0,12.199999809265137,1480,0.0,0.0
2023-10-26 00:00:00-04:00,12.050000190734863,12.180000305175781,10.899999618530273,12.0,10450,0.0,0.0
2023-10-27 00:00:00-04:00,11.800000190734863,12.699999809265137,11.800000190734863,11.800000190734863,930,0.0,0.0
2023-10-30 00:00:00-04:00,11.899999618530273,12.770000457763672,9.5,11.199999809265137,9480,0.0,0.0
2023-10-31 00:00:00-04:00,11.199999809265137,12.300000190734863,11.199999809265137,12.199999809265137,2240,0.0,0.0
2023-11-01 00:00:00-04:00,12.699999809265137,12.699999809265137,11.100000381469727,11.5,4760,0.0,0.0
2023-11-02 00:00:00-04:00,11.5,12.699999809265137,11.5,12.199999809265137,6660,0.0,0.0
2023-11-03 00:00:00-04:00,12.399999618530273,13.0,12.010000228881836,13.0,5440,0.0,0.0
2023-11-06 00:00:00-05:00,12.899999618530273,13.0,12.359999656677246,12.5,2370,0.0,0.0
2023-11-07 00:00:00-05:00,12.800000190734863,13.300000190734863,12.5,13.300000190734863,2040,0.0,0.0
2023-11-08 00:00:00-05:00,13.100000381469727,13.399999618530273,12.800000190734863,13.0,4040,0.0,0.0
2023-11-09 00:00:00-05:00,12.899999618530273,13.199999809265137,11.699999809265137,12.199999809265137,12300,0.0,0.0
2023-11-10 00:00:00-05:00,11.699999809265137,12.800000190734863,11.699999809265137,12.600000381469727,2770,0.0,0.0
2023-11-13 00:00:00-05:00,12.800000190734863,13.079999923706055,10.899999618530273,11.600000381469727,6770,0.0,0.0
2023-11-14 00:00:00-05:00,11.5,12.350000381469727,11.5,11.899999618530273,4300,0.0,0.0
2023-11-15 00:00:00-05:00,12.0,13.09000015258789,11.800000190734863,11.899999618530273,6290,0.0,0.0
2023-11-16 00:00:00-05:00,11.800000190734863,12.0,11.5,11.600000381469727,2120,0.0,0.0
2023-11-17 00:00:00-05:00,11.800000190734863,12.100000381469727,11.199999809265137,11.600000381469727,5770,0.0,0.0
2023-11-20 00:00:00-05:00,11.5,12.100000381469727,11.0,11.5,5350,0.0,0.0
2023-11-21 00:00:00-05:00,11.199999809265137,11.600000381469727,11.0,11.0,4340,0.0,0.0
2023-11-22 00:00:00-05:00,11.699999809265137,12.0,11.199999809265137,11.399999618530273,7060,0.0,0.0
2023-11-24 00:00:00-05:00,11.399999618530273,11.869999885559082,10.800000190734863,11.699999809265137,6580,0.0,0.0
2023-11-27 00:00:00-05:00,11.300000190734863,11.699999809265137,10.800000190734863,11.649999618530273,15840,0.0,0.0
2023-11-28 00:00:00-05:00,11.600000381469727,11.699999809265137,10.699999809265137,10.800000190734863,19330,0.0,0.0
2023-11-29 00:00:00-05:00,11.199999809265137,11.199999809265137,9.600000381469727,10.0,21970,0.0,0.0
2023-11-30 00:00:00-05:00,10.0,11.0,9.800000190734863,10.899999618530273,18640,0.0,0.0
2023-12-01 00:00:00-05:00,11.0,11.109999656677246,9.800000190734863,10.100000381469727,23350,0.0,0.0
2023-12-04 00:00:00-05:00,9.699999809265137,10.300000190734863,9.300000190734863,9.699999809265137,26790,0.0,0.0
2023-12-05 00:00:00-05:00,9.579999923706055,10.0,9.579999923706055,9.949999809265137,7170,0.0,0.0
2023-12-06 00:00:00-05:00,10.0,10.0,9.5,9.600000381469727,16030,0.0,0.0
2023-12-07 00:00:00-05:00,9.899999618530273,9.899999618530273,8.899999618530273,9.100000381469727,27090,0.0,0.0
2023-12-08 00:00:00-05:00,8.800000190734863,9.100000381469727,8.699999809265137,8.899999618530273,18360,0.0,0.0
2023-12-11 00:00:00-05:00,8.699999809265137,8.699999809265137,7.900000095367432,8.0,48280,0.0,0.0
2023-12-12 00:00:00-05:00,8.0,8.399999618530273,7.809999942779541,8.140000343322754,25420,0.0,0.0
2023-12-13 00:00:00-05:00,8.100000381469727,8.5,7.800000190734863,8.380000114440918,14190,0.0,0.0
2023-12-14 00:00:00-05:00,8.399999618530273,8.399999618530273,7.300000190734863,7.599999904632568,66370,0.0,0.0
2023-12-15 00:00:00-05:00,7.599999904632568,7.900000095367432,7.0,7.380000114440918,46660,0.0,0.0
2023-12-18 00:00:00-05:00,7.0,7.579999923706055,6.300000190734863,6.539999961853027,99240,0.0,0.0
2023-12-19 00:00:00-05:00,5.699999809265137,6.769999980926514,5.699999809265137,6.199999809265137,134330,0.0,0.0
2023-12-20 00:00:00-05:00,6.110000133514404,6.400000095367432,5.199999809265137,6.050000190734863,94140,0.0,0.0
2023-12-21 00:00:00-05:00,5.880000114440918,6.590000152587891,5.800000190734863,6.409999847412109,42010,0.0,0.0
2023-12-22 00:00:00-05:00,6.389999866485596,6.570000171661377,5.880000114440918,6.400000095367432,47660,0.0,0.0
2023-12-26 00:00:00-05:00,6.110000133514404,8.399999618530273,6.110000133514404,7.949999809265137,173890,0.0,0.0
2023-12-27 00:00:00-05:00,8.300000190734863,8.399999618530273,7.0,7.599999904632568,60810,0.0,0.0
2023-12-28 00:00:00-05:00,7.599999904632568,8.0,7.0,7.489999771118164,43290,0.0,0.0
2023-12-29 00:00:00-05:00,7.179999828338623,7.480000019073486,6.949999809265137,7.010000228881836,40880,0.0,0.0
2024-01-02 00:00:00-05:00,7.400000095367432,8.0,7.019999980926514,7.099999904632568,78190,0.0,0.0
2024-01-03 00:00:00-05:00,7.099999904632568,7.300000190734863,6.699999809265137,6.96999979019165,24670,0.0,0.0
2024-01-04 00:00:00-05:00,7.099999904632568,7.099999904632568,6.550000190734863,6.550000190734863,32920,0.0,0.0
2024-01-05 00:00:00-05:00,6.53000020980835,6.900000095367432,6.300000190734863,6.489999771118164,20280,0.0,0.0
2024-01-08 00:00:00-05:00,6.300000190734863,6.380000114440918,5.199999809265137,5.300000190734863,74790,0.0,0.0
2024-01-09 00:00:00-05:00,5.28000020980835,5.699999809265137,4.829999923706055,5.400000095367432,44470,0.0,0.0
2024-01-10 00:00:00-05:00,5.5,5.5,4.800000190734863,4.800000190734863,34070,0.0,0.0
2024-01-11 00:00:00-05:00,4.900000095367432,4.900000095367432,4.690000057220459,4.699999809265137,22750,0.0,0.0
2024-01-12 00:00:00-05:00,4.599999904632568,4.75,3.950000047683716,4.059999942779541,51690,0.0,0.0
2024-01-16 00:00:00-05:00,3.9000000953674316,4.011000156402588,3.4100000858306885,3.8610000610351562,100000,0.0,0.0
2024-01-17 00:00:00-05:00,3.819999933242798,4.159999847412109,3.6700000762939453,3.7300000190734863,38900,0.0,0.0
2024-01-18 00:00:00-05:00,3.7300000190734863,3.7300000190734863,3.0899999141693115,3.109999895095825,58500,0.0,0.0
2024-01-19 00:00:00-05:00,3.119999885559082,3.180000066757202,2.680000066757202,2.690000057220459,98100,0.0,0.0
2024-01-22 00:00:00-05:00,2.690000057220459,2.690000057220459,2.450000047683716,2.509999990463257,51900,0.0,0.0
2024-01-23 00:00:00-05:00,2.5299999713897705,2.765000104904175,2.4100000858306885,2.5,71600,0.0,0.0
2024-01-24 00:00:00-05:00,2.619999885559082,2.8299999237060547,2.549999952316284,2.619999885559082,68700,0.0,0.0
2024-01-25 00:00:00-05:00,3.130000114440918,3.180000066757202,2.5799999237060547,2.680000066757202,77300,0.0,0.0
2024-01-26 00:00:00-05:00,2.7799999713897705,2.7799999713897705,2.4700000286102295,2.4800000190734863,33700,0.0,0.0
2024-01-29 00:00:00-05:00,2.6619999408721924,2.700000047683716,2.4100000858306885,2.690999984741211,52800,0.0,0.0
2024-01-30 00:00:00-05:00,2.700000047683716,2.700000047683716,2.5399999618530273,2.640000104904175,40200,0.0,0.0
2024-01-31 00:00:00-05:00,2.558000087738037,2.688999891281128,2.558000087738037,2.5999999046325684,9700,0.0,0.0
2024-02-01 00:00:00-05:00,2.609999895095825,2.690000057220459,2.4000000953674316,2.4700000286102295,29400,0.0,0.0
2024-02-02 00:00:00-05:00,2.4800000190734863,2.5199999809265137,2.2899999618530273,2.299999952316284,31900,0.0,0.0
2024-02-05 00:00:00-05:00,2.2799999713897705,2.690000057220459,2.25,2.5799999237060547,121600,0.0,0.0
2024-02-06 00:00:00-05:00,2.700000047683716,2.8499999046325684,2.50600004196167,2.559999942779541,60800,0.0,0.0
2024-02-07 00:00:00-05:00,2.559999942779541,2.614000082015991,2.309999942779541,2.319999933242798,21900,0.0,0.0
2024-02-08 00:00:00-05:00,2.369999885559082,2.569999933242798,2.369999885559082,2.4600000381469727,24200,0.0,0.0
2024-02-09 00:00:00-05:00,2.4700000286102295,2.684999942779541,2.4600000381469727,2.5799999237060547,50000,0.0,0.0
2024-02-12 00:00:00-05:00,2.6500000953674316,2.7100000381469727,2.549999952316284,2.609999895095825,142000,0.0,0.0
2024-02-13 00:00:00-05:00,2.5999999046325684,2.630000114440918,2.3399999141693115,2.430000066757202,57000,0.0,0.0
2024-02-14 00:00:00-05:00,2.549999952316284,2.549999952316284,2.359999895095825,2.5,32400,0.0,0.0
2024-02-15 00:00:00-05:00,2.5399999618530273,2.5799999237060547,2.369999885559082,2.4649999141693115,44400,0.0,0.0
2024-02-16 00:00:00-05:00,2.5299999713897705,2.5899999141693115,2.4100000858306885,2.450000047683716,54200,0.0,0.0
2024-02-20 00:00:00-05:00,2.559999942779541,2.559999942779541,2.2699999809265137,2.2699999809265137,59700,0.0,0.0
2024-02-21 00:00:00-05:00,2.3299999237060547,2.380000114440918,1.9199999570846558,2.0999999046325684,111600,0.0,0.0
2024-02-22 00:00:00-05:00,2.1700000762939453,2.1700000762939453,1.9199999570846558,1.9700000286102295,52600,0.0,0.0
2024-02-23 00:00:00-05:00,2.059999942779541,2.130000114440918,1.9149999618530273,1.9529999494552612,49700,0.0,0.0
2024-02-26 00:00:00-05:00,2.0199999809265137,2.140000104904175,1.9500000476837158,2.109999895095825,40500,0.0,0.0
2024-02-27 00:00:00-05:00,2.0899999141693115,2.740000009536743,2.0899999141693115,2.630000114440918,345800,0.0,0.0
2024-02-28 00:00:00-05:00,2.6700000762939453,2.680000066757202,2.384999990463257,2.4200000762939453,55900,0.0,0.0
2024-02-29 00:00:00-05:00,2.509999990463257,2.630000114440918,2.3940000534057617,2.450000047683716,21200,0.0,0.0
2024-03-01 00:00:00-05:00,2.450000047683716,2.509999990463257,2.3399999141693115,2.3399999141693115,34000,0.0,0.0
2024-03-04 00:00:00-05:00,2.309999942779541,2.430000066757202,2.0,2.0,121000,0.0,0.0
2024-03-05 00:00:00-05:00,2.140000104904175,2.180000066757202,2.0199999809265137,2.059999942779541,25500,0.0,0.0
2024-03-06 00:00:00-05:00,2.069999933242798,2.1449999809265137,2.0199999809265137,2.059999942779541,22000,0.0,0.0
2024-03-07 00:00:00-05:00,2.140000104904175,2.259999990463257,2.059999942779541,2.2200000286102295,47600,0.0,0.0
2024-03-08 00:00:00-05:00,2.2300000190734863,2.302000045776367,2.0199999809265137,2.059999942779541,84300,0.0,0.0
2024-03-11 00:00:00-04:00,2.1700000762939453,2.1700000762939453,2.0199999809265137,2.0199999809265137,20500,0.0,0.0
2024-03-12 00:00:00-04:00,2.0299999713897705,2.140000104904175,2.0299999713897705,2.049999952316284,9600,0.0,0.0
2024-03-13 00:00:00-04:00,2.1500000953674316,2.1500000953674316,2.0810000896453857,2.140000104904175,7600,0.0,0.0
2024-03-14 00:00:00-04:00,2.069999933242798,2.184000015258789,2.049999952316284,2.049999952316284,35900,0.0,0.0
2024-03-15 00:00:00-04:00,2.072999954223633,2.2269999980926514,2.072999954223633,2.109999895095825,24500,0.0,0.0
2024-03-18 00:00:00-04:00,2.119999885559082,2.2200000286102295,1.9600000381469727,2.180000066757202,67600,0.0,0.0
2024-03-19 00:00:00-04:00,2.0999999046325684,2.200000047683716,2.069999933242798,2.119999885559082,35900,0.0,0.0
2024-03-20 00:00:00-04:00,2.109999895095825,2.259999990463257,2.0799999237060547,2.109999895095825,85100,0.0,0.0
2024-03-21 00:00:00-04:00,2.190000057220459,2.2100000381469727,2.11299991607666,2.180000066757202,29600,0.0,0.0
2024-03-22 00:00:00-04:00,2.190000057220459,2.2899999618530273,2.130000114440918,2.2799999713897705,36200,0.0,0.0
2024-03-25 00:00:00-04:00,2.3499999046325684,2.6419999599456787,2.244999885559082,2.549999952316284,241900,0.0,0.0
2024-03-26 00:00:00-04:00,2.549999952316284,2.5899999141693115,2.2799999713897705,2.299999952316284,88300,0.0,0.0
2024-03-27 00:00:00-04:00,2.369999885559082,2.372999906539917,2.121000051498413,2.2300000190734863,62500,0.0,0.0
2024-03-28 00:00:00-04:00,2.200000047683716,2.2799999713897705,2.0999999046325684,2.119999885559082,91300,0.0,0.0
2024-04-01 00:00:00-04:00,2.119999885559082,2.200000047683716,1.9609999656677246,2.0899999141693115,71500,0.0,0.0
2024-04-02 00:00:00-04:00,2.0299999713897705,2.0899999141693115,1.9900000095367432,1.9900000095367432,26600,0.0,0.0
2024-04-03 00:00:00-04:00,2.0199999809265137,2.0450000762939453,1.7599999904632568,1.8799999952316284,116300,0.0,0.0
2024-04-04 00:00:00-04:00,1.909999966621399,2.200000047683716,1.8799999952316284,2.015000104904175,124900,0.0,0.0
2024-04-05 00:00:00-04:00,1.9600000381469727,2.059999942779541,1.840000033378601,1.8600000143051147,59500,0.0,0.0
2024-04-08 00:00:00-04:00,1.940000057220459,1.940000057220459,1.8450000286102295,1.8700000047683716,16700,0.0,0.0
2024-04-09 00:00:00-04:00,1.8899999856948853,1.9170000553131104,1.8200000524520874,1.850000023841858,20500,0.0,0.0
2024-04-10 00:00:00-04:00,1.8700000047683716,2.0299999713897705,1.809999942779541,1.8700000047683716,57100,0.0,0.0
2024-04-11 00:00:00-04:00,1.8700000047683716,1.9249999523162842,1.8200000524520874,1.8600000143051147,19700,0.0,0.0
2024-04-12 00:00:00-04:00,1.9800000190734863,1.9800000190734863,1.8300000429153442,1.8700000047683716,27000,0.0,0.0
2024-04-15 00:00:00-04:00,1.8700000047683716,1.8700000047683716,1.6299999952316284,1.7200000286102295,32200,0.0,0.0
2024-04-16 00:00:00-04:00,1.7400000095367432,1.8259999752044678,1.590000033378601,1.590000033378601,52700,0.0,0.0
2024-04-17 00:00:00-04:00,1.6299999952316284,1.690000057220459,1.600000023841858,1.6399999856948853,13100,0.0,0.0
2024-04-18 00:00:00-04:00,1.6399999856948853,1.781999945640564,1.6200000047683716,1.659999966621399,12000,0.0,0.0
2024-04-19 00:00:00-04:00,1.6299999952316284,1.7000000476837158,1.621000051498413,1.659999966621399,9200,0.0,0.0
2024-04-22 00:00:00-04:00,1.7000000476837158,1.7000000476837158,1.5,1.5199999809265137,59100,0.0,0.0
2024-04-23 00:00:00-04:00,1.6100000143051147,1.7000000476837158,1.5299999713897705,1.659999966621399,35100,0.0,0.0
2024-04-24 00:00:00-04:00,1.7200000286102295,2.0899999141693115,1.6799999475479126,1.9299999475479126,261200,0.0,0.0
2024-04-25 00:00:00-04:00,2.0,2.0399999618530273,1.7999999523162842,1.9500000476837158,171300,0.0,0.0
2024-04-26 00:00:00-04:00,1.8600000143051147,1.9600000381469727,1.809999942779541,1.8200000524520874,83900,0.0,0.0
2024-04-29 00:00:00-04:00,1.8200000524520874,2.0,1.7999999523162842,1.840000033378601,66600,0.0,0.0
2024-04-30 00:00:00-04:00,1.8799999952316284,2.0199999809265137,1.8300000429153442,1.850000023841858,85500,0.0,0.0
2024-05-01 00:00:00-04:00,1.8700000047683716,2.0999999046325684,1.8600000143051147,1.9500000476837158,132300,0.0,0.0
2024-05-02 00:00:00-04:00,1.9299999475479126,2.0999999046325684,1.9299999475479126,1.940000057220459,101500,0.0,0.0
2024-05-03 00:00:00-04:00,1.9800000190734863,2.180000066757202,1.9609999656677246,2.0199999809265137,91100,0.0,0.0
2024-05-06 00:00:00-04:00,2.0,2.0850000381469727,2.0,2.0199999809265137,37400,0.0,0.0
2024-05-07 00:00:00-04:00,2.0299999713897705,2.700000047683716,2.0299999713897705,2.2100000381469727,516000,0.0,0.0
2024-05-08 00:00:00-04:00,2.25,2.5,2.1080000400543213,2.3399999141693115,169700,0.0,0.0
2024-05-09 00:00:00-04:00,2.299999952316284,2.490000009536743,2.1500000953674316,2.25,152100,0.0,0.0
2024-05-10 00:00:00-04:00,2.4200000762939453,2.7200000286102295,2.2100000381469727,2.5399999618530273,394500,0.0,0.0
2024-05-13 00:00:00-04:00,2.549999952316284,3.5,2.5399999618530273,3.240000009536743,556600,0.0,0.0
2024-05-14 00:00:00-04:00,3.140000104904175,4.0,3.069999933242798,3.359999895095825,417500,0.0,0.0
2024-05-15 00:00:00-04:00,3.369999885559082,3.5899999141693115,3.3299999237060547,3.5399999618530273,145100,0.0,0.0
2024-05-16 00:00:00-04:00,3.559999942779541,3.880000114440918,3.4000000953674316,3.5199999809265137,186200,0.0,0.0
2024-05-17 00:00:00-04:00,3.630000114440918,3.6500000953674316,2.880000114440918,3.190000057220459,198400,0.0,0.0
2024-05-20 00:00:00-04:00,3.140000104904175,3.25,2.9000000953674316,3.069999933242798,105000,0.0,0.0
2024-05-21 00:00:00-04:00,3.0399999618530273,3.200000047683716,3.0,3.069999933242798,103300,0.0,0.0
2024-05-22 00:00:00-04:00,2.880000114440918,3.0,2.75,2.7899999618530273,113000,0.0,0.0
2024-05-23 00:00:00-04:00,2.75,2.869999885559082,2.5399999618530273,2.549999952316284,91800,0.0,0.0
2024-05-24 00:00:00-04:00,2.5,2.6630001068115234,2.4509999752044678,2.4600000381469727,43400,0.0,0.0
2024-05-28 00:00:00-04:00,2.4600000381469727,2.7009999752044678,2.2799999713897705,2.299999952316284,29400,0.0,0.0
2024-05-29 00:00:00-04:00,2.299999952316284,2.450000047683716,2.259999990463257,2.380000114440918,23300,0.0,0.0
2024-05-30 00:00:00-04:00,2.430000066757202,2.6500000953674316,2.3420000076293945,2.5899999141693115,46400,0.0,0.0
