Datetime,Open,High,Low,Close,Volume,Dividends,Stock Splits
2024-07-25 09:30:00-04:00,15.739999771118164,15.739999771118164,15.739999771118164,15.739999771118164,1062,0.0,0.0
2024-07-25 09:40:00-04:00,15.829999923706055,15.829999923706055,15.819999694824219,15.829999923706055,1103,0.0,0.0
2024-07-25 09:45:00-04:00,15.850000381469727,15.850000381469727,15.850000381469727,15.850000381469727,1265,0.0,0.0
2024-07-25 10:00:00-04:00,15.680000305175781,15.680000305175781,15.680000305175781,15.680000305175781,188,0.0,0.0
2024-07-25 10:05:00-04:00,15.670000076293945,15.670000076293945,15.670000076293945,15.670000076293945,703,0.0,0.0
2024-07-25 10:10:00-04:00,15.680000305175781,15.710000038146973,15.680000305175781,15.710000038146973,1472,0.0,0.0
2024-07-25 10:15:00-04:00,15.805000305175781,15.850000381469727,15.805000305175781,15.850000381469727,5754,0.0,0.0
2024-07-25 10:30:00-04:00,15.979999542236328,15.979999542236328,15.979999542236328,15.979999542236328,914,0.0,0.0
2024-07-25 10:35:00-04:00,15.930000305175781,15.930000305175781,15.870100021362305,15.870100021362305,816,0.0,0.0
2024-07-25 10:45:00-04:00,15.895000457763672,15.895000457763672,15.895000457763672,15.895000457763672,216,0.0,0.0
2024-07-25 10:50:00-04:00,15.949999809265137,15.979999542236328,15.949999809265137,15.979999542236328,1149,0.0,0.0
2024-07-25 11:00:00-04:00,16.06999969482422,16.06999969482422,16.06999969482422,16.06999969482422,293,0.0,0.0
2024-07-25 11:10:00-04:00,16.040000915527344,16.079999923706055,16.040000915527344,16.079999923706055,1741,0.0,0.0
2024-07-25 11:25:00-04:00,16.135000228881836,16.135000228881836,16.079999923706055,16.079999923706055,2415,0.0,0.0
2024-07-25 11:30:00-04:00,16.0,16.06999969482422,16.0,16.06999969482422,744,0.0,0.0
2024-07-25 11:50:00-04:00,16.075000762939453,16.1200008392334,16.075000762939453,16.1200008392334,1852,0.0,0.0
2024-07-25 12:10:00-04:00,16.1200008392334,16.1299991607666,16.1200008392334,16.1200008392334,1945,0.0,0.0
2024-07-25 12:25:00-04:00,16.190000534057617,16.25,16.190000534057617,16.25,1702,0.0,0.0
2024-07-25 12:50:00-04:00,16.204999923706055,16.219999313354492,16.15999984741211,16.15999984741211,1217,0.0,0.0
2024-07-25 12:55:00-04:00,16.190000534057617,16.190000534057617,16.190000534057617,16.190000534057617,704,0.0,0.0
2024-07-25 13:00:00-04:00,16.219999313354492,16.229999542236328,16.219999313354492,16.229999542236328,1252,0.0,0.0
2024-07-25 13:05:00-04:00,16.280000686645508,16.280000686645508,16.280000686645508,16.280000686645508,875,0.0,0.0
2024-07-25 13:10:00-04:00,16.25,16.25,16.25,16.25,762,0.0,0.0
2024-07-25 13:15:00-04:00,16.209999084472656,16.209999084472656,16.209999084472656,16.209999084472656,774,0.0,0.0
2024-07-25 13:45:00-04:00,16.1200008392334,16.1200008392334,16.1200008392334,16.1200008392334,420,0.0,0.0
2024-07-25 13:50:00-04:00,16.155000686645508,16.15999984741211,16.155000686645508,16.15999984741211,1244,0.0,0.0
2024-07-25 13:55:00-04:00,16.1200008392334,16.149999618530273,16.1200008392334,16.149999618530273,1644,0.0,0.0
2024-07-25 14:05:00-04:00,16.139999389648438,16.18000030517578,16.139999389648438,16.18000030517578,744,0.0,0.0
2024-07-25 14:10:00-04:00,16.145000457763672,16.145000457763672,16.145000457763672,16.145000457763672,258,0.0,0.0
2024-07-25 14:20:00-04:00,16.170000076293945,16.170000076293945,16.16990089416504,16.16990089416504,797,0.0,0.0
2024-07-25 14:30:00-04:00,16.1200008392334,16.1200008392334,16.1200008392334,16.1200008392334,1478,0.0,0.0
2024-07-25 14:40:00-04:00,16.09000015258789,16.09000015258789,16.09000015258789,16.09000015258789,862,0.0,0.0
2024-07-25 14:55:00-04:00,16.059999465942383,16.100000381469727,16.059999465942383,16.059999465942383,3037,0.0,0.0
2024-07-25 15:05:00-04:00,16.09000015258789,16.100000381469727,16.09000015258789,16.100000381469727,659,0.0,0.0
2024-07-25 15:10:00-04:00,16.09000015258789,16.09000015258789,16.09000015258789,16.09000015258789,979,0.0,0.0
2024-07-25 15:20:00-04:00,16.118900299072266,16.1200008392334,16.118900299072266,16.1200008392334,971,0.0,0.0
2024-07-25 15:25:00-04:00,16.139999389648438,16.149999618530273,16.139999389648438,16.149999618530273,596,0.0,0.0
2024-07-25 15:30:00-04:00,16.139999389648438,16.139999389648438,16.110000610351562,16.114999771118164,1714,0.0,0.0
2024-07-25 15:35:00-04:00,16.100000381469727,16.100000381469727,16.049999237060547,16.049999237060547,849,0.0,0.0
2024-07-25 15:40:00-04:00,16.06049919128418,16.06049919128418,16.040000915527344,16.040000915527344,3486,0.0,0.0
2024-07-25 15:45:00-04:00,16.020000457763672,16.049999237060547,16.020000457763672,16.049999237060547,1118,0.0,0.0
2024-07-25 15:50:00-04:00,16.030000686645508,16.030000686645508,15.960000038146973,15.960000038146973,2874,0.0,0.0
2024-07-25 15:55:00-04:00,15.920000076293945,15.970000267028809,15.920000076293945,15.930000305175781,5612,0.0,0.0
2024-07-26 09:30:00-04:00,16.190000534057617,16.190000534057617,15.899999618530273,15.899999618530273,2160,0.0,0.0
2024-07-26 09:40:00-04:00,16.209999084472656,16.219999313354492,16.209999084472656,16.219999313354492,688,0.0,0.0
2024-07-26 09:45:00-04:00,16.219999313354492,16.219999313354492,16.219999313354492,16.219999313354492,287,0.0,0.0
2024-07-26 09:50:00-04:00,16.219999313354492,16.219999313354492,16.219999313354492,16.219999313354492,851,0.0,0.0
2024-07-26 10:00:00-04:00,16.18000030517578,16.18000030517578,16.170000076293945,16.170000076293945,325,0.0,0.0
2024-07-26 10:05:00-04:00,16.209999084472656,16.209999084472656,16.200000762939453,16.200000762939453,2061,0.0,0.0
2024-07-26 10:30:00-04:00,16.100000381469727,16.100000381469727,16.100000381469727,16.100000381469727,631,0.0,0.0
2024-07-26 10:35:00-04:00,16.03499984741211,16.03499984741211,16.03499984741211,16.03499984741211,107,0.0,0.0
2024-07-26 10:40:00-04:00,16.03499984741211,16.06999969482422,16.03499984741211,16.06999969482422,615,0.0,0.0
2024-07-26 10:50:00-04:00,16.06999969482422,16.06999969482422,16.06999969482422,16.06999969482422,324,0.0,0.0
2024-07-26 11:00:00-04:00,16.0,16.0,16.0,16.0,474,0.0,0.0
2024-07-26 11:25:00-04:00,15.904999732971191,15.90999984741211,15.899999618530273,15.899999618530273,1133,0.0,0.0
2024-07-26 11:30:00-04:00,15.930000305175781,15.979999542236328,15.930000305175781,15.979999542236328,1197,0.0,0.0
2024-07-26 11:35:00-04:00,16.010000228881836,16.010000228881836,16.010000228881836,16.010000228881836,960,0.0,0.0
2024-07-26 11:55:00-04:00,16.0,16.0,16.0,16.0,219,0.0,0.0
2024-07-26 12:00:00-04:00,15.994999885559082,15.994999885559082,15.994999885559082,15.994999885559082,330,0.0,0.0
2024-07-26 12:05:00-04:00,16.055099487304688,16.055099487304688,16.055099487304688,16.055099487304688,302,0.0,0.0
2024-07-26 12:20:00-04:00,16.0,16.0,16.0,16.0,1019,0.0,0.0
2024-07-26 12:50:00-04:00,16.06999969482422,16.06999969482422,16.06999969482422,16.06999969482422,208,0.0,0.0
2024-07-26 12:55:00-04:00,16.040000915527344,16.040000915527344,16.040000915527344,16.040000915527344,1834,0.0,0.0
2024-07-26 13:25:00-04:00,16.06999969482422,16.06999969482422,16.06999969482422,16.06999969482422,471,0.0,0.0
2024-07-26 13:30:00-04:00,16.079999923706055,16.079999923706055,16.079999923706055,16.079999923706055,849,0.0,0.0
2024-07-26 13:35:00-04:00,16.030000686645508,16.030000686645508,16.030000686645508,16.030000686645508,311,0.0,0.0
2024-07-26 13:40:00-04:00,16.040000915527344,16.040000915527344,16.040000915527344,16.040000915527344,201,0.0,0.0
2024-07-26 13:45:00-04:00,16.06999969482422,16.06999969482422,16.06999969482422,16.06999969482422,1083,0.0,0.0
2024-07-26 14:10:00-04:00,16.06999969482422,16.06999969482422,16.06999969482422,16.06999969482422,543,0.0,0.0
2024-07-26 14:15:00-04:00,16.040000915527344,16.040000915527344,16.040000915527344,16.040000915527344,528,0.0,0.0
2024-07-26 14:20:00-04:00,16.030000686645508,16.030000686645508,16.020000457763672,16.030000686645508,1658,0.0,0.0
2024-07-26 14:25:00-04:00,16.045000076293945,16.15999984741211,16.045000076293945,16.139999389648438,3400,0.0,0.0
2024-07-26 14:30:00-04:00,16.110000610351562,16.139999389648438,16.110000610351562,16.139999389648438,1117,0.0,0.0
2024-07-26 14:40:00-04:00,16.1299991607666,16.1299991607666,16.1299991607666,16.1299991607666,614,0.0,0.0
2024-07-26 14:50:00-04:00,16.1299991607666,16.1299991607666,16.1299991607666,16.1299991607666,1615,0.0,0.0
2024-07-26 14:55:00-04:00,16.104999542236328,16.104999542236328,16.104999542236328,16.104999542236328,399,0.0,0.0
2024-07-26 15:10:00-04:00,16.100000381469727,16.100000381469727,16.100000381469727,16.100000381469727,264,0.0,0.0
2024-07-26 15:15:00-04:00,16.06999969482422,16.094999313354492,16.06999969482422,16.094999313354492,299,0.0,0.0
2024-07-26 15:20:00-04:00,16.1200008392334,16.1200008392334,16.1200008392334,16.1200008392334,532,0.0,0.0
2024-07-26 15:25:00-04:00,16.100000381469727,16.1200008392334,16.049999237060547,16.049999237060547,2309,0.0,0.0
2024-07-26 15:30:00-04:00,16.030000686645508,16.030000686645508,16.020000457763672,16.020000457763672,2254,0.0,0.0
2024-07-26 15:35:00-04:00,16.030000686645508,16.045000076293945,16.000999450683594,16.000999450683594,2649,0.0,0.0
2024-07-26 15:40:00-04:00,16.040000915527344,16.06999969482422,16.040000915527344,16.06999969482422,1094,0.0,0.0
2024-07-26 15:45:00-04:00,16.06999969482422,16.100000381469727,16.06999969482422,16.100000381469727,900,0.0,0.0
2024-07-26 15:50:00-04:00,16.094999313354492,16.100000381469727,16.059999465942383,16.059999465942383,2651,0.0,0.0
2024-07-26 15:55:00-04:00,16.030000686645508,16.100000381469727,16.0,16.079999923706055,6467,0.0,0.0
2024-07-29 09:30:00-04:00,16.15999984741211,16.15999984741211,16.100000381469727,16.100000381469727,2602,0.0,0.0
2024-07-29 09:45:00-04:00,16.1299991607666,16.174999237060547,16.100000381469727,16.114999771118164,3020,0.0,0.0
2024-07-29 09:50:00-04:00,16.1299991607666,16.209999084472656,16.1299991607666,16.145000457763672,2564,0.0,0.0
2024-07-29 09:55:00-04:00,16.219999313354492,16.225000381469727,16.219999313354492,16.225000381469727,479,0.0,0.0
2024-07-29 10:10:00-04:00,16.21500015258789,16.21500015258789,16.21500015258789,16.21500015258789,1333,0.0,0.0
2024-07-29 10:15:00-04:00,16.270000457763672,16.33880043029785,16.270000457763672,16.270000457763672,1716,0.0,0.0
2024-07-29 10:20:00-04:00,16.225000381469727,16.235000610351562,16.225000381469727,16.235000610351562,2041,0.0,0.0
2024-07-29 10:25:00-04:00,16.299999237060547,16.299999237060547,16.229999542236328,16.229999542236328,803,0.0,0.0
2024-07-29 10:30:00-04:00,16.200000762939453,16.203699111938477,16.190000534057617,16.190000534057617,1494,0.0,0.0
2024-07-29 10:40:00-04:00,16.229999542236328,16.260000228881836,16.229999542236328,16.260000228881836,1221,0.0,0.0
2024-07-29 10:50:00-04:00,16.280000686645508,16.280000686645508,16.219999313354492,16.2450008392334,3052,0.0,0.0
2024-07-29 10:55:00-04:00,16.269899368286133,16.269899368286133,16.2450008392334,16.2450008392334,2514,0.0,0.0
2024-07-29 11:00:00-04:00,16.149999618530273,16.200000762939453,16.149999618530273,16.19499969482422,3408,0.0,0.0
2024-07-29 11:05:00-04:00,16.19499969482422,16.19499969482422,16.19499969482422,16.19499969482422,608,0.0,0.0
2024-07-29 11:10:00-04:00,16.18000030517578,16.190000534057617,16.170000076293945,16.190000534057617,1383,0.0,0.0
2024-07-29 11:20:00-04:00,16.219999313354492,16.219999313354492,16.190000534057617,16.190000534057617,4634,0.0,0.0
2024-07-29 11:30:00-04:00,16.149999618530273,16.165000915527344,16.149999618530273,16.149999618530273,4364,0.0,0.0
2024-07-29 11:35:00-04:00,16.170000076293945,16.204999923706055,16.170000076293945,16.204999923706055,839,0.0,0.0
2024-07-29 11:45:00-04:00,16.25,16.270000457763672,16.25,16.270000457763672,21351,0.0,0.0
2024-07-29 11:50:00-04:00,16.350000381469727,16.350000381469727,16.350000381469727,16.350000381469727,175,0.0,0.0
2024-07-29 11:55:00-04:00,16.30500030517578,16.350000381469727,16.30500030517578,16.350000381469727,1792,0.0,0.0
2024-07-29 12:10:00-04:00,16.270000457763672,16.270000457763672,16.270000457763672,16.270000457763672,5592,0.0,0.0
2024-07-29 12:15:00-04:00,16.2450008392334,16.2450008392334,16.2450008392334,16.2450008392334,850,0.0,0.0
2024-07-29 12:20:00-04:00,16.2450008392334,16.2450008392334,16.2450008392334,16.2450008392334,297,0.0,0.0
2024-07-29 12:25:00-04:00,16.209999084472656,16.209999084472656,16.149999618530273,16.149999618530273,652,0.0,0.0
2024-07-29 12:35:00-04:00,16.1200008392334,16.1200008392334,16.1200008392334,16.1200008392334,455,0.0,0.0
2024-07-29 12:40:00-04:00,16.110000610351562,16.110000610351562,16.110000610351562,16.110000610351562,466,0.0,0.0
2024-07-29 12:55:00-04:00,16.059999465942383,16.059999465942383,16.059999465942383,16.059999465942383,380,0.0,0.0
2024-07-29 13:05:00-04:00,16.079999923706055,16.079999923706055,16.079999923706055,16.079999923706055,535,0.0,0.0
2024-07-29 13:25:00-04:00,16.075000762939453,16.079999923706055,16.059999465942383,16.059999465942383,418,0.0,0.0
2024-07-29 13:30:00-04:00,16.09000015258789,16.09000015258789,16.09000015258789,16.09000015258789,471,0.0,0.0
2024-07-29 13:35:00-04:00,16.079999923706055,16.079999923706055,16.079999923706055,16.079999923706055,575,0.0,0.0
2024-07-29 13:40:00-04:00,16.100000381469727,16.100000381469727,16.100000381469727,16.100000381469727,848,0.0,0.0
2024-07-29 13:55:00-04:00,16.098400115966797,16.110000610351562,16.098400115966797,16.110000610351562,1483,0.0,0.0
2024-07-29 14:15:00-04:00,16.145000457763672,16.145000457763672,16.145000457763672,16.145000457763672,533,0.0,0.0
2024-07-29 14:20:00-04:00,16.149999618530273,16.18000030517578,16.149999618530273,16.18000030517578,401,0.0,0.0
2024-07-29 14:25:00-04:00,16.170000076293945,16.170000076293945,16.170000076293945,16.170000076293945,486,0.0,0.0
2024-07-29 14:30:00-04:00,16.165000915527344,16.165000915527344,16.110000610351562,16.110000610351562,2141,0.0,0.0
2024-07-29 14:40:00-04:00,16.1299991607666,16.1299991607666,16.1299991607666,16.1299991607666,144,0.0,0.0
2024-07-29 14:45:00-04:00,16.135000228881836,16.139999389648438,16.1299991607666,16.1299991607666,759,0.0,0.0
2024-07-29 14:50:00-04:00,16.1200008392334,16.1200008392334,16.1200008392334,16.1200008392334,325,0.0,0.0
2024-07-29 15:00:00-04:00,16.125,16.125,16.125,16.125,898,0.0,0.0
2024-07-29 15:05:00-04:00,16.1200008392334,16.1200008392334,16.110000610351562,16.110000610351562,204,0.0,0.0
2024-07-29 15:10:00-04:00,16.114999771118164,16.114999771118164,16.114999771118164,16.114999771118164,246,0.0,0.0
2024-07-29 15:15:00-04:00,16.1299991607666,16.1299991607666,16.1299991607666,16.1299991607666,366,0.0,0.0
2024-07-29 15:20:00-04:00,16.1299991607666,16.149999618530273,16.1299991607666,16.149999618530273,1152,0.0,0.0
2024-07-29 15:35:00-04:00,16.170000076293945,16.170000076293945,16.170000076293945,16.170000076293945,2019,0.0,0.0
2024-07-29 15:45:00-04:00,16.149999618530273,16.149999618530273,16.100000381469727,16.100000381469727,1794,0.0,0.0
2024-07-29 15:50:00-04:00,16.110000610351562,16.1299991607666,16.09000015258789,16.09000015258789,2913,0.0,0.0
2024-07-29 15:55:00-04:00,16.059999465942383,16.079999923706055,16.040000915527344,16.079999923706055,3679,0.0,0.0
2024-07-30 09:30:00-04:00,16.209999084472656,16.209999084472656,16.209999084472656,16.209999084472656,541,0.0,0.0
2024-07-30 09:40:00-04:00,16.239999771118164,16.239999771118164,16.239999771118164,16.239999771118164,238,0.0,0.0
2024-07-30 09:45:00-04:00,16.239999771118164,16.239999771118164,16.239999771118164,16.239999771118164,407,0.0,0.0
2024-07-30 10:00:00-04:00,16.174999237060547,16.174999237060547,16.15999984741211,16.15999984741211,643,0.0,0.0
2024-07-30 10:10:00-04:00,16.149999618530273,16.170000076293945,16.149999618530273,16.170000076293945,584,0.0,0.0
2024-07-30 10:15:00-04:00,16.149999618530273,16.149999618530273,16.149999618530273,16.149999618530273,272,0.0,0.0
2024-07-30 10:20:00-04:00,16.125,16.125,16.125,16.125,1112,0.0,0.0
2024-07-30 10:30:00-04:00,16.135000228881836,16.170000076293945,16.135000228881836,16.170000076293945,1203,0.0,0.0
2024-07-30 10:40:00-04:00,16.155000686645508,16.155000686645508,16.1299991607666,16.1299991607666,408,0.0,0.0
2024-07-30 10:45:00-04:00,16.18000030517578,16.18000030517578,16.18000030517578,16.18000030517578,1008,0.0,0.0
2024-07-30 10:50:00-04:00,16.194900512695312,16.194900512695312,16.194900512695312,16.194900512695312,921,0.0,0.0
2024-07-30 10:55:00-04:00,16.184999465942383,16.184999465942383,16.18000030517578,16.184999465942383,1199,0.0,0.0
2024-07-30 11:00:00-04:00,16.149999618530273,16.15999984741211,16.149999618530273,16.15999984741211,403,0.0,0.0
2024-07-30 11:05:00-04:00,16.110000610351562,16.110000610351562,16.09000015258789,16.09000015258789,802,0.0,0.0
2024-07-30 11:15:00-04:00,16.020000457763672,16.020000457763672,16.020000457763672,16.020000457763672,409,0.0,0.0
2024-07-30 11:25:00-04:00,16.075000762939453,16.075000762939453,16.075000762939453,16.075000762939453,262,0.0,0.0
2024-07-30 11:30:00-04:00,16.120500564575195,16.120500564575195,16.030000686645508,16.079999923706055,1066,0.0,0.0
2024-07-30 11:40:00-04:00,16.030000686645508,16.030000686645508,16.014999389648438,16.014999389648438,1431,0.0,0.0
2024-07-30 11:50:00-04:00,16.020000457763672,16.020000457763672,16.020000457763672,16.020000457763672,258,0.0,0.0
2024-07-30 12:00:00-04:00,15.984999656677246,15.984999656677246,15.960000038146973,15.960000038146973,577,0.0,0.0
2024-07-30 12:05:00-04:00,15.970000267028809,15.994999885559082,15.970000267028809,15.994999885559082,715,0.0,0.0
2024-07-30 12:10:00-04:00,15.994999885559082,15.994999885559082,15.994999885559082,15.994999885559082,1432,0.0,0.0
2024-07-30 12:25:00-04:00,16.020000457763672,16.045000076293945,16.020000457763672,16.045000076293945,561,0.0,0.0
2024-07-30 12:30:00-04:00,16.030000686645508,16.049999237060547,16.030000686645508,16.049999237060547,378,0.0,0.0
2024-07-30 12:40:00-04:00,16.06999969482422,16.06999969482422,16.06999969482422,16.06999969482422,751,0.0,0.0
2024-07-30 12:45:00-04:00,16.094999313354492,16.094999313354492,16.094999313354492,16.094999313354492,123,0.0,0.0
2024-07-30 12:50:00-04:00,16.094999313354492,16.094999313354492,16.094999313354492,16.094999313354492,499,0.0,0.0
2024-07-30 12:55:00-04:00,16.06999969482422,16.075000762939453,16.06999969482422,16.075000762939453,221,0.0,0.0
2024-07-30 13:00:00-04:00,16.049999237060547,16.049999237060547,16.049999237060547,16.049999237060547,484,0.0,0.0
2024-07-30 13:05:00-04:00,16.024999618530273,16.049999237060547,16.024999618530273,16.030000686645508,1512,0.0,0.0
2024-07-30 13:15:00-04:00,16.024999618530273,16.024999618530273,16.0,16.0,1071,0.0,0.0
2024-07-30 13:30:00-04:00,16.0,16.030000686645508,16.0,16.030000686645508,1217,0.0,0.0
2024-07-30 13:35:00-04:00,16.059999465942383,16.059999465942383,16.059999465942383,16.059999465942383,600,0.0,0.0
2024-07-30 13:55:00-04:00,16.050100326538086,16.050100326538086,16.050100326538086,16.050100326538086,179,0.0,0.0
2024-07-30 14:00:00-04:00,16.100000381469727,16.100000381469727,16.100000381469727,16.100000381469727,570,0.0,0.0
2024-07-30 14:05:00-04:00,16.110000610351562,16.110000610351562,16.110000610351562,16.110000610351562,730,0.0,0.0
2024-07-30 14:25:00-04:00,16.094999313354492,16.100000381469727,16.094999313354492,16.100000381469727,796,0.0,0.0
2024-07-30 14:30:00-04:00,16.104999542236328,16.104999542236328,16.104999542236328,16.104999542236328,863,0.0,0.0
2024-07-30 14:35:00-04:00,16.1200008392334,16.1200008392334,16.1200008392334,16.1200008392334,953,0.0,0.0
2024-07-30 14:50:00-04:00,16.1299991607666,16.1299991607666,16.1299991607666,16.1299991607666,1438,0.0,0.0
2024-07-30 15:10:00-04:00,16.1200008392334,16.1200008392334,16.1200008392334,16.1200008392334,282,0.0,0.0
2024-07-30 15:15:00-04:00,16.139999389648438,16.139999389648438,16.125,16.125,461,0.0,0.0
2024-07-30 15:20:00-04:00,16.110000610351562,16.110000610351562,16.110000610351562,16.110000610351562,357,0.0,0.0
2024-07-30 15:30:00-04:00,16.125,16.125,16.110000610351562,16.110000610351562,2341,0.0,0.0
2024-07-30 15:35:00-04:00,16.110000610351562,16.1299991607666,16.110000610351562,16.114999771118164,4352,0.0,0.0
2024-07-30 15:45:00-04:00,16.190000534057617,16.229999542236328,16.190000534057617,16.229999542236328,1388,0.0,0.0
2024-07-30 15:50:00-04:00,16.239999771118164,16.260000228881836,16.209999084472656,16.209999084472656,44575,0.0,0.0
2024-07-30 15:55:00-04:00,16.200000762939453,16.239999771118164,16.177499771118164,16.19499969482422,5852,0.0,0.0
2024-07-31 09:30:00-04:00,16.34000015258789,16.34000015258789,16.34000015258789,16.34000015258789,498,0.0,0.0
2024-07-31 09:40:00-04:00,16.375,16.375,16.239999771118164,16.239999771118164,1191,0.0,0.0
2024-07-31 09:50:00-04:00,16.260000228881836,16.270000457763672,16.260000228881836,16.260000228881836,702,0.0,0.0
2024-07-31 10:00:00-04:00,16.19499969482422,16.43000030517578,16.19499969482422,16.43000030517578,1785,0.0,0.0
2024-07-31 10:05:00-04:00,16.43000030517578,16.454999923706055,16.43000030517578,16.440000534057617,1432,0.0,0.0
2024-07-31 10:10:00-04:00,16.462499618530273,16.49250030517578,16.457500457763672,16.49250030517578,2548,0.0,0.0
2024-07-31 10:15:00-04:00,16.510000228881836,16.53499984741211,16.510000228881836,16.53499984741211,525,0.0,0.0
2024-07-31 10:20:00-04:00,16.56999969482422,16.56999969482422,16.56999969482422,16.56999969482422,622,0.0,0.0
2024-07-31 10:35:00-04:00,16.55299949645996,16.625,16.55299949645996,16.6200008392334,4088,0.0,0.0
2024-07-31 10:40:00-04:00,16.610000610351562,16.65999984741211,16.610000610351562,16.6299991607666,5375,0.0,0.0
2024-07-31 10:45:00-04:00,16.68000030517578,16.68000030517578,16.68000030517578,16.68000030517578,106,0.0,0.0
2024-07-31 10:50:00-04:00,16.70989990234375,16.709999084472656,16.684999465942383,16.684999465942383,856,0.0,0.0
2024-07-31 10:55:00-04:00,16.690000534057617,16.690000534057617,16.690000534057617,16.690000534057617,922,0.0,0.0
2024-07-31 11:05:00-04:00,16.700000762939453,16.725000381469727,16.700000762939453,16.719999313354492,3495,0.0,0.0
2024-07-31 11:10:00-04:00,16.725000381469727,16.725000381469727,16.725000381469727,16.725000381469727,706,0.0,0.0
2024-07-31 11:25:00-04:00,16.725000381469727,16.725000381469727,16.725000381469727,16.725000381469727,913,0.0,0.0
2024-07-31 11:35:00-04:00,16.739999771118164,16.739999771118164,16.739999771118164,16.739999771118164,680,0.0,0.0
2024-07-31 11:40:00-04:00,16.795000076293945,16.795000076293945,16.780000686645508,16.795000076293945,658,0.0,0.0
2024-07-31 11:45:00-04:00,16.850000381469727,16.860000610351562,16.850000381469727,16.860000610351562,1533,0.0,0.0
2024-07-31 12:00:00-04:00,16.84000015258789,16.864999771118164,16.84000015258789,16.864999771118164,1309,0.0,0.0
2024-07-31 12:05:00-04:00,16.864999771118164,16.864999771118164,16.854999542236328,16.854999542236328,2572,0.0,0.0
2024-07-31 12:10:00-04:00,16.868000030517578,16.915000915527344,16.868000030517578,16.915000915527344,2079,0.0,0.0
2024-07-31 12:15:00-04:00,16.920000076293945,16.920000076293945,16.84000015258789,16.84000015258789,3634,0.0,0.0
2024-07-31 12:30:00-04:00,16.899999618530273,16.924999237060547,16.899999618530273,16.924999237060547,569,0.0,0.0
2024-07-31 12:35:00-04:00,16.93000030517578,16.93000030517578,16.93000030517578,16.93000030517578,206,0.0,0.0
2024-07-31 12:40:00-04:00,16.915000915527344,16.915000915527344,16.915000915527344,16.915000915527344,1583,0.0,0.0
2024-07-31 12:50:00-04:00,16.899999618530273,16.908100128173828,16.899999618530273,16.908100128173828,2090,0.0,0.0
2024-07-31 13:00:00-04:00,16.93000030517578,16.93000030517578,16.93000030517578,16.93000030517578,239,0.0,0.0
2024-07-31 13:05:00-04:00,16.920000076293945,16.920000076293945,16.920000076293945,16.920000076293945,1234,0.0,0.0
2024-07-31 13:10:00-04:00,16.905000686645508,16.905000686645508,16.88010025024414,16.889999389648438,2671,0.0,0.0
2024-07-31 13:15:00-04:00,16.890100479125977,16.899999618530273,16.890100479125977,16.899999618530273,661,0.0,0.0
2024-07-31 13:20:00-04:00,16.899999618530273,16.905000686645508,16.899999618530273,16.905000686645508,757,0.0,0.0
2024-07-31 13:25:00-04:00,16.889999389648438,16.889999389648438,16.889999389648438,16.889999389648438,207,0.0,0.0
2024-07-31 13:30:00-04:00,16.895000457763672,16.895000457763672,16.8700008392334,16.8700008392334,2180,0.0,0.0
2024-07-31 13:35:00-04:00,16.834999084472656,16.834999084472656,16.834999084472656,16.834999084472656,204,0.0,0.0
2024-07-31 13:40:00-04:00,16.799999237060547,16.825000762939453,16.799999237060547,16.825000762939453,271,0.0,0.0
2024-07-31 13:55:00-04:00,16.84000015258789,16.850000381469727,16.84000015258789,16.850000381469727,1236,0.0,0.0
2024-07-31 14:00:00-04:00,16.799999237060547,16.825000762939453,16.799999237060547,16.825000762939453,740,0.0,0.0
2024-07-31 14:05:00-04:00,16.800800323486328,16.800800323486328,16.800800323486328,16.800800323486328,187,0.0,0.0
2024-07-31 14:10:00-04:00,16.834999084472656,16.84000015258789,16.760000228881836,16.760000228881836,3730,0.0,0.0
2024-07-31 14:15:00-04:00,16.770000457763672,16.770000457763672,16.770000457763672,16.770000457763672,137,0.0,0.0
2024-07-31 14:20:00-04:00,16.780000686645508,16.78499984741211,16.780000686645508,16.78499984741211,11721,0.0,0.0
2024-07-31 14:25:00-04:00,16.709999084472656,16.75,16.709999084472656,16.75,912,0.0,0.0
2024-07-31 14:30:00-04:00,16.770000457763672,16.790000915527344,16.75,16.75,10905,0.0,0.0
2024-07-31 14:35:00-04:00,16.760000228881836,16.80500030517578,16.735000610351562,16.735000610351562,2406,0.0,0.0
2024-07-31 14:40:00-04:00,16.790000915527344,16.90999984741211,16.760000228881836,16.90999984741211,33438,0.0,0.0
2024-07-31 14:45:00-04:00,16.93000030517578,17.010000228881836,16.93000030517578,17.010000228881836,8329,0.0,0.0
2024-07-31 14:50:00-04:00,17.100000381469727,17.100000381469727,17.100000381469727,17.100000381469727,986,0.0,0.0
2024-07-31 14:55:00-04:00,17.184999465942383,17.260000228881836,17.184999465942383,17.260000228881836,2448,0.0,0.0
2024-07-31 15:00:00-04:00,17.28499984741211,17.320600509643555,17.239999771118164,17.239999771118164,4025,0.0,0.0
2024-07-31 15:05:00-04:00,17.23590087890625,17.239999771118164,17.23590087890625,17.239999771118164,1175,0.0,0.0
2024-07-31 15:10:00-04:00,17.209999084472656,17.225000381469727,17.209999084472656,17.225000381469727,582,0.0,0.0
2024-07-31 15:15:00-04:00,17.260000228881836,17.309999465942383,17.260000228881836,17.274999618530273,3123,0.0,0.0
2024-07-31 15:20:00-04:00,17.229999542236328,17.270000457763672,17.229999542236328,17.235000610351562,5058,0.0,0.0
2024-07-31 15:25:00-04:00,17.19499969482422,17.209999084472656,17.19499969482422,17.209999084472656,1992,0.0,0.0
2024-07-31 15:30:00-04:00,17.184999465942383,17.184999465942383,17.1200008392334,17.1200008392334,3332,0.0,0.0
2024-07-31 15:35:00-04:00,17.1299991607666,17.149999618530273,17.110000610351562,17.110000610351562,3768,0.0,0.0
2024-07-31 15:40:00-04:00,17.125,17.139999389648438,17.125,17.139999389648438,1240,0.0,0.0
2024-07-31 15:45:00-04:00,17.149999618530273,17.149999618530273,17.149999618530273,17.149999618530273,1118,0.0,0.0
2024-07-31 15:50:00-04:00,17.170000076293945,17.18000030517578,17.084999084472656,17.094999313354492,12762,0.0,0.0
2024-07-31 15:55:00-04:00,17.1200008392334,17.139999389648438,16.989999771118164,17.059999465942383,16984,0.0,0.0
2024-08-01 09:30:00-04:00,17.030000686645508,17.030000686645508,17.0,17.0,1115,0.0,0.0
2024-08-01 09:35:00-04:00,17.139999389648438,17.139999389648438,17.020000457763672,17.020000457763672,982,0.0,0.0
2024-08-01 09:40:00-04:00,17.020000457763672,17.110000610351562,17.020000457763672,17.110000610351562,348,0.0,0.0
2024-08-01 09:45:00-04:00,17.122800827026367,17.122800827026367,17.122800827026367,17.122800827026367,504,0.0,0.0
2024-08-01 09:50:00-04:00,17.079999923706055,17.079999923706055,17.049999237060547,17.059999465942383,2230,0.0,0.0
2024-08-01 09:55:00-04:00,17.045000076293945,17.045000076293945,17.045000076293945,17.045000076293945,104,0.0,0.0
2024-08-01 10:00:00-04:00,17.045000076293945,17.079999923706055,16.829999923706055,16.829999923706055,2221,0.0,0.0
2024-08-01 10:05:00-04:00,16.875,16.90999984741211,16.875,16.90999984741211,1457,0.0,0.0
2024-08-01 10:10:00-04:00,16.920000076293945,16.927900314331055,16.889999389648438,16.889999389648438,2041,0.0,0.0
2024-08-01 10:15:00-04:00,16.850000381469727,16.850000381469727,16.77989959716797,16.77989959716797,2921,0.0,0.0
2024-08-01 10:25:00-04:00,16.729999542236328,16.739999771118164,16.719999313354492,16.719999313354492,928,0.0,0.0
2024-08-01 10:30:00-04:00,16.725000381469727,16.725000381469727,16.725000381469727,16.725000381469727,953,0.0,0.0
2024-08-01 10:35:00-04:00,16.660999298095703,16.660999298095703,16.6299991607666,16.655000686645508,1736,0.0,0.0
2024-08-01 10:40:00-04:00,16.625,16.6299991607666,16.579999923706055,16.59000015258789,769,0.0,0.0
2024-08-01 10:45:00-04:00,16.600000381469727,16.600000381469727,16.5,16.5,2607,0.0,0.0
2024-08-01 10:50:00-04:00,16.514999389648438,16.53499984741211,16.514999389648438,16.53499984741211,769,0.0,0.0
2024-08-01 10:55:00-04:00,16.53499984741211,16.559999465942383,16.5,16.526199340820312,4704,0.0,0.0
2024-08-01 11:00:00-04:00,16.450000762939453,16.450000762939453,16.395000457763672,16.395000457763672,3070,0.0,0.0
2024-08-01 11:05:00-04:00,16.354999542236328,16.354999542236328,16.31679916381836,16.31679916381836,511,0.0,0.0
2024-08-01 11:10:00-04:00,16.344999313354492,16.344999313354492,16.270000457763672,16.270000457763672,1014,0.0,0.0
2024-08-01 11:15:00-04:00,16.260000228881836,16.309999465942383,16.219999313354492,16.219999313354492,2483,0.0,0.0
2024-08-01 11:20:00-04:00,16.229999542236328,16.229999542236328,16.1200008392334,16.1200008392334,3739,0.0,0.0
2024-08-01 11:25:00-04:00,16.125,16.1299991607666,16.125,16.1299991607666,813,0.0,0.0
2024-08-01 11:30:00-04:00,16.139999389648438,16.174999237060547,16.139999389648438,16.155000686645508,1193,0.0,0.0
2024-08-01 11:35:00-04:00,16.149999618530273,16.184999465942383,16.149999618530273,16.165000915527344,2509,0.0,0.0
2024-08-01 11:40:00-04:00,16.15999984741211,16.15999984741211,16.138900756835938,16.138900756835938,1083,0.0,0.0
2024-08-01 11:45:00-04:00,16.09000015258789,16.200000762939453,16.09000015258789,16.172000885009766,1975,0.0,0.0
2024-08-01 11:50:00-04:00,16.209999084472656,16.219999313354492,16.209999084472656,16.219999313354492,931,0.0,0.0
2024-08-01 12:00:00-04:00,16.239999771118164,16.239999771118164,16.239999771118164,16.239999771118164,527,0.0,0.0
2024-08-01 12:05:00-04:00,16.25,16.270000457763672,16.229999542236328,16.270000457763672,1089,0.0,0.0
2024-08-01 12:10:00-04:00,16.2450008392334,16.2450008392334,16.217500686645508,16.217500686645508,2764,0.0,0.0
2024-08-01 12:15:00-04:00,16.25,16.25,16.25,16.25,250,0.0,0.0
2024-08-01 12:20:00-04:00,16.274999618530273,16.280000686645508,16.260000228881836,16.280000686645508,2353,0.0,0.0
2024-08-01 12:25:00-04:00,16.344999313354492,16.344999313354492,16.344999313354492,16.344999313354492,462,0.0,0.0
2024-08-01 12:35:00-04:00,16.354999542236328,16.354999542236328,16.290000915527344,16.295000076293945,1301,0.0,0.0
2024-08-01 12:40:00-04:00,16.295000076293945,16.295000076293945,16.295000076293945,16.295000076293945,1537,0.0,0.0
2024-08-01 12:45:00-04:00,16.295000076293945,16.295000076293945,16.25,16.264999389648438,4405,0.0,0.0
2024-08-01 12:50:00-04:00,16.229999542236328,16.229999542236328,16.229999542236328,16.229999542236328,533,0.0,0.0
2024-08-01 12:55:00-04:00,16.290000915527344,16.290000915527344,16.290000915527344,16.290000915527344,793,0.0,0.0
2024-08-01 13:00:00-04:00,16.2549991607666,16.2549991607666,16.2549991607666,16.2549991607666,800,0.0,0.0
2024-08-01 13:05:00-04:00,16.270000457763672,16.294099807739258,16.239999771118164,16.270000457763672,809,0.0,0.0
2024-08-01 13:10:00-04:00,16.25,16.25,16.209999084472656,16.209999084472656,1656,0.0,0.0
2024-08-01 13:15:00-04:00,16.219999313354492,16.229999542236328,16.219999313354492,16.229999542236328,770,0.0,0.0
2024-08-01 13:20:00-04:00,16.229999542236328,16.229999542236328,16.229999542236328,16.229999542236328,440,0.0,0.0
2024-08-01 13:25:00-04:00,16.229999542236328,16.280000686645508,16.229999542236328,16.270000457763672,5729,0.0,0.0
2024-08-01 13:30:00-04:00,16.260000228881836,16.299999237060547,16.260000228881836,16.294099807739258,1028,0.0,0.0
2024-08-01 13:35:00-04:00,16.299999237060547,16.309999465942383,16.280000686645508,16.309999465942383,723,0.0,0.0
2024-08-01 13:45:00-04:00,16.280000686645508,16.280000686645508,16.280000686645508,16.280000686645508,290,0.0,0.0
2024-08-01 13:50:00-04:00,16.25,16.274999618530273,16.25,16.270000457763672,592,0.0,0.0
2024-08-01 13:55:00-04:00,16.280000686645508,16.299999237060547,16.280000686645508,16.299999237060547,715,0.0,0.0
2024-08-01 14:00:00-04:00,16.31999969482422,16.350000381469727,16.31999969482422,16.350000381469727,1964,0.0,0.0
2024-08-01 14:05:00-04:00,16.334999084472656,16.334999084472656,16.309999465942383,16.329999923706055,2849,0.0,0.0
2024-08-01 14:15:00-04:00,16.315000534057617,16.31999969482422,16.315000534057617,16.31999969482422,812,0.0,0.0
2024-08-01 14:20:00-04:00,16.350000381469727,16.350000381469727,16.325000762939453,16.325000762939453,798,0.0,0.0
2024-08-01 14:25:00-04:00,16.315000534057617,16.315000534057617,16.315000534057617,16.315000534057617,431,0.0,0.0
2024-08-01 14:30:00-04:00,16.280000686645508,16.309999465942383,16.280000686645508,16.309999465942383,529,0.0,0.0
2024-08-01 14:35:00-04:00,16.309999465942383,16.315000534057617,16.290000915527344,16.315000534057617,712,0.0,0.0
2024-08-01 14:40:00-04:00,16.30500030517578,16.309999465942383,16.299999237060547,16.299999237060547,700,0.0,0.0
2024-08-01 14:45:00-04:00,16.274999618530273,16.274999618530273,16.25,16.270000457763672,2537,0.0,0.0
2024-08-01 14:50:00-04:00,16.264999389648438,16.270000457763672,16.264999389648438,16.270000457763672,2268,0.0,0.0
2024-08-01 15:00:00-04:00,16.30500030517578,16.309999465942383,16.295000076293945,16.309999465942383,800,0.0,0.0
2024-08-01 15:05:00-04:00,16.315000534057617,16.34000015258789,16.280000686645508,16.31999969482422,2190,0.0,0.0
2024-08-01 15:10:00-04:00,16.30500030517578,16.30500030517578,16.30500030517578,16.30500030517578,527,0.0,0.0
2024-08-01 15:15:00-04:00,16.30500030517578,16.30500030517578,16.25,16.282499313354492,6366,0.0,0.0
2024-08-01 15:20:00-04:00,16.280000686645508,16.280000686645508,16.280000686645508,16.280000686645508,793,0.0,0.0
2024-08-01 15:25:00-04:00,16.309999465942383,16.334999084472656,16.309999465942383,16.329999923706055,843,0.0,0.0
2024-08-01 15:30:00-04:00,16.334999084472656,16.354999542236328,16.334999084472656,16.354999542236328,1137,0.0,0.0
2024-08-01 15:35:00-04:00,16.34000015258789,16.350000381469727,16.299999237060547,16.299999237060547,1436,0.0,0.0
2024-08-01 15:40:00-04:00,16.290000915527344,16.329999923706055,16.290000915527344,16.329999923706055,2350,0.0,0.0
2024-08-01 15:45:00-04:00,16.357999801635742,16.385000228881836,16.357999801635742,16.385000228881836,2128,0.0,0.0
2024-08-01 15:50:00-04:00,16.440000534057617,16.440000534057617,16.329999923706055,16.329999923706055,2357,0.0,0.0
2024-08-01 15:55:00-04:00,16.31999969482422,16.360000610351562,16.299999237060547,16.347999572753906,10594,0.0,0.0
2024-08-02 09:30:00-04:00,15.720000267028809,15.720000267028809,15.5,15.649999618530273,3738,0.0,0.0
2024-08-02 09:35:00-04:00,15.619999885559082,15.619999885559082,15.619999885559082,15.619999885559082,1294,0.0,0.0
2024-08-02 09:55:00-04:00,15.765000343322754,15.765000343322754,15.734999656677246,15.734999656677246,970,0.0,0.0
2024-08-02 10:00:00-04:00,15.720000267028809,15.720000267028809,15.720000267028809,15.720000267028809,320,0.0,0.0
2024-08-02 10:05:00-04:00,15.710000038146973,15.720000267028809,15.699999809265137,15.720000267028809,666,0.0,0.0
2024-08-02 10:10:00-04:00,15.6899995803833,15.699999809265137,15.630000114440918,15.630000114440918,3976,0.0,0.0
2024-08-02 10:15:00-04:00,15.623700141906738,15.625,15.539999961853027,15.5600004196167,4429,0.0,0.0
2024-08-02 10:20:00-04:00,15.529999732971191,15.529999732971191,15.5,15.510000228881836,1564,0.0,0.0
2024-08-02 10:25:00-04:00,15.494999885559082,15.539999961853027,15.494999885559082,15.539899826049805,2459,0.0,0.0
2024-08-02 10:30:00-04:00,15.489999771118164,15.489999771118164,15.489999771118164,15.489999771118164,550,0.0,0.0
2024-08-02 10:35:00-04:00,15.420000076293945,15.420100212097168,15.270000457763672,15.300100326538086,18882,0.0,0.0
2024-08-02 10:40:00-04:00,15.34000015258789,15.34000015258789,15.34000015258789,15.34000015258789,302,0.0,0.0
2024-08-02 10:45:00-04:00,15.40999984741211,15.425000190734863,15.40999984741211,15.425000190734863,925,0.0,0.0
2024-08-02 10:55:00-04:00,15.420000076293945,15.420000076293945,15.420000076293945,15.420000076293945,684,0.0,0.0
2024-08-02 11:05:00-04:00,15.369999885559082,15.369999885559082,15.369999885559082,15.369999885559082,581,0.0,0.0
2024-08-02 11:10:00-04:00,15.414999961853027,15.414999961853027,15.414999961853027,15.414999961853027,376,0.0,0.0
2024-08-02 11:15:00-04:00,15.403400421142578,15.403400421142578,15.369999885559082,15.369999885559082,1683,0.0,0.0
2024-08-02 11:20:00-04:00,15.359999656677246,15.364999771118164,15.329999923706055,15.329999923706055,1023,0.0,0.0
2024-08-02 11:25:00-04:00,15.354999542236328,15.354999542236328,15.319999694824219,15.350000381469727,1175,0.0,0.0
2024-08-02 11:35:00-04:00,15.430000305175781,15.430000305175781,15.430000305175781,15.430000305175781,817,0.0,0.0
2024-08-02 11:45:00-04:00,15.450300216674805,15.450300216674805,15.450300216674805,15.450300216674805,212,0.0,0.0
2024-08-02 11:50:00-04:00,15.40999984741211,15.40999984741211,15.40999984741211,15.40999984741211,672,0.0,0.0
2024-08-02 11:55:00-04:00,15.370100021362305,15.40999984741211,15.370100021362305,15.399999618530273,874,0.0,0.0
2024-08-02 12:00:00-04:00,15.40999984741211,15.4399995803833,15.380000114440918,15.4399995803833,4371,0.0,0.0
2024-08-02 12:10:00-04:00,15.430000305175781,15.430000305175781,15.430000305175781,15.430000305175781,145,0.0,0.0
2024-08-02 12:15:00-04:00,15.460000038146973,15.460000038146973,15.460000038146973,15.460000038146973,385,0.0,0.0
2024-08-02 12:30:00-04:00,15.489999771118164,15.550000190734863,15.489999771118164,15.550000190734863,1001,0.0,0.0
2024-08-02 12:40:00-04:00,15.600000381469727,15.600000381469727,15.600000381469727,15.600000381469727,357,0.0,0.0
2024-08-02 12:45:00-04:00,15.572699546813965,15.572699546813965,15.572699546813965,15.572699546813965,233,0.0,0.0
2024-08-02 12:50:00-04:00,15.520000457763672,15.520000457763672,15.520000457763672,15.520000457763672,443,0.0,0.0
2024-08-02 12:55:00-04:00,15.5,15.550000190734863,15.5,15.550000190734863,1365,0.0,0.0
2024-08-02 13:00:00-04:00,15.524999618530273,15.5600004196167,15.524999618530273,15.5600004196167,340,0.0,0.0
2024-08-02 13:05:00-04:00,15.5,15.5,15.5,15.5,137,0.0,0.0
2024-08-02 13:10:00-04:00,15.539999961853027,15.539999961853027,15.539999961853027,15.539999961853027,201,0.0,0.0
2024-08-02 13:15:00-04:00,15.5,15.520000457763672,15.5,15.520000457763672,793,0.0,0.0
2024-08-02 13:20:00-04:00,15.48169994354248,15.59000015258789,15.48169994354248,15.59000015258789,4431,0.0,0.0
2024-08-02 13:30:00-04:00,15.520000457763672,15.5600004196167,15.510000228881836,15.550000190734863,2200,0.0,0.0
2024-08-02 13:40:00-04:00,15.510000228881836,15.59000015258789,15.510000228881836,15.59000015258789,3131,0.0,0.0
2024-08-02 13:45:00-04:00,15.600000381469727,15.649999618530273,15.59000015258789,15.649999618530273,993,0.0,0.0
2024-08-02 13:50:00-04:00,15.649900436401367,15.649999618530273,15.603799819946289,15.649999618530273,1301,0.0,0.0
2024-08-02 13:55:00-04:00,15.605400085449219,15.605400085449219,15.605400085449219,15.605400085449219,1447,0.0,0.0
2024-08-02 14:05:00-04:00,15.59000015258789,15.59000015258789,15.59000015258789,15.59000015258789,132,0.0,0.0
2024-08-02 14:10:00-04:00,15.5600004196167,15.640000343322754,15.539999961853027,15.640000343322754,3755,0.0,0.0
2024-08-02 14:15:00-04:00,15.710000038146973,15.710000038146973,15.710000038146973,15.710000038146973,170,0.0,0.0
2024-08-02 14:20:00-04:00,15.6899995803833,15.6899995803833,15.680000305175781,15.6899995803833,964,0.0,0.0
2024-08-02 14:25:00-04:00,15.6899995803833,15.6899995803833,15.65999984741211,15.65999984741211,720,0.0,0.0
2024-08-02 14:35:00-04:00,15.649999618530273,15.649999618530273,15.6427001953125,15.6427001953125,1574,0.0,0.0
2024-08-02 14:55:00-04:00,15.655200004577637,15.655200004577637,15.655200004577637,15.655200004577637,807,0.0,0.0
2024-08-02 15:00:00-04:00,15.619999885559082,15.620100021362305,15.619999885559082,15.620100021362305,2057,0.0,0.0
2024-08-02 15:05:00-04:00,15.609999656677246,15.609999656677246,15.609999656677246,15.609999656677246,466,0.0,0.0
2024-08-02 15:10:00-04:00,15.579999923706055,15.579999923706055,15.5600004196167,15.5600004196167,1371,0.0,0.0
2024-08-02 15:15:00-04:00,15.5649995803833,15.569999694824219,15.5649995803833,15.569999694824219,1047,0.0,0.0
2024-08-02 15:20:00-04:00,15.569999694824219,15.579999923706055,15.569999694824219,15.579999923706055,1683,0.0,0.0
2024-08-02 15:25:00-04:00,15.579999923706055,15.579999923706055,15.5600004196167,15.5600004196167,2347,0.0,0.0
2024-08-02 15:30:00-04:00,15.569999694824219,15.579999923706055,15.569999694824219,15.579999923706055,737,0.0,0.0
2024-08-02 15:35:00-04:00,15.59000015258789,15.59000015258789,15.5600004196167,15.5600004196167,1729,0.0,0.0
2024-08-02 15:40:00-04:00,15.520000457763672,15.524999618530273,15.520000457763672,15.520000457763672,3652,0.0,0.0
2024-08-02 15:45:00-04:00,15.510000228881836,15.510000228881836,15.470000267028809,15.470000267028809,1720,0.0,0.0
2024-08-02 15:50:00-04:00,15.449999809265137,15.484999656677246,15.449999809265137,15.484999656677246,3939,0.0,0.0
2024-08-02 15:55:00-04:00,15.484999656677246,15.515000343322754,15.420000076293945,15.470000267028809,8497,0.0,0.0
2024-08-05 09:30:00-04:00,14.449999809265137,14.449999809265137,14.449999809265137,14.449999809265137,2913,0.0,0.0
2024-08-05 09:35:00-04:00,14.404999732971191,14.404999732971191,14.265600204467773,14.369999885559082,1254,0.0,0.0
2024-08-05 09:40:00-04:00,14.509900093078613,14.509900093078613,14.260000228881836,14.270000457763672,5128,0.0,0.0
2024-08-05 09:45:00-04:00,14.390000343322754,14.399999618530273,14.390000343322754,14.399999618530273,935,0.0,0.0
2024-08-05 09:55:00-04:00,14.479999542236328,14.479999542236328,14.479999542236328,14.479999542236328,1163,0.0,0.0
2024-08-05 10:00:00-04:00,14.619999885559082,14.619999885559082,14.619999885559082,14.619999885559082,155,0.0,0.0
2024-08-05 10:05:00-04:00,14.579999923706055,14.579999923706055,14.505000114440918,14.54990005493164,2414,0.0,0.0
2024-08-05 10:10:00-04:00,14.505000114440918,14.505000114440918,14.505000114440918,14.505000114440918,1343,0.0,0.0
2024-08-05 10:20:00-04:00,14.529999732971191,14.529999732971191,14.454999923706055,14.454999923706055,2477,0.0,0.0
2024-08-05 10:30:00-04:00,14.454999923706055,14.454999923706055,14.454999923706055,14.454999923706055,425,0.0,0.0
2024-08-05 10:35:00-04:00,14.505000114440918,14.505000114440918,14.470000267028809,14.470000267028809,859,0.0,0.0
2024-08-05 10:40:00-04:00,14.460000038146973,14.520000457763672,14.460000038146973,14.520000457763672,758,0.0,0.0
2024-08-05 10:45:00-04:00,14.539999961853027,14.539999961853027,14.510000228881836,14.510000228881836,1087,0.0,0.0
2024-08-05 10:55:00-04:00,14.539999961853027,14.579899787902832,14.539999961853027,14.579899787902832,1826,0.0,0.0
2024-08-05 11:00:00-04:00,14.470000267028809,14.470000267028809,14.449999809265137,14.449999809265137,870,0.0,0.0
2024-08-05 11:05:00-04:00,14.4399995803833,14.4399995803833,14.4399995803833,14.4399995803833,1376,0.0,0.0
2024-08-05 11:15:00-04:00,14.5600004196167,14.5600004196167,14.5600004196167,14.5600004196167,495,0.0,0.0
2024-08-05 11:20:00-04:00,14.529999732971191,14.55620002746582,14.505000114440918,14.55620002746582,2498,0.0,0.0
2024-08-05 11:25:00-04:00,14.520000457763672,14.520000457763672,14.520000457763672,14.520000457763672,1062,0.0,0.0
2024-08-05 11:35:00-04:00,14.582900047302246,14.582900047302246,14.582900047302246,14.582900047302246,828,0.0,0.0
2024-08-05 11:45:00-04:00,14.579999923706055,14.595000267028809,14.570799827575684,14.595000267028809,1351,0.0,0.0
2024-08-05 11:50:00-04:00,14.569999694824219,14.569999694824219,14.5600004196167,14.5600004196167,524,0.0,0.0
2024-08-05 12:00:00-04:00,14.551600456237793,14.551600456237793,14.550000190734863,14.550000190734863,3076,0.0,0.0
2024-08-05 12:05:00-04:00,14.545000076293945,14.569899559020996,14.545000076293945,14.569899559020996,640,0.0,0.0
2024-08-05 12:10:00-04:00,14.550000190734863,14.550000190734863,14.520000457763672,14.520000457763672,1729,0.0,0.0
2024-08-05 12:20:00-04:00,14.569999694824219,14.600000381469727,14.569999694824219,14.600000381469727,2382,0.0,0.0
2024-08-05 12:35:00-04:00,14.670000076293945,14.670000076293945,14.630000114440918,14.630000114440918,1519,0.0,0.0
2024-08-05 12:40:00-04:00,14.609999656677246,14.619999885559082,14.59000015258789,14.619999885559082,2205,0.0,0.0
2024-08-05 12:45:00-04:00,14.585000038146973,14.59000015258789,14.585000038146973,14.59000015258789,1975,0.0,0.0
2024-08-05 12:50:00-04:00,14.59000015258789,14.59000015258789,14.569999694824219,14.572500228881836,1334,0.0,0.0
2024-08-05 12:55:00-04:00,14.5600004196167,14.5649995803833,14.550000190734863,14.555000305175781,2480,0.0,0.0
2024-08-05 13:00:00-04:00,14.5600004196167,14.59000015258789,14.5600004196167,14.59000015258789,3391,0.0,0.0
2024-08-05 13:05:00-04:00,14.574999809265137,14.59000015258789,14.574999809265137,14.59000015258789,186,0.0,0.0
2024-08-05 13:10:00-04:00,14.579999923706055,14.579999923706055,14.550000190734863,14.550000190734863,2382,0.0,0.0
2024-08-05 13:15:00-04:00,14.574999809265137,14.574999809265137,14.574999809265137,14.574999809265137,248,0.0,0.0
2024-08-05 13:20:00-04:00,14.5649995803833,14.5649995803833,14.5600004196167,14.5600004196167,945,0.0,0.0
2024-08-05 13:25:00-04:00,14.595000267028809,14.595000267028809,14.550000190734863,14.550000190734863,1372,0.0,0.0
2024-08-05 13:30:00-04:00,14.550000190734863,14.550000190734863,14.550000190734863,14.550000190734863,493,0.0,0.0
2024-08-05 13:35:00-04:00,14.5600004196167,14.574999809265137,14.5600004196167,14.5600004196167,1543,0.0,0.0
2024-08-05 13:45:00-04:00,14.569999694824219,14.59000015258789,14.569999694824219,14.59000015258789,918,0.0,0.0
2024-08-05 13:50:00-04:00,14.600000381469727,14.600000381469727,14.600000381469727,14.600000381469727,706,0.0,0.0
2024-08-05 13:55:00-04:00,14.569999694824219,14.569999694824219,14.555000305175781,14.555000305175781,908,0.0,0.0
2024-08-05 14:00:00-04:00,14.555000305175781,14.569999694824219,14.555000305175781,14.569999694824219,814,0.0,0.0
2024-08-05 14:05:00-04:00,14.545000076293945,14.579999923706055,14.545000076293945,14.579999923706055,790,0.0,0.0
2024-08-05 14:10:00-04:00,14.574999809265137,14.574999809265137,14.574999809265137,14.574999809265137,572,0.0,0.0
2024-08-05 14:20:00-04:00,14.59000015258789,14.59000015258789,14.59000015258789,14.59000015258789,599,0.0,0.0
2024-08-05 14:25:00-04:00,14.600000381469727,14.600000381469727,14.600000381469727,14.600000381469727,410,0.0,0.0
2024-08-05 14:30:00-04:00,14.595000267028809,14.595000267028809,14.5600004196167,14.5600004196167,1347,0.0,0.0
2024-08-05 14:35:00-04:00,14.569999694824219,14.569999694824219,14.569999694824219,14.569999694824219,239,0.0,0.0
2024-08-05 14:40:00-04:00,14.550000190734863,14.550000190734863,14.529999732971191,14.529999732971191,597,0.0,0.0
2024-08-05 14:45:00-04:00,14.520000457763672,14.524999618530273,14.515000343322754,14.515000343322754,1436,0.0,0.0
2024-08-05 14:50:00-04:00,14.539999961853027,14.555000305175781,14.539999961853027,14.555000305175781,2216,0.0,0.0
2024-08-05 14:55:00-04:00,14.539999961853027,14.539999961853027,14.520000457763672,14.520000457763672,2077,0.0,0.0
2024-08-05 15:00:00-04:00,14.524999618530273,14.524999618530273,14.524999618530273,14.524999618530273,748,0.0,0.0
2024-08-05 15:05:00-04:00,14.524999618530273,14.524999618530273,14.5,14.515000343322754,1494,0.0,0.0
2024-08-05 15:15:00-04:00,14.520000457763672,14.520000457763672,14.510000228881836,14.510000228881836,2411,0.0,0.0
2024-08-05 15:20:00-04:00,14.550000190734863,14.569999694824219,14.550000190734863,14.569999694824219,1183,0.0,0.0
2024-08-05 15:25:00-04:00,14.569999694824219,14.574999809265137,14.550000190734863,14.550100326538086,2336,0.0,0.0
2024-08-05 15:30:00-04:00,14.552000045776367,14.552000045776367,14.520000457763672,14.520000457763672,1075,0.0,0.0
2024-08-05 15:35:00-04:00,14.53499984741211,14.5600004196167,14.529999732971191,14.539999961853027,3099,0.0,0.0
2024-08-05 15:40:00-04:00,14.531000137329102,14.539999961853027,14.529999732971191,14.529999732971191,2755,0.0,0.0
2024-08-05 15:45:00-04:00,14.529999732971191,14.529999732971191,14.5,14.50100040435791,4497,0.0,0.0
2024-08-05 15:50:00-04:00,14.520000457763672,14.569999694824219,14.510000228881836,14.510000228881836,3235,0.0,0.0
2024-08-05 15:55:00-04:00,14.529999732971191,14.529999732971191,14.510000228881836,14.510000228881836,6432,0.0,0.0
2024-08-06 09:30:00-04:00,14.569999694824219,14.569999694824219,14.529999732971191,14.529999732971191,1338,0.0,0.0
2024-08-06 09:35:00-04:00,14.449999809265137,14.5,14.449999809265137,14.5,2244,0.0,0.0
2024-08-06 09:40:00-04:00,14.430000305175781,14.430000305175781,14.430000305175781,14.430000305175781,7,0.0,0.0
2024-08-06 09:45:00-04:00,14.420000076293945,14.529500007629395,14.340499877929688,14.340499877929688,1188,0.0,0.0
2024-08-06 09:50:00-04:00,14.520000457763672,14.520000457763672,14.520000457763672,14.520000457763672,335,0.0,0.0
2024-08-06 09:55:00-04:00,14.524999618530273,14.524999618530273,14.520000457763672,14.520000457763672,338,0.0,0.0
2024-08-06 10:00:00-04:00,14.515000343322754,14.515000343322754,14.515000343322754,14.515000343322754,6254,0.0,0.0
2024-08-06 10:05:00-04:00,14.510000228881836,14.510000228881836,14.510000228881836,14.510000228881836,187,0.0,0.0
2024-08-06 10:10:00-04:00,14.5,14.5,14.489999771118164,14.489999771118164,787,0.0,0.0
2024-08-06 10:15:00-04:00,14.524999618530273,14.529999732971191,14.524999618530273,14.529999732971191,801,0.0,0.0
2024-08-06 10:30:00-04:00,14.550000190734863,14.550000190734863,14.505000114440918,14.505000114440918,1093,0.0,0.0
2024-08-06 10:35:00-04:00,14.54699993133545,14.576299667358398,14.54699993133545,14.576299667358398,518,0.0,0.0
2024-08-06 10:40:00-04:00,14.579999923706055,14.619999885559082,14.579999923706055,14.619999885559082,647,0.0,0.0
2024-08-06 10:55:00-04:00,14.739999771118164,14.739999771118164,14.739999771118164,14.739999771118164,754,0.0,0.0
2024-08-06 11:10:00-04:00,14.65999984741211,14.65999984741211,14.579999923706055,14.579999923706055,2076,0.0,0.0
2024-08-06 11:15:00-04:00,14.550000190734863,14.550000190734863,14.550000190734863,14.550000190734863,689,0.0,0.0
2024-08-06 11:20:00-04:00,14.529999732971191,14.529999732971191,14.529999732971191,14.529999732971191,192,0.0,0.0
2024-08-06 11:25:00-04:00,14.489999771118164,14.510000228881836,14.470000267028809,14.470000267028809,3201,0.0,0.0
2024-08-06 11:30:00-04:00,14.489999771118164,14.489999771118164,14.489999771118164,14.489999771118164,410,0.0,0.0
2024-08-06 11:35:00-04:00,14.520000457763672,14.520000457763672,14.51729965209961,14.51729965209961,2030,0.0,0.0
2024-08-06 11:50:00-04:00,14.510000228881836,14.510000228881836,14.510000228881836,14.510000228881836,327,0.0,0.0
2024-08-06 11:55:00-04:00,14.5600004196167,14.5600004196167,14.5600004196167,14.5600004196167,264,0.0,0.0
2024-08-06 12:10:00-04:00,14.609999656677246,14.609999656677246,14.609999656677246,14.609999656677246,1388,0.0,0.0
2024-08-06 12:30:00-04:00,14.59000015258789,14.640000343322754,14.579999923706055,14.640000343322754,1067,0.0,0.0
2024-08-06 12:35:00-04:00,14.609999656677246,14.609999656677246,14.600000381469727,14.600000381469727,444,0.0,0.0
2024-08-06 12:40:00-04:00,14.595000267028809,14.595000267028809,14.595000267028809,14.595000267028809,112,0.0,0.0
2024-08-06 12:45:00-04:00,14.605400085449219,14.605400085449219,14.605400085449219,14.605400085449219,1201,0.0,0.0
2024-08-06 12:50:00-04:00,14.579999923706055,14.579999923706055,14.579999923706055,14.579999923706055,850,0.0,0.0
2024-08-06 13:00:00-04:00,14.609999656677246,14.609999656677246,14.609999656677246,14.609999656677246,828,0.0,0.0
2024-08-06 13:20:00-04:00,14.619999885559082,14.619999885559082,14.619999885559082,14.619999885559082,621,0.0,0.0
2024-08-06 13:35:00-04:00,14.670000076293945,14.670000076293945,14.670000076293945,14.670000076293945,860,0.0,0.0
2024-08-06 14:05:00-04:00,14.630000114440918,14.630000114440918,14.630000114440918,14.630000114440918,470,0.0,0.0
2024-08-06 14:15:00-04:00,14.635000228881836,14.635000228881836,14.635000228881836,14.635000228881836,492,0.0,0.0
2024-08-06 14:20:00-04:00,14.699999809265137,14.699999809265137,14.699999809265137,14.699999809265137,1044,0.0,0.0
2024-08-06 14:30:00-04:00,14.6899995803833,14.6899995803833,14.6899995803833,14.6899995803833,1240,0.0,0.0
2024-08-06 14:40:00-04:00,14.704999923706055,14.704999923706055,14.704999923706055,14.704999923706055,599,0.0,0.0
2024-08-06 14:55:00-04:00,14.670000076293945,14.670000076293945,14.670000076293945,14.670000076293945,904,0.0,0.0
2024-08-06 15:00:00-04:00,14.600000381469727,14.600000381469727,14.600000381469727,14.600000381469727,422,0.0,0.0
2024-08-06 15:05:00-04:00,14.609999656677246,14.609999656677246,14.59000015258789,14.59000015258789,1017,0.0,0.0
2024-08-06 15:10:00-04:00,14.630000114440918,14.630000114440918,14.630000114440918,14.630000114440918,430,0.0,0.0
2024-08-06 15:15:00-04:00,14.600000381469727,14.600000381469727,14.59000015258789,14.59000015258789,1001,0.0,0.0
2024-08-06 15:25:00-04:00,14.635000228881836,14.635000228881836,14.629899978637695,14.629899978637695,1274,0.0,0.0
2024-08-06 15:30:00-04:00,14.630000114440918,14.708999633789062,14.630000114440918,14.708999633789062,6715,0.0,0.0
2024-08-06 15:35:00-04:00,14.699999809265137,14.715999603271484,14.6899995803833,14.6899995803833,452,0.0,0.0
2024-08-06 15:40:00-04:00,14.690999984741211,14.71560001373291,14.6899995803833,14.699999809265137,2780,0.0,0.0
2024-08-06 15:45:00-04:00,14.65999984741211,14.65999984741211,14.621999740600586,14.621999740600586,3065,0.0,0.0
2024-08-06 15:50:00-04:00,14.630000114440918,14.630000114440918,14.569999694824219,14.569999694824219,2943,0.0,0.0
2024-08-06 15:55:00-04:00,14.529999732971191,14.569999694824219,14.529999732971191,14.569999694824219,4244,0.0,0.0
2024-08-07 09:30:00-04:00,14.869999885559082,14.869999885559082,14.869999885559082,14.869999885559082,1021,0.0,0.0
2024-08-07 09:35:00-04:00,14.802200317382812,14.802200317382812,14.802200317382812,14.802200317382812,0,0.0,0.0
2024-08-07 09:40:00-04:00,14.720800399780273,14.720800399780273,14.720800399780273,14.720800399780273,2329,0.0,0.0
2024-08-07 10:00:00-04:00,14.779999732971191,14.850000381469727,14.72819995880127,14.850000381469727,1770,0.0,0.0
2024-08-07 10:05:00-04:00,14.760000228881836,14.760000228881836,14.760000228881836,14.760000228881836,495,0.0,0.0
2024-08-07 10:10:00-04:00,14.779999732971191,14.779999732971191,14.710000038146973,14.779999732971191,1346,0.0,0.0
2024-08-07 10:15:00-04:00,14.6899995803833,14.6899995803833,14.6899995803833,14.6899995803833,829,0.0,0.0
2024-08-07 10:25:00-04:00,14.619999885559082,14.630000114440918,14.619999885559082,14.625,888,0.0,0.0
2024-08-07 10:30:00-04:00,14.619999885559082,14.619999885559082,14.619999885559082,14.619999885559082,462,0.0,0.0
2024-08-07 10:35:00-04:00,14.644000053405762,14.644000053405762,14.609999656677246,14.609999656677246,575,0.0,0.0
2024-08-07 10:40:00-04:00,14.619999885559082,14.619999885559082,14.619999885559082,14.619999885559082,411,0.0,0.0
2024-08-07 10:50:00-04:00,14.739999771118164,14.739999771118164,14.739999771118164,14.739999771118164,1202,0.0,0.0
2024-08-07 10:55:00-04:00,14.789999961853027,14.789999961853027,14.755000114440918,14.755000114440918,837,0.0,0.0
2024-08-07 11:00:00-04:00,14.75,14.75,14.75,14.75,107,0.0,0.0
2024-08-07 11:05:00-04:00,14.75,14.75,14.75,14.75,492,0.0,0.0
2024-08-07 11:10:00-04:00,14.739999771118164,14.739999771118164,14.739999771118164,14.739999771118164,876,0.0,0.0
2024-08-07 11:20:00-04:00,14.640000343322754,14.640000343322754,14.630000114440918,14.630000114440918,640,0.0,0.0
2024-08-07 11:25:00-04:00,14.600000381469727,14.609999656677246,14.59000015258789,14.59000015258789,3565,0.0,0.0
2024-08-07 11:45:00-04:00,14.539999961853027,14.539999961853027,14.5,14.520000457763672,3477,0.0,0.0
2024-08-07 11:50:00-04:00,14.539999961853027,14.539999961853027,14.539999961853027,14.539999961853027,364,0.0,0.0
2024-08-07 12:00:00-04:00,14.520000457763672,14.520000457763672,14.520000457763672,14.520000457763672,638,0.0,0.0
2024-08-07 12:05:00-04:00,14.5,14.5,14.5,14.5,551,0.0,0.0
2024-08-07 12:15:00-04:00,14.569999694824219,14.579999923706055,14.569999694824219,14.579999923706055,1031,0.0,0.0
2024-08-07 12:25:00-04:00,14.5600004196167,14.569999694824219,14.5600004196167,14.569999694824219,650,0.0,0.0
2024-08-07 12:40:00-04:00,14.539999961853027,14.539999961853027,14.539999961853027,14.539999961853027,1833,0.0,0.0
2024-08-07 13:10:00-04:00,14.470000267028809,14.470000267028809,14.40999984741211,14.414999961853027,1085,0.0,0.0
2024-08-07 13:15:00-04:00,14.399999618530273,14.399999618530273,14.399999618530273,14.399999618530273,785,0.0,0.0
2024-08-07 13:25:00-04:00,14.460000038146973,14.460000038146973,14.460000038146973,14.460000038146973,516,0.0,0.0
2024-08-07 13:40:00-04:00,14.479999542236328,14.479999542236328,14.479999542236328,14.479999542236328,1095,0.0,0.0
2024-08-07 13:45:00-04:00,14.390000343322754,14.390000343322754,14.390000343322754,14.390000343322754,671,0.0,0.0
2024-08-07 13:55:00-04:00,14.390000343322754,14.390000343322754,14.390000343322754,14.390000343322754,382,0.0,0.0
2024-08-07 14:05:00-04:00,14.390000343322754,14.399999618530273,14.390000343322754,14.399999618530273,950,0.0,0.0
2024-08-07 14:10:00-04:00,14.399999618530273,14.399999618530273,14.399999618530273,14.399999618530273,314,0.0,0.0
2024-08-07 14:15:00-04:00,14.399999618530273,14.449999809265137,14.399999618530273,14.449999809265137,1520,0.0,0.0
2024-08-07 14:20:00-04:00,14.425000190734863,14.425000190734863,14.425000190734863,14.425000190734863,305,0.0,0.0
2024-08-07 14:25:00-04:00,14.425000190734863,14.425000190734863,14.380000114440918,14.380000114440918,1568,0.0,0.0
2024-08-07 14:35:00-04:00,14.34000015258789,14.34000015258789,14.34000015258789,14.34000015258789,632,0.0,0.0
2024-08-07 14:45:00-04:00,14.364999771118164,14.364999771118164,14.338800430297852,14.338800430297852,1984,0.0,0.0
2024-08-07 15:05:00-04:00,14.439900398254395,14.439900398254395,14.425000190734863,14.425000190734863,1197,0.0,0.0
2024-08-07 15:10:00-04:00,14.399999618530273,14.399999618530273,14.399999618530273,14.399999618530273,1034,0.0,0.0
2024-08-07 15:15:00-04:00,14.404999732971191,14.420000076293945,14.404999732971191,14.420000076293945,441,0.0,0.0
2024-08-07 15:20:00-04:00,14.410099983215332,14.410099983215332,14.410099983215332,14.410099983215332,231,0.0,0.0
2024-08-07 15:25:00-04:00,14.410099983215332,14.425000190734863,14.359999656677246,14.359999656677246,5094,0.0,0.0
2024-08-07 15:30:00-04:00,14.359999656677246,14.389100074768066,14.359999656677246,14.380000114440918,1878,0.0,0.0
2024-08-07 15:35:00-04:00,14.420000076293945,14.420000076293945,14.420000076293945,14.420000076293945,530,0.0,0.0
2024-08-07 15:40:00-04:00,14.40999984741211,14.40999984741211,14.390000343322754,14.399999618530273,1674,0.0,0.0
2024-08-07 15:45:00-04:00,14.399999618530273,14.399999618530273,14.399999618530273,14.399999618530273,605,0.0,0.0
2024-08-07 15:50:00-04:00,14.359999656677246,14.380000114440918,14.359999656677246,14.380000114440918,1328,0.0,0.0
2024-08-07 15:55:00-04:00,14.329999923706055,14.329999923706055,14.289999961853027,14.329999923706055,4625,0.0,0.0
2024-08-08 09:30:00-04:00,14.5600004196167,14.5600004196167,14.5600004196167,14.5600004196167,1505,0.0,0.0
2024-08-08 09:35:00-04:00,14.579999923706055,14.59000015258789,14.579999923706055,14.59000015258789,307,0.0,0.0
2024-08-08 09:40:00-04:00,14.550000190734863,14.550000190734863,14.550000190734863,14.550000190734863,0,0.0,0.0
2024-08-08 09:45:00-04:00,14.550000190734863,14.550000190734863,14.550000190734863,14.550000190734863,2124,0.0,0.0
2024-08-08 10:00:00-04:00,14.710000038146973,14.710000038146973,14.710000038146973,14.710000038146973,1242,0.0,0.0
2024-08-08 10:05:00-04:00,14.663900375366211,14.663900375366211,14.663900375366211,14.663900375366211,564,0.0,0.0
2024-08-08 10:10:00-04:00,14.585000038146973,14.585000038146973,14.585000038146973,14.585000038146973,1647,0.0,0.0
2024-08-08 10:20:00-04:00,14.520000457763672,14.520000457763672,14.520000457763672,14.520000457763672,131,0.0,0.0
2024-08-08 10:25:00-04:00,14.5600004196167,14.5600004196167,14.5600004196167,14.5600004196167,558,0.0,0.0
2024-08-08 10:30:00-04:00,14.529000282287598,14.529000282287598,14.529000282287598,14.529000282287598,955,0.0,0.0
2024-08-08 10:40:00-04:00,14.600000381469727,14.600000381469727,14.600000381469727,14.600000381469727,850,0.0,0.0
2024-08-08 10:50:00-04:00,14.574999809265137,14.574999809265137,14.574999809265137,14.574999809265137,300,0.0,0.0
2024-08-08 10:55:00-04:00,14.609999656677246,14.609999656677246,14.609999656677246,14.609999656677246,183,0.0,0.0
2024-08-08 11:05:00-04:00,14.635000228881836,14.635000228881836,14.635000228881836,14.635000228881836,784,0.0,0.0
2024-08-08 11:20:00-04:00,14.530099868774414,14.530099868774414,14.530099868774414,14.530099868774414,791,0.0,0.0
2024-08-08 11:30:00-04:00,14.5600004196167,14.5600004196167,14.5600004196167,14.5600004196167,160,0.0,0.0
2024-08-08 11:40:00-04:00,14.585000038146973,14.585000038146973,14.585000038146973,14.585000038146973,164,0.0,0.0
2024-08-08 11:45:00-04:00,14.569999694824219,14.585000038146973,14.569999694824219,14.585000038146973,517,0.0,0.0
2024-08-08 11:50:00-04:00,14.600000381469727,14.600000381469727,14.600000381469727,14.600000381469727,592,0.0,0.0
2024-08-08 12:15:00-04:00,14.579999923706055,14.579999923706055,14.579999923706055,14.579999923706055,157,0.0,0.0
2024-08-08 12:20:00-04:00,14.569999694824219,14.569999694824219,14.569999694824219,14.569999694824219,269,0.0,0.0
2024-08-08 12:25:00-04:00,14.520899772644043,14.520899772644043,14.517000198364258,14.517000198364258,2386,0.0,0.0
2024-08-08 12:30:00-04:00,14.569899559020996,14.569899559020996,14.569899559020996,14.569899559020996,457,0.0,0.0
2024-08-08 12:40:00-04:00,14.545000076293945,14.545000076293945,14.510000228881836,14.510000228881836,772,0.0,0.0
2024-08-08 12:50:00-04:00,14.569999694824219,14.569999694824219,14.569999694824219,14.569999694824219,118,0.0,0.0
2024-08-08 13:00:00-04:00,14.550000190734863,14.550000190734863,14.550000190734863,14.550000190734863,358,0.0,0.0
2024-08-08 13:05:00-04:00,14.520000457763672,14.529999732971191,14.520000457763672,14.529999732971191,949,0.0,0.0
2024-08-08 13:15:00-04:00,14.569999694824219,14.569999694824219,14.569999694824219,14.569999694824219,195,0.0,0.0
2024-08-08 13:30:00-04:00,14.640000343322754,14.640000343322754,14.640000343322754,14.640000343322754,539,0.0,0.0
2024-08-08 13:45:00-04:00,14.640000343322754,14.649999618530273,14.640000343322754,14.640000343322754,589,0.0,0.0
2024-08-08 13:50:00-04:00,14.640000343322754,14.65999984741211,14.640000343322754,14.65999984741211,313,0.0,0.0
2024-08-08 13:55:00-04:00,14.630000114440918,14.630000114440918,14.630000114440918,14.630000114440918,1511,0.0,0.0
2024-08-08 14:25:00-04:00,14.640000343322754,14.649999618530273,14.630000114440918,14.630000114440918,1418,0.0,0.0
2024-08-08 14:40:00-04:00,14.625,14.625,14.625,14.625,2155,0.0,0.0
2024-08-08 14:50:00-04:00,14.630000114440918,14.630000114440918,14.600000381469727,14.604999542236328,1879,0.0,0.0
2024-08-08 15:00:00-04:00,14.59000015258789,14.59000015258789,14.59000015258789,14.59000015258789,589,0.0,0.0
2024-08-08 15:05:00-04:00,14.579999923706055,14.579999923706055,14.579999923706055,14.579999923706055,1571,0.0,0.0
2024-08-08 15:10:00-04:00,14.640000343322754,14.640000343322754,14.640000343322754,14.640000343322754,498,0.0,0.0
2024-08-08 15:20:00-04:00,14.619999885559082,14.619999885559082,14.619999885559082,14.619999885559082,507,0.0,0.0
2024-08-08 15:25:00-04:00,14.619999885559082,14.619999885559082,14.579999923706055,14.59000015258789,3087,0.0,0.0
2024-08-08 15:30:00-04:00,14.59000015258789,14.59000015258789,14.579999923706055,14.579999923706055,718,0.0,0.0
2024-08-08 15:35:00-04:00,14.579999923706055,14.579999923706055,14.547800064086914,14.569999694824219,3739,0.0,0.0
2024-08-08 15:40:00-04:00,14.579999923706055,14.579999923706055,14.579999923706055,14.579999923706055,210,0.0,0.0
2024-08-08 15:45:00-04:00,14.600000381469727,14.609999656677246,14.59000015258789,14.59000015258789,1223,0.0,0.0
2024-08-08 15:50:00-04:00,14.569999694824219,14.579999923706055,14.569999694824219,14.579999923706055,2562,0.0,0.0
2024-08-08 15:55:00-04:00,14.569999694824219,14.600000381469727,14.539999961853027,14.600000381469727,6138,0.0,0.0
2024-08-09 09:30:00-04:00,14.600000381469727,14.640000343322754,14.600000381469727,14.640000343322754,1203,0.0,0.0
2024-08-09 09:35:00-04:00,14.5600004196167,14.65999984741211,14.5600004196167,14.65999984741211,565,0.0,0.0
2024-08-09 09:40:00-04:00,14.65999984741211,14.65999984741211,14.569999694824219,14.65999984741211,521,0.0,0.0
2024-08-09 09:45:00-04:00,14.574999809265137,14.574999809265137,14.574999809265137,14.574999809265137,294,0.0,0.0
2024-08-09 09:50:00-04:00,14.585000038146973,14.59000015258789,14.585000038146973,14.59000015258789,1158,0.0,0.0
2024-08-09 09:55:00-04:00,14.595000267028809,14.595000267028809,14.595000267028809,14.595000267028809,141,0.0,0.0
2024-08-09 10:00:00-04:00,14.595000267028809,14.595000267028809,14.595000267028809,14.595000267028809,451,0.0,0.0
2024-08-09 10:05:00-04:00,14.630000114440918,14.630000114440918,14.630000114440918,14.630000114440918,250,0.0,0.0
2024-08-09 10:10:00-04:00,14.59000015258789,14.59000015258789,14.529999732971191,14.529999732971191,687,0.0,0.0
2024-08-09 10:15:00-04:00,14.53499984741211,14.53499984741211,14.53499984741211,14.53499984741211,419,0.0,0.0
2024-08-09 10:20:00-04:00,14.475000381469727,14.53499984741211,14.475000381469727,14.53499984741211,1208,0.0,0.0
2024-08-09 10:30:00-04:00,14.484999656677246,14.484999656677246,14.375,14.387999534606934,5847,0.0,0.0
2024-08-09 10:35:00-04:00,14.359999656677246,14.430000305175781,14.359999656677246,14.430000305175781,1372,0.0,0.0
2024-08-09 10:40:00-04:00,14.510000228881836,14.515000343322754,14.510000228881836,14.515000343322754,636,0.0,0.0
2024-08-09 10:45:00-04:00,14.510000228881836,14.510000228881836,14.510000228881836,14.510000228881836,137,0.0,0.0
2024-08-09 10:50:00-04:00,14.515000343322754,14.515000343322754,14.515000343322754,14.515000343322754,259,0.0,0.0
2024-08-09 10:55:00-04:00,14.529999732971191,14.529999732971191,14.479999542236328,14.479999542236328,893,0.0,0.0
2024-08-09 11:00:00-04:00,14.494999885559082,14.494999885559082,14.489999771118164,14.489999771118164,312,0.0,0.0
2024-08-09 11:05:00-04:00,14.496899604797363,14.496899604797363,14.496899604797363,14.496899604797363,420,0.0,0.0
2024-08-09 11:10:00-04:00,14.479999542236328,14.479999542236328,14.475000381469727,14.475000381469727,1533,0.0,0.0
2024-08-09 11:25:00-04:00,14.479999542236328,14.479999542236328,14.479999542236328,14.479999542236328,150,0.0,0.0
2024-08-09 11:30:00-04:00,14.479999542236328,14.510000228881836,14.470000267028809,14.479999542236328,14177,0.0,0.0
2024-08-09 11:35:00-04:00,14.475000381469727,14.5,14.470000267028809,14.5,1120,0.0,0.0
2024-08-09 11:40:00-04:00,14.510000228881836,14.510000228881836,14.510000228881836,14.510000228881836,576,0.0,0.0
2024-08-09 11:45:00-04:00,14.51990032196045,14.51990032196045,14.51990032196045,14.51990032196045,128,0.0,0.0
2024-08-09 11:50:00-04:00,14.520000457763672,14.520000457763672,14.5,14.5,390,0.0,0.0
2024-08-09 11:55:00-04:00,14.5,14.5,14.479999542236328,14.479999542236328,527,0.0,0.0
2024-08-09 12:00:00-04:00,14.529999732971191,14.529999732971191,14.529999732971191,14.529999732971191,364,0.0,0.0
2024-08-09 12:05:00-04:00,14.479999542236328,14.479999542236328,14.479999542236328,14.479999542236328,292,0.0,0.0
2024-08-09 12:10:00-04:00,14.479999542236328,14.479999542236328,14.479999542236328,14.479999542236328,509,0.0,0.0
2024-08-09 12:15:00-04:00,14.479999542236328,14.479999542236328,14.460000038146973,14.460000038146973,2978,0.0,0.0
2024-08-09 12:25:00-04:00,14.4399995803833,14.4399995803833,14.4399995803833,14.4399995803833,779,0.0,0.0
2024-08-09 12:50:00-04:00,14.4399995803833,14.4399995803833,14.390000343322754,14.399999618530273,2939,0.0,0.0
2024-08-09 13:10:00-04:00,14.420000076293945,14.429900169372559,14.420000076293945,14.429900169372559,714,0.0,0.0
2024-08-09 13:15:00-04:00,14.430000305175781,14.4399995803833,14.430000305175781,14.4399995803833,548,0.0,0.0
2024-08-09 13:20:00-04:00,14.444999694824219,14.460000038146973,14.444999694824219,14.460000038146973,298,0.0,0.0
2024-08-09 13:25:00-04:00,14.460000038146973,14.460000038146973,14.460000038146973,14.460000038146973,482,0.0,0.0
2024-08-09 13:30:00-04:00,14.485600471496582,14.485600471496582,14.485600471496582,14.485600471496582,353,0.0,0.0
2024-08-09 13:40:00-04:00,14.5,14.5,14.5,14.5,854,0.0,0.0
2024-08-09 13:45:00-04:00,14.5,14.5,14.5,14.5,1766,0.0,0.0
2024-08-09 13:50:00-04:00,14.470000267028809,14.470000267028809,14.470000267028809,14.470000267028809,124,0.0,0.0
2024-08-09 13:55:00-04:00,14.460000038146973,14.484999656677246,14.420000076293945,14.460000038146973,9984,0.0,0.0
2024-08-09 14:10:00-04:00,14.449999809265137,14.449999809265137,14.399999618530273,14.404999732971191,7151,0.0,0.0
2024-08-09 14:15:00-04:00,14.420000076293945,14.420000076293945,14.380000114440918,14.380000114440918,683,0.0,0.0
2024-08-09 14:20:00-04:00,14.380000114440918,14.380000114440918,14.380000114440918,14.380000114440918,269,0.0,0.0
2024-08-09 14:25:00-04:00,14.399999618530273,14.399999618530273,14.399999618530273,14.399999618530273,687,0.0,0.0
2024-08-09 14:30:00-04:00,14.414999961853027,14.414999961853027,14.414999961853027,14.414999961853027,386,0.0,0.0
2024-08-09 14:35:00-04:00,14.390000343322754,14.390000343322754,14.390000343322754,14.390000343322754,813,0.0,0.0
2024-08-09 14:50:00-04:00,14.390000343322754,14.390000343322754,14.390000343322754,14.390000343322754,207,0.0,0.0
2024-08-09 14:55:00-04:00,14.404999732971191,14.404999732971191,14.390000343322754,14.390000343322754,1500,0.0,0.0
2024-08-09 15:00:00-04:00,14.380000114440918,14.380000114440918,14.380000114440918,14.380000114440918,187,0.0,0.0
2024-08-09 15:05:00-04:00,14.380000114440918,14.380000114440918,14.359999656677246,14.359999656677246,1006,0.0,0.0
2024-08-09 15:10:00-04:00,14.350000381469727,14.364999771118164,14.350000381469727,14.364999771118164,444,0.0,0.0
2024-08-09 15:15:00-04:00,14.364999771118164,14.390000343322754,14.364999771118164,14.390000343322754,1341,0.0,0.0
2024-08-09 15:25:00-04:00,14.397000312805176,14.420000076293945,14.385000228881836,14.420000076293945,1695,0.0,0.0
2024-08-09 15:30:00-04:00,14.4399995803833,14.460000038146973,14.4399995803833,14.449999809265137,5086,0.0,0.0
2024-08-09 15:35:00-04:00,14.449999809265137,14.449999809265137,14.390000343322754,14.390000343322754,1869,0.0,0.0
2024-08-09 15:40:00-04:00,14.40999984741211,14.420000076293945,14.399999618530273,14.420000076293945,2434,0.0,0.0
2024-08-09 15:45:00-04:00,14.420000076293945,14.430000305175781,14.420000076293945,14.430000305175781,1919,0.0,0.0
2024-08-09 15:50:00-04:00,14.430000305175781,14.430000305175781,14.380000114440918,14.380000114440918,3261,0.0,0.0
2024-08-09 15:55:00-04:00,14.390000343322754,14.399999618530273,14.34000015258789,14.350000381469727,10232,0.0,0.0
2024-08-12 09:30:00-04:00,14.479999542236328,14.479999542236328,14.479999542236328,14.479999542236328,1944,0.0,0.0
2024-08-12 09:40:00-04:00,14.4350004196167,14.4350004196167,14.4350004196167,14.4350004196167,682,0.0,0.0
2024-08-12 09:45:00-04:00,14.399999618530273,14.399999618530273,14.350000381469727,14.350000381469727,897,0.0,0.0
2024-08-12 09:55:00-04:00,14.37339973449707,14.37339973449707,14.37339973449707,14.37339973449707,312,0.0,0.0
2024-08-12 10:05:00-04:00,14.40999984741211,14.40999984741211,14.40999984741211,14.40999984741211,585,0.0,0.0
2024-08-12 10:10:00-04:00,14.390000343322754,14.390000343322754,14.390000343322754,14.390000343322754,302,0.0,0.0
2024-08-12 10:15:00-04:00,14.390000343322754,14.390000343322754,14.3149995803833,14.3149995803833,1021,0.0,0.0
2024-08-12 10:20:00-04:00,14.359999656677246,14.359999656677246,14.359999656677246,14.359999656677246,386,0.0,0.0
2024-08-12 10:25:00-04:00,14.345000267028809,14.345000267028809,14.329999923706055,14.329999923706055,484,0.0,0.0
2024-08-12 10:30:00-04:00,14.314000129699707,14.314000129699707,14.3100004196167,14.3100004196167,887,0.0,0.0
2024-08-12 10:35:00-04:00,14.319999694824219,14.364999771118164,14.3149995803833,14.364999771118164,1480,0.0,0.0
2024-08-12 10:40:00-04:00,14.380000114440918,14.399999618530273,14.380000114440918,14.399999618530273,444,0.0,0.0
2024-08-12 10:50:00-04:00,14.380000114440918,14.380000114440918,14.375,14.375,637,0.0,0.0
2024-08-12 10:55:00-04:00,14.380000114440918,14.380000114440918,14.380000114440918,14.380000114440918,222,0.0,0.0
2024-08-12 11:05:00-04:00,14.390000343322754,14.390000343322754,14.390000343322754,14.390000343322754,853,0.0,0.0
2024-08-12 11:10:00-04:00,14.399999618530273,14.399999618530273,14.399999618530273,14.399999618530273,889,0.0,0.0
2024-08-12 11:15:00-04:00,14.369999885559082,14.375,14.369999885559082,14.375,479,0.0,0.0
2024-08-12 11:20:00-04:00,14.354999542236328,14.354999542236328,14.300000190734863,14.300000190734863,1090,0.0,0.0
2024-08-12 11:25:00-04:00,14.295900344848633,14.329999923706055,14.295900344848633,14.329999923706055,3463,0.0,0.0
2024-08-12 11:40:00-04:00,14.319999694824219,14.329999923706055,14.319999694824219,14.329999923706055,310,0.0,0.0
2024-08-12 11:45:00-04:00,14.329999923706055,14.329999923706055,14.3100004196167,14.3100004196167,3545,0.0,0.0
2024-08-12 11:50:00-04:00,14.3100004196167,14.3100004196167,14.30049991607666,14.30049991607666,3825,0.0,0.0
2024-08-12 11:55:00-04:00,14.324999809265137,14.34000015258789,14.324999809265137,14.34000015258789,1444,0.0,0.0
2024-08-12 12:10:00-04:00,14.329999923706055,14.345000267028809,14.319999694824219,14.345000267028809,2379,0.0,0.0
2024-08-12 12:25:00-04:00,14.319999694824219,14.319999694824219,14.300000190734863,14.300000190734863,647,0.0,0.0
2024-08-12 12:30:00-04:00,14.300000190734863,14.300000190734863,14.300000190734863,14.300000190734863,509,0.0,0.0
2024-08-12 12:35:00-04:00,14.289999961853027,14.289999961853027,14.289999961853027,14.289999961853027,327,0.0,0.0
2024-08-12 12:40:00-04:00,14.270000457763672,14.270000457763672,14.255000114440918,14.255000114440918,886,0.0,0.0
2024-08-12 12:45:00-04:00,14.270000457763672,14.300000190734863,14.270000457763672,14.300000190734863,1218,0.0,0.0
2024-08-12 12:55:00-04:00,14.289999961853027,14.305000305175781,14.289999961853027,14.305000305175781,1361,0.0,0.0
2024-08-12 13:00:00-04:00,14.265000343322754,14.265000343322754,14.265000343322754,14.265000343322754,392,0.0,0.0
2024-08-12 13:05:00-04:00,14.289999961853027,14.289999961853027,14.289999961853027,14.289999961853027,546,0.0,0.0
2024-08-12 13:10:00-04:00,14.300000190734863,14.300000190734863,14.300000190734863,14.300000190734863,662,0.0,0.0
2024-08-12 13:15:00-04:00,14.350000381469727,14.350000381469727,14.350000381469727,14.350000381469727,108,0.0,0.0
2024-08-12 13:20:00-04:00,14.341300010681152,14.364999771118164,14.341300010681152,14.364999771118164,854,0.0,0.0
2024-08-12 13:25:00-04:00,14.34000015258789,14.369999885559082,14.34000015258789,14.369999885559082,714,0.0,0.0
2024-08-12 13:30:00-04:00,14.380000114440918,14.380000114440918,14.380000114440918,14.380000114440918,184,0.0,0.0
2024-08-12 13:40:00-04:00,14.390000343322754,14.390000343322754,14.390000343322754,14.390000343322754,152,0.0,0.0
2024-08-12 13:45:00-04:00,14.399999618530273,14.399999618530273,14.395000457763672,14.395000457763672,345,0.0,0.0
2024-08-12 13:50:00-04:00,14.399999618530273,14.399999618530273,14.399999618530273,14.399999618530273,392,0.0,0.0
2024-08-12 13:55:00-04:00,14.390000343322754,14.390000343322754,14.390000343322754,14.390000343322754,582,0.0,0.0
2024-08-12 14:00:00-04:00,14.399999618530273,14.399999618530273,14.399999618530273,14.399999618530273,775,0.0,0.0
2024-08-12 14:05:00-04:00,14.390000343322754,14.390000343322754,14.390000343322754,14.390000343322754,371,0.0,0.0
2024-08-12 14:15:00-04:00,14.390000343322754,14.390000343322754,14.390000343322754,14.390000343322754,345,0.0,0.0
2024-08-12 14:30:00-04:00,14.390000343322754,14.399999618530273,14.385000228881836,14.399999618530273,1304,0.0,0.0
2024-08-12 14:35:00-04:00,14.390000343322754,14.399999618530273,14.390000343322754,14.399999618530273,1083,0.0,0.0
2024-08-12 14:40:00-04:00,14.399999618530273,14.399999618530273,14.399999618530273,14.399999618530273,1320,0.0,0.0
2024-08-12 14:55:00-04:00,14.40999984741211,14.420000076293945,14.380000114440918,14.380000114440918,3039,0.0,0.0
2024-08-12 15:00:00-04:00,14.369999885559082,14.380000114440918,14.369999885559082,14.380000114440918,1820,0.0,0.0
2024-08-12 15:05:00-04:00,14.380000114440918,14.380000114440918,14.359999656677246,14.359999656677246,2099,0.0,0.0
2024-08-12 15:10:00-04:00,14.350000381469727,14.350000381469727,14.34000015258789,14.34000015258789,1787,0.0,0.0
2024-08-12 15:20:00-04:00,14.34000015258789,14.34000015258789,14.34000015258789,14.34000015258789,967,0.0,0.0
2024-08-12 15:25:00-04:00,14.324999809265137,14.335000038146973,14.324999809265137,14.335000038146973,1863,0.0,0.0
2024-08-12 15:30:00-04:00,14.329999923706055,14.329999923706055,14.319999694824219,14.319999694824219,1149,0.0,0.0
2024-08-12 15:35:00-04:00,14.349900245666504,14.349900245666504,14.347999572753906,14.347999572753906,2326,0.0,0.0
2024-08-12 15:40:00-04:00,14.34000015258789,14.34000015258789,14.300999641418457,14.300999641418457,1957,0.0,0.0
2024-08-12 15:45:00-04:00,14.289999961853027,14.324999809265137,14.260000228881836,14.324999809265137,2484,0.0,0.0
2024-08-12 15:50:00-04:00,14.300000190734863,14.300000190734863,14.274999618530273,14.274999618530273,2493,0.0,0.0
2024-08-12 15:55:00-04:00,14.270000457763672,14.289999961853027,14.260000228881836,14.270000457763672,17193,0.0,0.0
2024-08-13 09:30:00-04:00,14.449999809265137,14.449999809265137,14.3100004196167,14.420000076293945,1303,0.0,0.0
2024-08-13 09:40:00-04:00,14.385000228881836,14.385000228881836,14.385000228881836,14.385000228881836,1296,0.0,0.0
2024-08-13 09:45:00-04:00,14.350000381469727,14.350000381469727,14.350000381469727,14.350000381469727,481,0.0,0.0
2024-08-13 09:50:00-04:00,14.34000015258789,14.34000015258789,14.34000015258789,14.34000015258789,611,0.0,0.0
2024-08-13 10:00:00-04:00,14.289999961853027,14.289999961853027,14.289999961853027,14.289999961853027,1206,0.0,0.0
2024-08-13 10:05:00-04:00,14.3100004196167,14.3100004196167,14.3100004196167,14.3100004196167,641,0.0,0.0
2024-08-13 10:15:00-04:00,14.359999656677246,14.359999656677246,14.305000305175781,14.305000305175781,769,0.0,0.0
2024-08-13 10:25:00-04:00,14.350000381469727,14.359999656677246,14.350000381469727,14.359999656677246,963,0.0,0.0
2024-08-13 10:30:00-04:00,14.3100004196167,14.335000038146973,14.3100004196167,14.335000038146973,526,0.0,0.0
2024-08-13 10:40:00-04:00,14.3100004196167,14.3100004196167,14.3100004196167,14.3100004196167,274,0.0,0.0
2024-08-13 10:45:00-04:00,14.369999885559082,14.369999885559082,14.369999885559082,14.369999885559082,954,0.0,0.0
2024-08-13 10:50:00-04:00,14.390000343322754,14.420000076293945,14.390000343322754,14.40999984741211,657,0.0,0.0
2024-08-13 10:55:00-04:00,14.393099784851074,14.393099784851074,14.393099784851074,14.393099784851074,1500,0.0,0.0
2024-08-13 11:10:00-04:00,14.442000389099121,14.442000389099121,14.442000389099121,14.442000389099121,143,0.0,0.0
2024-08-13 11:15:00-04:00,14.489999771118164,14.489999771118164,14.489999771118164,14.489999771118164,463,0.0,0.0
2024-08-13 11:20:00-04:00,14.454999923706055,14.454999923706055,14.454999923706055,14.454999923706055,107,0.0,0.0
2024-08-13 11:25:00-04:00,14.444999694824219,14.444999694824219,14.444999694824219,14.444999694824219,469,0.0,0.0
2024-08-13 11:35:00-04:00,14.430000305175781,14.430000305175781,14.430000305175781,14.430000305175781,367,0.0,0.0
2024-08-13 11:50:00-04:00,14.460000038146973,14.460000038146973,14.460000038146973,14.460000038146973,880,0.0,0.0
2024-08-13 11:55:00-04:00,14.479999542236328,14.479999542236328,14.479999542236328,14.479999542236328,971,0.0,0.0
2024-08-13 12:15:00-04:00,14.550000190734863,14.550000190734863,14.550000190734863,14.550000190734863,202,0.0,0.0
2024-08-13 12:20:00-04:00,14.569999694824219,14.569999694824219,14.569999694824219,14.569999694824219,414,0.0,0.0
2024-08-13 12:40:00-04:00,14.569999694824219,14.569999694824219,14.569999694824219,14.569999694824219,798,0.0,0.0
2024-08-13 12:45:00-04:00,14.609999656677246,14.609999656677246,14.609999656677246,14.609999656677246,391,0.0,0.0
2024-08-13 12:50:00-04:00,14.635000228881836,14.635000228881836,14.635000228881836,14.635000228881836,117,0.0,0.0
2024-08-13 12:55:00-04:00,14.640000343322754,14.640000343322754,14.635000228881836,14.635000228881836,946,0.0,0.0
2024-08-13 13:00:00-04:00,14.619999885559082,14.619999885559082,14.619999885559082,14.619999885559082,885,0.0,0.0
2024-08-13 13:05:00-04:00,14.625,14.625,14.625,14.625,146,0.0,0.0
2024-08-13 13:20:00-04:00,14.625,14.625,14.625,14.625,964,0.0,0.0
2024-08-13 13:30:00-04:00,14.600000381469727,14.600000381469727,14.600000381469727,14.600000381469727,249,0.0,0.0
2024-08-13 13:40:00-04:00,14.630000114440918,14.654999732971191,14.630000114440918,14.654999732971191,1496,0.0,0.0
2024-08-13 13:45:00-04:00,14.654999732971191,14.654999732971191,14.654999732971191,14.654999732971191,220,0.0,0.0
2024-08-13 13:55:00-04:00,14.645000457763672,14.645000457763672,14.645000457763672,14.645000457763672,1094,0.0,0.0
2024-08-13 14:05:00-04:00,14.640000343322754,14.640000343322754,14.640000343322754,14.640000343322754,712,0.0,0.0
2024-08-13 14:15:00-04:00,14.635000228881836,14.635000228881836,14.635000228881836,14.635000228881836,452,0.0,0.0
2024-08-13 14:20:00-04:00,14.670000076293945,14.670000076293945,14.670000076293945,14.670000076293945,722,0.0,0.0
2024-08-13 14:35:00-04:00,14.670000076293945,14.6899995803833,14.670000076293945,14.6899995803833,2383,0.0,0.0
2024-08-13 14:40:00-04:00,14.720000267028809,14.720000267028809,14.720000267028809,14.720000267028809,894,0.0,0.0
2024-08-13 14:50:00-04:00,14.729999542236328,14.729999542236328,14.710000038146973,14.710000038146973,623,0.0,0.0
2024-08-13 14:55:00-04:00,14.6899995803833,14.71399974822998,14.6899995803833,14.71399974822998,2500,0.0,0.0
2024-08-13 15:10:00-04:00,14.680000305175781,14.680000305175781,14.680000305175781,14.680000305175781,946,0.0,0.0
2024-08-13 15:15:00-04:00,14.670000076293945,14.670000076293945,14.670000076293945,14.670000076293945,522,0.0,0.0
2024-08-13 15:20:00-04:00,14.65999984741211,14.65999984741211,14.649999618530273,14.649999618530273,783,0.0,0.0
2024-08-13 15:25:00-04:00,14.680000305175781,14.680000305175781,14.680000305175781,14.680000305175781,765,0.0,0.0
2024-08-13 15:30:00-04:00,14.699999809265137,14.710000038146973,14.699999809265137,14.710000038146973,1816,0.0,0.0
2024-08-13 15:40:00-04:00,14.680000305175781,14.6899995803833,14.680000305175781,14.6899995803833,2127,0.0,0.0
2024-08-13 15:45:00-04:00,14.744999885559082,14.779999732971191,14.744999885559082,14.770000457763672,1192,0.0,0.0
2024-08-13 15:50:00-04:00,14.75,14.774999618530273,14.75,14.760000228881836,4281,0.0,0.0
2024-08-13 15:55:00-04:00,14.739999771118164,14.760000228881836,14.699999809265137,14.699999809265137,7319,0.0,0.0
2024-08-14 09:30:00-04:00,14.789999961853027,14.789999961853027,14.68649959564209,14.68649959564209,1072,0.0,0.0
2024-08-14 09:45:00-04:00,14.765000343322754,14.765000343322754,14.765000343322754,14.765000343322754,213,0.0,0.0
2024-08-14 09:50:00-04:00,14.770000457763672,14.770000457763672,14.770000457763672,14.770000457763672,326,0.0,0.0
2024-08-14 10:00:00-04:00,14.670000076293945,14.710000038146973,14.640000343322754,14.645000457763672,2641,0.0,0.0
2024-08-14 10:05:00-04:00,14.640000343322754,14.640000343322754,14.569999694824219,14.569999694824219,933,0.0,0.0
2024-08-14 10:10:00-04:00,14.574999809265137,14.574999809265137,14.574999809265137,14.574999809265137,134,0.0,0.0
2024-08-14 10:15:00-04:00,14.539999961853027,14.539999961853027,14.539999961853027,14.539999961853027,736,0.0,0.0
2024-08-14 10:20:00-04:00,14.574999809265137,14.574999809265137,14.574999809265137,14.574999809265137,111,0.0,0.0
2024-08-14 10:25:00-04:00,14.579999923706055,14.604999542236328,14.579999923706055,14.604999542236328,936,0.0,0.0
2024-08-14 10:30:00-04:00,14.600000381469727,14.600000381469727,14.539999961853027,14.539999961853027,1901,0.0,0.0
2024-08-14 10:35:00-04:00,14.520000457763672,14.520000457763672,14.510000228881836,14.510000228881836,861,0.0,0.0
2024-08-14 10:40:00-04:00,14.5600004196167,14.5600004196167,14.5600004196167,14.5600004196167,183,0.0,0.0
2024-08-14 10:45:00-04:00,14.520000457763672,14.520000457763672,14.449999809265137,14.449999809265137,2496,0.0,0.0
2024-08-14 10:55:00-04:00,14.470000267028809,14.470000267028809,14.470000267028809,14.470000267028809,276,0.0,0.0
2024-08-14 11:05:00-04:00,14.460100173950195,14.460100173950195,14.460100173950195,14.460100173950195,897,0.0,0.0
2024-08-14 11:10:00-04:00,14.539999961853027,14.550000190734863,14.539999961853027,14.550000190734863,543,0.0,0.0
2024-08-14 11:15:00-04:00,14.588700294494629,14.600000381469727,14.588700294494629,14.600000381469727,2468,0.0,0.0
2024-08-14 11:20:00-04:00,14.65470027923584,14.65470027923584,14.65470027923584,14.65470027923584,519,0.0,0.0
2024-08-14 11:30:00-04:00,14.645000457763672,14.6850004196167,14.640000343322754,14.6850004196167,2252,0.0,0.0
2024-08-14 11:55:00-04:00,14.670000076293945,14.670000076293945,14.670000076293945,14.670000076293945,719,0.0,0.0
2024-08-14 12:05:00-04:00,14.699700355529785,14.699700355529785,14.670000076293945,14.670000076293945,1576,0.0,0.0
2024-08-14 12:10:00-04:00,14.670000076293945,14.670000076293945,14.670000076293945,14.670000076293945,219,0.0,0.0
2024-08-14 12:15:00-04:00,14.670000076293945,14.670000076293945,14.630000114440918,14.630000114440918,493,0.0,0.0
2024-08-14 12:20:00-04:00,14.600000381469727,14.600000381469727,14.539999961853027,14.539999961853027,847,0.0,0.0
2024-08-14 12:30:00-04:00,14.564800262451172,14.564800262451172,14.564800262451172,14.564800262451172,572,0.0,0.0
2024-08-14 12:40:00-04:00,14.569999694824219,14.59000015258789,14.569999694824219,14.59000015258789,1087,0.0,0.0
2024-08-14 12:50:00-04:00,14.593700408935547,14.619999885559082,14.593700408935547,14.619999885559082,800,0.0,0.0
2024-08-14 12:55:00-04:00,14.604999542236328,14.604999542236328,14.604999542236328,14.604999542236328,670,0.0,0.0
2024-08-14 13:00:00-04:00,14.619999885559082,14.62969970703125,14.600000381469727,14.600000381469727,592,0.0,0.0
2024-08-14 13:05:00-04:00,14.630000114440918,14.640000343322754,14.630000114440918,14.640000343322754,1072,0.0,0.0
2024-08-14 13:15:00-04:00,14.63479995727539,14.63479995727539,14.63479995727539,14.63479995727539,682,0.0,0.0
2024-08-14 13:20:00-04:00,14.640000343322754,14.640000343322754,14.640000343322754,14.640000343322754,494,0.0,0.0
2024-08-14 13:35:00-04:00,14.59000015258789,14.59000015258789,14.569999694824219,14.569999694824219,1029,0.0,0.0
2024-08-14 13:45:00-04:00,14.579999923706055,14.579999923706055,14.579999923706055,14.579999923706055,528,0.0,0.0
2024-08-14 13:50:00-04:00,14.59000015258789,14.59000015258789,14.59000015258789,14.59000015258789,135,0.0,0.0
2024-08-14 13:55:00-04:00,14.59000015258789,14.59000015258789,14.59000015258789,14.59000015258789,119,0.0,0.0
2024-08-14 14:00:00-04:00,14.564000129699707,14.579999923706055,14.555000305175781,14.579999923706055,1532,0.0,0.0
2024-08-14 14:05:00-04:00,14.612500190734863,14.612500190734863,14.612500190734863,14.612500190734863,253,0.0,0.0
2024-08-14 14:15:00-04:00,14.600000381469727,14.630000114440918,14.600000381469727,14.619999885559082,4537,0.0,0.0
2024-08-14 14:25:00-04:00,14.635000228881836,14.635000228881836,14.635000228881836,14.635000228881836,159,0.0,0.0
2024-08-14 14:30:00-04:00,14.640000343322754,14.680000305175781,14.640000343322754,14.680000305175781,1116,0.0,0.0
2024-08-14 14:35:00-04:00,14.670000076293945,14.6850004196167,14.670000076293945,14.6850004196167,854,0.0,0.0
2024-08-14 14:40:00-04:00,14.65999984741211,14.65999984741211,14.65999984741211,14.65999984741211,166,0.0,0.0
2024-08-14 14:45:00-04:00,14.65999984741211,14.670000076293945,14.65999984741211,14.670000076293945,344,0.0,0.0
2024-08-14 14:50:00-04:00,14.65999984741211,14.6875,14.65999984741211,14.6875,869,0.0,0.0
2024-08-14 14:55:00-04:00,14.734999656677246,14.734999656677246,14.720000267028809,14.720000267028809,920,0.0,0.0
2024-08-14 15:00:00-04:00,14.749899864196777,14.749899864196777,14.749899864196777,14.749899864196777,964,0.0,0.0
2024-08-14 15:05:00-04:00,14.734999656677246,14.734999656677246,14.720000267028809,14.720000267028809,771,0.0,0.0
2024-08-14 15:10:00-04:00,14.720000267028809,14.739999771118164,14.670000076293945,14.670000076293945,1425,0.0,0.0
2024-08-14 15:15:00-04:00,14.69890022277832,14.69890022277832,14.69890022277832,14.69890022277832,480,0.0,0.0
2024-08-14 15:20:00-04:00,14.699600219726562,14.699999809265137,14.685700416564941,14.699999809265137,1569,0.0,0.0
2024-08-14 15:25:00-04:00,14.699999809265137,14.720000267028809,14.699999809265137,14.720000267028809,926,0.0,0.0
2024-08-14 15:30:00-04:00,14.6899995803833,14.760000228881836,14.6899995803833,14.744999885559082,5095,0.0,0.0
2024-08-14 15:35:00-04:00,14.729999542236328,14.739999771118164,14.720000267028809,14.720000267028809,3185,0.0,0.0
2024-08-14 15:40:00-04:00,14.739999771118164,14.770000457763672,14.739999771118164,14.770000457763672,1577,0.0,0.0
2024-08-14 15:45:00-04:00,14.758399963378906,14.770000457763672,14.75,14.760000228881836,5413,0.0,0.0
2024-08-14 15:50:00-04:00,14.760000228881836,14.760000228881836,14.699999809265137,14.75,11269,0.0,0.0
2024-08-14 15:55:00-04:00,14.739999771118164,14.770000457763672,14.71500015258789,14.770000457763672,15763,0.0,0.0
2024-08-15 09:30:00-04:00,14.869999885559082,14.869999885559082,13.630000114440918,13.850000381469727,24975,0.0,0.0
2024-08-15 09:35:00-04:00,13.729999542236328,14.114999771118164,13.729999542236328,14.085000038146973,2379,0.0,0.0
2024-08-15 09:40:00-04:00,14.01360034942627,14.270000457763672,14.010000228881836,14.270000457763672,13578,0.0,0.0
2024-08-15 09:45:00-04:00,14.140000343322754,14.140000343322754,14.140000343322754,14.140000343322754,1412,0.0,0.0
2024-08-15 09:50:00-04:00,14.140000343322754,14.270000457763672,14.0600004196167,14.260000228881836,7137,0.0,0.0
2024-08-15 09:55:00-04:00,14.199999809265137,14.199999809265137,13.899999618530273,13.90999984741211,3063,0.0,0.0
2024-08-15 10:00:00-04:00,13.824999809265137,13.920000076293945,13.776200294494629,13.824999809265137,1397,0.0,0.0
2024-08-15 10:05:00-04:00,13.850000381469727,13.850199699401855,13.760100364685059,13.8100004196167,13193,0.0,0.0
2024-08-15 10:10:00-04:00,13.760000228881836,13.84000015258789,13.699999809265137,13.84000015258789,8229,0.0,0.0
2024-08-15 10:15:00-04:00,13.856200218200684,13.856200218200684,13.854000091552734,13.854000091552734,1017,0.0,0.0
2024-08-15 10:20:00-04:00,13.869999885559082,13.869999885559082,13.779999732971191,13.829999923706055,6137,0.0,0.0
2024-08-15 10:25:00-04:00,13.770000457763672,13.770000457763672,13.770000457763672,13.770000457763672,120,0.0,0.0
2024-08-15 10:30:00-04:00,13.75,13.899999618530273,13.75,13.899999618530273,5671,0.0,0.0
2024-08-15 10:35:00-04:00,13.949999809265137,14.0,13.949999809265137,13.954999923706055,1160,0.0,0.0
2024-08-15 10:40:00-04:00,13.979900360107422,14.079999923706055,13.979900360107422,14.039999961853027,3607,0.0,0.0
2024-08-15 10:55:00-04:00,14.25,14.25,14.25,14.25,146,0.0,0.0
2024-08-15 11:00:00-04:00,14.199999809265137,14.25,14.199999809265137,14.25,1343,0.0,0.0
2024-08-15 11:10:00-04:00,14.325200080871582,14.369999885559082,14.322500228881836,14.322500228881836,1421,0.0,0.0
2024-08-15 11:15:00-04:00,14.470000267028809,14.619400024414062,14.470000267028809,14.529999732971191,11476,0.0,0.0
2024-08-15 11:20:00-04:00,14.53499984741211,14.53499984741211,14.53499984741211,14.53499984741211,112,0.0,0.0
2024-08-15 11:25:00-04:00,14.470000267028809,14.539999961853027,14.464699745178223,14.539999961853027,2554,0.0,0.0
2024-08-15 11:30:00-04:00,14.420000076293945,14.5600004196167,14.420000076293945,14.5600004196167,3073,0.0,0.0
2024-08-15 11:35:00-04:00,14.5,14.5,14.479999542236328,14.479999542236328,1245,0.0,0.0
2024-08-15 11:45:00-04:00,14.5,14.5,14.5,14.5,461,0.0,0.0
2024-08-15 11:50:00-04:00,14.529399871826172,14.630000114440918,14.528200149536133,14.630000114440918,3681,0.0,0.0
2024-08-15 12:00:00-04:00,14.645000457763672,14.645000457763672,14.645000457763672,14.645000457763672,519,0.0,0.0
2024-08-15 12:05:00-04:00,14.710000038146973,14.850000381469727,14.710000038146973,14.850000381469727,787,0.0,0.0
2024-08-15 12:10:00-04:00,14.8100004196167,14.84000015258789,14.739999771118164,14.8100004196167,3590,0.0,0.0
2024-08-15 12:15:00-04:00,14.8100004196167,14.8100004196167,14.8100004196167,14.8100004196167,119,0.0,0.0
2024-08-15 12:20:00-04:00,14.789999961853027,14.850000381469727,14.789999961853027,14.850000381469727,1313,0.0,0.0
2024-08-15 12:25:00-04:00,14.899999618530273,14.899999618530273,14.890000343322754,14.890000343322754,888,0.0,0.0
2024-08-15 12:30:00-04:00,14.890000343322754,14.954999923706055,14.885700225830078,14.954999923706055,1503,0.0,0.0
2024-08-15 12:40:00-04:00,14.895000457763672,14.984999656677246,14.895000457763672,14.984999656677246,979,0.0,0.0
2024-08-15 12:45:00-04:00,14.90999984741211,14.970000267028809,14.890000343322754,14.960000038146973,2864,0.0,0.0
2024-08-15 12:55:00-04:00,14.970000267028809,14.970000267028809,14.970000267028809,14.970000267028809,661,0.0,0.0
2024-08-15 13:00:00-04:00,14.970000267028809,14.970000267028809,14.970000267028809,14.970000267028809,492,0.0,0.0
2024-08-15 13:10:00-04:00,15.0,15.09000015258789,15.0,15.039999961853027,1878,0.0,0.0
2024-08-15 13:15:00-04:00,15.029999732971191,15.069999694824219,15.029999732971191,15.069999694824219,300,0.0,0.0
2024-08-15 13:20:00-04:00,15.079999923706055,15.100000381469727,15.069999694824219,15.079999923706055,1422,0.0,0.0
2024-08-15 13:25:00-04:00,15.119999885559082,15.1899995803833,15.079999923706055,15.164999961853027,978,0.0,0.0
2024-08-15 13:30:00-04:00,15.15999984741211,15.15999984741211,15.15999984741211,15.15999984741211,765,0.0,0.0
2024-08-15 13:35:00-04:00,15.120100021362305,15.15999984741211,15.120100021362305,15.15999984741211,346,0.0,0.0
2024-08-15 13:40:00-04:00,15.140000343322754,15.199999809265137,15.140000343322754,15.199999809265137,990,0.0,0.0
2024-08-15 13:45:00-04:00,15.170000076293945,15.170000076293945,15.170000076293945,15.170000076293945,113,0.0,0.0
2024-08-15 13:50:00-04:00,15.140000343322754,15.164999961853027,14.920000076293945,14.920000076293945,7403,0.0,0.0
2024-08-15 14:10:00-04:00,14.84000015258789,14.84000015258789,14.800000190734863,14.8100004196167,2220,0.0,0.0
2024-08-15 14:15:00-04:00,14.760000228881836,14.807999610900879,14.760000228881836,14.800000190734863,945,0.0,0.0
2024-08-15 14:25:00-04:00,14.8100004196167,14.813699722290039,14.789999961853027,14.789999961853027,1898,0.0,0.0
2024-08-15 14:30:00-04:00,14.78499984741211,14.78499984741211,14.78499984741211,14.78499984741211,286,0.0,0.0
2024-08-15 14:35:00-04:00,14.75,14.75,14.714300155639648,14.744999885559082,1719,0.0,0.0
2024-08-15 14:40:00-04:00,14.755000114440918,14.779999732971191,14.75,14.774999618530273,3790,0.0,0.0
2024-08-15 14:45:00-04:00,14.789999961853027,14.789999961853027,14.770000457763672,14.770000457763672,600,0.0,0.0
2024-08-15 14:50:00-04:00,14.75,14.75,14.739999771118164,14.739999771118164,1766,0.0,0.0
2024-08-15 15:00:00-04:00,14.71560001373291,14.71560001373291,14.71560001373291,14.71560001373291,217,0.0,0.0
2024-08-15 15:05:00-04:00,14.6899995803833,14.6899995803833,14.670000076293945,14.670000076293945,912,0.0,0.0
2024-08-15 15:10:00-04:00,14.670000076293945,14.670000076293945,14.640000343322754,14.640000343322754,810,0.0,0.0
2024-08-15 15:15:00-04:00,14.640000343322754,14.75,14.640000343322754,14.75,3077,0.0,0.0
2024-08-15 15:20:00-04:00,14.8100004196167,14.8100004196167,14.8100004196167,14.8100004196167,510,0.0,0.0
2024-08-15 15:25:00-04:00,14.8100004196167,14.8100004196167,14.770000457763672,14.779999732971191,1736,0.0,0.0
2024-08-15 15:30:00-04:00,14.8100004196167,14.850000381469727,14.8100004196167,14.8100004196167,1798,0.0,0.0
2024-08-15 15:35:00-04:00,14.82509994506836,14.890000343322754,14.8100004196167,14.890000343322754,2907,0.0,0.0
2024-08-15 15:40:00-04:00,14.899999618530273,14.899999618530273,14.819999694824219,14.819999694824219,2619,0.0,0.0
2024-08-15 15:45:00-04:00,14.800000190734863,14.800000190734863,14.800000190734863,14.800000190734863,1473,0.0,0.0
2024-08-15 15:50:00-04:00,14.829999923706055,14.859999656677246,14.8100004196167,14.859999656677246,5975,0.0,0.0
2024-08-15 15:55:00-04:00,14.864999771118164,14.914999961853027,14.850000381469727,14.890000343322754,9797,0.0,0.0
2024-08-16 09:30:00-04:00,14.930000305175781,14.930000305175781,14.930000305175781,14.930000305175781,3284,0.0,0.0
2024-08-16 09:35:00-04:00,14.854999542236328,14.854999542236328,14.729999542236328,14.739999771118164,1051,0.0,0.0
2024-08-16 09:40:00-04:00,14.770000457763672,14.770000457763672,14.729999542236328,14.729999542236328,799,0.0,0.0
2024-08-16 09:45:00-04:00,14.729999542236328,14.729999542236328,14.729999542236328,14.729999542236328,410,0.0,0.0
2024-08-16 09:50:00-04:00,14.739999771118164,14.739999771118164,14.720000267028809,14.720000267028809,1180,0.0,0.0
2024-08-16 09:55:00-04:00,14.8100004196167,14.84000015258789,14.8100004196167,14.84000015258789,1427,0.0,0.0
2024-08-16 10:30:00-04:00,14.875,14.875,14.875,14.875,554,0.0,0.0
2024-08-16 10:40:00-04:00,14.885000228881836,14.890000343322754,14.885000228881836,14.890000343322754,853,0.0,0.0
2024-08-16 10:45:00-04:00,14.854999542236328,14.854999542236328,14.854999542236328,14.854999542236328,187,0.0,0.0
2024-08-16 10:50:00-04:00,14.920000076293945,14.920000076293945,14.904999732971191,14.904999732971191,791,0.0,0.0
2024-08-16 11:10:00-04:00,14.949999809265137,14.949999809265137,14.949999809265137,14.949999809265137,203,0.0,0.0
2024-08-16 11:15:00-04:00,14.989999771118164,14.989999771118164,14.989999771118164,14.989999771118164,346,0.0,0.0
2024-08-16 11:20:00-04:00,14.960000038146973,14.960000038146973,14.960000038146973,14.960000038146973,639,0.0,0.0
2024-08-16 11:30:00-04:00,15.0,15.079999923706055,15.0,15.079999923706055,2269,0.0,0.0
2024-08-16 11:35:00-04:00,15.100000381469727,15.100000381469727,15.079999923706055,15.079999923706055,1415,0.0,0.0
2024-08-16 11:40:00-04:00,15.079999923706055,15.095000267028809,15.039999961853027,15.039999961853027,1581,0.0,0.0
2024-08-16 11:45:00-04:00,15.069999694824219,15.069999694824219,15.069999694824219,15.069999694824219,646,0.0,0.0
2024-08-16 11:55:00-04:00,15.06470012664795,15.06470012664795,15.06470012664795,15.06470012664795,456,0.0,0.0
2024-08-16 12:10:00-04:00,15.055000305175781,15.055000305175781,15.055000305175781,15.055000305175781,559,0.0,0.0
2024-08-16 12:25:00-04:00,15.09000015258789,15.09000015258789,15.09000015258789,15.09000015258789,598,0.0,0.0
2024-08-16 12:35:00-04:00,15.09000015258789,15.140000343322754,15.09000015258789,15.140000343322754,357,0.0,0.0
2024-08-16 12:40:00-04:00,15.149999618530273,15.149999618530273,15.149999618530273,15.149999618530273,146,0.0,0.0
2024-08-16 12:45:00-04:00,15.079999923706055,15.109999656677246,15.069999694824219,15.069999694824219,1416,0.0,0.0
2024-08-16 12:50:00-04:00,15.100000381469727,15.140000343322754,15.100000381469727,15.109999656677246,1343,0.0,0.0
2024-08-16 13:00:00-04:00,15.100000381469727,15.100000381469727,15.100000381469727,15.100000381469727,292,0.0,0.0
2024-08-16 13:05:00-04:00,15.119999885559082,15.119999885559082,15.079999923706055,15.085000038146973,3556,0.0,0.0
2024-08-16 13:10:00-04:00,15.09000015258789,15.09000015258789,15.09000015258789,15.09000015258789,329,0.0,0.0
2024-08-16 13:20:00-04:00,15.130000114440918,15.130000114440918,15.130000114440918,15.130000114440918,872,0.0,0.0
2024-08-16 13:25:00-04:00,15.164999961853027,15.164999961853027,15.149999618530273,15.149999618530273,1172,0.0,0.0
2024-08-16 13:40:00-04:00,15.149999618530273,15.149999618530273,15.139699935913086,15.139699935913086,1388,0.0,0.0
2024-08-16 13:55:00-04:00,15.100000381469727,15.100000381469727,15.100000381469727,15.100000381469727,1037,0.0,0.0
2024-08-16 14:00:00-04:00,15.069999694824219,15.069999694824219,15.069999694824219,15.069999694824219,766,0.0,0.0
2024-08-16 14:20:00-04:00,15.079999923706055,15.079999923706055,15.079999923706055,15.079999923706055,634,0.0,0.0
2024-08-16 14:25:00-04:00,15.074999809265137,15.09000015258789,15.074999809265137,15.079999923706055,1361,0.0,0.0
2024-08-16 14:40:00-04:00,15.109999656677246,15.110300064086914,15.109999656677246,15.110300064086914,714,0.0,0.0
2024-08-16 14:50:00-04:00,15.125,15.140000343322754,15.109999656677246,15.135000228881836,2156,0.0,0.0
2024-08-16 15:00:00-04:00,15.119999885559082,15.119999885559082,15.0600004196167,15.0600004196167,1271,0.0,0.0
2024-08-16 15:10:00-04:00,15.0,15.0,15.0,15.0,494,0.0,0.0
2024-08-16 15:15:00-04:00,14.994999885559082,14.994999885559082,14.994999885559082,14.994999885559082,283,0.0,0.0
2024-08-16 15:20:00-04:00,14.960000038146973,14.969900131225586,14.899999618530273,14.899999618530273,2302,0.0,0.0
2024-08-16 15:25:00-04:00,14.9350004196167,14.970000267028809,14.9350004196167,14.970000267028809,966,0.0,0.0
2024-08-16 15:30:00-04:00,14.90999984741211,14.90999984741211,14.90999984741211,14.90999984741211,433,0.0,0.0
2024-08-16 15:35:00-04:00,14.895000457763672,14.9399995803833,14.895000457763672,14.899999618530273,2460,0.0,0.0
2024-08-16 15:40:00-04:00,14.890000343322754,14.890000343322754,14.850000381469727,14.850000381469727,1090,0.0,0.0
2024-08-16 15:45:00-04:00,14.819999694824219,14.819999694824219,14.819999694824219,14.819999694824219,178,0.0,0.0
2024-08-16 15:50:00-04:00,14.869999885559082,14.899999618530273,14.864999771118164,14.899999618530273,3721,0.0,0.0
2024-08-16 15:55:00-04:00,14.90999984741211,14.90999984741211,14.859999656677246,14.899999618530273,8596,0.0,0.0
2024-08-19 09:30:00-04:00,14.890000343322754,14.90999984741211,14.869999885559082,14.90999984741211,6555,0.0,0.0
2024-08-19 09:40:00-04:00,14.979999542236328,14.979999542236328,14.880000114440918,14.890000343322754,855,0.0,0.0
2024-08-19 09:45:00-04:00,14.850000381469727,14.850000381469727,14.829999923706055,14.829999923706055,1146,0.0,0.0
2024-08-19 09:55:00-04:00,14.869999885559082,14.869999885559082,14.869999885559082,14.869999885559082,163,0.0,0.0
2024-08-19 10:00:00-04:00,14.800000190734863,14.800000190734863,14.800000190734863,14.800000190734863,500,0.0,0.0
2024-08-19 10:10:00-04:00,14.850000381469727,14.850000381469727,14.835000038146973,14.835000038146973,905,0.0,0.0
2024-08-19 10:15:00-04:00,14.829999923706055,14.829999923706055,14.829999923706055,14.829999923706055,732,0.0,0.0
2024-08-19 10:25:00-04:00,14.869999885559082,14.869999885559082,14.869999885559082,14.869999885559082,175,0.0,0.0
2024-08-19 10:35:00-04:00,14.888999938964844,14.920000076293945,14.8100004196167,14.8100004196167,5372,0.0,0.0
2024-08-19 10:45:00-04:00,14.8100004196167,14.8100004196167,14.699999809265137,14.734999656677246,4245,0.0,0.0
2024-08-19 10:55:00-04:00,14.699999809265137,14.699999809265137,14.6899995803833,14.6899995803833,233,0.0,0.0
2024-08-19 11:00:00-04:00,14.699999809265137,14.699999809265137,14.694600105285645,14.694600105285645,601,0.0,0.0
2024-08-19 11:05:00-04:00,14.694999694824219,14.704999923706055,14.694999694824219,14.704999923706055,2221,0.0,0.0
2024-08-19 11:10:00-04:00,14.645000457763672,14.645000457763672,14.645000457763672,14.645000457763672,575,0.0,0.0
2024-08-19 11:20:00-04:00,14.619999885559082,14.649999618530273,14.609999656677246,14.649999618530273,4379,0.0,0.0
2024-08-19 11:25:00-04:00,14.680000305175781,14.680000305175781,14.664999961853027,14.664999961853027,974,0.0,0.0
2024-08-19 11:30:00-04:00,14.649999618530273,14.649999618530273,14.640000343322754,14.640000343322754,906,0.0,0.0
2024-08-19 11:40:00-04:00,14.579999923706055,14.579999923706055,14.579999923706055,14.579999923706055,355,0.0,0.0
2024-08-19 11:45:00-04:00,14.59000015258789,14.59000015258789,14.59000015258789,14.59000015258789,1933,0.0,0.0
2024-08-19 11:55:00-04:00,14.5600004196167,14.5600004196167,14.5600004196167,14.5600004196167,1458,0.0,0.0
2024-08-19 12:00:00-04:00,14.529999732971191,14.529999732971191,14.529999732971191,14.529999732971191,423,0.0,0.0
2024-08-19 12:10:00-04:00,14.510000228881836,14.514399528503418,14.5,14.514399528503418,1067,0.0,0.0
2024-08-19 12:25:00-04:00,14.529999732971191,14.529999732971191,14.489999771118164,14.489999771118164,780,0.0,0.0
2024-08-19 12:30:00-04:00,14.529999732971191,14.529999732971191,14.470000267028809,14.470000267028809,1098,0.0,0.0
2024-08-19 12:35:00-04:00,14.449999809265137,14.449999809265137,14.40999984741211,14.40999984741211,3434,0.0,0.0
2024-08-19 12:50:00-04:00,14.399999618530273,14.40999984741211,14.399999618530273,14.40999984741211,1350,0.0,0.0
2024-08-19 12:55:00-04:00,14.399999618530273,14.404000282287598,14.399999618530273,14.404000282287598,482,0.0,0.0
2024-08-19 13:00:00-04:00,14.40999984741211,14.40999984741211,14.340100288391113,14.345999717712402,3981,0.0,0.0
2024-08-19 13:05:00-04:00,14.350000381469727,14.390000343322754,14.350000381469727,14.364999771118164,3453,0.0,0.0
2024-08-19 13:10:00-04:00,14.364999771118164,14.364999771118164,14.364999771118164,14.364999771118164,436,0.0,0.0
2024-08-19 13:20:00-04:00,14.34000015258789,14.34000015258789,14.3100004196167,14.3100004196167,1311,0.0,0.0
2024-08-19 13:25:00-04:00,14.300000190734863,14.319999694824219,14.289999961853027,14.305000305175781,3272,0.0,0.0
2024-08-19 13:35:00-04:00,14.3100004196167,14.3100004196167,14.3100004196167,14.3100004196167,742,0.0,0.0
2024-08-19 13:40:00-04:00,14.3100004196167,14.354999542236328,14.3100004196167,14.354999542236328,3888,0.0,0.0
2024-08-19 13:45:00-04:00,14.370200157165527,14.370200157165527,14.354999542236328,14.354999542236328,2759,0.0,0.0
2024-08-19 13:50:00-04:00,14.354999542236328,14.354999542236328,14.354999542236328,14.354999542236328,3114,0.0,0.0
2024-08-19 13:55:00-04:00,14.354999542236328,14.354999542236328,14.354999542236328,14.354999542236328,1337,0.0,0.0
2024-08-19 14:05:00-04:00,14.329999923706055,14.329999923706055,14.324999809265137,14.324999809265137,5362,0.0,0.0
2024-08-19 14:20:00-04:00,14.359999656677246,14.359999656677246,14.329999923706055,14.335000038146973,1480,0.0,0.0
2024-08-19 14:25:00-04:00,14.335000038146973,14.489999771118164,14.319999694824219,14.489999771118164,8869,0.0,0.0
2024-08-19 14:30:00-04:00,14.489999771118164,14.59000015258789,14.454999923706055,14.59000015258789,1804,0.0,0.0
2024-08-19 14:35:00-04:00,14.520000457763672,14.639900207519531,14.520000457763672,14.639900207519531,2661,0.0,0.0
2024-08-19 14:40:00-04:00,14.604999542236328,14.609999656677246,14.604999542236328,14.609999656677246,1082,0.0,0.0
2024-08-19 14:45:00-04:00,14.630000114440918,14.630000114440918,14.600000381469727,14.600000381469727,420,0.0,0.0
2024-08-19 14:50:00-04:00,14.600000381469727,14.609999656677246,14.600000381469727,14.609999656677246,1841,0.0,0.0
2024-08-19 14:55:00-04:00,14.635000228881836,14.635000228881836,14.635000228881836,14.635000228881836,385,0.0,0.0
2024-08-19 15:00:00-04:00,14.630000114440918,14.649999618530273,14.630000114440918,14.640000343322754,3386,0.0,0.0
2024-08-19 15:05:00-04:00,14.640000343322754,14.640000343322754,14.585000038146973,14.585000038146973,3392,0.0,0.0
2024-08-19 15:10:00-04:00,14.640000343322754,14.640000343322754,14.640000343322754,14.640000343322754,214,0.0,0.0
2024-08-19 15:15:00-04:00,14.620100021362305,14.670000076293945,14.620100021362305,14.654999732971191,1622,0.0,0.0
2024-08-19 15:20:00-04:00,14.680000305175781,14.680000305175781,14.649999618530273,14.649999618530273,490,0.0,0.0
2024-08-19 15:25:00-04:00,14.680000305175781,14.680000305175781,14.625,14.625,2285,0.0,0.0
2024-08-19 15:30:00-04:00,14.609999656677246,14.609999656677246,14.600000381469727,14.609999656677246,2118,0.0,0.0
2024-08-19 15:35:00-04:00,14.619999885559082,14.619999885559082,14.59000015258789,14.614999771118164,1932,0.0,0.0
2024-08-19 15:40:00-04:00,14.600000381469727,14.625,14.59000015258789,14.625,8637,0.0,0.0
2024-08-19 15:45:00-04:00,14.630000114440918,14.649999618530273,14.630000114440918,14.630000114440918,1834,0.0,0.0
2024-08-19 15:50:00-04:00,14.630000114440918,14.649999618530273,14.630000114440918,14.640000343322754,5454,0.0,0.0
2024-08-19 15:55:00-04:00,14.640000343322754,14.699999809265137,14.640000343322754,14.6899995803833,12152,0.0,0.0
2024-08-20 09:30:00-04:00,14.670000076293945,14.670000076293945,14.670000076293945,14.670000076293945,1701,0.0,0.0
2024-08-20 09:40:00-04:00,14.609999656677246,14.609999656677246,14.609999656677246,14.609999656677246,1705,0.0,0.0
2024-08-20 09:45:00-04:00,14.550000190734863,14.550000190734863,14.550000190734863,14.550000190734863,1051,0.0,0.0
2024-08-20 09:55:00-04:00,14.369999885559082,14.405799865722656,14.369999885559082,14.405799865722656,928,0.0,0.0
2024-08-20 10:00:00-04:00,14.34000015258789,14.34000015258789,14.34000015258789,14.34000015258789,633,0.0,0.0
2024-08-20 10:05:00-04:00,14.369999885559082,14.369999885559082,14.369999885559082,14.369999885559082,222,0.0,0.0
2024-08-20 10:10:00-04:00,14.329999923706055,14.329999923706055,14.329999923706055,14.329999923706055,927,0.0,0.0
2024-08-20 10:15:00-04:00,14.300000190734863,14.350000381469727,14.300000190734863,14.329999923706055,1070,0.0,0.0
2024-08-20 10:20:00-04:00,14.329999923706055,14.329999923706055,14.3100004196167,14.3100004196167,3946,0.0,0.0
2024-08-20 10:25:00-04:00,14.3100004196167,14.3100004196167,14.3100004196167,14.3100004196167,607,0.0,0.0
2024-08-20 10:30:00-04:00,14.289999961853027,14.289999961853027,14.289999961853027,14.289999961853027,499,0.0,0.0
2024-08-20 10:35:00-04:00,14.270000457763672,14.270000457763672,14.223999977111816,14.229999542236328,5489,0.0,0.0
2024-08-20 10:40:00-04:00,14.180000305175781,14.1850004196167,14.180000305175781,14.1850004196167,2244,0.0,0.0
2024-08-20 10:45:00-04:00,14.180000305175781,14.239999771118164,14.180000305175781,14.229999542236328,4084,0.0,0.0
2024-08-20 10:55:00-04:00,14.229999542236328,14.239999771118164,14.21500015258789,14.21500015258789,1272,0.0,0.0
2024-08-20 11:05:00-04:00,14.180000305175781,14.180000305175781,14.180000305175781,14.180000305175781,285,0.0,0.0
2024-08-20 11:15:00-04:00,14.204999923706055,14.204999923706055,14.204999923706055,14.204999923706055,699,0.0,0.0
2024-08-20 11:20:00-04:00,14.1899995803833,14.1899995803833,14.180000305175781,14.180000305175781,1738,0.0,0.0
2024-08-20 11:25:00-04:00,14.149999618530273,14.149999618530273,14.130000114440918,14.130000114440918,2602,0.0,0.0
2024-08-20 11:30:00-04:00,14.109999656677246,14.12399959564209,14.109999656677246,14.109999656677246,1898,0.0,0.0
2024-08-20 11:35:00-04:00,14.114999771118164,14.114999771118164,14.0649995803833,14.0649995803833,8225,0.0,0.0
2024-08-20 11:40:00-04:00,14.0649995803833,14.109999656677246,14.0649995803833,14.109999656677246,2649,0.0,0.0
2024-08-20 11:45:00-04:00,14.130000114440918,14.130000114440918,14.130000114440918,14.130000114440918,284,0.0,0.0
2024-08-20 11:50:00-04:00,14.135000228881836,14.135000228881836,14.070099830627441,14.070099830627441,2018,0.0,0.0
2024-08-20 12:00:00-04:00,14.079999923706055,14.119999885559082,14.079999923706055,14.114999771118164,1913,0.0,0.0
2024-08-20 12:05:00-04:00,14.114999771118164,14.114999771118164,14.114999771118164,14.114999771118164,427,0.0,0.0
2024-08-20 12:10:00-04:00,14.119999885559082,14.139900207519531,14.109999656677246,14.109999656677246,2089,0.0,0.0
2024-08-20 12:15:00-04:00,14.100000381469727,14.119400024414062,14.100000381469727,14.119400024414062,709,0.0,0.0
2024-08-20 12:20:00-04:00,14.070500373840332,14.070500373840332,14.070500373840332,14.070500373840332,5049,0.0,0.0
2024-08-20 12:25:00-04:00,14.069999694824219,14.079999923706055,14.069999694824219,14.079999923706055,408,0.0,0.0
2024-08-20 12:30:00-04:00,14.079999923706055,14.170000076293945,14.079999923706055,14.095000267028809,7277,0.0,0.0
2024-08-20 12:35:00-04:00,14.109999656677246,14.154999732971191,14.109999656677246,14.154999732971191,764,0.0,0.0
2024-08-20 12:45:00-04:00,14.130000114440918,14.145000457763672,14.130000114440918,14.145000457763672,1486,0.0,0.0
2024-08-20 12:55:00-04:00,14.140000343322754,14.140000343322754,14.140000343322754,14.140000343322754,569,0.0,0.0
2024-08-20 13:00:00-04:00,14.130000114440918,14.15999984741211,14.130000114440918,14.145000457763672,2892,0.0,0.0
2024-08-20 13:05:00-04:00,14.149999618530273,14.180000305175781,14.149999618530273,14.180000305175781,1070,0.0,0.0
2024-08-20 13:10:00-04:00,14.180000305175781,14.199999809265137,14.180000305175781,14.1850004196167,1347,0.0,0.0
2024-08-20 13:15:00-04:00,14.1850004196167,14.260000228881836,14.1850004196167,14.260000228881836,1442,0.0,0.0
2024-08-20 13:20:00-04:00,14.229999542236328,14.300000190734863,14.229999542236328,14.300000190734863,3291,0.0,0.0
2024-08-20 13:25:00-04:00,14.3100004196167,14.3100004196167,14.3100004196167,14.3100004196167,271,0.0,0.0
2024-08-20 13:30:00-04:00,14.300000190734863,14.300000190734863,14.295000076293945,14.295000076293945,608,0.0,0.0
2024-08-20 13:35:00-04:00,14.295000076293945,14.295000076293945,14.295000076293945,14.295000076293945,422,0.0,0.0
2024-08-20 13:40:00-04:00,14.295000076293945,14.295000076293945,14.295000076293945,14.295000076293945,1095,0.0,0.0
2024-08-20 13:45:00-04:00,14.279999732971191,14.279999732971191,14.270000457763672,14.270000457763672,628,0.0,0.0
2024-08-20 13:50:00-04:00,14.265000343322754,14.265000343322754,14.265000343322754,14.265000343322754,977,0.0,0.0
2024-08-20 13:55:00-04:00,14.265000343322754,14.274999618530273,14.265000343322754,14.274999618530273,779,0.0,0.0
2024-08-20 14:00:00-04:00,14.279999732971191,14.279999732971191,14.279999732971191,14.279999732971191,829,0.0,0.0
2024-08-20 14:05:00-04:00,14.279999732971191,14.300000190734863,14.270000457763672,14.295499801635742,3406,0.0,0.0
2024-08-20 14:10:00-04:00,14.300000190734863,14.329999923706055,14.289999961853027,14.3149995803833,2426,0.0,0.0
2024-08-20 14:15:00-04:00,14.3149995803833,14.329999923706055,14.3149995803833,14.329999923706055,777,0.0,0.0
2024-08-20 14:20:00-04:00,14.329999923706055,14.329999923706055,14.329999923706055,14.329999923706055,682,0.0,0.0
2024-08-20 14:25:00-04:00,14.32509994506836,14.32509994506836,14.32509994506836,14.32509994506836,415,0.0,0.0
2024-08-20 14:30:00-04:00,14.329999923706055,14.329999923706055,14.324999809265137,14.324999809265137,1382,0.0,0.0
2024-08-20 14:35:00-04:00,14.324999809265137,14.345000267028809,14.324999809265137,14.345000267028809,1412,0.0,0.0
2024-08-20 14:40:00-04:00,14.359999656677246,14.359999656677246,14.354999542236328,14.354999542236328,2292,0.0,0.0
2024-08-20 14:50:00-04:00,14.369999885559082,14.369999885559082,14.364999771118164,14.364999771118164,1035,0.0,0.0
2024-08-20 15:00:00-04:00,14.359999656677246,14.369999885559082,14.345000267028809,14.35200023651123,3615,0.0,0.0
2024-08-20 15:05:00-04:00,14.364999771118164,14.380000114440918,14.364999771118164,14.364999771118164,1394,0.0,0.0
2024-08-20 15:15:00-04:00,14.364999771118164,14.364999771118164,14.364999771118164,14.364999771118164,577,0.0,0.0
2024-08-20 15:20:00-04:00,14.364999771118164,14.380000114440918,14.359999656677246,14.380000114440918,2929,0.0,0.0
2024-08-20 15:25:00-04:00,14.39490032196045,14.420000076293945,14.390000343322754,14.40999984741211,5502,0.0,0.0
2024-08-20 15:30:00-04:00,14.380000114440918,14.380000114440918,14.380000114440918,14.380000114440918,732,0.0,0.0
2024-08-20 15:35:00-04:00,14.385000228881836,14.385000228881836,14.385000228881836,14.385000228881836,864,0.0,0.0
2024-08-20 15:40:00-04:00,14.380000114440918,14.390000343322754,14.380000114440918,14.390000343322754,1597,0.0,0.0
2024-08-20 15:45:00-04:00,14.390000343322754,14.399999618530273,14.380000114440918,14.380000114440918,1401,0.0,0.0
2024-08-20 15:50:00-04:00,14.390000343322754,14.390000343322754,14.359999656677246,14.369999885559082,5934,0.0,0.0
2024-08-20 15:55:00-04:00,14.359999656677246,14.390000343322754,14.350000381469727,14.369999885559082,16078,0.0,0.0
2024-08-21 09:30:00-04:00,14.460000038146973,14.569999694824219,14.460000038146973,14.569999694824219,2440,0.0,0.0
2024-08-21 09:35:00-04:00,14.550000190734863,14.573100090026855,14.512499809265137,14.568499565124512,1246,0.0,0.0
2024-08-21 09:40:00-04:00,14.5,14.529999732971191,14.5,14.524999618530273,1738,0.0,0.0
2024-08-21 09:45:00-04:00,14.520000457763672,14.529999732971191,14.520000457763672,14.529999732971191,1111,0.0,0.0
2024-08-21 09:50:00-04:00,14.5,14.5,14.5,14.5,2598,0.0,0.0
2024-08-21 10:00:00-04:00,14.4350004196167,14.4350004196167,14.4350004196167,14.4350004196167,367,0.0,0.0
2024-08-21 10:10:00-04:00,14.444999694824219,14.444999694824219,14.430000305175781,14.430000305175781,1523,0.0,0.0
2024-08-21 10:15:00-04:00,14.350000381469727,14.359999656677246,14.350000381469727,14.355799674987793,1029,0.0,0.0
2024-08-21 10:20:00-04:00,14.364999771118164,14.364999771118164,14.354999542236328,14.354999542236328,291,0.0,0.0
2024-08-21 10:25:00-04:00,14.350000381469727,14.390000343322754,14.345000267028809,14.3774995803833,7013,0.0,0.0
2024-08-21 10:30:00-04:00,14.430000305175781,14.460000038146973,14.430000305175781,14.4350004196167,672,0.0,0.0
2024-08-21 10:35:00-04:00,14.444999694824219,14.489999771118164,14.444999694824219,14.489999771118164,2353,0.0,0.0
2024-08-21 10:40:00-04:00,14.520000457763672,14.550000190734863,14.520000457763672,14.550000190734863,1568,0.0,0.0
2024-08-21 10:45:00-04:00,14.489999771118164,14.489999771118164,14.479999542236328,14.479999542236328,1481,0.0,0.0
2024-08-21 10:50:00-04:00,14.470000267028809,14.470000267028809,14.470000267028809,14.470000267028809,1105,0.0,0.0
2024-08-21 11:10:00-04:00,14.444999694824219,14.449999809265137,14.444999694824219,14.444999694824219,1488,0.0,0.0
2024-08-21 11:15:00-04:00,14.460000038146973,14.460000038146973,14.444999694824219,14.460000038146973,2064,0.0,0.0
2024-08-21 11:20:00-04:00,14.460000038146973,14.470000267028809,14.449999809265137,14.470000267028809,3670,0.0,0.0
2024-08-21 11:40:00-04:00,14.489999771118164,14.489999771118164,14.479999542236328,14.479999542236328,581,0.0,0.0
2024-08-21 11:45:00-04:00,14.479999542236328,14.479999542236328,14.479999542236328,14.479999542236328,272,0.0,0.0
2024-08-21 11:50:00-04:00,14.489999771118164,14.5600004196167,14.489999771118164,14.5600004196167,4519,0.0,0.0
2024-08-21 11:55:00-04:00,14.5600004196167,14.5600004196167,14.5600004196167,14.5600004196167,194,0.0,0.0
2024-08-21 12:00:00-04:00,14.529999732971191,14.529999732971191,14.529999732971191,14.529999732971191,1751,0.0,0.0
2024-08-21 12:05:00-04:00,14.550000190734863,14.550000190734863,14.550000190734863,14.550000190734863,429,0.0,0.0
2024-08-21 12:10:00-04:00,14.550000190734863,14.550000190734863,14.550000190734863,14.550000190734863,269,0.0,0.0
2024-08-21 12:15:00-04:00,14.550000190734863,14.5600004196167,14.550000190734863,14.5600004196167,2338,0.0,0.0
2024-08-21 12:20:00-04:00,14.545000076293945,14.555000305175781,14.545000076293945,14.555000305175781,3017,0.0,0.0
2024-08-21 12:25:00-04:00,14.555000305175781,14.555000305175781,14.555000305175781,14.555000305175781,561,0.0,0.0
2024-08-21 12:35:00-04:00,14.565999984741211,14.565999984741211,14.565999984741211,14.565999984741211,461,0.0,0.0
2024-08-21 12:40:00-04:00,14.569999694824219,14.569999694824219,14.569999694824219,14.569999694824219,278,0.0,0.0
2024-08-21 12:45:00-04:00,14.574999809265137,14.574999809265137,14.574999809265137,14.574999809265137,861,0.0,0.0
2024-08-21 12:50:00-04:00,14.579999923706055,14.59000015258789,14.579999923706055,14.59000015258789,906,0.0,0.0
2024-08-21 12:55:00-04:00,14.59000015258789,14.59000015258789,14.59000015258789,14.59000015258789,644,0.0,0.0
2024-08-21 13:00:00-04:00,14.59000015258789,14.59000015258789,14.59000015258789,14.59000015258789,392,0.0,0.0
2024-08-21 13:05:00-04:00,14.579999923706055,14.59000015258789,14.579999923706055,14.585000038146973,2615,0.0,0.0
2024-08-21 13:10:00-04:00,14.579999923706055,14.579999923706055,14.550000190734863,14.550000190734863,4228,0.0,0.0
2024-08-21 13:15:00-04:00,14.5600004196167,14.5600004196167,14.5600004196167,14.5600004196167,152,0.0,0.0
2024-08-21 13:20:00-04:00,14.59000015258789,14.600000381469727,14.59000015258789,14.600000381469727,160664,0.0,0.0
2024-08-21 13:25:00-04:00,14.670000076293945,14.670000076293945,14.670000076293945,14.670000076293945,4021,0.0,0.0
2024-08-21 13:50:00-04:00,14.692500114440918,14.692500114440918,14.692500114440918,14.692500114440918,398,0.0,0.0
2024-08-21 14:00:00-04:00,14.699999809265137,14.699999809265137,14.699999809265137,14.699999809265137,359,0.0,0.0
2024-08-21 14:05:00-04:00,14.699999809265137,14.699999809265137,14.699999809265137,14.699999809265137,917,0.0,0.0
2024-08-21 14:20:00-04:00,14.680000305175781,14.6899995803833,14.630000114440918,14.6899995803833,3512,0.0,0.0
2024-08-21 14:25:00-04:00,14.6899995803833,14.699999809265137,14.6899995803833,14.699999809265137,527,0.0,0.0
2024-08-21 14:30:00-04:00,14.699999809265137,14.699999809265137,14.699999809265137,14.699999809265137,2602,0.0,0.0
2024-08-21 14:35:00-04:00,14.6899995803833,14.6899995803833,14.670000076293945,14.670000076293945,1677,0.0,0.0
2024-08-21 14:40:00-04:00,14.659500122070312,14.659500122070312,14.659500122070312,14.659500122070312,299,0.0,0.0
2024-08-21 14:45:00-04:00,14.649999618530273,14.649999618530273,14.640000343322754,14.640000343322754,1026,0.0,0.0
2024-08-21 14:50:00-04:00,14.649999618530273,14.649999618530273,14.649999618530273,14.649999618530273,701,0.0,0.0
2024-08-21 14:55:00-04:00,14.640000343322754,14.640000343322754,14.630000114440918,14.630000114440918,1462,0.0,0.0
2024-08-21 15:00:00-04:00,14.621999740600586,14.621999740600586,14.621999740600586,14.621999740600586,2647,0.0,0.0
2024-08-21 15:20:00-04:00,14.610400199890137,14.610400199890137,14.610400199890137,14.610400199890137,1450,0.0,0.0
2024-08-21 15:25:00-04:00,14.630000114440918,14.630000114440918,14.630000114440918,14.630000114440918,1743,0.0,0.0
2024-08-21 15:30:00-04:00,14.63010025024414,14.63010025024414,14.619999885559082,14.619999885559082,3605,0.0,0.0
2024-08-21 15:35:00-04:00,14.630000114440918,14.640000343322754,14.630000114440918,14.640000343322754,2108,0.0,0.0
2024-08-21 15:45:00-04:00,14.670000076293945,14.670000076293945,14.65999984741211,14.65999984741211,3244,0.0,0.0
2024-08-21 15:50:00-04:00,14.670000076293945,14.6850004196167,14.670000076293945,14.670000076293945,2369,0.0,0.0
2024-08-21 15:55:00-04:00,14.670000076293945,14.680000305175781,14.649999618530273,14.649999618530273,6588,0.0,0.0
2024-08-22 09:30:00-04:00,14.600000381469727,14.600000381469727,14.59000015258789,14.600000381469727,7262,0.0,0.0
2024-08-22 09:45:00-04:00,14.595000267028809,14.595000267028809,14.595000267028809,14.595000267028809,204,0.0,0.0
2024-08-22 09:50:00-04:00,14.59000015258789,14.59000015258789,14.539999961853027,14.539999961853027,755,0.0,0.0
2024-08-22 09:55:00-04:00,14.5600004196167,14.5600004196167,14.5600004196167,14.5600004196167,789,0.0,0.0
2024-08-22 10:00:00-04:00,14.550000190734863,14.550000190734863,14.524999618530273,14.524999618530273,816,0.0,0.0
2024-08-22 10:05:00-04:00,14.529999732971191,14.529999732971191,14.529999732971191,14.529999732971191,2154,0.0,0.0
2024-08-22 10:10:00-04:00,14.5,14.5,14.470000267028809,14.479999542236328,3870,0.0,0.0
2024-08-22 10:15:00-04:00,14.479999542236328,14.510000228881836,14.479999542236328,14.510000228881836,956,0.0,0.0
2024-08-22 10:20:00-04:00,14.515000343322754,14.529999732971191,14.515000343322754,14.524999618530273,774,0.0,0.0
2024-08-22 10:25:00-04:00,14.539999961853027,14.539999961853027,14.520000457763672,14.520000457763672,817,0.0,0.0
2024-08-22 10:30:00-04:00,14.5,14.550000190734863,14.5,14.541000366210938,2350,0.0,0.0
2024-08-22 10:40:00-04:00,14.569999694824219,14.569999694824219,14.569999694824219,14.569999694824219,1923,0.0,0.0
2024-08-22 10:50:00-04:00,14.545000076293945,14.545000076293945,14.545000076293945,14.545000076293945,1798,0.0,0.0
2024-08-22 11:00:00-04:00,14.596599578857422,14.596599578857422,14.585000038146973,14.585000038146973,470,0.0,0.0
2024-08-22 11:05:00-04:00,14.579999923706055,14.579999923706055,14.579999923706055,14.579999923706055,1308,0.0,0.0
2024-08-22 11:10:00-04:00,14.550000190734863,14.550000190734863,14.550000190734863,14.550000190734863,458,0.0,0.0
2024-08-22 11:15:00-04:00,14.555000305175781,14.555000305175781,14.539999961853027,14.539999961853027,745,0.0,0.0
2024-08-22 11:25:00-04:00,14.539999961853027,14.545000076293945,14.539999961853027,14.539999961853027,2289,0.0,0.0
2024-08-22 11:30:00-04:00,14.524999618530273,14.524999618530273,14.524999618530273,14.524999618530273,130,0.0,0.0
2024-08-22 11:35:00-04:00,14.529999732971191,14.545000076293945,14.529999732971191,14.539999961853027,1893,0.0,0.0
2024-08-22 11:40:00-04:00,14.520000457763672,14.550000190734863,14.520000457763672,14.545000076293945,1713,0.0,0.0
2024-08-22 11:45:00-04:00,14.5600004196167,14.5600004196167,14.5600004196167,14.5600004196167,477,0.0,0.0
2024-08-22 11:50:00-04:00,14.5600004196167,14.5600004196167,14.5600004196167,14.5600004196167,724,0.0,0.0
2024-08-22 12:00:00-04:00,14.53499984741211,14.53499984741211,14.53499984741211,14.53499984741211,1075,0.0,0.0
2024-08-22 12:10:00-04:00,14.579999923706055,14.579999923706055,14.574999809265137,14.579999923706055,1424,0.0,0.0
2024-08-22 12:15:00-04:00,14.574999809265137,14.59000015258789,14.574999809265137,14.59000015258789,615,0.0,0.0
2024-08-22 12:20:00-04:00,14.59000015258789,14.59000015258789,14.59000015258789,14.59000015258789,365,0.0,0.0
2024-08-22 12:25:00-04:00,14.595000267028809,14.609999656677246,14.595000267028809,14.609999656677246,1497,0.0,0.0
2024-08-22 12:45:00-04:00,14.59000015258789,14.59000015258789,14.585000038146973,14.585000038146973,575,0.0,0.0
2024-08-22 12:50:00-04:00,14.569999694824219,14.569999694824219,14.569999694824219,14.569999694824219,1736,0.0,0.0
2024-08-22 13:00:00-04:00,14.550000190734863,14.550000190734863,14.550000190734863,14.550000190734863,1238,0.0,0.0
2024-08-22 13:10:00-04:00,14.539999961853027,14.539999961853027,14.539999961853027,14.539999961853027,1388,0.0,0.0
2024-08-22 13:20:00-04:00,14.520000457763672,14.520000457763672,14.520000457763672,14.520000457763672,265,0.0,0.0
2024-08-22 13:25:00-04:00,14.510000228881836,14.510000228881836,14.510000228881836,14.510000228881836,257,0.0,0.0
2024-08-22 13:30:00-04:00,14.489999771118164,14.489999771118164,14.420000076293945,14.420000076293945,3987,0.0,0.0
2024-08-22 13:45:00-04:00,14.395000457763672,14.40999984741211,14.395000457763672,14.40999984741211,3117,0.0,0.0
2024-08-22 13:50:00-04:00,14.4399995803833,14.4399995803833,14.4399995803833,14.4399995803833,155,0.0,0.0
2024-08-22 13:55:00-04:00,14.420000076293945,14.430000305175781,14.420000076293945,14.430000305175781,609,0.0,0.0
2024-08-22 14:00:00-04:00,14.430000305175781,14.4350004196167,14.430000305175781,14.430000305175781,599,0.0,0.0
2024-08-22 14:05:00-04:00,14.414999961853027,14.420000076293945,14.399999618530273,14.420000076293945,4988,0.0,0.0
2024-08-22 14:15:00-04:00,14.430000305175781,14.4399995803833,14.430000305175781,14.4350004196167,885,0.0,0.0
2024-08-22 14:20:00-04:00,14.430000305175781,14.430000305175781,14.430000305175781,14.430000305175781,294,0.0,0.0
2024-08-22 14:25:00-04:00,14.430000305175781,14.449999809265137,14.430000305175781,14.449999809265137,2216,0.0,0.0
2024-08-22 14:40:00-04:00,14.460000038146973,14.460000038146973,14.460000038146973,14.460000038146973,896,0.0,0.0
2024-08-22 14:50:00-04:00,14.4399995803833,14.4399995803833,14.430000305175781,14.430000305175781,2048,0.0,0.0
2024-08-22 14:55:00-04:00,14.430000305175781,14.430000305175781,14.430000305175781,14.430000305175781,40908,0.0,0.0
2024-08-22 15:10:00-04:00,14.5,14.5,14.5,14.5,2043,0.0,0.0
2024-08-22 15:25:00-04:00,14.46399974822998,14.46399974822998,14.40999984741211,14.449999809265137,2867,0.0,0.0
2024-08-22 15:30:00-04:00,14.4399995803833,14.4399995803833,14.4399995803833,14.4399995803833,1590,0.0,0.0
2024-08-22 15:40:00-04:00,14.430000305175781,14.430000305175781,14.430000305175781,14.430000305175781,1736,0.0,0.0
2024-08-22 15:45:00-04:00,14.399999618530273,14.414999961853027,14.392499923706055,14.40999984741211,2826,0.0,0.0
2024-08-22 15:50:00-04:00,14.399999618530273,14.40999984741211,14.390000343322754,14.40999984741211,3938,0.0,0.0
2024-08-22 15:55:00-04:00,14.40999984741211,14.4399995803833,14.399999618530273,14.4399995803833,8791,0.0,0.0
2024-08-23 09:30:00-04:00,14.680000305175781,14.774999618530273,14.680000305175781,14.774999618530273,5002,0.0,0.0
2024-08-23 09:35:00-04:00,14.800000190734863,14.800000190734863,14.720000267028809,14.779999732971191,2195,0.0,0.0
2024-08-23 09:40:00-04:00,14.75,14.75,14.75,14.75,446,0.0,0.0
2024-08-23 09:45:00-04:00,14.75,14.770600318908691,14.71500015258789,14.720000267028809,2445,0.0,0.0
2024-08-23 09:50:00-04:00,14.694999694824219,14.694999694824219,14.65999984741211,14.688699722290039,4270,0.0,0.0
2024-08-23 09:55:00-04:00,14.6899995803833,14.739999771118164,14.6899995803833,14.711999893188477,1130,0.0,0.0
2024-08-23 10:00:00-04:00,14.8100004196167,14.904999732971191,14.8100004196167,14.904999732971191,1318,0.0,0.0
2024-08-23 10:05:00-04:00,14.901700019836426,14.9399995803833,14.860099792480469,14.860099792480469,6772,0.0,0.0
2024-08-23 10:10:00-04:00,14.930000305175781,15.005000114440918,14.930000305175781,14.970000267028809,11930,0.0,0.0
2024-08-23 10:15:00-04:00,14.9399995803833,14.9399995803833,14.914999961853027,14.914999961853027,866,0.0,0.0
2024-08-23 10:20:00-04:00,14.904999732971191,14.944999694824219,14.904999732971191,14.944999694824219,1440,0.0,0.0
2024-08-23 10:25:00-04:00,14.989999771118164,14.989999771118164,14.960000038146973,14.96500015258789,838,0.0,0.0
2024-08-23 10:30:00-04:00,14.97920036315918,15.039999961853027,14.97920036315918,15.039999961853027,3154,0.0,0.0
2024-08-23 10:35:00-04:00,15.0600004196167,15.0600004196167,15.041600227355957,15.041600227355957,750,0.0,0.0
2024-08-23 10:40:00-04:00,15.039999961853027,15.050000190734863,15.039999961853027,15.050000190734863,2200,0.0,0.0
2024-08-23 10:45:00-04:00,15.09000015258789,15.09000015258789,15.069999694824219,15.069999694824219,1408,0.0,0.0
2024-08-23 10:50:00-04:00,15.029999732971191,15.029999732971191,15.029999732971191,15.029999732971191,105,0.0,0.0
2024-08-23 10:55:00-04:00,15.039999961853027,15.095000267028809,15.029999732971191,15.095000267028809,3096,0.0,0.0
2024-08-23 11:05:00-04:00,15.130000114440918,15.210000038146973,15.130000114440918,15.210000038146973,1668,0.0,0.0
2024-08-23 11:10:00-04:00,15.170000076293945,15.1850004196167,15.169899940490723,15.1850004196167,2378,0.0,0.0
2024-08-23 11:15:00-04:00,15.210000038146973,15.225000381469727,15.210000038146973,15.220000267028809,2100,0.0,0.0
2024-08-23 11:20:00-04:00,15.199999809265137,15.199999809265137,15.165399551391602,15.165399551391602,1082,0.0,0.0
2024-08-23 11:25:00-04:00,15.180000305175781,15.199399948120117,15.15999984741211,15.15999984741211,2427,0.0,0.0
2024-08-23 11:35:00-04:00,15.2391996383667,15.284099578857422,15.229999542236328,15.284099578857422,1868,0.0,0.0
2024-08-23 11:40:00-04:00,15.270000457763672,15.270000457763672,15.239999771118164,15.239999771118164,1221,0.0,0.0
2024-08-23 11:50:00-04:00,15.171899795532227,15.171899795532227,15.123900413513184,15.15999984741211,6023,0.0,0.0
2024-08-23 12:05:00-04:00,15.140000343322754,15.170000076293945,15.140000343322754,15.167799949645996,1310,0.0,0.0
2024-08-23 12:10:00-04:00,15.149999618530273,15.149999618530273,15.149999618530273,15.149999618530273,1320,0.0,0.0
2024-08-23 12:20:00-04:00,15.14840030670166,15.14840030670166,15.14840030670166,15.14840030670166,551,0.0,0.0
2024-08-23 12:25:00-04:00,15.119999885559082,15.119999885559082,15.119999885559082,15.119999885559082,329,0.0,0.0
2024-08-23 12:30:00-04:00,15.130000114440918,15.15999984741211,15.130000114440918,15.15999984741211,1539,0.0,0.0
2024-08-23 12:35:00-04:00,15.1899995803833,15.1899995803833,15.170000076293945,15.175000190734863,913,0.0,0.0
2024-08-23 12:40:00-04:00,15.180000305175781,15.180000305175781,15.175000190734863,15.175000190734863,1602,0.0,0.0
2024-08-23 12:50:00-04:00,15.15999984741211,15.170000076293945,15.15999984741211,15.161499977111816,1083,0.0,0.0
2024-08-23 12:55:00-04:00,15.1899995803833,15.225000381469727,15.1899995803833,15.220000267028809,1913,0.0,0.0
2024-08-23 13:00:00-04:00,15.217499732971191,15.239999771118164,15.217499732971191,15.239899635314941,2438,0.0,0.0
2024-08-23 13:05:00-04:00,15.249899864196777,15.249899864196777,15.239999771118164,15.239999771118164,3514,0.0,0.0
2024-08-23 13:10:00-04:00,15.210000038146973,15.239999771118164,15.210000038146973,15.239999771118164,551,0.0,0.0
2024-08-23 13:15:00-04:00,15.25,15.260000228881836,15.25,15.260000228881836,1358,0.0,0.0
2024-08-23 13:20:00-04:00,15.268500328063965,15.268500328063965,15.268500328063965,15.268500328063965,607,0.0,0.0
2024-08-23 13:25:00-04:00,15.26200008392334,15.26200008392334,15.260000228881836,15.260000228881836,1096,0.0,0.0
2024-08-23 13:35:00-04:00,15.260000228881836,15.260000228881836,15.260000228881836,15.260000228881836,1429,0.0,0.0
2024-08-23 13:45:00-04:00,15.279999732971191,15.300000190734863,15.279999732971191,15.300000190734863,2041,0.0,0.0
2024-08-23 13:50:00-04:00,15.28950023651123,15.28950023651123,15.28950023651123,15.28950023651123,242,0.0,0.0
2024-08-23 13:55:00-04:00,15.279999732971191,15.279999732971191,15.265000343322754,15.265000343322754,1423,0.0,0.0
2024-08-23 14:00:00-04:00,15.263099670410156,15.263099670410156,15.263099670410156,15.263099670410156,871,0.0,0.0
2024-08-23 14:05:00-04:00,15.270000457763672,15.270000457763672,15.270000457763672,15.270000457763672,1282,0.0,0.0
2024-08-23 14:10:00-04:00,15.275699615478516,15.275699615478516,15.270000457763672,15.270000457763672,499,0.0,0.0
2024-08-23 14:15:00-04:00,15.260000228881836,15.279899597167969,15.255000114440918,15.272700309753418,2251,0.0,0.0
2024-08-23 14:20:00-04:00,15.270000457763672,15.270000457763672,15.260000228881836,15.270000457763672,1035,0.0,0.0
2024-08-23 14:30:00-04:00,15.274999618530273,15.274999618530273,15.274999618530273,15.274999618530273,421,0.0,0.0
2024-08-23 14:35:00-04:00,15.274999618530273,15.274999618530273,15.274999618530273,15.274999618530273,447,0.0,0.0
2024-08-23 14:40:00-04:00,15.274999618530273,15.274999618530273,15.274999618530273,15.274999618530273,1029,0.0,0.0
2024-08-23 14:50:00-04:00,15.289999961853027,15.319999694824219,15.270000457763672,15.270000457763672,5713,0.0,0.0
2024-08-23 14:55:00-04:00,15.270000457763672,15.279999732971191,15.265000343322754,15.279999732971191,2252,0.0,0.0
2024-08-23 15:00:00-04:00,15.300000190734863,15.3100004196167,15.279999732971191,15.279999732971191,3061,0.0,0.0
2024-08-23 15:05:00-04:00,15.265000343322754,15.265000343322754,15.265000343322754,15.265000343322754,374,0.0,0.0
2024-08-23 15:10:00-04:00,15.270000457763672,15.3100004196167,15.270000457763672,15.3100004196167,2851,0.0,0.0
2024-08-23 15:20:00-04:00,15.319999694824219,15.319999694824219,15.3100004196167,15.3100004196167,1899,0.0,0.0
2024-08-23 15:25:00-04:00,15.3100004196167,15.3100004196167,15.3100004196167,15.3100004196167,619,0.0,0.0
2024-08-23 15:30:00-04:00,15.289999961853027,15.300000190734863,15.289999961853027,15.300000190734863,1383,0.0,0.0
2024-08-23 15:35:00-04:00,15.305000305175781,15.329999923706055,15.305000305175781,15.3100004196167,1746,0.0,0.0
2024-08-23 15:40:00-04:00,15.3100004196167,15.3149995803833,15.3100004196167,15.3149995803833,1654,0.0,0.0
2024-08-23 15:45:00-04:00,15.300000190734863,15.300000190734863,15.274999618530273,15.279999732971191,3417,0.0,0.0
2024-08-23 15:50:00-04:00,15.28499984741211,15.3149995803833,15.28499984741211,15.300000190734863,4189,0.0,0.0
2024-08-23 15:55:00-04:00,15.3100004196167,15.380000114440918,15.3100004196167,15.380000114440918,14276,0.0,0.0
