Datetime,Open,High,Low,Close,Volume,Dividends,Stock Splits
2022-07-21 09:00:00+09:00,709.0,714.0,709.0,714.0,2100,0.0,0.0
2022-07-21 10:00:00+09:00,714.0,714.0,711.0,711.0,200,0.0,0.0
2022-07-21 11:00:00+09:00,711.0,711.0,711.0,711.0,0,0.0,0.0
2022-07-21 12:00:00+09:00,709.0,709.0,704.0,707.0,3000,0.0,0.0
2022-07-21 13:00:00+09:00,710.0,712.0,710.0,712.0,400,0.0,0.0
2022-07-21 14:00:00+09:00,714.0,715.0,710.0,710.0,1600,0.0,0.0
2022-07-22 09:00:00+09:00,715.0,715.0,715.0,715.0,700,0.0,0.0
2022-07-22 10:00:00+09:00,712.0,712.0,712.0,712.0,100,0.0,0.0
2022-07-22 11:00:00+09:00,712.0,712.0,712.0,712.0,0,0.0,0.0
2022-07-22 13:00:00+09:00,715.0,725.0,715.0,724.0,5500,0.0,0.0
2022-07-22 14:00:00+09:00,723.0,723.0,719.0,722.0,1400,0.0,0.0
2022-07-25 09:00:00+09:00,750.0,750.0,726.0,726.0,0,0.0,0.0
2022-07-25 10:00:00+09:00,727.0,730.0,727.0,729.0,400,0.0,0.0
2022-07-25 11:00:00+09:00,729.0,729.0,726.0,726.0,0,0.0,0.0
2022-07-25 12:00:00+09:00,724.0,724.0,719.0,722.0,9000,0.0,0.0
2022-07-25 14:00:00+09:00,723.0,727.0,723.0,727.0,200,0.0,0.0
2022-07-26 09:00:00+09:00,741.0,741.0,732.0,736.0,1400,0.0,0.0
2022-07-26 10:00:00+09:00,738.0,740.0,735.0,740.0,2600,0.0,0.0
2022-07-26 11:00:00+09:00,742.0,746.0,740.0,740.0,0,0.0,0.0
2022-07-26 12:00:00+09:00,745.0,745.0,730.0,730.0,6900,0.0,0.0
2022-07-26 13:00:00+09:00,731.0,737.0,731.0,737.0,200,0.0,0.0
2022-07-26 14:00:00+09:00,735.0,740.0,735.0,740.0,1300,0.0,0.0
2022-07-27 09:00:00+09:00,734.0,739.0,734.0,739.0,900,0.0,0.0
2022-07-27 10:00:00+09:00,739.0,739.0,739.0,739.0,100,0.0,0.0
2022-07-27 11:00:00+09:00,735.0,735.0,732.0,732.0,0,0.0,0.0
2022-07-27 12:00:00+09:00,733.0,734.0,732.0,734.0,2000,0.0,0.0
2022-07-27 14:00:00+09:00,734.0,736.0,734.0,736.0,500,0.0,0.0
2022-07-28 09:00:00+09:00,732.0,737.0,732.0,732.0,1200,0.0,0.0
2022-07-28 10:00:00+09:00,730.0,730.0,726.0,726.0,1300,0.0,0.0
2022-07-28 11:00:00+09:00,726.0,726.0,725.0,725.0,0,0.0,0.0
2022-07-28 12:00:00+09:00,726.0,726.0,726.0,726.0,3600,0.0,0.0
2022-07-28 14:00:00+09:00,725.0,727.0,725.0,727.0,200,0.0,0.0
2022-07-29 09:00:00+09:00,740.0,740.0,720.0,720.0,2600,0.0,0.0
2022-07-29 10:00:00+09:00,722.0,722.0,716.0,718.0,5200,0.0,0.0
2022-07-29 11:00:00+09:00,718.0,718.0,718.0,718.0,0,0.0,0.0
2022-07-29 12:00:00+09:00,720.0,720.0,720.0,720.0,7900,0.0,0.0
2022-07-29 13:00:00+09:00,718.0,718.0,702.0,705.0,11800,0.0,0.0
2022-07-29 14:00:00+09:00,705.0,705.0,694.0,700.0,11500,0.0,0.0
2022-08-01 09:00:00+09:00,696.0,705.0,696.0,702.0,0,0.0,0.0
2022-08-01 10:00:00+09:00,701.0,701.0,700.0,700.0,600,0.0,0.0
2022-08-01 11:00:00+09:00,700.0,707.0,700.0,707.0,0,0.0,0.0
2022-08-01 12:00:00+09:00,710.0,710.0,700.0,700.0,4100,0.0,0.0
2022-08-01 13:00:00+09:00,702.0,702.0,702.0,702.0,700,0.0,0.0
2022-08-01 14:00:00+09:00,702.0,710.0,702.0,702.0,500,0.0,0.0
2022-08-02 09:00:00+09:00,706.0,718.0,706.0,706.0,500,0.0,0.0
2022-08-02 10:00:00+09:00,702.0,702.0,702.0,702.0,100,0.0,0.0
2022-08-02 11:00:00+09:00,700.0,702.0,698.0,700.0,0,0.0,0.0
2022-08-02 12:00:00+09:00,700.0,700.0,700.0,700.0,2000,0.0,0.0
2022-08-02 14:00:00+09:00,701.0,702.0,700.0,700.0,1200,0.0,0.0
2022-08-03 09:00:00+09:00,705.0,705.0,702.0,702.0,400,0.0,0.0
2022-08-03 10:00:00+09:00,707.0,710.0,707.0,710.0,800,0.0,0.0
2022-08-03 11:00:00+09:00,710.0,710.0,710.0,710.0,0,0.0,0.0
2022-08-03 12:00:00+09:00,705.0,705.0,702.0,702.0,1500,0.0,0.0
2022-08-03 13:00:00+09:00,701.0,701.0,701.0,701.0,100,0.0,0.0
2022-08-03 14:00:00+09:00,706.0,706.0,706.0,706.0,100,0.0,0.0
2022-08-04 09:00:00+09:00,709.0,714.0,709.0,710.0,700,0.0,0.0
2022-08-04 11:00:00+09:00,710.0,710.0,710.0,710.0,0,0.0,0.0
2022-08-04 12:00:00+09:00,703.0,708.0,703.0,708.0,1100,0.0,0.0
2022-08-04 14:00:00+09:00,702.0,710.0,702.0,706.0,1500,0.0,0.0
2022-08-05 09:00:00+09:00,709.0,716.0,709.0,716.0,0,0.0,0.0
2022-08-05 10:00:00+09:00,714.0,716.0,714.0,716.0,2300,0.0,0.0
2022-08-05 11:00:00+09:00,716.0,718.0,716.0,718.0,0,0.0,0.0
2022-08-05 12:00:00+09:00,718.0,718.0,714.0,714.0,3200,0.0,0.0
2022-08-05 13:00:00+09:00,711.0,714.0,711.0,714.0,500,0.0,0.0
2022-08-05 14:00:00+09:00,711.0,715.0,711.0,715.0,1000,0.0,0.0
2022-08-08 09:00:00+09:00,719.0,721.0,719.0,720.0,0,0.0,0.0
2022-08-08 10:00:00+09:00,720.0,720.0,720.0,720.0,300,0.0,0.0
2022-08-08 11:00:00+09:00,720.0,720.0,720.0,720.0,0,0.0,0.0
2022-08-08 12:00:00+09:00,720.0,720.0,716.0,716.0,4100,0.0,0.0
2022-08-08 13:00:00+09:00,716.0,716.0,713.0,714.0,900,0.0,0.0
2022-08-08 14:00:00+09:00,714.0,714.0,714.0,714.0,1200,0.0,0.0
2022-08-09 09:00:00+09:00,719.0,720.0,717.0,717.0,3300,0.0,0.0
2022-08-09 10:00:00+09:00,713.0,713.0,706.0,707.0,2500,0.0,0.0
2022-08-09 11:00:00+09:00,707.0,713.0,707.0,713.0,0,0.0,0.0
2022-08-09 12:00:00+09:00,708.0,713.0,708.0,713.0,7300,0.0,0.0
2022-08-09 13:00:00+09:00,714.0,714.0,711.0,711.0,1000,0.0,0.0
2022-08-09 14:00:00+09:00,709.0,709.0,698.0,707.0,9700,0.0,0.0
2022-08-10 09:00:00+09:00,702.0,702.0,697.0,700.0,5600,0.0,0.0
2022-08-10 10:00:00+09:00,704.0,704.0,704.0,704.0,100,0.0,0.0
2022-08-10 11:00:00+09:00,704.0,704.0,704.0,704.0,0,0.0,0.0
2022-08-10 12:00:00+09:00,702.0,702.0,700.0,700.0,6400,0.0,0.0
2022-08-10 13:00:00+09:00,700.0,701.0,697.0,698.0,3400,0.0,0.0
2022-08-10 14:00:00+09:00,698.0,701.0,695.0,700.0,4100,0.0,0.0
2022-08-12 09:00:00+09:00,678.0,701.0,678.0,690.0,27800,0.0,0.0
2022-08-12 10:00:00+09:00,687.0,694.0,685.0,694.0,1500,0.0,0.0
2022-08-12 11:00:00+09:00,691.0,694.0,684.0,694.0,0,0.0,0.0
2022-08-12 12:00:00+09:00,702.0,709.0,701.0,706.0,50200,0.0,0.0
2022-08-12 13:00:00+09:00,709.0,724.0,709.0,720.0,7800,0.0,0.0
2022-08-12 14:00:00+09:00,720.0,735.0,720.0,732.0,13200,0.0,0.0
2022-08-15 09:00:00+09:00,780.0,782.0,772.0,773.0,0,0.0,0.0
2022-08-15 10:00:00+09:00,774.0,781.0,771.0,778.0,40500,0.0,0.0
2022-08-15 11:00:00+09:00,781.0,785.0,779.0,781.0,0,0.0,0.0
2022-08-15 12:00:00+09:00,790.0,823.0,790.0,823.0,65400,0.0,0.0
2022-08-15 13:00:00+09:00,825.0,833.0,806.0,809.0,20100,0.0,0.0
2022-08-15 14:00:00+09:00,809.0,823.0,809.0,812.0,15500,0.0,0.0
2022-08-16 09:00:00+09:00,824.0,826.0,813.0,817.0,28300,0.0,0.0
2022-08-16 10:00:00+09:00,820.0,821.0,811.0,820.0,11900,0.0,0.0
2022-08-16 11:00:00+09:00,820.0,824.0,811.0,823.0,0,0.0,0.0
2022-08-16 12:00:00+09:00,825.0,834.0,800.0,807.0,87300,0.0,0.0
2022-08-16 13:00:00+09:00,813.0,815.0,806.0,815.0,9000,0.0,0.0
2022-08-16 14:00:00+09:00,813.0,813.0,808.0,810.0,7300,0.0,0.0
2022-08-17 09:00:00+09:00,819.0,821.0,810.0,816.0,11200,0.0,0.0
2022-08-17 10:00:00+09:00,814.0,833.0,810.0,826.0,21200,0.0,0.0
2022-08-17 11:00:00+09:00,829.0,833.0,825.0,832.0,0,0.0,0.0
2022-08-17 12:00:00+09:00,832.0,848.0,832.0,843.0,51700,0.0,0.0
2022-08-17 13:00:00+09:00,844.0,844.0,837.0,840.0,2900,0.0,0.0
2022-08-17 14:00:00+09:00,840.0,841.0,810.0,815.0,17100,0.0,0.0
2022-08-18 09:00:00+09:00,810.0,813.0,803.0,810.0,12800,0.0,0.0
2022-08-18 10:00:00+09:00,810.0,810.0,808.0,810.0,1200,0.0,0.0
2022-08-18 11:00:00+09:00,809.0,809.0,809.0,809.0,0,0.0,0.0
2022-08-18 12:00:00+09:00,809.0,809.0,804.0,804.0,19900,0.0,0.0
2022-08-18 13:00:00+09:00,805.0,807.0,805.0,807.0,1000,0.0,0.0
2022-08-18 14:00:00+09:00,808.0,811.0,805.0,805.0,3600,0.0,0.0
2022-08-19 09:00:00+09:00,802.0,810.0,800.0,802.0,8100,0.0,0.0
2022-08-19 10:00:00+09:00,805.0,805.0,804.0,804.0,200,0.0,0.0
2022-08-19 11:00:00+09:00,804.0,804.0,804.0,804.0,0,0.0,0.0
2022-08-19 12:00:00+09:00,805.0,805.0,795.0,797.0,17700,0.0,0.0
2022-08-19 13:00:00+09:00,797.0,798.0,791.0,792.0,5000,0.0,0.0
2022-08-19 14:00:00+09:00,791.0,792.0,782.0,784.0,7400,0.0,0.0
2022-08-22 09:00:00+09:00,761.0,762.0,751.0,759.0,0,0.0,0.0
2022-08-22 10:00:00+09:00,759.0,762.0,759.0,762.0,2500,0.0,0.0
2022-08-22 11:00:00+09:00,760.0,760.0,760.0,760.0,0,0.0,0.0
2022-08-22 12:00:00+09:00,763.0,767.0,763.0,767.0,23200,0.0,0.0
2022-08-22 13:00:00+09:00,765.0,765.0,765.0,765.0,300,0.0,0.0
2022-08-22 14:00:00+09:00,763.0,763.0,760.0,762.0,2700,0.0,0.0
2022-08-23 09:00:00+09:00,755.0,774.0,755.0,759.0,2500,0.0,0.0
2022-08-23 10:00:00+09:00,763.0,771.0,763.0,771.0,400,0.0,0.0
2022-08-23 11:00:00+09:00,774.0,774.0,764.0,764.0,0,0.0,0.0
2022-08-23 12:00:00+09:00,769.0,769.0,760.0,764.0,4400,0.0,0.0
2022-08-23 13:00:00+09:00,758.0,758.0,754.0,754.0,800,0.0,0.0
2022-08-23 14:00:00+09:00,754.0,757.0,748.0,757.0,8200,0.0,0.0
2022-08-24 09:00:00+09:00,753.0,753.0,750.0,750.0,800,0.0,0.0
2022-08-24 10:00:00+09:00,748.0,748.0,747.0,747.0,400,0.0,0.0
2022-08-24 11:00:00+09:00,748.0,748.0,746.0,746.0,0,0.0,0.0
2022-08-24 12:00:00+09:00,749.0,750.0,749.0,750.0,3100,0.0,0.0
2022-08-24 13:00:00+09:00,748.0,752.0,748.0,752.0,400,0.0,0.0
2022-08-24 14:00:00+09:00,752.0,755.0,750.0,750.0,1900,0.0,0.0
2022-08-25 09:00:00+09:00,776.0,776.0,763.0,763.0,4500,0.0,0.0
2022-08-25 10:00:00+09:00,763.0,768.0,763.0,768.0,1900,0.0,0.0
2022-08-25 11:00:00+09:00,768.0,768.0,768.0,768.0,0,0.0,0.0
2022-08-25 13:00:00+09:00,768.0,771.0,768.0,771.0,7000,0.0,0.0
2022-08-25 14:00:00+09:00,771.0,771.0,767.0,767.0,1300,0.0,0.0
2022-08-26 09:00:00+09:00,755.0,756.0,755.0,756.0,1900,0.0,0.0
2022-08-26 10:00:00+09:00,757.0,760.0,754.0,755.0,4000,0.0,0.0
2022-08-26 11:00:00+09:00,759.0,759.0,759.0,759.0,0,0.0,0.0
2022-08-26 12:00:00+09:00,761.0,761.0,752.0,755.0,8500,0.0,0.0
2022-08-26 13:00:00+09:00,755.0,755.0,755.0,755.0,400,0.0,0.0
2022-08-26 14:00:00+09:00,755.0,761.0,754.0,754.0,2400,0.0,0.0
2022-08-29 09:00:00+09:00,740.0,751.0,740.0,751.0,6400,0.0,0.0
2022-08-29 10:00:00+09:00,743.0,749.0,740.0,749.0,2400,0.0,0.0
2022-08-29 11:00:00+09:00,749.0,749.0,749.0,749.0,0,0.0,0.0
2022-08-29 12:00:00+09:00,750.0,750.0,748.0,750.0,9400,0.0,0.0
2022-08-29 13:00:00+09:00,751.0,751.0,750.0,750.0,700,0.0,0.0
2022-08-29 14:00:00+09:00,751.0,756.0,750.0,756.0,3800,0.0,0.0
2022-08-30 09:00:00+09:00,752.0,752.0,726.0,729.0,7000,0.0,0.0
2022-08-30 10:00:00+09:00,731.0,740.0,730.0,740.0,4200,0.0,0.0
2022-08-30 11:00:00+09:00,738.0,738.0,727.0,732.0,0,0.0,0.0
2022-08-30 12:00:00+09:00,740.0,740.0,737.0,737.0,15200,0.0,0.0
2022-08-30 13:00:00+09:00,738.0,739.0,737.0,739.0,600,0.0,0.0
2022-08-30 14:00:00+09:00,738.0,742.0,738.0,738.0,1300,0.0,0.0
2022-08-31 09:00:00+09:00,740.0,742.0,726.0,732.0,3300,0.0,0.0
2022-08-31 11:00:00+09:00,732.0,732.0,732.0,732.0,0,0.0,0.0
2022-08-31 12:00:00+09:00,736.0,736.0,727.0,727.0,5200,0.0,0.0
2022-08-31 13:00:00+09:00,729.0,731.0,729.0,729.0,1300,0.0,0.0
2022-08-31 14:00:00+09:00,729.0,729.0,729.0,729.0,200,0.0,0.0
2022-09-01 09:00:00+09:00,726.0,730.0,726.0,730.0,1300,0.0,0.0
2022-09-01 10:00:00+09:00,730.0,731.0,730.0,731.0,500,0.0,0.0
2022-09-01 11:00:00+09:00,731.0,734.0,730.0,734.0,0,0.0,0.0
2022-09-01 12:00:00+09:00,731.0,731.0,730.0,730.0,2600,0.0,0.0
2022-09-01 13:00:00+09:00,728.0,728.0,725.0,725.0,1300,0.0,0.0
2022-09-01 14:00:00+09:00,725.0,730.0,725.0,730.0,400,0.0,0.0
2022-09-02 09:00:00+09:00,725.0,725.0,702.0,702.0,8200,0.0,0.0
2022-09-02 10:00:00+09:00,704.0,709.0,704.0,709.0,600,0.0,0.0
2022-09-02 11:00:00+09:00,709.0,709.0,709.0,709.0,0,0.0,0.0
2022-09-02 12:00:00+09:00,708.0,708.0,705.0,708.0,9400,0.0,0.0
2022-09-02 13:00:00+09:00,709.0,713.0,709.0,710.0,0,0.0,0.0
2022-09-02 14:00:00+09:00,709.0,709.0,708.0,709.0,13900,0.0,0.0
2022-09-05 09:00:00+09:00,710.0,711.0,710.0,710.0,500,0.0,0.0
2022-09-05 10:00:00+09:00,710.0,713.0,710.0,713.0,300,0.0,0.0
2022-09-05 11:00:00+09:00,714.0,714.0,714.0,714.0,0,0.0,0.0
2022-09-05 12:00:00+09:00,716.0,716.0,715.0,715.0,1700,0.0,0.0
2022-09-05 13:00:00+09:00,715.0,715.0,714.0,714.0,600,0.0,0.0
2022-09-06 09:00:00+09:00,722.0,722.0,722.0,722.0,400,0.0,0.0
2022-09-06 11:00:00+09:00,725.0,725.0,725.0,725.0,0,0.0,0.0
2022-09-06 12:00:00+09:00,714.0,714.0,713.0,713.0,1900,0.0,0.0
2022-09-06 13:00:00+09:00,724.0,724.0,723.0,723.0,0,0.0,0.0
2022-09-06 14:00:00+09:00,720.0,720.0,720.0,720.0,2800,0.0,0.0
2022-09-07 09:00:00+09:00,723.0,724.0,723.0,724.0,200,0.0,0.0
2022-09-07 10:00:00+09:00,714.0,714.0,713.0,713.0,200,0.0,0.0
2022-09-07 11:00:00+09:00,713.0,713.0,713.0,713.0,0,0.0,0.0
2022-09-07 12:00:00+09:00,717.0,717.0,717.0,717.0,700,0.0,0.0
2022-09-07 14:00:00+09:00,713.0,713.0,713.0,713.0,100,0.0,0.0
2022-09-08 09:00:00+09:00,710.0,715.0,709.0,709.0,1500,0.0,0.0
2022-09-08 10:00:00+09:00,712.0,712.0,710.0,710.0,1100,0.0,0.0
2022-09-08 11:00:00+09:00,710.0,710.0,708.0,708.0,0,0.0,0.0
2022-09-08 12:00:00+09:00,708.0,710.0,708.0,708.0,8100,0.0,0.0
2022-09-08 13:00:00+09:00,707.0,707.0,702.0,703.0,1400,0.0,0.0
2022-09-08 14:00:00+09:00,704.0,706.0,704.0,706.0,1100,0.0,0.0
2022-09-09 09:00:00+09:00,700.0,706.0,700.0,700.0,6000,0.0,0.0
2022-09-09 10:00:00+09:00,703.0,703.0,702.0,702.0,500,0.0,0.0
2022-09-09 11:00:00+09:00,703.0,706.0,702.0,706.0,0,0.0,0.0
2022-09-09 12:00:00+09:00,702.0,709.0,700.0,702.0,9300,0.0,0.0
2022-09-09 13:00:00+09:00,709.0,709.0,709.0,709.0,200,0.0,0.0
2022-09-09 14:00:00+09:00,708.0,710.0,704.0,706.0,1500,0.0,0.0
2022-09-12 09:00:00+09:00,713.0,713.0,710.0,710.0,1500,0.0,0.0
2022-09-12 10:00:00+09:00,710.0,710.0,704.0,704.0,600,0.0,0.0
2022-09-12 11:00:00+09:00,704.0,704.0,704.0,704.0,0,0.0,0.0
2022-09-12 12:00:00+09:00,703.0,703.0,703.0,703.0,3000,0.0,0.0
2022-09-12 13:00:00+09:00,703.0,703.0,702.0,702.0,800,0.0,0.0
2022-09-12 14:00:00+09:00,704.0,706.0,701.0,701.0,1100,0.0,0.0
2022-09-13 09:00:00+09:00,702.0,705.0,696.0,700.0,15300,0.0,0.0
2022-09-13 10:00:00+09:00,700.0,700.0,698.0,699.0,4600,0.0,0.0
2022-09-13 11:00:00+09:00,699.0,699.0,699.0,699.0,0,0.0,0.0
2022-09-13 12:00:00+09:00,699.0,700.0,695.0,696.0,28800,0.0,0.0
2022-09-13 13:00:00+09:00,695.0,696.0,690.0,693.0,14500,0.0,0.0
2022-09-13 14:00:00+09:00,691.0,694.0,690.0,690.0,2100,0.0,0.0
2022-09-14 09:00:00+09:00,686.0,692.0,685.0,691.0,3400,0.0,0.0
2022-09-14 10:00:00+09:00,692.0,694.0,690.0,691.0,1000,0.0,0.0
2022-09-14 11:00:00+09:00,696.0,698.0,686.0,697.0,0,0.0,0.0
2022-09-14 12:00:00+09:00,695.0,695.0,695.0,695.0,7800,0.0,0.0
2022-09-14 13:00:00+09:00,690.0,697.0,690.0,692.0,700,0.0,0.0
2022-09-14 14:00:00+09:00,696.0,697.0,692.0,694.0,800,0.0,0.0
2022-09-15 09:00:00+09:00,692.0,698.0,690.0,690.0,1100,0.0,0.0
2022-09-15 10:00:00+09:00,693.0,693.0,690.0,691.0,2000,0.0,0.0
2022-09-15 11:00:00+09:00,691.0,691.0,691.0,691.0,0,0.0,0.0
2022-09-15 13:00:00+09:00,691.0,694.0,691.0,694.0,5200,0.0,0.0
2022-09-15 14:00:00+09:00,695.0,695.0,694.0,694.0,600,0.0,0.0
2022-09-16 09:00:00+09:00,695.0,696.0,692.0,695.0,2500,0.0,0.0
2022-09-16 10:00:00+09:00,691.0,693.0,688.0,690.0,1600,0.0,0.0
2022-09-16 11:00:00+09:00,692.0,692.0,691.0,691.0,0,0.0,0.0
2022-09-16 12:00:00+09:00,690.0,690.0,688.0,690.0,6100,0.0,0.0
2022-09-16 13:00:00+09:00,690.0,690.0,689.0,689.0,200,0.0,0.0
2022-09-16 14:00:00+09:00,688.0,691.0,684.0,690.0,4300,0.0,0.0
2022-09-20 09:00:00+09:00,687.0,694.0,687.0,693.0,6500,0.0,0.0
2022-09-20 11:00:00+09:00,693.0,693.0,693.0,693.0,0,0.0,0.0
2022-09-20 12:00:00+09:00,694.0,694.0,688.0,690.0,8500,0.0,0.0
2022-09-20 13:00:00+09:00,690.0,690.0,690.0,690.0,100,0.0,0.0
2022-09-20 14:00:00+09:00,690.0,695.0,690.0,692.0,1000,0.0,0.0
2022-09-21 09:00:00+09:00,690.0,690.0,688.0,689.0,800,0.0,0.0
2022-09-21 10:00:00+09:00,691.0,692.0,689.0,690.0,2800,0.0,0.0
2022-09-21 11:00:00+09:00,691.0,693.0,690.0,690.0,0,0.0,0.0
2022-09-21 12:00:00+09:00,693.0,693.0,690.0,690.0,5200,0.0,0.0
2022-09-21 13:00:00+09:00,693.0,693.0,690.0,690.0,500,0.0,0.0
2022-09-22 09:00:00+09:00,688.0,691.0,688.0,688.0,2200,0.0,0.0
2022-09-22 10:00:00+09:00,688.0,690.0,688.0,690.0,900,0.0,0.0
2022-09-22 11:00:00+09:00,690.0,690.0,690.0,690.0,0,0.0,0.0
2022-09-22 12:00:00+09:00,690.0,690.0,690.0,690.0,6500,0.0,0.0
2022-09-22 13:00:00+09:00,689.0,689.0,689.0,689.0,100,0.0,0.0
2022-09-22 14:00:00+09:00,690.0,690.0,690.0,690.0,100,0.0,0.0
2022-09-26 09:00:00+09:00,693.0,693.0,688.0,693.0,1700,0.0,0.0
2022-09-26 10:00:00+09:00,689.0,693.0,685.0,693.0,3700,0.0,0.0
2022-09-26 11:00:00+09:00,687.0,687.0,684.0,687.0,0,0.0,0.0
2022-09-26 12:00:00+09:00,687.0,687.0,684.0,684.0,14900,0.0,0.0
2022-09-26 13:00:00+09:00,683.0,683.0,675.0,678.0,5200,0.0,0.0
2022-09-26 14:00:00+09:00,678.0,682.0,674.0,680.0,2600,0.0,0.0
2022-09-27 09:00:00+09:00,681.0,684.0,675.0,684.0,2500,0.0,0.0
2022-09-27 11:00:00+09:00,684.0,684.0,684.0,684.0,0,0.0,0.0
2022-09-27 12:00:00+09:00,678.0,678.0,678.0,678.0,2700,0.0,0.0
2022-09-27 13:00:00+09:00,676.0,677.0,674.0,677.0,600,0.0,0.0
2022-09-27 14:00:00+09:00,678.0,683.0,678.0,683.0,700,0.0,0.0
2022-09-28 09:00:00+09:00,683.0,683.0,675.0,675.0,8200,0.0,0.0
2022-09-28 10:00:00+09:00,674.0,674.0,669.0,669.0,4500,0.0,0.0
2022-09-28 11:00:00+09:00,669.0,670.0,665.0,665.0,0,0.0,0.0
2022-09-28 12:00:00+09:00,665.0,669.0,665.0,669.0,16600,0.0,0.0
2022-09-28 13:00:00+09:00,670.0,678.0,670.0,678.0,2200,0.0,0.0
2022-09-28 14:00:00+09:00,678.0,678.0,670.0,671.0,1900,0.0,0.0
2022-09-29 09:00:00+09:00,674.0,674.0,673.0,674.0,1700,0.0,0.0
2022-09-29 10:00:00+09:00,670.0,670.0,670.0,670.0,100,0.0,0.0
2022-09-29 11:00:00+09:00,667.0,668.0,665.0,665.0,0,0.0,0.0
2022-09-29 12:00:00+09:00,666.0,670.0,666.0,670.0,3600,0.0,0.0
2022-09-29 14:00:00+09:00,671.0,671.0,671.0,671.0,100,0.0,0.0
2022-09-30 09:00:00+09:00,661.0,661.0,657.0,658.0,7500,0.0,0.0
2022-09-30 10:00:00+09:00,661.0,664.0,660.0,664.0,1700,0.0,0.0
2022-09-30 11:00:00+09:00,660.0,660.0,660.0,660.0,0,0.0,0.0
2022-09-30 12:00:00+09:00,668.0,668.0,668.0,668.0,10000,0.0,0.0
2022-09-30 13:00:00+09:00,660.0,665.0,660.0,665.0,1100,0.0,0.0
2022-09-30 14:00:00+09:00,666.0,666.0,662.0,662.0,1400,0.0,0.0
2022-10-03 09:00:00+09:00,655.0,656.0,655.0,656.0,800,0.0,0.0
2022-10-03 10:00:00+09:00,656.0,674.0,656.0,674.0,800,0.0,0.0
2022-10-03 11:00:00+09:00,674.0,674.0,674.0,674.0,0,0.0,0.0
2022-10-03 12:00:00+09:00,671.0,671.0,661.0,661.0,2500,0.0,0.0
2022-10-03 14:00:00+09:00,665.0,668.0,665.0,667.0,0,0.0,0.0
2022-10-04 09:00:00+09:00,674.0,678.0,674.0,678.0,500,0.0,0.0
2022-10-04 10:00:00+09:00,677.0,678.0,677.0,678.0,600,0.0,0.0
2022-10-04 11:00:00+09:00,678.0,678.0,678.0,678.0,0,0.0,0.0
2022-10-04 12:00:00+09:00,678.0,682.0,678.0,682.0,2700,0.0,0.0
2022-10-04 13:00:00+09:00,681.0,681.0,681.0,681.0,200,0.0,0.0
2022-10-04 14:00:00+09:00,682.0,682.0,678.0,678.0,800,0.0,0.0
2022-10-05 09:00:00+09:00,684.0,684.0,679.0,679.0,1200,0.0,0.0
2022-10-05 10:00:00+09:00,678.0,678.0,674.0,674.0,600,0.0,0.0
2022-10-05 11:00:00+09:00,674.0,674.0,674.0,674.0,0,0.0,0.0
2022-10-05 12:00:00+09:00,674.0,674.0,673.0,674.0,2200,0.0,0.0
2022-10-05 13:00:00+09:00,674.0,674.0,674.0,674.0,0,0.0,0.0
2022-10-05 14:00:00+09:00,674.0,674.0,674.0,674.0,2600,0.0,0.0
2022-10-06 09:00:00+09:00,674.0,675.0,671.0,675.0,700,0.0,0.0
2022-10-06 10:00:00+09:00,675.0,675.0,675.0,675.0,200,0.0,0.0
2022-10-06 11:00:00+09:00,675.0,675.0,675.0,675.0,0,0.0,0.0
2022-10-06 12:00:00+09:00,678.0,680.0,678.0,680.0,2900,0.0,0.0
2022-10-07 09:00:00+09:00,678.0,684.0,678.0,684.0,1900,0.0,0.0
2022-10-07 11:00:00+09:00,684.0,684.0,684.0,684.0,0,0.0,0.0
2022-10-07 13:00:00+09:00,678.0,681.0,674.0,681.0,2300,0.0,0.0
2022-10-07 14:00:00+09:00,682.0,690.0,680.0,680.0,6300,0.0,0.0
2022-10-11 09:00:00+09:00,674.0,688.0,674.0,686.0,0,0.0,0.0
2022-10-11 10:00:00+09:00,680.0,685.0,680.0,685.0,2000,0.0,0.0
2022-10-11 11:00:00+09:00,685.0,685.0,685.0,685.0,0,0.0,0.0
2022-10-11 12:00:00+09:00,680.0,680.0,676.0,677.0,3400,0.0,0.0
2022-10-11 13:00:00+09:00,678.0,686.0,677.0,684.0,1100,0.0,0.0
2022-10-11 14:00:00+09:00,682.0,682.0,682.0,682.0,100,0.0,0.0
2022-10-12 09:00:00+09:00,682.0,694.0,681.0,694.0,6700,0.0,0.0
2022-10-12 10:00:00+09:00,690.0,695.0,690.0,692.0,2000,0.0,0.0
2022-10-12 11:00:00+09:00,692.0,692.0,692.0,692.0,0,0.0,0.0
2022-10-12 12:00:00+09:00,691.0,691.0,683.0,686.0,10400,0.0,0.0
2022-10-12 13:00:00+09:00,690.0,696.0,690.0,695.0,800,0.0,0.0
2022-10-12 14:00:00+09:00,690.0,696.0,690.0,692.0,1700,0.0,0.0
2022-10-13 09:00:00+09:00,692.0,692.0,691.0,691.0,400,0.0,0.0
2022-10-13 11:00:00+09:00,691.0,691.0,691.0,691.0,0,0.0,0.0
2022-10-13 12:00:00+09:00,682.0,683.0,682.0,682.0,700,0.0,0.0
2022-10-13 13:00:00+09:00,681.0,681.0,681.0,681.0,200,0.0,0.0
2022-10-13 14:00:00+09:00,680.0,687.0,679.0,679.0,500,0.0,0.0
2022-10-14 09:00:00+09:00,693.0,696.0,693.0,696.0,1600,0.0,0.0
2022-10-14 11:00:00+09:00,695.0,705.0,695.0,702.0,0,0.0,0.0
2022-10-14 12:00:00+09:00,702.0,704.0,702.0,704.0,0,0.0,0.0
2022-10-14 13:00:00+09:00,702.0,702.0,700.0,702.0,13800,0.0,0.0
2022-10-14 14:00:00+09:00,701.0,701.0,701.0,701.0,100,0.0,0.0
2022-10-17 09:00:00+09:00,705.0,734.0,705.0,724.0,11800,0.0,0.0
2022-10-17 10:00:00+09:00,724.0,727.0,724.0,727.0,0,0.0,0.0
2022-10-17 11:00:00+09:00,727.0,768.0,727.0,757.0,0,0.0,0.0
2022-10-17 12:00:00+09:00,750.0,763.0,749.0,760.0,28600,0.0,0.0
2022-10-17 13:00:00+09:00,760.0,760.0,746.0,746.0,1600,0.0,0.0
2022-10-17 14:00:00+09:00,751.0,765.0,746.0,757.0,9500,0.0,0.0
2022-10-18 09:00:00+09:00,758.0,765.0,746.0,755.0,6700,0.0,0.0
2022-10-18 10:00:00+09:00,751.0,751.0,749.0,749.0,500,0.0,0.0
2022-10-18 11:00:00+09:00,749.0,749.0,749.0,749.0,0,0.0,0.0
2022-10-18 12:00:00+09:00,749.0,749.0,748.0,748.0,8000,0.0,0.0
2022-10-18 13:00:00+09:00,748.0,755.0,748.0,755.0,1100,0.0,0.0
2022-10-18 14:00:00+09:00,750.0,750.0,736.0,736.0,6700,0.0,0.0
2022-10-19 09:00:00+09:00,733.0,757.0,733.0,747.0,3700,0.0,0.0
2022-10-19 10:00:00+09:00,740.0,740.0,734.0,734.0,1600,0.0,0.0
2022-10-19 11:00:00+09:00,733.0,733.0,733.0,733.0,0,0.0,0.0
2022-10-19 12:00:00+09:00,735.0,745.0,735.0,744.0,6600,0.0,0.0
2022-10-19 13:00:00+09:00,743.0,746.0,738.0,738.0,1900,0.0,0.0
2022-10-19 14:00:00+09:00,739.0,757.0,739.0,757.0,8600,0.0,0.0
2022-10-20 09:00:00+09:00,744.0,744.0,744.0,744.0,700,0.0,0.0
2022-10-20 10:00:00+09:00,743.0,743.0,743.0,743.0,200,0.0,0.0
2022-10-20 11:00:00+09:00,743.0,743.0,743.0,743.0,0,0.0,0.0
2022-10-20 13:00:00+09:00,748.0,755.0,743.0,755.0,2000,0.0,0.0
2022-10-21 09:00:00+09:00,752.0,752.0,742.0,742.0,600,0.0,0.0
2022-10-21 10:00:00+09:00,743.0,743.0,743.0,743.0,200,0.0,0.0
2022-10-21 11:00:00+09:00,743.0,743.0,743.0,743.0,0,0.0,0.0
2022-10-21 12:00:00+09:00,746.0,746.0,746.0,746.0,900,0.0,0.0
2022-10-21 14:00:00+09:00,742.0,742.0,738.0,738.0,500,0.0,0.0
2022-10-24 09:00:00+09:00,744.0,744.0,734.0,734.0,800,0.0,0.0
2022-10-24 10:00:00+09:00,730.0,730.0,720.0,721.0,1000,0.0,0.0
2022-10-24 11:00:00+09:00,721.0,721.0,721.0,721.0,0,0.0,0.0
2022-10-24 12:00:00+09:00,734.0,734.0,734.0,734.0,1900,0.0,0.0
2022-10-24 13:00:00+09:00,739.0,751.0,739.0,750.0,4300,0.0,0.0
2022-10-24 14:00:00+09:00,743.0,743.0,743.0,743.0,200,0.0,0.0
2022-10-25 09:00:00+09:00,757.0,757.0,742.0,742.0,4000,0.0,0.0
2022-10-25 10:00:00+09:00,742.0,742.0,742.0,742.0,200,0.0,0.0
2022-10-25 11:00:00+09:00,728.0,728.0,728.0,728.0,0,0.0,0.0
2022-10-25 12:00:00+09:00,733.0,734.0,733.0,734.0,5200,0.0,0.0
2022-10-25 13:00:00+09:00,735.0,735.0,735.0,735.0,100,0.0,0.0
2022-10-25 14:00:00+09:00,737.0,737.0,735.0,735.0,800,0.0,0.0
2022-10-26 09:00:00+09:00,750.0,751.0,735.0,735.0,12300,0.0,0.0
2022-10-26 10:00:00+09:00,737.0,737.0,736.0,736.0,600,0.0,0.0
2022-10-26 11:00:00+09:00,736.0,736.0,736.0,736.0,0,0.0,0.0
2022-10-26 12:00:00+09:00,736.0,736.0,736.0,736.0,14400,0.0,0.0
2022-10-26 13:00:00+09:00,736.0,736.0,736.0,736.0,100,0.0,0.0
2022-10-26 14:00:00+09:00,736.0,736.0,729.0,730.0,5500,0.0,0.0
2022-10-27 09:00:00+09:00,740.0,740.0,740.0,740.0,500,0.0,0.0
2022-10-27 11:00:00+09:00,740.0,740.0,740.0,740.0,0,0.0,0.0
2022-10-27 12:00:00+09:00,727.0,727.0,727.0,727.0,1000,0.0,0.0
2022-10-27 13:00:00+09:00,727.0,728.0,727.0,727.0,500,0.0,0.0
2022-10-27 14:00:00+09:00,727.0,727.0,727.0,727.0,100,0.0,0.0
2022-10-28 09:00:00+09:00,725.0,725.0,720.0,720.0,1800,0.0,0.0
2022-10-28 10:00:00+09:00,725.0,725.0,725.0,725.0,700,0.0,0.0
2022-10-28 11:00:00+09:00,725.0,725.0,725.0,725.0,0,0.0,0.0
2022-10-28 12:00:00+09:00,734.0,734.0,723.0,723.0,2700,0.0,0.0
2022-10-28 14:00:00+09:00,733.0,733.0,733.0,733.0,300,0.0,0.0
2022-10-31 09:00:00+09:00,733.0,733.0,722.0,723.0,0,0.0,0.0
2022-10-31 10:00:00+09:00,723.0,723.0,722.0,722.0,900,0.0,0.0
2022-10-31 11:00:00+09:00,725.0,725.0,725.0,725.0,0,0.0,0.0
2022-10-31 12:00:00+09:00,729.0,729.0,701.0,701.0,8500,0.0,0.0
2022-10-31 13:00:00+09:00,707.0,709.0,707.0,709.0,400,0.0,0.0
2022-10-31 14:00:00+09:00,709.0,710.0,708.0,710.0,2600,0.0,0.0
2022-11-01 09:00:00+09:00,710.0,710.0,710.0,710.0,500,0.0,0.0
2022-11-01 10:00:00+09:00,710.0,711.0,709.0,709.0,300,0.0,0.0
2022-11-01 11:00:00+09:00,709.0,709.0,709.0,709.0,0,0.0,0.0
2022-11-01 12:00:00+09:00,709.0,709.0,709.0,709.0,2900,0.0,0.0
2022-11-01 13:00:00+09:00,709.0,709.0,695.0,697.0,5800,0.0,0.0
2022-11-01 14:00:00+09:00,699.0,700.0,697.0,697.0,2800,0.0,0.0
2022-11-02 09:00:00+09:00,695.0,695.0,695.0,695.0,1000,0.0,0.0
2022-11-02 10:00:00+09:00,695.0,695.0,695.0,695.0,100,0.0,0.0
2022-11-02 11:00:00+09:00,694.0,695.0,694.0,695.0,0,0.0,0.0
2022-11-02 12:00:00+09:00,694.0,694.0,694.0,694.0,1500,0.0,0.0
2022-11-02 13:00:00+09:00,694.0,694.0,690.0,690.0,4600,0.0,0.0
2022-11-02 14:00:00+09:00,688.0,688.0,688.0,688.0,200,0.0,0.0
2022-11-04 09:00:00+09:00,695.0,695.0,695.0,695.0,0,0.0,0.0
2022-11-04 10:00:00+09:00,693.0,694.0,693.0,694.0,200,0.0,0.0
2022-11-04 11:00:00+09:00,694.0,694.0,694.0,694.0,0,0.0,0.0
2022-11-04 12:00:00+09:00,688.0,688.0,669.0,670.0,8200,0.0,0.0
2022-11-04 13:00:00+09:00,671.0,671.0,671.0,671.0,100,0.0,0.0
2022-11-04 14:00:00+09:00,671.0,676.0,671.0,675.0,1800,0.0,0.0
2022-11-07 09:00:00+09:00,675.0,677.0,675.0,677.0,0,0.0,0.0
2022-11-07 10:00:00+09:00,688.0,688.0,670.0,670.0,1400,0.0,0.0
2022-11-07 11:00:00+09:00,670.0,670.0,670.0,670.0,0,0.0,0.0
2022-11-07 12:00:00+09:00,683.0,683.0,674.0,674.0,2000,0.0,0.0
2022-11-07 13:00:00+09:00,675.0,675.0,670.0,670.0,1000,0.0,0.0
2022-11-08 09:00:00+09:00,675.0,679.0,671.0,676.0,3100,0.0,0.0
2022-11-08 10:00:00+09:00,674.0,674.0,674.0,674.0,100,0.0,0.0
2022-11-08 11:00:00+09:00,673.0,673.0,668.0,668.0,0,0.0,0.0
2022-11-08 12:00:00+09:00,676.0,676.0,676.0,676.0,5700,0.0,0.0
2022-11-08 13:00:00+09:00,674.0,674.0,673.0,673.0,700,0.0,0.0
2022-11-08 14:00:00+09:00,673.0,675.0,671.0,674.0,1500,0.0,0.0
2022-11-09 09:00:00+09:00,678.0,686.0,678.0,680.0,3700,0.0,0.0
2022-11-09 10:00:00+09:00,690.0,690.0,690.0,690.0,200,0.0,0.0
2022-11-09 11:00:00+09:00,690.0,690.0,684.0,684.0,0,0.0,0.0
2022-11-09 12:00:00+09:00,684.0,712.0,684.0,712.0,12200,0.0,0.0
2022-11-09 13:00:00+09:00,697.0,709.0,697.0,705.0,2500,0.0,0.0
2022-11-09 14:00:00+09:00,705.0,713.0,705.0,711.0,2400,0.0,0.0
2022-11-10 09:00:00+09:00,666.0,670.0,651.0,669.0,0,0.0,0.0
2022-11-10 10:00:00+09:00,668.0,668.0,663.0,668.0,19400,0.0,0.0
2022-11-10 11:00:00+09:00,668.0,668.0,665.0,665.0,0,0.0,0.0
2022-11-10 12:00:00+09:00,663.0,666.0,662.0,663.0,24200,0.0,0.0
2022-11-10 13:00:00+09:00,665.0,668.0,665.0,668.0,2200,0.0,0.0
2022-11-10 14:00:00+09:00,669.0,673.0,666.0,673.0,3400,0.0,0.0
2022-11-11 09:00:00+09:00,674.0,685.0,671.0,684.0,2100,0.0,0.0
2022-11-11 10:00:00+09:00,683.0,683.0,672.0,672.0,900,0.0,0.0
2022-11-11 11:00:00+09:00,672.0,678.0,672.0,673.0,0,0.0,0.0
2022-11-11 12:00:00+09:00,673.0,678.0,673.0,678.0,5400,0.0,0.0
2022-11-11 13:00:00+09:00,678.0,678.0,678.0,678.0,100,0.0,0.0
2022-11-11 14:00:00+09:00,677.0,679.0,677.0,679.0,1100,0.0,0.0
2022-11-14 09:00:00+09:00,685.0,685.0,653.0,658.0,15600,0.0,0.0
2022-11-14 10:00:00+09:00,661.0,664.0,661.0,664.0,600,0.0,0.0
2022-11-14 11:00:00+09:00,662.0,662.0,660.0,660.0,0,0.0,0.0
2022-11-14 12:00:00+09:00,660.0,662.0,660.0,661.0,18500,0.0,0.0
2022-11-14 13:00:00+09:00,663.0,665.0,660.0,664.0,2000,0.0,0.0
2022-11-14 14:00:00+09:00,661.0,661.0,639.0,650.0,17600,0.0,0.0
2022-11-15 09:00:00+09:00,658.0,658.0,631.0,640.0,8700,0.0,0.0
2022-11-15 10:00:00+09:00,642.0,646.0,618.0,618.0,18100,0.0,0.0
2022-11-15 11:00:00+09:00,625.0,626.0,618.0,618.0,0,0.0,0.0
2022-11-15 12:00:00+09:00,619.0,631.0,619.0,626.0,33500,0.0,0.0
2022-11-15 13:00:00+09:00,629.0,633.0,625.0,625.0,5000,0.0,0.0
2022-11-15 14:00:00+09:00,625.0,628.0,625.0,626.0,1200,0.0,0.0
2022-11-16 09:00:00+09:00,617.0,620.0,617.0,619.0,5500,0.0,0.0
2022-11-16 10:00:00+09:00,622.0,624.0,618.0,624.0,1600,0.0,0.0
2022-11-16 11:00:00+09:00,624.0,626.0,624.0,625.0,0,0.0,0.0
2022-11-16 12:00:00+09:00,628.0,639.0,628.0,635.0,15200,0.0,0.0
2022-11-16 13:00:00+09:00,632.0,635.0,630.0,635.0,2600,0.0,0.0
2022-11-16 14:00:00+09:00,634.0,636.0,634.0,635.0,1100,0.0,0.0
2022-11-17 09:00:00+09:00,626.0,630.0,623.0,627.0,7900,0.0,0.0
2022-11-17 10:00:00+09:00,629.0,629.0,626.0,626.0,1100,0.0,0.0
2022-11-17 11:00:00+09:00,628.0,628.0,626.0,626.0,0,0.0,0.0
2022-11-17 12:00:00+09:00,630.0,634.0,627.0,630.0,13600,0.0,0.0
2022-11-17 13:00:00+09:00,630.0,631.0,627.0,628.0,1800,0.0,0.0
2022-11-17 14:00:00+09:00,629.0,629.0,629.0,629.0,100,0.0,0.0
2022-11-18 09:00:00+09:00,630.0,632.0,628.0,629.0,3500,0.0,0.0
2022-11-18 10:00:00+09:00,629.0,632.0,626.0,627.0,2400,0.0,0.0
2022-11-18 11:00:00+09:00,632.0,635.0,628.0,628.0,0,0.0,0.0
2022-11-18 13:00:00+09:00,629.0,633.0,629.0,633.0,6800,0.0,0.0
2022-11-18 14:00:00+09:00,633.0,633.0,631.0,631.0,1100,0.0,0.0
2022-11-21 09:00:00+09:00,632.0,639.0,631.0,632.0,8000,0.0,0.0
2022-11-21 10:00:00+09:00,633.0,633.0,624.0,626.0,0,0.0,0.0
2022-11-21 11:00:00+09:00,629.0,630.0,625.0,626.0,0,0.0,0.0
2022-11-21 12:00:00+09:00,626.0,627.0,626.0,626.0,32400,0.0,0.0
2022-11-21 13:00:00+09:00,628.0,632.0,615.0,619.0,17400,0.0,0.0
2022-11-21 14:00:00+09:00,623.0,624.0,623.0,624.0,4700,0.0,0.0
2022-11-22 09:00:00+09:00,625.0,630.0,623.0,625.0,0,0.0,0.0
2022-11-22 11:00:00+09:00,626.0,626.0,623.0,625.0,0,0.0,0.0
2022-11-22 12:00:00+09:00,630.0,630.0,623.0,625.0,21600,0.0,0.0
2022-11-22 13:00:00+09:00,624.0,626.0,622.0,625.0,7700,0.0,0.0
2022-11-22 14:00:00+09:00,625.0,630.0,623.0,625.0,4800,0.0,0.0
2022-11-24 09:00:00+09:00,628.0,632.0,626.0,628.0,9400,0.0,0.0
2022-11-24 10:00:00+09:00,630.0,633.0,627.0,629.0,5200,0.0,0.0
2022-11-24 11:00:00+09:00,631.0,634.0,629.0,631.0,0,0.0,0.0
2022-11-24 12:00:00+09:00,631.0,636.0,630.0,631.0,26800,0.0,0.0
2022-11-24 13:00:00+09:00,633.0,635.0,632.0,632.0,500,0.0,0.0
2022-11-24 14:00:00+09:00,632.0,634.0,630.0,630.0,5900,0.0,0.0
2022-11-25 09:00:00+09:00,640.0,642.0,635.0,640.0,9100,0.0,0.0
2022-11-25 10:00:00+09:00,640.0,641.0,639.0,639.0,1700,0.0,0.0
2022-11-25 11:00:00+09:00,639.0,640.0,639.0,640.0,0,0.0,0.0
2022-11-25 12:00:00+09:00,641.0,642.0,638.0,641.0,14400,0.0,0.0
2022-11-25 13:00:00+09:00,641.0,655.0,641.0,650.0,20300,0.0,0.0
2022-11-25 14:00:00+09:00,651.0,653.0,648.0,653.0,2000,0.0,0.0
2022-11-28 09:00:00+09:00,654.0,654.0,648.0,648.0,8600,0.0,0.0
2022-11-28 10:00:00+09:00,649.0,652.0,646.0,652.0,1700,0.0,0.0
2022-11-28 11:00:00+09:00,653.0,654.0,653.0,654.0,0,0.0,0.0
2022-11-28 12:00:00+09:00,652.0,652.0,650.0,650.0,13800,0.0,0.0
2022-11-28 13:00:00+09:00,649.0,652.0,649.0,650.0,1800,0.0,0.0
2022-11-28 14:00:00+09:00,650.0,650.0,650.0,650.0,400,0.0,0.0
2022-11-29 09:00:00+09:00,648.0,651.0,645.0,651.0,9900,0.0,0.0
2022-11-29 10:00:00+09:00,652.0,664.0,652.0,660.0,7500,0.0,0.0
2022-11-29 11:00:00+09:00,663.0,665.0,663.0,665.0,0,0.0,0.0
2022-11-29 12:00:00+09:00,663.0,663.0,658.0,660.0,20400,0.0,0.0
2022-11-29 13:00:00+09:00,659.0,663.0,658.0,660.0,1900,0.0,0.0
2022-11-29 14:00:00+09:00,660.0,669.0,659.0,669.0,5200,0.0,0.0
2022-11-30 09:00:00+09:00,669.0,669.0,660.0,660.0,5100,0.0,0.0
2022-11-30 10:00:00+09:00,663.0,668.0,660.0,668.0,1500,0.0,0.0
2022-11-30 11:00:00+09:00,663.0,665.0,660.0,665.0,0,0.0,0.0
2022-11-30 12:00:00+09:00,665.0,672.0,665.0,670.0,16700,0.0,0.0
2022-11-30 13:00:00+09:00,671.0,674.0,670.0,674.0,2300,0.0,0.0
2022-11-30 14:00:00+09:00,674.0,679.0,670.0,679.0,5400,0.0,0.0
2022-12-01 09:00:00+09:00,680.0,685.0,677.0,682.0,5700,0.0,0.0
2022-12-01 10:00:00+09:00,680.0,680.0,676.0,676.0,2200,0.0,0.0
2022-12-01 11:00:00+09:00,676.0,676.0,676.0,676.0,0,0.0,0.0
2022-12-01 12:00:00+09:00,677.0,679.0,677.0,678.0,9900,0.0,0.0
2022-12-01 13:00:00+09:00,678.0,678.0,677.0,677.0,1800,0.0,0.0
2022-12-01 14:00:00+09:00,676.0,678.0,672.0,673.0,5600,0.0,0.0
2022-12-02 09:00:00+09:00,673.0,673.0,663.0,670.0,5200,0.0,0.0
2022-12-02 10:00:00+09:00,671.0,679.0,671.0,674.0,5800,0.0,0.0
2022-12-02 11:00:00+09:00,673.0,673.0,658.0,666.0,0,0.0,0.0
2022-12-02 12:00:00+09:00,666.0,666.0,664.0,666.0,20100,0.0,0.0
2022-12-02 13:00:00+09:00,668.0,675.0,667.0,667.0,0,0.0,0.0
2022-12-02 14:00:00+09:00,667.0,676.0,667.0,676.0,21500,0.0,0.0
2022-12-05 09:00:00+09:00,656.0,657.0,638.0,645.0,0,0.0,0.0
2022-12-05 10:00:00+09:00,639.0,639.0,629.0,633.0,30900,0.0,0.0
2022-12-05 11:00:00+09:00,631.0,631.0,630.0,631.0,0,0.0,0.0
2022-12-05 12:00:00+09:00,631.0,631.0,616.0,620.0,56600,0.0,0.0
2022-12-05 13:00:00+09:00,626.0,648.0,622.0,648.0,11300,0.0,0.0
2022-12-05 14:00:00+09:00,632.0,650.0,626.0,634.0,9300,0.0,0.0
2022-12-06 09:00:00+09:00,635.0,635.0,625.0,628.0,4300,0.0,0.0
2022-12-06 10:00:00+09:00,628.0,632.0,627.0,632.0,1700,0.0,0.0
2022-12-06 11:00:00+09:00,630.0,630.0,625.0,628.0,0,0.0,0.0
2022-12-06 12:00:00+09:00,630.0,637.0,623.0,633.0,14300,0.0,0.0
2022-12-06 13:00:00+09:00,630.0,637.0,617.0,627.0,10600,0.0,0.0
2022-12-06 14:00:00+09:00,625.0,633.0,623.0,625.0,3800,0.0,0.0
2022-12-07 09:00:00+09:00,618.0,628.0,618.0,627.0,5700,0.0,0.0
2022-12-07 10:00:00+09:00,628.0,630.0,628.0,630.0,700,0.0,0.0
2022-12-07 11:00:00+09:00,630.0,630.0,630.0,630.0,0,0.0,0.0
2022-12-07 12:00:00+09:00,630.0,630.0,626.0,627.0,8100,0.0,0.0
2022-12-07 13:00:00+09:00,624.0,627.0,622.0,622.0,1500,0.0,0.0
2022-12-07 14:00:00+09:00,628.0,632.0,628.0,632.0,1300,0.0,0.0
2022-12-08 09:00:00+09:00,672.0,674.0,655.0,663.0,70700,0.0,0.0
2022-12-08 10:00:00+09:00,663.0,666.0,655.0,655.0,12800,0.0,0.0
2022-12-08 11:00:00+09:00,659.0,663.0,655.0,660.0,0,0.0,0.0
2022-12-08 12:00:00+09:00,660.0,662.0,659.0,659.0,94400,0.0,0.0
2022-12-08 13:00:00+09:00,659.0,662.0,659.0,660.0,3200,0.0,0.0
2022-12-08 14:00:00+09:00,659.0,665.0,656.0,656.0,7800,0.0,0.0
2022-12-09 09:00:00+09:00,663.0,664.0,651.0,654.0,12900,0.0,0.0
2022-12-09 10:00:00+09:00,651.0,660.0,651.0,655.0,4100,0.0,0.0
2022-12-09 11:00:00+09:00,657.0,657.0,652.0,652.0,0,0.0,0.0
2022-12-09 12:00:00+09:00,653.0,654.0,652.0,652.0,19400,0.0,0.0
2022-12-09 13:00:00+09:00,654.0,658.0,654.0,654.0,1900,0.0,0.0
2022-12-09 14:00:00+09:00,653.0,662.0,653.0,660.0,6700,0.0,0.0
2022-12-12 09:00:00+09:00,659.0,680.0,659.0,674.0,0,0.0,0.0
2022-12-12 10:00:00+09:00,671.0,678.0,661.0,676.0,9000,0.0,0.0
2022-12-12 11:00:00+09:00,676.0,678.0,674.0,677.0,0,0.0,0.0
2022-12-12 12:00:00+09:00,677.0,677.0,676.0,676.0,31200,0.0,0.0
2022-12-12 13:00:00+09:00,675.0,675.0,668.0,669.0,3000,0.0,0.0
2022-12-12 14:00:00+09:00,669.0,675.0,669.0,673.0,6800,0.0,0.0
2022-12-13 09:00:00+09:00,670.0,693.0,670.0,684.0,0,0.0,0.0
2022-12-13 10:00:00+09:00,684.0,685.0,673.0,680.0,20000,0.0,0.0
2022-12-13 11:00:00+09:00,676.0,676.0,676.0,676.0,0,0.0,0.0
2022-12-13 12:00:00+09:00,680.0,683.0,680.0,680.0,21100,0.0,0.0
2022-12-13 13:00:00+09:00,680.0,687.0,673.0,673.0,3500,0.0,0.0
2022-12-13 14:00:00+09:00,676.0,678.0,676.0,678.0,1400,0.0,0.0
2022-12-14 09:00:00+09:00,682.0,690.0,676.0,680.0,10100,0.0,0.0
2022-12-14 10:00:00+09:00,680.0,687.0,675.0,687.0,3400,0.0,0.0
2022-12-14 11:00:00+09:00,688.0,690.0,688.0,689.0,0,0.0,0.0
2022-12-14 12:00:00+09:00,690.0,690.0,686.0,686.0,18200,0.0,0.0
2022-12-14 13:00:00+09:00,686.0,687.0,685.0,687.0,1300,0.0,0.0
2022-12-14 14:00:00+09:00,685.0,687.0,684.0,685.0,1600,0.0,0.0
2022-12-15 09:00:00+09:00,684.0,685.0,681.0,683.0,2900,0.0,0.0
2022-12-15 10:00:00+09:00,684.0,684.0,683.0,683.0,0,0.0,0.0
2022-12-15 11:00:00+09:00,683.0,683.0,682.0,682.0,0,0.0,0.0
2022-12-15 12:00:00+09:00,682.0,682.0,680.0,681.0,5900,0.0,0.0
2022-12-15 13:00:00+09:00,685.0,685.0,683.0,683.0,0,0.0,0.0
2022-12-15 14:00:00+09:00,684.0,686.0,682.0,686.0,11200,0.0,0.0
2022-12-16 09:00:00+09:00,678.0,686.0,669.0,675.0,17000,0.0,0.0
2022-12-16 10:00:00+09:00,676.0,676.0,660.0,660.0,10100,0.0,0.0
2022-12-16 11:00:00+09:00,660.0,675.0,660.0,673.0,0,0.0,0.0
2022-12-16 12:00:00+09:00,673.0,680.0,660.0,667.0,43400,0.0,0.0
2022-12-16 13:00:00+09:00,669.0,672.0,666.0,668.0,1000,0.0,0.0
2022-12-16 14:00:00+09:00,668.0,669.0,660.0,660.0,7200,0.0,0.0
2022-12-19 09:00:00+09:00,657.0,669.0,636.0,669.0,42700,0.0,0.0
2022-12-19 10:00:00+09:00,653.0,655.0,636.0,643.0,9800,0.0,0.0
2022-12-19 11:00:00+09:00,643.0,659.0,635.0,645.0,0,0.0,0.0
2022-12-19 12:00:00+09:00,645.0,645.0,639.0,641.0,64400,0.0,0.0
2022-12-19 13:00:00+09:00,641.0,653.0,635.0,640.0,9300,0.0,0.0
2022-12-19 14:00:00+09:00,641.0,647.0,636.0,636.0,8300,0.0,0.0
2022-12-20 09:00:00+09:00,638.0,660.0,638.0,659.0,9500,0.0,0.0
2022-12-20 10:00:00+09:00,658.0,659.0,654.0,659.0,2600,0.0,0.0
2022-12-20 11:00:00+09:00,660.0,668.0,660.0,668.0,0,0.0,0.0
2022-12-20 12:00:00+09:00,658.0,662.0,645.0,653.0,28800,0.0,0.0
2022-12-20 13:00:00+09:00,653.0,655.0,642.0,652.0,10100,0.0,0.0
2022-12-20 14:00:00+09:00,652.0,656.0,650.0,655.0,8100,0.0,0.0
2022-12-21 09:00:00+09:00,650.0,653.0,635.0,648.0,14300,0.0,0.0
2022-12-21 10:00:00+09:00,656.0,658.0,655.0,655.0,2600,0.0,0.0
2022-12-21 11:00:00+09:00,651.0,652.0,650.0,651.0,0,0.0,0.0
2022-12-21 12:00:00+09:00,651.0,651.0,639.0,645.0,21500,0.0,0.0
2022-12-21 13:00:00+09:00,647.0,648.0,647.0,648.0,1600,0.0,0.0
2022-12-21 14:00:00+09:00,648.0,650.0,641.0,642.0,6500,0.0,0.0
2022-12-22 09:00:00+09:00,646.0,658.0,636.0,650.0,10900,0.0,0.0
2022-12-22 10:00:00+09:00,649.0,649.0,644.0,644.0,4400,0.0,0.0
2022-12-22 11:00:00+09:00,644.0,645.0,644.0,644.0,0,0.0,0.0
2022-12-22 12:00:00+09:00,644.0,653.0,644.0,653.0,19100,0.0,0.0
2022-12-22 13:00:00+09:00,653.0,653.0,651.0,651.0,1400,0.0,0.0
2022-12-22 14:00:00+09:00,651.0,659.0,650.0,656.0,5500,0.0,0.0
2022-12-23 09:00:00+09:00,663.0,663.0,654.0,658.0,5900,0.0,0.0
2022-12-23 10:00:00+09:00,658.0,665.0,658.0,664.0,2600,0.0,0.0
2022-12-23 11:00:00+09:00,663.0,663.0,663.0,663.0,0,0.0,0.0
2022-12-23 12:00:00+09:00,663.0,663.0,656.0,660.0,12400,0.0,0.0
2022-12-23 13:00:00+09:00,659.0,660.0,659.0,660.0,900,0.0,0.0
2022-12-23 14:00:00+09:00,661.0,666.0,658.0,660.0,5500,0.0,0.0
2022-12-26 09:00:00+09:00,664.0,664.0,640.0,640.0,0,0.0,0.0
2022-12-26 10:00:00+09:00,640.0,640.0,636.0,636.0,3100,0.0,0.0
2022-12-26 11:00:00+09:00,635.0,635.0,632.0,633.0,0,0.0,0.0
2022-12-26 12:00:00+09:00,634.0,634.0,632.0,633.0,18700,0.0,0.0
2022-12-26 13:00:00+09:00,633.0,633.0,628.0,628.0,5800,0.0,0.0
2022-12-26 14:00:00+09:00,629.0,635.0,625.0,628.0,10900,0.0,0.0
2022-12-27 09:00:00+09:00,628.0,636.0,622.0,636.0,7400,0.0,0.0
2022-12-27 10:00:00+09:00,636.0,636.0,631.0,633.0,2200,0.0,0.0
2022-12-27 11:00:00+09:00,633.0,636.0,633.0,636.0,0,0.0,0.0
2022-12-27 12:00:00+09:00,632.0,632.0,632.0,632.0,10600,0.0,0.0
2022-12-27 14:00:00+09:00,631.0,632.0,630.0,631.0,3100,0.0,0.0
2022-12-28 09:00:00+09:00,633.0,633.0,622.0,622.0,15600,0.0,0.0
2022-12-28 10:00:00+09:00,624.0,627.0,624.0,627.0,400,0.0,0.0
2022-12-28 11:00:00+09:00,626.0,628.0,626.0,628.0,0,0.0,0.0
2022-12-28 12:00:00+09:00,628.0,628.0,625.0,625.0,17900,0.0,0.0
2022-12-28 13:00:00+09:00,625.0,625.0,624.0,624.0,700,0.0,0.0
2022-12-28 14:00:00+09:00,627.0,631.0,626.0,626.0,1400,0.0,0.0
2022-12-29 09:00:00+09:00,627.0,630.0,625.0,630.0,1500,0.0,0.0
2022-12-29 10:00:00+09:00,628.0,629.0,628.0,629.0,0,0.0,0.0
2022-12-29 11:00:00+09:00,629.0,629.0,629.0,629.0,0,0.0,0.0
2022-12-29 12:00:00+09:00,633.0,635.0,633.0,635.0,3000,0.0,0.0
2022-12-29 13:00:00+09:00,633.0,634.0,633.0,634.0,400,0.0,0.0
2022-12-29 14:00:00+09:00,633.0,635.0,633.0,634.0,500,0.0,0.0
2022-12-30 09:00:00+09:00,635.0,647.0,635.0,643.0,5800,0.0,0.0
2022-12-30 10:00:00+09:00,647.0,651.0,644.0,644.0,2000,0.0,0.0
2022-12-30 11:00:00+09:00,649.0,650.0,649.0,650.0,0,0.0,0.0
2022-12-30 12:00:00+09:00,649.0,650.0,648.0,648.0,9200,0.0,0.0
2022-12-30 13:00:00+09:00,646.0,652.0,645.0,652.0,4300,0.0,0.0
2022-12-30 14:00:00+09:00,650.0,651.0,647.0,651.0,1100,0.0,0.0
2023-01-04 09:00:00+09:00,652.0,663.0,648.0,663.0,0,0.0,0.0
2023-01-04 10:00:00+09:00,665.0,678.0,665.0,669.0,6200,0.0,0.0
2023-01-04 11:00:00+09:00,668.0,672.0,665.0,665.0,0,0.0,0.0
2023-01-04 12:00:00+09:00,667.0,667.0,667.0,667.0,13700,0.0,0.0
2023-01-04 13:00:00+09:00,665.0,666.0,665.0,666.0,700,0.0,0.0
2023-01-04 14:00:00+09:00,665.0,670.0,664.0,670.0,2900,0.0,0.0
2023-01-05 09:00:00+09:00,667.0,680.0,667.0,678.0,6200,0.0,0.0
2023-01-05 10:00:00+09:00,680.0,684.0,680.0,681.0,5300,0.0,0.0
2023-01-05 11:00:00+09:00,680.0,680.0,673.0,673.0,0,0.0,0.0
2023-01-05 12:00:00+09:00,675.0,679.0,668.0,675.0,16300,0.0,0.0
2023-01-05 14:00:00+09:00,676.0,676.0,673.0,673.0,3400,0.0,0.0
2023-01-06 09:00:00+09:00,675.0,701.0,675.0,697.0,15500,0.0,0.0
2023-01-06 10:00:00+09:00,698.0,699.0,694.0,697.0,4700,0.0,0.0
2023-01-06 11:00:00+09:00,699.0,701.0,699.0,700.0,0,0.0,0.0
2023-01-06 12:00:00+09:00,705.0,705.0,697.0,698.0,32800,0.0,0.0
2023-01-06 13:00:00+09:00,698.0,700.0,696.0,696.0,3200,0.0,0.0
2023-01-06 14:00:00+09:00,698.0,699.0,693.0,695.0,4700,0.0,0.0
2023-01-10 09:00:00+09:00,695.0,696.0,680.0,689.0,0,0.0,0.0
2023-01-10 10:00:00+09:00,690.0,692.0,690.0,692.0,1000,0.0,0.0
2023-01-10 11:00:00+09:00,691.0,691.0,684.0,686.0,0,0.0,0.0
2023-01-10 12:00:00+09:00,686.0,688.0,685.0,688.0,21300,0.0,0.0
2023-01-10 13:00:00+09:00,687.0,691.0,686.0,686.0,1800,0.0,0.0
2023-01-10 14:00:00+09:00,689.0,689.0,679.0,681.0,6700,0.0,0.0
2023-01-11 09:00:00+09:00,682.0,690.0,676.0,684.0,8700,0.0,0.0
2023-01-11 10:00:00+09:00,687.0,692.0,687.0,692.0,1400,0.0,0.0
2023-01-11 11:00:00+09:00,692.0,693.0,690.0,690.0,0,0.0,0.0
2023-01-11 12:00:00+09:00,690.0,690.0,689.0,689.0,13500,0.0,0.0
2023-01-11 13:00:00+09:00,689.0,690.0,689.0,690.0,1200,0.0,0.0
2023-01-11 14:00:00+09:00,690.0,693.0,690.0,693.0,3500,0.0,0.0
2023-01-12 09:00:00+09:00,696.0,713.0,696.0,707.0,25100,0.0,0.0
2023-01-12 10:00:00+09:00,706.0,707.0,706.0,707.0,1000,0.0,0.0
2023-01-12 11:00:00+09:00,703.0,716.0,703.0,716.0,0,0.0,0.0
2023-01-12 12:00:00+09:00,710.0,713.0,703.0,707.0,37400,0.0,0.0
2023-01-12 14:00:00+09:00,709.0,709.0,694.0,697.0,5500,0.0,0.0
2023-01-13 09:00:00+09:00,704.0,704.0,699.0,699.0,3400,0.0,0.0
2023-01-13 10:00:00+09:00,700.0,701.0,699.0,701.0,0,0.0,0.0
2023-01-13 11:00:00+09:00,701.0,701.0,701.0,701.0,0,0.0,0.0
2023-01-13 12:00:00+09:00,701.0,701.0,699.0,699.0,4700,0.0,0.0
2023-01-13 13:00:00+09:00,702.0,703.0,701.0,702.0,1600,0.0,0.0
2023-01-13 14:00:00+09:00,702.0,702.0,701.0,702.0,1000,0.0,0.0
2023-01-16 09:00:00+09:00,702.0,703.0,690.0,695.0,900,0.0,0.0
2023-01-16 10:00:00+09:00,698.0,700.0,698.0,698.0,1200,0.0,0.0
2023-01-16 11:00:00+09:00,698.0,698.0,698.0,698.0,0,0.0,0.0
2023-01-16 12:00:00+09:00,698.0,698.0,692.0,694.0,11100,0.0,0.0
2023-01-16 13:00:00+09:00,696.0,696.0,696.0,696.0,300,0.0,0.0
2023-01-17 09:00:00+09:00,696.0,702.0,695.0,697.0,4500,0.0,0.0
2023-01-17 10:00:00+09:00,694.0,695.0,690.0,695.0,900,0.0,0.0
2023-01-17 11:00:00+09:00,695.0,695.0,695.0,695.0,0,0.0,0.0
2023-01-17 12:00:00+09:00,695.0,695.0,695.0,695.0,6000,0.0,0.0
2023-01-17 13:00:00+09:00,695.0,695.0,686.0,686.0,2300,0.0,0.0
2023-01-17 14:00:00+09:00,687.0,691.0,686.0,691.0,800,0.0,0.0
2023-01-18 09:00:00+09:00,691.0,692.0,685.0,687.0,3600,0.0,0.0
2023-01-18 10:00:00+09:00,688.0,693.0,688.0,693.0,300,0.0,0.0
2023-01-18 11:00:00+09:00,693.0,693.0,693.0,693.0,0,0.0,0.0
2023-01-18 12:00:00+09:00,694.0,700.0,694.0,698.0,6100,0.0,0.0
2023-01-18 13:00:00+09:00,700.0,701.0,700.0,701.0,300,0.0,0.0
2023-01-18 14:00:00+09:00,701.0,702.0,696.0,697.0,10900,0.0,0.0
2023-01-19 09:00:00+09:00,692.0,702.0,692.0,700.0,3000,0.0,0.0
2023-01-19 10:00:00+09:00,701.0,704.0,698.0,704.0,4100,0.0,0.0
2023-01-19 11:00:00+09:00,703.0,705.0,703.0,704.0,0,0.0,0.0
2023-01-19 12:00:00+09:00,704.0,705.0,704.0,705.0,7900,0.0,0.0
2023-01-19 13:00:00+09:00,705.0,706.0,704.0,706.0,800,0.0,0.0
2023-01-19 14:00:00+09:00,707.0,707.0,704.0,706.0,4100,0.0,0.0
2023-01-20 09:00:00+09:00,707.0,707.0,698.0,698.0,2600,0.0,0.0
2023-01-20 10:00:00+09:00,698.0,698.0,698.0,698.0,100,0.0,0.0
2023-01-20 11:00:00+09:00,699.0,699.0,699.0,699.0,0,0.0,0.0
2023-01-20 12:00:00+09:00,697.0,697.0,697.0,697.0,4100,0.0,0.0
2023-01-20 13:00:00+09:00,700.0,700.0,700.0,700.0,1400,0.0,0.0
2023-01-20 14:00:00+09:00,701.0,701.0,694.0,697.0,3400,0.0,0.0
2023-01-23 09:00:00+09:00,695.0,697.0,691.0,691.0,1900,0.0,0.0
2023-01-23 10:00:00+09:00,692.0,692.0,692.0,692.0,1000,0.0,0.0
2023-01-23 11:00:00+09:00,691.0,691.0,690.0,690.0,0,0.0,0.0
2023-01-23 12:00:00+09:00,690.0,690.0,686.0,686.0,3700,0.0,0.0
2023-01-23 13:00:00+09:00,689.0,689.0,682.0,682.0,3000,0.0,0.0
2023-01-23 14:00:00+09:00,682.0,682.0,677.0,680.0,4500,0.0,0.0
2023-01-24 09:00:00+09:00,687.0,688.0,684.0,684.0,1200,0.0,0.0
2023-01-24 10:00:00+09:00,684.0,686.0,683.0,683.0,900,0.0,0.0
2023-01-24 11:00:00+09:00,685.0,685.0,685.0,685.0,0,0.0,0.0
2023-01-24 12:00:00+09:00,685.0,685.0,676.0,679.0,5800,0.0,0.0
2023-01-24 13:00:00+09:00,678.0,679.0,677.0,678.0,700,0.0,0.0
2023-01-24 14:00:00+09:00,678.0,678.0,673.0,675.0,1300,0.0,0.0
2023-01-25 09:00:00+09:00,676.0,676.0,668.0,668.0,6400,0.0,0.0
2023-01-25 10:00:00+09:00,670.0,670.0,667.0,670.0,900,0.0,0.0
2023-01-25 11:00:00+09:00,670.0,670.0,669.0,669.0,0,0.0,0.0
2023-01-25 12:00:00+09:00,669.0,669.0,669.0,669.0,8900,0.0,0.0
2023-01-25 13:00:00+09:00,669.0,669.0,667.0,669.0,900,0.0,0.0
2023-01-25 14:00:00+09:00,671.0,674.0,668.0,670.0,2400,0.0,0.0
2023-01-26 09:00:00+09:00,660.0,666.0,659.0,660.0,7200,0.0,0.0
2023-01-26 10:00:00+09:00,659.0,660.0,656.0,657.0,3200,0.0,0.0
2023-01-26 11:00:00+09:00,658.0,660.0,655.0,657.0,0,0.0,0.0
2023-01-26 12:00:00+09:00,659.0,659.0,659.0,659.0,14200,0.0,0.0
2023-01-26 13:00:00+09:00,659.0,662.0,658.0,662.0,3100,0.0,0.0
2023-01-26 14:00:00+09:00,660.0,661.0,656.0,659.0,7500,0.0,0.0
2023-01-27 09:00:00+09:00,658.0,664.0,657.0,660.0,2000,0.0,0.0
2023-01-27 10:00:00+09:00,659.0,665.0,659.0,665.0,800,0.0,0.0
2023-01-27 11:00:00+09:00,665.0,665.0,665.0,665.0,0,0.0,0.0
2023-01-27 12:00:00+09:00,672.0,672.0,659.0,662.0,6700,0.0,0.0
2023-01-27 13:00:00+09:00,660.0,661.0,659.0,661.0,1100,0.0,0.0
2023-01-27 14:00:00+09:00,660.0,660.0,657.0,659.0,1800,0.0,0.0
2023-01-30 09:00:00+09:00,658.0,662.0,652.0,656.0,3000,0.0,0.0
2023-01-30 10:00:00+09:00,656.0,656.0,651.0,652.0,2000,0.0,0.0
2023-01-30 11:00:00+09:00,652.0,653.0,652.0,652.0,0,0.0,0.0
2023-01-30 12:00:00+09:00,652.0,652.0,650.0,650.0,7200,0.0,0.0
2023-01-30 14:00:00+09:00,651.0,651.0,649.0,650.0,1000,0.0,0.0
2023-01-31 09:00:00+09:00,649.0,650.0,648.0,648.0,800,0.0,0.0
2023-01-31 10:00:00+09:00,651.0,651.0,649.0,650.0,2200,0.0,0.0
2023-01-31 11:00:00+09:00,650.0,650.0,650.0,650.0,0,0.0,0.0
2023-01-31 12:00:00+09:00,650.0,651.0,650.0,651.0,3400,0.0,0.0
2023-01-31 13:00:00+09:00,650.0,651.0,648.0,651.0,800,0.0,0.0
2023-01-31 14:00:00+09:00,648.0,651.0,648.0,649.0,800,0.0,0.0
2023-02-01 09:00:00+09:00,654.0,654.0,649.0,651.0,1300,0.0,0.0
2023-02-01 10:00:00+09:00,652.0,652.0,641.0,643.0,6000,0.0,0.0
2023-02-01 11:00:00+09:00,644.0,644.0,642.0,643.0,0,0.0,0.0
2023-02-01 12:00:00+09:00,645.0,647.0,642.0,643.0,11000,0.0,0.0
2023-02-01 13:00:00+09:00,645.0,645.0,637.0,638.0,0,0.0,0.0
2023-02-01 14:00:00+09:00,639.0,640.0,637.0,638.0,18000,0.0,0.0
2023-02-02 09:00:00+09:00,640.0,643.0,630.0,634.0,8300,0.0,0.0
2023-02-02 10:00:00+09:00,634.0,636.0,627.0,628.0,0,0.0,0.0
2023-02-02 11:00:00+09:00,630.0,630.0,628.0,628.0,0,0.0,0.0
2023-02-02 12:00:00+09:00,629.0,631.0,629.0,629.0,26900,0.0,0.0
2023-02-02 13:00:00+09:00,630.0,630.0,629.0,629.0,400,0.0,0.0
2023-02-02 14:00:00+09:00,630.0,633.0,628.0,628.0,1800,0.0,0.0
2023-02-03 09:00:00+09:00,630.0,635.0,629.0,633.0,8700,0.0,0.0
2023-02-03 10:00:00+09:00,635.0,635.0,631.0,631.0,800,0.0,0.0
2023-02-03 11:00:00+09:00,631.0,636.0,630.0,632.0,0,0.0,0.0
2023-02-03 12:00:00+09:00,634.0,634.0,630.0,630.0,15100,0.0,0.0
2023-02-03 13:00:00+09:00,633.0,633.0,630.0,630.0,0,0.0,0.0
2023-02-03 14:00:00+09:00,630.0,632.0,630.0,630.0,17200,0.0,0.0
2023-02-06 09:00:00+09:00,631.0,635.0,630.0,635.0,0,0.0,0.0
2023-02-06 10:00:00+09:00,631.0,631.0,631.0,631.0,5600,0.0,0.0
2023-02-06 11:00:00+09:00,631.0,631.0,631.0,631.0,0,0.0,0.0
2023-02-06 12:00:00+09:00,631.0,631.0,629.0,630.0,8500,0.0,0.0
2023-02-06 13:00:00+09:00,630.0,630.0,629.0,629.0,2900,0.0,0.0
2023-02-06 14:00:00+09:00,630.0,631.0,630.0,631.0,300,0.0,0.0
2023-02-07 09:00:00+09:00,630.0,632.0,629.0,632.0,2300,0.0,0.0
2023-02-07 10:00:00+09:00,631.0,638.0,628.0,631.0,4100,0.0,0.0
2023-02-07 11:00:00+09:00,633.0,633.0,633.0,633.0,0,0.0,0.0
2023-02-07 12:00:00+09:00,634.0,634.0,634.0,634.0,0,0.0,0.0
2023-02-07 13:00:00+09:00,634.0,636.0,634.0,636.0,7000,0.0,0.0
2023-02-07 14:00:00+09:00,636.0,641.0,636.0,639.0,2200,0.0,0.0
2023-02-08 09:00:00+09:00,640.0,642.0,638.0,639.0,2300,0.0,0.0
2023-02-08 10:00:00+09:00,640.0,640.0,640.0,640.0,300,0.0,0.0
2023-02-08 11:00:00+09:00,640.0,641.0,640.0,640.0,0,0.0,0.0
2023-02-08 12:00:00+09:00,641.0,647.0,641.0,647.0,5900,0.0,0.0
2023-02-08 13:00:00+09:00,647.0,651.0,646.0,647.0,2500,0.0,0.0
2023-02-08 14:00:00+09:00,647.0,651.0,645.0,651.0,5600,0.0,0.0
2023-02-09 09:00:00+09:00,658.0,658.0,643.0,649.0,5300,0.0,0.0
2023-02-09 10:00:00+09:00,649.0,651.0,647.0,647.0,2600,0.0,0.0
2023-02-09 11:00:00+09:00,646.0,648.0,643.0,648.0,0,0.0,0.0
2023-02-09 12:00:00+09:00,646.0,647.0,646.0,647.0,9300,0.0,0.0
2023-02-09 13:00:00+09:00,648.0,650.0,647.0,648.0,1600,0.0,0.0
2023-02-09 14:00:00+09:00,648.0,648.0,645.0,645.0,2500,0.0,0.0
2023-02-10 09:00:00+09:00,648.0,648.0,638.0,639.0,3800,0.0,0.0
2023-02-10 10:00:00+09:00,638.0,641.0,629.0,631.0,0,0.0,0.0
2023-02-10 11:00:00+09:00,633.0,633.0,630.0,631.0,0,0.0,0.0
2023-02-10 12:00:00+09:00,631.0,634.0,629.0,633.0,16200,0.0,0.0
2023-02-10 14:00:00+09:00,631.0,631.0,629.0,629.0,2500,0.0,0.0
2023-02-13 09:00:00+09:00,620.0,620.0,579.0,596.0,36600,0.0,0.0
2023-02-13 10:00:00+09:00,598.0,598.0,585.0,587.0,14700,0.0,0.0
2023-02-13 11:00:00+09:00,592.0,596.0,591.0,592.0,0,0.0,0.0
2023-02-13 12:00:00+09:00,594.0,599.0,592.0,597.0,61000,0.0,0.0
2023-02-13 13:00:00+09:00,596.0,598.0,593.0,595.0,3300,0.0,0.0
2023-02-13 14:00:00+09:00,595.0,600.0,595.0,598.0,1500,0.0,0.0
2023-02-14 09:00:00+09:00,601.0,611.0,587.0,596.0,15100,0.0,0.0
2023-02-14 10:00:00+09:00,594.0,595.0,592.0,594.0,2700,0.0,0.0
2023-02-14 11:00:00+09:00,593.0,594.0,593.0,594.0,0,0.0,0.0
2023-02-14 12:00:00+09:00,592.0,592.0,590.0,590.0,21100,0.0,0.0
2023-02-14 13:00:00+09:00,590.0,590.0,586.0,590.0,2100,0.0,0.0
2023-02-14 14:00:00+09:00,589.0,592.0,589.0,592.0,1100,0.0,0.0
2023-02-15 09:00:00+09:00,592.0,594.0,589.0,592.0,1500,0.0,0.0
2023-02-15 10:00:00+09:00,592.0,594.0,592.0,594.0,800,0.0,0.0
2023-02-15 11:00:00+09:00,594.0,594.0,594.0,594.0,0,0.0,0.0
2023-02-15 12:00:00+09:00,591.0,594.0,591.0,594.0,3300,0.0,0.0
2023-02-15 13:00:00+09:00,592.0,592.0,592.0,592.0,500,0.0,0.0
2023-02-15 14:00:00+09:00,592.0,592.0,592.0,592.0,1100,0.0,0.0
2023-02-16 09:00:00+09:00,586.0,595.0,586.0,588.0,4300,0.0,0.0
2023-02-16 10:00:00+09:00,588.0,591.0,588.0,590.0,2200,0.0,0.0
2023-02-16 11:00:00+09:00,587.0,590.0,587.0,590.0,0,0.0,0.0
2023-02-16 12:00:00+09:00,592.0,606.0,592.0,604.0,16700,0.0,0.0
2023-02-16 13:00:00+09:00,603.0,606.0,600.0,601.0,2800,0.0,0.0
2023-02-16 14:00:00+09:00,601.0,603.0,595.0,595.0,2700,0.0,0.0
2023-02-17 09:00:00+09:00,595.0,612.0,595.0,608.0,3600,0.0,0.0
2023-02-17 10:00:00+09:00,601.0,601.0,601.0,601.0,100,0.0,0.0
2023-02-17 11:00:00+09:00,601.0,601.0,601.0,601.0,0,0.0,0.0
2023-02-17 12:00:00+09:00,606.0,610.0,606.0,606.0,8200,0.0,0.0
2023-02-17 13:00:00+09:00,606.0,608.0,606.0,606.0,4000,0.0,0.0
2023-02-17 14:00:00+09:00,608.0,612.0,608.0,610.0,2200,0.0,0.0
2023-02-20 09:00:00+09:00,611.0,611.0,611.0,611.0,200,0.0,0.0
2023-02-20 10:00:00+09:00,608.0,608.0,603.0,606.0,1500,0.0,0.0
2023-02-20 11:00:00+09:00,604.0,605.0,603.0,603.0,0,0.0,0.0
2023-02-20 12:00:00+09:00,603.0,603.0,601.0,603.0,4000,0.0,0.0
2023-02-20 13:00:00+09:00,602.0,602.0,600.0,601.0,1000,0.0,0.0
2023-02-20 14:00:00+09:00,602.0,607.0,602.0,604.0,600,0.0,0.0
2023-02-21 09:00:00+09:00,607.0,607.0,603.0,603.0,2100,0.0,0.0
2023-02-21 10:00:00+09:00,601.0,602.0,601.0,602.0,400,0.0,0.0
2023-02-21 11:00:00+09:00,602.0,602.0,602.0,602.0,0,0.0,0.0
2023-02-21 12:00:00+09:00,602.0,602.0,602.0,602.0,2700,0.0,0.0
2023-02-21 13:00:00+09:00,603.0,603.0,603.0,603.0,100,0.0,0.0
2023-02-21 14:00:00+09:00,603.0,603.0,602.0,602.0,400,0.0,0.0
2023-02-22 09:00:00+09:00,600.0,602.0,599.0,602.0,2600,0.0,0.0
2023-02-22 10:00:00+09:00,601.0,601.0,586.0,594.0,8300,0.0,0.0
2023-02-22 11:00:00+09:00,595.0,598.0,594.0,598.0,0,0.0,0.0
2023-02-22 12:00:00+09:00,603.0,603.0,598.0,598.0,12700,0.0,0.0
2023-02-22 13:00:00+09:00,598.0,598.0,596.0,598.0,600,0.0,0.0
2023-02-22 14:00:00+09:00,598.0,598.0,595.0,597.0,600,0.0,0.0
2023-02-24 09:00:00+09:00,598.0,598.0,592.0,598.0,3500,0.0,0.0
2023-02-24 10:00:00+09:00,598.0,598.0,595.0,596.0,400,0.0,0.0
2023-02-24 11:00:00+09:00,598.0,598.0,598.0,598.0,0,0.0,0.0
2023-02-24 12:00:00+09:00,598.0,598.0,596.0,596.0,6100,0.0,0.0
2023-02-24 13:00:00+09:00,596.0,596.0,595.0,595.0,1100,0.0,0.0
2023-02-24 14:00:00+09:00,596.0,596.0,592.0,594.0,1600,0.0,0.0
2023-02-27 09:00:00+09:00,605.0,605.0,596.0,600.0,7300,0.0,0.0
2023-02-27 10:00:00+09:00,602.0,602.0,602.0,602.0,200,0.0,0.0
2023-02-27 11:00:00+09:00,605.0,605.0,605.0,605.0,0,0.0,0.0
2023-02-27 12:00:00+09:00,605.0,606.0,605.0,606.0,8100,0.0,0.0
2023-02-27 13:00:00+09:00,607.0,609.0,607.0,609.0,3100,0.0,0.0
2023-02-27 14:00:00+09:00,610.0,612.0,606.0,612.0,2800,0.0,0.0
2023-02-28 09:00:00+09:00,609.0,609.0,602.0,603.0,3000,0.0,0.0
2023-02-28 10:00:00+09:00,603.0,605.0,602.0,604.0,2600,0.0,0.0
2023-02-28 11:00:00+09:00,602.0,602.0,596.0,597.0,0,0.0,0.0
2023-02-28 12:00:00+09:00,598.0,601.0,598.0,600.0,11500,0.0,0.0
2023-02-28 13:00:00+09:00,599.0,599.0,599.0,599.0,700,0.0,0.0
2023-02-28 14:00:00+09:00,599.0,601.0,598.0,599.0,1400,0.0,0.0
2023-03-01 09:00:00+09:00,607.0,607.0,598.0,598.0,3100,0.0,0.0
2023-03-01 10:00:00+09:00,597.0,597.0,594.0,595.0,3500,0.0,0.0
2023-03-01 11:00:00+09:00,594.0,595.0,594.0,594.0,0,0.0,0.0
2023-03-01 12:00:00+09:00,593.0,594.0,593.0,593.0,9100,0.0,0.0
2023-03-01 13:00:00+09:00,593.0,597.0,593.0,594.0,2700,0.0,0.0
2023-03-01 14:00:00+09:00,594.0,595.0,593.0,594.0,1500,0.0,0.0
2023-03-02 09:00:00+09:00,593.0,593.0,589.0,590.0,6900,0.0,0.0
2023-03-02 10:00:00+09:00,591.0,591.0,590.0,590.0,1200,0.0,0.0
2023-03-02 11:00:00+09:00,590.0,591.0,590.0,590.0,0,0.0,0.0
2023-03-02 12:00:00+09:00,590.0,591.0,590.0,590.0,10000,0.0,0.0
2023-03-02 13:00:00+09:00,590.0,591.0,590.0,590.0,900,0.0,0.0
2023-03-02 14:00:00+09:00,590.0,591.0,589.0,590.0,2700,0.0,0.0
2023-03-03 09:00:00+09:00,592.0,597.0,592.0,597.0,1400,0.0,0.0
2023-03-03 11:00:00+09:00,597.0,597.0,597.0,597.0,0,0.0,0.0
2023-03-03 12:00:00+09:00,595.0,595.0,594.0,594.0,1600,0.0,0.0
2023-03-03 13:00:00+09:00,595.0,597.0,595.0,595.0,0,0.0,0.0
2023-03-03 14:00:00+09:00,596.0,601.0,596.0,601.0,4700,0.0,0.0
2023-03-06 09:00:00+09:00,602.0,602.0,598.0,598.0,0,0.0,0.0
2023-03-06 10:00:00+09:00,596.0,596.0,596.0,596.0,2700,0.0,0.0
2023-03-06 11:00:00+09:00,596.0,596.0,596.0,596.0,0,0.0,0.0
2023-03-06 12:00:00+09:00,596.0,600.0,596.0,599.0,5100,0.0,0.0
2023-03-06 14:00:00+09:00,599.0,599.0,599.0,599.0,200,0.0,0.0
2023-03-07 09:00:00+09:00,598.0,598.0,596.0,598.0,1500,0.0,0.0
2023-03-07 10:00:00+09:00,597.0,599.0,595.0,595.0,3400,0.0,0.0
2023-03-07 11:00:00+09:00,597.0,598.0,597.0,598.0,0,0.0,0.0
2023-03-07 12:00:00+09:00,600.0,616.0,599.0,610.0,13000,0.0,0.0
2023-03-07 13:00:00+09:00,610.0,612.0,609.0,610.0,2800,0.0,0.0
2023-03-07 14:00:00+09:00,610.0,613.0,610.0,610.0,1600,0.0,0.0
2023-03-08 09:00:00+09:00,614.0,614.0,605.0,605.0,1800,0.0,0.0
2023-03-08 11:00:00+09:00,605.0,605.0,605.0,605.0,0,0.0,0.0
2023-03-08 13:00:00+09:00,610.0,615.0,610.0,610.0,3200,0.0,0.0
2023-03-08 14:00:00+09:00,612.0,612.0,611.0,612.0,700,0.0,0.0
2023-03-09 09:00:00+09:00,608.0,611.0,608.0,610.0,1200,0.0,0.0
2023-03-09 10:00:00+09:00,612.0,612.0,610.0,610.0,800,0.0,0.0
2023-03-09 11:00:00+09:00,611.0,611.0,611.0,611.0,0,0.0,0.0
2023-03-09 12:00:00+09:00,606.0,606.0,606.0,606.0,3300,0.0,0.0
2023-03-09 13:00:00+09:00,608.0,609.0,608.0,609.0,200,0.0,0.0
2023-03-09 14:00:00+09:00,608.0,614.0,608.0,614.0,1100,0.0,0.0
2023-03-10 09:00:00+09:00,610.0,611.0,608.0,609.0,1600,0.0,0.0
2023-03-10 10:00:00+09:00,608.0,610.0,608.0,610.0,600,0.0,0.0
2023-03-10 11:00:00+09:00,608.0,608.0,607.0,607.0,0,0.0,0.0
2023-03-10 12:00:00+09:00,613.0,613.0,610.0,610.0,4100,0.0,0.0
2023-03-10 13:00:00+09:00,607.0,607.0,607.0,607.0,100,0.0,0.0
2023-03-10 14:00:00+09:00,607.0,608.0,607.0,607.0,300,0.0,0.0
2023-03-13 09:00:00+09:00,605.0,608.0,601.0,608.0,6900,0.0,0.0
2023-03-13 10:00:00+09:00,606.0,606.0,583.0,599.0,11900,0.0,0.0
2023-03-13 11:00:00+09:00,599.0,599.0,599.0,599.0,0,0.0,0.0
2023-03-13 12:00:00+09:00,595.0,598.0,595.0,597.0,19700,0.0,0.0
2023-03-13 13:00:00+09:00,598.0,599.0,592.0,592.0,1500,0.0,0.0
2023-03-13 14:00:00+09:00,597.0,599.0,597.0,599.0,1000,0.0,0.0
2023-03-14 09:00:00+09:00,593.0,593.0,585.0,588.0,6300,0.0,0.0
2023-03-14 10:00:00+09:00,591.0,591.0,576.0,584.0,15800,0.0,0.0
2023-03-14 11:00:00+09:00,584.0,587.0,580.0,581.0,0,0.0,0.0
2023-03-14 12:00:00+09:00,588.0,588.0,588.0,588.0,31000,0.0,0.0
2023-03-14 13:00:00+09:00,587.0,590.0,584.0,584.0,1900,0.0,0.0
2023-03-14 14:00:00+09:00,586.0,586.0,578.0,582.0,6000,0.0,0.0
2023-03-15 09:00:00+09:00,592.0,592.0,592.0,592.0,1000,0.0,0.0
2023-03-15 10:00:00+09:00,589.0,589.0,587.0,587.0,400,0.0,0.0
2023-03-15 11:00:00+09:00,589.0,590.0,589.0,590.0,0,0.0,0.0
2023-03-15 12:00:00+09:00,600.0,600.0,590.0,591.0,4200,0.0,0.0
2023-03-15 13:00:00+09:00,594.0,594.0,590.0,594.0,1000,0.0,0.0
2023-03-15 14:00:00+09:00,590.0,593.0,589.0,590.0,1400,0.0,0.0
2023-03-16 09:00:00+09:00,583.0,583.0,571.0,577.0,5100,0.0,0.0
2023-03-16 10:00:00+09:00,580.0,583.0,580.0,580.0,1000,0.0,0.0
2023-03-16 11:00:00+09:00,579.0,579.0,579.0,579.0,0,0.0,0.0
2023-03-16 12:00:00+09:00,580.0,580.0,568.0,569.0,14600,0.0,0.0
2023-03-16 13:00:00+09:00,569.0,572.0,569.0,570.0,7100,0.0,0.0
2023-03-16 14:00:00+09:00,570.0,577.0,570.0,577.0,2900,0.0,0.0
2023-03-17 09:00:00+09:00,584.0,584.0,580.0,583.0,4800,0.0,0.0
2023-03-17 10:00:00+09:00,582.0,583.0,582.0,583.0,400,0.0,0.0
2023-03-17 11:00:00+09:00,583.0,587.0,583.0,587.0,0,0.0,0.0
2023-03-17 12:00:00+09:00,585.0,585.0,585.0,585.0,7800,0.0,0.0
2023-03-17 13:00:00+09:00,583.0,586.0,583.0,586.0,700,0.0,0.0
2023-03-17 14:00:00+09:00,586.0,586.0,586.0,586.0,100,0.0,0.0
2023-03-20 09:00:00+09:00,589.0,596.0,585.0,589.0,3800,0.0,0.0
2023-03-20 11:00:00+09:00,589.0,589.0,585.0,585.0,0,0.0,0.0
2023-03-20 12:00:00+09:00,582.0,594.0,582.0,584.0,6000,0.0,0.0
2023-03-20 13:00:00+09:00,583.0,583.0,582.0,582.0,400,0.0,0.0
2023-03-20 14:00:00+09:00,584.0,585.0,582.0,583.0,1700,0.0,0.0
2023-03-22 09:00:00+09:00,583.0,586.0,583.0,586.0,1600,0.0,0.0
2023-03-22 10:00:00+09:00,586.0,586.0,586.0,586.0,200,0.0,0.0
2023-03-22 11:00:00+09:00,587.0,589.0,587.0,589.0,0,0.0,0.0
2023-03-22 12:00:00+09:00,587.0,587.0,587.0,587.0,2400,0.0,0.0
2023-03-22 14:00:00+09:00,589.0,590.0,589.0,590.0,400,0.0,0.0
2023-03-23 09:00:00+09:00,595.0,595.0,595.0,595.0,500,0.0,0.0
2023-03-23 11:00:00+09:00,595.0,595.0,595.0,595.0,0,0.0,0.0
2023-03-23 12:00:00+09:00,587.0,587.0,587.0,587.0,800,0.0,0.0
2023-03-23 13:00:00+09:00,593.0,594.0,593.0,593.0,500,0.0,0.0
2023-03-24 09:00:00+09:00,594.0,595.0,590.0,595.0,1300,0.0,0.0
2023-03-24 10:00:00+09:00,592.0,592.0,590.0,590.0,200,0.0,0.0
2023-03-24 11:00:00+09:00,590.0,590.0,590.0,590.0,0,0.0,0.0
2023-03-24 12:00:00+09:00,590.0,590.0,589.0,589.0,2500,0.0,0.0
2023-03-24 13:00:00+09:00,589.0,589.0,576.0,579.0,7500,0.0,0.0
2023-03-24 14:00:00+09:00,579.0,583.0,578.0,582.0,3900,0.0,0.0
2023-03-27 09:00:00+09:00,608.0,608.0,591.0,597.0,8600,0.0,0.0
2023-03-27 10:00:00+09:00,594.0,594.0,594.0,594.0,200,0.0,0.0
2023-03-27 11:00:00+09:00,598.0,602.0,598.0,602.0,0,0.0,0.0
2023-03-27 12:00:00+09:00,597.0,597.0,594.0,594.0,9700,0.0,0.0
2023-03-27 14:00:00+09:00,598.0,598.0,596.0,598.0,600,0.0,0.0
2023-03-28 09:00:00+09:00,602.0,602.0,585.0,585.0,5300,0.0,0.0
2023-03-28 10:00:00+09:00,585.0,587.0,585.0,586.0,1100,0.0,0.0
2023-03-28 11:00:00+09:00,587.0,587.0,587.0,587.0,0,0.0,0.0
2023-03-28 12:00:00+09:00,587.0,594.0,587.0,591.0,7700,0.0,0.0
2023-03-28 13:00:00+09:00,588.0,588.0,587.0,587.0,0,0.0,0.0
2023-03-28 14:00:00+09:00,587.0,588.0,586.0,586.0,9600,0.0,0.0
2023-03-29 09:00:00+09:00,587.0,589.0,587.0,589.0,2700,0.0,0.0
2023-03-29 10:00:00+09:00,588.0,594.0,588.0,594.0,1900,0.0,0.0
2023-03-29 11:00:00+09:00,590.0,590.0,575.0,575.0,0,0.0,0.0
2023-03-29 12:00:00+09:00,585.0,589.0,585.0,589.0,8400,0.0,0.0
2023-03-29 13:00:00+09:00,590.0,592.0,587.0,587.0,2300,0.0,0.0
2023-03-29 14:00:00+09:00,591.0,591.0,587.0,587.0,300,0.0,0.0
2023-03-30 09:00:00+09:00,581.0,581.0,581.0,581.0,600,0.0,0.0
2023-03-30 10:00:00+09:00,588.0,588.0,582.0,582.0,500,0.0,0.0
2023-03-30 11:00:00+09:00,582.0,582.0,582.0,582.0,0,0.0,0.0
2023-03-30 12:00:00+09:00,586.0,586.0,586.0,586.0,2000,0.0,0.0
2023-03-30 13:00:00+09:00,586.0,586.0,586.0,586.0,100,0.0,0.0
2023-03-30 14:00:00+09:00,586.0,586.0,581.0,584.0,5000,0.0,0.0
2023-03-31 09:00:00+09:00,580.0,582.0,576.0,577.0,0,0.0,0.0
2023-03-31 10:00:00+09:00,577.0,580.0,576.0,580.0,3300,0.0,0.0
2023-03-31 11:00:00+09:00,580.0,580.0,580.0,580.0,0,0.0,0.0
2023-03-31 12:00:00+09:00,585.0,585.0,582.0,582.0,7600,0.0,0.0
2023-03-31 13:00:00+09:00,581.0,583.0,581.0,583.0,400,0.0,0.0
2023-03-31 14:00:00+09:00,582.0,582.0,579.0,579.0,1200,0.0,0.0
2023-04-03 09:00:00+09:00,586.0,590.0,586.0,590.0,4200,0.0,0.0
2023-04-03 10:00:00+09:00,590.0,590.0,590.0,590.0,1200,0.0,0.0
2023-04-03 11:00:00+09:00,588.0,589.0,588.0,589.0,0,0.0,0.0
2023-04-03 12:00:00+09:00,590.0,590.0,588.0,588.0,6500,0.0,0.0
2023-04-03 14:00:00+09:00,588.0,588.0,588.0,588.0,100,0.0,0.0
2023-04-04 09:00:00+09:00,590.0,590.0,585.0,585.0,1600,0.0,0.0
2023-04-04 11:00:00+09:00,590.0,590.0,590.0,590.0,0,0.0,0.0
2023-04-04 12:00:00+09:00,590.0,590.0,586.0,586.0,1900,0.0,0.0
2023-04-04 13:00:00+09:00,586.0,586.0,585.0,585.0,600,0.0,0.0
2023-04-04 14:00:00+09:00,585.0,585.0,575.0,578.0,11000,0.0,0.0
2023-04-05 09:00:00+09:00,576.0,577.0,575.0,575.0,1300,0.0,0.0
2023-04-05 10:00:00+09:00,575.0,575.0,566.0,566.0,8600,0.0,0.0
2023-04-05 11:00:00+09:00,566.0,567.0,564.0,565.0,0,0.0,0.0
2023-04-05 12:00:00+09:00,564.0,579.0,559.0,579.0,19300,0.0,0.0
2023-04-05 13:00:00+09:00,566.0,579.0,565.0,572.0,1400,0.0,0.0
2023-04-06 09:00:00+09:00,564.0,568.0,560.0,565.0,4800,0.0,0.0
2023-04-06 10:00:00+09:00,566.0,566.0,562.0,565.0,900,0.0,0.0
2023-04-06 11:00:00+09:00,568.0,569.0,565.0,565.0,0,0.0,0.0
2023-04-06 12:00:00+09:00,565.0,565.0,565.0,565.0,8700,0.0,0.0
2023-04-06 13:00:00+09:00,564.0,564.0,558.0,562.0,12200,0.0,0.0
2023-04-06 14:00:00+09:00,563.0,563.0,557.0,560.0,8100,0.0,0.0
2023-04-07 09:00:00+09:00,560.0,563.0,558.0,560.0,3300,0.0,0.0
2023-04-07 11:00:00+09:00,559.0,564.0,558.0,558.0,0,0.0,0.0
2023-04-07 12:00:00+09:00,558.0,561.0,558.0,561.0,6100,0.0,0.0
2023-04-07 13:00:00+09:00,560.0,560.0,557.0,557.0,1300,0.0,0.0
2023-04-07 14:00:00+09:00,559.0,563.0,559.0,563.0,3100,0.0,0.0
2023-04-10 09:00:00+09:00,561.0,561.0,559.0,561.0,0,0.0,0.0
2023-04-10 10:00:00+09:00,563.0,563.0,562.0,562.0,200,0.0,0.0
2023-04-10 11:00:00+09:00,562.0,578.0,552.0,557.0,0,0.0,0.0
2023-04-10 12:00:00+09:00,558.0,559.0,554.0,557.0,12800,0.0,0.0
2023-04-10 13:00:00+09:00,555.0,556.0,554.0,556.0,1100,0.0,0.0
2023-04-10 14:00:00+09:00,556.0,558.0,556.0,558.0,400,0.0,0.0
2023-04-11 09:00:00+09:00,557.0,559.0,557.0,559.0,1100,0.0,0.0
2023-04-11 10:00:00+09:00,558.0,563.0,558.0,562.0,1100,0.0,0.0
2023-04-11 11:00:00+09:00,560.0,560.0,559.0,559.0,0,0.0,0.0
2023-04-11 12:00:00+09:00,559.0,559.0,558.0,558.0,2800,0.0,0.0
2023-04-11 13:00:00+09:00,558.0,558.0,558.0,558.0,600,0.0,0.0
2023-04-11 14:00:00+09:00,559.0,559.0,559.0,559.0,100,0.0,0.0
2023-04-12 09:00:00+09:00,559.0,560.0,557.0,560.0,1200,0.0,0.0
2023-04-12 10:00:00+09:00,560.0,560.0,558.0,558.0,1000,0.0,0.0
2023-04-12 11:00:00+09:00,558.0,558.0,558.0,558.0,0,0.0,0.0
2023-04-12 12:00:00+09:00,558.0,559.0,558.0,559.0,7300,0.0,0.0
2023-04-12 14:00:00+09:00,561.0,561.0,560.0,560.0,300,0.0,0.0
2023-04-13 09:00:00+09:00,560.0,560.0,559.0,559.0,600,0.0,0.0
2023-04-13 10:00:00+09:00,559.0,559.0,559.0,559.0,300,0.0,0.0
2023-04-13 11:00:00+09:00,560.0,562.0,560.0,562.0,0,0.0,0.0
2023-04-13 12:00:00+09:00,563.0,563.0,559.0,559.0,1700,0.0,0.0
2023-04-13 14:00:00+09:00,560.0,564.0,557.0,564.0,8100,0.0,0.0
2023-04-14 09:00:00+09:00,564.0,564.0,561.0,561.0,0,0.0,0.0
2023-04-14 10:00:00+09:00,563.0,563.0,558.0,563.0,6100,0.0,0.0
2023-04-14 11:00:00+09:00,562.0,562.0,562.0,562.0,0,0.0,0.0
2023-04-14 12:00:00+09:00,562.0,562.0,559.0,560.0,7600,0.0,0.0
2023-04-14 13:00:00+09:00,560.0,560.0,559.0,559.0,400,0.0,0.0
2023-04-14 14:00:00+09:00,562.0,563.0,562.0,563.0,800,0.0,0.0
2023-04-17 09:00:00+09:00,563.0,563.0,562.0,562.0,0,0.0,0.0
2023-04-17 11:00:00+09:00,562.0,563.0,562.0,563.0,0,0.0,0.0
2023-04-17 12:00:00+09:00,564.0,564.0,564.0,564.0,2200,0.0,0.0
2023-04-17 13:00:00+09:00,562.0,563.0,562.0,563.0,500,0.0,0.0
2023-04-17 14:00:00+09:00,561.0,561.0,561.0,561.0,200,0.0,0.0
2023-04-18 09:00:00+09:00,565.0,575.0,565.0,575.0,20900,0.0,0.0
2023-04-18 10:00:00+09:00,575.0,575.0,574.0,574.0,200,0.0,0.0
2023-04-18 11:00:00+09:00,574.0,574.0,574.0,574.0,0,0.0,0.0
2023-04-18 12:00:00+09:00,574.0,574.0,569.0,569.0,21300,0.0,0.0
2023-04-18 14:00:00+09:00,571.0,577.0,571.0,575.0,3500,0.0,0.0
2023-04-19 09:00:00+09:00,576.0,576.0,569.0,569.0,1100,0.0,0.0
2023-04-19 10:00:00+09:00,568.0,568.0,567.0,567.0,300,0.0,0.0
2023-04-19 11:00:00+09:00,566.0,569.0,566.0,569.0,0,0.0,0.0
2023-04-19 12:00:00+09:00,573.0,573.0,568.0,568.0,2800,0.0,0.0
2023-04-19 13:00:00+09:00,567.0,567.0,566.0,566.0,700,0.0,0.0
2023-04-19 14:00:00+09:00,568.0,568.0,568.0,568.0,100,0.0,0.0
2023-04-20 09:00:00+09:00,569.0,569.0,569.0,569.0,800,0.0,0.0
2023-04-20 10:00:00+09:00,570.0,571.0,569.0,570.0,500,0.0,0.0
2023-04-20 11:00:00+09:00,570.0,570.0,570.0,570.0,0,0.0,0.0
2023-04-20 12:00:00+09:00,570.0,573.0,570.0,573.0,1800,0.0,0.0
2023-04-20 13:00:00+09:00,570.0,572.0,569.0,572.0,1100,0.0,0.0
2023-04-20 14:00:00+09:00,572.0,572.0,572.0,572.0,300,0.0,0.0
2023-04-21 09:00:00+09:00,572.0,572.0,565.0,565.0,0,0.0,0.0
2023-04-21 11:00:00+09:00,565.0,565.0,565.0,565.0,0,0.0,0.0
2023-04-21 12:00:00+09:00,566.0,566.0,566.0,566.0,4500,0.0,0.0
2023-04-21 13:00:00+09:00,565.0,565.0,562.0,562.0,3800,0.0,0.0
2023-04-21 14:00:00+09:00,566.0,566.0,566.0,566.0,100,0.0,0.0
2023-04-24 09:00:00+09:00,566.0,567.0,566.0,566.0,1300,0.0,0.0
2023-04-24 10:00:00+09:00,568.0,568.0,568.0,568.0,400,0.0,0.0
2023-04-24 11:00:00+09:00,568.0,568.0,568.0,568.0,0,0.0,0.0
2023-04-24 12:00:00+09:00,568.0,568.0,567.0,567.0,1900,0.0,0.0
2023-04-24 13:00:00+09:00,566.0,566.0,566.0,566.0,100,0.0,0.0
2023-04-24 14:00:00+09:00,567.0,569.0,567.0,569.0,700,0.0,0.0
2023-04-25 09:00:00+09:00,587.0,588.0,575.0,579.0,6900,0.0,0.0
2023-04-25 10:00:00+09:00,580.0,580.0,570.0,577.0,1300,0.0,0.0
2023-04-25 11:00:00+09:00,579.0,579.0,572.0,579.0,0,0.0,0.0
2023-04-25 12:00:00+09:00,571.0,573.0,571.0,571.0,10500,0.0,0.0
2023-04-25 13:00:00+09:00,571.0,571.0,571.0,571.0,500,0.0,0.0
2023-04-25 14:00:00+09:00,571.0,574.0,571.0,574.0,400,0.0,0.0
2023-04-26 09:00:00+09:00,585.0,606.0,577.0,602.0,23100,0.0,0.0
2023-04-26 10:00:00+09:00,600.0,602.0,587.0,592.0,3500,0.0,0.0
2023-04-26 11:00:00+09:00,591.0,593.0,591.0,593.0,0,0.0,0.0
2023-04-26 12:00:00+09:00,593.0,601.0,593.0,596.0,33300,0.0,0.0
2023-04-26 13:00:00+09:00,601.0,609.0,595.0,606.0,9300,0.0,0.0
2023-04-26 14:00:00+09:00,605.0,605.0,600.0,604.0,4100,0.0,0.0
2023-04-27 09:00:00+09:00,606.0,606.0,600.0,604.0,5800,0.0,0.0
2023-04-27 10:00:00+09:00,605.0,613.0,605.0,608.0,5800,0.0,0.0
2023-04-27 11:00:00+09:00,610.0,613.0,610.0,613.0,0,0.0,0.0
2023-04-27 12:00:00+09:00,613.0,613.0,609.0,609.0,12500,0.0,0.0
2023-04-27 13:00:00+09:00,610.0,610.0,609.0,609.0,900,0.0,0.0
2023-04-27 14:00:00+09:00,608.0,608.0,604.0,605.0,800,0.0,0.0
2023-04-28 09:00:00+09:00,610.0,610.0,601.0,601.0,3800,0.0,0.0
2023-04-28 10:00:00+09:00,601.0,601.0,601.0,601.0,300,0.0,0.0
2023-04-28 11:00:00+09:00,600.0,602.0,600.0,602.0,0,0.0,0.0
2023-04-28 12:00:00+09:00,602.0,602.0,597.0,599.0,6200,0.0,0.0
2023-04-28 13:00:00+09:00,597.0,600.0,594.0,600.0,2500,0.0,0.0
2023-04-28 14:00:00+09:00,602.0,610.0,601.0,609.0,2700,0.0,0.0
2023-05-01 09:00:00+09:00,608.0,608.0,600.0,600.0,3100,0.0,0.0
2023-05-01 10:00:00+09:00,601.0,605.0,601.0,605.0,2300,0.0,0.0
2023-05-01 11:00:00+09:00,605.0,605.0,605.0,605.0,0,0.0,0.0
2023-05-01 12:00:00+09:00,605.0,605.0,593.0,595.0,7800,0.0,0.0
2023-05-01 13:00:00+09:00,598.0,603.0,598.0,603.0,1800,0.0,0.0
2023-05-01 14:00:00+09:00,602.0,607.0,599.0,607.0,2700,0.0,0.0
2023-05-02 09:00:00+09:00,600.0,601.0,600.0,600.0,500,0.0,0.0
2023-05-02 10:00:00+09:00,596.0,596.0,592.0,595.0,1900,0.0,0.0
2023-05-02 11:00:00+09:00,595.0,595.0,595.0,595.0,0,0.0,0.0
2023-05-02 12:00:00+09:00,593.0,594.0,590.0,594.0,5900,0.0,0.0
2023-05-02 13:00:00+09:00,598.0,601.0,598.0,601.0,1900,0.0,0.0
2023-05-02 14:00:00+09:00,602.0,602.0,595.0,595.0,1600,0.0,0.0
2023-05-08 09:00:00+09:00,594.0,598.0,593.0,598.0,1800,0.0,0.0
2023-05-08 10:00:00+09:00,596.0,596.0,596.0,596.0,0,0.0,0.0
2023-05-08 11:00:00+09:00,596.0,596.0,596.0,596.0,0,0.0,0.0
2023-05-08 12:00:00+09:00,603.0,613.0,603.0,613.0,12200,0.0,0.0
2023-05-08 13:00:00+09:00,606.0,606.0,596.0,596.0,3700,0.0,0.0
2023-05-08 14:00:00+09:00,596.0,599.0,592.0,592.0,2500,0.0,0.0
2023-05-09 09:00:00+09:00,593.0,593.0,591.0,591.0,1600,0.0,0.0
2023-05-09 10:00:00+09:00,592.0,592.0,590.0,590.0,1600,0.0,0.0
2023-05-09 11:00:00+09:00,591.0,591.0,591.0,591.0,0,0.0,0.0
2023-05-09 12:00:00+09:00,593.0,593.0,593.0,593.0,3400,0.0,0.0
2023-05-09 14:00:00+09:00,593.0,593.0,593.0,593.0,200,0.0,0.0
2023-05-10 09:00:00+09:00,591.0,591.0,590.0,590.0,0,0.0,0.0
2023-05-10 10:00:00+09:00,591.0,591.0,588.0,588.0,3300,0.0,0.0
2023-05-10 11:00:00+09:00,588.0,588.0,588.0,588.0,0,0.0,0.0
2023-05-10 12:00:00+09:00,590.0,590.0,590.0,590.0,3400,0.0,0.0
2023-05-10 13:00:00+09:00,589.0,591.0,589.0,591.0,2000,0.0,0.0
2023-05-10 14:00:00+09:00,590.0,591.0,589.0,591.0,1500,0.0,0.0
2023-05-11 09:00:00+09:00,590.0,594.0,590.0,594.0,200,0.0,0.0
2023-05-11 10:00:00+09:00,594.0,594.0,594.0,594.0,300,0.0,0.0
2023-05-11 11:00:00+09:00,594.0,594.0,594.0,594.0,0,0.0,0.0
2023-05-11 12:00:00+09:00,594.0,599.0,592.0,597.0,2300,0.0,0.0
2023-05-11 13:00:00+09:00,597.0,597.0,597.0,597.0,100,0.0,0.0
2023-05-11 14:00:00+09:00,597.0,602.0,597.0,600.0,1700,0.0,0.0
2023-05-12 09:00:00+09:00,600.0,600.0,596.0,596.0,2600,0.0,0.0
2023-05-12 10:00:00+09:00,596.0,596.0,587.0,587.0,2800,0.0,0.0
2023-05-12 11:00:00+09:00,587.0,587.0,587.0,587.0,0,0.0,0.0
2023-05-12 12:00:00+09:00,585.0,590.0,585.0,590.0,8200,0.0,0.0
2023-05-12 13:00:00+09:00,587.0,596.0,584.0,586.0,1600,0.0,0.0
2023-05-12 14:00:00+09:00,586.0,595.0,585.0,585.0,900,0.0,0.0
2023-05-15 09:00:00+09:00,600.0,600.0,571.0,577.0,15100,0.0,0.0
2023-05-15 10:00:00+09:00,572.0,577.0,570.0,577.0,5500,0.0,0.0
2023-05-15 11:00:00+09:00,577.0,581.0,577.0,578.0,0,0.0,0.0
2023-05-15 12:00:00+09:00,584.0,586.0,579.0,579.0,33900,0.0,0.0
2023-05-15 13:00:00+09:00,580.0,581.0,580.0,581.0,1200,0.0,0.0
2023-05-15 14:00:00+09:00,581.0,585.0,581.0,585.0,700,0.0,0.0
2023-05-16 09:00:00+09:00,591.0,591.0,579.0,582.0,1100,0.0,0.0
2023-05-16 10:00:00+09:00,585.0,587.0,582.0,586.0,700,0.0,0.0
2023-05-16 11:00:00+09:00,584.0,584.0,584.0,584.0,0,0.0,0.0
2023-05-16 12:00:00+09:00,583.0,585.0,583.0,585.0,2400,0.0,0.0
2023-05-16 13:00:00+09:00,584.0,584.0,584.0,584.0,600,0.0,0.0
2023-05-16 14:00:00+09:00,584.0,585.0,584.0,585.0,700,0.0,0.0
2023-05-17 09:00:00+09:00,587.0,590.0,585.0,589.0,2600,0.0,0.0
2023-05-17 11:00:00+09:00,588.0,588.0,586.0,586.0,0,0.0,0.0
2023-05-17 12:00:00+09:00,586.0,587.0,586.0,586.0,4100,0.0,0.0
2023-05-17 13:00:00+09:00,587.0,589.0,587.0,588.0,800,0.0,0.0
2023-05-17 14:00:00+09:00,588.0,588.0,585.0,585.0,900,0.0,0.0
2023-05-18 09:00:00+09:00,586.0,587.0,586.0,586.0,3600,0.0,0.0
2023-05-18 10:00:00+09:00,586.0,586.0,584.0,584.0,500,0.0,0.0
2023-05-18 11:00:00+09:00,584.0,584.0,584.0,584.0,0,0.0,0.0
2023-05-18 12:00:00+09:00,583.0,583.0,583.0,583.0,4500,0.0,0.0
2023-05-18 13:00:00+09:00,582.0,582.0,582.0,582.0,400,0.0,0.0
2023-05-18 14:00:00+09:00,583.0,585.0,581.0,581.0,2300,0.0,0.0
2023-05-19 09:00:00+09:00,577.0,580.0,563.0,572.0,9800,0.0,0.0
2023-05-19 10:00:00+09:00,575.0,575.0,575.0,575.0,100,0.0,0.0
2023-05-19 11:00:00+09:00,575.0,575.0,575.0,575.0,0,0.0,0.0
2023-05-19 12:00:00+09:00,573.0,577.0,572.0,577.0,11000,0.0,0.0
2023-05-19 13:00:00+09:00,576.0,577.0,576.0,577.0,800,0.0,0.0
2023-05-19 14:00:00+09:00,577.0,577.0,571.0,575.0,3400,0.0,0.0
2023-05-22 09:00:00+09:00,579.0,579.0,573.0,574.0,2600,0.0,0.0
2023-05-22 10:00:00+09:00,575.0,577.0,574.0,574.0,400,0.0,0.0
2023-05-22 11:00:00+09:00,577.0,580.0,577.0,577.0,0,0.0,0.0
2023-05-22 12:00:00+09:00,580.0,580.0,580.0,580.0,6000,0.0,0.0
2023-05-22 13:00:00+09:00,580.0,587.0,580.0,581.0,2000,0.0,0.0
2023-05-22 14:00:00+09:00,583.0,584.0,581.0,581.0,500,0.0,0.0
2023-05-23 09:00:00+09:00,585.0,585.0,582.0,582.0,400,0.0,0.0
2023-05-23 10:00:00+09:00,583.0,583.0,583.0,583.0,200,0.0,0.0
2023-05-23 11:00:00+09:00,584.0,584.0,584.0,584.0,0,0.0,0.0
2023-05-23 12:00:00+09:00,585.0,586.0,584.0,586.0,1700,0.0,0.0
2023-05-23 13:00:00+09:00,585.0,585.0,570.0,570.0,8900,0.0,0.0
2023-05-23 14:00:00+09:00,572.0,574.0,569.0,572.0,3400,0.0,0.0
2023-05-24 09:00:00+09:00,570.0,572.0,564.0,567.0,0,0.0,0.0
2023-05-24 10:00:00+09:00,567.0,571.0,567.0,570.0,11100,0.0,0.0
2023-05-24 11:00:00+09:00,570.0,570.0,570.0,570.0,0,0.0,0.0
2023-05-24 12:00:00+09:00,570.0,571.0,570.0,571.0,13500,0.0,0.0
2023-05-24 13:00:00+09:00,571.0,571.0,570.0,570.0,900,0.0,0.0
2023-05-24 14:00:00+09:00,571.0,577.0,571.0,577.0,2000,0.0,0.0
2023-05-25 09:00:00+09:00,586.0,586.0,576.0,580.0,5100,0.0,0.0
2023-05-25 10:00:00+09:00,580.0,580.0,578.0,578.0,200,0.0,0.0
2023-05-25 11:00:00+09:00,580.0,584.0,580.0,584.0,0,0.0,0.0
2023-05-25 13:00:00+09:00,584.0,585.0,584.0,585.0,8100,0.0,0.0
2023-05-25 14:00:00+09:00,585.0,585.0,584.0,584.0,300,0.0,0.0
2023-05-26 09:00:00+09:00,582.0,582.0,580.0,580.0,700,0.0,0.0
2023-05-26 10:00:00+09:00,580.0,580.0,576.0,576.0,3300,0.0,0.0
2023-05-26 11:00:00+09:00,578.0,578.0,578.0,578.0,0,0.0,0.0
2023-05-26 12:00:00+09:00,578.0,578.0,577.0,577.0,4600,0.0,0.0
2023-05-26 13:00:00+09:00,577.0,577.0,577.0,577.0,100,0.0,0.0
2023-05-26 14:00:00+09:00,580.0,580.0,579.0,579.0,400,0.0,0.0
2023-05-29 09:00:00+09:00,582.0,582.0,580.0,581.0,0,0.0,0.0
2023-05-29 10:00:00+09:00,582.0,582.0,581.0,581.0,200,0.0,0.0
2023-05-29 11:00:00+09:00,581.0,581.0,581.0,581.0,0,0.0,0.0
2023-05-29 12:00:00+09:00,580.0,580.0,574.0,574.0,5600,0.0,0.0
2023-05-29 13:00:00+09:00,574.0,574.0,572.0,572.0,600,0.0,0.0
2023-05-29 14:00:00+09:00,574.0,574.0,574.0,574.0,100,0.0,0.0
2023-05-30 09:00:00+09:00,580.0,580.0,574.0,574.0,4000,0.0,0.0
2023-05-30 10:00:00+09:00,572.0,572.0,572.0,572.0,300,0.0,0.0
2023-05-30 11:00:00+09:00,571.0,571.0,571.0,571.0,0,0.0,0.0
2023-05-30 12:00:00+09:00,573.0,574.0,573.0,574.0,5400,0.0,0.0
2023-05-30 13:00:00+09:00,575.0,576.0,575.0,576.0,300,0.0,0.0
2023-05-30 14:00:00+09:00,576.0,576.0,576.0,576.0,200,0.0,0.0
2023-05-31 09:00:00+09:00,573.0,575.0,573.0,575.0,600,0.0,0.0
2023-05-31 11:00:00+09:00,576.0,577.0,576.0,577.0,0,0.0,0.0
2023-05-31 12:00:00+09:00,577.0,577.0,577.0,577.0,2200,0.0,0.0
2023-05-31 13:00:00+09:00,577.0,577.0,575.0,575.0,900,0.0,0.0
2023-05-31 14:00:00+09:00,574.0,576.0,572.0,576.0,1100,0.0,0.0
2023-06-01 10:00:00+09:00,578.0,578.0,573.0,573.0,500,0.0,0.0
2023-06-01 11:00:00+09:00,573.0,573.0,573.0,573.0,0,0.0,0.0
2023-06-01 13:00:00+09:00,579.0,579.0,574.0,575.0,1600,0.0,0.0
2023-06-01 14:00:00+09:00,575.0,575.0,575.0,575.0,100,0.0,0.0
2023-06-02 09:00:00+09:00,575.0,575.0,566.0,568.0,6400,0.0,0.0
2023-06-02 10:00:00+09:00,569.0,570.0,568.0,570.0,1100,0.0,0.0
2023-06-02 11:00:00+09:00,570.0,570.0,570.0,570.0,0,0.0,0.0
2023-06-02 12:00:00+09:00,571.0,572.0,555.0,558.0,41900,0.0,0.0
2023-06-02 13:00:00+09:00,558.0,563.0,555.0,561.0,3600,0.0,0.0
2023-06-02 14:00:00+09:00,562.0,565.0,560.0,564.0,5200,0.0,0.0
2023-06-05 09:00:00+09:00,572.0,572.0,570.0,570.0,0,0.0,0.0
2023-06-05 11:00:00+09:00,570.0,570.0,570.0,570.0,900,0.0,0.0
2023-06-05 12:00:00+09:00,570.0,572.0,570.0,572.0,800,0.0,0.0
2023-06-05 13:00:00+09:00,570.0,572.0,570.0,572.0,1100,0.0,0.0
2023-06-05 14:00:00+09:00,570.0,572.0,570.0,572.0,700,0.0,0.0
2023-06-06 09:00:00+09:00,563.0,569.0,563.0,566.0,3000,0.0,0.0
2023-06-06 11:00:00+09:00,568.0,568.0,560.0,561.0,0,0.0,0.0
2023-06-06 12:00:00+09:00,565.0,565.0,565.0,565.0,0,0.0,0.0
2023-06-06 13:00:00+09:00,565.0,565.0,564.0,565.0,10100,0.0,0.0
2023-06-06 14:00:00+09:00,565.0,567.0,564.0,564.0,2400,0.0,0.0
2023-06-07 09:00:00+09:00,565.0,568.0,565.0,568.0,1700,0.0,0.0
2023-06-07 10:00:00+09:00,568.0,568.0,567.0,567.0,1700,0.0,0.0
2023-06-07 11:00:00+09:00,567.0,567.0,567.0,567.0,0,0.0,0.0
2023-06-07 12:00:00+09:00,568.0,568.0,566.0,566.0,5100,0.0,0.0
2023-06-07 14:00:00+09:00,566.0,566.0,566.0,566.0,200,0.0,0.0
2023-06-08 09:00:00+09:00,565.0,569.0,565.0,565.0,1200,0.0,0.0
2023-06-08 10:00:00+09:00,567.0,567.0,565.0,565.0,300,0.0,0.0
2023-06-08 11:00:00+09:00,565.0,565.0,561.0,561.0,0,0.0,0.0
2023-06-08 12:00:00+09:00,564.0,564.0,562.0,562.0,4600,0.0,0.0
2023-06-08 13:00:00+09:00,562.0,562.0,560.0,560.0,2100,0.0,0.0
2023-06-08 14:00:00+09:00,563.0,563.0,563.0,563.0,100,0.0,0.0
2023-06-09 09:00:00+09:00,564.0,564.0,564.0,564.0,400,0.0,0.0
2023-06-09 10:00:00+09:00,565.0,565.0,565.0,565.0,0,0.0,0.0
2023-06-09 11:00:00+09:00,565.0,565.0,565.0,565.0,0,0.0,0.0
2023-06-09 12:00:00+09:00,564.0,565.0,562.0,565.0,2100,0.0,0.0
2023-06-09 13:00:00+09:00,564.0,564.0,562.0,562.0,400,0.0,0.0
2023-06-12 09:00:00+09:00,568.0,568.0,566.0,567.0,2100,0.0,0.0
2023-06-12 10:00:00+09:00,567.0,567.0,567.0,567.0,400,0.0,0.0
2023-06-12 11:00:00+09:00,567.0,567.0,567.0,567.0,0,0.0,0.0
2023-06-12 12:00:00+09:00,567.0,568.0,567.0,568.0,3100,0.0,0.0
2023-06-12 13:00:00+09:00,568.0,568.0,565.0,565.0,2600,0.0,0.0
2023-06-12 14:00:00+09:00,566.0,566.0,566.0,566.0,100,0.0,0.0
2023-06-13 09:00:00+09:00,570.0,572.0,570.0,570.0,3100,0.0,0.0
2023-06-13 10:00:00+09:00,571.0,574.0,570.0,574.0,1400,0.0,0.0
2023-06-13 11:00:00+09:00,574.0,574.0,574.0,574.0,0,0.0,0.0
2023-06-13 12:00:00+09:00,571.0,572.0,571.0,571.0,5700,0.0,0.0
2023-06-13 13:00:00+09:00,573.0,573.0,571.0,571.0,600,0.0,0.0
2023-06-13 14:00:00+09:00,570.0,571.0,570.0,570.0,5400,0.0,0.0
2023-06-14 09:00:00+09:00,570.0,570.0,569.0,569.0,1600,0.0,0.0
2023-06-14 10:00:00+09:00,569.0,570.0,568.0,570.0,500,0.0,0.0
2023-06-14 11:00:00+09:00,570.0,570.0,570.0,570.0,0,0.0,0.0
2023-06-14 12:00:00+09:00,568.0,568.0,568.0,568.0,3500,0.0,0.0
2023-06-14 13:00:00+09:00,569.0,569.0,568.0,568.0,700,0.0,0.0
2023-06-14 14:00:00+09:00,568.0,568.0,568.0,568.0,200,0.0,0.0
2023-06-15 09:00:00+09:00,569.0,570.0,569.0,570.0,1300,0.0,0.0
2023-06-15 10:00:00+09:00,571.0,571.0,570.0,570.0,1200,0.0,0.0
2023-06-15 11:00:00+09:00,572.0,574.0,572.0,574.0,0,0.0,0.0
2023-06-15 12:00:00+09:00,571.0,571.0,570.0,570.0,4500,0.0,0.0
2023-06-15 13:00:00+09:00,571.0,573.0,570.0,570.0,1100,0.0,0.0
2023-06-15 14:00:00+09:00,573.0,574.0,571.0,571.0,1100,0.0,0.0
2023-06-16 09:00:00+09:00,571.0,574.0,571.0,572.0,1000,0.0,0.0
2023-06-16 10:00:00+09:00,572.0,572.0,572.0,572.0,100,0.0,0.0
2023-06-16 11:00:00+09:00,572.0,572.0,572.0,572.0,0,0.0,0.0
2023-06-16 12:00:00+09:00,575.0,575.0,575.0,575.0,2000,0.0,0.0
2023-06-16 13:00:00+09:00,574.0,574.0,574.0,574.0,700,0.0,0.0
2023-06-16 14:00:00+09:00,573.0,575.0,573.0,575.0,1100,0.0,0.0
2023-06-19 09:00:00+09:00,577.0,582.0,577.0,580.0,6400,0.0,0.0
2023-06-19 10:00:00+09:00,580.0,586.0,580.0,581.0,1800,0.0,0.0
2023-06-19 11:00:00+09:00,583.0,586.0,583.0,586.0,0,0.0,0.0
2023-06-19 12:00:00+09:00,587.0,590.0,587.0,590.0,11400,0.0,0.0
2023-06-19 13:00:00+09:00,590.0,590.0,588.0,588.0,2000,0.0,0.0
2023-06-19 14:00:00+09:00,587.0,590.0,584.0,588.0,2800,0.0,0.0
2023-06-20 09:00:00+09:00,592.0,593.0,584.0,584.0,3600,0.0,0.0
2023-06-20 10:00:00+09:00,587.0,588.0,587.0,587.0,400,0.0,0.0
2023-06-20 11:00:00+09:00,586.0,586.0,586.0,586.0,0,0.0,0.0
2023-06-20 12:00:00+09:00,587.0,587.0,587.0,587.0,4200,0.0,0.0
2023-06-20 13:00:00+09:00,587.0,587.0,587.0,587.0,200,0.0,0.0
2023-06-20 14:00:00+09:00,586.0,586.0,583.0,585.0,2300,0.0,0.0
2023-06-21 09:00:00+09:00,588.0,588.0,587.0,587.0,400,0.0,0.0
2023-06-21 10:00:00+09:00,586.0,587.0,586.0,587.0,600,0.0,0.0
2023-06-21 11:00:00+09:00,587.0,587.0,583.0,583.0,0,0.0,0.0
2023-06-21 12:00:00+09:00,587.0,587.0,587.0,587.0,2900,0.0,0.0
2023-06-21 13:00:00+09:00,585.0,586.0,585.0,586.0,200,0.0,0.0
2023-06-21 14:00:00+09:00,586.0,588.0,586.0,588.0,300,0.0,0.0
2023-06-22 09:00:00+09:00,589.0,590.0,588.0,590.0,2100,0.0,0.0
2023-06-22 10:00:00+09:00,590.0,592.0,590.0,591.0,4500,0.0,0.0
2023-06-22 11:00:00+09:00,591.0,591.0,591.0,591.0,0,0.0,0.0
2023-06-22 12:00:00+09:00,593.0,594.0,592.0,594.0,7800,0.0,0.0
2023-06-22 13:00:00+09:00,593.0,595.0,592.0,592.0,2000,0.0,0.0
2023-06-22 14:00:00+09:00,591.0,592.0,589.0,590.0,3200,0.0,0.0
2023-06-23 09:00:00+09:00,597.0,597.0,591.0,591.0,3000,0.0,0.0
2023-06-23 10:00:00+09:00,590.0,590.0,587.0,587.0,3700,0.0,0.0
2023-06-23 11:00:00+09:00,587.0,589.0,587.0,589.0,0,0.0,0.0
2023-06-23 12:00:00+09:00,588.0,588.0,588.0,588.0,7600,0.0,0.0
2023-06-23 13:00:00+09:00,590.0,591.0,590.0,590.0,800,0.0,0.0
2023-06-23 14:00:00+09:00,589.0,594.0,583.0,590.0,4600,0.0,0.0
2023-06-26 09:00:00+09:00,600.0,600.0,590.0,593.0,0,0.0,0.0
2023-06-26 10:00:00+09:00,590.0,590.0,590.0,590.0,0,0.0,0.0
2023-06-26 11:00:00+09:00,590.0,590.0,590.0,590.0,0,0.0,0.0
2023-06-26 12:00:00+09:00,591.0,591.0,591.0,591.0,8400,0.0,0.0
2023-06-26 13:00:00+09:00,592.0,592.0,592.0,592.0,200,0.0,0.0
2023-06-26 14:00:00+09:00,593.0,594.0,593.0,594.0,700,0.0,0.0
2023-06-27 09:00:00+09:00,595.0,598.0,587.0,591.0,1800,0.0,0.0
2023-06-27 10:00:00+09:00,590.0,590.0,590.0,590.0,100,0.0,0.0
2023-06-27 11:00:00+09:00,590.0,590.0,590.0,590.0,0,0.0,0.0
2023-06-28 09:00:00+09:00,588.0,588.0,587.0,587.0,1100,0.0,0.0
2023-06-28 11:00:00+09:00,587.0,587.0,587.0,587.0,0,0.0,0.0
2023-06-28 12:00:00+09:00,591.0,591.0,589.0,589.0,2000,0.0,0.0
2023-06-28 14:00:00+09:00,588.0,589.0,586.0,589.0,900,0.0,0.0
2023-06-29 09:00:00+09:00,589.0,589.0,589.0,589.0,600,0.0,0.0
2023-06-29 10:00:00+09:00,590.0,590.0,590.0,590.0,100,0.0,0.0
2023-06-29 11:00:00+09:00,590.0,590.0,590.0,590.0,0,0.0,0.0
2023-06-29 13:00:00+09:00,590.0,590.0,589.0,589.0,900,0.0,0.0
2023-06-29 14:00:00+09:00,589.0,589.0,587.0,587.0,300,0.0,0.0
2023-06-30 09:00:00+09:00,587.0,591.0,587.0,591.0,900,0.0,0.0
2023-06-30 11:00:00+09:00,591.0,591.0,591.0,591.0,0,0.0,0.0
2023-06-30 12:00:00+09:00,590.0,590.0,587.0,587.0,1200,0.0,0.0
2023-06-30 13:00:00+09:00,589.0,590.0,589.0,590.0,600,0.0,0.0
2023-06-30 14:00:00+09:00,586.0,586.0,585.0,585.0,1300,0.0,0.0
2023-07-03 09:00:00+09:00,586.0,591.0,586.0,588.0,0,0.0,0.0
2023-07-03 10:00:00+09:00,587.0,589.0,586.0,589.0,2700,0.0,0.0
2023-07-03 11:00:00+09:00,589.0,589.0,589.0,589.0,0,0.0,0.0
2023-07-03 12:00:00+09:00,590.0,590.0,590.0,590.0,3100,0.0,0.0
2023-07-03 14:00:00+09:00,589.0,591.0,589.0,591.0,800,0.0,0.0
2023-07-04 09:00:00+09:00,591.0,591.0,590.0,590.0,600,0.0,0.0
2023-07-04 10:00:00+09:00,589.0,589.0,587.0,587.0,600,0.0,0.0
2023-07-04 11:00:00+09:00,587.0,587.0,587.0,587.0,0,0.0,0.0
2023-07-04 12:00:00+09:00,588.0,588.0,588.0,588.0,2900,0.0,0.0
2023-07-04 13:00:00+09:00,590.0,594.0,590.0,591.0,2300,0.0,0.0
2023-07-04 14:00:00+09:00,591.0,592.0,591.0,592.0,500,0.0,0.0
2023-07-05 09:00:00+09:00,593.0,595.0,593.0,593.0,0,0.0,0.0
2023-07-05 10:00:00+09:00,592.0,592.0,592.0,592.0,2800,0.0,0.0
2023-07-05 11:00:00+09:00,594.0,594.0,590.0,590.0,0,0.0,0.0
2023-07-05 12:00:00+09:00,592.0,592.0,592.0,592.0,4700,0.0,0.0
2023-07-05 14:00:00+09:00,589.0,589.0,588.0,588.0,200,0.0,0.0
2023-07-06 09:00:00+09:00,593.0,593.0,592.0,592.0,900,0.0,0.0
2023-07-06 10:00:00+09:00,588.0,593.0,588.0,593.0,200,0.0,0.0
2023-07-06 11:00:00+09:00,593.0,593.0,593.0,593.0,0,0.0,0.0
2023-07-06 12:00:00+09:00,590.0,590.0,590.0,590.0,1200,0.0,0.0
2023-07-06 13:00:00+09:00,588.0,593.0,587.0,587.0,3400,0.0,0.0
2023-07-06 14:00:00+09:00,586.0,587.0,586.0,586.0,500,0.0,0.0
2023-07-07 12:00:00+09:00,590.0,590.0,590.0,590.0,0,0.0,0.0
2023-07-07 13:00:00+09:00,589.0,591.0,589.0,591.0,1100,0.0,0.0
2023-07-07 14:00:00+09:00,589.0,590.0,589.0,589.0,500,0.0,0.0
2023-07-10 09:00:00+09:00,591.0,591.0,591.0,591.0,0,0.0,0.0
2023-07-10 10:00:00+09:00,591.0,591.0,591.0,591.0,0,0.0,0.0
2023-07-10 11:00:00+09:00,591.0,591.0,591.0,591.0,0,0.0,0.0
2023-07-10 12:00:00+09:00,591.0,591.0,591.0,591.0,1600,0.0,0.0
2023-07-10 13:00:00+09:00,592.0,592.0,592.0,592.0,100,0.0,0.0
2023-07-11 09:00:00+09:00,592.0,594.0,591.0,591.0,1000,0.0,0.0
2023-07-11 10:00:00+09:00,593.0,601.0,593.0,597.0,11000,0.0,0.0
2023-07-11 11:00:00+09:00,600.0,605.0,597.0,605.0,0,0.0,0.0
2023-07-11 12:00:00+09:00,603.0,603.0,601.0,601.0,16400,0.0,0.0
2023-07-11 13:00:00+09:00,601.0,605.0,599.0,605.0,5400,0.0,0.0
2023-07-11 14:00:00+09:00,604.0,605.0,603.0,605.0,1900,0.0,0.0
2023-07-12 09:00:00+09:00,608.0,608.0,605.0,607.0,6200,0.0,0.0
2023-07-12 10:00:00+09:00,606.0,608.0,605.0,605.0,500,0.0,0.0
2023-07-12 11:00:00+09:00,605.0,605.0,605.0,605.0,0,0.0,0.0
2023-07-12 12:00:00+09:00,605.0,605.0,604.0,604.0,7100,0.0,0.0
2023-07-12 13:00:00+09:00,604.0,607.0,603.0,603.0,1100,0.0,0.0
2023-07-12 14:00:00+09:00,602.0,607.0,602.0,603.0,1900,0.0,0.0
2023-07-13 09:00:00+09:00,603.0,603.0,588.0,592.0,0,0.0,0.0
2023-07-13 10:00:00+09:00,593.0,595.0,593.0,595.0,300,0.0,0.0
2023-07-13 11:00:00+09:00,595.0,595.0,595.0,595.0,0,0.0,0.0
2023-07-13 12:00:00+09:00,595.0,595.0,595.0,595.0,4600,0.0,0.0
2023-07-13 14:00:00+09:00,598.0,603.0,598.0,603.0,0,0.0,0.0
2023-07-14 09:00:00+09:00,600.0,600.0,600.0,600.0,1100,0.0,0.0
2023-07-14 10:00:00+09:00,599.0,599.0,584.0,588.0,11700,0.0,0.0
2023-07-14 11:00:00+09:00,588.0,588.0,588.0,588.0,0,0.0,0.0
2023-07-14 12:00:00+09:00,587.0,591.0,587.0,591.0,14500,0.0,0.0
2023-07-14 13:00:00+09:00,591.0,591.0,591.0,591.0,200,0.0,0.0
2023-07-14 14:00:00+09:00,591.0,592.0,580.0,581.0,5400,0.0,0.0
2023-07-18 09:00:00+09:00,587.0,588.0,584.0,586.0,400,0.0,0.0
2023-07-18 10:00:00+09:00,588.0,591.0,588.0,591.0,400,0.0,0.0
2023-07-18 11:00:00+09:00,591.0,591.0,588.0,590.0,0,0.0,0.0
2023-07-18 12:00:00+09:00,590.0,590.0,564.0,583.0,21800,0.0,0.0
2023-07-18 13:00:00+09:00,585.0,585.0,577.0,577.0,1000,0.0,0.0
2023-07-18 14:00:00+09:00,576.0,579.0,572.0,578.0,2000,0.0,0.0
2023-07-19 09:00:00+09:00,579.0,580.0,579.0,580.0,600,0.0,0.0
2023-07-19 10:00:00+09:00,583.0,583.0,583.0,583.0,100,0.0,0.0
2023-07-19 11:00:00+09:00,583.0,583.0,583.0,583.0,0,0.0,0.0
2023-07-19 12:00:00+09:00,583.0,583.0,583.0,583.0,800,0.0,0.0
2023-07-19 13:00:00+09:00,582.0,582.0,581.0,581.0,600,0.0,0.0
2023-07-19 14:00:00+09:00,583.0,584.0,583.0,584.0,400,0.0,0.0
2023-07-20 09:00:00+09:00,585.0,586.0,585.0,586.0,400,0.0,0.0
2023-07-20 10:00:00+09:00,585.0,585.0,585.0,585.0,100,0.0,0.0
2023-07-20 11:00:00+09:00,585.0,585.0,585.0,585.0,0,0.0,0.0
2023-07-20 12:00:00+09:00,585.0,586.0,585.0,586.0,900,0.0,0.0
2023-07-20 13:00:00+09:00,586.0,587.0,579.0,580.0,2900,0.0,0.0
2023-07-20 14:00:00+09:00,586.0,586.0,586.0,586.0,100,0.0,0.0
2023-07-21 09:00:00+09:00,582.0,582.0,582.0,582.0,600,0.0,0.0
2023-07-21 11:00:00+09:00,582.0,582.0,582.0,582.0,0,0.0,0.0
2023-07-21 12:00:00+09:00,586.0,586.0,586.0,586.0,700,0.0,0.0
2023-07-21 14:00:00+09:00,586.0,586.0,586.0,586.0,100,0.0,0.0
2023-07-24 09:00:00+09:00,588.0,589.0,588.0,589.0,1300,0.0,0.0
2023-07-24 10:00:00+09:00,588.0,588.0,588.0,588.0,100,0.0,0.0
2023-07-24 11:00:00+09:00,589.0,589.0,589.0,589.0,0,0.0,0.0
2023-07-24 12:00:00+09:00,590.0,590.0,589.0,589.0,2300,0.0,0.0
2023-07-24 13:00:00+09:00,588.0,588.0,588.0,588.0,100,0.0,0.0
2023-07-24 14:00:00+09:00,589.0,589.0,589.0,589.0,100,0.0,0.0
2023-07-25 09:00:00+09:00,594.0,594.0,571.0,575.0,11900,0.0,0.0
2023-07-25 10:00:00+09:00,578.0,580.0,576.0,579.0,1900,0.0,0.0
2023-07-25 11:00:00+09:00,579.0,579.0,579.0,579.0,0,0.0,0.0
2023-07-25 12:00:00+09:00,578.0,578.0,578.0,578.0,14500,0.0,0.0
2023-07-25 13:00:00+09:00,578.0,579.0,578.0,578.0,700,0.0,0.0
2023-07-25 14:00:00+09:00,580.0,580.0,580.0,580.0,100,0.0,0.0
2023-07-26 09:00:00+09:00,586.0,586.0,581.0,581.0,0,0.0,0.0
2023-07-26 10:00:00+09:00,582.0,582.0,582.0,582.0,1000,0.0,0.0
2023-07-26 11:00:00+09:00,582.0,582.0,582.0,582.0,0,0.0,0.0
2023-07-26 12:00:00+09:00,580.0,580.0,580.0,580.0,1600,0.0,0.0
2023-07-26 13:00:00+09:00,581.0,581.0,581.0,581.0,100,0.0,0.0
2023-07-26 14:00:00+09:00,581.0,582.0,581.0,582.0,200,0.0,0.0
2023-07-27 09:00:00+09:00,583.0,583.0,583.0,583.0,200,0.0,0.0
2023-07-27 11:00:00+09:00,583.0,583.0,583.0,583.0,0,0.0,0.0
2023-07-27 13:00:00+09:00,583.0,583.0,583.0,583.0,300,0.0,0.0
2023-07-27 14:00:00+09:00,583.0,585.0,581.0,585.0,600,0.0,0.0
2023-07-28 09:00:00+09:00,581.0,581.0,581.0,581.0,900,0.0,0.0
2023-07-28 10:00:00+09:00,581.0,581.0,581.0,581.0,200,0.0,0.0
2023-07-28 11:00:00+09:00,581.0,581.0,581.0,581.0,0,0.0,0.0
2023-07-28 12:00:00+09:00,581.0,581.0,581.0,581.0,1400,0.0,0.0
2023-07-28 13:00:00+09:00,580.0,581.0,579.0,581.0,800,0.0,0.0
2023-07-28 14:00:00+09:00,581.0,582.0,579.0,582.0,1100,0.0,0.0
2023-07-31 09:00:00+09:00,581.0,586.0,581.0,586.0,0,0.0,0.0
2023-07-31 10:00:00+09:00,586.0,586.0,586.0,586.0,1900,0.0,0.0
2023-07-31 11:00:00+09:00,586.0,587.0,586.0,586.0,0,0.0,0.0
2023-07-31 12:00:00+09:00,584.0,588.0,584.0,588.0,3400,0.0,0.0
2023-07-31 13:00:00+09:00,587.0,588.0,582.0,582.0,1200,0.0,0.0
2023-07-31 14:00:00+09:00,584.0,584.0,584.0,584.0,100,0.0,0.0
2023-08-01 09:00:00+09:00,582.0,582.0,582.0,582.0,1500,0.0,0.0
2023-08-01 11:00:00+09:00,584.0,585.0,582.0,585.0,0,0.0,0.0
2023-08-01 13:00:00+09:00,584.0,584.0,581.0,581.0,4700,0.0,0.0
2023-08-01 14:00:00+09:00,582.0,582.0,582.0,582.0,0,0.0,0.0
2023-08-02 09:00:00+09:00,581.0,581.0,581.0,581.0,1200,0.0,0.0
2023-08-02 10:00:00+09:00,583.0,583.0,583.0,583.0,100,0.0,0.0
2023-08-02 11:00:00+09:00,582.0,582.0,582.0,582.0,0,0.0,0.0
2023-08-02 12:00:00+09:00,584.0,584.0,584.0,584.0,1600,0.0,0.0
2023-08-02 14:00:00+09:00,582.0,584.0,582.0,582.0,700,0.0,0.0
2023-08-03 09:00:00+09:00,582.0,582.0,582.0,582.0,400,0.0,0.0
2023-08-03 10:00:00+09:00,584.0,584.0,584.0,584.0,200,0.0,0.0
2023-08-03 11:00:00+09:00,586.0,590.0,586.0,590.0,0,0.0,0.0
2023-08-03 12:00:00+09:00,590.0,590.0,588.0,588.0,3200,0.0,0.0
2023-08-03 13:00:00+09:00,589.0,590.0,589.0,590.0,1000,0.0,0.0
2023-08-03 14:00:00+09:00,587.0,587.0,586.0,586.0,400,0.0,0.0
2023-08-04 09:00:00+09:00,582.0,586.0,582.0,586.0,1900,0.0,0.0
2023-08-04 10:00:00+09:00,584.0,590.0,584.0,590.0,1500,0.0,0.0
2023-08-04 11:00:00+09:00,590.0,590.0,590.0,590.0,0,0.0,0.0
2023-08-04 12:00:00+09:00,584.0,585.0,584.0,585.0,4500,0.0,0.0
2023-08-04 14:00:00+09:00,583.0,583.0,581.0,581.0,3800,0.0,0.0
2023-08-07 09:00:00+09:00,578.0,582.0,578.0,582.0,600,0.0,0.0
2023-08-07 10:00:00+09:00,582.0,582.0,582.0,582.0,400,0.0,0.0
2023-08-07 11:00:00+09:00,582.0,582.0,576.0,576.0,0,0.0,0.0
2023-08-07 12:00:00+09:00,579.0,579.0,579.0,579.0,2100,0.0,0.0
2023-08-07 13:00:00+09:00,579.0,579.0,576.0,576.0,300,0.0,0.0
2023-08-07 14:00:00+09:00,578.0,578.0,576.0,576.0,0,0.0,0.0
2023-08-08 09:00:00+09:00,575.0,577.0,575.0,577.0,1200,0.0,0.0
2023-08-08 10:00:00+09:00,579.0,579.0,579.0,579.0,200,0.0,0.0
2023-08-08 11:00:00+09:00,579.0,579.0,576.0,576.0,0,0.0,0.0
2023-08-08 12:00:00+09:00,580.0,580.0,578.0,578.0,4300,0.0,0.0
2023-08-08 13:00:00+09:00,580.0,580.0,580.0,580.0,100,0.0,0.0
2023-08-08 14:00:00+09:00,579.0,579.0,578.0,579.0,400,0.0,0.0
2023-08-09 09:00:00+09:00,575.0,577.0,573.0,577.0,3500,0.0,0.0
2023-08-09 10:00:00+09:00,576.0,577.0,576.0,577.0,0,0.0,0.0
2023-08-09 11:00:00+09:00,578.0,579.0,578.0,579.0,0,0.0,0.0
2023-08-09 12:00:00+09:00,575.0,576.0,574.0,576.0,8600,0.0,0.0
2023-08-09 13:00:00+09:00,577.0,577.0,577.0,577.0,100,0.0,0.0
2023-08-09 14:00:00+09:00,577.0,578.0,574.0,576.0,1900,0.0,0.0
2023-08-10 09:00:00+09:00,571.0,571.0,571.0,571.0,1800,0.0,0.0
2023-08-10 10:00:00+09:00,573.0,573.0,573.0,573.0,100,0.0,0.0
2023-08-10 11:00:00+09:00,575.0,575.0,575.0,575.0,0,0.0,0.0
2023-08-10 12:00:00+09:00,585.0,585.0,585.0,585.0,2800,0.0,0.0
2023-08-10 13:00:00+09:00,577.0,577.0,577.0,577.0,100,0.0,0.0
2023-08-10 14:00:00+09:00,578.0,584.0,578.0,582.0,2500,0.0,0.0
2023-08-14 09:00:00+09:00,546.0,546.0,530.0,530.0,0,0.0,0.0
2023-08-14 10:00:00+09:00,536.0,543.0,530.0,543.0,68200,0.0,0.0
2023-08-14 11:00:00+09:00,545.0,556.0,545.0,549.0,0,0.0,0.0
2023-08-14 12:00:00+09:00,553.0,555.0,549.0,555.0,72600,0.0,0.0
2023-08-14 13:00:00+09:00,554.0,554.0,548.0,548.0,1600,0.0,0.0
2023-08-14 14:00:00+09:00,550.0,551.0,545.0,545.0,3500,0.0,0.0
2023-08-15 09:00:00+09:00,546.0,546.0,537.0,539.0,11300,0.0,0.0
2023-08-15 10:00:00+09:00,539.0,540.0,537.0,539.0,3000,0.0,0.0
2023-08-15 11:00:00+09:00,539.0,540.0,536.0,540.0,0,0.0,0.0
2023-08-15 12:00:00+09:00,536.0,540.0,536.0,539.0,22600,0.0,0.0
2023-08-15 13:00:00+09:00,538.0,540.0,538.0,540.0,2900,0.0,0.0
2023-08-15 14:00:00+09:00,540.0,540.0,538.0,540.0,1700,0.0,0.0
2023-08-16 09:00:00+09:00,536.0,549.0,536.0,544.0,4700,0.0,0.0
2023-08-16 10:00:00+09:00,541.0,541.0,541.0,541.0,100,0.0,0.0
2023-08-16 11:00:00+09:00,541.0,541.0,541.0,541.0,0,0.0,0.0
2023-08-16 12:00:00+09:00,540.0,540.0,540.0,540.0,5800,0.0,0.0
2023-08-16 13:00:00+09:00,540.0,540.0,538.0,539.0,2000,0.0,0.0
2023-08-16 14:00:00+09:00,538.0,538.0,537.0,537.0,500,0.0,0.0
2023-08-17 09:00:00+09:00,535.0,536.0,534.0,534.0,2500,0.0,0.0
2023-08-17 10:00:00+09:00,534.0,536.0,533.0,534.0,800,0.0,0.0
2023-08-17 11:00:00+09:00,534.0,534.0,534.0,534.0,0,0.0,0.0
2023-08-17 12:00:00+09:00,534.0,540.0,533.0,540.0,0,0.0,0.0
2023-08-17 13:00:00+09:00,538.0,538.0,538.0,538.0,5800,0.0,0.0
2023-08-17 14:00:00+09:00,535.0,536.0,534.0,536.0,0,0.0,0.0
2023-08-18 09:00:00+09:00,531.0,532.0,530.0,531.0,7900,0.0,0.0
2023-08-18 10:00:00+09:00,531.0,531.0,531.0,531.0,100,0.0,0.0
2023-08-18 11:00:00+09:00,531.0,532.0,530.0,532.0,0,0.0,0.0
2023-08-18 12:00:00+09:00,530.0,530.0,530.0,530.0,11800,0.0,0.0
2023-08-18 13:00:00+09:00,532.0,532.0,531.0,531.0,300,0.0,0.0
2023-08-18 14:00:00+09:00,531.0,531.0,530.0,531.0,1000,0.0,0.0
2023-08-21 09:00:00+09:00,531.0,532.0,530.0,531.0,1900,0.0,0.0
2023-08-21 10:00:00+09:00,530.0,530.0,527.0,529.0,0,0.0,0.0
2023-08-21 11:00:00+09:00,530.0,530.0,530.0,530.0,0,0.0,0.0
2023-08-21 12:00:00+09:00,530.0,536.0,530.0,536.0,5300,0.0,0.0
2023-08-21 14:00:00+09:00,535.0,537.0,534.0,534.0,900,0.0,0.0
2023-08-22 09:00:00+09:00,539.0,543.0,537.0,540.0,1400,0.0,0.0
2023-08-22 11:00:00+09:00,540.0,540.0,540.0,540.0,0,0.0,0.0
2023-08-22 12:00:00+09:00,540.0,541.0,540.0,541.0,2200,0.0,0.0
2023-08-22 14:00:00+09:00,542.0,542.0,540.0,540.0,2600,0.0,0.0
2023-08-23 09:00:00+09:00,542.0,545.0,542.0,543.0,1500,0.0,0.0
2023-08-23 11:00:00+09:00,544.0,544.0,544.0,544.0,0,0.0,0.0
2023-08-23 12:00:00+09:00,542.0,542.0,541.0,541.0,2000,0.0,0.0
2023-08-23 13:00:00+09:00,541.0,541.0,536.0,536.0,2000,0.0,0.0
2023-08-23 14:00:00+09:00,538.0,541.0,537.0,541.0,1000,0.0,0.0
2023-08-24 09:00:00+09:00,541.0,541.0,540.0,540.0,800,0.0,0.0
2023-08-24 10:00:00+09:00,538.0,538.0,536.0,537.0,800,0.0,0.0
2023-08-24 11:00:00+09:00,539.0,539.0,539.0,539.0,0,0.0,0.0
2023-08-24 12:00:00+09:00,540.0,540.0,540.0,540.0,4100,0.0,0.0
2023-08-24 14:00:00+09:00,541.0,549.0,541.0,548.0,2900,0.0,0.0
2023-08-25 09:00:00+09:00,543.0,547.0,543.0,547.0,5400,0.0,0.0
2023-08-25 10:00:00+09:00,546.0,546.0,546.0,546.0,100,0.0,0.0
2023-08-25 11:00:00+09:00,547.0,547.0,547.0,547.0,0,0.0,0.0
2023-08-25 12:00:00+09:00,549.0,549.0,549.0,549.0,6900,0.0,0.0
2023-08-25 14:00:00+09:00,548.0,548.0,547.0,547.0,1000,0.0,0.0
2023-08-28 09:00:00+09:00,552.0,552.0,549.0,549.0,14500,0.0,0.0
2023-08-28 10:00:00+09:00,548.0,548.0,548.0,548.0,400,0.0,0.0
2023-08-28 11:00:00+09:00,548.0,551.0,548.0,551.0,0,0.0,0.0
2023-08-28 12:00:00+09:00,552.0,553.0,552.0,553.0,16000,0.0,0.0
2023-08-28 13:00:00+09:00,551.0,551.0,550.0,550.0,400,0.0,0.0
2023-08-29 09:00:00+09:00,553.0,553.0,549.0,549.0,1700,0.0,0.0
2023-08-29 10:00:00+09:00,552.0,553.0,546.0,546.0,1400,0.0,0.0
2023-08-29 11:00:00+09:00,550.0,550.0,547.0,547.0,0,0.0,0.0
2023-08-29 12:00:00+09:00,547.0,550.0,547.0,550.0,5600,0.0,0.0
2023-08-29 13:00:00+09:00,550.0,550.0,550.0,550.0,500,0.0,0.0
2023-08-29 14:00:00+09:00,551.0,551.0,546.0,550.0,500,0.0,0.0
2023-08-30 09:00:00+09:00,548.0,551.0,545.0,551.0,1600,0.0,0.0
2023-08-30 11:00:00+09:00,552.0,552.0,550.0,552.0,0,0.0,0.0
2023-08-30 12:00:00+09:00,549.0,549.0,549.0,549.0,3300,0.0,0.0
2023-08-30 13:00:00+09:00,551.0,551.0,551.0,551.0,100,0.0,0.0
2023-08-30 14:00:00+09:00,551.0,552.0,551.0,551.0,1100,0.0,0.0
2023-08-31 09:00:00+09:00,551.0,551.0,550.0,551.0,700,0.0,0.0
2023-08-31 10:00:00+09:00,551.0,551.0,551.0,551.0,100,0.0,0.0
2023-08-31 11:00:00+09:00,552.0,552.0,552.0,552.0,0,0.0,0.0
2023-08-31 12:00:00+09:00,550.0,551.0,550.0,551.0,1500,0.0,0.0
2023-08-31 13:00:00+09:00,550.0,550.0,540.0,549.0,6300,0.0,0.0
2023-08-31 14:00:00+09:00,545.0,549.0,544.0,548.0,1200,0.0,0.0
2023-09-01 09:00:00+09:00,548.0,548.0,546.0,546.0,1100,0.0,0.0
2023-09-01 10:00:00+09:00,546.0,548.0,546.0,546.0,500,0.0,0.0
2023-09-01 11:00:00+09:00,546.0,550.0,546.0,550.0,0,0.0,0.0
2023-09-01 12:00:00+09:00,548.0,548.0,548.0,548.0,3100,0.0,0.0
2023-09-01 13:00:00+09:00,546.0,546.0,546.0,546.0,100,0.0,0.0
2023-09-01 14:00:00+09:00,548.0,550.0,544.0,547.0,2800,0.0,0.0
2023-09-04 09:00:00+09:00,541.0,546.0,541.0,546.0,2300,0.0,0.0
2023-09-04 10:00:00+09:00,544.0,547.0,542.0,547.0,1800,0.0,0.0
2023-09-04 11:00:00+09:00,547.0,547.0,540.0,546.0,0,0.0,0.0
2023-09-04 12:00:00+09:00,546.0,546.0,546.0,546.0,13200,0.0,0.0
2023-09-04 13:00:00+09:00,546.0,546.0,545.0,545.0,1300,0.0,0.0
2023-09-04 14:00:00+09:00,545.0,545.0,543.0,543.0,1000,0.0,0.0
2023-09-05 09:00:00+09:00,547.0,547.0,544.0,544.0,800,0.0,0.0
2023-09-05 10:00:00+09:00,544.0,547.0,544.0,545.0,300,0.0,0.0
2023-09-05 11:00:00+09:00,545.0,545.0,545.0,545.0,0,0.0,0.0
2023-09-05 12:00:00+09:00,545.0,545.0,544.0,544.0,2200,0.0,0.0
2023-09-05 13:00:00+09:00,546.0,546.0,542.0,544.0,2200,0.0,0.0
2023-09-05 14:00:00+09:00,544.0,544.0,541.0,543.0,3400,0.0,0.0
2023-09-06 09:00:00+09:00,543.0,545.0,543.0,544.0,1300,0.0,0.0
2023-09-06 10:00:00+09:00,544.0,544.0,544.0,544.0,1300,0.0,0.0
2023-09-06 11:00:00+09:00,544.0,545.0,544.0,545.0,0,0.0,0.0
2023-09-06 12:00:00+09:00,546.0,546.0,546.0,546.0,3100,0.0,0.0
2023-09-06 14:00:00+09:00,545.0,545.0,544.0,544.0,1000,0.0,0.0
2023-09-07 09:00:00+09:00,543.0,546.0,543.0,546.0,700,0.0,0.0
2023-09-07 10:00:00+09:00,547.0,547.0,543.0,546.0,500,0.0,0.0
2023-09-07 11:00:00+09:00,546.0,546.0,546.0,546.0,0,0.0,0.0
2023-09-07 12:00:00+09:00,547.0,547.0,546.0,547.0,2300,0.0,0.0
2023-09-07 13:00:00+09:00,547.0,548.0,547.0,548.0,2000,0.0,0.0
2023-09-07 14:00:00+09:00,546.0,549.0,544.0,548.0,4000,0.0,0.0
2023-09-08 09:00:00+09:00,547.0,550.0,547.0,550.0,1500,0.0,0.0
2023-09-08 10:00:00+09:00,549.0,549.0,549.0,549.0,200,0.0,0.0
2023-09-08 11:00:00+09:00,549.0,549.0,549.0,549.0,0,0.0,0.0
2023-09-08 13:00:00+09:00,547.0,547.0,547.0,547.0,2500,0.0,0.0
2023-09-08 14:00:00+09:00,546.0,546.0,546.0,546.0,500,0.0,0.0
2023-09-11 09:00:00+09:00,543.0,544.0,541.0,543.0,10700,0.0,0.0
2023-09-11 10:00:00+09:00,542.0,546.0,541.0,546.0,1100,0.0,0.0
2023-09-11 11:00:00+09:00,546.0,546.0,546.0,546.0,0,0.0,0.0
2023-09-11 12:00:00+09:00,547.0,547.0,541.0,542.0,12800,0.0,0.0
2023-09-11 13:00:00+09:00,544.0,545.0,544.0,545.0,500,0.0,0.0
2023-09-11 14:00:00+09:00,545.0,545.0,545.0,545.0,100,0.0,0.0
2023-09-12 10:00:00+09:00,543.0,543.0,543.0,543.0,300,0.0,0.0
2023-09-12 11:00:00+09:00,544.0,544.0,543.0,543.0,0,0.0,0.0
2023-09-12 12:00:00+09:00,543.0,547.0,543.0,547.0,1700,0.0,0.0
2023-09-12 13:00:00+09:00,548.0,548.0,548.0,548.0,100,0.0,0.0
2023-09-12 14:00:00+09:00,545.0,547.0,542.0,547.0,1800,0.0,0.0
2023-09-13 09:00:00+09:00,545.0,545.0,545.0,545.0,300,0.0,0.0
2023-09-13 10:00:00+09:00,545.0,546.0,545.0,546.0,600,0.0,0.0
2023-09-13 11:00:00+09:00,544.0,544.0,544.0,544.0,0,0.0,0.0
2023-09-13 12:00:00+09:00,546.0,546.0,543.0,543.0,2000,0.0,0.0
2023-09-14 09:00:00+09:00,550.0,550.0,548.0,550.0,2400,0.0,0.0
2023-09-14 10:00:00+09:00,550.0,550.0,550.0,550.0,600,0.0,0.0
2023-09-14 11:00:00+09:00,550.0,550.0,550.0,550.0,0,0.0,0.0
2023-09-14 12:00:00+09:00,549.0,549.0,549.0,549.0,3200,0.0,0.0
2023-09-14 13:00:00+09:00,549.0,550.0,548.0,548.0,1700,0.0,0.0
2023-09-14 14:00:00+09:00,547.0,549.0,547.0,549.0,200,0.0,0.0
2023-09-15 09:00:00+09:00,548.0,548.0,545.0,545.0,2600,0.0,0.0
2023-09-15 10:00:00+09:00,547.0,547.0,545.0,545.0,1000,0.0,0.0
2023-09-15 11:00:00+09:00,545.0,545.0,545.0,545.0,0,0.0,0.0
2023-09-15 12:00:00+09:00,546.0,546.0,546.0,546.0,4100,0.0,0.0
2023-09-15 13:00:00+09:00,547.0,548.0,545.0,548.0,1200,0.0,0.0
2023-09-15 14:00:00+09:00,547.0,550.0,547.0,547.0,900,0.0,0.0
2023-09-19 09:00:00+09:00,552.0,556.0,552.0,554.0,4700,0.0,0.0
2023-09-19 10:00:00+09:00,553.0,554.0,553.0,554.0,300,0.0,0.0
2023-09-19 11:00:00+09:00,553.0,553.0,549.0,549.0,0,0.0,0.0
2023-09-19 12:00:00+09:00,549.0,549.0,547.0,547.0,7400,0.0,0.0
2023-09-19 13:00:00+09:00,549.0,549.0,548.0,548.0,300,0.0,0.0
2023-09-19 14:00:00+09:00,549.0,549.0,549.0,549.0,500,0.0,0.0
2023-09-20 09:00:00+09:00,551.0,551.0,550.0,550.0,500,0.0,0.0
2023-09-20 10:00:00+09:00,550.0,550.0,548.0,549.0,1000,0.0,0.0
2023-09-20 11:00:00+09:00,549.0,550.0,549.0,550.0,0,0.0,0.0
2023-09-20 12:00:00+09:00,552.0,552.0,552.0,552.0,2600,0.0,0.0
2023-09-20 14:00:00+09:00,550.0,550.0,550.0,550.0,0,0.0,0.0
2023-09-21 09:00:00+09:00,548.0,548.0,546.0,546.0,2000,0.0,0.0
2023-09-21 10:00:00+09:00,548.0,550.0,548.0,550.0,1000,0.0,0.0
2023-09-21 11:00:00+09:00,550.0,550.0,550.0,550.0,0,0.0,0.0
2023-09-21 12:00:00+09:00,547.0,547.0,547.0,547.0,3100,0.0,0.0
2023-09-21 13:00:00+09:00,547.0,547.0,545.0,545.0,1000,0.0,0.0
2023-09-21 14:00:00+09:00,545.0,545.0,545.0,545.0,900,0.0,0.0
2023-09-22 09:00:00+09:00,549.0,549.0,545.0,547.0,1500,0.0,0.0
2023-09-22 10:00:00+09:00,548.0,551.0,548.0,551.0,600,0.0,0.0
2023-09-22 11:00:00+09:00,551.0,551.0,551.0,551.0,0,0.0,0.0
2023-09-22 12:00:00+09:00,550.0,550.0,550.0,550.0,2300,0.0,0.0
2023-09-22 13:00:00+09:00,549.0,549.0,549.0,549.0,500,0.0,0.0
2023-09-22 14:00:00+09:00,549.0,549.0,549.0,549.0,400,0.0,0.0
2023-09-25 09:00:00+09:00,555.0,555.0,552.0,552.0,5700,0.0,0.0
2023-09-25 10:00:00+09:00,552.0,553.0,552.0,552.0,600,0.0,0.0
2023-09-25 11:00:00+09:00,552.0,552.0,552.0,552.0,0,0.0,0.0
2023-09-25 12:00:00+09:00,554.0,554.0,552.0,552.0,7800,0.0,0.0
2023-09-25 13:00:00+09:00,552.0,554.0,551.0,554.0,900,0.0,0.0
2023-09-25 14:00:00+09:00,553.0,553.0,553.0,553.0,100,0.0,0.0
2023-09-26 09:00:00+09:00,553.0,554.0,551.0,554.0,500,0.0,0.0
2023-09-26 10:00:00+09:00,553.0,553.0,553.0,553.0,100,0.0,0.0
2023-09-26 11:00:00+09:00,553.0,553.0,553.0,553.0,0,0.0,0.0
2023-09-26 12:00:00+09:00,554.0,555.0,553.0,553.0,1400,0.0,0.0
2023-09-26 14:00:00+09:00,554.0,555.0,554.0,555.0,400,0.0,0.0
2023-09-27 09:00:00+09:00,557.0,559.0,554.0,554.0,0,0.0,0.0
2023-09-27 10:00:00+09:00,555.0,557.0,555.0,557.0,14000,0.0,0.0
2023-09-27 11:00:00+09:00,557.0,557.0,557.0,557.0,0,0.0,0.0
2023-09-27 12:00:00+09:00,557.0,557.0,550.0,550.0,21700,0.0,0.0
2023-09-27 13:00:00+09:00,550.0,550.0,550.0,550.0,1500,0.0,0.0
2023-09-27 14:00:00+09:00,552.0,555.0,550.0,554.0,1500,0.0,0.0
2023-09-28 09:00:00+09:00,545.0,551.0,544.0,551.0,6200,0.0,0.0
2023-09-28 11:00:00+09:00,553.0,555.0,553.0,555.0,0,0.0,0.0
2023-09-28 12:00:00+09:00,549.0,549.0,546.0,546.0,7100,0.0,0.0
2023-09-29 09:00:00+09:00,551.0,551.0,550.0,550.0,600,0.0,0.0
2023-09-29 11:00:00+09:00,550.0,550.0,550.0,550.0,0,0.0,0.0
2023-09-29 12:00:00+09:00,548.0,548.0,548.0,548.0,1600,0.0,0.0
2023-09-29 14:00:00+09:00,548.0,549.0,548.0,548.0,1200,0.0,0.0
2023-10-02 09:00:00+09:00,550.0,550.0,541.0,546.0,3600,0.0,0.0
2023-10-02 10:00:00+09:00,545.0,545.0,545.0,545.0,200,0.0,0.0
2023-10-02 11:00:00+09:00,546.0,546.0,546.0,546.0,0,0.0,0.0
2023-10-02 12:00:00+09:00,549.0,549.0,549.0,549.0,4000,0.0,0.0
2023-10-02 13:00:00+09:00,549.0,549.0,549.0,549.0,100,0.0,0.0
2023-10-02 14:00:00+09:00,547.0,547.0,547.0,547.0,200,0.0,0.0
2023-10-03 09:00:00+09:00,546.0,546.0,546.0,546.0,200,0.0,0.0
2023-10-03 10:00:00+09:00,544.0,544.0,544.0,544.0,100,0.0,0.0
2023-10-03 11:00:00+09:00,544.0,544.0,544.0,544.0,0,0.0,0.0
2023-10-03 12:00:00+09:00,544.0,544.0,544.0,544.0,400,0.0,0.0
2023-10-03 13:00:00+09:00,546.0,546.0,544.0,544.0,500,0.0,0.0
2023-10-03 14:00:00+09:00,544.0,544.0,543.0,543.0,700,0.0,0.0
2023-10-04 09:00:00+09:00,540.0,543.0,537.0,537.0,5600,0.0,0.0
2023-10-04 10:00:00+09:00,536.0,536.0,536.0,536.0,200,0.0,0.0
2023-10-04 11:00:00+09:00,537.0,537.0,537.0,537.0,0,0.0,0.0
2023-10-04 12:00:00+09:00,537.0,538.0,532.0,534.0,10400,0.0,0.0
2023-10-04 13:00:00+09:00,534.0,535.0,528.0,533.0,5900,0.0,0.0
2023-10-04 14:00:00+09:00,529.0,529.0,528.0,529.0,1100,0.0,0.0
2023-10-05 09:00:00+09:00,530.0,533.0,530.0,530.0,4800,0.0,0.0
2023-10-05 10:00:00+09:00,531.0,538.0,530.0,534.0,2100,0.0,0.0
2023-10-05 11:00:00+09:00,534.0,534.0,534.0,534.0,0,0.0,0.0
2023-10-05 12:00:00+09:00,534.0,534.0,534.0,534.0,7500,0.0,0.0
2023-10-05 13:00:00+09:00,534.0,534.0,534.0,534.0,200,0.0,0.0
2023-10-05 14:00:00+09:00,530.0,530.0,530.0,530.0,0,0.0,0.0
2023-10-06 09:00:00+09:00,530.0,530.0,530.0,530.0,900,0.0,0.0
2023-10-06 11:00:00+09:00,530.0,530.0,530.0,530.0,0,0.0,0.0
2023-10-06 12:00:00+09:00,531.0,531.0,531.0,531.0,2000,0.0,0.0
2023-10-06 13:00:00+09:00,531.0,531.0,531.0,531.0,300,0.0,0.0
2023-10-06 14:00:00+09:00,531.0,531.0,530.0,530.0,600,0.0,0.0
2023-10-10 09:00:00+09:00,534.0,534.0,530.0,530.0,0,0.0,0.0
2023-10-10 10:00:00+09:00,530.0,531.0,530.0,531.0,5900,0.0,0.0
2023-10-10 11:00:00+09:00,530.0,530.0,530.0,530.0,0,0.0,0.0
2023-10-10 12:00:00+09:00,530.0,531.0,530.0,530.0,7500,0.0,0.0
2023-10-10 14:00:00+09:00,530.0,530.0,529.0,529.0,1600,0.0,0.0
2023-10-11 09:00:00+09:00,534.0,534.0,533.0,533.0,800,0.0,0.0
2023-10-11 10:00:00+09:00,531.0,531.0,528.0,528.0,3400,0.0,0.0
2023-10-11 11:00:00+09:00,529.0,529.0,529.0,529.0,0,0.0,0.0
2023-10-11 12:00:00+09:00,529.0,529.0,529.0,529.0,5000,0.0,0.0
2023-10-11 13:00:00+09:00,529.0,530.0,529.0,529.0,500,0.0,0.0
2023-10-12 09:00:00+09:00,531.0,533.0,531.0,533.0,3300,0.0,0.0
2023-10-12 10:00:00+09:00,533.0,533.0,533.0,533.0,300,0.0,0.0
2023-10-12 11:00:00+09:00,533.0,533.0,533.0,533.0,0,0.0,0.0
2023-10-12 12:00:00+09:00,533.0,533.0,532.0,533.0,5000,0.0,0.0
2023-10-12 13:00:00+09:00,533.0,535.0,533.0,534.0,1000,0.0,0.0
2023-10-12 14:00:00+09:00,534.0,534.0,534.0,534.0,200,0.0,0.0
2023-10-13 09:00:00+09:00,536.0,536.0,534.0,534.0,1000,0.0,0.0
2023-10-13 10:00:00+09:00,535.0,535.0,535.0,535.0,100,0.0,0.0
2023-10-13 11:00:00+09:00,535.0,535.0,535.0,535.0,0,0.0,0.0
2023-10-13 12:00:00+09:00,536.0,536.0,536.0,536.0,1400,0.0,0.0
2023-10-13 13:00:00+09:00,535.0,536.0,535.0,536.0,600,0.0,0.0
2023-10-13 14:00:00+09:00,534.0,534.0,534.0,534.0,200,0.0,0.0
2023-10-16 09:00:00+09:00,537.0,537.0,533.0,533.0,1600,0.0,0.0
2023-10-16 10:00:00+09:00,533.0,533.0,531.0,531.0,1400,0.0,0.0
2023-10-16 11:00:00+09:00,531.0,531.0,531.0,531.0,0,0.0,0.0
2023-10-16 12:00:00+09:00,532.0,532.0,532.0,532.0,3200,0.0,0.0
2023-10-16 13:00:00+09:00,531.0,531.0,530.0,531.0,300,0.0,0.0
2023-10-16 14:00:00+09:00,532.0,537.0,532.0,537.0,1900,0.0,0.0
2023-10-17 09:00:00+09:00,537.0,537.0,536.0,536.0,800,0.0,0.0
2023-10-17 10:00:00+09:00,533.0,533.0,532.0,532.0,200,0.0,0.0
2023-10-17 11:00:00+09:00,533.0,533.0,533.0,533.0,0,0.0,0.0
2023-10-17 12:00:00+09:00,533.0,533.0,533.0,533.0,1200,0.0,0.0
2023-10-17 13:00:00+09:00,536.0,536.0,536.0,536.0,100,0.0,0.0
2023-10-17 14:00:00+09:00,536.0,536.0,535.0,535.0,400,0.0,0.0
2023-10-18 09:00:00+09:00,534.0,535.0,534.0,535.0,1000,0.0,0.0
2023-10-18 11:00:00+09:00,535.0,535.0,535.0,535.0,0,0.0,0.0
2023-10-18 12:00:00+09:00,535.0,535.0,535.0,535.0,1100,0.0,0.0
2023-10-18 13:00:00+09:00,535.0,536.0,535.0,536.0,300,0.0,0.0
2023-10-19 09:00:00+09:00,536.0,536.0,534.0,534.0,3100,0.0,0.0
2023-10-19 10:00:00+09:00,535.0,535.0,531.0,531.0,1700,0.0,0.0
2023-10-19 11:00:00+09:00,533.0,534.0,532.0,534.0,0,0.0,0.0
2023-10-19 12:00:00+09:00,532.0,532.0,532.0,532.0,5900,0.0,0.0
2023-10-19 13:00:00+09:00,532.0,532.0,532.0,532.0,500,0.0,0.0
2023-10-19 14:00:00+09:00,533.0,535.0,532.0,532.0,1200,0.0,0.0
2023-10-20 10:00:00+09:00,531.0,531.0,531.0,531.0,200,0.0,0.0
2023-10-20 11:00:00+09:00,532.0,532.0,532.0,532.0,0,0.0,0.0
2023-10-20 12:00:00+09:00,531.0,532.0,531.0,531.0,2300,0.0,0.0
2023-10-20 13:00:00+09:00,531.0,532.0,530.0,532.0,2400,0.0,0.0
2023-10-23 09:00:00+09:00,532.0,536.0,532.0,535.0,600,0.0,0.0
2023-10-23 10:00:00+09:00,533.0,535.0,533.0,535.0,1000,0.0,0.0
2023-10-23 11:00:00+09:00,535.0,535.0,535.0,535.0,0,0.0,0.0
2023-10-23 12:00:00+09:00,532.0,532.0,532.0,532.0,1700,0.0,0.0
2023-10-23 13:00:00+09:00,531.0,531.0,530.0,530.0,1700,0.0,0.0
2023-10-23 14:00:00+09:00,530.0,531.0,530.0,531.0,400,0.0,0.0
2023-10-24 09:00:00+09:00,530.0,532.0,530.0,530.0,3700,0.0,0.0
2023-10-24 10:00:00+09:00,529.0,529.0,526.0,526.0,0,0.0,0.0
2023-10-24 11:00:00+09:00,526.0,528.0,526.0,528.0,0,0.0,0.0
2023-10-24 12:00:00+09:00,530.0,533.0,530.0,533.0,11300,0.0,0.0
2023-10-24 13:00:00+09:00,532.0,532.0,532.0,532.0,0,0.0,0.0
2023-10-24 14:00:00+09:00,532.0,532.0,531.0,532.0,12500,0.0,0.0
2023-10-25 09:00:00+09:00,539.0,539.0,531.0,531.0,5300,0.0,0.0
2023-10-25 10:00:00+09:00,533.0,533.0,533.0,533.0,100,0.0,0.0
2023-10-25 11:00:00+09:00,535.0,535.0,535.0,535.0,0,0.0,0.0
2023-10-25 13:00:00+09:00,533.0,533.0,532.0,532.0,5700,0.0,0.0
2023-10-25 14:00:00+09:00,534.0,538.0,534.0,536.0,1400,0.0,0.0
2023-10-26 09:00:00+09:00,538.0,538.0,538.0,538.0,200,0.0,0.0
2023-10-26 10:00:00+09:00,535.0,535.0,535.0,535.0,100,0.0,0.0
2023-10-26 11:00:00+09:00,535.0,535.0,535.0,535.0,0,0.0,0.0
2023-10-26 12:00:00+09:00,535.0,535.0,535.0,535.0,1700,0.0,0.0
2023-10-26 13:00:00+09:00,534.0,537.0,533.0,533.0,1500,0.0,0.0
2023-10-26 14:00:00+09:00,534.0,534.0,532.0,532.0,1100,0.0,0.0
2023-10-27 09:00:00+09:00,532.0,532.0,532.0,532.0,1100,0.0,0.0
2023-10-27 10:00:00+09:00,531.0,532.0,530.0,532.0,700,0.0,0.0
2023-10-27 11:00:00+09:00,532.0,532.0,532.0,532.0,0,0.0,0.0
2023-10-27 12:00:00+09:00,531.0,532.0,531.0,532.0,2300,0.0,0.0
2023-10-27 13:00:00+09:00,532.0,535.0,532.0,535.0,1000,0.0,0.0
2023-10-27 14:00:00+09:00,532.0,535.0,532.0,535.0,200,0.0,0.0
2023-10-30 09:00:00+09:00,531.0,531.0,530.0,530.0,1500,0.0,0.0
2023-10-30 10:00:00+09:00,531.0,532.0,531.0,532.0,500,0.0,0.0
2023-10-30 11:00:00+09:00,532.0,532.0,532.0,532.0,0,0.0,0.0
2023-10-30 12:00:00+09:00,530.0,530.0,530.0,530.0,0,0.0,0.0
2023-10-30 13:00:00+09:00,530.0,530.0,530.0,530.0,2600,0.0,0.0
2023-10-30 14:00:00+09:00,532.0,532.0,528.0,528.0,1400,0.0,0.0
2023-10-31 09:00:00+09:00,527.0,536.0,527.0,536.0,15000,0.0,0.0
2023-10-31 11:00:00+09:00,534.0,536.0,534.0,536.0,0,0.0,0.0
2023-10-31 13:00:00+09:00,526.0,526.0,526.0,526.0,17600,0.0,0.0
2023-10-31 14:00:00+09:00,530.0,530.0,525.0,525.0,700,0.0,0.0
2023-11-01 09:00:00+09:00,527.0,527.0,527.0,527.0,700,0.0,0.0
2023-11-01 10:00:00+09:00,529.0,529.0,525.0,525.0,2600,0.0,0.0
2023-11-01 11:00:00+09:00,526.0,527.0,526.0,527.0,0,0.0,0.0
2023-11-01 12:00:00+09:00,525.0,525.0,525.0,525.0,3900,0.0,0.0
2023-11-01 13:00:00+09:00,529.0,530.0,527.0,527.0,1200,0.0,0.0
2023-11-01 14:00:00+09:00,526.0,526.0,526.0,526.0,400,0.0,0.0
2023-11-02 09:00:00+09:00,526.0,528.0,526.0,526.0,0,0.0,0.0
2023-11-02 10:00:00+09:00,527.0,527.0,525.0,527.0,4500,0.0,0.0
2023-11-02 11:00:00+09:00,527.0,527.0,527.0,527.0,0,0.0,0.0
2023-11-02 12:00:00+09:00,527.0,528.0,527.0,528.0,5000,0.0,0.0
2023-11-02 13:00:00+09:00,529.0,529.0,528.0,528.0,500,0.0,0.0
2023-11-02 14:00:00+09:00,527.0,527.0,525.0,525.0,2200,0.0,0.0
2023-11-06 09:00:00+09:00,528.0,529.0,528.0,528.0,1400,0.0,0.0
2023-11-06 10:00:00+09:00,529.0,529.0,529.0,529.0,300,0.0,0.0
2023-11-06 11:00:00+09:00,529.0,529.0,529.0,529.0,0,0.0,0.0
2023-11-06 12:00:00+09:00,529.0,529.0,529.0,529.0,2200,0.0,0.0
2023-11-06 13:00:00+09:00,529.0,529.0,529.0,529.0,100,0.0,0.0
2023-11-06 14:00:00+09:00,529.0,530.0,528.0,530.0,1300,0.0,0.0
2023-11-07 09:00:00+09:00,530.0,531.0,528.0,530.0,4100,0.0,0.0
2023-11-07 10:00:00+09:00,529.0,529.0,527.0,527.0,2300,0.0,0.0
2023-11-07 11:00:00+09:00,529.0,529.0,529.0,529.0,0,0.0,0.0
2023-11-07 14:00:00+09:00,530.0,530.0,530.0,530.0,6600,0.0,0.0
2023-11-08 09:00:00+09:00,527.0,527.0,527.0,527.0,100,0.0,0.0
2023-11-08 10:00:00+09:00,528.0,531.0,528.0,529.0,800,0.0,0.0
2023-11-08 11:00:00+09:00,529.0,529.0,529.0,529.0,0,0.0,0.0
2023-11-08 12:00:00+09:00,531.0,531.0,531.0,531.0,1200,0.0,0.0
2023-11-08 13:00:00+09:00,528.0,531.0,527.0,527.0,2300,0.0,0.0
2023-11-09 09:00:00+09:00,528.0,528.0,528.0,528.0,700,0.0,0.0
2023-11-09 11:00:00+09:00,528.0,528.0,528.0,528.0,0,0.0,0.0
2023-11-09 12:00:00+09:00,530.0,531.0,530.0,531.0,1900,0.0,0.0
2023-11-09 13:00:00+09:00,531.0,531.0,531.0,531.0,1000,0.0,0.0
2023-11-09 14:00:00+09:00,531.0,531.0,531.0,531.0,100,0.0,0.0
2023-11-10 09:00:00+09:00,523.0,528.0,523.0,528.0,9000,0.0,0.0
2023-11-10 10:00:00+09:00,529.0,529.0,529.0,529.0,300,0.0,0.0
2023-11-10 11:00:00+09:00,529.0,529.0,529.0,529.0,0,0.0,0.0
2023-11-10 12:00:00+09:00,528.0,529.0,527.0,527.0,10000,0.0,0.0
2023-11-10 13:00:00+09:00,529.0,529.0,529.0,529.0,100,0.0,0.0
2023-11-10 14:00:00+09:00,529.0,529.0,529.0,529.0,1000,0.0,0.0
2023-11-13 09:00:00+09:00,497.0,502.0,456.0,472.0,93400,0.0,0.0
2023-11-13 10:00:00+09:00,472.0,482.0,464.0,467.0,14700,0.0,0.0
2023-11-13 11:00:00+09:00,470.0,474.0,469.0,470.0,0,0.0,0.0
2023-11-13 12:00:00+09:00,472.0,475.0,470.0,475.0,132200,0.0,0.0
2023-11-13 13:00:00+09:00,475.0,477.0,472.0,472.0,8300,0.0,0.0
2023-11-13 14:00:00+09:00,472.0,472.0,466.0,467.0,24200,0.0,0.0
2023-11-14 09:00:00+09:00,466.0,472.0,466.0,467.0,23600,0.0,0.0
2023-11-14 10:00:00+09:00,468.0,468.0,467.0,467.0,2100,0.0,0.0
2023-11-14 11:00:00+09:00,469.0,469.0,467.0,467.0,0,0.0,0.0
2023-11-14 12:00:00+09:00,468.0,469.0,468.0,469.0,32100,0.0,0.0
2023-11-14 13:00:00+09:00,471.0,472.0,470.0,471.0,4500,0.0,0.0
2023-11-14 14:00:00+09:00,472.0,473.0,471.0,473.0,2100,0.0,0.0
2023-11-15 09:00:00+09:00,472.0,475.0,472.0,472.0,6600,0.0,0.0
2023-11-15 10:00:00+09:00,472.0,472.0,468.0,468.0,4200,0.0,0.0
2023-11-15 11:00:00+09:00,471.0,474.0,471.0,474.0,0,0.0,0.0
2023-11-15 12:00:00+09:00,474.0,474.0,471.0,473.0,18100,0.0,0.0
2023-11-15 13:00:00+09:00,472.0,473.0,470.0,473.0,1300,0.0,0.0
2023-11-15 14:00:00+09:00,473.0,473.0,470.0,473.0,4100,0.0,0.0
2023-11-16 09:00:00+09:00,472.0,474.0,472.0,474.0,2400,0.0,0.0
2023-11-16 10:00:00+09:00,474.0,474.0,472.0,472.0,1500,0.0,0.0
2023-11-16 11:00:00+09:00,472.0,472.0,472.0,472.0,0,0.0,0.0
2023-11-16 12:00:00+09:00,470.0,470.0,470.0,470.0,6900,0.0,0.0
2023-11-16 13:00:00+09:00,472.0,475.0,472.0,475.0,2200,0.0,0.0
2023-11-16 14:00:00+09:00,475.0,475.0,473.0,473.0,1000,0.0,0.0
2023-11-17 09:00:00+09:00,473.0,478.0,473.0,477.0,3700,0.0,0.0
2023-11-17 10:00:00+09:00,477.0,478.0,477.0,478.0,1200,0.0,0.0
2023-11-17 11:00:00+09:00,477.0,477.0,477.0,477.0,0,0.0,0.0
2023-11-17 12:00:00+09:00,478.0,479.0,478.0,479.0,8200,0.0,0.0
2023-11-17 13:00:00+09:00,479.0,479.0,479.0,479.0,300,0.0,0.0
2023-11-17 14:00:00+09:00,477.0,484.0,477.0,482.0,2900,0.0,0.0
2023-11-20 09:00:00+09:00,482.0,482.0,475.0,477.0,9900,0.0,0.0
2023-11-20 10:00:00+09:00,480.0,480.0,479.0,479.0,300,0.0,0.0
2023-11-20 11:00:00+09:00,480.0,483.0,480.0,480.0,0,0.0,0.0
2023-11-20 12:00:00+09:00,480.0,480.0,480.0,480.0,14500,0.0,0.0
2023-11-20 13:00:00+09:00,480.0,480.0,480.0,480.0,1000,0.0,0.0
2023-11-20 14:00:00+09:00,483.0,483.0,483.0,483.0,100,0.0,0.0
2023-11-21 09:00:00+09:00,482.0,482.0,479.0,479.0,4800,0.0,0.0
2023-11-21 10:00:00+09:00,481.0,481.0,478.0,478.0,300,0.0,0.0
2023-11-21 11:00:00+09:00,479.0,479.0,479.0,479.0,0,0.0,0.0
2023-11-21 12:00:00+09:00,479.0,482.0,479.0,481.0,7100,0.0,0.0
2023-11-21 13:00:00+09:00,482.0,482.0,481.0,481.0,200,0.0,0.0
2023-11-21 14:00:00+09:00,481.0,481.0,480.0,480.0,1200,0.0,0.0
2023-11-22 09:00:00+09:00,477.0,479.0,477.0,479.0,3700,0.0,0.0
2023-11-22 10:00:00+09:00,479.0,480.0,477.0,478.0,1300,0.0,0.0
2023-11-22 11:00:00+09:00,477.0,477.0,476.0,476.0,0,0.0,0.0
2023-11-22 12:00:00+09:00,476.0,478.0,475.0,475.0,7400,0.0,0.0
2023-11-22 13:00:00+09:00,476.0,476.0,476.0,476.0,200,0.0,0.0
2023-11-22 14:00:00+09:00,478.0,478.0,476.0,476.0,500,0.0,0.0
2023-11-24 09:00:00+09:00,480.0,480.0,476.0,478.0,4300,0.0,0.0
2023-11-24 10:00:00+09:00,477.0,478.0,477.0,477.0,400,0.0,0.0
2023-11-24 11:00:00+09:00,479.0,480.0,479.0,480.0,0,0.0,0.0
2023-11-24 12:00:00+09:00,477.0,483.0,477.0,483.0,7000,0.0,0.0
2023-11-24 13:00:00+09:00,483.0,485.0,480.0,480.0,4600,0.0,0.0
2023-11-24 14:00:00+09:00,481.0,485.0,480.0,485.0,2900,0.0,0.0
2023-11-27 09:00:00+09:00,490.0,490.0,486.0,487.0,0,0.0,0.0
2023-11-27 10:00:00+09:00,487.0,489.0,487.0,489.0,13000,0.0,0.0
2023-11-27 11:00:00+09:00,488.0,491.0,488.0,491.0,0,0.0,0.0
2023-11-27 12:00:00+09:00,491.0,491.0,489.0,490.0,15600,0.0,0.0
2023-11-27 13:00:00+09:00,490.0,490.0,487.0,487.0,2200,0.0,0.0
2023-11-27 14:00:00+09:00,488.0,488.0,487.0,487.0,1600,0.0,0.0
2023-11-28 09:00:00+09:00,487.0,488.0,483.0,483.0,7300,0.0,0.0
2023-11-28 10:00:00+09:00,483.0,485.0,483.0,485.0,700,0.0,0.0
2023-11-28 11:00:00+09:00,485.0,486.0,485.0,485.0,0,0.0,0.0
2023-11-28 12:00:00+09:00,486.0,487.0,484.0,487.0,15300,0.0,0.0
2023-11-28 13:00:00+09:00,488.0,489.0,488.0,488.0,1000,0.0,0.0
2023-11-28 14:00:00+09:00,486.0,486.0,485.0,485.0,800,0.0,0.0
2023-11-29 09:00:00+09:00,485.0,487.0,485.0,487.0,3800,0.0,0.0
2023-11-29 10:00:00+09:00,487.0,488.0,487.0,488.0,1300,0.0,0.0
2023-11-29 11:00:00+09:00,488.0,488.0,483.0,483.0,0,0.0,0.0
2023-11-29 12:00:00+09:00,486.0,486.0,486.0,486.0,10600,0.0,0.0
2023-11-29 13:00:00+09:00,487.0,487.0,487.0,487.0,200,0.0,0.0
2023-11-29 14:00:00+09:00,488.0,488.0,485.0,485.0,2500,0.0,0.0
2023-11-30 09:00:00+09:00,487.0,487.0,485.0,487.0,2200,0.0,0.0
2023-11-30 10:00:00+09:00,486.0,486.0,485.0,485.0,200,0.0,0.0
2023-11-30 11:00:00+09:00,487.0,487.0,487.0,487.0,0,0.0,0.0
2023-11-30 12:00:00+09:00,488.0,489.0,485.0,489.0,7700,0.0,0.0
2023-11-30 13:00:00+09:00,485.0,485.0,485.0,485.0,1700,0.0,0.0
2023-11-30 14:00:00+09:00,485.0,486.0,484.0,486.0,0,0.0,0.0
2023-12-01 09:00:00+09:00,487.0,487.0,483.0,483.0,2900,0.0,0.0
2023-12-01 10:00:00+09:00,483.0,485.0,481.0,481.0,3600,0.0,0.0
2023-12-01 11:00:00+09:00,482.0,482.0,481.0,481.0,0,0.0,0.0
2023-12-01 12:00:00+09:00,482.0,482.0,482.0,482.0,7200,0.0,0.0
2023-12-01 13:00:00+09:00,483.0,483.0,481.0,481.0,1500,0.0,0.0
2023-12-01 14:00:00+09:00,481.0,481.0,476.0,477.0,9500,0.0,0.0
2023-12-04 09:00:00+09:00,482.0,482.0,477.0,477.0,5800,0.0,0.0
2023-12-04 11:00:00+09:00,478.0,479.0,478.0,479.0,0,0.0,0.0
2023-12-04 12:00:00+09:00,479.0,479.0,476.0,478.0,8300,0.0,0.0
2023-12-04 13:00:00+09:00,477.0,477.0,477.0,477.0,100,0.0,0.0
2023-12-04 14:00:00+09:00,477.0,478.0,477.0,478.0,800,0.0,0.0
2023-12-05 09:00:00+09:00,479.0,479.0,476.0,476.0,2500,0.0,0.0
2023-12-05 10:00:00+09:00,477.0,477.0,475.0,475.0,2500,0.0,0.0
2023-12-05 11:00:00+09:00,475.0,475.0,475.0,475.0,0,0.0,0.0
2023-12-05 12:00:00+09:00,475.0,476.0,475.0,475.0,9600,0.0,0.0
2023-12-05 13:00:00+09:00,476.0,477.0,476.0,477.0,300,0.0,0.0
2023-12-05 14:00:00+09:00,475.0,476.0,474.0,476.0,900,0.0,0.0
2023-12-06 09:00:00+09:00,474.0,474.0,464.0,464.0,19100,0.0,0.0
2023-12-06 10:00:00+09:00,464.0,470.0,464.0,470.0,5700,0.0,0.0
2023-12-06 11:00:00+09:00,471.0,472.0,469.0,470.0,0,0.0,0.0
2023-12-06 12:00:00+09:00,469.0,470.0,469.0,470.0,29500,0.0,0.0
2023-12-06 13:00:00+09:00,468.0,470.0,466.0,467.0,2300,0.0,0.0
2023-12-06 14:00:00+09:00,467.0,470.0,465.0,467.0,2200,0.0,0.0
2023-12-07 09:00:00+09:00,499.0,538.0,499.0,502.0,350300,0.0,0.0
2023-12-07 10:00:00+09:00,502.0,504.0,499.0,502.0,31900,0.0,0.0
2023-12-07 11:00:00+09:00,502.0,506.0,500.0,505.0,0,0.0,0.0
2023-12-07 12:00:00+09:00,505.0,509.0,501.0,506.0,430200,0.0,0.0
2023-12-07 13:00:00+09:00,505.0,507.0,501.0,504.0,16800,0.0,0.0
2023-12-07 14:00:00+09:00,503.0,504.0,493.0,502.0,44900,0.0,0.0
2023-12-08 09:00:00+09:00,498.0,504.0,497.0,498.0,37000,0.0,0.0
2023-12-08 10:00:00+09:00,498.0,499.0,496.0,497.0,0,0.0,0.0
2023-12-08 11:00:00+09:00,498.0,498.0,495.0,495.0,0,0.0,0.0
2023-12-08 12:00:00+09:00,495.0,495.0,494.0,494.0,58200,0.0,0.0
2023-12-08 13:00:00+09:00,494.0,495.0,492.0,494.0,5000,0.0,0.0
2023-12-08 14:00:00+09:00,495.0,498.0,494.0,495.0,9400,0.0,0.0
2023-12-11 09:00:00+09:00,495.0,501.0,495.0,501.0,10500,0.0,0.0
2023-12-11 10:00:00+09:00,501.0,503.0,500.0,500.0,4300,0.0,0.0
2023-12-11 11:00:00+09:00,500.0,502.0,494.0,502.0,0,0.0,0.0
2023-12-11 12:00:00+09:00,502.0,502.0,501.0,502.0,20900,0.0,0.0
2023-12-11 13:00:00+09:00,500.0,502.0,499.0,502.0,2900,0.0,0.0
2023-12-11 14:00:00+09:00,502.0,502.0,495.0,495.0,4000,0.0,0.0
2023-12-12 09:00:00+09:00,495.0,500.0,495.0,500.0,7800,0.0,0.0
2023-12-12 10:00:00+09:00,498.0,499.0,498.0,499.0,1000,0.0,0.0
2023-12-12 11:00:00+09:00,499.0,499.0,499.0,499.0,0,0.0,0.0
2023-12-12 12:00:00+09:00,497.0,497.0,497.0,497.0,10100,0.0,0.0
2023-12-12 13:00:00+09:00,497.0,497.0,496.0,496.0,500,0.0,0.0
2023-12-12 14:00:00+09:00,496.0,496.0,496.0,496.0,1600,0.0,0.0
2023-12-13 09:00:00+09:00,495.0,497.0,495.0,496.0,3600,0.0,0.0
2023-12-13 10:00:00+09:00,496.0,500.0,496.0,499.0,6100,0.0,0.0
2023-12-13 11:00:00+09:00,497.0,497.0,497.0,497.0,0,0.0,0.0
2023-12-13 12:00:00+09:00,497.0,498.0,495.0,495.0,19700,0.0,0.0
2023-12-13 13:00:00+09:00,494.0,495.0,494.0,495.0,1600,0.0,0.0
2023-12-13 14:00:00+09:00,494.0,495.0,494.0,494.0,2300,0.0,0.0
2023-12-14 09:00:00+09:00,496.0,496.0,493.0,494.0,3200,0.0,0.0
2023-12-14 10:00:00+09:00,494.0,494.0,493.0,493.0,900,0.0,0.0
2023-12-14 11:00:00+09:00,494.0,494.0,494.0,494.0,0,0.0,0.0
2023-12-14 12:00:00+09:00,494.0,494.0,493.0,493.0,7700,0.0,0.0
2023-12-14 13:00:00+09:00,492.0,494.0,492.0,492.0,0,0.0,0.0
2023-12-14 14:00:00+09:00,493.0,493.0,492.0,492.0,9700,0.0,0.0
2023-12-15 09:00:00+09:00,494.0,495.0,492.0,492.0,4200,0.0,0.0
2023-12-15 10:00:00+09:00,493.0,493.0,492.0,492.0,200,0.0,0.0
2023-12-15 11:00:00+09:00,492.0,492.0,492.0,492.0,0,0.0,0.0
2023-12-15 12:00:00+09:00,492.0,492.0,492.0,492.0,4700,0.0,0.0
2023-12-15 13:00:00+09:00,493.0,493.0,493.0,493.0,1700,0.0,0.0
2023-12-15 14:00:00+09:00,492.0,495.0,492.0,495.0,3700,0.0,0.0
2023-12-18 09:00:00+09:00,490.0,494.0,490.0,494.0,5800,0.0,0.0
2023-12-18 10:00:00+09:00,493.0,497.0,493.0,497.0,5900,0.0,0.0
2023-12-18 11:00:00+09:00,497.0,497.0,497.0,497.0,0,0.0,0.0
2023-12-18 12:00:00+09:00,497.0,497.0,482.0,487.0,46200,0.0,0.0
2023-12-18 13:00:00+09:00,488.0,490.0,488.0,490.0,700,0.0,0.0
2023-12-18 14:00:00+09:00,491.0,495.0,491.0,495.0,3100,0.0,0.0
2023-12-19 09:00:00+09:00,495.0,495.0,492.0,492.0,0,0.0,0.0
2023-12-19 10:00:00+09:00,495.0,495.0,492.0,494.0,7400,0.0,0.0
2023-12-19 11:00:00+09:00,495.0,495.0,495.0,495.0,0,0.0,0.0
2023-12-19 12:00:00+09:00,491.0,493.0,491.0,493.0,11700,0.0,0.0
2023-12-19 13:00:00+09:00,493.0,493.0,493.0,493.0,100,0.0,0.0
2023-12-19 14:00:00+09:00,493.0,495.0,493.0,494.0,1300,0.0,0.0
2023-12-20 09:00:00+09:00,496.0,496.0,492.0,493.0,1900,0.0,0.0
2023-12-20 10:00:00+09:00,493.0,493.0,493.0,493.0,100,0.0,0.0
2023-12-20 11:00:00+09:00,494.0,494.0,492.0,492.0,0,0.0,0.0
2023-12-20 12:00:00+09:00,493.0,493.0,493.0,493.0,4000,0.0,0.0
2023-12-20 13:00:00+09:00,495.0,496.0,495.0,496.0,1300,0.0,0.0
2023-12-20 14:00:00+09:00,495.0,496.0,495.0,496.0,800,0.0,0.0
2023-12-21 09:00:00+09:00,496.0,497.0,495.0,496.0,4200,0.0,0.0
2023-12-21 10:00:00+09:00,496.0,496.0,494.0,496.0,1500,0.0,0.0
2023-12-21 11:00:00+09:00,495.0,495.0,495.0,495.0,0,0.0,0.0
2023-12-21 12:00:00+09:00,495.0,496.0,494.0,494.0,11200,0.0,0.0
2023-12-21 13:00:00+09:00,493.0,494.0,493.0,493.0,1100,0.0,0.0
2023-12-21 14:00:00+09:00,493.0,495.0,493.0,494.0,2800,0.0,0.0
2023-12-22 09:00:00+09:00,496.0,496.0,492.0,494.0,7400,0.0,0.0
2023-12-22 11:00:00+09:00,493.0,493.0,492.0,492.0,0,0.0,0.0
2023-12-22 12:00:00+09:00,492.0,493.0,492.0,492.0,9700,0.0,0.0
2023-12-22 13:00:00+09:00,492.0,492.0,490.0,492.0,4300,0.0,0.0
2023-12-22 14:00:00+09:00,492.0,493.0,489.0,493.0,2000,0.0,0.0
2023-12-25 09:00:00+09:00,495.0,495.0,480.0,482.0,22800,0.0,0.0
2023-12-25 10:00:00+09:00,483.0,483.0,478.0,482.0,4800,0.0,0.0
2023-12-25 11:00:00+09:00,482.0,482.0,482.0,482.0,0,0.0,0.0
2023-12-25 12:00:00+09:00,480.0,481.0,480.0,480.0,39900,0.0,0.0
2023-12-25 13:00:00+09:00,480.0,482.0,480.0,480.0,2100,0.0,0.0
2023-12-25 14:00:00+09:00,479.0,480.0,476.0,477.0,2700,0.0,0.0
2023-12-26 09:00:00+09:00,475.0,479.0,474.0,475.0,9100,0.0,0.0
2023-12-26 10:00:00+09:00,475.0,475.0,474.0,474.0,3000,0.0,0.0
2023-12-26 11:00:00+09:00,474.0,474.0,474.0,474.0,0,0.0,0.0
2023-12-26 12:00:00+09:00,474.0,474.0,472.0,473.0,17800,0.0,0.0
2023-12-26 13:00:00+09:00,475.0,475.0,471.0,471.0,3100,0.0,0.0
2023-12-26 14:00:00+09:00,472.0,472.0,466.0,467.0,8400,0.0,0.0
2023-12-27 09:00:00+09:00,467.0,472.0,467.0,470.0,0,0.0,0.0
2023-12-27 10:00:00+09:00,468.0,469.0,467.0,468.0,18900,0.0,0.0
2023-12-27 11:00:00+09:00,468.0,469.0,468.0,469.0,0,0.0,0.0
2023-12-27 12:00:00+09:00,468.0,468.0,468.0,468.0,22900,0.0,0.0
2023-12-27 13:00:00+09:00,468.0,468.0,466.0,467.0,6100,0.0,0.0
2023-12-27 14:00:00+09:00,467.0,468.0,465.0,468.0,5300,0.0,0.0
2023-12-28 09:00:00+09:00,470.0,472.0,469.0,472.0,0,0.0,0.0
2023-12-28 10:00:00+09:00,471.0,471.0,471.0,471.0,3700,0.0,0.0
2023-12-28 11:00:00+09:00,471.0,471.0,471.0,471.0,0,0.0,0.0
2023-12-28 12:00:00+09:00,472.0,474.0,471.0,474.0,5500,0.0,0.0
2023-12-28 13:00:00+09:00,473.0,477.0,472.0,477.0,2500,0.0,0.0
2023-12-28 14:00:00+09:00,474.0,477.0,473.0,473.0,1000,0.0,0.0
2023-12-29 09:00:00+09:00,474.0,475.0,474.0,475.0,2500,0.0,0.0
2023-12-29 10:00:00+09:00,477.0,478.0,474.0,478.0,1100,0.0,0.0
2023-12-29 11:00:00+09:00,478.0,478.0,478.0,478.0,0,0.0,0.0
2023-12-29 12:00:00+09:00,479.0,479.0,477.0,479.0,4100,0.0,0.0
2023-12-29 13:00:00+09:00,479.0,480.0,477.0,477.0,2000,0.0,0.0
2023-12-29 14:00:00+09:00,480.0,480.0,475.0,475.0,1300,0.0,0.0
2024-01-04 09:00:00+09:00,475.0,480.0,475.0,480.0,8700,0.0,0.0
2024-01-04 10:00:00+09:00,480.0,482.0,480.0,482.0,1100,0.0,0.0
2024-01-04 11:00:00+09:00,483.0,483.0,480.0,480.0,0,0.0,0.0
2024-01-04 12:00:00+09:00,478.0,480.0,478.0,480.0,14000,0.0,0.0
2024-01-04 13:00:00+09:00,480.0,480.0,479.0,479.0,2700,0.0,0.0
2024-01-04 14:00:00+09:00,479.0,481.0,478.0,478.0,2600,0.0,0.0
2024-01-05 09:00:00+09:00,483.0,489.0,483.0,489.0,2500,0.0,0.0
2024-01-05 10:00:00+09:00,489.0,489.0,484.0,484.0,1200,0.0,0.0
2024-01-05 11:00:00+09:00,484.0,484.0,484.0,484.0,0,0.0,0.0
2024-01-05 12:00:00+09:00,483.0,486.0,483.0,486.0,6800,0.0,0.0
2024-01-05 13:00:00+09:00,487.0,487.0,484.0,484.0,2400,0.0,0.0
2024-01-05 14:00:00+09:00,485.0,487.0,485.0,487.0,900,0.0,0.0
2024-01-09 09:00:00+09:00,484.0,498.0,484.0,497.0,21800,0.0,0.0
2024-01-09 10:00:00+09:00,496.0,515.0,496.0,504.0,15600,0.0,0.0
2024-01-09 11:00:00+09:00,509.0,509.0,509.0,509.0,0,0.0,0.0
2024-01-09 12:00:00+09:00,510.0,512.0,510.0,510.0,41800,0.0,0.0
2024-01-09 13:00:00+09:00,506.0,510.0,503.0,509.0,4700,0.0,0.0
2024-01-09 14:00:00+09:00,508.0,509.0,505.0,509.0,6100,0.0,0.0
2024-01-10 09:00:00+09:00,504.0,509.0,504.0,508.0,3100,0.0,0.0
2024-01-10 10:00:00+09:00,508.0,512.0,506.0,512.0,2700,0.0,0.0
2024-01-10 11:00:00+09:00,510.0,510.0,510.0,510.0,0,0.0,0.0
2024-01-10 12:00:00+09:00,507.0,509.0,507.0,509.0,6200,0.0,0.0
2024-01-10 14:00:00+09:00,507.0,508.0,506.0,508.0,2200,0.0,0.0
2024-01-11 09:00:00+09:00,502.0,515.0,502.0,515.0,5700,0.0,0.0
2024-01-11 10:00:00+09:00,509.0,509.0,508.0,508.0,300,0.0,0.0
2024-01-11 11:00:00+09:00,508.0,508.0,508.0,508.0,0,0.0,0.0
2024-01-11 12:00:00+09:00,508.0,508.0,505.0,505.0,8100,0.0,0.0
2024-01-11 13:00:00+09:00,505.0,509.0,505.0,506.0,700,0.0,0.0
2024-01-11 14:00:00+09:00,507.0,508.0,505.0,505.0,2700,0.0,0.0
2024-01-12 09:00:00+09:00,508.0,511.0,504.0,504.0,0,0.0,0.0
2024-01-12 10:00:00+09:00,505.0,505.0,504.0,504.0,900,0.0,0.0
2024-01-12 11:00:00+09:00,504.0,504.0,504.0,504.0,0,0.0,0.0
2024-01-12 12:00:00+09:00,504.0,504.0,504.0,504.0,5600,0.0,0.0
2024-01-12 13:00:00+09:00,505.0,505.0,505.0,505.0,200,0.0,0.0
2024-01-12 14:00:00+09:00,505.0,506.0,503.0,503.0,1100,0.0,0.0
2024-01-15 09:00:00+09:00,507.0,507.0,504.0,504.0,1600,0.0,0.0
2024-01-15 10:00:00+09:00,504.0,504.0,504.0,504.0,1100,0.0,0.0
2024-01-15 11:00:00+09:00,504.0,504.0,504.0,504.0,0,0.0,0.0
2024-01-15 12:00:00+09:00,504.0,505.0,500.0,500.0,9900,0.0,0.0
2024-01-15 13:00:00+09:00,501.0,503.0,501.0,502.0,400,0.0,0.0
2024-01-15 14:00:00+09:00,502.0,502.0,500.0,500.0,1900,0.0,0.0
2024-01-16 09:00:00+09:00,503.0,505.0,503.0,505.0,1400,0.0,0.0
2024-01-16 10:00:00+09:00,503.0,505.0,503.0,505.0,800,0.0,0.0
2024-01-16 11:00:00+09:00,505.0,505.0,505.0,505.0,0,0.0,0.0
2024-01-16 12:00:00+09:00,502.0,505.0,502.0,502.0,3400,0.0,0.0
2024-01-16 13:00:00+09:00,503.0,503.0,500.0,503.0,2600,0.0,0.0
2024-01-16 14:00:00+09:00,503.0,503.0,502.0,502.0,600,0.0,0.0
2024-01-17 09:00:00+09:00,502.0,504.0,502.0,504.0,1800,0.0,0.0
2024-01-17 10:00:00+09:00,504.0,506.0,502.0,502.0,4400,0.0,0.0
2024-01-17 11:00:00+09:00,502.0,502.0,502.0,502.0,0,0.0,0.0
2024-01-17 12:00:00+09:00,502.0,502.0,500.0,500.0,14700,0.0,0.0
2024-01-17 13:00:00+09:00,500.0,500.0,497.0,497.0,2000,0.0,0.0
2024-01-17 14:00:00+09:00,499.0,499.0,492.0,492.0,4200,0.0,0.0
2024-01-18 09:00:00+09:00,495.0,501.0,495.0,498.0,4500,0.0,0.0
2024-01-18 10:00:00+09:00,498.0,498.0,498.0,498.0,200,0.0,0.0
2024-01-18 11:00:00+09:00,498.0,498.0,498.0,498.0,0,0.0,0.0
2024-01-18 12:00:00+09:00,498.0,500.0,498.0,500.0,5400,0.0,0.0
2024-01-18 13:00:00+09:00,502.0,502.0,502.0,502.0,700,0.0,0.0
2024-01-18 14:00:00+09:00,502.0,502.0,502.0,502.0,400,0.0,0.0
2024-01-19 09:00:00+09:00,502.0,502.0,502.0,502.0,1000,0.0,0.0
2024-01-19 10:00:00+09:00,502.0,503.0,502.0,503.0,600,0.0,0.0
2024-01-19 11:00:00+09:00,503.0,503.0,497.0,497.0,0,0.0,0.0
2024-01-19 12:00:00+09:00,498.0,499.0,498.0,499.0,7900,0.0,0.0
2024-01-19 13:00:00+09:00,500.0,501.0,500.0,501.0,1600,0.0,0.0
2024-01-19 14:00:00+09:00,499.0,499.0,499.0,499.0,300,0.0,0.0
2024-01-22 09:00:00+09:00,500.0,508.0,500.0,507.0,3400,0.0,0.0
2024-01-22 10:00:00+09:00,502.0,502.0,502.0,502.0,200,0.0,0.0
2024-01-22 11:00:00+09:00,502.0,502.0,502.0,502.0,0,0.0,0.0
2024-01-22 12:00:00+09:00,501.0,503.0,501.0,503.0,3800,0.0,0.0
2024-01-22 13:00:00+09:00,504.0,507.0,502.0,504.0,800,0.0,0.0
2024-01-22 14:00:00+09:00,504.0,504.0,499.0,499.0,3700,0.0,0.0
2024-01-23 09:00:00+09:00,500.0,506.0,500.0,504.0,1800,0.0,0.0
2024-01-23 10:00:00+09:00,502.0,503.0,501.0,503.0,600,0.0,0.0
2024-01-23 11:00:00+09:00,505.0,505.0,505.0,505.0,0,0.0,0.0
2024-01-23 12:00:00+09:00,506.0,508.0,505.0,505.0,4800,0.0,0.0
2024-01-23 13:00:00+09:00,505.0,505.0,499.0,504.0,5300,0.0,0.0
2024-01-23 14:00:00+09:00,502.0,502.0,498.0,498.0,1700,0.0,0.0
2024-01-24 09:00:00+09:00,498.0,498.0,496.0,496.0,3200,0.0,0.0
2024-01-24 10:00:00+09:00,499.0,499.0,499.0,499.0,1000,0.0,0.0
2024-01-24 11:00:00+09:00,499.0,500.0,499.0,500.0,0,0.0,0.0
2024-01-24 12:00:00+09:00,500.0,501.0,500.0,501.0,0,0.0,0.0
2024-01-24 13:00:00+09:00,501.0,501.0,501.0,501.0,5300,0.0,0.0
2024-01-24 14:00:00+09:00,501.0,502.0,501.0,501.0,700,0.0,0.0
2024-01-25 09:00:00+09:00,506.0,511.0,506.0,511.0,11800,0.0,0.0
2024-01-25 10:00:00+09:00,511.0,512.0,510.0,510.0,2900,0.0,0.0
2024-01-25 11:00:00+09:00,511.0,511.0,508.0,508.0,0,0.0,0.0
2024-01-25 12:00:00+09:00,508.0,508.0,508.0,508.0,16200,0.0,0.0
2024-01-25 13:00:00+09:00,508.0,509.0,505.0,509.0,2000,0.0,0.0
2024-01-25 14:00:00+09:00,507.0,507.0,504.0,505.0,1800,0.0,0.0
2024-01-26 09:00:00+09:00,506.0,509.0,504.0,504.0,4400,0.0,0.0
2024-01-26 10:00:00+09:00,508.0,514.0,508.0,511.0,2100,0.0,0.0
2024-01-26 11:00:00+09:00,511.0,511.0,511.0,511.0,0,0.0,0.0
2024-01-26 12:00:00+09:00,511.0,511.0,511.0,511.0,6600,0.0,0.0
2024-01-26 13:00:00+09:00,511.0,511.0,507.0,507.0,900,0.0,0.0
2024-01-29 09:00:00+09:00,515.0,515.0,515.0,515.0,1400,0.0,0.0
2024-01-29 10:00:00+09:00,514.0,514.0,514.0,514.0,100,0.0,0.0
2024-01-29 11:00:00+09:00,515.0,516.0,515.0,516.0,0,0.0,0.0
2024-01-29 12:00:00+09:00,514.0,514.0,514.0,514.0,3200,0.0,0.0
2024-01-29 13:00:00+09:00,513.0,513.0,511.0,512.0,1400,0.0,0.0
2024-01-29 14:00:00+09:00,513.0,515.0,511.0,511.0,1100,0.0,0.0
2024-01-30 09:00:00+09:00,511.0,512.0,511.0,512.0,400,0.0,0.0
2024-01-30 11:00:00+09:00,510.0,511.0,510.0,511.0,0,0.0,0.0
2024-01-30 12:00:00+09:00,511.0,511.0,511.0,511.0,1100,0.0,0.0
2024-01-30 13:00:00+09:00,509.0,510.0,509.0,510.0,1100,0.0,0.0
2024-01-30 14:00:00+09:00,509.0,509.0,508.0,509.0,1200,0.0,0.0
2024-01-31 09:00:00+09:00,509.0,509.0,507.0,507.0,500,0.0,0.0
2024-01-31 10:00:00+09:00,507.0,507.0,507.0,507.0,0,0.0,0.0
2024-01-31 11:00:00+09:00,508.0,508.0,508.0,508.0,0,0.0,0.0
2024-01-31 12:00:00+09:00,510.0,510.0,510.0,510.0,1000,0.0,0.0
2024-01-31 13:00:00+09:00,510.0,510.0,507.0,509.0,2500,0.0,0.0
2024-01-31 14:00:00+09:00,509.0,509.0,509.0,509.0,100,0.0,0.0
2024-02-01 09:00:00+09:00,506.0,506.0,506.0,506.0,0,0.0,0.0
2024-02-01 10:00:00+09:00,507.0,507.0,500.0,500.0,6400,0.0,0.0
2024-02-01 11:00:00+09:00,503.0,503.0,503.0,503.0,0,0.0,0.0
2024-02-01 12:00:00+09:00,504.0,504.0,504.0,504.0,7200,0.0,0.0
2024-02-01 13:00:00+09:00,504.0,504.0,504.0,504.0,800,0.0,0.0
2024-02-01 14:00:00+09:00,504.0,504.0,503.0,503.0,1100,0.0,0.0
2024-02-02 09:00:00+09:00,504.0,504.0,504.0,504.0,200,0.0,0.0
2024-02-02 10:00:00+09:00,504.0,504.0,504.0,504.0,100,0.0,0.0
2024-02-02 11:00:00+09:00,504.0,504.0,504.0,504.0,0,0.0,0.0
2024-02-02 12:00:00+09:00,506.0,507.0,506.0,507.0,900,0.0,0.0
2024-02-02 13:00:00+09:00,508.0,508.0,506.0,506.0,800,0.0,0.0
2024-02-02 14:00:00+09:00,507.0,507.0,507.0,507.0,100,0.0,0.0
2024-02-05 09:00:00+09:00,507.0,507.0,507.0,507.0,3200,0.0,0.0
2024-02-05 10:00:00+09:00,507.0,507.0,507.0,507.0,100,0.0,0.0
2024-02-05 11:00:00+09:00,509.0,510.0,509.0,510.0,0,0.0,0.0
2024-02-05 12:00:00+09:00,507.0,507.0,507.0,507.0,5800,0.0,0.0
2024-02-05 13:00:00+09:00,508.0,508.0,507.0,507.0,300,0.0,0.0
2024-02-05 14:00:00+09:00,508.0,518.0,508.0,518.0,8300,0.0,0.0
2024-02-06 09:00:00+09:00,517.0,517.0,511.0,513.0,600,0.0,0.0
2024-02-06 10:00:00+09:00,514.0,514.0,514.0,514.0,1600,0.0,0.0
2024-02-06 11:00:00+09:00,514.0,514.0,513.0,513.0,0,0.0,0.0
2024-02-06 12:00:00+09:00,512.0,514.0,512.0,514.0,3500,0.0,0.0
2024-02-06 13:00:00+09:00,514.0,514.0,514.0,514.0,400,0.0,0.0
2024-02-06 14:00:00+09:00,514.0,516.0,514.0,516.0,1500,0.0,0.0
2024-02-07 09:00:00+09:00,515.0,515.0,515.0,515.0,100,0.0,0.0
2024-02-07 10:00:00+09:00,516.0,517.0,516.0,516.0,400,0.0,0.0
2024-02-07 11:00:00+09:00,515.0,515.0,515.0,515.0,0,0.0,0.0
2024-02-07 12:00:00+09:00,515.0,515.0,515.0,515.0,800,0.0,0.0
2024-02-07 13:00:00+09:00,515.0,515.0,515.0,515.0,400,0.0,0.0
2024-02-07 14:00:00+09:00,515.0,515.0,515.0,515.0,700,0.0,0.0
2024-02-08 09:00:00+09:00,515.0,515.0,511.0,511.0,500,0.0,0.0
2024-02-08 11:00:00+09:00,511.0,511.0,511.0,511.0,0,0.0,0.0
2024-02-08 12:00:00+09:00,514.0,514.0,514.0,514.0,800,0.0,0.0
2024-02-08 13:00:00+09:00,514.0,514.0,514.0,514.0,300,0.0,0.0
2024-02-08 14:00:00+09:00,514.0,514.0,514.0,514.0,400,0.0,0.0
2024-02-09 09:00:00+09:00,508.0,508.0,507.0,507.0,1700,0.0,0.0
2024-02-09 10:00:00+09:00,507.0,508.0,507.0,507.0,300,0.0,0.0
2024-02-09 11:00:00+09:00,507.0,507.0,507.0,507.0,0,0.0,0.0
2024-02-09 12:00:00+09:00,502.0,509.0,502.0,507.0,6000,0.0,0.0
2024-02-09 13:00:00+09:00,507.0,507.0,507.0,507.0,400,0.0,0.0
2024-02-09 14:00:00+09:00,508.0,508.0,504.0,507.0,2900,0.0,0.0
2024-02-13 09:00:00+09:00,506.0,509.0,504.0,504.0,4500,0.0,0.0
2024-02-13 10:00:00+09:00,507.0,510.0,507.0,508.0,1800,0.0,0.0
2024-02-13 11:00:00+09:00,509.0,510.0,509.0,510.0,0,0.0,0.0
2024-02-13 12:00:00+09:00,510.0,511.0,507.0,511.0,7600,0.0,0.0
2024-02-13 13:00:00+09:00,511.0,511.0,506.0,506.0,1900,0.0,0.0
2024-02-13 14:00:00+09:00,506.0,507.0,506.0,507.0,400,0.0,0.0
2024-02-14 09:00:00+09:00,506.0,506.0,500.0,501.0,2300,0.0,0.0
2024-02-14 10:00:00+09:00,501.0,501.0,501.0,501.0,1000,0.0,0.0
2024-02-14 11:00:00+09:00,501.0,501.0,501.0,501.0,0,0.0,0.0
2024-02-14 12:00:00+09:00,503.0,503.0,503.0,503.0,3400,0.0,0.0
2024-02-14 14:00:00+09:00,504.0,504.0,504.0,504.0,100,0.0,0.0
2024-02-15 09:00:00+09:00,504.0,504.0,503.0,503.0,500,0.0,0.0
2024-02-15 10:00:00+09:00,503.0,503.0,502.0,502.0,500,0.0,0.0
2024-02-15 11:00:00+09:00,502.0,502.0,502.0,502.0,0,0.0,0.0
2024-02-15 12:00:00+09:00,502.0,502.0,502.0,502.0,1100,0.0,0.0
2024-02-15 13:00:00+09:00,502.0,502.0,500.0,500.0,5000,0.0,0.0
2024-02-15 14:00:00+09:00,500.0,500.0,500.0,500.0,200,0.0,0.0
2024-02-16 09:00:00+09:00,500.0,505.0,500.0,505.0,2000,0.0,0.0
2024-02-16 10:00:00+09:00,505.0,510.0,505.0,510.0,4400,0.0,0.0
2024-02-16 11:00:00+09:00,509.0,513.0,509.0,513.0,0,0.0,0.0
2024-02-16 12:00:00+09:00,505.0,507.0,505.0,506.0,8900,0.0,0.0
2024-02-16 14:00:00+09:00,506.0,510.0,503.0,509.0,1900,0.0,0.0
2024-02-19 09:00:00+09:00,505.0,510.0,505.0,510.0,4300,0.0,0.0
2024-02-19 10:00:00+09:00,509.0,511.0,509.0,511.0,1200,0.0,0.0
2024-02-19 11:00:00+09:00,511.0,511.0,511.0,511.0,0,0.0,0.0
2024-02-19 12:00:00+09:00,506.0,506.0,506.0,506.0,6900,0.0,0.0
2024-02-19 13:00:00+09:00,509.0,509.0,509.0,509.0,100,0.0,0.0
2024-02-19 14:00:00+09:00,509.0,510.0,509.0,510.0,400,0.0,0.0
2024-02-20 09:00:00+09:00,507.0,509.0,507.0,509.0,1100,0.0,0.0
2024-02-20 11:00:00+09:00,509.0,510.0,508.0,508.0,0,0.0,0.0
2024-02-20 12:00:00+09:00,508.0,508.0,506.0,508.0,3900,0.0,0.0
2024-02-20 13:00:00+09:00,509.0,510.0,509.0,510.0,2100,0.0,0.0
2024-02-20 14:00:00+09:00,508.0,508.0,508.0,508.0,100,0.0,0.0
2024-02-21 09:00:00+09:00,508.0,508.0,508.0,508.0,1200,0.0,0.0
2024-02-21 10:00:00+09:00,510.0,512.0,510.0,512.0,1600,0.0,0.0
2024-02-21 11:00:00+09:00,510.0,510.0,510.0,510.0,0,0.0,0.0
2024-02-21 12:00:00+09:00,512.0,512.0,512.0,512.0,3100,0.0,0.0
2024-02-21 14:00:00+09:00,510.0,510.0,508.0,510.0,2000,0.0,0.0
2024-02-22 09:00:00+09:00,514.0,514.0,508.0,508.0,4400,0.0,0.0
2024-02-22 10:00:00+09:00,509.0,509.0,508.0,508.0,300,0.0,0.0
2024-02-22 11:00:00+09:00,510.0,511.0,510.0,511.0,0,0.0,0.0
2024-02-22 12:00:00+09:00,512.0,513.0,512.0,513.0,7200,0.0,0.0
2024-02-22 13:00:00+09:00,511.0,513.0,504.0,507.0,5100,0.0,0.0
2024-02-22 14:00:00+09:00,508.0,510.0,506.0,510.0,5300,0.0,0.0
2024-02-26 09:00:00+09:00,516.0,516.0,510.0,512.0,0,0.0,0.0
2024-02-26 11:00:00+09:00,512.0,512.0,512.0,512.0,0,0.0,0.0
2024-02-26 12:00:00+09:00,514.0,514.0,514.0,514.0,8600,0.0,0.0
2024-02-26 13:00:00+09:00,513.0,513.0,513.0,513.0,600,0.0,0.0
2024-02-26 14:00:00+09:00,513.0,513.0,513.0,513.0,200,0.0,0.0
2024-02-27 09:00:00+09:00,514.0,514.0,513.0,513.0,1800,0.0,0.0
2024-02-27 10:00:00+09:00,513.0,513.0,510.0,510.0,4500,0.0,0.0
2024-02-27 11:00:00+09:00,509.0,510.0,509.0,510.0,0,0.0,0.0
2024-02-27 12:00:00+09:00,508.0,508.0,508.0,508.0,6800,0.0,0.0
2024-02-27 13:00:00+09:00,508.0,508.0,507.0,507.0,1600,0.0,0.0
2024-02-27 14:00:00+09:00,507.0,509.0,506.0,509.0,1500,0.0,0.0
2024-02-28 09:00:00+09:00,511.0,511.0,509.0,509.0,1100,0.0,0.0
2024-02-28 10:00:00+09:00,509.0,509.0,507.0,509.0,900,0.0,0.0
2024-02-28 11:00:00+09:00,507.0,507.0,507.0,507.0,0,0.0,0.0
2024-02-28 12:00:00+09:00,507.0,507.0,506.0,506.0,2900,0.0,0.0
2024-02-28 13:00:00+09:00,506.0,507.0,506.0,507.0,300,0.0,0.0
2024-02-28 14:00:00+09:00,506.0,506.0,506.0,506.0,300,0.0,0.0
2024-02-29 09:00:00+09:00,508.0,510.0,505.0,509.0,2400,0.0,0.0
2024-02-29 10:00:00+09:00,509.0,511.0,509.0,511.0,500,0.0,0.0
2024-02-29 11:00:00+09:00,511.0,511.0,511.0,511.0,0,0.0,0.0
2024-02-29 13:00:00+09:00,507.0,507.0,507.0,507.0,3000,0.0,0.0
2024-02-29 14:00:00+09:00,507.0,510.0,507.0,510.0,200,0.0,0.0
2024-03-01 09:00:00+09:00,509.0,509.0,505.0,505.0,3000,0.0,0.0
2024-03-01 10:00:00+09:00,506.0,506.0,506.0,506.0,200,0.0,0.0
2024-03-01 11:00:00+09:00,506.0,506.0,506.0,506.0,0,0.0,0.0
2024-03-01 12:00:00+09:00,506.0,506.0,506.0,506.0,0,0.0,0.0
2024-03-01 13:00:00+09:00,507.0,509.0,505.0,506.0,4300,0.0,0.0
2024-03-01 14:00:00+09:00,505.0,505.0,505.0,505.0,1100,0.0,0.0
2024-03-04 09:00:00+09:00,505.0,510.0,505.0,510.0,1200,0.0,0.0
2024-03-04 10:00:00+09:00,506.0,506.0,505.0,505.0,400,0.0,0.0
2024-03-04 11:00:00+09:00,506.0,506.0,504.0,505.0,0,0.0,0.0
2024-03-04 13:00:00+09:00,507.0,507.0,507.0,507.0,2500,0.0,0.0
2024-03-05 09:00:00+09:00,503.0,503.0,501.0,501.0,2600,0.0,0.0
2024-03-05 10:00:00+09:00,500.0,500.0,499.0,500.0,1700,0.0,0.0
2024-03-05 11:00:00+09:00,500.0,500.0,499.0,499.0,0,0.0,0.0
2024-03-05 12:00:00+09:00,498.0,498.0,498.0,498.0,5400,0.0,0.0
2024-03-05 13:00:00+09:00,500.0,500.0,499.0,499.0,400,0.0,0.0
2024-03-05 14:00:00+09:00,498.0,498.0,498.0,498.0,600,0.0,0.0
2024-03-06 09:00:00+09:00,501.0,503.0,498.0,503.0,4100,0.0,0.0
2024-03-06 10:00:00+09:00,501.0,501.0,500.0,500.0,400,0.0,0.0
2024-03-06 11:00:00+09:00,500.0,500.0,500.0,500.0,0,0.0,0.0
2024-03-06 12:00:00+09:00,499.0,500.0,499.0,500.0,5100,0.0,0.0
2024-03-06 13:00:00+09:00,500.0,504.0,500.0,500.0,1400,0.0,0.0
2024-03-06 14:00:00+09:00,500.0,504.0,500.0,504.0,500,0.0,0.0
2024-03-07 09:00:00+09:00,506.0,506.0,501.0,501.0,1200,0.0,0.0
2024-03-07 10:00:00+09:00,500.0,510.0,500.0,510.0,7100,0.0,0.0
2024-03-07 11:00:00+09:00,503.0,503.0,503.0,503.0,0,0.0,0.0
2024-03-07 12:00:00+09:00,503.0,503.0,502.0,502.0,8900,0.0,0.0
2024-03-07 13:00:00+09:00,502.0,502.0,502.0,502.0,500,0.0,0.0
2024-03-07 14:00:00+09:00,503.0,503.0,501.0,501.0,1000,0.0,0.0
2024-03-08 09:00:00+09:00,503.0,503.0,503.0,503.0,100,0.0,0.0
2024-03-08 10:00:00+09:00,503.0,503.0,503.0,503.0,100,0.0,0.0
2024-03-08 11:00:00+09:00,503.0,503.0,503.0,503.0,0,0.0,0.0
2024-03-08 12:00:00+09:00,504.0,510.0,504.0,510.0,0,0.0,0.0
2024-03-08 13:00:00+09:00,505.0,506.0,505.0,506.0,4300,0.0,0.0
2024-03-08 14:00:00+09:00,505.0,505.0,505.0,505.0,0,0.0,0.0
2024-03-11 09:00:00+09:00,507.0,507.0,496.0,499.0,5900,0.0,0.0
2024-03-11 10:00:00+09:00,500.0,501.0,499.0,500.0,700,0.0,0.0
2024-03-11 11:00:00+09:00,499.0,499.0,499.0,499.0,0,0.0,0.0
2024-03-11 12:00:00+09:00,499.0,499.0,499.0,499.0,7100,0.0,0.0
2024-03-11 13:00:00+09:00,498.0,498.0,498.0,498.0,100,0.0,0.0
2024-03-11 14:00:00+09:00,500.0,500.0,500.0,500.0,500,0.0,0.0
2024-03-12 09:00:00+09:00,500.0,500.0,500.0,500.0,700,0.0,0.0
2024-03-12 10:00:00+09:00,500.0,500.0,500.0,500.0,800,0.0,0.0
2024-03-12 11:00:00+09:00,500.0,500.0,500.0,500.0,0,0.0,0.0
2024-03-12 12:00:00+09:00,507.0,511.0,507.0,509.0,5500,0.0,0.0
2024-03-12 13:00:00+09:00,508.0,512.0,508.0,512.0,600,0.0,0.0
2024-03-12 14:00:00+09:00,508.0,508.0,508.0,508.0,100,0.0,0.0
2024-03-13 10:00:00+09:00,505.0,509.0,504.0,509.0,800,0.0,0.0
2024-03-13 11:00:00+09:00,509.0,509.0,509.0,509.0,0,0.0,0.0
2024-03-13 12:00:00+09:00,504.0,504.0,504.0,504.0,1000,0.0,0.0
2024-03-13 13:00:00+09:00,507.0,510.0,505.0,505.0,2400,0.0,0.0
2024-03-13 14:00:00+09:00,507.0,507.0,507.0,507.0,100,0.0,0.0
2024-03-14 09:00:00+09:00,506.0,506.0,504.0,504.0,600,0.0,0.0
2024-03-14 10:00:00+09:00,508.0,511.0,508.0,510.0,0,0.0,0.0
2024-03-14 11:00:00+09:00,507.0,507.0,507.0,507.0,0,0.0,0.0
2024-03-14 12:00:00+09:00,511.0,511.0,511.0,511.0,1600,0.0,0.0
2024-03-14 13:00:00+09:00,511.0,514.0,511.0,514.0,2800,0.0,0.0
2024-03-14 14:00:00+09:00,508.0,513.0,508.0,513.0,300,0.0,0.0
2024-03-15 09:00:00+09:00,514.0,514.0,514.0,514.0,0,0.0,0.0
2024-03-15 11:00:00+09:00,514.0,514.0,514.0,514.0,0,0.0,0.0
2024-03-15 12:00:00+09:00,515.0,516.0,514.0,516.0,7700,0.0,0.0
2024-03-15 13:00:00+09:00,515.0,515.0,515.0,515.0,700,0.0,0.0
2024-03-15 14:00:00+09:00,513.0,513.0,512.0,512.0,200,0.0,0.0
2024-03-18 09:00:00+09:00,512.0,514.0,512.0,514.0,700,0.0,0.0
2024-03-18 10:00:00+09:00,512.0,514.0,512.0,514.0,700,0.0,0.0
2024-03-18 11:00:00+09:00,514.0,514.0,514.0,514.0,0,0.0,0.0
2024-03-18 12:00:00+09:00,513.0,513.0,513.0,513.0,1600,0.0,0.0
2024-03-18 14:00:00+09:00,511.0,511.0,511.0,511.0,400,0.0,0.0
2024-03-19 09:00:00+09:00,510.0,515.0,508.0,514.0,1800,0.0,0.0
2024-03-19 10:00:00+09:00,513.0,513.0,513.0,513.0,100,0.0,0.0
2024-03-19 11:00:00+09:00,511.0,511.0,510.0,510.0,0,0.0,0.0
2024-03-19 12:00:00+09:00,509.0,514.0,509.0,514.0,3000,0.0,0.0
2024-03-19 13:00:00+09:00,514.0,514.0,514.0,514.0,600,0.0,0.0
2024-03-19 14:00:00+09:00,514.0,514.0,513.0,513.0,300,0.0,0.0
2024-03-21 09:00:00+09:00,510.0,512.0,509.0,509.0,6400,0.0,0.0
2024-03-21 10:00:00+09:00,510.0,510.0,509.0,509.0,700,0.0,0.0
2024-03-21 11:00:00+09:00,510.0,510.0,510.0,510.0,0,0.0,0.0
2024-03-21 12:00:00+09:00,510.0,510.0,510.0,510.0,7500,0.0,0.0
2024-03-21 13:00:00+09:00,510.0,510.0,510.0,510.0,300,0.0,0.0
2024-03-21 14:00:00+09:00,509.0,510.0,509.0,510.0,300,0.0,0.0
2024-03-22 09:00:00+09:00,512.0,515.0,512.0,512.0,1100,0.0,0.0
2024-03-22 10:00:00+09:00,512.0,512.0,510.0,510.0,0,0.0,0.0
2024-03-22 11:00:00+09:00,511.0,514.0,511.0,514.0,0,0.0,0.0
2024-03-22 12:00:00+09:00,513.0,513.0,511.0,512.0,4700,0.0,0.0
2024-03-22 13:00:00+09:00,513.0,513.0,512.0,512.0,400,0.0,0.0
2024-03-22 14:00:00+09:00,512.0,513.0,512.0,512.0,1100,0.0,0.0
2024-03-25 09:00:00+09:00,519.0,519.0,509.0,509.0,2000,0.0,0.0
2024-03-25 10:00:00+09:00,510.0,512.0,510.0,512.0,700,0.0,0.0
2024-03-25 11:00:00+09:00,512.0,512.0,512.0,512.0,0,0.0,0.0
2024-03-25 12:00:00+09:00,518.0,518.0,511.0,512.0,12000,0.0,0.0
2024-03-25 14:00:00+09:00,514.0,517.0,514.0,517.0,800,0.0,0.0
2024-03-26 09:00:00+09:00,518.0,518.0,518.0,518.0,200,0.0,0.0
2024-03-26 11:00:00+09:00,511.0,515.0,510.0,515.0,0,0.0,0.0
2024-03-26 12:00:00+09:00,510.0,510.0,510.0,510.0,3400,0.0,0.0
2024-03-26 13:00:00+09:00,514.0,515.0,512.0,512.0,900,0.0,0.0
2024-03-26 14:00:00+09:00,511.0,511.0,508.0,508.0,3700,0.0,0.0
2024-03-27 09:00:00+09:00,511.0,511.0,507.0,509.0,4400,0.0,0.0
2024-03-27 10:00:00+09:00,509.0,511.0,509.0,511.0,400,0.0,0.0
2024-03-27 11:00:00+09:00,511.0,512.0,511.0,512.0,0,0.0,0.0
2024-03-27 12:00:00+09:00,512.0,512.0,510.0,510.0,7100,0.0,0.0
2024-03-27 13:00:00+09:00,510.0,510.0,510.0,510.0,200,0.0,0.0
2024-03-27 14:00:00+09:00,512.0,512.0,511.0,512.0,500,0.0,0.0
2024-03-28 09:00:00+09:00,501.0,505.0,501.0,505.0,1600,0.0,0.0
2024-03-28 10:00:00+09:00,507.0,512.0,507.0,512.0,1000,0.0,0.0
2024-03-28 11:00:00+09:00,512.0,512.0,512.0,512.0,0,0.0,0.0
2024-03-28 12:00:00+09:00,512.0,512.0,505.0,506.0,2900,0.0,0.0
2024-03-28 14:00:00+09:00,504.0,504.0,504.0,504.0,500,0.0,0.0
2024-03-29 09:00:00+09:00,503.0,504.0,501.0,501.0,3900,0.0,0.0
2024-03-29 10:00:00+09:00,501.0,503.0,501.0,503.0,800,0.0,0.0
2024-03-29 11:00:00+09:00,503.0,503.0,503.0,503.0,0,0.0,0.0
2024-03-29 12:00:00+09:00,503.0,503.0,502.0,502.0,6400,0.0,0.0
2024-03-29 13:00:00+09:00,502.0,506.0,502.0,506.0,600,0.0,0.0
2024-03-29 14:00:00+09:00,503.0,503.0,503.0,503.0,100,0.0,0.0
2024-04-01 09:00:00+09:00,501.0,507.0,501.0,504.0,2300,0.0,0.0
2024-04-01 10:00:00+09:00,504.0,504.0,504.0,504.0,500,0.0,0.0
2024-04-01 11:00:00+09:00,503.0,503.0,501.0,501.0,0,0.0,0.0
2024-04-01 12:00:00+09:00,505.0,505.0,505.0,505.0,3200,0.0,0.0
2024-04-02 09:00:00+09:00,507.0,507.0,503.0,503.0,1000,0.0,0.0
2024-04-02 10:00:00+09:00,502.0,502.0,502.0,502.0,400,0.0,0.0
2024-04-02 11:00:00+09:00,502.0,502.0,502.0,502.0,0,0.0,0.0
2024-04-02 12:00:00+09:00,502.0,502.0,502.0,502.0,1900,0.0,0.0
2024-04-02 13:00:00+09:00,502.0,502.0,502.0,502.0,200,0.0,0.0
2024-04-02 14:00:00+09:00,502.0,502.0,502.0,502.0,200,0.0,0.0
2024-04-03 09:00:00+09:00,501.0,501.0,501.0,501.0,1900,0.0,0.0
2024-04-03 10:00:00+09:00,501.0,501.0,501.0,501.0,800,0.0,0.0
2024-04-03 11:00:00+09:00,500.0,500.0,500.0,500.0,0,0.0,0.0
2024-04-03 13:00:00+09:00,504.0,504.0,504.0,504.0,3400,0.0,0.0
2024-04-03 14:00:00+09:00,501.0,504.0,501.0,504.0,400,0.0,0.0
2024-04-04 09:00:00+09:00,502.0,507.0,502.0,502.0,600,0.0,0.0
2024-04-04 11:00:00+09:00,502.0,502.0,502.0,502.0,0,0.0,0.0
2024-04-04 14:00:00+09:00,502.0,502.0,502.0,502.0,1000,0.0,0.0
2024-04-05 10:00:00+09:00,502.0,502.0,501.0,501.0,1200,0.0,0.0
2024-04-05 11:00:00+09:00,500.0,500.0,500.0,500.0,0,0.0,0.0
2024-04-08 09:00:00+09:00,501.0,501.0,500.0,500.0,1800,0.0,0.0
2024-04-08 10:00:00+09:00,501.0,501.0,500.0,501.0,600,0.0,0.0
2024-04-08 11:00:00+09:00,500.0,500.0,500.0,500.0,0,0.0,0.0
2024-04-08 12:00:00+09:00,500.0,500.0,500.0,500.0,2800,0.0,0.0
2024-04-08 13:00:00+09:00,500.0,500.0,500.0,500.0,1600,0.0,0.0
2024-04-08 14:00:00+09:00,500.0,504.0,500.0,504.0,3100,0.0,0.0
2024-04-09 09:00:00+09:00,500.0,500.0,500.0,500.0,1000,0.0,0.0
2024-04-09 10:00:00+09:00,500.0,500.0,499.0,500.0,2200,0.0,0.0
2024-04-09 11:00:00+09:00,499.0,499.0,499.0,499.0,0,0.0,0.0
2024-04-09 12:00:00+09:00,499.0,499.0,499.0,499.0,4000,0.0,0.0
2024-04-09 13:00:00+09:00,499.0,500.0,499.0,499.0,1200,0.0,0.0
2024-04-09 14:00:00+09:00,498.0,499.0,497.0,497.0,2000,0.0,0.0
2024-04-10 09:00:00+09:00,497.0,501.0,497.0,501.0,2100,0.0,0.0
2024-04-10 11:00:00+09:00,501.0,501.0,501.0,501.0,0,0.0,0.0
2024-04-10 12:00:00+09:00,497.0,497.0,497.0,497.0,3200,0.0,0.0
2024-04-10 13:00:00+09:00,497.0,498.0,497.0,497.0,700,0.0,0.0
2024-04-10 14:00:00+09:00,497.0,497.0,495.0,495.0,1700,0.0,0.0
2024-04-11 09:00:00+09:00,492.0,497.0,490.0,492.0,3500,0.0,0.0
2024-04-11 10:00:00+09:00,490.0,495.0,490.0,492.0,500,0.0,0.0
2024-04-11 11:00:00+09:00,493.0,493.0,493.0,493.0,0,0.0,0.0
2024-04-11 12:00:00+09:00,493.0,493.0,492.0,492.0,4400,0.0,0.0
2024-04-11 13:00:00+09:00,495.0,495.0,494.0,494.0,300,0.0,0.0
2024-04-11 14:00:00+09:00,493.0,496.0,493.0,493.0,700,0.0,0.0
2024-04-12 09:00:00+09:00,497.0,497.0,495.0,495.0,800,0.0,0.0
2024-04-12 11:00:00+09:00,497.0,497.0,497.0,497.0,0,0.0,0.0
2024-04-12 13:00:00+09:00,495.0,499.0,491.0,499.0,7200,0.0,0.0
2024-04-12 14:00:00+09:00,493.0,493.0,491.0,492.0,2300,0.0,0.0
2024-04-15 09:00:00+09:00,492.0,492.0,491.0,491.0,500,0.0,0.0
2024-04-15 10:00:00+09:00,492.0,493.0,492.0,493.0,800,0.0,0.0
2024-04-15 11:00:00+09:00,492.0,492.0,492.0,492.0,0,0.0,0.0
2024-04-15 12:00:00+09:00,492.0,493.0,492.0,493.0,1900,0.0,0.0
2024-04-15 13:00:00+09:00,493.0,493.0,492.0,492.0,0,0.0,0.0
2024-04-15 14:00:00+09:00,491.0,491.0,490.0,490.0,3400,0.0,0.0
2024-04-16 09:00:00+09:00,490.0,490.0,485.0,485.0,3900,0.0,0.0
2024-04-16 10:00:00+09:00,484.0,484.0,483.0,484.0,1100,0.0,0.0
2024-04-16 11:00:00+09:00,484.0,484.0,484.0,484.0,0,0.0,0.0
2024-04-16 12:00:00+09:00,483.0,483.0,483.0,483.0,5300,0.0,0.0
2024-04-16 13:00:00+09:00,483.0,483.0,481.0,483.0,2600,0.0,0.0
2024-04-16 14:00:00+09:00,481.0,483.0,480.0,480.0,900,0.0,0.0
2024-04-17 09:00:00+09:00,485.0,489.0,483.0,483.0,1500,0.0,0.0
2024-04-17 10:00:00+09:00,482.0,482.0,481.0,481.0,1100,0.0,0.0
2024-04-17 11:00:00+09:00,482.0,482.0,482.0,482.0,0,0.0,0.0
2024-04-17 12:00:00+09:00,485.0,485.0,485.0,485.0,3800,0.0,0.0
2024-04-17 14:00:00+09:00,482.0,485.0,482.0,485.0,600,0.0,0.0
2024-04-18 09:00:00+09:00,480.0,489.0,480.0,489.0,5600,0.0,0.0
2024-04-18 10:00:00+09:00,489.0,489.0,486.0,486.0,600,0.0,0.0
2024-04-18 11:00:00+09:00,486.0,486.0,486.0,486.0,0,0.0,0.0
2024-04-18 12:00:00+09:00,486.0,492.0,486.0,492.0,7800,0.0,0.0
2024-04-18 13:00:00+09:00,489.0,489.0,488.0,488.0,300,0.0,0.0
2024-04-18 14:00:00+09:00,489.0,489.0,489.0,489.0,100,0.0,0.0
2024-04-19 09:00:00+09:00,490.0,490.0,487.0,487.0,300,0.0,0.0
2024-04-19 10:00:00+09:00,486.0,486.0,481.0,481.0,1800,0.0,0.0
2024-04-19 11:00:00+09:00,480.0,480.0,480.0,480.0,0,0.0,0.0
2024-04-19 12:00:00+09:00,480.0,480.0,480.0,480.0,4200,0.0,0.0
2024-04-19 13:00:00+09:00,480.0,480.0,480.0,480.0,200,0.0,0.0
2024-04-19 14:00:00+09:00,481.0,481.0,480.0,480.0,1000,0.0,0.0
2024-04-22 09:00:00+09:00,479.0,479.0,478.0,478.0,1000,0.0,0.0
2024-04-22 10:00:00+09:00,480.0,480.0,480.0,480.0,1900,0.0,0.0
2024-04-22 11:00:00+09:00,480.0,480.0,480.0,480.0,0,0.0,0.0
2024-04-22 12:00:00+09:00,480.0,480.0,480.0,480.0,3300,0.0,0.0
2024-04-22 13:00:00+09:00,480.0,480.0,480.0,480.0,100,0.0,0.0
2024-04-22 14:00:00+09:00,479.0,480.0,479.0,480.0,700,0.0,0.0
2024-04-23 09:00:00+09:00,486.0,489.0,481.0,481.0,3300,0.0,0.0
2024-04-23 11:00:00+09:00,481.0,481.0,481.0,481.0,0,0.0,0.0
2024-04-23 12:00:00+09:00,485.0,485.0,480.0,480.0,4900,0.0,0.0
2024-04-23 13:00:00+09:00,483.0,484.0,483.0,484.0,400,0.0,0.0
2024-04-23 14:00:00+09:00,483.0,483.0,480.0,480.0,1000,0.0,0.0
2024-04-24 09:00:00+09:00,483.0,486.0,483.0,486.0,300,0.0,0.0
2024-04-24 11:00:00+09:00,486.0,486.0,486.0,486.0,0,0.0,0.0
2024-04-24 12:00:00+09:00,486.0,486.0,486.0,486.0,400,0.0,0.0
2024-04-24 13:00:00+09:00,487.0,487.0,486.0,486.0,1000,0.0,0.0
2024-04-24 14:00:00+09:00,487.0,489.0,487.0,488.0,700,0.0,0.0
2024-04-25 09:00:00+09:00,499.0,499.0,485.0,485.0,6900,0.0,0.0
2024-04-25 10:00:00+09:00,485.0,485.0,484.0,484.0,1300,0.0,0.0
2024-04-25 11:00:00+09:00,483.0,485.0,483.0,485.0,0,0.0,0.0
2024-04-25 12:00:00+09:00,485.0,485.0,482.0,484.0,9700,0.0,0.0
2024-04-25 13:00:00+09:00,485.0,485.0,485.0,485.0,200,0.0,0.0
2024-04-25 14:00:00+09:00,484.0,489.0,483.0,484.0,1100,0.0,0.0
2024-04-26 09:00:00+09:00,492.0,492.0,484.0,485.0,1100,0.0,0.0
2024-04-26 10:00:00+09:00,485.0,485.0,485.0,485.0,100,0.0,0.0
2024-04-26 11:00:00+09:00,485.0,485.0,485.0,485.0,0,0.0,0.0
2024-04-26 12:00:00+09:00,486.0,486.0,486.0,486.0,0,0.0,0.0
2024-04-26 13:00:00+09:00,485.0,489.0,484.0,489.0,2600,0.0,0.0
2024-04-26 14:00:00+09:00,487.0,487.0,486.0,486.0,500,0.0,0.0
2024-04-30 09:00:00+09:00,490.0,492.0,485.0,485.0,2700,0.0,0.0
2024-04-30 10:00:00+09:00,485.0,485.0,482.0,482.0,900,0.0,0.0
2024-04-30 11:00:00+09:00,482.0,482.0,482.0,482.0,0,0.0,0.0
2024-04-30 12:00:00+09:00,483.0,483.0,483.0,483.0,3900,0.0,0.0
2024-04-30 13:00:00+09:00,482.0,482.0,481.0,481.0,900,0.0,0.0
2024-04-30 14:00:00+09:00,485.0,485.0,483.0,485.0,300,0.0,0.0
2024-05-01 09:00:00+09:00,484.0,486.0,484.0,486.0,300,0.0,0.0
2024-05-01 11:00:00+09:00,486.0,486.0,486.0,486.0,0,0.0,0.0
2024-05-01 13:00:00+09:00,484.0,484.0,484.0,484.0,400,0.0,0.0
2024-05-01 14:00:00+09:00,484.0,484.0,472.0,472.0,7400,0.0,0.0
2024-05-02 09:00:00+09:00,473.0,477.0,473.0,477.0,400,0.0,0.0
2024-05-02 10:00:00+09:00,474.0,474.0,474.0,474.0,100,0.0,0.0
2024-05-02 11:00:00+09:00,474.0,474.0,474.0,474.0,0,0.0,0.0
2024-05-02 12:00:00+09:00,474.0,474.0,474.0,474.0,800,0.0,0.0
2024-05-02 13:00:00+09:00,475.0,480.0,474.0,480.0,1200,0.0,0.0
2024-05-02 14:00:00+09:00,475.0,475.0,475.0,475.0,200,0.0,0.0
2024-05-07 09:00:00+09:00,479.0,480.0,479.0,480.0,7600,0.0,0.0
2024-05-07 10:00:00+09:00,481.0,482.0,480.0,480.0,400,0.0,0.0
2024-05-07 11:00:00+09:00,479.0,479.0,479.0,479.0,0,0.0,0.0
2024-05-07 12:00:00+09:00,479.0,481.0,478.0,478.0,8800,0.0,0.0
2024-05-07 13:00:00+09:00,478.0,478.0,477.0,477.0,600,0.0,0.0
2024-05-07 14:00:00+09:00,477.0,477.0,476.0,476.0,800,0.0,0.0
2024-05-08 09:00:00+09:00,479.0,479.0,479.0,479.0,700,0.0,0.0
2024-05-08 10:00:00+09:00,478.0,478.0,478.0,478.0,200,0.0,0.0
2024-05-08 11:00:00+09:00,478.0,478.0,478.0,478.0,0,0.0,0.0
2024-05-08 12:00:00+09:00,477.0,477.0,477.0,477.0,1800,0.0,0.0
2024-05-09 09:00:00+09:00,477.0,477.0,477.0,477.0,900,0.0,0.0
2024-05-09 10:00:00+09:00,478.0,478.0,477.0,477.0,600,0.0,0.0
2024-05-09 11:00:00+09:00,477.0,477.0,477.0,477.0,0,0.0,0.0
2024-05-09 12:00:00+09:00,478.0,478.0,477.0,477.0,2100,0.0,0.0
2024-05-09 13:00:00+09:00,478.0,480.0,477.0,480.0,1800,0.0,0.0
2024-05-09 14:00:00+09:00,480.0,480.0,476.0,476.0,1300,0.0,0.0
2024-05-10 09:00:00+09:00,480.0,481.0,476.0,476.0,1900,0.0,0.0
2024-05-10 10:00:00+09:00,476.0,476.0,475.0,475.0,800,0.0,0.0
2024-05-10 11:00:00+09:00,475.0,475.0,475.0,475.0,0,0.0,0.0
2024-05-10 13:00:00+09:00,477.0,477.0,475.0,475.0,3700,0.0,0.0
2024-05-10 14:00:00+09:00,475.0,475.0,475.0,475.0,100,0.0,0.0
2024-05-13 09:00:00+09:00,476.0,479.0,476.0,479.0,3400,0.0,0.0
2024-05-13 11:00:00+09:00,479.0,479.0,479.0,479.0,0,0.0,0.0
2024-05-13 12:00:00+09:00,479.0,479.0,478.0,478.0,3600,0.0,0.0
2024-05-13 14:00:00+09:00,477.0,477.0,477.0,477.0,500,0.0,0.0
2024-05-14 09:00:00+09:00,475.0,478.0,475.0,478.0,1000,0.0,0.0
2024-05-14 10:00:00+09:00,477.0,478.0,473.0,473.0,2200,0.0,0.0
2024-05-14 11:00:00+09:00,475.0,475.0,475.0,475.0,0,0.0,0.0
2024-05-14 13:00:00+09:00,474.0,474.0,474.0,474.0,4000,0.0,0.0
2024-05-14 14:00:00+09:00,475.0,475.0,475.0,475.0,400,0.0,0.0
2024-05-15 09:00:00+09:00,478.0,478.0,475.0,475.0,900,0.0,0.0
2024-05-15 10:00:00+09:00,474.0,480.0,472.0,478.0,4800,0.0,0.0
2024-05-15 11:00:00+09:00,480.0,480.0,479.0,479.0,0,0.0,0.0
2024-05-15 12:00:00+09:00,477.0,477.0,476.0,476.0,7500,0.0,0.0
2024-05-15 14:00:00+09:00,479.0,480.0,476.0,480.0,300,0.0,0.0
2024-05-16 09:00:00+09:00,474.0,476.0,473.0,473.0,2200,0.0,0.0
2024-05-16 11:00:00+09:00,473.0,473.0,473.0,473.0,0,0.0,0.0
2024-05-16 12:00:00+09:00,473.0,473.0,473.0,473.0,2600,0.0,0.0
2024-05-16 13:00:00+09:00,473.0,473.0,471.0,472.0,2000,0.0,0.0
2024-05-16 14:00:00+09:00,471.0,472.0,471.0,472.0,2000,0.0,0.0
2024-05-17 09:00:00+09:00,475.0,475.0,470.0,470.0,4800,0.0,0.0
2024-05-17 10:00:00+09:00,470.0,470.0,466.0,470.0,3000,0.0,0.0
2024-05-17 11:00:00+09:00,470.0,470.0,470.0,470.0,0,0.0,0.0
2024-05-17 13:00:00+09:00,471.0,471.0,471.0,471.0,7900,0.0,0.0
2024-05-17 14:00:00+09:00,470.0,470.0,470.0,470.0,100,0.0,0.0
2024-05-20 09:00:00+09:00,469.0,471.0,466.0,471.0,5200,0.0,0.0
2024-05-20 10:00:00+09:00,472.0,474.0,472.0,474.0,800,0.0,0.0
2024-05-20 11:00:00+09:00,473.0,473.0,472.0,472.0,0,0.0,0.0
2024-05-20 12:00:00+09:00,472.0,472.0,472.0,472.0,6800,0.0,0.0
2024-05-20 13:00:00+09:00,472.0,472.0,472.0,472.0,100,0.0,0.0
2024-05-20 14:00:00+09:00,472.0,472.0,472.0,472.0,100,0.0,0.0
2024-05-21 09:00:00+09:00,472.0,472.0,470.0,472.0,1600,0.0,0.0
2024-05-21 11:00:00+09:00,472.0,472.0,472.0,472.0,0,0.0,0.0
2024-05-21 12:00:00+09:00,472.0,473.0,472.0,473.0,2100,0.0,0.0
2024-05-21 13:00:00+09:00,474.0,475.0,473.0,473.0,600,0.0,0.0
2024-05-22 09:00:00+09:00,475.0,475.0,474.0,474.0,1000,0.0,0.0
2024-05-22 10:00:00+09:00,474.0,474.0,474.0,474.0,300,0.0,0.0
2024-05-22 11:00:00+09:00,472.0,472.0,472.0,472.0,0,0.0,0.0
2024-05-22 13:00:00+09:00,472.0,472.0,470.0,470.0,2600,0.0,0.0
2024-05-22 14:00:00+09:00,469.0,469.0,468.0,468.0,600,0.0,0.0
2024-05-23 09:00:00+09:00,470.0,473.0,470.0,471.0,3300,0.0,0.0
2024-05-23 10:00:00+09:00,471.0,473.0,465.0,468.0,7400,0.0,0.0
2024-05-23 11:00:00+09:00,467.0,473.0,467.0,473.0,0,0.0,0.0
2024-05-23 12:00:00+09:00,471.0,471.0,469.0,469.0,11200,0.0,0.0
2024-05-23 13:00:00+09:00,468.0,473.0,468.0,473.0,800,0.0,0.0
2024-05-23 14:00:00+09:00,469.0,473.0,467.0,470.0,1600,0.0,0.0
2024-05-24 09:00:00+09:00,468.0,468.0,464.0,464.0,2800,0.0,0.0
2024-05-24 10:00:00+09:00,464.0,465.0,464.0,465.0,1500,0.0,0.0
2024-05-24 11:00:00+09:00,465.0,466.0,465.0,466.0,0,0.0,0.0
2024-05-24 12:00:00+09:00,467.0,469.0,467.0,468.0,7500,0.0,0.0
2024-05-24 14:00:00+09:00,469.0,469.0,466.0,466.0,700,0.0,0.0
2024-05-27 09:00:00+09:00,472.0,472.0,467.0,467.0,7600,0.0,0.0
2024-05-27 10:00:00+09:00,467.0,467.0,465.0,466.0,1400,0.0,0.0
2024-05-27 11:00:00+09:00,465.0,465.0,464.0,464.0,0,0.0,0.0
2024-05-27 12:00:00+09:00,467.0,467.0,465.0,465.0,10500,0.0,0.0
2024-05-27 13:00:00+09:00,465.0,465.0,464.0,465.0,1000,0.0,0.0
2024-05-27 14:00:00+09:00,465.0,466.0,464.0,465.0,1200,0.0,0.0
2024-05-28 09:00:00+09:00,465.0,468.0,465.0,466.0,4400,0.0,0.0
2024-05-28 10:00:00+09:00,466.0,466.0,463.0,463.0,3300,0.0,0.0
2024-05-28 11:00:00+09:00,463.0,463.0,463.0,463.0,0,0.0,0.0
2024-05-28 12:00:00+09:00,462.0,464.0,462.0,462.0,11200,0.0,0.0
2024-05-28 13:00:00+09:00,462.0,463.0,462.0,462.0,300,0.0,0.0
2024-05-28 14:00:00+09:00,462.0,465.0,462.0,465.0,1900,0.0,0.0
2024-05-29 09:00:00+09:00,463.0,463.0,461.0,462.0,3700,0.0,0.0
2024-05-29 10:00:00+09:00,462.0,463.0,461.0,463.0,1900,0.0,0.0
2024-05-29 11:00:00+09:00,463.0,463.0,463.0,463.0,0,0.0,0.0
2024-05-29 12:00:00+09:00,463.0,463.0,462.0,463.0,7000,0.0,0.0
2024-05-29 14:00:00+09:00,463.0,463.0,462.0,462.0,1900,0.0,0.0
2024-05-30 09:00:00+09:00,462.0,462.0,462.0,462.0,1300,0.0,0.0
2024-05-30 10:00:00+09:00,462.0,462.0,462.0,462.0,100,0.0,0.0
2024-05-30 11:00:00+09:00,462.0,462.0,462.0,462.0,0,0.0,0.0
2024-05-30 12:00:00+09:00,462.0,463.0,462.0,463.0,1900,0.0,0.0
2024-05-30 13:00:00+09:00,464.0,464.0,464.0,464.0,100,0.0,0.0
2024-05-30 14:00:00+09:00,465.0,465.0,465.0,465.0,200,0.0,0.0
2024-05-31 09:00:00+09:00,463.0,464.0,461.0,464.0,2400,0.0,0.0
2024-05-31 10:00:00+09:00,464.0,464.0,463.0,463.0,1000,0.0,0.0
2024-05-31 11:00:00+09:00,464.0,464.0,464.0,464.0,0,0.0,0.0
2024-05-31 12:00:00+09:00,464.0,467.0,464.0,467.0,5700,0.0,0.0
2024-05-31 13:00:00+09:00,465.0,469.0,463.0,469.0,1400,0.0,0.0
2024-05-31 14:00:00+09:00,464.0,468.0,460.0,468.0,9200,0.0,0.0
2024-06-03 09:00:00+09:00,468.0,472.0,467.0,472.0,3900,0.0,0.0
2024-06-03 10:00:00+09:00,471.0,472.0,471.0,472.0,1400,0.0,0.0
2024-06-03 11:00:00+09:00,468.0,468.0,468.0,468.0,0,0.0,0.0
2024-06-03 12:00:00+09:00,468.0,469.0,468.0,469.0,6800,0.0,0.0
2024-06-03 13:00:00+09:00,469.0,469.0,469.0,469.0,1000,0.0,0.0
2024-06-03 14:00:00+09:00,471.0,474.0,470.0,474.0,3100,0.0,0.0
2024-06-04 09:00:00+09:00,473.0,473.0,471.0,471.0,4400,0.0,0.0
2024-06-04 10:00:00+09:00,471.0,475.0,471.0,473.0,4000,0.0,0.0
2024-06-04 11:00:00+09:00,471.0,472.0,471.0,472.0,0,0.0,0.0
2024-06-04 12:00:00+09:00,471.0,471.0,471.0,471.0,14700,0.0,0.0
2024-06-04 13:00:00+09:00,474.0,477.0,473.0,473.0,700,0.0,0.0
2024-06-04 14:00:00+09:00,473.0,473.0,473.0,473.0,100,0.0,0.0
2024-06-05 09:00:00+09:00,473.0,475.0,473.0,473.0,5400,0.0,0.0
2024-06-05 10:00:00+09:00,473.0,473.0,473.0,473.0,200,0.0,0.0
2024-06-05 11:00:00+09:00,473.0,473.0,473.0,473.0,0,0.0,0.0
2024-06-05 12:00:00+09:00,473.0,473.0,473.0,473.0,6000,0.0,0.0
2024-06-05 13:00:00+09:00,472.0,472.0,470.0,470.0,300,0.0,0.0
2024-06-05 14:00:00+09:00,472.0,475.0,472.0,475.0,1200,0.0,0.0
2024-06-06 09:00:00+09:00,472.0,472.0,472.0,472.0,400,0.0,0.0
2024-06-06 10:00:00+09:00,472.0,472.0,472.0,472.0,700,0.0,0.0
2024-06-06 11:00:00+09:00,475.0,475.0,473.0,473.0,0,0.0,0.0
2024-06-06 12:00:00+09:00,475.0,475.0,475.0,475.0,1800,0.0,0.0
2024-06-06 14:00:00+09:00,473.0,473.0,473.0,473.0,200,0.0,0.0
2024-06-07 09:00:00+09:00,473.0,473.0,471.0,473.0,2700,0.0,0.0
2024-06-07 11:00:00+09:00,473.0,473.0,473.0,473.0,0,0.0,0.0
2024-06-07 12:00:00+09:00,471.0,473.0,471.0,473.0,3000,0.0,0.0
2024-06-07 14:00:00+09:00,471.0,471.0,471.0,471.0,200,0.0,0.0
2024-06-10 09:00:00+09:00,470.0,473.0,470.0,473.0,1400,0.0,0.0
2024-06-10 11:00:00+09:00,471.0,473.0,471.0,473.0,0,0.0,0.0
2024-06-10 12:00:00+09:00,471.0,473.0,471.0,473.0,4100,0.0,0.0
2024-06-10 14:00:00+09:00,473.0,473.0,471.0,473.0,2000,0.0,0.0
2024-06-11 09:00:00+09:00,473.0,474.0,473.0,473.0,5300,0.0,0.0
2024-06-11 10:00:00+09:00,473.0,474.0,473.0,474.0,9100,0.0,0.0
2024-06-11 11:00:00+09:00,474.0,474.0,474.0,474.0,0,0.0,0.0
2024-06-11 12:00:00+09:00,474.0,474.0,473.0,473.0,14700,0.0,0.0
2024-06-11 13:00:00+09:00,473.0,473.0,473.0,473.0,4800,0.0,0.0
2024-06-11 14:00:00+09:00,473.0,473.0,473.0,473.0,2300,0.0,0.0
2024-06-12 09:00:00+09:00,471.0,473.0,471.0,473.0,300,0.0,0.0
2024-06-12 10:00:00+09:00,473.0,473.0,473.0,473.0,300,0.0,0.0
2024-06-12 11:00:00+09:00,473.0,473.0,473.0,473.0,0,0.0,0.0
2024-06-12 13:00:00+09:00,474.0,474.0,474.0,474.0,800,0.0,0.0
2024-06-13 09:00:00+09:00,472.0,473.0,472.0,472.0,1600,0.0,0.0
2024-06-13 10:00:00+09:00,472.0,472.0,472.0,472.0,200,0.0,0.0
2024-06-13 11:00:00+09:00,473.0,473.0,471.0,471.0,0,0.0,0.0
2024-06-13 12:00:00+09:00,471.0,471.0,471.0,471.0,5800,0.0,0.0
2024-06-13 13:00:00+09:00,473.0,473.0,473.0,473.0,200,0.0,0.0
2024-06-13 14:00:00+09:00,473.0,473.0,472.0,472.0,900,0.0,0.0
2024-06-14 09:00:00+09:00,473.0,475.0,473.0,475.0,2100,0.0,0.0
2024-06-14 10:00:00+09:00,475.0,476.0,473.0,473.0,3500,0.0,0.0
2024-06-14 11:00:00+09:00,474.0,475.0,474.0,475.0,0,0.0,0.0
2024-06-14 12:00:00+09:00,475.0,475.0,475.0,475.0,6900,0.0,0.0
2024-06-14 13:00:00+09:00,476.0,476.0,476.0,476.0,600,0.0,0.0
2024-06-14 14:00:00+09:00,476.0,477.0,475.0,477.0,400,0.0,0.0
2024-06-17 09:00:00+09:00,477.0,477.0,475.0,476.0,2500,0.0,0.0
2024-06-17 10:00:00+09:00,475.0,475.0,474.0,474.0,600,0.0,0.0
2024-06-17 11:00:00+09:00,474.0,474.0,474.0,474.0,0,0.0,0.0
2024-06-17 12:00:00+09:00,476.0,477.0,476.0,477.0,3700,0.0,0.0
2024-06-17 14:00:00+09:00,475.0,475.0,475.0,475.0,100,0.0,0.0
2024-06-18 09:00:00+09:00,473.0,476.0,473.0,476.0,1400,0.0,0.0
2024-06-18 10:00:00+09:00,474.0,475.0,474.0,475.0,200,0.0,0.0
2024-06-18 11:00:00+09:00,475.0,475.0,475.0,475.0,0,0.0,0.0
2024-06-18 12:00:00+09:00,475.0,475.0,475.0,475.0,2500,0.0,0.0
2024-06-18 13:00:00+09:00,475.0,477.0,475.0,475.0,3700,0.0,0.0
2024-06-18 14:00:00+09:00,475.0,475.0,475.0,475.0,800,0.0,0.0
2024-06-19 09:00:00+09:00,476.0,492.0,476.0,490.0,13500,0.0,0.0
2024-06-19 10:00:00+09:00,490.0,495.0,490.0,494.0,3300,0.0,0.0
2024-06-19 11:00:00+09:00,494.0,494.0,493.0,493.0,0,0.0,0.0
2024-06-19 12:00:00+09:00,494.0,497.0,494.0,494.0,20000,0.0,0.0
2024-06-19 13:00:00+09:00,494.0,498.0,493.0,497.0,3200,0.0,0.0
2024-06-19 14:00:00+09:00,496.0,497.0,493.0,496.0,4300,0.0,0.0
2024-06-20 09:00:00+09:00,497.0,500.0,496.0,496.0,12200,0.0,0.0
2024-06-20 10:00:00+09:00,497.0,499.0,497.0,498.0,700,0.0,0.0
2024-06-20 11:00:00+09:00,497.0,497.0,496.0,496.0,0,0.0,0.0
2024-06-20 12:00:00+09:00,496.0,499.0,496.0,497.0,17100,0.0,0.0
2024-06-20 13:00:00+09:00,499.0,499.0,497.0,497.0,1600,0.0,0.0
2024-06-20 14:00:00+09:00,498.0,502.0,497.0,501.0,7000,0.0,0.0
2024-06-21 09:00:00+09:00,501.0,501.0,499.0,500.0,4600,0.0,0.0
2024-06-21 10:00:00+09:00,501.0,501.0,500.0,500.0,500,0.0,0.0
2024-06-21 11:00:00+09:00,500.0,500.0,500.0,500.0,0,0.0,0.0
2024-06-21 12:00:00+09:00,500.0,500.0,499.0,499.0,6900,0.0,0.0
2024-06-21 13:00:00+09:00,499.0,500.0,499.0,499.0,1200,0.0,0.0
2024-06-21 14:00:00+09:00,499.0,501.0,499.0,501.0,2100,0.0,0.0
2024-06-24 09:00:00+09:00,502.0,502.0,499.0,499.0,1500,0.0,0.0
2024-06-24 10:00:00+09:00,498.0,498.0,498.0,498.0,700,0.0,0.0
2024-06-24 11:00:00+09:00,500.0,500.0,497.0,499.0,0,0.0,0.0
2024-06-24 12:00:00+09:00,499.0,500.0,499.0,499.0,5800,0.0,0.0
2024-06-24 13:00:00+09:00,500.0,500.0,499.0,499.0,500,0.0,0.0
2024-06-24 14:00:00+09:00,499.0,500.0,499.0,499.0,1800,0.0,0.0
2024-06-25 09:00:00+09:00,507.0,507.0,505.0,506.0,10300,0.0,0.0
2024-06-25 10:00:00+09:00,505.0,505.0,505.0,505.0,500,0.0,0.0
2024-06-25 11:00:00+09:00,505.0,505.0,505.0,505.0,0,0.0,0.0
2024-06-25 12:00:00+09:00,504.0,504.0,502.0,502.0,12900,0.0,0.0
2024-06-25 13:00:00+09:00,503.0,503.0,503.0,503.0,100,0.0,0.0
2024-06-25 14:00:00+09:00,503.0,510.0,503.0,510.0,7100,0.0,0.0
2024-06-26 09:00:00+09:00,505.0,513.0,505.0,511.0,5300,0.0,0.0
2024-06-26 10:00:00+09:00,511.0,511.0,507.0,510.0,0,0.0,0.0
2024-06-26 11:00:00+09:00,510.0,510.0,510.0,510.0,0,0.0,0.0
2024-06-26 12:00:00+09:00,510.0,510.0,508.0,508.0,8300,0.0,0.0
2024-06-26 13:00:00+09:00,507.0,509.0,506.0,509.0,2200,0.0,0.0
2024-06-26 14:00:00+09:00,509.0,509.0,509.0,509.0,200,0.0,0.0
2024-06-27 09:00:00+09:00,506.0,510.0,506.0,510.0,1100,0.0,0.0
2024-06-27 11:00:00+09:00,510.0,510.0,510.0,510.0,0,0.0,0.0
2024-06-27 12:00:00+09:00,510.0,510.0,508.0,509.0,2100,0.0,0.0
2024-06-27 13:00:00+09:00,509.0,510.0,509.0,509.0,700,0.0,0.0
2024-06-27 14:00:00+09:00,508.0,509.0,508.0,509.0,1200,0.0,0.0
2024-06-28 09:00:00+09:00,509.0,511.0,508.0,509.0,2200,0.0,0.0
2024-06-28 10:00:00+09:00,510.0,510.0,510.0,510.0,4900,0.0,0.0
2024-06-28 11:00:00+09:00,509.0,510.0,509.0,510.0,0,0.0,0.0
2024-06-28 12:00:00+09:00,510.0,511.0,510.0,511.0,9700,0.0,0.0
2024-06-28 14:00:00+09:00,512.0,512.0,511.0,511.0,600,0.0,0.0
2024-07-01 09:00:00+09:00,512.0,512.0,510.0,510.0,1300,0.0,0.0
2024-07-01 10:00:00+09:00,510.0,510.0,510.0,510.0,300,0.0,0.0
2024-07-01 11:00:00+09:00,509.0,509.0,509.0,509.0,0,0.0,0.0
2024-07-01 12:00:00+09:00,508.0,508.0,508.0,508.0,2700,0.0,0.0
2024-07-01 13:00:00+09:00,508.0,508.0,508.0,508.0,100,0.0,0.0
2024-07-01 14:00:00+09:00,508.0,509.0,504.0,509.0,3200,0.0,0.0
2024-07-02 09:00:00+09:00,509.0,509.0,507.0,509.0,500,0.0,0.0
2024-07-02 10:00:00+09:00,509.0,512.0,509.0,510.0,0,0.0,0.0
2024-07-02 11:00:00+09:00,510.0,510.0,510.0,510.0,0,0.0,0.0
2024-07-02 12:00:00+09:00,512.0,512.0,510.0,510.0,5200,0.0,0.0
2024-07-02 13:00:00+09:00,512.0,513.0,512.0,513.0,1300,0.0,0.0
2024-07-03 09:00:00+09:00,511.0,511.0,507.0,508.0,1500,0.0,0.0
2024-07-03 10:00:00+09:00,510.0,511.0,510.0,511.0,1500,0.0,0.0
2024-07-03 11:00:00+09:00,511.0,511.0,511.0,511.0,0,0.0,0.0
2024-07-03 12:00:00+09:00,510.0,511.0,510.0,511.0,3300,0.0,0.0
2024-07-03 13:00:00+09:00,511.0,511.0,511.0,511.0,300,0.0,0.0
2024-07-03 14:00:00+09:00,510.0,510.0,510.0,510.0,1100,0.0,0.0
2024-07-04 09:00:00+09:00,510.0,511.0,509.0,510.0,0,0.0,0.0
2024-07-04 10:00:00+09:00,510.0,512.0,509.0,510.0,11000,0.0,0.0
2024-07-04 11:00:00+09:00,510.0,510.0,510.0,510.0,0,0.0,0.0
2024-07-04 12:00:00+09:00,512.0,512.0,512.0,512.0,11100,0.0,0.0
2024-07-04 13:00:00+09:00,510.0,512.0,509.0,510.0,2500,0.0,0.0
2024-07-04 14:00:00+09:00,510.0,511.0,509.0,510.0,2700,0.0,0.0
2024-07-05 09:00:00+09:00,509.0,511.0,509.0,510.0,1700,0.0,0.0
2024-07-05 10:00:00+09:00,510.0,511.0,510.0,511.0,1400,0.0,0.0
2024-07-05 11:00:00+09:00,511.0,511.0,511.0,511.0,0,0.0,0.0
2024-07-05 12:00:00+09:00,510.0,510.0,510.0,510.0,3300,0.0,0.0
2024-07-05 13:00:00+09:00,510.0,510.0,510.0,510.0,1300,0.0,0.0
2024-07-05 14:00:00+09:00,510.0,510.0,510.0,510.0,200,0.0,0.0
2024-07-08 09:00:00+09:00,510.0,510.0,509.0,510.0,6800,0.0,0.0
2024-07-08 10:00:00+09:00,510.0,511.0,510.0,511.0,5600,0.0,0.0
2024-07-08 11:00:00+09:00,510.0,510.0,510.0,510.0,0,0.0,0.0
2024-07-08 12:00:00+09:00,510.0,510.0,510.0,510.0,13600,0.0,0.0
2024-07-08 13:00:00+09:00,510.0,511.0,510.0,510.0,4800,0.0,0.0
2024-07-08 14:00:00+09:00,510.0,511.0,510.0,511.0,1100,0.0,0.0
2024-07-09 09:00:00+09:00,508.0,510.0,508.0,510.0,0,0.0,0.0
2024-07-09 10:00:00+09:00,510.0,512.0,510.0,512.0,1200,0.0,0.0
2024-07-09 11:00:00+09:00,512.0,512.0,512.0,512.0,0,0.0,0.0
2024-07-09 12:00:00+09:00,512.0,512.0,510.0,510.0,2400,0.0,0.0
2024-07-09 13:00:00+09:00,510.0,510.0,509.0,510.0,1400,0.0,0.0
2024-07-09 14:00:00+09:00,511.0,511.0,510.0,511.0,2500,0.0,0.0
2024-07-10 09:00:00+09:00,507.0,510.0,507.0,510.0,1800,0.0,0.0
2024-07-10 11:00:00+09:00,511.0,511.0,509.0,510.0,0,0.0,0.0
2024-07-10 12:00:00+09:00,510.0,510.0,510.0,510.0,4800,0.0,0.0
2024-07-10 13:00:00+09:00,510.0,510.0,510.0,510.0,1200,0.0,0.0
2024-07-10 14:00:00+09:00,510.0,510.0,510.0,510.0,100,0.0,0.0
2024-07-11 09:00:00+09:00,511.0,512.0,511.0,512.0,300,0.0,0.0
2024-07-11 10:00:00+09:00,512.0,512.0,512.0,512.0,100,0.0,0.0
2024-07-11 11:00:00+09:00,512.0,512.0,512.0,512.0,0,0.0,0.0
2024-07-11 12:00:00+09:00,512.0,512.0,512.0,512.0,500,0.0,0.0
2024-07-11 14:00:00+09:00,512.0,512.0,510.0,510.0,800,0.0,0.0
2024-07-12 09:00:00+09:00,510.0,510.0,510.0,510.0,200,0.0,0.0
2024-07-12 10:00:00+09:00,511.0,512.0,511.0,512.0,200,0.0,0.0
2024-07-12 11:00:00+09:00,510.0,510.0,510.0,510.0,0,0.0,0.0
2024-07-12 12:00:00+09:00,510.0,510.0,510.0,510.0,1100,0.0,0.0
2024-07-12 13:00:00+09:00,510.0,512.0,510.0,512.0,1900,0.0,0.0
2024-07-16 09:00:00+09:00,510.0,510.0,506.0,510.0,1600,0.0,0.0
2024-07-16 10:00:00+09:00,510.0,510.0,510.0,510.0,400,0.0,0.0
2024-07-16 11:00:00+09:00,510.0,510.0,510.0,510.0,0,0.0,0.0
2024-07-16 12:00:00+09:00,505.0,512.0,505.0,510.0,8700,0.0,0.0
2024-07-16 14:00:00+09:00,510.0,510.0,503.0,510.0,3800,0.0,0.0
2024-07-17 09:00:00+09:00,503.0,506.0,503.0,506.0,3600,0.0,0.0
2024-07-17 10:00:00+09:00,506.0,511.0,506.0,511.0,2600,0.0,0.0
2024-07-17 11:00:00+09:00,510.0,510.0,510.0,510.0,0,0.0,0.0
2024-07-17 12:00:00+09:00,510.0,510.0,510.0,510.0,6900,0.0,0.0
2024-07-17 13:00:00+09:00,511.0,511.0,511.0,511.0,100,0.0,0.0
2024-07-17 14:00:00+09:00,510.0,511.0,510.0,510.0,400,0.0,0.0
2024-07-18 09:00:00+09:00,509.0,512.0,509.0,512.0,1300,0.0,0.0
2024-07-18 11:00:00+09:00,512.0,512.0,512.0,512.0,0,0.0,0.0
2024-07-18 12:00:00+09:00,512.0,512.0,512.0,512.0,1500,0.0,0.0
2024-07-18 13:00:00+09:00,512.0,512.0,512.0,512.0,400,0.0,0.0
2024-07-18 14:00:00+09:00,512.0,512.0,511.0,511.0,800,0.0,0.0
2024-07-19 09:00:00+09:00,512.0,513.0,512.0,513.0,600,0.0,0.0
2024-07-19 10:00:00+09:00,513.0,513.0,513.0,513.0,100,0.0,0.0
2024-07-19 11:00:00+09:00,513.0,513.0,513.0,513.0,0,0.0,0.0
2024-07-19 12:00:00+09:00,513.0,513.0,513.0,513.0,800,0.0,0.0
2024-07-19 14:00:00+09:00,511.0,511.0,511.0,511.0,400,0.0,0.0
