Datetime,Open,High,Low,Close,Volume,Dividends,Stock Splits
2022-10-13 09:00:00+08:00,37.650001525878906,37.650001525878906,37.650001525878906,37.650001525878906,0,0.0,0.0
2022-10-13 10:00:00+08:00,35.150001525878906,37.45000076293945,35.150001525878906,37.45000076293945,5695,0.0,0.0
2022-10-13 12:00:00+08:00,36.79999923706055,36.79999923706055,36.79999923706055,36.79999923706055,2000,0.0,0.0
2022-10-13 13:00:00+08:00,36.400001525878906,36.400001525878906,35.150001525878906,36.349998474121094,5405,0.0,0.0
2022-10-14 09:00:00+08:00,36.349998474121094,37.599998474121094,36.349998474121094,37.599998474121094,3815,0.0,0.0
2022-10-17 09:00:00+08:00,36.29999923706055,38.45000076293945,36.29999923706055,38.0,1185,0.0,0.0
2022-10-17 10:00:00+08:00,35.95000076293945,35.95000076293945,35.95000076293945,35.95000076293945,5000,0.0,0.0
2022-10-17 12:00:00+08:00,35.79999923706055,37.20000076293945,35.79999923706055,37.20000076293945,16000,0.0,0.0
2022-10-17 13:00:00+08:00,36.099998474121094,37.349998474121094,36.099998474121094,37.349998474121094,2000,0.0,0.0
2022-10-18 10:00:00+08:00,36.5,36.5,34.599998474121094,34.599998474121094,3045,0.0,0.0
2022-10-18 11:00:00+08:00,34.95000076293945,36.75,34.5,36.75,30027,0.0,0.0
2022-10-18 12:00:00+08:00,36.70000076293945,37.29999923706055,34.29999923706055,34.29999923706055,6526,0.0,0.0
2022-10-18 13:00:00+08:00,34.29999923706055,36.0,33.650001525878906,36.0,27114,0.0,0.0
2022-10-19 09:00:00+08:00,35.79999923706055,36.75,34.650001525878906,35.150001525878906,0,0.0,0.0
2022-10-19 10:00:00+08:00,33.95000076293945,34.599998474121094,32.599998474121094,34.599998474121094,9200,0.0,0.0
2022-10-19 12:00:00+08:00,34.20000076293945,34.20000076293945,32.400001525878906,32.400001525878906,12000,0.0,0.0
2022-10-19 13:00:00+08:00,32.45000076293945,32.849998474121094,32.45000076293945,32.849998474121094,2001,0.0,0.0
2022-10-20 09:00:00+08:00,30.350000381469727,33.400001525878906,30.350000381469727,33.400001525878906,0,0.0,0.0
2022-10-20 11:00:00+08:00,33.0,33.0,33.0,33.0,1001,0.0,0.0
2022-10-20 12:00:00+08:00,30.450000762939453,33.099998474121094,30.450000762939453,33.099998474121094,2000,0.0,0.0
2022-10-21 09:00:00+08:00,33.5,33.5,33.5,33.5,0,0.0,0.0
2022-10-24 09:00:00+08:00,34.25,34.25,33.849998474121094,33.95000076293945,3138,0.0,0.0
2022-10-24 10:00:00+08:00,34.150001525878906,34.150001525878906,34.150001525878906,34.150001525878906,1001,0.0,0.0
2022-10-24 12:00:00+08:00,34.04999923706055,34.04999923706055,34.04999923706055,34.04999923706055,1000,0.0,0.0
2022-10-25 09:00:00+08:00,34.45000076293945,34.45000076293945,34.45000076293945,34.45000076293945,0,0.0,0.0
2022-10-25 12:00:00+08:00,33.349998474121094,33.95000076293945,33.349998474121094,33.95000076293945,0,0.0,0.0
2022-10-26 09:00:00+08:00,33.900001525878906,33.900001525878906,33.900001525878906,33.900001525878906,0,0.0,0.0
2022-10-26 10:00:00+08:00,33.0,33.349998474121094,31.649999618530273,33.349998474121094,5000,0.0,0.0
2022-10-27 09:00:00+08:00,33.45000076293945,33.45000076293945,33.45000076293945,33.45000076293945,0,0.0,0.0
2022-10-28 12:00:00+08:00,31.700000762939453,33.349998474121094,31.700000762939453,33.349998474121094,4000,0.0,0.0
2022-10-31 09:00:00+08:00,33.75,33.75,32.5,33.45000076293945,1001,0.0,0.0
2022-10-31 10:00:00+08:00,31.5,31.5,31.5,31.5,1000,0.0,0.0
2022-10-31 11:00:00+08:00,33.25,33.25,33.25,33.25,1000,0.0,0.0
2022-11-01 09:00:00+08:00,31.75,31.75,31.75,31.75,0,0.0,0.0
2022-11-01 10:00:00+08:00,32.849998474121094,32.849998474121094,32.849998474121094,32.849998474121094,1000,0.0,0.0
2022-11-01 11:00:00+08:00,32.0,32.349998474121094,30.649999618530273,30.899999618530273,13322,0.0,0.0
2022-11-01 12:00:00+08:00,32.400001525878906,33.150001525878906,32.400001525878906,33.150001525878906,4000,0.0,0.0
2022-11-01 13:00:00+08:00,33.20000076293945,33.45000076293945,33.20000076293945,33.45000076293945,2000,0.0,0.0
2022-11-02 09:00:00+08:00,33.54999923706055,33.95000076293945,31.549999237060547,31.549999237060547,0,0.0,0.0
2022-11-02 10:00:00+08:00,32.849998474121094,32.849998474121094,32.04999923706055,32.04999923706055,2000,0.0,0.0
2022-11-02 12:00:00+08:00,32.25,33.349998474121094,32.25,33.349998474121094,2000,0.0,0.0
2022-11-02 13:00:00+08:00,33.20000076293945,33.20000076293945,33.20000076293945,33.20000076293945,2000,0.0,0.0
2022-11-03 09:00:00+08:00,32.04999923706055,32.04999923706055,31.649999618530273,31.649999618530273,1000,0.0,0.0
2022-11-04 09:00:00+08:00,32.849998474121094,32.849998474121094,32.849998474121094,32.849998474121094,0,0.0,0.0
2022-11-04 10:00:00+08:00,32.5,32.5,32.0,32.0,2000,0.0,0.0
2022-11-04 11:00:00+08:00,32.0,33.45000076293945,31.799999237060547,32.900001525878906,20000,0.0,0.0
2022-11-04 12:00:00+08:00,31.799999237060547,32.79999923706055,31.100000381469727,31.100000381469727,12000,0.0,0.0
2022-11-04 13:00:00+08:00,31.950000762939453,31.950000762939453,30.600000381469727,30.649999618530273,17000,0.0,0.0
2022-11-07 09:00:00+08:00,30.950000762939453,33.349998474121094,30.649999618530273,33.29999923706055,0,0.0,0.0
2022-11-07 10:00:00+08:00,31.899999618530273,33.150001525878906,31.600000381469727,32.0,7000,0.0,0.0
2022-11-07 11:00:00+08:00,33.099998474121094,33.20000076293945,33.099998474121094,33.20000076293945,2000,0.0,0.0
2022-11-08 09:00:00+08:00,34.349998474121094,34.349998474121094,31.549999237060547,31.549999237060547,0,0.0,0.0
2022-11-08 10:00:00+08:00,31.549999237060547,33.20000076293945,31.5,33.20000076293945,0,0.0,0.0
2022-11-09 09:00:00+08:00,33.20000076293945,33.20000076293945,33.20000076293945,33.20000076293945,1001,0.0,0.0
2022-11-11 09:00:00+08:00,31.5,32.45000076293945,31.5,32.45000076293945,0,0.0,0.0
2022-11-11 12:00:00+08:00,31.049999237060547,31.950000762939453,31.049999237060547,31.950000762939453,2000,0.0,0.0
2022-11-14 09:00:00+08:00,32.95000076293945,32.95000076293945,32.95000076293945,32.95000076293945,0,0.0,0.0
2022-11-14 10:00:00+08:00,32.0,32.20000076293945,32.0,32.20000076293945,2162,0.0,0.0
2022-11-14 13:00:00+08:00,32.0,32.75,32.0,32.75,5000,0.0,0.0
2022-11-15 09:00:00+08:00,32.95000076293945,32.95000076293945,32.95000076293945,32.95000076293945,0,0.0,0.0
2022-11-15 11:00:00+08:00,31.700000762939453,31.700000762939453,30.75,30.75,4000,0.0,0.0
2022-11-15 12:00:00+08:00,30.75,30.75,30.75,30.75,1000,0.0,0.0
2022-11-15 13:00:00+08:00,31.899999618530273,32.599998474121094,31.899999618530273,32.599998474121094,4000,0.0,0.0
2022-11-16 09:00:00+08:00,32.5,32.5,31.049999237060547,31.149999618530273,5000,0.0,0.0
2022-11-16 10:00:00+08:00,31.049999237060547,31.049999237060547,31.049999237060547,31.049999237060547,1000,0.0,0.0
2022-11-16 11:00:00+08:00,31.049999237060547,32.95000076293945,31.049999237060547,32.95000076293945,7000,0.0,0.0
2022-11-16 12:00:00+08:00,31.75,32.849998474121094,31.75,32.849998474121094,3482,0.0,0.0
2022-11-17 09:00:00+08:00,32.75,32.75,32.75,32.75,0,0.0,0.0
2022-11-17 12:00:00+08:00,31.100000381469727,34.95000076293945,31.100000381469727,34.95000076293945,11180,0.0,0.0
2022-11-17 13:00:00+08:00,34.79999923706055,34.95000076293945,34.79999923706055,34.95000076293945,3069,0.0,0.0
2022-11-18 09:00:00+08:00,35.099998474121094,36.349998474121094,35.099998474121094,36.150001525878906,1751,0.0,0.0
2022-11-18 12:00:00+08:00,34.0,35.54999923706055,33.5,35.54999923706055,6005,0.0,0.0
2022-11-18 13:00:00+08:00,35.45000076293945,35.45000076293945,35.45000076293945,35.45000076293945,1000,0.0,0.0
2022-11-21 09:00:00+08:00,35.5,36.150001525878906,33.5,34.849998474121094,0,0.0,0.0
2022-11-21 12:00:00+08:00,34.45000076293945,34.45000076293945,34.45000076293945,34.45000076293945,3000,0.0,0.0
2022-11-21 13:00:00+08:00,34.45000076293945,34.45000076293945,34.45000076293945,34.45000076293945,5000,0.0,0.0
2022-11-22 09:00:00+08:00,34.95000076293945,34.95000076293945,32.04999923706055,32.04999923706055,0,0.0,0.0
2022-11-22 10:00:00+08:00,33.0,33.0,33.0,33.0,1000,0.0,0.0
2022-11-22 11:00:00+08:00,33.0,34.0,33.0,34.0,6031,0.0,0.0
2022-11-23 09:00:00+08:00,32.20000076293945,32.20000076293945,32.20000076293945,32.20000076293945,0,0.0,0.0
2022-11-23 10:00:00+08:00,32.20000076293945,32.20000076293945,32.20000076293945,32.20000076293945,6600,0.0,0.0
2022-11-23 11:00:00+08:00,33.849998474121094,33.849998474121094,33.849998474121094,33.849998474121094,1000,0.0,0.0
2022-11-24 09:00:00+08:00,32.79999923706055,34.150001525878906,32.79999923706055,34.150001525878906,0,0.0,0.0
2022-11-25 13:00:00+08:00,32.04999923706055,33.45000076293945,32.04999923706055,33.45000076293945,6000,0.0,0.0
2022-11-28 09:00:00+08:00,33.54999923706055,33.54999923706055,33.54999923706055,33.54999923706055,0,0.0,0.0
2022-11-29 09:00:00+08:00,34.150001525878906,35.95000076293945,34.150001525878906,35.849998474121094,8320,0.0,0.0
2022-11-29 10:00:00+08:00,34.0,34.0,33.0,33.0,3000,0.0,0.0
2022-11-29 11:00:00+08:00,32.599998474121094,33.75,32.5,33.75,11000,0.0,0.0
2022-11-29 13:00:00+08:00,32.25,33.45000076293945,32.25,33.45000076293945,5000,0.0,0.0
2022-11-30 09:00:00+08:00,32.04999923706055,33.0,32.04999923706055,33.0,0,0.0,0.0
2022-12-01 09:00:00+08:00,32.400001525878906,32.400001525878906,32.400001525878906,32.400001525878906,0,0.0,0.0
2022-12-01 10:00:00+08:00,32.0,32.900001525878906,32.0,32.900001525878906,13000,0.0,0.0
2022-12-01 11:00:00+08:00,32.70000076293945,35.79999923706055,32.70000076293945,33.900001525878906,12414,0.0,0.0
2022-12-01 12:00:00+08:00,35.04999923706055,35.599998474121094,34.5,35.0,20020,0.0,0.0
2022-12-01 13:00:00+08:00,35.0,35.0,34.79999923706055,34.79999923706055,4000,0.0,0.0
2022-12-02 09:00:00+08:00,34.75,36.0,34.75,36.0,0,0.0,0.0
2022-12-02 12:00:00+08:00,35.5,35.5,33.29999923706055,34.099998474121094,10097,0.0,0.0
2022-12-05 09:00:00+08:00,33.04999923706055,33.650001525878906,33.04999923706055,33.650001525878906,0,0.0,0.0
2022-12-05 12:00:00+08:00,34.099998474121094,35.95000076293945,34.099998474121094,35.95000076293945,2000,0.0,0.0
2022-12-06 09:00:00+08:00,33.04999923706055,34.75,33.04999923706055,34.75,0,0.0,0.0
2022-12-06 13:00:00+08:00,34.79999923706055,35.70000076293945,34.79999923706055,35.70000076293945,5001,0.0,0.0
2022-12-07 09:00:00+08:00,35.79999923706055,38.650001525878906,35.79999923706055,38.650001525878906,21426,0.0,0.0
2022-12-07 10:00:00+08:00,38.650001525878906,38.650001525878906,38.650001525878906,38.650001525878906,14160,0.0,0.0
2022-12-08 09:00:00+08:00,38.54999923706055,42.5,37.04999923706055,42.5,0,0.0,0.0
2022-12-08 10:00:00+08:00,42.5,42.5,42.5,42.5,4401,0.0,0.0
2022-12-08 11:00:00+08:00,42.5,42.5,42.5,42.5,8180,0.0,0.0
2022-12-08 12:00:00+08:00,42.5,42.5,42.5,42.5,17001,0.0,0.0
2022-12-09 09:00:00+08:00,46.0,46.650001525878906,43.0,43.0,0,0.0,0.0
2022-12-09 10:00:00+08:00,43.650001525878906,46.599998474121094,43.650001525878906,46.599998474121094,10060,0.0,0.0
2022-12-09 11:00:00+08:00,46.5,46.5,44.0,44.04999923706055,7490,0.0,0.0
2022-12-09 12:00:00+08:00,44.900001525878906,44.900001525878906,44.900001525878906,44.900001525878906,1038,0.0,0.0
2022-12-09 13:00:00+08:00,45.04999923706055,45.04999923706055,45.04999923706055,45.04999923706055,1000,0.0,0.0
2022-12-12 09:00:00+08:00,45.29999923706055,47.45000076293945,45.29999923706055,47.400001525878906,0,0.0,0.0
2022-12-12 10:00:00+08:00,46.0,46.0,43.95000076293945,43.95000076293945,12203,0.0,0.0
2022-12-12 12:00:00+08:00,44.099998474121094,44.099998474121094,44.0,44.0,2400,0.0,0.0
2022-12-13 10:00:00+08:00,45.04999923706055,46.95000076293945,45.0,46.95000076293945,1104,0.0,0.0
2022-12-13 11:00:00+08:00,45.20000076293945,45.20000076293945,45.20000076293945,45.20000076293945,2080,0.0,0.0
2022-12-13 12:00:00+08:00,44.599998474121094,44.599998474121094,44.599998474121094,44.599998474121094,3000,0.0,0.0
2022-12-13 13:00:00+08:00,44.599998474121094,44.599998474121094,44.599998474121094,44.599998474121094,2000,0.0,0.0
2022-12-15 10:00:00+08:00,43.650001525878906,43.650001525878906,43.650001525878906,43.650001525878906,1000,0.0,0.0
2022-12-15 11:00:00+08:00,45.849998474121094,45.849998474121094,45.849998474121094,45.849998474121094,1710,0.0,0.0
2022-12-15 12:00:00+08:00,45.54999923706055,46.099998474121094,45.54999923706055,46.099998474121094,14000,0.0,0.0
2022-12-15 13:00:00+08:00,46.5,46.5,46.5,46.5,2000,0.0,0.0
2022-12-20 09:00:00+08:00,47.54999923706055,47.54999923706055,47.54999923706055,47.54999923706055,1659,0.0,0.0
2022-12-20 12:00:00+08:00,43.54999923706055,43.54999923706055,43.54999923706055,43.54999923706055,1000,0.0,0.0
2022-12-20 13:00:00+08:00,45.54999923706055,45.54999923706055,45.54999923706055,45.54999923706055,1000,0.0,0.0
2022-12-22 09:00:00+08:00,46.95000076293945,46.95000076293945,46.95000076293945,46.95000076293945,0,0.0,0.0
2022-12-22 10:00:00+08:00,41.599998474121094,43.79999923706055,41.599998474121094,43.79999923706055,9000,0.0,0.0
2022-12-22 11:00:00+08:00,43.5,43.5,43.5,43.5,2012,0.0,0.0
2022-12-22 12:00:00+08:00,43.5,43.54999923706055,43.5,43.54999923706055,2000,0.0,0.0
2022-12-23 10:00:00+08:00,46.95000076293945,46.95000076293945,46.95000076293945,46.95000076293945,0,0.0,0.0
2022-12-26 11:00:00+08:00,43.95000076293945,43.95000076293945,43.95000076293945,43.95000076293945,671,0.0,0.0
2022-12-26 13:00:00+08:00,43.20000076293945,43.20000076293945,43.20000076293945,43.20000076293945,1188,0.0,0.0
2022-12-27 09:00:00+08:00,43.20000076293945,43.20000076293945,43.20000076293945,43.20000076293945,0,0.0,0.0
2022-12-27 13:00:00+08:00,44.599998474121094,44.599998474121094,44.599998474121094,44.599998474121094,1000,0.0,0.0
2022-12-28 09:00:00+08:00,45.099998474121094,45.099998474121094,45.099998474121094,45.099998474121094,0,0.0,0.0
2022-12-28 12:00:00+08:00,43.099998474121094,46.0,43.099998474121094,46.0,3000,0.0,0.0
2022-12-29 09:00:00+08:00,47.400001525878906,47.400001525878906,46.70000076293945,46.70000076293945,0,0.0,0.0
2022-12-30 11:00:00+08:00,44.79999923706055,44.79999923706055,44.79999923706055,44.79999923706055,0,0.0,0.0
2023-01-03 09:00:00+08:00,48.54999923706055,48.54999923706055,42.5,42.5,1043,0.0,0.0
2023-01-03 11:00:00+08:00,42.75,42.75,42.75,42.75,3000,0.0,0.0
2023-01-03 12:00:00+08:00,42.75,42.75,42.599998474121094,42.599998474121094,3000,0.0,0.0
2023-01-03 13:00:00+08:00,42.599998474121094,42.599998474121094,42.5,42.5,3000,0.0,0.0
2023-01-04 09:00:00+08:00,45.900001525878906,45.900001525878906,45.900001525878906,45.900001525878906,0,0.0,0.0
2023-01-04 12:00:00+08:00,43.0,43.0,43.0,43.0,4000,0.0,0.0
2023-01-04 13:00:00+08:00,42.70000076293945,42.70000076293945,42.70000076293945,42.70000076293945,1000,0.0,0.0
2023-01-05 11:00:00+08:00,41.25,41.29999923706055,41.25,41.29999923706055,2000,0.0,0.0
2023-01-05 12:00:00+08:00,41.75,41.75,41.75,41.75,1320,0.0,0.0
2023-01-05 13:00:00+08:00,43.150001525878906,43.150001525878906,43.150001525878906,43.150001525878906,1000,0.0,0.0
2023-01-06 11:00:00+08:00,41.54999923706055,42.95000076293945,39.650001525878906,42.95000076293945,3000,0.0,0.0
2023-01-09 09:00:00+08:00,42.75,42.75,42.70000076293945,42.70000076293945,0,0.0,0.0
2023-01-09 10:00:00+08:00,41.54999923706055,41.70000076293945,41.54999923706055,41.70000076293945,2000,0.0,0.0
2023-01-09 12:00:00+08:00,41.70000076293945,41.70000076293945,41.70000076293945,41.70000076293945,5000,0.0,0.0
2023-01-10 11:00:00+08:00,41.0,41.0,41.0,41.0,0,0.0,0.0
2023-01-10 12:00:00+08:00,40.54999923706055,40.54999923706055,40.54999923706055,40.54999923706055,1000,0.0,0.0
2023-01-12 09:00:00+08:00,39.54999923706055,39.54999923706055,39.54999923706055,39.54999923706055,0,0.0,0.0
2023-01-13 09:00:00+08:00,38.79999923706055,38.79999923706055,35.95000076293945,36.0,10694,0.0,0.0
2023-01-13 10:00:00+08:00,37.349998474121094,37.349998474121094,37.349998474121094,37.349998474121094,1000,0.0,0.0
2023-01-13 12:00:00+08:00,37.849998474121094,37.849998474121094,37.849998474121094,37.849998474121094,1000,0.0,0.0
2023-01-13 13:00:00+08:00,41.650001525878906,41.650001525878906,41.650001525878906,41.650001525878906,1000,0.0,0.0
2023-01-16 09:00:00+08:00,40.45000076293945,41.400001525878906,37.599998474121094,38.20000076293945,0,0.0,0.0
2023-01-16 10:00:00+08:00,38.70000076293945,40.5,38.70000076293945,40.5,3000,0.0,0.0
2023-01-17 12:00:00+08:00,38.54999923706055,38.54999923706055,38.5,38.5,1000,0.0,0.0
2023-01-17 13:00:00+08:00,39.45000076293945,39.45000076293945,39.45000076293945,39.45000076293945,1000,0.0,0.0
2023-01-30 13:00:00+08:00,39.29999923706055,40.349998474121094,39.29999923706055,40.349998474121094,2265,0.0,0.0
2023-01-31 09:00:00+08:00,41.45000076293945,41.45000076293945,39.25,39.25,0,0.0,0.0
2023-01-31 10:00:00+08:00,39.29999923706055,39.29999923706055,39.29999923706055,39.29999923706055,1126,0.0,0.0
2023-02-03 10:00:00+08:00,38.29999923706055,38.29999923706055,38.29999923706055,38.29999923706055,0,0.0,0.0
2023-02-03 11:00:00+08:00,39.599998474121094,39.599998474121094,39.599998474121094,39.599998474121094,1000,0.0,0.0
2023-02-06 09:00:00+08:00,38.25,38.25,38.25,38.25,0,0.0,0.0
2023-02-07 09:00:00+08:00,38.54999923706055,40.79999923706055,38.54999923706055,40.79999923706055,1988,0.0,0.0
2023-02-08 11:00:00+08:00,38.900001525878906,38.900001525878906,38.900001525878906,38.900001525878906,0,0.0,0.0
2023-02-08 13:00:00+08:00,39.20000076293945,39.20000076293945,39.20000076293945,39.20000076293945,1000,0.0,0.0
2023-02-09 09:00:00+08:00,38.25,38.650001525878906,38.25,38.599998474121094,2000,0.0,0.0
2023-02-09 10:00:00+08:00,38.70000076293945,38.70000076293945,38.599998474121094,38.599998474121094,2000,0.0,0.0
2023-02-09 12:00:00+08:00,40.5,40.5,40.5,40.5,1020,0.0,0.0
2023-02-13 13:00:00+08:00,38.5,38.5,38.5,38.5,0,0.0,0.0
2023-02-14 09:00:00+08:00,37.54999923706055,37.54999923706055,37.54999923706055,37.54999923706055,19,0.0,0.0
2023-02-14 13:00:00+08:00,37.95000076293945,37.95000076293945,37.95000076293945,37.95000076293945,1000,0.0,0.0
2023-02-15 09:00:00+08:00,37.25,37.349998474121094,37.25,37.349998474121094,1000,0.0,0.0
2023-02-17 10:00:00+08:00,37.0,37.0,35.75,35.75,0,0.0,0.0
2023-02-17 13:00:00+08:00,37.54999923706055,38.79999923706055,37.54999923706055,38.79999923706055,4003,0.0,0.0
2023-02-20 09:00:00+08:00,38.79999923706055,40.849998474121094,38.79999923706055,39.5,0,0.0,0.0
2023-02-20 10:00:00+08:00,41.5,41.5,41.0,41.5,6000,0.0,0.0
2023-02-20 12:00:00+08:00,41.45000076293945,41.5,40.0,40.0,7000,0.0,0.0
2023-02-20 13:00:00+08:00,41.400001525878906,41.5,41.349998474121094,41.349998474121094,4065,0.0,0.0
2023-02-21 10:00:00+08:00,39.29999923706055,39.29999923706055,39.29999923706055,39.29999923706055,0,0.0,0.0
2023-02-21 11:00:00+08:00,39.099998474121094,39.20000076293945,39.0,39.0,7440,0.0,0.0
2023-02-21 12:00:00+08:00,39.0,39.0,39.0,39.0,0,0.0,0.0
2023-02-22 09:00:00+08:00,37.25,38.599998474121094,37.20000076293945,38.5,1000,0.0,0.0
2023-02-23 09:00:00+08:00,37.5,37.54999923706055,37.5,37.54999923706055,0,0.0,0.0
2023-02-23 10:00:00+08:00,37.599998474121094,38.29999923706055,37.0,38.29999923706055,6003,0.0,0.0
2023-02-24 09:00:00+08:00,37.599998474121094,37.599998474121094,37.599998474121094,37.599998474121094,0,0.0,0.0
2023-02-24 12:00:00+08:00,37.70000076293945,38.29999923706055,37.599998474121094,38.29999923706055,5000,0.0,0.0
2023-03-03 09:00:00+08:00,37.29999923706055,39.5,37.29999923706055,39.5,0,0.0,0.0
2023-03-03 11:00:00+08:00,38.79999923706055,38.79999923706055,38.79999923706055,38.79999923706055,1002,0.0,0.0
2023-03-03 12:00:00+08:00,37.54999923706055,37.54999923706055,37.29999923706055,37.29999923706055,6000,0.0,0.0
2023-03-03 13:00:00+08:00,39.400001525878906,39.400001525878906,39.400001525878906,39.400001525878906,1000,0.0,0.0
2023-03-06 09:00:00+08:00,40.45000076293945,40.45000076293945,40.45000076293945,40.45000076293945,0,0.0,0.0
2023-03-06 10:00:00+08:00,40.0,40.0,40.0,40.0,1033,0.0,0.0
2023-03-07 09:00:00+08:00,40.45000076293945,40.45000076293945,38.45000076293945,38.45000076293945,1962,0.0,0.0
2023-03-07 10:00:00+08:00,38.45000076293945,38.45000076293945,38.45000076293945,38.45000076293945,2000,0.0,0.0
2023-03-07 12:00:00+08:00,38.5,38.5,38.5,38.5,1000,0.0,0.0
2023-03-07 13:00:00+08:00,38.599998474121094,38.599998474121094,38.599998474121094,38.599998474121094,1000,0.0,0.0
2023-03-08 09:00:00+08:00,37.650001525878906,37.79999923706055,37.25,37.349998474121094,2000,0.0,0.0
2023-03-08 10:00:00+08:00,38.95000076293945,39.0,38.95000076293945,39.0,2001,0.0,0.0
2023-03-09 09:00:00+08:00,39.45000076293945,39.45000076293945,38.29999923706055,38.29999923706055,0,0.0,0.0
2023-03-09 11:00:00+08:00,38.29999923706055,38.5,38.29999923706055,38.5,3000,0.0,0.0
2023-03-10 09:00:00+08:00,37.29999923706055,37.29999923706055,37.29999923706055,37.29999923706055,0,0.0,0.0
2023-03-10 11:00:00+08:00,37.400001525878906,37.400001525878906,37.400001525878906,37.400001525878906,2000,0.0,0.0
2023-03-10 12:00:00+08:00,38.0,39.29999923706055,38.0,39.29999923706055,0,0.0,0.0
2023-03-13 09:00:00+08:00,39.75,39.75,39.75,39.75,1030,0.0,0.0
2023-03-13 10:00:00+08:00,38.099998474121094,38.099998474121094,37.599998474121094,37.599998474121094,4000,0.0,0.0
2023-03-13 11:00:00+08:00,38.25,38.25,38.25,38.25,1000,0.0,0.0
2023-03-13 12:00:00+08:00,39.349998474121094,39.400001525878906,39.349998474121094,39.400001525878906,2000,0.0,0.0
2023-03-13 13:00:00+08:00,39.099998474121094,39.099998474121094,39.099998474121094,39.099998474121094,1000,0.0,0.0
2023-03-14 09:00:00+08:00,37.25,37.400001525878906,37.25,37.25,2003,0.0,0.0
2023-03-15 09:00:00+08:00,38.54999923706055,38.54999923706055,38.54999923706055,38.54999923706055,0,0.0,0.0
2023-03-15 12:00:00+08:00,37.29999923706055,38.45000076293945,37.29999923706055,38.45000076293945,3000,0.0,0.0
2023-03-15 13:00:00+08:00,38.349998474121094,38.349998474121094,38.349998474121094,38.349998474121094,1000,0.0,0.0
2023-03-16 09:00:00+08:00,37.5,38.650001525878906,37.5,38.650001525878906,0,0.0,0.0
2023-03-17 09:00:00+08:00,38.0,38.0,38.0,38.0,0,0.0,0.0
2023-03-17 12:00:00+08:00,37.29999923706055,37.29999923706055,37.20000076293945,37.20000076293945,5020,0.0,0.0
2023-03-17 13:00:00+08:00,38.150001525878906,38.150001525878906,38.150001525878906,38.150001525878906,2000,0.0,0.0
2023-03-20 11:00:00+08:00,37.04999923706055,38.04999923706055,37.0,38.04999923706055,3000,0.0,0.0
2023-03-20 12:00:00+08:00,37.04999923706055,37.04999923706055,37.0,37.0,6001,0.0,0.0
2023-03-20 13:00:00+08:00,36.900001525878906,36.900001525878906,36.79999923706055,36.79999923706055,2000,0.0,0.0
2023-03-21 12:00:00+08:00,36.79999923706055,38.150001525878906,36.70000076293945,38.150001525878906,1000,0.0,0.0
2023-03-22 09:00:00+08:00,38.349998474121094,38.349998474121094,38.349998474121094,38.349998474121094,0,0.0,0.0
2023-03-22 10:00:00+08:00,37.04999923706055,37.04999923706055,37.04999923706055,37.04999923706055,1000,0.0,0.0
2023-03-22 11:00:00+08:00,37.0,37.0,36.650001525878906,36.650001525878906,2000,0.0,0.0
2023-03-22 12:00:00+08:00,37.04999923706055,37.04999923706055,37.04999923706055,37.04999923706055,1230,0.0,0.0
2023-03-23 09:00:00+08:00,36.150001525878906,36.150001525878906,36.150001525878906,36.150001525878906,0,0.0,0.0
2023-03-24 09:00:00+08:00,35.599998474121094,35.599998474121094,35.599998474121094,35.599998474121094,0,0.0,0.0
2023-03-24 10:00:00+08:00,36.900001525878906,36.900001525878906,36.04999923706055,36.04999923706055,2000,0.0,0.0
2023-03-24 11:00:00+08:00,36.95000076293945,36.95000076293945,36.95000076293945,36.95000076293945,2000,0.0,0.0
2023-03-27 09:00:00+08:00,36.45000076293945,36.45000076293945,36.45000076293945,36.45000076293945,0,0.0,0.0
2023-03-28 09:00:00+08:00,36.04999923706055,36.04999923706055,36.04999923706055,36.04999923706055,0,0.0,0.0
2023-03-28 12:00:00+08:00,36.349998474121094,38.349998474121094,36.349998474121094,36.849998474121094,5000,0.0,0.0
2023-03-29 09:00:00+08:00,36.650001525878906,37.95000076293945,36.650001525878906,37.95000076293945,1081,0.0,0.0
2023-03-30 09:00:00+08:00,38.099998474121094,38.900001525878906,38.099998474121094,38.79999923706055,5919,0.0,0.0
2023-03-30 10:00:00+08:00,38.0,39.20000076293945,37.0,39.20000076293945,11017,0.0,0.0
2023-03-31 09:00:00+08:00,38.900001525878906,39.0,38.900001525878906,39.0,0,0.0,0.0
2023-03-31 12:00:00+08:00,37.25,37.54999923706055,37.099998474121094,37.099998474121094,0,0.0,0.0
2023-04-06 09:00:00+08:00,37.04999923706055,38.75,36.04999923706055,38.75,4000,0.0,0.0
2023-04-06 12:00:00+08:00,36.75,38.349998474121094,36.75,38.349998474121094,4000,0.0,0.0
2023-04-07 09:00:00+08:00,38.75,38.75,37.0,37.0,0,0.0,0.0
2023-04-10 09:00:00+08:00,36.20000076293945,36.20000076293945,36.20000076293945,36.20000076293945,0,0.0,0.0
2023-04-10 13:00:00+08:00,36.599998474121094,36.599998474121094,36.599998474121094,36.599998474121094,0,0.0,0.0
2023-04-12 09:00:00+08:00,36.04999923706055,36.04999923706055,36.04999923706055,36.04999923706055,1000,0.0,0.0
2023-04-12 10:00:00+08:00,37.5,37.5,36.29999923706055,36.29999923706055,2001,0.0,0.0
2023-04-14 09:00:00+08:00,37.79999923706055,37.79999923706055,36.5,36.5,0,0.0,0.0
2023-04-20 09:00:00+08:00,36.25,36.54999923706055,36.25,36.54999923706055,1988,0.0,0.0
2023-04-20 11:00:00+08:00,37.95000076293945,37.95000076293945,37.95000076293945,37.95000076293945,1000,0.0,0.0
2023-04-21 09:00:00+08:00,37.0,37.0,37.0,37.0,0,0.0,0.0
2023-04-21 10:00:00+08:00,36.5,36.5,35.75,35.75,2000,0.0,0.0
2023-04-21 11:00:00+08:00,34.54999923706055,34.54999923706055,34.54999923706055,34.54999923706055,1000,0.0,0.0
2023-04-21 13:00:00+08:00,35.75,35.75,35.75,35.75,2000,0.0,0.0
2023-04-24 09:00:00+08:00,38.150001525878906,38.150001525878906,38.150001525878906,38.150001525878906,0,0.0,0.0
2023-04-25 09:00:00+08:00,38.45000076293945,38.45000076293945,38.45000076293945,38.45000076293945,0,0.0,0.0
2023-04-28 09:00:00+08:00,37.95000076293945,37.95000076293945,37.95000076293945,37.95000076293945,1000,0.0,0.0
2023-04-28 10:00:00+08:00,36.70000076293945,36.70000076293945,36.70000076293945,36.70000076293945,1000,0.0,0.0
2023-05-03 11:00:00+08:00,37.79999923706055,38.099998474121094,37.79999923706055,38.0,5000,0.0,0.0
2023-05-04 12:00:00+08:00,37.5,37.95000076293945,37.5,37.95000076293945,2000,0.0,0.0
2023-05-04 13:00:00+08:00,37.849998474121094,37.95000076293945,37.849998474121094,37.95000076293945,5000,0.0,0.0
2023-05-08 13:00:00+08:00,39.20000076293945,39.20000076293945,37.900001525878906,39.20000076293945,3000,0.0,0.0
2023-05-09 09:00:00+08:00,39.75,39.75,39.75,39.75,0,0.0,0.0
2023-05-09 12:00:00+08:00,37.04999923706055,38.29999923706055,37.04999923706055,38.29999923706055,0,0.0,0.0
2023-05-10 09:00:00+08:00,38.95000076293945,38.95000076293945,38.95000076293945,38.95000076293945,1000,0.0,0.0
2023-05-10 10:00:00+08:00,38.45000076293945,38.45000076293945,38.45000076293945,38.45000076293945,3000,0.0,0.0
2023-05-10 12:00:00+08:00,38.0,38.150001525878906,38.0,38.150001525878906,2000,0.0,0.0
2023-05-10 13:00:00+08:00,37.5,37.54999923706055,37.5,37.54999923706055,0,0.0,0.0
2023-05-11 09:00:00+08:00,37.75,37.75,37.75,37.75,0,0.0,0.0
2023-05-11 10:00:00+08:00,37.95000076293945,37.95000076293945,37.95000076293945,37.95000076293945,3000,0.0,0.0
2023-05-11 11:00:00+08:00,37.95000076293945,38.099998474121094,37.95000076293945,38.099998474121094,6000,0.0,0.0
2023-05-11 12:00:00+08:00,38.150001525878906,38.20000076293945,38.099998474121094,38.20000076293945,5008,0.0,0.0
2023-05-11 13:00:00+08:00,38.150001525878906,38.150001525878906,38.150001525878906,38.150001525878906,10000,0.0,0.0
2023-05-12 11:00:00+08:00,37.75,37.79999923706055,36.0,36.0,2000,0.0,0.0
2023-05-12 12:00:00+08:00,37.79999923706055,37.79999923706055,37.79999923706055,37.79999923706055,1000,0.0,0.0
2023-05-12 13:00:00+08:00,37.5,37.5,37.5,37.5,1000,0.0,0.0
2023-05-16 11:00:00+08:00,37.95000076293945,37.95000076293945,36.650001525878906,36.650001525878906,0,0.0,0.0
2023-05-16 12:00:00+08:00,38.0,38.0,38.0,38.0,3000,0.0,0.0
2023-05-16 13:00:00+08:00,38.0,38.0,38.0,38.0,1000,0.0,0.0
2023-05-18 09:00:00+08:00,36.04999923706055,36.04999923706055,36.04999923706055,36.04999923706055,0,0.0,0.0
2023-05-18 11:00:00+08:00,38.150001525878906,38.29999923706055,38.150001525878906,38.29999923706055,0,0.0,0.0
2023-05-22 09:00:00+08:00,36.099998474121094,36.099998474121094,36.099998474121094,36.099998474121094,1000,0.0,0.0
2023-05-23 11:00:00+08:00,37.54999923706055,37.54999923706055,37.54999923706055,37.54999923706055,1000,0.0,0.0
2023-05-23 12:00:00+08:00,37.04999923706055,37.04999923706055,37.04999923706055,37.04999923706055,1000,0.0,0.0
2023-05-24 09:00:00+08:00,36.849998474121094,36.849998474121094,36.849998474121094,36.849998474121094,0,0.0,0.0
2023-05-24 10:00:00+08:00,38.0,38.0,36.900001525878906,36.900001525878906,2000,0.0,0.0
2023-05-24 12:00:00+08:00,37.0,37.0,37.0,37.0,2000,0.0,0.0
2023-05-24 13:00:00+08:00,37.0,37.95000076293945,37.0,37.95000076293945,3000,0.0,0.0
2023-05-25 09:00:00+08:00,38.45000076293945,38.45000076293945,38.45000076293945,38.45000076293945,0,0.0,0.0
2023-05-25 10:00:00+08:00,37.95000076293945,37.95000076293945,37.95000076293945,37.95000076293945,2000,0.0,0.0
2023-05-25 11:00:00+08:00,37.25,37.95000076293945,37.25,37.95000076293945,2000,0.0,0.0
2023-05-25 12:00:00+08:00,37.04999923706055,37.95000076293945,37.04999923706055,37.95000076293945,2000,0.0,0.0
2023-05-26 10:00:00+08:00,37.95000076293945,37.95000076293945,37.95000076293945,37.95000076293945,3000,0.0,0.0
2023-05-29 11:00:00+08:00,37.04999923706055,37.04999923706055,36.79999923706055,36.79999923706055,3000,0.0,0.0
2023-05-29 12:00:00+08:00,36.95000076293945,37.0,36.95000076293945,37.0,11000,0.0,0.0
2023-05-31 09:00:00+08:00,37.95000076293945,37.95000076293945,37.95000076293945,37.95000076293945,0,0.0,0.0
2023-06-01 09:00:00+08:00,38.650001525878906,38.650001525878906,38.650001525878906,38.650001525878906,0,0.0,0.0
2023-06-01 12:00:00+08:00,37.95000076293945,37.95000076293945,37.04999923706055,37.04999923706055,5000,0.0,0.0
2023-06-01 13:00:00+08:00,37.0,37.04999923706055,37.0,37.0,4000,0.0,0.0
2023-06-02 09:00:00+08:00,36.400001525878906,36.400001525878906,36.400001525878906,36.400001525878906,0,0.0,0.0
2023-06-05 12:00:00+08:00,36.20000076293945,36.20000076293945,36.150001525878906,36.150001525878906,1000,0.0,0.0
2023-06-06 10:00:00+08:00,36.150001525878906,36.150001525878906,36.150001525878906,36.150001525878906,0,0.0,0.0
2023-06-06 11:00:00+08:00,36.150001525878906,36.150001525878906,36.150001525878906,36.150001525878906,1000,0.0,0.0
2023-06-07 11:00:00+08:00,36.20000076293945,37.150001525878906,36.150001525878906,37.150001525878906,4758,0.0,0.0
2023-06-07 12:00:00+08:00,37.20000076293945,37.849998474121094,37.20000076293945,37.849998474121094,2000,0.0,0.0
2023-06-08 09:00:00+08:00,36.599998474121094,37.349998474121094,36.400001525878906,37.349998474121094,0,0.0,0.0
2023-06-09 09:00:00+08:00,37.849998474121094,37.849998474121094,37.849998474121094,37.849998474121094,0,0.0,0.0
2023-06-12 11:00:00+08:00,36.04999923706055,36.5,35.650001525878906,35.650001525878906,6001,0.0,0.0
2023-06-12 12:00:00+08:00,36.650001525878906,36.70000076293945,36.650001525878906,36.70000076293945,2000,0.0,0.0
2023-06-13 11:00:00+08:00,36.04999923706055,36.04999923706055,36.04999923706055,36.04999923706055,1000,0.0,0.0
2023-06-14 09:00:00+08:00,35.54999923706055,35.54999923706055,35.54999923706055,35.54999923706055,0,0.0,0.0
2023-06-15 09:00:00+08:00,35.599998474121094,35.599998474121094,35.599998474121094,35.599998474121094,0,0.0,0.0
2023-06-15 13:00:00+08:00,36.29999923706055,36.29999923706055,36.29999923706055,36.29999923706055,1000,0.0,0.0
2023-06-16 09:00:00+08:00,36.29999923706055,36.29999923706055,36.29999923706055,36.29999923706055,0,0.0,0.0
2023-06-16 13:00:00+08:00,35.04999923706055,35.599998474121094,35.04999923706055,35.04999923706055,2000,0.0,0.0
2023-06-19 09:00:00+08:00,35.099998474121094,35.099998474121094,35.099998474121094,35.099998474121094,0,0.0,0.0
2023-06-19 11:00:00+08:00,35.099998474121094,35.099998474121094,35.099998474121094,35.099998474121094,1000,0.0,0.0
2023-06-20 09:00:00+08:00,34.650001525878906,34.650001525878906,34.650001525878906,34.650001525878906,0,0.0,0.0
2023-06-20 12:00:00+08:00,36.45000076293945,36.45000076293945,36.45000076293945,36.45000076293945,1000,0.0,0.0
2023-06-21 09:00:00+08:00,35.650001525878906,35.650001525878906,35.650001525878906,35.650001525878906,0,0.0,0.0
2023-06-21 11:00:00+08:00,35.650001525878906,35.650001525878906,35.650001525878906,35.650001525878906,1000,0.0,0.0
2023-06-26 10:00:00+08:00,35.04999923706055,35.04999923706055,35.04999923706055,35.04999923706055,1452,0.0,0.0
2023-06-27 09:00:00+08:00,35.04999923706055,35.29999923706055,34.650001525878906,35.29999923706055,2548,0.0,0.0
2023-06-27 11:00:00+08:00,36.0,36.0,36.0,36.0,1140,0.0,0.0
2023-06-27 13:00:00+08:00,35.099998474121094,35.849998474121094,35.099998474121094,35.849998474121094,7000,0.0,0.0
2023-06-28 09:00:00+08:00,37.150001525878906,38.45000076293945,37.150001525878906,38.400001525878906,0,0.0,0.0
2023-06-28 11:00:00+08:00,36.650001525878906,36.79999923706055,35.599998474121094,36.79999923706055,8000,0.0,0.0
2023-06-28 12:00:00+08:00,36.79999923706055,36.79999923706055,36.79999923706055,36.79999923706055,1000,0.0,0.0
2023-06-29 09:00:00+08:00,35.54999923706055,35.54999923706055,35.54999923706055,35.54999923706055,0,0.0,0.0
2023-06-30 09:00:00+08:00,34.599998474121094,35.349998474121094,34.599998474121094,35.349998474121094,4000,0.0,0.0
2023-06-30 10:00:00+08:00,35.75,37.95000076293945,35.75,37.95000076293945,4000,0.0,0.0
2023-06-30 11:00:00+08:00,37.0,37.849998474121094,36.20000076293945,37.45000076293945,4001,0.0,0.0
2023-07-03 09:00:00+08:00,37.79999923706055,38.5,37.79999923706055,37.95000076293945,0,0.0,0.0
2023-07-04 09:00:00+08:00,37.45000076293945,37.45000076293945,37.45000076293945,37.45000076293945,1000,0.0,0.0
2023-07-04 10:00:00+08:00,36.0,37.25,35.75,37.25,13000,0.0,0.0
2023-07-04 12:00:00+08:00,35.599998474121094,37.349998474121094,35.599998474121094,37.349998474121094,3000,0.0,0.0
2023-07-05 10:00:00+08:00,36.95000076293945,36.95000076293945,36.95000076293945,36.95000076293945,1052,0.0,0.0
2023-07-06 10:00:00+08:00,35.29999923706055,36.5,35.29999923706055,36.5,1000,0.0,0.0
2023-07-06 11:00:00+08:00,33.349998474121094,33.349998474121094,33.349998474121094,33.349998474121094,7000,0.0,0.0
2023-07-06 12:00:00+08:00,33.349998474121094,35.45000076293945,33.349998474121094,33.400001525878906,19027,0.0,0.0
2023-07-07 09:00:00+08:00,33.5,34.25,33.5,34.099998474121094,0,0.0,0.0
2023-07-07 10:00:00+08:00,34.099998474121094,34.099998474121094,34.099998474121094,34.099998474121094,1000,0.0,0.0
2023-07-07 11:00:00+08:00,34.099998474121094,34.099998474121094,34.099998474121094,34.099998474121094,0,0.0,0.0
2023-07-11 12:00:00+08:00,33.5,34.0,33.5,33.5,5000,0.0,0.0
2023-07-11 13:00:00+08:00,34.45000076293945,34.45000076293945,34.45000076293945,34.45000076293945,1000,0.0,0.0
2023-07-12 10:00:00+08:00,35.45000076293945,35.45000076293945,35.45000076293945,35.45000076293945,1000,0.0,0.0
2023-07-13 11:00:00+08:00,34.099998474121094,34.099998474121094,34.099998474121094,34.099998474121094,0,0.0,0.0
2023-07-13 12:00:00+08:00,33.849998474121094,33.849998474121094,32.400001525878906,32.400001525878906,6000,0.0,0.0
2023-07-14 09:00:00+08:00,31.399999618530273,31.399999618530273,31.399999618530273,31.399999618530273,0,0.0,0.0
2023-07-14 10:00:00+08:00,32.04999923706055,32.04999923706055,32.04999923706055,32.04999923706055,2000,0.0,0.0
2023-07-14 13:00:00+08:00,32.04999923706055,32.04999923706055,32.04999923706055,32.04999923706055,10000,0.0,0.0
2023-07-17 09:00:00+08:00,34.650001525878906,34.70000076293945,34.650001525878906,34.70000076293945,0,0.0,0.0
2023-07-18 09:00:00+08:00,35.45000076293945,35.45000076293945,35.45000076293945,35.45000076293945,0,0.0,0.0
2023-07-19 09:00:00+08:00,35.900001525878906,35.900001525878906,35.900001525878906,35.900001525878906,0,0.0,0.0
2023-07-20 09:00:00+08:00,36.45000076293945,36.45000076293945,36.45000076293945,36.45000076293945,0,0.0,0.0
2023-07-21 09:00:00+08:00,36.45000076293945,36.900001525878906,36.45000076293945,36.849998474121094,3200,0.0,0.0
2023-07-21 11:00:00+08:00,33.20000076293945,36.099998474121094,33.20000076293945,36.099998474121094,8000,0.0,0.0
2023-07-24 09:00:00+08:00,36.0,36.0,36.0,36.0,0,0.0,0.0
2023-07-24 11:00:00+08:00,34.29999923706055,35.20000076293945,33.400001525878906,35.20000076293945,0,0.0,0.0
2023-07-25 09:00:00+08:00,35.0,35.0,35.0,35.0,1000,0.0,0.0
2023-07-26 09:00:00+08:00,33.650001525878906,34.75,33.20000076293945,33.20000076293945,4000,0.0,0.0
2023-07-26 10:00:00+08:00,34.75,34.75,32.04999923706055,32.04999923706055,6000,0.0,0.0
2023-07-26 11:00:00+08:00,32.25,33.349998474121094,32.25,33.349998474121094,0,0.0,0.0
2023-07-27 09:00:00+08:00,32.20000076293945,32.20000076293945,32.20000076293945,32.20000076293945,1000,0.0,0.0
2023-07-27 10:00:00+08:00,32.04999923706055,33.150001525878906,32.04999923706055,33.150001525878906,0,0.0,0.0
2023-07-28 09:00:00+08:00,34.29999923706055,34.29999923706055,34.29999923706055,34.29999923706055,0,0.0,0.0
2023-07-31 09:00:00+08:00,34.29999923706055,34.95000076293945,34.29999923706055,34.95000076293945,2000,0.0,0.0
2023-07-31 10:00:00+08:00,34.75,34.75,34.75,34.75,0,0.0,0.0
2023-08-01 09:00:00+08:00,35.150001525878906,35.150001525878906,35.150001525878906,35.150001525878906,1000,0.0,0.0
2023-08-02 09:00:00+08:00,31.799999237060547,31.799999237060547,31.799999237060547,31.799999237060547,1069,0.0,0.0
2023-08-02 11:00:00+08:00,31.850000381469727,32.900001525878906,31.850000381469727,32.900001525878906,3001,0.0,0.0
2023-08-02 13:00:00+08:00,33.849998474121094,33.849998474121094,33.849998474121094,33.849998474121094,1000,0.0,0.0
2023-08-04 09:00:00+08:00,35.0,36.20000076293945,35.0,36.150001525878906,1083,0.0,0.0
2023-08-04 12:00:00+08:00,35.5,35.5,35.5,35.5,1059,0.0,0.0
2023-08-07 09:00:00+08:00,33.04999923706055,33.04999923706055,33.04999923706055,33.04999923706055,0,0.0,0.0
2023-08-07 12:00:00+08:00,32.54999923706055,32.54999923706055,32.54999923706055,32.54999923706055,0,0.0,0.0
2023-08-08 09:00:00+08:00,32.5,32.5,31.399999618530273,31.399999618530273,2000,0.0,0.0
2023-08-09 09:00:00+08:00,30.549999237060547,30.549999237060547,30.549999237060547,30.549999237060547,1000,0.0,0.0
2023-08-09 11:00:00+08:00,30.850000381469727,31.0,30.850000381469727,31.0,0,0.0,0.0
2023-08-10 09:00:00+08:00,30.350000381469727,32.29999923706055,30.350000381469727,32.29999923706055,3000,0.0,0.0
2023-08-10 10:00:00+08:00,33.349998474121094,33.349998474121094,33.349998474121094,33.349998474121094,1210,0.0,0.0
2023-08-10 12:00:00+08:00,31.950000762939453,33.29999923706055,31.950000762939453,33.29999923706055,0,0.0,0.0
2023-08-11 09:00:00+08:00,34.45000076293945,34.45000076293945,34.45000076293945,34.45000076293945,1001,0.0,0.0
2023-08-11 12:00:00+08:00,33.099998474121094,34.349998474121094,32.70000076293945,33.79999923706055,5599,0.0,0.0
2023-08-11 13:00:00+08:00,34.29999923706055,34.29999923706055,33.29999923706055,34.150001525878906,0,0.0,0.0
2023-08-14 09:00:00+08:00,32.75,32.75,32.70000076293945,32.70000076293945,2001,0.0,0.0
2023-08-14 10:00:00+08:00,31.0,31.0,31.0,31.0,0,0.0,0.0
2023-08-15 09:00:00+08:00,32.20000076293945,32.20000076293945,29.600000381469727,29.600000381469727,2102,0.0,0.0
2023-08-15 11:00:00+08:00,30.200000762939453,31.0,30.200000762939453,31.0,2000,0.0,0.0
2023-08-15 12:00:00+08:00,31.799999237060547,32.900001525878906,31.799999237060547,32.900001525878906,5000,0.0,0.0
2023-08-15 13:00:00+08:00,33.0,33.95000076293945,33.0,33.95000076293945,2200,0.0,0.0
2023-08-16 09:00:00+08:00,34.400001525878906,34.849998474121094,34.400001525878906,34.849998474121094,50,0.0,0.0
2023-08-17 11:00:00+08:00,32.599998474121094,32.95000076293945,31.600000381469727,31.600000381469727,1000,0.0,0.0
2023-08-17 12:00:00+08:00,32.5,32.599998474121094,32.5,32.599998474121094,11062,0.0,0.0
2023-08-17 13:00:00+08:00,32.04999923706055,32.04999923706055,32.04999923706055,32.04999923706055,0,0.0,0.0
2023-08-18 11:00:00+08:00,32.04999923706055,32.04999923706055,32.04999923706055,32.04999923706055,1001,0.0,0.0
2023-08-18 13:00:00+08:00,32.04999923706055,32.04999923706055,32.0,32.0,2000,0.0,0.0
2023-08-21 09:00:00+08:00,31.049999237060547,31.049999237060547,31.049999237060547,31.049999237060547,0,0.0,0.0
2023-08-22 09:00:00+08:00,30.649999618530273,30.649999618530273,30.649999618530273,30.649999618530273,2001,0.0,0.0
2023-08-22 11:00:00+08:00,31.049999237060547,33.45000076293945,31.049999237060547,33.45000076293945,13000,0.0,0.0
2023-08-22 12:00:00+08:00,32.95000076293945,32.95000076293945,32.95000076293945,32.95000076293945,1000,0.0,0.0
2023-08-22 13:00:00+08:00,31.25,33.20000076293945,31.25,33.20000076293945,0,0.0,0.0
2023-08-23 09:00:00+08:00,33.45000076293945,35.400001525878906,33.45000076293945,35.0,8000,0.0,0.0
2023-08-23 10:00:00+08:00,35.25,35.25,35.25,35.25,1002,0.0,0.0
2023-08-24 09:00:00+08:00,36.099998474121094,36.099998474121094,32.0,33.900001525878906,998,0.0,0.0
2023-08-24 10:00:00+08:00,32.79999923706055,34.349998474121094,32.25,34.349998474121094,0,0.0,0.0
2023-08-25 09:00:00+08:00,33.95000076293945,33.95000076293945,33.95000076293945,33.95000076293945,1001,0.0,0.0
2023-08-30 09:00:00+08:00,31.700000762939453,31.700000762939453,31.200000762939453,31.200000762939453,4006,0.0,0.0
2023-08-30 13:00:00+08:00,31.399999618530273,32.25,31.350000381469727,32.25,3292,0.0,0.0
2023-08-31 09:00:00+08:00,31.149999618530273,31.149999618530273,31.100000381469727,31.100000381469727,0,0.0,0.0
2023-08-31 12:00:00+08:00,31.149999618530273,31.149999618530273,31.100000381469727,31.100000381469727,2000,0.0,0.0
2023-09-01 09:00:00+08:00,30.75,30.75,30.75,30.75,0,0.0,0.0
2023-09-01 11:00:00+08:00,30.799999237060547,30.799999237060547,30.799999237060547,30.799999237060547,1001,0.0,0.0
2023-09-04 09:00:00+08:00,30.200000762939453,30.200000762939453,30.200000762939453,30.200000762939453,0,0.0,0.0
2023-09-05 09:00:00+08:00,29.549999237060547,29.549999237060547,29.549999237060547,29.549999237060547,0,0.0,0.0
2023-09-06 09:00:00+08:00,29.049999237060547,29.049999237060547,29.049999237060547,29.049999237060547,0,0.0,0.0
2023-09-07 09:00:00+08:00,28.649999618530273,29.850000381469727,28.649999618530273,29.850000381469727,2730,0.0,0.0
2023-09-07 11:00:00+08:00,29.149999618530273,29.149999618530273,29.149999618530273,29.149999618530273,1000,0.0,0.0
2023-09-08 09:00:00+08:00,28.850000381469727,28.850000381469727,28.850000381469727,28.850000381469727,0,0.0,0.0
2023-09-08 11:00:00+08:00,29.0,31.950000762939453,29.0,31.950000762939453,20000,0.0,0.0
2023-09-11 09:00:00+08:00,32.95000076293945,32.95000076293945,31.149999618530273,32.75,0,0.0,0.0
2023-09-12 09:00:00+08:00,33.04999923706055,33.04999923706055,33.04999923706055,33.04999923706055,0,0.0,0.0
2023-09-13 09:00:00+08:00,31.399999618530273,31.899999618530273,29.799999237060547,31.899999618530273,12000,0.0,0.0
2023-09-13 10:00:00+08:00,30.200000762939453,30.75,29.75,30.75,0,0.0,0.0
2023-09-13 11:00:00+08:00,31.149999618530273,31.149999618530273,29.75,29.75,24295,0.0,0.0
2023-09-13 12:00:00+08:00,30.75,30.75,30.75,30.75,1000,0.0,0.0
2023-09-14 09:00:00+08:00,29.75,29.75,28.149999618530273,29.399999618530273,1000,0.0,0.0
2023-09-15 09:00:00+08:00,29.549999237060547,29.549999237060547,28.450000762939453,28.450000762939453,0,0.0,0.0
2023-09-15 10:00:00+08:00,28.950000762939453,28.950000762939453,28.950000762939453,28.950000762939453,1009,0.0,0.0
2023-09-18 09:00:00+08:00,28.049999237060547,28.049999237060547,28.049999237060547,28.049999237060547,0,0.0,0.0
2023-09-19 09:00:00+08:00,27.549999237060547,27.549999237060547,27.549999237060547,27.549999237060547,1033,0.0,0.0
2023-09-20 09:00:00+08:00,27.600000381469727,27.600000381469727,27.600000381469727,27.600000381469727,0,0.0,0.0
2023-09-20 10:00:00+08:00,30.25,30.25,28.0,28.0,3000,0.0,0.0
2023-09-20 13:00:00+08:00,30.149999618530273,30.149999618530273,29.149999618530273,29.149999618530273,2000,0.0,0.0
2023-09-21 09:00:00+08:00,28.25,28.25,28.25,28.25,0,0.0,0.0
2023-09-21 13:00:00+08:00,30.149999618530273,31.200000762939453,30.149999618530273,31.200000762939453,0,0.0,0.0
2023-09-22 10:00:00+08:00,29.25,31.049999237060547,29.25,31.049999237060547,1000,0.0,0.0
2023-09-25 09:00:00+08:00,31.149999618530273,31.149999618530273,31.149999618530273,31.149999618530273,1103,0.0,0.0
2023-09-26 09:00:00+08:00,31.25,31.399999618530273,31.25,31.399999618530273,2294,0.0,0.0
2023-09-26 12:00:00+08:00,30.950000762939453,30.950000762939453,30.950000762939453,30.950000762939453,2100,0.0,0.0
2023-09-27 09:00:00+08:00,28.549999237060547,28.549999237060547,28.549999237060547,28.549999237060547,0,0.0,0.0
2023-09-27 10:00:00+08:00,29.5,29.5,29.5,29.5,1002,0.0,0.0
2023-09-27 13:00:00+08:00,29.399999618530273,29.399999618530273,28.850000381469727,28.850000381469727,3150,0.0,0.0
2023-10-02 12:00:00+08:00,28.149999618530273,28.149999618530273,28.149999618530273,28.149999618530273,0,0.0,0.0
2023-10-02 13:00:00+08:00,28.25,30.200000762939453,28.25,30.200000762939453,9000,0.0,0.0
2023-10-03 09:00:00+08:00,30.950000762939453,30.950000762939453,30.950000762939453,30.950000762939453,0,0.0,0.0
2023-10-03 10:00:00+08:00,30.600000381469727,30.600000381469727,30.600000381469727,30.600000381469727,1000,0.0,0.0
2023-10-04 09:00:00+08:00,30.75,30.75,30.75,30.75,0,0.0,0.0
2023-10-05 09:00:00+08:00,30.700000762939453,30.700000762939453,30.700000762939453,30.700000762939453,0,0.0,0.0
2023-10-05 11:00:00+08:00,29.5,30.299999237060547,29.5,30.299999237060547,2000,0.0,0.0
2023-10-05 13:00:00+08:00,29.0,29.950000762939453,29.0,29.950000762939453,2000,0.0,0.0
2023-10-06 10:00:00+08:00,29.950000762939453,29.950000762939453,29.950000762939453,29.950000762939453,0,0.0,0.0
2023-10-06 12:00:00+08:00,27.799999237060547,28.799999237060547,27.799999237060547,27.799999237060547,4000,0.0,0.0
2023-10-11 11:00:00+08:00,27.799999237060547,28.799999237060547,27.049999237060547,28.799999237060547,6000,0.0,0.0
2023-10-11 13:00:00+08:00,28.950000762939453,28.950000762939453,28.950000762939453,28.950000762939453,0,0.0,0.0
2023-10-12 09:00:00+08:00,28.549999237060547,28.549999237060547,27.75,27.75,3001,0.0,0.0
2023-10-12 10:00:00+08:00,27.75,29.649999618530273,27.75,29.649999618530273,7000,0.0,0.0
2023-10-12 12:00:00+08:00,28.399999618530273,28.399999618530273,27.75,27.75,6000,0.0,0.0
2023-10-13 09:00:00+08:00,29.649999618530273,29.649999618530273,29.450000762939453,29.600000381469727,0,0.0,0.0
2023-10-13 12:00:00+08:00,29.450000762939453,29.450000762939453,29.450000762939453,29.450000762939453,1099,0.0,0.0
2023-10-16 09:00:00+08:00,27.850000381469727,28.299999237060547,27.850000381469727,28.299999237060547,0,0.0,0.0
2023-10-16 11:00:00+08:00,29.25,29.25,29.25,29.25,3004,0.0,0.0
2023-10-17 09:00:00+08:00,28.25,28.25,27.850000381469727,27.850000381469727,11,0.0,0.0
2023-10-18 09:00:00+08:00,27.450000762939453,27.450000762939453,27.450000762939453,27.450000762939453,8985,0.0,0.0
2023-10-18 10:00:00+08:00,27.450000762939453,27.450000762939453,27.450000762939453,27.450000762939453,0,0.0,0.0
2023-10-18 11:00:00+08:00,28.399999618530273,28.399999618530273,28.399999618530273,28.399999618530273,0,0.0,0.0
2023-10-18 12:00:00+08:00,28.399999618530273,29.350000381469727,28.399999618530273,29.350000381469727,17000,0.0,0.0
2023-10-19 09:00:00+08:00,29.75,30.75,29.600000381469727,30.049999237060547,2000,0.0,0.0
2023-10-20 09:00:00+08:00,28.049999237060547,28.049999237060547,28.049999237060547,28.049999237060547,0,0.0,0.0
2023-10-20 10:00:00+08:00,28.100000381469727,29.75,28.049999237060547,29.75,32000,0.0,0.0
2023-10-20 12:00:00+08:00,29.299999237060547,29.299999237060547,29.299999237060547,29.299999237060547,1000,0.0,0.0
2023-10-23 09:00:00+08:00,30.299999237060547,30.299999237060547,30.299999237060547,30.299999237060547,0,0.0,0.0
2023-10-23 11:00:00+08:00,28.25,28.25,28.0,28.200000762939453,11099,0.0,0.0
2023-10-24 09:00:00+08:00,27.649999618530273,28.899999618530273,27.649999618530273,28.899999618530273,5000,0.0,0.0
2023-10-24 10:00:00+08:00,28.899999618530273,28.899999618530273,28.899999618530273,28.899999618530273,1051,0.0,0.0
2023-10-24 11:00:00+08:00,28.899999618530273,28.899999618530273,28.899999618530273,28.899999618530273,2000,0.0,0.0
2023-10-25 12:00:00+08:00,28.899999618530273,28.899999618530273,28.899999618530273,28.899999618530273,1000,0.0,0.0
2023-10-25 13:00:00+08:00,28.950000762939453,29.350000381469727,28.950000762939453,29.350000381469727,2000,0.0,0.0
2023-10-26 09:00:00+08:00,29.75,29.75,29.75,29.75,0,0.0,0.0
2023-10-27 09:00:00+08:00,29.950000762939453,29.950000762939453,29.950000762939453,29.950000762939453,0,0.0,0.0
2023-10-30 11:00:00+08:00,28.799999237060547,28.799999237060547,28.75,28.75,1759,0.0,0.0
2023-10-31 09:00:00+08:00,28.049999237060547,28.049999237060547,28.049999237060547,28.049999237060547,0,0.0,0.0
2023-10-31 10:00:00+08:00,28.100000381469727,28.100000381469727,28.049999237060547,28.049999237060547,15000,0.0,0.0
2023-10-31 11:00:00+08:00,28.899999618530273,28.899999618530273,28.899999618530273,28.899999618530273,1001,0.0,0.0
2023-10-31 12:00:00+08:00,28.149999618530273,28.149999618530273,28.100000381469727,28.100000381469727,2000,0.0,0.0
2023-10-31 13:00:00+08:00,28.25,28.25,28.100000381469727,28.100000381469727,7000,0.0,0.0
2023-11-01 09:00:00+08:00,27.549999237060547,27.549999237060547,27.549999237060547,27.549999237060547,0,0.0,0.0
2023-11-01 13:00:00+08:00,28.399999618530273,28.399999618530273,28.399999618530273,28.399999618530273,0,0.0,0.0
2023-11-02 09:00:00+08:00,28.399999618530273,28.399999618530273,28.399999618530273,28.399999618530273,1000,0.0,0.0
2023-11-02 13:00:00+08:00,28.0,28.0,28.0,28.0,1000,0.0,0.0
2023-11-03 09:00:00+08:00,27.5,27.5,27.5,27.5,0,0.0,0.0
2023-11-03 10:00:00+08:00,27.899999618530273,27.899999618530273,27.899999618530273,27.899999618530273,2000,0.0,0.0
2023-11-07 09:00:00+08:00,27.049999237060547,27.049999237060547,27.049999237060547,27.049999237060547,0,0.0,0.0
2023-11-07 10:00:00+08:00,27.350000381469727,27.350000381469727,27.350000381469727,27.350000381469727,0,0.0,0.0
2023-11-08 09:00:00+08:00,27.149999618530273,27.149999618530273,27.149999618530273,27.149999618530273,1002,0.0,0.0
2023-11-13 09:00:00+08:00,25.549999237060547,25.549999237060547,25.549999237060547,25.549999237060547,0,0.0,0.0
2023-11-13 13:00:00+08:00,26.549999237060547,26.549999237060547,26.549999237060547,26.549999237060547,1034,0.0,0.0
2023-11-14 09:00:00+08:00,26.049999237060547,26.049999237060547,26.049999237060547,26.049999237060547,0,0.0,0.0
2023-11-17 10:00:00+08:00,28.399999618530273,28.399999618530273,28.399999618530273,28.399999618530273,1137,0.0,0.0
2023-11-17 11:00:00+08:00,28.5,28.5,28.399999618530273,28.399999618530273,3000,0.0,0.0
2023-11-17 13:00:00+08:00,28.350000381469727,28.350000381469727,28.350000381469727,28.350000381469727,1000,0.0,0.0
2023-11-20 09:00:00+08:00,27.350000381469727,27.350000381469727,27.350000381469727,27.350000381469727,0,0.0,0.0
2023-11-21 09:00:00+08:00,27.399999618530273,27.399999618530273,27.399999618530273,27.399999618530273,0,0.0,0.0
2023-11-21 11:00:00+08:00,27.5,28.149999618530273,27.5,28.149999618530273,3000,0.0,0.0
2023-11-21 13:00:00+08:00,27.5,27.5,27.5,27.5,0,0.0,0.0
2023-11-22 11:00:00+08:00,27.399999618530273,27.450000762939453,27.399999618530273,27.450000762939453,2000,0.0,0.0
2023-11-22 12:00:00+08:00,27.5,27.950000762939453,27.100000381469727,27.899999618530273,5000,0.0,0.0
2023-11-23 09:00:00+08:00,28.25,28.25,28.25,28.25,0,0.0,0.0
2023-11-23 10:00:00+08:00,28.149999618530273,28.149999618530273,28.149999618530273,28.149999618530273,0,0.0,0.0
2023-11-24 12:00:00+08:00,27.399999618530273,27.399999618530273,27.399999618530273,27.399999618530273,2050,0.0,0.0
2023-11-27 12:00:00+08:00,27.149999618530273,27.149999618530273,27.149999618530273,27.149999618530273,0,0.0,0.0
2023-11-28 09:00:00+08:00,26.549999237060547,26.549999237060547,26.549999237060547,26.549999237060547,0,0.0,0.0
2023-11-28 10:00:00+08:00,26.600000381469727,27.5,26.600000381469727,26.899999618530273,7000,0.0,0.0
2023-11-28 11:00:00+08:00,27.049999237060547,27.049999237060547,27.049999237060547,27.049999237060547,1000,0.0,0.0
2023-11-28 12:00:00+08:00,27.350000381469727,27.350000381469727,27.350000381469727,27.350000381469727,0,0.0,0.0
2023-11-29 09:00:00+08:00,27.549999237060547,27.549999237060547,27.549999237060547,27.549999237060547,1200,0.0,0.0
2023-11-30 09:00:00+08:00,27.5,27.5,25.350000381469727,25.350000381469727,1929,0.0,0.0
2023-11-30 12:00:00+08:00,27.25,27.799999237060547,27.25,27.799999237060547,0,0.0,0.0
2023-12-05 10:00:00+08:00,27.350000381469727,27.350000381469727,27.350000381469727,27.350000381469727,922,0.0,0.0
2023-12-06 09:00:00+08:00,27.149999618530273,28.25,27.149999618530273,28.25,4063,0.0,0.0
2023-12-07 09:00:00+08:00,27.700000762939453,27.700000762939453,27.700000762939453,27.700000762939453,0,0.0,0.0
2023-12-07 10:00:00+08:00,28.25,28.25,28.25,28.25,1000,0.0,0.0
2023-12-07 11:00:00+08:00,28.0,28.0,28.0,28.0,1000,0.0,0.0
2023-12-07 13:00:00+08:00,27.450000762939453,27.450000762939453,27.450000762939453,27.450000762939453,2000,0.0,0.0
2023-12-08 10:00:00+08:00,27.100000381469727,27.100000381469727,27.100000381469727,27.100000381469727,0,0.0,0.0
2023-12-08 11:00:00+08:00,27.950000762939453,27.950000762939453,27.950000762939453,27.950000762939453,0,0.0,0.0
2023-12-11 09:00:00+08:00,25.549999237060547,25.549999237060547,25.549999237060547,25.549999237060547,1217,0.0,0.0
2023-12-12 09:00:00+08:00,24.700000762939453,24.700000762939453,24.700000762939453,24.700000762939453,0,0.0,0.0
2023-12-13 09:00:00+08:00,25.200000762939453,25.200000762939453,25.200000762939453,25.200000762939453,2444,0.0,0.0
2023-12-14 09:00:00+08:00,25.5,25.5,25.25,25.25,0,0.0,0.0
2023-12-15 10:00:00+08:00,25.549999237060547,25.549999237060547,25.549999237060547,25.549999237060547,0,0.0,0.0
2023-12-15 12:00:00+08:00,26.950000762939453,27.450000762939453,26.950000762939453,27.450000762939453,0,0.0,0.0
2023-12-15 13:00:00+08:00,27.450000762939453,27.75,27.450000762939453,27.75,16160,0.0,0.0
2023-12-18 09:00:00+08:00,27.75,27.75,26.399999618530273,27.200000762939453,0,0.0,0.0
2023-12-18 11:00:00+08:00,27.950000762939453,27.950000762939453,27.950000762939453,27.950000762939453,0,0.0,0.0
2023-12-19 12:00:00+08:00,27.0,27.75,26.899999618530273,27.75,3000,0.0,0.0
2023-12-20 09:00:00+08:00,27.850000381469727,27.850000381469727,27.850000381469727,27.850000381469727,0,0.0,0.0
2023-12-21 09:00:00+08:00,27.850000381469727,27.850000381469727,27.850000381469727,27.850000381469727,0,0.0,0.0
2023-12-22 10:00:00+08:00,26.549999237060547,26.549999237060547,25.649999618530273,25.649999618530273,4100,0.0,0.0
2023-12-25 09:00:00+08:00,26.600000381469727,26.950000762939453,25.75,25.75,0,0.0,0.0
2023-12-28 12:00:00+08:00,26.5,26.850000381469727,26.5,26.850000381469727,1995,0.0,0.0
2023-12-29 09:00:00+08:00,27.450000762939453,27.450000762939453,27.450000762939453,27.450000762939453,0,0.0,0.0
2023-12-29 10:00:00+08:00,27.450000762939453,27.450000762939453,27.450000762939453,27.450000762939453,1020,0.0,0.0
2023-12-29 12:00:00+08:00,26.25,26.25,26.25,26.25,1600,0.0,0.0
2024-01-02 09:00:00+08:00,25.75,25.75,25.75,25.75,0,0.0,0.0
2024-01-03 09:00:00+08:00,26.350000381469727,28.299999237060547,26.350000381469727,28.299999237060547,14251,0.0,0.0
2024-01-03 10:00:00+08:00,28.299999237060547,28.299999237060547,28.299999237060547,28.299999237060547,0,0.0,0.0
2024-01-04 09:00:00+08:00,31.100000381469727,31.100000381469727,31.100000381469727,31.100000381469727,9823,0.0,0.0
2024-01-04 13:00:00+08:00,31.100000381469727,31.100000381469727,31.100000381469727,31.100000381469727,1000,0.0,0.0
2024-01-05 09:00:00+08:00,33.599998474121094,33.599998474121094,32.900001525878906,33.0,13169,0.0,0.0
2024-01-05 10:00:00+08:00,32.04999923706055,34.0,31.450000762939453,34.0,10000,0.0,0.0
2024-01-05 11:00:00+08:00,34.0,34.20000076293945,34.0,34.20000076293945,11176,0.0,0.0
2024-01-05 12:00:00+08:00,34.20000076293945,34.20000076293945,34.099998474121094,34.099998474121094,2254,0.0,0.0
2024-01-05 13:00:00+08:00,33.5,33.5,32.29999923706055,32.29999923706055,6726,0.0,0.0
2024-01-08 09:00:00+08:00,32.79999923706055,33.5,31.5,31.549999237060547,0,0.0,0.0
2024-01-08 11:00:00+08:00,32.0,32.0,31.950000762939453,31.950000762939453,2000,0.0,0.0
2024-01-08 12:00:00+08:00,32.04999923706055,32.04999923706055,32.04999923706055,32.04999923706055,1000,0.0,0.0
2024-01-08 13:00:00+08:00,33.25,33.25,33.25,33.25,1000,0.0,0.0
2024-01-09 10:00:00+08:00,30.850000381469727,30.850000381469727,30.200000762939453,30.200000762939453,0,0.0,0.0
2024-01-09 13:00:00+08:00,31.600000381469727,31.649999618530273,31.600000381469727,31.649999618530273,3000,0.0,0.0
2024-01-10 09:00:00+08:00,29.700000762939453,29.700000762939453,29.200000762939453,29.200000762939453,0,0.0,0.0
2024-01-10 11:00:00+08:00,29.200000762939453,29.200000762939453,29.200000762939453,29.200000762939453,1000,0.0,0.0
2024-01-10 12:00:00+08:00,29.200000762939453,29.700000762939453,29.200000762939453,29.700000762939453,3000,0.0,0.0
2024-01-11 09:00:00+08:00,29.549999237060547,29.549999237060547,29.5,29.5,0,0.0,0.0
2024-01-11 10:00:00+08:00,30.899999618530273,30.899999618530273,29.549999237060547,29.549999237060547,2000,0.0,0.0
2024-01-11 11:00:00+08:00,30.950000762939453,30.950000762939453,30.950000762939453,30.950000762939453,0,0.0,0.0
2024-01-12 09:00:00+08:00,30.700000762939453,30.700000762939453,30.700000762939453,30.700000762939453,1000,0.0,0.0
2024-01-12 11:00:00+08:00,30.0,30.0,30.0,30.0,1000,0.0,0.0
2024-01-15 09:00:00+08:00,28.149999618530273,28.149999618530273,28.149999618530273,28.149999618530273,0,0.0,0.0
2024-01-15 11:00:00+08:00,28.200000762939453,28.200000762939453,28.200000762939453,28.200000762939453,1209,0.0,0.0
2024-01-16 09:00:00+08:00,27.25,27.25,27.25,27.25,790,0.0,0.0
2024-01-16 11:00:00+08:00,28.200000762939453,29.149999618530273,28.200000762939453,29.149999618530273,4000,0.0,0.0
2024-01-16 12:00:00+08:00,29.149999618530273,29.149999618530273,29.149999618530273,29.149999618530273,1000,0.0,0.0
2024-01-17 09:00:00+08:00,29.75,29.75,29.75,29.75,0,0.0,0.0
2024-01-17 13:00:00+08:00,29.299999237060547,29.299999237060547,29.299999237060547,29.299999237060547,1000,0.0,0.0
2024-01-18 09:00:00+08:00,29.950000762939453,29.950000762939453,29.950000762939453,29.950000762939453,0,0.0,0.0
2024-01-19 09:00:00+08:00,29.75,29.75,28.350000381469727,28.350000381469727,4951,0.0,0.0
2024-01-19 10:00:00+08:00,28.350000381469727,28.399999618530273,28.350000381469727,28.399999618530273,2040,0.0,0.0
2024-01-19 13:00:00+08:00,28.399999618530273,28.399999618530273,28.399999618530273,28.399999618530273,1000,0.0,0.0
2024-01-22 09:00:00+08:00,27.450000762939453,27.649999618530273,27.450000762939453,27.649999618530273,0,0.0,0.0
2024-01-22 10:00:00+08:00,29.399999618530273,29.399999618530273,29.399999618530273,29.399999618530273,0,0.0,0.0
2024-01-23 10:00:00+08:00,29.350000381469727,29.350000381469727,29.350000381469727,29.350000381469727,0,0.0,0.0
2024-01-23 11:00:00+08:00,29.350000381469727,29.350000381469727,29.350000381469727,29.350000381469727,25,0.0,0.0
2024-01-25 09:00:00+08:00,29.649999618530273,29.649999618530273,29.649999618530273,29.649999618530273,975,0.0,0.0
2024-01-26 09:00:00+08:00,29.5,29.5,28.049999237060547,28.200000762939453,2025,0.0,0.0
2024-01-26 10:00:00+08:00,28.200000762939453,28.200000762939453,28.200000762939453,28.200000762939453,1317,0.0,0.0
2024-01-29 09:00:00+08:00,27.549999237060547,27.549999237060547,27.549999237060547,27.549999237060547,0,0.0,0.0
2024-01-30 09:00:00+08:00,27.299999237060547,27.299999237060547,27.299999237060547,27.299999237060547,0,0.0,0.0
2024-01-30 12:00:00+08:00,27.299999237060547,27.299999237060547,27.299999237060547,27.299999237060547,1000,0.0,0.0
2024-01-30 13:00:00+08:00,29.350000381469727,29.350000381469727,29.350000381469727,29.350000381469727,0,0.0,0.0
2024-01-31 12:00:00+08:00,29.149999618530273,29.149999618530273,29.149999618530273,29.149999618530273,1001,0.0,0.0
2024-02-01 09:00:00+08:00,28.149999618530273,28.950000762939453,28.149999618530273,28.950000762939453,0,0.0,0.0
2024-02-02 09:00:00+08:00,29.75,29.75,28.950000762939453,28.950000762939453,3000,0.0,0.0
2024-02-05 09:00:00+08:00,27.049999237060547,27.049999237060547,27.049999237060547,27.049999237060547,0,0.0,0.0
2024-02-05 11:00:00+08:00,27.149999618530273,27.149999618530273,27.149999618530273,27.149999618530273,1000,0.0,0.0
2024-02-15 09:00:00+08:00,25.350000381469727,25.5,25.350000381469727,25.5,0,0.0,0.0
2024-02-15 10:00:00+08:00,26.600000381469727,26.75,26.600000381469727,26.75,4000,0.0,0.0
2024-02-15 11:00:00+08:00,28.0,28.0,28.0,28.0,1000,0.0,0.0
2024-02-15 12:00:00+08:00,28.049999237060547,29.350000381469727,28.049999237060547,29.350000381469727,2000,0.0,0.0
2024-02-15 13:00:00+08:00,29.5,29.5,29.0,29.0,0,0.0,0.0
2024-02-16 09:00:00+08:00,30.0,30.350000381469727,28.950000762939453,28.950000762939453,0,0.0,0.0
2024-02-16 10:00:00+08:00,28.149999618530273,28.149999618530273,28.149999618530273,28.149999618530273,9000,0.0,0.0
2024-02-16 11:00:00+08:00,28.149999618530273,29.350000381469727,28.149999618530273,29.350000381469727,0,0.0,0.0
2024-02-16 12:00:00+08:00,29.200000762939453,29.200000762939453,29.200000762939453,29.200000762939453,0,0.0,0.0
2024-02-16 13:00:00+08:00,29.0,29.0,29.0,29.0,14146,0.0,0.0
2024-02-19 09:00:00+08:00,29.149999618530273,29.149999618530273,29.149999618530273,29.149999618530273,0,0.0,0.0
2024-02-19 12:00:00+08:00,28.899999618530273,28.899999618530273,28.899999618530273,28.899999618530273,1000,0.0,0.0
2024-02-20 09:00:00+08:00,28.049999237060547,28.950000762939453,28.049999237060547,28.950000762939453,460,0.0,0.0
2024-02-20 11:00:00+08:00,28.899999618530273,29.450000762939453,28.899999618530273,29.450000762939453,2200,0.0,0.0
2024-02-21 09:00:00+08:00,29.549999237060547,29.549999237060547,29.549999237060547,29.549999237060547,0,0.0,0.0
2024-02-21 10:00:00+08:00,28.75,29.450000762939453,28.75,29.450000762939453,2001,0.0,0.0
2024-02-22 09:00:00+08:00,28.799999237060547,29.25,28.799999237060547,29.25,0,0.0,0.0
2024-02-22 10:00:00+08:00,28.049999237060547,29.0,28.049999237060547,29.0,2000,0.0,0.0
2024-02-22 11:00:00+08:00,28.799999237060547,28.799999237060547,28.799999237060547,28.799999237060547,1000,0.0,0.0
2024-02-22 12:00:00+08:00,28.799999237060547,29.75,28.799999237060547,29.600000381469727,0,0.0,0.0
2024-02-23 09:00:00+08:00,29.5,29.899999618530273,29.5,29.899999618530273,2999,0.0,0.0
2024-02-23 10:00:00+08:00,29.600000381469727,29.649999618530273,29.600000381469727,29.649999618530273,2160,0.0,0.0
2024-02-23 11:00:00+08:00,29.0,29.549999237060547,28.649999618530273,28.649999618530273,3000,0.0,0.0
2024-02-23 12:00:00+08:00,28.799999237060547,28.799999237060547,28.799999237060547,28.799999237060547,1000,0.0,0.0
2024-02-23 13:00:00+08:00,28.5,29.450000762939453,28.5,29.450000762939453,2000,0.0,0.0
2024-02-26 11:00:00+08:00,28.100000381469727,29.200000762939453,28.100000381469727,29.200000762939453,1000,0.0,0.0
2024-02-27 09:00:00+08:00,29.75,29.75,29.75,29.75,0,0.0,0.0
2024-02-27 10:00:00+08:00,28.0,28.0,28.0,28.0,4000,0.0,0.0
2024-02-27 12:00:00+08:00,28.0,29.75,28.0,29.75,11000,0.0,0.0
2024-02-29 09:00:00+08:00,28.799999237060547,29.450000762939453,28.799999237060547,29.450000762939453,0,0.0,0.0
2024-03-01 09:00:00+08:00,29.549999237060547,29.549999237060547,28.0,28.0,6000,0.0,0.0
2024-03-01 11:00:00+08:00,28.299999237060547,28.950000762939453,28.299999237060547,28.950000762939453,3000,0.0,0.0
2024-03-04 09:00:00+08:00,27.600000381469727,27.600000381469727,27.049999237060547,27.049999237060547,0,0.0,0.0
2024-03-04 11:00:00+08:00,28.100000381469727,28.100000381469727,27.25,27.25,3000,0.0,0.0
2024-03-05 09:00:00+08:00,26.600000381469727,26.600000381469727,26.600000381469727,26.600000381469727,0,0.0,0.0
2024-03-05 10:00:00+08:00,27.700000762939453,27.700000762939453,26.75,26.75,2000,0.0,0.0
2024-03-05 12:00:00+08:00,27.25,27.25,27.25,27.25,1000,0.0,0.0
2024-03-05 13:00:00+08:00,27.399999618530273,27.399999618530273,27.399999618530273,27.399999618530273,1000,0.0,0.0
2024-03-06 09:00:00+08:00,26.950000762939453,26.950000762939453,26.950000762939453,26.950000762939453,0,0.0,0.0
2024-03-06 12:00:00+08:00,27.350000381469727,27.350000381469727,27.350000381469727,27.350000381469727,1000,0.0,0.0
2024-03-06 13:00:00+08:00,28.0,28.950000762939453,28.0,28.950000762939453,3000,0.0,0.0
2024-03-07 09:00:00+08:00,28.950000762939453,29.700000762939453,28.700000762939453,28.700000762939453,0,0.0,0.0
2024-03-07 12:00:00+08:00,27.600000381469727,27.600000381469727,27.149999618530273,27.149999618530273,3000,0.0,0.0
2024-03-11 09:00:00+08:00,26.850000381469727,26.850000381469727,26.850000381469727,26.850000381469727,0,0.0,0.0
2024-03-12 09:00:00+08:00,27.700000762939453,29.5,27.100000381469727,29.5,9912,0.0,0.0
2024-03-12 10:00:00+08:00,29.5,29.5,29.5,29.5,2000,0.0,0.0
2024-03-12 12:00:00+08:00,29.5,29.5,29.5,29.5,1276,0.0,0.0
2024-03-13 09:00:00+08:00,30.5,32.25,30.200000762939453,30.350000381469727,8097,0.0,0.0
2024-03-13 10:00:00+08:00,30.299999237060547,30.299999237060547,30.299999237060547,30.299999237060547,1000,0.0,0.0
2024-03-13 11:00:00+08:00,30.299999237060547,30.299999237060547,29.5,29.5,4000,0.0,0.0
2024-03-14 09:00:00+08:00,28.5,28.5,28.100000381469727,28.100000381469727,0,0.0,0.0
2024-03-14 10:00:00+08:00,28.100000381469727,28.100000381469727,28.100000381469727,28.100000381469727,2000,0.0,0.0
2024-03-14 13:00:00+08:00,28.950000762939453,28.950000762939453,28.950000762939453,28.950000762939453,1000,0.0,0.0
2024-03-15 09:00:00+08:00,27.149999618530273,28.950000762939453,27.149999618530273,28.950000762939453,0,0.0,0.0
2024-03-15 10:00:00+08:00,28.950000762939453,28.950000762939453,28.950000762939453,28.950000762939453,5000,0.0,0.0
2024-03-18 09:00:00+08:00,28.600000381469727,28.600000381469727,28.5,28.5,0,0.0,0.0
2024-03-18 13:00:00+08:00,27.799999237060547,27.799999237060547,27.799999237060547,27.799999237060547,1000,0.0,0.0
2024-03-19 09:00:00+08:00,27.799999237060547,27.799999237060547,27.549999237060547,27.549999237060547,2002,0.0,0.0
2024-03-19 12:00:00+08:00,27.649999618530273,27.649999618530273,27.649999618530273,27.649999618530273,0,0.0,0.0
2024-03-21 09:00:00+08:00,27.350000381469727,27.350000381469727,27.350000381469727,27.350000381469727,1239,0.0,0.0
2024-03-21 12:00:00+08:00,27.5,28.399999618530273,27.450000762939453,28.399999618530273,13056,0.0,0.0
2024-03-22 10:00:00+08:00,28.350000381469727,28.350000381469727,28.350000381469727,28.350000381469727,0,0.0,0.0
2024-03-22 11:00:00+08:00,28.350000381469727,28.399999618530273,28.350000381469727,28.399999618530273,4000,0.0,0.0
2024-03-25 09:00:00+08:00,28.450000762939453,28.450000762939453,28.450000762939453,28.450000762939453,0,0.0,0.0
2024-03-25 11:00:00+08:00,28.350000381469727,28.350000381469727,28.350000381469727,28.350000381469727,4000,0.0,0.0
2024-03-25 13:00:00+08:00,27.799999237060547,28.25,27.799999237060547,28.25,2000,0.0,0.0
2024-03-26 09:00:00+08:00,28.399999618530273,28.399999618530273,28.399999618530273,28.399999618530273,0,0.0,0.0
2024-03-27 09:00:00+08:00,28.549999237060547,28.549999237060547,28.549999237060547,28.549999237060547,1000,0.0,0.0
2024-03-27 10:00:00+08:00,28.600000381469727,29.5,28.600000381469727,29.5,3175,0.0,0.0
2024-03-27 12:00:00+08:00,29.200000762939453,29.200000762939453,29.200000762939453,29.200000762939453,1000,0.0,0.0
2024-03-28 09:00:00+08:00,29.450000762939453,29.450000762939453,29.450000762939453,29.450000762939453,0,0.0,0.0
2024-03-29 10:00:00+08:00,27.600000381469727,27.950000762939453,27.049999237060547,27.950000762939453,5161,0.0,0.0
2024-04-01 09:00:00+08:00,28.600000381469727,28.600000381469727,28.600000381469727,28.600000381469727,0,0.0,0.0
2024-04-02 09:00:00+08:00,27.75,27.75,27.5,27.5,2000,0.0,0.0
2024-04-02 11:00:00+08:00,27.950000762939453,27.950000762939453,27.950000762939453,27.950000762939453,2058,0.0,0.0
2024-04-03 09:00:00+08:00,28.25,28.25,28.0,28.0,0,0.0,0.0
2024-04-03 12:00:00+08:00,28.0,28.0,28.0,28.0,1000,0.0,0.0
2024-04-10 09:00:00+08:00,28.700000762939453,28.700000762939453,28.700000762939453,28.700000762939453,0,0.0,0.0
2024-04-10 10:00:00+08:00,28.799999237060547,29.100000381469727,28.799999237060547,28.799999237060547,9000,0.0,0.0
2024-04-10 11:00:00+08:00,28.799999237060547,28.799999237060547,28.799999237060547,28.799999237060547,3960,0.0,0.0
2024-04-10 13:00:00+08:00,28.5,28.5,28.5,28.5,3000,0.0,0.0
2024-04-11 09:00:00+08:00,28.75,28.75,28.75,28.75,0,0.0,0.0
2024-04-11 12:00:00+08:00,28.5,28.5,28.0,28.0,0,0.0,0.0
2024-04-12 09:00:00+08:00,27.75,27.75,27.75,27.75,5000,0.0,0.0
2024-04-15 09:00:00+08:00,28.75,28.75,28.75,28.75,0,0.0,0.0
2024-04-17 09:00:00+08:00,27.149999618530273,27.149999618530273,27.149999618530273,27.149999618530273,0,0.0,0.0
2024-04-17 13:00:00+08:00,27.450000762939453,27.450000762939453,27.450000762939453,27.450000762939453,0,0.0,0.0
2024-04-18 09:00:00+08:00,27.049999237060547,27.049999237060547,27.049999237060547,27.049999237060547,1000,0.0,0.0
2024-04-18 10:00:00+08:00,28.0,28.0,28.0,28.0,2000,0.0,0.0
2024-04-18 11:00:00+08:00,28.0,28.0,28.0,28.0,9000,0.0,0.0
2024-04-18 12:00:00+08:00,27.350000381469727,27.350000381469727,27.350000381469727,27.350000381469727,1000,0.0,0.0
2024-04-19 11:00:00+08:00,28.5,28.799999237060547,28.399999618530273,28.5,10118,0.0,0.0
2024-04-22 12:00:00+08:00,27.600000381469727,27.600000381469727,27.5,27.5,2000,0.0,0.0
2024-04-23 09:00:00+08:00,27.5,27.5,27.5,27.5,0,0.0,0.0
2024-04-23 12:00:00+08:00,27.649999618530273,27.649999618530273,27.649999618530273,27.649999618530273,2000,0.0,0.0
2024-04-23 13:00:00+08:00,28.149999618530273,28.149999618530273,28.149999618530273,28.149999618530273,1000,0.0,0.0
2024-04-24 09:00:00+08:00,28.0,28.0,28.0,28.0,1000,0.0,0.0
2024-04-24 10:00:00+08:00,28.0,28.0,28.0,28.0,1000,0.0,0.0
2024-04-24 13:00:00+08:00,27.649999618530273,27.649999618530273,27.649999618530273,27.649999618530273,0,0.0,0.0
2024-04-25 09:00:00+08:00,27.549999237060547,27.549999237060547,27.549999237060547,27.549999237060547,2000,0.0,0.0
2024-04-26 09:00:00+08:00,27.700000762939453,27.700000762939453,27.600000381469727,27.600000381469727,0,0.0,0.0
2024-04-29 09:00:00+08:00,27.549999237060547,27.549999237060547,27.549999237060547,27.549999237060547,0,0.0,0.0
2024-04-29 11:00:00+08:00,28.0,28.450000762939453,28.0,28.450000762939453,2000,0.0,0.0
2024-04-30 09:00:00+08:00,28.950000762939453,28.950000762939453,28.950000762939453,28.950000762939453,0,0.0,0.0
2024-04-30 12:00:00+08:00,28.049999237060547,28.850000381469727,28.049999237060547,28.850000381469727,3000,0.0,0.0
2024-05-02 09:00:00+08:00,28.950000762939453,28.950000762939453,28.950000762939453,28.950000762939453,0,0.0,0.0
2024-05-02 11:00:00+08:00,28.0,28.950000762939453,28.0,28.950000762939453,2000,0.0,0.0
2024-05-03 13:00:00+08:00,28.549999237060547,28.899999618530273,28.549999237060547,28.899999618530273,0,0.0,0.0
2024-05-06 09:00:00+08:00,28.950000762939453,28.950000762939453,28.5,28.950000762939453,2001,0.0,0.0
2024-05-06 12:00:00+08:00,28.700000762939453,28.75,28.0,28.75,0,0.0,0.0
2024-05-07 09:00:00+08:00,28.0,28.0,27.799999237060547,27.799999237060547,2000,0.0,0.0
2024-05-07 10:00:00+08:00,27.600000381469727,27.600000381469727,27.049999237060547,27.049999237060547,0,0.0,0.0
2024-05-08 09:00:00+08:00,26.549999237060547,26.549999237060547,26.549999237060547,26.549999237060547,1000,0.0,0.0
2024-05-10 11:00:00+08:00,27.950000762939453,28.149999618530273,27.350000381469727,28.149999618530273,5000,0.0,0.0
2024-05-13 09:00:00+08:00,28.25,28.25,28.25,28.25,0,0.0,0.0
2024-05-14 10:00:00+08:00,27.450000762939453,27.450000762939453,27.399999618530273,27.399999618530273,2000,0.0,0.0
2024-05-14 11:00:00+08:00,27.5,27.5,27.399999618530273,27.399999618530273,2187,0.0,0.0
2024-05-14 13:00:00+08:00,27.200000762939453,27.200000762939453,27.200000762939453,27.200000762939453,0,0.0,0.0
2024-05-15 09:00:00+08:00,26.899999618530273,26.899999618530273,26.899999618530273,26.899999618530273,2033,0.0,0.0
2024-05-15 10:00:00+08:00,27.25,27.899999618530273,27.200000762939453,27.899999618530273,8949,0.0,0.0
2024-05-21 12:00:00+08:00,26.75,27.450000762939453,26.100000381469727,27.450000762939453,4120,0.0,0.0
2024-05-22 11:00:00+08:00,27.299999237060547,27.299999237060547,26.649999618530273,26.649999618530273,0,0.0,0.0
2024-05-23 09:00:00+08:00,26.350000381469727,26.350000381469727,26.350000381469727,26.350000381469727,0,0.0,0.0
2024-05-24 13:00:00+08:00,26.5,26.5,26.5,26.5,0,0.0,0.0
2024-05-27 09:00:00+08:00,27.600000381469727,28.5,27.5,27.5,3994,0.0,0.0
2024-05-27 10:00:00+08:00,27.799999237060547,28.0,27.799999237060547,28.0,2000,0.0,0.0
2024-05-28 10:00:00+08:00,27.049999237060547,27.049999237060547,27.049999237060547,27.049999237060547,0,0.0,0.0
2024-05-28 11:00:00+08:00,27.5,27.5,27.450000762939453,27.450000762939453,3000,0.0,0.0
2024-05-28 12:00:00+08:00,27.5,27.950000762939453,27.5,27.950000762939453,2100,0.0,0.0
2024-05-29 09:00:00+08:00,28.850000381469727,28.850000381469727,28.850000381469727,28.850000381469727,0,0.0,0.0
2024-05-29 10:00:00+08:00,28.5,28.5,28.5,28.5,0,0.0,0.0
2024-05-30 11:00:00+08:00,27.700000762939453,27.700000762939453,27.700000762939453,27.700000762939453,1000,0.0,0.0
2024-05-30 13:00:00+08:00,27.649999618530273,27.649999618530273,27.399999618530273,27.399999618530273,3000,0.0,0.0
2024-05-31 09:00:00+08:00,26.850000381469727,26.850000381469727,26.850000381469727,26.850000381469727,0,0.0,0.0
2024-06-06 09:00:00+08:00,26.450000762939453,26.450000762939453,26.450000762939453,26.450000762939453,0,0.0,0.0
2024-06-07 09:00:00+08:00,28.5,28.5,28.5,28.5,160,0.0,0.0
2024-06-11 09:00:00+08:00,28.600000381469727,28.600000381469727,28.5,28.5,1865,0.0,0.0
2024-06-12 13:00:00+08:00,28.399999618530273,28.399999618530273,28.399999618530273,28.399999618530273,0,0.0,0.0
2024-06-17 09:00:00+08:00,28.100000381469727,28.600000381469727,28.100000381469727,28.600000381469727,3001,0.0,0.0
2024-06-17 10:00:00+08:00,27.600000381469727,28.200000762939453,27.600000381469727,28.200000762939453,2000,0.0,0.0
2024-06-18 09:00:00+08:00,28.600000381469727,28.700000762939453,28.600000381469727,28.700000762939453,0,0.0,0.0
2024-06-18 10:00:00+08:00,28.5,28.5,28.5,28.5,1000,0.0,0.0
2024-06-18 12:00:00+08:00,28.0,28.0,28.0,28.0,1030,0.0,0.0
2024-06-18 13:00:00+08:00,28.200000762939453,28.799999237060547,28.200000762939453,28.799999237060547,4000,0.0,0.0
2024-06-19 12:00:00+08:00,28.75,28.75,28.75,28.75,0,0.0,0.0
2024-06-20 09:00:00+08:00,28.75,28.75,28.75,28.75,1,0.0,0.0
2024-06-21 09:00:00+08:00,28.600000381469727,28.75,28.600000381469727,28.75,0,0.0,0.0
2024-06-24 10:00:00+08:00,28.049999237060547,28.049999237060547,28.049999237060547,28.049999237060547,0,0.0,0.0
2024-06-24 11:00:00+08:00,28.049999237060547,28.049999237060547,28.0,28.0,2000,0.0,0.0
2024-06-24 12:00:00+08:00,28.0,28.0,27.100000381469727,27.100000381469727,2085,0.0,0.0
2024-06-25 09:00:00+08:00,28.299999237060547,29.799999237060547,28.299999237060547,29.799999237060547,8084,0.0,0.0
2024-06-25 10:00:00+08:00,29.799999237060547,29.799999237060547,29.799999237060547,29.799999237060547,10540,0.0,0.0
2024-06-25 11:00:00+08:00,29.799999237060547,29.799999237060547,29.799999237060547,29.799999237060547,8000,0.0,0.0
2024-06-25 12:00:00+08:00,29.799999237060547,29.799999237060547,29.799999237060547,29.799999237060547,2162,0.0,0.0
2024-06-26 09:00:00+08:00,32.75,32.75,32.70000076293945,32.75,4843,0.0,0.0
2024-06-26 12:00:00+08:00,32.75,32.75,32.75,32.75,4876,0.0,0.0
2024-06-27 09:00:00+08:00,36.0,36.0,36.0,36.0,78303,0.0,0.0
2024-06-27 10:00:00+08:00,36.0,36.0,36.0,36.0,12279,0.0,0.0
2024-06-27 11:00:00+08:00,36.0,36.0,36.0,36.0,13000,0.0,0.0
2024-06-28 09:00:00+08:00,36.0,36.0,33.0,34.5,0,0.0,0.0
2024-06-28 10:00:00+08:00,34.5,34.650001525878906,34.5,34.650001525878906,11000,0.0,0.0
2024-06-28 11:00:00+08:00,34.70000076293945,35.70000076293945,34.70000076293945,35.70000076293945,3006,0.0,0.0
2024-06-28 12:00:00+08:00,34.650001525878906,34.650001525878906,34.650001525878906,34.650001525878906,2101,0.0,0.0
2024-06-28 13:00:00+08:00,34.70000076293945,34.70000076293945,34.650001525878906,34.650001525878906,4092,0.0,0.0
2024-07-01 09:00:00+08:00,33.5,33.54999923706055,32.5,32.5,0,0.0,0.0
2024-07-01 10:00:00+08:00,32.5,32.5,32.20000076293945,32.25,17599,0.0,0.0
2024-07-01 11:00:00+08:00,32.20000076293945,32.45000076293945,31.600000381469727,32.45000076293945,9410,0.0,0.0
2024-07-01 12:00:00+08:00,32.45000076293945,32.5,32.45000076293945,32.5,6000,0.0,0.0
2024-07-01 13:00:00+08:00,32.5,32.5,32.45000076293945,32.45000076293945,2000,0.0,0.0
2024-07-02 09:00:00+08:00,32.0,35.20000076293945,32.0,35.20000076293945,0,0.0,0.0
2024-07-02 10:00:00+08:00,35.20000076293945,35.20000076293945,35.20000076293945,35.20000076293945,4052,0.0,0.0
2024-07-02 12:00:00+08:00,35.20000076293945,35.20000076293945,35.20000076293945,35.20000076293945,0,0.0,0.0
2024-07-02 13:00:00+08:00,35.20000076293945,35.20000076293945,35.20000076293945,35.20000076293945,0,0.0,0.0
2024-07-03 09:00:00+08:00,38.70000076293945,38.70000076293945,38.70000076293945,38.70000076293945,67112,0.0,0.0
2024-07-03 10:00:00+08:00,38.70000076293945,38.70000076293945,38.70000076293945,38.70000076293945,1020,0.0,0.0
2024-07-03 11:00:00+08:00,38.70000076293945,38.70000076293945,35.29999923706055,36.20000076293945,116326,0.0,0.0
2024-07-03 12:00:00+08:00,38.54999923706055,38.54999923706055,36.849998474121094,36.849998474121094,11065,0.0,0.0
2024-07-04 09:00:00+08:00,35.20000076293945,37.099998474121094,34.75,37.099998474121094,78868,0.0,0.0
2024-07-04 10:00:00+08:00,37.150001525878906,38.54999923706055,37.099998474121094,38.54999923706055,4173,0.0,0.0
2024-07-04 11:00:00+08:00,38.54999923706055,38.599998474121094,38.54999923706055,38.599998474121094,5101,0.0,0.0
2024-07-04 12:00:00+08:00,38.5,38.5,38.45000076293945,38.5,7490,0.0,0.0
2024-07-04 13:00:00+08:00,36.900001525878906,36.900001525878906,36.900001525878906,36.900001525878906,12000,0.0,0.0
2024-07-05 09:00:00+08:00,34.25,36.70000076293945,34.25,36.0,0,0.0,0.0
2024-07-05 10:00:00+08:00,35.599998474121094,36.0,35.099998474121094,36.0,13008,0.0,0.0
2024-07-05 11:00:00+08:00,35.95000076293945,35.95000076293945,35.29999923706055,35.29999923706055,5001,0.0,0.0
2024-07-05 12:00:00+08:00,35.29999923706055,35.349998474121094,35.29999923706055,35.349998474121094,3110,0.0,0.0
2024-07-05 13:00:00+08:00,35.400001525878906,35.95000076293945,35.349998474121094,35.95000076293945,9000,0.0,0.0
2024-07-08 09:00:00+08:00,35.0,35.099998474121094,35.0,35.099998474121094,0,0.0,0.0
2024-07-08 10:00:00+08:00,33.25,37.099998474121094,33.25,37.099998474121094,5002,0.0,0.0
2024-07-08 11:00:00+08:00,36.95000076293945,36.95000076293945,36.95000076293945,36.95000076293945,3000,0.0,0.0
2024-07-08 12:00:00+08:00,36.900001525878906,36.95000076293945,36.900001525878906,36.95000076293945,0,0.0,0.0
2024-07-09 09:00:00+08:00,35.0,35.0,33.849998474121094,33.95000076293945,6035,0.0,0.0
2024-07-09 10:00:00+08:00,34.04999923706055,36.349998474121094,34.0,36.349998474121094,4000,0.0,0.0
2024-07-09 11:00:00+08:00,34.150001525878906,36.150001525878906,34.150001525878906,36.150001525878906,3010,0.0,0.0
2024-07-09 12:00:00+08:00,35.0,35.0,34.20000076293945,34.20000076293945,0,0.0,0.0
2024-07-10 09:00:00+08:00,33.79999923706055,36.849998474121094,33.79999923706055,36.849998474121094,2254,0.0,0.0
2024-07-10 10:00:00+08:00,36.75,36.75,36.75,36.75,1000,0.0,0.0
2024-07-10 11:00:00+08:00,36.599998474121094,36.599998474121094,36.599998474121094,36.599998474121094,3000,0.0,0.0
2024-07-10 12:00:00+08:00,34.349998474121094,34.349998474121094,34.25,34.25,0,0.0,0.0
2024-07-11 09:00:00+08:00,36.150001525878906,36.150001525878906,36.099998474121094,36.150001525878906,7290,0.0,0.0
2024-07-11 11:00:00+08:00,36.0,36.0,36.0,36.0,1000,0.0,0.0
2024-07-11 12:00:00+08:00,36.0,36.099998474121094,36.0,36.099998474121094,7032,0.0,0.0
2024-07-11 13:00:00+08:00,36.099998474121094,36.099998474121094,34.849998474121094,36.0,0,0.0,0.0
2024-07-12 09:00:00+08:00,36.5,36.5,34.599998474121094,34.599998474121094,5301,0.0,0.0
2024-07-12 10:00:00+08:00,36.95000076293945,36.95000076293945,36.5,36.5,4197,0.0,0.0
2024-07-15 09:00:00+08:00,36.5,36.5,35.150001525878906,36.349998474121094,1735,0.0,0.0
2024-07-15 10:00:00+08:00,36.349998474121094,36.5,35.400001525878906,35.5,5001,0.0,0.0
2024-07-15 12:00:00+08:00,35.5,35.5,35.5,35.5,1000,0.0,0.0
2024-07-16 09:00:00+08:00,36.400001525878906,36.400001525878906,36.400001525878906,36.400001525878906,6001,0.0,0.0
2024-07-17 09:00:00+08:00,35.150001525878906,35.25,35.150001525878906,35.25,2415,0.0,0.0
2024-07-17 10:00:00+08:00,35.25,35.54999923706055,35.25,35.54999923706055,2000,0.0,0.0
2024-07-17 11:00:00+08:00,35.54999923706055,36.5,35.0,35.5,9039,0.0,0.0
2024-07-17 12:00:00+08:00,35.5,35.5,35.5,35.5,1000,0.0,0.0
2024-07-17 13:00:00+08:00,36.599998474121094,36.599998474121094,36.599998474121094,36.599998474121094,0,0.0,0.0
2024-07-18 09:00:00+08:00,36.45000076293945,36.45000076293945,35.0,35.0,12300,0.0,0.0
2024-07-18 10:00:00+08:00,35.0,36.29999923706055,35.0,36.29999923706055,5000,0.0,0.0
2024-07-18 13:00:00+08:00,34.599998474121094,35.79999923706055,34.599998474121094,35.79999923706055,2000,0.0,0.0
2024-07-19 09:00:00+08:00,33.349998474121094,38.099998474121094,33.349998474121094,38.099998474121094,87723,0.0,0.0
2024-07-19 10:00:00+08:00,38.099998474121094,38.099998474121094,38.099998474121094,38.099998474121094,44012,0.0,0.0
2024-07-19 11:00:00+08:00,38.099998474121094,38.099998474121094,38.099998474121094,38.099998474121094,1000,0.0,0.0
2024-07-19 12:00:00+08:00,38.099998474121094,38.099998474121094,38.099998474121094,38.099998474121094,6330,0.0,0.0
2024-07-19 13:00:00+08:00,38.099998474121094,38.099998474121094,38.099998474121094,38.099998474121094,2050,0.0,0.0
2024-07-22 09:00:00+08:00,38.79999923706055,41.900001525878906,38.5,41.900001525878906,0,0.0,0.0
2024-07-22 10:00:00+08:00,41.900001525878906,41.900001525878906,41.900001525878906,41.900001525878906,52001,0.0,0.0
2024-07-22 11:00:00+08:00,41.900001525878906,41.900001525878906,41.900001525878906,41.900001525878906,2216,0.0,0.0
2024-07-22 13:00:00+08:00,41.900001525878906,41.900001525878906,41.900001525878906,41.900001525878906,0,0.0,0.0
2024-07-23 09:00:00+08:00,46.04999923706055,46.04999923706055,46.04999923706055,46.04999923706055,53695,0.0,0.0
2024-07-23 10:00:00+08:00,46.04999923706055,46.04999923706055,46.04999923706055,46.04999923706055,2000,0.0,0.0
2024-07-23 11:00:00+08:00,46.04999923706055,46.04999923706055,46.04999923706055,46.04999923706055,2323,0.0,0.0
2024-07-23 12:00:00+08:00,46.04999923706055,46.04999923706055,46.04999923706055,46.04999923706055,6180,0.0,0.0
2024-07-23 13:00:00+08:00,46.04999923706055,46.04999923706055,46.04999923706055,46.04999923706055,2000,0.0,0.0
2024-07-26 09:00:00+08:00,46.099998474121094,50.5,46.04999923706055,47.75,37041,0.0,0.0
2024-07-26 10:00:00+08:00,49.79999923706055,50.599998474121094,49.79999923706055,50.599998474121094,27017,0.0,0.0
2024-07-26 11:00:00+08:00,50.599998474121094,50.599998474121094,47.79999923706055,50.599998474121094,44621,0.0,0.0
2024-07-26 12:00:00+08:00,48.599998474121094,50.599998474121094,48.599998474121094,49.150001525878906,24201,0.0,0.0
2024-07-26 13:00:00+08:00,50.5,50.5,48.20000076293945,48.599998474121094,23624,0.0,0.0
2024-07-29 09:00:00+08:00,47.0,50.0,46.5,48.79999923706055,0,0.0,0.0
2024-07-29 10:00:00+08:00,48.5,49.599998474121094,47.79999923706055,47.79999923706055,10370,0.0,0.0
2024-07-29 11:00:00+08:00,47.95000076293945,47.95000076293945,47.900001525878906,47.900001525878906,4000,0.0,0.0
2024-07-29 12:00:00+08:00,47.95000076293945,47.95000076293945,47.95000076293945,47.95000076293945,6800,0.0,0.0
2024-07-29 13:00:00+08:00,49.25,49.25,49.25,49.25,1000,0.0,0.0
2024-07-30 09:00:00+08:00,49.29999923706055,49.29999923706055,46.70000076293945,47.599998474121094,19376,0.0,0.0
2024-07-30 10:00:00+08:00,47.599998474121094,47.599998474121094,47.599998474121094,47.599998474121094,2100,0.0,0.0
2024-07-30 11:00:00+08:00,47.599998474121094,48.599998474121094,46.900001525878906,48.5,14095,0.0,0.0
2024-07-30 12:00:00+08:00,48.54999923706055,48.54999923706055,47.0,47.0,11000,0.0,0.0
2024-07-30 13:00:00+08:00,47.04999923706055,47.04999923706055,47.04999923706055,47.04999923706055,3000,0.0,0.0
2024-07-31 09:00:00+08:00,47.099998474121094,48.70000076293945,47.099998474121094,48.0,10117,0.0,0.0
2024-07-31 10:00:00+08:00,47.5,47.5,47.5,47.5,10153,0.0,0.0
2024-07-31 11:00:00+08:00,47.400001525878906,47.400001525878906,47.400001525878906,47.400001525878906,2007,0.0,0.0
2024-07-31 12:00:00+08:00,47.29999923706055,47.29999923706055,47.0,47.0,10400,0.0,0.0
2024-08-01 09:00:00+08:00,46.400001525878906,46.5,46.400001525878906,46.5,6086,0.0,0.0
2024-08-01 10:00:00+08:00,43.04999923706055,46.5,41.900001525878906,46.5,35349,0.0,0.0
2024-08-01 11:00:00+08:00,46.5,46.5,46.5,46.5,2050,0.0,0.0
2024-08-01 12:00:00+08:00,43.349998474121094,47.0,43.0,46.5,0,0.0,0.0
2024-08-02 09:00:00+08:00,42.20000076293945,42.20000076293945,42.20000076293945,42.20000076293945,3198,0.0,0.0
2024-08-02 10:00:00+08:00,42.599998474121094,44.04999923706055,42.599998474121094,44.04999923706055,5103,0.0,0.0
2024-08-02 11:00:00+08:00,44.04999923706055,44.04999923706055,44.0,44.0,2018,0.0,0.0
2024-08-02 12:00:00+08:00,43.95000076293945,44.0,43.95000076293945,44.0,6000,0.0,0.0
2024-08-02 13:00:00+08:00,44.0,44.0,44.0,44.0,0,0.0,0.0
2024-08-05 09:00:00+08:00,40.5,40.5,39.599998474121094,39.599998474121094,24124,0.0,0.0
2024-08-05 10:00:00+08:00,39.599998474121094,39.599998474121094,39.599998474121094,39.599998474121094,3008,0.0,0.0
2024-08-05 11:00:00+08:00,39.599998474121094,39.599998474121094,39.599998474121094,39.599998474121094,8360,0.0,0.0
2024-08-05 12:00:00+08:00,39.599998474121094,39.599998474121094,39.599998474121094,39.599998474121094,0,0.0,0.0
2024-08-06 09:00:00+08:00,35.95000076293945,38.95000076293945,35.650001525878906,35.650001525878906,24072,0.0,0.0
2024-08-06 11:00:00+08:00,35.650001525878906,35.650001525878906,35.650001525878906,35.650001525878906,14502,0.0,0.0
2024-08-06 12:00:00+08:00,35.650001525878906,38.70000076293945,35.650001525878906,38.70000076293945,0,0.0,0.0
2024-08-07 09:00:00+08:00,38.599998474121094,38.70000076293945,38.400001525878906,38.70000076293945,11068,0.0,0.0
2024-08-07 10:00:00+08:00,41.5,42.29999923706055,41.5,42.29999923706055,6662,0.0,0.0
2024-08-07 12:00:00+08:00,41.5,42.0,41.20000076293945,41.20000076293945,5200,0.0,0.0
2024-08-07 13:00:00+08:00,40.54999923706055,40.54999923706055,40.5,40.5,2190,0.0,0.0
2024-08-08 09:00:00+08:00,38.099998474121094,42.29999923706055,38.099998474121094,38.79999923706055,7000,0.0,0.0
2024-08-08 10:00:00+08:00,39.5,39.79999923706055,39.5,39.79999923706055,2000,0.0,0.0
2024-08-08 11:00:00+08:00,40.0,40.0,40.0,40.0,3000,0.0,0.0
2024-08-08 12:00:00+08:00,39.54999923706055,40.099998474121094,39.54999923706055,40.099998474121094,7028,0.0,0.0
2024-08-09 09:00:00+08:00,40.5,40.5,40.5,40.5,1000,0.0,0.0
2024-08-09 11:00:00+08:00,40.5,40.79999923706055,40.5,40.79999923706055,4000,0.0,0.0
2024-08-09 12:00:00+08:00,39.0,39.0,38.5,38.5,2000,0.0,0.0
2024-08-12 12:00:00+08:00,39.849998474121094,39.849998474121094,39.849998474121094,39.849998474121094,0,0.0,0.0
2024-08-12 13:00:00+08:00,39.849998474121094,39.849998474121094,39.099998474121094,39.099998474121094,0,0.0,0.0
2024-08-13 11:00:00+08:00,35.849998474121094,35.900001525878906,35.849998474121094,35.900001525878906,3000,0.0,0.0
2024-08-13 12:00:00+08:00,36.0,36.0,35.900001525878906,35.95000076293945,3000,0.0,0.0
2024-08-13 13:00:00+08:00,38.849998474121094,38.849998474121094,38.79999923706055,38.79999923706055,0,0.0,0.0
2024-08-14 09:00:00+08:00,35.650001525878906,37.95000076293945,35.650001525878906,37.95000076293945,6405,0.0,0.0
2024-08-14 10:00:00+08:00,37.70000076293945,38.0,37.70000076293945,38.0,5000,0.0,0.0
2024-08-14 11:00:00+08:00,39.900001525878906,39.900001525878906,39.849998474121094,39.849998474121094,2050,0.0,0.0
2024-08-14 12:00:00+08:00,39.0,39.20000076293945,39.0,39.20000076293945,6050,0.0,0.0
2024-08-14 13:00:00+08:00,37.20000076293945,37.20000076293945,37.150001525878906,37.150001525878906,0,0.0,0.0
2024-08-15 09:00:00+08:00,36.04999923706055,36.04999923706055,36.04999923706055,36.04999923706055,1026,0.0,0.0
2024-08-15 10:00:00+08:00,36.599998474121094,36.599998474121094,36.599998474121094,36.599998474121094,1000,0.0,0.0
2024-08-15 11:00:00+08:00,37.20000076293945,37.20000076293945,37.20000076293945,37.20000076293945,1002,0.0,0.0
2024-08-15 12:00:00+08:00,36.79999923706055,36.79999923706055,36.70000076293945,36.70000076293945,6000,0.0,0.0
2024-08-15 13:00:00+08:00,37.20000076293945,37.20000076293945,37.20000076293945,37.20000076293945,0,0.0,0.0
2024-08-16 09:00:00+08:00,39.900001525878906,39.900001525878906,39.599998474121094,39.599998474121094,2061,0.0,0.0
2024-08-16 11:00:00+08:00,37.400001525878906,37.400001525878906,37.400001525878906,37.400001525878906,1160,0.0,0.0
2024-08-16 12:00:00+08:00,37.599998474121094,37.599998474121094,37.400001525878906,37.400001525878906,9103,0.0,0.0
2024-08-16 13:00:00+08:00,37.29999923706055,38.75,37.29999923706055,38.75,2000,0.0,0.0
2024-08-19 09:00:00+08:00,38.650001525878906,38.75,38.650001525878906,38.75,0,0.0,0.0
2024-08-19 11:00:00+08:00,36.79999923706055,36.79999923706055,36.79999923706055,36.79999923706055,1115,0.0,0.0
2024-08-19 12:00:00+08:00,38.25,38.25,38.25,38.25,3000,0.0,0.0
2024-08-19 13:00:00+08:00,37.5,38.29999923706055,37.5,38.29999923706055,3080,0.0,0.0
2024-08-20 09:00:00+08:00,38.0,38.0,38.0,38.0,1100,0.0,0.0
2024-08-20 10:00:00+08:00,38.0,38.0,38.0,38.0,2000,0.0,0.0
2024-08-20 11:00:00+08:00,38.150001525878906,38.150001525878906,38.150001525878906,38.150001525878906,1000,0.0,0.0
2024-08-20 12:00:00+08:00,38.20000076293945,38.20000076293945,38.20000076293945,38.20000076293945,3106,0.0,0.0
2024-08-21 11:00:00+08:00,38.0,38.0,38.0,38.0,2000,0.0,0.0
2024-08-21 12:00:00+08:00,38.0,38.0,38.0,38.0,0,0.0,0.0
2024-08-22 13:00:00+08:00,38.0,38.0,38.0,38.0,0,0.0,0.0
2024-08-23 12:00:00+08:00,37.95000076293945,38.0,37.95000076293945,38.0,2000,0.0,0.0
2024-08-26 09:00:00+08:00,38.0,38.0,38.0,38.0,0,0.0,0.0
2024-08-26 13:00:00+08:00,36.099998474121094,36.099998474121094,36.099998474121094,36.099998474121094,0,0.0,0.0
2024-08-27 09:00:00+08:00,36.099998474121094,36.099998474121094,36.099998474121094,36.099998474121094,50,0.0,0.0
2024-08-28 11:00:00+08:00,35.599998474121094,39.70000076293945,35.599998474121094,39.70000076293945,24917,0.0,0.0
2024-08-28 12:00:00+08:00,39.70000076293945,39.70000076293945,39.70000076293945,39.70000076293945,18006,0.0,0.0
2024-08-29 09:00:00+08:00,43.650001525878906,43.650001525878906,43.650001525878906,43.650001525878906,0,0.0,0.0
2024-08-29 10:00:00+08:00,43.650001525878906,43.650001525878906,43.650001525878906,43.650001525878906,0,0.0,0.0
2024-08-30 09:00:00+08:00,43.400001525878906,43.400001525878906,40.099998474121094,41.5,26839,0.0,0.0
2024-08-30 13:00:00+08:00,40.900001525878906,40.900001525878906,40.400001525878906,40.400001525878906,6000,0.0,0.0
2024-09-02 09:00:00+08:00,38.599998474121094,38.650001525878906,38.599998474121094,38.650001525878906,0,0.0,0.0
2024-09-02 11:00:00+08:00,38.20000076293945,38.20000076293945,38.20000076293945,38.20000076293945,1000,0.0,0.0
2024-09-02 12:00:00+08:00,38.5,38.599998474121094,38.5,38.599998474121094,10033,0.0,0.0
2024-09-02 13:00:00+08:00,38.599998474121094,38.599998474121094,38.25,38.25,11101,0.0,0.0
2024-09-04 13:00:00+08:00,36.900001525878906,36.900001525878906,36.900001525878906,36.900001525878906,0,0.0,0.0
2024-09-05 09:00:00+08:00,40.45000076293945,40.45000076293945,40.45000076293945,40.45000076293945,2157,0.0,0.0
2024-09-05 10:00:00+08:00,40.0,40.0,40.0,40.0,1001,0.0,0.0
2024-09-05 12:00:00+08:00,39.79999923706055,39.79999923706055,39.79999923706055,39.79999923706055,1000,0.0,0.0
2024-09-05 13:00:00+08:00,39.400001525878906,39.400001525878906,39.400001525878906,39.400001525878906,0,0.0,0.0
2024-09-06 09:00:00+08:00,39.400001525878906,39.400001525878906,36.900001525878906,36.900001525878906,4066,0.0,0.0
2024-09-09 11:00:00+08:00,37.900001525878906,37.900001525878906,37.0,37.0,1001,0.0,0.0
2024-09-10 12:00:00+08:00,37.0,37.0,37.0,37.0,1000,0.0,0.0
2024-09-12 12:00:00+08:00,35.75,37.0,35.75,37.0,20000,0.0,0.0
2024-09-12 13:00:00+08:00,37.099998474121094,37.099998474121094,37.099998474121094,37.099998474121094,1000,0.0,0.0
2024-09-13 13:00:00+08:00,37.0,37.0,37.0,37.0,1000,0.0,0.0
2024-09-16 12:00:00+08:00,37.0,37.0,37.0,37.0,1000,0.0,0.0
2024-09-20 11:00:00+08:00,37.0,37.5,36.20000076293945,36.20000076293945,7000,0.0,0.0
2024-09-20 13:00:00+08:00,38.70000076293945,38.70000076293945,38.70000076293945,38.70000076293945,1012,0.0,0.0
2024-09-23 13:00:00+08:00,38.0,38.0,38.0,38.0,0,0.0,0.0
2024-09-26 12:00:00+08:00,38.0,38.5,38.0,38.5,4999,0.0,0.0
2024-09-26 13:00:00+08:00,39.0,39.0,39.0,39.0,0,0.0,0.0
2024-09-30 12:00:00+08:00,37.099998474121094,37.099998474121094,37.099998474121094,37.099998474121094,69,0.0,0.0
2024-10-08 09:00:00+08:00,39.70000076293945,39.70000076293945,39.70000076293945,39.70000076293945,29,0.0,0.0
