Datetime,Open,High,Low,Close,Volume,Dividends,Stock Splits
2022-10-27 09:00:00+09:00,19050.0,19650.0,19050.0,19500.0,0,0.0,0.0
2022-10-27 10:00:00+09:00,19500.0,19850.0,19500.0,19750.0,9867,0.0,0.0
2022-10-27 11:00:00+09:00,19700.0,19750.0,19500.0,19600.0,2159,0.0,0.0
2022-10-27 12:00:00+09:00,19600.0,19650.0,19400.0,19600.0,2187,0.0,0.0
2022-10-27 13:00:00+09:00,19600.0,19650.0,19400.0,19600.0,1551,0.0,0.0
2022-10-27 14:00:00+09:00,19650.0,19700.0,19550.0,19600.0,2808,0.0,0.0
2022-10-28 09:00:00+09:00,19700.0,19800.0,19500.0,19800.0,6274,0.0,0.0
2022-10-28 10:00:00+09:00,19750.0,20100.0,19650.0,20100.0,5050,0.0,0.0
2022-10-28 11:00:00+09:00,20100.0,20250.0,19900.0,19900.0,7543,0.0,0.0
2022-10-28 12:00:00+09:00,19900.0,20050.0,19850.0,19950.0,766,0.0,0.0
2022-10-28 13:00:00+09:00,19950.0,19950.0,19750.0,19900.0,1069,0.0,0.0
2022-10-28 14:00:00+09:00,19900.0,20150.0,19850.0,20100.0,4814,0.0,0.0
2022-10-31 09:00:00+09:00,20600.0,21400.0,20300.0,21350.0,21856,0.0,0.0
2022-10-31 10:00:00+09:00,21350.0,21450.0,20800.0,21050.0,28262,0.0,0.0
2022-10-31 11:00:00+09:00,21000.0,21000.0,20650.0,20850.0,9349,0.0,0.0
2022-10-31 12:00:00+09:00,20800.0,21050.0,20800.0,20800.0,6710,0.0,0.0
2022-10-31 13:00:00+09:00,20800.0,20950.0,20700.0,20750.0,5729,0.0,0.0
2022-10-31 14:00:00+09:00,20800.0,20800.0,20300.0,20500.0,17617,0.0,0.0
2022-11-01 09:00:00+09:00,20650.0,20650.0,20000.0,20200.0,0,0.0,0.0
2022-11-01 10:00:00+09:00,20200.0,20400.0,19950.0,20050.0,8622,0.0,0.0
2022-11-01 11:00:00+09:00,20050.0,20200.0,19900.0,20100.0,8841,0.0,0.0
2022-11-01 12:00:00+09:00,20100.0,20200.0,20000.0,20200.0,2975,0.0,0.0
2022-11-01 13:00:00+09:00,20200.0,20850.0,20100.0,20550.0,11982,0.0,0.0
2022-11-01 14:00:00+09:00,20550.0,20650.0,20200.0,20350.0,7982,0.0,0.0
2022-11-02 09:00:00+09:00,20400.0,20500.0,20150.0,20350.0,0,0.0,0.0
2022-11-02 10:00:00+09:00,20250.0,20350.0,20100.0,20100.0,3403,0.0,0.0
2022-11-02 11:00:00+09:00,20150.0,20250.0,20050.0,20250.0,3548,0.0,0.0
2022-11-02 12:00:00+09:00,20250.0,20450.0,20200.0,20300.0,2586,0.0,0.0
2022-11-02 13:00:00+09:00,20350.0,20500.0,20300.0,20500.0,2848,0.0,0.0
2022-11-02 14:00:00+09:00,20500.0,20550.0,20450.0,20450.0,6550,0.0,0.0
2022-11-03 09:00:00+09:00,20100.0,20600.0,20000.0,20600.0,0,0.0,0.0
2022-11-03 10:00:00+09:00,20600.0,20800.0,20500.0,20750.0,3611,0.0,0.0
2022-11-03 11:00:00+09:00,20700.0,20700.0,20500.0,20650.0,2436,0.0,0.0
2022-11-03 12:00:00+09:00,20650.0,20800.0,20600.0,20750.0,2634,0.0,0.0
2022-11-03 13:00:00+09:00,20800.0,20900.0,20750.0,20800.0,8581,0.0,0.0
2022-11-03 14:00:00+09:00,20800.0,21250.0,20750.0,21200.0,14259,0.0,0.0
2022-11-04 09:00:00+09:00,21500.0,22300.0,21400.0,22050.0,13266,0.0,0.0
2022-11-04 10:00:00+09:00,22000.0,22100.0,21200.0,21550.0,18095,0.0,0.0
2022-11-04 11:00:00+09:00,21600.0,21600.0,21150.0,21300.0,7384,0.0,0.0
2022-11-04 12:00:00+09:00,21300.0,21600.0,21050.0,21500.0,11033,0.0,0.0
2022-11-04 13:00:00+09:00,21450.0,21700.0,21350.0,21650.0,13417,0.0,0.0
2022-11-04 14:00:00+09:00,21700.0,21800.0,21400.0,21450.0,23858,0.0,0.0
2022-11-07 09:00:00+09:00,21900.0,22950.0,21750.0,22850.0,0,0.0,0.0
2022-11-07 10:00:00+09:00,22850.0,22850.0,22200.0,22350.0,25164,0.0,0.0
2022-11-07 11:00:00+09:00,22350.0,22900.0,22350.0,22900.0,36680,0.0,0.0
2022-11-07 12:00:00+09:00,22900.0,22900.0,22600.0,22600.0,10786,0.0,0.0
2022-11-07 13:00:00+09:00,22600.0,22800.0,22500.0,22600.0,6159,0.0,0.0
2022-11-07 14:00:00+09:00,22550.0,22650.0,22350.0,22350.0,15355,0.0,0.0
2022-11-08 09:00:00+09:00,23150.0,23600.0,22450.0,23250.0,0,0.0,0.0
2022-11-08 10:00:00+09:00,23250.0,24450.0,23100.0,24150.0,111393,0.0,0.0
2022-11-08 11:00:00+09:00,24150.0,24500.0,23900.0,23900.0,94130,0.0,0.0
2022-11-08 12:00:00+09:00,23900.0,24200.0,23850.0,23850.0,16268,0.0,0.0
2022-11-08 13:00:00+09:00,23850.0,24000.0,23750.0,23950.0,20030,0.0,0.0
2022-11-08 14:00:00+09:00,23900.0,24050.0,23600.0,23700.0,32207,0.0,0.0
2022-11-09 09:00:00+09:00,24000.0,24000.0,23150.0,23150.0,0,0.0,0.0
2022-11-09 10:00:00+09:00,23150.0,23350.0,22850.0,22900.0,53395,0.0,0.0
2022-11-09 11:00:00+09:00,22900.0,23250.0,22800.0,23050.0,23335,0.0,0.0
2022-11-09 12:00:00+09:00,23150.0,23250.0,23050.0,23100.0,9582,0.0,0.0
2022-11-09 13:00:00+09:00,23100.0,23150.0,23050.0,23050.0,9512,0.0,0.0
2022-11-09 14:00:00+09:00,23050.0,23300.0,23000.0,23300.0,13783,0.0,0.0
2022-11-10 09:00:00+09:00,22600.0,23050.0,22100.0,22600.0,0,0.0,0.0
2022-11-10 10:00:00+09:00,22550.0,22900.0,22550.0,22650.0,9527,0.0,0.0
2022-11-10 11:00:00+09:00,22600.0,22850.0,22450.0,22650.0,11878,0.0,0.0
2022-11-10 12:00:00+09:00,22650.0,22700.0,22600.0,22650.0,6915,0.0,0.0
2022-11-10 13:00:00+09:00,22650.0,22800.0,22600.0,22750.0,10059,0.0,0.0
2022-11-10 14:00:00+09:00,22750.0,23200.0,22700.0,23000.0,19817,0.0,0.0
2022-11-11 09:00:00+09:00,23400.0,23600.0,22750.0,23150.0,0,0.0,0.0
2022-11-11 10:00:00+09:00,23150.0,23300.0,23050.0,23100.0,8413,0.0,0.0
2022-11-11 11:00:00+09:00,23100.0,23200.0,23050.0,23100.0,5473,0.0,0.0
2022-11-11 12:00:00+09:00,23150.0,23250.0,23000.0,23150.0,7816,0.0,0.0
2022-11-11 13:00:00+09:00,23150.0,23250.0,23100.0,23150.0,7394,0.0,0.0
2022-11-11 14:00:00+09:00,23200.0,23250.0,23100.0,23200.0,9746,0.0,0.0
2022-11-14 09:00:00+09:00,23250.0,23250.0,22550.0,22850.0,0,0.0,0.0
2022-11-14 10:00:00+09:00,22850.0,23300.0,22750.0,23150.0,16326,0.0,0.0
2022-11-14 11:00:00+09:00,23150.0,23350.0,23050.0,23250.0,19537,0.0,0.0
2022-11-14 12:00:00+09:00,23250.0,23300.0,23000.0,23150.0,8758,0.0,0.0
2022-11-14 13:00:00+09:00,23150.0,23150.0,22900.0,22900.0,6960,0.0,0.0
2022-11-14 14:00:00+09:00,22900.0,23200.0,22750.0,22850.0,23084,0.0,0.0
2022-11-15 09:00:00+09:00,23050.0,23450.0,22900.0,23150.0,0,0.0,0.0
2022-11-15 10:00:00+09:00,23050.0,23550.0,22900.0,23400.0,37188,0.0,0.0
2022-11-15 11:00:00+09:00,23400.0,23750.0,23350.0,23550.0,22934,0.0,0.0
2022-11-15 12:00:00+09:00,23550.0,23600.0,23300.0,23450.0,12499,0.0,0.0
2022-11-15 13:00:00+09:00,23400.0,23400.0,23150.0,23150.0,10707,0.0,0.0
2022-11-15 14:00:00+09:00,23100.0,23500.0,23100.0,23400.0,12113,0.0,0.0
2022-11-16 09:00:00+09:00,23500.0,24100.0,23400.0,23600.0,0,0.0,0.0
2022-11-16 10:00:00+09:00,23600.0,23650.0,23350.0,23450.0,32543,0.0,0.0
2022-11-16 11:00:00+09:00,23450.0,23600.0,23450.0,23450.0,11634,0.0,0.0
2022-11-16 12:00:00+09:00,23500.0,23550.0,22900.0,23050.0,36286,0.0,0.0
2022-11-16 13:00:00+09:00,23050.0,23150.0,22750.0,23000.0,16182,0.0,0.0
2022-11-16 14:00:00+09:00,23050.0,23150.0,22900.0,23050.0,13078,0.0,0.0
2022-11-17 10:00:00+09:00,23300.0,23600.0,22650.0,23250.0,50318,0.0,0.0
2022-11-17 11:00:00+09:00,23200.0,23250.0,22650.0,23000.0,29446,0.0,0.0
2022-11-17 12:00:00+09:00,23000.0,23050.0,22700.0,22750.0,6698,0.0,0.0
2022-11-17 13:00:00+09:00,22750.0,22850.0,22350.0,22450.0,26357,0.0,0.0
2022-11-17 14:00:00+09:00,22500.0,23300.0,22500.0,23100.0,22055,0.0,0.0
2022-11-18 09:00:00+09:00,23150.0,23600.0,22850.0,23350.0,0,0.0,0.0
2022-11-18 10:00:00+09:00,23400.0,23600.0,23100.0,23450.0,36958,0.0,0.0
2022-11-18 11:00:00+09:00,23450.0,23500.0,23300.0,23400.0,23246,0.0,0.0
2022-11-18 12:00:00+09:00,23400.0,23850.0,23400.0,23700.0,65358,0.0,0.0
2022-11-18 13:00:00+09:00,23700.0,23800.0,23000.0,23300.0,105958,0.0,0.0
2022-11-18 14:00:00+09:00,23300.0,23550.0,23100.0,23150.0,100813,0.0,0.0
2022-11-21 09:00:00+09:00,24750.0,27200.0,24700.0,25800.0,2544995,0.0,0.0
2022-11-21 10:00:00+09:00,25850.0,27300.0,25600.0,27050.0,1519687,0.0,0.0
2022-11-21 11:00:00+09:00,27050.0,27800.0,26300.0,26950.0,1396283,0.0,0.0
2022-11-21 12:00:00+09:00,26900.0,27300.0,26600.0,26750.0,319062,0.0,0.0
2022-11-21 13:00:00+09:00,26750.0,27100.0,26450.0,26600.0,272750,0.0,0.0
2022-11-21 14:00:00+09:00,26600.0,26950.0,26050.0,26650.0,515528,0.0,0.0
2022-11-22 09:00:00+09:00,27650.0,28100.0,26900.0,27200.0,0,0.0,0.0
2022-11-22 10:00:00+09:00,27150.0,27550.0,27100.0,27250.0,140403,0.0,0.0
2022-11-22 11:00:00+09:00,27250.0,27350.0,27100.0,27250.0,76098,0.0,0.0
2022-11-22 12:00:00+09:00,27250.0,27650.0,27200.0,27300.0,121746,0.0,0.0
2022-11-22 13:00:00+09:00,27300.0,27550.0,27200.0,27500.0,96261,0.0,0.0
2022-11-22 14:00:00+09:00,27500.0,28250.0,27400.0,28000.0,816206,0.0,0.0
2022-11-23 09:00:00+09:00,28800.0,29950.0,28250.0,29050.0,0,0.0,0.0
2022-11-23 10:00:00+09:00,29050.0,29300.0,28400.0,28650.0,234147,0.0,0.0
2022-11-23 11:00:00+09:00,28650.0,28750.0,28400.0,28450.0,109009,0.0,0.0
2022-11-23 12:00:00+09:00,28450.0,28600.0,28000.0,28500.0,154628,0.0,0.0
2022-11-23 13:00:00+09:00,28550.0,28900.0,28400.0,28600.0,142662,0.0,0.0
2022-11-23 14:00:00+09:00,28600.0,29050.0,28500.0,28750.0,131111,0.0,0.0
2022-11-24 09:00:00+09:00,29050.0,29600.0,28700.0,29400.0,0,0.0,0.0
2022-11-24 10:00:00+09:00,29400.0,29450.0,29100.0,29250.0,62554,0.0,0.0
2022-11-24 11:00:00+09:00,29250.0,29700.0,29100.0,29550.0,118043,0.0,0.0
2022-11-24 12:00:00+09:00,29550.0,30450.0,29250.0,29650.0,627531,0.0,0.0
2022-11-24 13:00:00+09:00,29700.0,37950.0,29450.0,37250.0,4893258,0.0,0.0
2022-11-24 14:00:00+09:00,37400.0,37900.0,36550.0,37400.0,1384265,0.0,0.0
2022-11-25 09:00:00+09:00,37100.0,37950.0,35750.0,36700.0,0,0.0,0.0
2022-11-25 10:00:00+09:00,36650.0,37000.0,36050.0,36600.0,289974,0.0,0.0
2022-11-25 11:00:00+09:00,36600.0,38100.0,36500.0,37200.0,554383,0.0,0.0
2022-11-25 12:00:00+09:00,37150.0,37600.0,36950.0,37600.0,182223,0.0,0.0
2022-11-25 13:00:00+09:00,37550.0,39450.0,37300.0,37650.0,1405717,0.0,0.0
2022-11-25 14:00:00+09:00,37650.0,38700.0,37650.0,38100.0,531646,0.0,0.0
2022-11-28 09:00:00+09:00,38900.0,39600.0,35100.0,35350.0,0,0.0,0.0
2022-11-28 10:00:00+09:00,35450.0,35700.0,34200.0,34700.0,377027,0.0,0.0
2022-11-28 11:00:00+09:00,34650.0,35750.0,34600.0,35700.0,205379,0.0,0.0
2022-11-28 12:00:00+09:00,35700.0,35700.0,34900.0,35300.0,89155,0.0,0.0
2022-11-28 13:00:00+09:00,35300.0,35550.0,35000.0,35550.0,59538,0.0,0.0
2022-11-28 14:00:00+09:00,35600.0,36100.0,34250.0,34300.0,245675,0.0,0.0
2022-11-29 09:00:00+09:00,34050.0,34150.0,31450.0,31500.0,0,0.0,0.0
2022-11-29 10:00:00+09:00,31550.0,32150.0,31500.0,31950.0,193040,0.0,0.0
2022-11-29 11:00:00+09:00,32000.0,32150.0,31700.0,32000.0,67566,0.0,0.0
2022-11-29 12:00:00+09:00,32050.0,32550.0,31800.0,31900.0,180495,0.0,0.0
2022-11-29 13:00:00+09:00,31850.0,32400.0,31800.0,32050.0,81532,0.0,0.0
2022-11-29 14:00:00+09:00,32050.0,32450.0,32000.0,32250.0,100992,0.0,0.0
2022-11-30 09:00:00+09:00,31450.0,33300.0,31350.0,32650.0,0,0.0,0.0
2022-11-30 10:00:00+09:00,32600.0,32700.0,31700.0,32000.0,186752,0.0,0.0
2022-11-30 11:00:00+09:00,32000.0,32150.0,31800.0,32100.0,42728,0.0,0.0
2022-11-30 12:00:00+09:00,32100.0,32850.0,32100.0,32450.0,71688,0.0,0.0
2022-11-30 13:00:00+09:00,32450.0,33000.0,32200.0,32700.0,92407,0.0,0.0
2022-11-30 14:00:00+09:00,32700.0,33000.0,32400.0,33000.0,76117,0.0,0.0
2022-12-01 09:00:00+09:00,32700.0,33050.0,32150.0,32400.0,0,0.0,0.0
2022-12-01 10:00:00+09:00,32400.0,32900.0,32350.0,32700.0,73738,0.0,0.0
2022-12-01 11:00:00+09:00,32750.0,33800.0,32700.0,33100.0,417724,0.0,0.0
2022-12-01 12:00:00+09:00,33100.0,33250.0,32550.0,32600.0,123614,0.0,0.0
2022-12-01 13:00:00+09:00,32600.0,32700.0,32100.0,32250.0,127074,0.0,0.0
2022-12-01 14:00:00+09:00,32250.0,32500.0,32150.0,32200.0,61778,0.0,0.0
2022-12-02 09:00:00+09:00,32550.0,33000.0,31500.0,32550.0,0,0.0,0.0
2022-12-02 10:00:00+09:00,32550.0,32550.0,32150.0,32200.0,56791,0.0,0.0
2022-12-02 11:00:00+09:00,32200.0,32800.0,32000.0,32700.0,62051,0.0,0.0
2022-12-02 12:00:00+09:00,32750.0,33600.0,32450.0,32650.0,305539,0.0,0.0
2022-12-02 13:00:00+09:00,32650.0,32800.0,32300.0,32500.0,82100,0.0,0.0
2022-12-02 14:00:00+09:00,32500.0,32950.0,32400.0,32900.0,67715,0.0,0.0
2022-12-05 09:00:00+09:00,32850.0,33400.0,30550.0,31050.0,0,0.0,0.0
2022-12-05 10:00:00+09:00,31100.0,31100.0,30100.0,30700.0,210624,0.0,0.0
2022-12-05 11:00:00+09:00,30700.0,31100.0,30600.0,30750.0,67056,0.0,0.0
2022-12-05 12:00:00+09:00,30800.0,31500.0,30700.0,31100.0,73882,0.0,0.0
2022-12-05 13:00:00+09:00,31100.0,31200.0,30500.0,30550.0,45303,0.0,0.0
2022-12-05 14:00:00+09:00,30500.0,31750.0,30300.0,30950.0,170332,0.0,0.0
2022-12-06 09:00:00+09:00,30400.0,30650.0,29250.0,29750.0,0,0.0,0.0
2022-12-06 10:00:00+09:00,29750.0,29800.0,29250.0,29350.0,57807,0.0,0.0
2022-12-06 11:00:00+09:00,29450.0,29650.0,29200.0,29400.0,42478,0.0,0.0
2022-12-06 12:00:00+09:00,29400.0,29600.0,29400.0,29550.0,18023,0.0,0.0
2022-12-06 13:00:00+09:00,29550.0,29650.0,29150.0,29500.0,55889,0.0,0.0
2022-12-06 14:00:00+09:00,29550.0,29550.0,29250.0,29450.0,30807,0.0,0.0
2022-12-07 09:00:00+09:00,29450.0,30550.0,29050.0,29850.0,249798,0.0,0.0
2022-12-07 10:00:00+09:00,29850.0,30200.0,29550.0,29800.0,57022,0.0,0.0
2022-12-07 11:00:00+09:00,29800.0,30200.0,29800.0,30050.0,23610,0.0,0.0
2022-12-07 12:00:00+09:00,30050.0,30050.0,29750.0,29900.0,23028,0.0,0.0
2022-12-07 13:00:00+09:00,29900.0,30350.0,29850.0,30200.0,37665,0.0,0.0
2022-12-07 14:00:00+09:00,30150.0,30600.0,30050.0,30600.0,45920,0.0,0.0
2022-12-08 09:00:00+09:00,30850.0,30900.0,29250.0,29300.0,0,0.0,0.0
2022-12-08 10:00:00+09:00,29300.0,29600.0,29100.0,29550.0,61589,0.0,0.0
2022-12-08 11:00:00+09:00,29500.0,29700.0,29350.0,29600.0,26267,0.0,0.0
2022-12-08 12:00:00+09:00,29650.0,29650.0,29400.0,29500.0,17579,0.0,0.0
2022-12-08 13:00:00+09:00,29500.0,29800.0,29400.0,29750.0,24782,0.0,0.0
2022-12-08 14:00:00+09:00,29750.0,29800.0,29550.0,29700.0,21780,0.0,0.0
2022-12-09 09:00:00+09:00,30050.0,30700.0,29800.0,30100.0,0,0.0,0.0
2022-12-09 10:00:00+09:00,30100.0,31150.0,30100.0,30700.0,140087,0.0,0.0
2022-12-09 11:00:00+09:00,30700.0,30800.0,30300.0,30700.0,45595,0.0,0.0
2022-12-09 12:00:00+09:00,30650.0,31500.0,30550.0,31200.0,125110,0.0,0.0
2022-12-09 13:00:00+09:00,31200.0,31700.0,31050.0,31500.0,136131,0.0,0.0
2022-12-09 14:00:00+09:00,31550.0,31550.0,30700.0,31250.0,118499,0.0,0.0
2022-12-12 09:00:00+09:00,31850.0,32000.0,30100.0,30650.0,0,0.0,0.0
2022-12-12 10:00:00+09:00,30600.0,31250.0,30350.0,30750.0,130969,0.0,0.0
2022-12-12 11:00:00+09:00,30800.0,31250.0,30750.0,30900.0,71629,0.0,0.0
2022-12-12 12:00:00+09:00,30900.0,32450.0,30800.0,32050.0,446414,0.0,0.0
2022-12-12 13:00:00+09:00,32050.0,33450.0,31700.0,31900.0,845117,0.0,0.0
2022-12-12 14:00:00+09:00,31950.0,32000.0,30900.0,31150.0,229583,0.0,0.0
2022-12-13 09:00:00+09:00,31750.0,31900.0,30600.0,30800.0,0,0.0,0.0
2022-12-13 10:00:00+09:00,30800.0,30950.0,30500.0,30800.0,90439,0.0,0.0
2022-12-13 11:00:00+09:00,30750.0,30900.0,30600.0,30650.0,35885,0.0,0.0
2022-12-13 12:00:00+09:00,30650.0,30700.0,30500.0,30550.0,34106,0.0,0.0
2022-12-13 13:00:00+09:00,30550.0,30550.0,28600.0,29250.0,333452,0.0,0.0
2022-12-13 14:00:00+09:00,29300.0,29450.0,28600.0,28700.0,134108,0.0,0.0
2022-12-14 09:00:00+09:00,27750.0,27950.0,26700.0,27500.0,0,0.0,0.0
2022-12-14 10:00:00+09:00,27500.0,27800.0,26950.0,27100.0,89041,0.0,0.0
2022-12-14 11:00:00+09:00,27100.0,27200.0,26550.0,26600.0,138763,0.0,0.0
2022-12-14 12:00:00+09:00,26600.0,26900.0,26500.0,26800.0,85042,0.0,0.0
2022-12-14 13:00:00+09:00,26850.0,26850.0,26600.0,26650.0,67680,0.0,0.0
2022-12-14 14:00:00+09:00,26650.0,26950.0,26600.0,26800.0,77064,0.0,0.0
2022-12-15 09:00:00+09:00,27450.0,29200.0,27300.0,27800.0,0,0.0,0.0
2022-12-15 10:00:00+09:00,27800.0,28000.0,27500.0,27500.0,81656,0.0,0.0
2022-12-15 11:00:00+09:00,27500.0,27550.0,27100.0,27500.0,75052,0.0,0.0
2022-12-15 12:00:00+09:00,27500.0,27500.0,27300.0,27500.0,25831,0.0,0.0
2022-12-15 13:00:00+09:00,27450.0,27500.0,26900.0,27200.0,70885,0.0,0.0
2022-12-15 14:00:00+09:00,27150.0,27450.0,27100.0,27250.0,38727,0.0,0.0
2022-12-16 09:00:00+09:00,26100.0,26550.0,25850.0,26500.0,0,0.0,0.0
2022-12-16 10:00:00+09:00,26500.0,26750.0,26350.0,26750.0,35848,0.0,0.0
2022-12-16 11:00:00+09:00,26750.0,27800.0,26650.0,27100.0,192535,0.0,0.0
2022-12-16 12:00:00+09:00,27100.0,27200.0,26750.0,26900.0,38804,0.0,0.0
2022-12-16 13:00:00+09:00,26900.0,27550.0,26750.0,27200.0,65214,0.0,0.0
2022-12-16 14:00:00+09:00,27250.0,27500.0,26900.0,27000.0,49565,0.0,0.0
2022-12-19 09:00:00+09:00,26700.0,27800.0,26700.0,27650.0,300330,0.0,0.0
2022-12-19 10:00:00+09:00,27700.0,27700.0,27250.0,27400.0,68946,0.0,0.0
2022-12-19 11:00:00+09:00,27400.0,27500.0,27250.0,27250.0,32705,0.0,0.0
2022-12-19 12:00:00+09:00,27300.0,27400.0,27200.0,27350.0,28033,0.0,0.0
2022-12-19 13:00:00+09:00,27350.0,27350.0,27150.0,27300.0,25143,0.0,0.0
2022-12-19 14:00:00+09:00,27300.0,27350.0,26650.0,26850.0,81412,0.0,0.0
2022-12-20 09:00:00+09:00,27050.0,27550.0,26250.0,26550.0,0,0.0,0.0
2022-12-20 10:00:00+09:00,26550.0,27100.0,26550.0,26850.0,39172,0.0,0.0
2022-12-20 11:00:00+09:00,26900.0,28150.0,26850.0,28100.0,156097,0.0,0.0
2022-12-20 12:00:00+09:00,28100.0,28300.0,27050.0,27150.0,299625,0.0,0.0
2022-12-20 13:00:00+09:00,27100.0,27450.0,26800.0,27200.0,55620,0.0,0.0
2022-12-20 14:00:00+09:00,27200.0,27250.0,26750.0,27050.0,50581,0.0,0.0
2022-12-21 09:00:00+09:00,27050.0,28200.0,26800.0,27050.0,0,0.0,0.0
2022-12-21 10:00:00+09:00,27050.0,27150.0,26900.0,27050.0,39401,0.0,0.0
2022-12-21 11:00:00+09:00,27050.0,27600.0,27050.0,27300.0,80091,0.0,0.0
2022-12-21 12:00:00+09:00,27300.0,27600.0,27100.0,27450.0,47622,0.0,0.0
2022-12-21 13:00:00+09:00,27500.0,27500.0,27150.0,27200.0,30540,0.0,0.0
2022-12-21 14:00:00+09:00,27200.0,27350.0,26800.0,26900.0,59284,0.0,0.0
2022-12-22 09:00:00+09:00,26800.0,26800.0,25650.0,25850.0,0,0.0,0.0
2022-12-22 10:00:00+09:00,25900.0,25900.0,25550.0,25650.0,52188,0.0,0.0
2022-12-22 11:00:00+09:00,25650.0,25650.0,25300.0,25400.0,71217,0.0,0.0
2022-12-22 12:00:00+09:00,25400.0,25750.0,25400.0,25650.0,19653,0.0,0.0
2022-12-22 13:00:00+09:00,25700.0,25750.0,25350.0,25400.0,25472,0.0,0.0
2022-12-22 14:00:00+09:00,25400.0,25550.0,25300.0,25400.0,34212,0.0,0.0
2022-12-23 09:00:00+09:00,24900.0,25100.0,24100.0,24150.0,0,0.0,0.0
2022-12-23 10:00:00+09:00,24200.0,24500.0,24000.0,24300.0,85171,0.0,0.0
2022-12-23 11:00:00+09:00,24250.0,24350.0,23950.0,24050.0,49602,0.0,0.0
2022-12-23 12:00:00+09:00,24100.0,24100.0,23800.0,23850.0,80143,0.0,0.0
2022-12-23 13:00:00+09:00,23850.0,24050.0,23700.0,23750.0,52926,0.0,0.0
2022-12-23 14:00:00+09:00,23750.0,24250.0,23600.0,24000.0,70458,0.0,0.0
2022-12-26 09:00:00+09:00,23300.0,23500.0,22650.0,22900.0,0,0.0,0.0
2022-12-26 10:00:00+09:00,22850.0,23000.0,22500.0,22900.0,38624,0.0,0.0
2022-12-26 11:00:00+09:00,22850.0,23250.0,22850.0,22900.0,25504,0.0,0.0
2022-12-26 12:00:00+09:00,22900.0,23100.0,22800.0,22800.0,16840,0.0,0.0
2022-12-26 13:00:00+09:00,22850.0,23000.0,22700.0,22750.0,11998,0.0,0.0
2022-12-26 14:00:00+09:00,22750.0,23000.0,22650.0,22900.0,36364,0.0,0.0
2022-12-27 09:00:00+09:00,23150.0,23350.0,22750.0,22950.0,0,0.0,0.0
2022-12-27 10:00:00+09:00,22950.0,22950.0,22350.0,22400.0,37477,0.0,0.0
2022-12-27 11:00:00+09:00,22400.0,22800.0,22400.0,22650.0,14452,0.0,0.0
2022-12-27 12:00:00+09:00,22650.0,22650.0,22250.0,22400.0,29258,0.0,0.0
2022-12-27 13:00:00+09:00,22450.0,22550.0,22250.0,22300.0,18489,0.0,0.0
2022-12-27 14:00:00+09:00,22300.0,22550.0,22300.0,22450.0,24991,0.0,0.0
2022-12-28 09:00:00+09:00,22000.0,22750.0,22000.0,22350.0,0,0.0,0.0
2022-12-28 10:00:00+09:00,22350.0,22550.0,22200.0,22350.0,27680,0.0,0.0
2022-12-28 11:00:00+09:00,22300.0,22500.0,22150.0,22150.0,15911,0.0,0.0
2022-12-28 12:00:00+09:00,22150.0,22250.0,22050.0,22150.0,16641,0.0,0.0
2022-12-28 13:00:00+09:00,22150.0,22400.0,22100.0,22300.0,16984,0.0,0.0
2022-12-28 14:00:00+09:00,22300.0,22300.0,22100.0,22150.0,13712,0.0,0.0
2022-12-29 09:00:00+09:00,22050.0,22750.0,22050.0,22300.0,0,0.0,0.0
2022-12-29 10:00:00+09:00,22300.0,22300.0,21450.0,21650.0,69626,0.0,0.0
2022-12-29 11:00:00+09:00,21750.0,21850.0,21550.0,21650.0,33464,0.0,0.0
2022-12-29 12:00:00+09:00,21650.0,21700.0,21400.0,21450.0,26444,0.0,0.0
2022-12-29 13:00:00+09:00,21500.0,21650.0,21350.0,21600.0,15390,0.0,0.0
2022-12-29 14:00:00+09:00,21550.0,21550.0,20900.0,21350.0,47667,0.0,0.0
2023-01-02 10:00:00+09:00,21050.0,21400.0,20750.0,20900.0,62800,0.0,0.0
2023-01-02 11:00:00+09:00,20900.0,21000.0,20600.0,20950.0,24851,0.0,0.0
2023-01-02 12:00:00+09:00,20950.0,21000.0,20650.0,20650.0,19762,0.0,0.0
2023-01-02 13:00:00+09:00,20700.0,21100.0,20600.0,21000.0,23291,0.0,0.0
2023-01-02 14:00:00+09:00,21000.0,21000.0,20500.0,20700.0,23675,0.0,0.0
2023-01-03 09:00:00+09:00,20700.0,20900.0,20200.0,20750.0,0,0.0,0.0
2023-01-03 10:00:00+09:00,20700.0,20850.0,20350.0,20750.0,25074,0.0,0.0
2023-01-03 11:00:00+09:00,20800.0,21150.0,20750.0,20950.0,47995,0.0,0.0
2023-01-03 12:00:00+09:00,20900.0,21100.0,20900.0,21050.0,12036,0.0,0.0
2023-01-03 13:00:00+09:00,21000.0,21100.0,20750.0,20800.0,12816,0.0,0.0
2023-01-03 14:00:00+09:00,20850.0,20950.0,20700.0,20800.0,12885,0.0,0.0
2023-01-04 09:00:00+09:00,20650.0,21100.0,20550.0,20700.0,0,0.0,0.0
2023-01-04 10:00:00+09:00,20700.0,20850.0,20650.0,20700.0,0,0.0,0.0
2023-01-04 11:00:00+09:00,20700.0,20700.0,20550.0,20550.0,78937,0.0,0.0
2023-01-04 12:00:00+09:00,20500.0,20600.0,20450.0,20550.0,16433,0.0,0.0
2023-01-04 13:00:00+09:00,20600.0,20700.0,20550.0,20650.0,6973,0.0,0.0
2023-01-04 14:00:00+09:00,20700.0,21200.0,20600.0,21150.0,42730,0.0,0.0
2023-01-05 09:00:00+09:00,22150.0,24350.0,21950.0,22800.0,1356392,0.0,0.0
2023-01-05 10:00:00+09:00,22800.0,22850.0,22000.0,22200.0,257426,0.0,0.0
2023-01-05 11:00:00+09:00,22200.0,22200.0,21700.0,21800.0,147913,0.0,0.0
2023-01-05 12:00:00+09:00,21800.0,21900.0,21650.0,21700.0,49647,0.0,0.0
2023-01-05 13:00:00+09:00,21750.0,22050.0,21600.0,21900.0,62418,0.0,0.0
2023-01-05 14:00:00+09:00,21900.0,21900.0,21650.0,21700.0,54020,0.0,0.0
2023-01-06 09:00:00+09:00,21950.0,22300.0,21200.0,21300.0,0,0.0,0.0
2023-01-06 10:00:00+09:00,21250.0,21350.0,21000.0,21200.0,66733,0.0,0.0
2023-01-06 11:00:00+09:00,21200.0,21200.0,20950.0,21000.0,27003,0.0,0.0
2023-01-06 12:00:00+09:00,21000.0,21300.0,21000.0,21250.0,28398,0.0,0.0
2023-01-06 13:00:00+09:00,21300.0,21350.0,21150.0,21200.0,18479,0.0,0.0
2023-01-06 14:00:00+09:00,21200.0,21250.0,20900.0,21050.0,39919,0.0,0.0
2023-01-09 09:00:00+09:00,21050.0,21300.0,20850.0,21000.0,0,0.0,0.0
2023-01-09 10:00:00+09:00,21000.0,21200.0,20950.0,21100.0,20526,0.0,0.0
2023-01-09 11:00:00+09:00,21100.0,21100.0,20950.0,20950.0,19467,0.0,0.0
2023-01-09 12:00:00+09:00,20900.0,21050.0,20900.0,21050.0,10197,0.0,0.0
2023-01-09 13:00:00+09:00,21050.0,21050.0,20900.0,20950.0,17443,0.0,0.0
2023-01-09 14:00:00+09:00,20900.0,21000.0,20850.0,20950.0,22104,0.0,0.0
2023-01-10 09:00:00+09:00,21000.0,21200.0,20800.0,20900.0,0,0.0,0.0
2023-01-10 10:00:00+09:00,20850.0,21200.0,20850.0,21050.0,21218,0.0,0.0
2023-01-10 11:00:00+09:00,21100.0,21100.0,20900.0,20950.0,17572,0.0,0.0
2023-01-10 12:00:00+09:00,20950.0,21050.0,20900.0,21000.0,6290,0.0,0.0
2023-01-10 13:00:00+09:00,21000.0,21050.0,20800.0,20800.0,23577,0.0,0.0
2023-01-10 14:00:00+09:00,20850.0,20850.0,20700.0,20850.0,24751,0.0,0.0
2023-01-11 09:00:00+09:00,20800.0,20950.0,20600.0,20800.0,0,0.0,0.0
2023-01-11 10:00:00+09:00,20800.0,21150.0,20700.0,21100.0,40341,0.0,0.0
2023-01-11 11:00:00+09:00,21100.0,21100.0,20850.0,20950.0,14699,0.0,0.0
2023-01-11 12:00:00+09:00,20950.0,21050.0,20900.0,20950.0,7589,0.0,0.0
2023-01-11 13:00:00+09:00,20900.0,21000.0,20850.0,20950.0,6625,0.0,0.0
2023-01-11 14:00:00+09:00,20950.0,21050.0,20900.0,20950.0,15507,0.0,0.0
2023-01-12 09:00:00+09:00,21150.0,21800.0,21050.0,21200.0,0,0.0,0.0
2023-01-12 10:00:00+09:00,21200.0,21500.0,21150.0,21250.0,27577,0.0,0.0
2023-01-12 11:00:00+09:00,21250.0,21400.0,21250.0,21300.0,12305,0.0,0.0
2023-01-12 12:00:00+09:00,21400.0,21450.0,21300.0,21400.0,13023,0.0,0.0
2023-01-12 13:00:00+09:00,21400.0,21400.0,21300.0,21300.0,14919,0.0,0.0
2023-01-12 14:00:00+09:00,21300.0,21500.0,21300.0,21300.0,21540,0.0,0.0
2023-01-13 09:00:00+09:00,21550.0,21800.0,21400.0,21650.0,0,0.0,0.0
2023-01-13 10:00:00+09:00,21650.0,21900.0,21600.0,21700.0,53430,0.0,0.0
2023-01-13 11:00:00+09:00,21700.0,21700.0,21500.0,21550.0,21444,0.0,0.0
2023-01-13 12:00:00+09:00,21550.0,21550.0,21150.0,21300.0,56637,0.0,0.0
2023-01-13 13:00:00+09:00,21300.0,21450.0,21200.0,21350.0,11930,0.0,0.0
2023-01-13 14:00:00+09:00,21450.0,21450.0,21300.0,21450.0,18925,0.0,0.0
2023-01-16 09:00:00+09:00,21500.0,21600.0,21100.0,21600.0,0,0.0,0.0
2023-01-16 10:00:00+09:00,21600.0,22000.0,21600.0,21900.0,74281,0.0,0.0
2023-01-16 11:00:00+09:00,21900.0,21900.0,21750.0,21850.0,18937,0.0,0.0
2023-01-16 12:00:00+09:00,21850.0,22200.0,21800.0,22150.0,62062,0.0,0.0
2023-01-16 13:00:00+09:00,22100.0,22200.0,21900.0,22050.0,38850,0.0,0.0
2023-01-16 14:00:00+09:00,22000.0,22000.0,21750.0,21850.0,25236,0.0,0.0
2023-01-17 09:00:00+09:00,24550.0,26350.0,23400.0,25350.0,3913891,0.0,0.0
2023-01-17 10:00:00+09:00,25350.0,25900.0,24600.0,24800.0,1204505,0.0,0.0
2023-01-17 11:00:00+09:00,24800.0,24950.0,24300.0,24750.0,411241,0.0,0.0
2023-01-17 12:00:00+09:00,24750.0,25450.0,24400.0,25300.0,407794,0.0,0.0
2023-01-17 13:00:00+09:00,25300.0,25400.0,24500.0,24650.0,334814,0.0,0.0
2023-01-17 14:00:00+09:00,24650.0,24850.0,24450.0,24800.0,177172,0.0,0.0
2023-01-18 09:00:00+09:00,24350.0,24500.0,23150.0,23200.0,0,0.0,0.0
2023-01-18 10:00:00+09:00,23200.0,23500.0,22950.0,23350.0,135788,0.0,0.0
2023-01-18 11:00:00+09:00,23350.0,23550.0,23100.0,23200.0,56574,0.0,0.0
2023-01-18 12:00:00+09:00,23250.0,23250.0,23050.0,23200.0,40870,0.0,0.0
2023-01-18 13:00:00+09:00,23150.0,23250.0,23050.0,23150.0,37775,0.0,0.0
2023-01-18 14:00:00+09:00,23150.0,23200.0,22900.0,23000.0,66986,0.0,0.0
2023-01-19 09:00:00+09:00,23150.0,24150.0,22900.0,23550.0,0,0.0,0.0
2023-01-19 10:00:00+09:00,23550.0,23900.0,23450.0,23650.0,92236,0.0,0.0
2023-01-19 11:00:00+09:00,23650.0,23750.0,23350.0,23450.0,56111,0.0,0.0
2023-01-19 12:00:00+09:00,23450.0,23450.0,23150.0,23350.0,45760,0.0,0.0
2023-01-19 13:00:00+09:00,23350.0,23450.0,23150.0,23450.0,37584,0.0,0.0
2023-01-19 14:00:00+09:00,23450.0,23600.0,23050.0,23400.0,65333,0.0,0.0
2023-01-20 09:00:00+09:00,24600.0,25100.0,23800.0,23950.0,0,0.0,0.0
2023-01-20 10:00:00+09:00,23950.0,24150.0,23850.0,23850.0,59400,0.0,0.0
2023-01-20 11:00:00+09:00,23900.0,23950.0,23750.0,23850.0,31714,0.0,0.0
2023-01-20 12:00:00+09:00,23850.0,24100.0,23800.0,24000.0,23157,0.0,0.0
2023-01-20 13:00:00+09:00,24000.0,24000.0,23750.0,23950.0,34965,0.0,0.0
2023-01-20 14:00:00+09:00,23850.0,24100.0,23750.0,24050.0,43720,0.0,0.0
2023-01-25 09:00:00+09:00,23300.0,23650.0,22800.0,22900.0,0,0.0,0.0
2023-01-25 10:00:00+09:00,22900.0,23650.0,22800.0,23000.0,36909,0.0,0.0
2023-01-25 11:00:00+09:00,23000.0,23650.0,22900.0,22900.0,22046,0.0,0.0
2023-01-25 12:00:00+09:00,22950.0,23650.0,22850.0,22900.0,16558,0.0,0.0
2023-01-25 13:00:00+09:00,22900.0,23650.0,22700.0,22800.0,53557,0.0,0.0
2023-01-25 14:00:00+09:00,22800.0,23650.0,22600.0,22750.0,39292,0.0,0.0
2023-01-26 09:00:00+09:00,22550.0,22750.0,22150.0,22500.0,84634,0.0,0.0
2023-01-26 10:00:00+09:00,22500.0,22700.0,22300.0,22650.0,41296,0.0,0.0
2023-01-26 11:00:00+09:00,22650.0,22800.0,22550.0,22700.0,24246,0.0,0.0
2023-01-26 12:00:00+09:00,22650.0,22900.0,22650.0,22750.0,19513,0.0,0.0
2023-01-26 13:00:00+09:00,22750.0,22800.0,22450.0,22450.0,43422,0.0,0.0
2023-01-26 14:00:00+09:00,22450.0,22700.0,22300.0,22350.0,42569,0.0,0.0
2023-01-27 09:00:00+09:00,22400.0,22450.0,22150.0,22250.0,61978,0.0,0.0
2023-01-27 10:00:00+09:00,22200.0,22400.0,22150.0,22300.0,25657,0.0,0.0
2023-01-27 11:00:00+09:00,22350.0,22400.0,22200.0,22300.0,20275,0.0,0.0
2023-01-27 12:00:00+09:00,22300.0,22350.0,22200.0,22200.0,21100,0.0,0.0
2023-01-27 13:00:00+09:00,22150.0,22200.0,21950.0,22050.0,72137,0.0,0.0
2023-01-27 14:00:00+09:00,22100.0,22200.0,22050.0,22100.0,17053,0.0,0.0
2023-01-30 09:00:00+09:00,22100.0,22300.0,21950.0,22050.0,0,0.0,0.0
2023-01-30 10:00:00+09:00,22000.0,22100.0,21600.0,21700.0,47921,0.0,0.0
2023-01-30 11:00:00+09:00,21750.0,21800.0,21650.0,21650.0,18240,0.0,0.0
2023-01-30 12:00:00+09:00,21650.0,21700.0,21550.0,21650.0,13851,0.0,0.0
2023-01-30 13:00:00+09:00,21650.0,21650.0,21350.0,21400.0,35188,0.0,0.0
2023-01-30 14:00:00+09:00,21450.0,21500.0,21250.0,21350.0,31320,0.0,0.0
2023-01-31 09:00:00+09:00,21100.0,21300.0,20500.0,21250.0,49682,0.0,0.0
2023-01-31 10:00:00+09:00,21200.0,21500.0,21100.0,21500.0,16451,0.0,0.0
2023-01-31 11:00:00+09:00,21500.0,21500.0,21250.0,21300.0,10659,0.0,0.0
2023-01-31 12:00:00+09:00,21300.0,21300.0,21000.0,21100.0,21487,0.0,0.0
2023-01-31 13:00:00+09:00,21100.0,21200.0,21050.0,21050.0,7500,0.0,0.0
2023-01-31 14:00:00+09:00,21050.0,21150.0,20950.0,21100.0,19206,0.0,0.0
2023-02-01 09:00:00+09:00,21050.0,21500.0,21000.0,21250.0,44825,0.0,0.0
2023-02-01 10:00:00+09:00,21200.0,21300.0,21050.0,21100.0,28045,0.0,0.0
2023-02-01 11:00:00+09:00,21150.0,21150.0,21000.0,21100.0,16495,0.0,0.0
2023-02-01 12:00:00+09:00,21150.0,21250.0,21050.0,21150.0,10469,0.0,0.0
2023-02-01 13:00:00+09:00,21150.0,21200.0,21050.0,21100.0,15693,0.0,0.0
2023-02-01 14:00:00+09:00,21100.0,21100.0,20900.0,20900.0,25449,0.0,0.0
2023-02-02 09:00:00+09:00,21600.0,22300.0,21600.0,22050.0,228577,0.0,0.0
2023-02-02 10:00:00+09:00,22000.0,22300.0,21900.0,22150.0,65789,0.0,0.0
2023-02-02 11:00:00+09:00,22100.0,22200.0,22050.0,22100.0,27030,0.0,0.0
2023-02-02 12:00:00+09:00,22050.0,22200.0,22000.0,22050.0,16570,0.0,0.0
2023-02-02 13:00:00+09:00,22000.0,22250.0,22000.0,22200.0,26009,0.0,0.0
2023-02-02 14:00:00+09:00,22250.0,22450.0,22150.0,22400.0,75468,0.0,0.0
2023-02-03 09:00:00+09:00,22500.0,22550.0,21800.0,21800.0,85684,0.0,0.0
2023-02-03 10:00:00+09:00,21800.0,22000.0,21800.0,22000.0,15862,0.0,0.0
2023-02-03 11:00:00+09:00,22000.0,22000.0,21900.0,22000.0,9685,0.0,0.0
2023-02-03 12:00:00+09:00,22000.0,22100.0,21950.0,22100.0,11966,0.0,0.0
2023-02-03 13:00:00+09:00,22100.0,22100.0,22000.0,22050.0,10224,0.0,0.0
2023-02-03 14:00:00+09:00,22050.0,22100.0,21950.0,21950.0,16025,0.0,0.0
2023-02-06 09:00:00+09:00,21900.0,21900.0,21250.0,21300.0,0,0.0,0.0
2023-02-06 10:00:00+09:00,21300.0,21350.0,21200.0,21350.0,31144,0.0,0.0
2023-02-06 11:00:00+09:00,21350.0,21450.0,21250.0,21300.0,12039,0.0,0.0
2023-02-06 12:00:00+09:00,21300.0,21350.0,21150.0,21250.0,17577,0.0,0.0
2023-02-06 13:00:00+09:00,21250.0,21250.0,21100.0,21150.0,23650,0.0,0.0
2023-02-06 14:00:00+09:00,21200.0,21250.0,21100.0,21200.0,17621,0.0,0.0
2023-02-07 09:00:00+09:00,21150.0,21450.0,21100.0,21300.0,27341,0.0,0.0
2023-02-07 10:00:00+09:00,21300.0,21350.0,21200.0,21250.0,10642,0.0,0.0
2023-02-07 11:00:00+09:00,21250.0,21400.0,21250.0,21350.0,9582,0.0,0.0
2023-02-07 12:00:00+09:00,21350.0,21450.0,21300.0,21400.0,7870,0.0,0.0
2023-02-07 13:00:00+09:00,21350.0,21350.0,21200.0,21250.0,13316,0.0,0.0
2023-02-07 14:00:00+09:00,21250.0,21400.0,21200.0,21350.0,12340,0.0,0.0
2023-02-08 09:00:00+09:00,21400.0,21400.0,21150.0,21250.0,23160,0.0,0.0
2023-02-08 10:00:00+09:00,21250.0,21300.0,21150.0,21150.0,11074,0.0,0.0
2023-02-08 11:00:00+09:00,21150.0,21250.0,21100.0,21100.0,12432,0.0,0.0
2023-02-08 12:00:00+09:00,21100.0,21300.0,21100.0,21200.0,7138,0.0,0.0
2023-02-08 13:00:00+09:00,21200.0,21350.0,21150.0,21350.0,10898,0.0,0.0
2023-02-08 14:00:00+09:00,21350.0,21350.0,21100.0,21250.0,16197,0.0,0.0
2023-02-09 09:00:00+09:00,21050.0,21250.0,21050.0,21150.0,17966,0.0,0.0
2023-02-09 10:00:00+09:00,21150.0,21450.0,21100.0,21350.0,17470,0.0,0.0
2023-02-09 11:00:00+09:00,21350.0,21350.0,21150.0,21150.0,9513,0.0,0.0
2023-02-09 12:00:00+09:00,21150.0,21300.0,21150.0,21150.0,3714,0.0,0.0
2023-02-09 13:00:00+09:00,21150.0,21200.0,21100.0,21150.0,12066,0.0,0.0
2023-02-09 14:00:00+09:00,21150.0,21200.0,21050.0,21150.0,18241,0.0,0.0
2023-02-10 09:00:00+09:00,21100.0,21100.0,20300.0,20450.0,109732,0.0,0.0
2023-02-10 10:00:00+09:00,20400.0,20400.0,19730.0,19760.0,193464,0.0,0.0
2023-02-10 11:00:00+09:00,19770.0,20150.0,19740.0,19990.0,69108,0.0,0.0
2023-02-10 12:00:00+09:00,19960.0,20050.0,19800.0,19960.0,42812,0.0,0.0
2023-02-10 13:00:00+09:00,19950.0,20100.0,19890.0,20050.0,29709,0.0,0.0
2023-02-10 14:00:00+09:00,20000.0,20050.0,19810.0,19860.0,34964,0.0,0.0
2023-02-13 09:00:00+09:00,19850.0,19980.0,19720.0,19840.0,0,0.0,0.0
2023-02-13 10:00:00+09:00,19840.0,19840.0,19600.0,19600.0,28941,0.0,0.0
2023-02-13 11:00:00+09:00,19600.0,19620.0,19160.0,19200.0,50284,0.0,0.0
2023-02-13 12:00:00+09:00,19200.0,19450.0,19180.0,19450.0,19992,0.0,0.0
2023-02-13 13:00:00+09:00,19460.0,19460.0,19360.0,19410.0,12382,0.0,0.0
2023-02-13 14:00:00+09:00,19400.0,19460.0,19400.0,19420.0,11541,0.0,0.0
2023-02-14 09:00:00+09:00,19850.0,20150.0,19820.0,19900.0,0,0.0,0.0
2023-02-14 10:00:00+09:00,19950.0,20050.0,19780.0,20000.0,21247,0.0,0.0
2023-02-14 11:00:00+09:00,20000.0,20050.0,19940.0,20000.0,8827,0.0,0.0
2023-02-14 12:00:00+09:00,20000.0,20100.0,19970.0,20050.0,11823,0.0,0.0
2023-02-14 13:00:00+09:00,20000.0,20050.0,19930.0,19990.0,11597,0.0,0.0
2023-02-14 14:00:00+09:00,19990.0,20050.0,19940.0,20000.0,20851,0.0,0.0
2023-02-15 09:00:00+09:00,19930.0,20050.0,19510.0,19520.0,41760,0.0,0.0
2023-02-15 10:00:00+09:00,19520.0,19690.0,19520.0,19590.0,21660,0.0,0.0
2023-02-15 11:00:00+09:00,19590.0,19600.0,19300.0,19380.0,29278,0.0,0.0
2023-02-15 12:00:00+09:00,19380.0,19440.0,19300.0,19370.0,14412,0.0,0.0
2023-02-15 13:00:00+09:00,19400.0,19400.0,19260.0,19290.0,13690,0.0,0.0
2023-02-15 14:00:00+09:00,19290.0,20500.0,19260.0,19390.0,61447,0.0,0.0
2023-02-16 09:00:00+09:00,19670.0,19670.0,19370.0,19400.0,31929,0.0,0.0
2023-02-16 10:00:00+09:00,19410.0,19650.0,19330.0,19630.0,14795,0.0,0.0
2023-02-16 11:00:00+09:00,19610.0,19670.0,19530.0,19590.0,8557,0.0,0.0
2023-02-16 12:00:00+09:00,19590.0,19590.0,19500.0,19550.0,6597,0.0,0.0
2023-02-16 13:00:00+09:00,19550.0,19610.0,19490.0,19490.0,8898,0.0,0.0
2023-02-16 14:00:00+09:00,19490.0,19490.0,19420.0,19420.0,7247,0.0,0.0
2023-02-17 09:00:00+09:00,19140.0,19310.0,19120.0,19220.0,25261,0.0,0.0
2023-02-17 10:00:00+09:00,19190.0,19280.0,19140.0,19140.0,18835,0.0,0.0
2023-02-17 11:00:00+09:00,19140.0,19200.0,19120.0,19140.0,10603,0.0,0.0
2023-02-17 12:00:00+09:00,19140.0,19190.0,19120.0,19180.0,5847,0.0,0.0
2023-02-17 13:00:00+09:00,19190.0,19210.0,19130.0,19190.0,6042,0.0,0.0
2023-02-17 14:00:00+09:00,19190.0,19210.0,19120.0,19150.0,8174,0.0,0.0
2023-02-20 09:00:00+09:00,19270.0,19470.0,19130.0,19390.0,0,0.0,0.0
2023-02-20 10:00:00+09:00,19410.0,19600.0,19380.0,19430.0,11249,0.0,0.0
2023-02-20 11:00:00+09:00,19430.0,19530.0,19400.0,19490.0,7983,0.0,0.0
2023-02-20 12:00:00+09:00,19490.0,19500.0,19450.0,19450.0,1695,0.0,0.0
2023-02-20 13:00:00+09:00,19450.0,19510.0,19420.0,19490.0,4534,0.0,0.0
2023-02-20 14:00:00+09:00,19490.0,19500.0,19420.0,19460.0,3015,0.0,0.0
2023-02-21 09:00:00+09:00,19400.0,19630.0,19380.0,19580.0,0,0.0,0.0
2023-02-21 10:00:00+09:00,19600.0,19760.0,19520.0,19720.0,17374,0.0,0.0
2023-02-21 11:00:00+09:00,19720.0,19730.0,19640.0,19640.0,9132,0.0,0.0
2023-02-21 12:00:00+09:00,19630.0,19640.0,19550.0,19550.0,6479,0.0,0.0
2023-02-21 13:00:00+09:00,19550.0,19590.0,19550.0,19560.0,5127,0.0,0.0
2023-02-21 14:00:00+09:00,19570.0,19600.0,19540.0,19560.0,6966,0.0,0.0
2023-02-22 09:00:00+09:00,19100.0,19310.0,19100.0,19250.0,0,0.0,0.0
2023-02-22 10:00:00+09:00,19250.0,19250.0,19130.0,19180.0,16585,0.0,0.0
2023-02-22 11:00:00+09:00,19180.0,19230.0,19140.0,19220.0,7946,0.0,0.0
2023-02-22 12:00:00+09:00,19220.0,19260.0,19150.0,19260.0,5907,0.0,0.0
2023-02-22 13:00:00+09:00,19250.0,19250.0,19120.0,19120.0,10434,0.0,0.0
2023-02-22 14:00:00+09:00,19130.0,19170.0,19020.0,19070.0,17725,0.0,0.0
2023-02-23 09:00:00+09:00,19200.0,19200.0,19000.0,19040.0,0,0.0,0.0
2023-02-23 10:00:00+09:00,19040.0,19120.0,19000.0,19050.0,8796,0.0,0.0
2023-02-23 11:00:00+09:00,19060.0,19190.0,19050.0,19170.0,5290,0.0,0.0
2023-02-23 12:00:00+09:00,19160.0,20000.0,19160.0,19320.0,67228,0.0,0.0
2023-02-23 13:00:00+09:00,19320.0,19370.0,19190.0,19250.0,12546,0.0,0.0
2023-02-23 14:00:00+09:00,19250.0,19350.0,19250.0,19280.0,8653,0.0,0.0
2023-02-24 09:00:00+09:00,19990.0,20100.0,19720.0,19970.0,0,0.0,0.0
2023-02-24 10:00:00+09:00,19970.0,20050.0,19850.0,19910.0,34693,0.0,0.0
2023-02-24 11:00:00+09:00,19910.0,19940.0,19720.0,19730.0,21283,0.0,0.0
2023-02-24 12:00:00+09:00,19730.0,19830.0,19720.0,19810.0,5254,0.0,0.0
2023-02-24 13:00:00+09:00,19810.0,19820.0,19630.0,19630.0,15774,0.0,0.0
2023-02-24 14:00:00+09:00,19630.0,19850.0,19560.0,19800.0,15433,0.0,0.0
2023-02-27 09:00:00+09:00,19840.0,19960.0,19450.0,19590.0,0,0.0,0.0
2023-02-27 10:00:00+09:00,19590.0,19870.0,19500.0,19830.0,8836,0.0,0.0
2023-02-27 11:00:00+09:00,19820.0,19960.0,19790.0,19890.0,14325,0.0,0.0
2023-02-27 12:00:00+09:00,19920.0,19920.0,19810.0,19850.0,6239,0.0,0.0
2023-02-27 13:00:00+09:00,19850.0,19850.0,19710.0,19780.0,5543,0.0,0.0
2023-02-27 14:00:00+09:00,19800.0,19840.0,19700.0,19720.0,5808,0.0,0.0
2023-02-28 09:00:00+09:00,19660.0,19900.0,19660.0,19850.0,0,0.0,0.0
2023-02-28 10:00:00+09:00,19840.0,20250.0,19800.0,19990.0,35120,0.0,0.0
2023-02-28 11:00:00+09:00,19960.0,19960.0,19850.0,19880.0,8437,0.0,0.0
2023-02-28 12:00:00+09:00,19890.0,19930.0,19860.0,19880.0,3079,0.0,0.0
2023-02-28 13:00:00+09:00,19880.0,19980.0,19880.0,19910.0,6366,0.0,0.0
2023-02-28 14:00:00+09:00,19900.0,19910.0,19830.0,19830.0,6929,0.0,0.0
2023-03-02 09:00:00+09:00,19970.0,20000.0,19800.0,19870.0,0,0.0,0.0
2023-03-02 10:00:00+09:00,19880.0,19940.0,19750.0,19840.0,16636,0.0,0.0
2023-03-02 11:00:00+09:00,19850.0,19960.0,19810.0,19950.0,7032,0.0,0.0
2023-03-02 12:00:00+09:00,19950.0,20200.0,19910.0,20100.0,28746,0.0,0.0
2023-03-02 13:00:00+09:00,20100.0,20150.0,19980.0,20050.0,10126,0.0,0.0
2023-03-02 14:00:00+09:00,20000.0,20050.0,19870.0,19970.0,8589,0.0,0.0
2023-03-03 09:00:00+09:00,20200.0,21050.0,20000.0,20750.0,47405,0.0,0.0
2023-03-03 10:00:00+09:00,20700.0,21600.0,20600.0,21300.0,133001,0.0,0.0
2023-03-03 11:00:00+09:00,21300.0,21550.0,21200.0,21250.0,106838,0.0,0.0
2023-03-03 12:00:00+09:00,21250.0,21450.0,21150.0,21250.0,30930,0.0,0.0
2023-03-03 13:00:00+09:00,21200.0,21450.0,21100.0,21450.0,35908,0.0,0.0
2023-03-03 14:00:00+09:00,21450.0,21750.0,21350.0,21450.0,80050,0.0,0.0
2023-03-06 09:00:00+09:00,22000.0,22000.0,21250.0,21350.0,0,0.0,0.0
2023-03-06 10:00:00+09:00,21350.0,21750.0,21300.0,21550.0,33679,0.0,0.0
2023-03-06 11:00:00+09:00,21550.0,21700.0,21500.0,21650.0,13885,0.0,0.0
2023-03-06 12:00:00+09:00,21600.0,21700.0,21550.0,21600.0,8640,0.0,0.0
2023-03-06 13:00:00+09:00,21600.0,21900.0,21600.0,21700.0,33277,0.0,0.0
2023-03-06 14:00:00+09:00,21700.0,21800.0,21650.0,21650.0,26132,0.0,0.0
2023-03-07 09:00:00+09:00,22250.0,22700.0,21900.0,22550.0,0,0.0,0.0
2023-03-07 10:00:00+09:00,22500.0,22850.0,22350.0,22800.0,106284,0.0,0.0
2023-03-07 11:00:00+09:00,22800.0,22950.0,22650.0,22800.0,50812,0.0,0.0
2023-03-07 12:00:00+09:00,22800.0,23000.0,22750.0,22900.0,45101,0.0,0.0
2023-03-07 13:00:00+09:00,22850.0,22900.0,22750.0,22850.0,30176,0.0,0.0
2023-03-07 14:00:00+09:00,22850.0,22950.0,22700.0,22750.0,33112,0.0,0.0
2023-03-08 09:00:00+09:00,22000.0,22100.0,21250.0,21600.0,0,0.0,0.0
2023-03-08 10:00:00+09:00,21600.0,21650.0,20950.0,21150.0,102559,0.0,0.0
2023-03-08 11:00:00+09:00,21150.0,21350.0,21100.0,21200.0,19232,0.0,0.0
2023-03-08 12:00:00+09:00,21200.0,21350.0,21150.0,21250.0,14049,0.0,0.0
2023-03-08 13:00:00+09:00,21200.0,21450.0,21150.0,21350.0,22243,0.0,0.0
2023-03-08 14:00:00+09:00,21400.0,21600.0,21350.0,21400.0,20862,0.0,0.0
2023-03-09 09:00:00+09:00,21350.0,21400.0,20700.0,21000.0,0,0.0,0.0
2023-03-09 10:00:00+09:00,21000.0,21300.0,20800.0,21200.0,30597,0.0,0.0
2023-03-09 11:00:00+09:00,21200.0,22100.0,21200.0,21900.0,67548,0.0,0.0
2023-03-09 12:00:00+09:00,21900.0,22150.0,21750.0,22150.0,30028,0.0,0.0
2023-03-09 13:00:00+09:00,22200.0,22850.0,22150.0,22450.0,128284,0.0,0.0
2023-03-09 14:00:00+09:00,22500.0,22600.0,22100.0,22200.0,41229,0.0,0.0
2023-03-10 09:00:00+09:00,21950.0,22800.0,21700.0,22450.0,0,0.0,0.0
2023-03-10 10:00:00+09:00,22400.0,22600.0,21800.0,22000.0,50858,0.0,0.0
2023-03-10 11:00:00+09:00,22000.0,22100.0,21800.0,22000.0,18234,0.0,0.0
2023-03-10 12:00:00+09:00,22050.0,22200.0,21950.0,22100.0,7801,0.0,0.0
2023-03-10 13:00:00+09:00,22050.0,22100.0,21900.0,21900.0,10760,0.0,0.0
2023-03-10 14:00:00+09:00,21900.0,22000.0,21700.0,21850.0,18116,0.0,0.0
2023-03-13 09:00:00+09:00,21350.0,21550.0,20600.0,20750.0,0,0.0,0.0
2023-03-13 10:00:00+09:00,20750.0,20800.0,20300.0,20500.0,31418,0.0,0.0
2023-03-13 11:00:00+09:00,20500.0,20900.0,20500.0,20850.0,11499,0.0,0.0
2023-03-13 12:00:00+09:00,20800.0,21000.0,20800.0,20950.0,9127,0.0,0.0
2023-03-13 13:00:00+09:00,20950.0,21100.0,20600.0,21000.0,19008,0.0,0.0
2023-03-13 14:00:00+09:00,21000.0,21150.0,20850.0,20900.0,14424,0.0,0.0
2023-03-14 09:00:00+09:00,20700.0,21000.0,19870.0,20100.0,0,0.0,0.0
2023-03-14 10:00:00+09:00,20100.0,20100.0,19000.0,19570.0,47580,0.0,0.0
2023-03-14 11:00:00+09:00,19550.0,19750.0,19550.0,19590.0,12845,0.0,0.0
2023-03-14 12:00:00+09:00,19590.0,19660.0,19240.0,19250.0,32900,0.0,0.0
2023-03-14 13:00:00+09:00,19250.0,19380.0,19150.0,19280.0,26118,0.0,0.0
2023-03-14 14:00:00+09:00,19280.0,19280.0,19100.0,19130.0,28107,0.0,0.0
2023-03-15 09:00:00+09:00,19300.0,19610.0,19070.0,19170.0,0,0.0,0.0
2023-03-15 10:00:00+09:00,19160.0,19380.0,19090.0,19270.0,17143,0.0,0.0
2023-03-15 11:00:00+09:00,19300.0,19370.0,19190.0,19300.0,13017,0.0,0.0
2023-03-15 12:00:00+09:00,19310.0,19330.0,19210.0,19260.0,6092,0.0,0.0
2023-03-15 13:00:00+09:00,19260.0,19260.0,19180.0,19210.0,9627,0.0,0.0
2023-03-15 14:00:00+09:00,19210.0,19280.0,19000.0,19050.0,16184,0.0,0.0
2023-03-16 09:00:00+09:00,18910.0,19010.0,18220.0,18620.0,0,0.0,0.0
2023-03-16 10:00:00+09:00,18630.0,18890.0,18550.0,18840.0,9972,0.0,0.0
2023-03-16 11:00:00+09:00,18820.0,18820.0,18530.0,18700.0,13680,0.0,0.0
2023-03-16 12:00:00+09:00,18680.0,18690.0,18380.0,18380.0,18919,0.0,0.0
2023-03-16 13:00:00+09:00,18370.0,18470.0,18280.0,18400.0,11797,0.0,0.0
2023-03-16 14:00:00+09:00,18410.0,18420.0,18320.0,18380.0,7935,0.0,0.0
2023-03-17 09:00:00+09:00,18650.0,19250.0,18590.0,19200.0,48958,0.0,0.0
2023-03-17 10:00:00+09:00,19180.0,19390.0,19170.0,19350.0,18311,0.0,0.0
2023-03-17 11:00:00+09:00,19350.0,19430.0,19220.0,19350.0,12476,0.0,0.0
2023-03-17 12:00:00+09:00,19290.0,19350.0,19260.0,19290.0,4503,0.0,0.0
2023-03-17 13:00:00+09:00,19290.0,19420.0,19270.0,19420.0,7192,0.0,0.0
2023-03-17 14:00:00+09:00,19420.0,19430.0,19310.0,19370.0,8350,0.0,0.0
2023-03-20 09:00:00+09:00,19070.0,19590.0,19070.0,19510.0,0,0.0,0.0
2023-03-20 10:00:00+09:00,19510.0,19560.0,19260.0,19290.0,9731,0.0,0.0
2023-03-20 11:00:00+09:00,19400.0,19400.0,19290.0,19320.0,1808,0.0,0.0
2023-03-20 12:00:00+09:00,19320.0,19320.0,19200.0,19220.0,7644,0.0,0.0
2023-03-20 13:00:00+09:00,19200.0,19250.0,19160.0,19190.0,7126,0.0,0.0
2023-03-20 14:00:00+09:00,19190.0,19250.0,19150.0,19170.0,6175,0.0,0.0
2023-03-21 09:00:00+09:00,19300.0,19630.0,19120.0,19240.0,0,0.0,0.0
2023-03-21 10:00:00+09:00,19210.0,19210.0,19000.0,19030.0,44718,0.0,0.0
2023-03-21 11:00:00+09:00,19030.0,19100.0,18890.0,18950.0,20333,0.0,0.0
2023-03-21 12:00:00+09:00,18960.0,18970.0,18900.0,18900.0,7613,0.0,0.0
2023-03-21 13:00:00+09:00,18900.0,18910.0,18810.0,18820.0,11224,0.0,0.0
2023-03-21 14:00:00+09:00,18820.0,18950.0,18790.0,18870.0,11339,0.0,0.0
2023-03-22 09:00:00+09:00,19100.0,19350.0,19100.0,19270.0,23758,0.0,0.0
2023-03-22 10:00:00+09:00,19270.0,19270.0,19110.0,19200.0,5405,0.0,0.0
2023-03-22 11:00:00+09:00,19200.0,19200.0,19110.0,19110.0,9194,0.0,0.0
2023-03-22 12:00:00+09:00,19120.0,19120.0,18940.0,18950.0,15911,0.0,0.0
2023-03-22 13:00:00+09:00,18940.0,19050.0,18890.0,19000.0,9293,0.0,0.0
2023-03-22 14:00:00+09:00,19000.0,19210.0,18960.0,19190.0,11073,0.0,0.0
2023-03-23 09:00:00+09:00,19000.0,19160.0,18840.0,18850.0,22419,0.0,0.0
2023-03-23 10:00:00+09:00,18860.0,19010.0,18810.0,19010.0,8406,0.0,0.0
2023-03-23 11:00:00+09:00,19010.0,19090.0,19000.0,19050.0,4412,0.0,0.0
2023-03-23 12:00:00+09:00,19050.0,19080.0,18960.0,19030.0,6850,0.0,0.0
2023-03-23 13:00:00+09:00,19010.0,19020.0,18930.0,18940.0,7657,0.0,0.0
2023-03-23 14:00:00+09:00,18930.0,18940.0,18750.0,18770.0,16030,0.0,0.0
2023-03-24 09:00:00+09:00,18810.0,19250.0,18810.0,19250.0,30171,0.0,0.0
2023-03-24 10:00:00+09:00,19250.0,19600.0,19180.0,19490.0,23786,0.0,0.0
2023-03-24 11:00:00+09:00,19500.0,19700.0,19500.0,19520.0,21692,0.0,0.0
2023-03-24 12:00:00+09:00,19510.0,19580.0,19400.0,19400.0,10312,0.0,0.0
2023-03-24 13:00:00+09:00,19400.0,19400.0,19200.0,19280.0,6275,0.0,0.0
2023-03-24 14:00:00+09:00,19280.0,19530.0,19280.0,19480.0,13450,0.0,0.0
2023-03-27 09:00:00+09:00,19510.0,19670.0,18890.0,18900.0,0,0.0,0.0
2023-03-27 10:00:00+09:00,18970.0,19180.0,18860.0,19050.0,11669,0.0,0.0
2023-03-27 11:00:00+09:00,19050.0,19130.0,18990.0,19070.0,4928,0.0,0.0
2023-03-27 12:00:00+09:00,19100.0,19160.0,19100.0,19120.0,3595,0.0,0.0
2023-03-27 13:00:00+09:00,19120.0,19120.0,19040.0,19040.0,2810,0.0,0.0
2023-03-27 14:00:00+09:00,19040.0,19090.0,19000.0,19030.0,8928,0.0,0.0
2023-03-28 09:00:00+09:00,19120.0,19200.0,18980.0,19030.0,25530,0.0,0.0
2023-03-28 10:00:00+09:00,19050.0,19200.0,19020.0,19030.0,8348,0.0,0.0
2023-03-28 11:00:00+09:00,19070.0,19100.0,19020.0,19020.0,4252,0.0,0.0
2023-03-28 12:00:00+09:00,19070.0,19110.0,19030.0,19040.0,3421,0.0,0.0
2023-03-28 13:00:00+09:00,19080.0,19150.0,19030.0,19040.0,8904,0.0,0.0
2023-03-28 14:00:00+09:00,19050.0,21000.0,19050.0,19600.0,313379,0.0,0.0
2023-03-29 09:00:00+09:00,20200.0,20500.0,20000.0,20250.0,75193,0.0,0.0
2023-03-29 10:00:00+09:00,20200.0,20300.0,20000.0,20000.0,16641,0.0,0.0
2023-03-29 11:00:00+09:00,20000.0,20100.0,19990.0,20000.0,6756,0.0,0.0
2023-03-29 12:00:00+09:00,20050.0,20150.0,19980.0,20000.0,12730,0.0,0.0
2023-03-29 13:00:00+09:00,20050.0,20150.0,19990.0,20100.0,8772,0.0,0.0
2023-03-29 14:00:00+09:00,20050.0,20150.0,20050.0,20150.0,7190,0.0,0.0
2023-03-30 09:00:00+09:00,20150.0,20200.0,19490.0,19580.0,55398,0.0,0.0
2023-03-30 10:00:00+09:00,19570.0,19680.0,19540.0,19590.0,9022,0.0,0.0
2023-03-30 11:00:00+09:00,19590.0,19650.0,19560.0,19590.0,7473,0.0,0.0
2023-03-30 12:00:00+09:00,19580.0,19620.0,19530.0,19530.0,8793,0.0,0.0
2023-03-30 13:00:00+09:00,19540.0,19610.0,19520.0,19540.0,5788,0.0,0.0
2023-03-30 14:00:00+09:00,19550.0,19600.0,19510.0,19520.0,12181,0.0,0.0
2023-03-31 09:00:00+09:00,19550.0,19660.0,19220.0,19280.0,18796,0.0,0.0
2023-03-31 10:00:00+09:00,19310.0,19500.0,19180.0,19220.0,12155,0.0,0.0
2023-03-31 11:00:00+09:00,19270.0,19300.0,19170.0,19180.0,6525,0.0,0.0
2023-03-31 12:00:00+09:00,19190.0,19270.0,19070.0,19200.0,14191,0.0,0.0
2023-03-31 13:00:00+09:00,19200.0,19240.0,19140.0,19160.0,3859,0.0,0.0
2023-03-31 14:00:00+09:00,19130.0,19250.0,19090.0,19240.0,9029,0.0,0.0
2023-04-03 09:00:00+09:00,19050.0,19320.0,19050.0,19220.0,0,0.0,0.0
2023-04-03 10:00:00+09:00,19220.0,19220.0,19100.0,19120.0,6004,0.0,0.0
2023-04-03 11:00:00+09:00,19120.0,19310.0,19120.0,19300.0,5766,0.0,0.0
2023-04-03 12:00:00+09:00,19300.0,19320.0,19230.0,19250.0,3579,0.0,0.0
2023-04-03 13:00:00+09:00,19260.0,19260.0,19190.0,19190.0,3550,0.0,0.0
2023-04-03 14:00:00+09:00,19190.0,19200.0,19030.0,19050.0,18447,0.0,0.0
2023-04-04 09:00:00+09:00,19000.0,19100.0,18850.0,18860.0,19981,0.0,0.0
2023-04-04 10:00:00+09:00,18870.0,19030.0,18770.0,19000.0,17284,0.0,0.0
2023-04-04 11:00:00+09:00,19000.0,19290.0,18990.0,19170.0,12437,0.0,0.0
2023-04-04 12:00:00+09:00,19140.0,19170.0,19020.0,19100.0,2500,0.0,0.0
2023-04-04 13:00:00+09:00,19090.0,19100.0,19030.0,19090.0,2502,0.0,0.0
2023-04-04 14:00:00+09:00,19060.0,19100.0,18950.0,19010.0,6386,0.0,0.0
2023-04-05 09:00:00+09:00,19080.0,19170.0,18960.0,19050.0,8898,0.0,0.0
2023-04-05 10:00:00+09:00,19060.0,19140.0,19050.0,19110.0,3878,0.0,0.0
2023-04-05 11:00:00+09:00,19110.0,19130.0,19060.0,19060.0,4831,0.0,0.0
2023-04-05 12:00:00+09:00,19060.0,19230.0,19040.0,19180.0,4942,0.0,0.0
2023-04-05 13:00:00+09:00,19170.0,19180.0,19020.0,19100.0,6004,0.0,0.0
2023-04-05 14:00:00+09:00,19100.0,19140.0,19040.0,19050.0,4683,0.0,0.0
2023-04-06 09:00:00+09:00,19100.0,19250.0,18810.0,18870.0,0,0.0,0.0
2023-04-06 10:00:00+09:00,18870.0,19120.0,18830.0,19120.0,8425,0.0,0.0
2023-04-06 11:00:00+09:00,19110.0,19110.0,19000.0,19070.0,2370,0.0,0.0
2023-04-06 12:00:00+09:00,19070.0,19070.0,19020.0,19020.0,2306,0.0,0.0
2023-04-06 13:00:00+09:00,19020.0,19040.0,18990.0,19030.0,5757,0.0,0.0
2023-04-06 14:00:00+09:00,19030.0,19030.0,18880.0,18890.0,8860,0.0,0.0
2023-04-07 09:00:00+09:00,18820.0,19070.0,18820.0,19000.0,10000,0.0,0.0
2023-04-07 10:00:00+09:00,19000.0,19000.0,18820.0,18950.0,13661,0.0,0.0
2023-04-07 11:00:00+09:00,18940.0,19000.0,18890.0,18910.0,3404,0.0,0.0
2023-04-07 12:00:00+09:00,18910.0,18970.0,18890.0,18940.0,3515,0.0,0.0
2023-04-07 13:00:00+09:00,18930.0,18930.0,18870.0,18880.0,9635,0.0,0.0
2023-04-07 14:00:00+09:00,18890.0,18950.0,18890.0,18910.0,3652,0.0,0.0
2023-04-10 09:00:00+09:00,18900.0,18900.0,18490.0,18510.0,0,0.0,0.0
2023-04-10 10:00:00+09:00,18540.0,18540.0,18370.0,18410.0,17843,0.0,0.0
2023-04-10 11:00:00+09:00,18400.0,18410.0,18240.0,18250.0,15914,0.0,0.0
2023-04-10 12:00:00+09:00,18280.0,18410.0,18280.0,18380.0,3994,0.0,0.0
2023-04-10 13:00:00+09:00,18400.0,18410.0,18260.0,18260.0,12101,0.0,0.0
2023-04-10 14:00:00+09:00,18260.0,18360.0,18250.0,18360.0,7372,0.0,0.0
2023-04-11 09:00:00+09:00,18300.0,18690.0,18100.0,18270.0,8923,0.0,0.0
2023-04-11 10:00:00+09:00,18260.0,18690.0,18180.0,18420.0,12179,0.0,0.0
2023-04-11 11:00:00+09:00,18420.0,18590.0,18390.0,18540.0,5416,0.0,0.0
2023-04-11 12:00:00+09:00,18540.0,18570.0,18490.0,18570.0,8377,0.0,0.0
2023-04-11 13:00:00+09:00,18570.0,18680.0,18570.0,18660.0,7513,0.0,0.0
2023-04-11 14:00:00+09:00,18660.0,18670.0,18590.0,18600.0,4325,0.0,0.0
2023-04-12 09:00:00+09:00,18570.0,18710.0,18350.0,18390.0,0,0.0,0.0
2023-04-12 10:00:00+09:00,18390.0,18520.0,18300.0,18480.0,14368,0.0,0.0
2023-04-12 11:00:00+09:00,18490.0,18650.0,18380.0,18590.0,3710,0.0,0.0
2023-04-12 12:00:00+09:00,18570.0,18710.0,18570.0,18670.0,5722,0.0,0.0
2023-04-12 13:00:00+09:00,18670.0,18800.0,18620.0,18800.0,6230,0.0,0.0
2023-04-12 14:00:00+09:00,18750.0,18810.0,18700.0,18700.0,4757,0.0,0.0
2023-04-13 09:00:00+09:00,18590.0,18680.0,18280.0,18430.0,0,0.0,0.0
2023-04-13 10:00:00+09:00,18450.0,18480.0,18390.0,18410.0,4354,0.0,0.0
2023-04-13 11:00:00+09:00,18430.0,18540.0,18410.0,18490.0,2760,0.0,0.0
2023-04-13 12:00:00+09:00,18480.0,18850.0,18480.0,18850.0,11307,0.0,0.0
2023-04-13 13:00:00+09:00,18850.0,18880.0,18700.0,18870.0,6743,0.0,0.0
2023-04-13 14:00:00+09:00,18850.0,18920.0,18800.0,18920.0,8610,0.0,0.0
2023-04-14 09:00:00+09:00,19150.0,19500.0,19100.0,19300.0,0,0.0,0.0
2023-04-14 10:00:00+09:00,19300.0,19350.0,19270.0,19340.0,5464,0.0,0.0
2023-04-14 11:00:00+09:00,19340.0,19570.0,19300.0,19540.0,33439,0.0,0.0
2023-04-14 12:00:00+09:00,19530.0,19540.0,19270.0,19330.0,14238,0.0,0.0
2023-04-14 13:00:00+09:00,19330.0,19540.0,19320.0,19360.0,10968,0.0,0.0
2023-04-14 14:00:00+09:00,19350.0,19410.0,19250.0,19260.0,7093,0.0,0.0
2023-04-17 09:00:00+09:00,19440.0,19460.0,19170.0,19280.0,0,0.0,0.0
2023-04-17 10:00:00+09:00,19280.0,19490.0,19200.0,19480.0,14431,0.0,0.0
2023-04-17 11:00:00+09:00,19470.0,19480.0,19350.0,19430.0,8475,0.0,0.0
2023-04-17 12:00:00+09:00,19430.0,19430.0,19300.0,19390.0,4194,0.0,0.0
2023-04-17 13:00:00+09:00,19380.0,19480.0,19370.0,19470.0,8645,0.0,0.0
2023-04-17 14:00:00+09:00,19470.0,19490.0,19360.0,19390.0,5774,0.0,0.0
2023-04-18 09:00:00+09:00,19360.0,19530.0,19150.0,19170.0,0,0.0,0.0
2023-04-18 10:00:00+09:00,19170.0,19280.0,19080.0,19200.0,13456,0.0,0.0
2023-04-18 11:00:00+09:00,19250.0,19250.0,19040.0,19150.0,10384,0.0,0.0
2023-04-18 12:00:00+09:00,19110.0,19170.0,19100.0,19100.0,8339,0.0,0.0
2023-04-18 13:00:00+09:00,19100.0,19530.0,19100.0,19470.0,17771,0.0,0.0
2023-04-18 14:00:00+09:00,19480.0,20050.0,19460.0,19880.0,116452,0.0,0.0
2023-04-19 09:00:00+09:00,19880.0,20100.0,19680.0,20100.0,0,0.0,0.0
2023-04-19 10:00:00+09:00,20100.0,20200.0,19780.0,19780.0,18733,0.0,0.0
2023-04-19 11:00:00+09:00,19780.0,20100.0,19770.0,20100.0,14888,0.0,0.0
2023-04-19 12:00:00+09:00,20100.0,20200.0,19990.0,20200.0,19952,0.0,0.0
2023-04-19 13:00:00+09:00,20200.0,20550.0,20150.0,20400.0,49771,0.0,0.0
2023-04-19 14:00:00+09:00,20350.0,20700.0,20300.0,20700.0,42354,0.0,0.0
2023-04-20 09:00:00+09:00,21100.0,21350.0,20150.0,20150.0,0,0.0,0.0
2023-04-20 10:00:00+09:00,20150.0,20200.0,19900.0,19990.0,42429,0.0,0.0
2023-04-20 11:00:00+09:00,20000.0,20250.0,19910.0,20100.0,31409,0.0,0.0
2023-04-20 12:00:00+09:00,20150.0,20200.0,19950.0,19960.0,15144,0.0,0.0
2023-04-20 13:00:00+09:00,19960.0,20100.0,19940.0,20050.0,12872,0.0,0.0
2023-04-20 14:00:00+09:00,19970.0,20050.0,19920.0,19970.0,18708,0.0,0.0
2023-04-21 09:00:00+09:00,19830.0,19900.0,19200.0,19280.0,0,0.0,0.0
2023-04-21 10:00:00+09:00,19280.0,19700.0,19280.0,19690.0,15660,0.0,0.0
2023-04-21 11:00:00+09:00,19640.0,19820.0,19600.0,19700.0,15739,0.0,0.0
2023-04-21 12:00:00+09:00,19680.0,19940.0,19600.0,19780.0,11310,0.0,0.0
2023-04-21 13:00:00+09:00,19840.0,19840.0,19600.0,19640.0,0,0.0,0.0
2023-04-21 14:00:00+09:00,19740.0,19740.0,19550.0,19570.0,98088,0.0,0.0
2023-04-24 09:00:00+09:00,19860.0,19860.0,19240.0,19240.0,0,0.0,0.0
2023-04-24 10:00:00+09:00,19270.0,19340.0,19130.0,19290.0,9762,0.0,0.0
2023-04-24 11:00:00+09:00,19260.0,19280.0,19150.0,19150.0,6144,0.0,0.0
2023-04-24 12:00:00+09:00,19180.0,19250.0,19150.0,19250.0,5253,0.0,0.0
2023-04-24 13:00:00+09:00,19250.0,19320.0,19230.0,19290.0,2994,0.0,0.0
2023-04-24 14:00:00+09:00,19270.0,19350.0,19240.0,19260.0,3198,0.0,0.0
2023-04-25 09:00:00+09:00,20050.0,20600.0,19250.0,19380.0,72189,0.0,0.0
2023-04-25 10:00:00+09:00,19360.0,19410.0,19030.0,19050.0,26664,0.0,0.0
2023-04-25 11:00:00+09:00,19050.0,19140.0,18960.0,18970.0,13283,0.0,0.0
2023-04-25 12:00:00+09:00,19020.0,19020.0,18970.0,19000.0,5646,0.0,0.0
2023-04-25 13:00:00+09:00,18990.0,19000.0,18820.0,18900.0,11073,0.0,0.0
2023-04-25 14:00:00+09:00,18900.0,19100.0,18870.0,18960.0,10733,0.0,0.0
2023-04-26 09:00:00+09:00,18500.0,18950.0,18420.0,18740.0,0,0.0,0.0
2023-04-26 10:00:00+09:00,18740.0,18990.0,18740.0,18960.0,6692,0.0,0.0
2023-04-26 11:00:00+09:00,18960.0,18960.0,18660.0,18860.0,6208,0.0,0.0
2023-04-26 12:00:00+09:00,18790.0,19100.0,18740.0,18870.0,6544,0.0,0.0
2023-04-26 13:00:00+09:00,18870.0,18870.0,18800.0,18850.0,2021,0.0,0.0
2023-04-26 14:00:00+09:00,18810.0,18850.0,18680.0,18680.0,5845,0.0,0.0
2023-04-27 09:00:00+09:00,18520.0,19080.0,18450.0,18880.0,0,0.0,0.0
2023-04-27 10:00:00+09:00,18870.0,18900.0,18690.0,18800.0,7249,0.0,0.0
2023-04-27 11:00:00+09:00,18790.0,18880.0,18720.0,18830.0,7257,0.0,0.0
2023-04-27 12:00:00+09:00,18800.0,18810.0,18710.0,18730.0,5348,0.0,0.0
2023-04-27 13:00:00+09:00,18750.0,18790.0,18690.0,18720.0,3521,0.0,0.0
2023-04-27 14:00:00+09:00,18760.0,18810.0,18690.0,18720.0,4505,0.0,0.0
2023-04-28 09:00:00+09:00,18700.0,19060.0,18700.0,18850.0,0,0.0,0.0
2023-04-28 10:00:00+09:00,18850.0,18900.0,18740.0,18780.0,6633,0.0,0.0
2023-04-28 11:00:00+09:00,18780.0,18860.0,18750.0,18800.0,3381,0.0,0.0
2023-04-28 12:00:00+09:00,18810.0,18850.0,18750.0,18760.0,6629,0.0,0.0
2023-04-28 13:00:00+09:00,18760.0,18840.0,18730.0,18790.0,8454,0.0,0.0
2023-04-28 14:00:00+09:00,18780.0,18850.0,18760.0,18800.0,3461,0.0,0.0
2023-05-02 09:00:00+09:00,18500.0,18980.0,18500.0,18960.0,0,0.0,0.0
2023-05-02 10:00:00+09:00,19000.0,19020.0,18900.0,18920.0,7923,0.0,0.0
2023-05-02 11:00:00+09:00,18930.0,19020.0,18890.0,18960.0,3657,0.0,0.0
2023-05-02 12:00:00+09:00,18940.0,19200.0,18940.0,19180.0,10118,0.0,0.0
2023-05-02 13:00:00+09:00,19170.0,19200.0,19050.0,19130.0,7473,0.0,0.0
2023-05-02 14:00:00+09:00,19150.0,19170.0,19110.0,19140.0,965,0.0,0.0
2023-05-03 09:00:00+09:00,18770.0,19330.0,18770.0,19190.0,0,0.0,0.0
2023-05-03 10:00:00+09:00,19190.0,19220.0,19000.0,19210.0,5748,0.0,0.0
2023-05-03 11:00:00+09:00,19210.0,19210.0,19130.0,19130.0,1579,0.0,0.0
2023-05-03 12:00:00+09:00,19130.0,19170.0,19110.0,19140.0,3259,0.0,0.0
2023-05-03 13:00:00+09:00,19150.0,19200.0,19090.0,19090.0,6452,0.0,0.0
2023-05-03 14:00:00+09:00,19170.0,19170.0,18950.0,19030.0,5452,0.0,0.0
2023-05-04 09:00:00+09:00,19010.0,19260.0,18910.0,19030.0,0,0.0,0.0
2023-05-04 10:00:00+09:00,19000.0,19030.0,18910.0,18910.0,8626,0.0,0.0
2023-05-04 11:00:00+09:00,19030.0,19030.0,18930.0,19000.0,609,0.0,0.0
2023-05-04 12:00:00+09:00,18930.0,18980.0,18890.0,18960.0,4061,0.0,0.0
2023-05-04 13:00:00+09:00,18910.0,18960.0,18900.0,18950.0,2152,0.0,0.0
2023-05-04 14:00:00+09:00,18950.0,19050.0,18950.0,19000.0,3200,0.0,0.0
2023-05-08 09:00:00+09:00,19180.0,19180.0,18950.0,18980.0,0,0.0,0.0
2023-05-08 10:00:00+09:00,18980.0,19140.0,18960.0,19080.0,8684,0.0,0.0
2023-05-08 11:00:00+09:00,19090.0,19120.0,19080.0,19090.0,878,0.0,0.0
2023-05-08 12:00:00+09:00,19090.0,19140.0,19060.0,19140.0,3697,0.0,0.0
2023-05-08 13:00:00+09:00,19100.0,19130.0,19080.0,19090.0,1090,0.0,0.0
2023-05-08 14:00:00+09:00,19090.0,19090.0,18930.0,18930.0,9998,0.0,0.0
2023-05-09 09:00:00+09:00,18860.0,19040.0,18850.0,18920.0,0,0.0,0.0
2023-05-09 10:00:00+09:00,18920.0,19040.0,18860.0,19040.0,7012,0.0,0.0
2023-05-09 11:00:00+09:00,19010.0,19140.0,19010.0,19020.0,4665,0.0,0.0
2023-05-09 12:00:00+09:00,19020.0,19070.0,18990.0,19050.0,2881,0.0,0.0
2023-05-09 13:00:00+09:00,19050.0,19290.0,19050.0,19200.0,8720,0.0,0.0
2023-05-09 14:00:00+09:00,19200.0,19280.0,19150.0,19250.0,3096,0.0,0.0
2023-05-10 09:00:00+09:00,19350.0,20150.0,19170.0,19990.0,37370,0.0,0.0
2023-05-10 10:00:00+09:00,20150.0,20400.0,19970.0,19990.0,17824,0.0,0.0
2023-05-10 11:00:00+09:00,19990.0,20100.0,19970.0,20000.0,5158,0.0,0.0
2023-05-10 12:00:00+09:00,19990.0,20000.0,19930.0,19940.0,4569,0.0,0.0
2023-05-10 13:00:00+09:00,19930.0,19950.0,19910.0,19910.0,3979,0.0,0.0
2023-05-10 14:00:00+09:00,19910.0,19920.0,19740.0,19770.0,11704,0.0,0.0
2023-05-11 09:00:00+09:00,20100.0,21000.0,20050.0,20800.0,0,0.0,0.0
2023-05-11 10:00:00+09:00,20850.0,21950.0,20800.0,21900.0,165074,0.0,0.0
2023-05-11 11:00:00+09:00,21950.0,22400.0,21850.0,22200.0,238961,0.0,0.0
2023-05-11 12:00:00+09:00,22200.0,22400.0,22050.0,22050.0,76560,0.0,0.0
2023-05-11 13:00:00+09:00,22100.0,22250.0,21950.0,22150.0,45626,0.0,0.0
2023-05-11 14:00:00+09:00,22150.0,22150.0,21650.0,22000.0,63259,0.0,0.0
2023-05-12 09:00:00+09:00,21650.0,22100.0,21400.0,21750.0,0,0.0,0.0
2023-05-12 10:00:00+09:00,21650.0,21800.0,21250.0,21450.0,35144,0.0,0.0
2023-05-12 11:00:00+09:00,21450.0,21600.0,21400.0,21400.0,13825,0.0,0.0
2023-05-12 12:00:00+09:00,21400.0,21650.0,21400.0,21600.0,14263,0.0,0.0
2023-05-12 13:00:00+09:00,21600.0,22100.0,21550.0,22100.0,48667,0.0,0.0
2023-05-12 14:00:00+09:00,22050.0,22100.0,21650.0,21700.0,14927,0.0,0.0
2023-05-15 09:00:00+09:00,21450.0,21550.0,20450.0,20700.0,0,0.0,0.0
2023-05-15 10:00:00+09:00,20650.0,21250.0,20650.0,21200.0,13650,0.0,0.0
2023-05-15 11:00:00+09:00,21200.0,21300.0,21000.0,21150.0,5084,0.0,0.0
2023-05-15 12:00:00+09:00,21150.0,21200.0,21000.0,21150.0,7762,0.0,0.0
2023-05-15 13:00:00+09:00,21100.0,21200.0,20900.0,21000.0,13509,0.0,0.0
2023-05-15 14:00:00+09:00,20950.0,21000.0,20600.0,20750.0,17505,0.0,0.0
2023-05-16 09:00:00+09:00,20750.0,21200.0,20550.0,20900.0,0,0.0,0.0
2023-05-16 10:00:00+09:00,21000.0,21750.0,20600.0,21600.0,61700,0.0,0.0
2023-05-16 11:00:00+09:00,21500.0,21700.0,21200.0,21350.0,29516,0.0,0.0
2023-05-16 12:00:00+09:00,21350.0,22000.0,21350.0,21650.0,49923,0.0,0.0
2023-05-16 13:00:00+09:00,21650.0,22050.0,21650.0,21900.0,31527,0.0,0.0
2023-05-16 14:00:00+09:00,21850.0,22350.0,21700.0,22350.0,76979,0.0,0.0
2023-05-17 09:00:00+09:00,22450.0,23550.0,21900.0,23200.0,188904,0.0,0.0
2023-05-17 10:00:00+09:00,23200.0,23250.0,22200.0,22850.0,68514,0.0,0.0
2023-05-17 11:00:00+09:00,22850.0,23150.0,22600.0,23150.0,21837,0.0,0.0
2023-05-17 12:00:00+09:00,23150.0,23550.0,23100.0,23500.0,55822,0.0,0.0
2023-05-17 13:00:00+09:00,23500.0,23500.0,23300.0,23350.0,24132,0.0,0.0
2023-05-17 14:00:00+09:00,23400.0,23500.0,23200.0,23500.0,35895,0.0,0.0
2023-05-18 09:00:00+09:00,23750.0,25000.0,23550.0,24800.0,344147,0.0,0.0
2023-05-18 10:00:00+09:00,24800.0,24900.0,23700.0,24200.0,69300,0.0,0.0
2023-05-18 11:00:00+09:00,24150.0,24400.0,21800.0,22600.0,180524,0.0,0.0
2023-05-18 12:00:00+09:00,22600.0,22850.0,21900.0,22250.0,91823,0.0,0.0
2023-05-18 13:00:00+09:00,22150.0,22800.0,22000.0,22750.0,53328,0.0,0.0
2023-05-18 14:00:00+09:00,22750.0,22750.0,19990.0,21200.0,329207,0.0,0.0
2023-05-19 09:00:00+09:00,21400.0,22550.0,21200.0,22400.0,134490,0.0,0.0
2023-05-19 10:00:00+09:00,22400.0,22500.0,22000.0,22000.0,44027,0.0,0.0
2023-05-19 11:00:00+09:00,22000.0,22500.0,22000.0,22250.0,25761,0.0,0.0
2023-05-19 12:00:00+09:00,22250.0,22650.0,22200.0,22350.0,26473,0.0,0.0
2023-05-19 13:00:00+09:00,22350.0,22500.0,22200.0,22250.0,14304,0.0,0.0
2023-05-19 14:00:00+09:00,22350.0,22650.0,22250.0,22650.0,28848,0.0,0.0
2023-05-22 09:00:00+09:00,22100.0,22500.0,21200.0,21650.0,0,0.0,0.0
2023-05-22 10:00:00+09:00,21650.0,22050.0,21450.0,21850.0,19000,0.0,0.0
2023-05-22 11:00:00+09:00,21800.0,22300.0,21750.0,22050.0,10640,0.0,0.0
2023-05-22 12:00:00+09:00,22050.0,22100.0,21750.0,21900.0,14459,0.0,0.0
2023-05-22 13:00:00+09:00,21900.0,22050.0,21850.0,22050.0,12749,0.0,0.0
2023-05-22 14:00:00+09:00,22000.0,22200.0,22000.0,22200.0,11070,0.0,0.0
2023-05-23 09:00:00+09:00,21900.0,22050.0,21000.0,21500.0,0,0.0,0.0
2023-05-23 10:00:00+09:00,21500.0,21600.0,21400.0,21450.0,9401,0.0,0.0
2023-05-23 11:00:00+09:00,21500.0,21600.0,21450.0,21500.0,6913,0.0,0.0
2023-05-23 12:00:00+09:00,21500.0,21550.0,21450.0,21450.0,3709,0.0,0.0
2023-05-23 13:00:00+09:00,21450.0,21550.0,21400.0,21400.0,4831,0.0,0.0
2023-05-23 14:00:00+09:00,21400.0,21450.0,21250.0,21350.0,15701,0.0,0.0
2023-05-24 09:00:00+09:00,21500.0,21600.0,21050.0,21500.0,0,0.0,0.0
2023-05-24 10:00:00+09:00,21500.0,22300.0,21500.0,22000.0,41765,0.0,0.0
2023-05-24 11:00:00+09:00,22000.0,22350.0,21900.0,22250.0,21158,0.0,0.0
2023-05-24 12:00:00+09:00,22250.0,22250.0,21950.0,21950.0,2433,0.0,0.0
2023-05-24 13:00:00+09:00,21950.0,22050.0,21900.0,22050.0,4561,0.0,0.0
2023-05-24 14:00:00+09:00,22050.0,22100.0,21850.0,21900.0,11858,0.0,0.0
2023-05-25 09:00:00+09:00,21450.0,22250.0,21400.0,22000.0,0,0.0,0.0
2023-05-25 10:00:00+09:00,22000.0,22050.0,21500.0,21850.0,14456,0.0,0.0
2023-05-25 11:00:00+09:00,21700.0,21750.0,21600.0,21650.0,3102,0.0,0.0
2023-05-25 12:00:00+09:00,21650.0,21900.0,21300.0,21850.0,18549,0.0,0.0
2023-05-25 13:00:00+09:00,21850.0,21950.0,21450.0,21500.0,14090,0.0,0.0
2023-05-25 14:00:00+09:00,21450.0,21650.0,21450.0,21650.0,6094,0.0,0.0
2023-05-26 09:00:00+09:00,21750.0,22000.0,21500.0,21900.0,0,0.0,0.0
2023-05-26 10:00:00+09:00,21900.0,22000.0,21400.0,21550.0,11131,0.0,0.0
2023-05-26 11:00:00+09:00,21500.0,21750.0,21400.0,21650.0,9379,0.0,0.0
2023-05-26 12:00:00+09:00,21650.0,22550.0,21500.0,22250.0,29213,0.0,0.0
2023-05-26 13:00:00+09:00,22250.0,23900.0,22050.0,23900.0,230448,0.0,0.0
2023-05-26 14:00:00+09:00,23950.0,24250.0,23050.0,23200.0,337512,0.0,0.0
2023-05-30 09:00:00+09:00,23150.0,23550.0,22750.0,23150.0,0,0.0,0.0
2023-05-30 10:00:00+09:00,23200.0,23250.0,22550.0,23150.0,35062,0.0,0.0
2023-05-30 11:00:00+09:00,23050.0,23200.0,22650.0,22750.0,10220,0.0,0.0
2023-05-30 12:00:00+09:00,22750.0,22800.0,22500.0,22650.0,10190,0.0,0.0
2023-05-30 13:00:00+09:00,22700.0,23100.0,22650.0,23050.0,16412,0.0,0.0
2023-05-30 14:00:00+09:00,23050.0,23200.0,22750.0,22800.0,15871,0.0,0.0
2023-05-31 09:00:00+09:00,22500.0,22650.0,22250.0,22350.0,0,0.0,0.0
2023-05-31 10:00:00+09:00,22400.0,22650.0,22300.0,22600.0,17601,0.0,0.0
2023-05-31 11:00:00+09:00,22550.0,22950.0,22300.0,22900.0,11573,0.0,0.0
2023-05-31 12:00:00+09:00,22900.0,22950.0,22700.0,22850.0,16362,0.0,0.0
2023-05-31 13:00:00+09:00,22800.0,22900.0,22500.0,22800.0,16356,0.0,0.0
2023-05-31 14:00:00+09:00,22750.0,22800.0,22550.0,22550.0,10646,0.0,0.0
2023-06-01 09:00:00+09:00,22900.0,24500.0,22750.0,24250.0,260502,0.0,0.0
2023-06-01 10:00:00+09:00,24250.0,24550.0,24000.0,24500.0,92849,0.0,0.0
2023-06-01 11:00:00+09:00,24500.0,24550.0,23750.0,23850.0,58636,0.0,0.0
2023-06-01 12:00:00+09:00,23800.0,24300.0,23700.0,23950.0,30526,0.0,0.0
2023-06-01 13:00:00+09:00,23950.0,24200.0,23800.0,24150.0,24114,0.0,0.0
2023-06-01 14:00:00+09:00,24100.0,24250.0,23900.0,24250.0,26471,0.0,0.0
2023-06-02 09:00:00+09:00,23950.0,24150.0,23600.0,23600.0,0,0.0,0.0
2023-06-02 10:00:00+09:00,23650.0,24450.0,23650.0,24150.0,29508,0.0,0.0
2023-06-02 11:00:00+09:00,24150.0,24250.0,23900.0,24100.0,18881,0.0,0.0
2023-06-02 12:00:00+09:00,24100.0,24250.0,24050.0,24100.0,6474,0.0,0.0
2023-06-02 13:00:00+09:00,24100.0,24150.0,23700.0,23900.0,15601,0.0,0.0
2023-06-02 14:00:00+09:00,23900.0,24100.0,23600.0,23800.0,26354,0.0,0.0
2023-06-05 09:00:00+09:00,23550.0,23900.0,22900.0,23750.0,0,0.0,0.0
2023-06-05 10:00:00+09:00,23700.0,24100.0,23650.0,23700.0,24818,0.0,0.0
2023-06-05 11:00:00+09:00,23700.0,24000.0,23650.0,23750.0,6755,0.0,0.0
2023-06-05 12:00:00+09:00,23750.0,24200.0,23700.0,24150.0,7863,0.0,0.0
2023-06-05 13:00:00+09:00,24200.0,24200.0,23850.0,23900.0,6670,0.0,0.0
2023-06-05 14:00:00+09:00,23850.0,23900.0,23500.0,23700.0,18132,0.0,0.0
2023-06-07 09:00:00+09:00,23700.0,23800.0,23250.0,23750.0,0,0.0,0.0
2023-06-07 10:00:00+09:00,23750.0,23750.0,23500.0,23650.0,3652,0.0,0.0
2023-06-07 11:00:00+09:00,23750.0,23800.0,23650.0,23700.0,2458,0.0,0.0
2023-06-07 12:00:00+09:00,23650.0,23700.0,23600.0,23650.0,2504,0.0,0.0
2023-06-07 13:00:00+09:00,23650.0,23750.0,23250.0,23600.0,24085,0.0,0.0
2023-06-07 14:00:00+09:00,23550.0,23700.0,23250.0,23550.0,7027,0.0,0.0
2023-06-08 09:00:00+09:00,23450.0,23950.0,22750.0,23600.0,51109,0.0,0.0
2023-06-08 10:00:00+09:00,23500.0,24550.0,23450.0,24500.0,53200,0.0,0.0
2023-06-08 11:00:00+09:00,24500.0,25300.0,24400.0,24850.0,130899,0.0,0.0
2023-06-08 12:00:00+09:00,24850.0,25050.0,24500.0,24600.0,34908,0.0,0.0
2023-06-08 13:00:00+09:00,24600.0,24950.0,24500.0,24800.0,33128,0.0,0.0
2023-06-08 14:00:00+09:00,24800.0,25100.0,24750.0,25000.0,32107,0.0,0.0
2023-06-09 09:00:00+09:00,25050.0,25100.0,24550.0,25100.0,0,0.0,0.0
2023-06-09 10:00:00+09:00,25050.0,25350.0,24700.0,25000.0,45538,0.0,0.0
2023-06-09 11:00:00+09:00,25000.0,25250.0,24900.0,25150.0,11727,0.0,0.0
2023-06-09 12:00:00+09:00,25150.0,25250.0,24850.0,24900.0,12581,0.0,0.0
2023-06-09 13:00:00+09:00,24900.0,25100.0,24800.0,25050.0,15607,0.0,0.0
2023-06-09 14:00:00+09:00,25000.0,25100.0,24850.0,25050.0,17874,0.0,0.0
2023-06-12 09:00:00+09:00,25150.0,25250.0,24350.0,24350.0,0,0.0,0.0
2023-06-12 10:00:00+09:00,24350.0,24800.0,24250.0,24700.0,10259,0.0,0.0
2023-06-12 11:00:00+09:00,24650.0,24750.0,24550.0,24650.0,4352,0.0,0.0
2023-06-12 12:00:00+09:00,24650.0,24750.0,24500.0,24700.0,11497,0.0,0.0
2023-06-12 13:00:00+09:00,24700.0,25050.0,24700.0,24800.0,6782,0.0,0.0
2023-06-12 14:00:00+09:00,24800.0,24900.0,24600.0,24800.0,9865,0.0,0.0
2023-06-13 09:00:00+09:00,24800.0,24800.0,24300.0,24600.0,0,0.0,0.0
2023-06-13 10:00:00+09:00,24550.0,24600.0,24200.0,24350.0,14767,0.0,0.0
2023-06-13 11:00:00+09:00,24350.0,24400.0,23950.0,23950.0,22270,0.0,0.0
2023-06-13 12:00:00+09:00,23950.0,24300.0,23850.0,23900.0,24892,0.0,0.0
2023-06-13 13:00:00+09:00,23900.0,24150.0,23900.0,24000.0,9101,0.0,0.0
2023-06-13 14:00:00+09:00,24000.0,24200.0,23550.0,23800.0,38767,0.0,0.0
2023-06-14 09:00:00+09:00,23800.0,24000.0,23200.0,23400.0,0,0.0,0.0
2023-06-14 10:00:00+09:00,23400.0,23500.0,23050.0,23100.0,25908,0.0,0.0
2023-06-14 11:00:00+09:00,23100.0,23250.0,22950.0,23000.0,18497,0.0,0.0
2023-06-14 12:00:00+09:00,23000.0,23000.0,22500.0,22550.0,37433,0.0,0.0
2023-06-14 13:00:00+09:00,22550.0,22650.0,21900.0,22200.0,91037,0.0,0.0
2023-06-14 14:00:00+09:00,22150.0,22400.0,21900.0,22100.0,26277,0.0,0.0
2023-06-15 09:00:00+09:00,22550.0,22650.0,21850.0,22150.0,0,0.0,0.0
2023-06-15 10:00:00+09:00,22250.0,22250.0,21450.0,21500.0,21146,0.0,0.0
2023-06-15 11:00:00+09:00,21500.0,22350.0,21400.0,22150.0,19313,0.0,0.0
2023-06-15 12:00:00+09:00,22100.0,22350.0,22000.0,22100.0,6373,0.0,0.0
2023-06-15 13:00:00+09:00,22050.0,22250.0,21950.0,22250.0,10694,0.0,0.0
2023-06-15 14:00:00+09:00,22200.0,22250.0,22000.0,22100.0,5387,0.0,0.0
2023-06-16 09:00:00+09:00,22350.0,22350.0,21400.0,22200.0,30915,0.0,0.0
2023-06-16 10:00:00+09:00,22200.0,23250.0,22200.0,22900.0,61252,0.0,0.0
2023-06-16 11:00:00+09:00,22900.0,23350.0,22800.0,23200.0,31009,0.0,0.0
2023-06-16 12:00:00+09:00,23150.0,23350.0,23150.0,23350.0,15220,0.0,0.0
2023-06-16 13:00:00+09:00,23350.0,23350.0,23050.0,23100.0,7053,0.0,0.0
2023-06-16 14:00:00+09:00,23100.0,23250.0,23100.0,23200.0,7420,0.0,0.0
2023-06-19 09:00:00+09:00,22750.0,22850.0,22200.0,22800.0,0,0.0,0.0
2023-06-19 10:00:00+09:00,22800.0,22850.0,22150.0,22250.0,23238,0.0,0.0
2023-06-19 11:00:00+09:00,22250.0,22300.0,22150.0,22150.0,6263,0.0,0.0
2023-06-19 12:00:00+09:00,22150.0,22200.0,21900.0,22150.0,18883,0.0,0.0
2023-06-19 13:00:00+09:00,22150.0,22200.0,21850.0,21900.0,14231,0.0,0.0
2023-06-19 14:00:00+09:00,21900.0,22100.0,21700.0,22000.0,15493,0.0,0.0
2023-06-20 09:00:00+09:00,21900.0,22500.0,21400.0,22200.0,44246,0.0,0.0
2023-06-20 10:00:00+09:00,22200.0,22300.0,21700.0,21900.0,18772,0.0,0.0
2023-06-20 11:00:00+09:00,21900.0,21900.0,21600.0,21700.0,6851,0.0,0.0
2023-06-20 12:00:00+09:00,21700.0,21800.0,21100.0,21750.0,22689,0.0,0.0
2023-06-20 13:00:00+09:00,21750.0,21800.0,21500.0,21750.0,3922,0.0,0.0
2023-06-20 14:00:00+09:00,21650.0,21850.0,21450.0,21750.0,7027,0.0,0.0
2023-06-21 09:00:00+09:00,21550.0,21800.0,21500.0,21650.0,9813,0.0,0.0
2023-06-21 10:00:00+09:00,21650.0,21650.0,21250.0,21350.0,18340,0.0,0.0
2023-06-21 11:00:00+09:00,21450.0,21450.0,21050.0,21200.0,16025,0.0,0.0
2023-06-21 12:00:00+09:00,21200.0,21300.0,21150.0,21200.0,6106,0.0,0.0
2023-06-21 13:00:00+09:00,21200.0,21200.0,21000.0,21050.0,9069,0.0,0.0
2023-06-21 14:00:00+09:00,21000.0,21050.0,20800.0,20950.0,21642,0.0,0.0
2023-06-22 09:00:00+09:00,20850.0,21000.0,20200.0,20400.0,34696,0.0,0.0
2023-06-22 10:00:00+09:00,20600.0,21000.0,20550.0,20950.0,6108,0.0,0.0
2023-06-22 11:00:00+09:00,20900.0,20900.0,20650.0,20700.0,4384,0.0,0.0
2023-06-22 12:00:00+09:00,20650.0,20650.0,20450.0,20600.0,6403,0.0,0.0
2023-06-22 13:00:00+09:00,20600.0,20650.0,20450.0,20500.0,5030,0.0,0.0
2023-06-22 14:00:00+09:00,20550.0,20600.0,20400.0,20600.0,7689,0.0,0.0
2023-06-23 09:00:00+09:00,20400.0,20600.0,19750.0,19760.0,0,0.0,0.0
2023-06-23 10:00:00+09:00,19770.0,20300.0,19750.0,19990.0,24623,0.0,0.0
2023-06-23 11:00:00+09:00,19990.0,20100.0,19940.0,20000.0,8424,0.0,0.0
2023-06-23 12:00:00+09:00,20000.0,20150.0,19950.0,19950.0,4941,0.0,0.0
2023-06-23 13:00:00+09:00,19960.0,20050.0,19890.0,19900.0,10367,0.0,0.0
2023-06-23 14:00:00+09:00,19900.0,19980.0,19900.0,19950.0,4505,0.0,0.0
2023-06-26 09:00:00+09:00,20100.0,20100.0,19500.0,19890.0,0,0.0,0.0
2023-06-26 10:00:00+09:00,19880.0,19890.0,19680.0,19760.0,2840,0.0,0.0
2023-06-26 11:00:00+09:00,19760.0,19790.0,19670.0,19730.0,9650,0.0,0.0
2023-06-26 12:00:00+09:00,19780.0,19780.0,19620.0,19740.0,5668,0.0,0.0
2023-06-26 13:00:00+09:00,19740.0,19750.0,19630.0,19630.0,2739,0.0,0.0
2023-06-26 14:00:00+09:00,19670.0,19670.0,19480.0,19590.0,14880,0.0,0.0
2023-06-27 09:00:00+09:00,19680.0,19680.0,19120.0,19260.0,0,0.0,0.0
2023-06-27 10:00:00+09:00,19270.0,19430.0,19200.0,19410.0,5585,0.0,0.0
2023-06-27 11:00:00+09:00,19410.0,19670.0,19350.0,19460.0,8015,0.0,0.0
2023-06-27 12:00:00+09:00,19480.0,19600.0,19460.0,19470.0,2684,0.0,0.0
2023-06-27 13:00:00+09:00,19480.0,19510.0,19350.0,19510.0,6769,0.0,0.0
2023-06-27 14:00:00+09:00,19480.0,19500.0,19200.0,19330.0,10599,0.0,0.0
2023-06-28 09:00:00+09:00,19450.0,19780.0,19400.0,19740.0,14966,0.0,0.0
2023-06-28 10:00:00+09:00,19740.0,20300.0,19740.0,20100.0,25467,0.0,0.0
2023-06-28 11:00:00+09:00,20150.0,20400.0,20100.0,20400.0,10674,0.0,0.0
2023-06-28 12:00:00+09:00,20400.0,20550.0,20250.0,20300.0,4521,0.0,0.0
2023-06-28 13:00:00+09:00,20300.0,20300.0,20100.0,20250.0,6795,0.0,0.0
2023-06-28 14:00:00+09:00,20300.0,20350.0,20150.0,20200.0,4266,0.0,0.0
2023-06-29 09:00:00+09:00,20500.0,20550.0,20000.0,20250.0,0,0.0,0.0
2023-06-29 10:00:00+09:00,20150.0,20350.0,20000.0,20050.0,9177,0.0,0.0
2023-06-29 11:00:00+09:00,20050.0,20050.0,19920.0,19980.0,7019,0.0,0.0
2023-06-29 12:00:00+09:00,19980.0,20050.0,19930.0,19930.0,2187,0.0,0.0
2023-06-29 13:00:00+09:00,19940.0,19950.0,19850.0,19850.0,5160,0.0,0.0
2023-06-29 14:00:00+09:00,19850.0,20000.0,19850.0,19890.0,4032,0.0,0.0
2023-06-30 09:00:00+09:00,19910.0,21050.0,19870.0,20750.0,0,0.0,0.0
2023-06-30 10:00:00+09:00,20800.0,20800.0,20150.0,20350.0,8766,0.0,0.0
2023-06-30 11:00:00+09:00,20350.0,20550.0,20200.0,20250.0,5070,0.0,0.0
2023-06-30 12:00:00+09:00,20250.0,20350.0,20050.0,20150.0,2850,0.0,0.0
2023-06-30 13:00:00+09:00,20100.0,20250.0,20100.0,20200.0,3397,0.0,0.0
2023-06-30 14:00:00+09:00,20200.0,20500.0,20050.0,20150.0,6549,0.0,0.0
2023-07-03 09:00:00+09:00,20500.0,20800.0,20100.0,20300.0,0,0.0,0.0
2023-07-03 10:00:00+09:00,20250.0,20250.0,19700.0,19780.0,27878,0.0,0.0
2023-07-03 11:00:00+09:00,19800.0,19860.0,19700.0,19740.0,10818,0.0,0.0
2023-07-03 12:00:00+09:00,19730.0,19810.0,19690.0,19740.0,5495,0.0,0.0
2023-07-03 13:00:00+09:00,19740.0,19810.0,19690.0,19750.0,9372,0.0,0.0
2023-07-03 14:00:00+09:00,19710.0,19750.0,19680.0,19750.0,8139,0.0,0.0
2023-07-04 09:00:00+09:00,19690.0,19690.0,19170.0,19170.0,0,0.0,0.0
2023-07-04 10:00:00+09:00,19170.0,19240.0,19030.0,19240.0,13984,0.0,0.0
2023-07-04 11:00:00+09:00,19250.0,19300.0,19240.0,19260.0,1833,0.0,0.0
2023-07-04 12:00:00+09:00,19260.0,19270.0,19210.0,19230.0,1864,0.0,0.0
2023-07-04 13:00:00+09:00,19230.0,19250.0,19140.0,19180.0,5641,0.0,0.0
2023-07-04 14:00:00+09:00,19180.0,19240.0,19160.0,19160.0,5012,0.0,0.0
2023-07-05 09:00:00+09:00,18820.0,18980.0,18450.0,18590.0,26948,0.0,0.0
2023-07-05 10:00:00+09:00,18600.0,18960.0,18500.0,18880.0,21047,0.0,0.0
2023-07-05 11:00:00+09:00,18860.0,18860.0,18610.0,18630.0,9519,0.0,0.0
2023-07-05 12:00:00+09:00,18700.0,18720.0,18630.0,18650.0,2053,0.0,0.0
2023-07-05 13:00:00+09:00,18650.0,18650.0,18600.0,18600.0,5915,0.0,0.0
2023-07-05 14:00:00+09:00,18600.0,18710.0,18600.0,18670.0,4868,0.0,0.0
2023-07-06 09:00:00+09:00,18500.0,18750.0,18500.0,18630.0,14310,0.0,0.0
2023-07-06 10:00:00+09:00,18630.0,18660.0,18540.0,18590.0,4653,0.0,0.0
2023-07-06 11:00:00+09:00,18590.0,18620.0,18490.0,18540.0,10285,0.0,0.0
2023-07-06 12:00:00+09:00,18490.0,18500.0,18220.0,18250.0,16592,0.0,0.0
2023-07-06 13:00:00+09:00,18250.0,18250.0,18000.0,18180.0,18438,0.0,0.0
2023-07-06 14:00:00+09:00,18180.0,18390.0,18030.0,18040.0,5305,0.0,0.0
2023-07-07 09:00:00+09:00,17860.0,18200.0,17830.0,18060.0,0,0.0,0.0
2023-07-07 10:00:00+09:00,18000.0,18040.0,17580.0,17580.0,14574,0.0,0.0
2023-07-07 11:00:00+09:00,17590.0,17610.0,17460.0,17460.0,8763,0.0,0.0
2023-07-07 12:00:00+09:00,17460.0,17560.0,17450.0,17450.0,9582,0.0,0.0
2023-07-07 13:00:00+09:00,17450.0,17450.0,17260.0,17300.0,12265,0.0,0.0
2023-07-07 14:00:00+09:00,17300.0,17530.0,17290.0,17440.0,11866,0.0,0.0
2023-07-10 09:00:00+09:00,17290.0,17710.0,17290.0,17670.0,0,0.0,0.0
2023-07-10 10:00:00+09:00,17670.0,17670.0,17400.0,17520.0,5637,0.0,0.0
2023-07-10 11:00:00+09:00,17610.0,17610.0,17500.0,17570.0,3490,0.0,0.0
2023-07-10 12:00:00+09:00,17570.0,17600.0,17400.0,17460.0,5975,0.0,0.0
2023-07-10 13:00:00+09:00,17500.0,17550.0,17420.0,17550.0,3078,0.0,0.0
2023-07-10 14:00:00+09:00,17500.0,17510.0,17350.0,17380.0,11757,0.0,0.0
2023-07-11 09:00:00+09:00,17420.0,17620.0,17370.0,17470.0,0,0.0,0.0
2023-07-11 10:00:00+09:00,17480.0,17570.0,17010.0,17030.0,25233,0.0,0.0
2023-07-11 11:00:00+09:00,17030.0,17080.0,16900.0,17020.0,30992,0.0,0.0
2023-07-11 12:00:00+09:00,17020.0,17080.0,17000.0,17080.0,9379,0.0,0.0
2023-07-11 13:00:00+09:00,17080.0,17140.0,17010.0,17120.0,5740,0.0,0.0
2023-07-11 14:00:00+09:00,17130.0,17410.0,17080.0,17360.0,10283,0.0,0.0
2023-07-12 09:00:00+09:00,17320.0,17320.0,16940.0,17140.0,0,0.0,0.0
2023-07-12 10:00:00+09:00,17140.0,17140.0,16740.0,16870.0,21868,0.0,0.0
2023-07-12 11:00:00+09:00,16870.0,16870.0,16470.0,16540.0,36667,0.0,0.0
2023-07-12 12:00:00+09:00,16550.0,16640.0,16500.0,16500.0,11132,0.0,0.0
2023-07-12 13:00:00+09:00,16520.0,16740.0,16500.0,16640.0,13857,0.0,0.0
2023-07-12 14:00:00+09:00,16700.0,16820.0,16650.0,16750.0,12778,0.0,0.0
2023-07-13 09:00:00+09:00,16880.0,17370.0,16880.0,17370.0,0,0.0,0.0
2023-07-13 10:00:00+09:00,17350.0,17470.0,17200.0,17440.0,7117,0.0,0.0
2023-07-13 11:00:00+09:00,17440.0,17440.0,17310.0,17340.0,3460,0.0,0.0
2023-07-13 12:00:00+09:00,17340.0,17340.0,17090.0,17090.0,6360,0.0,0.0
2023-07-13 13:00:00+09:00,17090.0,17330.0,17070.0,17270.0,4107,0.0,0.0
2023-07-13 14:00:00+09:00,17310.0,17320.0,17220.0,17310.0,3474,0.0,0.0
2023-07-14 09:00:00+09:00,17210.0,17240.0,16750.0,16800.0,0,0.0,0.0
2023-07-14 10:00:00+09:00,16810.0,17000.0,16810.0,16960.0,8703,0.0,0.0
2023-07-14 11:00:00+09:00,16960.0,16970.0,16890.0,16920.0,1907,0.0,0.0
2023-07-14 12:00:00+09:00,16910.0,16950.0,16840.0,16930.0,3282,0.0,0.0
2023-07-14 13:00:00+09:00,16930.0,16970.0,16840.0,16950.0,3114,0.0,0.0
2023-07-14 14:00:00+09:00,16940.0,16940.0,16770.0,16890.0,9872,0.0,0.0
2023-07-17 09:00:00+09:00,16750.0,16860.0,16610.0,16760.0,0,0.0,0.0
2023-07-17 10:00:00+09:00,16750.0,16910.0,16670.0,16680.0,13488,0.0,0.0
2023-07-17 11:00:00+09:00,16680.0,16680.0,16560.0,16570.0,12213,0.0,0.0
2023-07-17 12:00:00+09:00,16580.0,16610.0,16550.0,16590.0,6572,0.0,0.0
2023-07-17 13:00:00+09:00,16590.0,16600.0,16460.0,16550.0,13710,0.0,0.0
2023-07-17 14:00:00+09:00,16540.0,16760.0,16500.0,16540.0,13015,0.0,0.0
2023-07-18 09:00:00+09:00,16650.0,16700.0,16410.0,16560.0,12984,0.0,0.0
2023-07-18 10:00:00+09:00,16570.0,16570.0,16330.0,16360.0,11473,0.0,0.0
2023-07-18 11:00:00+09:00,16360.0,16360.0,16250.0,16300.0,12915,0.0,0.0
2023-07-18 12:00:00+09:00,16300.0,16350.0,16260.0,16350.0,5039,0.0,0.0
2023-07-18 13:00:00+09:00,16380.0,16430.0,16270.0,16300.0,4415,0.0,0.0
2023-07-18 14:00:00+09:00,16290.0,16310.0,16160.0,16180.0,18123,0.0,0.0
2023-07-19 09:00:00+09:00,16100.0,16290.0,15870.0,15900.0,21887,0.0,0.0
2023-07-19 10:00:00+09:00,15960.0,16040.0,15940.0,16010.0,15531,0.0,0.0
2023-07-19 11:00:00+09:00,16010.0,16060.0,15960.0,16020.0,4150,0.0,0.0
2023-07-19 12:00:00+09:00,16020.0,16060.0,16000.0,16020.0,1755,0.0,0.0
2023-07-19 13:00:00+09:00,16030.0,16070.0,15900.0,15920.0,12640,0.0,0.0
2023-07-19 14:00:00+09:00,15920.0,15930.0,15650.0,15800.0,30620,0.0,0.0
2023-07-20 09:00:00+09:00,15700.0,15970.0,15700.0,15750.0,10793,0.0,0.0
2023-07-20 10:00:00+09:00,15750.0,15960.0,15710.0,15960.0,5327,0.0,0.0
2023-07-20 11:00:00+09:00,15930.0,16150.0,15930.0,16030.0,5015,0.0,0.0
2023-07-20 12:00:00+09:00,16030.0,16180.0,15980.0,16140.0,3728,0.0,0.0
2023-07-20 13:00:00+09:00,16150.0,16150.0,15990.0,16040.0,2444,0.0,0.0
2023-07-20 14:00:00+09:00,16040.0,16120.0,16020.0,16110.0,2564,0.0,0.0
2023-07-21 09:00:00+09:00,15950.0,16100.0,15850.0,15890.0,5638,0.0,0.0
2023-07-21 10:00:00+09:00,15930.0,16200.0,15880.0,16130.0,6314,0.0,0.0
2023-07-21 11:00:00+09:00,16130.0,16150.0,16000.0,16000.0,2455,0.0,0.0
2023-07-21 12:00:00+09:00,16030.0,16070.0,15980.0,15990.0,2598,0.0,0.0
2023-07-21 13:00:00+09:00,15990.0,16060.0,15930.0,15950.0,3218,0.0,0.0
2023-07-21 14:00:00+09:00,15950.0,16050.0,15850.0,15890.0,6213,0.0,0.0
2023-07-24 09:00:00+09:00,15820.0,15870.0,15390.0,15520.0,0,0.0,0.0
2023-07-24 10:00:00+09:00,15520.0,15520.0,15380.0,15420.0,7019,0.0,0.0
2023-07-24 11:00:00+09:00,15410.0,15460.0,15210.0,15300.0,9419,0.0,0.0
2023-07-24 12:00:00+09:00,15290.0,15290.0,15100.0,15200.0,16496,0.0,0.0
2023-07-24 13:00:00+09:00,15190.0,15230.0,15010.0,15080.0,11084,0.0,0.0
2023-07-24 14:00:00+09:00,15080.0,15230.0,15010.0,15220.0,10895,0.0,0.0
2023-07-25 09:00:00+09:00,15100.0,15360.0,15100.0,15320.0,26975,0.0,0.0
2023-07-25 10:00:00+09:00,15330.0,15470.0,15000.0,15000.0,24587,0.0,0.0
2023-07-25 11:00:00+09:00,15060.0,15100.0,15000.0,15090.0,4922,0.0,0.0
2023-07-25 12:00:00+09:00,15090.0,15100.0,15030.0,15090.0,1800,0.0,0.0
2023-07-25 13:00:00+09:00,15070.0,15090.0,14920.0,15000.0,6274,0.0,0.0
2023-07-25 14:00:00+09:00,15010.0,15100.0,14830.0,15060.0,9909,0.0,0.0
2023-07-26 09:00:00+09:00,14640.0,15300.0,14200.0,14210.0,32750,0.0,0.0
2023-07-26 10:00:00+09:00,14210.0,14250.0,13940.0,14120.0,29705,0.0,0.0
2023-07-26 11:00:00+09:00,14120.0,14170.0,13960.0,14040.0,12448,0.0,0.0
2023-07-26 12:00:00+09:00,14100.0,14100.0,13880.0,13930.0,14597,0.0,0.0
2023-07-26 13:00:00+09:00,13910.0,14080.0,13520.0,13710.0,13858,0.0,0.0
2023-07-26 14:00:00+09:00,13710.0,14000.0,13590.0,13920.0,25856,0.0,0.0
2023-07-27 09:00:00+09:00,13700.0,14460.0,13700.0,14270.0,15750,0.0,0.0
2023-07-27 10:00:00+09:00,14260.0,14530.0,14260.0,14390.0,9882,0.0,0.0
2023-07-27 11:00:00+09:00,14420.0,14720.0,14410.0,14500.0,11595,0.0,0.0
2023-07-27 12:00:00+09:00,14520.0,14570.0,14330.0,14550.0,4135,0.0,0.0
2023-07-27 13:00:00+09:00,14530.0,14530.0,14380.0,14500.0,2032,0.0,0.0
2023-07-27 14:00:00+09:00,14510.0,14580.0,14380.0,14420.0,10767,0.0,0.0
2023-07-28 09:00:00+09:00,14380.0,14950.0,14380.0,14840.0,15124,0.0,0.0
2023-07-28 10:00:00+09:00,14770.0,14770.0,14600.0,14620.0,10184,0.0,0.0
2023-07-28 11:00:00+09:00,14620.0,14800.0,14610.0,14740.0,5150,0.0,0.0
2023-07-28 12:00:00+09:00,14740.0,14800.0,14700.0,14710.0,4091,0.0,0.0
2023-07-28 13:00:00+09:00,14720.0,14800.0,14710.0,14780.0,5544,0.0,0.0
2023-07-28 14:00:00+09:00,14730.0,14770.0,14630.0,14680.0,13355,0.0,0.0
2023-07-31 09:00:00+09:00,14760.0,14820.0,14560.0,14640.0,0,0.0,0.0
2023-07-31 10:00:00+09:00,14640.0,14970.0,14630.0,14880.0,5976,0.0,0.0
2023-07-31 11:00:00+09:00,14860.0,14870.0,14740.0,14820.0,3405,0.0,0.0
2023-07-31 12:00:00+09:00,14820.0,14840.0,14760.0,14800.0,5156,0.0,0.0
2023-07-31 13:00:00+09:00,14800.0,14840.0,14770.0,14800.0,5735,0.0,0.0
2023-07-31 14:00:00+09:00,14810.0,14810.0,14760.0,14790.0,6752,0.0,0.0
2023-08-01 09:00:00+09:00,14750.0,15200.0,14750.0,15180.0,8431,0.0,0.0
2023-08-01 10:00:00+09:00,15110.0,15200.0,15000.0,15180.0,7070,0.0,0.0
2023-08-01 11:00:00+09:00,15180.0,15180.0,15060.0,15070.0,943,0.0,0.0
2023-08-01 12:00:00+09:00,15070.0,15100.0,15050.0,15050.0,2406,0.0,0.0
2023-08-01 13:00:00+09:00,15050.0,15050.0,14950.0,14960.0,10347,0.0,0.0
2023-08-01 14:00:00+09:00,14970.0,15100.0,14970.0,15030.0,1845,0.0,0.0
2023-08-02 09:00:00+09:00,15100.0,15150.0,14980.0,15010.0,7130,0.0,0.0
2023-08-02 10:00:00+09:00,15030.0,15030.0,14850.0,14870.0,13500,0.0,0.0
2023-08-02 11:00:00+09:00,14870.0,14870.0,14650.0,14660.0,12468,0.0,0.0
2023-08-02 12:00:00+09:00,14660.0,14730.0,14650.0,14730.0,2126,0.0,0.0
2023-08-02 13:00:00+09:00,14730.0,14780.0,14520.0,14600.0,12137,0.0,0.0
2023-08-02 14:00:00+09:00,14550.0,14600.0,14460.0,14500.0,8867,0.0,0.0
2023-08-03 09:00:00+09:00,14450.0,14500.0,14010.0,14280.0,7865,0.0,0.0
2023-08-03 10:00:00+09:00,14280.0,14380.0,14080.0,14100.0,6238,0.0,0.0
2023-08-03 11:00:00+09:00,14100.0,14480.0,14000.0,14440.0,6168,0.0,0.0
2023-08-03 12:00:00+09:00,14470.0,14470.0,14360.0,14410.0,1448,0.0,0.0
2023-08-03 13:00:00+09:00,14460.0,14460.0,14360.0,14370.0,1271,0.0,0.0
2023-08-03 14:00:00+09:00,14370.0,14410.0,14200.0,14320.0,5869,0.0,0.0
2023-08-04 09:00:00+09:00,14200.0,14660.0,14100.0,14620.0,11512,0.0,0.0
2023-08-04 10:00:00+09:00,14630.0,14810.0,14600.0,14700.0,6272,0.0,0.0
2023-08-04 11:00:00+09:00,14710.0,14720.0,14630.0,14660.0,1655,0.0,0.0
2023-08-04 12:00:00+09:00,14660.0,14700.0,14590.0,14620.0,4061,0.0,0.0
2023-08-04 13:00:00+09:00,14610.0,14760.0,14610.0,14760.0,1252,0.0,0.0
2023-08-04 14:00:00+09:00,14740.0,14840.0,14710.0,14760.0,4266,0.0,0.0
2023-08-07 09:00:00+09:00,14930.0,14930.0,14350.0,14770.0,0,0.0,0.0
2023-08-07 10:00:00+09:00,14770.0,14950.0,14680.0,14830.0,4631,0.0,0.0
2023-08-07 11:00:00+09:00,14760.0,15020.0,14760.0,15000.0,4647,0.0,0.0
2023-08-07 12:00:00+09:00,15000.0,15060.0,14860.0,15060.0,2428,0.0,0.0
2023-08-07 13:00:00+09:00,15060.0,15060.0,14950.0,15010.0,3064,0.0,0.0
2023-08-07 14:00:00+09:00,15020.0,15020.0,14870.0,14900.0,2017,0.0,0.0
2023-08-08 09:00:00+09:00,14920.0,14990.0,14660.0,14770.0,5803,0.0,0.0
2023-08-08 10:00:00+09:00,14830.0,14830.0,14570.0,14570.0,7307,0.0,0.0
2023-08-08 11:00:00+09:00,14550.0,14580.0,14420.0,14420.0,7858,0.0,0.0
2023-08-08 12:00:00+09:00,14430.0,14480.0,14410.0,14460.0,2498,0.0,0.0
2023-08-08 13:00:00+09:00,14460.0,14460.0,14400.0,14450.0,2108,0.0,0.0
2023-08-08 14:00:00+09:00,14450.0,14490.0,14370.0,14370.0,7030,0.0,0.0
2023-08-09 09:00:00+09:00,14360.0,14640.0,14180.0,14600.0,3756,0.0,0.0
2023-08-09 10:00:00+09:00,14520.0,14640.0,14510.0,14510.0,3427,0.0,0.0
2023-08-09 11:00:00+09:00,14610.0,14620.0,14500.0,14570.0,2092,0.0,0.0
2023-08-09 12:00:00+09:00,14530.0,14650.0,14500.0,14590.0,1646,0.0,0.0
2023-08-09 13:00:00+09:00,14600.0,14600.0,14520.0,14580.0,372,0.0,0.0
2023-08-09 14:00:00+09:00,14560.0,14630.0,14520.0,14570.0,1250,0.0,0.0
2023-08-10 09:00:00+09:00,14650.0,15060.0,14500.0,14930.0,15229,0.0,0.0
2023-08-10 10:00:00+09:00,14950.0,15020.0,14790.0,15020.0,10855,0.0,0.0
2023-08-10 11:00:00+09:00,15020.0,15020.0,14890.0,14920.0,3746,0.0,0.0
2023-08-10 12:00:00+09:00,14980.0,15000.0,14920.0,14990.0,2006,0.0,0.0
2023-08-10 13:00:00+09:00,15000.0,15540.0,14990.0,15450.0,27658,0.0,0.0
2023-08-10 14:00:00+09:00,15450.0,15700.0,15410.0,15550.0,18404,0.0,0.0
2023-08-11 09:00:00+09:00,15350.0,15350.0,14780.0,15010.0,16921,0.0,0.0
2023-08-11 10:00:00+09:00,15070.0,15280.0,15000.0,15170.0,6931,0.0,0.0
2023-08-11 11:00:00+09:00,15160.0,15280.0,15130.0,15170.0,2178,0.0,0.0
2023-08-11 12:00:00+09:00,15170.0,15220.0,15150.0,15170.0,2314,0.0,0.0
2023-08-11 13:00:00+09:00,15190.0,15190.0,15050.0,15090.0,3343,0.0,0.0
2023-08-11 14:00:00+09:00,15060.0,15100.0,14880.0,15060.0,12900,0.0,0.0
2023-08-14 09:00:00+09:00,15150.0,15250.0,14860.0,15070.0,0,0.0,0.0
2023-08-14 10:00:00+09:00,15070.0,15450.0,15060.0,15340.0,10340,0.0,0.0
2023-08-14 11:00:00+09:00,15420.0,15420.0,15240.0,15330.0,6156,0.0,0.0
2023-08-14 12:00:00+09:00,15330.0,15330.0,15200.0,15200.0,1472,0.0,0.0
2023-08-14 13:00:00+09:00,15200.0,15270.0,15130.0,15220.0,4124,0.0,0.0
2023-08-14 14:00:00+09:00,15210.0,15240.0,15120.0,15180.0,1833,0.0,0.0
2023-08-16 09:00:00+09:00,15080.0,15080.0,14620.0,14660.0,0,0.0,0.0
2023-08-16 10:00:00+09:00,14760.0,14850.0,14670.0,14760.0,2862,0.0,0.0
2023-08-16 11:00:00+09:00,14760.0,14770.0,14590.0,14600.0,7252,0.0,0.0
2023-08-16 12:00:00+09:00,14600.0,14770.0,14580.0,14630.0,4965,0.0,0.0
2023-08-16 13:00:00+09:00,14630.0,14650.0,14420.0,14420.0,8238,0.0,0.0
2023-08-16 14:00:00+09:00,14480.0,14480.0,14330.0,14440.0,6491,0.0,0.0
2023-08-17 09:00:00+09:00,14050.0,14300.0,13790.0,13980.0,15399,0.0,0.0
2023-08-17 10:00:00+09:00,13980.0,14140.0,13890.0,13930.0,4237,0.0,0.0
2023-08-17 11:00:00+09:00,14000.0,14160.0,13990.0,14110.0,3212,0.0,0.0
2023-08-17 12:00:00+09:00,14100.0,14110.0,13940.0,13940.0,3630,0.0,0.0
2023-08-17 13:00:00+09:00,13940.0,14110.0,13940.0,14020.0,2080,0.0,0.0
2023-08-17 14:00:00+09:00,14020.0,14550.0,13920.0,14550.0,18095,0.0,0.0
2023-08-18 09:00:00+09:00,14220.0,14240.0,13970.0,14050.0,11204,0.0,0.0
2023-08-18 10:00:00+09:00,14050.0,14200.0,14010.0,14180.0,2145,0.0,0.0
2023-08-18 11:00:00+09:00,14180.0,14220.0,14080.0,14090.0,2035,0.0,0.0
2023-08-18 12:00:00+09:00,14080.0,14120.0,14000.0,14030.0,3705,0.0,0.0
2023-08-18 13:00:00+09:00,14030.0,14070.0,14000.0,14000.0,4836,0.0,0.0
2023-08-18 14:00:00+09:00,14050.0,14390.0,14020.0,14340.0,8405,0.0,0.0
2023-08-21 09:00:00+09:00,13940.0,14200.0,13930.0,14190.0,0,0.0,0.0
2023-08-21 10:00:00+09:00,14180.0,14250.0,14110.0,14190.0,2053,0.0,0.0
2023-08-21 11:00:00+09:00,14190.0,14200.0,14110.0,14190.0,2170,0.0,0.0
2023-08-21 12:00:00+09:00,14190.0,14190.0,14100.0,14150.0,1349,0.0,0.0
2023-08-21 13:00:00+09:00,14150.0,14150.0,14100.0,14130.0,329,0.0,0.0
2023-08-21 14:00:00+09:00,14110.0,14380.0,14100.0,14190.0,7931,0.0,0.0
2023-08-22 09:00:00+09:00,14010.0,14130.0,13830.0,13930.0,14052,0.0,0.0
2023-08-22 10:00:00+09:00,13930.0,14030.0,13840.0,14020.0,4777,0.0,0.0
2023-08-22 11:00:00+09:00,14020.0,14560.0,14020.0,14190.0,20165,0.0,0.0
2023-08-22 12:00:00+09:00,14180.0,14180.0,14110.0,14130.0,898,0.0,0.0
2023-08-22 13:00:00+09:00,14120.0,14170.0,13930.0,13990.0,5369,0.0,0.0
2023-08-22 14:00:00+09:00,13990.0,14030.0,13930.0,13960.0,4598,0.0,0.0
2023-08-23 09:00:00+09:00,13800.0,14250.0,13690.0,13810.0,0,0.0,0.0
2023-08-23 10:00:00+09:00,13800.0,13820.0,13750.0,13800.0,3700,0.0,0.0
2023-08-23 11:00:00+09:00,13800.0,13880.0,13720.0,13810.0,5589,0.0,0.0
2023-08-23 12:00:00+09:00,13810.0,13810.0,13740.0,13740.0,1598,0.0,0.0
2023-08-23 13:00:00+09:00,13800.0,13800.0,13700.0,13720.0,2848,0.0,0.0
2023-08-23 14:00:00+09:00,13720.0,13760.0,13610.0,13610.0,8086,0.0,0.0
2023-08-24 09:00:00+09:00,13630.0,13910.0,13630.0,13770.0,3231,0.0,0.0
2023-08-24 10:00:00+09:00,13760.0,13820.0,13650.0,13750.0,6875,0.0,0.0
2023-08-24 11:00:00+09:00,13750.0,13790.0,13640.0,13730.0,4596,0.0,0.0
2023-08-24 12:00:00+09:00,13740.0,13740.0,13670.0,13670.0,1069,0.0,0.0
2023-08-24 13:00:00+09:00,13730.0,13800.0,13670.0,13770.0,4645,0.0,0.0
2023-08-24 14:00:00+09:00,13790.0,13840.0,13650.0,13790.0,6105,0.0,0.0
2023-08-25 09:00:00+09:00,13510.0,13750.0,13200.0,13580.0,5573,0.0,0.0
2023-08-25 10:00:00+09:00,13580.0,13600.0,13530.0,13530.0,2305,0.0,0.0
2023-08-25 11:00:00+09:00,13590.0,13590.0,13430.0,13470.0,4683,0.0,0.0
2023-08-25 12:00:00+09:00,13510.0,13510.0,13430.0,13430.0,2654,0.0,0.0
2023-08-25 13:00:00+09:00,13430.0,13500.0,13370.0,13370.0,3863,0.0,0.0
2023-08-25 14:00:00+09:00,13440.0,13440.0,13250.0,13270.0,7633,0.0,0.0
2023-08-28 09:00:00+09:00,13310.0,13560.0,13200.0,13390.0,0,0.0,0.0
2023-08-28 10:00:00+09:00,13390.0,13460.0,13350.0,13430.0,2880,0.0,0.0
2023-08-28 11:00:00+09:00,13400.0,13500.0,13360.0,13450.0,8297,0.0,0.0
2023-08-28 12:00:00+09:00,13400.0,13490.0,13380.0,13480.0,1413,0.0,0.0
2023-08-28 13:00:00+09:00,13430.0,13670.0,13430.0,13550.0,13936,0.0,0.0
2023-08-28 14:00:00+09:00,13550.0,13640.0,13460.0,13540.0,2768,0.0,0.0
2023-08-29 09:00:00+09:00,13500.0,13990.0,13500.0,13940.0,13590,0.0,0.0
2023-08-29 10:00:00+09:00,13940.0,14100.0,13940.0,14000.0,11230,0.0,0.0
2023-08-29 11:00:00+09:00,14000.0,14050.0,13890.0,13890.0,4322,0.0,0.0
2023-08-29 12:00:00+09:00,13890.0,13900.0,13800.0,13880.0,0,0.0,0.0
2023-08-29 13:00:00+09:00,13880.0,13950.0,13810.0,13930.0,33360,0.0,0.0
2023-08-29 14:00:00+09:00,13940.0,13940.0,13800.0,13800.0,1220,0.0,0.0
2023-08-30 09:00:00+09:00,13760.0,14050.0,13760.0,13860.0,5132,0.0,0.0
2023-08-30 10:00:00+09:00,13950.0,13980.0,13870.0,13870.0,3770,0.0,0.0
2023-08-30 11:00:00+09:00,13970.0,14020.0,13870.0,14020.0,3099,0.0,0.0
2023-08-30 12:00:00+09:00,14020.0,14040.0,13990.0,14000.0,2178,0.0,0.0
2023-08-30 13:00:00+09:00,14010.0,14020.0,13930.0,13970.0,2416,0.0,0.0
2023-08-30 14:00:00+09:00,13940.0,13960.0,13850.0,13940.0,4281,0.0,0.0
2023-08-31 09:00:00+09:00,14150.0,14150.0,13790.0,14010.0,6603,0.0,0.0
2023-08-31 10:00:00+09:00,14030.0,14030.0,13890.0,13900.0,1553,0.0,0.0
2023-08-31 11:00:00+09:00,13940.0,13940.0,13820.0,13830.0,1866,0.0,0.0
2023-08-31 12:00:00+09:00,13870.0,13880.0,13820.0,13840.0,2299,0.0,0.0
2023-08-31 13:00:00+09:00,13840.0,13840.0,13740.0,13770.0,4901,0.0,0.0
2023-08-31 14:00:00+09:00,13760.0,13760.0,13600.0,13670.0,5181,0.0,0.0
2023-09-01 09:00:00+09:00,13500.0,13740.0,13400.0,13640.0,13158,0.0,0.0
2023-09-01 10:00:00+09:00,13640.0,13690.0,13570.0,13650.0,2468,0.0,0.0
2023-09-01 11:00:00+09:00,13620.0,13640.0,13590.0,13610.0,2065,0.0,0.0
2023-09-01 12:00:00+09:00,13610.0,13650.0,13590.0,13600.0,1072,0.0,0.0
2023-09-01 13:00:00+09:00,13600.0,13660.0,13570.0,13620.0,5719,0.0,0.0
2023-09-01 14:00:00+09:00,13610.0,13640.0,13570.0,13570.0,1718,0.0,0.0
2023-09-04 09:00:00+09:00,13810.0,13810.0,13410.0,13630.0,0,0.0,0.0
2023-09-04 10:00:00+09:00,13590.0,13630.0,13510.0,13510.0,2012,0.0,0.0
2023-09-04 11:00:00+09:00,13580.0,13600.0,13490.0,13500.0,4065,0.0,0.0
2023-09-04 12:00:00+09:00,13500.0,13550.0,13490.0,13550.0,955,0.0,0.0
2023-09-04 13:00:00+09:00,13550.0,13550.0,13440.0,13530.0,5837,0.0,0.0
2023-09-04 14:00:00+09:00,13530.0,13540.0,13410.0,13470.0,2735,0.0,0.0
2023-09-05 09:00:00+09:00,13320.0,13500.0,13300.0,13440.0,12631,0.0,0.0
2023-09-05 10:00:00+09:00,13440.0,13500.0,13370.0,13400.0,1905,0.0,0.0
2023-09-05 11:00:00+09:00,13400.0,13430.0,13360.0,13380.0,2179,0.0,0.0
2023-09-05 12:00:00+09:00,13420.0,13470.0,13380.0,13420.0,1692,0.0,0.0
2023-09-05 13:00:00+09:00,13420.0,13470.0,13390.0,13390.0,1073,0.0,0.0
2023-09-05 14:00:00+09:00,13390.0,13440.0,13340.0,13380.0,1583,0.0,0.0
2023-09-06 09:00:00+09:00,13320.0,13430.0,13280.0,13350.0,3887,0.0,0.0
2023-09-06 10:00:00+09:00,13340.0,13350.0,13310.0,13350.0,798,0.0,0.0
2023-09-06 11:00:00+09:00,13350.0,13350.0,13260.0,13290.0,3234,0.0,0.0
2023-09-06 12:00:00+09:00,13330.0,13330.0,13240.0,13260.0,3489,0.0,0.0
2023-09-06 13:00:00+09:00,13270.0,13270.0,13130.0,13160.0,8721,0.0,0.0
2023-09-06 14:00:00+09:00,13160.0,13260.0,13090.0,13110.0,8889,0.0,0.0
2023-09-07 09:00:00+09:00,13190.0,13190.0,12910.0,12930.0,16599,0.0,0.0
2023-09-07 10:00:00+09:00,12940.0,12970.0,12880.0,12950.0,5722,0.0,0.0
2023-09-07 11:00:00+09:00,12960.0,12960.0,12890.0,12950.0,1098,0.0,0.0
2023-09-07 12:00:00+09:00,12940.0,12990.0,12910.0,12980.0,2615,0.0,0.0
2023-09-07 13:00:00+09:00,12980.0,12980.0,12870.0,12870.0,8672,0.0,0.0
2023-09-07 14:00:00+09:00,12870.0,12880.0,12750.0,12780.0,9832,0.0,0.0
2023-09-08 09:00:00+09:00,12750.0,12950.0,12660.0,12800.0,7316,0.0,0.0
2023-09-08 10:00:00+09:00,12790.0,12790.0,12670.0,12750.0,3173,0.0,0.0
2023-09-08 11:00:00+09:00,12750.0,12750.0,12600.0,12750.0,7369,0.0,0.0
2023-09-08 12:00:00+09:00,12710.0,12840.0,12630.0,12810.0,5124,0.0,0.0
2023-09-08 13:00:00+09:00,12790.0,12790.0,12720.0,12720.0,1872,0.0,0.0
2023-09-08 14:00:00+09:00,12710.0,12770.0,12650.0,12740.0,5412,0.0,0.0
2023-09-11 09:00:00+09:00,12770.0,12940.0,12760.0,12820.0,0,0.0,0.0
2023-09-11 10:00:00+09:00,12890.0,12890.0,12810.0,12830.0,2293,0.0,0.0
2023-09-11 11:00:00+09:00,12830.0,12860.0,12800.0,12860.0,2092,0.0,0.0
2023-09-11 12:00:00+09:00,12810.0,12850.0,12770.0,12780.0,2518,0.0,0.0
2023-09-11 13:00:00+09:00,12850.0,12850.0,12770.0,12780.0,1028,0.0,0.0
2023-09-11 14:00:00+09:00,12790.0,12800.0,12770.0,12770.0,4557,0.0,0.0
2023-09-12 09:00:00+09:00,12800.0,13280.0,12800.0,13170.0,10746,0.0,0.0
2023-09-12 10:00:00+09:00,13170.0,13260.0,13060.0,13180.0,4637,0.0,0.0
2023-09-12 11:00:00+09:00,13190.0,13190.0,13050.0,13050.0,852,0.0,0.0
2023-09-12 12:00:00+09:00,13060.0,13060.0,12970.0,12980.0,2035,0.0,0.0
2023-09-12 13:00:00+09:00,12990.0,13000.0,12870.0,12870.0,3422,0.0,0.0
2023-09-12 14:00:00+09:00,12880.0,12880.0,12800.0,12850.0,3251,0.0,0.0
2023-09-13 09:00:00+09:00,12720.0,12840.0,12600.0,12820.0,8722,0.0,0.0
2023-09-13 10:00:00+09:00,12720.0,12820.0,12500.0,12520.0,8710,0.0,0.0
2023-09-13 11:00:00+09:00,12520.0,12520.0,12330.0,12360.0,5689,0.0,0.0
2023-09-13 12:00:00+09:00,12380.0,12650.0,12350.0,12640.0,4283,0.0,0.0
2023-09-13 13:00:00+09:00,12640.0,12640.0,12560.0,12620.0,1681,0.0,0.0
2023-09-13 14:00:00+09:00,12600.0,12640.0,12500.0,12520.0,3961,0.0,0.0
2023-09-14 09:00:00+09:00,12600.0,12660.0,12560.0,12610.0,2808,0.0,0.0
2023-09-14 10:00:00+09:00,12630.0,12630.0,12440.0,12520.0,3716,0.0,0.0
2023-09-14 11:00:00+09:00,12520.0,12590.0,12470.0,12470.0,662,0.0,0.0
2023-09-14 12:00:00+09:00,12470.0,12700.0,12460.0,12680.0,3303,0.0,0.0
2023-09-14 13:00:00+09:00,12680.0,12680.0,12600.0,12600.0,5532,0.0,0.0
2023-09-14 14:00:00+09:00,12600.0,12660.0,12500.0,12660.0,5906,0.0,0.0
2023-09-15 09:00:00+09:00,12430.0,12990.0,12430.0,12760.0,0,0.0,0.0
2023-09-15 10:00:00+09:00,12840.0,12840.0,12740.0,12830.0,11896,0.0,0.0
2023-09-15 11:00:00+09:00,12830.0,12850.0,12740.0,12840.0,1539,0.0,0.0
2023-09-15 12:00:00+09:00,12770.0,12830.0,12770.0,12830.0,378,0.0,0.0
2023-09-15 13:00:00+09:00,12810.0,12840.0,12770.0,12800.0,822,0.0,0.0
2023-09-15 14:00:00+09:00,12800.0,12830.0,12780.0,12800.0,1272,0.0,0.0
2023-09-18 09:00:00+09:00,12740.0,12910.0,12650.0,12670.0,0,0.0,0.0
2023-09-18 10:00:00+09:00,12670.0,12700.0,12530.0,12580.0,2657,0.0,0.0
2023-09-18 11:00:00+09:00,12580.0,12630.0,12550.0,12560.0,1346,0.0,0.0
2023-09-18 12:00:00+09:00,12560.0,12570.0,12520.0,12570.0,1949,0.0,0.0
2023-09-18 13:00:00+09:00,12550.0,12570.0,12510.0,12540.0,3261,0.0,0.0
2023-09-18 14:00:00+09:00,12520.0,12540.0,12500.0,12500.0,2599,0.0,0.0
2023-09-19 09:00:00+09:00,12440.0,12550.0,12340.0,12380.0,4276,0.0,0.0
2023-09-19 10:00:00+09:00,12350.0,12400.0,12280.0,12290.0,2517,0.0,0.0
2023-09-19 11:00:00+09:00,12310.0,12340.0,12250.0,12280.0,2273,0.0,0.0
2023-09-19 12:00:00+09:00,12280.0,12300.0,12260.0,12270.0,1677,0.0,0.0
2023-09-19 13:00:00+09:00,12270.0,12340.0,12230.0,12240.0,2338,0.0,0.0
2023-09-19 14:00:00+09:00,12240.0,12300.0,12220.0,12300.0,3394,0.0,0.0
2023-09-20 09:00:00+09:00,12160.0,12340.0,12150.0,12160.0,3899,0.0,0.0
2023-09-20 10:00:00+09:00,12160.0,12450.0,12150.0,12240.0,4318,0.0,0.0
2023-09-20 11:00:00+09:00,12230.0,12230.0,12110.0,12200.0,6413,0.0,0.0
2023-09-20 12:00:00+09:00,12210.0,12240.0,12200.0,12240.0,11927,0.0,0.0
2023-09-20 13:00:00+09:00,12220.0,12250.0,12200.0,12210.0,984,0.0,0.0
2023-09-20 14:00:00+09:00,12220.0,12250.0,12200.0,12210.0,0,0.0,0.0
2023-09-21 09:00:00+09:00,12000.0,12140.0,11950.0,12000.0,6331,0.0,0.0
2023-09-21 10:00:00+09:00,12090.0,12090.0,11800.0,11840.0,8474,0.0,0.0
2023-09-21 11:00:00+09:00,11840.0,11940.0,11830.0,11840.0,1346,0.0,0.0
2023-09-21 12:00:00+09:00,11840.0,11880.0,11780.0,11780.0,4723,0.0,0.0
2023-09-21 13:00:00+09:00,11780.0,11780.0,11710.0,11750.0,3425,0.0,0.0
2023-09-21 14:00:00+09:00,11760.0,11770.0,11700.0,11740.0,11118,0.0,0.0
2023-09-22 09:00:00+09:00,11560.0,11800.0,11360.0,11550.0,4982,0.0,0.0
2023-09-22 10:00:00+09:00,11600.0,11900.0,11550.0,11650.0,3779,0.0,0.0
2023-09-22 11:00:00+09:00,11800.0,11800.0,11660.0,11710.0,337,0.0,0.0
2023-09-22 12:00:00+09:00,11710.0,11740.0,11660.0,11730.0,394,0.0,0.0
2023-09-22 13:00:00+09:00,11680.0,11730.0,11570.0,11630.0,1645,0.0,0.0
2023-09-22 14:00:00+09:00,11640.0,11680.0,11580.0,11590.0,1467,0.0,0.0
2023-09-25 09:00:00+09:00,11430.0,11640.0,11380.0,11430.0,845,0.0,0.0
2023-09-25 10:00:00+09:00,11530.0,11530.0,11400.0,11420.0,1380,0.0,0.0
2023-09-25 11:00:00+09:00,11420.0,11440.0,11380.0,11430.0,2552,0.0,0.0
2023-09-25 12:00:00+09:00,11430.0,11550.0,11400.0,11490.0,1198,0.0,0.0
2023-09-25 13:00:00+09:00,11490.0,11500.0,11250.0,11250.0,4208,0.0,0.0
2023-09-25 14:00:00+09:00,11260.0,11290.0,11070.0,11100.0,10051,0.0,0.0
2023-09-26 09:00:00+09:00,11150.0,11400.0,11120.0,11120.0,2331,0.0,0.0
2023-09-26 10:00:00+09:00,11120.0,11190.0,11060.0,11070.0,1318,0.0,0.0
2023-09-26 11:00:00+09:00,11090.0,11190.0,11070.0,11180.0,3863,0.0,0.0
2023-09-26 12:00:00+09:00,11110.0,11190.0,11020.0,11120.0,4366,0.0,0.0
2023-09-26 13:00:00+09:00,11120.0,11190.0,11050.0,11080.0,1793,0.0,0.0
2023-09-26 14:00:00+09:00,11110.0,11120.0,10910.0,10990.0,4619,0.0,0.0
2023-09-27 09:00:00+09:00,10900.0,11180.0,10750.0,11070.0,9402,0.0,0.0
2023-09-27 10:00:00+09:00,11080.0,11240.0,11060.0,11190.0,1110,0.0,0.0
2023-09-27 11:00:00+09:00,11190.0,11240.0,11110.0,11150.0,948,0.0,0.0
2023-09-27 12:00:00+09:00,11190.0,11200.0,11160.0,11160.0,96,0.0,0.0
2023-09-27 13:00:00+09:00,11160.0,11210.0,11150.0,11180.0,373,0.0,0.0
2023-09-27 14:00:00+09:00,11170.0,11250.0,10910.0,11240.0,2350,0.0,0.0
2023-10-04 09:00:00+09:00,10820.0,11080.0,10670.0,10810.0,0,0.0,0.0
2023-10-04 10:00:00+09:00,10810.0,10880.0,10690.0,10760.0,5686,0.0,0.0
2023-10-04 11:00:00+09:00,10700.0,10760.0,10610.0,10730.0,2030,0.0,0.0
2023-10-04 12:00:00+09:00,10730.0,10750.0,10600.0,10630.0,2661,0.0,0.0
2023-10-04 13:00:00+09:00,10620.0,10720.0,10600.0,10600.0,3670,0.0,0.0
2023-10-04 14:00:00+09:00,10640.0,10760.0,10640.0,10740.0,4946,0.0,0.0
2023-10-05 09:00:00+09:00,10660.0,11000.0,10550.0,10700.0,0,0.0,0.0
2023-10-05 10:00:00+09:00,10660.0,10750.0,10650.0,10660.0,7715,0.0,0.0
2023-10-05 11:00:00+09:00,10660.0,10700.0,10640.0,10650.0,542,0.0,0.0
2023-10-05 12:00:00+09:00,10650.0,10690.0,10650.0,10660.0,918,0.0,0.0
2023-10-05 13:00:00+09:00,10690.0,10750.0,10690.0,10710.0,1264,0.0,0.0
2023-10-05 14:00:00+09:00,10700.0,10700.0,10500.0,10510.0,5082,0.0,0.0
2023-10-06 09:00:00+09:00,10300.0,11000.0,10300.0,11000.0,12621,0.0,0.0
2023-10-06 10:00:00+09:00,11070.0,11140.0,10840.0,11000.0,2495,0.0,0.0
2023-10-06 11:00:00+09:00,10990.0,11000.0,10930.0,10970.0,317,0.0,0.0
2023-10-06 12:00:00+09:00,10950.0,11000.0,10930.0,10990.0,830,0.0,0.0
2023-10-06 13:00:00+09:00,11000.0,11080.0,10970.0,11000.0,1042,0.0,0.0
2023-10-06 14:00:00+09:00,10990.0,11020.0,10940.0,10980.0,1390,0.0,0.0
2023-10-10 09:00:00+09:00,10800.0,11300.0,10800.0,11040.0,0,0.0,0.0
2023-10-10 10:00:00+09:00,11090.0,11240.0,11000.0,11000.0,3052,0.0,0.0
2023-10-10 11:00:00+09:00,11000.0,11060.0,11000.0,11060.0,696,0.0,0.0
2023-10-10 12:00:00+09:00,11070.0,11070.0,10930.0,10930.0,1135,0.0,0.0
2023-10-10 13:00:00+09:00,10930.0,10940.0,10810.0,10840.0,1599,0.0,0.0
2023-10-10 14:00:00+09:00,10840.0,10900.0,10700.0,10700.0,3454,0.0,0.0
2023-10-11 09:00:00+09:00,10740.0,11000.0,10740.0,10960.0,4070,0.0,0.0
2023-10-11 10:00:00+09:00,10950.0,11200.0,10880.0,11060.0,7415,0.0,0.0
2023-10-11 11:00:00+09:00,11090.0,11140.0,10950.0,11070.0,6060,0.0,0.0
2023-10-11 12:00:00+09:00,11070.0,11180.0,11050.0,11110.0,2020,0.0,0.0
2023-10-11 13:00:00+09:00,11110.0,11150.0,10980.0,11070.0,639,0.0,0.0
2023-10-11 14:00:00+09:00,11030.0,11070.0,11000.0,11030.0,2424,0.0,0.0
2023-10-12 09:00:00+09:00,10990.0,11430.0,10990.0,11220.0,5073,0.0,0.0
2023-10-12 10:00:00+09:00,11220.0,11390.0,11220.0,11380.0,2237,0.0,0.0
2023-10-12 11:00:00+09:00,11370.0,11420.0,11220.0,11370.0,5210,0.0,0.0
2023-10-12 12:00:00+09:00,11380.0,11500.0,11320.0,11430.0,2767,0.0,0.0
2023-10-12 13:00:00+09:00,11420.0,11440.0,11380.0,11390.0,2830,0.0,0.0
2023-10-12 14:00:00+09:00,11390.0,11620.0,11390.0,11530.0,4747,0.0,0.0
2023-10-13 09:00:00+09:00,11540.0,11540.0,11270.0,11300.0,3308,0.0,0.0
2023-10-13 10:00:00+09:00,11280.0,11390.0,11270.0,11290.0,1225,0.0,0.0
2023-10-13 11:00:00+09:00,11280.0,11310.0,11180.0,11260.0,2788,0.0,0.0
2023-10-13 12:00:00+09:00,11260.0,11300.0,11140.0,11140.0,859,0.0,0.0
2023-10-13 13:00:00+09:00,11140.0,11440.0,11050.0,11150.0,3520,0.0,0.0
2023-10-13 14:00:00+09:00,11120.0,11180.0,11100.0,11140.0,298,0.0,0.0
2023-10-16 09:00:00+09:00,11000.0,11220.0,10880.0,10940.0,0,0.0,0.0
2023-10-16 10:00:00+09:00,10970.0,10980.0,10860.0,10890.0,3079,0.0,0.0
2023-10-16 11:00:00+09:00,10880.0,11000.0,10800.0,10960.0,4767,0.0,0.0
2023-10-16 12:00:00+09:00,10930.0,11100.0,10930.0,10990.0,2946,0.0,0.0
2023-10-16 13:00:00+09:00,11010.0,11060.0,10880.0,11060.0,0,0.0,0.0
2023-10-16 14:00:00+09:00,10990.0,11090.0,10890.0,11070.0,18208,0.0,0.0
2023-10-17 09:00:00+09:00,11100.0,11490.0,11030.0,11030.0,4128,0.0,0.0
2023-10-17 10:00:00+09:00,11050.0,11160.0,11050.0,11100.0,1511,0.0,0.0
2023-10-17 11:00:00+09:00,11090.0,11140.0,10980.0,11020.0,1875,0.0,0.0
2023-10-17 12:00:00+09:00,11020.0,11050.0,10880.0,10910.0,2964,0.0,0.0
2023-10-17 13:00:00+09:00,10920.0,10990.0,10750.0,10950.0,5025,0.0,0.0
2023-10-17 14:00:00+09:00,10820.0,10940.0,10780.0,10830.0,3250,0.0,0.0
2023-10-18 09:00:00+09:00,10770.0,10930.0,10660.0,10680.0,3719,0.0,0.0
2023-10-18 10:00:00+09:00,10690.0,10700.0,10500.0,10510.0,4175,0.0,0.0
2023-10-18 11:00:00+09:00,10510.0,10590.0,10450.0,10490.0,2095,0.0,0.0
2023-10-18 12:00:00+09:00,10520.0,10530.0,10420.0,10430.0,2052,0.0,0.0
2023-10-18 13:00:00+09:00,10430.0,10590.0,10390.0,10590.0,5929,0.0,0.0
2023-10-18 14:00:00+09:00,10580.0,10750.0,10540.0,10560.0,6767,0.0,0.0
2023-10-19 09:00:00+09:00,10500.0,10650.0,10410.0,10570.0,8484,0.0,0.0
2023-10-19 10:00:00+09:00,10500.0,10530.0,10400.0,10400.0,2274,0.0,0.0
2023-10-19 11:00:00+09:00,10420.0,10520.0,10210.0,10220.0,5843,0.0,0.0
2023-10-19 12:00:00+09:00,10220.0,10420.0,10140.0,10190.0,5019,0.0,0.0
2023-10-19 13:00:00+09:00,10170.0,10190.0,10080.0,10090.0,3557,0.0,0.0
2023-10-19 14:00:00+09:00,10090.0,10130.0,10010.0,10110.0,4583,0.0,0.0
2023-10-20 09:00:00+09:00,10000.0,10100.0,9790.0,9890.0,12372,0.0,0.0
2023-10-20 10:00:00+09:00,9820.0,9940.0,9800.0,9840.0,4035,0.0,0.0
2023-10-20 11:00:00+09:00,9850.0,9860.0,9760.0,9760.0,4915,0.0,0.0
2023-10-20 12:00:00+09:00,9760.0,9990.0,9750.0,9980.0,3510,0.0,0.0
2023-10-20 13:00:00+09:00,9980.0,10090.0,9920.0,10000.0,3200,0.0,0.0
2023-10-20 14:00:00+09:00,9970.0,10000.0,9840.0,9990.0,2158,0.0,0.0
2023-10-23 09:00:00+09:00,9600.0,10040.0,9600.0,10000.0,0,0.0,0.0
2023-10-23 10:00:00+09:00,9990.0,10100.0,9940.0,10080.0,2651,0.0,0.0
2023-10-23 11:00:00+09:00,10040.0,10040.0,9920.0,9980.0,690,0.0,0.0
2023-10-23 12:00:00+09:00,9980.0,9990.0,9920.0,9980.0,396,0.0,0.0
2023-10-23 13:00:00+09:00,9970.0,10010.0,9890.0,9950.0,2307,0.0,0.0
2023-10-23 14:00:00+09:00,9890.0,9940.0,9800.0,9880.0,1295,0.0,0.0
2023-10-24 09:00:00+09:00,9800.0,10030.0,9800.0,9910.0,3148,0.0,0.0
2023-10-24 10:00:00+09:00,9910.0,9910.0,9450.0,9630.0,4503,0.0,0.0
2023-10-24 11:00:00+09:00,9730.0,9830.0,9690.0,9800.0,944,0.0,0.0
2023-10-24 12:00:00+09:00,9800.0,9820.0,9740.0,9780.0,728,0.0,0.0
2023-10-24 13:00:00+09:00,9790.0,10040.0,9790.0,10040.0,5270,0.0,0.0
2023-10-24 14:00:00+09:00,10030.0,10180.0,9990.0,10120.0,4713,0.0,0.0
2023-10-25 09:00:00+09:00,10210.0,10480.0,10200.0,10350.0,8955,0.0,0.0
2023-10-25 10:00:00+09:00,10360.0,10400.0,10320.0,10390.0,375,0.0,0.0
2023-10-25 11:00:00+09:00,10380.0,10390.0,10330.0,10330.0,228,0.0,0.0
2023-10-25 12:00:00+09:00,10360.0,10400.0,10310.0,10350.0,1081,0.0,0.0
2023-10-25 13:00:00+09:00,10290.0,10340.0,10100.0,10280.0,1192,0.0,0.0
2023-10-25 14:00:00+09:00,10220.0,10290.0,10150.0,10190.0,235,0.0,0.0
2023-10-26 09:00:00+09:00,9820.0,10000.0,9620.0,9620.0,5669,0.0,0.0
2023-10-26 10:00:00+09:00,9630.0,9740.0,9610.0,9700.0,3980,0.0,0.0
2023-10-26 11:00:00+09:00,9700.0,9730.0,9630.0,9630.0,2606,0.0,0.0
2023-10-26 12:00:00+09:00,9630.0,9650.0,9580.0,9650.0,1327,0.0,0.0
2023-10-26 13:00:00+09:00,9650.0,9650.0,9540.0,9610.0,2927,0.0,0.0
2023-10-26 14:00:00+09:00,9610.0,9620.0,9490.0,9610.0,4677,0.0,0.0
2023-10-27 09:00:00+09:00,9480.0,9770.0,9480.0,9710.0,4225,0.0,0.0
2023-10-27 10:00:00+09:00,9650.0,9830.0,9610.0,9770.0,3911,0.0,0.0
2023-10-27 11:00:00+09:00,9770.0,9800.0,9740.0,9750.0,321,0.0,0.0
2023-10-27 12:00:00+09:00,9750.0,9750.0,9650.0,9750.0,521,0.0,0.0
2023-10-27 13:00:00+09:00,9660.0,9690.0,9500.0,9680.0,450,0.0,0.0
2023-10-27 14:00:00+09:00,9620.0,9690.0,9520.0,9520.0,607,0.0,0.0
2023-10-30 09:00:00+09:00,9520.0,9690.0,9430.0,9520.0,0,0.0,0.0
2023-10-30 10:00:00+09:00,9620.0,9620.0,9500.0,9520.0,2011,0.0,0.0
2023-10-30 11:00:00+09:00,9540.0,9590.0,9510.0,9550.0,2375,0.0,0.0
2023-10-30 12:00:00+09:00,9550.0,9600.0,9510.0,9520.0,1229,0.0,0.0
2023-10-30 13:00:00+09:00,9530.0,9590.0,9510.0,9520.0,1684,0.0,0.0
2023-10-30 14:00:00+09:00,9560.0,9590.0,9510.0,9560.0,4752,0.0,0.0
2023-10-31 09:00:00+09:00,9540.0,10050.0,9540.0,9680.0,6347,0.0,0.0
2023-10-31 10:00:00+09:00,9680.0,9750.0,9590.0,9600.0,1950,0.0,0.0
2023-10-31 11:00:00+09:00,9610.0,9720.0,9500.0,9500.0,1307,0.0,0.0
2023-10-31 12:00:00+09:00,9520.0,9560.0,9500.0,9520.0,36,0.0,0.0
2023-10-31 13:00:00+09:00,9550.0,9550.0,9480.0,9490.0,941,0.0,0.0
2023-10-31 14:00:00+09:00,9490.0,9610.0,9450.0,9590.0,2943,0.0,0.0
2023-11-01 09:00:00+09:00,9530.0,9740.0,9530.0,9540.0,5914,0.0,0.0
2023-11-01 10:00:00+09:00,9530.0,10920.0,9510.0,9650.0,223804,0.0,0.0
2023-11-01 11:00:00+09:00,9650.0,9710.0,9630.0,9680.0,9141,0.0,0.0
2023-11-01 12:00:00+09:00,9680.0,9830.0,9680.0,9830.0,3874,0.0,0.0
2023-11-01 13:00:00+09:00,9830.0,9860.0,9730.0,9780.0,3809,0.0,0.0
2023-11-01 14:00:00+09:00,9830.0,9880.0,9770.0,9800.0,6956,0.0,0.0
2023-11-02 09:00:00+09:00,9890.0,10330.0,9850.0,10330.0,25062,0.0,0.0
2023-11-02 10:00:00+09:00,10340.0,10380.0,10220.0,10270.0,5004,0.0,0.0
2023-11-02 11:00:00+09:00,10270.0,10300.0,10220.0,10260.0,0,0.0,0.0
2023-11-02 12:00:00+09:00,10280.0,10300.0,10240.0,10290.0,32555,0.0,0.0
2023-11-02 13:00:00+09:00,10260.0,10290.0,10240.0,10270.0,2947,0.0,0.0
2023-11-02 14:00:00+09:00,10270.0,10300.0,10250.0,10290.0,529,0.0,0.0
2023-11-03 09:00:00+09:00,10450.0,10450.0,10120.0,10160.0,2230,0.0,0.0
2023-11-03 10:00:00+09:00,10160.0,10250.0,10150.0,10240.0,672,0.0,0.0
2023-11-03 11:00:00+09:00,10260.0,10360.0,10260.0,10300.0,1423,0.0,0.0
2023-11-03 12:00:00+09:00,10330.0,10410.0,10300.0,10300.0,2708,0.0,0.0
2023-11-03 13:00:00+09:00,10300.0,10300.0,10240.0,10300.0,3147,0.0,0.0
2023-11-03 14:00:00+09:00,10310.0,10310.0,10240.0,10300.0,879,0.0,0.0
2023-11-06 09:00:00+09:00,10430.0,10430.0,10240.0,10360.0,0,0.0,0.0
2023-11-06 10:00:00+09:00,10360.0,10360.0,10260.0,10290.0,2311,0.0,0.0
2023-11-06 11:00:00+09:00,10320.0,10390.0,10240.0,10300.0,6355,0.0,0.0
2023-11-06 12:00:00+09:00,10310.0,10380.0,10260.0,10270.0,1083,0.0,0.0
2023-11-06 13:00:00+09:00,10330.0,10370.0,10300.0,10370.0,1704,0.0,0.0
2023-11-06 14:00:00+09:00,10350.0,10460.0,10350.0,10460.0,2868,0.0,0.0
2023-11-07 09:00:00+09:00,10560.0,10560.0,10050.0,10340.0,3553,0.0,0.0
2023-11-07 10:00:00+09:00,10340.0,10340.0,10220.0,10230.0,951,0.0,0.0
2023-11-07 11:00:00+09:00,10280.0,10280.0,10150.0,10210.0,3620,0.0,0.0
2023-11-07 12:00:00+09:00,10190.0,10190.0,9960.0,10110.0,5484,0.0,0.0
2023-11-07 13:00:00+09:00,10120.0,10170.0,10090.0,10150.0,937,0.0,0.0
2023-11-07 14:00:00+09:00,10150.0,10170.0,10080.0,10140.0,764,0.0,0.0
2023-11-08 09:00:00+09:00,10110.0,11550.0,10110.0,10550.0,213396,0.0,0.0
2023-11-08 10:00:00+09:00,10550.0,11200.0,10450.0,10740.0,43889,0.0,0.0
2023-11-08 11:00:00+09:00,10750.0,11250.0,10690.0,11250.0,30900,0.0,0.0
2023-11-08 12:00:00+09:00,11250.0,11260.0,10930.0,11100.0,26554,0.0,0.0
2023-11-08 13:00:00+09:00,11100.0,11180.0,10850.0,10870.0,12228,0.0,0.0
2023-11-08 14:00:00+09:00,10870.0,10990.0,10600.0,10880.0,18743,0.0,0.0
2023-11-09 09:00:00+09:00,10850.0,11150.0,10620.0,10830.0,14741,0.0,0.0
2023-11-09 10:00:00+09:00,10810.0,10930.0,10740.0,10900.0,2355,0.0,0.0
2023-11-09 11:00:00+09:00,10840.0,10880.0,10760.0,10880.0,3737,0.0,0.0
2023-11-09 12:00:00+09:00,10880.0,11100.0,10850.0,11010.0,9399,0.0,0.0
2023-11-09 13:00:00+09:00,11010.0,11040.0,10830.0,10830.0,3042,0.0,0.0
2023-11-09 14:00:00+09:00,10850.0,10970.0,10790.0,10900.0,4921,0.0,0.0
2023-11-10 09:00:00+09:00,10830.0,10830.0,10490.0,10560.0,7333,0.0,0.0
2023-11-10 10:00:00+09:00,10560.0,10690.0,10500.0,10580.0,3992,0.0,0.0
2023-11-10 11:00:00+09:00,10580.0,10580.0,10440.0,10440.0,2371,0.0,0.0
2023-11-10 12:00:00+09:00,10430.0,10470.0,10360.0,10440.0,3221,0.0,0.0
2023-11-10 13:00:00+09:00,10420.0,10570.0,10420.0,10550.0,1071,0.0,0.0
2023-11-10 14:00:00+09:00,10500.0,10540.0,10460.0,10540.0,3064,0.0,0.0
2023-11-13 09:00:00+09:00,10420.0,10650.0,10270.0,10450.0,0,0.0,0.0
2023-11-13 10:00:00+09:00,10450.0,10450.0,10280.0,10310.0,2872,0.0,0.0
2023-11-13 11:00:00+09:00,10310.0,10310.0,10200.0,10210.0,5231,0.0,0.0
2023-11-13 12:00:00+09:00,10210.0,10250.0,10110.0,10170.0,5372,0.0,0.0
2023-11-13 13:00:00+09:00,10170.0,10170.0,10060.0,10060.0,9151,0.0,0.0
2023-11-13 14:00:00+09:00,10070.0,10160.0,10000.0,10030.0,4582,0.0,0.0
2023-11-14 09:00:00+09:00,10000.0,10360.0,10000.0,10220.0,10813,0.0,0.0
2023-11-14 10:00:00+09:00,10210.0,10340.0,10170.0,10200.0,3207,0.0,0.0
2023-11-14 11:00:00+09:00,10210.0,10280.0,10160.0,10180.0,2111,0.0,0.0
2023-11-14 12:00:00+09:00,10180.0,10200.0,10140.0,10190.0,3073,0.0,0.0
2023-11-14 13:00:00+09:00,10190.0,10190.0,10120.0,10120.0,3541,0.0,0.0
2023-11-14 14:00:00+09:00,10120.0,10150.0,10040.0,10140.0,8961,0.0,0.0
2023-11-15 09:00:00+09:00,10250.0,10590.0,10250.0,10380.0,13414,0.0,0.0
2023-11-15 10:00:00+09:00,10380.0,10390.0,10340.0,10380.0,1553,0.0,0.0
2023-11-15 11:00:00+09:00,10380.0,10390.0,10300.0,10340.0,2789,0.0,0.0
2023-11-15 12:00:00+09:00,10330.0,10370.0,10250.0,10290.0,3050,0.0,0.0
2023-11-15 13:00:00+09:00,10290.0,10350.0,10150.0,10250.0,4204,0.0,0.0
2023-11-15 14:00:00+09:00,10250.0,10360.0,10250.0,10310.0,1847,0.0,0.0
2023-11-16 10:00:00+09:00,10300.0,10900.0,10300.0,10750.0,16123,0.0,0.0
2023-11-16 11:00:00+09:00,10710.0,10900.0,10670.0,10830.0,8272,0.0,0.0
2023-11-16 12:00:00+09:00,10860.0,11200.0,10830.0,11140.0,25576,0.0,0.0
2023-11-16 13:00:00+09:00,11130.0,11500.0,11090.0,11170.0,36758,0.0,0.0
2023-11-16 14:00:00+09:00,11170.0,11320.0,11170.0,11200.0,11417,0.0,0.0
2023-11-17 09:00:00+09:00,11210.0,11380.0,10930.0,11070.0,18480,0.0,0.0
2023-11-17 10:00:00+09:00,11070.0,11100.0,10980.0,11070.0,3124,0.0,0.0
2023-11-17 11:00:00+09:00,11060.0,11300.0,11000.0,11120.0,1820,0.0,0.0
2023-11-17 12:00:00+09:00,11120.0,11130.0,10930.0,10950.0,4726,0.0,0.0
2023-11-17 13:00:00+09:00,10950.0,11040.0,10920.0,10940.0,3894,0.0,0.0
2023-11-17 14:00:00+09:00,10940.0,10990.0,10770.0,10880.0,12304,0.0,0.0
2023-11-20 09:00:00+09:00,10800.0,11250.0,10790.0,11000.0,0,0.0,0.0
2023-11-20 10:00:00+09:00,11000.0,11120.0,11000.0,11080.0,2497,0.0,0.0
2023-11-20 11:00:00+09:00,11110.0,11130.0,11080.0,11130.0,1379,0.0,0.0
2023-11-20 12:00:00+09:00,11130.0,11140.0,10950.0,10980.0,4254,0.0,0.0
2023-11-20 13:00:00+09:00,11060.0,11060.0,10950.0,11040.0,3443,0.0,0.0
2023-11-20 14:00:00+09:00,11000.0,11010.0,10930.0,10960.0,2393,0.0,0.0
2023-11-21 09:00:00+09:00,10990.0,11170.0,10990.0,11170.0,8624,0.0,0.0
2023-11-21 10:00:00+09:00,11170.0,11350.0,11140.0,11230.0,8944,0.0,0.0
2023-11-21 11:00:00+09:00,11220.0,11280.0,11160.0,11180.0,5446,0.0,0.0
2023-11-21 12:00:00+09:00,11170.0,11250.0,11170.0,11250.0,3515,0.0,0.0
2023-11-21 13:00:00+09:00,11250.0,11350.0,11190.0,11330.0,5554,0.0,0.0
2023-11-21 14:00:00+09:00,11320.0,11320.0,11220.0,11250.0,4661,0.0,0.0
2023-11-22 09:00:00+09:00,11400.0,11400.0,11100.0,11190.0,8943,0.0,0.0
2023-11-22 10:00:00+09:00,11190.0,11230.0,11100.0,11170.0,2661,0.0,0.0
2023-11-22 11:00:00+09:00,11160.0,11250.0,11110.0,11240.0,1288,0.0,0.0
2023-11-22 12:00:00+09:00,11170.0,11220.0,11100.0,11100.0,3477,0.0,0.0
2023-11-22 13:00:00+09:00,11110.0,11110.0,11000.0,11090.0,5727,0.0,0.0
2023-11-22 14:00:00+09:00,11090.0,11140.0,11010.0,11060.0,2595,0.0,0.0
2023-11-23 09:00:00+09:00,11220.0,11220.0,11100.0,11140.0,3942,0.0,0.0
2023-11-23 10:00:00+09:00,11150.0,11320.0,11140.0,11310.0,5190,0.0,0.0
2023-11-23 11:00:00+09:00,11310.0,11400.0,11300.0,11370.0,5195,0.0,0.0
2023-11-23 12:00:00+09:00,11360.0,11480.0,11340.0,11470.0,7058,0.0,0.0
2023-11-23 13:00:00+09:00,11470.0,11480.0,11350.0,11380.0,4668,0.0,0.0
2023-11-23 14:00:00+09:00,11380.0,11470.0,11380.0,11410.0,4162,0.0,0.0
2023-11-24 09:00:00+09:00,11300.0,11580.0,11300.0,11490.0,15007,0.0,0.0
2023-11-24 10:00:00+09:00,11460.0,11540.0,11410.0,11470.0,3046,0.0,0.0
2023-11-24 11:00:00+09:00,11470.0,11510.0,11470.0,11480.0,519,0.0,0.0
2023-11-24 12:00:00+09:00,11470.0,11480.0,11410.0,11420.0,1600,0.0,0.0
2023-11-24 13:00:00+09:00,11420.0,11440.0,11360.0,11360.0,4390,0.0,0.0
2023-11-24 14:00:00+09:00,11350.0,11350.0,11210.0,11330.0,5896,0.0,0.0
2023-11-27 09:00:00+09:00,11180.0,11440.0,11180.0,11260.0,0,0.0,0.0
2023-11-27 10:00:00+09:00,11260.0,11290.0,11100.0,11260.0,12912,0.0,0.0
2023-11-27 11:00:00+09:00,11260.0,11260.0,11130.0,11190.0,2974,0.0,0.0
2023-11-27 12:00:00+09:00,11190.0,11190.0,11100.0,11120.0,3666,0.0,0.0
2023-11-27 13:00:00+09:00,11120.0,11190.0,11110.0,11130.0,3058,0.0,0.0
2023-11-27 14:00:00+09:00,11120.0,11130.0,11040.0,11040.0,6320,0.0,0.0
2023-11-28 09:00:00+09:00,11150.0,11150.0,10870.0,10890.0,8264,0.0,0.0
2023-11-28 10:00:00+09:00,10880.0,10900.0,10820.0,10830.0,2503,0.0,0.0
2023-11-28 11:00:00+09:00,10830.0,10870.0,10800.0,10820.0,3374,0.0,0.0
2023-11-28 12:00:00+09:00,10810.0,10830.0,10800.0,10820.0,2307,0.0,0.0
2023-11-28 13:00:00+09:00,10820.0,10870.0,10820.0,10870.0,266,0.0,0.0
2023-11-28 14:00:00+09:00,10840.0,10840.0,10790.0,10820.0,5414,0.0,0.0
2023-11-29 09:00:00+09:00,10830.0,10900.0,10650.0,10720.0,6242,0.0,0.0
2023-11-29 10:00:00+09:00,10800.0,10880.0,10750.0,10770.0,1296,0.0,0.0
2023-11-29 11:00:00+09:00,10760.0,10770.0,10650.0,10700.0,3949,0.0,0.0
2023-11-29 12:00:00+09:00,10700.0,10740.0,10630.0,10640.0,3957,0.0,0.0
2023-11-29 13:00:00+09:00,10640.0,10660.0,10630.0,10630.0,3105,0.0,0.0
2023-11-29 14:00:00+09:00,10630.0,10650.0,10510.0,10530.0,5767,0.0,0.0
2023-11-30 09:00:00+09:00,10510.0,10870.0,10510.0,10840.0,4041,0.0,0.0
2023-11-30 10:00:00+09:00,10840.0,10840.0,10730.0,10750.0,2500,0.0,0.0
2023-11-30 11:00:00+09:00,10750.0,10770.0,10720.0,10730.0,2260,0.0,0.0
2023-11-30 12:00:00+09:00,10750.0,10850.0,10730.0,10850.0,2611,0.0,0.0
2023-11-30 13:00:00+09:00,10850.0,10880.0,10780.0,10780.0,1772,0.0,0.0
2023-11-30 14:00:00+09:00,10820.0,10960.0,10780.0,10960.0,0,0.0,0.0
2023-12-01 09:00:00+09:00,10880.0,11050.0,10870.0,10950.0,4339,0.0,0.0
2023-12-01 10:00:00+09:00,10950.0,11170.0,10950.0,11130.0,6509,0.0,0.0
2023-12-01 11:00:00+09:00,11130.0,11170.0,11030.0,11110.0,2613,0.0,0.0
2023-12-01 12:00:00+09:00,11120.0,11280.0,11120.0,11230.0,5850,0.0,0.0
2023-12-01 13:00:00+09:00,11240.0,11530.0,11230.0,11500.0,16454,0.0,0.0
2023-12-01 14:00:00+09:00,11490.0,11600.0,11470.0,11580.0,15530,0.0,0.0
2023-12-04 09:00:00+09:00,11680.0,11680.0,11000.0,11600.0,0,0.0,0.0
2023-12-04 10:00:00+09:00,11600.0,11600.0,11490.0,11490.0,6565,0.0,0.0
2023-12-04 11:00:00+09:00,11490.0,11520.0,11410.0,11500.0,3860,0.0,0.0
2023-12-04 12:00:00+09:00,11510.0,11550.0,11460.0,11490.0,1290,0.0,0.0
2023-12-04 13:00:00+09:00,11480.0,11480.0,11450.0,11450.0,1529,0.0,0.0
2023-12-04 14:00:00+09:00,11450.0,11510.0,11450.0,11500.0,2716,0.0,0.0
2023-12-05 09:00:00+09:00,11350.0,11580.0,11200.0,11550.0,0,0.0,0.0
2023-12-05 10:00:00+09:00,11540.0,11540.0,11330.0,11340.0,9102,0.0,0.0
2023-12-05 11:00:00+09:00,11390.0,11460.0,11340.0,11350.0,1237,0.0,0.0
2023-12-05 12:00:00+09:00,11400.0,11440.0,11310.0,11400.0,4835,0.0,0.0
2023-12-05 13:00:00+09:00,11400.0,11400.0,11190.0,11260.0,5010,0.0,0.0
2023-12-05 14:00:00+09:00,11280.0,11280.0,10990.0,11070.0,12043,0.0,0.0
2023-12-06 09:00:00+09:00,11160.0,11590.0,11140.0,11300.0,20422,0.0,0.0
2023-12-06 10:00:00+09:00,11290.0,11540.0,11250.0,11460.0,13259,0.0,0.0
2023-12-06 11:00:00+09:00,11450.0,11500.0,11370.0,11400.0,6409,0.0,0.0
2023-12-06 12:00:00+09:00,11400.0,11400.0,11360.0,11380.0,2324,0.0,0.0
2023-12-06 13:00:00+09:00,11370.0,11500.0,11360.0,11430.0,4550,0.0,0.0
2023-12-06 14:00:00+09:00,11440.0,11530.0,11400.0,11460.0,6577,0.0,0.0
2023-12-07 09:00:00+09:00,11480.0,11790.0,11430.0,11430.0,0,0.0,0.0
2023-12-07 10:00:00+09:00,11440.0,11490.0,11320.0,11380.0,29624,0.0,0.0
2023-12-07 11:00:00+09:00,11330.0,11420.0,11320.0,11390.0,3092,0.0,0.0
2023-12-07 12:00:00+09:00,11380.0,11380.0,11300.0,11300.0,2379,0.0,0.0
2023-12-07 13:00:00+09:00,11330.0,11390.0,11330.0,11340.0,1840,0.0,0.0
2023-12-07 14:00:00+09:00,11340.0,11490.0,11340.0,11420.0,2025,0.0,0.0
2023-12-08 09:00:00+09:00,11340.0,11550.0,11010.0,11410.0,14219,0.0,0.0
2023-12-08 10:00:00+09:00,11400.0,11490.0,11360.0,11460.0,3753,0.0,0.0
2023-12-08 11:00:00+09:00,11430.0,11590.0,11380.0,11590.0,6391,0.0,0.0
2023-12-08 12:00:00+09:00,11590.0,11700.0,11380.0,11620.0,10365,0.0,0.0
2023-12-08 13:00:00+09:00,11620.0,11770.0,11620.0,11700.0,9363,0.0,0.0
2023-12-08 14:00:00+09:00,11710.0,11740.0,11600.0,11600.0,9269,0.0,0.0
2023-12-11 09:00:00+09:00,12500.0,14350.0,11810.0,13780.0,983205,0.0,0.0
2023-12-11 10:00:00+09:00,13760.0,13890.0,13310.0,13510.0,577206,0.0,0.0
2023-12-11 11:00:00+09:00,13510.0,13990.0,13450.0,13650.0,210110,0.0,0.0
2023-12-11 12:00:00+09:00,13650.0,14390.0,13630.0,14180.0,457980,0.0,0.0
2023-12-11 13:00:00+09:00,14140.0,14210.0,13320.0,13370.0,344210,0.0,0.0
2023-12-11 14:00:00+09:00,13350.0,13870.0,13240.0,13740.0,217517,0.0,0.0
2023-12-12 09:00:00+09:00,14560.0,15050.0,13500.0,13830.0,598748,0.0,0.0
2023-12-12 10:00:00+09:00,13840.0,14020.0,13680.0,13730.0,112998,0.0,0.0
2023-12-12 11:00:00+09:00,13730.0,13800.0,13570.0,13730.0,51982,0.0,0.0
2023-12-12 12:00:00+09:00,13700.0,13900.0,13630.0,13770.0,38248,0.0,0.0
2023-12-12 13:00:00+09:00,13760.0,13790.0,13580.0,13590.0,32321,0.0,0.0
2023-12-12 14:00:00+09:00,13590.0,13680.0,13580.0,13600.0,21366,0.0,0.0
2023-12-13 09:00:00+09:00,13420.0,13600.0,12880.0,13010.0,156182,0.0,0.0
2023-12-13 10:00:00+09:00,13010.0,13170.0,12930.0,13080.0,29582,0.0,0.0
2023-12-13 11:00:00+09:00,13080.0,13340.0,13080.0,13330.0,21203,0.0,0.0
2023-12-13 12:00:00+09:00,13320.0,13340.0,13210.0,13220.0,11024,0.0,0.0
2023-12-13 13:00:00+09:00,13250.0,13500.0,13160.0,13230.0,44258,0.0,0.0
2023-12-13 14:00:00+09:00,13190.0,13270.0,13050.0,13050.0,28925,0.0,0.0
2023-12-14 09:00:00+09:00,13100.0,13290.0,12550.0,12760.0,158333,0.0,0.0
2023-12-14 10:00:00+09:00,12760.0,12770.0,12580.0,12610.0,27162,0.0,0.0
2023-12-14 11:00:00+09:00,12610.0,12620.0,12450.0,12600.0,32824,0.0,0.0
2023-12-14 12:00:00+09:00,12600.0,12630.0,12460.0,12460.0,9574,0.0,0.0
2023-12-14 13:00:00+09:00,12470.0,12630.0,12470.0,12500.0,9251,0.0,0.0
2023-12-14 14:00:00+09:00,12510.0,12560.0,12410.0,12430.0,20162,0.0,0.0
2023-12-15 09:00:00+09:00,12310.0,12610.0,12220.0,12350.0,43215,0.0,0.0
2023-12-15 10:00:00+09:00,12350.0,12570.0,12270.0,12420.0,12850,0.0,0.0
2023-12-15 11:00:00+09:00,12400.0,12570.0,12350.0,12460.0,11080,0.0,0.0
2023-12-15 12:00:00+09:00,12460.0,12460.0,12340.0,12360.0,7350,0.0,0.0
2023-12-15 13:00:00+09:00,12360.0,12390.0,12310.0,12310.0,6481,0.0,0.0
2023-12-15 14:00:00+09:00,12360.0,12530.0,12320.0,12430.0,11920,0.0,0.0
2023-12-18 09:00:00+09:00,12230.0,12750.0,12230.0,12530.0,0,0.0,0.0
2023-12-18 10:00:00+09:00,12500.0,12650.0,12490.0,12500.0,14924,0.0,0.0
2023-12-18 11:00:00+09:00,12500.0,12550.0,12420.0,12500.0,12122,0.0,0.0
2023-12-18 12:00:00+09:00,12500.0,12590.0,12460.0,12560.0,13237,0.0,0.0
2023-12-18 13:00:00+09:00,12560.0,12570.0,12450.0,12510.0,7729,0.0,0.0
2023-12-18 14:00:00+09:00,12530.0,12570.0,12470.0,12530.0,13542,0.0,0.0
2023-12-19 09:00:00+09:00,12450.0,12530.0,12230.0,12380.0,27137,0.0,0.0
2023-12-19 10:00:00+09:00,12320.0,12390.0,12260.0,12300.0,10103,0.0,0.0
2023-12-19 11:00:00+09:00,12320.0,12320.0,12150.0,12190.0,14573,0.0,0.0
2023-12-19 12:00:00+09:00,12210.0,12300.0,12070.0,12190.0,11917,0.0,0.0
2023-12-19 13:00:00+09:00,12150.0,12280.0,12120.0,12180.0,7704,0.0,0.0
2023-12-19 14:00:00+09:00,12180.0,12280.0,12090.0,12100.0,23386,0.0,0.0
2023-12-20 09:00:00+09:00,12150.0,12300.0,12020.0,12150.0,27715,0.0,0.0
2023-12-20 10:00:00+09:00,12220.0,12250.0,12150.0,12230.0,5790,0.0,0.0
2023-12-20 11:00:00+09:00,12230.0,12240.0,12170.0,12230.0,3483,0.0,0.0
2023-12-20 12:00:00+09:00,12230.0,12230.0,12060.0,12100.0,8224,0.0,0.0
2023-12-20 13:00:00+09:00,12100.0,12240.0,12060.0,12230.0,10175,0.0,0.0
2023-12-20 14:00:00+09:00,12220.0,12220.0,12020.0,12100.0,29649,0.0,0.0
2023-12-21 09:00:00+09:00,12000.0,12180.0,11950.0,12030.0,16422,0.0,0.0
2023-12-21 10:00:00+09:00,12030.0,12030.0,11820.0,11890.0,22183,0.0,0.0
2023-12-21 11:00:00+09:00,11840.0,11980.0,11830.0,11940.0,9939,0.0,0.0
2023-12-21 12:00:00+09:00,11940.0,12030.0,11860.0,12000.0,5999,0.0,0.0
2023-12-21 13:00:00+09:00,12000.0,12000.0,11910.0,11970.0,3277,0.0,0.0
2023-12-21 14:00:00+09:00,11970.0,11980.0,11850.0,11860.0,16730,0.0,0.0
2023-12-22 09:00:00+09:00,11900.0,11900.0,11630.0,11730.0,34316,0.0,0.0
2023-12-22 10:00:00+09:00,11720.0,12050.0,11710.0,11870.0,13580,0.0,0.0
2023-12-22 11:00:00+09:00,11910.0,11910.0,11840.0,11900.0,2372,0.0,0.0
2023-12-22 12:00:00+09:00,11900.0,11910.0,11850.0,11900.0,3217,0.0,0.0
2023-12-22 13:00:00+09:00,11900.0,11920.0,11820.0,11880.0,5239,0.0,0.0
2023-12-22 14:00:00+09:00,11880.0,11900.0,11700.0,11810.0,11934,0.0,0.0
2023-12-26 09:00:00+09:00,11600.0,11600.0,11300.0,11350.0,0,0.0,0.0
2023-12-26 10:00:00+09:00,11350.0,11430.0,11280.0,11320.0,11885,0.0,0.0
2023-12-26 11:00:00+09:00,11350.0,11370.0,11300.0,11300.0,5862,0.0,0.0
2023-12-26 12:00:00+09:00,11300.0,11330.0,11270.0,11330.0,4639,0.0,0.0
2023-12-26 13:00:00+09:00,11330.0,11330.0,11200.0,11270.0,11876,0.0,0.0
2023-12-26 14:00:00+09:00,11270.0,11310.0,11160.0,11180.0,11676,0.0,0.0
2023-12-27 09:00:00+09:00,11090.0,11330.0,11090.0,11310.0,12161,0.0,0.0
2023-12-27 10:00:00+09:00,11310.0,11310.0,11120.0,11260.0,6635,0.0,0.0
2023-12-27 11:00:00+09:00,11230.0,11270.0,11170.0,11220.0,1374,0.0,0.0
2023-12-27 12:00:00+09:00,11220.0,11270.0,11190.0,11200.0,3873,0.0,0.0
2023-12-27 13:00:00+09:00,11200.0,11260.0,11200.0,11220.0,1987,0.0,0.0
2023-12-27 14:00:00+09:00,11230.0,11230.0,11160.0,11170.0,3783,0.0,0.0
2023-12-28 09:00:00+09:00,11200.0,11320.0,11160.0,11300.0,5657,0.0,0.0
2023-12-28 10:00:00+09:00,11290.0,11300.0,11150.0,11300.0,27232,0.0,0.0
2023-12-28 11:00:00+09:00,11270.0,11300.0,11250.0,11290.0,2264,0.0,0.0
2023-12-28 12:00:00+09:00,11280.0,11300.0,11270.0,11300.0,1234,0.0,0.0
2023-12-28 13:00:00+09:00,11290.0,11310.0,11270.0,11300.0,5033,0.0,0.0
2023-12-28 14:00:00+09:00,11310.0,11350.0,11260.0,11300.0,6256,0.0,0.0
2024-01-02 10:00:00+09:00,11680.0,11780.0,11400.0,11530.0,69057,0.0,0.0
2024-01-02 11:00:00+09:00,11540.0,11690.0,11500.0,11600.0,8838,0.0,0.0
2024-01-02 12:00:00+09:00,11600.0,11610.0,11500.0,11510.0,9547,0.0,0.0
2024-01-02 13:00:00+09:00,11510.0,11520.0,11440.0,11480.0,8549,0.0,0.0
2024-01-02 14:00:00+09:00,11490.0,11510.0,11420.0,11490.0,7055,0.0,0.0
2024-01-03 09:00:00+09:00,11380.0,11720.0,11360.0,11660.0,37308,0.0,0.0
2024-01-03 10:00:00+09:00,11680.0,11740.0,11660.0,11690.0,16242,0.0,0.0
2024-01-03 11:00:00+09:00,11690.0,11730.0,11630.0,11640.0,10569,0.0,0.0
2024-01-03 12:00:00+09:00,11640.0,11650.0,11520.0,11520.0,11839,0.0,0.0
2024-01-03 13:00:00+09:00,11520.0,11590.0,11500.0,11520.0,2872,0.0,0.0
2024-01-03 14:00:00+09:00,11520.0,11610.0,11510.0,11530.0,4763,0.0,0.0
2024-01-04 09:00:00+09:00,11490.0,11490.0,11180.0,11200.0,17694,0.0,0.0
2024-01-04 10:00:00+09:00,11200.0,11270.0,11150.0,11160.0,11588,0.0,0.0
2024-01-04 11:00:00+09:00,11160.0,11200.0,11080.0,11120.0,16183,0.0,0.0
2024-01-04 12:00:00+09:00,11110.0,11190.0,10590.0,11050.0,30070,0.0,0.0
2024-01-04 13:00:00+09:00,11040.0,11090.0,10910.0,10980.0,7249,0.0,0.0
2024-01-04 14:00:00+09:00,10980.0,11000.0,10870.0,10870.0,8181,0.0,0.0
2024-01-05 09:00:00+09:00,10900.0,10990.0,10870.0,10980.0,4705,0.0,0.0
2024-01-05 10:00:00+09:00,10980.0,11110.0,10960.0,11050.0,5560,0.0,0.0
2024-01-05 11:00:00+09:00,11040.0,11080.0,10970.0,10980.0,2939,0.0,0.0
2024-01-05 12:00:00+09:00,10970.0,11020.0,10920.0,10920.0,2957,0.0,0.0
2024-01-05 13:00:00+09:00,10920.0,10950.0,10740.0,10740.0,6516,0.0,0.0
2024-01-05 14:00:00+09:00,10740.0,10780.0,10690.0,10720.0,7035,0.0,0.0
2024-01-08 09:00:00+09:00,10870.0,11010.0,10750.0,10860.0,0,0.0,0.0
2024-01-08 10:00:00+09:00,10940.0,11050.0,10820.0,10850.0,30205,0.0,0.0
2024-01-08 11:00:00+09:00,10930.0,11000.0,10850.0,10930.0,10889,0.0,0.0
2024-01-08 12:00:00+09:00,10900.0,10900.0,10840.0,10880.0,3054,0.0,0.0
2024-01-08 13:00:00+09:00,10880.0,10950.0,10840.0,10900.0,4421,0.0,0.0
2024-01-08 14:00:00+09:00,10890.0,10890.0,10830.0,10860.0,2222,0.0,0.0
2024-01-09 09:00:00+09:00,10840.0,10960.0,10810.0,10960.0,10520,0.0,0.0
2024-01-09 10:00:00+09:00,10970.0,11080.0,10930.0,11060.0,5124,0.0,0.0
2024-01-09 11:00:00+09:00,11060.0,11110.0,11040.0,11090.0,5748,0.0,0.0
2024-01-09 12:00:00+09:00,11090.0,11090.0,10980.0,11020.0,21988,0.0,0.0
2024-01-09 13:00:00+09:00,11020.0,11020.0,10940.0,10990.0,3117,0.0,0.0
2024-01-09 14:00:00+09:00,10990.0,11050.0,10970.0,11030.0,7370,0.0,0.0
2024-01-10 09:00:00+09:00,11100.0,11120.0,10740.0,10750.0,14939,0.0,0.0
2024-01-10 10:00:00+09:00,10750.0,10850.0,10740.0,10780.0,6872,0.0,0.0
2024-01-10 11:00:00+09:00,10780.0,10840.0,10770.0,10790.0,1088,0.0,0.0
2024-01-10 12:00:00+09:00,10810.0,10840.0,10730.0,10740.0,4054,0.0,0.0
2024-01-10 13:00:00+09:00,10740.0,10790.0,10700.0,10790.0,6404,0.0,0.0
2024-01-10 14:00:00+09:00,10780.0,10790.0,10710.0,10760.0,5144,0.0,0.0
2024-01-11 09:00:00+09:00,10710.0,10810.0,10610.0,10740.0,5797,0.0,0.0
2024-01-11 10:00:00+09:00,10740.0,10820.0,10700.0,10770.0,9615,0.0,0.0
2024-01-11 11:00:00+09:00,10790.0,10810.0,10780.0,10780.0,1270,0.0,0.0
2024-01-11 12:00:00+09:00,10790.0,10790.0,10740.0,10740.0,2321,0.0,0.0
2024-01-11 13:00:00+09:00,10740.0,10750.0,10610.0,10620.0,3810,0.0,0.0
2024-01-11 14:00:00+09:00,10620.0,10700.0,10610.0,10650.0,1153,0.0,0.0
2024-01-12 09:00:00+09:00,10600.0,10750.0,10280.0,10280.0,26480,0.0,0.0
2024-01-12 10:00:00+09:00,10280.0,10440.0,10240.0,10440.0,4121,0.0,0.0
2024-01-12 11:00:00+09:00,10440.0,10590.0,10380.0,10580.0,6366,0.0,0.0
2024-01-12 12:00:00+09:00,10590.0,10590.0,10420.0,10500.0,5473,0.0,0.0
2024-01-12 13:00:00+09:00,10520.0,10540.0,10390.0,10520.0,2778,0.0,0.0
2024-01-12 14:00:00+09:00,10510.0,10520.0,10400.0,10400.0,4696,0.0,0.0
2024-01-15 09:00:00+09:00,10700.0,10700.0,10430.0,10590.0,0,0.0,0.0
2024-01-15 10:00:00+09:00,10600.0,10600.0,10460.0,10500.0,4041,0.0,0.0
2024-01-15 11:00:00+09:00,10470.0,10480.0,10400.0,10450.0,2373,0.0,0.0
2024-01-15 12:00:00+09:00,10450.0,10450.0,10110.0,10140.0,13647,0.0,0.0
2024-01-15 13:00:00+09:00,10140.0,10340.0,10140.0,10230.0,6515,0.0,0.0
2024-01-15 14:00:00+09:00,10240.0,10250.0,10120.0,10220.0,5844,0.0,0.0
2024-01-16 09:00:00+09:00,10240.0,10420.0,10150.0,10150.0,6874,0.0,0.0
2024-01-16 10:00:00+09:00,10150.0,10230.0,10110.0,10150.0,3830,0.0,0.0
2024-01-16 11:00:00+09:00,10150.0,10240.0,10150.0,10170.0,2430,0.0,0.0
2024-01-16 12:00:00+09:00,10170.0,10180.0,10090.0,10160.0,6615,0.0,0.0
2024-01-16 13:00:00+09:00,10170.0,10180.0,10090.0,10120.0,2158,0.0,0.0
2024-01-16 14:00:00+09:00,10130.0,10190.0,10050.0,10130.0,4520,0.0,0.0
2024-01-17 09:00:00+09:00,10130.0,10160.0,9880.0,9920.0,11590,0.0,0.0
2024-01-17 10:00:00+09:00,9940.0,9940.0,9820.0,9820.0,10588,0.0,0.0
2024-01-17 11:00:00+09:00,9810.0,9900.0,9670.0,9720.0,20205,0.0,0.0
2024-01-17 12:00:00+09:00,9720.0,9880.0,9710.0,9810.0,3027,0.0,0.0
2024-01-17 13:00:00+09:00,9800.0,9880.0,9770.0,9800.0,4328,0.0,0.0
2024-01-17 14:00:00+09:00,9800.0,9830.0,9750.0,9760.0,5765,0.0,0.0
2024-01-18 09:00:00+09:00,9750.0,9900.0,9700.0,9880.0,3773,0.0,0.0
2024-01-18 10:00:00+09:00,9900.0,9940.0,9720.0,9800.0,5535,0.0,0.0
2024-01-18 11:00:00+09:00,9800.0,9850.0,9750.0,9770.0,747,0.0,0.0
2024-01-18 12:00:00+09:00,9770.0,9820.0,9720.0,9780.0,2174,0.0,0.0
2024-01-18 13:00:00+09:00,9790.0,9810.0,9640.0,9730.0,5216,0.0,0.0
2024-01-18 14:00:00+09:00,9720.0,9780.0,9690.0,9770.0,2518,0.0,0.0
2024-01-19 09:00:00+09:00,9800.0,10180.0,9800.0,10000.0,14844,0.0,0.0
2024-01-19 10:00:00+09:00,10070.0,10120.0,9990.0,9990.0,4901,0.0,0.0
2024-01-19 11:00:00+09:00,9990.0,10050.0,9960.0,9960.0,2605,0.0,0.0
2024-01-19 12:00:00+09:00,10000.0,10000.0,9880.0,9880.0,3883,0.0,0.0
2024-01-19 13:00:00+09:00,9900.0,9910.0,9830.0,9850.0,2168,0.0,0.0
2024-01-19 14:00:00+09:00,9850.0,9900.0,9800.0,9900.0,1371,0.0,0.0
2024-01-22 09:00:00+09:00,9850.0,9950.0,9340.0,9910.0,0,0.0,0.0
2024-01-22 10:00:00+09:00,9860.0,10100.0,9860.0,9960.0,4959,0.0,0.0
2024-01-22 11:00:00+09:00,9960.0,10010.0,9930.0,9950.0,1039,0.0,0.0
2024-01-22 12:00:00+09:00,9950.0,10000.0,9950.0,9990.0,797,0.0,0.0
2024-01-22 13:00:00+09:00,9990.0,10060.0,9970.0,10040.0,2622,0.0,0.0
2024-01-22 14:00:00+09:00,10030.0,10060.0,9970.0,9980.0,2189,0.0,0.0
2024-01-23 09:00:00+09:00,9900.0,10130.0,9900.0,10130.0,2985,0.0,0.0
2024-01-23 10:00:00+09:00,10110.0,10200.0,10080.0,10170.0,4305,0.0,0.0
2024-01-23 11:00:00+09:00,10170.0,10200.0,10120.0,10160.0,2554,0.0,0.0
2024-01-23 12:00:00+09:00,10160.0,10160.0,10080.0,10130.0,2260,0.0,0.0
2024-01-23 13:00:00+09:00,10110.0,10110.0,10010.0,10010.0,6378,0.0,0.0
2024-01-23 14:00:00+09:00,10010.0,10090.0,10000.0,10050.0,1772,0.0,0.0
2024-01-24 09:00:00+09:00,10510.0,11400.0,10240.0,11080.0,355146,0.0,0.0
2024-01-24 10:00:00+09:00,11050.0,11220.0,10500.0,10640.0,92584,0.0,0.0
2024-01-24 11:00:00+09:00,10640.0,10690.0,10450.0,10530.0,22769,0.0,0.0
2024-01-24 12:00:00+09:00,10520.0,10540.0,10380.0,10400.0,13888,0.0,0.0
2024-01-24 13:00:00+09:00,10400.0,10530.0,10350.0,10460.0,11072,0.0,0.0
2024-01-24 14:00:00+09:00,10460.0,10510.0,10430.0,10440.0,8097,0.0,0.0
2024-01-25 09:00:00+09:00,10490.0,10500.0,10170.0,10250.0,14897,0.0,0.0
2024-01-25 10:00:00+09:00,10260.0,10390.0,10260.0,10280.0,7744,0.0,0.0
2024-01-25 11:00:00+09:00,10280.0,10360.0,10260.0,10280.0,2274,0.0,0.0
2024-01-25 12:00:00+09:00,10340.0,10390.0,10290.0,10390.0,8502,0.0,0.0
2024-01-25 13:00:00+09:00,10380.0,10440.0,10300.0,10420.0,6402,0.0,0.0
2024-01-25 14:00:00+09:00,10420.0,10420.0,10350.0,10390.0,1878,0.0,0.0
2024-01-26 09:00:00+09:00,10400.0,10450.0,10200.0,10260.0,8600,0.0,0.0
2024-01-26 10:00:00+09:00,10290.0,10430.0,10260.0,10350.0,2454,0.0,0.0
2024-01-26 11:00:00+09:00,10420.0,10500.0,10390.0,10420.0,6011,0.0,0.0
2024-01-26 12:00:00+09:00,10450.0,10450.0,10400.0,10450.0,1080,0.0,0.0
2024-01-26 13:00:00+09:00,10440.0,10490.0,10380.0,10380.0,2282,0.0,0.0
2024-01-26 14:00:00+09:00,10370.0,10480.0,10330.0,10350.0,3885,0.0,0.0
2024-01-29 09:00:00+09:00,10200.0,10400.0,9970.0,9980.0,0,0.0,0.0
2024-01-29 10:00:00+09:00,10010.0,10070.0,9970.0,10000.0,4782,0.0,0.0
2024-01-29 11:00:00+09:00,10000.0,10050.0,9980.0,10010.0,2463,0.0,0.0
2024-01-29 12:00:00+09:00,10010.0,10050.0,9990.0,10000.0,1843,0.0,0.0
2024-01-29 13:00:00+09:00,10000.0,10130.0,9990.0,10130.0,0,0.0,0.0
2024-01-29 14:00:00+09:00,10100.0,10100.0,9980.0,9980.0,36383,0.0,0.0
2024-01-30 09:00:00+09:00,9930.0,10300.0,9930.0,10070.0,6822,0.0,0.0
2024-01-30 10:00:00+09:00,10070.0,10090.0,9990.0,10000.0,7572,0.0,0.0
2024-01-30 11:00:00+09:00,9980.0,9980.0,9810.0,9830.0,6712,0.0,0.0
2024-01-30 12:00:00+09:00,9820.0,9890.0,9770.0,9840.0,6087,0.0,0.0
2024-01-30 13:00:00+09:00,9840.0,9840.0,9750.0,9790.0,4408,0.0,0.0
2024-01-30 14:00:00+09:00,9800.0,9840.0,9800.0,9810.0,1303,0.0,0.0
2024-01-31 09:00:00+09:00,9780.0,9890.0,9750.0,9800.0,6034,0.0,0.0
2024-01-31 10:00:00+09:00,9860.0,9910.0,9800.0,9810.0,2254,0.0,0.0
2024-01-31 11:00:00+09:00,9810.0,9810.0,9790.0,9790.0,2076,0.0,0.0
2024-01-31 12:00:00+09:00,9810.0,9920.0,9790.0,9790.0,3440,0.0,0.0
2024-01-31 13:00:00+09:00,9790.0,9830.0,9710.0,9740.0,7905,0.0,0.0
2024-01-31 14:00:00+09:00,9750.0,9760.0,9720.0,9720.0,2781,0.0,0.0
2024-02-01 09:00:00+09:00,9730.0,9770.0,9630.0,9680.0,9554,0.0,0.0
2024-02-01 10:00:00+09:00,9680.0,9720.0,9670.0,9680.0,4721,0.0,0.0
2024-02-01 11:00:00+09:00,9680.0,9830.0,9600.0,9830.0,9726,0.0,0.0
2024-02-01 12:00:00+09:00,9820.0,9820.0,9690.0,9750.0,1000,0.0,0.0
2024-02-01 13:00:00+09:00,9750.0,9750.0,9720.0,9720.0,2002,0.0,0.0
2024-02-01 14:00:00+09:00,9730.0,9900.0,9710.0,9870.0,2376,0.0,0.0
2024-02-02 09:00:00+09:00,9930.0,10140.0,9930.0,10050.0,4584,0.0,0.0
2024-02-02 10:00:00+09:00,10060.0,10130.0,10060.0,10080.0,2069,0.0,0.0
2024-02-02 11:00:00+09:00,10070.0,10070.0,10010.0,10010.0,1645,0.0,0.0
2024-02-02 12:00:00+09:00,10020.0,10070.0,10010.0,10050.0,1932,0.0,0.0
2024-02-02 13:00:00+09:00,10050.0,10050.0,10020.0,10020.0,856,0.0,0.0
2024-02-02 14:00:00+09:00,10020.0,10060.0,10020.0,10030.0,545,0.0,0.0
2024-02-05 09:00:00+09:00,9980.0,10130.0,9900.0,10020.0,0,0.0,0.0
2024-02-05 10:00:00+09:00,10020.0,10050.0,9940.0,9960.0,711,0.0,0.0
2024-02-05 11:00:00+09:00,10030.0,10030.0,9940.0,9980.0,892,0.0,0.0
2024-02-05 12:00:00+09:00,9980.0,9980.0,9930.0,9980.0,928,0.0,0.0
2024-02-05 13:00:00+09:00,9960.0,10020.0,9930.0,9930.0,621,0.0,0.0
2024-02-05 14:00:00+09:00,9940.0,9980.0,9930.0,9960.0,871,0.0,0.0
2024-02-06 09:00:00+09:00,10000.0,10000.0,9890.0,9890.0,1790,0.0,0.0
2024-02-06 10:00:00+09:00,9900.0,9950.0,9900.0,9910.0,1935,0.0,0.0
2024-02-06 11:00:00+09:00,9910.0,9960.0,9910.0,9950.0,680,0.0,0.0
2024-02-06 12:00:00+09:00,9950.0,9970.0,9920.0,9920.0,1252,0.0,0.0
2024-02-06 13:00:00+09:00,9920.0,9960.0,9900.0,9960.0,4840,0.0,0.0
2024-02-06 14:00:00+09:00,9920.0,9960.0,9890.0,9920.0,3692,0.0,0.0
2024-02-07 09:00:00+09:00,9930.0,10010.0,9930.0,9940.0,2958,0.0,0.0
2024-02-07 10:00:00+09:00,9940.0,9940.0,9930.0,9930.0,3875,0.0,0.0
2024-02-07 11:00:00+09:00,9930.0,9950.0,9930.0,9940.0,289,0.0,0.0
2024-02-07 12:00:00+09:00,9940.0,9980.0,9930.0,9930.0,1293,0.0,0.0
2024-02-07 13:00:00+09:00,9930.0,9950.0,9920.0,9920.0,2486,0.0,0.0
2024-02-07 14:00:00+09:00,9920.0,9940.0,9920.0,9920.0,2800,0.0,0.0
2024-02-08 09:00:00+09:00,9940.0,9970.0,9850.0,9960.0,0,0.0,0.0
2024-02-08 10:00:00+09:00,9950.0,9950.0,9860.0,9930.0,4487,0.0,0.0
2024-02-08 11:00:00+09:00,9890.0,9930.0,9860.0,9920.0,858,0.0,0.0
2024-02-08 12:00:00+09:00,9920.0,9930.0,9890.0,9930.0,745,0.0,0.0
2024-02-08 13:00:00+09:00,9900.0,9920.0,9880.0,9890.0,1408,0.0,0.0
2024-02-08 14:00:00+09:00,9890.0,9930.0,9880.0,9880.0,946,0.0,0.0
2024-02-13 09:00:00+09:00,9840.0,9970.0,9790.0,9850.0,0,0.0,0.0
2024-02-13 10:00:00+09:00,9850.0,9860.0,9760.0,9770.0,7204,0.0,0.0
2024-02-13 11:00:00+09:00,9770.0,9780.0,9750.0,9780.0,2827,0.0,0.0
2024-02-13 12:00:00+09:00,9780.0,9860.0,9750.0,9860.0,4067,0.0,0.0
2024-02-13 13:00:00+09:00,9850.0,9860.0,9770.0,9840.0,682,0.0,0.0
2024-02-13 14:00:00+09:00,9850.0,9880.0,9830.0,9830.0,1253,0.0,0.0
2024-02-14 09:00:00+09:00,9620.0,9990.0,9620.0,9840.0,3175,0.0,0.0
2024-02-14 10:00:00+09:00,9860.0,9890.0,9780.0,9820.0,1266,0.0,0.0
2024-02-14 11:00:00+09:00,9820.0,9860.0,9810.0,9820.0,468,0.0,0.0
2024-02-14 12:00:00+09:00,9840.0,9950.0,9830.0,9930.0,1182,0.0,0.0
2024-02-14 13:00:00+09:00,9930.0,10030.0,9900.0,10000.0,3994,0.0,0.0
2024-02-14 14:00:00+09:00,10000.0,10040.0,9870.0,9950.0,6533,0.0,0.0
2024-02-15 09:00:00+09:00,10000.0,10000.0,9740.0,9960.0,2664,0.0,0.0
2024-02-15 10:00:00+09:00,9950.0,9960.0,9910.0,9950.0,710,0.0,0.0
2024-02-15 11:00:00+09:00,9950.0,9950.0,9790.0,9910.0,2469,0.0,0.0
2024-02-15 12:00:00+09:00,9910.0,9940.0,9900.0,9930.0,291,0.0,0.0
2024-02-15 13:00:00+09:00,9940.0,10000.0,9900.0,9980.0,8895,0.0,0.0
2024-02-15 14:00:00+09:00,9920.0,9920.0,9910.0,9920.0,271,0.0,0.0
2024-02-16 09:00:00+09:00,9920.0,10010.0,9870.0,9890.0,7278,0.0,0.0
2024-02-16 10:00:00+09:00,9910.0,9960.0,9890.0,9890.0,1707,0.0,0.0
2024-02-16 11:00:00+09:00,9940.0,9950.0,9900.0,9910.0,2286,0.0,0.0
2024-02-16 12:00:00+09:00,9910.0,9950.0,9900.0,9950.0,1577,0.0,0.0
2024-02-16 13:00:00+09:00,9950.0,9950.0,9900.0,9920.0,1690,0.0,0.0
2024-02-16 14:00:00+09:00,9910.0,9950.0,9890.0,9900.0,6551,0.0,0.0
2024-02-19 09:00:00+09:00,10000.0,10170.0,9940.0,10110.0,0,0.0,0.0
2024-02-19 10:00:00+09:00,10100.0,10200.0,10080.0,10110.0,11477,0.0,0.0
2024-02-19 11:00:00+09:00,10160.0,10160.0,10090.0,10100.0,1232,0.0,0.0
2024-02-19 12:00:00+09:00,10100.0,10140.0,10040.0,10100.0,2185,0.0,0.0
2024-02-19 13:00:00+09:00,10050.0,10100.0,10030.0,10070.0,3846,0.0,0.0
2024-02-19 14:00:00+09:00,10100.0,10100.0,10040.0,10060.0,827,0.0,0.0
2024-02-20 09:00:00+09:00,10040.0,10130.0,10030.0,10060.0,2002,0.0,0.0
2024-02-20 10:00:00+09:00,10080.0,10120.0,10060.0,10120.0,1959,0.0,0.0
2024-02-20 11:00:00+09:00,10120.0,10170.0,10110.0,10150.0,2846,0.0,0.0
2024-02-20 12:00:00+09:00,10150.0,10250.0,10130.0,10250.0,4331,0.0,0.0
2024-02-20 13:00:00+09:00,10240.0,10290.0,10200.0,10200.0,3508,0.0,0.0
2024-02-20 14:00:00+09:00,10200.0,10200.0,10120.0,10140.0,1587,0.0,0.0
2024-02-21 09:00:00+09:00,10250.0,10250.0,10120.0,10140.0,6667,0.0,0.0
2024-02-21 10:00:00+09:00,10140.0,10180.0,10120.0,10140.0,1179,0.0,0.0
2024-02-21 11:00:00+09:00,10140.0,10180.0,10110.0,10130.0,1964,0.0,0.0
2024-02-21 12:00:00+09:00,10110.0,10130.0,10080.0,10100.0,2328,0.0,0.0
2024-02-21 13:00:00+09:00,10110.0,10120.0,10100.0,10120.0,989,0.0,0.0
2024-02-21 14:00:00+09:00,10120.0,10130.0,10050.0,10050.0,6373,0.0,0.0
2024-02-22 09:00:00+09:00,10130.0,10160.0,9960.0,10080.0,0,0.0,0.0
2024-02-22 10:00:00+09:00,10070.0,10080.0,9990.0,10010.0,8755,0.0,0.0
2024-02-22 11:00:00+09:00,10020.0,10070.0,9980.0,10000.0,4987,0.0,0.0
2024-02-22 12:00:00+09:00,10050.0,10050.0,9980.0,10000.0,881,0.0,0.0
2024-02-22 13:00:00+09:00,9990.0,10020.0,9980.0,9990.0,4292,0.0,0.0
2024-02-22 14:00:00+09:00,9990.0,10000.0,9960.0,9980.0,2495,0.0,0.0
2024-02-23 09:00:00+09:00,9920.0,10580.0,9920.0,10190.0,12020,0.0,0.0
2024-02-23 10:00:00+09:00,10120.0,10210.0,10050.0,10140.0,2801,0.0,0.0
2024-02-23 11:00:00+09:00,10130.0,10130.0,10020.0,10040.0,2021,0.0,0.0
2024-02-23 12:00:00+09:00,10040.0,10040.0,10010.0,10030.0,3967,0.0,0.0
2024-02-23 13:00:00+09:00,10030.0,10030.0,10010.0,10020.0,765,0.0,0.0
2024-02-23 14:00:00+09:00,10030.0,10040.0,10000.0,10000.0,2393,0.0,0.0
2024-02-26 09:00:00+09:00,10250.0,10250.0,9980.0,10130.0,0,0.0,0.0
2024-02-26 10:00:00+09:00,10120.0,10140.0,10030.0,10040.0,1455,0.0,0.0
2024-02-26 11:00:00+09:00,10050.0,10120.0,10010.0,10070.0,2600,0.0,0.0
2024-02-26 12:00:00+09:00,10080.0,10080.0,10070.0,10080.0,1633,0.0,0.0
2024-02-26 13:00:00+09:00,10070.0,10080.0,10040.0,10080.0,504,0.0,0.0
2024-02-26 14:00:00+09:00,10080.0,10080.0,10030.0,10050.0,1260,0.0,0.0
2024-02-27 09:00:00+09:00,10190.0,10190.0,9990.0,10090.0,10675,0.0,0.0
2024-02-27 10:00:00+09:00,10050.0,10090.0,9990.0,10050.0,6091,0.0,0.0
2024-02-27 11:00:00+09:00,10050.0,10050.0,9990.0,9990.0,3319,0.0,0.0
2024-02-27 12:00:00+09:00,9990.0,10030.0,9980.0,10030.0,1594,0.0,0.0
2024-02-27 13:00:00+09:00,10020.0,10040.0,9980.0,9990.0,3981,0.0,0.0
2024-02-27 14:00:00+09:00,9990.0,10040.0,9970.0,9980.0,2663,0.0,0.0
2024-02-28 09:00:00+09:00,10040.0,11200.0,10040.0,11000.0,118045,0.0,0.0
2024-02-28 10:00:00+09:00,10830.0,10990.0,10670.0,10670.0,59870,0.0,0.0
2024-02-28 11:00:00+09:00,10670.0,11030.0,10510.0,10910.0,40245,0.0,0.0
2024-02-28 12:00:00+09:00,10910.0,11000.0,10730.0,10730.0,10352,0.0,0.0
2024-02-28 13:00:00+09:00,10770.0,10840.0,10720.0,10740.0,3872,0.0,0.0
2024-02-28 14:00:00+09:00,10780.0,10850.0,10720.0,10820.0,4981,0.0,0.0
2024-02-29 09:00:00+09:00,10760.0,10760.0,10600.0,10600.0,11679,0.0,0.0
2024-02-29 10:00:00+09:00,10590.0,10620.0,10510.0,10620.0,3573,0.0,0.0
2024-02-29 11:00:00+09:00,10600.0,10600.0,10540.0,10540.0,3934,0.0,0.0
2024-02-29 12:00:00+09:00,10540.0,10600.0,10520.0,10600.0,9705,0.0,0.0
2024-02-29 13:00:00+09:00,10600.0,10600.0,10500.0,10510.0,9038,0.0,0.0
2024-02-29 14:00:00+09:00,10510.0,10550.0,10430.0,10480.0,4869,0.0,0.0
2024-03-04 09:00:00+09:00,10500.0,10620.0,10400.0,10620.0,0,0.0,0.0
2024-03-04 10:00:00+09:00,10610.0,10800.0,10590.0,10630.0,6471,0.0,0.0
2024-03-04 11:00:00+09:00,10630.0,10800.0,10620.0,10770.0,1796,0.0,0.0
2024-03-04 12:00:00+09:00,10800.0,10810.0,10670.0,10720.0,1810,0.0,0.0
2024-03-04 13:00:00+09:00,10720.0,10800.0,10670.0,10670.0,4175,0.0,0.0
2024-03-04 14:00:00+09:00,10670.0,10720.0,10670.0,10690.0,2814,0.0,0.0
2024-03-05 09:00:00+09:00,10750.0,10900.0,10380.0,10550.0,6284,0.0,0.0
2024-03-05 10:00:00+09:00,10580.0,10750.0,10550.0,10600.0,2903,0.0,0.0
2024-03-05 11:00:00+09:00,10600.0,10600.0,10390.0,10460.0,14316,0.0,0.0
2024-03-05 12:00:00+09:00,10490.0,10550.0,10410.0,10420.0,860,0.0,0.0
2024-03-05 13:00:00+09:00,10430.0,10480.0,10410.0,10410.0,2021,0.0,0.0
2024-03-05 14:00:00+09:00,10420.0,10450.0,10390.0,10390.0,5400,0.0,0.0
2024-03-06 09:00:00+09:00,10400.0,10480.0,9900.0,10200.0,13879,0.0,0.0
2024-03-06 10:00:00+09:00,10200.0,10300.0,10180.0,10180.0,3657,0.0,0.0
2024-03-06 11:00:00+09:00,10210.0,10210.0,10100.0,10150.0,3413,0.0,0.0
2024-03-06 12:00:00+09:00,10100.0,10130.0,10080.0,10100.0,2042,0.0,0.0
2024-03-06 13:00:00+09:00,10110.0,10160.0,10100.0,10120.0,4181,0.0,0.0
2024-03-06 14:00:00+09:00,10120.0,10200.0,10090.0,10150.0,3379,0.0,0.0
2024-03-07 09:00:00+09:00,10070.0,10280.0,10070.0,10160.0,8103,0.0,0.0
2024-03-07 10:00:00+09:00,10150.0,10640.0,10110.0,10520.0,14205,0.0,0.0
2024-03-07 11:00:00+09:00,10520.0,10630.0,10500.0,10530.0,3817,0.0,0.0
2024-03-07 12:00:00+09:00,10530.0,10530.0,10380.0,10430.0,3516,0.0,0.0
2024-03-07 13:00:00+09:00,10430.0,10600.0,10430.0,10580.0,3075,0.0,0.0
2024-03-07 14:00:00+09:00,10580.0,10600.0,10480.0,10550.0,6779,0.0,0.0
2024-03-08 09:00:00+09:00,10700.0,11200.0,10640.0,11130.0,34858,0.0,0.0
2024-03-08 10:00:00+09:00,11090.0,11180.0,11050.0,11140.0,18709,0.0,0.0
2024-03-08 11:00:00+09:00,11070.0,11240.0,11070.0,11150.0,18449,0.0,0.0
2024-03-08 12:00:00+09:00,11150.0,11160.0,11070.0,11120.0,3588,0.0,0.0
2024-03-08 13:00:00+09:00,11080.0,11150.0,11080.0,11120.0,10765,0.0,0.0
2024-03-08 14:00:00+09:00,11120.0,11170.0,11090.0,11120.0,9712,0.0,0.0
2024-03-11 09:00:00+09:00,11070.0,11490.0,11070.0,11410.0,0,0.0,0.0
2024-03-11 10:00:00+09:00,11410.0,11490.0,11380.0,11400.0,13920,0.0,0.0
2024-03-11 11:00:00+09:00,11400.0,11460.0,11380.0,11400.0,8391,0.0,0.0
2024-03-11 12:00:00+09:00,11400.0,11570.0,11400.0,11550.0,14991,0.0,0.0
2024-03-11 13:00:00+09:00,11540.0,11650.0,11500.0,11540.0,17542,0.0,0.0
2024-03-11 14:00:00+09:00,11550.0,11600.0,11490.0,11500.0,7169,0.0,0.0
2024-03-12 09:00:00+09:00,12000.0,12960.0,11520.0,12820.0,318897,0.0,0.0
2024-03-12 10:00:00+09:00,12820.0,13160.0,12800.0,13000.0,143066,0.0,0.0
2024-03-12 11:00:00+09:00,13010.0,13070.0,12620.0,12690.0,55319,0.0,0.0
2024-03-12 12:00:00+09:00,12690.0,12970.0,12360.0,12660.0,35254,0.0,0.0
2024-03-12 13:00:00+09:00,12640.0,12870.0,12590.0,12760.0,20366,0.0,0.0
2024-03-12 14:00:00+09:00,12760.0,14930.0,12670.0,14930.0,271276,0.0,0.0
2024-03-13 09:00:00+09:00,19400.0,19400.0,19400.0,19400.0,370150,0.0,0.0
2024-03-13 10:00:00+09:00,19400.0,19400.0,19400.0,19400.0,7939,0.0,0.0
2024-03-13 11:00:00+09:00,19400.0,19400.0,19400.0,19400.0,69730,0.0,0.0
2024-03-13 12:00:00+09:00,19400.0,19400.0,19400.0,19400.0,5453,0.0,0.0
2024-03-13 13:00:00+09:00,19400.0,19400.0,19400.0,19400.0,4304,0.0,0.0
2024-03-13 14:00:00+09:00,19400.0,19400.0,19400.0,19400.0,11704,0.0,0.0
2024-03-14 09:00:00+09:00,22000.0,24150.0,21600.0,23500.0,5636697,0.0,0.0
2024-03-14 10:00:00+09:00,23300.0,23700.0,22500.0,23300.0,1271027,0.0,0.0
2024-03-14 11:00:00+09:00,23350.0,24400.0,23100.0,23450.0,1437870,0.0,0.0
2024-03-14 12:00:00+09:00,23400.0,23500.0,22050.0,22250.0,757527,0.0,0.0
2024-03-14 13:00:00+09:00,22300.0,23400.0,21400.0,23350.0,1116524,0.0,0.0
2024-03-14 14:00:00+09:00,23350.0,23400.0,21100.0,21600.0,745415,0.0,0.0
2024-03-15 09:00:00+09:00,20750.0,20900.0,18350.0,18580.0,894725,0.0,0.0
2024-03-15 10:00:00+09:00,18580.0,18850.0,17970.0,18090.0,307923,0.0,0.0
2024-03-15 11:00:00+09:00,18080.0,18900.0,17970.0,18450.0,283941,0.0,0.0
2024-03-15 12:00:00+09:00,18470.0,18880.0,17580.0,17720.0,291253,0.0,0.0
2024-03-15 13:00:00+09:00,17720.0,18190.0,17500.0,18170.0,180380,0.0,0.0
2024-03-15 14:00:00+09:00,18170.0,18480.0,17760.0,18220.0,220372,0.0,0.0
2024-03-18 09:00:00+09:00,18140.0,19080.0,17640.0,18290.0,0,0.0,0.0
2024-03-18 10:00:00+09:00,18270.0,18290.0,17560.0,17580.0,167400,0.0,0.0
2024-03-18 11:00:00+09:00,17580.0,17700.0,17410.0,17500.0,86923,0.0,0.0
2024-03-18 12:00:00+09:00,17500.0,17640.0,17350.0,17400.0,44982,0.0,0.0
2024-03-18 13:00:00+09:00,17450.0,17790.0,17400.0,17770.0,56611,0.0,0.0
2024-03-18 14:00:00+09:00,17770.0,18200.0,17750.0,17800.0,107546,0.0,0.0
2024-03-19 09:00:00+09:00,17150.0,17300.0,16590.0,16830.0,215382,0.0,0.0
2024-03-19 10:00:00+09:00,16840.0,17150.0,16700.0,16790.0,67599,0.0,0.0
2024-03-19 11:00:00+09:00,16790.0,17060.0,16610.0,16690.0,44614,0.0,0.0
2024-03-19 12:00:00+09:00,16690.0,16700.0,16380.0,16470.0,69829,0.0,0.0
2024-03-19 13:00:00+09:00,16470.0,16710.0,16410.0,16650.0,45932,0.0,0.0
2024-03-19 14:00:00+09:00,16650.0,16700.0,16550.0,16650.0,36549,0.0,0.0
2024-03-20 09:00:00+09:00,16900.0,17170.0,16220.0,16470.0,207543,0.0,0.0
2024-03-20 10:00:00+09:00,16470.0,16470.0,16210.0,16220.0,48621,0.0,0.0
2024-03-20 11:00:00+09:00,16230.0,16900.0,16220.0,16880.0,45835,0.0,0.0
2024-03-20 12:00:00+09:00,16880.0,16930.0,16510.0,16600.0,53347,0.0,0.0
2024-03-20 13:00:00+09:00,16600.0,16760.0,16370.0,16650.0,32733,0.0,0.0
2024-03-20 14:00:00+09:00,16630.0,17340.0,16560.0,17190.0,131985,0.0,0.0
2024-03-21 09:00:00+09:00,16500.0,16540.0,15690.0,15760.0,273568,0.0,0.0
2024-03-21 10:00:00+09:00,15760.0,15850.0,15460.0,15500.0,107479,0.0,0.0
2024-03-21 11:00:00+09:00,15510.0,15700.0,15220.0,15680.0,92347,0.0,0.0
2024-03-21 12:00:00+09:00,15680.0,15700.0,15400.0,15450.0,38262,0.0,0.0
2024-03-21 13:00:00+09:00,15450.0,15610.0,15150.0,15210.0,56954,0.0,0.0
2024-03-21 14:00:00+09:00,15210.0,15420.0,15200.0,15400.0,44865,0.0,0.0
2024-03-22 09:00:00+09:00,15230.0,15430.0,14910.0,15300.0,133313,0.0,0.0
2024-03-22 10:00:00+09:00,15300.0,15300.0,14740.0,14750.0,83551,0.0,0.0
2024-03-22 11:00:00+09:00,14750.0,14820.0,14640.0,14740.0,49450,0.0,0.0
2024-03-22 12:00:00+09:00,14770.0,14770.0,14450.0,14500.0,66902,0.0,0.0
2024-03-22 13:00:00+09:00,14500.0,14710.0,14420.0,14650.0,47203,0.0,0.0
2024-03-22 14:00:00+09:00,14650.0,14850.0,14570.0,14850.0,28473,0.0,0.0
2024-03-25 09:00:00+09:00,14900.0,15220.0,14600.0,15000.0,0,0.0,0.0
2024-03-25 10:00:00+09:00,14950.0,15060.0,14700.0,14720.0,30970,0.0,0.0
2024-03-25 11:00:00+09:00,14710.0,14820.0,14640.0,14690.0,21539,0.0,0.0
2024-03-25 12:00:00+09:00,14680.0,14730.0,14600.0,14600.0,26910,0.0,0.0
2024-03-25 13:00:00+09:00,14600.0,14620.0,14460.0,14530.0,28787,0.0,0.0
2024-03-25 14:00:00+09:00,14530.0,15060.0,14510.0,14930.0,41409,0.0,0.0
2024-03-26 09:00:00+09:00,14670.0,14780.0,14200.0,14390.0,109805,0.0,0.0
2024-03-26 10:00:00+09:00,14390.0,14650.0,14370.0,14500.0,27884,0.0,0.0
2024-03-26 11:00:00+09:00,14500.0,14620.0,14400.0,14560.0,17764,0.0,0.0
2024-03-26 12:00:00+09:00,14550.0,14610.0,14510.0,14550.0,10122,0.0,0.0
2024-03-26 13:00:00+09:00,14550.0,14670.0,14500.0,14640.0,12754,0.0,0.0
2024-03-26 14:00:00+09:00,14570.0,14630.0,14440.0,14510.0,22840,0.0,0.0
2024-03-27 09:00:00+09:00,15100.0,15400.0,14460.0,14950.0,237403,0.0,0.0
2024-03-27 10:00:00+09:00,14950.0,15400.0,14760.0,14850.0,111433,0.0,0.0
2024-03-27 11:00:00+09:00,14850.0,14930.0,14740.0,14900.0,19621,0.0,0.0
2024-03-27 12:00:00+09:00,14900.0,14900.0,14700.0,14780.0,15114,0.0,0.0
2024-03-27 13:00:00+09:00,14790.0,15270.0,14780.0,15230.0,35801,0.0,0.0
2024-03-27 14:00:00+09:00,15220.0,15230.0,14790.0,15060.0,28173,0.0,0.0
2024-03-28 09:00:00+09:00,15120.0,15250.0,14660.0,14750.0,63091,0.0,0.0
2024-03-28 10:00:00+09:00,14750.0,14750.0,14530.0,14680.0,25977,0.0,0.0
2024-03-28 11:00:00+09:00,14680.0,14700.0,14550.0,14670.0,9190,0.0,0.0
2024-03-28 12:00:00+09:00,14680.0,14870.0,14680.0,14720.0,9367,0.0,0.0
2024-03-28 13:00:00+09:00,14720.0,14790.0,14600.0,14630.0,11852,0.0,0.0
2024-03-28 14:00:00+09:00,14640.0,14730.0,14530.0,14610.0,15875,0.0,0.0
2024-03-29 09:00:00+09:00,14600.0,14900.0,14310.0,14520.0,46207,0.0,0.0
2024-03-29 10:00:00+09:00,14530.0,14820.0,14520.0,14580.0,19523,0.0,0.0
2024-03-29 11:00:00+09:00,14580.0,14610.0,14350.0,14360.0,13013,0.0,0.0
2024-03-29 12:00:00+09:00,14370.0,14450.0,14320.0,14400.0,13553,0.0,0.0
2024-03-29 13:00:00+09:00,14400.0,14470.0,14320.0,14400.0,15860,0.0,0.0
2024-03-29 14:00:00+09:00,14400.0,14990.0,14310.0,14570.0,52755,0.0,0.0
2024-04-01 09:00:00+09:00,14900.0,14900.0,14070.0,14090.0,0,0.0,0.0
2024-04-01 10:00:00+09:00,14090.0,14130.0,13890.0,14010.0,37980,0.0,0.0
2024-04-01 11:00:00+09:00,14010.0,14010.0,13850.0,13930.0,35461,0.0,0.0
2024-04-01 12:00:00+09:00,13930.0,13940.0,13820.0,13880.0,21051,0.0,0.0
2024-04-01 13:00:00+09:00,13900.0,13990.0,13870.0,13870.0,15169,0.0,0.0
2024-04-01 14:00:00+09:00,13870.0,13870.0,13810.0,13830.0,19529,0.0,0.0
2024-04-02 09:00:00+09:00,13670.0,13670.0,13100.0,13120.0,116144,0.0,0.0
2024-04-02 10:00:00+09:00,13130.0,13180.0,13020.0,13110.0,34190,0.0,0.0
2024-04-02 11:00:00+09:00,13110.0,13190.0,13050.0,13150.0,14870,0.0,0.0
2024-04-02 12:00:00+09:00,13190.0,13270.0,13120.0,13190.0,9886,0.0,0.0
2024-04-02 13:00:00+09:00,13160.0,13180.0,13060.0,13100.0,13848,0.0,0.0
2024-04-02 14:00:00+09:00,13100.0,13190.0,13050.0,13080.0,9239,0.0,0.0
2024-04-03 09:00:00+09:00,12950.0,13080.0,12770.0,12910.0,50264,0.0,0.0
2024-04-03 10:00:00+09:00,12900.0,12940.0,12800.0,12900.0,12666,0.0,0.0
2024-04-03 11:00:00+09:00,12890.0,12940.0,12770.0,12770.0,12080,0.0,0.0
2024-04-03 12:00:00+09:00,12780.0,12840.0,12750.0,12810.0,6534,0.0,0.0
2024-04-03 13:00:00+09:00,12810.0,12910.0,12750.0,12900.0,6605,0.0,0.0
2024-04-03 14:00:00+09:00,12900.0,12900.0,12660.0,12850.0,49264,0.0,0.0
2024-04-04 09:00:00+09:00,13040.0,13060.0,12760.0,12820.0,26661,0.0,0.0
2024-04-04 10:00:00+09:00,12820.0,12920.0,12750.0,12840.0,15317,0.0,0.0
2024-04-04 11:00:00+09:00,12840.0,13010.0,12790.0,12940.0,13451,0.0,0.0
2024-04-04 12:00:00+09:00,12940.0,13140.0,12930.0,12940.0,21313,0.0,0.0
2024-04-04 13:00:00+09:00,12940.0,12990.0,12810.0,12980.0,13027,0.0,0.0
2024-04-04 14:00:00+09:00,12960.0,13070.0,12930.0,13000.0,16662,0.0,0.0
2024-04-05 09:00:00+09:00,12890.0,12900.0,12620.0,12820.0,35691,0.0,0.0
2024-04-05 10:00:00+09:00,12830.0,13210.0,12770.0,12930.0,24927,0.0,0.0
2024-04-05 11:00:00+09:00,12920.0,13140.0,12790.0,12960.0,8136,0.0,0.0
2024-04-05 12:00:00+09:00,12950.0,12980.0,12820.0,12950.0,16625,0.0,0.0
2024-04-05 13:00:00+09:00,12920.0,12950.0,12840.0,12850.0,3625,0.0,0.0
2024-04-05 14:00:00+09:00,12870.0,12890.0,12820.0,12850.0,7243,0.0,0.0
2024-04-08 09:00:00+09:00,12980.0,12980.0,12600.0,12770.0,0,0.0,0.0
2024-04-08 10:00:00+09:00,12770.0,12860.0,12730.0,12730.0,15208,0.0,0.0
2024-04-08 11:00:00+09:00,12730.0,12750.0,12650.0,12690.0,7337,0.0,0.0
2024-04-08 12:00:00+09:00,12740.0,12750.0,12640.0,12700.0,12135,0.0,0.0
2024-04-08 13:00:00+09:00,12700.0,12730.0,12650.0,12660.0,3770,0.0,0.0
2024-04-08 14:00:00+09:00,12720.0,12880.0,12680.0,12880.0,9252,0.0,0.0
2024-04-09 09:00:00+09:00,13090.0,13320.0,12910.0,13160.0,32330,0.0,0.0
2024-04-09 10:00:00+09:00,13160.0,13200.0,12890.0,13080.0,21688,0.0,0.0
2024-04-09 11:00:00+09:00,13080.0,13080.0,12940.0,13070.0,10376,0.0,0.0
2024-04-09 12:00:00+09:00,13070.0,13110.0,12980.0,12990.0,5995,0.0,0.0
2024-04-09 13:00:00+09:00,12990.0,13140.0,12980.0,13140.0,15234,0.0,0.0
2024-04-09 14:00:00+09:00,13100.0,13150.0,12980.0,13090.0,16395,0.0,0.0
2024-04-11 09:00:00+09:00,12500.0,12730.0,12300.0,12370.0,0,0.0,0.0
2024-04-11 10:00:00+09:00,12360.0,12650.0,12350.0,12570.0,17823,0.0,0.0
2024-04-11 11:00:00+09:00,12570.0,12710.0,12570.0,12630.0,7196,0.0,0.0
2024-04-11 12:00:00+09:00,12640.0,12830.0,12640.0,12830.0,5590,0.0,0.0
2024-04-11 13:00:00+09:00,12820.0,12870.0,12650.0,12690.0,11136,0.0,0.0
2024-04-11 14:00:00+09:00,12690.0,12710.0,12560.0,12620.0,12804,0.0,0.0
2024-04-12 09:00:00+09:00,12660.0,13410.0,12620.0,13360.0,72732,0.0,0.0
2024-04-12 10:00:00+09:00,13360.0,13700.0,13270.0,13340.0,57513,0.0,0.0
2024-04-12 11:00:00+09:00,13320.0,13420.0,13290.0,13390.0,7728,0.0,0.0
2024-04-12 12:00:00+09:00,13310.0,13370.0,13250.0,13310.0,14830,0.0,0.0
2024-04-12 13:00:00+09:00,13280.0,13320.0,13220.0,13230.0,7645,0.0,0.0
2024-04-12 14:00:00+09:00,13230.0,13280.0,13200.0,13220.0,10155,0.0,0.0
2024-04-15 09:00:00+09:00,13230.0,13230.0,12880.0,13100.0,0,0.0,0.0
2024-04-15 10:00:00+09:00,13100.0,13160.0,13050.0,13100.0,5913,0.0,0.0
2024-04-15 11:00:00+09:00,13100.0,13330.0,13070.0,13250.0,6630,0.0,0.0
2024-04-15 12:00:00+09:00,13250.0,13280.0,13150.0,13160.0,6537,0.0,0.0
2024-04-15 13:00:00+09:00,13190.0,13190.0,13100.0,13180.0,6047,0.0,0.0
2024-04-15 14:00:00+09:00,13170.0,13300.0,13150.0,13180.0,1373,0.0,0.0
2024-04-16 09:00:00+09:00,13010.0,13170.0,12880.0,12930.0,17164,0.0,0.0
2024-04-16 10:00:00+09:00,12930.0,12930.0,12630.0,12670.0,15166,0.0,0.0
2024-04-16 11:00:00+09:00,12670.0,12690.0,12540.0,12620.0,13596,0.0,0.0
2024-04-16 12:00:00+09:00,12640.0,12730.0,12620.0,12640.0,4592,0.0,0.0
2024-04-16 13:00:00+09:00,12650.0,12760.0,12580.0,12580.0,7969,0.0,0.0
2024-04-16 14:00:00+09:00,12580.0,12640.0,12550.0,12640.0,8560,0.0,0.0
2024-04-17 09:00:00+09:00,12530.0,13140.0,12530.0,13130.0,21603,0.0,0.0
2024-04-17 10:00:00+09:00,13110.0,13120.0,12790.0,12830.0,9587,0.0,0.0
2024-04-17 11:00:00+09:00,12850.0,12900.0,12760.0,12760.0,3435,0.0,0.0
2024-04-17 12:00:00+09:00,12760.0,12770.0,12670.0,12680.0,7274,0.0,0.0
2024-04-17 13:00:00+09:00,12680.0,12860.0,12680.0,12860.0,2929,0.0,0.0
2024-04-17 14:00:00+09:00,12810.0,12860.0,12690.0,12690.0,5040,0.0,0.0
2024-04-18 09:00:00+09:00,12740.0,13010.0,12650.0,13010.0,12037,0.0,0.0
2024-04-18 10:00:00+09:00,12980.0,13040.0,12970.0,13000.0,5236,0.0,0.0
2024-04-18 11:00:00+09:00,13000.0,13040.0,12930.0,12950.0,8228,0.0,0.0
2024-04-18 12:00:00+09:00,12960.0,13030.0,12940.0,12950.0,6663,0.0,0.0
2024-04-18 13:00:00+09:00,12960.0,12990.0,12930.0,12930.0,3433,0.0,0.0
2024-04-18 14:00:00+09:00,12940.0,12960.0,12900.0,12910.0,5398,0.0,0.0
2024-04-19 09:00:00+09:00,13070.0,13290.0,12750.0,12970.0,22173,0.0,0.0
2024-04-19 10:00:00+09:00,12980.0,13000.0,12460.0,12470.0,24143,0.0,0.0
2024-04-19 11:00:00+09:00,12500.0,12580.0,12330.0,12360.0,13732,0.0,0.0
2024-04-19 12:00:00+09:00,12360.0,12530.0,12320.0,12460.0,7770,0.0,0.0
2024-04-19 13:00:00+09:00,12460.0,12550.0,12440.0,12460.0,6760,0.0,0.0
2024-04-19 14:00:00+09:00,12460.0,12500.0,12450.0,12460.0,4771,0.0,0.0
2024-04-22 09:00:00+09:00,12640.0,12940.0,12510.0,12760.0,0,0.0,0.0
2024-04-22 10:00:00+09:00,12760.0,12820.0,12540.0,12570.0,10214,0.0,0.0
2024-04-22 11:00:00+09:00,12590.0,12600.0,12430.0,12450.0,6804,0.0,0.0
2024-04-22 12:00:00+09:00,12450.0,12700.0,12450.0,12490.0,3655,0.0,0.0
2024-04-22 13:00:00+09:00,12490.0,12570.0,12480.0,12490.0,2051,0.0,0.0
2024-04-22 14:00:00+09:00,12490.0,12510.0,12470.0,12500.0,3448,0.0,0.0
2024-04-23 09:00:00+09:00,12650.0,12870.0,12590.0,12700.0,16544,0.0,0.0
2024-04-23 10:00:00+09:00,12700.0,12730.0,12340.0,12340.0,16602,0.0,0.0
2024-04-23 11:00:00+09:00,12340.0,12410.0,12310.0,12350.0,6179,0.0,0.0
2024-04-23 12:00:00+09:00,12350.0,12410.0,12320.0,12330.0,6729,0.0,0.0
2024-04-23 13:00:00+09:00,12340.0,12350.0,12100.0,12190.0,19331,0.0,0.0
2024-04-23 14:00:00+09:00,12200.0,12290.0,12160.0,12200.0,5420,0.0,0.0
2024-04-24 09:00:00+09:00,12360.0,12420.0,12160.0,12390.0,6892,0.0,0.0
2024-04-24 10:00:00+09:00,12400.0,12420.0,12250.0,12300.0,4220,0.0,0.0
2024-04-24 11:00:00+09:00,12280.0,12360.0,12240.0,12360.0,4724,0.0,0.0
2024-04-24 12:00:00+09:00,12350.0,12400.0,12280.0,12320.0,993,0.0,0.0
2024-04-24 13:00:00+09:00,12310.0,12360.0,12280.0,12350.0,4563,0.0,0.0
2024-04-24 14:00:00+09:00,12350.0,12400.0,12320.0,12360.0,3455,0.0,0.0
2024-04-25 09:00:00+09:00,12330.0,12460.0,12250.0,12390.0,7125,0.0,0.0
2024-04-25 10:00:00+09:00,12390.0,12390.0,12250.0,12250.0,4190,0.0,0.0
2024-04-25 11:00:00+09:00,12250.0,12310.0,12200.0,12290.0,2396,0.0,0.0
2024-04-25 12:00:00+09:00,12250.0,12280.0,12170.0,12250.0,3982,0.0,0.0
2024-04-25 13:00:00+09:00,12240.0,12280.0,12200.0,12230.0,4748,0.0,0.0
2024-04-25 14:00:00+09:00,12230.0,12270.0,12190.0,12210.0,4823,0.0,0.0
2024-04-26 09:00:00+09:00,12410.0,12410.0,12150.0,12240.0,10537,0.0,0.0
2024-04-26 10:00:00+09:00,12220.0,12220.0,12070.0,12080.0,11303,0.0,0.0
2024-04-26 11:00:00+09:00,12080.0,12150.0,12070.0,12120.0,1532,0.0,0.0
2024-04-26 12:00:00+09:00,12110.0,12200.0,12040.0,12080.0,2692,0.0,0.0
2024-04-26 13:00:00+09:00,12090.0,12090.0,12000.0,12000.0,4364,0.0,0.0
2024-04-26 14:00:00+09:00,12010.0,12040.0,11910.0,11960.0,8996,0.0,0.0
2024-04-29 09:00:00+09:00,11850.0,12060.0,11850.0,12000.0,0,0.0,0.0
2024-04-29 10:00:00+09:00,12060.0,12140.0,11990.0,12120.0,6900,0.0,0.0
2024-04-29 11:00:00+09:00,12110.0,12190.0,12110.0,12140.0,2645,0.0,0.0
2024-04-29 12:00:00+09:00,12130.0,12160.0,12050.0,12130.0,2419,0.0,0.0
2024-04-29 13:00:00+09:00,12130.0,12200.0,12130.0,12170.0,4464,0.0,0.0
2024-04-29 14:00:00+09:00,12170.0,12230.0,12110.0,12170.0,4886,0.0,0.0
2024-04-30 09:00:00+09:00,12250.0,12400.0,12190.0,12350.0,12717,0.0,0.0
2024-04-30 10:00:00+09:00,12360.0,12420.0,12280.0,12340.0,6622,0.0,0.0
2024-04-30 11:00:00+09:00,12340.0,12340.0,12180.0,12180.0,6182,0.0,0.0
2024-04-30 12:00:00+09:00,12190.0,12240.0,12180.0,12230.0,628,0.0,0.0
2024-04-30 13:00:00+09:00,12230.0,12310.0,12200.0,12280.0,4268,0.0,0.0
2024-04-30 14:00:00+09:00,12280.0,12290.0,12210.0,12210.0,1911,0.0,0.0
2024-05-02 09:00:00+09:00,12250.0,12580.0,12150.0,12530.0,0,0.0,0.0
2024-05-02 10:00:00+09:00,12530.0,12670.0,12490.0,12510.0,17450,0.0,0.0
2024-05-02 11:00:00+09:00,12520.0,12580.0,12450.0,12500.0,4955,0.0,0.0
2024-05-02 12:00:00+09:00,12460.0,12550.0,12450.0,12500.0,3850,0.0,0.0
2024-05-02 13:00:00+09:00,12490.0,12590.0,12490.0,12560.0,3774,0.0,0.0
2024-05-02 14:00:00+09:00,12550.0,12560.0,12440.0,12490.0,7939,0.0,0.0
2024-05-03 09:00:00+09:00,12460.0,12820.0,12460.0,12670.0,10189,0.0,0.0
2024-05-03 10:00:00+09:00,12700.0,12830.0,12670.0,12690.0,7592,0.0,0.0
2024-05-03 11:00:00+09:00,12680.0,12760.0,12670.0,12750.0,2111,0.0,0.0
2024-05-03 12:00:00+09:00,12750.0,12870.0,12740.0,12860.0,5916,0.0,0.0
2024-05-03 13:00:00+09:00,12870.0,13140.0,12860.0,13130.0,29408,0.0,0.0
2024-05-03 14:00:00+09:00,13140.0,13430.0,13060.0,13200.0,42883,0.0,0.0
2024-05-07 09:00:00+09:00,13400.0,13480.0,13150.0,13300.0,0,0.0,0.0
2024-05-07 10:00:00+09:00,13300.0,13400.0,13190.0,13190.0,8072,0.0,0.0
2024-05-07 11:00:00+09:00,13190.0,13340.0,13170.0,13340.0,3482,0.0,0.0
2024-05-07 12:00:00+09:00,13340.0,13400.0,13300.0,13350.0,8046,0.0,0.0
2024-05-07 13:00:00+09:00,13310.0,13360.0,13260.0,13270.0,6926,0.0,0.0
2024-05-07 14:00:00+09:00,13260.0,13300.0,13100.0,13190.0,6780,0.0,0.0
2024-05-08 09:00:00+09:00,13100.0,13340.0,13010.0,13230.0,10367,0.0,0.0
2024-05-08 10:00:00+09:00,13230.0,13240.0,13020.0,13170.0,5013,0.0,0.0
2024-05-08 11:00:00+09:00,13170.0,13170.0,13050.0,13090.0,2043,0.0,0.0
2024-05-08 12:00:00+09:00,13090.0,13120.0,13050.0,13120.0,2940,0.0,0.0
2024-05-08 13:00:00+09:00,13080.0,13130.0,13060.0,13100.0,2278,0.0,0.0
2024-05-08 14:00:00+09:00,13070.0,13140.0,13070.0,13110.0,2274,0.0,0.0
2024-05-09 09:00:00+09:00,13250.0,13250.0,12950.0,12950.0,15044,0.0,0.0
2024-05-09 10:00:00+09:00,12940.0,12990.0,12850.0,12920.0,6054,0.0,0.0
2024-05-09 11:00:00+09:00,12920.0,12950.0,12850.0,12850.0,6850,0.0,0.0
2024-05-09 12:00:00+09:00,12870.0,12960.0,12860.0,12940.0,2532,0.0,0.0
2024-05-09 13:00:00+09:00,12940.0,12940.0,12830.0,12870.0,4747,0.0,0.0
2024-05-09 14:00:00+09:00,12830.0,12940.0,12790.0,12830.0,8004,0.0,0.0
2024-05-10 09:00:00+09:00,12820.0,13170.0,12820.0,13170.0,16434,0.0,0.0
2024-05-10 10:00:00+09:00,13170.0,13230.0,12960.0,13030.0,10358,0.0,0.0
2024-05-10 11:00:00+09:00,13030.0,13300.0,12810.0,13190.0,19211,0.0,0.0
2024-05-10 12:00:00+09:00,13190.0,13200.0,13100.0,13120.0,4656,0.0,0.0
2024-05-10 13:00:00+09:00,13120.0,13200.0,13100.0,13150.0,4619,0.0,0.0
2024-05-10 14:00:00+09:00,13150.0,13180.0,13040.0,13040.0,3444,0.0,0.0
2024-05-13 09:00:00+09:00,13010.0,13040.0,12730.0,12930.0,0,0.0,0.0
2024-05-13 10:00:00+09:00,12930.0,12960.0,12790.0,12840.0,4039,0.0,0.0
2024-05-13 11:00:00+09:00,12870.0,13000.0,12810.0,12900.0,2025,0.0,0.0
2024-05-13 12:00:00+09:00,12890.0,12940.0,12860.0,12900.0,3196,0.0,0.0
2024-05-13 13:00:00+09:00,12940.0,12940.0,12870.0,12940.0,3176,0.0,0.0
2024-05-13 14:00:00+09:00,12940.0,13040.0,12900.0,13010.0,2221,0.0,0.0
2024-05-14 09:00:00+09:00,13020.0,14210.0,13010.0,13850.0,134416,0.0,0.0
2024-05-14 10:00:00+09:00,13860.0,14970.0,13850.0,14530.0,454578,0.0,0.0
2024-05-14 11:00:00+09:00,14540.0,14950.0,14440.0,14500.0,190323,0.0,0.0
2024-05-14 12:00:00+09:00,14450.0,14630.0,14320.0,14380.0,46495,0.0,0.0
2024-05-14 13:00:00+09:00,14420.0,14720.0,14340.0,14610.0,46525,0.0,0.0
2024-05-14 14:00:00+09:00,14610.0,14630.0,14370.0,14470.0,35148,0.0,0.0
2024-05-16 09:00:00+09:00,14630.0,15240.0,14550.0,14930.0,0,0.0,0.0
2024-05-16 10:00:00+09:00,14900.0,15160.0,14800.0,14970.0,52918,0.0,0.0
2024-05-16 11:00:00+09:00,14980.0,15100.0,14860.0,15100.0,28261,0.0,0.0
2024-05-16 12:00:00+09:00,15100.0,15150.0,14870.0,14970.0,28935,0.0,0.0
2024-05-16 13:00:00+09:00,14930.0,15300.0,14930.0,15260.0,64284,0.0,0.0
2024-05-16 14:00:00+09:00,15270.0,15280.0,14850.0,15050.0,39499,0.0,0.0
2024-05-17 09:00:00+09:00,15180.0,15300.0,14550.0,15010.0,67469,0.0,0.0
2024-05-17 10:00:00+09:00,15010.0,15220.0,14840.0,14920.0,48882,0.0,0.0
2024-05-17 11:00:00+09:00,14940.0,15050.0,14810.0,14870.0,23857,0.0,0.0
2024-05-17 12:00:00+09:00,14830.0,15070.0,14820.0,14970.0,12779,0.0,0.0
2024-05-17 13:00:00+09:00,14970.0,15130.0,14900.0,14980.0,10784,0.0,0.0
2024-05-17 14:00:00+09:00,14980.0,15100.0,14860.0,14980.0,19582,0.0,0.0
2024-05-20 09:00:00+09:00,15350.0,15400.0,15060.0,15290.0,0,0.0,0.0
2024-05-20 10:00:00+09:00,15290.0,15350.0,15130.0,15190.0,30809,0.0,0.0
2024-05-20 11:00:00+09:00,15190.0,15330.0,15040.0,15100.0,34064,0.0,0.0
2024-05-20 12:00:00+09:00,15060.0,15110.0,14900.0,14970.0,22486,0.0,0.0
2024-05-20 13:00:00+09:00,14970.0,15060.0,14850.0,15050.0,17823,0.0,0.0
2024-05-20 14:00:00+09:00,15050.0,15190.0,14990.0,15150.0,9517,0.0,0.0
2024-05-21 09:00:00+09:00,14920.0,15220.0,14700.0,14810.0,43710,0.0,0.0
2024-05-21 10:00:00+09:00,14810.0,14970.0,14740.0,14870.0,11758,0.0,0.0
2024-05-21 11:00:00+09:00,14880.0,14930.0,14810.0,14850.0,4903,0.0,0.0
2024-05-21 12:00:00+09:00,14830.0,14870.0,14740.0,14830.0,9796,0.0,0.0
2024-05-21 13:00:00+09:00,14830.0,14870.0,14720.0,14720.0,12912,0.0,0.0
2024-05-21 14:00:00+09:00,14710.0,14770.0,14700.0,14710.0,13277,0.0,0.0
2024-05-22 09:00:00+09:00,14690.0,14690.0,14370.0,14520.0,32064,0.0,0.0
2024-05-22 10:00:00+09:00,14500.0,14640.0,14430.0,14480.0,15238,0.0,0.0
2024-05-22 11:00:00+09:00,14450.0,14570.0,14270.0,14400.0,18304,0.0,0.0
2024-05-22 12:00:00+09:00,14400.0,14540.0,14370.0,14520.0,4523,0.0,0.0
2024-05-22 13:00:00+09:00,14520.0,14530.0,14370.0,14440.0,6790,0.0,0.0
2024-05-22 14:00:00+09:00,14400.0,14450.0,14270.0,14310.0,10948,0.0,0.0
2024-05-23 09:00:00+09:00,14310.0,14560.0,14110.0,14370.0,26741,0.0,0.0
2024-05-23 10:00:00+09:00,14370.0,14510.0,14370.0,14490.0,14979,0.0,0.0
2024-05-23 11:00:00+09:00,14490.0,14590.0,14420.0,14460.0,18995,0.0,0.0
2024-05-23 12:00:00+09:00,14460.0,14550.0,14440.0,14490.0,8583,0.0,0.0
2024-05-23 13:00:00+09:00,14490.0,14560.0,14300.0,14370.0,17458,0.0,0.0
2024-05-23 14:00:00+09:00,14360.0,14430.0,14290.0,14420.0,10930,0.0,0.0
2024-05-24 09:00:00+09:00,14230.0,14480.0,14230.0,14480.0,20666,0.0,0.0
2024-05-24 10:00:00+09:00,14480.0,14550.0,14390.0,14490.0,8359,0.0,0.0
2024-05-24 11:00:00+09:00,14490.0,14500.0,14300.0,14360.0,4081,0.0,0.0
2024-05-24 12:00:00+09:00,14360.0,14360.0,14100.0,14110.0,15510,0.0,0.0
2024-05-24 13:00:00+09:00,14120.0,14190.0,14050.0,14150.0,7533,0.0,0.0
2024-05-24 14:00:00+09:00,14160.0,14190.0,14050.0,14130.0,11857,0.0,0.0
2024-05-27 09:00:00+09:00,14000.0,14820.0,14000.0,14460.0,0,0.0,0.0
2024-05-27 10:00:00+09:00,14460.0,14570.0,14180.0,14230.0,47692,0.0,0.0
2024-05-27 11:00:00+09:00,14230.0,14280.0,13950.0,14160.0,18122,0.0,0.0
2024-05-27 12:00:00+09:00,14160.0,14250.0,14090.0,14160.0,10401,0.0,0.0
2024-05-27 13:00:00+09:00,14110.0,14160.0,13810.0,14150.0,17443,0.0,0.0
2024-05-27 14:00:00+09:00,14140.0,14220.0,13920.0,14100.0,20828,0.0,0.0
2024-05-28 09:00:00+09:00,14090.0,14230.0,12820.0,13160.0,178779,0.0,0.0
2024-05-28 10:00:00+09:00,13170.0,13270.0,12960.0,13090.0,45104,0.0,0.0
2024-05-28 11:00:00+09:00,13090.0,13360.0,13090.0,13240.0,32029,0.0,0.0
2024-05-28 12:00:00+09:00,13240.0,13380.0,13230.0,13330.0,18475,0.0,0.0
2024-05-28 13:00:00+09:00,13330.0,13390.0,13250.0,13340.0,11372,0.0,0.0
2024-05-28 14:00:00+09:00,13340.0,13420.0,13300.0,13340.0,11973,0.0,0.0
2024-05-29 09:00:00+09:00,13280.0,13410.0,13000.0,13080.0,20232,0.0,0.0
2024-05-29 10:00:00+09:00,13080.0,13210.0,13050.0,13140.0,5963,0.0,0.0
2024-05-29 11:00:00+09:00,13160.0,13210.0,13000.0,13070.0,10055,0.0,0.0
2024-05-29 12:00:00+09:00,13070.0,13170.0,13060.0,13120.0,4079,0.0,0.0
2024-05-29 13:00:00+09:00,13120.0,13120.0,13060.0,13100.0,5183,0.0,0.0
2024-05-29 14:00:00+09:00,13100.0,13110.0,13000.0,13080.0,10973,0.0,0.0
2024-05-30 09:00:00+09:00,13000.0,13090.0,12760.0,13010.0,17904,0.0,0.0
2024-05-30 10:00:00+09:00,13010.0,13020.0,12780.0,13020.0,9500,0.0,0.0
2024-05-30 11:00:00+09:00,13020.0,13100.0,12860.0,12970.0,9088,0.0,0.0
2024-05-30 12:00:00+09:00,12960.0,12960.0,12780.0,12840.0,11329,0.0,0.0
2024-05-30 13:00:00+09:00,12840.0,12890.0,12690.0,12710.0,15492,0.0,0.0
2024-05-30 14:00:00+09:00,12710.0,12830.0,12700.0,12830.0,8029,0.0,0.0
2024-05-31 09:00:00+09:00,12720.0,12990.0,12710.0,12820.0,12521,0.0,0.0
2024-05-31 10:00:00+09:00,12820.0,12900.0,12680.0,12700.0,8381,0.0,0.0
2024-05-31 11:00:00+09:00,12700.0,12950.0,12650.0,12900.0,19245,0.0,0.0
2024-05-31 12:00:00+09:00,12860.0,12890.0,12620.0,12640.0,12080,0.0,0.0
2024-05-31 13:00:00+09:00,12650.0,12760.0,12620.0,12710.0,10963,0.0,0.0
2024-05-31 14:00:00+09:00,12700.0,12770.0,12660.0,12770.0,17565,0.0,0.0
2024-06-03 09:00:00+09:00,12850.0,13470.0,12850.0,13230.0,0,0.0,0.0
2024-06-03 10:00:00+09:00,13220.0,13310.0,12790.0,12810.0,39922,0.0,0.0
2024-06-03 11:00:00+09:00,12810.0,12860.0,12750.0,12800.0,17211,0.0,0.0
2024-06-03 12:00:00+09:00,12810.0,12900.0,12710.0,12900.0,10095,0.0,0.0
2024-06-03 13:00:00+09:00,12890.0,12930.0,12850.0,12910.0,4813,0.0,0.0
2024-06-03 14:00:00+09:00,12890.0,12950.0,12790.0,12850.0,9660,0.0,0.0
2024-06-04 09:00:00+09:00,12940.0,12990.0,12680.0,12880.0,27261,0.0,0.0
2024-06-04 10:00:00+09:00,12860.0,12890.0,12790.0,12880.0,6243,0.0,0.0
2024-06-04 11:00:00+09:00,12870.0,12900.0,12810.0,12890.0,3207,0.0,0.0
2024-06-04 12:00:00+09:00,12890.0,12960.0,12880.0,12880.0,2758,0.0,0.0
2024-06-04 13:00:00+09:00,12880.0,12880.0,12780.0,12830.0,5824,0.0,0.0
2024-06-04 14:00:00+09:00,12820.0,12820.0,12650.0,12710.0,20778,0.0,0.0
2024-06-05 09:00:00+09:00,12500.0,12720.0,12470.0,12500.0,16968,0.0,0.0
2024-06-05 10:00:00+09:00,12540.0,12690.0,12450.0,12630.0,8569,0.0,0.0
2024-06-05 11:00:00+09:00,12630.0,12720.0,12510.0,12600.0,5551,0.0,0.0
2024-06-05 12:00:00+09:00,12590.0,12660.0,12530.0,12600.0,5001,0.0,0.0
2024-06-05 13:00:00+09:00,12600.0,12690.0,12510.0,12600.0,10387,0.0,0.0
2024-06-05 14:00:00+09:00,12590.0,12590.0,12450.0,12510.0,11629,0.0,0.0
2024-06-07 09:00:00+09:00,13500.0,14310.0,12530.0,13010.0,277739,0.0,0.0
2024-06-07 10:00:00+09:00,13010.0,13020.0,12650.0,12810.0,39420,0.0,0.0
2024-06-07 11:00:00+09:00,12760.0,14840.0,12740.0,14780.0,874683,0.0,0.0
2024-06-07 12:00:00+09:00,14780.0,15790.0,14220.0,15210.0,3199077,0.0,0.0
2024-06-07 13:00:00+09:00,15210.0,15400.0,14850.0,15000.0,624342,0.0,0.0
2024-06-07 14:00:00+09:00,15000.0,15820.0,14410.0,14620.0,1666816,0.0,0.0
2024-06-10 09:00:00+09:00,14000.0,14730.0,13850.0,14100.0,0,0.0,0.0
2024-06-10 10:00:00+09:00,14100.0,18150.0,14100.0,17620.0,5855353,0.0,0.0
2024-06-10 11:00:00+09:00,17620.0,17770.0,16650.0,16850.0,1737839,0.0,0.0
2024-06-10 12:00:00+09:00,16850.0,17200.0,16320.0,16650.0,901013,0.0,0.0
2024-06-10 13:00:00+09:00,16670.0,17000.0,16400.0,16540.0,490422,0.0,0.0
2024-06-10 14:00:00+09:00,16540.0,17030.0,16110.0,16300.0,494161,0.0,0.0
2024-06-11 09:00:00+09:00,18150.0,18870.0,16720.0,16930.0,2013473,0.0,0.0
2024-06-11 10:00:00+09:00,16900.0,17190.0,16840.0,16960.0,213063,0.0,0.0
2024-06-11 11:00:00+09:00,16950.0,17060.0,16350.0,16390.0,259338,0.0,0.0
2024-06-11 12:00:00+09:00,16390.0,16560.0,16110.0,16270.0,156456,0.0,0.0
2024-06-11 13:00:00+09:00,16270.0,16440.0,15810.0,15850.0,177837,0.0,0.0
2024-06-11 14:00:00+09:00,15850.0,16230.0,15720.0,15990.0,131663,0.0,0.0
2024-06-12 09:00:00+09:00,15920.0,16110.0,15360.0,15360.0,260833,0.0,0.0
2024-06-12 10:00:00+09:00,15370.0,17150.0,15200.0,15660.0,1375938,0.0,0.0
2024-06-12 11:00:00+09:00,15660.0,15750.0,15350.0,15410.0,207602,0.0,0.0
2024-06-12 12:00:00+09:00,15400.0,15490.0,15210.0,15300.0,124467,0.0,0.0
2024-06-12 13:00:00+09:00,15330.0,15380.0,15050.0,15080.0,80416,0.0,0.0
2024-06-12 14:00:00+09:00,15080.0,15480.0,15010.0,15450.0,124682,0.0,0.0
2024-06-13 09:00:00+09:00,15350.0,15530.0,15180.0,15370.0,130358,0.0,0.0
2024-06-13 10:00:00+09:00,15440.0,15690.0,15300.0,15560.0,90466,0.0,0.0
2024-06-13 11:00:00+09:00,15560.0,16220.0,15480.0,15590.0,591735,0.0,0.0
2024-06-13 12:00:00+09:00,15550.0,15590.0,15250.0,15350.0,85577,0.0,0.0
2024-06-13 13:00:00+09:00,15350.0,15440.0,15110.0,15170.0,69460,0.0,0.0
2024-06-13 14:00:00+09:00,15170.0,15180.0,14870.0,14910.0,98031,0.0,0.0
2024-06-14 09:00:00+09:00,14700.0,15020.0,14600.0,14950.0,137815,0.0,0.0
2024-06-14 10:00:00+09:00,14950.0,14980.0,14720.0,14750.0,52495,0.0,0.0
2024-06-14 11:00:00+09:00,14760.0,15100.0,14740.0,14870.0,66441,0.0,0.0
2024-06-14 12:00:00+09:00,14840.0,15090.0,14750.0,14830.0,41266,0.0,0.0
2024-06-14 13:00:00+09:00,14760.0,14830.0,14660.0,14750.0,34962,0.0,0.0
2024-06-14 14:00:00+09:00,14730.0,14730.0,14410.0,14710.0,70043,0.0,0.0
2024-06-17 09:00:00+09:00,14720.0,15650.0,14720.0,14810.0,63681,0.0,0.0
2024-06-17 10:00:00+09:00,14810.0,14850.0,14220.0,14260.0,146810,0.0,0.0
2024-06-17 11:00:00+09:00,14260.0,14360.0,14050.0,14070.0,56115,0.0,0.0
2024-06-17 12:00:00+09:00,14060.0,14110.0,14020.0,14090.0,31345,0.0,0.0
2024-06-17 13:00:00+09:00,14090.0,14180.0,14020.0,14050.0,16783,0.0,0.0
2024-06-17 14:00:00+09:00,14050.0,14080.0,13930.0,13960.0,43947,0.0,0.0
2024-06-18 09:00:00+09:00,13680.0,13950.0,13570.0,13770.0,67616,0.0,0.0
2024-06-18 10:00:00+09:00,13730.0,14000.0,13670.0,13850.0,32413,0.0,0.0
2024-06-18 11:00:00+09:00,13850.0,15700.0,13810.0,14370.0,1359713,0.0,0.0
2024-06-18 12:00:00+09:00,14370.0,15420.0,14300.0,14410.0,665691,0.0,0.0
2024-06-18 13:00:00+09:00,14410.0,14790.0,14360.0,14490.0,106388,0.0,0.0
2024-06-18 14:00:00+09:00,14480.0,14500.0,14300.0,14340.0,65624,0.0,0.0
2024-06-19 09:00:00+09:00,14300.0,14840.0,14100.0,14600.0,152578,0.0,0.0
2024-06-19 10:00:00+09:00,14600.0,15010.0,14580.0,14660.0,76928,0.0,0.0
2024-06-19 11:00:00+09:00,14660.0,14750.0,14350.0,14390.0,51693,0.0,0.0
2024-06-19 12:00:00+09:00,14370.0,14590.0,14260.0,14350.0,37651,0.0,0.0
2024-06-19 13:00:00+09:00,14350.0,14490.0,14300.0,14330.0,28697,0.0,0.0
2024-06-19 14:00:00+09:00,14330.0,14660.0,14250.0,14520.0,41482,0.0,0.0
2024-06-20 09:00:00+09:00,14530.0,15160.0,14530.0,14750.0,111489,0.0,0.0
2024-06-20 10:00:00+09:00,14740.0,14820.0,14360.0,14420.0,74458,0.0,0.0
2024-06-20 11:00:00+09:00,14420.0,14550.0,14360.0,14410.0,19496,0.0,0.0
2024-06-20 12:00:00+09:00,14420.0,14480.0,14360.0,14410.0,14217,0.0,0.0
2024-06-20 13:00:00+09:00,14400.0,14410.0,14310.0,14340.0,16578,0.0,0.0
2024-06-20 14:00:00+09:00,14340.0,14410.0,14200.0,14210.0,48201,0.0,0.0
2024-06-21 09:00:00+09:00,14090.0,14150.0,13730.0,13930.0,90591,0.0,0.0
2024-06-21 10:00:00+09:00,13940.0,14020.0,13850.0,13890.0,16042,0.0,0.0
2024-06-21 11:00:00+09:00,13870.0,13950.0,13760.0,13900.0,22149,0.0,0.0
2024-06-21 12:00:00+09:00,13910.0,13940.0,13700.0,13760.0,31083,0.0,0.0
2024-06-21 13:00:00+09:00,13760.0,13780.0,13670.0,13680.0,13204,0.0,0.0
2024-06-21 14:00:00+09:00,13680.0,13740.0,13580.0,13650.0,32214,0.0,0.0
2024-06-24 09:00:00+09:00,13700.0,13920.0,13210.0,13290.0,0,0.0,0.0
2024-06-24 10:00:00+09:00,13300.0,13300.0,12930.0,12970.0,62438,0.0,0.0
2024-06-24 11:00:00+09:00,12980.0,13330.0,12920.0,13190.0,16957,0.0,0.0
2024-06-24 12:00:00+09:00,13190.0,13490.0,13150.0,13440.0,19803,0.0,0.0
2024-06-24 13:00:00+09:00,13440.0,13650.0,13410.0,13530.0,23320,0.0,0.0
2024-06-24 14:00:00+09:00,13530.0,13620.0,13490.0,13590.0,15502,0.0,0.0
2024-06-25 09:00:00+09:00,13400.0,13560.0,13090.0,13260.0,33031,0.0,0.0
2024-06-25 10:00:00+09:00,13260.0,13540.0,13240.0,13470.0,11912,0.0,0.0
2024-06-25 11:00:00+09:00,13470.0,13710.0,13470.0,13670.0,20154,0.0,0.0
2024-06-25 12:00:00+09:00,13640.0,13700.0,13600.0,13610.0,8274,0.0,0.0
2024-06-25 13:00:00+09:00,13610.0,13650.0,13600.0,13610.0,9011,0.0,0.0
2024-06-25 14:00:00+09:00,13610.0,13640.0,13600.0,13630.0,13275,0.0,0.0
2024-06-26 09:00:00+09:00,13590.0,13650.0,13300.0,13330.0,33875,0.0,0.0
2024-06-26 10:00:00+09:00,13360.0,13850.0,13320.0,13540.0,10891,0.0,0.0
2024-06-26 11:00:00+09:00,13530.0,13530.0,13410.0,13440.0,3782,0.0,0.0
2024-06-26 12:00:00+09:00,13490.0,13490.0,13340.0,13410.0,6110,0.0,0.0
2024-06-26 13:00:00+09:00,13380.0,13390.0,13260.0,13270.0,12028,0.0,0.0
2024-06-26 14:00:00+09:00,13270.0,13370.0,13250.0,13260.0,8670,0.0,0.0
2024-06-27 09:00:00+09:00,12740.0,13000.0,12720.0,12800.0,37506,0.0,0.0
2024-06-27 10:00:00+09:00,12850.0,12880.0,12780.0,12780.0,7311,0.0,0.0
2024-06-27 11:00:00+09:00,12790.0,12840.0,12730.0,12800.0,7811,0.0,0.0
2024-06-27 12:00:00+09:00,12800.0,12840.0,12760.0,12780.0,5499,0.0,0.0
2024-06-27 13:00:00+09:00,12820.0,12920.0,12780.0,12850.0,5976,0.0,0.0
2024-06-27 14:00:00+09:00,12850.0,12880.0,12710.0,12730.0,15068,0.0,0.0
2024-06-28 09:00:00+09:00,12810.0,13080.0,12720.0,13010.0,26479,0.0,0.0
2024-06-28 10:00:00+09:00,13010.0,13060.0,12930.0,12960.0,11335,0.0,0.0
2024-06-28 11:00:00+09:00,12960.0,12990.0,12900.0,12960.0,6347,0.0,0.0
2024-06-28 12:00:00+09:00,12960.0,12970.0,12860.0,12930.0,4539,0.0,0.0
2024-06-28 13:00:00+09:00,12870.0,12910.0,12800.0,12820.0,6152,0.0,0.0
2024-06-28 14:00:00+09:00,12820.0,12840.0,12720.0,12800.0,9175,0.0,0.0
2024-07-01 09:00:00+09:00,12900.0,12910.0,12680.0,12840.0,0,0.0,0.0
2024-07-01 10:00:00+09:00,12840.0,12850.0,12700.0,12760.0,8983,0.0,0.0
2024-07-01 11:00:00+09:00,12760.0,12810.0,12630.0,12640.0,7016,0.0,0.0
2024-07-01 12:00:00+09:00,12700.0,12710.0,12600.0,12610.0,8163,0.0,0.0
2024-07-01 13:00:00+09:00,12650.0,12690.0,12510.0,12520.0,8602,0.0,0.0
2024-07-01 14:00:00+09:00,12540.0,12540.0,12500.0,12510.0,12474,0.0,0.0
2024-07-02 09:00:00+09:00,12420.0,12680.0,11930.0,12060.0,89021,0.0,0.0
2024-07-02 10:00:00+09:00,12070.0,12100.0,11860.0,11970.0,32248,0.0,0.0
2024-07-02 11:00:00+09:00,11970.0,12030.0,11830.0,11840.0,15211,0.0,0.0
2024-07-02 12:00:00+09:00,11830.0,12080.0,11830.0,12070.0,13735,0.0,0.0
2024-07-02 13:00:00+09:00,12060.0,12090.0,11920.0,11960.0,8738,0.0,0.0
2024-07-02 14:00:00+09:00,11960.0,12010.0,11920.0,11980.0,10962,0.0,0.0
2024-07-03 09:00:00+09:00,12010.0,12420.0,11860.0,11960.0,38527,0.0,0.0
2024-07-03 10:00:00+09:00,11960.0,12150.0,11850.0,12150.0,23365,0.0,0.0
2024-07-03 11:00:00+09:00,12150.0,12150.0,11990.0,12090.0,7407,0.0,0.0
2024-07-03 12:00:00+09:00,12090.0,12100.0,12020.0,12050.0,4135,0.0,0.0
2024-07-03 13:00:00+09:00,12070.0,12070.0,12000.0,12060.0,5353,0.0,0.0
2024-07-03 14:00:00+09:00,12070.0,12080.0,11800.0,11930.0,18508,0.0,0.0
2024-07-04 09:00:00+09:00,11680.0,11750.0,11550.0,11580.0,16636,0.0,0.0
2024-07-04 10:00:00+09:00,11590.0,11590.0,11390.0,11420.0,18833,0.0,0.0
2024-07-04 11:00:00+09:00,11420.0,11500.0,11320.0,11480.0,9665,0.0,0.0
2024-07-04 12:00:00+09:00,11440.0,11500.0,11360.0,11400.0,4909,0.0,0.0
2024-07-04 13:00:00+09:00,11400.0,11450.0,11340.0,11420.0,9397,0.0,0.0
2024-07-04 14:00:00+09:00,11420.0,11480.0,11380.0,11450.0,7842,0.0,0.0
2024-07-05 09:00:00+09:00,11410.0,11530.0,11340.0,11380.0,15367,0.0,0.0
2024-07-05 10:00:00+09:00,11390.0,11420.0,11270.0,11300.0,14253,0.0,0.0
2024-07-05 11:00:00+09:00,11300.0,11320.0,11200.0,11250.0,10635,0.0,0.0
2024-07-05 12:00:00+09:00,11240.0,11260.0,11200.0,11230.0,6485,0.0,0.0
2024-07-05 13:00:00+09:00,11230.0,11260.0,11120.0,11130.0,13817,0.0,0.0
2024-07-05 14:00:00+09:00,11130.0,11130.0,11030.0,11120.0,10023,0.0,0.0
2024-07-08 09:00:00+09:00,11280.0,11350.0,11030.0,11320.0,0,0.0,0.0
2024-07-08 10:00:00+09:00,11300.0,11600.0,11250.0,11500.0,29366,0.0,0.0
2024-07-08 11:00:00+09:00,11470.0,11500.0,11420.0,11420.0,5573,0.0,0.0
2024-07-08 12:00:00+09:00,11420.0,11450.0,11380.0,11430.0,4750,0.0,0.0
2024-07-08 13:00:00+09:00,11420.0,11490.0,11400.0,11470.0,4076,0.0,0.0
2024-07-08 14:00:00+09:00,11480.0,11490.0,11380.0,11440.0,4945,0.0,0.0
2024-07-09 09:00:00+09:00,11420.0,11640.0,11410.0,11600.0,14110,0.0,0.0
2024-07-09 10:00:00+09:00,11610.0,11610.0,11520.0,11600.0,10456,0.0,0.0
2024-07-09 11:00:00+09:00,11590.0,11710.0,11520.0,11690.0,7595,0.0,0.0
2024-07-09 12:00:00+09:00,11690.0,11750.0,11630.0,11750.0,11192,0.0,0.0
2024-07-09 13:00:00+09:00,11750.0,11760.0,11680.0,11680.0,8599,0.0,0.0
2024-07-09 14:00:00+09:00,11700.0,11730.0,11660.0,11690.0,4931,0.0,0.0
2024-07-10 09:00:00+09:00,11830.0,11880.0,11600.0,11820.0,16166,0.0,0.0
2024-07-10 10:00:00+09:00,11820.0,12130.0,11760.0,12020.0,29850,0.0,0.0
2024-07-10 11:00:00+09:00,12020.0,12140.0,11960.0,12100.0,20644,0.0,0.0
2024-07-10 12:00:00+09:00,12090.0,12450.0,12080.0,12440.0,63855,0.0,0.0
2024-07-10 13:00:00+09:00,12440.0,14550.0,12390.0,14250.0,1569544,0.0,0.0
2024-07-10 14:00:00+09:00,14240.0,14990.0,14120.0,14380.0,1149134,0.0,0.0
2024-07-11 09:00:00+09:00,13570.0,14210.0,13390.0,13590.0,441044,0.0,0.0
2024-07-11 10:00:00+09:00,13590.0,13760.0,13490.0,13550.0,53518,0.0,0.0
2024-07-11 11:00:00+09:00,13550.0,13770.0,13520.0,13690.0,25356,0.0,0.0
2024-07-11 12:00:00+09:00,13690.0,13700.0,13540.0,13590.0,23006,0.0,0.0
2024-07-11 13:00:00+09:00,13600.0,14210.0,13400.0,13620.0,117247,0.0,0.0
2024-07-11 14:00:00+09:00,13620.0,13860.0,13540.0,13680.0,44468,0.0,0.0
2024-07-12 09:00:00+09:00,13400.0,13550.0,13060.0,13210.0,82923,0.0,0.0
2024-07-12 10:00:00+09:00,13210.0,13380.0,13090.0,13290.0,30138,0.0,0.0
2024-07-12 11:00:00+09:00,13280.0,13310.0,13100.0,13110.0,17001,0.0,0.0
2024-07-12 12:00:00+09:00,13110.0,13500.0,12890.0,13000.0,61020,0.0,0.0
2024-07-12 13:00:00+09:00,13000.0,13640.0,12900.0,13000.0,74605,0.0,0.0
2024-07-12 14:00:00+09:00,13000.0,13330.0,12980.0,13300.0,31801,0.0,0.0
2024-07-15 09:00:00+09:00,13050.0,13580.0,12920.0,13500.0,0,0.0,0.0
2024-07-15 10:00:00+09:00,13500.0,13500.0,13270.0,13390.0,23685,0.0,0.0
2024-07-15 11:00:00+09:00,13390.0,13660.0,13370.0,13470.0,38557,0.0,0.0
2024-07-15 12:00:00+09:00,13520.0,13580.0,13430.0,13490.0,10310,0.0,0.0
2024-07-15 13:00:00+09:00,13500.0,13530.0,13370.0,13450.0,12913,0.0,0.0
2024-07-15 14:00:00+09:00,13440.0,13440.0,13300.0,13340.0,21303,0.0,0.0
2024-07-16 09:00:00+09:00,13580.0,13600.0,12480.0,12480.0,142645,0.0,0.0
2024-07-16 10:00:00+09:00,12480.0,12650.0,12420.0,12480.0,25546,0.0,0.0
2024-07-16 11:00:00+09:00,12490.0,12580.0,12460.0,12530.0,4255,0.0,0.0
2024-07-16 12:00:00+09:00,12530.0,12570.0,12510.0,12520.0,6036,0.0,0.0
2024-07-16 13:00:00+09:00,12510.0,12550.0,12470.0,12500.0,7106,0.0,0.0
2024-07-16 14:00:00+09:00,12500.0,12510.0,12410.0,12420.0,19347,0.0,0.0
2024-07-17 09:00:00+09:00,12450.0,12870.0,12370.0,12790.0,47288,0.0,0.0
2024-07-17 10:00:00+09:00,12790.0,12870.0,12510.0,12600.0,32237,0.0,0.0
2024-07-17 11:00:00+09:00,12600.0,12670.0,12530.0,12550.0,0,0.0,0.0
2024-07-17 12:00:00+09:00,12550.0,12620.0,12520.0,12610.0,97267,0.0,0.0
2024-07-17 13:00:00+09:00,12590.0,12610.0,12450.0,12490.0,16363,0.0,0.0
2024-07-17 14:00:00+09:00,12500.0,12560.0,12350.0,12400.0,20750,0.0,0.0
2024-07-18 09:00:00+09:00,12340.0,12350.0,12000.0,12180.0,30915,0.0,0.0
2024-07-18 10:00:00+09:00,12180.0,12220.0,12130.0,12180.0,11037,0.0,0.0
2024-07-18 11:00:00+09:00,12180.0,12190.0,12100.0,12150.0,11118,0.0,0.0
2024-07-18 12:00:00+09:00,12150.0,12290.0,12140.0,12230.0,7716,0.0,0.0
2024-07-18 13:00:00+09:00,12230.0,12260.0,12130.0,12130.0,4566,0.0,0.0
2024-07-18 14:00:00+09:00,12130.0,12270.0,12110.0,12180.0,8305,0.0,0.0
2024-07-19 09:00:00+09:00,12130.0,12560.0,12090.0,12480.0,17548,0.0,0.0
2024-07-19 10:00:00+09:00,12440.0,12440.0,12250.0,12250.0,6344,0.0,0.0
2024-07-19 11:00:00+09:00,12260.0,12350.0,12250.0,12280.0,1509,0.0,0.0
2024-07-19 12:00:00+09:00,12280.0,12350.0,12270.0,12340.0,3920,0.0,0.0
2024-07-19 13:00:00+09:00,12280.0,12440.0,12260.0,12420.0,3671,0.0,0.0
2024-07-19 14:00:00+09:00,12410.0,12690.0,12270.0,12600.0,22226,0.0,0.0
2024-07-22 09:00:00+09:00,12410.0,12460.0,12050.0,12080.0,0,0.0,0.0
2024-07-22 10:00:00+09:00,12100.0,12210.0,12080.0,12200.0,11398,0.0,0.0
2024-07-22 11:00:00+09:00,12200.0,14130.0,12120.0,13820.0,473150,0.0,0.0
2024-07-22 12:00:00+09:00,13820.0,14180.0,12960.0,13430.0,1128237,0.0,0.0
2024-07-22 13:00:00+09:00,13370.0,14600.0,13290.0,13410.0,1132547,0.0,0.0
2024-07-22 14:00:00+09:00,13410.0,13720.0,13180.0,13590.0,193633,0.0,0.0
2024-07-23 09:00:00+09:00,13420.0,13630.0,13050.0,13120.0,141727,0.0,0.0
2024-07-23 10:00:00+09:00,13170.0,13190.0,12960.0,13090.0,49162,0.0,0.0
2024-07-23 11:00:00+09:00,13070.0,13190.0,13010.0,13010.0,13589,0.0,0.0
2024-07-23 12:00:00+09:00,13010.0,13540.0,13000.0,13380.0,60255,0.0,0.0
2024-07-23 13:00:00+09:00,13380.0,13390.0,13140.0,13210.0,25702,0.0,0.0
2024-07-23 14:00:00+09:00,13200.0,13270.0,13090.0,13100.0,15476,0.0,0.0
2024-07-24 09:00:00+09:00,13100.0,13100.0,12510.0,12620.0,96167,0.0,0.0
2024-07-24 10:00:00+09:00,12620.0,12640.0,12490.0,12500.0,34692,0.0,0.0
2024-07-24 11:00:00+09:00,12550.0,12580.0,11800.0,12160.0,49066,0.0,0.0
2024-07-24 12:00:00+09:00,12160.0,12340.0,12000.0,12060.0,29515,0.0,0.0
2024-07-24 13:00:00+09:00,12060.0,12100.0,11890.0,12050.0,33723,0.0,0.0
2024-07-24 14:00:00+09:00,12040.0,12070.0,11970.0,12020.0,18206,0.0,0.0
2024-07-25 09:00:00+09:00,11480.0,12030.0,11390.0,11480.0,62498,0.0,0.0
2024-07-25 10:00:00+09:00,11520.0,11790.0,11480.0,11570.0,15860,0.0,0.0
2024-07-25 11:00:00+09:00,11570.0,11670.0,11550.0,11600.0,4959,0.0,0.0
2024-07-25 12:00:00+09:00,11600.0,11720.0,11550.0,11690.0,5159,0.0,0.0
2024-07-25 13:00:00+09:00,11680.0,11770.0,11550.0,11690.0,18031,0.0,0.0
2024-07-25 14:00:00+09:00,11690.0,11790.0,11600.0,11740.0,9587,0.0,0.0
2024-07-26 09:00:00+09:00,11400.0,11710.0,11400.0,11680.0,13199,0.0,0.0
2024-07-26 10:00:00+09:00,11660.0,11880.0,11660.0,11850.0,16690,0.0,0.0
2024-07-26 11:00:00+09:00,11800.0,11870.0,11700.0,11870.0,10445,0.0,0.0
2024-07-26 12:00:00+09:00,11860.0,12050.0,11860.0,11950.0,19460,0.0,0.0
2024-07-26 13:00:00+09:00,11950.0,12000.0,11870.0,11920.0,6961,0.0,0.0
2024-07-26 14:00:00+09:00,11950.0,12300.0,11870.0,11950.0,29993,0.0,0.0
2024-07-29 09:00:00+09:00,11770.0,12030.0,11770.0,11980.0,0,0.0,0.0
2024-07-29 10:00:00+09:00,11990.0,11990.0,11880.0,11880.0,4786,0.0,0.0
2024-07-29 11:00:00+09:00,11910.0,11930.0,11860.0,11930.0,3986,0.0,0.0
2024-07-29 12:00:00+09:00,11900.0,11990.0,11900.0,11920.0,3863,0.0,0.0
2024-07-29 13:00:00+09:00,11930.0,12500.0,11910.0,12420.0,12614,0.0,0.0
2024-07-29 14:00:00+09:00,12290.0,12940.0,12050.0,12090.0,222325,0.0,0.0
2024-07-30 09:00:00+09:00,12120.0,12210.0,11840.0,11850.0,27558,0.0,0.0
2024-07-30 10:00:00+09:00,11860.0,11980.0,11850.0,11950.0,9149,0.0,0.0
2024-07-30 11:00:00+09:00,11900.0,11960.0,11850.0,11870.0,1463,0.0,0.0
2024-07-30 12:00:00+09:00,11880.0,11890.0,11820.0,11860.0,4391,0.0,0.0
2024-07-30 13:00:00+09:00,11860.0,11880.0,11830.0,11840.0,4350,0.0,0.0
2024-07-30 14:00:00+09:00,11830.0,11930.0,11700.0,11710.0,13286,0.0,0.0
2024-07-31 09:00:00+09:00,11560.0,11920.0,11510.0,11680.0,7594,0.0,0.0
2024-07-31 10:00:00+09:00,11730.0,11810.0,11620.0,11690.0,5035,0.0,0.0
2024-07-31 11:00:00+09:00,11690.0,11690.0,11620.0,11630.0,0,0.0,0.0
2024-07-31 12:00:00+09:00,11660.0,11680.0,11630.0,11630.0,18336,0.0,0.0
2024-07-31 13:00:00+09:00,11630.0,11690.0,11530.0,11560.0,9340,0.0,0.0
2024-07-31 14:00:00+09:00,11560.0,11720.0,11480.0,11660.0,15452,0.0,0.0
2024-08-01 09:00:00+09:00,11680.0,12160.0,11680.0,12120.0,31519,0.0,0.0
2024-08-01 10:00:00+09:00,12120.0,12130.0,11850.0,11910.0,6506,0.0,0.0
2024-08-01 11:00:00+09:00,11920.0,11960.0,11880.0,11960.0,1997,0.0,0.0
2024-08-01 12:00:00+09:00,11950.0,12090.0,11880.0,12070.0,7041,0.0,0.0
2024-08-01 13:00:00+09:00,12060.0,12100.0,11970.0,12080.0,6303,0.0,0.0
2024-08-01 14:00:00+09:00,12070.0,12070.0,11950.0,11970.0,6783,0.0,0.0
2024-08-02 09:00:00+09:00,11820.0,11860.0,11630.0,11650.0,24105,0.0,0.0
2024-08-02 10:00:00+09:00,11650.0,11740.0,11610.0,11700.0,12327,0.0,0.0
2024-08-02 11:00:00+09:00,11700.0,11730.0,11580.0,11620.0,5593,0.0,0.0
2024-08-02 12:00:00+09:00,11610.0,11700.0,11600.0,11600.0,2526,0.0,0.0
2024-08-02 13:00:00+09:00,11600.0,11680.0,11580.0,11610.0,5340,0.0,0.0
2024-08-02 14:00:00+09:00,11620.0,11620.0,11480.0,11590.0,17687,0.0,0.0
2024-08-05 09:00:00+09:00,11350.0,11350.0,10560.0,10620.0,0,0.0,0.0
2024-08-05 10:00:00+09:00,10590.0,10600.0,10420.0,10540.0,19696,0.0,0.0
2024-08-05 11:00:00+09:00,10540.0,10580.0,10400.0,10410.0,11870,0.0,0.0
2024-08-05 12:00:00+09:00,10420.0,10560.0,10420.0,10510.0,4969,0.0,0.0
2024-08-05 13:00:00+09:00,10450.0,10480.0,10290.0,10360.0,21198,0.0,0.0
2024-08-05 14:00:00+09:00,10280.0,10280.0,9710.0,9750.0,42009,0.0,0.0
2024-08-06 09:00:00+09:00,10050.0,10500.0,9990.0,10400.0,69072,0.0,0.0
2024-08-06 10:00:00+09:00,10390.0,10470.0,9970.0,10180.0,31225,0.0,0.0
2024-08-06 11:00:00+09:00,10190.0,10240.0,10150.0,10200.0,8684,0.0,0.0
2024-08-06 12:00:00+09:00,10200.0,10340.0,10150.0,10300.0,4177,0.0,0.0
2024-08-06 13:00:00+09:00,10300.0,10330.0,10200.0,10280.0,5185,0.0,0.0
2024-08-06 14:00:00+09:00,10260.0,10270.0,10140.0,10250.0,10217,0.0,0.0
2024-08-07 09:00:00+09:00,10270.0,10570.0,10210.0,10400.0,14675,0.0,0.0
2024-08-07 10:00:00+09:00,10480.0,10640.0,10350.0,10610.0,10310,0.0,0.0
2024-08-07 11:00:00+09:00,10560.0,10680.0,10550.0,10650.0,7647,0.0,0.0
2024-08-07 12:00:00+09:00,10640.0,10650.0,10500.0,10540.0,13897,0.0,0.0
2024-08-07 13:00:00+09:00,10570.0,10600.0,10500.0,10530.0,4583,0.0,0.0
2024-08-07 14:00:00+09:00,10540.0,10630.0,10500.0,10570.0,6533,0.0,0.0
2024-08-08 09:00:00+09:00,10450.0,10570.0,10130.0,10300.0,11243,0.0,0.0
2024-08-08 10:00:00+09:00,10270.0,10460.0,10230.0,10410.0,5244,0.0,0.0
2024-08-08 11:00:00+09:00,10420.0,10420.0,10310.0,10400.0,3136,0.0,0.0
2024-08-08 12:00:00+09:00,10420.0,10530.0,10320.0,10360.0,5244,0.0,0.0
2024-08-08 13:00:00+09:00,10320.0,10400.0,10230.0,10270.0,7005,0.0,0.0
2024-08-08 14:00:00+09:00,10270.0,10350.0,10210.0,10240.0,5903,0.0,0.0
2024-08-09 09:00:00+09:00,10330.0,10890.0,10330.0,10670.0,18715,0.0,0.0
2024-08-09 10:00:00+09:00,10670.0,10710.0,10570.0,10640.0,4098,0.0,0.0
2024-08-09 11:00:00+09:00,10640.0,10650.0,10580.0,10630.0,2275,0.0,0.0
2024-08-09 12:00:00+09:00,10630.0,10640.0,10550.0,10640.0,3701,0.0,0.0
2024-08-09 13:00:00+09:00,10640.0,10650.0,10510.0,10540.0,2258,0.0,0.0
2024-08-09 14:00:00+09:00,10540.0,10580.0,10470.0,10570.0,2321,0.0,0.0
2024-08-12 09:00:00+09:00,10780.0,13000.0,10720.0,12260.0,980568,0.0,0.0
2024-08-12 10:00:00+09:00,12260.0,12310.0,11940.0,11940.0,144808,0.0,0.0
2024-08-12 11:00:00+09:00,11940.0,11950.0,11680.0,11750.0,91162,0.0,0.0
2024-08-12 12:00:00+09:00,11760.0,12100.0,11680.0,11850.0,76175,0.0,0.0
2024-08-12 13:00:00+09:00,11860.0,12210.0,11700.0,11840.0,136764,0.0,0.0
2024-08-12 14:00:00+09:00,11840.0,11840.0,11620.0,11660.0,53508,0.0,0.0
2024-08-13 09:00:00+09:00,11420.0,11590.0,11170.0,11220.0,91925,0.0,0.0
2024-08-13 10:00:00+09:00,11220.0,11300.0,11160.0,11250.0,14966,0.0,0.0
2024-08-13 11:00:00+09:00,11230.0,11230.0,11110.0,11170.0,19015,0.0,0.0
2024-08-13 12:00:00+09:00,11240.0,11340.0,11180.0,11200.0,8911,0.0,0.0
2024-08-13 13:00:00+09:00,11270.0,11410.0,11200.0,11330.0,10512,0.0,0.0
2024-08-13 14:00:00+09:00,11330.0,11350.0,11260.0,11310.0,11948,0.0,0.0
2024-08-14 09:00:00+09:00,11280.0,11760.0,11260.0,11700.0,74566,0.0,0.0
2024-08-14 10:00:00+09:00,11700.0,11850.0,11660.0,11800.0,35584,0.0,0.0
2024-08-14 11:00:00+09:00,11790.0,11870.0,11720.0,11760.0,17326,0.0,0.0
2024-08-14 12:00:00+09:00,11760.0,11950.0,11760.0,11840.0,44833,0.0,0.0
2024-08-14 13:00:00+09:00,11800.0,11800.0,11600.0,11760.0,20972,0.0,0.0
2024-08-14 14:00:00+09:00,11750.0,11850.0,11730.0,11760.0,11193,0.0,0.0
2024-08-16 09:00:00+09:00,11550.0,11700.0,11510.0,11650.0,0,0.0,0.0
2024-08-16 10:00:00+09:00,11660.0,11700.0,11600.0,11650.0,13553,0.0,0.0
2024-08-16 11:00:00+09:00,11650.0,11700.0,11630.0,11630.0,7343,0.0,0.0
2024-08-16 12:00:00+09:00,11630.0,11640.0,11510.0,11510.0,9779,0.0,0.0
2024-08-16 13:00:00+09:00,11510.0,11600.0,11470.0,11490.0,11089,0.0,0.0
2024-08-16 14:00:00+09:00,11480.0,11500.0,11400.0,11420.0,9841,0.0,0.0
2024-08-19 09:00:00+09:00,11700.0,11700.0,11400.0,11510.0,0,0.0,0.0
2024-08-19 10:00:00+09:00,11510.0,11660.0,11470.0,11610.0,9083,0.0,0.0
2024-08-19 11:00:00+09:00,11610.0,11640.0,11540.0,11560.0,2811,0.0,0.0
2024-08-19 12:00:00+09:00,11580.0,11620.0,11570.0,11620.0,6300,0.0,0.0
2024-08-19 13:00:00+09:00,11620.0,11620.0,11470.0,11480.0,8127,0.0,0.0
2024-08-19 14:00:00+09:00,11490.0,11510.0,10660.0,11250.0,35038,0.0,0.0
2024-08-20 09:00:00+09:00,10950.0,11800.0,10910.0,11740.0,54024,0.0,0.0
2024-08-20 10:00:00+09:00,11740.0,11800.0,11570.0,11740.0,29181,0.0,0.0
2024-08-20 11:00:00+09:00,11740.0,11850.0,11660.0,11670.0,17978,0.0,0.0
2024-08-20 12:00:00+09:00,11670.0,11800.0,11670.0,11720.0,7553,0.0,0.0
2024-08-20 13:00:00+09:00,11750.0,11790.0,11700.0,11700.0,9137,0.0,0.0
2024-08-20 14:00:00+09:00,11710.0,11740.0,11600.0,11690.0,9142,0.0,0.0
2024-08-21 09:00:00+09:00,12090.0,12160.0,11730.0,11800.0,85902,0.0,0.0
2024-08-21 10:00:00+09:00,11800.0,11860.0,11710.0,11830.0,9532,0.0,0.0
2024-08-21 11:00:00+09:00,11810.0,11810.0,11710.0,11770.0,8481,0.0,0.0
2024-08-21 12:00:00+09:00,11770.0,11830.0,11720.0,11760.0,5864,0.0,0.0
2024-08-21 13:00:00+09:00,11740.0,11830.0,11690.0,11780.0,9255,0.0,0.0
2024-08-21 14:00:00+09:00,11840.0,12000.0,11800.0,11910.0,22502,0.0,0.0
2024-08-22 09:00:00+09:00,12080.0,12100.0,11610.0,11700.0,38956,0.0,0.0
2024-08-22 10:00:00+09:00,11660.0,11730.0,11580.0,11610.0,9991,0.0,0.0
2024-08-22 11:00:00+09:00,11610.0,11630.0,11510.0,11560.0,5276,0.0,0.0
2024-08-22 12:00:00+09:00,11620.0,11620.0,11460.0,11620.0,7233,0.0,0.0
2024-08-22 13:00:00+09:00,11560.0,11560.0,11400.0,11400.0,15965,0.0,0.0
2024-08-22 14:00:00+09:00,11410.0,11550.0,11350.0,11410.0,22495,0.0,0.0
2024-08-23 09:00:00+09:00,11710.0,11880.0,11420.0,11710.0,28000,0.0,0.0
2024-08-23 10:00:00+09:00,11710.0,11790.0,11680.0,11680.0,7080,0.0,0.0
2024-08-23 11:00:00+09:00,11680.0,11900.0,11670.0,11730.0,0,0.0,0.0
2024-08-23 12:00:00+09:00,11740.0,11790.0,11720.0,11740.0,45409,0.0,0.0
2024-08-23 13:00:00+09:00,11720.0,11790.0,11650.0,11650.0,5889,0.0,0.0
2024-08-23 14:00:00+09:00,11650.0,11700.0,11590.0,11610.0,6780,0.0,0.0
2024-08-26 09:00:00+09:00,11600.0,11600.0,11300.0,11470.0,0,0.0,0.0
2024-08-26 10:00:00+09:00,11480.0,11590.0,11380.0,11430.0,4272,0.0,0.0
2024-08-26 11:00:00+09:00,11420.0,11550.0,11300.0,11340.0,7341,0.0,0.0
2024-08-26 12:00:00+09:00,11330.0,11340.0,11270.0,11290.0,9691,0.0,0.0
2024-08-26 13:00:00+09:00,11290.0,11310.0,11250.0,11260.0,7487,0.0,0.0
2024-08-26 14:00:00+09:00,11260.0,11290.0,11210.0,11230.0,13640,0.0,0.0
2024-08-27 09:00:00+09:00,11270.0,11390.0,11100.0,11260.0,10235,0.0,0.0
2024-08-27 10:00:00+09:00,11260.0,11280.0,11110.0,11120.0,7471,0.0,0.0
2024-08-27 11:00:00+09:00,11120.0,11150.0,11060.0,11060.0,6455,0.0,0.0
2024-08-27 12:00:00+09:00,11070.0,11110.0,11060.0,11080.0,4412,0.0,0.0
2024-08-27 13:00:00+09:00,11080.0,11130.0,11080.0,11100.0,4394,0.0,0.0
2024-08-27 14:00:00+09:00,11130.0,11240.0,11100.0,11140.0,6780,0.0,0.0
2024-08-28 09:00:00+09:00,11360.0,11360.0,11060.0,11230.0,11019,0.0,0.0
2024-08-28 10:00:00+09:00,11210.0,11230.0,11100.0,11100.0,7154,0.0,0.0
2024-08-28 11:00:00+09:00,11100.0,11150.0,10960.0,11040.0,16992,0.0,0.0
2024-08-28 12:00:00+09:00,10990.0,11150.0,10960.0,11070.0,5599,0.0,0.0
2024-08-28 13:00:00+09:00,11070.0,11120.0,10970.0,11100.0,5623,0.0,0.0
2024-08-28 14:00:00+09:00,11100.0,11100.0,11000.0,11030.0,2923,0.0,0.0
2024-08-29 09:00:00+09:00,10890.0,10890.0,10750.0,10770.0,13023,0.0,0.0
2024-08-29 10:00:00+09:00,10800.0,10900.0,10770.0,10810.0,6420,0.0,0.0
2024-08-29 11:00:00+09:00,10800.0,10880.0,10720.0,10730.0,4359,0.0,0.0
2024-08-29 12:00:00+09:00,10740.0,10760.0,10650.0,10650.0,14135,0.0,0.0
2024-08-29 13:00:00+09:00,10650.0,10770.0,10650.0,10650.0,9228,0.0,0.0
2024-08-29 14:00:00+09:00,10650.0,10730.0,10600.0,10720.0,10862,0.0,0.0
2024-08-30 09:00:00+09:00,10670.0,10960.0,10670.0,10810.0,7451,0.0,0.0
2024-08-30 10:00:00+09:00,10850.0,10910.0,10810.0,10900.0,2427,0.0,0.0
2024-08-30 11:00:00+09:00,10850.0,10910.0,10840.0,10850.0,3765,0.0,0.0
2024-08-30 12:00:00+09:00,10840.0,10890.0,10830.0,10840.0,1373,0.0,0.0
2024-08-30 13:00:00+09:00,10840.0,10910.0,10840.0,10910.0,3261,0.0,0.0
2024-08-30 14:00:00+09:00,10860.0,10950.0,10850.0,10890.0,8084,0.0,0.0
2024-09-02 09:00:00+09:00,10920.0,10970.0,10800.0,10820.0,0,0.0,0.0
2024-09-02 10:00:00+09:00,10820.0,10850.0,10740.0,10770.0,4719,0.0,0.0
2024-09-02 11:00:00+09:00,10770.0,10810.0,10740.0,10770.0,1951,0.0,0.0
2024-09-02 12:00:00+09:00,10770.0,10790.0,10740.0,10790.0,1740,0.0,0.0
2024-09-02 13:00:00+09:00,10780.0,10870.0,10750.0,10870.0,1729,0.0,0.0
2024-09-02 14:00:00+09:00,10870.0,10870.0,10760.0,10810.0,2692,0.0,0.0
2024-09-03 09:00:00+09:00,10770.0,11200.0,10770.0,11050.0,6008,0.0,0.0
2024-09-03 10:00:00+09:00,11050.0,11090.0,10950.0,11000.0,3579,0.0,0.0
2024-09-03 11:00:00+09:00,11010.0,11090.0,11000.0,11060.0,6578,0.0,0.0
2024-09-03 12:00:00+09:00,11020.0,11020.0,10880.0,10880.0,6226,0.0,0.0
2024-09-03 13:00:00+09:00,10880.0,10940.0,10800.0,10900.0,6475,0.0,0.0
2024-09-03 14:00:00+09:00,10930.0,10960.0,10860.0,10870.0,4408,0.0,0.0
2024-09-04 09:00:00+09:00,10580.0,10860.0,10420.0,10740.0,27324,0.0,0.0
2024-09-04 10:00:00+09:00,10760.0,10980.0,10680.0,10890.0,6792,0.0,0.0
2024-09-04 11:00:00+09:00,10890.0,10920.0,10860.0,10860.0,4080,0.0,0.0
2024-09-04 12:00:00+09:00,10860.0,10950.0,10840.0,10840.0,3037,0.0,0.0
2024-09-04 13:00:00+09:00,10860.0,10900.0,10790.0,10860.0,4537,0.0,0.0
2024-09-04 14:00:00+09:00,10850.0,10860.0,10640.0,10750.0,4344,0.0,0.0
2024-09-05 09:00:00+09:00,10750.0,10980.0,10720.0,10820.0,3976,0.0,0.0
2024-09-05 10:00:00+09:00,10840.0,10860.0,10750.0,10850.0,3381,0.0,0.0
2024-09-05 11:00:00+09:00,10850.0,10850.0,10680.0,10740.0,8162,0.0,0.0
2024-09-05 12:00:00+09:00,10740.0,10750.0,10600.0,10610.0,10038,0.0,0.0
2024-09-05 13:00:00+09:00,10610.0,10720.0,10580.0,10720.0,6562,0.0,0.0
2024-09-05 14:00:00+09:00,10720.0,10850.0,10610.0,10850.0,5086,0.0,0.0
2024-09-06 09:00:00+09:00,10640.0,10820.0,10480.0,10480.0,11992,0.0,0.0
2024-09-06 10:00:00+09:00,10510.0,10510.0,10360.0,10450.0,11432,0.0,0.0
2024-09-06 11:00:00+09:00,10470.0,10510.0,10440.0,10460.0,2481,0.0,0.0
2024-09-06 12:00:00+09:00,10490.0,10510.0,10360.0,10450.0,11194,0.0,0.0
2024-09-06 13:00:00+09:00,10370.0,10460.0,10360.0,10450.0,6517,0.0,0.0
2024-09-06 14:00:00+09:00,10400.0,10440.0,10150.0,10200.0,16981,0.0,0.0
2024-09-09 09:00:00+09:00,9890.0,10120.0,9790.0,10000.0,0,0.0,0.0
2024-09-09 10:00:00+09:00,10010.0,10100.0,9990.0,10010.0,6615,0.0,0.0
2024-09-09 11:00:00+09:00,10010.0,10220.0,9990.0,10160.0,7272,0.0,0.0
2024-09-09 12:00:00+09:00,10170.0,10180.0,10120.0,10130.0,3118,0.0,0.0
2024-09-09 13:00:00+09:00,10130.0,10240.0,10130.0,10230.0,3030,0.0,0.0
2024-09-09 14:00:00+09:00,10230.0,10370.0,10230.0,10310.0,5279,0.0,0.0
2024-09-10 09:00:00+09:00,10260.0,10300.0,10120.0,10170.0,3846,0.0,0.0
2024-09-10 10:00:00+09:00,10180.0,10230.0,10090.0,10140.0,5566,0.0,0.0
2024-09-10 11:00:00+09:00,10130.0,10130.0,10020.0,10050.0,5581,0.0,0.0
2024-09-10 12:00:00+09:00,10070.0,10230.0,10050.0,10230.0,2912,0.0,0.0
2024-09-10 13:00:00+09:00,10230.0,10270.0,10150.0,10150.0,2616,0.0,0.0
2024-09-10 14:00:00+09:00,10150.0,10180.0,10130.0,10130.0,1197,0.0,0.0
2024-09-11 09:00:00+09:00,10120.0,10480.0,10120.0,10330.0,15677,0.0,0.0
2024-09-11 10:00:00+09:00,10330.0,10470.0,10200.0,10280.0,13262,0.0,0.0
2024-09-11 11:00:00+09:00,10260.0,10300.0,10180.0,10190.0,1816,0.0,0.0
2024-09-11 12:00:00+09:00,10190.0,10270.0,10190.0,10270.0,1962,0.0,0.0
2024-09-11 13:00:00+09:00,10250.0,10250.0,10170.0,10190.0,2411,0.0,0.0
2024-09-11 14:00:00+09:00,10190.0,10190.0,10080.0,10130.0,10017,0.0,0.0
2024-09-12 09:00:00+09:00,10410.0,10480.0,10290.0,10460.0,11983,0.0,0.0
2024-09-12 10:00:00+09:00,10460.0,10460.0,10320.0,10410.0,5524,0.0,0.0
2024-09-12 11:00:00+09:00,10360.0,10390.0,10300.0,10350.0,6467,0.0,0.0
2024-09-12 12:00:00+09:00,10380.0,10460.0,10380.0,10460.0,3632,0.0,0.0
2024-09-12 13:00:00+09:00,10460.0,10470.0,10400.0,10460.0,2592,0.0,0.0
2024-09-12 14:00:00+09:00,10460.0,10590.0,10430.0,10550.0,9451,0.0,0.0
2024-09-13 09:00:00+09:00,10490.0,10700.0,10420.0,10650.0,8300,0.0,0.0
2024-09-13 10:00:00+09:00,10610.0,10660.0,10570.0,10630.0,3570,0.0,0.0
2024-09-13 11:00:00+09:00,10640.0,10700.0,10580.0,10600.0,3386,0.0,0.0
2024-09-13 12:00:00+09:00,10650.0,10670.0,10630.0,10630.0,441,0.0,0.0
2024-09-13 13:00:00+09:00,10640.0,10670.0,10580.0,10600.0,2298,0.0,0.0
2024-09-13 14:00:00+09:00,10600.0,10700.0,10590.0,10660.0,2286,0.0,0.0
2024-09-19 09:00:00+09:00,11930.0,11950.0,11050.0,11440.0,216674,0.0,0.0
2024-09-19 10:00:00+09:00,11430.0,12630.0,11420.0,11920.0,420278,0.0,0.0
2024-09-19 11:00:00+09:00,11920.0,12720.0,11740.0,12280.0,272644,0.0,0.0
2024-09-19 12:00:00+09:00,12260.0,12420.0,11940.0,12050.0,57287,0.0,0.0
2024-09-19 13:00:00+09:00,12030.0,12200.0,11950.0,12160.0,30960,0.0,0.0
2024-09-19 14:00:00+09:00,12160.0,12400.0,11650.0,12090.0,89782,0.0,0.0
2024-09-20 09:00:00+09:00,12040.0,12490.0,12010.0,12100.0,118561,0.0,0.0
2024-09-20 10:00:00+09:00,12100.0,12150.0,11780.0,11780.0,54528,0.0,0.0
2024-09-20 11:00:00+09:00,11820.0,12010.0,11660.0,11920.0,22570,0.0,0.0
2024-09-20 12:00:00+09:00,11890.0,12030.0,11800.0,11840.0,8069,0.0,0.0
2024-09-20 13:00:00+09:00,11860.0,11900.0,11770.0,11770.0,11019,0.0,0.0
2024-09-20 14:00:00+09:00,11770.0,11840.0,11650.0,11750.0,20319,0.0,0.0
2024-09-23 09:00:00+09:00,11700.0,11840.0,11540.0,11800.0,0,0.0,0.0
2024-09-23 10:00:00+09:00,11800.0,11910.0,11700.0,11810.0,15988,0.0,0.0
2024-09-23 11:00:00+09:00,11850.0,11870.0,11750.0,11840.0,5243,0.0,0.0
2024-09-23 12:00:00+09:00,11850.0,12470.0,11830.0,12270.0,64050,0.0,0.0
2024-09-23 13:00:00+09:00,12310.0,12470.0,11880.0,12230.0,63372,0.0,0.0
2024-09-23 14:00:00+09:00,12200.0,12340.0,12180.0,12190.0,24534,0.0,0.0
2024-09-24 09:00:00+09:00,12180.0,12500.0,12080.0,12200.0,47032,0.0,0.0
2024-09-24 10:00:00+09:00,12230.0,12460.0,12180.0,12430.0,22221,0.0,0.0
2024-09-24 11:00:00+09:00,12430.0,12960.0,12420.0,12730.0,86906,0.0,0.0
2024-09-24 12:00:00+09:00,12780.0,13500.0,12720.0,13100.0,428024,0.0,0.0
2024-09-24 13:00:00+09:00,13110.0,13230.0,12930.0,13150.0,63014,0.0,0.0
2024-09-24 14:00:00+09:00,13150.0,14170.0,13140.0,13780.0,346233,0.0,0.0
2024-09-25 09:00:00+09:00,13300.0,13490.0,13100.0,13360.0,131110,0.0,0.0
2024-09-25 10:00:00+09:00,13360.0,13410.0,13170.0,13340.0,30824,0.0,0.0
2024-09-25 11:00:00+09:00,13310.0,13730.0,13200.0,13330.0,29201,0.0,0.0
2024-09-25 12:00:00+09:00,13330.0,13490.0,13240.0,13240.0,20430,0.0,0.0
2024-09-25 13:00:00+09:00,13320.0,13690.0,13240.0,13300.0,31158,0.0,0.0
2024-09-25 14:00:00+09:00,13310.0,13370.0,13060.0,13060.0,49349,0.0,0.0
2024-09-26 09:00:00+09:00,13110.0,13420.0,13030.0,13400.0,45319,0.0,0.0
2024-09-26 10:00:00+09:00,13370.0,13420.0,13240.0,13420.0,19108,0.0,0.0
2024-09-26 11:00:00+09:00,13430.0,13560.0,13300.0,13470.0,18842,0.0,0.0
2024-09-26 12:00:00+09:00,13450.0,13470.0,13380.0,13420.0,5416,0.0,0.0
2024-09-26 13:00:00+09:00,13410.0,13450.0,13300.0,13370.0,11307,0.0,0.0
2024-09-26 14:00:00+09:00,13300.0,13420.0,13280.0,13400.0,11563,0.0,0.0
2024-09-27 09:00:00+09:00,13250.0,13760.0,13160.0,13660.0,42389,0.0,0.0
2024-09-27 10:00:00+09:00,13660.0,13740.0,13450.0,13460.0,23596,0.0,0.0
2024-09-27 11:00:00+09:00,13490.0,13650.0,13450.0,13600.0,6869,0.0,0.0
2024-09-27 12:00:00+09:00,13550.0,13700.0,13480.0,13550.0,13489,0.0,0.0
2024-09-27 13:00:00+09:00,13540.0,13610.0,13400.0,13530.0,11121,0.0,0.0
2024-09-27 14:00:00+09:00,13560.0,13620.0,13420.0,13620.0,19271,0.0,0.0
2024-09-30 09:00:00+09:00,13750.0,13900.0,13430.0,13470.0,0,0.0,0.0
2024-09-30 10:00:00+09:00,13470.0,13520.0,13350.0,13420.0,30332,0.0,0.0
2024-09-30 11:00:00+09:00,13490.0,13600.0,13360.0,13490.0,14826,0.0,0.0
2024-09-30 12:00:00+09:00,13490.0,13510.0,13340.0,13380.0,8122,0.0,0.0
2024-09-30 13:00:00+09:00,13380.0,13430.0,13290.0,13300.0,7379,0.0,0.0
2024-09-30 14:00:00+09:00,13330.0,13360.0,13160.0,13260.0,19009,0.0,0.0
2024-10-02 09:00:00+09:00,12870.0,13150.0,12620.0,13120.0,0,0.0,0.0
2024-10-02 10:00:00+09:00,13120.0,13490.0,13120.0,13460.0,23854,0.0,0.0
2024-10-02 11:00:00+09:00,13460.0,13690.0,13460.0,13560.0,26362,0.0,0.0
2024-10-02 12:00:00+09:00,13560.0,13570.0,13330.0,13500.0,18531,0.0,0.0
2024-10-02 13:00:00+09:00,13500.0,13530.0,13320.0,13410.0,5564,0.0,0.0
2024-10-02 14:00:00+09:00,13410.0,13430.0,13170.0,13250.0,12175,0.0,0.0
2024-10-04 09:00:00+09:00,13130.0,13850.0,13130.0,13730.0,0,0.0,0.0
2024-10-04 10:00:00+09:00,13740.0,13840.0,13530.0,13600.0,20755,0.0,0.0
2024-10-04 11:00:00+09:00,13640.0,13640.0,13430.0,13440.0,9999,0.0,0.0
2024-10-04 12:00:00+09:00,13430.0,13480.0,13400.0,13420.0,5996,0.0,0.0
2024-10-04 13:00:00+09:00,13430.0,13460.0,13330.0,13350.0,7673,0.0,0.0
2024-10-04 14:00:00+09:00,13340.0,13520.0,13340.0,13460.0,10376,0.0,0.0
2024-10-07 09:00:00+09:00,13410.0,13580.0,13170.0,13380.0,0,0.0,0.0
2024-10-07 10:00:00+09:00,13410.0,13520.0,13370.0,13450.0,10477,0.0,0.0
2024-10-07 11:00:00+09:00,13430.0,13570.0,13390.0,13530.0,17046,0.0,0.0
2024-10-07 12:00:00+09:00,13450.0,13530.0,13400.0,13490.0,9286,0.0,0.0
2024-10-07 13:00:00+09:00,13490.0,13530.0,13400.0,13460.0,7527,0.0,0.0
2024-10-07 14:00:00+09:00,13450.0,13500.0,13370.0,13400.0,8198,0.0,0.0
2024-10-08 09:00:00+09:00,13350.0,14400.0,13350.0,14190.0,116684,0.0,0.0
2024-10-08 10:00:00+09:00,14190.0,14300.0,13900.0,14020.0,39825,0.0,0.0
2024-10-08 11:00:00+09:00,14040.0,14050.0,13830.0,13900.0,13306,0.0,0.0
2024-10-08 12:00:00+09:00,13890.0,14000.0,13860.0,14000.0,8281,0.0,0.0
2024-10-08 13:00:00+09:00,14000.0,14050.0,13900.0,13920.0,9622,0.0,0.0
2024-10-08 14:00:00+09:00,13920.0,14000.0,13880.0,13990.0,6474,0.0,0.0
2024-10-10 09:00:00+09:00,13830.0,13900.0,13670.0,13830.0,0,0.0,0.0
2024-10-10 10:00:00+09:00,13830.0,14100.0,13790.0,13890.0,10609,0.0,0.0
2024-10-10 11:00:00+09:00,13890.0,13900.0,13770.0,13770.0,7207,0.0,0.0
2024-10-10 12:00:00+09:00,13880.0,13880.0,13820.0,13870.0,3706,0.0,0.0
2024-10-10 13:00:00+09:00,13820.0,13960.0,13820.0,13850.0,9441,0.0,0.0
2024-10-10 14:00:00+09:00,13860.0,13920.0,13760.0,13770.0,8846,0.0,0.0
2024-10-11 09:00:00+09:00,13870.0,14040.0,13850.0,13920.0,20055,0.0,0.0
2024-10-11 10:00:00+09:00,13920.0,14030.0,13810.0,13810.0,11100,0.0,0.0
2024-10-11 11:00:00+09:00,13810.0,13990.0,13730.0,13810.0,6636,0.0,0.0
2024-10-11 12:00:00+09:00,13800.0,13860.0,13780.0,13810.0,4593,0.0,0.0
2024-10-11 13:00:00+09:00,13840.0,13840.0,13740.0,13790.0,8158,0.0,0.0
2024-10-11 14:00:00+09:00,13790.0,13900.0,13740.0,13760.0,6171,0.0,0.0
2024-10-14 09:00:00+09:00,13720.0,14450.0,13720.0,14210.0,51344,0.0,0.0
2024-10-14 10:00:00+09:00,14210.0,14330.0,14070.0,14090.0,32036,0.0,0.0
2024-10-14 11:00:00+09:00,14090.0,14140.0,13750.0,13960.0,30161,0.0,0.0
2024-10-14 12:00:00+09:00,13980.0,14190.0,13820.0,13930.0,15194,0.0,0.0
2024-10-14 13:00:00+09:00,13930.0,13980.0,13830.0,13930.0,14323,0.0,0.0
2024-10-14 14:00:00+09:00,13930.0,14140.0,13830.0,13930.0,9502,0.0,0.0
2024-10-15 09:00:00+09:00,14010.0,14050.0,13740.0,13850.0,26388,0.0,0.0
2024-10-15 10:00:00+09:00,13890.0,13910.0,13560.0,13590.0,24458,0.0,0.0
2024-10-15 11:00:00+09:00,13640.0,13980.0,13560.0,13560.0,20324,0.0,0.0
2024-10-15 12:00:00+09:00,13570.0,13570.0,13170.0,13230.0,46367,0.0,0.0
2024-10-15 13:00:00+09:00,13230.0,13530.0,13040.0,13510.0,0,0.0,0.0
2024-10-15 14:00:00+09:00,13600.0,13680.0,13430.0,13570.0,176081,0.0,0.0
2024-10-16 09:00:00+09:00,13650.0,13670.0,13340.0,13490.0,11221,0.0,0.0
2024-10-16 10:00:00+09:00,13490.0,13580.0,13430.0,13430.0,5346,0.0,0.0
2024-10-16 11:00:00+09:00,13480.0,13480.0,13380.0,13450.0,2790,0.0,0.0
2024-10-16 12:00:00+09:00,13420.0,13420.0,13280.0,13410.0,10866,0.0,0.0
2024-10-16 13:00:00+09:00,13410.0,13410.0,13260.0,13370.0,11138,0.0,0.0
2024-10-16 14:00:00+09:00,13300.0,13360.0,13190.0,13250.0,15370,0.0,0.0
2024-10-17 09:00:00+09:00,13570.0,13700.0,13340.0,13470.0,11217,0.0,0.0
2024-10-17 10:00:00+09:00,13470.0,13470.0,13330.0,13330.0,4188,0.0,0.0
2024-10-17 11:00:00+09:00,13420.0,13420.0,13360.0,13400.0,901,0.0,0.0
2024-10-17 12:00:00+09:00,13370.0,13610.0,13370.0,13410.0,3927,0.0,0.0
2024-10-17 13:00:00+09:00,13470.0,13470.0,13240.0,13300.0,9663,0.0,0.0
2024-10-17 14:00:00+09:00,13250.0,13500.0,13070.0,13230.0,25625,0.0,0.0
2024-10-18 09:00:00+09:00,13180.0,13400.0,13100.0,13120.0,24405,0.0,0.0
2024-10-18 10:00:00+09:00,13190.0,13450.0,13180.0,13380.0,10504,0.0,0.0
2024-10-18 11:00:00+09:00,13350.0,13360.0,13290.0,13300.0,1605,0.0,0.0
2024-10-18 12:00:00+09:00,13300.0,13300.0,13250.0,13260.0,2124,0.0,0.0
2024-10-18 13:00:00+09:00,13320.0,13580.0,13230.0,13490.0,13277,0.0,0.0
2024-10-18 14:00:00+09:00,13500.0,13660.0,13470.0,13470.0,10460,0.0,0.0
2024-10-21 09:00:00+09:00,13640.0,14180.0,13440.0,14080.0,0,0.0,0.0
2024-10-21 10:00:00+09:00,14060.0,14300.0,14000.0,14250.0,27503,0.0,0.0
2024-10-21 11:00:00+09:00,14260.0,14350.0,14100.0,14180.0,24919,0.0,0.0
2024-10-21 12:00:00+09:00,14180.0,14350.0,14160.0,14160.0,16647,0.0,0.0
2024-10-21 13:00:00+09:00,14180.0,14240.0,14050.0,14240.0,11476,0.0,0.0
2024-10-21 14:00:00+09:00,14240.0,14280.0,14150.0,14190.0,7317,0.0,0.0
2024-10-22 09:00:00+09:00,14700.0,14830.0,13260.0,13380.0,211194,0.0,0.0
2024-10-22 10:00:00+09:00,13380.0,13900.0,13380.0,13830.0,26690,0.0,0.0
2024-10-22 11:00:00+09:00,13870.0,14080.0,13830.0,14060.0,23375,0.0,0.0
2024-10-22 12:00:00+09:00,14060.0,14070.0,13970.0,13970.0,11812,0.0,0.0
2024-10-22 13:00:00+09:00,13990.0,14010.0,13860.0,13890.0,10505,0.0,0.0
2024-10-22 14:00:00+09:00,13890.0,13890.0,13620.0,13720.0,18819,0.0,0.0
2024-10-23 09:00:00+09:00,13740.0,14050.0,13660.0,13760.0,21147,0.0,0.0
2024-10-23 10:00:00+09:00,13810.0,13860.0,13600.0,13730.0,13071,0.0,0.0
2024-10-23 11:00:00+09:00,13740.0,13780.0,13630.0,13700.0,6058,0.0,0.0
2024-10-23 12:00:00+09:00,13680.0,13750.0,13640.0,13670.0,6678,0.0,0.0
2024-10-23 13:00:00+09:00,13660.0,15540.0,13580.0,13590.0,410341,0.0,0.0
2024-10-23 14:00:00+09:00,13500.0,13570.0,12900.0,13010.0,272679,0.0,0.0
2024-10-24 09:00:00+09:00,12890.0,12890.0,12310.0,12800.0,57795,0.0,0.0
2024-10-24 10:00:00+09:00,12790.0,12980.0,12680.0,12960.0,9146,0.0,0.0
2024-10-24 11:00:00+09:00,12980.0,13050.0,12880.0,13000.0,9916,0.0,0.0
2024-10-24 12:00:00+09:00,13030.0,13170.0,13000.0,13110.0,23891,0.0,0.0
2024-10-24 13:00:00+09:00,13120.0,13160.0,13030.0,13120.0,9254,0.0,0.0
2024-10-24 14:00:00+09:00,13140.0,13220.0,13110.0,13190.0,13481,0.0,0.0
2024-10-25 09:00:00+09:00,13100.0,13340.0,12960.0,13010.0,19013,0.0,0.0
2024-10-25 10:00:00+09:00,13010.0,13200.0,13010.0,13120.0,5394,0.0,0.0
2024-10-25 11:00:00+09:00,13170.0,13390.0,13110.0,13320.0,11886,0.0,0.0
2024-10-25 12:00:00+09:00,13320.0,13400.0,13210.0,13310.0,10341,0.0,0.0
2024-10-25 13:00:00+09:00,13370.0,13480.0,13230.0,13250.0,15194,0.0,0.0
2024-10-25 14:00:00+09:00,13240.0,13260.0,13180.0,13230.0,18137,0.0,0.0
