Datetime,Open,High,Low,Close,Volume,Dividends,Stock Splits
2022-08-18 09:00:00+09:00,1915.0,1919.0,1902.0,1912.0,12300,0.0,0.0
2022-08-18 10:00:00+09:00,1910.0,1915.0,1907.0,1910.0,2700,0.0,0.0
2022-08-18 11:00:00+09:00,1913.0,1914.0,1909.0,1909.0,0,0.0,0.0
2022-08-18 12:00:00+09:00,1909.0,1923.0,1907.0,1923.0,29000,0.0,0.0
2022-08-18 13:00:00+09:00,1921.0,1930.0,1921.0,1928.0,8500,0.0,0.0
2022-08-18 14:00:00+09:00,1928.0,1930.0,1923.0,1929.0,2900,0.0,0.0
2022-08-19 09:00:00+09:00,1930.0,1943.0,1926.0,1928.0,17100,0.0,0.0
2022-08-19 10:00:00+09:00,1929.0,1931.0,1921.0,1924.0,4500,0.0,0.0
2022-08-19 11:00:00+09:00,1924.0,1926.0,1924.0,1926.0,0,0.0,0.0
2022-08-19 12:00:00+09:00,1930.0,1930.0,1921.0,1926.0,24800,0.0,0.0
2022-08-19 13:00:00+09:00,1924.0,1929.0,1924.0,1924.0,1400,0.0,0.0
2022-08-19 14:00:00+09:00,1920.0,1923.0,1908.0,1914.0,3900,0.0,0.0
2022-08-22 09:00:00+09:00,1896.0,1896.0,1884.0,1885.0,0,0.0,0.0
2022-08-22 10:00:00+09:00,1890.0,1891.0,1888.0,1888.0,800,0.0,0.0
2022-08-22 11:00:00+09:00,1888.0,1888.0,1886.0,1886.0,0,0.0,0.0
2022-08-22 12:00:00+09:00,1885.0,1892.0,1881.0,1881.0,5900,0.0,0.0
2022-08-22 13:00:00+09:00,1881.0,1881.0,1861.0,1862.0,3200,0.0,0.0
2022-08-22 14:00:00+09:00,1864.0,1871.0,1864.0,1871.0,3100,0.0,0.0
2022-08-23 09:00:00+09:00,1861.0,1867.0,1861.0,1861.0,3700,0.0,0.0
2022-08-23 10:00:00+09:00,1860.0,1886.0,1860.0,1881.0,3000,0.0,0.0
2022-08-23 11:00:00+09:00,1881.0,1881.0,1881.0,1881.0,0,0.0,0.0
2022-08-23 12:00:00+09:00,1884.0,1884.0,1882.0,1882.0,7100,0.0,0.0
2022-08-23 13:00:00+09:00,1881.0,1881.0,1872.0,1873.0,0,0.0,0.0
2022-08-23 14:00:00+09:00,1873.0,1876.0,1872.0,1874.0,10200,0.0,0.0
2022-08-24 09:00:00+09:00,1891.0,1891.0,1869.0,1878.0,1200,0.0,0.0
2022-08-24 10:00:00+09:00,1878.0,1878.0,1870.0,1870.0,1700,0.0,0.0
2022-08-24 11:00:00+09:00,1872.0,1872.0,1872.0,1872.0,0,0.0,0.0
2022-08-24 12:00:00+09:00,1872.0,1878.0,1870.0,1872.0,4400,0.0,0.0
2022-08-24 13:00:00+09:00,1871.0,1874.0,1867.0,1874.0,2000,0.0,0.0
2022-08-24 14:00:00+09:00,1878.0,1878.0,1869.0,1875.0,2600,0.0,0.0
2022-08-25 09:00:00+09:00,1879.0,1883.0,1867.0,1883.0,3000,0.0,0.0
2022-08-25 10:00:00+09:00,1880.0,1885.0,1878.0,1878.0,1200,0.0,0.0
2022-08-25 11:00:00+09:00,1877.0,1878.0,1877.0,1878.0,0,0.0,0.0
2022-08-25 12:00:00+09:00,1885.0,1887.0,1885.0,1885.0,5100,0.0,0.0
2022-08-25 13:00:00+09:00,1888.0,1891.0,1887.0,1891.0,2500,0.0,0.0
2022-08-25 14:00:00+09:00,1892.0,1893.0,1878.0,1888.0,3800,0.0,0.0
2022-08-26 09:00:00+09:00,1895.0,1895.0,1877.0,1885.0,2100,0.0,0.0
2022-08-26 11:00:00+09:00,1885.0,1885.0,1885.0,1885.0,0,0.0,0.0
2022-08-26 12:00:00+09:00,1885.0,1885.0,1885.0,1885.0,2400,0.0,0.0
2022-08-26 13:00:00+09:00,1887.0,1887.0,1884.0,1885.0,1100,0.0,0.0
2022-08-26 14:00:00+09:00,1890.0,1897.0,1890.0,1897.0,2600,0.0,0.0
2022-08-29 09:00:00+09:00,1893.0,1893.0,1862.0,1886.0,3000,0.0,0.0
2022-08-29 10:00:00+09:00,1882.0,1885.0,1882.0,1885.0,400,0.0,0.0
2022-08-29 11:00:00+09:00,1883.0,1884.0,1882.0,1884.0,0,0.0,0.0
2022-08-29 12:00:00+09:00,1884.0,1889.0,1884.0,1889.0,4700,0.0,0.0
2022-08-29 13:00:00+09:00,1889.0,1890.0,1888.0,1888.0,500,0.0,0.0
2022-08-29 14:00:00+09:00,1890.0,1895.0,1879.0,1888.0,3900,0.0,0.0
2022-08-30 09:00:00+09:00,1897.0,1899.0,1887.0,1897.0,1300,0.0,0.0
2022-08-30 10:00:00+09:00,1897.0,1908.0,1897.0,1908.0,1600,0.0,0.0
2022-08-30 11:00:00+09:00,1907.0,1907.0,1907.0,1907.0,0,0.0,0.0
2022-08-30 12:00:00+09:00,1907.0,1907.0,1905.0,1906.0,0,0.0,0.0
2022-08-30 13:00:00+09:00,1904.0,1909.0,1903.0,1907.0,4700,0.0,0.0
2022-08-30 14:00:00+09:00,1908.0,1914.0,1906.0,1912.0,2800,0.0,0.0
2022-08-31 09:00:00+09:00,1885.0,1904.0,1885.0,1901.0,8700,0.0,0.0
2022-08-31 10:00:00+09:00,1902.0,1904.0,1902.0,1904.0,300,0.0,0.0
2022-08-31 11:00:00+09:00,1905.0,1905.0,1905.0,1905.0,0,0.0,0.0
2022-08-31 12:00:00+09:00,1903.0,1903.0,1903.0,1903.0,9200,0.0,0.0
2022-08-31 13:00:00+09:00,1903.0,1905.0,1899.0,1899.0,800,0.0,0.0
2022-08-31 14:00:00+09:00,1897.0,1899.0,1891.0,1893.0,3600,0.0,0.0
2022-09-01 09:00:00+09:00,1880.0,1886.0,1876.0,1880.0,1300,0.0,0.0
2022-09-01 10:00:00+09:00,1880.0,1884.0,1878.0,1881.0,1600,0.0,0.0
2022-09-01 11:00:00+09:00,1883.0,1883.0,1879.0,1879.0,0,0.0,0.0
2022-09-01 12:00:00+09:00,1875.0,1889.0,1875.0,1883.0,4700,0.0,0.0
2022-09-01 13:00:00+09:00,1887.0,1890.0,1884.0,1884.0,1300,0.0,0.0
2022-09-01 14:00:00+09:00,1882.0,1884.0,1876.0,1878.0,2100,0.0,0.0
2022-09-02 09:00:00+09:00,1873.0,1874.0,1850.0,1853.0,0,0.0,0.0
2022-09-02 10:00:00+09:00,1860.0,1864.0,1856.0,1860.0,3900,0.0,0.0
2022-09-02 11:00:00+09:00,1857.0,1861.0,1857.0,1861.0,0,0.0,0.0
2022-09-02 12:00:00+09:00,1861.0,1861.0,1853.0,1858.0,6800,0.0,0.0
2022-09-02 13:00:00+09:00,1856.0,1856.0,1855.0,1855.0,200,0.0,0.0
2022-09-02 14:00:00+09:00,1859.0,1867.0,1859.0,1867.0,1900,0.0,0.0
2022-09-05 09:00:00+09:00,1852.0,1853.0,1840.0,1841.0,0,0.0,0.0
2022-09-05 10:00:00+09:00,1839.0,1846.0,1834.0,1846.0,3700,0.0,0.0
2022-09-05 11:00:00+09:00,1846.0,1851.0,1846.0,1851.0,0,0.0,0.0
2022-09-05 12:00:00+09:00,1850.0,1850.0,1842.0,1842.0,5300,0.0,0.0
2022-09-05 13:00:00+09:00,1843.0,1843.0,1839.0,1842.0,1300,0.0,0.0
2022-09-05 14:00:00+09:00,1844.0,1851.0,1844.0,1849.0,2200,0.0,0.0
2022-09-06 09:00:00+09:00,1862.0,1862.0,1849.0,1861.0,1000,0.0,0.0
2022-09-06 10:00:00+09:00,1857.0,1857.0,1849.0,1851.0,900,0.0,0.0
2022-09-06 11:00:00+09:00,1849.0,1851.0,1849.0,1851.0,0,0.0,0.0
2022-09-06 12:00:00+09:00,1844.0,1849.0,1844.0,1849.0,2900,0.0,0.0
2022-09-06 13:00:00+09:00,1846.0,1846.0,1843.0,1843.0,300,0.0,0.0
2022-09-06 14:00:00+09:00,1842.0,1857.0,1840.0,1850.0,3100,0.0,0.0
2022-09-07 09:00:00+09:00,1852.0,1852.0,1838.0,1839.0,600,0.0,0.0
2022-09-07 10:00:00+09:00,1836.0,1840.0,1836.0,1837.0,2400,0.0,0.0
2022-09-07 11:00:00+09:00,1839.0,1839.0,1838.0,1838.0,0,0.0,0.0
2022-09-07 12:00:00+09:00,1839.0,1843.0,1835.0,1843.0,7000,0.0,0.0
2022-09-07 13:00:00+09:00,1843.0,1844.0,1840.0,1842.0,1200,0.0,0.0
2022-09-07 14:00:00+09:00,1843.0,1850.0,1843.0,1847.0,1300,0.0,0.0
2022-09-08 09:00:00+09:00,1859.0,1862.0,1845.0,1862.0,2600,0.0,0.0
2022-09-08 10:00:00+09:00,1862.0,1878.0,1862.0,1876.0,3000,0.0,0.0
2022-09-08 11:00:00+09:00,1881.0,1888.0,1881.0,1883.0,0,0.0,0.0
2022-09-08 12:00:00+09:00,1890.0,1897.0,1890.0,1897.0,6800,0.0,0.0
2022-09-08 13:00:00+09:00,1886.0,1889.0,1866.0,1870.0,5600,0.0,0.0
2022-09-08 14:00:00+09:00,1871.0,1871.0,1855.0,1868.0,5600,0.0,0.0
2022-09-09 09:00:00+09:00,1875.0,1885.0,1875.0,1879.0,5200,0.0,0.0
2022-09-09 10:00:00+09:00,1884.0,1894.0,1884.0,1894.0,2000,0.0,0.0
2022-09-09 11:00:00+09:00,1893.0,1894.0,1893.0,1894.0,0,0.0,0.0
2022-09-09 12:00:00+09:00,1885.0,1898.0,1885.0,1889.0,9500,0.0,0.0
2022-09-09 13:00:00+09:00,1893.0,1893.0,1893.0,1893.0,300,0.0,0.0
2022-09-09 14:00:00+09:00,1888.0,1889.0,1873.0,1876.0,4100,0.0,0.0
2022-09-12 09:00:00+09:00,1903.0,1907.0,1888.0,1901.0,0,0.0,0.0
2022-09-12 10:00:00+09:00,1897.0,1897.0,1893.0,1893.0,500,0.0,0.0
2022-09-12 11:00:00+09:00,1887.0,1892.0,1887.0,1892.0,0,0.0,0.0
2022-09-12 12:00:00+09:00,1880.0,1880.0,1880.0,1880.0,4000,0.0,0.0
2022-09-12 13:00:00+09:00,1879.0,1879.0,1876.0,1876.0,400,0.0,0.0
2022-09-12 14:00:00+09:00,1873.0,1883.0,1872.0,1883.0,2600,0.0,0.0
2022-09-13 09:00:00+09:00,1885.0,1885.0,1863.0,1874.0,0,0.0,0.0
2022-09-13 10:00:00+09:00,1876.0,1877.0,1871.0,1871.0,3200,0.0,0.0
2022-09-13 11:00:00+09:00,1867.0,1870.0,1867.0,1870.0,0,0.0,0.0
2022-09-13 12:00:00+09:00,1871.0,1880.0,1869.0,1875.0,5400,0.0,0.0
2022-09-13 13:00:00+09:00,1876.0,1884.0,1873.0,1884.0,1800,0.0,0.0
2022-09-13 14:00:00+09:00,1880.0,1882.0,1872.0,1876.0,1600,0.0,0.0
2022-09-14 09:00:00+09:00,1841.0,1865.0,1841.0,1856.0,3600,0.0,0.0
2022-09-14 11:00:00+09:00,1856.0,1856.0,1856.0,1856.0,0,0.0,0.0
2022-09-14 12:00:00+09:00,1864.0,1866.0,1855.0,1859.0,5600,0.0,0.0
2022-09-14 13:00:00+09:00,1855.0,1858.0,1853.0,1853.0,900,0.0,0.0
2022-09-14 14:00:00+09:00,1854.0,1855.0,1851.0,1851.0,3000,0.0,0.0
2022-09-15 09:00:00+09:00,1864.0,1864.0,1848.0,1851.0,2100,0.0,0.0
2022-09-15 10:00:00+09:00,1855.0,1855.0,1855.0,1855.0,100,0.0,0.0
2022-09-15 11:00:00+09:00,1852.0,1852.0,1852.0,1852.0,0,0.0,0.0
2022-09-15 12:00:00+09:00,1851.0,1852.0,1850.0,1850.0,2900,0.0,0.0
2022-09-15 13:00:00+09:00,1847.0,1850.0,1846.0,1850.0,800,0.0,0.0
2022-09-15 14:00:00+09:00,1847.0,1853.0,1846.0,1850.0,2500,0.0,0.0
2022-09-16 09:00:00+09:00,1847.0,1850.0,1844.0,1845.0,900,0.0,0.0
2022-09-16 10:00:00+09:00,1840.0,1840.0,1836.0,1840.0,1500,0.0,0.0
2022-09-16 11:00:00+09:00,1840.0,1840.0,1840.0,1840.0,0,0.0,0.0
2022-09-16 12:00:00+09:00,1842.0,1845.0,1842.0,1844.0,2900,0.0,0.0
2022-09-16 13:00:00+09:00,1844.0,1844.0,1840.0,1840.0,500,0.0,0.0
2022-09-16 14:00:00+09:00,1840.0,1840.0,1836.0,1837.0,3000,0.0,0.0
2022-09-20 09:00:00+09:00,1835.0,1881.0,1835.0,1861.0,4900,0.0,0.0
2022-09-20 10:00:00+09:00,1862.0,1869.0,1862.0,1869.0,1200,0.0,0.0
2022-09-20 11:00:00+09:00,1868.0,1870.0,1868.0,1870.0,0,0.0,0.0
2022-09-20 13:00:00+09:00,1866.0,1874.0,1866.0,1872.0,8400,0.0,0.0
2022-09-20 14:00:00+09:00,1869.0,1873.0,1857.0,1868.0,3800,0.0,0.0
2022-09-21 09:00:00+09:00,1871.0,1871.0,1860.0,1866.0,2700,0.0,0.0
2022-09-21 10:00:00+09:00,1860.0,1861.0,1852.0,1857.0,2800,0.0,0.0
2022-09-21 11:00:00+09:00,1862.0,1862.0,1857.0,1860.0,0,0.0,0.0
2022-09-21 12:00:00+09:00,1860.0,1871.0,1855.0,1871.0,7700,0.0,0.0
2022-09-21 13:00:00+09:00,1869.0,1869.0,1861.0,1865.0,1300,0.0,0.0
2022-09-21 14:00:00+09:00,1867.0,1867.0,1862.0,1863.0,3000,0.0,0.0
2022-09-22 09:00:00+09:00,1842.0,1847.0,1834.0,1836.0,3700,0.0,0.0
2022-09-22 10:00:00+09:00,1838.0,1845.0,1838.0,1842.0,3700,0.0,0.0
2022-09-22 11:00:00+09:00,1843.0,1847.0,1842.0,1847.0,0,0.0,0.0
2022-09-22 12:00:00+09:00,1856.0,1857.0,1852.0,1852.0,10800,0.0,0.0
2022-09-22 13:00:00+09:00,1854.0,1858.0,1847.0,1848.0,2300,0.0,0.0
2022-09-22 14:00:00+09:00,1849.0,1849.0,1841.0,1844.0,2500,0.0,0.0
2022-09-26 09:00:00+09:00,1858.0,1858.0,1825.0,1825.0,0,0.0,0.0
2022-09-26 10:00:00+09:00,1820.0,1826.0,1816.0,1817.0,2900,0.0,0.0
2022-09-26 11:00:00+09:00,1818.0,1821.0,1815.0,1817.0,0,0.0,0.0
2022-09-26 12:00:00+09:00,1813.0,1824.0,1806.0,1809.0,15200,0.0,0.0
2022-09-26 13:00:00+09:00,1810.0,1810.0,1801.0,1802.0,3600,0.0,0.0
2022-09-26 14:00:00+09:00,1803.0,1812.0,1803.0,1809.0,5400,0.0,0.0
2022-09-27 09:00:00+09:00,1839.0,1839.0,1813.0,1819.0,2500,0.0,0.0
2022-09-27 10:00:00+09:00,1820.0,1820.0,1803.0,1804.0,3600,0.0,0.0
2022-09-27 11:00:00+09:00,1806.0,1806.0,1804.0,1806.0,0,0.0,0.0
2022-09-27 12:00:00+09:00,1805.0,1807.0,1804.0,1807.0,7700,0.0,0.0
2022-09-27 13:00:00+09:00,1808.0,1808.0,1797.0,1797.0,4500,0.0,0.0
2022-09-27 14:00:00+09:00,1798.0,1806.0,1798.0,1803.0,5500,0.0,0.0
2022-09-28 09:00:00+09:00,1796.0,1799.0,1782.0,1787.0,3800,0.0,0.0
2022-09-28 10:00:00+09:00,1783.0,1795.0,1783.0,1788.0,1400,0.0,0.0
2022-09-28 11:00:00+09:00,1783.0,1784.0,1776.0,1784.0,0,0.0,0.0
2022-09-28 12:00:00+09:00,1786.0,1790.0,1784.0,1790.0,9400,0.0,0.0
2022-09-28 13:00:00+09:00,1792.0,1793.0,1780.0,1786.0,6900,0.0,0.0
2022-09-28 14:00:00+09:00,1784.0,1803.0,1779.0,1803.0,8400,0.0,0.0
2022-09-29 09:00:00+09:00,1810.0,1810.0,1777.0,1783.0,3100,0.0,0.0
2022-09-29 10:00:00+09:00,1783.0,1783.0,1767.0,1770.0,2400,0.0,0.0
2022-09-29 11:00:00+09:00,1766.0,1766.0,1758.0,1766.0,0,0.0,0.0
2022-09-29 12:00:00+09:00,1766.0,1782.0,1766.0,1775.0,8300,0.0,0.0
2022-09-29 13:00:00+09:00,1778.0,1790.0,1778.0,1778.0,1600,0.0,0.0
2022-09-29 14:00:00+09:00,1782.0,1784.0,1774.0,1780.0,6300,0.0,0.0
2022-09-30 09:00:00+09:00,1760.0,1767.0,1756.0,1756.0,3800,0.0,0.0
2022-09-30 10:00:00+09:00,1761.0,1766.0,1755.0,1755.0,2000,0.0,0.0
2022-09-30 11:00:00+09:00,1757.0,1759.0,1755.0,1755.0,0,0.0,0.0
2022-09-30 12:00:00+09:00,1755.0,1756.0,1747.0,1747.0,7100,0.0,0.0
2022-09-30 13:00:00+09:00,1746.0,1753.0,1746.0,1752.0,2800,0.0,0.0
2022-09-30 14:00:00+09:00,1754.0,1760.0,1754.0,1757.0,2600,0.0,0.0
2022-10-03 09:00:00+09:00,1740.0,1741.0,1718.0,1718.0,4400,0.0,0.0
2022-10-03 10:00:00+09:00,1720.0,1758.0,1720.0,1758.0,2600,0.0,0.0
2022-10-03 11:00:00+09:00,1758.0,1758.0,1758.0,1758.0,0,0.0,0.0
2022-10-03 12:00:00+09:00,1756.0,1756.0,1756.0,1756.0,7500,0.0,0.0
2022-10-03 14:00:00+09:00,1750.0,1765.0,1749.0,1758.0,3500,0.0,0.0
2022-10-04 09:00:00+09:00,1784.0,1797.0,1777.0,1791.0,2400,0.0,0.0
2022-10-04 10:00:00+09:00,1791.0,1812.0,1790.0,1800.0,3300,0.0,0.0
2022-10-04 11:00:00+09:00,1804.0,1805.0,1804.0,1805.0,0,0.0,0.0
2022-10-04 12:00:00+09:00,1809.0,1809.0,1808.0,1808.0,6200,0.0,0.0
2022-10-04 13:00:00+09:00,1811.0,1832.0,1811.0,1832.0,3100,0.0,0.0
2022-10-04 14:00:00+09:00,1832.0,1835.0,1819.0,1819.0,8000,0.0,0.0
2022-10-05 09:00:00+09:00,1818.0,1825.0,1807.0,1822.0,2700,0.0,0.0
2022-10-05 10:00:00+09:00,1818.0,1818.0,1805.0,1806.0,1900,0.0,0.0
2022-10-05 11:00:00+09:00,1808.0,1814.0,1808.0,1814.0,0,0.0,0.0
2022-10-05 12:00:00+09:00,1821.0,1822.0,1815.0,1815.0,5600,0.0,0.0
2022-10-05 13:00:00+09:00,1813.0,1815.0,1813.0,1815.0,300,0.0,0.0
2022-10-05 14:00:00+09:00,1813.0,1813.0,1801.0,1801.0,2000,0.0,0.0
2022-10-06 09:00:00+09:00,1800.0,1821.0,1800.0,1814.0,1400,0.0,0.0
2022-10-06 10:00:00+09:00,1820.0,1820.0,1820.0,1820.0,200,0.0,0.0
2022-10-06 11:00:00+09:00,1821.0,1821.0,1821.0,1821.0,0,0.0,0.0
2022-10-06 12:00:00+09:00,1824.0,1824.0,1810.0,1810.0,3000,0.0,0.0
2022-10-06 13:00:00+09:00,1806.0,1806.0,1806.0,1806.0,100,0.0,0.0
2022-10-06 14:00:00+09:00,1811.0,1811.0,1804.0,1810.0,1400,0.0,0.0
2022-10-07 09:00:00+09:00,1808.0,1809.0,1807.0,1809.0,700,0.0,0.0
2022-10-07 10:00:00+09:00,1807.0,1826.0,1804.0,1823.0,2400,0.0,0.0
2022-10-07 11:00:00+09:00,1827.0,1831.0,1824.0,1828.0,0,0.0,0.0
2022-10-07 12:00:00+09:00,1834.0,1834.0,1834.0,1834.0,4700,0.0,0.0
2022-10-07 13:00:00+09:00,1832.0,1842.0,1828.0,1833.0,4100,0.0,0.0
2022-10-07 14:00:00+09:00,1826.0,1836.0,1826.0,1833.0,1800,0.0,0.0
2022-10-11 09:00:00+09:00,1812.0,1846.0,1812.0,1830.0,0,0.0,0.0
2022-10-11 10:00:00+09:00,1815.0,1825.0,1811.0,1816.0,2700,0.0,0.0
2022-10-11 11:00:00+09:00,1819.0,1823.0,1815.0,1823.0,0,0.0,0.0
2022-10-11 12:00:00+09:00,1830.0,1830.0,1810.0,1812.0,10200,0.0,0.0
2022-10-11 13:00:00+09:00,1813.0,1822.0,1805.0,1805.0,3700,0.0,0.0
2022-10-11 14:00:00+09:00,1808.0,1815.0,1803.0,1805.0,3200,0.0,0.0
2022-10-12 09:00:00+09:00,1820.0,1820.0,1798.0,1815.0,4000,0.0,0.0
2022-10-12 10:00:00+09:00,1812.0,1812.0,1797.0,1799.0,7800,0.0,0.0
2022-10-12 11:00:00+09:00,1799.0,1799.0,1798.0,1799.0,0,0.0,0.0
2022-10-12 12:00:00+09:00,1805.0,1805.0,1797.0,1803.0,13400,0.0,0.0
2022-10-12 13:00:00+09:00,1803.0,1817.0,1803.0,1811.0,3300,0.0,0.0
2022-10-12 14:00:00+09:00,1805.0,1809.0,1790.0,1790.0,4600,0.0,0.0
2022-10-13 09:00:00+09:00,1770.0,1785.0,1762.0,1784.0,7100,0.0,0.0
2022-10-13 10:00:00+09:00,1788.0,1791.0,1788.0,1790.0,400,0.0,0.0
2022-10-13 11:00:00+09:00,1788.0,1802.0,1786.0,1790.0,0,0.0,0.0
2022-10-13 12:00:00+09:00,1797.0,1797.0,1786.0,1788.0,15500,0.0,0.0
2022-10-13 13:00:00+09:00,1789.0,1789.0,1772.0,1778.0,2000,0.0,0.0
2022-10-13 14:00:00+09:00,1774.0,1774.0,1760.0,1760.0,5000,0.0,0.0
2022-10-14 09:00:00+09:00,1796.0,1799.0,1773.0,1787.0,7000,0.0,0.0
2022-10-14 10:00:00+09:00,1788.0,1793.0,1786.0,1793.0,2600,0.0,0.0
2022-10-14 11:00:00+09:00,1794.0,1799.0,1793.0,1799.0,0,0.0,0.0
2022-10-14 12:00:00+09:00,1799.0,1799.0,1791.0,1797.0,14200,0.0,0.0
2022-10-14 13:00:00+09:00,1798.0,1798.0,1789.0,1793.0,6400,0.0,0.0
2022-10-14 14:00:00+09:00,1791.0,1791.0,1782.0,1782.0,3000,0.0,0.0
2022-10-17 09:00:00+09:00,1792.0,1809.0,1785.0,1785.0,0,0.0,0.0
2022-10-17 10:00:00+09:00,1786.0,1794.0,1786.0,1788.0,9000,0.0,0.0
2022-10-17 11:00:00+09:00,1788.0,1793.0,1787.0,1793.0,0,0.0,0.0
2022-10-17 12:00:00+09:00,1796.0,1796.0,1790.0,1790.0,11500,0.0,0.0
2022-10-17 13:00:00+09:00,1790.0,1793.0,1787.0,1793.0,600,0.0,0.0
2022-10-17 14:00:00+09:00,1793.0,1795.0,1789.0,1790.0,4400,0.0,0.0
2022-10-18 09:00:00+09:00,1799.0,1811.0,1797.0,1797.0,10000,0.0,0.0
2022-10-18 10:00:00+09:00,1802.0,1802.0,1802.0,1802.0,400,0.0,0.0
2022-10-18 11:00:00+09:00,1804.0,1807.0,1800.0,1807.0,0,0.0,0.0
2022-10-18 12:00:00+09:00,1812.0,1814.0,1801.0,1813.0,12400,0.0,0.0
2022-10-18 13:00:00+09:00,1814.0,1815.0,1804.0,1804.0,2600,0.0,0.0
2022-10-18 14:00:00+09:00,1809.0,1817.0,1807.0,1813.0,2600,0.0,0.0
2022-10-19 09:00:00+09:00,1822.0,1838.0,1818.0,1838.0,4200,0.0,0.0
2022-10-19 10:00:00+09:00,1837.0,1837.0,1821.0,1825.0,2300,0.0,0.0
2022-10-19 11:00:00+09:00,1830.0,1833.0,1825.0,1830.0,0,0.0,0.0
2022-10-19 12:00:00+09:00,1834.0,1834.0,1824.0,1825.0,10200,0.0,0.0
2022-10-19 13:00:00+09:00,1822.0,1824.0,1822.0,1823.0,1100,0.0,0.0
2022-10-19 14:00:00+09:00,1821.0,1822.0,1810.0,1811.0,3000,0.0,0.0
2022-10-20 09:00:00+09:00,1812.0,1823.0,1803.0,1820.0,3100,0.0,0.0
2022-10-20 10:00:00+09:00,1824.0,1826.0,1815.0,1815.0,4000,0.0,0.0
2022-10-20 11:00:00+09:00,1816.0,1822.0,1816.0,1822.0,0,0.0,0.0
2022-10-20 12:00:00+09:00,1826.0,1826.0,1814.0,1816.0,9600,0.0,0.0
2022-10-20 13:00:00+09:00,1813.0,1826.0,1810.0,1816.0,2700,0.0,0.0
2022-10-20 14:00:00+09:00,1809.0,1814.0,1809.0,1812.0,2000,0.0,0.0
2022-10-21 09:00:00+09:00,1814.0,1814.0,1802.0,1814.0,600,0.0,0.0
2022-10-21 10:00:00+09:00,1809.0,1821.0,1808.0,1814.0,3300,0.0,0.0
2022-10-21 11:00:00+09:00,1820.0,1820.0,1813.0,1819.0,0,0.0,0.0
2022-10-21 12:00:00+09:00,1819.0,1820.0,1816.0,1819.0,6400,0.0,0.0
2022-10-21 13:00:00+09:00,1820.0,1820.0,1813.0,1817.0,700,0.0,0.0
2022-10-21 14:00:00+09:00,1817.0,1817.0,1804.0,1804.0,1000,0.0,0.0
2022-10-24 09:00:00+09:00,1803.0,1822.0,1802.0,1816.0,5400,0.0,0.0
2022-10-24 10:00:00+09:00,1814.0,1816.0,1806.0,1812.0,3700,0.0,0.0
2022-10-24 11:00:00+09:00,1811.0,1811.0,1806.0,1806.0,0,0.0,0.0
2022-10-24 12:00:00+09:00,1800.0,1805.0,1799.0,1799.0,11000,0.0,0.0
2022-10-24 13:00:00+09:00,1803.0,1804.0,1801.0,1804.0,1100,0.0,0.0
2022-10-24 14:00:00+09:00,1804.0,1809.0,1797.0,1798.0,4100,0.0,0.0
2022-10-25 09:00:00+09:00,1812.0,1825.0,1805.0,1825.0,2700,0.0,0.0
2022-10-25 10:00:00+09:00,1825.0,1830.0,1816.0,1821.0,2900,0.0,0.0
2022-10-25 11:00:00+09:00,1823.0,1823.0,1823.0,1823.0,0,0.0,0.0
2022-10-25 12:00:00+09:00,1825.0,1827.0,1825.0,1827.0,7000,0.0,0.0
2022-10-25 13:00:00+09:00,1822.0,1834.0,1822.0,1833.0,1600,0.0,0.0
2022-10-25 14:00:00+09:00,1832.0,1833.0,1822.0,1825.0,4500,0.0,0.0
2022-10-26 09:00:00+09:00,1840.0,1858.0,1840.0,1846.0,4300,0.0,0.0
2022-10-26 10:00:00+09:00,1847.0,1860.0,1846.0,1858.0,1400,0.0,0.0
2022-10-26 11:00:00+09:00,1855.0,1855.0,1850.0,1851.0,0,0.0,0.0
2022-10-26 12:00:00+09:00,1845.0,1845.0,1837.0,1837.0,10700,0.0,0.0
2022-10-26 13:00:00+09:00,1841.0,1845.0,1839.0,1845.0,1100,0.0,0.0
2022-10-26 14:00:00+09:00,1844.0,1848.0,1835.0,1835.0,3000,0.0,0.0
2022-10-27 09:00:00+09:00,1830.0,1833.0,1818.0,1825.0,7000,0.0,0.0
2022-10-27 10:00:00+09:00,1825.0,1826.0,1809.0,1809.0,2100,0.0,0.0
2022-10-27 11:00:00+09:00,1806.0,1806.0,1800.0,1803.0,0,0.0,0.0
2022-10-27 12:00:00+09:00,1799.0,1800.0,1793.0,1793.0,15000,0.0,0.0
2022-10-27 13:00:00+09:00,1794.0,1811.0,1794.0,1808.0,2700,0.0,0.0
2022-10-27 14:00:00+09:00,1806.0,1806.0,1783.0,1788.0,7400,0.0,0.0
2022-10-28 09:00:00+09:00,1790.0,1809.0,1780.0,1783.0,7800,0.0,0.0
2022-10-28 10:00:00+09:00,1785.0,1808.0,1785.0,1787.0,4400,0.0,0.0
2022-10-28 11:00:00+09:00,1789.0,1803.0,1786.0,1803.0,0,0.0,0.0
2022-10-28 12:00:00+09:00,1805.0,1805.0,1794.0,1805.0,21300,0.0,0.0
2022-10-28 13:00:00+09:00,1804.0,1814.0,1803.0,1805.0,9200,0.0,0.0
2022-10-28 14:00:00+09:00,1808.0,1808.0,1773.0,1773.0,17700,0.0,0.0
2022-10-31 09:00:00+09:00,1787.0,1805.0,1787.0,1802.0,5800,0.0,0.0
2022-10-31 10:00:00+09:00,1798.0,1801.0,1797.0,1800.0,1200,0.0,0.0
2022-10-31 11:00:00+09:00,1798.0,1799.0,1794.0,1796.0,0,0.0,0.0
2022-10-31 12:00:00+09:00,1800.0,1801.0,1790.0,1799.0,11100,0.0,0.0
2022-10-31 13:00:00+09:00,1800.0,1818.0,1799.0,1815.0,6400,0.0,0.0
2022-10-31 14:00:00+09:00,1810.0,1810.0,1801.0,1805.0,5100,0.0,0.0
2022-11-01 09:00:00+09:00,1790.0,1790.0,1700.0,1714.0,19400,0.0,0.0
2022-11-01 10:00:00+09:00,1716.0,1720.0,1708.0,1714.0,8400,0.0,0.0
2022-11-01 11:00:00+09:00,1717.0,1722.0,1706.0,1706.0,0,0.0,0.0
2022-11-01 12:00:00+09:00,1706.0,1707.0,1698.0,1705.0,43200,0.0,0.0
2022-11-01 13:00:00+09:00,1705.0,1706.0,1700.0,1702.0,8000,0.0,0.0
2022-11-01 14:00:00+09:00,1704.0,1708.0,1691.0,1696.0,22000,0.0,0.0
2022-11-02 09:00:00+09:00,1707.0,1733.0,1700.0,1732.0,9700,0.0,0.0
2022-11-02 10:00:00+09:00,1732.0,1734.0,1684.0,1685.0,21000,0.0,0.0
2022-11-02 11:00:00+09:00,1685.0,1686.0,1677.0,1686.0,0,0.0,0.0
2022-11-02 12:00:00+09:00,1685.0,1685.0,1674.0,1676.0,56100,0.0,0.0
2022-11-02 13:00:00+09:00,1676.0,1681.0,1666.0,1673.0,18500,0.0,0.0
2022-11-02 14:00:00+09:00,1673.0,1673.0,1659.0,1662.0,25100,0.0,0.0
2022-11-04 09:00:00+09:00,1672.0,1684.0,1670.0,1680.0,4700,0.0,0.0
2022-11-04 10:00:00+09:00,1675.0,1677.0,1661.0,1675.0,10000,0.0,0.0
2022-11-04 11:00:00+09:00,1675.0,1677.0,1662.0,1667.0,0,0.0,0.0
2022-11-04 12:00:00+09:00,1673.0,1673.0,1650.0,1650.0,27800,0.0,0.0
2022-11-04 13:00:00+09:00,1653.0,1655.0,1643.0,1655.0,9100,0.0,0.0
2022-11-04 14:00:00+09:00,1653.0,1653.0,1643.0,1646.0,5000,0.0,0.0
2022-11-07 09:00:00+09:00,1653.0,1666.0,1649.0,1657.0,7200,0.0,0.0
2022-11-07 10:00:00+09:00,1654.0,1659.0,1654.0,1655.0,1000,0.0,0.0
2022-11-07 11:00:00+09:00,1662.0,1669.0,1662.0,1669.0,0,0.0,0.0
2022-11-07 12:00:00+09:00,1672.0,1672.0,1667.0,1667.0,11500,0.0,0.0
2022-11-07 13:00:00+09:00,1665.0,1675.0,1658.0,1667.0,9000,0.0,0.0
2022-11-07 14:00:00+09:00,1663.0,1663.0,1656.0,1661.0,6300,0.0,0.0
2022-11-08 09:00:00+09:00,1665.0,1684.0,1665.0,1678.0,4600,0.0,0.0
2022-11-08 10:00:00+09:00,1677.0,1690.0,1676.0,1689.0,6000,0.0,0.0
2022-11-08 11:00:00+09:00,1690.0,1691.0,1690.0,1691.0,0,0.0,0.0
2022-11-08 12:00:00+09:00,1694.0,1700.0,1694.0,1699.0,13400,0.0,0.0
2022-11-08 13:00:00+09:00,1698.0,1699.0,1692.0,1692.0,1900,0.0,0.0
2022-11-08 14:00:00+09:00,1691.0,1699.0,1691.0,1699.0,4400,0.0,0.0
2022-11-09 09:00:00+09:00,1712.0,1712.0,1690.0,1697.0,3300,0.0,0.0
2022-11-09 10:00:00+09:00,1700.0,1715.0,1700.0,1715.0,3200,0.0,0.0
2022-11-09 11:00:00+09:00,1711.0,1711.0,1711.0,1711.0,0,0.0,0.0
2022-11-09 12:00:00+09:00,1707.0,1710.0,1707.0,1710.0,7000,0.0,0.0
2022-11-09 13:00:00+09:00,1708.0,1713.0,1707.0,1713.0,2800,0.0,0.0
2022-11-09 14:00:00+09:00,1711.0,1714.0,1709.0,1714.0,3600,0.0,0.0
2022-11-10 09:00:00+09:00,1708.0,1708.0,1695.0,1697.0,1500,0.0,0.0
2022-11-10 10:00:00+09:00,1701.0,1708.0,1699.0,1708.0,1000,0.0,0.0
2022-11-10 11:00:00+09:00,1706.0,1706.0,1703.0,1705.0,0,0.0,0.0
2022-11-10 12:00:00+09:00,1707.0,1715.0,1700.0,1715.0,5000,0.0,0.0
2022-11-10 13:00:00+09:00,1715.0,1720.0,1715.0,1720.0,3200,0.0,0.0
2022-11-10 14:00:00+09:00,1718.0,1719.0,1706.0,1709.0,4800,0.0,0.0
2022-11-11 09:00:00+09:00,1724.0,1728.0,1702.0,1702.0,3400,0.0,0.0
2022-11-11 10:00:00+09:00,1707.0,1707.0,1698.0,1704.0,2300,0.0,0.0
2022-11-11 11:00:00+09:00,1704.0,1704.0,1704.0,1704.0,0,0.0,0.0
2022-11-11 12:00:00+09:00,1701.0,1710.0,1700.0,1710.0,6900,0.0,0.0
2022-11-11 13:00:00+09:00,1712.0,1712.0,1706.0,1706.0,1100,0.0,0.0
2022-11-11 14:00:00+09:00,1705.0,1709.0,1705.0,1708.0,1700,0.0,0.0
2022-11-14 09:00:00+09:00,1711.0,1711.0,1694.0,1695.0,3900,0.0,0.0
2022-11-14 10:00:00+09:00,1698.0,1698.0,1697.0,1698.0,500,0.0,0.0
2022-11-14 11:00:00+09:00,1695.0,1695.0,1691.0,1691.0,0,0.0,0.0
2022-11-14 12:00:00+09:00,1682.0,1686.0,1682.0,1684.0,6900,0.0,0.0
2022-11-14 13:00:00+09:00,1682.0,1688.0,1682.0,1688.0,600,0.0,0.0
2022-11-14 14:00:00+09:00,1688.0,1689.0,1681.0,1681.0,2800,0.0,0.0
2022-11-15 09:00:00+09:00,1681.0,1690.0,1676.0,1683.0,6700,0.0,0.0
2022-11-15 10:00:00+09:00,1682.0,1683.0,1680.0,1680.0,1600,0.0,0.0
2022-11-15 11:00:00+09:00,1680.0,1680.0,1680.0,1680.0,0,0.0,0.0
2022-11-15 12:00:00+09:00,1682.0,1688.0,1680.0,1688.0,12400,0.0,0.0
2022-11-15 14:00:00+09:00,1690.0,1695.0,1690.0,1695.0,2200,0.0,0.0
2022-11-16 09:00:00+09:00,1699.0,1702.0,1691.0,1699.0,3300,0.0,0.0
2022-11-16 10:00:00+09:00,1703.0,1703.0,1698.0,1702.0,700,0.0,0.0
2022-11-16 11:00:00+09:00,1704.0,1704.0,1704.0,1704.0,0,0.0,0.0
2022-11-16 12:00:00+09:00,1702.0,1705.0,1702.0,1704.0,4700,0.0,0.0
2022-11-16 13:00:00+09:00,1706.0,1707.0,1704.0,1704.0,3000,0.0,0.0
2022-11-16 14:00:00+09:00,1704.0,1707.0,1704.0,1706.0,900,0.0,0.0
2022-11-17 09:00:00+09:00,1710.0,1710.0,1708.0,1708.0,1200,0.0,0.0
2022-11-17 10:00:00+09:00,1710.0,1710.0,1708.0,1709.0,400,0.0,0.0
2022-11-17 11:00:00+09:00,1711.0,1715.0,1711.0,1713.0,0,0.0,0.0
2022-11-17 12:00:00+09:00,1713.0,1713.0,1710.0,1710.0,3000,0.0,0.0
2022-11-17 13:00:00+09:00,1714.0,1719.0,1713.0,1713.0,1800,0.0,0.0
2022-11-17 14:00:00+09:00,1714.0,1714.0,1704.0,1707.0,1700,0.0,0.0
2022-11-18 09:00:00+09:00,1717.0,1720.0,1713.0,1713.0,800,0.0,0.0
2022-11-18 10:00:00+09:00,1717.0,1724.0,1714.0,1722.0,1600,0.0,0.0
2022-11-18 11:00:00+09:00,1722.0,1722.0,1722.0,1722.0,0,0.0,0.0
2022-11-18 12:00:00+09:00,1724.0,1730.0,1722.0,1727.0,11800,0.0,0.0
2022-11-18 13:00:00+09:00,1727.0,1727.0,1724.0,1724.0,300,0.0,0.0
2022-11-18 14:00:00+09:00,1728.0,1729.0,1716.0,1716.0,4200,0.0,0.0
2022-11-21 09:00:00+09:00,1720.0,1723.0,1715.0,1715.0,1600,0.0,0.0
2022-11-21 10:00:00+09:00,1720.0,1721.0,1718.0,1718.0,500,0.0,0.0
2022-11-21 11:00:00+09:00,1718.0,1718.0,1718.0,1718.0,0,0.0,0.0
2022-11-21 12:00:00+09:00,1722.0,1722.0,1722.0,1722.0,2300,0.0,0.0
2022-11-21 13:00:00+09:00,1720.0,1722.0,1717.0,1717.0,1200,0.0,0.0
2022-11-21 14:00:00+09:00,1720.0,1726.0,1720.0,1723.0,3000,0.0,0.0
2022-11-22 09:00:00+09:00,1737.0,1745.0,1728.0,1745.0,3600,0.0,0.0
2022-11-22 10:00:00+09:00,1745.0,1756.0,1745.0,1755.0,4000,0.0,0.0
2022-11-22 11:00:00+09:00,1754.0,1755.0,1752.0,1755.0,0,0.0,0.0
2022-11-22 12:00:00+09:00,1752.0,1752.0,1752.0,1752.0,9000,0.0,0.0
2022-11-22 13:00:00+09:00,1753.0,1758.0,1751.0,1755.0,2900,0.0,0.0
2022-11-22 14:00:00+09:00,1752.0,1759.0,1750.0,1757.0,3400,0.0,0.0
2022-11-24 09:00:00+09:00,1772.0,1775.0,1756.0,1756.0,2900,0.0,0.0
2022-11-24 10:00:00+09:00,1765.0,1771.0,1763.0,1771.0,1100,0.0,0.0
2022-11-24 11:00:00+09:00,1776.0,1776.0,1773.0,1774.0,0,0.0,0.0
2022-11-24 12:00:00+09:00,1761.0,1761.0,1761.0,1761.0,8300,0.0,0.0
2022-11-24 13:00:00+09:00,1765.0,1776.0,1765.0,1774.0,2400,0.0,0.0
2022-11-24 14:00:00+09:00,1773.0,1776.0,1770.0,1774.0,3300,0.0,0.0
2022-11-25 09:00:00+09:00,1778.0,1791.0,1770.0,1790.0,3100,0.0,0.0
2022-11-25 10:00:00+09:00,1790.0,1795.0,1788.0,1788.0,1500,0.0,0.0
2022-11-25 11:00:00+09:00,1794.0,1801.0,1794.0,1801.0,0,0.0,0.0
2022-11-25 12:00:00+09:00,1800.0,1800.0,1796.0,1796.0,10100,0.0,0.0
2022-11-25 13:00:00+09:00,1801.0,1807.0,1801.0,1802.0,2300,0.0,0.0
2022-11-25 14:00:00+09:00,1804.0,1808.0,1803.0,1808.0,3900,0.0,0.0
2022-11-28 09:00:00+09:00,1810.0,1814.0,1801.0,1801.0,3200,0.0,0.0
2022-11-28 10:00:00+09:00,1804.0,1820.0,1804.0,1819.0,5300,0.0,0.0
2022-11-28 11:00:00+09:00,1816.0,1819.0,1814.0,1819.0,0,0.0,0.0
2022-11-28 12:00:00+09:00,1820.0,1821.0,1817.0,1818.0,11400,0.0,0.0
2022-11-28 13:00:00+09:00,1817.0,1820.0,1815.0,1818.0,900,0.0,0.0
2022-11-28 14:00:00+09:00,1819.0,1822.0,1812.0,1812.0,3600,0.0,0.0
2022-11-29 09:00:00+09:00,1808.0,1813.0,1799.0,1811.0,3500,0.0,0.0
2022-11-29 10:00:00+09:00,1811.0,1819.0,1811.0,1815.0,600,0.0,0.0
2022-11-29 11:00:00+09:00,1822.0,1822.0,1814.0,1814.0,0,0.0,0.0
2022-11-29 12:00:00+09:00,1814.0,1814.0,1811.0,1813.0,7100,0.0,0.0
2022-11-29 13:00:00+09:00,1817.0,1817.0,1812.0,1817.0,1400,0.0,0.0
2022-11-29 14:00:00+09:00,1818.0,1818.0,1805.0,1814.0,4400,0.0,0.0
2022-11-30 09:00:00+09:00,1820.0,1825.0,1815.0,1815.0,25200,0.0,0.0
2022-11-30 10:00:00+09:00,1814.0,1814.0,1805.0,1805.0,2600,0.0,0.0
2022-11-30 11:00:00+09:00,1801.0,1806.0,1797.0,1797.0,0,0.0,0.0
2022-11-30 12:00:00+09:00,1797.0,1797.0,1791.0,1791.0,31100,0.0,0.0
2022-11-30 13:00:00+09:00,1790.0,1790.0,1786.0,1789.0,1000,0.0,0.0
2022-11-30 14:00:00+09:00,1789.0,1789.0,1773.0,1774.0,2700,0.0,0.0
2022-12-01 09:00:00+09:00,1786.0,1792.0,1754.0,1758.0,3900,0.0,0.0
2022-12-01 10:00:00+09:00,1758.0,1758.0,1750.0,1750.0,2400,0.0,0.0
2022-12-01 11:00:00+09:00,1750.0,1757.0,1748.0,1757.0,0,0.0,0.0
2022-12-01 12:00:00+09:00,1751.0,1763.0,1751.0,1758.0,9200,0.0,0.0
2022-12-01 13:00:00+09:00,1755.0,1756.0,1754.0,1754.0,700,0.0,0.0
2022-12-01 14:00:00+09:00,1753.0,1754.0,1745.0,1745.0,4300,0.0,0.0
2022-12-02 09:00:00+09:00,1750.0,1750.0,1707.0,1713.0,5500,0.0,0.0
2022-12-02 10:00:00+09:00,1713.0,1717.0,1712.0,1712.0,1800,0.0,0.0
2022-12-02 11:00:00+09:00,1711.0,1718.0,1711.0,1713.0,0,0.0,0.0
2022-12-02 12:00:00+09:00,1713.0,1724.0,1713.0,1724.0,9000,0.0,0.0
2022-12-02 13:00:00+09:00,1720.0,1734.0,1720.0,1734.0,2800,0.0,0.0
2022-12-02 14:00:00+09:00,1728.0,1731.0,1722.0,1725.0,5700,0.0,0.0
2022-12-05 09:00:00+09:00,1733.0,1733.0,1716.0,1720.0,1500,0.0,0.0
2022-12-05 10:00:00+09:00,1717.0,1717.0,1715.0,1715.0,600,0.0,0.0
2022-12-05 11:00:00+09:00,1711.0,1725.0,1710.0,1725.0,0,0.0,0.0
2022-12-05 12:00:00+09:00,1720.0,1720.0,1718.0,1718.0,4100,0.0,0.0
2022-12-05 13:00:00+09:00,1724.0,1724.0,1719.0,1719.0,200,0.0,0.0
2022-12-05 14:00:00+09:00,1719.0,1727.0,1715.0,1725.0,4100,0.0,0.0
2022-12-06 09:00:00+09:00,1713.0,1731.0,1707.0,1718.0,3000,0.0,0.0
2022-12-06 10:00:00+09:00,1721.0,1725.0,1719.0,1721.0,1400,0.0,0.0
2022-12-06 11:00:00+09:00,1725.0,1730.0,1725.0,1730.0,0,0.0,0.0
2022-12-06 12:00:00+09:00,1730.0,1748.0,1729.0,1742.0,9200,0.0,0.0
2022-12-06 13:00:00+09:00,1739.0,1739.0,1728.0,1732.0,2500,0.0,0.0
2022-12-06 14:00:00+09:00,1727.0,1729.0,1726.0,1728.0,2800,0.0,0.0
2022-12-07 09:00:00+09:00,1724.0,1756.0,1724.0,1756.0,4900,0.0,0.0
2022-12-07 10:00:00+09:00,1756.0,1759.0,1750.0,1750.0,1400,0.0,0.0
2022-12-07 11:00:00+09:00,1749.0,1753.0,1749.0,1753.0,0,0.0,0.0
2022-12-07 12:00:00+09:00,1745.0,1745.0,1745.0,1745.0,7400,0.0,0.0
2022-12-07 13:00:00+09:00,1741.0,1746.0,1740.0,1740.0,1100,0.0,0.0
2022-12-07 14:00:00+09:00,1740.0,1742.0,1735.0,1736.0,3200,0.0,0.0
2022-12-08 09:00:00+09:00,1733.0,1733.0,1710.0,1710.0,8000,0.0,0.0
2022-12-08 10:00:00+09:00,1717.0,1724.0,1717.0,1719.0,1200,0.0,0.0
2022-12-08 11:00:00+09:00,1719.0,1720.0,1719.0,1720.0,0,0.0,0.0
2022-12-08 12:00:00+09:00,1720.0,1722.0,1720.0,1722.0,10400,0.0,0.0
2022-12-08 13:00:00+09:00,1724.0,1733.0,1724.0,1732.0,3800,0.0,0.0
2022-12-08 14:00:00+09:00,1732.0,1735.0,1729.0,1734.0,2300,0.0,0.0
2022-12-09 09:00:00+09:00,1740.0,1745.0,1738.0,1740.0,20000,0.0,0.0
2022-12-09 10:00:00+09:00,1738.0,1738.0,1724.0,1724.0,1100,0.0,0.0
2022-12-09 11:00:00+09:00,1722.0,1722.0,1722.0,1722.0,0,0.0,0.0
2022-12-09 12:00:00+09:00,1723.0,1728.0,1723.0,1726.0,21600,0.0,0.0
2022-12-09 13:00:00+09:00,1726.0,1729.0,1722.0,1729.0,2800,0.0,0.0
2022-12-09 14:00:00+09:00,1726.0,1732.0,1725.0,1729.0,3800,0.0,0.0
2022-12-12 09:00:00+09:00,1721.0,1725.0,1719.0,1719.0,0,0.0,0.0
2022-12-12 10:00:00+09:00,1720.0,1722.0,1717.0,1722.0,2000,0.0,0.0
2022-12-12 11:00:00+09:00,1720.0,1720.0,1714.0,1719.0,0,0.0,0.0
2022-12-12 12:00:00+09:00,1715.0,1720.0,1714.0,1720.0,11700,0.0,0.0
2022-12-12 13:00:00+09:00,1716.0,1720.0,1710.0,1712.0,4800,0.0,0.0
2022-12-12 14:00:00+09:00,1711.0,1712.0,1703.0,1705.0,0,0.0,0.0
2022-12-13 09:00:00+09:00,1713.0,1728.0,1713.0,1717.0,8500,0.0,0.0
2022-12-13 10:00:00+09:00,1713.0,1717.0,1707.0,1717.0,2700,0.0,0.0
2022-12-13 11:00:00+09:00,1714.0,1716.0,1703.0,1703.0,0,0.0,0.0
2022-12-13 12:00:00+09:00,1708.0,1718.0,1708.0,1712.0,18400,0.0,0.0
2022-12-13 13:00:00+09:00,1711.0,1712.0,1702.0,1712.0,4500,0.0,0.0
2022-12-13 14:00:00+09:00,1714.0,1715.0,1711.0,1712.0,1000,0.0,0.0
2022-12-14 09:00:00+09:00,1710.0,1716.0,1709.0,1714.0,2600,0.0,0.0
2022-12-14 10:00:00+09:00,1716.0,1716.0,1715.0,1715.0,400,0.0,0.0
2022-12-14 11:00:00+09:00,1714.0,1714.0,1710.0,1710.0,0,0.0,0.0
2022-12-14 12:00:00+09:00,1710.0,1714.0,1710.0,1714.0,4900,0.0,0.0
2022-12-14 13:00:00+09:00,1710.0,1710.0,1710.0,1710.0,100,0.0,0.0
2022-12-14 14:00:00+09:00,1707.0,1718.0,1707.0,1714.0,3900,0.0,0.0
2022-12-15 09:00:00+09:00,1723.0,1732.0,1721.0,1730.0,0,0.0,0.0
2022-12-15 10:00:00+09:00,1723.0,1723.0,1723.0,1723.0,0,0.0,0.0
2022-12-15 11:00:00+09:00,1723.0,1725.0,1721.0,1721.0,0,0.0,0.0
2022-12-15 12:00:00+09:00,1719.0,1721.0,1719.0,1721.0,6700,0.0,0.0
2022-12-15 13:00:00+09:00,1720.0,1722.0,1719.0,1722.0,900,0.0,0.0
2022-12-15 14:00:00+09:00,1720.0,1720.0,1714.0,1716.0,3000,0.0,0.0
2022-12-16 09:00:00+09:00,1715.0,1716.0,1714.0,1716.0,1300,0.0,0.0
2022-12-16 10:00:00+09:00,1715.0,1724.0,1715.0,1724.0,800,0.0,0.0
2022-12-16 11:00:00+09:00,1722.0,1722.0,1721.0,1721.0,0,0.0,0.0
2022-12-16 12:00:00+09:00,1727.0,1732.0,1723.0,1728.0,4700,0.0,0.0
2022-12-16 13:00:00+09:00,1725.0,1725.0,1718.0,1721.0,2000,0.0,0.0
2022-12-16 14:00:00+09:00,1716.0,1721.0,1706.0,1717.0,7200,0.0,0.0
2022-12-19 09:00:00+09:00,1715.0,1719.0,1712.0,1719.0,5000,0.0,0.0
2022-12-19 10:00:00+09:00,1716.0,1728.0,1713.0,1713.0,2400,0.0,0.0
2022-12-19 11:00:00+09:00,1713.0,1728.0,1713.0,1726.0,0,0.0,0.0
2022-12-19 12:00:00+09:00,1720.0,1730.0,1719.0,1719.0,14000,0.0,0.0
2022-12-19 13:00:00+09:00,1719.0,1720.0,1710.0,1716.0,5700,0.0,0.0
2022-12-19 14:00:00+09:00,1712.0,1720.0,1711.0,1714.0,6000,0.0,0.0
2022-12-20 09:00:00+09:00,1715.0,1720.0,1715.0,1715.0,2300,0.0,0.0
2022-12-20 10:00:00+09:00,1716.0,1717.0,1712.0,1717.0,700,0.0,0.0
2022-12-20 11:00:00+09:00,1714.0,1714.0,1713.0,1714.0,0,0.0,0.0
2022-12-20 12:00:00+09:00,1705.0,1706.0,1691.0,1695.0,12900,0.0,0.0
2022-12-20 13:00:00+09:00,1691.0,1699.0,1685.0,1696.0,5600,0.0,0.0
2022-12-20 14:00:00+09:00,1695.0,1705.0,1692.0,1705.0,3600,0.0,0.0
2022-12-21 09:00:00+09:00,1699.0,1703.0,1688.0,1688.0,6500,0.0,0.0
2022-12-21 10:00:00+09:00,1692.0,1699.0,1687.0,1697.0,3300,0.0,0.0
2022-12-21 11:00:00+09:00,1697.0,1705.0,1696.0,1702.0,0,0.0,0.0
2022-12-21 12:00:00+09:00,1697.0,1705.0,1688.0,1705.0,16500,0.0,0.0
2022-12-21 13:00:00+09:00,1696.0,1696.0,1687.0,1691.0,2500,0.0,0.0
2022-12-21 14:00:00+09:00,1693.0,1699.0,1686.0,1689.0,3900,0.0,0.0
2022-12-22 09:00:00+09:00,1704.0,1704.0,1695.0,1700.0,1300,0.0,0.0
2022-12-22 10:00:00+09:00,1698.0,1698.0,1691.0,1695.0,1600,0.0,0.0
2022-12-22 11:00:00+09:00,1696.0,1696.0,1696.0,1696.0,0,0.0,0.0
2022-12-22 12:00:00+09:00,1696.0,1696.0,1696.0,1696.0,3500,0.0,0.0
2022-12-22 13:00:00+09:00,1697.0,1697.0,1696.0,1696.0,400,0.0,0.0
2022-12-22 14:00:00+09:00,1698.0,1698.0,1688.0,1691.0,8800,0.0,0.0
2022-12-23 09:00:00+09:00,1700.0,1712.0,1700.0,1704.0,0,0.0,0.0
2022-12-23 10:00:00+09:00,1703.0,1707.0,1703.0,1707.0,5900,0.0,0.0
2022-12-23 11:00:00+09:00,1704.0,1704.0,1703.0,1703.0,0,0.0,0.0
2022-12-23 12:00:00+09:00,1703.0,1706.0,1703.0,1705.0,7400,0.0,0.0
2022-12-23 13:00:00+09:00,1703.0,1703.0,1700.0,1700.0,700,0.0,0.0
2022-12-23 14:00:00+09:00,1700.0,1702.0,1700.0,1702.0,1300,0.0,0.0
2022-12-26 09:00:00+09:00,1705.0,1708.0,1702.0,1702.0,0,0.0,0.0
2022-12-26 10:00:00+09:00,1702.0,1715.0,1700.0,1700.0,6200,0.0,0.0
2022-12-26 11:00:00+09:00,1703.0,1703.0,1700.0,1700.0,0,0.0,0.0
2022-12-26 12:00:00+09:00,1704.0,1704.0,1698.0,1698.0,14100,0.0,0.0
2022-12-26 13:00:00+09:00,1701.0,1702.0,1701.0,1701.0,1900,0.0,0.0
2022-12-26 14:00:00+09:00,1700.0,1702.0,1698.0,1701.0,2200,0.0,0.0
2022-12-27 09:00:00+09:00,1722.0,1722.0,1713.0,1713.0,1700,0.0,0.0
2022-12-27 10:00:00+09:00,1712.0,1712.0,1712.0,1712.0,100,0.0,0.0
2022-12-27 11:00:00+09:00,1712.0,1712.0,1712.0,1712.0,0,0.0,0.0
2022-12-27 12:00:00+09:00,1708.0,1708.0,1708.0,1708.0,3700,0.0,0.0
2022-12-27 13:00:00+09:00,1707.0,1714.0,1703.0,1709.0,2900,0.0,0.0
2022-12-27 14:00:00+09:00,1709.0,1713.0,1707.0,1713.0,2200,0.0,0.0
2022-12-28 09:00:00+09:00,1730.0,1730.0,1720.0,1722.0,1100,0.0,0.0
2022-12-28 10:00:00+09:00,1716.0,1719.0,1713.0,1719.0,2300,0.0,0.0
2022-12-28 11:00:00+09:00,1719.0,1719.0,1719.0,1719.0,0,0.0,0.0
2022-12-28 12:00:00+09:00,1720.0,1722.0,1719.0,1722.0,4200,0.0,0.0
2022-12-28 13:00:00+09:00,1719.0,1719.0,1714.0,1718.0,2300,0.0,0.0
2022-12-28 14:00:00+09:00,1716.0,1719.0,1712.0,1718.0,6600,0.0,0.0
2022-12-29 09:00:00+09:00,1719.0,1723.0,1699.0,1723.0,6400,0.0,0.0
2022-12-29 10:00:00+09:00,1718.0,1724.0,1718.0,1719.0,1200,0.0,0.0
2022-12-29 11:00:00+09:00,1715.0,1715.0,1715.0,1715.0,0,0.0,0.0
2022-12-29 12:00:00+09:00,1720.0,1724.0,1718.0,1718.0,11400,0.0,0.0
2022-12-29 13:00:00+09:00,1720.0,1724.0,1715.0,1719.0,0,0.0,0.0
2022-12-29 14:00:00+09:00,1720.0,1743.0,1720.0,1743.0,24500,0.0,0.0
2022-12-30 09:00:00+09:00,1722.0,1732.0,1716.0,1727.0,7600,0.0,0.0
2022-12-30 10:00:00+09:00,1729.0,1730.0,1729.0,1730.0,400,0.0,0.0
2022-12-30 11:00:00+09:00,1729.0,1729.0,1729.0,1729.0,0,0.0,0.0
2022-12-30 12:00:00+09:00,1730.0,1730.0,1728.0,1728.0,8600,0.0,0.0
2022-12-30 13:00:00+09:00,1730.0,1736.0,1730.0,1732.0,4200,0.0,0.0
2022-12-30 14:00:00+09:00,1735.0,1736.0,1729.0,1731.0,2500,0.0,0.0
2023-01-04 09:00:00+09:00,1734.0,1734.0,1713.0,1717.0,0,0.0,0.0
2023-01-04 10:00:00+09:00,1713.0,1716.0,1710.0,1711.0,900,0.0,0.0
2023-01-04 11:00:00+09:00,1711.0,1711.0,1710.0,1710.0,0,0.0,0.0
2023-01-04 12:00:00+09:00,1711.0,1711.0,1710.0,1710.0,5000,0.0,0.0
2023-01-04 13:00:00+09:00,1714.0,1717.0,1714.0,1717.0,400,0.0,0.0
2023-01-04 14:00:00+09:00,1716.0,1716.0,1705.0,1705.0,4000,0.0,0.0
2023-01-05 09:00:00+09:00,1705.0,1713.0,1701.0,1709.0,0,0.0,0.0
2023-01-05 10:00:00+09:00,1708.0,1714.0,1708.0,1710.0,5900,0.0,0.0
2023-01-05 11:00:00+09:00,1711.0,1711.0,1711.0,1711.0,0,0.0,0.0
2023-01-05 12:00:00+09:00,1711.0,1711.0,1706.0,1706.0,8800,0.0,0.0
2023-01-05 13:00:00+09:00,1704.0,1709.0,1704.0,1709.0,400,0.0,0.0
2023-01-05 14:00:00+09:00,1707.0,1712.0,1707.0,1707.0,1600,0.0,0.0
2023-01-06 09:00:00+09:00,1715.0,1720.0,1711.0,1715.0,1300,0.0,0.0
2023-01-06 10:00:00+09:00,1716.0,1718.0,1710.0,1715.0,1900,0.0,0.0
2023-01-06 11:00:00+09:00,1712.0,1712.0,1711.0,1711.0,0,0.0,0.0
2023-01-06 12:00:00+09:00,1718.0,1718.0,1710.0,1710.0,3600,0.0,0.0
2023-01-06 13:00:00+09:00,1717.0,1717.0,1717.0,1717.0,100,0.0,0.0
2023-01-06 14:00:00+09:00,1716.0,1720.0,1715.0,1716.0,3300,0.0,0.0
2023-01-10 09:00:00+09:00,1716.0,1717.0,1710.0,1713.0,0,0.0,0.0
2023-01-10 10:00:00+09:00,1715.0,1718.0,1715.0,1718.0,300,0.0,0.0
2023-01-10 11:00:00+09:00,1719.0,1720.0,1715.0,1715.0,0,0.0,0.0
2023-01-10 12:00:00+09:00,1725.0,1725.0,1711.0,1714.0,4700,0.0,0.0
2023-01-10 13:00:00+09:00,1714.0,1714.0,1712.0,1712.0,600,0.0,0.0
2023-01-10 14:00:00+09:00,1711.0,1714.0,1709.0,1709.0,3400,0.0,0.0
2023-01-11 09:00:00+09:00,1730.0,1730.0,1727.0,1729.0,900,0.0,0.0
2023-01-11 10:00:00+09:00,1729.0,1735.0,1729.0,1735.0,800,0.0,0.0
2023-01-11 11:00:00+09:00,1735.0,1735.0,1735.0,1735.0,0,0.0,0.0
2023-01-11 12:00:00+09:00,1734.0,1734.0,1720.0,1724.0,3800,0.0,0.0
2023-01-11 13:00:00+09:00,1719.0,1719.0,1719.0,1719.0,100,0.0,0.0
2023-01-11 14:00:00+09:00,1724.0,1730.0,1723.0,1729.0,1300,0.0,0.0
2023-01-12 09:00:00+09:00,1735.0,1740.0,1726.0,1739.0,2700,0.0,0.0
2023-01-12 10:00:00+09:00,1735.0,1735.0,1735.0,1735.0,100,0.0,0.0
2023-01-12 11:00:00+09:00,1735.0,1735.0,1735.0,1735.0,0,0.0,0.0
2023-01-12 12:00:00+09:00,1735.0,1735.0,1733.0,1735.0,3700,0.0,0.0
2023-01-12 13:00:00+09:00,1738.0,1738.0,1735.0,1735.0,400,0.0,0.0
2023-01-12 14:00:00+09:00,1735.0,1739.0,1735.0,1739.0,800,0.0,0.0
2023-01-13 09:00:00+09:00,1730.0,1742.0,1730.0,1736.0,0,0.0,0.0
2023-01-13 10:00:00+09:00,1735.0,1740.0,1730.0,1740.0,5000,0.0,0.0
2023-01-13 11:00:00+09:00,1740.0,1744.0,1740.0,1744.0,0,0.0,0.0
2023-01-13 12:00:00+09:00,1735.0,1750.0,1735.0,1750.0,10000,0.0,0.0
2023-01-13 13:00:00+09:00,1755.0,1755.0,1747.0,1747.0,1500,0.0,0.0
2023-01-13 14:00:00+09:00,1747.0,1747.0,1743.0,1744.0,1600,0.0,0.0
2023-01-16 09:00:00+09:00,1743.0,1743.0,1730.0,1743.0,0,0.0,0.0
2023-01-16 10:00:00+09:00,1743.0,1743.0,1743.0,1743.0,100,0.0,0.0
2023-01-16 11:00:00+09:00,1740.0,1740.0,1738.0,1738.0,0,0.0,0.0
2023-01-16 12:00:00+09:00,1738.0,1742.0,1734.0,1742.0,3200,0.0,0.0
2023-01-16 13:00:00+09:00,1741.0,1742.0,1741.0,1742.0,300,0.0,0.0
2023-01-16 14:00:00+09:00,1740.0,1741.0,1730.0,1732.0,1000,0.0,0.0
2023-01-17 09:00:00+09:00,1747.0,1750.0,1747.0,1747.0,1800,0.0,0.0
2023-01-17 10:00:00+09:00,1747.0,1751.0,1747.0,1751.0,2400,0.0,0.0
2023-01-17 11:00:00+09:00,1753.0,1759.0,1753.0,1753.0,0,0.0,0.0
2023-01-17 12:00:00+09:00,1755.0,1755.0,1755.0,1755.0,7100,0.0,0.0
2023-01-17 13:00:00+09:00,1755.0,1764.0,1755.0,1761.0,1500,0.0,0.0
2023-01-17 14:00:00+09:00,1764.0,1770.0,1761.0,1770.0,900,0.0,0.0
2023-01-18 09:00:00+09:00,1764.0,1764.0,1742.0,1743.0,1800,0.0,0.0
2023-01-18 10:00:00+09:00,1743.0,1748.0,1743.0,1745.0,400,0.0,0.0
2023-01-18 11:00:00+09:00,1745.0,1745.0,1743.0,1743.0,0,0.0,0.0
2023-01-18 12:00:00+09:00,1763.0,1764.0,1748.0,1748.0,3700,0.0,0.0
2023-01-18 13:00:00+09:00,1755.0,1762.0,1755.0,1758.0,1200,0.0,0.0
2023-01-18 14:00:00+09:00,1761.0,1765.0,1757.0,1764.0,0,0.0,0.0
2023-01-19 09:00:00+09:00,1764.0,1770.0,1759.0,1764.0,1200,0.0,0.0
2023-01-19 10:00:00+09:00,1764.0,1768.0,1760.0,1768.0,1100,0.0,0.0
2023-01-19 11:00:00+09:00,1762.0,1762.0,1762.0,1762.0,0,0.0,0.0
2023-01-19 12:00:00+09:00,1760.0,1768.0,1760.0,1768.0,2900,0.0,0.0
2023-01-19 13:00:00+09:00,1766.0,1766.0,1766.0,1766.0,200,0.0,0.0
2023-01-19 14:00:00+09:00,1762.0,1762.0,1750.0,1751.0,2800,0.0,0.0
2023-01-20 09:00:00+09:00,1764.0,1769.0,1758.0,1765.0,1300,0.0,0.0
2023-01-20 10:00:00+09:00,1767.0,1767.0,1767.0,1767.0,200,0.0,0.0
2023-01-20 11:00:00+09:00,1767.0,1767.0,1767.0,1767.0,0,0.0,0.0
2023-01-20 12:00:00+09:00,1767.0,1771.0,1767.0,1771.0,2500,0.0,0.0
2023-01-20 13:00:00+09:00,1771.0,1771.0,1769.0,1769.0,200,0.0,0.0
2023-01-20 14:00:00+09:00,1764.0,1768.0,1755.0,1767.0,3300,0.0,0.0
2023-01-23 09:00:00+09:00,1775.0,1776.0,1767.0,1776.0,1700,0.0,0.0
2023-01-23 10:00:00+09:00,1778.0,1792.0,1778.0,1792.0,3100,0.0,0.0
2023-01-23 11:00:00+09:00,1787.0,1787.0,1787.0,1787.0,0,0.0,0.0
2023-01-23 12:00:00+09:00,1790.0,1798.0,1774.0,1792.0,7600,0.0,0.0
2023-01-23 13:00:00+09:00,1792.0,1792.0,1779.0,1779.0,2900,0.0,0.0
2023-01-23 14:00:00+09:00,1779.0,1784.0,1777.0,1781.0,4600,0.0,0.0
2023-01-24 09:00:00+09:00,1780.0,1786.0,1780.0,1780.0,1200,0.0,0.0
2023-01-24 10:00:00+09:00,1782.0,1785.0,1780.0,1780.0,1300,0.0,0.0
2023-01-24 11:00:00+09:00,1781.0,1782.0,1781.0,1781.0,0,0.0,0.0
2023-01-24 12:00:00+09:00,1782.0,1783.0,1780.0,1781.0,4200,0.0,0.0
2023-01-24 13:00:00+09:00,1781.0,1783.0,1781.0,1781.0,700,0.0,0.0
2023-01-24 14:00:00+09:00,1781.0,1785.0,1774.0,1775.0,8100,0.0,0.0
2023-01-25 09:00:00+09:00,1787.0,1787.0,1778.0,1784.0,1700,0.0,0.0
2023-01-25 10:00:00+09:00,1780.0,1782.0,1778.0,1780.0,900,0.0,0.0
2023-01-25 11:00:00+09:00,1780.0,1782.0,1780.0,1782.0,0,0.0,0.0
2023-01-25 12:00:00+09:00,1782.0,1784.0,1779.0,1782.0,4900,0.0,0.0
2023-01-25 13:00:00+09:00,1782.0,1797.0,1782.0,1797.0,1600,0.0,0.0
2023-01-25 14:00:00+09:00,1797.0,1797.0,1797.0,1797.0,100,0.0,0.0
2023-01-26 09:00:00+09:00,1798.0,1798.0,1790.0,1791.0,1100,0.0,0.0
2023-01-26 10:00:00+09:00,1790.0,1794.0,1788.0,1794.0,500,0.0,0.0
2023-01-26 11:00:00+09:00,1796.0,1801.0,1796.0,1801.0,0,0.0,0.0
2023-01-26 12:00:00+09:00,1797.0,1797.0,1796.0,1796.0,3900,0.0,0.0
2023-01-26 13:00:00+09:00,1801.0,1805.0,1801.0,1805.0,1200,0.0,0.0
2023-01-26 14:00:00+09:00,1807.0,1811.0,1807.0,1808.0,1400,0.0,0.0
2023-01-27 09:00:00+09:00,1816.0,1831.0,1815.0,1815.0,5800,0.0,0.0
2023-01-27 10:00:00+09:00,1814.0,1814.0,1803.0,1807.0,2400,0.0,0.0
2023-01-27 11:00:00+09:00,1801.0,1801.0,1800.0,1800.0,0,0.0,0.0
2023-01-27 12:00:00+09:00,1801.0,1801.0,1801.0,1801.0,8600,0.0,0.0
2023-01-27 13:00:00+09:00,1801.0,1805.0,1797.0,1801.0,3400,0.0,0.0
2023-01-27 14:00:00+09:00,1802.0,1802.0,1799.0,1799.0,3500,0.0,0.0
2023-01-30 09:00:00+09:00,1792.0,1803.0,1789.0,1803.0,4600,0.0,0.0
2023-01-30 10:00:00+09:00,1804.0,1810.0,1804.0,1810.0,1200,0.0,0.0
2023-01-30 11:00:00+09:00,1812.0,1813.0,1812.0,1813.0,0,0.0,0.0
2023-01-30 12:00:00+09:00,1807.0,1807.0,1807.0,1807.0,6400,0.0,0.0
2023-01-30 13:00:00+09:00,1808.0,1808.0,1804.0,1806.0,900,0.0,0.0
2023-01-30 14:00:00+09:00,1806.0,1827.0,1806.0,1827.0,6500,0.0,0.0
2023-01-31 09:00:00+09:00,1824.0,1835.0,1814.0,1831.0,11100,0.0,0.0
2023-01-31 10:00:00+09:00,1831.0,1842.0,1831.0,1840.0,2300,0.0,0.0
2023-01-31 11:00:00+09:00,1840.0,1840.0,1833.0,1838.0,0,0.0,0.0
2023-01-31 12:00:00+09:00,1830.0,1830.0,1829.0,1829.0,15100,0.0,0.0
2023-01-31 13:00:00+09:00,1828.0,1833.0,1828.0,1833.0,900,0.0,0.0
2023-01-31 14:00:00+09:00,1832.0,1835.0,1826.0,1826.0,2000,0.0,0.0
2023-02-01 09:00:00+09:00,1801.0,1822.0,1801.0,1809.0,6900,0.0,0.0
2023-02-01 10:00:00+09:00,1810.0,1813.0,1795.0,1806.0,5100,0.0,0.0
2023-02-01 11:00:00+09:00,1809.0,1809.0,1803.0,1808.0,0,0.0,0.0
2023-02-01 12:00:00+09:00,1815.0,1815.0,1809.0,1810.0,13500,0.0,0.0
2023-02-01 13:00:00+09:00,1808.0,1815.0,1808.0,1815.0,0,0.0,0.0
2023-02-01 14:00:00+09:00,1814.0,1819.0,1811.0,1819.0,18700,0.0,0.0
2023-02-02 09:00:00+09:00,1822.0,1822.0,1801.0,1803.0,1700,0.0,0.0
2023-02-02 10:00:00+09:00,1802.0,1802.0,1794.0,1794.0,5300,0.0,0.0
2023-02-02 11:00:00+09:00,1792.0,1798.0,1790.0,1798.0,0,0.0,0.0
2023-02-02 12:00:00+09:00,1795.0,1803.0,1795.0,1803.0,11200,0.0,0.0
2023-02-02 13:00:00+09:00,1803.0,1803.0,1800.0,1800.0,1700,0.0,0.0
2023-02-02 14:00:00+09:00,1798.0,1798.0,1793.0,1794.0,1600,0.0,0.0
2023-02-03 09:00:00+09:00,1791.0,1803.0,1788.0,1798.0,0,0.0,0.0
2023-02-03 10:00:00+09:00,1800.0,1803.0,1794.0,1796.0,1800,0.0,0.0
2023-02-03 11:00:00+09:00,1799.0,1805.0,1799.0,1799.0,0,0.0,0.0
2023-02-03 12:00:00+09:00,1799.0,1802.0,1794.0,1800.0,3400,0.0,0.0
2023-02-03 13:00:00+09:00,1800.0,1800.0,1795.0,1800.0,900,0.0,0.0
2023-02-03 14:00:00+09:00,1802.0,1802.0,1797.0,1799.0,700,0.0,0.0
2023-02-06 09:00:00+09:00,1818.0,1818.0,1795.0,1802.0,1700,0.0,0.0
2023-02-06 10:00:00+09:00,1806.0,1808.0,1802.0,1808.0,300,0.0,0.0
2023-02-06 11:00:00+09:00,1808.0,1808.0,1808.0,1808.0,0,0.0,0.0
2023-02-06 12:00:00+09:00,1800.0,1806.0,1800.0,1806.0,2700,0.0,0.0
2023-02-06 13:00:00+09:00,1809.0,1810.0,1809.0,1810.0,200,0.0,0.0
2023-02-06 14:00:00+09:00,1808.0,1808.0,1802.0,1806.0,1100,0.0,0.0
2023-02-07 09:00:00+09:00,1805.0,1805.0,1796.0,1803.0,1200,0.0,0.0
2023-02-07 10:00:00+09:00,1798.0,1800.0,1796.0,1799.0,1300,0.0,0.0
2023-02-07 11:00:00+09:00,1799.0,1799.0,1799.0,1799.0,0,0.0,0.0
2023-02-07 12:00:00+09:00,1803.0,1803.0,1797.0,1797.0,4500,0.0,0.0
2023-02-07 13:00:00+09:00,1796.0,1796.0,1792.0,1793.0,1800,0.0,0.0
2023-02-07 14:00:00+09:00,1793.0,1793.0,1792.0,1792.0,700,0.0,0.0
2023-02-08 09:00:00+09:00,1800.0,1804.0,1795.0,1799.0,5300,0.0,0.0
2023-02-08 10:00:00+09:00,1799.0,1800.0,1799.0,1800.0,1300,0.0,0.0
2023-02-08 11:00:00+09:00,1798.0,1798.0,1798.0,1798.0,0,0.0,0.0
2023-02-08 12:00:00+09:00,1800.0,1800.0,1800.0,1800.0,7200,0.0,0.0
2023-02-08 13:00:00+09:00,1798.0,1800.0,1796.0,1796.0,1800,0.0,0.0
2023-02-08 14:00:00+09:00,1796.0,1796.0,1792.0,1796.0,2900,0.0,0.0
2023-02-09 09:00:00+09:00,1801.0,1805.0,1797.0,1801.0,1700,0.0,0.0
2023-02-09 11:00:00+09:00,1801.0,1801.0,1801.0,1801.0,0,0.0,0.0
2023-02-09 13:00:00+09:00,1800.0,1801.0,1800.0,1801.0,3400,0.0,0.0
2023-02-09 14:00:00+09:00,1800.0,1809.0,1797.0,1800.0,5900,0.0,0.0
2023-02-10 09:00:00+09:00,1800.0,1813.0,1799.0,1804.0,5800,0.0,0.0
2023-02-10 10:00:00+09:00,1801.0,1806.0,1801.0,1804.0,1900,0.0,0.0
2023-02-10 11:00:00+09:00,1802.0,1802.0,1802.0,1802.0,0,0.0,0.0
2023-02-10 12:00:00+09:00,1802.0,1805.0,1802.0,1802.0,8900,0.0,0.0
2023-02-10 13:00:00+09:00,1802.0,1802.0,1800.0,1800.0,300,0.0,0.0
2023-02-10 14:00:00+09:00,1800.0,1800.0,1796.0,1800.0,3700,0.0,0.0
2023-02-13 09:00:00+09:00,1800.0,1805.0,1798.0,1798.0,4400,0.0,0.0
2023-02-13 10:00:00+09:00,1798.0,1810.0,1796.0,1805.0,7600,0.0,0.0
2023-02-13 11:00:00+09:00,1804.0,1804.0,1804.0,1804.0,0,0.0,0.0
2023-02-13 12:00:00+09:00,1805.0,1807.0,1802.0,1804.0,15500,0.0,0.0
2023-02-13 13:00:00+09:00,1805.0,1813.0,1801.0,1813.0,3500,0.0,0.0
2023-02-13 14:00:00+09:00,1814.0,1818.0,1814.0,1816.0,1500,0.0,0.0
2023-02-14 09:00:00+09:00,1820.0,1840.0,1820.0,1840.0,5500,0.0,0.0
2023-02-14 10:00:00+09:00,1837.0,1837.0,1832.0,1836.0,1400,0.0,0.0
2023-02-14 11:00:00+09:00,1837.0,1837.0,1837.0,1837.0,0,0.0,0.0
2023-02-14 12:00:00+09:00,1840.0,1841.0,1840.0,1841.0,7300,0.0,0.0
2023-02-14 14:00:00+09:00,1840.0,1846.0,1840.0,1846.0,2100,0.0,0.0
2023-02-15 09:00:00+09:00,1840.0,1840.0,1837.0,1839.0,1600,0.0,0.0
2023-02-15 10:00:00+09:00,1840.0,1840.0,1839.0,1840.0,800,0.0,0.0
2023-02-15 11:00:00+09:00,1839.0,1839.0,1839.0,1839.0,0,0.0,0.0
2023-02-15 12:00:00+09:00,1835.0,1837.0,1833.0,1833.0,3500,0.0,0.0
2023-02-15 13:00:00+09:00,1839.0,1840.0,1837.0,1837.0,300,0.0,0.0
2023-02-15 14:00:00+09:00,1836.0,1841.0,1831.0,1840.0,3100,0.0,0.0
2023-02-16 09:00:00+09:00,1855.0,1855.0,1839.0,1841.0,2400,0.0,0.0
2023-02-16 10:00:00+09:00,1841.0,1841.0,1838.0,1838.0,800,0.0,0.0
2023-02-16 11:00:00+09:00,1840.0,1840.0,1840.0,1840.0,0,0.0,0.0
2023-02-16 12:00:00+09:00,1831.0,1832.0,1808.0,1832.0,4200,0.0,0.0
2023-02-16 13:00:00+09:00,1832.0,1832.0,1829.0,1829.0,1100,0.0,0.0
2023-02-16 14:00:00+09:00,1831.0,1842.0,1831.0,1841.0,800,0.0,0.0
2023-02-17 09:00:00+09:00,1838.0,1840.0,1834.0,1834.0,1600,0.0,0.0
2023-02-17 10:00:00+09:00,1835.0,1837.0,1835.0,1837.0,800,0.0,0.0
2023-02-17 11:00:00+09:00,1837.0,1837.0,1837.0,1837.0,0,0.0,0.0
2023-02-17 12:00:00+09:00,1837.0,1837.0,1837.0,1837.0,2700,0.0,0.0
2023-02-17 14:00:00+09:00,1837.0,1837.0,1835.0,1835.0,200,0.0,0.0
2023-02-20 09:00:00+09:00,1849.0,1850.0,1844.0,1844.0,2700,0.0,0.0
2023-02-20 10:00:00+09:00,1848.0,1850.0,1848.0,1850.0,0,0.0,0.0
2023-02-20 11:00:00+09:00,1850.0,1850.0,1850.0,1850.0,0,0.0,0.0
2023-02-20 12:00:00+09:00,1850.0,1850.0,1849.0,1849.0,4300,0.0,0.0
2023-02-20 13:00:00+09:00,1848.0,1849.0,1847.0,1847.0,1900,0.0,0.0
2023-02-20 14:00:00+09:00,1845.0,1848.0,1845.0,1848.0,300,0.0,0.0
2023-02-21 09:00:00+09:00,1851.0,1856.0,1848.0,1848.0,3600,0.0,0.0
2023-02-21 10:00:00+09:00,1845.0,1858.0,1845.0,1858.0,2800,0.0,0.0
2023-02-21 11:00:00+09:00,1859.0,1860.0,1857.0,1857.0,0,0.0,0.0
2023-02-21 12:00:00+09:00,1860.0,1864.0,1859.0,1864.0,7900,0.0,0.0
2023-02-21 13:00:00+09:00,1864.0,1864.0,1862.0,1862.0,0,0.0,0.0
2023-02-21 14:00:00+09:00,1864.0,1870.0,1864.0,1866.0,11000,0.0,0.0
2023-02-22 09:00:00+09:00,1860.0,1864.0,1859.0,1864.0,1400,0.0,0.0
2023-02-22 10:00:00+09:00,1864.0,1865.0,1860.0,1860.0,1100,0.0,0.0
2023-02-22 11:00:00+09:00,1860.0,1864.0,1860.0,1864.0,0,0.0,0.0
2023-02-22 12:00:00+09:00,1864.0,1878.0,1864.0,1878.0,8000,0.0,0.0
2023-02-22 13:00:00+09:00,1880.0,1880.0,1871.0,1871.0,1300,0.0,0.0
2023-02-22 14:00:00+09:00,1871.0,1888.0,1871.0,1887.0,3500,0.0,0.0
2023-02-24 09:00:00+09:00,1889.0,1889.0,1871.0,1874.0,2900,0.0,0.0
2023-02-24 10:00:00+09:00,1880.0,1885.0,1876.0,1885.0,900,0.0,0.0
2023-02-24 11:00:00+09:00,1885.0,1885.0,1885.0,1885.0,0,0.0,0.0
2023-02-24 12:00:00+09:00,1888.0,1888.0,1888.0,1888.0,4300,0.0,0.0
2023-02-24 13:00:00+09:00,1889.0,1889.0,1889.0,1889.0,100,0.0,0.0
2023-02-24 14:00:00+09:00,1889.0,1889.0,1883.0,1884.0,800,0.0,0.0
2023-02-27 09:00:00+09:00,1890.0,1890.0,1881.0,1889.0,2300,0.0,0.0
2023-02-27 10:00:00+09:00,1890.0,1890.0,1888.0,1888.0,300,0.0,0.0
2023-02-27 11:00:00+09:00,1888.0,1888.0,1885.0,1885.0,0,0.0,0.0
2023-02-27 12:00:00+09:00,1888.0,1897.0,1888.0,1897.0,5000,0.0,0.0
2023-02-27 13:00:00+09:00,1898.0,1898.0,1896.0,1896.0,500,0.0,0.0
2023-02-27 14:00:00+09:00,1894.0,1899.0,1894.0,1899.0,1000,0.0,0.0
2023-02-28 09:00:00+09:00,1895.0,1899.0,1895.0,1896.0,5400,0.0,0.0
2023-02-28 10:00:00+09:00,1892.0,1899.0,1892.0,1894.0,1100,0.0,0.0
2023-02-28 11:00:00+09:00,1894.0,1894.0,1894.0,1894.0,0,0.0,0.0
2023-02-28 12:00:00+09:00,1891.0,1891.0,1889.0,1889.0,6900,0.0,0.0
2023-02-28 13:00:00+09:00,1890.0,1890.0,1889.0,1890.0,400,0.0,0.0
2023-02-28 14:00:00+09:00,1892.0,1895.0,1887.0,1894.0,1400,0.0,0.0
2023-03-01 09:00:00+09:00,1891.0,1891.0,1891.0,1891.0,100,0.0,0.0
2023-03-01 10:00:00+09:00,1895.0,1903.0,1895.0,1899.0,2800,0.0,0.0
2023-03-01 11:00:00+09:00,1898.0,1898.0,1898.0,1898.0,0,0.0,0.0
2023-03-01 12:00:00+09:00,1908.0,1908.0,1899.0,1905.0,4600,0.0,0.0
2023-03-01 13:00:00+09:00,1903.0,1903.0,1903.0,1903.0,100,0.0,0.0
2023-03-01 14:00:00+09:00,1901.0,1904.0,1896.0,1896.0,1800,0.0,0.0
2023-03-02 09:00:00+09:00,1908.0,1910.0,1891.0,1910.0,0,0.0,0.0
2023-03-02 10:00:00+09:00,1912.0,1920.0,1910.0,1920.0,8300,0.0,0.0
2023-03-02 11:00:00+09:00,1919.0,1922.0,1917.0,1919.0,0,0.0,0.0
2023-03-02 12:00:00+09:00,1919.0,1922.0,1918.0,1921.0,13300,0.0,0.0
2023-03-02 13:00:00+09:00,1922.0,1922.0,1918.0,1920.0,600,0.0,0.0
2023-03-02 14:00:00+09:00,1919.0,1919.0,1916.0,1916.0,700,0.0,0.0
2023-03-03 09:00:00+09:00,1918.0,1930.0,1917.0,1928.0,3300,0.0,0.0
2023-03-03 10:00:00+09:00,1928.0,1936.0,1927.0,1934.0,2700,0.0,0.0
2023-03-03 11:00:00+09:00,1938.0,1940.0,1938.0,1940.0,0,0.0,0.0
2023-03-03 12:00:00+09:00,1940.0,1946.0,1934.0,1938.0,11100,0.0,0.0
2023-03-03 13:00:00+09:00,1946.0,1947.0,1937.0,1937.0,3100,0.0,0.0
2023-03-03 14:00:00+09:00,1937.0,1943.0,1937.0,1943.0,1900,0.0,0.0
2023-03-06 09:00:00+09:00,1946.0,1955.0,1940.0,1946.0,1800,0.0,0.0
2023-03-06 10:00:00+09:00,1945.0,1945.0,1937.0,1937.0,2700,0.0,0.0
2023-03-06 11:00:00+09:00,1936.0,1936.0,1931.0,1931.0,0,0.0,0.0
2023-03-06 12:00:00+09:00,1933.0,1934.0,1933.0,1934.0,6100,0.0,0.0
2023-03-06 13:00:00+09:00,1932.0,1935.0,1928.0,1928.0,0,0.0,0.0
2023-03-06 14:00:00+09:00,1932.0,1937.0,1931.0,1937.0,9700,0.0,0.0
2023-03-07 09:00:00+09:00,1933.0,1952.0,1930.0,1952.0,4100,0.0,0.0
2023-03-07 10:00:00+09:00,1951.0,1982.0,1948.0,1977.0,9000,0.0,0.0
2023-03-07 11:00:00+09:00,1979.0,1981.0,1979.0,1980.0,0,0.0,0.0
2023-03-07 12:00:00+09:00,1983.0,1984.0,1965.0,1984.0,18700,0.0,0.0
2023-03-07 13:00:00+09:00,1984.0,1994.0,1984.0,1990.0,2700,0.0,0.0
2023-03-07 14:00:00+09:00,1994.0,1994.0,1989.0,1990.0,1900,0.0,0.0
2023-03-08 09:00:00+09:00,1998.0,1998.0,1984.0,1987.0,3600,0.0,0.0
2023-03-08 10:00:00+09:00,1986.0,1986.0,1964.0,1964.0,5400,0.0,0.0
2023-03-08 11:00:00+09:00,1965.0,1965.0,1953.0,1953.0,0,0.0,0.0
2023-03-08 12:00:00+09:00,1953.0,1972.0,1953.0,1968.0,15800,0.0,0.0
2023-03-08 13:00:00+09:00,1971.0,1986.0,1971.0,1980.0,0,0.0,0.0
2023-03-08 14:00:00+09:00,1980.0,1981.0,1973.0,1974.0,25500,0.0,0.0
2023-03-09 09:00:00+09:00,1971.0,1994.0,1971.0,1971.0,6300,0.0,0.0
2023-03-09 10:00:00+09:00,1979.0,1982.0,1979.0,1980.0,800,0.0,0.0
2023-03-09 11:00:00+09:00,1980.0,1980.0,1980.0,1980.0,0,0.0,0.0
2023-03-09 12:00:00+09:00,1971.0,1981.0,1971.0,1981.0,9400,0.0,0.0
2023-03-09 13:00:00+09:00,1982.0,1982.0,1974.0,1974.0,1500,0.0,0.0
2023-03-09 14:00:00+09:00,1974.0,1979.0,1974.0,1975.0,1600,0.0,0.0
2023-03-10 09:00:00+09:00,1964.0,1987.0,1963.0,1963.0,9500,0.0,0.0
2023-03-10 10:00:00+09:00,1962.0,1962.0,1962.0,1962.0,200,0.0,0.0
2023-03-10 11:00:00+09:00,1964.0,1964.0,1954.0,1961.0,0,0.0,0.0
2023-03-10 12:00:00+09:00,1953.0,1954.0,1946.0,1947.0,13900,0.0,0.0
2023-03-10 13:00:00+09:00,1942.0,1942.0,1935.0,1942.0,900,0.0,0.0
2023-03-10 14:00:00+09:00,1942.0,1943.0,1938.0,1938.0,2200,0.0,0.0
2023-03-13 09:00:00+09:00,1896.0,1906.0,1866.0,1870.0,0,0.0,0.0
2023-03-13 10:00:00+09:00,1875.0,1875.0,1864.0,1868.0,2700,0.0,0.0
2023-03-13 11:00:00+09:00,1868.0,1868.0,1868.0,1868.0,0,0.0,0.0
2023-03-13 12:00:00+09:00,1878.0,1891.0,1878.0,1889.0,13700,0.0,0.0
2023-03-13 13:00:00+09:00,1885.0,1891.0,1879.0,1879.0,2200,0.0,0.0
2023-03-13 14:00:00+09:00,1882.0,1897.0,1882.0,1897.0,2000,0.0,0.0
2023-03-14 09:00:00+09:00,1880.0,1880.0,1840.0,1842.0,7300,0.0,0.0
2023-03-14 10:00:00+09:00,1837.0,1845.0,1837.0,1844.0,2200,0.0,0.0
2023-03-14 11:00:00+09:00,1853.0,1862.0,1853.0,1862.0,0,0.0,0.0
2023-03-14 12:00:00+09:00,1862.0,1862.0,1857.0,1862.0,11300,0.0,0.0
2023-03-14 13:00:00+09:00,1865.0,1868.0,1859.0,1861.0,3400,0.0,0.0
2023-03-14 14:00:00+09:00,1858.0,1860.0,1853.0,1853.0,2000,0.0,0.0
2023-03-15 09:00:00+09:00,1854.0,1884.0,1854.0,1879.0,2100,0.0,0.0
2023-03-15 10:00:00+09:00,1879.0,1879.0,1873.0,1873.0,600,0.0,0.0
2023-03-15 11:00:00+09:00,1870.0,1876.0,1870.0,1876.0,0,0.0,0.0
2023-03-15 12:00:00+09:00,1887.0,1902.0,1887.0,1901.0,7900,0.0,0.0
2023-03-15 13:00:00+09:00,1894.0,1894.0,1890.0,1890.0,500,0.0,0.0
2023-03-15 14:00:00+09:00,1892.0,1898.0,1884.0,1893.0,2800,0.0,0.0
2023-03-16 09:00:00+09:00,1843.0,1856.0,1839.0,1856.0,3400,0.0,0.0
2023-03-16 10:00:00+09:00,1852.0,1866.0,1852.0,1863.0,3500,0.0,0.0
2023-03-16 11:00:00+09:00,1865.0,1865.0,1865.0,1865.0,0,0.0,0.0
2023-03-16 12:00:00+09:00,1868.0,1869.0,1867.0,1867.0,8100,0.0,0.0
2023-03-16 13:00:00+09:00,1870.0,1877.0,1865.0,1877.0,2300,0.0,0.0
2023-03-16 14:00:00+09:00,1874.0,1882.0,1869.0,1875.0,2700,0.0,0.0
2023-03-17 09:00:00+09:00,1874.0,1883.0,1874.0,1876.0,800,0.0,0.0
2023-03-17 10:00:00+09:00,1874.0,1874.0,1872.0,1872.0,200,0.0,0.0
2023-03-17 11:00:00+09:00,1871.0,1871.0,1866.0,1866.0,0,0.0,0.0
2023-03-17 12:00:00+09:00,1862.0,1862.0,1862.0,1862.0,2600,0.0,0.0
2023-03-17 13:00:00+09:00,1864.0,1873.0,1864.0,1869.0,1000,0.0,0.0
2023-03-17 14:00:00+09:00,1869.0,1869.0,1862.0,1867.0,1700,0.0,0.0
2023-03-20 09:00:00+09:00,1860.0,1873.0,1855.0,1855.0,2800,0.0,0.0
2023-03-20 10:00:00+09:00,1858.0,1861.0,1851.0,1852.0,1900,0.0,0.0
2023-03-20 11:00:00+09:00,1852.0,1852.0,1840.0,1840.0,0,0.0,0.0
2023-03-20 12:00:00+09:00,1840.0,1845.0,1837.0,1844.0,7100,0.0,0.0
2023-03-20 13:00:00+09:00,1842.0,1844.0,1840.0,1840.0,1900,0.0,0.0
2023-03-20 14:00:00+09:00,1844.0,1845.0,1833.0,1833.0,3800,0.0,0.0
2023-03-22 09:00:00+09:00,1846.0,1874.0,1846.0,1869.0,0,0.0,0.0
2023-03-22 10:00:00+09:00,1865.0,1870.0,1860.0,1870.0,4300,0.0,0.0
2023-03-22 11:00:00+09:00,1870.0,1870.0,1870.0,1870.0,0,0.0,0.0
2023-03-22 12:00:00+09:00,1869.0,1876.0,1869.0,1875.0,5500,0.0,0.0
2023-03-22 13:00:00+09:00,1876.0,1876.0,1876.0,1876.0,100,0.0,0.0
2023-03-22 14:00:00+09:00,1877.0,1883.0,1876.0,1876.0,1900,0.0,0.0
2023-03-23 09:00:00+09:00,1882.0,1882.0,1861.0,1869.0,0,0.0,0.0
2023-03-23 10:00:00+09:00,1876.0,1876.0,1875.0,1875.0,1400,0.0,0.0
2023-03-23 11:00:00+09:00,1886.0,1886.0,1886.0,1886.0,0,0.0,0.0
2023-03-23 12:00:00+09:00,1895.0,1895.0,1886.0,1892.0,2700,0.0,0.0
2023-03-23 13:00:00+09:00,1888.0,1888.0,1888.0,1888.0,900,0.0,0.0
2023-03-23 14:00:00+09:00,1886.0,1893.0,1886.0,1892.0,500,0.0,0.0
2023-03-24 09:00:00+09:00,1903.0,1903.0,1882.0,1891.0,800,0.0,0.0
2023-03-24 10:00:00+09:00,1889.0,1891.0,1889.0,1891.0,400,0.0,0.0
2023-03-24 11:00:00+09:00,1891.0,1891.0,1891.0,1891.0,0,0.0,0.0
2023-03-24 12:00:00+09:00,1884.0,1884.0,1883.0,1883.0,2300,0.0,0.0
2023-03-24 13:00:00+09:00,1888.0,1894.0,1888.0,1894.0,1300,0.0,0.0
2023-03-24 14:00:00+09:00,1894.0,1900.0,1894.0,1899.0,1600,0.0,0.0
2023-03-27 09:00:00+09:00,1920.0,1920.0,1905.0,1907.0,6100,0.0,0.0
2023-03-27 10:00:00+09:00,1911.0,1921.0,1911.0,1920.0,1000,0.0,0.0
2023-03-27 11:00:00+09:00,1920.0,1920.0,1920.0,1920.0,0,0.0,0.0
2023-03-27 12:00:00+09:00,1920.0,1921.0,1920.0,1921.0,8100,0.0,0.0
2023-03-27 13:00:00+09:00,1921.0,1921.0,1919.0,1919.0,600,0.0,0.0
2023-03-27 14:00:00+09:00,1917.0,1917.0,1915.0,1915.0,800,0.0,0.0
2023-03-28 09:00:00+09:00,1950.0,1950.0,1916.0,1920.0,2700,0.0,0.0
2023-03-28 10:00:00+09:00,1920.0,1920.0,1914.0,1918.0,1700,0.0,0.0
2023-03-28 11:00:00+09:00,1919.0,1919.0,1919.0,1919.0,0,0.0,0.0
2023-03-28 12:00:00+09:00,1913.0,1917.0,1910.0,1910.0,5200,0.0,0.0
2023-03-28 13:00:00+09:00,1908.0,1908.0,1903.0,1907.0,0,0.0,0.0
2023-03-28 14:00:00+09:00,1904.0,1904.0,1893.0,1901.0,10100,0.0,0.0
2023-03-29 09:00:00+09:00,1905.0,1916.0,1901.0,1910.0,3400,0.0,0.0
2023-03-29 10:00:00+09:00,1918.0,1918.0,1912.0,1914.0,1700,0.0,0.0
2023-03-29 11:00:00+09:00,1914.0,1914.0,1913.0,1913.0,0,0.0,0.0
2023-03-29 12:00:00+09:00,1910.0,1913.0,1909.0,1909.0,7300,0.0,0.0
2023-03-29 13:00:00+09:00,1909.0,1909.0,1905.0,1905.0,600,0.0,0.0
2023-03-29 14:00:00+09:00,1909.0,1918.0,1898.0,1900.0,7700,0.0,0.0
2023-03-30 09:00:00+09:00,1850.0,1877.0,1850.0,1870.0,3600,0.0,0.0
2023-03-30 10:00:00+09:00,1873.0,1880.0,1873.0,1880.0,700,0.0,0.0
2023-03-30 11:00:00+09:00,1882.0,1882.0,1876.0,1879.0,0,0.0,0.0
2023-03-30 12:00:00+09:00,1884.0,1888.0,1883.0,1888.0,5700,0.0,0.0
2023-03-30 13:00:00+09:00,1889.0,1894.0,1889.0,1894.0,500,0.0,0.0
2023-03-30 14:00:00+09:00,1892.0,1902.0,1889.0,1889.0,2800,0.0,0.0
2023-03-31 09:00:00+09:00,1881.0,1896.0,1881.0,1896.0,4700,0.0,0.0
2023-03-31 10:00:00+09:00,1892.0,1893.0,1888.0,1893.0,900,0.0,0.0
2023-03-31 11:00:00+09:00,1893.0,1894.0,1893.0,1894.0,0,0.0,0.0
2023-03-31 12:00:00+09:00,1894.0,1898.0,1894.0,1898.0,6500,0.0,0.0
2023-03-31 13:00:00+09:00,1895.0,1902.0,1893.0,1899.0,3900,0.0,0.0
2023-03-31 14:00:00+09:00,1896.0,1896.0,1888.0,1889.0,1600,0.0,0.0
2023-04-03 09:00:00+09:00,1918.0,1918.0,1900.0,1912.0,2900,0.0,0.0
2023-04-03 10:00:00+09:00,1915.0,1915.0,1905.0,1905.0,700,0.0,0.0
2023-04-03 11:00:00+09:00,1903.0,1903.0,1903.0,1903.0,0,0.0,0.0
2023-04-03 12:00:00+09:00,1910.0,1913.0,1907.0,1907.0,5100,0.0,0.0
2023-04-03 13:00:00+09:00,1902.0,1907.0,1901.0,1907.0,600,0.0,0.0
2023-04-03 14:00:00+09:00,1913.0,1918.0,1912.0,1918.0,1800,0.0,0.0
2023-04-04 09:00:00+09:00,1925.0,1945.0,1925.0,1929.0,4300,0.0,0.0
2023-04-04 10:00:00+09:00,1933.0,1941.0,1933.0,1941.0,500,0.0,0.0
2023-04-04 11:00:00+09:00,1940.0,1941.0,1937.0,1939.0,0,0.0,0.0
2023-04-04 12:00:00+09:00,1939.0,1940.0,1936.0,1936.0,7900,0.0,0.0
2023-04-04 13:00:00+09:00,1942.0,1942.0,1939.0,1939.0,300,0.0,0.0
2023-04-04 14:00:00+09:00,1937.0,1945.0,1936.0,1945.0,2800,0.0,0.0
2023-04-05 09:00:00+09:00,1949.0,1949.0,1910.0,1910.0,4800,0.0,0.0
2023-04-05 10:00:00+09:00,1903.0,1904.0,1893.0,1894.0,1900,0.0,0.0
2023-04-05 11:00:00+09:00,1895.0,1895.0,1889.0,1893.0,0,0.0,0.0
2023-04-05 12:00:00+09:00,1888.0,1897.0,1880.0,1887.0,9300,0.0,0.0
2023-04-05 13:00:00+09:00,1889.0,1890.0,1882.0,1890.0,1500,0.0,0.0
2023-04-05 14:00:00+09:00,1885.0,1890.0,1880.0,1883.0,2100,0.0,0.0
2023-04-06 09:00:00+09:00,1879.0,1879.0,1856.0,1876.0,2400,0.0,0.0
2023-04-06 10:00:00+09:00,1878.0,1882.0,1873.0,1882.0,700,0.0,0.0
2023-04-06 11:00:00+09:00,1879.0,1882.0,1879.0,1882.0,0,0.0,0.0
2023-04-06 12:00:00+09:00,1922.0,1922.0,1868.0,1874.0,5700,0.0,0.0
2023-04-06 13:00:00+09:00,1874.0,1874.0,1874.0,1874.0,100,0.0,0.0
2023-04-06 14:00:00+09:00,1871.0,1874.0,1864.0,1868.0,3400,0.0,0.0
2023-04-07 09:00:00+09:00,1890.0,1890.0,1876.0,1877.0,1100,0.0,0.0
2023-04-07 10:00:00+09:00,1883.0,1892.0,1882.0,1882.0,900,0.0,0.0
2023-04-07 11:00:00+09:00,1881.0,1894.0,1881.0,1894.0,0,0.0,0.0
2023-04-07 12:00:00+09:00,1894.0,1894.0,1894.0,1894.0,3100,0.0,0.0
2023-04-07 13:00:00+09:00,1893.0,1894.0,1890.0,1894.0,700,0.0,0.0
2023-04-07 14:00:00+09:00,1891.0,1896.0,1891.0,1891.0,1800,0.0,0.0
2023-04-10 09:00:00+09:00,1872.0,1893.0,1862.0,1874.0,7700,0.0,0.0
2023-04-10 10:00:00+09:00,1869.0,1869.0,1864.0,1869.0,1400,0.0,0.0
2023-04-10 11:00:00+09:00,1869.0,1869.0,1869.0,1869.0,0,0.0,0.0
2023-04-10 12:00:00+09:00,1863.0,1871.0,1863.0,1871.0,17800,0.0,0.0
2023-04-10 13:00:00+09:00,1865.0,1865.0,1863.0,1865.0,1000,0.0,0.0
2023-04-10 14:00:00+09:00,1865.0,1866.0,1861.0,1866.0,1900,0.0,0.0
2023-04-11 09:00:00+09:00,1868.0,1886.0,1868.0,1876.0,4000,0.0,0.0
2023-04-11 10:00:00+09:00,1877.0,1879.0,1877.0,1879.0,200,0.0,0.0
2023-04-11 11:00:00+09:00,1879.0,1886.0,1873.0,1873.0,0,0.0,0.0
2023-04-11 12:00:00+09:00,1873.0,1875.0,1872.0,1875.0,5900,0.0,0.0
2023-04-11 13:00:00+09:00,1871.0,1879.0,1870.0,1878.0,1600,0.0,0.0
2023-04-11 14:00:00+09:00,1875.0,1880.0,1867.0,1880.0,5600,0.0,0.0
2023-04-12 09:00:00+09:00,1886.0,1896.0,1885.0,1895.0,1700,0.0,0.0
2023-04-12 10:00:00+09:00,1892.0,1898.0,1892.0,1895.0,2500,0.0,0.0
2023-04-12 11:00:00+09:00,1894.0,1899.0,1892.0,1899.0,0,0.0,0.0
2023-04-12 12:00:00+09:00,1899.0,1900.0,1898.0,1900.0,9000,0.0,0.0
2023-04-12 13:00:00+09:00,1901.0,1903.0,1900.0,1900.0,600,0.0,0.0
2023-04-12 14:00:00+09:00,1900.0,1905.0,1900.0,1905.0,1000,0.0,0.0
2023-04-13 09:00:00+09:00,1906.0,1915.0,1900.0,1914.0,2100,0.0,0.0
2023-04-13 10:00:00+09:00,1916.0,1917.0,1914.0,1917.0,700,0.0,0.0
2023-04-13 11:00:00+09:00,1917.0,1917.0,1917.0,1917.0,0,0.0,0.0
2023-04-13 12:00:00+09:00,1918.0,1918.0,1918.0,1918.0,3200,0.0,0.0
2023-04-13 13:00:00+09:00,1913.0,1918.0,1912.0,1918.0,500,0.0,0.0
2023-04-13 14:00:00+09:00,1918.0,1918.0,1910.0,1915.0,2900,0.0,0.0
2023-04-14 09:00:00+09:00,1920.0,1931.0,1904.0,1918.0,5100,0.0,0.0
2023-04-14 10:00:00+09:00,1919.0,1923.0,1915.0,1918.0,1700,0.0,0.0
2023-04-14 11:00:00+09:00,1912.0,1912.0,1860.0,1905.0,0,0.0,0.0
2023-04-14 12:00:00+09:00,1906.0,1909.0,1898.0,1909.0,14100,0.0,0.0
2023-04-14 13:00:00+09:00,1907.0,1911.0,1902.0,1904.0,2800,0.0,0.0
2023-04-14 14:00:00+09:00,1902.0,1905.0,1899.0,1902.0,3700,0.0,0.0
2023-04-17 09:00:00+09:00,1905.0,1915.0,1885.0,1898.0,3600,0.0,0.0
2023-04-17 10:00:00+09:00,1899.0,1905.0,1899.0,1903.0,1800,0.0,0.0
2023-04-17 11:00:00+09:00,1903.0,1903.0,1903.0,1903.0,0,0.0,0.0
2023-04-17 12:00:00+09:00,1905.0,1906.0,1903.0,1903.0,6800,0.0,0.0
2023-04-17 13:00:00+09:00,1907.0,1907.0,1905.0,1905.0,700,0.0,0.0
2023-04-17 14:00:00+09:00,1908.0,1908.0,1901.0,1901.0,1100,0.0,0.0
2023-04-18 09:00:00+09:00,1920.0,1920.0,1909.0,1916.0,2700,0.0,0.0
2023-04-18 10:00:00+09:00,1914.0,1914.0,1902.0,1913.0,3500,0.0,0.0
2023-04-18 11:00:00+09:00,1912.0,1912.0,1912.0,1912.0,0,0.0,0.0
2023-04-18 12:00:00+09:00,1912.0,1913.0,1911.0,1913.0,6900,0.0,0.0
2023-04-18 13:00:00+09:00,1911.0,1911.0,1909.0,1910.0,900,0.0,0.0
2023-04-18 14:00:00+09:00,1906.0,1911.0,1904.0,1908.0,1800,0.0,0.0
2023-04-19 09:00:00+09:00,1900.0,1902.0,1899.0,1902.0,1900,0.0,0.0
2023-04-19 10:00:00+09:00,1902.0,1903.0,1897.0,1899.0,2200,0.0,0.0
2023-04-19 11:00:00+09:00,1897.0,1897.0,1897.0,1897.0,0,0.0,0.0
2023-04-19 12:00:00+09:00,1905.0,1905.0,1901.0,1901.0,5700,0.0,0.0
2023-04-19 13:00:00+09:00,1901.0,1901.0,1898.0,1900.0,1500,0.0,0.0
2023-04-19 14:00:00+09:00,1902.0,1902.0,1898.0,1898.0,1500,0.0,0.0
2023-04-20 09:00:00+09:00,1883.0,1903.0,1883.0,1903.0,2200,0.0,0.0
2023-04-20 10:00:00+09:00,1902.0,1902.0,1902.0,1902.0,100,0.0,0.0
2023-04-20 11:00:00+09:00,1897.0,1897.0,1897.0,1897.0,0,0.0,0.0
2023-04-20 12:00:00+09:00,1897.0,1902.0,1896.0,1902.0,3100,0.0,0.0
2023-04-20 14:00:00+09:00,1902.0,1904.0,1900.0,1900.0,1700,0.0,0.0
2023-04-21 09:00:00+09:00,1896.0,1905.0,1895.0,1905.0,1100,0.0,0.0
2023-04-21 10:00:00+09:00,1905.0,1908.0,1905.0,1908.0,600,0.0,0.0
2023-04-21 11:00:00+09:00,1904.0,1904.0,1902.0,1902.0,0,0.0,0.0
2023-04-21 12:00:00+09:00,1902.0,1902.0,1902.0,1902.0,2700,0.0,0.0
2023-04-21 13:00:00+09:00,1902.0,1902.0,1902.0,1902.0,700,0.0,0.0
2023-04-21 14:00:00+09:00,1902.0,1903.0,1902.0,1903.0,300,0.0,0.0
2023-04-24 09:00:00+09:00,1915.0,1915.0,1903.0,1914.0,1700,0.0,0.0
2023-04-24 10:00:00+09:00,1912.0,1912.0,1906.0,1911.0,1100,0.0,0.0
2023-04-24 11:00:00+09:00,1911.0,1911.0,1911.0,1911.0,0,0.0,0.0
2023-04-24 12:00:00+09:00,1910.0,1910.0,1910.0,1910.0,2900,0.0,0.0
2023-04-24 13:00:00+09:00,1910.0,1910.0,1910.0,1910.0,200,0.0,0.0
2023-04-24 14:00:00+09:00,1907.0,1912.0,1905.0,1910.0,3100,0.0,0.0
2023-04-25 09:00:00+09:00,1924.0,1928.0,1915.0,1916.0,3700,0.0,0.0
2023-04-25 10:00:00+09:00,1917.0,1923.0,1917.0,1920.0,1300,0.0,0.0
2023-04-25 11:00:00+09:00,1923.0,1924.0,1923.0,1924.0,0,0.0,0.0
2023-04-25 12:00:00+09:00,1925.0,1925.0,1925.0,1925.0,5600,0.0,0.0
2023-04-25 13:00:00+09:00,1920.0,1920.0,1916.0,1920.0,700,0.0,0.0
2023-04-25 14:00:00+09:00,1917.0,1923.0,1914.0,1919.0,4600,0.0,0.0
2023-04-26 09:00:00+09:00,1919.0,1919.0,1896.0,1905.0,2600,0.0,0.0
2023-04-26 10:00:00+09:00,1905.0,1905.0,1904.0,1905.0,500,0.0,0.0
2023-04-26 11:00:00+09:00,1905.0,1906.0,1900.0,1905.0,0,0.0,0.0
2023-04-26 12:00:00+09:00,1900.0,1906.0,1891.0,1895.0,8700,0.0,0.0
2023-04-26 13:00:00+09:00,1896.0,1901.0,1890.0,1901.0,1600,0.0,0.0
2023-04-26 14:00:00+09:00,1901.0,1928.0,1892.0,1897.0,14600,0.0,0.0
2023-04-27 09:00:00+09:00,1908.0,1908.0,1898.0,1901.0,1700,0.0,0.0
2023-04-27 10:00:00+09:00,1901.0,1909.0,1899.0,1902.0,2400,0.0,0.0
2023-04-27 11:00:00+09:00,1899.0,1903.0,1899.0,1903.0,0,0.0,0.0
2023-04-27 12:00:00+09:00,1905.0,1905.0,1898.0,1898.0,7600,0.0,0.0
2023-04-27 13:00:00+09:00,1903.0,1906.0,1903.0,1905.0,1600,0.0,0.0
2023-04-27 14:00:00+09:00,1904.0,1904.0,1887.0,1897.0,7600,0.0,0.0
2023-04-28 09:00:00+09:00,1985.0,1988.0,1966.0,1970.0,40200,0.0,0.0
2023-04-28 10:00:00+09:00,1969.0,1975.0,1960.0,1967.0,14700,0.0,0.0
2023-04-28 11:00:00+09:00,1965.0,1966.0,1958.0,1965.0,0,0.0,0.0
2023-04-28 12:00:00+09:00,1965.0,1965.0,1946.0,1951.0,74500,0.0,0.0
2023-04-28 13:00:00+09:00,1950.0,1959.0,1947.0,1949.0,7500,0.0,0.0
2023-04-28 14:00:00+09:00,1951.0,1959.0,1949.0,1949.0,4200,0.0,0.0
2023-05-01 09:00:00+09:00,1974.0,2004.0,1971.0,1981.0,27800,0.0,0.0
2023-05-01 10:00:00+09:00,1982.0,1990.0,1979.0,1990.0,7000,0.0,0.0
2023-05-01 11:00:00+09:00,1990.0,1991.0,1983.0,1987.0,0,0.0,0.0
2023-05-01 12:00:00+09:00,1987.0,1990.0,1981.0,1981.0,43400,0.0,0.0
2023-05-01 13:00:00+09:00,1984.0,1986.0,1980.0,1983.0,4200,0.0,0.0
2023-05-01 14:00:00+09:00,1980.0,1983.0,1970.0,1976.0,11300,0.0,0.0
2023-05-02 09:00:00+09:00,1980.0,1982.0,1950.0,1950.0,32200,0.0,0.0
2023-05-02 10:00:00+09:00,1953.0,1954.0,1944.0,1945.0,6200,0.0,0.0
2023-05-02 11:00:00+09:00,1946.0,1949.0,1946.0,1947.0,0,0.0,0.0
2023-05-02 12:00:00+09:00,1951.0,1952.0,1944.0,1952.0,43300,0.0,0.0
2023-05-02 13:00:00+09:00,1953.0,1958.0,1945.0,1946.0,8600,0.0,0.0
2023-05-02 14:00:00+09:00,1950.0,1951.0,1945.0,1950.0,4500,0.0,0.0
2023-05-08 09:00:00+09:00,1960.0,1964.0,1952.0,1955.0,9900,0.0,0.0
2023-05-08 10:00:00+09:00,1958.0,1961.0,1955.0,1961.0,4700,0.0,0.0
2023-05-08 11:00:00+09:00,1959.0,1961.0,1956.0,1961.0,0,0.0,0.0
2023-05-08 12:00:00+09:00,1961.0,1964.0,1957.0,1961.0,21100,0.0,0.0
2023-05-08 13:00:00+09:00,1964.0,1964.0,1958.0,1960.0,1800,0.0,0.0
2023-05-08 14:00:00+09:00,1958.0,1962.0,1956.0,1959.0,6600,0.0,0.0
2023-05-09 09:00:00+09:00,1965.0,1984.0,1965.0,1971.0,14300,0.0,0.0
2023-05-09 10:00:00+09:00,1974.0,1975.0,1970.0,1970.0,1500,0.0,0.0
2023-05-09 11:00:00+09:00,1970.0,1976.0,1970.0,1976.0,0,0.0,0.0
2023-05-09 12:00:00+09:00,1983.0,1983.0,1970.0,1975.0,23000,0.0,0.0
2023-05-09 13:00:00+09:00,1975.0,1977.0,1972.0,1974.0,5100,0.0,0.0
2023-05-09 14:00:00+09:00,1974.0,1974.0,1968.0,1971.0,6200,0.0,0.0
2023-05-10 09:00:00+09:00,1974.0,1979.0,1963.0,1967.0,9300,0.0,0.0
2023-05-10 10:00:00+09:00,1962.0,1964.0,1960.0,1961.0,2700,0.0,0.0
2023-05-10 11:00:00+09:00,1959.0,1959.0,1955.0,1956.0,0,0.0,0.0
2023-05-10 12:00:00+09:00,1956.0,1958.0,1953.0,1953.0,20200,0.0,0.0
2023-05-10 13:00:00+09:00,1953.0,1962.0,1952.0,1962.0,3800,0.0,0.0
2023-05-10 14:00:00+09:00,1961.0,1962.0,1954.0,1956.0,5200,0.0,0.0
2023-05-11 09:00:00+09:00,1971.0,1971.0,1957.0,1961.0,5900,0.0,0.0
2023-05-11 10:00:00+09:00,1963.0,1964.0,1959.0,1959.0,4400,0.0,0.0
2023-05-11 11:00:00+09:00,1961.0,1969.0,1960.0,1969.0,0,0.0,0.0
2023-05-11 12:00:00+09:00,1967.0,1969.0,1962.0,1962.0,15200,0.0,0.0
2023-05-11 13:00:00+09:00,1963.0,1963.0,1956.0,1962.0,3500,0.0,0.0
2023-05-11 14:00:00+09:00,1960.0,1960.0,1953.0,1953.0,3800,0.0,0.0
2023-05-12 09:00:00+09:00,1959.0,1964.0,1947.0,1955.0,8300,0.0,0.0
2023-05-12 10:00:00+09:00,1955.0,1957.0,1953.0,1956.0,1500,0.0,0.0
2023-05-12 11:00:00+09:00,1958.0,1958.0,1955.0,1955.0,0,0.0,0.0
2023-05-12 12:00:00+09:00,1958.0,1959.0,1951.0,1955.0,13700,0.0,0.0
2023-05-12 13:00:00+09:00,1955.0,1956.0,1952.0,1956.0,1200,0.0,0.0
2023-05-12 14:00:00+09:00,1953.0,1956.0,1950.0,1950.0,5000,0.0,0.0
2023-05-15 09:00:00+09:00,1970.0,1985.0,1970.0,1980.0,1700,0.0,0.0
2023-05-15 10:00:00+09:00,1981.0,1986.0,1977.0,1980.0,9700,0.0,0.0
2023-05-15 11:00:00+09:00,1978.0,1978.0,1970.0,1973.0,0,0.0,0.0
2023-05-15 12:00:00+09:00,1975.0,1979.0,1970.0,1978.0,48600,0.0,0.0
2023-05-15 13:00:00+09:00,1979.0,1981.0,1976.0,1980.0,8800,0.0,0.0
2023-05-15 14:00:00+09:00,1979.0,1980.0,1975.0,1978.0,7300,0.0,0.0
2023-05-16 09:00:00+09:00,2000.0,2010.0,1993.0,1994.0,15200,0.0,0.0
2023-05-16 10:00:00+09:00,1994.0,2000.0,1990.0,1996.0,8400,0.0,0.0
2023-05-16 11:00:00+09:00,1995.0,1995.0,1992.0,1993.0,0,0.0,0.0
2023-05-16 12:00:00+09:00,1999.0,1999.0,1995.0,1997.0,28000,0.0,0.0
2023-05-16 13:00:00+09:00,1995.0,1998.0,1990.0,1992.0,9900,0.0,0.0
2023-05-16 14:00:00+09:00,1992.0,1996.0,1989.0,1994.0,8200,0.0,0.0
2023-05-17 09:00:00+09:00,2000.0,2015.0,1992.0,2008.0,15500,0.0,0.0
2023-05-17 10:00:00+09:00,2010.0,2010.0,2003.0,2008.0,3900,0.0,0.0
2023-05-17 11:00:00+09:00,2004.0,2011.0,2004.0,2009.0,0,0.0,0.0
2023-05-17 12:00:00+09:00,2017.0,2017.0,2005.0,2006.0,29500,0.0,0.0
2023-05-17 13:00:00+09:00,2006.0,2006.0,1999.0,2003.0,3800,0.0,0.0
2023-05-17 14:00:00+09:00,2002.0,2003.0,1995.0,2001.0,9200,0.0,0.0
2023-05-18 09:00:00+09:00,2015.0,2015.0,1981.0,1987.0,12700,0.0,0.0
2023-05-18 10:00:00+09:00,1985.0,1991.0,1985.0,1988.0,3800,0.0,0.0
2023-05-18 11:00:00+09:00,1992.0,1995.0,1992.0,1992.0,0,0.0,0.0
2023-05-18 12:00:00+09:00,1999.0,1999.0,1992.0,1996.0,21800,0.0,0.0
2023-05-18 13:00:00+09:00,1998.0,2000.0,1996.0,1997.0,2300,0.0,0.0
2023-05-18 14:00:00+09:00,1998.0,2004.0,1995.0,1996.0,14200,0.0,0.0
2023-05-19 09:00:00+09:00,2017.0,2017.0,2002.0,2012.0,5700,0.0,0.0
2023-05-19 10:00:00+09:00,2014.0,2015.0,2010.0,2014.0,1600,0.0,0.0
2023-05-19 11:00:00+09:00,2013.0,2016.0,2013.0,2016.0,0,0.0,0.0
2023-05-19 12:00:00+09:00,2018.0,2021.0,2015.0,2015.0,18100,0.0,0.0
2023-05-19 13:00:00+09:00,2014.0,2014.0,2000.0,2006.0,10500,0.0,0.0
2023-05-19 14:00:00+09:00,2007.0,2010.0,1999.0,2004.0,8600,0.0,0.0
2023-05-22 09:00:00+09:00,2016.0,2067.0,2016.0,2066.0,30400,0.0,0.0
2023-05-22 10:00:00+09:00,2068.0,2112.0,2042.0,2065.0,28800,0.0,0.0
2023-05-22 11:00:00+09:00,2069.0,2079.0,2069.0,2079.0,0,0.0,0.0
2023-05-22 12:00:00+09:00,2079.0,2107.0,2079.0,2090.0,83300,0.0,0.0
2023-05-22 13:00:00+09:00,2093.0,2095.0,2089.0,2095.0,6400,0.0,0.0
2023-05-22 14:00:00+09:00,2095.0,2096.0,2087.0,2089.0,13200,0.0,0.0
2023-05-23 09:00:00+09:00,2092.0,2094.0,2086.0,2088.0,0,0.0,0.0
2023-05-23 10:00:00+09:00,2086.0,2095.0,2085.0,2095.0,12400,0.0,0.0
2023-05-23 11:00:00+09:00,2095.0,2097.0,2095.0,2095.0,0,0.0,0.0
2023-05-23 12:00:00+09:00,2092.0,2092.0,2077.0,2083.0,16800,0.0,0.0
2023-05-23 13:00:00+09:00,2081.0,2081.0,2059.0,2064.0,20300,0.0,0.0
2023-05-23 14:00:00+09:00,2066.0,2074.0,2057.0,2062.0,26400,0.0,0.0
2023-05-24 09:00:00+09:00,2067.0,2078.0,2067.0,2078.0,4600,0.0,0.0
2023-05-24 10:00:00+09:00,2080.0,2087.0,2075.0,2084.0,11500,0.0,0.0
2023-05-24 11:00:00+09:00,2085.0,2086.0,2083.0,2083.0,0,0.0,0.0
2023-05-24 12:00:00+09:00,2090.0,2095.0,2088.0,2095.0,21300,0.0,0.0
2023-05-24 13:00:00+09:00,2095.0,2098.0,2093.0,2097.0,3100,0.0,0.0
2023-05-24 14:00:00+09:00,2097.0,2099.0,2093.0,2093.0,10700,0.0,0.0
2023-05-25 09:00:00+09:00,2096.0,2098.0,2070.0,2098.0,0,0.0,0.0
2023-05-25 10:00:00+09:00,2099.0,2100.0,2094.0,2100.0,12000,0.0,0.0
2023-05-25 11:00:00+09:00,2098.0,2115.0,2098.0,2115.0,0,0.0,0.0
2023-05-25 12:00:00+09:00,2115.0,2127.0,2115.0,2127.0,31400,0.0,0.0
2023-05-25 13:00:00+09:00,2126.0,2126.0,2101.0,2102.0,8600,0.0,0.0
2023-05-25 14:00:00+09:00,2102.0,2105.0,2096.0,2103.0,6200,0.0,0.0
2023-05-26 09:00:00+09:00,2106.0,2134.0,2101.0,2127.0,17200,0.0,0.0
2023-05-26 10:00:00+09:00,2129.0,2133.0,2128.0,2128.0,3700,0.0,0.0
2023-05-26 11:00:00+09:00,2130.0,2136.0,2130.0,2136.0,0,0.0,0.0
2023-05-26 12:00:00+09:00,2140.0,2140.0,2131.0,2131.0,24400,0.0,0.0
2023-05-26 13:00:00+09:00,2132.0,2132.0,2114.0,2115.0,7000,0.0,0.0
2023-05-26 14:00:00+09:00,2109.0,2115.0,2089.0,2095.0,7100,0.0,0.0
2023-05-29 09:00:00+09:00,2124.0,2125.0,2111.0,2124.0,0,0.0,0.0
2023-05-29 10:00:00+09:00,2120.0,2126.0,2120.0,2121.0,12900,0.0,0.0
2023-05-29 11:00:00+09:00,2121.0,2122.0,2117.0,2120.0,0,0.0,0.0
2023-05-29 12:00:00+09:00,2124.0,2124.0,2114.0,2114.0,18100,0.0,0.0
2023-05-29 13:00:00+09:00,2120.0,2122.0,2112.0,2118.0,1800,0.0,0.0
2023-05-29 14:00:00+09:00,2122.0,2130.0,2122.0,2129.0,7200,0.0,0.0
2023-05-30 09:00:00+09:00,2116.0,2130.0,2081.0,2093.0,0,0.0,0.0
2023-05-30 10:00:00+09:00,2095.0,2097.0,2090.0,2093.0,30400,0.0,0.0
2023-05-30 11:00:00+09:00,2093.0,2093.0,2086.0,2088.0,0,0.0,0.0
2023-05-30 12:00:00+09:00,2089.0,2090.0,2082.0,2085.0,38800,0.0,0.0
2023-05-30 13:00:00+09:00,2087.0,2096.0,2086.0,2091.0,3800,0.0,0.0
2023-05-30 14:00:00+09:00,2094.0,2102.0,2092.0,2092.0,7200,0.0,0.0
2023-05-31 09:00:00+09:00,2088.0,2088.0,2070.0,2081.0,11500,0.0,0.0
2023-05-31 10:00:00+09:00,2081.0,2090.0,2080.0,2084.0,5300,0.0,0.0
2023-05-31 11:00:00+09:00,2074.0,2074.0,2064.0,2066.0,0,0.0,0.0
2023-05-31 12:00:00+09:00,2072.0,2076.0,2066.0,2066.0,21200,0.0,0.0
2023-05-31 13:00:00+09:00,2070.0,2072.0,2042.0,2051.0,10000,0.0,0.0
2023-05-31 14:00:00+09:00,2049.0,2049.0,2034.0,2042.0,9600,0.0,0.0
2023-06-01 09:00:00+09:00,2040.0,2071.0,2040.0,2059.0,4200,0.0,0.0
2023-06-01 10:00:00+09:00,2059.0,2062.0,2051.0,2053.0,0,0.0,0.0
2023-06-01 11:00:00+09:00,2053.0,2053.0,2047.0,2050.0,0,0.0,0.0
2023-06-01 12:00:00+09:00,2069.0,2079.0,2058.0,2060.0,12800,0.0,0.0
2023-06-01 13:00:00+09:00,2057.0,2063.0,2054.0,2060.0,2900,0.0,0.0
2023-06-01 14:00:00+09:00,2063.0,2066.0,2060.0,2060.0,3000,0.0,0.0
2023-06-02 09:00:00+09:00,2082.0,2090.0,2067.0,2089.0,4600,0.0,0.0
2023-06-02 10:00:00+09:00,2089.0,2091.0,2077.0,2079.0,4100,0.0,0.0
2023-06-02 11:00:00+09:00,2079.0,2079.0,2071.0,2075.0,0,0.0,0.0
2023-06-02 12:00:00+09:00,2080.0,2080.0,2070.0,2076.0,13000,0.0,0.0
2023-06-02 13:00:00+09:00,2077.0,2078.0,2073.0,2075.0,2900,0.0,0.0
2023-06-02 14:00:00+09:00,2075.0,2076.0,2073.0,2074.0,3000,0.0,0.0
2023-06-05 09:00:00+09:00,2090.0,2102.0,2090.0,2102.0,16200,0.0,0.0
2023-06-05 10:00:00+09:00,2102.0,2104.0,2096.0,2096.0,4000,0.0,0.0
2023-06-05 11:00:00+09:00,2094.0,2100.0,2093.0,2100.0,0,0.0,0.0
2023-06-05 12:00:00+09:00,2100.0,2100.0,2085.0,2085.0,24500,0.0,0.0
2023-06-05 13:00:00+09:00,2091.0,2096.0,2091.0,2096.0,2200,0.0,0.0
2023-06-05 14:00:00+09:00,2096.0,2096.0,2087.0,2088.0,5400,0.0,0.0
2023-06-06 09:00:00+09:00,2083.0,2087.0,2071.0,2075.0,7700,0.0,0.0
2023-06-06 10:00:00+09:00,2075.0,2077.0,2068.0,2075.0,2000,0.0,0.0
2023-06-06 11:00:00+09:00,2075.0,2076.0,2070.0,2076.0,0,0.0,0.0
2023-06-06 12:00:00+09:00,2060.0,2078.0,2060.0,2078.0,16400,0.0,0.0
2023-06-06 13:00:00+09:00,2075.0,2079.0,2058.0,2071.0,14400,0.0,0.0
2023-06-06 14:00:00+09:00,2073.0,2077.0,2072.0,2074.0,4400,0.0,0.0
2023-06-07 09:00:00+09:00,2084.0,2126.0,2084.0,2121.0,19700,0.0,0.0
2023-06-07 10:00:00+09:00,2117.0,2117.0,2100.0,2110.0,6500,0.0,0.0
2023-06-07 11:00:00+09:00,2107.0,2108.0,2102.0,2108.0,0,0.0,0.0
2023-06-07 12:00:00+09:00,2109.0,2115.0,2103.0,2115.0,28600,0.0,0.0
2023-06-07 13:00:00+09:00,2116.0,2120.0,2107.0,2113.0,5400,0.0,0.0
2023-06-07 14:00:00+09:00,2113.0,2117.0,2101.0,2104.0,3600,0.0,0.0
2023-06-08 09:00:00+09:00,2112.0,2128.0,2105.0,2105.0,4400,0.0,0.0
2023-06-08 10:00:00+09:00,2110.0,2123.0,2109.0,2114.0,6100,0.0,0.0
2023-06-08 11:00:00+09:00,2116.0,2117.0,2115.0,2117.0,0,0.0,0.0
2023-06-08 12:00:00+09:00,2120.0,2120.0,2101.0,2101.0,15400,0.0,0.0
2023-06-08 13:00:00+09:00,2101.0,2102.0,2085.0,2088.0,5400,0.0,0.0
2023-06-08 14:00:00+09:00,2088.0,2094.0,2087.0,2091.0,2800,0.0,0.0
2023-06-09 09:00:00+09:00,2100.0,2125.0,2098.0,2122.0,35800,0.0,0.0
2023-06-09 10:00:00+09:00,2125.0,2128.0,2120.0,2122.0,2300,0.0,0.0
2023-06-09 11:00:00+09:00,2120.0,2125.0,2119.0,2125.0,0,0.0,0.0
2023-06-09 12:00:00+09:00,2121.0,2125.0,2119.0,2120.0,40800,0.0,0.0
2023-06-09 13:00:00+09:00,2121.0,2135.0,2121.0,2131.0,8100,0.0,0.0
2023-06-09 14:00:00+09:00,2128.0,2137.0,2125.0,2137.0,17400,0.0,0.0
2023-06-12 09:00:00+09:00,2150.0,2185.0,2150.0,2185.0,9400,0.0,0.0
2023-06-12 10:00:00+09:00,2184.0,2186.0,2169.0,2169.0,4700,0.0,0.0
2023-06-12 11:00:00+09:00,2170.0,2170.0,2167.0,2167.0,0,0.0,0.0
2023-06-12 12:00:00+09:00,2173.0,2178.0,2166.0,2173.0,19800,0.0,0.0
2023-06-12 13:00:00+09:00,2177.0,2179.0,2170.0,2170.0,4100,0.0,0.0
2023-06-12 14:00:00+09:00,2166.0,2177.0,2166.0,2176.0,8600,0.0,0.0
2023-06-13 09:00:00+09:00,2200.0,2200.0,2179.0,2179.0,2900,0.0,0.0
2023-06-13 10:00:00+09:00,2178.0,2181.0,2168.0,2168.0,3800,0.0,0.0
2023-06-13 11:00:00+09:00,2169.0,2171.0,2167.0,2169.0,0,0.0,0.0
2023-06-13 12:00:00+09:00,2190.0,2190.0,2175.0,2179.0,8800,0.0,0.0
2023-06-13 13:00:00+09:00,2179.0,2179.0,2160.0,2160.0,3500,0.0,0.0
2023-06-13 14:00:00+09:00,2163.0,2183.0,2163.0,2179.0,10100,0.0,0.0
2023-06-14 09:00:00+09:00,2203.0,2203.0,2180.0,2180.0,6600,0.0,0.0
2023-06-14 10:00:00+09:00,2180.0,2184.0,2174.0,2178.0,1700,0.0,0.0
2023-06-14 11:00:00+09:00,2178.0,2178.0,2175.0,2178.0,0,0.0,0.0
2023-06-14 12:00:00+09:00,2179.0,2179.0,2163.0,2176.0,11900,0.0,0.0
2023-06-14 13:00:00+09:00,2176.0,2176.0,2169.0,2173.0,2100,0.0,0.0
2023-06-14 14:00:00+09:00,2175.0,2177.0,2170.0,2171.0,2700,0.0,0.0
2023-06-15 09:00:00+09:00,2180.0,2182.0,2171.0,2182.0,3900,0.0,0.0
2023-06-15 10:00:00+09:00,2177.0,2183.0,2171.0,2179.0,2900,0.0,0.0
2023-06-15 11:00:00+09:00,2181.0,2185.0,2181.0,2185.0,0,0.0,0.0
2023-06-15 12:00:00+09:00,2185.0,2191.0,2181.0,2181.0,12200,0.0,0.0
2023-06-15 13:00:00+09:00,2187.0,2187.0,2183.0,2186.0,1700,0.0,0.0
2023-06-15 14:00:00+09:00,2184.0,2184.0,2165.0,2172.0,11700,0.0,0.0
2023-06-16 09:00:00+09:00,2172.0,2183.0,2166.0,2169.0,8600,0.0,0.0
2023-06-16 10:00:00+09:00,2162.0,2162.0,2157.0,2158.0,1700,0.0,0.0
2023-06-16 11:00:00+09:00,2157.0,2161.0,2157.0,2161.0,0,0.0,0.0
2023-06-16 12:00:00+09:00,2176.0,2176.0,2169.0,2170.0,11900,0.0,0.0
2023-06-16 13:00:00+09:00,2170.0,2170.0,2163.0,2164.0,1800,0.0,0.0
2023-06-16 14:00:00+09:00,2166.0,2166.0,2156.0,2161.0,7700,0.0,0.0
2023-06-19 09:00:00+09:00,2172.0,2184.0,2169.0,2178.0,5600,0.0,0.0
2023-06-19 10:00:00+09:00,2179.0,2188.0,2179.0,2180.0,2000,0.0,0.0
2023-06-19 11:00:00+09:00,2181.0,2184.0,2175.0,2182.0,0,0.0,0.0
2023-06-19 12:00:00+09:00,2185.0,2185.0,2169.0,2169.0,12500,0.0,0.0
2023-06-19 13:00:00+09:00,2169.0,2172.0,2165.0,2172.0,900,0.0,0.0
2023-06-19 14:00:00+09:00,2171.0,2173.0,2167.0,2170.0,6400,0.0,0.0
2023-06-20 09:00:00+09:00,2175.0,2185.0,2162.0,2163.0,2300,0.0,0.0
2023-06-20 10:00:00+09:00,2160.0,2169.0,2160.0,2160.0,1500,0.0,0.0
2023-06-20 11:00:00+09:00,2161.0,2163.0,2160.0,2163.0,0,0.0,0.0
2023-06-20 12:00:00+09:00,2181.0,2181.0,2174.0,2177.0,6000,0.0,0.0
2023-06-20 13:00:00+09:00,2172.0,2172.0,2159.0,2164.0,4500,0.0,0.0
2023-06-20 14:00:00+09:00,2168.0,2168.0,2158.0,2165.0,5600,0.0,0.0
2023-06-21 09:00:00+09:00,2183.0,2190.0,2176.0,2190.0,6700,0.0,0.0
2023-06-21 10:00:00+09:00,2185.0,2185.0,2174.0,2180.0,2900,0.0,0.0
2023-06-21 11:00:00+09:00,2183.0,2183.0,2173.0,2182.0,0,0.0,0.0
2023-06-21 12:00:00+09:00,2182.0,2182.0,2173.0,2178.0,16600,0.0,0.0
2023-06-21 13:00:00+09:00,2178.0,2182.0,2170.0,2172.0,5700,0.0,0.0
2023-06-21 14:00:00+09:00,2172.0,2173.0,2165.0,2169.0,7000,0.0,0.0
2023-06-22 09:00:00+09:00,2180.0,2184.0,2163.0,2163.0,4500,0.0,0.0
2023-06-22 10:00:00+09:00,2166.0,2169.0,2160.0,2165.0,6600,0.0,0.0
2023-06-22 11:00:00+09:00,2159.0,2165.0,2159.0,2163.0,0,0.0,0.0
2023-06-22 12:00:00+09:00,2173.0,2173.0,2166.0,2167.0,12500,0.0,0.0
2023-06-22 13:00:00+09:00,2167.0,2169.0,2157.0,2169.0,3700,0.0,0.0
2023-06-22 14:00:00+09:00,2169.0,2169.0,2156.0,2159.0,7700,0.0,0.0
2023-06-23 09:00:00+09:00,2177.0,2179.0,2173.0,2177.0,2300,0.0,0.0
2023-06-23 10:00:00+09:00,2170.0,2170.0,2127.0,2127.0,6300,0.0,0.0
2023-06-23 11:00:00+09:00,2134.0,2140.0,2133.0,2138.0,0,0.0,0.0
2023-06-23 12:00:00+09:00,2140.0,2140.0,2135.0,2139.0,12300,0.0,0.0
2023-06-23 13:00:00+09:00,2136.0,2136.0,2130.0,2132.0,4500,0.0,0.0
2023-06-23 14:00:00+09:00,2134.0,2138.0,2129.0,2138.0,3500,0.0,0.0
2023-06-26 09:00:00+09:00,2140.0,2156.0,2101.0,2139.0,11000,0.0,0.0
2023-06-26 10:00:00+09:00,2144.0,2149.0,2144.0,2145.0,600,0.0,0.0
2023-06-26 11:00:00+09:00,2151.0,2151.0,2140.0,2145.0,0,0.0,0.0
2023-06-26 12:00:00+09:00,2152.0,2152.0,2138.0,2144.0,15900,0.0,0.0
2023-06-26 13:00:00+09:00,2139.0,2144.0,2131.0,2131.0,4000,0.0,0.0
2023-06-26 14:00:00+09:00,2139.0,2139.0,2130.0,2130.0,2600,0.0,0.0
2023-06-27 09:00:00+09:00,2135.0,2146.0,2123.0,2146.0,6300,0.0,0.0
2023-06-27 10:00:00+09:00,2143.0,2143.0,2130.0,2132.0,5700,0.0,0.0
2023-06-27 11:00:00+09:00,2130.0,2134.0,2130.0,2134.0,0,0.0,0.0
2023-06-27 12:00:00+09:00,2135.0,2135.0,2127.0,2131.0,13600,0.0,0.0
2023-06-27 13:00:00+09:00,2130.0,2136.0,2130.0,2135.0,5400,0.0,0.0
2023-06-27 14:00:00+09:00,2138.0,2140.0,2130.0,2134.0,3100,0.0,0.0
2023-06-28 09:00:00+09:00,2159.0,2174.0,2157.0,2171.0,7400,0.0,0.0
2023-06-28 10:00:00+09:00,2171.0,2179.0,2160.0,2167.0,6100,0.0,0.0
2023-06-28 11:00:00+09:00,2168.0,2175.0,2168.0,2175.0,0,0.0,0.0
2023-06-28 12:00:00+09:00,2192.0,2193.0,2181.0,2190.0,17900,0.0,0.0
2023-06-28 13:00:00+09:00,2188.0,2189.0,2177.0,2189.0,6400,0.0,0.0
2023-06-28 14:00:00+09:00,2190.0,2192.0,2172.0,2184.0,14200,0.0,0.0
2023-06-29 09:00:00+09:00,2197.0,2231.0,2197.0,2231.0,0,0.0,0.0
2023-06-29 10:00:00+09:00,2231.0,2231.0,2222.0,2230.0,2300,0.0,0.0
2023-06-29 11:00:00+09:00,2228.0,2232.0,2224.0,2232.0,0,0.0,0.0
2023-06-29 12:00:00+09:00,2236.0,2240.0,2224.0,2233.0,18600,0.0,0.0
2023-06-29 13:00:00+09:00,2231.0,2242.0,2224.0,2239.0,6800,0.0,0.0
2023-06-29 14:00:00+09:00,2237.0,2252.0,2229.0,2235.0,15700,0.0,0.0
2023-06-30 09:00:00+09:00,2245.0,2245.0,2217.0,2227.0,29500,0.0,0.0
2023-06-30 10:00:00+09:00,2227.0,2233.0,2220.0,2227.0,5600,0.0,0.0
2023-06-30 11:00:00+09:00,2221.0,2226.0,2221.0,2226.0,0,0.0,0.0
2023-06-30 12:00:00+09:00,2242.0,2242.0,2225.0,2230.0,38600,0.0,0.0
2023-06-30 13:00:00+09:00,2230.0,2240.0,2229.0,2236.0,2000,0.0,0.0
2023-06-30 14:00:00+09:00,2238.0,2244.0,2234.0,2241.0,6100,0.0,0.0
2023-07-03 09:00:00+09:00,2260.0,2273.0,2256.0,2257.0,0,0.0,0.0
2023-07-03 10:00:00+09:00,2257.0,2258.0,2249.0,2253.0,6000,0.0,0.0
2023-07-03 11:00:00+09:00,2249.0,2252.0,2246.0,2252.0,0,0.0,0.0
2023-07-03 12:00:00+09:00,2248.0,2250.0,2244.0,2245.0,9200,0.0,0.0
2023-07-03 13:00:00+09:00,2243.0,2250.0,2240.0,2246.0,5900,0.0,0.0
2023-07-03 14:00:00+09:00,2246.0,2255.0,2241.0,2253.0,8400,0.0,0.0
2023-07-04 09:00:00+09:00,2240.0,2261.0,2237.0,2244.0,10000,0.0,0.0
2023-07-04 10:00:00+09:00,2248.0,2252.0,2244.0,2250.0,2200,0.0,0.0
2023-07-04 11:00:00+09:00,2244.0,2250.0,2244.0,2250.0,0,0.0,0.0
2023-07-04 12:00:00+09:00,2255.0,2266.0,2252.0,2261.0,18200,0.0,0.0
2023-07-04 13:00:00+09:00,2260.0,2266.0,2257.0,2261.0,1500,0.0,0.0
2023-07-04 14:00:00+09:00,2256.0,2256.0,2247.0,2247.0,3200,0.0,0.0
2023-07-05 09:00:00+09:00,2226.0,2237.0,2221.0,2226.0,8100,0.0,0.0
2023-07-05 10:00:00+09:00,2226.0,2233.0,2226.0,2233.0,800,0.0,0.0
2023-07-05 11:00:00+09:00,2229.0,2232.0,2229.0,2232.0,0,0.0,0.0
2023-07-05 12:00:00+09:00,2237.0,2237.0,2228.0,2228.0,11000,0.0,0.0
2023-07-05 13:00:00+09:00,2228.0,2230.0,2225.0,2226.0,2800,0.0,0.0
2023-07-05 14:00:00+09:00,2225.0,2226.0,2218.0,2219.0,4400,0.0,0.0
2023-07-06 09:00:00+09:00,2220.0,2239.0,2215.0,2235.0,8600,0.0,0.0
2023-07-06 10:00:00+09:00,2239.0,2245.0,2235.0,2241.0,3200,0.0,0.0
2023-07-06 11:00:00+09:00,2240.0,2241.0,2221.0,2227.0,0,0.0,0.0
2023-07-06 12:00:00+09:00,2211.0,2221.0,2211.0,2218.0,18800,0.0,0.0
2023-07-06 13:00:00+09:00,2218.0,2230.0,2216.0,2227.0,4500,0.0,0.0
2023-07-06 14:00:00+09:00,2230.0,2234.0,2220.0,2220.0,4800,0.0,0.0
2023-07-07 09:00:00+09:00,2216.0,2225.0,2181.0,2223.0,11700,0.0,0.0
2023-07-07 10:00:00+09:00,2221.0,2227.0,2220.0,2222.0,2100,0.0,0.0
2023-07-07 11:00:00+09:00,2224.0,2226.0,2221.0,2226.0,0,0.0,0.0
2023-07-07 12:00:00+09:00,2248.0,2248.0,2223.0,2227.0,16300,0.0,0.0
2023-07-07 13:00:00+09:00,2229.0,2234.0,2227.0,2234.0,2600,0.0,0.0
2023-07-07 14:00:00+09:00,2229.0,2229.0,2211.0,2213.0,8600,0.0,0.0
2023-07-10 09:00:00+09:00,2220.0,2223.0,2204.0,2223.0,0,0.0,0.0
2023-07-10 10:00:00+09:00,2216.0,2216.0,2210.0,2210.0,500,0.0,0.0
2023-07-10 11:00:00+09:00,2210.0,2215.0,2210.0,2215.0,0,0.0,0.0
2023-07-10 12:00:00+09:00,2223.0,2223.0,2212.0,2213.0,6000,0.0,0.0
2023-07-10 13:00:00+09:00,2210.0,2223.0,2210.0,2222.0,1000,0.0,0.0
2023-07-10 14:00:00+09:00,2224.0,2224.0,2203.0,2204.0,12300,0.0,0.0
2023-07-11 09:00:00+09:00,2221.0,2230.0,2215.0,2227.0,5400,0.0,0.0
2023-07-11 10:00:00+09:00,2226.0,2226.0,2219.0,2220.0,1800,0.0,0.0
2023-07-11 11:00:00+09:00,2218.0,2220.0,2218.0,2220.0,0,0.0,0.0
2023-07-11 12:00:00+09:00,2221.0,2221.0,2220.0,2220.0,8100,0.0,0.0
2023-07-11 13:00:00+09:00,2217.0,2225.0,2215.0,2221.0,3900,0.0,0.0
2023-07-11 14:00:00+09:00,2221.0,2221.0,2211.0,2214.0,5000,0.0,0.0
2023-07-12 09:00:00+09:00,2217.0,2217.0,2207.0,2210.0,4400,0.0,0.0
2023-07-12 10:00:00+09:00,2210.0,2215.0,2203.0,2215.0,2200,0.0,0.0
2023-07-12 11:00:00+09:00,2213.0,2217.0,2201.0,2210.0,0,0.0,0.0
2023-07-12 12:00:00+09:00,2206.0,2211.0,2201.0,2203.0,13900,0.0,0.0
2023-07-12 13:00:00+09:00,2203.0,2205.0,2193.0,2203.0,4200,0.0,0.0
2023-07-12 14:00:00+09:00,2197.0,2209.0,2197.0,2199.0,6100,0.0,0.0
2023-07-13 09:00:00+09:00,2219.0,2220.0,2164.0,2184.0,6900,0.0,0.0
2023-07-13 10:00:00+09:00,2184.0,2197.0,2183.0,2192.0,1200,0.0,0.0
2023-07-13 11:00:00+09:00,2193.0,2198.0,2192.0,2198.0,0,0.0,0.0
2023-07-13 12:00:00+09:00,2200.0,2200.0,2194.0,2194.0,9500,0.0,0.0
2023-07-13 13:00:00+09:00,2198.0,2198.0,2184.0,2192.0,7400,0.0,0.0
2023-07-13 14:00:00+09:00,2194.0,2197.0,2186.0,2187.0,7500,0.0,0.0
2023-07-14 09:00:00+09:00,2219.0,2219.0,2184.0,2185.0,3900,0.0,0.0
2023-07-14 10:00:00+09:00,2185.0,2189.0,2180.0,2187.0,2400,0.0,0.0
2023-07-14 11:00:00+09:00,2186.0,2192.0,2186.0,2192.0,0,0.0,0.0
2023-07-14 12:00:00+09:00,2196.0,2198.0,2195.0,2195.0,7400,0.0,0.0
2023-07-14 13:00:00+09:00,2198.0,2198.0,2184.0,2187.0,4600,0.0,0.0
2023-07-14 14:00:00+09:00,2187.0,2191.0,2183.0,2191.0,4000,0.0,0.0
2023-07-18 09:00:00+09:00,2209.0,2222.0,2206.0,2216.0,2000,0.0,0.0
2023-07-18 10:00:00+09:00,2216.0,2216.0,2210.0,2213.0,1500,0.0,0.0
2023-07-18 11:00:00+09:00,2216.0,2216.0,2216.0,2216.0,0,0.0,0.0
2023-07-18 12:00:00+09:00,2213.0,2217.0,2213.0,2217.0,4100,0.0,0.0
2023-07-18 13:00:00+09:00,2215.0,2219.0,2212.0,2219.0,700,0.0,0.0
2023-07-18 14:00:00+09:00,2219.0,2223.0,2210.0,2221.0,15300,0.0,0.0
2023-07-19 09:00:00+09:00,2251.0,2256.0,2240.0,2244.0,4300,0.0,0.0
2023-07-19 10:00:00+09:00,2244.0,2244.0,2237.0,2243.0,1000,0.0,0.0
2023-07-19 11:00:00+09:00,2241.0,2242.0,2241.0,2242.0,0,0.0,0.0
2023-07-19 12:00:00+09:00,2242.0,2242.0,2233.0,2236.0,6400,0.0,0.0
2023-07-19 13:00:00+09:00,2233.0,2233.0,2226.0,2232.0,3300,0.0,0.0
2023-07-19 14:00:00+09:00,2230.0,2238.0,2229.0,2236.0,6900,0.0,0.0
2023-07-20 09:00:00+09:00,2243.0,2252.0,2239.0,2245.0,3200,0.0,0.0
2023-07-20 10:00:00+09:00,2240.0,2240.0,2230.0,2230.0,700,0.0,0.0
2023-07-20 11:00:00+09:00,2229.0,2231.0,2227.0,2231.0,0,0.0,0.0
2023-07-20 12:00:00+09:00,2231.0,2243.0,2229.0,2230.0,8800,0.0,0.0
2023-07-20 13:00:00+09:00,2233.0,2233.0,2228.0,2231.0,700,0.0,0.0
2023-07-20 14:00:00+09:00,2228.0,2228.0,2223.0,2228.0,4200,0.0,0.0
2023-07-21 09:00:00+09:00,2236.0,2262.0,2232.0,2260.0,0,0.0,0.0
2023-07-21 10:00:00+09:00,2256.0,2259.0,2247.0,2247.0,6900,0.0,0.0
2023-07-21 11:00:00+09:00,2249.0,2252.0,2249.0,2252.0,0,0.0,0.0
2023-07-21 12:00:00+09:00,2250.0,2251.0,2248.0,2248.0,8300,0.0,0.0
2023-07-21 13:00:00+09:00,2249.0,2250.0,2239.0,2246.0,6500,0.0,0.0
2023-07-21 14:00:00+09:00,2246.0,2250.0,2245.0,2250.0,4400,0.0,0.0
2023-07-24 09:00:00+09:00,2285.0,2285.0,2265.0,2274.0,0,0.0,0.0
2023-07-24 10:00:00+09:00,2274.0,2276.0,2266.0,2266.0,9700,0.0,0.0
2023-07-24 11:00:00+09:00,2272.0,2276.0,2272.0,2272.0,0,0.0,0.0
2023-07-24 12:00:00+09:00,2277.0,2280.0,2272.0,2272.0,13100,0.0,0.0
2023-07-24 13:00:00+09:00,2275.0,2279.0,2270.0,2279.0,3500,0.0,0.0
2023-07-24 14:00:00+09:00,2279.0,2279.0,2265.0,2269.0,6000,0.0,0.0
2023-07-25 09:00:00+09:00,2280.0,2323.0,2280.0,2314.0,9200,0.0,0.0
2023-07-25 10:00:00+09:00,2316.0,2318.0,2307.0,2315.0,2400,0.0,0.0
2023-07-25 11:00:00+09:00,2315.0,2318.0,2305.0,2312.0,0,0.0,0.0
2023-07-25 12:00:00+09:00,2319.0,2319.0,2312.0,2315.0,18100,0.0,0.0
2023-07-25 13:00:00+09:00,2319.0,2330.0,2315.0,2316.0,8000,0.0,0.0
2023-07-25 14:00:00+09:00,2312.0,2318.0,2308.0,2313.0,3300,0.0,0.0
2023-07-26 09:00:00+09:00,2326.0,2339.0,2310.0,2338.0,6100,0.0,0.0
2023-07-26 10:00:00+09:00,2340.0,2340.0,2321.0,2328.0,8000,0.0,0.0
2023-07-26 11:00:00+09:00,2327.0,2327.0,2324.0,2327.0,0,0.0,0.0
2023-07-26 12:00:00+09:00,2350.0,2350.0,2330.0,2333.0,16700,0.0,0.0
2023-07-26 13:00:00+09:00,2331.0,2332.0,2330.0,2330.0,1700,0.0,0.0
2023-07-26 14:00:00+09:00,2330.0,2335.0,2328.0,2335.0,3400,0.0,0.0
2023-07-27 09:00:00+09:00,2336.0,2336.0,2316.0,2321.0,5600,0.0,0.0
2023-07-27 10:00:00+09:00,2317.0,2320.0,2314.0,2317.0,0,0.0,0.0
2023-07-27 11:00:00+09:00,2312.0,2318.0,2312.0,2318.0,0,0.0,0.0
2023-07-27 12:00:00+09:00,2318.0,2318.0,2318.0,2318.0,8500,0.0,0.0
2023-07-27 13:00:00+09:00,2320.0,2326.0,2318.0,2326.0,2000,0.0,0.0
2023-07-27 14:00:00+09:00,2323.0,2331.0,2320.0,2328.0,7300,0.0,0.0
2023-07-28 09:00:00+09:00,2302.0,2316.0,2302.0,2309.0,7300,0.0,0.0
2023-07-28 10:00:00+09:00,2308.0,2309.0,2303.0,2304.0,1300,0.0,0.0
2023-07-28 11:00:00+09:00,2303.0,2303.0,2293.0,2297.0,0,0.0,0.0
2023-07-28 12:00:00+09:00,2339.0,2339.0,2302.0,2306.0,15100,0.0,0.0
2023-07-28 13:00:00+09:00,2301.0,2305.0,2293.0,2304.0,0,0.0,0.0
2023-07-28 14:00:00+09:00,2301.0,2312.0,2295.0,2312.0,26100,0.0,0.0
2023-07-31 09:00:00+09:00,2336.0,2347.0,2315.0,2347.0,9200,0.0,0.0
2023-07-31 10:00:00+09:00,2345.0,2345.0,2325.0,2335.0,6600,0.0,0.0
2023-07-31 11:00:00+09:00,2330.0,2335.0,2330.0,2334.0,0,0.0,0.0
2023-07-31 12:00:00+09:00,2341.0,2341.0,2315.0,2323.0,24700,0.0,0.0
2023-07-31 13:00:00+09:00,2315.0,2336.0,2298.0,2331.0,9300,0.0,0.0
2023-07-31 14:00:00+09:00,2331.0,2338.0,2331.0,2336.0,3000,0.0,0.0
2023-08-01 09:00:00+09:00,2350.0,2350.0,2309.0,2321.0,9500,0.0,0.0
2023-08-01 10:00:00+09:00,2324.0,2328.0,2310.0,2311.0,3000,0.0,0.0
2023-08-01 11:00:00+09:00,2311.0,2325.0,2309.0,2325.0,0,0.0,0.0
2023-08-01 12:00:00+09:00,2321.0,2334.0,2321.0,2330.0,19200,0.0,0.0
2023-08-01 13:00:00+09:00,2329.0,2332.0,2327.0,2332.0,2800,0.0,0.0
2023-08-01 14:00:00+09:00,2332.0,2336.0,2323.0,2324.0,13400,0.0,0.0
2023-08-02 09:00:00+09:00,2350.0,2371.0,2332.0,2365.0,11600,0.0,0.0
2023-08-02 10:00:00+09:00,2366.0,2368.0,2360.0,2361.0,3100,0.0,0.0
2023-08-02 11:00:00+09:00,2358.0,2363.0,2358.0,2363.0,0,0.0,0.0
2023-08-02 12:00:00+09:00,2365.0,2375.0,2360.0,2375.0,18900,0.0,0.0
2023-08-02 13:00:00+09:00,2373.0,2373.0,2357.0,2359.0,4000,0.0,0.0
2023-08-02 14:00:00+09:00,2359.0,2362.0,2353.0,2353.0,3500,0.0,0.0
2023-08-03 09:00:00+09:00,2348.0,2353.0,2301.0,2310.0,10500,0.0,0.0
2023-08-03 10:00:00+09:00,2314.0,2317.0,2310.0,2310.0,3300,0.0,0.0
2023-08-03 11:00:00+09:00,2313.0,2313.0,2311.0,2311.0,0,0.0,0.0
2023-08-03 12:00:00+09:00,2310.0,2332.0,2310.0,2332.0,17600,0.0,0.0
2023-08-03 13:00:00+09:00,2329.0,2329.0,2313.0,2313.0,4200,0.0,0.0
2023-08-03 14:00:00+09:00,2319.0,2320.0,2310.0,2319.0,5500,0.0,0.0
2023-08-04 09:00:00+09:00,2313.0,2326.0,2302.0,2321.0,4900,0.0,0.0
2023-08-04 10:00:00+09:00,2321.0,2321.0,2311.0,2311.0,1500,0.0,0.0
2023-08-04 11:00:00+09:00,2312.0,2315.0,2311.0,2311.0,0,0.0,0.0
2023-08-04 12:00:00+09:00,2311.0,2319.0,2311.0,2312.0,8800,0.0,0.0
2023-08-04 13:00:00+09:00,2313.0,2314.0,2307.0,2307.0,2300,0.0,0.0
2023-08-04 14:00:00+09:00,2307.0,2308.0,2300.0,2306.0,6700,0.0,0.0
2023-08-07 09:00:00+09:00,2309.0,2309.0,2282.0,2296.0,5400,0.0,0.0
2023-08-07 10:00:00+09:00,2299.0,2299.0,2293.0,2298.0,1600,0.0,0.0
2023-08-07 11:00:00+09:00,2300.0,2305.0,2299.0,2304.0,0,0.0,0.0
2023-08-07 12:00:00+09:00,2300.0,2305.0,2300.0,2303.0,11500,0.0,0.0
2023-08-07 13:00:00+09:00,2298.0,2301.0,2295.0,2295.0,800,0.0,0.0
2023-08-07 14:00:00+09:00,2293.0,2296.0,2287.0,2294.0,6800,0.0,0.0
2023-08-08 09:00:00+09:00,2293.0,2309.0,2293.0,2309.0,2400,0.0,0.0
2023-08-08 10:00:00+09:00,2310.0,2310.0,2303.0,2303.0,1800,0.0,0.0
2023-08-08 11:00:00+09:00,2302.0,2302.0,2300.0,2300.0,0,0.0,0.0
2023-08-08 12:00:00+09:00,2305.0,2308.0,2305.0,2308.0,6000,0.0,0.0
2023-08-08 13:00:00+09:00,2309.0,2310.0,2303.0,2303.0,1700,0.0,0.0
2023-08-08 14:00:00+09:00,2311.0,2315.0,2310.0,2315.0,2600,0.0,0.0
2023-08-09 09:00:00+09:00,2307.0,2307.0,2292.0,2301.0,4800,0.0,0.0
2023-08-09 10:00:00+09:00,2300.0,2307.0,2300.0,2302.0,1700,0.0,0.0
2023-08-09 11:00:00+09:00,2302.0,2302.0,2302.0,2302.0,0,0.0,0.0
2023-08-09 12:00:00+09:00,2302.0,2309.0,2300.0,2309.0,9000,0.0,0.0
2023-08-09 13:00:00+09:00,2309.0,2319.0,2309.0,2319.0,2500,0.0,0.0
2023-08-09 14:00:00+09:00,2320.0,2327.0,2317.0,2319.0,6100,0.0,0.0
2023-08-10 09:00:00+09:00,2314.0,2323.0,2303.0,2323.0,4200,0.0,0.0
2023-08-10 10:00:00+09:00,2318.0,2324.0,2318.0,2322.0,1600,0.0,0.0
2023-08-10 11:00:00+09:00,2325.0,2326.0,2322.0,2322.0,0,0.0,0.0
2023-08-10 12:00:00+09:00,2327.0,2330.0,2327.0,2330.0,8700,0.0,0.0
2023-08-10 13:00:00+09:00,2331.0,2333.0,2328.0,2331.0,1600,0.0,0.0
2023-08-10 14:00:00+09:00,2329.0,2332.0,2323.0,2329.0,5700,0.0,0.0
2023-08-14 09:00:00+09:00,2339.0,2360.0,2337.0,2348.0,11200,0.0,0.0
2023-08-14 10:00:00+09:00,2346.0,2347.0,2339.0,2339.0,1300,0.0,0.0
2023-08-14 11:00:00+09:00,2333.0,2333.0,2332.0,2332.0,0,0.0,0.0
2023-08-14 12:00:00+09:00,2331.0,2336.0,2327.0,2327.0,14300,0.0,0.0
2023-08-14 13:00:00+09:00,2326.0,2326.0,2320.0,2321.0,2300,0.0,0.0
2023-08-14 14:00:00+09:00,2323.0,2325.0,2312.0,2317.0,4100,0.0,0.0
2023-08-15 09:00:00+09:00,2336.0,2341.0,2321.0,2341.0,1300,0.0,0.0
2023-08-15 10:00:00+09:00,2336.0,2338.0,2330.0,2333.0,1500,0.0,0.0
2023-08-15 11:00:00+09:00,2337.0,2337.0,2330.0,2335.0,0,0.0,0.0
2023-08-15 12:00:00+09:00,2331.0,2334.0,2330.0,2334.0,5300,0.0,0.0
2023-08-15 13:00:00+09:00,2331.0,2336.0,2331.0,2334.0,900,0.0,0.0
2023-08-15 14:00:00+09:00,2333.0,2334.0,2326.0,2328.0,3500,0.0,0.0
2023-08-16 09:00:00+09:00,2318.0,2333.0,2301.0,2333.0,5100,0.0,0.0
2023-08-16 10:00:00+09:00,2328.0,2332.0,2325.0,2325.0,0,0.0,0.0
2023-08-16 11:00:00+09:00,2326.0,2330.0,2326.0,2330.0,0,0.0,0.0
2023-08-16 12:00:00+09:00,2339.0,2339.0,2326.0,2335.0,9800,0.0,0.0
2023-08-16 13:00:00+09:00,2337.0,2339.0,2334.0,2334.0,700,0.0,0.0
2023-08-16 14:00:00+09:00,2338.0,2338.0,2326.0,2331.0,4700,0.0,0.0
2023-08-17 09:00:00+09:00,2340.0,2340.0,2320.0,2320.0,4400,0.0,0.0
2023-08-17 10:00:00+09:00,2318.0,2318.0,2306.0,2308.0,2800,0.0,0.0
2023-08-17 11:00:00+09:00,2310.0,2321.0,2310.0,2316.0,0,0.0,0.0
2023-08-17 12:00:00+09:00,2321.0,2326.0,2321.0,2326.0,10800,0.0,0.0
2023-08-17 13:00:00+09:00,2327.0,2339.0,2325.0,2339.0,4300,0.0,0.0
2023-08-17 14:00:00+09:00,2338.0,2340.0,2332.0,2339.0,6200,0.0,0.0
2023-08-18 09:00:00+09:00,2333.0,2344.0,2316.0,2334.0,4500,0.0,0.0
2023-08-18 10:00:00+09:00,2336.0,2336.0,2323.0,2331.0,3700,0.0,0.0
2023-08-18 11:00:00+09:00,2331.0,2331.0,2329.0,2329.0,0,0.0,0.0
2023-08-18 12:00:00+09:00,2320.0,2322.0,2319.0,2322.0,12000,0.0,0.0
2023-08-18 13:00:00+09:00,2321.0,2321.0,2311.0,2314.0,2000,0.0,0.0
2023-08-18 14:00:00+09:00,2314.0,2314.0,2306.0,2314.0,5000,0.0,0.0
2023-08-21 09:00:00+09:00,2316.0,2320.0,2307.0,2315.0,2500,0.0,0.0
2023-08-21 10:00:00+09:00,2315.0,2315.0,2311.0,2313.0,0,0.0,0.0
2023-08-21 11:00:00+09:00,2319.0,2320.0,2319.0,2320.0,0,0.0,0.0
2023-08-21 12:00:00+09:00,2321.0,2324.0,2321.0,2322.0,4300,0.0,0.0
2023-08-21 13:00:00+09:00,2324.0,2326.0,2315.0,2318.0,1300,0.0,0.0
2023-08-21 14:00:00+09:00,2318.0,2318.0,2308.0,2309.0,3000,0.0,0.0
2023-08-22 09:00:00+09:00,2312.0,2314.0,2302.0,2314.0,5500,0.0,0.0
2023-08-22 10:00:00+09:00,2310.0,2313.0,2306.0,2307.0,700,0.0,0.0
2023-08-22 11:00:00+09:00,2307.0,2310.0,2306.0,2307.0,0,0.0,0.0
2023-08-22 12:00:00+09:00,2307.0,2312.0,2307.0,2307.0,8100,0.0,0.0
2023-08-22 13:00:00+09:00,2310.0,2310.0,2305.0,2305.0,1600,0.0,0.0
2023-08-22 14:00:00+09:00,2307.0,2310.0,2303.0,2306.0,4400,0.0,0.0
2023-08-23 09:00:00+09:00,2316.0,2341.0,2308.0,2340.0,3700,0.0,0.0
2023-08-23 10:00:00+09:00,2344.0,2350.0,2344.0,2347.0,1200,0.0,0.0
2023-08-23 11:00:00+09:00,2347.0,2348.0,2344.0,2344.0,0,0.0,0.0
2023-08-23 12:00:00+09:00,2348.0,2348.0,2331.0,2331.0,7400,0.0,0.0
2023-08-23 13:00:00+09:00,2329.0,2333.0,2328.0,2333.0,900,0.0,0.0
2023-08-23 14:00:00+09:00,2335.0,2347.0,2333.0,2342.0,7500,0.0,0.0
2023-08-24 09:00:00+09:00,2352.0,2359.0,2345.0,2345.0,0,0.0,0.0
2023-08-24 10:00:00+09:00,2348.0,2348.0,2346.0,2346.0,3900,0.0,0.0
2023-08-24 11:00:00+09:00,2346.0,2348.0,2346.0,2348.0,0,0.0,0.0
2023-08-24 12:00:00+09:00,2345.0,2348.0,2344.0,2344.0,5200,0.0,0.0
2023-08-24 13:00:00+09:00,2348.0,2351.0,2346.0,2350.0,2000,0.0,0.0
2023-08-24 14:00:00+09:00,2351.0,2356.0,2348.0,2350.0,4200,0.0,0.0
2023-08-25 09:00:00+09:00,2346.0,2347.0,2326.0,2340.0,5100,0.0,0.0
2023-08-25 10:00:00+09:00,2339.0,2341.0,2338.0,2338.0,500,0.0,0.0
2023-08-25 11:00:00+09:00,2338.0,2338.0,2335.0,2335.0,0,0.0,0.0
2023-08-25 12:00:00+09:00,2332.0,2342.0,2332.0,2342.0,8200,0.0,0.0
2023-08-25 13:00:00+09:00,2342.0,2346.0,2337.0,2337.0,2300,0.0,0.0
2023-08-25 14:00:00+09:00,2338.0,2339.0,2336.0,2337.0,0,0.0,0.0
2023-08-28 09:00:00+09:00,2365.0,2368.0,2357.0,2362.0,5000,0.0,0.0
2023-08-28 10:00:00+09:00,2366.0,2369.0,2359.0,2362.0,0,0.0,0.0
2023-08-28 11:00:00+09:00,2359.0,2366.0,2358.0,2358.0,0,0.0,0.0
2023-08-28 12:00:00+09:00,2356.0,2362.0,2352.0,2362.0,13200,0.0,0.0
2023-08-28 13:00:00+09:00,2358.0,2370.0,2355.0,2365.0,6100,0.0,0.0
2023-08-28 14:00:00+09:00,2364.0,2371.0,2359.0,2368.0,5900,0.0,0.0
2023-08-29 09:00:00+09:00,2378.0,2423.0,2375.0,2423.0,7900,0.0,0.0
2023-08-29 10:00:00+09:00,2415.0,2422.0,2408.0,2408.0,6900,0.0,0.0
2023-08-29 11:00:00+09:00,2400.0,2401.0,2397.0,2401.0,0,0.0,0.0
2023-08-29 12:00:00+09:00,2395.0,2398.0,2392.0,2395.0,0,0.0,0.0
2023-08-29 13:00:00+09:00,2400.0,2406.0,2397.0,2404.0,22400,0.0,0.0
2023-08-29 14:00:00+09:00,2404.0,2405.0,2399.0,2400.0,3500,0.0,0.0
2023-08-30 09:00:00+09:00,2399.0,2400.0,2360.0,2379.0,14400,0.0,0.0
2023-08-30 10:00:00+09:00,2383.0,2394.0,2382.0,2394.0,2700,0.0,0.0
2023-08-30 11:00:00+09:00,2395.0,2397.0,2393.0,2395.0,0,0.0,0.0
2023-08-30 12:00:00+09:00,2392.0,2395.0,2388.0,2393.0,22700,0.0,0.0
2023-08-30 13:00:00+09:00,2393.0,2401.0,2390.0,2396.0,7400,0.0,0.0
2023-08-30 14:00:00+09:00,2393.0,2394.0,2387.0,2392.0,5500,0.0,0.0
2023-08-31 09:00:00+09:00,2393.0,2409.0,2393.0,2396.0,5300,0.0,0.0
2023-08-31 10:00:00+09:00,2397.0,2404.0,2391.0,2402.0,7000,0.0,0.0
2023-08-31 11:00:00+09:00,2398.0,2399.0,2394.0,2399.0,0,0.0,0.0
2023-08-31 12:00:00+09:00,2399.0,2406.0,2399.0,2406.0,17100,0.0,0.0
2023-08-31 13:00:00+09:00,2404.0,2408.0,2400.0,2408.0,3700,0.0,0.0
2023-08-31 14:00:00+09:00,2410.0,2411.0,2394.0,2401.0,6900,0.0,0.0
2023-09-01 09:00:00+09:00,2848.0,2868.0,2722.0,2725.0,226800,0.0,0.0
2023-09-01 10:00:00+09:00,2733.0,2791.0,2722.0,2783.0,118600,0.0,0.0
2023-09-01 11:00:00+09:00,2786.0,2796.0,2781.0,2795.0,0,0.0,0.0
2023-09-01 12:00:00+09:00,2795.0,2808.0,2765.0,2777.0,438400,0.0,0.0
2023-09-01 13:00:00+09:00,2780.0,2784.0,2751.0,2766.0,50500,0.0,0.0
2023-09-01 14:00:00+09:00,2765.0,2773.0,2756.0,2763.0,55600,0.0,0.0
2023-09-04 09:00:00+09:00,2798.0,2807.0,2740.0,2791.0,89800,0.0,0.0
2023-09-04 10:00:00+09:00,2789.0,2791.0,2769.0,2779.0,12100,0.0,0.0
2023-09-04 11:00:00+09:00,2779.0,2787.0,2779.0,2782.0,0,0.0,0.0
2023-09-04 12:00:00+09:00,2790.0,2798.0,2783.0,2791.0,116200,0.0,0.0
2023-09-04 13:00:00+09:00,2785.0,2798.0,2781.0,2786.0,10900,0.0,0.0
2023-09-04 14:00:00+09:00,2790.0,2800.0,2786.0,2797.0,20600,0.0,0.0
2023-09-05 09:00:00+09:00,2793.0,2830.0,2791.0,2821.0,31600,0.0,0.0
2023-09-05 10:00:00+09:00,2824.0,2825.0,2807.0,2818.0,13300,0.0,0.0
2023-09-05 11:00:00+09:00,2817.0,2825.0,2815.0,2824.0,0,0.0,0.0
2023-09-05 12:00:00+09:00,2825.0,2835.0,2815.0,2828.0,68500,0.0,0.0
2023-09-05 13:00:00+09:00,2826.0,2830.0,2824.0,2827.0,5500,0.0,0.0
2023-09-05 14:00:00+09:00,2827.0,2846.0,2826.0,2846.0,17300,0.0,0.0
2023-09-06 09:00:00+09:00,2860.0,2870.0,2850.0,2865.0,20800,0.0,0.0
2023-09-06 10:00:00+09:00,2856.0,2862.0,2835.0,2840.0,16900,0.0,0.0
2023-09-06 11:00:00+09:00,2842.0,2849.0,2842.0,2849.0,0,0.0,0.0
2023-09-06 12:00:00+09:00,2843.0,2850.0,2839.0,2850.0,49100,0.0,0.0
2023-09-06 13:00:00+09:00,2853.0,2854.0,2843.0,2848.0,6500,0.0,0.0
2023-09-06 14:00:00+09:00,2849.0,2861.0,2848.0,2856.0,18300,0.0,0.0
2023-09-07 09:00:00+09:00,2866.0,2875.0,2841.0,2866.0,16000,0.0,0.0
2023-09-07 10:00:00+09:00,2869.0,2881.0,2855.0,2864.0,11100,0.0,0.0
2023-09-07 11:00:00+09:00,2862.0,2863.0,2858.0,2859.0,0,0.0,0.0
2023-09-07 12:00:00+09:00,2859.0,2888.0,2855.0,2882.0,40300,0.0,0.0
2023-09-07 13:00:00+09:00,2882.0,2882.0,2865.0,2866.0,5900,0.0,0.0
2023-09-07 14:00:00+09:00,2868.0,2887.0,2866.0,2886.0,11900,0.0,0.0
2023-09-08 09:00:00+09:00,2862.0,2919.0,2848.0,2919.0,41600,0.0,0.0
2023-09-08 10:00:00+09:00,2911.0,2920.0,2895.0,2906.0,6500,0.0,0.0
2023-09-08 11:00:00+09:00,2908.0,2910.0,2902.0,2905.0,0,0.0,0.0
2023-09-08 12:00:00+09:00,2915.0,2915.0,2888.0,2896.0,59600,0.0,0.0
2023-09-08 13:00:00+09:00,2895.0,2914.0,2886.0,2907.0,10600,0.0,0.0
2023-09-08 14:00:00+09:00,2907.0,2929.0,2904.0,2927.0,18900,0.0,0.0
2023-09-11 09:00:00+09:00,2930.0,2962.0,2895.0,2904.0,50500,0.0,0.0
2023-09-11 10:00:00+09:00,2905.0,2907.0,2886.0,2901.0,11000,0.0,0.0
2023-09-11 11:00:00+09:00,2899.0,2904.0,2895.0,2896.0,0,0.0,0.0
2023-09-11 12:00:00+09:00,2896.0,2901.0,2890.0,2890.0,71400,0.0,0.0
2023-09-11 13:00:00+09:00,2891.0,2892.0,2882.0,2883.0,7500,0.0,0.0
2023-09-11 14:00:00+09:00,2882.0,2882.0,2866.0,2866.0,15500,0.0,0.0
2023-09-12 09:00:00+09:00,2915.0,2920.0,2821.0,2841.0,40500,0.0,0.0
2023-09-12 10:00:00+09:00,2844.0,2844.0,2829.0,2839.0,8900,0.0,0.0
2023-09-12 11:00:00+09:00,2837.0,2853.0,2834.0,2853.0,0,0.0,0.0
2023-09-12 12:00:00+09:00,2858.0,2868.0,2850.0,2859.0,55800,0.0,0.0
2023-09-12 13:00:00+09:00,2858.0,2867.0,2857.0,2867.0,3100,0.0,0.0
2023-09-12 14:00:00+09:00,2867.0,2880.0,2867.0,2875.0,8000,0.0,0.0
2023-09-13 09:00:00+09:00,2899.0,2899.0,2846.0,2870.0,0,0.0,0.0
2023-09-13 10:00:00+09:00,2869.0,2869.0,2864.0,2869.0,24900,0.0,0.0
2023-09-13 11:00:00+09:00,2868.0,2872.0,2868.0,2870.0,0,0.0,0.0
2023-09-13 12:00:00+09:00,2870.0,2871.0,2867.0,2868.0,29800,0.0,0.0
2023-09-13 13:00:00+09:00,2868.0,2890.0,2868.0,2887.0,6400,0.0,0.0
2023-09-13 14:00:00+09:00,2888.0,2893.0,2874.0,2878.0,11300,0.0,0.0
2023-09-14 09:00:00+09:00,2898.0,2928.0,2882.0,2928.0,15900,0.0,0.0
2023-09-14 10:00:00+09:00,2927.0,2941.0,2922.0,2924.0,5500,0.0,0.0
2023-09-14 11:00:00+09:00,2924.0,2931.0,2923.0,2931.0,0,0.0,0.0
2023-09-14 12:00:00+09:00,2934.0,2938.0,2930.0,2930.0,25600,0.0,0.0
2023-09-14 13:00:00+09:00,2927.0,2940.0,2925.0,2939.0,7800,0.0,0.0
2023-09-14 14:00:00+09:00,2940.0,2955.0,2940.0,2953.0,12500,0.0,0.0
2023-09-15 09:00:00+09:00,2983.0,3005.0,2956.0,3000.0,13000,0.0,0.0
2023-09-15 10:00:00+09:00,3000.0,3015.0,3000.0,3015.0,5100,0.0,0.0
2023-09-15 11:00:00+09:00,3015.0,3015.0,2993.0,3000.0,0,0.0,0.0
2023-09-15 12:00:00+09:00,2993.0,3000.0,2993.0,2995.0,28700,0.0,0.0
2023-09-15 13:00:00+09:00,2994.0,3010.0,2990.0,3010.0,4000,0.0,0.0
2023-09-15 14:00:00+09:00,3005.0,3005.0,2981.0,2990.0,11600,0.0,0.0
2023-09-19 09:00:00+09:00,2999.0,3020.0,2989.0,3010.0,8400,0.0,0.0
2023-09-19 10:00:00+09:00,3010.0,3020.0,3005.0,3005.0,2200,0.0,0.0
2023-09-19 11:00:00+09:00,3000.0,3010.0,2999.0,2999.0,0,0.0,0.0
2023-09-19 12:00:00+09:00,2998.0,3010.0,2998.0,3010.0,21700,0.0,0.0
2023-09-19 13:00:00+09:00,3010.0,3010.0,3000.0,3000.0,1200,0.0,0.0
2023-09-19 14:00:00+09:00,3005.0,3015.0,3000.0,3015.0,7500,0.0,0.0
2023-09-20 09:00:00+09:00,3020.0,3020.0,2967.0,2984.0,25600,0.0,0.0
2023-09-20 10:00:00+09:00,2984.0,2984.0,2958.0,2970.0,10500,0.0,0.0
2023-09-20 11:00:00+09:00,2973.0,2973.0,2958.0,2958.0,0,0.0,0.0
2023-09-20 12:00:00+09:00,2952.0,2954.0,2943.0,2949.0,46300,0.0,0.0
2023-09-20 13:00:00+09:00,2950.0,2964.0,2941.0,2947.0,10700,0.0,0.0
2023-09-20 14:00:00+09:00,2946.0,2957.0,2945.0,2945.0,9200,0.0,0.0
2023-09-21 09:00:00+09:00,2991.0,2991.0,2962.0,2962.0,7700,0.0,0.0
2023-09-21 10:00:00+09:00,2964.0,2967.0,2958.0,2960.0,1800,0.0,0.0
2023-09-21 11:00:00+09:00,2953.0,2963.0,2952.0,2953.0,0,0.0,0.0
2023-09-21 12:00:00+09:00,2954.0,2961.0,2953.0,2961.0,15700,0.0,0.0
2023-09-21 13:00:00+09:00,2958.0,2958.0,2951.0,2951.0,7200,0.0,0.0
2023-09-21 14:00:00+09:00,2950.0,2955.0,2943.0,2947.0,6500,0.0,0.0
2023-09-22 09:00:00+09:00,2908.0,2930.0,2903.0,2911.0,10600,0.0,0.0
2023-09-22 10:00:00+09:00,2917.0,2919.0,2908.0,2909.0,4700,0.0,0.0
2023-09-22 11:00:00+09:00,2909.0,2916.0,2896.0,2896.0,0,0.0,0.0
2023-09-22 12:00:00+09:00,2902.0,2935.0,2902.0,2928.0,30600,0.0,0.0
2023-09-22 13:00:00+09:00,2928.0,2931.0,2918.0,2920.0,3700,0.0,0.0
2023-09-22 14:00:00+09:00,2920.0,2936.0,2920.0,2922.0,11900,0.0,0.0
2023-09-25 09:00:00+09:00,2960.0,2960.0,2926.0,2933.0,9400,0.0,0.0
2023-09-25 10:00:00+09:00,2933.0,2941.0,2931.0,2940.0,2400,0.0,0.0
2023-09-25 11:00:00+09:00,2940.0,2940.0,2928.0,2929.0,0,0.0,0.0
2023-09-25 12:00:00+09:00,2929.0,2938.0,2929.0,2938.0,14500,0.0,0.0
2023-09-25 13:00:00+09:00,2935.0,2936.0,2927.0,2929.0,5100,0.0,0.0
2023-09-25 14:00:00+09:00,2929.0,2940.0,2929.0,2937.0,5000,0.0,0.0
2023-09-26 09:00:00+09:00,2945.0,2953.0,2925.0,2941.0,8600,0.0,0.0
2023-09-26 10:00:00+09:00,2948.0,2951.0,2944.0,2944.0,1700,0.0,0.0
2023-09-26 11:00:00+09:00,2941.0,2941.0,2935.0,2937.0,0,0.0,0.0
2023-09-26 12:00:00+09:00,2937.0,2946.0,2937.0,2940.0,13900,0.0,0.0
2023-09-26 13:00:00+09:00,2942.0,2960.0,2942.0,2960.0,9600,0.0,0.0
2023-09-26 14:00:00+09:00,2959.0,2963.0,2954.0,2957.0,8200,0.0,0.0
2023-09-27 09:00:00+09:00,2936.0,2937.0,2880.0,2904.0,15400,0.0,0.0
2023-09-27 10:00:00+09:00,2906.0,2917.0,2891.0,2917.0,4600,0.0,0.0
2023-09-27 11:00:00+09:00,2920.0,2933.0,2920.0,2933.0,0,0.0,0.0
2023-09-27 12:00:00+09:00,2933.0,2943.0,2928.0,2940.0,26500,0.0,0.0
2023-09-27 13:00:00+09:00,2943.0,2945.0,2936.0,2943.0,2100,0.0,0.0
2023-09-27 14:00:00+09:00,2943.0,2954.0,2935.0,2953.0,10300,0.0,0.0
2023-09-28 09:00:00+09:00,2890.0,2937.0,2881.0,2910.0,17900,0.0,0.0
2023-09-28 10:00:00+09:00,2917.0,2925.0,2911.0,2911.0,2900,0.0,0.0
2023-09-28 11:00:00+09:00,2909.0,2909.0,2888.0,2888.0,0,0.0,0.0
2023-09-28 12:00:00+09:00,2883.0,2888.0,2875.0,2885.0,28800,0.0,0.0
2023-09-28 13:00:00+09:00,2884.0,2887.0,2880.0,2886.0,2900,0.0,0.0
2023-09-28 14:00:00+09:00,2881.0,2902.0,2881.0,2882.0,7000,0.0,0.0
2023-09-29 09:00:00+09:00,2885.0,2885.0,2860.0,2860.0,7700,0.0,0.0
2023-09-29 10:00:00+09:00,2860.0,2866.0,2840.0,2841.0,4200,0.0,0.0
2023-09-29 11:00:00+09:00,2832.0,2837.0,2822.0,2834.0,0,0.0,0.0
2023-09-29 12:00:00+09:00,2853.0,2853.0,2827.0,2827.0,17000,0.0,0.0
2023-09-29 13:00:00+09:00,2827.0,2831.0,2822.0,2825.0,4600,0.0,0.0
2023-09-29 14:00:00+09:00,2826.0,2850.0,2826.0,2843.0,13800,0.0,0.0
2023-10-02 09:00:00+09:00,2891.0,2936.0,2860.0,2912.0,11500,0.0,0.0
2023-10-02 10:00:00+09:00,2911.0,2922.0,2902.0,2920.0,7000,0.0,0.0
2023-10-02 11:00:00+09:00,2914.0,2917.0,2906.0,2910.0,0,0.0,0.0
2023-10-02 12:00:00+09:00,2911.0,2913.0,2905.0,2907.0,22000,0.0,0.0
2023-10-02 13:00:00+09:00,2908.0,2911.0,2895.0,2899.0,5900,0.0,0.0
2023-10-02 14:00:00+09:00,2898.0,2899.0,2879.0,2879.0,7100,0.0,0.0
2023-10-03 09:00:00+09:00,2851.0,2859.0,2816.0,2855.0,11100,0.0,0.0
2023-10-03 10:00:00+09:00,2851.0,2864.0,2844.0,2863.0,3500,0.0,0.0
2023-10-03 11:00:00+09:00,2863.0,2875.0,2863.0,2870.0,0,0.0,0.0
2023-10-03 12:00:00+09:00,2880.0,2880.0,2850.0,2850.0,18000,0.0,0.0
2023-10-03 13:00:00+09:00,2849.0,2849.0,2841.0,2843.0,3500,0.0,0.0
2023-10-03 14:00:00+09:00,2843.0,2843.0,2828.0,2833.0,7400,0.0,0.0
2023-10-04 09:00:00+09:00,2770.0,2794.0,2750.0,2775.0,27000,0.0,0.0
2023-10-04 10:00:00+09:00,2773.0,2774.0,2751.0,2753.0,7300,0.0,0.0
2023-10-04 11:00:00+09:00,2754.0,2754.0,2741.0,2744.0,0,0.0,0.0
2023-10-04 12:00:00+09:00,2764.0,2765.0,2742.0,2748.0,48300,0.0,0.0
2023-10-04 13:00:00+09:00,2745.0,2800.0,2740.0,2800.0,24200,0.0,0.0
2023-10-04 14:00:00+09:00,2789.0,2803.0,2764.0,2764.0,23900,0.0,0.0
2023-10-05 09:00:00+09:00,2771.0,2811.0,2771.0,2800.0,9300,0.0,0.0
2023-10-05 10:00:00+09:00,2799.0,2807.0,2789.0,2791.0,5200,0.0,0.0
2023-10-05 11:00:00+09:00,2793.0,2800.0,2785.0,2800.0,0,0.0,0.0
2023-10-05 12:00:00+09:00,2800.0,2814.0,2800.0,2811.0,20500,0.0,0.0
2023-10-05 13:00:00+09:00,2812.0,2818.0,2810.0,2817.0,3400,0.0,0.0
2023-10-05 14:00:00+09:00,2818.0,2822.0,2807.0,2811.0,13000,0.0,0.0
2023-10-06 09:00:00+09:00,2818.0,2861.0,2818.0,2860.0,8100,0.0,0.0
2023-10-06 10:00:00+09:00,2861.0,2883.0,2861.0,2874.0,7000,0.0,0.0
2023-10-06 11:00:00+09:00,2871.0,2871.0,2864.0,2867.0,0,0.0,0.0
2023-10-06 12:00:00+09:00,2867.0,2877.0,2865.0,2865.0,18900,0.0,0.0
2023-10-06 13:00:00+09:00,2869.0,2871.0,2865.0,2865.0,2400,0.0,0.0
2023-10-06 14:00:00+09:00,2864.0,2864.0,2851.0,2855.0,8200,0.0,0.0
2023-10-10 09:00:00+09:00,2895.0,2916.0,2860.0,2891.0,7700,0.0,0.0
2023-10-10 10:00:00+09:00,2894.0,2899.0,2884.0,2884.0,3700,0.0,0.0
2023-10-10 11:00:00+09:00,2885.0,2885.0,2885.0,2885.0,0,0.0,0.0
2023-10-10 12:00:00+09:00,2883.0,2890.0,2878.0,2886.0,14500,0.0,0.0
2023-10-10 13:00:00+09:00,2891.0,2899.0,2890.0,2897.0,1500,0.0,0.0
2023-10-10 14:00:00+09:00,2896.0,2920.0,2896.0,2914.0,8300,0.0,0.0
2023-10-11 09:00:00+09:00,2900.0,2902.0,2880.0,2890.0,0,0.0,0.0
2023-10-11 10:00:00+09:00,2888.0,2892.0,2883.0,2883.0,5700,0.0,0.0
2023-10-11 11:00:00+09:00,2885.0,2892.0,2883.0,2886.0,0,0.0,0.0
2023-10-11 12:00:00+09:00,2886.0,2896.0,2886.0,2896.0,8600,0.0,0.0
2023-10-11 13:00:00+09:00,2896.0,2908.0,2895.0,2908.0,1900,0.0,0.0
2023-10-11 14:00:00+09:00,2908.0,2910.0,2904.0,2908.0,3900,0.0,0.0
2023-10-12 09:00:00+09:00,2895.0,2912.0,2895.0,2897.0,3300,0.0,0.0
2023-10-12 10:00:00+09:00,2895.0,2900.0,2889.0,2900.0,1300,0.0,0.0
2023-10-12 11:00:00+09:00,2900.0,2910.0,2900.0,2909.0,0,0.0,0.0
2023-10-12 12:00:00+09:00,2898.0,2921.0,2898.0,2918.0,10000,0.0,0.0
2023-10-12 13:00:00+09:00,2914.0,2914.0,2900.0,2909.0,1500,0.0,0.0
2023-10-12 14:00:00+09:00,2909.0,2919.0,2909.0,2916.0,4200,0.0,0.0
2023-10-13 09:00:00+09:00,2918.0,2932.0,2902.0,2932.0,4800,0.0,0.0
2023-10-13 10:00:00+09:00,2929.0,2933.0,2909.0,2914.0,4000,0.0,0.0
2023-10-13 11:00:00+09:00,2910.0,2912.0,2902.0,2905.0,0,0.0,0.0
2023-10-13 12:00:00+09:00,2905.0,2921.0,2905.0,2921.0,12000,0.0,0.0
2023-10-13 13:00:00+09:00,2918.0,2923.0,2906.0,2915.0,3600,0.0,0.0
2023-10-13 14:00:00+09:00,2914.0,2916.0,2902.0,2907.0,4700,0.0,0.0
2023-10-16 09:00:00+09:00,2885.0,2900.0,2870.0,2897.0,6200,0.0,0.0
2023-10-16 10:00:00+09:00,2900.0,2902.0,2894.0,2898.0,1400,0.0,0.0
2023-10-16 11:00:00+09:00,2900.0,2901.0,2896.0,2896.0,0,0.0,0.0
2023-10-16 12:00:00+09:00,2896.0,2904.0,2895.0,2895.0,9400,0.0,0.0
2023-10-16 13:00:00+09:00,2893.0,2902.0,2889.0,2898.0,2500,0.0,0.0
2023-10-16 14:00:00+09:00,2902.0,2903.0,2878.0,2887.0,5000,0.0,0.0
2023-10-17 09:00:00+09:00,2889.0,2920.0,2889.0,2913.0,4100,0.0,0.0
2023-10-17 10:00:00+09:00,2907.0,2907.0,2895.0,2896.0,2200,0.0,0.0
2023-10-17 11:00:00+09:00,2894.0,2894.0,2879.0,2888.0,0,0.0,0.0
2023-10-17 12:00:00+09:00,2897.0,2897.0,2891.0,2897.0,9200,0.0,0.0
2023-10-17 13:00:00+09:00,2898.0,2898.0,2881.0,2887.0,2300,0.0,0.0
2023-10-17 14:00:00+09:00,2885.0,2892.0,2880.0,2890.0,3500,0.0,0.0
2023-10-18 09:00:00+09:00,2888.0,2897.0,2875.0,2897.0,3500,0.0,0.0
2023-10-18 10:00:00+09:00,2895.0,2903.0,2893.0,2895.0,2400,0.0,0.0
2023-10-18 11:00:00+09:00,2903.0,2903.0,2896.0,2896.0,0,0.0,0.0
2023-10-18 12:00:00+09:00,2896.0,2913.0,2894.0,2913.0,8900,0.0,0.0
2023-10-18 13:00:00+09:00,2915.0,2916.0,2905.0,2906.0,2400,0.0,0.0
2023-10-18 14:00:00+09:00,2906.0,2922.0,2906.0,2919.0,5000,0.0,0.0
2023-10-19 09:00:00+09:00,2885.0,2896.0,2878.0,2896.0,2600,0.0,0.0
2023-10-19 10:00:00+09:00,2897.0,2897.0,2879.0,2879.0,1200,0.0,0.0
2023-10-19 11:00:00+09:00,2879.0,2879.0,2875.0,2876.0,0,0.0,0.0
2023-10-19 12:00:00+09:00,2886.0,2886.0,2874.0,2879.0,5500,0.0,0.0
2023-10-19 13:00:00+09:00,2874.0,2889.0,2874.0,2889.0,0,0.0,0.0
2023-10-19 14:00:00+09:00,2890.0,2894.0,2877.0,2880.0,13800,0.0,0.0
2023-10-20 09:00:00+09:00,2879.0,2892.0,2876.0,2882.0,3500,0.0,0.0
2023-10-20 10:00:00+09:00,2885.0,2886.0,2865.0,2880.0,2300,0.0,0.0
2023-10-20 11:00:00+09:00,2882.0,2884.0,2878.0,2882.0,0,0.0,0.0
2023-10-20 12:00:00+09:00,2899.0,2903.0,2896.0,2902.0,9600,0.0,0.0
2023-10-20 13:00:00+09:00,2901.0,2907.0,2900.0,2905.0,800,0.0,0.0
2023-10-20 14:00:00+09:00,2903.0,2906.0,2898.0,2901.0,2700,0.0,0.0
2023-10-23 09:00:00+09:00,2897.0,2897.0,2874.0,2880.0,0,0.0,0.0
2023-10-23 10:00:00+09:00,2882.0,2896.0,2880.0,2896.0,1800,0.0,0.0
2023-10-23 11:00:00+09:00,2897.0,2897.0,2886.0,2889.0,0,0.0,0.0
2023-10-23 12:00:00+09:00,2875.0,2890.0,2871.0,2871.0,6200,0.0,0.0
2023-10-23 13:00:00+09:00,2870.0,2870.0,2861.0,2869.0,2500,0.0,0.0
2023-10-23 14:00:00+09:00,2870.0,2878.0,2866.0,2866.0,4200,0.0,0.0
2023-10-24 09:00:00+09:00,2851.0,2864.0,2834.0,2849.0,7000,0.0,0.0
2023-10-24 10:00:00+09:00,2848.0,2851.0,2815.0,2832.0,8000,0.0,0.0
2023-10-24 11:00:00+09:00,2843.0,2855.0,2842.0,2853.0,0,0.0,0.0
2023-10-24 12:00:00+09:00,2853.0,2860.0,2846.0,2855.0,19100,0.0,0.0
2023-10-24 13:00:00+09:00,2857.0,2871.0,2857.0,2867.0,1800,0.0,0.0
2023-10-24 14:00:00+09:00,2871.0,2885.0,2871.0,2883.0,2500,0.0,0.0
2023-10-25 09:00:00+09:00,2889.0,2905.0,2889.0,2899.0,3700,0.0,0.0
2023-10-25 10:00:00+09:00,2900.0,2900.0,2899.0,2899.0,300,0.0,0.0
2023-10-25 11:00:00+09:00,2898.0,2906.0,2898.0,2906.0,0,0.0,0.0
2023-10-25 12:00:00+09:00,2901.0,2926.0,2901.0,2916.0,8800,0.0,0.0
2023-10-25 13:00:00+09:00,2919.0,2923.0,2917.0,2917.0,2100,0.0,0.0
2023-10-25 14:00:00+09:00,2914.0,2914.0,2900.0,2900.0,4000,0.0,0.0
2023-10-26 09:00:00+09:00,2899.0,2914.0,2895.0,2901.0,3300,0.0,0.0
2023-10-26 10:00:00+09:00,2898.0,2904.0,2893.0,2894.0,2100,0.0,0.0
2023-10-26 11:00:00+09:00,2895.0,2895.0,2878.0,2878.0,0,0.0,0.0
2023-10-26 12:00:00+09:00,2866.0,2886.0,2866.0,2882.0,11300,0.0,0.0
2023-10-26 13:00:00+09:00,2883.0,2884.0,2875.0,2875.0,0,0.0,0.0
2023-10-26 14:00:00+09:00,2871.0,2880.0,2869.0,2874.0,16700,0.0,0.0
2023-10-27 09:00:00+09:00,2901.0,2928.0,2901.0,2928.0,3900,0.0,0.0
2023-10-27 10:00:00+09:00,2925.0,2925.0,2919.0,2922.0,3300,0.0,0.0
2023-10-27 11:00:00+09:00,2926.0,2935.0,2926.0,2932.0,0,0.0,0.0
2023-10-27 12:00:00+09:00,2932.0,2932.0,2918.0,2920.0,12800,0.0,0.0
2023-10-27 13:00:00+09:00,2925.0,2929.0,2924.0,2927.0,3100,0.0,0.0
2023-10-27 14:00:00+09:00,2930.0,2940.0,2927.0,2940.0,9100,0.0,0.0
2023-10-30 09:00:00+09:00,2948.0,2953.0,2918.0,2918.0,6000,0.0,0.0
2023-10-30 10:00:00+09:00,2918.0,2918.0,2903.0,2907.0,1700,0.0,0.0
2023-10-30 11:00:00+09:00,2897.0,2897.0,2885.0,2889.0,0,0.0,0.0
2023-10-30 12:00:00+09:00,2915.0,2915.0,2889.0,2889.0,11000,0.0,0.0
2023-10-30 13:00:00+09:00,2891.0,2899.0,2885.0,2893.0,3700,0.0,0.0
2023-10-30 14:00:00+09:00,2895.0,2911.0,2891.0,2911.0,8600,0.0,0.0
2023-10-31 09:00:00+09:00,2885.0,2904.0,2873.0,2904.0,9700,0.0,0.0
2023-10-31 10:00:00+09:00,2897.0,2901.0,2892.0,2892.0,3000,0.0,0.0
2023-10-31 11:00:00+09:00,2886.0,2889.0,2879.0,2882.0,0,0.0,0.0
2023-10-31 12:00:00+09:00,2880.0,2897.0,2880.0,2897.0,17100,0.0,0.0
2023-10-31 13:00:00+09:00,2897.0,2914.0,2894.0,2896.0,6900,0.0,0.0
2023-10-31 14:00:00+09:00,2903.0,2930.0,2901.0,2930.0,8900,0.0,0.0
2023-11-01 09:00:00+09:00,2950.0,2991.0,2950.0,2982.0,22800,0.0,0.0
2023-11-01 10:00:00+09:00,2983.0,3015.0,2977.0,2985.0,16700,0.0,0.0
2023-11-01 11:00:00+09:00,2982.0,2982.0,2975.0,2975.0,0,0.0,0.0
2023-11-01 12:00:00+09:00,2977.0,2994.0,2976.0,2988.0,45500,0.0,0.0
2023-11-01 13:00:00+09:00,2985.0,2985.0,2974.0,2980.0,3000,0.0,0.0
2023-11-01 14:00:00+09:00,2980.0,2997.0,2975.0,2985.0,7900,0.0,0.0
2023-11-02 09:00:00+09:00,3010.0,3010.0,2963.0,2971.0,10100,0.0,0.0
2023-11-02 10:00:00+09:00,2967.0,2967.0,2938.0,2955.0,9400,0.0,0.0
2023-11-02 11:00:00+09:00,2956.0,2956.0,2948.0,2948.0,0,0.0,0.0
2023-11-02 12:00:00+09:00,2949.0,2950.0,2945.0,2950.0,24200,0.0,0.0
2023-11-02 13:00:00+09:00,2948.0,2972.0,2946.0,2962.0,5300,0.0,0.0
2023-11-02 14:00:00+09:00,2965.0,2969.0,2955.0,2957.0,7500,0.0,0.0
2023-11-06 09:00:00+09:00,3005.0,3010.0,2962.0,2978.0,0,0.0,0.0
2023-11-06 10:00:00+09:00,2980.0,2988.0,2972.0,2978.0,0,0.0,0.0
2023-11-06 11:00:00+09:00,2982.0,2984.0,2980.0,2981.0,0,0.0,0.0
2023-11-06 12:00:00+09:00,2981.0,2991.0,2975.0,2988.0,16200,0.0,0.0
2023-11-06 13:00:00+09:00,2984.0,2987.0,2972.0,2976.0,2500,0.0,0.0
2023-11-06 14:00:00+09:00,2973.0,2975.0,2957.0,2963.0,7100,0.0,0.0
2023-11-07 09:00:00+09:00,2964.0,3005.0,2957.0,2979.0,9700,0.0,0.0
2023-11-07 10:00:00+09:00,2978.0,2980.0,2966.0,2968.0,0,0.0,0.0
2023-11-07 11:00:00+09:00,2964.0,2966.0,2964.0,2966.0,0,0.0,0.0
2023-11-07 12:00:00+09:00,2961.0,2963.0,2960.0,2960.0,13400,0.0,0.0
2023-11-07 13:00:00+09:00,2958.0,2958.0,2947.0,2947.0,2200,0.0,0.0
2023-11-07 14:00:00+09:00,2951.0,2959.0,2932.0,2932.0,4300,0.0,0.0
2023-11-08 09:00:00+09:00,2900.0,2908.0,2848.0,2858.0,14900,0.0,0.0
2023-11-08 10:00:00+09:00,2856.0,2859.0,2841.0,2849.0,5400,0.0,0.0
2023-11-08 11:00:00+09:00,2851.0,2856.0,2838.0,2845.0,0,0.0,0.0
2023-11-08 12:00:00+09:00,2835.0,2837.0,2811.0,2819.0,31600,0.0,0.0
2023-11-08 13:00:00+09:00,2818.0,2840.0,2811.0,2839.0,11400,0.0,0.0
2023-11-08 14:00:00+09:00,2837.0,2842.0,2830.0,2841.0,11200,0.0,0.0
2023-11-09 09:00:00+09:00,2860.0,2898.0,2860.0,2867.0,4200,0.0,0.0
2023-11-09 10:00:00+09:00,2865.0,2884.0,2865.0,2871.0,3200,0.0,0.0
2023-11-09 11:00:00+09:00,2873.0,2876.0,2868.0,2868.0,0,0.0,0.0
2023-11-09 12:00:00+09:00,2869.0,2878.0,2869.0,2870.0,10100,0.0,0.0
2023-11-09 13:00:00+09:00,2876.0,2878.0,2870.0,2877.0,1600,0.0,0.0
2023-11-09 14:00:00+09:00,2873.0,2886.0,2873.0,2875.0,3800,0.0,0.0
2023-11-10 09:00:00+09:00,2895.0,2895.0,2870.0,2886.0,0,0.0,0.0
2023-11-10 10:00:00+09:00,2886.0,2891.0,2880.0,2891.0,4600,0.0,0.0
2023-11-10 11:00:00+09:00,2882.0,2901.0,2882.0,2888.0,0,0.0,0.0
2023-11-10 12:00:00+09:00,2888.0,2893.0,2884.0,2893.0,8500,0.0,0.0
2023-11-10 13:00:00+09:00,2896.0,2909.0,2896.0,2905.0,2300,0.0,0.0
2023-11-10 14:00:00+09:00,2910.0,2917.0,2908.0,2917.0,2300,0.0,0.0
2023-11-13 09:00:00+09:00,2945.0,2945.0,2928.0,2928.0,0,0.0,0.0
2023-11-13 10:00:00+09:00,2926.0,2934.0,2923.0,2923.0,1600,0.0,0.0
2023-11-13 11:00:00+09:00,2922.0,2922.0,2919.0,2919.0,0,0.0,0.0
2023-11-13 12:00:00+09:00,2910.0,2911.0,2893.0,2897.0,6100,0.0,0.0
2023-11-13 13:00:00+09:00,2897.0,2899.0,2888.0,2899.0,1100,0.0,0.0
2023-11-13 14:00:00+09:00,2894.0,2904.0,2893.0,2895.0,2000,0.0,0.0
2023-11-14 09:00:00+09:00,2900.0,2908.0,2896.0,2896.0,2500,0.0,0.0
2023-11-14 10:00:00+09:00,2890.0,2902.0,2889.0,2902.0,1300,0.0,0.0
2023-11-14 11:00:00+09:00,2899.0,2899.0,2895.0,2899.0,0,0.0,0.0
2023-11-14 12:00:00+09:00,2899.0,2906.0,2894.0,2906.0,6300,0.0,0.0
2023-11-14 13:00:00+09:00,2910.0,2910.0,2899.0,2902.0,1600,0.0,0.0
2023-11-14 14:00:00+09:00,2902.0,2910.0,2902.0,2905.0,1700,0.0,0.0
2023-11-15 09:00:00+09:00,2899.0,2899.0,2865.0,2883.0,7700,0.0,0.0
2023-11-15 10:00:00+09:00,2881.0,2881.0,2870.0,2871.0,4700,0.0,0.0
2023-11-15 11:00:00+09:00,2874.0,2875.0,2870.0,2874.0,0,0.0,0.0
2023-11-15 12:00:00+09:00,2879.0,2883.0,2875.0,2883.0,16500,0.0,0.0
2023-11-15 13:00:00+09:00,2885.0,2885.0,2876.0,2880.0,1200,0.0,0.0
2023-11-15 14:00:00+09:00,2882.0,2883.0,2875.0,2876.0,3700,0.0,0.0
2023-11-16 09:00:00+09:00,2879.0,2894.0,2876.0,2877.0,0,0.0,0.0
2023-11-16 10:00:00+09:00,2874.0,2874.0,2858.0,2858.0,4000,0.0,0.0
2023-11-16 11:00:00+09:00,2854.0,2854.0,2847.0,2851.0,0,0.0,0.0
2023-11-16 12:00:00+09:00,2850.0,2850.0,2845.0,2848.0,7100,0.0,0.0
2023-11-16 13:00:00+09:00,2852.0,2859.0,2850.0,2859.0,1300,0.0,0.0
2023-11-16 14:00:00+09:00,2861.0,2866.0,2851.0,2855.0,2900,0.0,0.0
2023-11-17 09:00:00+09:00,2855.0,2876.0,2855.0,2861.0,5600,0.0,0.0
2023-11-17 10:00:00+09:00,2855.0,2858.0,2844.0,2855.0,2400,0.0,0.0
2023-11-17 11:00:00+09:00,2858.0,2860.0,2858.0,2860.0,0,0.0,0.0
2023-11-17 12:00:00+09:00,2858.0,2868.0,2856.0,2868.0,10200,0.0,0.0
2023-11-17 13:00:00+09:00,2868.0,2869.0,2864.0,2865.0,2400,0.0,0.0
2023-11-17 14:00:00+09:00,2862.0,2874.0,2860.0,2870.0,5000,0.0,0.0
2023-11-20 09:00:00+09:00,2874.0,2887.0,2854.0,2859.0,4300,0.0,0.0
2023-11-20 10:00:00+09:00,2854.0,2863.0,2851.0,2853.0,3800,0.0,0.0
2023-11-20 11:00:00+09:00,2856.0,2860.0,2851.0,2851.0,0,0.0,0.0
2023-11-20 12:00:00+09:00,2850.0,2852.0,2840.0,2841.0,14200,0.0,0.0
2023-11-20 13:00:00+09:00,2835.0,2846.0,2832.0,2845.0,2000,0.0,0.0
2023-11-20 14:00:00+09:00,2843.0,2849.0,2840.0,2845.0,6800,0.0,0.0
2023-11-21 09:00:00+09:00,2825.0,2848.0,2823.0,2823.0,6300,0.0,0.0
2023-11-21 10:00:00+09:00,2822.0,2841.0,2821.0,2839.0,3200,0.0,0.0
2023-11-21 11:00:00+09:00,2843.0,2843.0,2835.0,2839.0,0,0.0,0.0
2023-11-21 12:00:00+09:00,2839.0,2843.0,2837.0,2838.0,12500,0.0,0.0
2023-11-21 13:00:00+09:00,2834.0,2846.0,2834.0,2846.0,2100,0.0,0.0
2023-11-21 14:00:00+09:00,2843.0,2852.0,2843.0,2847.0,5100,0.0,0.0
2023-11-22 09:00:00+09:00,2833.0,2876.0,2833.0,2870.0,2500,0.0,0.0
2023-11-22 10:00:00+09:00,2874.0,2875.0,2865.0,2870.0,1400,0.0,0.0
2023-11-22 11:00:00+09:00,2870.0,2870.0,2870.0,2870.0,0,0.0,0.0
2023-11-22 12:00:00+09:00,2862.0,2865.0,2862.0,2863.0,4400,0.0,0.0
2023-11-22 13:00:00+09:00,2869.0,2878.0,2869.0,2878.0,2700,0.0,0.0
2023-11-22 14:00:00+09:00,2878.0,2884.0,2874.0,2881.0,2600,0.0,0.0
2023-11-24 09:00:00+09:00,2890.0,2900.0,2877.0,2886.0,4700,0.0,0.0
2023-11-24 10:00:00+09:00,2890.0,2894.0,2889.0,2894.0,2000,0.0,0.0
2023-11-24 11:00:00+09:00,2894.0,2896.0,2892.0,2893.0,0,0.0,0.0
2023-11-24 12:00:00+09:00,2885.0,2892.0,2885.0,2891.0,8400,0.0,0.0
2023-11-24 13:00:00+09:00,2885.0,2893.0,2878.0,2886.0,5300,0.0,0.0
2023-11-24 14:00:00+09:00,2885.0,2900.0,2882.0,2893.0,6700,0.0,0.0
2023-11-27 09:00:00+09:00,2911.0,2913.0,2880.0,2880.0,0,0.0,0.0
2023-11-27 10:00:00+09:00,2886.0,2894.0,2880.0,2885.0,3200,0.0,0.0
2023-11-27 11:00:00+09:00,2885.0,2893.0,2885.0,2888.0,0,0.0,0.0
2023-11-27 12:00:00+09:00,2886.0,2886.0,2877.0,2882.0,15200,0.0,0.0
2023-11-27 13:00:00+09:00,2881.0,2886.0,2879.0,2881.0,2700,0.0,0.0
2023-11-27 14:00:00+09:00,2881.0,2893.0,2875.0,2893.0,6900,0.0,0.0
2023-11-28 09:00:00+09:00,2896.0,2902.0,2885.0,2898.0,6600,0.0,0.0
2023-11-28 10:00:00+09:00,2894.0,2910.0,2894.0,2897.0,2600,0.0,0.0
2023-11-28 11:00:00+09:00,2894.0,2897.0,2889.0,2889.0,0,0.0,0.0
2023-11-28 12:00:00+09:00,2890.0,2892.0,2888.0,2888.0,11300,0.0,0.0
2023-11-28 13:00:00+09:00,2890.0,2892.0,2884.0,2885.0,3400,0.0,0.0
2023-11-28 14:00:00+09:00,2888.0,2891.0,2879.0,2882.0,3500,0.0,0.0
2023-11-29 09:00:00+09:00,2899.0,2899.0,2867.0,2868.0,5300,0.0,0.0
2023-11-29 10:00:00+09:00,2865.0,2876.0,2865.0,2876.0,5000,0.0,0.0
2023-11-29 11:00:00+09:00,2874.0,2882.0,2867.0,2867.0,0,0.0,0.0
2023-11-29 12:00:00+09:00,2867.0,2877.0,2867.0,2873.0,14200,0.0,0.0
2023-11-29 13:00:00+09:00,2874.0,2877.0,2871.0,2873.0,1200,0.0,0.0
2023-11-29 14:00:00+09:00,2872.0,2873.0,2861.0,2865.0,3500,0.0,0.0
2023-11-30 09:00:00+09:00,2899.0,2899.0,2870.0,2876.0,0,0.0,0.0
2023-11-30 10:00:00+09:00,2876.0,2882.0,2872.0,2876.0,31800,0.0,0.0
2023-11-30 11:00:00+09:00,2876.0,2896.0,2873.0,2884.0,0,0.0,0.0
2023-11-30 12:00:00+09:00,2905.0,2906.0,2891.0,2899.0,39900,0.0,0.0
2023-11-30 13:00:00+09:00,2899.0,2901.0,2889.0,2893.0,7400,0.0,0.0
2023-11-30 14:00:00+09:00,2896.0,2908.0,2891.0,2908.0,0,0.0,0.0
2023-12-01 09:00:00+09:00,2904.0,2908.0,2896.0,2899.0,3300,0.0,0.0
2023-12-01 10:00:00+09:00,2897.0,2904.0,2895.0,2897.0,3700,0.0,0.0
2023-12-01 11:00:00+09:00,2897.0,2898.0,2892.0,2895.0,0,0.0,0.0
2023-12-01 12:00:00+09:00,2895.0,2895.0,2890.0,2890.0,9200,0.0,0.0
2023-12-01 13:00:00+09:00,2893.0,2893.0,2878.0,2878.0,3600,0.0,0.0
2023-12-01 14:00:00+09:00,2879.0,2896.0,2873.0,2886.0,3800,0.0,0.0
2023-12-04 09:00:00+09:00,2884.0,2892.0,2877.0,2883.0,0,0.0,0.0
2023-12-04 10:00:00+09:00,2883.0,2892.0,2883.0,2886.0,2500,0.0,0.0
2023-12-04 11:00:00+09:00,2890.0,2898.0,2886.0,2893.0,0,0.0,0.0
2023-12-04 12:00:00+09:00,2886.0,2889.0,2880.0,2889.0,14000,0.0,0.0
2023-12-04 13:00:00+09:00,2887.0,2895.0,2887.0,2895.0,2700,0.0,0.0
2023-12-04 14:00:00+09:00,2895.0,2899.0,2892.0,2897.0,2400,0.0,0.0
2023-12-05 09:00:00+09:00,2915.0,2930.0,2905.0,2925.0,7100,0.0,0.0
2023-12-05 10:00:00+09:00,2925.0,2926.0,2914.0,2918.0,0,0.0,0.0
2023-12-05 11:00:00+09:00,2918.0,2918.0,2910.0,2917.0,0,0.0,0.0
2023-12-05 12:00:00+09:00,2917.0,2921.0,2910.0,2910.0,16600,0.0,0.0
2023-12-05 13:00:00+09:00,2911.0,2912.0,2898.0,2900.0,4200,0.0,0.0
2023-12-05 14:00:00+09:00,2901.0,2901.0,2881.0,2881.0,4900,0.0,0.0
2023-12-06 09:00:00+09:00,2879.0,2908.0,2879.0,2902.0,4900,0.0,0.0
2023-12-06 10:00:00+09:00,2904.0,2909.0,2900.0,2908.0,5000,0.0,0.0
2023-12-06 11:00:00+09:00,2908.0,2909.0,2902.0,2908.0,0,0.0,0.0
2023-12-06 12:00:00+09:00,2910.0,2917.0,2910.0,2916.0,15300,0.0,0.0
2023-12-06 13:00:00+09:00,2919.0,2928.0,2917.0,2928.0,2400,0.0,0.0
2023-12-06 14:00:00+09:00,2929.0,2950.0,2929.0,2946.0,7800,0.0,0.0
2023-12-07 09:00:00+09:00,2940.0,2990.0,2935.0,2965.0,10800,0.0,0.0
2023-12-07 10:00:00+09:00,2968.0,2980.0,2966.0,2966.0,2600,0.0,0.0
2023-12-07 11:00:00+09:00,2966.0,2971.0,2964.0,2971.0,0,0.0,0.0
2023-12-07 12:00:00+09:00,2976.0,2982.0,2976.0,2982.0,16600,0.0,0.0
2023-12-07 13:00:00+09:00,2984.0,2986.0,2982.0,2985.0,2100,0.0,0.0
2023-12-07 14:00:00+09:00,2981.0,2995.0,2977.0,2981.0,6500,0.0,0.0
2023-12-08 09:00:00+09:00,2962.0,2980.0,2930.0,2930.0,11500,0.0,0.0
2023-12-08 10:00:00+09:00,2929.0,2941.0,2917.0,2935.0,0,0.0,0.0
2023-12-08 11:00:00+09:00,2932.0,2935.0,2921.0,2929.0,0,0.0,0.0
2023-12-08 12:00:00+09:00,2937.0,2940.0,2930.0,2934.0,25900,0.0,0.0
2023-12-08 13:00:00+09:00,2939.0,2944.0,2939.0,2941.0,4800,0.0,0.0
2023-12-08 14:00:00+09:00,2942.0,2984.0,2928.0,2955.0,11600,0.0,0.0
2023-12-11 09:00:00+09:00,2978.0,3020.0,2972.0,2991.0,35500,0.0,0.0
2023-12-11 10:00:00+09:00,2992.0,3010.0,2992.0,3005.0,6600,0.0,0.0
2023-12-11 11:00:00+09:00,3005.0,3010.0,3000.0,3010.0,0,0.0,0.0
2023-12-11 12:00:00+09:00,3010.0,3015.0,3005.0,3015.0,47400,0.0,0.0
2023-12-11 13:00:00+09:00,3015.0,3045.0,3015.0,3040.0,6500,0.0,0.0
2023-12-11 14:00:00+09:00,3040.0,3070.0,3040.0,3070.0,14100,0.0,0.0
2023-12-12 09:00:00+09:00,3120.0,3135.0,3090.0,3125.0,15100,0.0,0.0
2023-12-12 10:00:00+09:00,3120.0,3175.0,3110.0,3165.0,18500,0.0,0.0
2023-12-12 11:00:00+09:00,3165.0,3175.0,3160.0,3175.0,0,0.0,0.0
2023-12-12 12:00:00+09:00,3175.0,3180.0,3165.0,3170.0,41000,0.0,0.0
2023-12-12 13:00:00+09:00,3170.0,3175.0,3145.0,3145.0,7900,0.0,0.0
2023-12-12 14:00:00+09:00,3145.0,3160.0,3140.0,3160.0,6100,0.0,0.0
2023-12-13 09:00:00+09:00,3160.0,3160.0,3065.0,3075.0,0,0.0,0.0
2023-12-13 10:00:00+09:00,3075.0,3090.0,3070.0,3080.0,5100,0.0,0.0
2023-12-13 11:00:00+09:00,3075.0,3080.0,3070.0,3075.0,0,0.0,0.0
2023-12-13 12:00:00+09:00,3075.0,3075.0,3050.0,3050.0,26300,0.0,0.0
2023-12-13 13:00:00+09:00,3055.0,3060.0,3040.0,3060.0,5200,0.0,0.0
2023-12-13 14:00:00+09:00,3070.0,3075.0,3065.0,3070.0,3900,0.0,0.0
2023-12-14 09:00:00+09:00,3045.0,3080.0,3015.0,3020.0,9000,0.0,0.0
2023-12-14 10:00:00+09:00,3025.0,3030.0,3020.0,3030.0,2300,0.0,0.0
2023-12-14 11:00:00+09:00,3035.0,3040.0,3030.0,3040.0,0,0.0,0.0
2023-12-14 12:00:00+09:00,3025.0,3025.0,3015.0,3020.0,14100,0.0,0.0
2023-12-14 13:00:00+09:00,3020.0,3020.0,3000.0,3020.0,3500,0.0,0.0
2023-12-14 14:00:00+09:00,3020.0,3020.0,3000.0,3000.0,2200,0.0,0.0
2023-12-15 09:00:00+09:00,3035.0,3035.0,2944.0,2965.0,8800,0.0,0.0
2023-12-15 10:00:00+09:00,2955.0,2964.0,2943.0,2964.0,5200,0.0,0.0
2023-12-15 11:00:00+09:00,2963.0,2982.0,2963.0,2979.0,0,0.0,0.0
2023-12-15 12:00:00+09:00,2975.0,2975.0,2971.0,2973.0,19500,0.0,0.0
2023-12-15 13:00:00+09:00,2973.0,2973.0,2962.0,2965.0,900,0.0,0.0
2023-12-15 14:00:00+09:00,2965.0,2968.0,2949.0,2953.0,6000,0.0,0.0
2023-12-18 09:00:00+09:00,2999.0,3010.0,2980.0,2998.0,13700,0.0,0.0
2023-12-18 10:00:00+09:00,2987.0,2992.0,2981.0,2992.0,2400,0.0,0.0
2023-12-18 11:00:00+09:00,2994.0,2995.0,2988.0,2995.0,0,0.0,0.0
2023-12-18 12:00:00+09:00,3015.0,3020.0,2995.0,2995.0,18200,0.0,0.0
2023-12-18 13:00:00+09:00,2996.0,3020.0,2996.0,3020.0,1600,0.0,0.0
2023-12-18 14:00:00+09:00,3020.0,3030.0,3020.0,3030.0,4900,0.0,0.0
2023-12-19 09:00:00+09:00,3060.0,3060.0,3005.0,3015.0,12900,0.0,0.0
2023-12-19 10:00:00+09:00,3015.0,3030.0,2999.0,3005.0,6900,0.0,0.0
2023-12-19 11:00:00+09:00,3015.0,3015.0,2999.0,2999.0,0,0.0,0.0
2023-12-19 12:00:00+09:00,3025.0,3045.0,3015.0,3030.0,28100,0.0,0.0
2023-12-19 13:00:00+09:00,3025.0,3025.0,2995.0,3000.0,0,0.0,0.0
2023-12-19 14:00:00+09:00,2999.0,3020.0,2995.0,3010.0,42300,0.0,0.0
2023-12-20 09:00:00+09:00,3020.0,3055.0,3020.0,3055.0,0,0.0,0.0
2023-12-20 10:00:00+09:00,3045.0,3075.0,3045.0,3065.0,13800,0.0,0.0
2023-12-20 11:00:00+09:00,3055.0,3055.0,3055.0,3055.0,0,0.0,0.0
2023-12-20 12:00:00+09:00,3060.0,3070.0,3055.0,3055.0,15800,0.0,0.0
2023-12-20 13:00:00+09:00,3055.0,3055.0,3025.0,3025.0,11900,0.0,0.0
2023-12-20 14:00:00+09:00,3025.0,3035.0,3015.0,3020.0,14800,0.0,0.0
2023-12-21 09:00:00+09:00,3010.0,3010.0,2989.0,2989.0,12500,0.0,0.0
2023-12-21 10:00:00+09:00,2993.0,3005.0,2993.0,2999.0,1900,0.0,0.0
2023-12-21 11:00:00+09:00,2995.0,2995.0,2992.0,2995.0,0,0.0,0.0
2023-12-21 12:00:00+09:00,2995.0,2996.0,2994.0,2994.0,16500,0.0,0.0
2023-12-21 13:00:00+09:00,2996.0,3005.0,2993.0,3005.0,3000,0.0,0.0
2023-12-21 14:00:00+09:00,3005.0,3005.0,2993.0,2995.0,5600,0.0,0.0
2023-12-22 09:00:00+09:00,3010.0,3040.0,3005.0,3035.0,5500,0.0,0.0
2023-12-22 10:00:00+09:00,3035.0,3040.0,3010.0,3010.0,7000,0.0,0.0
2023-12-22 11:00:00+09:00,3015.0,3015.0,3015.0,3015.0,0,0.0,0.0
2023-12-22 12:00:00+09:00,3010.0,3010.0,3010.0,3010.0,14100,0.0,0.0
2023-12-22 13:00:00+09:00,3015.0,3015.0,2997.0,3000.0,3300,0.0,0.0
2023-12-22 14:00:00+09:00,3005.0,3010.0,3000.0,3010.0,3200,0.0,0.0
2023-12-25 09:00:00+09:00,3030.0,3040.0,3000.0,3015.0,0,0.0,0.0
2023-12-25 10:00:00+09:00,3010.0,3010.0,2994.0,3000.0,3900,0.0,0.0
2023-12-25 11:00:00+09:00,3000.0,3000.0,3000.0,3000.0,0,0.0,0.0
2023-12-25 12:00:00+09:00,3005.0,3005.0,2998.0,2999.0,15700,0.0,0.0
2023-12-25 13:00:00+09:00,3000.0,3000.0,2991.0,2992.0,2700,0.0,0.0
2023-12-25 14:00:00+09:00,2995.0,2997.0,2989.0,2996.0,6700,0.0,0.0
2023-12-26 09:00:00+09:00,3005.0,3015.0,2994.0,3015.0,8100,0.0,0.0
2023-12-26 10:00:00+09:00,3015.0,3015.0,2999.0,2999.0,5600,0.0,0.0
2023-12-26 11:00:00+09:00,2999.0,2999.0,2995.0,2997.0,0,0.0,0.0
2023-12-26 12:00:00+09:00,3005.0,3005.0,2986.0,2988.0,18300,0.0,0.0
2023-12-26 13:00:00+09:00,2989.0,2994.0,2986.0,2993.0,2600,0.0,0.0
2023-12-26 14:00:00+09:00,2995.0,2995.0,2985.0,2990.0,6100,0.0,0.0
2023-12-27 09:00:00+09:00,3000.0,3010.0,2996.0,3000.0,7000,0.0,0.0
2023-12-27 10:00:00+09:00,3005.0,3010.0,3000.0,3000.0,2800,0.0,0.0
2023-12-27 11:00:00+09:00,3000.0,3005.0,2998.0,2998.0,0,0.0,0.0
2023-12-27 12:00:00+09:00,3005.0,3020.0,3000.0,3015.0,17900,0.0,0.0
2023-12-27 13:00:00+09:00,3020.0,3025.0,3000.0,3010.0,8400,0.0,0.0
2023-12-27 14:00:00+09:00,3020.0,3035.0,3015.0,3035.0,3900,0.0,0.0
2023-12-28 09:00:00+09:00,3050.0,3095.0,3045.0,3075.0,12300,0.0,0.0
2023-12-28 10:00:00+09:00,3070.0,3080.0,3070.0,3070.0,2700,0.0,0.0
2023-12-28 11:00:00+09:00,3070.0,3070.0,3060.0,3060.0,0,0.0,0.0
2023-12-28 12:00:00+09:00,3060.0,3065.0,3055.0,3065.0,18500,0.0,0.0
2023-12-28 13:00:00+09:00,3060.0,3060.0,3050.0,3050.0,1400,0.0,0.0
2023-12-28 14:00:00+09:00,3055.0,3060.0,3055.0,3055.0,2200,0.0,0.0
2023-12-29 09:00:00+09:00,3065.0,3100.0,3065.0,3095.0,9900,0.0,0.0
2023-12-29 10:00:00+09:00,3095.0,3110.0,3095.0,3110.0,3600,0.0,0.0
2023-12-29 11:00:00+09:00,3110.0,3115.0,3105.0,3110.0,0,0.0,0.0
2023-12-29 12:00:00+09:00,3110.0,3125.0,3110.0,3120.0,18600,0.0,0.0
2023-12-29 13:00:00+09:00,3125.0,3130.0,3115.0,3125.0,6500,0.0,0.0
2023-12-29 14:00:00+09:00,3125.0,3145.0,3120.0,3145.0,13500,0.0,0.0
2024-01-04 09:00:00+09:00,3220.0,3225.0,3155.0,3175.0,27100,0.0,0.0
2024-01-04 10:00:00+09:00,3180.0,3195.0,3170.0,3195.0,3100,0.0,0.0
2024-01-04 11:00:00+09:00,3180.0,3180.0,3175.0,3175.0,0,0.0,0.0
2024-01-04 12:00:00+09:00,3175.0,3185.0,3175.0,3180.0,34300,0.0,0.0
2024-01-04 13:00:00+09:00,3190.0,3195.0,3190.0,3195.0,2600,0.0,0.0
2024-01-04 14:00:00+09:00,3195.0,3210.0,3195.0,3205.0,8300,0.0,0.0
2024-01-05 09:00:00+09:00,3220.0,3260.0,3220.0,3250.0,10600,0.0,0.0
2024-01-05 10:00:00+09:00,3250.0,3260.0,3240.0,3260.0,3800,0.0,0.0
2024-01-05 11:00:00+09:00,3265.0,3270.0,3260.0,3270.0,0,0.0,0.0
2024-01-05 12:00:00+09:00,3275.0,3275.0,3255.0,3260.0,21100,0.0,0.0
2024-01-05 13:00:00+09:00,3260.0,3265.0,3260.0,3260.0,5300,0.0,0.0
2024-01-05 14:00:00+09:00,3260.0,3265.0,3255.0,3260.0,4900,0.0,0.0
2024-01-09 09:00:00+09:00,3300.0,3300.0,3220.0,3265.0,24100,0.0,0.0
2024-01-09 10:00:00+09:00,3275.0,3280.0,3260.0,3275.0,4600,0.0,0.0
2024-01-09 11:00:00+09:00,3270.0,3270.0,3265.0,3265.0,0,0.0,0.0
2024-01-09 12:00:00+09:00,3265.0,3280.0,3265.0,3280.0,32400,0.0,0.0
2024-01-09 13:00:00+09:00,3280.0,3290.0,3265.0,3275.0,4200,0.0,0.0
2024-01-09 14:00:00+09:00,3270.0,3285.0,3270.0,3270.0,3400,0.0,0.0
2024-01-10 09:00:00+09:00,3290.0,3300.0,3265.0,3275.0,6400,0.0,0.0
2024-01-10 10:00:00+09:00,3280.0,3320.0,3275.0,3310.0,6100,0.0,0.0
2024-01-10 11:00:00+09:00,3315.0,3320.0,3305.0,3310.0,0,0.0,0.0
2024-01-10 12:00:00+09:00,3320.0,3320.0,3305.0,3305.0,16000,0.0,0.0
2024-01-10 13:00:00+09:00,3310.0,3315.0,3310.0,3310.0,1200,0.0,0.0
2024-01-10 14:00:00+09:00,3315.0,3315.0,3300.0,3300.0,5900,0.0,0.0
2024-01-11 09:00:00+09:00,3315.0,3355.0,3315.0,3345.0,8800,0.0,0.0
2024-01-11 10:00:00+09:00,3340.0,3345.0,3320.0,3325.0,4100,0.0,0.0
2024-01-11 11:00:00+09:00,3330.0,3335.0,3330.0,3335.0,0,0.0,0.0
2024-01-11 12:00:00+09:00,3330.0,3340.0,3330.0,3330.0,18100,0.0,0.0
2024-01-11 13:00:00+09:00,3325.0,3330.0,3325.0,3325.0,1600,0.0,0.0
2024-01-11 14:00:00+09:00,3330.0,3330.0,3315.0,3315.0,5300,0.0,0.0
2024-01-12 09:00:00+09:00,3310.0,3330.0,3290.0,3295.0,0,0.0,0.0
2024-01-12 10:00:00+09:00,3290.0,3305.0,3290.0,3305.0,1900,0.0,0.0
2024-01-12 11:00:00+09:00,3305.0,3305.0,3290.0,3295.0,0,0.0,0.0
2024-01-12 12:00:00+09:00,3285.0,3285.0,3285.0,3285.0,13300,0.0,0.0
2024-01-12 13:00:00+09:00,3285.0,3295.0,3285.0,3290.0,2000,0.0,0.0
2024-01-12 14:00:00+09:00,3290.0,3295.0,3285.0,3290.0,4600,0.0,0.0
2024-01-15 09:00:00+09:00,3285.0,3315.0,3280.0,3305.0,7500,0.0,0.0
2024-01-15 10:00:00+09:00,3315.0,3320.0,3310.0,3315.0,1800,0.0,0.0
2024-01-15 11:00:00+09:00,3325.0,3325.0,3315.0,3315.0,0,0.0,0.0
2024-01-15 12:00:00+09:00,3325.0,3335.0,3320.0,3335.0,15400,0.0,0.0
2024-01-15 13:00:00+09:00,3330.0,3335.0,3330.0,3335.0,2000,0.0,0.0
2024-01-15 14:00:00+09:00,3335.0,3350.0,3330.0,3350.0,1400,0.0,0.0
2024-01-16 09:00:00+09:00,3370.0,3370.0,3340.0,3345.0,6100,0.0,0.0
2024-01-16 10:00:00+09:00,3345.0,3355.0,3335.0,3350.0,3100,0.0,0.0
2024-01-16 11:00:00+09:00,3355.0,3360.0,3355.0,3360.0,0,0.0,0.0
2024-01-16 12:00:00+09:00,3360.0,3365.0,3360.0,3360.0,13200,0.0,0.0
2024-01-16 13:00:00+09:00,3365.0,3365.0,3355.0,3355.0,1800,0.0,0.0
2024-01-16 14:00:00+09:00,3360.0,3360.0,3350.0,3350.0,3600,0.0,0.0
2024-01-17 09:00:00+09:00,3375.0,3410.0,3375.0,3400.0,8500,0.0,0.0
2024-01-17 10:00:00+09:00,3400.0,3415.0,3390.0,3395.0,2700,0.0,0.0
2024-01-17 11:00:00+09:00,3395.0,3400.0,3370.0,3380.0,0,0.0,0.0
2024-01-17 12:00:00+09:00,3380.0,3380.0,3350.0,3350.0,17200,0.0,0.0
2024-01-17 13:00:00+09:00,3360.0,3365.0,3350.0,3365.0,2900,0.0,0.0
2024-01-17 14:00:00+09:00,3360.0,3370.0,3340.0,3345.0,5200,0.0,0.0
2024-01-18 09:00:00+09:00,3320.0,3355.0,3315.0,3350.0,1900,0.0,0.0
2024-01-18 10:00:00+09:00,3345.0,3345.0,3330.0,3340.0,2700,0.0,0.0
2024-01-18 11:00:00+09:00,3340.0,3345.0,3340.0,3345.0,0,0.0,0.0
2024-01-18 12:00:00+09:00,3350.0,3350.0,3340.0,3340.0,8000,0.0,0.0
2024-01-18 13:00:00+09:00,3340.0,3360.0,3340.0,3355.0,4500,0.0,0.0
2024-01-18 14:00:00+09:00,3355.0,3355.0,3350.0,3350.0,600,0.0,0.0
2024-01-19 09:00:00+09:00,3355.0,3365.0,3350.0,3355.0,5400,0.0,0.0
2024-01-19 10:00:00+09:00,3365.0,3375.0,3365.0,3375.0,1600,0.0,0.0
2024-01-19 11:00:00+09:00,3380.0,3380.0,3380.0,3380.0,0,0.0,0.0
2024-01-19 12:00:00+09:00,3380.0,3380.0,3360.0,3365.0,10100,0.0,0.0
2024-01-19 13:00:00+09:00,3370.0,3370.0,3355.0,3360.0,2700,0.0,0.0
2024-01-19 14:00:00+09:00,3360.0,3385.0,3360.0,3375.0,4900,0.0,0.0
2024-01-22 09:00:00+09:00,3415.0,3450.0,3415.0,3430.0,0,0.0,0.0
2024-01-22 10:00:00+09:00,3440.0,3450.0,3440.0,3440.0,3200,0.0,0.0
2024-01-22 11:00:00+09:00,3440.0,3445.0,3440.0,3445.0,0,0.0,0.0
2024-01-22 12:00:00+09:00,3450.0,3450.0,3430.0,3435.0,15400,0.0,0.0
2024-01-22 13:00:00+09:00,3440.0,3445.0,3435.0,3445.0,1500,0.0,0.0
2024-01-22 14:00:00+09:00,3440.0,3445.0,3435.0,3440.0,2800,0.0,0.0
2024-01-23 09:00:00+09:00,3440.0,3450.0,3400.0,3405.0,13400,0.0,0.0
2024-01-23 10:00:00+09:00,3405.0,3420.0,3405.0,3415.0,3600,0.0,0.0
2024-01-23 11:00:00+09:00,3410.0,3415.0,3410.0,3415.0,0,0.0,0.0
2024-01-23 12:00:00+09:00,3415.0,3415.0,3390.0,3390.0,26800,0.0,0.0
2024-01-23 13:00:00+09:00,3390.0,3400.0,3385.0,3395.0,4600,0.0,0.0
2024-01-23 14:00:00+09:00,3395.0,3395.0,3380.0,3385.0,6700,0.0,0.0
2024-01-24 09:00:00+09:00,3390.0,3390.0,3335.0,3350.0,8700,0.0,0.0
2024-01-24 10:00:00+09:00,3355.0,3355.0,3345.0,3345.0,2400,0.0,0.0
2024-01-24 11:00:00+09:00,3340.0,3340.0,3335.0,3340.0,0,0.0,0.0
2024-01-24 12:00:00+09:00,3345.0,3345.0,3335.0,3340.0,16800,0.0,0.0
2024-01-24 13:00:00+09:00,3335.0,3340.0,3330.0,3340.0,0,0.0,0.0
2024-01-24 14:00:00+09:00,3335.0,3345.0,3335.0,3335.0,22600,0.0,0.0
2024-01-25 09:00:00+09:00,3335.0,3365.0,3335.0,3350.0,4400,0.0,0.0
2024-01-25 10:00:00+09:00,3360.0,3375.0,3360.0,3370.0,5000,0.0,0.0
2024-01-25 11:00:00+09:00,3375.0,3380.0,3370.0,3370.0,0,0.0,0.0
2024-01-25 12:00:00+09:00,3380.0,3380.0,3370.0,3370.0,11000,0.0,0.0
2024-01-25 13:00:00+09:00,3370.0,3375.0,3370.0,3370.0,1500,0.0,0.0
2024-01-25 14:00:00+09:00,3375.0,3380.0,3370.0,3375.0,2500,0.0,0.0
2024-01-26 09:00:00+09:00,3385.0,3385.0,3355.0,3355.0,3400,0.0,0.0
2024-01-26 10:00:00+09:00,3350.0,3350.0,3350.0,3350.0,900,0.0,0.0
2024-01-26 11:00:00+09:00,3355.0,3355.0,3345.0,3355.0,0,0.0,0.0
2024-01-26 12:00:00+09:00,3345.0,3345.0,3340.0,3340.0,6200,0.0,0.0
2024-01-26 13:00:00+09:00,3340.0,3340.0,3325.0,3325.0,3800,0.0,0.0
2024-01-26 14:00:00+09:00,3325.0,3335.0,3320.0,3330.0,4500,0.0,0.0
2024-01-29 09:00:00+09:00,3330.0,3370.0,3330.0,3350.0,9300,0.0,0.0
2024-01-29 10:00:00+09:00,3345.0,3350.0,3335.0,3350.0,1600,0.0,0.0
2024-01-29 11:00:00+09:00,3350.0,3350.0,3335.0,3340.0,0,0.0,0.0
2024-01-29 12:00:00+09:00,3340.0,3340.0,3340.0,3340.0,13000,0.0,0.0
2024-01-29 13:00:00+09:00,3335.0,3345.0,3330.0,3340.0,1600,0.0,0.0
2024-01-29 14:00:00+09:00,3335.0,3335.0,3315.0,3320.0,8700,0.0,0.0
2024-01-30 09:00:00+09:00,3390.0,3415.0,3355.0,3400.0,11500,0.0,0.0
2024-01-30 10:00:00+09:00,3400.0,3410.0,3400.0,3410.0,3800,0.0,0.0
2024-01-30 11:00:00+09:00,3410.0,3410.0,3400.0,3400.0,0,0.0,0.0
2024-01-30 12:00:00+09:00,3400.0,3405.0,3395.0,3395.0,24600,0.0,0.0
2024-01-30 13:00:00+09:00,3400.0,3445.0,3400.0,3440.0,10300,0.0,0.0
2024-01-30 14:00:00+09:00,3440.0,3440.0,3430.0,3430.0,6400,0.0,0.0
2024-01-31 09:00:00+09:00,3430.0,3455.0,3410.0,3435.0,14300,0.0,0.0
2024-01-31 10:00:00+09:00,3425.0,3450.0,3425.0,3450.0,4200,0.0,0.0
2024-01-31 11:00:00+09:00,3450.0,3460.0,3445.0,3460.0,0,0.0,0.0
2024-01-31 12:00:00+09:00,3460.0,3480.0,3450.0,3475.0,27900,0.0,0.0
2024-01-31 13:00:00+09:00,3480.0,3525.0,3480.0,3510.0,15800,0.0,0.0
2024-01-31 14:00:00+09:00,3510.0,3530.0,3505.0,3525.0,10600,0.0,0.0
2024-02-01 09:00:00+09:00,3715.0,3715.0,3590.0,3620.0,59000,0.0,0.0
2024-02-01 10:00:00+09:00,3620.0,3670.0,3595.0,3660.0,25300,0.0,0.0
2024-02-01 11:00:00+09:00,3665.0,3665.0,3615.0,3615.0,0,0.0,0.0
2024-02-01 12:00:00+09:00,3615.0,3615.0,3550.0,3600.0,103300,0.0,0.0
2024-02-01 13:00:00+09:00,3605.0,3615.0,3585.0,3615.0,6500,0.0,0.0
2024-02-01 14:00:00+09:00,3610.0,3620.0,3600.0,3605.0,8700,0.0,0.0
2024-02-02 09:00:00+09:00,3610.0,3660.0,3555.0,3625.0,14500,0.0,0.0
2024-02-02 10:00:00+09:00,3620.0,3640.0,3615.0,3640.0,6800,0.0,0.0
2024-02-02 11:00:00+09:00,3640.0,3650.0,3635.0,3640.0,0,0.0,0.0
2024-02-02 12:00:00+09:00,3635.0,3675.0,3635.0,3670.0,31000,0.0,0.0
2024-02-02 13:00:00+09:00,3665.0,3675.0,3650.0,3675.0,7900,0.0,0.0
2024-02-02 14:00:00+09:00,3670.0,3685.0,3665.0,3665.0,11000,0.0,0.0
2024-02-05 09:00:00+09:00,3690.0,3730.0,3685.0,3730.0,18300,0.0,0.0
2024-02-05 10:00:00+09:00,3730.0,3740.0,3715.0,3715.0,7300,0.0,0.0
2024-02-05 11:00:00+09:00,3715.0,3740.0,3700.0,3730.0,0,0.0,0.0
2024-02-05 12:00:00+09:00,3740.0,3740.0,3710.0,3710.0,34700,0.0,0.0
2024-02-05 13:00:00+09:00,3715.0,3725.0,3715.0,3715.0,2500,0.0,0.0
2024-02-05 14:00:00+09:00,3715.0,3725.0,3715.0,3720.0,4000,0.0,0.0
2024-02-06 09:00:00+09:00,3710.0,3740.0,3670.0,3720.0,12000,0.0,0.0
2024-02-06 10:00:00+09:00,3725.0,3750.0,3725.0,3745.0,4100,0.0,0.0
2024-02-06 11:00:00+09:00,3740.0,3745.0,3725.0,3725.0,0,0.0,0.0
2024-02-06 12:00:00+09:00,3730.0,3730.0,3700.0,3705.0,25100,0.0,0.0
2024-02-06 13:00:00+09:00,3710.0,3730.0,3710.0,3715.0,3800,0.0,0.0
2024-02-06 14:00:00+09:00,3720.0,3730.0,3700.0,3700.0,6100,0.0,0.0
2024-02-07 09:00:00+09:00,3700.0,3830.0,3685.0,3825.0,24300,0.0,0.0
2024-02-07 10:00:00+09:00,3820.0,3845.0,3810.0,3835.0,7700,0.0,0.0
2024-02-07 11:00:00+09:00,3835.0,3840.0,3825.0,3840.0,0,0.0,0.0
2024-02-07 12:00:00+09:00,3865.0,3880.0,3840.0,3880.0,42700,0.0,0.0
2024-02-07 13:00:00+09:00,3885.0,3920.0,3880.0,3915.0,10100,0.0,0.0
2024-02-07 14:00:00+09:00,3910.0,3925.0,3910.0,3920.0,7100,0.0,0.0
2024-02-08 09:00:00+09:00,3910.0,3910.0,3855.0,3885.0,21500,0.0,0.0
2024-02-08 10:00:00+09:00,3870.0,3895.0,3845.0,3895.0,9600,0.0,0.0
2024-02-08 11:00:00+09:00,3900.0,3905.0,3885.0,3885.0,0,0.0,0.0
2024-02-08 12:00:00+09:00,3905.0,3915.0,3895.0,3910.0,39100,0.0,0.0
2024-02-08 13:00:00+09:00,3910.0,3920.0,3910.0,3920.0,3800,0.0,0.0
2024-02-08 14:00:00+09:00,3920.0,3925.0,3900.0,3905.0,5400,0.0,0.0
2024-02-09 09:00:00+09:00,3860.0,3915.0,3835.0,3870.0,15000,0.0,0.0
2024-02-09 10:00:00+09:00,3870.0,3880.0,3840.0,3845.0,5900,0.0,0.0
2024-02-09 11:00:00+09:00,3840.0,3840.0,3800.0,3820.0,0,0.0,0.0
2024-02-09 12:00:00+09:00,3815.0,3840.0,3800.0,3830.0,38500,0.0,0.0
2024-02-09 13:00:00+09:00,3840.0,3840.0,3800.0,3805.0,7100,0.0,0.0
2024-02-09 14:00:00+09:00,3805.0,3825.0,3790.0,3810.0,6200,0.0,0.0
2024-02-13 09:00:00+09:00,3855.0,3955.0,3855.0,3945.0,24400,0.0,0.0
2024-02-13 10:00:00+09:00,3940.0,4000.0,3935.0,4000.0,16200,0.0,0.0
2024-02-13 11:00:00+09:00,4000.0,4010.0,3985.0,4005.0,0,0.0,0.0
2024-02-13 12:00:00+09:00,4010.0,4050.0,4000.0,4040.0,65800,0.0,0.0
2024-02-13 13:00:00+09:00,4035.0,4035.0,4000.0,4015.0,10300,0.0,0.0
2024-02-13 14:00:00+09:00,4015.0,4040.0,4015.0,4040.0,8200,0.0,0.0
2024-02-14 09:00:00+09:00,4035.0,4035.0,3970.0,3995.0,12100,0.0,0.0
2024-02-14 10:00:00+09:00,3990.0,3990.0,3950.0,3970.0,12900,0.0,0.0
2024-02-14 11:00:00+09:00,3970.0,3990.0,3965.0,3975.0,0,0.0,0.0
2024-02-14 12:00:00+09:00,3985.0,4030.0,3975.0,4025.0,37300,0.0,0.0
2024-02-14 13:00:00+09:00,4030.0,4030.0,4005.0,4015.0,3400,0.0,0.0
2024-02-14 14:00:00+09:00,4020.0,4025.0,4015.0,4015.0,5500,0.0,0.0
2024-02-15 09:00:00+09:00,4050.0,4075.0,3955.0,3970.0,11600,0.0,0.0
2024-02-15 10:00:00+09:00,3970.0,3995.0,3970.0,3990.0,3800,0.0,0.0
2024-02-15 11:00:00+09:00,3985.0,3990.0,3980.0,3985.0,0,0.0,0.0
2024-02-15 12:00:00+09:00,3985.0,3985.0,3900.0,3925.0,52400,0.0,0.0
2024-02-15 13:00:00+09:00,3920.0,3985.0,3905.0,3965.0,11700,0.0,0.0
2024-02-15 14:00:00+09:00,3955.0,3975.0,3955.0,3970.0,6000,0.0,0.0
2024-02-16 09:00:00+09:00,4000.0,4020.0,3980.0,4005.0,9100,0.0,0.0
2024-02-16 10:00:00+09:00,4010.0,4010.0,3960.0,3965.0,4000,0.0,0.0
2024-02-16 11:00:00+09:00,3965.0,3980.0,3960.0,3980.0,0,0.0,0.0
2024-02-16 12:00:00+09:00,3995.0,3995.0,3970.0,3985.0,20400,0.0,0.0
2024-02-16 13:00:00+09:00,3990.0,4000.0,3980.0,3990.0,4400,0.0,0.0
2024-02-16 14:00:00+09:00,3995.0,4010.0,3985.0,3990.0,7800,0.0,0.0
2024-02-19 09:00:00+09:00,3965.0,4030.0,3965.0,4000.0,0,0.0,0.0
2024-02-19 10:00:00+09:00,4015.0,4020.0,3990.0,4010.0,14400,0.0,0.0
2024-02-19 11:00:00+09:00,4010.0,4035.0,4010.0,4025.0,0,0.0,0.0
2024-02-19 12:00:00+09:00,4020.0,4025.0,4010.0,4015.0,20900,0.0,0.0
2024-02-19 13:00:00+09:00,4010.0,4010.0,3985.0,4000.0,3300,0.0,0.0
2024-02-19 14:00:00+09:00,3995.0,4010.0,3990.0,3990.0,5400,0.0,0.0
2024-02-20 09:00:00+09:00,4000.0,4005.0,3985.0,4000.0,3700,0.0,0.0
2024-02-20 10:00:00+09:00,3995.0,3995.0,3925.0,3940.0,7400,0.0,0.0
2024-02-20 11:00:00+09:00,3940.0,3955.0,3940.0,3940.0,0,0.0,0.0
2024-02-20 12:00:00+09:00,3940.0,3995.0,3940.0,3995.0,21000,0.0,0.0
2024-02-20 13:00:00+09:00,4000.0,4005.0,3995.0,4000.0,8100,0.0,0.0
2024-02-20 14:00:00+09:00,4000.0,4040.0,4000.0,4010.0,13400,0.0,0.0
2024-02-21 09:00:00+09:00,4005.0,4135.0,4005.0,4115.0,25300,0.0,0.0
2024-02-21 10:00:00+09:00,4115.0,4190.0,4115.0,4165.0,16100,0.0,0.0
2024-02-21 11:00:00+09:00,4155.0,4165.0,4135.0,4135.0,0,0.0,0.0
2024-02-21 12:00:00+09:00,4145.0,4165.0,4115.0,4160.0,52800,0.0,0.0
2024-02-21 13:00:00+09:00,4155.0,4155.0,4125.0,4135.0,3000,0.0,0.0
2024-02-21 14:00:00+09:00,4130.0,4145.0,4130.0,4145.0,4600,0.0,0.0
2024-02-22 09:00:00+09:00,4155.0,4180.0,4095.0,4110.0,0,0.0,0.0
2024-02-22 10:00:00+09:00,4125.0,4140.0,4125.0,4125.0,14300,0.0,0.0
2024-02-22 11:00:00+09:00,4125.0,4135.0,4125.0,4135.0,0,0.0,0.0
2024-02-22 12:00:00+09:00,4150.0,4205.0,4150.0,4180.0,31100,0.0,0.0
2024-02-22 13:00:00+09:00,4180.0,4185.0,4170.0,4185.0,2100,0.0,0.0
2024-02-22 14:00:00+09:00,4185.0,4200.0,4185.0,4200.0,8700,0.0,0.0
2024-02-26 09:00:00+09:00,4215.0,4280.0,4155.0,4160.0,17000,0.0,0.0
2024-02-26 10:00:00+09:00,4165.0,4190.0,4145.0,4180.0,7300,0.0,0.0
2024-02-26 11:00:00+09:00,4190.0,4190.0,4180.0,4185.0,0,0.0,0.0
2024-02-26 12:00:00+09:00,4185.0,4200.0,4175.0,4200.0,32100,0.0,0.0
2024-02-26 13:00:00+09:00,4195.0,4195.0,4175.0,4180.0,2800,0.0,0.0
2024-02-26 14:00:00+09:00,4180.0,4190.0,4175.0,4185.0,5600,0.0,0.0
2024-02-27 09:00:00+09:00,4175.0,4225.0,4140.0,4205.0,10600,0.0,0.0
2024-02-27 10:00:00+09:00,4205.0,4230.0,4200.0,4230.0,5700,0.0,0.0
2024-02-27 11:00:00+09:00,4230.0,4230.0,4210.0,4230.0,0,0.0,0.0
2024-02-27 12:00:00+09:00,4230.0,4300.0,4230.0,4295.0,36400,0.0,0.0
2024-02-27 13:00:00+09:00,4300.0,4300.0,4270.0,4280.0,3600,0.0,0.0
2024-02-27 14:00:00+09:00,4285.0,4285.0,4270.0,4270.0,5700,0.0,0.0
2024-02-28 09:00:00+09:00,4330.0,4370.0,4310.0,4350.0,0,0.0,0.0
2024-02-28 10:00:00+09:00,4350.0,4355.0,4310.0,4315.0,19700,0.0,0.0
2024-02-28 11:00:00+09:00,4315.0,4330.0,4315.0,4320.0,0,0.0,0.0
2024-02-28 12:00:00+09:00,4320.0,4320.0,4295.0,4320.0,27200,0.0,0.0
2024-02-28 13:00:00+09:00,4315.0,4320.0,4310.0,4320.0,2900,0.0,0.0
2024-02-28 14:00:00+09:00,4325.0,4335.0,4320.0,4320.0,5900,0.0,0.0
2024-02-29 09:00:00+09:00,4295.0,4315.0,4235.0,4280.0,23000,0.0,0.0
2024-02-29 10:00:00+09:00,4275.0,4280.0,4245.0,4245.0,6200,0.0,0.0
2024-02-29 11:00:00+09:00,4250.0,4250.0,4230.0,4250.0,0,0.0,0.0
2024-02-29 12:00:00+09:00,4250.0,4305.0,4245.0,4300.0,38200,0.0,0.0
2024-02-29 13:00:00+09:00,4300.0,4310.0,4295.0,4305.0,2100,0.0,0.0
2024-02-29 14:00:00+09:00,4305.0,4305.0,4275.0,4280.0,6800,0.0,0.0
2024-03-01 09:00:00+09:00,4300.0,4300.0,4180.0,4210.0,22200,0.0,0.0
2024-03-01 10:00:00+09:00,4200.0,4205.0,4185.0,4195.0,8000,0.0,0.0
2024-03-01 11:00:00+09:00,4195.0,4195.0,4185.0,4185.0,0,0.0,0.0
2024-03-01 12:00:00+09:00,4200.0,4200.0,4150.0,4180.0,47600,0.0,0.0
2024-03-01 13:00:00+09:00,4180.0,4185.0,4175.0,4185.0,5400,0.0,0.0
2024-03-01 14:00:00+09:00,4180.0,4190.0,4170.0,4190.0,11800,0.0,0.0
2024-03-04 09:00:00+09:00,4130.0,4135.0,4035.0,4045.0,26000,0.0,0.0
2024-03-04 10:00:00+09:00,4045.0,4090.0,4030.0,4030.0,12500,0.0,0.0
2024-03-04 11:00:00+09:00,4030.0,4030.0,4000.0,4000.0,0,0.0,0.0
2024-03-04 12:00:00+09:00,3995.0,4000.0,3970.0,4000.0,62100,0.0,0.0
2024-03-04 13:00:00+09:00,4000.0,4010.0,3990.0,4005.0,10000,0.0,0.0
2024-03-04 14:00:00+09:00,4005.0,4035.0,4005.0,4035.0,15400,0.0,0.0
2024-03-05 09:00:00+09:00,4035.0,4075.0,4010.0,4030.0,14500,0.0,0.0
2024-03-05 10:00:00+09:00,4030.0,4035.0,4010.0,4035.0,3600,0.0,0.0
2024-03-05 11:00:00+09:00,4030.0,4055.0,4030.0,4045.0,0,0.0,0.0
2024-03-05 12:00:00+09:00,4035.0,4050.0,4030.0,4035.0,26700,0.0,0.0
2024-03-05 13:00:00+09:00,4035.0,4050.0,4035.0,4045.0,3600,0.0,0.0
2024-03-05 14:00:00+09:00,4040.0,4050.0,4020.0,4020.0,7200,0.0,0.0
2024-03-06 09:00:00+09:00,4010.0,4030.0,3965.0,4015.0,12400,0.0,0.0
2024-03-06 10:00:00+09:00,4025.0,4030.0,4010.0,4020.0,1800,0.0,0.0
2024-03-06 11:00:00+09:00,4020.0,4020.0,4015.0,4015.0,0,0.0,0.0
2024-03-06 12:00:00+09:00,4005.0,4015.0,4000.0,4000.0,21400,0.0,0.0
2024-03-06 13:00:00+09:00,4000.0,4015.0,3995.0,4005.0,4500,0.0,0.0
2024-03-06 14:00:00+09:00,4010.0,4025.0,4000.0,4000.0,5800,0.0,0.0
2024-03-07 09:00:00+09:00,3995.0,4080.0,3995.0,4035.0,11600,0.0,0.0
2024-03-07 10:00:00+09:00,4030.0,4035.0,3995.0,4000.0,3900,0.0,0.0
2024-03-07 11:00:00+09:00,3995.0,3995.0,3985.0,3995.0,0,0.0,0.0
2024-03-07 12:00:00+09:00,4005.0,4020.0,4000.0,4020.0,28000,0.0,0.0
2024-03-07 13:00:00+09:00,4035.0,4050.0,4025.0,4025.0,3600,0.0,0.0
2024-03-07 14:00:00+09:00,4030.0,4030.0,3995.0,4015.0,7200,0.0,0.0
2024-03-08 09:00:00+09:00,4010.0,4080.0,4010.0,4070.0,23500,0.0,0.0
2024-03-08 10:00:00+09:00,4075.0,4105.0,4070.0,4100.0,10200,0.0,0.0
2024-03-08 11:00:00+09:00,4105.0,4110.0,4095.0,4110.0,0,0.0,0.0
2024-03-08 12:00:00+09:00,4115.0,4140.0,4115.0,4130.0,44500,0.0,0.0
2024-03-08 13:00:00+09:00,4135.0,4135.0,4105.0,4105.0,8000,0.0,0.0
2024-03-08 14:00:00+09:00,4105.0,4105.0,4065.0,4065.0,7700,0.0,0.0
2024-03-11 09:00:00+09:00,4010.0,4015.0,3960.0,3995.0,12300,0.0,0.0
2024-03-11 10:00:00+09:00,3995.0,4010.0,3985.0,3985.0,10000,0.0,0.0
2024-03-11 11:00:00+09:00,3980.0,3980.0,3965.0,3965.0,0,0.0,0.0
2024-03-11 12:00:00+09:00,3965.0,3970.0,3935.0,3935.0,36800,0.0,0.0
2024-03-11 13:00:00+09:00,3940.0,3955.0,3940.0,3940.0,5400,0.0,0.0
2024-03-11 14:00:00+09:00,3935.0,3965.0,3935.0,3955.0,10900,0.0,0.0
2024-03-12 09:00:00+09:00,3900.0,3955.0,3895.0,3920.0,13800,0.0,0.0
2024-03-12 10:00:00+09:00,3930.0,3930.0,3900.0,3900.0,5000,0.0,0.0
2024-03-12 11:00:00+09:00,3905.0,3930.0,3905.0,3930.0,0,0.0,0.0
2024-03-12 12:00:00+09:00,3930.0,3975.0,3930.0,3975.0,28800,0.0,0.0
2024-03-12 13:00:00+09:00,3985.0,3985.0,3975.0,3980.0,2400,0.0,0.0
2024-03-12 14:00:00+09:00,3980.0,3995.0,3975.0,3985.0,5300,0.0,0.0
2024-03-13 09:00:00+09:00,4025.0,4050.0,3960.0,3960.0,13100,0.0,0.0
2024-03-13 10:00:00+09:00,3940.0,3940.0,3910.0,3935.0,5900,0.0,0.0
2024-03-13 11:00:00+09:00,3940.0,3940.0,3920.0,3925.0,0,0.0,0.0
2024-03-13 12:00:00+09:00,3935.0,3945.0,3920.0,3940.0,26200,0.0,0.0
2024-03-13 13:00:00+09:00,3945.0,3955.0,3945.0,3955.0,1500,0.0,0.0
2024-03-13 14:00:00+09:00,3960.0,3970.0,3945.0,3960.0,3600,0.0,0.0
2024-03-14 09:00:00+09:00,3955.0,4000.0,3935.0,3990.0,9000,0.0,0.0
2024-03-14 10:00:00+09:00,3985.0,4020.0,3980.0,4015.0,14900,0.0,0.0
2024-03-14 11:00:00+09:00,4015.0,4015.0,3985.0,3990.0,0,0.0,0.0
2024-03-14 12:00:00+09:00,4000.0,4020.0,4000.0,4010.0,38400,0.0,0.0
2024-03-14 13:00:00+09:00,4020.0,4035.0,4015.0,4030.0,4800,0.0,0.0
2024-03-14 14:00:00+09:00,4030.0,4040.0,4020.0,4020.0,7500,0.0,0.0
2024-03-15 09:00:00+09:00,4000.0,4000.0,3975.0,4000.0,5400,0.0,0.0
2024-03-15 10:00:00+09:00,4000.0,4030.0,3995.0,4030.0,2900,0.0,0.0
2024-03-15 11:00:00+09:00,4040.0,4040.0,4025.0,4030.0,0,0.0,0.0
2024-03-15 12:00:00+09:00,4040.0,4050.0,4035.0,4045.0,11900,0.0,0.0
2024-03-15 13:00:00+09:00,4040.0,4040.0,4010.0,4010.0,1500,0.0,0.0
2024-03-15 14:00:00+09:00,4005.0,4015.0,4000.0,4010.0,3500,0.0,0.0
2024-03-18 09:00:00+09:00,4000.0,4000.0,3945.0,3990.0,15300,0.0,0.0
2024-03-18 10:00:00+09:00,3990.0,3995.0,3980.0,3980.0,2300,0.0,0.0
2024-03-18 11:00:00+09:00,3975.0,3975.0,3965.0,3965.0,0,0.0,0.0
2024-03-18 12:00:00+09:00,3960.0,3970.0,3960.0,3970.0,22700,0.0,0.0
2024-03-18 13:00:00+09:00,3970.0,3975.0,3960.0,3960.0,5300,0.0,0.0
2024-03-18 14:00:00+09:00,3960.0,3975.0,3960.0,3975.0,4000,0.0,0.0
2024-03-19 09:00:00+09:00,3960.0,3990.0,3930.0,3980.0,11100,0.0,0.0
2024-03-19 10:00:00+09:00,3970.0,3980.0,3960.0,3975.0,3000,0.0,0.0
2024-03-19 11:00:00+09:00,3980.0,3990.0,3980.0,3980.0,0,0.0,0.0
2024-03-19 12:00:00+09:00,3985.0,4000.0,3980.0,3990.0,18800,0.0,0.0
2024-03-19 13:00:00+09:00,3995.0,4000.0,3975.0,3985.0,8800,0.0,0.0
2024-03-19 14:00:00+09:00,3985.0,3995.0,3975.0,3990.0,5800,0.0,0.0
2024-03-21 09:00:00+09:00,4010.0,4045.0,4000.0,4040.0,8000,0.0,0.0
2024-03-21 10:00:00+09:00,4040.0,4050.0,4035.0,4040.0,2700,0.0,0.0
2024-03-21 11:00:00+09:00,4040.0,4040.0,4030.0,4035.0,0,0.0,0.0
2024-03-21 12:00:00+09:00,4045.0,4045.0,4030.0,4040.0,19700,0.0,0.0
2024-03-21 13:00:00+09:00,4040.0,4040.0,4020.0,4040.0,3000,0.0,0.0
2024-03-21 14:00:00+09:00,4035.0,4035.0,4020.0,4030.0,3500,0.0,0.0
2024-03-22 09:00:00+09:00,4050.0,4080.0,4040.0,4050.0,0,0.0,0.0
2024-03-22 10:00:00+09:00,4065.0,4065.0,4055.0,4060.0,13100,0.0,0.0
2024-03-22 11:00:00+09:00,4065.0,4075.0,4060.0,4065.0,0,0.0,0.0
2024-03-22 12:00:00+09:00,4065.0,4080.0,4055.0,4080.0,18300,0.0,0.0
2024-03-22 13:00:00+09:00,4070.0,4080.0,4065.0,4070.0,2000,0.0,0.0
2024-03-22 14:00:00+09:00,4075.0,4080.0,4055.0,4060.0,5700,0.0,0.0
2024-03-25 09:00:00+09:00,4035.0,4040.0,4010.0,4030.0,11500,0.0,0.0
2024-03-25 10:00:00+09:00,4030.0,4030.0,4010.0,4015.0,3600,0.0,0.0
2024-03-25 11:00:00+09:00,4015.0,4025.0,4010.0,4025.0,0,0.0,0.0
2024-03-25 12:00:00+09:00,4010.0,4035.0,4010.0,4030.0,18600,0.0,0.0
2024-03-25 13:00:00+09:00,4035.0,4040.0,4030.0,4035.0,1400,0.0,0.0
2024-03-25 14:00:00+09:00,4035.0,4040.0,4025.0,4025.0,5200,0.0,0.0
2024-03-26 09:00:00+09:00,4010.0,4035.0,3990.0,4005.0,9600,0.0,0.0
2024-03-26 10:00:00+09:00,4005.0,4035.0,4005.0,4030.0,3300,0.0,0.0
2024-03-26 11:00:00+09:00,4030.0,4040.0,4025.0,4040.0,0,0.0,0.0
2024-03-26 12:00:00+09:00,4030.0,4040.0,3995.0,4010.0,21700,0.0,0.0
2024-03-26 13:00:00+09:00,4015.0,4015.0,3985.0,3995.0,6500,0.0,0.0
2024-03-26 14:00:00+09:00,3990.0,4000.0,3985.0,3995.0,5900,0.0,0.0
2024-03-27 09:00:00+09:00,4000.0,4030.0,3970.0,4000.0,14800,0.0,0.0
2024-03-27 10:00:00+09:00,4005.0,4020.0,4000.0,4020.0,0,0.0,0.0
2024-03-27 11:00:00+09:00,4025.0,4050.0,4020.0,4040.0,0,0.0,0.0
2024-03-27 12:00:00+09:00,4050.0,4080.0,4040.0,4070.0,40800,0.0,0.0
2024-03-27 13:00:00+09:00,4080.0,4095.0,4070.0,4090.0,9300,0.0,0.0
2024-03-27 14:00:00+09:00,4090.0,4095.0,4065.0,4080.0,15900,0.0,0.0
2024-03-28 09:00:00+09:00,3955.0,4015.0,3950.0,3995.0,10000,0.0,0.0
2024-03-28 10:00:00+09:00,4000.0,4005.0,3970.0,3970.0,5700,0.0,0.0
2024-03-28 11:00:00+09:00,3980.0,4005.0,3980.0,4005.0,0,0.0,0.0
2024-03-28 12:00:00+09:00,4000.0,4015.0,4000.0,4000.0,21500,0.0,0.0
2024-03-28 13:00:00+09:00,4000.0,4005.0,3995.0,3995.0,3400,0.0,0.0
2024-03-28 14:00:00+09:00,3990.0,3990.0,3950.0,3990.0,16000,0.0,0.0
2024-03-29 09:00:00+09:00,3980.0,4045.0,3980.0,3995.0,10000,0.0,0.0
2024-03-29 10:00:00+09:00,3985.0,4000.0,3965.0,4000.0,7600,0.0,0.0
2024-03-29 11:00:00+09:00,4000.0,4005.0,3990.0,4005.0,0,0.0,0.0
2024-03-29 12:00:00+09:00,3990.0,4020.0,3990.0,4010.0,24900,0.0,0.0
2024-03-29 13:00:00+09:00,4020.0,4025.0,4015.0,4020.0,2800,0.0,0.0
2024-03-29 14:00:00+09:00,4020.0,4030.0,4010.0,4030.0,6400,0.0,0.0
2024-04-01 09:00:00+09:00,4030.0,4030.0,3960.0,3965.0,7400,0.0,0.0
2024-04-01 10:00:00+09:00,3965.0,3965.0,3910.0,3910.0,8600,0.0,0.0
2024-04-01 11:00:00+09:00,3910.0,3910.0,3895.0,3895.0,0,0.0,0.0
2024-04-01 12:00:00+09:00,3895.0,3940.0,3895.0,3940.0,22700,0.0,0.0
2024-04-01 13:00:00+09:00,3940.0,3945.0,3935.0,3940.0,3900,0.0,0.0
2024-04-01 14:00:00+09:00,3935.0,3940.0,3920.0,3930.0,8700,0.0,0.0
2024-04-02 09:00:00+09:00,3955.0,4005.0,3955.0,3985.0,10100,0.0,0.0
2024-04-02 10:00:00+09:00,3980.0,3990.0,3940.0,3945.0,5600,0.0,0.0
2024-04-02 11:00:00+09:00,3950.0,3950.0,3930.0,3930.0,0,0.0,0.0
2024-04-02 12:00:00+09:00,3925.0,3940.0,3920.0,3925.0,23100,0.0,0.0
2024-04-02 13:00:00+09:00,3920.0,3925.0,3910.0,3910.0,6600,0.0,0.0
2024-04-02 14:00:00+09:00,3910.0,3910.0,3855.0,3855.0,14900,0.0,0.0
2024-04-03 09:00:00+09:00,3785.0,3855.0,3755.0,3855.0,14600,0.0,0.0
2024-04-03 10:00:00+09:00,3850.0,3850.0,3815.0,3825.0,3900,0.0,0.0
2024-04-03 11:00:00+09:00,3825.0,3830.0,3810.0,3825.0,0,0.0,0.0
2024-04-03 12:00:00+09:00,3830.0,3865.0,3830.0,3865.0,25800,0.0,0.0
2024-04-03 13:00:00+09:00,3865.0,3870.0,3850.0,3865.0,3400,0.0,0.0
2024-04-03 14:00:00+09:00,3865.0,3865.0,3845.0,3850.0,0,0.0,0.0
2024-04-04 09:00:00+09:00,3890.0,3890.0,3825.0,3830.0,7000,0.0,0.0
2024-04-04 10:00:00+09:00,3830.0,3850.0,3830.0,3830.0,3800,0.0,0.0
2024-04-04 11:00:00+09:00,3840.0,3840.0,3825.0,3835.0,0,0.0,0.0
2024-04-04 12:00:00+09:00,3835.0,3875.0,3835.0,3855.0,17600,0.0,0.0
2024-04-04 13:00:00+09:00,3855.0,3855.0,3830.0,3830.0,2200,0.0,0.0
2024-04-04 14:00:00+09:00,3830.0,3840.0,3825.0,3830.0,3700,0.0,0.0
2024-04-05 09:00:00+09:00,3800.0,3830.0,3775.0,3775.0,27100,0.0,0.0
2024-04-05 10:00:00+09:00,3775.0,3780.0,3740.0,3750.0,7600,0.0,0.0
2024-04-05 11:00:00+09:00,3745.0,3755.0,3745.0,3750.0,0,0.0,0.0
2024-04-05 12:00:00+09:00,3755.0,3775.0,3740.0,3765.0,41100,0.0,0.0
2024-04-05 13:00:00+09:00,3765.0,3770.0,3750.0,3750.0,0,0.0,0.0
2024-04-05 14:00:00+09:00,3745.0,3770.0,3745.0,3770.0,49800,0.0,0.0
2024-04-08 09:00:00+09:00,3750.0,3780.0,3725.0,3780.0,7200,0.0,0.0
2024-04-08 10:00:00+09:00,3785.0,3790.0,3775.0,3790.0,2100,0.0,0.0
2024-04-08 11:00:00+09:00,3785.0,3785.0,3780.0,3780.0,0,0.0,0.0
2024-04-08 12:00:00+09:00,3790.0,3790.0,3770.0,3790.0,14500,0.0,0.0
2024-04-08 13:00:00+09:00,3795.0,3820.0,3795.0,3815.0,6000,0.0,0.0
2024-04-08 14:00:00+09:00,3805.0,3810.0,3785.0,3800.0,6900,0.0,0.0
2024-04-09 09:00:00+09:00,3805.0,3810.0,3780.0,3805.0,3800,0.0,0.0
2024-04-09 10:00:00+09:00,3805.0,3815.0,3805.0,3815.0,3800,0.0,0.0
2024-04-09 11:00:00+09:00,3805.0,3805.0,3795.0,3800.0,0,0.0,0.0
2024-04-09 12:00:00+09:00,3805.0,3805.0,3805.0,3805.0,9500,0.0,0.0
2024-04-09 13:00:00+09:00,3790.0,3810.0,3790.0,3805.0,2300,0.0,0.0
2024-04-09 14:00:00+09:00,3810.0,3855.0,3810.0,3855.0,11400,0.0,0.0
2024-04-10 09:00:00+09:00,3850.0,3860.0,3850.0,3850.0,1700,0.0,0.0
2024-04-10 10:00:00+09:00,3865.0,3865.0,3840.0,3845.0,1900,0.0,0.0
2024-04-10 11:00:00+09:00,3835.0,3850.0,3835.0,3850.0,0,0.0,0.0
2024-04-10 12:00:00+09:00,3860.0,3870.0,3860.0,3870.0,5900,0.0,0.0
2024-04-10 13:00:00+09:00,3880.0,3890.0,3875.0,3890.0,1600,0.0,0.0
2024-04-10 14:00:00+09:00,3895.0,3900.0,3875.0,3885.0,4600,0.0,0.0
2024-04-11 09:00:00+09:00,3845.0,3880.0,3830.0,3870.0,2000,0.0,0.0
2024-04-11 10:00:00+09:00,3880.0,3885.0,3860.0,3875.0,2000,0.0,0.0
2024-04-11 11:00:00+09:00,3875.0,3880.0,3875.0,3875.0,0,0.0,0.0
2024-04-11 12:00:00+09:00,3890.0,3935.0,3890.0,3930.0,8100,0.0,0.0
2024-04-11 13:00:00+09:00,3935.0,3940.0,3925.0,3935.0,4900,0.0,0.0
2024-04-11 14:00:00+09:00,3935.0,3935.0,3915.0,3925.0,4000,0.0,0.0
2024-04-12 09:00:00+09:00,3930.0,3950.0,3910.0,3930.0,9900,0.0,0.0
2024-04-12 10:00:00+09:00,3925.0,3930.0,3915.0,3920.0,2100,0.0,0.0
2024-04-12 11:00:00+09:00,3925.0,3930.0,3925.0,3925.0,0,0.0,0.0
2024-04-12 12:00:00+09:00,3935.0,3940.0,3920.0,3920.0,15300,0.0,0.0
2024-04-12 13:00:00+09:00,3915.0,3920.0,3900.0,3915.0,5200,0.0,0.0
2024-04-12 14:00:00+09:00,3910.0,3910.0,3905.0,3910.0,3200,0.0,0.0
2024-04-15 09:00:00+09:00,3870.0,3880.0,3845.0,3880.0,0,0.0,0.0
2024-04-15 10:00:00+09:00,3895.0,3915.0,3895.0,3915.0,8500,0.0,0.0
2024-04-15 11:00:00+09:00,3920.0,3930.0,3920.0,3930.0,0,0.0,0.0
2024-04-15 12:00:00+09:00,3930.0,3955.0,3930.0,3955.0,13400,0.0,0.0
2024-04-15 13:00:00+09:00,3960.0,3965.0,3950.0,3950.0,2900,0.0,0.0
2024-04-15 14:00:00+09:00,3950.0,3965.0,3950.0,3965.0,3400,0.0,0.0
2024-04-16 09:00:00+09:00,3980.0,4030.0,3960.0,4000.0,36600,0.0,0.0
2024-04-16 10:00:00+09:00,4005.0,4010.0,3985.0,4010.0,6100,0.0,0.0
2024-04-16 11:00:00+09:00,4005.0,4010.0,3995.0,3995.0,0,0.0,0.0
2024-04-16 12:00:00+09:00,4000.0,4000.0,3950.0,3960.0,53800,0.0,0.0
2024-04-16 13:00:00+09:00,3965.0,3970.0,3960.0,3970.0,3500,0.0,0.0
2024-04-16 14:00:00+09:00,3975.0,3990.0,3970.0,3970.0,8300,0.0,0.0
2024-04-17 09:00:00+09:00,3970.0,3970.0,3835.0,3850.0,11300,0.0,0.0
2024-04-17 10:00:00+09:00,3840.0,3840.0,3795.0,3825.0,5400,0.0,0.0
2024-04-17 11:00:00+09:00,3840.0,3845.0,3815.0,3825.0,0,0.0,0.0
2024-04-17 12:00:00+09:00,3830.0,3865.0,3830.0,3860.0,23000,0.0,0.0
2024-04-17 13:00:00+09:00,3860.0,3860.0,3830.0,3830.0,1200,0.0,0.0
2024-04-17 14:00:00+09:00,3835.0,3840.0,3785.0,3785.0,10000,0.0,0.0
2024-04-18 09:00:00+09:00,3800.0,3860.0,3785.0,3835.0,0,0.0,0.0
2024-04-18 10:00:00+09:00,3840.0,3850.0,3835.0,3850.0,12400,0.0,0.0
2024-04-18 11:00:00+09:00,3850.0,3860.0,3850.0,3855.0,0,0.0,0.0
2024-04-18 12:00:00+09:00,3855.0,3865.0,3855.0,3865.0,18800,0.0,0.0
2024-04-18 13:00:00+09:00,3865.0,3870.0,3860.0,3860.0,1900,0.0,0.0
2024-04-18 14:00:00+09:00,3855.0,3865.0,3845.0,3850.0,3700,0.0,0.0
2024-04-19 09:00:00+09:00,3840.0,3855.0,3775.0,3775.0,9900,0.0,0.0
2024-04-19 10:00:00+09:00,3770.0,3775.0,3735.0,3750.0,8500,0.0,0.0
2024-04-19 11:00:00+09:00,3750.0,3750.0,3710.0,3715.0,0,0.0,0.0
2024-04-19 12:00:00+09:00,3720.0,3790.0,3715.0,3785.0,26200,0.0,0.0
2024-04-19 13:00:00+09:00,3785.0,3785.0,3770.0,3775.0,2500,0.0,0.0
2024-04-19 14:00:00+09:00,3775.0,3780.0,3765.0,3765.0,2000,0.0,0.0
2024-04-22 09:00:00+09:00,3795.0,3830.0,3795.0,3795.0,7400,0.0,0.0
2024-04-22 10:00:00+09:00,3790.0,3815.0,3780.0,3785.0,2800,0.0,0.0
2024-04-22 11:00:00+09:00,3790.0,3795.0,3790.0,3790.0,0,0.0,0.0
2024-04-22 12:00:00+09:00,3800.0,3800.0,3770.0,3785.0,15100,0.0,0.0
2024-04-22 13:00:00+09:00,3780.0,3785.0,3775.0,3785.0,1700,0.0,0.0
2024-04-22 14:00:00+09:00,3780.0,3840.0,3760.0,3835.0,26800,0.0,0.0
2024-04-23 09:00:00+09:00,3865.0,3865.0,3810.0,3810.0,5300,0.0,0.0
2024-04-23 10:00:00+09:00,3810.0,3810.0,3780.0,3780.0,2100,0.0,0.0
2024-04-23 11:00:00+09:00,3770.0,3810.0,3770.0,3810.0,0,0.0,0.0
2024-04-23 12:00:00+09:00,3810.0,3815.0,3800.0,3815.0,13000,0.0,0.0
2024-04-23 13:00:00+09:00,3815.0,3840.0,3810.0,3825.0,4700,0.0,0.0
2024-04-23 14:00:00+09:00,3830.0,3840.0,3810.0,3810.0,5400,0.0,0.0
2024-04-24 09:00:00+09:00,3810.0,3815.0,3785.0,3795.0,5900,0.0,0.0
2024-04-24 10:00:00+09:00,3800.0,3800.0,3785.0,3795.0,1500,0.0,0.0
2024-04-24 11:00:00+09:00,3795.0,3795.0,3785.0,3785.0,0,0.0,0.0
2024-04-24 12:00:00+09:00,3785.0,3810.0,3785.0,3810.0,10800,0.0,0.0
2024-04-24 13:00:00+09:00,3810.0,3815.0,3795.0,3810.0,4600,0.0,0.0
2024-04-24 14:00:00+09:00,3815.0,3820.0,3800.0,3805.0,4600,0.0,0.0
2024-04-25 09:00:00+09:00,3825.0,3825.0,3770.0,3780.0,5900,0.0,0.0
2024-04-25 10:00:00+09:00,3775.0,3775.0,3750.0,3770.0,5400,0.0,0.0
2024-04-25 11:00:00+09:00,3765.0,3770.0,3760.0,3770.0,0,0.0,0.0
2024-04-25 12:00:00+09:00,3770.0,3775.0,3765.0,3770.0,14400,0.0,0.0
2024-04-25 13:00:00+09:00,3780.0,3780.0,3765.0,3775.0,3600,0.0,0.0
2024-04-25 14:00:00+09:00,3770.0,3775.0,3760.0,3775.0,4200,0.0,0.0
2024-04-26 09:00:00+09:00,3795.0,3800.0,3730.0,3740.0,5200,0.0,0.0
2024-04-26 10:00:00+09:00,3735.0,3765.0,3735.0,3750.0,4000,0.0,0.0
2024-04-26 11:00:00+09:00,3760.0,3770.0,3760.0,3765.0,0,0.0,0.0
2024-04-26 12:00:00+09:00,3780.0,3800.0,3780.0,3785.0,13400,0.0,0.0
2024-04-26 13:00:00+09:00,3780.0,3800.0,3780.0,3785.0,7700,0.0,0.0
2024-04-26 14:00:00+09:00,3790.0,3830.0,3775.0,3830.0,20400,0.0,0.0
2024-04-30 09:00:00+09:00,3610.0,3695.0,3590.0,3645.0,5500,0.0,0.0
2024-04-30 10:00:00+09:00,3640.0,3705.0,3635.0,3695.0,15000,0.0,0.0
2024-04-30 11:00:00+09:00,3700.0,3715.0,3675.0,3680.0,0,0.0,0.0
2024-04-30 12:00:00+09:00,3705.0,3800.0,3705.0,3790.0,98500,0.0,0.0
2024-04-30 13:00:00+09:00,3790.0,3790.0,3740.0,3740.0,12400,0.0,0.0
2024-04-30 14:00:00+09:00,3740.0,3770.0,3735.0,3770.0,18100,0.0,0.0
2024-05-01 09:00:00+09:00,3700.0,3700.0,3650.0,3660.0,19100,0.0,0.0
2024-05-01 10:00:00+09:00,3660.0,3675.0,3655.0,3655.0,7000,0.0,0.0
2024-05-01 11:00:00+09:00,3650.0,3650.0,3635.0,3645.0,0,0.0,0.0
2024-05-01 12:00:00+09:00,3660.0,3680.0,3660.0,3675.0,35200,0.0,0.0
2024-05-01 13:00:00+09:00,3670.0,3685.0,3645.0,3655.0,9500,0.0,0.0
2024-05-01 14:00:00+09:00,3655.0,3660.0,3650.0,3655.0,4400,0.0,0.0
2024-05-02 09:00:00+09:00,3630.0,3690.0,3625.0,3635.0,14100,0.0,0.0
2024-05-02 10:00:00+09:00,3640.0,3670.0,3635.0,3670.0,2800,0.0,0.0
2024-05-02 11:00:00+09:00,3665.0,3675.0,3660.0,3660.0,0,0.0,0.0
2024-05-02 12:00:00+09:00,3670.0,3675.0,3665.0,3670.0,21000,0.0,0.0
2024-05-02 13:00:00+09:00,3665.0,3675.0,3665.0,3670.0,3300,0.0,0.0
2024-05-02 14:00:00+09:00,3660.0,3660.0,3650.0,3655.0,3900,0.0,0.0
2024-05-07 09:00:00+09:00,3670.0,3670.0,3575.0,3595.0,20600,0.0,0.0
2024-05-07 10:00:00+09:00,3595.0,3615.0,3595.0,3615.0,5100,0.0,0.0
2024-05-07 11:00:00+09:00,3610.0,3615.0,3605.0,3615.0,0,0.0,0.0
2024-05-07 12:00:00+09:00,3620.0,3620.0,3610.0,3615.0,30700,0.0,0.0
2024-05-07 13:00:00+09:00,3620.0,3630.0,3620.0,3620.0,3200,0.0,0.0
2024-05-07 14:00:00+09:00,3620.0,3635.0,3615.0,3615.0,6900,0.0,0.0
2024-05-08 09:00:00+09:00,3625.0,3625.0,3595.0,3610.0,7900,0.0,0.0
2024-05-08 10:00:00+09:00,3610.0,3610.0,3565.0,3575.0,10800,0.0,0.0
2024-05-08 11:00:00+09:00,3580.0,3580.0,3565.0,3565.0,0,0.0,0.0
2024-05-08 12:00:00+09:00,3560.0,3585.0,3550.0,3585.0,25700,0.0,0.0
2024-05-08 13:00:00+09:00,3585.0,3585.0,3575.0,3580.0,4100,0.0,0.0
2024-05-08 14:00:00+09:00,3575.0,3575.0,3550.0,3550.0,7200,0.0,0.0
2024-05-09 09:00:00+09:00,3525.0,3560.0,3520.0,3545.0,0,0.0,0.0
2024-05-09 10:00:00+09:00,3545.0,3545.0,3530.0,3530.0,12300,0.0,0.0
2024-05-09 11:00:00+09:00,3525.0,3525.0,3500.0,3515.0,0,0.0,0.0
2024-05-09 12:00:00+09:00,3505.0,3525.0,3505.0,3525.0,27400,0.0,0.0
2024-05-09 13:00:00+09:00,3525.0,3550.0,3520.0,3545.0,11000,0.0,0.0
2024-05-09 14:00:00+09:00,3550.0,3565.0,3545.0,3555.0,9700,0.0,0.0
2024-05-10 09:00:00+09:00,3585.0,3665.0,3550.0,3655.0,25400,0.0,0.0
2024-05-10 10:00:00+09:00,3660.0,3675.0,3650.0,3665.0,7500,0.0,0.0
2024-05-10 11:00:00+09:00,3665.0,3675.0,3665.0,3670.0,0,0.0,0.0
2024-05-10 12:00:00+09:00,3670.0,3680.0,3665.0,3675.0,41700,0.0,0.0
2024-05-10 13:00:00+09:00,3675.0,3675.0,3670.0,3675.0,1700,0.0,0.0
2024-05-10 14:00:00+09:00,3680.0,3685.0,3665.0,3680.0,6400,0.0,0.0
2024-05-13 09:00:00+09:00,3650.0,3670.0,3610.0,3625.0,6700,0.0,0.0
2024-05-13 10:00:00+09:00,3615.0,3620.0,3605.0,3620.0,3100,0.0,0.0
2024-05-13 11:00:00+09:00,3625.0,3630.0,3620.0,3630.0,0,0.0,0.0
2024-05-13 12:00:00+09:00,3645.0,3645.0,3640.0,3640.0,12100,0.0,0.0
2024-05-13 13:00:00+09:00,3640.0,3640.0,3630.0,3635.0,1600,0.0,0.0
2024-05-13 14:00:00+09:00,3630.0,3650.0,3630.0,3645.0,2100,0.0,0.0
2024-05-14 09:00:00+09:00,3645.0,3645.0,3610.0,3610.0,0,0.0,0.0
2024-05-14 10:00:00+09:00,3610.0,3620.0,3595.0,3595.0,13400,0.0,0.0
2024-05-14 11:00:00+09:00,3605.0,3605.0,3600.0,3600.0,0,0.0,0.0
2024-05-14 12:00:00+09:00,3595.0,3595.0,3580.0,3590.0,18100,0.0,0.0
2024-05-14 13:00:00+09:00,3595.0,3595.0,3580.0,3585.0,3300,0.0,0.0
2024-05-14 14:00:00+09:00,3585.0,3615.0,3585.0,3615.0,3800,0.0,0.0
2024-05-15 09:00:00+09:00,3630.0,3630.0,3565.0,3580.0,7200,0.0,0.0
2024-05-15 10:00:00+09:00,3580.0,3580.0,3570.0,3570.0,1700,0.0,0.0
2024-05-15 11:00:00+09:00,3560.0,3560.0,3545.0,3545.0,0,0.0,0.0
2024-05-15 12:00:00+09:00,3545.0,3570.0,3545.0,3555.0,13900,0.0,0.0
2024-05-15 13:00:00+09:00,3555.0,3565.0,3550.0,3565.0,2700,0.0,0.0
2024-05-15 14:00:00+09:00,3565.0,3565.0,3555.0,3555.0,1700,0.0,0.0
2024-05-16 09:00:00+09:00,3530.0,3540.0,3515.0,3530.0,8400,0.0,0.0
2024-05-16 10:00:00+09:00,3530.0,3530.0,3510.0,3515.0,2200,0.0,0.0
2024-05-16 11:00:00+09:00,3525.0,3535.0,3515.0,3535.0,0,0.0,0.0
2024-05-16 12:00:00+09:00,3540.0,3550.0,3515.0,3520.0,18800,0.0,0.0
2024-05-16 13:00:00+09:00,3525.0,3525.0,3500.0,3500.0,5300,0.0,0.0
2024-05-16 14:00:00+09:00,3520.0,3530.0,3505.0,3515.0,5600,0.0,0.0
2024-05-17 09:00:00+09:00,3520.0,3565.0,3500.0,3555.0,6100,0.0,0.0
2024-05-17 10:00:00+09:00,3565.0,3565.0,3545.0,3545.0,3400,0.0,0.0
2024-05-17 11:00:00+09:00,3550.0,3560.0,3550.0,3560.0,0,0.0,0.0
2024-05-17 12:00:00+09:00,3565.0,3570.0,3545.0,3560.0,13700,0.0,0.0
2024-05-17 13:00:00+09:00,3555.0,3560.0,3555.0,3555.0,1400,0.0,0.0
2024-05-17 14:00:00+09:00,3560.0,3570.0,3560.0,3570.0,5600,0.0,0.0
2024-05-20 09:00:00+09:00,3540.0,3595.0,3540.0,3595.0,4600,0.0,0.0
2024-05-20 10:00:00+09:00,3590.0,3590.0,3560.0,3580.0,3200,0.0,0.0
2024-05-20 11:00:00+09:00,3570.0,3580.0,3570.0,3580.0,0,0.0,0.0
2024-05-20 12:00:00+09:00,3560.0,3585.0,3560.0,3580.0,10800,0.0,0.0
2024-05-20 13:00:00+09:00,3580.0,3580.0,3570.0,3570.0,1100,0.0,0.0
2024-05-20 14:00:00+09:00,3575.0,3580.0,3555.0,3575.0,6200,0.0,0.0
2024-05-21 09:00:00+09:00,3580.0,3630.0,3575.0,3595.0,9900,0.0,0.0
2024-05-21 10:00:00+09:00,3590.0,3605.0,3580.0,3585.0,3800,0.0,0.0
2024-05-21 11:00:00+09:00,3590.0,3600.0,3590.0,3595.0,0,0.0,0.0
2024-05-21 12:00:00+09:00,3615.0,3615.0,3590.0,3590.0,17200,0.0,0.0
2024-05-21 13:00:00+09:00,3585.0,3585.0,3580.0,3580.0,2400,0.0,0.0
2024-05-21 14:00:00+09:00,3585.0,3585.0,3575.0,3585.0,4400,0.0,0.0
2024-05-22 09:00:00+09:00,3570.0,3590.0,3560.0,3570.0,4100,0.0,0.0
2024-05-22 10:00:00+09:00,3580.0,3585.0,3565.0,3565.0,1400,0.0,0.0
2024-05-22 11:00:00+09:00,3570.0,3570.0,3570.0,3570.0,0,0.0,0.0
2024-05-22 12:00:00+09:00,3585.0,3585.0,3565.0,3580.0,7000,0.0,0.0
2024-05-22 13:00:00+09:00,3580.0,3580.0,3570.0,3570.0,1000,0.0,0.0
2024-05-22 14:00:00+09:00,3565.0,3570.0,3550.0,3550.0,3700,0.0,0.0
2024-05-23 09:00:00+09:00,3540.0,3540.0,3505.0,3540.0,4200,0.0,0.0
2024-05-23 10:00:00+09:00,3540.0,3545.0,3540.0,3545.0,1300,0.0,0.0
2024-05-23 11:00:00+09:00,3555.0,3555.0,3545.0,3555.0,0,0.0,0.0
2024-05-23 12:00:00+09:00,3570.0,3570.0,3555.0,3565.0,7900,0.0,0.0
2024-05-23 13:00:00+09:00,3565.0,3565.0,3555.0,3555.0,800,0.0,0.0
2024-05-23 14:00:00+09:00,3550.0,3550.0,3545.0,3550.0,2200,0.0,0.0
2024-05-24 09:00:00+09:00,3510.0,3545.0,3510.0,3530.0,0,0.0,0.0
2024-05-24 10:00:00+09:00,3525.0,3530.0,3515.0,3520.0,4700,0.0,0.0
2024-05-24 11:00:00+09:00,3525.0,3535.0,3525.0,3525.0,0,0.0,0.0
2024-05-24 12:00:00+09:00,3530.0,3540.0,3530.0,3535.0,6800,0.0,0.0
2024-05-24 13:00:00+09:00,3535.0,3545.0,3535.0,3545.0,1200,0.0,0.0
2024-05-24 14:00:00+09:00,3545.0,3550.0,3520.0,3520.0,3200,0.0,0.0
2024-05-27 09:00:00+09:00,3525.0,3535.0,3520.0,3525.0,1600,0.0,0.0
2024-05-27 10:00:00+09:00,3525.0,3530.0,3515.0,3515.0,1200,0.0,0.0
2024-05-27 11:00:00+09:00,3525.0,3525.0,3525.0,3525.0,0,0.0,0.0
2024-05-27 12:00:00+09:00,3530.0,3530.0,3515.0,3515.0,4600,0.0,0.0
2024-05-27 13:00:00+09:00,3520.0,3520.0,3510.0,3520.0,1000,0.0,0.0
2024-05-27 14:00:00+09:00,3525.0,3550.0,3525.0,3545.0,1700,0.0,0.0
2024-05-28 09:00:00+09:00,3550.0,3570.0,3530.0,3570.0,2300,0.0,0.0
2024-05-28 10:00:00+09:00,3575.0,3575.0,3560.0,3560.0,700,0.0,0.0
2024-05-28 11:00:00+09:00,3555.0,3560.0,3555.0,3560.0,0,0.0,0.0
2024-05-28 12:00:00+09:00,3560.0,3560.0,3540.0,3560.0,4900,0.0,0.0
2024-05-28 13:00:00+09:00,3560.0,3565.0,3550.0,3560.0,2300,0.0,0.0
2024-05-28 14:00:00+09:00,3560.0,3560.0,3545.0,3550.0,2800,0.0,0.0
2024-05-29 09:00:00+09:00,3550.0,3590.0,3550.0,3575.0,4600,0.0,0.0
2024-05-29 10:00:00+09:00,3570.0,3575.0,3560.0,3560.0,3400,0.0,0.0
2024-05-29 11:00:00+09:00,3565.0,3580.0,3565.0,3580.0,0,0.0,0.0
2024-05-29 12:00:00+09:00,3565.0,3570.0,3565.0,3570.0,10000,0.0,0.0
2024-05-29 13:00:00+09:00,3575.0,3580.0,3560.0,3560.0,1500,0.0,0.0
2024-05-29 14:00:00+09:00,3555.0,3565.0,3545.0,3565.0,4500,0.0,0.0
2024-05-30 09:00:00+09:00,3540.0,3545.0,3515.0,3515.0,5500,0.0,0.0
2024-05-30 10:00:00+09:00,3520.0,3560.0,3520.0,3535.0,3300,0.0,0.0
2024-05-30 11:00:00+09:00,3535.0,3545.0,3530.0,3545.0,0,0.0,0.0
2024-05-30 12:00:00+09:00,3550.0,3565.0,3550.0,3565.0,11100,0.0,0.0
2024-05-30 13:00:00+09:00,3570.0,3600.0,3570.0,3585.0,6700,0.0,0.0
2024-05-30 14:00:00+09:00,3585.0,3590.0,3565.0,3580.0,3600,0.0,0.0
2024-05-31 09:00:00+09:00,3625.0,3625.0,3600.0,3610.0,8600,0.0,0.0
2024-05-31 10:00:00+09:00,3615.0,3635.0,3600.0,3620.0,4100,0.0,0.0
2024-05-31 11:00:00+09:00,3620.0,3620.0,3615.0,3620.0,0,0.0,0.0
2024-05-31 12:00:00+09:00,3625.0,3645.0,3625.0,3645.0,15500,0.0,0.0
2024-05-31 13:00:00+09:00,3650.0,3655.0,3620.0,3655.0,4600,0.0,0.0
2024-05-31 14:00:00+09:00,3650.0,3670.0,3640.0,3660.0,9100,0.0,0.0
2024-06-03 09:00:00+09:00,3690.0,3690.0,3675.0,3690.0,5400,0.0,0.0
2024-06-03 10:00:00+09:00,3690.0,3695.0,3660.0,3665.0,7000,0.0,0.0
2024-06-03 11:00:00+09:00,3660.0,3665.0,3660.0,3665.0,0,0.0,0.0
2024-06-03 12:00:00+09:00,3655.0,3665.0,3655.0,3665.0,14700,0.0,0.0
2024-06-03 13:00:00+09:00,3660.0,3660.0,3655.0,3655.0,1000,0.0,0.0
2024-06-03 14:00:00+09:00,3655.0,3655.0,3645.0,3650.0,3300,0.0,0.0
2024-06-04 09:00:00+09:00,3640.0,3640.0,3600.0,3610.0,6000,0.0,0.0
2024-06-04 10:00:00+09:00,3615.0,3615.0,3590.0,3595.0,4100,0.0,0.0
2024-06-04 11:00:00+09:00,3595.0,3595.0,3580.0,3580.0,0,0.0,0.0
2024-06-04 12:00:00+09:00,3590.0,3590.0,3575.0,3580.0,15500,0.0,0.0
2024-06-04 13:00:00+09:00,3585.0,3590.0,3580.0,3585.0,2000,0.0,0.0
2024-06-04 14:00:00+09:00,3580.0,3585.0,3565.0,3565.0,3900,0.0,0.0
2024-06-05 09:00:00+09:00,3560.0,3560.0,3535.0,3550.0,4500,0.0,0.0
2024-06-05 10:00:00+09:00,3550.0,3575.0,3550.0,3560.0,6500,0.0,0.0
2024-06-05 11:00:00+09:00,3560.0,3565.0,3560.0,3565.0,0,0.0,0.0
2024-06-05 12:00:00+09:00,3555.0,3565.0,3550.0,3550.0,13300,0.0,0.0
2024-06-05 13:00:00+09:00,3545.0,3545.0,3535.0,3535.0,700,0.0,0.0
2024-06-05 14:00:00+09:00,3535.0,3540.0,3515.0,3515.0,6100,0.0,0.0
2024-06-06 09:00:00+09:00,3545.0,3555.0,3520.0,3525.0,4500,0.0,0.0
2024-06-06 10:00:00+09:00,3520.0,3530.0,3510.0,3530.0,2400,0.0,0.0
2024-06-06 11:00:00+09:00,3530.0,3530.0,3515.0,3515.0,0,0.0,0.0
2024-06-06 12:00:00+09:00,3510.0,3525.0,3505.0,3510.0,11400,0.0,0.0
2024-06-06 13:00:00+09:00,3510.0,3520.0,3505.0,3510.0,2100,0.0,0.0
2024-06-06 14:00:00+09:00,3510.0,3520.0,3510.0,3520.0,3300,0.0,0.0
2024-06-07 09:00:00+09:00,3540.0,3540.0,3505.0,3520.0,0,0.0,0.0
2024-06-07 10:00:00+09:00,3515.0,3515.0,3510.0,3510.0,3500,0.0,0.0
2024-06-07 11:00:00+09:00,3505.0,3530.0,3505.0,3530.0,0,0.0,0.0
2024-06-07 12:00:00+09:00,3530.0,3530.0,3525.0,3530.0,7000,0.0,0.0
2024-06-07 13:00:00+09:00,3520.0,3520.0,3510.0,3510.0,800,0.0,0.0
2024-06-07 14:00:00+09:00,3515.0,3525.0,3510.0,3525.0,1900,0.0,0.0
2024-06-10 09:00:00+09:00,3505.0,3590.0,3505.0,3570.0,8100,0.0,0.0
2024-06-10 10:00:00+09:00,3575.0,3590.0,3570.0,3580.0,2200,0.0,0.0
2024-06-10 11:00:00+09:00,3590.0,3610.0,3585.0,3610.0,0,0.0,0.0
2024-06-10 12:00:00+09:00,3630.0,3630.0,3600.0,3610.0,15000,0.0,0.0
2024-06-10 13:00:00+09:00,3610.0,3645.0,3595.0,3645.0,7600,0.0,0.0
2024-06-10 14:00:00+09:00,3640.0,3640.0,3625.0,3640.0,4300,0.0,0.0
2024-06-11 09:00:00+09:00,3660.0,3685.0,3630.0,3680.0,17800,0.0,0.0
2024-06-11 10:00:00+09:00,3675.0,3675.0,3650.0,3655.0,1900,0.0,0.0
2024-06-11 11:00:00+09:00,3655.0,3655.0,3625.0,3630.0,0,0.0,0.0
2024-06-11 12:00:00+09:00,3630.0,3635.0,3625.0,3635.0,23800,0.0,0.0
2024-06-11 13:00:00+09:00,3635.0,3635.0,3625.0,3635.0,1400,0.0,0.0
2024-06-11 14:00:00+09:00,3640.0,3640.0,3630.0,3635.0,3100,0.0,0.0
2024-06-12 09:00:00+09:00,3675.0,3675.0,3645.0,3660.0,1800,0.0,0.0
2024-06-12 10:00:00+09:00,3640.0,3640.0,3640.0,3640.0,100,0.0,0.0
2024-06-12 11:00:00+09:00,3645.0,3645.0,3640.0,3640.0,0,0.0,0.0
2024-06-12 12:00:00+09:00,3650.0,3660.0,3650.0,3655.0,3500,0.0,0.0
2024-06-12 13:00:00+09:00,3650.0,3650.0,3650.0,3650.0,300,0.0,0.0
2024-06-12 14:00:00+09:00,3645.0,3645.0,3635.0,3640.0,1000,0.0,0.0
2024-06-13 09:00:00+09:00,3600.0,3635.0,3530.0,3555.0,0,0.0,0.0
2024-06-13 10:00:00+09:00,3555.0,3580.0,3545.0,3575.0,13800,0.0,0.0
2024-06-13 11:00:00+09:00,3575.0,3575.0,3560.0,3560.0,0,0.0,0.0
2024-06-13 12:00:00+09:00,3545.0,3560.0,3545.0,3560.0,17200,0.0,0.0
2024-06-13 13:00:00+09:00,3555.0,3555.0,3545.0,3550.0,1300,0.0,0.0
2024-06-13 14:00:00+09:00,3560.0,3560.0,3540.0,3540.0,2600,0.0,0.0
2024-06-14 09:00:00+09:00,3535.0,3580.0,3520.0,3575.0,13500,0.0,0.0
2024-06-14 10:00:00+09:00,3585.0,3595.0,3585.0,3595.0,2500,0.0,0.0
2024-06-14 11:00:00+09:00,3600.0,3605.0,3600.0,3605.0,0,0.0,0.0
2024-06-14 12:00:00+09:00,3605.0,3620.0,3575.0,3605.0,18500,0.0,0.0
2024-06-14 13:00:00+09:00,3600.0,3615.0,3600.0,3615.0,2200,0.0,0.0
2024-06-14 14:00:00+09:00,3620.0,3630.0,3615.0,3620.0,2500,0.0,0.0
2024-06-17 09:00:00+09:00,3615.0,3615.0,3540.0,3540.0,5300,0.0,0.0
2024-06-17 10:00:00+09:00,3535.0,3535.0,3520.0,3535.0,4400,0.0,0.0
2024-06-17 11:00:00+09:00,3540.0,3540.0,3540.0,3540.0,0,0.0,0.0
2024-06-17 12:00:00+09:00,3555.0,3555.0,3535.0,3535.0,11300,0.0,0.0
2024-06-17 13:00:00+09:00,3530.0,3535.0,3530.0,3535.0,900,0.0,0.0
2024-06-17 14:00:00+09:00,3535.0,3545.0,3530.0,3540.0,3300,0.0,0.0
2024-06-18 09:00:00+09:00,3580.0,3580.0,3545.0,3560.0,3200,0.0,0.0
2024-06-18 10:00:00+09:00,3565.0,3575.0,3565.0,3565.0,1400,0.0,0.0
2024-06-18 11:00:00+09:00,3560.0,3580.0,3555.0,3580.0,0,0.0,0.0
2024-06-18 12:00:00+09:00,3565.0,3570.0,3565.0,3565.0,7000,0.0,0.0
2024-06-18 13:00:00+09:00,3565.0,3570.0,3565.0,3570.0,600,0.0,0.0
2024-06-18 14:00:00+09:00,3570.0,3575.0,3570.0,3575.0,1500,0.0,0.0
2024-06-19 09:00:00+09:00,3550.0,3680.0,3550.0,3680.0,21100,0.0,0.0
2024-06-19 10:00:00+09:00,3685.0,3700.0,3680.0,3690.0,6600,0.0,0.0
2024-06-19 11:00:00+09:00,3685.0,3695.0,3685.0,3695.0,0,0.0,0.0
2024-06-19 12:00:00+09:00,3695.0,3695.0,3660.0,3660.0,31400,0.0,0.0
2024-06-19 13:00:00+09:00,3660.0,3675.0,3660.0,3670.0,1300,0.0,0.0
2024-06-19 14:00:00+09:00,3660.0,3665.0,3650.0,3650.0,2400,0.0,0.0
2024-06-20 09:00:00+09:00,3630.0,3675.0,3610.0,3610.0,11100,0.0,0.0
2024-06-20 10:00:00+09:00,3610.0,3620.0,3595.0,3620.0,6000,0.0,0.0
2024-06-20 11:00:00+09:00,3610.0,3625.0,3605.0,3625.0,0,0.0,0.0
2024-06-20 12:00:00+09:00,3610.0,3635.0,3610.0,3630.0,22700,0.0,0.0
2024-06-20 13:00:00+09:00,3630.0,3645.0,3620.0,3635.0,3100,0.0,0.0
2024-06-20 14:00:00+09:00,3640.0,3650.0,3635.0,3650.0,3700,0.0,0.0
2024-06-21 09:00:00+09:00,3655.0,3670.0,3650.0,3650.0,4300,0.0,0.0
2024-06-21 10:00:00+09:00,3645.0,3665.0,3645.0,3665.0,2500,0.0,0.0
2024-06-21 11:00:00+09:00,3665.0,3680.0,3660.0,3680.0,0,0.0,0.0
2024-06-21 12:00:00+09:00,3685.0,3690.0,3660.0,3690.0,13000,0.0,0.0
2024-06-21 13:00:00+09:00,3690.0,3690.0,3660.0,3670.0,3400,0.0,0.0
2024-06-21 14:00:00+09:00,3670.0,3670.0,3620.0,3635.0,12800,0.0,0.0
2024-06-24 09:00:00+09:00,3660.0,3660.0,3590.0,3600.0,7700,0.0,0.0
2024-06-24 10:00:00+09:00,3595.0,3600.0,3590.0,3590.0,3500,0.0,0.0
2024-06-24 11:00:00+09:00,3595.0,3595.0,3585.0,3595.0,0,0.0,0.0
2024-06-24 12:00:00+09:00,3620.0,3620.0,3605.0,3605.0,14600,0.0,0.0
2024-06-24 13:00:00+09:00,3610.0,3620.0,3605.0,3615.0,3500,0.0,0.0
2024-06-24 14:00:00+09:00,3610.0,3615.0,3605.0,3615.0,3600,0.0,0.0
2024-06-25 09:00:00+09:00,3620.0,3655.0,3620.0,3635.0,4400,0.0,0.0
2024-06-25 10:00:00+09:00,3650.0,3675.0,3650.0,3665.0,3700,0.0,0.0
2024-06-25 11:00:00+09:00,3660.0,3670.0,3660.0,3670.0,0,0.0,0.0
2024-06-25 12:00:00+09:00,3670.0,3670.0,3645.0,3645.0,11700,0.0,0.0
2024-06-25 13:00:00+09:00,3645.0,3655.0,3640.0,3650.0,2700,0.0,0.0
2024-06-25 14:00:00+09:00,3655.0,3665.0,3650.0,3665.0,3300,0.0,0.0
2024-06-26 09:00:00+09:00,3670.0,3700.0,3670.0,3695.0,10200,0.0,0.0
2024-06-26 10:00:00+09:00,3700.0,3710.0,3700.0,3705.0,2400,0.0,0.0
2024-06-26 11:00:00+09:00,3705.0,3705.0,3685.0,3690.0,0,0.0,0.0
2024-06-26 12:00:00+09:00,3690.0,3700.0,3680.0,3695.0,15700,0.0,0.0
2024-06-26 13:00:00+09:00,3700.0,3705.0,3700.0,3700.0,2000,0.0,0.0
2024-06-26 14:00:00+09:00,3700.0,3705.0,3690.0,3690.0,2900,0.0,0.0
2024-06-27 09:00:00+09:00,3715.0,3720.0,3700.0,3710.0,3500,0.0,0.0
2024-06-27 10:00:00+09:00,3710.0,3730.0,3710.0,3710.0,3200,0.0,0.0
2024-06-27 11:00:00+09:00,3700.0,3715.0,3695.0,3695.0,0,0.0,0.0
2024-06-27 12:00:00+09:00,3715.0,3735.0,3700.0,3735.0,10900,0.0,0.0
2024-06-27 13:00:00+09:00,3735.0,3775.0,3725.0,3765.0,7200,0.0,0.0
2024-06-27 14:00:00+09:00,3760.0,3760.0,3750.0,3750.0,3000,0.0,0.0
2024-06-28 09:00:00+09:00,3795.0,3805.0,3745.0,3770.0,26700,0.0,0.0
2024-06-28 10:00:00+09:00,3780.0,3780.0,3750.0,3755.0,3700,0.0,0.0
2024-06-28 11:00:00+09:00,3755.0,3755.0,3750.0,3750.0,0,0.0,0.0
2024-06-28 12:00:00+09:00,3755.0,3760.0,3745.0,3755.0,35000,0.0,0.0
2024-06-28 13:00:00+09:00,3760.0,3770.0,3745.0,3760.0,4300,0.0,0.0
2024-06-28 14:00:00+09:00,3755.0,3770.0,3755.0,3770.0,2500,0.0,0.0
2024-07-01 09:00:00+09:00,3765.0,3800.0,3755.0,3755.0,7000,0.0,0.0
2024-07-01 10:00:00+09:00,3755.0,3770.0,3750.0,3760.0,3100,0.0,0.0
2024-07-01 11:00:00+09:00,3760.0,3760.0,3755.0,3760.0,0,0.0,0.0
2024-07-01 12:00:00+09:00,3760.0,3760.0,3755.0,3755.0,12200,0.0,0.0
2024-07-01 13:00:00+09:00,3755.0,3760.0,3745.0,3750.0,1600,0.0,0.0
2024-07-01 14:00:00+09:00,3745.0,3750.0,3735.0,3740.0,3000,0.0,0.0
2024-07-02 09:00:00+09:00,3735.0,3735.0,3695.0,3705.0,10600,0.0,0.0
2024-07-02 10:00:00+09:00,3705.0,3740.0,3700.0,3720.0,3400,0.0,0.0
2024-07-02 11:00:00+09:00,3715.0,3720.0,3710.0,3710.0,0,0.0,0.0
2024-07-02 12:00:00+09:00,3710.0,3710.0,3695.0,3705.0,17900,0.0,0.0
2024-07-02 13:00:00+09:00,3705.0,3720.0,3705.0,3705.0,2500,0.0,0.0
2024-07-02 14:00:00+09:00,3700.0,3710.0,3700.0,3700.0,4300,0.0,0.0
2024-07-03 09:00:00+09:00,3680.0,3730.0,3670.0,3670.0,0,0.0,0.0
2024-07-03 10:00:00+09:00,3675.0,3685.0,3670.0,3685.0,13600,0.0,0.0
2024-07-03 11:00:00+09:00,3690.0,3695.0,3685.0,3695.0,0,0.0,0.0
2024-07-03 12:00:00+09:00,3695.0,3695.0,3675.0,3680.0,16400,0.0,0.0
2024-07-03 13:00:00+09:00,3685.0,3685.0,3680.0,3680.0,1200,0.0,0.0
2024-07-03 14:00:00+09:00,3680.0,3685.0,3680.0,3680.0,900,0.0,0.0
2024-07-04 09:00:00+09:00,3660.0,3715.0,3660.0,3715.0,12100,0.0,0.0
2024-07-04 10:00:00+09:00,3715.0,3740.0,3710.0,3725.0,5100,0.0,0.0
2024-07-04 11:00:00+09:00,3720.0,3730.0,3720.0,3730.0,0,0.0,0.0
2024-07-04 12:00:00+09:00,3730.0,3730.0,3725.0,3730.0,20100,0.0,0.0
2024-07-04 13:00:00+09:00,3730.0,3735.0,3730.0,3730.0,1700,0.0,0.0
2024-07-04 14:00:00+09:00,3735.0,3735.0,3720.0,3730.0,2500,0.0,0.0
2024-07-05 09:00:00+09:00,3740.0,3750.0,3720.0,3725.0,3800,0.0,0.0
2024-07-05 10:00:00+09:00,3710.0,3715.0,3700.0,3710.0,1000,0.0,0.0
2024-07-05 11:00:00+09:00,3705.0,3710.0,3705.0,3710.0,0,0.0,0.0
2024-07-05 12:00:00+09:00,3715.0,3715.0,3700.0,3705.0,6900,0.0,0.0
2024-07-05 13:00:00+09:00,3690.0,3690.0,3690.0,3690.0,500,0.0,0.0
2024-07-05 14:00:00+09:00,3690.0,3690.0,3665.0,3670.0,5200,0.0,0.0
2024-07-08 09:00:00+09:00,3665.0,3670.0,3630.0,3640.0,8300,0.0,0.0
2024-07-08 10:00:00+09:00,3640.0,3640.0,3625.0,3635.0,1100,0.0,0.0
2024-07-08 11:00:00+09:00,3630.0,3635.0,3625.0,3625.0,0,0.0,0.0
2024-07-08 12:00:00+09:00,3625.0,3640.0,3625.0,3640.0,10700,0.0,0.0
2024-07-08 13:00:00+09:00,3635.0,3640.0,3635.0,3635.0,1300,0.0,0.0
2024-07-08 14:00:00+09:00,3635.0,3655.0,3635.0,3645.0,3200,0.0,0.0
2024-07-09 09:00:00+09:00,3665.0,3665.0,3635.0,3640.0,2500,0.0,0.0
2024-07-09 10:00:00+09:00,3635.0,3635.0,3625.0,3630.0,1800,0.0,0.0
2024-07-09 11:00:00+09:00,3625.0,3645.0,3625.0,3645.0,0,0.0,0.0
2024-07-09 12:00:00+09:00,3665.0,3665.0,3650.0,3650.0,7700,0.0,0.0
2024-07-09 13:00:00+09:00,3660.0,3670.0,3660.0,3665.0,1100,0.0,0.0
2024-07-09 14:00:00+09:00,3660.0,3685.0,3660.0,3660.0,4600,0.0,0.0
2024-07-10 09:00:00+09:00,3665.0,3665.0,3655.0,3660.0,1700,0.0,0.0
2024-07-10 10:00:00+09:00,3665.0,3670.0,3655.0,3655.0,800,0.0,0.0
2024-07-10 11:00:00+09:00,3650.0,3650.0,3650.0,3650.0,0,0.0,0.0
2024-07-10 12:00:00+09:00,3650.0,3650.0,3630.0,3630.0,4400,0.0,0.0
2024-07-10 13:00:00+09:00,3625.0,3625.0,3615.0,3615.0,2100,0.0,0.0
2024-07-10 14:00:00+09:00,3625.0,3645.0,3620.0,3645.0,4100,0.0,0.0
2024-07-11 09:00:00+09:00,3685.0,3690.0,3665.0,3665.0,4000,0.0,0.0
2024-07-11 10:00:00+09:00,3660.0,3670.0,3660.0,3670.0,400,0.0,0.0
2024-07-11 11:00:00+09:00,3680.0,3680.0,3670.0,3675.0,0,0.0,0.0
2024-07-11 12:00:00+09:00,3665.0,3700.0,3665.0,3700.0,8500,0.0,0.0
2024-07-11 13:00:00+09:00,3700.0,3700.0,3695.0,3700.0,900,0.0,0.0
2024-07-11 14:00:00+09:00,3700.0,3710.0,3700.0,3710.0,2100,0.0,0.0
2024-07-12 09:00:00+09:00,3715.0,3785.0,3690.0,3750.0,17300,0.0,0.0
2024-07-12 10:00:00+09:00,3740.0,3760.0,3735.0,3755.0,3700,0.0,0.0
2024-07-12 11:00:00+09:00,3750.0,3755.0,3740.0,3755.0,0,0.0,0.0
2024-07-12 12:00:00+09:00,3765.0,3765.0,3750.0,3750.0,23300,0.0,0.0
2024-07-12 13:00:00+09:00,3760.0,3780.0,3755.0,3780.0,1900,0.0,0.0
2024-07-12 14:00:00+09:00,3780.0,3785.0,3760.0,3770.0,4300,0.0,0.0
2024-07-16 09:00:00+09:00,3800.0,3845.0,3775.0,3815.0,9400,0.0,0.0
2024-07-16 10:00:00+09:00,3820.0,3820.0,3815.0,3815.0,1100,0.0,0.0
2024-07-16 11:00:00+09:00,3815.0,3825.0,3810.0,3825.0,0,0.0,0.0
2024-07-16 12:00:00+09:00,3820.0,3820.0,3815.0,3815.0,12500,0.0,0.0
2024-07-16 13:00:00+09:00,3805.0,3805.0,3800.0,3800.0,1900,0.0,0.0
2024-07-16 14:00:00+09:00,3790.0,3795.0,3790.0,3795.0,800,0.0,0.0
2024-07-17 09:00:00+09:00,3835.0,3835.0,3795.0,3825.0,3700,0.0,0.0
2024-07-17 10:00:00+09:00,3805.0,3825.0,3805.0,3825.0,1000,0.0,0.0
2024-07-17 11:00:00+09:00,3810.0,3810.0,3810.0,3810.0,0,0.0,0.0
2024-07-17 12:00:00+09:00,3810.0,3810.0,3805.0,3805.0,5500,0.0,0.0
2024-07-17 13:00:00+09:00,3800.0,3815.0,3795.0,3800.0,1700,0.0,0.0
2024-07-17 14:00:00+09:00,3805.0,3815.0,3800.0,3810.0,2100,0.0,0.0
2024-07-18 09:00:00+09:00,3775.0,3790.0,3775.0,3790.0,1300,0.0,0.0
2024-07-18 10:00:00+09:00,3795.0,3805.0,3795.0,3805.0,200,0.0,0.0
2024-07-18 11:00:00+09:00,3805.0,3805.0,3805.0,3805.0,0,0.0,0.0
2024-07-18 12:00:00+09:00,3815.0,3815.0,3795.0,3795.0,2500,0.0,0.0
2024-07-18 13:00:00+09:00,3795.0,3800.0,3795.0,3800.0,200,0.0,0.0
2024-07-18 14:00:00+09:00,3795.0,3810.0,3780.0,3790.0,4800,0.0,0.0
2024-07-19 09:00:00+09:00,3815.0,3815.0,3785.0,3800.0,2800,0.0,0.0
2024-07-19 10:00:00+09:00,3800.0,3800.0,3745.0,3750.0,3700,0.0,0.0
2024-07-19 11:00:00+09:00,3750.0,3755.0,3725.0,3745.0,0,0.0,0.0
2024-07-19 12:00:00+09:00,3740.0,3750.0,3725.0,3740.0,9800,0.0,0.0
2024-07-19 13:00:00+09:00,3740.0,3755.0,3705.0,3755.0,6200,0.0,0.0
2024-07-19 14:00:00+09:00,3755.0,3770.0,3750.0,3770.0,3000,0.0,0.0
2024-07-22 09:00:00+09:00,3775.0,3775.0,3700.0,3700.0,2300,0.0,0.0
2024-07-22 10:00:00+09:00,3705.0,3715.0,3700.0,3705.0,1900,0.0,0.0
2024-07-22 11:00:00+09:00,3710.0,3715.0,3710.0,3715.0,0,0.0,0.0
2024-07-22 12:00:00+09:00,3715.0,3725.0,3710.0,3710.0,6600,0.0,0.0
2024-07-22 13:00:00+09:00,3705.0,3715.0,3700.0,3710.0,2100,0.0,0.0
2024-07-22 14:00:00+09:00,3715.0,3715.0,3700.0,3700.0,2500,0.0,0.0
2024-07-23 09:00:00+09:00,3695.0,3725.0,3695.0,3695.0,1900,0.0,0.0
2024-07-23 10:00:00+09:00,3685.0,3695.0,3685.0,3695.0,500,0.0,0.0
2024-07-23 11:00:00+09:00,3690.0,3695.0,3685.0,3695.0,0,0.0,0.0
2024-07-23 12:00:00+09:00,3695.0,3695.0,3680.0,3680.0,4200,0.0,0.0
2024-07-23 13:00:00+09:00,3680.0,3690.0,3680.0,3690.0,1000,0.0,0.0
2024-07-23 14:00:00+09:00,3690.0,3705.0,3690.0,3700.0,1600,0.0,0.0
2024-07-24 09:00:00+09:00,3690.0,3700.0,3690.0,3695.0,1700,0.0,0.0
2024-07-24 10:00:00+09:00,3690.0,3690.0,3660.0,3660.0,1400,0.0,0.0
2024-07-24 11:00:00+09:00,3665.0,3670.0,3665.0,3670.0,0,0.0,0.0
2024-07-24 12:00:00+09:00,3660.0,3660.0,3650.0,3650.0,4600,0.0,0.0
2024-07-24 13:00:00+09:00,3650.0,3650.0,3630.0,3630.0,1600,0.0,0.0
2024-07-24 14:00:00+09:00,3630.0,3640.0,3620.0,3625.0,2400,0.0,0.0
2024-07-25 09:00:00+09:00,3595.0,3595.0,3550.0,3560.0,6200,0.0,0.0
2024-07-25 10:00:00+09:00,3565.0,3575.0,3550.0,3575.0,1900,0.0,0.0
2024-07-25 11:00:00+09:00,3575.0,3590.0,3575.0,3590.0,0,0.0,0.0
2024-07-25 12:00:00+09:00,3590.0,3600.0,3570.0,3570.0,9600,0.0,0.0
2024-07-25 13:00:00+09:00,3585.0,3590.0,3580.0,3580.0,1200,0.0,0.0
2024-07-25 14:00:00+09:00,3580.0,3585.0,3565.0,3565.0,2500,0.0,0.0
2024-07-26 09:00:00+09:00,3580.0,3600.0,3540.0,3545.0,11500,0.0,0.0
2024-07-26 10:00:00+09:00,3550.0,3565.0,3540.0,3545.0,2300,0.0,0.0
2024-07-26 11:00:00+09:00,3545.0,3565.0,3545.0,3565.0,0,0.0,0.0
2024-07-26 12:00:00+09:00,3575.0,3575.0,3565.0,3565.0,15700,0.0,0.0
2024-07-26 13:00:00+09:00,3565.0,3570.0,3560.0,3565.0,1200,0.0,0.0
2024-07-26 14:00:00+09:00,3560.0,3565.0,3540.0,3540.0,2900,0.0,0.0
2024-07-29 09:00:00+09:00,3580.0,3645.0,3555.0,3645.0,4500,0.0,0.0
2024-07-29 10:00:00+09:00,3635.0,3640.0,3630.0,3635.0,2000,0.0,0.0
2024-07-29 11:00:00+09:00,3630.0,3630.0,3625.0,3625.0,0,0.0,0.0
2024-07-29 12:00:00+09:00,3640.0,3640.0,3620.0,3630.0,8600,0.0,0.0
2024-07-29 13:00:00+09:00,3625.0,3635.0,3615.0,3615.0,3200,0.0,0.0
2024-07-29 14:00:00+09:00,3620.0,3640.0,3615.0,3640.0,4300,0.0,0.0
2024-07-30 09:00:00+09:00,3645.0,3665.0,3635.0,3655.0,10800,0.0,0.0
2024-07-30 10:00:00+09:00,3645.0,3650.0,3625.0,3630.0,2700,0.0,0.0
2024-07-30 11:00:00+09:00,3625.0,3630.0,3615.0,3615.0,0,0.0,0.0
2024-07-30 12:00:00+09:00,3620.0,3630.0,3620.0,3625.0,16200,0.0,0.0
2024-07-30 13:00:00+09:00,3630.0,3645.0,3625.0,3640.0,3100,0.0,0.0
2024-07-30 14:00:00+09:00,3645.0,3740.0,3640.0,3730.0,22900,0.0,0.0
2024-07-31 09:00:00+09:00,3675.0,3790.0,3665.0,3775.0,19000,0.0,0.0
2024-07-31 10:00:00+09:00,3780.0,3785.0,3765.0,3775.0,3200,0.0,0.0
2024-07-31 11:00:00+09:00,3765.0,3780.0,3765.0,3780.0,0,0.0,0.0
2024-07-31 12:00:00+09:00,3795.0,3795.0,3740.0,3740.0,28900,0.0,0.0
2024-07-31 13:00:00+09:00,3760.0,3795.0,3760.0,3795.0,2800,0.0,0.0
2024-07-31 14:00:00+09:00,3795.0,3850.0,3785.0,3850.0,15200,0.0,0.0
2024-08-01 09:00:00+09:00,3990.0,3990.0,3755.0,3775.0,51500,0.0,0.0
2024-08-01 10:00:00+09:00,3775.0,3775.0,3715.0,3745.0,11300,0.0,0.0
2024-08-01 11:00:00+09:00,3750.0,3800.0,3750.0,3785.0,0,0.0,0.0
2024-08-01 12:00:00+09:00,3775.0,3785.0,3755.0,3785.0,74800,0.0,0.0
2024-08-01 13:00:00+09:00,3790.0,3800.0,3780.0,3795.0,5200,0.0,0.0
2024-08-01 14:00:00+09:00,3795.0,3805.0,3770.0,3775.0,9300,0.0,0.0
2024-08-02 09:00:00+09:00,3585.0,3615.0,3570.0,3615.0,18400,0.0,0.0
2024-08-02 10:00:00+09:00,3620.0,3735.0,3605.0,3735.0,9700,0.0,0.0
2024-08-02 11:00:00+09:00,3730.0,3740.0,3685.0,3695.0,0,0.0,0.0
2024-08-02 12:00:00+09:00,3715.0,3715.0,3695.0,3710.0,35400,0.0,0.0
2024-08-02 13:00:00+09:00,3710.0,3715.0,3670.0,3675.0,5200,0.0,0.0
2024-08-02 14:00:00+09:00,3680.0,3680.0,3625.0,3625.0,7700,0.0,0.0
2024-08-05 09:00:00+09:00,3470.0,3480.0,3375.0,3410.0,19800,0.0,0.0
2024-08-05 10:00:00+09:00,3415.0,3430.0,3375.0,3390.0,7700,0.0,0.0
2024-08-05 11:00:00+09:00,3405.0,3435.0,3395.0,3435.0,0,0.0,0.0
2024-08-05 12:00:00+09:00,3435.0,3440.0,3380.0,3380.0,37300,0.0,0.0
2024-08-05 13:00:00+09:00,3375.0,3375.0,3250.0,3250.0,0,0.0,0.0
2024-08-05 14:00:00+09:00,3225.0,3350.0,3100.0,3310.0,67400,0.0,0.0
2024-08-06 09:00:00+09:00,3240.0,3405.0,3230.0,3395.0,24000,0.0,0.0
2024-08-06 10:00:00+09:00,3410.0,3430.0,3270.0,3310.0,10800,0.0,0.0
2024-08-06 11:00:00+09:00,3335.0,3365.0,3335.0,3365.0,0,0.0,0.0
2024-08-06 12:00:00+09:00,3385.0,3390.0,3365.0,3370.0,41200,0.0,0.0
2024-08-06 13:00:00+09:00,3370.0,3380.0,3300.0,3300.0,0,0.0,0.0
2024-08-06 14:00:00+09:00,3300.0,3395.0,3270.0,3355.0,53700,0.0,0.0
2024-08-07 09:00:00+09:00,3320.0,3445.0,3320.0,3415.0,11000,0.0,0.0
2024-08-07 10:00:00+09:00,3400.0,3500.0,3395.0,3485.0,6000,0.0,0.0
2024-08-07 11:00:00+09:00,3485.0,3490.0,3455.0,3455.0,0,0.0,0.0
2024-08-07 12:00:00+09:00,3445.0,3495.0,3445.0,3485.0,28200,0.0,0.0
2024-08-07 13:00:00+09:00,3490.0,3490.0,3460.0,3465.0,3200,0.0,0.0
2024-08-07 14:00:00+09:00,3470.0,3485.0,3405.0,3405.0,0,0.0,0.0
2024-08-08 09:00:00+09:00,3400.0,3430.0,3365.0,3390.0,8700,0.0,0.0
2024-08-08 10:00:00+09:00,3400.0,3420.0,3385.0,3415.0,2800,0.0,0.0
2024-08-08 11:00:00+09:00,3410.0,3450.0,3410.0,3440.0,0,0.0,0.0
2024-08-08 12:00:00+09:00,3450.0,3485.0,3450.0,3470.0,16600,0.0,0.0
2024-08-08 13:00:00+09:00,3470.0,3475.0,3460.0,3465.0,3900,0.0,0.0
2024-08-08 14:00:00+09:00,3475.0,3475.0,3445.0,3455.0,9100,0.0,0.0
2024-08-09 09:00:00+09:00,3510.0,3590.0,3510.0,3570.0,17000,0.0,0.0
2024-08-09 10:00:00+09:00,3555.0,3580.0,3545.0,3555.0,3500,0.0,0.0
2024-08-09 11:00:00+09:00,3550.0,3555.0,3540.0,3550.0,0,0.0,0.0
2024-08-09 12:00:00+09:00,3545.0,3565.0,3535.0,3535.0,23300,0.0,0.0
2024-08-09 13:00:00+09:00,3520.0,3525.0,3465.0,3465.0,3900,0.0,0.0
2024-08-09 14:00:00+09:00,3470.0,3545.0,3470.0,3515.0,5000,0.0,0.0
2024-08-13 09:00:00+09:00,3500.0,3580.0,3495.0,3580.0,9000,0.0,0.0
2024-08-13 10:00:00+09:00,3575.0,3610.0,3575.0,3605.0,4700,0.0,0.0
2024-08-13 11:00:00+09:00,3600.0,3600.0,3570.0,3570.0,0,0.0,0.0
2024-08-13 12:00:00+09:00,3570.0,3605.0,3570.0,3605.0,17500,0.0,0.0
2024-08-13 13:00:00+09:00,3595.0,3600.0,3585.0,3595.0,1900,0.0,0.0
2024-08-13 14:00:00+09:00,3600.0,3615.0,3590.0,3600.0,4200,0.0,0.0
2024-08-14 09:00:00+09:00,3635.0,3655.0,3590.0,3630.0,6000,0.0,0.0
2024-08-14 10:00:00+09:00,3645.0,3670.0,3640.0,3655.0,3300,0.0,0.0
2024-08-14 11:00:00+09:00,3665.0,3665.0,3635.0,3640.0,0,0.0,0.0
2024-08-14 12:00:00+09:00,3620.0,3640.0,3620.0,3630.0,11700,0.0,0.0
2024-08-14 13:00:00+09:00,3630.0,3640.0,3620.0,3625.0,1600,0.0,0.0
2024-08-14 14:00:00+09:00,3620.0,3630.0,3615.0,3625.0,2600,0.0,0.0
2024-08-15 09:00:00+09:00,3630.0,3645.0,3600.0,3630.0,9300,0.0,0.0
2024-08-15 10:00:00+09:00,3630.0,3650.0,3630.0,3650.0,1400,0.0,0.0
2024-08-15 11:00:00+09:00,3655.0,3660.0,3655.0,3655.0,0,0.0,0.0
2024-08-15 12:00:00+09:00,3660.0,3665.0,3655.0,3655.0,11800,0.0,0.0
2024-08-15 13:00:00+09:00,3655.0,3655.0,3635.0,3640.0,1500,0.0,0.0
2024-08-15 14:00:00+09:00,3640.0,3650.0,3630.0,3650.0,2200,0.0,0.0
2024-08-16 09:00:00+09:00,3660.0,3685.0,3655.0,3665.0,4800,0.0,0.0
2024-08-16 10:00:00+09:00,3670.0,3685.0,3670.0,3680.0,3700,0.0,0.0
2024-08-16 11:00:00+09:00,3690.0,3690.0,3675.0,3685.0,0,0.0,0.0
2024-08-16 12:00:00+09:00,3670.0,3685.0,3670.0,3675.0,13700,0.0,0.0
2024-08-16 13:00:00+09:00,3675.0,3680.0,3670.0,3675.0,2400,0.0,0.0
2024-08-16 14:00:00+09:00,3680.0,3685.0,3670.0,3670.0,4200,0.0,0.0
