Datetime,Open,High,Low,Close,Volume,Dividends,Stock Splits
2022-08-18 09:00:00+09:00,2298.0,2298.0,2255.0,2269.0,4300,0.0,0.0
2022-08-18 10:00:00+09:00,2279.0,2284.0,2271.0,2271.0,3200,0.0,0.0
2022-08-18 11:00:00+09:00,2267.0,2267.0,2255.0,2259.0,0,0.0,0.0
2022-08-18 12:00:00+09:00,2253.0,2269.0,2253.0,2268.0,11400,0.0,0.0
2022-08-18 13:00:00+09:00,2263.0,2280.0,2263.0,2276.0,4000,0.0,0.0
2022-08-18 14:00:00+09:00,2273.0,2285.0,2273.0,2280.0,3100,0.0,0.0
2022-08-19 09:00:00+09:00,2275.0,2330.0,2272.0,2322.0,8800,0.0,0.0
2022-08-19 10:00:00+09:00,2325.0,2325.0,2302.0,2324.0,5200,0.0,0.0
2022-08-19 11:00:00+09:00,2323.0,2334.0,2316.0,2316.0,0,0.0,0.0
2022-08-19 12:00:00+09:00,2316.0,2328.0,2316.0,2328.0,19200,0.0,0.0
2022-08-19 13:00:00+09:00,2327.0,2330.0,2323.0,2327.0,1600,0.0,0.0
2022-08-19 14:00:00+09:00,2329.0,2339.0,2329.0,2336.0,1600,0.0,0.0
2022-08-22 09:00:00+09:00,2299.0,2336.0,2298.0,2336.0,4000,0.0,0.0
2022-08-22 10:00:00+09:00,2336.0,2339.0,2329.0,2329.0,1100,0.0,0.0
2022-08-22 11:00:00+09:00,2330.0,2338.0,2330.0,2338.0,0,0.0,0.0
2022-08-22 12:00:00+09:00,2335.0,2338.0,2330.0,2330.0,5800,0.0,0.0
2022-08-22 13:00:00+09:00,2332.0,2332.0,2321.0,2321.0,1000,0.0,0.0
2022-08-22 14:00:00+09:00,2321.0,2322.0,2317.0,2322.0,1900,0.0,0.0
2022-08-23 09:00:00+09:00,2310.0,2310.0,2281.0,2284.0,2500,0.0,0.0
2022-08-23 10:00:00+09:00,2287.0,2287.0,2280.0,2280.0,1000,0.0,0.0
2022-08-23 11:00:00+09:00,2279.0,2282.0,2278.0,2282.0,0,0.0,0.0
2022-08-23 12:00:00+09:00,2279.0,2279.0,2279.0,2279.0,4000,0.0,0.0
2022-08-23 13:00:00+09:00,2293.0,2296.0,2287.0,2290.0,1400,0.0,0.0
2022-08-23 14:00:00+09:00,2285.0,2286.0,2282.0,2286.0,1100,0.0,0.0
2022-08-24 09:00:00+09:00,2297.0,2307.0,2297.0,2305.0,1400,0.0,0.0
2022-08-24 10:00:00+09:00,2305.0,2307.0,2304.0,2304.0,400,0.0,0.0
2022-08-24 11:00:00+09:00,2306.0,2313.0,2306.0,2313.0,0,0.0,0.0
2022-08-24 12:00:00+09:00,2313.0,2317.0,2306.0,2309.0,4800,0.0,0.0
2022-08-24 14:00:00+09:00,2310.0,2310.0,2298.0,2304.0,1800,0.0,0.0
2022-08-25 09:00:00+09:00,2322.0,2322.0,2309.0,2317.0,1400,0.0,0.0
2022-08-25 10:00:00+09:00,2323.0,2323.0,2317.0,2317.0,300,0.0,0.0
2022-08-25 11:00:00+09:00,2317.0,2317.0,2317.0,2317.0,0,0.0,0.0
2022-08-25 12:00:00+09:00,2317.0,2317.0,2317.0,2317.0,2700,0.0,0.0
2022-08-25 13:00:00+09:00,2299.0,2299.0,2294.0,2299.0,1200,0.0,0.0
2022-08-25 14:00:00+09:00,2291.0,2291.0,2288.0,2288.0,200,0.0,0.0
2022-08-26 09:00:00+09:00,2317.0,2321.0,2290.0,2305.0,0,0.0,0.0
2022-08-26 10:00:00+09:00,2315.0,2340.0,2315.0,2323.0,12400,0.0,0.0
2022-08-26 11:00:00+09:00,2314.0,2332.0,2314.0,2324.0,0,0.0,0.0
2022-08-26 12:00:00+09:00,2338.0,2350.0,2334.0,2346.0,16200,0.0,0.0
2022-08-26 13:00:00+09:00,2344.0,2357.0,2340.0,2353.0,2600,0.0,0.0
2022-08-26 14:00:00+09:00,2350.0,2354.0,2348.0,2354.0,1500,0.0,0.0
2022-08-29 09:00:00+09:00,2319.0,2349.0,2300.0,2349.0,4900,0.0,0.0
2022-08-29 10:00:00+09:00,2345.0,2345.0,2326.0,2336.0,2000,0.0,0.0
2022-08-29 11:00:00+09:00,2338.0,2339.0,2332.0,2339.0,0,0.0,0.0
2022-08-29 12:00:00+09:00,2343.0,2344.0,2343.0,2344.0,8600,0.0,0.0
2022-08-29 13:00:00+09:00,2341.0,2341.0,2337.0,2340.0,0,0.0,0.0
2022-08-29 14:00:00+09:00,2341.0,2341.0,2327.0,2330.0,12800,0.0,0.0
2022-08-30 09:00:00+09:00,2342.0,2342.0,2342.0,2342.0,100,0.0,0.0
2022-08-30 11:00:00+09:00,2342.0,2342.0,2342.0,2342.0,0,0.0,0.0
2022-08-30 12:00:00+09:00,2325.0,2338.0,2325.0,2332.0,900,0.0,0.0
2022-08-30 13:00:00+09:00,2329.0,2331.0,2321.0,2321.0,1000,0.0,0.0
2022-08-30 14:00:00+09:00,2316.0,2325.0,2310.0,2316.0,3200,0.0,0.0
2022-08-31 09:00:00+09:00,2321.0,2324.0,2314.0,2314.0,500,0.0,0.0
2022-08-31 10:00:00+09:00,2321.0,2321.0,2321.0,2321.0,100,0.0,0.0
2022-08-31 11:00:00+09:00,2321.0,2321.0,2321.0,2321.0,0,0.0,0.0
2022-08-31 12:00:00+09:00,2324.0,2324.0,2324.0,2324.0,700,0.0,0.0
2022-08-31 13:00:00+09:00,2323.0,2352.0,2323.0,2352.0,3100,0.0,0.0
2022-08-31 14:00:00+09:00,2348.0,2365.0,2347.0,2360.0,4000,0.0,0.0
2022-09-01 09:00:00+09:00,2331.0,2349.0,2322.0,2330.0,0,0.0,0.0
2022-09-01 10:00:00+09:00,2329.0,2343.0,2313.0,2320.0,9700,0.0,0.0
2022-09-01 11:00:00+09:00,2325.0,2328.0,2325.0,2328.0,0,0.0,0.0
2022-09-01 12:00:00+09:00,2328.0,2329.0,2321.0,2325.0,13500,0.0,0.0
2022-09-01 13:00:00+09:00,2322.0,2323.0,2316.0,2316.0,2600,0.0,0.0
2022-09-01 14:00:00+09:00,2315.0,2342.0,2315.0,2327.0,7700,0.0,0.0
2022-09-02 09:00:00+09:00,2302.0,2302.0,2251.0,2264.0,28600,0.0,0.0
2022-09-02 10:00:00+09:00,2261.0,2275.0,2255.0,2268.0,4200,0.0,0.0
2022-09-02 11:00:00+09:00,2262.0,2268.0,2256.0,2268.0,0,0.0,0.0
2022-09-02 12:00:00+09:00,2275.0,2277.0,2263.0,2263.0,34500,0.0,0.0
2022-09-02 13:00:00+09:00,2270.0,2294.0,2270.0,2288.0,4600,0.0,0.0
2022-09-02 14:00:00+09:00,2289.0,2289.0,2272.0,2272.0,3300,0.0,0.0
2022-09-05 09:00:00+09:00,2271.0,2281.0,2255.0,2268.0,0,0.0,0.0
2022-09-05 10:00:00+09:00,2271.0,2271.0,2265.0,2265.0,300,0.0,0.0
2022-09-05 11:00:00+09:00,2264.0,2274.0,2264.0,2274.0,0,0.0,0.0
2022-09-05 12:00:00+09:00,2276.0,2287.0,2274.0,2287.0,5400,0.0,0.0
2022-09-05 13:00:00+09:00,2283.0,2290.0,2276.0,2280.0,3000,0.0,0.0
2022-09-05 14:00:00+09:00,2278.0,2280.0,2260.0,2268.0,2900,0.0,0.0
2022-09-06 09:00:00+09:00,2266.0,2280.0,2252.0,2280.0,2600,0.0,0.0
2022-09-06 10:00:00+09:00,2276.0,2277.0,2276.0,2277.0,200,0.0,0.0
2022-09-06 11:00:00+09:00,2270.0,2280.0,2261.0,2273.0,0,0.0,0.0
2022-09-06 12:00:00+09:00,2258.0,2280.0,2258.0,2272.0,9100,0.0,0.0
2022-09-06 13:00:00+09:00,2272.0,2277.0,2260.0,2266.0,6400,0.0,0.0
2022-09-06 14:00:00+09:00,2260.0,2277.0,2257.0,2266.0,3600,0.0,0.0
2022-09-07 09:00:00+09:00,2258.0,2267.0,2233.0,2233.0,5700,0.0,0.0
2022-09-07 10:00:00+09:00,2238.0,2247.0,2238.0,2247.0,1600,0.0,0.0
2022-09-07 11:00:00+09:00,2244.0,2250.0,2242.0,2246.0,0,0.0,0.0
2022-09-07 12:00:00+09:00,2253.0,2255.0,2248.0,2249.0,9300,0.0,0.0
2022-09-07 13:00:00+09:00,2255.0,2270.0,2242.0,2270.0,3700,0.0,0.0
2022-09-07 14:00:00+09:00,2270.0,2282.0,2265.0,2266.0,3200,0.0,0.0
2022-09-08 09:00:00+09:00,2263.0,2303.0,2263.0,2303.0,900,0.0,0.0
2022-09-08 10:00:00+09:00,2312.0,2314.0,2299.0,2306.0,2300,0.0,0.0
2022-09-08 11:00:00+09:00,2300.0,2306.0,2299.0,2306.0,0,0.0,0.0
2022-09-08 12:00:00+09:00,2308.0,2308.0,2292.0,2292.0,4700,0.0,0.0
2022-09-08 13:00:00+09:00,2294.0,2296.0,2286.0,2286.0,1800,0.0,0.0
2022-09-08 14:00:00+09:00,2288.0,2302.0,2288.0,2296.0,2100,0.0,0.0
2022-09-09 09:00:00+09:00,2286.0,2288.0,2266.0,2268.0,9600,0.0,0.0
2022-09-09 10:00:00+09:00,2275.0,2276.0,2267.0,2274.0,1100,0.0,0.0
2022-09-09 11:00:00+09:00,2274.0,2279.0,2273.0,2279.0,0,0.0,0.0
2022-09-09 12:00:00+09:00,2279.0,2280.0,2274.0,2274.0,11700,0.0,0.0
2022-09-09 13:00:00+09:00,2271.0,2275.0,2263.0,2268.0,4200,0.0,0.0
2022-09-09 14:00:00+09:00,2269.0,2283.0,2269.0,2276.0,7300,0.0,0.0
2022-09-12 09:00:00+09:00,2302.0,2315.0,2291.0,2295.0,0,0.0,0.0
2022-09-12 10:00:00+09:00,2291.0,2291.0,2278.0,2278.0,2100,0.0,0.0
2022-09-12 11:00:00+09:00,2277.0,2284.0,2273.0,2283.0,0,0.0,0.0
2022-09-12 12:00:00+09:00,2272.0,2283.0,2272.0,2281.0,16100,0.0,0.0
2022-09-12 13:00:00+09:00,2282.0,2288.0,2282.0,2288.0,600,0.0,0.0
2022-09-12 14:00:00+09:00,2285.0,2285.0,2281.0,2283.0,1100,0.0,0.0
2022-09-13 09:00:00+09:00,2286.0,2286.0,2267.0,2274.0,2100,0.0,0.0
2022-09-13 10:00:00+09:00,2277.0,2281.0,2275.0,2275.0,1500,0.0,0.0
2022-09-13 11:00:00+09:00,2279.0,2281.0,2279.0,2281.0,0,0.0,0.0
2022-09-13 12:00:00+09:00,2275.0,2284.0,2266.0,2273.0,7200,0.0,0.0
2022-09-13 13:00:00+09:00,2273.0,2278.0,2272.0,2273.0,1200,0.0,0.0
2022-09-13 14:00:00+09:00,2280.0,2283.0,2273.0,2274.0,2800,0.0,0.0
2022-09-14 09:00:00+09:00,2240.0,2244.0,2224.0,2244.0,4300,0.0,0.0
2022-09-14 10:00:00+09:00,2247.0,2249.0,2239.0,2240.0,2100,0.0,0.0
2022-09-14 11:00:00+09:00,2247.0,2253.0,2247.0,2253.0,0,0.0,0.0
2022-09-14 12:00:00+09:00,2253.0,2256.0,2242.0,2242.0,8600,0.0,0.0
2022-09-14 13:00:00+09:00,2242.0,2247.0,2237.0,2244.0,1000,0.0,0.0
2022-09-14 14:00:00+09:00,2247.0,2253.0,2232.0,2237.0,4600,0.0,0.0
2022-09-15 09:00:00+09:00,2236.0,2242.0,2232.0,2242.0,1100,0.0,0.0
2022-09-15 10:00:00+09:00,2232.0,2239.0,2232.0,2239.0,700,0.0,0.0
2022-09-15 11:00:00+09:00,2236.0,2243.0,2236.0,2243.0,0,0.0,0.0
2022-09-15 12:00:00+09:00,2243.0,2249.0,2231.0,2232.0,2900,0.0,0.0
2022-09-15 13:00:00+09:00,2230.0,2230.0,2230.0,2230.0,100,0.0,0.0
2022-09-15 14:00:00+09:00,2229.0,2243.0,2229.0,2243.0,3200,0.0,0.0
2022-09-16 09:00:00+09:00,2223.0,2240.0,2212.0,2221.0,4200,0.0,0.0
2022-09-16 10:00:00+09:00,2215.0,2219.0,2204.0,2218.0,2800,0.0,0.0
2022-09-16 11:00:00+09:00,2217.0,2221.0,2209.0,2210.0,0,0.0,0.0
2022-09-16 12:00:00+09:00,2210.0,2212.0,2203.0,2205.0,11600,0.0,0.0
2022-09-16 13:00:00+09:00,2203.0,2205.0,2189.0,2200.0,4700,0.0,0.0
2022-09-16 14:00:00+09:00,2193.0,2196.0,2193.0,2193.0,1000,0.0,0.0
2022-09-20 09:00:00+09:00,2185.0,2227.0,2180.0,2219.0,0,0.0,0.0
2022-09-20 10:00:00+09:00,2215.0,2227.0,2212.0,2219.0,2100,0.0,0.0
2022-09-20 11:00:00+09:00,2214.0,2214.0,2212.0,2212.0,0,0.0,0.0
2022-09-20 12:00:00+09:00,2206.0,2215.0,2206.0,2215.0,6300,0.0,0.0
2022-09-20 13:00:00+09:00,2212.0,2218.0,2212.0,2218.0,1400,0.0,0.0
2022-09-20 14:00:00+09:00,2216.0,2224.0,2215.0,2224.0,3100,0.0,0.0
2022-09-21 09:00:00+09:00,2203.0,2208.0,2171.0,2185.0,3200,0.0,0.0
2022-09-21 10:00:00+09:00,2183.0,2192.0,2176.0,2181.0,3200,0.0,0.0
2022-09-21 11:00:00+09:00,2182.0,2195.0,2182.0,2195.0,0,0.0,0.0
2022-09-21 12:00:00+09:00,2190.0,2216.0,2177.0,2198.0,10400,0.0,0.0
2022-09-21 13:00:00+09:00,2211.0,2211.0,2203.0,2210.0,900,0.0,0.0
2022-09-21 14:00:00+09:00,2208.0,2212.0,2204.0,2204.0,1300,0.0,0.0
2022-09-22 09:00:00+09:00,2211.0,2211.0,2197.0,2197.0,700,0.0,0.0
2022-09-22 10:00:00+09:00,2205.0,2205.0,2185.0,2185.0,2000,0.0,0.0
2022-09-22 11:00:00+09:00,2182.0,2182.0,2180.0,2182.0,0,0.0,0.0
2022-09-22 12:00:00+09:00,2185.0,2197.0,2185.0,2194.0,4600,0.0,0.0
2022-09-22 13:00:00+09:00,2191.0,2199.0,2188.0,2196.0,2600,0.0,0.0
2022-09-22 14:00:00+09:00,2193.0,2206.0,2193.0,2206.0,2500,0.0,0.0
2022-09-26 09:00:00+09:00,2205.0,2210.0,2171.0,2175.0,4300,0.0,0.0
2022-09-26 10:00:00+09:00,2173.0,2174.0,2167.0,2167.0,700,0.0,0.0
2022-09-26 11:00:00+09:00,2168.0,2172.0,2168.0,2172.0,0,0.0,0.0
2022-09-26 12:00:00+09:00,2172.0,2222.0,2172.0,2183.0,8100,0.0,0.0
2022-09-26 13:00:00+09:00,2171.0,2171.0,2155.0,2155.0,1200,0.0,0.0
2022-09-26 14:00:00+09:00,2153.0,2176.0,2152.0,2165.0,5300,0.0,0.0
2022-09-27 09:00:00+09:00,2185.0,2210.0,2181.0,2186.0,2600,0.0,0.0
2022-09-27 10:00:00+09:00,2194.0,2199.0,2186.0,2193.0,2500,0.0,0.0
2022-09-27 11:00:00+09:00,2186.0,2195.0,2186.0,2195.0,0,0.0,0.0
2022-09-27 12:00:00+09:00,2185.0,2185.0,2185.0,2185.0,6000,0.0,0.0
2022-09-27 13:00:00+09:00,2173.0,2176.0,2168.0,2168.0,1500,0.0,0.0
2022-09-27 14:00:00+09:00,2166.0,2166.0,2161.0,2162.0,2000,0.0,0.0
2022-09-28 09:00:00+09:00,2146.0,2181.0,2145.0,2166.0,2700,0.0,0.0
2022-09-28 10:00:00+09:00,2166.0,2170.0,2148.0,2152.0,2200,0.0,0.0
2022-09-28 11:00:00+09:00,2148.0,2148.0,2129.0,2129.0,0,0.0,0.0
2022-09-28 12:00:00+09:00,2134.0,2141.0,2131.0,2141.0,7700,0.0,0.0
2022-09-28 13:00:00+09:00,2139.0,2146.0,2137.0,2144.0,1200,0.0,0.0
2022-09-28 14:00:00+09:00,2144.0,2178.0,2132.0,2178.0,6300,0.0,0.0
2022-09-29 09:00:00+09:00,2179.0,2179.0,2155.0,2155.0,2000,0.0,0.0
2022-09-29 10:00:00+09:00,2162.0,2166.0,2162.0,2163.0,700,0.0,0.0
2022-09-29 11:00:00+09:00,2155.0,2162.0,2149.0,2152.0,0,0.0,0.0
2022-09-29 12:00:00+09:00,2146.0,2154.0,2142.0,2142.0,5900,0.0,0.0
2022-09-29 13:00:00+09:00,2146.0,2152.0,2142.0,2149.0,3100,0.0,0.0
2022-09-29 14:00:00+09:00,2146.0,2146.0,2139.0,2143.0,3000,0.0,0.0
2022-09-30 09:00:00+09:00,2139.0,2157.0,2128.0,2130.0,0,0.0,0.0
2022-09-30 10:00:00+09:00,2122.0,2145.0,2117.0,2137.0,9300,0.0,0.0
2022-09-30 11:00:00+09:00,2137.0,2138.0,2125.0,2136.0,0,0.0,0.0
2022-09-30 12:00:00+09:00,2136.0,2136.0,2110.0,2110.0,11700,0.0,0.0
2022-09-30 13:00:00+09:00,2106.0,2114.0,2105.0,2114.0,1600,0.0,0.0
2022-09-30 14:00:00+09:00,2117.0,2120.0,2103.0,2103.0,2300,0.0,0.0
2022-10-03 09:00:00+09:00,2102.0,2102.0,2082.0,2082.0,700,0.0,0.0
2022-10-03 10:00:00+09:00,2087.0,2116.0,2087.0,2108.0,4300,0.0,0.0
2022-10-03 11:00:00+09:00,2105.0,2105.0,2093.0,2095.0,0,0.0,0.0
2022-10-03 12:00:00+09:00,2088.0,2104.0,2088.0,2098.0,9800,0.0,0.0
2022-10-03 13:00:00+09:00,2097.0,2108.0,2096.0,2103.0,6800,0.0,0.0
2022-10-03 14:00:00+09:00,2100.0,2110.0,2098.0,2105.0,3000,0.0,0.0
2022-10-04 09:00:00+09:00,2142.0,2173.0,2142.0,2169.0,1700,0.0,0.0
2022-10-04 10:00:00+09:00,2171.0,2183.0,2166.0,2166.0,2500,0.0,0.0
2022-10-04 11:00:00+09:00,2171.0,2172.0,2171.0,2172.0,0,0.0,0.0
2022-10-04 12:00:00+09:00,2161.0,2175.0,2161.0,2165.0,6700,0.0,0.0
2022-10-04 13:00:00+09:00,2168.0,2182.0,2159.0,2173.0,7000,0.0,0.0
2022-10-04 14:00:00+09:00,2175.0,2182.0,2173.0,2175.0,2200,0.0,0.0
2022-10-05 09:00:00+09:00,2178.0,2191.0,2176.0,2183.0,2800,0.0,0.0
2022-10-05 10:00:00+09:00,2191.0,2203.0,2190.0,2197.0,1100,0.0,0.0
2022-10-05 11:00:00+09:00,2199.0,2199.0,2197.0,2197.0,0,0.0,0.0
2022-10-05 12:00:00+09:00,2189.0,2202.0,2189.0,2193.0,6100,0.0,0.0
2022-10-05 13:00:00+09:00,2189.0,2190.0,2167.0,2177.0,4600,0.0,0.0
2022-10-05 14:00:00+09:00,2175.0,2187.0,2175.0,2176.0,3400,0.0,0.0
2022-10-06 09:00:00+09:00,2170.0,2199.0,2170.0,2199.0,700,0.0,0.0
2022-10-06 10:00:00+09:00,2210.0,2212.0,2190.0,2190.0,2200,0.0,0.0
2022-10-06 11:00:00+09:00,2190.0,2190.0,2190.0,2190.0,0,0.0,0.0
2022-10-06 12:00:00+09:00,2183.0,2183.0,2155.0,2182.0,6100,0.0,0.0
2022-10-06 13:00:00+09:00,2187.0,2196.0,2186.0,2187.0,1200,0.0,0.0
2022-10-06 14:00:00+09:00,2197.0,2197.0,2178.0,2178.0,3000,0.0,0.0
2022-10-07 09:00:00+09:00,2150.0,2154.0,2118.0,2154.0,24800,0.0,0.0
2022-10-07 10:00:00+09:00,2166.0,2171.0,2162.0,2169.0,2000,0.0,0.0
2022-10-07 11:00:00+09:00,2168.0,2169.0,2168.0,2169.0,0,0.0,0.0
2022-10-07 12:00:00+09:00,2168.0,2179.0,2156.0,2173.0,30100,0.0,0.0
2022-10-07 13:00:00+09:00,2176.0,2181.0,2172.0,2181.0,2200,0.0,0.0
2022-10-07 14:00:00+09:00,2180.0,2182.0,2170.0,2170.0,3000,0.0,0.0
2022-10-11 09:00:00+09:00,2135.0,2145.0,2121.0,2130.0,5200,0.0,0.0
2022-10-11 10:00:00+09:00,2124.0,2129.0,2108.0,2113.0,5400,0.0,0.0
2022-10-11 11:00:00+09:00,2115.0,2116.0,2109.0,2109.0,0,0.0,0.0
2022-10-11 12:00:00+09:00,2108.0,2113.0,2102.0,2109.0,13000,0.0,0.0
2022-10-11 13:00:00+09:00,2107.0,2108.0,2098.0,2100.0,1700,0.0,0.0
2022-10-11 14:00:00+09:00,2098.0,2101.0,2093.0,2098.0,2500,0.0,0.0
2022-10-12 09:00:00+09:00,2098.0,2098.0,2072.0,2072.0,3100,0.0,0.0
2022-10-12 10:00:00+09:00,2077.0,2095.0,2077.0,2095.0,1900,0.0,0.0
2022-10-12 11:00:00+09:00,2096.0,2097.0,2089.0,2093.0,0,0.0,0.0
2022-10-12 12:00:00+09:00,2114.0,2114.0,2100.0,2103.0,7400,0.0,0.0
2022-10-12 13:00:00+09:00,2111.0,2120.0,2107.0,2118.0,3000,0.0,0.0
2022-10-12 14:00:00+09:00,2121.0,2130.0,2120.0,2123.0,2400,0.0,0.0
2022-10-13 09:00:00+09:00,2123.0,2123.0,2076.0,2093.0,2900,0.0,0.0
2022-10-13 10:00:00+09:00,2099.0,2099.0,2083.0,2092.0,1300,0.0,0.0
2022-10-13 11:00:00+09:00,2093.0,2093.0,2081.0,2081.0,0,0.0,0.0
2022-10-13 12:00:00+09:00,2091.0,2095.0,2091.0,2095.0,5600,0.0,0.0
2022-10-13 13:00:00+09:00,2094.0,2094.0,2069.0,2074.0,0,0.0,0.0
2022-10-13 14:00:00+09:00,2080.0,2089.0,2075.0,2086.0,13800,0.0,0.0
2022-10-14 09:00:00+09:00,2138.0,2138.0,2106.0,2123.0,3100,0.0,0.0
2022-10-14 10:00:00+09:00,2130.0,2132.0,2128.0,2128.0,1200,0.0,0.0
2022-10-14 11:00:00+09:00,2136.0,2140.0,2134.0,2140.0,0,0.0,0.0
2022-10-14 12:00:00+09:00,2157.0,2161.0,2153.0,2161.0,7400,0.0,0.0
2022-10-14 13:00:00+09:00,2165.0,2166.0,2152.0,2153.0,3700,0.0,0.0
2022-10-14 14:00:00+09:00,2153.0,2166.0,2153.0,2153.0,4500,0.0,0.0
2022-10-17 09:00:00+09:00,2132.0,2170.0,2132.0,2160.0,1100,0.0,0.0
2022-10-17 10:00:00+09:00,2169.0,2169.0,2147.0,2147.0,1500,0.0,0.0
2022-10-17 11:00:00+09:00,2146.0,2146.0,2146.0,2146.0,0,0.0,0.0
2022-10-17 12:00:00+09:00,2146.0,2150.0,2146.0,2147.0,4300,0.0,0.0
2022-10-17 13:00:00+09:00,2144.0,2145.0,2134.0,2138.0,1600,0.0,0.0
2022-10-17 14:00:00+09:00,2136.0,2145.0,2131.0,2142.0,1500,0.0,0.0
2022-10-18 09:00:00+09:00,2142.0,2168.0,2142.0,2162.0,2100,0.0,0.0
2022-10-18 10:00:00+09:00,2172.0,2173.0,2162.0,2162.0,4400,0.0,0.0
2022-10-18 11:00:00+09:00,2159.0,2160.0,2154.0,2160.0,0,0.0,0.0
2022-10-18 12:00:00+09:00,2170.0,2171.0,2163.0,2163.0,10200,0.0,0.0
2022-10-18 13:00:00+09:00,2165.0,2165.0,2165.0,2165.0,100,0.0,0.0
2022-10-18 14:00:00+09:00,2167.0,2175.0,2162.0,2162.0,1900,0.0,0.0
2022-10-19 09:00:00+09:00,2152.0,2163.0,2147.0,2162.0,800,0.0,0.0
2022-10-19 10:00:00+09:00,2156.0,2179.0,2156.0,2179.0,1100,0.0,0.0
2022-10-19 11:00:00+09:00,2179.0,2179.0,2179.0,2179.0,0,0.0,0.0
2022-10-19 12:00:00+09:00,2190.0,2190.0,2146.0,2146.0,0,0.0,0.0
2022-10-19 13:00:00+09:00,2164.0,2165.0,2156.0,2156.0,4500,0.0,0.0
2022-10-19 14:00:00+09:00,2163.0,2185.0,2146.0,2185.0,4200,0.0,0.0
2022-10-20 09:00:00+09:00,2150.0,2159.0,2150.0,2159.0,500,0.0,0.0
2022-10-20 10:00:00+09:00,2155.0,2155.0,2155.0,2155.0,300,0.0,0.0
2022-10-20 11:00:00+09:00,2150.0,2150.0,2146.0,2146.0,0,0.0,0.0
2022-10-20 12:00:00+09:00,2153.0,2153.0,2153.0,2153.0,1500,0.0,0.0
2022-10-20 13:00:00+09:00,2150.0,2171.0,2147.0,2153.0,3000,0.0,0.0
2022-10-20 14:00:00+09:00,2158.0,2179.0,2158.0,2164.0,2400,0.0,0.0
2022-10-21 09:00:00+09:00,2177.0,2177.0,2177.0,2177.0,300,0.0,0.0
2022-10-21 11:00:00+09:00,2177.0,2177.0,2177.0,2177.0,0,0.0,0.0
2022-10-21 12:00:00+09:00,2171.0,2171.0,2171.0,2171.0,400,0.0,0.0
2022-10-21 14:00:00+09:00,2154.0,2176.0,2152.0,2167.0,3900,0.0,0.0
2022-10-24 09:00:00+09:00,2168.0,2190.0,2161.0,2177.0,3800,0.0,0.0
2022-10-24 10:00:00+09:00,2172.0,2177.0,2150.0,2172.0,3700,0.0,0.0
2022-10-24 11:00:00+09:00,2171.0,2171.0,2165.0,2165.0,0,0.0,0.0
2022-10-24 12:00:00+09:00,2158.0,2172.0,2157.0,2162.0,9200,0.0,0.0
2022-10-24 13:00:00+09:00,2163.0,2168.0,2158.0,2160.0,1000,0.0,0.0
2022-10-24 14:00:00+09:00,2159.0,2159.0,2152.0,2152.0,1000,0.0,0.0
2022-10-25 09:00:00+09:00,2163.0,2184.0,2163.0,2180.0,1000,0.0,0.0
2022-10-25 10:00:00+09:00,2178.0,2186.0,2176.0,2182.0,3500,0.0,0.0
2022-10-25 11:00:00+09:00,2187.0,2187.0,2187.0,2187.0,0,0.0,0.0
2022-10-25 12:00:00+09:00,2168.0,2174.0,2168.0,2174.0,5200,0.0,0.0
2022-10-25 13:00:00+09:00,2192.0,2202.0,2192.0,2193.0,800,0.0,0.0
2022-10-25 14:00:00+09:00,2193.0,2194.0,2181.0,2181.0,2100,0.0,0.0
2022-10-26 09:00:00+09:00,2209.0,2209.0,2190.0,2192.0,4300,0.0,0.0
2022-10-26 10:00:00+09:00,2192.0,2192.0,2179.0,2191.0,3300,0.0,0.0
2022-10-26 11:00:00+09:00,2191.0,2198.0,2191.0,2198.0,0,0.0,0.0
2022-10-26 12:00:00+09:00,2191.0,2191.0,2176.0,2190.0,9200,0.0,0.0
2022-10-26 13:00:00+09:00,2188.0,2191.0,2185.0,2189.0,400,0.0,0.0
2022-10-26 14:00:00+09:00,2189.0,2200.0,2182.0,2182.0,3100,0.0,0.0
2022-10-27 09:00:00+09:00,2206.0,2206.0,2169.0,2169.0,2100,0.0,0.0
2022-10-27 10:00:00+09:00,2175.0,2175.0,2175.0,2175.0,100,0.0,0.0
2022-10-27 11:00:00+09:00,2170.0,2170.0,2170.0,2170.0,0,0.0,0.0
2022-10-27 12:00:00+09:00,2163.0,2171.0,2163.0,2171.0,3400,0.0,0.0
2022-10-27 13:00:00+09:00,2168.0,2171.0,2168.0,2171.0,200,0.0,0.0
2022-10-27 14:00:00+09:00,2173.0,2173.0,2159.0,2164.0,2300,0.0,0.0
2022-10-28 09:00:00+09:00,2162.0,2168.0,2113.0,2153.0,2900,0.0,0.0
2022-10-28 10:00:00+09:00,2158.0,2184.0,2158.0,2168.0,1800,0.0,0.0
2022-10-28 11:00:00+09:00,2162.0,2176.0,2160.0,2160.0,0,0.0,0.0
2022-10-28 12:00:00+09:00,2170.0,2178.0,2167.0,2170.0,9600,0.0,0.0
2022-10-28 13:00:00+09:00,2175.0,2195.0,2175.0,2195.0,2400,0.0,0.0
2022-10-28 14:00:00+09:00,2192.0,2198.0,2161.0,2167.0,8800,0.0,0.0
2022-10-31 09:00:00+09:00,2162.0,2215.0,2162.0,2195.0,2000,0.0,0.0
2022-10-31 10:00:00+09:00,2192.0,2192.0,2192.0,2192.0,100,0.0,0.0
2022-10-31 11:00:00+09:00,2193.0,2193.0,2193.0,2193.0,0,0.0,0.0
2022-10-31 12:00:00+09:00,2188.0,2218.0,2188.0,2218.0,3300,0.0,0.0
2022-10-31 13:00:00+09:00,2222.0,2266.0,2218.0,2266.0,4900,0.0,0.0
2022-10-31 14:00:00+09:00,2267.0,2271.0,2249.0,2256.0,2800,0.0,0.0
2022-11-01 09:00:00+09:00,2279.0,2289.0,2252.0,2286.0,3100,0.0,0.0
2022-11-01 10:00:00+09:00,2282.0,2282.0,2272.0,2277.0,2100,0.0,0.0
2022-11-01 11:00:00+09:00,2277.0,2277.0,2277.0,2277.0,0,0.0,0.0
2022-11-01 12:00:00+09:00,2277.0,2277.0,2277.0,2277.0,5500,0.0,0.0
2022-11-01 13:00:00+09:00,2277.0,2277.0,2266.0,2266.0,700,0.0,0.0
2022-11-01 14:00:00+09:00,2265.0,2270.0,2264.0,2264.0,1200,0.0,0.0
2022-11-02 09:00:00+09:00,2245.0,2263.0,2238.0,2263.0,1100,0.0,0.0
2022-11-02 10:00:00+09:00,2260.0,2263.0,2256.0,2256.0,400,0.0,0.0
2022-11-02 11:00:00+09:00,2255.0,2264.0,2255.0,2257.0,0,0.0,0.0
2022-11-02 12:00:00+09:00,2257.0,2257.0,2239.0,2239.0,3700,0.0,0.0
2022-11-02 13:00:00+09:00,2246.0,2255.0,2246.0,2247.0,2200,0.0,0.0
2022-11-02 14:00:00+09:00,2249.0,2261.0,2225.0,2225.0,7300,0.0,0.0
2022-11-04 09:00:00+09:00,2211.0,2235.0,2211.0,2213.0,3000,0.0,0.0
2022-11-04 10:00:00+09:00,2219.0,2221.0,2205.0,2221.0,2700,0.0,0.0
2022-11-04 11:00:00+09:00,2221.0,2224.0,2218.0,2223.0,0,0.0,0.0
2022-11-04 12:00:00+09:00,2224.0,2268.0,2224.0,2234.0,7500,0.0,0.0
2022-11-04 13:00:00+09:00,2222.0,2241.0,2219.0,2241.0,2700,0.0,0.0
2022-11-04 14:00:00+09:00,2248.0,2251.0,2235.0,2241.0,4000,0.0,0.0
2022-11-07 09:00:00+09:00,2282.0,2282.0,2255.0,2262.0,3000,0.0,0.0
2022-11-07 10:00:00+09:00,2271.0,2272.0,2256.0,2272.0,1300,0.0,0.0
2022-11-07 11:00:00+09:00,2278.0,2278.0,2271.0,2271.0,0,0.0,0.0
2022-11-07 12:00:00+09:00,2266.0,2280.0,2264.0,2280.0,6800,0.0,0.0
2022-11-07 13:00:00+09:00,2279.0,2279.0,2274.0,2276.0,800,0.0,0.0
2022-11-07 14:00:00+09:00,2273.0,2280.0,2273.0,2280.0,1700,0.0,0.0
2022-11-08 09:00:00+09:00,2305.0,2305.0,2289.0,2289.0,1400,0.0,0.0
2022-11-08 10:00:00+09:00,2298.0,2317.0,2298.0,2317.0,2000,0.0,0.0
2022-11-08 11:00:00+09:00,2317.0,2317.0,2317.0,2317.0,0,0.0,0.0
2022-11-08 12:00:00+09:00,2322.0,2322.0,2293.0,2317.0,5900,0.0,0.0
2022-11-08 13:00:00+09:00,2319.0,2321.0,2318.0,2319.0,700,0.0,0.0
2022-11-08 14:00:00+09:00,2318.0,2327.0,2318.0,2327.0,3400,0.0,0.0
2022-11-09 09:00:00+09:00,2330.0,2362.0,2330.0,2361.0,3200,0.0,0.0
2022-11-09 10:00:00+09:00,2362.0,2370.0,2360.0,2365.0,2500,0.0,0.0
2022-11-09 11:00:00+09:00,2368.0,2368.0,2362.0,2362.0,0,0.0,0.0
2022-11-09 12:00:00+09:00,2354.0,2368.0,2354.0,2365.0,8600,0.0,0.0
2022-11-09 13:00:00+09:00,2362.0,2362.0,2354.0,2358.0,3300,0.0,0.0
2022-11-09 14:00:00+09:00,2358.0,2358.0,2346.0,2351.0,3000,0.0,0.0
2022-11-10 09:00:00+09:00,2378.0,2378.0,2339.0,2349.0,11800,0.0,0.0
2022-11-10 10:00:00+09:00,2348.0,2362.0,2348.0,2362.0,2300,0.0,0.0
2022-11-10 11:00:00+09:00,2355.0,2363.0,2355.0,2355.0,0,0.0,0.0
2022-11-10 12:00:00+09:00,2367.0,2367.0,2341.0,2361.0,18600,0.0,0.0
2022-11-10 13:00:00+09:00,2361.0,2476.0,2357.0,2420.0,83100,0.0,0.0
2022-11-10 14:00:00+09:00,2418.0,2428.0,2410.0,2427.0,18400,0.0,0.0
2022-11-11 09:00:00+09:00,2435.0,2520.0,2435.0,2482.0,30600,0.0,0.0
2022-11-11 10:00:00+09:00,2476.0,2476.0,2447.0,2466.0,3700,0.0,0.0
2022-11-11 11:00:00+09:00,2457.0,2457.0,2443.0,2443.0,0,0.0,0.0
2022-11-11 12:00:00+09:00,2438.0,2455.0,2438.0,2450.0,38800,0.0,0.0
2022-11-11 13:00:00+09:00,2451.0,2470.0,2450.0,2463.0,6000,0.0,0.0
2022-11-11 14:00:00+09:00,2463.0,2471.0,2442.0,2442.0,12500,0.0,0.0
2022-11-14 09:00:00+09:00,2445.0,2482.0,2409.0,2442.0,7000,0.0,0.0
2022-11-14 10:00:00+09:00,2427.0,2433.0,2422.0,2433.0,1800,0.0,0.0
2022-11-14 11:00:00+09:00,2433.0,2456.0,2433.0,2456.0,0,0.0,0.0
2022-11-14 12:00:00+09:00,2465.0,2465.0,2446.0,2459.0,11700,0.0,0.0
2022-11-14 13:00:00+09:00,2460.0,2491.0,2460.0,2486.0,5100,0.0,0.0
2022-11-14 14:00:00+09:00,2483.0,2484.0,2458.0,2458.0,2900,0.0,0.0
2022-11-15 09:00:00+09:00,2479.0,2479.0,2435.0,2435.0,3100,0.0,0.0
2022-11-15 10:00:00+09:00,2440.0,2440.0,2440.0,2440.0,200,0.0,0.0
2022-11-15 11:00:00+09:00,2449.0,2449.0,2449.0,2449.0,0,0.0,0.0
2022-11-15 12:00:00+09:00,2449.0,2462.0,2440.0,2462.0,7000,0.0,0.0
2022-11-15 13:00:00+09:00,2454.0,2454.0,2435.0,2438.0,1600,0.0,0.0
2022-11-15 14:00:00+09:00,2443.0,2479.0,2443.0,2475.0,8600,0.0,0.0
2022-11-16 09:00:00+09:00,2480.0,2480.0,2450.0,2476.0,3800,0.0,0.0
2022-11-16 10:00:00+09:00,2476.0,2500.0,2476.0,2500.0,2300,0.0,0.0
2022-11-16 11:00:00+09:00,2500.0,2503.0,2495.0,2503.0,0,0.0,0.0
2022-11-16 12:00:00+09:00,2490.0,2492.0,2490.0,2492.0,9900,0.0,0.0
2022-11-16 13:00:00+09:00,2501.0,2501.0,2473.0,2486.0,2400,0.0,0.0
2022-11-16 14:00:00+09:00,2488.0,2496.0,2476.0,2483.0,5500,0.0,0.0
2022-11-17 09:00:00+09:00,2468.0,2493.0,2468.0,2474.0,0,0.0,0.0
2022-11-17 10:00:00+09:00,2472.0,2474.0,2467.0,2468.0,3000,0.0,0.0
2022-11-17 11:00:00+09:00,2468.0,2468.0,2460.0,2460.0,0,0.0,0.0
2022-11-17 12:00:00+09:00,2460.0,2477.0,2460.0,2477.0,4400,0.0,0.0
2022-11-17 13:00:00+09:00,2475.0,2475.0,2471.0,2475.0,1500,0.0,0.0
2022-11-17 14:00:00+09:00,2468.0,2474.0,2460.0,2460.0,700,0.0,0.0
2022-11-18 09:00:00+09:00,2468.0,2496.0,2468.0,2492.0,0,0.0,0.0
2022-11-18 10:00:00+09:00,2487.0,2498.0,2486.0,2498.0,8000,0.0,0.0
2022-11-18 11:00:00+09:00,2498.0,2498.0,2497.0,2497.0,0,0.0,0.0
2022-11-18 12:00:00+09:00,2499.0,2508.0,2499.0,2507.0,10500,0.0,0.0
2022-11-18 13:00:00+09:00,2508.0,2535.0,2508.0,2523.0,5700,0.0,0.0
2022-11-18 14:00:00+09:00,2523.0,2523.0,2509.0,2522.0,5300,0.0,0.0
2022-11-21 09:00:00+09:00,2535.0,2576.0,2529.0,2563.0,46900,0.0,0.0
2022-11-21 10:00:00+09:00,2562.0,2570.0,2558.0,2562.0,1900,0.0,0.0
2022-11-21 11:00:00+09:00,2562.0,2589.0,2560.0,2586.0,0,0.0,0.0
2022-11-21 12:00:00+09:00,2589.0,2589.0,2575.0,2578.0,52900,0.0,0.0
2022-11-21 13:00:00+09:00,2585.0,2585.0,2572.0,2579.0,2800,0.0,0.0
2022-11-21 14:00:00+09:00,2578.0,2582.0,2571.0,2582.0,3300,0.0,0.0
2022-11-22 09:00:00+09:00,2577.0,2583.0,2566.0,2568.0,15800,0.0,0.0
2022-11-22 10:00:00+09:00,2567.0,2572.0,2566.0,2572.0,0,0.0,0.0
2022-11-22 11:00:00+09:00,2572.0,2575.0,2571.0,2571.0,0,0.0,0.0
2022-11-22 12:00:00+09:00,2570.0,2572.0,2569.0,2571.0,18600,0.0,0.0
2022-11-22 13:00:00+09:00,2569.0,2570.0,2560.0,2560.0,1400,0.0,0.0
2022-11-22 14:00:00+09:00,2560.0,2575.0,2558.0,2575.0,4300,0.0,0.0
2022-11-24 09:00:00+09:00,2598.0,2615.0,2582.0,2602.0,11800,0.0,0.0
2022-11-24 10:00:00+09:00,2605.0,2605.0,2591.0,2591.0,3000,0.0,0.0
2022-11-24 11:00:00+09:00,2591.0,2600.0,2591.0,2600.0,0,0.0,0.0
2022-11-24 12:00:00+09:00,2605.0,2609.0,2599.0,2599.0,18600,0.0,0.0
2022-11-24 13:00:00+09:00,2597.0,2600.0,2590.0,2600.0,2900,0.0,0.0
2022-11-24 14:00:00+09:00,2600.0,2605.0,2598.0,2605.0,2700,0.0,0.0
2022-11-25 09:00:00+09:00,2606.0,2615.0,2606.0,2615.0,2700,0.0,0.0
2022-11-25 10:00:00+09:00,2609.0,2665.0,2609.0,2664.0,8100,0.0,0.0
2022-11-25 11:00:00+09:00,2662.0,2664.0,2656.0,2660.0,0,0.0,0.0
2022-11-25 12:00:00+09:00,2660.0,2670.0,2660.0,2669.0,15100,0.0,0.0
2022-11-25 13:00:00+09:00,2672.0,2680.0,2670.0,2678.0,2200,0.0,0.0
2022-11-25 14:00:00+09:00,2677.0,2680.0,2664.0,2666.0,6300,0.0,0.0
2022-11-28 09:00:00+09:00,2668.0,2668.0,2612.0,2615.0,4400,0.0,0.0
2022-11-28 10:00:00+09:00,2613.0,2626.0,2609.0,2618.0,1800,0.0,0.0
2022-11-28 11:00:00+09:00,2612.0,2612.0,2604.0,2612.0,0,0.0,0.0
2022-11-28 12:00:00+09:00,2606.0,2611.0,2600.0,2603.0,10500,0.0,0.0
2022-11-28 13:00:00+09:00,2603.0,2611.0,2603.0,2605.0,1700,0.0,0.0
2022-11-28 14:00:00+09:00,2607.0,2611.0,2602.0,2611.0,4100,0.0,0.0
2022-11-29 09:00:00+09:00,2583.0,2583.0,2511.0,2564.0,13700,0.0,0.0
2022-11-29 10:00:00+09:00,2569.0,2584.0,2565.0,2565.0,1800,0.0,0.0
2022-11-29 11:00:00+09:00,2565.0,2565.0,2560.0,2560.0,0,0.0,0.0
2022-11-29 12:00:00+09:00,2555.0,2570.0,2550.0,2570.0,19000,0.0,0.0
2022-11-29 13:00:00+09:00,2574.0,2576.0,2556.0,2556.0,1800,0.0,0.0
2022-11-29 14:00:00+09:00,2556.0,2559.0,2542.0,2559.0,4400,0.0,0.0
2022-11-30 09:00:00+09:00,2539.0,2557.0,2528.0,2543.0,1600,0.0,0.0
2022-11-30 10:00:00+09:00,2542.0,2590.0,2530.0,2590.0,4800,0.0,0.0
2022-11-30 11:00:00+09:00,2580.0,2586.0,2569.0,2571.0,0,0.0,0.0
2022-11-30 12:00:00+09:00,2563.0,2571.0,2559.0,2561.0,10000,0.0,0.0
2022-11-30 13:00:00+09:00,2563.0,2564.0,2530.0,2530.0,5000,0.0,0.0
2022-11-30 14:00:00+09:00,2530.0,2531.0,2505.0,2511.0,8800,0.0,0.0
2022-12-01 09:00:00+09:00,2518.0,2556.0,2518.0,2543.0,0,0.0,0.0
2022-12-01 10:00:00+09:00,2536.0,2552.0,2531.0,2535.0,5600,0.0,0.0
2022-12-01 11:00:00+09:00,2533.0,2557.0,2533.0,2552.0,0,0.0,0.0
2022-12-01 12:00:00+09:00,2550.0,2558.0,2550.0,2557.0,10000,0.0,0.0
2022-12-01 13:00:00+09:00,2560.0,2561.0,2553.0,2557.0,0,0.0,0.0
2022-12-01 14:00:00+09:00,2557.0,2567.0,2546.0,2560.0,14600,0.0,0.0
2022-12-02 09:00:00+09:00,2553.0,2553.0,2520.0,2535.0,9900,0.0,0.0
2022-12-02 10:00:00+09:00,2528.0,2536.0,2508.0,2508.0,2300,0.0,0.0
2022-12-02 11:00:00+09:00,2508.0,2508.0,2505.0,2505.0,0,0.0,0.0
2022-12-02 12:00:00+09:00,2505.0,2527.0,2505.0,2527.0,15200,0.0,0.0
2022-12-02 13:00:00+09:00,2528.0,2536.0,2526.0,2536.0,1100,0.0,0.0
2022-12-02 14:00:00+09:00,2532.0,2537.0,2527.0,2529.0,3600,0.0,0.0
2022-12-05 09:00:00+09:00,2529.0,2554.0,2517.0,2554.0,4400,0.0,0.0
2022-12-05 10:00:00+09:00,2545.0,2549.0,2539.0,2539.0,900,0.0,0.0
2022-12-05 11:00:00+09:00,2534.0,2537.0,2530.0,2530.0,0,0.0,0.0
2022-12-05 12:00:00+09:00,2515.0,2580.0,2515.0,2562.0,11800,0.0,0.0
2022-12-05 13:00:00+09:00,2566.0,2577.0,2556.0,2563.0,3200,0.0,0.0
2022-12-05 14:00:00+09:00,2565.0,2570.0,2563.0,2570.0,1000,0.0,0.0
2022-12-06 09:00:00+09:00,2565.0,2602.0,2541.0,2602.0,0,0.0,0.0
2022-12-06 10:00:00+09:00,2591.0,2596.0,2589.0,2593.0,7800,0.0,0.0
2022-12-06 11:00:00+09:00,2590.0,2593.0,2589.0,2590.0,0,0.0,0.0
2022-12-06 12:00:00+09:00,2600.0,2614.0,2598.0,2598.0,12100,0.0,0.0
2022-12-06 13:00:00+09:00,2594.0,2594.0,2590.0,2590.0,800,0.0,0.0
2022-12-06 14:00:00+09:00,2590.0,2599.0,2584.0,2594.0,4000,0.0,0.0
2022-12-07 09:00:00+09:00,2573.0,2604.0,2566.0,2574.0,20700,0.0,0.0
2022-12-07 10:00:00+09:00,2582.0,2630.0,2582.0,2620.0,5100,0.0,0.0
2022-12-07 11:00:00+09:00,2614.0,2625.0,2610.0,2619.0,0,0.0,0.0
2022-12-07 12:00:00+09:00,2628.0,2640.0,2628.0,2635.0,28300,0.0,0.0
2022-12-07 13:00:00+09:00,2629.0,2629.0,2617.0,2617.0,800,0.0,0.0
2022-12-07 14:00:00+09:00,2622.0,2622.0,2600.0,2612.0,5200,0.0,0.0
2022-12-08 09:00:00+09:00,2605.0,2605.0,2553.0,2553.0,4000,0.0,0.0
2022-12-08 10:00:00+09:00,2551.0,2554.0,2533.0,2533.0,2300,0.0,0.0
2022-12-08 11:00:00+09:00,2531.0,2536.0,2529.0,2532.0,0,0.0,0.0
2022-12-08 12:00:00+09:00,2549.0,2549.0,2541.0,2544.0,8200,0.0,0.0
2022-12-08 13:00:00+09:00,2544.0,2550.0,2537.0,2537.0,3700,0.0,0.0
2022-12-08 14:00:00+09:00,2537.0,2537.0,2517.0,2528.0,5500,0.0,0.0
2022-12-09 09:00:00+09:00,2543.0,2546.0,2524.0,2538.0,7500,0.0,0.0
2022-12-09 10:00:00+09:00,2531.0,2531.0,2509.0,2509.0,3700,0.0,0.0
2022-12-09 11:00:00+09:00,2509.0,2521.0,2509.0,2515.0,0,0.0,0.0
2022-12-09 12:00:00+09:00,2515.0,2520.0,2509.0,2514.0,13400,0.0,0.0
2022-12-09 13:00:00+09:00,2520.0,2530.0,2517.0,2526.0,2000,0.0,0.0
2022-12-09 14:00:00+09:00,2526.0,2526.0,2489.0,2489.0,8500,0.0,0.0
2022-12-12 09:00:00+09:00,2481.0,2481.0,2450.0,2458.0,3900,0.0,0.0
2022-12-12 10:00:00+09:00,2459.0,2461.0,2445.0,2457.0,2600,0.0,0.0
2022-12-12 11:00:00+09:00,2455.0,2461.0,2455.0,2456.0,0,0.0,0.0
2022-12-12 12:00:00+09:00,2465.0,2469.0,2458.0,2459.0,8000,0.0,0.0
2022-12-12 13:00:00+09:00,2457.0,2461.0,2455.0,2457.0,700,0.0,0.0
2022-12-12 14:00:00+09:00,2456.0,2466.0,2449.0,2449.0,2000,0.0,0.0
2022-12-13 09:00:00+09:00,2469.0,2532.0,2463.0,2507.0,7500,0.0,0.0
2022-12-13 10:00:00+09:00,2498.0,2498.0,2491.0,2496.0,1300,0.0,0.0
2022-12-13 11:00:00+09:00,2499.0,2502.0,2493.0,2493.0,0,0.0,0.0
2022-12-13 12:00:00+09:00,2493.0,2500.0,2487.0,2487.0,11700,0.0,0.0
2022-12-13 13:00:00+09:00,2491.0,2501.0,2485.0,2485.0,3100,0.0,0.0
2022-12-13 14:00:00+09:00,2484.0,2487.0,2464.0,2464.0,4800,0.0,0.0
2022-12-14 09:00:00+09:00,2510.0,2511.0,2506.0,2509.0,800,0.0,0.0
2022-12-14 10:00:00+09:00,2509.0,2524.0,2509.0,2524.0,1700,0.0,0.0
2022-12-14 11:00:00+09:00,2517.0,2517.0,2517.0,2517.0,0,0.0,0.0
2022-12-14 12:00:00+09:00,2517.0,2539.0,2509.0,2539.0,7100,0.0,0.0
2022-12-14 13:00:00+09:00,2540.0,2547.0,2526.0,2533.0,3900,0.0,0.0
2022-12-14 14:00:00+09:00,2535.0,2557.0,2535.0,2540.0,7000,0.0,0.0
2022-12-15 09:00:00+09:00,2511.0,2561.0,2511.0,2540.0,4700,0.0,0.0
2022-12-15 10:00:00+09:00,2554.0,2554.0,2554.0,2554.0,100,0.0,0.0
2022-12-15 11:00:00+09:00,2554.0,2554.0,2554.0,2554.0,0,0.0,0.0
2022-12-15 12:00:00+09:00,2552.0,2552.0,2539.0,2539.0,5600,0.0,0.0
2022-12-15 13:00:00+09:00,2544.0,2544.0,2544.0,2544.0,100,0.0,0.0
2022-12-15 14:00:00+09:00,2537.0,2537.0,2531.0,2531.0,900,0.0,0.0
2022-12-16 09:00:00+09:00,2525.0,2530.0,2515.0,2530.0,800,0.0,0.0
2022-12-16 11:00:00+09:00,2529.0,2543.0,2529.0,2543.0,0,0.0,0.0
2022-12-16 12:00:00+09:00,2550.0,2550.0,2528.0,2534.0,3100,0.0,0.0
2022-12-16 13:00:00+09:00,2533.0,2533.0,2524.0,2528.0,1000,0.0,0.0
2022-12-16 14:00:00+09:00,2529.0,2530.0,2500.0,2502.0,2400,0.0,0.0
2022-12-19 09:00:00+09:00,2485.0,2513.0,2485.0,2492.0,2500,0.0,0.0
2022-12-19 10:00:00+09:00,2492.0,2492.0,2492.0,2492.0,100,0.0,0.0
2022-12-19 11:00:00+09:00,2501.0,2501.0,2490.0,2491.0,0,0.0,0.0
2022-12-19 12:00:00+09:00,2491.0,2494.0,2491.0,2494.0,4700,0.0,0.0
2022-12-19 13:00:00+09:00,2492.0,2492.0,2485.0,2487.0,1100,0.0,0.0
2022-12-19 14:00:00+09:00,2486.0,2486.0,2476.0,2476.0,1700,0.0,0.0
2022-12-20 09:00:00+09:00,2475.0,2485.0,2475.0,2484.0,1200,0.0,0.0
2022-12-20 11:00:00+09:00,2484.0,2484.0,2484.0,2484.0,0,0.0,0.0
2022-12-20 12:00:00+09:00,2471.0,2471.0,2439.0,2439.0,6100,0.0,0.0
2022-12-20 13:00:00+09:00,2439.0,2448.0,2422.0,2433.0,6300,0.0,0.0
2022-12-20 14:00:00+09:00,2434.0,2444.0,2427.0,2427.0,3900,0.0,0.0
2022-12-21 09:00:00+09:00,2427.0,2439.0,2380.0,2381.0,15500,0.0,0.0
2022-12-21 10:00:00+09:00,2384.0,2408.0,2384.0,2405.0,3100,0.0,0.0
2022-12-21 11:00:00+09:00,2405.0,2410.0,2405.0,2410.0,0,0.0,0.0
2022-12-21 12:00:00+09:00,2397.0,2397.0,2379.0,2379.0,22100,0.0,0.0
2022-12-21 13:00:00+09:00,2379.0,2382.0,2370.0,2375.0,0,0.0,0.0
2022-12-21 14:00:00+09:00,2373.0,2379.0,2356.0,2356.0,27800,0.0,0.0
2022-12-22 09:00:00+09:00,2382.0,2415.0,2382.0,2395.0,14800,0.0,0.0
2022-12-22 10:00:00+09:00,2385.0,2385.0,2373.0,2373.0,2000,0.0,0.0
2022-12-22 11:00:00+09:00,2373.0,2380.0,2372.0,2379.0,0,0.0,0.0
2022-12-22 12:00:00+09:00,2384.0,2384.0,2360.0,2360.0,30600,0.0,0.0
2022-12-22 13:00:00+09:00,2361.0,2382.0,2358.0,2374.0,6300,0.0,0.0
2022-12-22 14:00:00+09:00,2372.0,2386.0,2372.0,2386.0,4100,0.0,0.0
2022-12-23 09:00:00+09:00,2380.0,2384.0,2366.0,2366.0,2200,0.0,0.0
2022-12-23 10:00:00+09:00,2362.0,2374.0,2358.0,2359.0,2900,0.0,0.0
2022-12-23 11:00:00+09:00,2358.0,2371.0,2346.0,2352.0,0,0.0,0.0
2022-12-23 12:00:00+09:00,2353.0,2353.0,2343.0,2350.0,14800,0.0,0.0
2022-12-23 13:00:00+09:00,2347.0,2357.0,2342.0,2348.0,6300,0.0,0.0
2022-12-23 14:00:00+09:00,2350.0,2354.0,2346.0,2353.0,3000,0.0,0.0
2022-12-26 09:00:00+09:00,2350.0,2378.0,2350.0,2378.0,8000,0.0,0.0
2022-12-26 10:00:00+09:00,2370.0,2390.0,2368.0,2387.0,2200,0.0,0.0
2022-12-26 11:00:00+09:00,2387.0,2387.0,2387.0,2387.0,0,0.0,0.0
2022-12-26 12:00:00+09:00,2396.0,2396.0,2383.0,2391.0,10900,0.0,0.0
2022-12-26 13:00:00+09:00,2389.0,2389.0,2387.0,2388.0,400,0.0,0.0
2022-12-26 14:00:00+09:00,2390.0,2418.0,2390.0,2406.0,6000,0.0,0.0
2022-12-27 09:00:00+09:00,2433.0,2433.0,2410.0,2410.0,4000,0.0,0.0
2022-12-27 10:00:00+09:00,2405.0,2405.0,2404.0,2404.0,900,0.0,0.0
2022-12-27 11:00:00+09:00,2405.0,2410.0,2405.0,2410.0,0,0.0,0.0
2022-12-27 12:00:00+09:00,2421.0,2421.0,2405.0,2405.0,6200,0.0,0.0
2022-12-27 13:00:00+09:00,2413.0,2414.0,2407.0,2407.0,1000,0.0,0.0
2022-12-27 14:00:00+09:00,2409.0,2412.0,2400.0,2402.0,4300,0.0,0.0
2022-12-28 09:00:00+09:00,2412.0,2412.0,2409.0,2410.0,2600,0.0,0.0
2022-12-28 10:00:00+09:00,2406.0,2406.0,2390.0,2390.0,2300,0.0,0.0
2022-12-28 11:00:00+09:00,2388.0,2394.0,2388.0,2392.0,0,0.0,0.0
2022-12-28 12:00:00+09:00,2400.0,2406.0,2400.0,2406.0,6200,0.0,0.0
2022-12-28 13:00:00+09:00,2397.0,2406.0,2397.0,2401.0,700,0.0,0.0
2022-12-28 14:00:00+09:00,2405.0,2412.0,2402.0,2408.0,2100,0.0,0.0
2022-12-29 09:00:00+09:00,2378.0,2410.0,2378.0,2387.0,800,0.0,0.0
2022-12-29 10:00:00+09:00,2393.0,2404.0,2390.0,2403.0,1700,0.0,0.0
2022-12-29 11:00:00+09:00,2392.0,2392.0,2392.0,2392.0,0,0.0,0.0
2022-12-29 12:00:00+09:00,2402.0,2403.0,2396.0,2396.0,3700,0.0,0.0
2022-12-29 13:00:00+09:00,2405.0,2412.0,2403.0,2412.0,1200,0.0,0.0
2022-12-29 14:00:00+09:00,2419.0,2423.0,2401.0,2423.0,6200,0.0,0.0
2022-12-30 09:00:00+09:00,2434.0,2452.0,2432.0,2433.0,4300,0.0,0.0
2022-12-30 10:00:00+09:00,2441.0,2468.0,2440.0,2466.0,5700,0.0,0.0
2022-12-30 11:00:00+09:00,2473.0,2474.0,2460.0,2460.0,0,0.0,0.0
2022-12-30 12:00:00+09:00,2472.0,2479.0,2472.0,2479.0,16100,0.0,0.0
2022-12-30 13:00:00+09:00,2475.0,2475.0,2468.0,2469.0,1400,0.0,0.0
2022-12-30 14:00:00+09:00,2466.0,2469.0,2448.0,2450.0,5400,0.0,0.0
2023-01-04 09:00:00+09:00,2460.0,2460.0,2420.0,2424.0,9800,0.0,0.0
2023-01-04 10:00:00+09:00,2424.0,2433.0,2424.0,2430.0,800,0.0,0.0
2023-01-04 11:00:00+09:00,2429.0,2429.0,2429.0,2429.0,0,0.0,0.0
2023-01-04 12:00:00+09:00,2421.0,2421.0,2417.0,2417.0,11100,0.0,0.0
2023-01-04 13:00:00+09:00,2420.0,2420.0,2409.0,2413.0,800,0.0,0.0
2023-01-04 14:00:00+09:00,2405.0,2405.0,2385.0,2391.0,2600,0.0,0.0
2023-01-05 09:00:00+09:00,2391.0,2409.0,2381.0,2409.0,3200,0.0,0.0
2023-01-05 10:00:00+09:00,2408.0,2422.0,2395.0,2401.0,3800,0.0,0.0
2023-01-05 11:00:00+09:00,2395.0,2395.0,2388.0,2388.0,0,0.0,0.0
2023-01-05 12:00:00+09:00,2392.0,2403.0,2389.0,2399.0,8300,0.0,0.0
2023-01-05 13:00:00+09:00,2399.0,2399.0,2389.0,2397.0,800,0.0,0.0
2023-01-05 14:00:00+09:00,2391.0,2392.0,2383.0,2383.0,1200,0.0,0.0
2023-01-06 09:00:00+09:00,2382.0,2406.0,2382.0,2406.0,2100,0.0,0.0
2023-01-06 10:00:00+09:00,2412.0,2414.0,2412.0,2414.0,400,0.0,0.0
2023-01-06 11:00:00+09:00,2414.0,2414.0,2401.0,2401.0,0,0.0,0.0
2023-01-06 14:00:00+09:00,2400.0,2406.0,2399.0,2406.0,5900,0.0,0.0
2023-01-10 09:00:00+09:00,2402.0,2413.0,2397.0,2397.0,3500,0.0,0.0
2023-01-10 10:00:00+09:00,2392.0,2420.0,2392.0,2414.0,4400,0.0,0.0
2023-01-10 11:00:00+09:00,2414.0,2414.0,2414.0,2414.0,0,0.0,0.0
2023-01-10 12:00:00+09:00,2425.0,2425.0,2412.0,2412.0,8200,0.0,0.0
2023-01-10 13:00:00+09:00,2426.0,2426.0,2419.0,2419.0,1100,0.0,0.0
2023-01-10 14:00:00+09:00,2419.0,2419.0,2408.0,2409.0,1400,0.0,0.0
2023-01-11 09:00:00+09:00,2429.0,2433.0,2429.0,2433.0,1600,0.0,0.0
2023-01-11 10:00:00+09:00,2435.0,2439.0,2435.0,2439.0,300,0.0,0.0
2023-01-11 11:00:00+09:00,2434.0,2436.0,2430.0,2436.0,0,0.0,0.0
2023-01-11 12:00:00+09:00,2449.0,2449.0,2447.0,2447.0,3300,0.0,0.0
2023-01-11 14:00:00+09:00,2441.0,2457.0,2438.0,2454.0,3300,0.0,0.0
2023-01-12 09:00:00+09:00,2481.0,2488.0,2454.0,2459.0,1700,0.0,0.0
2023-01-12 10:00:00+09:00,2457.0,2458.0,2457.0,2458.0,300,0.0,0.0
2023-01-12 11:00:00+09:00,2460.0,2460.0,2460.0,2460.0,0,0.0,0.0
2023-01-12 12:00:00+09:00,2465.0,2468.0,2464.0,2468.0,2900,0.0,0.0
2023-01-12 13:00:00+09:00,2462.0,2462.0,2452.0,2453.0,3400,0.0,0.0
2023-01-12 14:00:00+09:00,2460.0,2464.0,2458.0,2458.0,1200,0.0,0.0
2023-01-13 09:00:00+09:00,2467.0,2502.0,2467.0,2502.0,1700,0.0,0.0
2023-01-13 10:00:00+09:00,2493.0,2499.0,2481.0,2496.0,3300,0.0,0.0
2023-01-13 11:00:00+09:00,2497.0,2497.0,2490.0,2490.0,0,0.0,0.0
2023-01-13 12:00:00+09:00,2490.0,2492.0,2489.0,2492.0,8800,0.0,0.0
2023-01-13 13:00:00+09:00,2498.0,2501.0,2492.0,2492.0,1200,0.0,0.0
2023-01-13 14:00:00+09:00,2498.0,2498.0,2482.0,2487.0,5900,0.0,0.0
2023-01-16 09:00:00+09:00,2498.0,2498.0,2462.0,2475.0,5100,0.0,0.0
2023-01-16 10:00:00+09:00,2474.0,2479.0,2465.0,2479.0,1500,0.0,0.0
2023-01-16 11:00:00+09:00,2481.0,2481.0,2481.0,2481.0,0,0.0,0.0
2023-01-16 12:00:00+09:00,2486.0,2486.0,2476.0,2476.0,7400,0.0,0.0
2023-01-16 13:00:00+09:00,2473.0,2483.0,2473.0,2480.0,1700,0.0,0.0
2023-01-16 14:00:00+09:00,2472.0,2481.0,2466.0,2475.0,4200,0.0,0.0
2023-01-17 09:00:00+09:00,2498.0,2509.0,2489.0,2501.0,3300,0.0,0.0
2023-01-17 10:00:00+09:00,2498.0,2498.0,2497.0,2497.0,400,0.0,0.0
2023-01-17 11:00:00+09:00,2501.0,2507.0,2496.0,2496.0,0,0.0,0.0
2023-01-17 13:00:00+09:00,2499.0,2499.0,2492.0,2497.0,7200,0.0,0.0
2023-01-17 14:00:00+09:00,2497.0,2516.0,2497.0,2510.0,5400,0.0,0.0
2023-01-18 09:00:00+09:00,2509.0,2518.0,2509.0,2518.0,700,0.0,0.0
2023-01-18 10:00:00+09:00,2518.0,2539.0,2517.0,2536.0,2400,0.0,0.0
2023-01-18 11:00:00+09:00,2526.0,2529.0,2526.0,2529.0,0,0.0,0.0
2023-01-18 12:00:00+09:00,2567.0,2582.0,2559.0,2565.0,10600,0.0,0.0
2023-01-18 13:00:00+09:00,2560.0,2560.0,2550.0,2550.0,2100,0.0,0.0
2023-01-18 14:00:00+09:00,2546.0,2551.0,2527.0,2532.0,9700,0.0,0.0
2023-01-19 09:00:00+09:00,2537.0,2537.0,2529.0,2529.0,300,0.0,0.0
2023-01-19 10:00:00+09:00,2527.0,2527.0,2501.0,2507.0,3500,0.0,0.0
2023-01-19 11:00:00+09:00,2515.0,2515.0,2515.0,2515.0,0,0.0,0.0
2023-01-19 12:00:00+09:00,2518.0,2518.0,2509.0,2509.0,4200,0.0,0.0
2023-01-19 13:00:00+09:00,2509.0,2518.0,2499.0,2514.0,4400,0.0,0.0
2023-01-19 14:00:00+09:00,2517.0,2527.0,2514.0,2526.0,4000,0.0,0.0
2023-01-20 09:00:00+09:00,2525.0,2531.0,2507.0,2531.0,2000,0.0,0.0
2023-01-20 10:00:00+09:00,2538.0,2548.0,2537.0,2548.0,1500,0.0,0.0
2023-01-20 11:00:00+09:00,2539.0,2543.0,2537.0,2537.0,0,0.0,0.0
2023-01-20 12:00:00+09:00,2547.0,2554.0,2547.0,2552.0,5500,0.0,0.0
2023-01-20 13:00:00+09:00,2552.0,2586.0,2548.0,2586.0,5800,0.0,0.0
2023-01-20 14:00:00+09:00,2575.0,2575.0,2564.0,2571.0,3200,0.0,0.0
2023-01-23 09:00:00+09:00,2588.0,2606.0,2572.0,2588.0,7300,0.0,0.0
2023-01-23 10:00:00+09:00,2587.0,2596.0,2581.0,2588.0,3100,0.0,0.0
2023-01-23 11:00:00+09:00,2588.0,2592.0,2588.0,2592.0,0,0.0,0.0
2023-01-23 12:00:00+09:00,2592.0,2595.0,2584.0,2591.0,12000,0.0,0.0
2023-01-23 13:00:00+09:00,2593.0,2596.0,2583.0,2593.0,3300,0.0,0.0
2023-01-23 14:00:00+09:00,2593.0,2600.0,2590.0,2599.0,3600,0.0,0.0
2023-01-24 09:00:00+09:00,2610.0,2622.0,2601.0,2613.0,2900,0.0,0.0
2023-01-24 10:00:00+09:00,2619.0,2619.0,2611.0,2613.0,2000,0.0,0.0
2023-01-24 11:00:00+09:00,2618.0,2622.0,2612.0,2619.0,0,0.0,0.0
2023-01-24 12:00:00+09:00,2620.0,2620.0,2610.0,2614.0,7400,0.0,0.0
2023-01-24 13:00:00+09:00,2617.0,2621.0,2617.0,2620.0,1300,0.0,0.0
2023-01-24 14:00:00+09:00,2620.0,2640.0,2618.0,2636.0,6900,0.0,0.0
2023-01-25 09:00:00+09:00,2625.0,2638.0,2577.0,2605.0,19400,0.0,0.0
2023-01-25 10:00:00+09:00,2604.0,2604.0,2598.0,2598.0,700,0.0,0.0
2023-01-25 11:00:00+09:00,2607.0,2614.0,2604.0,2604.0,0,0.0,0.0
2023-01-25 12:00:00+09:00,2615.0,2619.0,2615.0,2619.0,21900,0.0,0.0
2023-01-25 13:00:00+09:00,2611.0,2612.0,2591.0,2612.0,4200,0.0,0.0
2023-01-25 14:00:00+09:00,2613.0,2614.0,2603.0,2606.0,4700,0.0,0.0
2023-01-26 09:00:00+09:00,2610.0,2615.0,2582.0,2592.0,6000,0.0,0.0
2023-01-26 10:00:00+09:00,2587.0,2587.0,2557.0,2567.0,8700,0.0,0.0
2023-01-26 11:00:00+09:00,2567.0,2579.0,2563.0,2572.0,0,0.0,0.0
2023-01-26 12:00:00+09:00,2572.0,2572.0,2570.0,2570.0,19100,0.0,0.0
2023-01-26 13:00:00+09:00,2573.0,2573.0,2561.0,2567.0,2500,0.0,0.0
2023-01-26 14:00:00+09:00,2569.0,2584.0,2569.0,2570.0,4000,0.0,0.0
2023-01-27 09:00:00+09:00,2596.0,2596.0,2583.0,2583.0,1700,0.0,0.0
2023-01-27 10:00:00+09:00,2585.0,2587.0,2574.0,2574.0,2400,0.0,0.0
2023-01-27 11:00:00+09:00,2573.0,2580.0,2573.0,2580.0,0,0.0,0.0
2023-01-27 12:00:00+09:00,2570.0,2575.0,2569.0,2572.0,5200,0.0,0.0
2023-01-27 13:00:00+09:00,2570.0,2580.0,2570.0,2571.0,1300,0.0,0.0
2023-01-27 14:00:00+09:00,2579.0,2579.0,2562.0,2577.0,4500,0.0,0.0
2023-01-30 09:00:00+09:00,2575.0,2581.0,2563.0,2568.0,2800,0.0,0.0
2023-01-30 10:00:00+09:00,2564.0,2586.0,2564.0,2586.0,1800,0.0,0.0
2023-01-30 11:00:00+09:00,2586.0,2588.0,2583.0,2583.0,0,0.0,0.0
2023-01-30 12:00:00+09:00,2586.0,2600.0,2583.0,2600.0,6900,0.0,0.0
2023-01-30 13:00:00+09:00,2599.0,2612.0,2594.0,2597.0,3800,0.0,0.0
2023-01-30 14:00:00+09:00,2598.0,2602.0,2595.0,2598.0,2600,0.0,0.0
2023-01-31 09:00:00+09:00,2573.0,2611.0,2573.0,2605.0,2300,0.0,0.0
2023-01-31 10:00:00+09:00,2608.0,2608.0,2608.0,2608.0,100,0.0,0.0
2023-01-31 11:00:00+09:00,2602.0,2602.0,2601.0,2602.0,0,0.0,0.0
2023-01-31 12:00:00+09:00,2599.0,2599.0,2592.0,2596.0,4000,0.0,0.0
2023-01-31 13:00:00+09:00,2593.0,2601.0,2593.0,2597.0,1500,0.0,0.0
2023-01-31 14:00:00+09:00,2597.0,2605.0,2574.0,2578.0,5100,0.0,0.0
2023-02-01 09:00:00+09:00,2589.0,2614.0,2577.0,2610.0,1800,0.0,0.0
2023-02-01 10:00:00+09:00,2617.0,2619.0,2601.0,2601.0,1900,0.0,0.0
2023-02-01 11:00:00+09:00,2603.0,2605.0,2596.0,2602.0,0,0.0,0.0
2023-02-01 12:00:00+09:00,2600.0,2600.0,2589.0,2589.0,5000,0.0,0.0
2023-02-01 13:00:00+09:00,2587.0,2587.0,2581.0,2582.0,600,0.0,0.0
2023-02-01 14:00:00+09:00,2584.0,2584.0,2577.0,2579.0,1100,0.0,0.0
2023-02-02 09:00:00+09:00,2588.0,2588.0,2580.0,2580.0,400,0.0,0.0
2023-02-02 10:00:00+09:00,2589.0,2589.0,2575.0,2575.0,1300,0.0,0.0
2023-02-02 11:00:00+09:00,2570.0,2570.0,2559.0,2568.0,0,0.0,0.0
2023-02-02 12:00:00+09:00,2569.0,2569.0,2569.0,2569.0,3300,0.0,0.0
2023-02-02 13:00:00+09:00,2565.0,2565.0,2565.0,2565.0,400,0.0,0.0
2023-02-02 14:00:00+09:00,2570.0,2571.0,2556.0,2557.0,2700,0.0,0.0
2023-02-03 09:00:00+09:00,2553.0,2567.0,2545.0,2557.0,3000,0.0,0.0
2023-02-03 10:00:00+09:00,2557.0,2565.0,2557.0,2565.0,0,0.0,0.0
2023-02-03 11:00:00+09:00,2564.0,2570.0,2560.0,2569.0,0,0.0,0.0
2023-02-03 12:00:00+09:00,2569.0,2569.0,2564.0,2564.0,7100,0.0,0.0
2023-02-03 13:00:00+09:00,2568.0,2568.0,2561.0,2562.0,1000,0.0,0.0
2023-02-03 14:00:00+09:00,2568.0,2575.0,2567.0,2568.0,1600,0.0,0.0
2023-02-06 09:00:00+09:00,2600.0,2609.0,2574.0,2574.0,3000,0.0,0.0
2023-02-06 10:00:00+09:00,2574.0,2574.0,2564.0,2564.0,0,0.0,0.0
2023-02-06 11:00:00+09:00,2571.0,2575.0,2552.0,2552.0,0,0.0,0.0
2023-02-06 12:00:00+09:00,2552.0,2554.0,2544.0,2544.0,9800,0.0,0.0
2023-02-06 13:00:00+09:00,2553.0,2555.0,2553.0,2555.0,500,0.0,0.0
2023-02-06 14:00:00+09:00,2550.0,2553.0,2540.0,2547.0,4400,0.0,0.0
2023-02-07 09:00:00+09:00,2541.0,2560.0,2541.0,2560.0,1800,0.0,0.0
2023-02-07 10:00:00+09:00,2563.0,2565.0,2549.0,2549.0,1300,0.0,0.0
2023-02-07 11:00:00+09:00,2551.0,2554.0,2551.0,2554.0,0,0.0,0.0
2023-02-07 12:00:00+09:00,2564.0,2564.0,2555.0,2555.0,4100,0.0,0.0
2023-02-07 13:00:00+09:00,2552.0,2556.0,2543.0,2543.0,1900,0.0,0.0
2023-02-07 14:00:00+09:00,2540.0,2547.0,2537.0,2545.0,1500,0.0,0.0
2023-02-08 09:00:00+09:00,2541.0,2551.0,2538.0,2538.0,1300,0.0,0.0
2023-02-08 10:00:00+09:00,2548.0,2548.0,2545.0,2545.0,200,0.0,0.0
2023-02-08 11:00:00+09:00,2545.0,2545.0,2545.0,2545.0,0,0.0,0.0
2023-02-08 12:00:00+09:00,2549.0,2549.0,2545.0,2545.0,0,0.0,0.0
2023-02-08 13:00:00+09:00,2549.0,2554.0,2549.0,2550.0,2800,0.0,0.0
2023-02-08 14:00:00+09:00,2548.0,2558.0,2548.0,2555.0,3500,0.0,0.0
2023-02-09 09:00:00+09:00,2563.0,2566.0,2562.0,2566.0,1000,0.0,0.0
2023-02-09 10:00:00+09:00,2570.0,2578.0,2570.0,2576.0,2900,0.0,0.0
2023-02-09 11:00:00+09:00,2583.0,2593.0,2583.0,2593.0,0,0.0,0.0
2023-02-09 12:00:00+09:00,2585.0,2593.0,2585.0,2593.0,5000,0.0,0.0
2023-02-09 13:00:00+09:00,2595.0,2622.0,2595.0,2612.0,3500,0.0,0.0
2023-02-09 14:00:00+09:00,2611.0,2615.0,2599.0,2603.0,5900,0.0,0.0
2023-02-10 09:00:00+09:00,2618.0,2618.0,2588.0,2609.0,0,0.0,0.0
2023-02-10 10:00:00+09:00,2610.0,2634.0,2604.0,2622.0,16300,0.0,0.0
2023-02-10 11:00:00+09:00,2619.0,2621.0,2604.0,2607.0,0,0.0,0.0
2023-02-10 12:00:00+09:00,2620.0,2628.0,2609.0,2611.0,22700,0.0,0.0
2023-02-10 13:00:00+09:00,2612.0,2649.0,2597.0,2632.0,24300,0.0,0.0
2023-02-10 14:00:00+09:00,2640.0,2650.0,2630.0,2641.0,17800,0.0,0.0
2023-02-13 09:00:00+09:00,2693.0,2730.0,2656.0,2725.0,38000,0.0,0.0
2023-02-13 10:00:00+09:00,2728.0,2736.0,2700.0,2714.0,8200,0.0,0.0
2023-02-13 11:00:00+09:00,2718.0,2720.0,2716.0,2720.0,0,0.0,0.0
2023-02-13 12:00:00+09:00,2720.0,2720.0,2701.0,2701.0,51500,0.0,0.0
2023-02-13 13:00:00+09:00,2702.0,2706.0,2697.0,2705.0,4600,0.0,0.0
2023-02-13 14:00:00+09:00,2705.0,2706.0,2678.0,2685.0,5100,0.0,0.0
2023-02-14 09:00:00+09:00,2707.0,2715.0,2690.0,2696.0,7000,0.0,0.0
2023-02-14 10:00:00+09:00,2693.0,2705.0,2691.0,2697.0,2100,0.0,0.0
2023-02-14 11:00:00+09:00,2690.0,2690.0,2683.0,2683.0,0,0.0,0.0
2023-02-14 12:00:00+09:00,2685.0,2701.0,2685.0,2693.0,10600,0.0,0.0
2023-02-14 13:00:00+09:00,2688.0,2696.0,2688.0,2695.0,1100,0.0,0.0
2023-02-14 14:00:00+09:00,2697.0,2708.0,2694.0,2705.0,2800,0.0,0.0
2023-02-15 09:00:00+09:00,2688.0,2702.0,2685.0,2696.0,5600,0.0,0.0
2023-02-15 10:00:00+09:00,2690.0,2690.0,2660.0,2665.0,8200,0.0,0.0
2023-02-15 11:00:00+09:00,2665.0,2665.0,2650.0,2651.0,0,0.0,0.0
2023-02-15 12:00:00+09:00,2655.0,2662.0,2655.0,2662.0,18400,0.0,0.0
2023-02-15 13:00:00+09:00,2657.0,2658.0,2650.0,2653.0,2100,0.0,0.0
2023-02-15 14:00:00+09:00,2652.0,2653.0,2646.0,2651.0,4900,0.0,0.0
2023-02-16 09:00:00+09:00,2680.0,2697.0,2659.0,2662.0,9200,0.0,0.0
2023-02-16 10:00:00+09:00,2660.0,2669.0,2659.0,2664.0,2100,0.0,0.0
2023-02-16 11:00:00+09:00,2661.0,2663.0,2656.0,2656.0,0,0.0,0.0
2023-02-16 12:00:00+09:00,2656.0,2665.0,2656.0,2662.0,12800,0.0,0.0
2023-02-16 13:00:00+09:00,2662.0,2665.0,2659.0,2659.0,1400,0.0,0.0
2023-02-16 14:00:00+09:00,2663.0,2664.0,2655.0,2657.0,2600,0.0,0.0
2023-02-17 09:00:00+09:00,2638.0,2650.0,2628.0,2638.0,3900,0.0,0.0
2023-02-17 10:00:00+09:00,2640.0,2662.0,2637.0,2655.0,8600,0.0,0.0
2023-02-17 11:00:00+09:00,2655.0,2655.0,2655.0,2655.0,0,0.0,0.0
2023-02-17 12:00:00+09:00,2670.0,2670.0,2661.0,2662.0,12900,0.0,0.0
2023-02-17 13:00:00+09:00,2669.0,2677.0,2665.0,2665.0,4000,0.0,0.0
2023-02-17 14:00:00+09:00,2666.0,2675.0,2666.0,2666.0,2700,0.0,0.0
2023-02-20 09:00:00+09:00,2682.0,2686.0,2660.0,2682.0,5200,0.0,0.0
2023-02-20 10:00:00+09:00,2678.0,2678.0,2665.0,2676.0,2400,0.0,0.0
2023-02-20 11:00:00+09:00,2683.0,2688.0,2683.0,2688.0,0,0.0,0.0
2023-02-20 12:00:00+09:00,2687.0,2714.0,2687.0,2714.0,10300,0.0,0.0
2023-02-20 13:00:00+09:00,2705.0,2705.0,2688.0,2688.0,2800,0.0,0.0
2023-02-20 14:00:00+09:00,2687.0,2687.0,2657.0,2669.0,12300,0.0,0.0
2023-02-21 09:00:00+09:00,2668.0,2698.0,2668.0,2692.0,2100,0.0,0.0
2023-02-21 10:00:00+09:00,2692.0,2720.0,2692.0,2720.0,4400,0.0,0.0
2023-02-21 11:00:00+09:00,2718.0,2723.0,2713.0,2723.0,0,0.0,0.0
2023-02-21 12:00:00+09:00,2718.0,2750.0,2713.0,2745.0,12600,0.0,0.0
2023-02-21 13:00:00+09:00,2746.0,2746.0,2741.0,2746.0,1200,0.0,0.0
2023-02-21 14:00:00+09:00,2745.0,2748.0,2740.0,2747.0,2400,0.0,0.0
2023-02-22 09:00:00+09:00,2729.0,2748.0,2722.0,2743.0,2800,0.0,0.0
2023-02-22 10:00:00+09:00,2733.0,2737.0,2721.0,2721.0,2000,0.0,0.0
2023-02-22 11:00:00+09:00,2727.0,2740.0,2727.0,2740.0,0,0.0,0.0
2023-02-22 12:00:00+09:00,2728.0,2755.0,2728.0,2752.0,10600,0.0,0.0
2023-02-22 13:00:00+09:00,2750.0,2765.0,2750.0,2760.0,7400,0.0,0.0
2023-02-22 14:00:00+09:00,2760.0,2760.0,2740.0,2744.0,3500,0.0,0.0
2023-02-24 09:00:00+09:00,2758.0,2790.0,2750.0,2773.0,8300,0.0,0.0
2023-02-24 10:00:00+09:00,2774.0,2778.0,2763.0,2763.0,1300,0.0,0.0
2023-02-24 11:00:00+09:00,2766.0,2766.0,2761.0,2761.0,0,0.0,0.0
2023-02-24 12:00:00+09:00,2774.0,2774.0,2760.0,2765.0,12300,0.0,0.0
2023-02-24 13:00:00+09:00,2764.0,2770.0,2753.0,2770.0,3500,0.0,0.0
2023-02-24 14:00:00+09:00,2773.0,2781.0,2773.0,2779.0,7800,0.0,0.0
2023-02-27 09:00:00+09:00,2794.0,2820.0,2794.0,2820.0,9900,0.0,0.0
2023-02-27 10:00:00+09:00,2819.0,2840.0,2819.0,2828.0,6800,0.0,0.0
2023-02-27 11:00:00+09:00,2829.0,2831.0,2829.0,2830.0,0,0.0,0.0
2023-02-27 12:00:00+09:00,2840.0,2840.0,2830.0,2838.0,20300,0.0,0.0
2023-02-27 13:00:00+09:00,2836.0,2840.0,2817.0,2838.0,11900,0.0,0.0
2023-02-27 14:00:00+09:00,2840.0,2855.0,2840.0,2853.0,6300,0.0,0.0
2023-02-28 09:00:00+09:00,2879.0,2879.0,2817.0,2820.0,0,0.0,0.0
2023-02-28 10:00:00+09:00,2818.0,2825.0,2812.0,2825.0,7800,0.0,0.0
2023-02-28 11:00:00+09:00,2831.0,2848.0,2831.0,2848.0,0,0.0,0.0
2023-02-28 12:00:00+09:00,2847.0,2850.0,2814.0,2832.0,17700,0.0,0.0
2023-02-28 13:00:00+09:00,2834.0,2836.0,2818.0,2827.0,5600,0.0,0.0
2023-02-28 14:00:00+09:00,2824.0,2830.0,2823.0,2829.0,6900,0.0,0.0
2023-03-01 09:00:00+09:00,2832.0,2851.0,2829.0,2851.0,1900,0.0,0.0
2023-03-01 10:00:00+09:00,2850.0,2856.0,2842.0,2854.0,1200,0.0,0.0
2023-03-01 11:00:00+09:00,2853.0,2854.0,2851.0,2851.0,0,0.0,0.0
2023-03-01 12:00:00+09:00,2848.0,2867.0,2848.0,2867.0,6600,0.0,0.0
2023-03-01 13:00:00+09:00,2870.0,2875.0,2867.0,2875.0,1400,0.0,0.0
2023-03-01 14:00:00+09:00,2876.0,2876.0,2861.0,2874.0,6500,0.0,0.0
2023-03-02 09:00:00+09:00,2897.0,2935.0,2897.0,2910.0,0,0.0,0.0
2023-03-02 10:00:00+09:00,2920.0,2923.0,2900.0,2909.0,32500,0.0,0.0
2023-03-02 11:00:00+09:00,2906.0,2907.0,2904.0,2904.0,0,0.0,0.0
2023-03-02 12:00:00+09:00,2914.0,2914.0,2888.0,2900.0,36200,0.0,0.0
2023-03-02 13:00:00+09:00,2900.0,2900.0,2894.0,2894.0,700,0.0,0.0
2023-03-02 14:00:00+09:00,2888.0,2891.0,2880.0,2887.0,4400,0.0,0.0
2023-03-03 09:00:00+09:00,2912.0,2933.0,2900.0,2925.0,2800,0.0,0.0
2023-03-03 10:00:00+09:00,2938.0,2950.0,2932.0,2950.0,7400,0.0,0.0
2023-03-03 11:00:00+09:00,2945.0,2956.0,2934.0,2934.0,0,0.0,0.0
2023-03-03 12:00:00+09:00,2934.0,2935.0,2928.0,2928.0,19300,0.0,0.0
2023-03-03 13:00:00+09:00,2917.0,2937.0,2914.0,2936.0,4300,0.0,0.0
2023-03-03 14:00:00+09:00,2940.0,2949.0,2936.0,2940.0,7100,0.0,0.0
2023-03-06 09:00:00+09:00,2989.0,3005.0,2956.0,2994.0,12700,0.0,0.0
2023-03-06 10:00:00+09:00,3000.0,3010.0,2993.0,3000.0,4700,0.0,0.0
2023-03-06 11:00:00+09:00,3000.0,3000.0,2993.0,2998.0,0,0.0,0.0
2023-03-06 12:00:00+09:00,2998.0,3015.0,2998.0,3005.0,22100,0.0,0.0
2023-03-06 13:00:00+09:00,3005.0,3015.0,3000.0,3010.0,2700,0.0,0.0
2023-03-06 14:00:00+09:00,3010.0,3065.0,3010.0,3055.0,19200,0.0,0.0
2023-03-07 09:00:00+09:00,3055.0,3115.0,3020.0,3110.0,20100,0.0,0.0
2023-03-07 10:00:00+09:00,3115.0,3120.0,3100.0,3100.0,4900,0.0,0.0
2023-03-07 11:00:00+09:00,3100.0,3100.0,3080.0,3095.0,0,0.0,0.0
2023-03-07 12:00:00+09:00,3090.0,3100.0,3085.0,3090.0,30100,0.0,0.0
2023-03-07 13:00:00+09:00,3085.0,3085.0,3070.0,3080.0,2000,0.0,0.0
2023-03-07 14:00:00+09:00,3085.0,3110.0,3085.0,3105.0,6800,0.0,0.0
2023-03-08 09:00:00+09:00,3085.0,3085.0,3020.0,3025.0,12200,0.0,0.0
2023-03-08 10:00:00+09:00,3025.0,3060.0,3025.0,3060.0,3300,0.0,0.0
2023-03-08 11:00:00+09:00,3065.0,3100.0,3065.0,3090.0,0,0.0,0.0
2023-03-08 12:00:00+09:00,3090.0,3095.0,3085.0,3090.0,26000,0.0,0.0
2023-03-08 13:00:00+09:00,3085.0,3100.0,3085.0,3090.0,0,0.0,0.0
2023-03-08 14:00:00+09:00,3095.0,3095.0,3085.0,3090.0,32100,0.0,0.0
2023-03-09 09:00:00+09:00,3110.0,3160.0,3070.0,3115.0,18900,0.0,0.0
2023-03-09 10:00:00+09:00,3120.0,3145.0,3090.0,3130.0,10000,0.0,0.0
2023-03-09 11:00:00+09:00,3130.0,3155.0,3125.0,3155.0,0,0.0,0.0
2023-03-09 12:00:00+09:00,3155.0,3155.0,3145.0,3150.0,31900,0.0,0.0
2023-03-09 13:00:00+09:00,3155.0,3175.0,3145.0,3170.0,7600,0.0,0.0
2023-03-09 14:00:00+09:00,3170.0,3195.0,3170.0,3185.0,4200,0.0,0.0
2023-03-10 09:00:00+09:00,3130.0,3175.0,3130.0,3150.0,13300,0.0,0.0
2023-03-10 10:00:00+09:00,3140.0,3180.0,3140.0,3160.0,4500,0.0,0.0
2023-03-10 11:00:00+09:00,3155.0,3155.0,3135.0,3140.0,0,0.0,0.0
2023-03-10 12:00:00+09:00,3140.0,3150.0,3100.0,3110.0,26300,0.0,0.0
2023-03-10 13:00:00+09:00,3105.0,3105.0,3075.0,3080.0,6500,0.0,0.0
2023-03-10 14:00:00+09:00,3080.0,3110.0,3075.0,3105.0,8800,0.0,0.0
2023-03-13 09:00:00+09:00,3040.0,3050.0,2926.0,2960.0,25300,0.0,0.0
2023-03-13 10:00:00+09:00,2964.0,2965.0,2926.0,2936.0,6500,0.0,0.0
2023-03-13 11:00:00+09:00,2942.0,2944.0,2939.0,2939.0,0,0.0,0.0
2023-03-13 12:00:00+09:00,2939.0,2990.0,2939.0,2971.0,35500,0.0,0.0
2023-03-13 13:00:00+09:00,2974.0,2974.0,2957.0,2963.0,2700,0.0,0.0
2023-03-13 14:00:00+09:00,2965.0,2992.0,2959.0,2992.0,7400,0.0,0.0
2023-03-14 09:00:00+09:00,2949.0,2949.0,2867.0,2867.0,13400,0.0,0.0
2023-03-14 10:00:00+09:00,2867.0,2875.0,2858.0,2865.0,3100,0.0,0.0
2023-03-14 11:00:00+09:00,2878.0,2899.0,2875.0,2899.0,0,0.0,0.0
2023-03-14 12:00:00+09:00,2885.0,2904.0,2884.0,2890.0,19900,0.0,0.0
2023-03-14 13:00:00+09:00,2894.0,2895.0,2888.0,2890.0,1800,0.0,0.0
2023-03-14 14:00:00+09:00,2883.0,2883.0,2870.0,2872.0,3600,0.0,0.0
2023-03-15 09:00:00+09:00,2900.0,2966.0,2899.0,2950.0,7600,0.0,0.0
2023-03-15 10:00:00+09:00,2950.0,2967.0,2950.0,2967.0,2400,0.0,0.0
2023-03-15 11:00:00+09:00,2966.0,2992.0,2966.0,2992.0,0,0.0,0.0
2023-03-15 12:00:00+09:00,2992.0,2993.0,2980.0,2980.0,13100,0.0,0.0
2023-03-15 13:00:00+09:00,2987.0,3005.0,2987.0,3005.0,3700,0.0,0.0
2023-03-15 14:00:00+09:00,3005.0,3005.0,2975.0,2993.0,5000,0.0,0.0
2023-03-16 09:00:00+09:00,2834.0,2888.0,2834.0,2888.0,9800,0.0,0.0
2023-03-16 10:00:00+09:00,2895.0,2905.0,2882.0,2882.0,4500,0.0,0.0
2023-03-16 11:00:00+09:00,2886.0,2921.0,2886.0,2917.0,0,0.0,0.0
2023-03-16 12:00:00+09:00,2920.0,2920.0,2910.0,2910.0,21700,0.0,0.0
2023-03-16 13:00:00+09:00,2912.0,2912.0,2887.0,2887.0,10100,0.0,0.0
2023-03-16 14:00:00+09:00,2886.0,2922.0,2886.0,2920.0,5700,0.0,0.0
2023-03-17 09:00:00+09:00,2981.0,2981.0,2895.0,2895.0,3100,0.0,0.0
2023-03-17 10:00:00+09:00,2900.0,2906.0,2897.0,2897.0,0,0.0,0.0
2023-03-17 11:00:00+09:00,2906.0,2913.0,2888.0,2898.0,0,0.0,0.0
2023-03-17 12:00:00+09:00,2883.0,2901.0,2883.0,2900.0,9100,0.0,0.0
2023-03-17 13:00:00+09:00,2900.0,2932.0,2900.0,2927.0,4500,0.0,0.0
2023-03-17 14:00:00+09:00,2925.0,2935.0,2922.0,2929.0,4500,0.0,0.0
2023-03-20 09:00:00+09:00,2900.0,2951.0,2876.0,2934.0,5800,0.0,0.0
2023-03-20 10:00:00+09:00,2911.0,2917.0,2906.0,2915.0,1400,0.0,0.0
2023-03-20 11:00:00+09:00,2900.0,2908.0,2899.0,2904.0,0,0.0,0.0
2023-03-20 12:00:00+09:00,2896.0,2896.0,2886.0,2886.0,9300,0.0,0.0
2023-03-20 13:00:00+09:00,2885.0,2886.0,2863.0,2875.0,3700,0.0,0.0
2023-03-20 14:00:00+09:00,2883.0,2917.0,2883.0,2910.0,8700,0.0,0.0
2023-03-22 09:00:00+09:00,2950.0,2985.0,2950.0,2979.0,5300,0.0,0.0
2023-03-22 10:00:00+09:00,2984.0,2985.0,2966.0,2973.0,1600,0.0,0.0
2023-03-22 11:00:00+09:00,2971.0,2971.0,2971.0,2971.0,0,0.0,0.0
2023-03-22 12:00:00+09:00,2978.0,2978.0,2970.0,2970.0,10100,0.0,0.0
2023-03-22 13:00:00+09:00,2966.0,2985.0,2962.0,2978.0,7000,0.0,0.0
2023-03-22 14:00:00+09:00,2978.0,3010.0,2978.0,3005.0,9300,0.0,0.0
2023-03-23 09:00:00+09:00,2995.0,3010.0,2951.0,2997.0,4600,0.0,0.0
2023-03-23 10:00:00+09:00,3005.0,3030.0,3005.0,3020.0,2500,0.0,0.0
2023-03-23 11:00:00+09:00,3025.0,3040.0,3025.0,3040.0,0,0.0,0.0
2023-03-23 12:00:00+09:00,3040.0,3050.0,3040.0,3050.0,9400,0.0,0.0
2023-03-23 13:00:00+09:00,3050.0,3050.0,3040.0,3040.0,1700,0.0,0.0
2023-03-23 14:00:00+09:00,3045.0,3110.0,3045.0,3095.0,18900,0.0,0.0
2023-03-24 09:00:00+09:00,3115.0,3195.0,3105.0,3180.0,14200,0.0,0.0
2023-03-24 10:00:00+09:00,3175.0,3190.0,3165.0,3165.0,4500,0.0,0.0
2023-03-24 11:00:00+09:00,3170.0,3175.0,3170.0,3170.0,0,0.0,0.0
2023-03-24 12:00:00+09:00,3180.0,3190.0,3175.0,3175.0,23400,0.0,0.0
2023-03-24 13:00:00+09:00,3170.0,3180.0,3155.0,3155.0,4500,0.0,0.0
2023-03-24 14:00:00+09:00,3170.0,3180.0,3160.0,3160.0,1900,0.0,0.0
2023-03-27 09:00:00+09:00,3185.0,3205.0,3150.0,3180.0,11200,0.0,0.0
2023-03-27 10:00:00+09:00,3185.0,3195.0,3175.0,3190.0,3100,0.0,0.0
2023-03-27 11:00:00+09:00,3190.0,3200.0,3190.0,3200.0,0,0.0,0.0
2023-03-27 12:00:00+09:00,3205.0,3210.0,3190.0,3190.0,16700,0.0,0.0
2023-03-27 13:00:00+09:00,3200.0,3215.0,3195.0,3200.0,3400,0.0,0.0
2023-03-27 14:00:00+09:00,3205.0,3210.0,3190.0,3195.0,4900,0.0,0.0
2023-03-28 09:00:00+09:00,3220.0,3250.0,3185.0,3195.0,11600,0.0,0.0
2023-03-28 10:00:00+09:00,3195.0,3195.0,3180.0,3180.0,500,0.0,0.0
2023-03-28 11:00:00+09:00,3175.0,3180.0,3155.0,3160.0,0,0.0,0.0
2023-03-28 12:00:00+09:00,3165.0,3175.0,3155.0,3160.0,19500,0.0,0.0
2023-03-28 13:00:00+09:00,3165.0,3205.0,3165.0,3200.0,7800,0.0,0.0
2023-03-28 14:00:00+09:00,3200.0,3210.0,3200.0,3200.0,2300,0.0,0.0
2023-03-29 09:00:00+09:00,3205.0,3285.0,3195.0,3255.0,15500,0.0,0.0
2023-03-29 10:00:00+09:00,3255.0,3260.0,3215.0,3225.0,3200,0.0,0.0
2023-03-29 11:00:00+09:00,3215.0,3215.0,3205.0,3205.0,0,0.0,0.0
2023-03-29 12:00:00+09:00,3205.0,3210.0,3200.0,3200.0,22300,0.0,0.0
2023-03-29 13:00:00+09:00,3205.0,3220.0,3185.0,3205.0,6600,0.0,0.0
2023-03-29 14:00:00+09:00,3200.0,3230.0,3195.0,3220.0,8500,0.0,0.0
2023-03-30 09:00:00+09:00,3210.0,3305.0,3210.0,3235.0,0,0.0,0.0
2023-03-30 10:00:00+09:00,3240.0,3260.0,3220.0,3220.0,19000,0.0,0.0
2023-03-30 11:00:00+09:00,3215.0,3230.0,3215.0,3220.0,0,0.0,0.0
2023-03-30 12:00:00+09:00,3205.0,3225.0,3205.0,3225.0,24500,0.0,0.0
2023-03-30 13:00:00+09:00,3230.0,3235.0,3210.0,3225.0,2600,0.0,0.0
2023-03-30 14:00:00+09:00,3225.0,3260.0,3225.0,3245.0,6100,0.0,0.0
2023-03-31 09:00:00+09:00,3240.0,3365.0,3240.0,3325.0,14700,0.0,0.0
2023-03-31 10:00:00+09:00,3320.0,3370.0,3310.0,3350.0,6100,0.0,0.0
2023-03-31 11:00:00+09:00,3350.0,3350.0,3335.0,3350.0,0,0.0,0.0
2023-03-31 12:00:00+09:00,3310.0,3365.0,3310.0,3355.0,26700,0.0,0.0
2023-03-31 13:00:00+09:00,3350.0,3355.0,3335.0,3335.0,0,0.0,0.0
2023-03-31 14:00:00+09:00,3330.0,3340.0,3320.0,3330.0,33200,0.0,0.0
2023-04-03 09:00:00+09:00,3325.0,3330.0,3285.0,3290.0,12800,0.0,0.0
2023-04-03 10:00:00+09:00,3300.0,3300.0,3280.0,3295.0,1700,0.0,0.0
2023-04-03 11:00:00+09:00,3295.0,3295.0,3280.0,3290.0,0,0.0,0.0
2023-04-03 12:00:00+09:00,3290.0,3290.0,3285.0,3290.0,22200,0.0,0.0
2023-04-03 13:00:00+09:00,3290.0,3325.0,3290.0,3320.0,2700,0.0,0.0
2023-04-03 14:00:00+09:00,3320.0,3330.0,3320.0,3325.0,5000,0.0,0.0
2023-04-04 09:00:00+09:00,3450.0,3545.0,3410.0,3440.0,0,0.0,0.0
2023-04-04 10:00:00+09:00,3440.0,3470.0,3425.0,3425.0,105800,0.0,0.0
2023-04-04 11:00:00+09:00,3420.0,3430.0,3400.0,3420.0,0,0.0,0.0
2023-04-04 12:00:00+09:00,3410.0,3435.0,3405.0,3410.0,131600,0.0,0.0
2023-04-04 13:00:00+09:00,3410.0,3410.0,3365.0,3385.0,20200,0.0,0.0
2023-04-04 14:00:00+09:00,3385.0,3385.0,3365.0,3380.0,21700,0.0,0.0
2023-04-05 09:00:00+09:00,3370.0,3410.0,3355.0,3400.0,14300,0.0,0.0
2023-04-05 10:00:00+09:00,3395.0,3415.0,3390.0,3410.0,10300,0.0,0.0
2023-04-05 11:00:00+09:00,3420.0,3425.0,3395.0,3400.0,0,0.0,0.0
2023-04-05 12:00:00+09:00,3400.0,3400.0,3365.0,3365.0,33300,0.0,0.0
2023-04-05 13:00:00+09:00,3360.0,3365.0,3350.0,3365.0,5900,0.0,0.0
2023-04-05 14:00:00+09:00,3365.0,3380.0,3360.0,3360.0,4100,0.0,0.0
2023-04-06 09:00:00+09:00,3290.0,3360.0,3280.0,3315.0,9900,0.0,0.0
2023-04-06 10:00:00+09:00,3320.0,3335.0,3320.0,3330.0,2600,0.0,0.0
2023-04-06 11:00:00+09:00,3325.0,3325.0,3310.0,3325.0,0,0.0,0.0
2023-04-06 12:00:00+09:00,3320.0,3335.0,3300.0,3335.0,18000,0.0,0.0
2023-04-06 13:00:00+09:00,3335.0,3355.0,3335.0,3355.0,2400,0.0,0.0
2023-04-06 14:00:00+09:00,3350.0,3350.0,3325.0,3325.0,5600,0.0,0.0
2023-04-07 09:00:00+09:00,3355.0,3440.0,3350.0,3425.0,17500,0.0,0.0
2023-04-07 10:00:00+09:00,3430.0,3445.0,3410.0,3410.0,4300,0.0,0.0
2023-04-07 11:00:00+09:00,3415.0,3415.0,3410.0,3415.0,0,0.0,0.0
2023-04-07 12:00:00+09:00,3405.0,3430.0,3405.0,3420.0,25700,0.0,0.0
2023-04-07 13:00:00+09:00,3425.0,3425.0,3410.0,3410.0,2000,0.0,0.0
2023-04-07 14:00:00+09:00,3415.0,3430.0,3410.0,3415.0,8600,0.0,0.0
2023-04-10 09:00:00+09:00,3415.0,3440.0,3355.0,3405.0,14200,0.0,0.0
2023-04-10 10:00:00+09:00,3405.0,3410.0,3400.0,3410.0,2000,0.0,0.0
2023-04-10 11:00:00+09:00,3410.0,3415.0,3405.0,3405.0,0,0.0,0.0
2023-04-10 12:00:00+09:00,3405.0,3415.0,3405.0,3405.0,18400,0.0,0.0
2023-04-10 13:00:00+09:00,3415.0,3415.0,3360.0,3360.0,18400,0.0,0.0
2023-04-10 14:00:00+09:00,3360.0,3365.0,3335.0,3365.0,10100,0.0,0.0
2023-04-11 09:00:00+09:00,3365.0,3385.0,3360.0,3365.0,4800,0.0,0.0
2023-04-11 10:00:00+09:00,3365.0,3370.0,3325.0,3335.0,7800,0.0,0.0
2023-04-11 11:00:00+09:00,3340.0,3345.0,3280.0,3285.0,0,0.0,0.0
2023-04-11 12:00:00+09:00,3280.0,3330.0,3280.0,3310.0,34400,0.0,0.0
2023-04-11 13:00:00+09:00,3305.0,3305.0,3280.0,3285.0,6500,0.0,0.0
2023-04-11 14:00:00+09:00,3280.0,3320.0,3275.0,3320.0,7600,0.0,0.0
2023-04-12 09:00:00+09:00,3285.0,3335.0,3235.0,3265.0,13700,0.0,0.0
2023-04-12 10:00:00+09:00,3270.0,3270.0,3250.0,3250.0,3000,0.0,0.0
2023-04-12 11:00:00+09:00,3245.0,3255.0,3245.0,3250.0,0,0.0,0.0
2023-04-12 12:00:00+09:00,3250.0,3290.0,3245.0,3290.0,23700,0.0,0.0
2023-04-12 13:00:00+09:00,3290.0,3300.0,3280.0,3295.0,3600,0.0,0.0
2023-04-12 14:00:00+09:00,3295.0,3295.0,3280.0,3285.0,4800,0.0,0.0
2023-04-13 09:00:00+09:00,3260.0,3305.0,3240.0,3300.0,7100,0.0,0.0
2023-04-13 10:00:00+09:00,3300.0,3310.0,3290.0,3305.0,1800,0.0,0.0
2023-04-13 11:00:00+09:00,3305.0,3310.0,3305.0,3310.0,0,0.0,0.0
2023-04-13 12:00:00+09:00,3310.0,3310.0,3295.0,3295.0,10600,0.0,0.0
2023-04-13 13:00:00+09:00,3290.0,3295.0,3290.0,3295.0,1100,0.0,0.0
2023-04-13 14:00:00+09:00,3300.0,3325.0,3295.0,3310.0,10600,0.0,0.0
2023-04-14 09:00:00+09:00,3310.0,3310.0,3265.0,3280.0,0,0.0,0.0
2023-04-14 10:00:00+09:00,3285.0,3290.0,3265.0,3265.0,7800,0.0,0.0
2023-04-14 11:00:00+09:00,3270.0,3275.0,3265.0,3275.0,0,0.0,0.0
2023-04-14 12:00:00+09:00,3275.0,3275.0,3265.0,3270.0,9500,0.0,0.0
2023-04-14 13:00:00+09:00,3275.0,3275.0,3270.0,3270.0,0,0.0,0.0
2023-04-14 14:00:00+09:00,3270.0,3285.0,3265.0,3280.0,16000,0.0,0.0
2023-04-17 09:00:00+09:00,3285.0,3285.0,3215.0,3220.0,16100,0.0,0.0
2023-04-17 10:00:00+09:00,3225.0,3225.0,3215.0,3225.0,1200,0.0,0.0
2023-04-17 11:00:00+09:00,3220.0,3220.0,3220.0,3220.0,0,0.0,0.0
2023-04-17 12:00:00+09:00,3225.0,3230.0,3210.0,3230.0,21000,0.0,0.0
2023-04-17 13:00:00+09:00,3230.0,3245.0,3230.0,3240.0,1500,0.0,0.0
2023-04-17 14:00:00+09:00,3240.0,3250.0,3235.0,3245.0,4600,0.0,0.0
2023-04-18 09:00:00+09:00,3260.0,3265.0,3235.0,3255.0,3400,0.0,0.0
2023-04-18 10:00:00+09:00,3260.0,3265.0,3250.0,3260.0,4300,0.0,0.0
2023-04-18 11:00:00+09:00,3260.0,3270.0,3255.0,3270.0,0,0.0,0.0
2023-04-18 12:00:00+09:00,3280.0,3280.0,3270.0,3270.0,10000,0.0,0.0
2023-04-18 13:00:00+09:00,3260.0,3265.0,3255.0,3265.0,1200,0.0,0.0
2023-04-18 14:00:00+09:00,3265.0,3270.0,3255.0,3265.0,2200,0.0,0.0
2023-04-19 09:00:00+09:00,3270.0,3270.0,3215.0,3220.0,5600,0.0,0.0
2023-04-19 10:00:00+09:00,3215.0,3215.0,3190.0,3200.0,6100,0.0,0.0
2023-04-19 11:00:00+09:00,3205.0,3220.0,3200.0,3220.0,0,0.0,0.0
2023-04-19 12:00:00+09:00,3230.0,3230.0,3225.0,3225.0,13500,0.0,0.0
2023-04-19 13:00:00+09:00,3230.0,3250.0,3230.0,3250.0,800,0.0,0.0
2023-04-19 14:00:00+09:00,3250.0,3250.0,3195.0,3215.0,25000,0.0,0.0
2023-04-20 09:00:00+09:00,3175.0,3220.0,3170.0,3220.0,4300,0.0,0.0
2023-04-20 10:00:00+09:00,3220.0,3235.0,3220.0,3230.0,1200,0.0,0.0
2023-04-20 11:00:00+09:00,3235.0,3245.0,3235.0,3235.0,0,0.0,0.0
2023-04-20 12:00:00+09:00,3235.0,3245.0,3235.0,3240.0,8000,0.0,0.0
2023-04-20 13:00:00+09:00,3245.0,3265.0,3240.0,3260.0,2900,0.0,0.0
2023-04-20 14:00:00+09:00,3260.0,3260.0,3215.0,3235.0,17400,0.0,0.0
2023-04-21 09:00:00+09:00,3190.0,3270.0,3180.0,3270.0,5100,0.0,0.0
2023-04-21 10:00:00+09:00,3265.0,3265.0,3255.0,3265.0,1100,0.0,0.0
2023-04-21 11:00:00+09:00,3265.0,3270.0,3250.0,3260.0,0,0.0,0.0
2023-04-21 12:00:00+09:00,3265.0,3265.0,3260.0,3260.0,10900,0.0,0.0
2023-04-21 13:00:00+09:00,3260.0,3270.0,3245.0,3265.0,4200,0.0,0.0
2023-04-21 14:00:00+09:00,3265.0,3280.0,3265.0,3275.0,3400,0.0,0.0
2023-04-24 09:00:00+09:00,3265.0,3265.0,3200.0,3215.0,9600,0.0,0.0
2023-04-24 10:00:00+09:00,3225.0,3225.0,3210.0,3220.0,1500,0.0,0.0
2023-04-24 11:00:00+09:00,3220.0,3225.0,3220.0,3225.0,0,0.0,0.0
2023-04-24 12:00:00+09:00,3245.0,3255.0,3230.0,3230.0,15600,0.0,0.0
2023-04-24 13:00:00+09:00,3225.0,3230.0,3220.0,3225.0,2000,0.0,0.0
2023-04-24 14:00:00+09:00,3225.0,3225.0,3215.0,3220.0,4000,0.0,0.0
2023-04-25 09:00:00+09:00,3215.0,3250.0,3205.0,3205.0,6700,0.0,0.0
2023-04-25 10:00:00+09:00,3210.0,3250.0,3205.0,3245.0,6300,0.0,0.0
2023-04-25 11:00:00+09:00,3245.0,3245.0,3230.0,3230.0,0,0.0,0.0
2023-04-25 12:00:00+09:00,3220.0,3230.0,3215.0,3225.0,18200,0.0,0.0
2023-04-25 13:00:00+09:00,3225.0,3225.0,3185.0,3185.0,10700,0.0,0.0
2023-04-25 14:00:00+09:00,3185.0,3200.0,3185.0,3200.0,4000,0.0,0.0
2023-04-26 09:00:00+09:00,3155.0,3175.0,3105.0,3170.0,8500,0.0,0.0
2023-04-26 10:00:00+09:00,3160.0,3165.0,3145.0,3160.0,3700,0.0,0.0
2023-04-26 11:00:00+09:00,3160.0,3170.0,3160.0,3160.0,0,0.0,0.0
2023-04-26 12:00:00+09:00,3155.0,3175.0,3155.0,3160.0,15600,0.0,0.0
2023-04-26 13:00:00+09:00,3155.0,3170.0,3150.0,3165.0,3400,0.0,0.0
2023-04-26 14:00:00+09:00,3175.0,3190.0,3155.0,3165.0,14600,0.0,0.0
2023-04-27 09:00:00+09:00,3135.0,3160.0,3130.0,3130.0,6100,0.0,0.0
2023-04-27 10:00:00+09:00,3135.0,3165.0,3130.0,3165.0,5100,0.0,0.0
2023-04-27 11:00:00+09:00,3170.0,3170.0,3160.0,3160.0,0,0.0,0.0
2023-04-27 12:00:00+09:00,3160.0,3170.0,3155.0,3170.0,15300,0.0,0.0
2023-04-27 13:00:00+09:00,3165.0,3170.0,3155.0,3160.0,2700,0.0,0.0
2023-04-27 14:00:00+09:00,3165.0,3165.0,3140.0,3160.0,8600,0.0,0.0
2023-04-28 09:00:00+09:00,3200.0,3220.0,3180.0,3220.0,13100,0.0,0.0
2023-04-28 10:00:00+09:00,3215.0,3235.0,3210.0,3230.0,3900,0.0,0.0
2023-04-28 11:00:00+09:00,3225.0,3235.0,3215.0,3220.0,0,0.0,0.0
2023-04-28 12:00:00+09:00,3235.0,3250.0,3230.0,3245.0,23800,0.0,0.0
2023-04-28 13:00:00+09:00,3240.0,3255.0,3240.0,3240.0,7500,0.0,0.0
2023-04-28 14:00:00+09:00,3235.0,3255.0,3235.0,3250.0,8100,0.0,0.0
2023-05-01 09:00:00+09:00,3300.0,3320.0,3265.0,3310.0,12300,0.0,0.0
2023-05-01 10:00:00+09:00,3310.0,3320.0,3300.0,3305.0,3300,0.0,0.0
2023-05-01 11:00:00+09:00,3305.0,3315.0,3300.0,3310.0,0,0.0,0.0
2023-05-01 12:00:00+09:00,3315.0,3335.0,3315.0,3325.0,22400,0.0,0.0
2023-05-01 13:00:00+09:00,3320.0,3335.0,3320.0,3330.0,3400,0.0,0.0
2023-05-01 14:00:00+09:00,3330.0,3355.0,3330.0,3355.0,7700,0.0,0.0
2023-05-02 09:00:00+09:00,3375.0,3380.0,3305.0,3340.0,17100,0.0,0.0
2023-05-02 10:00:00+09:00,3360.0,3375.0,3355.0,3360.0,6400,0.0,0.0
2023-05-02 11:00:00+09:00,3355.0,3360.0,3350.0,3350.0,0,0.0,0.0
2023-05-02 12:00:00+09:00,3350.0,3355.0,3345.0,3350.0,29000,0.0,0.0
2023-05-02 13:00:00+09:00,3355.0,3415.0,3350.0,3405.0,20200,0.0,0.0
2023-05-02 14:00:00+09:00,3400.0,3420.0,3390.0,3395.0,10900,0.0,0.0
2023-05-08 09:00:00+09:00,3375.0,3385.0,3355.0,3365.0,6700,0.0,0.0
2023-05-08 10:00:00+09:00,3365.0,3400.0,3365.0,3390.0,6100,0.0,0.0
2023-05-08 11:00:00+09:00,3390.0,3400.0,3390.0,3400.0,0,0.0,0.0
2023-05-08 12:00:00+09:00,3395.0,3400.0,3375.0,3380.0,16700,0.0,0.0
2023-05-08 13:00:00+09:00,3385.0,3390.0,3380.0,3380.0,2100,0.0,0.0
2023-05-08 14:00:00+09:00,3380.0,3430.0,3380.0,3410.0,16600,0.0,0.0
2023-05-09 09:00:00+09:00,3460.0,3505.0,3445.0,3490.0,0,0.0,0.0
2023-05-09 10:00:00+09:00,3495.0,3505.0,3485.0,3485.0,23300,0.0,0.0
2023-05-09 11:00:00+09:00,3490.0,3520.0,3490.0,3520.0,0,0.0,0.0
2023-05-09 12:00:00+09:00,3520.0,3520.0,3505.0,3510.0,32000,0.0,0.0
2023-05-09 13:00:00+09:00,3515.0,3525.0,3510.0,3515.0,10600,0.0,0.0
2023-05-09 14:00:00+09:00,3515.0,3540.0,3505.0,3530.0,14700,0.0,0.0
2023-05-10 09:00:00+09:00,3510.0,3545.0,3470.0,3540.0,28300,0.0,0.0
2023-05-10 10:00:00+09:00,3540.0,3565.0,3535.0,3560.0,10400,0.0,0.0
2023-05-10 11:00:00+09:00,3565.0,3565.0,3555.0,3565.0,0,0.0,0.0
2023-05-10 12:00:00+09:00,3555.0,3565.0,3535.0,3540.0,46500,0.0,0.0
2023-05-10 13:00:00+09:00,3540.0,3560.0,3525.0,3555.0,9000,0.0,0.0
2023-05-10 14:00:00+09:00,3550.0,3570.0,3530.0,3560.0,15100,0.0,0.0
2023-05-11 09:00:00+09:00,3545.0,3560.0,3505.0,3535.0,48000,0.0,0.0
2023-05-11 10:00:00+09:00,3535.0,3545.0,3515.0,3520.0,4300,0.0,0.0
2023-05-11 11:00:00+09:00,3515.0,3545.0,3505.0,3545.0,0,0.0,0.0
2023-05-11 12:00:00+09:00,3535.0,3560.0,3535.0,3555.0,62200,0.0,0.0
2023-05-11 13:00:00+09:00,3560.0,3560.0,3545.0,3550.0,3700,0.0,0.0
2023-05-11 14:00:00+09:00,3550.0,3550.0,3535.0,3540.0,6100,0.0,0.0
2023-05-12 09:00:00+09:00,3520.0,3520.0,3420.0,3460.0,29200,0.0,0.0
2023-05-12 10:00:00+09:00,3460.0,3500.0,3460.0,3485.0,4600,0.0,0.0
2023-05-12 11:00:00+09:00,3490.0,3490.0,3475.0,3490.0,0,0.0,0.0
2023-05-12 12:00:00+09:00,3490.0,3530.0,3470.0,3525.0,40200,0.0,0.0
2023-05-12 13:00:00+09:00,3520.0,3520.0,3500.0,3505.0,5100,0.0,0.0
2023-05-12 14:00:00+09:00,3505.0,3535.0,3500.0,3530.0,11400,0.0,0.0
2023-05-15 09:00:00+09:00,3520.0,3520.0,3435.0,3445.0,22300,0.0,0.0
2023-05-15 10:00:00+09:00,3450.0,3490.0,3440.0,3485.0,8700,0.0,0.0
2023-05-15 11:00:00+09:00,3485.0,3485.0,3450.0,3450.0,0,0.0,0.0
2023-05-15 12:00:00+09:00,3450.0,3470.0,3445.0,3470.0,42100,0.0,0.0
2023-05-15 13:00:00+09:00,3465.0,3600.0,3365.0,3435.0,99700,0.0,0.0
2023-05-15 14:00:00+09:00,3440.0,3460.0,3435.0,3455.0,10000,0.0,0.0
2023-05-16 09:00:00+09:00,3400.0,3400.0,3220.0,3255.0,53300,0.0,0.0
2023-05-16 10:00:00+09:00,3250.0,3280.0,3225.0,3280.0,11900,0.0,0.0
2023-05-16 11:00:00+09:00,3280.0,3300.0,3260.0,3280.0,0,0.0,0.0
2023-05-16 12:00:00+09:00,3300.0,3300.0,3260.0,3260.0,89900,0.0,0.0
2023-05-16 13:00:00+09:00,3260.0,3270.0,3230.0,3270.0,17300,0.0,0.0
2023-05-16 14:00:00+09:00,3270.0,3275.0,3240.0,3245.0,11600,0.0,0.0
2023-05-17 09:00:00+09:00,3245.0,3260.0,3175.0,3245.0,33600,0.0,0.0
2023-05-17 10:00:00+09:00,3235.0,3245.0,3225.0,3245.0,6200,0.0,0.0
2023-05-17 11:00:00+09:00,3220.0,3230.0,3215.0,3230.0,0,0.0,0.0
2023-05-17 12:00:00+09:00,3225.0,3230.0,3210.0,3220.0,48900,0.0,0.0
2023-05-17 13:00:00+09:00,3220.0,3225.0,3195.0,3205.0,6900,0.0,0.0
2023-05-17 14:00:00+09:00,3205.0,3210.0,3185.0,3190.0,8800,0.0,0.0
2023-05-18 09:00:00+09:00,3175.0,3220.0,3140.0,3215.0,36400,0.0,0.0
2023-05-18 10:00:00+09:00,3215.0,3260.0,3215.0,3260.0,11000,0.0,0.0
2023-05-18 11:00:00+09:00,3260.0,3270.0,3240.0,3265.0,0,0.0,0.0
2023-05-18 12:00:00+09:00,3265.0,3295.0,3265.0,3285.0,70300,0.0,0.0
2023-05-18 13:00:00+09:00,3280.0,3290.0,3255.0,3265.0,14800,0.0,0.0
2023-05-18 14:00:00+09:00,3265.0,3285.0,3255.0,3285.0,18400,0.0,0.0
2023-05-19 09:00:00+09:00,3260.0,3270.0,3210.0,3240.0,9800,0.0,0.0
2023-05-19 10:00:00+09:00,3240.0,3240.0,3210.0,3210.0,7200,0.0,0.0
2023-05-19 11:00:00+09:00,3210.0,3230.0,3210.0,3215.0,0,0.0,0.0
2023-05-19 12:00:00+09:00,3235.0,3235.0,3210.0,3220.0,23200,0.0,0.0
2023-05-19 13:00:00+09:00,3220.0,3250.0,3210.0,3235.0,14400,0.0,0.0
2023-05-19 14:00:00+09:00,3235.0,3235.0,3215.0,3220.0,8400,0.0,0.0
2023-05-22 09:00:00+09:00,3200.0,3225.0,3185.0,3210.0,7600,0.0,0.0
2023-05-22 10:00:00+09:00,3210.0,3235.0,3200.0,3215.0,17100,0.0,0.0
2023-05-22 11:00:00+09:00,3220.0,3235.0,3210.0,3225.0,0,0.0,0.0
2023-05-22 12:00:00+09:00,3220.0,3225.0,3215.0,3220.0,30300,0.0,0.0
2023-05-22 13:00:00+09:00,3225.0,3230.0,3225.0,3230.0,3200,0.0,0.0
2023-05-22 14:00:00+09:00,3235.0,3300.0,3235.0,3275.0,19000,0.0,0.0
2023-05-23 09:00:00+09:00,3285.0,3310.0,3255.0,3265.0,10000,0.0,0.0
2023-05-23 10:00:00+09:00,3270.0,3285.0,3260.0,3285.0,0,0.0,0.0
2023-05-23 11:00:00+09:00,3285.0,3300.0,3260.0,3260.0,0,0.0,0.0
2023-05-23 12:00:00+09:00,3255.0,3255.0,3205.0,3215.0,29700,0.0,0.0
2023-05-23 13:00:00+09:00,3210.0,3210.0,3180.0,3190.0,15500,0.0,0.0
2023-05-23 14:00:00+09:00,3190.0,3210.0,3185.0,3185.0,19800,0.0,0.0
2023-05-24 09:00:00+09:00,3120.0,3145.0,3110.0,3125.0,0,0.0,0.0
2023-05-24 10:00:00+09:00,3120.0,3125.0,3110.0,3115.0,46100,0.0,0.0
2023-05-24 11:00:00+09:00,3110.0,3140.0,3110.0,3135.0,0,0.0,0.0
2023-05-24 12:00:00+09:00,3130.0,3150.0,3130.0,3150.0,58500,0.0,0.0
2023-05-24 13:00:00+09:00,3150.0,3165.0,3140.0,3145.0,6400,0.0,0.0
2023-05-24 14:00:00+09:00,3140.0,3160.0,3135.0,3140.0,14200,0.0,0.0
2023-05-25 09:00:00+09:00,3140.0,3160.0,3140.0,3150.0,4400,0.0,0.0
2023-05-25 10:00:00+09:00,3150.0,3150.0,3130.0,3145.0,6700,0.0,0.0
2023-05-25 11:00:00+09:00,3145.0,3165.0,3135.0,3165.0,0,0.0,0.0
2023-05-25 12:00:00+09:00,3170.0,3170.0,3140.0,3150.0,21300,0.0,0.0
2023-05-25 13:00:00+09:00,3150.0,3160.0,3135.0,3140.0,2400,0.0,0.0
2023-05-25 14:00:00+09:00,3135.0,3155.0,3135.0,3150.0,11100,0.0,0.0
2023-05-26 09:00:00+09:00,3170.0,3210.0,3150.0,3200.0,15300,0.0,0.0
2023-05-26 10:00:00+09:00,3210.0,3230.0,3195.0,3225.0,17700,0.0,0.0
2023-05-26 11:00:00+09:00,3230.0,3245.0,3225.0,3245.0,0,0.0,0.0
2023-05-26 12:00:00+09:00,3235.0,3235.0,3200.0,3205.0,42500,0.0,0.0
2023-05-26 13:00:00+09:00,3205.0,3210.0,3200.0,3210.0,7400,0.0,0.0
2023-05-26 14:00:00+09:00,3210.0,3210.0,3185.0,3190.0,11900,0.0,0.0
2023-05-29 09:00:00+09:00,3250.0,3265.0,3200.0,3230.0,0,0.0,0.0
2023-05-29 10:00:00+09:00,3230.0,3255.0,3225.0,3245.0,12500,0.0,0.0
2023-05-29 11:00:00+09:00,3255.0,3260.0,3240.0,3260.0,0,0.0,0.0
2023-05-29 12:00:00+09:00,3255.0,3255.0,3225.0,3235.0,21700,0.0,0.0
2023-05-29 13:00:00+09:00,3240.0,3250.0,3225.0,3240.0,7600,0.0,0.0
2023-05-29 14:00:00+09:00,3245.0,3255.0,3225.0,3225.0,17200,0.0,0.0
2023-05-30 09:00:00+09:00,3180.0,3195.0,3085.0,3095.0,23600,0.0,0.0
2023-05-30 10:00:00+09:00,3095.0,3120.0,3085.0,3100.0,14900,0.0,0.0
2023-05-30 11:00:00+09:00,3105.0,3115.0,3100.0,3100.0,0,0.0,0.0
2023-05-30 12:00:00+09:00,3095.0,3110.0,3095.0,3110.0,46600,0.0,0.0
2023-05-30 13:00:00+09:00,3110.0,3135.0,3110.0,3115.0,8500,0.0,0.0
2023-05-30 14:00:00+09:00,3120.0,3135.0,3120.0,3130.0,11100,0.0,0.0
2023-05-31 09:00:00+09:00,3070.0,3075.0,2986.0,3025.0,25300,0.0,0.0
2023-05-31 10:00:00+09:00,3025.0,3025.0,2996.0,3000.0,21600,0.0,0.0
2023-05-31 11:00:00+09:00,3005.0,3025.0,2996.0,3025.0,0,0.0,0.0
2023-05-31 12:00:00+09:00,3025.0,3025.0,3010.0,3010.0,66700,0.0,0.0
2023-05-31 13:00:00+09:00,3010.0,3015.0,2997.0,3010.0,12300,0.0,0.0
2023-05-31 14:00:00+09:00,3005.0,3005.0,2990.0,2990.0,19700,0.0,0.0
2023-06-01 09:00:00+09:00,2958.0,2980.0,2880.0,2974.0,39500,0.0,0.0
2023-06-01 10:00:00+09:00,2969.0,2986.0,2955.0,2963.0,0,0.0,0.0
2023-06-01 11:00:00+09:00,2965.0,2973.0,2956.0,2956.0,0,0.0,0.0
2023-06-01 12:00:00+09:00,2960.0,2969.0,2959.0,2966.0,58900,0.0,0.0
2023-06-01 13:00:00+09:00,2972.0,2974.0,2942.0,2942.0,12400,0.0,0.0
2023-06-01 14:00:00+09:00,2946.0,2957.0,2940.0,2949.0,13200,0.0,0.0
2023-06-02 09:00:00+09:00,2948.0,2953.0,2910.0,2944.0,15600,0.0,0.0
2023-06-02 10:00:00+09:00,2946.0,2953.0,2931.0,2937.0,7100,0.0,0.0
2023-06-02 11:00:00+09:00,2937.0,2942.0,2930.0,2937.0,0,0.0,0.0
2023-06-02 12:00:00+09:00,2937.0,2956.0,2933.0,2939.0,31700,0.0,0.0
2023-06-02 13:00:00+09:00,2938.0,2938.0,2921.0,2926.0,7400,0.0,0.0
2023-06-02 14:00:00+09:00,2927.0,2939.0,2923.0,2938.0,7600,0.0,0.0
2023-06-05 09:00:00+09:00,2997.0,3015.0,2976.0,2988.0,18200,0.0,0.0
2023-06-05 10:00:00+09:00,2999.0,3020.0,2995.0,3010.0,8200,0.0,0.0
2023-06-05 11:00:00+09:00,3010.0,3030.0,3005.0,3030.0,0,0.0,0.0
2023-06-05 12:00:00+09:00,3030.0,3040.0,3030.0,3035.0,41300,0.0,0.0
2023-06-05 13:00:00+09:00,3040.0,3050.0,3030.0,3045.0,7300,0.0,0.0
2023-06-05 14:00:00+09:00,3050.0,3050.0,3035.0,3035.0,10200,0.0,0.0
2023-06-06 09:00:00+09:00,2981.0,3010.0,2954.0,2977.0,24100,0.0,0.0
2023-06-06 10:00:00+09:00,2975.0,3010.0,2964.0,3000.0,10900,0.0,0.0
2023-06-06 11:00:00+09:00,3005.0,3020.0,3000.0,3020.0,0,0.0,0.0
2023-06-06 12:00:00+09:00,3020.0,3030.0,3000.0,3020.0,44000,0.0,0.0
2023-06-06 13:00:00+09:00,3025.0,3025.0,3000.0,3015.0,6500,0.0,0.0
2023-06-06 14:00:00+09:00,3015.0,3035.0,3010.0,3020.0,13600,0.0,0.0
2023-06-07 09:00:00+09:00,3045.0,3055.0,2985.0,3025.0,32700,0.0,0.0
2023-06-07 10:00:00+09:00,3025.0,3025.0,2981.0,3005.0,12800,0.0,0.0
2023-06-07 11:00:00+09:00,3005.0,3005.0,2999.0,3000.0,0,0.0,0.0
2023-06-07 12:00:00+09:00,2994.0,3025.0,2994.0,3025.0,53500,0.0,0.0
2023-06-07 13:00:00+09:00,3030.0,3030.0,3005.0,3020.0,11800,0.0,0.0
2023-06-07 14:00:00+09:00,3030.0,3030.0,2999.0,2999.0,9200,0.0,0.0
2023-06-08 09:00:00+09:00,3015.0,3045.0,2994.0,3010.0,22600,0.0,0.0
2023-06-08 10:00:00+09:00,3005.0,3030.0,2996.0,3010.0,6700,0.0,0.0
2023-06-08 11:00:00+09:00,3005.0,3005.0,2997.0,3005.0,0,0.0,0.0
2023-06-08 12:00:00+09:00,3005.0,3005.0,2964.0,2973.0,49300,0.0,0.0
2023-06-08 13:00:00+09:00,2976.0,2992.0,2968.0,2974.0,11100,0.0,0.0
2023-06-08 14:00:00+09:00,2974.0,2989.0,2971.0,2979.0,10000,0.0,0.0
2023-06-09 09:00:00+09:00,2980.0,2988.0,2941.0,2973.0,36300,0.0,0.0
2023-06-09 10:00:00+09:00,2979.0,2998.0,2968.0,2985.0,11800,0.0,0.0
2023-06-09 11:00:00+09:00,2988.0,2990.0,2975.0,2986.0,0,0.0,0.0
2023-06-09 12:00:00+09:00,2979.0,3000.0,2979.0,2994.0,65800,0.0,0.0
2023-06-09 13:00:00+09:00,2996.0,2997.0,2977.0,2984.0,7800,0.0,0.0
2023-06-09 14:00:00+09:00,2982.0,2994.0,2979.0,2988.0,10600,0.0,0.0
2023-06-12 09:00:00+09:00,3010.0,3015.0,2954.0,2984.0,17200,0.0,0.0
2023-06-12 10:00:00+09:00,2986.0,2994.0,2986.0,2993.0,1800,0.0,0.0
2023-06-12 11:00:00+09:00,2993.0,2999.0,2990.0,2996.0,0,0.0,0.0
2023-06-12 12:00:00+09:00,2996.0,3010.0,2986.0,3010.0,24400,0.0,0.0
2023-06-12 13:00:00+09:00,3005.0,3010.0,2992.0,3000.0,4400,0.0,0.0
2023-06-12 14:00:00+09:00,3005.0,3015.0,2997.0,2997.0,5200,0.0,0.0
2023-06-13 09:00:00+09:00,3020.0,3055.0,3010.0,3040.0,16500,0.0,0.0
2023-06-13 10:00:00+09:00,3040.0,3080.0,3040.0,3070.0,10700,0.0,0.0
2023-06-13 11:00:00+09:00,3070.0,3070.0,3060.0,3070.0,0,0.0,0.0
2023-06-13 12:00:00+09:00,3080.0,3090.0,3080.0,3080.0,40300,0.0,0.0
2023-06-13 13:00:00+09:00,3080.0,3090.0,3070.0,3075.0,8000,0.0,0.0
2023-06-13 14:00:00+09:00,3080.0,3095.0,3070.0,3075.0,18500,0.0,0.0
2023-06-14 09:00:00+09:00,3105.0,3115.0,3075.0,3090.0,15200,0.0,0.0
2023-06-14 10:00:00+09:00,3100.0,3110.0,3085.0,3095.0,8500,0.0,0.0
2023-06-14 11:00:00+09:00,3090.0,3105.0,3090.0,3095.0,0,0.0,0.0
2023-06-14 12:00:00+09:00,3110.0,3120.0,3100.0,3115.0,36200,0.0,0.0
2023-06-14 13:00:00+09:00,3115.0,3120.0,3100.0,3115.0,13100,0.0,0.0
2023-06-14 14:00:00+09:00,3115.0,3125.0,3110.0,3115.0,16300,0.0,0.0
2023-06-15 09:00:00+09:00,3125.0,3125.0,3080.0,3115.0,11500,0.0,0.0
2023-06-15 10:00:00+09:00,3120.0,3125.0,3110.0,3125.0,3000,0.0,0.0
2023-06-15 11:00:00+09:00,3125.0,3130.0,3110.0,3130.0,0,0.0,0.0
2023-06-15 12:00:00+09:00,3135.0,3145.0,3130.0,3130.0,22800,0.0,0.0
2023-06-15 13:00:00+09:00,3135.0,3140.0,3125.0,3135.0,4600,0.0,0.0
2023-06-15 14:00:00+09:00,3135.0,3150.0,3125.0,3125.0,11900,0.0,0.0
2023-06-16 09:00:00+09:00,3100.0,3120.0,3095.0,3095.0,11000,0.0,0.0
2023-06-16 10:00:00+09:00,3090.0,3090.0,3075.0,3080.0,4100,0.0,0.0
2023-06-16 11:00:00+09:00,3080.0,3080.0,3075.0,3075.0,0,0.0,0.0
2023-06-16 12:00:00+09:00,3095.0,3115.0,3090.0,3100.0,30300,0.0,0.0
2023-06-16 13:00:00+09:00,3100.0,3135.0,3100.0,3130.0,11700,0.0,0.0
2023-06-16 14:00:00+09:00,3125.0,3155.0,3115.0,3135.0,26100,0.0,0.0
2023-06-19 09:00:00+09:00,3145.0,3145.0,3090.0,3110.0,19500,0.0,0.0
2023-06-19 10:00:00+09:00,3115.0,3130.0,3110.0,3130.0,3400,0.0,0.0
2023-06-19 11:00:00+09:00,3130.0,3145.0,3125.0,3145.0,0,0.0,0.0
2023-06-19 12:00:00+09:00,3140.0,3140.0,3105.0,3115.0,32100,0.0,0.0
2023-06-19 13:00:00+09:00,3110.0,3110.0,3090.0,3090.0,0,0.0,0.0
2023-06-19 14:00:00+09:00,3085.0,3115.0,3085.0,3110.0,61800,0.0,0.0
2023-06-20 09:00:00+09:00,3110.0,3110.0,3090.0,3095.0,7500,0.0,0.0
2023-06-20 10:00:00+09:00,3090.0,3105.0,3080.0,3080.0,4500,0.0,0.0
2023-06-20 11:00:00+09:00,3085.0,3085.0,3075.0,3080.0,0,0.0,0.0
2023-06-20 12:00:00+09:00,3090.0,3095.0,3085.0,3095.0,17100,0.0,0.0
2023-06-20 13:00:00+09:00,3090.0,3100.0,3080.0,3100.0,3000,0.0,0.0
2023-06-20 14:00:00+09:00,3100.0,3105.0,3085.0,3100.0,6900,0.0,0.0
2023-06-21 09:00:00+09:00,3090.0,3140.0,3085.0,3135.0,8100,0.0,0.0
2023-06-21 10:00:00+09:00,3140.0,3150.0,3125.0,3140.0,14900,0.0,0.0
2023-06-21 11:00:00+09:00,3140.0,3150.0,3140.0,3150.0,0,0.0,0.0
2023-06-21 12:00:00+09:00,3150.0,3150.0,3125.0,3150.0,34800,0.0,0.0
2023-06-21 13:00:00+09:00,3145.0,3160.0,3135.0,3160.0,8000,0.0,0.0
2023-06-21 14:00:00+09:00,3165.0,3165.0,3140.0,3150.0,12700,0.0,0.0
2023-06-22 09:00:00+09:00,3125.0,3150.0,3125.0,3140.0,8700,0.0,0.0
2023-06-22 10:00:00+09:00,3145.0,3155.0,3135.0,3150.0,9600,0.0,0.0
2023-06-22 11:00:00+09:00,3145.0,3145.0,3125.0,3125.0,0,0.0,0.0
2023-06-22 12:00:00+09:00,3135.0,3140.0,3125.0,3135.0,33900,0.0,0.0
2023-06-22 13:00:00+09:00,3135.0,3140.0,3115.0,3130.0,8300,0.0,0.0
2023-06-22 14:00:00+09:00,3135.0,3135.0,3100.0,3130.0,22900,0.0,0.0
2023-06-23 09:00:00+09:00,3145.0,3180.0,3145.0,3160.0,11700,0.0,0.0
2023-06-23 10:00:00+09:00,3155.0,3160.0,3085.0,3120.0,20900,0.0,0.0
2023-06-23 11:00:00+09:00,3115.0,3125.0,3105.0,3110.0,0,0.0,0.0
2023-06-23 12:00:00+09:00,3110.0,3120.0,3100.0,3105.0,42300,0.0,0.0
2023-06-23 13:00:00+09:00,3105.0,3115.0,3090.0,3115.0,5000,0.0,0.0
2023-06-23 14:00:00+09:00,3115.0,3125.0,3100.0,3110.0,12900,0.0,0.0
2023-06-26 09:00:00+09:00,3100.0,3120.0,3050.0,3120.0,12700,0.0,0.0
2023-06-26 10:00:00+09:00,3125.0,3145.0,3110.0,3140.0,10500,0.0,0.0
2023-06-26 11:00:00+09:00,3140.0,3150.0,3130.0,3145.0,0,0.0,0.0
2023-06-26 12:00:00+09:00,3145.0,3145.0,3130.0,3130.0,33400,0.0,0.0
2023-06-26 13:00:00+09:00,3130.0,3150.0,3130.0,3145.0,9100,0.0,0.0
2023-06-26 14:00:00+09:00,3145.0,3150.0,3130.0,3135.0,10300,0.0,0.0
2023-06-27 09:00:00+09:00,3135.0,3150.0,3115.0,3150.0,12200,0.0,0.0
2023-06-27 10:00:00+09:00,3140.0,3150.0,3135.0,3145.0,7600,0.0,0.0
2023-06-27 11:00:00+09:00,3150.0,3150.0,3135.0,3135.0,0,0.0,0.0
2023-06-27 12:00:00+09:00,3135.0,3140.0,3120.0,3130.0,30200,0.0,0.0
2023-06-27 13:00:00+09:00,3130.0,3160.0,3130.0,3155.0,7100,0.0,0.0
2023-06-27 14:00:00+09:00,3155.0,3155.0,3140.0,3145.0,10700,0.0,0.0
2023-06-28 09:00:00+09:00,3195.0,3220.0,3180.0,3215.0,9700,0.0,0.0
2023-06-28 10:00:00+09:00,3220.0,3220.0,3185.0,3215.0,10000,0.0,0.0
2023-06-28 11:00:00+09:00,3210.0,3220.0,3205.0,3210.0,0,0.0,0.0
2023-06-28 12:00:00+09:00,3220.0,3230.0,3210.0,3210.0,39600,0.0,0.0
2023-06-28 13:00:00+09:00,3215.0,3225.0,3210.0,3215.0,8000,0.0,0.0
2023-06-28 14:00:00+09:00,3220.0,3230.0,3215.0,3220.0,10400,0.0,0.0
2023-06-29 09:00:00+09:00,3270.0,3280.0,3250.0,3250.0,7700,0.0,0.0
2023-06-29 10:00:00+09:00,3255.0,3275.0,3240.0,3275.0,8300,0.0,0.0
2023-06-29 11:00:00+09:00,3275.0,3275.0,3250.0,3265.0,0,0.0,0.0
2023-06-29 12:00:00+09:00,3265.0,3265.0,3240.0,3255.0,26300,0.0,0.0
2023-06-29 13:00:00+09:00,3265.0,3265.0,3255.0,3265.0,4700,0.0,0.0
2023-06-29 14:00:00+09:00,3270.0,3275.0,3255.0,3270.0,16300,0.0,0.0
2023-06-30 09:00:00+09:00,3285.0,3350.0,3285.0,3325.0,20300,0.0,0.0
2023-06-30 10:00:00+09:00,3325.0,3350.0,3320.0,3340.0,9500,0.0,0.0
2023-06-30 11:00:00+09:00,3340.0,3350.0,3330.0,3335.0,0,0.0,0.0
2023-06-30 12:00:00+09:00,3350.0,3370.0,3340.0,3355.0,46300,0.0,0.0
2023-06-30 13:00:00+09:00,3350.0,3395.0,3350.0,3390.0,31100,0.0,0.0
2023-06-30 14:00:00+09:00,3390.0,3400.0,3380.0,3390.0,27200,0.0,0.0
2023-07-03 09:00:00+09:00,3435.0,3435.0,3400.0,3430.0,21300,0.0,0.0
2023-07-03 10:00:00+09:00,3435.0,3470.0,3430.0,3465.0,11600,0.0,0.0
2023-07-03 11:00:00+09:00,3460.0,3465.0,3450.0,3450.0,0,0.0,0.0
2023-07-03 12:00:00+09:00,3465.0,3480.0,3445.0,3470.0,55500,0.0,0.0
2023-07-03 13:00:00+09:00,3470.0,3500.0,3460.0,3495.0,26300,0.0,0.0
2023-07-03 14:00:00+09:00,3495.0,3510.0,3485.0,3490.0,19800,0.0,0.0
2023-07-04 09:00:00+09:00,3465.0,3485.0,3440.0,3460.0,12700,0.0,0.0
2023-07-04 10:00:00+09:00,3460.0,3495.0,3460.0,3490.0,4500,0.0,0.0
2023-07-04 11:00:00+09:00,3485.0,3500.0,3485.0,3495.0,0,0.0,0.0
2023-07-04 12:00:00+09:00,3485.0,3495.0,3470.0,3485.0,25500,0.0,0.0
2023-07-04 13:00:00+09:00,3485.0,3485.0,3470.0,3470.0,1700,0.0,0.0
2023-07-04 14:00:00+09:00,3470.0,3490.0,3470.0,3475.0,13800,0.0,0.0
2023-07-05 09:00:00+09:00,3460.0,3530.0,3460.0,3485.0,23700,0.0,0.0
2023-07-05 10:00:00+09:00,3480.0,3500.0,3480.0,3480.0,5000,0.0,0.0
2023-07-05 11:00:00+09:00,3485.0,3490.0,3475.0,3485.0,0,0.0,0.0
2023-07-05 12:00:00+09:00,3485.0,3535.0,3485.0,3530.0,45400,0.0,0.0
2023-07-05 13:00:00+09:00,3530.0,3535.0,3485.0,3495.0,12000,0.0,0.0
2023-07-05 14:00:00+09:00,3490.0,3520.0,3485.0,3515.0,14300,0.0,0.0
2023-07-06 09:00:00+09:00,3545.0,3545.0,3480.0,3510.0,10100,0.0,0.0
2023-07-06 10:00:00+09:00,3510.0,3515.0,3500.0,3505.0,3900,0.0,0.0
2023-07-06 11:00:00+09:00,3500.0,3505.0,3460.0,3475.0,0,0.0,0.0
2023-07-06 12:00:00+09:00,3460.0,3460.0,3430.0,3445.0,31800,0.0,0.0
2023-07-06 13:00:00+09:00,3445.0,3475.0,3435.0,3470.0,6400,0.0,0.0
2023-07-06 14:00:00+09:00,3470.0,3490.0,3460.0,3475.0,20600,0.0,0.0
2023-07-07 09:00:00+09:00,3450.0,3495.0,3390.0,3485.0,28100,0.0,0.0
2023-07-07 10:00:00+09:00,3495.0,3520.0,3495.0,3515.0,11700,0.0,0.0
2023-07-07 11:00:00+09:00,3515.0,3520.0,3505.0,3505.0,0,0.0,0.0
2023-07-07 12:00:00+09:00,3525.0,3525.0,3490.0,3495.0,57600,0.0,0.0
2023-07-07 13:00:00+09:00,3495.0,3510.0,3490.0,3500.0,13000,0.0,0.0
2023-07-07 14:00:00+09:00,3495.0,3505.0,3460.0,3460.0,10500,0.0,0.0
2023-07-10 09:00:00+09:00,3430.0,3500.0,3430.0,3495.0,12200,0.0,0.0
2023-07-10 10:00:00+09:00,3490.0,3490.0,3445.0,3450.0,8000,0.0,0.0
2023-07-10 11:00:00+09:00,3460.0,3465.0,3445.0,3465.0,0,0.0,0.0
2023-07-10 12:00:00+09:00,3450.0,3450.0,3425.0,3435.0,28500,0.0,0.0
2023-07-10 13:00:00+09:00,3430.0,3435.0,3420.0,3420.0,4600,0.0,0.0
2023-07-10 14:00:00+09:00,3415.0,3420.0,3400.0,3410.0,14700,0.0,0.0
2023-07-11 09:00:00+09:00,3440.0,3490.0,3425.0,3480.0,8600,0.0,0.0
2023-07-11 10:00:00+09:00,3475.0,3475.0,3455.0,3465.0,4500,0.0,0.0
2023-07-11 11:00:00+09:00,3460.0,3465.0,3450.0,3450.0,0,0.0,0.0
2023-07-11 12:00:00+09:00,3440.0,3450.0,3440.0,3445.0,18800,0.0,0.0
2023-07-11 13:00:00+09:00,3445.0,3445.0,3425.0,3430.0,2700,0.0,0.0
2023-07-11 14:00:00+09:00,3435.0,3435.0,3415.0,3415.0,11500,0.0,0.0
2023-07-12 09:00:00+09:00,3420.0,3420.0,3320.0,3325.0,8200,0.0,0.0
2023-07-12 10:00:00+09:00,3330.0,3340.0,3320.0,3325.0,4300,0.0,0.0
2023-07-12 11:00:00+09:00,3320.0,3335.0,3320.0,3330.0,0,0.0,0.0
2023-07-12 12:00:00+09:00,3330.0,3330.0,3310.0,3320.0,20000,0.0,0.0
2023-07-12 13:00:00+09:00,3320.0,3330.0,3305.0,3305.0,3300,0.0,0.0
2023-07-12 14:00:00+09:00,3305.0,3310.0,3285.0,3285.0,8800,0.0,0.0
2023-07-13 09:00:00+09:00,3285.0,3300.0,3235.0,3295.0,10000,0.0,0.0
2023-07-13 10:00:00+09:00,3300.0,3305.0,3280.0,3285.0,4800,0.0,0.0
2023-07-13 11:00:00+09:00,3290.0,3295.0,3285.0,3285.0,0,0.0,0.0
2023-07-13 12:00:00+09:00,3295.0,3300.0,3285.0,3290.0,25000,0.0,0.0
2023-07-13 13:00:00+09:00,3290.0,3295.0,3280.0,3285.0,4500,0.0,0.0
2023-07-13 14:00:00+09:00,3280.0,3295.0,3280.0,3295.0,3100,0.0,0.0
2023-07-14 09:00:00+09:00,3325.0,3330.0,3235.0,3240.0,7200,0.0,0.0
2023-07-14 10:00:00+09:00,3235.0,3255.0,3230.0,3240.0,11500,0.0,0.0
2023-07-14 11:00:00+09:00,3240.0,3240.0,3235.0,3235.0,0,0.0,0.0
2023-07-14 12:00:00+09:00,3230.0,3255.0,3230.0,3255.0,0,0.0,0.0
2023-07-14 13:00:00+09:00,3255.0,3260.0,3225.0,3240.0,34000,0.0,0.0
2023-07-14 14:00:00+09:00,3240.0,3240.0,3225.0,3235.0,10300,0.0,0.0
2023-07-18 09:00:00+09:00,3235.0,3290.0,3230.0,3275.0,9400,0.0,0.0
2023-07-18 10:00:00+09:00,3275.0,3275.0,3255.0,3255.0,3600,0.0,0.0
2023-07-18 11:00:00+09:00,3255.0,3260.0,3250.0,3255.0,0,0.0,0.0
2023-07-18 12:00:00+09:00,3245.0,3265.0,3245.0,3265.0,18700,0.0,0.0
2023-07-18 13:00:00+09:00,3260.0,3270.0,3245.0,3255.0,10700,0.0,0.0
2023-07-18 14:00:00+09:00,3250.0,3265.0,3245.0,3265.0,7900,0.0,0.0
2023-07-19 09:00:00+09:00,3300.0,3315.0,3270.0,3290.0,9200,0.0,0.0
2023-07-19 10:00:00+09:00,3295.0,3300.0,3270.0,3290.0,5100,0.0,0.0
2023-07-19 11:00:00+09:00,3285.0,3285.0,3270.0,3285.0,0,0.0,0.0
2023-07-19 12:00:00+09:00,3285.0,3285.0,3260.0,3265.0,27500,0.0,0.0
2023-07-19 13:00:00+09:00,3270.0,3290.0,3270.0,3285.0,8500,0.0,0.0
2023-07-19 14:00:00+09:00,3285.0,3320.0,3285.0,3310.0,8100,0.0,0.0
2023-07-20 09:00:00+09:00,3350.0,3350.0,3315.0,3320.0,0,0.0,0.0
2023-07-20 10:00:00+09:00,3320.0,3320.0,3300.0,3300.0,12900,0.0,0.0
2023-07-20 11:00:00+09:00,3295.0,3295.0,3285.0,3290.0,0,0.0,0.0
2023-07-20 12:00:00+09:00,3275.0,3290.0,3275.0,3285.0,17700,0.0,0.0
2023-07-20 13:00:00+09:00,3290.0,3305.0,3270.0,3285.0,10200,0.0,0.0
2023-07-20 14:00:00+09:00,3280.0,3290.0,3265.0,3265.0,10700,0.0,0.0
2023-07-21 09:00:00+09:00,3235.0,3240.0,3200.0,3215.0,12400,0.0,0.0
2023-07-21 10:00:00+09:00,3210.0,3225.0,3200.0,3215.0,2600,0.0,0.0
2023-07-21 11:00:00+09:00,3215.0,3220.0,3215.0,3215.0,0,0.0,0.0
2023-07-21 12:00:00+09:00,3225.0,3225.0,3210.0,3210.0,18400,0.0,0.0
2023-07-21 13:00:00+09:00,3210.0,3210.0,3195.0,3205.0,7500,0.0,0.0
2023-07-21 14:00:00+09:00,3200.0,3200.0,3180.0,3180.0,11500,0.0,0.0
2023-07-24 09:00:00+09:00,3195.0,3210.0,3190.0,3190.0,7200,0.0,0.0
2023-07-24 10:00:00+09:00,3200.0,3210.0,3195.0,3210.0,2300,0.0,0.0
2023-07-24 11:00:00+09:00,3210.0,3215.0,3195.0,3205.0,0,0.0,0.0
2023-07-24 12:00:00+09:00,3220.0,3220.0,3210.0,3210.0,17600,0.0,0.0
2023-07-24 13:00:00+09:00,3215.0,3215.0,3205.0,3215.0,3800,0.0,0.0
2023-07-24 14:00:00+09:00,3220.0,3225.0,3200.0,3210.0,6700,0.0,0.0
2023-07-25 09:00:00+09:00,3215.0,3220.0,3195.0,3210.0,6100,0.0,0.0
2023-07-25 10:00:00+09:00,3210.0,3220.0,3210.0,3215.0,3700,0.0,0.0
2023-07-25 11:00:00+09:00,3220.0,3220.0,3195.0,3195.0,0,0.0,0.0
2023-07-25 12:00:00+09:00,3205.0,3210.0,3200.0,3200.0,36500,0.0,0.0
2023-07-25 13:00:00+09:00,3200.0,3205.0,3195.0,3195.0,3600,0.0,0.0
2023-07-25 14:00:00+09:00,3200.0,3220.0,3195.0,3220.0,11400,0.0,0.0
2023-07-26 09:00:00+09:00,3220.0,3220.0,3190.0,3215.0,4200,0.0,0.0
2023-07-26 10:00:00+09:00,3205.0,3230.0,3205.0,3230.0,4100,0.0,0.0
2023-07-26 11:00:00+09:00,3220.0,3225.0,3215.0,3225.0,0,0.0,0.0
2023-07-26 12:00:00+09:00,3215.0,3230.0,3215.0,3225.0,17100,0.0,0.0
2023-07-26 13:00:00+09:00,3215.0,3225.0,3205.0,3215.0,6000,0.0,0.0
2023-07-26 14:00:00+09:00,3210.0,3210.0,3200.0,3200.0,2300,0.0,0.0
2023-07-27 09:00:00+09:00,3185.0,3185.0,3145.0,3165.0,18000,0.0,0.0
2023-07-27 10:00:00+09:00,3170.0,3195.0,3170.0,3180.0,6000,0.0,0.0
2023-07-27 11:00:00+09:00,3185.0,3185.0,3175.0,3175.0,0,0.0,0.0
2023-07-27 12:00:00+09:00,3175.0,3185.0,3155.0,3155.0,31400,0.0,0.0
2023-07-27 13:00:00+09:00,3160.0,3175.0,3160.0,3165.0,2700,0.0,0.0
2023-07-27 14:00:00+09:00,3160.0,3175.0,3150.0,3160.0,13900,0.0,0.0
2023-07-28 09:00:00+09:00,3140.0,3155.0,3125.0,3155.0,10200,0.0,0.0
2023-07-28 10:00:00+09:00,3155.0,3165.0,3140.0,3160.0,3400,0.0,0.0
2023-07-28 11:00:00+09:00,3155.0,3160.0,3145.0,3150.0,0,0.0,0.0
2023-07-28 12:00:00+09:00,3150.0,3195.0,3145.0,3160.0,23800,0.0,0.0
2023-07-28 13:00:00+09:00,3160.0,3160.0,3140.0,3145.0,0,0.0,0.0
2023-07-28 14:00:00+09:00,3145.0,3180.0,3140.0,3180.0,41700,0.0,0.0
2023-07-31 09:00:00+09:00,3225.0,3225.0,3180.0,3205.0,10900,0.0,0.0
2023-07-31 10:00:00+09:00,3200.0,3200.0,3190.0,3195.0,4200,0.0,0.0
2023-07-31 11:00:00+09:00,3195.0,3215.0,3195.0,3205.0,0,0.0,0.0
2023-07-31 12:00:00+09:00,3205.0,3215.0,3200.0,3210.0,25100,0.0,0.0
2023-07-31 13:00:00+09:00,3210.0,3215.0,3205.0,3210.0,3400,0.0,0.0
2023-07-31 14:00:00+09:00,3210.0,3230.0,3205.0,3215.0,15900,0.0,0.0
2023-08-01 09:00:00+09:00,3220.0,3220.0,3205.0,3215.0,10400,0.0,0.0
2023-08-01 10:00:00+09:00,3215.0,3225.0,3195.0,3220.0,13000,0.0,0.0
2023-08-01 11:00:00+09:00,3215.0,3225.0,3210.0,3225.0,0,0.0,0.0
2023-08-01 12:00:00+09:00,3225.0,3240.0,3225.0,3230.0,31100,0.0,0.0
2023-08-01 13:00:00+09:00,3225.0,3240.0,3220.0,3240.0,6200,0.0,0.0
2023-08-01 14:00:00+09:00,3240.0,3280.0,3240.0,3275.0,17800,0.0,0.0
2023-08-02 09:00:00+09:00,3265.0,3340.0,3265.0,3335.0,16800,0.0,0.0
2023-08-02 10:00:00+09:00,3335.0,3380.0,3335.0,3375.0,13300,0.0,0.0
2023-08-02 11:00:00+09:00,3370.0,3375.0,3360.0,3365.0,0,0.0,0.0
2023-08-02 12:00:00+09:00,3365.0,3365.0,3330.0,3335.0,45300,0.0,0.0
2023-08-02 13:00:00+09:00,3330.0,3345.0,3320.0,3325.0,11900,0.0,0.0
2023-08-02 14:00:00+09:00,3325.0,3365.0,3320.0,3340.0,29800,0.0,0.0
2023-08-03 09:00:00+09:00,3285.0,3285.0,3210.0,3245.0,25600,0.0,0.0
2023-08-03 10:00:00+09:00,3240.0,3240.0,3205.0,3235.0,19000,0.0,0.0
2023-08-03 11:00:00+09:00,3240.0,3250.0,3235.0,3235.0,0,0.0,0.0
2023-08-03 12:00:00+09:00,3220.0,3240.0,3220.0,3225.0,53300,0.0,0.0
2023-08-03 13:00:00+09:00,3225.0,3240.0,3220.0,3225.0,8600,0.0,0.0
2023-08-03 14:00:00+09:00,3230.0,3235.0,3215.0,3230.0,24000,0.0,0.0
2023-08-04 09:00:00+09:00,3185.0,3210.0,3160.0,3200.0,16600,0.0,0.0
2023-08-04 10:00:00+09:00,3195.0,3200.0,3160.0,3160.0,10200,0.0,0.0
2023-08-04 11:00:00+09:00,3160.0,3160.0,3150.0,3150.0,0,0.0,0.0
2023-08-04 12:00:00+09:00,3150.0,3160.0,3135.0,3140.0,40500,0.0,0.0
2023-08-04 13:00:00+09:00,3135.0,3170.0,3135.0,3170.0,9700,0.0,0.0
2023-08-04 14:00:00+09:00,3165.0,3165.0,3145.0,3160.0,13500,0.0,0.0
2023-08-07 09:00:00+09:00,3175.0,3175.0,3125.0,3160.0,10600,0.0,0.0
2023-08-07 10:00:00+09:00,3160.0,3175.0,3150.0,3160.0,4000,0.0,0.0
2023-08-07 11:00:00+09:00,3155.0,3170.0,3155.0,3170.0,0,0.0,0.0
2023-08-07 12:00:00+09:00,3170.0,3180.0,3165.0,3170.0,18300,0.0,0.0
2023-08-07 13:00:00+09:00,3165.0,3170.0,3150.0,3160.0,10900,0.0,0.0
2023-08-07 14:00:00+09:00,3155.0,3175.0,3155.0,3170.0,6000,0.0,0.0
2023-08-08 09:00:00+09:00,3220.0,3220.0,3195.0,3220.0,8400,0.0,0.0
2023-08-08 10:00:00+09:00,3220.0,3220.0,3205.0,3205.0,5100,0.0,0.0
2023-08-08 11:00:00+09:00,3200.0,3205.0,3195.0,3195.0,0,0.0,0.0
2023-08-08 12:00:00+09:00,3200.0,3215.0,3200.0,3210.0,20600,0.0,0.0
2023-08-08 13:00:00+09:00,3205.0,3215.0,3200.0,3215.0,2600,0.0,0.0
2023-08-08 14:00:00+09:00,3215.0,3215.0,3195.0,3205.0,9200,0.0,0.0
2023-08-09 09:00:00+09:00,3190.0,3195.0,3170.0,3190.0,6500,0.0,0.0
2023-08-09 10:00:00+09:00,3195.0,3215.0,3185.0,3195.0,6800,0.0,0.0
2023-08-09 11:00:00+09:00,3195.0,3200.0,3180.0,3180.0,0,0.0,0.0
2023-08-09 12:00:00+09:00,3185.0,3185.0,3155.0,3165.0,21000,0.0,0.0
2023-08-09 13:00:00+09:00,3165.0,3180.0,3160.0,3170.0,6000,0.0,0.0
2023-08-09 14:00:00+09:00,3170.0,3190.0,3170.0,3185.0,4000,0.0,0.0
2023-08-10 09:00:00+09:00,3160.0,3160.0,3070.0,3115.0,21700,0.0,0.0
2023-08-10 10:00:00+09:00,3115.0,3130.0,3105.0,3125.0,5600,0.0,0.0
2023-08-10 11:00:00+09:00,3125.0,3140.0,3125.0,3135.0,0,0.0,0.0
2023-08-10 12:00:00+09:00,3150.0,3190.0,3140.0,3175.0,42400,0.0,0.0
2023-08-10 13:00:00+09:00,3170.0,3610.0,3160.0,3580.0,252400,0.0,0.0
2023-08-10 14:00:00+09:00,3575.0,3600.0,3520.0,3550.0,100200,0.0,0.0
2023-08-14 09:00:00+09:00,3660.0,3990.0,3660.0,3910.0,175600,0.0,0.0
2023-08-14 10:00:00+09:00,3915.0,3920.0,3875.0,3885.0,32700,0.0,0.0
2023-08-14 11:00:00+09:00,3875.0,3880.0,3820.0,3860.0,0,0.0,0.0
2023-08-14 12:00:00+09:00,3865.0,3925.0,3855.0,3910.0,247200,0.0,0.0
2023-08-14 13:00:00+09:00,3910.0,3910.0,3825.0,3825.0,22200,0.0,0.0
2023-08-14 14:00:00+09:00,3825.0,3860.0,3820.0,3845.0,25900,0.0,0.0
2023-08-15 09:00:00+09:00,3890.0,3890.0,3770.0,3800.0,20700,0.0,0.0
2023-08-15 10:00:00+09:00,3800.0,3860.0,3785.0,3845.0,12000,0.0,0.0
2023-08-15 11:00:00+09:00,3840.0,3840.0,3775.0,3785.0,0,0.0,0.0
2023-08-15 12:00:00+09:00,3795.0,3800.0,3775.0,3780.0,46700,0.0,0.0
2023-08-15 13:00:00+09:00,3775.0,3775.0,3730.0,3730.0,17300,0.0,0.0
2023-08-15 14:00:00+09:00,3735.0,3780.0,3710.0,3780.0,24500,0.0,0.0
2023-08-16 09:00:00+09:00,3720.0,3720.0,3640.0,3640.0,28600,0.0,0.0
2023-08-16 10:00:00+09:00,3650.0,3705.0,3645.0,3655.0,11100,0.0,0.0
2023-08-16 11:00:00+09:00,3645.0,3655.0,3645.0,3645.0,0,0.0,0.0
2023-08-16 12:00:00+09:00,3650.0,3655.0,3640.0,3640.0,46700,0.0,0.0
2023-08-16 13:00:00+09:00,3645.0,3650.0,3610.0,3640.0,15000,0.0,0.0
2023-08-16 14:00:00+09:00,3645.0,3655.0,3620.0,3645.0,15300,0.0,0.0
2023-08-17 09:00:00+09:00,3585.0,3605.0,3530.0,3540.0,31000,0.0,0.0
2023-08-17 10:00:00+09:00,3535.0,3565.0,3520.0,3565.0,7000,0.0,0.0
2023-08-17 11:00:00+09:00,3570.0,3595.0,3570.0,3575.0,0,0.0,0.0
2023-08-17 12:00:00+09:00,3595.0,3615.0,3590.0,3610.0,50400,0.0,0.0
2023-08-17 13:00:00+09:00,3610.0,3620.0,3600.0,3605.0,11000,0.0,0.0
2023-08-17 14:00:00+09:00,3610.0,3635.0,3610.0,3630.0,10900,0.0,0.0
2023-08-18 09:00:00+09:00,3640.0,3680.0,3640.0,3660.0,12200,0.0,0.0
2023-08-18 10:00:00+09:00,3650.0,3675.0,3645.0,3670.0,3500,0.0,0.0
2023-08-18 11:00:00+09:00,3670.0,3690.0,3670.0,3690.0,0,0.0,0.0
2023-08-18 12:00:00+09:00,3700.0,3700.0,3610.0,3645.0,24800,0.0,0.0
2023-08-18 13:00:00+09:00,3640.0,3645.0,3625.0,3630.0,4200,0.0,0.0
2023-08-18 14:00:00+09:00,3625.0,3640.0,3610.0,3635.0,10300,0.0,0.0
2023-08-21 09:00:00+09:00,3640.0,3705.0,3640.0,3690.0,8700,0.0,0.0
2023-08-21 10:00:00+09:00,3700.0,3710.0,3675.0,3700.0,5900,0.0,0.0
2023-08-21 11:00:00+09:00,3690.0,3700.0,3685.0,3695.0,0,0.0,0.0
2023-08-21 12:00:00+09:00,3715.0,3720.0,3690.0,3705.0,21900,0.0,0.0
2023-08-21 13:00:00+09:00,3705.0,3720.0,3695.0,3700.0,6300,0.0,0.0
2023-08-21 14:00:00+09:00,3705.0,3705.0,3685.0,3695.0,7300,0.0,0.0
2023-08-22 09:00:00+09:00,3710.0,3720.0,3650.0,3710.0,0,0.0,0.0
2023-08-22 10:00:00+09:00,3705.0,3730.0,3695.0,3720.0,18600,0.0,0.0
2023-08-22 11:00:00+09:00,3715.0,3720.0,3715.0,3720.0,0,0.0,0.0
2023-08-22 12:00:00+09:00,3720.0,3730.0,3715.0,3725.0,22200,0.0,0.0
2023-08-22 13:00:00+09:00,3720.0,3720.0,3700.0,3720.0,6000,0.0,0.0
2023-08-22 14:00:00+09:00,3720.0,3730.0,3710.0,3730.0,6300,0.0,0.0
2023-08-23 09:00:00+09:00,3735.0,3735.0,3690.0,3715.0,5100,0.0,0.0
2023-08-23 10:00:00+09:00,3710.0,3730.0,3705.0,3725.0,2900,0.0,0.0
2023-08-23 11:00:00+09:00,3720.0,3725.0,3720.0,3725.0,0,0.0,0.0
2023-08-23 12:00:00+09:00,3730.0,3745.0,3725.0,3725.0,17100,0.0,0.0
2023-08-23 13:00:00+09:00,3730.0,3730.0,3715.0,3720.0,1900,0.0,0.0
2023-08-23 14:00:00+09:00,3725.0,3750.0,3725.0,3740.0,4900,0.0,0.0
2023-08-24 09:00:00+09:00,3760.0,3790.0,3750.0,3780.0,15300,0.0,0.0
2023-08-24 10:00:00+09:00,3785.0,3795.0,3760.0,3760.0,3400,0.0,0.0
2023-08-24 11:00:00+09:00,3760.0,3765.0,3755.0,3765.0,0,0.0,0.0
2023-08-24 12:00:00+09:00,3780.0,3785.0,3780.0,3780.0,25000,0.0,0.0
2023-08-24 13:00:00+09:00,3780.0,3800.0,3780.0,3800.0,6400,0.0,0.0
2023-08-24 14:00:00+09:00,3795.0,3820.0,3790.0,3795.0,8100,0.0,0.0
2023-08-25 09:00:00+09:00,3760.0,3760.0,3705.0,3705.0,12100,0.0,0.0
2023-08-25 10:00:00+09:00,3705.0,3725.0,3680.0,3695.0,5000,0.0,0.0
2023-08-25 11:00:00+09:00,3695.0,3695.0,3660.0,3660.0,0,0.0,0.0
2023-08-25 12:00:00+09:00,3665.0,3675.0,3665.0,3675.0,22300,0.0,0.0
2023-08-25 13:00:00+09:00,3680.0,3680.0,3655.0,3655.0,6700,0.0,0.0
2023-08-25 14:00:00+09:00,3655.0,3715.0,3650.0,3700.0,33000,0.0,0.0
2023-08-28 09:00:00+09:00,3750.0,3780.0,3730.0,3760.0,14300,0.0,0.0
2023-08-28 10:00:00+09:00,3755.0,3775.0,3755.0,3770.0,4500,0.0,0.0
2023-08-28 11:00:00+09:00,3765.0,3780.0,3735.0,3750.0,0,0.0,0.0
2023-08-28 12:00:00+09:00,3745.0,3745.0,3730.0,3735.0,34600,0.0,0.0
2023-08-28 13:00:00+09:00,3735.0,3735.0,3715.0,3725.0,8700,0.0,0.0
2023-08-28 14:00:00+09:00,3735.0,3790.0,3730.0,3790.0,16300,0.0,0.0
2023-08-29 09:00:00+09:00,3830.0,3830.0,3755.0,3755.0,0,0.0,0.0
2023-08-29 10:00:00+09:00,3750.0,3765.0,3725.0,3725.0,12000,0.0,0.0
2023-08-29 11:00:00+09:00,3725.0,3735.0,3715.0,3730.0,0,0.0,0.0
2023-08-29 12:00:00+09:00,3730.0,3750.0,3730.0,3745.0,21900,0.0,0.0
2023-08-29 13:00:00+09:00,3750.0,3755.0,3750.0,3755.0,1300,0.0,0.0
2023-08-29 14:00:00+09:00,3760.0,3770.0,3720.0,3755.0,29900,0.0,0.0
2023-08-30 09:00:00+09:00,3750.0,3825.0,3735.0,3800.0,13900,0.0,0.0
2023-08-30 10:00:00+09:00,3805.0,3805.0,3790.0,3800.0,900,0.0,0.0
2023-08-30 11:00:00+09:00,3805.0,3810.0,3800.0,3810.0,0,0.0,0.0
2023-08-30 12:00:00+09:00,3810.0,3830.0,3800.0,3810.0,24000,0.0,0.0
2023-08-30 13:00:00+09:00,3805.0,3810.0,3800.0,3810.0,1800,0.0,0.0
2023-08-30 14:00:00+09:00,3810.0,3840.0,3805.0,3830.0,19800,0.0,0.0
2023-08-31 09:00:00+09:00,3835.0,3950.0,3825.0,3950.0,24400,0.0,0.0
2023-08-31 10:00:00+09:00,3950.0,3970.0,3930.0,3960.0,11300,0.0,0.0
2023-08-31 11:00:00+09:00,3955.0,3970.0,3950.0,3960.0,0,0.0,0.0
2023-08-31 12:00:00+09:00,3950.0,3960.0,3930.0,3950.0,46200,0.0,0.0
2023-08-31 13:00:00+09:00,3950.0,3955.0,3930.0,3945.0,9500,0.0,0.0
2023-08-31 14:00:00+09:00,3940.0,3955.0,3935.0,3935.0,13500,0.0,0.0
2023-09-01 09:00:00+09:00,3930.0,3965.0,3885.0,3965.0,38700,0.0,0.0
2023-09-01 10:00:00+09:00,3970.0,3970.0,3950.0,3965.0,9300,0.0,0.0
2023-09-01 11:00:00+09:00,3970.0,3985.0,3960.0,3975.0,0,0.0,0.0
2023-09-01 12:00:00+09:00,3960.0,4020.0,3960.0,4015.0,73200,0.0,0.0
2023-09-01 13:00:00+09:00,4015.0,4045.0,3980.0,3980.0,31600,0.0,0.0
2023-09-01 14:00:00+09:00,3985.0,4015.0,3985.0,4005.0,14100,0.0,0.0
2023-09-04 09:00:00+09:00,4045.0,4055.0,3990.0,4035.0,23300,0.0,0.0
2023-09-04 10:00:00+09:00,4030.0,4050.0,4020.0,4030.0,8100,0.0,0.0
2023-09-04 11:00:00+09:00,4030.0,4035.0,4020.0,4035.0,0,0.0,0.0
2023-09-04 12:00:00+09:00,4030.0,4055.0,4020.0,4020.0,46100,0.0,0.0
2023-09-04 13:00:00+09:00,4015.0,4040.0,4010.0,4040.0,12400,0.0,0.0
2023-09-04 14:00:00+09:00,4040.0,4075.0,4035.0,4075.0,14500,0.0,0.0
2023-09-05 09:00:00+09:00,4010.0,4030.0,3960.0,3985.0,20700,0.0,0.0
2023-09-05 10:00:00+09:00,3985.0,4010.0,3980.0,3995.0,7300,0.0,0.0
2023-09-05 11:00:00+09:00,4000.0,4020.0,4000.0,4020.0,0,0.0,0.0
2023-09-05 12:00:00+09:00,4015.0,4030.0,4010.0,4010.0,35700,0.0,0.0
2023-09-05 13:00:00+09:00,4015.0,4045.0,4015.0,4040.0,9000,0.0,0.0
2023-09-05 14:00:00+09:00,4040.0,4060.0,4040.0,4050.0,9500,0.0,0.0
2023-09-06 09:00:00+09:00,4155.0,4330.0,4150.0,4300.0,79400,0.0,0.0
2023-09-06 10:00:00+09:00,4290.0,4290.0,4190.0,4200.0,13600,0.0,0.0
2023-09-06 11:00:00+09:00,4205.0,4260.0,4205.0,4255.0,0,0.0,0.0
2023-09-06 12:00:00+09:00,4240.0,4285.0,4240.0,4280.0,118500,0.0,0.0
2023-09-06 13:00:00+09:00,4280.0,4290.0,4260.0,4280.0,21300,0.0,0.0
2023-09-06 14:00:00+09:00,4285.0,4305.0,4265.0,4280.0,41600,0.0,0.0
2023-09-07 09:00:00+09:00,4285.0,4360.0,4265.0,4350.0,50800,0.0,0.0
2023-09-07 10:00:00+09:00,4350.0,4375.0,4325.0,4340.0,0,0.0,0.0
2023-09-07 11:00:00+09:00,4340.0,4350.0,4335.0,4345.0,0,0.0,0.0
2023-09-07 12:00:00+09:00,4350.0,4415.0,4350.0,4395.0,94100,0.0,0.0
2023-09-07 13:00:00+09:00,4390.0,4390.0,4345.0,4345.0,11000,0.0,0.0
2023-09-07 14:00:00+09:00,4350.0,4390.0,4345.0,4370.0,42000,0.0,0.0
2023-09-08 09:00:00+09:00,4345.0,4400.0,4300.0,4350.0,37300,0.0,0.0
2023-09-08 10:00:00+09:00,4355.0,4370.0,4335.0,4355.0,11400,0.0,0.0
2023-09-08 11:00:00+09:00,4345.0,4360.0,4340.0,4360.0,0,0.0,0.0
2023-09-08 12:00:00+09:00,4350.0,4350.0,4335.0,4340.0,57300,0.0,0.0
2023-09-08 13:00:00+09:00,4335.0,4355.0,4335.0,4340.0,9400,0.0,0.0
2023-09-08 14:00:00+09:00,4340.0,4375.0,4340.0,4360.0,13100,0.0,0.0
2023-09-11 09:00:00+09:00,4390.0,4425.0,4360.0,4390.0,23100,0.0,0.0
2023-09-11 10:00:00+09:00,4390.0,4395.0,4375.0,4390.0,9100,0.0,0.0
2023-09-11 11:00:00+09:00,4390.0,4400.0,4365.0,4370.0,0,0.0,0.0
2023-09-11 12:00:00+09:00,4365.0,4390.0,4360.0,4385.0,58000,0.0,0.0
2023-09-11 13:00:00+09:00,4385.0,4395.0,4380.0,4380.0,3100,0.0,0.0
2023-09-11 14:00:00+09:00,4380.0,4395.0,4370.0,4385.0,12700,0.0,0.0
2023-09-12 09:00:00+09:00,4385.0,4420.0,4370.0,4375.0,16200,0.0,0.0
2023-09-12 10:00:00+09:00,4370.0,4385.0,4350.0,4375.0,10000,0.0,0.0
2023-09-12 11:00:00+09:00,4370.0,4380.0,4365.0,4380.0,0,0.0,0.0
2023-09-12 12:00:00+09:00,4385.0,4395.0,4375.0,4385.0,37200,0.0,0.0
2023-09-12 13:00:00+09:00,4390.0,4390.0,4360.0,4385.0,10100,0.0,0.0
2023-09-12 14:00:00+09:00,4385.0,4405.0,4380.0,4390.0,8300,0.0,0.0
2023-09-13 09:00:00+09:00,4375.0,4375.0,4265.0,4350.0,41100,0.0,0.0
2023-09-13 10:00:00+09:00,4350.0,4350.0,4290.0,4290.0,12900,0.0,0.0
2023-09-13 11:00:00+09:00,4285.0,4300.0,4265.0,4265.0,0,0.0,0.0
2023-09-13 12:00:00+09:00,4265.0,4265.0,4205.0,4230.0,84000,0.0,0.0
2023-09-13 13:00:00+09:00,4225.0,4245.0,4215.0,4220.0,17100,0.0,0.0
2023-09-13 14:00:00+09:00,4220.0,4225.0,4170.0,4190.0,26600,0.0,0.0
2023-09-14 09:00:00+09:00,4220.0,4270.0,4175.0,4210.0,20400,0.0,0.0
2023-09-14 10:00:00+09:00,4205.0,4220.0,4185.0,4210.0,4100,0.0,0.0
2023-09-14 11:00:00+09:00,4220.0,4220.0,4195.0,4195.0,0,0.0,0.0
2023-09-14 12:00:00+09:00,4205.0,4205.0,4185.0,4195.0,34100,0.0,0.0
2023-09-14 13:00:00+09:00,4200.0,4220.0,4190.0,4205.0,5800,0.0,0.0
2023-09-14 14:00:00+09:00,4205.0,4210.0,4190.0,4195.0,8800,0.0,0.0
2023-09-15 09:00:00+09:00,4245.0,4260.0,4200.0,4230.0,7100,0.0,0.0
2023-09-15 10:00:00+09:00,4235.0,4250.0,4220.0,4240.0,5700,0.0,0.0
2023-09-15 11:00:00+09:00,4250.0,4250.0,4245.0,4250.0,0,0.0,0.0
2023-09-15 12:00:00+09:00,4270.0,4270.0,4240.0,4250.0,18300,0.0,0.0
2023-09-15 13:00:00+09:00,4260.0,4275.0,4245.0,4265.0,6800,0.0,0.0
2023-09-15 14:00:00+09:00,4265.0,4265.0,4225.0,4245.0,8000,0.0,0.0
2023-09-19 09:00:00+09:00,4245.0,4245.0,4220.0,4230.0,13300,0.0,0.0
2023-09-19 10:00:00+09:00,4230.0,4235.0,4190.0,4200.0,15900,0.0,0.0
2023-09-19 11:00:00+09:00,4195.0,4195.0,4185.0,4190.0,0,0.0,0.0
2023-09-19 12:00:00+09:00,4185.0,4190.0,4185.0,4190.0,31700,0.0,0.0
2023-09-19 13:00:00+09:00,4190.0,4190.0,4180.0,4185.0,2900,0.0,0.0
2023-09-19 14:00:00+09:00,4185.0,4235.0,4185.0,4235.0,9200,0.0,0.0
2023-09-20 09:00:00+09:00,4235.0,4280.0,4235.0,4280.0,21600,0.0,0.0
2023-09-20 10:00:00+09:00,4275.0,4330.0,4275.0,4330.0,13100,0.0,0.0
2023-09-20 11:00:00+09:00,4325.0,4325.0,4300.0,4300.0,0,0.0,0.0
2023-09-20 12:00:00+09:00,4295.0,4315.0,4275.0,4275.0,43200,0.0,0.0
2023-09-20 13:00:00+09:00,4270.0,4275.0,4260.0,4265.0,4000,0.0,0.0
2023-09-20 14:00:00+09:00,4270.0,4285.0,4260.0,4270.0,6300,0.0,0.0
2023-09-21 09:00:00+09:00,4250.0,4315.0,4250.0,4295.0,16700,0.0,0.0
2023-09-21 10:00:00+09:00,4295.0,4320.0,4295.0,4320.0,6500,0.0,0.0
2023-09-21 11:00:00+09:00,4310.0,4315.0,4300.0,4310.0,0,0.0,0.0
2023-09-21 12:00:00+09:00,4295.0,4300.0,4230.0,4235.0,33300,0.0,0.0
2023-09-21 13:00:00+09:00,4230.0,4240.0,4210.0,4215.0,5600,0.0,0.0
2023-09-21 14:00:00+09:00,4210.0,4285.0,4210.0,4260.0,21600,0.0,0.0
2023-09-22 09:00:00+09:00,4195.0,4195.0,4110.0,4135.0,35700,0.0,0.0
2023-09-22 10:00:00+09:00,4135.0,4170.0,4135.0,4135.0,9000,0.0,0.0
2023-09-22 11:00:00+09:00,4140.0,4145.0,4125.0,4125.0,0,0.0,0.0
2023-09-22 12:00:00+09:00,4135.0,4160.0,4130.0,4140.0,57400,0.0,0.0
2023-09-22 13:00:00+09:00,4145.0,4155.0,4120.0,4135.0,16800,0.0,0.0
2023-09-22 14:00:00+09:00,4135.0,4160.0,4125.0,4125.0,16800,0.0,0.0
2023-09-25 09:00:00+09:00,4140.0,4140.0,4070.0,4115.0,26800,0.0,0.0
2023-09-25 10:00:00+09:00,4115.0,4150.0,4115.0,4145.0,5500,0.0,0.0
2023-09-25 11:00:00+09:00,4140.0,4160.0,4130.0,4145.0,0,0.0,0.0
2023-09-25 12:00:00+09:00,4145.0,4155.0,4140.0,4150.0,41800,0.0,0.0
2023-09-25 13:00:00+09:00,4150.0,4160.0,4130.0,4140.0,4800,0.0,0.0
2023-09-25 14:00:00+09:00,4150.0,4190.0,4145.0,4175.0,15000,0.0,0.0
2023-09-26 09:00:00+09:00,4165.0,4170.0,4125.0,4155.0,14600,0.0,0.0
2023-09-26 10:00:00+09:00,4165.0,4170.0,4160.0,4160.0,2900,0.0,0.0
2023-09-26 11:00:00+09:00,4155.0,4180.0,4155.0,4170.0,0,0.0,0.0
2023-09-26 12:00:00+09:00,4160.0,4195.0,4160.0,4195.0,23900,0.0,0.0
2023-09-26 13:00:00+09:00,4190.0,4220.0,4185.0,4220.0,9200,0.0,0.0
2023-09-26 14:00:00+09:00,4225.0,4230.0,4210.0,4210.0,17300,0.0,0.0
2023-09-27 09:00:00+09:00,4165.0,4165.0,4055.0,4080.0,0,0.0,0.0
2023-09-27 10:00:00+09:00,4085.0,4090.0,4070.0,4085.0,29900,0.0,0.0
2023-09-27 11:00:00+09:00,4090.0,4105.0,4090.0,4105.0,0,0.0,0.0
2023-09-27 12:00:00+09:00,4135.0,4135.0,4100.0,4120.0,47700,0.0,0.0
2023-09-27 13:00:00+09:00,4125.0,4150.0,4125.0,4150.0,5500,0.0,0.0
2023-09-27 14:00:00+09:00,4150.0,4170.0,4130.0,4165.0,11800,0.0,0.0
2023-09-28 09:00:00+09:00,4110.0,4195.0,4095.0,4145.0,29600,0.0,0.0
2023-09-28 10:00:00+09:00,4145.0,4180.0,4140.0,4175.0,4600,0.0,0.0
2023-09-28 11:00:00+09:00,4180.0,4180.0,4130.0,4135.0,0,0.0,0.0
2023-09-28 12:00:00+09:00,4120.0,4130.0,4095.0,4105.0,44900,0.0,0.0
2023-09-28 13:00:00+09:00,4105.0,4115.0,4090.0,4100.0,4500,0.0,0.0
2023-09-28 14:00:00+09:00,4090.0,4110.0,4075.0,4105.0,16700,0.0,0.0
2023-09-29 09:00:00+09:00,4105.0,4135.0,4075.0,4080.0,0,0.0,0.0
2023-09-29 10:00:00+09:00,4080.0,4085.0,4020.0,4020.0,25900,0.0,0.0
2023-09-29 11:00:00+09:00,4020.0,4025.0,4005.0,4020.0,0,0.0,0.0
2023-09-29 12:00:00+09:00,4010.0,4030.0,3990.0,3990.0,40600,0.0,0.0
2023-09-29 13:00:00+09:00,3990.0,4005.0,3955.0,3960.0,13000,0.0,0.0
2023-09-29 14:00:00+09:00,3965.0,3980.0,3945.0,3960.0,20000,0.0,0.0
2023-10-02 09:00:00+09:00,3985.0,4060.0,3985.0,4025.0,10500,0.0,0.0
2023-10-02 10:00:00+09:00,4020.0,4045.0,4015.0,4040.0,7200,0.0,0.0
2023-10-02 11:00:00+09:00,4030.0,4045.0,4025.0,4040.0,0,0.0,0.0
2023-10-02 12:00:00+09:00,4040.0,4040.0,4000.0,4000.0,26100,0.0,0.0
2023-10-02 13:00:00+09:00,4005.0,4010.0,3965.0,3980.0,11800,0.0,0.0
2023-10-02 14:00:00+09:00,3975.0,3985.0,3940.0,3940.0,14700,0.0,0.0
2023-10-03 09:00:00+09:00,3915.0,3935.0,3875.0,3930.0,19600,0.0,0.0
2023-10-03 10:00:00+09:00,3920.0,3930.0,3890.0,3900.0,3300,0.0,0.0
2023-10-03 11:00:00+09:00,3900.0,3905.0,3895.0,3900.0,0,0.0,0.0
2023-10-03 12:00:00+09:00,3905.0,3905.0,3870.0,3870.0,32000,0.0,0.0
2023-10-03 13:00:00+09:00,3865.0,3875.0,3840.0,3865.0,9300,0.0,0.0
2023-10-03 14:00:00+09:00,3860.0,3890.0,3855.0,3880.0,16000,0.0,0.0
2023-10-04 09:00:00+09:00,3745.0,3785.0,3730.0,3760.0,34700,0.0,0.0
2023-10-04 10:00:00+09:00,3760.0,3795.0,3750.0,3760.0,9300,0.0,0.0
2023-10-04 11:00:00+09:00,3765.0,3765.0,3755.0,3765.0,0,0.0,0.0
2023-10-04 12:00:00+09:00,3785.0,3785.0,3700.0,3715.0,65500,0.0,0.0
2023-10-04 13:00:00+09:00,3710.0,3775.0,3705.0,3760.0,13600,0.0,0.0
2023-10-04 14:00:00+09:00,3760.0,3760.0,3730.0,3730.0,17900,0.0,0.0
2023-10-05 09:00:00+09:00,3710.0,3795.0,3710.0,3765.0,28800,0.0,0.0
2023-10-05 10:00:00+09:00,3755.0,3770.0,3745.0,3745.0,4800,0.0,0.0
2023-10-05 11:00:00+09:00,3750.0,3760.0,3740.0,3745.0,0,0.0,0.0
2023-10-05 12:00:00+09:00,3755.0,3775.0,3750.0,3770.0,38700,0.0,0.0
2023-10-05 13:00:00+09:00,3770.0,3790.0,3770.0,3775.0,8700,0.0,0.0
2023-10-05 14:00:00+09:00,3775.0,3795.0,3765.0,3785.0,10300,0.0,0.0
2023-10-06 09:00:00+09:00,3785.0,3875.0,3770.0,3875.0,11100,0.0,0.0
2023-10-06 10:00:00+09:00,3880.0,3920.0,3880.0,3910.0,12500,0.0,0.0
2023-10-06 11:00:00+09:00,3910.0,3925.0,3905.0,3925.0,0,0.0,0.0
2023-10-06 12:00:00+09:00,3925.0,3925.0,3905.0,3910.0,38100,0.0,0.0
2023-10-06 13:00:00+09:00,3910.0,3920.0,3905.0,3910.0,4300,0.0,0.0
2023-10-06 14:00:00+09:00,3915.0,3915.0,3875.0,3875.0,14100,0.0,0.0
2023-10-10 09:00:00+09:00,4070.0,4090.0,3990.0,4045.0,20200,0.0,0.0
2023-10-10 10:00:00+09:00,4040.0,4080.0,4035.0,4060.0,7500,0.0,0.0
2023-10-10 11:00:00+09:00,4065.0,4090.0,4060.0,4090.0,0,0.0,0.0
2023-10-10 12:00:00+09:00,4070.0,4075.0,4065.0,4070.0,33900,0.0,0.0
2023-10-10 13:00:00+09:00,4075.0,4090.0,4075.0,4075.0,5000,0.0,0.0
2023-10-10 14:00:00+09:00,4075.0,4110.0,4075.0,4100.0,12000,0.0,0.0
2023-10-11 09:00:00+09:00,4100.0,4130.0,4075.0,4110.0,14900,0.0,0.0
2023-10-11 10:00:00+09:00,4105.0,4170.0,4100.0,4165.0,20600,0.0,0.0
2023-10-11 11:00:00+09:00,4160.0,4165.0,4150.0,4160.0,0,0.0,0.0
2023-10-11 12:00:00+09:00,4160.0,4200.0,4160.0,4190.0,49900,0.0,0.0
2023-10-11 13:00:00+09:00,4195.0,4225.0,4195.0,4200.0,6500,0.0,0.0
2023-10-11 14:00:00+09:00,4205.0,4220.0,4180.0,4185.0,18400,0.0,0.0
2023-10-12 09:00:00+09:00,4200.0,4200.0,4115.0,4120.0,0,0.0,0.0
2023-10-12 10:00:00+09:00,4115.0,4120.0,4100.0,4120.0,24900,0.0,0.0
2023-10-12 11:00:00+09:00,4125.0,4205.0,4125.0,4195.0,0,0.0,0.0
2023-10-12 12:00:00+09:00,4185.0,4215.0,4185.0,4215.0,44200,0.0,0.0
2023-10-12 13:00:00+09:00,4210.0,4215.0,4205.0,4215.0,1800,0.0,0.0
2023-10-12 14:00:00+09:00,4210.0,4230.0,4205.0,4230.0,11900,0.0,0.0
2023-10-13 09:00:00+09:00,4205.0,4240.0,4190.0,4205.0,6000,0.0,0.0
2023-10-13 10:00:00+09:00,4205.0,4210.0,4185.0,4185.0,2200,0.0,0.0
2023-10-13 11:00:00+09:00,4180.0,4190.0,4175.0,4185.0,0,0.0,0.0
2023-10-13 12:00:00+09:00,4185.0,4190.0,4140.0,4140.0,12400,0.0,0.0
2023-10-13 13:00:00+09:00,4150.0,4155.0,4095.0,4100.0,5700,0.0,0.0
2023-10-13 14:00:00+09:00,4085.0,4100.0,4075.0,4100.0,12700,0.0,0.0
2023-10-16 09:00:00+09:00,4085.0,4085.0,4010.0,4070.0,8400,0.0,0.0
2023-10-16 10:00:00+09:00,4080.0,4080.0,4045.0,4045.0,3900,0.0,0.0
2023-10-16 11:00:00+09:00,4045.0,4045.0,4025.0,4040.0,0,0.0,0.0
2023-10-16 12:00:00+09:00,4035.0,4040.0,4020.0,4040.0,16000,0.0,0.0
2023-10-16 13:00:00+09:00,4035.0,4040.0,4030.0,4035.0,1600,0.0,0.0
2023-10-16 14:00:00+09:00,4040.0,4055.0,4035.0,4055.0,6700,0.0,0.0
2023-10-17 09:00:00+09:00,4200.0,4260.0,4155.0,4215.0,15400,0.0,0.0
2023-10-17 10:00:00+09:00,4215.0,4215.0,4180.0,4180.0,3600,0.0,0.0
2023-10-17 11:00:00+09:00,4175.0,4175.0,4160.0,4165.0,0,0.0,0.0
2023-10-17 12:00:00+09:00,4165.0,4165.0,4135.0,4145.0,26000,0.0,0.0
2023-10-17 13:00:00+09:00,4150.0,4150.0,4130.0,4140.0,5100,0.0,0.0
2023-10-17 14:00:00+09:00,4135.0,4170.0,4130.0,4165.0,6000,0.0,0.0
2023-10-18 09:00:00+09:00,4160.0,4260.0,4160.0,4250.0,11300,0.0,0.0
2023-10-18 10:00:00+09:00,4250.0,4275.0,4235.0,4275.0,12100,0.0,0.0
2023-10-18 11:00:00+09:00,4280.0,4285.0,4255.0,4275.0,0,0.0,0.0
2023-10-18 12:00:00+09:00,4275.0,4275.0,4250.0,4275.0,33100,0.0,0.0
2023-10-18 13:00:00+09:00,4275.0,4310.0,4275.0,4305.0,16900,0.0,0.0
2023-10-18 14:00:00+09:00,4300.0,4335.0,4300.0,4330.0,17200,0.0,0.0
2023-10-19 09:00:00+09:00,4285.0,4370.0,4285.0,4355.0,25000,0.0,0.0
2023-10-19 10:00:00+09:00,4350.0,4365.0,4320.0,4320.0,9100,0.0,0.0
2023-10-19 11:00:00+09:00,4320.0,4320.0,4275.0,4290.0,0,0.0,0.0
2023-10-19 12:00:00+09:00,4275.0,4275.0,4250.0,4250.0,42500,0.0,0.0
2023-10-19 13:00:00+09:00,4245.0,4280.0,4245.0,4275.0,6100,0.0,0.0
2023-10-19 14:00:00+09:00,4270.0,4270.0,4220.0,4230.0,15300,0.0,0.0
2023-10-20 09:00:00+09:00,4210.0,4260.0,4185.0,4190.0,13600,0.0,0.0
2023-10-20 10:00:00+09:00,4195.0,4195.0,4155.0,4185.0,16000,0.0,0.0
2023-10-20 11:00:00+09:00,4180.0,4210.0,4170.0,4210.0,0,0.0,0.0
2023-10-20 12:00:00+09:00,4215.0,4250.0,4215.0,4245.0,47400,0.0,0.0
2023-10-20 13:00:00+09:00,4255.0,4280.0,4250.0,4270.0,6700,0.0,0.0
2023-10-20 14:00:00+09:00,4270.0,4270.0,4255.0,4255.0,8300,0.0,0.0
2023-10-23 09:00:00+09:00,4240.0,4240.0,4150.0,4170.0,7700,0.0,0.0
2023-10-23 10:00:00+09:00,4170.0,4170.0,4140.0,4150.0,2600,0.0,0.0
2023-10-23 11:00:00+09:00,4160.0,4160.0,4110.0,4115.0,0,0.0,0.0
2023-10-23 12:00:00+09:00,4105.0,4105.0,4055.0,4055.0,18700,0.0,0.0
2023-10-23 13:00:00+09:00,4055.0,4085.0,4030.0,4085.0,6800,0.0,0.0
2023-10-23 14:00:00+09:00,4075.0,4090.0,4035.0,4040.0,12400,0.0,0.0
2023-10-24 09:00:00+09:00,4065.0,4090.0,3975.0,3975.0,0,0.0,0.0
2023-10-24 10:00:00+09:00,3985.0,3990.0,3910.0,3945.0,25500,0.0,0.0
2023-10-24 11:00:00+09:00,3950.0,4025.0,3950.0,4015.0,0,0.0,0.0
2023-10-24 12:00:00+09:00,4020.0,4045.0,4010.0,4015.0,42400,0.0,0.0
2023-10-24 13:00:00+09:00,4020.0,4100.0,4015.0,4100.0,7400,0.0,0.0
2023-10-24 14:00:00+09:00,4095.0,4150.0,4095.0,4140.0,10600,0.0,0.0
2023-10-25 09:00:00+09:00,4110.0,4230.0,4110.0,4190.0,11100,0.0,0.0
2023-10-25 10:00:00+09:00,4190.0,4225.0,4190.0,4220.0,3900,0.0,0.0
2023-10-25 11:00:00+09:00,4220.0,4250.0,4220.0,4250.0,0,0.0,0.0
2023-10-25 12:00:00+09:00,4250.0,4250.0,4230.0,4230.0,21500,0.0,0.0
2023-10-25 13:00:00+09:00,4230.0,4235.0,4220.0,4230.0,2600,0.0,0.0
2023-10-25 14:00:00+09:00,4230.0,4245.0,4205.0,4220.0,15400,0.0,0.0
2023-10-26 09:00:00+09:00,4150.0,4185.0,4130.0,4175.0,0,0.0,0.0
2023-10-26 10:00:00+09:00,4185.0,4195.0,4170.0,4170.0,16700,0.0,0.0
2023-10-26 11:00:00+09:00,4175.0,4175.0,4115.0,4115.0,0,0.0,0.0
2023-10-26 12:00:00+09:00,4110.0,4125.0,4100.0,4115.0,23800,0.0,0.0
2023-10-26 13:00:00+09:00,4110.0,4125.0,4105.0,4120.0,5700,0.0,0.0
2023-10-26 14:00:00+09:00,4125.0,4140.0,4105.0,4125.0,7400,0.0,0.0
2023-10-27 09:00:00+09:00,4235.0,4350.0,4220.0,4340.0,25500,0.0,0.0
2023-10-27 10:00:00+09:00,4340.0,4400.0,4340.0,4390.0,22000,0.0,0.0
2023-10-27 11:00:00+09:00,4395.0,4395.0,4380.0,4395.0,0,0.0,0.0
2023-10-27 12:00:00+09:00,4390.0,4390.0,4360.0,4370.0,63300,0.0,0.0
2023-10-27 13:00:00+09:00,4370.0,4385.0,4350.0,4370.0,10300,0.0,0.0
2023-10-27 14:00:00+09:00,4365.0,4400.0,4350.0,4395.0,19100,0.0,0.0
2023-10-30 09:00:00+09:00,4375.0,4460.0,4335.0,4360.0,29800,0.0,0.0
2023-10-30 10:00:00+09:00,4365.0,4365.0,4320.0,4325.0,7000,0.0,0.0
2023-10-30 11:00:00+09:00,4320.0,4320.0,4285.0,4305.0,0,0.0,0.0
2023-10-30 12:00:00+09:00,4320.0,4340.0,4320.0,4330.0,45800,0.0,0.0
2023-10-30 13:00:00+09:00,4330.0,4355.0,4315.0,4345.0,11500,0.0,0.0
2023-10-30 14:00:00+09:00,4350.0,4415.0,4345.0,4405.0,23200,0.0,0.0
2023-10-31 09:00:00+09:00,4365.0,4365.0,4205.0,4290.0,46500,0.0,0.0
2023-10-31 10:00:00+09:00,4285.0,4290.0,4250.0,4265.0,5400,0.0,0.0
2023-10-31 11:00:00+09:00,4265.0,4265.0,4205.0,4235.0,0,0.0,0.0
2023-10-31 12:00:00+09:00,4270.0,4270.0,4225.0,4245.0,66600,0.0,0.0
2023-10-31 13:00:00+09:00,4245.0,4280.0,4225.0,4255.0,10100,0.0,0.0
2023-10-31 14:00:00+09:00,4250.0,4320.0,4250.0,4320.0,13100,0.0,0.0
2023-11-01 09:00:00+09:00,4350.0,4445.0,4350.0,4440.0,19100,0.0,0.0
2023-11-01 10:00:00+09:00,4435.0,4470.0,4395.0,4395.0,10600,0.0,0.0
2023-11-01 11:00:00+09:00,4395.0,4395.0,4340.0,4345.0,0,0.0,0.0
2023-11-01 12:00:00+09:00,4375.0,4375.0,4345.0,4345.0,38500,0.0,0.0
2023-11-01 13:00:00+09:00,4340.0,4395.0,4340.0,4395.0,0,0.0,0.0
2023-11-01 14:00:00+09:00,4395.0,4420.0,4380.0,4400.0,62700,0.0,0.0
2023-11-02 09:00:00+09:00,4450.0,4520.0,4405.0,4450.0,0,0.0,0.0
2023-11-02 10:00:00+09:00,4455.0,4475.0,4430.0,4475.0,40800,0.0,0.0
2023-11-02 11:00:00+09:00,4470.0,4490.0,4460.0,4485.0,0,0.0,0.0
2023-11-02 12:00:00+09:00,4480.0,4480.0,4455.0,4470.0,50600,0.0,0.0
2023-11-02 13:00:00+09:00,4465.0,4530.0,4460.0,4510.0,23700,0.0,0.0
2023-11-02 14:00:00+09:00,4510.0,4530.0,4505.0,4520.0,11000,0.0,0.0
2023-11-06 09:00:00+09:00,4660.0,4680.0,4545.0,4565.0,28100,0.0,0.0
2023-11-06 10:00:00+09:00,4570.0,4600.0,4530.0,4540.0,13700,0.0,0.0
2023-11-06 11:00:00+09:00,4540.0,4550.0,4525.0,4530.0,0,0.0,0.0
2023-11-06 12:00:00+09:00,4530.0,4540.0,4510.0,4535.0,55400,0.0,0.0
2023-11-06 13:00:00+09:00,4530.0,4620.0,4525.0,4605.0,19200,0.0,0.0
2023-11-06 14:00:00+09:00,4605.0,4615.0,4590.0,4605.0,15500,0.0,0.0
2023-11-07 09:00:00+09:00,4560.0,4625.0,4530.0,4530.0,15600,0.0,0.0
2023-11-07 10:00:00+09:00,4525.0,4595.0,4525.0,4585.0,7800,0.0,0.0
2023-11-07 11:00:00+09:00,4590.0,4590.0,4575.0,4575.0,0,0.0,0.0
2023-11-07 12:00:00+09:00,4575.0,4575.0,4515.0,4525.0,31600,0.0,0.0
2023-11-07 13:00:00+09:00,4525.0,4540.0,4500.0,4510.0,8900,0.0,0.0
2023-11-07 14:00:00+09:00,4515.0,4535.0,4500.0,4505.0,12700,0.0,0.0
2023-11-08 09:00:00+09:00,4510.0,4570.0,4440.0,4450.0,24300,0.0,0.0
2023-11-08 10:00:00+09:00,4440.0,4480.0,4410.0,4470.0,12600,0.0,0.0
2023-11-08 11:00:00+09:00,4465.0,4475.0,4440.0,4455.0,0,0.0,0.0
2023-11-08 12:00:00+09:00,4450.0,4455.0,4360.0,4375.0,52800,0.0,0.0
2023-11-08 13:00:00+09:00,4375.0,4425.0,4360.0,4425.0,9400,0.0,0.0
2023-11-08 14:00:00+09:00,4425.0,4450.0,4405.0,4405.0,19600,0.0,0.0
2023-11-09 09:00:00+09:00,4425.0,4510.0,4410.0,4445.0,16100,0.0,0.0
2023-11-09 10:00:00+09:00,4445.0,4480.0,4435.0,4445.0,5500,0.0,0.0
2023-11-09 11:00:00+09:00,4450.0,4475.0,4450.0,4460.0,0,0.0,0.0
2023-11-09 12:00:00+09:00,4445.0,4450.0,4435.0,4450.0,30100,0.0,0.0
2023-11-09 13:00:00+09:00,4450.0,4455.0,4410.0,4410.0,12200,0.0,0.0
2023-11-09 14:00:00+09:00,4405.0,4405.0,4370.0,4395.0,33500,0.0,0.0
2023-11-10 09:00:00+09:00,4350.0,4355.0,4230.0,4295.0,46300,0.0,0.0
2023-11-10 10:00:00+09:00,4295.0,4335.0,4285.0,4285.0,12900,0.0,0.0
2023-11-10 11:00:00+09:00,4280.0,4320.0,4265.0,4315.0,0,0.0,0.0
2023-11-10 12:00:00+09:00,4280.0,4350.0,4280.0,4350.0,81000,0.0,0.0
2023-11-10 13:00:00+09:00,4345.0,4505.0,4145.0,4400.0,233200,0.0,0.0
2023-11-10 14:00:00+09:00,4400.0,4445.0,4380.0,4445.0,39200,0.0,0.0
2023-11-13 09:00:00+09:00,4450.0,4550.0,4245.0,4390.0,82900,0.0,0.0
2023-11-13 10:00:00+09:00,4390.0,4390.0,4290.0,4310.0,26500,0.0,0.0
2023-11-13 11:00:00+09:00,4310.0,4390.0,4310.0,4380.0,0,0.0,0.0
2023-11-13 12:00:00+09:00,4390.0,4390.0,4285.0,4285.0,128500,0.0,0.0
2023-11-13 13:00:00+09:00,4285.0,4335.0,4285.0,4320.0,10900,0.0,0.0
2023-11-13 14:00:00+09:00,4315.0,4385.0,4300.0,4380.0,23200,0.0,0.0
2023-11-14 09:00:00+09:00,4340.0,4390.0,4310.0,4360.0,15300,0.0,0.0
2023-11-14 10:00:00+09:00,4365.0,4365.0,4310.0,4320.0,6000,0.0,0.0
2023-11-14 11:00:00+09:00,4315.0,4350.0,4295.0,4345.0,0,0.0,0.0
2023-11-14 12:00:00+09:00,4360.0,4455.0,4360.0,4450.0,40300,0.0,0.0
2023-11-14 13:00:00+09:00,4450.0,4480.0,4355.0,4380.0,39300,0.0,0.0
2023-11-14 14:00:00+09:00,4390.0,4410.0,4350.0,4355.0,18500,0.0,0.0
2023-11-15 09:00:00+09:00,4425.0,4425.0,4360.0,4370.0,12500,0.0,0.0
2023-11-15 10:00:00+09:00,4360.0,4390.0,4330.0,4335.0,27500,0.0,0.0
2023-11-15 11:00:00+09:00,4330.0,4330.0,4315.0,4320.0,0,0.0,0.0
2023-11-15 12:00:00+09:00,4345.0,4345.0,4315.0,4340.0,49900,0.0,0.0
2023-11-15 13:00:00+09:00,4340.0,4345.0,4320.0,4330.0,6000,0.0,0.0
2023-11-15 14:00:00+09:00,4340.0,4385.0,4335.0,4385.0,8800,0.0,0.0
2023-11-16 09:00:00+09:00,4395.0,4405.0,4325.0,4330.0,0,0.0,0.0
2023-11-16 10:00:00+09:00,4325.0,4375.0,4325.0,4360.0,20600,0.0,0.0
2023-11-16 11:00:00+09:00,4355.0,4355.0,4335.0,4335.0,0,0.0,0.0
2023-11-16 12:00:00+09:00,4335.0,4345.0,4295.0,4300.0,30500,0.0,0.0
2023-11-16 13:00:00+09:00,4305.0,4320.0,4280.0,4300.0,12400,0.0,0.0
2023-11-16 14:00:00+09:00,4305.0,4330.0,4285.0,4330.0,10100,0.0,0.0
2023-11-17 09:00:00+09:00,4330.0,4495.0,4315.0,4490.0,17600,0.0,0.0
2023-11-17 10:00:00+09:00,4475.0,4520.0,4450.0,4500.0,23000,0.0,0.0
2023-11-17 11:00:00+09:00,4500.0,4505.0,4480.0,4480.0,0,0.0,0.0
2023-11-17 12:00:00+09:00,4470.0,4505.0,4465.0,4505.0,52100,0.0,0.0
2023-11-17 13:00:00+09:00,4505.0,4520.0,4490.0,4490.0,18200,0.0,0.0
2023-11-17 14:00:00+09:00,4490.0,4535.0,4490.0,4525.0,15500,0.0,0.0
2023-11-20 09:00:00+09:00,4665.0,4720.0,4640.0,4695.0,51600,0.0,0.0
2023-11-20 10:00:00+09:00,4700.0,4750.0,4630.0,4695.0,27100,0.0,0.0
2023-11-20 11:00:00+09:00,4700.0,4730.0,4685.0,4685.0,0,0.0,0.0
2023-11-20 12:00:00+09:00,4660.0,4660.0,4570.0,4575.0,100200,0.0,0.0
2023-11-20 13:00:00+09:00,4570.0,4595.0,4555.0,4585.0,7900,0.0,0.0
2023-11-20 14:00:00+09:00,4585.0,4620.0,4575.0,4590.0,13600,0.0,0.0
2023-11-21 09:00:00+09:00,4525.0,4565.0,4475.0,4535.0,20600,0.0,0.0
2023-11-21 10:00:00+09:00,4540.0,4575.0,4510.0,4570.0,6900,0.0,0.0
2023-11-21 11:00:00+09:00,4565.0,4570.0,4540.0,4540.0,0,0.0,0.0
2023-11-21 12:00:00+09:00,4560.0,4560.0,4525.0,4525.0,35900,0.0,0.0
2023-11-21 13:00:00+09:00,4520.0,4520.0,4485.0,4485.0,12400,0.0,0.0
2023-11-21 14:00:00+09:00,4485.0,4530.0,4480.0,4510.0,13700,0.0,0.0
2023-11-22 09:00:00+09:00,4475.0,4570.0,4475.0,4505.0,8200,0.0,0.0
2023-11-22 10:00:00+09:00,4495.0,4530.0,4495.0,4530.0,5600,0.0,0.0
2023-11-22 11:00:00+09:00,4535.0,4535.0,4515.0,4525.0,0,0.0,0.0
2023-11-22 12:00:00+09:00,4530.0,4530.0,4490.0,4490.0,21400,0.0,0.0
2023-11-22 13:00:00+09:00,4490.0,4500.0,4480.0,4495.0,5200,0.0,0.0
2023-11-22 14:00:00+09:00,4495.0,4530.0,4480.0,4525.0,11000,0.0,0.0
2023-11-24 09:00:00+09:00,4605.0,4830.0,4605.0,4810.0,59400,0.0,0.0
2023-11-24 10:00:00+09:00,4820.0,4860.0,4795.0,4845.0,41800,0.0,0.0
2023-11-24 11:00:00+09:00,4840.0,4855.0,4825.0,4840.0,0,0.0,0.0
2023-11-24 12:00:00+09:00,4840.0,4855.0,4815.0,4835.0,131600,0.0,0.0
2023-11-24 13:00:00+09:00,4830.0,4840.0,4805.0,4825.0,10400,0.0,0.0
2023-11-24 14:00:00+09:00,4820.0,4835.0,4780.0,4780.0,46500,0.0,0.0
2023-11-27 09:00:00+09:00,4850.0,4880.0,4770.0,4815.0,20900,0.0,0.0
2023-11-27 10:00:00+09:00,4815.0,4835.0,4730.0,4770.0,22200,0.0,0.0
2023-11-27 11:00:00+09:00,4770.0,4795.0,4760.0,4785.0,0,0.0,0.0
2023-11-27 12:00:00+09:00,4780.0,4780.0,4735.0,4760.0,52900,0.0,0.0
2023-11-27 13:00:00+09:00,4760.0,4775.0,4740.0,4770.0,9200,0.0,0.0
2023-11-27 14:00:00+09:00,4765.0,4795.0,4765.0,4795.0,14800,0.0,0.0
2023-11-28 09:00:00+09:00,4800.0,4855.0,4735.0,4800.0,21000,0.0,0.0
2023-11-28 10:00:00+09:00,4780.0,4800.0,4755.0,4775.0,7300,0.0,0.0
2023-11-28 11:00:00+09:00,4775.0,4785.0,4775.0,4785.0,0,0.0,0.0
2023-11-28 12:00:00+09:00,4770.0,4775.0,4735.0,4735.0,33700,0.0,0.0
2023-11-28 13:00:00+09:00,4730.0,4740.0,4725.0,4735.0,5400,0.0,0.0
2023-11-28 14:00:00+09:00,4745.0,4750.0,4715.0,4720.0,11100,0.0,0.0
2023-11-29 09:00:00+09:00,4715.0,4800.0,4710.0,4750.0,9800,0.0,0.0
2023-11-29 10:00:00+09:00,4760.0,4810.0,4750.0,4800.0,8100,0.0,0.0
2023-11-29 11:00:00+09:00,4800.0,4875.0,4800.0,4850.0,0,0.0,0.0
2023-11-29 12:00:00+09:00,4825.0,4830.0,4780.0,4795.0,38300,0.0,0.0
2023-11-29 13:00:00+09:00,4790.0,4795.0,4760.0,4765.0,9900,0.0,0.0
2023-11-29 14:00:00+09:00,4775.0,4785.0,4750.0,4785.0,10000,0.0,0.0
2023-11-30 09:00:00+09:00,4800.0,4875.0,4780.0,4815.0,16100,0.0,0.0
2023-11-30 10:00:00+09:00,4810.0,4845.0,4805.0,4805.0,4000,0.0,0.0
2023-11-30 11:00:00+09:00,4820.0,4855.0,4820.0,4855.0,0,0.0,0.0
2023-11-30 12:00:00+09:00,4855.0,4900.0,4855.0,4895.0,30200,0.0,0.0
2023-11-30 13:00:00+09:00,4895.0,4950.0,4895.0,4940.0,12500,0.0,0.0
2023-11-30 14:00:00+09:00,4940.0,4940.0,4910.0,4935.0,19500,0.0,0.0
2023-12-01 09:00:00+09:00,4940.0,4940.0,4815.0,4895.0,26900,0.0,0.0
2023-12-01 10:00:00+09:00,4895.0,4900.0,4870.0,4880.0,6800,0.0,0.0
2023-12-01 11:00:00+09:00,4870.0,4870.0,4850.0,4860.0,0,0.0,0.0
2023-12-01 12:00:00+09:00,4860.0,4885.0,4840.0,4850.0,47900,0.0,0.0
2023-12-01 13:00:00+09:00,4855.0,4870.0,4850.0,4870.0,3600,0.0,0.0
2023-12-01 14:00:00+09:00,4860.0,4880.0,4840.0,4850.0,13800,0.0,0.0
2023-12-04 09:00:00+09:00,4930.0,4985.0,4875.0,4900.0,22700,0.0,0.0
2023-12-04 10:00:00+09:00,4905.0,4950.0,4905.0,4935.0,11500,0.0,0.0
2023-12-04 11:00:00+09:00,4940.0,4940.0,4915.0,4920.0,0,0.0,0.0
2023-12-04 12:00:00+09:00,4920.0,4950.0,4900.0,4950.0,41500,0.0,0.0
2023-12-04 13:00:00+09:00,4945.0,4970.0,4935.0,4970.0,7000,0.0,0.0
2023-12-04 14:00:00+09:00,4960.0,4960.0,4900.0,4910.0,18000,0.0,0.0
2023-12-05 09:00:00+09:00,4830.0,4835.0,4685.0,4690.0,59700,0.0,0.0
2023-12-05 10:00:00+09:00,4700.0,4745.0,4675.0,4725.0,17400,0.0,0.0
2023-12-05 11:00:00+09:00,4730.0,4735.0,4715.0,4730.0,0,0.0,0.0
2023-12-05 12:00:00+09:00,4705.0,4730.0,4690.0,4705.0,87000,0.0,0.0
2023-12-05 13:00:00+09:00,4705.0,4720.0,4690.0,4690.0,10400,0.0,0.0
2023-12-05 14:00:00+09:00,4695.0,4715.0,4655.0,4660.0,20200,0.0,0.0
2023-12-06 09:00:00+09:00,4765.0,4850.0,4735.0,4785.0,26100,0.0,0.0
2023-12-06 10:00:00+09:00,4785.0,4800.0,4770.0,4800.0,8900,0.0,0.0
2023-12-06 11:00:00+09:00,4800.0,4805.0,4780.0,4785.0,0,0.0,0.0
2023-12-06 12:00:00+09:00,4800.0,4880.0,4800.0,4875.0,62100,0.0,0.0
2023-12-06 13:00:00+09:00,4870.0,4880.0,4855.0,4865.0,10200,0.0,0.0
2023-12-06 14:00:00+09:00,4875.0,4920.0,4875.0,4920.0,25200,0.0,0.0
2023-12-07 09:00:00+09:00,4800.0,4855.0,4785.0,4785.0,0,0.0,0.0
2023-12-07 10:00:00+09:00,4780.0,4795.0,4765.0,4765.0,26400,0.0,0.0
2023-12-07 11:00:00+09:00,4770.0,4775.0,4745.0,4760.0,0,0.0,0.0
2023-12-07 12:00:00+09:00,4760.0,4760.0,4745.0,4760.0,37200,0.0,0.0
2023-12-07 13:00:00+09:00,4765.0,4765.0,4745.0,4760.0,10900,0.0,0.0
2023-12-07 14:00:00+09:00,4760.0,4760.0,4725.0,4735.0,12000,0.0,0.0
2023-12-08 09:00:00+09:00,4690.0,4710.0,4625.0,4630.0,29200,0.0,0.0
2023-12-08 10:00:00+09:00,4625.0,4685.0,4605.0,4650.0,0,0.0,0.0
2023-12-08 11:00:00+09:00,4650.0,4650.0,4615.0,4635.0,0,0.0,0.0
2023-12-08 12:00:00+09:00,4655.0,4670.0,4635.0,4645.0,67000,0.0,0.0
2023-12-08 13:00:00+09:00,4650.0,4660.0,4610.0,4615.0,11600,0.0,0.0
2023-12-08 14:00:00+09:00,4620.0,4620.0,4570.0,4590.0,34100,0.0,0.0
2023-12-11 09:00:00+09:00,4685.0,4730.0,4625.0,4630.0,18200,0.0,0.0
2023-12-11 10:00:00+09:00,4625.0,4680.0,4625.0,4655.0,7500,0.0,0.0
2023-12-11 11:00:00+09:00,4655.0,4655.0,4635.0,4650.0,0,0.0,0.0
2023-12-11 12:00:00+09:00,4640.0,4665.0,4640.0,4665.0,39200,0.0,0.0
2023-12-11 13:00:00+09:00,4675.0,4685.0,4655.0,4655.0,6700,0.0,0.0
2023-12-11 14:00:00+09:00,4660.0,4695.0,4655.0,4695.0,19000,0.0,0.0
2023-12-12 09:00:00+09:00,4780.0,4825.0,4730.0,4785.0,25400,0.0,0.0
2023-12-12 10:00:00+09:00,4775.0,4785.0,4745.0,4770.0,7100,0.0,0.0
2023-12-12 11:00:00+09:00,4770.0,4770.0,4740.0,4755.0,0,0.0,0.0
2023-12-12 12:00:00+09:00,4730.0,4740.0,4700.0,4705.0,48500,0.0,0.0
2023-12-12 13:00:00+09:00,4705.0,4710.0,4690.0,4695.0,5100,0.0,0.0
2023-12-12 14:00:00+09:00,4700.0,4700.0,4670.0,4695.0,9800,0.0,0.0
2023-12-13 09:00:00+09:00,4680.0,4770.0,4660.0,4750.0,19800,0.0,0.0
2023-12-13 10:00:00+09:00,4750.0,4750.0,4680.0,4680.0,10300,0.0,0.0
2023-12-13 11:00:00+09:00,4695.0,4700.0,4680.0,4690.0,0,0.0,0.0
2023-12-13 12:00:00+09:00,4680.0,4680.0,4635.0,4640.0,45200,0.0,0.0
2023-12-13 13:00:00+09:00,4635.0,4650.0,4615.0,4640.0,9200,0.0,0.0
2023-12-13 14:00:00+09:00,4645.0,4680.0,4645.0,4660.0,8600,0.0,0.0
2023-12-14 09:00:00+09:00,4665.0,4665.0,4505.0,4510.0,27800,0.0,0.0
2023-12-14 10:00:00+09:00,4515.0,4530.0,4470.0,4475.0,14700,0.0,0.0
2023-12-14 11:00:00+09:00,4475.0,4495.0,4470.0,4470.0,0,0.0,0.0
2023-12-14 12:00:00+09:00,4465.0,4465.0,4405.0,4420.0,59400,0.0,0.0
2023-12-14 13:00:00+09:00,4410.0,4455.0,4400.0,4445.0,16600,0.0,0.0
2023-12-14 14:00:00+09:00,4455.0,4465.0,4430.0,4450.0,21800,0.0,0.0
2023-12-15 09:00:00+09:00,4470.0,4500.0,4435.0,4450.0,14400,0.0,0.0
2023-12-15 10:00:00+09:00,4445.0,4495.0,4440.0,4495.0,4000,0.0,0.0
2023-12-15 11:00:00+09:00,4510.0,4525.0,4485.0,4525.0,0,0.0,0.0
2023-12-15 12:00:00+09:00,4530.0,4540.0,4495.0,4525.0,27500,0.0,0.0
2023-12-15 13:00:00+09:00,4525.0,4530.0,4505.0,4515.0,3300,0.0,0.0
2023-12-15 14:00:00+09:00,4510.0,4525.0,4480.0,4510.0,8900,0.0,0.0
2023-12-18 09:00:00+09:00,4435.0,4450.0,4390.0,4400.0,16600,0.0,0.0
2023-12-18 10:00:00+09:00,4400.0,4400.0,4370.0,4385.0,7900,0.0,0.0
2023-12-18 11:00:00+09:00,4390.0,4400.0,4385.0,4395.0,0,0.0,0.0
2023-12-18 12:00:00+09:00,4420.0,4435.0,4405.0,4435.0,30800,0.0,0.0
2023-12-18 13:00:00+09:00,4435.0,4460.0,4430.0,4455.0,3900,0.0,0.0
2023-12-18 14:00:00+09:00,4450.0,4485.0,4450.0,4465.0,6300,0.0,0.0
2023-12-19 09:00:00+09:00,4465.0,4535.0,4440.0,4505.0,8800,0.0,0.0
2023-12-19 10:00:00+09:00,4500.0,4505.0,4495.0,4505.0,1100,0.0,0.0
2023-12-19 11:00:00+09:00,4515.0,4520.0,4510.0,4520.0,0,0.0,0.0
2023-12-19 12:00:00+09:00,4545.0,4580.0,4525.0,4560.0,19000,0.0,0.0
2023-12-19 13:00:00+09:00,4555.0,4580.0,4545.0,4570.0,7000,0.0,0.0
2023-12-19 14:00:00+09:00,4565.0,4575.0,4560.0,4575.0,10800,0.0,0.0
2023-12-20 09:00:00+09:00,4635.0,4675.0,4625.0,4670.0,11900,0.0,0.0
2023-12-20 10:00:00+09:00,4665.0,4700.0,4665.0,4695.0,6500,0.0,0.0
2023-12-20 11:00:00+09:00,4700.0,4710.0,4700.0,4705.0,0,0.0,0.0
2023-12-20 12:00:00+09:00,4685.0,4690.0,4675.0,4680.0,25900,0.0,0.0
2023-12-20 13:00:00+09:00,4675.0,4675.0,4645.0,4660.0,4600,0.0,0.0
2023-12-20 14:00:00+09:00,4655.0,4680.0,4645.0,4660.0,8100,0.0,0.0
2023-12-21 09:00:00+09:00,4645.0,4845.0,4605.0,4765.0,48700,0.0,0.0
2023-12-21 10:00:00+09:00,4765.0,4785.0,4740.0,4750.0,9600,0.0,0.0
2023-12-21 11:00:00+09:00,4750.0,4755.0,4730.0,4755.0,0,0.0,0.0
2023-12-21 12:00:00+09:00,4740.0,4760.0,4740.0,4760.0,64400,0.0,0.0
2023-12-21 13:00:00+09:00,4755.0,4770.0,4750.0,4760.0,5100,0.0,0.0
2023-12-21 14:00:00+09:00,4765.0,4795.0,4760.0,4780.0,13800,0.0,0.0
2023-12-22 09:00:00+09:00,4800.0,4860.0,4760.0,4815.0,27100,0.0,0.0
2023-12-22 10:00:00+09:00,4820.0,4830.0,4810.0,4830.0,6000,0.0,0.0
2023-12-22 11:00:00+09:00,4830.0,4840.0,4825.0,4840.0,0,0.0,0.0
2023-12-22 12:00:00+09:00,4835.0,4835.0,4770.0,4770.0,39800,0.0,0.0
2023-12-22 13:00:00+09:00,4770.0,4780.0,4755.0,4760.0,7300,0.0,0.0
2023-12-22 14:00:00+09:00,4755.0,4795.0,4750.0,4780.0,6000,0.0,0.0
2023-12-25 09:00:00+09:00,4800.0,4830.0,4770.0,4770.0,9200,0.0,0.0
2023-12-25 10:00:00+09:00,4770.0,4770.0,4735.0,4735.0,5900,0.0,0.0
2023-12-25 11:00:00+09:00,4745.0,4765.0,4745.0,4760.0,0,0.0,0.0
2023-12-25 12:00:00+09:00,4770.0,4770.0,4760.0,4760.0,18200,0.0,0.0
2023-12-25 13:00:00+09:00,4765.0,4765.0,4750.0,4755.0,2900,0.0,0.0
2023-12-25 14:00:00+09:00,4760.0,4770.0,4745.0,4755.0,8000,0.0,0.0
2023-12-26 09:00:00+09:00,4750.0,4820.0,4750.0,4810.0,12800,0.0,0.0
2023-12-26 10:00:00+09:00,4805.0,4850.0,4795.0,4795.0,9600,0.0,0.0
2023-12-26 11:00:00+09:00,4795.0,4800.0,4795.0,4800.0,0,0.0,0.0
2023-12-26 12:00:00+09:00,4800.0,4805.0,4795.0,4805.0,26200,0.0,0.0
2023-12-26 13:00:00+09:00,4810.0,4815.0,4800.0,4815.0,2600,0.0,0.0
2023-12-26 14:00:00+09:00,4810.0,4830.0,4810.0,4825.0,7000,0.0,0.0
2023-12-27 09:00:00+09:00,4890.0,4930.0,4870.0,4905.0,20000,0.0,0.0
2023-12-27 10:00:00+09:00,4900.0,4935.0,4900.0,4925.0,6300,0.0,0.0
2023-12-27 11:00:00+09:00,4920.0,4925.0,4915.0,4920.0,0,0.0,0.0
2023-12-27 12:00:00+09:00,4900.0,4910.0,4900.0,4910.0,29600,0.0,0.0
2023-12-27 13:00:00+09:00,4910.0,4910.0,4890.0,4895.0,4200,0.0,0.0
2023-12-27 14:00:00+09:00,4895.0,4925.0,4895.0,4905.0,8500,0.0,0.0
2023-12-28 09:00:00+09:00,4880.0,4990.0,4855.0,4985.0,23600,0.0,0.0
2023-12-28 10:00:00+09:00,4995.0,4995.0,4900.0,4900.0,11600,0.0,0.0
2023-12-28 11:00:00+09:00,4890.0,4900.0,4885.0,4900.0,0,0.0,0.0
2023-12-28 12:00:00+09:00,4890.0,4905.0,4865.0,4885.0,45400,0.0,0.0
2023-12-28 13:00:00+09:00,4880.0,4890.0,4855.0,4855.0,6900,0.0,0.0
2023-12-28 14:00:00+09:00,4860.0,4880.0,4835.0,4840.0,10200,0.0,0.0
2023-12-29 09:00:00+09:00,4845.0,4885.0,4800.0,4825.0,13200,0.0,0.0
2023-12-29 10:00:00+09:00,4835.0,4855.0,4830.0,4855.0,2100,0.0,0.0
2023-12-29 11:00:00+09:00,4855.0,4855.0,4840.0,4845.0,0,0.0,0.0
2023-12-29 12:00:00+09:00,4855.0,4855.0,4840.0,4840.0,19300,0.0,0.0
2023-12-29 13:00:00+09:00,4835.0,4835.0,4810.0,4820.0,3500,0.0,0.0
2023-12-29 14:00:00+09:00,4820.0,4870.0,4815.0,4870.0,15700,0.0,0.0
2024-01-04 09:00:00+09:00,4815.0,4830.0,4720.0,4785.0,16100,0.0,0.0
2024-01-04 10:00:00+09:00,4800.0,4840.0,4800.0,4830.0,9100,0.0,0.0
2024-01-04 11:00:00+09:00,4825.0,4825.0,4810.0,4820.0,0,0.0,0.0
2024-01-04 12:00:00+09:00,4845.0,4850.0,4840.0,4845.0,28400,0.0,0.0
2024-01-04 13:00:00+09:00,4845.0,4890.0,4845.0,4890.0,15000,0.0,0.0
2024-01-04 14:00:00+09:00,4895.0,4920.0,4870.0,4885.0,10800,0.0,0.0
2024-01-05 09:00:00+09:00,4880.0,4890.0,4845.0,4850.0,9700,0.0,0.0
2024-01-05 10:00:00+09:00,4845.0,4850.0,4830.0,4845.0,3600,0.0,0.0
2024-01-05 11:00:00+09:00,4840.0,4845.0,4830.0,4835.0,0,0.0,0.0
2024-01-05 12:00:00+09:00,4825.0,4840.0,4820.0,4820.0,20900,0.0,0.0
2024-01-05 13:00:00+09:00,4815.0,4845.0,4810.0,4840.0,6200,0.0,0.0
2024-01-05 14:00:00+09:00,4840.0,4845.0,4815.0,4825.0,5200,0.0,0.0
2024-01-09 09:00:00+09:00,4885.0,4960.0,4885.0,4915.0,24700,0.0,0.0
2024-01-09 10:00:00+09:00,4925.0,4925.0,4890.0,4895.0,3900,0.0,0.0
2024-01-09 11:00:00+09:00,4895.0,4915.0,4890.0,4915.0,0,0.0,0.0
2024-01-09 12:00:00+09:00,4945.0,4945.0,4900.0,4905.0,38300,0.0,0.0
2024-01-09 13:00:00+09:00,4905.0,4905.0,4860.0,4885.0,5000,0.0,0.0
2024-01-09 14:00:00+09:00,4900.0,4900.0,4870.0,4890.0,7500,0.0,0.0
2024-01-10 09:00:00+09:00,4905.0,4915.0,4875.0,4905.0,6000,0.0,0.0
2024-01-10 10:00:00+09:00,4905.0,4940.0,4900.0,4930.0,7000,0.0,0.0
2024-01-10 11:00:00+09:00,4930.0,4935.0,4915.0,4930.0,0,0.0,0.0
2024-01-10 12:00:00+09:00,4910.0,4910.0,4875.0,4880.0,19300,0.0,0.0
2024-01-10 13:00:00+09:00,4875.0,4880.0,4850.0,4855.0,6600,0.0,0.0
2024-01-10 14:00:00+09:00,4855.0,4865.0,4840.0,4845.0,13500,0.0,0.0
2024-01-11 09:00:00+09:00,4845.0,4895.0,4800.0,4800.0,25100,0.0,0.0
2024-01-11 10:00:00+09:00,4810.0,4810.0,4770.0,4785.0,15400,0.0,0.0
2024-01-11 11:00:00+09:00,4785.0,4810.0,4775.0,4790.0,0,0.0,0.0
2024-01-11 12:00:00+09:00,4810.0,4810.0,4800.0,4810.0,54700,0.0,0.0
2024-01-11 13:00:00+09:00,4800.0,4810.0,4780.0,4810.0,10800,0.0,0.0
2024-01-11 14:00:00+09:00,4810.0,4815.0,4785.0,4790.0,11700,0.0,0.0
2024-01-12 09:00:00+09:00,4815.0,4825.0,4720.0,4730.0,0,0.0,0.0
2024-01-12 10:00:00+09:00,4725.0,4745.0,4705.0,4705.0,9500,0.0,0.0
2024-01-12 11:00:00+09:00,4710.0,4720.0,4690.0,4690.0,0,0.0,0.0
2024-01-12 12:00:00+09:00,4680.0,4715.0,4670.0,4705.0,52500,0.0,0.0
2024-01-12 13:00:00+09:00,4710.0,4715.0,4690.0,4700.0,12200,0.0,0.0
2024-01-12 14:00:00+09:00,4700.0,4725.0,4690.0,4715.0,14100,0.0,0.0
2024-01-15 09:00:00+09:00,4855.0,5060.0,4850.0,5060.0,100700,0.0,0.0
2024-01-15 10:00:00+09:00,5050.0,5130.0,5000.0,5120.0,48900,0.0,0.0
2024-01-15 11:00:00+09:00,5120.0,5180.0,5120.0,5170.0,0,0.0,0.0
2024-01-15 12:00:00+09:00,5170.0,5190.0,5110.0,5130.0,195200,0.0,0.0
2024-01-15 13:00:00+09:00,5140.0,5190.0,5080.0,5130.0,45000,0.0,0.0
2024-01-15 14:00:00+09:00,5130.0,5140.0,5040.0,5080.0,39000,0.0,0.0
2024-01-16 09:00:00+09:00,5180.0,5200.0,5040.0,5070.0,42400,0.0,0.0
2024-01-16 10:00:00+09:00,5060.0,5070.0,5040.0,5060.0,10600,0.0,0.0
2024-01-16 11:00:00+09:00,5060.0,5090.0,5050.0,5090.0,0,0.0,0.0
2024-01-16 12:00:00+09:00,5070.0,5130.0,5060.0,5080.0,84300,0.0,0.0
2024-01-16 13:00:00+09:00,5080.0,5120.0,5080.0,5090.0,8100,0.0,0.0
2024-01-16 14:00:00+09:00,5090.0,5140.0,5090.0,5120.0,11800,0.0,0.0
2024-01-17 09:00:00+09:00,5230.0,5260.0,5180.0,5200.0,44000,0.0,0.0
2024-01-17 10:00:00+09:00,5200.0,5260.0,5160.0,5170.0,28800,0.0,0.0
2024-01-17 11:00:00+09:00,5180.0,5190.0,5110.0,5150.0,0,0.0,0.0
2024-01-17 12:00:00+09:00,5140.0,5140.0,5070.0,5070.0,93000,0.0,0.0
2024-01-17 13:00:00+09:00,5080.0,5130.0,5070.0,5110.0,11800,0.0,0.0
2024-01-17 14:00:00+09:00,5110.0,5120.0,5060.0,5060.0,13700,0.0,0.0
2024-01-18 09:00:00+09:00,5060.0,5140.0,5030.0,5110.0,24100,0.0,0.0
2024-01-18 10:00:00+09:00,5110.0,5110.0,5040.0,5060.0,7900,0.0,0.0
2024-01-18 11:00:00+09:00,5060.0,5080.0,5060.0,5080.0,0,0.0,0.0
2024-01-18 12:00:00+09:00,5080.0,5130.0,5070.0,5100.0,45000,0.0,0.0
2024-01-18 13:00:00+09:00,5110.0,5130.0,5060.0,5080.0,10500,0.0,0.0
2024-01-18 14:00:00+09:00,5090.0,5090.0,5070.0,5070.0,10200,0.0,0.0
2024-01-19 09:00:00+09:00,5170.0,5170.0,5090.0,5110.0,18400,0.0,0.0
2024-01-19 10:00:00+09:00,5110.0,5160.0,5110.0,5150.0,6800,0.0,0.0
2024-01-19 11:00:00+09:00,5140.0,5140.0,5100.0,5120.0,0,0.0,0.0
2024-01-19 12:00:00+09:00,5100.0,5110.0,5090.0,5090.0,34800,0.0,0.0
2024-01-19 13:00:00+09:00,5080.0,5090.0,5050.0,5070.0,6900,0.0,0.0
2024-01-19 14:00:00+09:00,5070.0,5100.0,5070.0,5100.0,9400,0.0,0.0
2024-01-22 09:00:00+09:00,5150.0,5170.0,5110.0,5150.0,16800,0.0,0.0
2024-01-22 10:00:00+09:00,5150.0,5180.0,5140.0,5170.0,10300,0.0,0.0
2024-01-22 11:00:00+09:00,5170.0,5190.0,5170.0,5190.0,0,0.0,0.0
2024-01-22 12:00:00+09:00,5190.0,5200.0,5180.0,5180.0,40800,0.0,0.0
2024-01-22 13:00:00+09:00,5190.0,5210.0,5180.0,5210.0,5000,0.0,0.0
2024-01-22 14:00:00+09:00,5210.0,5230.0,5200.0,5220.0,7900,0.0,0.0
2024-01-23 09:00:00+09:00,5290.0,5330.0,5210.0,5250.0,26400,0.0,0.0
2024-01-23 10:00:00+09:00,5240.0,5240.0,5200.0,5220.0,6400,0.0,0.0
2024-01-23 11:00:00+09:00,5210.0,5230.0,5200.0,5210.0,0,0.0,0.0
2024-01-23 12:00:00+09:00,5210.0,5210.0,5140.0,5140.0,52500,0.0,0.0
2024-01-23 13:00:00+09:00,5150.0,5190.0,5150.0,5170.0,7900,0.0,0.0
2024-01-23 14:00:00+09:00,5170.0,5180.0,5140.0,5150.0,13300,0.0,0.0
2024-01-24 09:00:00+09:00,5130.0,5130.0,5060.0,5100.0,23000,0.0,0.0
2024-01-24 10:00:00+09:00,5100.0,5100.0,5050.0,5060.0,9100,0.0,0.0
2024-01-24 11:00:00+09:00,5060.0,5060.0,5050.0,5060.0,0,0.0,0.0
2024-01-24 12:00:00+09:00,5060.0,5070.0,5030.0,5060.0,50600,0.0,0.0
2024-01-24 13:00:00+09:00,5060.0,5060.0,5020.0,5050.0,10000,0.0,0.0
2024-01-24 14:00:00+09:00,5050.0,5080.0,5050.0,5070.0,10000,0.0,0.0
2024-01-25 09:00:00+09:00,5040.0,5140.0,5040.0,5130.0,16000,0.0,0.0
2024-01-25 10:00:00+09:00,5130.0,5130.0,5100.0,5120.0,4100,0.0,0.0
2024-01-25 11:00:00+09:00,5110.0,5130.0,5110.0,5130.0,0,0.0,0.0
2024-01-25 12:00:00+09:00,5130.0,5130.0,5090.0,5090.0,36800,0.0,0.0
2024-01-25 13:00:00+09:00,5100.0,5110.0,5060.0,5100.0,14100,0.0,0.0
2024-01-25 14:00:00+09:00,5100.0,5130.0,5100.0,5120.0,6400,0.0,0.0
2024-01-26 09:00:00+09:00,5110.0,5110.0,5050.0,5050.0,14400,0.0,0.0
2024-01-26 10:00:00+09:00,5070.0,5080.0,5050.0,5050.0,6700,0.0,0.0
2024-01-26 11:00:00+09:00,5050.0,5050.0,5040.0,5040.0,0,0.0,0.0
2024-01-26 12:00:00+09:00,5030.0,5040.0,5020.0,5020.0,31700,0.0,0.0
2024-01-26 13:00:00+09:00,5020.0,5020.0,4975.0,4975.0,13300,0.0,0.0
2024-01-26 14:00:00+09:00,4975.0,5010.0,4975.0,4980.0,10800,0.0,0.0
2024-01-29 09:00:00+09:00,5040.0,5090.0,5030.0,5070.0,13900,0.0,0.0
2024-01-29 10:00:00+09:00,5070.0,5150.0,5070.0,5150.0,15300,0.0,0.0
2024-01-29 11:00:00+09:00,5150.0,5170.0,5140.0,5160.0,0,0.0,0.0
2024-01-29 12:00:00+09:00,5160.0,5160.0,5120.0,5120.0,47600,0.0,0.0
2024-01-29 13:00:00+09:00,5130.0,5160.0,5120.0,5130.0,10700,0.0,0.0
2024-01-29 14:00:00+09:00,5140.0,5150.0,5120.0,5130.0,14000,0.0,0.0
2024-01-30 09:00:00+09:00,5130.0,5160.0,5090.0,5110.0,11600,0.0,0.0
2024-01-30 10:00:00+09:00,5120.0,5120.0,5080.0,5100.0,5000,0.0,0.0
2024-01-30 11:00:00+09:00,5100.0,5120.0,5100.0,5120.0,0,0.0,0.0
2024-01-30 12:00:00+09:00,5110.0,5110.0,5090.0,5100.0,20800,0.0,0.0
2024-01-30 13:00:00+09:00,5090.0,5120.0,5090.0,5110.0,4700,0.0,0.0
2024-01-30 14:00:00+09:00,5100.0,5110.0,5080.0,5080.0,7600,0.0,0.0
2024-01-31 09:00:00+09:00,5040.0,5080.0,5030.0,5070.0,7600,0.0,0.0
2024-01-31 10:00:00+09:00,5060.0,5130.0,5060.0,5120.0,4600,0.0,0.0
2024-01-31 11:00:00+09:00,5120.0,5120.0,5100.0,5120.0,0,0.0,0.0
2024-01-31 12:00:00+09:00,5100.0,5120.0,5100.0,5110.0,19000,0.0,0.0
2024-01-31 13:00:00+09:00,5110.0,5140.0,5110.0,5130.0,3500,0.0,0.0
2024-01-31 14:00:00+09:00,5130.0,5140.0,5120.0,5120.0,5100,0.0,0.0
2024-02-01 09:00:00+09:00,5070.0,5100.0,5070.0,5070.0,8000,0.0,0.0
2024-02-01 10:00:00+09:00,5070.0,5090.0,5060.0,5080.0,3100,0.0,0.0
2024-02-01 11:00:00+09:00,5060.0,5080.0,5060.0,5080.0,0,0.0,0.0
2024-02-01 12:00:00+09:00,5080.0,5090.0,5070.0,5090.0,14700,0.0,0.0
2024-02-01 13:00:00+09:00,5090.0,5110.0,5070.0,5100.0,3900,0.0,0.0
2024-02-01 14:00:00+09:00,5090.0,5090.0,5070.0,5070.0,11500,0.0,0.0
2024-02-02 09:00:00+09:00,5130.0,5130.0,5040.0,5080.0,13800,0.0,0.0
2024-02-02 10:00:00+09:00,5080.0,5110.0,5080.0,5110.0,3900,0.0,0.0
2024-02-02 11:00:00+09:00,5110.0,5110.0,5080.0,5090.0,0,0.0,0.0
2024-02-02 12:00:00+09:00,5080.0,5100.0,5070.0,5100.0,23000,0.0,0.0
2024-02-02 13:00:00+09:00,5090.0,5120.0,5070.0,5120.0,4400,0.0,0.0
2024-02-02 14:00:00+09:00,5120.0,5120.0,5090.0,5090.0,11600,0.0,0.0
2024-02-05 09:00:00+09:00,5130.0,5140.0,5030.0,5030.0,19500,0.0,0.0
2024-02-05 10:00:00+09:00,5030.0,5050.0,5020.0,5040.0,5600,0.0,0.0
2024-02-05 11:00:00+09:00,5040.0,5040.0,5030.0,5040.0,0,0.0,0.0
2024-02-05 12:00:00+09:00,5040.0,5040.0,5020.0,5040.0,32600,0.0,0.0
2024-02-05 13:00:00+09:00,5040.0,5060.0,5040.0,5060.0,4500,0.0,0.0
2024-02-05 14:00:00+09:00,5060.0,5080.0,5040.0,5050.0,17700,0.0,0.0
2024-02-06 09:00:00+09:00,5050.0,5060.0,5020.0,5040.0,0,0.0,0.0
2024-02-06 10:00:00+09:00,5040.0,5060.0,5040.0,5040.0,10700,0.0,0.0
2024-02-06 11:00:00+09:00,5040.0,5040.0,5040.0,5040.0,0,0.0,0.0
2024-02-06 12:00:00+09:00,5040.0,5040.0,5020.0,5030.0,15400,0.0,0.0
2024-02-06 13:00:00+09:00,5040.0,5050.0,5040.0,5040.0,2000,0.0,0.0
2024-02-06 14:00:00+09:00,5050.0,5070.0,5040.0,5050.0,8500,0.0,0.0
2024-02-07 09:00:00+09:00,5030.0,5100.0,5030.0,5100.0,6000,0.0,0.0
2024-02-07 10:00:00+09:00,5110.0,5130.0,5100.0,5110.0,5600,0.0,0.0
2024-02-07 11:00:00+09:00,5110.0,5140.0,5110.0,5130.0,0,0.0,0.0
2024-02-07 12:00:00+09:00,5110.0,5120.0,5100.0,5100.0,18300,0.0,0.0
2024-02-07 13:00:00+09:00,5110.0,5150.0,5110.0,5150.0,5700,0.0,0.0
2024-02-07 14:00:00+09:00,5150.0,5150.0,5130.0,5150.0,9400,0.0,0.0
2024-02-08 09:00:00+09:00,5140.0,5150.0,5050.0,5050.0,16900,0.0,0.0
2024-02-08 10:00:00+09:00,5060.0,5110.0,5050.0,5110.0,7000,0.0,0.0
2024-02-08 11:00:00+09:00,5110.0,5110.0,5100.0,5110.0,0,0.0,0.0
2024-02-08 12:00:00+09:00,5140.0,5140.0,5120.0,5130.0,29500,0.0,0.0
2024-02-08 13:00:00+09:00,5140.0,5180.0,5140.0,5150.0,14700,0.0,0.0
2024-02-08 14:00:00+09:00,5140.0,5170.0,5130.0,5160.0,11900,0.0,0.0
2024-02-09 09:00:00+09:00,5200.0,5250.0,5130.0,5160.0,32500,0.0,0.0
2024-02-09 10:00:00+09:00,5160.0,5180.0,5150.0,5160.0,9600,0.0,0.0
2024-02-09 11:00:00+09:00,5150.0,5190.0,5130.0,5190.0,0,0.0,0.0
2024-02-09 12:00:00+09:00,5190.0,5190.0,5160.0,5180.0,59900,0.0,0.0
2024-02-09 13:00:00+09:00,5180.0,5220.0,4750.0,4775.0,219800,0.0,0.0
2024-02-09 14:00:00+09:00,4770.0,4780.0,4685.0,4755.0,139900,0.0,0.0
2024-02-13 09:00:00+09:00,4825.0,4855.0,4690.0,4715.0,85700,0.0,0.0
2024-02-13 10:00:00+09:00,4710.0,4750.0,4695.0,4750.0,22000,0.0,0.0
2024-02-13 11:00:00+09:00,4755.0,4755.0,4735.0,4750.0,0,0.0,0.0
2024-02-13 12:00:00+09:00,4770.0,4785.0,4740.0,4755.0,134200,0.0,0.0
2024-02-13 13:00:00+09:00,4755.0,4775.0,4740.0,4755.0,18600,0.0,0.0
2024-02-13 14:00:00+09:00,4760.0,4780.0,4750.0,4760.0,24200,0.0,0.0
2024-02-14 09:00:00+09:00,4720.0,4720.0,4605.0,4615.0,48900,0.0,0.0
2024-02-14 10:00:00+09:00,4620.0,4620.0,4590.0,4600.0,25200,0.0,0.0
2024-02-14 11:00:00+09:00,4600.0,4605.0,4595.0,4600.0,0,0.0,0.0
2024-02-14 12:00:00+09:00,4605.0,4615.0,4600.0,4605.0,85200,0.0,0.0
2024-02-14 13:00:00+09:00,4610.0,4655.0,4600.0,4650.0,9800,0.0,0.0
2024-02-14 14:00:00+09:00,4645.0,4660.0,4625.0,4625.0,15700,0.0,0.0
2024-02-15 09:00:00+09:00,4690.0,4710.0,4570.0,4575.0,31100,0.0,0.0
2024-02-15 10:00:00+09:00,4585.0,4585.0,4560.0,4575.0,9200,0.0,0.0
2024-02-15 11:00:00+09:00,4575.0,4580.0,4550.0,4565.0,0,0.0,0.0
2024-02-15 12:00:00+09:00,4565.0,4585.0,4560.0,4580.0,54600,0.0,0.0
2024-02-15 13:00:00+09:00,4585.0,4605.0,4575.0,4575.0,6600,0.0,0.0
2024-02-15 14:00:00+09:00,4575.0,4585.0,4570.0,4575.0,10400,0.0,0.0
2024-02-16 09:00:00+09:00,4615.0,4715.0,4590.0,4710.0,27400,0.0,0.0
2024-02-16 10:00:00+09:00,4705.0,4735.0,4690.0,4690.0,17900,0.0,0.0
2024-02-16 11:00:00+09:00,4690.0,4730.0,4685.0,4720.0,0,0.0,0.0
2024-02-16 12:00:00+09:00,4720.0,4750.0,4715.0,4750.0,61800,0.0,0.0
2024-02-16 13:00:00+09:00,4745.0,4755.0,4705.0,4705.0,14000,0.0,0.0
2024-02-16 14:00:00+09:00,4705.0,4725.0,4670.0,4670.0,11900,0.0,0.0
2024-02-19 09:00:00+09:00,4625.0,4650.0,4585.0,4600.0,20800,0.0,0.0
2024-02-19 10:00:00+09:00,4595.0,4650.0,4565.0,4635.0,57700,0.0,0.0
2024-02-19 11:00:00+09:00,4635.0,4645.0,4625.0,4645.0,0,0.0,0.0
2024-02-19 12:00:00+09:00,4645.0,4645.0,4630.0,4630.0,85600,0.0,0.0
2024-02-19 13:00:00+09:00,4630.0,4680.0,4630.0,4675.0,0,0.0,0.0
2024-02-19 14:00:00+09:00,4675.0,4700.0,4675.0,4695.0,109400,0.0,0.0
2024-02-20 09:00:00+09:00,4885.0,5040.0,4855.0,5010.0,106500,0.0,0.0
2024-02-20 10:00:00+09:00,5020.0,5040.0,4915.0,4930.0,23100,0.0,0.0
2024-02-20 11:00:00+09:00,4920.0,4935.0,4900.0,4910.0,0,0.0,0.0
2024-02-20 12:00:00+09:00,4920.0,4920.0,4870.0,4880.0,150100,0.0,0.0
2024-02-20 13:00:00+09:00,4885.0,4900.0,4870.0,4870.0,9100,0.0,0.0
2024-02-20 14:00:00+09:00,4875.0,4925.0,4875.0,4920.0,17000,0.0,0.0
2024-02-21 09:00:00+09:00,4860.0,4880.0,4780.0,4785.0,23600,0.0,0.0
2024-02-21 10:00:00+09:00,4790.0,4800.0,4775.0,4785.0,9500,0.0,0.0
2024-02-21 11:00:00+09:00,4780.0,4785.0,4760.0,4770.0,0,0.0,0.0
2024-02-21 12:00:00+09:00,4765.0,4770.0,4755.0,4770.0,49400,0.0,0.0
2024-02-21 13:00:00+09:00,4775.0,4820.0,4775.0,4800.0,8000,0.0,0.0
2024-02-21 14:00:00+09:00,4800.0,4810.0,4780.0,4780.0,13100,0.0,0.0
2024-02-22 09:00:00+09:00,4910.0,4910.0,4800.0,4815.0,0,0.0,0.0
2024-02-22 10:00:00+09:00,4820.0,4830.0,4805.0,4805.0,23900,0.0,0.0
2024-02-22 11:00:00+09:00,4800.0,4845.0,4800.0,4845.0,0,0.0,0.0
2024-02-22 12:00:00+09:00,4845.0,4855.0,4830.0,4830.0,31500,0.0,0.0
2024-02-22 13:00:00+09:00,4835.0,4840.0,4810.0,4810.0,5400,0.0,0.0
2024-02-22 14:00:00+09:00,4810.0,4835.0,4805.0,4830.0,7600,0.0,0.0
2024-02-26 09:00:00+09:00,4830.0,4880.0,4805.0,4850.0,0,0.0,0.0
2024-02-26 10:00:00+09:00,4835.0,4835.0,4780.0,4800.0,17500,0.0,0.0
2024-02-26 11:00:00+09:00,4795.0,4795.0,4780.0,4780.0,0,0.0,0.0
2024-02-26 12:00:00+09:00,4790.0,4800.0,4785.0,4790.0,23900,0.0,0.0
2024-02-26 13:00:00+09:00,4795.0,4805.0,4760.0,4760.0,12600,0.0,0.0
2024-02-26 14:00:00+09:00,4760.0,4770.0,4745.0,4745.0,11800,0.0,0.0
2024-02-27 09:00:00+09:00,4740.0,4840.0,4710.0,4825.0,17400,0.0,0.0
2024-02-27 10:00:00+09:00,4830.0,4840.0,4825.0,4840.0,8200,0.0,0.0
2024-02-27 11:00:00+09:00,4845.0,4845.0,4800.0,4810.0,0,0.0,0.0
2024-02-27 12:00:00+09:00,4800.0,4840.0,4800.0,4810.0,34400,0.0,0.0
2024-02-27 13:00:00+09:00,4805.0,4805.0,4765.0,4765.0,4600,0.0,0.0
2024-02-27 14:00:00+09:00,4765.0,4775.0,4745.0,4750.0,11900,0.0,0.0
2024-02-28 09:00:00+09:00,4765.0,4830.0,4760.0,4830.0,14000,0.0,0.0
2024-02-28 10:00:00+09:00,4820.0,4820.0,4785.0,4795.0,7300,0.0,0.0
2024-02-28 11:00:00+09:00,4795.0,4810.0,4795.0,4810.0,0,0.0,0.0
2024-02-28 12:00:00+09:00,4790.0,4820.0,4790.0,4815.0,26900,0.0,0.0
2024-02-28 13:00:00+09:00,4820.0,4820.0,4795.0,4800.0,6000,0.0,0.0
2024-02-28 14:00:00+09:00,4800.0,4810.0,4770.0,4775.0,11000,0.0,0.0
2024-02-29 09:00:00+09:00,4760.0,4770.0,4710.0,4730.0,12400,0.0,0.0
2024-02-29 10:00:00+09:00,4735.0,4765.0,4710.0,4765.0,13300,0.0,0.0
2024-02-29 11:00:00+09:00,4770.0,4775.0,4765.0,4765.0,0,0.0,0.0
2024-02-29 12:00:00+09:00,4780.0,4815.0,4780.0,4815.0,33800,0.0,0.0
2024-02-29 13:00:00+09:00,4815.0,4885.0,4815.0,4875.0,14400,0.0,0.0
2024-02-29 14:00:00+09:00,4875.0,4885.0,4855.0,4870.0,12900,0.0,0.0
2024-03-01 09:00:00+09:00,4880.0,4880.0,4805.0,4830.0,32000,0.0,0.0
2024-03-01 10:00:00+09:00,4840.0,4845.0,4810.0,4815.0,8900,0.0,0.0
2024-03-01 11:00:00+09:00,4825.0,4835.0,4815.0,4830.0,0,0.0,0.0
2024-03-01 12:00:00+09:00,4840.0,4845.0,4810.0,4815.0,53200,0.0,0.0
2024-03-01 13:00:00+09:00,4815.0,4825.0,4790.0,4800.0,10600,0.0,0.0
2024-03-01 14:00:00+09:00,4800.0,4820.0,4795.0,4815.0,16600,0.0,0.0
2024-03-04 09:00:00+09:00,4860.0,4860.0,4750.0,4750.0,16600,0.0,0.0
2024-03-04 10:00:00+09:00,4750.0,4770.0,4735.0,4735.0,7100,0.0,0.0
2024-03-04 11:00:00+09:00,4735.0,4735.0,4720.0,4730.0,0,0.0,0.0
2024-03-04 12:00:00+09:00,4725.0,4740.0,4715.0,4740.0,35900,0.0,0.0
2024-03-04 13:00:00+09:00,4745.0,4745.0,4695.0,4695.0,13100,0.0,0.0
2024-03-04 14:00:00+09:00,4700.0,4700.0,4675.0,4680.0,24100,0.0,0.0
2024-03-05 09:00:00+09:00,4685.0,4685.0,4615.0,4620.0,18800,0.0,0.0
2024-03-05 10:00:00+09:00,4610.0,4650.0,4610.0,4650.0,3200,0.0,0.0
2024-03-05 11:00:00+09:00,4655.0,4670.0,4655.0,4670.0,0,0.0,0.0
2024-03-05 12:00:00+09:00,4670.0,4690.0,4660.0,4670.0,27600,0.0,0.0
2024-03-05 13:00:00+09:00,4670.0,4685.0,4670.0,4680.0,2600,0.0,0.0
2024-03-05 14:00:00+09:00,4685.0,4685.0,4665.0,4665.0,5300,0.0,0.0
2024-03-06 09:00:00+09:00,4615.0,4710.0,4590.0,4710.0,16500,0.0,0.0
2024-03-06 10:00:00+09:00,4705.0,4710.0,4695.0,4700.0,3600,0.0,0.0
2024-03-06 11:00:00+09:00,4705.0,4705.0,4690.0,4690.0,0,0.0,0.0
2024-03-06 12:00:00+09:00,4685.0,4705.0,4685.0,4690.0,25500,0.0,0.0
2024-03-06 13:00:00+09:00,4710.0,4715.0,4705.0,4715.0,3000,0.0,0.0
2024-03-06 14:00:00+09:00,4715.0,4730.0,4690.0,4705.0,7400,0.0,0.0
2024-03-07 09:00:00+09:00,4730.0,4730.0,4665.0,4695.0,9700,0.0,0.0
2024-03-07 10:00:00+09:00,4685.0,4690.0,4635.0,4645.0,11200,0.0,0.0
2024-03-07 11:00:00+09:00,4640.0,4650.0,4630.0,4650.0,0,0.0,0.0
2024-03-07 12:00:00+09:00,4660.0,4660.0,4625.0,4650.0,30100,0.0,0.0
2024-03-07 13:00:00+09:00,4660.0,4660.0,4625.0,4625.0,4700,0.0,0.0
2024-03-07 14:00:00+09:00,4625.0,4635.0,4605.0,4615.0,13900,0.0,0.0
2024-03-08 09:00:00+09:00,4565.0,4620.0,4555.0,4590.0,23100,0.0,0.0
2024-03-08 10:00:00+09:00,4595.0,4620.0,4590.0,4620.0,5100,0.0,0.0
2024-03-08 11:00:00+09:00,4610.0,4620.0,4610.0,4615.0,0,0.0,0.0
2024-03-08 12:00:00+09:00,4630.0,4635.0,4630.0,4630.0,35300,0.0,0.0
2024-03-08 13:00:00+09:00,4625.0,4640.0,4605.0,4615.0,8100,0.0,0.0
2024-03-08 14:00:00+09:00,4610.0,4615.0,4600.0,4605.0,8600,0.0,0.0
2024-03-11 09:00:00+09:00,4500.0,4500.0,4410.0,4460.0,37700,0.0,0.0
2024-03-11 10:00:00+09:00,4465.0,4470.0,4430.0,4430.0,18900,0.0,0.0
2024-03-11 11:00:00+09:00,4430.0,4435.0,4415.0,4425.0,0,0.0,0.0
2024-03-11 12:00:00+09:00,4405.0,4405.0,4370.0,4375.0,85400,0.0,0.0
2024-03-11 13:00:00+09:00,4375.0,4390.0,4365.0,4380.0,17000,0.0,0.0
2024-03-11 14:00:00+09:00,4380.0,4395.0,4375.0,4395.0,13900,0.0,0.0
2024-03-12 09:00:00+09:00,4330.0,4360.0,4305.0,4320.0,22900,0.0,0.0
2024-03-12 10:00:00+09:00,4325.0,4335.0,4295.0,4295.0,10900,0.0,0.0
2024-03-12 11:00:00+09:00,4305.0,4345.0,4305.0,4340.0,0,0.0,0.0
2024-03-12 12:00:00+09:00,4330.0,4370.0,4330.0,4365.0,48400,0.0,0.0
2024-03-12 13:00:00+09:00,4365.0,4370.0,4345.0,4360.0,6700,0.0,0.0
2024-03-12 14:00:00+09:00,4360.0,4405.0,4360.0,4395.0,12800,0.0,0.0
2024-03-13 09:00:00+09:00,4450.0,4455.0,4350.0,4350.0,18300,0.0,0.0
2024-03-13 10:00:00+09:00,4350.0,4355.0,4315.0,4330.0,9700,0.0,0.0
2024-03-13 11:00:00+09:00,4340.0,4350.0,4325.0,4330.0,0,0.0,0.0
2024-03-13 12:00:00+09:00,4305.0,4330.0,4295.0,4320.0,42600,0.0,0.0
2024-03-13 13:00:00+09:00,4310.0,4335.0,4305.0,4330.0,8100,0.0,0.0
2024-03-13 14:00:00+09:00,4335.0,4345.0,4320.0,4335.0,9400,0.0,0.0
2024-03-14 09:00:00+09:00,4330.0,4340.0,4280.0,4300.0,18400,0.0,0.0
2024-03-14 10:00:00+09:00,4295.0,4310.0,4285.0,4300.0,5100,0.0,0.0
2024-03-14 11:00:00+09:00,4300.0,4300.0,4290.0,4290.0,0,0.0,0.0
2024-03-14 12:00:00+09:00,4290.0,4315.0,4290.0,4310.0,29100,0.0,0.0
2024-03-14 13:00:00+09:00,4315.0,4340.0,4315.0,4340.0,4700,0.0,0.0
2024-03-14 14:00:00+09:00,4340.0,4355.0,4325.0,4355.0,6700,0.0,0.0
2024-03-15 09:00:00+09:00,4290.0,4305.0,4265.0,4305.0,17800,0.0,0.0
2024-03-15 10:00:00+09:00,4295.0,4305.0,4275.0,4305.0,12200,0.0,0.0
2024-03-15 11:00:00+09:00,4300.0,4320.0,4300.0,4320.0,0,0.0,0.0
2024-03-15 12:00:00+09:00,4320.0,4330.0,4305.0,4310.0,38200,0.0,0.0
2024-03-15 13:00:00+09:00,4320.0,4320.0,4285.0,4285.0,0,0.0,0.0
2024-03-15 14:00:00+09:00,4290.0,4330.0,4285.0,4315.0,56900,0.0,0.0
2024-03-18 09:00:00+09:00,4345.0,4370.0,4325.0,4335.0,9000,0.0,0.0
2024-03-18 10:00:00+09:00,4330.0,4350.0,4325.0,4330.0,4300,0.0,0.0
2024-03-18 11:00:00+09:00,4325.0,4335.0,4315.0,4325.0,0,0.0,0.0
2024-03-18 12:00:00+09:00,4325.0,4330.0,4315.0,4320.0,19600,0.0,0.0
2024-03-18 13:00:00+09:00,4320.0,4335.0,4315.0,4330.0,3300,0.0,0.0
2024-03-18 14:00:00+09:00,4330.0,4345.0,4325.0,4330.0,5800,0.0,0.0
2024-03-19 09:00:00+09:00,4330.0,4345.0,4285.0,4315.0,18400,0.0,0.0
2024-03-19 10:00:00+09:00,4325.0,4340.0,4320.0,4340.0,5100,0.0,0.0
2024-03-19 11:00:00+09:00,4345.0,4355.0,4345.0,4350.0,0,0.0,0.0
2024-03-19 12:00:00+09:00,4370.0,4385.0,4340.0,4380.0,35400,0.0,0.0
2024-03-19 13:00:00+09:00,4390.0,4405.0,4370.0,4390.0,7500,0.0,0.0
2024-03-19 14:00:00+09:00,4380.0,4380.0,4360.0,4370.0,6600,0.0,0.0
2024-03-21 09:00:00+09:00,4425.0,4495.0,4425.0,4490.0,23800,0.0,0.0
2024-03-21 10:00:00+09:00,4485.0,4495.0,4475.0,4495.0,6200,0.0,0.0
2024-03-21 11:00:00+09:00,4490.0,4495.0,4480.0,4490.0,0,0.0,0.0
2024-03-21 12:00:00+09:00,4500.0,4510.0,4490.0,4510.0,38200,0.0,0.0
2024-03-21 13:00:00+09:00,4500.0,4505.0,4485.0,4505.0,4600,0.0,0.0
2024-03-21 14:00:00+09:00,4505.0,4510.0,4495.0,4500.0,7800,0.0,0.0
2024-03-22 09:00:00+09:00,4510.0,4525.0,4470.0,4475.0,0,0.0,0.0
2024-03-22 10:00:00+09:00,4470.0,4475.0,4455.0,4465.0,29400,0.0,0.0
2024-03-22 11:00:00+09:00,4460.0,4460.0,4450.0,4450.0,0,0.0,0.0
2024-03-22 12:00:00+09:00,4450.0,4450.0,4425.0,4435.0,42400,0.0,0.0
2024-03-22 13:00:00+09:00,4440.0,4475.0,4440.0,4470.0,0,0.0,0.0
2024-03-22 14:00:00+09:00,4470.0,4480.0,4465.0,4465.0,56600,0.0,0.0
2024-03-25 09:00:00+09:00,4480.0,4495.0,4465.0,4495.0,6300,0.0,0.0
2024-03-25 10:00:00+09:00,4500.0,4510.0,4480.0,4505.0,5300,0.0,0.0
2024-03-25 11:00:00+09:00,4505.0,4505.0,4480.0,4490.0,0,0.0,0.0
2024-03-25 12:00:00+09:00,4490.0,4490.0,4480.0,4485.0,17300,0.0,0.0
2024-03-25 13:00:00+09:00,4485.0,4495.0,4480.0,4485.0,3100,0.0,0.0
2024-03-25 14:00:00+09:00,4490.0,4495.0,4465.0,4465.0,10500,0.0,0.0
2024-03-26 09:00:00+09:00,4425.0,4515.0,4425.0,4495.0,12500,0.0,0.0
2024-03-26 10:00:00+09:00,4500.0,4510.0,4490.0,4505.0,2800,0.0,0.0
2024-03-26 11:00:00+09:00,4495.0,4505.0,4495.0,4500.0,0,0.0,0.0
2024-03-26 12:00:00+09:00,4500.0,4515.0,4495.0,4500.0,20900,0.0,0.0
2024-03-26 13:00:00+09:00,4505.0,4520.0,4490.0,4505.0,9800,0.0,0.0
2024-03-26 14:00:00+09:00,4505.0,4520.0,4505.0,4510.0,4300,0.0,0.0
2024-03-27 09:00:00+09:00,4555.0,4555.0,4520.0,4535.0,13000,0.0,0.0
2024-03-27 10:00:00+09:00,4535.0,4535.0,4525.0,4535.0,5500,0.0,0.0
2024-03-27 11:00:00+09:00,4535.0,4535.0,4515.0,4520.0,0,0.0,0.0
2024-03-27 12:00:00+09:00,4515.0,4525.0,4510.0,4510.0,35200,0.0,0.0
2024-03-27 13:00:00+09:00,4515.0,4530.0,4505.0,4530.0,9100,0.0,0.0
2024-03-27 14:00:00+09:00,4525.0,4530.0,4495.0,4495.0,20400,0.0,0.0
2024-03-28 09:00:00+09:00,4450.0,4470.0,4425.0,4440.0,14100,0.0,0.0
2024-03-28 10:00:00+09:00,4430.0,4450.0,4415.0,4420.0,6200,0.0,0.0
2024-03-28 11:00:00+09:00,4420.0,4450.0,4415.0,4450.0,0,0.0,0.0
2024-03-28 12:00:00+09:00,4435.0,4465.0,4435.0,4465.0,28500,0.0,0.0
2024-03-28 13:00:00+09:00,4465.0,4475.0,4455.0,4460.0,4900,0.0,0.0
2024-03-28 14:00:00+09:00,4450.0,4455.0,4425.0,4440.0,9100,0.0,0.0
2024-03-29 09:00:00+09:00,4445.0,4490.0,4430.0,4440.0,7700,0.0,0.0
2024-03-29 10:00:00+09:00,4435.0,4450.0,4435.0,4445.0,1500,0.0,0.0
2024-03-29 11:00:00+09:00,4440.0,4465.0,4440.0,4465.0,0,0.0,0.0
2024-03-29 12:00:00+09:00,4455.0,4465.0,4450.0,4460.0,13700,0.0,0.0
2024-03-29 13:00:00+09:00,4460.0,4480.0,4460.0,4470.0,4800,0.0,0.0
2024-03-29 14:00:00+09:00,4475.0,4490.0,4475.0,4490.0,4200,0.0,0.0
2024-04-01 09:00:00+09:00,4490.0,4490.0,4370.0,4370.0,23100,0.0,0.0
2024-04-01 10:00:00+09:00,4375.0,4380.0,4310.0,4325.0,10900,0.0,0.0
2024-04-01 11:00:00+09:00,4310.0,4315.0,4305.0,4310.0,0,0.0,0.0
2024-04-01 12:00:00+09:00,4310.0,4350.0,4305.0,4345.0,44400,0.0,0.0
2024-04-01 13:00:00+09:00,4340.0,4350.0,4330.0,4345.0,5200,0.0,0.0
2024-04-01 14:00:00+09:00,4345.0,4345.0,4300.0,4300.0,17900,0.0,0.0
2024-04-02 09:00:00+09:00,4305.0,4305.0,4225.0,4225.0,31500,0.0,0.0
2024-04-02 10:00:00+09:00,4230.0,4245.0,4220.0,4235.0,10800,0.0,0.0
2024-04-02 11:00:00+09:00,4235.0,4235.0,4220.0,4220.0,0,0.0,0.0
2024-04-02 12:00:00+09:00,4210.0,4225.0,4195.0,4215.0,54800,0.0,0.0
2024-04-02 13:00:00+09:00,4205.0,4220.0,4205.0,4205.0,4800,0.0,0.0
2024-04-02 14:00:00+09:00,4205.0,4210.0,4195.0,4195.0,8200,0.0,0.0
2024-04-03 09:00:00+09:00,4180.0,4200.0,4140.0,4200.0,0,0.0,0.0
2024-04-03 10:00:00+09:00,4200.0,4200.0,4160.0,4170.0,24000,0.0,0.0
2024-04-03 11:00:00+09:00,4175.0,4185.0,4165.0,4185.0,0,0.0,0.0
2024-04-03 12:00:00+09:00,4170.0,4205.0,4170.0,4190.0,42500,0.0,0.0
2024-04-03 13:00:00+09:00,4195.0,4195.0,4155.0,4170.0,10400,0.0,0.0
2024-04-03 14:00:00+09:00,4160.0,4170.0,4150.0,4155.0,10500,0.0,0.0
2024-04-04 09:00:00+09:00,4190.0,4215.0,4180.0,4215.0,13400,0.0,0.0
2024-04-04 10:00:00+09:00,4215.0,4235.0,4215.0,4235.0,4100,0.0,0.0
2024-04-04 11:00:00+09:00,4230.0,4240.0,4225.0,4240.0,0,0.0,0.0
2024-04-04 12:00:00+09:00,4245.0,4250.0,4230.0,4230.0,29100,0.0,0.0
2024-04-04 13:00:00+09:00,4240.0,4240.0,4215.0,4220.0,4300,0.0,0.0
2024-04-04 14:00:00+09:00,4220.0,4235.0,4210.0,4220.0,8800,0.0,0.0
2024-04-05 09:00:00+09:00,4150.0,4215.0,4150.0,4175.0,13700,0.0,0.0
2024-04-05 10:00:00+09:00,4170.0,4195.0,4165.0,4175.0,7900,0.0,0.0
2024-04-05 11:00:00+09:00,4185.0,4200.0,4170.0,4170.0,0,0.0,0.0
2024-04-05 12:00:00+09:00,4165.0,4220.0,4165.0,4215.0,29200,0.0,0.0
2024-04-05 13:00:00+09:00,4215.0,4215.0,4190.0,4195.0,5500,0.0,0.0
2024-04-05 14:00:00+09:00,4200.0,4215.0,4185.0,4190.0,7900,0.0,0.0
2024-04-08 09:00:00+09:00,4205.0,4225.0,4155.0,4180.0,11100,0.0,0.0
2024-04-08 10:00:00+09:00,4175.0,4205.0,4175.0,4205.0,3000,0.0,0.0
2024-04-08 11:00:00+09:00,4210.0,4210.0,4195.0,4205.0,0,0.0,0.0
2024-04-08 12:00:00+09:00,4205.0,4205.0,4180.0,4200.0,24700,0.0,0.0
2024-04-08 13:00:00+09:00,4195.0,4215.0,4195.0,4210.0,2900,0.0,0.0
2024-04-08 14:00:00+09:00,4205.0,4250.0,4200.0,4250.0,7900,0.0,0.0
2024-04-09 09:00:00+09:00,4230.0,4245.0,4220.0,4220.0,2700,0.0,0.0
2024-04-09 10:00:00+09:00,4215.0,4220.0,4195.0,4195.0,2200,0.0,0.0
2024-04-09 11:00:00+09:00,4205.0,4205.0,4200.0,4200.0,0,0.0,0.0
2024-04-09 12:00:00+09:00,4195.0,4195.0,4190.0,4195.0,8900,0.0,0.0
2024-04-09 13:00:00+09:00,4195.0,4215.0,4190.0,4215.0,5900,0.0,0.0
2024-04-09 14:00:00+09:00,4215.0,4225.0,4215.0,4225.0,4000,0.0,0.0
2024-04-10 09:00:00+09:00,4200.0,4225.0,4180.0,4215.0,7700,0.0,0.0
2024-04-10 10:00:00+09:00,4210.0,4215.0,4200.0,4205.0,2100,0.0,0.0
2024-04-10 11:00:00+09:00,4200.0,4205.0,4195.0,4195.0,0,0.0,0.0
2024-04-10 12:00:00+09:00,4195.0,4205.0,4190.0,4190.0,15200,0.0,0.0
2024-04-10 13:00:00+09:00,4190.0,4220.0,4185.0,4210.0,11300,0.0,0.0
2024-04-10 14:00:00+09:00,4215.0,4230.0,4210.0,4210.0,4900,0.0,0.0
2024-04-11 09:00:00+09:00,4230.0,4255.0,4200.0,4255.0,20800,0.0,0.0
2024-04-11 10:00:00+09:00,4260.0,4260.0,4235.0,4235.0,2400,0.0,0.0
2024-04-11 11:00:00+09:00,4240.0,4245.0,4240.0,4245.0,0,0.0,0.0
2024-04-11 12:00:00+09:00,4245.0,4275.0,4245.0,4275.0,26800,0.0,0.0
2024-04-11 13:00:00+09:00,4275.0,4280.0,4255.0,4255.0,2600,0.0,0.0
2024-04-11 14:00:00+09:00,4255.0,4260.0,4240.0,4245.0,9400,0.0,0.0
2024-04-12 09:00:00+09:00,4240.0,4260.0,4225.0,4240.0,13100,0.0,0.0
2024-04-12 10:00:00+09:00,4230.0,4265.0,4225.0,4260.0,5200,0.0,0.0
2024-04-12 11:00:00+09:00,4265.0,4275.0,4250.0,4260.0,0,0.0,0.0
2024-04-12 12:00:00+09:00,4260.0,4260.0,4245.0,4245.0,24500,0.0,0.0
2024-04-12 13:00:00+09:00,4240.0,4240.0,4225.0,4235.0,6100,0.0,0.0
2024-04-12 14:00:00+09:00,4235.0,4245.0,4230.0,4240.0,4900,0.0,0.0
2024-04-15 09:00:00+09:00,4175.0,4190.0,4150.0,4165.0,0,0.0,0.0
2024-04-15 10:00:00+09:00,4175.0,4185.0,4170.0,4185.0,23000,0.0,0.0
2024-04-15 11:00:00+09:00,4185.0,4190.0,4175.0,4180.0,0,0.0,0.0
2024-04-15 12:00:00+09:00,4180.0,4180.0,4170.0,4170.0,26200,0.0,0.0
2024-04-15 13:00:00+09:00,4175.0,4175.0,4145.0,4165.0,8800,0.0,0.0
2024-04-15 14:00:00+09:00,4170.0,4175.0,4145.0,4165.0,7800,0.0,0.0
2024-04-16 09:00:00+09:00,4145.0,4145.0,4065.0,4085.0,21000,0.0,0.0
2024-04-16 10:00:00+09:00,4080.0,4080.0,4065.0,4070.0,5600,0.0,0.0
2024-04-16 11:00:00+09:00,4070.0,4070.0,4030.0,4030.0,0,0.0,0.0
2024-04-16 12:00:00+09:00,4030.0,4030.0,4010.0,4030.0,47500,0.0,0.0
2024-04-16 13:00:00+09:00,4030.0,4030.0,4000.0,4020.0,19700,0.0,0.0
2024-04-16 14:00:00+09:00,4015.0,4035.0,4010.0,4025.0,8900,0.0,0.0
2024-04-17 09:00:00+09:00,4025.0,4035.0,3975.0,4010.0,16800,0.0,0.0
2024-04-17 10:00:00+09:00,3995.0,4020.0,3995.0,4020.0,2500,0.0,0.0
2024-04-17 11:00:00+09:00,4025.0,4045.0,4020.0,4040.0,0,0.0,0.0
2024-04-17 12:00:00+09:00,4040.0,4050.0,4025.0,4050.0,27500,0.0,0.0
2024-04-17 13:00:00+09:00,4050.0,4055.0,4040.0,4050.0,3700,0.0,0.0
2024-04-17 14:00:00+09:00,4050.0,4055.0,4015.0,4015.0,10300,0.0,0.0
2024-04-18 09:00:00+09:00,3985.0,4040.0,3985.0,4015.0,8400,0.0,0.0
2024-04-18 10:00:00+09:00,4030.0,4045.0,4020.0,4045.0,3200,0.0,0.0
2024-04-18 11:00:00+09:00,4050.0,4055.0,4040.0,4055.0,0,0.0,0.0
2024-04-18 12:00:00+09:00,4065.0,4070.0,4055.0,4060.0,17800,0.0,0.0
2024-04-18 13:00:00+09:00,4065.0,4080.0,4060.0,4070.0,3400,0.0,0.0
2024-04-18 14:00:00+09:00,4065.0,4080.0,4055.0,4080.0,5800,0.0,0.0
2024-04-19 09:00:00+09:00,4040.0,4055.0,3975.0,3980.0,0,0.0,0.0
2024-04-19 10:00:00+09:00,3975.0,3975.0,3930.0,3945.0,21200,0.0,0.0
2024-04-19 11:00:00+09:00,3935.0,3940.0,3905.0,3905.0,0,0.0,0.0
2024-04-19 12:00:00+09:00,3945.0,3975.0,3920.0,3975.0,35600,0.0,0.0
2024-04-19 13:00:00+09:00,3980.0,4000.0,3975.0,3980.0,8600,0.0,0.0
2024-04-19 14:00:00+09:00,3985.0,3990.0,3970.0,3975.0,5800,0.0,0.0
2024-04-22 09:00:00+09:00,3945.0,4010.0,3945.0,3975.0,0,0.0,0.0
2024-04-22 10:00:00+09:00,3970.0,3985.0,3950.0,3985.0,15800,0.0,0.0
2024-04-22 11:00:00+09:00,3985.0,4020.0,3985.0,4010.0,0,0.0,0.0
2024-04-22 12:00:00+09:00,4000.0,4000.0,3985.0,3990.0,20900,0.0,0.0
2024-04-22 13:00:00+09:00,3985.0,4005.0,3985.0,4005.0,2500,0.0,0.0
2024-04-22 14:00:00+09:00,4005.0,4020.0,3985.0,4020.0,6200,0.0,0.0
2024-04-23 09:00:00+09:00,4045.0,4055.0,4035.0,4035.0,5000,0.0,0.0
2024-04-23 10:00:00+09:00,4030.0,4030.0,3990.0,3995.0,3200,0.0,0.0
2024-04-23 11:00:00+09:00,3990.0,4025.0,3990.0,4025.0,0,0.0,0.0
2024-04-23 12:00:00+09:00,4035.0,4045.0,4025.0,4035.0,11800,0.0,0.0
2024-04-23 13:00:00+09:00,4035.0,4045.0,4035.0,4045.0,2000,0.0,0.0
2024-04-23 14:00:00+09:00,4040.0,4045.0,4035.0,4040.0,4400,0.0,0.0
2024-04-24 09:00:00+09:00,4070.0,4120.0,4070.0,4105.0,0,0.0,0.0
2024-04-24 10:00:00+09:00,4100.0,4100.0,4080.0,4090.0,11500,0.0,0.0
2024-04-24 11:00:00+09:00,4100.0,4150.0,4100.0,4135.0,0,0.0,0.0
2024-04-24 12:00:00+09:00,4115.0,4150.0,4115.0,4140.0,28700,0.0,0.0
2024-04-24 13:00:00+09:00,4130.0,4135.0,4130.0,4135.0,500,0.0,0.0
2024-04-24 14:00:00+09:00,4135.0,4135.0,4110.0,4110.0,5000,0.0,0.0
2024-04-25 09:00:00+09:00,4090.0,4110.0,4080.0,4100.0,4300,0.0,0.0
2024-04-25 10:00:00+09:00,4090.0,4095.0,4065.0,4070.0,2300,0.0,0.0
2024-04-25 11:00:00+09:00,4065.0,4075.0,4065.0,4075.0,0,0.0,0.0
2024-04-25 12:00:00+09:00,4065.0,4080.0,4065.0,4070.0,8900,0.0,0.0
2024-04-25 13:00:00+09:00,4070.0,4070.0,4065.0,4065.0,1100,0.0,0.0
2024-04-25 14:00:00+09:00,4065.0,4080.0,4060.0,4070.0,5900,0.0,0.0
2024-04-26 09:00:00+09:00,4060.0,4075.0,4055.0,4065.0,2800,0.0,0.0
2024-04-26 10:00:00+09:00,4070.0,4080.0,4060.0,4075.0,1300,0.0,0.0
2024-04-26 11:00:00+09:00,4075.0,4090.0,4075.0,4090.0,0,0.0,0.0
2024-04-26 12:00:00+09:00,4100.0,4120.0,4090.0,4100.0,8800,0.0,0.0
2024-04-26 13:00:00+09:00,4100.0,4110.0,4100.0,4100.0,1800,0.0,0.0
2024-04-26 14:00:00+09:00,4100.0,4115.0,4090.0,4110.0,6100,0.0,0.0
2024-04-30 09:00:00+09:00,4240.0,4320.0,4200.0,4305.0,48000,0.0,0.0
2024-04-30 10:00:00+09:00,4300.0,4355.0,4295.0,4355.0,7100,0.0,0.0
2024-04-30 11:00:00+09:00,4350.0,4365.0,4325.0,4330.0,0,0.0,0.0
2024-04-30 12:00:00+09:00,4330.0,4340.0,4325.0,4330.0,66700,0.0,0.0
2024-04-30 13:00:00+09:00,4335.0,4360.0,4325.0,4340.0,8900,0.0,0.0
2024-04-30 14:00:00+09:00,4335.0,4355.0,4320.0,4355.0,10900,0.0,0.0
2024-05-01 09:00:00+09:00,4300.0,4350.0,4290.0,4300.0,11700,0.0,0.0
2024-05-01 10:00:00+09:00,4300.0,4300.0,4285.0,4285.0,3600,0.0,0.0
2024-05-01 11:00:00+09:00,4280.0,4300.0,4280.0,4300.0,0,0.0,0.0
2024-05-01 12:00:00+09:00,4300.0,4310.0,4295.0,4310.0,19200,0.0,0.0
2024-05-01 13:00:00+09:00,4310.0,4310.0,4280.0,4285.0,2200,0.0,0.0
2024-05-01 14:00:00+09:00,4285.0,4295.0,4275.0,4280.0,4700,0.0,0.0
2024-05-02 09:00:00+09:00,4270.0,4290.0,4260.0,4280.0,10500,0.0,0.0
2024-05-02 10:00:00+09:00,4280.0,4280.0,4260.0,4260.0,2000,0.0,0.0
2024-05-02 11:00:00+09:00,4265.0,4270.0,4245.0,4255.0,0,0.0,0.0
2024-05-02 12:00:00+09:00,4245.0,4250.0,4245.0,4245.0,24500,0.0,0.0
2024-05-02 13:00:00+09:00,4240.0,4280.0,4240.0,4280.0,10900,0.0,0.0
2024-05-02 14:00:00+09:00,4285.0,4285.0,4270.0,4275.0,4200,0.0,0.0
2024-05-07 09:00:00+09:00,4300.0,4315.0,4260.0,4260.0,7500,0.0,0.0
2024-05-07 10:00:00+09:00,4265.0,4280.0,4265.0,4280.0,1500,0.0,0.0
2024-05-07 11:00:00+09:00,4280.0,4280.0,4265.0,4275.0,0,0.0,0.0
2024-05-07 12:00:00+09:00,4260.0,4280.0,4260.0,4280.0,14200,0.0,0.0
2024-05-07 13:00:00+09:00,4280.0,4295.0,4280.0,4285.0,2000,0.0,0.0
2024-05-07 14:00:00+09:00,4280.0,4290.0,4275.0,4280.0,4400,0.0,0.0
2024-05-08 09:00:00+09:00,4285.0,4310.0,4265.0,4305.0,7100,0.0,0.0
2024-05-08 10:00:00+09:00,4305.0,4305.0,4270.0,4270.0,1300,0.0,0.0
2024-05-08 11:00:00+09:00,4275.0,4275.0,4260.0,4275.0,0,0.0,0.0
2024-05-08 12:00:00+09:00,4260.0,4290.0,4260.0,4285.0,11900,0.0,0.0
2024-05-08 13:00:00+09:00,4285.0,4285.0,4265.0,4275.0,2600,0.0,0.0
2024-05-08 14:00:00+09:00,4275.0,4290.0,4260.0,4270.0,6000,0.0,0.0
2024-05-09 09:00:00+09:00,4260.0,4260.0,4220.0,4240.0,8700,0.0,0.0
2024-05-09 10:00:00+09:00,4245.0,4310.0,4240.0,4290.0,9200,0.0,0.0
2024-05-09 11:00:00+09:00,4295.0,4310.0,4295.0,4295.0,0,0.0,0.0
2024-05-09 12:00:00+09:00,4295.0,4315.0,4295.0,4300.0,28100,0.0,0.0
2024-05-09 13:00:00+09:00,4300.0,4305.0,4275.0,4275.0,5100,0.0,0.0
2024-05-09 14:00:00+09:00,4285.0,4285.0,4255.0,4255.0,5800,0.0,0.0
2024-05-10 09:00:00+09:00,4260.0,4280.0,4250.0,4280.0,7700,0.0,0.0
2024-05-10 10:00:00+09:00,4280.0,4285.0,4250.0,4250.0,7800,0.0,0.0
2024-05-10 11:00:00+09:00,4255.0,4260.0,4245.0,4245.0,0,0.0,0.0
2024-05-10 12:00:00+09:00,4245.0,4245.0,4220.0,4225.0,24400,0.0,0.0
2024-05-10 13:00:00+09:00,4230.0,4245.0,4225.0,4230.0,6500,0.0,0.0
2024-05-10 14:00:00+09:00,4230.0,4255.0,4230.0,4255.0,6000,0.0,0.0
2024-05-13 09:00:00+09:00,4240.0,4255.0,4175.0,4195.0,14300,0.0,0.0
2024-05-13 10:00:00+09:00,4190.0,4190.0,4150.0,4160.0,6900,0.0,0.0
2024-05-13 11:00:00+09:00,4160.0,4170.0,4160.0,4160.0,0,0.0,0.0
2024-05-13 12:00:00+09:00,4175.0,4190.0,4175.0,4185.0,27400,0.0,0.0
2024-05-13 13:00:00+09:00,4185.0,4185.0,4175.0,4180.0,3000,0.0,0.0
2024-05-13 14:00:00+09:00,4180.0,4190.0,4165.0,4165.0,6800,0.0,0.0
2024-05-14 09:00:00+09:00,4185.0,4185.0,4105.0,4115.0,17300,0.0,0.0
2024-05-14 10:00:00+09:00,4110.0,4130.0,4110.0,4120.0,6200,0.0,0.0
2024-05-14 11:00:00+09:00,4120.0,4130.0,4120.0,4125.0,0,0.0,0.0
2024-05-14 12:00:00+09:00,4125.0,4130.0,4105.0,4120.0,34700,0.0,0.0
2024-05-14 13:00:00+09:00,4135.0,4150.0,3865.0,4035.0,146400,0.0,0.0
2024-05-14 14:00:00+09:00,4030.0,4070.0,4025.0,4035.0,35800,0.0,0.0
2024-05-15 09:00:00+09:00,4155.0,4195.0,4065.0,4065.0,34500,0.0,0.0
2024-05-15 10:00:00+09:00,4060.0,4070.0,4025.0,4055.0,9000,0.0,0.0
2024-05-15 11:00:00+09:00,4055.0,4090.0,4055.0,4075.0,0,0.0,0.0
2024-05-15 12:00:00+09:00,4100.0,4110.0,4075.0,4085.0,55700,0.0,0.0
2024-05-15 13:00:00+09:00,4080.0,4100.0,4075.0,4080.0,6400,0.0,0.0
2024-05-15 14:00:00+09:00,4080.0,4085.0,4070.0,4085.0,11200,0.0,0.0
2024-05-16 09:00:00+09:00,4070.0,4070.0,3975.0,3995.0,21600,0.0,0.0
2024-05-16 10:00:00+09:00,3990.0,4000.0,3970.0,3975.0,6700,0.0,0.0
2024-05-16 11:00:00+09:00,3980.0,3980.0,3960.0,3960.0,0,0.0,0.0
2024-05-16 12:00:00+09:00,3960.0,3990.0,3950.0,3950.0,41700,0.0,0.0
2024-05-16 13:00:00+09:00,3950.0,3950.0,3915.0,3925.0,11200,0.0,0.0
2024-05-16 14:00:00+09:00,3920.0,3925.0,3915.0,3915.0,11600,0.0,0.0
2024-05-17 09:00:00+09:00,3890.0,3965.0,3885.0,3950.0,13900,0.0,0.0
2024-05-17 10:00:00+09:00,3955.0,3995.0,3950.0,3985.0,7800,0.0,0.0
2024-05-17 11:00:00+09:00,3985.0,3995.0,3980.0,3980.0,0,0.0,0.0
2024-05-17 12:00:00+09:00,3995.0,3995.0,3970.0,3990.0,29200,0.0,0.0
2024-05-17 13:00:00+09:00,3985.0,3985.0,3955.0,3960.0,7400,0.0,0.0
2024-05-17 14:00:00+09:00,3960.0,3985.0,3960.0,3975.0,6300,0.0,0.0
2024-05-20 09:00:00+09:00,3995.0,4040.0,3990.0,4020.0,6100,0.0,0.0
2024-05-20 10:00:00+09:00,4020.0,4020.0,3980.0,3985.0,2300,0.0,0.0
2024-05-20 11:00:00+09:00,3985.0,3995.0,3980.0,3995.0,0,0.0,0.0
2024-05-20 12:00:00+09:00,3995.0,3995.0,3965.0,3975.0,17600,0.0,0.0
2024-05-20 13:00:00+09:00,3965.0,3985.0,3965.0,3980.0,6600,0.0,0.0
2024-05-20 14:00:00+09:00,3980.0,3990.0,3970.0,3980.0,3300,0.0,0.0
2024-05-21 09:00:00+09:00,3990.0,4020.0,3985.0,3995.0,4800,0.0,0.0
2024-05-21 10:00:00+09:00,3995.0,4015.0,3975.0,3995.0,5000,0.0,0.0
2024-05-21 11:00:00+09:00,3985.0,3985.0,3980.0,3980.0,0,0.0,0.0
2024-05-21 12:00:00+09:00,3990.0,4010.0,3990.0,3995.0,13300,0.0,0.0
2024-05-21 13:00:00+09:00,3990.0,3990.0,3985.0,3990.0,1200,0.0,0.0
2024-05-21 14:00:00+09:00,3990.0,3990.0,3960.0,3965.0,5900,0.0,0.0
2024-05-22 09:00:00+09:00,3955.0,4015.0,3950.0,3990.0,8900,0.0,0.0
2024-05-22 10:00:00+09:00,3980.0,3980.0,3965.0,3965.0,2100,0.0,0.0
2024-05-22 11:00:00+09:00,3965.0,3965.0,3965.0,3965.0,0,0.0,0.0
2024-05-22 12:00:00+09:00,3975.0,4040.0,3975.0,4040.0,26400,0.0,0.0
2024-05-22 13:00:00+09:00,4030.0,4030.0,4010.0,4010.0,4100,0.0,0.0
2024-05-22 14:00:00+09:00,4010.0,4025.0,4005.0,4005.0,8400,0.0,0.0
2024-05-23 09:00:00+09:00,4015.0,4035.0,3985.0,4030.0,9700,0.0,0.0
2024-05-23 10:00:00+09:00,4035.0,4095.0,4035.0,4095.0,12700,0.0,0.0
2024-05-23 11:00:00+09:00,4090.0,4110.0,4090.0,4110.0,0,0.0,0.0
2024-05-23 12:00:00+09:00,4105.0,4115.0,4095.0,4110.0,31000,0.0,0.0
2024-05-23 13:00:00+09:00,4110.0,4130.0,4110.0,4130.0,8500,0.0,0.0
2024-05-23 14:00:00+09:00,4130.0,4130.0,4105.0,4115.0,8700,0.0,0.0
2024-05-24 09:00:00+09:00,4060.0,4095.0,4050.0,4085.0,6200,0.0,0.0
2024-05-24 10:00:00+09:00,4080.0,4105.0,4080.0,4105.0,3900,0.0,0.0
2024-05-24 11:00:00+09:00,4105.0,4110.0,4105.0,4110.0,0,0.0,0.0
2024-05-24 12:00:00+09:00,4105.0,4120.0,4105.0,4110.0,11500,0.0,0.0
2024-05-24 13:00:00+09:00,4110.0,4120.0,4110.0,4115.0,2200,0.0,0.0
2024-05-24 14:00:00+09:00,4125.0,4135.0,4105.0,4105.0,6700,0.0,0.0
2024-05-27 09:00:00+09:00,4130.0,4130.0,4085.0,4085.0,2400,0.0,0.0
2024-05-27 10:00:00+09:00,4075.0,4075.0,4045.0,4045.0,3100,0.0,0.0
2024-05-27 11:00:00+09:00,4045.0,4045.0,4035.0,4035.0,0,0.0,0.0
2024-05-27 12:00:00+09:00,4030.0,4035.0,4015.0,4020.0,11400,0.0,0.0
2024-05-27 13:00:00+09:00,4020.0,4025.0,4005.0,4015.0,1700,0.0,0.0
2024-05-27 14:00:00+09:00,4020.0,4075.0,4020.0,4060.0,3200,0.0,0.0
2024-05-28 09:00:00+09:00,4070.0,4095.0,4040.0,4045.0,3900,0.0,0.0
2024-05-28 10:00:00+09:00,4045.0,4055.0,4035.0,4045.0,5000,0.0,0.0
2024-05-28 11:00:00+09:00,4045.0,4045.0,4030.0,4030.0,0,0.0,0.0
2024-05-28 12:00:00+09:00,4030.0,4055.0,4030.0,4040.0,23300,0.0,0.0
2024-05-28 13:00:00+09:00,4030.0,4050.0,4030.0,4045.0,4100,0.0,0.0
2024-05-28 14:00:00+09:00,4040.0,4045.0,4030.0,4030.0,2000,0.0,0.0
2024-05-29 09:00:00+09:00,4040.0,4040.0,4010.0,4010.0,4500,0.0,0.0
2024-05-29 10:00:00+09:00,4005.0,4005.0,3970.0,3980.0,4600,0.0,0.0
2024-05-29 11:00:00+09:00,3985.0,4000.0,3985.0,3995.0,0,0.0,0.0
2024-05-29 12:00:00+09:00,3995.0,4010.0,3985.0,3985.0,12300,0.0,0.0
2024-05-29 13:00:00+09:00,3985.0,4000.0,3975.0,3975.0,2200,0.0,0.0
2024-05-29 14:00:00+09:00,3980.0,3985.0,3950.0,3950.0,8600,0.0,0.0
2024-05-30 09:00:00+09:00,3925.0,3945.0,3895.0,3895.0,8700,0.0,0.0
2024-05-30 10:00:00+09:00,3905.0,3945.0,3905.0,3935.0,0,0.0,0.0
2024-05-30 11:00:00+09:00,3935.0,3945.0,3935.0,3945.0,0,0.0,0.0
2024-05-30 12:00:00+09:00,3960.0,3965.0,3955.0,3955.0,14100,0.0,0.0
2024-05-30 13:00:00+09:00,3950.0,3970.0,3940.0,3960.0,2500,0.0,0.0
2024-05-30 14:00:00+09:00,3955.0,3955.0,3940.0,3950.0,4200,0.0,0.0
2024-05-31 09:00:00+09:00,3955.0,3985.0,3940.0,3955.0,0,0.0,0.0
2024-05-31 10:00:00+09:00,3965.0,3970.0,3960.0,3965.0,12900,0.0,0.0
2024-05-31 11:00:00+09:00,3975.0,3980.0,3970.0,3970.0,0,0.0,0.0
2024-05-31 12:00:00+09:00,3985.0,4010.0,3980.0,4010.0,17500,0.0,0.0
2024-05-31 13:00:00+09:00,4005.0,4020.0,3970.0,4005.0,3600,0.0,0.0
2024-05-31 14:00:00+09:00,4010.0,4020.0,4000.0,4020.0,7400,0.0,0.0
2024-06-03 09:00:00+09:00,4050.0,4095.0,4025.0,4040.0,4200,0.0,0.0
2024-06-03 10:00:00+09:00,4045.0,4050.0,4030.0,4030.0,5000,0.0,0.0
2024-06-03 11:00:00+09:00,4030.0,4030.0,4025.0,4025.0,0,0.0,0.0
2024-06-03 12:00:00+09:00,4020.0,4030.0,4020.0,4030.0,11000,0.0,0.0
2024-06-03 13:00:00+09:00,4030.0,4035.0,4020.0,4030.0,4500,0.0,0.0
2024-06-03 14:00:00+09:00,4030.0,4050.0,4030.0,4050.0,4200,0.0,0.0
2024-06-04 09:00:00+09:00,4010.0,4040.0,4010.0,4040.0,1900,0.0,0.0
2024-06-04 10:00:00+09:00,4030.0,4050.0,4010.0,4045.0,2900,0.0,0.0
2024-06-04 11:00:00+09:00,4045.0,4045.0,4045.0,4045.0,0,0.0,0.0
2024-06-04 12:00:00+09:00,4040.0,4040.0,4035.0,4035.0,5500,0.0,0.0
2024-06-04 13:00:00+09:00,4035.0,4065.0,4035.0,4050.0,0,0.0,0.0
2024-06-04 14:00:00+09:00,4055.0,4055.0,4025.0,4035.0,13200,0.0,0.0
2024-06-05 09:00:00+09:00,3990.0,4025.0,3990.0,4010.0,8700,0.0,0.0
2024-06-05 10:00:00+09:00,4010.0,4015.0,4000.0,4005.0,1400,0.0,0.0
2024-06-05 11:00:00+09:00,4005.0,4010.0,4005.0,4010.0,0,0.0,0.0
2024-06-05 12:00:00+09:00,4010.0,4010.0,3990.0,3990.0,13400,0.0,0.0
2024-06-05 13:00:00+09:00,3985.0,3995.0,3985.0,3995.0,1600,0.0,0.0
2024-06-05 14:00:00+09:00,3990.0,3990.0,3970.0,3970.0,5300,0.0,0.0
2024-06-06 09:00:00+09:00,4030.0,4030.0,3935.0,3935.0,10100,0.0,0.0
2024-06-06 10:00:00+09:00,3930.0,3945.0,3920.0,3945.0,3400,0.0,0.0
2024-06-06 11:00:00+09:00,3940.0,3945.0,3940.0,3945.0,0,0.0,0.0
2024-06-06 12:00:00+09:00,3950.0,3955.0,3940.0,3940.0,31400,0.0,0.0
2024-06-06 13:00:00+09:00,3935.0,3935.0,3920.0,3935.0,3900,0.0,0.0
2024-06-06 14:00:00+09:00,3935.0,3945.0,3930.0,3940.0,3200,0.0,0.0
2024-06-07 09:00:00+09:00,3920.0,3935.0,3910.0,3915.0,9700,0.0,0.0
2024-06-07 10:00:00+09:00,3915.0,3955.0,3915.0,3940.0,3500,0.0,0.0
2024-06-07 11:00:00+09:00,3940.0,3955.0,3940.0,3955.0,0,0.0,0.0
2024-06-07 12:00:00+09:00,3945.0,3955.0,3940.0,3940.0,15700,0.0,0.0
2024-06-07 13:00:00+09:00,3940.0,3945.0,3935.0,3940.0,2000,0.0,0.0
2024-06-07 14:00:00+09:00,3935.0,3935.0,3930.0,3930.0,1700,0.0,0.0
2024-06-10 09:00:00+09:00,3955.0,3990.0,3955.0,3980.0,5800,0.0,0.0
2024-06-10 10:00:00+09:00,3985.0,4025.0,3985.0,4025.0,7000,0.0,0.0
2024-06-10 11:00:00+09:00,4030.0,4040.0,4030.0,4040.0,0,0.0,0.0
2024-06-10 12:00:00+09:00,4045.0,4060.0,4040.0,4040.0,18800,0.0,0.0
2024-06-10 13:00:00+09:00,4035.0,4055.0,4035.0,4050.0,2500,0.0,0.0
2024-06-10 14:00:00+09:00,4050.0,4055.0,4040.0,4055.0,5400,0.0,0.0
2024-06-11 09:00:00+09:00,4030.0,4045.0,4030.0,4045.0,3200,0.0,0.0
2024-06-11 10:00:00+09:00,4045.0,4045.0,4035.0,4035.0,800,0.0,0.0
2024-06-11 11:00:00+09:00,4030.0,4035.0,4030.0,4035.0,0,0.0,0.0
2024-06-11 12:00:00+09:00,4040.0,4055.0,4035.0,4050.0,8400,0.0,0.0
2024-06-11 13:00:00+09:00,4045.0,4050.0,4040.0,4040.0,1200,0.0,0.0
2024-06-11 14:00:00+09:00,4030.0,4040.0,4025.0,4040.0,4500,0.0,0.0
2024-06-12 09:00:00+09:00,4040.0,4115.0,4030.0,4110.0,10300,0.0,0.0
2024-06-12 10:00:00+09:00,4110.0,4115.0,4090.0,4090.0,3200,0.0,0.0
2024-06-12 11:00:00+09:00,4090.0,4100.0,4085.0,4100.0,0,0.0,0.0
2024-06-12 12:00:00+09:00,4080.0,4105.0,4080.0,4095.0,17600,0.0,0.0
2024-06-12 13:00:00+09:00,4090.0,4100.0,4090.0,4095.0,1500,0.0,0.0
2024-06-12 14:00:00+09:00,4090.0,4090.0,4080.0,4085.0,3500,0.0,0.0
2024-06-13 09:00:00+09:00,4075.0,4095.0,4040.0,4050.0,7300,0.0,0.0
2024-06-13 10:00:00+09:00,4045.0,4045.0,4010.0,4015.0,4800,0.0,0.0
2024-06-13 11:00:00+09:00,4015.0,4020.0,4005.0,4015.0,0,0.0,0.0
2024-06-13 12:00:00+09:00,4020.0,4025.0,4000.0,4025.0,18900,0.0,0.0
2024-06-13 13:00:00+09:00,4020.0,4025.0,4010.0,4025.0,3000,0.0,0.0
2024-06-13 14:00:00+09:00,4015.0,4030.0,4010.0,4030.0,6100,0.0,0.0
2024-06-14 09:00:00+09:00,4090.0,4150.0,4025.0,4145.0,23000,0.0,0.0
2024-06-14 10:00:00+09:00,4145.0,4175.0,4145.0,4175.0,11700,0.0,0.0
2024-06-14 11:00:00+09:00,4170.0,4200.0,4170.0,4200.0,0,0.0,0.0
2024-06-14 12:00:00+09:00,4200.0,4200.0,4135.0,4185.0,48500,0.0,0.0
2024-06-14 13:00:00+09:00,4185.0,4200.0,4175.0,4175.0,4100,0.0,0.0
2024-06-14 14:00:00+09:00,4175.0,4215.0,4175.0,4200.0,13800,0.0,0.0
2024-06-17 09:00:00+09:00,4175.0,4175.0,4070.0,4070.0,8600,0.0,0.0
2024-06-17 10:00:00+09:00,4065.0,4100.0,4040.0,4085.0,10000,0.0,0.0
2024-06-17 11:00:00+09:00,4090.0,4095.0,4080.0,4095.0,0,0.0,0.0
2024-06-17 12:00:00+09:00,4105.0,4105.0,4075.0,4075.0,23700,0.0,0.0
2024-06-17 13:00:00+09:00,4075.0,4080.0,4065.0,4065.0,2400,0.0,0.0
2024-06-17 14:00:00+09:00,4060.0,4090.0,4060.0,4090.0,6700,0.0,0.0
2024-06-18 09:00:00+09:00,4105.0,4130.0,4060.0,4070.0,6500,0.0,0.0
2024-06-18 10:00:00+09:00,4065.0,4095.0,4065.0,4085.0,3000,0.0,0.0
2024-06-18 11:00:00+09:00,4090.0,4105.0,4090.0,4105.0,0,0.0,0.0
2024-06-18 12:00:00+09:00,4100.0,4105.0,4090.0,4100.0,12700,0.0,0.0
2024-06-18 13:00:00+09:00,4100.0,4100.0,4085.0,4085.0,3300,0.0,0.0
2024-06-18 14:00:00+09:00,4085.0,4085.0,4070.0,4075.0,5600,0.0,0.0
2024-06-19 09:00:00+09:00,4075.0,4140.0,4075.0,4135.0,7500,0.0,0.0
2024-06-19 10:00:00+09:00,4145.0,4160.0,4140.0,4155.0,5100,0.0,0.0
2024-06-19 11:00:00+09:00,4155.0,4155.0,4145.0,4145.0,0,0.0,0.0
2024-06-19 12:00:00+09:00,4135.0,4135.0,4075.0,4080.0,18600,0.0,0.0
2024-06-19 13:00:00+09:00,4085.0,4085.0,4065.0,4065.0,1400,0.0,0.0
2024-06-19 14:00:00+09:00,4070.0,4110.0,4070.0,4110.0,2600,0.0,0.0
2024-06-20 09:00:00+09:00,4065.0,4115.0,4060.0,4080.0,6500,0.0,0.0
2024-06-20 10:00:00+09:00,4075.0,4085.0,4070.0,4080.0,4000,0.0,0.0
2024-06-20 11:00:00+09:00,4075.0,4080.0,4065.0,4080.0,0,0.0,0.0
2024-06-20 12:00:00+09:00,4075.0,4090.0,4075.0,4090.0,14900,0.0,0.0
2024-06-20 13:00:00+09:00,4090.0,4120.0,4090.0,4120.0,0,0.0,0.0
2024-06-20 14:00:00+09:00,4120.0,4120.0,4105.0,4105.0,22800,0.0,0.0
2024-06-21 09:00:00+09:00,4105.0,4130.0,4040.0,4045.0,12800,0.0,0.0
2024-06-21 10:00:00+09:00,4045.0,4045.0,4030.0,4030.0,4100,0.0,0.0
2024-06-21 11:00:00+09:00,4035.0,4045.0,4035.0,4045.0,0,0.0,0.0
2024-06-21 12:00:00+09:00,4030.0,4040.0,4030.0,4040.0,24400,0.0,0.0
2024-06-21 13:00:00+09:00,4035.0,4040.0,4025.0,4040.0,4300,0.0,0.0
2024-06-21 14:00:00+09:00,4035.0,4045.0,4015.0,4015.0,6000,0.0,0.0
2024-06-24 09:00:00+09:00,3985.0,3985.0,3945.0,3950.0,13300,0.0,0.0
2024-06-24 10:00:00+09:00,3955.0,3955.0,3910.0,3920.0,8400,0.0,0.0
2024-06-24 11:00:00+09:00,3925.0,3930.0,3910.0,3930.0,0,0.0,0.0
2024-06-24 12:00:00+09:00,3930.0,3940.0,3925.0,3925.0,27900,0.0,0.0
2024-06-24 13:00:00+09:00,3925.0,3935.0,3925.0,3935.0,3300,0.0,0.0
2024-06-24 14:00:00+09:00,3935.0,3940.0,3915.0,3940.0,8000,0.0,0.0
2024-06-25 09:00:00+09:00,3925.0,3955.0,3920.0,3950.0,12900,0.0,0.0
2024-06-25 10:00:00+09:00,3945.0,3970.0,3940.0,3955.0,3500,0.0,0.0
2024-06-25 11:00:00+09:00,3955.0,3960.0,3950.0,3955.0,0,0.0,0.0
2024-06-25 12:00:00+09:00,3955.0,3965.0,3945.0,3965.0,21000,0.0,0.0
2024-06-25 13:00:00+09:00,3960.0,3960.0,3950.0,3950.0,2900,0.0,0.0
2024-06-25 14:00:00+09:00,3955.0,3970.0,3955.0,3965.0,11400,0.0,0.0
2024-06-26 09:00:00+09:00,3980.0,3980.0,3945.0,3960.0,0,0.0,0.0
2024-06-26 10:00:00+09:00,3965.0,3980.0,3965.0,3975.0,9500,0.0,0.0
2024-06-26 11:00:00+09:00,3975.0,3975.0,3965.0,3970.0,0,0.0,0.0
2024-06-26 12:00:00+09:00,3955.0,3965.0,3945.0,3955.0,14700,0.0,0.0
2024-06-26 13:00:00+09:00,3950.0,3950.0,3935.0,3950.0,2800,0.0,0.0
2024-06-26 14:00:00+09:00,3950.0,3955.0,3940.0,3955.0,4200,0.0,0.0
2024-06-27 09:00:00+09:00,3940.0,3950.0,3925.0,3945.0,5000,0.0,0.0
2024-06-27 10:00:00+09:00,3940.0,3960.0,3935.0,3955.0,2200,0.0,0.0
2024-06-27 11:00:00+09:00,3960.0,3970.0,3960.0,3970.0,0,0.0,0.0
2024-06-27 12:00:00+09:00,3970.0,3970.0,3950.0,3950.0,9500,0.0,0.0
2024-06-27 13:00:00+09:00,3955.0,3970.0,3950.0,3970.0,1400,0.0,0.0
2024-06-27 14:00:00+09:00,3955.0,3960.0,3940.0,3940.0,2900,0.0,0.0
2024-06-28 09:00:00+09:00,3980.0,3980.0,3945.0,3960.0,8900,0.0,0.0
2024-06-28 10:00:00+09:00,3955.0,3960.0,3935.0,3945.0,3600,0.0,0.0
2024-06-28 11:00:00+09:00,3945.0,3945.0,3945.0,3945.0,0,0.0,0.0
2024-06-28 12:00:00+09:00,3940.0,3950.0,3935.0,3935.0,15700,0.0,0.0
2024-06-28 13:00:00+09:00,3940.0,3940.0,3935.0,3940.0,2000,0.0,0.0
2024-06-28 14:00:00+09:00,3940.0,3940.0,3930.0,3935.0,4600,0.0,0.0
2024-07-01 09:00:00+09:00,3945.0,3995.0,3945.0,3960.0,11400,0.0,0.0
2024-07-01 10:00:00+09:00,3960.0,3985.0,3955.0,3975.0,4600,0.0,0.0
2024-07-01 11:00:00+09:00,3975.0,3975.0,3965.0,3970.0,0,0.0,0.0
2024-07-01 12:00:00+09:00,3980.0,3980.0,3965.0,3965.0,21000,0.0,0.0
2024-07-01 13:00:00+09:00,3960.0,3965.0,3955.0,3955.0,2200,0.0,0.0
2024-07-01 14:00:00+09:00,3955.0,3955.0,3940.0,3950.0,3100,0.0,0.0
2024-07-02 09:00:00+09:00,3995.0,3995.0,3950.0,3950.0,4200,0.0,0.0
2024-07-02 10:00:00+09:00,3960.0,3980.0,3955.0,3970.0,12100,0.0,0.0
2024-07-02 11:00:00+09:00,3980.0,3980.0,3965.0,3965.0,0,0.0,0.0
2024-07-02 12:00:00+09:00,3955.0,3955.0,3940.0,3950.0,23000,0.0,0.0
2024-07-02 13:00:00+09:00,3950.0,3965.0,3950.0,3955.0,3200,0.0,0.0
2024-07-02 14:00:00+09:00,3955.0,3970.0,3950.0,3960.0,4900,0.0,0.0
2024-07-03 09:00:00+09:00,3960.0,3980.0,3945.0,3945.0,7700,0.0,0.0
2024-07-03 10:00:00+09:00,3945.0,3960.0,3945.0,3955.0,4300,0.0,0.0
2024-07-03 11:00:00+09:00,3960.0,3970.0,3960.0,3970.0,0,0.0,0.0
2024-07-03 12:00:00+09:00,3975.0,4000.0,3970.0,3980.0,19700,0.0,0.0
2024-07-03 13:00:00+09:00,3975.0,3980.0,3975.0,3980.0,2100,0.0,0.0
2024-07-03 14:00:00+09:00,3980.0,4005.0,3975.0,3985.0,5800,0.0,0.0
2024-07-04 09:00:00+09:00,4020.0,4030.0,4000.0,4015.0,5900,0.0,0.0
2024-07-04 10:00:00+09:00,4015.0,4025.0,4010.0,4015.0,2400,0.0,0.0
2024-07-04 11:00:00+09:00,4010.0,4020.0,4005.0,4015.0,0,0.0,0.0
2024-07-04 12:00:00+09:00,4020.0,4035.0,4020.0,4035.0,10400,0.0,0.0
2024-07-04 13:00:00+09:00,4030.0,4090.0,4020.0,4070.0,0,0.0,0.0
2024-07-04 14:00:00+09:00,4070.0,4085.0,4070.0,4085.0,37600,0.0,0.0
2024-07-05 09:00:00+09:00,4100.0,4125.0,4055.0,4075.0,0,0.0,0.0
2024-07-05 10:00:00+09:00,4085.0,4090.0,4075.0,4075.0,11500,0.0,0.0
2024-07-05 11:00:00+09:00,4070.0,4070.0,4070.0,4070.0,0,0.0,0.0
2024-07-05 12:00:00+09:00,4060.0,4065.0,4045.0,4045.0,15500,0.0,0.0
2024-07-05 13:00:00+09:00,4050.0,4055.0,4040.0,4040.0,1900,0.0,0.0
2024-07-05 14:00:00+09:00,4040.0,4045.0,4030.0,4045.0,3500,0.0,0.0
2024-07-08 09:00:00+09:00,4045.0,4045.0,4010.0,4010.0,6300,0.0,0.0
2024-07-08 10:00:00+09:00,4005.0,4020.0,4000.0,4020.0,2000,0.0,0.0
2024-07-08 11:00:00+09:00,4015.0,4015.0,4015.0,4015.0,0,0.0,0.0
2024-07-08 12:00:00+09:00,4025.0,4035.0,4025.0,4025.0,10300,0.0,0.0
2024-07-08 13:00:00+09:00,4025.0,4025.0,4010.0,4025.0,2300,0.0,0.0
2024-07-08 14:00:00+09:00,4020.0,4020.0,4010.0,4020.0,2800,0.0,0.0
2024-07-09 09:00:00+09:00,4035.0,4085.0,4030.0,4065.0,0,0.0,0.0
2024-07-09 10:00:00+09:00,4060.0,4085.0,4045.0,4055.0,11700,0.0,0.0
2024-07-09 11:00:00+09:00,4055.0,4070.0,4050.0,4070.0,0,0.0,0.0
2024-07-09 12:00:00+09:00,4075.0,4080.0,4065.0,4065.0,15000,0.0,0.0
2024-07-09 13:00:00+09:00,4070.0,4085.0,4065.0,4085.0,2200,0.0,0.0
2024-07-09 14:00:00+09:00,4075.0,4090.0,4075.0,4090.0,5300,0.0,0.0
2024-07-10 09:00:00+09:00,4055.0,4055.0,4005.0,4005.0,4500,0.0,0.0
2024-07-10 10:00:00+09:00,4005.0,4015.0,4000.0,4015.0,4300,0.0,0.0
2024-07-10 11:00:00+09:00,4015.0,4015.0,4015.0,4015.0,0,0.0,0.0
2024-07-10 12:00:00+09:00,4000.0,4010.0,3990.0,3990.0,15600,0.0,0.0
2024-07-10 13:00:00+09:00,3990.0,3995.0,3985.0,3990.0,2100,0.0,0.0
2024-07-10 14:00:00+09:00,3995.0,4010.0,3995.0,4000.0,4900,0.0,0.0
2024-07-11 09:00:00+09:00,4030.0,4030.0,3980.0,3985.0,7700,0.0,0.0
2024-07-11 10:00:00+09:00,3985.0,4025.0,3980.0,4020.0,5200,0.0,0.0
2024-07-11 11:00:00+09:00,4020.0,4020.0,4010.0,4010.0,0,0.0,0.0
2024-07-11 12:00:00+09:00,4005.0,4015.0,4005.0,4015.0,15800,0.0,0.0
2024-07-11 13:00:00+09:00,4015.0,4020.0,4010.0,4015.0,2600,0.0,0.0
2024-07-11 14:00:00+09:00,4015.0,4020.0,4000.0,4000.0,1900,0.0,0.0
2024-07-12 09:00:00+09:00,3995.0,4065.0,3990.0,4020.0,18900,0.0,0.0
2024-07-12 10:00:00+09:00,4010.0,4010.0,3995.0,4000.0,2900,0.0,0.0
2024-07-12 11:00:00+09:00,3995.0,4005.0,3995.0,4005.0,0,0.0,0.0
2024-07-12 12:00:00+09:00,3990.0,4015.0,3990.0,3995.0,24600,0.0,0.0
2024-07-12 13:00:00+09:00,3995.0,4010.0,3990.0,4010.0,3900,0.0,0.0
2024-07-12 14:00:00+09:00,4010.0,4010.0,3990.0,3990.0,6200,0.0,0.0
2024-07-16 09:00:00+09:00,4045.0,4105.0,4045.0,4095.0,13800,0.0,0.0
2024-07-16 10:00:00+09:00,4095.0,4105.0,4090.0,4100.0,3800,0.0,0.0
2024-07-16 11:00:00+09:00,4105.0,4105.0,4095.0,4095.0,0,0.0,0.0
2024-07-16 12:00:00+09:00,4080.0,4080.0,4075.0,4075.0,21300,0.0,0.0
2024-07-16 13:00:00+09:00,4070.0,4070.0,4055.0,4060.0,2800,0.0,0.0
2024-07-16 14:00:00+09:00,4060.0,4070.0,4060.0,4065.0,4600,0.0,0.0
2024-07-17 09:00:00+09:00,4060.0,4110.0,4060.0,4080.0,8400,0.0,0.0
2024-07-17 10:00:00+09:00,4075.0,4090.0,4070.0,4090.0,1600,0.0,0.0
2024-07-17 11:00:00+09:00,4080.0,4080.0,4065.0,4075.0,0,0.0,0.0
2024-07-17 12:00:00+09:00,4080.0,4080.0,4045.0,4045.0,15000,0.0,0.0
2024-07-17 13:00:00+09:00,4045.0,4050.0,4035.0,4045.0,3200,0.0,0.0
2024-07-17 14:00:00+09:00,4050.0,4070.0,4050.0,4055.0,3800,0.0,0.0
2024-07-18 09:00:00+09:00,4060.0,4060.0,4005.0,4015.0,5600,0.0,0.0
2024-07-18 10:00:00+09:00,4015.0,4070.0,4015.0,4045.0,6100,0.0,0.0
2024-07-18 11:00:00+09:00,4035.0,4035.0,4025.0,4035.0,0,0.0,0.0
2024-07-18 12:00:00+09:00,4050.0,4050.0,4025.0,4030.0,14700,0.0,0.0
2024-07-18 13:00:00+09:00,4025.0,4030.0,4020.0,4020.0,2100,0.0,0.0
2024-07-18 14:00:00+09:00,4025.0,4025.0,4010.0,4010.0,2700,0.0,0.0
2024-07-19 09:00:00+09:00,4000.0,4000.0,3955.0,3965.0,11200,0.0,0.0
2024-07-19 10:00:00+09:00,3965.0,3965.0,3940.0,3940.0,9200,0.0,0.0
2024-07-19 11:00:00+09:00,3940.0,3940.0,3925.0,3925.0,0,0.0,0.0
2024-07-19 12:00:00+09:00,3930.0,3930.0,3910.0,3925.0,31300,0.0,0.0
2024-07-19 13:00:00+09:00,3925.0,3930.0,3915.0,3920.0,2900,0.0,0.0
2024-07-19 14:00:00+09:00,3925.0,3935.0,3920.0,3925.0,4800,0.0,0.0
2024-07-22 09:00:00+09:00,3910.0,3930.0,3860.0,3880.0,29500,0.0,0.0
2024-07-22 10:00:00+09:00,3880.0,3900.0,3880.0,3885.0,6400,0.0,0.0
2024-07-22 11:00:00+09:00,3880.0,3900.0,3880.0,3900.0,0,0.0,0.0
2024-07-22 12:00:00+09:00,3910.0,3910.0,3890.0,3890.0,41400,0.0,0.0
2024-07-22 13:00:00+09:00,3895.0,3895.0,3880.0,3885.0,2100,0.0,0.0
2024-07-22 14:00:00+09:00,3880.0,3890.0,3875.0,3875.0,7000,0.0,0.0
2024-07-23 09:00:00+09:00,3895.0,3915.0,3870.0,3880.0,12200,0.0,0.0
2024-07-23 10:00:00+09:00,3875.0,3890.0,3860.0,3870.0,7300,0.0,0.0
2024-07-23 11:00:00+09:00,3870.0,3875.0,3870.0,3875.0,0,0.0,0.0
2024-07-23 12:00:00+09:00,3880.0,3880.0,3860.0,3865.0,25700,0.0,0.0
2024-07-23 13:00:00+09:00,3865.0,3875.0,3865.0,3870.0,2100,0.0,0.0
2024-07-23 14:00:00+09:00,3870.0,3885.0,3865.0,3885.0,5900,0.0,0.0
2024-07-24 09:00:00+09:00,3865.0,3885.0,3855.0,3870.0,11700,0.0,0.0
2024-07-24 10:00:00+09:00,3870.0,3870.0,3855.0,3860.0,3500,0.0,0.0
2024-07-24 11:00:00+09:00,3860.0,3860.0,3855.0,3860.0,0,0.0,0.0
2024-07-24 12:00:00+09:00,3860.0,3860.0,3835.0,3835.0,34000,0.0,0.0
2024-07-24 13:00:00+09:00,3830.0,3830.0,3805.0,3810.0,13900,0.0,0.0
2024-07-24 14:00:00+09:00,3810.0,3815.0,3800.0,3810.0,9800,0.0,0.0
2024-07-25 09:00:00+09:00,3750.0,3785.0,3700.0,3715.0,28900,0.0,0.0
2024-07-25 10:00:00+09:00,3715.0,3715.0,3700.0,3715.0,15300,0.0,0.0
2024-07-25 11:00:00+09:00,3715.0,3760.0,3700.0,3760.0,0,0.0,0.0
2024-07-25 12:00:00+09:00,3760.0,3760.0,3725.0,3735.0,54600,0.0,0.0
2024-07-25 13:00:00+09:00,3740.0,3765.0,3735.0,3735.0,5300,0.0,0.0
2024-07-25 14:00:00+09:00,3735.0,3745.0,3720.0,3725.0,10500,0.0,0.0
2024-07-26 09:00:00+09:00,3750.0,3770.0,3730.0,3745.0,9100,0.0,0.0
2024-07-26 10:00:00+09:00,3740.0,3755.0,3730.0,3745.0,4400,0.0,0.0
2024-07-26 11:00:00+09:00,3755.0,3775.0,3755.0,3775.0,0,0.0,0.0
2024-07-26 12:00:00+09:00,3780.0,3780.0,3755.0,3760.0,22000,0.0,0.0
2024-07-26 13:00:00+09:00,3765.0,3770.0,3750.0,3750.0,5700,0.0,0.0
2024-07-26 14:00:00+09:00,3750.0,3760.0,3725.0,3725.0,8200,0.0,0.0
2024-07-29 09:00:00+09:00,3755.0,3825.0,3745.0,3825.0,11400,0.0,0.0
2024-07-29 10:00:00+09:00,3825.0,3825.0,3790.0,3800.0,2200,0.0,0.0
2024-07-29 11:00:00+09:00,3800.0,3800.0,3780.0,3790.0,0,0.0,0.0
2024-07-29 12:00:00+09:00,3790.0,3790.0,3775.0,3785.0,21300,0.0,0.0
2024-07-29 13:00:00+09:00,3785.0,3790.0,3780.0,3785.0,3000,0.0,0.0
2024-07-29 14:00:00+09:00,3780.0,3790.0,3775.0,3775.0,6100,0.0,0.0
2024-07-30 09:00:00+09:00,3780.0,3780.0,3745.0,3745.0,5600,0.0,0.0
2024-07-30 10:00:00+09:00,3745.0,3775.0,3730.0,3760.0,9600,0.0,0.0
2024-07-30 11:00:00+09:00,3755.0,3765.0,3755.0,3755.0,0,0.0,0.0
2024-07-30 12:00:00+09:00,3755.0,3765.0,3755.0,3760.0,18800,0.0,0.0
2024-07-30 13:00:00+09:00,3760.0,3760.0,3745.0,3755.0,3500,0.0,0.0
2024-07-30 14:00:00+09:00,3755.0,3760.0,3740.0,3750.0,7800,0.0,0.0
2024-07-31 09:00:00+09:00,3710.0,3765.0,3705.0,3755.0,15900,0.0,0.0
2024-07-31 10:00:00+09:00,3755.0,3760.0,3740.0,3755.0,3500,0.0,0.0
2024-07-31 11:00:00+09:00,3755.0,3755.0,3745.0,3755.0,0,0.0,0.0
2024-07-31 12:00:00+09:00,3755.0,3770.0,3735.0,3760.0,27000,0.0,0.0
2024-07-31 13:00:00+09:00,3755.0,3780.0,3755.0,3770.0,0,0.0,0.0
2024-07-31 14:00:00+09:00,3775.0,3835.0,3775.0,3835.0,44400,0.0,0.0
2024-08-01 09:00:00+09:00,3825.0,3830.0,3715.0,3715.0,15900,0.0,0.0
2024-08-01 10:00:00+09:00,3715.0,3720.0,3685.0,3700.0,20800,0.0,0.0
2024-08-01 11:00:00+09:00,3705.0,3735.0,3700.0,3730.0,0,0.0,0.0
2024-08-01 12:00:00+09:00,3745.0,3765.0,3730.0,3760.0,52000,0.0,0.0
2024-08-01 13:00:00+09:00,3755.0,3765.0,3725.0,3735.0,6900,0.0,0.0
2024-08-01 14:00:00+09:00,3735.0,3740.0,3720.0,3730.0,8000,0.0,0.0
2024-08-02 09:00:00+09:00,3595.0,3595.0,3470.0,3475.0,40400,0.0,0.0
2024-08-02 10:00:00+09:00,3485.0,3540.0,3470.0,3530.0,10500,0.0,0.0
2024-08-02 11:00:00+09:00,3525.0,3535.0,3510.0,3515.0,0,0.0,0.0
2024-08-02 12:00:00+09:00,3510.0,3530.0,3500.0,3510.0,60200,0.0,0.0
2024-08-02 13:00:00+09:00,3505.0,3510.0,3485.0,3490.0,6800,0.0,0.0
2024-08-02 14:00:00+09:00,3490.0,3495.0,3425.0,3430.0,24000,0.0,0.0
2024-08-05 09:00:00+09:00,3185.0,3225.0,3125.0,3220.0,42000,0.0,0.0
2024-08-05 10:00:00+09:00,3215.0,3245.0,3065.0,3170.0,34400,0.0,0.0
2024-08-05 11:00:00+09:00,3170.0,3230.0,3165.0,3230.0,0,0.0,0.0
2024-08-05 12:00:00+09:00,3220.0,3220.0,3175.0,3175.0,93800,0.0,0.0
2024-08-05 13:00:00+09:00,3175.0,3175.0,2996.0,2996.0,43100,0.0,0.0
2024-08-05 14:00:00+09:00,2992.0,2995.0,2735.0,2773.0,46100,0.0,0.0
2024-08-06 09:00:00+09:00,3045.0,3255.0,3045.0,3250.0,38500,0.0,0.0
2024-08-06 10:00:00+09:00,3255.0,3280.0,3135.0,3215.0,15000,0.0,0.0
2024-08-06 11:00:00+09:00,3205.0,3220.0,3175.0,3185.0,0,0.0,0.0
2024-08-06 12:00:00+09:00,3185.0,3260.0,3185.0,3230.0,75800,0.0,0.0
2024-08-06 13:00:00+09:00,3225.0,3240.0,3150.0,3150.0,0,0.0,0.0
2024-08-06 14:00:00+09:00,3145.0,3235.0,3125.0,3180.0,105400,0.0,0.0
2024-08-07 09:00:00+09:00,3125.0,3250.0,3120.0,3225.0,19800,0.0,0.0
2024-08-07 10:00:00+09:00,3225.0,3335.0,3200.0,3320.0,7400,0.0,0.0
2024-08-07 11:00:00+09:00,3320.0,3345.0,3300.0,3305.0,0,0.0,0.0
2024-08-07 12:00:00+09:00,3285.0,3395.0,3285.0,3345.0,45300,0.0,0.0
2024-08-07 13:00:00+09:00,3350.0,3370.0,3325.0,3345.0,12400,0.0,0.0
2024-08-07 14:00:00+09:00,3335.0,3340.0,3230.0,3275.0,11800,0.0,0.0
2024-08-08 09:00:00+09:00,3215.0,3260.0,3180.0,3205.0,7500,0.0,0.0
2024-08-08 10:00:00+09:00,3185.0,3225.0,3185.0,3220.0,4700,0.0,0.0
2024-08-08 11:00:00+09:00,3225.0,3265.0,3225.0,3255.0,0,0.0,0.0
2024-08-08 12:00:00+09:00,3280.0,3325.0,3265.0,3265.0,17400,0.0,0.0
2024-08-08 13:00:00+09:00,3255.0,3255.0,3225.0,3225.0,0,0.0,0.0
2024-08-08 14:00:00+09:00,3230.0,3240.0,3190.0,3210.0,28300,0.0,0.0
2024-08-09 09:00:00+09:00,3325.0,3355.0,3280.0,3315.0,13100,0.0,0.0
2024-08-09 10:00:00+09:00,3280.0,3320.0,3225.0,3265.0,10500,0.0,0.0
2024-08-09 11:00:00+09:00,3260.0,3260.0,3220.0,3235.0,0,0.0,0.0
2024-08-09 12:00:00+09:00,3245.0,3280.0,3205.0,3210.0,41600,0.0,0.0
2024-08-09 13:00:00+09:00,3235.0,3285.0,3090.0,3175.0,45600,0.0,0.0
2024-08-09 14:00:00+09:00,3170.0,3240.0,3140.0,3225.0,12000,0.0,0.0
2024-08-13 09:00:00+09:00,3230.0,3320.0,3220.0,3315.0,12100,0.0,0.0
2024-08-13 10:00:00+09:00,3310.0,3315.0,3280.0,3285.0,3300,0.0,0.0
2024-08-13 11:00:00+09:00,3285.0,3300.0,3285.0,3300.0,0,0.0,0.0
2024-08-13 12:00:00+09:00,3300.0,3345.0,3300.0,3305.0,24600,0.0,0.0
2024-08-13 13:00:00+09:00,3300.0,3310.0,3295.0,3310.0,3100,0.0,0.0
2024-08-13 14:00:00+09:00,3320.0,3350.0,3320.0,3345.0,8400,0.0,0.0
2024-08-14 09:00:00+09:00,3385.0,3395.0,3330.0,3395.0,10000,0.0,0.0
2024-08-14 10:00:00+09:00,3395.0,3445.0,3395.0,3445.0,4900,0.0,0.0
2024-08-14 11:00:00+09:00,3435.0,3435.0,3395.0,3395.0,0,0.0,0.0
2024-08-14 12:00:00+09:00,3410.0,3415.0,3410.0,3415.0,19100,0.0,0.0
2024-08-14 13:00:00+09:00,3425.0,3430.0,3410.0,3430.0,0,0.0,0.0
2024-08-14 14:00:00+09:00,3425.0,3425.0,3400.0,3420.0,26700,0.0,0.0
2024-08-15 09:00:00+09:00,3400.0,3430.0,3385.0,3430.0,3400,0.0,0.0
2024-08-15 10:00:00+09:00,3430.0,3440.0,3430.0,3440.0,2300,0.0,0.0
2024-08-15 11:00:00+09:00,3440.0,3440.0,3440.0,3440.0,0,0.0,0.0
2024-08-15 12:00:00+09:00,3435.0,3440.0,3430.0,3435.0,8400,0.0,0.0
2024-08-15 13:00:00+09:00,3420.0,3420.0,3365.0,3380.0,9700,0.0,0.0
2024-08-15 14:00:00+09:00,3375.0,3405.0,3365.0,3400.0,4700,0.0,0.0
2024-08-16 09:00:00+09:00,3480.0,3565.0,3440.0,3480.0,29300,0.0,0.0
2024-08-16 10:00:00+09:00,3485.0,3500.0,3470.0,3480.0,3200,0.0,0.0
2024-08-16 11:00:00+09:00,3480.0,3490.0,3480.0,3490.0,0,0.0,0.0
2024-08-16 12:00:00+09:00,3490.0,3490.0,3475.0,3490.0,38000,0.0,0.0
2024-08-16 13:00:00+09:00,3490.0,3490.0,3450.0,3470.0,10500,0.0,0.0
2024-08-16 14:00:00+09:00,3475.0,3495.0,3475.0,3495.0,5100,0.0,0.0
