Datetime,Open,High,Low,Close,Volume,Dividends,Stock Splits
2022-08-18 09:00:00+09:00,532.0,538.0,531.0,533.0,216600,0.0,0.0
2022-08-18 10:00:00+09:00,534.0,536.0,532.0,535.0,84600,0.0,0.0
2022-08-18 11:00:00+09:00,535.0,535.0,532.0,532.0,0,0.0,0.0
2022-08-18 12:00:00+09:00,532.0,533.0,532.0,532.0,371400,0.0,0.0
2022-08-18 13:00:00+09:00,531.0,532.0,526.0,526.0,111200,0.0,0.0
2022-08-18 14:00:00+09:00,526.0,528.0,525.0,525.0,140100,0.0,0.0
2022-08-19 09:00:00+09:00,528.0,528.0,520.0,522.0,119700,0.0,0.0
2022-08-19 10:00:00+09:00,521.0,522.0,519.0,522.0,85900,0.0,0.0
2022-08-19 11:00:00+09:00,522.0,524.0,522.0,523.0,0,0.0,0.0
2022-08-19 12:00:00+09:00,524.0,524.0,523.0,523.0,245700,0.0,0.0
2022-08-19 13:00:00+09:00,524.0,525.0,523.0,525.0,0,0.0,0.0
2022-08-19 14:00:00+09:00,525.0,526.0,524.0,524.0,342200,0.0,0.0
2022-08-22 09:00:00+09:00,523.0,525.0,520.0,521.0,0,0.0,0.0
2022-08-22 10:00:00+09:00,520.0,522.0,520.0,520.0,33900,0.0,0.0
2022-08-22 11:00:00+09:00,521.0,521.0,517.0,518.0,0,0.0,0.0
2022-08-22 12:00:00+09:00,519.0,521.0,518.0,519.0,307300,0.0,0.0
2022-08-22 13:00:00+09:00,519.0,520.0,519.0,519.0,22600,0.0,0.0
2022-08-22 14:00:00+09:00,520.0,521.0,519.0,520.0,44900,0.0,0.0
2022-08-23 09:00:00+09:00,519.0,519.0,514.0,515.0,155800,0.0,0.0
2022-08-23 10:00:00+09:00,515.0,519.0,515.0,519.0,65000,0.0,0.0
2022-08-23 11:00:00+09:00,520.0,521.0,520.0,520.0,0,0.0,0.0
2022-08-23 12:00:00+09:00,521.0,521.0,520.0,520.0,255600,0.0,0.0
2022-08-23 13:00:00+09:00,520.0,520.0,517.0,518.0,31800,0.0,0.0
2022-08-23 14:00:00+09:00,518.0,520.0,518.0,519.0,40500,0.0,0.0
2022-08-24 09:00:00+09:00,520.0,522.0,518.0,518.0,84700,0.0,0.0
2022-08-24 10:00:00+09:00,518.0,519.0,517.0,518.0,22200,0.0,0.0
2022-08-24 11:00:00+09:00,519.0,526.0,519.0,524.0,0,0.0,0.0
2022-08-24 12:00:00+09:00,523.0,533.0,523.0,533.0,337800,0.0,0.0
2022-08-24 13:00:00+09:00,532.0,537.0,532.0,536.0,175000,0.0,0.0
2022-08-24 14:00:00+09:00,536.0,538.0,534.0,537.0,171600,0.0,0.0
2022-08-25 09:00:00+09:00,534.0,543.0,531.0,542.0,236800,0.0,0.0
2022-08-25 10:00:00+09:00,541.0,542.0,536.0,537.0,56500,0.0,0.0
2022-08-25 11:00:00+09:00,537.0,538.0,535.0,535.0,0,0.0,0.0
2022-08-25 12:00:00+09:00,535.0,536.0,533.0,534.0,410000,0.0,0.0
2022-08-25 13:00:00+09:00,534.0,534.0,530.0,532.0,60700,0.0,0.0
2022-08-25 14:00:00+09:00,531.0,532.0,528.0,529.0,97100,0.0,0.0
2022-08-26 09:00:00+09:00,523.0,527.0,522.0,525.0,164400,0.0,0.0
2022-08-26 10:00:00+09:00,525.0,525.0,523.0,523.0,49900,0.0,0.0
2022-08-26 11:00:00+09:00,524.0,525.0,524.0,524.0,0,0.0,0.0
2022-08-26 12:00:00+09:00,523.0,524.0,523.0,523.0,266100,0.0,0.0
2022-08-26 13:00:00+09:00,523.0,524.0,522.0,522.0,28800,0.0,0.0
2022-08-26 14:00:00+09:00,522.0,523.0,521.0,522.0,85400,0.0,0.0
2022-08-29 09:00:00+09:00,514.0,519.0,513.0,516.0,160700,0.0,0.0
2022-08-29 10:00:00+09:00,516.0,517.0,514.0,515.0,95800,0.0,0.0
2022-08-29 11:00:00+09:00,515.0,517.0,515.0,515.0,0,0.0,0.0
2022-08-29 12:00:00+09:00,515.0,517.0,515.0,517.0,327200,0.0,0.0
2022-08-29 13:00:00+09:00,517.0,518.0,517.0,518.0,33400,0.0,0.0
2022-08-29 14:00:00+09:00,518.0,520.0,517.0,519.0,85100,0.0,0.0
2022-08-30 09:00:00+09:00,518.0,520.0,517.0,518.0,0,0.0,0.0
2022-08-30 10:00:00+09:00,518.0,521.0,518.0,521.0,109600,0.0,0.0
2022-08-30 11:00:00+09:00,521.0,523.0,521.0,521.0,0,0.0,0.0
2022-08-30 12:00:00+09:00,523.0,523.0,518.0,520.0,0,0.0,0.0
2022-08-30 13:00:00+09:00,519.0,519.0,517.0,518.0,230600,0.0,0.0
2022-08-30 14:00:00+09:00,518.0,519.0,517.0,518.0,65800,0.0,0.0
2022-08-31 09:00:00+09:00,516.0,516.0,512.0,514.0,132500,0.0,0.0
2022-08-31 10:00:00+09:00,514.0,514.0,512.0,512.0,65800,0.0,0.0
2022-08-31 11:00:00+09:00,512.0,512.0,511.0,511.0,0,0.0,0.0
2022-08-31 12:00:00+09:00,511.0,512.0,511.0,512.0,291600,0.0,0.0
2022-08-31 13:00:00+09:00,512.0,512.0,510.0,510.0,59100,0.0,0.0
2022-08-31 14:00:00+09:00,510.0,512.0,510.0,511.0,137600,0.0,0.0
2022-09-01 09:00:00+09:00,509.0,511.0,506.0,507.0,144400,0.0,0.0
2022-09-01 10:00:00+09:00,507.0,509.0,505.0,508.0,88800,0.0,0.0
2022-09-01 11:00:00+09:00,508.0,508.0,506.0,506.0,0,0.0,0.0
2022-09-01 12:00:00+09:00,506.0,507.0,506.0,506.0,304500,0.0,0.0
2022-09-01 13:00:00+09:00,507.0,507.0,506.0,507.0,9600,0.0,0.0
2022-09-01 14:00:00+09:00,506.0,508.0,506.0,507.0,113200,0.0,0.0
2022-09-02 09:00:00+09:00,508.0,508.0,502.0,502.0,158300,0.0,0.0
2022-09-02 10:00:00+09:00,502.0,505.0,501.0,503.0,115200,0.0,0.0
2022-09-02 11:00:00+09:00,503.0,504.0,502.0,502.0,0,0.0,0.0
2022-09-02 12:00:00+09:00,502.0,503.0,501.0,502.0,335100,0.0,0.0
2022-09-02 13:00:00+09:00,503.0,504.0,502.0,502.0,31300,0.0,0.0
2022-09-02 14:00:00+09:00,502.0,504.0,502.0,504.0,60600,0.0,0.0
2022-09-05 09:00:00+09:00,500.0,504.0,498.0,502.0,0,0.0,0.0
2022-09-05 10:00:00+09:00,502.0,503.0,501.0,501.0,213300,0.0,0.0
2022-09-05 11:00:00+09:00,501.0,501.0,500.0,500.0,0,0.0,0.0
2022-09-05 12:00:00+09:00,500.0,502.0,500.0,502.0,269800,0.0,0.0
2022-09-05 13:00:00+09:00,503.0,503.0,501.0,502.0,29500,0.0,0.0
2022-09-05 14:00:00+09:00,502.0,504.0,501.0,503.0,80000,0.0,0.0
2022-09-06 09:00:00+09:00,500.0,503.0,500.0,501.0,91600,0.0,0.0
2022-09-06 10:00:00+09:00,501.0,502.0,501.0,501.0,57600,0.0,0.0
2022-09-06 11:00:00+09:00,501.0,502.0,500.0,501.0,0,0.0,0.0
2022-09-06 12:00:00+09:00,501.0,502.0,501.0,502.0,188800,0.0,0.0
2022-09-06 13:00:00+09:00,501.0,502.0,500.0,501.0,45000,0.0,0.0
2022-09-06 14:00:00+09:00,501.0,503.0,501.0,502.0,70600,0.0,0.0
2022-09-07 09:00:00+09:00,500.0,501.0,498.0,499.0,249700,0.0,0.0
2022-09-07 10:00:00+09:00,499.0,503.0,499.0,501.0,108200,0.0,0.0
2022-09-07 11:00:00+09:00,501.0,502.0,500.0,501.0,0,0.0,0.0
2022-09-07 12:00:00+09:00,500.0,501.0,500.0,500.0,405500,0.0,0.0
2022-09-07 13:00:00+09:00,500.0,501.0,500.0,501.0,28300,0.0,0.0
2022-09-07 14:00:00+09:00,501.0,502.0,501.0,502.0,47000,0.0,0.0
2022-09-08 09:00:00+09:00,504.0,507.0,502.0,505.0,99400,0.0,0.0
2022-09-08 10:00:00+09:00,505.0,506.0,504.0,505.0,65800,0.0,0.0
2022-09-08 11:00:00+09:00,505.0,505.0,503.0,504.0,0,0.0,0.0
2022-09-08 12:00:00+09:00,505.0,505.0,503.0,504.0,205300,0.0,0.0
2022-09-08 13:00:00+09:00,503.0,505.0,503.0,503.0,32300,0.0,0.0
2022-09-08 14:00:00+09:00,503.0,504.0,502.0,504.0,72900,0.0,0.0
2022-09-09 09:00:00+09:00,498.0,505.0,497.0,505.0,334300,0.0,0.0
2022-09-09 10:00:00+09:00,504.0,505.0,503.0,504.0,41300,0.0,0.0
2022-09-09 11:00:00+09:00,504.0,507.0,504.0,507.0,0,0.0,0.0
2022-09-09 12:00:00+09:00,506.0,510.0,505.0,509.0,519700,0.0,0.0
2022-09-09 13:00:00+09:00,508.0,509.0,508.0,509.0,59400,0.0,0.0
2022-09-09 14:00:00+09:00,509.0,510.0,508.0,510.0,122700,0.0,0.0
2022-09-12 09:00:00+09:00,511.0,512.0,508.0,509.0,0,0.0,0.0
2022-09-12 10:00:00+09:00,509.0,509.0,507.0,508.0,48100,0.0,0.0
2022-09-12 11:00:00+09:00,508.0,508.0,507.0,507.0,0,0.0,0.0
2022-09-12 12:00:00+09:00,507.0,509.0,507.0,507.0,157300,0.0,0.0
2022-09-12 13:00:00+09:00,507.0,508.0,506.0,508.0,17100,0.0,0.0
2022-09-12 14:00:00+09:00,507.0,509.0,505.0,508.0,54400,0.0,0.0
2022-09-13 09:00:00+09:00,505.0,509.0,504.0,508.0,67100,0.0,0.0
2022-09-13 10:00:00+09:00,508.0,510.0,508.0,508.0,57100,0.0,0.0
2022-09-13 11:00:00+09:00,509.0,509.0,507.0,507.0,0,0.0,0.0
2022-09-13 12:00:00+09:00,507.0,508.0,507.0,507.0,163400,0.0,0.0
2022-09-13 13:00:00+09:00,507.0,508.0,507.0,508.0,36300,0.0,0.0
2022-09-13 14:00:00+09:00,507.0,508.0,506.0,506.0,49300,0.0,0.0
2022-09-14 09:00:00+09:00,499.0,499.0,491.0,495.0,639800,0.0,0.0
2022-09-14 10:00:00+09:00,495.0,495.0,493.0,494.0,156400,0.0,0.0
2022-09-14 11:00:00+09:00,494.0,494.0,492.0,493.0,0,0.0,0.0
2022-09-14 12:00:00+09:00,493.0,493.0,490.0,492.0,1199600,0.0,0.0
2022-09-14 13:00:00+09:00,492.0,493.0,491.0,493.0,117700,0.0,0.0
2022-09-14 14:00:00+09:00,493.0,498.0,492.0,497.0,144100,0.0,0.0
2022-09-15 09:00:00+09:00,495.0,497.0,495.0,496.0,101800,0.0,0.0
2022-09-15 10:00:00+09:00,497.0,500.0,496.0,499.0,143800,0.0,0.0
2022-09-15 11:00:00+09:00,499.0,500.0,499.0,500.0,0,0.0,0.0
2022-09-15 12:00:00+09:00,500.0,500.0,497.0,498.0,362700,0.0,0.0
2022-09-15 13:00:00+09:00,498.0,498.0,496.0,496.0,17800,0.0,0.0
2022-09-15 14:00:00+09:00,497.0,498.0,495.0,495.0,82000,0.0,0.0
2022-09-16 09:00:00+09:00,495.0,496.0,492.0,493.0,152100,0.0,0.0
2022-09-16 10:00:00+09:00,492.0,496.0,491.0,496.0,162500,0.0,0.0
2022-09-16 11:00:00+09:00,495.0,497.0,495.0,496.0,0,0.0,0.0
2022-09-16 12:00:00+09:00,496.0,498.0,495.0,496.0,485900,0.0,0.0
2022-09-16 13:00:00+09:00,496.0,496.0,492.0,493.0,66100,0.0,0.0
2022-09-16 14:00:00+09:00,493.0,495.0,491.0,495.0,86100,0.0,0.0
2022-09-20 09:00:00+09:00,495.0,496.0,492.0,493.0,0,0.0,0.0
2022-09-20 10:00:00+09:00,493.0,495.0,493.0,493.0,78000,0.0,0.0
2022-09-20 11:00:00+09:00,493.0,494.0,493.0,494.0,0,0.0,0.0
2022-09-20 12:00:00+09:00,494.0,494.0,493.0,493.0,532400,0.0,0.0
2022-09-20 13:00:00+09:00,493.0,495.0,493.0,495.0,19900,0.0,0.0
2022-09-20 14:00:00+09:00,495.0,497.0,493.0,496.0,112700,0.0,0.0
2022-09-21 09:00:00+09:00,492.0,493.0,488.0,493.0,306000,0.0,0.0
2022-09-21 10:00:00+09:00,493.0,496.0,491.0,492.0,60900,0.0,0.0
2022-09-21 11:00:00+09:00,491.0,492.0,491.0,491.0,0,0.0,0.0
2022-09-21 12:00:00+09:00,491.0,494.0,491.0,493.0,444900,0.0,0.0
2022-09-21 13:00:00+09:00,493.0,494.0,491.0,492.0,80100,0.0,0.0
2022-09-21 14:00:00+09:00,492.0,494.0,492.0,492.0,77800,0.0,0.0
2022-09-22 09:00:00+09:00,490.0,492.0,488.0,488.0,187500,0.0,0.0
2022-09-22 10:00:00+09:00,489.0,489.0,488.0,488.0,74700,0.0,0.0
2022-09-22 11:00:00+09:00,488.0,489.0,488.0,488.0,0,0.0,0.0
2022-09-22 12:00:00+09:00,489.0,489.0,488.0,488.0,356300,0.0,0.0
2022-09-22 13:00:00+09:00,488.0,490.0,488.0,490.0,34900,0.0,0.0
2022-09-22 14:00:00+09:00,490.0,490.0,489.0,490.0,30400,0.0,0.0
2022-09-26 09:00:00+09:00,487.0,493.0,486.0,492.0,0,0.0,0.0
2022-09-26 10:00:00+09:00,492.0,493.0,490.0,491.0,69600,0.0,0.0
2022-09-26 11:00:00+09:00,490.0,491.0,489.0,489.0,0,0.0,0.0
2022-09-26 12:00:00+09:00,488.0,489.0,487.0,488.0,383100,0.0,0.0
2022-09-26 13:00:00+09:00,488.0,488.0,485.0,485.0,108700,0.0,0.0
2022-09-26 14:00:00+09:00,485.0,487.0,485.0,487.0,88600,0.0,0.0
2022-09-27 09:00:00+09:00,486.0,491.0,484.0,489.0,180300,0.0,0.0
2022-09-27 10:00:00+09:00,489.0,491.0,488.0,491.0,49200,0.0,0.0
2022-09-27 11:00:00+09:00,491.0,492.0,490.0,491.0,0,0.0,0.0
2022-09-27 12:00:00+09:00,490.0,492.0,489.0,492.0,338300,0.0,0.0
2022-09-27 13:00:00+09:00,492.0,493.0,489.0,489.0,62600,0.0,0.0
2022-09-27 14:00:00+09:00,489.0,489.0,486.0,487.0,191400,0.0,0.0
2022-09-28 09:00:00+09:00,487.0,490.0,481.0,487.0,258200,0.0,0.0
2022-09-28 10:00:00+09:00,487.0,488.0,483.0,484.0,68700,0.0,0.0
2022-09-28 11:00:00+09:00,484.0,485.0,482.0,482.0,0,0.0,0.0
2022-09-28 12:00:00+09:00,481.0,489.0,481.0,489.0,450900,0.0,0.0
2022-09-28 13:00:00+09:00,489.0,490.0,485.0,485.0,65000,0.0,0.0
2022-09-28 14:00:00+09:00,484.0,486.0,483.0,486.0,143000,0.0,0.0
2022-09-29 09:00:00+09:00,486.0,491.0,483.0,490.0,269400,0.0,0.0
2022-09-29 10:00:00+09:00,490.0,492.0,488.0,488.0,117000,0.0,0.0
2022-09-29 11:00:00+09:00,488.0,490.0,488.0,489.0,0,0.0,0.0
2022-09-29 12:00:00+09:00,490.0,493.0,490.0,492.0,475400,0.0,0.0
2022-09-29 13:00:00+09:00,491.0,492.0,491.0,492.0,27700,0.0,0.0
2022-09-29 14:00:00+09:00,492.0,494.0,490.0,491.0,123200,0.0,0.0
2022-09-30 09:00:00+09:00,491.0,495.0,488.0,494.0,113200,0.0,0.0
2022-09-30 10:00:00+09:00,495.0,502.0,493.0,493.0,157000,0.0,0.0
2022-09-30 11:00:00+09:00,492.0,495.0,492.0,494.0,0,0.0,0.0
2022-09-30 12:00:00+09:00,491.0,492.0,486.0,486.0,451800,0.0,0.0
2022-09-30 13:00:00+09:00,486.0,486.0,483.0,486.0,120800,0.0,0.0
2022-09-30 14:00:00+09:00,487.0,488.0,484.0,485.0,150900,0.0,0.0
2022-10-03 09:00:00+09:00,482.0,483.0,461.0,461.0,397300,0.0,0.0
2022-10-03 10:00:00+09:00,462.0,468.0,461.0,464.0,259600,0.0,0.0
2022-10-03 11:00:00+09:00,464.0,465.0,463.0,465.0,0,0.0,0.0
2022-10-03 12:00:00+09:00,465.0,468.0,464.0,465.0,859700,0.0,0.0
2022-10-03 13:00:00+09:00,464.0,465.0,461.0,462.0,175000,0.0,0.0
2022-10-03 14:00:00+09:00,464.0,470.0,463.0,470.0,207700,0.0,0.0
2022-10-04 09:00:00+09:00,476.0,490.0,474.0,475.0,647800,0.0,0.0
2022-10-04 10:00:00+09:00,476.0,482.0,476.0,482.0,139200,0.0,0.0
2022-10-04 11:00:00+09:00,482.0,483.0,480.0,480.0,0,0.0,0.0
2022-10-04 12:00:00+09:00,479.0,484.0,479.0,481.0,963900,0.0,0.0
2022-10-04 13:00:00+09:00,480.0,482.0,478.0,479.0,135200,0.0,0.0
2022-10-04 14:00:00+09:00,478.0,480.0,477.0,478.0,173000,0.0,0.0
2022-10-05 09:00:00+09:00,482.0,482.0,476.0,476.0,128000,0.0,0.0
2022-10-05 10:00:00+09:00,476.0,476.0,472.0,475.0,107400,0.0,0.0
2022-10-05 11:00:00+09:00,474.0,474.0,471.0,471.0,0,0.0,0.0
2022-10-05 12:00:00+09:00,471.0,476.0,471.0,474.0,364900,0.0,0.0
2022-10-05 13:00:00+09:00,475.0,475.0,470.0,471.0,141300,0.0,0.0
2022-10-05 14:00:00+09:00,472.0,474.0,471.0,473.0,123100,0.0,0.0
2022-10-06 09:00:00+09:00,475.0,478.0,471.0,472.0,245400,0.0,0.0
2022-10-06 10:00:00+09:00,472.0,473.0,468.0,471.0,101200,0.0,0.0
2022-10-06 11:00:00+09:00,471.0,472.0,471.0,471.0,0,0.0,0.0
2022-10-06 12:00:00+09:00,473.0,473.0,469.0,470.0,557500,0.0,0.0
2022-10-06 13:00:00+09:00,470.0,471.0,469.0,470.0,58700,0.0,0.0
2022-10-06 14:00:00+09:00,471.0,473.0,470.0,473.0,110500,0.0,0.0
2022-10-07 09:00:00+09:00,463.0,465.0,460.0,462.0,372500,0.0,0.0
2022-10-07 10:00:00+09:00,462.0,466.0,462.0,464.0,125000,0.0,0.0
2022-10-07 11:00:00+09:00,464.0,465.0,463.0,464.0,0,0.0,0.0
2022-10-07 12:00:00+09:00,464.0,464.0,461.0,464.0,592500,0.0,0.0
2022-10-07 13:00:00+09:00,464.0,466.0,463.0,466.0,67800,0.0,0.0
2022-10-07 14:00:00+09:00,466.0,471.0,465.0,469.0,142300,0.0,0.0
2022-10-11 09:00:00+09:00,463.0,466.0,463.0,465.0,0,0.0,0.0
2022-10-11 10:00:00+09:00,466.0,466.0,461.0,462.0,122000,0.0,0.0
2022-10-11 11:00:00+09:00,462.0,462.0,459.0,460.0,0,0.0,0.0
2022-10-11 12:00:00+09:00,460.0,460.0,458.0,459.0,394500,0.0,0.0
2022-10-11 13:00:00+09:00,458.0,459.0,457.0,458.0,102700,0.0,0.0
2022-10-11 14:00:00+09:00,459.0,463.0,458.0,459.0,150200,0.0,0.0
2022-10-12 09:00:00+09:00,458.0,458.0,444.0,448.0,426300,0.0,0.0
2022-10-12 10:00:00+09:00,448.0,450.0,447.0,447.0,147600,0.0,0.0
2022-10-12 11:00:00+09:00,447.0,447.0,443.0,444.0,0,0.0,0.0
2022-10-12 12:00:00+09:00,445.0,445.0,441.0,442.0,807600,0.0,0.0
2022-10-12 13:00:00+09:00,442.0,442.0,439.0,440.0,192700,0.0,0.0
2022-10-12 14:00:00+09:00,439.0,440.0,438.0,439.0,248800,0.0,0.0
2022-10-13 09:00:00+09:00,438.0,444.0,435.0,442.0,361600,0.0,0.0
2022-10-13 10:00:00+09:00,442.0,442.0,437.0,438.0,133700,0.0,0.0
2022-10-13 11:00:00+09:00,438.0,440.0,437.0,440.0,0,0.0,0.0
2022-10-13 12:00:00+09:00,438.0,439.0,435.0,436.0,738300,0.0,0.0
2022-10-13 13:00:00+09:00,436.0,436.0,434.0,434.0,111100,0.0,0.0
2022-10-13 14:00:00+09:00,434.0,435.0,433.0,434.0,55100,0.0,0.0
2022-10-14 09:00:00+09:00,440.0,443.0,438.0,441.0,222900,0.0,0.0
2022-10-14 10:00:00+09:00,442.0,449.0,442.0,447.0,266100,0.0,0.0
2022-10-14 11:00:00+09:00,447.0,447.0,445.0,446.0,0,0.0,0.0
2022-10-14 12:00:00+09:00,446.0,447.0,444.0,446.0,669400,0.0,0.0
2022-10-14 13:00:00+09:00,446.0,447.0,443.0,443.0,94800,0.0,0.0
2022-10-14 14:00:00+09:00,443.0,444.0,439.0,441.0,324400,0.0,0.0
2022-10-17 09:00:00+09:00,440.0,442.0,436.0,440.0,0,0.0,0.0
2022-10-17 10:00:00+09:00,440.0,442.0,439.0,440.0,63600,0.0,0.0
2022-10-17 11:00:00+09:00,440.0,443.0,440.0,443.0,0,0.0,0.0
2022-10-17 12:00:00+09:00,443.0,444.0,441.0,441.0,467300,0.0,0.0
2022-10-17 13:00:00+09:00,441.0,443.0,440.0,442.0,72700,0.0,0.0
2022-10-17 14:00:00+09:00,443.0,445.0,442.0,445.0,133500,0.0,0.0
2022-10-18 09:00:00+09:00,446.0,450.0,441.0,442.0,256100,0.0,0.0
2022-10-18 10:00:00+09:00,443.0,443.0,441.0,442.0,59700,0.0,0.0
2022-10-18 11:00:00+09:00,442.0,445.0,442.0,442.0,0,0.0,0.0
2022-10-18 12:00:00+09:00,444.0,445.0,444.0,445.0,393600,0.0,0.0
2022-10-18 13:00:00+09:00,445.0,445.0,443.0,443.0,33400,0.0,0.0
2022-10-18 14:00:00+09:00,444.0,446.0,444.0,445.0,43700,0.0,0.0
2022-10-19 09:00:00+09:00,450.0,461.0,447.0,459.0,0,0.0,0.0
2022-10-19 10:00:00+09:00,459.0,460.0,457.0,459.0,492600,0.0,0.0
2022-10-19 11:00:00+09:00,459.0,462.0,458.0,462.0,0,0.0,0.0
2022-10-19 12:00:00+09:00,463.0,465.0,462.0,463.0,719700,0.0,0.0
2022-10-19 13:00:00+09:00,463.0,466.0,463.0,465.0,97900,0.0,0.0
2022-10-19 14:00:00+09:00,465.0,465.0,461.0,463.0,93700,0.0,0.0
2022-10-20 09:00:00+09:00,466.0,473.0,463.0,465.0,324600,0.0,0.0
2022-10-20 10:00:00+09:00,464.0,465.0,464.0,465.0,22200,0.0,0.0
2022-10-20 11:00:00+09:00,465.0,467.0,465.0,467.0,0,0.0,0.0
2022-10-20 12:00:00+09:00,467.0,468.0,466.0,468.0,522700,0.0,0.0
2022-10-20 13:00:00+09:00,468.0,468.0,466.0,467.0,90900,0.0,0.0
2022-10-20 14:00:00+09:00,467.0,467.0,463.0,464.0,87800,0.0,0.0
2022-10-21 09:00:00+09:00,464.0,474.0,461.0,473.0,234200,0.0,0.0
2022-10-21 10:00:00+09:00,472.0,475.0,471.0,473.0,109300,0.0,0.0
2022-10-21 11:00:00+09:00,474.0,474.0,473.0,474.0,0,0.0,0.0
2022-10-21 12:00:00+09:00,475.0,476.0,474.0,475.0,471100,0.0,0.0
2022-10-21 13:00:00+09:00,474.0,477.0,474.0,476.0,42800,0.0,0.0
2022-10-21 14:00:00+09:00,476.0,477.0,473.0,474.0,129400,0.0,0.0
2022-10-24 09:00:00+09:00,476.0,480.0,466.0,466.0,359600,0.0,0.0
2022-10-24 10:00:00+09:00,466.0,467.0,465.0,467.0,69900,0.0,0.0
2022-10-24 11:00:00+09:00,467.0,468.0,467.0,468.0,0,0.0,0.0
2022-10-24 12:00:00+09:00,465.0,467.0,465.0,465.0,513800,0.0,0.0
2022-10-24 13:00:00+09:00,465.0,467.0,465.0,467.0,64900,0.0,0.0
2022-10-24 14:00:00+09:00,466.0,467.0,464.0,464.0,66800,0.0,0.0
2022-10-25 09:00:00+09:00,470.0,471.0,467.0,469.0,124300,0.0,0.0
2022-10-25 10:00:00+09:00,469.0,472.0,469.0,470.0,67600,0.0,0.0
2022-10-25 11:00:00+09:00,470.0,472.0,470.0,470.0,0,0.0,0.0
2022-10-25 12:00:00+09:00,472.0,474.0,470.0,471.0,308200,0.0,0.0
2022-10-25 13:00:00+09:00,471.0,471.0,470.0,471.0,11100,0.0,0.0
2022-10-25 14:00:00+09:00,471.0,471.0,469.0,470.0,39700,0.0,0.0
2022-10-26 09:00:00+09:00,470.0,471.0,468.0,471.0,124400,0.0,0.0
2022-10-26 10:00:00+09:00,471.0,471.0,469.0,471.0,72000,0.0,0.0
2022-10-26 11:00:00+09:00,471.0,472.0,470.0,471.0,0,0.0,0.0
2022-10-26 12:00:00+09:00,471.0,472.0,466.0,466.0,285600,0.0,0.0
2022-10-26 13:00:00+09:00,466.0,470.0,466.0,470.0,72400,0.0,0.0
2022-10-26 14:00:00+09:00,469.0,470.0,468.0,468.0,66600,0.0,0.0
2022-10-27 09:00:00+09:00,467.0,472.0,466.0,471.0,149200,0.0,0.0
2022-10-27 10:00:00+09:00,472.0,478.0,472.0,476.0,187700,0.0,0.0
2022-10-27 11:00:00+09:00,475.0,475.0,472.0,474.0,0,0.0,0.0
2022-10-27 12:00:00+09:00,471.0,475.0,471.0,475.0,443400,0.0,0.0
2022-10-27 13:00:00+09:00,475.0,477.0,474.0,475.0,92700,0.0,0.0
2022-10-27 14:00:00+09:00,475.0,477.0,473.0,474.0,146000,0.0,0.0
2022-10-28 09:00:00+09:00,466.0,485.0,463.0,477.0,797900,0.0,0.0
2022-10-28 10:00:00+09:00,476.0,478.0,474.0,477.0,149500,0.0,0.0
2022-10-28 11:00:00+09:00,477.0,477.0,473.0,475.0,0,0.0,0.0
2022-10-28 12:00:00+09:00,477.0,482.0,475.0,482.0,1170800,0.0,0.0
2022-10-28 13:00:00+09:00,481.0,483.0,476.0,479.0,132900,0.0,0.0
2022-10-28 14:00:00+09:00,478.0,479.0,472.0,475.0,181300,0.0,0.0
2022-10-31 09:00:00+09:00,479.0,494.0,475.0,494.0,0,0.0,0.0
2022-10-31 10:00:00+09:00,493.0,498.0,491.0,493.0,276800,0.0,0.0
2022-10-31 11:00:00+09:00,492.0,497.0,492.0,496.0,0,0.0,0.0
2022-10-31 12:00:00+09:00,496.0,497.0,495.0,496.0,941600,0.0,0.0
2022-10-31 13:00:00+09:00,496.0,499.0,495.0,498.0,180900,0.0,0.0
2022-10-31 14:00:00+09:00,498.0,498.0,496.0,497.0,152600,0.0,0.0
2022-11-01 09:00:00+09:00,490.0,498.0,486.0,491.0,432800,0.0,0.0
2022-11-01 10:00:00+09:00,492.0,496.0,487.0,495.0,166500,0.0,0.0
2022-11-01 11:00:00+09:00,496.0,497.0,495.0,495.0,0,0.0,0.0
2022-11-01 12:00:00+09:00,497.0,499.0,494.0,494.0,754600,0.0,0.0
2022-11-01 13:00:00+09:00,495.0,495.0,491.0,492.0,122500,0.0,0.0
2022-11-01 14:00:00+09:00,492.0,492.0,490.0,491.0,86300,0.0,0.0
2022-11-02 09:00:00+09:00,495.0,495.0,485.0,487.0,193400,0.0,0.0
2022-11-02 10:00:00+09:00,487.0,488.0,482.0,484.0,148400,0.0,0.0
2022-11-02 11:00:00+09:00,484.0,484.0,483.0,484.0,0,0.0,0.0
2022-11-02 12:00:00+09:00,483.0,484.0,481.0,484.0,460000,0.0,0.0
2022-11-02 13:00:00+09:00,484.0,486.0,483.0,485.0,115400,0.0,0.0
2022-11-02 14:00:00+09:00,485.0,486.0,483.0,484.0,79600,0.0,0.0
2022-11-04 09:00:00+09:00,487.0,489.0,482.0,485.0,0,0.0,0.0
2022-11-04 10:00:00+09:00,485.0,488.0,485.0,488.0,81200,0.0,0.0
2022-11-04 11:00:00+09:00,488.0,489.0,486.0,486.0,0,0.0,0.0
2022-11-04 12:00:00+09:00,486.0,487.0,485.0,485.0,305700,0.0,0.0
2022-11-04 13:00:00+09:00,486.0,486.0,484.0,485.0,46300,0.0,0.0
2022-11-04 14:00:00+09:00,485.0,486.0,484.0,485.0,62800,0.0,0.0
2022-11-07 09:00:00+09:00,484.0,484.0,472.0,473.0,0,0.0,0.0
2022-11-07 10:00:00+09:00,474.0,483.0,473.0,482.0,118700,0.0,0.0
2022-11-07 11:00:00+09:00,482.0,484.0,482.0,482.0,0,0.0,0.0
2022-11-07 12:00:00+09:00,482.0,483.0,481.0,481.0,443300,0.0,0.0
2022-11-07 13:00:00+09:00,482.0,483.0,481.0,481.0,31000,0.0,0.0
2022-11-07 14:00:00+09:00,481.0,482.0,480.0,481.0,29800,0.0,0.0
2022-11-08 09:00:00+09:00,480.0,487.0,480.0,482.0,106500,0.0,0.0
2022-11-08 10:00:00+09:00,482.0,486.0,482.0,485.0,83900,0.0,0.0
2022-11-08 11:00:00+09:00,485.0,486.0,484.0,486.0,0,0.0,0.0
2022-11-08 12:00:00+09:00,486.0,486.0,485.0,486.0,254600,0.0,0.0
2022-11-08 13:00:00+09:00,486.0,487.0,485.0,486.0,66700,0.0,0.0
2022-11-08 14:00:00+09:00,485.0,486.0,484.0,486.0,69500,0.0,0.0
2022-11-09 09:00:00+09:00,485.0,487.0,482.0,487.0,73100,0.0,0.0
2022-11-09 10:00:00+09:00,487.0,487.0,485.0,486.0,59600,0.0,0.0
2022-11-09 11:00:00+09:00,486.0,486.0,485.0,486.0,0,0.0,0.0
2022-11-09 12:00:00+09:00,484.0,487.0,484.0,486.0,186800,0.0,0.0
2022-11-09 13:00:00+09:00,486.0,487.0,486.0,487.0,48900,0.0,0.0
2022-11-09 14:00:00+09:00,487.0,490.0,487.0,489.0,46000,0.0,0.0
2022-11-10 09:00:00+09:00,490.0,493.0,485.0,485.0,114300,0.0,0.0
2022-11-10 10:00:00+09:00,485.0,486.0,482.0,486.0,55400,0.0,0.0
2022-11-10 11:00:00+09:00,486.0,486.0,484.0,486.0,0,0.0,0.0
2022-11-10 12:00:00+09:00,486.0,488.0,486.0,488.0,237200,0.0,0.0
2022-11-10 13:00:00+09:00,488.0,489.0,488.0,488.0,26500,0.0,0.0
2022-11-10 14:00:00+09:00,488.0,489.0,487.0,487.0,31100,0.0,0.0
2022-11-11 09:00:00+09:00,498.0,498.0,489.0,493.0,210000,0.0,0.0
2022-11-11 10:00:00+09:00,492.0,495.0,491.0,491.0,66600,0.0,0.0
2022-11-11 11:00:00+09:00,492.0,494.0,491.0,494.0,0,0.0,0.0
2022-11-11 12:00:00+09:00,494.0,495.0,494.0,495.0,351400,0.0,0.0
2022-11-11 13:00:00+09:00,495.0,498.0,494.0,496.0,127400,0.0,0.0
2022-11-11 14:00:00+09:00,496.0,497.0,491.0,494.0,110100,0.0,0.0
2022-11-14 09:00:00+09:00,494.0,494.0,490.0,493.0,107500,0.0,0.0
2022-11-14 10:00:00+09:00,493.0,495.0,490.0,491.0,70100,0.0,0.0
2022-11-14 11:00:00+09:00,492.0,493.0,492.0,493.0,0,0.0,0.0
2022-11-14 12:00:00+09:00,493.0,496.0,492.0,495.0,259700,0.0,0.0
2022-11-14 13:00:00+09:00,496.0,497.0,495.0,495.0,59000,0.0,0.0
2022-11-14 14:00:00+09:00,496.0,496.0,494.0,496.0,76100,0.0,0.0
2022-11-15 09:00:00+09:00,492.0,498.0,492.0,496.0,96500,0.0,0.0
2022-11-15 10:00:00+09:00,496.0,497.0,494.0,494.0,50300,0.0,0.0
2022-11-15 11:00:00+09:00,494.0,496.0,494.0,495.0,0,0.0,0.0
2022-11-15 12:00:00+09:00,495.0,495.0,492.0,493.0,189400,0.0,0.0
2022-11-15 13:00:00+09:00,493.0,494.0,492.0,494.0,40000,0.0,0.0
2022-11-15 14:00:00+09:00,494.0,495.0,493.0,495.0,28000,0.0,0.0
2022-11-16 09:00:00+09:00,492.0,496.0,491.0,496.0,102300,0.0,0.0
2022-11-16 10:00:00+09:00,496.0,497.0,495.0,496.0,40400,0.0,0.0
2022-11-16 11:00:00+09:00,497.0,498.0,497.0,497.0,0,0.0,0.0
2022-11-16 12:00:00+09:00,497.0,499.0,496.0,497.0,262500,0.0,0.0
2022-11-16 13:00:00+09:00,498.0,501.0,497.0,500.0,120400,0.0,0.0
2022-11-16 14:00:00+09:00,501.0,503.0,500.0,501.0,83800,0.0,0.0
2022-11-17 09:00:00+09:00,501.0,506.0,500.0,501.0,163900,0.0,0.0
2022-11-17 10:00:00+09:00,501.0,506.0,501.0,506.0,44400,0.0,0.0
2022-11-17 11:00:00+09:00,505.0,507.0,505.0,507.0,0,0.0,0.0
2022-11-17 12:00:00+09:00,506.0,507.0,505.0,505.0,279700,0.0,0.0
2022-11-17 13:00:00+09:00,506.0,507.0,505.0,506.0,56900,0.0,0.0
2022-11-17 14:00:00+09:00,506.0,507.0,504.0,505.0,80600,0.0,0.0
2022-11-18 09:00:00+09:00,509.0,513.0,503.0,506.0,0,0.0,0.0
2022-11-18 10:00:00+09:00,506.0,507.0,505.0,507.0,330200,0.0,0.0
2022-11-18 11:00:00+09:00,506.0,506.0,503.0,504.0,0,0.0,0.0
2022-11-18 12:00:00+09:00,504.0,504.0,502.0,504.0,389800,0.0,0.0
2022-11-18 13:00:00+09:00,503.0,506.0,503.0,505.0,25100,0.0,0.0
2022-11-18 14:00:00+09:00,505.0,506.0,504.0,505.0,76400,0.0,0.0
2022-11-21 09:00:00+09:00,510.0,516.0,510.0,515.0,0,0.0,0.0
2022-11-21 10:00:00+09:00,514.0,517.0,513.0,516.0,127000,0.0,0.0
2022-11-21 11:00:00+09:00,516.0,516.0,515.0,516.0,0,0.0,0.0
2022-11-21 12:00:00+09:00,516.0,517.0,514.0,516.0,539600,0.0,0.0
2022-11-21 13:00:00+09:00,516.0,516.0,514.0,515.0,69700,0.0,0.0
2022-11-21 14:00:00+09:00,515.0,517.0,514.0,517.0,49900,0.0,0.0
2022-11-22 09:00:00+09:00,520.0,536.0,520.0,534.0,443600,0.0,0.0
2022-11-22 10:00:00+09:00,534.0,536.0,531.0,533.0,95800,0.0,0.0
2022-11-22 11:00:00+09:00,534.0,536.0,533.0,534.0,0,0.0,0.0
2022-11-22 12:00:00+09:00,534.0,537.0,534.0,535.0,689400,0.0,0.0
2022-11-22 13:00:00+09:00,535.0,537.0,533.0,536.0,83700,0.0,0.0
2022-11-22 14:00:00+09:00,535.0,536.0,534.0,535.0,117600,0.0,0.0
2022-11-24 09:00:00+09:00,537.0,538.0,531.0,534.0,205700,0.0,0.0
2022-11-24 10:00:00+09:00,534.0,539.0,534.0,539.0,66500,0.0,0.0
2022-11-24 11:00:00+09:00,538.0,539.0,537.0,538.0,0,0.0,0.0
2022-11-24 12:00:00+09:00,537.0,538.0,537.0,537.0,387400,0.0,0.0
2022-11-24 13:00:00+09:00,537.0,540.0,537.0,540.0,75900,0.0,0.0
2022-11-24 14:00:00+09:00,540.0,540.0,538.0,539.0,64300,0.0,0.0
2022-11-25 09:00:00+09:00,550.0,567.0,547.0,555.0,741500,0.0,0.0
2022-11-25 10:00:00+09:00,555.0,558.0,551.0,557.0,225400,0.0,0.0
2022-11-25 11:00:00+09:00,556.0,558.0,554.0,555.0,0,0.0,0.0
2022-11-25 12:00:00+09:00,553.0,557.0,553.0,557.0,1056600,0.0,0.0
2022-11-25 13:00:00+09:00,556.0,557.0,554.0,557.0,60500,0.0,0.0
2022-11-25 14:00:00+09:00,558.0,559.0,556.0,559.0,129700,0.0,0.0
2022-11-28 09:00:00+09:00,559.0,562.0,554.0,558.0,257000,0.0,0.0
2022-11-28 10:00:00+09:00,559.0,559.0,554.0,558.0,74700,0.0,0.0
2022-11-28 11:00:00+09:00,557.0,558.0,555.0,558.0,0,0.0,0.0
2022-11-28 12:00:00+09:00,558.0,563.0,558.0,560.0,464000,0.0,0.0
2022-11-28 13:00:00+09:00,560.0,562.0,560.0,561.0,48100,0.0,0.0
2022-11-28 14:00:00+09:00,562.0,563.0,560.0,562.0,157500,0.0,0.0
2022-11-29 09:00:00+09:00,556.0,559.0,548.0,550.0,186200,0.0,0.0
2022-11-29 10:00:00+09:00,550.0,552.0,544.0,545.0,126100,0.0,0.0
2022-11-29 11:00:00+09:00,545.0,551.0,545.0,550.0,0,0.0,0.0
2022-11-29 12:00:00+09:00,551.0,552.0,547.0,549.0,421600,0.0,0.0
2022-11-29 13:00:00+09:00,548.0,549.0,546.0,546.0,77300,0.0,0.0
2022-11-29 14:00:00+09:00,546.0,546.0,542.0,544.0,159300,0.0,0.0
2022-11-30 09:00:00+09:00,546.0,548.0,541.0,545.0,97000,0.0,0.0
2022-11-30 10:00:00+09:00,545.0,545.0,543.0,544.0,32500,0.0,0.0
2022-11-30 11:00:00+09:00,544.0,545.0,543.0,544.0,0,0.0,0.0
2022-11-30 12:00:00+09:00,545.0,545.0,541.0,542.0,160600,0.0,0.0
2022-11-30 13:00:00+09:00,543.0,543.0,539.0,540.0,79700,0.0,0.0
2022-11-30 14:00:00+09:00,539.0,539.0,536.0,538.0,98400,0.0,0.0
2022-12-01 09:00:00+09:00,540.0,544.0,535.0,536.0,274600,0.0,0.0
2022-12-01 10:00:00+09:00,536.0,536.0,529.0,532.0,187300,0.0,0.0
2022-12-01 11:00:00+09:00,533.0,533.0,532.0,533.0,0,0.0,0.0
2022-12-01 12:00:00+09:00,533.0,533.0,531.0,532.0,544500,0.0,0.0
2022-12-01 13:00:00+09:00,533.0,534.0,529.0,532.0,156400,0.0,0.0
2022-12-01 14:00:00+09:00,531.0,531.0,528.0,531.0,123900,0.0,0.0
2022-12-02 09:00:00+09:00,525.0,527.0,521.0,521.0,230700,0.0,0.0
2022-12-02 10:00:00+09:00,521.0,522.0,519.0,520.0,87800,0.0,0.0
2022-12-02 11:00:00+09:00,519.0,519.0,516.0,518.0,0,0.0,0.0
2022-12-02 12:00:00+09:00,517.0,527.0,517.0,527.0,461700,0.0,0.0
2022-12-02 13:00:00+09:00,527.0,534.0,526.0,530.0,127800,0.0,0.0
2022-12-02 14:00:00+09:00,530.0,533.0,530.0,531.0,106700,0.0,0.0
2022-12-05 09:00:00+09:00,526.0,526.0,518.0,519.0,144900,0.0,0.0
2022-12-05 10:00:00+09:00,519.0,519.0,515.0,516.0,64300,0.0,0.0
2022-12-05 11:00:00+09:00,515.0,516.0,513.0,515.0,0,0.0,0.0
2022-12-05 12:00:00+09:00,515.0,517.0,512.0,517.0,357200,0.0,0.0
2022-12-05 13:00:00+09:00,517.0,518.0,513.0,518.0,117500,0.0,0.0
2022-12-05 14:00:00+09:00,518.0,523.0,517.0,522.0,156700,0.0,0.0
2022-12-06 09:00:00+09:00,519.0,529.0,519.0,526.0,134800,0.0,0.0
2022-12-06 10:00:00+09:00,526.0,530.0,524.0,530.0,87800,0.0,0.0
2022-12-06 11:00:00+09:00,530.0,535.0,529.0,534.0,0,0.0,0.0
2022-12-06 12:00:00+09:00,535.0,536.0,534.0,536.0,384800,0.0,0.0
2022-12-06 13:00:00+09:00,537.0,537.0,535.0,536.0,80100,0.0,0.0
2022-12-06 14:00:00+09:00,536.0,537.0,536.0,537.0,55200,0.0,0.0
2022-12-07 09:00:00+09:00,535.0,551.0,535.0,549.0,468300,0.0,0.0
2022-12-07 10:00:00+09:00,549.0,551.0,545.0,545.0,122600,0.0,0.0
2022-12-07 11:00:00+09:00,545.0,545.0,541.0,544.0,0,0.0,0.0
2022-12-07 12:00:00+09:00,543.0,543.0,541.0,543.0,676000,0.0,0.0
2022-12-07 13:00:00+09:00,542.0,546.0,542.0,546.0,71200,0.0,0.0
2022-12-07 14:00:00+09:00,546.0,546.0,543.0,543.0,72900,0.0,0.0
2022-12-08 09:00:00+09:00,539.0,540.0,532.0,535.0,146400,0.0,0.0
2022-12-08 10:00:00+09:00,535.0,538.0,534.0,535.0,62500,0.0,0.0
2022-12-08 11:00:00+09:00,535.0,537.0,535.0,537.0,0,0.0,0.0
2022-12-08 12:00:00+09:00,538.0,538.0,537.0,538.0,262700,0.0,0.0
2022-12-08 13:00:00+09:00,538.0,541.0,537.0,537.0,65400,0.0,0.0
2022-12-08 14:00:00+09:00,537.0,540.0,537.0,539.0,78700,0.0,0.0
2022-12-09 09:00:00+09:00,536.0,549.0,536.0,547.0,281500,0.0,0.0
2022-12-09 10:00:00+09:00,548.0,548.0,544.0,546.0,93800,0.0,0.0
2022-12-09 11:00:00+09:00,546.0,546.0,544.0,545.0,0,0.0,0.0
2022-12-09 12:00:00+09:00,544.0,546.0,544.0,545.0,466700,0.0,0.0
2022-12-09 13:00:00+09:00,545.0,545.0,539.0,541.0,104000,0.0,0.0
2022-12-09 14:00:00+09:00,542.0,543.0,540.0,541.0,90900,0.0,0.0
2022-12-12 09:00:00+09:00,545.0,549.0,540.0,542.0,0,0.0,0.0
2022-12-12 10:00:00+09:00,542.0,545.0,541.0,541.0,73200,0.0,0.0
2022-12-12 11:00:00+09:00,540.0,541.0,539.0,541.0,0,0.0,0.0
2022-12-12 12:00:00+09:00,539.0,540.0,538.0,540.0,292600,0.0,0.0
2022-12-12 13:00:00+09:00,539.0,542.0,538.0,542.0,32600,0.0,0.0
2022-12-12 14:00:00+09:00,542.0,543.0,540.0,541.0,57100,0.0,0.0
2022-12-13 09:00:00+09:00,545.0,547.0,537.0,543.0,90500,0.0,0.0
2022-12-13 10:00:00+09:00,543.0,544.0,542.0,542.0,28900,0.0,0.0
2022-12-13 11:00:00+09:00,542.0,542.0,541.0,541.0,0,0.0,0.0
2022-12-13 12:00:00+09:00,540.0,541.0,538.0,538.0,171100,0.0,0.0
2022-12-13 13:00:00+09:00,538.0,543.0,537.0,540.0,46100,0.0,0.0
2022-12-13 14:00:00+09:00,541.0,543.0,540.0,541.0,82500,0.0,0.0
2022-12-14 09:00:00+09:00,538.0,543.0,537.0,541.0,65100,0.0,0.0
2022-12-14 10:00:00+09:00,541.0,541.0,537.0,540.0,58200,0.0,0.0
2022-12-14 11:00:00+09:00,540.0,542.0,540.0,542.0,0,0.0,0.0
2022-12-14 12:00:00+09:00,542.0,542.0,540.0,541.0,160600,0.0,0.0
2022-12-14 13:00:00+09:00,540.0,541.0,539.0,541.0,33500,0.0,0.0
2022-12-14 14:00:00+09:00,541.0,541.0,539.0,540.0,21900,0.0,0.0
2022-12-15 09:00:00+09:00,541.0,542.0,535.0,541.0,57000,0.0,0.0
2022-12-15 10:00:00+09:00,541.0,542.0,539.0,540.0,43600,0.0,0.0
2022-12-15 11:00:00+09:00,540.0,540.0,539.0,539.0,0,0.0,0.0
2022-12-15 12:00:00+09:00,538.0,541.0,538.0,540.0,146000,0.0,0.0
2022-12-15 13:00:00+09:00,539.0,542.0,539.0,542.0,29700,0.0,0.0
2022-12-15 14:00:00+09:00,542.0,543.0,540.0,540.0,66000,0.0,0.0
2022-12-16 09:00:00+09:00,534.0,538.0,529.0,538.0,143500,0.0,0.0
2022-12-16 10:00:00+09:00,537.0,539.0,534.0,536.0,59500,0.0,0.0
2022-12-16 11:00:00+09:00,535.0,536.0,533.0,534.0,0,0.0,0.0
2022-12-16 12:00:00+09:00,533.0,534.0,532.0,534.0,255800,0.0,0.0
2022-12-16 13:00:00+09:00,534.0,535.0,532.0,533.0,30000,0.0,0.0
2022-12-16 14:00:00+09:00,533.0,535.0,532.0,533.0,121400,0.0,0.0
2022-12-19 09:00:00+09:00,532.0,534.0,530.0,533.0,133500,0.0,0.0
2022-12-19 10:00:00+09:00,533.0,536.0,532.0,534.0,62800,0.0,0.0
2022-12-19 11:00:00+09:00,534.0,536.0,534.0,535.0,0,0.0,0.0
2022-12-19 12:00:00+09:00,534.0,535.0,534.0,535.0,239300,0.0,0.0
2022-12-19 13:00:00+09:00,534.0,537.0,534.0,535.0,56400,0.0,0.0
2022-12-19 14:00:00+09:00,535.0,535.0,534.0,534.0,43000,0.0,0.0
2022-12-20 09:00:00+09:00,535.0,539.0,533.0,534.0,141600,0.0,0.0
2022-12-20 10:00:00+09:00,532.0,534.0,528.0,531.0,61600,0.0,0.0
2022-12-20 11:00:00+09:00,531.0,532.0,529.0,531.0,0,0.0,0.0
2022-12-20 12:00:00+09:00,522.0,535.0,520.0,531.0,356500,0.0,0.0
2022-12-20 13:00:00+09:00,531.0,533.0,527.0,530.0,110900,0.0,0.0
2022-12-20 14:00:00+09:00,530.0,533.0,529.0,531.0,76300,0.0,0.0
2022-12-21 09:00:00+09:00,531.0,533.0,526.0,529.0,138000,0.0,0.0
2022-12-21 10:00:00+09:00,529.0,530.0,527.0,528.0,76500,0.0,0.0
2022-12-21 11:00:00+09:00,527.0,528.0,526.0,526.0,0,0.0,0.0
2022-12-21 12:00:00+09:00,526.0,527.0,523.0,525.0,291400,0.0,0.0
2022-12-21 13:00:00+09:00,525.0,525.0,523.0,524.0,74500,0.0,0.0
2022-12-21 14:00:00+09:00,524.0,526.0,523.0,525.0,62600,0.0,0.0
2022-12-22 09:00:00+09:00,523.0,528.0,520.0,525.0,136400,0.0,0.0
2022-12-22 10:00:00+09:00,525.0,525.0,522.0,523.0,35700,0.0,0.0
2022-12-22 11:00:00+09:00,523.0,523.0,522.0,522.0,0,0.0,0.0
2022-12-22 12:00:00+09:00,522.0,523.0,521.0,522.0,224300,0.0,0.0
2022-12-22 13:00:00+09:00,522.0,523.0,521.0,522.0,31800,0.0,0.0
2022-12-22 14:00:00+09:00,523.0,524.0,522.0,523.0,61700,0.0,0.0
2022-12-23 09:00:00+09:00,528.0,541.0,527.0,540.0,419100,0.0,0.0
2022-12-23 10:00:00+09:00,541.0,542.0,534.0,534.0,142400,0.0,0.0
2022-12-23 11:00:00+09:00,534.0,538.0,534.0,536.0,0,0.0,0.0
2022-12-23 12:00:00+09:00,538.0,538.0,535.0,535.0,662100,0.0,0.0
2022-12-23 13:00:00+09:00,535.0,536.0,534.0,535.0,43500,0.0,0.0
2022-12-23 14:00:00+09:00,535.0,536.0,530.0,531.0,114300,0.0,0.0
2022-12-26 09:00:00+09:00,531.0,531.0,525.0,527.0,0,0.0,0.0
2022-12-26 10:00:00+09:00,527.0,527.0,524.0,526.0,49700,0.0,0.0
2022-12-26 11:00:00+09:00,525.0,526.0,524.0,526.0,0,0.0,0.0
2022-12-26 12:00:00+09:00,524.0,529.0,524.0,529.0,273100,0.0,0.0
2022-12-26 13:00:00+09:00,528.0,530.0,527.0,529.0,46600,0.0,0.0
2022-12-26 14:00:00+09:00,529.0,531.0,529.0,530.0,71700,0.0,0.0
2022-12-27 09:00:00+09:00,532.0,534.0,531.0,532.0,110100,0.0,0.0
2022-12-27 10:00:00+09:00,532.0,534.0,531.0,534.0,60800,0.0,0.0
2022-12-27 11:00:00+09:00,535.0,536.0,535.0,536.0,0,0.0,0.0
2022-12-27 12:00:00+09:00,536.0,537.0,535.0,535.0,258400,0.0,0.0
2022-12-27 13:00:00+09:00,536.0,536.0,534.0,536.0,43000,0.0,0.0
2022-12-27 14:00:00+09:00,536.0,537.0,534.0,537.0,93800,0.0,0.0
2022-12-28 09:00:00+09:00,537.0,542.0,533.0,541.0,96200,0.0,0.0
2022-12-28 10:00:00+09:00,540.0,544.0,539.0,542.0,54000,0.0,0.0
2022-12-28 11:00:00+09:00,542.0,545.0,542.0,545.0,0,0.0,0.0
2022-12-28 12:00:00+09:00,543.0,545.0,543.0,544.0,214700,0.0,0.0
2022-12-28 13:00:00+09:00,544.0,546.0,543.0,545.0,44000,0.0,0.0
2022-12-28 14:00:00+09:00,544.0,546.0,543.0,546.0,70800,0.0,0.0
2022-12-29 09:00:00+09:00,546.0,548.0,542.0,545.0,73200,0.0,0.0
2022-12-29 10:00:00+09:00,546.0,548.0,546.0,548.0,43400,0.0,0.0
2022-12-29 11:00:00+09:00,548.0,548.0,546.0,548.0,0,0.0,0.0
2022-12-29 12:00:00+09:00,548.0,549.0,546.0,549.0,183300,0.0,0.0
2022-12-29 13:00:00+09:00,549.0,549.0,547.0,547.0,18100,0.0,0.0
2022-12-29 14:00:00+09:00,548.0,549.0,546.0,548.0,63400,0.0,0.0
2022-12-30 09:00:00+09:00,545.0,549.0,545.0,547.0,0,0.0,0.0
2022-12-30 10:00:00+09:00,547.0,549.0,544.0,548.0,160500,0.0,0.0
2022-12-30 11:00:00+09:00,547.0,548.0,546.0,547.0,0,0.0,0.0
2022-12-30 12:00:00+09:00,546.0,548.0,545.0,546.0,199400,0.0,0.0
2022-12-30 13:00:00+09:00,546.0,547.0,545.0,546.0,34500,0.0,0.0
2022-12-30 14:00:00+09:00,547.0,549.0,545.0,547.0,108500,0.0,0.0
2023-01-04 09:00:00+09:00,542.0,547.0,533.0,537.0,225500,0.0,0.0
2023-01-04 10:00:00+09:00,538.0,538.0,532.0,532.0,76600,0.0,0.0
2023-01-04 11:00:00+09:00,532.0,534.0,531.0,532.0,0,0.0,0.0
2023-01-04 12:00:00+09:00,531.0,534.0,531.0,531.0,444200,0.0,0.0
2023-01-04 13:00:00+09:00,532.0,533.0,531.0,531.0,71600,0.0,0.0
2023-01-04 14:00:00+09:00,531.0,533.0,528.0,528.0,145100,0.0,0.0
2023-01-05 09:00:00+09:00,526.0,531.0,523.0,530.0,168800,0.0,0.0
2023-01-05 10:00:00+09:00,530.0,533.0,530.0,532.0,62800,0.0,0.0
2023-01-05 11:00:00+09:00,532.0,532.0,530.0,531.0,0,0.0,0.0
2023-01-05 12:00:00+09:00,529.0,532.0,529.0,531.0,287700,0.0,0.0
2023-01-05 13:00:00+09:00,532.0,533.0,531.0,532.0,36800,0.0,0.0
2023-01-05 14:00:00+09:00,533.0,533.0,531.0,532.0,80100,0.0,0.0
2023-01-06 09:00:00+09:00,533.0,533.0,523.0,528.0,0,0.0,0.0
2023-01-06 10:00:00+09:00,528.0,530.0,527.0,528.0,200700,0.0,0.0
2023-01-06 11:00:00+09:00,529.0,530.0,529.0,529.0,0,0.0,0.0
2023-01-06 12:00:00+09:00,529.0,532.0,529.0,531.0,261000,0.0,0.0
2023-01-06 13:00:00+09:00,531.0,533.0,530.0,532.0,0,0.0,0.0
2023-01-06 14:00:00+09:00,531.0,532.0,531.0,532.0,365900,0.0,0.0
2023-01-10 09:00:00+09:00,526.0,527.0,517.0,518.0,185000,0.0,0.0
2023-01-10 10:00:00+09:00,518.0,520.0,518.0,519.0,38200,0.0,0.0
2023-01-10 11:00:00+09:00,519.0,520.0,518.0,518.0,0,0.0,0.0
2023-01-10 12:00:00+09:00,519.0,520.0,517.0,520.0,312700,0.0,0.0
2023-01-10 13:00:00+09:00,520.0,521.0,519.0,521.0,30500,0.0,0.0
2023-01-10 14:00:00+09:00,521.0,521.0,518.0,520.0,60900,0.0,0.0
2023-01-11 09:00:00+09:00,519.0,526.0,519.0,523.0,126500,0.0,0.0
2023-01-11 10:00:00+09:00,523.0,523.0,521.0,522.0,40000,0.0,0.0
2023-01-11 11:00:00+09:00,521.0,522.0,521.0,521.0,0,0.0,0.0
2023-01-11 12:00:00+09:00,520.0,521.0,519.0,520.0,237800,0.0,0.0
2023-01-11 13:00:00+09:00,519.0,519.0,518.0,519.0,27600,0.0,0.0
2023-01-11 14:00:00+09:00,519.0,520.0,517.0,518.0,85800,0.0,0.0
2023-01-12 09:00:00+09:00,516.0,517.0,511.0,515.0,112900,0.0,0.0
2023-01-12 10:00:00+09:00,514.0,518.0,514.0,517.0,50400,0.0,0.0
2023-01-12 11:00:00+09:00,517.0,518.0,516.0,518.0,0,0.0,0.0
2023-01-12 12:00:00+09:00,516.0,521.0,516.0,518.0,211400,0.0,0.0
2023-01-12 13:00:00+09:00,518.0,519.0,517.0,518.0,59100,0.0,0.0
2023-01-12 14:00:00+09:00,518.0,519.0,517.0,517.0,18900,0.0,0.0
2023-01-13 09:00:00+09:00,516.0,523.0,516.0,519.0,0,0.0,0.0
2023-01-13 10:00:00+09:00,519.0,520.0,516.0,518.0,151700,0.0,0.0
2023-01-13 11:00:00+09:00,518.0,519.0,517.0,517.0,0,0.0,0.0
2023-01-13 12:00:00+09:00,517.0,518.0,516.0,517.0,205000,0.0,0.0
2023-01-13 13:00:00+09:00,517.0,522.0,517.0,519.0,78900,0.0,0.0
2023-01-13 14:00:00+09:00,520.0,520.0,517.0,518.0,60800,0.0,0.0
2023-01-16 09:00:00+09:00,513.0,519.0,513.0,518.0,113000,0.0,0.0
2023-01-16 10:00:00+09:00,518.0,518.0,513.0,513.0,51500,0.0,0.0
2023-01-16 11:00:00+09:00,514.0,514.0,512.0,513.0,0,0.0,0.0
2023-01-16 12:00:00+09:00,512.0,515.0,512.0,514.0,218000,0.0,0.0
2023-01-16 13:00:00+09:00,514.0,516.0,514.0,515.0,29200,0.0,0.0
2023-01-16 14:00:00+09:00,514.0,514.0,513.0,513.0,46200,0.0,0.0
2023-01-17 09:00:00+09:00,512.0,514.0,509.0,512.0,108600,0.0,0.0
2023-01-17 10:00:00+09:00,513.0,513.0,509.0,510.0,55100,0.0,0.0
2023-01-17 11:00:00+09:00,511.0,511.0,510.0,510.0,0,0.0,0.0
2023-01-17 12:00:00+09:00,509.0,510.0,509.0,509.0,207300,0.0,0.0
2023-01-17 13:00:00+09:00,510.0,510.0,508.0,509.0,39300,0.0,0.0
2023-01-17 14:00:00+09:00,510.0,511.0,508.0,510.0,72100,0.0,0.0
2023-01-18 09:00:00+09:00,509.0,513.0,505.0,507.0,203300,0.0,0.0
2023-01-18 10:00:00+09:00,506.0,507.0,506.0,506.0,47900,0.0,0.0
2023-01-18 11:00:00+09:00,506.0,507.0,506.0,506.0,0,0.0,0.0
2023-01-18 12:00:00+09:00,510.0,511.0,508.0,511.0,354900,0.0,0.0
2023-01-18 13:00:00+09:00,511.0,511.0,509.0,510.0,14800,0.0,0.0
2023-01-18 14:00:00+09:00,510.0,512.0,509.0,510.0,46600,0.0,0.0
2023-01-19 09:00:00+09:00,509.0,512.0,506.0,506.0,98400,0.0,0.0
2023-01-19 10:00:00+09:00,506.0,507.0,504.0,506.0,78700,0.0,0.0
2023-01-19 11:00:00+09:00,506.0,506.0,505.0,506.0,0,0.0,0.0
2023-01-19 12:00:00+09:00,505.0,507.0,505.0,505.0,236800,0.0,0.0
2023-01-19 13:00:00+09:00,505.0,506.0,505.0,505.0,22900,0.0,0.0
2023-01-19 14:00:00+09:00,505.0,506.0,505.0,505.0,36200,0.0,0.0
2023-01-20 09:00:00+09:00,506.0,506.0,503.0,503.0,233600,0.0,0.0
2023-01-20 10:00:00+09:00,503.0,503.0,501.0,501.0,111700,0.0,0.0
2023-01-20 11:00:00+09:00,501.0,503.0,501.0,502.0,0,0.0,0.0
2023-01-20 12:00:00+09:00,502.0,504.0,502.0,503.0,388200,0.0,0.0
2023-01-20 13:00:00+09:00,504.0,505.0,503.0,504.0,57300,0.0,0.0
2023-01-20 14:00:00+09:00,503.0,511.0,503.0,509.0,147300,0.0,0.0
2023-01-23 09:00:00+09:00,511.0,512.0,504.0,506.0,254800,0.0,0.0
2023-01-23 10:00:00+09:00,506.0,508.0,506.0,507.0,56200,0.0,0.0
2023-01-23 11:00:00+09:00,507.0,507.0,506.0,506.0,0,0.0,0.0
2023-01-23 12:00:00+09:00,506.0,510.0,505.0,509.0,477000,0.0,0.0
2023-01-23 13:00:00+09:00,510.0,510.0,506.0,507.0,76100,0.0,0.0
2023-01-23 14:00:00+09:00,506.0,509.0,506.0,509.0,135500,0.0,0.0
2023-01-24 09:00:00+09:00,505.0,507.0,498.0,501.0,439500,0.0,0.0
2023-01-24 10:00:00+09:00,501.0,504.0,500.0,504.0,170400,0.0,0.0
2023-01-24 11:00:00+09:00,504.0,504.0,502.0,503.0,0,0.0,0.0
2023-01-24 12:00:00+09:00,503.0,505.0,503.0,504.0,719700,0.0,0.0
2023-01-24 13:00:00+09:00,504.0,504.0,502.0,503.0,123800,0.0,0.0
2023-01-24 14:00:00+09:00,503.0,505.0,503.0,503.0,121500,0.0,0.0
2023-01-25 09:00:00+09:00,503.0,513.0,501.0,510.0,412900,0.0,0.0
2023-01-25 10:00:00+09:00,511.0,511.0,507.0,507.0,112100,0.0,0.0
2023-01-25 11:00:00+09:00,508.0,509.0,507.0,507.0,0,0.0,0.0
2023-01-25 12:00:00+09:00,507.0,509.0,506.0,509.0,619700,0.0,0.0
2023-01-25 13:00:00+09:00,509.0,510.0,507.0,509.0,51900,0.0,0.0
2023-01-25 14:00:00+09:00,510.0,510.0,508.0,509.0,77700,0.0,0.0
2023-01-26 09:00:00+09:00,511.0,517.0,511.0,512.0,131200,0.0,0.0
2023-01-26 10:00:00+09:00,513.0,514.0,510.0,512.0,65600,0.0,0.0
2023-01-26 11:00:00+09:00,511.0,511.0,510.0,510.0,0,0.0,0.0
2023-01-26 12:00:00+09:00,511.0,511.0,510.0,510.0,217600,0.0,0.0
2023-01-26 13:00:00+09:00,511.0,512.0,510.0,511.0,19900,0.0,0.0
2023-01-26 14:00:00+09:00,512.0,515.0,511.0,512.0,104200,0.0,0.0
2023-01-27 09:00:00+09:00,512.0,518.0,511.0,517.0,117100,0.0,0.0
2023-01-27 10:00:00+09:00,516.0,522.0,515.0,521.0,148800,0.0,0.0
2023-01-27 11:00:00+09:00,521.0,521.0,520.0,521.0,0,0.0,0.0
2023-01-27 12:00:00+09:00,520.0,525.0,520.0,521.0,380100,0.0,0.0
2023-01-27 13:00:00+09:00,521.0,524.0,521.0,523.0,53400,0.0,0.0
2023-01-27 14:00:00+09:00,523.0,525.0,523.0,525.0,94500,0.0,0.0
2023-01-30 09:00:00+09:00,526.0,534.0,526.0,530.0,160300,0.0,0.0
2023-01-30 10:00:00+09:00,531.0,532.0,530.0,531.0,78600,0.0,0.0
2023-01-30 11:00:00+09:00,531.0,531.0,530.0,531.0,0,0.0,0.0
2023-01-30 12:00:00+09:00,531.0,533.0,531.0,532.0,281100,0.0,0.0
2023-01-30 13:00:00+09:00,532.0,532.0,528.0,528.0,116500,0.0,0.0
2023-01-30 14:00:00+09:00,529.0,529.0,527.0,528.0,65700,0.0,0.0
2023-01-31 09:00:00+09:00,537.0,565.0,536.0,558.0,963400,0.0,0.0
2023-01-31 10:00:00+09:00,557.0,558.0,553.0,556.0,165800,0.0,0.0
2023-01-31 11:00:00+09:00,556.0,557.0,544.0,548.0,0,0.0,0.0
2023-01-31 12:00:00+09:00,545.0,545.0,535.0,538.0,1518000,0.0,0.0
2023-01-31 13:00:00+09:00,538.0,539.0,536.0,536.0,117600,0.0,0.0
2023-01-31 14:00:00+09:00,537.0,538.0,534.0,537.0,233400,0.0,0.0
2023-02-01 09:00:00+09:00,532.0,533.0,522.0,525.0,309400,0.0,0.0
2023-02-01 10:00:00+09:00,525.0,531.0,523.0,528.0,117100,0.0,0.0
2023-02-01 11:00:00+09:00,528.0,529.0,527.0,528.0,0,0.0,0.0
2023-02-01 12:00:00+09:00,526.0,529.0,526.0,528.0,537900,0.0,0.0
2023-02-01 13:00:00+09:00,528.0,528.0,525.0,526.0,117600,0.0,0.0
2023-02-01 14:00:00+09:00,525.0,526.0,523.0,523.0,101800,0.0,0.0
2023-02-02 09:00:00+09:00,520.0,535.0,518.0,535.0,187500,0.0,0.0
2023-02-02 10:00:00+09:00,535.0,537.0,534.0,535.0,96900,0.0,0.0
2023-02-02 11:00:00+09:00,535.0,535.0,534.0,535.0,0,0.0,0.0
2023-02-02 12:00:00+09:00,532.0,538.0,532.0,535.0,377200,0.0,0.0
2023-02-02 13:00:00+09:00,534.0,534.0,532.0,532.0,47700,0.0,0.0
2023-02-02 14:00:00+09:00,533.0,533.0,530.0,531.0,78300,0.0,0.0
2023-02-03 09:00:00+09:00,523.0,525.0,517.0,523.0,184900,0.0,0.0
2023-02-03 10:00:00+09:00,523.0,523.0,519.0,520.0,59700,0.0,0.0
2023-02-03 11:00:00+09:00,520.0,520.0,519.0,519.0,0,0.0,0.0
2023-02-03 12:00:00+09:00,518.0,520.0,518.0,519.0,293200,0.0,0.0
2023-02-03 13:00:00+09:00,519.0,519.0,516.0,517.0,77300,0.0,0.0
2023-02-03 14:00:00+09:00,516.0,519.0,516.0,518.0,41000,0.0,0.0
2023-02-06 09:00:00+09:00,521.0,524.0,521.0,521.0,93000,0.0,0.0
2023-02-06 10:00:00+09:00,522.0,522.0,519.0,522.0,38700,0.0,0.0
2023-02-06 11:00:00+09:00,521.0,522.0,520.0,521.0,0,0.0,0.0
2023-02-06 12:00:00+09:00,519.0,521.0,518.0,519.0,186700,0.0,0.0
2023-02-06 13:00:00+09:00,519.0,520.0,517.0,520.0,50400,0.0,0.0
2023-02-06 14:00:00+09:00,520.0,522.0,519.0,521.0,38900,0.0,0.0
2023-02-07 09:00:00+09:00,526.0,538.0,526.0,528.0,164300,0.0,0.0
2023-02-07 10:00:00+09:00,528.0,531.0,526.0,531.0,48600,0.0,0.0
2023-02-07 11:00:00+09:00,530.0,532.0,529.0,531.0,0,0.0,0.0
2023-02-07 12:00:00+09:00,531.0,532.0,529.0,531.0,291100,0.0,0.0
2023-02-07 13:00:00+09:00,532.0,533.0,530.0,531.0,42000,0.0,0.0
2023-02-07 14:00:00+09:00,531.0,532.0,530.0,531.0,31000,0.0,0.0
2023-02-08 09:00:00+09:00,534.0,537.0,530.0,532.0,109100,0.0,0.0
2023-02-08 10:00:00+09:00,532.0,532.0,530.0,532.0,44600,0.0,0.0
2023-02-08 11:00:00+09:00,531.0,531.0,529.0,530.0,0,0.0,0.0
2023-02-08 12:00:00+09:00,530.0,531.0,529.0,530.0,253600,0.0,0.0
2023-02-08 13:00:00+09:00,530.0,532.0,529.0,531.0,33600,0.0,0.0
2023-02-08 14:00:00+09:00,531.0,532.0,530.0,530.0,31400,0.0,0.0
2023-02-09 09:00:00+09:00,529.0,534.0,527.0,534.0,98000,0.0,0.0
2023-02-09 10:00:00+09:00,534.0,535.0,532.0,533.0,35500,0.0,0.0
2023-02-09 11:00:00+09:00,533.0,535.0,533.0,534.0,0,0.0,0.0
2023-02-09 12:00:00+09:00,534.0,535.0,533.0,534.0,194600,0.0,0.0
2023-02-09 13:00:00+09:00,534.0,535.0,533.0,533.0,41500,0.0,0.0
2023-02-09 14:00:00+09:00,533.0,534.0,532.0,533.0,47000,0.0,0.0
2023-02-10 09:00:00+09:00,529.0,535.0,529.0,535.0,84900,0.0,0.0
2023-02-10 10:00:00+09:00,536.0,538.0,535.0,535.0,70000,0.0,0.0
2023-02-10 11:00:00+09:00,535.0,535.0,534.0,535.0,0,0.0,0.0
2023-02-10 12:00:00+09:00,532.0,537.0,532.0,537.0,197900,0.0,0.0
2023-02-10 13:00:00+09:00,537.0,537.0,536.0,537.0,20700,0.0,0.0
2023-02-10 14:00:00+09:00,536.0,536.0,533.0,534.0,66200,0.0,0.0
2023-02-13 09:00:00+09:00,538.0,541.0,535.0,537.0,96200,0.0,0.0
2023-02-13 10:00:00+09:00,537.0,538.0,533.0,538.0,62400,0.0,0.0
2023-02-13 11:00:00+09:00,538.0,538.0,536.0,538.0,0,0.0,0.0
2023-02-13 12:00:00+09:00,538.0,538.0,536.0,537.0,219100,0.0,0.0
2023-02-13 13:00:00+09:00,537.0,537.0,534.0,534.0,27000,0.0,0.0
2023-02-13 14:00:00+09:00,534.0,535.0,532.0,534.0,62200,0.0,0.0
2023-02-14 09:00:00+09:00,537.0,541.0,537.0,540.0,110000,0.0,0.0
2023-02-14 10:00:00+09:00,540.0,541.0,539.0,541.0,21100,0.0,0.0
2023-02-14 11:00:00+09:00,541.0,542.0,541.0,541.0,0,0.0,0.0
2023-02-14 12:00:00+09:00,540.0,542.0,540.0,541.0,184400,0.0,0.0
2023-02-14 13:00:00+09:00,541.0,542.0,540.0,542.0,30000,0.0,0.0
2023-02-14 14:00:00+09:00,541.0,542.0,540.0,541.0,41800,0.0,0.0
2023-02-15 09:00:00+09:00,541.0,543.0,539.0,540.0,78800,0.0,0.0
2023-02-15 10:00:00+09:00,540.0,541.0,540.0,540.0,0,0.0,0.0
2023-02-15 11:00:00+09:00,540.0,541.0,540.0,540.0,0,0.0,0.0
2023-02-15 12:00:00+09:00,540.0,542.0,540.0,542.0,138400,0.0,0.0
2023-02-15 13:00:00+09:00,542.0,542.0,541.0,542.0,7400,0.0,0.0
2023-02-15 14:00:00+09:00,542.0,542.0,540.0,542.0,38000,0.0,0.0
2023-02-16 09:00:00+09:00,544.0,549.0,541.0,549.0,157900,0.0,0.0
2023-02-16 10:00:00+09:00,549.0,551.0,548.0,550.0,78300,0.0,0.0
2023-02-16 11:00:00+09:00,551.0,551.0,549.0,551.0,0,0.0,0.0
2023-02-16 12:00:00+09:00,550.0,552.0,549.0,552.0,306700,0.0,0.0
2023-02-16 13:00:00+09:00,552.0,552.0,550.0,551.0,42300,0.0,0.0
2023-02-16 14:00:00+09:00,551.0,551.0,548.0,550.0,62100,0.0,0.0
2023-02-17 09:00:00+09:00,552.0,555.0,549.0,550.0,139700,0.0,0.0
2023-02-17 10:00:00+09:00,549.0,552.0,549.0,550.0,36400,0.0,0.0
2023-02-17 11:00:00+09:00,550.0,552.0,550.0,551.0,0,0.0,0.0
2023-02-17 12:00:00+09:00,552.0,553.0,551.0,552.0,249500,0.0,0.0
2023-02-17 13:00:00+09:00,553.0,553.0,552.0,553.0,17100,0.0,0.0
2023-02-17 14:00:00+09:00,553.0,554.0,552.0,552.0,48400,0.0,0.0
2023-02-20 09:00:00+09:00,558.0,563.0,556.0,562.0,263200,0.0,0.0
2023-02-20 10:00:00+09:00,562.0,564.0,562.0,563.0,73700,0.0,0.0
2023-02-20 11:00:00+09:00,563.0,564.0,562.0,564.0,0,0.0,0.0
2023-02-20 12:00:00+09:00,564.0,568.0,564.0,567.0,486600,0.0,0.0
2023-02-20 13:00:00+09:00,567.0,572.0,567.0,571.0,98000,0.0,0.0
2023-02-20 14:00:00+09:00,571.0,572.0,569.0,569.0,66600,0.0,0.0
2023-02-21 09:00:00+09:00,571.0,579.0,566.0,573.0,292700,0.0,0.0
2023-02-21 10:00:00+09:00,573.0,573.0,570.0,570.0,52400,0.0,0.0
2023-02-21 11:00:00+09:00,572.0,573.0,571.0,573.0,0,0.0,0.0
2023-02-21 12:00:00+09:00,572.0,577.0,572.0,575.0,446700,0.0,0.0
2023-02-21 13:00:00+09:00,576.0,576.0,573.0,574.0,52400,0.0,0.0
2023-02-21 14:00:00+09:00,574.0,576.0,573.0,575.0,83600,0.0,0.0
2023-02-22 09:00:00+09:00,575.0,577.0,565.0,567.0,230800,0.0,0.0
2023-02-22 10:00:00+09:00,567.0,568.0,563.0,565.0,83200,0.0,0.0
2023-02-22 11:00:00+09:00,565.0,565.0,564.0,564.0,0,0.0,0.0
2023-02-22 12:00:00+09:00,562.0,565.0,562.0,564.0,436100,0.0,0.0
2023-02-22 13:00:00+09:00,565.0,565.0,563.0,564.0,65000,0.0,0.0
2023-02-22 14:00:00+09:00,564.0,567.0,561.0,567.0,170900,0.0,0.0
2023-02-24 09:00:00+09:00,567.0,571.0,564.0,570.0,130000,0.0,0.0
2023-02-24 10:00:00+09:00,570.0,573.0,569.0,571.0,66100,0.0,0.0
2023-02-24 11:00:00+09:00,570.0,570.0,567.0,569.0,0,0.0,0.0
2023-02-24 12:00:00+09:00,569.0,570.0,565.0,566.0,287700,0.0,0.0
2023-02-24 13:00:00+09:00,566.0,566.0,560.0,560.0,110300,0.0,0.0
2023-02-24 14:00:00+09:00,560.0,562.0,560.0,561.0,65100,0.0,0.0
2023-02-27 09:00:00+09:00,554.0,557.0,548.0,551.0,205000,0.0,0.0
2023-02-27 10:00:00+09:00,552.0,554.0,551.0,552.0,42600,0.0,0.0
2023-02-27 11:00:00+09:00,553.0,554.0,551.0,554.0,0,0.0,0.0
2023-02-27 12:00:00+09:00,554.0,556.0,553.0,556.0,320400,0.0,0.0
2023-02-27 13:00:00+09:00,556.0,556.0,554.0,556.0,48300,0.0,0.0
2023-02-27 14:00:00+09:00,556.0,557.0,555.0,556.0,46300,0.0,0.0
2023-02-28 09:00:00+09:00,549.0,552.0,544.0,545.0,205700,0.0,0.0
2023-02-28 10:00:00+09:00,546.0,547.0,544.0,544.0,61700,0.0,0.0
2023-02-28 11:00:00+09:00,545.0,547.0,545.0,546.0,0,0.0,0.0
2023-02-28 12:00:00+09:00,547.0,548.0,546.0,546.0,327800,0.0,0.0
2023-02-28 13:00:00+09:00,546.0,547.0,542.0,543.0,70800,0.0,0.0
2023-02-28 14:00:00+09:00,543.0,544.0,541.0,543.0,111500,0.0,0.0
2023-03-01 09:00:00+09:00,539.0,553.0,538.0,544.0,159600,0.0,0.0
2023-03-01 10:00:00+09:00,543.0,543.0,537.0,539.0,96100,0.0,0.0
2023-03-01 11:00:00+09:00,539.0,541.0,538.0,540.0,0,0.0,0.0
2023-03-01 12:00:00+09:00,542.0,542.0,538.0,538.0,330400,0.0,0.0
2023-03-01 13:00:00+09:00,538.0,540.0,537.0,538.0,53800,0.0,0.0
2023-03-01 14:00:00+09:00,538.0,540.0,538.0,539.0,65500,0.0,0.0
2023-03-02 09:00:00+09:00,543.0,547.0,543.0,545.0,127600,0.0,0.0
2023-03-02 10:00:00+09:00,546.0,546.0,540.0,541.0,68400,0.0,0.0
2023-03-02 11:00:00+09:00,541.0,541.0,538.0,538.0,0,0.0,0.0
2023-03-02 12:00:00+09:00,537.0,537.0,534.0,535.0,312000,0.0,0.0
2023-03-02 13:00:00+09:00,535.0,535.0,534.0,535.0,50200,0.0,0.0
2023-03-02 14:00:00+09:00,534.0,535.0,532.0,533.0,66200,0.0,0.0
2023-03-03 09:00:00+09:00,542.0,542.0,532.0,537.0,129900,0.0,0.0
2023-03-03 10:00:00+09:00,537.0,540.0,537.0,540.0,72400,0.0,0.0
2023-03-03 11:00:00+09:00,539.0,540.0,538.0,540.0,0,0.0,0.0
2023-03-03 12:00:00+09:00,540.0,540.0,536.0,538.0,275700,0.0,0.0
2023-03-03 13:00:00+09:00,538.0,539.0,538.0,538.0,0,0.0,0.0
2023-03-03 14:00:00+09:00,538.0,539.0,536.0,539.0,409300,0.0,0.0
2023-03-06 09:00:00+09:00,585.0,608.0,581.0,606.0,1474900,0.0,0.0
2023-03-06 10:00:00+09:00,607.0,626.0,606.0,608.0,1273600,0.0,0.0
2023-03-06 11:00:00+09:00,609.0,614.0,607.0,612.0,0,0.0,0.0
2023-03-06 12:00:00+09:00,609.0,612.0,597.0,598.0,3648100,0.0,0.0
2023-03-06 13:00:00+09:00,598.0,606.0,593.0,595.0,653100,0.0,0.0
2023-03-06 14:00:00+09:00,595.0,597.0,587.0,591.0,805200,0.0,0.0
2023-03-07 09:00:00+09:00,598.0,611.0,583.0,584.0,961100,0.0,0.0
2023-03-07 10:00:00+09:00,585.0,592.0,584.0,589.0,212700,0.0,0.0
2023-03-07 11:00:00+09:00,589.0,592.0,586.0,587.0,0,0.0,0.0
2023-03-07 12:00:00+09:00,587.0,590.0,586.0,588.0,1491600,0.0,0.0
2023-03-07 13:00:00+09:00,588.0,589.0,585.0,586.0,164900,0.0,0.0
2023-03-07 14:00:00+09:00,586.0,590.0,583.0,583.0,278900,0.0,0.0
2023-03-08 09:00:00+09:00,585.0,596.0,585.0,590.0,348300,0.0,0.0
2023-03-08 10:00:00+09:00,590.0,590.0,582.0,583.0,150400,0.0,0.0
2023-03-08 11:00:00+09:00,583.0,587.0,582.0,587.0,0,0.0,0.0
2023-03-08 12:00:00+09:00,587.0,589.0,586.0,586.0,660700,0.0,0.0
2023-03-08 13:00:00+09:00,586.0,589.0,586.0,588.0,66500,0.0,0.0
2023-03-08 14:00:00+09:00,587.0,590.0,587.0,589.0,114000,0.0,0.0
2023-03-09 09:00:00+09:00,590.0,608.0,589.0,604.0,398700,0.0,0.0
2023-03-09 10:00:00+09:00,605.0,608.0,603.0,605.0,168100,0.0,0.0
2023-03-09 11:00:00+09:00,604.0,606.0,604.0,606.0,0,0.0,0.0
2023-03-09 12:00:00+09:00,605.0,605.0,599.0,600.0,721700,0.0,0.0
2023-03-09 13:00:00+09:00,599.0,602.0,597.0,597.0,79800,0.0,0.0
2023-03-09 14:00:00+09:00,597.0,601.0,597.0,599.0,153500,0.0,0.0
2023-03-10 09:00:00+09:00,594.0,599.0,592.0,598.0,367600,0.0,0.0
2023-03-10 10:00:00+09:00,598.0,604.0,598.0,602.0,62000,0.0,0.0
2023-03-10 11:00:00+09:00,602.0,604.0,602.0,602.0,0,0.0,0.0
2023-03-10 12:00:00+09:00,604.0,608.0,604.0,606.0,644600,0.0,0.0
2023-03-10 13:00:00+09:00,605.0,609.0,604.0,604.0,118900,0.0,0.0
2023-03-10 14:00:00+09:00,604.0,606.0,604.0,605.0,74800,0.0,0.0
2023-03-13 09:00:00+09:00,602.0,606.0,590.0,592.0,308100,0.0,0.0
2023-03-13 10:00:00+09:00,592.0,592.0,587.0,589.0,219500,0.0,0.0
2023-03-13 11:00:00+09:00,589.0,590.0,587.0,587.0,0,0.0,0.0
2023-03-13 12:00:00+09:00,589.0,594.0,588.0,590.0,632000,0.0,0.0
2023-03-13 13:00:00+09:00,590.0,593.0,590.0,592.0,78300,0.0,0.0
2023-03-13 14:00:00+09:00,592.0,594.0,590.0,593.0,82300,0.0,0.0
2023-03-14 09:00:00+09:00,583.0,590.0,574.0,581.0,340700,0.0,0.0
2023-03-14 10:00:00+09:00,582.0,584.0,577.0,579.0,79700,0.0,0.0
2023-03-14 11:00:00+09:00,579.0,585.0,579.0,585.0,0,0.0,0.0
2023-03-14 12:00:00+09:00,586.0,591.0,585.0,587.0,551300,0.0,0.0
2023-03-14 13:00:00+09:00,587.0,588.0,586.0,586.0,63000,0.0,0.0
2023-03-14 14:00:00+09:00,586.0,588.0,584.0,587.0,74800,0.0,0.0
2023-03-15 09:00:00+09:00,590.0,596.0,585.0,595.0,151400,0.0,0.0
2023-03-15 10:00:00+09:00,595.0,601.0,595.0,600.0,83000,0.0,0.0
2023-03-15 11:00:00+09:00,600.0,601.0,598.0,599.0,0,0.0,0.0
2023-03-15 12:00:00+09:00,599.0,602.0,599.0,599.0,321300,0.0,0.0
2023-03-15 13:00:00+09:00,600.0,601.0,599.0,599.0,33400,0.0,0.0
2023-03-15 14:00:00+09:00,599.0,602.0,598.0,601.0,106200,0.0,0.0
2023-03-16 09:00:00+09:00,592.0,601.0,583.0,599.0,332000,0.0,0.0
2023-03-16 10:00:00+09:00,600.0,608.0,600.0,605.0,210600,0.0,0.0
2023-03-16 11:00:00+09:00,605.0,607.0,604.0,606.0,0,0.0,0.0
2023-03-16 12:00:00+09:00,604.0,609.0,603.0,607.0,687700,0.0,0.0
2023-03-16 13:00:00+09:00,607.0,609.0,606.0,609.0,75800,0.0,0.0
2023-03-16 14:00:00+09:00,609.0,610.0,607.0,608.0,171400,0.0,0.0
2023-03-17 09:00:00+09:00,610.0,617.0,603.0,611.0,394400,0.0,0.0
2023-03-17 10:00:00+09:00,611.0,613.0,609.0,610.0,85400,0.0,0.0
2023-03-17 11:00:00+09:00,610.0,612.0,609.0,609.0,0,0.0,0.0
2023-03-17 12:00:00+09:00,610.0,612.0,609.0,609.0,613100,0.0,0.0
2023-03-17 13:00:00+09:00,609.0,610.0,606.0,609.0,100000,0.0,0.0
2023-03-17 14:00:00+09:00,608.0,610.0,606.0,606.0,148200,0.0,0.0
2023-03-20 09:00:00+09:00,600.0,600.0,590.0,594.0,239800,0.0,0.0
2023-03-20 10:00:00+09:00,593.0,598.0,588.0,590.0,224600,0.0,0.0
2023-03-20 11:00:00+09:00,591.0,591.0,589.0,591.0,0,0.0,0.0
2023-03-20 12:00:00+09:00,589.0,591.0,587.0,589.0,542200,0.0,0.0
2023-03-20 13:00:00+09:00,589.0,595.0,589.0,595.0,70600,0.0,0.0
2023-03-20 14:00:00+09:00,595.0,597.0,595.0,595.0,71800,0.0,0.0
2023-03-22 09:00:00+09:00,601.0,602.0,589.0,589.0,225600,0.0,0.0
2023-03-22 10:00:00+09:00,588.0,591.0,586.0,591.0,101400,0.0,0.0
2023-03-22 11:00:00+09:00,591.0,594.0,591.0,593.0,0,0.0,0.0
2023-03-22 12:00:00+09:00,592.0,596.0,592.0,595.0,469800,0.0,0.0
2023-03-22 13:00:00+09:00,595.0,595.0,590.0,591.0,62200,0.0,0.0
2023-03-22 14:00:00+09:00,591.0,592.0,589.0,590.0,69900,0.0,0.0
2023-03-23 09:00:00+09:00,585.0,586.0,580.0,580.0,143300,0.0,0.0
2023-03-23 10:00:00+09:00,581.0,585.0,580.0,584.0,82200,0.0,0.0
2023-03-23 11:00:00+09:00,585.0,586.0,585.0,586.0,0,0.0,0.0
2023-03-23 12:00:00+09:00,587.0,589.0,587.0,589.0,271800,0.0,0.0
2023-03-23 13:00:00+09:00,589.0,589.0,587.0,588.0,37800,0.0,0.0
2023-03-23 14:00:00+09:00,588.0,591.0,587.0,590.0,76100,0.0,0.0
2023-03-24 09:00:00+09:00,589.0,597.0,589.0,594.0,203300,0.0,0.0
2023-03-24 10:00:00+09:00,595.0,596.0,593.0,595.0,42800,0.0,0.0
2023-03-24 11:00:00+09:00,596.0,596.0,594.0,594.0,0,0.0,0.0
2023-03-24 12:00:00+09:00,594.0,595.0,593.0,593.0,299900,0.0,0.0
2023-03-24 13:00:00+09:00,593.0,595.0,592.0,594.0,33800,0.0,0.0
2023-03-24 14:00:00+09:00,594.0,600.0,594.0,599.0,138200,0.0,0.0
2023-03-27 09:00:00+09:00,604.0,604.0,595.0,596.0,139800,0.0,0.0
2023-03-27 10:00:00+09:00,595.0,595.0,592.0,592.0,69500,0.0,0.0
2023-03-27 11:00:00+09:00,592.0,593.0,590.0,590.0,0,0.0,0.0
2023-03-27 12:00:00+09:00,591.0,592.0,589.0,591.0,306300,0.0,0.0
2023-03-27 13:00:00+09:00,590.0,590.0,588.0,590.0,57400,0.0,0.0
2023-03-27 14:00:00+09:00,590.0,590.0,586.0,587.0,78000,0.0,0.0
2023-03-28 09:00:00+09:00,587.0,587.0,572.0,573.0,281400,0.0,0.0
2023-03-28 10:00:00+09:00,573.0,581.0,573.0,580.0,105000,0.0,0.0
2023-03-28 11:00:00+09:00,580.0,581.0,579.0,580.0,0,0.0,0.0
2023-03-28 12:00:00+09:00,579.0,583.0,578.0,581.0,482800,0.0,0.0
2023-03-28 13:00:00+09:00,581.0,588.0,580.0,585.0,90800,0.0,0.0
2023-03-28 14:00:00+09:00,585.0,588.0,585.0,586.0,85800,0.0,0.0
2023-03-29 09:00:00+09:00,590.0,597.0,590.0,596.0,198300,0.0,0.0
2023-03-29 10:00:00+09:00,595.0,596.0,592.0,593.0,69300,0.0,0.0
2023-03-29 11:00:00+09:00,593.0,593.0,593.0,593.0,0,0.0,0.0
2023-03-29 12:00:00+09:00,594.0,594.0,592.0,593.0,324600,0.0,0.0
2023-03-29 13:00:00+09:00,593.0,594.0,592.0,593.0,39400,0.0,0.0
2023-03-29 14:00:00+09:00,593.0,595.0,592.0,594.0,100000,0.0,0.0
2023-03-30 09:00:00+09:00,597.0,601.0,591.0,594.0,101100,0.0,0.0
2023-03-30 10:00:00+09:00,594.0,596.0,593.0,594.0,57600,0.0,0.0
2023-03-30 11:00:00+09:00,595.0,596.0,593.0,595.0,0,0.0,0.0
2023-03-30 12:00:00+09:00,595.0,598.0,594.0,596.0,242700,0.0,0.0
2023-03-30 13:00:00+09:00,596.0,597.0,594.0,594.0,24200,0.0,0.0
2023-03-30 14:00:00+09:00,594.0,597.0,594.0,595.0,58300,0.0,0.0
2023-03-31 09:00:00+09:00,598.0,604.0,593.0,593.0,112600,0.0,0.0
2023-03-31 10:00:00+09:00,593.0,595.0,592.0,594.0,43200,0.0,0.0
2023-03-31 11:00:00+09:00,594.0,596.0,594.0,596.0,0,0.0,0.0
2023-03-31 12:00:00+09:00,596.0,599.0,595.0,599.0,196800,0.0,0.0
2023-03-31 13:00:00+09:00,598.0,599.0,595.0,595.0,0,0.0,0.0
2023-03-31 14:00:00+09:00,595.0,595.0,593.0,595.0,281300,0.0,0.0
2023-04-03 09:00:00+09:00,598.0,603.0,596.0,599.0,133300,0.0,0.0
2023-04-03 10:00:00+09:00,600.0,601.0,599.0,599.0,31500,0.0,0.0
2023-04-03 11:00:00+09:00,598.0,599.0,598.0,598.0,0,0.0,0.0
2023-04-03 12:00:00+09:00,600.0,602.0,599.0,601.0,213400,0.0,0.0
2023-04-03 13:00:00+09:00,601.0,603.0,600.0,601.0,55000,0.0,0.0
2023-04-03 14:00:00+09:00,601.0,603.0,601.0,603.0,39000,0.0,0.0
2023-04-04 09:00:00+09:00,600.0,604.0,599.0,604.0,100100,0.0,0.0
2023-04-04 10:00:00+09:00,604.0,616.0,604.0,612.0,189200,0.0,0.0
2023-04-04 11:00:00+09:00,612.0,614.0,612.0,614.0,0,0.0,0.0
2023-04-04 12:00:00+09:00,614.0,615.0,607.0,607.0,408300,0.0,0.0
2023-04-04 13:00:00+09:00,608.0,611.0,607.0,610.0,41900,0.0,0.0
2023-04-04 14:00:00+09:00,610.0,613.0,609.0,613.0,97400,0.0,0.0
2023-04-05 09:00:00+09:00,612.0,614.0,607.0,611.0,197400,0.0,0.0
2023-04-05 10:00:00+09:00,611.0,611.0,607.0,610.0,84400,0.0,0.0
2023-04-05 11:00:00+09:00,609.0,611.0,609.0,611.0,0,0.0,0.0
2023-04-05 12:00:00+09:00,611.0,615.0,610.0,615.0,415800,0.0,0.0
2023-04-05 13:00:00+09:00,615.0,615.0,613.0,613.0,74300,0.0,0.0
2023-04-05 14:00:00+09:00,612.0,613.0,609.0,609.0,100400,0.0,0.0
2023-04-06 09:00:00+09:00,612.0,625.0,610.0,622.0,349400,0.0,0.0
2023-04-06 10:00:00+09:00,622.0,625.0,620.0,624.0,136400,0.0,0.0
2023-04-06 11:00:00+09:00,624.0,624.0,620.0,623.0,0,0.0,0.0
2023-04-06 12:00:00+09:00,622.0,627.0,617.0,618.0,697500,0.0,0.0
2023-04-06 13:00:00+09:00,618.0,618.0,615.0,617.0,44200,0.0,0.0
2023-04-06 14:00:00+09:00,617.0,617.0,615.0,615.0,60000,0.0,0.0
2023-04-07 09:00:00+09:00,613.0,616.0,605.0,607.0,172200,0.0,0.0
2023-04-07 10:00:00+09:00,607.0,611.0,606.0,610.0,38700,0.0,0.0
2023-04-07 11:00:00+09:00,611.0,611.0,610.0,610.0,0,0.0,0.0
2023-04-07 12:00:00+09:00,609.0,609.0,605.0,605.0,251900,0.0,0.0
2023-04-07 13:00:00+09:00,606.0,607.0,604.0,606.0,47400,0.0,0.0
2023-04-07 14:00:00+09:00,606.0,610.0,606.0,608.0,75500,0.0,0.0
2023-04-10 09:00:00+09:00,615.0,626.0,615.0,619.0,141800,0.0,0.0
2023-04-10 10:00:00+09:00,620.0,620.0,616.0,617.0,38600,0.0,0.0
2023-04-10 11:00:00+09:00,617.0,619.0,617.0,619.0,0,0.0,0.0
2023-04-10 12:00:00+09:00,620.0,620.0,617.0,619.0,210700,0.0,0.0
2023-04-10 13:00:00+09:00,619.0,619.0,618.0,618.0,23300,0.0,0.0
2023-04-10 14:00:00+09:00,617.0,620.0,616.0,620.0,48500,0.0,0.0
2023-04-11 09:00:00+09:00,619.0,623.0,618.0,620.0,90800,0.0,0.0
2023-04-11 10:00:00+09:00,620.0,625.0,620.0,625.0,51100,0.0,0.0
2023-04-11 11:00:00+09:00,625.0,626.0,622.0,623.0,0,0.0,0.0
2023-04-11 12:00:00+09:00,623.0,625.0,622.0,622.0,205400,0.0,0.0
2023-04-11 13:00:00+09:00,623.0,625.0,622.0,624.0,46200,0.0,0.0
2023-04-11 14:00:00+09:00,624.0,625.0,623.0,624.0,50700,0.0,0.0
2023-04-12 09:00:00+09:00,626.0,629.0,621.0,625.0,196700,0.0,0.0
2023-04-12 10:00:00+09:00,625.0,627.0,625.0,626.0,43300,0.0,0.0
2023-04-12 11:00:00+09:00,626.0,628.0,626.0,628.0,0,0.0,0.0
2023-04-12 12:00:00+09:00,627.0,627.0,625.0,625.0,277500,0.0,0.0
2023-04-12 13:00:00+09:00,625.0,627.0,625.0,625.0,49600,0.0,0.0
2023-04-12 14:00:00+09:00,625.0,626.0,623.0,626.0,84400,0.0,0.0
2023-04-13 09:00:00+09:00,627.0,628.0,621.0,627.0,83000,0.0,0.0
2023-04-13 10:00:00+09:00,626.0,626.0,622.0,624.0,39500,0.0,0.0
2023-04-13 11:00:00+09:00,624.0,624.0,622.0,623.0,0,0.0,0.0
2023-04-13 12:00:00+09:00,623.0,625.0,622.0,622.0,235300,0.0,0.0
2023-04-13 13:00:00+09:00,623.0,623.0,622.0,623.0,28400,0.0,0.0
2023-04-13 14:00:00+09:00,623.0,623.0,619.0,619.0,72300,0.0,0.0
2023-04-14 09:00:00+09:00,624.0,627.0,619.0,623.0,109600,0.0,0.0
2023-04-14 10:00:00+09:00,623.0,624.0,622.0,623.0,37000,0.0,0.0
2023-04-14 11:00:00+09:00,622.0,623.0,621.0,623.0,0,0.0,0.0
2023-04-14 12:00:00+09:00,623.0,630.0,623.0,630.0,298300,0.0,0.0
2023-04-14 13:00:00+09:00,629.0,631.0,629.0,630.0,157500,0.0,0.0
2023-04-14 14:00:00+09:00,630.0,632.0,630.0,632.0,101000,0.0,0.0
2023-04-17 09:00:00+09:00,629.0,629.0,620.0,620.0,184000,0.0,0.0
2023-04-17 10:00:00+09:00,621.0,622.0,620.0,621.0,67300,0.0,0.0
2023-04-17 11:00:00+09:00,621.0,622.0,621.0,621.0,0,0.0,0.0
2023-04-17 12:00:00+09:00,622.0,622.0,620.0,621.0,294100,0.0,0.0
2023-04-17 13:00:00+09:00,621.0,621.0,619.0,620.0,42900,0.0,0.0
2023-04-17 14:00:00+09:00,620.0,621.0,618.0,620.0,62000,0.0,0.0
2023-04-18 09:00:00+09:00,622.0,629.0,621.0,628.0,119900,0.0,0.0
2023-04-18 10:00:00+09:00,629.0,630.0,624.0,624.0,55900,0.0,0.0
2023-04-18 11:00:00+09:00,625.0,627.0,624.0,626.0,0,0.0,0.0
2023-04-18 12:00:00+09:00,627.0,627.0,624.0,624.0,250500,0.0,0.0
2023-04-18 13:00:00+09:00,624.0,625.0,623.0,625.0,51000,0.0,0.0
2023-04-18 14:00:00+09:00,625.0,626.0,624.0,626.0,59500,0.0,0.0
2023-04-19 09:00:00+09:00,624.0,625.0,620.0,624.0,192000,0.0,0.0
2023-04-19 10:00:00+09:00,623.0,624.0,622.0,624.0,41100,0.0,0.0
2023-04-19 11:00:00+09:00,624.0,624.0,624.0,624.0,0,0.0,0.0
2023-04-19 12:00:00+09:00,625.0,627.0,624.0,625.0,302400,0.0,0.0
2023-04-19 13:00:00+09:00,624.0,625.0,624.0,625.0,29300,0.0,0.0
2023-04-19 14:00:00+09:00,624.0,627.0,624.0,627.0,60900,0.0,0.0
2023-04-20 09:00:00+09:00,625.0,628.0,624.0,625.0,51400,0.0,0.0
2023-04-20 10:00:00+09:00,624.0,630.0,624.0,629.0,57000,0.0,0.0
2023-04-20 11:00:00+09:00,629.0,629.0,625.0,625.0,0,0.0,0.0
2023-04-20 12:00:00+09:00,625.0,626.0,624.0,624.0,165200,0.0,0.0
2023-04-20 13:00:00+09:00,625.0,626.0,623.0,626.0,34600,0.0,0.0
2023-04-20 14:00:00+09:00,626.0,626.0,622.0,624.0,55200,0.0,0.0
2023-04-21 09:00:00+09:00,625.0,634.0,623.0,632.0,150400,0.0,0.0
2023-04-21 10:00:00+09:00,633.0,635.0,633.0,634.0,62100,0.0,0.0
2023-04-21 11:00:00+09:00,634.0,634.0,632.0,632.0,0,0.0,0.0
2023-04-21 12:00:00+09:00,632.0,638.0,632.0,634.0,397300,0.0,0.0
2023-04-21 13:00:00+09:00,635.0,636.0,633.0,634.0,41000,0.0,0.0
2023-04-21 14:00:00+09:00,634.0,638.0,634.0,638.0,106500,0.0,0.0
2023-04-24 09:00:00+09:00,639.0,641.0,637.0,639.0,120400,0.0,0.0
2023-04-24 10:00:00+09:00,639.0,643.0,638.0,642.0,46000,0.0,0.0
2023-04-24 11:00:00+09:00,643.0,644.0,643.0,643.0,0,0.0,0.0
2023-04-24 12:00:00+09:00,642.0,643.0,636.0,637.0,236700,0.0,0.0
2023-04-24 13:00:00+09:00,637.0,638.0,636.0,637.0,46800,0.0,0.0
2023-04-24 14:00:00+09:00,637.0,639.0,636.0,636.0,55800,0.0,0.0
2023-04-25 09:00:00+09:00,640.0,648.0,638.0,639.0,185400,0.0,0.0
2023-04-25 10:00:00+09:00,640.0,643.0,640.0,641.0,51100,0.0,0.0
2023-04-25 11:00:00+09:00,640.0,640.0,637.0,638.0,0,0.0,0.0
2023-04-25 12:00:00+09:00,640.0,642.0,639.0,641.0,319900,0.0,0.0
2023-04-25 13:00:00+09:00,641.0,642.0,640.0,640.0,33400,0.0,0.0
2023-04-25 14:00:00+09:00,639.0,640.0,638.0,640.0,49800,0.0,0.0
2023-04-26 09:00:00+09:00,639.0,646.0,636.0,646.0,114800,0.0,0.0
2023-04-26 10:00:00+09:00,646.0,646.0,642.0,644.0,31600,0.0,0.0
2023-04-26 11:00:00+09:00,643.0,643.0,640.0,641.0,0,0.0,0.0
2023-04-26 12:00:00+09:00,639.0,642.0,634.0,634.0,263400,0.0,0.0
2023-04-26 13:00:00+09:00,634.0,635.0,632.0,634.0,44700,0.0,0.0
2023-04-26 14:00:00+09:00,635.0,638.0,635.0,637.0,99700,0.0,0.0
2023-04-27 09:00:00+09:00,638.0,638.0,628.0,633.0,132300,0.0,0.0
2023-04-27 10:00:00+09:00,632.0,634.0,631.0,634.0,41800,0.0,0.0
2023-04-27 11:00:00+09:00,633.0,634.0,632.0,633.0,0,0.0,0.0
2023-04-27 12:00:00+09:00,632.0,633.0,629.0,629.0,243300,0.0,0.0
2023-04-27 13:00:00+09:00,629.0,634.0,629.0,634.0,43500,0.0,0.0
2023-04-27 14:00:00+09:00,634.0,636.0,633.0,636.0,81100,0.0,0.0
2023-04-28 09:00:00+09:00,646.0,652.0,634.0,641.0,522600,0.0,0.0
2023-04-28 10:00:00+09:00,641.0,641.0,629.0,636.0,221500,0.0,0.0
2023-04-28 11:00:00+09:00,635.0,637.0,634.0,635.0,0,0.0,0.0
2023-04-28 12:00:00+09:00,637.0,648.0,637.0,644.0,918200,0.0,0.0
2023-04-28 13:00:00+09:00,644.0,647.0,638.0,638.0,117400,0.0,0.0
2023-04-28 14:00:00+09:00,639.0,639.0,632.0,632.0,175000,0.0,0.0
2023-05-01 09:00:00+09:00,641.0,653.0,639.0,641.0,377300,0.0,0.0
2023-05-01 10:00:00+09:00,642.0,648.0,640.0,646.0,161700,0.0,0.0
2023-05-01 11:00:00+09:00,645.0,647.0,644.0,644.0,0,0.0,0.0
2023-05-01 12:00:00+09:00,644.0,647.0,642.0,643.0,618900,0.0,0.0
2023-05-01 13:00:00+09:00,643.0,645.0,642.0,643.0,55400,0.0,0.0
2023-05-01 14:00:00+09:00,643.0,646.0,643.0,646.0,85000,0.0,0.0
2023-05-02 09:00:00+09:00,646.0,652.0,641.0,650.0,311900,0.0,0.0
2023-05-02 10:00:00+09:00,648.0,648.0,645.0,646.0,43400,0.0,0.0
2023-05-02 11:00:00+09:00,645.0,646.0,643.0,644.0,0,0.0,0.0
2023-05-02 12:00:00+09:00,643.0,648.0,643.0,647.0,420200,0.0,0.0
2023-05-02 13:00:00+09:00,647.0,649.0,646.0,648.0,49600,0.0,0.0
2023-05-02 14:00:00+09:00,648.0,649.0,646.0,647.0,56100,0.0,0.0
2023-05-08 09:00:00+09:00,650.0,670.0,648.0,658.0,473300,0.0,0.0
2023-05-08 10:00:00+09:00,657.0,661.0,656.0,658.0,90200,0.0,0.0
2023-05-08 11:00:00+09:00,659.0,659.0,657.0,659.0,0,0.0,0.0
2023-05-08 12:00:00+09:00,657.0,658.0,656.0,658.0,642900,0.0,0.0
2023-05-08 13:00:00+09:00,658.0,661.0,657.0,659.0,84900,0.0,0.0
2023-05-08 14:00:00+09:00,658.0,662.0,658.0,662.0,104500,0.0,0.0
2023-05-09 09:00:00+09:00,662.0,665.0,660.0,665.0,77200,0.0,0.0
2023-05-09 10:00:00+09:00,664.0,667.0,664.0,666.0,44000,0.0,0.0
2023-05-09 11:00:00+09:00,667.0,668.0,666.0,667.0,0,0.0,0.0
2023-05-09 12:00:00+09:00,669.0,671.0,669.0,670.0,254800,0.0,0.0
2023-05-09 13:00:00+09:00,671.0,676.0,670.0,675.0,231200,0.0,0.0
2023-05-09 14:00:00+09:00,675.0,676.0,674.0,676.0,72400,0.0,0.0
2023-05-10 09:00:00+09:00,680.0,684.0,671.0,671.0,229800,0.0,0.0
2023-05-10 10:00:00+09:00,672.0,674.0,666.0,667.0,61300,0.0,0.0
2023-05-10 11:00:00+09:00,667.0,668.0,666.0,668.0,0,0.0,0.0
2023-05-10 12:00:00+09:00,668.0,668.0,665.0,667.0,354700,0.0,0.0
2023-05-10 13:00:00+09:00,666.0,669.0,666.0,668.0,43600,0.0,0.0
2023-05-10 14:00:00+09:00,668.0,670.0,666.0,669.0,46700,0.0,0.0
2023-05-11 09:00:00+09:00,669.0,676.0,669.0,671.0,0,0.0,0.0
2023-05-11 10:00:00+09:00,671.0,672.0,668.0,668.0,127100,0.0,0.0
2023-05-11 11:00:00+09:00,668.0,669.0,667.0,669.0,0,0.0,0.0
2023-05-11 12:00:00+09:00,668.0,669.0,661.0,661.0,335700,0.0,0.0
2023-05-11 13:00:00+09:00,661.0,661.0,657.0,660.0,123100,0.0,0.0
2023-05-11 14:00:00+09:00,660.0,660.0,653.0,656.0,235300,0.0,0.0
2023-05-12 09:00:00+09:00,660.0,666.0,657.0,665.0,221600,0.0,0.0
2023-05-12 10:00:00+09:00,664.0,664.0,661.0,663.0,68600,0.0,0.0
2023-05-12 11:00:00+09:00,662.0,662.0,661.0,662.0,0,0.0,0.0
2023-05-12 12:00:00+09:00,662.0,669.0,662.0,667.0,429900,0.0,0.0
2023-05-12 13:00:00+09:00,667.0,667.0,664.0,667.0,99700,0.0,0.0
2023-05-12 14:00:00+09:00,668.0,669.0,667.0,669.0,93100,0.0,0.0
2023-05-15 09:00:00+09:00,678.0,678.0,671.0,676.0,0,0.0,0.0
2023-05-15 10:00:00+09:00,676.0,688.0,675.0,687.0,147100,0.0,0.0
2023-05-15 11:00:00+09:00,687.0,688.0,685.0,687.0,0,0.0,0.0
2023-05-15 12:00:00+09:00,687.0,688.0,684.0,687.0,428000,0.0,0.0
2023-05-15 13:00:00+09:00,687.0,687.0,685.0,686.0,63100,0.0,0.0
2023-05-15 14:00:00+09:00,687.0,690.0,685.0,689.0,152600,0.0,0.0
2023-05-16 09:00:00+09:00,695.0,696.0,688.0,695.0,179600,0.0,0.0
2023-05-16 10:00:00+09:00,694.0,729.0,694.0,726.0,810600,0.0,0.0
2023-05-16 11:00:00+09:00,726.0,726.0,715.0,717.0,0,0.0,0.0
2023-05-16 12:00:00+09:00,723.0,723.0,717.0,720.0,1325000,0.0,0.0
2023-05-16 13:00:00+09:00,721.0,723.0,716.0,720.0,179300,0.0,0.0
2023-05-16 14:00:00+09:00,720.0,720.0,714.0,719.0,157200,0.0,0.0
2023-05-17 09:00:00+09:00,738.0,766.0,737.0,750.0,1251900,0.0,0.0
2023-05-17 10:00:00+09:00,748.0,752.0,745.0,748.0,215600,0.0,0.0
2023-05-17 11:00:00+09:00,748.0,748.0,735.0,738.0,0,0.0,0.0
2023-05-17 12:00:00+09:00,737.0,738.0,729.0,729.0,1883800,0.0,0.0
2023-05-17 13:00:00+09:00,730.0,733.0,728.0,731.0,120900,0.0,0.0
2023-05-17 14:00:00+09:00,731.0,738.0,731.0,735.0,184900,0.0,0.0
2023-05-18 09:00:00+09:00,737.0,737.0,706.0,709.0,897300,0.0,0.0
2023-05-18 10:00:00+09:00,709.0,715.0,708.0,713.0,93100,0.0,0.0
2023-05-18 11:00:00+09:00,713.0,713.0,708.0,709.0,0,0.0,0.0
2023-05-18 12:00:00+09:00,708.0,712.0,705.0,709.0,1210300,0.0,0.0
2023-05-18 13:00:00+09:00,709.0,709.0,704.0,705.0,165700,0.0,0.0
2023-05-18 14:00:00+09:00,705.0,706.0,701.0,702.0,264000,0.0,0.0
2023-05-19 09:00:00+09:00,701.0,712.0,701.0,702.0,245200,0.0,0.0
2023-05-19 10:00:00+09:00,702.0,705.0,701.0,703.0,68900,0.0,0.0
2023-05-19 11:00:00+09:00,703.0,705.0,702.0,702.0,0,0.0,0.0
2023-05-19 12:00:00+09:00,702.0,702.0,694.0,696.0,561500,0.0,0.0
2023-05-19 13:00:00+09:00,696.0,698.0,691.0,697.0,161300,0.0,0.0
2023-05-19 14:00:00+09:00,697.0,703.0,697.0,701.0,125400,0.0,0.0
2023-05-22 09:00:00+09:00,700.0,717.0,698.0,713.0,0,0.0,0.0
2023-05-22 10:00:00+09:00,713.0,713.0,710.0,713.0,50700,0.0,0.0
2023-05-22 11:00:00+09:00,713.0,715.0,711.0,713.0,0,0.0,0.0
2023-05-22 12:00:00+09:00,714.0,714.0,706.0,709.0,450600,0.0,0.0
2023-05-22 13:00:00+09:00,708.0,711.0,707.0,709.0,32400,0.0,0.0
2023-05-22 14:00:00+09:00,710.0,710.0,707.0,709.0,65700,0.0,0.0
2023-05-23 09:00:00+09:00,714.0,721.0,706.0,719.0,308200,0.0,0.0
2023-05-23 10:00:00+09:00,719.0,720.0,715.0,715.0,73000,0.0,0.0
2023-05-23 11:00:00+09:00,717.0,718.0,716.0,717.0,0,0.0,0.0
2023-05-23 12:00:00+09:00,716.0,719.0,715.0,716.0,484500,0.0,0.0
2023-05-23 13:00:00+09:00,716.0,716.0,709.0,713.0,112500,0.0,0.0
2023-05-23 14:00:00+09:00,713.0,716.0,712.0,716.0,79100,0.0,0.0
2023-05-24 09:00:00+09:00,730.0,758.0,728.0,752.0,634400,0.0,0.0
2023-05-24 10:00:00+09:00,752.0,754.0,748.0,751.0,147200,0.0,0.0
2023-05-24 11:00:00+09:00,751.0,756.0,751.0,752.0,0,0.0,0.0
2023-05-24 12:00:00+09:00,753.0,765.0,752.0,763.0,1103800,0.0,0.0
2023-05-24 13:00:00+09:00,763.0,765.0,760.0,760.0,161500,0.0,0.0
2023-05-24 14:00:00+09:00,759.0,760.0,744.0,746.0,191200,0.0,0.0
2023-05-25 09:00:00+09:00,740.0,751.0,733.0,748.0,260300,0.0,0.0
2023-05-25 10:00:00+09:00,748.0,749.0,745.0,749.0,70500,0.0,0.0
2023-05-25 11:00:00+09:00,750.0,755.0,750.0,753.0,0,0.0,0.0
2023-05-25 12:00:00+09:00,756.0,757.0,752.0,757.0,470600,0.0,0.0
2023-05-25 13:00:00+09:00,756.0,756.0,752.0,753.0,69900,0.0,0.0
2023-05-25 14:00:00+09:00,753.0,760.0,753.0,759.0,126300,0.0,0.0
2023-05-26 09:00:00+09:00,752.0,752.0,740.0,748.0,206500,0.0,0.0
2023-05-26 10:00:00+09:00,749.0,749.0,743.0,743.0,69200,0.0,0.0
2023-05-26 11:00:00+09:00,743.0,743.0,741.0,743.0,0,0.0,0.0
2023-05-26 12:00:00+09:00,741.0,742.0,737.0,742.0,442700,0.0,0.0
2023-05-26 13:00:00+09:00,742.0,742.0,739.0,741.0,50800,0.0,0.0
2023-05-26 14:00:00+09:00,741.0,744.0,737.0,738.0,137700,0.0,0.0
2023-05-29 09:00:00+09:00,736.0,743.0,727.0,743.0,216200,0.0,0.0
2023-05-29 10:00:00+09:00,742.0,752.0,741.0,749.0,135600,0.0,0.0
2023-05-29 11:00:00+09:00,749.0,750.0,744.0,744.0,0,0.0,0.0
2023-05-29 12:00:00+09:00,743.0,746.0,743.0,744.0,432600,0.0,0.0
2023-05-29 13:00:00+09:00,744.0,749.0,742.0,748.0,96700,0.0,0.0
2023-05-29 14:00:00+09:00,747.0,747.0,743.0,744.0,75200,0.0,0.0
2023-05-30 09:00:00+09:00,739.0,750.0,737.0,747.0,206200,0.0,0.0
2023-05-30 10:00:00+09:00,748.0,756.0,748.0,754.0,135200,0.0,0.0
2023-05-30 11:00:00+09:00,754.0,758.0,754.0,756.0,0,0.0,0.0
2023-05-30 12:00:00+09:00,755.0,761.0,754.0,760.0,491500,0.0,0.0
2023-05-30 13:00:00+09:00,759.0,771.0,759.0,770.0,198200,0.0,0.0
2023-05-30 14:00:00+09:00,770.0,774.0,768.0,769.0,186000,0.0,0.0
2023-05-31 09:00:00+09:00,770.0,788.0,769.0,781.0,521000,0.0,0.0
2023-05-31 10:00:00+09:00,780.0,780.0,775.0,776.0,201000,0.0,0.0
2023-05-31 11:00:00+09:00,776.0,778.0,773.0,775.0,0,0.0,0.0
2023-05-31 12:00:00+09:00,774.0,782.0,774.0,779.0,873300,0.0,0.0
2023-05-31 13:00:00+09:00,779.0,782.0,775.0,779.0,131000,0.0,0.0
2023-05-31 14:00:00+09:00,779.0,784.0,779.0,779.0,221200,0.0,0.0
2023-06-01 09:00:00+09:00,770.0,771.0,755.0,770.0,463800,0.0,0.0
2023-06-01 10:00:00+09:00,768.0,774.0,766.0,766.0,113100,0.0,0.0
2023-06-01 11:00:00+09:00,766.0,767.0,765.0,767.0,0,0.0,0.0
2023-06-01 12:00:00+09:00,767.0,776.0,767.0,776.0,708500,0.0,0.0
2023-06-01 13:00:00+09:00,776.0,778.0,773.0,775.0,141400,0.0,0.0
2023-06-01 14:00:00+09:00,775.0,777.0,774.0,776.0,209200,0.0,0.0
2023-06-02 09:00:00+09:00,778.0,786.0,776.0,777.0,175000,0.0,0.0
2023-06-02 10:00:00+09:00,778.0,783.0,777.0,782.0,98300,0.0,0.0
2023-06-02 11:00:00+09:00,782.0,786.0,781.0,785.0,0,0.0,0.0
2023-06-02 12:00:00+09:00,782.0,784.0,776.0,780.0,475200,0.0,0.0
2023-06-02 13:00:00+09:00,779.0,779.0,770.0,772.0,171200,0.0,0.0
2023-06-02 14:00:00+09:00,772.0,775.0,768.0,771.0,221400,0.0,0.0
2023-06-05 09:00:00+09:00,759.0,773.0,755.9000244140625,764.4000244140625,311600,0.0,0.0
2023-06-05 10:00:00+09:00,764.5,764.7000122070312,756.2999877929688,757.7999877929688,480600,0.0,0.0
2023-06-05 11:00:00+09:00,757.5,757.9000244140625,753.2000122070312,755.0999755859375,0,0.0,0.0
2023-06-05 12:00:00+09:00,755.0,761.5,752.7999877929688,758.2999877929688,3088700,0.0,0.0
2023-06-05 13:00:00+09:00,757.7000122070312,761.4000244140625,750.2999877929688,753.2000122070312,337500,0.0,0.0
2023-06-05 14:00:00+09:00,753.2000122070312,753.9000244140625,728.9000244140625,730.2000122070312,1018800,0.0,0.0
2023-06-06 09:00:00+09:00,731.4000244140625,747.2000122070312,731.0,743.2000122070312,497000,0.0,0.0
2023-06-06 10:00:00+09:00,743.0,747.0999755859375,738.4000244140625,740.5999755859375,156300,0.0,0.0
2023-06-06 11:00:00+09:00,741.0,743.2000122070312,740.2999877929688,741.0999755859375,0,0.0,0.0
2023-06-06 12:00:00+09:00,740.5,740.5,735.4000244140625,738.0999755859375,899600,0.0,0.0
2023-06-06 13:00:00+09:00,737.7999877929688,738.5,733.0999755859375,735.0999755859375,171600,0.0,0.0
2023-06-06 14:00:00+09:00,734.5999755859375,735.2999877929688,731.0999755859375,733.9000244140625,224600,0.0,0.0
2023-06-07 09:00:00+09:00,735.7999877929688,763.2000122070312,735.0,757.0,653300,0.0,0.0
2023-06-07 10:00:00+09:00,757.5,763.2000122070312,752.2999877929688,761.5999755859375,311200,0.0,0.0
2023-06-07 11:00:00+09:00,761.5999755859375,763.0,759.9000244140625,760.2000122070312,0,0.0,0.0
2023-06-07 12:00:00+09:00,762.2000122070312,780.0,762.0999755859375,773.2999877929688,1540200,0.0,0.0
2023-06-07 13:00:00+09:00,773.2999877929688,777.7000122070312,763.2000122070312,769.2000122070312,338800,0.0,0.0
2023-06-07 14:00:00+09:00,769.2000122070312,769.9000244140625,758.0999755859375,759.5,298700,0.0,0.0
2023-06-08 09:00:00+09:00,765.7000122070312,777.5999755859375,765.0999755859375,773.5,294500,0.0,0.0
2023-06-08 10:00:00+09:00,773.2000122070312,782.0,772.7000122070312,775.5,167800,0.0,0.0
2023-06-08 11:00:00+09:00,775.0,777.5,772.5,773.2999877929688,0,0.0,0.0
2023-06-08 12:00:00+09:00,773.9000244140625,777.7000122070312,770.7000122070312,771.0,655200,0.0,0.0
2023-06-08 13:00:00+09:00,771.5999755859375,772.0,763.9000244140625,766.0,283700,0.0,0.0
2023-06-08 14:00:00+09:00,765.5,769.2000122070312,764.9000244140625,767.5999755859375,169000,0.0,0.0
2023-06-09 09:00:00+09:00,782.0999755859375,800.0,770.0,797.9000244140625,939100,0.0,0.0
2023-06-09 10:00:00+09:00,798.0,808.0,796.2000122070312,796.5,474800,0.0,0.0
2023-06-09 11:00:00+09:00,796.2000122070312,799.2999877929688,794.4000244140625,799.2000122070312,0,0.0,0.0
2023-06-09 12:00:00+09:00,797.4000244140625,801.5,797.2000122070312,799.9000244140625,1641900,0.0,0.0
2023-06-09 13:00:00+09:00,799.5999755859375,802.0,797.0,798.7000122070312,218100,0.0,0.0
2023-06-09 14:00:00+09:00,798.7000122070312,803.7000122070312,798.2999877929688,802.0999755859375,194900,0.0,0.0
2023-06-12 09:00:00+09:00,809.4000244140625,812.0,797.0999755859375,804.7999877929688,423400,0.0,0.0
2023-06-12 10:00:00+09:00,803.5999755859375,812.0,803.0999755859375,807.0,119200,0.0,0.0
2023-06-12 11:00:00+09:00,806.2999877929688,806.7999877929688,803.4000244140625,806.4000244140625,0,0.0,0.0
2023-06-12 12:00:00+09:00,806.4000244140625,809.5999755859375,803.9000244140625,809.0999755859375,699700,0.0,0.0
2023-06-12 13:00:00+09:00,809.0,815.7000122070312,809.0,811.9000244140625,171300,0.0,0.0
2023-06-12 14:00:00+09:00,812.0999755859375,814.2999877929688,811.2000122070312,814.2999877929688,119300,0.0,0.0
2023-06-13 09:00:00+09:00,810.0,814.2999877929688,802.5,802.5,243800,0.0,0.0
2023-06-13 10:00:00+09:00,802.0999755859375,809.0999755859375,802.0999755859375,803.0,115300,0.0,0.0
2023-06-13 11:00:00+09:00,803.5999755859375,805.4000244140625,800.0999755859375,804.4000244140625,0,0.0,0.0
2023-06-13 12:00:00+09:00,804.0,808.0,803.2999877929688,808.0,510400,0.0,0.0
2023-06-13 13:00:00+09:00,808.0,809.0,803.4000244140625,808.5,122300,0.0,0.0
2023-06-13 14:00:00+09:00,808.4000244140625,809.2999877929688,801.2000122070312,803.0999755859375,161800,0.0,0.0
2023-06-14 09:00:00+09:00,797.0,802.9000244140625,791.2999877929688,800.0,265100,0.0,0.0
2023-06-14 10:00:00+09:00,800.0,800.9000244140625,783.2000122070312,786.2000122070312,217100,0.0,0.0
2023-06-14 11:00:00+09:00,787.4000244140625,789.2999877929688,782.0,783.2999877929688,0,0.0,0.0
2023-06-14 12:00:00+09:00,781.0999755859375,781.5999755859375,772.5,780.4000244140625,826800,0.0,0.0
2023-06-14 13:00:00+09:00,780.7999877929688,783.0,778.2999877929688,781.2999877929688,121300,0.0,0.0
2023-06-14 14:00:00+09:00,781.4000244140625,784.2999877929688,780.2000122070312,782.5,119800,0.0,0.0
2023-06-15 09:00:00+09:00,775.0,780.0999755859375,770.0999755859375,771.0,199800,0.0,0.0
2023-06-15 10:00:00+09:00,771.0,775.7999877929688,767.7000122070312,773.5,156500,0.0,0.0
2023-06-15 11:00:00+09:00,773.5,774.7999877929688,771.0,771.9000244140625,0,0.0,0.0
2023-06-15 12:00:00+09:00,772.5,772.5999755859375,766.0,770.7999877929688,544900,0.0,0.0
2023-06-15 13:00:00+09:00,770.4000244140625,771.0,761.4000244140625,768.0,253000,0.0,0.0
2023-06-15 14:00:00+09:00,768.4000244140625,769.2999877929688,763.7000122070312,765.7000122070312,125600,0.0,0.0
2023-06-16 09:00:00+09:00,762.2999877929688,777.9000244140625,758.2999877929688,772.7999877929688,286300,0.0,0.0
2023-06-16 10:00:00+09:00,773.0,776.2000122070312,765.0,765.0999755859375,121700,0.0,0.0
2023-06-16 11:00:00+09:00,765.5999755859375,768.0,763.0999755859375,763.5,0,0.0,0.0
2023-06-16 12:00:00+09:00,765.4000244140625,769.4000244140625,763.5,765.0999755859375,555900,0.0,0.0
2023-06-16 13:00:00+09:00,765.4000244140625,766.5,757.9000244140625,759.5999755859375,138800,0.0,0.0
2023-06-16 14:00:00+09:00,759.7999877929688,760.2000122070312,757.5,759.2000122070312,187500,0.0,0.0
2023-06-19 09:00:00+09:00,773.0,779.9000244140625,762.0999755859375,768.4000244140625,430200,0.0,0.0
2023-06-19 10:00:00+09:00,767.7999877929688,770.2000122070312,765.5999755859375,766.5,93400,0.0,0.0
2023-06-19 11:00:00+09:00,765.9000244140625,765.9000244140625,763.5,764.2000122070312,0,0.0,0.0
2023-06-19 12:00:00+09:00,765.0999755859375,768.7999877929688,764.0999755859375,766.2000122070312,679700,0.0,0.0
2023-06-19 13:00:00+09:00,766.0,769.9000244140625,764.7000122070312,766.5999755859375,70900,0.0,0.0
2023-06-19 14:00:00+09:00,766.5999755859375,767.0,762.7999877929688,765.2999877929688,170300,0.0,0.0
2023-06-20 09:00:00+09:00,765.9000244140625,771.4000244140625,762.2000122070312,767.0,196500,0.0,0.0
2023-06-20 10:00:00+09:00,767.2000122070312,767.2999877929688,763.0999755859375,764.5,88900,0.0,0.0
2023-06-20 11:00:00+09:00,764.9000244140625,766.2999877929688,758.4000244140625,761.9000244140625,0,0.0,0.0
2023-06-20 12:00:00+09:00,761.9000244140625,762.0,758.0999755859375,758.5999755859375,433900,0.0,0.0
2023-06-20 13:00:00+09:00,758.5999755859375,761.5,758.0,761.2999877929688,88000,0.0,0.0
2023-06-20 14:00:00+09:00,761.5999755859375,762.5,758.7999877929688,760.2000122070312,124300,0.0,0.0
2023-06-21 09:00:00+09:00,757.5,763.5999755859375,755.0999755859375,761.7000122070312,158100,0.0,0.0
2023-06-21 10:00:00+09:00,761.4000244140625,768.4000244140625,759.0999755859375,764.2000122070312,106700,0.0,0.0
2023-06-21 11:00:00+09:00,764.2000122070312,766.0999755859375,763.5999755859375,764.5,0,0.0,0.0
2023-06-21 12:00:00+09:00,765.2000122070312,765.7000122070312,759.0,759.0,369000,0.0,0.0
2023-06-21 13:00:00+09:00,759.0999755859375,760.0,756.9000244140625,759.0999755859375,62400,0.0,0.0
2023-06-21 14:00:00+09:00,759.0999755859375,760.7999877929688,758.0,759.5999755859375,83400,0.0,0.0
2023-06-22 09:00:00+09:00,762.2000122070312,772.5,760.4000244140625,765.5999755859375,187400,0.0,0.0
2023-06-22 10:00:00+09:00,766.0,771.0,766.0,769.9000244140625,63400,0.0,0.0
2023-06-22 11:00:00+09:00,770.2999877929688,773.5,769.5,771.5,0,0.0,0.0
2023-06-22 12:00:00+09:00,772.7999877929688,773.0,765.2000122070312,766.0999755859375,360500,0.0,0.0
2023-06-22 13:00:00+09:00,766.7000122070312,766.7999877929688,762.5,766.7999877929688,69700,0.0,0.0
2023-06-22 14:00:00+09:00,767.0,769.9000244140625,766.5,769.0999755859375,100800,0.0,0.0
2023-06-23 09:00:00+09:00,773.9000244140625,794.4000244140625,772.0,786.5,428100,0.0,0.0
2023-06-23 10:00:00+09:00,786.0,786.7999877929688,766.0,771.2000122070312,217500,0.0,0.0
2023-06-23 11:00:00+09:00,771.4000244140625,772.5,768.0999755859375,768.0999755859375,0,0.0,0.0
2023-06-23 12:00:00+09:00,768.7000122070312,769.5999755859375,765.0,767.5999755859375,742400,0.0,0.0
2023-06-23 13:00:00+09:00,767.2999877929688,772.5999755859375,766.5999755859375,771.7999877929688,76100,0.0,0.0
2023-06-23 14:00:00+09:00,771.7000122070312,774.4000244140625,770.0999755859375,774.4000244140625,104900,0.0,0.0
2023-06-26 09:00:00+09:00,771.0999755859375,774.0,746.0999755859375,752.4000244140625,0,0.0,0.0
2023-06-26 10:00:00+09:00,752.0,761.0999755859375,750.0,761.0,72600,0.0,0.0
2023-06-26 11:00:00+09:00,761.0999755859375,764.2000122070312,760.7000122070312,762.2000122070312,0,0.0,0.0
2023-06-26 12:00:00+09:00,764.7999877929688,766.2999877929688,755.7999877929688,756.2000122070312,600200,0.0,0.0
2023-06-26 13:00:00+09:00,757.0,760.7999877929688,757.0,759.7000122070312,74500,0.0,0.0
2023-06-26 14:00:00+09:00,759.7000122070312,761.0,756.7999877929688,757.4000244140625,99600,0.0,0.0
2023-06-27 09:00:00+09:00,758.0,765.5999755859375,755.0,755.0,115700,0.0,0.0
2023-06-27 10:00:00+09:00,755.7999877929688,757.7999877929688,751.5,753.7999877929688,117400,0.0,0.0
2023-06-27 11:00:00+09:00,754.4000244140625,757.2000122070312,751.9000244140625,756.0999755859375,0,0.0,0.0
2023-06-27 12:00:00+09:00,755.7000122070312,760.2999877929688,755.2999877929688,758.5999755859375,295100,0.0,0.0
2023-06-27 13:00:00+09:00,758.9000244140625,760.7000122070312,756.5,760.7000122070312,71900,0.0,0.0
2023-06-27 14:00:00+09:00,760.7000122070312,760.7000122070312,755.0999755859375,758.7000122070312,108500,0.0,0.0
2023-06-28 09:00:00+09:00,756.0,761.0,753.0999755859375,758.7999877929688,130700,0.0,0.0
2023-06-28 10:00:00+09:00,759.0,765.5999755859375,757.5999755859375,763.4000244140625,79200,0.0,0.0
2023-06-28 11:00:00+09:00,763.2000122070312,768.7000122070312,763.2000122070312,768.5999755859375,0,0.0,0.0
2023-06-28 12:00:00+09:00,770.5,777.5999755859375,770.5,776.2000122070312,394300,0.0,0.0
2023-06-28 13:00:00+09:00,776.5,778.4000244140625,775.7000122070312,778.2000122070312,153100,0.0,0.0
2023-06-28 14:00:00+09:00,778.2999877929688,782.0,778.2000122070312,782.0,179600,0.0,0.0
2023-06-29 09:00:00+09:00,772.0,773.5,765.4000244140625,768.7999877929688,0,0.0,0.0
2023-06-29 10:00:00+09:00,769.4000244140625,776.4000244140625,767.0999755859375,773.7999877929688,54500,0.0,0.0
2023-06-29 11:00:00+09:00,773.2000122070312,773.2000122070312,769.2000122070312,770.7000122070312,0,0.0,0.0
2023-06-29 12:00:00+09:00,770.0,770.9000244140625,766.0999755859375,769.4000244140625,261200,0.0,0.0
2023-06-29 13:00:00+09:00,768.7999877929688,772.0999755859375,767.5,771.5,42100,0.0,0.0
2023-06-29 14:00:00+09:00,771.7999877929688,773.7000122070312,770.2999877929688,772.5999755859375,81000,0.0,0.0
2023-06-30 09:00:00+09:00,770.9000244140625,775.4000244140625,765.7000122070312,771.5999755859375,124500,0.0,0.0
2023-06-30 10:00:00+09:00,771.0999755859375,772.5,767.7000122070312,769.7000122070312,73800,0.0,0.0
2023-06-30 11:00:00+09:00,769.7000122070312,771.2000122070312,768.2000122070312,771.2000122070312,0,0.0,0.0
2023-06-30 12:00:00+09:00,769.0,773.0,769.0,771.7999877929688,292600,0.0,0.0
2023-06-30 13:00:00+09:00,771.2999877929688,775.2000122070312,768.9000244140625,775.2000122070312,81100,0.0,0.0
2023-06-30 14:00:00+09:00,775.2999877929688,777.7999877929688,773.7999877929688,775.0999755859375,154200,0.0,0.0
2023-07-03 09:00:00+09:00,775.2000122070312,782.7999877929688,773.0,782.0999755859375,0,0.0,0.0
2023-07-03 10:00:00+09:00,782.5,786.5,781.0999755859375,786.2000122070312,156800,0.0,0.0
2023-07-03 11:00:00+09:00,785.7999877929688,790.2000122070312,784.9000244140625,788.7000122070312,0,0.0,0.0
2023-07-03 12:00:00+09:00,789.0,792.2000122070312,787.7000122070312,788.9000244140625,503500,0.0,0.0
2023-07-03 13:00:00+09:00,788.7000122070312,791.5999755859375,788.0999755859375,790.2000122070312,112100,0.0,0.0
2023-07-03 14:00:00+09:00,789.9000244140625,796.5999755859375,789.9000244140625,794.0999755859375,172500,0.0,0.0
2023-07-04 09:00:00+09:00,791.2000122070312,791.2000122070312,778.5999755859375,780.9000244140625,193000,0.0,0.0
2023-07-04 10:00:00+09:00,780.2999877929688,781.9000244140625,778.2999877929688,779.0,85400,0.0,0.0
2023-07-04 11:00:00+09:00,779.0999755859375,782.0,779.0999755859375,782.0,0,0.0,0.0
2023-07-04 12:00:00+09:00,781.0,782.2000122070312,780.0,781.5999755859375,328000,0.0,0.0
2023-07-04 13:00:00+09:00,781.5,782.0,777.7999877929688,779.0999755859375,74700,0.0,0.0
2023-07-04 14:00:00+09:00,778.7999877929688,781.5,778.0999755859375,780.5999755859375,117700,0.0,0.0
2023-07-05 09:00:00+09:00,781.5999755859375,791.0,781.5999755859375,787.9000244140625,139200,0.0,0.0
2023-07-05 10:00:00+09:00,787.9000244140625,789.0999755859375,785.4000244140625,787.2999877929688,65200,0.0,0.0
2023-07-05 11:00:00+09:00,787.7000122070312,788.0,785.7999877929688,787.7000122070312,0,0.0,0.0
2023-07-05 12:00:00+09:00,787.9000244140625,791.5,787.7000122070312,790.5,291500,0.0,0.0
2023-07-05 13:00:00+09:00,790.5999755859375,791.4000244140625,789.7000122070312,791.0999755859375,48000,0.0,0.0
2023-07-05 14:00:00+09:00,791.0,791.7999877929688,789.0999755859375,791.0999755859375,56000,0.0,0.0
2023-07-06 09:00:00+09:00,789.0,791.7999877929688,778.5,789.2000122070312,215800,0.0,0.0
2023-07-06 10:00:00+09:00,789.0,789.0,785.5999755859375,786.2000122070312,31200,0.0,0.0
2023-07-06 11:00:00+09:00,785.5,786.7999877929688,785.0,786.0,0,0.0,0.0
2023-07-06 12:00:00+09:00,783.2999877929688,785.9000244140625,781.5999755859375,785.5,332700,0.0,0.0
2023-07-06 13:00:00+09:00,785.0,785.7999877929688,783.4000244140625,785.2000122070312,42200,0.0,0.0
2023-07-06 14:00:00+09:00,785.5999755859375,786.0,783.0999755859375,786.0,68200,0.0,0.0
2023-07-07 09:00:00+09:00,780.7999877929688,780.9000244140625,766.0,776.7000122070312,263700,0.0,0.0
2023-07-07 10:00:00+09:00,776.5999755859375,778.9000244140625,773.7000122070312,774.2999877929688,92600,0.0,0.0
2023-07-07 11:00:00+09:00,774.2999877929688,775.2000122070312,771.7000122070312,772.2999877929688,0,0.0,0.0
2023-07-07 12:00:00+09:00,770.7000122070312,774.9000244140625,770.0,771.2999877929688,445400,0.0,0.0
2023-07-07 13:00:00+09:00,771.0,771.2999877929688,769.0,770.5999755859375,103700,0.0,0.0
2023-07-07 14:00:00+09:00,770.4000244140625,770.7999877929688,766.2000122070312,767.0999755859375,180800,0.0,0.0
2023-07-10 09:00:00+09:00,768.5,777.7999877929688,761.7999877929688,768.0,186900,0.0,0.0
2023-07-10 10:00:00+09:00,767.7000122070312,768.7999877929688,763.0999755859375,763.5999755859375,63900,0.0,0.0
2023-07-10 11:00:00+09:00,763.5,764.9000244140625,762.5,762.5,0,0.0,0.0
2023-07-10 12:00:00+09:00,762.5,763.2999877929688,761.0999755859375,761.5999755859375,345100,0.0,0.0
2023-07-10 13:00:00+09:00,761.9000244140625,768.2999877929688,760.4000244140625,766.0,75500,0.0,0.0
2023-07-10 14:00:00+09:00,766.2999877929688,767.5,761.2000122070312,762.0999755859375,136200,0.0,0.0
2023-07-11 09:00:00+09:00,755.0999755859375,758.7000122070312,747.2999877929688,750.5,306400,0.0,0.0
2023-07-11 10:00:00+09:00,751.0,751.7999877929688,742.7999877929688,743.9000244140625,149800,0.0,0.0
2023-07-11 11:00:00+09:00,743.7999877929688,746.0,743.4000244140625,744.2000122070312,0,0.0,0.0
2023-07-11 12:00:00+09:00,744.2000122070312,745.5,740.5999755859375,742.2999877929688,601900,0.0,0.0
2023-07-11 13:00:00+09:00,742.9000244140625,743.0999755859375,740.0,741.7999877929688,116500,0.0,0.0
2023-07-11 14:00:00+09:00,741.7000122070312,744.9000244140625,740.0,744.4000244140625,157100,0.0,0.0
2023-07-12 09:00:00+09:00,742.7000122070312,746.9000244140625,729.0999755859375,738.2000122070312,401300,0.0,0.0
2023-07-12 10:00:00+09:00,737.7999877929688,738.2000122070312,728.2000122070312,730.7000122070312,128400,0.0,0.0
2023-07-12 11:00:00+09:00,730.2999877929688,730.7999877929688,726.7000122070312,726.7000122070312,0,0.0,0.0
2023-07-12 12:00:00+09:00,726.0,728.5,724.5,727.7000122070312,683800,0.0,0.0
2023-07-12 13:00:00+09:00,728.0,729.0,725.0999755859375,726.2000122070312,82000,0.0,0.0
2023-07-12 14:00:00+09:00,726.2999877929688,729.7999877929688,725.2999877929688,727.7999877929688,154900,0.0,0.0
2023-07-13 09:00:00+09:00,723.9000244140625,727.5,714.5,726.2999877929688,239500,0.0,0.0
2023-07-13 10:00:00+09:00,726.2999877929688,726.7999877929688,722.5,726.2000122070312,63800,0.0,0.0
2023-07-13 11:00:00+09:00,726.2000122070312,730.0999755859375,725.7999877929688,729.7999877929688,0,0.0,0.0
2023-07-13 12:00:00+09:00,729.7000122070312,733.7000122070312,729.5,733.7000122070312,419800,0.0,0.0
2023-07-13 13:00:00+09:00,733.5999755859375,733.7999877929688,729.7999877929688,730.2000122070312,48100,0.0,0.0
2023-07-13 14:00:00+09:00,730.2000122070312,733.2000122070312,730.0,732.7000122070312,89500,0.0,0.0
2023-07-14 09:00:00+09:00,731.2999877929688,733.7000122070312,711.2999877929688,715.7999877929688,244200,0.0,0.0
2023-07-14 10:00:00+09:00,716.9000244140625,719.4000244140625,713.7000122070312,716.5999755859375,105100,0.0,0.0
2023-07-14 11:00:00+09:00,716.5,719.2999877929688,715.5,717.0999755859375,0,0.0,0.0
2023-07-14 12:00:00+09:00,717.0,719.0,715.2000122070312,716.7000122070312,459200,0.0,0.0
2023-07-14 13:00:00+09:00,716.5999755859375,716.5999755859375,712.7000122070312,713.4000244140625,82100,0.0,0.0
2023-07-14 14:00:00+09:00,713.7999877929688,715.5,712.4000244140625,713.2000122070312,131800,0.0,0.0
2023-07-18 09:00:00+09:00,700.0,721.5999755859375,699.0,720.5,398400,0.0,0.0
2023-07-18 10:00:00+09:00,719.5999755859375,723.2000122070312,715.7999877929688,717.2000122070312,76400,0.0,0.0
2023-07-18 11:00:00+09:00,716.2000122070312,717.9000244140625,715.0,717.9000244140625,0,0.0,0.0
2023-07-18 12:00:00+09:00,717.0,721.4000244140625,717.0,718.5,573100,0.0,0.0
2023-07-18 13:00:00+09:00,719.2000122070312,721.0999755859375,717.5999755859375,719.5999755859375,66900,0.0,0.0
2023-07-18 14:00:00+09:00,719.4000244140625,722.0,718.0999755859375,721.2000122070312,106100,0.0,0.0
2023-07-19 09:00:00+09:00,724.0,729.0,719.5999755859375,723.7000122070312,157800,0.0,0.0
2023-07-19 10:00:00+09:00,724.7999877929688,729.9000244140625,723.9000244140625,729.9000244140625,69700,0.0,0.0
2023-07-19 11:00:00+09:00,729.9000244140625,730.0,726.7999877929688,727.7000122070312,0,0.0,0.0
2023-07-19 12:00:00+09:00,727.7000122070312,728.0,722.2000122070312,724.0999755859375,287800,0.0,0.0
2023-07-19 13:00:00+09:00,723.9000244140625,729.0999755859375,723.9000244140625,728.4000244140625,35800,0.0,0.0
2023-07-19 14:00:00+09:00,728.2999877929688,731.9000244140625,726.9000244140625,730.9000244140625,93200,0.0,0.0
2023-07-20 09:00:00+09:00,734.5,742.0,731.4000244140625,741.5,149700,0.0,0.0
2023-07-20 10:00:00+09:00,741.7000122070312,742.7000122070312,738.2999877929688,741.7000122070312,82100,0.0,0.0
2023-07-20 11:00:00+09:00,741.5,746.0,741.4000244140625,743.9000244140625,0,0.0,0.0
2023-07-20 12:00:00+09:00,743.7999877929688,746.0,743.2000122070312,744.2000122070312,384400,0.0,0.0
2023-07-20 13:00:00+09:00,744.2999877929688,745.0,740.5999755859375,742.7999877929688,61700,0.0,0.0
2023-07-20 14:00:00+09:00,742.7999877929688,747.0,742.2999877929688,746.0999755859375,88200,0.0,0.0
2023-07-21 09:00:00+09:00,756.0,769.9000244140625,753.4000244140625,767.7999877929688,449000,0.0,0.0
2023-07-21 10:00:00+09:00,767.2999877929688,774.4000244140625,763.7999877929688,772.9000244140625,111700,0.0,0.0
2023-07-21 11:00:00+09:00,772.5999755859375,775.9000244140625,772.2999877929688,775.0,0,0.0,0.0
2023-07-21 12:00:00+09:00,775.5999755859375,779.0,772.9000244140625,777.9000244140625,731300,0.0,0.0
2023-07-21 13:00:00+09:00,777.9000244140625,778.9000244140625,772.9000244140625,777.2000122070312,118500,0.0,0.0
2023-07-21 14:00:00+09:00,777.5999755859375,778.5999755859375,772.5999755859375,777.7999877929688,251800,0.0,0.0
2023-07-24 09:00:00+09:00,785.0,792.7000122070312,777.0999755859375,782.0999755859375,297900,0.0,0.0
2023-07-24 10:00:00+09:00,781.7999877929688,788.4000244140625,781.7000122070312,788.4000244140625,101000,0.0,0.0
2023-07-24 11:00:00+09:00,788.0999755859375,794.0,786.4000244140625,794.0,0,0.0,0.0
2023-07-24 12:00:00+09:00,794.2999877929688,798.9000244140625,791.2999877929688,793.0999755859375,610800,0.0,0.0
2023-07-24 13:00:00+09:00,793.0,795.5,792.0,793.4000244140625,102600,0.0,0.0
2023-07-24 14:00:00+09:00,793.4000244140625,796.5999755859375,792.7000122070312,794.7000122070312,141200,0.0,0.0
2023-07-25 09:00:00+09:00,796.0,810.7000122070312,791.2999877929688,808.5999755859375,501800,0.0,0.0
2023-07-25 10:00:00+09:00,808.2999877929688,813.0,807.2000122070312,811.9000244140625,259600,0.0,0.0
2023-07-25 11:00:00+09:00,811.7999877929688,812.2999877929688,802.5999755859375,803.2999877929688,0,0.0,0.0
2023-07-25 12:00:00+09:00,802.7999877929688,807.9000244140625,802.7999877929688,807.7000122070312,990200,0.0,0.0
2023-07-25 13:00:00+09:00,807.7999877929688,819.7000122070312,806.9000244140625,819.2999877929688,323900,0.0,0.0
2023-07-25 14:00:00+09:00,819.0,832.9000244140625,818.2000122070312,831.2000122070312,431600,0.0,0.0
2023-07-26 09:00:00+09:00,822.2000122070312,848.9000244140625,818.0999755859375,848.2000122070312,635300,0.0,0.0
2023-07-26 10:00:00+09:00,847.9000244140625,868.0,846.7999877929688,867.4000244140625,641100,0.0,0.0
2023-07-26 11:00:00+09:00,867.4000244140625,869.4000244140625,864.0,864.0999755859375,0,0.0,0.0
2023-07-26 12:00:00+09:00,863.0999755859375,865.0,858.5999755859375,861.9000244140625,1664900,0.0,0.0
2023-07-26 13:00:00+09:00,861.9000244140625,861.9000244140625,847.5999755859375,850.4000244140625,255100,0.0,0.0
2023-07-26 14:00:00+09:00,850.5,850.7000122070312,841.9000244140625,845.2999877929688,260700,0.0,0.0
2023-07-27 09:00:00+09:00,848.0,851.9000244140625,836.0,839.4000244140625,278100,0.0,0.0
2023-07-27 10:00:00+09:00,839.4000244140625,848.0999755859375,836.9000244140625,848.0999755859375,141100,0.0,0.0
2023-07-27 11:00:00+09:00,848.0,848.4000244140625,843.4000244140625,848.4000244140625,0,0.0,0.0
2023-07-27 12:00:00+09:00,850.0,859.0,850.0,858.5,687800,0.0,0.0
2023-07-27 13:00:00+09:00,858.5999755859375,866.0999755859375,858.5999755859375,864.7000122070312,351900,0.0,0.0
2023-07-27 14:00:00+09:00,864.7000122070312,871.9000244140625,861.2000122070312,871.7999877929688,400100,0.0,0.0
2023-07-28 09:00:00+09:00,862.0,862.5,833.0,852.9000244140625,818000,0.0,0.0
2023-07-28 10:00:00+09:00,853.7999877929688,861.5,848.2000122070312,859.2999877929688,198600,0.0,0.0
2023-07-28 11:00:00+09:00,859.4000244140625,860.2999877929688,856.9000244140625,856.9000244140625,0,0.0,0.0
2023-07-28 12:00:00+09:00,854.4000244140625,869.9000244140625,854.4000244140625,858.2999877929688,1356600,0.0,0.0
2023-07-28 13:00:00+09:00,857.0999755859375,863.2999877929688,848.4000244140625,863.2999877929688,237600,0.0,0.0
2023-07-28 14:00:00+09:00,862.7999877929688,866.4000244140625,859.4000244140625,860.9000244140625,337800,0.0,0.0
2023-07-31 09:00:00+09:00,880.5999755859375,907.2999877929688,863.4000244140625,884.5,1268300,0.0,0.0
2023-07-31 10:00:00+09:00,884.9000244140625,889.7999877929688,862.2000122070312,868.5999755859375,288200,0.0,0.0
2023-07-31 11:00:00+09:00,868.0,872.9000244140625,867.7000122070312,871.2999877929688,0,0.0,0.0
2023-07-31 12:00:00+09:00,870.2999877929688,879.7000122070312,866.5999755859375,877.0,1882400,0.0,0.0
2023-07-31 13:00:00+09:00,876.9000244140625,880.2000122070312,872.0999755859375,874.0999755859375,228300,0.0,0.0
2023-07-31 14:00:00+09:00,874.0999755859375,877.0,863.5,866.2999877929688,429200,0.0,0.0
2023-08-01 09:00:00+09:00,866.2999877929688,904.2999877929688,860.2999877929688,896.9000244140625,893500,0.0,0.0
2023-08-01 10:00:00+09:00,896.9000244140625,911.0,892.2000122070312,907.0999755859375,524000,0.0,0.0
2023-08-01 11:00:00+09:00,907.2999877929688,915.0,906.2999877929688,913.0999755859375,0,0.0,0.0
2023-08-01 12:00:00+09:00,910.9000244140625,920.7999877929688,906.9000244140625,919.5999755859375,2065500,0.0,0.0
2023-08-01 13:00:00+09:00,919.9000244140625,931.5999755859375,917.2000122070312,921.2000122070312,418200,0.0,0.0
2023-08-01 14:00:00+09:00,921.4000244140625,924.5999755859375,916.4000244140625,921.7999877929688,422600,0.0,0.0
2023-08-02 09:00:00+09:00,908.7999877929688,912.7999877929688,884.0,906.2999877929688,854600,0.0,0.0
2023-08-02 10:00:00+09:00,906.0999755859375,913.4000244140625,903.7000122070312,907.2999877929688,234600,0.0,0.0
2023-08-02 11:00:00+09:00,907.4000244140625,908.0,900.5,902.0,0,0.0,0.0
2023-08-02 12:00:00+09:00,900.0,905.0,894.7999877929688,903.9000244140625,1337900,0.0,0.0
2023-08-02 13:00:00+09:00,904.0,906.9000244140625,896.0,897.5,140000,0.0,0.0
2023-08-02 14:00:00+09:00,897.4000244140625,898.5999755859375,889.5999755859375,891.5999755859375,259700,0.0,0.0
2023-08-03 09:00:00+09:00,885.7999877929688,890.0999755859375,862.0999755859375,867.4000244140625,389400,0.0,0.0
2023-08-03 10:00:00+09:00,867.0999755859375,867.2999877929688,852.7999877929688,859.5999755859375,382500,0.0,0.0
2023-08-03 11:00:00+09:00,858.9000244140625,871.5999755859375,857.5,865.7999877929688,0,0.0,0.0
2023-08-03 12:00:00+09:00,865.7999877929688,865.7999877929688,859.7999877929688,862.4000244140625,961000,0.0,0.0
2023-08-03 13:00:00+09:00,862.5999755859375,866.5,862.0,863.0999755859375,130200,0.0,0.0
2023-08-03 14:00:00+09:00,863.0999755859375,864.2999877929688,857.0,857.5,238300,0.0,0.0
2023-08-04 09:00:00+09:00,858.5999755859375,860.0,846.5,857.4000244140625,293000,0.0,0.0
2023-08-04 10:00:00+09:00,857.4000244140625,857.4000244140625,852.5999755859375,854.4000244140625,95800,0.0,0.0
2023-08-04 11:00:00+09:00,854.5999755859375,855.4000244140625,852.2000122070312,854.0999755859375,0,0.0,0.0
2023-08-04 12:00:00+09:00,853.9000244140625,855.2999877929688,850.0999755859375,851.2999877929688,504600,0.0,0.0
2023-08-04 13:00:00+09:00,851.4000244140625,853.9000244140625,851.0,851.7999877929688,113100,0.0,0.0
2023-08-04 14:00:00+09:00,851.7000122070312,856.7999877929688,850.4000244140625,854.5,168700,0.0,0.0
2023-08-07 09:00:00+09:00,854.0,854.0,837.0,842.2000122070312,198400,0.0,0.0
2023-08-07 10:00:00+09:00,842.0,846.0,839.0,840.7000122070312,94200,0.0,0.0
2023-08-07 11:00:00+09:00,840.9000244140625,842.4000244140625,837.7000122070312,837.7000122070312,0,0.0,0.0
2023-08-07 12:00:00+09:00,837.9000244140625,838.9000244140625,831.9000244140625,834.5,479000,0.0,0.0
2023-08-07 13:00:00+09:00,833.7999877929688,834.2999877929688,829.0999755859375,829.9000244140625,123400,0.0,0.0
2023-08-07 14:00:00+09:00,829.7000122070312,829.7000122070312,825.5,827.2000122070312,154200,0.0,0.0
2023-08-08 09:00:00+09:00,835.2999877929688,846.5,835.0999755859375,844.5,223900,0.0,0.0
2023-08-08 10:00:00+09:00,844.5999755859375,848.0,841.4000244140625,845.5,85100,0.0,0.0
2023-08-08 11:00:00+09:00,845.2999877929688,848.0999755859375,832.9000244140625,834.5999755859375,0,0.0,0.0
2023-08-08 12:00:00+09:00,836.5,843.0,836.0,841.7999877929688,525500,0.0,0.0
2023-08-08 13:00:00+09:00,842.2000122070312,843.4000244140625,837.0999755859375,838.4000244140625,109400,0.0,0.0
2023-08-08 14:00:00+09:00,838.5999755859375,842.7000122070312,837.2000122070312,838.7999877929688,124800,0.0,0.0
2023-08-09 09:00:00+09:00,840.2000122070312,851.7999877929688,836.4000244140625,841.2000122070312,166300,0.0,0.0
2023-08-09 10:00:00+09:00,841.5999755859375,846.5,840.0,840.2999877929688,75800,0.0,0.0
2023-08-09 11:00:00+09:00,840.2000122070312,841.5,840.0999755859375,840.4000244140625,0,0.0,0.0
2023-08-09 12:00:00+09:00,840.9000244140625,840.9000244140625,836.7999877929688,839.2999877929688,329200,0.0,0.0
2023-08-09 13:00:00+09:00,839.7000122070312,842.4000244140625,838.0,839.4000244140625,84900,0.0,0.0
2023-08-09 14:00:00+09:00,839.2000122070312,841.5999755859375,838.9000244140625,840.0999755859375,73900,0.0,0.0
2023-08-10 09:00:00+09:00,850.5999755859375,856.0999755859375,835.2999877929688,838.2999877929688,200900,0.0,0.0
2023-08-10 10:00:00+09:00,837.5999755859375,838.2999877929688,828.7999877929688,831.9000244140625,108100,0.0,0.0
2023-08-10 11:00:00+09:00,831.9000244140625,833.7999877929688,830.0,833.7999877929688,0,0.0,0.0
2023-08-10 12:00:00+09:00,833.9000244140625,833.9000244140625,830.5,832.0999755859375,398300,0.0,0.0
2023-08-10 13:00:00+09:00,832.2999877929688,832.5999755859375,828.2999877929688,830.2000122070312,61800,0.0,0.0
2023-08-10 14:00:00+09:00,830.0,830.2999877929688,827.7000122070312,828.7999877929688,132700,0.0,0.0
2023-08-14 09:00:00+09:00,827.0,835.5999755859375,821.7999877929688,821.7999877929688,140200,0.0,0.0
2023-08-14 10:00:00+09:00,821.9000244140625,825.4000244140625,820.4000244140625,824.2999877929688,142300,0.0,0.0
2023-08-14 11:00:00+09:00,824.5999755859375,825.4000244140625,821.0999755859375,822.4000244140625,0,0.0,0.0
2023-08-14 12:00:00+09:00,822.2000122070312,824.0,812.7999877929688,815.4000244140625,424900,0.0,0.0
2023-08-14 13:00:00+09:00,814.9000244140625,815.0,808.2999877929688,814.2999877929688,291300,0.0,0.0
2023-08-14 14:00:00+09:00,814.2999877929688,820.5,814.2000122070312,818.2999877929688,115000,0.0,0.0
2023-08-15 09:00:00+09:00,815.0999755859375,818.2999877929688,808.7999877929688,814.4000244140625,132200,0.0,0.0
2023-08-15 10:00:00+09:00,814.0,817.5,810.9000244140625,811.7000122070312,99400,0.0,0.0
2023-08-15 11:00:00+09:00,811.0,812.5,809.0999755859375,809.9000244140625,0,0.0,0.0
2023-08-15 12:00:00+09:00,809.9000244140625,813.0999755859375,808.0,813.0999755859375,371600,0.0,0.0
2023-08-15 13:00:00+09:00,812.7000122070312,813.0999755859375,810.7999877929688,812.9000244140625,63500,0.0,0.0
2023-08-15 14:00:00+09:00,812.7999877929688,813.0999755859375,809.2000122070312,810.2000122070312,126600,0.0,0.0
2023-08-16 09:00:00+09:00,806.0,815.2999877929688,804.7999877929688,810.4000244140625,135200,0.0,0.0
2023-08-16 10:00:00+09:00,811.4000244140625,816.2000122070312,808.9000244140625,809.0,56100,0.0,0.0
2023-08-16 11:00:00+09:00,809.5,813.7999877929688,807.7000122070312,813.0,0,0.0,0.0
2023-08-16 12:00:00+09:00,815.7999877929688,824.2999877929688,814.4000244140625,823.0999755859375,366300,0.0,0.0
2023-08-16 13:00:00+09:00,823.2999877929688,827.7000122070312,822.9000244140625,825.2999877929688,132700,0.0,0.0
2023-08-16 14:00:00+09:00,825.2999877929688,826.7000122070312,823.9000244140625,825.0,151100,0.0,0.0
2023-08-17 09:00:00+09:00,825.0999755859375,826.7000122070312,811.2999877929688,813.2999877929688,112700,0.0,0.0
2023-08-17 10:00:00+09:00,812.9000244140625,812.9000244140625,800.5,801.5999755859375,171800,0.0,0.0
2023-08-17 11:00:00+09:00,801.5,803.4000244140625,800.7000122070312,802.2000122070312,0,0.0,0.0
2023-08-17 12:00:00+09:00,806.0,806.0,802.2000122070312,803.2999877929688,516500,0.0,0.0
2023-08-17 13:00:00+09:00,803.2999877929688,807.7999877929688,803.0,807.5999755859375,76800,0.0,0.0
2023-08-17 14:00:00+09:00,807.5999755859375,808.4000244140625,802.4000244140625,806.5999755859375,158600,0.0,0.0
2023-08-18 09:00:00+09:00,798.5,805.0,787.5999755859375,788.7999877929688,298800,0.0,0.0
2023-08-18 10:00:00+09:00,788.2999877929688,793.7000122070312,787.0999755859375,791.0,95600,0.0,0.0
2023-08-18 11:00:00+09:00,791.0,791.2999877929688,787.4000244140625,787.4000244140625,0,0.0,0.0
2023-08-18 12:00:00+09:00,787.7000122070312,789.5999755859375,783.4000244140625,784.5,661900,0.0,0.0
2023-08-18 13:00:00+09:00,784.5,787.5999755859375,782.2000122070312,782.5,90800,0.0,0.0
2023-08-18 14:00:00+09:00,782.5,783.4000244140625,778.4000244140625,781.5,289500,0.0,0.0
2023-08-21 09:00:00+09:00,790.7999877929688,808.4000244140625,790.7999877929688,798.5999755859375,339900,0.0,0.0
2023-08-21 10:00:00+09:00,798.4000244140625,802.2999877929688,793.7999877929688,794.5999755859375,131900,0.0,0.0
2023-08-21 11:00:00+09:00,794.7999877929688,796.7000122070312,793.7000122070312,794.7000122070312,0,0.0,0.0
2023-08-21 12:00:00+09:00,795.0,795.5999755859375,790.7999877929688,794.7999877929688,602200,0.0,0.0
2023-08-21 13:00:00+09:00,794.5999755859375,795.5999755859375,792.2000122070312,795.0999755859375,70300,0.0,0.0
2023-08-21 14:00:00+09:00,795.2999877929688,795.5,791.0999755859375,793.0999755859375,90900,0.0,0.0
2023-08-22 09:00:00+09:00,793.0999755859375,793.7999877929688,782.7000122070312,790.9000244140625,106900,0.0,0.0
2023-08-22 10:00:00+09:00,790.5,793.0,788.0999755859375,790.0,66800,0.0,0.0
2023-08-22 11:00:00+09:00,790.4000244140625,790.9000244140625,786.5,786.5,0,0.0,0.0
2023-08-22 12:00:00+09:00,788.2000122070312,788.4000244140625,784.5999755859375,788.2999877929688,240600,0.0,0.0
2023-08-22 13:00:00+09:00,788.5,791.0999755859375,786.5,790.2000122070312,43000,0.0,0.0
2023-08-22 14:00:00+09:00,790.5,794.9000244140625,790.2999877929688,794.2000122070312,89800,0.0,0.0
2023-08-23 09:00:00+09:00,790.7999877929688,811.7999877929688,790.7999877929688,810.9000244140625,181200,0.0,0.0
2023-08-23 10:00:00+09:00,811.5999755859375,815.5999755859375,810.5999755859375,812.7999877929688,76500,0.0,0.0
2023-08-23 11:00:00+09:00,812.9000244140625,812.9000244140625,806.9000244140625,809.0999755859375,0,0.0,0.0
2023-08-23 12:00:00+09:00,809.0,810.0,805.0,808.7000122070312,348200,0.0,0.0
2023-08-23 13:00:00+09:00,808.7999877929688,809.9000244140625,805.0999755859375,808.2000122070312,55500,0.0,0.0
2023-08-23 14:00:00+09:00,808.4000244140625,809.5,806.5,807.0999755859375,96700,0.0,0.0
2023-08-24 09:00:00+09:00,806.0,817.5,803.0999755859375,814.7000122070312,134800,0.0,0.0
2023-08-24 10:00:00+09:00,815.0999755859375,824.5,815.0999755859375,819.9000244140625,107600,0.0,0.0
2023-08-24 11:00:00+09:00,820.5,822.2999877929688,819.5,820.5999755859375,0,0.0,0.0
2023-08-24 12:00:00+09:00,821.0,824.0,820.4000244140625,823.5,325100,0.0,0.0
2023-08-24 13:00:00+09:00,823.2999877929688,827.0,818.7999877929688,821.2999877929688,121600,0.0,0.0
2023-08-24 14:00:00+09:00,821.2000122070312,823.4000244140625,818.0999755859375,818.2999877929688,87300,0.0,0.0
2023-08-25 09:00:00+09:00,811.2999877929688,814.9000244140625,808.0999755859375,812.5999755859375,147900,0.0,0.0
2023-08-25 10:00:00+09:00,812.7999877929688,813.4000244140625,810.2999877929688,812.0,55000,0.0,0.0
2023-08-25 11:00:00+09:00,812.4000244140625,813.2000122070312,811.0,812.0999755859375,0,0.0,0.0
2023-08-25 12:00:00+09:00,812.2999877929688,818.5999755859375,812.2000122070312,818.5999755859375,288600,0.0,0.0
2023-08-25 13:00:00+09:00,819.0,823.7999877929688,817.5999755859375,818.2000122070312,103500,0.0,0.0
2023-08-25 14:00:00+09:00,818.5,820.5,818.0,818.5999755859375,77800,0.0,0.0
2023-08-28 09:00:00+09:00,823.2999877929688,829.0,818.0,823.2000122070312,124200,0.0,0.0
2023-08-28 10:00:00+09:00,823.2999877929688,827.0,819.5999755859375,824.4000244140625,71100,0.0,0.0
2023-08-28 11:00:00+09:00,823.9000244140625,825.2999877929688,823.2999877929688,824.2999877929688,0,0.0,0.0
2023-08-28 12:00:00+09:00,824.5,825.0,821.0999755859375,824.5999755859375,267500,0.0,0.0
2023-08-28 13:00:00+09:00,824.5999755859375,825.4000244140625,823.0,825.0999755859375,41200,0.0,0.0
2023-08-28 14:00:00+09:00,825.2000122070312,831.9000244140625,824.7999877929688,831.2999877929688,98400,0.0,0.0
2023-08-29 09:00:00+09:00,836.0,856.4000244140625,833.0999755859375,853.5,315200,0.0,0.0
2023-08-29 10:00:00+09:00,853.0,853.0,846.2000122070312,850.0999755859375,109600,0.0,0.0
2023-08-29 11:00:00+09:00,849.9000244140625,850.2999877929688,843.2999877929688,848.0999755859375,0,0.0,0.0
2023-08-29 12:00:00+09:00,848.0999755859375,850.4000244140625,846.5999755859375,850.0999755859375,556300,0.0,0.0
2023-08-29 13:00:00+09:00,850.0,854.2999877929688,848.5999755859375,853.7000122070312,118900,0.0,0.0
2023-08-29 14:00:00+09:00,854.0999755859375,855.9000244140625,849.5,852.7999877929688,206900,0.0,0.0
2023-08-30 09:00:00+09:00,859.7999877929688,860.0,850.0,857.0,320700,0.0,0.0
2023-08-30 10:00:00+09:00,856.5,859.5999755859375,852.5,853.2999877929688,73700,0.0,0.0
2023-08-30 11:00:00+09:00,853.2999877929688,856.0,853.0,853.7999877929688,0,0.0,0.0
2023-08-30 12:00:00+09:00,855.0,859.0,853.2000122070312,858.4000244140625,483200,0.0,0.0
2023-08-30 13:00:00+09:00,858.4000244140625,860.7000122070312,855.7999877929688,856.0999755859375,98200,0.0,0.0
2023-08-30 14:00:00+09:00,855.7999877929688,856.2000122070312,851.2999877929688,855.0999755859375,134000,0.0,0.0
2023-08-31 09:00:00+09:00,858.0,866.0,853.2000122070312,854.5,140400,0.0,0.0
2023-08-31 10:00:00+09:00,854.0999755859375,854.2000122070312,846.5,852.0,129200,0.0,0.0
2023-08-31 11:00:00+09:00,851.9000244140625,853.9000244140625,851.2000122070312,852.2999877929688,0,0.0,0.0
2023-08-31 12:00:00+09:00,852.0999755859375,857.2999877929688,851.7000122070312,854.0,385900,0.0,0.0
2023-08-31 13:00:00+09:00,853.7999877929688,854.4000244140625,848.0,848.2999877929688,77200,0.0,0.0
2023-08-31 14:00:00+09:00,848.2000122070312,850.9000244140625,843.7000122070312,848.0999755859375,202400,0.0,0.0
2023-09-01 09:00:00+09:00,845.2999877929688,845.2999877929688,834.0999755859375,841.9000244140625,322800,0.0,0.0
2023-09-01 10:00:00+09:00,842.2000122070312,845.5,840.0999755859375,844.2999877929688,83500,0.0,0.0
2023-09-01 11:00:00+09:00,843.5,847.0999755859375,843.5,846.5999755859375,0,0.0,0.0
2023-09-01 12:00:00+09:00,847.0,850.2000122070312,844.5,845.7000122070312,521300,0.0,0.0
2023-09-01 13:00:00+09:00,845.7000122070312,847.9000244140625,844.0,846.4000244140625,98400,0.0,0.0
2023-09-01 14:00:00+09:00,846.4000244140625,847.2000122070312,842.4000244140625,844.4000244140625,137500,0.0,0.0
2023-09-04 09:00:00+09:00,845.2999877929688,845.2999877929688,826.0,827.2000122070312,0,0.0,0.0
2023-09-04 10:00:00+09:00,827.0999755859375,829.5999755859375,825.2999877929688,828.4000244140625,203200,0.0,0.0
2023-09-04 11:00:00+09:00,828.4000244140625,828.5,825.7000122070312,825.7999877929688,0,0.0,0.0
2023-09-04 12:00:00+09:00,826.0,826.7000122070312,823.7999877929688,823.7999877929688,849600,0.0,0.0
2023-09-04 13:00:00+09:00,823.7999877929688,824.5999755859375,821.0999755859375,821.9000244140625,162700,0.0,0.0
2023-09-04 14:00:00+09:00,822.0,823.9000244140625,819.5999755859375,823.9000244140625,278500,0.0,0.0
2023-09-05 09:00:00+09:00,824.7999877929688,837.4000244140625,823.4000244140625,826.0,398200,0.0,0.0
2023-09-05 10:00:00+09:00,825.7999877929688,831.5999755859375,825.7999877929688,830.4000244140625,65700,0.0,0.0
2023-09-05 11:00:00+09:00,830.5999755859375,833.2000122070312,829.4000244140625,829.5999755859375,0,0.0,0.0
2023-09-05 12:00:00+09:00,830.0,831.2999877929688,826.4000244140625,829.2000122070312,606700,0.0,0.0
2023-09-05 13:00:00+09:00,829.2000122070312,832.0999755859375,827.7999877929688,831.5,96700,0.0,0.0
2023-09-05 14:00:00+09:00,831.5999755859375,839.0999755859375,831.0,839.0999755859375,196700,0.0,0.0
2023-09-06 09:00:00+09:00,838.2000122070312,839.5,832.0,835.2999877929688,148400,0.0,0.0
2023-09-06 10:00:00+09:00,835.4000244140625,835.5,828.5999755859375,829.2999877929688,88500,0.0,0.0
2023-09-06 11:00:00+09:00,829.2000122070312,829.5999755859375,827.0,828.4000244140625,0,0.0,0.0
2023-09-06 12:00:00+09:00,828.4000244140625,828.4000244140625,826.0,826.7999877929688,355300,0.0,0.0
2023-09-06 13:00:00+09:00,826.9000244140625,827.7000122070312,823.0,823.7999877929688,150400,0.0,0.0
2023-09-06 14:00:00+09:00,823.7999877929688,827.7999877929688,823.2999877929688,827.7999877929688,158400,0.0,0.0
2023-09-07 09:00:00+09:00,826.0,830.4000244140625,820.2999877929688,826.0,160600,0.0,0.0
2023-09-07 10:00:00+09:00,826.4000244140625,830.5,825.5999755859375,826.2000122070312,99200,0.0,0.0
2023-09-07 11:00:00+09:00,826.5999755859375,827.7999877929688,825.2000122070312,827.2000122070312,0,0.0,0.0
2023-09-07 12:00:00+09:00,827.4000244140625,828.7999877929688,825.7000122070312,825.7000122070312,340100,0.0,0.0
2023-09-07 13:00:00+09:00,825.7999877929688,829.0,824.7999877929688,828.2999877929688,58600,0.0,0.0
2023-09-07 14:00:00+09:00,828.5,832.7000122070312,828.2000122070312,831.2999877929688,126000,0.0,0.0
2023-09-08 09:00:00+09:00,830.0999755859375,847.9000244140625,829.0,837.2000122070312,381200,0.0,0.0
2023-09-08 10:00:00+09:00,837.2999877929688,842.5999755859375,837.2999877929688,842.0999755859375,71500,0.0,0.0
2023-09-08 11:00:00+09:00,842.0,842.0999755859375,838.5999755859375,841.2000122070312,0,0.0,0.0
2023-09-08 12:00:00+09:00,841.0999755859375,842.0999755859375,836.7000122070312,836.9000244140625,529600,0.0,0.0
2023-09-08 13:00:00+09:00,836.7000122070312,837.2999877929688,831.9000244140625,832.0,75200,0.0,0.0
2023-09-08 14:00:00+09:00,832.0999755859375,835.0999755859375,830.2999877929688,832.2000122070312,88200,0.0,0.0
2023-09-11 09:00:00+09:00,835.0,845.7000122070312,835.0,836.4000244140625,215100,0.0,0.0
2023-09-11 10:00:00+09:00,836.4000244140625,837.2999877929688,825.5999755859375,827.7000122070312,128100,0.0,0.0
2023-09-11 11:00:00+09:00,827.5999755859375,829.7000122070312,826.7999877929688,828.7000122070312,0,0.0,0.0
2023-09-11 12:00:00+09:00,827.5,831.0,825.5999755859375,826.5999755859375,479300,0.0,0.0
2023-09-11 13:00:00+09:00,826.5999755859375,829.7000122070312,825.2000122070312,828.5,87600,0.0,0.0
2023-09-11 14:00:00+09:00,828.5999755859375,829.5999755859375,824.0,826.0,181600,0.0,0.0
2023-09-12 09:00:00+09:00,828.5999755859375,843.0,828.0999755859375,841.4000244140625,354500,0.0,0.0
2023-09-12 10:00:00+09:00,841.9000244140625,844.4000244140625,838.0999755859375,841.5999755859375,107500,0.0,0.0
2023-09-12 11:00:00+09:00,841.2999877929688,842.9000244140625,839.7000122070312,842.5,0,0.0,0.0
2023-09-12 12:00:00+09:00,842.5,846.0,842.2999877929688,844.0,544300,0.0,0.0
2023-09-12 13:00:00+09:00,844.0,845.0,839.7000122070312,845.0,75000,0.0,0.0
2023-09-12 14:00:00+09:00,844.5999755859375,849.4000244140625,843.5,849.4000244140625,135700,0.0,0.0
2023-09-13 09:00:00+09:00,853.0999755859375,857.9000244140625,848.9000244140625,855.5999755859375,265900,0.0,0.0
2023-09-13 10:00:00+09:00,855.5999755859375,856.2999877929688,851.5999755859375,851.7000122070312,58500,0.0,0.0
2023-09-13 11:00:00+09:00,852.0,853.7000122070312,851.0,851.5999755859375,0,0.0,0.0
2023-09-13 12:00:00+09:00,850.0,851.2000122070312,848.0,849.7000122070312,395600,0.0,0.0
2023-09-13 13:00:00+09:00,849.7000122070312,853.5999755859375,848.2999877929688,852.7000122070312,69900,0.0,0.0
2023-09-13 14:00:00+09:00,852.7000122070312,861.5999755859375,852.2000122070312,861.0,203500,0.0,0.0
2023-09-14 09:00:00+09:00,865.0,874.9000244140625,863.2000122070312,869.0999755859375,285200,0.0,0.0
2023-09-14 10:00:00+09:00,869.9000244140625,876.2000122070312,867.2999877929688,876.0999755859375,123900,0.0,0.0
2023-09-14 11:00:00+09:00,875.7000122070312,879.7999877929688,873.2999877929688,879.7999877929688,0,0.0,0.0
2023-09-14 12:00:00+09:00,879.7999877929688,883.0,875.2000122070312,876.7000122070312,638100,0.0,0.0
2023-09-14 13:00:00+09:00,876.4000244140625,884.5,875.0999755859375,883.7999877929688,123500,0.0,0.0
2023-09-14 14:00:00+09:00,884.0,887.2000122070312,881.4000244140625,881.4000244140625,166700,0.0,0.0
2023-09-15 09:00:00+09:00,885.7999877929688,911.0,885.0,911.0,613700,0.0,0.0
2023-09-15 10:00:00+09:00,911.0,917.2999877929688,909.0999755859375,912.7999877929688,302200,0.0,0.0
2023-09-15 11:00:00+09:00,912.7999877929688,913.4000244140625,908.0999755859375,911.5999755859375,0,0.0,0.0
2023-09-15 12:00:00+09:00,912.0,922.0,911.5,915.4000244140625,1184500,0.0,0.0
2023-09-15 13:00:00+09:00,915.7999877929688,925.4000244140625,915.2999877929688,923.5999755859375,250700,0.0,0.0
2023-09-15 14:00:00+09:00,923.7000122070312,924.2000122070312,912.0,918.7999877929688,346800,0.0,0.0
2023-09-19 09:00:00+09:00,920.0,925.0999755859375,912.0,923.0,0,0.0,0.0
2023-09-19 10:00:00+09:00,922.7999877929688,926.5999755859375,915.2999877929688,918.5,184500,0.0,0.0
2023-09-19 11:00:00+09:00,918.5999755859375,918.5999755859375,907.0,908.7000122070312,0,0.0,0.0
2023-09-19 12:00:00+09:00,908.7000122070312,919.2000122070312,908.0,915.7000122070312,757800,0.0,0.0
2023-09-19 13:00:00+09:00,915.5999755859375,917.0,912.5,914.5999755859375,120500,0.0,0.0
2023-09-19 14:00:00+09:00,914.5,922.9000244140625,912.5999755859375,922.0,164300,0.0,0.0
2023-09-20 09:00:00+09:00,928.0999755859375,929.2000122070312,903.5,904.2999877929688,324000,0.0,0.0
2023-09-20 10:00:00+09:00,903.9000244140625,906.2999877929688,896.0,904.5,217900,0.0,0.0
2023-09-20 11:00:00+09:00,904.7000122070312,904.9000244140625,890.2000122070312,890.5999755859375,0,0.0,0.0
2023-09-20 12:00:00+09:00,889.9000244140625,895.5999755859375,888.4000244140625,890.0,796200,0.0,0.0
2023-09-20 13:00:00+09:00,890.0999755859375,891.0999755859375,882.0,883.0,149900,0.0,0.0
2023-09-20 14:00:00+09:00,883.0999755859375,888.2000122070312,878.7999877929688,884.5,240100,0.0,0.0
2023-09-21 09:00:00+09:00,876.9000244140625,900.4000244140625,874.0,900.2000122070312,378700,0.0,0.0
2023-09-21 10:00:00+09:00,900.2999877929688,906.9000244140625,899.0,905.7000122070312,119600,0.0,0.0
2023-09-21 11:00:00+09:00,905.5999755859375,906.0,894.4000244140625,895.0,0,0.0,0.0
2023-09-21 12:00:00+09:00,895.0,898.9000244140625,893.5999755859375,897.9000244140625,601000,0.0,0.0
2023-09-21 13:00:00+09:00,897.5999755859375,899.0999755859375,892.5999755859375,897.2000122070312,68500,0.0,0.0
2023-09-21 14:00:00+09:00,896.5999755859375,900.7999877929688,893.9000244140625,897.0,107300,0.0,0.0
2023-09-22 09:00:00+09:00,892.9000244140625,893.2000122070312,866.5,882.9000244140625,325000,0.0,0.0
2023-09-22 10:00:00+09:00,882.5999755859375,885.7999877929688,868.0999755859375,870.4000244140625,97200,0.0,0.0
2023-09-22 11:00:00+09:00,871.0,873.0,865.4000244140625,865.5,0,0.0,0.0
2023-09-22 12:00:00+09:00,872.2000122070312,881.0,869.7000122070312,878.5999755859375,589600,0.0,0.0
2023-09-22 13:00:00+09:00,878.7000122070312,881.4000244140625,873.5999755859375,875.0999755859375,60000,0.0,0.0
2023-09-22 14:00:00+09:00,874.7999877929688,882.0999755859375,874.7999877929688,877.0,89100,0.0,0.0
2023-09-25 09:00:00+09:00,870.0,870.0,840.0999755859375,845.0,764300,0.0,0.0
2023-09-25 10:00:00+09:00,845.5,848.0999755859375,839.2999877929688,841.7999877929688,323500,0.0,0.0
2023-09-25 11:00:00+09:00,842.0,846.0,841.4000244140625,843.0999755859375,0,0.0,0.0
2023-09-25 12:00:00+09:00,846.5999755859375,857.5,844.2999877929688,857.5,1370000,0.0,0.0
2023-09-25 13:00:00+09:00,857.5,866.0999755859375,857.0,862.9000244140625,159800,0.0,0.0
2023-09-25 14:00:00+09:00,862.7999877929688,868.9000244140625,862.7000122070312,868.9000244140625,207300,0.0,0.0
2023-09-26 09:00:00+09:00,856.7000122070312,868.7999877929688,847.0,867.0999755859375,292500,0.0,0.0
2023-09-26 10:00:00+09:00,867.7999877929688,874.5,865.2000122070312,873.4000244140625,103900,0.0,0.0
2023-09-26 11:00:00+09:00,873.0,874.2000122070312,865.4000244140625,865.4000244140625,0,0.0,0.0
2023-09-26 12:00:00+09:00,864.7999877929688,870.2000122070312,864.7000122070312,868.5,522100,0.0,0.0
2023-09-26 13:00:00+09:00,868.5999755859375,870.7999877929688,866.7999877929688,868.7999877929688,112400,0.0,0.0
2023-09-26 14:00:00+09:00,869.0,869.7000122070312,859.7999877929688,860.0999755859375,166100,0.0,0.0
2023-09-27 09:00:00+09:00,847.4000244140625,847.4000244140625,823.7999877929688,823.7999877929688,614100,0.0,0.0
2023-09-27 10:00:00+09:00,823.7999877929688,832.9000244140625,823.7999877929688,832.5999755859375,137900,0.0,0.0
2023-09-27 11:00:00+09:00,832.2999877929688,835.2999877929688,831.9000244140625,833.0999755859375,0,0.0,0.0
2023-09-27 12:00:00+09:00,835.0,837.0,831.4000244140625,835.0999755859375,922500,0.0,0.0
2023-09-27 13:00:00+09:00,835.2999877929688,838.9000244140625,834.0,838.4000244140625,140000,0.0,0.0
2023-09-27 14:00:00+09:00,838.5,840.7999877929688,835.5999755859375,840.0,204500,0.0,0.0
2023-09-28 09:00:00+09:00,829.7000122070312,848.0999755859375,823.0,840.2999877929688,201200,0.0,0.0
2023-09-28 10:00:00+09:00,841.2999877929688,842.4000244140625,838.0,840.4000244140625,37500,0.0,0.0
2023-09-28 11:00:00+09:00,840.4000244140625,844.2999877929688,835.9000244140625,836.0,0,0.0,0.0
2023-09-28 12:00:00+09:00,834.4000244140625,837.5,831.2999877929688,834.7000122070312,346300,0.0,0.0
2023-09-28 13:00:00+09:00,835.2999877929688,838.5999755859375,833.4000244140625,834.5999755859375,53900,0.0,0.0
2023-09-28 14:00:00+09:00,835.4000244140625,843.4000244140625,835.0999755859375,840.4000244140625,104900,0.0,0.0
2023-09-29 09:00:00+09:00,836.5,836.7000122070312,812.2999877929688,816.5,517900,0.0,0.0
2023-09-29 10:00:00+09:00,816.2000122070312,822.0,810.0,810.5999755859375,175700,0.0,0.0
2023-09-29 11:00:00+09:00,810.7000122070312,811.5999755859375,808.0,810.0,0,0.0,0.0
2023-09-29 12:00:00+09:00,812.0,813.7000122070312,806.5999755859375,807.7000122070312,963100,0.0,0.0
2023-09-29 13:00:00+09:00,807.5,808.5,805.0,805.0999755859375,150100,0.0,0.0
2023-09-29 14:00:00+09:00,805.0999755859375,808.2999877929688,802.5,806.2000122070312,190400,0.0,0.0
2023-10-02 09:00:00+09:00,816.0,820.0,798.4000244140625,798.5,586200,0.0,0.0
2023-10-02 10:00:00+09:00,798.5999755859375,806.4000244140625,794.4000244140625,804.5999755859375,350400,0.0,0.0
2023-10-02 11:00:00+09:00,804.7000122070312,805.7000122070312,799.5999755859375,801.0,0,0.0,0.0
2023-10-02 12:00:00+09:00,798.7999877929688,799.0999755859375,790.9000244140625,791.7999877929688,1313900,0.0,0.0
2023-10-02 13:00:00+09:00,791.7999877929688,792.9000244140625,786.4000244140625,791.5,337900,0.0,0.0
2023-10-02 14:00:00+09:00,791.7000122070312,797.4000244140625,789.0999755859375,790.0,242800,0.0,0.0
2023-10-03 09:00:00+09:00,770.0,770.0,750.7999877929688,760.7999877929688,764200,0.0,0.0
2023-10-03 10:00:00+09:00,761.0999755859375,763.4000244140625,755.0999755859375,756.2999877929688,340300,0.0,0.0
2023-10-03 11:00:00+09:00,756.9000244140625,760.2000122070312,755.7999877929688,757.5999755859375,0,0.0,0.0
2023-10-03 12:00:00+09:00,756.7999877929688,756.7999877929688,746.0,748.0999755859375,1525000,0.0,0.0
2023-10-03 13:00:00+09:00,748.4000244140625,753.4000244140625,746.2999877929688,749.0999755859375,394100,0.0,0.0
2023-10-03 14:00:00+09:00,748.5,749.2000122070312,742.4000244140625,746.0,527900,0.0,0.0
2023-10-04 09:00:00+09:00,734.5,742.7999877929688,722.5999755859375,735.2999877929688,438600,0.0,0.0
2023-10-04 10:00:00+09:00,735.5999755859375,738.2999877929688,726.2999877929688,727.2999877929688,125000,0.0,0.0
2023-10-04 11:00:00+09:00,727.2000122070312,729.2000122070312,722.0999755859375,725.5,0,0.0,0.0
2023-10-04 12:00:00+09:00,725.5,728.7000122070312,720.0,721.7000122070312,1046400,0.0,0.0
2023-10-04 13:00:00+09:00,722.5,726.2000122070312,716.7000122070312,720.7000122070312,421500,0.0,0.0
2023-10-04 14:00:00+09:00,720.5999755859375,724.7000122070312,714.7000122070312,715.7999877929688,493200,0.0,0.0
2023-10-05 09:00:00+09:00,731.2000122070312,746.5,729.0,742.5,456200,0.0,0.0
2023-10-05 10:00:00+09:00,744.2000122070312,749.0,740.0,743.0,130400,0.0,0.0
2023-10-05 11:00:00+09:00,742.4000244140625,744.7999877929688,740.2000122070312,743.0,0,0.0,0.0
2023-10-05 12:00:00+09:00,745.0,750.7999877929688,745.0,746.7000122070312,787200,0.0,0.0
2023-10-05 13:00:00+09:00,746.7000122070312,750.9000244140625,746.2000122070312,749.0,151000,0.0,0.0
2023-10-05 14:00:00+09:00,749.2999877929688,750.7999877929688,744.2000122070312,748.5999755859375,259400,0.0,0.0
2023-10-06 09:00:00+09:00,752.0999755859375,763.7999877929688,747.4000244140625,762.2999877929688,373200,0.0,0.0
2023-10-06 10:00:00+09:00,762.2999877929688,768.0,758.7999877929688,760.0,215900,0.0,0.0
2023-10-06 11:00:00+09:00,760.2000122070312,761.4000244140625,757.5999755859375,759.7000122070312,0,0.0,0.0
2023-10-06 12:00:00+09:00,757.0,759.4000244140625,756.0999755859375,757.0999755859375,782600,0.0,0.0
2023-10-06 13:00:00+09:00,757.0999755859375,759.5999755859375,756.0,757.0999755859375,109400,0.0,0.0
2023-10-06 14:00:00+09:00,757.2999877929688,758.2999877929688,753.5,755.0,197600,0.0,0.0
2023-10-10 09:00:00+09:00,767.0,770.0,754.2000122070312,763.9000244140625,359400,0.0,0.0
2023-10-10 10:00:00+09:00,764.0999755859375,769.2000122070312,759.2999877929688,761.4000244140625,168600,0.0,0.0
2023-10-10 11:00:00+09:00,761.5999755859375,767.0,761.5999755859375,767.0,0,0.0,0.0
2023-10-10 12:00:00+09:00,765.5999755859375,767.7000122070312,764.2000122070312,767.4000244140625,702600,0.0,0.0
2023-10-10 13:00:00+09:00,767.2000122070312,769.2999877929688,765.4000244140625,767.2000122070312,109100,0.0,0.0
2023-10-10 14:00:00+09:00,767.2000122070312,773.5999755859375,767.2000122070312,771.7999877929688,193600,0.0,0.0
2023-10-11 09:00:00+09:00,777.0,785.0,775.5,783.7999877929688,218400,0.0,0.0
2023-10-11 10:00:00+09:00,784.0,786.0,779.4000244140625,780.5,122300,0.0,0.0
2023-10-11 11:00:00+09:00,780.7999877929688,784.7000122070312,779.9000244140625,781.2000122070312,0,0.0,0.0
2023-10-11 12:00:00+09:00,782.0,784.5,780.2000122070312,782.9000244140625,463100,0.0,0.0
2023-10-11 13:00:00+09:00,783.0999755859375,786.4000244140625,782.7000122070312,782.7000122070312,79800,0.0,0.0
2023-10-11 14:00:00+09:00,782.9000244140625,783.5999755859375,776.0,776.0,168600,0.0,0.0
2023-10-12 09:00:00+09:00,787.0,797.2000122070312,782.0999755859375,785.2000122070312,281900,0.0,0.0
2023-10-12 10:00:00+09:00,786.0,788.5999755859375,778.0,781.5999755859375,149900,0.0,0.0
2023-10-12 11:00:00+09:00,781.7000122070312,783.2999877929688,780.5,780.5999755859375,0,0.0,0.0
2023-10-12 12:00:00+09:00,784.5,785.2000122070312,780.0999755859375,780.4000244140625,552800,0.0,0.0
2023-10-12 13:00:00+09:00,780.2000122070312,784.7000122070312,780.0999755859375,784.0,81300,0.0,0.0
2023-10-12 14:00:00+09:00,783.5,784.0,780.4000244140625,780.4000244140625,122000,0.0,0.0
2023-10-13 09:00:00+09:00,777.0,781.0,770.0,777.2999877929688,253400,0.0,0.0
2023-10-13 10:00:00+09:00,777.2000122070312,783.5,777.0,783.2999877929688,56700,0.0,0.0
2023-10-13 11:00:00+09:00,783.2000122070312,784.0,777.7999877929688,777.7999877929688,0,0.0,0.0
2023-10-13 12:00:00+09:00,774.5,779.5999755859375,774.5,774.7000122070312,420000,0.0,0.0
2023-10-13 13:00:00+09:00,774.5999755859375,778.2000122070312,773.0999755859375,773.2999877929688,97400,0.0,0.0
2023-10-13 14:00:00+09:00,773.0999755859375,775.5,771.7000122070312,774.5999755859375,131700,0.0,0.0
2023-10-16 09:00:00+09:00,763.9000244140625,781.4000244140625,761.7000122070312,774.9000244140625,136400,0.0,0.0
2023-10-16 10:00:00+09:00,774.7000122070312,774.7000122070312,769.2000122070312,771.0,52400,0.0,0.0
2023-10-16 11:00:00+09:00,770.5999755859375,772.5999755859375,768.2000122070312,770.7999877929688,0,0.0,0.0
2023-10-16 12:00:00+09:00,768.2000122070312,770.7999877929688,765.5,766.4000244140625,303300,0.0,0.0
2023-10-16 13:00:00+09:00,766.0,769.2000122070312,763.2999877929688,768.7000122070312,78200,0.0,0.0
2023-10-16 14:00:00+09:00,768.5,769.2999877929688,762.0,766.0,137400,0.0,0.0
2023-10-17 09:00:00+09:00,780.9000244140625,789.7999877929688,774.7000122070312,782.7999877929688,208800,0.0,0.0
2023-10-17 10:00:00+09:00,783.0999755859375,783.0999755859375,772.5999755859375,772.5999755859375,67400,0.0,0.0
2023-10-17 11:00:00+09:00,772.4000244140625,773.4000244140625,765.4000244140625,766.0999755859375,0,0.0,0.0
2023-10-17 12:00:00+09:00,765.2999877929688,767.0999755859375,762.2999877929688,765.0999755859375,409100,0.0,0.0
2023-10-17 13:00:00+09:00,765.7000122070312,770.9000244140625,764.5999755859375,768.0999755859375,110000,0.0,0.0
2023-10-17 14:00:00+09:00,768.0,770.7999877929688,766.2999877929688,770.2000122070312,134300,0.0,0.0
2023-10-18 09:00:00+09:00,780.0,781.2000122070312,750.2999877929688,754.0999755859375,266800,0.0,0.0
2023-10-18 10:00:00+09:00,753.7999877929688,762.5,753.5,759.0999755859375,90700,0.0,0.0
2023-10-18 11:00:00+09:00,759.2999877929688,763.4000244140625,759.2999877929688,762.5,0,0.0,0.0
2023-10-18 12:00:00+09:00,761.5,764.2000122070312,759.4000244140625,764.0,442800,0.0,0.0
2023-10-18 13:00:00+09:00,764.2999877929688,768.0999755859375,763.0999755859375,765.7000122070312,84300,0.0,0.0
2023-10-18 14:00:00+09:00,765.5,770.9000244140625,763.0999755859375,770.9000244140625,104500,0.0,0.0
2023-10-19 09:00:00+09:00,760.0,766.0,760.0,762.9000244140625,141800,0.0,0.0
2023-10-19 10:00:00+09:00,762.2000122070312,762.2000122070312,754.9000244140625,755.0,92600,0.0,0.0
2023-10-19 11:00:00+09:00,754.4000244140625,757.2999877929688,753.7000122070312,756.5999755859375,0,0.0,0.0
2023-10-19 12:00:00+09:00,753.0,758.0,753.0,756.5999755859375,331400,0.0,0.0
2023-10-19 13:00:00+09:00,756.2999877929688,763.0999755859375,755.9000244140625,761.9000244140625,85600,0.0,0.0
2023-10-19 14:00:00+09:00,761.5999755859375,762.4000244140625,759.2999877929688,760.5,106900,0.0,0.0
2023-10-20 09:00:00+09:00,765.0,774.5999755859375,756.2000122070312,757.2000122070312,328700,0.0,0.0
2023-10-20 10:00:00+09:00,757.2999877929688,761.4000244140625,757.2999877929688,761.0,67000,0.0,0.0
2023-10-20 11:00:00+09:00,761.0,764.9000244140625,759.9000244140625,762.2000122070312,0,0.0,0.0
2023-10-20 12:00:00+09:00,764.4000244140625,767.7000122070312,763.5999755859375,766.0,497700,0.0,0.0
2023-10-20 13:00:00+09:00,765.9000244140625,769.2000122070312,762.9000244140625,763.0,75600,0.0,0.0
2023-10-20 14:00:00+09:00,763.0999755859375,765.5,762.7000122070312,762.7000122070312,128800,0.0,0.0
2023-10-23 09:00:00+09:00,761.9000244140625,773.5,760.0,773.5,145700,0.0,0.0
2023-10-23 10:00:00+09:00,773.7999877929688,782.7999877929688,773.7999877929688,778.0,121500,0.0,0.0
2023-10-23 11:00:00+09:00,777.2999877929688,779.0999755859375,771.2999877929688,772.4000244140625,0,0.0,0.0
2023-10-23 12:00:00+09:00,771.2000122070312,776.7000122070312,769.2000122070312,774.2999877929688,373800,0.0,0.0
2023-10-23 13:00:00+09:00,774.2000122070312,776.5,771.0999755859375,772.9000244140625,70400,0.0,0.0
2023-10-23 14:00:00+09:00,772.0,774.5,769.5999755859375,770.4000244140625,117400,0.0,0.0
2023-10-24 09:00:00+09:00,768.4000244140625,772.2999877929688,747.4000244140625,747.4000244140625,242700,0.0,0.0
2023-10-24 10:00:00+09:00,748.5999755859375,750.2000122070312,740.9000244140625,747.2000122070312,145700,0.0,0.0
2023-10-24 11:00:00+09:00,746.9000244140625,752.5999755859375,746.9000244140625,747.4000244140625,0,0.0,0.0
2023-10-24 12:00:00+09:00,748.0,751.5,746.2999877929688,748.7999877929688,498600,0.0,0.0
2023-10-24 13:00:00+09:00,749.0,754.0,748.2999877929688,751.9000244140625,84000,0.0,0.0
2023-10-24 14:00:00+09:00,751.7999877929688,759.7000122070312,751.7000122070312,756.5,147700,0.0,0.0
2023-10-25 09:00:00+09:00,767.0,770.4000244140625,760.5999755859375,762.7000122070312,155000,0.0,0.0
2023-10-25 10:00:00+09:00,762.9000244140625,772.9000244140625,762.9000244140625,769.5,87300,0.0,0.0
2023-10-25 11:00:00+09:00,769.7000122070312,772.5999755859375,767.2999877929688,771.5999755859375,0,0.0,0.0
2023-10-25 12:00:00+09:00,771.5999755859375,776.5999755859375,771.0,773.7999877929688,327000,0.0,0.0
2023-10-25 13:00:00+09:00,774.0999755859375,774.5999755859375,770.2000122070312,770.2999877929688,50000,0.0,0.0
2023-10-25 14:00:00+09:00,770.2000122070312,770.7000122070312,762.4000244140625,763.7000122070312,132000,0.0,0.0
2023-10-26 09:00:00+09:00,765.7999877929688,770.0999755859375,753.0999755859375,753.9000244140625,167000,0.0,0.0
2023-10-26 10:00:00+09:00,753.7000122070312,765.5999755859375,752.5999755859375,763.7999877929688,102300,0.0,0.0
2023-10-26 11:00:00+09:00,764.0,765.0,760.5,760.5,0,0.0,0.0
2023-10-26 12:00:00+09:00,759.9000244140625,766.0999755859375,759.9000244140625,763.7999877929688,348000,0.0,0.0
2023-10-26 13:00:00+09:00,764.2999877929688,766.7000122070312,762.0999755859375,763.5999755859375,82500,0.0,0.0
2023-10-26 14:00:00+09:00,763.2999877929688,767.7999877929688,761.7000122070312,767.7999877929688,106000,0.0,0.0
2023-10-27 09:00:00+09:00,760.2000122070312,760.5999755859375,750.9000244140625,754.9000244140625,261700,0.0,0.0
2023-10-27 10:00:00+09:00,754.0,764.5,752.4000244140625,763.7000122070312,105600,0.0,0.0
2023-10-27 11:00:00+09:00,763.5999755859375,768.7999877929688,763.4000244140625,767.2999877929688,0,0.0,0.0
2023-10-27 12:00:00+09:00,765.7000122070312,766.2999877929688,763.5,765.7999877929688,465100,0.0,0.0
2023-10-27 13:00:00+09:00,765.7000122070312,766.2999877929688,755.7000122070312,756.7000122070312,194100,0.0,0.0
2023-10-27 14:00:00+09:00,756.7999877929688,757.2999877929688,751.0999755859375,753.7999877929688,284400,0.0,0.0
2023-10-30 09:00:00+09:00,759.2999877929688,770.5,756.5,769.0999755859375,218800,0.0,0.0
2023-10-30 10:00:00+09:00,769.0,769.2999877929688,759.5999755859375,763.2999877929688,100900,0.0,0.0
2023-10-30 11:00:00+09:00,763.2999877929688,764.5999755859375,760.0999755859375,763.5,0,0.0,0.0
2023-10-30 12:00:00+09:00,766.5,767.2000122070312,762.0,762.0999755859375,421900,0.0,0.0
2023-10-30 13:00:00+09:00,762.2000122070312,762.7999877929688,756.2000122070312,756.5,104100,0.0,0.0
2023-10-30 14:00:00+09:00,756.5,759.0,753.7999877929688,757.5999755859375,217100,0.0,0.0
2023-10-31 09:00:00+09:00,765.0999755859375,765.0999755859375,740.7000122070312,748.0,408200,0.0,0.0
2023-10-31 10:00:00+09:00,748.5,749.4000244140625,740.2000122070312,740.7999877929688,150800,0.0,0.0
2023-10-31 11:00:00+09:00,740.7999877929688,741.7000122070312,735.2999877929688,738.0,0,0.0,0.0
2023-10-31 12:00:00+09:00,739.0999755859375,745.4000244140625,738.2000122070312,743.0,792300,0.0,0.0
2023-10-31 13:00:00+09:00,742.5999755859375,747.2999877929688,740.2000122070312,741.0999755859375,159200,0.0,0.0
2023-10-31 14:00:00+09:00,740.7999877929688,748.0999755859375,740.2000122070312,745.0,238300,0.0,0.0
2023-11-01 09:00:00+09:00,776.7000122070312,817.5999755859375,773.0999755859375,812.4000244140625,1287300,0.0,0.0
2023-11-01 10:00:00+09:00,812.5999755859375,824.0,807.4000244140625,823.5,488300,0.0,0.0
2023-11-01 11:00:00+09:00,823.5,826.0999755859375,820.9000244140625,822.2999877929688,0,0.0,0.0
2023-11-01 12:00:00+09:00,822.2999877929688,831.0,821.7000122070312,825.0,2414000,0.0,0.0
2023-11-01 13:00:00+09:00,824.9000244140625,829.0,808.5999755859375,808.5999755859375,481100,0.0,0.0
2023-11-01 14:00:00+09:00,806.9000244140625,827.2000122070312,801.2999877929688,823.5999755859375,687600,0.0,0.0
2023-11-02 09:00:00+09:00,832.0,839.5999755859375,811.2000122070312,835.5999755859375,544500,0.0,0.0
2023-11-02 10:00:00+09:00,835.5,837.5,822.0,828.7999877929688,257100,0.0,0.0
2023-11-02 11:00:00+09:00,829.0999755859375,834.7999877929688,828.2000122070312,830.2999877929688,0,0.0,0.0
2023-11-02 12:00:00+09:00,830.9000244140625,830.9000244140625,818.2999877929688,820.5,1067400,0.0,0.0
2023-11-02 13:00:00+09:00,820.2999877929688,824.7000122070312,815.0999755859375,815.7999877929688,234500,0.0,0.0
2023-11-02 14:00:00+09:00,816.0,828.0999755859375,815.5,826.2999877929688,339400,0.0,0.0
2023-11-06 09:00:00+09:00,849.2999877929688,869.2999877929688,845.0,866.4000244140625,707100,0.0,0.0
2023-11-06 10:00:00+09:00,866.4000244140625,868.0,852.2999877929688,853.0,234000,0.0,0.0
2023-11-06 11:00:00+09:00,853.2999877929688,856.4000244140625,849.2000122070312,850.2999877929688,0,0.0,0.0
2023-11-06 12:00:00+09:00,849.4000244140625,857.0,849.0999755859375,850.9000244140625,1140700,0.0,0.0
2023-11-06 13:00:00+09:00,851.7000122070312,859.2000122070312,850.9000244140625,856.5,129200,0.0,0.0
2023-11-06 14:00:00+09:00,856.5999755859375,865.0999755859375,855.4000244140625,861.2000122070312,357000,0.0,0.0
2023-11-07 09:00:00+09:00,863.7999877929688,869.0999755859375,838.2999877929688,839.2999877929688,384100,0.0,0.0
2023-11-07 10:00:00+09:00,839.2999877929688,840.7000122070312,825.7999877929688,826.5,289600,0.0,0.0
2023-11-07 11:00:00+09:00,826.2999877929688,828.5999755859375,822.2999877929688,824.7999877929688,0,0.0,0.0
2023-11-07 12:00:00+09:00,824.0,824.5,817.2999877929688,819.4000244140625,903400,0.0,0.0
2023-11-07 13:00:00+09:00,819.2999877929688,819.5,811.0999755859375,811.4000244140625,212600,0.0,0.0
2023-11-07 14:00:00+09:00,811.5999755859375,814.5999755859375,804.7999877929688,804.9000244140625,271000,0.0,0.0
2023-11-08 09:00:00+09:00,813.0,815.5,778.0,780.9000244140625,597900,0.0,0.0
2023-11-08 10:00:00+09:00,781.0,785.9000244140625,766.0,768.9000244140625,301100,0.0,0.0
2023-11-08 11:00:00+09:00,768.2999877929688,768.7999877929688,763.7999877929688,768.5999755859375,0,0.0,0.0
2023-11-08 12:00:00+09:00,766.7999877929688,767.2000122070312,754.2999877929688,757.9000244140625,1243500,0.0,0.0
2023-11-08 13:00:00+09:00,758.0,758.0999755859375,750.7000122070312,754.4000244140625,436200,0.0,0.0
2023-11-08 14:00:00+09:00,754.0,760.0,751.0999755859375,757.5999755859375,387800,0.0,0.0
2023-11-09 09:00:00+09:00,750.7000122070312,755.0,741.4000244140625,746.0,525800,0.0,0.0
2023-11-09 10:00:00+09:00,745.9000244140625,755.5999755859375,743.0,749.5999755859375,216400,0.0,0.0
2023-11-09 11:00:00+09:00,749.7000122070312,751.2000122070312,746.7000122070312,750.0999755859375,0,0.0,0.0
2023-11-09 12:00:00+09:00,750.0999755859375,755.9000244140625,748.7999877929688,754.2999877929688,1041900,0.0,0.0
2023-11-09 13:00:00+09:00,754.4000244140625,760.5999755859375,754.4000244140625,759.7000122070312,182800,0.0,0.0
2023-11-09 14:00:00+09:00,760.0,763.5999755859375,756.2999877929688,763.5,287000,0.0,0.0
2023-11-10 09:00:00+09:00,748.2000122070312,764.0999755859375,748.0999755859375,752.0,411900,0.0,0.0
2023-11-10 10:00:00+09:00,751.9000244140625,754.4000244140625,748.0,748.4000244140625,158300,0.0,0.0
2023-11-10 11:00:00+09:00,748.7000122070312,755.7999877929688,747.4000244140625,753.2000122070312,0,0.0,0.0
2023-11-10 12:00:00+09:00,753.7999877929688,756.7000122070312,752.5,756.7000122070312,721700,0.0,0.0
2023-11-10 13:00:00+09:00,756.5999755859375,766.0999755859375,756.4000244140625,765.9000244140625,167800,0.0,0.0
2023-11-10 14:00:00+09:00,766.5,767.0999755859375,760.0,761.0999755859375,278600,0.0,0.0
2023-11-13 09:00:00+09:00,761.0,770.4000244140625,761.0,767.9000244140625,169000,0.0,0.0
2023-11-13 10:00:00+09:00,768.0,769.0999755859375,762.0999755859375,764.0,111600,0.0,0.0
2023-11-13 11:00:00+09:00,764.0999755859375,766.0999755859375,762.7000122070312,763.4000244140625,0,0.0,0.0
2023-11-13 12:00:00+09:00,762.9000244140625,767.5999755859375,760.2999877929688,765.4000244140625,425500,0.0,0.0
2023-11-13 13:00:00+09:00,765.7999877929688,771.0999755859375,765.7999877929688,768.0,118700,0.0,0.0
2023-11-13 14:00:00+09:00,768.4000244140625,774.2999877929688,767.7000122070312,773.0,165500,0.0,0.0
2023-11-14 09:00:00+09:00,770.0999755859375,770.0999755859375,760.0999755859375,761.4000244140625,145500,0.0,0.0
2023-11-14 10:00:00+09:00,761.5999755859375,765.0999755859375,757.4000244140625,758.7000122070312,151600,0.0,0.0
2023-11-14 11:00:00+09:00,758.2000122070312,760.5,757.7000122070312,758.2999877929688,0,0.0,0.0
2023-11-14 12:00:00+09:00,758.2999877929688,765.9000244140625,757.0,765.2000122070312,418700,0.0,0.0
2023-11-14 13:00:00+09:00,765.2999877929688,766.2999877929688,762.7999877929688,766.2999877929688,89600,0.0,0.0
2023-11-14 14:00:00+09:00,766.4000244140625,766.7000122070312,763.2999877929688,764.9000244140625,116700,0.0,0.0
2023-11-15 09:00:00+09:00,773.7999877929688,781.2999877929688,771.5,771.7000122070312,224800,0.0,0.0
2023-11-15 10:00:00+09:00,771.4000244140625,773.0,760.5,761.2999877929688,118100,0.0,0.0
2023-11-15 11:00:00+09:00,761.7000122070312,762.0,758.5999755859375,758.5999755859375,0,0.0,0.0
2023-11-15 12:00:00+09:00,759.7000122070312,760.2000122070312,752.2999877929688,757.2000122070312,509400,0.0,0.0
2023-11-15 13:00:00+09:00,757.2000122070312,757.2000122070312,752.7999877929688,752.7999877929688,112700,0.0,0.0
2023-11-15 14:00:00+09:00,752.5999755859375,753.0,745.0999755859375,749.0999755859375,386400,0.0,0.0
2023-11-16 09:00:00+09:00,748.5,751.4000244140625,745.0,748.5,235100,0.0,0.0
2023-11-16 10:00:00+09:00,748.5,750.0,739.5,739.5999755859375,219100,0.0,0.0
2023-11-16 11:00:00+09:00,739.5999755859375,739.9000244140625,735.0,737.5999755859375,0,0.0,0.0
2023-11-16 12:00:00+09:00,738.5,741.2999877929688,736.0999755859375,740.9000244140625,631600,0.0,0.0
2023-11-16 13:00:00+09:00,740.9000244140625,745.0999755859375,739.9000244140625,744.9000244140625,90000,0.0,0.0
2023-11-16 14:00:00+09:00,745.4000244140625,746.7000122070312,741.2999877929688,743.0,140500,0.0,0.0
2023-11-17 09:00:00+09:00,747.0,751.0,740.7999877929688,744.2999877929688,194200,0.0,0.0
2023-11-17 10:00:00+09:00,744.4000244140625,745.9000244140625,739.0,743.5,128300,0.0,0.0
2023-11-17 11:00:00+09:00,743.5,746.5999755859375,743.2999877929688,746.4000244140625,0,0.0,0.0
2023-11-17 12:00:00+09:00,745.7000122070312,754.0,745.7000122070312,753.7000122070312,483900,0.0,0.0
2023-11-17 13:00:00+09:00,753.7000122070312,754.4000244140625,748.2000122070312,751.2000122070312,136200,0.0,0.0
2023-11-17 14:00:00+09:00,751.0,757.7000122070312,750.5,756.7000122070312,203100,0.0,0.0
2023-11-20 09:00:00+09:00,757.5,761.0999755859375,750.9000244140625,752.0999755859375,201800,0.0,0.0
2023-11-20 10:00:00+09:00,751.5,754.7999877929688,748.0999755859375,749.2999877929688,78100,0.0,0.0
2023-11-20 11:00:00+09:00,749.2000122070312,750.0999755859375,746.2000122070312,746.2000122070312,0,0.0,0.0
2023-11-20 12:00:00+09:00,746.0,746.9000244140625,742.5999755859375,742.7000122070312,438300,0.0,0.0
2023-11-20 13:00:00+09:00,742.5999755859375,746.2999877929688,741.0,744.9000244140625,90700,0.0,0.0
2023-11-20 14:00:00+09:00,744.9000244140625,747.7000122070312,744.2999877929688,744.5999755859375,166700,0.0,0.0
2023-11-21 09:00:00+09:00,741.5,746.9000244140625,739.0,739.2999877929688,179900,0.0,0.0
2023-11-21 10:00:00+09:00,739.2999877929688,739.2999877929688,729.2999877929688,732.7000122070312,272500,0.0,0.0
2023-11-21 11:00:00+09:00,733.0,735.5,730.5999755859375,731.7000122070312,0,0.0,0.0
2023-11-21 12:00:00+09:00,732.4000244140625,734.7999877929688,730.0999755859375,730.5999755859375,591600,0.0,0.0
2023-11-21 13:00:00+09:00,730.2000122070312,732.0999755859375,730.2000122070312,730.2000122070312,62500,0.0,0.0
2023-11-21 14:00:00+09:00,730.4000244140625,732.9000244140625,727.5,729.9000244140625,267400,0.0,0.0
2023-11-22 09:00:00+09:00,730.7000122070312,740.0999755859375,728.0,734.5999755859375,229500,0.0,0.0
2023-11-22 10:00:00+09:00,735.0999755859375,735.2000122070312,729.0999755859375,732.0,140400,0.0,0.0
2023-11-22 11:00:00+09:00,732.2999877929688,732.5999755859375,729.7000122070312,730.2000122070312,0,0.0,0.0
2023-11-22 12:00:00+09:00,729.5999755859375,737.2000122070312,729.5999755859375,734.5999755859375,571000,0.0,0.0
2023-11-22 13:00:00+09:00,734.5,734.7999877929688,731.9000244140625,732.7000122070312,94400,0.0,0.0
2023-11-22 14:00:00+09:00,732.7999877929688,732.7999877929688,726.4000244140625,727.5999755859375,320600,0.0,0.0
2023-11-24 09:00:00+09:00,735.2999877929688,735.2999877929688,718.0999755859375,721.7999877929688,370900,0.0,0.0
2023-11-24 10:00:00+09:00,721.7999877929688,722.9000244140625,718.2000122070312,722.2000122070312,124800,0.0,0.0
2023-11-24 11:00:00+09:00,722.0999755859375,725.4000244140625,720.0,720.0,0,0.0,0.0
2023-11-24 12:00:00+09:00,719.5,723.0999755859375,719.0999755859375,722.0999755859375,641300,0.0,0.0
2023-11-24 13:00:00+09:00,722.0999755859375,724.7000122070312,722.0,724.5,77800,0.0,0.0
2023-11-24 14:00:00+09:00,724.5,729.2000122070312,724.5,728.0,172400,0.0,0.0
2023-11-27 09:00:00+09:00,726.0,736.7999877929688,723.0,736.2999877929688,0,0.0,0.0
2023-11-27 10:00:00+09:00,736.4000244140625,736.7999877929688,725.2999877929688,727.5,146100,0.0,0.0
2023-11-27 11:00:00+09:00,727.7999877929688,728.7000122070312,725.5,728.5,0,0.0,0.0
2023-11-27 12:00:00+09:00,725.5,732.4000244140625,725.5,732.4000244140625,543400,0.0,0.0
2023-11-27 13:00:00+09:00,732.4000244140625,733.9000244140625,731.2000122070312,733.9000244140625,125500,0.0,0.0
2023-11-27 14:00:00+09:00,733.9000244140625,737.5,733.5,736.4000244140625,209900,0.0,0.0
2023-11-28 09:00:00+09:00,737.5999755859375,737.7000122070312,726.5,729.0,132400,0.0,0.0
2023-11-28 10:00:00+09:00,729.0999755859375,729.9000244140625,722.9000244140625,724.7999877929688,140000,0.0,0.0
2023-11-28 11:00:00+09:00,724.9000244140625,726.9000244140625,724.0999755859375,724.4000244140625,0,0.0,0.0
2023-11-28 12:00:00+09:00,726.4000244140625,730.0,725.9000244140625,729.0999755859375,418000,0.0,0.0
2023-11-28 13:00:00+09:00,729.2000122070312,729.7999877929688,727.9000244140625,729.5,53300,0.0,0.0
2023-11-28 14:00:00+09:00,729.5,729.7000122070312,725.2000122070312,728.0999755859375,103100,0.0,0.0
2023-11-29 09:00:00+09:00,734.7000122070312,747.0999755859375,727.7000122070312,728.7999877929688,313300,0.0,0.0
2023-11-29 10:00:00+09:00,728.9000244140625,738.7000122070312,728.7000122070312,737.7000122070312,108600,0.0,0.0
2023-11-29 11:00:00+09:00,737.9000244140625,739.5999755859375,735.2999877929688,736.5,0,0.0,0.0
2023-11-29 12:00:00+09:00,736.4000244140625,738.9000244140625,735.0,737.0,507500,0.0,0.0
2023-11-29 13:00:00+09:00,737.0999755859375,737.7000122070312,732.2999877929688,732.7000122070312,75300,0.0,0.0
2023-11-29 14:00:00+09:00,732.7999877929688,738.0,732.2999877929688,735.4000244140625,153400,0.0,0.0
2023-11-30 09:00:00+09:00,729.7999877929688,734.5,723.5,725.2999877929688,299500,0.0,0.0
2023-11-30 10:00:00+09:00,725.4000244140625,725.4000244140625,720.4000244140625,721.7999877929688,157400,0.0,0.0
2023-11-30 11:00:00+09:00,721.9000244140625,724.7999877929688,721.2999877929688,723.2999877929688,0,0.0,0.0
2023-11-30 12:00:00+09:00,724.0,724.0,721.0999755859375,721.9000244140625,611200,0.0,0.0
2023-11-30 13:00:00+09:00,722.2000122070312,724.7000122070312,721.2999877929688,723.9000244140625,91600,0.0,0.0
2023-11-30 14:00:00+09:00,724.0999755859375,726.7999877929688,721.0,721.5,283400,0.0,0.0
2023-12-01 09:00:00+09:00,727.5999755859375,739.7999877929688,723.5999755859375,734.0999755859375,383400,0.0,0.0
2023-12-01 10:00:00+09:00,734.5,740.5999755859375,731.4000244140625,738.5,172300,0.0,0.0
2023-12-01 11:00:00+09:00,738.5999755859375,740.2000122070312,735.5,736.2000122070312,0,0.0,0.0
2023-12-01 12:00:00+09:00,737.0999755859375,740.2999877929688,735.5,740.2999877929688,676000,0.0,0.0
2023-12-01 13:00:00+09:00,739.9000244140625,740.2999877929688,735.2999877929688,735.7999877929688,102000,0.0,0.0
2023-12-01 14:00:00+09:00,735.5999755859375,738.5,733.5999755859375,736.0999755859375,160800,0.0,0.0
2023-12-04 09:00:00+09:00,740.0,740.0,719.5,729.5999755859375,483600,0.0,0.0
2023-12-04 10:00:00+09:00,729.5999755859375,734.0,726.5999755859375,728.5999755859375,140000,0.0,0.0
2023-12-04 11:00:00+09:00,728.2999877929688,728.2999877929688,723.5,724.2000122070312,0,0.0,0.0
2023-12-04 12:00:00+09:00,723.2000122070312,726.0,722.0999755859375,726.0,752700,0.0,0.0
2023-12-04 13:00:00+09:00,725.9000244140625,726.5,722.9000244140625,725.5,96100,0.0,0.0
2023-12-04 14:00:00+09:00,725.5999755859375,726.5999755859375,722.7999877929688,724.7999877929688,151500,0.0,0.0
2023-12-05 09:00:00+09:00,719.0,720.4000244140625,707.2999877929688,711.7000122070312,398800,0.0,0.0
2023-12-05 10:00:00+09:00,711.5999755859375,714.0,706.5999755859375,712.5999755859375,177600,0.0,0.0
2023-12-05 11:00:00+09:00,712.5999755859375,714.0,712.2999877929688,713.0,0,0.0,0.0
2023-12-05 12:00:00+09:00,713.0,715.5,710.9000244140625,715.5,705600,0.0,0.0
2023-12-05 13:00:00+09:00,715.7999877929688,719.9000244140625,714.5999755859375,715.5999755859375,116900,0.0,0.0
2023-12-05 14:00:00+09:00,715.7000122070312,716.0,711.0,711.5,161700,0.0,0.0
2023-12-06 09:00:00+09:00,715.0,729.5,714.5999755859375,726.5999755859375,301700,0.0,0.0
2023-12-06 10:00:00+09:00,726.5,734.2000122070312,726.0999755859375,728.7999877929688,215100,0.0,0.0
2023-12-06 11:00:00+09:00,729.2000122070312,735.2999877929688,728.5,731.7999877929688,0,0.0,0.0
2023-12-06 12:00:00+09:00,732.0,734.9000244140625,728.2999877929688,732.0999755859375,763400,0.0,0.0
2023-12-06 13:00:00+09:00,732.0999755859375,732.4000244140625,727.0,729.7999877929688,125100,0.0,0.0
2023-12-06 14:00:00+09:00,729.9000244140625,733.5999755859375,729.2000122070312,732.9000244140625,181400,0.0,0.0
2023-12-07 09:00:00+09:00,730.7000122070312,742.0,728.0,732.0,374400,0.0,0.0
2023-12-07 10:00:00+09:00,732.0999755859375,738.9000244140625,731.4000244140625,735.2999877929688,173500,0.0,0.0
2023-12-07 11:00:00+09:00,735.0,739.9000244140625,734.7000122070312,738.0999755859375,0,0.0,0.0
2023-12-07 12:00:00+09:00,737.4000244140625,737.5,734.7000122070312,736.4000244140625,745100,0.0,0.0
2023-12-07 13:00:00+09:00,736.5,738.5999755859375,734.5999755859375,738.0,180600,0.0,0.0
2023-12-07 14:00:00+09:00,738.0999755859375,740.5999755859375,736.2999877929688,740.0,192500,0.0,0.0
2023-12-08 09:00:00+09:00,742.4000244140625,748.2999877929688,734.5,743.5999755859375,609200,0.0,0.0
2023-12-08 10:00:00+09:00,743.4000244140625,743.7000122070312,737.4000244140625,740.7000122070312,167100,0.0,0.0
2023-12-08 11:00:00+09:00,740.5999755859375,741.7000122070312,737.4000244140625,737.4000244140625,0,0.0,0.0
2023-12-08 12:00:00+09:00,736.5,738.2999877929688,733.0999755859375,735.7999877929688,951700,0.0,0.0
2023-12-08 13:00:00+09:00,735.9000244140625,737.0999755859375,731.4000244140625,731.7999877929688,154500,0.0,0.0
2023-12-08 14:00:00+09:00,732.0,734.4000244140625,731.2000122070312,734.2000122070312,184400,0.0,0.0
2023-12-11 09:00:00+09:00,734.0,748.2000122070312,729.5,748.0999755859375,258500,0.0,0.0
2023-12-11 10:00:00+09:00,747.7000122070312,761.2000122070312,747.0999755859375,759.0,307900,0.0,0.0
2023-12-11 11:00:00+09:00,759.4000244140625,763.0,759.2000122070312,762.2999877929688,0,0.0,0.0
2023-12-11 12:00:00+09:00,761.0,763.4000244140625,750.0,753.4000244140625,844900,0.0,0.0
2023-12-11 13:00:00+09:00,753.5,759.0,753.5,755.5,154800,0.0,0.0
2023-12-11 14:00:00+09:00,755.7999877929688,763.5999755859375,755.5999755859375,763.5999755859375,214600,0.0,0.0
2023-12-12 09:00:00+09:00,765.0,765.2000122070312,744.5999755859375,755.5,433600,0.0,0.0
2023-12-12 10:00:00+09:00,755.4000244140625,760.9000244140625,753.4000244140625,755.2999877929688,127800,0.0,0.0
2023-12-12 11:00:00+09:00,755.0999755859375,759.4000244140625,754.7999877929688,757.4000244140625,0,0.0,0.0
2023-12-12 12:00:00+09:00,757.5999755859375,761.5999755859375,755.5,758.0,706100,0.0,0.0
2023-12-12 13:00:00+09:00,758.0,758.4000244140625,750.7000122070312,750.7000122070312,126900,0.0,0.0
2023-12-12 14:00:00+09:00,750.7999877929688,752.4000244140625,747.7999877929688,749.7999877929688,164500,0.0,0.0
2023-12-13 09:00:00+09:00,754.5,767.9000244140625,751.0,761.4000244140625,0,0.0,0.0
2023-12-13 10:00:00+09:00,761.7000122070312,763.0,755.5999755859375,755.9000244140625,207100,0.0,0.0
2023-12-13 11:00:00+09:00,755.9000244140625,762.9000244140625,755.9000244140625,758.5999755859375,0,0.0,0.0
2023-12-13 12:00:00+09:00,759.0999755859375,765.4000244140625,758.7999877929688,762.0999755859375,977800,0.0,0.0
2023-12-13 13:00:00+09:00,761.7000122070312,765.7999877929688,757.4000244140625,765.7999877929688,187500,0.0,0.0
2023-12-13 14:00:00+09:00,765.5,772.4000244140625,765.4000244140625,766.7999877929688,436700,0.0,0.0
2023-12-14 09:00:00+09:00,783.0,789.5,765.2000122070312,772.4000244140625,447500,0.0,0.0
2023-12-14 10:00:00+09:00,772.5999755859375,773.2000122070312,749.2000122070312,752.2999877929688,193700,0.0,0.0
2023-12-14 11:00:00+09:00,752.7999877929688,758.0999755859375,750.4000244140625,756.0,0,0.0,0.0
2023-12-14 12:00:00+09:00,755.0,755.0999755859375,750.4000244140625,751.4000244140625,783000,0.0,0.0
2023-12-14 13:00:00+09:00,751.5999755859375,758.0999755859375,750.7999877929688,756.5,113600,0.0,0.0
2023-12-14 14:00:00+09:00,756.5999755859375,757.0,750.7000122070312,753.0,181300,0.0,0.0
2023-12-15 09:00:00+09:00,745.0,750.9000244140625,728.0999755859375,728.9000244140625,422300,0.0,0.0
2023-12-15 10:00:00+09:00,729.0,733.7999877929688,727.2999877929688,732.7999877929688,165200,0.0,0.0
2023-12-15 11:00:00+09:00,732.7000122070312,733.0,728.0,729.0999755859375,0,0.0,0.0
2023-12-15 12:00:00+09:00,728.7000122070312,730.4000244140625,728.0,728.7999877929688,752800,0.0,0.0
2023-12-15 13:00:00+09:00,728.9000244140625,729.2999877929688,721.5,724.9000244140625,186100,0.0,0.0
2023-12-15 14:00:00+09:00,724.9000244140625,732.5,724.0,731.0,304300,0.0,0.0
2023-12-18 09:00:00+09:00,720.9000244140625,724.4000244140625,711.5,713.9000244140625,434100,0.0,0.0
2023-12-18 10:00:00+09:00,713.5999755859375,715.7999877929688,709.5999755859375,715.7000122070312,128500,0.0,0.0
2023-12-18 11:00:00+09:00,715.7000122070312,716.2999877929688,709.0999755859375,710.0999755859375,0,0.0,0.0
2023-12-18 12:00:00+09:00,710.7999877929688,719.4000244140625,710.5,719.4000244140625,712700,0.0,0.0
2023-12-18 13:00:00+09:00,719.5,726.5999755859375,717.2999877929688,722.2999877929688,136400,0.0,0.0
2023-12-18 14:00:00+09:00,722.2999877929688,725.0,722.0,723.7999877929688,120600,0.0,0.0
2023-12-19 09:00:00+09:00,726.5999755859375,726.5999755859375,717.0999755859375,722.2000122070312,149800,0.0,0.0
2023-12-19 10:00:00+09:00,722.0999755859375,725.5999755859375,719.4000244140625,720.9000244140625,95800,0.0,0.0
2023-12-19 11:00:00+09:00,721.2000122070312,723.0999755859375,720.4000244140625,722.0999755859375,0,0.0,0.0
2023-12-19 12:00:00+09:00,724.9000244140625,729.4000244140625,722.5999755859375,724.0,385600,0.0,0.0
2023-12-19 13:00:00+09:00,723.5,724.7000122070312,720.0,722.4000244140625,113800,0.0,0.0
2023-12-19 14:00:00+09:00,722.4000244140625,726.7999877929688,720.5999755859375,726.7999877929688,157600,0.0,0.0
2023-12-20 09:00:00+09:00,724.7999877929688,727.9000244140625,717.5,718.2999877929688,175600,0.0,0.0
2023-12-20 10:00:00+09:00,718.0999755859375,722.5999755859375,715.5,719.7000122070312,93800,0.0,0.0
2023-12-20 11:00:00+09:00,719.2999877929688,719.5,715.5999755859375,716.2000122070312,0,0.0,0.0
2023-12-20 12:00:00+09:00,715.5,721.7999877929688,715.5,718.5999755859375,435400,0.0,0.0
2023-12-20 13:00:00+09:00,718.9000244140625,720.2000122070312,713.2999877929688,714.5,205500,0.0,0.0
2023-12-20 14:00:00+09:00,714.5999755859375,714.7000122070312,708.5,711.4000244140625,402800,0.0,0.0
2023-12-21 09:00:00+09:00,710.0,719.4000244140625,709.7999877929688,715.5999755859375,240100,0.0,0.0
2023-12-21 10:00:00+09:00,715.2999877929688,716.0999755859375,708.0999755859375,709.0,133200,0.0,0.0
2023-12-21 11:00:00+09:00,709.0,711.0,707.2000122070312,710.2999877929688,0,0.0,0.0
2023-12-21 12:00:00+09:00,709.2999877929688,712.0,708.9000244140625,710.2999877929688,499600,0.0,0.0
2023-12-21 13:00:00+09:00,710.0999755859375,712.4000244140625,707.2999877929688,708.5,138700,0.0,0.0
2023-12-21 14:00:00+09:00,708.4000244140625,710.0,707.4000244140625,708.2000122070312,134000,0.0,0.0
2023-12-22 09:00:00+09:00,707.0999755859375,720.7999877929688,707.0,717.0999755859375,0,0.0,0.0
2023-12-22 10:00:00+09:00,717.0,718.7000122070312,714.2999877929688,715.2000122070312,85000,0.0,0.0
2023-12-22 11:00:00+09:00,715.2999877929688,717.9000244140625,714.7000122070312,717.0999755859375,0,0.0,0.0
2023-12-22 12:00:00+09:00,717.0999755859375,718.7000122070312,715.5,717.5,401700,0.0,0.0
2023-12-22 13:00:00+09:00,717.5,718.2000122070312,713.4000244140625,713.7999877929688,86700,0.0,0.0
2023-12-22 14:00:00+09:00,713.7000122070312,717.2999877929688,712.7999877929688,716.4000244140625,115100,0.0,0.0
2023-12-25 09:00:00+09:00,721.0999755859375,724.7000122070312,717.2000122070312,718.5999755859375,0,0.0,0.0
2023-12-25 10:00:00+09:00,718.4000244140625,720.0,715.0,715.2000122070312,90300,0.0,0.0
2023-12-25 11:00:00+09:00,715.5999755859375,717.4000244140625,715.4000244140625,717.0,0,0.0,0.0
2023-12-25 12:00:00+09:00,717.5999755859375,719.5999755859375,716.5999755859375,716.7000122070312,317200,0.0,0.0
2023-12-25 13:00:00+09:00,716.9000244140625,719.7000122070312,715.7000122070312,717.5999755859375,58900,0.0,0.0
2023-12-25 14:00:00+09:00,718.0,719.5999755859375,716.4000244140625,718.9000244140625,57900,0.0,0.0
2023-12-26 09:00:00+09:00,721.7000122070312,722.2000122070312,716.9000244140625,719.7999877929688,173400,0.0,0.0
2023-12-26 10:00:00+09:00,720.0999755859375,720.7000122070312,713.5,714.9000244140625,59900,0.0,0.0
2023-12-26 11:00:00+09:00,715.2999877929688,716.0999755859375,713.7999877929688,714.0,0,0.0,0.0
2023-12-26 12:00:00+09:00,714.0,715.0,711.4000244140625,712.2999877929688,324700,0.0,0.0
2023-12-26 13:00:00+09:00,712.4000244140625,713.0999755859375,710.7000122070312,712.2999877929688,67900,0.0,0.0
2023-12-26 14:00:00+09:00,712.2000122070312,713.0,710.2000122070312,710.5,133900,0.0,0.0
2023-12-27 09:00:00+09:00,715.0,721.0,711.5,720.9000244140625,206700,0.0,0.0
2023-12-27 10:00:00+09:00,720.9000244140625,722.2999877929688,717.4000244140625,720.0,110300,0.0,0.0
2023-12-27 11:00:00+09:00,719.7000122070312,725.0,718.7999877929688,721.0,0,0.0,0.0
2023-12-27 12:00:00+09:00,721.7999877929688,725.7000122070312,721.4000244140625,724.0,439000,0.0,0.0
2023-12-27 13:00:00+09:00,724.0,724.4000244140625,720.5,723.4000244140625,101600,0.0,0.0
2023-12-27 14:00:00+09:00,723.7000122070312,726.0999755859375,723.0,724.5,120500,0.0,0.0
2023-12-28 09:00:00+09:00,722.5999755859375,726.2999877929688,717.7999877929688,725.5,0,0.0,0.0
2023-12-28 10:00:00+09:00,725.0,727.9000244140625,722.4000244140625,722.9000244140625,435700,0.0,0.0
2023-12-28 11:00:00+09:00,722.5,724.2999877929688,720.5,723.7000122070312,0,0.0,0.0
2023-12-28 12:00:00+09:00,725.5,725.5,722.9000244140625,724.5999755859375,519800,0.0,0.0
2023-12-28 13:00:00+09:00,724.2000122070312,727.7999877929688,723.5999755859375,727.7999877929688,42400,0.0,0.0
2023-12-28 14:00:00+09:00,727.9000244140625,729.7999877929688,725.9000244140625,727.7000122070312,85900,0.0,0.0
2023-12-29 09:00:00+09:00,727.9000244140625,732.7000122070312,726.2000122070312,726.7999877929688,190500,0.0,0.0
2023-12-29 10:00:00+09:00,726.7999877929688,731.5,724.2999877929688,728.7999877929688,80200,0.0,0.0
2023-12-29 11:00:00+09:00,728.9000244140625,731.0999755859375,728.2999877929688,729.7000122070312,0,0.0,0.0
2023-12-29 12:00:00+09:00,731.0,731.0,727.4000244140625,728.7999877929688,339300,0.0,0.0
2023-12-29 13:00:00+09:00,728.7999877929688,729.5999755859375,723.0,724.7999877929688,114700,0.0,0.0
2023-12-29 14:00:00+09:00,725.0,733.7000122070312,724.2999877929688,733.0,257400,0.0,0.0
2024-01-04 09:00:00+09:00,698.0,713.7000122070312,675.7000122070312,712.2000122070312,3147100,0.0,0.0
2024-01-04 10:00:00+09:00,711.7000122070312,727.7999877929688,706.5999755859375,721.9000244140625,1096100,0.0,0.0
2024-01-04 11:00:00+09:00,722.0,725.7000122070312,720.2999877929688,724.4000244140625,0,0.0,0.0
2024-01-04 12:00:00+09:00,725.0999755859375,726.5999755859375,720.4000244140625,722.0,4770500,0.0,0.0
2024-01-04 13:00:00+09:00,722.0,724.7999877929688,719.0999755859375,720.0999755859375,338200,0.0,0.0
2024-01-04 14:00:00+09:00,720.2999877929688,722.2000122070312,716.0999755859375,717.0,645700,0.0,0.0
2024-01-05 09:00:00+09:00,723.5999755859375,735.7000122070312,721.5999755859375,729.2000122070312,618400,0.0,0.0
2024-01-05 10:00:00+09:00,729.2000122070312,740.0,729.2000122070312,738.4000244140625,298500,0.0,0.0
2024-01-05 11:00:00+09:00,738.0999755859375,743.5,736.7999877929688,741.0,0,0.0,0.0
2024-01-05 12:00:00+09:00,741.0,744.9000244140625,739.7999877929688,741.5999755859375,1274300,0.0,0.0
2024-01-05 13:00:00+09:00,741.4000244140625,750.4000244140625,740.7999877929688,749.7999877929688,397200,0.0,0.0
2024-01-05 14:00:00+09:00,749.7999877929688,757.7999877929688,749.7999877929688,757.2999877929688,630600,0.0,0.0
2024-01-09 09:00:00+09:00,754.7999877929688,755.0,722.0999755859375,734.4000244140625,1030600,0.0,0.0
2024-01-09 10:00:00+09:00,734.0,736.5999755859375,730.2000122070312,731.4000244140625,369100,0.0,0.0
2024-01-09 11:00:00+09:00,731.4000244140625,733.5,726.4000244140625,726.7000122070312,0,0.0,0.0
2024-01-09 12:00:00+09:00,726.2000122070312,732.0,723.0999755859375,730.4000244140625,1918100,0.0,0.0
2024-01-09 13:00:00+09:00,730.0,733.7000122070312,726.2000122070312,730.0,393100,0.0,0.0
2024-01-09 14:00:00+09:00,729.9000244140625,730.7999877929688,726.7999877929688,728.0,385800,0.0,0.0
2024-01-10 09:00:00+09:00,728.9000244140625,740.0,726.0,735.7999877929688,460500,0.0,0.0
2024-01-10 10:00:00+09:00,735.5999755859375,745.0,735.2999877929688,743.2999877929688,243400,0.0,0.0
2024-01-10 11:00:00+09:00,743.5,746.7999877929688,741.2999877929688,743.0,0,0.0,0.0
2024-01-10 12:00:00+09:00,742.7999877929688,744.4000244140625,739.7000122070312,741.2999877929688,963600,0.0,0.0
2024-01-10 13:00:00+09:00,741.0,741.2999877929688,732.7000122070312,734.7999877929688,196100,0.0,0.0
2024-01-10 14:00:00+09:00,734.9000244140625,740.7999877929688,734.9000244140625,738.5999755859375,236900,0.0,0.0
2024-01-11 09:00:00+09:00,739.0,752.5,738.5999755859375,750.7000122070312,662200,0.0,0.0
2024-01-11 10:00:00+09:00,750.7999877929688,753.9000244140625,746.4000244140625,747.0999755859375,237900,0.0,0.0
2024-01-11 11:00:00+09:00,747.0999755859375,749.2999877929688,746.4000244140625,746.5999755859375,0,0.0,0.0
2024-01-11 12:00:00+09:00,747.5999755859375,752.4000244140625,746.0999755859375,748.2000122070312,1095900,0.0,0.0
2024-01-11 13:00:00+09:00,748.0999755859375,750.2000122070312,747.2999877929688,748.4000244140625,153000,0.0,0.0
2024-01-11 14:00:00+09:00,748.2000122070312,748.2999877929688,741.5,743.2999877929688,263000,0.0,0.0
2024-01-12 09:00:00+09:00,738.7000122070312,743.0,731.0,734.7999877929688,0,0.0,0.0
2024-01-12 10:00:00+09:00,735.0,738.5999755859375,733.0,734.0999755859375,128500,0.0,0.0
2024-01-12 11:00:00+09:00,734.2999877929688,735.0,731.0,732.5,0,0.0,0.0
2024-01-12 12:00:00+09:00,732.0,733.4000244140625,728.9000244140625,729.9000244140625,698600,0.0,0.0
2024-01-12 13:00:00+09:00,729.7999877929688,733.5,726.5,732.5999755859375,195400,0.0,0.0
2024-01-12 14:00:00+09:00,732.2999877929688,732.4000244140625,727.2999877929688,729.2000122070312,263000,0.0,0.0
2024-01-15 09:00:00+09:00,728.0,736.0,726.5,733.0,0,0.0,0.0
2024-01-15 10:00:00+09:00,733.2999877929688,741.9000244140625,730.0,739.0,207400,0.0,0.0
2024-01-15 11:00:00+09:00,738.5999755859375,741.5,738.2999877929688,740.9000244140625,0,0.0,0.0
2024-01-15 12:00:00+09:00,740.7000122070312,741.5999755859375,735.5,736.5999755859375,607500,0.0,0.0
2024-01-15 13:00:00+09:00,736.7000122070312,740.0,736.5999755859375,739.5999755859375,112200,0.0,0.0
2024-01-15 14:00:00+09:00,739.7000122070312,747.2000122070312,737.0,747.2000122070312,347000,0.0,0.0
2024-01-16 09:00:00+09:00,750.9000244140625,758.0999755859375,740.2000122070312,740.5999755859375,318500,0.0,0.0
2024-01-16 10:00:00+09:00,740.2000122070312,740.2999877929688,735.2000122070312,735.4000244140625,155900,0.0,0.0
2024-01-16 11:00:00+09:00,735.5,736.5,734.5999755859375,735.0,0,0.0,0.0
2024-01-16 12:00:00+09:00,735.5999755859375,739.0999755859375,735.2999877929688,738.4000244140625,614100,0.0,0.0
2024-01-16 13:00:00+09:00,738.2999877929688,749.0,738.2000122070312,749.0,145300,0.0,0.0
2024-01-16 14:00:00+09:00,749.0,749.7000122070312,744.7000122070312,745.7000122070312,178000,0.0,0.0
2024-01-17 09:00:00+09:00,736.5999755859375,745.5999755859375,731.0,743.9000244140625,322100,0.0,0.0
2024-01-17 10:00:00+09:00,743.7000122070312,745.0,730.0999755859375,731.2000122070312,247200,0.0,0.0
2024-01-17 11:00:00+09:00,731.2000122070312,735.5999755859375,728.5,732.7999877929688,0,0.0,0.0
2024-01-17 12:00:00+09:00,732.2999877929688,732.5,718.7999877929688,719.5,1007800,0.0,0.0
2024-01-17 13:00:00+09:00,719.7000122070312,725.0999755859375,717.4000244140625,724.5,343500,0.0,0.0
2024-01-17 14:00:00+09:00,724.4000244140625,724.4000244140625,717.5999755859375,718.5999755859375,405400,0.0,0.0
2024-01-18 09:00:00+09:00,716.0,723.4000244140625,712.4000244140625,713.0,381300,0.0,0.0
2024-01-18 10:00:00+09:00,712.7999877929688,712.9000244140625,703.5,707.0,267000,0.0,0.0
2024-01-18 11:00:00+09:00,707.5,709.0,705.0,705.0,0,0.0,0.0
2024-01-18 12:00:00+09:00,705.0,711.7000122070312,705.0,708.2999877929688,861900,0.0,0.0
2024-01-18 13:00:00+09:00,708.4000244140625,708.5999755859375,704.2000122070312,705.7000122070312,243900,0.0,0.0
2024-01-18 14:00:00+09:00,705.5999755859375,707.7999877929688,705.0,706.5999755859375,230700,0.0,0.0
2024-01-19 09:00:00+09:00,705.9000244140625,705.9000244140625,693.0999755859375,694.5,594500,0.0,0.0
2024-01-19 10:00:00+09:00,694.7999877929688,698.5,693.7000122070312,695.7000122070312,186200,0.0,0.0
2024-01-19 11:00:00+09:00,695.5,699.5,695.2000122070312,698.2000122070312,0,0.0,0.0
2024-01-19 12:00:00+09:00,696.0999755859375,699.2999877929688,694.5,695.7999877929688,971200,0.0,0.0
2024-01-19 13:00:00+09:00,695.5,695.7000122070312,691.5,693.9000244140625,234000,0.0,0.0
2024-01-19 14:00:00+09:00,694.0,699.9000244140625,694.0,699.9000244140625,325300,0.0,0.0
2024-01-22 09:00:00+09:00,702.0,712.5,699.9000244140625,711.9000244140625,355900,0.0,0.0
2024-01-22 10:00:00+09:00,711.9000244140625,713.7000122070312,709.2999877929688,710.2000122070312,122400,0.0,0.0
2024-01-22 11:00:00+09:00,710.2000122070312,712.7000122070312,709.4000244140625,710.9000244140625,0,0.0,0.0
2024-01-22 12:00:00+09:00,711.0,713.2000122070312,710.7000122070312,712.0999755859375,672100,0.0,0.0
2024-01-22 13:00:00+09:00,712.2999877929688,713.7000122070312,711.0,713.0,152100,0.0,0.0
2024-01-22 14:00:00+09:00,713.0,715.2999877929688,711.7999877929688,714.7999877929688,348000,0.0,0.0
2024-01-23 09:00:00+09:00,717.0,722.0,712.9000244140625,719.2000122070312,294700,0.0,0.0
2024-01-23 10:00:00+09:00,719.2000122070312,719.2000122070312,712.0,716.5999755859375,133600,0.0,0.0
2024-01-23 11:00:00+09:00,716.5,716.7000122070312,712.5,713.2999877929688,0,0.0,0.0
2024-01-23 12:00:00+09:00,713.2999877929688,716.5,707.5,709.0999755859375,635700,0.0,0.0
2024-01-23 13:00:00+09:00,709.4000244140625,715.7999877929688,709.4000244140625,712.5,145100,0.0,0.0
2024-01-23 14:00:00+09:00,712.4000244140625,712.7000122070312,708.4000244140625,710.9000244140625,181300,0.0,0.0
2024-01-24 09:00:00+09:00,710.0,716.0,698.5999755859375,700.0999755859375,386200,0.0,0.0
2024-01-24 10:00:00+09:00,699.7999877929688,706.2000122070312,699.0999755859375,704.9000244140625,115100,0.0,0.0
2024-01-24 11:00:00+09:00,705.0,705.7999877929688,703.2000122070312,705.4000244140625,0,0.0,0.0
2024-01-24 12:00:00+09:00,705.9000244140625,713.2000122070312,705.7000122070312,713.2000122070312,705500,0.0,0.0
2024-01-24 13:00:00+09:00,712.9000244140625,715.2999877929688,711.2999877929688,711.5,121800,0.0,0.0
2024-01-24 14:00:00+09:00,711.4000244140625,712.7000122070312,709.0,709.0,161800,0.0,0.0
2024-01-25 09:00:00+09:00,707.0,712.7999877929688,706.2000122070312,708.0999755859375,266500,0.0,0.0
2024-01-25 10:00:00+09:00,708.2999877929688,714.5,708.0999755859375,713.5,137100,0.0,0.0
2024-01-25 11:00:00+09:00,713.7000122070312,716.2999877929688,712.9000244140625,715.2999877929688,0,0.0,0.0
2024-01-25 12:00:00+09:00,715.0,715.0,712.2000122070312,714.5,545400,0.0,0.0
2024-01-25 13:00:00+09:00,714.5,718.0,714.5,717.5,124000,0.0,0.0
2024-01-25 14:00:00+09:00,717.5999755859375,721.7999877929688,717.2999877929688,721.7000122070312,254400,0.0,0.0
2024-01-26 09:00:00+09:00,722.7999877929688,722.7999877929688,707.9000244140625,710.7999877929688,288700,0.0,0.0
2024-01-26 10:00:00+09:00,710.9000244140625,715.5999755859375,710.2999877929688,713.4000244140625,124100,0.0,0.0
2024-01-26 11:00:00+09:00,713.4000244140625,714.4000244140625,712.2999877929688,713.2000122070312,0,0.0,0.0
2024-01-26 12:00:00+09:00,712.4000244140625,713.9000244140625,711.5999755859375,712.5,511300,0.0,0.0
2024-01-26 13:00:00+09:00,712.5,712.5999755859375,710.0,711.7999877929688,132900,0.0,0.0
2024-01-26 14:00:00+09:00,711.7000122070312,714.0999755859375,709.9000244140625,709.9000244140625,158600,0.0,0.0
2024-01-29 09:00:00+09:00,710.7999877929688,727.2999877929688,710.7999877929688,726.0,409800,0.0,0.0
2024-01-29 10:00:00+09:00,725.7999877929688,726.5999755859375,718.2000122070312,720.7000122070312,122500,0.0,0.0
2024-01-29 11:00:00+09:00,720.7000122070312,722.4000244140625,720.0,720.5999755859375,0,0.0,0.0
2024-01-29 12:00:00+09:00,720.0,723.5999755859375,719.7000122070312,721.7999877929688,633400,0.0,0.0
2024-01-29 13:00:00+09:00,721.7999877929688,724.5,721.0,724.5,106900,0.0,0.0
2024-01-29 14:00:00+09:00,724.4000244140625,725.4000244140625,721.5,723.5,163300,0.0,0.0
2024-01-30 09:00:00+09:00,730.4000244140625,732.0,719.4000244140625,721.7999877929688,282700,0.0,0.0
2024-01-30 10:00:00+09:00,721.7000122070312,721.7000122070312,717.4000244140625,718.2999877929688,103900,0.0,0.0
2024-01-30 11:00:00+09:00,718.0999755859375,719.0,716.4000244140625,718.4000244140625,0,0.0,0.0
2024-01-30 12:00:00+09:00,718.0,720.7999877929688,717.5999755859375,718.5999755859375,524000,0.0,0.0
2024-01-30 13:00:00+09:00,718.5999755859375,720.5999755859375,718.0999755859375,720.0999755859375,97900,0.0,0.0
2024-01-30 14:00:00+09:00,720.0999755859375,725.2999877929688,717.7999877929688,724.7999877929688,300900,0.0,0.0
2024-01-31 09:00:00+09:00,729.0,738.2000122070312,716.5999755859375,716.7000122070312,474100,0.0,0.0
2024-01-31 10:00:00+09:00,716.5999755859375,722.7999877929688,715.0999755859375,721.7000122070312,233500,0.0,0.0
2024-01-31 11:00:00+09:00,721.7999877929688,724.0,721.5,723.0,0,0.0,0.0
2024-01-31 12:00:00+09:00,721.0,726.0,720.5,724.7999877929688,873600,0.0,0.0
2024-01-31 13:00:00+09:00,724.7999877929688,726.2999877929688,723.0,724.7000122070312,128700,0.0,0.0
2024-01-31 14:00:00+09:00,724.7999877929688,726.5999755859375,723.0,724.2000122070312,270700,0.0,0.0
2024-02-01 09:00:00+09:00,752.0999755859375,768.2999877929688,747.9000244140625,748.7999877929688,1485200,0.0,0.0
2024-02-01 10:00:00+09:00,748.7999877929688,764.4000244140625,736.5,736.5999755859375,425600,0.0,0.0
2024-02-01 11:00:00+09:00,736.4000244140625,740.7000122070312,726.0,729.5,0,0.0,0.0
2024-02-01 12:00:00+09:00,729.0,730.4000244140625,722.4000244140625,726.4000244140625,2374100,0.0,0.0
2024-02-01 13:00:00+09:00,726.7000122070312,730.9000244140625,716.4000244140625,718.2000122070312,342000,0.0,0.0
2024-02-01 14:00:00+09:00,718.2000122070312,722.4000244140625,716.2999877929688,721.0,432800,0.0,0.0
2024-02-02 09:00:00+09:00,724.0999755859375,738.5,719.0,729.2999877929688,529600,0.0,0.0
2024-02-02 10:00:00+09:00,729.0,748.7000122070312,727.5999755859375,746.5999755859375,365900,0.0,0.0
2024-02-02 11:00:00+09:00,746.5,751.9000244140625,746.4000244140625,748.7000122070312,0,0.0,0.0
2024-02-02 12:00:00+09:00,745.0,749.9000244140625,741.5999755859375,743.2000122070312,1266600,0.0,0.0
2024-02-02 13:00:00+09:00,743.0,746.4000244140625,738.7000122070312,742.0,228000,0.0,0.0
2024-02-02 14:00:00+09:00,741.7999877929688,742.5,737.2999877929688,737.7999877929688,373200,0.0,0.0
2024-02-05 09:00:00+09:00,734.2000122070312,736.7999877929688,725.7999877929688,734.0,402300,0.0,0.0
2024-02-05 10:00:00+09:00,733.7000122070312,734.2999877929688,728.4000244140625,730.4000244140625,188300,0.0,0.0
2024-02-05 11:00:00+09:00,730.5,732.4000244140625,729.4000244140625,730.2000122070312,0,0.0,0.0
2024-02-05 12:00:00+09:00,731.2000122070312,746.0,730.4000244140625,743.9000244140625,934900,0.0,0.0
2024-02-05 13:00:00+09:00,744.0999755859375,746.2000122070312,737.4000244140625,745.9000244140625,302400,0.0,0.0
2024-02-05 14:00:00+09:00,746.0,747.2000122070312,740.5999755859375,740.5999755859375,372300,0.0,0.0
2024-02-06 09:00:00+09:00,735.2999877929688,736.2999877929688,725.5,728.4000244140625,355700,0.0,0.0
2024-02-06 10:00:00+09:00,728.2999877929688,730.2999877929688,720.7999877929688,722.2999877929688,263400,0.0,0.0
2024-02-06 11:00:00+09:00,722.2000122070312,722.5999755859375,716.2000122070312,716.7999877929688,0,0.0,0.0
2024-02-06 12:00:00+09:00,716.7999877929688,719.7000122070312,715.4000244140625,719.7000122070312,944700,0.0,0.0
2024-02-06 13:00:00+09:00,719.5999755859375,723.4000244140625,719.2999877929688,722.0,168500,0.0,0.0
2024-02-06 14:00:00+09:00,722.2000122070312,722.5999755859375,713.0999755859375,713.0999755859375,389500,0.0,0.0
2024-02-07 09:00:00+09:00,711.7999877929688,712.0,704.0,707.7000122070312,371900,0.0,0.0
2024-02-07 10:00:00+09:00,707.5,712.0,702.7999877929688,704.4000244140625,249600,0.0,0.0
2024-02-07 11:00:00+09:00,704.5,706.2999877929688,703.5,706.0,0,0.0,0.0
2024-02-07 12:00:00+09:00,705.0,707.5,704.2999877929688,705.9000244140625,829900,0.0,0.0
2024-02-07 13:00:00+09:00,705.9000244140625,712.4000244140625,705.9000244140625,711.0,183000,0.0,0.0
2024-02-07 14:00:00+09:00,711.0999755859375,713.2000122070312,709.7000122070312,710.9000244140625,231100,0.0,0.0
2024-02-08 09:00:00+09:00,705.0,706.5,687.7000122070312,688.7999877929688,635500,0.0,0.0
2024-02-08 10:00:00+09:00,688.7999877929688,692.4000244140625,686.0,689.4000244140625,287900,0.0,0.0
2024-02-08 11:00:00+09:00,689.4000244140625,691.2999877929688,688.7000122070312,690.0,0,0.0,0.0
2024-02-08 12:00:00+09:00,691.5,698.7999877929688,691.4000244140625,698.5999755859375,1143400,0.0,0.0
2024-02-08 13:00:00+09:00,698.2999877929688,701.5999755859375,697.7999877929688,700.5999755859375,176600,0.0,0.0
2024-02-08 14:00:00+09:00,700.5,700.7999877929688,696.0,696.0,210600,0.0,0.0
2024-02-09 09:00:00+09:00,690.0,701.2999877929688,683.7000122070312,699.2999877929688,429200,0.0,0.0
2024-02-09 10:00:00+09:00,699.4000244140625,702.2999877929688,696.5999755859375,696.9000244140625,142800,0.0,0.0
2024-02-09 11:00:00+09:00,696.9000244140625,697.0,693.4000244140625,695.7999877929688,0,0.0,0.0
2024-02-09 12:00:00+09:00,694.2999877929688,700.7000122070312,694.0,699.9000244140625,769500,0.0,0.0
2024-02-09 13:00:00+09:00,700.0,702.2999877929688,700.0,702.0,141000,0.0,0.0
2024-02-09 14:00:00+09:00,702.0999755859375,702.5999755859375,698.2999877929688,699.5999755859375,253900,0.0,0.0
2024-02-13 09:00:00+09:00,705.0,718.7000122070312,705.0,716.7999877929688,609900,0.0,0.0
2024-02-13 10:00:00+09:00,716.5999755859375,728.0,715.7000122070312,728.0,398400,0.0,0.0
2024-02-13 11:00:00+09:00,727.7000122070312,730.5999755859375,717.4000244140625,725.5999755859375,0,0.0,0.0
2024-02-13 12:00:00+09:00,725.0,729.7999877929688,724.4000244140625,725.4000244140625,1584700,0.0,0.0
2024-02-13 13:00:00+09:00,725.2999877929688,727.7999877929688,722.4000244140625,722.4000244140625,297700,0.0,0.0
2024-02-13 14:00:00+09:00,722.5999755859375,725.7999877929688,720.4000244140625,720.9000244140625,262000,0.0,0.0
2024-02-14 09:00:00+09:00,723.0,723.9000244140625,711.4000244140625,712.4000244140625,251900,0.0,0.0
2024-02-14 10:00:00+09:00,712.5,713.0999755859375,704.2000122070312,705.0999755859375,230400,0.0,0.0
2024-02-14 11:00:00+09:00,705.0,709.9000244140625,704.5999755859375,707.7999877929688,0,0.0,0.0
2024-02-14 12:00:00+09:00,709.5,712.0999755859375,705.5,710.5,723100,0.0,0.0
2024-02-14 13:00:00+09:00,710.2999877929688,710.2999877929688,703.4000244140625,703.4000244140625,175900,0.0,0.0
2024-02-14 14:00:00+09:00,703.2000122070312,707.7999877929688,702.0,706.0,293300,0.0,0.0
2024-02-15 09:00:00+09:00,713.5,721.2999877929688,710.5999755859375,717.2000122070312,379600,0.0,0.0
2024-02-15 10:00:00+09:00,717.0,717.0,707.5,710.4000244140625,149000,0.0,0.0
2024-02-15 11:00:00+09:00,710.2000122070312,710.4000244140625,707.2999877929688,707.7999877929688,0,0.0,0.0
2024-02-15 12:00:00+09:00,706.4000244140625,707.2999877929688,701.0,702.4000244140625,822600,0.0,0.0
2024-02-15 13:00:00+09:00,702.5999755859375,704.7999877929688,700.9000244140625,701.4000244140625,187500,0.0,0.0
2024-02-15 14:00:00+09:00,701.5,706.4000244140625,700.7000122070312,704.0999755859375,256400,0.0,0.0
2024-02-16 09:00:00+09:00,712.0999755859375,717.7000122070312,707.2999877929688,716.2999877929688,373000,0.0,0.0
2024-02-16 10:00:00+09:00,716.0,723.5999755859375,715.0999755859375,718.5999755859375,236300,0.0,0.0
2024-02-16 11:00:00+09:00,718.5999755859375,721.7999877929688,717.2999877929688,718.2999877929688,0,0.0,0.0
2024-02-16 12:00:00+09:00,718.2999877929688,720.7999877929688,717.4000244140625,718.2000122070312,803200,0.0,0.0
2024-02-16 13:00:00+09:00,718.4000244140625,718.5999755859375,713.2999877929688,713.7000122070312,141700,0.0,0.0
2024-02-16 14:00:00+09:00,714.0,717.0,712.0,714.5999755859375,200700,0.0,0.0
2024-02-19 09:00:00+09:00,714.0,719.5,710.0,717.7999877929688,227200,0.0,0.0
2024-02-19 10:00:00+09:00,717.7000122070312,719.2000122070312,716.0999755859375,718.0999755859375,112100,0.0,0.0
2024-02-19 11:00:00+09:00,718.2000122070312,720.5999755859375,716.9000244140625,719.2999877929688,0,0.0,0.0
2024-02-19 12:00:00+09:00,719.4000244140625,725.4000244140625,718.7999877929688,725.4000244140625,529000,0.0,0.0
2024-02-19 13:00:00+09:00,725.4000244140625,729.9000244140625,723.5,724.2000122070312,0,0.0,0.0
2024-02-19 14:00:00+09:00,724.2999877929688,729.5,724.2999877929688,729.5,1155400,0.0,0.0
2024-02-20 09:00:00+09:00,729.7000122070312,729.7000122070312,718.2999877929688,720.9000244140625,268500,0.0,0.0
2024-02-20 10:00:00+09:00,720.7999877929688,720.7999877929688,714.2000122070312,716.7000122070312,457800,0.0,0.0
2024-02-20 11:00:00+09:00,716.5999755859375,717.7999877929688,715.7000122070312,716.5,0,0.0,0.0
2024-02-20 12:00:00+09:00,715.7000122070312,718.0,712.5,715.0,1101200,0.0,0.0
2024-02-20 13:00:00+09:00,714.7999877929688,717.0,714.7999877929688,715.5999755859375,144800,0.0,0.0
2024-02-20 14:00:00+09:00,715.7000122070312,720.5,715.7000122070312,718.2999877929688,216300,0.0,0.0
2024-02-21 09:00:00+09:00,724.0,725.5,712.7999877929688,715.4000244140625,314100,0.0,0.0
2024-02-21 10:00:00+09:00,715.2000122070312,715.2000122070312,710.0999755859375,713.0999755859375,202100,0.0,0.0
2024-02-21 11:00:00+09:00,713.5,714.0999755859375,711.5,711.5,0,0.0,0.0
2024-02-21 12:00:00+09:00,711.0,716.5999755859375,707.2999877929688,709.4000244140625,897300,0.0,0.0
2024-02-21 13:00:00+09:00,709.4000244140625,716.7000122070312,709.2999877929688,715.7999877929688,156400,0.0,0.0
2024-02-21 14:00:00+09:00,715.7999877929688,718.4000244140625,715.2000122070312,717.5999755859375,208700,0.0,0.0
2024-02-22 09:00:00+09:00,723.9000244140625,739.9000244140625,721.2999877929688,727.7000122070312,564000,0.0,0.0
2024-02-22 10:00:00+09:00,727.7000122070312,734.7999877929688,727.5999755859375,730.5999755859375,138200,0.0,0.0
2024-02-22 11:00:00+09:00,730.7000122070312,734.4000244140625,730.7000122070312,733.9000244140625,0,0.0,0.0
2024-02-22 12:00:00+09:00,733.0999755859375,733.9000244140625,729.0999755859375,729.9000244140625,836600,0.0,0.0
2024-02-22 13:00:00+09:00,729.9000244140625,731.7000122070312,729.2999877929688,731.0,100900,0.0,0.0
2024-02-22 14:00:00+09:00,730.9000244140625,733.5,729.5,730.0,216300,0.0,0.0
2024-02-26 09:00:00+09:00,730.0,739.5,729.7999877929688,735.5999755859375,236000,0.0,0.0
2024-02-26 10:00:00+09:00,735.2999877929688,741.0,734.5999755859375,738.5999755859375,341500,0.0,0.0
2024-02-26 11:00:00+09:00,738.2999877929688,743.2000122070312,738.2999877929688,743.0,0,0.0,0.0
2024-02-26 12:00:00+09:00,741.0,748.4000244140625,741.0,747.7000122070312,860900,0.0,0.0
2024-02-26 13:00:00+09:00,747.5,750.5999755859375,746.5,747.5,233700,0.0,0.0
2024-02-26 14:00:00+09:00,747.5999755859375,747.5999755859375,743.0,743.0,144400,0.0,0.0
2024-02-27 09:00:00+09:00,729.0,737.0,717.0999755859375,736.7000122070312,596900,0.0,0.0
2024-02-27 10:00:00+09:00,736.5999755859375,737.4000244140625,731.0,733.9000244140625,121500,0.0,0.0
2024-02-27 11:00:00+09:00,733.9000244140625,735.0,730.0999755859375,732.2999877929688,0,0.0,0.0
2024-02-27 12:00:00+09:00,733.7000122070312,734.7999877929688,728.0999755859375,728.2999877929688,887700,0.0,0.0
2024-02-27 13:00:00+09:00,728.5,730.5999755859375,726.4000244140625,730.4000244140625,137700,0.0,0.0
2024-02-27 14:00:00+09:00,730.4000244140625,730.7000122070312,724.2000122070312,727.2999877929688,234100,0.0,0.0
2024-02-28 09:00:00+09:00,731.4000244140625,747.2999877929688,727.0,739.2999877929688,365200,0.0,0.0
2024-02-28 10:00:00+09:00,737.7999877929688,739.0999755859375,732.2000122070312,735.4000244140625,116400,0.0,0.0
2024-02-28 11:00:00+09:00,735.2999877929688,740.5,734.2999877929688,734.7999877929688,0,0.0,0.0
2024-02-28 12:00:00+09:00,734.7999877929688,746.7999877929688,734.7999877929688,744.9000244140625,760100,0.0,0.0
2024-02-28 13:00:00+09:00,744.7000122070312,746.7000122070312,726.5,737.5,286600,0.0,0.0
2024-02-28 14:00:00+09:00,737.5999755859375,740.5,736.5999755859375,740.5,214500,0.0,0.0
2024-02-29 09:00:00+09:00,735.4000244140625,738.7000122070312,728.2000122070312,731.2000122070312,339400,0.0,0.0
2024-02-29 10:00:00+09:00,731.0,733.7000122070312,724.4000244140625,725.7999877929688,213100,0.0,0.0
2024-02-29 11:00:00+09:00,725.9000244140625,726.0999755859375,722.4000244140625,723.4000244140625,0,0.0,0.0
2024-02-29 12:00:00+09:00,722.2000122070312,723.2000122070312,719.0,721.9000244140625,807600,0.0,0.0
2024-02-29 13:00:00+09:00,722.0,723.7000122070312,720.5,722.0,151900,0.0,0.0
2024-02-29 14:00:00+09:00,721.9000244140625,726.4000244140625,721.0999755859375,724.5999755859375,289700,0.0,0.0
2024-03-01 09:00:00+09:00,721.5999755859375,729.0999755859375,721.5999755859375,728.2000122070312,138500,0.0,0.0
2024-03-01 10:00:00+09:00,728.0999755859375,728.5,722.5,725.5,76800,0.0,0.0
2024-03-01 11:00:00+09:00,725.2999877929688,732.0,725.0999755859375,730.5999755859375,0,0.0,0.0
2024-03-01 12:00:00+09:00,730.0,730.0,724.2999877929688,727.0,332000,0.0,0.0
2024-03-01 13:00:00+09:00,726.9000244140625,726.9000244140625,723.0999755859375,724.7999877929688,116600,0.0,0.0
2024-03-01 14:00:00+09:00,724.5999755859375,726.5999755859375,723.4000244140625,724.7000122070312,193900,0.0,0.0
2024-03-04 09:00:00+09:00,718.0,720.0999755859375,711.9000244140625,719.0999755859375,372100,0.0,0.0
2024-03-04 10:00:00+09:00,719.2000122070312,721.0,713.7999877929688,715.0,186700,0.0,0.0
2024-03-04 11:00:00+09:00,715.4000244140625,716.5999755859375,713.7999877929688,715.0,0,0.0,0.0
2024-03-04 12:00:00+09:00,715.0,716.0,713.0999755859375,714.5999755859375,715200,0.0,0.0
2024-03-04 13:00:00+09:00,714.7999877929688,715.0,708.7999877929688,709.9000244140625,368000,0.0,0.0
2024-03-04 14:00:00+09:00,710.0,712.0999755859375,708.5999755859375,710.2999877929688,241400,0.0,0.0
2024-03-05 09:00:00+09:00,710.0,711.2999877929688,700.5999755859375,704.2999877929688,334400,0.0,0.0
2024-03-05 10:00:00+09:00,704.0999755859375,709.4000244140625,703.7999877929688,705.9000244140625,171500,0.0,0.0
2024-03-05 11:00:00+09:00,706.0,706.7999877929688,703.9000244140625,705.0999755859375,0,0.0,0.0
2024-03-05 12:00:00+09:00,705.0,708.5999755859375,703.0999755859375,707.9000244140625,716000,0.0,0.0
2024-03-05 13:00:00+09:00,708.0,711.9000244140625,707.7000122070312,710.2000122070312,145300,0.0,0.0
2024-03-05 14:00:00+09:00,710.2000122070312,712.0999755859375,707.4000244140625,707.7000122070312,248900,0.0,0.0
2024-03-06 09:00:00+09:00,713.5999755859375,727.0999755859375,710.0,725.5,339500,0.0,0.0
2024-03-06 10:00:00+09:00,725.5999755859375,726.7000122070312,719.4000244140625,719.5999755859375,100500,0.0,0.0
2024-03-06 11:00:00+09:00,719.9000244140625,722.7999877929688,719.4000244140625,722.0,0,0.0,0.0
2024-03-06 12:00:00+09:00,722.0,726.4000244140625,722.0,724.2999877929688,607200,0.0,0.0
2024-03-06 13:00:00+09:00,724.4000244140625,724.4000244140625,721.5,723.7000122070312,73900,0.0,0.0
2024-03-06 14:00:00+09:00,723.9000244140625,726.7000122070312,722.5999755859375,723.4000244140625,270300,0.0,0.0
2024-03-07 09:00:00+09:00,727.0,731.0,724.0,727.2000122070312,169000,0.0,0.0
2024-03-07 10:00:00+09:00,727.0,730.0,723.4000244140625,724.0999755859375,145200,0.0,0.0
2024-03-07 11:00:00+09:00,724.7999877929688,726.0,722.7999877929688,725.0,0,0.0,0.0
2024-03-07 12:00:00+09:00,725.0,735.0,724.5,734.5999755859375,482800,0.0,0.0
2024-03-07 13:00:00+09:00,734.7999877929688,743.5,732.2999877929688,741.0999755859375,298000,0.0,0.0
2024-03-07 14:00:00+09:00,741.2000122070312,752.2000122070312,739.7999877929688,745.5,528600,0.0,0.0
2024-03-08 09:00:00+09:00,737.7999877929688,749.9000244140625,737.7999877929688,746.2999877929688,443000,0.0,0.0
2024-03-08 10:00:00+09:00,746.2999877929688,753.5,744.4000244140625,750.4000244140625,224400,0.0,0.0
2024-03-08 11:00:00+09:00,750.2999877929688,753.0999755859375,750.2000122070312,751.5,0,0.0,0.0
2024-03-08 12:00:00+09:00,751.5,752.7999877929688,746.2999877929688,750.5,879300,0.0,0.0
2024-03-08 13:00:00+09:00,750.5,753.4000244140625,747.7000122070312,752.0,219400,0.0,0.0
2024-03-08 14:00:00+09:00,752.4000244140625,752.9000244140625,746.2000122070312,749.0999755859375,216600,0.0,0.0
2024-03-11 09:00:00+09:00,749.5,755.7999877929688,737.0,744.2999877929688,0,0.0,0.0
2024-03-11 10:00:00+09:00,744.0,746.7000122070312,740.4000244140625,744.0,109400,0.0,0.0
2024-03-11 11:00:00+09:00,744.2000122070312,744.4000244140625,739.5,744.0999755859375,0,0.0,0.0
2024-03-11 12:00:00+09:00,744.5999755859375,744.9000244140625,735.7000122070312,738.2999877929688,512900,0.0,0.0
2024-03-11 13:00:00+09:00,737.9000244140625,741.0,737.2000122070312,740.0999755859375,151100,0.0,0.0
2024-03-11 14:00:00+09:00,740.2999877929688,748.9000244140625,739.0,748.9000244140625,230100,0.0,0.0
2024-03-12 09:00:00+09:00,743.7999877929688,748.0,734.5999755859375,735.0,295600,0.0,0.0
2024-03-12 10:00:00+09:00,735.2000122070312,735.2000122070312,724.0,724.2999877929688,177500,0.0,0.0
2024-03-12 11:00:00+09:00,724.5,730.0,723.5,728.4000244140625,0,0.0,0.0
2024-03-12 12:00:00+09:00,729.0,734.2000122070312,728.2999877929688,730.0999755859375,662400,0.0,0.0
2024-03-12 13:00:00+09:00,729.5999755859375,733.9000244140625,729.5999755859375,732.2000122070312,148600,0.0,0.0
2024-03-12 14:00:00+09:00,731.9000244140625,736.7000122070312,731.2000122070312,736.7000122070312,207800,0.0,0.0
2024-03-13 09:00:00+09:00,735.5,758.9000244140625,731.7999877929688,740.5999755859375,405500,0.0,0.0
2024-03-13 10:00:00+09:00,740.0999755859375,751.5999755859375,736.9000244140625,750.5999755859375,127400,0.0,0.0
2024-03-13 11:00:00+09:00,750.5,755.7999877929688,748.2000122070312,752.5999755859375,0,0.0,0.0
2024-03-13 12:00:00+09:00,752.2999877929688,752.7000122070312,744.9000244140625,750.0999755859375,810400,0.0,0.0
2024-03-13 13:00:00+09:00,750.0,755.2000122070312,749.7999877929688,754.0,153500,0.0,0.0
2024-03-13 14:00:00+09:00,754.0999755859375,754.7999877929688,750.0999755859375,751.2000122070312,124300,0.0,0.0
2024-03-14 09:00:00+09:00,754.9000244140625,780.9000244140625,753.2999877929688,773.9000244140625,635400,0.0,0.0
2024-03-14 10:00:00+09:00,776.7000122070312,778.7000122070312,773.2999877929688,774.7999877929688,176700,0.0,0.0
2024-03-14 11:00:00+09:00,774.7000122070312,774.7000122070312,769.0,771.2000122070312,0,0.0,0.0
2024-03-14 12:00:00+09:00,771.2000122070312,777.0999755859375,770.7999877929688,776.5999755859375,1061300,0.0,0.0
2024-03-14 13:00:00+09:00,776.7999877929688,777.7000122070312,771.5999755859375,775.5,131900,0.0,0.0
2024-03-14 14:00:00+09:00,775.2999877929688,777.5,770.7000122070312,775.0,191900,0.0,0.0
2024-03-15 09:00:00+09:00,771.9000244140625,787.0999755859375,768.0,781.4000244140625,371400,0.0,0.0
2024-03-15 10:00:00+09:00,781.7999877929688,787.0,777.2000122070312,786.0999755859375,169800,0.0,0.0
2024-03-15 11:00:00+09:00,786.2000122070312,792.7000122070312,785.9000244140625,789.2999877929688,0,0.0,0.0
2024-03-15 12:00:00+09:00,791.5,794.2999877929688,786.7999877929688,789.2000122070312,857300,0.0,0.0
2024-03-15 13:00:00+09:00,789.0999755859375,789.0999755859375,781.5,783.7999877929688,202000,0.0,0.0
2024-03-15 14:00:00+09:00,783.7999877929688,789.0,783.7999877929688,789.0,205500,0.0,0.0
2024-03-18 09:00:00+09:00,800.0,800.0999755859375,772.0999755859375,772.5999755859375,466200,0.0,0.0
2024-03-18 10:00:00+09:00,772.4000244140625,779.4000244140625,770.2000122070312,774.2999877929688,148500,0.0,0.0
2024-03-18 11:00:00+09:00,774.7000122070312,777.5,771.9000244140625,776.4000244140625,0,0.0,0.0
2024-03-18 12:00:00+09:00,777.0,780.2999877929688,774.2999877929688,779.4000244140625,816000,0.0,0.0
2024-03-18 13:00:00+09:00,779.4000244140625,783.9000244140625,778.2000122070312,782.7999877929688,110800,0.0,0.0
2024-03-18 14:00:00+09:00,782.5999755859375,783.5999755859375,780.9000244140625,781.0,127800,0.0,0.0
2024-03-19 09:00:00+09:00,781.5,790.5999755859375,781.5,787.7999877929688,165300,0.0,0.0
2024-03-19 10:00:00+09:00,787.7999877929688,789.4000244140625,781.4000244140625,782.5999755859375,83000,0.0,0.0
2024-03-19 11:00:00+09:00,782.9000244140625,785.9000244140625,781.7000122070312,785.9000244140625,0,0.0,0.0
2024-03-19 12:00:00+09:00,785.0999755859375,791.7000122070312,784.9000244140625,790.7000122070312,367700,0.0,0.0
2024-03-19 13:00:00+09:00,790.7000122070312,791.2999877929688,782.0,785.7000122070312,76200,0.0,0.0
2024-03-19 14:00:00+09:00,785.5,785.7999877929688,780.4000244140625,782.0999755859375,107100,0.0,0.0
2024-03-21 09:00:00+09:00,785.5,795.7000122070312,777.5999755859375,793.7999877929688,215700,0.0,0.0
2024-03-21 10:00:00+09:00,793.9000244140625,795.2999877929688,788.0,789.9000244140625,112500,0.0,0.0
2024-03-21 11:00:00+09:00,789.2999877929688,793.4000244140625,789.2000122070312,792.9000244140625,0,0.0,0.0
2024-03-21 12:00:00+09:00,789.7000122070312,792.2000122070312,785.4000244140625,789.4000244140625,452900,0.0,0.0
2024-03-21 13:00:00+09:00,789.4000244140625,789.4000244140625,784.4000244140625,787.5,116800,0.0,0.0
2024-03-21 14:00:00+09:00,787.2999877929688,789.5,786.9000244140625,788.0,149200,0.0,0.0
2024-03-22 09:00:00+09:00,792.0999755859375,794.5,781.4000244140625,788.2000122070312,150200,0.0,0.0
2024-03-22 10:00:00+09:00,789.0,797.7999877929688,788.5999755859375,792.9000244140625,121900,0.0,0.0
2024-03-22 11:00:00+09:00,793.0,794.9000244140625,790.5999755859375,790.7000122070312,0,0.0,0.0
2024-03-22 12:00:00+09:00,791.5999755859375,792.2999877929688,785.5999755859375,787.4000244140625,400300,0.0,0.0
2024-03-22 13:00:00+09:00,787.4000244140625,792.0,786.5999755859375,791.7999877929688,60100,0.0,0.0
2024-03-22 14:00:00+09:00,791.5999755859375,792.2999877929688,788.9000244140625,792.2999877929688,92300,0.0,0.0
2024-03-25 09:00:00+09:00,799.9000244140625,807.7000122070312,791.5999755859375,805.2000122070312,429400,0.0,0.0
2024-03-25 10:00:00+09:00,805.0,805.5,795.4000244140625,802.7999877929688,146100,0.0,0.0
2024-03-25 11:00:00+09:00,802.2999877929688,805.0,800.5999755859375,805.0,0,0.0,0.0
2024-03-25 12:00:00+09:00,805.0,805.0,801.7000122070312,803.0999755859375,714700,0.0,0.0
2024-03-25 13:00:00+09:00,803.2999877929688,804.0999755859375,798.4000244140625,800.2000122070312,70400,0.0,0.0
2024-03-25 14:00:00+09:00,799.9000244140625,802.0,795.5999755859375,796.2999877929688,184700,0.0,0.0
2024-03-26 09:00:00+09:00,799.4000244140625,799.4000244140625,782.7000122070312,786.0,192000,0.0,0.0
2024-03-26 10:00:00+09:00,786.0999755859375,792.7000122070312,784.7000122070312,792.2000122070312,92300,0.0,0.0
2024-03-26 11:00:00+09:00,791.9000244140625,794.9000244140625,791.0,793.2999877929688,0,0.0,0.0
2024-03-26 12:00:00+09:00,794.0,798.7000122070312,793.2999877929688,796.2000122070312,409900,0.0,0.0
2024-03-26 13:00:00+09:00,796.0999755859375,797.0999755859375,792.5,793.7000122070312,96400,0.0,0.0
2024-03-26 14:00:00+09:00,793.2999877929688,795.5999755859375,790.7000122070312,790.7000122070312,128800,0.0,0.0
2024-03-27 09:00:00+09:00,835.0,835.5,770.0999755859375,792.2999877929688,1954300,0.0,0.0
2024-03-27 10:00:00+09:00,792.0999755859375,805.0,790.0,801.4000244140625,418800,0.0,0.0
2024-03-27 11:00:00+09:00,801.9000244140625,804.4000244140625,799.0,799.7000122070312,0,0.0,0.0
2024-03-27 12:00:00+09:00,800.0,800.2000122070312,792.4000244140625,794.5999755859375,2776600,0.0,0.0
2024-03-27 13:00:00+09:00,794.5999755859375,799.0999755859375,794.0,798.0999755859375,187200,0.0,0.0
2024-03-27 14:00:00+09:00,797.9000244140625,800.5,792.5,792.7000122070312,345100,0.0,0.0
2024-03-28 09:00:00+09:00,785.4000244140625,823.9000244140625,785.0,817.7000122070312,764800,0.0,0.0
2024-03-28 10:00:00+09:00,817.0,824.5,812.0999755859375,813.9000244140625,268300,0.0,0.0
2024-03-28 11:00:00+09:00,813.7999877929688,814.0,803.0999755859375,803.0999755859375,0,0.0,0.0
2024-03-28 12:00:00+09:00,804.9000244140625,810.5999755859375,803.7000122070312,810.2999877929688,1328500,0.0,0.0
2024-03-28 13:00:00+09:00,810.4000244140625,811.7999877929688,805.2000122070312,805.7999877929688,166900,0.0,0.0
2024-03-28 14:00:00+09:00,805.9000244140625,806.4000244140625,800.0,800.5,239400,0.0,0.0
2024-03-29 09:00:00+09:00,800.0,807.0,790.5,803.2999877929688,366600,0.0,0.0
2024-03-29 10:00:00+09:00,803.2000122070312,807.9000244140625,801.5,802.9000244140625,265200,0.0,0.0
2024-03-29 11:00:00+09:00,803.0,804.0,800.7999877929688,803.4000244140625,0,0.0,0.0
2024-03-29 12:00:00+09:00,803.2999877929688,806.5,798.7000122070312,802.7999877929688,808700,0.0,0.0
2024-03-29 13:00:00+09:00,802.7999877929688,806.0999755859375,800.4000244140625,801.5,160400,0.0,0.0
2024-03-29 14:00:00+09:00,801.4000244140625,803.2999877929688,799.0999755859375,803.2999877929688,226700,0.0,0.0
2024-04-01 09:00:00+09:00,809.0,814.9000244140625,797.7999877929688,800.5999755859375,337100,0.0,0.0
2024-04-01 10:00:00+09:00,800.5,802.5,791.0,791.7999877929688,167700,0.0,0.0
2024-04-01 11:00:00+09:00,791.4000244140625,791.4000244140625,786.5,787.0,0,0.0,0.0
2024-04-01 12:00:00+09:00,786.4000244140625,796.7999877929688,785.5,796.4000244140625,732500,0.0,0.0
2024-04-01 13:00:00+09:00,796.5,797.0999755859375,792.2000122070312,794.9000244140625,137500,0.0,0.0
2024-04-01 14:00:00+09:00,795.2999877929688,795.4000244140625,787.5,788.7000122070312,197000,0.0,0.0
2024-04-02 09:00:00+09:00,787.9000244140625,794.5999755859375,783.5,790.2000122070312,287000,0.0,0.0
2024-04-02 10:00:00+09:00,789.9000244140625,793.9000244140625,787.0,792.0,116300,0.0,0.0
2024-04-02 11:00:00+09:00,792.5,794.0,790.0,791.0,0,0.0,0.0
2024-04-02 12:00:00+09:00,790.4000244140625,793.5,788.2000122070312,789.9000244140625,552800,0.0,0.0
2024-04-02 13:00:00+09:00,789.5999755859375,790.7000122070312,786.7000122070312,789.7000122070312,105300,0.0,0.0
2024-04-02 14:00:00+09:00,789.7999877929688,790.2000122070312,783.9000244140625,785.9000244140625,169700,0.0,0.0
2024-04-03 09:00:00+09:00,790.7999877929688,811.0,790.2000122070312,808.5999755859375,0,0.0,0.0
2024-04-03 10:00:00+09:00,808.7000122070312,832.2000122070312,808.4000244140625,826.4000244140625,786500,0.0,0.0
2024-04-03 11:00:00+09:00,826.9000244140625,832.7000122070312,825.0,832.7000122070312,0,0.0,0.0
2024-04-03 12:00:00+09:00,830.7999877929688,835.5,827.7000122070312,830.7000122070312,1183900,0.0,0.0
2024-04-03 13:00:00+09:00,831.0,832.7999877929688,821.2999877929688,826.2999877929688,187700,0.0,0.0
2024-04-03 14:00:00+09:00,826.2999877929688,827.4000244140625,819.2000122070312,823.2999877929688,224800,0.0,0.0
2024-04-04 09:00:00+09:00,824.0999755859375,850.0,824.0999755859375,841.4000244140625,588300,0.0,0.0
2024-04-04 10:00:00+09:00,841.4000244140625,858.9000244140625,840.4000244140625,856.7999877929688,384900,0.0,0.0
2024-04-04 11:00:00+09:00,856.5,863.0,855.0,857.4000244140625,0,0.0,0.0
2024-04-04 12:00:00+09:00,860.0,865.5999755859375,853.4000244140625,863.7999877929688,1405100,0.0,0.0
2024-04-04 13:00:00+09:00,863.7000122070312,864.0999755859375,858.5999755859375,859.5,210700,0.0,0.0
2024-04-04 14:00:00+09:00,859.5,864.5,857.5999755859375,864.5,264800,0.0,0.0
2024-04-05 09:00:00+09:00,858.4000244140625,874.5999755859375,848.0999755859375,858.0,873100,0.0,0.0
2024-04-05 10:00:00+09:00,857.7999877929688,861.5,847.0999755859375,851.5999755859375,312900,0.0,0.0
2024-04-05 11:00:00+09:00,851.7999877929688,855.5999755859375,851.0999755859375,854.2999877929688,0,0.0,0.0
2024-04-05 12:00:00+09:00,854.5,868.5,854.0,866.9000244140625,1417700,0.0,0.0
2024-04-05 13:00:00+09:00,866.5,871.4000244140625,863.0,864.5,236300,0.0,0.0
2024-04-05 14:00:00+09:00,864.4000244140625,872.9000244140625,863.0,872.5999755859375,270300,0.0,0.0
2024-04-08 09:00:00+09:00,874.5,889.0,865.5999755859375,881.2999877929688,503200,0.0,0.0
2024-04-08 10:00:00+09:00,881.2000122070312,892.7000122070312,876.0,891.0999755859375,165600,0.0,0.0
2024-04-08 11:00:00+09:00,890.9000244140625,890.9000244140625,885.2999877929688,889.7999877929688,0,0.0,0.0
2024-04-08 12:00:00+09:00,888.0,890.2999877929688,882.0,889.5,837900,0.0,0.0
2024-04-08 13:00:00+09:00,889.4000244140625,889.5,882.7000122070312,884.7000122070312,116200,0.0,0.0
2024-04-08 14:00:00+09:00,884.5,887.5999755859375,877.7000122070312,883.5,225900,0.0,0.0
2024-04-09 09:00:00+09:00,880.7999877929688,884.5999755859375,875.9000244140625,876.5,236000,0.0,0.0
2024-04-09 10:00:00+09:00,876.4000244140625,894.5999755859375,875.5,892.7000122070312,191900,0.0,0.0
2024-04-09 11:00:00+09:00,893.0999755859375,893.2999877929688,887.7999877929688,889.0,0,0.0,0.0
2024-04-09 12:00:00+09:00,890.0,894.2999877929688,888.7999877929688,893.2999877929688,567400,0.0,0.0
2024-04-09 13:00:00+09:00,893.4000244140625,896.0,889.5,890.4000244140625,190400,0.0,0.0
2024-04-09 14:00:00+09:00,891.0999755859375,895.5,890.7999877929688,894.0999755859375,160100,0.0,0.0
2024-04-10 09:00:00+09:00,900.0,902.7999877929688,887.5999755859375,902.0999755859375,394600,0.0,0.0
2024-04-10 10:00:00+09:00,902.2999877929688,912.7999877929688,901.5,909.9000244140625,249600,0.0,0.0
2024-04-10 11:00:00+09:00,909.5,915.5999755859375,908.7000122070312,913.4000244140625,0,0.0,0.0
2024-04-10 12:00:00+09:00,915.2999877929688,934.5,914.5999755859375,932.0,1150700,0.0,0.0
2024-04-10 13:00:00+09:00,931.9000244140625,933.0,920.4000244140625,926.5,221300,0.0,0.0
2024-04-10 14:00:00+09:00,926.2999877929688,927.0,921.7999877929688,924.5,312700,0.0,0.0
2024-04-11 09:00:00+09:00,925.2000122070312,942.0,913.5999755859375,939.2999877929688,770600,0.0,0.0
2024-04-11 10:00:00+09:00,939.5999755859375,947.0,925.7999877929688,928.2000122070312,337300,0.0,0.0
2024-04-11 11:00:00+09:00,928.2999877929688,936.4000244140625,927.9000244140625,934.5,0,0.0,0.0
2024-04-11 12:00:00+09:00,934.5,948.9000244140625,931.2999877929688,946.4000244140625,1602500,0.0,0.0
2024-04-11 13:00:00+09:00,946.4000244140625,948.0,934.7000122070312,936.7000122070312,252600,0.0,0.0
2024-04-11 14:00:00+09:00,937.2000122070312,939.2000122070312,930.5,935.2000122070312,348500,0.0,0.0
2024-04-12 09:00:00+09:00,943.2999877929688,943.9000244140625,920.0999755859375,926.5999755859375,564800,0.0,0.0
2024-04-12 10:00:00+09:00,926.9000244140625,931.2999877929688,922.9000244140625,924.5999755859375,143200,0.0,0.0
2024-04-12 11:00:00+09:00,924.2000122070312,928.0999755859375,924.0,925.5999755859375,0,0.0,0.0
2024-04-12 12:00:00+09:00,925.0,931.4000244140625,923.9000244140625,925.4000244140625,908400,0.0,0.0
2024-04-12 13:00:00+09:00,925.2000122070312,926.4000244140625,919.2000122070312,919.2999877929688,175200,0.0,0.0
2024-04-12 14:00:00+09:00,919.5999755859375,927.0,919.5999755859375,925.0,277500,0.0,0.0
2024-04-15 09:00:00+09:00,918.4000244140625,931.0999755859375,902.2999877929688,930.0,440700,0.0,0.0
2024-04-15 10:00:00+09:00,930.7999877929688,954.7999877929688,930.7999877929688,951.7000122070312,526400,0.0,0.0
2024-04-15 11:00:00+09:00,952.4000244140625,960.2000122070312,952.2999877929688,952.7000122070312,0,0.0,0.0
2024-04-15 12:00:00+09:00,952.7999877929688,959.5999755859375,949.0999755859375,953.0,1366800,0.0,0.0
2024-04-15 13:00:00+09:00,953.0999755859375,957.9000244140625,949.2999877929688,949.5,178400,0.0,0.0
2024-04-15 14:00:00+09:00,949.5999755859375,951.9000244140625,947.2999877929688,949.7000122070312,243900,0.0,0.0
2024-04-16 09:00:00+09:00,941.5,955.4000244140625,935.0,946.0999755859375,523000,0.0,0.0
2024-04-16 10:00:00+09:00,946.7999877929688,952.0999755859375,944.0,947.2999877929688,156300,0.0,0.0
2024-04-16 11:00:00+09:00,946.7999877929688,950.2999877929688,940.4000244140625,941.5,0,0.0,0.0
2024-04-16 12:00:00+09:00,939.9000244140625,947.2000122070312,936.5999755859375,946.0,950900,0.0,0.0
2024-04-16 13:00:00+09:00,946.0,946.0,933.0,939.7000122070312,196400,0.0,0.0
2024-04-16 14:00:00+09:00,940.0,943.4000244140625,936.5,937.5999755859375,216800,0.0,0.0
2024-04-17 09:00:00+09:00,941.0,960.2999877929688,913.2999877929688,918.7999877929688,846100,0.0,0.0
2024-04-17 10:00:00+09:00,920.0,925.2999877929688,903.7999877929688,925.2999877929688,478400,0.0,0.0
2024-04-17 11:00:00+09:00,925.5,932.2999877929688,921.2999877929688,931.0999755859375,0,0.0,0.0
2024-04-17 12:00:00+09:00,931.7000122070312,939.0999755859375,923.0,929.5,1720400,0.0,0.0
2024-04-17 13:00:00+09:00,929.5999755859375,931.0,919.2000122070312,920.4000244140625,201400,0.0,0.0
2024-04-17 14:00:00+09:00,920.4000244140625,925.9000244140625,915.5,915.5999755859375,318900,0.0,0.0
2024-04-18 09:00:00+09:00,905.0999755859375,918.5,896.0999755859375,914.7999877929688,428800,0.0,0.0
2024-04-18 10:00:00+09:00,914.7999877929688,923.0999755859375,908.9000244140625,914.7999877929688,135000,0.0,0.0
2024-04-18 11:00:00+09:00,914.7999877929688,924.0,914.2999877929688,922.9000244140625,0,0.0,0.0
2024-04-18 12:00:00+09:00,925.0,928.0999755859375,920.7000122070312,925.0999755859375,803100,0.0,0.0
2024-04-18 13:00:00+09:00,925.2000122070312,929.2000122070312,921.5999755859375,923.4000244140625,143500,0.0,0.0
2024-04-18 14:00:00+09:00,923.2000122070312,931.2999877929688,921.0999755859375,929.7000122070312,192100,0.0,0.0
2024-04-19 09:00:00+09:00,929.0,939.5,915.5,920.2999877929688,318600,0.0,0.0
2024-04-19 10:00:00+09:00,920.9000244140625,921.2000122070312,907.0999755859375,913.4000244140625,206600,0.0,0.0
2024-04-19 11:00:00+09:00,913.9000244140625,915.0999755859375,905.0999755859375,910.4000244140625,0,0.0,0.0
2024-04-19 12:00:00+09:00,910.0,919.5,907.5999755859375,916.2000122070312,794900,0.0,0.0
2024-04-19 13:00:00+09:00,916.5,920.0,913.4000244140625,916.0999755859375,145700,0.0,0.0
2024-04-19 14:00:00+09:00,916.2000122070312,920.7999877929688,912.2000122070312,916.5999755859375,268000,0.0,0.0
2024-04-22 09:00:00+09:00,930.0,963.5,929.0,948.7000122070312,479800,0.0,0.0
2024-04-22 10:00:00+09:00,948.5,958.5999755859375,944.0,953.5,213400,0.0,0.0
2024-04-22 11:00:00+09:00,954.2000122070312,961.0,954.2000122070312,961.0,0,0.0,0.0
2024-04-22 12:00:00+09:00,958.0999755859375,958.5,947.4000244140625,947.5,965800,0.0,0.0
2024-04-22 13:00:00+09:00,947.2999877929688,947.7999877929688,940.2999877929688,943.2999877929688,156400,0.0,0.0
2024-04-22 14:00:00+09:00,943.7000122070312,956.4000244140625,943.7000122070312,955.4000244140625,190100,0.0,0.0
2024-04-23 09:00:00+09:00,965.0,989.0,957.4000244140625,969.5999755859375,820600,0.0,0.0
2024-04-23 10:00:00+09:00,968.9000244140625,972.5,962.2000122070312,964.7000122070312,222300,0.0,0.0
2024-04-23 11:00:00+09:00,964.4000244140625,967.0999755859375,960.2000122070312,964.9000244140625,0,0.0,0.0
2024-04-23 12:00:00+09:00,964.9000244140625,964.9000244140625,954.2000122070312,957.7000122070312,1277300,0.0,0.0
2024-04-23 13:00:00+09:00,957.4000244140625,957.9000244140625,950.5999755859375,954.5,148400,0.0,0.0
2024-04-23 14:00:00+09:00,954.5999755859375,956.0,950.5,954.4000244140625,177300,0.0,0.0
2024-04-24 09:00:00+09:00,955.0,960.0,933.2999877929688,936.0,277800,0.0,0.0
2024-04-24 10:00:00+09:00,936.2999877929688,939.9000244140625,927.7999877929688,938.7000122070312,210800,0.0,0.0
2024-04-24 11:00:00+09:00,939.2999877929688,940.4000244140625,936.0999755859375,939.2999877929688,0,0.0,0.0
2024-04-24 12:00:00+09:00,939.5,940.4000244140625,932.0,938.7000122070312,612000,0.0,0.0
2024-04-24 13:00:00+09:00,938.2999877929688,941.2999877929688,935.4000244140625,940.2000122070312,84900,0.0,0.0
2024-04-24 14:00:00+09:00,939.9000244140625,941.5,928.5999755859375,929.0999755859375,229200,0.0,0.0
2024-04-25 09:00:00+09:00,923.2999877929688,926.9000244140625,898.5,913.0,501200,0.0,0.0
2024-04-25 10:00:00+09:00,912.2000122070312,912.9000244140625,900.4000244140625,909.9000244140625,115800,0.0,0.0
2024-04-25 11:00:00+09:00,909.0,911.7999877929688,906.5,911.7999877929688,0,0.0,0.0
2024-04-25 12:00:00+09:00,911.7999877929688,912.9000244140625,906.5,910.0999755859375,730400,0.0,0.0
2024-04-25 13:00:00+09:00,910.2000122070312,913.5,905.0,906.5,84300,0.0,0.0
2024-04-25 14:00:00+09:00,906.5,906.5,898.5999755859375,898.5999755859375,213400,0.0,0.0
2024-04-26 09:00:00+09:00,897.5999755859375,904.0,882.4000244140625,883.2999877929688,301300,0.0,0.0
2024-04-26 10:00:00+09:00,884.0999755859375,888.5999755859375,876.7999877929688,877.7999877929688,162900,0.0,0.0
2024-04-26 11:00:00+09:00,877.7000122070312,888.2999877929688,877.5,887.2000122070312,0,0.0,0.0
2024-04-26 12:00:00+09:00,889.4000244140625,900.0,887.2000122070312,897.0999755859375,719300,0.0,0.0
2024-04-26 13:00:00+09:00,897.0,901.0,890.7000122070312,897.0,221600,0.0,0.0
2024-04-26 14:00:00+09:00,897.4000244140625,898.7000122070312,891.5,897.2000122070312,334800,0.0,0.0
2024-04-30 09:00:00+09:00,890.7999877929688,926.0,876.0,919.7000122070312,410700,0.0,0.0
2024-04-30 10:00:00+09:00,919.7000122070312,933.5,919.7000122070312,931.0,209800,0.0,0.0
2024-04-30 11:00:00+09:00,930.2999877929688,934.0,922.9000244140625,925.2000122070312,0,0.0,0.0
2024-04-30 12:00:00+09:00,926.0,931.7000122070312,918.0,929.9000244140625,807700,0.0,0.0
2024-04-30 13:00:00+09:00,930.0,931.5999755859375,923.7000122070312,924.9000244140625,126400,0.0,0.0
2024-04-30 14:00:00+09:00,925.2999877929688,931.0999755859375,923.0999755859375,931.0999755859375,262000,0.0,0.0
2024-05-01 09:00:00+09:00,941.7000122070312,995.9000244140625,931.5999755859375,985.5,1885100,0.0,0.0
2024-05-01 10:00:00+09:00,985.7000122070312,1008.5,979.0,1002.0,1298200,0.0,0.0
2024-05-01 11:00:00+09:00,1002.0,1008.5,988.0,988.7999877929688,0,0.0,0.0
2024-05-01 12:00:00+09:00,988.4000244140625,997.7000122070312,980.4000244140625,989.7000122070312,4184500,0.0,0.0
2024-05-01 13:00:00+09:00,989.9000244140625,997.4000244140625,988.7999877929688,990.7999877929688,341800,0.0,0.0
2024-05-01 14:00:00+09:00,991.2000122070312,996.7000122070312,985.9000244140625,995.0999755859375,497300,0.0,0.0
2024-05-02 09:00:00+09:00,981.0,1018.5,967.0,1010.0,957900,0.0,0.0
2024-05-02 10:00:00+09:00,1010.0,1025.0,1006.5,1018.5,806400,0.0,0.0
2024-05-02 11:00:00+09:00,1019.0,1020.5,1016.0,1016.0,0,0.0,0.0
2024-05-02 12:00:00+09:00,1017.0,1022.0,1014.5,1015.0,2153100,0.0,0.0
2024-05-02 13:00:00+09:00,1014.5,1016.0,1005.0,1010.0,448400,0.0,0.0
2024-05-02 14:00:00+09:00,1010.0,1025.0,1010.0,1023.0,597200,0.0,0.0
2024-05-07 09:00:00+09:00,1036.0,1037.0,1000.5,1007.5,539900,0.0,0.0
2024-05-07 10:00:00+09:00,1007.5,1013.0,998.9000244140625,1010.0,385100,0.0,0.0
2024-05-07 11:00:00+09:00,1010.0,1010.0,1002.5,1005.0,0,0.0,0.0
2024-05-07 12:00:00+09:00,1005.5,1015.0,1005.0,1013.0,1094200,0.0,0.0
2024-05-07 13:00:00+09:00,1013.5,1019.0,1012.5,1017.5,117100,0.0,0.0
2024-05-07 14:00:00+09:00,1017.5,1019.5,1014.5,1018.0,153500,0.0,0.0
2024-05-08 09:00:00+09:00,1017.0,1029.5,992.5,997.0999755859375,273500,0.0,0.0
2024-05-08 10:00:00+09:00,996.7999877929688,1002.5,991.4000244140625,1001.5,108900,0.0,0.0
2024-05-08 11:00:00+09:00,1001.5,1006.5,1001.5,1005.0,0,0.0,0.0
2024-05-08 12:00:00+09:00,1002.0,1011.5,1001.0,1010.5,517800,0.0,0.0
2024-05-08 13:00:00+09:00,1010.0,1015.5,1007.5,1013.0,117500,0.0,0.0
2024-05-08 14:00:00+09:00,1013.5,1016.5,1004.5,1006.0,161800,0.0,0.0
2024-05-09 09:00:00+09:00,1020.0,1020.5,992.7999877929688,1004.5,348300,0.0,0.0
2024-05-09 10:00:00+09:00,1004.0,1013.0,1002.5,1007.5,73000,0.0,0.0
2024-05-09 11:00:00+09:00,1007.5,1010.0,1002.5,1010.0,0,0.0,0.0
2024-05-09 12:00:00+09:00,1010.0,1013.0,1003.5,1005.0,523900,0.0,0.0
2024-05-09 13:00:00+09:00,1005.0,1006.5,1003.0,1004.0,53300,0.0,0.0
2024-05-09 14:00:00+09:00,1004.0,1007.5,1002.5,1004.5,105000,0.0,0.0
2024-05-10 09:00:00+09:00,1010.0,1032.0,1007.0,1025.0,326900,0.0,0.0
2024-05-10 10:00:00+09:00,1025.0,1031.0,1021.0,1022.5,92500,0.0,0.0
2024-05-10 11:00:00+09:00,1023.0,1023.5,1018.0,1021.0,0,0.0,0.0
2024-05-10 12:00:00+09:00,1017.5,1031.0,1017.5,1021.0,591200,0.0,0.0
2024-05-10 13:00:00+09:00,1021.5,1027.5,1021.5,1026.5,98600,0.0,0.0
2024-05-10 14:00:00+09:00,1026.0,1030.0,1025.0,1027.0,214600,0.0,0.0
2024-05-13 09:00:00+09:00,1016.0,1016.5,989.2000122070312,992.4000244140625,0,0.0,0.0
2024-05-13 10:00:00+09:00,992.2000122070312,1000.5,990.5,999.0999755859375,180300,0.0,0.0
2024-05-13 11:00:00+09:00,998.7000122070312,1002.0,997.2000122070312,999.7999877929688,0,0.0,0.0
2024-05-13 12:00:00+09:00,1000.0,1007.5,999.5999755859375,1000.5,874400,0.0,0.0
2024-05-13 13:00:00+09:00,1000.5,1003.5,991.2000122070312,993.0,197900,0.0,0.0
2024-05-13 14:00:00+09:00,993.4000244140625,1005.0,993.4000244140625,1003.0,214400,0.0,0.0
2024-05-14 09:00:00+09:00,1002.5,1005.5,991.4000244140625,996.2999877929688,223100,0.0,0.0
2024-05-14 10:00:00+09:00,996.0,1003.5,992.7999877929688,994.7999877929688,132500,0.0,0.0
2024-05-14 11:00:00+09:00,994.9000244140625,996.4000244140625,990.2000122070312,992.2999877929688,0,0.0,0.0
2024-05-14 12:00:00+09:00,990.0,997.0999755859375,986.0,996.9000244140625,618700,0.0,0.0
2024-05-14 13:00:00+09:00,997.0,1000.5,994.9000244140625,995.7999877929688,136300,0.0,0.0
2024-05-14 14:00:00+09:00,995.5,1011.0,995.2999877929688,1005.5,263200,0.0,0.0
2024-05-15 09:00:00+09:00,1015.5,1026.5,1003.0,1014.5,230600,0.0,0.0
2024-05-15 10:00:00+09:00,1014.5,1014.5,987.5999755859375,988.0999755859375,185400,0.0,0.0
2024-05-15 11:00:00+09:00,988.2999877929688,991.5,983.7999877929688,986.0,0,0.0,0.0
2024-05-15 12:00:00+09:00,990.0999755859375,1001.0,988.7999877929688,999.2999877929688,605600,0.0,0.0
2024-05-15 13:00:00+09:00,999.2000122070312,999.2000122070312,992.7999877929688,993.7999877929688,108400,0.0,0.0
2024-05-15 14:00:00+09:00,993.7000122070312,995.5999755859375,990.7999877929688,990.7999877929688,167100,0.0,0.0
2024-05-16 09:00:00+09:00,999.9000244140625,1007.5,992.0,996.5,145600,0.0,0.0
2024-05-16 10:00:00+09:00,996.0,1002.5,993.9000244140625,994.7000122070312,102500,0.0,0.0
2024-05-16 11:00:00+09:00,995.7999877929688,1001.0,994.7999877929688,999.2000122070312,0,0.0,0.0
2024-05-16 12:00:00+09:00,1001.0,1005.5,997.0,997.2999877929688,364400,0.0,0.0
2024-05-16 13:00:00+09:00,997.4000244140625,1000.5,989.0999755859375,992.0,229500,0.0,0.0
2024-05-16 14:00:00+09:00,992.0,1004.0,991.5,1003.0,192500,0.0,0.0
2024-05-17 09:00:00+09:00,994.2999877929688,1011.0,992.5999755859375,1009.0,347400,0.0,0.0
2024-05-17 10:00:00+09:00,1009.5,1025.0,1008.0,1019.5,184200,0.0,0.0
2024-05-17 11:00:00+09:00,1020.0,1028.0,1020.0,1026.0,0,0.0,0.0
2024-05-17 12:00:00+09:00,1027.0,1035.0,1026.5,1029.0,783000,0.0,0.0
2024-05-17 13:00:00+09:00,1029.0,1031.5,1020.5,1029.5,140600,0.0,0.0
2024-05-17 14:00:00+09:00,1029.5,1030.0,1022.5,1022.5,165000,0.0,0.0
2024-05-20 09:00:00+09:00,1022.5,1052.5,1013.0,1049.0,547300,0.0,0.0
2024-05-20 10:00:00+09:00,1049.0,1049.0,1039.5,1044.5,153300,0.0,0.0
2024-05-20 11:00:00+09:00,1044.0,1046.0,1041.0,1046.0,0,0.0,0.0
2024-05-20 12:00:00+09:00,1045.0,1050.5,1034.5,1042.5,914500,0.0,0.0
2024-05-20 13:00:00+09:00,1042.5,1045.5,1041.0,1045.0,98500,0.0,0.0
2024-05-20 14:00:00+09:00,1044.5,1048.5,1042.0,1048.5,146000,0.0,0.0
2024-05-21 09:00:00+09:00,1055.0,1080.5,1048.5,1072.0,455300,0.0,0.0
2024-05-21 10:00:00+09:00,1073.0,1091.5,1072.5,1086.5,253000,0.0,0.0
2024-05-21 11:00:00+09:00,1086.5,1088.0,1079.5,1084.0,0,0.0,0.0
2024-05-21 12:00:00+09:00,1086.0,1090.0,1085.0,1086.5,868700,0.0,0.0
2024-05-21 13:00:00+09:00,1086.5,1087.5,1076.0,1083.0,112100,0.0,0.0
2024-05-21 14:00:00+09:00,1082.0,1082.5,1067.0,1068.5,319100,0.0,0.0
2024-05-22 09:00:00+09:00,1079.0,1099.5,1066.5,1070.5,353500,0.0,0.0
2024-05-22 10:00:00+09:00,1070.0,1077.0,1066.0,1067.0,141100,0.0,0.0
2024-05-22 11:00:00+09:00,1068.0,1071.5,1063.5,1066.5,0,0.0,0.0
2024-05-22 12:00:00+09:00,1064.0,1075.0,1064.0,1071.0,671600,0.0,0.0
2024-05-22 13:00:00+09:00,1071.5,1073.5,1060.5,1060.5,132600,0.0,0.0
2024-05-22 14:00:00+09:00,1060.5,1061.0,1053.0,1058.0,273100,0.0,0.0
2024-05-23 09:00:00+09:00,1062.0,1066.5,1034.0,1058.0,230200,0.0,0.0
2024-05-23 10:00:00+09:00,1061.5,1075.0,1058.0,1069.0,140500,0.0,0.0
2024-05-23 11:00:00+09:00,1069.0,1070.5,1066.5,1069.5,0,0.0,0.0
2024-05-23 12:00:00+09:00,1072.0,1076.0,1061.5,1066.0,597900,0.0,0.0
2024-05-23 13:00:00+09:00,1066.5,1069.0,1059.0,1059.5,102400,0.0,0.0
2024-05-23 14:00:00+09:00,1059.5,1060.5,1053.0,1060.5,178200,0.0,0.0
2024-05-24 09:00:00+09:00,1046.5,1080.0,1030.5,1078.0,264000,0.0,0.0
2024-05-24 10:00:00+09:00,1077.5,1107.0,1077.5,1092.0,532400,0.0,0.0
2024-05-24 11:00:00+09:00,1093.0,1101.5,1093.0,1099.0,0,0.0,0.0
2024-05-24 12:00:00+09:00,1100.0,1100.5,1086.0,1087.0,1040200,0.0,0.0
2024-05-24 13:00:00+09:00,1087.5,1092.0,1085.5,1087.0,110400,0.0,0.0
2024-05-24 14:00:00+09:00,1086.5,1091.5,1085.5,1089.5,142100,0.0,0.0
2024-05-27 09:00:00+09:00,1100.0,1126.5,1096.0,1115.5,507000,0.0,0.0
2024-05-27 10:00:00+09:00,1116.5,1120.5,1107.0,1120.5,112500,0.0,0.0
2024-05-27 11:00:00+09:00,1120.5,1122.5,1116.0,1121.0,0,0.0,0.0
2024-05-27 12:00:00+09:00,1119.5,1125.0,1117.5,1119.5,785700,0.0,0.0
2024-05-27 13:00:00+09:00,1119.5,1122.0,1112.5,1115.0,124700,0.0,0.0
2024-05-27 14:00:00+09:00,1115.0,1123.0,1115.0,1118.0,201800,0.0,0.0
2024-05-28 09:00:00+09:00,1132.0,1159.0,1124.0,1156.5,707200,0.0,0.0
2024-05-28 10:00:00+09:00,1157.0,1157.0,1143.0,1144.5,271400,0.0,0.0
2024-05-28 11:00:00+09:00,1145.0,1153.5,1144.0,1152.0,0,0.0,0.0
2024-05-28 12:00:00+09:00,1153.5,1167.0,1153.5,1161.5,1350500,0.0,0.0
2024-05-28 13:00:00+09:00,1162.0,1163.0,1155.5,1162.5,216700,0.0,0.0
2024-05-28 14:00:00+09:00,1162.0,1163.5,1153.5,1155.5,221900,0.0,0.0
2024-05-29 09:00:00+09:00,1180.0,1189.5,1163.5,1165.5,681600,0.0,0.0
2024-05-29 10:00:00+09:00,1166.0,1173.5,1156.0,1161.5,245800,0.0,0.0
2024-05-29 11:00:00+09:00,1161.0,1174.5,1161.0,1172.5,0,0.0,0.0
2024-05-29 12:00:00+09:00,1172.5,1180.0,1169.5,1173.0,1167000,0.0,0.0
2024-05-29 13:00:00+09:00,1173.5,1174.0,1161.5,1168.0,130600,0.0,0.0
2024-05-29 14:00:00+09:00,1168.0,1174.0,1157.5,1160.5,235200,0.0,0.0
2024-05-30 09:00:00+09:00,1133.5,1164.0,1112.0,1120.5,674000,0.0,0.0
2024-05-30 10:00:00+09:00,1120.5,1136.5,1119.5,1130.0,202300,0.0,0.0
2024-05-30 11:00:00+09:00,1131.0,1139.0,1130.5,1133.0,0,0.0,0.0
2024-05-30 12:00:00+09:00,1138.5,1143.5,1134.0,1135.0,1099500,0.0,0.0
2024-05-30 13:00:00+09:00,1135.5,1136.5,1125.5,1129.0,151700,0.0,0.0
2024-05-30 14:00:00+09:00,1130.0,1130.0,1122.0,1128.0,178000,0.0,0.0
2024-05-31 09:00:00+09:00,1132.5,1154.0,1123.5,1152.5,336900,0.0,0.0
2024-05-31 10:00:00+09:00,1151.5,1152.5,1140.5,1147.5,89700,0.0,0.0
2024-05-31 11:00:00+09:00,1147.5,1150.0,1142.0,1144.5,0,0.0,0.0
2024-05-31 12:00:00+09:00,1150.0,1160.5,1148.0,1156.5,606600,0.0,0.0
2024-05-31 13:00:00+09:00,1157.0,1161.5,1144.5,1157.0,104200,0.0,0.0
2024-05-31 14:00:00+09:00,1157.0,1159.5,1154.0,1159.5,184700,0.0,0.0
2024-06-03 09:00:00+09:00,1175.0,1180.0,1139.5,1140.0,446400,0.0,0.0
2024-06-03 10:00:00+09:00,1140.0,1153.0,1137.0,1147.0,166300,0.0,0.0
2024-06-03 11:00:00+09:00,1147.0,1147.0,1126.0,1126.0,0,0.0,0.0
2024-06-03 12:00:00+09:00,1128.0,1134.5,1123.5,1127.5,888100,0.0,0.0
2024-06-03 13:00:00+09:00,1127.5,1132.0,1121.0,1131.5,137600,0.0,0.0
2024-06-03 14:00:00+09:00,1131.0,1133.5,1127.0,1132.0,169600,0.0,0.0
2024-06-04 09:00:00+09:00,1161.5,1162.5,1135.0,1137.5,388400,0.0,0.0
2024-06-04 10:00:00+09:00,1137.0,1141.5,1101.0,1103.0,497500,0.0,0.0
2024-06-04 11:00:00+09:00,1103.0,1108.0,1093.0,1095.0,0,0.0,0.0
2024-06-04 12:00:00+09:00,1096.0,1110.0,1095.0,1106.5,1219100,0.0,0.0
2024-06-04 13:00:00+09:00,1106.5,1109.5,1098.0,1100.5,156000,0.0,0.0
2024-06-04 14:00:00+09:00,1100.5,1102.0,1090.5,1092.0,413500,0.0,0.0
2024-06-05 09:00:00+09:00,1092.5,1107.0,1085.5,1090.0,313900,0.0,0.0
2024-06-05 10:00:00+09:00,1090.0,1101.0,1084.5,1100.5,185200,0.0,0.0
2024-06-05 11:00:00+09:00,1100.5,1104.5,1099.5,1104.5,0,0.0,0.0
2024-06-05 12:00:00+09:00,1103.0,1104.5,1095.0,1096.5,638100,0.0,0.0
2024-06-05 13:00:00+09:00,1096.0,1099.0,1091.5,1091.5,86300,0.0,0.0
2024-06-05 14:00:00+09:00,1092.0,1099.0,1091.5,1097.0,135000,0.0,0.0
2024-06-06 09:00:00+09:00,1100.5,1117.0,1086.0,1102.0,362500,0.0,0.0
2024-06-06 10:00:00+09:00,1101.5,1113.5,1090.0,1113.5,162000,0.0,0.0
2024-06-06 11:00:00+09:00,1113.5,1113.5,1106.0,1106.0,0,0.0,0.0
2024-06-06 12:00:00+09:00,1106.0,1106.5,1101.0,1101.0,649600,0.0,0.0
2024-06-06 13:00:00+09:00,1101.0,1101.0,1094.5,1097.5,96200,0.0,0.0
2024-06-06 14:00:00+09:00,1097.5,1103.0,1097.5,1101.0,109800,0.0,0.0
2024-06-07 09:00:00+09:00,1100.0,1125.0,1098.0,1100.5,250600,0.0,0.0
2024-06-07 10:00:00+09:00,1100.5,1102.5,1089.5,1090.0,117800,0.0,0.0
2024-06-07 11:00:00+09:00,1089.5,1093.0,1086.0,1093.0,0,0.0,0.0
2024-06-07 12:00:00+09:00,1094.5,1097.5,1092.5,1096.5,497500,0.0,0.0
2024-06-07 13:00:00+09:00,1097.0,1097.5,1087.5,1089.0,76700,0.0,0.0
2024-06-07 14:00:00+09:00,1088.0,1088.5,1082.0,1085.0,138100,0.0,0.0
2024-06-10 09:00:00+09:00,1079.0,1096.0,1070.0,1083.0,259800,0.0,0.0
2024-06-10 10:00:00+09:00,1083.5,1092.5,1079.5,1089.0,97800,0.0,0.0
2024-06-10 11:00:00+09:00,1088.5,1088.5,1078.5,1081.5,0,0.0,0.0
2024-06-10 12:00:00+09:00,1084.5,1090.0,1081.5,1083.0,483400,0.0,0.0
2024-06-10 13:00:00+09:00,1083.5,1087.0,1076.0,1077.0,98200,0.0,0.0
2024-06-10 14:00:00+09:00,1076.5,1077.5,1068.5,1071.5,252300,0.0,0.0
2024-06-11 09:00:00+09:00,1077.0,1096.0,1072.0,1090.5,266500,0.0,0.0
2024-06-11 10:00:00+09:00,1089.5,1094.5,1084.0,1090.5,94300,0.0,0.0
2024-06-11 11:00:00+09:00,1090.5,1094.5,1089.0,1093.5,0,0.0,0.0
2024-06-11 12:00:00+09:00,1094.0,1094.0,1083.5,1087.5,494300,0.0,0.0
2024-06-11 13:00:00+09:00,1087.0,1087.0,1082.5,1083.0,63700,0.0,0.0
2024-06-11 14:00:00+09:00,1083.0,1084.5,1065.0,1066.5,197100,0.0,0.0
2024-06-12 09:00:00+09:00,1060.0,1066.5,1036.0,1061.0,435600,0.0,0.0
2024-06-12 10:00:00+09:00,1060.5,1062.5,1054.0,1059.5,80200,0.0,0.0
2024-06-12 11:00:00+09:00,1060.0,1061.0,1057.5,1060.0,0,0.0,0.0
2024-06-12 12:00:00+09:00,1059.5,1067.5,1059.5,1063.0,628900,0.0,0.0
2024-06-12 13:00:00+09:00,1063.5,1065.0,1061.0,1064.5,57700,0.0,0.0
2024-06-12 14:00:00+09:00,1064.0,1066.0,1062.5,1066.0,94700,0.0,0.0
2024-06-13 09:00:00+09:00,1061.5,1063.5,1035.0,1045.5,890600,0.0,0.0
2024-06-13 10:00:00+09:00,1045.0,1046.0,1036.0,1038.5,87900,0.0,0.0
2024-06-13 11:00:00+09:00,1039.0,1041.0,1036.0,1037.0,0,0.0,0.0
2024-06-13 12:00:00+09:00,1037.0,1046.5,1035.5,1045.5,1112200,0.0,0.0
2024-06-13 13:00:00+09:00,1045.5,1049.5,1043.0,1048.5,63900,0.0,0.0
2024-06-13 14:00:00+09:00,1048.5,1052.5,1040.0,1041.0,235200,0.0,0.0
2024-06-14 09:00:00+09:00,1034.0,1078.5,1030.0,1063.0,641700,0.0,0.0
2024-06-14 10:00:00+09:00,1063.0,1076.5,1060.0,1071.5,129300,0.0,0.0
2024-06-14 11:00:00+09:00,1071.0,1071.0,1066.5,1069.0,0,0.0,0.0
2024-06-14 12:00:00+09:00,1063.0,1081.0,1062.5,1078.5,1034700,0.0,0.0
2024-06-14 13:00:00+09:00,1079.0,1080.0,1073.5,1078.0,105500,0.0,0.0
2024-06-14 14:00:00+09:00,1078.5,1085.0,1077.5,1084.5,249800,0.0,0.0
2024-06-17 09:00:00+09:00,1064.0,1078.0,1058.5,1064.5,194800,0.0,0.0
2024-06-17 10:00:00+09:00,1064.0,1066.0,1061.0,1063.0,82800,0.0,0.0
2024-06-17 11:00:00+09:00,1063.0,1067.0,1063.0,1065.0,0,0.0,0.0
2024-06-17 12:00:00+09:00,1063.0,1067.0,1060.5,1060.5,385700,0.0,0.0
2024-06-17 13:00:00+09:00,1061.0,1062.0,1055.0,1056.0,79300,0.0,0.0
2024-06-17 14:00:00+09:00,1056.5,1062.5,1056.0,1060.0,119600,0.0,0.0
2024-06-18 09:00:00+09:00,1055.0,1055.0,1030.5,1031.0,219200,0.0,0.0
2024-06-18 10:00:00+09:00,1031.5,1040.5,1030.5,1040.0,96100,0.0,0.0
2024-06-18 11:00:00+09:00,1039.5,1040.0,1036.0,1037.0,0,0.0,0.0
2024-06-18 12:00:00+09:00,1036.5,1036.5,1031.5,1035.0,379100,0.0,0.0
2024-06-18 13:00:00+09:00,1034.0,1034.5,1031.0,1031.0,89300,0.0,0.0
2024-06-18 14:00:00+09:00,1030.5,1040.0,1030.5,1035.0,294200,0.0,0.0
2024-06-19 09:00:00+09:00,1044.5,1061.0,1039.0,1048.5,217500,0.0,0.0
2024-06-19 10:00:00+09:00,1048.5,1050.0,1042.5,1048.5,78900,0.0,0.0
2024-06-19 11:00:00+09:00,1048.5,1051.0,1042.0,1048.0,0,0.0,0.0
2024-06-19 12:00:00+09:00,1044.5,1047.0,1041.5,1045.0,428700,0.0,0.0
2024-06-19 13:00:00+09:00,1045.5,1047.5,1037.0,1038.0,80100,0.0,0.0
2024-06-19 14:00:00+09:00,1038.5,1040.5,1036.5,1040.5,78500,0.0,0.0
2024-06-20 09:00:00+09:00,1040.0,1043.0,1026.5,1031.0,108700,0.0,0.0
2024-06-20 10:00:00+09:00,1031.0,1031.5,1022.5,1025.0,213300,0.0,0.0
2024-06-20 11:00:00+09:00,1025.0,1030.0,1024.0,1029.0,0,0.0,0.0
2024-06-20 12:00:00+09:00,1029.0,1033.0,1026.5,1032.0,389900,0.0,0.0
2024-06-20 13:00:00+09:00,1032.0,1036.5,1031.5,1033.5,63700,0.0,0.0
2024-06-20 14:00:00+09:00,1033.5,1035.5,1030.5,1034.5,93400,0.0,0.0
2024-06-21 09:00:00+09:00,1040.0,1040.0,1022.0,1022.0,118300,0.0,0.0
2024-06-21 10:00:00+09:00,1022.0,1041.5,1021.0,1038.0,140100,0.0,0.0
2024-06-21 11:00:00+09:00,1038.5,1040.5,1034.0,1034.5,0,0.0,0.0
2024-06-21 12:00:00+09:00,1033.5,1033.5,1025.5,1028.0,365100,0.0,0.0
2024-06-21 13:00:00+09:00,1028.5,1032.5,1027.5,1032.0,104800,0.0,0.0
2024-06-21 14:00:00+09:00,1032.0,1033.0,1023.5,1025.0,178500,0.0,0.0
2024-06-24 09:00:00+09:00,1023.5,1048.0,1023.5,1042.0,0,0.0,0.0
2024-06-24 10:00:00+09:00,1042.5,1047.5,1034.5,1043.0,102500,0.0,0.0
2024-06-24 11:00:00+09:00,1043.5,1043.5,1037.0,1040.5,0,0.0,0.0
2024-06-24 12:00:00+09:00,1043.5,1044.0,1038.0,1042.5,462700,0.0,0.0
2024-06-24 13:00:00+09:00,1042.5,1045.0,1029.5,1032.5,171700,0.0,0.0
2024-06-24 14:00:00+09:00,1032.5,1034.5,1025.0,1025.0,208400,0.0,0.0
2024-06-25 09:00:00+09:00,1025.0,1032.5,1018.5,1030.0,300700,0.0,0.0
2024-06-25 10:00:00+09:00,1030.0,1036.5,1026.5,1029.0,144700,0.0,0.0
2024-06-25 11:00:00+09:00,1029.5,1030.5,1020.5,1024.0,0,0.0,0.0
2024-06-25 12:00:00+09:00,1026.5,1029.5,1021.5,1024.0,605100,0.0,0.0
2024-06-25 13:00:00+09:00,1023.5,1028.0,1023.0,1025.0,117500,0.0,0.0
2024-06-25 14:00:00+09:00,1025.0,1032.5,1022.0,1032.5,238900,0.0,0.0
2024-06-26 09:00:00+09:00,1028.0,1035.5,1023.5,1033.0,212400,0.0,0.0
2024-06-26 10:00:00+09:00,1032.5,1034.0,1026.5,1033.0,118800,0.0,0.0
2024-06-26 11:00:00+09:00,1032.5,1034.5,1029.0,1030.5,0,0.0,0.0
2024-06-26 12:00:00+09:00,1029.5,1029.5,1023.5,1024.5,517500,0.0,0.0
2024-06-26 13:00:00+09:00,1024.5,1029.5,1022.5,1029.0,101100,0.0,0.0
2024-06-26 14:00:00+09:00,1028.5,1030.0,1024.0,1029.0,116900,0.0,0.0
2024-06-27 09:00:00+09:00,1026.0,1044.0,1025.5,1036.0,175800,0.0,0.0
2024-06-27 10:00:00+09:00,1036.5,1040.5,1030.5,1036.5,64200,0.0,0.0
2024-06-27 11:00:00+09:00,1037.0,1038.0,1032.0,1038.0,0,0.0,0.0
2024-06-27 12:00:00+09:00,1038.0,1038.5,1031.5,1031.5,310100,0.0,0.0
2024-06-27 13:00:00+09:00,1032.0,1032.0,1026.0,1027.5,76100,0.0,0.0
2024-06-27 14:00:00+09:00,1027.5,1031.5,1026.0,1031.5,96500,0.0,0.0
2024-06-28 09:00:00+09:00,1031.0,1034.0,1020.5,1023.5,145300,0.0,0.0
2024-06-28 10:00:00+09:00,1024.0,1025.0,1005.0,1007.0,157500,0.0,0.0
2024-06-28 11:00:00+09:00,1007.0,1011.0,1007.0,1010.0,0,0.0,0.0
2024-06-28 12:00:00+09:00,1008.5,1012.5,1008.5,1011.0,436900,0.0,0.0
2024-06-28 13:00:00+09:00,1011.0,1014.5,1009.0,1012.0,120000,0.0,0.0
2024-06-28 14:00:00+09:00,1011.5,1020.5,1009.5,1020.5,97400,0.0,0.0
2024-07-01 09:00:00+09:00,1026.5,1028.0,1000.5,1007.5,0,0.0,0.0
2024-07-01 10:00:00+09:00,1007.0,1016.0,1006.0,1011.0,90600,0.0,0.0
2024-07-01 11:00:00+09:00,1011.0,1013.5,1009.5,1011.0,0,0.0,0.0
2024-07-01 12:00:00+09:00,1013.5,1014.0,1007.5,1010.0,541000,0.0,0.0
2024-07-01 13:00:00+09:00,1010.5,1014.0,1009.5,1010.0,68000,0.0,0.0
2024-07-01 14:00:00+09:00,1010.0,1012.5,1006.0,1007.5,112000,0.0,0.0
2024-07-02 09:00:00+09:00,1010.0,1023.0,1010.0,1013.5,164300,0.0,0.0
2024-07-02 10:00:00+09:00,1013.5,1019.5,1013.0,1018.0,56600,0.0,0.0
2024-07-02 11:00:00+09:00,1018.0,1020.0,1017.0,1018.0,0,0.0,0.0
2024-07-02 12:00:00+09:00,1013.0,1015.0,1010.0,1012.0,314000,0.0,0.0
2024-07-02 13:00:00+09:00,1012.5,1014.0,1010.5,1012.0,70700,0.0,0.0
2024-07-02 14:00:00+09:00,1012.0,1016.0,1010.5,1013.0,86900,0.0,0.0
2024-07-03 09:00:00+09:00,1015.0,1017.0,1006.5,1015.5,162500,0.0,0.0
2024-07-03 10:00:00+09:00,1016.0,1017.5,1012.5,1014.0,74000,0.0,0.0
2024-07-03 11:00:00+09:00,1014.5,1017.5,1014.0,1015.5,0,0.0,0.0
2024-07-03 12:00:00+09:00,1015.5,1019.0,1014.0,1015.5,337100,0.0,0.0
2024-07-03 13:00:00+09:00,1016.0,1020.5,1015.5,1016.0,82300,0.0,0.0
2024-07-03 14:00:00+09:00,1016.0,1022.5,1015.5,1022.0,129000,0.0,0.0
2024-07-04 09:00:00+09:00,1023.0,1043.0,1022.0,1033.0,212800,0.0,0.0
2024-07-04 10:00:00+09:00,1033.5,1034.5,1015.0,1016.5,71600,0.0,0.0
2024-07-04 11:00:00+09:00,1016.5,1016.5,1012.5,1014.5,0,0.0,0.0
2024-07-04 12:00:00+09:00,1014.5,1018.5,1014.5,1017.5,353200,0.0,0.0
2024-07-04 13:00:00+09:00,1017.0,1017.0,1013.5,1016.0,53000,0.0,0.0
2024-07-04 14:00:00+09:00,1016.5,1016.5,1013.0,1014.5,77500,0.0,0.0
2024-07-05 09:00:00+09:00,1017.0,1023.0,1004.5,1010.0,244100,0.0,0.0
2024-07-05 10:00:00+09:00,1010.5,1011.5,1002.0,1003.5,48600,0.0,0.0
2024-07-05 11:00:00+09:00,1003.0,1007.0,1002.5,1007.0,0,0.0,0.0
2024-07-05 12:00:00+09:00,1005.0,1005.5,997.7000122070312,998.9000244140625,442100,0.0,0.0
2024-07-05 13:00:00+09:00,999.0999755859375,1004.5,998.9000244140625,1001.5,67000,0.0,0.0
2024-07-05 14:00:00+09:00,1001.0,1003.0,998.0999755859375,1002.5,116100,0.0,0.0
2024-07-08 09:00:00+09:00,992.9000244140625,996.4000244140625,977.0999755859375,978.0999755859375,180300,0.0,0.0
2024-07-08 10:00:00+09:00,978.4000244140625,984.0,978.4000244140625,983.0999755859375,71400,0.0,0.0
2024-07-08 11:00:00+09:00,982.7000122070312,983.4000244140625,981.0,981.0,0,0.0,0.0
2024-07-08 12:00:00+09:00,981.0,986.7999877929688,981.0,983.0,347500,0.0,0.0
2024-07-08 13:00:00+09:00,982.2999877929688,985.4000244140625,981.2999877929688,984.5999755859375,81600,0.0,0.0
2024-07-08 14:00:00+09:00,984.2999877929688,984.7000122070312,979.7999877929688,979.7999877929688,102100,0.0,0.0
2024-07-09 09:00:00+09:00,982.0,987.7000122070312,977.4000244140625,978.9000244140625,167100,0.0,0.0
2024-07-09 10:00:00+09:00,979.5999755859375,980.2000122070312,976.9000244140625,976.9000244140625,64900,0.0,0.0
2024-07-09 11:00:00+09:00,977.2999877929688,979.0999755859375,976.2000122070312,978.5999755859375,0,0.0,0.0
2024-07-09 12:00:00+09:00,979.7999877929688,982.7999877929688,978.9000244140625,981.7000122070312,326900,0.0,0.0
2024-07-09 13:00:00+09:00,981.9000244140625,986.4000244140625,981.2000122070312,985.7999877929688,69000,0.0,0.0
2024-07-09 14:00:00+09:00,985.5999755859375,987.4000244140625,980.7999877929688,983.0999755859375,114300,0.0,0.0
2024-07-10 09:00:00+09:00,981.2000122070312,987.4000244140625,979.7000122070312,984.2999877929688,100400,0.0,0.0
2024-07-10 10:00:00+09:00,984.5999755859375,989.7999877929688,983.5999755859375,985.2000122070312,56300,0.0,0.0
2024-07-10 11:00:00+09:00,985.5,987.7000122070312,984.5,987.0999755859375,0,0.0,0.0
2024-07-10 12:00:00+09:00,984.2000122070312,987.0999755859375,979.0,979.0,225800,0.0,0.0
2024-07-10 13:00:00+09:00,979.0999755859375,981.2000122070312,978.5,981.2000122070312,46200,0.0,0.0
2024-07-10 14:00:00+09:00,981.0999755859375,987.7000122070312,980.4000244140625,987.4000244140625,92400,0.0,0.0
2024-07-11 09:00:00+09:00,994.2000122070312,998.7000122070312,987.5999755859375,991.4000244140625,178500,0.0,0.0
2024-07-11 10:00:00+09:00,991.5999755859375,999.7999877929688,990.4000244140625,996.2999877929688,75200,0.0,0.0
2024-07-11 11:00:00+09:00,996.7000122070312,1002.5,996.7000122070312,1002.5,0,0.0,0.0
2024-07-11 12:00:00+09:00,1004.0,1004.0,998.5,998.5,348000,0.0,0.0
2024-07-11 13:00:00+09:00,998.5999755859375,999.0999755859375,996.0999755859375,998.0,32300,0.0,0.0
2024-07-11 14:00:00+09:00,998.2000122070312,1001.5,996.7999877929688,999.5,75900,0.0,0.0
2024-07-12 09:00:00+09:00,995.0,1011.5,990.7000122070312,1002.5,200700,0.0,0.0
2024-07-12 10:00:00+09:00,1004.0,1012.0,1003.0,1012.0,78600,0.0,0.0
2024-07-12 11:00:00+09:00,1011.0,1011.0,1008.5,1010.0,0,0.0,0.0
2024-07-12 12:00:00+09:00,1010.0,1010.0,1003.0,1006.0,359600,0.0,0.0
2024-07-12 13:00:00+09:00,1006.5,1013.0,1006.5,1010.0,69900,0.0,0.0
2024-07-12 14:00:00+09:00,1010.5,1010.5,1001.5,1004.0,201300,0.0,0.0
2024-07-16 09:00:00+09:00,998.4000244140625,1001.5,992.7999877929688,997.5999755859375,135200,0.0,0.0
2024-07-16 10:00:00+09:00,997.4000244140625,1000.5,996.4000244140625,1000.0,56800,0.0,0.0
2024-07-16 11:00:00+09:00,1000.0,1001.0,997.0999755859375,999.2000122070312,0,0.0,0.0
2024-07-16 12:00:00+09:00,998.2000122070312,999.9000244140625,994.7000122070312,996.2000122070312,274600,0.0,0.0
2024-07-16 13:00:00+09:00,996.2999877929688,1000.0,994.7000122070312,998.4000244140625,77400,0.0,0.0
2024-07-16 14:00:00+09:00,998.2999877929688,998.7999877929688,992.7999877929688,992.7999877929688,130900,0.0,0.0
2024-07-17 09:00:00+09:00,999.9000244140625,1003.0,992.2000122070312,1001.5,110900,0.0,0.0
2024-07-17 10:00:00+09:00,1001.0,1001.5,994.0,999.0999755859375,48300,0.0,0.0
2024-07-17 11:00:00+09:00,999.0999755859375,1001.0,998.2000122070312,999.4000244140625,0,0.0,0.0
2024-07-17 12:00:00+09:00,997.4000244140625,1000.5,995.0,998.2000122070312,235400,0.0,0.0
2024-07-17 13:00:00+09:00,998.5,1001.0,996.9000244140625,999.0999755859375,67200,0.0,0.0
2024-07-17 14:00:00+09:00,999.0999755859375,1002.5,991.5999755859375,991.5999755859375,109400,0.0,0.0
2024-07-18 09:00:00+09:00,991.0,1004.5,990.0999755859375,999.0999755859375,258300,0.0,0.0
2024-07-18 10:00:00+09:00,999.5,1008.0,998.2999877929688,1004.5,91100,0.0,0.0
2024-07-18 11:00:00+09:00,1004.5,1009.5,1001.5,1009.5,0,0.0,0.0
2024-07-18 12:00:00+09:00,1009.5,1012.0,1004.5,1008.5,475000,0.0,0.0
2024-07-18 13:00:00+09:00,1009.0,1013.5,1002.0,1005.0,103600,0.0,0.0
2024-07-18 14:00:00+09:00,1005.0,1007.5,1000.5,1000.5,123100,0.0,0.0
2024-07-19 09:00:00+09:00,999.4000244140625,1000.5,971.0,987.4000244140625,299900,0.0,0.0
2024-07-19 10:00:00+09:00,987.9000244140625,995.5,980.9000244140625,981.7999877929688,93400,0.0,0.0
2024-07-19 11:00:00+09:00,981.5999755859375,984.5,977.0,978.5,0,0.0,0.0
2024-07-19 12:00:00+09:00,981.2000122070312,987.4000244140625,976.4000244140625,986.2000122070312,500800,0.0,0.0
2024-07-19 13:00:00+09:00,986.2000122070312,987.2999877929688,983.0,985.9000244140625,77100,0.0,0.0
2024-07-19 14:00:00+09:00,986.2000122070312,988.2999877929688,979.0,980.0,131900,0.0,0.0
2024-07-22 09:00:00+09:00,975.0,985.0999755859375,972.0999755859375,979.9000244140625,196700,0.0,0.0
2024-07-22 10:00:00+09:00,979.5,987.0,976.0,984.7999877929688,94300,0.0,0.0
2024-07-22 11:00:00+09:00,984.7000122070312,992.7000122070312,983.7999877929688,989.0999755859375,0,0.0,0.0
2024-07-22 12:00:00+09:00,989.7000122070312,990.9000244140625,986.0,987.0,414900,0.0,0.0
2024-07-22 13:00:00+09:00,987.2999877929688,989.9000244140625,983.0999755859375,988.5,108900,0.0,0.0
2024-07-22 14:00:00+09:00,988.0999755859375,989.5,985.0,987.9000244140625,169600,0.0,0.0
2024-07-23 09:00:00+09:00,973.0,988.7000122070312,972.5999755859375,975.7000122070312,168500,0.0,0.0
2024-07-23 10:00:00+09:00,976.2000122070312,983.0,973.7000122070312,974.9000244140625,99500,0.0,0.0
2024-07-23 11:00:00+09:00,974.0999755859375,974.5999755859375,970.4000244140625,971.5999755859375,0,0.0,0.0
2024-07-23 12:00:00+09:00,970.0999755859375,970.2000122070312,961.0,964.5,479500,0.0,0.0
2024-07-23 13:00:00+09:00,964.5999755859375,967.2999877929688,958.0999755859375,964.7000122070312,204000,0.0,0.0
2024-07-23 14:00:00+09:00,964.2999877929688,966.5,960.4000244140625,960.5,240300,0.0,0.0
2024-07-24 09:00:00+09:00,956.9000244140625,967.0,938.5999755859375,939.2999877929688,225500,0.0,0.0
2024-07-24 10:00:00+09:00,939.2999877929688,941.9000244140625,936.0999755859375,940.7000122070312,85400,0.0,0.0
2024-07-24 11:00:00+09:00,940.9000244140625,943.0,937.0999755859375,943.0,0,0.0,0.0
2024-07-24 12:00:00+09:00,938.0,943.9000244140625,938.0,939.5999755859375,438300,0.0,0.0
2024-07-24 13:00:00+09:00,939.7000122070312,940.0,930.0,930.5,182600,0.0,0.0
2024-07-24 14:00:00+09:00,930.5999755859375,931.9000244140625,923.0999755859375,924.5,305400,0.0,0.0
2024-07-25 09:00:00+09:00,914.5,917.5999755859375,902.2999877929688,907.5999755859375,335500,0.0,0.0
2024-07-25 10:00:00+09:00,906.7999877929688,910.5,900.4000244140625,908.0,151800,0.0,0.0
2024-07-25 11:00:00+09:00,908.5999755859375,909.2000122070312,904.7999877929688,907.7999877929688,0,0.0,0.0
2024-07-25 12:00:00+09:00,905.2000122070312,912.0,902.7999877929688,912.0,677200,0.0,0.0
2024-07-25 13:00:00+09:00,912.5999755859375,916.5999755859375,908.4000244140625,909.5,240500,0.0,0.0
2024-07-25 14:00:00+09:00,909.7000122070312,916.7999877929688,908.0,912.7000122070312,308000,0.0,0.0
2024-07-26 09:00:00+09:00,912.0,912.5,884.2000122070312,901.4000244140625,569600,0.0,0.0
2024-07-26 10:00:00+09:00,901.7000122070312,905.7999877929688,896.5,898.9000244140625,125700,0.0,0.0
2024-07-26 11:00:00+09:00,899.4000244140625,903.0,898.7000122070312,901.7999877929688,0,0.0,0.0
2024-07-26 12:00:00+09:00,901.5,903.5,898.0,902.2000122070312,905500,0.0,0.0
2024-07-26 13:00:00+09:00,902.5,905.5,900.7000122070312,902.7000122070312,98400,0.0,0.0
2024-07-26 14:00:00+09:00,902.7000122070312,905.5,896.0,897.2000122070312,174600,0.0,0.0
2024-07-29 09:00:00+09:00,899.5999755859375,926.7000122070312,899.5,924.5,240100,0.0,0.0
2024-07-29 10:00:00+09:00,924.7999877929688,930.5999755859375,921.9000244140625,923.0999755859375,106500,0.0,0.0
2024-07-29 11:00:00+09:00,923.5,928.2999877929688,923.5,927.2000122070312,0,0.0,0.0
2024-07-29 12:00:00+09:00,928.2999877929688,929.0,920.7000122070312,921.0,454000,0.0,0.0
2024-07-29 13:00:00+09:00,921.2999877929688,922.7999877929688,919.5999755859375,922.0999755859375,62600,0.0,0.0
2024-07-29 14:00:00+09:00,922.0,928.7999877929688,921.9000244140625,926.2999877929688,135400,0.0,0.0
2024-07-30 09:00:00+09:00,923.0999755859375,937.7999877929688,919.5,928.2000122070312,180600,0.0,0.0
2024-07-30 10:00:00+09:00,928.4000244140625,930.5999755859375,925.5,927.5,77500,0.0,0.0
2024-07-30 11:00:00+09:00,927.5,927.5,921.2999877929688,926.2000122070312,0,0.0,0.0
2024-07-30 12:00:00+09:00,926.0,926.5999755859375,922.2999877929688,923.2999877929688,374100,0.0,0.0
2024-07-30 13:00:00+09:00,923.5999755859375,924.0,917.5999755859375,921.0999755859375,93000,0.0,0.0
2024-07-30 14:00:00+09:00,920.7999877929688,924.7000122070312,918.7999877929688,921.5,157600,0.0,0.0
2024-07-31 09:00:00+09:00,967.5,967.5,931.0,937.0,895100,0.0,0.0
2024-07-31 10:00:00+09:00,937.4000244140625,938.2000122070312,930.2999877929688,934.7000122070312,118000,0.0,0.0
2024-07-31 11:00:00+09:00,934.7000122070312,940.7999877929688,933.0999755859375,934.9000244140625,0,0.0,0.0
2024-07-31 12:00:00+09:00,937.2000122070312,939.2000122070312,932.9000244140625,938.5,1198500,0.0,0.0
2024-07-31 13:00:00+09:00,938.9000244140625,953.2999877929688,936.4000244140625,952.0999755859375,151100,0.0,0.0
2024-07-31 14:00:00+09:00,952.0999755859375,962.2999877929688,948.7000122070312,954.7000122070312,470000,0.0,0.0
2024-08-01 09:00:00+09:00,940.5,947.7999877929688,922.2000122070312,927.2999877929688,258900,0.0,0.0
2024-08-01 10:00:00+09:00,927.5,929.7999877929688,917.0,928.5999755859375,91500,0.0,0.0
2024-08-01 11:00:00+09:00,928.4000244140625,931.2999877929688,922.0,925.9000244140625,0,0.0,0.0
2024-08-01 12:00:00+09:00,926.4000244140625,931.2999877929688,925.0999755859375,929.5999755859375,446800,0.0,0.0
2024-08-01 13:00:00+09:00,930.0,931.7000122070312,921.5999755859375,926.5,61200,0.0,0.0
2024-08-01 14:00:00+09:00,926.9000244140625,932.5999755859375,923.9000244140625,926.4000244140625,152600,0.0,0.0
2024-08-02 09:00:00+09:00,900.0,916.4000244140625,896.2000122070312,900.9000244140625,281400,0.0,0.0
2024-08-02 10:00:00+09:00,901.7999877929688,925.5999755859375,901.7999877929688,922.2999877929688,110200,0.0,0.0
2024-08-02 11:00:00+09:00,923.0,926.9000244140625,921.7000122070312,926.5,0,0.0,0.0
2024-08-02 12:00:00+09:00,928.0999755859375,931.0,919.2000122070312,921.0,515200,0.0,0.0
2024-08-02 13:00:00+09:00,921.5,927.5999755859375,917.5,927.5999755859375,102600,0.0,0.0
2024-08-02 14:00:00+09:00,927.7000122070312,929.2999877929688,917.0999755859375,921.0999755859375,154300,0.0,0.0
2024-08-05 09:00:00+09:00,885.0,896.4000244140625,875.0,885.0,512200,0.0,0.0
2024-08-05 10:00:00+09:00,886.0,890.2000122070312,878.0,887.0,180400,0.0,0.0
2024-08-05 11:00:00+09:00,887.4000244140625,895.0,884.7999877929688,885.2000122070312,0,0.0,0.0
2024-08-05 12:00:00+09:00,880.0,883.7999877929688,875.0,875.5,1004100,0.0,0.0
2024-08-05 13:00:00+09:00,875.2000122070312,877.7000122070312,866.0,871.5,500500,0.0,0.0
2024-08-05 14:00:00+09:00,871.7999877929688,879.9000244140625,827.0999755859375,872.5,1263800,0.0,0.0
2024-08-06 09:00:00+09:00,915.4000244140625,929.7999877929688,905.7000122070312,921.4000244140625,355800,0.0,0.0
2024-08-06 10:00:00+09:00,921.5,925.0,896.2999877929688,916.4000244140625,150300,0.0,0.0
2024-08-06 11:00:00+09:00,916.5999755859375,922.0999755859375,908.5,921.2000122070312,0,0.0,0.0
2024-08-06 12:00:00+09:00,923.0,938.0,920.0,935.2000122070312,668600,0.0,0.0
2024-08-06 13:00:00+09:00,935.2999877929688,937.7000122070312,914.9000244140625,915.5,156600,0.0,0.0
2024-08-06 14:00:00+09:00,915.5999755859375,921.4000244140625,906.9000244140625,918.4000244140625,328600,0.0,0.0
2024-08-07 09:00:00+09:00,908.0999755859375,936.0,904.7999877929688,932.9000244140625,243900,0.0,0.0
2024-08-07 10:00:00+09:00,932.9000244140625,969.0999755859375,930.7000122070312,967.2000122070312,152100,0.0,0.0
2024-08-07 11:00:00+09:00,968.2000122070312,968.2000122070312,954.2999877929688,964.4000244140625,0,0.0,0.0
2024-08-07 12:00:00+09:00,956.7999877929688,968.0,953.7999877929688,960.2999877929688,580700,0.0,0.0
2024-08-07 13:00:00+09:00,960.5,974.2000122070312,960.0,971.0,179800,0.0,0.0
2024-08-07 14:00:00+09:00,971.7000122070312,975.2000122070312,935.7999877929688,938.7999877929688,430000,0.0,0.0
2024-08-08 09:00:00+09:00,934.4000244140625,970.0,932.0,956.5,183900,0.0,0.0
2024-08-08 10:00:00+09:00,956.5,961.2999877929688,946.9000244140625,953.7000122070312,63500,0.0,0.0
2024-08-08 11:00:00+09:00,953.7999877929688,953.7999877929688,945.0,945.0,0,0.0,0.0
2024-08-08 12:00:00+09:00,949.2999877929688,953.9000244140625,945.0,946.5,355300,0.0,0.0
2024-08-08 13:00:00+09:00,947.2000122070312,950.0,941.0999755859375,946.5999755859375,67700,0.0,0.0
2024-08-08 14:00:00+09:00,947.0999755859375,947.7000122070312,929.2000122070312,933.5999755859375,163000,0.0,0.0
2024-08-09 09:00:00+09:00,948.2000122070312,954.7999877929688,924.2999877929688,936.7000122070312,296800,0.0,0.0
2024-08-09 10:00:00+09:00,936.0,938.2000122070312,929.2999877929688,929.7999877929688,63800,0.0,0.0
2024-08-09 11:00:00+09:00,929.7000122070312,930.0999755859375,922.5,925.4000244140625,0,0.0,0.0
2024-08-09 12:00:00+09:00,928.5999755859375,932.0,917.5999755859375,919.7999877929688,472700,0.0,0.0
2024-08-09 13:00:00+09:00,920.2999877929688,923.4000244140625,905.0,905.5,120000,0.0,0.0
2024-08-09 14:00:00+09:00,906.2999877929688,920.9000244140625,902.4000244140625,917.7000122070312,224200,0.0,0.0
2024-08-13 09:00:00+09:00,926.4000244140625,959.9000244140625,926.4000244140625,948.2000122070312,350800,0.0,0.0
2024-08-13 10:00:00+09:00,949.2000122070312,955.0,944.4000244140625,952.7999877929688,148700,0.0,0.0
2024-08-13 11:00:00+09:00,951.7999877929688,953.2000122070312,944.7999877929688,947.7000122070312,0,0.0,0.0
2024-08-13 12:00:00+09:00,951.2000122070312,958.5999755859375,950.7000122070312,953.2999877929688,648200,0.0,0.0
2024-08-13 13:00:00+09:00,953.2000122070312,955.0,949.2000122070312,951.0999755859375,96100,0.0,0.0
2024-08-13 14:00:00+09:00,951.5,960.0,949.7999877929688,960.0,198300,0.0,0.0
2024-08-14 09:00:00+09:00,949.0,959.5999755859375,940.0,956.2000122070312,161900,0.0,0.0
2024-08-14 10:00:00+09:00,956.0999755859375,977.0,955.2000122070312,976.0,131600,0.0,0.0
2024-08-14 11:00:00+09:00,976.0,978.0,961.7999877929688,961.7999877929688,0,0.0,0.0
2024-08-14 12:00:00+09:00,966.7000122070312,973.0,964.5,967.5,515200,0.0,0.0
2024-08-14 13:00:00+09:00,968.4000244140625,970.9000244140625,962.5999755859375,962.5999755859375,75100,0.0,0.0
2024-08-14 14:00:00+09:00,962.5999755859375,963.4000244140625,956.2999877929688,959.5999755859375,105600,0.0,0.0
2024-08-15 09:00:00+09:00,969.9000244140625,976.0999755859375,960.0,965.9000244140625,166800,0.0,0.0
2024-08-15 10:00:00+09:00,965.4000244140625,969.7000122070312,962.5999755859375,968.0,58300,0.0,0.0
2024-08-15 11:00:00+09:00,968.0,969.4000244140625,962.9000244140625,965.2999877929688,0,0.0,0.0
2024-08-15 12:00:00+09:00,963.5,968.2000122070312,961.2000122070312,962.4000244140625,293700,0.0,0.0
2024-08-15 13:00:00+09:00,962.7999877929688,964.7000122070312,960.2000122070312,960.9000244140625,29300,0.0,0.0
2024-08-15 14:00:00+09:00,960.5,968.5999755859375,959.2999877929688,967.0,117400,0.0,0.0
2024-08-16 09:00:00+09:00,980.0,991.5999755859375,976.5,978.7999877929688,132700,0.0,0.0
2024-08-16 10:00:00+09:00,978.7000122070312,981.9000244140625,972.5999755859375,974.5,47200,0.0,0.0
2024-08-16 11:00:00+09:00,974.7999877929688,978.5999755859375,971.0,972.0,0,0.0,0.0
2024-08-16 12:00:00+09:00,972.7000122070312,975.5999755859375,971.0,972.5,237600,0.0,0.0
2024-08-16 13:00:00+09:00,972.7999877929688,976.9000244140625,971.7999877929688,976.5,54600,0.0,0.0
2024-08-16 14:00:00+09:00,976.5,979.9000244140625,972.7000122070312,976.4000244140625,142200,0.0,0.0
