Datetime,Open,High,Low,Close,Volume,Dividends,Stock Splits
2024-06-03 09:30:00-04:00,11.579999923706055,11.640000343322754,11.579999923706055,11.640000343322754,4049,0.0,0.0
2024-06-03 09:32:00-04:00,11.609999656677246,11.609999656677246,11.609999656677246,11.609999656677246,344,0.0,0.0
2024-06-03 09:34:00-04:00,11.59000015258789,11.59000015258789,11.59000015258789,11.59000015258789,344,0.0,0.0
2024-06-03 09:35:00-04:00,11.609999656677246,11.619999885559082,11.609999656677246,11.619999885559082,597,0.0,0.0
2024-06-03 09:37:00-04:00,11.600000381469727,11.600000381469727,11.600000381469727,11.600000381469727,129,0.0,0.0
2024-06-03 09:38:00-04:00,11.579999923706055,11.579999923706055,11.579999923706055,11.579999923706055,100,0.0,0.0
2024-06-03 09:39:00-04:00,11.59000015258789,11.600000381469727,11.59000015258789,11.600000381469727,261,0.0,0.0
2024-06-03 09:41:00-04:00,11.569999694824219,11.569999694824219,11.569999694824219,11.569999694824219,264,0.0,0.0
2024-06-03 09:42:00-04:00,11.5600004196167,11.579999923706055,11.5600004196167,11.579999923706055,612,0.0,0.0
2024-06-03 09:47:00-04:00,11.539999961853027,11.539999961853027,11.529999732971191,11.529999732971191,545,0.0,0.0
2024-06-03 09:48:00-04:00,11.529999732971191,11.529999732971191,11.520000457763672,11.520000457763672,8480,0.0,0.0
2024-06-03 09:50:00-04:00,11.510000228881836,11.510000228881836,11.510000228881836,11.510000228881836,253,0.0,0.0
2024-06-03 09:52:00-04:00,11.550000190734863,11.550000190734863,11.550000190734863,11.550000190734863,0,0.0,0.0
2024-06-03 09:56:00-04:00,11.550000190734863,11.550000190734863,11.550000190734863,11.550000190734863,16769,0.0,0.0
2024-06-03 10:00:00-04:00,11.5600004196167,11.569999694824219,11.5600004196167,11.5600004196167,1486,0.0,0.0
2024-06-03 10:02:00-04:00,11.539999961853027,11.539999961853027,11.539999961853027,11.539999961853027,262,0.0,0.0
2024-06-03 10:09:00-04:00,11.569999694824219,11.569999694824219,11.5600004196167,11.5600004196167,1546,0.0,0.0
2024-06-03 10:15:00-04:00,11.600000381469727,11.600000381469727,11.600000381469727,11.600000381469727,516,0.0,0.0
2024-06-03 10:17:00-04:00,11.640000343322754,11.640000343322754,11.640000343322754,11.640000343322754,488,0.0,0.0
2024-06-03 10:20:00-04:00,11.680000305175781,11.680000305175781,11.680000305175781,11.680000305175781,191,0.0,0.0
2024-06-03 10:21:00-04:00,11.65999984741211,11.65999984741211,11.65999984741211,11.65999984741211,111,0.0,0.0
2024-06-03 10:22:00-04:00,11.65939998626709,11.65939998626709,11.65939998626709,11.65939998626709,295,0.0,0.0
2024-06-03 10:23:00-04:00,11.6899995803833,11.6899995803833,11.6899995803833,11.6899995803833,363,0.0,0.0
2024-06-03 10:30:00-04:00,11.720000267028809,11.720000267028809,11.720000267028809,11.720000267028809,161,0.0,0.0
2024-06-03 10:32:00-04:00,11.710000038146973,11.710000038146973,11.710000038146973,11.710000038146973,173,0.0,0.0
2024-06-03 10:34:00-04:00,11.720000267028809,11.720000267028809,11.720000267028809,11.720000267028809,221,0.0,0.0
2024-06-03 10:35:00-04:00,11.699999809265137,11.699999809265137,11.699999809265137,11.699999809265137,2265,0.0,0.0
2024-06-03 10:41:00-04:00,11.710000038146973,11.710000038146973,11.710000038146973,11.710000038146973,345,0.0,0.0
2024-06-03 10:43:00-04:00,11.720000267028809,11.720000267028809,11.720000267028809,11.720000267028809,118,0.0,0.0
2024-06-03 10:44:00-04:00,11.729999542236328,11.739999771118164,11.729999542236328,11.739999771118164,485,0.0,0.0
2024-06-03 10:45:00-04:00,11.739999771118164,11.739999771118164,11.739999771118164,11.739999771118164,120,0.0,0.0
2024-06-03 10:46:00-04:00,11.75,11.789999961853027,11.75,11.770000457763672,1169,0.0,0.0
2024-06-03 10:47:00-04:00,11.729999542236328,11.729999542236328,11.729999542236328,11.729999542236328,137,0.0,0.0
2024-06-03 10:51:00-04:00,11.720000267028809,11.720000267028809,11.720000267028809,11.720000267028809,125,0.0,0.0
2024-06-03 10:52:00-04:00,11.710000038146973,11.720000267028809,11.710000038146973,11.720000267028809,1028,0.0,0.0
2024-06-03 10:57:00-04:00,11.699999809265137,11.699999809265137,11.699999809265137,11.699999809265137,104,0.0,0.0
2024-06-03 10:58:00-04:00,11.699999809265137,11.699999809265137,11.699999809265137,11.699999809265137,464,0.0,0.0
2024-06-03 11:01:00-04:00,11.710000038146973,11.710000038146973,11.710000038146973,11.710000038146973,102,0.0,0.0
2024-06-03 11:02:00-04:00,11.720000267028809,11.720000267028809,11.720000267028809,11.720000267028809,205,0.0,0.0
2024-06-03 11:04:00-04:00,11.720000267028809,11.720000267028809,11.720000267028809,11.720000267028809,371,0.0,0.0
2024-06-03 11:10:00-04:00,11.670000076293945,11.670000076293945,11.670000076293945,11.670000076293945,175,0.0,0.0
2024-06-03 11:12:00-04:00,11.670000076293945,11.670000076293945,11.670000076293945,11.670000076293945,266,0.0,0.0
2024-06-03 11:18:00-04:00,11.65999984741211,11.65999984741211,11.65999984741211,11.65999984741211,316,0.0,0.0
2024-06-03 11:24:00-04:00,11.65999984741211,11.65999984741211,11.65999984741211,11.65999984741211,492,0.0,0.0
2024-06-03 11:27:00-04:00,11.630000114440918,11.630000114440918,11.630000114440918,11.630000114440918,419,0.0,0.0
2024-06-03 11:29:00-04:00,11.649999618530273,11.649999618530273,11.649999618530273,11.649999618530273,212,0.0,0.0
2024-06-03 11:31:00-04:00,11.630000114440918,11.630000114440918,11.630000114440918,11.630000114440918,415,0.0,0.0
2024-06-03 11:35:00-04:00,11.630000114440918,11.630000114440918,11.630000114440918,11.630000114440918,459,0.0,0.0
2024-06-03 11:36:00-04:00,11.640000343322754,11.640000343322754,11.640000343322754,11.640000343322754,666,0.0,0.0
2024-06-03 12:10:00-04:00,11.630000114440918,11.630000114440918,11.630000114440918,11.630000114440918,118,0.0,0.0
2024-06-03 12:12:00-04:00,11.609999656677246,11.609999656677246,11.609999656677246,11.609999656677246,536,0.0,0.0
2024-06-03 12:16:00-04:00,11.600000381469727,11.600000381469727,11.600000381469727,11.600000381469727,253,0.0,0.0
2024-06-03 12:19:00-04:00,11.600000381469727,11.609999656677246,11.600000381469727,11.609999656677246,585,0.0,0.0
2024-06-03 12:21:00-04:00,11.630000114440918,11.649999618530273,11.630000114440918,11.649999618530273,1836,0.0,0.0
2024-06-03 12:22:00-04:00,11.65999984741211,11.65999984741211,11.65999984741211,11.65999984741211,636,0.0,0.0
2024-06-03 12:25:00-04:00,11.649999618530273,11.649999618530273,11.649999618530273,11.649999618530273,100,0.0,0.0
2024-06-03 12:28:00-04:00,11.649999618530273,11.649999618530273,11.649999618530273,11.649999618530273,730,0.0,0.0
2024-06-03 12:30:00-04:00,11.660099983215332,11.660099983215332,11.660099983215332,11.660099983215332,307,0.0,0.0
2024-06-03 12:31:00-04:00,11.663000106811523,11.663000106811523,11.663000106811523,11.663000106811523,843,0.0,0.0
2024-06-03 12:33:00-04:00,11.670000076293945,11.670000076293945,11.670000076293945,11.670000076293945,210,0.0,0.0
2024-06-03 12:34:00-04:00,11.670000076293945,11.670000076293945,11.662199974060059,11.662199974060059,220,0.0,0.0
2024-06-03 12:36:00-04:00,11.678500175476074,11.680000305175781,11.678500175476074,11.680000305175781,958,0.0,0.0
2024-06-03 12:39:00-04:00,11.680000305175781,11.6899995803833,11.680000305175781,11.680000305175781,500,0.0,0.0
2024-06-03 12:40:00-04:00,11.670000076293945,11.670000076293945,11.670000076293945,11.670000076293945,211,0.0,0.0
2024-06-03 12:49:00-04:00,11.670000076293945,11.680000305175781,11.670000076293945,11.680000305175781,778,0.0,0.0
2024-06-03 12:51:00-04:00,11.670000076293945,11.670000076293945,11.670000076293945,11.670000076293945,212,0.0,0.0
2024-06-03 12:57:00-04:00,11.670000076293945,11.670000076293945,11.670000076293945,11.670000076293945,1275,0.0,0.0
2024-06-03 13:00:00-04:00,11.65999984741211,11.65999984741211,11.65999984741211,11.65999984741211,136,0.0,0.0
2024-06-03 13:01:00-04:00,11.657299995422363,11.662699699401855,11.649999618530273,11.649999618530273,2169,0.0,0.0
2024-06-03 13:03:00-04:00,11.649999618530273,11.649999618530273,11.649999618530273,11.649999618530273,420,0.0,0.0
2024-06-03 13:05:00-04:00,11.640000343322754,11.649999618530273,11.640000343322754,11.649999618530273,747,0.0,0.0
2024-06-03 13:06:00-04:00,11.65999984741211,11.65999984741211,11.65999984741211,11.65999984741211,494,0.0,0.0
2024-06-03 13:09:00-04:00,11.649999618530273,11.649999618530273,11.649999618530273,11.649999618530273,318,0.0,0.0
2024-06-03 13:12:00-04:00,11.65999984741211,11.65999984741211,11.65999984741211,11.65999984741211,295,0.0,0.0
2024-06-03 13:13:00-04:00,11.680000305175781,11.6899995803833,11.680000305175781,11.6899995803833,994,0.0,0.0
2024-06-03 13:16:00-04:00,11.710000038146973,11.710000038146973,11.710000038146973,11.710000038146973,216,0.0,0.0
2024-06-03 13:17:00-04:00,11.75,11.75,11.75,11.75,1174,0.0,0.0
2024-06-03 13:22:00-04:00,11.731399536132812,11.731399536132812,11.731399536132812,11.731399536132812,810,0.0,0.0
2024-06-03 13:24:00-04:00,11.729999542236328,11.729999542236328,11.729999542236328,11.729999542236328,679,0.0,0.0
2024-06-03 13:27:00-04:00,11.720000267028809,11.720000267028809,11.720000267028809,11.720000267028809,138,0.0,0.0
2024-06-03 13:30:00-04:00,11.739999771118164,11.760000228881836,11.739999771118164,11.760000228881836,620,0.0,0.0
2024-06-03 13:31:00-04:00,11.760000228881836,11.770000457763672,11.760000228881836,11.760000228881836,863,0.0,0.0
2024-06-03 13:36:00-04:00,11.789999961853027,11.789999961853027,11.789999961853027,11.789999961853027,101,0.0,0.0
2024-06-03 13:37:00-04:00,11.789999961853027,11.789999961853027,11.789999961853027,11.789999961853027,892,0.0,0.0
2024-06-03 13:38:00-04:00,11.779999732971191,11.779999732971191,11.779999732971191,11.779999732971191,370,0.0,0.0
2024-06-03 13:39:00-04:00,11.779999732971191,11.779999732971191,11.779999732971191,11.779999732971191,120,0.0,0.0
2024-06-03 13:43:00-04:00,11.78030014038086,11.78030014038086,11.78030014038086,11.78030014038086,609,0.0,0.0
2024-06-03 13:44:00-04:00,11.779999732971191,11.779999732971191,11.770000457763672,11.770000457763672,556,0.0,0.0
2024-06-03 13:46:00-04:00,11.789999961853027,11.789999961853027,11.789999961853027,11.789999961853027,1093,0.0,0.0
2024-06-03 13:48:00-04:00,11.800000190734863,11.800000190734863,11.800000190734863,11.800000190734863,363,0.0,0.0
2024-06-03 13:49:00-04:00,11.779999732971191,11.779999732971191,11.779999732971191,11.779999732971191,448,0.0,0.0
2024-06-03 13:51:00-04:00,11.770000457763672,11.770000457763672,11.770000457763672,11.770000457763672,361,0.0,0.0
2024-06-03 13:52:00-04:00,11.770000457763672,11.770000457763672,11.770000457763672,11.770000457763672,420,0.0,0.0
2024-06-03 13:53:00-04:00,11.779999732971191,11.779999732971191,11.779999732971191,11.779999732971191,350,0.0,0.0
2024-06-03 13:54:00-04:00,11.780900001525879,11.780900001525879,11.779999732971191,11.779999732971191,1863,0.0,0.0
2024-06-03 13:55:00-04:00,11.779999732971191,11.779999732971191,11.779999732971191,11.779999732971191,105,0.0,0.0
2024-06-03 13:56:00-04:00,11.770000457763672,11.770000457763672,11.770000457763672,11.770000457763672,151,0.0,0.0
2024-06-03 13:58:00-04:00,11.779999732971191,11.779999732971191,11.779999732971191,11.779999732971191,639,0.0,0.0
2024-06-03 14:01:00-04:00,11.789999961853027,11.789999961853027,11.789999961853027,11.789999961853027,635,0.0,0.0
2024-06-03 14:03:00-04:00,11.800000190734863,11.800000190734863,11.800000190734863,11.800000190734863,100,0.0,0.0
2024-06-03 14:04:00-04:00,11.800000190734863,11.800000190734863,11.789999961853027,11.789999961853027,657,0.0,0.0
2024-06-03 14:05:00-04:00,11.789999961853027,11.789999961853027,11.789999961853027,11.789999961853027,371,0.0,0.0
2024-06-03 14:10:00-04:00,11.789999961853027,11.789999961853027,11.789999961853027,11.789999961853027,529,0.0,0.0
2024-06-03 14:11:00-04:00,11.779999732971191,11.779999732971191,11.779999732971191,11.779999732971191,136,0.0,0.0
2024-06-03 14:12:00-04:00,11.770000457763672,11.770000457763672,11.770000457763672,11.770000457763672,563,0.0,0.0
2024-06-03 14:14:00-04:00,11.760000228881836,11.760000228881836,11.760000228881836,11.760000228881836,142,0.0,0.0
2024-06-03 14:15:00-04:00,11.779999732971191,11.779999732971191,11.779999732971191,11.779999732971191,257,0.0,0.0
2024-06-03 14:19:00-04:00,11.789999961853027,11.789999961853027,11.789999961853027,11.789999961853027,611,0.0,0.0
2024-06-03 14:21:00-04:00,11.800000190734863,11.8100004196167,11.800000190734863,11.8100004196167,939,0.0,0.0
2024-06-03 14:26:00-04:00,11.789999961853027,11.789999961853027,11.789999961853027,11.789999961853027,278,0.0,0.0
2024-06-03 14:31:00-04:00,11.789999961853027,11.789999961853027,11.789999961853027,11.789999961853027,733,0.0,0.0
2024-06-03 14:36:00-04:00,11.8100004196167,11.829999923706055,11.8100004196167,11.829999923706055,1471,0.0,0.0
2024-06-03 14:37:00-04:00,11.819999694824219,11.819999694824219,11.819999694824219,11.819999694824219,127,0.0,0.0
2024-06-03 14:40:00-04:00,11.8100004196167,11.8100004196167,11.8100004196167,11.8100004196167,109,0.0,0.0
2024-06-03 14:41:00-04:00,11.8149995803833,11.8149995803833,11.8149995803833,11.8149995803833,152,0.0,0.0
2024-06-03 14:43:00-04:00,11.8100004196167,11.8100004196167,11.8100004196167,11.8100004196167,1029,0.0,0.0
2024-06-03 14:44:00-04:00,11.800000190734863,11.800000190734863,11.800000190734863,11.800000190734863,286,0.0,0.0
2024-06-03 14:47:00-04:00,11.8100004196167,11.8100004196167,11.8100004196167,11.8100004196167,1021,0.0,0.0
2024-06-03 14:48:00-04:00,11.819999694824219,11.829999923706055,11.819999694824219,11.829999923706055,408,0.0,0.0
2024-06-03 14:49:00-04:00,11.850000381469727,11.850000381469727,11.850000381469727,11.850000381469727,829,0.0,0.0
2024-06-03 14:50:00-04:00,11.850000381469727,11.850000381469727,11.850000381469727,11.850000381469727,3525,0.0,0.0
2024-06-03 14:51:00-04:00,11.829999923706055,11.829999923706055,11.829999923706055,11.829999923706055,110,0.0,0.0
2024-06-03 14:52:00-04:00,11.829999923706055,11.829999923706055,11.829999923706055,11.829999923706055,194,0.0,0.0
2024-06-03 14:53:00-04:00,11.819999694824219,11.819999694824219,11.819999694824219,11.819999694824219,325,0.0,0.0
2024-06-03 14:55:00-04:00,11.789999961853027,11.800000190734863,11.789999961853027,11.800000190734863,839,0.0,0.0
2024-06-03 14:56:00-04:00,11.795000076293945,11.795000076293945,11.795000076293945,11.795000076293945,228,0.0,0.0
2024-06-03 14:57:00-04:00,11.800000190734863,11.800000190734863,11.800000190734863,11.800000190734863,347,0.0,0.0
2024-06-03 15:01:00-04:00,11.800000190734863,11.800000190734863,11.800000190734863,11.800000190734863,947,0.0,0.0
2024-06-03 15:04:00-04:00,11.789999961853027,11.789999961853027,11.789999961853027,11.789999961853027,242,0.0,0.0
2024-06-03 15:05:00-04:00,11.779999732971191,11.779999732971191,11.779999732971191,11.779999732971191,219,0.0,0.0
2024-06-03 15:11:00-04:00,11.770000457763672,11.770000457763672,11.770000457763672,11.770000457763672,155,0.0,0.0
2024-06-03 15:12:00-04:00,11.765000343322754,11.765000343322754,11.760000228881836,11.760000228881836,749,0.0,0.0
2024-06-03 15:13:00-04:00,11.779800415039062,11.779999732971191,11.770000457763672,11.770000457763672,2649,0.0,0.0
2024-06-03 15:14:00-04:00,11.770000457763672,11.770000457763672,11.770000457763672,11.770000457763672,200,0.0,0.0
2024-06-03 15:15:00-04:00,11.760000228881836,11.760000228881836,11.760000228881836,11.760000228881836,293,0.0,0.0
2024-06-03 15:16:00-04:00,11.739999771118164,11.75,11.739999771118164,11.75,812,0.0,0.0
2024-06-03 15:17:00-04:00,11.760000228881836,11.770000457763672,11.760000228881836,11.770000457763672,1089,0.0,0.0
2024-06-03 15:28:00-04:00,11.739999771118164,11.739999771118164,11.739999771118164,11.739999771118164,420,0.0,0.0
2024-06-03 15:37:00-04:00,11.739999771118164,11.739999771118164,11.734999656677246,11.739999771118164,2325,0.0,0.0
2024-06-03 15:39:00-04:00,11.75,11.75,11.75,11.75,215,0.0,0.0
2024-06-03 15:40:00-04:00,11.75,11.75,11.75,11.75,1167,0.0,0.0
2024-06-03 15:45:00-04:00,11.75,11.75,11.75,11.75,593,0.0,0.0
2024-06-03 15:48:00-04:00,11.739999771118164,11.739999771118164,11.739999771118164,11.739999771118164,862,0.0,0.0
2024-06-03 15:49:00-04:00,11.729999542236328,11.729999542236328,11.729999542236328,11.729999542236328,156,0.0,0.0
2024-06-03 15:51:00-04:00,11.720000267028809,11.729999542236328,11.720000267028809,11.729999542236328,3416,0.0,0.0
2024-06-03 15:53:00-04:00,11.729999542236328,11.729999542236328,11.720000267028809,11.720000267028809,813,0.0,0.0
2024-06-03 15:54:00-04:00,11.720000267028809,11.720000267028809,11.710000038146973,11.710000038146973,730,0.0,0.0
2024-06-03 15:55:00-04:00,11.704999923706055,11.704999923706055,11.699999809265137,11.699999809265137,611,0.0,0.0
2024-06-03 15:56:00-04:00,11.699999809265137,11.699999809265137,11.699999809265137,11.699999809265137,700,0.0,0.0
2024-06-03 15:58:00-04:00,11.6899995803833,11.720000267028809,11.6899995803833,11.710000038146973,11012,0.0,0.0
2024-06-03 15:59:00-04:00,11.720000267028809,11.720000267028809,11.710000038146973,11.710000038146973,1831,0.0,0.0
2024-06-04 09:30:00-04:00,11.609999656677246,11.609999656677246,11.609999656677246,11.609999656677246,711,0.0,0.0
2024-06-04 09:32:00-04:00,11.59000015258789,11.59000015258789,11.59000015258789,11.59000015258789,378,0.0,0.0
2024-06-04 09:34:00-04:00,11.630000114440918,11.630000114440918,11.630000114440918,11.630000114440918,954,0.0,0.0
2024-06-04 09:35:00-04:00,11.601099967956543,11.601099967956543,11.601099967956543,11.601099967956543,803,0.0,0.0
2024-06-04 09:38:00-04:00,11.59000015258789,11.609999656677246,11.59000015258789,11.609999656677246,1396,0.0,0.0
2024-06-04 09:44:00-04:00,11.619999885559082,11.619999885559082,11.619999885559082,11.619999885559082,548,0.0,0.0
2024-06-04 09:55:00-04:00,11.680000305175781,11.699999809265137,11.680000305175781,11.699999809265137,227,0.0,0.0
2024-06-04 09:56:00-04:00,11.670000076293945,11.670000076293945,11.670000076293945,11.670000076293945,342,0.0,0.0
2024-06-04 09:59:00-04:00,11.6899995803833,11.6899995803833,11.6899995803833,11.6899995803833,371,0.0,0.0
2024-06-04 10:00:00-04:00,11.720000267028809,11.75,11.720000267028809,11.739999771118164,3927,0.0,0.0
2024-06-04 10:01:00-04:00,11.734999656677246,11.734999656677246,11.734999656677246,11.734999656677246,108,0.0,0.0
2024-06-04 10:02:00-04:00,11.729999542236328,11.729999542236328,11.720000267028809,11.720000267028809,343,0.0,0.0
2024-06-04 10:04:00-04:00,11.710000038146973,11.710000038146973,11.710000038146973,11.710000038146973,213,0.0,0.0
2024-06-04 10:05:00-04:00,11.6850004196167,11.6850004196167,11.6850004196167,11.6850004196167,390,0.0,0.0
2024-06-04 10:08:00-04:00,11.649999618530273,11.680000305175781,11.649999618530273,11.680000305175781,485,0.0,0.0
2024-06-04 10:12:00-04:00,11.65999984741211,11.65999984741211,11.65999984741211,11.65999984741211,379,0.0,0.0
2024-06-04 10:13:00-04:00,11.649999618530273,11.649999618530273,11.649999618530273,11.649999618530273,210,0.0,0.0
2024-06-04 10:15:00-04:00,11.670000076293945,11.670000076293945,11.670000076293945,11.670000076293945,349,0.0,0.0
2024-06-04 10:17:00-04:00,11.699999809265137,11.699999809265137,11.699999809265137,11.699999809265137,236,0.0,0.0
2024-06-04 10:18:00-04:00,11.699999809265137,11.699999809265137,11.699999809265137,11.699999809265137,123,0.0,0.0
2024-06-04 10:27:00-04:00,11.680000305175781,11.680000305175781,11.680000305175781,11.680000305175781,344,0.0,0.0
2024-06-04 10:29:00-04:00,11.6899995803833,11.6899995803833,11.6899995803833,11.6899995803833,112,0.0,0.0
2024-06-04 10:30:00-04:00,11.6899995803833,11.6899995803833,11.6899995803833,11.6899995803833,102,0.0,0.0
2024-06-04 10:31:00-04:00,11.6899995803833,11.6899995803833,11.6899995803833,11.6899995803833,208,0.0,0.0
2024-06-04 10:32:00-04:00,11.6899995803833,11.6899995803833,11.6899995803833,11.6899995803833,739,0.0,0.0
2024-06-04 10:33:00-04:00,11.699999809265137,11.699999809265137,11.699999809265137,11.699999809265137,235,0.0,0.0
2024-06-04 10:36:00-04:00,11.670000076293945,11.670000076293945,11.670000076293945,11.670000076293945,218,0.0,0.0
2024-06-04 10:37:00-04:00,11.670000076293945,11.670000076293945,11.670000076293945,11.670000076293945,277,0.0,0.0
2024-06-04 10:39:00-04:00,11.680000305175781,11.680000305175781,11.680000305175781,11.680000305175781,323,0.0,0.0
2024-06-04 10:45:00-04:00,11.699999809265137,11.710000038146973,11.699999809265137,11.710000038146973,613,0.0,0.0
2024-06-04 10:48:00-04:00,11.710000038146973,11.710000038146973,11.699999809265137,11.699999809265137,1171,0.0,0.0
2024-06-04 10:49:00-04:00,11.6899995803833,11.6899995803833,11.6899995803833,11.6899995803833,403,0.0,0.0
2024-06-04 10:51:00-04:00,11.710000038146973,11.710000038146973,11.710000038146973,11.710000038146973,166,0.0,0.0
2024-06-04 10:52:00-04:00,11.699999809265137,11.699999809265137,11.694999694824219,11.694999694824219,741,0.0,0.0
2024-06-04 10:53:00-04:00,11.699999809265137,11.699999809265137,11.699999809265137,11.699999809265137,237,0.0,0.0
2024-06-04 10:55:00-04:00,11.720000267028809,11.720000267028809,11.71150016784668,11.71150016784668,202,0.0,0.0
2024-06-04 10:56:00-04:00,11.720000267028809,11.720000267028809,11.720000267028809,11.720000267028809,430,0.0,0.0
2024-06-04 10:57:00-04:00,11.720000267028809,11.720000267028809,11.720000267028809,11.720000267028809,292,0.0,0.0
2024-06-04 10:59:00-04:00,11.720000267028809,11.720000267028809,11.720000267028809,11.720000267028809,189,0.0,0.0
2024-06-04 11:00:00-04:00,11.720000267028809,11.720000267028809,11.699999809265137,11.699999809265137,2930,0.0,0.0
2024-06-04 11:01:00-04:00,11.710000038146973,11.710000038146973,11.710000038146973,11.710000038146973,273,0.0,0.0
2024-06-04 11:02:00-04:00,11.710000038146973,11.710000038146973,11.710000038146973,11.710000038146973,269,0.0,0.0
2024-06-04 11:04:00-04:00,11.710000038146973,11.710000038146973,11.710000038146973,11.710000038146973,310,0.0,0.0
2024-06-04 11:06:00-04:00,11.680000305175781,11.680000305175781,11.680000305175781,11.680000305175781,218,0.0,0.0
2024-06-04 11:07:00-04:00,11.6899995803833,11.6899995803833,11.6899995803833,11.6899995803833,105,0.0,0.0
2024-06-04 11:08:00-04:00,11.680000305175781,11.680000305175781,11.680000305175781,11.680000305175781,210,0.0,0.0
2024-06-04 11:09:00-04:00,11.66450023651123,11.66450023651123,11.66450023651123,11.66450023651123,347,0.0,0.0
2024-06-04 11:10:00-04:00,11.670000076293945,11.670000076293945,11.670000076293945,11.670000076293945,146,0.0,0.0
2024-06-04 11:12:00-04:00,11.65999984741211,11.65999984741211,11.65999984741211,11.65999984741211,201,0.0,0.0
2024-06-04 11:13:00-04:00,11.65999984741211,11.65999984741211,11.65999984741211,11.65999984741211,567,0.0,0.0
2024-06-04 11:14:00-04:00,11.680000305175781,11.680000305175781,11.670000076293945,11.670000076293945,620,0.0,0.0
2024-06-04 11:15:00-04:00,11.660200119018555,11.670000076293945,11.65999984741211,11.664999961853027,3154,0.0,0.0
2024-06-04 11:16:00-04:00,11.670000076293945,11.670000076293945,11.670000076293945,11.670000076293945,111,0.0,0.0
2024-06-04 11:17:00-04:00,11.670000076293945,11.680000305175781,11.670000076293945,11.680000305175781,897,0.0,0.0
2024-06-04 11:22:00-04:00,11.699999809265137,11.699999809265137,11.694999694824219,11.694999694824219,731,0.0,0.0
2024-06-04 11:24:00-04:00,11.699999809265137,11.699999809265137,11.699999809265137,11.699999809265137,184,0.0,0.0
2024-06-04 11:25:00-04:00,11.6899995803833,11.6899995803833,11.6899995803833,11.6899995803833,205,0.0,0.0
2024-06-04 11:26:00-04:00,11.680000305175781,11.680000305175781,11.680000305175781,11.680000305175781,106,0.0,0.0
2024-06-04 11:27:00-04:00,11.6899995803833,11.6899995803833,11.6899995803833,11.6899995803833,529,0.0,0.0
2024-06-04 11:28:00-04:00,11.6899995803833,11.710000038146973,11.6899995803833,11.710000038146973,652,0.0,0.0
2024-06-04 11:29:00-04:00,11.6899995803833,11.6899995803833,11.6899995803833,11.6899995803833,755,0.0,0.0
2024-06-04 11:32:00-04:00,11.680000305175781,11.680000305175781,11.680000305175781,11.680000305175781,250,0.0,0.0
2024-06-04 11:41:00-04:00,11.630000114440918,11.630000114440918,11.630000114440918,11.630000114440918,672,0.0,0.0
2024-06-04 11:46:00-04:00,11.609999656677246,11.609999656677246,11.609999656677246,11.609999656677246,934,0.0,0.0
2024-06-04 11:54:00-04:00,11.619999885559082,11.628499984741211,11.619999885559082,11.628499984741211,565,0.0,0.0
2024-06-04 11:55:00-04:00,11.609999656677246,11.609999656677246,11.609999656677246,11.609999656677246,167,0.0,0.0
2024-06-04 11:59:00-04:00,11.579999923706055,11.579999923706055,11.579999923706055,11.579999923706055,442,0.0,0.0
2024-06-04 12:06:00-04:00,11.579999923706055,11.579999923706055,11.579999923706055,11.579999923706055,480,0.0,0.0
2024-06-04 12:12:00-04:00,11.59000015258789,11.600000381469727,11.59000015258789,11.600000381469727,1044,0.0,0.0
2024-06-04 12:15:00-04:00,11.62090015411377,11.62090015411377,11.62090015411377,11.62090015411377,370,0.0,0.0
2024-06-04 12:17:00-04:00,11.6274995803833,11.6274995803833,11.6274995803833,11.6274995803833,232,0.0,0.0
2024-06-04 12:18:00-04:00,11.619999885559082,11.619999885559082,11.614999771118164,11.619999885559082,1168,0.0,0.0
2024-06-04 12:19:00-04:00,11.618800163269043,11.619999885559082,11.618800163269043,11.619999885559082,217,0.0,0.0
2024-06-04 12:20:00-04:00,11.630000114440918,11.649999618530273,11.630000114440918,11.649999618530273,1003,0.0,0.0
2024-06-04 12:21:00-04:00,11.649999618530273,11.649999618530273,11.640000343322754,11.640000343322754,785,0.0,0.0
2024-06-04 12:22:00-04:00,11.630000114440918,11.630000114440918,11.630000114440918,11.630000114440918,212,0.0,0.0
2024-06-04 12:25:00-04:00,11.59000015258789,11.59000015258789,11.59000015258789,11.59000015258789,275,0.0,0.0
2024-06-04 12:35:00-04:00,11.550000190734863,11.550000190734863,11.539999961853027,11.539999961853027,775,0.0,0.0
2024-06-04 12:36:00-04:00,11.539999961853027,11.539999961853027,11.539999961853027,11.539999961853027,754,0.0,0.0
2024-06-04 12:45:00-04:00,11.569999694824219,11.569999694824219,11.569999694824219,11.569999694824219,323,0.0,0.0
2024-06-04 12:54:00-04:00,11.5649995803833,11.5649995803833,11.5649995803833,11.5649995803833,167,0.0,0.0
2024-06-04 12:57:00-04:00,11.569999694824219,11.569999694824219,11.569999694824219,11.569999694824219,378,0.0,0.0
2024-06-04 13:02:00-04:00,11.5600004196167,11.5600004196167,11.5600004196167,11.5600004196167,204,0.0,0.0
2024-06-04 13:04:00-04:00,11.569999694824219,11.569999694824219,11.569999694824219,11.569999694824219,105,0.0,0.0
2024-06-04 13:06:00-04:00,11.569999694824219,11.569999694824219,11.539999961853027,11.539999961853027,606,0.0,0.0
2024-06-04 13:07:00-04:00,11.5600004196167,11.5600004196167,11.5600004196167,11.5600004196167,318,0.0,0.0
2024-06-04 13:10:00-04:00,11.539999961853027,11.539999961853027,11.539999961853027,11.539999961853027,388,0.0,0.0
2024-06-04 13:14:00-04:00,11.539999961853027,11.539999961853027,11.539999961853027,11.539999961853027,214,0.0,0.0
2024-06-04 13:16:00-04:00,11.529999732971191,11.529999732971191,11.520000457763672,11.520000457763672,452,0.0,0.0
2024-06-04 13:18:00-04:00,11.539999961853027,11.539999961853027,11.539999961853027,11.539999961853027,231,0.0,0.0
2024-06-04 13:23:00-04:00,11.550000190734863,11.550000190734863,11.550000190734863,11.550000190734863,230,0.0,0.0
2024-06-04 13:25:00-04:00,11.539999961853027,11.539999961853027,11.539999961853027,11.539999961853027,148,0.0,0.0
2024-06-04 13:26:00-04:00,11.550000190734863,11.550000190734863,11.539999961853027,11.539999961853027,483,0.0,0.0
2024-06-04 13:28:00-04:00,11.539999961853027,11.550000190734863,11.539999961853027,11.550000190734863,804,0.0,0.0
2024-06-04 13:31:00-04:00,11.5600004196167,11.5600004196167,11.5600004196167,11.5600004196167,173,0.0,0.0
2024-06-04 13:32:00-04:00,11.550000190734863,11.550000190734863,11.550000190734863,11.550000190734863,112,0.0,0.0
2024-06-04 13:33:00-04:00,11.545000076293945,11.545000076293945,11.545000076293945,11.545000076293945,338,0.0,0.0
2024-06-04 13:34:00-04:00,11.556400299072266,11.556400299072266,11.556400299072266,11.556400299072266,180,0.0,0.0
2024-06-04 13:35:00-04:00,11.5600004196167,11.5600004196167,11.5600004196167,11.5600004196167,273,0.0,0.0
2024-06-04 13:41:00-04:00,11.5600004196167,11.5600004196167,11.5600004196167,11.5600004196167,793,0.0,0.0
2024-06-04 13:46:00-04:00,11.569999694824219,11.579999923706055,11.569999694824219,11.579999923706055,651,0.0,0.0
2024-06-04 13:47:00-04:00,11.579999923706055,11.579999923706055,11.579999923706055,11.579999923706055,396,0.0,0.0
2024-06-04 13:52:00-04:00,11.5600004196167,11.5600004196167,11.5600004196167,11.5600004196167,171,0.0,0.0
2024-06-04 13:57:00-04:00,11.550000190734863,11.550000190734863,11.550000190734863,11.550000190734863,431,0.0,0.0
2024-06-04 14:02:00-04:00,11.539999961853027,11.539999961853027,11.539999961853027,11.539999961853027,259,0.0,0.0
2024-06-04 14:03:00-04:00,11.5600004196167,11.5600004196167,11.5600004196167,11.5600004196167,224,0.0,0.0
2024-06-04 14:05:00-04:00,11.5600004196167,11.5600004196167,11.5600004196167,11.5600004196167,374,0.0,0.0
2024-06-04 14:11:00-04:00,11.539999961853027,11.539999961853027,11.529999732971191,11.529999732971191,407,0.0,0.0
2024-06-04 14:17:00-04:00,11.539999961853027,11.539999961853027,11.539999961853027,11.539999961853027,979,0.0,0.0
2024-06-04 14:19:00-04:00,11.53499984741211,11.53499984741211,11.53499984741211,11.53499984741211,100,0.0,0.0
2024-06-04 14:20:00-04:00,11.550000190734863,11.550000190734863,11.550000190734863,11.550000190734863,381,0.0,0.0
2024-06-04 14:23:00-04:00,11.550000190734863,11.550000190734863,11.550000190734863,11.550000190734863,131,0.0,0.0
2024-06-04 14:27:00-04:00,11.550000190734863,11.5600004196167,11.550000190734863,11.5600004196167,872,0.0,0.0
2024-06-04 14:28:00-04:00,11.550800323486328,11.550800323486328,11.550800323486328,11.550800323486328,116,0.0,0.0
2024-06-04 14:30:00-04:00,11.550000190734863,11.550000190734863,11.550000190734863,11.550000190734863,399,0.0,0.0
2024-06-04 14:32:00-04:00,11.539999961853027,11.539999961853027,11.539999961853027,11.539999961853027,518,0.0,0.0
2024-06-04 14:41:00-04:00,11.5,11.5,11.489999771118164,11.489999771118164,272,0.0,0.0
2024-06-04 14:43:00-04:00,11.510000228881836,11.510000228881836,11.489999771118164,11.489999771118164,313,0.0,0.0
2024-06-04 14:45:00-04:00,11.5,11.5,11.5,11.5,182,0.0,0.0
2024-06-04 14:47:00-04:00,11.510000228881836,11.510000228881836,11.510000228881836,11.510000228881836,1622,0.0,0.0
2024-06-04 14:49:00-04:00,11.489999771118164,11.489999771118164,11.489999771118164,11.489999771118164,718,0.0,0.0
2024-06-04 14:50:00-04:00,11.489999771118164,11.498299598693848,11.489999771118164,11.489999771118164,819,0.0,0.0
2024-06-04 14:51:00-04:00,11.498100280761719,11.498100280761719,11.479999542236328,11.479999542236328,1426,0.0,0.0
2024-06-04 14:52:00-04:00,11.460000038146973,11.460000038146973,11.460000038146973,11.460000038146973,2558,0.0,0.0
2024-06-04 14:53:00-04:00,11.451000213623047,11.451000213623047,11.440099716186523,11.440099716186523,1103,0.0,0.0
2024-06-04 14:55:00-04:00,11.4399995803833,11.4399995803833,11.4399995803833,11.4399995803833,254,0.0,0.0
2024-06-04 14:56:00-04:00,11.4399995803833,11.4399995803833,11.430000305175781,11.430000305175781,217,0.0,0.0
2024-06-04 14:57:00-04:00,11.420000076293945,11.430000305175781,11.420000076293945,11.430000305175781,404,0.0,0.0
2024-06-04 14:59:00-04:00,11.420000076293945,11.420000076293945,11.420000076293945,11.420000076293945,339,0.0,0.0
2024-06-04 15:01:00-04:00,11.420000076293945,11.420000076293945,11.420000076293945,11.420000076293945,253,0.0,0.0
2024-06-04 15:02:00-04:00,11.420000076293945,11.420000076293945,11.420000076293945,11.420000076293945,180,0.0,0.0
2024-06-04 15:03:00-04:00,11.420000076293945,11.430000305175781,11.420000076293945,11.430000305175781,714,0.0,0.0
2024-06-04 15:08:00-04:00,11.4399995803833,11.4399995803833,11.430100440979004,11.430100440979004,1379,0.0,0.0
2024-06-04 15:13:00-04:00,11.449999809265137,11.460000038146973,11.449999809265137,11.460000038146973,1226,0.0,0.0
2024-06-04 15:15:00-04:00,11.479999542236328,11.479999542236328,11.479999542236328,11.479999542236328,4519,0.0,0.0
2024-06-04 15:17:00-04:00,11.470000267028809,11.470000267028809,11.460000038146973,11.460000038146973,538,0.0,0.0
2024-06-04 15:18:00-04:00,11.450200080871582,11.460000038146973,11.450200080871582,11.460000038146973,2750,0.0,0.0
2024-06-04 15:20:00-04:00,11.446599960327148,11.446599960327148,11.446599960327148,11.446599960327148,228,0.0,0.0
2024-06-04 15:22:00-04:00,11.4399995803833,11.4399995803833,11.4399995803833,11.4399995803833,100,0.0,0.0
2024-06-04 15:23:00-04:00,11.4399995803833,11.447999954223633,11.430000305175781,11.430000305175781,5013,0.0,0.0
2024-06-04 15:25:00-04:00,11.4306001663208,11.4399995803833,11.4306001663208,11.4399995803833,1411,0.0,0.0
2024-06-04 15:27:00-04:00,11.4399995803833,11.4399995803833,11.4399995803833,11.4399995803833,276,0.0,0.0
2024-06-04 15:28:00-04:00,11.4350004196167,11.460000038146973,11.4350004196167,11.460000038146973,1157,0.0,0.0
2024-06-04 15:29:00-04:00,11.460000038146973,11.460000038146973,11.460000038146973,11.460000038146973,345,0.0,0.0
2024-06-04 15:31:00-04:00,11.460000038146973,11.460000038146973,11.449999809265137,11.449999809265137,1311,0.0,0.0
2024-06-04 15:32:00-04:00,11.449999809265137,11.449999809265137,11.449999809265137,11.449999809265137,254,0.0,0.0
2024-06-04 15:33:00-04:00,11.449999809265137,11.449999809265137,11.449999809265137,11.449999809265137,447,0.0,0.0
2024-06-04 15:34:00-04:00,11.449999809265137,11.449999809265137,11.449999809265137,11.449999809265137,338,0.0,0.0
2024-06-04 15:35:00-04:00,11.460000038146973,11.460000038146973,11.449999809265137,11.449999809265137,1103,0.0,0.0
2024-06-04 15:36:00-04:00,11.460000038146973,11.460000038146973,11.460000038146973,11.460000038146973,279,0.0,0.0
2024-06-04 15:37:00-04:00,11.449999809265137,11.449999809265137,11.449999809265137,11.449999809265137,517,0.0,0.0
2024-06-04 15:38:00-04:00,11.4399995803833,11.4399995803833,11.4399995803833,11.4399995803833,387,0.0,0.0
2024-06-04 15:44:00-04:00,11.4399995803833,11.460000038146973,11.4399995803833,11.460000038146973,391,0.0,0.0
2024-06-04 15:45:00-04:00,11.449999809265137,11.449999809265137,11.449999809265137,11.449999809265137,441,0.0,0.0
2024-06-04 15:46:00-04:00,11.449999809265137,11.449999809265137,11.449999809265137,11.449999809265137,570,0.0,0.0
2024-06-04 15:49:00-04:00,11.449999809265137,11.449999809265137,11.4399995803833,11.4399995803833,1155,0.0,0.0
2024-06-04 15:50:00-04:00,11.449999809265137,11.449999809265137,11.449999809265137,11.449999809265137,724,0.0,0.0
2024-06-04 15:53:00-04:00,11.4399995803833,11.4399995803833,11.4399995803833,11.4399995803833,1723,0.0,0.0
2024-06-04 15:54:00-04:00,11.444999694824219,11.444999694824219,11.4399995803833,11.4399995803833,322,0.0,0.0
2024-06-04 15:55:00-04:00,11.430000305175781,11.430000305175781,11.430000305175781,11.430000305175781,242,0.0,0.0
2024-06-04 15:56:00-04:00,11.430000305175781,11.430000305175781,11.430000305175781,11.430000305175781,553,0.0,0.0
2024-06-04 15:57:00-04:00,11.430000305175781,11.430000305175781,11.430000305175781,11.430000305175781,406,0.0,0.0
2024-06-04 15:58:00-04:00,11.430000305175781,11.4350004196167,11.430000305175781,11.4350004196167,2588,0.0,0.0
2024-06-04 15:59:00-04:00,11.430000305175781,11.430000305175781,11.399999618530273,11.399999618530273,3628,0.0,0.0
2024-06-05 09:30:00-04:00,11.5,11.5,11.5,11.5,615,0.0,0.0
2024-06-05 09:31:00-04:00,11.479999542236328,11.479999542236328,11.479999542236328,11.479999542236328,100,0.0,0.0
2024-06-05 09:33:00-04:00,11.489999771118164,11.489999771118164,11.489999771118164,11.489999771118164,100,0.0,0.0
2024-06-05 09:36:00-04:00,11.489999771118164,11.489999771118164,11.489999771118164,11.489999771118164,264,0.0,0.0
2024-06-05 09:38:00-04:00,11.470000267028809,11.479999542236328,11.461600303649902,11.470000267028809,1177,0.0,0.0
2024-06-05 09:41:00-04:00,11.470000267028809,11.470000267028809,11.470000267028809,11.470000267028809,215,0.0,0.0
2024-06-05 09:45:00-04:00,11.5,11.5,11.489999771118164,11.489999771118164,829,0.0,0.0
2024-06-05 09:47:00-04:00,11.489999771118164,11.489999771118164,11.489999771118164,11.489999771118164,499,0.0,0.0
2024-06-05 09:49:00-04:00,11.484999656677246,11.539999961853027,11.484999656677246,11.507499694824219,1142,0.0,0.0
2024-06-05 09:50:00-04:00,11.539999961853027,11.550000190734863,11.539999961853027,11.550000190734863,721,0.0,0.0
2024-06-05 09:55:00-04:00,11.510000228881836,11.510000228881836,11.510000228881836,11.510000228881836,106,0.0,0.0
2024-06-05 09:56:00-04:00,11.510000228881836,11.510000228881836,11.510000228881836,11.510000228881836,100,0.0,0.0
2024-06-05 09:58:00-04:00,11.529999732971191,11.529999732971191,11.529999732971191,11.529999732971191,300,0.0,0.0
2024-06-05 09:59:00-04:00,11.520000457763672,11.539999961853027,11.520000457763672,11.539999961853027,585,0.0,0.0
2024-06-05 10:00:00-04:00,11.520000457763672,11.569999694824219,11.40999984741211,11.569999694824219,5513,0.0,0.0
2024-06-05 10:01:00-04:00,11.569999694824219,11.569999694824219,11.5600004196167,11.5600004196167,555,0.0,0.0
2024-06-05 10:02:00-04:00,11.569999694824219,11.579999923706055,11.569999694824219,11.579999923706055,590,0.0,0.0
2024-06-05 10:07:00-04:00,11.539999961853027,11.539999961853027,11.539999961853027,11.539999961853027,485,0.0,0.0
2024-06-05 10:09:00-04:00,11.520000457763672,11.520000457763672,11.520000457763672,11.520000457763672,217,0.0,0.0
2024-06-05 10:13:00-04:00,11.524999618530273,11.524999618530273,11.524999618530273,11.524999618530273,280,0.0,0.0
2024-06-05 10:16:00-04:00,11.510000228881836,11.510000228881836,11.510000228881836,11.510000228881836,492,0.0,0.0
2024-06-05 10:18:00-04:00,11.520000457763672,11.520000457763672,11.520000457763672,11.520000457763672,581,0.0,0.0
2024-06-05 10:20:00-04:00,11.529999732971191,11.539999961853027,11.529999732971191,11.539999961853027,1114,0.0,0.0
2024-06-05 10:21:00-04:00,11.5600004196167,11.59000015258789,11.5600004196167,11.59000015258789,254,0.0,0.0
2024-06-05 10:24:00-04:00,11.630000114440918,11.630000114440918,11.630000114440918,11.630000114440918,590,0.0,0.0
2024-06-05 10:25:00-04:00,11.649999618530273,11.649999618530273,11.649999618530273,11.649999618530273,110,0.0,0.0
2024-06-05 10:26:00-04:00,11.65999984741211,11.6899995803833,11.649999618530273,11.670000076293945,6151,0.0,0.0
2024-06-05 10:27:00-04:00,11.680000305175781,11.680000305175781,11.640000343322754,11.640000343322754,7408,0.0,0.0
2024-06-05 10:28:00-04:00,11.640000343322754,11.640000343322754,11.619999885559082,11.619999885559082,775,0.0,0.0
2024-06-05 10:29:00-04:00,11.640000343322754,11.640000343322754,11.640000343322754,11.640000343322754,176,0.0,0.0
2024-06-05 10:31:00-04:00,11.670000076293945,11.710000038146973,11.670000076293945,11.710000038146973,1851,0.0,0.0
2024-06-05 10:32:00-04:00,11.720000267028809,11.720000267028809,11.6899995803833,11.6899995803833,1030,0.0,0.0
2024-06-05 10:33:00-04:00,11.710000038146973,11.720000267028809,11.710000038146973,11.720000267028809,516,0.0,0.0
2024-06-05 10:34:00-04:00,11.739999771118164,11.744999885559082,11.739999771118164,11.744999885559082,857,0.0,0.0
2024-06-05 10:35:00-04:00,11.755000114440918,11.760000228881836,11.755000114440918,11.760000228881836,594,0.0,0.0
2024-06-05 10:36:00-04:00,11.770000457763672,11.779999732971191,11.770000457763672,11.779999732971191,788,0.0,0.0
2024-06-05 10:37:00-04:00,11.800000190734863,11.800000190734863,11.800000190734863,11.800000190734863,209,0.0,0.0
2024-06-05 10:38:00-04:00,11.8100004196167,11.8100004196167,11.789999961853027,11.789999961853027,3364,0.0,0.0
2024-06-05 10:39:00-04:00,11.789999961853027,11.789999961853027,11.789999961853027,11.789999961853027,300,0.0,0.0
2024-06-05 10:40:00-04:00,11.760000228881836,11.760000228881836,11.760000228881836,11.760000228881836,3224,0.0,0.0
2024-06-05 10:44:00-04:00,11.729999542236328,11.729999542236328,11.729999542236328,11.729999542236328,105,0.0,0.0
2024-06-05 10:45:00-04:00,11.729999542236328,11.729999542236328,11.720000267028809,11.720000267028809,355,0.0,0.0
2024-06-05 10:51:00-04:00,11.6899995803833,11.6899995803833,11.6899995803833,11.6899995803833,753,0.0,0.0
2024-06-05 10:52:00-04:00,11.710000038146973,11.75,11.710000038146973,11.75,656,0.0,0.0
2024-06-05 10:54:00-04:00,11.739999771118164,11.739999771118164,11.739999771118164,11.739999771118164,434,0.0,0.0
2024-06-05 10:57:00-04:00,11.710000038146973,11.720000267028809,11.710000038146973,11.720000267028809,511,0.0,0.0
2024-06-05 10:58:00-04:00,11.710000038146973,11.710000038146973,11.680000305175781,11.680000305175781,620,0.0,0.0
2024-06-05 11:00:00-04:00,11.699999809265137,11.699999809265137,11.691100120544434,11.691100120544434,638,0.0,0.0
2024-06-05 11:01:00-04:00,11.6899995803833,11.6899995803833,11.6899995803833,11.6899995803833,268,0.0,0.0
2024-06-05 11:03:00-04:00,11.6899995803833,11.699999809265137,11.6899995803833,11.699999809265137,314,0.0,0.0
2024-06-05 11:04:00-04:00,11.699999809265137,11.710000038146973,11.699999809265137,11.710000038146973,324,0.0,0.0
2024-06-05 11:05:00-04:00,11.699999809265137,11.699999809265137,11.699999809265137,11.699999809265137,113,0.0,0.0
2024-06-05 11:09:00-04:00,11.6899995803833,11.6899995803833,11.6899995803833,11.6899995803833,306,0.0,0.0
2024-06-05 11:12:00-04:00,11.699999809265137,11.699999809265137,11.699999809265137,11.699999809265137,108,0.0,0.0
2024-06-05 11:13:00-04:00,11.6899995803833,11.6899995803833,11.6899995803833,11.6899995803833,206,0.0,0.0
2024-06-05 11:14:00-04:00,11.699999809265137,11.699999809265137,11.699999809265137,11.699999809265137,604,0.0,0.0
2024-06-05 11:15:00-04:00,11.710000038146973,11.710000038146973,11.710000038146973,11.710000038146973,147,0.0,0.0
2024-06-05 11:18:00-04:00,11.710000038146973,11.710000038146973,11.710000038146973,11.710000038146973,149,0.0,0.0
2024-06-05 11:19:00-04:00,11.699999809265137,11.710000038146973,11.699999809265137,11.710000038146973,672,0.0,0.0
2024-06-05 11:21:00-04:00,11.710000038146973,11.710000038146973,11.710000038146973,11.710000038146973,440,0.0,0.0
2024-06-05 11:23:00-04:00,11.710000038146973,11.710000038146973,11.710000038146973,11.710000038146973,116,0.0,0.0
2024-06-05 11:24:00-04:00,11.710000038146973,11.710000038146973,11.710000038146973,11.710000038146973,147,0.0,0.0
2024-06-05 11:25:00-04:00,11.720000267028809,11.720000267028809,11.720000267028809,11.720000267028809,642,0.0,0.0
2024-06-05 11:26:00-04:00,11.729999542236328,11.729999542236328,11.729999542236328,11.729999542236328,487,0.0,0.0
2024-06-05 11:27:00-04:00,11.739999771118164,11.739999771118164,11.739999771118164,11.739999771118164,111,0.0,0.0
2024-06-05 11:29:00-04:00,11.75,11.75,11.75,11.75,138,0.0,0.0
2024-06-05 11:30:00-04:00,11.75,11.75,11.75,11.75,638,0.0,0.0
2024-06-05 11:31:00-04:00,11.739999771118164,11.75,11.739999771118164,11.75,1737,0.0,0.0
2024-06-05 11:33:00-04:00,11.710000038146973,11.710000038146973,11.710000038146973,11.710000038146973,606,0.0,0.0
2024-06-05 11:36:00-04:00,11.720000267028809,11.729999542236328,11.710000038146973,11.729999542236328,1291,0.0,0.0
2024-06-05 11:40:00-04:00,11.6899995803833,11.6899995803833,11.6899995803833,11.6899995803833,275,0.0,0.0
2024-06-05 11:51:00-04:00,11.670000076293945,11.670000076293945,11.670000076293945,11.670000076293945,624,0.0,0.0
2024-06-05 11:52:00-04:00,11.670000076293945,11.670000076293945,11.65999984741211,11.65999984741211,201,0.0,0.0
2024-06-05 11:53:00-04:00,11.649999618530273,11.649999618530273,11.649999618530273,11.649999618530273,292,0.0,0.0
2024-06-05 11:55:00-04:00,11.649999618530273,11.649999618530273,11.649999618530273,11.649999618530273,277,0.0,0.0
2024-06-05 11:57:00-04:00,11.65999984741211,11.65999984741211,11.65999984741211,11.65999984741211,215,0.0,0.0
2024-06-05 12:00:00-04:00,11.65999984741211,11.65999984741211,11.65999984741211,11.65999984741211,308,0.0,0.0
2024-06-05 12:02:00-04:00,11.65999984741211,11.65999984741211,11.65999984741211,11.65999984741211,300,0.0,0.0
2024-06-05 12:04:00-04:00,11.649999618530273,11.649999618530273,11.640000343322754,11.640000343322754,348,0.0,0.0
2024-06-05 12:06:00-04:00,11.649999618530273,11.649999618530273,11.649999618530273,11.649999618530273,121,0.0,0.0
2024-06-05 12:09:00-04:00,11.640000343322754,11.640000343322754,11.640000343322754,11.640000343322754,213,0.0,0.0
2024-06-05 12:12:00-04:00,11.638999938964844,11.638999938964844,11.630000114440918,11.630000114440918,211,0.0,0.0
2024-06-05 12:19:00-04:00,11.600000381469727,11.600000381469727,11.600000381469727,11.600000381469727,453,0.0,0.0
2024-06-05 12:21:00-04:00,11.59000015258789,11.59000015258789,11.59000015258789,11.59000015258789,236,0.0,0.0
2024-06-05 12:24:00-04:00,11.59000015258789,11.59000015258789,11.59000015258789,11.59000015258789,246,0.0,0.0
2024-06-05 12:27:00-04:00,11.569999694824219,11.569999694824219,11.569999694824219,11.569999694824219,102,0.0,0.0
2024-06-05 12:29:00-04:00,11.5649995803833,11.5649995803833,11.550000190734863,11.550000190734863,729,0.0,0.0
2024-06-05 12:33:00-04:00,11.569999694824219,11.620699882507324,11.569999694824219,11.620699882507324,1793,0.0,0.0
2024-06-05 12:34:00-04:00,11.630000114440918,11.630000114440918,11.620599746704102,11.620599746704102,599,0.0,0.0
2024-06-05 12:35:00-04:00,11.619999885559082,11.619999885559082,11.619999885559082,11.619999885559082,510,0.0,0.0
2024-06-05 12:37:00-04:00,11.600000381469727,11.600000381469727,11.600000381469727,11.600000381469727,102,0.0,0.0
2024-06-05 12:39:00-04:00,11.600000381469727,11.600000381469727,11.600000381469727,11.600000381469727,266,0.0,0.0
2024-06-05 12:40:00-04:00,11.600000381469727,11.600000381469727,11.600000381469727,11.600000381469727,462,0.0,0.0
2024-06-05 12:44:00-04:00,11.600000381469727,11.600000381469727,11.600000381469727,11.600000381469727,172,0.0,0.0
2024-06-05 12:46:00-04:00,11.619999885559082,11.619999885559082,11.609999656677246,11.609999656677246,951,0.0,0.0
2024-06-05 12:52:00-04:00,11.619999885559082,11.619999885559082,11.619999885559082,11.619999885559082,184,0.0,0.0
2024-06-05 12:53:00-04:00,11.630000114440918,11.630000114440918,11.619999885559082,11.619999885559082,323,0.0,0.0
2024-06-05 12:55:00-04:00,11.619999885559082,11.630000114440918,11.619999885559082,11.630000114440918,1622,0.0,0.0
2024-06-05 12:58:00-04:00,11.609999656677246,11.609999656677246,11.609999656677246,11.609999656677246,105,0.0,0.0
2024-06-05 13:00:00-04:00,11.569999694824219,11.569999694824219,11.539999961853027,11.539999961853027,2603,0.0,0.0
2024-06-05 13:01:00-04:00,11.550000190734863,11.550000190734863,11.550000190734863,11.550000190734863,215,0.0,0.0
2024-06-05 13:04:00-04:00,11.539999961853027,11.539999961853027,11.539999961853027,11.539999961853027,398,0.0,0.0
2024-06-05 13:06:00-04:00,11.520000457763672,11.520000457763672,11.520000457763672,11.520000457763672,1707,0.0,0.0
2024-06-05 13:08:00-04:00,11.520000457763672,11.520000457763672,11.520000457763672,11.520000457763672,371,0.0,0.0
2024-06-05 13:11:00-04:00,11.5,11.5,11.5,11.5,447,0.0,0.0
2024-06-05 13:15:00-04:00,11.489999771118164,11.489999771118164,11.489999771118164,11.489999771118164,301,0.0,0.0
2024-06-05 13:16:00-04:00,11.510000228881836,11.510000228881836,11.510000228881836,11.510000228881836,129,0.0,0.0
2024-06-05 13:18:00-04:00,11.5,11.5,11.5,11.5,300,0.0,0.0
2024-06-05 13:19:00-04:00,11.510000228881836,11.510000228881836,11.510000228881836,11.510000228881836,186,0.0,0.0
2024-06-05 13:20:00-04:00,11.510000228881836,11.510000228881836,11.489999771118164,11.5,2276,0.0,0.0
2024-06-05 13:22:00-04:00,11.489999771118164,11.489999771118164,11.489999771118164,11.489999771118164,100,0.0,0.0
2024-06-05 13:23:00-04:00,11.5,11.5,11.5,11.5,174,0.0,0.0
2024-06-05 13:25:00-04:00,11.5,11.5,11.5,11.5,203,0.0,0.0
2024-06-05 13:27:00-04:00,11.494999885559082,11.494999885559082,11.494999885559082,11.494999885559082,100,0.0,0.0
2024-06-05 13:30:00-04:00,11.5,11.5,11.5,11.5,276,0.0,0.0
2024-06-05 13:37:00-04:00,11.489999771118164,11.489999771118164,11.489999771118164,11.489999771118164,170,0.0,0.0
2024-06-05 13:38:00-04:00,11.489999771118164,11.510000228881836,11.489999771118164,11.510000228881836,1342,0.0,0.0
2024-06-05 13:44:00-04:00,11.510000228881836,11.510000228881836,11.510000228881836,11.510000228881836,244,0.0,0.0
2024-06-05 13:46:00-04:00,11.489999771118164,11.489999771118164,11.489999771118164,11.489999771118164,181,0.0,0.0
2024-06-05 13:48:00-04:00,11.5,11.5,11.5,11.5,315,0.0,0.0
2024-06-05 13:49:00-04:00,11.5,11.5,11.5,11.5,338,0.0,0.0
2024-06-05 14:04:00-04:00,11.470000267028809,11.470000267028809,11.470000267028809,11.470000267028809,210,0.0,0.0
2024-06-05 14:07:00-04:00,11.460000038146973,11.460000038146973,11.460000038146973,11.460000038146973,495,0.0,0.0
2024-06-05 14:13:00-04:00,11.430000305175781,11.430000305175781,11.430000305175781,11.430000305175781,363,0.0,0.0
2024-06-05 14:17:00-04:00,11.420000076293945,11.420000076293945,11.40999984741211,11.40999984741211,593,0.0,0.0
2024-06-05 14:19:00-04:00,11.420000076293945,11.449999809265137,11.420000076293945,11.430000305175781,8568,0.0,0.0
2024-06-05 14:22:00-04:00,11.430000305175781,11.430000305175781,11.430000305175781,11.430000305175781,472,0.0,0.0
2024-06-05 14:23:00-04:00,11.430000305175781,11.430000305175781,11.430000305175781,11.430000305175781,302,0.0,0.0
2024-06-05 14:25:00-04:00,11.40999984741211,11.40999984741211,11.40999984741211,11.40999984741211,293,0.0,0.0
2024-06-05 14:29:00-04:00,11.40429973602295,11.40429973602295,11.40429973602295,11.40429973602295,437,0.0,0.0
2024-06-05 14:30:00-04:00,11.399999618530273,11.399999618530273,11.399999618530273,11.399999618530273,891,0.0,0.0
2024-06-05 14:31:00-04:00,11.40999984741211,11.40999984741211,11.40999984741211,11.40999984741211,724,0.0,0.0
2024-06-05 14:36:00-04:00,11.40999984741211,11.40999984741211,11.40999984741211,11.40999984741211,357,0.0,0.0
2024-06-05 14:37:00-04:00,11.395000457763672,11.395000457763672,11.395000457763672,11.395000457763672,312,0.0,0.0
2024-06-05 14:38:00-04:00,11.40999984741211,11.40999984741211,11.40999984741211,11.40999984741211,428,0.0,0.0
2024-06-05 14:39:00-04:00,11.399999618530273,11.399999618530273,11.399999618530273,11.399999618530273,186,0.0,0.0
2024-06-05 14:40:00-04:00,11.390000343322754,11.390000343322754,11.390000343322754,11.390000343322754,262,0.0,0.0
2024-06-05 14:43:00-04:00,11.390000343322754,11.390000343322754,11.390000343322754,11.390000343322754,171,0.0,0.0
2024-06-05 14:46:00-04:00,11.381500244140625,11.381500244140625,11.381500244140625,11.381500244140625,435,0.0,0.0
2024-06-05 14:48:00-04:00,11.380000114440918,11.390000343322754,11.380000114440918,11.390000343322754,749,0.0,0.0
2024-06-05 14:51:00-04:00,11.39009952545166,11.399499893188477,11.390000343322754,11.399499893188477,512,0.0,0.0
2024-06-05 14:55:00-04:00,11.40999984741211,11.40999984741211,11.40999984741211,11.40999984741211,598,0.0,0.0
2024-06-05 14:56:00-04:00,11.430000305175781,11.430000305175781,11.430000305175781,11.430000305175781,118,0.0,0.0
2024-06-05 14:59:00-04:00,11.420000076293945,11.420000076293945,11.40999984741211,11.40999984741211,494,0.0,0.0
2024-06-05 15:02:00-04:00,11.420000076293945,11.420000076293945,11.420000076293945,11.420000076293945,160,0.0,0.0
2024-06-05 15:03:00-04:00,11.420000076293945,11.420000076293945,11.399999618530273,11.399999618530273,300,0.0,0.0
2024-06-05 15:04:00-04:00,11.420000076293945,11.420000076293945,11.420000076293945,11.420000076293945,410,0.0,0.0
2024-06-05 15:12:00-04:00,11.399999618530273,11.399999618530273,11.399999618530273,11.399999618530273,209,0.0,0.0
2024-06-05 15:14:00-04:00,11.40999984741211,11.40999984741211,11.40999984741211,11.40999984741211,355,0.0,0.0
2024-06-05 15:15:00-04:00,11.399999618530273,11.399999618530273,11.399999618530273,11.399999618530273,110,0.0,0.0
2024-06-05 15:18:00-04:00,11.399999618530273,11.399999618530273,11.390000343322754,11.390000343322754,215,0.0,0.0
2024-06-05 15:20:00-04:00,11.399999618530273,11.40999984741211,11.399999618530273,11.40999984741211,871,0.0,0.0
2024-06-05 15:24:00-04:00,11.420000076293945,11.430000305175781,11.420000076293945,11.430000305175781,751,0.0,0.0
2024-06-05 15:26:00-04:00,11.4350004196167,11.4350004196167,11.4350004196167,11.4350004196167,176,0.0,0.0
2024-06-05 15:28:00-04:00,11.430000305175781,11.430000305175781,11.430000305175781,11.430000305175781,718,0.0,0.0
2024-06-05 15:29:00-04:00,11.40999984741211,11.40999984741211,11.40999984741211,11.40999984741211,539,0.0,0.0
2024-06-05 15:35:00-04:00,11.390000343322754,11.390000343322754,11.390000343322754,11.390000343322754,115,0.0,0.0
2024-06-05 15:39:00-04:00,11.399999618530273,11.399999618530273,11.399999618530273,11.399999618530273,440,0.0,0.0
2024-06-05 15:40:00-04:00,11.380000114440918,11.380000114440918,11.380000114440918,11.380000114440918,326,0.0,0.0
2024-06-05 15:42:00-04:00,11.380000114440918,11.380000114440918,11.380000114440918,11.380000114440918,234,0.0,0.0
2024-06-05 15:43:00-04:00,11.390000343322754,11.395000457763672,11.390000343322754,11.395000457763672,1080,0.0,0.0
2024-06-05 15:45:00-04:00,11.390000343322754,11.390000343322754,11.380000114440918,11.390000343322754,1251,0.0,0.0
2024-06-05 15:46:00-04:00,11.380000114440918,11.380000114440918,11.380000114440918,11.380000114440918,127,0.0,0.0
2024-06-05 15:47:00-04:00,11.380000114440918,11.380000114440918,11.380000114440918,11.380000114440918,214,0.0,0.0
2024-06-05 15:48:00-04:00,11.380000114440918,11.380000114440918,11.369999885559082,11.380000114440918,985,0.0,0.0
2024-06-05 15:49:00-04:00,11.380000114440918,11.380000114440918,11.380000114440918,11.380000114440918,158,0.0,0.0
2024-06-05 15:50:00-04:00,11.385000228881836,11.385000228881836,11.385000228881836,11.385000228881836,135,0.0,0.0
2024-06-05 15:52:00-04:00,11.385000228881836,11.399999618530273,11.385000228881836,11.390000343322754,3649,0.0,0.0
2024-06-05 15:53:00-04:00,11.390000343322754,11.390000343322754,11.390000343322754,11.390000343322754,902,0.0,0.0
2024-06-05 15:55:00-04:00,11.39900016784668,11.399999618530273,11.39900016784668,11.399999618530273,2050,0.0,0.0
2024-06-05 15:56:00-04:00,11.390000343322754,11.390000343322754,11.390000343322754,11.390000343322754,126,0.0,0.0
2024-06-05 15:57:00-04:00,11.399999618530273,11.399999618530273,11.399999618530273,11.399999618530273,593,0.0,0.0
2024-06-05 15:58:00-04:00,11.390000343322754,11.395000457763672,11.390000343322754,11.395000457763672,738,0.0,0.0
2024-06-05 15:59:00-04:00,11.390000343322754,11.390000343322754,11.369999885559082,11.369999885559082,3746,0.0,0.0
2024-06-06 09:30:00-04:00,11.630000114440918,11.630000114440918,11.630000114440918,11.630000114440918,4470,0.0,0.0
2024-06-06 09:31:00-04:00,11.635000228881836,11.635000228881836,11.630000114440918,11.630000114440918,200,0.0,0.0
2024-06-06 09:32:00-04:00,11.619999885559082,11.619999885559082,11.609999656677246,11.609999656677246,4146,0.0,0.0
2024-06-06 09:33:00-04:00,11.649999618530273,11.65999984741211,11.634300231933594,11.65999984741211,1483,0.0,0.0
2024-06-06 09:34:00-04:00,11.619999885559082,11.619999885559082,11.619999885559082,11.619999885559082,927,0.0,0.0
2024-06-06 09:35:00-04:00,11.619999885559082,11.619999885559082,11.619999885559082,11.619999885559082,637,0.0,0.0
2024-06-06 09:36:00-04:00,11.649999618530273,11.649999618530273,11.640000343322754,11.640000343322754,700,0.0,0.0
2024-06-06 09:38:00-04:00,11.649999618530273,11.670000076293945,11.649999618530273,11.670000076293945,900,0.0,0.0
2024-06-06 09:39:00-04:00,11.699999809265137,11.720000267028809,11.6899995803833,11.720000267028809,1408,0.0,0.0
2024-06-06 09:40:00-04:00,11.699999809265137,11.720000267028809,11.6899995803833,11.720000267028809,900,0.0,0.0
2024-06-06 09:41:00-04:00,11.699999809265137,11.699999809265137,11.699999809265137,11.699999809265137,206,0.0,0.0
2024-06-06 09:42:00-04:00,11.649999618530273,11.649999618530273,11.649999618530273,11.649999618530273,358,0.0,0.0
2024-06-06 09:44:00-04:00,11.630000114440918,11.630000114440918,11.630000114440918,11.630000114440918,200,0.0,0.0
2024-06-06 09:46:00-04:00,11.609999656677246,11.609999656677246,11.609999656677246,11.609999656677246,221,0.0,0.0
2024-06-06 09:49:00-04:00,11.600000381469727,11.600000381469727,11.600000381469727,11.600000381469727,327,0.0,0.0
2024-06-06 09:52:00-04:00,11.609999656677246,11.609999656677246,11.59000015258789,11.59000015258789,642,0.0,0.0
2024-06-06 09:55:00-04:00,11.569999694824219,11.569999694824219,11.569999694824219,11.569999694824219,506,0.0,0.0
2024-06-06 09:58:00-04:00,11.5600004196167,11.5600004196167,11.5600004196167,11.5600004196167,769,0.0,0.0
2024-06-06 09:59:00-04:00,11.569999694824219,11.569999694824219,11.569999694824219,11.569999694824219,132,0.0,0.0
2024-06-06 10:01:00-04:00,11.579999923706055,11.600000381469727,11.579999923706055,11.600000381469727,1624,0.0,0.0
2024-06-06 10:03:00-04:00,11.59000015258789,11.600000381469727,11.59000015258789,11.600000381469727,312,0.0,0.0
2024-06-06 10:04:00-04:00,11.59000015258789,11.59000015258789,11.59000015258789,11.59000015258789,110,0.0,0.0
2024-06-06 10:06:00-04:00,11.600000381469727,11.600000381469727,11.600000381469727,11.600000381469727,808,0.0,0.0
2024-06-06 10:10:00-04:00,11.59000015258789,11.59000015258789,11.59000015258789,11.59000015258789,426,0.0,0.0
2024-06-06 10:16:00-04:00,11.579999923706055,11.579999923706055,11.579999923706055,11.579999923706055,531,0.0,0.0
2024-06-06 10:19:00-04:00,11.579999923706055,11.579999923706055,11.569999694824219,11.569999694824219,778,0.0,0.0
2024-06-06 10:22:00-04:00,11.579999923706055,11.59000015258789,11.579999923706055,11.59000015258789,562,0.0,0.0
2024-06-06 10:23:00-04:00,11.579999923706055,11.579999923706055,11.579999923706055,11.579999923706055,285,0.0,0.0
2024-06-06 10:26:00-04:00,11.59000015258789,11.59000015258789,11.59000015258789,11.59000015258789,589,0.0,0.0
2024-06-06 10:30:00-04:00,11.600000381469727,11.600000381469727,11.600000381469727,11.600000381469727,260,0.0,0.0
2024-06-06 10:31:00-04:00,11.609999656677246,11.609999656677246,11.609999656677246,11.609999656677246,237,0.0,0.0
2024-06-06 10:32:00-04:00,11.619999885559082,11.619999885559082,11.619999885559082,11.619999885559082,196,0.0,0.0
2024-06-06 10:33:00-04:00,11.619999885559082,11.619999885559082,11.619999885559082,11.619999885559082,869,0.0,0.0
2024-06-06 10:34:00-04:00,11.640000343322754,11.640000343322754,11.640000343322754,11.640000343322754,260,0.0,0.0
2024-06-06 10:37:00-04:00,11.649999618530273,11.649999618530273,11.649999618530273,11.649999618530273,392,0.0,0.0
2024-06-06 10:41:00-04:00,11.649999618530273,11.649999618530273,11.649999618530273,11.649999618530273,300,0.0,0.0
2024-06-06 10:42:00-04:00,11.649999618530273,11.649999618530273,11.640000343322754,11.640000343322754,499,0.0,0.0
2024-06-06 10:44:00-04:00,11.609999656677246,11.619999885559082,11.59000015258789,11.619999885559082,1820,0.0,0.0
2024-06-06 10:45:00-04:00,11.630000114440918,11.65999984741211,11.630000114440918,11.65999984741211,949,0.0,0.0
2024-06-06 10:46:00-04:00,11.65999984741211,11.65999984741211,11.65999984741211,11.65999984741211,417,0.0,0.0
2024-06-06 10:47:00-04:00,11.65999984741211,11.670000076293945,11.640000343322754,11.640000343322754,1705,0.0,0.0
2024-06-06 10:48:00-04:00,11.640000343322754,11.640000343322754,11.630000114440918,11.640000343322754,954,0.0,0.0
2024-06-06 10:49:00-04:00,11.65999984741211,11.670000076293945,11.65999984741211,11.65999984741211,780,0.0,0.0
2024-06-06 10:56:00-04:00,11.649999618530273,11.649999618530273,11.649999618530273,11.649999618530273,231,0.0,0.0
2024-06-06 10:58:00-04:00,11.649999618530273,11.649999618530273,11.649999618530273,11.649999618530273,304,0.0,0.0
2024-06-06 11:00:00-04:00,11.65999984741211,11.65999984741211,11.65999984741211,11.65999984741211,489,0.0,0.0
2024-06-06 11:03:00-04:00,11.670000076293945,11.670000076293945,11.670000076293945,11.670000076293945,464,0.0,0.0
2024-06-06 11:04:00-04:00,11.670000076293945,11.670000076293945,11.670000076293945,11.670000076293945,100,0.0,0.0
2024-06-06 11:06:00-04:00,11.670000076293945,11.670000076293945,11.670000076293945,11.670000076293945,531,0.0,0.0
2024-06-06 11:11:00-04:00,11.680000305175781,11.680000305175781,11.649999618530273,11.649999618530273,1013,0.0,0.0
2024-06-06 11:15:00-04:00,11.663900375366211,11.663900375366211,11.600000381469727,11.640000343322754,4218,0.0,0.0
2024-06-06 11:16:00-04:00,11.640000343322754,11.640000343322754,11.640000343322754,11.640000343322754,108,0.0,0.0
2024-06-06 11:17:00-04:00,11.640000343322754,11.640000343322754,11.640000343322754,11.640000343322754,482,0.0,0.0
2024-06-06 11:18:00-04:00,11.649999618530273,11.649999618530273,11.649999618530273,11.649999618530273,414,0.0,0.0
2024-06-06 11:20:00-04:00,11.649999618530273,11.65999984741211,11.649999618530273,11.65999984741211,546,0.0,0.0
2024-06-06 11:24:00-04:00,11.680000305175781,11.6899995803833,11.680000305175781,11.6899995803833,616,0.0,0.0
2024-06-06 11:25:00-04:00,11.6899995803833,11.6899995803833,11.6899995803833,11.6899995803833,322,0.0,0.0
2024-06-06 11:26:00-04:00,11.6899995803833,11.6899995803833,11.6899995803833,11.6899995803833,139,0.0,0.0
2024-06-06 11:33:00-04:00,11.680000305175781,11.680000305175781,11.680000305175781,11.680000305175781,362,0.0,0.0
2024-06-06 11:34:00-04:00,11.680000305175781,11.680000305175781,11.680000305175781,11.680000305175781,553,0.0,0.0
2024-06-06 11:38:00-04:00,11.6899995803833,11.6899995803833,11.6899995803833,11.6899995803833,1121,0.0,0.0
2024-06-06 11:39:00-04:00,11.6899995803833,11.6899995803833,11.6899995803833,11.6899995803833,273,0.0,0.0
2024-06-06 11:40:00-04:00,11.6899995803833,11.6899995803833,11.6899995803833,11.6899995803833,175,0.0,0.0
2024-06-06 11:45:00-04:00,11.6899995803833,11.6899995803833,11.6899995803833,11.6899995803833,225,0.0,0.0
2024-06-06 11:46:00-04:00,11.680000305175781,11.680000305175781,11.680000305175781,11.680000305175781,318,0.0,0.0
2024-06-06 11:47:00-04:00,11.680000305175781,11.680000305175781,11.680000305175781,11.680000305175781,301,0.0,0.0
2024-06-06 11:51:00-04:00,11.670000076293945,11.670000076293945,11.670000076293945,11.670000076293945,658,0.0,0.0
2024-06-06 12:03:00-04:00,11.649999618530273,11.649999618530273,11.649999618530273,11.649999618530273,1285,0.0,0.0
2024-06-06 12:04:00-04:00,11.640000343322754,11.640000343322754,11.640000343322754,11.640000343322754,230,0.0,0.0
2024-06-06 12:06:00-04:00,11.649999618530273,11.649999618530273,11.649999618530273,11.649999618530273,194,0.0,0.0
2024-06-06 12:12:00-04:00,11.649999618530273,11.649999618530273,11.649999618530273,11.649999618530273,200,0.0,0.0
2024-06-06 12:15:00-04:00,11.659099578857422,11.659099578857422,11.659099578857422,11.659099578857422,401,0.0,0.0
2024-06-06 12:16:00-04:00,11.643400192260742,11.643400192260742,11.640000343322754,11.640000343322754,1458,0.0,0.0
2024-06-06 12:19:00-04:00,11.640000343322754,11.640000343322754,11.635000228881836,11.640000343322754,934,0.0,0.0
2024-06-06 12:20:00-04:00,11.640000343322754,11.640000343322754,11.640000343322754,11.640000343322754,369,0.0,0.0
2024-06-06 12:26:00-04:00,11.645000457763672,11.645000457763672,11.645000457763672,11.645000457763672,220,0.0,0.0
2024-06-06 12:27:00-04:00,11.649999618530273,11.649999618530273,11.649999618530273,11.649999618530273,100,0.0,0.0
2024-06-06 12:28:00-04:00,11.649999618530273,11.649999618530273,11.649999618530273,11.649999618530273,282,0.0,0.0
2024-06-06 12:29:00-04:00,11.650199890136719,11.65999984741211,11.650199890136719,11.65999984741211,338,0.0,0.0
2024-06-06 12:30:00-04:00,11.65999984741211,11.65999984741211,11.649999618530273,11.649999618530273,781,0.0,0.0
2024-06-06 12:31:00-04:00,11.649999618530273,11.649999618530273,11.649999618530273,11.649999618530273,532,0.0,0.0
2024-06-06 12:32:00-04:00,11.640000343322754,11.640000343322754,11.640000343322754,11.640000343322754,731,0.0,0.0
2024-06-06 12:33:00-04:00,11.649999618530273,11.649999618530273,11.649999618530273,11.649999618530273,300,0.0,0.0
2024-06-06 12:34:00-04:00,11.641500473022461,11.641500473022461,11.640000343322754,11.640000343322754,1006,0.0,0.0
2024-06-06 12:35:00-04:00,11.640600204467773,11.646699905395508,11.640600204467773,11.646699905395508,985,0.0,0.0
2024-06-06 12:42:00-04:00,11.630000114440918,11.630000114440918,11.630000114440918,11.630000114440918,411,0.0,0.0
2024-06-06 12:43:00-04:00,11.630000114440918,11.630000114440918,11.630000114440918,11.630000114440918,240,0.0,0.0
2024-06-06 12:45:00-04:00,11.625,11.630000114440918,11.625,11.630000114440918,561,0.0,0.0
2024-06-06 12:46:00-04:00,11.630000114440918,11.630000114440918,11.630000114440918,11.630000114440918,427,0.0,0.0
2024-06-06 12:51:00-04:00,11.630000114440918,11.630000114440918,11.630000114440918,11.630000114440918,359,0.0,0.0
2024-06-06 12:54:00-04:00,11.630000114440918,11.630000114440918,11.630000114440918,11.630000114440918,316,0.0,0.0
2024-06-06 12:56:00-04:00,11.630000114440918,11.635000228881836,11.625,11.635000228881836,886,0.0,0.0
2024-06-06 12:58:00-04:00,11.640000343322754,11.640000343322754,11.640000343322754,11.640000343322754,956,0.0,0.0
2024-06-06 13:00:00-04:00,11.645000457763672,11.654999732971191,11.645000457763672,11.654999732971191,924,0.0,0.0
2024-06-06 13:02:00-04:00,11.65999984741211,11.65999984741211,11.65999984741211,11.65999984741211,178,0.0,0.0
2024-06-06 13:12:00-04:00,11.65999984741211,11.65999984741211,11.65999984741211,11.65999984741211,600,0.0,0.0
2024-06-06 13:14:00-04:00,11.65999984741211,11.65999984741211,11.65999984741211,11.65999984741211,437,0.0,0.0
2024-06-06 13:16:00-04:00,11.65999984741211,11.65999984741211,11.65999984741211,11.65999984741211,571,0.0,0.0
2024-06-06 13:19:00-04:00,11.670000076293945,11.670000076293945,11.670000076293945,11.670000076293945,1152,0.0,0.0
2024-06-06 13:20:00-04:00,11.664400100708008,11.670000076293945,11.664400100708008,11.670000076293945,1954,0.0,0.0
2024-06-06 13:21:00-04:00,11.670000076293945,11.680000305175781,11.670000076293945,11.680000305175781,543,0.0,0.0
2024-06-06 13:22:00-04:00,11.680000305175781,11.6899995803833,11.680000305175781,11.6899995803833,659,0.0,0.0
2024-06-06 13:23:00-04:00,11.699999809265137,11.699999809265137,11.6899995803833,11.6899995803833,572,0.0,0.0
2024-06-06 13:27:00-04:00,11.680000305175781,11.680000305175781,11.680000305175781,11.680000305175781,850,0.0,0.0
2024-06-06 13:30:00-04:00,11.6899995803833,11.6899995803833,11.6899995803833,11.6899995803833,2018,0.0,0.0
2024-06-06 13:34:00-04:00,11.6899995803833,11.6899995803833,11.6899995803833,11.6899995803833,301,0.0,0.0
2024-06-06 13:38:00-04:00,11.6899995803833,11.6899995803833,11.6899995803833,11.6899995803833,113,0.0,0.0
2024-06-06 13:41:00-04:00,11.6899995803833,11.699999809265137,11.6899995803833,11.699999809265137,1301,0.0,0.0
2024-06-06 13:42:00-04:00,11.710000038146973,11.710000038146973,11.710000038146973,11.710000038146973,903,0.0,0.0
2024-06-06 13:43:00-04:00,11.699999809265137,11.699999809265137,11.6899995803833,11.6899995803833,434,0.0,0.0
2024-06-06 13:45:00-04:00,11.6899995803833,11.699999809265137,11.6899995803833,11.699999809265137,479,0.0,0.0
2024-06-06 13:48:00-04:00,11.6899995803833,11.6899995803833,11.6899995803833,11.6899995803833,200,0.0,0.0
2024-06-06 13:51:00-04:00,11.6899995803833,11.6899995803833,11.6899995803833,11.6899995803833,1471,0.0,0.0
2024-06-06 13:55:00-04:00,11.699999809265137,11.699999809265137,11.699999809265137,11.699999809265137,176,0.0,0.0
2024-06-06 13:56:00-04:00,11.699999809265137,11.699999809265137,11.699999809265137,11.699999809265137,410,0.0,0.0
2024-06-06 14:04:00-04:00,11.65999984741211,11.65999984741211,11.65999984741211,11.65999984741211,523,0.0,0.0
2024-06-06 14:05:00-04:00,11.65999984741211,11.65999984741211,11.649999618530273,11.649999618530273,821,0.0,0.0
2024-06-06 14:06:00-04:00,11.649999618530273,11.649999618530273,11.649999618530273,11.649999618530273,438,0.0,0.0
2024-06-06 14:10:00-04:00,11.630000114440918,11.630000114440918,11.619999885559082,11.619999885559082,400,0.0,0.0
2024-06-06 14:11:00-04:00,11.630000114440918,11.630000114440918,11.630000114440918,11.630000114440918,455,0.0,0.0
2024-06-06 14:13:00-04:00,11.630000114440918,11.640000343322754,11.630000114440918,11.640000343322754,1226,0.0,0.0
2024-06-06 14:15:00-04:00,11.645000457763672,11.645000457763672,11.645000457763672,11.645000457763672,100,0.0,0.0
2024-06-06 14:17:00-04:00,11.649999618530273,11.649999618530273,11.649999618530273,11.649999618530273,830,0.0,0.0
2024-06-06 14:18:00-04:00,11.65999984741211,11.65999984741211,11.65999984741211,11.65999984741211,439,0.0,0.0
2024-06-06 14:19:00-04:00,11.664999961853027,11.664999961853027,11.664999961853027,11.664999961853027,127,0.0,0.0
2024-06-06 14:22:00-04:00,11.660599708557129,11.660599708557129,11.660599708557129,11.660599708557129,324,0.0,0.0
2024-06-06 14:23:00-04:00,11.670000076293945,11.670000076293945,11.670000076293945,11.670000076293945,190,0.0,0.0
2024-06-06 14:27:00-04:00,11.664999961853027,11.664999961853027,11.664999961853027,11.664999961853027,220,0.0,0.0
2024-06-06 14:28:00-04:00,11.65999984741211,11.65999984741211,11.65999984741211,11.65999984741211,312,0.0,0.0
2024-06-06 14:29:00-04:00,11.65999984741211,11.65999984741211,11.65999984741211,11.65999984741211,682,0.0,0.0
2024-06-06 14:33:00-04:00,11.670000076293945,11.670000076293945,11.670000076293945,11.670000076293945,416,0.0,0.0
2024-06-06 14:36:00-04:00,11.670000076293945,11.670000076293945,11.65999984741211,11.65999984741211,1307,0.0,0.0
2024-06-06 14:37:00-04:00,11.649999618530273,11.649999618530273,11.649999618530273,11.649999618530273,119,0.0,0.0
2024-06-06 14:43:00-04:00,11.649999618530273,11.649999618530273,11.649999618530273,11.649999618530273,192,0.0,0.0
2024-06-06 14:45:00-04:00,11.640000343322754,11.640000343322754,11.640000343322754,11.640000343322754,100,0.0,0.0
2024-06-06 14:46:00-04:00,11.649999618530273,11.649999618530273,11.649999618530273,11.649999618530273,291,0.0,0.0
2024-06-06 14:49:00-04:00,11.640000343322754,11.640000343322754,11.640000343322754,11.640000343322754,428,0.0,0.0
2024-06-06 14:50:00-04:00,11.649999618530273,11.649999618530273,11.649999618530273,11.649999618530273,310,0.0,0.0
2024-06-06 14:54:00-04:00,11.64009952545166,11.670000076293945,11.64009952545166,11.649999618530273,2501,0.0,0.0
2024-06-06 15:01:00-04:00,11.649999618530273,11.649999618530273,11.649999618530273,11.649999618530273,339,0.0,0.0
2024-06-06 15:02:00-04:00,11.630000114440918,11.630000114440918,11.630000114440918,11.630000114440918,352,0.0,0.0
2024-06-06 15:04:00-04:00,11.619999885559082,11.619999885559082,11.619999885559082,11.619999885559082,693,0.0,0.0
2024-06-06 15:07:00-04:00,11.609999656677246,11.609999656677246,11.609999656677246,11.609999656677246,513,0.0,0.0
2024-06-06 15:08:00-04:00,11.619999885559082,11.640000343322754,11.619999885559082,11.640000343322754,1694,0.0,0.0
2024-06-06 15:09:00-04:00,11.640000343322754,11.640000343322754,11.640000343322754,11.640000343322754,153,0.0,0.0
2024-06-06 15:10:00-04:00,11.635000228881836,11.635000228881836,11.635000228881836,11.635000228881836,855,0.0,0.0
2024-06-06 15:11:00-04:00,11.630000114440918,11.630000114440918,11.630000114440918,11.630000114440918,451,0.0,0.0
2024-06-06 15:16:00-04:00,11.619999885559082,11.619999885559082,11.619999885559082,11.619999885559082,403,0.0,0.0
2024-06-06 15:17:00-04:00,11.619999885559082,11.619999885559082,11.619999885559082,11.619999885559082,636,0.0,0.0
2024-06-06 15:18:00-04:00,11.619999885559082,11.619999885559082,11.600000381469727,11.600000381469727,400,0.0,0.0
2024-06-06 15:19:00-04:00,11.600000381469727,11.600000381469727,11.59000015258789,11.59000015258789,498,0.0,0.0
2024-06-06 15:22:00-04:00,11.600000381469727,11.600000381469727,11.600000381469727,11.600000381469727,898,0.0,0.0
2024-06-06 15:23:00-04:00,11.579999923706055,11.579999923706055,11.579999923706055,11.579999923706055,100,0.0,0.0
2024-06-06 15:24:00-04:00,11.579999923706055,11.579999923706055,11.579999923706055,11.579999923706055,444,0.0,0.0
2024-06-06 15:26:00-04:00,11.579999923706055,11.579999923706055,11.569999694824219,11.569999694824219,1002,0.0,0.0
2024-06-06 15:27:00-04:00,11.569999694824219,11.59000015258789,11.569999694824219,11.579999923706055,3088,0.0,0.0
2024-06-06 15:29:00-04:00,11.579999923706055,11.579999923706055,11.579999923706055,11.579999923706055,153,0.0,0.0
2024-06-06 15:30:00-04:00,11.59000015258789,11.600000381469727,11.59000015258789,11.600000381469727,1991,0.0,0.0
2024-06-06 15:31:00-04:00,11.600000381469727,11.609999656677246,11.600000381469727,11.609999656677246,1178,0.0,0.0
2024-06-06 15:32:00-04:00,11.609999656677246,11.609999656677246,11.609999656677246,11.609999656677246,726,0.0,0.0
2024-06-06 15:36:00-04:00,11.609999656677246,11.609999656677246,11.609999656677246,11.609999656677246,781,0.0,0.0
2024-06-06 15:37:00-04:00,11.609999656677246,11.630000114440918,11.609999656677246,11.630000114440918,1976,0.0,0.0
2024-06-06 15:40:00-04:00,11.640000343322754,11.649999618530273,11.640000343322754,11.649999618530273,1968,0.0,0.0
2024-06-06 15:42:00-04:00,11.65999984741211,11.65999984741211,11.65999984741211,11.65999984741211,460,0.0,0.0
2024-06-06 15:44:00-04:00,11.649999618530273,11.649999618530273,11.649999618530273,11.649999618530273,100,0.0,0.0
2024-06-06 15:45:00-04:00,11.640000343322754,11.649999618530273,11.640000343322754,11.64900016784668,1409,0.0,0.0
2024-06-06 15:46:00-04:00,11.640000343322754,11.645000457763672,11.640000343322754,11.640000343322754,1895,0.0,0.0
2024-06-06 15:47:00-04:00,11.645000457763672,11.645000457763672,11.645000457763672,11.645000457763672,100,0.0,0.0
2024-06-06 15:50:00-04:00,11.645000457763672,11.645000457763672,11.645000457763672,11.645000457763672,426,0.0,0.0
2024-06-06 15:51:00-04:00,11.640000343322754,11.649999618530273,11.640000343322754,11.64900016784668,1915,0.0,0.0
2024-06-06 15:52:00-04:00,11.640000343322754,11.649999618530273,11.640000343322754,11.640000343322754,1157,0.0,0.0
2024-06-06 15:53:00-04:00,11.640000343322754,11.640000343322754,11.640000343322754,11.640000343322754,394,0.0,0.0
2024-06-06 15:54:00-04:00,11.635000228881836,11.649999618530273,11.635000228881836,11.649999618530273,2115,0.0,0.0
2024-06-06 15:55:00-04:00,11.649900436401367,11.649999618530273,11.640000343322754,11.640000343322754,1473,0.0,0.0
2024-06-06 15:56:00-04:00,11.635000228881836,11.635000228881836,11.635000228881836,11.635000228881836,600,0.0,0.0
2024-06-06 15:57:00-04:00,11.635000228881836,11.640000343322754,11.635000228881836,11.640000343322754,374,0.0,0.0
2024-06-06 15:58:00-04:00,11.640000343322754,11.649999618530273,11.635000228881836,11.640000343322754,3819,0.0,0.0
2024-06-06 15:59:00-04:00,11.640000343322754,11.640000343322754,11.619999885559082,11.619999885559082,1556,0.0,0.0
2024-06-07 09:30:00-04:00,11.420000076293945,11.449999809265137,11.420000076293945,11.449999809265137,0,0.0,0.0
2024-06-07 09:35:00-04:00,11.390000343322754,11.390000343322754,11.390000343322754,11.390000343322754,100,0.0,0.0
2024-06-07 09:36:00-04:00,11.395999908447266,11.395999908447266,11.395999908447266,11.395999908447266,652,0.0,0.0
2024-06-07 09:42:00-04:00,11.430000305175781,11.430000305175781,11.430000305175781,11.430000305175781,201,0.0,0.0
2024-06-07 09:45:00-04:00,11.40999984741211,11.40999984741211,11.40999984741211,11.40999984741211,173,0.0,0.0
2024-06-07 09:46:00-04:00,11.420000076293945,11.420000076293945,11.420000076293945,11.420000076293945,321,0.0,0.0
2024-06-07 09:47:00-04:00,11.40999984741211,11.40999984741211,11.40999984741211,11.40999984741211,134,0.0,0.0
2024-06-07 09:54:00-04:00,11.40999984741211,11.40999984741211,11.40999984741211,11.40999984741211,313,0.0,0.0
2024-06-07 10:00:00-04:00,11.420000076293945,11.420000076293945,11.420000076293945,11.420000076293945,148,0.0,0.0
2024-06-07 10:01:00-04:00,11.420000076293945,11.420000076293945,11.40999984741211,11.40999984741211,282,0.0,0.0
2024-06-07 10:02:00-04:00,11.420000076293945,11.420000076293945,11.420000076293945,11.420000076293945,325,0.0,0.0
2024-06-07 10:05:00-04:00,11.420000076293945,11.420000076293945,11.420000076293945,11.420000076293945,268,0.0,0.0
2024-06-07 10:07:00-04:00,11.4399995803833,11.4399995803833,11.4399995803833,11.4399995803833,815,0.0,0.0
2024-06-07 10:08:00-04:00,11.449999809265137,11.449999809265137,11.449999809265137,11.449999809265137,276,0.0,0.0
2024-06-07 10:09:00-04:00,11.460000038146973,11.460000038146973,11.460000038146973,11.460000038146973,345,0.0,0.0
2024-06-07 10:11:00-04:00,11.465499877929688,11.465499877929688,11.465499877929688,11.465499877929688,433,0.0,0.0
2024-06-07 10:14:00-04:00,11.460000038146973,11.460000038146973,11.460000038146973,11.460000038146973,713,0.0,0.0
2024-06-07 10:16:00-04:00,11.479999542236328,11.479999542236328,11.479999542236328,11.479999542236328,222,0.0,0.0
2024-06-07 10:19:00-04:00,11.529999732971191,11.529999732971191,11.529999732971191,11.529999732971191,226,0.0,0.0
2024-06-07 10:20:00-04:00,11.539999961853027,11.539999961853027,11.539999961853027,11.539999961853027,209,0.0,0.0
2024-06-07 10:22:00-04:00,11.529999732971191,11.529999732971191,11.529999732971191,11.529999732971191,500,0.0,0.0
2024-06-07 10:23:00-04:00,11.520000457763672,11.520000457763672,11.520000457763672,11.520000457763672,101,0.0,0.0
2024-06-07 10:24:00-04:00,11.520000457763672,11.520000457763672,11.5,11.520000457763672,650,0.0,0.0
2024-06-07 10:25:00-04:00,11.520000457763672,11.520000457763672,11.510000228881836,11.515000343322754,437,0.0,0.0
2024-06-07 10:30:00-04:00,11.520000457763672,11.520000457763672,11.520000457763672,11.520000457763672,334,0.0,0.0
2024-06-07 10:36:00-04:00,11.529999732971191,11.529999732971191,11.529999732971191,11.529999732971191,768,0.0,0.0
2024-06-07 10:37:00-04:00,11.529999732971191,11.529999732971191,11.529999732971191,11.529999732971191,523,0.0,0.0
2024-06-07 10:43:00-04:00,11.529999732971191,11.529999732971191,11.529999732971191,11.529999732971191,204,0.0,0.0
2024-06-07 10:45:00-04:00,11.520000457763672,11.520000457763672,11.510000228881836,11.510000228881836,508,0.0,0.0
2024-06-07 10:46:00-04:00,11.510000228881836,11.510000228881836,11.510000228881836,11.510000228881836,401,0.0,0.0
2024-06-07 10:47:00-04:00,11.510000228881836,11.510000228881836,11.510000228881836,11.510000228881836,305,0.0,0.0
2024-06-07 10:49:00-04:00,11.5,11.5,11.489999771118164,11.489999771118164,519,0.0,0.0
2024-06-07 10:52:00-04:00,11.489999771118164,11.489999771118164,11.489999771118164,11.489999771118164,302,0.0,0.0
2024-06-07 10:56:00-04:00,11.479999542236328,11.479999542236328,11.470000267028809,11.470000267028809,1388,0.0,0.0
2024-06-07 10:57:00-04:00,11.489999771118164,11.489999771118164,11.489999771118164,11.489999771118164,582,0.0,0.0
2024-06-07 10:59:00-04:00,11.479999542236328,11.5,11.479999542236328,11.5,500,0.0,0.0
2024-06-07 11:03:00-04:00,11.5,11.5,11.5,11.5,100,0.0,0.0
2024-06-07 11:04:00-04:00,11.5,11.5,11.5,11.5,100,0.0,0.0
2024-06-07 11:06:00-04:00,11.5,11.5,11.5,11.5,143,0.0,0.0
2024-06-07 11:08:00-04:00,11.510000228881836,11.539999961853027,11.510000228881836,11.539999961853027,3659,0.0,0.0
2024-06-07 11:09:00-04:00,11.569999694824219,11.569999694824219,11.569999694824219,11.569999694824219,717,0.0,0.0
2024-06-07 11:10:00-04:00,11.5600004196167,11.5600004196167,11.555000305175781,11.555000305175781,854,0.0,0.0
2024-06-07 11:11:00-04:00,11.550000190734863,11.550000190734863,11.550000190734863,11.550000190734863,314,0.0,0.0
2024-06-07 11:16:00-04:00,11.550000190734863,11.550000190734863,11.550000190734863,11.550000190734863,200,0.0,0.0
2024-06-07 11:17:00-04:00,11.550000190734863,11.550000190734863,11.550000190734863,11.550000190734863,305,0.0,0.0
2024-06-07 11:19:00-04:00,11.529999732971191,11.529999732971191,11.529999732971191,11.529999732971191,228,0.0,0.0
2024-06-07 11:23:00-04:00,11.550000190734863,11.550000190734863,11.539999961853027,11.550000190734863,614,0.0,0.0
2024-06-07 11:24:00-04:00,11.550000190734863,11.550000190734863,11.550000190734863,11.550000190734863,104,0.0,0.0
2024-06-07 11:25:00-04:00,11.550000190734863,11.550000190734863,11.550000190734863,11.550000190734863,139,0.0,0.0
2024-06-07 11:30:00-04:00,11.550000190734863,11.550000190734863,11.550000190734863,11.550000190734863,808,0.0,0.0
2024-06-07 11:34:00-04:00,11.529999732971191,11.529999732971191,11.520000457763672,11.520000457763672,632,0.0,0.0
2024-06-07 11:36:00-04:00,11.529999732971191,11.529999732971191,11.529999732971191,11.529999732971191,229,0.0,0.0
2024-06-07 11:41:00-04:00,11.520000457763672,11.520000457763672,11.520000457763672,11.520000457763672,111,0.0,0.0
2024-06-07 11:42:00-04:00,11.520000457763672,11.520000457763672,11.520000457763672,11.520000457763672,831,0.0,0.0
2024-06-07 11:49:00-04:00,11.510000228881836,11.510000228881836,11.510000228881836,11.510000228881836,530,0.0,0.0
2024-06-07 11:50:00-04:00,11.5,11.5,11.5,11.5,186,0.0,0.0
2024-06-07 11:54:00-04:00,11.5,11.5,11.5,11.5,104,0.0,0.0
2024-06-07 11:55:00-04:00,11.5,11.5,11.5,11.5,127,0.0,0.0
2024-06-07 11:57:00-04:00,11.510000228881836,11.510000228881836,11.510000228881836,11.510000228881836,350,0.0,0.0
2024-06-07 11:58:00-04:00,11.520000457763672,11.520000457763672,11.520000457763672,11.520000457763672,576,0.0,0.0
2024-06-07 11:59:00-04:00,11.520000457763672,11.520000457763672,11.520000457763672,11.520000457763672,100,0.0,0.0
2024-06-07 12:00:00-04:00,11.510000228881836,11.520000457763672,11.510000228881836,11.520000457763672,229,0.0,0.0
2024-06-07 12:01:00-04:00,11.520000457763672,11.520000457763672,11.520000457763672,11.520000457763672,266,0.0,0.0
2024-06-07 12:02:00-04:00,11.520000457763672,11.524999618530273,11.520000457763672,11.520000457763672,1722,0.0,0.0
2024-06-07 12:04:00-04:00,11.539999961853027,11.545000076293945,11.539999961853027,11.545000076293945,439,0.0,0.0
2024-06-07 12:05:00-04:00,11.539999961853027,11.539999961853027,11.529999732971191,11.53499984741211,1600,0.0,0.0
2024-06-07 12:06:00-04:00,11.529999732971191,11.529999732971191,11.529999732971191,11.529999732971191,357,0.0,0.0
2024-06-07 12:08:00-04:00,11.540800094604492,11.540800094604492,11.540800094604492,11.540800094604492,163,0.0,0.0
2024-06-07 12:10:00-04:00,11.539999961853027,11.539999961853027,11.535400390625,11.535400390625,754,0.0,0.0
2024-06-07 12:11:00-04:00,11.550000190734863,11.569999694824219,11.550000190734863,11.569999694824219,821,0.0,0.0
2024-06-07 12:13:00-04:00,11.5600004196167,11.5600004196167,11.5600004196167,11.5600004196167,100,0.0,0.0
2024-06-07 12:14:00-04:00,11.5600004196167,11.5600004196167,11.550000190734863,11.5600004196167,1415,0.0,0.0
2024-06-07 12:15:00-04:00,11.529999732971191,11.529999732971191,11.529999732971191,11.529999732971191,100,0.0,0.0
2024-06-07 12:16:00-04:00,11.515000343322754,11.515000343322754,11.515000343322754,11.515000343322754,120,0.0,0.0
2024-06-07 12:19:00-04:00,11.5,11.5,11.5,11.5,196,0.0,0.0
2024-06-07 12:20:00-04:00,11.489999771118164,11.489999771118164,11.489999771118164,11.489999771118164,150,0.0,0.0
2024-06-07 12:21:00-04:00,11.490099906921387,11.490099906921387,11.490099906921387,11.490099906921387,254,0.0,0.0
2024-06-07 12:22:00-04:00,11.479999542236328,11.479999542236328,11.479999542236328,11.479999542236328,493,0.0,0.0
2024-06-07 12:27:00-04:00,11.489999771118164,11.49020004272461,11.489999771118164,11.49020004272461,395,0.0,0.0
2024-06-07 12:28:00-04:00,11.489999771118164,11.489999771118164,11.489999771118164,11.489999771118164,521,0.0,0.0
2024-06-07 12:30:00-04:00,11.5,11.5,11.5,11.5,138,0.0,0.0
2024-06-07 12:32:00-04:00,11.5,11.5,11.5,11.5,780,0.0,0.0
2024-06-07 12:39:00-04:00,11.484999656677246,11.5,11.484999656677246,11.5,874,0.0,0.0
2024-06-07 12:40:00-04:00,11.5,11.5,11.5,11.5,100,0.0,0.0
2024-06-07 12:41:00-04:00,11.510000228881836,11.510000228881836,11.510000228881836,11.510000228881836,200,0.0,0.0
2024-06-07 12:45:00-04:00,11.5,11.5,11.5,11.5,100,0.0,0.0
2024-06-07 12:46:00-04:00,11.5,11.5,11.489999771118164,11.489999771118164,600,0.0,0.0
2024-06-07 12:47:00-04:00,11.489999771118164,11.489999771118164,11.489999771118164,11.489999771118164,100,0.0,0.0
2024-06-07 12:52:00-04:00,11.479999542236328,11.479999542236328,11.479999542236328,11.479999542236328,1139,0.0,0.0
2024-06-07 12:56:00-04:00,11.479999542236328,11.479999542236328,11.479999542236328,11.479999542236328,245,0.0,0.0
2024-06-07 12:59:00-04:00,11.479999542236328,11.479999542236328,11.479999542236328,11.479999542236328,313,0.0,0.0
2024-06-07 13:00:00-04:00,11.479999542236328,11.479999542236328,11.479999542236328,11.479999542236328,140,0.0,0.0
2024-06-07 13:01:00-04:00,11.479999542236328,11.479999542236328,11.479999542236328,11.479999542236328,899,0.0,0.0
2024-06-07 13:04:00-04:00,11.489999771118164,11.489999771118164,11.489999771118164,11.489999771118164,952,0.0,0.0
2024-06-07 13:06:00-04:00,11.489999771118164,11.5,11.489999771118164,11.5,220,0.0,0.0
2024-06-07 13:21:00-04:00,11.486000061035156,11.486000061035156,11.486000061035156,11.486000061035156,938,0.0,0.0
2024-06-07 13:22:00-04:00,11.479999542236328,11.479999542236328,11.479999542236328,11.479999542236328,400,0.0,0.0
2024-06-07 13:27:00-04:00,11.479999542236328,11.479999542236328,11.479999542236328,11.479999542236328,200,0.0,0.0
2024-06-07 13:29:00-04:00,11.479999542236328,11.479999542236328,11.479999542236328,11.479999542236328,300,0.0,0.0
2024-06-07 13:30:00-04:00,11.479999542236328,11.479999542236328,11.479999542236328,11.479999542236328,200,0.0,0.0
2024-06-07 13:31:00-04:00,11.479999542236328,11.479999542236328,11.479999542236328,11.479999542236328,800,0.0,0.0
2024-06-07 13:32:00-04:00,11.470000267028809,11.470000267028809,11.470000267028809,11.470000267028809,200,0.0,0.0
2024-06-07 13:33:00-04:00,11.470000267028809,11.470000267028809,11.470000267028809,11.470000267028809,216,0.0,0.0
2024-06-07 13:34:00-04:00,11.470000267028809,11.479999542236328,11.470000267028809,11.479999542236328,998,0.0,0.0
2024-06-07 13:37:00-04:00,11.479999542236328,11.479999542236328,11.479999542236328,11.479999542236328,615,0.0,0.0
2024-06-07 13:42:00-04:00,11.460000038146973,11.460000038146973,11.460000038146973,11.460000038146973,201,0.0,0.0
2024-06-07 13:43:00-04:00,11.460000038146973,11.460000038146973,11.430000305175781,11.449999809265137,1529,0.0,0.0
2024-06-07 13:53:00-04:00,11.420000076293945,11.420000076293945,11.420000076293945,11.420000076293945,123,0.0,0.0
2024-06-07 13:54:00-04:00,11.420000076293945,11.420000076293945,11.420000076293945,11.420000076293945,445,0.0,0.0
2024-06-07 13:56:00-04:00,11.420000076293945,11.420000076293945,11.420000076293945,11.420000076293945,381,0.0,0.0
2024-06-07 13:58:00-04:00,11.420499801635742,11.420499801635742,11.420000076293945,11.420000076293945,465,0.0,0.0
2024-06-07 13:59:00-04:00,11.420000076293945,11.420000076293945,11.420000076293945,11.420000076293945,160,0.0,0.0
2024-06-07 14:00:00-04:00,11.40999984741211,11.40999984741211,11.40999984741211,11.40999984741211,714,0.0,0.0
2024-06-07 14:04:00-04:00,11.40999984741211,11.40999984741211,11.40999984741211,11.40999984741211,360,0.0,0.0
2024-06-07 14:05:00-04:00,11.40999984741211,11.40999984741211,11.40999984741211,11.40999984741211,200,0.0,0.0
2024-06-07 14:06:00-04:00,11.40999984741211,11.40999984741211,11.40999984741211,11.40999984741211,1099,0.0,0.0
2024-06-07 14:07:00-04:00,11.40999984741211,11.40999984741211,11.40999984741211,11.40999984741211,321,0.0,0.0
2024-06-07 14:12:00-04:00,11.399999618530273,11.399999618530273,11.399999618530273,11.399999618530273,182,0.0,0.0
2024-06-07 14:14:00-04:00,11.399999618530273,11.399999618530273,11.399999618530273,11.399999618530273,455,0.0,0.0
2024-06-07 14:23:00-04:00,11.399999618530273,11.399999618530273,11.399999618530273,11.399999618530273,203,0.0,0.0
2024-06-07 14:40:00-04:00,11.369999885559082,11.369999885559082,11.369999885559082,11.369999885559082,374,0.0,0.0
2024-06-07 14:41:00-04:00,11.359999656677246,11.359999656677246,11.359999656677246,11.359999656677246,224,0.0,0.0
2024-06-07 14:43:00-04:00,11.350000381469727,11.350000381469727,11.350000381469727,11.350000381469727,379,0.0,0.0
2024-06-07 14:45:00-04:00,11.354999542236328,11.354999542236328,11.354999542236328,11.354999542236328,184,0.0,0.0
2024-06-07 14:46:00-04:00,11.34000015258789,11.34000015258789,11.34000015258789,11.34000015258789,418,0.0,0.0
2024-06-07 14:50:00-04:00,11.319999694824219,11.319999694824219,11.319999694824219,11.319999694824219,100,0.0,0.0
2024-06-07 14:51:00-04:00,11.3100004196167,11.3100004196167,11.289999961853027,11.289999961853027,1054,0.0,0.0
2024-06-07 14:53:00-04:00,11.3100004196167,11.319999694824219,11.3100004196167,11.319999694824219,5121,0.0,0.0
2024-06-07 14:54:00-04:00,11.3100004196167,11.3100004196167,11.3100004196167,11.3100004196167,201,0.0,0.0
2024-06-07 14:55:00-04:00,11.300000190734863,11.300000190734863,11.289999961853027,11.289999961853027,367,0.0,0.0
2024-06-07 14:56:00-04:00,11.3100004196167,11.3100004196167,11.3100004196167,11.3100004196167,723,0.0,0.0
2024-06-07 14:57:00-04:00,11.329999923706055,11.329999923706055,11.329999923706055,11.329999923706055,201,0.0,0.0
2024-06-07 14:59:00-04:00,11.34000015258789,11.34000015258789,11.34000015258789,11.34000015258789,168,0.0,0.0
2024-06-07 15:00:00-04:00,11.329999923706055,11.329999923706055,11.329999923706055,11.329999923706055,255,0.0,0.0
2024-06-07 15:03:00-04:00,11.289999961853027,11.289999961853027,11.289999961853027,11.289999961853027,216,0.0,0.0
2024-06-07 15:05:00-04:00,11.289999961853027,11.289999961853027,11.289999961853027,11.289999961853027,320,0.0,0.0
2024-06-07 15:07:00-04:00,11.274999618530273,11.274999618530273,11.260000228881836,11.260000228881836,1008,0.0,0.0
2024-06-07 15:08:00-04:00,11.239999771118164,11.239999771118164,11.239999771118164,11.239999771118164,476,0.0,0.0
2024-06-07 15:10:00-04:00,11.229999542236328,11.239999771118164,11.229999542236328,11.229999542236328,7671,0.0,0.0
2024-06-07 15:11:00-04:00,11.220000267028809,11.223999977111816,11.220000267028809,11.220000267028809,1991,0.0,0.0
2024-06-07 15:12:00-04:00,11.210000038146973,11.210000038146973,11.210000038146973,11.210000038146973,843,0.0,0.0
2024-06-07 15:13:00-04:00,11.199999809265137,11.199999809265137,11.199999809265137,11.199999809265137,406,0.0,0.0
2024-06-07 15:14:00-04:00,11.1899995803833,11.1899995803833,11.180000305175781,11.180000305175781,1116,0.0,0.0
2024-06-07 15:15:00-04:00,11.1899995803833,11.199999809265137,11.1899995803833,11.199999809265137,782,0.0,0.0
2024-06-07 15:16:00-04:00,11.210000038146973,11.210000038146973,11.210000038146973,11.210000038146973,240,0.0,0.0
2024-06-07 15:18:00-04:00,11.220000267028809,11.220000267028809,11.220000267028809,11.220000267028809,251,0.0,0.0
2024-06-07 15:19:00-04:00,11.210000038146973,11.210000038146973,11.210000038146973,11.210000038146973,291,0.0,0.0
2024-06-07 15:21:00-04:00,11.210000038146973,11.210000038146973,11.210000038146973,11.210000038146973,307,0.0,0.0
2024-06-07 15:22:00-04:00,11.199999809265137,11.199999809265137,11.199999809265137,11.199999809265137,419,0.0,0.0
2024-06-07 15:23:00-04:00,11.1899995803833,11.199999809265137,11.1899995803833,11.199999809265137,1502,0.0,0.0
2024-06-07 15:24:00-04:00,11.210000038146973,11.210000038146973,11.210000038146973,11.210000038146973,204,0.0,0.0
2024-06-07 15:26:00-04:00,11.220000267028809,11.220000267028809,11.220000267028809,11.220000267028809,359,0.0,0.0
2024-06-07 15:29:00-04:00,11.239999771118164,11.239999771118164,11.239999771118164,11.239999771118164,377,0.0,0.0
2024-06-07 15:30:00-04:00,11.229999542236328,11.239999771118164,11.220000267028809,11.239999771118164,1096,0.0,0.0
2024-06-07 15:31:00-04:00,11.239999771118164,11.239999771118164,11.239999771118164,11.239999771118164,400,0.0,0.0
2024-06-07 15:32:00-04:00,11.25,11.260000228881836,11.25,11.260000228881836,705,0.0,0.0
2024-06-07 15:33:00-04:00,11.25,11.274999618530273,11.25,11.270000457763672,2515,0.0,0.0
2024-06-07 15:34:00-04:00,11.265000343322754,11.270000457763672,11.260000228881836,11.260000228881836,1048,0.0,0.0
2024-06-07 15:35:00-04:00,11.25,11.260000228881836,11.25,11.260000228881836,917,0.0,0.0
2024-06-07 15:36:00-04:00,11.260000228881836,11.260000228881836,11.25,11.25,422,0.0,0.0
2024-06-07 15:37:00-04:00,11.260000228881836,11.260000228881836,11.25,11.25,571,0.0,0.0
2024-06-07 15:38:00-04:00,11.260000228881836,11.270000457763672,11.260000228881836,11.270000457763672,765,0.0,0.0
2024-06-07 15:39:00-04:00,11.282500267028809,11.282500267028809,11.279999732971191,11.279999732971191,400,0.0,0.0
2024-06-07 15:40:00-04:00,11.270000457763672,11.270000457763672,11.270000457763672,11.270000457763672,321,0.0,0.0
2024-06-07 15:41:00-04:00,11.260000228881836,11.270000457763672,11.260000228881836,11.260000228881836,1029,0.0,0.0
2024-06-07 15:42:00-04:00,11.260000228881836,11.270000457763672,11.260000228881836,11.265000343322754,1118,0.0,0.0
2024-06-07 15:43:00-04:00,11.255000114440918,11.289999961853027,11.255000114440918,11.289999961853027,3596,0.0,0.0
2024-06-07 15:44:00-04:00,11.300000190734863,11.300000190734863,11.289999961853027,11.289999961853027,1261,0.0,0.0
2024-06-07 15:45:00-04:00,11.28499984741211,11.28499984741211,11.279999732971191,11.279999732971191,1053,0.0,0.0
2024-06-07 15:46:00-04:00,11.279999732971191,11.279999732971191,11.270000457763672,11.270000457763672,1226,0.0,0.0
2024-06-07 15:47:00-04:00,11.270000457763672,11.274999618530273,11.239999771118164,11.239999771118164,3740,0.0,0.0
2024-06-07 15:48:00-04:00,11.25,11.260000228881836,11.25,11.260000228881836,2636,0.0,0.0
2024-06-07 15:49:00-04:00,11.270000457763672,11.279999732971191,11.270000457763672,11.279999732971191,1228,0.0,0.0
2024-06-07 15:50:00-04:00,11.279999732971191,11.289999961853027,11.279999732971191,11.289999961853027,1288,0.0,0.0
2024-06-07 15:51:00-04:00,11.28499984741211,11.289999961853027,11.28499984741211,11.28499984741211,1285,0.0,0.0
2024-06-07 15:52:00-04:00,11.279999732971191,11.28499984741211,11.279999732971191,11.28499984741211,2524,0.0,0.0
2024-06-07 15:53:00-04:00,11.289999961853027,11.295000076293945,11.270000457763672,11.270000457763672,3884,0.0,0.0
2024-06-07 15:54:00-04:00,11.279999732971191,11.3100004196167,11.279999732971191,11.295000076293945,4833,0.0,0.0
2024-06-07 15:55:00-04:00,11.305000305175781,11.34000015258789,11.305000305175781,11.34000015258789,4522,0.0,0.0
2024-06-07 15:56:00-04:00,11.335000038146973,11.335000038146973,11.300000190734863,11.300000190734863,6956,0.0,0.0
2024-06-07 15:57:00-04:00,11.3100004196167,11.327500343322754,11.3100004196167,11.327500343322754,5972,0.0,0.0
2024-06-07 15:58:00-04:00,11.319999694824219,11.34000015258789,11.319999694824219,11.319999694824219,8880,0.0,0.0
2024-06-07 15:59:00-04:00,11.319999694824219,11.350000381469727,11.319999694824219,11.319999694824219,11848,0.0,0.0
