Datetime,Open,High,Low,Close,Volume,Dividends,Stock Splits
2024-06-03 09:30:00-04:00,97.88800048828125,97.88800048828125,97.54000091552734,97.77790069580078,67485,0.0,0.0
2024-06-03 09:31:00-04:00,97.77239990234375,98.0,97.66000366210938,98.0,4617,0.0,0.0
2024-06-03 09:32:00-04:00,97.9749984741211,98.05999755859375,97.79499816894531,97.8499984741211,4149,0.0,0.0
2024-06-03 09:33:00-04:00,97.66000366210938,97.76000213623047,97.63999938964844,97.66999816894531,4445,0.0,0.0
2024-06-03 09:34:00-04:00,97.5,97.58999633789062,97.30000305175781,97.38999938964844,13213,0.0,0.0
2024-06-03 09:35:00-04:00,97.4800033569336,97.58999633789062,97.20999908447266,97.20999908447266,10067,0.0,0.0
2024-06-03 09:36:00-04:00,97.06999969482422,97.12000274658203,97.00309753417969,97.02999877929688,5345,0.0,0.0
2024-06-03 09:37:00-04:00,97.0999984741211,97.16000366210938,96.96749877929688,97.03500366210938,4542,0.0,0.0
2024-06-03 09:38:00-04:00,97.08000183105469,97.16000366210938,96.98999786376953,97.16000366210938,7539,0.0,0.0
2024-06-03 09:39:00-04:00,97.19999694824219,97.3499984741211,97.19999694824219,97.27999877929688,9981,0.0,0.0
2024-06-03 09:40:00-04:00,97.2300033569336,97.2300033569336,96.99500274658203,97.0999984741211,9240,0.0,0.0
2024-06-03 09:41:00-04:00,97.16000366210938,97.19999694824219,97.12999725341797,97.19999694824219,2654,0.0,0.0
2024-06-03 09:42:00-04:00,97.23999786376953,97.23999786376953,97.0999984741211,97.13999938964844,1761,0.0,0.0
2024-06-03 09:43:00-04:00,97.12000274658203,97.15499877929688,97.06999969482422,97.06999969482422,4188,0.0,0.0
2024-06-03 09:44:00-04:00,97.06999969482422,97.22000122070312,97.06999969482422,97.16999816894531,6143,0.0,0.0
2024-06-03 09:45:00-04:00,97.13999938964844,97.25,97.13999938964844,97.19999694824219,2908,0.0,0.0
2024-06-03 09:46:00-04:00,97.13999938964844,97.22000122070312,97.13500213623047,97.19000244140625,5503,0.0,0.0
2024-06-03 09:47:00-04:00,97.16999816894531,97.20999908447266,97.04000091552734,97.04000091552734,8399,0.0,0.0
2024-06-03 09:48:00-04:00,97.01000213623047,97.08000183105469,96.94000244140625,96.94999694824219,6046,0.0,0.0
2024-06-03 09:49:00-04:00,96.98999786376953,96.98999786376953,96.80999755859375,96.83000183105469,9352,0.0,0.0
2024-06-03 09:50:00-04:00,96.80999755859375,96.94000244140625,96.80999755859375,96.86000061035156,8856,0.0,0.0
2024-06-03 09:51:00-04:00,96.83999633789062,96.83999633789062,96.55999755859375,96.58000183105469,21848,0.0,0.0
2024-06-03 09:52:00-04:00,96.55999755859375,96.62999725341797,96.5199966430664,96.58000183105469,6378,0.0,0.0
2024-06-03 09:53:00-04:00,96.62000274658203,96.83999633789062,96.61000061035156,96.75,9752,0.0,0.0
2024-06-03 09:54:00-04:00,96.79499816894531,96.81500244140625,96.62999725341797,96.62999725341797,5612,0.0,0.0
2024-06-03 09:55:00-04:00,96.5999984741211,96.5999984741211,96.43000030517578,96.45999908447266,6278,0.0,0.0
2024-06-03 09:56:00-04:00,96.44000244140625,96.44000244140625,96.3499984741211,96.41000366210938,11830,0.0,0.0
2024-06-03 09:57:00-04:00,96.41000366210938,96.4800033569336,96.36000061035156,96.4800033569336,5170,0.0,0.0
2024-06-03 09:58:00-04:00,96.45999908447266,96.45999908447266,96.36000061035156,96.43000030517578,6262,0.0,0.0
2024-06-03 09:59:00-04:00,96.43000030517578,96.47750091552734,96.29000091552734,96.33000183105469,7878,0.0,0.0
2024-06-03 10:00:00-04:00,96.33999633789062,96.69999694824219,96.33999633789062,96.55999755859375,18697,0.0,0.0
2024-06-03 10:01:00-04:00,96.58999633789062,96.58999633789062,96.41000366210938,96.43000030517578,8123,0.0,0.0
2024-06-03 10:02:00-04:00,96.4000015258789,96.52999877929688,96.33999633789062,96.48999786376953,7278,0.0,0.0
2024-06-03 10:03:00-04:00,96.4800033569336,96.48100280761719,96.41999816894531,96.45999908447266,5734,0.0,0.0
2024-06-03 10:04:00-04:00,96.44000244140625,96.47000122070312,96.31999969482422,96.31999969482422,13814,0.0,0.0
2024-06-03 10:05:00-04:00,96.33000183105469,96.43000030517578,96.32499694824219,96.32499694824219,5586,0.0,0.0
2024-06-03 10:06:00-04:00,96.31999969482422,96.3550033569336,96.22000122070312,96.33999633789062,14390,0.0,0.0
2024-06-03 10:07:00-04:00,96.37000274658203,96.49500274658203,96.35220336914062,96.41999816894531,11952,0.0,0.0
2024-06-03 10:08:00-04:00,96.4000015258789,96.43000030517578,96.3499984741211,96.3499984741211,6675,0.0,0.0
2024-06-03 10:09:00-04:00,96.31999969482422,96.4000015258789,96.2405014038086,96.2405014038086,12418,0.0,0.0
2024-06-03 10:10:00-04:00,96.26000213623047,96.32499694824219,96.26000213623047,96.30999755859375,7780,0.0,0.0
2024-06-03 10:11:00-04:00,96.32499694824219,96.33000183105469,96.29000091552734,96.33000183105469,5691,0.0,0.0
2024-06-03 10:12:00-04:00,96.36000061035156,96.41000366210938,96.31999969482422,96.41000366210938,7517,0.0,0.0
2024-06-03 10:13:00-04:00,96.38999938964844,96.66000366210938,96.38999938964844,96.66000366210938,6666,0.0,0.0
2024-06-03 10:14:00-04:00,96.69000244140625,96.79000091552734,96.66999816894531,96.79000091552734,6339,0.0,0.0
2024-06-03 10:15:00-04:00,96.83999633789062,96.83999633789062,96.69999694824219,96.69999694824219,6437,0.0,0.0
2024-06-03 10:16:00-04:00,96.69999694824219,96.69999694824219,96.63999938964844,96.68000030517578,5158,0.0,0.0
2024-06-03 10:17:00-04:00,96.68000030517578,96.68000030517578,96.62999725341797,96.62999725341797,5172,0.0,0.0
2024-06-03 10:18:00-04:00,96.62999725341797,96.62999725341797,96.48999786376953,96.55000305175781,8720,0.0,0.0
2024-06-03 10:19:00-04:00,96.52999877929688,96.56999969482422,96.47000122070312,96.4800033569336,7020,0.0,0.0
2024-06-03 10:20:00-04:00,96.48999786376953,96.5,96.43000030517578,96.44000244140625,7894,0.0,0.0
2024-06-03 10:21:00-04:00,96.44000244140625,96.46499633789062,96.36000061035156,96.36000061035156,18709,0.0,0.0
2024-06-03 10:22:00-04:00,96.3499984741211,96.37000274658203,96.30000305175781,96.37000274658203,4433,0.0,0.0
2024-06-03 10:23:00-04:00,96.38999938964844,96.7300033569336,96.38999938964844,96.7300033569336,9988,0.0,0.0
2024-06-03 10:24:00-04:00,96.7343978881836,96.87000274658203,96.7343978881836,96.8499984741211,4220,0.0,0.0
2024-06-03 10:25:00-04:00,96.87999725341797,96.87999725341797,96.77999877929688,96.77999877929688,5599,0.0,0.0
2024-06-03 10:26:00-04:00,96.94000244140625,96.94000244140625,96.80999755859375,96.91999816894531,3747,0.0,0.0
2024-06-03 10:27:00-04:00,96.8843002319336,96.8843002319336,96.77999877929688,96.79000091552734,17523,0.0,0.0
2024-06-03 10:28:00-04:00,96.80000305175781,96.82250213623047,96.7300033569336,96.7300033569336,5423,0.0,0.0
2024-06-03 10:29:00-04:00,96.75,96.75,96.68499755859375,96.70999908447266,4964,0.0,0.0
2024-06-03 10:30:00-04:00,96.69000244140625,96.69000244140625,96.52999877929688,96.54000091552734,3813,0.0,0.0
2024-06-03 10:31:00-04:00,96.5,96.51000213623047,96.41010284423828,96.44999694824219,16922,0.0,0.0
2024-06-03 10:32:00-04:00,96.44000244140625,96.45999908447266,96.30000305175781,96.33000183105469,21632,0.0,0.0
2024-06-03 10:33:00-04:00,96.30020141601562,96.4000015258789,96.30000305175781,96.4000015258789,8075,0.0,0.0
2024-06-03 10:34:00-04:00,96.3499984741211,96.3499984741211,96.2300033569336,96.2300033569336,3964,0.0,0.0
2024-06-03 10:35:00-04:00,96.23999786376953,96.27999877929688,96.11000061035156,96.11000061035156,4366,0.0,0.0
2024-06-03 10:36:00-04:00,96.0989990234375,96.11000061035156,96.0,96.0801010131836,7669,0.0,0.0
2024-06-03 10:37:00-04:00,96.08999633789062,96.2300033569336,96.08999633789062,96.20999908447266,23805,0.0,0.0
2024-06-03 10:38:00-04:00,96.22000122070312,96.22000122070312,96.08999633789062,96.08999633789062,3883,0.0,0.0
2024-06-03 10:39:00-04:00,96.02999877929688,96.05000305175781,95.98999786376953,96.05000305175781,3417,0.0,0.0
2024-06-03 10:40:00-04:00,96.05500030517578,96.20500183105469,96.04000091552734,96.20500183105469,5825,0.0,0.0
2024-06-03 10:41:00-04:00,96.18000030517578,96.27999877929688,96.18000030517578,96.27999877929688,2838,0.0,0.0
2024-06-03 10:42:00-04:00,96.30000305175781,96.30000305175781,96.22000122070312,96.2249984741211,3905,0.0,0.0
2024-06-03 10:43:00-04:00,96.2300033569336,96.2300033569336,96.16999816894531,96.20999908447266,5371,0.0,0.0
2024-06-03 10:44:00-04:00,96.22000122070312,96.2300033569336,96.1449966430664,96.1449966430664,5116,0.0,0.0
2024-06-03 10:45:00-04:00,96.18009948730469,96.18009948730469,96.05999755859375,96.08000183105469,3494,0.0,0.0
2024-06-03 10:46:00-04:00,96.05000305175781,96.06999969482422,95.97000122070312,96.0,8557,0.0,0.0
2024-06-03 10:47:00-04:00,95.97000122070312,95.98999786376953,95.88999938964844,95.9000015258789,4716,0.0,0.0
2024-06-03 10:48:00-04:00,95.80999755859375,95.8550033569336,95.7699966430664,95.7699966430664,6075,0.0,0.0
2024-06-03 10:49:00-04:00,95.76000213623047,95.76000213623047,95.5199966430664,95.53199768066406,13435,0.0,0.0
2024-06-03 10:50:00-04:00,95.55999755859375,95.55999755859375,95.41000366210938,95.43000030517578,32994,0.0,0.0
2024-06-03 10:51:00-04:00,95.41000366210938,95.55999755859375,95.41000366210938,95.48999786376953,4736,0.0,0.0
2024-06-03 10:52:00-04:00,95.44999694824219,95.47000122070312,95.33999633789062,95.41000366210938,23358,0.0,0.0
2024-06-03 10:53:00-04:00,95.36000061035156,95.38999938964844,95.30999755859375,95.33000183105469,8113,0.0,0.0
2024-06-03 10:54:00-04:00,95.33999633789062,95.375,95.2699966430664,95.29499816894531,9963,0.0,0.0
2024-06-03 10:55:00-04:00,95.26000213623047,95.2699966430664,95.1500015258789,95.1500015258789,14863,0.0,0.0
2024-06-03 10:56:00-04:00,95.1510009765625,95.26000213623047,95.1500015258789,95.23999786376953,10462,0.0,0.0
2024-06-03 10:57:00-04:00,95.2300033569336,95.2699966430664,95.13999938964844,95.25,9685,0.0,0.0
2024-06-03 10:58:00-04:00,95.30999755859375,95.5,95.30999755859375,95.45999908447266,13578,0.0,0.0
2024-06-03 10:59:00-04:00,95.45500183105469,95.45500183105469,95.38999938964844,95.44999694824219,11250,0.0,0.0
2024-06-03 11:00:00-04:00,95.44499969482422,95.48999786376953,95.37000274658203,95.45999908447266,10805,0.0,0.0
2024-06-03 11:01:00-04:00,95.4800033569336,95.51000213623047,95.45999908447266,95.48999786376953,7465,0.0,0.0
2024-06-03 11:02:00-04:00,95.47000122070312,95.54000091552734,95.44999694824219,95.52369689941406,8530,0.0,0.0
2024-06-03 11:03:00-04:00,95.51000213623047,95.51000213623047,95.45500183105469,95.4800033569336,7565,0.0,0.0
2024-06-03 11:04:00-04:00,95.4800033569336,95.54499816894531,95.44000244140625,95.54499816894531,9503,0.0,0.0
2024-06-03 11:05:00-04:00,95.55000305175781,95.56999969482422,95.41000366210938,95.44000244140625,9413,0.0,0.0
2024-06-03 11:06:00-04:00,95.43499755859375,95.5199966430664,95.41999816894531,95.5199966430664,4452,0.0,0.0
2024-06-03 11:07:00-04:00,95.54499816894531,95.56500244140625,95.5199966430664,95.5199966430664,6959,0.0,0.0
2024-06-03 11:08:00-04:00,95.55999755859375,95.72000122070312,95.55999755859375,95.70500183105469,9349,0.0,0.0
2024-06-03 11:09:00-04:00,95.73999786376953,95.83000183105469,95.73999786376953,95.80000305175781,14827,0.0,0.0
2024-06-03 11:10:00-04:00,95.79000091552734,95.91000366210938,95.79000091552734,95.91000366210938,21293,0.0,0.0
2024-06-03 11:11:00-04:00,95.88999938964844,95.88999938964844,95.81500244140625,95.87000274658203,6083,0.0,0.0
2024-06-03 11:12:00-04:00,95.86900329589844,95.94999694824219,95.86000061035156,95.86000061035156,25457,0.0,0.0
2024-06-03 11:13:00-04:00,95.86499786376953,95.86499786376953,95.75,95.79000091552734,13841,0.0,0.0
2024-06-03 11:14:00-04:00,95.79000091552734,95.83999633789062,95.7699966430664,95.7699966430664,16272,0.0,0.0
2024-06-03 11:15:00-04:00,95.7699966430664,95.80000305175781,95.69000244140625,95.69999694824219,8081,0.0,0.0
2024-06-03 11:16:00-04:00,95.66999816894531,95.72000122070312,95.63999938964844,95.70999908447266,24359,0.0,0.0
2024-06-03 11:17:00-04:00,95.70999908447266,95.75,95.68000030517578,95.75,7479,0.0,0.0
2024-06-03 11:18:00-04:00,95.69999694824219,95.73999786376953,95.63999938964844,95.66000366210938,5953,0.0,0.0
2024-06-03 11:19:00-04:00,95.66000366210938,95.69000244140625,95.61000061035156,95.66999816894531,7230,0.0,0.0
2024-06-03 11:20:00-04:00,95.69000244140625,95.87000274658203,95.69000244140625,95.87000274658203,6510,0.0,0.0
2024-06-03 11:21:00-04:00,95.88999938964844,95.95999908447266,95.87999725341797,95.88999938964844,7822,0.0,0.0
2024-06-03 11:22:00-04:00,95.88500213623047,95.88999938964844,95.77999877929688,95.81999969482422,7477,0.0,0.0
2024-06-03 11:23:00-04:00,95.80000305175781,95.86000061035156,95.80000305175781,95.81999969482422,3374,0.0,0.0
2024-06-03 11:24:00-04:00,95.80500030517578,95.87999725341797,95.80500030517578,95.87999725341797,3576,0.0,0.0
2024-06-03 11:25:00-04:00,95.88999938964844,95.94999694824219,95.86000061035156,95.94999694824219,23709,0.0,0.0
2024-06-03 11:26:00-04:00,95.94999694824219,96.0,95.87999725341797,95.88999938964844,10764,0.0,0.0
2024-06-03 11:27:00-04:00,95.87999725341797,95.87999725341797,95.69000244140625,95.7157974243164,12390,0.0,0.0
2024-06-03 11:28:00-04:00,95.73999786376953,95.80500030517578,95.73999786376953,95.77999877929688,16402,0.0,0.0
2024-06-03 11:29:00-04:00,95.7750015258789,95.83000183105469,95.7030029296875,95.73999786376953,38460,0.0,0.0
2024-06-03 11:30:00-04:00,95.7300033569336,95.77999877929688,95.70500183105469,95.75,7140,0.0,0.0
2024-06-03 11:31:00-04:00,95.76000213623047,95.7699966430664,95.58999633789062,95.58999633789062,16574,0.0,0.0
2024-06-03 11:32:00-04:00,95.56999969482422,95.62999725341797,95.56999969482422,95.61499786376953,12790,0.0,0.0
2024-06-03 11:33:00-04:00,95.62000274658203,95.7300033569336,95.5999984741211,95.68000030517578,11651,0.0,0.0
2024-06-03 11:34:00-04:00,95.68000030517578,95.70999908447266,95.66999816894531,95.69000244140625,16994,0.0,0.0
2024-06-03 11:35:00-04:00,95.66000366210938,95.7699966430664,95.63999938964844,95.76000213623047,19183,0.0,0.0
2024-06-03 11:36:00-04:00,95.80000305175781,95.88999938964844,95.80000305175781,95.87000274658203,6555,0.0,0.0
2024-06-03 11:37:00-04:00,95.83999633789062,95.83999633789062,95.78500366210938,95.80000305175781,4507,0.0,0.0
2024-06-03 11:38:00-04:00,95.81999969482422,95.83000183105469,95.76000213623047,95.77999877929688,5379,0.0,0.0
2024-06-03 11:39:00-04:00,95.81500244140625,95.86000061035156,95.69999694824219,95.72000122070312,4872,0.0,0.0
2024-06-03 11:40:00-04:00,95.69999694824219,95.69999694824219,95.58000183105469,95.58999633789062,3030,0.0,0.0
2024-06-03 11:41:00-04:00,95.58999633789062,95.58999633789062,95.5250015258789,95.56999969482422,5457,0.0,0.0
2024-06-03 11:42:00-04:00,95.56999969482422,95.5999984741211,95.5199966430664,95.5199966430664,6789,0.0,0.0
2024-06-03 11:43:00-04:00,95.52999877929688,95.62999725341797,95.5,95.61000061035156,4770,0.0,0.0
2024-06-03 11:44:00-04:00,95.62000274658203,95.63999938964844,95.61000061035156,95.61499786376953,3216,0.0,0.0
2024-06-03 11:45:00-04:00,95.62000274658203,95.62000274658203,95.44999694824219,95.44999694824219,5682,0.0,0.0
2024-06-03 11:46:00-04:00,95.4000015258789,95.41999816894531,95.29000091552734,95.29000091552734,4023,0.0,0.0
2024-06-03 11:47:00-04:00,95.26000213623047,95.30999755859375,95.26000213623047,95.29000091552734,4827,0.0,0.0
2024-06-03 11:48:00-04:00,95.31999969482422,95.33999633789062,95.31999969482422,95.33499908447266,3326,0.0,0.0
2024-06-03 11:49:00-04:00,95.36000061035156,95.46499633789062,95.36000061035156,95.43499755859375,6472,0.0,0.0
2024-06-03 11:50:00-04:00,95.42500305175781,95.43499755859375,95.41000366210938,95.43499755859375,2745,0.0,0.0
2024-06-03 11:51:00-04:00,95.41999816894531,95.4800033569336,95.3499984741211,95.47000122070312,5643,0.0,0.0
2024-06-03 11:52:00-04:00,95.48999786376953,95.56500244140625,95.48500061035156,95.55500030517578,6986,0.0,0.0
2024-06-03 11:53:00-04:00,95.55999755859375,95.62000274658203,95.55000305175781,95.58999633789062,7083,0.0,0.0
2024-06-03 11:54:00-04:00,95.58999633789062,95.5999984741211,95.56500244140625,95.58999633789062,2936,0.0,0.0
2024-06-03 11:55:00-04:00,95.58499908447266,95.58499908447266,95.54000091552734,95.56999969482422,7755,0.0,0.0
2024-06-03 11:56:00-04:00,95.55000305175781,95.5979995727539,95.5250015258789,95.5979995727539,7240,0.0,0.0
2024-06-03 11:57:00-04:00,95.5999984741211,95.5999984741211,95.54000091552734,95.54499816894531,7721,0.0,0.0
2024-06-03 11:58:00-04:00,95.52999877929688,95.56999969482422,95.5199966430664,95.55000305175781,4140,0.0,0.0
2024-06-03 11:59:00-04:00,95.58000183105469,95.6500015258789,95.58000183105469,95.58499908447266,7051,0.0,0.0
2024-06-03 12:00:00-04:00,95.58499908447266,95.70999908447266,95.58499908447266,95.70999908447266,4129,0.0,0.0
2024-06-03 12:01:00-04:00,95.69000244140625,95.69000244140625,95.55999755859375,95.62000274658203,4072,0.0,0.0
2024-06-03 12:02:00-04:00,95.55999755859375,95.55999755859375,95.37000274658203,95.37000274658203,1798,0.0,0.0
2024-06-03 12:03:00-04:00,95.36000061035156,95.37999725341797,95.33999633789062,95.37999725341797,2319,0.0,0.0
2024-06-03 12:04:00-04:00,95.37999725341797,95.4800033569336,95.37999725341797,95.46499633789062,4486,0.0,0.0
2024-06-03 12:05:00-04:00,95.4800033569336,95.49500274658203,95.38500213623047,95.41000366210938,3053,0.0,0.0
2024-06-03 12:06:00-04:00,95.37999725341797,95.41000366210938,95.37000274658203,95.41000366210938,3037,0.0,0.0
2024-06-03 12:07:00-04:00,95.3499984741211,95.38500213623047,95.33000183105469,95.38500213623047,4664,0.0,0.0
2024-06-03 12:08:00-04:00,95.38500213623047,95.39679718017578,95.33000183105469,95.36000061035156,3487,0.0,0.0
2024-06-03 12:09:00-04:00,95.38999938964844,95.47000122070312,95.37259674072266,95.47000122070312,4180,0.0,0.0
2024-06-03 12:10:00-04:00,95.4800033569336,95.55000305175781,95.4800033569336,95.55000305175781,3855,0.0,0.0
2024-06-03 12:11:00-04:00,95.50499725341797,95.50499725341797,95.43000030517578,95.43000030517578,2125,0.0,0.0
2024-06-03 12:12:00-04:00,95.37999725341797,95.37999725341797,95.0999984741211,95.0999984741211,7206,0.0,0.0
2024-06-03 12:13:00-04:00,95.0999984741211,95.11000061035156,95.04000091552734,95.04000091552734,8495,0.0,0.0
2024-06-03 12:14:00-04:00,95.04499816894531,95.04499816894531,94.88050079345703,94.88050079345703,5341,0.0,0.0
2024-06-03 12:15:00-04:00,94.9000015258789,95.04000091552734,94.9000015258789,95.04000091552734,6113,0.0,0.0
2024-06-03 12:16:00-04:00,95.02999877929688,95.11000061035156,95.02999877929688,95.0999984741211,6823,0.0,0.0
2024-06-03 12:17:00-04:00,95.05999755859375,95.06500244140625,94.93499755859375,95.05000305175781,5664,0.0,0.0
2024-06-03 12:18:00-04:00,95.05000305175781,95.05000305175781,94.95500183105469,95.01000213623047,4432,0.0,0.0
2024-06-03 12:19:00-04:00,95.01499938964844,95.06999969482422,95.0,95.02999877929688,5350,0.0,0.0
2024-06-03 12:20:00-04:00,95.05999755859375,95.06999969482422,95.0,95.0,2272,0.0,0.0
2024-06-03 12:21:00-04:00,95.0,95.05000305175781,94.95999908447266,94.95999908447266,5877,0.0,0.0
2024-06-03 12:22:00-04:00,94.97000122070312,94.98999786376953,94.91999816894531,94.93000030517578,3832,0.0,0.0
2024-06-03 12:23:00-04:00,94.94000244140625,94.94999694824219,94.91000366210938,94.94999694824219,6316,0.0,0.0
2024-06-03 12:24:00-04:00,94.99500274658203,95.0,94.9800033569336,95.0,2423,0.0,0.0
2024-06-03 12:25:00-04:00,95.0,95.08999633789062,94.99500274658203,95.0199966430664,4465,0.0,0.0
2024-06-03 12:26:00-04:00,95.02999877929688,95.02999877929688,94.91000366210938,94.94000244140625,5272,0.0,0.0
2024-06-03 12:27:00-04:00,94.98999786376953,95.05000305175781,94.98999786376953,95.0199966430664,2875,0.0,0.0
2024-06-03 12:28:00-04:00,95.0199966430664,95.0199966430664,94.94000244140625,94.95500183105469,4053,0.0,0.0
2024-06-03 12:29:00-04:00,94.96499633789062,94.98500061035156,94.91500091552734,94.94999694824219,6465,0.0,0.0
2024-06-03 12:30:00-04:00,94.94000244140625,94.97000122070312,94.86000061035156,94.97000122070312,8129,0.0,0.0
2024-06-03 12:31:00-04:00,94.95999908447266,94.95999908447266,94.81999969482422,94.81999969482422,10370,0.0,0.0
2024-06-03 12:32:00-04:00,94.81999969482422,94.82499694824219,94.69999694824219,94.69999694824219,5250,0.0,0.0
2024-06-03 12:33:00-04:00,94.68000030517578,94.72000122070312,94.61000061035156,94.61000061035156,6712,0.0,0.0
2024-06-03 12:34:00-04:00,94.61000061035156,94.6500015258789,94.56999969482422,94.56999969482422,8511,0.0,0.0
2024-06-03 12:35:00-04:00,94.57499694824219,94.58000183105469,94.51000213623047,94.51000213623047,5612,0.0,0.0
2024-06-03 12:36:00-04:00,94.5,94.76000213623047,94.5,94.70999908447266,9239,0.0,0.0
2024-06-03 12:37:00-04:00,94.73999786376953,94.77999877929688,94.70999908447266,94.7699966430664,4815,0.0,0.0
2024-06-03 12:38:00-04:00,94.74500274658203,94.74500274658203,94.70500183105469,94.70500183105469,2204,0.0,0.0
2024-06-03 12:39:00-04:00,94.71499633789062,94.7699966430664,94.71499633789062,94.72000122070312,5516,0.0,0.0
2024-06-03 12:40:00-04:00,94.71499633789062,94.71499633789062,94.61000061035156,94.62999725341797,4518,0.0,0.0
2024-06-03 12:41:00-04:00,94.63999938964844,94.73999786376953,94.62000274658203,94.73999786376953,6056,0.0,0.0
2024-06-03 12:42:00-04:00,94.71499633789062,94.72000122070312,94.66999816894531,94.66999816894531,3793,0.0,0.0
2024-06-03 12:43:00-04:00,94.66999816894531,94.66999816894531,94.59500122070312,94.59500122070312,2260,0.0,0.0
2024-06-03 12:44:00-04:00,94.61000061035156,94.66000366210938,94.5999984741211,94.62999725341797,3707,0.0,0.0
2024-06-03 12:45:00-04:00,94.6050033569336,94.62999725341797,94.6050033569336,94.6050033569336,2742,0.0,0.0
2024-06-03 12:46:00-04:00,94.6050033569336,94.62999725341797,94.56999969482422,94.58999633789062,5912,0.0,0.0
2024-06-03 12:47:00-04:00,94.54499816894531,94.55999755859375,94.54000091552734,94.55000305175781,2221,0.0,0.0
2024-06-03 12:48:00-04:00,94.55500030517578,94.66999816894531,94.48999786376953,94.66999816894531,11985,0.0,0.0
2024-06-03 12:49:00-04:00,94.62000274658203,94.62000274658203,94.5199966430664,94.5199966430664,6239,0.0,0.0
2024-06-03 12:50:00-04:00,94.50499725341797,94.52999877929688,94.5,94.51499938964844,4419,0.0,0.0
2024-06-03 12:51:00-04:00,94.51000213623047,94.51799774169922,94.41999816894531,94.44000244140625,4866,0.0,0.0
2024-06-03 12:52:00-04:00,94.45500183105469,94.48999786376953,94.37000274658203,94.37000274658203,6778,0.0,0.0
2024-06-03 12:53:00-04:00,94.37000274658203,94.51000213623047,94.33000183105469,94.51000213623047,4609,0.0,0.0
2024-06-03 12:54:00-04:00,94.5250015258789,94.56999969482422,94.4800033569336,94.55000305175781,5013,0.0,0.0
2024-06-03 12:55:00-04:00,94.57499694824219,94.58999633789062,94.52999877929688,94.55999755859375,8456,0.0,0.0
2024-06-03 12:56:00-04:00,94.51000213623047,94.51000213623047,94.43499755859375,94.4749984741211,3533,0.0,0.0
2024-06-03 12:57:00-04:00,94.51000213623047,94.51000213623047,94.44000244140625,94.44000244140625,7998,0.0,0.0
2024-06-03 12:58:00-04:00,94.44999694824219,94.48500061035156,94.43000030517578,94.48500061035156,5066,0.0,0.0
2024-06-03 12:59:00-04:00,94.44999694824219,94.4749984741211,94.41000366210938,94.43000030517578,5255,0.0,0.0
2024-06-03 13:00:00-04:00,94.41999816894531,94.44999694824219,94.33000183105469,94.41000366210938,6575,0.0,0.0
2024-06-03 13:01:00-04:00,94.41999816894531,94.43000030517578,94.4000015258789,94.43000030517578,2588,0.0,0.0
2024-06-03 13:02:00-04:00,94.5,94.5199966430664,94.4000015258789,94.44999694824219,6657,0.0,0.0
2024-06-03 13:03:00-04:00,94.41000366210938,94.41000366210938,94.33000183105469,94.3550033569336,3795,0.0,0.0
2024-06-03 13:04:00-04:00,94.36000061035156,94.38999938964844,94.33000183105469,94.38999938964844,7187,0.0,0.0
2024-06-03 13:05:00-04:00,94.3550033569336,94.38999938964844,94.27999877929688,94.38999938964844,5677,0.0,0.0
2024-06-03 13:06:00-04:00,94.38500213623047,94.45999908447266,94.33999633789062,94.33999633789062,4274,0.0,0.0
2024-06-03 13:07:00-04:00,94.36000061035156,94.36000061035156,94.33499908447266,94.36000061035156,3478,0.0,0.0
2024-06-03 13:08:00-04:00,94.36000061035156,94.36000061035156,94.33999633789062,94.36000061035156,4034,0.0,0.0
2024-06-03 13:09:00-04:00,94.37999725341797,94.41000366210938,94.37000274658203,94.4000015258789,7963,0.0,0.0
2024-06-03 13:10:00-04:00,94.38500213623047,94.4000015258789,94.25,94.31999969482422,13491,0.0,0.0
2024-06-03 13:11:00-04:00,94.31999969482422,94.31999969482422,94.19000244140625,94.23999786376953,75713,0.0,0.0
2024-06-03 13:12:00-04:00,94.2300033569336,94.2699966430664,94.22000122070312,94.2699966430664,3437,0.0,0.0
2024-06-03 13:13:00-04:00,94.2699966430664,94.30000305175781,94.26000213623047,94.30000305175781,4744,0.0,0.0
2024-06-03 13:14:00-04:00,94.31999969482422,94.43000030517578,94.31999969482422,94.43000030517578,5792,0.0,0.0
2024-06-03 13:15:00-04:00,94.38999938964844,94.38999938964844,94.31999969482422,94.31999969482422,3375,0.0,0.0
2024-06-03 13:16:00-04:00,94.33000183105469,94.47000122070312,94.33000183105469,94.44999694824219,27433,0.0,0.0
2024-06-03 13:17:00-04:00,94.43000030517578,94.47000122070312,94.4000015258789,94.47000122070312,4625,0.0,0.0
2024-06-03 13:18:00-04:00,94.47000122070312,94.5199966430664,94.4000015258789,94.51000213623047,37471,0.0,0.0
2024-06-03 13:19:00-04:00,94.5,94.5199966430664,94.5,94.5199966430664,6302,0.0,0.0
2024-06-03 13:20:00-04:00,94.51000213623047,94.58999633789062,94.5,94.58000183105469,8474,0.0,0.0
2024-06-03 13:21:00-04:00,94.55999755859375,94.66500091552734,94.55999755859375,94.66000366210938,6186,0.0,0.0
2024-06-03 13:22:00-04:00,94.6500015258789,94.69999694824219,94.63999938964844,94.66999816894531,15847,0.0,0.0
2024-06-03 13:23:00-04:00,94.68000030517578,94.68000030517578,94.62999725341797,94.68000030517578,4301,0.0,0.0
2024-06-03 13:24:00-04:00,94.67500305175781,94.72000122070312,94.63700103759766,94.72000122070312,10566,0.0,0.0
2024-06-03 13:25:00-04:00,94.68000030517578,94.68000030517578,94.58000183105469,94.58000183105469,2657,0.0,0.0
2024-06-03 13:26:00-04:00,94.61000061035156,94.62999725341797,94.58999633789062,94.58999633789062,11413,0.0,0.0
2024-06-03 13:27:00-04:00,94.62999725341797,94.69999694824219,94.62000274658203,94.68000030517578,4765,0.0,0.0
2024-06-03 13:28:00-04:00,94.72000122070312,94.81999969482422,94.69999694824219,94.81999969482422,8737,0.0,0.0
2024-06-03 13:29:00-04:00,94.83000183105469,94.83989715576172,94.73999786376953,94.81999969482422,4734,0.0,0.0
2024-06-03 13:30:00-04:00,94.81999969482422,94.88999938964844,94.80000305175781,94.87999725341797,4707,0.0,0.0
2024-06-03 13:31:00-04:00,94.91000366210938,94.93000030517578,94.86000061035156,94.93000030517578,8983,0.0,0.0
2024-06-03 13:32:00-04:00,94.93000030517578,94.9800033569336,94.87999725341797,94.93000030517578,14577,0.0,0.0
2024-06-03 13:33:00-04:00,94.93000030517578,95.04000091552734,94.91999816894531,94.98999786376953,8135,0.0,0.0
2024-06-03 13:34:00-04:00,94.97000122070312,94.97000122070312,94.91999816894531,94.91999816894531,2805,0.0,0.0
2024-06-03 13:35:00-04:00,94.91999816894531,94.94000244140625,94.87000274658203,94.93000030517578,7509,0.0,0.0
2024-06-03 13:36:00-04:00,94.97000122070312,95.08999633789062,94.97000122070312,95.08999633789062,4279,0.0,0.0
2024-06-03 13:37:00-04:00,95.08000183105469,95.08000183105469,95.05000305175781,95.05000305175781,5009,0.0,0.0
2024-06-03 13:38:00-04:00,95.04000091552734,95.04000091552734,94.95999908447266,95.0,4659,0.0,0.0
2024-06-03 13:39:00-04:00,95.00499725341797,95.06999969482422,95.00499725341797,95.05000305175781,4620,0.0,0.0
2024-06-03 13:40:00-04:00,95.05500030517578,95.0999984741211,95.05000305175781,95.06999969482422,8165,0.0,0.0
2024-06-03 13:41:00-04:00,95.06999969482422,95.06999969482422,94.9800033569336,95.01000213623047,5194,0.0,0.0
2024-06-03 13:42:00-04:00,95.01000213623047,95.06999969482422,95.00499725341797,95.05899810791016,3284,0.0,0.0
2024-06-03 13:43:00-04:00,95.05999755859375,95.16889953613281,95.05999755859375,95.16000366210938,7733,0.0,0.0
2024-06-03 13:44:00-04:00,95.16999816894531,95.20999908447266,95.12999725341797,95.1500015258789,5818,0.0,0.0
2024-06-03 13:45:00-04:00,95.1500015258789,95.2249984741211,95.1500015258789,95.1500015258789,3480,0.0,0.0
2024-06-03 13:46:00-04:00,95.11000061035156,95.12000274658203,95.08999633789062,95.11000061035156,2788,0.0,0.0
2024-06-03 13:47:00-04:00,95.0999984741211,95.13999938964844,95.05999755859375,95.12000274658203,4739,0.0,0.0
2024-06-03 13:48:00-04:00,95.16000366210938,95.16500091552734,95.06999969482422,95.06999969482422,3685,0.0,0.0
2024-06-03 13:49:00-04:00,95.12000274658203,95.12000274658203,95.05000305175781,95.0510025024414,2361,0.0,0.0
2024-06-03 13:50:00-04:00,95.05500030517578,95.05500030517578,95.0,95.0197982788086,3521,0.0,0.0
2024-06-03 13:51:00-04:00,94.98999786376953,95.01000213623047,94.95999908447266,94.95999908447266,4548,0.0,0.0
2024-06-03 13:52:00-04:00,94.94000244140625,95.01499938964844,94.94000244140625,95.0,5761,0.0,0.0
2024-06-03 13:53:00-04:00,94.9800033569336,95.05000305175781,94.94999694824219,95.02999877929688,16677,0.0,0.0
2024-06-03 13:54:00-04:00,95.01000213623047,95.03900146484375,95.01000213623047,95.02999877929688,3047,0.0,0.0
2024-06-03 13:55:00-04:00,95.05500030517578,95.05500030517578,94.94999694824219,94.9800033569336,7152,0.0,0.0
2024-06-03 13:56:00-04:00,94.9800033569336,94.9800033569336,94.9000015258789,94.94000244140625,0,0.0,0.0
2024-06-03 13:57:00-04:00,94.95999908447266,94.95999908447266,94.94000244140625,94.94000244140625,2501,0.0,0.0
2024-06-03 13:58:00-04:00,94.93000030517578,94.98999786376953,94.91999816894531,94.98999786376953,14917,0.0,0.0
2024-06-03 13:59:00-04:00,95.0,95.02999877929688,94.97000122070312,95.02999877929688,5130,0.0,0.0
2024-06-03 14:00:00-04:00,95.05000305175781,95.12999725341797,95.05000305175781,95.12000274658203,5343,0.0,0.0
2024-06-03 14:01:00-04:00,95.12000274658203,95.19000244140625,95.08999633789062,95.19000244140625,5321,0.0,0.0
2024-06-03 14:02:00-04:00,95.16000366210938,95.16000366210938,95.05500030517578,95.06999969482422,6172,0.0,0.0
2024-06-03 14:03:00-04:00,95.08499908447266,95.19000244140625,95.08499908447266,95.18499755859375,2173,0.0,0.0
2024-06-03 14:04:00-04:00,95.19999694824219,95.25,95.19999694824219,95.25,4899,0.0,0.0
2024-06-03 14:05:00-04:00,95.26000213623047,95.26000213623047,95.19999694824219,95.20999908447266,3072,0.0,0.0
2024-06-03 14:06:00-04:00,95.2300033569336,95.29000091552734,95.2300033569336,95.29000091552734,4205,0.0,0.0
2024-06-03 14:07:00-04:00,95.30999755859375,95.30999755859375,95.27999877929688,95.27999877929688,2193,0.0,0.0
2024-06-03 14:08:00-04:00,95.29000091552734,95.36000061035156,95.28500366210938,95.33499908447266,5458,0.0,0.0
2024-06-03 14:09:00-04:00,95.31999969482422,95.31999969482422,95.26000213623047,95.2699966430664,4187,0.0,0.0
2024-06-03 14:10:00-04:00,95.27999877929688,95.33499908447266,95.27999877929688,95.33000183105469,5493,0.0,0.0
2024-06-03 14:11:00-04:00,95.3499984741211,95.3499984741211,95.25,95.25,5414,0.0,0.0
2024-06-03 14:12:00-04:00,95.2300033569336,95.2300033569336,95.16500091552734,95.16500091552734,6545,0.0,0.0
2024-06-03 14:13:00-04:00,95.1500015258789,95.16000366210938,95.08000183105469,95.0999984741211,10108,0.0,0.0
2024-06-03 14:14:00-04:00,95.08999633789062,95.12000274658203,94.9800033569336,95.01000213623047,6615,0.0,0.0
2024-06-03 14:15:00-04:00,95.0199966430664,95.11000061035156,95.01000213623047,95.08000183105469,6289,0.0,0.0
2024-06-03 14:16:00-04:00,95.12000274658203,95.1500015258789,95.09020233154297,95.1500015258789,3078,0.0,0.0
2024-06-03 14:17:00-04:00,95.1500015258789,95.20999908447266,95.11000061035156,95.11000061035156,5287,0.0,0.0
2024-06-03 14:18:00-04:00,95.08999633789062,95.16000366210938,95.08999633789062,95.16000366210938,4048,0.0,0.0
2024-06-03 14:19:00-04:00,95.1500015258789,95.20999908447266,95.13999938964844,95.20999908447266,4495,0.0,0.0
2024-06-03 14:20:00-04:00,95.20999908447266,95.20999908447266,95.18499755859375,95.19000244140625,3379,0.0,0.0
2024-06-03 14:21:00-04:00,95.19499969482422,95.33000183105469,95.19499969482422,95.33000183105469,5230,0.0,0.0
2024-06-03 14:22:00-04:00,95.33499908447266,95.33499908447266,95.22000122070312,95.2300033569336,4459,0.0,0.0
2024-06-03 14:23:00-04:00,95.23999786376953,95.2699966430664,95.23999786376953,95.26000213623047,3545,0.0,0.0
2024-06-03 14:24:00-04:00,95.2699966430664,95.2699966430664,95.18000030517578,95.19499969482422,3545,0.0,0.0
2024-06-03 14:25:00-04:00,95.18000030517578,95.19999694824219,95.16000366210938,95.18000030517578,3685,0.0,0.0
2024-06-03 14:26:00-04:00,95.17379760742188,95.2300033569336,95.16999816894531,95.17500305175781,7162,0.0,0.0
2024-06-03 14:27:00-04:00,95.16000366210938,95.18000030517578,95.0790023803711,95.0999984741211,4946,0.0,0.0
2024-06-03 14:28:00-04:00,95.11990356445312,95.11990356445312,95.11000061035156,95.11000061035156,2184,0.0,0.0
2024-06-03 14:29:00-04:00,95.06999969482422,95.0999984741211,95.0,95.04000091552734,4998,0.0,0.0
2024-06-03 14:30:00-04:00,95.01000213623047,95.06500244140625,95.01000213623047,95.05999755859375,2997,0.0,0.0
2024-06-03 14:31:00-04:00,95.05999755859375,95.08000183105469,95.04000091552734,95.05999755859375,4288,0.0,0.0
2024-06-03 14:32:00-04:00,95.06500244140625,95.0999984741211,95.06500244140625,95.08999633789062,3855,0.0,0.0
2024-06-03 14:33:00-04:00,95.11000061035156,95.16000366210938,95.11000061035156,95.1500015258789,3624,0.0,0.0
2024-06-03 14:34:00-04:00,95.16000366210938,95.26000213623047,95.1500015258789,95.23999786376953,6562,0.0,0.0
2024-06-03 14:35:00-04:00,95.2300033569336,95.29000091552734,95.16000366210938,95.20999908447266,4944,0.0,0.0
2024-06-03 14:36:00-04:00,95.23999786376953,95.27999877929688,95.23999786376953,95.27999877929688,39405,0.0,0.0
2024-06-03 14:37:00-04:00,95.2699966430664,95.2699966430664,95.2249984741211,95.25499725341797,6566,0.0,0.0
2024-06-03 14:38:00-04:00,95.26000213623047,95.27999877929688,95.2300033569336,95.27999877929688,7051,0.0,0.0
2024-06-03 14:39:00-04:00,95.27749633789062,95.30999755859375,95.2699966430664,95.29000091552734,10444,0.0,0.0
2024-06-03 14:40:00-04:00,95.30999755859375,95.38999938964844,95.3019027709961,95.38999938964844,7576,0.0,0.0
2024-06-03 14:41:00-04:00,95.41999816894531,95.44999694824219,95.41999816894531,95.44999694824219,6762,0.0,0.0
2024-06-03 14:42:00-04:00,95.45999908447266,95.47000122070312,95.31999969482422,95.31999969482422,6323,0.0,0.0
2024-06-03 14:43:00-04:00,95.30000305175781,95.31999969482422,95.19000244140625,95.31999969482422,7265,0.0,0.0
2024-06-03 14:44:00-04:00,95.33000183105469,95.3499984741211,95.30000305175781,95.3499984741211,3106,0.0,0.0
2024-06-03 14:45:00-04:00,95.33499908447266,95.37999725341797,95.33499908447266,95.37999725341797,3185,0.0,0.0
2024-06-03 14:46:00-04:00,95.37000274658203,95.44000244140625,95.3499984741211,95.41999816894531,18292,0.0,0.0
2024-06-03 14:47:00-04:00,95.4000015258789,95.41000366210938,95.33999633789062,95.3499984741211,19674,0.0,0.0
2024-06-03 14:48:00-04:00,95.33999633789062,95.37999725341797,95.27999877929688,95.29000091552734,19199,0.0,0.0
2024-06-03 14:49:00-04:00,95.28500366210938,95.29000091552734,95.25,95.2699966430664,9415,0.0,0.0
2024-06-03 14:50:00-04:00,95.2699966430664,95.30000305175781,95.05000305175781,95.08000183105469,47451,0.0,0.0
2024-06-03 14:51:00-04:00,95.11000061035156,95.12840270996094,95.05000305175781,95.05000305175781,14976,0.0,0.0
2024-06-03 14:52:00-04:00,95.05999755859375,95.11000061035156,95.05999755859375,95.08000183105469,21117,0.0,0.0
2024-06-03 14:53:00-04:00,95.05000305175781,95.08999633789062,94.95999908447266,95.0199966430664,19228,0.0,0.0
2024-06-03 14:54:00-04:00,95.05000305175781,95.0999984741211,95.01000213623047,95.05999755859375,27740,0.0,0.0
2024-06-03 14:55:00-04:00,95.05999755859375,95.12000274658203,94.99500274658203,94.99500274658203,18728,0.0,0.0
2024-06-03 14:56:00-04:00,94.9800033569336,94.9800033569336,94.87999725341797,94.9000015258789,4635,0.0,0.0
2024-06-03 14:57:00-04:00,94.9000015258789,94.94000244140625,94.9000015258789,94.9000015258789,6675,0.0,0.0
2024-06-03 14:58:00-04:00,94.91000366210938,95.05999755859375,94.91000366210938,95.05999755859375,8401,0.0,0.0
2024-06-03 14:59:00-04:00,95.05999755859375,95.12000274658203,95.05999755859375,95.11000061035156,4267,0.0,0.0
2024-06-03 15:00:00-04:00,95.08000183105469,95.08999633789062,94.93990325927734,94.97000122070312,10267,0.0,0.0
2024-06-03 15:01:00-04:00,94.95999908447266,95.06999969482422,94.95999908447266,95.04000091552734,4625,0.0,0.0
2024-06-03 15:02:00-04:00,95.02999877929688,95.02999877929688,94.93000030517578,94.95999908447266,6647,0.0,0.0
2024-06-03 15:03:00-04:00,94.9749984741211,94.9749984741211,94.91000366210938,94.91000366210938,1448,0.0,0.0
2024-06-03 15:04:00-04:00,94.88999938964844,94.91000366210938,94.88500213623047,94.91000366210938,5265,0.0,0.0
2024-06-03 15:05:00-04:00,94.92500305175781,94.94000244140625,94.83999633789062,94.8499984741211,8535,0.0,0.0
2024-06-03 15:06:00-04:00,94.83999633789062,94.88999938964844,94.83000183105469,94.8499984741211,6614,0.0,0.0
2024-06-03 15:07:00-04:00,94.83999633789062,94.86000061035156,94.80999755859375,94.86000061035156,6191,0.0,0.0
2024-06-03 15:08:00-04:00,94.83000183105469,94.86499786376953,94.83000183105469,94.86000061035156,3843,0.0,0.0
2024-06-03 15:09:00-04:00,94.8499984741211,94.91000366210938,94.8499984741211,94.91000366210938,5090,0.0,0.0
2024-06-03 15:10:00-04:00,94.8949966430664,94.91999816894531,94.8499984741211,94.91999816894531,6141,0.0,0.0
2024-06-03 15:11:00-04:00,94.91000366210938,94.94499969482422,94.8499984741211,94.8499984741211,6397,0.0,0.0
2024-06-03 15:12:00-04:00,94.8499984741211,94.98999786376953,94.8499984741211,94.98999786376953,67068,0.0,0.0
2024-06-03 15:13:00-04:00,94.98999786376953,95.04000091552734,94.98999786376953,95.01000213623047,4829,0.0,0.0
2024-06-03 15:14:00-04:00,95.04000091552734,95.04000091552734,94.91999816894531,94.93000030517578,6451,0.0,0.0
2024-06-03 15:15:00-04:00,94.91999816894531,94.9800033569336,94.91500091552734,94.9800033569336,4348,0.0,0.0
2024-06-03 15:16:00-04:00,94.9800033569336,94.9800033569336,94.91000366210938,94.91000366210938,14491,0.0,0.0
2024-06-03 15:17:00-04:00,94.9000015258789,94.91000366210938,94.86000061035156,94.9000015258789,12077,0.0,0.0
2024-06-03 15:18:00-04:00,94.87999725341797,94.91000366210938,94.86000061035156,94.91000366210938,5240,0.0,0.0
2024-06-03 15:19:00-04:00,94.91000366210938,94.91000366210938,94.81500244140625,94.91000366210938,25077,0.0,0.0
2024-06-03 15:20:00-04:00,94.92500305175781,95.0,94.92500305175781,94.98999786376953,18599,0.0,0.0
2024-06-03 15:21:00-04:00,95.0,95.16000366210938,94.98999786376953,95.13999938964844,28721,0.0,0.0
2024-06-03 15:22:00-04:00,95.13999938964844,95.13999938964844,94.9749984741211,95.04000091552734,13911,0.0,0.0
2024-06-03 15:23:00-04:00,95.04000091552734,95.04000091552734,94.97000122070312,94.97000122070312,9468,0.0,0.0
2024-06-03 15:24:00-04:00,94.98999786376953,95.13999938964844,94.98999786376953,95.12999725341797,4516,0.0,0.0
2024-06-03 15:25:00-04:00,95.12999725341797,95.13999938964844,95.01000213623047,95.01000213623047,15489,0.0,0.0
2024-06-03 15:26:00-04:00,95.03500366210938,95.12999725341797,95.0199966430664,95.12999725341797,24828,0.0,0.0
2024-06-03 15:27:00-04:00,95.13999938964844,95.1500015258789,94.97000122070312,94.97000122070312,17672,0.0,0.0
2024-06-03 15:28:00-04:00,94.98999786376953,95.06999969482422,94.98999786376953,95.05500030517578,19470,0.0,0.0
2024-06-03 15:29:00-04:00,95.05999755859375,95.05999755859375,94.99500274658203,95.0199966430664,10856,0.0,0.0
2024-06-03 15:30:00-04:00,95.0250015258789,95.13999938964844,94.9800033569336,94.9800033569336,27748,0.0,0.0
2024-06-03 15:31:00-04:00,94.98999786376953,95.04499816894531,94.96499633789062,94.9800033569336,25408,0.0,0.0
2024-06-03 15:32:00-04:00,94.9800033569336,95.05999755859375,94.9800033569336,95.05000305175781,3647,0.0,0.0
2024-06-03 15:33:00-04:00,95.02999877929688,95.02999877929688,94.9000015258789,95.01000213623047,11297,0.0,0.0
2024-06-03 15:34:00-04:00,94.98999786376953,95.06999969482422,94.98999786376953,95.05999755859375,6386,0.0,0.0
2024-06-03 15:35:00-04:00,95.05999755859375,95.08000183105469,95.02999877929688,95.04000091552734,4432,0.0,0.0
2024-06-03 15:36:00-04:00,95.02999877929688,95.06999969482422,94.94000244140625,94.94000244140625,6708,0.0,0.0
2024-06-03 15:37:00-04:00,94.93000030517578,95.01000213623047,94.91000366210938,95.01000213623047,7988,0.0,0.0
2024-06-03 15:38:00-04:00,95.01499938964844,95.08000183105469,94.9800033569336,94.9800033569336,7066,0.0,0.0
2024-06-03 15:39:00-04:00,95.0,95.0,94.91999816894531,94.9489974975586,7796,0.0,0.0
2024-06-03 15:40:00-04:00,94.94999694824219,94.9800033569336,94.87999725341797,94.93000030517578,7532,0.0,0.0
2024-06-03 15:41:00-04:00,94.93000030517578,94.95999908447266,94.9000015258789,94.9000015258789,7624,0.0,0.0
2024-06-03 15:42:00-04:00,94.86000061035156,94.91000366210938,94.83999633789062,94.9000015258789,7024,0.0,0.0
2024-06-03 15:43:00-04:00,94.9000015258789,94.98500061035156,94.9000015258789,94.94000244140625,10820,0.0,0.0
2024-06-03 15:44:00-04:00,94.94999694824219,94.96900177001953,94.94000244140625,94.94000244140625,12194,0.0,0.0
2024-06-03 15:45:00-04:00,94.93000030517578,95.05000305175781,94.91000366210938,95.05000305175781,10247,0.0,0.0
2024-06-03 15:46:00-04:00,95.08000183105469,95.23999786376953,95.07499694824219,95.19999694824219,15255,0.0,0.0
2024-06-03 15:47:00-04:00,95.19499969482422,95.19499969482422,94.97000122070312,94.9749984741211,11857,0.0,0.0
2024-06-03 15:48:00-04:00,94.97000122070312,95.08999633789062,94.97000122070312,95.08100128173828,10093,0.0,0.0
2024-06-03 15:49:00-04:00,95.06500244140625,95.16500091552734,95.06500244140625,95.13999938964844,6952,0.0,0.0
2024-06-03 15:50:00-04:00,95.16999816894531,95.19000244140625,95.0999984741211,95.19000244140625,19368,0.0,0.0
2024-06-03 15:51:00-04:00,95.19999694824219,95.20999908447266,95.08000183105469,95.08000183105469,19693,0.0,0.0
2024-06-03 15:52:00-04:00,95.06999969482422,95.1500015258789,95.05000305175781,95.12999725341797,27179,0.0,0.0
2024-06-03 15:53:00-04:00,95.13999938964844,95.2300033569336,95.13999938964844,95.22000122070312,20774,0.0,0.0
2024-06-03 15:54:00-04:00,95.25,95.30000305175781,95.2300033569336,95.24500274658203,21100,0.0,0.0
2024-06-03 15:55:00-04:00,95.25,95.37000274658203,95.23999786376953,95.30999755859375,29244,0.0,0.0
2024-06-03 15:56:00-04:00,95.30999755859375,95.43000030517578,95.30999755859375,95.37999725341797,50736,0.0,0.0
2024-06-03 15:57:00-04:00,95.37999725341797,95.41999816894531,95.31999969482422,95.3499984741211,51991,0.0,0.0
2024-06-03 15:58:00-04:00,95.3499984741211,95.44999694824219,95.3499984741211,95.44000244140625,56045,0.0,0.0
2024-06-03 15:59:00-04:00,95.44000244140625,95.62999725341797,95.4000015258789,95.62999725341797,173336,0.0,0.0
2024-06-04 09:30:00-04:00,95.13999938964844,95.25,95.06999969482422,95.22000122070312,133304,0.0,0.0
2024-06-04 09:31:00-04:00,95.27749633789062,95.27999877929688,95.0,95.16999816894531,3970,0.0,0.0
2024-06-04 09:32:00-04:00,95.1635971069336,95.4000015258789,95.1635971069336,95.2249984741211,3890,0.0,0.0
2024-06-04 09:34:00-04:00,95.0999984741211,95.2750015258789,95.02999877929688,95.04499816894531,5946,0.0,0.0
2024-06-04 09:35:00-04:00,95.05000305175781,95.05000305175781,94.97000122070312,95.0011978149414,3355,0.0,0.0
2024-06-04 09:36:00-04:00,95.04499816894531,95.45999908447266,95.04499816894531,95.45999908447266,5594,0.0,0.0
2024-06-04 09:37:00-04:00,95.4749984741211,95.4800033569336,95.38999938964844,95.47000122070312,3763,0.0,0.0
2024-06-04 09:38:00-04:00,95.44000244140625,95.5999984741211,95.36000061035156,95.52999877929688,16223,0.0,0.0
2024-06-04 09:39:00-04:00,95.5199966430664,95.54000091552734,95.44000244140625,95.44000244140625,3930,0.0,0.0
2024-06-04 09:40:00-04:00,95.45999908447266,95.45999908447266,95.29499816894531,95.30000305175781,8235,0.0,0.0
2024-06-04 09:41:00-04:00,95.29499816894531,95.38999938964844,95.26000213623047,95.33000183105469,3412,0.0,0.0
2024-06-04 09:42:00-04:00,95.33000183105469,95.33499908447266,95.33000183105469,95.33499908447266,565,0.0,0.0
2024-06-04 09:43:00-04:00,95.37999725341797,95.44999694824219,95.2699966430664,95.29000091552734,7937,0.0,0.0
2024-06-04 09:44:00-04:00,95.25,95.25,95.16000366210938,95.19000244140625,5927,0.0,0.0
2024-06-04 09:45:00-04:00,95.22000122070312,95.25,95.20999908447266,95.25,2855,0.0,0.0
2024-06-04 09:46:00-04:00,95.30000305175781,95.4000015258789,95.16000366210938,95.23999786376953,9396,0.0,0.0
2024-06-04 09:47:00-04:00,95.18000030517578,95.30999755859375,95.16999816894531,95.25,3820,0.0,0.0
2024-06-04 09:48:00-04:00,95.2874984741211,95.30999755859375,95.17500305175781,95.17500305175781,6696,0.0,0.0
2024-06-04 09:49:00-04:00,95.16000366210938,95.2300033569336,95.12000274658203,95.2300033569336,42414,0.0,0.0
2024-06-04 09:50:00-04:00,95.2699966430664,95.41999816894531,95.2699966430664,95.40499877929688,7212,0.0,0.0
2024-06-04 09:51:00-04:00,95.43000030517578,95.45999908447266,95.33499908447266,95.3949966430664,11140,0.0,0.0
2024-06-04 09:52:00-04:00,95.3949966430664,95.4000015258789,95.25,95.27999877929688,6606,0.0,0.0
2024-06-04 09:53:00-04:00,95.26000213623047,95.30999755859375,95.26000213623047,95.26000213623047,4939,0.0,0.0
2024-06-04 09:54:00-04:00,95.2300033569336,95.2300033569336,95.06800079345703,95.0999984741211,8724,0.0,0.0
2024-06-04 09:55:00-04:00,95.01000213623047,95.25,94.95999908447266,95.1500015258789,8619,0.0,0.0
2024-06-04 09:56:00-04:00,95.16000366210938,95.16000366210938,95.01000213623047,95.05000305175781,10862,0.0,0.0
2024-06-04 09:57:00-04:00,95.04000091552734,95.06999969482422,94.9800033569336,95.0199966430664,6719,0.0,0.0
2024-06-04 09:58:00-04:00,94.96499633789062,95.17500305175781,94.96499633789062,95.17500305175781,4987,0.0,0.0
2024-06-04 09:59:00-04:00,95.2125015258789,95.2125015258789,95.08999633789062,95.19000244140625,9317,0.0,0.0
2024-06-04 10:00:00-04:00,95.19000244140625,95.51249694824219,95.18000030517578,95.31999969482422,17855,0.0,0.0
2024-06-04 10:01:00-04:00,95.18000030517578,95.44999694824219,95.16000366210938,95.41999816894531,5275,0.0,0.0
2024-06-04 10:02:00-04:00,95.4000015258789,95.41000366210938,95.29000091552734,95.37000274658203,4112,0.0,0.0
2024-06-04 10:03:00-04:00,95.40499877929688,95.40499877929688,95.36499786376953,95.36499786376953,1938,0.0,0.0
2024-06-04 10:04:00-04:00,95.44499969482422,95.44499969482422,95.36000061035156,95.37000274658203,4761,0.0,0.0
2024-06-04 10:05:00-04:00,95.43000030517578,95.45999908447266,95.23999786376953,95.23999786376953,18396,0.0,0.0
2024-06-04 10:06:00-04:00,95.2300033569336,95.41000366210938,95.18000030517578,95.37000274658203,11687,0.0,0.0
2024-06-04 10:07:00-04:00,95.37999725341797,95.5199966430664,95.37999725341797,95.44499969482422,8474,0.0,0.0
2024-06-04 10:08:00-04:00,95.48999786376953,95.52999877929688,95.37000274658203,95.41000366210938,7339,0.0,0.0
2024-06-04 10:09:00-04:00,95.41999816894531,95.41999816894531,95.2300033569336,95.2300033569336,2097,0.0,0.0
2024-06-04 10:10:00-04:00,95.12000274658203,95.23999786376953,95.05999755859375,95.23500061035156,4117,0.0,0.0
2024-06-04 10:11:00-04:00,95.26000213623047,95.26000213623047,95.1500015258789,95.1500015258789,2967,0.0,0.0
2024-06-04 10:12:00-04:00,95.16999816894531,95.16999816894531,95.04000091552734,95.08999633789062,3971,0.0,0.0
2024-06-04 10:13:00-04:00,95.12899780273438,95.18000030517578,95.12899780273438,95.12999725341797,3334,0.0,0.0
2024-06-04 10:14:00-04:00,95.1449966430664,95.1449966430664,95.02999877929688,95.02999877929688,3689,0.0,0.0
2024-06-04 10:15:00-04:00,95.0509033203125,95.23999786376953,95.05000305175781,95.19000244140625,3812,0.0,0.0
2024-06-04 10:16:00-04:00,95.1500015258789,95.16000366210938,95.08000183105469,95.16000366210938,5259,0.0,0.0
2024-06-04 10:17:00-04:00,95.21499633789062,95.27999877929688,95.11000061035156,95.11000061035156,5228,0.0,0.0
2024-06-04 10:18:00-04:00,95.0999984741211,95.0999984741211,95.05999755859375,95.05999755859375,1825,0.0,0.0
2024-06-04 10:19:00-04:00,95.1500015258789,95.19000244140625,95.13999938964844,95.18000030517578,5073,0.0,0.0
2024-06-04 10:20:00-04:00,95.21800231933594,95.23500061035156,95.20999908447266,95.2301025390625,3500,0.0,0.0
2024-06-04 10:21:00-04:00,95.19999694824219,95.19999694824219,95.07499694824219,95.07499694824219,4067,0.0,0.0
2024-06-04 10:22:00-04:00,95.05000305175781,95.05999755859375,95.01499938964844,95.02999877929688,4265,0.0,0.0
2024-06-04 10:23:00-04:00,95.02749633789062,95.13999938964844,95.02749633789062,95.0999984741211,14303,0.0,0.0
2024-06-04 10:24:00-04:00,95.12999725341797,95.19000244140625,95.125,95.1500015258789,14276,0.0,0.0
2024-06-04 10:25:00-04:00,95.16000366210938,95.22000122070312,95.1500015258789,95.19000244140625,4872,0.0,0.0
2024-06-04 10:26:00-04:00,95.16000366210938,95.16999816894531,95.13999938964844,95.16999816894531,4460,0.0,0.0
2024-06-04 10:27:00-04:00,95.2699966430664,95.31999969482422,95.26000213623047,95.30999755859375,5006,0.0,0.0
2024-06-04 10:28:00-04:00,95.33000183105469,95.35749816894531,95.30000305175781,95.3499984741211,8318,0.0,0.0
2024-06-04 10:29:00-04:00,95.34500122070312,95.43000030517578,95.33499908447266,95.41000366210938,6599,0.0,0.0
2024-06-04 10:30:00-04:00,95.37999725341797,95.37999725341797,95.30999755859375,95.37000274658203,12657,0.0,0.0
2024-06-04 10:31:00-04:00,95.42500305175781,95.51000213623047,95.42500305175781,95.47000122070312,3044,0.0,0.0
2024-06-04 10:32:00-04:00,95.5199966430664,95.54499816894531,95.4800033569336,95.4800033569336,3995,0.0,0.0
2024-06-04 10:33:00-04:00,95.4000015258789,95.41950225830078,95.2300033569336,95.23999786376953,5525,0.0,0.0
2024-06-04 10:34:00-04:00,95.2300033569336,95.3499984741211,95.2300033569336,95.33499908447266,10964,0.0,0.0
2024-06-04 10:35:00-04:00,95.37000274658203,95.38999938964844,95.33000183105469,95.38999938964844,5228,0.0,0.0
2024-06-04 10:36:00-04:00,95.36000061035156,95.37999725341797,95.30999755859375,95.31999969482422,4131,0.0,0.0
2024-06-04 10:37:00-04:00,95.31999969482422,95.31999969482422,95.26499938964844,95.30999755859375,4973,0.0,0.0
2024-06-04 10:38:00-04:00,95.29000091552734,95.37999725341797,95.29000091552734,95.37000274658203,2084,0.0,0.0
2024-06-04 10:39:00-04:00,95.38999938964844,95.38999938964844,95.29000091552734,95.37000274658203,5678,0.0,0.0
2024-06-04 10:40:00-04:00,95.38999938964844,95.5,95.37999725341797,95.48999786376953,3496,0.0,0.0
2024-06-04 10:41:00-04:00,95.4800033569336,95.4800033569336,95.44999694824219,95.44999694824219,2492,0.0,0.0
2024-06-04 10:42:00-04:00,95.44000244140625,95.45500183105469,95.42479705810547,95.42479705810547,1289,0.0,0.0
2024-06-04 10:43:00-04:00,95.38999938964844,95.4800033569336,95.38999938964844,95.4800033569336,3545,0.0,0.0
2024-06-04 10:44:00-04:00,95.50019836425781,95.52999877929688,95.5,95.5199966430664,5527,0.0,0.0
2024-06-04 10:45:00-04:00,95.55000305175781,95.55000305175781,95.48750305175781,95.55000305175781,2969,0.0,0.0
2024-06-04 10:46:00-04:00,95.5199966430664,95.5199966430664,95.45999908447266,95.4749984741211,4239,0.0,0.0
2024-06-04 10:47:00-04:00,95.41999816894531,95.41999816894531,95.37999725341797,95.38999938964844,3034,0.0,0.0
2024-06-04 10:48:00-04:00,95.37000274658203,95.37000274658203,95.33999633789062,95.33999633789062,4021,0.0,0.0
2024-06-04 10:49:00-04:00,95.37999725341797,95.41999816894531,95.37999725341797,95.38999938964844,4374,0.0,0.0
2024-06-04 10:50:00-04:00,95.38990020751953,95.41999816894531,95.375,95.375,1986,0.0,0.0
2024-06-04 10:51:00-04:00,95.36000061035156,95.4000015258789,95.33000183105469,95.37000274658203,3406,0.0,0.0
2024-06-04 10:52:00-04:00,95.37000274658203,95.38500213623047,95.35900115966797,95.35900115966797,3105,0.0,0.0
2024-06-04 10:53:00-04:00,95.4000015258789,95.4000015258789,95.26000213623047,95.3499984741211,7126,0.0,0.0
2024-06-04 10:54:00-04:00,95.37000274658203,95.37999725341797,95.33999633789062,95.3550033569336,3926,0.0,0.0
2024-06-04 10:55:00-04:00,95.37000274658203,95.37000274658203,95.31999969482422,95.33499908447266,3596,0.0,0.0
2024-06-04 10:56:00-04:00,95.31999969482422,95.31999969482422,95.27999877929688,95.31500244140625,9241,0.0,0.0
2024-06-04 10:57:00-04:00,95.29000091552734,95.29000091552734,95.2249984741211,95.26000213623047,5640,0.0,0.0
2024-06-04 10:58:00-04:00,95.26000213623047,95.26000213623047,95.19999694824219,95.19999694824219,3353,0.0,0.0
2024-06-04 10:59:00-04:00,95.16000366210938,95.18000030517578,95.12999725341797,95.18000030517578,2480,0.0,0.0
2024-06-04 11:00:00-04:00,95.18000030517578,95.19000244140625,95.1500015258789,95.1500015258789,2876,0.0,0.0
2024-06-04 11:01:00-04:00,95.1500015258789,95.26000213623047,95.1500015258789,95.2300033569336,5402,0.0,0.0
2024-06-04 11:02:00-04:00,95.2300033569336,95.28500366210938,95.22750091552734,95.27999877929688,6015,0.0,0.0
2024-06-04 11:03:00-04:00,95.27999877929688,95.30000305175781,95.2699966430664,95.28500366210938,2718,0.0,0.0
2024-06-04 11:04:00-04:00,95.27999877929688,95.29000091552734,95.2300033569336,95.26000213623047,6418,0.0,0.0
2024-06-04 11:05:00-04:00,95.2300033569336,95.30999755859375,95.2300033569336,95.25,2566,0.0,0.0
2024-06-04 11:06:00-04:00,95.23500061035156,95.23500061035156,95.13999938964844,95.15499877929688,6921,0.0,0.0
2024-06-04 11:07:00-04:00,95.15499877929688,95.27999877929688,95.15499877929688,95.27999877929688,4667,0.0,0.0
2024-06-04 11:08:00-04:00,95.30000305175781,95.36990356445312,95.30000305175781,95.36990356445312,6725,0.0,0.0
2024-06-04 11:09:00-04:00,95.37999725341797,95.38500213623047,95.3499984741211,95.3499984741211,4428,0.0,0.0
2024-06-04 11:11:00-04:00,95.38999938964844,95.38999938964844,95.33000183105469,95.33000183105469,15647,0.0,0.0
2024-06-04 11:12:00-04:00,95.29000091552734,95.29000091552734,95.22000122070312,95.2699966430664,4653,0.0,0.0
2024-06-04 11:13:00-04:00,95.2249984741211,95.30000305175781,95.2249984741211,95.30000305175781,2066,0.0,0.0
2024-06-04 11:14:00-04:00,95.30000305175781,95.30000305175781,95.2300033569336,95.2300033569336,3960,0.0,0.0
2024-06-04 11:15:00-04:00,95.30000305175781,95.33999633789062,95.30000305175781,95.33000183105469,2929,0.0,0.0
2024-06-04 11:16:00-04:00,95.36000061035156,95.37999725341797,95.3550033569336,95.3550033569336,1794,0.0,0.0
2024-06-04 11:17:00-04:00,95.38999938964844,95.5199966430664,95.38999938964844,95.49749755859375,4843,0.0,0.0
2024-06-04 11:18:00-04:00,95.51000213623047,95.55500030517578,95.50499725341797,95.52999877929688,4049,0.0,0.0
2024-06-04 11:19:00-04:00,95.52999877929688,95.54000091552734,95.50499725341797,95.50499725341797,4963,0.0,0.0
2024-06-04 11:20:00-04:00,95.50499725341797,95.61000061035156,95.50499725341797,95.55999755859375,5195,0.0,0.0
2024-06-04 11:21:00-04:00,95.61499786376953,95.62000274658203,95.54000091552734,95.5999984741211,4696,0.0,0.0
2024-06-04 11:22:00-04:00,95.5999984741211,95.61499786376953,95.5199966430664,95.55500030517578,8674,0.0,0.0
2024-06-04 11:23:00-04:00,95.54000091552734,95.54499816894531,95.5,95.50499725341797,3004,0.0,0.0
2024-06-04 11:24:00-04:00,95.48500061035156,95.52999877929688,95.4800033569336,95.5,7336,0.0,0.0
2024-06-04 11:25:00-04:00,95.5199966430664,95.52999877929688,95.4800033569336,95.4800033569336,5349,0.0,0.0
2024-06-04 11:26:00-04:00,95.48500061035156,95.48500061035156,95.27999877929688,95.27999877929688,4806,0.0,0.0
2024-06-04 11:27:00-04:00,95.29000091552734,95.29000091552734,95.0999984741211,95.0999984741211,3962,0.0,0.0
2024-06-04 11:28:00-04:00,95.05000305175781,95.12000274658203,95.02999877929688,95.11000061035156,7206,0.0,0.0
2024-06-04 11:29:00-04:00,95.0999984741211,95.11499786376953,95.0199966430664,95.03500366210938,3938,0.0,0.0
2024-06-04 11:30:00-04:00,94.94000244140625,94.98999786376953,94.93099975585938,94.97000122070312,1879,0.0,0.0
2024-06-04 11:31:00-04:00,94.98999786376953,95.01000213623047,94.91999816894531,94.91999816894531,6651,0.0,0.0
2024-06-04 11:32:00-04:00,94.87000274658203,94.87999725341797,94.80000305175781,94.83999633789062,9778,0.0,0.0
2024-06-04 11:33:00-04:00,94.83999633789062,94.91999816894531,94.83000183105469,94.87999725341797,7730,0.0,0.0
2024-06-04 11:34:00-04:00,94.86000061035156,94.86000061035156,94.83999633789062,94.83999633789062,2619,0.0,0.0
2024-06-04 11:35:00-04:00,94.91999816894531,94.93000030517578,94.9000015258789,94.93000030517578,3522,0.0,0.0
2024-06-04 11:36:00-04:00,94.91999816894531,94.91999816894531,94.86000061035156,94.87000274658203,3690,0.0,0.0
2024-06-04 11:37:00-04:00,94.87999725341797,94.87999725341797,94.83999633789062,94.83999633789062,2375,0.0,0.0
2024-06-04 11:38:00-04:00,94.83000183105469,94.86000061035156,94.80999755859375,94.86000061035156,4646,0.0,0.0
2024-06-04 11:39:00-04:00,94.87000274658203,94.87000274658203,94.76499938964844,94.7750015258789,11329,0.0,0.0
2024-06-04 11:40:00-04:00,94.79000091552734,94.81999969482422,94.7699966430664,94.7699966430664,3183,0.0,0.0
2024-06-04 11:41:00-04:00,94.7699966430664,94.80000305175781,94.75499725341797,94.77999877929688,6900,0.0,0.0
2024-06-04 11:42:00-04:00,94.83999633789062,94.91500091552734,94.81999969482422,94.86000061035156,5331,0.0,0.0
2024-06-04 11:43:00-04:00,94.86000061035156,94.86000061035156,94.83999633789062,94.83999633789062,1590,0.0,0.0
2024-06-04 11:44:00-04:00,94.81999969482422,94.83999633789062,94.81999969482422,94.83999633789062,1261,0.0,0.0
2024-06-04 11:45:00-04:00,94.80000305175781,94.83999633789062,94.7699966430664,94.77999877929688,27382,0.0,0.0
2024-06-04 11:46:00-04:00,94.77999877929688,94.78500366210938,94.75,94.78500366210938,6635,0.0,0.0
2024-06-04 11:47:00-04:00,94.69000244140625,94.69999694824219,94.69000244140625,94.69999694824219,741,0.0,0.0
2024-06-04 11:48:00-04:00,94.69000244140625,94.69000244140625,94.62999725341797,94.6500015258789,5319,0.0,0.0
2024-06-04 11:49:00-04:00,94.67500305175781,94.73500061035156,94.67500305175781,94.70999908447266,2199,0.0,0.0
2024-06-04 11:50:00-04:00,94.69000244140625,94.7300033569336,94.68499755859375,94.7300033569336,2348,0.0,0.0
2024-06-04 11:51:00-04:00,94.75,94.75,94.7300033569336,94.7300033569336,3240,0.0,0.0
2024-06-04 11:52:00-04:00,94.76000213623047,94.76000213623047,94.72000122070312,94.76000213623047,4201,0.0,0.0
2024-06-04 11:53:00-04:00,94.80000305175781,94.83999633789062,94.79000091552734,94.83999633789062,5289,0.0,0.0
2024-06-04 11:54:00-04:00,94.81999969482422,94.83999633789062,94.79000091552734,94.83999633789062,2802,0.0,0.0
2024-06-04 11:55:00-04:00,94.83999633789062,94.83999633789062,94.80999755859375,94.80999755859375,1544,0.0,0.0
2024-06-04 11:56:00-04:00,94.80000305175781,94.81620025634766,94.79000091552734,94.80500030517578,2721,0.0,0.0
2024-06-04 11:57:00-04:00,94.82499694824219,94.82499694824219,94.70999908447266,94.70999908447266,3990,0.0,0.0
2024-06-04 11:58:00-04:00,94.69999694824219,94.70999908447266,94.6500015258789,94.66000366210938,3479,0.0,0.0
2024-06-04 11:59:00-04:00,94.63999938964844,94.68000030517578,94.63999938964844,94.66999816894531,1779,0.0,0.0
2024-06-04 12:00:00-04:00,94.6500015258789,94.66000366210938,94.59500122070312,94.5999984741211,5224,0.0,0.0
2024-06-04 12:01:00-04:00,94.63999938964844,94.6449966430664,94.58999633789062,94.5999984741211,2237,0.0,0.0
2024-06-04 12:02:00-04:00,94.58000183105469,94.58000183105469,94.51000213623047,94.55000305175781,4211,0.0,0.0
2024-06-04 12:03:00-04:00,94.61000061035156,94.62000274658203,94.58999633789062,94.61000061035156,9072,0.0,0.0
2024-06-04 12:04:00-04:00,94.5999984741211,94.62999725341797,94.56999969482422,94.6050033569336,4524,0.0,0.0
2024-06-04 12:05:00-04:00,94.5999984741211,94.5999984741211,94.4800033569336,94.48500061035156,4613,0.0,0.0
2024-06-04 12:06:00-04:00,94.5,94.51000213623047,94.41999816894531,94.41999816894531,4658,0.0,0.0
2024-06-04 12:07:00-04:00,94.43000030517578,94.45999908447266,94.43000030517578,94.43000030517578,12054,0.0,0.0
2024-06-04 12:08:00-04:00,94.44000244140625,94.46109771728516,94.38999938964844,94.41000366210938,4940,0.0,0.0
2024-06-04 12:09:00-04:00,94.43499755859375,94.48999786376953,94.43499755859375,94.4749984741211,2029,0.0,0.0
2024-06-04 12:10:00-04:00,94.45999908447266,94.46499633789062,94.38020324707031,94.40440368652344,2590,0.0,0.0
2024-06-04 12:11:00-04:00,94.37999725341797,94.37999725341797,94.33499908447266,94.3499984741211,3334,0.0,0.0
2024-06-04 12:12:00-04:00,94.36990356445312,94.41000366210938,94.36990356445312,94.38999938964844,4559,0.0,0.0
2024-06-04 12:13:00-04:00,94.44000244140625,94.44999694824219,94.4000015258789,94.4000015258789,2968,0.0,0.0
2024-06-04 12:14:00-04:00,94.37000274658203,94.37000274658203,94.3499984741211,94.3499984741211,2553,0.0,0.0
2024-06-04 12:15:00-04:00,94.37000274658203,94.38999938964844,94.3499984741211,94.3499984741211,2658,0.0,0.0
2024-06-04 12:16:00-04:00,94.36000061035156,94.36000061035156,94.33000183105469,94.33000183105469,2047,0.0,0.0
2024-06-04 12:17:00-04:00,94.30999755859375,94.36000061035156,94.30999755859375,94.36000061035156,2038,0.0,0.0
2024-06-04 12:18:00-04:00,94.3499984741211,94.3499984741211,94.23999786376953,94.31999969482422,3172,0.0,0.0
2024-06-04 12:19:00-04:00,94.33999633789062,94.3499984741211,94.33999633789062,94.3499984741211,1590,0.0,0.0
2024-06-04 12:20:00-04:00,94.38999938964844,94.3949966430664,94.36000061035156,94.36000061035156,4435,0.0,0.0
2024-06-04 12:21:00-04:00,94.38999938964844,94.4000015258789,94.36499786376953,94.36499786376953,2107,0.0,0.0
2024-06-04 12:22:00-04:00,94.3499984741211,94.37000274658203,94.33000183105469,94.37000274658203,101621,0.0,0.0
2024-06-04 12:23:00-04:00,94.38999938964844,94.38999938964844,94.38999938964844,94.38999938964844,1311,0.0,0.0
2024-06-04 12:24:00-04:00,94.37999725341797,94.44000244140625,94.37999725341797,94.41000366210938,3339,0.0,0.0
2024-06-04 12:25:00-04:00,94.43000030517578,94.4800033569336,94.41000366210938,94.4800033569336,2174,0.0,0.0
2024-06-04 12:26:00-04:00,94.37999725341797,94.46440124511719,94.37999725341797,94.46440124511719,2030,0.0,0.0
2024-06-04 12:27:00-04:00,94.4800033569336,94.4800033569336,94.44999694824219,94.4749984741211,748,0.0,0.0
2024-06-04 12:28:00-04:00,94.44999694824219,94.5,94.44999694824219,94.5,1209,0.0,0.0
2024-06-04 12:29:00-04:00,94.5250015258789,94.62000274658203,94.51000213623047,94.58000183105469,5106,0.0,0.0
2024-06-04 12:30:00-04:00,94.55500030517578,94.55500030517578,94.48999786376953,94.48999786376953,2071,0.0,0.0
2024-06-04 12:31:00-04:00,94.51000213623047,94.54000091552734,94.51000213623047,94.54000091552734,1377,0.0,0.0
2024-06-04 12:32:00-04:00,94.5,94.5199966430664,94.5,94.5,1458,0.0,0.0
2024-06-04 12:33:00-04:00,94.5199966430664,94.5199966430664,94.48999786376953,94.48999786376953,1419,0.0,0.0
2024-06-04 12:34:00-04:00,94.51000213623047,94.51000213623047,94.48999786376953,94.48999786376953,815,0.0,0.0
2024-06-04 12:35:00-04:00,94.50900268554688,94.52989959716797,94.41999816894531,94.41999816894531,4918,0.0,0.0
2024-06-04 12:36:00-04:00,94.38999938964844,94.38999938964844,94.3499984741211,94.38999938964844,3399,0.0,0.0
2024-06-04 12:37:00-04:00,94.45999908447266,94.4800033569336,94.43000030517578,94.45999908447266,9743,0.0,0.0
2024-06-04 12:38:00-04:00,94.44999694824219,94.48999786376953,94.44999694824219,94.48999786376953,4602,0.0,0.0
2024-06-04 12:39:00-04:00,94.44999694824219,94.44999694824219,94.4000015258789,94.41999816894531,3369,0.0,0.0
2024-06-04 12:40:00-04:00,94.41000366210938,94.42500305175781,94.4000015258789,94.4000015258789,3349,0.0,0.0
2024-06-04 12:41:00-04:00,94.4749984741211,94.4749984741211,94.4749984741211,94.4749984741211,750,0.0,0.0
2024-06-04 12:42:00-04:00,94.51000213623047,94.55999755859375,94.5,94.55000305175781,24287,0.0,0.0
2024-06-04 12:43:00-04:00,94.58999633789062,94.62999725341797,94.55000305175781,94.5999984741211,8354,0.0,0.0
2024-06-04 12:44:00-04:00,94.63999938964844,94.66999816894531,94.63999938964844,94.66000366210938,2872,0.0,0.0
2024-06-04 12:45:00-04:00,94.74500274658203,94.76000213623047,94.72000122070312,94.73999786376953,3381,0.0,0.0
2024-06-04 12:46:00-04:00,94.75,94.76000213623047,94.70999908447266,94.70999908447266,2932,0.0,0.0
2024-06-04 12:47:00-04:00,94.66999816894531,94.66999816894531,94.58999633789062,94.5999984741211,6400,0.0,0.0
2024-06-04 12:48:00-04:00,94.58000183105469,94.66000366210938,94.58000183105469,94.66000366210938,4011,0.0,0.0
2024-06-04 12:49:00-04:00,94.69000244140625,94.69000244140625,94.61000061035156,94.61000061035156,2334,0.0,0.0
2024-06-04 12:50:00-04:00,94.57959747314453,94.58499908447266,94.55999755859375,94.58000183105469,3643,0.0,0.0
2024-06-04 12:51:00-04:00,94.55500030517578,94.5999984741211,94.55500030517578,94.56999969482422,3416,0.0,0.0
2024-06-04 12:52:00-04:00,94.560302734375,94.560302734375,94.51000213623047,94.52999877929688,3015,0.0,0.0
2024-06-04 12:53:00-04:00,94.52999877929688,94.52999877929688,94.44999694824219,94.51000213623047,4759,0.0,0.0
2024-06-04 12:54:00-04:00,94.52999877929688,94.55999755859375,94.52999877929688,94.55999755859375,1235,0.0,0.0
2024-06-04 12:55:00-04:00,94.55999755859375,94.58499908447266,94.55999755859375,94.56999969482422,3157,0.0,0.0
2024-06-04 12:56:00-04:00,94.58999633789062,94.59500122070312,94.58000183105469,94.59500122070312,2798,0.0,0.0
2024-06-04 12:57:00-04:00,94.61000061035156,94.61499786376953,94.56999969482422,94.56999969482422,2460,0.0,0.0
2024-06-04 12:58:00-04:00,94.59500122070312,94.68000030517578,94.58000183105469,94.66000366210938,32256,0.0,0.0
2024-06-04 12:59:00-04:00,94.66999816894531,94.68000030517578,94.63999938964844,94.63999938964844,9466,0.0,0.0
2024-06-04 13:00:00-04:00,94.62999725341797,94.66000366210938,94.62000274658203,94.66000366210938,3376,0.0,0.0
2024-06-04 13:01:00-04:00,94.61000061035156,94.61000061035156,94.5999984741211,94.5999984741211,1028,0.0,0.0
2024-06-04 13:02:00-04:00,94.5999984741211,94.5999984741211,94.55000305175781,94.55000305175781,3639,0.0,0.0
2024-06-04 13:03:00-04:00,94.52999877929688,94.54000091552734,94.51000213623047,94.54000091552734,1634,0.0,0.0
2024-06-04 13:04:00-04:00,94.5,94.52999877929688,94.5,94.52999877929688,3344,0.0,0.0
2024-06-04 13:05:00-04:00,94.55000305175781,94.55000305175781,94.44000244140625,94.44000244140625,3062,0.0,0.0
2024-06-04 13:06:00-04:00,94.43000030517578,94.43000030517578,94.32520294189453,94.3499984741211,2833,0.0,0.0
2024-06-04 13:07:00-04:00,94.33999633789062,94.38999938964844,94.30999755859375,94.38999938964844,2768,0.0,0.0
2024-06-04 13:08:00-04:00,94.40499877929688,94.40499877929688,94.36000061035156,94.36000061035156,2399,0.0,0.0
2024-06-04 13:09:00-04:00,94.37999725341797,94.4000015258789,94.37999725341797,94.38999938964844,2165,0.0,0.0
2024-06-04 13:10:00-04:00,94.41000366210938,94.48999786376953,94.41000366210938,94.48999786376953,3945,0.0,0.0
2024-06-04 13:11:00-04:00,94.48500061035156,94.55999755859375,94.4800033569336,94.52999877929688,3573,0.0,0.0
2024-06-04 13:12:00-04:00,94.52999877929688,94.58999633789062,94.51699829101562,94.58000183105469,4068,0.0,0.0
2024-06-04 13:13:00-04:00,94.55000305175781,94.56999969482422,94.55000305175781,94.56999969482422,2002,0.0,0.0
2024-06-04 13:15:00-04:00,94.58999633789062,94.6050033569336,94.56999969482422,94.58999633789062,1722,0.0,0.0
2024-06-04 13:16:00-04:00,94.56999969482422,94.56999969482422,94.52999877929688,94.54499816894531,9868,0.0,0.0
2024-06-04 13:17:00-04:00,94.56999969482422,94.56999969482422,94.54000091552734,94.54000091552734,2611,0.0,0.0
2024-06-04 13:18:00-04:00,94.55000305175781,94.55000305175781,94.470703125,94.470703125,2235,0.0,0.0
2024-06-04 13:19:00-04:00,94.44999694824219,94.4800033569336,94.44999694824219,94.4800033569336,1186,0.0,0.0
2024-06-04 13:20:00-04:00,94.48999786376953,94.55999755859375,94.48999786376953,94.55999755859375,16371,0.0,0.0
2024-06-04 13:21:00-04:00,94.56990051269531,94.58000183105469,94.56990051269531,94.56999969482422,1449,0.0,0.0
2024-06-04 13:22:00-04:00,94.58999633789062,94.58999633789062,94.55000305175781,94.58000183105469,2648,0.0,0.0
2024-06-04 13:23:00-04:00,94.56999969482422,94.56999969482422,94.5199966430664,94.5199966430664,2300,0.0,0.0
2024-06-04 13:24:00-04:00,94.52999877929688,94.52999877929688,94.52999877929688,94.52999877929688,2441,0.0,0.0
2024-06-04 13:25:00-04:00,94.47989654541016,94.47989654541016,94.41999816894531,94.44000244140625,2220,0.0,0.0
2024-06-04 13:26:00-04:00,94.44000244140625,94.46499633789062,94.43479919433594,94.43479919433594,1823,0.0,0.0
2024-06-04 13:27:00-04:00,94.47000122070312,94.5,94.47000122070312,94.5,1504,0.0,0.0
2024-06-04 13:28:00-04:00,94.50499725341797,94.58999633789062,94.50499725341797,94.58999633789062,2717,0.0,0.0
2024-06-04 13:29:00-04:00,94.60269927978516,94.63999938964844,94.60269927978516,94.63999938964844,13308,0.0,0.0
2024-06-04 13:30:00-04:00,94.6500015258789,94.66999816894531,94.62000274658203,94.62000274658203,2537,0.0,0.0
2024-06-04 13:31:00-04:00,94.6500015258789,94.6500015258789,94.58000183105469,94.58999633789062,2314,0.0,0.0
2024-06-04 13:32:00-04:00,94.58000183105469,94.58000183105469,94.54000091552734,94.54000091552734,10798,0.0,0.0
2024-06-04 13:33:00-04:00,94.48999786376953,94.50499725341797,94.47000122070312,94.50499725341797,61291,0.0,0.0
2024-06-04 13:35:00-04:00,94.43000030517578,94.47000122070312,94.41999816894531,94.47000122070312,5274,0.0,0.0
2024-06-04 13:36:00-04:00,94.41999816894531,94.47000122070312,94.41000366210938,94.47000122070312,2642,0.0,0.0
2024-06-04 13:37:00-04:00,94.4749984741211,94.4800033569336,94.37000274658203,94.37999725341797,5497,0.0,0.0
2024-06-04 13:39:00-04:00,94.33999633789062,94.41000366210938,94.32009887695312,94.3905029296875,2919,0.0,0.0
2024-06-04 13:40:00-04:00,94.41999816894531,94.44999694824219,94.40560150146484,94.40560150146484,1858,0.0,0.0
2024-06-04 13:41:00-04:00,94.38999938964844,94.43000030517578,94.37999725341797,94.43000030517578,3862,0.0,0.0
2024-06-04 13:42:00-04:00,94.44000244140625,94.45999908447266,94.38999938964844,94.38999938964844,1350,0.0,0.0
2024-06-04 13:43:00-04:00,94.38999938964844,94.38999938964844,94.3499984741211,94.3499984741211,3195,0.0,0.0
2024-06-04 13:44:00-04:00,94.37999725341797,94.37999725341797,94.375,94.375,1247,0.0,0.0
2024-06-04 13:45:00-04:00,94.38999938964844,94.41000366210938,94.375,94.41000366210938,2781,0.0,0.0
2024-06-04 13:46:00-04:00,94.41000366210938,94.47000122070312,94.41000366210938,94.43000030517578,4055,0.0,0.0
2024-06-04 13:47:00-04:00,94.43250274658203,94.43250274658203,94.43250274658203,94.43250274658203,781,0.0,0.0
2024-06-04 13:48:00-04:00,94.43000030517578,94.43000030517578,94.4000015258789,94.41000366210938,2027,0.0,0.0
2024-06-04 13:49:00-04:00,94.4000015258789,94.41000366210938,94.4000015258789,94.40499877929688,1195,0.0,0.0
2024-06-04 13:50:00-04:00,94.41999816894531,94.45999908447266,94.38999938964844,94.41999816894531,9402,0.0,0.0
2024-06-04 13:51:00-04:00,94.41000366210938,94.41999816894531,94.37000274658203,94.41000366210938,11002,0.0,0.0
2024-06-04 13:52:00-04:00,94.41000366210938,94.41000366210938,94.36000061035156,94.37000274658203,5873,0.0,0.0
2024-06-04 13:53:00-04:00,94.37000274658203,94.38999938964844,94.33499908447266,94.37999725341797,8778,0.0,0.0
2024-06-04 13:54:00-04:00,94.37000274658203,94.43000030517578,94.37000274658203,94.41000366210938,5201,0.0,0.0
2024-06-04 13:55:00-04:00,94.4021987915039,94.44000244140625,94.4021987915039,94.43000030517578,1457,0.0,0.0
2024-06-04 13:56:00-04:00,94.44999694824219,94.4800033569336,94.4000015258789,94.4000015258789,7529,0.0,0.0
2024-06-04 13:57:00-04:00,94.3499984741211,94.37999725341797,94.30999755859375,94.37999725341797,4589,0.0,0.0
2024-06-04 13:58:00-04:00,94.38999938964844,94.4000015258789,94.36000061035156,94.36000061035156,2803,0.0,0.0
2024-06-04 13:59:00-04:00,94.38999938964844,94.41999816894531,94.37999725341797,94.37999725341797,3892,0.0,0.0
2024-06-04 14:00:00-04:00,94.37999725341797,94.43000030517578,94.37000274658203,94.41000366210938,4451,0.0,0.0
2024-06-04 14:01:00-04:00,94.44000244140625,94.45999908447266,94.38999938964844,94.38999938964844,5948,0.0,0.0
2024-06-04 14:02:00-04:00,94.4000015258789,94.44999694824219,94.4000015258789,94.44999694824219,3126,0.0,0.0
2024-06-04 14:03:00-04:00,94.47000122070312,94.52999877929688,94.47000122070312,94.52999877929688,16697,0.0,0.0
2024-06-04 14:04:00-04:00,94.52999877929688,94.58000183105469,94.5,94.5740966796875,12742,0.0,0.0
2024-06-04 14:05:00-04:00,94.58000183105469,94.58999633789062,94.45999908447266,94.5,15105,0.0,0.0
2024-06-04 14:06:00-04:00,94.48999786376953,94.53500366210938,94.48999786376953,94.51000213623047,7281,0.0,0.0
2024-06-04 14:07:00-04:00,94.51000213623047,94.55999755859375,94.5,94.5,4946,0.0,0.0
2024-06-04 14:08:00-04:00,94.48999786376953,94.55000305175781,94.48999786376953,94.5199966430664,31340,0.0,0.0
2024-06-04 14:09:00-04:00,94.51000213623047,94.52999877929688,94.4800033569336,94.4800033569336,20585,0.0,0.0
2024-06-04 14:10:00-04:00,94.4800033569336,94.52999877929688,94.4800033569336,94.5,15548,0.0,0.0
2024-06-04 14:11:00-04:00,94.51000213623047,94.51000213623047,94.44999694824219,94.44999694824219,7062,0.0,0.0
2024-06-04 14:12:00-04:00,94.47000122070312,94.51000213623047,94.43000030517578,94.51000213623047,12536,0.0,0.0
2024-06-04 14:13:00-04:00,94.5199966430664,94.54000091552734,94.43000030517578,94.44999694824219,44449,0.0,0.0
2024-06-04 14:14:00-04:00,94.44000244140625,94.58999633789062,94.41999816894531,94.55000305175781,31798,0.0,0.0
2024-06-04 14:15:00-04:00,94.55999755859375,94.6500015258789,94.54000091552734,94.55000305175781,38596,0.0,0.0
2024-06-04 14:16:00-04:00,94.57499694824219,94.63999938964844,94.54000091552734,94.54000091552734,23272,0.0,0.0
2024-06-04 14:17:00-04:00,94.54000091552734,94.69000244140625,94.52999877929688,94.62000274658203,22529,0.0,0.0
2024-06-04 14:18:00-04:00,94.6500015258789,94.6500015258789,94.52999877929688,94.62000274658203,30225,0.0,0.0
2024-06-04 14:19:00-04:00,94.61000061035156,94.61000061035156,94.55000305175781,94.58000183105469,5131,0.0,0.0
2024-06-04 14:20:00-04:00,94.58000183105469,94.62000274658203,94.52999877929688,94.58999633789062,45977,0.0,0.0
2024-06-04 14:21:00-04:00,94.62000274658203,94.72000122070312,94.62000274658203,94.70030212402344,32371,0.0,0.0
2024-06-04 14:22:00-04:00,94.72000122070312,94.73500061035156,94.68000030517578,94.73500061035156,11775,0.0,0.0
2024-06-04 14:23:00-04:00,94.72000122070312,94.75,94.62999725341797,94.66500091552734,21144,0.0,0.0
2024-06-04 14:24:00-04:00,94.68000030517578,94.7300033569336,94.6500015258789,94.69999694824219,23478,0.0,0.0
2024-06-04 14:25:00-04:00,94.69999694824219,94.70999908447266,94.44999694824219,94.51000213623047,37928,0.0,0.0
2024-06-04 14:26:00-04:00,94.55999755859375,94.55999755859375,94.49500274658203,94.50499725341797,3988,0.0,0.0
2024-06-04 14:27:00-04:00,94.55000305175781,94.5999984741211,94.55000305175781,94.5999984741211,2769,0.0,0.0
2024-06-04 14:28:00-04:00,94.66999816894531,94.70999908447266,94.6500015258789,94.69000244140625,14712,0.0,0.0
2024-06-04 14:29:00-04:00,94.69999694824219,94.73999786376953,94.69000244140625,94.7300033569336,9047,0.0,0.0
2024-06-04 14:30:00-04:00,94.7300033569336,94.75499725341797,94.62999725341797,94.65499877929688,10782,0.0,0.0
2024-06-04 14:31:00-04:00,94.66999816894531,94.66999816894531,94.61000061035156,94.62999725341797,26231,0.0,0.0
2024-06-04 14:32:00-04:00,94.66500091552734,94.7300033569336,94.6500015258789,94.66000366210938,18690,0.0,0.0
2024-06-04 14:33:00-04:00,94.66999816894531,94.69000244140625,94.6500015258789,94.66000366210938,20282,0.0,0.0
2024-06-04 14:34:00-04:00,94.6500015258789,94.6500015258789,94.55999755859375,94.58499908447266,7424,0.0,0.0
2024-06-04 14:35:00-04:00,94.58999633789062,94.69000244140625,94.58499908447266,94.66000366210938,25465,0.0,0.0
2024-06-04 14:36:00-04:00,94.67500305175781,94.69000244140625,94.66500091552734,94.66999816894531,21066,0.0,0.0
2024-06-04 14:37:00-04:00,94.66000366210938,94.66999816894531,94.58499908447266,94.59500122070312,7005,0.0,0.0
2024-06-04 14:38:00-04:00,94.61000061035156,94.6500015258789,94.6050033569336,94.61000061035156,10532,0.0,0.0
2024-06-04 14:39:00-04:00,94.62999725341797,94.62999725341797,94.5999984741211,94.5999984741211,4428,0.0,0.0
2024-06-04 14:40:00-04:00,94.61000061035156,94.62999725341797,94.55000305175781,94.56999969482422,14178,0.0,0.0
2024-06-04 14:41:00-04:00,94.58999633789062,94.68000030517578,94.54499816894531,94.63999938964844,48840,0.0,0.0
2024-06-04 14:42:00-04:00,94.6449966430664,94.68000030517578,94.63500213623047,94.66000366210938,33925,0.0,0.0
2024-06-04 14:43:00-04:00,94.66000366210938,94.75,94.66000366210938,94.70999908447266,14548,0.0,0.0
2024-06-04 14:44:00-04:00,94.72000122070312,94.76000213623047,94.70999908447266,94.73999786376953,19374,0.0,0.0
2024-06-04 14:45:00-04:00,94.7300033569336,94.79750061035156,94.7249984741211,94.73999786376953,12817,0.0,0.0
2024-06-04 14:46:00-04:00,94.73999786376953,94.82499694824219,94.7249984741211,94.82499694824219,33857,0.0,0.0
2024-06-04 14:47:00-04:00,94.82499694824219,94.83000183105469,94.79000091552734,94.83000183105469,19088,0.0,0.0
2024-06-04 14:48:00-04:00,94.80000305175781,94.8499984741211,94.79000091552734,94.8499984741211,39469,0.0,0.0
2024-06-04 14:49:00-04:00,94.8550033569336,94.8550033569336,94.7300033569336,94.7699966430664,21597,0.0,0.0
2024-06-04 14:50:00-04:00,94.76499938964844,94.8499984741211,94.76499938964844,94.8499984741211,3578,0.0,0.0
2024-06-04 14:51:00-04:00,94.83999633789062,94.8499984741211,94.70500183105469,94.72000122070312,8616,0.0,0.0
2024-06-04 14:52:00-04:00,94.70500183105469,94.70999908447266,94.62999725341797,94.66000366210938,9828,0.0,0.0
2024-06-04 14:53:00-04:00,94.65499877929688,94.70500183105469,94.65499877929688,94.66500091552734,11929,0.0,0.0
2024-06-04 14:54:00-04:00,94.63999938964844,94.66000366210938,94.58999633789062,94.5999984741211,19675,0.0,0.0
2024-06-04 14:55:00-04:00,94.62999725341797,94.66940307617188,94.58999633789062,94.62000274658203,29658,0.0,0.0
2024-06-04 14:56:00-04:00,94.6050033569336,94.62000274658203,94.4800033569336,94.55999755859375,27239,0.0,0.0
2024-06-04 14:57:00-04:00,94.55999755859375,94.55999755859375,94.45999908447266,94.45999908447266,35384,0.0,0.0
2024-06-04 14:58:00-04:00,94.47000122070312,94.47000122070312,94.38999938964844,94.44999694824219,12790,0.0,0.0
2024-06-04 14:59:00-04:00,94.45999908447266,94.55999755859375,94.45999908447266,94.5199966430664,6292,0.0,0.0
2024-06-04 15:00:00-04:00,94.5199966430664,94.52999877929688,94.51000213623047,94.5199966430664,11967,0.0,0.0
2024-06-04 15:01:00-04:00,94.5,94.5,94.33999633789062,94.33999633789062,11272,0.0,0.0
2024-06-04 15:02:00-04:00,94.33000183105469,94.33000183105469,94.13999938964844,94.27999877929688,7744,0.0,0.0
2024-06-04 15:03:00-04:00,94.2699966430664,94.33000183105469,94.1500015258789,94.25499725341797,5879,0.0,0.0
2024-06-04 15:04:00-04:00,94.25,94.25,94.06999969482422,94.06999969482422,4260,0.0,0.0
2024-06-04 15:05:00-04:00,94.01000213623047,94.01000213623047,94.0,94.00499725341797,16377,0.0,0.0
2024-06-04 15:06:00-04:00,93.98999786376953,94.0250015258789,93.95999908447266,94.0,8658,0.0,0.0
2024-06-04 15:07:00-04:00,93.98999786376953,94.04499816894531,93.9800033569336,94.04000091552734,22875,0.0,0.0
2024-06-04 15:08:00-04:00,94.05000305175781,94.06999969482422,93.9800033569336,94.05000305175781,24639,0.0,0.0
2024-06-04 15:09:00-04:00,94.06999969482422,94.08000183105469,93.97000122070312,94.0199966430664,10711,0.0,0.0
2024-06-04 15:10:00-04:00,94.02999877929688,94.09500122070312,94.02999877929688,94.06999969482422,6765,0.0,0.0
2024-06-04 15:11:00-04:00,94.1050033569336,94.13500213623047,93.9800033569336,93.9800033569336,27680,0.0,0.0
2024-06-04 15:12:00-04:00,93.9800033569336,94.12999725341797,93.9800033569336,94.06659698486328,15977,0.0,0.0
2024-06-04 15:13:00-04:00,94.05999755859375,94.08000183105469,94.01000213623047,94.05000305175781,17421,0.0,0.0
2024-06-04 15:14:00-04:00,94.06999969482422,94.06999969482422,93.94000244140625,93.97000122070312,23403,0.0,0.0
2024-06-04 15:15:00-04:00,93.97000122070312,94.04000091552734,93.93000030517578,94.01000213623047,47243,0.0,0.0
2024-06-04 15:16:00-04:00,94.00499725341797,94.08000183105469,94.00499725341797,94.06999969482422,12188,0.0,0.0
2024-06-04 15:17:00-04:00,94.08000183105469,94.08000183105469,94.0,94.0,5800,0.0,0.0
2024-06-04 15:18:00-04:00,94.0199966430664,94.03990173339844,93.94000244140625,93.94000244140625,3917,0.0,0.0
2024-06-04 15:19:00-04:00,93.92500305175781,94.01000213623047,93.8949966430664,94.01000213623047,10778,0.0,0.0
2024-06-04 15:20:00-04:00,94.0199966430664,94.05000305175781,94.0,94.0,28343,0.0,0.0
2024-06-04 15:21:00-04:00,94.02999877929688,94.05000305175781,94.0199966430664,94.04000091552734,8481,0.0,0.0
2024-06-04 15:22:00-04:00,94.05000305175781,94.0999984741211,94.0,94.04000091552734,14460,0.0,0.0
2024-06-04 15:23:00-04:00,94.0199966430664,94.0199966430664,93.96499633789062,93.97000122070312,2776,0.0,0.0
2024-06-04 15:24:00-04:00,93.9800033569336,94.0199966430664,93.91999816894531,93.91999816894531,14636,0.0,0.0
2024-06-04 15:25:00-04:00,93.94000244140625,93.9800033569336,93.9000015258789,93.94999694824219,55341,0.0,0.0
2024-06-04 15:26:00-04:00,93.94999694824219,93.95999908447266,93.87999725341797,93.95999908447266,17176,0.0,0.0
2024-06-04 15:27:00-04:00,93.93000030517578,93.94000244140625,93.87000274658203,93.87000274658203,4575,0.0,0.0
2024-06-04 15:28:00-04:00,93.86000061035156,93.97000122070312,93.8499984741211,93.97000122070312,6191,0.0,0.0
2024-06-04 15:29:00-04:00,93.91999816894531,93.91999816894531,93.87000274658203,93.88999938964844,5557,0.0,0.0
2024-06-04 15:30:00-04:00,93.88999938964844,93.9000015258789,93.80000305175781,93.80000305175781,12275,0.0,0.0
2024-06-04 15:31:00-04:00,93.76000213623047,93.81500244140625,93.73999786376953,93.77999877929688,6993,0.0,0.0
2024-06-04 15:32:00-04:00,93.77999877929688,93.83499908447266,93.75,93.83499908447266,7369,0.0,0.0
2024-06-04 15:33:00-04:00,93.87000274658203,93.93000030517578,93.83999633789062,93.90499877929688,6717,0.0,0.0
2024-06-04 15:34:00-04:00,93.9000015258789,93.93000030517578,93.86000061035156,93.88999938964844,9375,0.0,0.0
2024-06-04 15:35:00-04:00,93.87000274658203,93.9000015258789,93.81999969482422,93.83499908447266,7576,0.0,0.0
2024-06-04 15:36:00-04:00,93.83000183105469,93.83000183105469,93.75,93.79000091552734,17083,0.0,0.0
2024-06-04 15:37:00-04:00,93.72000122070312,93.80000305175781,93.69999694824219,93.80000305175781,13689,0.0,0.0
2024-06-04 15:38:00-04:00,93.79000091552734,93.79000091552734,93.7300033569336,93.77999877929688,8308,0.0,0.0
2024-06-04 15:39:00-04:00,93.77999877929688,93.87999725341797,93.7699966430664,93.87000274658203,32419,0.0,0.0
2024-06-04 15:40:00-04:00,93.91000366210938,93.94000244140625,93.87000274658203,93.91000366210938,30204,0.0,0.0
2024-06-04 15:41:00-04:00,93.91000366210938,93.91999816894531,93.80999755859375,93.875,43630,0.0,0.0
2024-06-04 15:42:00-04:00,93.87000274658203,93.9000015258789,93.81500244140625,93.81999969482422,16757,0.0,0.0
2024-06-04 15:43:00-04:00,93.81999969482422,93.94999694824219,93.81999969482422,93.93000030517578,35308,0.0,0.0
2024-06-04 15:44:00-04:00,93.92500305175781,93.94000244140625,93.88999938964844,93.91000366210938,27793,0.0,0.0
2024-06-04 15:45:00-04:00,93.9000015258789,93.91000366210938,93.83000183105469,93.83000183105469,28185,0.0,0.0
2024-06-04 15:46:00-04:00,93.81999969482422,93.97000122070312,93.80999755859375,93.94999694824219,48942,0.0,0.0
2024-06-04 15:47:00-04:00,93.9800033569336,94.04000091552734,93.95999908447266,93.97000122070312,13155,0.0,0.0
2024-06-04 15:48:00-04:00,93.9800033569336,94.0199966430664,93.97000122070312,93.9800033569336,20664,0.0,0.0
2024-06-04 15:49:00-04:00,93.98999786376953,94.05000305175781,93.94999694824219,94.0,40462,0.0,0.0
2024-06-04 15:50:00-04:00,94.01000213623047,94.06999969482422,93.91999816894531,94.06999969482422,82134,0.0,0.0
2024-06-04 15:51:00-04:00,94.06999969482422,94.19000244140625,94.06999969482422,94.12999725341797,34893,0.0,0.0
2024-06-04 15:52:00-04:00,94.13500213623047,94.13500213623047,93.98999786376953,94.05999755859375,53996,0.0,0.0
2024-06-04 15:53:00-04:00,94.08000183105469,94.16000366210938,94.05000305175781,94.1500015258789,56257,0.0,0.0
2024-06-04 15:54:00-04:00,94.11000061035156,94.29000091552734,94.0999984741211,94.2300033569336,89922,0.0,0.0
2024-06-04 15:55:00-04:00,94.23999786376953,94.27999877929688,94.16999816894531,94.26000213623047,67426,0.0,0.0
2024-06-04 15:56:00-04:00,94.25,94.43250274658203,94.18000030517578,94.43000030517578,77473,0.0,0.0
2024-06-04 15:57:00-04:00,94.47000122070312,94.5199966430664,94.2699966430664,94.27999877929688,117938,0.0,0.0
2024-06-04 15:58:00-04:00,94.30000305175781,94.30000305175781,94.12999725341797,94.16000366210938,208922,0.0,0.0
2024-06-04 15:59:00-04:00,94.16500091552734,94.19000244140625,93.98999786376953,93.98999786376953,719480,0.0,0.0
2024-06-05 09:30:00-04:00,94.5,94.5,94.2699966430664,94.43000030517578,112494,0.0,0.0
2024-06-05 09:31:00-04:00,94.41500091552734,94.43000030517578,94.33999633789062,94.33999633789062,4230,0.0,0.0
2024-06-05 09:32:00-04:00,94.3499984741211,94.63800048828125,94.27999877929688,94.58000183105469,15792,0.0,0.0
2024-06-05 09:33:00-04:00,94.5199966430664,94.55000305175781,94.27999877929688,94.27999877929688,1954,0.0,0.0
2024-06-05 09:34:00-04:00,94.34500122070312,94.54000091552734,94.34500122070312,94.54000091552734,20798,0.0,0.0
2024-06-05 09:35:00-04:00,94.54000091552734,94.66999816894531,94.5,94.5,16251,0.0,0.0
2024-06-05 09:36:00-04:00,94.54499816894531,94.54499816894531,94.3499984741211,94.41500091552734,12856,0.0,0.0
2024-06-05 09:37:00-04:00,94.4175033569336,94.56999969482422,94.41500091552734,94.56999969482422,14518,0.0,0.0
2024-06-05 09:38:00-04:00,94.52999877929688,94.61000061035156,94.45999908447266,94.51000213623047,8219,0.0,0.0
2024-06-05 09:39:00-04:00,94.5199966430664,94.54000091552734,94.42500305175781,94.42500305175781,8684,0.0,0.0
2024-06-05 09:40:00-04:00,94.43000030517578,94.54000091552734,94.43000030517578,94.54000091552734,7990,0.0,0.0
2024-06-05 09:41:00-04:00,94.52999877929688,94.62999725341797,94.51000213623047,94.55999755859375,7097,0.0,0.0
2024-06-05 09:42:00-04:00,94.5999984741211,94.75,94.5,94.5,25903,0.0,0.0
2024-06-05 09:43:00-04:00,94.5,94.55500030517578,94.38500213623047,94.41999816894531,9590,0.0,0.0
2024-06-05 09:44:00-04:00,94.3949966430664,94.53500366210938,94.33000183105469,94.5,6386,0.0,0.0
2024-06-05 09:45:00-04:00,94.54000091552734,94.55000305175781,94.41999816894531,94.52999877929688,21827,0.0,0.0
2024-06-05 09:46:00-04:00,94.52999877929688,94.56500244140625,94.5,94.56500244140625,6329,0.0,0.0
2024-06-05 09:47:00-04:00,94.55000305175781,94.62999725341797,94.5,94.56999969482422,11814,0.0,0.0
2024-06-05 09:48:00-04:00,94.5999984741211,94.75499725341797,94.56500244140625,94.75499725341797,12603,0.0,0.0
2024-06-05 09:49:00-04:00,94.80500030517578,94.88500213623047,94.43000030517578,94.5,170745,0.0,0.0
2024-06-05 09:50:00-04:00,94.51000213623047,94.62999725341797,94.4114990234375,94.44000244140625,64046,0.0,0.0
2024-06-05 09:51:00-04:00,94.52999877929688,94.55000305175781,94.46499633789062,94.55000305175781,5540,0.0,0.0
2024-06-05 09:52:00-04:00,94.56500244140625,94.5999984741211,94.49500274658203,94.55000305175781,29601,0.0,0.0
2024-06-05 09:53:00-04:00,94.55249786376953,94.58000183105469,94.51000213623047,94.55000305175781,27869,0.0,0.0
2024-06-05 09:54:00-04:00,94.5,94.55000305175781,94.44999694824219,94.49500274658203,23873,0.0,0.0
2024-06-05 09:55:00-04:00,94.47000122070312,94.50499725341797,94.41000366210938,94.44999694824219,6321,0.0,0.0
2024-06-05 09:56:00-04:00,94.44000244140625,94.46700286865234,94.19000244140625,94.19000244140625,12139,0.0,0.0
2024-06-05 09:57:00-04:00,94.22000122070312,94.37999725341797,94.19499969482422,94.37999725341797,2793,0.0,0.0
2024-06-05 09:58:00-04:00,94.36499786376953,94.38999938964844,94.23999786376953,94.30000305175781,8022,0.0,0.0
2024-06-05 09:59:00-04:00,94.31500244140625,94.43499755859375,94.31500244140625,94.34500122070312,9289,0.0,0.0
2024-06-05 10:00:00-04:00,94.37000274658203,94.44000244140625,94.19999694824219,94.41999816894531,28460,0.0,0.0
2024-06-05 10:01:00-04:00,94.41000366210938,94.45500183105469,94.2699966430664,94.3499984741211,50584,0.0,0.0
2024-06-05 10:02:00-04:00,94.3949966430664,94.55000305175781,94.3499984741211,94.45500183105469,25251,0.0,0.0
2024-06-05 10:03:00-04:00,94.45500183105469,94.47000122070312,94.30000305175781,94.36000061035156,22288,0.0,0.0
2024-06-05 10:04:00-04:00,94.41000366210938,94.43000030517578,94.13999938964844,94.13999938964844,57833,0.0,0.0
2024-06-05 10:05:00-04:00,94.16999816894531,94.45999908447266,94.12000274658203,94.38999938964844,193744,0.0,0.0
2024-06-05 10:06:00-04:00,94.44000244140625,94.55999755859375,94.12000274658203,94.1624984741211,25563,0.0,0.0
2024-06-05 10:07:00-04:00,94.18000030517578,94.27999877929688,94.13999938964844,94.23999786376953,113988,0.0,0.0
2024-06-05 10:08:00-04:00,94.19000244140625,94.31999969482422,94.19000244140625,94.25,12055,0.0,0.0
2024-06-05 10:09:00-04:00,94.25,94.25499725341797,94.08000183105469,94.0999984741211,10194,0.0,0.0
2024-06-05 10:10:00-04:00,94.16500091552734,94.20500183105469,94.12000274658203,94.17500305175781,11046,0.0,0.0
2024-06-05 10:11:00-04:00,94.16999816894531,94.16999816894531,94.05999755859375,94.06999969482422,35149,0.0,0.0
2024-06-05 10:12:00-04:00,94.05000305175781,94.20999908447266,94.05000305175781,94.1500015258789,29251,0.0,0.0
2024-06-05 10:13:00-04:00,94.12999725341797,94.2300033569336,94.0999984741211,94.20500183105469,22338,0.0,0.0
2024-06-05 10:14:00-04:00,94.18000030517578,94.29000091552734,94.13999938964844,94.29000091552734,56899,0.0,0.0
2024-06-05 10:15:00-04:00,94.29000091552734,94.3499984741211,94.27999877929688,94.3499984741211,26823,0.0,0.0
2024-06-05 10:16:00-04:00,94.3499984741211,94.36000061035156,94.13999938964844,94.22000122070312,51282,0.0,0.0
2024-06-05 10:17:00-04:00,94.23999786376953,94.23999786376953,94.13999938964844,94.2300033569336,31152,0.0,0.0
2024-06-05 10:18:00-04:00,94.2300033569336,94.27999877929688,93.94999694824219,93.94999694824219,46505,0.0,0.0
2024-06-05 10:19:00-04:00,94.0,94.04000091552734,93.91999816894531,94.04000091552734,14553,0.0,0.0
2024-06-05 10:20:00-04:00,94.04499816894531,94.25,94.0199966430664,94.2300033569336,116290,0.0,0.0
2024-06-05 10:21:00-04:00,94.23999786376953,94.31500244140625,94.20999908447266,94.27999877929688,28454,0.0,0.0
2024-06-05 10:22:00-04:00,94.27999877929688,94.30750274658203,94.2699966430664,94.30500030517578,11707,0.0,0.0
2024-06-05 10:23:00-04:00,94.29000091552734,94.41999816894531,94.29000091552734,94.41999816894531,46314,0.0,0.0
2024-06-05 10:24:00-04:00,94.4800033569336,94.53500366210938,94.33999633789062,94.3499984741211,37474,0.0,0.0
2024-06-05 10:25:00-04:00,94.36499786376953,94.43000030517578,94.13999938964844,94.13999938964844,72579,0.0,0.0
2024-06-05 10:26:00-04:00,94.13999938964844,94.29000091552734,94.0,94.0199966430664,57999,0.0,0.0
2024-06-05 10:27:00-04:00,94.06500244140625,94.0790023803711,93.93000030517578,94.05000305175781,220919,0.0,0.0
2024-06-05 10:28:00-04:00,94.05999755859375,94.16999816894531,94.05999755859375,94.16999816894531,26050,0.0,0.0
2024-06-05 10:29:00-04:00,94.16999816894531,94.30999755859375,94.16999816894531,94.30500030517578,42103,0.0,0.0
2024-06-05 10:30:00-04:00,94.30999755859375,94.5999984741211,94.30500030517578,94.58999633789062,25777,0.0,0.0
2024-06-05 10:31:00-04:00,94.61000061035156,94.68000030517578,94.55999755859375,94.66000366210938,10199,0.0,0.0
2024-06-05 10:32:00-04:00,94.68000030517578,94.69000244140625,94.37999725341797,94.45999908447266,22483,0.0,0.0
2024-06-05 10:33:00-04:00,94.45999908447266,94.58999633789062,94.44999694824219,94.56500244140625,13843,0.0,0.0
2024-06-05 10:34:00-04:00,94.54000091552734,94.5999984741211,94.52999877929688,94.56999969482422,14605,0.0,0.0
2024-06-05 10:35:00-04:00,94.55000305175781,94.56999969482422,94.4800033569336,94.51000213623047,31860,0.0,0.0
2024-06-05 10:36:00-04:00,94.55000305175781,94.55000305175781,94.36000061035156,94.36000061035156,17920,0.0,0.0
2024-06-05 10:37:00-04:00,94.31999969482422,94.36000061035156,94.28500366210938,94.32499694824219,18733,0.0,0.0
2024-06-05 10:38:00-04:00,94.32499694824219,94.38999938964844,94.30000305175781,94.31999969482422,31288,0.0,0.0
2024-06-05 10:39:00-04:00,94.37000274658203,94.4000015258789,94.3499984741211,94.38999938964844,5393,0.0,0.0
2024-06-05 10:40:00-04:00,94.5199966430664,94.55000305175781,94.44999694824219,94.45500183105469,11176,0.0,0.0
2024-06-05 10:41:00-04:00,94.44000244140625,94.44999694824219,94.41500091552734,94.41999816894531,5653,0.0,0.0
2024-06-05 10:42:00-04:00,94.41999816894531,94.41999816894531,94.26000213623047,94.2699966430664,13587,0.0,0.0
2024-06-05 10:43:00-04:00,94.25499725341797,94.30999755859375,94.23999786376953,94.23999786376953,10844,0.0,0.0
2024-06-05 10:44:00-04:00,94.26000213623047,94.26000213623047,94.1500015258789,94.16000366210938,47293,0.0,0.0
2024-06-05 10:45:00-04:00,94.19999694824219,94.19999694824219,94.11000061035156,94.12999725341797,12954,0.0,0.0
2024-06-05 10:46:00-04:00,94.15499877929688,94.16000366210938,94.08000183105469,94.0999984741211,10592,0.0,0.0
2024-06-05 10:47:00-04:00,94.08499908447266,94.13500213623047,94.02999877929688,94.13500213623047,10829,0.0,0.0
2024-06-05 10:48:00-04:00,94.12999725341797,94.12999725341797,94.06999969482422,94.0999984741211,9486,0.0,0.0
2024-06-05 10:49:00-04:00,94.0999984741211,94.2300033569336,94.07499694824219,94.0999984741211,13128,0.0,0.0
2024-06-05 10:50:00-04:00,94.12000274658203,94.1500015258789,94.1061019897461,94.1061019897461,6486,0.0,0.0
2024-06-05 10:51:00-04:00,94.16000366210938,94.27999877929688,94.12000274658203,94.27999877929688,15452,0.0,0.0
2024-06-05 10:52:00-04:00,94.26000213623047,94.30000305175781,94.23500061035156,94.2699966430664,8860,0.0,0.0
2024-06-05 10:53:00-04:00,94.25499725341797,94.2699966430664,94.18000030517578,94.19000244140625,8627,0.0,0.0
2024-06-05 10:54:00-04:00,94.16999816894531,94.22979736328125,94.1500015258789,94.20500183105469,7230,0.0,0.0
2024-06-05 10:55:00-04:00,94.20999908447266,94.20999908447266,94.16000366210938,94.19969940185547,6220,0.0,0.0
2024-06-05 10:56:00-04:00,94.16999816894531,94.18000030517578,94.08999633789062,94.11000061035156,8401,0.0,0.0
2024-06-05 10:57:00-04:00,94.08999633789062,94.15170288085938,94.08000183105469,94.12999725341797,7718,0.0,0.0
2024-06-05 10:58:00-04:00,94.12999725341797,94.13999938964844,94.05999755859375,94.0999984741211,4896,0.0,0.0
2024-06-05 10:59:00-04:00,94.08999633789062,94.19640350341797,94.08999633789062,94.18499755859375,8664,0.0,0.0
2024-06-05 11:00:00-04:00,94.22899627685547,94.22899627685547,94.16000366210938,94.17500305175781,4155,0.0,0.0
2024-06-05 11:01:00-04:00,94.19000244140625,94.20999908447266,94.13999938964844,94.1449966430664,9471,0.0,0.0
2024-06-05 11:02:00-04:00,94.1449966430664,94.26000213623047,94.1449966430664,94.23999786376953,8417,0.0,0.0
2024-06-05 11:03:00-04:00,94.23999786376953,94.25,94.21499633789062,94.22000122070312,5506,0.0,0.0
2024-06-05 11:04:00-04:00,94.2300033569336,94.27999877929688,94.2300033569336,94.25,24427,0.0,0.0
2024-06-05 11:05:00-04:00,94.23999786376953,94.26000213623047,94.1624984741211,94.18000030517578,14615,0.0,0.0
2024-06-05 11:06:00-04:00,94.2020034790039,94.20999908447266,94.13999938964844,94.13999938964844,6450,0.0,0.0
2024-06-05 11:07:00-04:00,94.12999725341797,94.16999816894531,94.125,94.16000366210938,4678,0.0,0.0
2024-06-05 11:08:00-04:00,94.16000366210938,94.18499755859375,94.13999938964844,94.16000366210938,7505,0.0,0.0
2024-06-05 11:09:00-04:00,94.18000030517578,94.19499969482422,94.0,94.0199966430664,13607,0.0,0.0
2024-06-05 11:10:00-04:00,94.0,94.09500122070312,94.0,94.04000091552734,14973,0.0,0.0
2024-06-05 11:11:00-04:00,94.0,94.04499816894531,93.97000122070312,94.04499816894531,11586,0.0,0.0
2024-06-05 11:12:00-04:00,94.02999877929688,94.0999984741211,94.02999877929688,94.05999755859375,8699,0.0,0.0
2024-06-05 11:13:00-04:00,94.06500244140625,94.06500244140625,93.97000122070312,93.9800033569336,7737,0.0,0.0
2024-06-05 11:14:00-04:00,93.97899627685547,94.05000305175781,93.94999694824219,94.01000213623047,11545,0.0,0.0
2024-06-05 11:15:00-04:00,94.0199966430664,94.07499694824219,94.0,94.05000305175781,78106,0.0,0.0
2024-06-05 11:16:00-04:00,94.05000305175781,94.13999938964844,94.05000305175781,94.05000305175781,8936,0.0,0.0
2024-06-05 11:17:00-04:00,94.05999755859375,94.08000183105469,94.01000213623047,94.0199966430664,9020,0.0,0.0
2024-06-05 11:18:00-04:00,94.01000213623047,94.05000305175781,93.95999908447266,93.95999908447266,8773,0.0,0.0
2024-06-05 11:19:00-04:00,93.96499633789062,93.9800033569336,93.94000244140625,93.94000244140625,8712,0.0,0.0
2024-06-05 11:20:00-04:00,93.91000366210938,93.95999908447266,93.91000366210938,93.91999816894531,6991,0.0,0.0
2024-06-05 11:21:00-04:00,93.9000015258789,93.90499877929688,93.84010314941406,93.84010314941406,9807,0.0,0.0
2024-06-05 11:22:00-04:00,93.8499984741211,94.04000091552734,93.8499984741211,94.04000091552734,4605,0.0,0.0
2024-06-05 11:23:00-04:00,94.02999877929688,94.06999969482422,94.0199966430664,94.05000305175781,5400,0.0,0.0
2024-06-05 11:24:00-04:00,94.05999755859375,94.07499694824219,93.91000366210938,93.92500305175781,13092,0.0,0.0
2024-06-05 11:25:00-04:00,93.93499755859375,93.94499969482422,93.8550033569336,93.9000015258789,10572,0.0,0.0
2024-06-05 11:26:00-04:00,93.88999938964844,93.9000015258789,93.7300033569336,93.73999786376953,10827,0.0,0.0
2024-06-05 11:27:00-04:00,93.75,93.8499984741211,93.72000122070312,93.83999633789062,8909,0.0,0.0
2024-06-05 11:28:00-04:00,93.83999633789062,93.87000274658203,93.83999633789062,93.86000061035156,4467,0.0,0.0
2024-06-05 11:29:00-04:00,93.86250305175781,93.88999938964844,93.83000183105469,93.87000274658203,7363,0.0,0.0
2024-06-05 11:30:00-04:00,93.9000015258789,93.91500091552734,93.87999725341797,93.88999938964844,20548,0.0,0.0
2024-06-05 11:31:00-04:00,93.88999938964844,94.04000091552734,93.88999938964844,94.02999877929688,16376,0.0,0.0
2024-06-05 11:32:00-04:00,94.02999877929688,94.0999984741211,94.0199966430664,94.08000183105469,3802,0.0,0.0
2024-06-05 11:33:00-04:00,94.12999725341797,94.22000122070312,94.12999725341797,94.20500183105469,2583,0.0,0.0
2024-06-05 11:34:00-04:00,94.2249984741211,94.2300033569336,94.12000274658203,94.1500015258789,12682,0.0,0.0
2024-06-05 11:35:00-04:00,94.16000366210938,94.19000244140625,94.08999633789062,94.12000274658203,8471,0.0,0.0
2024-06-05 11:36:00-04:00,94.16000366210938,94.16999816894531,94.12999725341797,94.12999725341797,3908,0.0,0.0
2024-06-05 11:37:00-04:00,94.15499877929688,94.20999908447266,94.12999725341797,94.20500183105469,15096,0.0,0.0
2024-06-05 11:38:00-04:00,94.2249984741211,94.2699966430664,94.2249984741211,94.2699966430664,4836,0.0,0.0
2024-06-05 11:39:00-04:00,94.2750015258789,94.29499816894531,94.22000122070312,94.2699966430664,10916,0.0,0.0
2024-06-05 11:40:00-04:00,94.29499816894531,94.29499816894531,94.23999786376953,94.23999786376953,5949,0.0,0.0
2024-06-05 11:41:00-04:00,94.2699966430664,94.44000244140625,94.2699966430664,94.4395980834961,8758,0.0,0.0
2024-06-05 11:42:00-04:00,94.43000030517578,94.43499755859375,94.25,94.26000213623047,50671,0.0,0.0
2024-06-05 11:43:00-04:00,94.25,94.2699966430664,94.2300033569336,94.25499725341797,9474,0.0,0.0
2024-06-05 11:44:00-04:00,94.23999786376953,94.2699966430664,94.23999786376953,94.26499938964844,3998,0.0,0.0
2024-06-05 11:45:00-04:00,94.26000213623047,94.29000091552734,94.26000213623047,94.27999877929688,4200,0.0,0.0
2024-06-05 11:46:00-04:00,94.2699966430664,94.30999755859375,94.26000213623047,94.29000091552734,5947,0.0,0.0
2024-06-05 11:47:00-04:00,94.30000305175781,94.30999755859375,94.18000030517578,94.23999786376953,9076,0.0,0.0
2024-06-05 11:48:00-04:00,94.23999786376953,94.23999786376953,94.18000030517578,94.19999694824219,3223,0.0,0.0
2024-06-05 11:49:00-04:00,94.20999908447266,94.20999908447266,94.16010284423828,94.16010284423828,4099,0.0,0.0
2024-06-05 11:50:00-04:00,94.22000122070312,94.22000122070312,94.1500015258789,94.16500091552734,5750,0.0,0.0
2024-06-05 11:51:00-04:00,94.17749786376953,94.26000213623047,94.17500305175781,94.26000213623047,4036,0.0,0.0
2024-06-05 11:52:00-04:00,94.25499725341797,94.2699966430664,94.23999786376953,94.2699966430664,4802,0.0,0.0
2024-06-05 11:53:00-04:00,94.23999786376953,94.27999877929688,94.23999786376953,94.26000213623047,4357,0.0,0.0
2024-06-05 11:54:00-04:00,94.25,94.26000213623047,94.20999908447266,94.20999908447266,6232,0.0,0.0
2024-06-05 11:55:00-04:00,94.20500183105469,94.24500274658203,94.16000366210938,94.24500274658203,20158,0.0,0.0
2024-06-05 11:56:00-04:00,94.2699966430664,94.36000061035156,94.2699966430664,94.3499984741211,59793,0.0,0.0
2024-06-05 11:57:00-04:00,94.36000061035156,94.41999816894531,94.30000305175781,94.30000305175781,47282,0.0,0.0
2024-06-05 11:58:00-04:00,94.31500244140625,94.33999633789062,94.26000213623047,94.29000091552734,27255,0.0,0.0
2024-06-05 11:59:00-04:00,94.2699966430664,94.30000305175781,94.25,94.26000213623047,12299,0.0,0.0
2024-06-05 12:00:00-04:00,94.26000213623047,94.27999877929688,94.22000122070312,94.25499725341797,12490,0.0,0.0
2024-06-05 12:01:00-04:00,94.25,94.375,94.25,94.375,6277,0.0,0.0
2024-06-05 12:02:00-04:00,94.38999938964844,94.4000015258789,94.3499984741211,94.4000015258789,9441,0.0,0.0
2024-06-05 12:03:00-04:00,94.41000366210938,94.44999694824219,94.37999725341797,94.37999725341797,5482,0.0,0.0
2024-06-05 12:04:00-04:00,94.38999938964844,94.38999938964844,94.30999755859375,94.37999725341797,9359,0.0,0.0
2024-06-05 12:05:00-04:00,94.36499786376953,94.41999816894531,94.36499786376953,94.41000366210938,3787,0.0,0.0
2024-06-05 12:06:00-04:00,94.38999938964844,94.38999938964844,94.26000213623047,94.33000183105469,10524,0.0,0.0
2024-06-05 12:07:00-04:00,94.33499908447266,94.4000015258789,94.31999969482422,94.37999725341797,2838,0.0,0.0
2024-06-05 12:08:00-04:00,94.38999938964844,94.4000015258789,94.37999725341797,94.38500213623047,3103,0.0,0.0
2024-06-05 12:09:00-04:00,94.37899780273438,94.37999725341797,94.27999877929688,94.27999877929688,18456,0.0,0.0
2024-06-05 12:10:00-04:00,94.27439880371094,94.30999755859375,94.27439880371094,94.30500030517578,8077,0.0,0.0
2024-06-05 12:11:00-04:00,94.30000305175781,94.30000305175781,94.23999786376953,94.23999786376953,22234,0.0,0.0
2024-06-05 12:12:00-04:00,94.25,94.30999755859375,94.20999908447266,94.27999877929688,50380,0.0,0.0
2024-06-05 12:13:00-04:00,94.27999877929688,94.32499694824219,94.26000213623047,94.29499816894531,33137,0.0,0.0
2024-06-05 12:14:00-04:00,94.28500366210938,94.30000305175781,94.2300033569336,94.23500061035156,12766,0.0,0.0
2024-06-05 12:15:00-04:00,94.23500061035156,94.36499786376953,94.19999694824219,94.36000061035156,96712,0.0,0.0
2024-06-05 12:16:00-04:00,94.35749816894531,94.62000274658203,94.35749816894531,94.62000274658203,269380,0.0,0.0
2024-06-05 12:17:00-04:00,94.66500091552734,94.66999816894531,94.55000305175781,94.55999755859375,16669,0.0,0.0
2024-06-05 12:18:00-04:00,94.55999755859375,94.6050033569336,94.55000305175781,94.55999755859375,10137,0.0,0.0
2024-06-05 12:19:00-04:00,94.57499694824219,94.58899688720703,94.51000213623047,94.52999877929688,17798,0.0,0.0
2024-06-05 12:20:00-04:00,94.5199966430664,94.5199966430664,94.47000122070312,94.5,10185,0.0,0.0
2024-06-05 12:21:00-04:00,94.5199966430664,94.55000305175781,94.47000122070312,94.47000122070312,14360,0.0,0.0
2024-06-05 12:22:00-04:00,94.46499633789062,94.5,94.46499633789062,94.5,3472,0.0,0.0
2024-06-05 12:23:00-04:00,94.5,94.5199966430664,94.46499633789062,94.4800033569336,25049,0.0,0.0
2024-06-05 12:24:00-04:00,94.4749984741211,94.4749984741211,94.37000274658203,94.44000244140625,102447,0.0,0.0
2024-06-05 12:25:00-04:00,94.41999816894531,94.41999816894531,94.37999725341797,94.4000015258789,7676,0.0,0.0
2024-06-05 12:27:00-04:00,94.37000274658203,94.37000274658203,94.36000061035156,94.36000061035156,20763,0.0,0.0
2024-06-05 12:28:00-04:00,94.375,94.375,94.27999877929688,94.33000183105469,68792,0.0,0.0
2024-06-05 12:29:00-04:00,94.33000183105469,94.3499984741211,94.22000122070312,94.22000122070312,16821,0.0,0.0
2024-06-05 12:30:00-04:00,94.19999694824219,94.20999908447266,94.18000030517578,94.18000030517578,13674,0.0,0.0
2024-06-05 12:31:00-04:00,94.18000030517578,94.21499633789062,94.13999938964844,94.13999938964844,13730,0.0,0.0
2024-06-05 12:32:00-04:00,94.16000366210938,94.19999694824219,94.1500015258789,94.16000366210938,5746,0.0,0.0
2024-06-05 12:33:00-04:00,94.1500015258789,94.20999908447266,94.13999938964844,94.16000366210938,12077,0.0,0.0
2024-06-05 12:34:00-04:00,94.17500305175781,94.17500305175781,94.0999984741211,94.0999984741211,10853,0.0,0.0
2024-06-05 12:35:00-04:00,94.09500122070312,94.11000061035156,94.06999969482422,94.08000183105469,9104,0.0,0.0
2024-06-05 12:36:00-04:00,94.08999633789062,94.125,94.05000305175781,94.125,8217,0.0,0.0
2024-06-05 12:37:00-04:00,94.125,94.13999938964844,94.0999984741211,94.0999984741211,8012,0.0,0.0
2024-06-05 12:38:00-04:00,94.1050033569336,94.12000274658203,94.08000183105469,94.12000274658203,9392,0.0,0.0
2024-06-05 12:39:00-04:00,94.12000274658203,94.125,94.09500122070312,94.09500122070312,8280,0.0,0.0
2024-06-05 12:40:00-04:00,94.11499786376953,94.11499786376953,94.06999969482422,94.06999969482422,8197,0.0,0.0
2024-06-05 12:41:00-04:00,94.06999969482422,94.2249984741211,94.06999969482422,94.2249984741211,280558,0.0,0.0
2024-06-05 12:42:00-04:00,94.2300033569336,94.30999755859375,94.2300033569336,94.30500030517578,13576,0.0,0.0
2024-06-05 12:43:00-04:00,94.27999877929688,94.27999877929688,94.19999694824219,94.22000122070312,10298,0.0,0.0
2024-06-05 12:44:00-04:00,94.2249984741211,94.3499984741211,94.22000122070312,94.32499694824219,14268,0.0,0.0
2024-06-05 12:45:00-04:00,94.36000061035156,94.47000122070312,94.36000061035156,94.38999938964844,100315,0.0,0.0
2024-06-05 12:46:00-04:00,94.38500213623047,94.41999816894531,94.30000305175781,94.30000305175781,95326,0.0,0.0
2024-06-05 12:47:00-04:00,94.30000305175781,94.41000366210938,94.24030303955078,94.25,18660,0.0,0.0
2024-06-05 12:48:00-04:00,94.23999786376953,94.27999877929688,94.23999786376953,94.27999877929688,4878,0.0,0.0
2024-06-05 12:49:00-04:00,94.2750015258789,94.29000091552734,94.25,94.29000091552734,4762,0.0,0.0
2024-06-05 12:50:00-04:00,94.30500030517578,94.3949966430664,94.29000091552734,94.3949966430664,3847,0.0,0.0
2024-06-05 12:51:00-04:00,94.3949966430664,94.40499877929688,94.36000061035156,94.3949966430664,6391,0.0,0.0
2024-06-05 12:52:00-04:00,94.4000015258789,94.43000030517578,94.37999725341797,94.42500305175781,4535,0.0,0.0
2024-06-05 12:53:00-04:00,94.41999816894531,94.41999816894531,94.30000305175781,94.30999755859375,8856,0.0,0.0
2024-06-05 12:54:00-04:00,94.30999755859375,94.30999755859375,94.27999877929688,94.30000305175781,4970,0.0,0.0
2024-06-05 12:55:00-04:00,94.31500244140625,94.33000183105469,94.29000091552734,94.29000091552734,3810,0.0,0.0
2024-06-05 12:56:00-04:00,94.28500366210938,94.30000305175781,94.19999694824219,94.20999908447266,6034,0.0,0.0
2024-06-05 12:57:00-04:00,94.2300033569336,94.23999786376953,94.22000122070312,94.22000122070312,1001,0.0,0.0
2024-06-05 12:58:00-04:00,94.22000122070312,94.2699966430664,94.19999694824219,94.25,6231,0.0,0.0
2024-06-05 12:59:00-04:00,94.2699966430664,94.28500366210938,94.26000213623047,94.28500366210938,1524,0.0,0.0
2024-06-05 13:00:00-04:00,94.25,94.26000213623047,94.22000122070312,94.2300033569336,4735,0.0,0.0
2024-06-05 13:01:00-04:00,94.2699966430664,94.29000091552734,94.2699966430664,94.29000091552734,1505,0.0,0.0
2024-06-05 13:02:00-04:00,94.28500366210938,94.29000091552734,94.25,94.26000213623047,13086,0.0,0.0
2024-06-05 13:03:00-04:00,94.25499725341797,94.26000213623047,94.23999786376953,94.26000213623047,2064,0.0,0.0
2024-06-05 13:04:00-04:00,94.25499725341797,94.2699966430664,94.2249984741211,94.2300033569336,5208,0.0,0.0
2024-06-05 13:05:00-04:00,94.2300033569336,94.38999938964844,94.2300033569336,94.34500122070312,21598,0.0,0.0
2024-06-05 13:06:00-04:00,94.31999969482422,94.37999725341797,94.2699966430664,94.37999725341797,126692,0.0,0.0
2024-06-05 13:07:00-04:00,94.33000183105469,94.3499984741211,94.19999694824219,94.22000122070312,44413,0.0,0.0
2024-06-05 13:08:00-04:00,94.2249984741211,94.2249984741211,94.12000274658203,94.1500015258789,20438,0.0,0.0
2024-06-05 13:09:00-04:00,94.12999725341797,94.16999816894531,94.0999984741211,94.0999984741211,8114,0.0,0.0
2024-06-05 13:10:00-04:00,94.11000061035156,94.12000274658203,94.05999755859375,94.08000183105469,13345,0.0,0.0
2024-06-05 13:11:00-04:00,94.08000183105469,94.0999984741211,94.05000305175781,94.05000305175781,10472,0.0,0.0
2024-06-05 13:12:00-04:00,94.06999969482422,94.1500015258789,94.05999755859375,94.08000183105469,35530,0.0,0.0
2024-06-05 13:13:00-04:00,94.08000183105469,94.08000183105469,94.05999755859375,94.08000183105469,8610,0.0,0.0
2024-06-05 13:14:00-04:00,94.06999969482422,94.1698989868164,94.0199966430664,94.1698989868164,523596,0.0,0.0
2024-06-05 13:15:00-04:00,94.20500183105469,94.25,94.13999938964844,94.1500015258789,5758,0.0,0.0
2024-06-05 13:16:00-04:00,94.16000366210938,94.2300033569336,94.15499877929688,94.19499969482422,7837,0.0,0.0
2024-06-05 13:17:00-04:00,94.19999694824219,94.41999816894531,94.19999694824219,94.41999816894531,24552,0.0,0.0
2024-06-05 13:18:00-04:00,94.38999938964844,94.38999938964844,94.25,94.26000213623047,19077,0.0,0.0
2024-06-05 13:19:00-04:00,94.26000213623047,94.30000305175781,94.23999786376953,94.25,134658,0.0,0.0
2024-06-05 13:20:00-04:00,94.23999786376953,94.25499725341797,94.16500091552734,94.25499725341797,12709,0.0,0.0
2024-06-05 13:21:00-04:00,94.2300033569336,94.2300033569336,94.19000244140625,94.19000244140625,58130,0.0,0.0
2024-06-05 13:22:00-04:00,94.21009826660156,94.30000305175781,94.21009826660156,94.28500366210938,25671,0.0,0.0
2024-06-05 13:23:00-04:00,94.2699966430664,94.3550033569336,94.2699966430664,94.3499984741211,4805,0.0,0.0
2024-06-05 13:24:00-04:00,94.3550033569336,94.3550033569336,94.23999786376953,94.25499725341797,16652,0.0,0.0
2024-06-05 13:25:00-04:00,94.25499725341797,94.26000213623047,94.20999908447266,94.26000213623047,7384,0.0,0.0
2024-06-05 13:26:00-04:00,94.27999877929688,94.29499816894531,94.23999786376953,94.29499816894531,30274,0.0,0.0
2024-06-05 13:27:00-04:00,94.30500030517578,94.34500122070312,94.29000091552734,94.29000091552734,10690,0.0,0.0
2024-06-05 13:28:00-04:00,94.29499816894531,94.36000061035156,94.29000091552734,94.33999633789062,14710,0.0,0.0
2024-06-05 13:29:00-04:00,94.3499984741211,94.35250091552734,94.30999755859375,94.31999969482422,16769,0.0,0.0
2024-06-05 13:30:00-04:00,94.31500244140625,94.33000183105469,94.27999877929688,94.28500366210938,14359,0.0,0.0
2024-06-05 13:31:00-04:00,94.28500366210938,94.36000061035156,94.2699966430664,94.33000183105469,24196,0.0,0.0
2024-06-05 13:32:00-04:00,94.32499694824219,94.3550033569336,94.30999755859375,94.31999969482422,14469,0.0,0.0
2024-06-05 13:33:00-04:00,94.30999755859375,94.33000183105469,94.30999755859375,94.33000183105469,16557,0.0,0.0
2024-06-05 13:34:00-04:00,94.31999969482422,94.32499694824219,94.29000091552734,94.30249786376953,16769,0.0,0.0
2024-06-05 13:35:00-04:00,94.30999755859375,94.31999969482422,94.23999786376953,94.31999969482422,120200,0.0,0.0
2024-06-05 13:36:00-04:00,94.30999755859375,94.38999938964844,94.30999755859375,94.38999938964844,28752,0.0,0.0
2024-06-05 13:37:00-04:00,94.37999725341797,94.40499877929688,94.37999725341797,94.38999938964844,8079,0.0,0.0
2024-06-05 13:38:00-04:00,94.4000015258789,94.4000015258789,94.33000183105469,94.37000274658203,15290,0.0,0.0
2024-06-05 13:39:00-04:00,94.3499984741211,94.37000274658203,94.33999633789062,94.37000274658203,8281,0.0,0.0
2024-06-05 13:40:00-04:00,94.36000061035156,94.37999725341797,94.27999877929688,94.30000305175781,176272,0.0,0.0
2024-06-05 13:41:00-04:00,94.30000305175781,94.37999725341797,94.29000091552734,94.33999633789062,49856,0.0,0.0
2024-06-05 13:42:00-04:00,94.30999755859375,94.37000274658203,94.26000213623047,94.37000274658203,12064,0.0,0.0
2024-06-05 13:43:00-04:00,94.41999816894531,94.46499633789062,94.41000366210938,94.41999816894531,8245,0.0,0.0
2024-06-05 13:44:00-04:00,94.42500305175781,94.44000244140625,94.30000305175781,94.30999755859375,106543,0.0,0.0
2024-06-05 13:45:00-04:00,94.33000183105469,94.3499984741211,94.31500244140625,94.3499984741211,107909,0.0,0.0
2024-06-05 13:46:00-04:00,94.34500122070312,94.40499877929688,94.29000091552734,94.30000305175781,67438,0.0,0.0
2024-06-05 13:47:00-04:00,94.29000091552734,94.30999755859375,94.25,94.29000091552734,12891,0.0,0.0
2024-06-05 13:48:00-04:00,94.29519653320312,94.29519653320312,94.23999786376953,94.26499938964844,19524,0.0,0.0
2024-06-05 13:49:00-04:00,94.26499938964844,94.26499938964844,94.19999694824219,94.20999908447266,16495,0.0,0.0
2024-06-05 13:50:00-04:00,94.22000122070312,94.2300033569336,94.13999938964844,94.1500015258789,52152,0.0,0.0
2024-06-05 13:51:00-04:00,94.13999938964844,94.1500015258789,94.11000061035156,94.12999725341797,27100,0.0,0.0
2024-06-05 13:52:00-04:00,94.13999938964844,94.13999938964844,94.05999755859375,94.06999969482422,23731,0.0,0.0
2024-06-05 13:53:00-04:00,94.05999755859375,94.06999969482422,94.05999755859375,94.05999755859375,12075,0.0,0.0
2024-06-05 13:54:00-04:00,94.05999755859375,94.06999969482422,94.05999755859375,94.06999969482422,18941,0.0,0.0
2024-06-05 13:55:00-04:00,94.06999969482422,94.08000183105469,94.05999755859375,94.08000183105469,22748,0.0,0.0
2024-06-05 13:56:00-04:00,94.06999969482422,94.11000061035156,94.01499938964844,94.11000061035156,15369,0.0,0.0
2024-06-05 13:57:00-04:00,94.20999908447266,94.20999908447266,94.12000274658203,94.16000366210938,9559,0.0,0.0
2024-06-05 13:58:00-04:00,94.16000366210938,94.16000366210938,94.0999984741211,94.13999938964844,10002,0.0,0.0
2024-06-05 13:59:00-04:00,94.1500015258789,94.1500015258789,94.06999969482422,94.11000061035156,8150,0.0,0.0
2024-06-05 14:00:00-04:00,94.11000061035156,94.11000061035156,93.97000122070312,93.9800033569336,12160,0.0,0.0
2024-06-05 14:01:00-04:00,93.97000122070312,94.05000305175781,93.95999908447266,93.9800033569336,14509,0.0,0.0
2024-06-05 14:02:00-04:00,93.9749984741211,94.08000183105469,93.9749984741211,94.05999755859375,6315,0.0,0.0
2024-06-05 14:03:00-04:00,94.06500244140625,94.11930084228516,94.05000305175781,94.08999633789062,4095,0.0,0.0
2024-06-05 14:04:00-04:00,94.0999984741211,94.1500015258789,94.08999633789062,94.12999725341797,6042,0.0,0.0
2024-06-05 14:05:00-04:00,94.0999984741211,94.15499877929688,94.06999969482422,94.13999938964844,10451,0.0,0.0
2024-06-05 14:06:00-04:00,94.1500015258789,94.15499877929688,94.08000183105469,94.13999938964844,10764,0.0,0.0
2024-06-05 14:07:00-04:00,94.12999725341797,94.19999694824219,94.12999725341797,94.19499969482422,5234,0.0,0.0
2024-06-05 14:08:00-04:00,94.19999694824219,94.21499633789062,94.18000030517578,94.20500183105469,14009,0.0,0.0
2024-06-05 14:09:00-04:00,94.20500183105469,94.2300033569336,94.19999694824219,94.20500183105469,8041,0.0,0.0
2024-06-05 14:10:00-04:00,94.20500183105469,94.20500183105469,94.19000244140625,94.19000244140625,4299,0.0,0.0
2024-06-05 14:11:00-04:00,94.19999694824219,94.20500183105469,94.19999694824219,94.19999694824219,3773,0.0,0.0
2024-06-05 14:12:00-04:00,94.19000244140625,94.23999786376953,94.18000030517578,94.21499633789062,6663,0.0,0.0
2024-06-05 14:13:00-04:00,94.20999908447266,94.23500061035156,94.13999938964844,94.13999938964844,12026,0.0,0.0
2024-06-05 14:14:00-04:00,94.13999938964844,94.19000244140625,94.08999633789062,94.19000244140625,15262,0.0,0.0
2024-06-05 14:15:00-04:00,94.18000030517578,94.23500061035156,94.18000030517578,94.22000122070312,11936,0.0,0.0
2024-06-05 14:16:00-04:00,94.20999908447266,94.23999786376953,94.19999694824219,94.23999786376953,3083,0.0,0.0
2024-06-05 14:17:00-04:00,94.22959899902344,94.31999969482422,94.20999908447266,94.2699966430664,521800,0.0,0.0
2024-06-05 14:18:00-04:00,94.26000213623047,94.33499908447266,94.26000213623047,94.2699966430664,10294,0.0,0.0
2024-06-05 14:19:00-04:00,94.28500366210938,94.47219848632812,94.28500366210938,94.47219848632812,14520,0.0,0.0
2024-06-05 14:20:00-04:00,94.49500274658203,94.5199966430664,94.45999908447266,94.48500061035156,8892,0.0,0.0
2024-06-05 14:21:00-04:00,94.5,94.67990112304688,94.5,94.66999816894531,10649,0.0,0.0
2024-06-05 14:22:00-04:00,94.6707992553711,94.6707992553711,94.56999969482422,94.57499694824219,13287,0.0,0.0
2024-06-05 14:23:00-04:00,94.55999755859375,94.55999755859375,94.44999694824219,94.47000122070312,17429,0.0,0.0
2024-06-05 14:24:00-04:00,94.5,94.54000091552734,94.48999786376953,94.49500274658203,17865,0.0,0.0
2024-06-05 14:25:00-04:00,94.5,94.56500244140625,94.49500274658203,94.55000305175781,9592,0.0,0.0
2024-06-05 14:26:00-04:00,94.56999969482422,94.72000122070312,94.56999969482422,94.72000122070312,4992,0.0,0.0
2024-06-05 14:27:00-04:00,94.7300033569336,94.7699966430664,94.68479919433594,94.73999786376953,15033,0.0,0.0
2024-06-05 14:28:00-04:00,94.72000122070312,94.72000122070312,94.5999984741211,94.62000274658203,11777,0.0,0.0
2024-06-05 14:29:00-04:00,94.62999725341797,94.69499969482422,94.62999725341797,94.66999816894531,6424,0.0,0.0
2024-06-05 14:30:00-04:00,94.66000366210938,94.66000366210938,94.30000305175781,94.36499786376953,226182,0.0,0.0
2024-06-05 14:31:00-04:00,94.36000061035156,94.54000091552734,94.27999877929688,94.29000091552734,53059,0.0,0.0
2024-06-05 14:32:00-04:00,94.29000091552734,94.30500030517578,94.29000091552734,94.30500030517578,40555,0.0,0.0
2024-06-05 14:33:00-04:00,94.30000305175781,94.43000030517578,94.30000305175781,94.30000305175781,56396,0.0,0.0
2024-06-05 14:34:00-04:00,94.30000305175781,94.32499694824219,94.29000091552734,94.30000305175781,73561,0.0,0.0
2024-06-05 14:35:00-04:00,94.30000305175781,94.31500244140625,94.30000305175781,94.30249786376953,64146,0.0,0.0
2024-06-05 14:36:00-04:00,94.31999969482422,94.41500091552734,94.31999969482422,94.4000015258789,30460,0.0,0.0
2024-06-05 14:37:00-04:00,94.4000015258789,94.41000366210938,94.30999755859375,94.34500122070312,96034,0.0,0.0
2024-06-05 14:38:00-04:00,94.3499984741211,94.41500091552734,94.33999633789062,94.4000015258789,206764,0.0,0.0
2024-06-05 14:39:00-04:00,94.38999938964844,94.41000366210938,94.3499984741211,94.37000274658203,30817,0.0,0.0
2024-06-05 14:40:00-04:00,94.37999725341797,94.40499877929688,94.37000274658203,94.38999938964844,11029,0.0,0.0
2024-06-05 14:41:00-04:00,94.38999938964844,94.40249633789062,94.37000274658203,94.4000015258789,12463,0.0,0.0
2024-06-05 14:42:00-04:00,94.39859771728516,94.40499877929688,94.37000274658203,94.37999725341797,16311,0.0,0.0
2024-06-05 14:43:00-04:00,94.37999725341797,94.40499877929688,94.3499984741211,94.38500213623047,12601,0.0,0.0
2024-06-05 14:44:00-04:00,94.4000015258789,94.48750305175781,94.38999938964844,94.4000015258789,24688,0.0,0.0
2024-06-05 14:45:00-04:00,94.4000015258789,94.5,94.3499984741211,94.44999694824219,35300,0.0,0.0
2024-06-05 14:46:00-04:00,94.48999786376953,94.61000061035156,94.48999786376953,94.56999969482422,8286,0.0,0.0
2024-06-05 14:47:00-04:00,94.56999969482422,94.625,94.55999755859375,94.61000061035156,7615,0.0,0.0
2024-06-05 14:48:00-04:00,94.58999633789062,94.62000274658203,94.48999786376953,94.5199966430664,14646,0.0,0.0
2024-06-05 14:49:00-04:00,94.54000091552734,94.55000305175781,94.5,94.5199966430664,5409,0.0,0.0
2024-06-05 14:50:00-04:00,94.55000305175781,94.62000274658203,94.54000091552734,94.58999633789062,11847,0.0,0.0
2024-06-05 14:51:00-04:00,94.61000061035156,94.78500366210938,94.61000061035156,94.76000213623047,8370,0.0,0.0
2024-06-05 14:52:00-04:00,94.80000305175781,94.84500122070312,94.77999877929688,94.84500122070312,6419,0.0,0.0
2024-06-05 14:53:00-04:00,94.8499984741211,94.9000015258789,94.73799896240234,94.7699966430664,39270,0.0,0.0
2024-06-05 14:54:00-04:00,94.79499816894531,94.80000305175781,94.76000213623047,94.76000213623047,64305,0.0,0.0
2024-06-05 14:55:00-04:00,94.79000091552734,94.9749984741211,94.76000213623047,94.97000122070312,28978,0.0,0.0
2024-06-05 14:56:00-04:00,94.98500061035156,94.98500061035156,94.87000274658203,94.87000274658203,16565,0.0,0.0
2024-06-05 14:57:00-04:00,94.87000274658203,94.9000015258789,94.81999969482422,94.81999969482422,42280,0.0,0.0
2024-06-05 14:58:00-04:00,94.80999755859375,94.9000015258789,94.73999786376953,94.875,162892,0.0,0.0
2024-06-05 14:59:00-04:00,94.87999725341797,94.91999816894531,94.80000305175781,94.80000305175781,12620,0.0,0.0
2024-06-05 15:00:00-04:00,94.7699966430664,94.83000183105469,94.75,94.79010009765625,16993,0.0,0.0
2024-06-05 15:01:00-04:00,94.80500030517578,94.80500030517578,94.73999786376953,94.75749969482422,18616,0.0,0.0
2024-06-05 15:02:00-04:00,94.76000213623047,94.76000213623047,94.67500305175781,94.68000030517578,16601,0.0,0.0
2024-06-05 15:03:00-04:00,94.68000030517578,94.69499969482422,94.62000274658203,94.625,28982,0.0,0.0
2024-06-05 15:04:00-04:00,94.62249755859375,94.62249755859375,94.47000122070312,94.5,102752,0.0,0.0
2024-06-05 15:05:00-04:00,94.5,94.51000213623047,94.48999786376953,94.5,26251,0.0,0.0
2024-06-05 15:06:00-04:00,94.5,94.51000213623047,94.48999786376953,94.5,16761,0.0,0.0
2024-06-05 15:07:00-04:00,94.5,94.5,94.44999694824219,94.47000122070312,7064,0.0,0.0
2024-06-05 15:08:00-04:00,94.46499633789062,94.50499725341797,94.44499969482422,94.44999694824219,27925,0.0,0.0
2024-06-05 15:09:00-04:00,94.44000244140625,94.44999694824219,94.41000366210938,94.44000244140625,7672,0.0,0.0
2024-06-05 15:10:00-04:00,94.45999908447266,94.47000122070312,94.44000244140625,94.45999908447266,8630,0.0,0.0
2024-06-05 15:11:00-04:00,94.44999694824219,94.4800033569336,94.44999694824219,94.45850372314453,9140,0.0,0.0
2024-06-05 15:12:00-04:00,94.45999908447266,94.45999908447266,94.41000366210938,94.41999816894531,11978,0.0,0.0
2024-06-05 15:13:00-04:00,94.41999816894531,94.4800033569336,94.4000015258789,94.44999694824219,9455,0.0,0.0
2024-06-05 15:14:00-04:00,94.44999694824219,94.52999877929688,94.44999694824219,94.5,10121,0.0,0.0
2024-06-05 15:15:00-04:00,94.5,94.5,94.44000244140625,94.44000244140625,8944,0.0,0.0
2024-06-05 15:16:00-04:00,94.44999694824219,94.55000305175781,94.43000030517578,94.5,23719,0.0,0.0
2024-06-05 15:17:00-04:00,94.5199966430664,94.70999908447266,94.5199966430664,94.70999908447266,15695,0.0,0.0
2024-06-05 15:18:00-04:00,94.71499633789062,94.74500274658203,94.6500015258789,94.70269775390625,11324,0.0,0.0
2024-06-05 15:19:00-04:00,94.7249984741211,94.7249984741211,94.61000061035156,94.69000244140625,15922,0.0,0.0
2024-06-05 15:20:00-04:00,94.69000244140625,94.69000244140625,94.4800033569336,94.5,53867,0.0,0.0
2024-06-05 15:21:00-04:00,94.5,94.5199966430664,94.5,94.5,105198,0.0,0.0
2024-06-05 15:22:00-04:00,94.50250244140625,94.51499938964844,94.48500061035156,94.5,53106,0.0,0.0
2024-06-05 15:23:00-04:00,94.5,94.5,94.36000061035156,94.4000015258789,45543,0.0,0.0
2024-06-05 15:24:00-04:00,94.4000015258789,94.47000122070312,94.3949966430664,94.47000122070312,12731,0.0,0.0
2024-06-05 15:25:00-04:00,94.47000122070312,94.4800033569336,94.37999725341797,94.38500213623047,25213,0.0,0.0
2024-06-05 15:26:00-04:00,94.4000015258789,94.41000366210938,94.30999755859375,94.38500213623047,10376,0.0,0.0
2024-06-05 15:27:00-04:00,94.37000274658203,94.37000274658203,94.30000305175781,94.31999969482422,9288,0.0,0.0
2024-06-05 15:28:00-04:00,94.33000183105469,94.33000183105469,94.19999694824219,94.2300033569336,141953,0.0,0.0
2024-06-05 15:29:00-04:00,94.25,94.41999816894531,94.23999786376953,94.37000274658203,56669,0.0,0.0
2024-06-05 15:30:00-04:00,94.4000015258789,94.44000244140625,94.33999633789062,94.41000366210938,37480,0.0,0.0
2024-06-05 15:31:00-04:00,94.41500091552734,94.47000122070312,94.41000366210938,94.45999908447266,26497,0.0,0.0
2024-06-05 15:32:00-04:00,94.45999908447266,94.45999908447266,94.30999755859375,94.30999755859375,19480,0.0,0.0
2024-06-05 15:33:00-04:00,94.30000305175781,94.31999969482422,94.27999877929688,94.31999969482422,7571,0.0,0.0
2024-06-05 15:34:00-04:00,94.33999633789062,94.4000015258789,94.33999633789062,94.4000015258789,7271,0.0,0.0
2024-06-05 15:35:00-04:00,94.40499877929688,94.44999694824219,94.4000015258789,94.43000030517578,24699,0.0,0.0
2024-06-05 15:36:00-04:00,94.44499969482422,94.4800033569336,94.41999816894531,94.44999694824219,84698,0.0,0.0
2024-06-05 15:37:00-04:00,94.5,94.61000061035156,94.48999786376953,94.53500366210938,11893,0.0,0.0
2024-06-05 15:38:00-04:00,94.55000305175781,94.56500244140625,94.5,94.5,16416,0.0,0.0
2024-06-05 15:39:00-04:00,94.5199966430664,94.62000274658203,94.5199966430664,94.62000274658203,30956,0.0,0.0
2024-06-05 15:40:00-04:00,94.61000061035156,94.6500015258789,94.56999969482422,94.62999725341797,37733,0.0,0.0
2024-06-05 15:41:00-04:00,94.62000274658203,94.62999725341797,94.58999633789062,94.61000061035156,15497,0.0,0.0
2024-06-05 15:42:00-04:00,94.625,94.63999938964844,94.58999633789062,94.625,18651,0.0,0.0
2024-06-05 15:43:00-04:00,94.62000274658203,94.66999816894531,94.58000183105469,94.66999816894531,43471,0.0,0.0
2024-06-05 15:44:00-04:00,94.66999816894531,94.75,94.63999938964844,94.63999938964844,32039,0.0,0.0
2024-06-05 15:45:00-04:00,94.62999725341797,94.70500183105469,94.62999725341797,94.69999694824219,138843,0.0,0.0
2024-06-05 15:46:00-04:00,94.69999694824219,94.80500030517578,94.68000030517578,94.72000122070312,59666,0.0,0.0
2024-06-05 15:47:00-04:00,94.71499633789062,94.7300033569336,94.5999984741211,94.5999984741211,61676,0.0,0.0
2024-06-05 15:48:00-04:00,94.61000061035156,94.6500015258789,94.51000213623047,94.5199966430664,27706,0.0,0.0
2024-06-05 15:49:00-04:00,94.5,94.52999877929688,94.44000244140625,94.47000122070312,59651,0.0,0.0
2024-06-05 15:50:00-04:00,94.48999786376953,94.54000091552734,94.45999908447266,94.46499633789062,77489,0.0,0.0
2024-06-05 15:51:00-04:00,94.45999908447266,94.5199966430664,94.45999908447266,94.5,43820,0.0,0.0
2024-06-05 15:52:00-04:00,94.50499725341797,94.54000091552734,94.44999694824219,94.52999877929688,38132,0.0,0.0
2024-06-05 15:53:00-04:00,94.52999877929688,94.55999755859375,94.45999908447266,94.5,50985,0.0,0.0
2024-06-05 15:54:00-04:00,94.5,94.62000274658203,94.30999755859375,94.31999969482422,178053,0.0,0.0
2024-06-05 15:55:00-04:00,94.30999755859375,94.43000030517578,94.23999786376953,94.29000091552734,227065,0.0,0.0
2024-06-05 15:56:00-04:00,94.29000091552734,94.30999755859375,94.2699966430664,94.27999877929688,169747,0.0,0.0
2024-06-05 15:57:00-04:00,94.2699966430664,94.30999755859375,94.26499938964844,94.29000091552734,226245,0.0,0.0
2024-06-05 15:58:00-04:00,94.29000091552734,94.31800079345703,94.27999877929688,94.28500366210938,294783,0.0,0.0
2024-06-05 15:59:00-04:00,94.28500366210938,94.30000305175781,94.2699966430664,94.29000091552734,532908,0.0,0.0
2024-06-06 09:30:00-04:00,93.37999725341797,93.45500183105469,93.0,93.30999755859375,144738,0.0,0.0
2024-06-06 09:31:00-04:00,93.33000183105469,93.41000366210938,93.1500015258789,93.1500015258789,21223,0.0,0.0
2024-06-06 09:32:00-04:00,92.9800033569336,93.37999725341797,92.9800033569336,93.37999725341797,6656,0.0,0.0
2024-06-06 09:33:00-04:00,93.2699966430664,93.36000061035156,92.95999908447266,93.05999755859375,5235,0.0,0.0
2024-06-06 09:34:00-04:00,93.13999938964844,93.2300033569336,93.02999877929688,93.07990264892578,8389,0.0,0.0
2024-06-06 09:35:00-04:00,93.02999877929688,93.19999694824219,92.96499633789062,93.0250015258789,16498,0.0,0.0
2024-06-06 09:36:00-04:00,92.97000122070312,93.20500183105469,92.97000122070312,93.18000030517578,7130,0.0,0.0
2024-06-06 09:37:00-04:00,93.18000030517578,93.2699966430664,93.1500015258789,93.16000366210938,10410,0.0,0.0
2024-06-06 09:38:00-04:00,93.2300033569336,93.34850311279297,93.18000030517578,93.18000030517578,6844,0.0,0.0
2024-06-06 09:39:00-04:00,93.19000244140625,93.25,93.02999877929688,93.19000244140625,10228,0.0,0.0
2024-06-06 09:40:00-04:00,93.2249984741211,93.2699966430664,93.05000305175781,93.16000366210938,8384,0.0,0.0
2024-06-06 09:41:00-04:00,93.21499633789062,93.3499984741211,93.0,93.04000091552734,10966,0.0,0.0
2024-06-06 09:42:00-04:00,93.02999877929688,93.0999984741211,93.01000213623047,93.08999633789062,8434,0.0,0.0
2024-06-06 09:43:00-04:00,93.11000061035156,93.2300033569336,93.02999877929688,93.08000183105469,13454,0.0,0.0
2024-06-06 09:44:00-04:00,93.02999877929688,93.0999984741211,92.95999908447266,93.05000305175781,5549,0.0,0.0
2024-06-06 09:45:00-04:00,93.0199966430664,93.04499816894531,92.88050079345703,92.9000015258789,10372,0.0,0.0
2024-06-06 09:46:00-04:00,92.9000015258789,93.00499725341797,92.83999633789062,92.94000244140625,11393,0.0,0.0
2024-06-06 09:47:00-04:00,92.9000015258789,93.06500244140625,92.9000015258789,92.99500274658203,10406,0.0,0.0
2024-06-06 09:48:00-04:00,92.99500274658203,93.04499816894531,92.94999694824219,93.0,5972,0.0,0.0
2024-06-06 09:49:00-04:00,93.0,93.11499786376953,92.98999786376953,93.08609771728516,9883,0.0,0.0
2024-06-06 09:50:00-04:00,93.09500122070312,93.1050033569336,92.98999786376953,93.04000091552734,9501,0.0,0.0
2024-06-06 09:51:00-04:00,93.03500366210938,93.05999755859375,92.95999908447266,93.0250015258789,4821,0.0,0.0
2024-06-06 09:52:00-04:00,93.08999633789062,93.36000061035156,93.08999633789062,93.27999877929688,7211,0.0,0.0
2024-06-06 09:53:00-04:00,93.2699966430664,93.4000015258789,93.2300033569336,93.33999633789062,10633,0.0,0.0
2024-06-06 09:54:00-04:00,93.37000274658203,93.55999755859375,93.37000274658203,93.4800033569336,11267,0.0,0.0
2024-06-06 09:55:00-04:00,93.45999908447266,93.51000213623047,93.41500091552734,93.41500091552734,12071,0.0,0.0
2024-06-06 09:56:00-04:00,93.4000015258789,93.43000030517578,93.22000122070312,93.23989868164062,14953,0.0,0.0
2024-06-06 09:57:00-04:00,93.19499969482422,93.26000213623047,93.13999938964844,93.26000213623047,8466,0.0,0.0
2024-06-06 09:58:00-04:00,93.2750015258789,93.30999755859375,93.12999725341797,93.17500305175781,23282,0.0,0.0
2024-06-06 09:59:00-04:00,93.1500015258789,93.20999908447266,93.06999969482422,93.06999969482422,13576,0.0,0.0
2024-06-06 10:00:00-04:00,93.16999816894531,93.33999633789062,93.0999984741211,93.33999633789062,31335,0.0,0.0
2024-06-06 10:01:00-04:00,93.33999633789062,93.3499984741211,93.22000122070312,93.26499938964844,11488,0.0,0.0
2024-06-06 10:02:00-04:00,93.23500061035156,93.27999877929688,93.18000030517578,93.2699966430664,14352,0.0,0.0
2024-06-06 10:03:00-04:00,93.27999877929688,93.45500183105469,93.25,93.44000244140625,8009,0.0,0.0
2024-06-06 10:04:00-04:00,93.44999694824219,93.44999694824219,93.21050262451172,93.21499633789062,12757,0.0,0.0
2024-06-06 10:05:00-04:00,93.19999694824219,93.19999694824219,93.0999984741211,93.12999725341797,10812,0.0,0.0
2024-06-06 10:06:00-04:00,93.13999938964844,93.18000030517578,93.0999984741211,93.18000030517578,6721,0.0,0.0
2024-06-06 10:07:00-04:00,93.16000366210938,93.20999908447266,93.13999938964844,93.13999938964844,4343,0.0,0.0
2024-06-06 10:08:00-04:00,93.19000244140625,93.30000305175781,93.19000244140625,93.30000305175781,5577,0.0,0.0
2024-06-06 10:09:00-04:00,93.34500122070312,93.36000061035156,93.20999908447266,93.20999908447266,9846,0.0,0.0
2024-06-06 10:10:00-04:00,93.23999786376953,93.23999786376953,93.12999725341797,93.18000030517578,11131,0.0,0.0
2024-06-06 10:11:00-04:00,93.18000030517578,93.19499969482422,93.02050018310547,93.02050018310547,12013,0.0,0.0
2024-06-06 10:12:00-04:00,93.05999755859375,93.06999969482422,92.91000366210938,92.91000366210938,10424,0.0,0.0
2024-06-06 10:13:00-04:00,92.92500305175781,92.97000122070312,92.83999633789062,92.97000122070312,15640,0.0,0.0
2024-06-06 10:14:00-04:00,92.9800033569336,93.05999755859375,92.91999816894531,92.91999816894531,14149,0.0,0.0
2024-06-06 10:15:00-04:00,92.9800033569336,93.05999755859375,92.97000122070312,92.97000122070312,12868,0.0,0.0
2024-06-06 10:16:00-04:00,92.97000122070312,92.97000122070312,92.7750015258789,92.7750015258789,19751,0.0,0.0
2024-06-06 10:17:00-04:00,92.7699966430664,92.79000091552734,92.69000244140625,92.79000091552734,20179,0.0,0.0
2024-06-06 10:18:00-04:00,92.80000305175781,92.81999969482422,92.76000213623047,92.81999969482422,5593,0.0,0.0
2024-06-06 10:19:00-04:00,92.82499694824219,92.8499984741211,92.80000305175781,92.83999633789062,6982,0.0,0.0
2024-06-06 10:20:00-04:00,92.83499908447266,92.8499984741211,92.76000213623047,92.80000305175781,7915,0.0,0.0
2024-06-06 10:21:00-04:00,92.79000091552734,92.81999969482422,92.7699966430664,92.81999969482422,5999,0.0,0.0
2024-06-06 10:22:00-04:00,92.87000274658203,92.9800033569336,92.87000274658203,92.9800033569336,4453,0.0,0.0
2024-06-06 10:23:00-04:00,92.9800033569336,93.04000091552734,92.97000122070312,93.0199966430664,9571,0.0,0.0
2024-06-06 10:24:00-04:00,93.04499816894531,93.05000305175781,92.98999786376953,93.0199966430664,3812,0.0,0.0
2024-06-06 10:25:00-04:00,93.0199966430664,93.0199966430664,92.94000244140625,93.01000213623047,7751,0.0,0.0
2024-06-06 10:26:00-04:00,93.0199966430664,93.05999755859375,92.93000030517578,92.93000030517578,7102,0.0,0.0
2024-06-06 10:27:00-04:00,92.88500213623047,92.99500274658203,92.87000274658203,92.9800033569336,3752,0.0,0.0
2024-06-06 10:28:00-04:00,93.0,93.08000183105469,93.0,93.07499694824219,5073,0.0,0.0
2024-06-06 10:29:00-04:00,93.0999984741211,93.18250274658203,93.08999633789062,93.18250274658203,12861,0.0,0.0
2024-06-06 10:30:00-04:00,93.16000366210938,93.19000244140625,93.12999725341797,93.17500305175781,16603,0.0,0.0
2024-06-06 10:31:00-04:00,93.18000030517578,93.23999786376953,93.18000030517578,93.20999908447266,12242,0.0,0.0
2024-06-06 10:32:00-04:00,93.23500061035156,93.30999755859375,93.23500061035156,93.2699966430664,11363,0.0,0.0
2024-06-06 10:33:00-04:00,93.2699966430664,93.34500122070312,93.2300033569336,93.34500122070312,7437,0.0,0.0
2024-06-06 10:34:00-04:00,93.33999633789062,93.3499984741211,93.29000091552734,93.31999969482422,10139,0.0,0.0
2024-06-06 10:35:00-04:00,93.34500122070312,93.45999908447266,93.34500122070312,93.44999694824219,9972,0.0,0.0
2024-06-06 10:36:00-04:00,93.46499633789062,93.56999969482422,93.46499633789062,93.51000213623047,8110,0.0,0.0
2024-06-06 10:37:00-04:00,93.51000213623047,93.51000213623047,93.44999694824219,93.48999786376953,7027,0.0,0.0
2024-06-06 10:38:00-04:00,93.48999786376953,93.51000213623047,93.41000366210938,93.48999786376953,6097,0.0,0.0
2024-06-06 10:39:00-04:00,93.4800033569336,93.48500061035156,93.45999908447266,93.4749984741211,6030,0.0,0.0
2024-06-06 10:40:00-04:00,93.45999908447266,93.45999908447266,93.26000213623047,93.29000091552734,72326,0.0,0.0
2024-06-06 10:41:00-04:00,93.29000091552734,93.30999755859375,93.11000061035156,93.125,33750,0.0,0.0
2024-06-06 10:42:00-04:00,93.13500213623047,93.16999816894531,93.0999984741211,93.11000061035156,10195,0.0,0.0
2024-06-06 10:43:00-04:00,93.0999984741211,93.0999984741211,93.05999755859375,93.08999633789062,8931,0.0,0.0
2024-06-06 10:44:00-04:00,93.08499908447266,93.11000061035156,93.05000305175781,93.08000183105469,6365,0.0,0.0
2024-06-06 10:45:00-04:00,93.05999755859375,93.08999633789062,92.9800033569336,92.9800033569336,9472,0.0,0.0
2024-06-06 10:46:00-04:00,92.9800033569336,93.1500015258789,92.96499633789062,93.1500015258789,8372,0.0,0.0
2024-06-06 10:47:00-04:00,93.13999938964844,93.1500015258789,93.05999755859375,93.07499694824219,5134,0.0,0.0
2024-06-06 10:48:00-04:00,93.0999984741211,93.1449966430664,93.09500122070312,93.13999938964844,7417,0.0,0.0
2024-06-06 10:49:00-04:00,93.16000366210938,93.16000366210938,93.12000274658203,93.12000274658203,4692,0.0,0.0
2024-06-06 10:50:00-04:00,93.12750244140625,93.12750244140625,93.08999633789062,93.11000061035156,4279,0.0,0.0
2024-06-06 10:51:00-04:00,93.11499786376953,93.11499786376953,93.02999877929688,93.02999877929688,7304,0.0,0.0
2024-06-06 10:52:00-04:00,93.02999877929688,93.04000091552734,93.0,93.04000091552734,5460,0.0,0.0
2024-06-06 10:53:00-04:00,93.06999969482422,93.06999969482422,92.98999786376953,92.98999786376953,5223,0.0,0.0
2024-06-06 10:54:00-04:00,92.99500274658203,93.08999633789062,92.99500274658203,93.08999633789062,5937,0.0,0.0
2024-06-06 10:55:00-04:00,93.06999969482422,93.11000061035156,92.94999694824219,92.9749984741211,9235,0.0,0.0
2024-06-06 10:56:00-04:00,92.94999694824219,92.98999786376953,92.94999694824219,92.9800033569336,6298,0.0,0.0
2024-06-06 10:57:00-04:00,92.97000122070312,92.9800033569336,92.91999816894531,92.9800033569336,10435,0.0,0.0
2024-06-06 10:58:00-04:00,92.94499969482422,92.94499969482422,92.87999725341797,92.9000015258789,7983,0.0,0.0
2024-06-06 10:59:00-04:00,92.8949966430664,92.94000244140625,92.87000274658203,92.91500091552734,7134,0.0,0.0
2024-06-06 11:00:00-04:00,92.87000274658203,92.95999908447266,92.87000274658203,92.90499877929688,6946,0.0,0.0
2024-06-06 11:01:00-04:00,92.87000274658203,92.91000366210938,92.86000061035156,92.87000274658203,6268,0.0,0.0
2024-06-06 11:02:00-04:00,92.875,93.02999877929688,92.87000274658203,93.0199966430664,7761,0.0,0.0
2024-06-06 11:03:00-04:00,93.04000091552734,93.04000091552734,92.94999694824219,92.95999908447266,5533,0.0,0.0
2024-06-06 11:04:00-04:00,92.95500183105469,92.95999908447266,92.91000366210938,92.91999816894531,3318,0.0,0.0
2024-06-06 11:05:00-04:00,92.91999816894531,92.95999908447266,92.88500213623047,92.94000244140625,8743,0.0,0.0
2024-06-06 11:06:00-04:00,92.93000030517578,92.95500183105469,92.88999938964844,92.94999694824219,5881,0.0,0.0
2024-06-06 11:07:00-04:00,92.95999908447266,92.99500274658203,92.91999816894531,92.94999694824219,4641,0.0,0.0
2024-06-06 11:08:00-04:00,92.97000122070312,93.0199966430664,92.95999908447266,92.9749984741211,8156,0.0,0.0
2024-06-06 11:09:00-04:00,92.9800033569336,92.9800033569336,92.91000366210938,92.91999816894531,6608,0.0,0.0
2024-06-06 11:10:00-04:00,92.91999816894531,92.98999786376953,92.91999816894531,92.97000122070312,5005,0.0,0.0
2024-06-06 11:11:00-04:00,92.9800033569336,92.9800033569336,92.9000015258789,92.9000015258789,4164,0.0,0.0
2024-06-06 11:12:00-04:00,92.9000015258789,92.9000015258789,92.87000274658203,92.87000274658203,947,0.0,0.0
2024-06-06 11:13:00-04:00,92.8499984741211,92.91000366210938,92.8499984741211,92.91000366210938,11724,0.0,0.0
2024-06-06 11:14:00-04:00,92.93000030517578,92.94499969482422,92.9000015258789,92.94499969482422,11791,0.0,0.0
2024-06-06 11:15:00-04:00,92.95999908447266,92.95999908447266,92.8499984741211,92.87000274658203,29816,0.0,0.0
2024-06-06 11:16:00-04:00,92.8499984741211,92.93000030517578,92.8499984741211,92.91000366210938,4575,0.0,0.0
2024-06-06 11:17:00-04:00,92.91999816894531,92.91999816894531,92.87999725341797,92.87999725341797,4189,0.0,0.0
2024-06-06 11:18:00-04:00,92.86000061035156,92.88999938964844,92.86000061035156,92.87000274658203,7115,0.0,0.0
2024-06-06 11:19:00-04:00,92.87000274658203,92.94999694824219,92.86000061035156,92.94999694824219,5317,0.0,0.0
2024-06-06 11:20:00-04:00,92.96499633789062,92.97000122070312,92.93000030517578,92.97000122070312,6932,0.0,0.0
2024-06-06 11:21:00-04:00,92.97000122070312,93.05000305175781,92.97000122070312,93.05000305175781,4623,0.0,0.0
2024-06-06 11:22:00-04:00,93.05000305175781,93.05000305175781,92.94499969482422,92.94499969482422,11162,0.0,0.0
2024-06-06 11:23:00-04:00,92.93499755859375,92.97000122070312,92.91000366210938,92.91999816894531,12454,0.0,0.0
2024-06-06 11:24:00-04:00,92.91000366210938,92.94499969482422,92.88999938964844,92.91999816894531,4320,0.0,0.0
2024-06-06 11:25:00-04:00,92.91000366210938,92.95500183105469,92.88999938964844,92.91999816894531,8243,0.0,0.0
2024-06-06 11:26:00-04:00,92.94000244140625,92.9800033569336,92.8499984741211,92.86000061035156,12268,0.0,0.0
2024-06-06 11:27:00-04:00,92.86499786376953,93.0,92.86499786376953,92.9800033569336,5040,0.0,0.0
2024-06-06 11:28:00-04:00,92.97000122070312,93.02999877929688,92.97000122070312,93.02999877929688,3273,0.0,0.0
2024-06-06 11:29:00-04:00,93.0199966430664,93.04000091552734,92.97000122070312,92.97000122070312,6610,0.0,0.0
2024-06-06 11:30:00-04:00,92.95999908447266,92.95999908447266,92.87000274658203,92.91999816894531,5744,0.0,0.0
2024-06-06 11:31:00-04:00,92.93000030517578,93.0199966430664,92.93000030517578,92.98999786376953,5633,0.0,0.0
2024-06-06 11:32:00-04:00,93.0,93.0,92.93000030517578,92.94000244140625,4638,0.0,0.0
2024-06-06 11:33:00-04:00,92.93000030517578,92.95999908447266,92.9000015258789,92.95999908447266,5640,0.0,0.0
2024-06-06 11:34:00-04:00,92.94999694824219,92.94999694824219,92.91000366210938,92.91999816894531,4656,0.0,0.0
2024-06-06 11:35:00-04:00,92.91000366210938,92.91999816894531,92.9000015258789,92.90950012207031,3116,0.0,0.0
2024-06-06 11:36:00-04:00,92.9000015258789,92.94000244140625,92.9000015258789,92.9000015258789,5656,0.0,0.0
2024-06-06 11:37:00-04:00,92.88999938964844,92.98999786376953,92.88999938964844,92.98999786376953,6953,0.0,0.0
2024-06-06 11:38:00-04:00,93.01000213623047,93.02999877929688,92.98999786376953,93.0,5777,0.0,0.0
2024-06-06 11:39:00-04:00,92.99500274658203,93.0199966430664,92.9800033569336,93.0,4571,0.0,0.0
2024-06-06 11:40:00-04:00,93.01000213623047,93.02999877929688,92.98999786376953,93.0199966430664,2535,0.0,0.0
2024-06-06 11:41:00-04:00,93.02999877929688,93.12999725341797,93.02999877929688,93.05500030517578,11747,0.0,0.0
2024-06-06 11:42:00-04:00,93.05999755859375,93.05999755859375,92.94999694824219,92.97000122070312,7174,0.0,0.0
2024-06-06 11:43:00-04:00,92.97000122070312,92.98999786376953,92.94000244140625,92.94000244140625,2132,0.0,0.0
2024-06-06 11:44:00-04:00,92.94000244140625,92.94999694824219,92.91999816894531,92.94999694824219,4847,0.0,0.0
2024-06-06 11:45:00-04:00,92.94999694824219,93.0199966430664,92.94000244140625,93.01000213623047,5574,0.0,0.0
2024-06-06 11:46:00-04:00,93.0199966430664,93.04000091552734,92.99500274658203,93.0,8709,0.0,0.0
2024-06-06 11:47:00-04:00,93.01499938964844,93.08000183105469,93.01000213623047,93.05999755859375,7201,0.0,0.0
2024-06-06 11:48:00-04:00,93.05000305175781,93.05000305175781,92.98320007324219,92.98320007324219,5222,0.0,0.0
2024-06-06 11:49:00-04:00,92.97000122070312,93.04000091552734,92.97000122070312,93.0199966430664,4748,0.0,0.0
2024-06-06 11:50:00-04:00,93.02999877929688,93.11000061035156,93.02999877929688,93.08000183105469,11812,0.0,0.0
2024-06-06 11:51:00-04:00,93.06999969482422,93.12000274658203,93.06999969482422,93.12000274658203,4691,0.0,0.0
2024-06-06 11:52:00-04:00,93.12000274658203,93.18000030517578,93.11000061035156,93.12999725341797,6631,0.0,0.0
2024-06-06 11:53:00-04:00,93.12000274658203,93.12000274658203,93.06500244140625,93.11000061035156,8525,0.0,0.0
2024-06-06 11:54:00-04:00,93.11000061035156,93.16000366210938,93.11000061035156,93.12999725341797,3220,0.0,0.0
2024-06-06 11:55:00-04:00,93.12000274658203,93.12999725341797,93.08999633789062,93.1050033569336,5234,0.0,0.0
2024-06-06 11:56:00-04:00,93.08000183105469,93.08999633789062,93.04000091552734,93.08999633789062,5091,0.0,0.0
2024-06-06 11:57:00-04:00,93.09500122070312,93.1500015258789,93.08999633789062,93.1500015258789,4875,0.0,0.0
2024-06-06 11:58:00-04:00,93.16000366210938,93.16999816894531,93.13999938964844,93.15499877929688,5163,0.0,0.0
2024-06-06 11:59:00-04:00,93.16000366210938,93.16000366210938,93.11000061035156,93.11000061035156,2915,0.0,0.0
2024-06-06 12:00:00-04:00,93.12000274658203,93.12000274658203,93.08999633789062,93.08999633789062,4140,0.0,0.0
2024-06-06 12:01:00-04:00,93.08000183105469,93.125,93.06999969482422,93.0999984741211,7550,0.0,0.0
2024-06-06 12:02:00-04:00,93.08999633789062,93.08999633789062,93.03500366210938,93.05999755859375,4132,0.0,0.0
2024-06-06 12:03:00-04:00,93.05000305175781,93.12000274658203,93.05000305175781,93.06999969482422,3942,0.0,0.0
2024-06-06 12:04:00-04:00,93.05500030517578,93.07499694824219,93.05500030517578,93.06999969482422,2100,0.0,0.0
2024-06-06 12:05:00-04:00,93.06999969482422,93.0999984741211,93.05999755859375,93.05999755859375,4635,0.0,0.0
2024-06-06 12:06:00-04:00,93.05999755859375,93.08000183105469,92.98500061035156,93.0,15723,0.0,0.0
2024-06-06 12:07:00-04:00,92.9800033569336,92.9800033569336,92.93000030517578,92.94000244140625,2744,0.0,0.0
2024-06-06 12:08:00-04:00,92.93499755859375,92.93499755859375,92.93000030517578,92.93000030517578,1820,0.0,0.0
2024-06-06 12:09:00-04:00,92.94000244140625,92.94999694824219,92.91999816894531,92.94999694824219,6463,0.0,0.0
2024-06-06 12:10:00-04:00,92.94000244140625,92.97000122070312,92.91000366210938,92.91000366210938,6979,0.0,0.0
2024-06-06 12:11:00-04:00,92.88999938964844,92.9000015258789,92.86000061035156,92.89009857177734,4756,0.0,0.0
2024-06-06 12:12:00-04:00,92.91999816894531,92.95999908447266,92.91000366210938,92.91999816894531,4333,0.0,0.0
2024-06-06 12:13:00-04:00,92.91000366210938,92.94000244140625,92.91000366210938,92.94000244140625,4524,0.0,0.0
2024-06-06 12:14:00-04:00,92.94000244140625,92.98999786376953,92.91999816894531,92.94000244140625,9387,0.0,0.0
2024-06-06 12:15:00-04:00,92.91999816894531,92.91999816894531,92.86000061035156,92.86000061035156,5574,0.0,0.0
2024-06-06 12:16:00-04:00,92.86000061035156,92.86000061035156,92.7699966430664,92.7699966430664,40816,0.0,0.0
2024-06-06 12:17:00-04:00,92.79000091552734,92.9000015258789,92.77999877929688,92.87999725341797,9196,0.0,0.0
2024-06-06 12:18:00-04:00,92.86000061035156,92.97000122070312,92.86000061035156,92.97000122070312,7918,0.0,0.0
2024-06-06 12:19:00-04:00,92.9800033569336,93.0199966430664,92.87999725341797,92.91999816894531,54390,0.0,0.0
2024-06-06 12:20:00-04:00,92.92500305175781,92.98500061035156,92.92500305175781,92.92500305175781,5331,0.0,0.0
2024-06-06 12:21:00-04:00,92.93000030517578,92.93000030517578,92.80999755859375,92.80999755859375,6287,0.0,0.0
2024-06-06 12:22:00-04:00,92.8499984741211,92.87999725341797,92.8499984741211,92.86000061035156,7033,0.0,0.0
2024-06-06 12:23:00-04:00,92.86000061035156,92.94000244140625,92.86000061035156,92.939697265625,9765,0.0,0.0
2024-06-06 12:24:00-04:00,92.91999816894531,92.97000122070312,92.91999816894531,92.97000122070312,10346,0.0,0.0
2024-06-06 12:25:00-04:00,93.0,93.04000091552734,92.98999786376953,93.02999877929688,4293,0.0,0.0
2024-06-06 12:26:00-04:00,93.0199966430664,93.0199966430664,92.98999786376953,92.98999786376953,4562,0.0,0.0
2024-06-06 12:27:00-04:00,92.9800033569336,92.98500061035156,92.93000030517578,92.93000030517578,3158,0.0,0.0
2024-06-06 12:28:00-04:00,92.91999816894531,92.91999816894531,92.86000061035156,92.87999725341797,5360,0.0,0.0
2024-06-06 12:29:00-04:00,92.86499786376953,92.93000030517578,92.86499786376953,92.93000030517578,3424,0.0,0.0
2024-06-06 12:30:00-04:00,92.93000030517578,92.94999694824219,92.87000274658203,92.87000274658203,6856,0.0,0.0
2024-06-06 12:31:00-04:00,92.8499984741211,92.93000030517578,92.8499984741211,92.93000030517578,4541,0.0,0.0
2024-06-06 12:32:00-04:00,92.91000366210938,92.91000366210938,92.87000274658203,92.88610076904297,3239,0.0,0.0
2024-06-06 12:33:00-04:00,92.87999725341797,92.87999725341797,92.8499984741211,92.86000061035156,5683,0.0,0.0
2024-06-06 12:34:00-04:00,92.88999938964844,92.9000015258789,92.88999938964844,92.88999938964844,1477,0.0,0.0
2024-06-06 12:35:00-04:00,92.9000015258789,92.91000366210938,92.86000061035156,92.87999725341797,6521,0.0,0.0
2024-06-06 12:36:00-04:00,92.88999938964844,92.88999938964844,92.79000091552734,92.80000305175781,4822,0.0,0.0
2024-06-06 12:37:00-04:00,92.79000091552734,92.91500091552734,92.77999877929688,92.91500091552734,6728,0.0,0.0
2024-06-06 12:38:00-04:00,92.93000030517578,92.94999694824219,92.91999816894531,92.94000244140625,4261,0.0,0.0
2024-06-06 12:39:00-04:00,92.93000030517578,92.93000030517578,92.87000274658203,92.91000366210938,5868,0.0,0.0
2024-06-06 12:40:00-04:00,92.87999725341797,92.91000366210938,92.875,92.91000366210938,44166,0.0,0.0
2024-06-06 12:41:00-04:00,92.90499877929688,93.02999877929688,92.90499877929688,93.02999877929688,229141,0.0,0.0
2024-06-06 12:42:00-04:00,93.04000091552734,93.06999969482422,93.03500366210938,93.05000305175781,6355,0.0,0.0
2024-06-06 12:43:00-04:00,93.05000305175781,93.05999755859375,93.02999877929688,93.02999877929688,5257,0.0,0.0
2024-06-06 12:44:00-04:00,93.05000305175781,93.08499908447266,93.04000091552734,93.05000305175781,3650,0.0,0.0
2024-06-06 12:45:00-04:00,93.05999755859375,93.17500305175781,93.05999755859375,93.17500305175781,5919,0.0,0.0
2024-06-06 12:46:00-04:00,93.17500305175781,93.17500305175781,93.12940216064453,93.12940216064453,4749,0.0,0.0
2024-06-06 12:47:00-04:00,93.12000274658203,93.12999725341797,93.12000274658203,93.125,3841,0.0,0.0
2024-06-06 12:48:00-04:00,93.13999938964844,93.16999816894531,93.13999938964844,93.1500015258789,3943,0.0,0.0
2024-06-06 12:49:00-04:00,93.1500015258789,93.1500015258789,93.08000183105469,93.08499908447266,3711,0.0,0.0
2024-06-06 12:50:00-04:00,93.08999633789062,93.0999984741211,93.02999877929688,93.02999877929688,7777,0.0,0.0
2024-06-06 12:51:00-04:00,93.04000091552734,93.08999633789062,93.01000213623047,93.08000183105469,31185,0.0,0.0
2024-06-06 12:52:00-04:00,93.06999969482422,93.06999969482422,93.05999755859375,93.06999969482422,3306,0.0,0.0
2024-06-06 12:53:00-04:00,93.06749725341797,93.22000122070312,93.06500244140625,93.22000122070312,8270,0.0,0.0
2024-06-06 12:54:00-04:00,93.2300033569336,93.30000305175781,93.22000122070312,93.27999877929688,7613,0.0,0.0
2024-06-06 12:55:00-04:00,93.2699966430664,93.2699966430664,93.2300033569336,93.25499725341797,5084,0.0,0.0
2024-06-06 12:56:00-04:00,93.23999786376953,93.25,93.22000122070312,93.25,5591,0.0,0.0
2024-06-06 12:57:00-04:00,93.2699966430664,93.2699966430664,93.1500015258789,93.16999816894531,13803,0.0,0.0
2024-06-06 12:58:00-04:00,93.19999694824219,93.20500183105469,93.1500015258789,93.16000366210938,5424,0.0,0.0
2024-06-06 12:59:00-04:00,93.12999725341797,93.18000030517578,93.11000061035156,93.1500015258789,321663,0.0,0.0
2024-06-06 13:00:00-04:00,93.13999938964844,93.25,93.08999633789062,93.25,9664,0.0,0.0
2024-06-06 13:01:00-04:00,93.29000091552734,93.30999755859375,93.28500366210938,93.30999755859375,10769,0.0,0.0
2024-06-06 13:02:00-04:00,93.3499984741211,93.3949966430664,93.33999633789062,93.3499984741211,8580,0.0,0.0
2024-06-06 13:03:00-04:00,93.37000274658203,93.37000274658203,93.33999633789062,93.33999633789062,2610,0.0,0.0
2024-06-06 13:04:00-04:00,93.34500122070312,93.41999816894531,93.34500122070312,93.41000366210938,4399,0.0,0.0
2024-06-06 13:05:00-04:00,93.41999816894531,93.41999816894531,93.38500213623047,93.38999938964844,8471,0.0,0.0
2024-06-06 13:06:00-04:00,93.38999938964844,93.38999938964844,93.37000274658203,93.37999725341797,2614,0.0,0.0
2024-06-06 13:07:00-04:00,93.38999938964844,93.43000030517578,93.37999725341797,93.4000015258789,7120,0.0,0.0
2024-06-06 13:08:00-04:00,93.4000015258789,93.4000015258789,93.38999938964844,93.39839935302734,2675,0.0,0.0
2024-06-06 13:09:00-04:00,93.38999938964844,93.38999938964844,93.30690002441406,93.33000183105469,6441,0.0,0.0
2024-06-06 13:10:00-04:00,93.37000274658203,93.37000274658203,93.33000183105469,93.33000183105469,3695,0.0,0.0
2024-06-06 13:11:00-04:00,93.33999633789062,93.33999633789062,93.30000305175781,93.33000183105469,4432,0.0,0.0
2024-06-06 13:12:00-04:00,93.34500122070312,93.36000061035156,93.34500122070312,93.36000061035156,2985,0.0,0.0
2024-06-06 13:13:00-04:00,93.37999725341797,93.41000366210938,93.36000061035156,93.37000274658203,11166,0.0,0.0
2024-06-06 13:14:00-04:00,93.38500213623047,93.38500213623047,93.33000183105469,93.33000183105469,5661,0.0,0.0
2024-06-06 13:15:00-04:00,93.34500122070312,93.38500213623047,93.34500122070312,93.38500213623047,3132,0.0,0.0
2024-06-06 13:16:00-04:00,93.3499984741211,93.37000274658203,93.32499694824219,93.36000061035156,14139,0.0,0.0
2024-06-06 13:17:00-04:00,93.36000061035156,93.37000274658203,93.31999969482422,93.31999969482422,10801,0.0,0.0
2024-06-06 13:18:00-04:00,93.30000305175781,93.31999969482422,93.29000091552734,93.29100036621094,43597,0.0,0.0
2024-06-06 13:19:00-04:00,93.29499816894531,93.29499816894531,93.23999786376953,93.25,38044,0.0,0.0
2024-06-06 13:20:00-04:00,93.26000213623047,93.26000213623047,93.13500213623047,93.1500015258789,56825,0.0,0.0
2024-06-06 13:21:00-04:00,93.1449966430664,93.23999786376953,93.1449966430664,93.23999786376953,32136,0.0,0.0
2024-06-06 13:22:00-04:00,93.23999786376953,93.25,93.19000244140625,93.19499969482422,26009,0.0,0.0
2024-06-06 13:23:00-04:00,93.20999908447266,93.20999908447266,93.16999816894531,93.18499755859375,4739,0.0,0.0
2024-06-06 13:24:00-04:00,93.18000030517578,93.20999908447266,93.16999816894531,93.20999908447266,6614,0.0,0.0
2024-06-06 13:25:00-04:00,93.20999908447266,93.20999908447266,93.16999816894531,93.18000030517578,7287,0.0,0.0
2024-06-06 13:26:00-04:00,93.18000030517578,93.31999969482422,93.16999816894531,93.31999969482422,13504,0.0,0.0
2024-06-06 13:27:00-04:00,93.33000183105469,93.41999816894531,93.30999755859375,93.30999755859375,5300,0.0,0.0
2024-06-06 13:28:00-04:00,93.30999755859375,93.32499694824219,93.29000091552734,93.29499816894531,4807,0.0,0.0
2024-06-06 13:29:00-04:00,93.29000091552734,93.31780242919922,93.26000213623047,93.30000305175781,5452,0.0,0.0
2024-06-06 13:30:00-04:00,93.29000091552734,93.32499694824219,93.27999877929688,93.31999969482422,6354,0.0,0.0
2024-06-06 13:31:00-04:00,93.30500030517578,93.3375015258789,93.30000305175781,93.32499694824219,4457,0.0,0.0
2024-06-06 13:32:00-04:00,93.31999969482422,93.31999969482422,93.29000091552734,93.30000305175781,4657,0.0,0.0
2024-06-06 13:33:00-04:00,93.30999755859375,93.31999969482422,93.26000213623047,93.2699966430664,5872,0.0,0.0
2024-06-06 13:34:00-04:00,93.30000305175781,93.33000183105469,93.2699966430664,93.2699966430664,6409,0.0,0.0
2024-06-06 13:35:00-04:00,93.26499938964844,93.27999877929688,93.26499938964844,93.27999877929688,3142,0.0,0.0
2024-06-06 13:36:00-04:00,93.29000091552734,93.30000305175781,93.27999877929688,93.30000305175781,4315,0.0,0.0
2024-06-06 13:37:00-04:00,93.29000091552734,93.30999755859375,93.2699966430664,93.2699966430664,3469,0.0,0.0
2024-06-06 13:38:00-04:00,93.26000213623047,93.31999969482422,93.25,93.30000305175781,19579,0.0,0.0
2024-06-06 13:39:00-04:00,93.31999969482422,93.3499984741211,93.29499816894531,93.3499984741211,8626,0.0,0.0
2024-06-06 13:40:00-04:00,93.3499984741211,93.36000061035156,93.32099914550781,93.3499984741211,8780,0.0,0.0
2024-06-06 13:41:00-04:00,93.33499908447266,93.33499908447266,93.2699966430664,93.2699966430664,20537,0.0,0.0
2024-06-06 13:42:00-04:00,93.28500366210938,93.30000305175781,93.2699966430664,93.29000091552734,7153,0.0,0.0
2024-06-06 13:43:00-04:00,93.30000305175781,93.33000183105469,93.29000091552734,93.31999969482422,14251,0.0,0.0
2024-06-06 13:44:00-04:00,93.32499694824219,93.33999633789062,93.29000091552734,93.30999755859375,9992,0.0,0.0
2024-06-06 13:45:00-04:00,93.30999755859375,93.33000183105469,93.27999877929688,93.30999755859375,9429,0.0,0.0
2024-06-06 13:46:00-04:00,93.31999969482422,93.31999969482422,93.29000091552734,93.30000305175781,8397,0.0,0.0
2024-06-06 13:47:00-04:00,93.29000091552734,93.29000091552734,93.19999694824219,93.19999694824219,6450,0.0,0.0
2024-06-06 13:48:00-04:00,93.19499969482422,93.19989776611328,93.12999725341797,93.16999816894531,7305,0.0,0.0
2024-06-06 13:49:00-04:00,93.18000030517578,93.19000244140625,93.1500015258789,93.16000366210938,8470,0.0,0.0
2024-06-06 13:50:00-04:00,93.16000366210938,93.2300033569336,93.16000366210938,93.2249984741211,6301,0.0,0.0
2024-06-06 13:51:00-04:00,93.30000305175781,93.30000305175781,93.19000244140625,93.2300033569336,6332,0.0,0.0
2024-06-06 13:52:00-04:00,93.23999786376953,93.23999786376953,93.18000030517578,93.18000030517578,9785,0.0,0.0
2024-06-06 13:53:00-04:00,93.23500061035156,93.2699966430664,93.19999694824219,93.2699966430664,5801,0.0,0.0
2024-06-06 13:54:00-04:00,93.27999877929688,93.29000091552734,93.26000213623047,93.2699966430664,7081,0.0,0.0
2024-06-06 13:55:00-04:00,93.26000213623047,93.27860260009766,93.19000244140625,93.20500183105469,18756,0.0,0.0
2024-06-06 13:56:00-04:00,93.20999908447266,93.22000122070312,93.06999969482422,93.08000183105469,10618,0.0,0.0
2024-06-06 13:57:00-04:00,93.07499694824219,93.08999633789062,93.05999755859375,93.05999755859375,3944,0.0,0.0
2024-06-06 13:58:00-04:00,93.05999755859375,93.05999755859375,92.98999786376953,93.01000213623047,12803,0.0,0.0
2024-06-06 13:59:00-04:00,93.0,93.08999633789062,93.0,93.08999633789062,8198,0.0,0.0
2024-06-06 14:00:00-04:00,93.0999984741211,93.16000366210938,93.08999633789062,93.0999984741211,38408,0.0,0.0
2024-06-06 14:01:00-04:00,93.09500122070312,93.0999984741211,93.02999877929688,93.02999877929688,6537,0.0,0.0
2024-06-06 14:02:00-04:00,93.04000091552734,93.04000091552734,92.95999908447266,92.95999908447266,8452,0.0,0.0
2024-06-06 14:03:00-04:00,92.95099639892578,92.95999908447266,92.87000274658203,92.9000015258789,69086,0.0,0.0
2024-06-06 14:04:00-04:00,92.88999938964844,92.88999938964844,92.81999969482422,92.81999969482422,7859,0.0,0.0
2024-06-06 14:05:00-04:00,92.80000305175781,92.80000305175781,92.73999786376953,92.7699966430664,24290,0.0,0.0
2024-06-06 14:06:00-04:00,92.75,92.80500030517578,92.73999786376953,92.79000091552734,64223,0.0,0.0
2024-06-06 14:07:00-04:00,92.77999877929688,92.80000305175781,92.75,92.76000213623047,12528,0.0,0.0
2024-06-06 14:08:00-04:00,92.76499938964844,92.76499938964844,92.73500061035156,92.76499938964844,7422,0.0,0.0
2024-06-06 14:09:00-04:00,92.77999877929688,92.80999755859375,92.73999786376953,92.80000305175781,20936,0.0,0.0
2024-06-06 14:10:00-04:00,92.77999877929688,92.80000305175781,92.70999908447266,92.73999786376953,37652,0.0,0.0
2024-06-06 14:11:00-04:00,92.76000213623047,92.82499694824219,92.76000213623047,92.81999969482422,5760,0.0,0.0
2024-06-06 14:12:00-04:00,92.83000183105469,92.8499984741211,92.81500244140625,92.8499984741211,6847,0.0,0.0
2024-06-06 14:13:00-04:00,92.8499984741211,92.94999694824219,92.83999633789062,92.94000244140625,6838,0.0,0.0
2024-06-06 14:14:00-04:00,92.94000244140625,92.95999908447266,92.87999725341797,92.95999908447266,6568,0.0,0.0
2024-06-06 14:15:00-04:00,92.94999694824219,92.95999908447266,92.91999816894531,92.93250274658203,11369,0.0,0.0
2024-06-06 14:16:00-04:00,92.93000030517578,92.94999694824219,92.88500213623047,92.94000244140625,9971,0.0,0.0
2024-06-06 14:17:00-04:00,92.95999908447266,92.98999786376953,92.87999725341797,92.94999694824219,70761,0.0,0.0
2024-06-06 14:18:00-04:00,92.94999694824219,93.02999877929688,92.93000030517578,92.97000122070312,57093,0.0,0.0
2024-06-06 14:19:00-04:00,92.95999908447266,92.98999786376953,92.87000274658203,92.87999725341797,39412,0.0,0.0
2024-06-06 14:20:00-04:00,92.88999938964844,92.94000244140625,92.84500122070312,92.87000274658203,30854,0.0,0.0
2024-06-06 14:21:00-04:00,92.87999725341797,93.0,92.87999725341797,93.0,6659,0.0,0.0
2024-06-06 14:22:00-04:00,93.02999877929688,93.05500030517578,92.91000366210938,92.93499755859375,41664,0.0,0.0
2024-06-06 14:23:00-04:00,92.94999694824219,93.0,92.87999725341797,93.0,21329,0.0,0.0
2024-06-06 14:24:00-04:00,93.0,93.01499938964844,92.9000015258789,92.9000015258789,14007,0.0,0.0
2024-06-06 14:25:00-04:00,92.88999938964844,92.91999816894531,92.87999725341797,92.87999725341797,7748,0.0,0.0
2024-06-06 14:26:00-04:00,92.875,93.04000091552734,92.875,92.97000122070312,309904,0.0,0.0
2024-06-06 14:27:00-04:00,92.95999908447266,93.05000305175781,92.87999725341797,92.87999725341797,145573,0.0,0.0
2024-06-06 14:28:00-04:00,92.88999938964844,92.91999816894531,92.88500213623047,92.90499877929688,27069,0.0,0.0
2024-06-06 14:29:00-04:00,92.9000015258789,92.9800033569336,92.87999725341797,92.94999694824219,300492,0.0,0.0
2024-06-06 14:30:00-04:00,92.93000030517578,93.0,92.91999816894531,92.9800033569336,17500,0.0,0.0
2024-06-06 14:31:00-04:00,92.9749984741211,93.01000213623047,92.95999908447266,92.95999908447266,15233,0.0,0.0
2024-06-06 14:32:00-04:00,92.95999908447266,93.01000213623047,92.93000030517578,92.99500274658203,19553,0.0,0.0
2024-06-06 14:33:00-04:00,93.0,93.05000305175781,92.99500274658203,93.04000091552734,32097,0.0,0.0
2024-06-06 14:34:00-04:00,93.02999877929688,93.02999877929688,92.94000244140625,92.94499969482422,49032,0.0,0.0
2024-06-06 14:35:00-04:00,92.94999694824219,93.0,92.91000366210938,92.91999816894531,54544,0.0,0.0
2024-06-06 14:36:00-04:00,92.91999816894531,92.94000244140625,92.81999969482422,92.83000183105469,25438,0.0,0.0
2024-06-06 14:37:00-04:00,92.83000183105469,92.8499984741211,92.81999969482422,92.81999969482422,9460,0.0,0.0
2024-06-06 14:38:00-04:00,92.81999969482422,92.8499984741211,92.77999877929688,92.80500030517578,9780,0.0,0.0
2024-06-06 14:39:00-04:00,92.79000091552734,92.80000305175781,92.75,92.79000091552734,7470,0.0,0.0
2024-06-06 14:40:00-04:00,92.7699966430664,92.83499908447266,92.7300033569336,92.79000091552734,63229,0.0,0.0
2024-06-06 14:41:00-04:00,92.81999969482422,92.81999969482422,92.66999816894531,92.68000030517578,19802,0.0,0.0
2024-06-06 14:42:00-04:00,92.69000244140625,92.72000122070312,92.6500015258789,92.72000122070312,9239,0.0,0.0
2024-06-06 14:43:00-04:00,92.7300033569336,92.7300033569336,92.66999816894531,92.68000030517578,16892,0.0,0.0
2024-06-06 14:44:00-04:00,92.66999816894531,92.69000244140625,92.63999938964844,92.6500015258789,13126,0.0,0.0
2024-06-06 14:45:00-04:00,92.66999816894531,92.76000213623047,92.66999816894531,92.73999786376953,24227,0.0,0.0
2024-06-06 14:46:00-04:00,92.74500274658203,92.83000183105469,92.73999786376953,92.78500366210938,47105,0.0,0.0
2024-06-06 14:47:00-04:00,92.76000213623047,92.83999633789062,92.75,92.7699966430664,14801,0.0,0.0
2024-06-06 14:48:00-04:00,92.7699966430664,92.80999755859375,92.7699966430664,92.80999755859375,21791,0.0,0.0
2024-06-06 14:49:00-04:00,92.80999755859375,92.81500244140625,92.77999877929688,92.80500030517578,13640,0.0,0.0
2024-06-06 14:50:00-04:00,92.80999755859375,92.94000244140625,92.80999755859375,92.94000244140625,12004,0.0,0.0
2024-06-06 14:51:00-04:00,92.91999816894531,92.94999694824219,92.88999938964844,92.94999694824219,15384,0.0,0.0
2024-06-06 14:52:00-04:00,92.94000244140625,92.94999694824219,92.93000030517578,92.94999694824219,28861,0.0,0.0
2024-06-06 14:53:00-04:00,92.94999694824219,92.95999908447266,92.92500305175781,92.94000244140625,9296,0.0,0.0
2024-06-06 14:54:00-04:00,92.93000030517578,92.93000030517578,92.84500122070312,92.86000061035156,12146,0.0,0.0
2024-06-06 14:55:00-04:00,92.8550033569336,92.8550033569336,92.79000091552734,92.8550033569336,8951,0.0,0.0
2024-06-06 14:56:00-04:00,92.86000061035156,92.93000030517578,92.83999633789062,92.93000030517578,9272,0.0,0.0
2024-06-06 14:57:00-04:00,92.93000030517578,92.94000244140625,92.87999725341797,92.91000366210938,7018,0.0,0.0
2024-06-06 14:58:00-04:00,92.91999816894531,92.93499755859375,92.9000015258789,92.91000366210938,8887,0.0,0.0
2024-06-06 14:59:00-04:00,92.9000015258789,92.91000366210938,92.83999633789062,92.875,17334,0.0,0.0
2024-06-06 15:00:00-04:00,92.87000274658203,92.93000030517578,92.80999755859375,92.88999938964844,10253,0.0,0.0
2024-06-06 15:01:00-04:00,92.88999938964844,92.8949966430664,92.84500122070312,92.88999938964844,12770,0.0,0.0
2024-06-06 15:02:00-04:00,92.88999938964844,92.93000030517578,92.88999938964844,92.92939758300781,6485,0.0,0.0
2024-06-06 15:03:00-04:00,92.94000244140625,92.95999908447266,92.91000366210938,92.94000244140625,8750,0.0,0.0
2024-06-06 15:04:00-04:00,92.95999908447266,92.97000122070312,92.94000244140625,92.95500183105469,19377,0.0,0.0
2024-06-06 15:05:00-04:00,92.97000122070312,93.0199966430664,92.97000122070312,93.01499938964844,33043,0.0,0.0
2024-06-06 15:06:00-04:00,93.0199966430664,93.0250015258789,92.95500183105469,92.95500183105469,20581,0.0,0.0
2024-06-06 15:07:00-04:00,92.97000122070312,93.20999908447266,92.94000244140625,93.19000244140625,566615,0.0,0.0
2024-06-06 15:08:00-04:00,93.19999694824219,93.30000305175781,93.18000030517578,93.26000213623047,157345,0.0,0.0
2024-06-06 15:09:00-04:00,93.2249984741211,93.26000213623047,93.18000030517578,93.20999908447266,13889,0.0,0.0
2024-06-06 15:10:00-04:00,93.2699966430664,93.31500244140625,93.19999694824219,93.19999694824219,81556,0.0,0.0
2024-06-06 15:11:00-04:00,93.19999694824219,93.3550033569336,93.19999694824219,93.3550033569336,5823,0.0,0.0
2024-06-06 15:12:00-04:00,93.3550033569336,93.41500091552734,93.30000305175781,93.3499984741211,21575,0.0,0.0
2024-06-06 15:13:00-04:00,93.36000061035156,93.37000274658203,93.30999755859375,93.31999969482422,11636,0.0,0.0
2024-06-06 15:14:00-04:00,93.33499908447266,93.33999633789062,93.23999786376953,93.25499725341797,18945,0.0,0.0
2024-06-06 15:15:00-04:00,93.25,93.41000366210938,93.25,93.38999938964844,76025,0.0,0.0
2024-06-06 15:16:00-04:00,93.4000015258789,93.45500183105469,93.37999725341797,93.44999694824219,19892,0.0,0.0
2024-06-06 15:17:00-04:00,93.44999694824219,93.45999908447266,93.37999725341797,93.38999938964844,12592,0.0,0.0
2024-06-06 15:18:00-04:00,93.4000015258789,93.44999694824219,93.33499908447266,93.33499908447266,12738,0.0,0.0
2024-06-06 15:19:00-04:00,93.33999633789062,93.41000366210938,93.31999969482422,93.41000366210938,19064,0.0,0.0
2024-06-06 15:20:00-04:00,93.4000015258789,93.44000244140625,93.38999938964844,93.44000244140625,7217,0.0,0.0
2024-06-06 15:21:00-04:00,93.44999694824219,93.44999694824219,93.43000030517578,93.43000030517578,6098,0.0,0.0
2024-06-06 15:22:00-04:00,93.41999816894531,93.4800033569336,93.41000366210938,93.47000122070312,18995,0.0,0.0
2024-06-06 15:23:00-04:00,93.47000122070312,93.52999877929688,93.47000122070312,93.51000213623047,13427,0.0,0.0
2024-06-06 15:24:00-04:00,93.48999786376953,93.48999786376953,93.41999816894531,93.41999816894531,8171,0.0,0.0
2024-06-06 15:25:00-04:00,93.43000030517578,93.43000030517578,93.3499984741211,93.3499984741211,17110,0.0,0.0
2024-06-06 15:26:00-04:00,93.36000061035156,93.4000015258789,93.36000061035156,93.37999725341797,8132,0.0,0.0
2024-06-06 15:27:00-04:00,93.38999938964844,93.4209976196289,93.38999938964844,93.4209976196289,9163,0.0,0.0
2024-06-06 15:28:00-04:00,93.41999816894531,93.47000122070312,93.41000366210938,93.47000122070312,20884,0.0,0.0
2024-06-06 15:29:00-04:00,93.4800033569336,93.51000213623047,93.44000244140625,93.44000244140625,10229,0.0,0.0
2024-06-06 15:30:00-04:00,93.43000030517578,93.43000030517578,93.29000091552734,93.30000305175781,12062,0.0,0.0
2024-06-06 15:31:00-04:00,93.30999755859375,93.37000274658203,93.26000213623047,93.2699966430664,29922,0.0,0.0
2024-06-06 15:32:00-04:00,93.24500274658203,93.26000213623047,93.16999816894531,93.18000030517578,10525,0.0,0.0
2024-06-06 15:33:00-04:00,93.17749786376953,93.33000183105469,93.17500305175781,93.26000213623047,178502,0.0,0.0
2024-06-06 15:34:00-04:00,93.25,93.25,93.1500015258789,93.16999816894531,8467,0.0,0.0
2024-06-06 15:35:00-04:00,93.19000244140625,93.2699966430664,93.16000366210938,93.25499725341797,48037,0.0,0.0
2024-06-06 15:36:00-04:00,93.25499725341797,93.3499984741211,93.23999786376953,93.2699966430664,17126,0.0,0.0
2024-06-06 15:37:00-04:00,93.26000213623047,93.2699966430664,93.18000030517578,93.18000030517578,110994,0.0,0.0
2024-06-06 15:38:00-04:00,93.16000366210938,93.16999816894531,93.0999984741211,93.15499877929688,6061,0.0,0.0
2024-06-06 15:39:00-04:00,93.1500015258789,93.18000030517578,93.11000061035156,93.18000030517578,9174,0.0,0.0
2024-06-06 15:40:00-04:00,93.17500305175781,93.20999908447266,93.08999633789062,93.11000061035156,35836,0.0,0.0
2024-06-06 15:41:00-04:00,93.11000061035156,93.19999694824219,93.06999969482422,93.19999694824219,72140,0.0,0.0
2024-06-06 15:42:00-04:00,93.20999908447266,93.2249984741211,93.13999938964844,93.18499755859375,53027,0.0,0.0
2024-06-06 15:43:00-04:00,93.18499755859375,93.22000122070312,93.16999816894531,93.19200134277344,18283,0.0,0.0
2024-06-06 15:44:00-04:00,93.19999694824219,93.26000213623047,93.19000244140625,93.25,5565,0.0,0.0
2024-06-06 15:45:00-04:00,93.26000213623047,93.33999633789062,93.25199890136719,93.32499694824219,17394,0.0,0.0
2024-06-06 15:46:00-04:00,93.30999755859375,93.36000061035156,93.2699966430664,93.2699966430664,17370,0.0,0.0
2024-06-06 15:47:00-04:00,93.2699966430664,93.31999969482422,93.25,93.27999877929688,11465,0.0,0.0
2024-06-06 15:48:00-04:00,93.27999877929688,93.37999725341797,93.27999877929688,93.37999725341797,11481,0.0,0.0
2024-06-06 15:49:00-04:00,93.41000366210938,93.43000030517578,93.36000061035156,93.38999938964844,20819,0.0,0.0
2024-06-06 15:50:00-04:00,93.38999938964844,93.48999786376953,93.23999786376953,93.4800033569336,57183,0.0,0.0
2024-06-06 15:51:00-04:00,93.45999908447266,93.49500274658203,93.41000366210938,93.44999694824219,38202,0.0,0.0
2024-06-06 15:52:00-04:00,93.44000244140625,93.58000183105469,93.44000244140625,93.54000091552734,44740,0.0,0.0
2024-06-06 15:53:00-04:00,93.52999877929688,93.66000366210938,93.51000213623047,93.6500015258789,41209,0.0,0.0
2024-06-06 15:54:00-04:00,93.6500015258789,93.6781997680664,93.45999908447266,93.49500274658203,74997,0.0,0.0
2024-06-06 15:55:00-04:00,93.51000213623047,93.55999755859375,93.33999633789062,93.36000061035156,44054,0.0,0.0
2024-06-06 15:56:00-04:00,93.34049987792969,93.3499984741211,93.20999908447266,93.20999908447266,51603,0.0,0.0
2024-06-06 15:57:00-04:00,93.19999694824219,93.3499984741211,93.17500305175781,93.33999633789062,97319,0.0,0.0
2024-06-06 15:58:00-04:00,93.33999633789062,93.3499984741211,93.2699966430664,93.2699966430664,121309,0.0,0.0
2024-06-06 15:59:00-04:00,93.27999877929688,93.37000274658203,93.19499969482422,93.3499984741211,434482,0.0,0.0
2024-06-07 09:30:00-04:00,93.06999969482422,93.16999816894531,92.81999969482422,93.0,52276,0.0,0.0
2024-06-07 09:31:00-04:00,92.91999816894531,92.93000030517578,92.56089782714844,92.7426986694336,10229,0.0,0.0
2024-06-07 09:32:00-04:00,92.61499786376953,92.69999694824219,92.61499786376953,92.69999694824219,2669,0.0,0.0
2024-06-07 09:33:00-04:00,92.66000366210938,92.73999786376953,92.58779907226562,92.73999786376953,2490,0.0,0.0
2024-06-07 09:34:00-04:00,92.80500030517578,92.9000015258789,92.69999694824219,92.69999694824219,4875,0.0,0.0
2024-06-07 09:35:00-04:00,92.70999908447266,92.90499877929688,92.70999908447266,92.87000274658203,4653,0.0,0.0
2024-06-07 09:36:00-04:00,92.77999877929688,92.77999877929688,92.66500091552734,92.66500091552734,3631,0.0,0.0
2024-06-07 09:37:00-04:00,92.69000244140625,92.98999786376953,92.69000244140625,92.87999725341797,2563,0.0,0.0
2024-06-07 09:38:00-04:00,92.88999938964844,92.91999816894531,92.77999877929688,92.88999938964844,5057,0.0,0.0
2024-06-07 09:39:00-04:00,92.87999725341797,92.9800033569336,92.87999725341797,92.93499755859375,1771,0.0,0.0
2024-06-07 09:40:00-04:00,92.91000366210938,93.03500366210938,92.9000015258789,92.98999786376953,8274,0.0,0.0
2024-06-07 09:41:00-04:00,93.0199966430664,93.06999969482422,92.9800033569336,93.05000305175781,12027,0.0,0.0
2024-06-07 09:42:00-04:00,93.11499786376953,93.21499633789062,93.06999969482422,93.21499633789062,4169,0.0,0.0
2024-06-07 09:43:00-04:00,93.20999908447266,93.41999816894531,93.20999908447266,93.41999816894531,5735,0.0,0.0
2024-06-07 09:44:00-04:00,93.37999725341797,93.37999725341797,93.11000061035156,93.12999725341797,6474,0.0,0.0
2024-06-07 09:45:00-04:00,93.16000366210938,93.22000122070312,93.15499877929688,93.22000122070312,1810,0.0,0.0
2024-06-07 09:46:00-04:00,93.2300033569336,93.45999908447266,93.2300033569336,93.45999908447266,11340,0.0,0.0
2024-06-07 09:47:00-04:00,93.47000122070312,93.54000091552734,93.30999755859375,93.30999755859375,11569,0.0,0.0
2024-06-07 09:48:00-04:00,93.30000305175781,93.37999725341797,93.29000091552734,93.30000305175781,9304,0.0,0.0
2024-06-07 09:49:00-04:00,93.30000305175781,93.4000015258789,93.30000305175781,93.4000015258789,6226,0.0,0.0
2024-06-07 09:50:00-04:00,93.41000366210938,93.50499725341797,93.37999725341797,93.4800033569336,9539,0.0,0.0
2024-06-07 09:51:00-04:00,93.5,93.57499694824219,93.40499877929688,93.57499694824219,7546,0.0,0.0
2024-06-07 09:52:00-04:00,93.56999969482422,93.56999969482422,93.34500122070312,93.3550033569336,12870,0.0,0.0
2024-06-07 09:53:00-04:00,93.33999633789062,93.3949966430664,93.31999969482422,93.37000274658203,6449,0.0,0.0
2024-06-07 09:54:00-04:00,93.41000366210938,93.44000244140625,93.3499984741211,93.36499786376953,5340,0.0,0.0
2024-06-07 09:55:00-04:00,93.37999725341797,93.4000015258789,93.30000305175781,93.30000305175781,8025,0.0,0.0
2024-06-07 09:56:00-04:00,93.30000305175781,93.31999969482422,93.2699966430664,93.27999877929688,8475,0.0,0.0
2024-06-07 09:57:00-04:00,93.29000091552734,93.29000091552734,93.125,93.1500015258789,9973,0.0,0.0
2024-06-07 09:58:00-04:00,93.16000366210938,93.25,93.08999633789062,93.23999786376953,13742,0.0,0.0
2024-06-07 09:59:00-04:00,93.26000213623047,93.26000213623047,93.12000274658203,93.2249984741211,14779,0.0,0.0
2024-06-07 10:00:00-04:00,93.20999908447266,93.25,93.08999633789062,93.21499633789062,12153,0.0,0.0
2024-06-07 10:01:00-04:00,93.19999694824219,93.26000213623047,93.1500015258789,93.26000213623047,4135,0.0,0.0
2024-06-07 10:02:00-04:00,93.29000091552734,93.42500305175781,93.29000091552734,93.30000305175781,11356,0.0,0.0
2024-06-07 10:03:00-04:00,93.27999877929688,93.27999877929688,93.18000030517578,93.26000213623047,14088,0.0,0.0
2024-06-07 10:04:00-04:00,93.25499725341797,93.3499984741211,93.19999694824219,93.33000183105469,4514,0.0,0.0
2024-06-07 10:05:00-04:00,93.43000030517578,93.5,93.4000015258789,93.41000366210938,11175,0.0,0.0
2024-06-07 10:06:00-04:00,93.41999816894531,93.44000244140625,93.36000061035156,93.38999938964844,8016,0.0,0.0
2024-06-07 10:07:00-04:00,93.3499984741211,93.41999816894531,93.31500244140625,93.41000366210938,6520,0.0,0.0
2024-06-07 10:08:00-04:00,93.44999694824219,93.44999694824219,93.37999725341797,93.43000030517578,5512,0.0,0.0
2024-06-07 10:09:00-04:00,93.44000244140625,93.44000244140625,93.37999725341797,93.41000366210938,4537,0.0,0.0
2024-06-07 10:10:00-04:00,93.38999938964844,93.38999938964844,93.29000091552734,93.29000091552734,10402,0.0,0.0
2024-06-07 10:11:00-04:00,93.27999877929688,93.30999755859375,93.22000122070312,93.30999755859375,8186,0.0,0.0
2024-06-07 10:12:00-04:00,93.33000183105469,93.33000183105469,93.26000213623047,93.29000091552734,7893,0.0,0.0
2024-06-07 10:13:00-04:00,93.26000213623047,93.30999755859375,93.20999908447266,93.26000213623047,10344,0.0,0.0
2024-06-07 10:14:00-04:00,93.2699966430664,93.31999969482422,93.25,93.31999969482422,6481,0.0,0.0
2024-06-07 10:15:00-04:00,93.31999969482422,93.31999969482422,93.13999938964844,93.13999938964844,6320,0.0,0.0
2024-06-07 10:16:00-04:00,93.11000061035156,93.11000061035156,93.0199966430664,93.0999984741211,16844,0.0,0.0
2024-06-07 10:17:00-04:00,93.11000061035156,93.16500091552734,93.0999984741211,93.1500015258789,16108,0.0,0.0
2024-06-07 10:18:00-04:00,93.1500015258789,93.18000030517578,93.10749816894531,93.10749816894531,9078,0.0,0.0
2024-06-07 10:19:00-04:00,93.12000274658203,93.2300033569336,93.12000274658203,93.2300033569336,10352,0.0,0.0
2024-06-07 10:20:00-04:00,93.20999908447266,93.22000122070312,93.07499694824219,93.07499694824219,13115,0.0,0.0
2024-06-07 10:21:00-04:00,93.05999755859375,93.13500213623047,93.01499938964844,93.08000183105469,9190,0.0,0.0
2024-06-07 10:22:00-04:00,93.05000305175781,93.0999984741211,92.94000244140625,93.0999984741211,8382,0.0,0.0
2024-06-07 10:23:00-04:00,93.12999725341797,93.1500015258789,93.08999633789062,93.09049987792969,5311,0.0,0.0
2024-06-07 10:24:00-04:00,93.0999984741211,93.0999984741211,93.04000091552734,93.07499694824219,6173,0.0,0.0
2024-06-07 10:25:00-04:00,93.08999633789062,93.1500015258789,93.05999755859375,93.13999938964844,5463,0.0,0.0
2024-06-07 10:26:00-04:00,93.12999725341797,93.18499755859375,93.08999633789062,93.0999984741211,5974,0.0,0.0
2024-06-07 10:27:00-04:00,93.06999969482422,93.06999969482422,93.03500366210938,93.06999969482422,5154,0.0,0.0
2024-06-07 10:28:00-04:00,93.06500244140625,93.15499877929688,93.05999755859375,93.12000274658203,5981,0.0,0.0
2024-06-07 10:29:00-04:00,93.125,93.16999816894531,93.12000274658203,93.16999816894531,3443,0.0,0.0
2024-06-07 10:30:00-04:00,93.11499786376953,93.11499786376953,93.05000305175781,93.05000305175781,3244,0.0,0.0
2024-06-07 10:31:00-04:00,93.05000305175781,93.08000183105469,93.04000091552734,93.05999755859375,3358,0.0,0.0
2024-06-07 10:32:00-04:00,93.08999633789062,93.29000091552734,93.08999633789062,93.29000091552734,3695,0.0,0.0
2024-06-07 10:33:00-04:00,93.3290023803711,93.37999725341797,93.18000030517578,93.18000030517578,8863,0.0,0.0
2024-06-07 10:34:00-04:00,93.16000366210938,93.22000122070312,93.16000366210938,93.22000122070312,3490,0.0,0.0
2024-06-07 10:35:00-04:00,93.23999786376953,93.31999969482422,93.23999786376953,93.27999877929688,8277,0.0,0.0
2024-06-07 10:36:00-04:00,93.29000091552734,93.36000061035156,93.2300033569336,93.36000061035156,4795,0.0,0.0
2024-06-07 10:37:00-04:00,93.36000061035156,93.45999908447266,93.36000061035156,93.44999694824219,8403,0.0,0.0
2024-06-07 10:38:00-04:00,93.45999908447266,93.51000213623047,93.4000015258789,93.43000030517578,7519,0.0,0.0
2024-06-07 10:39:00-04:00,93.45500183105469,93.54000091552734,93.45500183105469,93.52999877929688,4871,0.0,0.0
2024-06-07 10:40:00-04:00,93.55000305175781,93.68000030517578,93.54000091552734,93.62000274658203,17779,0.0,0.0
2024-06-07 10:41:00-04:00,93.62999725341797,93.66999816894531,93.55000305175781,93.63999938964844,13739,0.0,0.0
2024-06-07 10:42:00-04:00,93.6449966430664,93.6449966430664,93.54000091552734,93.56999969482422,4997,0.0,0.0
2024-06-07 10:43:00-04:00,93.58499908447266,93.6050033569336,93.55999755859375,93.55999755859375,2802,0.0,0.0
2024-06-07 10:44:00-04:00,93.5999984741211,93.70500183105469,93.5999984741211,93.69999694824219,7168,0.0,0.0
2024-06-07 10:45:00-04:00,93.72000122070312,93.75499725341797,93.62999725341797,93.63999938964844,6306,0.0,0.0
2024-06-07 10:46:00-04:00,93.66000366210938,93.68000030517578,93.63999938964844,93.68000030517578,4421,0.0,0.0
2024-06-07 10:47:00-04:00,93.69000244140625,93.73500061035156,93.69000244140625,93.73500061035156,3730,0.0,0.0
2024-06-07 10:48:00-04:00,93.70999908447266,93.79000091552734,93.66999816894531,93.76000213623047,6390,0.0,0.0
2024-06-07 10:49:00-04:00,93.7300033569336,93.76000213623047,93.70500183105469,93.72000122070312,7117,0.0,0.0
2024-06-07 10:50:00-04:00,93.72000122070312,93.72000122070312,93.66000366210938,93.69000244140625,6450,0.0,0.0
2024-06-07 10:51:00-04:00,93.71499633789062,93.75,93.66000366210938,93.68000030517578,5935,0.0,0.0
2024-06-07 10:52:00-04:00,93.66999816894531,93.66999816894531,93.61000061035156,93.625,6447,0.0,0.0
2024-06-07 10:53:00-04:00,93.58999633789062,93.69000244140625,93.58999633789062,93.66999816894531,5171,0.0,0.0
2024-06-07 10:54:00-04:00,93.66000366210938,93.66000366210938,93.5999984741211,93.62999725341797,7847,0.0,0.0
2024-06-07 10:55:00-04:00,93.63999938964844,93.65499877929688,93.55999755859375,93.55999755859375,14378,0.0,0.0
2024-06-07 10:56:00-04:00,93.48999786376953,93.58000183105469,93.47000122070312,93.56999969482422,5666,0.0,0.0
2024-06-07 10:57:00-04:00,93.58999633789062,93.5999984741211,93.51000213623047,93.54000091552734,7539,0.0,0.0
2024-06-07 10:58:00-04:00,93.56500244140625,93.56500244140625,93.4800033569336,93.55000305175781,10213,0.0,0.0
2024-06-07 10:59:00-04:00,93.54000091552734,93.62999725341797,93.52999877929688,93.62999725341797,10705,0.0,0.0
2024-06-07 11:00:00-04:00,93.63999938964844,93.6500015258789,93.44999694824219,93.45999908447266,21908,0.0,0.0
2024-06-07 11:01:00-04:00,93.44000244140625,93.51499938964844,93.43000030517578,93.51499938964844,13370,0.0,0.0
2024-06-07 11:02:00-04:00,93.52999877929688,93.56500244140625,93.5199966430664,93.5199966430664,4964,0.0,0.0
2024-06-07 11:03:00-04:00,93.52999877929688,93.56999969482422,93.52999877929688,93.55999755859375,5367,0.0,0.0
2024-06-07 11:04:00-04:00,93.55999755859375,93.55999755859375,93.44999694824219,93.44999694824219,6945,0.0,0.0
2024-06-07 11:05:00-04:00,93.43000030517578,93.45999908447266,93.38999938964844,93.40499877929688,4061,0.0,0.0
2024-06-07 11:06:00-04:00,93.37999725341797,93.37999725341797,93.22000122070312,93.26499938964844,7328,0.0,0.0
2024-06-07 11:07:00-04:00,93.26000213623047,93.29000091552734,93.1500015258789,93.16999816894531,8328,0.0,0.0
2024-06-07 11:08:00-04:00,93.13999938964844,93.2750015258789,93.12000274658203,93.2750015258789,5042,0.0,0.0
2024-06-07 11:09:00-04:00,93.26000213623047,93.26000213623047,93.19000244140625,93.22000122070312,6048,0.0,0.0
2024-06-07 11:10:00-04:00,93.22000122070312,93.22000122070312,93.14450073242188,93.21499633789062,10513,0.0,0.0
2024-06-07 11:11:00-04:00,93.19999694824219,93.19999694824219,93.06999969482422,93.13999938964844,6689,0.0,0.0
2024-06-07 11:12:00-04:00,93.13999938964844,93.2300033569336,93.13999938964844,93.19999694824219,5178,0.0,0.0
2024-06-07 11:13:00-04:00,93.19999694824219,93.2699966430664,93.19499969482422,93.26499938964844,4525,0.0,0.0
2024-06-07 11:14:00-04:00,93.2699966430664,93.33000183105469,93.26499938964844,93.30999755859375,21610,0.0,0.0
2024-06-07 11:15:00-04:00,93.29000091552734,93.30000305175781,93.22000122070312,93.25,25869,0.0,0.0
2024-06-07 11:16:00-04:00,93.23500061035156,93.23500061035156,93.16999816894531,93.19999694824219,12799,0.0,0.0
2024-06-07 11:17:00-04:00,93.16000366210938,93.16000366210938,93.12000274658203,93.13999938964844,4551,0.0,0.0
2024-06-07 11:18:00-04:00,93.1500015258789,93.19999694824219,93.12000274658203,93.19499969482422,3602,0.0,0.0
2024-06-07 11:19:00-04:00,93.19999694824219,93.22000122070312,93.16999816894531,93.18499755859375,3686,0.0,0.0
2024-06-07 11:20:00-04:00,93.06500244140625,93.12000274658203,93.05999755859375,93.12000274658203,11500,0.0,0.0
2024-06-07 11:21:00-04:00,93.11499786376953,93.11499786376953,93.0199966430664,93.08000183105469,5165,0.0,0.0
2024-06-07 11:22:00-04:00,93.11000061035156,93.20999908447266,93.11000061035156,93.20999908447266,6400,0.0,0.0
2024-06-07 11:23:00-04:00,93.19999694824219,93.27999877929688,93.19999694824219,93.25,4632,0.0,0.0
2024-06-07 11:24:00-04:00,93.25499725341797,93.28500366210938,93.25499725341797,93.28500366210938,1074,0.0,0.0
2024-06-07 11:25:00-04:00,93.29499816894531,93.29499816894531,93.1675033569336,93.1675033569336,9987,0.0,0.0
2024-06-07 11:26:00-04:00,93.19000244140625,93.20999908447266,93.19000244140625,93.20999908447266,2572,0.0,0.0
2024-06-07 11:27:00-04:00,93.21499633789062,93.2300033569336,93.12999725341797,93.12999725341797,7779,0.0,0.0
2024-06-07 11:28:00-04:00,93.1500015258789,93.18000030517578,93.11000061035156,93.13500213623047,19448,0.0,0.0
2024-06-07 11:29:00-04:00,93.13999938964844,93.13999938964844,93.05999755859375,93.0999984741211,21302,0.0,0.0
2024-06-07 11:30:00-04:00,93.08999633789062,93.2300033569336,93.05999755859375,93.22000122070312,34145,0.0,0.0
2024-06-07 11:31:00-04:00,93.22000122070312,93.2300033569336,93.11000061035156,93.16000366210938,8102,0.0,0.0
2024-06-07 11:32:00-04:00,93.19000244140625,93.26000213623047,93.19000244140625,93.23999786376953,4722,0.0,0.0
2024-06-07 11:33:00-04:00,93.25,93.25,93.16000366210938,93.19000244140625,8104,0.0,0.0
2024-06-07 11:34:00-04:00,93.16000366210938,93.16000366210938,93.08000183105469,93.11000061035156,5084,0.0,0.0
2024-06-07 11:35:00-04:00,93.12000274658203,93.13999938964844,93.08000183105469,93.13999938964844,2672,0.0,0.0
2024-06-07 11:36:00-04:00,93.1500015258789,93.1500015258789,93.02999877929688,93.11000061035156,7205,0.0,0.0
2024-06-07 11:37:00-04:00,93.12000274658203,93.12999725341797,93.08999633789062,93.11000061035156,3910,0.0,0.0
2024-06-07 11:38:00-04:00,93.12000274658203,93.16000366210938,93.12000274658203,93.1449966430664,3204,0.0,0.0
2024-06-07 11:39:00-04:00,93.1449966430664,93.1449966430664,93.08999633789062,93.12000274658203,4129,0.0,0.0
2024-06-07 11:40:00-04:00,93.13999938964844,93.20999908447266,93.13999938964844,93.19999694824219,3231,0.0,0.0
2024-06-07 11:41:00-04:00,93.19000244140625,93.19999694824219,93.13999938964844,93.19000244140625,6365,0.0,0.0
2024-06-07 11:42:00-04:00,93.19000244140625,93.19000244140625,93.06999969482422,93.06999969482422,3981,0.0,0.0
2024-06-07 11:43:00-04:00,93.08499908447266,93.12999725341797,93.06999969482422,93.12999725341797,3537,0.0,0.0
2024-06-07 11:44:00-04:00,93.125,93.125,93.06999969482422,93.08000183105469,4906,0.0,0.0
2024-06-07 11:45:00-04:00,93.08999633789062,93.11000061035156,93.08000183105469,93.0999984741211,2970,0.0,0.0
2024-06-07 11:46:00-04:00,93.0999984741211,93.16999816894531,93.08999633789062,93.16000366210938,4169,0.0,0.0
2024-06-07 11:47:00-04:00,93.16000366210938,93.16000366210938,93.12999725341797,93.13999938964844,3178,0.0,0.0
2024-06-07 11:48:00-04:00,93.13999938964844,93.19999694824219,93.13999938964844,93.19999694824219,6458,0.0,0.0
2024-06-07 11:49:00-04:00,93.20999908447266,93.20999908447266,93.13999938964844,93.18000030517578,9478,0.0,0.0
2024-06-07 11:50:00-04:00,93.18930053710938,93.23500061035156,93.16999816894531,93.22000122070312,5050,0.0,0.0
2024-06-07 11:51:00-04:00,93.19999694824219,93.19999694824219,93.08000183105469,93.0999984741211,8676,0.0,0.0
2024-06-07 11:52:00-04:00,93.12000274658203,93.16000366210938,93.12000274658203,93.1500015258789,5348,0.0,0.0
2024-06-07 11:53:00-04:00,93.13999938964844,93.13999938964844,93.0999984741211,93.12999725341797,3218,0.0,0.0
2024-06-07 11:54:00-04:00,93.1500015258789,93.25,93.13999938964844,93.25,7099,0.0,0.0
2024-06-07 11:55:00-04:00,93.25,93.26000213623047,93.16999816894531,93.16999816894531,5483,0.0,0.0
2024-06-07 11:56:00-04:00,93.16999816894531,93.19000244140625,93.16999816894531,93.16999816894531,3418,0.0,0.0
2024-06-07 11:57:00-04:00,93.16999816894531,93.19999694824219,93.16999816894531,93.19999694824219,4546,0.0,0.0
2024-06-07 11:58:00-04:00,93.19000244140625,93.25,93.18000030517578,93.2300033569336,3182,0.0,0.0
2024-06-07 11:59:00-04:00,93.22000122070312,93.23999786376953,93.18000030517578,93.19499969482422,12874,0.0,0.0
2024-06-07 12:00:00-04:00,93.16999816894531,93.16999816894531,93.12000274658203,93.12000274658203,4455,0.0,0.0
2024-06-07 12:01:00-04:00,93.11000061035156,93.16999816894531,93.11000061035156,93.12999725341797,4068,0.0,0.0
2024-06-07 12:02:00-04:00,93.12999725341797,93.12999725341797,93.08999633789062,93.08999633789062,3904,0.0,0.0
2024-06-07 12:03:00-04:00,93.08000183105469,93.08999633789062,93.05000305175781,93.08999633789062,3531,0.0,0.0
2024-06-07 12:04:00-04:00,93.12000274658203,93.12000274658203,93.05000305175781,93.08999633789062,3680,0.0,0.0
2024-06-07 12:05:00-04:00,93.0999984741211,93.12999725341797,93.06999969482422,93.08000183105469,6553,0.0,0.0
2024-06-07 12:06:00-04:00,93.12999725341797,93.19999694824219,93.12999725341797,93.18499755859375,4229,0.0,0.0
2024-06-07 12:07:00-04:00,93.16000366210938,93.19999694824219,93.16000366210938,93.19999694824219,4980,0.0,0.0
2024-06-07 12:08:00-04:00,93.20999908447266,93.23999786376953,93.20999908447266,93.23500061035156,2698,0.0,0.0
2024-06-07 12:09:00-04:00,93.24500274658203,93.26000213623047,93.22000122070312,93.26000213623047,4394,0.0,0.0
2024-06-07 12:10:00-04:00,93.2699966430664,93.27999877929688,93.25,93.25,6376,0.0,0.0
2024-06-07 12:11:00-04:00,93.25,93.33000183105469,93.25,93.30999755859375,7326,0.0,0.0
2024-06-07 12:12:00-04:00,93.30000305175781,93.3499984741211,93.29000091552734,93.30000305175781,4101,0.0,0.0
2024-06-07 12:13:00-04:00,93.30000305175781,93.3499984741211,93.27999877929688,93.33000183105469,6243,0.0,0.0
2024-06-07 12:14:00-04:00,93.32499694824219,93.32499694824219,93.23999786376953,93.23999786376953,7038,0.0,0.0
2024-06-07 12:15:00-04:00,93.23999786376953,93.30000305175781,93.23999786376953,93.29499816894531,6331,0.0,0.0
2024-06-07 12:16:00-04:00,93.2750015258789,93.37999725341797,93.2750015258789,93.37999725341797,3417,0.0,0.0
2024-06-07 12:17:00-04:00,93.4000015258789,93.41000366210938,93.31999969482422,93.4000015258789,10826,0.0,0.0
2024-06-07 12:18:00-04:00,93.37999725341797,93.37999725341797,93.31999969482422,93.31999969482422,5142,0.0,0.0
2024-06-07 12:19:00-04:00,93.30999755859375,93.38999938964844,93.30999755859375,93.37999725341797,7299,0.0,0.0
2024-06-07 12:20:00-04:00,93.31999969482422,93.31999969482422,93.29000091552734,93.31999969482422,4573,0.0,0.0
2024-06-07 12:21:00-04:00,93.31999969482422,93.3499984741211,93.30000305175781,93.30000305175781,5362,0.0,0.0
2024-06-07 12:22:00-04:00,93.30000305175781,93.33000183105469,93.26000213623047,93.31999969482422,5234,0.0,0.0
2024-06-07 12:23:00-04:00,93.32499694824219,93.33999633789062,93.30999755859375,93.33999633789062,2719,0.0,0.0
2024-06-07 12:24:00-04:00,93.33999633789062,93.3499984741211,93.29000091552734,93.3499984741211,9121,0.0,0.0
2024-06-07 12:25:00-04:00,93.36000061035156,93.36000061035156,93.30500030517578,93.30500030517578,4839,0.0,0.0
2024-06-07 12:26:00-04:00,93.30999755859375,93.31999969482422,93.29000091552734,93.31999969482422,3650,0.0,0.0
2024-06-07 12:27:00-04:00,93.30999755859375,93.34500122070312,93.30000305175781,93.31999969482422,5010,0.0,0.0
2024-06-07 12:28:00-04:00,93.33000183105469,93.36000061035156,93.33000183105469,93.36000061035156,3196,0.0,0.0
2024-06-07 12:29:00-04:00,93.33999633789062,93.36000061035156,93.31999969482422,93.31999969482422,4044,0.0,0.0
2024-06-07 12:30:00-04:00,93.33999633789062,93.37000274658203,93.28720092773438,93.29000091552734,10926,0.0,0.0
2024-06-07 12:31:00-04:00,93.31999969482422,93.36000061035156,93.30000305175781,93.32499694824219,6362,0.0,0.0
2024-06-07 12:32:00-04:00,93.30000305175781,93.30000305175781,93.2300033569336,93.26000213623047,6473,0.0,0.0
2024-06-07 12:33:00-04:00,93.23999786376953,93.29000091552734,93.23999786376953,93.2750015258789,5703,0.0,0.0
2024-06-07 12:34:00-04:00,93.26000213623047,93.2699966430664,93.19999694824219,93.24500274658203,6025,0.0,0.0
2024-06-07 12:35:00-04:00,93.22000122070312,93.22000122070312,93.18000030517578,93.22000122070312,7503,0.0,0.0
2024-06-07 12:36:00-04:00,93.22000122070312,93.22000122070312,93.125,93.1500015258789,5326,0.0,0.0
2024-06-07 12:37:00-04:00,93.13500213623047,93.1500015258789,93.12000274658203,93.12000274658203,7776,0.0,0.0
2024-06-07 12:38:00-04:00,93.12000274658203,93.18000030517578,93.12000274658203,93.16000366210938,4669,0.0,0.0
2024-06-07 12:39:00-04:00,93.18000030517578,93.18000030517578,93.1500015258789,93.16999816894531,14377,0.0,0.0
2024-06-07 12:40:00-04:00,93.19999694824219,93.24500274658203,93.19999694824219,93.20999908447266,2550,0.0,0.0
2024-06-07 12:41:00-04:00,93.23999786376953,93.23999786376953,93.19999694824219,93.19999694824219,3045,0.0,0.0
2024-06-07 12:42:00-04:00,93.19000244140625,93.19000244140625,93.16000366210938,93.16999816894531,4236,0.0,0.0
2024-06-07 12:43:00-04:00,93.16000366210938,93.22000122070312,93.16000366210938,93.22000122070312,2634,0.0,0.0
2024-06-07 12:44:00-04:00,93.20999908447266,93.22000122070312,93.19000244140625,93.22000122070312,2477,0.0,0.0
2024-06-07 12:45:00-04:00,93.20500183105469,93.20500183105469,93.17500305175781,93.18000030517578,3260,0.0,0.0
2024-06-07 12:46:00-04:00,93.18000030517578,93.19000244140625,93.06999969482422,93.06999969482422,5170,0.0,0.0
2024-06-07 12:47:00-04:00,93.05999755859375,93.05999755859375,92.98999786376953,93.0199966430664,4535,0.0,0.0
2024-06-07 12:48:00-04:00,93.01000213623047,93.03990173339844,93.01000213623047,93.01000213623047,5069,0.0,0.0
2024-06-07 12:49:00-04:00,93.02999877929688,93.05999755859375,93.02999877929688,93.05500030517578,1752,0.0,0.0
2024-06-07 12:50:00-04:00,93.05999755859375,93.18000030517578,93.05999755859375,93.16000366210938,5329,0.0,0.0
2024-06-07 12:51:00-04:00,93.13500213623047,93.13500213623047,93.08000183105469,93.12000274658203,5628,0.0,0.0
2024-06-07 12:52:00-04:00,93.0999984741211,93.13999938964844,93.0999984741211,93.13999938964844,1397,0.0,0.0
2024-06-07 12:53:00-04:00,93.16999816894531,93.19999694824219,93.12999725341797,93.12999725341797,4226,0.0,0.0
2024-06-07 12:54:00-04:00,93.12999725341797,93.1500015258789,93.12000274658203,93.13999938964844,4408,0.0,0.0
2024-06-07 12:55:00-04:00,93.13500213623047,93.22000122070312,93.12000274658203,93.20999908447266,6625,0.0,0.0
2024-06-07 12:56:00-04:00,93.29000091552734,93.29000091552734,93.26000213623047,93.26000213623047,6736,0.0,0.0
2024-06-07 12:57:00-04:00,93.2699966430664,93.2699966430664,93.18000030517578,93.18000030517578,4391,0.0,0.0
2024-06-07 12:58:00-04:00,93.16999816894531,93.18000030517578,93.12000274658203,93.125,4921,0.0,0.0
2024-06-07 12:59:00-04:00,93.11000061035156,93.16999816894531,93.11000061035156,93.16500091552734,5460,0.0,0.0
2024-06-07 13:00:00-04:00,93.1500015258789,93.1500015258789,93.05999755859375,93.08000183105469,3891,0.0,0.0
2024-06-07 13:01:00-04:00,93.05000305175781,93.05999755859375,93.01000213623047,93.01000213623047,5411,0.0,0.0
2024-06-07 13:02:00-04:00,93.0,93.0199966430664,92.98999786376953,92.98999786376953,2941,0.0,0.0
2024-06-07 13:03:00-04:00,92.99500274658203,93.05000305175781,92.99500274658203,93.0250015258789,3179,0.0,0.0
2024-06-07 13:04:00-04:00,93.04499816894531,93.04499816894531,92.98999786376953,93.02999877929688,3161,0.0,0.0
2024-06-07 13:05:00-04:00,93.05500030517578,93.11499786376953,93.05000305175781,93.11499786376953,2041,0.0,0.0
2024-06-07 13:06:00-04:00,93.11499786376953,93.16000366210938,93.0999984741211,93.16000366210938,5005,0.0,0.0
2024-06-07 13:07:00-04:00,93.12000274658203,93.1343994140625,93.12000274658203,93.125,2286,0.0,0.0
2024-06-07 13:08:00-04:00,93.13500213623047,93.19000244140625,93.13500213623047,93.19000244140625,10498,0.0,0.0
2024-06-07 13:09:00-04:00,93.19000244140625,93.19999694824219,93.13999938964844,93.19999694824219,6891,0.0,0.0
2024-06-07 13:10:00-04:00,93.18000030517578,93.19999694824219,93.0999984741211,93.19000244140625,31977,0.0,0.0
2024-06-07 13:11:00-04:00,93.18499755859375,93.2300033569336,93.18499755859375,93.2300033569336,3204,0.0,0.0
2024-06-07 13:12:00-04:00,93.24500274658203,93.25,93.22000122070312,93.2300033569336,3632,0.0,0.0
2024-06-07 13:13:00-04:00,93.25,93.30000305175781,93.25,93.30000305175781,2347,0.0,0.0
2024-06-07 13:14:00-04:00,93.30500030517578,93.33000183105469,93.19000244140625,93.20999908447266,14157,0.0,0.0
2024-06-07 13:15:00-04:00,93.22000122070312,93.25,93.19000244140625,93.20999908447266,12719,0.0,0.0
2024-06-07 13:16:00-04:00,93.23999786376953,93.23999786376953,93.22000122070312,93.2300033569336,2686,0.0,0.0
2024-06-07 13:17:00-04:00,93.23999786376953,93.25,93.19000244140625,93.23999786376953,6492,0.0,0.0
2024-06-07 13:18:00-04:00,93.2300033569336,93.29000091552734,93.20999908447266,93.27999877929688,5308,0.0,0.0
2024-06-07 13:19:00-04:00,93.29000091552734,93.29000091552734,93.25,93.25,5838,0.0,0.0
2024-06-07 13:20:00-04:00,93.24500274658203,93.2699966430664,93.22000122070312,93.26000213623047,6776,0.0,0.0
2024-06-07 13:21:00-04:00,93.2699966430664,93.33999633789062,93.2699966430664,93.30000305175781,6042,0.0,0.0
2024-06-07 13:22:00-04:00,93.30500030517578,93.56500244140625,93.30500030517578,93.56500244140625,16559,0.0,0.0
2024-06-07 13:23:00-04:00,93.55999755859375,93.6500015258789,93.5250015258789,93.61000061035156,15004,0.0,0.0
2024-06-07 13:24:00-04:00,93.63999938964844,93.69999694824219,93.56999969482422,93.59500122070312,22671,0.0,0.0
2024-06-07 13:25:00-04:00,93.60559844970703,93.60559844970703,93.55999755859375,93.58000183105469,18457,0.0,0.0
2024-06-07 13:26:00-04:00,93.5999984741211,93.5999984741211,93.4800033569336,93.52999877929688,20463,0.0,0.0
2024-06-07 13:27:00-04:00,93.53720092773438,93.62999725341797,93.52999877929688,93.62999725341797,25635,0.0,0.0
2024-06-07 13:28:00-04:00,93.62000274658203,93.66000366210938,93.55999755859375,93.66000366210938,9744,0.0,0.0
2024-06-07 13:29:00-04:00,93.66000366210938,93.7699966430664,93.66000366210938,93.75,20231,0.0,0.0
2024-06-07 13:30:00-04:00,93.75,93.75509643554688,93.63999938964844,93.66000366210938,5237,0.0,0.0
2024-06-07 13:31:00-04:00,93.69000244140625,93.69000244140625,93.62999725341797,93.6500015258789,3976,0.0,0.0
2024-06-07 13:32:00-04:00,93.6500015258789,93.6500015258789,93.59500122070312,93.5999984741211,3463,0.0,0.0
2024-06-07 13:33:00-04:00,93.5999984741211,93.5999984741211,93.5,93.5,4244,0.0,0.0
2024-06-07 13:34:00-04:00,93.50499725341797,93.61000061035156,93.50499725341797,93.61000061035156,5840,0.0,0.0
2024-06-07 13:35:00-04:00,93.58999633789062,93.61000061035156,93.55999755859375,93.6050033569336,2610,0.0,0.0
2024-06-07 13:36:00-04:00,93.62999725341797,93.66000366210938,93.61000061035156,93.6449966430664,5477,0.0,0.0
2024-06-07 13:37:00-04:00,93.66000366210938,93.66999816894531,93.62000274658203,93.62000274658203,5121,0.0,0.0
2024-06-07 13:38:00-04:00,93.62000274658203,93.62999725341797,93.55999755859375,93.55999755859375,4743,0.0,0.0
2024-06-07 13:39:00-04:00,93.5999984741211,93.66999816894531,93.5999984741211,93.66999816894531,4016,0.0,0.0
2024-06-07 13:40:00-04:00,93.58999633789062,93.59500122070312,93.52999877929688,93.53299713134766,4023,0.0,0.0
2024-06-07 13:41:00-04:00,93.55000305175781,93.58999633789062,93.5199966430664,93.58999633789062,4215,0.0,0.0
2024-06-07 13:42:00-04:00,93.56999969482422,93.61000061035156,93.55500030517578,93.55500030517578,5037,0.0,0.0
2024-06-07 13:43:00-04:00,93.54000091552734,93.61000061035156,93.54000091552734,93.61000061035156,1477,0.0,0.0
2024-06-07 13:44:00-04:00,93.5999984741211,93.61000061035156,93.59500122070312,93.61000061035156,2525,0.0,0.0
2024-06-07 13:45:00-04:00,93.62000274658203,93.62000274658203,93.58000183105469,93.58000183105469,2321,0.0,0.0
2024-06-07 13:46:00-04:00,93.56999969482422,93.56999969482422,93.52999877929688,93.56500244140625,5878,0.0,0.0
2024-06-07 13:47:00-04:00,93.55000305175781,93.58999633789062,93.54000091552734,93.58999633789062,2247,0.0,0.0
2024-06-07 13:48:00-04:00,93.56500244140625,93.56500244140625,93.5250015258789,93.55500030517578,3303,0.0,0.0
2024-06-07 13:49:00-04:00,93.54000091552734,93.54000091552734,93.4800033569336,93.4800033569336,4198,0.0,0.0
2024-06-07 13:50:00-04:00,93.44499969482422,93.4800033569336,93.44499969482422,93.44999694824219,3367,0.0,0.0
2024-06-07 13:51:00-04:00,93.44000244140625,93.44000244140625,93.43499755859375,93.43499755859375,2269,0.0,0.0
2024-06-07 13:52:00-04:00,93.43499755859375,93.44999694824219,93.43499755859375,93.44999694824219,742,0.0,0.0
2024-06-07 13:53:00-04:00,93.47000122070312,93.47000122070312,93.41999816894531,93.44000244140625,7565,0.0,0.0
2024-06-07 13:54:00-04:00,93.44000244140625,93.44000244140625,93.4000015258789,93.41999816894531,3926,0.0,0.0
2024-06-07 13:55:00-04:00,93.41999816894531,93.41999816894531,93.37999725341797,93.41999816894531,4218,0.0,0.0
2024-06-07 13:56:00-04:00,93.41999816894531,93.45999908447266,93.41999816894531,93.45999908447266,3157,0.0,0.0
2024-06-07 13:57:00-04:00,93.46499633789062,93.48500061035156,93.43000030517578,93.44999694824219,5323,0.0,0.0
2024-06-07 13:58:00-04:00,93.45500183105469,93.4800033569336,93.40499877929688,93.41000366210938,6498,0.0,0.0
2024-06-07 13:59:00-04:00,93.44999694824219,93.44999694824219,93.30000305175781,93.30000305175781,7618,0.0,0.0
2024-06-07 14:00:00-04:00,93.2699966430664,93.27999877929688,93.08999633789062,93.0999984741211,15080,0.0,0.0
2024-06-07 14:01:00-04:00,93.05000305175781,93.0999984741211,93.02999877929688,93.0999984741211,5431,0.0,0.0
2024-06-07 14:02:00-04:00,93.12999725341797,93.18000030517578,93.08000183105469,93.11000061035156,4967,0.0,0.0
2024-06-07 14:03:00-04:00,93.08000183105469,93.12000274658203,93.0199966430664,93.02989959716797,4918,0.0,0.0
2024-06-07 14:04:00-04:00,92.9800033569336,93.02999877929688,92.91999816894531,92.91999816894531,21047,0.0,0.0
2024-06-07 14:05:00-04:00,92.94999694824219,92.94999694824219,92.83999633789062,92.87999725341797,18427,0.0,0.0
2024-06-07 14:06:00-04:00,92.86000061035156,92.91000366210938,92.83000183105469,92.875,4939,0.0,0.0
2024-06-07 14:07:00-04:00,92.87000274658203,92.87000274658203,92.75,92.83000183105469,3790,0.0,0.0
2024-06-07 14:08:00-04:00,92.84500122070312,92.84500122070312,92.73999786376953,92.77999877929688,5166,0.0,0.0
2024-06-07 14:09:00-04:00,92.7699966430664,92.86990356445312,92.73999786376953,92.82499694824219,2123,0.0,0.0
2024-06-07 14:10:00-04:00,92.83000183105469,92.83000183105469,92.77999877929688,92.80000305175781,3315,0.0,0.0
2024-06-07 14:11:00-04:00,92.79000091552734,92.83999633789062,92.69000244140625,92.69000244140625,6881,0.0,0.0
2024-06-07 14:12:00-04:00,92.68000030517578,92.80000305175781,92.66500091552734,92.74500274658203,5693,0.0,0.0
2024-06-07 14:13:00-04:00,92.72000122070312,92.7300033569336,92.61000061035156,92.66500091552734,5177,0.0,0.0
2024-06-07 14:14:00-04:00,92.66000366210938,92.66000366210938,92.54000091552734,92.54000091552734,6704,0.0,0.0
2024-06-07 14:15:00-04:00,92.48999786376953,92.62999725341797,92.48999786376953,92.62999725341797,6254,0.0,0.0
2024-06-07 14:16:00-04:00,92.6500015258789,92.6500015258789,92.5999984741211,92.6449966430664,4681,0.0,0.0
2024-06-07 14:17:00-04:00,92.6050033569336,92.6050033569336,92.55999755859375,92.55999755859375,3222,0.0,0.0
2024-06-07 14:18:00-04:00,92.54000091552734,92.61000061035156,92.5199966430664,92.5999984741211,7156,0.0,0.0
2024-06-07 14:19:00-04:00,92.5999984741211,92.66500091552734,92.5999984741211,92.66000366210938,7455,0.0,0.0
2024-06-07 14:20:00-04:00,92.6500015258789,92.8499984741211,92.6500015258789,92.8499984741211,8427,0.0,0.0
2024-06-07 14:21:00-04:00,92.86000061035156,92.90499877929688,92.8499984741211,92.8499984741211,6300,0.0,0.0
2024-06-07 14:22:00-04:00,92.86000061035156,92.9000015258789,92.80999755859375,92.83000183105469,4211,0.0,0.0
2024-06-07 14:23:00-04:00,92.80999755859375,92.8499984741211,92.80000305175781,92.80000305175781,8489,0.0,0.0
2024-06-07 14:24:00-04:00,92.79000091552734,92.8499984741211,92.79000091552734,92.83999633789062,4547,0.0,0.0
2024-06-07 14:25:00-04:00,92.84500122070312,92.8949966430664,92.84500122070312,92.8499984741211,5184,0.0,0.0
2024-06-07 14:26:00-04:00,92.83000183105469,92.92500305175781,92.83000183105469,92.92500305175781,4299,0.0,0.0
2024-06-07 14:27:00-04:00,92.91999816894531,92.91999816894531,92.88999938964844,92.91999816894531,4941,0.0,0.0
2024-06-07 14:28:00-04:00,92.93000030517578,92.97000122070312,92.87999725341797,92.91000366210938,7145,0.0,0.0
2024-06-07 14:29:00-04:00,92.88999938964844,92.94999694824219,92.86000061035156,92.86000061035156,6505,0.0,0.0
2024-06-07 14:30:00-04:00,92.86000061035156,92.93000030517578,92.83999633789062,92.88999938964844,3491,0.0,0.0
2024-06-07 14:31:00-04:00,92.88999938964844,93.0,92.88999938964844,93.0,3378,0.0,0.0
2024-06-07 14:32:00-04:00,93.0199966430664,93.0199966430664,92.92500305175781,92.92500305175781,5892,0.0,0.0
2024-06-07 14:33:00-04:00,92.94999694824219,92.99500274658203,92.93000030517578,92.97000122070312,3933,0.0,0.0
2024-06-07 14:34:00-04:00,92.97000122070312,92.97000122070312,92.8949966430664,92.8949966430664,4043,0.0,0.0
2024-06-07 14:35:00-04:00,92.87999725341797,92.99500274658203,92.87000274658203,92.9749984741211,6998,0.0,0.0
2024-06-07 14:36:00-04:00,92.9800033569336,92.98999786376953,92.91999816894531,92.97000122070312,6279,0.0,0.0
2024-06-07 14:37:00-04:00,92.95999908447266,92.95999908447266,92.91000366210938,92.94999694824219,15782,0.0,0.0
2024-06-07 14:38:00-04:00,92.95500183105469,92.95999908447266,92.8499984741211,92.87999725341797,8855,0.0,0.0
2024-06-07 14:39:00-04:00,92.93000030517578,92.93000030517578,92.87000274658203,92.87000274658203,4070,0.0,0.0
2024-06-07 14:40:00-04:00,92.87000274658203,92.91000366210938,92.87000274658203,92.88500213623047,2929,0.0,0.0
2024-06-07 14:41:00-04:00,92.88999938964844,92.88999938964844,92.80000305175781,92.80000305175781,5385,0.0,0.0
2024-06-07 14:42:00-04:00,92.77999877929688,92.83000183105469,92.76000213623047,92.76000213623047,4920,0.0,0.0
2024-06-07 14:43:00-04:00,92.7750015258789,92.83499908447266,92.7300033569336,92.83499908447266,5778,0.0,0.0
2024-06-07 14:44:00-04:00,92.83499908447266,92.8499984741211,92.76000213623047,92.82230377197266,6933,0.0,0.0
2024-06-07 14:45:00-04:00,92.83000183105469,92.87000274658203,92.83000183105469,92.86499786376953,11971,0.0,0.0
2024-06-07 14:46:00-04:00,92.87000274658203,92.87000274658203,92.81999969482422,92.83000183105469,3472,0.0,0.0
2024-06-07 14:47:00-04:00,92.83999633789062,92.88999938964844,92.83999633789062,92.88999938964844,4970,0.0,0.0
2024-06-07 14:48:00-04:00,92.88999938964844,92.90499877929688,92.82499694824219,92.87000274658203,4493,0.0,0.0
2024-06-07 14:49:00-04:00,92.87000274658203,92.87000274658203,92.79000091552734,92.82499694824219,3651,0.0,0.0
2024-06-07 14:50:00-04:00,92.83000183105469,92.88999938964844,92.79000091552734,92.80000305175781,5511,0.0,0.0
2024-06-07 14:51:00-04:00,92.80999755859375,92.80999755859375,92.75,92.80500030517578,7687,0.0,0.0
2024-06-07 14:52:00-04:00,92.81999969482422,92.83000183105469,92.79499816894531,92.79499816894531,3541,0.0,0.0
2024-06-07 14:53:00-04:00,92.80999755859375,92.87000274658203,92.80000305175781,92.8499984741211,4545,0.0,0.0
2024-06-07 14:54:00-04:00,92.84500122070312,92.9000015258789,92.84500122070312,92.86499786376953,4974,0.0,0.0
2024-06-07 14:55:00-04:00,92.87999725341797,92.88500213623047,92.80000305175781,92.80500030517578,5536,0.0,0.0
2024-06-07 14:56:00-04:00,92.81999969482422,92.81999969482422,92.7300033569336,92.75,6535,0.0,0.0
2024-06-07 14:57:00-04:00,92.75,92.75,92.70999908447266,92.73999786376953,4852,0.0,0.0
2024-06-07 14:58:00-04:00,92.75499725341797,92.75499725341797,92.66999816894531,92.70999908447266,6193,0.0,0.0
2024-06-07 14:59:00-04:00,92.70500183105469,92.70500183105469,92.63749694824219,92.66000366210938,6033,0.0,0.0
2024-06-07 15:00:00-04:00,92.62000274658203,92.62000274658203,92.51000213623047,92.56009674072266,11755,0.0,0.0
2024-06-07 15:01:00-04:00,92.5510025024414,92.58499908447266,92.52999877929688,92.54499816894531,13366,0.0,0.0
2024-06-07 15:02:00-04:00,92.54000091552734,92.69999694824219,92.54000091552734,92.69999694824219,10993,0.0,0.0
2024-06-07 15:03:00-04:00,92.73999786376953,92.81999969482422,92.69000244140625,92.81999969482422,5111,0.0,0.0
2024-06-07 15:04:00-04:00,92.80999755859375,92.8550033569336,92.75,92.77999877929688,7216,0.0,0.0
2024-06-07 15:05:00-04:00,92.7750015258789,92.81999969482422,92.75,92.7699966430664,11115,0.0,0.0
2024-06-07 15:06:00-04:00,92.73500061035156,92.73999786376953,92.64749908447266,92.68000030517578,12601,0.0,0.0
2024-06-07 15:07:00-04:00,92.6500015258789,92.70999908447266,92.62999725341797,92.70999908447266,6502,0.0,0.0
2024-06-07 15:08:00-04:00,92.7300033569336,92.7300033569336,92.6500015258789,92.69000244140625,4461,0.0,0.0
2024-06-07 15:09:00-04:00,92.70999908447266,92.7300033569336,92.66000366210938,92.6675033569336,5451,0.0,0.0
2024-06-07 15:10:00-04:00,92.69000244140625,92.75,92.69000244140625,92.69000244140625,3564,0.0,0.0
2024-06-07 15:11:00-04:00,92.70999908447266,92.7249984741211,92.62000274658203,92.6500015258789,6258,0.0,0.0
2024-06-07 15:12:00-04:00,92.63999938964844,92.6500015258789,92.62000274658203,92.6500015258789,3235,0.0,0.0
2024-06-07 15:13:00-04:00,92.6500015258789,92.66000366210938,92.45999908447266,92.47000122070312,14464,0.0,0.0
2024-06-07 15:14:00-04:00,92.48999786376953,92.55999755859375,92.48999786376953,92.55000305175781,4734,0.0,0.0
2024-06-07 15:15:00-04:00,92.55500030517578,92.6500015258789,92.55500030517578,92.61000061035156,10458,0.0,0.0
2024-06-07 15:16:00-04:00,92.62999725341797,92.66999816894531,92.62999725341797,92.6500015258789,5497,0.0,0.0
2024-06-07 15:17:00-04:00,92.63999938964844,92.6500015258789,92.58999633789062,92.61499786376953,7723,0.0,0.0
2024-06-07 15:18:00-04:00,92.63999938964844,92.63999938964844,92.47000122070312,92.47000122070312,11405,0.0,0.0
2024-06-07 15:19:00-04:00,92.44499969482422,92.4800033569336,92.4000015258789,92.43000030517578,8009,0.0,0.0
2024-06-07 15:20:00-04:00,92.43000030517578,92.44999694824219,92.38999938964844,92.41000366210938,10319,0.0,0.0
2024-06-07 15:21:00-04:00,92.4000015258789,92.45999908447266,92.33000183105469,92.44999694824219,12351,0.0,0.0
2024-06-07 15:22:00-04:00,92.47000122070312,92.55999755859375,92.44999694824219,92.48999786376953,6988,0.0,0.0
2024-06-07 15:23:00-04:00,92.48999786376953,92.5,92.41000366210938,92.4749984741211,8825,0.0,0.0
2024-06-07 15:24:00-04:00,92.48999786376953,92.56999969482422,92.47899627685547,92.52999877929688,7768,0.0,0.0
2024-06-07 15:25:00-04:00,92.5,92.51000213623047,92.43000030517578,92.47000122070312,8289,0.0,0.0
2024-06-07 15:26:00-04:00,92.48999786376953,92.55000305175781,92.47000122070312,92.55000305175781,7429,0.0,0.0
2024-06-07 15:27:00-04:00,92.55000305175781,92.5989990234375,92.54000091552734,92.56999969482422,9125,0.0,0.0
2024-06-07 15:28:00-04:00,92.58999633789062,92.65499877929688,92.58999633789062,92.65499877929688,3883,0.0,0.0
2024-06-07 15:29:00-04:00,92.66000366210938,92.66000366210938,92.62000274658203,92.63999938964844,4103,0.0,0.0
2024-06-07 15:30:00-04:00,92.62999725341797,92.62999725341797,92.54000091552734,92.60330200195312,9615,0.0,0.0
2024-06-07 15:31:00-04:00,92.6050033569336,92.66999816894531,92.58999633789062,92.66999816894531,11918,0.0,0.0
2024-06-07 15:32:00-04:00,92.66000366210938,92.70999908447266,92.66000366210938,92.68000030517578,6313,0.0,0.0
2024-06-07 15:33:00-04:00,92.66000366210938,92.69499969482422,92.6500015258789,92.66999816894531,5350,0.0,0.0
2024-06-07 15:34:00-04:00,92.6500015258789,92.66999816894531,92.61000061035156,92.63999938964844,8114,0.0,0.0
2024-06-07 15:35:00-04:00,92.5999984741211,92.62999725341797,92.56999969482422,92.61000061035156,11616,0.0,0.0
2024-06-07 15:36:00-04:00,92.5999984741211,92.62000274658203,92.56500244140625,92.58000183105469,7304,0.0,0.0
2024-06-07 15:37:00-04:00,92.62000274658203,92.66000366210938,92.61000061035156,92.66000366210938,6874,0.0,0.0
2024-06-07 15:38:00-04:00,92.66999816894531,92.67500305175781,92.62999725341797,92.6500015258789,5939,0.0,0.0
2024-06-07 15:39:00-04:00,92.65499877929688,92.69000244140625,92.65499877929688,92.69000244140625,7471,0.0,0.0
2024-06-07 15:40:00-04:00,92.70899963378906,92.73999786376953,92.70899963378906,92.73999786376953,5946,0.0,0.0
2024-06-07 15:41:00-04:00,92.73500061035156,92.73500061035156,92.6500015258789,92.70999908447266,10876,0.0,0.0
2024-06-07 15:42:00-04:00,92.70999908447266,92.7699966430664,92.70999908447266,92.7699966430664,8995,0.0,0.0
2024-06-07 15:43:00-04:00,92.7699966430664,92.83000183105469,92.7699966430664,92.82499694824219,9887,0.0,0.0
2024-06-07 15:44:00-04:00,92.81999969482422,92.8550033569336,92.79000091552734,92.8499984741211,14454,0.0,0.0
2024-06-07 15:45:00-04:00,92.8499984741211,92.9000015258789,92.83999633789062,92.88999938964844,11930,0.0,0.0
2024-06-07 15:46:00-04:00,92.87999725341797,92.95999908447266,92.83000183105469,92.95999908447266,12974,0.0,0.0
2024-06-07 15:47:00-04:00,93.0,93.05000305175781,92.97000122070312,92.98500061035156,16301,0.0,0.0
2024-06-07 15:48:00-04:00,92.98999786376953,93.0,92.91999816894531,92.91999816894531,9156,0.0,0.0
2024-06-07 15:49:00-04:00,92.91000366210938,92.97899627685547,92.91000366210938,92.97899627685547,10752,0.0,0.0
2024-06-07 15:50:00-04:00,92.95999908447266,93.0199966430664,92.87000274658203,92.95999908447266,29471,0.0,0.0
2024-06-07 15:51:00-04:00,92.95999908447266,92.97000122070312,92.91999816894531,92.94000244140625,16532,0.0,0.0
2024-06-07 15:52:00-04:00,92.94999694824219,92.95999908447266,92.80999755859375,92.81999969482422,22545,0.0,0.0
2024-06-07 15:53:00-04:00,92.83999633789062,93.08000183105469,92.83999633789062,93.05000305175781,28872,0.0,0.0
2024-06-07 15:54:00-04:00,93.05000305175781,93.26899719238281,93.02999877929688,93.2300033569336,65464,0.0,0.0
2024-06-07 15:55:00-04:00,93.25,93.26000213623047,92.9000015258789,93.0199966430664,74996,0.0,0.0
2024-06-07 15:56:00-04:00,93.01000213623047,93.06999969482422,92.95999908447266,92.95999908447266,39036,0.0,0.0
2024-06-07 15:57:00-04:00,92.95999908447266,92.9749984741211,92.9000015258789,92.96499633789062,55818,0.0,0.0
2024-06-07 15:58:00-04:00,92.95500183105469,92.9800033569336,92.87999725341797,92.9000015258789,59928,0.0,0.0
2024-06-07 15:59:00-04:00,92.9000015258789,92.95999908447266,92.7300033569336,92.8499984741211,169198,0.0,0.0
