Datetime,Open,High,Low,Close,Volume,Dividends,Stock Splits
2024-06-03 09:30:00-04:00,30.530000686645508,30.649999618530273,30.479999542236328,30.584999084472656,11596,0.0,0.0
2024-06-03 09:31:00-04:00,30.5403995513916,30.5403995513916,30.5403995513916,30.5403995513916,254,0.0,0.0
2024-06-03 09:32:00-04:00,30.625,30.635000228881836,30.6200008392334,30.635000228881836,1179,0.0,0.0
2024-06-03 09:33:00-04:00,30.639999389648438,30.719999313354492,30.635000228881836,30.719999313354492,918,0.0,0.0
2024-06-03 09:34:00-04:00,30.645000457763672,30.645000457763672,30.645000457763672,30.645000457763672,203,0.0,0.0
2024-06-03 09:35:00-04:00,30.649999618530273,30.940000534057617,30.649999618530273,30.940000534057617,3391,0.0,0.0
2024-06-03 09:36:00-04:00,30.959999084472656,30.959999084472656,30.94499969482422,30.94499969482422,446,0.0,0.0
2024-06-03 09:37:00-04:00,30.94499969482422,30.94499969482422,30.93000030517578,30.93000030517578,1391,0.0,0.0
2024-06-03 09:38:00-04:00,30.915000915527344,30.915000915527344,30.889999389648438,30.90999984741211,1708,0.0,0.0
2024-06-03 09:39:00-04:00,30.959999084472656,30.959999084472656,30.920000076293945,30.920000076293945,910,0.0,0.0
2024-06-03 09:40:00-04:00,30.959999084472656,30.969999313354492,30.959999084472656,30.969999313354492,810,0.0,0.0
2024-06-03 09:41:00-04:00,30.959999084472656,30.959999084472656,30.90999984741211,30.90999984741211,1713,0.0,0.0
2024-06-03 09:42:00-04:00,30.850000381469727,30.850000381469727,30.809999465942383,30.809999465942383,846,0.0,0.0
2024-06-03 09:43:00-04:00,30.764999389648438,30.770000457763672,30.7450008392334,30.770000457763672,1406,0.0,0.0
2024-06-03 09:44:00-04:00,30.815000534057617,30.829999923706055,30.815000534057617,30.829999923706055,630,0.0,0.0
2024-06-03 09:45:00-04:00,30.81999969482422,30.81999969482422,30.815000534057617,30.815000534057617,1735,0.0,0.0
2024-06-03 09:46:00-04:00,30.790000915527344,30.799999237060547,30.760000228881836,30.790000915527344,3298,0.0,0.0
2024-06-03 09:47:00-04:00,30.739999771118164,30.770000457763672,30.68000030517578,30.68000030517578,1350,0.0,0.0
2024-06-03 09:48:00-04:00,30.632099151611328,30.632099151611328,30.632099151611328,30.632099151611328,415,0.0,0.0
2024-06-03 09:49:00-04:00,30.6200008392334,30.6200008392334,30.6200008392334,30.6200008392334,244,0.0,0.0
2024-06-03 09:50:00-04:00,30.579999923706055,30.625,30.420000076293945,30.420000076293945,3876,0.0,0.0
2024-06-03 09:51:00-04:00,30.424999237060547,30.424999237060547,30.34000015258789,30.360000610351562,3881,0.0,0.0
2024-06-03 09:52:00-04:00,30.32900047302246,30.32900047302246,30.274999618530273,30.274999618530273,1347,0.0,0.0
2024-06-03 09:53:00-04:00,30.274999618530273,30.424999237060547,30.274999618530273,30.399999618530273,8854,0.0,0.0
2024-06-03 09:54:00-04:00,30.350000381469727,30.350000381469727,30.350000381469727,30.350000381469727,1229,0.0,0.0
2024-06-03 09:56:00-04:00,30.360000610351562,30.389999389648438,30.360000610351562,30.389999389648438,1725,0.0,0.0
2024-06-03 09:57:00-04:00,30.395000457763672,30.399999618530273,30.395000457763672,30.399999618530273,686,0.0,0.0
2024-06-03 09:58:00-04:00,30.395000457763672,30.395000457763672,30.395000457763672,30.395000457763672,188,0.0,0.0
2024-06-03 09:59:00-04:00,30.395000457763672,30.395000457763672,30.395000457763672,30.395000457763672,546,0.0,0.0
2024-06-03 10:00:00-04:00,30.399999618530273,30.40999984741211,30.399999618530273,30.40999984741211,2863,0.0,0.0
2024-06-03 10:01:00-04:00,30.40999984741211,30.40999984741211,30.40999984741211,30.40999984741211,1029,0.0,0.0
2024-06-03 10:02:00-04:00,30.40999984741211,30.440000534057617,30.3799991607666,30.399999618530273,8673,0.0,0.0
2024-06-03 10:03:00-04:00,30.454999923706055,30.475000381469727,30.454999923706055,30.475000381469727,3766,0.0,0.0
2024-06-03 10:04:00-04:00,30.454999923706055,30.454999923706055,30.440000534057617,30.440000534057617,665,0.0,0.0
2024-06-03 10:05:00-04:00,30.469999313354492,30.520000457763672,30.469999313354492,30.520000457763672,2398,0.0,0.0
2024-06-03 10:06:00-04:00,30.5049991607666,30.5049991607666,30.5049991607666,30.5049991607666,437,0.0,0.0
2024-06-03 10:07:00-04:00,30.42009925842285,30.450000762939453,30.42009925842285,30.450000762939453,2141,0.0,0.0
2024-06-03 10:08:00-04:00,30.420000076293945,30.462499618530273,30.420000076293945,30.462499618530273,425,0.0,0.0
2024-06-03 10:09:00-04:00,30.469999313354492,30.469999313354492,30.415000915527344,30.415000915527344,1877,0.0,0.0
2024-06-03 10:10:00-04:00,30.43000030517578,30.447500228881836,30.420000076293945,30.44499969482422,1197,0.0,0.0
2024-06-03 10:11:00-04:00,30.420000076293945,30.420000076293945,30.40999984741211,30.40999984741211,4353,0.0,0.0
2024-06-03 10:13:00-04:00,30.399999618530273,30.40999984741211,30.399999618530273,30.399999618530273,1963,0.0,0.0
2024-06-03 10:14:00-04:00,30.40999984741211,30.40999984741211,30.40999984741211,30.40999984741211,1014,0.0,0.0
2024-06-03 10:15:00-04:00,30.399999618530273,30.420000076293945,30.229999542236328,30.239999771118164,26467,0.0,0.0
2024-06-03 10:16:00-04:00,30.299999237060547,30.310800552368164,30.280000686645508,30.310800552368164,3455,0.0,0.0
2024-06-03 10:18:00-04:00,30.299999237060547,30.299999237060547,30.225000381469727,30.225000381469727,2457,0.0,0.0
2024-06-03 10:19:00-04:00,30.170000076293945,30.170000076293945,30.1200008392334,30.1299991607666,2582,0.0,0.0
2024-06-03 10:20:00-04:00,30.049999237060547,30.1299991607666,30.049999237060547,30.069000244140625,4918,0.0,0.0
2024-06-03 10:23:00-04:00,30.149999618530273,30.149999618530273,30.145000457763672,30.145000457763672,988,0.0,0.0
2024-06-03 10:24:00-04:00,30.139999389648438,30.139999389648438,30.1200008392334,30.1200008392334,2439,0.0,0.0
2024-06-03 10:25:00-04:00,30.100000381469727,30.110000610351562,30.100000381469727,30.110000610351562,1761,0.0,0.0
2024-06-03 10:26:00-04:00,30.149999618530273,30.149999618530273,30.149999618530273,30.149999618530273,435,0.0,0.0
2024-06-03 10:27:00-04:00,30.13010025024414,30.13010025024414,30.13010025024414,30.13010025024414,1368,0.0,0.0
2024-06-03 10:28:00-04:00,30.1299991607666,30.1299991607666,30.1299991607666,30.1299991607666,927,0.0,0.0
2024-06-03 10:30:00-04:00,30.110000610351562,30.139999389648438,30.110000610351562,30.1299991607666,3023,0.0,0.0
2024-06-03 10:31:00-04:00,30.06999969482422,30.06999969482422,30.06999969482422,30.06999969482422,2046,0.0,0.0
2024-06-03 10:32:00-04:00,30.020000457763672,30.020000457763672,30.020000457763672,30.020000457763672,1791,0.0,0.0
2024-06-03 10:34:00-04:00,29.989999771118164,30.025999069213867,29.989999771118164,30.014999389648438,2860,0.0,0.0
2024-06-03 10:35:00-04:00,30.049999237060547,30.049999237060547,30.049999237060547,30.049999237060547,120,0.0,0.0
2024-06-03 10:36:00-04:00,30.045000076293945,30.049999237060547,30.045000076293945,30.049999237060547,1288,0.0,0.0
2024-06-03 10:37:00-04:00,30.059999465942383,30.084999084472656,30.059999465942383,30.084999084472656,1182,0.0,0.0
2024-06-03 10:38:00-04:00,30.084999084472656,30.084999084472656,30.084999084472656,30.084999084472656,379,0.0,0.0
2024-06-03 10:39:00-04:00,30.084999084472656,30.094999313354492,30.084999084472656,30.09160041809082,1829,0.0,0.0
2024-06-03 10:41:00-04:00,30.084999084472656,30.100000381469727,30.084999084472656,30.100000381469727,2303,0.0,0.0
2024-06-03 10:42:00-04:00,30.104999542236328,30.1200008392334,30.104999542236328,30.1200008392334,4948,0.0,0.0
2024-06-03 10:43:00-04:00,30.149999618530273,30.149999618530273,30.149999618530273,30.149999618530273,321,0.0,0.0
2024-06-03 10:44:00-04:00,30.145000457763672,30.15999984741211,30.145000457763672,30.15999984741211,2806,0.0,0.0
2024-06-03 10:45:00-04:00,30.155000686645508,30.155000686645508,30.155000686645508,30.155000686645508,245,0.0,0.0
2024-06-03 10:46:00-04:00,30.149999618530273,30.149999618530273,30.1200008392334,30.135000228881836,9264,0.0,0.0
2024-06-03 10:47:00-04:00,30.110000610351562,30.125,30.079999923706055,30.079999923706055,2160,0.0,0.0
2024-06-03 10:48:00-04:00,30.065000534057617,30.065000534057617,30.065000534057617,30.065000534057617,1466,0.0,0.0
2024-06-03 10:49:00-04:00,30.100000381469727,30.100000381469727,30.100000381469727,30.100000381469727,484,0.0,0.0
2024-06-03 10:50:00-04:00,30.084999084472656,30.084999084472656,30.079999923706055,30.084999084472656,2111,0.0,0.0
2024-06-03 10:51:00-04:00,30.084999084472656,30.100000381469727,30.084999084472656,30.100000381469727,852,0.0,0.0
2024-06-03 10:52:00-04:00,30.094999313354492,30.100000381469727,29.979999542236328,29.979999542236328,9269,0.0,0.0
2024-06-03 10:53:00-04:00,29.969999313354492,29.985000610351562,29.969999313354492,29.985000610351562,1083,0.0,0.0
2024-06-03 10:54:00-04:00,29.985000610351562,29.985000610351562,29.985000610351562,29.985000610351562,920,0.0,0.0
2024-06-03 10:55:00-04:00,30.010000228881836,30.040000915527344,30.0049991607666,30.0049991607666,1819,0.0,0.0
2024-06-03 10:56:00-04:00,30.059999465942383,30.065000534057617,30.049999237060547,30.049999237060547,1308,0.0,0.0
2024-06-03 10:58:00-04:00,30.094999313354492,30.094999313354492,30.094999313354492,30.094999313354492,785,0.0,0.0
2024-06-03 10:59:00-04:00,30.094999313354492,30.094999313354492,30.09000015258789,30.09000015258789,984,0.0,0.0
2024-06-03 11:00:00-04:00,30.09000015258789,30.09000015258789,30.09000015258789,30.09000015258789,465,0.0,0.0
2024-06-03 11:01:00-04:00,30.09000015258789,30.114999771118164,30.09000015258789,30.114999771118164,1928,0.0,0.0
2024-06-03 11:02:00-04:00,30.139999389648438,30.139999389648438,30.135000228881836,30.135000228881836,915,0.0,0.0
2024-06-03 11:03:00-04:00,30.149999618530273,30.170000076293945,30.149999618530273,30.170000076293945,461,0.0,0.0
2024-06-03 11:04:00-04:00,30.149999618530273,30.18000030517578,30.1299991607666,30.170000076293945,2594,0.0,0.0
2024-06-03 11:05:00-04:00,30.149999618530273,30.149999618530273,30.139999389648438,30.149999618530273,3206,0.0,0.0
2024-06-03 11:06:00-04:00,30.149999618530273,30.149999618530273,30.1299991607666,30.145000457763672,1688,0.0,0.0
2024-06-03 11:07:00-04:00,30.155000686645508,30.170000076293945,30.149999618530273,30.170000076293945,1479,0.0,0.0
2024-06-03 11:08:00-04:00,30.165000915527344,30.165000915527344,30.165000915527344,30.165000915527344,354,0.0,0.0
2024-06-03 11:09:00-04:00,30.170000076293945,30.190000534057617,30.170000076293945,30.190000534057617,461,0.0,0.0
2024-06-03 11:10:00-04:00,30.165000915527344,30.165000915527344,30.165000915527344,30.165000915527344,606,0.0,0.0
2024-06-03 11:12:00-04:00,30.165000915527344,30.165000915527344,30.157499313354492,30.157499313354492,1497,0.0,0.0
2024-06-03 11:14:00-04:00,30.170000076293945,30.170000076293945,30.170000076293945,30.170000076293945,103,0.0,0.0
2024-06-03 11:15:00-04:00,30.170000076293945,30.170000076293945,30.139999389648438,30.170000076293945,2777,0.0,0.0
2024-06-03 11:16:00-04:00,30.155000686645508,30.155000686645508,30.155000686645508,30.155000686645508,154,0.0,0.0
2024-06-03 11:18:00-04:00,30.170000076293945,30.174999237060547,30.170000076293945,30.170000076293945,1863,0.0,0.0
2024-06-03 11:21:00-04:00,30.15999984741211,30.229999542236328,30.15999984741211,30.229999542236328,5021,0.0,0.0
2024-06-03 11:22:00-04:00,30.209999084472656,30.209999084472656,30.100000381469727,30.100000381469727,3355,0.0,0.0
2024-06-03 11:24:00-04:00,30.114999771118164,30.114999771118164,30.114999771118164,30.114999771118164,1578,0.0,0.0
2024-06-03 11:26:00-04:00,30.139999389648438,30.170000076293945,30.139999389648438,30.170000076293945,1114,0.0,0.0
2024-06-03 11:27:00-04:00,30.149999618530273,30.149999618530273,30.149999618530273,30.149999618530273,748,0.0,0.0
2024-06-03 11:28:00-04:00,30.170000076293945,30.170000076293945,30.170000076293945,30.170000076293945,773,0.0,0.0
2024-06-03 11:29:00-04:00,30.18000030517578,30.190000534057617,30.170000076293945,30.170000076293945,2513,0.0,0.0
2024-06-03 11:30:00-04:00,30.15999984741211,30.15999984741211,30.15999984741211,30.15999984741211,906,0.0,0.0
2024-06-03 11:31:00-04:00,30.170000076293945,30.170000076293945,30.170000076293945,30.170000076293945,828,0.0,0.0
2024-06-03 11:32:00-04:00,30.190000534057617,30.200000762939453,30.190000534057617,30.200000762939453,593,0.0,0.0
2024-06-03 11:33:00-04:00,30.184999465942383,30.219999313354492,30.184999465942383,30.19499969482422,833,0.0,0.0
2024-06-03 11:34:00-04:00,30.19499969482422,30.19499969482422,30.19499969482422,30.19499969482422,418,0.0,0.0
2024-06-03 11:35:00-04:00,30.190000534057617,30.19499969482422,30.190000534057617,30.19499969482422,1509,0.0,0.0
2024-06-03 11:37:00-04:00,30.19499969482422,30.19499969482422,30.19499969482422,30.19499969482422,447,0.0,0.0
2024-06-03 11:38:00-04:00,30.190000534057617,30.219999313354492,30.18000030517578,30.219999313354492,2842,0.0,0.0
2024-06-03 11:40:00-04:00,30.239999771118164,30.239999771118164,30.200000762939453,30.200000762939453,1636,0.0,0.0
2024-06-03 11:41:00-04:00,30.200000762939453,30.200000762939453,30.200000762939453,30.200000762939453,150,0.0,0.0
2024-06-03 11:42:00-04:00,30.204999923706055,30.204999923706055,30.204999923706055,30.204999923706055,632,0.0,0.0
2024-06-03 11:43:00-04:00,30.204999923706055,30.204999923706055,30.204999923706055,30.204999923706055,125,0.0,0.0
2024-06-03 11:44:00-04:00,30.204999923706055,30.219999313354492,30.190000534057617,30.190000534057617,2767,0.0,0.0
2024-06-03 11:45:00-04:00,30.18000030517578,30.18000030517578,30.15999984741211,30.15999984741211,5263,0.0,0.0
2024-06-03 11:46:00-04:00,30.110000610351562,30.1200008392334,30.110000610351562,30.1200008392334,2237,0.0,0.0
2024-06-03 11:47:00-04:00,30.110000610351562,30.139999389648438,30.110000610351562,30.139999389648438,2233,0.0,0.0
2024-06-03 11:48:00-04:00,30.149999618530273,30.149999618530273,30.149999618530273,30.149999618530273,650,0.0,0.0
2024-06-03 11:49:00-04:00,30.155000686645508,30.155000686645508,30.155000686645508,30.155000686645508,1120,0.0,0.0
2024-06-03 11:50:00-04:00,30.155000686645508,30.170000076293945,30.155000686645508,30.170000076293945,1816,0.0,0.0
2024-06-03 11:51:00-04:00,30.170000076293945,30.170000076293945,30.170000076293945,30.170000076293945,282,0.0,0.0
2024-06-03 11:52:00-04:00,30.190000534057617,30.200000762939453,30.190000534057617,30.200000762939453,1650,0.0,0.0
2024-06-03 11:53:00-04:00,30.229999542236328,30.229999542236328,30.21299934387207,30.229999542236328,2234,0.0,0.0
2024-06-03 11:54:00-04:00,30.225000381469727,30.225000381469727,30.219999313354492,30.219999313354492,1026,0.0,0.0
2024-06-03 11:55:00-04:00,30.219999313354492,30.219999313354492,30.219999313354492,30.219999313354492,236,0.0,0.0
2024-06-03 11:56:00-04:00,30.239999771118164,30.239999771118164,30.219999313354492,30.219999313354492,541,0.0,0.0
2024-06-03 11:57:00-04:00,30.235000610351562,30.235000610351562,30.235000610351562,30.235000610351562,147,0.0,0.0
2024-06-03 11:58:00-04:00,30.235000610351562,30.235000610351562,30.209999084472656,30.209999084472656,2367,0.0,0.0
2024-06-03 11:59:00-04:00,30.219999313354492,30.219999313354492,30.219999313354492,30.219999313354492,517,0.0,0.0
2024-06-03 12:00:00-04:00,30.200000762939453,30.21500015258789,30.200000762939453,30.200000762939453,1054,0.0,0.0
2024-06-03 12:01:00-04:00,30.21500015258789,30.229999542236328,30.174999237060547,30.225000381469727,7215,0.0,0.0
2024-06-03 12:02:00-04:00,30.225000381469727,30.225000381469727,30.225000381469727,30.225000381469727,120,0.0,0.0
2024-06-03 12:03:00-04:00,30.225000381469727,30.225000381469727,30.225000381469727,30.225000381469727,395,0.0,0.0
2024-06-03 12:04:00-04:00,30.229999542236328,30.25,30.229999542236328,30.25,522,0.0,0.0
2024-06-03 12:05:00-04:00,30.229999542236328,30.229999542236328,30.229999542236328,30.229999542236328,287,0.0,0.0
2024-06-03 12:06:00-04:00,30.229999542236328,30.229999542236328,30.229999542236328,30.229999542236328,544,0.0,0.0
2024-06-03 12:07:00-04:00,30.229999542236328,30.235000610351562,30.219999313354492,30.219999313354492,983,0.0,0.0
2024-06-03 12:08:00-04:00,30.229999542236328,30.229999542236328,30.215200424194336,30.215200424194336,520,0.0,0.0
2024-06-03 12:09:00-04:00,30.229999542236328,30.229999542236328,30.229999542236328,30.229999542236328,1127,0.0,0.0
2024-06-03 12:10:00-04:00,30.225000381469727,30.225000381469727,30.225000381469727,30.225000381469727,482,0.0,0.0
2024-06-03 12:11:00-04:00,30.209999084472656,30.21500015258789,30.18000030517578,30.204999923706055,2312,0.0,0.0
2024-06-03 12:12:00-04:00,30.190000534057617,30.190000534057617,30.174999237060547,30.174999237060547,3901,0.0,0.0
2024-06-03 12:13:00-04:00,30.170000076293945,30.170000076293945,30.170000076293945,30.170000076293945,310,0.0,0.0
2024-06-03 12:14:00-04:00,30.18000030517578,30.18000030517578,30.18000030517578,30.18000030517578,276,0.0,0.0
2024-06-03 12:15:00-04:00,30.18000030517578,30.21500015258789,30.18000030517578,30.21500015258789,2159,0.0,0.0
2024-06-03 12:16:00-04:00,30.21500015258789,30.21500015258789,30.21500015258789,30.21500015258789,128,0.0,0.0
2024-06-03 12:17:00-04:00,30.21500015258789,30.21500015258789,30.190000534057617,30.19569969177246,2277,0.0,0.0
2024-06-03 12:18:00-04:00,30.200000762939453,30.200000762939453,30.200000762939453,30.200000762939453,488,0.0,0.0
2024-06-03 12:19:00-04:00,30.200000762939453,30.200000762939453,30.190000534057617,30.190000534057617,736,0.0,0.0
2024-06-03 12:20:00-04:00,30.19499969482422,30.208999633789062,30.18000030517578,30.18000030517578,727,0.0,0.0
2024-06-03 12:21:00-04:00,30.18000030517578,30.18000030517578,30.174999237060547,30.18000030517578,2388,0.0,0.0
2024-06-03 12:22:00-04:00,30.18000030517578,30.200000762939453,30.18000030517578,30.19499969482422,3586,0.0,0.0
2024-06-03 12:23:00-04:00,30.174999237060547,30.174999237060547,30.174999237060547,30.174999237060547,805,0.0,0.0
2024-06-03 12:24:00-04:00,30.200000762939453,30.200000762939453,30.200000762939453,30.200000762939453,1484,0.0,0.0
2024-06-03 12:25:00-04:00,30.19499969482422,30.19499969482422,30.19499969482422,30.19499969482422,291,0.0,0.0
2024-06-03 12:26:00-04:00,30.200000762939453,30.200000762939453,30.18000030517578,30.18000030517578,1330,0.0,0.0
2024-06-03 12:27:00-04:00,30.200000762939453,30.200000762939453,30.190000534057617,30.19499969482422,615,0.0,0.0
2024-06-03 12:28:00-04:00,30.209999084472656,30.209999084472656,30.200000762939453,30.209999084472656,1013,0.0,0.0
2024-06-03 12:29:00-04:00,30.204999923706055,30.204999923706055,30.200000762939453,30.200000762939453,751,0.0,0.0
2024-06-03 12:30:00-04:00,30.200000762939453,30.200000762939453,30.200000762939453,30.200000762939453,672,0.0,0.0
2024-06-03 12:31:00-04:00,30.204999923706055,30.204999923706055,30.174999237060547,30.174999237060547,3858,0.0,0.0
2024-06-03 12:32:00-04:00,30.13249969482422,30.13249969482422,30.13249969482422,30.13249969482422,727,0.0,0.0
2024-06-03 12:33:00-04:00,30.139999389648438,30.145000457763672,30.139999389648438,30.145000457763672,1795,0.0,0.0
2024-06-03 12:34:00-04:00,30.149999618530273,30.174999237060547,30.149999618530273,30.174999237060547,2751,0.0,0.0
2024-06-03 12:35:00-04:00,30.15999984741211,30.15999984741211,30.15999984741211,30.15999984741211,962,0.0,0.0
2024-06-03 12:36:00-04:00,30.18000030517578,30.209999084472656,30.18000030517578,30.209999084472656,1973,0.0,0.0
2024-06-03 12:37:00-04:00,30.209999084472656,30.209999084472656,30.209999084472656,30.209999084472656,461,0.0,0.0
2024-06-03 12:38:00-04:00,30.21500015258789,30.21500015258789,30.21500015258789,30.21500015258789,264,0.0,0.0
2024-06-03 12:39:00-04:00,30.209999084472656,30.209999084472656,30.209999084472656,30.209999084472656,420,0.0,0.0
2024-06-03 12:40:00-04:00,30.209999084472656,30.209999084472656,30.209999084472656,30.209999084472656,430,0.0,0.0
2024-06-03 12:41:00-04:00,30.209999084472656,30.209999084472656,30.209999084472656,30.209999084472656,591,0.0,0.0
2024-06-03 12:42:00-04:00,30.200000762939453,30.200000762939453,30.15999984741211,30.15999984741211,2449,0.0,0.0
2024-06-03 12:44:00-04:00,30.170000076293945,30.170000076293945,30.170000076293945,30.170000076293945,1146,0.0,0.0
2024-06-03 12:45:00-04:00,30.170000076293945,30.170000076293945,30.170000076293945,30.170000076293945,823,0.0,0.0
2024-06-03 12:46:00-04:00,30.170000076293945,30.18000030517578,30.170000076293945,30.18000030517578,2342,0.0,0.0
2024-06-03 12:47:00-04:00,30.18000030517578,30.184999465942383,30.177799224853516,30.184999465942383,1297,0.0,0.0
2024-06-03 12:48:00-04:00,30.184999465942383,30.184999465942383,30.174999237060547,30.174999237060547,2352,0.0,0.0
2024-06-03 12:49:00-04:00,30.174999237060547,30.190000534057617,30.145000457763672,30.145000457763672,2425,0.0,0.0
2024-06-03 12:50:00-04:00,30.139999389648438,30.155000686645508,30.139999389648438,30.149999618530273,4345,0.0,0.0
2024-06-03 12:51:00-04:00,30.149999618530273,30.149999618530273,30.145000457763672,30.145000457763672,2015,0.0,0.0
2024-06-03 12:52:00-04:00,30.145000457763672,30.165000915527344,30.139999389648438,30.165000915527344,4866,0.0,0.0
2024-06-03 12:53:00-04:00,30.135000228881836,30.170000076293945,30.135000228881836,30.165000915527344,2683,0.0,0.0
2024-06-03 12:54:00-04:00,30.200000762939453,30.209999084472656,30.200000762939453,30.209999084472656,557,0.0,0.0
2024-06-03 12:56:00-04:00,30.209999084472656,30.209999084472656,30.200000762939453,30.200000762939453,391,0.0,0.0
2024-06-03 12:57:00-04:00,30.19499969482422,30.19499969482422,30.19499969482422,30.19499969482422,356,0.0,0.0
2024-06-03 12:58:00-04:00,30.200000762939453,30.229999542236328,30.200000762939453,30.229999542236328,739,0.0,0.0
2024-06-03 12:59:00-04:00,30.209999084472656,30.229999542236328,30.209999084472656,30.229999542236328,908,0.0,0.0
2024-06-03 13:00:00-04:00,30.209999084472656,30.209999084472656,30.190000534057617,30.190000534057617,920,0.0,0.0
2024-06-03 13:01:00-04:00,30.184999465942383,30.184999465942383,30.184999465942383,30.184999465942383,307,0.0,0.0
2024-06-03 13:02:00-04:00,30.18000030517578,30.190000534057617,30.170000076293945,30.18000030517578,1609,0.0,0.0
2024-06-03 13:03:00-04:00,30.184999465942383,30.184999465942383,30.18000030517578,30.18000030517578,1117,0.0,0.0
2024-06-03 13:04:00-04:00,30.18000030517578,30.184999465942383,30.18000030517578,30.184999465942383,806,0.0,0.0
2024-06-03 13:05:00-04:00,30.174999237060547,30.174999237060547,30.174999237060547,30.174999237060547,1230,0.0,0.0
2024-06-03 13:06:00-04:00,30.198999404907227,30.198999404907227,30.198999404907227,30.198999404907227,198,0.0,0.0
2024-06-03 13:07:00-04:00,30.184999465942383,30.184999465942383,30.184999465942383,30.184999465942383,454,0.0,0.0
2024-06-03 13:08:00-04:00,30.18000030517578,30.18000030517578,30.18000030517578,30.18000030517578,936,0.0,0.0
2024-06-03 13:09:00-04:00,30.174999237060547,30.174999237060547,30.139999389648438,30.142000198364258,5925,0.0,0.0
2024-06-03 13:10:00-04:00,30.155000686645508,30.15999984741211,30.139999389648438,30.155000686645508,1991,0.0,0.0
2024-06-03 13:11:00-04:00,30.165000915527344,30.165300369262695,30.15999984741211,30.165300369262695,1025,0.0,0.0
2024-06-03 13:12:00-04:00,30.15999984741211,30.170000076293945,30.15999984741211,30.165000915527344,1555,0.0,0.0
2024-06-03 13:13:00-04:00,30.165000915527344,30.200000762939453,30.15999984741211,30.200000762939453,4623,0.0,0.0
2024-06-03 13:14:00-04:00,30.19499969482422,30.19499969482422,30.19499969482422,30.19499969482422,236,0.0,0.0
2024-06-03 13:16:00-04:00,30.200000762939453,30.200000762939453,30.200000762939453,30.200000762939453,842,0.0,0.0
2024-06-03 13:17:00-04:00,30.200000762939453,30.200000762939453,30.200000762939453,30.200000762939453,701,0.0,0.0
2024-06-03 13:19:00-04:00,30.204999923706055,30.204999923706055,30.170000076293945,30.18000030517578,2181,0.0,0.0
2024-06-03 13:20:00-04:00,30.174999237060547,30.174999237060547,30.165000915527344,30.165000915527344,3819,0.0,0.0
2024-06-03 13:21:00-04:00,30.16990089416504,30.16990089416504,30.165000915527344,30.165000915527344,451,0.0,0.0
2024-06-03 13:22:00-04:00,30.170000076293945,30.170000076293945,30.170000076293945,30.170000076293945,1444,0.0,0.0
2024-06-03 13:23:00-04:00,30.15999984741211,30.15999984741211,30.15999984741211,30.15999984741211,314,0.0,0.0
2024-06-03 13:24:00-04:00,30.170000076293945,30.170000076293945,30.170000076293945,30.170000076293945,1019,0.0,0.0
2024-06-03 13:26:00-04:00,30.174999237060547,30.18000030517578,30.174999237060547,30.18000030517578,2972,0.0,0.0
2024-06-03 13:28:00-04:00,30.18000030517578,30.18000030517578,30.18000030517578,30.18000030517578,407,0.0,0.0
2024-06-03 13:29:00-04:00,30.18000030517578,30.18000030517578,30.18000030517578,30.18000030517578,552,0.0,0.0
2024-06-03 13:30:00-04:00,30.18000030517578,30.18000030517578,30.139999389648438,30.145000457763672,2042,0.0,0.0
2024-06-03 13:31:00-04:00,30.145000457763672,30.15999984741211,30.145000457763672,30.15999984741211,1047,0.0,0.0
2024-06-03 13:32:00-04:00,30.170000076293945,30.170000076293945,30.15999984741211,30.170000076293945,2515,0.0,0.0
2024-06-03 13:34:00-04:00,30.165000915527344,30.165000915527344,30.15999984741211,30.15999984741211,1626,0.0,0.0
2024-06-03 13:35:00-04:00,30.149999618530273,30.15999984741211,30.149999618530273,30.15999984741211,724,0.0,0.0
2024-06-03 13:36:00-04:00,30.145000457763672,30.145000457763672,30.145000457763672,30.145000457763672,484,0.0,0.0
2024-06-03 13:37:00-04:00,30.149999618530273,30.155000686645508,30.149999618530273,30.155000686645508,463,0.0,0.0
2024-06-03 13:38:00-04:00,30.149999618530273,30.149999618530273,30.149999618530273,30.149999618530273,659,0.0,0.0
2024-06-03 13:39:00-04:00,30.139999389648438,30.139999389648438,30.139999389648438,30.139999389648438,433,0.0,0.0
2024-06-03 13:40:00-04:00,30.139999389648438,30.145000457763672,30.138999938964844,30.145000457763672,1573,0.0,0.0
2024-06-03 13:41:00-04:00,30.145000457763672,30.145000457763672,30.145000457763672,30.145000457763672,527,0.0,0.0
2024-06-03 13:42:00-04:00,30.145000457763672,30.145000457763672,30.145000457763672,30.145000457763672,217,0.0,0.0
2024-06-03 13:43:00-04:00,30.149700164794922,30.15999984741211,30.145000457763672,30.155000686645508,3346,0.0,0.0
2024-06-03 13:44:00-04:00,30.18000030517578,30.190000534057617,30.17009925842285,30.190000534057617,4649,0.0,0.0
2024-06-03 13:45:00-04:00,30.18000030517578,30.18000030517578,30.170000076293945,30.170000076293945,3212,0.0,0.0
2024-06-03 13:46:00-04:00,30.174999237060547,30.209999084472656,30.174999237060547,30.209999084472656,2737,0.0,0.0
2024-06-03 13:47:00-04:00,30.219999313354492,30.219999313354492,30.170000076293945,30.170000076293945,2446,0.0,0.0
2024-06-03 13:48:00-04:00,30.170000076293945,30.170000076293945,30.139999389648438,30.149999618530273,1318,0.0,0.0
2024-06-03 13:49:00-04:00,30.139999389648438,30.139999389648438,30.131000518798828,30.139999389648438,552,0.0,0.0
2024-06-03 13:50:00-04:00,30.139999389648438,30.139999389648438,30.139999389648438,30.139999389648438,1060,0.0,0.0
2024-06-03 13:51:00-04:00,30.135000228881836,30.135000228881836,30.1299991607666,30.135000228881836,884,0.0,0.0
2024-06-03 13:52:00-04:00,30.139999389648438,30.190000534057617,30.139999389648438,30.190000534057617,3397,0.0,0.0
2024-06-03 13:53:00-04:00,30.190000534057617,30.190000534057617,30.170000076293945,30.170000076293945,3652,0.0,0.0
2024-06-03 13:54:00-04:00,30.165000915527344,30.18000030517578,30.165000915527344,30.18000030517578,1769,0.0,0.0
2024-06-03 13:55:00-04:00,30.170000076293945,30.170000076293945,30.170000076293945,30.170000076293945,2924,0.0,0.0
2024-06-03 13:56:00-04:00,30.18000030517578,30.18000030517578,30.174999237060547,30.174999237060547,1137,0.0,0.0
2024-06-03 13:57:00-04:00,30.18000030517578,30.18000030517578,30.18000030517578,30.18000030517578,1042,0.0,0.0
2024-06-03 13:58:00-04:00,30.18000030517578,30.18000030517578,30.174999237060547,30.18000030517578,1416,0.0,0.0
2024-06-03 13:59:00-04:00,30.190000534057617,30.190000534057617,30.184999465942383,30.190000534057617,1015,0.0,0.0
2024-06-03 14:01:00-04:00,30.190000534057617,30.19499969482422,30.190000534057617,30.190000534057617,1417,0.0,0.0
2024-06-03 14:02:00-04:00,30.18000030517578,30.184999465942383,30.18000030517578,30.184999465942383,378,0.0,0.0
2024-06-03 14:03:00-04:00,30.190000534057617,30.190000534057617,30.190000534057617,30.190000534057617,1562,0.0,0.0
2024-06-03 14:04:00-04:00,30.18000030517578,30.18000030517578,30.174999237060547,30.174999237060547,1931,0.0,0.0
2024-06-03 14:05:00-04:00,30.18000030517578,30.19499969482422,30.174999237060547,30.19499969482422,4953,0.0,0.0
2024-06-03 14:07:00-04:00,30.18000030517578,30.18000030517578,30.18000030517578,30.18000030517578,278,0.0,0.0
2024-06-03 14:08:00-04:00,30.18000030517578,30.18000030517578,30.18000030517578,30.18000030517578,930,0.0,0.0
2024-06-03 14:09:00-04:00,30.190000534057617,30.190000534057617,30.170000076293945,30.174999237060547,3635,0.0,0.0
2024-06-03 14:10:00-04:00,30.170000076293945,30.18000030517578,30.170000076293945,30.18000030517578,1604,0.0,0.0
2024-06-03 14:11:00-04:00,30.170000076293945,30.170000076293945,30.170000076293945,30.170000076293945,1014,0.0,0.0
2024-06-03 14:12:00-04:00,30.170000076293945,30.170000076293945,30.16200065612793,30.170000076293945,1195,0.0,0.0
2024-06-03 14:13:00-04:00,30.15999984741211,30.18000030517578,30.149999618530273,30.18000030517578,6619,0.0,0.0
2024-06-03 14:14:00-04:00,30.190000534057617,30.200000762939453,30.18000030517578,30.18000030517578,2445,0.0,0.0
2024-06-03 14:15:00-04:00,30.18000030517578,30.18000030517578,30.18000030517578,30.18000030517578,508,0.0,0.0
2024-06-03 14:16:00-04:00,30.18000030517578,30.18000030517578,30.173999786376953,30.173999786376953,1048,0.0,0.0
2024-06-03 14:17:00-04:00,30.190000534057617,30.19499969482422,30.190000534057617,30.190000534057617,1913,0.0,0.0
2024-06-03 14:18:00-04:00,30.190000534057617,30.19499969482422,30.181900024414062,30.19499969482422,1607,0.0,0.0
2024-06-03 14:19:00-04:00,30.19499969482422,30.19499969482422,30.191200256347656,30.191200256347656,769,0.0,0.0
2024-06-03 14:20:00-04:00,30.190000534057617,30.200000762939453,30.18000030517578,30.18000030517578,4360,0.0,0.0
2024-06-03 14:21:00-04:00,30.200000762939453,30.219999313354492,30.200000762939453,30.219999313354492,1872,0.0,0.0
2024-06-03 14:22:00-04:00,30.229999542236328,30.229999542236328,30.21500015258789,30.21500015258789,822,0.0,0.0
2024-06-03 14:23:00-04:00,30.219999313354492,30.25,30.219999313354492,30.25,1188,0.0,0.0
2024-06-03 14:24:00-04:00,30.25,30.25,30.239999771118164,30.239999771118164,2219,0.0,0.0
2024-06-03 14:25:00-04:00,30.239999771118164,30.239999771118164,30.239999771118164,30.239999771118164,230,0.0,0.0
2024-06-03 14:26:00-04:00,30.25,30.25,30.239999771118164,30.239999771118164,1735,0.0,0.0
2024-06-03 14:27:00-04:00,30.25,30.25,30.190000534057617,30.190000534057617,2618,0.0,0.0
2024-06-03 14:28:00-04:00,30.204999923706055,30.204999923706055,30.204999923706055,30.204999923706055,1541,0.0,0.0
2024-06-03 14:29:00-04:00,30.190000534057617,30.190000534057617,30.190000534057617,30.190000534057617,282,0.0,0.0
2024-06-03 14:30:00-04:00,30.19499969482422,30.200000762939453,30.19499969482422,30.200000762939453,631,0.0,0.0
2024-06-03 14:31:00-04:00,30.200000762939453,30.204999923706055,30.200000762939453,30.204999923706055,722,0.0,0.0
2024-06-03 14:33:00-04:00,30.190000534057617,30.209999084472656,30.190000534057617,30.209999084472656,2475,0.0,0.0
2024-06-03 14:34:00-04:00,30.20009994506836,30.209999084472656,30.20009994506836,30.200700759887695,2001,0.0,0.0
2024-06-03 14:35:00-04:00,30.209999084472656,30.209999084472656,30.209999084472656,30.209999084472656,1167,0.0,0.0
2024-06-03 14:36:00-04:00,30.209999084472656,30.209999084472656,30.209999084472656,30.209999084472656,1176,0.0,0.0
2024-06-03 14:37:00-04:00,30.209999084472656,30.209999084472656,30.209999084472656,30.209999084472656,448,0.0,0.0
2024-06-03 14:38:00-04:00,30.20240020751953,30.20240020751953,30.170000076293945,30.174999237060547,6736,0.0,0.0
2024-06-03 14:39:00-04:00,30.170000076293945,30.174999237060547,30.170000076293945,30.174999237060547,1000,0.0,0.0
2024-06-03 14:40:00-04:00,30.190000534057617,30.209999084472656,30.190000534057617,30.209999084472656,1826,0.0,0.0
2024-06-03 14:41:00-04:00,30.190000534057617,30.190000534057617,30.190000534057617,30.190000534057617,1046,0.0,0.0
2024-06-03 14:42:00-04:00,30.18000030517578,30.18000030517578,30.18000030517578,30.18000030517578,1631,0.0,0.0
2024-06-03 14:43:00-04:00,30.15999984741211,30.15999984741211,30.149999618530273,30.149999618530273,798,0.0,0.0
2024-06-03 14:44:00-04:00,30.165000915527344,30.165000915527344,30.157499313354492,30.165000915527344,2023,0.0,0.0
2024-06-03 14:45:00-04:00,30.170000076293945,30.18000030517578,30.170000076293945,30.18000030517578,1760,0.0,0.0
2024-06-03 14:46:00-04:00,30.18000030517578,30.190000534057617,30.18000030517578,30.190000534057617,2071,0.0,0.0
2024-06-03 14:47:00-04:00,30.19409942626953,30.200000762939453,30.190000534057617,30.190000534057617,1598,0.0,0.0
2024-06-03 14:48:00-04:00,30.190000534057617,30.25,30.18000030517578,30.25,15843,0.0,0.0
2024-06-03 14:49:00-04:00,30.15999984741211,30.18000030517578,30.15999984741211,30.18000030517578,5959,0.0,0.0
2024-06-03 14:50:00-04:00,30.18000030517578,30.18000030517578,30.18000030517578,30.18000030517578,1155,0.0,0.0
2024-06-03 14:51:00-04:00,30.18000030517578,30.18000030517578,30.18000030517578,30.18000030517578,875,0.0,0.0
2024-06-03 14:52:00-04:00,30.18000030517578,30.18000030517578,30.18000030517578,30.18000030517578,954,0.0,0.0
2024-06-03 14:53:00-04:00,30.18000030517578,30.190000534057617,30.170000076293945,30.190000534057617,4800,0.0,0.0
2024-06-03 14:54:00-04:00,30.184999465942383,30.184999465942383,30.170000076293945,30.184999465942383,2866,0.0,0.0
2024-06-03 14:55:00-04:00,30.184999465942383,30.184999465942383,30.184999465942383,30.184999465942383,347,0.0,0.0
2024-06-03 14:56:00-04:00,30.184999465942383,30.184999465942383,30.184999465942383,30.184999465942383,650,0.0,0.0
2024-06-03 14:57:00-04:00,30.184999465942383,30.200000762939453,30.184999465942383,30.200000762939453,1165,0.0,0.0
2024-06-03 14:58:00-04:00,30.18000030517578,30.200000762939453,30.18000030517578,30.200000762939453,1629,0.0,0.0
2024-06-03 14:59:00-04:00,30.190000534057617,30.190000534057617,30.190000534057617,30.190000534057617,514,0.0,0.0
2024-06-03 15:00:00-04:00,30.18000030517578,30.200000762939453,30.165000915527344,30.170000076293945,4940,0.0,0.0
2024-06-03 15:01:00-04:00,30.170000076293945,30.170000076293945,30.170000076293945,30.170000076293945,925,0.0,0.0
2024-06-03 15:02:00-04:00,30.170000076293945,30.170000076293945,30.170000076293945,30.170000076293945,781,0.0,0.0
2024-06-03 15:03:00-04:00,30.170000076293945,30.170000076293945,30.170000076293945,30.170000076293945,884,0.0,0.0
2024-06-03 15:04:00-04:00,30.18000030517578,30.18000030517578,30.170000076293945,30.170000076293945,2154,0.0,0.0
2024-06-03 15:05:00-04:00,30.170000076293945,30.170000076293945,30.15999984741211,30.165000915527344,2729,0.0,0.0
2024-06-03 15:06:00-04:00,30.15999984741211,30.15999984741211,30.15999984741211,30.15999984741211,1286,0.0,0.0
2024-06-03 15:07:00-04:00,30.15999984741211,30.165000915527344,30.15999984741211,30.165000915527344,417,0.0,0.0
2024-06-03 15:08:00-04:00,30.15999984741211,30.15999984741211,30.15999984741211,30.15999984741211,789,0.0,0.0
2024-06-03 15:09:00-04:00,30.15999984741211,30.165000915527344,30.15999984741211,30.165000915527344,2216,0.0,0.0
2024-06-03 15:10:00-04:00,30.170000076293945,30.200000762939453,30.170000076293945,30.18000030517578,11652,0.0,0.0
2024-06-03 15:11:00-04:00,30.190000534057617,30.190000534057617,30.174999237060547,30.174999237060547,980,0.0,0.0
2024-06-03 15:12:00-04:00,30.174999237060547,30.18000030517578,30.174999237060547,30.18000030517578,1266,0.0,0.0
2024-06-03 15:13:00-04:00,30.184999465942383,30.184999465942383,30.184999465942383,30.184999465942383,764,0.0,0.0
2024-06-03 15:14:00-04:00,30.184999465942383,30.190000534057617,30.18000030517578,30.190000534057617,1487,0.0,0.0
2024-06-03 15:15:00-04:00,30.18000030517578,30.18000030517578,30.18000030517578,30.18000030517578,2193,0.0,0.0
2024-06-03 15:16:00-04:00,30.18000030517578,30.190000534057617,30.18000030517578,30.190000534057617,3749,0.0,0.0
2024-06-03 15:17:00-04:00,30.200000762939453,30.200000762939453,30.200000762939453,30.200000762939453,296,0.0,0.0
2024-06-03 15:18:00-04:00,30.209999084472656,30.25,30.209999084472656,30.239999771118164,6535,0.0,0.0
2024-06-03 15:19:00-04:00,30.229999542236328,30.229999542236328,30.21500015258789,30.21500015258789,2547,0.0,0.0
2024-06-03 15:20:00-04:00,30.190000534057617,30.190000534057617,30.18000030517578,30.18000030517578,2646,0.0,0.0
2024-06-03 15:21:00-04:00,30.18000030517578,30.190000534057617,30.18000030517578,30.190000534057617,5151,0.0,0.0
2024-06-03 15:22:00-04:00,30.190000534057617,30.190000534057617,30.165000915527344,30.18000030517578,3512,0.0,0.0
2024-06-03 15:23:00-04:00,30.18000030517578,30.18000030517578,30.18000030517578,30.18000030517578,276,0.0,0.0
2024-06-03 15:24:00-04:00,30.190000534057617,30.190000534057617,30.18000030517578,30.18000030517578,1159,0.0,0.0
2024-06-03 15:25:00-04:00,30.184999465942383,30.184999465942383,30.18000030517578,30.18000030517578,1011,0.0,0.0
2024-06-03 15:26:00-04:00,30.18000030517578,30.190000534057617,30.18000030517578,30.190000534057617,6100,0.0,0.0
2024-06-03 15:27:00-04:00,30.18000030517578,30.18000030517578,30.170000076293945,30.18000030517578,3998,0.0,0.0
2024-06-03 15:28:00-04:00,30.18000030517578,30.18000030517578,30.174999237060547,30.18000030517578,581,0.0,0.0
2024-06-03 15:29:00-04:00,30.18000030517578,30.18000030517578,30.18000030517578,30.18000030517578,1084,0.0,0.0
2024-06-03 15:30:00-04:00,30.18000030517578,30.18000030517578,30.170000076293945,30.18000030517578,4715,0.0,0.0
2024-06-03 15:31:00-04:00,30.18000030517578,30.184999465942383,30.18000030517578,30.184999465942383,2156,0.0,0.0
2024-06-03 15:32:00-04:00,30.18000030517578,30.18000030517578,30.18000030517578,30.18000030517578,245,0.0,0.0
2024-06-03 15:33:00-04:00,30.184999465942383,30.184999465942383,30.170000076293945,30.18000030517578,8826,0.0,0.0
2024-06-03 15:34:00-04:00,30.18899917602539,30.18899917602539,30.18000030517578,30.18000030517578,1177,0.0,0.0
2024-06-03 15:35:00-04:00,30.174999237060547,30.174999237060547,30.174999237060547,30.174999237060547,226,0.0,0.0
2024-06-03 15:36:00-04:00,30.174999237060547,30.174999237060547,30.149999618530273,30.15999984741211,5599,0.0,0.0
2024-06-03 15:37:00-04:00,30.15999984741211,30.170000076293945,30.15999984741211,30.165000915527344,2127,0.0,0.0
2024-06-03 15:38:00-04:00,30.165000915527344,30.165000915527344,30.165000915527344,30.165000915527344,1249,0.0,0.0
2024-06-03 15:39:00-04:00,30.165000915527344,30.165000915527344,30.165000915527344,30.165000915527344,1390,0.0,0.0
2024-06-03 15:40:00-04:00,30.165000915527344,30.165000915527344,30.15999984741211,30.15999984741211,4588,0.0,0.0
2024-06-03 15:41:00-04:00,30.165000915527344,30.18000030517578,30.15999984741211,30.18000030517578,7702,0.0,0.0
2024-06-03 15:42:00-04:00,30.18000030517578,30.184999465942383,30.18000030517578,30.184999465942383,1379,0.0,0.0
2024-06-03 15:43:00-04:00,30.190000534057617,30.19499969482422,30.170000076293945,30.18000030517578,7648,0.0,0.0
2024-06-03 15:44:00-04:00,30.18000030517578,30.18000030517578,30.18000030517578,30.18000030517578,2056,0.0,0.0
2024-06-03 15:45:00-04:00,30.184999465942383,30.184999465942383,30.18000030517578,30.18000030517578,910,0.0,0.0
2024-06-03 15:46:00-04:00,30.184999465942383,30.200000762939453,30.184999465942383,30.19499969482422,4107,0.0,0.0
2024-06-03 15:47:00-04:00,30.19499969482422,30.19499969482422,30.19499969482422,30.19499969482422,876,0.0,0.0
2024-06-03 15:48:00-04:00,30.190000534057617,30.19499969482422,30.190000534057617,30.19499969482422,1094,0.0,0.0
2024-06-03 15:49:00-04:00,30.19499969482422,30.200000762939453,30.190000534057617,30.200000762939453,1618,0.0,0.0
2024-06-03 15:50:00-04:00,30.190000534057617,30.190000534057617,30.174999237060547,30.184999465942383,6778,0.0,0.0
2024-06-03 15:51:00-04:00,30.18000030517578,30.18000030517578,30.174999237060547,30.174999237060547,3589,0.0,0.0
2024-06-03 15:52:00-04:00,30.174999237060547,30.174999237060547,30.170000076293945,30.174999237060547,3274,0.0,0.0
2024-06-03 15:53:00-04:00,30.174999237060547,30.19499969482422,30.174999237060547,30.18000030517578,6912,0.0,0.0
2024-06-03 15:54:00-04:00,30.184999465942383,30.239999771118164,30.184999465942383,30.239999771118164,9066,0.0,0.0
2024-06-03 15:55:00-04:00,30.25,30.290000915527344,30.25,30.28499984741211,13716,0.0,0.0
2024-06-03 15:56:00-04:00,30.28499984741211,30.34000015258789,30.28499984741211,30.299999237060547,16292,0.0,0.0
2024-06-03 15:57:00-04:00,30.30500030517578,30.329999923706055,30.299999237060547,30.31999969482422,10655,0.0,0.0
2024-06-03 15:58:00-04:00,30.299999237060547,30.325000762939453,30.299999237060547,30.31999969482422,9009,0.0,0.0
2024-06-03 15:59:00-04:00,30.325000762939453,30.360000610351562,30.30500030517578,30.350000381469727,25307,0.0,0.0
2024-06-04 09:30:00-04:00,30.15999984741211,30.239999771118164,30.15999984741211,30.239999771118164,13392,0.0,0.0
2024-06-04 09:31:00-04:00,30.229999542236328,30.229999542236328,30.229999542236328,30.229999542236328,300,0.0,0.0
2024-06-04 09:32:00-04:00,30.229999542236328,30.235000610351562,30.219999313354492,30.219999313354492,629,0.0,0.0
2024-06-04 09:33:00-04:00,30.21500015258789,30.21500015258789,30.149999618530273,30.209999084472656,1824,0.0,0.0
2024-06-04 09:34:00-04:00,30.219999313354492,30.235000610351562,30.219999313354492,30.235000610351562,661,0.0,0.0
2024-06-04 09:35:00-04:00,30.15999984741211,30.15999984741211,30.09000015258789,30.139999389648438,2039,0.0,0.0
2024-06-04 09:37:00-04:00,30.18000030517578,30.18000030517578,30.18000030517578,30.18000030517578,288,0.0,0.0
2024-06-04 09:38:00-04:00,30.165000915527344,30.165000915527344,30.165000915527344,30.165000915527344,104,0.0,0.0
2024-06-04 09:39:00-04:00,30.1200008392334,30.145000457763672,30.1200008392334,30.145000457763672,1080,0.0,0.0
2024-06-04 09:42:00-04:00,30.1299991607666,30.149999618530273,30.1200008392334,30.125,2011,0.0,0.0
2024-06-04 09:43:00-04:00,30.1299991607666,30.1299991607666,30.1299991607666,30.1299991607666,559,0.0,0.0
2024-06-04 09:45:00-04:00,30.110000610351562,30.110000610351562,30.110000610351562,30.110000610351562,111,0.0,0.0
2024-06-04 09:46:00-04:00,30.149999618530273,30.149999618530273,30.1299991607666,30.1299991607666,772,0.0,0.0
2024-06-04 09:47:00-04:00,30.1299991607666,30.139999389648438,30.1299991607666,30.139999389648438,1184,0.0,0.0
2024-06-04 09:49:00-04:00,30.139999389648438,30.139999389648438,30.139999389648438,30.139999389648438,625,0.0,0.0
2024-06-04 09:50:00-04:00,30.120100021362305,30.120100021362305,30.120100021362305,30.120100021362305,517,0.0,0.0
2024-06-04 09:51:00-04:00,30.149999618530273,30.149999618530273,30.135000228881836,30.139999389648438,1452,0.0,0.0
2024-06-04 09:53:00-04:00,30.1200008392334,30.149999618530273,30.110000610351562,30.125,3387,0.0,0.0
2024-06-04 09:54:00-04:00,30.1200008392334,30.139999389648438,30.1200008392334,30.1299991607666,1858,0.0,0.0
2024-06-04 09:55:00-04:00,30.139999389648438,30.145000457763672,30.139999389648438,30.145000457763672,285,0.0,0.0
2024-06-04 09:56:00-04:00,30.135000228881836,30.135000228881836,30.135000228881836,30.135000228881836,176,0.0,0.0
2024-06-04 09:59:00-04:00,30.1299991607666,30.1299991607666,30.1299991607666,30.1299991607666,575,0.0,0.0
2024-06-04 10:00:00-04:00,30.149999618530273,30.15999984741211,30.079999923706055,30.09000015258789,11425,0.0,0.0
2024-06-04 10:01:00-04:00,30.110000610351562,30.110000610351562,30.110000610351562,30.110000610351562,1444,0.0,0.0
2024-06-04 10:02:00-04:00,30.100000381469727,30.139999389648438,30.100000381469727,30.1299991607666,4849,0.0,0.0
2024-06-04 10:03:00-04:00,30.149999618530273,30.149999618530273,30.149999618530273,30.149999618530273,340,0.0,0.0
2024-06-04 10:04:00-04:00,30.1200008392334,30.1299991607666,30.1200008392334,30.1299991607666,766,0.0,0.0
2024-06-04 10:05:00-04:00,30.1299991607666,30.1299991607666,30.110000610351562,30.1299991607666,3580,0.0,0.0
2024-06-04 10:06:00-04:00,30.1200008392334,30.139999389648438,30.114999771118164,30.125,2367,0.0,0.0
2024-06-04 10:07:00-04:00,30.125,30.125,30.125,30.125,356,0.0,0.0
2024-06-04 10:10:00-04:00,30.1200008392334,30.1200008392334,30.114999771118164,30.114999771118164,704,0.0,0.0
2024-06-04 10:11:00-04:00,30.149999618530273,30.149999618530273,30.149999618530273,30.149999618530273,1598,0.0,0.0
2024-06-04 10:12:00-04:00,30.1200008392334,30.1200008392334,30.020000457763672,30.030000686645508,2048,0.0,0.0
2024-06-04 10:13:00-04:00,30.030000686645508,30.040000915527344,30.030000686645508,30.030000686645508,1231,0.0,0.0
2024-06-04 10:14:00-04:00,30.024999618530273,30.024999618530273,30.024999618530273,30.024999618530273,484,0.0,0.0
2024-06-04 10:15:00-04:00,30.020000457763672,30.030000686645508,30.020000457763672,30.030000686645508,3160,0.0,0.0
2024-06-04 10:16:00-04:00,30.030000686645508,30.030000686645508,30.030000686645508,30.030000686645508,606,0.0,0.0
2024-06-04 10:17:00-04:00,30.030000686645508,30.030000686645508,30.030000686645508,30.030000686645508,126,0.0,0.0
2024-06-04 10:18:00-04:00,30.030000686645508,30.030000686645508,30.030000686645508,30.030000686645508,604,0.0,0.0
2024-06-04 10:19:00-04:00,30.040000915527344,30.049999237060547,30.040000915527344,30.040000915527344,2302,0.0,0.0
2024-06-04 10:20:00-04:00,30.020000457763672,30.03499984741211,30.020000457763672,30.024999618530273,1788,0.0,0.0
2024-06-04 10:21:00-04:00,30.024999618530273,30.024999618530273,30.010000228881836,30.014999389648438,2103,0.0,0.0
2024-06-04 10:22:00-04:00,30.020000457763672,30.020000457763672,30.00040054321289,30.00040054321289,1514,0.0,0.0
2024-06-04 10:24:00-04:00,30.024999618530273,30.024999618530273,29.96500015258789,29.96500015258789,5128,0.0,0.0
2024-06-04 10:25:00-04:00,29.979999542236328,30.020000457763672,29.979999542236328,30.020000457763672,3541,0.0,0.0
2024-06-04 10:27:00-04:00,30.020000457763672,30.020000457763672,30.020000457763672,30.020000457763672,760,0.0,0.0
2024-06-04 10:28:00-04:00,30.030000686645508,30.040000915527344,30.014999389648438,30.040000915527344,1450,0.0,0.0
2024-06-04 10:29:00-04:00,30.040000915527344,30.040000915527344,30.030000686645508,30.030000686645508,281,0.0,0.0
2024-06-04 10:30:00-04:00,30.020000457763672,30.020000457763672,30.020000457763672,30.020000457763672,162,0.0,0.0
2024-06-04 10:31:00-04:00,30.030000686645508,30.06999969482422,30.030000686645508,30.06999969482422,3509,0.0,0.0
2024-06-04 10:32:00-04:00,30.079999923706055,30.09000015258789,30.079999923706055,30.084999084472656,602,0.0,0.0
2024-06-04 10:33:00-04:00,30.079999923706055,30.079999923706055,30.059999465942383,30.079999923706055,1968,0.0,0.0
2024-06-04 10:34:00-04:00,30.084999084472656,30.084999084472656,30.084999084472656,30.084999084472656,379,0.0,0.0
2024-06-04 10:35:00-04:00,30.084999084472656,30.084999084472656,30.079999923706055,30.079999923706055,1238,0.0,0.0
2024-06-04 10:36:00-04:00,30.079999923706055,30.079999923706055,30.05500030517578,30.079999923706055,3665,0.0,0.0
2024-06-04 10:37:00-04:00,30.059999465942383,30.059999465942383,30.059999465942383,30.059999465942383,695,0.0,0.0
2024-06-04 10:40:00-04:00,30.06999969482422,30.06999969482422,30.06999969482422,30.06999969482422,1245,0.0,0.0
2024-06-04 10:43:00-04:00,30.065000534057617,30.065000534057617,30.065000534057617,30.065000534057617,1657,0.0,0.0
2024-06-04 10:47:00-04:00,30.059999465942383,30.059999465942383,30.059999465942383,30.059999465942383,312,0.0,0.0
2024-06-04 10:48:00-04:00,30.059999465942383,30.059999465942383,30.059999465942383,30.059999465942383,2191,0.0,0.0
2024-06-04 10:49:00-04:00,30.05500030517578,30.059999465942383,30.05500030517578,30.059999465942383,1405,0.0,0.0
2024-06-04 10:50:00-04:00,30.056100845336914,30.056100845336914,30.056100845336914,30.056100845336914,287,0.0,0.0
2024-06-04 10:52:00-04:00,30.059999465942383,30.059999465942383,30.059999465942383,30.059999465942383,159,0.0,0.0
2024-06-04 10:53:00-04:00,30.049999237060547,30.05500030517578,30.010000228881836,30.030000686645508,7425,0.0,0.0
2024-06-04 10:54:00-04:00,30.030000686645508,30.030000686645508,30.030000686645508,30.030000686645508,503,0.0,0.0
2024-06-04 10:55:00-04:00,30.030000686645508,30.030000686645508,30.030000686645508,30.030000686645508,540,0.0,0.0
2024-06-04 10:56:00-04:00,30.014999389648438,30.014999389648438,30.010000228881836,30.010000228881836,872,0.0,0.0
2024-06-04 10:57:00-04:00,30.0,30.020000457763672,29.989999771118164,30.020000457763672,4509,0.0,0.0
2024-06-04 10:58:00-04:00,30.020000457763672,30.020000457763672,30.020000457763672,30.020000457763672,700,0.0,0.0
2024-06-04 10:59:00-04:00,30.020000457763672,30.020000457763672,30.020000457763672,30.020000457763672,741,0.0,0.0
2024-06-04 11:00:00-04:00,30.020000457763672,30.020000457763672,30.020000457763672,30.020000457763672,1014,0.0,0.0
2024-06-04 11:02:00-04:00,30.020000457763672,30.020000457763672,30.020000457763672,30.020000457763672,377,0.0,0.0
2024-06-04 11:03:00-04:00,30.024999618530273,30.024999618530273,30.024999618530273,30.024999618530273,1206,0.0,0.0
2024-06-04 11:04:00-04:00,30.024999618530273,30.024999618530273,29.969999313354492,29.969999313354492,6637,0.0,0.0
2024-06-04 11:05:00-04:00,29.97800064086914,30.025999069213867,29.969999313354492,30.025999069213867,12342,0.0,0.0
2024-06-04 11:06:00-04:00,30.010000228881836,30.020000457763672,30.010000228881836,30.014999389648438,1994,0.0,0.0
2024-06-04 11:07:00-04:00,30.020000457763672,30.030000686645508,30.019699096679688,30.030000686645508,2552,0.0,0.0
2024-06-04 11:08:00-04:00,30.03499984741211,30.05500030517578,30.03499984741211,30.049999237060547,5960,0.0,0.0
2024-06-04 11:09:00-04:00,30.049999237060547,30.049999237060547,30.020000457763672,30.020000457763672,822,0.0,0.0
2024-06-04 11:11:00-04:00,30.030000686645508,30.040000915527344,30.030000686645508,30.040000915527344,2022,0.0,0.0
2024-06-04 11:13:00-04:00,30.059999465942383,30.079999923706055,30.059999465942383,30.079999923706055,4174,0.0,0.0
2024-06-04 11:14:00-04:00,30.089000701904297,30.110000610351562,30.089000701904297,30.110000610351562,2900,0.0,0.0
2024-06-04 11:15:00-04:00,30.1299991607666,30.149999618530273,30.1299991607666,30.149999618530273,1877,0.0,0.0
2024-06-04 11:17:00-04:00,30.121000289916992,30.1299991607666,30.110000610351562,30.1299991607666,4770,0.0,0.0
2024-06-04 11:18:00-04:00,30.1299991607666,30.1299991607666,30.1299991607666,30.1299991607666,1268,0.0,0.0
2024-06-04 11:19:00-04:00,30.1200008392334,30.1200008392334,30.1200008392334,30.1200008392334,128,0.0,0.0
2024-06-04 11:20:00-04:00,30.1200008392334,30.1299991607666,30.100000381469727,30.110000610351562,8414,0.0,0.0
2024-06-04 11:22:00-04:00,30.100099563598633,30.1200008392334,30.100099563598633,30.1200008392334,505,0.0,0.0
2024-06-04 11:24:00-04:00,30.1200008392334,30.1200008392334,30.1200008392334,30.1200008392334,248,0.0,0.0
2024-06-04 11:25:00-04:00,30.1200008392334,30.1200008392334,30.1200008392334,30.1200008392334,238,0.0,0.0
2024-06-04 11:26:00-04:00,30.1200008392334,30.1200008392334,30.1200008392334,30.1200008392334,1715,0.0,0.0
2024-06-04 11:29:00-04:00,30.1200008392334,30.1200008392334,30.1200008392334,30.1200008392334,150,0.0,0.0
2024-06-04 11:30:00-04:00,30.100000381469727,30.149999618530273,30.100000381469727,30.149999618530273,5769,0.0,0.0
2024-06-04 11:31:00-04:00,30.149999618530273,30.149999618530273,30.149999618530273,30.149999618530273,1219,0.0,0.0
2024-06-04 11:33:00-04:00,30.139999389648438,30.149999618530273,30.139999389648438,30.145000457763672,1689,0.0,0.0
2024-06-04 11:34:00-04:00,30.1299991607666,30.145000457763672,30.1299991607666,30.1299991607666,1415,0.0,0.0
2024-06-04 11:35:00-04:00,30.145000457763672,30.145000457763672,30.145000457763672,30.145000457763672,422,0.0,0.0
2024-06-04 11:36:00-04:00,30.149999618530273,30.149999618530273,30.1200008392334,30.139999389648438,2186,0.0,0.0
2024-06-04 11:37:00-04:00,30.139999389648438,30.139999389648438,30.1200008392334,30.135000228881836,2456,0.0,0.0
2024-06-04 11:38:00-04:00,30.139999389648438,30.149999618530273,30.110000610351562,30.114999771118164,8178,0.0,0.0
2024-06-04 11:39:00-04:00,30.110000610351562,30.110000610351562,30.110000610351562,30.110000610351562,1368,0.0,0.0
2024-06-04 11:40:00-04:00,30.110000610351562,30.110000610351562,30.110000610351562,30.110000610351562,642,0.0,0.0
2024-06-04 11:41:00-04:00,30.110000610351562,30.110000610351562,30.110000610351562,30.110000610351562,650,0.0,0.0
2024-06-04 11:42:00-04:00,30.110000610351562,30.1200008392334,30.09000015258789,30.1200008392334,2100,0.0,0.0
2024-06-04 11:43:00-04:00,30.104999542236328,30.104999542236328,30.100000381469727,30.104999542236328,630,0.0,0.0
2024-06-04 11:44:00-04:00,30.104999542236328,30.104999542236328,30.104999542236328,30.104999542236328,264,0.0,0.0
2024-06-04 11:45:00-04:00,30.104999542236328,30.104999542236328,30.104999542236328,30.104999542236328,525,0.0,0.0
2024-06-04 11:46:00-04:00,30.104999542236328,30.104999542236328,30.104999542236328,30.104999542236328,307,0.0,0.0
2024-06-04 11:47:00-04:00,30.104999542236328,30.104999542236328,30.104999542236328,30.104999542236328,996,0.0,0.0
2024-06-04 11:50:00-04:00,30.104999542236328,30.104999542236328,30.104999542236328,30.104999542236328,674,0.0,0.0
2024-06-04 11:51:00-04:00,30.110000610351562,30.110000610351562,30.104999542236328,30.104999542236328,881,0.0,0.0
2024-06-04 11:52:00-04:00,30.09000015258789,30.104999542236328,30.09000015258789,30.104999542236328,728,0.0,0.0
2024-06-04 11:53:00-04:00,30.1200008392334,30.125,30.110000610351562,30.125,2363,0.0,0.0
2024-06-04 11:54:00-04:00,30.125,30.145000457763672,30.1200008392334,30.1299991607666,8237,0.0,0.0
2024-06-04 11:57:00-04:00,30.139999389648438,30.139999389648438,30.1299991607666,30.1299991607666,1440,0.0,0.0
2024-06-04 11:59:00-04:00,30.1299991607666,30.1299991607666,30.1299991607666,30.1299991607666,316,0.0,0.0
2024-06-04 12:00:00-04:00,30.1299991607666,30.1299991607666,30.1299991607666,30.1299991607666,371,0.0,0.0
2024-06-04 12:02:00-04:00,30.1299991607666,30.1299991607666,30.1200008392334,30.1299991607666,2076,0.0,0.0
2024-06-04 12:03:00-04:00,30.139999389648438,30.149999618530273,30.1299991607666,30.149999618530273,1894,0.0,0.0
2024-06-04 12:04:00-04:00,30.149999618530273,30.149999618530273,30.149999618530273,30.149999618530273,1244,0.0,0.0
2024-06-04 12:05:00-04:00,30.139999389648438,30.139999389648438,30.1200008392334,30.1200008392334,1636,0.0,0.0
2024-06-04 12:07:00-04:00,30.114999771118164,30.114999771118164,30.114999771118164,30.114999771118164,1063,0.0,0.0
2024-06-04 12:08:00-04:00,30.114999771118164,30.114999771118164,30.094999313354492,30.100000381469727,1314,0.0,0.0
2024-06-04 12:09:00-04:00,30.094999313354492,30.094999313354492,30.094999313354492,30.094999313354492,871,0.0,0.0
2024-06-04 12:10:00-04:00,30.09000015258789,30.09000015258789,30.084999084472656,30.084999084472656,1244,0.0,0.0
2024-06-04 12:11:00-04:00,30.084999084472656,30.100000381469727,30.045000076293945,30.045000076293945,3123,0.0,0.0
2024-06-04 12:12:00-04:00,30.045000076293945,30.049999237060547,30.045000076293945,30.049999237060547,3539,0.0,0.0
2024-06-04 12:13:00-04:00,30.049999237060547,30.049999237060547,30.045000076293945,30.045000076293945,853,0.0,0.0
2024-06-04 12:14:00-04:00,30.045000076293945,30.045000076293945,30.045000076293945,30.045000076293945,200,0.0,0.0
2024-06-04 12:15:00-04:00,30.045000076293945,30.045000076293945,30.045000076293945,30.045000076293945,1230,0.0,0.0
2024-06-04 12:17:00-04:00,30.040000915527344,30.040000915527344,30.040000915527344,30.040000915527344,475,0.0,0.0
2024-06-04 12:18:00-04:00,30.040000915527344,30.040000915527344,30.040000915527344,30.040000915527344,688,0.0,0.0
2024-06-04 12:21:00-04:00,30.040000915527344,30.040000915527344,30.040000915527344,30.040000915527344,238,0.0,0.0
2024-06-04 12:22:00-04:00,30.040000915527344,30.049999237060547,30.030000686645508,30.040000915527344,4123,0.0,0.0
2024-06-04 12:23:00-04:00,30.040000915527344,30.040000915527344,30.040000915527344,30.040000915527344,274,0.0,0.0
2024-06-04 12:24:00-04:00,30.040000915527344,30.040000915527344,30.040000915527344,30.040000915527344,251,0.0,0.0
2024-06-04 12:25:00-04:00,30.040000915527344,30.040000915527344,30.040000915527344,30.040000915527344,470,0.0,0.0
2024-06-04 12:26:00-04:00,30.045000076293945,30.045000076293945,30.045000076293945,30.045000076293945,523,0.0,0.0
2024-06-04 12:27:00-04:00,30.045000076293945,30.045000076293945,30.045000076293945,30.045000076293945,126,0.0,0.0
2024-06-04 12:28:00-04:00,30.045000076293945,30.100000381469727,30.045000076293945,30.100000381469727,5461,0.0,0.0
2024-06-04 12:29:00-04:00,30.09000015258789,30.09000015258789,30.084999084472656,30.09000015258789,3733,0.0,0.0
2024-06-04 12:30:00-04:00,30.08009910583496,30.09000015258789,30.079999923706055,30.09000015258789,1690,0.0,0.0
2024-06-04 12:31:00-04:00,30.07900047302246,30.100000381469727,30.07900047302246,30.100000381469727,1288,0.0,0.0
2024-06-04 12:32:00-04:00,30.104999542236328,30.110000610351562,30.104999542236328,30.110000610351562,1849,0.0,0.0
2024-06-04 12:33:00-04:00,30.100000381469727,30.100000381469727,30.09000015258789,30.09000015258789,393,0.0,0.0
2024-06-04 12:34:00-04:00,30.09000015258789,30.094999313354492,30.09000015258789,30.094999313354492,805,0.0,0.0
2024-06-04 12:35:00-04:00,30.094999313354492,30.094999313354492,30.094999313354492,30.094999313354492,108,0.0,0.0
2024-06-04 12:36:00-04:00,30.09000015258789,30.09000015258789,30.06999969482422,30.09000015258789,1510,0.0,0.0
2024-06-04 12:37:00-04:00,30.094999313354492,30.114999771118164,30.094999313354492,30.114999771118164,2827,0.0,0.0
2024-06-04 12:38:00-04:00,30.1200008392334,30.1299991607666,30.1200008392334,30.1299991607666,1636,0.0,0.0
2024-06-04 12:39:00-04:00,30.141000747680664,30.141000747680664,30.1200008392334,30.1299991607666,3863,0.0,0.0
2024-06-04 12:40:00-04:00,30.1299991607666,30.1299991607666,30.110000610351562,30.110000610351562,785,0.0,0.0
2024-06-04 12:46:00-04:00,30.1299991607666,30.1299991607666,30.125,30.1299991607666,909,0.0,0.0
2024-06-04 12:48:00-04:00,30.125,30.125,30.125,30.125,376,0.0,0.0
2024-06-04 12:49:00-04:00,30.125,30.125,30.125,30.125,260,0.0,0.0
2024-06-04 12:50:00-04:00,30.125,30.125,30.125,30.125,274,0.0,0.0
2024-06-04 12:52:00-04:00,30.125,30.125,30.125,30.125,468,0.0,0.0
2024-06-04 12:53:00-04:00,30.125,30.139999389648438,30.110000610351562,30.139999389648438,6599,0.0,0.0
2024-06-04 12:54:00-04:00,30.130399703979492,30.130399703979492,30.130399703979492,30.130399703979492,446,0.0,0.0
2024-06-04 12:56:00-04:00,30.1299991607666,30.1299991607666,30.1299991607666,30.1299991607666,3370,0.0,0.0
2024-06-04 12:58:00-04:00,30.1299991607666,30.1299991607666,30.114999771118164,30.114999771118164,1713,0.0,0.0
2024-06-04 12:59:00-04:00,30.1200008392334,30.1200008392334,30.1200008392334,30.1200008392334,108,0.0,0.0
2024-06-04 13:00:00-04:00,30.110000610351562,30.110000610351562,30.110000610351562,30.110000610351562,514,0.0,0.0
2024-06-04 13:01:00-04:00,30.100000381469727,30.100000381469727,30.100000381469727,30.100000381469727,1185,0.0,0.0
2024-06-04 13:02:00-04:00,30.094999313354492,30.094999313354492,30.094999313354492,30.094999313354492,278,0.0,0.0
2024-06-04 13:03:00-04:00,30.09000015258789,30.09000015258789,30.09000015258789,30.09000015258789,900,0.0,0.0
2024-06-04 13:04:00-04:00,30.09000015258789,30.09000015258789,30.09000015258789,30.09000015258789,642,0.0,0.0
2024-06-04 13:05:00-04:00,30.09000015258789,30.09000015258789,30.09000015258789,30.09000015258789,262,0.0,0.0
2024-06-04 13:06:00-04:00,30.09000015258789,30.09000015258789,30.079999923706055,30.09000015258789,1065,0.0,0.0
2024-06-04 13:07:00-04:00,30.094999313354492,30.100000381469727,30.094999313354492,30.094999313354492,3456,0.0,0.0
2024-06-04 13:08:00-04:00,30.094999313354492,30.094999313354492,30.094999313354492,30.094999313354492,806,0.0,0.0
2024-06-04 13:09:00-04:00,30.094999313354492,30.094999313354492,30.079999923706055,30.079999923706055,3010,0.0,0.0
2024-06-04 13:10:00-04:00,30.09000015258789,30.09000015258789,30.09000015258789,30.09000015258789,2426,0.0,0.0
2024-06-04 13:11:00-04:00,30.100000381469727,30.100000381469727,30.094999313354492,30.100000381469727,3541,0.0,0.0
2024-06-04 13:12:00-04:00,30.094999313354492,30.094999313354492,30.094999313354492,30.094999313354492,316,0.0,0.0
2024-06-04 13:13:00-04:00,30.099000930786133,30.125,30.094999313354492,30.1200008392334,4910,0.0,0.0
2024-06-04 13:14:00-04:00,30.125,30.125,30.1200008392334,30.1200008392334,3809,0.0,0.0
2024-06-04 13:16:00-04:00,30.114999771118164,30.114999771118164,30.110000610351562,30.110000610351562,2193,0.0,0.0
2024-06-04 13:20:00-04:00,30.104999542236328,30.104999542236328,30.104999542236328,30.104999542236328,179,0.0,0.0
2024-06-04 13:21:00-04:00,30.104999542236328,30.104999542236328,30.104999542236328,30.104999542236328,141,0.0,0.0
2024-06-04 13:22:00-04:00,30.104999542236328,30.104999542236328,30.104999542236328,30.104999542236328,530,0.0,0.0
2024-06-04 13:23:00-04:00,30.100000381469727,30.104999542236328,30.100000381469727,30.104999542236328,2794,0.0,0.0
2024-06-04 13:24:00-04:00,30.104999542236328,30.104999542236328,30.100000381469727,30.100000381469727,828,0.0,0.0
2024-06-04 13:25:00-04:00,30.104999542236328,30.110000610351562,30.100000381469727,30.110000610351562,6780,0.0,0.0
2024-06-04 13:26:00-04:00,30.104999542236328,30.104999542236328,30.104999542236328,30.104999542236328,129,0.0,0.0
2024-06-04 13:27:00-04:00,30.104999542236328,30.104999542236328,30.104999542236328,30.104999542236328,356,0.0,0.0
2024-06-04 13:28:00-04:00,30.104999542236328,30.104999542236328,30.104999542236328,30.104999542236328,281,0.0,0.0
2024-06-04 13:29:00-04:00,30.104999542236328,30.1200008392334,30.104999542236328,30.114999771118164,3696,0.0,0.0
2024-06-04 13:31:00-04:00,30.114999771118164,30.114999771118164,30.114999771118164,30.114999771118164,952,0.0,0.0
2024-06-04 13:32:00-04:00,30.114999771118164,30.114999771118164,30.114999771118164,30.114999771118164,306,0.0,0.0
2024-06-04 13:33:00-04:00,30.114999771118164,30.114999771118164,30.110000610351562,30.114999771118164,1096,0.0,0.0
2024-06-04 13:35:00-04:00,30.114999771118164,30.114999771118164,30.114999771118164,30.114999771118164,224,0.0,0.0
2024-06-04 13:36:00-04:00,30.110000610351562,30.114999771118164,30.110000610351562,30.114999771118164,1058,0.0,0.0
2024-06-04 13:37:00-04:00,30.114999771118164,30.114999771118164,30.114999771118164,30.114999771118164,628,0.0,0.0
2024-06-04 13:39:00-04:00,30.114999771118164,30.114999771118164,30.114999771118164,30.114999771118164,274,0.0,0.0
2024-06-04 13:41:00-04:00,30.114999771118164,30.1200008392334,30.114999771118164,30.1200008392334,312,0.0,0.0
2024-06-04 13:43:00-04:00,30.114999771118164,30.114999771118164,30.114999771118164,30.114999771118164,1056,0.0,0.0
2024-06-04 13:46:00-04:00,30.114999771118164,30.1200008392334,30.114999771118164,30.1200008392334,886,0.0,0.0
2024-06-04 13:47:00-04:00,30.1200008392334,30.155000686645508,30.1200008392334,30.155000686645508,6434,0.0,0.0
2024-06-04 13:49:00-04:00,30.15999984741211,30.15999984741211,30.139999389648438,30.139999389648438,1959,0.0,0.0
2024-06-04 13:50:00-04:00,30.139999389648438,30.139999389648438,30.139999389648438,30.139999389648438,243,0.0,0.0
2024-06-04 13:52:00-04:00,30.1299991607666,30.1299991607666,30.1200008392334,30.125,1646,0.0,0.0
2024-06-04 13:56:00-04:00,30.125,30.125,30.125,30.125,243,0.0,0.0
2024-06-04 13:57:00-04:00,30.1200008392334,30.125,30.100000381469727,30.100000381469727,3867,0.0,0.0
2024-06-04 13:59:00-04:00,30.100000381469727,30.100000381469727,30.091699600219727,30.091699600219727,628,0.0,0.0
2024-06-04 14:00:00-04:00,30.100000381469727,30.100000381469727,30.100000381469727,30.100000381469727,118,0.0,0.0
2024-06-04 14:01:00-04:00,30.100000381469727,30.110000610351562,30.100000381469727,30.110000610351562,3344,0.0,0.0
2024-06-04 14:02:00-04:00,30.110000610351562,30.11009979248047,30.110000610351562,30.11009979248047,418,0.0,0.0
2024-06-04 14:03:00-04:00,30.1200008392334,30.1200008392334,30.114999771118164,30.114999771118164,1278,0.0,0.0
2024-06-04 14:05:00-04:00,30.1200008392334,30.125,30.110000610351562,30.110000610351562,1456,0.0,0.0
2024-06-04 14:08:00-04:00,30.110000610351562,30.110000610351562,30.110000610351562,30.110000610351562,340,0.0,0.0
2024-06-04 14:10:00-04:00,30.110000610351562,30.114999771118164,30.110000610351562,30.114999771118164,2839,0.0,0.0
2024-06-04 14:15:00-04:00,30.1200008392334,30.135000228881836,30.1200008392334,30.135000228881836,4028,0.0,0.0
2024-06-04 14:17:00-04:00,30.1299991607666,30.15999984741211,30.1299991607666,30.139999389648438,5756,0.0,0.0
2024-06-04 14:18:00-04:00,30.1299991607666,30.135000228881836,30.125,30.1299991607666,3657,0.0,0.0
2024-06-04 14:19:00-04:00,30.139999389648438,30.139999389648438,30.139999389648438,30.139999389648438,807,0.0,0.0
2024-06-04 14:20:00-04:00,30.135000228881836,30.135000228881836,30.1299991607666,30.1299991607666,6244,0.0,0.0
2024-06-04 14:21:00-04:00,30.139999389648438,30.139999389648438,30.139999389648438,30.139999389648438,662,0.0,0.0
2024-06-04 14:22:00-04:00,30.143199920654297,30.143199920654297,30.143199920654297,30.143199920654297,422,0.0,0.0
2024-06-04 14:23:00-04:00,30.1299991607666,30.1299991607666,30.1200008392334,30.1299991607666,2023,0.0,0.0
2024-06-04 14:24:00-04:00,30.114999771118164,30.114999771118164,30.114999771118164,30.114999771118164,376,0.0,0.0
2024-06-04 14:25:00-04:00,30.114999771118164,30.114999771118164,30.104999542236328,30.104999542236328,1504,0.0,0.0
2024-06-04 14:26:00-04:00,30.110000610351562,30.110000610351562,30.110000610351562,30.110000610351562,576,0.0,0.0
2024-06-04 14:27:00-04:00,30.110000610351562,30.110000610351562,30.110000610351562,30.110000610351562,265,0.0,0.0
2024-06-04 14:28:00-04:00,30.110000610351562,30.110000610351562,30.110000610351562,30.110000610351562,308,0.0,0.0
2024-06-04 14:29:00-04:00,30.1200008392334,30.1200008392334,30.1200008392334,30.1200008392334,1714,0.0,0.0
2024-06-04 14:30:00-04:00,30.1299991607666,30.139999389648438,30.1200008392334,30.1299991607666,3093,0.0,0.0
2024-06-04 14:31:00-04:00,30.1299991607666,30.1299991607666,30.114999771118164,30.114999771118164,1379,0.0,0.0
2024-06-04 14:34:00-04:00,30.1200008392334,30.1200008392334,30.1200008392334,30.1200008392334,424,0.0,0.0
2024-06-04 14:36:00-04:00,30.1200008392334,30.1299991607666,30.1200008392334,30.1299991607666,1337,0.0,0.0
2024-06-04 14:37:00-04:00,30.1299991607666,30.1299991607666,30.1299991607666,30.1299991607666,262,0.0,0.0
2024-06-04 14:38:00-04:00,30.1299991607666,30.1299991607666,30.1299991607666,30.1299991607666,144,0.0,0.0
2024-06-04 14:39:00-04:00,30.139999389648438,30.139999389648438,30.1299991607666,30.1299991607666,240,0.0,0.0
2024-06-04 14:40:00-04:00,30.1299991607666,30.1299991607666,30.1299991607666,30.1299991607666,469,0.0,0.0
2024-06-04 14:41:00-04:00,30.1299991607666,30.1299991607666,30.1299991607666,30.1299991607666,503,0.0,0.0
2024-06-04 14:43:00-04:00,30.139999389648438,30.139999389648438,30.139999389648438,30.139999389648438,2661,0.0,0.0
2024-06-04 14:44:00-04:00,30.1299991607666,30.1299991607666,30.1299991607666,30.1299991607666,1867,0.0,0.0
2024-06-04 14:45:00-04:00,30.1299991607666,30.1299991607666,30.1299991607666,30.1299991607666,220,0.0,0.0
2024-06-04 14:47:00-04:00,30.1299991607666,30.1299991607666,30.1299991607666,30.1299991607666,208,0.0,0.0
2024-06-04 14:48:00-04:00,30.120100021362305,30.120100021362305,30.120100021362305,30.120100021362305,146,0.0,0.0
2024-06-04 14:50:00-04:00,30.1299991607666,30.170000076293945,30.1299991607666,30.15999984741211,6586,0.0,0.0
2024-06-04 14:51:00-04:00,30.170000076293945,30.170000076293945,30.139999389648438,30.139999389648438,3689,0.0,0.0
2024-06-04 14:53:00-04:00,30.1299991607666,30.135000228881836,30.1299991607666,30.135000228881836,812,0.0,0.0
2024-06-04 14:54:00-04:00,30.1299991607666,30.1299991607666,30.125,30.125,601,0.0,0.0
2024-06-04 14:55:00-04:00,30.125,30.139999389648438,30.125,30.1299991607666,1569,0.0,0.0
2024-06-04 14:56:00-04:00,30.1299991607666,30.1299991607666,30.1299991607666,30.1299991607666,164,0.0,0.0
2024-06-04 14:57:00-04:00,30.1299991607666,30.149999618530273,30.1299991607666,30.149999618530273,251,0.0,0.0
2024-06-04 14:58:00-04:00,30.1299991607666,30.1299991607666,30.125,30.125,1904,0.0,0.0
2024-06-04 14:59:00-04:00,30.1299991607666,30.1299991607666,30.1299991607666,30.1299991607666,311,0.0,0.0
2024-06-04 15:00:00-04:00,30.1299991607666,30.1299991607666,30.1299991607666,30.1299991607666,298,0.0,0.0
2024-06-04 15:01:00-04:00,30.1299991607666,30.1299991607666,30.114999771118164,30.1200008392334,2879,0.0,0.0
2024-06-04 15:02:00-04:00,30.114999771118164,30.114999771118164,30.114999771118164,30.114999771118164,1751,0.0,0.0
2024-06-04 15:03:00-04:00,30.114999771118164,30.1200008392334,30.104999542236328,30.1200008392334,6028,0.0,0.0
2024-06-04 15:04:00-04:00,30.110000610351562,30.114999771118164,30.110000610351562,30.114999771118164,1026,0.0,0.0
2024-06-04 15:05:00-04:00,30.114999771118164,30.114999771118164,30.114999771118164,30.114999771118164,3780,0.0,0.0
2024-06-04 15:07:00-04:00,30.110000610351562,30.114999771118164,30.049999237060547,30.079999923706055,8395,0.0,0.0
2024-06-04 15:08:00-04:00,30.075000762939453,30.110000610351562,30.075000762939453,30.110000610351562,4487,0.0,0.0
2024-06-04 15:09:00-04:00,30.100000381469727,30.104999542236328,30.100000381469727,30.104999542236328,1181,0.0,0.0
2024-06-04 15:10:00-04:00,30.100000381469727,30.100000381469727,30.100000381469727,30.100000381469727,692,0.0,0.0
2024-06-04 15:12:00-04:00,30.100000381469727,30.110000610351562,30.100000381469727,30.104999542236328,2985,0.0,0.0
2024-06-04 15:13:00-04:00,30.100000381469727,30.110000610351562,30.100000381469727,30.104999542236328,1015,0.0,0.0
2024-06-04 15:14:00-04:00,30.104999542236328,30.110000610351562,30.104999542236328,30.110000610351562,1412,0.0,0.0
2024-06-04 15:15:00-04:00,30.110000610351562,30.110000610351562,30.110000610351562,30.110000610351562,490,0.0,0.0
2024-06-04 15:16:00-04:00,30.104999542236328,30.104999542236328,30.104999542236328,30.104999542236328,1285,0.0,0.0
2024-06-04 15:17:00-04:00,30.100000381469727,30.104999542236328,30.100000381469727,30.104999542236328,1305,0.0,0.0
2024-06-04 15:19:00-04:00,30.104999542236328,30.104999542236328,30.100000381469727,30.104999542236328,2172,0.0,0.0
2024-06-04 15:20:00-04:00,30.104999542236328,30.104999542236328,30.104999542236328,30.104999542236328,200,0.0,0.0
2024-06-04 15:21:00-04:00,30.104999542236328,30.104999542236328,30.104999542236328,30.104999542236328,428,0.0,0.0
2024-06-04 15:22:00-04:00,30.104999542236328,30.104999542236328,30.104999542236328,30.104999542236328,201,0.0,0.0
2024-06-04 15:23:00-04:00,30.104999542236328,30.110000610351562,30.104999542236328,30.104999542236328,1780,0.0,0.0
2024-06-04 15:24:00-04:00,30.104999542236328,30.104999542236328,30.104999542236328,30.104999542236328,142,0.0,0.0
2024-06-04 15:25:00-04:00,30.104999542236328,30.104999542236328,30.104999542236328,30.104999542236328,398,0.0,0.0
2024-06-04 15:26:00-04:00,30.104999542236328,30.104999542236328,30.104999542236328,30.104999542236328,2783,0.0,0.0
2024-06-04 15:27:00-04:00,30.104999542236328,30.104999542236328,30.104999542236328,30.104999542236328,1323,0.0,0.0
2024-06-04 15:28:00-04:00,30.100000381469727,30.114999771118164,30.100000381469727,30.104999542236328,12367,0.0,0.0
2024-06-04 15:29:00-04:00,30.104999542236328,30.104999542236328,30.104999542236328,30.104999542236328,401,0.0,0.0
2024-06-04 15:30:00-04:00,30.104999542236328,30.104999542236328,30.104999542236328,30.104999542236328,761,0.0,0.0
2024-06-04 15:31:00-04:00,30.104999542236328,30.104999542236328,30.104999542236328,30.104999542236328,735,0.0,0.0
2024-06-04 15:32:00-04:00,30.104999542236328,30.110000610351562,30.100000381469727,30.110000610351562,5744,0.0,0.0
2024-06-04 15:33:00-04:00,30.104999542236328,30.104999542236328,30.09000015258789,30.094999313354492,11075,0.0,0.0
2024-06-04 15:34:00-04:00,30.100000381469727,30.100000381469727,30.09000015258789,30.09000015258789,5033,0.0,0.0
2024-06-04 15:35:00-04:00,30.094999313354492,30.094999313354492,30.03499984741211,30.045000076293945,6140,0.0,0.0
2024-06-04 15:36:00-04:00,30.045000076293945,30.049999237060547,30.045000076293945,30.045000076293945,607,0.0,0.0
2024-06-04 15:37:00-04:00,30.049999237060547,30.09000015258789,30.049999237060547,30.084999084472656,6988,0.0,0.0
2024-06-04 15:38:00-04:00,30.084999084472656,30.084999084472656,30.084999084472656,30.084999084472656,1756,0.0,0.0
2024-06-04 15:39:00-04:00,30.079999923706055,30.09000015258789,30.079999923706055,30.09000015258789,10510,0.0,0.0
2024-06-04 15:40:00-04:00,30.094999313354492,30.100000381469727,30.09000015258789,30.094999313354492,2085,0.0,0.0
2024-06-04 15:41:00-04:00,30.094999313354492,30.094999313354492,30.09000015258789,30.092500686645508,2974,0.0,0.0
2024-06-04 15:42:00-04:00,30.094999313354492,30.094999313354492,30.094999313354492,30.094999313354492,820,0.0,0.0
2024-06-04 15:43:00-04:00,30.100000381469727,30.110000610351562,30.100000381469727,30.104999542236328,4358,0.0,0.0
2024-06-04 15:44:00-04:00,30.104999542236328,30.104999542236328,30.104999542236328,30.104999542236328,953,0.0,0.0
2024-06-04 15:45:00-04:00,30.104999542236328,30.104999542236328,30.104999542236328,30.104999542236328,1225,0.0,0.0
2024-06-04 15:46:00-04:00,30.104999542236328,30.139999389648438,30.104999542236328,30.139999389648438,6286,0.0,0.0
2024-06-04 15:47:00-04:00,30.139999389648438,30.139999389648438,30.139999389648438,30.139999389648438,1196,0.0,0.0
2024-06-04 15:48:00-04:00,30.149999618530273,30.149999618530273,30.145000457763672,30.145000457763672,2347,0.0,0.0
2024-06-04 15:49:00-04:00,30.1299991607666,30.1299991607666,30.1299991607666,30.1299991607666,1839,0.0,0.0
2024-06-04 15:50:00-04:00,30.1299991607666,30.1299991607666,30.1299991607666,30.1299991607666,2403,0.0,0.0
2024-06-04 15:51:00-04:00,30.135000228881836,30.139999389648438,30.1299991607666,30.135000228881836,2165,0.0,0.0
2024-06-04 15:52:00-04:00,30.135000228881836,30.15999984741211,30.135000228881836,30.149999618530273,12385,0.0,0.0
2024-06-04 15:53:00-04:00,30.149999618530273,30.149999618530273,30.110000610351562,30.110000610351562,5740,0.0,0.0
2024-06-04 15:54:00-04:00,30.110000610351562,30.135000228881836,30.110000610351562,30.1299991607666,8544,0.0,0.0
2024-06-04 15:55:00-04:00,30.1299991607666,30.165000915527344,30.1299991607666,30.165000915527344,8665,0.0,0.0
2024-06-04 15:56:00-04:00,30.170000076293945,30.200000762939453,30.170000076293945,30.18000030517578,9652,0.0,0.0
2024-06-04 15:57:00-04:00,30.170000076293945,30.170000076293945,30.15999984741211,30.15999984741211,9155,0.0,0.0
2024-06-04 15:58:00-04:00,30.15999984741211,30.15999984741211,30.1299991607666,30.1299991607666,16266,0.0,0.0
2024-06-04 15:59:00-04:00,30.1299991607666,30.190000534057617,30.1299991607666,30.190000534057617,21035,0.0,0.0
2024-06-05 09:30:00-04:00,30.479999542236328,30.559999465942383,30.15999984741211,30.559999465942383,5583,0.0,0.0
2024-06-05 09:32:00-04:00,30.315000534057617,30.315000534057617,30.315000534057617,30.315000534057617,127,0.0,0.0
2024-06-05 09:33:00-04:00,30.364999771118164,30.364999771118164,30.364999771118164,30.364999771118164,221,0.0,0.0
2024-06-05 09:35:00-04:00,30.325000762939453,30.325000762939453,30.239999771118164,30.290000915527344,839,0.0,0.0
2024-06-05 09:36:00-04:00,30.389999389648438,30.389999389648438,30.260000228881836,30.260000228881836,1047,0.0,0.0
2024-06-05 09:37:00-04:00,30.200000762939453,30.200000762939453,30.200000762939453,30.200000762939453,377,0.0,0.0
2024-06-05 09:38:00-04:00,30.219999313354492,30.219999313354492,30.219999313354492,30.219999313354492,492,0.0,0.0
2024-06-05 09:39:00-04:00,30.225000381469727,30.225000381469727,30.15999984741211,30.15999984741211,525,0.0,0.0
2024-06-05 09:40:00-04:00,30.200000762939453,30.200000762939453,30.19499969482422,30.19499969482422,677,0.0,0.0
2024-06-05 09:41:00-04:00,30.190000534057617,30.219999313354492,30.190000534057617,30.219999313354492,323,0.0,0.0
2024-06-05 09:42:00-04:00,30.219999313354492,30.219999313354492,30.145000457763672,30.145000457763672,2380,0.0,0.0
2024-06-05 09:43:00-04:00,30.170000076293945,30.170000076293945,30.125,30.135000228881836,1016,0.0,0.0
2024-06-05 09:44:00-04:00,30.170000076293945,30.170000076293945,30.135000228881836,30.137500762939453,403,0.0,0.0
2024-06-05 09:45:00-04:00,30.135000228881836,30.135000228881836,30.135000228881836,30.135000228881836,204,0.0,0.0
2024-06-05 09:46:00-04:00,30.170000076293945,30.18000030517578,30.170000076293945,30.18000030517578,907,0.0,0.0
2024-06-05 09:47:00-04:00,30.219999313354492,30.219999313354492,30.219999313354492,30.219999313354492,60,0.0,0.0
2024-06-05 09:49:00-04:00,30.135000228881836,30.139999389648438,30.045000076293945,30.045000076293945,5111,0.0,0.0
2024-06-05 09:50:00-04:00,30.045000076293945,30.09000015258789,30.0,30.0,4742,0.0,0.0
2024-06-05 09:51:00-04:00,29.940000534057617,30.0,29.889999389648438,29.940000534057617,1173,0.0,0.0
2024-06-05 09:53:00-04:00,29.8799991607666,29.90999984741211,29.8799991607666,29.90999984741211,675,0.0,0.0
2024-06-05 09:54:00-04:00,29.8799991607666,29.8799991607666,29.834999084472656,29.834999084472656,924,0.0,0.0
2024-06-05 09:55:00-04:00,29.860000610351562,29.93000030517578,29.860000610351562,29.860000610351562,4188,0.0,0.0
2024-06-05 09:56:00-04:00,29.920000076293945,29.920000076293945,29.8799991607666,29.8799991607666,505,0.0,0.0
2024-06-05 09:57:00-04:00,29.920000076293945,29.920000076293945,29.889999389648438,29.889999389648438,3493,0.0,0.0
2024-06-05 09:59:00-04:00,29.93000030517578,29.950000762939453,29.920000076293945,29.950000762939453,4539,0.0,0.0
2024-06-05 10:02:00-04:00,30.014999389648438,30.049999237060547,29.969999313354492,29.969999313354492,2156,0.0,0.0
2024-06-05 10:03:00-04:00,29.899999618530273,29.940000534057617,29.899999618530273,29.940000534057617,310,0.0,0.0
2024-06-05 10:04:00-04:00,29.8799991607666,29.889999389648438,29.8799991607666,29.889999389648438,1184,0.0,0.0
2024-06-05 10:05:00-04:00,29.889999389648438,29.940000534057617,29.889999389648438,29.940000534057617,403,0.0,0.0
2024-06-05 10:06:00-04:00,29.889999389648438,29.93000030517578,29.889999389648438,29.93000030517578,1264,0.0,0.0
2024-06-05 10:07:00-04:00,29.93000030517578,29.940000534057617,29.93000030517578,29.940000534057617,555,0.0,0.0
2024-06-05 10:08:00-04:00,29.950000762939453,29.950000762939453,29.950000762939453,29.950000762939453,607,0.0,0.0
2024-06-05 10:09:00-04:00,29.954999923706055,29.954999923706055,29.940000534057617,29.940000534057617,2166,0.0,0.0
2024-06-05 10:10:00-04:00,29.966999053955078,29.966999053955078,29.966999053955078,29.966999053955078,494,0.0,0.0
2024-06-05 10:11:00-04:00,29.954999923706055,29.954999923706055,29.93000030517578,29.93000030517578,1543,0.0,0.0
2024-06-05 10:12:00-04:00,29.899999618530273,29.899999618530273,29.84000015258789,29.864999771118164,1742,0.0,0.0
2024-06-05 10:13:00-04:00,29.815000534057617,29.81999969482422,29.815000534057617,29.81999969482422,449,0.0,0.0
2024-06-05 10:14:00-04:00,29.850000381469727,29.850000381469727,29.809999465942383,29.809999465942383,410,0.0,0.0
2024-06-05 10:15:00-04:00,29.809999465942383,29.84000015258789,29.739999771118164,29.790000915527344,2405,0.0,0.0
2024-06-05 10:16:00-04:00,29.790000915527344,29.790000915527344,29.790000915527344,29.790000915527344,875,0.0,0.0
2024-06-05 10:17:00-04:00,29.81999969482422,29.81999969482422,29.760000228881836,29.760000228881836,1597,0.0,0.0
2024-06-05 10:18:00-04:00,29.790000915527344,29.809999465942383,29.780000686645508,29.809999465942383,3151,0.0,0.0
2024-06-05 10:19:00-04:00,29.80299949645996,29.80299949645996,29.799999237060547,29.799999237060547,1002,0.0,0.0
2024-06-05 10:20:00-04:00,29.81999969482422,29.81999969482422,29.81999969482422,29.81999969482422,158,0.0,0.0
2024-06-05 10:21:00-04:00,29.795000076293945,29.829999923706055,29.795000076293945,29.829999923706055,1724,0.0,0.0
2024-06-05 10:24:00-04:00,29.825000762939453,29.8700008392334,29.825000762939453,29.8700008392334,5193,0.0,0.0
2024-06-05 10:25:00-04:00,29.8700008392334,29.8700008392334,29.850000381469727,29.850000381469727,2359,0.0,0.0
2024-06-05 10:26:00-04:00,29.809999465942383,29.809999465942383,29.809999465942383,29.809999465942383,543,0.0,0.0
2024-06-05 10:27:00-04:00,29.799999237060547,29.84000015258789,29.799999237060547,29.829999923706055,3191,0.0,0.0
2024-06-05 10:28:00-04:00,29.844999313354492,29.850000381469727,29.84000015258789,29.84000015258789,2068,0.0,0.0
2024-06-05 10:29:00-04:00,29.8799991607666,29.8799991607666,29.8799991607666,29.8799991607666,872,0.0,0.0
2024-06-05 10:31:00-04:00,29.889999389648438,29.90999984741211,29.889999389648438,29.899999618530273,1547,0.0,0.0
2024-06-05 10:33:00-04:00,29.899999618530273,29.899999618530273,29.899999618530273,29.899999618530273,224,0.0,0.0
2024-06-05 10:34:00-04:00,29.899999618530273,29.90999984741211,29.8799991607666,29.90999984741211,610,0.0,0.0
2024-06-05 10:35:00-04:00,29.905000686645508,29.905000686645508,29.860000610351562,29.860000610351562,3236,0.0,0.0
2024-06-05 10:36:00-04:00,29.81999969482422,29.829999923706055,29.809999465942383,29.809999465942383,2943,0.0,0.0
2024-06-05 10:37:00-04:00,29.799999237060547,29.799999237060547,29.790000915527344,29.790000915527344,1761,0.0,0.0
2024-06-05 10:38:00-04:00,29.760099411010742,29.764999389648438,29.739999771118164,29.764999389648438,3263,0.0,0.0
2024-06-05 10:40:00-04:00,29.68000030517578,29.729999542236328,29.68000030517578,29.729999542236328,757,0.0,0.0
2024-06-05 10:41:00-04:00,29.71500015258789,29.729999542236328,29.71500015258789,29.729999542236328,3245,0.0,0.0
2024-06-05 10:42:00-04:00,29.75,29.850000381469727,29.75,29.780000686645508,5158,0.0,0.0
2024-06-05 10:43:00-04:00,29.799999237060547,29.799999237060547,29.799999237060547,29.799999237060547,455,0.0,0.0
2024-06-05 10:45:00-04:00,29.780000686645508,29.780000686645508,29.780000686645508,29.780000686645508,571,0.0,0.0
2024-06-05 10:46:00-04:00,29.799999237060547,29.799999237060547,29.799999237060547,29.799999237060547,129,0.0,0.0
2024-06-05 10:47:00-04:00,29.760000228881836,29.850000381469727,29.760000228881836,29.850000381469727,2718,0.0,0.0
2024-06-05 10:48:00-04:00,29.81290054321289,29.81290054321289,29.799999237060547,29.799999237060547,2245,0.0,0.0
2024-06-05 10:49:00-04:00,29.799999237060547,29.799999237060547,29.799999237060547,29.799999237060547,1772,0.0,0.0
2024-06-05 10:50:00-04:00,29.780000686645508,29.780000686645508,29.770000457763672,29.770000457763672,1613,0.0,0.0
2024-06-05 10:51:00-04:00,29.729999542236328,29.729999542236328,29.729999542236328,29.729999542236328,1917,0.0,0.0
2024-06-05 10:52:00-04:00,29.65999984741211,29.65999984741211,29.649999618530273,29.649999618530273,1279,0.0,0.0
2024-06-05 10:53:00-04:00,29.639999389648438,29.639999389648438,29.639999389648438,29.639999389648438,958,0.0,0.0
2024-06-05 10:54:00-04:00,29.600000381469727,29.600000381469727,29.600000381469727,29.600000381469727,120,0.0,0.0
2024-06-05 10:55:00-04:00,29.6299991607666,29.6299991607666,29.6299991607666,29.6299991607666,364,0.0,0.0
2024-06-05 10:56:00-04:00,29.604999542236328,29.604999542236328,29.579999923706055,29.579999923706055,1152,0.0,0.0
2024-06-05 10:57:00-04:00,29.549999237060547,29.549999237060547,29.549999237060547,29.549999237060547,366,0.0,0.0
2024-06-05 10:58:00-04:00,29.56999969482422,29.56999969482422,29.56999969482422,29.56999969482422,127,0.0,0.0
2024-06-05 10:59:00-04:00,29.520000457763672,29.530000686645508,29.520000457763672,29.530000686645508,1419,0.0,0.0
2024-06-05 11:00:00-04:00,29.540000915527344,29.540000915527344,29.510000228881836,29.510000228881836,1676,0.0,0.0
2024-06-05 11:01:00-04:00,29.514999389648438,29.514999389648438,29.514999389648438,29.514999389648438,353,0.0,0.0
2024-06-05 11:02:00-04:00,29.514999389648438,29.514999389648438,29.514999389648438,29.514999389648438,474,0.0,0.0
2024-06-05 11:03:00-04:00,29.5,29.520000457763672,29.450000762939453,29.469999313354492,4369,0.0,0.0
2024-06-05 11:04:00-04:00,29.479999542236328,29.479999542236328,29.440000534057617,29.440000534057617,606,0.0,0.0
2024-06-05 11:05:00-04:00,29.469999313354492,29.479999542236328,29.399999618530273,29.399999618530273,2639,0.0,0.0
2024-06-05 11:06:00-04:00,29.3700008392334,29.385000228881836,29.3700008392334,29.385000228881836,449,0.0,0.0
2024-06-05 11:07:00-04:00,29.385000228881836,29.385000228881836,29.3700008392334,29.3700008392334,438,0.0,0.0
2024-06-05 11:08:00-04:00,29.3700008392334,29.3700008392334,29.334999084472656,29.334999084472656,876,0.0,0.0
2024-06-05 11:09:00-04:00,29.329999923706055,29.43000030517578,29.329999923706055,29.3799991607666,8340,0.0,0.0
2024-06-05 11:10:00-04:00,29.3799991607666,29.3799991607666,29.280000686645508,29.31999969482422,4842,0.0,0.0
2024-06-05 11:11:00-04:00,29.360000610351562,29.360000610351562,29.360000610351562,29.360000610351562,135,0.0,0.0
2024-06-05 11:12:00-04:00,29.364999771118164,29.364999771118164,29.350000381469727,29.350000381469727,1560,0.0,0.0
2024-06-05 11:13:00-04:00,29.344999313354492,29.344999313354492,29.344999313354492,29.344999313354492,1625,0.0,0.0
2024-06-05 11:14:00-04:00,29.309999465942383,29.309999465942383,29.309999465942383,29.309999465942383,901,0.0,0.0
2024-06-05 11:15:00-04:00,29.31999969482422,29.34000015258789,29.315000534057617,29.334999084472656,2074,0.0,0.0
2024-06-05 11:16:00-04:00,29.315000534057617,29.31999969482422,29.315000534057617,29.31999969482422,1553,0.0,0.0
2024-06-05 11:17:00-04:00,29.334999084472656,29.334999084472656,29.334999084472656,29.334999084472656,235,0.0,0.0
2024-06-05 11:18:00-04:00,29.334999084472656,29.3700008392334,29.334999084472656,29.34000015258789,2898,0.0,0.0
2024-06-05 11:19:00-04:00,29.31999969482422,29.31999969482422,29.209999084472656,29.209999084472656,3699,0.0,0.0
2024-06-05 11:20:00-04:00,29.239999771118164,29.239999771118164,29.225000381469727,29.225000381469727,1612,0.0,0.0
2024-06-05 11:21:00-04:00,29.239999771118164,29.239999771118164,29.239999771118164,29.239999771118164,340,0.0,0.0
2024-06-05 11:22:00-04:00,29.239999771118164,29.25,29.239999771118164,29.25,1756,0.0,0.0
2024-06-05 11:23:00-04:00,29.239999771118164,29.309999465942383,29.239999771118164,29.309999465942383,5379,0.0,0.0
2024-06-05 11:24:00-04:00,29.290000915527344,29.329999923706055,29.290000915527344,29.329999923706055,905,0.0,0.0
2024-06-05 11:27:00-04:00,29.30500030517578,29.329999923706055,29.30500030517578,29.329999923706055,452,0.0,0.0
2024-06-05 11:28:00-04:00,29.280000686645508,29.280000686645508,29.280000686645508,29.280000686645508,798,0.0,0.0
2024-06-05 11:29:00-04:00,29.280000686645508,29.280000686645508,29.209999084472656,29.21500015258789,2999,0.0,0.0
2024-06-05 11:30:00-04:00,29.239999771118164,29.239999771118164,29.239999771118164,29.239999771118164,1222,0.0,0.0
2024-06-05 11:32:00-04:00,29.184999465942383,29.184999465942383,29.15999984741211,29.170000076293945,473,0.0,0.0
2024-06-05 11:33:00-04:00,29.18000030517578,29.18000030517578,29.18000030517578,29.18000030517578,171,0.0,0.0
2024-06-05 11:35:00-04:00,29.149999618530273,29.149999618530273,29.149999618530273,29.149999618530273,110,0.0,0.0
2024-06-05 11:36:00-04:00,29.200000762939453,29.200000762939453,29.149999618530273,29.149999618530273,1544,0.0,0.0
2024-06-05 11:37:00-04:00,29.139999389648438,29.139999389648438,29.139999389648438,29.139999389648438,398,0.0,0.0
2024-06-05 11:38:00-04:00,29.155000686645508,29.155000686645508,29.139999389648438,29.139999389648438,545,0.0,0.0
2024-06-05 11:39:00-04:00,29.170000076293945,29.170000076293945,29.170000076293945,29.170000076293945,295,0.0,0.0
2024-06-05 11:40:00-04:00,29.170000076293945,29.209999084472656,29.15999984741211,29.18000030517578,15741,0.0,0.0
2024-06-05 11:41:00-04:00,29.18000030517578,29.206600189208984,29.18000030517578,29.206600189208984,1187,0.0,0.0
2024-06-05 11:42:00-04:00,29.209999084472656,29.274999618530273,29.190000534057617,29.260000228881836,7716,0.0,0.0
2024-06-05 11:44:00-04:00,29.280000686645508,29.280000686645508,29.280000686645508,29.280000686645508,328,0.0,0.0
2024-06-05 11:45:00-04:00,29.264999389648438,29.264999389648438,29.219999313354492,29.219999313354492,2845,0.0,0.0
2024-06-05 11:46:00-04:00,29.219999313354492,29.219999313354492,29.219999313354492,29.219999313354492,323,0.0,0.0
2024-06-05 11:47:00-04:00,29.200000762939453,29.209999084472656,29.200000762939453,29.200000762939453,1657,0.0,0.0
2024-06-05 11:48:00-04:00,29.225299835205078,29.225299835205078,29.18000030517578,29.18000030517578,2526,0.0,0.0
2024-06-05 11:50:00-04:00,29.139999389648438,29.139999389648438,29.139999389648438,29.139999389648438,561,0.0,0.0
2024-06-05 11:51:00-04:00,29.139999389648438,29.170000076293945,29.1299991607666,29.170000076293945,5339,0.0,0.0
2024-06-05 11:53:00-04:00,29.200000762939453,29.200000762939453,29.170000076293945,29.170000076293945,2832,0.0,0.0
2024-06-05 11:56:00-04:00,29.18000030517578,29.18000030517578,29.18000030517578,29.18000030517578,485,0.0,0.0
2024-06-05 11:57:00-04:00,29.15999984741211,29.15999984741211,29.110000610351562,29.110000610351562,2516,0.0,0.0
2024-06-05 11:59:00-04:00,29.1200008392334,29.1299991607666,29.1200008392334,29.1299991607666,630,0.0,0.0
2024-06-05 12:00:00-04:00,29.1299991607666,29.229999542236328,29.1299991607666,29.225000381469727,7878,0.0,0.0
2024-06-05 12:01:00-04:00,29.229999542236328,29.229999542236328,29.190000534057617,29.190000534057617,4239,0.0,0.0
2024-06-05 12:02:00-04:00,29.190000534057617,29.190000534057617,29.190000534057617,29.190000534057617,931,0.0,0.0
2024-06-05 12:04:00-04:00,29.200000762939453,29.200000762939453,29.190000534057617,29.190000534057617,329,0.0,0.0
2024-06-05 12:05:00-04:00,29.190000534057617,29.190000534057617,29.18000030517578,29.18000030517578,1326,0.0,0.0
2024-06-05 12:06:00-04:00,29.149999618530273,29.149999618530273,29.149999618530273,29.149999618530273,634,0.0,0.0
2024-06-05 12:07:00-04:00,29.155000686645508,29.155000686645508,29.155000686645508,29.155000686645508,438,0.0,0.0
2024-06-05 12:08:00-04:00,29.139999389648438,29.139999389648438,29.139999389648438,29.139999389648438,1654,0.0,0.0
2024-06-05 12:10:00-04:00,29.15999984741211,29.170000076293945,29.145000457763672,29.170000076293945,1693,0.0,0.0
2024-06-05 12:14:00-04:00,29.1299991607666,29.145000457763672,29.1299991607666,29.1299991607666,2790,0.0,0.0
2024-06-05 12:15:00-04:00,29.15999984741211,29.15999984741211,29.15999984741211,29.15999984741211,566,0.0,0.0
2024-06-05 12:16:00-04:00,29.149999618530273,29.149999618530273,29.149999618530273,29.149999618530273,185,0.0,0.0
2024-06-05 12:17:00-04:00,29.15999984741211,29.15999984741211,29.15999984741211,29.15999984741211,1146,0.0,0.0
2024-06-05 12:18:00-04:00,29.155000686645508,29.155000686645508,29.155000686645508,29.155000686645508,369,0.0,0.0
2024-06-05 12:19:00-04:00,29.158899307250977,29.18000030517578,29.158899307250977,29.18000030517578,2314,0.0,0.0
2024-06-05 12:20:00-04:00,29.170000076293945,29.190000534057617,29.170000076293945,29.190000534057617,2707,0.0,0.0
2024-06-05 12:21:00-04:00,29.190000534057617,29.190000534057617,29.170000076293945,29.170000076293945,2056,0.0,0.0
2024-06-05 12:24:00-04:00,29.170000076293945,29.170000076293945,29.1299991607666,29.1299991607666,3654,0.0,0.0
2024-06-05 12:25:00-04:00,29.110000610351562,29.110000610351562,29.110000610351562,29.110000610351562,1485,0.0,0.0
2024-06-05 12:28:00-04:00,29.09000015258789,29.110000610351562,29.09000015258789,29.110000610351562,1847,0.0,0.0
2024-06-05 12:29:00-04:00,29.09000015258789,29.09000015258789,29.059999465942383,29.059999465942383,3114,0.0,0.0
2024-06-05 12:31:00-04:00,29.049999237060547,29.049999237060547,29.020000457763672,29.020000457763672,1976,0.0,0.0
2024-06-05 12:32:00-04:00,29.03499984741211,29.09000015258789,29.03499984741211,29.09000015258789,5901,0.0,0.0
2024-06-05 12:33:00-04:00,29.110000610351562,29.170000076293945,29.110000610351562,29.170000076293945,2456,0.0,0.0
2024-06-05 12:34:00-04:00,29.152999877929688,29.200000762939453,29.152999877929688,29.200000762939453,1197,0.0,0.0
2024-06-05 12:35:00-04:00,29.184999465942383,29.184999465942383,29.184999465942383,29.184999465942383,830,0.0,0.0
2024-06-05 12:36:00-04:00,29.184999465942383,29.184999465942383,29.170000076293945,29.184999465942383,2502,0.0,0.0
2024-06-05 12:38:00-04:00,29.170000076293945,29.170000076293945,29.170000076293945,29.170000076293945,310,0.0,0.0
2024-06-05 12:39:00-04:00,29.200000762939453,29.200000762939453,29.200000762939453,29.200000762939453,290,0.0,0.0
2024-06-05 12:40:00-04:00,29.209999084472656,29.2450008392334,29.209999084472656,29.21500015258789,5509,0.0,0.0
2024-06-05 12:42:00-04:00,29.21500015258789,29.25,29.21500015258789,29.25,2664,0.0,0.0
2024-06-05 12:43:00-04:00,29.235000610351562,29.235000610351562,29.235000610351562,29.235000610351562,749,0.0,0.0
2024-06-05 12:44:00-04:00,29.239999771118164,29.239999771118164,29.239999771118164,29.239999771118164,214,0.0,0.0
2024-06-05 12:45:00-04:00,29.25,29.290000915527344,29.239999771118164,29.280000686645508,6143,0.0,0.0
2024-06-05 12:46:00-04:00,29.280000686645508,29.280000686645508,29.280000686645508,29.280000686645508,253,0.0,0.0
2024-06-05 12:47:00-04:00,29.280000686645508,29.280000686645508,29.260000228881836,29.260000228881836,2782,0.0,0.0
2024-06-05 12:50:00-04:00,29.264999389648438,29.264999389648438,29.264999389648438,29.264999389648438,522,0.0,0.0
2024-06-05 12:51:00-04:00,29.25,29.25,29.219999313354492,29.246999740600586,3136,0.0,0.0
2024-06-05 12:53:00-04:00,29.239999771118164,29.239999771118164,29.219999313354492,29.219999313354492,2233,0.0,0.0
2024-06-05 12:54:00-04:00,29.219999313354492,29.219999313354492,29.200000762939453,29.209999084472656,3191,0.0,0.0
2024-06-05 12:55:00-04:00,29.21380043029785,29.21380043029785,29.200000762939453,29.200000762939453,2565,0.0,0.0
2024-06-05 12:56:00-04:00,29.209999084472656,29.219999313354492,29.209999084472656,29.219999313354492,1679,0.0,0.0
2024-06-05 12:57:00-04:00,29.209999084472656,29.209999084472656,29.200000762939453,29.200000762939453,1368,0.0,0.0
2024-06-05 12:59:00-04:00,29.200000762939453,29.200000762939453,29.165000915527344,29.170000076293945,2079,0.0,0.0
2024-06-05 13:00:00-04:00,29.170000076293945,29.170000076293945,29.15999984741211,29.15999984741211,1566,0.0,0.0
2024-06-05 13:01:00-04:00,29.190000534057617,29.190000534057617,29.190000534057617,29.190000534057617,896,0.0,0.0
2024-06-05 13:02:00-04:00,29.190000534057617,29.190000534057617,29.190000534057617,29.190000534057617,202,0.0,0.0
2024-06-05 13:03:00-04:00,29.200000762939453,29.200000762939453,29.200000762939453,29.200000762939453,791,0.0,0.0
2024-06-05 13:04:00-04:00,29.209999084472656,29.229999542236328,29.209999084472656,29.229999542236328,2725,0.0,0.0
2024-06-05 13:05:00-04:00,29.219999313354492,29.219999313354492,29.209999084472656,29.209999084472656,2612,0.0,0.0
2024-06-05 13:08:00-04:00,29.200000762939453,29.219999313354492,29.200000762939453,29.219999313354492,3520,0.0,0.0
2024-06-05 13:09:00-04:00,29.229999542236328,29.229999542236328,29.229999542236328,29.229999542236328,798,0.0,0.0
2024-06-05 13:10:00-04:00,29.239999771118164,29.270000457763672,29.239999771118164,29.270000457763672,2174,0.0,0.0
2024-06-05 13:11:00-04:00,29.299999237060547,29.315000534057617,29.299999237060547,29.299999237060547,2704,0.0,0.0
2024-06-05 13:12:00-04:00,29.290000915527344,29.290000915527344,29.290000915527344,29.290000915527344,619,0.0,0.0
2024-06-05 13:13:00-04:00,29.290000915527344,29.333099365234375,29.290000915527344,29.333099365234375,2749,0.0,0.0
2024-06-05 13:14:00-04:00,29.344999313354492,29.344999313354492,29.290000915527344,29.299999237060547,16681,0.0,0.0
2024-06-05 13:15:00-04:00,29.299999237060547,29.299999237060547,29.299999237060547,29.299999237060547,1717,0.0,0.0
2024-06-05 13:16:00-04:00,29.309999465942383,29.34000015258789,29.309999465942383,29.34000015258789,2132,0.0,0.0
2024-06-05 13:17:00-04:00,29.360000610351562,29.3700008392334,29.350000381469727,29.350000381469727,1757,0.0,0.0
2024-06-05 13:18:00-04:00,29.350000381469727,29.3799991607666,29.34000015258789,29.3799991607666,3099,0.0,0.0
2024-06-05 13:19:00-04:00,29.3799991607666,29.389999389648438,29.3700008392334,29.3700008392334,2197,0.0,0.0
2024-06-05 13:20:00-04:00,29.3700008392334,29.3799991607666,29.315000534057617,29.329999923706055,8331,0.0,0.0
2024-06-05 13:21:00-04:00,29.3174991607666,29.34000015258789,29.3174991607666,29.334999084472656,1617,0.0,0.0
2024-06-05 13:22:00-04:00,29.334999084472656,29.334999084472656,29.334999084472656,29.334999084472656,418,0.0,0.0
2024-06-05 13:23:00-04:00,29.350000381469727,29.354999542236328,29.350000381469727,29.350000381469727,2407,0.0,0.0
2024-06-05 13:25:00-04:00,29.350000381469727,29.350000381469727,29.344999313354492,29.350000381469727,2202,0.0,0.0
2024-06-05 13:26:00-04:00,29.329999923706055,29.34000015258789,29.31999969482422,29.34000015258789,4143,0.0,0.0
2024-06-05 13:27:00-04:00,29.360000610351562,29.389999389648438,29.360000610351562,29.385000228881836,2785,0.0,0.0
2024-06-05 13:31:00-04:00,29.40999984741211,29.420000076293945,29.40999984741211,29.420000076293945,1228,0.0,0.0
2024-06-05 13:32:00-04:00,29.415000915527344,29.420000076293945,29.40999984741211,29.420000076293945,2307,0.0,0.0
2024-06-05 13:33:00-04:00,29.43000030517578,29.450000762939453,29.43000030517578,29.450000762939453,1575,0.0,0.0
2024-06-05 13:34:00-04:00,29.450000762939453,29.450000762939453,29.450000762939453,29.450000762939453,624,0.0,0.0
2024-06-05 13:35:00-04:00,29.440000534057617,29.440000534057617,29.440000534057617,29.440000534057617,1617,0.0,0.0
2024-06-05 13:36:00-04:00,29.440000534057617,29.440000534057617,29.43000030517578,29.43000030517578,1560,0.0,0.0
2024-06-05 13:37:00-04:00,29.43000030517578,29.450000762939453,29.43000030517578,29.450000762939453,2340,0.0,0.0
2024-06-05 13:38:00-04:00,29.450000762939453,29.450000762939453,29.450000762939453,29.450000762939453,671,0.0,0.0
2024-06-05 13:39:00-04:00,29.459999084472656,29.469999313354492,29.459999084472656,29.469999313354492,971,0.0,0.0
2024-06-05 13:40:00-04:00,29.469999313354492,29.479999542236328,29.469999313354492,29.479999542236328,1210,0.0,0.0
2024-06-05 13:41:00-04:00,29.469999313354492,29.489999771118164,29.469999313354492,29.489999771118164,3032,0.0,0.0
2024-06-05 13:42:00-04:00,29.479999542236328,29.479999542236328,29.479999542236328,29.479999542236328,1753,0.0,0.0
2024-06-05 13:44:00-04:00,29.489999771118164,29.510000228881836,29.489999771118164,29.510000228881836,4393,0.0,0.0
2024-06-05 13:45:00-04:00,29.510000228881836,29.540000915527344,29.510000228881836,29.540000915527344,1703,0.0,0.0
2024-06-05 13:46:00-04:00,29.530000686645508,29.530000686645508,29.510000228881836,29.520000457763672,2201,0.0,0.0
2024-06-05 13:47:00-04:00,29.514999389648438,29.514999389648438,29.5,29.510000228881836,3056,0.0,0.0
2024-06-05 13:48:00-04:00,29.510000228881836,29.510000228881836,29.5,29.5,1164,0.0,0.0
2024-06-05 13:49:00-04:00,29.489999771118164,29.510000228881836,29.489999771118164,29.5049991607666,3440,0.0,0.0
2024-06-05 13:50:00-04:00,29.510000228881836,29.510000228881836,29.510000228881836,29.510000228881836,658,0.0,0.0
2024-06-05 13:51:00-04:00,29.520000457763672,29.520000457763672,29.520000457763672,29.520000457763672,593,0.0,0.0
2024-06-05 13:52:00-04:00,29.510000228881836,29.510000228881836,29.5,29.5,945,0.0,0.0
2024-06-05 13:53:00-04:00,29.501300811767578,29.540000915527344,29.5,29.540000915527344,5350,0.0,0.0
2024-06-05 13:54:00-04:00,29.56999969482422,29.575000762939453,29.549999237060547,29.565000534057617,3548,0.0,0.0
2024-06-05 13:55:00-04:00,29.565000534057617,29.565000534057617,29.565000534057617,29.565000534057617,466,0.0,0.0
2024-06-05 13:56:00-04:00,29.565000534057617,29.610000610351562,29.565000534057617,29.610000610351562,2391,0.0,0.0
2024-06-05 13:57:00-04:00,29.610000610351562,29.6200008392334,29.610000610351562,29.6200008392334,1086,0.0,0.0
2024-06-05 13:59:00-04:00,29.600000381469727,29.610000610351562,29.579999923706055,29.600000381469727,3086,0.0,0.0
2024-06-05 14:00:00-04:00,29.59000015258789,29.59000015258789,29.579999923706055,29.579999923706055,911,0.0,0.0
2024-06-05 14:01:00-04:00,29.56999969482422,29.56999969482422,29.56999969482422,29.56999969482422,573,0.0,0.0
2024-06-05 14:02:00-04:00,29.59000015258789,29.610000610351562,29.59000015258789,29.600000381469727,3058,0.0,0.0
2024-06-05 14:05:00-04:00,29.600000381469727,29.600000381469727,29.600000381469727,29.600000381469727,670,0.0,0.0
2024-06-05 14:06:00-04:00,29.610000610351562,29.610000610351562,29.59000015258789,29.59000015258789,2104,0.0,0.0
2024-06-05 14:07:00-04:00,29.59000015258789,29.610000610351562,29.59000015258789,29.600000381469727,4360,0.0,0.0
2024-06-05 14:09:00-04:00,29.6200008392334,29.6200008392334,29.6200008392334,29.6200008392334,578,0.0,0.0
2024-06-05 14:11:00-04:00,29.610000610351562,29.6200008392334,29.610000610351562,29.6200008392334,1699,0.0,0.0
2024-06-05 14:12:00-04:00,29.6200008392334,29.6200008392334,29.6200008392334,29.6200008392334,399,0.0,0.0
2024-06-05 14:13:00-04:00,29.6200008392334,29.6200008392334,29.600000381469727,29.6200008392334,4087,0.0,0.0
2024-06-05 14:14:00-04:00,29.6200008392334,29.6200008392334,29.6200008392334,29.6200008392334,147,0.0,0.0
2024-06-05 14:16:00-04:00,29.610000610351562,29.6299991607666,29.600000381469727,29.6299991607666,6777,0.0,0.0
2024-06-05 14:17:00-04:00,29.610000610351562,29.639999389648438,29.610000610351562,29.639999389648438,2552,0.0,0.0
2024-06-05 14:18:00-04:00,29.639999389648438,29.639999389648438,29.639999389648438,29.639999389648438,1331,0.0,0.0
2024-06-05 14:19:00-04:00,29.649999618530273,29.649999618530273,29.649999618530273,29.649999618530273,867,0.0,0.0
2024-06-05 14:21:00-04:00,29.655000686645508,29.65999984741211,29.655000686645508,29.65999984741211,1437,0.0,0.0
2024-06-05 14:23:00-04:00,29.655000686645508,29.655000686645508,29.649999618530273,29.649999618530273,532,0.0,0.0
2024-06-05 14:24:00-04:00,29.65999984741211,29.690000534057617,29.65999984741211,29.690000534057617,2754,0.0,0.0
2024-06-05 14:25:00-04:00,29.690000534057617,29.719999313354492,29.690000534057617,29.700000762939453,1991,0.0,0.0
2024-06-05 14:26:00-04:00,29.709999084472656,29.709999084472656,29.709999084472656,29.709999084472656,436,0.0,0.0
2024-06-05 14:27:00-04:00,29.709999084472656,29.71500015258789,29.709999084472656,29.709999084472656,3379,0.0,0.0
2024-06-05 14:28:00-04:00,29.700000762939453,29.700000762939453,29.655000686645508,29.655000686645508,4235,0.0,0.0
2024-06-05 14:29:00-04:00,29.65999984741211,29.65999984741211,29.649999618530273,29.649999618530273,1102,0.0,0.0
2024-06-05 14:30:00-04:00,29.639999389648438,29.649999618530273,29.625,29.625,5945,0.0,0.0
2024-06-05 14:31:00-04:00,29.610000610351562,29.610000610351562,29.610000610351562,29.610000610351562,592,0.0,0.0
2024-06-05 14:32:00-04:00,29.6299991607666,29.6299991607666,29.579999923706055,29.579999923706055,1634,0.0,0.0
2024-06-05 14:33:00-04:00,29.56999969482422,29.575000762939453,29.545000076293945,29.545000076293945,4571,0.0,0.0
2024-06-05 14:34:00-04:00,29.545000076293945,29.545000076293945,29.545000076293945,29.545000076293945,390,0.0,0.0
2024-06-05 14:35:00-04:00,29.520000457763672,29.549999237060547,29.510000228881836,29.540000915527344,4729,0.0,0.0
2024-06-05 14:36:00-04:00,29.530000686645508,29.530000686645508,29.530000686645508,29.530000686645508,1088,0.0,0.0
2024-06-05 14:37:00-04:00,29.530000686645508,29.530000686645508,29.489999771118164,29.489999771118164,1022,0.0,0.0
2024-06-05 14:38:00-04:00,29.481599807739258,29.481599807739258,29.469999313354492,29.479999542236328,2339,0.0,0.0
2024-06-05 14:39:00-04:00,29.489999771118164,29.489999771118164,29.479999542236328,29.479999542236328,816,0.0,0.0
2024-06-05 14:41:00-04:00,29.489999771118164,29.489999771118164,29.450000762939453,29.450000762939453,2030,0.0,0.0
2024-06-05 14:42:00-04:00,29.450000762939453,29.450899124145508,29.420000076293945,29.43000030517578,4850,0.0,0.0
2024-06-05 14:43:00-04:00,29.440000534057617,29.450000762939453,29.440000534057617,29.450000762939453,2692,0.0,0.0
2024-06-05 14:44:00-04:00,29.43000030517578,29.43000030517578,29.420000076293945,29.420000076293945,1648,0.0,0.0
2024-06-05 14:46:00-04:00,29.440000534057617,29.479999542236328,29.440000534057617,29.479999542236328,5174,0.0,0.0
2024-06-05 14:48:00-04:00,29.479999542236328,29.520000457763672,29.479999542236328,29.5,2974,0.0,0.0
2024-06-05 14:49:00-04:00,29.520000457763672,29.520000457763672,29.510000228881836,29.520000457763672,1813,0.0,0.0
2024-06-05 14:50:00-04:00,29.540000915527344,29.540000915527344,29.540000915527344,29.540000915527344,128,0.0,0.0
2024-06-05 14:51:00-04:00,29.530000686645508,29.530000686645508,29.530000686645508,29.530000686645508,176,0.0,0.0
2024-06-05 14:52:00-04:00,29.540000915527344,29.540000915527344,29.520000457763672,29.520000457763672,1186,0.0,0.0
2024-06-05 14:54:00-04:00,29.510000228881836,29.510000228881836,29.5,29.5,1955,0.0,0.0
2024-06-05 14:55:00-04:00,29.5,29.5,29.5,29.5,1336,0.0,0.0
2024-06-05 14:56:00-04:00,29.489099502563477,29.489999771118164,29.469999313354492,29.489999771118164,3775,0.0,0.0
2024-06-05 14:57:00-04:00,29.4950008392334,29.5,29.4950008392334,29.5,1507,0.0,0.0
2024-06-05 14:58:00-04:00,29.5,29.5,29.5,29.5,1144,0.0,0.0
2024-06-05 14:59:00-04:00,29.5,29.575000762939453,29.5,29.575000762939453,7538,0.0,0.0
2024-06-05 15:00:00-04:00,29.579999923706055,29.579999923706055,29.579999923706055,29.579999923706055,310,0.0,0.0
2024-06-05 15:01:00-04:00,29.56999969482422,29.56999969482422,29.559999465942383,29.559999465942383,2432,0.0,0.0
2024-06-05 15:02:00-04:00,29.575000762939453,29.575000762939453,29.559999465942383,29.559999465942383,1621,0.0,0.0
2024-06-05 15:03:00-04:00,29.549999237060547,29.549999237060547,29.549999237060547,29.549999237060547,300,0.0,0.0
2024-06-05 15:04:00-04:00,29.549999237060547,29.549999237060547,29.549999237060547,29.549999237060547,235,0.0,0.0
2024-06-05 15:05:00-04:00,29.56999969482422,29.56999969482422,29.56999969482422,29.56999969482422,2801,0.0,0.0
2024-06-05 15:06:00-04:00,29.579999923706055,29.579999923706055,29.579999923706055,29.579999923706055,2013,0.0,0.0
2024-06-05 15:08:00-04:00,29.59000015258789,29.600000381469727,29.579999923706055,29.600000381469727,1597,0.0,0.0
2024-06-05 15:09:00-04:00,29.59000015258789,29.59000015258789,29.560800552368164,29.560800552368164,2971,0.0,0.0
2024-06-05 15:11:00-04:00,29.56999969482422,29.610000610351562,29.559999465942383,29.610000610351562,5936,0.0,0.0
2024-06-05 15:12:00-04:00,29.625,29.6299991607666,29.625,29.6299991607666,1006,0.0,0.0
2024-06-05 15:13:00-04:00,29.625,29.65999984741211,29.625,29.65999984741211,4491,0.0,0.0
2024-06-05 15:14:00-04:00,29.665000915527344,29.665000915527344,29.65999984741211,29.65999984741211,577,0.0,0.0
2024-06-05 15:15:00-04:00,29.665000915527344,29.725000381469727,29.665000915527344,29.719999313354492,4775,0.0,0.0
2024-06-05 15:16:00-04:00,29.719999313354492,29.725000381469727,29.709999084472656,29.719999313354492,2837,0.0,0.0
2024-06-05 15:17:00-04:00,29.729999542236328,29.774999618530273,29.729999542236328,29.774999618530273,3812,0.0,0.0
2024-06-05 15:19:00-04:00,29.790000915527344,29.809999465942383,29.790000915527344,29.799999237060547,1131,0.0,0.0
2024-06-05 15:20:00-04:00,29.799999237060547,29.81999969482422,29.799999237060547,29.81999969482422,2104,0.0,0.0
2024-06-05 15:21:00-04:00,29.80500030517578,29.860000610351562,29.80500030517578,29.860000610351562,3662,0.0,0.0
2024-06-05 15:22:00-04:00,29.854999542236328,29.899999618530273,29.84000015258789,29.8700008392334,10106,0.0,0.0
2024-06-05 15:23:00-04:00,29.8700008392334,29.8700008392334,29.84000015258789,29.864999771118164,7280,0.0,0.0
2024-06-05 15:24:00-04:00,29.864999771118164,29.864999771118164,29.829999923706055,29.850000381469727,7277,0.0,0.0
2024-06-05 15:25:00-04:00,29.84000015258789,29.84000015258789,29.84000015258789,29.84000015258789,1147,0.0,0.0
2024-06-05 15:26:00-04:00,29.84000015258789,29.84000015258789,29.81999969482422,29.834999084472656,7100,0.0,0.0
2024-06-05 15:27:00-04:00,29.84000015258789,29.850000381469727,29.834999084472656,29.844999313354492,3048,0.0,0.0
2024-06-05 15:28:00-04:00,29.850000381469727,29.850000381469727,29.84000015258789,29.850000381469727,719,0.0,0.0
2024-06-05 15:29:00-04:00,29.844999313354492,29.850000381469727,29.809999465942383,29.815000534057617,7967,0.0,0.0
2024-06-05 15:30:00-04:00,29.815000534057617,29.81999969482422,29.809999465942383,29.815000534057617,10257,0.0,0.0
2024-06-05 15:31:00-04:00,29.815000534057617,29.815000534057617,29.795000076293945,29.795000076293945,9343,0.0,0.0
2024-06-05 15:32:00-04:00,29.790000915527344,29.795000076293945,29.790000915527344,29.795000076293945,1185,0.0,0.0
2024-06-05 15:33:00-04:00,29.799999237060547,29.80500030517578,29.739999771118164,29.75,7189,0.0,0.0
2024-06-05 15:34:00-04:00,29.739999771118164,29.739999771118164,29.700000762939453,29.700000762939453,6758,0.0,0.0
2024-06-05 15:36:00-04:00,29.700000762939453,29.719999313354492,29.670000076293945,29.670000076293945,3641,0.0,0.0
2024-06-05 15:37:00-04:00,29.68000030517578,29.690000534057617,29.68000030517578,29.690000534057617,4700,0.0,0.0
2024-06-05 15:38:00-04:00,29.700000762939453,29.709999084472656,29.68000030517578,29.68000030517578,6436,0.0,0.0
2024-06-05 15:39:00-04:00,29.639999389648438,29.639999389648438,29.639999389648438,29.639999389648438,1170,0.0,0.0
2024-06-05 15:40:00-04:00,29.59000015258789,29.65999984741211,29.55500030517578,29.645000457763672,7879,0.0,0.0
2024-06-05 15:41:00-04:00,29.6200008392334,29.639999389648438,29.6200008392334,29.639999389648438,2559,0.0,0.0
2024-06-05 15:42:00-04:00,29.649999618530273,29.65999984741211,29.649999618530273,29.65999984741211,1652,0.0,0.0
2024-06-05 15:43:00-04:00,29.65999984741211,29.665000915527344,29.639999389648438,29.639999389648438,6178,0.0,0.0
2024-06-05 15:44:00-04:00,29.6299991607666,29.6299991607666,29.610000610351562,29.610000610351562,1669,0.0,0.0
2024-06-05 15:45:00-04:00,29.610000610351562,29.614999771118164,29.610000610351562,29.614999771118164,1238,0.0,0.0
2024-06-05 15:46:00-04:00,29.610000610351562,29.610000610351562,29.55500030517578,29.55500030517578,5473,0.0,0.0
2024-06-05 15:47:00-04:00,29.540000915527344,29.540000915527344,29.540000915527344,29.540000915527344,830,0.0,0.0
2024-06-05 15:48:00-04:00,29.520000457763672,29.575000762939453,29.514999389648438,29.559999465942383,7549,0.0,0.0
2024-06-05 15:49:00-04:00,29.549999237060547,29.559999465942383,29.549999237060547,29.559999465942383,1662,0.0,0.0
2024-06-05 15:50:00-04:00,29.549999237060547,29.549999237060547,29.510000228881836,29.530000686645508,4577,0.0,0.0
2024-06-05 15:51:00-04:00,29.510000228881836,29.514999389648438,29.5,29.514999389648438,7176,0.0,0.0
2024-06-05 15:52:00-04:00,29.514999389648438,29.540000915527344,29.4950008392334,29.5,8499,0.0,0.0
2024-06-05 15:53:00-04:00,29.489999771118164,29.549999237060547,29.489999771118164,29.549999237060547,8262,0.0,0.0
2024-06-05 15:54:00-04:00,29.549999237060547,29.614999771118164,29.549999237060547,29.614999771118164,7454,0.0,0.0
2024-06-05 15:55:00-04:00,29.6200008392334,29.6200008392334,29.56999969482422,29.584999084472656,16689,0.0,0.0
2024-06-05 15:56:00-04:00,29.584999084472656,29.6200008392334,29.584999084472656,29.614999771118164,11013,0.0,0.0
2024-06-05 15:57:00-04:00,29.614999771118164,29.704999923706055,29.610000610351562,29.6299991607666,41179,0.0,0.0
2024-06-05 15:58:00-04:00,29.649999618530273,29.649999618530273,29.610000610351562,29.6200008392334,15987,0.0,0.0
2024-06-05 15:59:00-04:00,29.614999771118164,29.649999618530273,29.610000610351562,29.610000610351562,26523,0.0,0.0
2024-06-06 09:30:00-04:00,29.6200008392334,29.6200008392334,29.6200008392334,29.6200008392334,5136,0.0,0.0
2024-06-06 09:34:00-04:00,29.700000762939453,29.700000762939453,29.700000762939453,29.700000762939453,171,0.0,0.0
2024-06-06 09:35:00-04:00,29.799999237060547,29.799999237060547,29.799999237060547,29.799999237060547,277,0.0,0.0
2024-06-06 09:36:00-04:00,29.690000534057617,29.690000534057617,29.690000534057617,29.690000534057617,314,0.0,0.0
2024-06-06 09:37:00-04:00,29.780000686645508,29.780000686645508,29.780000686645508,29.780000686645508,485,0.0,0.0
2024-06-06 09:38:00-04:00,29.700000762939453,29.700000762939453,29.700000762939453,29.700000762939453,250,0.0,0.0
2024-06-06 09:39:00-04:00,29.790000915527344,29.790000915527344,29.790000915527344,29.790000915527344,127,0.0,0.0
2024-06-06 09:40:00-04:00,29.799999237060547,29.8700008392334,29.799999237060547,29.84000015258789,1580,0.0,0.0
2024-06-06 09:41:00-04:00,29.940000534057617,30.079999923706055,29.940000534057617,30.079999923706055,906,0.0,0.0
2024-06-06 09:42:00-04:00,30.049999237060547,30.049999237060547,30.014999389648438,30.020000457763672,1017,0.0,0.0
2024-06-06 09:43:00-04:00,30.030000686645508,30.030000686645508,30.020000457763672,30.020000457763672,4030,0.0,0.0
2024-06-06 09:46:00-04:00,30.06999969482422,30.06999969482422,30.03499984741211,30.03499984741211,521,0.0,0.0
2024-06-06 09:48:00-04:00,30.03499984741211,30.03499984741211,30.03499984741211,30.03499984741211,126,0.0,0.0
2024-06-06 09:49:00-04:00,30.059999465942383,30.059999465942383,30.015199661254883,30.015199661254883,439,0.0,0.0
2024-06-06 09:50:00-04:00,30.040000915527344,30.06999969482422,30.040000915527344,30.06999969482422,278,0.0,0.0
2024-06-06 09:52:00-04:00,30.06999969482422,30.06999969482422,30.06999969482422,30.06999969482422,790,0.0,0.0
2024-06-06 09:54:00-04:00,30.06999969482422,30.079999923706055,30.065000534057617,30.065000534057617,2362,0.0,0.0
2024-06-06 09:56:00-04:00,30.040000915527344,30.049999237060547,29.989999771118164,29.989999771118164,3988,0.0,0.0
2024-06-06 09:57:00-04:00,30.030000686645508,30.030000686645508,30.030000686645508,30.030000686645508,468,0.0,0.0
2024-06-06 09:58:00-04:00,29.979999542236328,30.0,29.979999542236328,29.989999771118164,982,0.0,0.0
2024-06-06 09:59:00-04:00,30.010000228881836,30.079999923706055,30.010000228881836,30.079999923706055,3760,0.0,0.0
2024-06-06 10:00:00-04:00,30.100000381469727,30.100000381469727,30.100000381469727,30.100000381469727,228,0.0,0.0
2024-06-06 10:01:00-04:00,30.06999969482422,30.06999969482422,30.010000228881836,30.020000457763672,2328,0.0,0.0
2024-06-06 10:03:00-04:00,29.989999771118164,30.020000457763672,29.989999771118164,30.020000457763672,315,0.0,0.0
2024-06-06 10:04:00-04:00,30.049999237060547,30.049999237060547,29.90999984741211,29.924999237060547,2283,0.0,0.0
2024-06-06 10:05:00-04:00,29.940000534057617,29.940000534057617,29.940000534057617,29.940000534057617,1395,0.0,0.0
2024-06-06 10:06:00-04:00,29.959999084472656,29.959999084472656,29.959999084472656,29.959999084472656,250,0.0,0.0
2024-06-06 10:07:00-04:00,29.959999084472656,29.959999084472656,29.959999084472656,29.959999084472656,245,0.0,0.0
2024-06-06 10:08:00-04:00,30.0,30.0,30.0,30.0,396,0.0,0.0
2024-06-06 10:11:00-04:00,29.979999542236328,29.979999542236328,29.96500015258789,29.96500015258789,1314,0.0,0.0
2024-06-06 10:12:00-04:00,29.959999084472656,29.969999313354492,29.93000030517578,29.969999313354492,2627,0.0,0.0
2024-06-06 10:13:00-04:00,29.979999542236328,30.0,29.969999313354492,29.969999313354492,6448,0.0,0.0
2024-06-06 10:14:00-04:00,29.969999313354492,29.975000381469727,29.969999313354492,29.975000381469727,474,0.0,0.0
2024-06-06 10:15:00-04:00,29.975000381469727,29.975000381469727,29.975000381469727,29.975000381469727,102,0.0,0.0
2024-06-06 10:16:00-04:00,29.940099716186523,29.975000381469727,29.940099716186523,29.975000381469727,382,0.0,0.0
2024-06-06 10:17:00-04:00,29.981000900268555,30.010000228881836,29.981000900268555,30.010000228881836,532,0.0,0.0
2024-06-06 10:18:00-04:00,29.975000381469727,29.975000381469727,29.975000381469727,29.975000381469727,508,0.0,0.0
2024-06-06 10:19:00-04:00,29.975000381469727,30.010000228881836,29.975000381469727,30.010000228881836,473,0.0,0.0
2024-06-06 10:20:00-04:00,29.940000534057617,29.975000381469727,29.940000534057617,29.975000381469727,337,0.0,0.0
2024-06-06 10:21:00-04:00,29.940000534057617,29.94499969482422,29.940000534057617,29.94499969482422,1458,0.0,0.0
2024-06-06 10:22:00-04:00,29.90999984741211,29.90999984741211,29.90999984741211,29.90999984741211,517,0.0,0.0
2024-06-06 10:23:00-04:00,29.934999465942383,29.959999084472656,29.93000030517578,29.959999084472656,2340,0.0,0.0
2024-06-06 10:24:00-04:00,29.979999542236328,30.010000228881836,29.975000381469727,30.010000228881836,995,0.0,0.0
2024-06-06 10:25:00-04:00,29.979999542236328,29.979999542236328,29.959999084472656,29.975000381469727,1847,0.0,0.0
2024-06-06 10:26:00-04:00,29.975000381469727,29.975000381469727,29.959999084472656,29.959999084472656,772,0.0,0.0
2024-06-06 10:27:00-04:00,29.975000381469727,29.975000381469727,29.975000381469727,29.975000381469727,110,0.0,0.0
2024-06-06 10:28:00-04:00,29.969999313354492,29.969999313354492,29.969999313354492,29.969999313354492,147,0.0,0.0
2024-06-06 10:29:00-04:00,29.989999771118164,29.989999771118164,29.989999771118164,29.989999771118164,200,0.0,0.0
2024-06-06 10:30:00-04:00,29.979999542236328,29.989999771118164,29.959999084472656,29.989999771118164,3470,0.0,0.0
2024-06-06 10:31:00-04:00,29.989999771118164,29.989999771118164,29.989999771118164,29.989999771118164,1006,0.0,0.0
2024-06-06 10:32:00-04:00,29.979999542236328,29.989999771118164,29.979999542236328,29.989999771118164,888,0.0,0.0
2024-06-06 10:34:00-04:00,29.969999313354492,29.975000381469727,29.8700008392334,29.8700008392334,1983,0.0,0.0
2024-06-06 10:35:00-04:00,29.889999389648438,29.90999984741211,29.889999389648438,29.899999618530273,1521,0.0,0.0
2024-06-06 10:36:00-04:00,29.900800704956055,29.900800704956055,29.900800704956055,29.900800704956055,686,0.0,0.0
2024-06-06 10:37:00-04:00,29.8799991607666,29.899999618530273,29.84000015258789,29.84000015258789,4160,0.0,0.0
2024-06-06 10:38:00-04:00,29.850000381469727,29.8799991607666,29.850000381469727,29.8700008392334,2443,0.0,0.0
2024-06-06 10:40:00-04:00,29.8700008392334,29.8700008392334,29.8700008392334,29.8700008392334,213,0.0,0.0
2024-06-06 10:41:00-04:00,29.850000381469727,29.854999542236328,29.84000015258789,29.84000015258789,2486,0.0,0.0
2024-06-06 10:42:00-04:00,29.850000381469727,29.850000381469727,29.829999923706055,29.829999923706055,2223,0.0,0.0
2024-06-06 10:43:00-04:00,29.829999923706055,29.829999923706055,29.809999465942383,29.81999969482422,1971,0.0,0.0
2024-06-06 10:44:00-04:00,29.809999465942383,29.81999969482422,29.809999465942383,29.81999969482422,723,0.0,0.0
2024-06-06 10:45:00-04:00,29.799999237060547,29.80389976501465,29.729999542236328,29.764999389648438,4189,0.0,0.0
2024-06-06 10:46:00-04:00,29.764999389648438,29.790000915527344,29.752700805664062,29.780000686645508,3186,0.0,0.0
2024-06-06 10:47:00-04:00,29.770000457763672,29.78499984741211,29.770000457763672,29.78499984741211,1851,0.0,0.0
2024-06-06 10:49:00-04:00,29.799999237060547,29.850000381469727,29.78499984741211,29.850000381469727,3849,0.0,0.0
2024-06-06 10:50:00-04:00,29.829999923706055,29.844999313354492,29.829999923706055,29.844999313354492,1906,0.0,0.0
2024-06-06 10:51:00-04:00,29.860000610351562,29.860000610351562,29.829999923706055,29.829999923706055,1316,0.0,0.0
2024-06-06 10:53:00-04:00,29.830699920654297,29.830699920654297,29.830699920654297,29.830699920654297,206,0.0,0.0
2024-06-06 10:54:00-04:00,29.860000610351562,29.860000610351562,29.84000015258789,29.850000381469727,1119,0.0,0.0
2024-06-06 10:55:00-04:00,29.829999923706055,29.834999084472656,29.829999923706055,29.834999084472656,624,0.0,0.0
2024-06-06 10:56:00-04:00,29.850000381469727,29.860000610351562,29.850000381469727,29.860000610351562,419,0.0,0.0
2024-06-06 10:57:00-04:00,29.850000381469727,29.8700008392334,29.850000381469727,29.860000610351562,1322,0.0,0.0
2024-06-06 10:58:00-04:00,29.8799991607666,29.8799991607666,29.860000610351562,29.860000610351562,629,0.0,0.0
2024-06-06 11:00:00-04:00,29.864999771118164,29.899999618530273,29.864999771118164,29.899999618530273,2251,0.0,0.0
2024-06-06 11:02:00-04:00,29.899999618530273,29.899999618530273,29.899999618530273,29.899999618530273,708,0.0,0.0
2024-06-06 11:04:00-04:00,29.924999237060547,29.924999237060547,29.924999237060547,29.924999237060547,104,0.0,0.0
2024-06-06 11:05:00-04:00,29.950000762939453,29.950000762939453,29.924999237060547,29.93000030517578,392,0.0,0.0
2024-06-06 11:06:00-04:00,29.93000030517578,29.940000534057617,29.920000076293945,29.920000076293945,713,0.0,0.0
2024-06-06 11:07:00-04:00,29.940000534057617,29.940000534057617,29.920000076293945,29.920000076293945,488,0.0,0.0
2024-06-06 11:08:00-04:00,29.920000076293945,29.940000534057617,29.920000076293945,29.920000076293945,4500,0.0,0.0
2024-06-06 11:09:00-04:00,29.920000076293945,29.979999542236328,29.920000076293945,29.966899871826172,2811,0.0,0.0
2024-06-06 11:10:00-04:00,29.959999084472656,29.96500015258789,29.959999084472656,29.96500015258789,527,0.0,0.0
2024-06-06 11:11:00-04:00,29.959999084472656,29.96500015258789,29.959999084472656,29.96500015258789,925,0.0,0.0
2024-06-06 11:13:00-04:00,29.96500015258789,29.96500015258789,29.96500015258789,29.96500015258789,2166,0.0,0.0
2024-06-06 11:15:00-04:00,29.950000762939453,29.959999084472656,29.895000457763672,29.959999084472656,5879,0.0,0.0
2024-06-06 11:16:00-04:00,29.950000762939453,29.950000762939453,29.93000030517578,29.93000030517578,1488,0.0,0.0
2024-06-06 11:17:00-04:00,29.969999313354492,30.0,29.969999313354492,30.0,417,0.0,0.0
2024-06-06 11:18:00-04:00,30.040000915527344,30.059999465942383,30.040000915527344,30.059999465942383,396,0.0,0.0
2024-06-06 11:21:00-04:00,30.040000915527344,30.040000915527344,30.040000915527344,30.040000915527344,394,0.0,0.0
2024-06-06 11:22:00-04:00,30.010000228881836,30.010000228881836,30.010000228881836,30.010000228881836,912,0.0,0.0
2024-06-06 11:23:00-04:00,30.010000228881836,30.010000228881836,29.989999771118164,30.0,3285,0.0,0.0
2024-06-06 11:25:00-04:00,30.020000457763672,30.020000457763672,30.020000457763672,30.020000457763672,544,0.0,0.0
2024-06-06 11:27:00-04:00,30.010000228881836,30.020000457763672,30.010000228881836,30.010000228881836,2623,0.0,0.0
2024-06-06 11:32:00-04:00,30.030000686645508,30.030000686645508,30.0,30.014999389648438,838,0.0,0.0
2024-06-06 11:33:00-04:00,30.0,30.0,30.0,30.0,1833,0.0,0.0
2024-06-06 11:34:00-04:00,30.030000686645508,30.030000686645508,29.979999542236328,29.979999542236328,3849,0.0,0.0
2024-06-06 11:36:00-04:00,29.950000762939453,29.950000762939453,29.950000762939453,29.950000762939453,292,0.0,0.0
2024-06-06 11:38:00-04:00,29.96500015258789,29.979999542236328,29.96500015258789,29.979999542236328,1333,0.0,0.0
2024-06-06 11:39:00-04:00,29.950000762939453,29.950000762939453,29.950000762939453,29.950000762939453,853,0.0,0.0
2024-06-06 11:40:00-04:00,29.950000762939453,29.959800720214844,29.950000762939453,29.950000762939453,419,0.0,0.0
2024-06-06 11:41:00-04:00,29.940000534057617,29.959999084472656,29.940000534057617,29.959999084472656,420,0.0,0.0
2024-06-06 11:43:00-04:00,29.940000534057617,29.940000534057617,29.940000534057617,29.940000534057617,371,0.0,0.0
2024-06-06 11:44:00-04:00,29.94499969482422,29.954999923706055,29.94499969482422,29.954999923706055,2314,0.0,0.0
2024-06-06 11:45:00-04:00,29.940000534057617,29.950000762939453,29.940000534057617,29.950000762939453,376,0.0,0.0
2024-06-06 11:46:00-04:00,29.954999923706055,29.954999923706055,29.954999923706055,29.954999923706055,450,0.0,0.0
2024-06-06 11:47:00-04:00,29.940000534057617,29.940000534057617,29.93000030517578,29.93000030517578,2563,0.0,0.0
2024-06-06 11:48:00-04:00,29.920000076293945,29.940000534057617,29.920000076293945,29.940000534057617,1954,0.0,0.0
2024-06-06 11:51:00-04:00,29.920000076293945,29.920000076293945,29.920000076293945,29.920000076293945,406,0.0,0.0
2024-06-06 11:54:00-04:00,29.915000915527344,29.915000915527344,29.90999984741211,29.90999984741211,475,0.0,0.0
2024-06-06 11:55:00-04:00,29.90999984741211,29.90999984741211,29.829999923706055,29.850000381469727,7452,0.0,0.0
2024-06-06 11:58:00-04:00,29.850000381469727,29.850000381469727,29.850000381469727,29.850000381469727,274,0.0,0.0
2024-06-06 11:59:00-04:00,29.850000381469727,29.860000610351562,29.850000381469727,29.860000610351562,1527,0.0,0.0
2024-06-06 12:00:00-04:00,29.84000015258789,29.84000015258789,29.825000762939453,29.829999923706055,1644,0.0,0.0
2024-06-06 12:02:00-04:00,29.820100784301758,29.820100784301758,29.820100784301758,29.820100784301758,253,0.0,0.0
2024-06-06 12:03:00-04:00,29.81999969482422,29.81999969482422,29.81999969482422,29.81999969482422,269,0.0,0.0
2024-06-06 12:04:00-04:00,29.81999969482422,29.81999969482422,29.81999969482422,29.81999969482422,173,0.0,0.0
2024-06-06 12:05:00-04:00,29.81999969482422,29.81999969482422,29.81999969482422,29.81999969482422,380,0.0,0.0
2024-06-06 12:06:00-04:00,29.81999969482422,29.81999969482422,29.81999969482422,29.81999969482422,1634,0.0,0.0
2024-06-06 12:07:00-04:00,29.809999465942383,29.809999465942383,29.809999465942383,29.809999465942383,529,0.0,0.0
2024-06-06 12:10:00-04:00,29.815000534057617,29.815000534057617,29.815000534057617,29.815000534057617,886,0.0,0.0
2024-06-06 12:11:00-04:00,29.809999465942383,29.809999465942383,29.760000228881836,29.760000228881836,2779,0.0,0.0
2024-06-06 12:12:00-04:00,29.770000457763672,29.770000457763672,29.770000457763672,29.770000457763672,340,0.0,0.0
2024-06-06 12:14:00-04:00,29.770000457763672,29.770000457763672,29.760000228881836,29.760000228881836,1919,0.0,0.0
2024-06-06 12:16:00-04:00,29.739999771118164,29.739999771118164,29.739999771118164,29.739999771118164,1067,0.0,0.0
2024-06-06 12:17:00-04:00,29.75,29.774200439453125,29.75,29.774200439453125,3671,0.0,0.0
2024-06-06 12:21:00-04:00,29.790000915527344,29.790000915527344,29.760000228881836,29.760000228881836,462,0.0,0.0
2024-06-06 12:22:00-04:00,29.790000915527344,29.799999237060547,29.780000686645508,29.780000686645508,3532,0.0,0.0
2024-06-06 12:23:00-04:00,29.80500030517578,29.80500030517578,29.80500030517578,29.80500030517578,702,0.0,0.0
2024-06-06 12:25:00-04:00,29.80500030517578,29.80500030517578,29.803600311279297,29.803600311279297,1552,0.0,0.0
2024-06-06 12:27:00-04:00,29.80500030517578,29.80500030517578,29.80500030517578,29.80500030517578,159,0.0,0.0
2024-06-06 12:28:00-04:00,29.80500030517578,29.80500030517578,29.80500030517578,29.80500030517578,499,0.0,0.0
2024-06-06 12:30:00-04:00,29.790000915527344,29.790000915527344,29.780000686645508,29.790000915527344,4573,0.0,0.0
2024-06-06 12:31:00-04:00,29.790000915527344,29.799999237060547,29.790000915527344,29.799999237060547,1522,0.0,0.0
2024-06-06 12:34:00-04:00,29.780000686645508,29.780000686645508,29.780000686645508,29.780000686645508,368,0.0,0.0
2024-06-06 12:36:00-04:00,29.780000686645508,29.780000686645508,29.780000686645508,29.780000686645508,1700,0.0,0.0
2024-06-06 12:37:00-04:00,29.770000457763672,29.770000457763672,29.739999771118164,29.739999771118164,2577,0.0,0.0
2024-06-06 12:38:00-04:00,29.75,29.760000228881836,29.75,29.75,2088,0.0,0.0
2024-06-06 12:39:00-04:00,29.75,29.75,29.75,29.75,129,0.0,0.0
2024-06-06 12:40:00-04:00,29.75,29.75,29.743000030517578,29.75,1824,0.0,0.0
2024-06-06 12:41:00-04:00,29.739999771118164,29.739999771118164,29.739999771118164,29.739999771118164,459,0.0,0.0
2024-06-06 12:42:00-04:00,29.739999771118164,29.739999771118164,29.739999771118164,29.739999771118164,524,0.0,0.0
2024-06-06 12:44:00-04:00,29.7450008392334,29.7450008392334,29.7450008392334,29.7450008392334,239,0.0,0.0
2024-06-06 12:45:00-04:00,29.75,29.75,29.7450008392334,29.7450008392334,500,0.0,0.0
2024-06-06 12:46:00-04:00,29.75,29.75,29.7450008392334,29.7450008392334,988,0.0,0.0
2024-06-06 12:48:00-04:00,29.739999771118164,29.790000915527344,29.739999771118164,29.78499984741211,3649,0.0,0.0
2024-06-06 12:49:00-04:00,29.776399612426758,29.776399612426758,29.776399612426758,29.776399612426758,196,0.0,0.0
2024-06-06 12:50:00-04:00,29.78499984741211,29.78499984741211,29.78499984741211,29.78499984741211,116,0.0,0.0
2024-06-06 12:51:00-04:00,29.799999237060547,29.799999237060547,29.78499984741211,29.78499984741211,796,0.0,0.0
2024-06-06 12:52:00-04:00,29.799999237060547,29.809999465942383,29.795000076293945,29.809999465942383,3944,0.0,0.0
2024-06-06 12:53:00-04:00,29.809999465942383,29.809999465942383,29.802000045776367,29.802000045776367,982,0.0,0.0
2024-06-06 12:55:00-04:00,29.809999465942383,29.809999465942383,29.799999237060547,29.799999237060547,897,0.0,0.0
2024-06-06 12:57:00-04:00,29.809999465942383,29.809999465942383,29.799999237060547,29.799999237060547,254,0.0,0.0
2024-06-06 12:58:00-04:00,29.809999465942383,29.809999465942383,29.809999465942383,29.809999465942383,215,0.0,0.0
2024-06-06 12:59:00-04:00,29.809999465942383,29.809999465942383,29.809999465942383,29.809999465942383,552,0.0,0.0
2024-06-06 13:00:00-04:00,29.799999237060547,29.809999465942383,29.799999237060547,29.809999465942383,761,0.0,0.0
2024-06-06 13:01:00-04:00,29.809999465942383,29.809999465942383,29.809999465942383,29.809999465942383,825,0.0,0.0
2024-06-06 13:03:00-04:00,29.809999465942383,29.809999465942383,29.809999465942383,29.809999465942383,175,0.0,0.0
2024-06-06 13:04:00-04:00,29.799999237060547,29.809999465942383,29.799999237060547,29.799999237060547,3579,0.0,0.0
2024-06-06 13:06:00-04:00,29.799999237060547,29.799999237060547,29.739999771118164,29.739999771118164,4766,0.0,0.0
2024-06-06 13:08:00-04:00,29.75,29.75,29.75,29.75,923,0.0,0.0
2024-06-06 13:10:00-04:00,29.74370002746582,29.74370002746582,29.74370002746582,29.74370002746582,404,0.0,0.0
2024-06-06 13:11:00-04:00,29.739999771118164,29.739999771118164,29.739999771118164,29.739999771118164,298,0.0,0.0
2024-06-06 13:12:00-04:00,29.7549991607666,29.770000457763672,29.729999542236328,29.729999542236328,7664,0.0,0.0
2024-06-06 13:13:00-04:00,29.729999542236328,29.739999771118164,29.729999542236328,29.739999771118164,575,0.0,0.0
2024-06-06 13:14:00-04:00,29.739999771118164,29.75,29.739999771118164,29.75,1876,0.0,0.0
2024-06-06 13:15:00-04:00,29.75,29.75,29.75,29.75,344,0.0,0.0
2024-06-06 13:17:00-04:00,29.75,29.81999969482422,29.75,29.81999969482422,4511,0.0,0.0
2024-06-06 13:18:00-04:00,29.815000534057617,29.815000534057617,29.815000534057617,29.815000534057617,226,0.0,0.0
2024-06-06 13:20:00-04:00,29.815000534057617,29.815000534057617,29.815000534057617,29.815000534057617,191,0.0,0.0
2024-06-06 13:21:00-04:00,29.815000534057617,29.815000534057617,29.815000534057617,29.815000534057617,176,0.0,0.0
2024-06-06 13:22:00-04:00,29.815000534057617,29.815000534057617,29.809999465942383,29.809999465942383,247,0.0,0.0
2024-06-06 13:23:00-04:00,29.815000534057617,29.815000534057617,29.815000534057617,29.815000534057617,256,0.0,0.0
2024-06-06 13:24:00-04:00,29.815000534057617,29.815000534057617,29.815000534057617,29.815000534057617,433,0.0,0.0
2024-06-06 13:26:00-04:00,29.799999237060547,29.860000610351562,29.799999237060547,29.860000610351562,2147,0.0,0.0
2024-06-06 13:27:00-04:00,29.860000610351562,29.860000610351562,29.860000610351562,29.860000610351562,282,0.0,0.0
2024-06-06 13:28:00-04:00,29.860000610351562,29.90999984741211,29.860000610351562,29.90999984741211,2627,0.0,0.0
2024-06-06 13:32:00-04:00,29.905000686645508,29.905000686645508,29.905000686645508,29.905000686645508,510,0.0,0.0
2024-06-06 13:33:00-04:00,29.90999984741211,29.90999984741211,29.90999984741211,29.90999984741211,325,0.0,0.0
2024-06-06 13:34:00-04:00,29.905000686645508,29.905000686645508,29.905000686645508,29.905000686645508,570,0.0,0.0
2024-06-06 13:35:00-04:00,29.905000686645508,29.920000076293945,29.905000686645508,29.920000076293945,329,0.0,0.0
2024-06-06 13:36:00-04:00,29.889999389648438,29.905000686645508,29.889999389648438,29.905000686645508,329,0.0,0.0
2024-06-06 13:37:00-04:00,29.90999984741211,29.90999984741211,29.90999984741211,29.90999984741211,104,0.0,0.0
2024-06-06 13:38:00-04:00,29.90999984741211,29.924999237060547,29.90999984741211,29.924999237060547,1555,0.0,0.0
2024-06-06 13:39:00-04:00,29.90999984741211,29.90999984741211,29.90999984741211,29.90999984741211,375,0.0,0.0
2024-06-06 13:40:00-04:00,29.915000915527344,29.915000915527344,29.915000915527344,29.915000915527344,386,0.0,0.0
2024-06-06 13:42:00-04:00,29.915000915527344,29.920000076293945,29.915000915527344,29.920000076293945,1004,0.0,0.0
2024-06-06 13:43:00-04:00,29.920000076293945,29.920000076293945,29.920000076293945,29.920000076293945,278,0.0,0.0
2024-06-06 13:44:00-04:00,29.920000076293945,29.920000076293945,29.920000076293945,29.920000076293945,522,0.0,0.0
2024-06-06 13:45:00-04:00,29.915000915527344,29.915000915527344,29.915000915527344,29.915000915527344,250,0.0,0.0
2024-06-06 13:46:00-04:00,29.915000915527344,29.915000915527344,29.90999984741211,29.90999984741211,2765,0.0,0.0
2024-06-06 13:47:00-04:00,29.899999618530273,29.899999618530273,29.899999618530273,29.899999618530273,2070,0.0,0.0
2024-06-06 13:48:00-04:00,29.889999389648438,29.889999389648438,29.889999389648438,29.889999389648438,1923,0.0,0.0
2024-06-06 13:49:00-04:00,29.889999389648438,29.889999389648438,29.889999389648438,29.889999389648438,508,0.0,0.0
2024-06-06 13:50:00-04:00,29.889999389648438,29.899999618530273,29.889999389648438,29.899999618530273,2235,0.0,0.0
2024-06-06 13:53:00-04:00,29.899999618530273,29.90999984741211,29.899999618530273,29.90999984741211,1510,0.0,0.0
2024-06-06 13:54:00-04:00,29.940000534057617,29.940000534057617,29.940000534057617,29.940000534057617,2070,0.0,0.0
2024-06-06 13:55:00-04:00,29.940000534057617,29.940000534057617,29.940000534057617,29.940000534057617,696,0.0,0.0
2024-06-06 13:56:00-04:00,29.93000030517578,29.93000030517578,29.8799991607666,29.8799991607666,1854,0.0,0.0
2024-06-06 13:57:00-04:00,29.860000610351562,29.860000610351562,29.860000610351562,29.860000610351562,386,0.0,0.0
2024-06-06 13:59:00-04:00,29.860000610351562,29.8700008392334,29.860000610351562,29.8700008392334,503,0.0,0.0
2024-06-06 14:00:00-04:00,29.8799991607666,29.885000228881836,29.8799991607666,29.885000228881836,1368,0.0,0.0
2024-06-06 14:01:00-04:00,29.878999710083008,29.878999710083008,29.878999710083008,29.878999710083008,446,0.0,0.0
2024-06-06 14:03:00-04:00,29.8799991607666,29.8799991607666,29.8799991607666,29.8799991607666,833,0.0,0.0
2024-06-06 14:04:00-04:00,29.8700008392334,29.875,29.8700008392334,29.875,1577,0.0,0.0
2024-06-06 14:05:00-04:00,29.860000610351562,29.860000610351562,29.790000915527344,29.790000915527344,2582,0.0,0.0
2024-06-06 14:06:00-04:00,29.790000915527344,29.790000915527344,29.790000915527344,29.790000915527344,843,0.0,0.0
2024-06-06 14:09:00-04:00,29.790000915527344,29.790000915527344,29.790000915527344,29.790000915527344,245,0.0,0.0
2024-06-06 14:10:00-04:00,29.790000915527344,29.790000915527344,29.780000686645508,29.790000915527344,2267,0.0,0.0
2024-06-06 14:11:00-04:00,29.790000915527344,29.790000915527344,29.78499984741211,29.78499984741211,2041,0.0,0.0
2024-06-06 14:17:00-04:00,29.790000915527344,29.790000915527344,29.790000915527344,29.790000915527344,732,0.0,0.0
2024-06-06 14:20:00-04:00,29.800399780273438,29.800399780273438,29.790000915527344,29.790000915527344,804,0.0,0.0
2024-06-06 14:22:00-04:00,29.799999237060547,29.799999237060547,29.790000915527344,29.799999237060547,957,0.0,0.0
2024-06-06 14:23:00-04:00,29.799999237060547,29.799999237060547,29.799999237060547,29.799999237060547,331,0.0,0.0
2024-06-06 14:25:00-04:00,29.790000915527344,29.799999237060547,29.790000915527344,29.799999237060547,401,0.0,0.0
2024-06-06 14:26:00-04:00,29.799999237060547,29.799999237060547,29.799999237060547,29.799999237060547,561,0.0,0.0
2024-06-06 14:27:00-04:00,29.799999237060547,29.809999465942383,29.799999237060547,29.809999465942383,1562,0.0,0.0
2024-06-06 14:28:00-04:00,29.81999969482422,29.81999969482422,29.809999465942383,29.815000534057617,929,0.0,0.0
2024-06-06 14:29:00-04:00,29.809999465942383,29.81999969482422,29.809999465942383,29.809999465942383,526,0.0,0.0
2024-06-06 14:30:00-04:00,29.815000534057617,29.81999969482422,29.815000534057617,29.815000534057617,1023,0.0,0.0
2024-06-06 14:31:00-04:00,29.809999465942383,29.809999465942383,29.809999465942383,29.809999465942383,1358,0.0,0.0
2024-06-06 14:32:00-04:00,29.81999969482422,29.834999084472656,29.81999969482422,29.834999084472656,2672,0.0,0.0
2024-06-06 14:33:00-04:00,29.834999084472656,29.834999084472656,29.834999084472656,29.834999084472656,505,0.0,0.0
2024-06-06 14:34:00-04:00,29.84000015258789,29.860000610351562,29.84000015258789,29.860000610351562,576,0.0,0.0
2024-06-06 14:35:00-04:00,29.8799991607666,29.8799991607666,29.8799991607666,29.8799991607666,611,0.0,0.0
2024-06-06 14:36:00-04:00,29.860000610351562,29.860000610351562,29.860000610351562,29.860000610351562,749,0.0,0.0
2024-06-06 14:37:00-04:00,29.8700008392334,29.8700008392334,29.8700008392334,29.8700008392334,1154,0.0,0.0
2024-06-06 14:38:00-04:00,29.8799991607666,29.8799991607666,29.8799991607666,29.8799991607666,307,0.0,0.0
2024-06-06 14:39:00-04:00,29.8799991607666,29.8799991607666,29.8799991607666,29.8799991607666,409,0.0,0.0
2024-06-06 14:40:00-04:00,29.8799991607666,29.920000076293945,29.8799991607666,29.920000076293945,1752,0.0,0.0
2024-06-06 14:41:00-04:00,29.920000076293945,29.920000076293945,29.920000076293945,29.920000076293945,218,0.0,0.0
2024-06-06 14:42:00-04:00,29.90999984741211,29.90999984741211,29.90999984741211,29.90999984741211,202,0.0,0.0
2024-06-06 14:43:00-04:00,29.90999984741211,29.920000076293945,29.90999984741211,29.920000076293945,816,0.0,0.0
2024-06-06 14:44:00-04:00,29.90999984741211,29.90999984741211,29.90999984741211,29.90999984741211,1183,0.0,0.0
2024-06-06 14:45:00-04:00,29.90999984741211,29.90999984741211,29.90999984741211,29.90999984741211,2044,0.0,0.0
2024-06-06 14:47:00-04:00,29.915000915527344,29.915000915527344,29.915000915527344,29.915000915527344,1126,0.0,0.0
2024-06-06 14:48:00-04:00,29.915000915527344,29.915000915527344,29.915000915527344,29.915000915527344,111,0.0,0.0
2024-06-06 14:49:00-04:00,29.920000076293945,29.920000076293945,29.860000610351562,29.8700008392334,10259,0.0,0.0
2024-06-06 14:50:00-04:00,29.860000610351562,29.864999771118164,29.860000610351562,29.860000610351562,629,0.0,0.0
2024-06-06 14:51:00-04:00,29.864999771118164,29.864999771118164,29.860000610351562,29.860000610351562,835,0.0,0.0
2024-06-06 14:52:00-04:00,29.860000610351562,29.860000610351562,29.860000610351562,29.860000610351562,705,0.0,0.0
2024-06-06 14:54:00-04:00,29.8700008392334,29.8700008392334,29.860000610351562,29.864999771118164,1200,0.0,0.0
2024-06-06 14:55:00-04:00,29.864999771118164,29.864999771118164,29.864999771118164,29.864999771118164,639,0.0,0.0
2024-06-06 14:56:00-04:00,29.86009979248047,29.86009979248047,29.860000610351562,29.860000610351562,385,0.0,0.0
2024-06-06 14:57:00-04:00,29.860000610351562,29.860000610351562,29.860000610351562,29.860000610351562,349,0.0,0.0
2024-06-06 14:58:00-04:00,29.860000610351562,29.864999771118164,29.860000610351562,29.864999771118164,1012,0.0,0.0
2024-06-06 14:59:00-04:00,29.864999771118164,29.8799991607666,29.864999771118164,29.8799991607666,3579,0.0,0.0
2024-06-06 15:00:00-04:00,29.8700008392334,29.8700008392334,29.8700008392334,29.8700008392334,606,0.0,0.0
2024-06-06 15:01:00-04:00,29.860000610351562,29.864999771118164,29.860000610351562,29.864999771118164,2156,0.0,0.0
2024-06-06 15:02:00-04:00,29.864999771118164,29.864999771118164,29.864999771118164,29.864999771118164,708,0.0,0.0
2024-06-06 15:05:00-04:00,29.860000610351562,29.8700008392334,29.860000610351562,29.8700008392334,1774,0.0,0.0
2024-06-06 15:06:00-04:00,29.860000610351562,29.864999771118164,29.860000610351562,29.860000610351562,2227,0.0,0.0
2024-06-06 15:07:00-04:00,29.854999542236328,29.854999542236328,29.854999542236328,29.854999542236328,198,0.0,0.0
2024-06-06 15:08:00-04:00,29.854999542236328,29.8700008392334,29.854999542236328,29.8700008392334,1740,0.0,0.0
2024-06-06 15:09:00-04:00,29.8700008392334,29.899999618530273,29.8700008392334,29.899999618530273,3146,0.0,0.0
2024-06-06 15:10:00-04:00,29.93000030517578,29.93000030517578,29.93000030517578,29.93000030517578,113,0.0,0.0
2024-06-06 15:11:00-04:00,29.910499572753906,29.910499572753906,29.910499572753906,29.910499572753906,521,0.0,0.0
2024-06-06 15:12:00-04:00,29.90999984741211,29.90999984741211,29.8799991607666,29.8799991607666,3886,0.0,0.0
2024-06-06 15:13:00-04:00,29.8700008392334,29.875,29.8700008392334,29.875,783,0.0,0.0
2024-06-06 15:14:00-04:00,29.8700008392334,29.8700008392334,29.860000610351562,29.860000610351562,1266,0.0,0.0
2024-06-06 15:15:00-04:00,29.85059928894043,29.85059928894043,29.85059928894043,29.85059928894043,519,0.0,0.0
2024-06-06 15:16:00-04:00,29.850000381469727,29.850000381469727,29.850000381469727,29.850000381469727,300,0.0,0.0
2024-06-06 15:17:00-04:00,29.85070037841797,29.85070037841797,29.85070037841797,29.85070037841797,1001,0.0,0.0
2024-06-06 15:19:00-04:00,29.850000381469727,29.850000381469727,29.850000381469727,29.850000381469727,204,0.0,0.0
2024-06-06 15:20:00-04:00,29.850000381469727,29.850000381469727,29.809999465942383,29.809999465942383,3779,0.0,0.0
2024-06-06 15:22:00-04:00,29.780000686645508,29.790000915527344,29.780000686645508,29.790000915527344,1077,0.0,0.0
2024-06-06 15:23:00-04:00,29.780000686645508,29.780000686645508,29.780000686645508,29.780000686645508,805,0.0,0.0
2024-06-06 15:24:00-04:00,29.780000686645508,29.780000686645508,29.770000457763672,29.770000457763672,797,0.0,0.0
2024-06-06 15:25:00-04:00,29.774999618530273,29.790000915527344,29.774999618530273,29.790000915527344,4789,0.0,0.0
2024-06-06 15:26:00-04:00,29.790000915527344,29.799999237060547,29.790000915527344,29.790000915527344,1491,0.0,0.0
2024-06-06 15:27:00-04:00,29.799999237060547,29.81999969482422,29.799999237060547,29.81999969482422,3324,0.0,0.0
2024-06-06 15:28:00-04:00,29.829999923706055,29.829999923706055,29.829999923706055,29.829999923706055,988,0.0,0.0
2024-06-06 15:30:00-04:00,29.81999969482422,29.81999969482422,29.815000534057617,29.815000534057617,1649,0.0,0.0
2024-06-06 15:31:00-04:00,29.815000534057617,29.815000534057617,29.809999465942383,29.809999465942383,1676,0.0,0.0
2024-06-06 15:32:00-04:00,29.815000534057617,29.81999969482422,29.809999465942383,29.809999465942383,1128,0.0,0.0
2024-06-06 15:33:00-04:00,29.815000534057617,29.829999923706055,29.815000534057617,29.81999969482422,3468,0.0,0.0
2024-06-06 15:34:00-04:00,29.81999969482422,29.84000015258789,29.81100082397461,29.84000015258789,29488,0.0,0.0
2024-06-06 15:35:00-04:00,29.850000381469727,29.850000381469727,29.790000915527344,29.801000595092773,26068,0.0,0.0
2024-06-06 15:36:00-04:00,29.790000915527344,29.790000915527344,29.790000915527344,29.790000915527344,1914,0.0,0.0
2024-06-06 15:37:00-04:00,29.770000457763672,29.770000457763672,29.760000228881836,29.760000228881836,1392,0.0,0.0
2024-06-06 15:38:00-04:00,29.764999389648438,29.770000457763672,29.760000228881836,29.760000228881836,657,0.0,0.0
2024-06-06 15:39:00-04:00,29.75,29.75,29.709999084472656,29.75,36043,0.0,0.0
2024-06-06 15:41:00-04:00,29.739999771118164,29.739999771118164,29.729999542236328,29.739999771118164,4689,0.0,0.0
2024-06-06 15:42:00-04:00,29.731000900268555,29.731000900268555,29.731000900268555,29.731000900268555,663,0.0,0.0
2024-06-06 15:43:00-04:00,29.729999542236328,29.729999542236328,29.711000442504883,29.719999313354492,4369,0.0,0.0
2024-06-06 15:44:00-04:00,29.71500015258789,29.729999542236328,29.71500015258789,29.729999542236328,2662,0.0,0.0
2024-06-06 15:45:00-04:00,29.72960090637207,29.72960090637207,29.700000762939453,29.704999923706055,2602,0.0,0.0
2024-06-06 15:46:00-04:00,29.690000534057617,29.700000762939453,29.690000534057617,29.700000762939453,2339,0.0,0.0
2024-06-06 15:47:00-04:00,29.690000534057617,29.700000762939453,29.690000534057617,29.700000762939453,1353,0.0,0.0
2024-06-06 15:48:00-04:00,29.700000762939453,29.700000762939453,29.690000534057617,29.690000534057617,1644,0.0,0.0
2024-06-06 15:49:00-04:00,29.69099998474121,29.700000762939453,29.690000534057617,29.700000762939453,3214,0.0,0.0
2024-06-06 15:50:00-04:00,29.709999084472656,29.770000457763672,29.709999084472656,29.760000228881836,9429,0.0,0.0
2024-06-06 15:51:00-04:00,29.75,29.75,29.740999221801758,29.7450008392334,3282,0.0,0.0
2024-06-06 15:52:00-04:00,29.7450008392334,29.770000457763672,29.7450008392334,29.770000457763672,3406,0.0,0.0
2024-06-06 15:53:00-04:00,29.760000228881836,29.799999237060547,29.750999450683594,29.799999237060547,8437,0.0,0.0
2024-06-06 15:54:00-04:00,29.809999465942383,29.809999465942383,29.790000915527344,29.799999237060547,7692,0.0,0.0
2024-06-06 15:55:00-04:00,29.809999465942383,29.864999771118164,29.799999237060547,29.809999465942383,13209,0.0,0.0
2024-06-06 15:56:00-04:00,29.801000595092773,29.8700008392334,29.801000595092773,29.864999771118164,7134,0.0,0.0
2024-06-06 15:57:00-04:00,29.8700008392334,29.8700008392334,29.850000381469727,29.850000381469727,5615,0.0,0.0
2024-06-06 15:58:00-04:00,29.850000381469727,29.860000610351562,29.84000015258789,29.860000610351562,13037,0.0,0.0
2024-06-06 15:59:00-04:00,29.854999542236328,29.860000610351562,29.850000381469727,29.860000610351562,13695,0.0,0.0
2024-06-07 09:30:00-04:00,29.700000762939453,29.929899215698242,29.700000762939453,29.895000457763672,11181,0.0,0.0
2024-06-07 09:32:00-04:00,29.729999542236328,29.790000915527344,29.729999542236328,29.729999542236328,1156,0.0,0.0
2024-06-07 09:33:00-04:00,29.829999923706055,29.829999923706055,29.829999923706055,29.829999923706055,705,0.0,0.0
2024-06-07 09:34:00-04:00,29.889999389648438,29.889999389648438,29.889999389648438,29.889999389648438,573,0.0,0.0
2024-06-07 09:36:00-04:00,29.829999923706055,29.829999923706055,29.829999923706055,29.829999923706055,450,0.0,0.0
2024-06-07 09:38:00-04:00,29.889999389648438,29.889999389648438,29.809999465942383,29.81999969482422,2842,0.0,0.0
2024-06-07 09:40:00-04:00,29.889999389648438,29.90999984741211,29.889999389648438,29.90999984741211,746,0.0,0.0
2024-06-07 09:41:00-04:00,29.959999084472656,29.959999084472656,29.959999084472656,29.959999084472656,200,0.0,0.0
2024-06-07 09:42:00-04:00,29.93000030517578,29.93000030517578,29.93000030517578,29.93000030517578,15,0.0,0.0
2024-06-07 09:43:00-04:00,29.889999389648438,29.920000076293945,29.8799991607666,29.920000076293945,1959,0.0,0.0
2024-06-07 09:44:00-04:00,29.915000915527344,29.915000915527344,29.915000915527344,29.915000915527344,689,0.0,0.0
2024-06-07 09:46:00-04:00,29.934999465942383,29.969999313354492,29.934999465942383,29.969999313354492,613,0.0,0.0
2024-06-07 09:47:00-04:00,29.969999313354492,30.0,29.959999084472656,30.0,4111,0.0,0.0
2024-06-07 09:48:00-04:00,30.020000457763672,30.020000457763672,30.020000457763672,30.020000457763672,234,0.0,0.0
2024-06-07 09:49:00-04:00,30.0,30.0,30.0,30.0,260,0.0,0.0
2024-06-07 09:51:00-04:00,30.0049991607666,30.0049991607666,30.0049991607666,30.0049991607666,1315,0.0,0.0
2024-06-07 09:52:00-04:00,29.989999771118164,29.989999771118164,29.969999313354492,29.979999542236328,2724,0.0,0.0
2024-06-07 09:53:00-04:00,29.975000381469727,29.975000381469727,29.93000030517578,29.93000030517578,1264,0.0,0.0
2024-06-07 09:54:00-04:00,29.93000030517578,29.969999313354492,29.93000030517578,29.969999313354492,1102,0.0,0.0
2024-06-07 09:55:00-04:00,29.969999313354492,29.969999313354492,29.969999313354492,29.969999313354492,188,0.0,0.0
2024-06-07 09:56:00-04:00,29.959999084472656,29.959999084472656,29.940000534057617,29.950000762939453,2656,0.0,0.0
2024-06-07 09:58:00-04:00,29.93000030517578,29.93000030517578,29.90999984741211,29.915000915527344,1329,0.0,0.0
2024-06-07 09:59:00-04:00,29.950000762939453,29.950000762939453,29.950000762939453,29.950000762939453,1495,0.0,0.0
2024-06-07 10:00:00-04:00,29.93000030517578,29.93000030517578,29.899999618530273,29.920000076293945,1207,0.0,0.0
2024-06-07 10:01:00-04:00,29.93000030517578,29.940000534057617,29.93000030517578,29.940000534057617,1742,0.0,0.0
2024-06-07 10:03:00-04:00,29.950000762939453,29.950000762939453,29.950000762939453,29.950000762939453,1034,0.0,0.0
2024-06-07 10:04:00-04:00,29.959999084472656,30.0049991607666,29.959999084472656,30.0049991607666,1455,0.0,0.0
2024-06-07 10:05:00-04:00,30.0,30.0,29.9950008392334,29.9950008392334,940,0.0,0.0
2024-06-07 10:06:00-04:00,29.9950008392334,29.9950008392334,29.9950008392334,29.9950008392334,718,0.0,0.0
2024-06-07 10:09:00-04:00,30.020000457763672,30.020000457763672,30.0,30.020000457763672,656,0.0,0.0
2024-06-07 10:10:00-04:00,30.0,30.0,29.959999084472656,29.975000381469727,1766,0.0,0.0
2024-06-07 10:11:00-04:00,29.950000762939453,29.950000762939453,29.950000762939453,29.950000762939453,459,0.0,0.0
2024-06-07 10:12:00-04:00,29.950000762939453,29.969999313354492,29.950000762939453,29.969999313354492,1409,0.0,0.0
2024-06-07 10:14:00-04:00,29.979999542236328,29.985000610351562,29.959999084472656,29.985000610351562,4188,0.0,0.0
2024-06-07 10:15:00-04:00,30.0,30.010000228881836,29.959999084472656,29.959999084472656,1966,0.0,0.0
2024-06-07 10:16:00-04:00,29.96310043334961,29.96310043334961,29.96310043334961,29.96310043334961,550,0.0,0.0
2024-06-07 10:17:00-04:00,30.010000228881836,30.010000228881836,30.010000228881836,30.010000228881836,527,0.0,0.0
2024-06-07 10:20:00-04:00,30.010000228881836,30.010000228881836,29.989999771118164,29.989999771118164,339,0.0,0.0
2024-06-07 10:21:00-04:00,29.969999313354492,29.969999313354492,29.969999313354492,29.969999313354492,765,0.0,0.0
2024-06-07 10:24:00-04:00,29.979999542236328,29.979999542236328,29.979999542236328,29.979999542236328,890,0.0,0.0
2024-06-07 10:25:00-04:00,29.969999313354492,30.0,29.969999313354492,29.985000610351562,1643,0.0,0.0
2024-06-07 10:26:00-04:00,29.985000610351562,30.030000686645508,29.969999313354492,30.030000686645508,3823,0.0,0.0
2024-06-07 10:28:00-04:00,30.06999969482422,30.06999969482422,30.06999969482422,30.06999969482422,440,0.0,0.0
2024-06-07 10:29:00-04:00,30.06999969482422,30.06999969482422,30.06999969482422,30.06999969482422,388,0.0,0.0
2024-06-07 10:30:00-04:00,30.049999237060547,30.049999237060547,30.030000686645508,30.030000686645508,1834,0.0,0.0
2024-06-07 10:31:00-04:00,30.049999237060547,30.049999237060547,30.02400016784668,30.02400016784668,438,0.0,0.0
2024-06-07 10:32:00-04:00,30.024999618530273,30.024999618530273,30.024999618530273,30.024999618530273,209,0.0,0.0
2024-06-07 10:33:00-04:00,30.0,30.0049991607666,29.975000381469727,29.975000381469727,2198,0.0,0.0
2024-06-07 10:34:00-04:00,30.0,30.0,30.0,30.0,803,0.0,0.0
2024-06-07 10:35:00-04:00,30.0,30.010000228881836,30.0,30.010000228881836,987,0.0,0.0
2024-06-07 10:36:00-04:00,30.010000228881836,30.010000228881836,30.010000228881836,30.010000228881836,369,0.0,0.0
2024-06-07 10:37:00-04:00,30.030000686645508,30.030000686645508,30.030000686645508,30.030000686645508,843,0.0,0.0
2024-06-07 10:39:00-04:00,30.059999465942383,30.059999465942383,30.059999465942383,30.059999465942383,675,0.0,0.0
2024-06-07 10:41:00-04:00,30.059999465942383,30.06999969482422,30.059999465942383,30.06999969482422,1040,0.0,0.0
2024-06-07 10:42:00-04:00,30.09000015258789,30.09000015258789,30.09000015258789,30.09000015258789,845,0.0,0.0
2024-06-07 10:46:00-04:00,30.110000610351562,30.1299991607666,30.110000610351562,30.1299991607666,1011,0.0,0.0
2024-06-07 10:49:00-04:00,30.139999389648438,30.139999389648438,30.135000228881836,30.135000228881836,453,0.0,0.0
2024-06-07 10:50:00-04:00,30.139999389648438,30.142499923706055,30.110000610351562,30.1299991607666,3079,0.0,0.0
2024-06-07 10:51:00-04:00,30.1299991607666,30.1299991607666,30.1299991607666,30.1299991607666,178,0.0,0.0
2024-06-07 10:52:00-04:00,30.110000610351562,30.110000610351562,30.110000610351562,30.110000610351562,1276,0.0,0.0
2024-06-07 10:54:00-04:00,30.09000015258789,30.110000610351562,30.09000015258789,30.110000610351562,700,0.0,0.0
2024-06-07 10:56:00-04:00,30.094999313354492,30.094999313354492,30.094999313354492,30.094999313354492,1242,0.0,0.0
2024-06-07 10:57:00-04:00,30.079999923706055,30.079999923706055,30.079999923706055,30.079999923706055,1072,0.0,0.0
2024-06-07 11:00:00-04:00,30.079999923706055,30.079999923706055,30.079999923706055,30.079999923706055,338,0.0,0.0
2024-06-07 11:02:00-04:00,30.077800750732422,30.100000381469727,30.06999969482422,30.06999969482422,2219,0.0,0.0
2024-06-07 11:04:00-04:00,30.059999465942383,30.059999465942383,30.059999465942383,30.059999465942383,147,0.0,0.0
2024-06-07 11:05:00-04:00,30.075000762939453,30.079999923706055,30.075000762939453,30.079999923706055,428,0.0,0.0
2024-06-07 11:06:00-04:00,30.059999465942383,30.059999465942383,30.014999389648438,30.020000457763672,3154,0.0,0.0
2024-06-07 11:08:00-04:00,30.0,30.0,30.0,30.0,1258,0.0,0.0
2024-06-07 11:10:00-04:00,30.0,30.010000228881836,30.0,30.010000228881836,428,0.0,0.0
2024-06-07 11:11:00-04:00,30.0,30.0,30.0,30.0,1043,0.0,0.0
2024-06-07 11:13:00-04:00,29.979999542236328,29.9950008392334,29.979999542236328,29.9950008392334,2350,0.0,0.0
2024-06-07 11:14:00-04:00,29.989999771118164,29.989999771118164,29.989999771118164,29.989999771118164,124,0.0,0.0
2024-06-07 11:15:00-04:00,30.0,30.0,30.0,30.0,2966,0.0,0.0
2024-06-07 11:16:00-04:00,30.0,30.0,30.0,30.0,354,0.0,0.0
2024-06-07 11:17:00-04:00,29.979999542236328,29.979999542236328,29.940000534057617,29.954999923706055,2301,0.0,0.0
2024-06-07 11:18:00-04:00,29.954999923706055,30.010000228881836,29.954999923706055,29.989999771118164,7125,0.0,0.0
2024-06-07 11:19:00-04:00,29.979999542236328,29.979999542236328,29.940000534057617,29.940000534057617,1394,0.0,0.0
2024-06-07 11:20:00-04:00,29.889999389648438,29.889999389648438,29.8700008392334,29.8700008392334,988,0.0,0.0
2024-06-07 11:21:00-04:00,29.860000610351562,29.90999984741211,29.860000610351562,29.8700008392334,1071,0.0,0.0
2024-06-07 11:22:00-04:00,29.84000015258789,29.860000610351562,29.84000015258789,29.860000610351562,1825,0.0,0.0
2024-06-07 11:23:00-04:00,29.8799991607666,29.93000030517578,29.8799991607666,29.93000030517578,1944,0.0,0.0
2024-06-07 11:24:00-04:00,29.90999984741211,29.90999984741211,29.889999389648438,29.889999389648438,914,0.0,0.0
2024-06-07 11:25:00-04:00,29.940000534057617,29.950000762939453,29.940000534057617,29.950000762939453,1216,0.0,0.0
2024-06-07 11:28:00-04:00,29.979999542236328,29.979999542236328,29.979999542236328,29.979999542236328,552,0.0,0.0
2024-06-07 11:29:00-04:00,29.989999771118164,29.989999771118164,29.989999771118164,29.989999771118164,1000,0.0,0.0
2024-06-07 11:31:00-04:00,30.030000686645508,30.049999237060547,30.030000686645508,30.049999237060547,1084,0.0,0.0
2024-06-07 11:34:00-04:00,30.040000915527344,30.059999465942383,30.040000915527344,30.059999465942383,622,0.0,0.0
2024-06-07 11:35:00-04:00,30.06999969482422,30.110000610351562,30.06999969482422,30.110000610351562,1771,0.0,0.0
2024-06-07 11:36:00-04:00,30.112499237060547,30.112499237060547,30.112499237060547,30.112499237060547,204,0.0,0.0
2024-06-07 11:37:00-04:00,30.1200008392334,30.1200008392334,30.1200008392334,30.1200008392334,824,0.0,0.0
2024-06-07 11:39:00-04:00,30.1200008392334,30.1299991607666,30.1200008392334,30.1299991607666,862,0.0,0.0
2024-06-07 11:42:00-04:00,30.125,30.125,30.110000610351562,30.1200008392334,3798,0.0,0.0
2024-06-07 11:46:00-04:00,30.133800506591797,30.133800506591797,30.133800506591797,30.133800506591797,539,0.0,0.0
2024-06-07 11:50:00-04:00,30.139999389648438,30.139999389648438,30.139999389648438,30.139999389648438,2273,0.0,0.0
2024-06-07 11:54:00-04:00,30.139999389648438,30.139999389648438,30.1299991607666,30.1299991607666,1687,0.0,0.0
2024-06-07 11:55:00-04:00,30.1200008392334,30.1200008392334,30.1200008392334,30.1200008392334,2322,0.0,0.0
2024-06-07 12:04:00-04:00,30.125,30.1299991607666,30.125,30.1299991607666,1955,0.0,0.0
2024-06-07 12:05:00-04:00,30.1200008392334,30.1200008392334,30.110000610351562,30.110000610351562,1459,0.0,0.0
2024-06-07 12:06:00-04:00,30.06999969482422,30.06999969482422,30.06999969482422,30.06999969482422,881,0.0,0.0
2024-06-07 12:14:00-04:00,30.049999237060547,30.049999237060547,30.049999237060547,30.049999237060547,1361,0.0,0.0
2024-06-07 12:16:00-04:00,30.0,30.0,30.0,30.0,329,0.0,0.0
2024-06-07 12:17:00-04:00,30.00079917907715,30.00079917907715,30.00079917907715,30.00079917907715,375,0.0,0.0
2024-06-07 12:19:00-04:00,30.0,30.0,30.0,30.0,351,0.0,0.0
2024-06-07 12:20:00-04:00,30.030000686645508,30.030000686645508,30.030000686645508,30.030000686645508,1404,0.0,0.0
2024-06-07 12:24:00-04:00,30.030000686645508,30.040000915527344,30.030000686645508,30.040000915527344,1477,0.0,0.0
2024-06-07 12:25:00-04:00,30.049999237060547,30.049999237060547,30.049999237060547,30.049999237060547,761,0.0,0.0
2024-06-07 12:26:00-04:00,30.049999237060547,30.06999969482422,30.049999237060547,30.06999969482422,483,0.0,0.0
2024-06-07 12:28:00-04:00,30.069000244140625,30.069000244140625,30.069000244140625,30.069000244140625,251,0.0,0.0
2024-06-07 12:29:00-04:00,30.079999923706055,30.079999923706055,30.079999923706055,30.079999923706055,908,0.0,0.0
2024-06-07 12:31:00-04:00,30.06999969482422,30.06999969482422,30.059999465942383,30.059999465942383,1792,0.0,0.0
2024-06-07 12:32:00-04:00,30.049999237060547,30.049999237060547,30.049999237060547,30.049999237060547,2617,0.0,0.0
2024-06-07 12:42:00-04:00,29.989999771118164,29.989999771118164,29.969999313354492,29.969999313354492,2669,0.0,0.0
2024-06-07 12:43:00-04:00,29.969999313354492,29.969999313354492,29.969999313354492,29.969999313354492,926,0.0,0.0
2024-06-07 12:47:00-04:00,29.950000762939453,29.950000762939453,29.950000762939453,29.950000762939453,376,0.0,0.0
2024-06-07 12:48:00-04:00,29.954999923706055,29.959999084472656,29.954999923706055,29.959999084472656,1229,0.0,0.0
2024-06-07 12:49:00-04:00,29.959999084472656,29.959999084472656,29.959999084472656,29.959999084472656,477,0.0,0.0
2024-06-07 12:50:00-04:00,29.969999313354492,29.979999542236328,29.969999313354492,29.979999542236328,2496,0.0,0.0
2024-06-07 12:53:00-04:00,29.989999771118164,29.989999771118164,29.989999771118164,29.989999771118164,194,0.0,0.0
2024-06-07 12:54:00-04:00,29.989999771118164,29.989999771118164,29.989999771118164,29.989999771118164,227,0.0,0.0
2024-06-07 12:55:00-04:00,30.0,30.0,30.0,30.0,306,0.0,0.0
2024-06-07 12:56:00-04:00,30.010000228881836,30.010000228881836,30.0,30.0,1420,0.0,0.0
2024-06-07 12:57:00-04:00,29.989999771118164,29.989999771118164,29.965299606323242,29.965299606323242,882,0.0,0.0
2024-06-07 12:58:00-04:00,29.969999313354492,29.969999313354492,29.969999313354492,29.969999313354492,0,0.0,0.0
2024-06-07 12:59:00-04:00,29.959999084472656,29.959999084472656,29.959999084472656,29.959999084472656,744,0.0,0.0
2024-06-07 13:01:00-04:00,29.940000534057617,29.94499969482422,29.940000534057617,29.94499969482422,440,0.0,0.0
2024-06-07 13:02:00-04:00,29.94499969482422,29.94499969482422,29.94499969482422,29.94499969482422,106,0.0,0.0
2024-06-07 13:03:00-04:00,29.944000244140625,29.944000244140625,29.944000244140625,29.944000244140625,613,0.0,0.0
2024-06-07 13:04:00-04:00,29.940000534057617,29.940000534057617,29.940000534057617,29.940000534057617,2665,0.0,0.0
2024-06-07 13:05:00-04:00,29.950000762939453,29.950000762939453,29.950000762939453,29.950000762939453,2035,0.0,0.0
2024-06-07 13:07:00-04:00,29.940000534057617,29.940000534057617,29.940000534057617,29.940000534057617,458,0.0,0.0
2024-06-07 13:09:00-04:00,29.93000030517578,29.93000030517578,29.924999237060547,29.924999237060547,1350,0.0,0.0
2024-06-07 13:10:00-04:00,29.90999984741211,29.93000030517578,29.90999984741211,29.93000030517578,3266,0.0,0.0
2024-06-07 13:11:00-04:00,29.940000534057617,29.940000534057617,29.940000534057617,29.940000534057617,359,0.0,0.0
2024-06-07 13:13:00-04:00,29.940000534057617,29.940000534057617,29.940000534057617,29.940000534057617,379,0.0,0.0
2024-06-07 13:16:00-04:00,29.940000534057617,29.940000534057617,29.940000534057617,29.940000534057617,348,0.0,0.0
2024-06-07 13:18:00-04:00,29.950000762939453,29.975000381469727,29.950000762939453,29.975000381469727,2469,0.0,0.0
2024-06-07 13:21:00-04:00,29.979999542236328,29.989999771118164,29.979999542236328,29.989999771118164,1734,0.0,0.0
2024-06-07 13:22:00-04:00,29.969999313354492,29.969999313354492,29.969999313354492,29.969999313354492,2431,0.0,0.0
2024-06-07 13:26:00-04:00,29.971500396728516,29.971500396728516,29.969999313354492,29.969999313354492,963,0.0,0.0
2024-06-07 13:27:00-04:00,29.975000381469727,29.975000381469727,29.975000381469727,29.975000381469727,261,0.0,0.0
2024-06-07 13:28:00-04:00,29.979999542236328,29.989999771118164,29.979999542236328,29.989999771118164,520,0.0,0.0
2024-06-07 13:30:00-04:00,29.979999542236328,30.010000228881836,29.979999542236328,30.010000228881836,1861,0.0,0.0
2024-06-07 13:31:00-04:00,30.010000228881836,30.010000228881836,30.010000228881836,30.010000228881836,292,0.0,0.0
2024-06-07 13:34:00-04:00,30.030000686645508,30.030000686645508,30.030000686645508,30.030000686645508,290,0.0,0.0
2024-06-07 13:35:00-04:00,30.024999618530273,30.024999618530273,30.024999618530273,30.024999618530273,440,0.0,0.0
2024-06-07 13:37:00-04:00,30.04990005493164,30.04990005493164,30.030000686645508,30.030000686645508,1374,0.0,0.0
2024-06-07 13:38:00-04:00,30.030000686645508,30.030000686645508,30.030000686645508,30.030000686645508,830,0.0,0.0
2024-06-07 13:42:00-04:00,30.049999237060547,30.049999237060547,30.049999237060547,30.049999237060547,819,0.0,0.0
2024-06-07 13:45:00-04:00,30.049999237060547,30.06999969482422,30.049999237060547,30.06999969482422,660,0.0,0.0
2024-06-07 13:46:00-04:00,30.06999969482422,30.06999969482422,30.06170082092285,30.06170082092285,669,0.0,0.0
2024-06-07 13:49:00-04:00,30.060400009155273,30.060400009155273,30.040000915527344,30.040000915527344,6911,0.0,0.0
2024-06-07 13:53:00-04:00,30.024999618530273,30.024999618530273,30.024999618530273,30.024999618530273,112,0.0,0.0
2024-06-07 13:54:00-04:00,30.020000457763672,30.020000457763672,30.010000228881836,30.010000228881836,854,0.0,0.0
2024-06-07 13:56:00-04:00,30.020000457763672,30.020000457763672,30.020000457763672,30.020000457763672,181,0.0,0.0
2024-06-07 13:58:00-04:00,30.010000228881836,30.010000228881836,30.010000228881836,30.010000228881836,200,0.0,0.0
2024-06-07 13:59:00-04:00,30.020000457763672,30.020000457763672,30.020000457763672,30.020000457763672,279,0.0,0.0
2024-06-07 14:00:00-04:00,30.010000228881836,30.010000228881836,29.979999542236328,29.979999542236328,4298,0.0,0.0
2024-06-07 14:01:00-04:00,29.979999542236328,30.0,29.979999542236328,30.0,1196,0.0,0.0
2024-06-07 14:03:00-04:00,30.0,30.040000915527344,30.0,30.040000915527344,2304,0.0,0.0
2024-06-07 14:04:00-04:00,30.040000915527344,30.040000915527344,30.040000915527344,30.040000915527344,2260,0.0,0.0
2024-06-07 14:05:00-04:00,30.049999237060547,30.049999237060547,30.049999237060547,30.049999237060547,568,0.0,0.0
2024-06-07 14:06:00-04:00,30.049999237060547,30.059999465942383,30.049999237060547,30.059999465942383,990,0.0,0.0
2024-06-07 14:07:00-04:00,30.049999237060547,30.049999237060547,30.049999237060547,30.049999237060547,141,0.0,0.0
2024-06-07 14:08:00-04:00,30.040000915527344,30.049999237060547,30.040000915527344,30.049999237060547,1069,0.0,0.0
2024-06-07 14:10:00-04:00,30.049999237060547,30.06999969482422,30.049999237060547,30.06999969482422,5652,0.0,0.0
2024-06-07 14:11:00-04:00,30.06999969482422,30.079999923706055,30.065000534057617,30.079999923706055,2591,0.0,0.0
2024-06-07 14:12:00-04:00,30.06999969482422,30.100000381469727,30.06999969482422,30.100000381469727,2668,0.0,0.0
2024-06-07 14:13:00-04:00,30.100000381469727,30.100000381469727,30.100000381469727,30.100000381469727,512,0.0,0.0
2024-06-07 14:14:00-04:00,30.100000381469727,30.100000381469727,30.059999465942383,30.065000534057617,3052,0.0,0.0
2024-06-07 14:15:00-04:00,30.049999237060547,30.06999969482422,30.030000686645508,30.05500030517578,5355,0.0,0.0
2024-06-07 14:16:00-04:00,30.06999969482422,30.079999923706055,30.06999969482422,30.079999923706055,1925,0.0,0.0
2024-06-07 14:17:00-04:00,30.049999237060547,30.049999237060547,30.030000686645508,30.030000686645508,1806,0.0,0.0
2024-06-07 14:19:00-04:00,29.989999771118164,30.0,29.985000610351562,29.989999771118164,2385,0.0,0.0
2024-06-07 14:20:00-04:00,30.0,30.010000228881836,30.0,30.010000228881836,839,0.0,0.0
2024-06-07 14:21:00-04:00,30.010000228881836,30.020000457763672,30.010000228881836,30.020000457763672,1739,0.0,0.0
2024-06-07 14:23:00-04:00,30.010000228881836,30.010000228881836,30.010000228881836,30.010000228881836,565,0.0,0.0
2024-06-07 14:26:00-04:00,30.0,30.010000228881836,30.0,30.010000228881836,321,0.0,0.0
2024-06-07 14:27:00-04:00,30.0,30.0,29.9950008392334,29.9950008392334,637,0.0,0.0
2024-06-07 14:28:00-04:00,30.0,30.010000228881836,30.0,30.010000228881836,2247,0.0,0.0
2024-06-07 14:32:00-04:00,30.020000457763672,30.020000457763672,30.020000457763672,30.020000457763672,171,0.0,0.0
2024-06-07 14:33:00-04:00,30.0,30.020000457763672,30.0,30.020000457763672,2968,0.0,0.0
2024-06-07 14:39:00-04:00,30.010000228881836,30.010000228881836,30.010000228881836,30.010000228881836,926,0.0,0.0
2024-06-07 14:43:00-04:00,30.020000457763672,30.030000686645508,30.020000457763672,30.030000686645508,1517,0.0,0.0
2024-06-07 14:44:00-04:00,30.040000915527344,30.040000915527344,30.040000915527344,30.040000915527344,1338,0.0,0.0
2024-06-07 14:45:00-04:00,30.045000076293945,30.045000076293945,30.040000915527344,30.040000915527344,1761,0.0,0.0
2024-06-07 14:46:00-04:00,30.040000915527344,30.040000915527344,30.030000686645508,30.030000686645508,2217,0.0,0.0
2024-06-07 14:49:00-04:00,30.020000457763672,30.020000457763672,30.020000457763672,30.020000457763672,795,0.0,0.0
2024-06-07 14:51:00-04:00,30.020000457763672,30.020000457763672,30.020000457763672,30.020000457763672,460,0.0,0.0
2024-06-07 14:53:00-04:00,30.030000686645508,30.049999237060547,30.024999618530273,30.049999237060547,1960,0.0,0.0
2024-06-07 14:54:00-04:00,30.049999237060547,30.059999465942383,30.049999237060547,30.059999465942383,1760,0.0,0.0
2024-06-07 14:56:00-04:00,30.049999237060547,30.06100082397461,30.049999237060547,30.06100082397461,3172,0.0,0.0
2024-06-07 14:57:00-04:00,30.049999237060547,30.049999237060547,30.049999237060547,30.049999237060547,1416,0.0,0.0
2024-06-07 14:59:00-04:00,30.059999465942383,30.059999465942383,30.059999465942383,30.059999465942383,2746,0.0,0.0
2024-06-07 15:00:00-04:00,30.059999465942383,30.059999465942383,30.040000915527344,30.059999465942383,1951,0.0,0.0
2024-06-07 15:01:00-04:00,30.059999465942383,30.059999465942383,30.059999465942383,30.059999465942383,440,0.0,0.0
2024-06-07 15:02:00-04:00,30.059999465942383,30.059999465942383,30.05500030517578,30.05500030517578,1017,0.0,0.0
2024-06-07 15:03:00-04:00,30.059999465942383,30.06999969482422,30.049999237060547,30.06999969482422,1157,0.0,0.0
2024-06-07 15:05:00-04:00,30.059999465942383,30.059999465942383,30.014999389648438,30.030000686645508,3975,0.0,0.0
2024-06-07 15:06:00-04:00,30.030000686645508,30.049999237060547,30.030000686645508,30.049999237060547,3267,0.0,0.0
2024-06-07 15:07:00-04:00,30.049999237060547,30.049999237060547,30.040000915527344,30.049999237060547,883,0.0,0.0
2024-06-07 15:08:00-04:00,30.049999237060547,30.049999237060547,30.049999237060547,30.049999237060547,1229,0.0,0.0
2024-06-07 15:09:00-04:00,30.059999465942383,30.06999969482422,30.059999465942383,30.059999465942383,426,0.0,0.0
2024-06-07 15:10:00-04:00,30.059999465942383,30.059999465942383,30.05500030517578,30.05500030517578,316,0.0,0.0
2024-06-07 15:11:00-04:00,30.05500030517578,30.05500030517578,30.05500030517578,30.05500030517578,255,0.0,0.0
2024-06-07 15:13:00-04:00,30.049999237060547,30.065000534057617,30.049999237060547,30.059999465942383,3518,0.0,0.0
2024-06-07 15:14:00-04:00,30.049999237060547,30.059999465942383,30.049999237060547,30.059999465942383,3030,0.0,0.0
2024-06-07 15:15:00-04:00,30.059999465942383,30.059999465942383,30.059999465942383,30.059999465942383,812,0.0,0.0
2024-06-07 15:16:00-04:00,30.059999465942383,30.06999969482422,30.059999465942383,30.06999969482422,642,0.0,0.0
2024-06-07 15:17:00-04:00,30.059999465942383,30.059999465942383,30.059999465942383,30.059999465942383,723,0.0,0.0
2024-06-07 15:18:00-04:00,30.059999465942383,30.059999465942383,30.059999465942383,30.059999465942383,1418,0.0,0.0
2024-06-07 15:19:00-04:00,30.049999237060547,30.049999237060547,30.020000457763672,30.020000457763672,6908,0.0,0.0
2024-06-07 15:20:00-04:00,30.0,30.0,30.0,30.0,607,0.0,0.0
2024-06-07 15:21:00-04:00,29.989999771118164,29.989999771118164,29.989999771118164,29.989999771118164,629,0.0,0.0
2024-06-07 15:22:00-04:00,29.989999771118164,29.989999771118164,29.979999542236328,29.979999542236328,1246,0.0,0.0
2024-06-07 15:23:00-04:00,29.954999923706055,29.979999542236328,29.954999923706055,29.979999542236328,6992,0.0,0.0
2024-06-07 15:24:00-04:00,29.979999542236328,29.979999542236328,29.959999084472656,29.959999084472656,3480,0.0,0.0
2024-06-07 15:25:00-04:00,29.950000762939453,29.954999923706055,29.950000762939453,29.954999923706055,1762,0.0,0.0
2024-06-07 15:26:00-04:00,29.959999084472656,29.959999084472656,29.959999084472656,29.959999084472656,1530,0.0,0.0
2024-06-07 15:27:00-04:00,29.969999313354492,29.979999542236328,29.969999313354492,29.979999542236328,2221,0.0,0.0
2024-06-07 15:28:00-04:00,29.989999771118164,29.989999771118164,29.989999771118164,29.989999771118164,1661,0.0,0.0
2024-06-07 15:29:00-04:00,30.0,30.0,30.0,30.0,864,0.0,0.0
2024-06-07 15:31:00-04:00,30.0,30.010000228881836,30.0,30.0,791,0.0,0.0
2024-06-07 15:32:00-04:00,30.010000228881836,30.010000228881836,29.989999771118164,29.989999771118164,4768,0.0,0.0
2024-06-07 15:33:00-04:00,30.0,30.0,30.0,30.0,691,0.0,0.0
2024-06-07 15:34:00-04:00,30.0,30.0,29.989999771118164,30.0,4881,0.0,0.0
2024-06-07 15:35:00-04:00,30.0,30.0,29.989999771118164,29.989999771118164,1063,0.0,0.0
2024-06-07 15:37:00-04:00,30.0049991607666,30.0049991607666,30.0049991607666,30.0049991607666,1177,0.0,0.0
2024-06-07 15:38:00-04:00,30.0049991607666,30.0049991607666,30.0049991607666,30.0049991607666,1443,0.0,0.0
2024-06-07 15:39:00-04:00,30.0049991607666,30.0049991607666,30.0049991607666,30.0049991607666,354,0.0,0.0
2024-06-07 15:40:00-04:00,30.0049991607666,30.0049991607666,30.0,30.0,930,0.0,0.0
2024-06-07 15:41:00-04:00,30.0,30.010000228881836,30.0,30.0049991607666,6001,0.0,0.0
2024-06-07 15:42:00-04:00,30.0049991607666,30.010000228881836,30.0049991607666,30.010000228881836,4432,0.0,0.0
2024-06-07 15:43:00-04:00,30.010000228881836,30.010000228881836,30.010000228881836,30.010000228881836,224,0.0,0.0
2024-06-07 15:44:00-04:00,30.020000457763672,30.059900283813477,30.020000457763672,30.059900283813477,5369,0.0,0.0
2024-06-07 15:45:00-04:00,30.049999237060547,30.049999237060547,30.049999237060547,30.049999237060547,1090,0.0,0.0
2024-06-07 15:46:00-04:00,30.049999237060547,30.049999237060547,30.049999237060547,30.049999237060547,4696,0.0,0.0
2024-06-07 15:47:00-04:00,30.049999237060547,30.049999237060547,30.049999237060547,30.049999237060547,315,0.0,0.0
2024-06-07 15:48:00-04:00,30.059999465942383,30.059999465942383,30.059999465942383,30.059999465942383,812,0.0,0.0
2024-06-07 15:49:00-04:00,30.05500030517578,30.05500030517578,30.049999237060547,30.05500030517578,1718,0.0,0.0
2024-06-07 15:50:00-04:00,30.059999465942383,30.06999969482422,30.049999237060547,30.049999237060547,4972,0.0,0.0
2024-06-07 15:51:00-04:00,30.049999237060547,30.05500030517578,30.040000915527344,30.040000915527344,7015,0.0,0.0
2024-06-07 15:52:00-04:00,30.045000076293945,30.075000762939453,30.045000076293945,30.075000762939453,7464,0.0,0.0
2024-06-07 15:53:00-04:00,30.06999969482422,30.06999969482422,30.040000915527344,30.05500030517578,6446,0.0,0.0
2024-06-07 15:54:00-04:00,30.049999237060547,30.049999237060547,30.0,30.0049991607666,9234,0.0,0.0
2024-06-07 15:55:00-04:00,30.0049991607666,30.0049991607666,29.975000381469727,29.975000381469727,8829,0.0,0.0
2024-06-07 15:56:00-04:00,29.975000381469727,29.979999542236328,29.969999313354492,29.979999542236328,5200,0.0,0.0
2024-06-07 15:57:00-04:00,29.975000381469727,30.0049991607666,29.975000381469727,29.989999771118164,19099,0.0,0.0
2024-06-07 15:58:00-04:00,29.989999771118164,29.989999771118164,29.979999542236328,29.979999542236328,4107,0.0,0.0
2024-06-07 15:59:00-04:00,29.985000610351562,30.014999389648438,29.979999542236328,30.0049991607666,24959,0.0,0.0
