Datetime,Open,High,Low,Close,Volume,Dividends,Stock Splits
2024-07-01 09:00:00+09:00,7890.0,7890.0,7890.0,7890.0,0,0.0,0.0
2024-07-01 09:01:00+09:00,7920.0,7930.0,7890.0,7890.0,238,0.0,0.0
2024-07-01 09:02:00+09:00,7890.0,7890.0,7880.0,7890.0,1162,0.0,0.0
2024-07-01 09:03:00+09:00,7890.0,7890.0,7890.0,7890.0,395,0.0,0.0
2024-07-01 09:04:00+09:00,7900.0,7900.0,7900.0,7900.0,7,0.0,0.0
2024-07-01 09:05:00+09:00,7900.0,7920.0,7900.0,7920.0,370,0.0,0.0
2024-07-01 09:06:00+09:00,7920.0,7920.0,7890.0,7900.0,2709,0.0,0.0
2024-07-01 09:08:00+09:00,7900.0,7920.0,7900.0,7920.0,493,0.0,0.0
2024-07-01 09:09:00+09:00,7920.0,7920.0,7920.0,7920.0,26,0.0,0.0
2024-07-01 09:10:00+09:00,7920.0,7920.0,7920.0,7920.0,130,0.0,0.0
2024-07-01 09:11:00+09:00,7930.0,7930.0,7930.0,7930.0,0,0.0,0.0
2024-07-01 09:13:00+09:00,7930.0,7930.0,7920.0,7920.0,498,0.0,0.0
2024-07-01 09:14:00+09:00,7930.0,7930.0,7930.0,7930.0,1,0.0,0.0
2024-07-01 09:15:00+09:00,7930.0,7980.0,7930.0,7980.0,810,0.0,0.0
2024-07-01 09:16:00+09:00,7980.0,7980.0,7970.0,7970.0,12,0.0,0.0
2024-07-01 09:17:00+09:00,7960.0,7970.0,7960.0,7970.0,61,0.0,0.0
2024-07-01 09:18:00+09:00,7960.0,7960.0,7960.0,7960.0,98,0.0,0.0
2024-07-01 09:19:00+09:00,7970.0,7970.0,7970.0,7970.0,494,0.0,0.0
2024-07-01 09:20:00+09:00,7970.0,7970.0,7970.0,7970.0,0,0.0,0.0
2024-07-01 09:21:00+09:00,7970.0,7980.0,7970.0,7980.0,1197,0.0,0.0
2024-07-01 09:22:00+09:00,7980.0,7980.0,7970.0,7980.0,3852,0.0,0.0
2024-07-01 09:23:00+09:00,7990.0,7990.0,7990.0,7990.0,116,0.0,0.0
2024-07-01 09:24:00+09:00,7990.0,7990.0,7990.0,7990.0,16,0.0,0.0
2024-07-01 09:25:00+09:00,7990.0,7990.0,7990.0,7990.0,631,0.0,0.0
2024-07-01 09:26:00+09:00,7980.0,7980.0,7980.0,7980.0,0,0.0,0.0
2024-07-01 09:27:00+09:00,7990.0,8000.0,7990.0,8000.0,2066,0.0,0.0
2024-07-01 09:28:00+09:00,8030.0,8040.0,8000.0,8000.0,701,0.0,0.0
2024-07-01 09:29:00+09:00,8000.0,8000.0,7990.0,7990.0,644,0.0,0.0
2024-07-01 09:30:00+09:00,8000.0,8020.0,7980.0,8020.0,1413,0.0,0.0
2024-07-01 09:32:00+09:00,7980.0,7980.0,7980.0,7980.0,746,0.0,0.0
2024-07-01 09:33:00+09:00,7980.0,7980.0,7980.0,7980.0,0,0.0,0.0
2024-07-01 09:34:00+09:00,7990.0,7990.0,7990.0,7990.0,114,0.0,0.0
2024-07-01 09:36:00+09:00,7990.0,7990.0,7970.0,7970.0,326,0.0,0.0
2024-07-01 09:37:00+09:00,7980.0,7980.0,7980.0,7980.0,10,0.0,0.0
2024-07-01 09:38:00+09:00,7990.0,8000.0,7990.0,8000.0,1174,0.0,0.0
2024-07-01 09:39:00+09:00,7990.0,7990.0,7990.0,7990.0,502,0.0,0.0
2024-07-01 09:40:00+09:00,7990.0,8000.0,7980.0,8000.0,0,0.0,0.0
2024-07-01 09:41:00+09:00,8000.0,8000.0,8000.0,8000.0,2,0.0,0.0
2024-07-01 09:42:00+09:00,8000.0,8000.0,7990.0,7990.0,351,0.0,0.0
2024-07-01 09:43:00+09:00,7990.0,8000.0,7990.0,8000.0,63,0.0,0.0
2024-07-01 09:44:00+09:00,7990.0,7990.0,7990.0,7990.0,347,0.0,0.0
2024-07-01 09:45:00+09:00,7990.0,8000.0,7990.0,7990.0,7,0.0,0.0
2024-07-01 09:47:00+09:00,8000.0,8000.0,8000.0,8000.0,48,0.0,0.0
2024-07-01 09:48:00+09:00,8000.0,8000.0,8000.0,8000.0,0,0.0,0.0
2024-07-01 09:50:00+09:00,8000.0,8000.0,8000.0,8000.0,50,0.0,0.0
2024-07-01 09:54:00+09:00,8000.0,8000.0,8000.0,8000.0,607,0.0,0.0
2024-07-01 09:55:00+09:00,8000.0,8000.0,8000.0,8000.0,0,0.0,0.0
2024-07-01 09:56:00+09:00,8010.0,8010.0,8000.0,8010.0,329,0.0,0.0
2024-07-01 09:57:00+09:00,8010.0,8010.0,8010.0,8010.0,0,0.0,0.0
2024-07-01 09:58:00+09:00,8010.0,8010.0,8010.0,8010.0,523,0.0,0.0
2024-07-01 09:59:00+09:00,8020.0,8020.0,8020.0,8020.0,1568,0.0,0.0
2024-07-01 10:00:00+09:00,8020.0,8020.0,8010.0,8010.0,0,0.0,0.0
2024-07-01 10:01:00+09:00,8030.0,8030.0,8030.0,8030.0,0,0.0,0.0
2024-07-01 10:02:00+09:00,8020.0,8030.0,8020.0,8030.0,146,0.0,0.0
2024-07-01 10:03:00+09:00,8030.0,8030.0,8030.0,8030.0,71,0.0,0.0
2024-07-01 10:05:00+09:00,8030.0,8030.0,8010.0,8010.0,5022,0.0,0.0
2024-07-01 10:06:00+09:00,8000.0,8000.0,8000.0,8000.0,166,0.0,0.0
2024-07-01 10:07:00+09:00,8010.0,8010.0,8010.0,8010.0,2,0.0,0.0
2024-07-01 10:08:00+09:00,8010.0,8010.0,8010.0,8010.0,111,0.0,0.0
2024-07-01 10:10:00+09:00,7990.0,7990.0,7980.0,7980.0,456,0.0,0.0
2024-07-01 10:11:00+09:00,7980.0,7980.0,7980.0,7980.0,381,0.0,0.0
2024-07-01 10:12:00+09:00,7980.0,8010.0,7980.0,8010.0,0,0.0,0.0
2024-07-01 10:14:00+09:00,8010.0,8010.0,8010.0,8010.0,2,0.0,0.0
2024-07-01 10:15:00+09:00,8010.0,8010.0,8010.0,8010.0,2,0.0,0.0
2024-07-01 10:16:00+09:00,8000.0,8000.0,8000.0,8000.0,295,0.0,0.0
2024-07-01 10:17:00+09:00,8000.0,8010.0,8000.0,8010.0,15,0.0,0.0
2024-07-01 10:18:00+09:00,8000.0,8010.0,8000.0,8010.0,41,0.0,0.0
2024-07-01 10:20:00+09:00,8010.0,8010.0,8000.0,8010.0,10,0.0,0.0
2024-07-01 10:21:00+09:00,8010.0,8010.0,7980.0,7980.0,128,0.0,0.0
2024-07-01 10:22:00+09:00,7990.0,7990.0,7980.0,7980.0,93,0.0,0.0
2024-07-01 10:23:00+09:00,8000.0,8000.0,8000.0,8000.0,0,0.0,0.0
2024-07-01 10:25:00+09:00,8000.0,8000.0,8000.0,8000.0,0,0.0,0.0
2024-07-01 10:26:00+09:00,8000.0,8000.0,8000.0,8000.0,99,0.0,0.0
2024-07-01 10:29:00+09:00,8000.0,8000.0,8000.0,8000.0,150,0.0,0.0
2024-07-01 10:30:00+09:00,8000.0,8000.0,8000.0,8000.0,0,0.0,0.0
2024-07-01 10:31:00+09:00,7990.0,7990.0,7990.0,7990.0,2,0.0,0.0
2024-07-01 10:32:00+09:00,8000.0,8010.0,8000.0,8010.0,284,0.0,0.0
2024-07-01 10:33:00+09:00,7980.0,7980.0,7980.0,7980.0,755,0.0,0.0
2024-07-01 10:34:00+09:00,8020.0,8020.0,8020.0,8020.0,2,0.0,0.0
2024-07-01 10:35:00+09:00,8020.0,8020.0,8020.0,8020.0,1,0.0,0.0
2024-07-01 10:36:00+09:00,8000.0,8020.0,8000.0,8020.0,82,0.0,0.0
2024-07-01 10:37:00+09:00,8020.0,8020.0,8020.0,8020.0,2,0.0,0.0
2024-07-01 10:40:00+09:00,8020.0,8020.0,8020.0,8020.0,1,0.0,0.0
2024-07-01 10:41:00+09:00,8020.0,8020.0,8000.0,8000.0,13,0.0,0.0
2024-07-01 10:43:00+09:00,8010.0,8010.0,8000.0,8000.0,1475,0.0,0.0
2024-07-01 10:44:00+09:00,7980.0,7980.0,7970.0,7970.0,259,0.0,0.0
2024-07-01 10:45:00+09:00,7980.0,8000.0,7980.0,8000.0,1016,0.0,0.0
2024-07-01 10:48:00+09:00,7980.0,7980.0,7960.0,7960.0,1270,0.0,0.0
2024-07-01 10:52:00+09:00,8010.0,8010.0,8010.0,8010.0,0,0.0,0.0
2024-07-01 10:53:00+09:00,7970.0,7970.0,7970.0,7970.0,15,0.0,0.0
2024-07-01 10:54:00+09:00,7970.0,7970.0,7960.0,7960.0,148,0.0,0.0
2024-07-01 10:56:00+09:00,8010.0,8010.0,8010.0,8010.0,0,0.0,0.0
2024-07-01 10:58:00+09:00,8010.0,8010.0,8010.0,8010.0,199,0.0,0.0
2024-07-01 11:00:00+09:00,8000.0,8000.0,8000.0,8000.0,0,0.0,0.0
2024-07-01 11:04:00+09:00,8000.0,8000.0,8000.0,8000.0,2,0.0,0.0
2024-07-01 11:05:00+09:00,7990.0,7990.0,7990.0,7990.0,999,0.0,0.0
2024-07-01 11:06:00+09:00,8000.0,8000.0,8000.0,8000.0,0,0.0,0.0
2024-07-01 11:07:00+09:00,7990.0,7990.0,7990.0,7990.0,1027,0.0,0.0
2024-07-01 11:12:00+09:00,7980.0,7980.0,7980.0,7980.0,750,0.0,0.0
2024-07-01 11:14:00+09:00,7980.0,7990.0,7980.0,7980.0,0,0.0,0.0
2024-07-01 11:15:00+09:00,7990.0,7990.0,7990.0,7990.0,0,0.0,0.0
2024-07-01 11:16:00+09:00,7990.0,7990.0,7980.0,7980.0,94,0.0,0.0
2024-07-01 11:18:00+09:00,7990.0,7990.0,7990.0,7990.0,1350,0.0,0.0
2024-07-01 11:20:00+09:00,7990.0,7990.0,7990.0,7990.0,26,0.0,0.0
2024-07-01 11:21:00+09:00,7990.0,7990.0,7990.0,7990.0,73,0.0,0.0
2024-07-01 11:23:00+09:00,7990.0,8010.0,7990.0,8010.0,22,0.0,0.0
2024-07-01 11:26:00+09:00,7990.0,7990.0,7990.0,7990.0,178,0.0,0.0
2024-07-01 11:27:00+09:00,7990.0,7990.0,7990.0,7990.0,0,0.0,0.0
2024-07-01 11:35:00+09:00,7990.0,7990.0,7960.0,7960.0,1300,0.0,0.0
2024-07-01 11:37:00+09:00,7960.0,7960.0,7960.0,7960.0,668,0.0,0.0
2024-07-01 11:39:00+09:00,7960.0,7960.0,7960.0,7960.0,266,0.0,0.0
2024-07-01 11:40:00+09:00,7960.0,7960.0,7920.0,7920.0,18194,0.0,0.0
2024-07-01 11:41:00+09:00,7970.0,7980.0,7970.0,7980.0,0,0.0,0.0
2024-07-01 11:44:00+09:00,7980.0,7980.0,7980.0,7980.0,10,0.0,0.0
2024-07-01 11:45:00+09:00,7980.0,7980.0,7980.0,7980.0,199,0.0,0.0
2024-07-01 11:48:00+09:00,7980.0,7980.0,7980.0,7980.0,0,0.0,0.0
2024-07-01 11:49:00+09:00,7980.0,7980.0,7980.0,7980.0,2,0.0,0.0
2024-07-01 11:50:00+09:00,7930.0,7930.0,7930.0,7930.0,0,0.0,0.0
2024-07-01 11:52:00+09:00,7950.0,7950.0,7950.0,7950.0,2,0.0,0.0
2024-07-01 11:53:00+09:00,7960.0,7960.0,7960.0,7960.0,1,0.0,0.0
2024-07-01 11:54:00+09:00,7950.0,7950.0,7950.0,7950.0,1,0.0,0.0
2024-07-01 11:55:00+09:00,7950.0,7950.0,7950.0,7950.0,35,0.0,0.0
2024-07-01 11:56:00+09:00,7940.0,7940.0,7940.0,7940.0,0,0.0,0.0
2024-07-01 11:58:00+09:00,7940.0,7940.0,7940.0,7940.0,1,0.0,0.0
2024-07-01 12:00:00+09:00,7940.0,7940.0,7940.0,7940.0,40,0.0,0.0
2024-07-01 12:01:00+09:00,7950.0,7950.0,7950.0,7950.0,1,0.0,0.0
2024-07-01 12:02:00+09:00,7940.0,7940.0,7940.0,7940.0,1,0.0,0.0
2024-07-01 12:03:00+09:00,7950.0,7950.0,7950.0,7950.0,251,0.0,0.0
2024-07-01 12:04:00+09:00,7940.0,7940.0,7940.0,7940.0,2,0.0,0.0
2024-07-01 12:06:00+09:00,7940.0,7940.0,7940.0,7940.0,0,0.0,0.0
2024-07-01 12:08:00+09:00,7950.0,7960.0,7950.0,7950.0,20,0.0,0.0
2024-07-01 12:09:00+09:00,7960.0,7960.0,7960.0,7960.0,18,0.0,0.0
2024-07-01 12:10:00+09:00,7970.0,7980.0,7950.0,7950.0,104,0.0,0.0
2024-07-01 12:12:00+09:00,7960.0,7960.0,7960.0,7960.0,1,0.0,0.0
2024-07-01 12:14:00+09:00,7960.0,7960.0,7960.0,7960.0,1,0.0,0.0
2024-07-01 12:16:00+09:00,7960.0,7960.0,7960.0,7960.0,400,0.0,0.0
2024-07-01 12:17:00+09:00,7980.0,7980.0,7980.0,7980.0,0,0.0,0.0
2024-07-01 12:18:00+09:00,7960.0,7960.0,7960.0,7960.0,0,0.0,0.0
2024-07-01 12:20:00+09:00,7960.0,7960.0,7960.0,7960.0,1,0.0,0.0
2024-07-01 12:21:00+09:00,7980.0,7980.0,7980.0,7980.0,20,0.0,0.0
2024-07-01 12:22:00+09:00,7960.0,7960.0,7960.0,7960.0,41,0.0,0.0
2024-07-01 12:24:00+09:00,7960.0,7960.0,7960.0,7960.0,0,0.0,0.0
2024-07-01 12:26:00+09:00,7960.0,7960.0,7960.0,7960.0,1,0.0,0.0
2024-07-01 12:28:00+09:00,7970.0,7970.0,7960.0,7960.0,2,0.0,0.0
2024-07-01 12:30:00+09:00,7960.0,7960.0,7960.0,7960.0,1,0.0,0.0
2024-07-01 12:32:00+09:00,7960.0,7960.0,7960.0,7960.0,0,0.0,0.0
2024-07-01 12:34:00+09:00,7960.0,7960.0,7960.0,7960.0,2,0.0,0.0
2024-07-01 12:36:00+09:00,7970.0,7970.0,7970.0,7970.0,0,0.0,0.0
2024-07-01 12:38:00+09:00,7970.0,7970.0,7970.0,7970.0,22,0.0,0.0
2024-07-01 12:39:00+09:00,7970.0,7970.0,7970.0,7970.0,399,0.0,0.0
2024-07-01 12:40:00+09:00,7970.0,7970.0,7970.0,7970.0,0,0.0,0.0
2024-07-01 12:41:00+09:00,7970.0,7970.0,7970.0,7970.0,1597,0.0,0.0
2024-07-01 12:42:00+09:00,7970.0,7980.0,7970.0,7980.0,0,0.0,0.0
2024-07-01 12:43:00+09:00,7970.0,7980.0,7970.0,7980.0,111,0.0,0.0
2024-07-01 12:44:00+09:00,7970.0,7980.0,7970.0,7970.0,108,0.0,0.0
2024-07-01 12:45:00+09:00,7970.0,7970.0,7970.0,7970.0,291,0.0,0.0
2024-07-01 12:46:00+09:00,7970.0,7980.0,7970.0,7970.0,94,0.0,0.0
2024-07-01 12:48:00+09:00,7970.0,7970.0,7970.0,7970.0,0,0.0,0.0
2024-07-01 12:50:00+09:00,7980.0,7980.0,7970.0,7970.0,51,0.0,0.0
2024-07-01 12:52:00+09:00,7970.0,7970.0,7970.0,7970.0,2,0.0,0.0
2024-07-01 12:53:00+09:00,7980.0,7980.0,7980.0,7980.0,199,0.0,0.0
2024-07-01 12:54:00+09:00,7970.0,7970.0,7970.0,7970.0,0,0.0,0.0
2024-07-01 12:56:00+09:00,7970.0,7970.0,7970.0,7970.0,1,0.0,0.0
2024-07-01 12:58:00+09:00,7980.0,7980.0,7980.0,7980.0,259,0.0,0.0
2024-07-01 13:00:00+09:00,7990.0,7990.0,7970.0,7970.0,44,0.0,0.0
2024-07-01 13:02:00+09:00,7970.0,7970.0,7970.0,7970.0,0,0.0,0.0
2024-07-01 13:04:00+09:00,7970.0,7970.0,7970.0,7970.0,2,0.0,0.0
2024-07-01 13:06:00+09:00,7980.0,7980.0,7970.0,7970.0,21,0.0,0.0
2024-07-01 13:07:00+09:00,7980.0,7980.0,7980.0,7980.0,85,0.0,0.0
2024-07-01 13:08:00+09:00,7980.0,7980.0,7980.0,7980.0,0,0.0,0.0
2024-07-01 13:09:00+09:00,7990.0,7990.0,7980.0,7980.0,227,0.0,0.0
2024-07-01 13:10:00+09:00,7980.0,7980.0,7980.0,7980.0,1,0.0,0.0
2024-07-01 13:11:00+09:00,7990.0,7990.0,7990.0,7990.0,19,0.0,0.0
2024-07-01 13:12:00+09:00,7980.0,7980.0,7980.0,7980.0,0,0.0,0.0
2024-07-01 13:14:00+09:00,7980.0,7980.0,7980.0,7980.0,1,0.0,0.0
2024-07-01 13:16:00+09:00,7980.0,7990.0,7980.0,7990.0,20,0.0,0.0
2024-07-01 13:17:00+09:00,7990.0,7990.0,7990.0,7990.0,10,0.0,0.0
2024-07-01 13:18:00+09:00,7980.0,7980.0,7980.0,7980.0,0,0.0,0.0
2024-07-01 13:19:00+09:00,7990.0,7990.0,7980.0,7980.0,302,0.0,0.0
2024-07-01 13:20:00+09:00,7990.0,7990.0,7980.0,7980.0,100,0.0,0.0
2024-07-01 13:21:00+09:00,7990.0,7990.0,7990.0,7990.0,6,0.0,0.0
2024-07-01 13:22:00+09:00,7980.0,7980.0,7980.0,7980.0,0,0.0,0.0
2024-07-01 13:23:00+09:00,7990.0,7990.0,7990.0,7990.0,31,0.0,0.0
2024-07-01 13:24:00+09:00,7980.0,7980.0,7980.0,7980.0,0,0.0,0.0
2024-07-01 13:26:00+09:00,7990.0,7990.0,7990.0,7990.0,1,0.0,0.0
2024-07-01 13:27:00+09:00,7990.0,7990.0,7990.0,7990.0,127,0.0,0.0
2024-07-01 13:28:00+09:00,7990.0,7990.0,7980.0,7980.0,38,0.0,0.0
2024-07-01 13:30:00+09:00,7980.0,7980.0,7980.0,7980.0,1,0.0,0.0
2024-07-01 13:32:00+09:00,7980.0,7980.0,7980.0,7980.0,1,0.0,0.0
2024-07-01 13:33:00+09:00,7980.0,7980.0,7980.0,7980.0,899,0.0,0.0
2024-07-01 13:34:00+09:00,7980.0,7980.0,7980.0,7980.0,301,0.0,0.0
2024-07-01 13:36:00+09:00,7980.0,7980.0,7980.0,7980.0,0,0.0,0.0
2024-07-01 13:37:00+09:00,7990.0,7990.0,7990.0,7990.0,8,0.0,0.0
2024-07-01 13:38:00+09:00,7980.0,7980.0,7980.0,7980.0,273,0.0,0.0
2024-07-01 13:40:00+09:00,7970.0,7970.0,7970.0,7970.0,0,0.0,0.0
2024-07-01 13:42:00+09:00,7970.0,7970.0,7970.0,7970.0,1,0.0,0.0
2024-07-01 13:43:00+09:00,7990.0,7990.0,7990.0,7990.0,17,0.0,0.0
2024-07-01 13:44:00+09:00,7970.0,7970.0,7970.0,7970.0,0,0.0,0.0
2024-07-01 13:45:00+09:00,7970.0,7970.0,7970.0,7970.0,37,0.0,0.0
2024-07-01 13:46:00+09:00,7970.0,7970.0,7970.0,7970.0,0,0.0,0.0
2024-07-01 13:47:00+09:00,7990.0,7990.0,7990.0,7990.0,7,0.0,0.0
2024-07-01 13:48:00+09:00,7970.0,7970.0,7970.0,7970.0,0,0.0,0.0
2024-07-01 13:50:00+09:00,7980.0,7980.0,7980.0,7980.0,1,0.0,0.0
2024-07-01 13:52:00+09:00,7980.0,7980.0,7980.0,7980.0,2,0.0,0.0
2024-07-01 13:53:00+09:00,7990.0,8000.0,7990.0,8000.0,875,0.0,0.0
2024-07-01 13:54:00+09:00,7980.0,7980.0,7980.0,7980.0,0,0.0,0.0
2024-07-01 13:55:00+09:00,8000.0,8000.0,8000.0,8000.0,7,0.0,0.0
2024-07-01 13:56:00+09:00,7980.0,7980.0,7980.0,7980.0,0,0.0,0.0
2024-07-01 13:57:00+09:00,7990.0,7990.0,7990.0,7990.0,1,0.0,0.0
2024-07-01 13:58:00+09:00,7980.0,7980.0,7980.0,7980.0,1,0.0,0.0
2024-07-01 14:00:00+09:00,7980.0,8000.0,7980.0,8000.0,304,0.0,0.0
2024-07-01 14:02:00+09:00,7980.0,7980.0,7980.0,7980.0,0,0.0,0.0
2024-07-01 14:04:00+09:00,7980.0,7980.0,7980.0,7980.0,2,0.0,0.0
2024-07-01 14:06:00+09:00,7980.0,7980.0,7980.0,7980.0,0,0.0,0.0
2024-07-01 14:07:00+09:00,7990.0,7990.0,7990.0,7990.0,200,0.0,0.0
2024-07-01 14:08:00+09:00,7990.0,7990.0,7990.0,7990.0,0,0.0,0.0
2024-07-01 14:09:00+09:00,7990.0,7990.0,7990.0,7990.0,199,0.0,0.0
2024-07-01 14:10:00+09:00,7990.0,7990.0,7990.0,7990.0,0,0.0,0.0
2024-07-01 14:12:00+09:00,7990.0,8000.0,7990.0,8000.0,201,0.0,0.0
2024-07-01 14:13:00+09:00,8000.0,8000.0,8000.0,8000.0,0,0.0,0.0
2024-07-01 14:14:00+09:00,7990.0,7990.0,7990.0,7990.0,0,0.0,0.0
2024-07-01 14:15:00+09:00,8000.0,8000.0,8000.0,8000.0,199,0.0,0.0
2024-07-01 14:16:00+09:00,8000.0,8000.0,7990.0,8000.0,113,0.0,0.0
2024-07-01 14:17:00+09:00,8000.0,8000.0,8000.0,8000.0,24,0.0,0.0
2024-07-01 14:18:00+09:00,7990.0,7990.0,7990.0,7990.0,0,0.0,0.0
2024-07-01 14:20:00+09:00,7990.0,7990.0,7990.0,7990.0,1,0.0,0.0
2024-07-01 14:22:00+09:00,7990.0,8000.0,7990.0,8000.0,889,0.0,0.0
2024-07-01 14:24:00+09:00,8000.0,8010.0,8000.0,8010.0,730,0.0,0.0
2024-07-01 14:26:00+09:00,8000.0,8000.0,8000.0,8000.0,4,0.0,0.0
2024-07-01 14:28:00+09:00,8020.0,8020.0,8000.0,8000.0,32,0.0,0.0
2024-07-01 14:30:00+09:00,8000.0,8020.0,8000.0,8020.0,23,0.0,0.0
2024-07-01 14:31:00+09:00,8010.0,8010.0,8010.0,8010.0,189,0.0,0.0
2024-07-01 14:32:00+09:00,8010.0,8010.0,8000.0,8010.0,816,0.0,0.0
2024-07-01 14:33:00+09:00,8000.0,8000.0,8000.0,8000.0,0,0.0,0.0
2024-07-01 14:34:00+09:00,7990.0,8000.0,7990.0,8000.0,503,0.0,0.0
2024-07-01 14:36:00+09:00,7990.0,7990.0,7990.0,7990.0,0,0.0,0.0
2024-07-01 14:38:00+09:00,7990.0,8000.0,7990.0,8000.0,201,0.0,0.0
2024-07-01 14:40:00+09:00,8000.0,8000.0,7990.0,7990.0,0,0.0,0.0
2024-07-01 14:42:00+09:00,7990.0,7990.0,7990.0,7990.0,1,0.0,0.0
2024-07-01 14:44:00+09:00,7990.0,7990.0,7990.0,7990.0,449,0.0,0.0
2024-07-01 14:45:00+09:00,8010.0,8010.0,8010.0,8010.0,0,0.0,0.0
2024-07-01 14:46:00+09:00,7980.0,7980.0,7980.0,7980.0,0,0.0,0.0
2024-07-01 14:48:00+09:00,7990.0,8000.0,7990.0,8000.0,212,0.0,0.0
2024-07-01 14:49:00+09:00,8000.0,8010.0,8000.0,8010.0,0,0.0,0.0
2024-07-01 14:50:00+09:00,8000.0,8000.0,8000.0,8000.0,201,0.0,0.0
2024-07-01 14:51:00+09:00,8000.0,8000.0,8000.0,8000.0,72,0.0,0.0
2024-07-01 14:52:00+09:00,8000.0,8000.0,8000.0,8000.0,0,0.0,0.0
2024-07-01 14:54:00+09:00,8000.0,8000.0,8000.0,8000.0,1,0.0,0.0
2024-07-01 14:56:00+09:00,8000.0,8050.0,8000.0,8050.0,6220,0.0,0.0
2024-07-01 14:57:00+09:00,8050.0,8050.0,8050.0,8050.0,520,0.0,0.0
2024-07-01 14:58:00+09:00,8030.0,8040.0,8030.0,8030.0,231,0.0,0.0
2024-07-01 14:59:00+09:00,8030.0,8030.0,8010.0,8010.0,480,0.0,0.0
2024-07-02 09:00:00+09:00,7920.0,7990.0,7920.0,7990.0,5833,0.0,0.0
2024-07-02 09:01:00+09:00,7980.0,8050.0,7980.0,8050.0,755,0.0,0.0
2024-07-02 09:02:00+09:00,8020.0,8020.0,8020.0,8020.0,73,0.0,0.0
2024-07-02 09:03:00+09:00,8020.0,8040.0,8020.0,8040.0,1105,0.0,0.0
2024-07-02 09:04:00+09:00,8020.0,8020.0,8020.0,8020.0,0,0.0,0.0
2024-07-02 09:05:00+09:00,8020.0,8020.0,8020.0,8020.0,17,0.0,0.0
2024-07-02 09:06:00+09:00,8000.0,8000.0,7990.0,7990.0,767,0.0,0.0
2024-07-02 09:07:00+09:00,7980.0,7980.0,7980.0,7980.0,102,0.0,0.0
2024-07-02 09:08:00+09:00,7980.0,7980.0,7980.0,7980.0,145,0.0,0.0
2024-07-02 09:09:00+09:00,7960.0,7980.0,7960.0,7980.0,170,0.0,0.0
2024-07-02 09:10:00+09:00,7980.0,7980.0,7960.0,7960.0,0,0.0,0.0
2024-07-02 09:12:00+09:00,7970.0,7970.0,7960.0,7960.0,557,0.0,0.0
2024-07-02 09:13:00+09:00,7960.0,7960.0,7940.0,7940.0,1691,0.0,0.0
2024-07-02 09:14:00+09:00,7970.0,7970.0,7970.0,7970.0,0,0.0,0.0
2024-07-02 09:16:00+09:00,7950.0,7950.0,7950.0,7950.0,0,0.0,0.0
2024-07-02 09:17:00+09:00,7970.0,7970.0,7970.0,7970.0,9,0.0,0.0
2024-07-02 09:18:00+09:00,7940.0,7940.0,7940.0,7940.0,705,0.0,0.0
2024-07-02 09:19:00+09:00,7950.0,7960.0,7950.0,7960.0,437,0.0,0.0
2024-07-02 09:20:00+09:00,7970.0,7990.0,7950.0,7990.0,192,0.0,0.0
2024-07-02 09:22:00+09:00,7980.0,7980.0,7980.0,7980.0,4,0.0,0.0
2024-07-02 09:24:00+09:00,7980.0,7990.0,7980.0,7990.0,28,0.0,0.0
2024-07-02 09:25:00+09:00,7980.0,7980.0,7980.0,7980.0,29,0.0,0.0
2024-07-02 09:28:00+09:00,7950.0,7950.0,7930.0,7930.0,2294,0.0,0.0
2024-07-02 09:31:00+09:00,7960.0,7960.0,7930.0,7930.0,319,0.0,0.0
2024-07-02 09:33:00+09:00,7960.0,7960.0,7960.0,7960.0,39,0.0,0.0
2024-07-02 09:34:00+09:00,7940.0,7940.0,7940.0,7940.0,20,0.0,0.0
2024-07-02 09:35:00+09:00,7940.0,7940.0,7940.0,7940.0,30,0.0,0.0
2024-07-02 09:36:00+09:00,7940.0,7950.0,7880.0,7890.0,9038,0.0,0.0
2024-07-02 09:37:00+09:00,7880.0,7900.0,7870.0,7870.0,2333,0.0,0.0
2024-07-02 09:38:00+09:00,7860.0,7870.0,7860.0,7870.0,656,0.0,0.0
2024-07-02 09:39:00+09:00,7880.0,7880.0,7860.0,7860.0,810,0.0,0.0
2024-07-02 09:40:00+09:00,7860.0,7860.0,7860.0,7860.0,634,0.0,0.0
2024-07-02 09:41:00+09:00,7860.0,7870.0,7830.0,7830.0,2528,0.0,0.0
2024-07-02 09:42:00+09:00,7840.0,7840.0,7830.0,7830.0,1055,0.0,0.0
2024-07-02 09:43:00+09:00,7830.0,7830.0,7820.0,7820.0,2954,0.0,0.0
2024-07-02 09:44:00+09:00,7820.0,7940.0,7820.0,7830.0,390,0.0,0.0
2024-07-02 09:45:00+09:00,7860.0,7940.0,7860.0,7940.0,105,0.0,0.0
2024-07-02 09:46:00+09:00,7860.0,7860.0,7860.0,7860.0,81,0.0,0.0
2024-07-02 09:47:00+09:00,7900.0,7900.0,7900.0,7900.0,0,0.0,0.0
2024-07-02 09:48:00+09:00,7850.0,7850.0,7850.0,7850.0,1000,0.0,0.0
2024-07-02 09:51:00+09:00,7850.0,7850.0,7850.0,7850.0,126,0.0,0.0
2024-07-02 09:52:00+09:00,7890.0,7890.0,7890.0,7890.0,0,0.0,0.0
2024-07-02 09:53:00+09:00,7890.0,7890.0,7890.0,7890.0,49,0.0,0.0
2024-07-02 09:54:00+09:00,7890.0,7890.0,7870.0,7870.0,0,0.0,0.0
2024-07-02 09:55:00+09:00,7860.0,7870.0,7850.0,7850.0,569,0.0,0.0
2024-07-02 09:56:00+09:00,7850.0,7850.0,7850.0,7850.0,292,0.0,0.0
2024-07-02 09:57:00+09:00,7860.0,7870.0,7860.0,7870.0,0,0.0,0.0
2024-07-02 09:58:00+09:00,7870.0,7870.0,7840.0,7870.0,166,0.0,0.0
2024-07-02 09:59:00+09:00,7870.0,7870.0,7870.0,7870.0,39,0.0,0.0
2024-07-02 10:00:00+09:00,7870.0,7870.0,7870.0,7870.0,69,0.0,0.0
2024-07-02 10:01:00+09:00,7870.0,7870.0,7870.0,7870.0,60,0.0,0.0
2024-07-02 10:02:00+09:00,7870.0,7890.0,7870.0,7890.0,99,0.0,0.0
2024-07-02 10:04:00+09:00,7870.0,7890.0,7850.0,7850.0,297,0.0,0.0
2024-07-02 10:05:00+09:00,7880.0,7880.0,7880.0,7880.0,1,0.0,0.0
2024-07-02 10:06:00+09:00,7880.0,7880.0,7880.0,7880.0,2,0.0,0.0
2024-07-02 10:07:00+09:00,7850.0,7850.0,7850.0,7850.0,1298,0.0,0.0
2024-07-02 10:08:00+09:00,7850.0,7880.0,7850.0,7880.0,108,0.0,0.0
2024-07-02 10:09:00+09:00,7880.0,7880.0,7850.0,7850.0,119,0.0,0.0
2024-07-02 10:10:00+09:00,7850.0,7850.0,7850.0,7850.0,267,0.0,0.0
2024-07-02 10:11:00+09:00,7850.0,7880.0,7840.0,7880.0,948,0.0,0.0
2024-07-02 10:12:00+09:00,7860.0,7860.0,7860.0,7860.0,60,0.0,0.0
2024-07-02 10:13:00+09:00,7880.0,7880.0,7880.0,7880.0,155,0.0,0.0
2024-07-02 10:16:00+09:00,7880.0,7880.0,7880.0,7880.0,0,0.0,0.0
2024-07-02 10:19:00+09:00,7890.0,7900.0,7890.0,7900.0,153,0.0,0.0
2024-07-02 10:20:00+09:00,7900.0,7900.0,7900.0,7900.0,815,0.0,0.0
2024-07-02 10:21:00+09:00,7920.0,7920.0,7870.0,7870.0,0,0.0,0.0
2024-07-02 10:22:00+09:00,7880.0,7880.0,7880.0,7880.0,248,0.0,0.0
2024-07-02 10:24:00+09:00,7890.0,7890.0,7890.0,7890.0,0,0.0,0.0
2024-07-02 10:28:00+09:00,7880.0,7880.0,7880.0,7880.0,199,0.0,0.0
2024-07-02 10:30:00+09:00,7900.0,7900.0,7900.0,7900.0,0,0.0,0.0
2024-07-02 10:33:00+09:00,7900.0,7900.0,7890.0,7890.0,51,0.0,0.0
2024-07-02 10:35:00+09:00,7890.0,7890.0,7890.0,7890.0,91,0.0,0.0
2024-07-02 10:37:00+09:00,7890.0,7890.0,7890.0,7890.0,242,0.0,0.0
2024-07-02 10:38:00+09:00,7900.0,7900.0,7900.0,7900.0,79,0.0,0.0
2024-07-02 10:39:00+09:00,7900.0,7900.0,7890.0,7890.0,64,0.0,0.0
2024-07-02 10:46:00+09:00,7910.0,7910.0,7910.0,7910.0,168,0.0,0.0
2024-07-02 10:47:00+09:00,7910.0,7910.0,7910.0,7910.0,279,0.0,0.0
2024-07-02 10:48:00+09:00,7910.0,7910.0,7910.0,7910.0,94,0.0,0.0
2024-07-02 10:49:00+09:00,7910.0,7910.0,7910.0,7910.0,101,0.0,0.0
2024-07-02 10:50:00+09:00,7910.0,7910.0,7910.0,7910.0,0,0.0,0.0
2024-07-02 10:51:00+09:00,7910.0,7910.0,7910.0,7910.0,1,0.0,0.0
2024-07-02 10:54:00+09:00,7910.0,7910.0,7910.0,7910.0,220,0.0,0.0
2024-07-02 10:57:00+09:00,7900.0,7900.0,7890.0,7890.0,591,0.0,0.0
2024-07-02 11:01:00+09:00,7890.0,7890.0,7880.0,7880.0,1028,0.0,0.0
2024-07-02 11:07:00+09:00,7890.0,7890.0,7890.0,7890.0,0,0.0,0.0
2024-07-02 11:15:00+09:00,7910.0,7910.0,7910.0,7910.0,507,0.0,0.0
2024-07-02 11:18:00+09:00,7910.0,7910.0,7910.0,7910.0,0,0.0,0.0
2024-07-02 11:21:00+09:00,7910.0,7910.0,7910.0,7910.0,4,0.0,0.0
2024-07-02 11:27:00+09:00,7900.0,7900.0,7890.0,7890.0,972,0.0,0.0
2024-07-02 11:31:00+09:00,7910.0,7910.0,7910.0,7910.0,0,0.0,0.0
2024-07-02 11:34:00+09:00,7890.0,7890.0,7890.0,7890.0,500,0.0,0.0
2024-07-02 11:38:00+09:00,7900.0,7900.0,7900.0,7900.0,2,0.0,0.0
2024-07-02 11:40:00+09:00,7900.0,7910.0,7900.0,7900.0,11,0.0,0.0
2024-07-02 11:44:00+09:00,7900.0,7900.0,7900.0,7900.0,0,0.0,0.0
2024-07-02 11:45:00+09:00,7900.0,7910.0,7900.0,7910.0,121,0.0,0.0
2024-07-02 11:46:00+09:00,7910.0,7910.0,7910.0,7910.0,1059,0.0,0.0
2024-07-02 11:47:00+09:00,7910.0,7910.0,7910.0,7910.0,0,0.0,0.0
2024-07-02 11:50:00+09:00,7900.0,7900.0,7900.0,7900.0,671,0.0,0.0
2024-07-02 11:51:00+09:00,7900.0,7910.0,7900.0,7910.0,1,0.0,0.0
2024-07-02 11:52:00+09:00,7910.0,7910.0,7910.0,7910.0,10,0.0,0.0
2024-07-02 11:53:00+09:00,7900.0,7900.0,7900.0,7900.0,0,0.0,0.0
2024-07-02 11:54:00+09:00,7890.0,7890.0,7890.0,7890.0,1,0.0,0.0
2024-07-02 11:55:00+09:00,7900.0,7900.0,7900.0,7900.0,2,0.0,0.0
2024-07-02 12:03:00+09:00,7900.0,7900.0,7890.0,7890.0,1371,0.0,0.0
2024-07-02 12:04:00+09:00,7890.0,7890.0,7880.0,7880.0,191,0.0,0.0
2024-07-02 12:05:00+09:00,7880.0,7880.0,7880.0,7880.0,381,0.0,0.0
2024-07-02 12:06:00+09:00,7880.0,7880.0,7880.0,7880.0,3920,0.0,0.0
2024-07-02 12:09:00+09:00,7880.0,7880.0,7870.0,7870.0,0,0.0,0.0
2024-07-02 12:10:00+09:00,7870.0,7870.0,7870.0,7870.0,0,0.0,0.0
2024-07-02 12:14:00+09:00,7870.0,7870.0,7870.0,7870.0,163,0.0,0.0
2024-07-02 12:20:00+09:00,7870.0,7870.0,7870.0,7870.0,1376,0.0,0.0
2024-07-02 12:21:00+09:00,7870.0,7870.0,7860.0,7860.0,6541,0.0,0.0
2024-07-02 12:22:00+09:00,7860.0,7860.0,7860.0,7860.0,140,0.0,0.0
2024-07-02 12:23:00+09:00,7850.0,7850.0,7850.0,7850.0,28,0.0,0.0
2024-07-02 12:25:00+09:00,7860.0,7860.0,7850.0,7850.0,396,0.0,0.0
2024-07-02 12:26:00+09:00,7850.0,7850.0,7850.0,7850.0,200,0.0,0.0
2024-07-02 12:28:00+09:00,7850.0,7850.0,7850.0,7850.0,500,0.0,0.0
2024-07-02 12:29:00+09:00,7850.0,7850.0,7840.0,7840.0,1812,0.0,0.0
2024-07-02 12:32:00+09:00,7860.0,7860.0,7860.0,7860.0,0,0.0,0.0
2024-07-02 12:33:00+09:00,7850.0,7860.0,7850.0,7860.0,553,0.0,0.0
2024-07-02 12:34:00+09:00,7850.0,7850.0,7850.0,7850.0,0,0.0,0.0
2024-07-02 12:35:00+09:00,7850.0,7850.0,7850.0,7850.0,55,0.0,0.0
2024-07-02 12:36:00+09:00,7840.0,7840.0,7830.0,7830.0,3980,0.0,0.0
2024-07-02 12:38:00+09:00,7830.0,7830.0,7830.0,7830.0,300,0.0,0.0
2024-07-02 12:39:00+09:00,7830.0,7830.0,7830.0,7830.0,100,0.0,0.0
2024-07-02 12:40:00+09:00,7830.0,7830.0,7830.0,7830.0,106,0.0,0.0
2024-07-02 12:41:00+09:00,7830.0,7830.0,7830.0,7830.0,233,0.0,0.0
2024-07-02 12:42:00+09:00,7830.0,7830.0,7830.0,7830.0,100,0.0,0.0
2024-07-02 12:45:00+09:00,7830.0,7830.0,7830.0,7830.0,0,0.0,0.0
2024-07-02 12:48:00+09:00,7840.0,7840.0,7840.0,7840.0,66,0.0,0.0
2024-07-02 12:49:00+09:00,7840.0,7840.0,7830.0,7830.0,422,0.0,0.0
2024-07-02 12:51:00+09:00,7840.0,7840.0,7840.0,7840.0,450,0.0,0.0
2024-07-02 12:54:00+09:00,7840.0,7840.0,7840.0,7840.0,885,0.0,0.0
2024-07-02 12:57:00+09:00,7840.0,7840.0,7840.0,7840.0,0,0.0,0.0
2024-07-02 12:58:00+09:00,7850.0,7860.0,7840.0,7860.0,2183,0.0,0.0
2024-07-02 12:59:00+09:00,7860.0,7860.0,7860.0,7860.0,0,0.0,0.0
2024-07-02 13:00:00+09:00,7850.0,7850.0,7850.0,7850.0,149,0.0,0.0
2024-07-02 13:04:00+09:00,7860.0,7860.0,7860.0,7860.0,4,0.0,0.0
2024-07-02 13:06:00+09:00,7850.0,7850.0,7840.0,7840.0,283,0.0,0.0
2024-07-02 13:08:00+09:00,7850.0,7850.0,7850.0,7850.0,67,0.0,0.0
2024-07-02 13:12:00+09:00,7850.0,7850.0,7850.0,7850.0,0,0.0,0.0
2024-07-02 13:13:00+09:00,7840.0,7840.0,7840.0,7840.0,467,0.0,0.0
2024-07-02 13:14:00+09:00,7850.0,7850.0,7850.0,7850.0,0,0.0,0.0
2024-07-02 13:15:00+09:00,7850.0,7850.0,7850.0,7850.0,252,0.0,0.0
2024-07-02 13:16:00+09:00,7840.0,7840.0,7830.0,7830.0,2637,0.0,0.0
2024-07-02 13:19:00+09:00,7830.0,7830.0,7820.0,7820.0,2313,0.0,0.0
2024-07-02 13:20:00+09:00,7820.0,7820.0,7820.0,7820.0,387,0.0,0.0
2024-07-02 13:21:00+09:00,7830.0,7830.0,7780.0,7780.0,11351,0.0,0.0
2024-07-02 13:22:00+09:00,7800.0,7800.0,7780.0,7790.0,402,0.0,0.0
2024-07-02 13:23:00+09:00,7790.0,7790.0,7780.0,7780.0,920,0.0,0.0
2024-07-02 13:24:00+09:00,7780.0,7780.0,7770.0,7770.0,896,0.0,0.0
2024-07-02 13:25:00+09:00,7780.0,7780.0,7770.0,7770.0,3956,0.0,0.0
2024-07-02 13:26:00+09:00,7780.0,7780.0,7780.0,7780.0,0,0.0,0.0
2024-07-02 13:27:00+09:00,7780.0,7800.0,7780.0,7800.0,1600,0.0,0.0
2024-07-02 13:28:00+09:00,7800.0,7800.0,7800.0,7800.0,0,0.0,0.0
2024-07-02 13:29:00+09:00,7800.0,7800.0,7780.0,7780.0,435,0.0,0.0
2024-07-02 13:30:00+09:00,7790.0,7790.0,7790.0,7790.0,0,0.0,0.0
2024-07-02 13:31:00+09:00,7790.0,7820.0,7790.0,7820.0,231,0.0,0.0
2024-07-02 13:32:00+09:00,7790.0,7790.0,7790.0,7790.0,216,0.0,0.0
2024-07-02 13:34:00+09:00,7800.0,7800.0,7800.0,7800.0,34,0.0,0.0
2024-07-02 13:36:00+09:00,7800.0,7800.0,7800.0,7800.0,477,0.0,0.0
2024-07-02 13:37:00+09:00,7800.0,7800.0,7800.0,7800.0,2,0.0,0.0
2024-07-02 13:38:00+09:00,7810.0,7810.0,7810.0,7810.0,199,0.0,0.0
2024-07-02 13:39:00+09:00,7810.0,7810.0,7810.0,7810.0,0,0.0,0.0
2024-07-02 13:40:00+09:00,7810.0,7810.0,7810.0,7810.0,135,0.0,0.0
2024-07-02 13:41:00+09:00,7820.0,7820.0,7820.0,7820.0,447,0.0,0.0
2024-07-02 13:42:00+09:00,7820.0,7830.0,7820.0,7830.0,110,0.0,0.0
2024-07-02 13:44:00+09:00,7830.0,7830.0,7830.0,7830.0,92,0.0,0.0
2024-07-02 13:46:00+09:00,7830.0,7830.0,7830.0,7830.0,0,0.0,0.0
2024-07-02 13:47:00+09:00,7830.0,7830.0,7830.0,7830.0,13,0.0,0.0
2024-07-02 13:48:00+09:00,7830.0,7830.0,7830.0,7830.0,135,0.0,0.0
2024-07-02 13:49:00+09:00,7820.0,7820.0,7820.0,7820.0,190,0.0,0.0
2024-07-02 13:51:00+09:00,7830.0,7830.0,7830.0,7830.0,950,0.0,0.0
2024-07-02 13:52:00+09:00,7830.0,7830.0,7830.0,7830.0,0,0.0,0.0
2024-07-02 13:53:00+09:00,7840.0,7840.0,7840.0,7840.0,631,0.0,0.0
2024-07-02 13:55:00+09:00,7840.0,7840.0,7830.0,7830.0,228,0.0,0.0
2024-07-02 13:56:00+09:00,7840.0,7840.0,7840.0,7840.0,998,0.0,0.0
2024-07-02 13:59:00+09:00,7830.0,7830.0,7830.0,7830.0,296,0.0,0.0
2024-07-02 14:03:00+09:00,7820.0,7820.0,7800.0,7800.0,922,0.0,0.0
2024-07-02 14:04:00+09:00,7800.0,7800.0,7790.0,7790.0,4280,0.0,0.0
2024-07-02 14:05:00+09:00,7790.0,7790.0,7790.0,7790.0,64,0.0,0.0
2024-07-02 14:07:00+09:00,7790.0,7790.0,7790.0,7790.0,160,0.0,0.0
2024-07-02 14:09:00+09:00,7800.0,7800.0,7800.0,7800.0,0,0.0,0.0
2024-07-02 14:10:00+09:00,7790.0,7790.0,7790.0,7790.0,1235,0.0,0.0
2024-07-02 14:12:00+09:00,7790.0,7790.0,7770.0,7770.0,1028,0.0,0.0
2024-07-02 14:15:00+09:00,7780.0,7780.0,7780.0,7780.0,0,0.0,0.0
2024-07-02 14:17:00+09:00,7790.0,7790.0,7790.0,7790.0,12,0.0,0.0
2024-07-02 14:18:00+09:00,7790.0,7790.0,7790.0,7790.0,390,0.0,0.0
2024-07-02 14:19:00+09:00,7790.0,7790.0,7790.0,7790.0,40,0.0,0.0
2024-07-02 14:20:00+09:00,7790.0,7790.0,7790.0,7790.0,20,0.0,0.0
2024-07-02 14:21:00+09:00,7790.0,7790.0,7790.0,7790.0,0,0.0,0.0
2024-07-02 14:22:00+09:00,7780.0,7780.0,7780.0,7780.0,1042,0.0,0.0
2024-07-02 14:24:00+09:00,7780.0,7790.0,7780.0,7790.0,860,0.0,0.0
2024-07-02 14:25:00+09:00,7790.0,7790.0,7790.0,7790.0,272,0.0,0.0
2024-07-02 14:27:00+09:00,7800.0,7800.0,7790.0,7790.0,0,0.0,0.0
2024-07-02 14:28:00+09:00,7800.0,7800.0,7800.0,7800.0,0,0.0,0.0
2024-07-02 14:29:00+09:00,7800.0,7800.0,7800.0,7800.0,1,0.0,0.0
2024-07-02 14:30:00+09:00,7800.0,7800.0,7800.0,7800.0,409,0.0,0.0
2024-07-02 14:31:00+09:00,7790.0,7800.0,7790.0,7800.0,0,0.0,0.0
2024-07-02 14:32:00+09:00,7800.0,7800.0,7800.0,7800.0,268,0.0,0.0
2024-07-02 14:33:00+09:00,7800.0,7810.0,7800.0,7810.0,79,0.0,0.0
2024-07-02 14:35:00+09:00,7810.0,7810.0,7810.0,7810.0,9,0.0,0.0
2024-07-02 14:36:00+09:00,7810.0,7810.0,7810.0,7810.0,5,0.0,0.0
2024-07-02 14:37:00+09:00,7810.0,7810.0,7810.0,7810.0,8,0.0,0.0
2024-07-02 14:38:00+09:00,7810.0,7810.0,7790.0,7790.0,1863,0.0,0.0
2024-07-02 14:40:00+09:00,7790.0,7790.0,7790.0,7790.0,0,0.0,0.0
2024-07-02 14:41:00+09:00,7790.0,7790.0,7790.0,7790.0,369,0.0,0.0
2024-07-02 14:42:00+09:00,7800.0,7800.0,7800.0,7800.0,0,0.0,0.0
2024-07-02 14:44:00+09:00,7810.0,7820.0,7810.0,7820.0,1234,0.0,0.0
2024-07-02 14:45:00+09:00,7810.0,7810.0,7800.0,7800.0,761,0.0,0.0
2024-07-02 14:46:00+09:00,7810.0,7810.0,7810.0,7810.0,0,0.0,0.0
2024-07-02 14:48:00+09:00,7800.0,7810.0,7800.0,7810.0,33,0.0,0.0
2024-07-02 14:49:00+09:00,7820.0,7820.0,7820.0,7820.0,0,0.0,0.0
2024-07-02 14:50:00+09:00,7820.0,7820.0,7820.0,7820.0,0,0.0,0.0
2024-07-02 14:52:00+09:00,7810.0,7810.0,7800.0,7800.0,1117,0.0,0.0
2024-07-02 14:57:00+09:00,7810.0,7810.0,7810.0,7810.0,0,0.0,0.0
2024-07-02 14:58:00+09:00,7800.0,7810.0,7800.0,7800.0,729,0.0,0.0
2024-07-02 14:59:00+09:00,7810.0,7810.0,7810.0,7810.0,1,0.0,0.0
2024-07-03 09:00:00+09:00,7850.0,7850.0,7850.0,7850.0,303,0.0,0.0
2024-07-03 09:01:00+09:00,7840.0,7840.0,7820.0,7820.0,123,0.0,0.0
2024-07-03 09:02:00+09:00,7820.0,7820.0,7800.0,7800.0,1343,0.0,0.0
2024-07-03 09:03:00+09:00,7800.0,7800.0,7790.0,7790.0,0,0.0,0.0
2024-07-03 09:04:00+09:00,7790.0,7800.0,7780.0,7800.0,499,0.0,0.0
2024-07-03 09:05:00+09:00,7800.0,7840.0,7790.0,7840.0,0,0.0,0.0
2024-07-03 09:06:00+09:00,7830.0,7830.0,7830.0,7830.0,19,0.0,0.0
2024-07-03 09:07:00+09:00,7830.0,7830.0,7830.0,7830.0,109,0.0,0.0
2024-07-03 09:08:00+09:00,7830.0,7830.0,7790.0,7790.0,32,0.0,0.0
2024-07-03 09:09:00+09:00,7790.0,7840.0,7790.0,7840.0,172,0.0,0.0
2024-07-03 09:11:00+09:00,7840.0,7890.0,7800.0,7800.0,717,0.0,0.0
2024-07-03 09:13:00+09:00,7810.0,7810.0,7800.0,7800.0,0,0.0,0.0
2024-07-03 09:14:00+09:00,7800.0,7800.0,7800.0,7800.0,1077,0.0,0.0
2024-07-03 09:15:00+09:00,7800.0,7800.0,7780.0,7780.0,1549,0.0,0.0
2024-07-03 09:16:00+09:00,7800.0,7820.0,7770.0,7770.0,5184,0.0,0.0
2024-07-03 09:17:00+09:00,7770.0,7800.0,7770.0,7800.0,0,0.0,0.0
2024-07-03 09:18:00+09:00,7780.0,7780.0,7770.0,7770.0,1711,0.0,0.0
2024-07-03 09:19:00+09:00,7770.0,7770.0,7770.0,7770.0,1160,0.0,0.0
2024-07-03 09:21:00+09:00,7780.0,7780.0,7780.0,7780.0,0,0.0,0.0
2024-07-03 09:22:00+09:00,7780.0,7780.0,7780.0,7780.0,74,0.0,0.0
2024-07-03 09:23:00+09:00,7790.0,7800.0,7790.0,7800.0,5117,0.0,0.0
2024-07-03 09:25:00+09:00,7800.0,7800.0,7800.0,7800.0,0,0.0,0.0
2024-07-03 09:26:00+09:00,7800.0,7800.0,7800.0,7800.0,440,0.0,0.0
2024-07-03 09:28:00+09:00,7800.0,7800.0,7800.0,7800.0,390,0.0,0.0
2024-07-03 09:29:00+09:00,7830.0,7830.0,7810.0,7810.0,101,0.0,0.0
2024-07-03 09:30:00+09:00,7830.0,7830.0,7800.0,7800.0,380,0.0,0.0
2024-07-03 09:31:00+09:00,7800.0,7800.0,7790.0,7790.0,1985,0.0,0.0
2024-07-03 09:32:00+09:00,7830.0,7830.0,7830.0,7830.0,0,0.0,0.0
2024-07-03 09:33:00+09:00,7790.0,7790.0,7790.0,7790.0,86,0.0,0.0
2024-07-03 09:34:00+09:00,7790.0,7820.0,7780.0,7820.0,93,0.0,0.0
2024-07-03 09:36:00+09:00,7810.0,7810.0,7810.0,7810.0,74,0.0,0.0
2024-07-03 09:38:00+09:00,7810.0,7810.0,7810.0,7810.0,56,0.0,0.0
2024-07-03 09:39:00+09:00,7810.0,7810.0,7810.0,7810.0,1,0.0,0.0
2024-07-03 09:41:00+09:00,7790.0,7790.0,7790.0,7790.0,511,0.0,0.0
2024-07-03 09:42:00+09:00,7790.0,7790.0,7770.0,7770.0,1959,0.0,0.0
2024-07-03 09:43:00+09:00,7760.0,7760.0,7760.0,7760.0,0,0.0,0.0
2024-07-03 09:44:00+09:00,7770.0,7770.0,7750.0,7750.0,27886,0.0,0.0
2024-07-03 09:45:00+09:00,7760.0,7760.0,7760.0,7760.0,0,0.0,0.0
2024-07-03 09:46:00+09:00,7750.0,7750.0,7750.0,7750.0,915,0.0,0.0
2024-07-03 09:48:00+09:00,7750.0,7750.0,7750.0,7750.0,150,0.0,0.0
2024-07-03 09:49:00+09:00,7750.0,7760.0,7700.0,7760.0,16006,0.0,0.0
2024-07-03 09:50:00+09:00,7710.0,7710.0,7710.0,7710.0,35,0.0,0.0
2024-07-03 09:52:00+09:00,7740.0,7740.0,7740.0,7740.0,14,0.0,0.0
2024-07-03 09:53:00+09:00,7740.0,7740.0,7740.0,7740.0,234,0.0,0.0
2024-07-03 09:54:00+09:00,7740.0,7750.0,7720.0,7750.0,84,0.0,0.0
2024-07-03 09:55:00+09:00,7760.0,7760.0,7760.0,7760.0,0,0.0,0.0
2024-07-03 09:56:00+09:00,7760.0,7760.0,7760.0,7760.0,7,0.0,0.0
2024-07-03 09:57:00+09:00,7760.0,7760.0,7760.0,7760.0,0,0.0,0.0
2024-07-03 09:58:00+09:00,7760.0,7760.0,7760.0,7760.0,247,0.0,0.0
2024-07-03 09:59:00+09:00,7760.0,7760.0,7760.0,7760.0,0,0.0,0.0
2024-07-03 10:00:00+09:00,7760.0,7760.0,7760.0,7760.0,102,0.0,0.0
2024-07-03 10:01:00+09:00,7760.0,7760.0,7760.0,7760.0,12,0.0,0.0
2024-07-03 10:02:00+09:00,7760.0,7760.0,7760.0,7760.0,74,0.0,0.0
2024-07-03 10:03:00+09:00,7730.0,7760.0,7730.0,7760.0,182,0.0,0.0
2024-07-03 10:04:00+09:00,7760.0,7760.0,7760.0,7760.0,71,0.0,0.0
2024-07-03 10:05:00+09:00,7760.0,7760.0,7750.0,7750.0,43,0.0,0.0
2024-07-03 10:06:00+09:00,7760.0,7800.0,7760.0,7790.0,89,0.0,0.0
2024-07-03 10:08:00+09:00,7790.0,7790.0,7790.0,7790.0,20,0.0,0.0
2024-07-03 10:12:00+09:00,7770.0,7770.0,7740.0,7740.0,526,0.0,0.0
2024-07-03 10:13:00+09:00,7740.0,7740.0,7720.0,7720.0,2510,0.0,0.0
2024-07-03 10:14:00+09:00,7720.0,7720.0,7700.0,7710.0,2586,0.0,0.0
2024-07-03 10:15:00+09:00,7710.0,7720.0,7710.0,7720.0,1065,0.0,0.0
2024-07-03 10:16:00+09:00,7720.0,7720.0,7710.0,7710.0,3507,0.0,0.0
2024-07-03 10:17:00+09:00,7700.0,7700.0,7700.0,7700.0,3151,0.0,0.0
2024-07-03 10:19:00+09:00,7700.0,7700.0,7690.0,7690.0,1140,0.0,0.0
2024-07-03 10:20:00+09:00,7690.0,7690.0,7680.0,7690.0,212,0.0,0.0
2024-07-03 10:21:00+09:00,7680.0,7680.0,7670.0,7670.0,1738,0.0,0.0
2024-07-03 10:22:00+09:00,7670.0,7670.0,7660.0,7660.0,1611,0.0,0.0
2024-07-03 10:23:00+09:00,7660.0,7690.0,7650.0,7690.0,505,0.0,0.0
2024-07-03 10:24:00+09:00,7660.0,7690.0,7650.0,7690.0,48,0.0,0.0
2024-07-03 10:25:00+09:00,7660.0,7680.0,7660.0,7670.0,1260,0.0,0.0
2024-07-03 10:26:00+09:00,7670.0,7670.0,7670.0,7670.0,0,0.0,0.0
2024-07-03 10:27:00+09:00,7670.0,7670.0,7670.0,7670.0,180,0.0,0.0
2024-07-03 10:28:00+09:00,7680.0,7680.0,7680.0,7680.0,109,0.0,0.0
2024-07-03 10:30:00+09:00,7680.0,7680.0,7680.0,7680.0,82,0.0,0.0
2024-07-03 10:31:00+09:00,7680.0,7680.0,7670.0,7670.0,1515,0.0,0.0
2024-07-03 10:33:00+09:00,7670.0,7670.0,7670.0,7670.0,600,0.0,0.0
2024-07-03 10:34:00+09:00,7670.0,7670.0,7660.0,7660.0,0,0.0,0.0
2024-07-03 10:35:00+09:00,7690.0,7690.0,7670.0,7690.0,1,0.0,0.0
2024-07-03 10:36:00+09:00,7690.0,7690.0,7690.0,7690.0,64,0.0,0.0
2024-07-03 10:37:00+09:00,7670.0,7670.0,7670.0,7670.0,2,0.0,0.0
2024-07-03 10:38:00+09:00,7680.0,7680.0,7670.0,7670.0,1501,0.0,0.0
2024-07-03 10:39:00+09:00,7670.0,7670.0,7650.0,7650.0,4905,0.0,0.0
2024-07-03 10:41:00+09:00,7660.0,7690.0,7660.0,7660.0,0,0.0,0.0
2024-07-03 10:42:00+09:00,7680.0,7680.0,7670.0,7670.0,0,0.0,0.0
2024-07-03 10:43:00+09:00,7670.0,7670.0,7670.0,7670.0,0,0.0,0.0
2024-07-03 10:44:00+09:00,7670.0,7670.0,7670.0,7670.0,2,0.0,0.0
2024-07-03 10:45:00+09:00,7670.0,7670.0,7660.0,7660.0,43,0.0,0.0
2024-07-03 10:46:00+09:00,7660.0,7670.0,7660.0,7670.0,96,0.0,0.0
2024-07-03 10:47:00+09:00,7670.0,7680.0,7670.0,7680.0,1239,0.0,0.0
2024-07-03 10:48:00+09:00,7680.0,7680.0,7680.0,7680.0,100,0.0,0.0
2024-07-03 10:49:00+09:00,7680.0,7690.0,7680.0,7690.0,102,0.0,0.0
2024-07-03 10:50:00+09:00,7690.0,7690.0,7680.0,7680.0,58,0.0,0.0
2024-07-03 10:53:00+09:00,7680.0,7680.0,7660.0,7660.0,792,0.0,0.0
2024-07-03 10:54:00+09:00,7660.0,7660.0,7660.0,7660.0,0,0.0,0.0
2024-07-03 10:55:00+09:00,7660.0,7660.0,7660.0,7660.0,421,0.0,0.0
2024-07-03 10:56:00+09:00,7670.0,7670.0,7670.0,7670.0,1164,0.0,0.0
2024-07-03 10:57:00+09:00,7670.0,7670.0,7670.0,7670.0,0,0.0,0.0
2024-07-03 10:58:00+09:00,7680.0,7680.0,7670.0,7670.0,2076,0.0,0.0
2024-07-03 10:59:00+09:00,7670.0,7670.0,7660.0,7660.0,472,0.0,0.0
2024-07-03 11:00:00+09:00,7680.0,7680.0,7680.0,7680.0,0,0.0,0.0
2024-07-03 11:01:00+09:00,7680.0,7680.0,7680.0,7680.0,0,0.0,0.0
2024-07-03 11:03:00+09:00,7670.0,7670.0,7670.0,7670.0,123,0.0,0.0
2024-07-03 11:04:00+09:00,7670.0,7670.0,7670.0,7670.0,128,0.0,0.0
2024-07-03 11:05:00+09:00,7670.0,7670.0,7660.0,7660.0,486,0.0,0.0
2024-07-03 11:06:00+09:00,7660.0,7670.0,7660.0,7670.0,1147,0.0,0.0
2024-07-03 11:09:00+09:00,7690.0,7690.0,7690.0,7690.0,270,0.0,0.0
2024-07-03 11:10:00+09:00,7690.0,7690.0,7690.0,7690.0,8,0.0,0.0
2024-07-03 11:11:00+09:00,7700.0,7700.0,7700.0,7700.0,405,0.0,0.0
2024-07-03 11:14:00+09:00,7720.0,7720.0,7720.0,7720.0,0,0.0,0.0
2024-07-03 11:16:00+09:00,7720.0,7720.0,7720.0,7720.0,4,0.0,0.0
2024-07-03 11:17:00+09:00,7710.0,7730.0,7700.0,7730.0,2349,0.0,0.0
2024-07-03 11:18:00+09:00,7730.0,7730.0,7730.0,7730.0,40,0.0,0.0
2024-07-03 11:20:00+09:00,7700.0,7700.0,7700.0,7700.0,30,0.0,0.0
2024-07-03 11:21:00+09:00,7700.0,7700.0,7700.0,7700.0,348,0.0,0.0
2024-07-03 11:23:00+09:00,7700.0,7700.0,7670.0,7670.0,2668,0.0,0.0
2024-07-03 11:24:00+09:00,7680.0,7720.0,7680.0,7720.0,62,0.0,0.0
2024-07-03 11:25:00+09:00,7680.0,7680.0,7680.0,7680.0,0,0.0,0.0
2024-07-03 11:27:00+09:00,7680.0,7680.0,7680.0,7680.0,499,0.0,0.0
2024-07-03 11:30:00+09:00,7680.0,7680.0,7650.0,7650.0,7329,0.0,0.0
2024-07-03 11:31:00+09:00,7690.0,7690.0,7690.0,7690.0,0,0.0,0.0
2024-07-03 11:32:00+09:00,7690.0,7690.0,7690.0,7690.0,187,0.0,0.0
2024-07-03 11:33:00+09:00,7690.0,7690.0,7690.0,7690.0,0,0.0,0.0
2024-07-03 11:36:00+09:00,7690.0,7700.0,7690.0,7700.0,21,0.0,0.0
2024-07-03 11:37:00+09:00,7700.0,7700.0,7700.0,7700.0,0,0.0,0.0
2024-07-03 11:39:00+09:00,7700.0,7700.0,7700.0,7700.0,172,0.0,0.0
2024-07-03 11:41:00+09:00,7690.0,7690.0,7690.0,7690.0,0,0.0,0.0
2024-07-03 11:43:00+09:00,7690.0,7690.0,7690.0,7690.0,234,0.0,0.0
2024-07-03 11:45:00+09:00,7670.0,7670.0,7670.0,7670.0,871,0.0,0.0
2024-07-03 11:47:00+09:00,7670.0,7670.0,7670.0,7670.0,0,0.0,0.0
2024-07-03 11:49:00+09:00,7670.0,7670.0,7660.0,7670.0,470,0.0,0.0
2024-07-03 11:52:00+09:00,7670.0,7670.0,7670.0,7670.0,400,0.0,0.0
2024-07-03 11:56:00+09:00,7670.0,7670.0,7670.0,7670.0,698,0.0,0.0
2024-07-03 11:59:00+09:00,7670.0,7680.0,7670.0,7680.0,0,0.0,0.0
2024-07-03 12:00:00+09:00,7680.0,7680.0,7680.0,7680.0,0,0.0,0.0
2024-07-03 12:01:00+09:00,7680.0,7680.0,7680.0,7680.0,0,0.0,0.0
2024-07-03 12:04:00+09:00,7680.0,7680.0,7680.0,7680.0,217,0.0,0.0
2024-07-03 12:06:00+09:00,7680.0,7680.0,7680.0,7680.0,0,0.0,0.0
2024-07-03 12:08:00+09:00,7690.0,7690.0,7690.0,7690.0,400,0.0,0.0
2024-07-03 12:09:00+09:00,7690.0,7690.0,7690.0,7690.0,0,0.0,0.0
2024-07-03 12:11:00+09:00,7680.0,7680.0,7680.0,7680.0,26,0.0,0.0
2024-07-03 12:12:00+09:00,7680.0,7680.0,7680.0,7680.0,262,0.0,0.0
2024-07-03 12:14:00+09:00,7680.0,7680.0,7680.0,7680.0,0,0.0,0.0
2024-07-03 12:15:00+09:00,7680.0,7680.0,7680.0,7680.0,0,0.0,0.0
2024-07-03 12:17:00+09:00,7680.0,7680.0,7680.0,7680.0,748,0.0,0.0
2024-07-03 12:23:00+09:00,7680.0,7680.0,7680.0,7680.0,337,0.0,0.0
2024-07-03 12:26:00+09:00,7680.0,7680.0,7680.0,7680.0,0,0.0,0.0
2024-07-03 12:27:00+09:00,7670.0,7670.0,7670.0,7670.0,0,0.0,0.0
2024-07-03 12:30:00+09:00,7680.0,7680.0,7680.0,7680.0,117,0.0,0.0
2024-07-03 12:31:00+09:00,7680.0,7700.0,7680.0,7700.0,2675,0.0,0.0
2024-07-03 12:32:00+09:00,7700.0,7700.0,7700.0,7700.0,0,0.0,0.0
2024-07-03 12:33:00+09:00,7700.0,7700.0,7700.0,7700.0,109,0.0,0.0
2024-07-03 12:34:00+09:00,7680.0,7680.0,7660.0,7660.0,607,0.0,0.0
2024-07-03 12:36:00+09:00,7700.0,7700.0,7700.0,7700.0,783,0.0,0.0
2024-07-03 12:42:00+09:00,7700.0,7700.0,7700.0,7700.0,0,0.0,0.0
2024-07-03 12:44:00+09:00,7680.0,7680.0,7680.0,7680.0,334,0.0,0.0
2024-07-03 12:46:00+09:00,7670.0,7670.0,7660.0,7660.0,553,0.0,0.0
2024-07-03 12:47:00+09:00,7660.0,7660.0,7660.0,7660.0,0,0.0,0.0
2024-07-03 12:51:00+09:00,7660.0,7670.0,7660.0,7670.0,672,0.0,0.0
2024-07-03 12:52:00+09:00,7680.0,7700.0,7680.0,7700.0,63,0.0,0.0
2024-07-03 12:53:00+09:00,7700.0,7700.0,7700.0,7700.0,170,0.0,0.0
2024-07-03 12:55:00+09:00,7700.0,7700.0,7700.0,7700.0,33,0.0,0.0
2024-07-03 12:57:00+09:00,7700.0,7700.0,7700.0,7700.0,0,0.0,0.0
2024-07-03 12:59:00+09:00,7700.0,7700.0,7700.0,7700.0,47,0.0,0.0
2024-07-03 13:02:00+09:00,7670.0,7670.0,7670.0,7670.0,1833,0.0,0.0
2024-07-03 13:03:00+09:00,7670.0,7670.0,7670.0,7670.0,0,0.0,0.0
2024-07-03 13:05:00+09:00,7670.0,7700.0,7670.0,7700.0,1085,0.0,0.0
2024-07-03 13:06:00+09:00,7700.0,7700.0,7700.0,7700.0,597,0.0,0.0
2024-07-03 13:10:00+09:00,7700.0,7700.0,7700.0,7700.0,0,0.0,0.0
2024-07-03 13:15:00+09:00,7700.0,7700.0,7700.0,7700.0,546,0.0,0.0
2024-07-03 13:16:00+09:00,7680.0,7680.0,7680.0,7680.0,64,0.0,0.0
2024-07-03 13:17:00+09:00,7680.0,7680.0,7680.0,7680.0,0,0.0,0.0
2024-07-03 13:20:00+09:00,7670.0,7670.0,7670.0,7670.0,60,0.0,0.0
2024-07-03 13:21:00+09:00,7670.0,7680.0,7670.0,7680.0,233,0.0,0.0
2024-07-03 13:22:00+09:00,7680.0,7680.0,7670.0,7670.0,1153,0.0,0.0
2024-07-03 13:29:00+09:00,7670.0,7670.0,7670.0,7670.0,134,0.0,0.0
2024-07-03 13:32:00+09:00,7670.0,7670.0,7670.0,7670.0,0,0.0,0.0
2024-07-03 13:34:00+09:00,7670.0,7670.0,7670.0,7670.0,221,0.0,0.0
2024-07-03 13:38:00+09:00,7680.0,7680.0,7680.0,7680.0,50,0.0,0.0
2024-07-03 13:39:00+09:00,7690.0,7690.0,7690.0,7690.0,0,0.0,0.0
2024-07-03 13:43:00+09:00,7680.0,7680.0,7680.0,7680.0,0,0.0,0.0
2024-07-03 13:44:00+09:00,7680.0,7690.0,7680.0,7690.0,825,0.0,0.0
2024-07-03 13:45:00+09:00,7700.0,7700.0,7700.0,7700.0,96,0.0,0.0
2024-07-03 13:46:00+09:00,7700.0,7700.0,7700.0,7700.0,400,0.0,0.0
2024-07-03 13:50:00+09:00,7700.0,7700.0,7700.0,7700.0,1003,0.0,0.0
2024-07-03 13:53:00+09:00,7700.0,7710.0,7700.0,7710.0,23,0.0,0.0
2024-07-03 13:54:00+09:00,7700.0,7700.0,7700.0,7700.0,0,0.0,0.0
2024-07-03 13:55:00+09:00,7710.0,7710.0,7710.0,7710.0,256,0.0,0.0
2024-07-03 13:56:00+09:00,7710.0,7710.0,7710.0,7710.0,467,0.0,0.0
2024-07-03 13:57:00+09:00,7710.0,7710.0,7700.0,7700.0,848,0.0,0.0
2024-07-03 13:58:00+09:00,7720.0,7720.0,7720.0,7720.0,0,0.0,0.0
2024-07-03 13:59:00+09:00,7720.0,7730.0,7720.0,7730.0,1982,0.0,0.0
2024-07-03 14:02:00+09:00,7730.0,7730.0,7730.0,7730.0,0,0.0,0.0
2024-07-03 14:04:00+09:00,7730.0,7730.0,7730.0,7730.0,12,0.0,0.0
2024-07-03 14:05:00+09:00,7730.0,7730.0,7730.0,7730.0,9,0.0,0.0
2024-07-03 14:06:00+09:00,7730.0,7730.0,7730.0,7730.0,60,0.0,0.0
2024-07-03 14:09:00+09:00,7730.0,7730.0,7730.0,7730.0,98,0.0,0.0
2024-07-03 14:11:00+09:00,7730.0,7730.0,7730.0,7730.0,820,0.0,0.0
2024-07-03 14:13:00+09:00,7730.0,7730.0,7730.0,7730.0,420,0.0,0.0
2024-07-03 14:15:00+09:00,7740.0,7740.0,7740.0,7740.0,361,0.0,0.0
2024-07-03 14:17:00+09:00,7730.0,7730.0,7730.0,7730.0,783,0.0,0.0
2024-07-03 14:18:00+09:00,7730.0,7730.0,7730.0,7730.0,77,0.0,0.0
2024-07-03 14:19:00+09:00,7730.0,7740.0,7730.0,7740.0,600,0.0,0.0
2024-07-03 14:20:00+09:00,7740.0,7740.0,7740.0,7740.0,280,0.0,0.0
2024-07-03 14:21:00+09:00,7760.0,7760.0,7730.0,7730.0,465,0.0,0.0
2024-07-03 14:25:00+09:00,7730.0,7730.0,7730.0,7730.0,42,0.0,0.0
2024-07-03 14:26:00+09:00,7730.0,7730.0,7730.0,7730.0,694,0.0,0.0
2024-07-03 14:27:00+09:00,7750.0,7760.0,7750.0,7750.0,0,0.0,0.0
2024-07-03 14:28:00+09:00,7750.0,7750.0,7750.0,7750.0,197,0.0,0.0
2024-07-03 14:29:00+09:00,7750.0,7750.0,7750.0,7750.0,0,0.0,0.0
2024-07-03 14:30:00+09:00,7740.0,7740.0,7740.0,7740.0,1036,0.0,0.0
2024-07-03 14:31:00+09:00,7740.0,7740.0,7740.0,7740.0,0,0.0,0.0
2024-07-03 14:32:00+09:00,7740.0,7750.0,7740.0,7750.0,535,0.0,0.0
2024-07-03 14:33:00+09:00,7750.0,7750.0,7750.0,7750.0,372,0.0,0.0
2024-07-03 14:34:00+09:00,7750.0,7750.0,7750.0,7750.0,0,0.0,0.0
2024-07-03 14:35:00+09:00,7750.0,7750.0,7750.0,7750.0,129,0.0,0.0
2024-07-03 14:36:00+09:00,7750.0,7750.0,7750.0,7750.0,98,0.0,0.0
2024-07-03 14:38:00+09:00,7740.0,7740.0,7740.0,7740.0,37,0.0,0.0
2024-07-03 14:39:00+09:00,7740.0,7740.0,7730.0,7730.0,1100,0.0,0.0
2024-07-03 14:41:00+09:00,7730.0,7730.0,7730.0,7730.0,0,0.0,0.0
2024-07-03 14:44:00+09:00,7750.0,7750.0,7750.0,7750.0,0,0.0,0.0
2024-07-03 14:46:00+09:00,7750.0,7750.0,7750.0,7750.0,2806,0.0,0.0
2024-07-03 14:51:00+09:00,7750.0,7750.0,7720.0,7720.0,300,0.0,0.0
2024-07-03 14:52:00+09:00,7740.0,7740.0,7740.0,7740.0,0,0.0,0.0
2024-07-03 14:53:00+09:00,7720.0,7720.0,7720.0,7720.0,0,0.0,0.0
2024-07-03 14:54:00+09:00,7730.0,7740.0,7730.0,7740.0,766,0.0,0.0
2024-07-03 14:56:00+09:00,7750.0,7750.0,7750.0,7750.0,1479,0.0,0.0
2024-07-03 14:57:00+09:00,7740.0,7740.0,7730.0,7730.0,0,0.0,0.0
2024-07-03 14:58:00+09:00,7730.0,7730.0,7720.0,7720.0,3889,0.0,0.0
2024-07-04 09:00:00+09:00,7750.0,7750.0,7750.0,7750.0,134,0.0,0.0
2024-07-04 09:01:00+09:00,7750.0,7750.0,7750.0,7750.0,9,0.0,0.0
2024-07-04 09:02:00+09:00,7750.0,7750.0,7750.0,7750.0,14,0.0,0.0
2024-07-04 09:03:00+09:00,7770.0,7770.0,7770.0,7770.0,114,0.0,0.0
2024-07-04 09:04:00+09:00,7770.0,7770.0,7770.0,7770.0,254,0.0,0.0
2024-07-04 09:06:00+09:00,7770.0,7790.0,7770.0,7790.0,238,0.0,0.0
2024-07-04 09:07:00+09:00,7800.0,7800.0,7800.0,7800.0,408,0.0,0.0
2024-07-04 09:08:00+09:00,7800.0,7800.0,7790.0,7790.0,720,0.0,0.0
2024-07-04 09:09:00+09:00,7800.0,7800.0,7790.0,7800.0,0,0.0,0.0
2024-07-04 09:10:00+09:00,7800.0,7820.0,7800.0,7820.0,264,0.0,0.0
2024-07-04 09:11:00+09:00,7820.0,7820.0,7820.0,7820.0,6,0.0,0.0
2024-07-04 09:12:00+09:00,7820.0,7820.0,7810.0,7820.0,12,0.0,0.0
2024-07-04 09:13:00+09:00,7820.0,7820.0,7820.0,7820.0,1,0.0,0.0
2024-07-04 09:14:00+09:00,7810.0,7810.0,7800.0,7800.0,1345,0.0,0.0
2024-07-04 09:15:00+09:00,7810.0,7810.0,7810.0,7810.0,72,0.0,0.0
2024-07-04 09:16:00+09:00,7810.0,7810.0,7800.0,7810.0,1064,0.0,0.0
2024-07-04 09:18:00+09:00,7820.0,7820.0,7800.0,7810.0,0,0.0,0.0
2024-07-04 09:19:00+09:00,7810.0,7810.0,7810.0,7810.0,616,0.0,0.0
2024-07-04 09:20:00+09:00,7810.0,7810.0,7800.0,7810.0,3439,0.0,0.0
2024-07-04 09:21:00+09:00,7800.0,7800.0,7800.0,7800.0,2,0.0,0.0
2024-07-04 09:22:00+09:00,7790.0,7790.0,7770.0,7770.0,362,0.0,0.0
2024-07-04 09:23:00+09:00,7770.0,7770.0,7770.0,7770.0,172,0.0,0.0
2024-07-04 09:24:00+09:00,7770.0,7770.0,7770.0,7770.0,142,0.0,0.0
2024-07-04 09:25:00+09:00,7800.0,7800.0,7800.0,7800.0,0,0.0,0.0
2024-07-04 09:26:00+09:00,7800.0,7810.0,7800.0,7810.0,500,0.0,0.0
2024-07-04 09:27:00+09:00,7800.0,7800.0,7800.0,7800.0,0,0.0,0.0
2024-07-04 09:30:00+09:00,7800.0,7800.0,7800.0,7800.0,93,0.0,0.0
2024-07-04 09:32:00+09:00,7800.0,7800.0,7800.0,7800.0,10,0.0,0.0
2024-07-04 09:33:00+09:00,7800.0,7810.0,7800.0,7810.0,51,0.0,0.0
2024-07-04 09:34:00+09:00,7800.0,7800.0,7800.0,7800.0,9,0.0,0.0
2024-07-04 09:35:00+09:00,7770.0,7770.0,7770.0,7770.0,18,0.0,0.0
2024-07-04 09:37:00+09:00,7810.0,7810.0,7810.0,7810.0,22,0.0,0.0
2024-07-04 09:38:00+09:00,7790.0,7790.0,7790.0,7790.0,20,0.0,0.0
2024-07-04 09:39:00+09:00,7780.0,7790.0,7780.0,7790.0,0,0.0,0.0
2024-07-04 09:40:00+09:00,7790.0,7790.0,7760.0,7760.0,756,0.0,0.0
2024-07-04 09:42:00+09:00,7760.0,7760.0,7750.0,7750.0,308,0.0,0.0
2024-07-04 09:44:00+09:00,7790.0,7790.0,7790.0,7790.0,0,0.0,0.0
2024-07-04 09:45:00+09:00,7790.0,7790.0,7790.0,7790.0,0,0.0,0.0
2024-07-04 09:46:00+09:00,7790.0,7790.0,7790.0,7790.0,160,0.0,0.0
2024-07-04 09:48:00+09:00,7790.0,7790.0,7790.0,7790.0,0,0.0,0.0
2024-07-04 09:49:00+09:00,7790.0,7790.0,7790.0,7790.0,0,0.0,0.0
2024-07-04 09:52:00+09:00,7790.0,7790.0,7790.0,7790.0,19,0.0,0.0
2024-07-04 09:53:00+09:00,7790.0,7790.0,7790.0,7790.0,22,0.0,0.0
2024-07-04 09:54:00+09:00,7800.0,7800.0,7800.0,7800.0,39,0.0,0.0
2024-07-04 09:55:00+09:00,7790.0,7790.0,7790.0,7790.0,69,0.0,0.0
2024-07-04 09:56:00+09:00,7800.0,7800.0,7790.0,7790.0,171,0.0,0.0
2024-07-04 09:57:00+09:00,7790.0,7790.0,7790.0,7790.0,0,0.0,0.0
2024-07-04 09:58:00+09:00,7790.0,7790.0,7790.0,7790.0,1,0.0,0.0
2024-07-04 09:59:00+09:00,7790.0,7790.0,7780.0,7780.0,104,0.0,0.0
2024-07-04 10:00:00+09:00,7780.0,7780.0,7780.0,7780.0,0,0.0,0.0
2024-07-04 10:01:00+09:00,7780.0,7780.0,7780.0,7780.0,1,0.0,0.0
2024-07-04 10:03:00+09:00,7770.0,7770.0,7770.0,7770.0,143,0.0,0.0
2024-07-04 10:04:00+09:00,7770.0,7770.0,7770.0,7770.0,28,0.0,0.0
2024-07-04 10:05:00+09:00,7760.0,7760.0,7760.0,7760.0,111,0.0,0.0
2024-07-04 10:07:00+09:00,7760.0,7760.0,7760.0,7760.0,219,0.0,0.0
2024-07-04 10:09:00+09:00,7750.0,7750.0,7750.0,7750.0,2,0.0,0.0
2024-07-04 10:13:00+09:00,7760.0,7760.0,7750.0,7750.0,649,0.0,0.0
2024-07-04 10:14:00+09:00,7770.0,7770.0,7770.0,7770.0,0,0.0,0.0
2024-07-04 10:15:00+09:00,7770.0,7770.0,7770.0,7770.0,0,0.0,0.0
2024-07-04 10:22:00+09:00,7770.0,7770.0,7750.0,7750.0,1014,0.0,0.0
2024-07-04 10:23:00+09:00,7750.0,7750.0,7740.0,7750.0,744,0.0,0.0
2024-07-04 10:24:00+09:00,7740.0,7740.0,7740.0,7740.0,1065,0.0,0.0
2024-07-04 10:25:00+09:00,7750.0,7750.0,7750.0,7750.0,0,0.0,0.0
2024-07-04 10:28:00+09:00,7780.0,7780.0,7780.0,7780.0,112,0.0,0.0
2024-07-04 10:30:00+09:00,7750.0,7750.0,7750.0,7750.0,239,0.0,0.0
2024-07-04 10:32:00+09:00,7760.0,7760.0,7760.0,7760.0,0,0.0,0.0
2024-07-04 10:34:00+09:00,7770.0,7770.0,7770.0,7770.0,0,0.0,0.0
2024-07-04 10:35:00+09:00,7770.0,7770.0,7770.0,7770.0,1164,0.0,0.0
2024-07-04 10:36:00+09:00,7770.0,7770.0,7770.0,7770.0,0,0.0,0.0
2024-07-04 10:37:00+09:00,7760.0,7780.0,7760.0,7780.0,383,0.0,0.0
2024-07-04 10:40:00+09:00,7760.0,7760.0,7760.0,7760.0,0,0.0,0.0
2024-07-04 10:43:00+09:00,7770.0,7770.0,7770.0,7770.0,6,0.0,0.0
2024-07-04 10:44:00+09:00,7770.0,7770.0,7770.0,7770.0,221,0.0,0.0
2024-07-04 10:45:00+09:00,7770.0,7770.0,7770.0,7770.0,0,0.0,0.0
2024-07-04 10:47:00+09:00,7780.0,7780.0,7780.0,7780.0,4,0.0,0.0
2024-07-04 10:51:00+09:00,7770.0,7770.0,7770.0,7770.0,65,0.0,0.0
2024-07-04 10:53:00+09:00,7780.0,7780.0,7780.0,7780.0,1374,0.0,0.0
2024-07-04 10:56:00+09:00,7800.0,7800.0,7800.0,7800.0,1626,0.0,0.0
2024-07-04 10:57:00+09:00,7780.0,7800.0,7780.0,7800.0,0,0.0,0.0
2024-07-04 11:05:00+09:00,7790.0,7790.0,7790.0,7790.0,1172,0.0,0.0
2024-07-04 11:06:00+09:00,7760.0,7760.0,7750.0,7750.0,1586,0.0,0.0
2024-07-04 11:07:00+09:00,7750.0,7760.0,7750.0,7760.0,16,0.0,0.0
2024-07-04 11:09:00+09:00,7740.0,7760.0,7740.0,7760.0,0,0.0,0.0
2024-07-04 11:10:00+09:00,7760.0,7760.0,7760.0,7760.0,102,0.0,0.0
2024-07-04 11:12:00+09:00,7750.0,7760.0,7750.0,7760.0,328,0.0,0.0
2024-07-04 11:14:00+09:00,7760.0,7760.0,7760.0,7760.0,0,0.0,0.0
2024-07-04 11:15:00+09:00,7760.0,7760.0,7750.0,7750.0,6,0.0,0.0
2024-07-04 11:16:00+09:00,7760.0,7760.0,7760.0,7760.0,0,0.0,0.0
2024-07-04 11:17:00+09:00,7760.0,7760.0,7760.0,7760.0,15,0.0,0.0
2024-07-04 11:24:00+09:00,7750.0,7750.0,7750.0,7750.0,242,0.0,0.0
2024-07-04 11:25:00+09:00,7750.0,7750.0,7750.0,7750.0,74,0.0,0.0
2024-07-04 11:26:00+09:00,7740.0,7740.0,7740.0,7740.0,0,0.0,0.0
2024-07-04 11:27:00+09:00,7760.0,7760.0,7760.0,7760.0,0,0.0,0.0
2024-07-04 11:32:00+09:00,7760.0,7760.0,7760.0,7760.0,501,0.0,0.0
2024-07-04 11:37:00+09:00,7780.0,7780.0,7780.0,7780.0,7,0.0,0.0
2024-07-04 11:39:00+09:00,7770.0,7770.0,7770.0,7770.0,0,0.0,0.0
2024-07-04 11:40:00+09:00,7770.0,7770.0,7770.0,7770.0,1,0.0,0.0
2024-07-04 11:41:00+09:00,7770.0,7770.0,7770.0,7770.0,3,0.0,0.0
2024-07-04 11:42:00+09:00,7750.0,7750.0,7750.0,7750.0,1846,0.0,0.0
2024-07-04 11:43:00+09:00,7750.0,7750.0,7750.0,7750.0,699,0.0,0.0
2024-07-04 11:47:00+09:00,7770.0,7770.0,7770.0,7770.0,0,0.0,0.0
2024-07-04 11:49:00+09:00,7770.0,7770.0,7770.0,7770.0,2,0.0,0.0
2024-07-04 11:50:00+09:00,7770.0,7770.0,7770.0,7770.0,105,0.0,0.0
2024-07-04 11:55:00+09:00,7770.0,7770.0,7770.0,7770.0,20,0.0,0.0
2024-07-04 11:56:00+09:00,7770.0,7770.0,7770.0,7770.0,0,0.0,0.0
2024-07-04 11:57:00+09:00,7770.0,7770.0,7770.0,7770.0,15,0.0,0.0
2024-07-04 12:00:00+09:00,7760.0,7760.0,7760.0,7760.0,0,0.0,0.0
2024-07-04 12:05:00+09:00,7760.0,7760.0,7760.0,7760.0,85,0.0,0.0
2024-07-04 12:08:00+09:00,7760.0,7760.0,7760.0,7760.0,110,0.0,0.0
2024-07-04 12:12:00+09:00,7760.0,7760.0,7760.0,7760.0,21,0.0,0.0
2024-07-04 12:13:00+09:00,7770.0,7770.0,7750.0,7750.0,435,0.0,0.0
2024-07-04 12:16:00+09:00,7760.0,7760.0,7760.0,7760.0,0,0.0,0.0
2024-07-04 12:19:00+09:00,7750.0,7750.0,7750.0,7750.0,1,0.0,0.0
2024-07-04 12:28:00+09:00,7760.0,7760.0,7750.0,7750.0,150,0.0,0.0
2024-07-04 12:35:00+09:00,7760.0,7760.0,7760.0,7760.0,99,0.0,0.0
2024-07-04 12:36:00+09:00,7760.0,7770.0,7760.0,7770.0,314,0.0,0.0
2024-07-04 12:38:00+09:00,7770.0,7770.0,7770.0,7770.0,1000,0.0,0.0
2024-07-04 12:41:00+09:00,7770.0,7770.0,7770.0,7770.0,0,0.0,0.0
2024-07-04 12:42:00+09:00,7770.0,7770.0,7770.0,7770.0,0,0.0,0.0
2024-07-04 12:50:00+09:00,7760.0,7760.0,7760.0,7760.0,12,0.0,0.0
2024-07-04 12:52:00+09:00,7760.0,7760.0,7760.0,7760.0,215,0.0,0.0
2024-07-04 12:56:00+09:00,7760.0,7760.0,7760.0,7760.0,564,0.0,0.0
2024-07-04 13:01:00+09:00,7760.0,7760.0,7760.0,7760.0,0,0.0,0.0
2024-07-04 13:02:00+09:00,7760.0,7760.0,7760.0,7760.0,1087,0.0,0.0
2024-07-04 13:09:00+09:00,7760.0,7760.0,7740.0,7740.0,3580,0.0,0.0
2024-07-04 13:15:00+09:00,7780.0,7780.0,7780.0,7780.0,0,0.0,0.0
2024-07-04 13:20:00+09:00,7770.0,7770.0,7770.0,7770.0,5,0.0,0.0
2024-07-04 13:26:00+09:00,7790.0,7790.0,7790.0,7790.0,2,0.0,0.0
2024-07-04 13:29:00+09:00,7790.0,7790.0,7790.0,7790.0,305,0.0,0.0
2024-07-04 13:31:00+09:00,7790.0,7790.0,7790.0,7790.0,0,0.0,0.0
2024-07-04 13:34:00+09:00,7790.0,7790.0,7790.0,7790.0,1,0.0,0.0
2024-07-04 13:35:00+09:00,7770.0,7770.0,7770.0,7770.0,50,0.0,0.0
2024-07-04 13:36:00+09:00,7770.0,7770.0,7770.0,7770.0,394,0.0,0.0
2024-07-04 13:39:00+09:00,7770.0,7770.0,7770.0,7770.0,20,0.0,0.0
2024-07-04 13:40:00+09:00,7750.0,7770.0,7750.0,7770.0,0,0.0,0.0
2024-07-04 13:41:00+09:00,7750.0,7770.0,7750.0,7750.0,393,0.0,0.0
2024-07-04 13:43:00+09:00,7770.0,7770.0,7750.0,7750.0,108,0.0,0.0
2024-07-04 13:44:00+09:00,7770.0,7770.0,7770.0,7770.0,0,0.0,0.0
2024-07-04 13:46:00+09:00,7770.0,7790.0,7770.0,7790.0,955,0.0,0.0
2024-07-04 13:49:00+09:00,7790.0,7810.0,7790.0,7810.0,2634,0.0,0.0
2024-07-04 13:50:00+09:00,7810.0,7830.0,7810.0,7830.0,1482,0.0,0.0
2024-07-04 13:51:00+09:00,7830.0,7830.0,7830.0,7830.0,209,0.0,0.0
2024-07-04 13:53:00+09:00,7810.0,7810.0,7810.0,7810.0,142,0.0,0.0
2024-07-04 13:54:00+09:00,7810.0,7820.0,7810.0,7820.0,204,0.0,0.0
2024-07-04 13:55:00+09:00,7830.0,7830.0,7830.0,7830.0,0,0.0,0.0
2024-07-04 13:57:00+09:00,7830.0,7830.0,7820.0,7820.0,683,0.0,0.0
2024-07-04 13:58:00+09:00,7810.0,7810.0,7800.0,7800.0,370,0.0,0.0
2024-07-04 14:02:00+09:00,7830.0,7840.0,7830.0,7840.0,173,0.0,0.0
2024-07-04 14:03:00+09:00,7840.0,7840.0,7840.0,7840.0,0,0.0,0.0
2024-07-04 14:04:00+09:00,7830.0,7830.0,7820.0,7830.0,679,0.0,0.0
2024-07-04 14:05:00+09:00,7830.0,7830.0,7830.0,7830.0,163,0.0,0.0
2024-07-04 14:08:00+09:00,7830.0,7850.0,7830.0,7850.0,502,0.0,0.0
2024-07-04 14:09:00+09:00,7850.0,7850.0,7850.0,7850.0,173,0.0,0.0
2024-07-04 14:10:00+09:00,7850.0,7850.0,7850.0,7850.0,0,0.0,0.0
2024-07-04 14:11:00+09:00,7840.0,7840.0,7840.0,7840.0,9,0.0,0.0
2024-07-04 14:12:00+09:00,7840.0,7840.0,7840.0,7840.0,300,0.0,0.0
2024-07-04 14:13:00+09:00,7840.0,7840.0,7840.0,7840.0,0,0.0,0.0
2024-07-04 14:16:00+09:00,7830.0,7830.0,7820.0,7820.0,1559,0.0,0.0
2024-07-04 14:17:00+09:00,7810.0,7810.0,7810.0,7810.0,0,0.0,0.0
2024-07-04 14:18:00+09:00,7810.0,7810.0,7810.0,7810.0,21,0.0,0.0
2024-07-04 14:19:00+09:00,7820.0,7820.0,7820.0,7820.0,581,0.0,0.0
2024-07-04 14:20:00+09:00,7820.0,7830.0,7820.0,7830.0,699,0.0,0.0
2024-07-04 14:21:00+09:00,7830.0,7830.0,7830.0,7830.0,0,0.0,0.0
2024-07-04 14:24:00+09:00,7820.0,7820.0,7820.0,7820.0,2,0.0,0.0
2024-07-04 14:25:00+09:00,7820.0,7830.0,7820.0,7830.0,154,0.0,0.0
2024-07-04 14:26:00+09:00,7830.0,7830.0,7830.0,7830.0,1315,0.0,0.0
2024-07-04 14:27:00+09:00,7830.0,7830.0,7830.0,7830.0,0,0.0,0.0
2024-07-04 14:30:00+09:00,7830.0,7830.0,7830.0,7830.0,0,0.0,0.0
2024-07-04 14:32:00+09:00,7830.0,7830.0,7830.0,7830.0,114,0.0,0.0
2024-07-04 14:38:00+09:00,7820.0,7820.0,7820.0,7820.0,0,0.0,0.0
2024-07-04 14:39:00+09:00,7820.0,7820.0,7820.0,7820.0,17,0.0,0.0
2024-07-04 14:44:00+09:00,7810.0,7810.0,7810.0,7810.0,250,0.0,0.0
2024-07-04 14:45:00+09:00,7810.0,7810.0,7800.0,7800.0,1453,0.0,0.0
2024-07-04 14:47:00+09:00,7800.0,7800.0,7800.0,7800.0,0,0.0,0.0
2024-07-04 14:48:00+09:00,7800.0,7800.0,7800.0,7800.0,12,0.0,0.0
2024-07-04 14:56:00+09:00,7800.0,7810.0,7800.0,7810.0,363,0.0,0.0
2024-07-04 14:57:00+09:00,7810.0,7810.0,7810.0,7810.0,0,0.0,0.0
2024-07-05 09:00:00+09:00,7750.0,7850.0,7750.0,7850.0,5051,0.0,0.0
2024-07-05 09:01:00+09:00,7840.0,7840.0,7840.0,7840.0,0,0.0,0.0
2024-07-05 09:02:00+09:00,7840.0,7840.0,7830.0,7840.0,200,0.0,0.0
2024-07-05 09:03:00+09:00,7830.0,7830.0,7830.0,7830.0,10,0.0,0.0
2024-07-05 09:04:00+09:00,7830.0,7830.0,7810.0,7810.0,8,0.0,0.0
2024-07-05 09:06:00+09:00,7800.0,7800.0,7760.0,7760.0,482,0.0,0.0
2024-07-05 09:12:00+09:00,7780.0,7800.0,7780.0,7780.0,321,0.0,0.0
2024-07-05 09:13:00+09:00,7780.0,7780.0,7770.0,7770.0,104,0.0,0.0
2024-07-05 09:14:00+09:00,7800.0,7800.0,7800.0,7800.0,0,0.0,0.0
2024-07-05 09:15:00+09:00,7800.0,7800.0,7800.0,7800.0,30,0.0,0.0
2024-07-05 09:16:00+09:00,7800.0,7800.0,7800.0,7800.0,116,0.0,0.0
2024-07-05 09:17:00+09:00,7800.0,7810.0,7780.0,7800.0,378,0.0,0.0
2024-07-05 09:20:00+09:00,7810.0,7810.0,7810.0,7810.0,128,0.0,0.0
2024-07-05 09:21:00+09:00,7800.0,7800.0,7790.0,7790.0,1431,0.0,0.0
2024-07-05 09:22:00+09:00,7800.0,7800.0,7800.0,7800.0,0,0.0,0.0
2024-07-05 09:23:00+09:00,7820.0,7820.0,7820.0,7820.0,0,0.0,0.0
2024-07-05 09:25:00+09:00,7820.0,7820.0,7820.0,7820.0,100,0.0,0.0
2024-07-05 09:26:00+09:00,7810.0,7810.0,7810.0,7810.0,0,0.0,0.0
2024-07-05 09:27:00+09:00,7810.0,7810.0,7810.0,7810.0,37,0.0,0.0
2024-07-05 09:28:00+09:00,7810.0,7810.0,7810.0,7810.0,67,0.0,0.0
2024-07-05 09:30:00+09:00,7820.0,7820.0,7820.0,7820.0,34,0.0,0.0
2024-07-05 09:32:00+09:00,7800.0,7800.0,7800.0,7800.0,50,0.0,0.0
2024-07-05 09:34:00+09:00,7800.0,7800.0,7780.0,7780.0,581,0.0,0.0
2024-07-05 09:35:00+09:00,7770.0,7790.0,7770.0,7790.0,920,0.0,0.0
2024-07-05 09:36:00+09:00,7780.0,7780.0,7780.0,7780.0,459,0.0,0.0
2024-07-05 09:37:00+09:00,7780.0,7780.0,7780.0,7780.0,0,0.0,0.0
2024-07-05 09:38:00+09:00,7790.0,7800.0,7780.0,7790.0,419,0.0,0.0
2024-07-05 09:40:00+09:00,7790.0,7800.0,7790.0,7800.0,40,0.0,0.0
2024-07-05 09:41:00+09:00,7800.0,7800.0,7790.0,7800.0,58,0.0,0.0
2024-07-05 09:42:00+09:00,7800.0,7800.0,7800.0,7800.0,4,0.0,0.0
2024-07-05 09:43:00+09:00,7800.0,7800.0,7800.0,7800.0,8,0.0,0.0
2024-07-05 09:45:00+09:00,7800.0,7800.0,7800.0,7800.0,10,0.0,0.0
2024-07-05 09:46:00+09:00,7800.0,7800.0,7800.0,7800.0,0,0.0,0.0
2024-07-05 09:47:00+09:00,7800.0,7800.0,7800.0,7800.0,3,0.0,0.0
2024-07-05 09:48:00+09:00,7790.0,7790.0,7790.0,7790.0,78,0.0,0.0
2024-07-05 09:49:00+09:00,7790.0,7790.0,7790.0,7790.0,0,0.0,0.0
2024-07-05 09:50:00+09:00,7800.0,7800.0,7800.0,7800.0,2,0.0,0.0
2024-07-05 09:51:00+09:00,7800.0,7800.0,7800.0,7800.0,201,0.0,0.0
2024-07-05 09:52:00+09:00,7790.0,7790.0,7790.0,7790.0,230,0.0,0.0
2024-07-05 09:53:00+09:00,7790.0,7790.0,7790.0,7790.0,368,0.0,0.0
2024-07-05 09:54:00+09:00,7800.0,7800.0,7800.0,7800.0,0,0.0,0.0
2024-07-05 09:55:00+09:00,7800.0,7800.0,7800.0,7800.0,0,0.0,0.0
2024-07-05 09:56:00+09:00,7800.0,7800.0,7800.0,7800.0,11081,0.0,0.0
2024-07-05 09:57:00+09:00,7800.0,7800.0,7800.0,7800.0,384,0.0,0.0
2024-07-05 09:59:00+09:00,7810.0,7810.0,7810.0,7810.0,0,0.0,0.0
2024-07-05 10:00:00+09:00,7810.0,7810.0,7780.0,7810.0,159,0.0,0.0
2024-07-05 10:01:00+09:00,7810.0,7810.0,7780.0,7810.0,69,0.0,0.0
2024-07-05 10:02:00+09:00,7810.0,7810.0,7810.0,7810.0,12,0.0,0.0
2024-07-05 10:03:00+09:00,7810.0,7810.0,7810.0,7810.0,3,0.0,0.0
2024-07-05 10:04:00+09:00,7810.0,7810.0,7810.0,7810.0,104,0.0,0.0
2024-07-05 10:05:00+09:00,7790.0,7810.0,7790.0,7810.0,0,0.0,0.0
2024-07-05 10:06:00+09:00,7810.0,7810.0,7810.0,7810.0,7,0.0,0.0
2024-07-05 10:07:00+09:00,7780.0,7780.0,7780.0,7780.0,10,0.0,0.0
2024-07-05 10:08:00+09:00,7790.0,7790.0,7790.0,7790.0,0,0.0,0.0
2024-07-05 10:10:00+09:00,7780.0,7780.0,7780.0,7780.0,291,0.0,0.0
2024-07-05 10:12:00+09:00,7780.0,7780.0,7780.0,7780.0,0,0.0,0.0
2024-07-05 10:14:00+09:00,7780.0,7780.0,7780.0,7780.0,1761,0.0,0.0
2024-07-05 10:15:00+09:00,7780.0,7780.0,7780.0,7780.0,32,0.0,0.0
2024-07-05 10:17:00+09:00,7780.0,7780.0,7780.0,7780.0,199,0.0,0.0
2024-07-05 10:20:00+09:00,7780.0,7780.0,7760.0,7760.0,1977,0.0,0.0
2024-07-05 10:21:00+09:00,7780.0,7780.0,7780.0,7780.0,0,0.0,0.0
2024-07-05 10:22:00+09:00,7760.0,7780.0,7760.0,7780.0,285,0.0,0.0
2024-07-05 10:24:00+09:00,7760.0,7760.0,7760.0,7760.0,1263,0.0,0.0
2024-07-05 10:34:00+09:00,7770.0,7770.0,7770.0,7770.0,0,0.0,0.0
2024-07-05 10:38:00+09:00,7770.0,7770.0,7770.0,7770.0,0,0.0,0.0
2024-07-05 10:39:00+09:00,7770.0,7770.0,7770.0,7770.0,0,0.0,0.0
2024-07-05 10:41:00+09:00,7770.0,7770.0,7770.0,7770.0,293,0.0,0.0
2024-07-05 10:42:00+09:00,7770.0,7770.0,7770.0,7770.0,76,0.0,0.0
2024-07-05 10:45:00+09:00,7780.0,7780.0,7780.0,7780.0,0,0.0,0.0
2024-07-05 10:46:00+09:00,7780.0,7780.0,7780.0,7780.0,2,0.0,0.0
2024-07-05 10:49:00+09:00,7780.0,7780.0,7780.0,7780.0,0,0.0,0.0
2024-07-05 10:52:00+09:00,7780.0,7780.0,7780.0,7780.0,113,0.0,0.0
2024-07-05 10:54:00+09:00,7770.0,7770.0,7760.0,7760.0,2278,0.0,0.0
2024-07-05 10:55:00+09:00,7770.0,7770.0,7770.0,7770.0,0,0.0,0.0
2024-07-05 10:56:00+09:00,7770.0,7770.0,7770.0,7770.0,93,0.0,0.0
2024-07-05 10:57:00+09:00,7770.0,7770.0,7770.0,7770.0,381,0.0,0.0
2024-07-05 10:58:00+09:00,7770.0,7770.0,7770.0,7770.0,101,0.0,0.0
2024-07-05 10:59:00+09:00,7770.0,7770.0,7770.0,7770.0,514,0.0,0.0
2024-07-05 11:00:00+09:00,7770.0,7770.0,7770.0,7770.0,0,0.0,0.0
2024-07-05 11:01:00+09:00,7780.0,7780.0,7770.0,7770.0,0,0.0,0.0
2024-07-05 11:03:00+09:00,7760.0,7760.0,7760.0,7760.0,99,0.0,0.0
2024-07-05 11:05:00+09:00,7760.0,7760.0,7760.0,7760.0,1400,0.0,0.0
2024-07-05 11:06:00+09:00,7760.0,7760.0,7760.0,7760.0,0,0.0,0.0
2024-07-05 11:09:00+09:00,7770.0,7770.0,7770.0,7770.0,24,0.0,0.0
2024-07-05 11:12:00+09:00,7770.0,7770.0,7770.0,7770.0,0,0.0,0.0
2024-07-05 11:13:00+09:00,7770.0,7770.0,7770.0,7770.0,49,0.0,0.0
2024-07-05 11:14:00+09:00,7770.0,7770.0,7770.0,7770.0,75,0.0,0.0
2024-07-05 11:15:00+09:00,7770.0,7770.0,7770.0,7770.0,0,0.0,0.0
2024-07-05 11:16:00+09:00,7770.0,7770.0,7770.0,7770.0,73,0.0,0.0
2024-07-05 11:19:00+09:00,7780.0,7780.0,7780.0,7780.0,0,0.0,0.0
2024-07-05 11:21:00+09:00,7780.0,7780.0,7780.0,7780.0,111,0.0,0.0
2024-07-05 11:28:00+09:00,7770.0,7770.0,7770.0,7770.0,81,0.0,0.0
2024-07-05 11:29:00+09:00,7770.0,7770.0,7760.0,7760.0,187,0.0,0.0
2024-07-05 11:37:00+09:00,7760.0,7760.0,7760.0,7760.0,2,0.0,0.0
2024-07-05 11:41:00+09:00,7780.0,7780.0,7770.0,7770.0,201,0.0,0.0
2024-07-05 11:42:00+09:00,7770.0,7770.0,7770.0,7770.0,0,0.0,0.0
2024-07-05 11:43:00+09:00,7770.0,7770.0,7770.0,7770.0,0,0.0,0.0
2024-07-05 11:44:00+09:00,7770.0,7770.0,7760.0,7760.0,6,0.0,0.0
2024-07-05 11:45:00+09:00,7760.0,7760.0,7760.0,7760.0,1727,0.0,0.0
2024-07-05 11:47:00+09:00,7760.0,7770.0,7760.0,7770.0,0,0.0,0.0
2024-07-05 11:50:00+09:00,7760.0,7760.0,7760.0,7760.0,200,0.0,0.0
2024-07-05 11:52:00+09:00,7760.0,7760.0,7760.0,7760.0,29,0.0,0.0
2024-07-05 11:53:00+09:00,7770.0,7770.0,7770.0,7770.0,256,0.0,0.0
2024-07-05 11:54:00+09:00,7770.0,7800.0,7760.0,7760.0,645,0.0,0.0
2024-07-05 11:57:00+09:00,7760.0,7760.0,7750.0,7760.0,1931,0.0,0.0
2024-07-05 11:58:00+09:00,7760.0,7760.0,7760.0,7760.0,0,0.0,0.0
2024-07-05 11:59:00+09:00,7760.0,7760.0,7760.0,7760.0,936,0.0,0.0
2024-07-05 12:01:00+09:00,7760.0,7760.0,7760.0,7760.0,0,0.0,0.0
2024-07-05 12:03:00+09:00,7760.0,7760.0,7760.0,7760.0,0,0.0,0.0
2024-07-05 12:07:00+09:00,7750.0,7750.0,7750.0,7750.0,642,0.0,0.0
2024-07-05 12:08:00+09:00,7760.0,7760.0,7760.0,7760.0,2,0.0,0.0
2024-07-05 12:09:00+09:00,7760.0,7760.0,7760.0,7760.0,249,0.0,0.0
2024-07-05 12:10:00+09:00,7760.0,7760.0,7760.0,7760.0,0,0.0,0.0
2024-07-05 12:11:00+09:00,7760.0,7760.0,7760.0,7760.0,20,0.0,0.0
2024-07-05 12:12:00+09:00,7750.0,7760.0,7740.0,7760.0,2933,0.0,0.0
2024-07-05 12:14:00+09:00,7740.0,7750.0,7740.0,7740.0,80,0.0,0.0
2024-07-05 12:16:00+09:00,7750.0,7750.0,7750.0,7750.0,0,0.0,0.0
2024-07-05 12:17:00+09:00,7760.0,7760.0,7760.0,7760.0,59,0.0,0.0
2024-07-05 12:18:00+09:00,7750.0,7760.0,7750.0,7760.0,0,0.0,0.0
2024-07-05 12:20:00+09:00,7750.0,7750.0,7750.0,7750.0,69,0.0,0.0
2024-07-05 12:23:00+09:00,7750.0,7750.0,7750.0,7750.0,2,0.0,0.0
2024-07-05 12:25:00+09:00,7750.0,7760.0,7750.0,7760.0,1004,0.0,0.0
2024-07-05 12:27:00+09:00,7760.0,7760.0,7760.0,7760.0,0,0.0,0.0
2024-07-05 12:29:00+09:00,7750.0,7750.0,7750.0,7750.0,117,0.0,0.0
2024-07-05 12:30:00+09:00,7760.0,7760.0,7760.0,7760.0,0,0.0,0.0
2024-07-05 12:36:00+09:00,7760.0,7760.0,7760.0,7760.0,129,0.0,0.0
2024-07-05 12:40:00+09:00,7760.0,7760.0,7760.0,7760.0,760,0.0,0.0
2024-07-05 12:41:00+09:00,7760.0,7760.0,7760.0,7760.0,155,0.0,0.0
2024-07-05 12:42:00+09:00,7760.0,7760.0,7760.0,7760.0,1102,0.0,0.0
2024-07-05 12:46:00+09:00,7760.0,7760.0,7760.0,7760.0,0,0.0,0.0
2024-07-05 12:47:00+09:00,7780.0,7780.0,7780.0,7780.0,14,0.0,0.0
2024-07-05 12:49:00+09:00,7750.0,7750.0,7750.0,7750.0,133,0.0,0.0
2024-07-05 12:52:00+09:00,7750.0,7750.0,7750.0,7750.0,954,0.0,0.0
2024-07-05 12:53:00+09:00,7750.0,7750.0,7750.0,7750.0,200,0.0,0.0
2024-07-05 12:56:00+09:00,7740.0,7750.0,7740.0,7750.0,70,0.0,0.0
2024-07-05 12:57:00+09:00,7750.0,7750.0,7750.0,7750.0,475,0.0,0.0
2024-07-05 12:58:00+09:00,7750.0,7750.0,7750.0,7750.0,40,0.0,0.0
2024-07-05 13:01:00+09:00,7750.0,7750.0,7740.0,7740.0,1181,0.0,0.0
2024-07-05 13:02:00+09:00,7740.0,7740.0,7740.0,7740.0,0,0.0,0.0
2024-07-05 13:03:00+09:00,7760.0,7760.0,7760.0,7760.0,9,0.0,0.0
2024-07-05 13:04:00+09:00,7750.0,7750.0,7740.0,7740.0,2228,0.0,0.0
2024-07-05 13:05:00+09:00,7740.0,7740.0,7740.0,7740.0,117,0.0,0.0
2024-07-05 13:06:00+09:00,7730.0,7730.0,7730.0,7730.0,488,0.0,0.0
2024-07-05 13:07:00+09:00,7730.0,7730.0,7730.0,7730.0,0,0.0,0.0
2024-07-05 13:10:00+09:00,7750.0,7750.0,7740.0,7740.0,51,0.0,0.0
2024-07-05 13:13:00+09:00,7730.0,7730.0,7720.0,7720.0,3807,0.0,0.0
2024-07-05 13:14:00+09:00,7720.0,7720.0,7720.0,7720.0,25,0.0,0.0
2024-07-05 13:15:00+09:00,7720.0,7720.0,7720.0,7720.0,304,0.0,0.0
2024-07-05 13:17:00+09:00,7720.0,7730.0,7720.0,7730.0,151,0.0,0.0
2024-07-05 13:18:00+09:00,7730.0,7730.0,7730.0,7730.0,26,0.0,0.0
2024-07-05 13:19:00+09:00,7730.0,7730.0,7730.0,7730.0,390,0.0,0.0
2024-07-05 13:21:00+09:00,7740.0,7740.0,7740.0,7740.0,24,0.0,0.0
2024-07-05 13:22:00+09:00,7730.0,7730.0,7730.0,7730.0,39,0.0,0.0
2024-07-05 13:23:00+09:00,7720.0,7720.0,7720.0,7720.0,3276,0.0,0.0
2024-07-05 13:24:00+09:00,7710.0,7710.0,7710.0,7710.0,0,0.0,0.0
2024-07-05 13:25:00+09:00,7720.0,7720.0,7720.0,7720.0,8,0.0,0.0
2024-07-05 13:26:00+09:00,7710.0,7720.0,7710.0,7720.0,154,0.0,0.0
2024-07-05 13:27:00+09:00,7720.0,7720.0,7710.0,7710.0,42,0.0,0.0
2024-07-05 13:28:00+09:00,7710.0,7710.0,7710.0,7710.0,602,0.0,0.0
2024-07-05 13:29:00+09:00,7720.0,7720.0,7720.0,7720.0,0,0.0,0.0
2024-07-05 13:30:00+09:00,7720.0,7720.0,7720.0,7720.0,100,0.0,0.0
2024-07-05 13:31:00+09:00,7710.0,7710.0,7710.0,7710.0,251,0.0,0.0
2024-07-05 13:32:00+09:00,7720.0,7720.0,7720.0,7720.0,0,0.0,0.0
2024-07-05 13:34:00+09:00,7720.0,7720.0,7720.0,7720.0,29,0.0,0.0
2024-07-05 13:35:00+09:00,7720.0,7720.0,7720.0,7720.0,100,0.0,0.0
2024-07-05 13:36:00+09:00,7720.0,7730.0,7720.0,7730.0,46,0.0,0.0
2024-07-05 13:40:00+09:00,7730.0,7730.0,7720.0,7720.0,16,0.0,0.0
2024-07-05 13:45:00+09:00,7720.0,7720.0,7690.0,7690.0,4952,0.0,0.0
2024-07-05 13:46:00+09:00,7680.0,7680.0,7680.0,7680.0,217,0.0,0.0
2024-07-05 13:47:00+09:00,7680.0,7680.0,7680.0,7680.0,0,0.0,0.0
2024-07-05 13:48:00+09:00,7690.0,7690.0,7690.0,7690.0,0,0.0,0.0
2024-07-05 13:49:00+09:00,7690.0,7690.0,7690.0,7690.0,99,0.0,0.0
2024-07-05 13:50:00+09:00,7700.0,7700.0,7700.0,7700.0,395,0.0,0.0
2024-07-05 13:53:00+09:00,7700.0,7700.0,7700.0,7700.0,1948,0.0,0.0
2024-07-05 13:55:00+09:00,7700.0,7710.0,7700.0,7710.0,0,0.0,0.0
2024-07-05 13:56:00+09:00,7700.0,7700.0,7700.0,7700.0,2142,0.0,0.0
2024-07-05 13:59:00+09:00,7700.0,7700.0,7700.0,7700.0,277,0.0,0.0
2024-07-05 14:00:00+09:00,7700.0,7700.0,7700.0,7700.0,0,0.0,0.0
2024-07-05 14:01:00+09:00,7690.0,7690.0,7690.0,7690.0,157,0.0,0.0
2024-07-05 14:04:00+09:00,7690.0,7690.0,7680.0,7680.0,639,0.0,0.0
2024-07-05 14:05:00+09:00,7670.0,7670.0,7670.0,7670.0,3000,0.0,0.0
2024-07-05 14:06:00+09:00,7670.0,7670.0,7670.0,7670.0,0,0.0,0.0
2024-07-05 14:08:00+09:00,7680.0,7680.0,7670.0,7670.0,657,0.0,0.0
2024-07-05 14:09:00+09:00,7670.0,7670.0,7670.0,7670.0,0,0.0,0.0
2024-07-05 14:10:00+09:00,7670.0,7670.0,7670.0,7670.0,475,0.0,0.0
2024-07-05 14:11:00+09:00,7680.0,7680.0,7680.0,7680.0,0,0.0,0.0
2024-07-05 14:12:00+09:00,7680.0,7680.0,7680.0,7680.0,19,0.0,0.0
2024-07-05 14:13:00+09:00,7680.0,7680.0,7680.0,7680.0,1,0.0,0.0
2024-07-05 14:14:00+09:00,7680.0,7680.0,7680.0,7680.0,19,0.0,0.0
2024-07-05 14:16:00+09:00,7680.0,7680.0,7680.0,7680.0,0,0.0,0.0
2024-07-05 14:18:00+09:00,7670.0,7680.0,7670.0,7680.0,150,0.0,0.0
2024-07-05 14:19:00+09:00,7680.0,7680.0,7670.0,7670.0,183,0.0,0.0
2024-07-05 14:20:00+09:00,7680.0,7680.0,7680.0,7680.0,8,0.0,0.0
2024-07-05 14:21:00+09:00,7680.0,7700.0,7670.0,7670.0,1588,0.0,0.0
2024-07-05 14:22:00+09:00,7690.0,7690.0,7690.0,7690.0,0,0.0,0.0
2024-07-05 14:23:00+09:00,7680.0,7680.0,7680.0,7680.0,9,0.0,0.0
2024-07-05 14:24:00+09:00,7680.0,7680.0,7670.0,7670.0,897,0.0,0.0
2024-07-05 14:25:00+09:00,7680.0,7680.0,7660.0,7670.0,1012,0.0,0.0
2024-07-05 14:26:00+09:00,7670.0,7740.0,7670.0,7740.0,5046,0.0,0.0
2024-07-05 14:27:00+09:00,7740.0,7740.0,7740.0,7740.0,0,0.0,0.0
2024-07-05 14:28:00+09:00,7740.0,7740.0,7730.0,7730.0,262,0.0,0.0
2024-07-05 14:29:00+09:00,7730.0,7780.0,7700.0,7700.0,530,0.0,0.0
2024-07-05 14:30:00+09:00,7700.0,7700.0,7680.0,7680.0,958,0.0,0.0
2024-07-05 14:31:00+09:00,7690.0,7760.0,7690.0,7760.0,0,0.0,0.0
2024-07-05 14:32:00+09:00,7750.0,7750.0,7710.0,7710.0,439,0.0,0.0
2024-07-05 14:33:00+09:00,7710.0,7710.0,7660.0,7660.0,4342,0.0,0.0
2024-07-05 14:34:00+09:00,7680.0,7680.0,7680.0,7680.0,0,0.0,0.0
2024-07-05 14:36:00+09:00,7690.0,7690.0,7690.0,7690.0,61,0.0,0.0
2024-07-05 14:37:00+09:00,7690.0,7690.0,7690.0,7690.0,57,0.0,0.0
2024-07-05 14:38:00+09:00,7680.0,7680.0,7660.0,7680.0,3305,0.0,0.0
2024-07-05 14:39:00+09:00,7700.0,7700.0,7660.0,7660.0,1110,0.0,0.0
2024-07-05 14:40:00+09:00,7660.0,7660.0,7660.0,7660.0,26,0.0,0.0
2024-07-05 14:41:00+09:00,7660.0,7660.0,7660.0,7660.0,0,0.0,0.0
2024-07-05 14:44:00+09:00,7670.0,7670.0,7670.0,7670.0,8,0.0,0.0
2024-07-05 14:45:00+09:00,7700.0,7770.0,7700.0,7760.0,244,0.0,0.0
2024-07-05 14:46:00+09:00,7750.0,7750.0,7750.0,7750.0,16,0.0,0.0
2024-07-05 14:47:00+09:00,7720.0,7720.0,7710.0,7710.0,78,0.0,0.0
2024-07-05 14:51:00+09:00,7720.0,7720.0,7720.0,7720.0,629,0.0,0.0
2024-07-05 14:52:00+09:00,7710.0,7710.0,7710.0,7710.0,56,0.0,0.0
2024-07-05 14:55:00+09:00,7710.0,7710.0,7700.0,7700.0,345,0.0,0.0
2024-07-05 14:56:00+09:00,7700.0,7700.0,7700.0,7700.0,0,0.0,0.0
2024-07-05 14:57:00+09:00,7700.0,7700.0,7670.0,7670.0,3431,0.0,0.0
2024-07-05 14:58:00+09:00,7690.0,7690.0,7690.0,7690.0,567,0.0,0.0
2024-07-05 14:59:00+09:00,7700.0,7770.0,7700.0,7730.0,763,0.0,0.0
