Datetime,Open,High,Low,Close,Volume,Dividends,Stock Splits
2024-07-01 09:00:00+09:00,2595.0,2595.0,2535.0,2535.0,0,0.0,0.0
2024-07-01 09:01:00+09:00,2535.0,2550.0,2530.0,2540.0,23929,0.0,0.0
2024-07-01 09:02:00+09:00,2545.0,2565.0,2545.0,2555.0,7804,0.0,0.0
2024-07-01 09:03:00+09:00,2555.0,2555.0,2535.0,2545.0,21046,0.0,0.0
2024-07-01 09:04:00+09:00,2545.0,2555.0,2545.0,2555.0,2585,0.0,0.0
2024-07-01 09:05:00+09:00,2560.0,2575.0,2560.0,2575.0,2356,0.0,0.0
2024-07-01 09:06:00+09:00,2575.0,2590.0,2575.0,2585.0,2616,0.0,0.0
2024-07-01 09:07:00+09:00,2590.0,2590.0,2580.0,2590.0,1049,0.0,0.0
2024-07-01 09:08:00+09:00,2590.0,2605.0,2590.0,2605.0,3411,0.0,0.0
2024-07-01 09:09:00+09:00,2605.0,2610.0,2600.0,2610.0,11079,0.0,0.0
2024-07-01 09:10:00+09:00,2605.0,2610.0,2600.0,2610.0,4621,0.0,0.0
2024-07-01 09:11:00+09:00,2605.0,2610.0,2600.0,2600.0,6973,0.0,0.0
2024-07-01 09:12:00+09:00,2600.0,2600.0,2600.0,2600.0,520,0.0,0.0
2024-07-01 09:13:00+09:00,2600.0,2615.0,2600.0,2615.0,1595,0.0,0.0
2024-07-01 09:14:00+09:00,2615.0,2615.0,2610.0,2615.0,1785,0.0,0.0
2024-07-01 09:15:00+09:00,2615.0,2615.0,2590.0,2605.0,16366,0.0,0.0
2024-07-01 09:16:00+09:00,2600.0,2600.0,2585.0,2585.0,495,0.0,0.0
2024-07-01 09:17:00+09:00,2585.0,2590.0,2585.0,2590.0,4275,0.0,0.0
2024-07-01 09:18:00+09:00,2595.0,2595.0,2560.0,2590.0,21705,0.0,0.0
2024-07-01 09:19:00+09:00,2580.0,2580.0,2565.0,2565.0,472,0.0,0.0
2024-07-01 09:20:00+09:00,2570.0,2570.0,2570.0,2570.0,133,0.0,0.0
2024-07-01 09:21:00+09:00,2570.0,2570.0,2565.0,2570.0,4038,0.0,0.0
2024-07-01 09:22:00+09:00,2565.0,2565.0,2560.0,2565.0,4354,0.0,0.0
2024-07-01 09:23:00+09:00,2565.0,2565.0,2560.0,2560.0,2224,0.0,0.0
2024-07-01 09:24:00+09:00,2570.0,2570.0,2560.0,2560.0,645,0.0,0.0
2024-07-01 09:25:00+09:00,2560.0,2560.0,2560.0,2560.0,2580,0.0,0.0
2024-07-01 09:26:00+09:00,2560.0,2560.0,2545.0,2550.0,7642,0.0,0.0
2024-07-01 09:27:00+09:00,2545.0,2545.0,2515.0,2520.0,37082,0.0,0.0
2024-07-01 09:28:00+09:00,2525.0,2535.0,2520.0,2525.0,48298,0.0,0.0
2024-07-01 09:29:00+09:00,2525.0,2525.0,2515.0,2515.0,9619,0.0,0.0
2024-07-01 09:30:00+09:00,2515.0,2515.0,2505.0,2510.0,5384,0.0,0.0
2024-07-01 09:31:00+09:00,2510.0,2515.0,2505.0,2515.0,4015,0.0,0.0
2024-07-01 09:32:00+09:00,2515.0,2515.0,2505.0,2510.0,6349,0.0,0.0
2024-07-01 09:33:00+09:00,2510.0,2510.0,2505.0,2505.0,3534,0.0,0.0
2024-07-01 09:34:00+09:00,2510.0,2510.0,2490.0,2495.0,16791,0.0,0.0
2024-07-01 09:35:00+09:00,2495.0,2540.0,2450.0,2510.0,69698,0.0,0.0
2024-07-01 09:36:00+09:00,2505.0,2540.0,2495.0,2535.0,7318,0.0,0.0
2024-07-01 09:37:00+09:00,2535.0,2535.0,2505.0,2505.0,1742,0.0,0.0
2024-07-01 09:38:00+09:00,2505.0,2525.0,2490.0,2525.0,16109,0.0,0.0
2024-07-01 09:39:00+09:00,2525.0,2525.0,2500.0,2505.0,17687,0.0,0.0
2024-07-01 09:40:00+09:00,2495.0,2495.0,2470.0,2490.0,8994,0.0,0.0
2024-07-01 09:41:00+09:00,2490.0,2500.0,2490.0,2500.0,4620,0.0,0.0
2024-07-01 09:42:00+09:00,2500.0,2505.0,2495.0,2505.0,2725,0.0,0.0
2024-07-01 09:43:00+09:00,2505.0,2505.0,2500.0,2505.0,1065,0.0,0.0
2024-07-01 09:44:00+09:00,2505.0,2505.0,2500.0,2500.0,2598,0.0,0.0
2024-07-01 09:45:00+09:00,2500.0,2500.0,2495.0,2495.0,2348,0.0,0.0
2024-07-01 09:46:00+09:00,2495.0,2500.0,2495.0,2500.0,0,0.0,0.0
2024-07-01 09:47:00+09:00,2500.0,2500.0,2495.0,2495.0,920,0.0,0.0
2024-07-01 09:48:00+09:00,2500.0,2500.0,2500.0,2500.0,622,0.0,0.0
2024-07-01 09:49:00+09:00,2500.0,2505.0,2500.0,2505.0,4743,0.0,0.0
2024-07-01 09:50:00+09:00,2505.0,2505.0,2505.0,2505.0,3444,0.0,0.0
2024-07-01 09:51:00+09:00,2505.0,2515.0,2505.0,2515.0,1396,0.0,0.0
2024-07-01 09:52:00+09:00,2515.0,2525.0,2500.0,2510.0,4680,0.0,0.0
2024-07-01 09:53:00+09:00,2500.0,2500.0,2500.0,2500.0,1899,0.0,0.0
2024-07-01 09:54:00+09:00,2500.0,2510.0,2500.0,2510.0,1194,0.0,0.0
2024-07-01 09:55:00+09:00,2515.0,2520.0,2515.0,2520.0,545,0.0,0.0
2024-07-01 09:56:00+09:00,2515.0,2525.0,2515.0,2525.0,0,0.0,0.0
2024-07-01 09:57:00+09:00,2525.0,2535.0,2525.0,2535.0,2194,0.0,0.0
2024-07-01 09:58:00+09:00,2540.0,2545.0,2535.0,2540.0,7520,0.0,0.0
2024-07-01 09:59:00+09:00,2540.0,2545.0,2535.0,2545.0,3216,0.0,0.0
2024-07-01 10:00:00+09:00,2545.0,2550.0,2545.0,2550.0,2245,0.0,0.0
2024-07-01 10:01:00+09:00,2550.0,2550.0,2545.0,2550.0,6025,0.0,0.0
2024-07-01 10:02:00+09:00,2550.0,2550.0,2540.0,2540.0,1246,0.0,0.0
2024-07-01 10:03:00+09:00,2545.0,2545.0,2535.0,2535.0,875,0.0,0.0
2024-07-01 10:04:00+09:00,2530.0,2540.0,2530.0,2540.0,4343,0.0,0.0
2024-07-01 10:05:00+09:00,2540.0,2540.0,2540.0,2540.0,0,0.0,0.0
2024-07-01 10:06:00+09:00,2545.0,2545.0,2545.0,2545.0,33,0.0,0.0
2024-07-01 10:07:00+09:00,2540.0,2540.0,2535.0,2540.0,2863,0.0,0.0
2024-07-01 10:08:00+09:00,2540.0,2550.0,2540.0,2550.0,8861,0.0,0.0
2024-07-01 10:09:00+09:00,2550.0,2550.0,2550.0,2550.0,0,0.0,0.0
2024-07-01 10:10:00+09:00,2555.0,2560.0,2555.0,2560.0,21020,0.0,0.0
2024-07-01 10:11:00+09:00,2560.0,2560.0,2560.0,2560.0,0,0.0,0.0
2024-07-01 10:12:00+09:00,2560.0,2560.0,2560.0,2560.0,200,0.0,0.0
2024-07-01 10:13:00+09:00,2560.0,2560.0,2555.0,2555.0,27,0.0,0.0
2024-07-01 10:14:00+09:00,2560.0,2560.0,2555.0,2560.0,561,0.0,0.0
2024-07-01 10:15:00+09:00,2560.0,2575.0,2560.0,2575.0,2600,0.0,0.0
2024-07-01 10:16:00+09:00,2575.0,2575.0,2575.0,2575.0,208,0.0,0.0
2024-07-01 10:17:00+09:00,2575.0,2575.0,2575.0,2575.0,0,0.0,0.0
2024-07-01 10:18:00+09:00,2570.0,2570.0,2565.0,2570.0,191,0.0,0.0
2024-07-01 10:19:00+09:00,2570.0,2575.0,2570.0,2575.0,62,0.0,0.0
2024-07-01 10:20:00+09:00,2575.0,2575.0,2565.0,2565.0,5425,0.0,0.0
2024-07-01 10:21:00+09:00,2565.0,2565.0,2555.0,2555.0,2112,0.0,0.0
2024-07-01 10:22:00+09:00,2560.0,2560.0,2555.0,2555.0,3265,0.0,0.0
2024-07-01 10:23:00+09:00,2565.0,2575.0,2565.0,2575.0,4035,0.0,0.0
2024-07-01 10:24:00+09:00,2570.0,2570.0,2560.0,2560.0,4630,0.0,0.0
2024-07-01 10:25:00+09:00,2560.0,2570.0,2560.0,2570.0,519,0.0,0.0
2024-07-01 10:26:00+09:00,2570.0,2570.0,2570.0,2570.0,806,0.0,0.0
2024-07-01 10:27:00+09:00,2570.0,2570.0,2570.0,2570.0,466,0.0,0.0
2024-07-01 10:28:00+09:00,2570.0,2570.0,2565.0,2570.0,0,0.0,0.0
2024-07-01 10:29:00+09:00,2570.0,2570.0,2570.0,2570.0,1,0.0,0.0
2024-07-01 10:30:00+09:00,2570.0,2570.0,2570.0,2570.0,204,0.0,0.0
2024-07-01 10:31:00+09:00,2570.0,2570.0,2565.0,2565.0,2430,0.0,0.0
2024-07-01 10:32:00+09:00,2565.0,2565.0,2565.0,2565.0,0,0.0,0.0
2024-07-01 10:33:00+09:00,2565.0,2570.0,2565.0,2565.0,7,0.0,0.0
2024-07-01 10:34:00+09:00,2565.0,2565.0,2565.0,2565.0,0,0.0,0.0
2024-07-01 10:35:00+09:00,2565.0,2565.0,2565.0,2565.0,2466,0.0,0.0
2024-07-01 10:36:00+09:00,2565.0,2565.0,2565.0,2565.0,1368,0.0,0.0
2024-07-01 10:37:00+09:00,2570.0,2570.0,2565.0,2565.0,15,0.0,0.0
2024-07-01 10:38:00+09:00,2565.0,2565.0,2565.0,2565.0,129,0.0,0.0
2024-07-01 10:39:00+09:00,2565.0,2565.0,2565.0,2565.0,7,0.0,0.0
2024-07-01 10:40:00+09:00,2565.0,2565.0,2565.0,2565.0,719,0.0,0.0
2024-07-01 10:41:00+09:00,2570.0,2575.0,2565.0,2575.0,3773,0.0,0.0
2024-07-01 10:42:00+09:00,2570.0,2575.0,2565.0,2565.0,2774,0.0,0.0
2024-07-01 10:43:00+09:00,2565.0,2570.0,2565.0,2570.0,5755,0.0,0.0
2024-07-01 10:44:00+09:00,2570.0,2570.0,2570.0,2570.0,992,0.0,0.0
2024-07-01 10:45:00+09:00,2570.0,2570.0,2565.0,2565.0,1727,0.0,0.0
2024-07-01 10:47:00+09:00,2565.0,2565.0,2565.0,2565.0,1122,0.0,0.0
2024-07-01 10:48:00+09:00,2560.0,2560.0,2560.0,2560.0,907,0.0,0.0
2024-07-01 10:49:00+09:00,2565.0,2570.0,2560.0,2560.0,0,0.0,0.0
2024-07-01 10:50:00+09:00,2565.0,2570.0,2560.0,2560.0,89,0.0,0.0
2024-07-01 10:51:00+09:00,2560.0,2560.0,2555.0,2560.0,13056,0.0,0.0
2024-07-01 10:52:00+09:00,2560.0,2560.0,2560.0,2560.0,15,0.0,0.0
2024-07-01 10:53:00+09:00,2560.0,2565.0,2560.0,2565.0,1035,0.0,0.0
2024-07-01 10:54:00+09:00,2570.0,2575.0,2570.0,2575.0,117,0.0,0.0
2024-07-01 10:55:00+09:00,2570.0,2575.0,2560.0,2570.0,1013,0.0,0.0
2024-07-01 10:56:00+09:00,2565.0,2570.0,2565.0,2570.0,5,0.0,0.0
2024-07-01 10:58:00+09:00,2570.0,2570.0,2570.0,2570.0,603,0.0,0.0
2024-07-01 10:59:00+09:00,2570.0,2570.0,2570.0,2570.0,2942,0.0,0.0
2024-07-01 11:00:00+09:00,2570.0,2570.0,2565.0,2565.0,0,0.0,0.0
2024-07-01 11:01:00+09:00,2560.0,2560.0,2560.0,2560.0,3625,0.0,0.0
2024-07-01 11:02:00+09:00,2565.0,2570.0,2565.0,2570.0,2369,0.0,0.0
2024-07-01 11:03:00+09:00,2575.0,2575.0,2575.0,2575.0,87,0.0,0.0
2024-07-01 11:04:00+09:00,2575.0,2575.0,2575.0,2575.0,163,0.0,0.0
2024-07-01 11:06:00+09:00,2575.0,2575.0,2575.0,2575.0,99,0.0,0.0
2024-07-01 11:07:00+09:00,2580.0,2580.0,2580.0,2580.0,937,0.0,0.0
2024-07-01 11:08:00+09:00,2580.0,2580.0,2575.0,2575.0,572,0.0,0.0
2024-07-01 11:09:00+09:00,2575.0,2580.0,2575.0,2580.0,477,0.0,0.0
2024-07-01 11:10:00+09:00,2580.0,2580.0,2580.0,2580.0,647,0.0,0.0
2024-07-01 11:11:00+09:00,2580.0,2580.0,2580.0,2580.0,471,0.0,0.0
2024-07-01 11:12:00+09:00,2580.0,2580.0,2580.0,2580.0,0,0.0,0.0
2024-07-01 11:13:00+09:00,2580.0,2580.0,2580.0,2580.0,21,0.0,0.0
2024-07-01 11:14:00+09:00,2580.0,2580.0,2580.0,2580.0,353,0.0,0.0
2024-07-01 11:16:00+09:00,2575.0,2575.0,2575.0,2575.0,199,0.0,0.0
2024-07-01 11:17:00+09:00,2570.0,2570.0,2570.0,2570.0,17,0.0,0.0
2024-07-01 11:18:00+09:00,2570.0,2570.0,2570.0,2570.0,789,0.0,0.0
2024-07-01 11:19:00+09:00,2570.0,2570.0,2540.0,2540.0,27346,0.0,0.0
2024-07-01 11:20:00+09:00,2540.0,2540.0,2515.0,2515.0,31865,0.0,0.0
2024-07-01 11:21:00+09:00,2520.0,2520.0,2515.0,2515.0,441,0.0,0.0
2024-07-01 11:22:00+09:00,2515.0,2515.0,2515.0,2515.0,2650,0.0,0.0
2024-07-01 11:23:00+09:00,2520.0,2520.0,2515.0,2520.0,0,0.0,0.0
2024-07-01 11:24:00+09:00,2520.0,2535.0,2520.0,2535.0,11723,0.0,0.0
2024-07-01 11:25:00+09:00,2535.0,2535.0,2535.0,2535.0,0,0.0,0.0
2024-07-01 11:26:00+09:00,2540.0,2540.0,2540.0,2540.0,0,0.0,0.0
2024-07-01 11:27:00+09:00,2540.0,2540.0,2540.0,2540.0,1718,0.0,0.0
2024-07-01 11:28:00+09:00,2545.0,2550.0,2545.0,2550.0,3165,0.0,0.0
2024-07-01 11:29:00+09:00,2550.0,2550.0,2540.0,2540.0,949,0.0,0.0
2024-07-01 11:30:00+09:00,2550.0,2550.0,2550.0,2550.0,1200,0.0,0.0
2024-07-01 11:31:00+09:00,2545.0,2545.0,2530.0,2530.0,8224,0.0,0.0
2024-07-01 11:32:00+09:00,2535.0,2535.0,2535.0,2535.0,0,0.0,0.0
2024-07-01 11:33:00+09:00,2545.0,2550.0,2545.0,2550.0,7440,0.0,0.0
2024-07-01 11:35:00+09:00,2540.0,2540.0,2540.0,2540.0,0,0.0,0.0
2024-07-01 11:36:00+09:00,2540.0,2540.0,2540.0,2540.0,1500,0.0,0.0
2024-07-01 11:37:00+09:00,2540.0,2540.0,2540.0,2540.0,400,0.0,0.0
2024-07-01 11:38:00+09:00,2550.0,2550.0,2540.0,2550.0,1330,0.0,0.0
2024-07-01 11:40:00+09:00,2550.0,2550.0,2545.0,2545.0,832,0.0,0.0
2024-07-01 11:41:00+09:00,2545.0,2545.0,2545.0,2545.0,242,0.0,0.0
2024-07-01 11:42:00+09:00,2555.0,2555.0,2555.0,2555.0,0,0.0,0.0
2024-07-01 11:46:00+09:00,2545.0,2545.0,2540.0,2545.0,1147,0.0,0.0
2024-07-01 11:50:00+09:00,2545.0,2545.0,2545.0,2545.0,1382,0.0,0.0
2024-07-01 11:51:00+09:00,2545.0,2545.0,2545.0,2545.0,500,0.0,0.0
2024-07-01 11:52:00+09:00,2550.0,2550.0,2550.0,2550.0,742,0.0,0.0
2024-07-01 11:53:00+09:00,2550.0,2550.0,2550.0,2550.0,629,0.0,0.0
2024-07-01 11:54:00+09:00,2555.0,2565.0,2555.0,2565.0,25480,0.0,0.0
2024-07-01 11:56:00+09:00,2560.0,2560.0,2560.0,2560.0,190,0.0,0.0
2024-07-01 11:57:00+09:00,2555.0,2555.0,2555.0,2555.0,1402,0.0,0.0
2024-07-01 11:59:00+09:00,2555.0,2555.0,2555.0,2555.0,0,0.0,0.0
2024-07-01 12:01:00+09:00,2555.0,2555.0,2555.0,2555.0,90,0.0,0.0
2024-07-01 12:02:00+09:00,2555.0,2555.0,2555.0,2555.0,592,0.0,0.0
2024-07-01 12:03:00+09:00,2555.0,2555.0,2555.0,2555.0,607,0.0,0.0
2024-07-01 12:04:00+09:00,2555.0,2555.0,2555.0,2555.0,0,0.0,0.0
2024-07-01 12:06:00+09:00,2555.0,2555.0,2555.0,2555.0,1864,0.0,0.0
2024-07-01 12:09:00+09:00,2560.0,2560.0,2560.0,2560.0,1736,0.0,0.0
2024-07-01 12:10:00+09:00,2560.0,2560.0,2560.0,2560.0,0,0.0,0.0
2024-07-01 12:11:00+09:00,2565.0,2565.0,2565.0,2565.0,1797,0.0,0.0
2024-07-01 12:12:00+09:00,2565.0,2570.0,2565.0,2570.0,1776,0.0,0.0
2024-07-01 12:13:00+09:00,2570.0,2570.0,2570.0,2570.0,19,0.0,0.0
2024-07-01 12:14:00+09:00,2570.0,2570.0,2570.0,2570.0,10,0.0,0.0
2024-07-01 12:15:00+09:00,2570.0,2570.0,2570.0,2570.0,871,0.0,0.0
2024-07-01 12:16:00+09:00,2565.0,2565.0,2565.0,2565.0,0,0.0,0.0
2024-07-01 12:17:00+09:00,2565.0,2565.0,2565.0,2565.0,541,0.0,0.0
2024-07-01 12:18:00+09:00,2565.0,2565.0,2565.0,2565.0,209,0.0,0.0
2024-07-01 12:19:00+09:00,2565.0,2565.0,2560.0,2560.0,1237,0.0,0.0
2024-07-01 12:20:00+09:00,2565.0,2565.0,2565.0,2565.0,500,0.0,0.0
2024-07-01 12:22:00+09:00,2565.0,2565.0,2565.0,2565.0,99,0.0,0.0
2024-07-01 12:23:00+09:00,2565.0,2565.0,2565.0,2565.0,784,0.0,0.0
2024-07-01 12:27:00+09:00,2570.0,2570.0,2565.0,2565.0,1573,0.0,0.0
2024-07-01 12:28:00+09:00,2570.0,2570.0,2570.0,2570.0,0,0.0,0.0
2024-07-01 12:29:00+09:00,2570.0,2570.0,2560.0,2570.0,32,0.0,0.0
2024-07-01 12:30:00+09:00,2570.0,2570.0,2570.0,2570.0,22,0.0,0.0
2024-07-01 12:31:00+09:00,2570.0,2570.0,2570.0,2570.0,456,0.0,0.0
2024-07-01 12:32:00+09:00,2565.0,2565.0,2565.0,2565.0,0,0.0,0.0
2024-07-01 12:36:00+09:00,2565.0,2565.0,2565.0,2565.0,4059,0.0,0.0
2024-07-01 12:37:00+09:00,2565.0,2565.0,2565.0,2565.0,19,0.0,0.0
2024-07-01 12:39:00+09:00,2565.0,2565.0,2565.0,2565.0,0,0.0,0.0
2024-07-01 12:40:00+09:00,2565.0,2565.0,2565.0,2565.0,17,0.0,0.0
2024-07-01 12:41:00+09:00,2565.0,2565.0,2565.0,2565.0,1290,0.0,0.0
2024-07-01 12:42:00+09:00,2565.0,2565.0,2565.0,2565.0,0,0.0,0.0
2024-07-01 12:43:00+09:00,2565.0,2565.0,2565.0,2565.0,84,0.0,0.0
2024-07-01 12:44:00+09:00,2565.0,2565.0,2560.0,2560.0,5,0.0,0.0
2024-07-01 12:45:00+09:00,2570.0,2570.0,2570.0,2570.0,1873,0.0,0.0
2024-07-01 12:46:00+09:00,2570.0,2570.0,2570.0,2570.0,0,0.0,0.0
2024-07-01 12:47:00+09:00,2570.0,2570.0,2570.0,2570.0,0,0.0,0.0
2024-07-01 12:48:00+09:00,2565.0,2570.0,2565.0,2570.0,2003,0.0,0.0
2024-07-01 12:49:00+09:00,2570.0,2570.0,2570.0,2570.0,461,0.0,0.0
2024-07-01 12:51:00+09:00,2570.0,2570.0,2565.0,2570.0,366,0.0,0.0
2024-07-01 12:52:00+09:00,2570.0,2570.0,2565.0,2565.0,3564,0.0,0.0
2024-07-01 12:53:00+09:00,2565.0,2565.0,2560.0,2565.0,880,0.0,0.0
2024-07-01 12:54:00+09:00,2565.0,2565.0,2565.0,2565.0,65,0.0,0.0
2024-07-01 12:55:00+09:00,2565.0,2565.0,2565.0,2565.0,99,0.0,0.0
2024-07-01 12:57:00+09:00,2560.0,2560.0,2560.0,2560.0,950,0.0,0.0
2024-07-01 12:58:00+09:00,2560.0,2560.0,2560.0,2560.0,2509,0.0,0.0
2024-07-01 12:59:00+09:00,2560.0,2560.0,2560.0,2560.0,3478,0.0,0.0
2024-07-01 13:00:00+09:00,2560.0,2560.0,2560.0,2560.0,5654,0.0,0.0
2024-07-01 13:01:00+09:00,2565.0,2565.0,2565.0,2565.0,0,0.0,0.0
2024-07-01 13:04:00+09:00,2565.0,2565.0,2560.0,2560.0,4800,0.0,0.0
2024-07-01 13:05:00+09:00,2555.0,2555.0,2555.0,2555.0,0,0.0,0.0
2024-07-01 13:08:00+09:00,2555.0,2555.0,2555.0,2555.0,6818,0.0,0.0
2024-07-01 13:11:00+09:00,2555.0,2555.0,2555.0,2555.0,0,0.0,0.0
2024-07-01 13:13:00+09:00,2560.0,2560.0,2560.0,2560.0,285,0.0,0.0
2024-07-01 13:14:00+09:00,2560.0,2560.0,2555.0,2555.0,0,0.0,0.0
2024-07-01 13:15:00+09:00,2555.0,2560.0,2555.0,2560.0,962,0.0,0.0
2024-07-01 13:16:00+09:00,2555.0,2555.0,2555.0,2555.0,11,0.0,0.0
2024-07-01 13:17:00+09:00,2560.0,2565.0,2560.0,2565.0,2989,0.0,0.0
2024-07-01 13:18:00+09:00,2565.0,2580.0,2565.0,2580.0,17332,0.0,0.0
2024-07-01 13:19:00+09:00,2580.0,2580.0,2580.0,2580.0,113,0.0,0.0
2024-07-01 13:20:00+09:00,2575.0,2575.0,2575.0,2575.0,1125,0.0,0.0
2024-07-01 13:21:00+09:00,2575.0,2575.0,2575.0,2575.0,0,0.0,0.0
2024-07-01 13:22:00+09:00,2570.0,2570.0,2570.0,2570.0,5509,0.0,0.0
2024-07-01 13:23:00+09:00,2570.0,2570.0,2570.0,2570.0,0,0.0,0.0
2024-07-01 13:24:00+09:00,2565.0,2565.0,2565.0,2565.0,4970,0.0,0.0
2024-07-01 13:25:00+09:00,2565.0,2565.0,2565.0,2565.0,0,0.0,0.0
2024-07-01 13:27:00+09:00,2565.0,2565.0,2565.0,2565.0,66,0.0,0.0
2024-07-01 13:28:00+09:00,2565.0,2565.0,2565.0,2565.0,2990,0.0,0.0
2024-07-01 13:29:00+09:00,2565.0,2570.0,2565.0,2570.0,0,0.0,0.0
2024-07-01 13:30:00+09:00,2570.0,2570.0,2565.0,2565.0,39,0.0,0.0
2024-07-01 13:31:00+09:00,2565.0,2565.0,2560.0,2560.0,3515,0.0,0.0
2024-07-01 13:32:00+09:00,2565.0,2565.0,2565.0,2565.0,667,0.0,0.0
2024-07-01 13:33:00+09:00,2570.0,2570.0,2570.0,2570.0,2232,0.0,0.0
2024-07-01 13:34:00+09:00,2570.0,2570.0,2570.0,2570.0,0,0.0,0.0
2024-07-01 13:36:00+09:00,2565.0,2570.0,2565.0,2570.0,75,0.0,0.0
2024-07-01 13:38:00+09:00,2570.0,2570.0,2570.0,2570.0,1990,0.0,0.0
2024-07-01 13:39:00+09:00,2570.0,2570.0,2570.0,2570.0,3012,0.0,0.0
2024-07-01 13:40:00+09:00,2570.0,2570.0,2570.0,2570.0,0,0.0,0.0
2024-07-01 13:41:00+09:00,2565.0,2570.0,2565.0,2565.0,6007,0.0,0.0
2024-07-01 13:43:00+09:00,2565.0,2565.0,2565.0,2565.0,0,0.0,0.0
2024-07-01 13:44:00+09:00,2565.0,2565.0,2560.0,2560.0,7317,0.0,0.0
2024-07-01 13:45:00+09:00,2560.0,2560.0,2560.0,2560.0,0,0.0,0.0
2024-07-01 13:46:00+09:00,2565.0,2570.0,2565.0,2570.0,6696,0.0,0.0
2024-07-01 13:48:00+09:00,2570.0,2570.0,2570.0,2570.0,4642,0.0,0.0
2024-07-01 13:49:00+09:00,2570.0,2570.0,2570.0,2570.0,0,0.0,0.0
2024-07-01 13:53:00+09:00,2570.0,2575.0,2570.0,2575.0,13419,0.0,0.0
2024-07-01 13:54:00+09:00,2580.0,2585.0,2580.0,2585.0,6157,0.0,0.0
2024-07-01 13:55:00+09:00,2585.0,2585.0,2580.0,2580.0,0,0.0,0.0
2024-07-01 13:56:00+09:00,2580.0,2580.0,2580.0,2580.0,1600,0.0,0.0
2024-07-01 13:57:00+09:00,2585.0,2585.0,2580.0,2580.0,2236,0.0,0.0
2024-07-01 13:58:00+09:00,2580.0,2585.0,2580.0,2580.0,0,0.0,0.0
2024-07-01 14:00:00+09:00,2580.0,2580.0,2575.0,2575.0,1148,0.0,0.0
2024-07-01 14:01:00+09:00,2575.0,2575.0,2570.0,2570.0,5833,0.0,0.0
2024-07-01 14:03:00+09:00,2570.0,2570.0,2570.0,2570.0,0,0.0,0.0
2024-07-01 14:05:00+09:00,2565.0,2565.0,2565.0,2565.0,784,0.0,0.0
2024-07-01 14:06:00+09:00,2565.0,2565.0,2550.0,2555.0,11152,0.0,0.0
2024-07-01 14:07:00+09:00,2560.0,2560.0,2560.0,2560.0,0,0.0,0.0
2024-07-01 14:08:00+09:00,2560.0,2565.0,2560.0,2565.0,4117,0.0,0.0
2024-07-01 14:09:00+09:00,2560.0,2560.0,2550.0,2550.0,14000,0.0,0.0
2024-07-01 14:11:00+09:00,2550.0,2550.0,2540.0,2540.0,4058,0.0,0.0
2024-07-01 14:12:00+09:00,2545.0,2545.0,2530.0,2530.0,2589,0.0,0.0
2024-07-01 14:13:00+09:00,2535.0,2535.0,2535.0,2535.0,296,0.0,0.0
2024-07-01 14:14:00+09:00,2535.0,2535.0,2520.0,2535.0,45575,0.0,0.0
2024-07-01 14:15:00+09:00,2535.0,2535.0,2535.0,2535.0,0,0.0,0.0
2024-07-01 14:16:00+09:00,2535.0,2535.0,2525.0,2525.0,22,0.0,0.0
2024-07-01 14:17:00+09:00,2525.0,2530.0,2525.0,2530.0,1773,0.0,0.0
2024-07-01 14:18:00+09:00,2530.0,2530.0,2530.0,2530.0,109,0.0,0.0
2024-07-01 14:20:00+09:00,2530.0,2530.0,2530.0,2530.0,22,0.0,0.0
2024-07-01 14:21:00+09:00,2520.0,2520.0,2520.0,2520.0,1,0.0,0.0
2024-07-01 14:22:00+09:00,2530.0,2530.0,2520.0,2520.0,2998,0.0,0.0
2024-07-01 14:23:00+09:00,2515.0,2520.0,2500.0,2520.0,29938,0.0,0.0
2024-07-01 14:24:00+09:00,2515.0,2515.0,2505.0,2510.0,1699,0.0,0.0
2024-07-01 14:25:00+09:00,2510.0,2510.0,2510.0,2510.0,2358,0.0,0.0
2024-07-01 14:26:00+09:00,2510.0,2515.0,2510.0,2515.0,0,0.0,0.0
2024-07-01 14:27:00+09:00,2515.0,2520.0,2515.0,2520.0,3582,0.0,0.0
2024-07-01 14:28:00+09:00,2515.0,2520.0,2515.0,2520.0,1097,0.0,0.0
2024-07-01 14:29:00+09:00,2520.0,2520.0,2520.0,2520.0,679,0.0,0.0
2024-07-01 14:30:00+09:00,2520.0,2525.0,2520.0,2520.0,3949,0.0,0.0
2024-07-01 14:31:00+09:00,2520.0,2520.0,2515.0,2515.0,6083,0.0,0.0
2024-07-01 14:33:00+09:00,2515.0,2520.0,2515.0,2515.0,0,0.0,0.0
2024-07-01 14:34:00+09:00,2520.0,2520.0,2520.0,2520.0,5367,0.0,0.0
2024-07-01 14:35:00+09:00,2520.0,2530.0,2520.0,2530.0,551,0.0,0.0
2024-07-01 14:36:00+09:00,2530.0,2530.0,2530.0,2530.0,4890,0.0,0.0
2024-07-01 14:37:00+09:00,2530.0,2535.0,2530.0,2535.0,0,0.0,0.0
2024-07-01 14:40:00+09:00,2535.0,2535.0,2535.0,2535.0,324,0.0,0.0
2024-07-01 14:41:00+09:00,2530.0,2530.0,2525.0,2525.0,5957,0.0,0.0
2024-07-01 14:42:00+09:00,2535.0,2535.0,2535.0,2535.0,1681,0.0,0.0
2024-07-01 14:43:00+09:00,2540.0,2540.0,2540.0,2540.0,0,0.0,0.0
2024-07-01 14:44:00+09:00,2540.0,2540.0,2540.0,2540.0,49,0.0,0.0
2024-07-01 14:45:00+09:00,2540.0,2540.0,2540.0,2540.0,27,0.0,0.0
2024-07-01 14:46:00+09:00,2535.0,2535.0,2530.0,2535.0,4028,0.0,0.0
2024-07-01 14:47:00+09:00,2535.0,2535.0,2520.0,2520.0,4143,0.0,0.0
2024-07-01 14:48:00+09:00,2520.0,2525.0,2520.0,2525.0,2706,0.0,0.0
2024-07-01 14:49:00+09:00,2525.0,2525.0,2520.0,2520.0,1000,0.0,0.0
2024-07-01 14:50:00+09:00,2520.0,2520.0,2520.0,2520.0,0,0.0,0.0
2024-07-01 14:51:00+09:00,2520.0,2520.0,2510.0,2515.0,6113,0.0,0.0
2024-07-01 14:52:00+09:00,2520.0,2520.0,2520.0,2520.0,1053,0.0,0.0
2024-07-01 14:54:00+09:00,2520.0,2535.0,2515.0,2535.0,7891,0.0,0.0
2024-07-01 14:55:00+09:00,2535.0,2535.0,2535.0,2535.0,771,0.0,0.0
2024-07-01 14:56:00+09:00,2535.0,2535.0,2525.0,2525.0,1937,0.0,0.0
2024-07-01 14:57:00+09:00,2535.0,2535.0,2535.0,2535.0,0,0.0,0.0
2024-07-01 14:58:00+09:00,2535.0,2535.0,2520.0,2520.0,9562,0.0,0.0
2024-07-01 14:59:00+09:00,2520.0,2525.0,2520.0,2525.0,0,0.0,0.0
2024-07-02 09:00:00+09:00,2470.0,2555.0,2470.0,2540.0,31199,0.0,0.0
2024-07-02 09:01:00+09:00,2535.0,2590.0,2525.0,2545.0,44296,0.0,0.0
2024-07-02 09:02:00+09:00,2545.0,2575.0,2540.0,2575.0,19859,0.0,0.0
2024-07-02 09:03:00+09:00,2570.0,2570.0,2550.0,2550.0,13738,0.0,0.0
2024-07-02 09:04:00+09:00,2550.0,2590.0,2550.0,2590.0,18190,0.0,0.0
2024-07-02 09:05:00+09:00,2575.0,2595.0,2560.0,2575.0,16442,0.0,0.0
2024-07-02 09:06:00+09:00,2580.0,2580.0,2545.0,2545.0,10728,0.0,0.0
2024-07-02 09:07:00+09:00,2545.0,2555.0,2545.0,2555.0,1522,0.0,0.0
2024-07-02 09:08:00+09:00,2545.0,2555.0,2530.0,2535.0,11876,0.0,0.0
2024-07-02 09:09:00+09:00,2540.0,2540.0,2500.0,2505.0,25449,0.0,0.0
2024-07-02 09:10:00+09:00,2505.0,2515.0,2500.0,2515.0,9826,0.0,0.0
2024-07-02 09:11:00+09:00,2525.0,2525.0,2520.0,2525.0,2926,0.0,0.0
2024-07-02 09:12:00+09:00,2525.0,2535.0,2525.0,2535.0,3695,0.0,0.0
2024-07-02 09:13:00+09:00,2530.0,2530.0,2515.0,2520.0,14131,0.0,0.0
2024-07-02 09:14:00+09:00,2535.0,2535.0,2520.0,2525.0,915,0.0,0.0
2024-07-02 09:15:00+09:00,2520.0,2520.0,2510.0,2520.0,24742,0.0,0.0
2024-07-02 09:16:00+09:00,2510.0,2520.0,2510.0,2520.0,0,0.0,0.0
2024-07-02 09:17:00+09:00,2515.0,2555.0,2510.0,2555.0,9915,0.0,0.0
2024-07-02 09:18:00+09:00,2555.0,2555.0,2545.0,2545.0,6938,0.0,0.0
2024-07-02 09:19:00+09:00,2555.0,2555.0,2535.0,2540.0,5512,0.0,0.0
2024-07-02 09:20:00+09:00,2540.0,2540.0,2540.0,2540.0,5877,0.0,0.0
2024-07-02 09:21:00+09:00,2555.0,2555.0,2540.0,2540.0,0,0.0,0.0
2024-07-02 09:22:00+09:00,2545.0,2550.0,2535.0,2550.0,7868,0.0,0.0
2024-07-02 09:23:00+09:00,2540.0,2540.0,2540.0,2540.0,699,0.0,0.0
2024-07-02 09:24:00+09:00,2540.0,2540.0,2540.0,2540.0,1080,0.0,0.0
2024-07-02 09:25:00+09:00,2540.0,2540.0,2540.0,2540.0,2317,0.0,0.0
2024-07-02 09:26:00+09:00,2545.0,2545.0,2545.0,2545.0,0,0.0,0.0
2024-07-02 09:27:00+09:00,2545.0,2555.0,2540.0,2555.0,3160,0.0,0.0
2024-07-02 09:28:00+09:00,2550.0,2550.0,2550.0,2550.0,972,0.0,0.0
2024-07-02 09:29:00+09:00,2545.0,2550.0,2545.0,2550.0,3882,0.0,0.0
2024-07-02 09:30:00+09:00,2545.0,2545.0,2520.0,2520.0,38101,0.0,0.0
2024-07-02 09:31:00+09:00,2515.0,2520.0,2500.0,2500.0,39525,0.0,0.0
2024-07-02 09:32:00+09:00,2500.0,2505.0,2495.0,2495.0,3265,0.0,0.0
2024-07-02 09:33:00+09:00,2500.0,2500.0,2495.0,2500.0,2038,0.0,0.0
2024-07-02 09:34:00+09:00,2500.0,2500.0,2495.0,2495.0,8795,0.0,0.0
2024-07-02 09:35:00+09:00,2495.0,2495.0,2490.0,2490.0,6214,0.0,0.0
2024-07-02 09:36:00+09:00,2490.0,2490.0,2490.0,2490.0,975,0.0,0.0
2024-07-02 09:37:00+09:00,2485.0,2490.0,2480.0,2480.0,3510,0.0,0.0
2024-07-02 09:38:00+09:00,2480.0,2485.0,2475.0,2485.0,3012,0.0,0.0
2024-07-02 09:39:00+09:00,2485.0,2490.0,2480.0,2480.0,3732,0.0,0.0
2024-07-02 09:40:00+09:00,2490.0,2495.0,2490.0,2495.0,0,0.0,0.0
2024-07-02 09:41:00+09:00,2495.0,2500.0,2490.0,2500.0,4740,0.0,0.0
2024-07-02 09:42:00+09:00,2500.0,2500.0,2500.0,2500.0,368,0.0,0.0
2024-07-02 09:43:00+09:00,2495.0,2495.0,2485.0,2485.0,5603,0.0,0.0
2024-07-02 09:44:00+09:00,2480.0,2485.0,2480.0,2480.0,2008,0.0,0.0
2024-07-02 09:45:00+09:00,2485.0,2485.0,2485.0,2485.0,1688,0.0,0.0
2024-07-02 09:46:00+09:00,2485.0,2485.0,2485.0,2485.0,990,0.0,0.0
2024-07-02 09:47:00+09:00,2485.0,2485.0,2485.0,2485.0,640,0.0,0.0
2024-07-02 09:48:00+09:00,2485.0,2485.0,2485.0,2485.0,2918,0.0,0.0
2024-07-02 09:49:00+09:00,2495.0,2505.0,2495.0,2505.0,12521,0.0,0.0
2024-07-02 09:50:00+09:00,2510.0,2525.0,2510.0,2525.0,672,0.0,0.0
2024-07-02 09:51:00+09:00,2525.0,2525.0,2520.0,2525.0,1134,0.0,0.0
2024-07-02 09:52:00+09:00,2515.0,2515.0,2515.0,2515.0,835,0.0,0.0
2024-07-02 09:53:00+09:00,2515.0,2515.0,2515.0,2515.0,448,0.0,0.0
2024-07-02 09:54:00+09:00,2520.0,2525.0,2520.0,2525.0,966,0.0,0.0
2024-07-02 09:55:00+09:00,2525.0,2525.0,2525.0,2525.0,820,0.0,0.0
2024-07-02 09:56:00+09:00,2525.0,2535.0,2525.0,2535.0,3373,0.0,0.0
2024-07-02 09:57:00+09:00,2540.0,2560.0,2540.0,2555.0,9967,0.0,0.0
2024-07-02 09:58:00+09:00,2555.0,2560.0,2555.0,2560.0,3337,0.0,0.0
2024-07-02 09:59:00+09:00,2565.0,2565.0,2550.0,2560.0,2991,0.0,0.0
2024-07-02 10:00:00+09:00,2560.0,2575.0,2560.0,2565.0,13268,0.0,0.0
2024-07-02 10:01:00+09:00,2575.0,2580.0,2570.0,2570.0,8280,0.0,0.0
2024-07-02 10:02:00+09:00,2570.0,2580.0,2555.0,2560.0,17010,0.0,0.0
2024-07-02 10:03:00+09:00,2565.0,2565.0,2545.0,2565.0,8434,0.0,0.0
2024-07-02 10:04:00+09:00,2550.0,2575.0,2540.0,2575.0,11765,0.0,0.0
2024-07-02 10:05:00+09:00,2565.0,2565.0,2555.0,2555.0,2233,0.0,0.0
2024-07-02 10:06:00+09:00,2560.0,2560.0,2545.0,2545.0,902,0.0,0.0
2024-07-02 10:07:00+09:00,2555.0,2555.0,2550.0,2550.0,4541,0.0,0.0
2024-07-02 10:08:00+09:00,2545.0,2550.0,2545.0,2550.0,8524,0.0,0.0
2024-07-02 10:09:00+09:00,2560.0,2560.0,2560.0,2560.0,6579,0.0,0.0
2024-07-02 10:10:00+09:00,2560.0,2570.0,2555.0,2555.0,4249,0.0,0.0
2024-07-02 10:11:00+09:00,2550.0,2550.0,2540.0,2545.0,11797,0.0,0.0
2024-07-02 10:13:00+09:00,2540.0,2540.0,2535.0,2535.0,3137,0.0,0.0
2024-07-02 10:14:00+09:00,2535.0,2540.0,2535.0,2540.0,4020,0.0,0.0
2024-07-02 10:15:00+09:00,2550.0,2550.0,2540.0,2540.0,0,0.0,0.0
2024-07-02 10:16:00+09:00,2540.0,2540.0,2530.0,2535.0,3438,0.0,0.0
2024-07-02 10:17:00+09:00,2535.0,2535.0,2530.0,2530.0,1013,0.0,0.0
2024-07-02 10:18:00+09:00,2535.0,2535.0,2530.0,2530.0,668,0.0,0.0
2024-07-02 10:19:00+09:00,2535.0,2535.0,2535.0,2535.0,0,0.0,0.0
2024-07-02 10:21:00+09:00,2535.0,2535.0,2530.0,2530.0,2654,0.0,0.0
2024-07-02 10:22:00+09:00,2530.0,2530.0,2530.0,2530.0,501,0.0,0.0
2024-07-02 10:24:00+09:00,2535.0,2535.0,2535.0,2535.0,65,0.0,0.0
2024-07-02 10:25:00+09:00,2535.0,2540.0,2535.0,2540.0,1083,0.0,0.0
2024-07-02 10:26:00+09:00,2540.0,2540.0,2530.0,2530.0,646,0.0,0.0
2024-07-02 10:27:00+09:00,2530.0,2530.0,2530.0,2530.0,444,0.0,0.0
2024-07-02 10:28:00+09:00,2530.0,2535.0,2520.0,2520.0,3799,0.0,0.0
2024-07-02 10:29:00+09:00,2520.0,2520.0,2515.0,2515.0,3192,0.0,0.0
2024-07-02 10:30:00+09:00,2515.0,2530.0,2515.0,2530.0,3050,0.0,0.0
2024-07-02 10:31:00+09:00,2515.0,2515.0,2505.0,2505.0,32214,0.0,0.0
2024-07-02 10:32:00+09:00,2505.0,2515.0,2495.0,2515.0,6993,0.0,0.0
2024-07-02 10:33:00+09:00,2510.0,2510.0,2470.0,2485.0,28987,0.0,0.0
2024-07-02 10:34:00+09:00,2485.0,2485.0,2480.0,2480.0,5856,0.0,0.0
2024-07-02 10:35:00+09:00,2480.0,2485.0,2475.0,2485.0,668,0.0,0.0
2024-07-02 10:36:00+09:00,2480.0,2495.0,2480.0,2495.0,3075,0.0,0.0
2024-07-02 10:37:00+09:00,2495.0,2495.0,2495.0,2495.0,1734,0.0,0.0
2024-07-02 10:38:00+09:00,2495.0,2515.0,2495.0,2515.0,6645,0.0,0.0
2024-07-02 10:39:00+09:00,2515.0,2515.0,2500.0,2515.0,3605,0.0,0.0
2024-07-02 10:40:00+09:00,2515.0,2515.0,2515.0,2515.0,11827,0.0,0.0
2024-07-02 10:41:00+09:00,2505.0,2505.0,2495.0,2495.0,5019,0.0,0.0
2024-07-02 10:42:00+09:00,2490.0,2490.0,2480.0,2485.0,7116,0.0,0.0
2024-07-02 10:43:00+09:00,2480.0,2485.0,2460.0,2465.0,36466,0.0,0.0
2024-07-02 10:44:00+09:00,2470.0,2470.0,2470.0,2470.0,0,0.0,0.0
2024-07-02 10:45:00+09:00,2470.0,2470.0,2445.0,2445.0,21347,0.0,0.0
2024-07-02 10:46:00+09:00,2440.0,2450.0,2430.0,2440.0,12331,0.0,0.0
2024-07-02 10:47:00+09:00,2440.0,2450.0,2420.0,2425.0,21044,0.0,0.0
2024-07-02 10:48:00+09:00,2430.0,2430.0,2400.0,2400.0,67318,0.0,0.0
2024-07-02 10:49:00+09:00,2405.0,2410.0,2400.0,2405.0,14423,0.0,0.0
2024-07-02 10:50:00+09:00,2420.0,2420.0,2420.0,2420.0,15321,0.0,0.0
2024-07-02 10:54:00+09:00,2435.0,2435.0,2410.0,2415.0,31731,0.0,0.0
2024-07-02 10:55:00+09:00,2415.0,2415.0,2400.0,2410.0,31900,0.0,0.0
2024-07-02 10:56:00+09:00,2410.0,2435.0,2410.0,2430.0,5020,0.0,0.0
2024-07-02 10:57:00+09:00,2420.0,2430.0,2420.0,2420.0,1816,0.0,0.0
2024-07-02 10:58:00+09:00,2425.0,2425.0,2415.0,2415.0,9336,0.0,0.0
2024-07-02 10:59:00+09:00,2420.0,2430.0,2410.0,2425.0,2717,0.0,0.0
2024-07-02 11:00:00+09:00,2415.0,2425.0,2415.0,2425.0,479,0.0,0.0
2024-07-02 11:01:00+09:00,2425.0,2430.0,2415.0,2430.0,3399,0.0,0.0
2024-07-02 11:02:00+09:00,2430.0,2445.0,2420.0,2445.0,2783,0.0,0.0
2024-07-02 11:03:00+09:00,2445.0,2450.0,2445.0,2450.0,1583,0.0,0.0
2024-07-02 11:04:00+09:00,2445.0,2450.0,2440.0,2450.0,735,0.0,0.0
2024-07-02 11:05:00+09:00,2450.0,2450.0,2450.0,2450.0,419,0.0,0.0
2024-07-02 11:06:00+09:00,2445.0,2455.0,2445.0,2450.0,1501,0.0,0.0
2024-07-02 11:07:00+09:00,2445.0,2450.0,2440.0,2440.0,1354,0.0,0.0
2024-07-02 11:08:00+09:00,2450.0,2450.0,2450.0,2450.0,0,0.0,0.0
2024-07-02 11:09:00+09:00,2440.0,2450.0,2440.0,2450.0,250,0.0,0.0
2024-07-02 11:10:00+09:00,2450.0,2450.0,2450.0,2450.0,619,0.0,0.0
2024-07-02 11:11:00+09:00,2450.0,2450.0,2450.0,2450.0,1308,0.0,0.0
2024-07-02 11:12:00+09:00,2450.0,2450.0,2450.0,2450.0,1425,0.0,0.0
2024-07-02 11:13:00+09:00,2455.0,2455.0,2455.0,2455.0,0,0.0,0.0
2024-07-02 11:14:00+09:00,2455.0,2465.0,2455.0,2460.0,5772,0.0,0.0
2024-07-02 11:15:00+09:00,2455.0,2460.0,2455.0,2460.0,701,0.0,0.0
2024-07-02 11:16:00+09:00,2455.0,2460.0,2455.0,2460.0,1869,0.0,0.0
2024-07-02 11:17:00+09:00,2460.0,2460.0,2460.0,2460.0,0,0.0,0.0
2024-07-02 11:18:00+09:00,2450.0,2460.0,2445.0,2445.0,7232,0.0,0.0
2024-07-02 11:19:00+09:00,2450.0,2455.0,2450.0,2455.0,89,0.0,0.0
2024-07-02 11:20:00+09:00,2450.0,2450.0,2450.0,2450.0,206,0.0,0.0
2024-07-02 11:21:00+09:00,2450.0,2450.0,2450.0,2450.0,796,0.0,0.0
2024-07-02 11:22:00+09:00,2455.0,2455.0,2455.0,2455.0,400,0.0,0.0
2024-07-02 11:23:00+09:00,2455.0,2455.0,2455.0,2455.0,0,0.0,0.0
2024-07-02 11:25:00+09:00,2450.0,2450.0,2440.0,2440.0,1930,0.0,0.0
2024-07-02 11:27:00+09:00,2440.0,2440.0,2440.0,2440.0,1979,0.0,0.0
2024-07-02 11:30:00+09:00,2440.0,2440.0,2435.0,2435.0,3811,0.0,0.0
2024-07-02 11:32:00+09:00,2440.0,2440.0,2435.0,2435.0,1432,0.0,0.0
2024-07-02 11:33:00+09:00,2435.0,2435.0,2435.0,2435.0,276,0.0,0.0
2024-07-02 11:34:00+09:00,2435.0,2435.0,2435.0,2435.0,210,0.0,0.0
2024-07-02 11:35:00+09:00,2435.0,2435.0,2435.0,2435.0,336,0.0,0.0
2024-07-02 11:39:00+09:00,2440.0,2440.0,2435.0,2435.0,1963,0.0,0.0
2024-07-02 11:40:00+09:00,2430.0,2435.0,2430.0,2435.0,0,0.0,0.0
2024-07-02 11:41:00+09:00,2435.0,2435.0,2435.0,2435.0,1512,0.0,0.0
2024-07-02 11:42:00+09:00,2450.0,2450.0,2435.0,2435.0,1281,0.0,0.0
2024-07-02 11:43:00+09:00,2430.0,2430.0,2430.0,2430.0,1372,0.0,0.0
2024-07-02 11:44:00+09:00,2435.0,2435.0,2435.0,2435.0,4972,0.0,0.0
2024-07-02 11:45:00+09:00,2435.0,2435.0,2430.0,2430.0,3686,0.0,0.0
2024-07-02 11:46:00+09:00,2430.0,2430.0,2430.0,2430.0,4,0.0,0.0
2024-07-02 11:48:00+09:00,2425.0,2425.0,2415.0,2420.0,10475,0.0,0.0
2024-07-02 11:49:00+09:00,2420.0,2420.0,2415.0,2420.0,2535,0.0,0.0
2024-07-02 11:51:00+09:00,2420.0,2420.0,2420.0,2420.0,735,0.0,0.0
2024-07-02 11:52:00+09:00,2415.0,2420.0,2415.0,2415.0,2921,0.0,0.0
2024-07-02 11:53:00+09:00,2415.0,2420.0,2400.0,2405.0,45839,0.0,0.0
2024-07-02 11:54:00+09:00,2405.0,2415.0,2400.0,2410.0,1724,0.0,0.0
2024-07-02 11:55:00+09:00,2410.0,2410.0,2400.0,2410.0,1818,0.0,0.0
2024-07-02 11:56:00+09:00,2410.0,2410.0,2405.0,2410.0,1033,0.0,0.0
2024-07-02 11:57:00+09:00,2410.0,2410.0,2405.0,2405.0,332,0.0,0.0
2024-07-02 11:58:00+09:00,2405.0,2405.0,2405.0,2405.0,103,0.0,0.0
2024-07-02 11:59:00+09:00,2405.0,2405.0,2400.0,2405.0,28640,0.0,0.0
2024-07-02 12:00:00+09:00,2405.0,2405.0,2395.0,2405.0,0,0.0,0.0
2024-07-02 12:01:00+09:00,2405.0,2405.0,2405.0,2405.0,264,0.0,0.0
2024-07-02 12:02:00+09:00,2395.0,2395.0,2385.0,2395.0,19786,0.0,0.0
2024-07-02 12:03:00+09:00,2400.0,2400.0,2385.0,2400.0,5088,0.0,0.0
2024-07-02 12:04:00+09:00,2385.0,2400.0,2385.0,2390.0,7040,0.0,0.0
2024-07-02 12:05:00+09:00,2395.0,2395.0,2385.0,2385.0,5202,0.0,0.0
2024-07-02 12:06:00+09:00,2395.0,2400.0,2385.0,2400.0,122,0.0,0.0
2024-07-02 12:07:00+09:00,2395.0,2400.0,2385.0,2400.0,3520,0.0,0.0
2024-07-02 12:08:00+09:00,2385.0,2385.0,2370.0,2370.0,32723,0.0,0.0
2024-07-02 12:09:00+09:00,2370.0,2390.0,2370.0,2380.0,11114,0.0,0.0
2024-07-02 12:10:00+09:00,2380.0,2400.0,2380.0,2400.0,5826,0.0,0.0
2024-07-02 12:11:00+09:00,2400.0,2400.0,2400.0,2400.0,6704,0.0,0.0
2024-07-02 12:12:00+09:00,2400.0,2410.0,2400.0,2410.0,0,0.0,0.0
2024-07-02 12:13:00+09:00,2410.0,2410.0,2405.0,2405.0,2583,0.0,0.0
2024-07-02 12:14:00+09:00,2405.0,2410.0,2405.0,2410.0,0,0.0,0.0
2024-07-02 12:15:00+09:00,2405.0,2410.0,2405.0,2410.0,959,0.0,0.0
2024-07-02 12:16:00+09:00,2410.0,2410.0,2400.0,2410.0,548,0.0,0.0
2024-07-02 12:17:00+09:00,2405.0,2405.0,2405.0,2405.0,29,0.0,0.0
2024-07-02 12:19:00+09:00,2410.0,2410.0,2410.0,2410.0,383,0.0,0.0
2024-07-02 12:20:00+09:00,2410.0,2410.0,2400.0,2400.0,4935,0.0,0.0
2024-07-02 12:21:00+09:00,2400.0,2405.0,2395.0,2405.0,2398,0.0,0.0
2024-07-02 12:22:00+09:00,2400.0,2405.0,2395.0,2405.0,2103,0.0,0.0
2024-07-02 12:23:00+09:00,2405.0,2405.0,2395.0,2400.0,11347,0.0,0.0
2024-07-02 12:24:00+09:00,2400.0,2400.0,2400.0,2400.0,0,0.0,0.0
2024-07-02 12:25:00+09:00,2400.0,2400.0,2400.0,2400.0,563,0.0,0.0
2024-07-02 12:26:00+09:00,2400.0,2400.0,2385.0,2385.0,7210,0.0,0.0
2024-07-02 12:27:00+09:00,2385.0,2385.0,2380.0,2380.0,2002,0.0,0.0
2024-07-02 12:28:00+09:00,2380.0,2395.0,2360.0,2395.0,32663,0.0,0.0
2024-07-02 12:29:00+09:00,2390.0,2395.0,2370.0,2395.0,3847,0.0,0.0
2024-07-02 12:30:00+09:00,2385.0,2385.0,2385.0,2385.0,0,0.0,0.0
2024-07-02 12:31:00+09:00,2375.0,2375.0,2365.0,2365.0,8452,0.0,0.0
2024-07-02 12:32:00+09:00,2365.0,2375.0,2350.0,2355.0,15702,0.0,0.0
2024-07-02 12:33:00+09:00,2355.0,2380.0,2350.0,2350.0,18400,0.0,0.0
2024-07-02 12:34:00+09:00,2360.0,2360.0,2360.0,2360.0,831,0.0,0.0
2024-07-02 12:35:00+09:00,2360.0,2360.0,2360.0,2360.0,948,0.0,0.0
2024-07-02 12:36:00+09:00,2365.0,2370.0,2360.0,2360.0,3035,0.0,0.0
2024-07-02 12:37:00+09:00,2360.0,2360.0,2360.0,2360.0,199,0.0,0.0
2024-07-02 12:38:00+09:00,2365.0,2375.0,2365.0,2375.0,3791,0.0,0.0
2024-07-02 12:39:00+09:00,2375.0,2375.0,2375.0,2375.0,6072,0.0,0.0
2024-07-02 12:40:00+09:00,2380.0,2380.0,2380.0,2380.0,813,0.0,0.0
2024-07-02 12:41:00+09:00,2380.0,2380.0,2380.0,2380.0,1818,0.0,0.0
2024-07-02 12:42:00+09:00,2380.0,2380.0,2380.0,2380.0,812,0.0,0.0
2024-07-02 12:43:00+09:00,2375.0,2375.0,2370.0,2370.0,12702,0.0,0.0
2024-07-02 12:44:00+09:00,2370.0,2370.0,2370.0,2370.0,2133,0.0,0.0
2024-07-02 12:45:00+09:00,2380.0,2380.0,2355.0,2355.0,11438,0.0,0.0
2024-07-02 12:46:00+09:00,2355.0,2370.0,2355.0,2360.0,317,0.0,0.0
2024-07-02 12:47:00+09:00,2365.0,2375.0,2360.0,2360.0,1179,0.0,0.0
2024-07-02 12:48:00+09:00,2365.0,2375.0,2360.0,2360.0,11395,0.0,0.0
2024-07-02 12:49:00+09:00,2360.0,2370.0,2360.0,2365.0,0,0.0,0.0
2024-07-02 12:50:00+09:00,2370.0,2370.0,2365.0,2365.0,2115,0.0,0.0
2024-07-02 12:51:00+09:00,2370.0,2370.0,2370.0,2370.0,385,0.0,0.0
2024-07-02 12:52:00+09:00,2370.0,2370.0,2370.0,2370.0,916,0.0,0.0
2024-07-02 12:53:00+09:00,2370.0,2370.0,2370.0,2370.0,3601,0.0,0.0
2024-07-02 12:54:00+09:00,2370.0,2370.0,2370.0,2370.0,1591,0.0,0.0
2024-07-02 12:55:00+09:00,2370.0,2370.0,2370.0,2370.0,1015,0.0,0.0
2024-07-02 12:56:00+09:00,2365.0,2365.0,2355.0,2355.0,18481,0.0,0.0
2024-07-02 12:57:00+09:00,2355.0,2360.0,2350.0,2350.0,19168,0.0,0.0
2024-07-02 12:58:00+09:00,2350.0,2370.0,2340.0,2345.0,25486,0.0,0.0
2024-07-02 12:59:00+09:00,2345.0,2350.0,2340.0,2345.0,1811,0.0,0.0
2024-07-02 13:00:00+09:00,2340.0,2350.0,2340.0,2350.0,730,0.0,0.0
2024-07-02 13:01:00+09:00,2350.0,2355.0,2350.0,2355.0,3641,0.0,0.0
2024-07-02 13:02:00+09:00,2355.0,2355.0,2335.0,2350.0,7221,0.0,0.0
2024-07-02 13:03:00+09:00,2360.0,2360.0,2355.0,2355.0,515,0.0,0.0
2024-07-02 13:04:00+09:00,2355.0,2355.0,2355.0,2355.0,1426,0.0,0.0
2024-07-02 13:05:00+09:00,2355.0,2365.0,2355.0,2365.0,1434,0.0,0.0
2024-07-02 13:06:00+09:00,2365.0,2370.0,2365.0,2370.0,1407,0.0,0.0
2024-07-02 13:07:00+09:00,2370.0,2370.0,2370.0,2370.0,518,0.0,0.0
2024-07-02 13:08:00+09:00,2370.0,2370.0,2365.0,2365.0,10599,0.0,0.0
2024-07-02 13:09:00+09:00,2375.0,2375.0,2375.0,2375.0,7,0.0,0.0
2024-07-02 13:10:00+09:00,2365.0,2375.0,2365.0,2375.0,716,0.0,0.0
2024-07-02 13:11:00+09:00,2375.0,2375.0,2375.0,2375.0,0,0.0,0.0
2024-07-02 13:12:00+09:00,2375.0,2375.0,2375.0,2375.0,1145,0.0,0.0
2024-07-02 13:13:00+09:00,2375.0,2375.0,2365.0,2365.0,1050,0.0,0.0
2024-07-02 13:14:00+09:00,2365.0,2365.0,2365.0,2365.0,3900,0.0,0.0
2024-07-02 13:15:00+09:00,2370.0,2370.0,2370.0,2370.0,0,0.0,0.0
2024-07-02 13:16:00+09:00,2370.0,2370.0,2365.0,2365.0,9533,0.0,0.0
2024-07-02 13:17:00+09:00,2365.0,2365.0,2350.0,2350.0,15275,0.0,0.0
2024-07-02 13:18:00+09:00,2350.0,2360.0,2345.0,2345.0,782,0.0,0.0
2024-07-02 13:19:00+09:00,2345.0,2345.0,2340.0,2340.0,3810,0.0,0.0
2024-07-02 13:20:00+09:00,2345.0,2350.0,2345.0,2350.0,443,0.0,0.0
2024-07-02 13:21:00+09:00,2345.0,2345.0,2330.0,2340.0,20789,0.0,0.0
2024-07-02 13:22:00+09:00,2345.0,2350.0,2345.0,2345.0,258,0.0,0.0
2024-07-02 13:23:00+09:00,2345.0,2350.0,2345.0,2350.0,8398,0.0,0.0
2024-07-02 13:24:00+09:00,2355.0,2355.0,2355.0,2355.0,0,0.0,0.0
2024-07-02 13:25:00+09:00,2355.0,2360.0,2345.0,2345.0,20092,0.0,0.0
2024-07-02 13:26:00+09:00,2345.0,2345.0,2340.0,2340.0,0,0.0,0.0
2024-07-02 13:27:00+09:00,2355.0,2355.0,2350.0,2350.0,0,0.0,0.0
2024-07-02 13:28:00+09:00,2350.0,2385.0,2350.0,2380.0,9796,0.0,0.0
2024-07-02 13:30:00+09:00,2370.0,2370.0,2370.0,2370.0,999,0.0,0.0
2024-07-02 13:31:00+09:00,2370.0,2370.0,2365.0,2370.0,2398,0.0,0.0
2024-07-02 13:32:00+09:00,2355.0,2355.0,2350.0,2350.0,10832,0.0,0.0
2024-07-02 13:33:00+09:00,2350.0,2360.0,2350.0,2360.0,9459,0.0,0.0
2024-07-02 13:34:00+09:00,2360.0,2360.0,2360.0,2360.0,502,0.0,0.0
2024-07-02 13:35:00+09:00,2360.0,2360.0,2355.0,2360.0,2650,0.0,0.0
2024-07-02 13:36:00+09:00,2355.0,2355.0,2355.0,2355.0,6897,0.0,0.0
2024-07-02 13:37:00+09:00,2355.0,2355.0,2355.0,2355.0,4109,0.0,0.0
2024-07-02 13:38:00+09:00,2355.0,2360.0,2355.0,2355.0,5026,0.0,0.0
2024-07-02 13:39:00+09:00,2355.0,2360.0,2355.0,2360.0,0,0.0,0.0
2024-07-02 13:40:00+09:00,2355.0,2355.0,2355.0,2355.0,634,0.0,0.0
2024-07-02 13:41:00+09:00,2355.0,2355.0,2350.0,2350.0,5706,0.0,0.0
2024-07-02 13:42:00+09:00,2345.0,2345.0,2345.0,2345.0,11472,0.0,0.0
2024-07-02 13:44:00+09:00,2355.0,2355.0,2345.0,2350.0,14677,0.0,0.0
2024-07-02 13:45:00+09:00,2345.0,2350.0,2345.0,2350.0,2458,0.0,0.0
2024-07-02 13:46:00+09:00,2350.0,2365.0,2350.0,2360.0,22533,0.0,0.0
2024-07-02 13:47:00+09:00,2360.0,2360.0,2355.0,2360.0,2289,0.0,0.0
2024-07-02 13:48:00+09:00,2355.0,2375.0,2355.0,2375.0,26034,0.0,0.0
2024-07-02 13:49:00+09:00,2380.0,2385.0,2375.0,2375.0,12584,0.0,0.0
2024-07-02 13:50:00+09:00,2385.0,2385.0,2380.0,2380.0,1575,0.0,0.0
2024-07-02 13:51:00+09:00,2385.0,2385.0,2375.0,2375.0,794,0.0,0.0
2024-07-02 13:52:00+09:00,2385.0,2385.0,2385.0,2385.0,992,0.0,0.0
2024-07-02 13:53:00+09:00,2385.0,2390.0,2375.0,2390.0,1586,0.0,0.0
2024-07-02 13:54:00+09:00,2390.0,2390.0,2385.0,2390.0,182,0.0,0.0
2024-07-02 13:55:00+09:00,2385.0,2390.0,2385.0,2390.0,0,0.0,0.0
2024-07-02 13:56:00+09:00,2385.0,2390.0,2380.0,2385.0,1495,0.0,0.0
2024-07-02 13:57:00+09:00,2385.0,2390.0,2380.0,2380.0,5579,0.0,0.0
2024-07-02 13:58:00+09:00,2380.0,2380.0,2370.0,2375.0,3459,0.0,0.0
2024-07-02 13:59:00+09:00,2370.0,2375.0,2365.0,2365.0,3754,0.0,0.0
2024-07-02 14:00:00+09:00,2360.0,2365.0,2360.0,2365.0,13762,0.0,0.0
2024-07-02 14:01:00+09:00,2365.0,2365.0,2365.0,2365.0,0,0.0,0.0
2024-07-02 14:02:00+09:00,2370.0,2370.0,2370.0,2370.0,0,0.0,0.0
2024-07-02 14:03:00+09:00,2370.0,2370.0,2370.0,2370.0,34,0.0,0.0
2024-07-02 14:04:00+09:00,2365.0,2365.0,2350.0,2350.0,15713,0.0,0.0
2024-07-02 14:05:00+09:00,2350.0,2350.0,2350.0,2350.0,607,0.0,0.0
2024-07-02 14:06:00+09:00,2350.0,2350.0,2350.0,2350.0,112,0.0,0.0
2024-07-02 14:08:00+09:00,2350.0,2350.0,2350.0,2350.0,5227,0.0,0.0
2024-07-02 14:09:00+09:00,2360.0,2360.0,2360.0,2360.0,0,0.0,0.0
2024-07-02 14:10:00+09:00,2360.0,2360.0,2360.0,2360.0,554,0.0,0.0
2024-07-02 14:11:00+09:00,2360.0,2365.0,2360.0,2360.0,1820,0.0,0.0
2024-07-02 14:12:00+09:00,2365.0,2370.0,2365.0,2370.0,192,0.0,0.0
2024-07-02 14:13:00+09:00,2370.0,2375.0,2370.0,2375.0,974,0.0,0.0
2024-07-02 14:14:00+09:00,2375.0,2375.0,2370.0,2370.0,6310,0.0,0.0
2024-07-02 14:16:00+09:00,2370.0,2370.0,2370.0,2370.0,168,0.0,0.0
2024-07-02 14:17:00+09:00,2370.0,2370.0,2370.0,2370.0,3695,0.0,0.0
2024-07-02 14:18:00+09:00,2370.0,2370.0,2370.0,2370.0,390,0.0,0.0
2024-07-02 14:20:00+09:00,2370.0,2370.0,2370.0,2370.0,310,0.0,0.0
2024-07-02 14:22:00+09:00,2365.0,2365.0,2365.0,2365.0,2218,0.0,0.0
2024-07-02 14:23:00+09:00,2365.0,2365.0,2365.0,2365.0,546,0.0,0.0
2024-07-02 14:24:00+09:00,2365.0,2370.0,2360.0,2370.0,718,0.0,0.0
2024-07-02 14:25:00+09:00,2370.0,2370.0,2370.0,2370.0,36,0.0,0.0
2024-07-02 14:26:00+09:00,2365.0,2365.0,2360.0,2365.0,6654,0.0,0.0
2024-07-02 14:27:00+09:00,2360.0,2370.0,2360.0,2370.0,6567,0.0,0.0
2024-07-02 14:28:00+09:00,2370.0,2375.0,2370.0,2375.0,0,0.0,0.0
2024-07-02 14:29:00+09:00,2375.0,2375.0,2375.0,2375.0,460,0.0,0.0
2024-07-02 14:30:00+09:00,2375.0,2375.0,2375.0,2375.0,1932,0.0,0.0
2024-07-02 14:31:00+09:00,2375.0,2380.0,2370.0,2375.0,1293,0.0,0.0
2024-07-02 14:32:00+09:00,2370.0,2375.0,2370.0,2375.0,211,0.0,0.0
2024-07-02 14:33:00+09:00,2375.0,2385.0,2375.0,2385.0,922,0.0,0.0
2024-07-02 14:34:00+09:00,2385.0,2390.0,2385.0,2390.0,217,0.0,0.0
2024-07-02 14:35:00+09:00,2390.0,2390.0,2385.0,2390.0,1950,0.0,0.0
2024-07-02 14:36:00+09:00,2385.0,2385.0,2380.0,2380.0,3608,0.0,0.0
2024-07-02 14:37:00+09:00,2385.0,2390.0,2375.0,2390.0,5531,0.0,0.0
2024-07-02 14:38:00+09:00,2385.0,2390.0,2375.0,2380.0,1524,0.0,0.0
2024-07-02 14:39:00+09:00,2385.0,2395.0,2385.0,2395.0,4523,0.0,0.0
2024-07-02 14:40:00+09:00,2395.0,2425.0,2390.0,2415.0,17974,0.0,0.0
2024-07-02 14:41:00+09:00,2415.0,2425.0,2410.0,2420.0,2087,0.0,0.0
2024-07-02 14:42:00+09:00,2420.0,2420.0,2400.0,2405.0,3829,0.0,0.0
2024-07-02 14:43:00+09:00,2400.0,2405.0,2400.0,2405.0,1259,0.0,0.0
2024-07-02 14:44:00+09:00,2405.0,2425.0,2405.0,2420.0,5223,0.0,0.0
2024-07-02 14:45:00+09:00,2410.0,2420.0,2410.0,2410.0,4509,0.0,0.0
2024-07-02 14:46:00+09:00,2410.0,2420.0,2405.0,2415.0,5915,0.0,0.0
2024-07-02 14:47:00+09:00,2405.0,2415.0,2405.0,2415.0,3828,0.0,0.0
2024-07-02 14:48:00+09:00,2400.0,2415.0,2400.0,2415.0,2161,0.0,0.0
2024-07-02 14:49:00+09:00,2405.0,2415.0,2405.0,2415.0,180,0.0,0.0
2024-07-02 14:50:00+09:00,2415.0,2420.0,2415.0,2420.0,4903,0.0,0.0
2024-07-02 14:51:00+09:00,2420.0,2420.0,2415.0,2420.0,2035,0.0,0.0
2024-07-02 14:52:00+09:00,2410.0,2435.0,2410.0,2435.0,7658,0.0,0.0
2024-07-02 14:53:00+09:00,2420.0,2435.0,2420.0,2435.0,0,0.0,0.0
2024-07-02 14:54:00+09:00,2440.0,2440.0,2440.0,2440.0,0,0.0,0.0
2024-07-02 14:55:00+09:00,2440.0,2440.0,2440.0,2440.0,1878370,0.0,0.0
2024-07-02 14:56:00+09:00,2430.0,2430.0,2415.0,2430.0,1708,0.0,0.0
2024-07-02 14:57:00+09:00,2430.0,2430.0,2430.0,2430.0,700,0.0,0.0
2024-07-02 14:58:00+09:00,2425.0,2425.0,2410.0,2420.0,2118,0.0,0.0
2024-07-02 14:59:00+09:00,2420.0,2420.0,2420.0,2420.0,183,0.0,0.0
2024-07-03 09:00:00+09:00,2360.0,2400.0,2360.0,2385.0,49546,0.0,0.0
2024-07-03 09:01:00+09:00,2385.0,2385.0,2375.0,2380.0,0,0.0,0.0
2024-07-03 09:02:00+09:00,2380.0,2380.0,2370.0,2370.0,2190,0.0,0.0
2024-07-03 09:03:00+09:00,2370.0,2375.0,2370.0,2375.0,4745,0.0,0.0
2024-07-03 09:04:00+09:00,2370.0,2385.0,2370.0,2385.0,4816,0.0,0.0
2024-07-03 09:05:00+09:00,2385.0,2385.0,2375.0,2385.0,565,0.0,0.0
2024-07-03 09:06:00+09:00,2385.0,2385.0,2380.0,2380.0,556,0.0,0.0
2024-07-03 09:07:00+09:00,2385.0,2395.0,2385.0,2385.0,1727,0.0,0.0
2024-07-03 09:08:00+09:00,2390.0,2400.0,2390.0,2400.0,710,0.0,0.0
2024-07-03 09:09:00+09:00,2400.0,2400.0,2395.0,2400.0,7,0.0,0.0
2024-07-03 09:10:00+09:00,2400.0,2400.0,2395.0,2400.0,1434,0.0,0.0
2024-07-03 09:11:00+09:00,2405.0,2405.0,2390.0,2390.0,844,0.0,0.0
2024-07-03 09:12:00+09:00,2390.0,2395.0,2390.0,2395.0,373,0.0,0.0
2024-07-03 09:13:00+09:00,2395.0,2395.0,2380.0,2385.0,7094,0.0,0.0
2024-07-03 09:14:00+09:00,2385.0,2385.0,2365.0,2380.0,9105,0.0,0.0
2024-07-03 09:15:00+09:00,2375.0,2375.0,2365.0,2375.0,149,0.0,0.0
2024-07-03 09:16:00+09:00,2375.0,2380.0,2375.0,2380.0,177,0.0,0.0
2024-07-03 09:17:00+09:00,2380.0,2380.0,2375.0,2380.0,1065,0.0,0.0
2024-07-03 09:18:00+09:00,2385.0,2395.0,2380.0,2395.0,282,0.0,0.0
2024-07-03 09:19:00+09:00,2395.0,2395.0,2385.0,2395.0,519,0.0,0.0
2024-07-03 09:20:00+09:00,2395.0,2395.0,2370.0,2370.0,5389,0.0,0.0
2024-07-03 09:21:00+09:00,2370.0,2380.0,2370.0,2380.0,0,0.0,0.0
2024-07-03 09:22:00+09:00,2370.0,2370.0,2350.0,2355.0,24736,0.0,0.0
2024-07-03 09:23:00+09:00,2350.0,2355.0,2350.0,2355.0,5307,0.0,0.0
2024-07-03 09:24:00+09:00,2355.0,2370.0,2350.0,2355.0,5468,0.0,0.0
2024-07-03 09:25:00+09:00,2360.0,2370.0,2360.0,2365.0,2694,0.0,0.0
2024-07-03 09:26:00+09:00,2365.0,2390.0,2365.0,2390.0,8340,0.0,0.0
2024-07-03 09:27:00+09:00,2390.0,2395.0,2375.0,2390.0,19847,0.0,0.0
2024-07-03 09:28:00+09:00,2390.0,2390.0,2380.0,2385.0,1848,0.0,0.0
2024-07-03 09:29:00+09:00,2385.0,2385.0,2385.0,2385.0,1310,0.0,0.0
2024-07-03 09:30:00+09:00,2385.0,2395.0,2385.0,2390.0,11550,0.0,0.0
2024-07-03 09:31:00+09:00,2390.0,2390.0,2385.0,2385.0,1438,0.0,0.0
2024-07-03 09:32:00+09:00,2385.0,2390.0,2385.0,2385.0,803,0.0,0.0
2024-07-03 09:33:00+09:00,2385.0,2385.0,2385.0,2385.0,1990,0.0,0.0
2024-07-03 09:34:00+09:00,2385.0,2390.0,2380.0,2390.0,0,0.0,0.0
2024-07-03 09:35:00+09:00,2390.0,2390.0,2390.0,2390.0,72,0.0,0.0
2024-07-03 09:36:00+09:00,2385.0,2385.0,2380.0,2385.0,1320,0.0,0.0
2024-07-03 09:37:00+09:00,2380.0,2380.0,2375.0,2380.0,10429,0.0,0.0
2024-07-03 09:38:00+09:00,2380.0,2380.0,2380.0,2380.0,581,0.0,0.0
2024-07-03 09:39:00+09:00,2380.0,2385.0,2380.0,2385.0,223,0.0,0.0
2024-07-03 09:40:00+09:00,2380.0,2380.0,2370.0,2370.0,8304,0.0,0.0
2024-07-03 09:41:00+09:00,2370.0,2370.0,2360.0,2365.0,7806,0.0,0.0
2024-07-03 09:42:00+09:00,2360.0,2385.0,2360.0,2385.0,16352,0.0,0.0
2024-07-03 09:43:00+09:00,2375.0,2385.0,2370.0,2385.0,4851,0.0,0.0
2024-07-03 09:44:00+09:00,2385.0,2390.0,2385.0,2390.0,4021,0.0,0.0
2024-07-03 09:45:00+09:00,2385.0,2390.0,2380.0,2390.0,169,0.0,0.0
2024-07-03 09:46:00+09:00,2390.0,2390.0,2390.0,2390.0,69,0.0,0.0
2024-07-03 09:47:00+09:00,2385.0,2385.0,2380.0,2380.0,1275,0.0,0.0
2024-07-03 09:48:00+09:00,2385.0,2385.0,2380.0,2380.0,526,0.0,0.0
2024-07-03 09:49:00+09:00,2380.0,2385.0,2380.0,2385.0,589,0.0,0.0
2024-07-03 09:51:00+09:00,2385.0,2385.0,2380.0,2385.0,77,0.0,0.0
2024-07-03 09:52:00+09:00,2380.0,2385.0,2380.0,2385.0,99,0.0,0.0
2024-07-03 09:53:00+09:00,2380.0,2380.0,2375.0,2380.0,3794,0.0,0.0
2024-07-03 09:54:00+09:00,2380.0,2385.0,2380.0,2385.0,2571,0.0,0.0
2024-07-03 09:55:00+09:00,2385.0,2395.0,2380.0,2395.0,4972,0.0,0.0
2024-07-03 09:56:00+09:00,2390.0,2395.0,2390.0,2395.0,6007,0.0,0.0
2024-07-03 09:57:00+09:00,2395.0,2395.0,2395.0,2395.0,1500,0.0,0.0
2024-07-03 09:58:00+09:00,2400.0,2400.0,2380.0,2380.0,55493,0.0,0.0
2024-07-03 09:59:00+09:00,2380.0,2395.0,2375.0,2395.0,7818,0.0,0.0
2024-07-03 10:00:00+09:00,2390.0,2390.0,2390.0,2390.0,126,0.0,0.0
2024-07-03 10:01:00+09:00,2390.0,2390.0,2375.0,2385.0,10400,0.0,0.0
2024-07-03 10:02:00+09:00,2385.0,2385.0,2385.0,2385.0,1,0.0,0.0
2024-07-03 10:03:00+09:00,2380.0,2390.0,2380.0,2385.0,2534,0.0,0.0
2024-07-03 10:04:00+09:00,2385.0,2385.0,2385.0,2385.0,33,0.0,0.0
2024-07-03 10:05:00+09:00,2385.0,2390.0,2365.0,2365.0,11674,0.0,0.0
2024-07-03 10:06:00+09:00,2370.0,2370.0,2365.0,2370.0,1266,0.0,0.0
2024-07-03 10:07:00+09:00,2365.0,2370.0,2360.0,2370.0,212,0.0,0.0
2024-07-03 10:08:00+09:00,2370.0,2370.0,2365.0,2370.0,215,0.0,0.0
2024-07-03 10:11:00+09:00,2355.0,2355.0,2355.0,2355.0,0,0.0,0.0
2024-07-03 10:12:00+09:00,2355.0,2355.0,2350.0,2355.0,376838,0.0,0.0
2024-07-03 10:13:00+09:00,2355.0,2365.0,2355.0,2365.0,2271,0.0,0.0
2024-07-03 10:14:00+09:00,2365.0,2365.0,2365.0,2365.0,243,0.0,0.0
2024-07-03 10:15:00+09:00,2365.0,2365.0,2360.0,2360.0,105,0.0,0.0
2024-07-03 10:16:00+09:00,2360.0,2360.0,2355.0,2360.0,449,0.0,0.0
2024-07-03 10:17:00+09:00,2355.0,2360.0,2355.0,2360.0,778,0.0,0.0
2024-07-03 10:18:00+09:00,2360.0,2360.0,2360.0,2360.0,0,0.0,0.0
2024-07-03 10:20:00+09:00,2360.0,2365.0,2360.0,2365.0,1759,0.0,0.0
2024-07-03 10:21:00+09:00,2365.0,2365.0,2365.0,2365.0,7,0.0,0.0
2024-07-03 10:22:00+09:00,2360.0,2365.0,2360.0,2365.0,532,0.0,0.0
2024-07-03 10:23:00+09:00,2360.0,2365.0,2360.0,2360.0,3353,0.0,0.0
2024-07-03 10:24:00+09:00,2360.0,2360.0,2355.0,2360.0,0,0.0,0.0
2024-07-03 10:25:00+09:00,2360.0,2360.0,2355.0,2360.0,118,0.0,0.0
2024-07-03 10:26:00+09:00,2360.0,2365.0,2360.0,2365.0,3504,0.0,0.0
2024-07-03 10:27:00+09:00,2370.0,2370.0,2360.0,2370.0,3523,0.0,0.0
2024-07-03 10:28:00+09:00,2360.0,2380.0,2360.0,2380.0,8512,0.0,0.0
2024-07-03 10:29:00+09:00,2380.0,2380.0,2375.0,2375.0,0,0.0,0.0
2024-07-03 10:30:00+09:00,2375.0,2380.0,2375.0,2375.0,1123,0.0,0.0
2024-07-03 10:31:00+09:00,2380.0,2385.0,2375.0,2375.0,2307,0.0,0.0
2024-07-03 10:32:00+09:00,2375.0,2375.0,2370.0,2375.0,3555,0.0,0.0
2024-07-03 10:33:00+09:00,2375.0,2375.0,2375.0,2375.0,2,0.0,0.0
2024-07-03 10:34:00+09:00,2375.0,2375.0,2370.0,2370.0,2,0.0,0.0
2024-07-03 10:35:00+09:00,2375.0,2380.0,2375.0,2380.0,5942,0.0,0.0
2024-07-03 10:36:00+09:00,2380.0,2380.0,2370.0,2375.0,123,0.0,0.0
2024-07-03 10:37:00+09:00,2375.0,2375.0,2375.0,2375.0,600,0.0,0.0
2024-07-03 10:38:00+09:00,2375.0,2375.0,2375.0,2375.0,1700,0.0,0.0
2024-07-03 10:39:00+09:00,2370.0,2375.0,2370.0,2375.0,0,0.0,0.0
2024-07-03 10:40:00+09:00,2375.0,2375.0,2375.0,2375.0,0,0.0,0.0
2024-07-03 10:41:00+09:00,2375.0,2375.0,2375.0,2375.0,434,0.0,0.0
2024-07-03 10:42:00+09:00,2375.0,2375.0,2375.0,2375.0,1059,0.0,0.0
2024-07-03 10:43:00+09:00,2375.0,2375.0,2370.0,2375.0,4631,0.0,0.0
2024-07-03 10:44:00+09:00,2370.0,2370.0,2370.0,2370.0,25,0.0,0.0
2024-07-03 10:45:00+09:00,2375.0,2375.0,2375.0,2375.0,2687,0.0,0.0
2024-07-03 10:47:00+09:00,2380.0,2380.0,2380.0,2380.0,0,0.0,0.0
2024-07-03 10:48:00+09:00,2370.0,2370.0,2370.0,2370.0,2327,0.0,0.0
2024-07-03 10:49:00+09:00,2375.0,2375.0,2375.0,2375.0,0,0.0,0.0
2024-07-03 10:51:00+09:00,2375.0,2375.0,2375.0,2375.0,2,0.0,0.0
2024-07-03 10:52:00+09:00,2370.0,2375.0,2370.0,2370.0,1904,0.0,0.0
2024-07-03 10:53:00+09:00,2370.0,2370.0,2370.0,2370.0,0,0.0,0.0
2024-07-03 10:54:00+09:00,2370.0,2370.0,2365.0,2365.0,2975,0.0,0.0
2024-07-03 10:55:00+09:00,2370.0,2370.0,2370.0,2370.0,1033,0.0,0.0
2024-07-03 10:56:00+09:00,2370.0,2370.0,2370.0,2370.0,536,0.0,0.0
2024-07-03 10:57:00+09:00,2370.0,2385.0,2370.0,2380.0,24990,0.0,0.0
2024-07-03 10:58:00+09:00,2385.0,2385.0,2380.0,2385.0,12977,0.0,0.0
2024-07-03 10:59:00+09:00,2380.0,2380.0,2380.0,2380.0,4604,0.0,0.0
2024-07-03 11:00:00+09:00,2380.0,2380.0,2380.0,2380.0,96,0.0,0.0
2024-07-03 11:01:00+09:00,2380.0,2380.0,2370.0,2370.0,316,0.0,0.0
2024-07-03 11:02:00+09:00,2370.0,2370.0,2370.0,2370.0,883,0.0,0.0
2024-07-03 11:04:00+09:00,2370.0,2370.0,2370.0,2370.0,5370,0.0,0.0
2024-07-03 11:05:00+09:00,2370.0,2380.0,2370.0,2380.0,0,0.0,0.0
2024-07-03 11:06:00+09:00,2380.0,2380.0,2380.0,2380.0,1034,0.0,0.0
2024-07-03 11:08:00+09:00,2370.0,2385.0,2370.0,2385.0,9427,0.0,0.0
2024-07-03 11:09:00+09:00,2390.0,2400.0,2390.0,2400.0,35917,0.0,0.0
2024-07-03 11:10:00+09:00,2400.0,2400.0,2400.0,2400.0,661,0.0,0.0
2024-07-03 11:11:00+09:00,2400.0,2405.0,2400.0,2400.0,7226,0.0,0.0
2024-07-03 11:12:00+09:00,2400.0,2400.0,2400.0,2400.0,0,0.0,0.0
2024-07-03 11:13:00+09:00,2400.0,2400.0,2395.0,2400.0,3705,0.0,0.0
2024-07-03 11:14:00+09:00,2400.0,2400.0,2400.0,2400.0,0,0.0,0.0
2024-07-03 11:17:00+09:00,2395.0,2400.0,2395.0,2395.0,236,0.0,0.0
2024-07-03 11:18:00+09:00,2400.0,2400.0,2400.0,2400.0,2400,0.0,0.0
2024-07-03 11:19:00+09:00,2400.0,2420.0,2400.0,2415.0,19036,0.0,0.0
2024-07-03 11:20:00+09:00,2415.0,2435.0,2415.0,2435.0,7167,0.0,0.0
2024-07-03 11:21:00+09:00,2435.0,2450.0,2430.0,2430.0,15909,0.0,0.0
2024-07-03 11:22:00+09:00,2430.0,2435.0,2425.0,2425.0,3887,0.0,0.0
2024-07-03 11:23:00+09:00,2420.0,2425.0,2420.0,2425.0,2175,0.0,0.0
2024-07-03 11:24:00+09:00,2425.0,2425.0,2420.0,2425.0,0,0.0,0.0
2024-07-03 11:25:00+09:00,2425.0,2430.0,2425.0,2430.0,5376,0.0,0.0
2024-07-03 11:26:00+09:00,2430.0,2430.0,2420.0,2420.0,0,0.0,0.0
2024-07-03 11:27:00+09:00,2425.0,2430.0,2425.0,2430.0,1744,0.0,0.0
2024-07-03 11:28:00+09:00,2430.0,2430.0,2425.0,2430.0,309,0.0,0.0
2024-07-03 11:29:00+09:00,2425.0,2430.0,2420.0,2430.0,4833,0.0,0.0
2024-07-03 11:30:00+09:00,2435.0,2435.0,2435.0,2435.0,0,0.0,0.0
2024-07-03 11:31:00+09:00,2435.0,2435.0,2430.0,2430.0,5050,0.0,0.0
2024-07-03 11:32:00+09:00,2435.0,2445.0,2435.0,2445.0,1488,0.0,0.0
2024-07-03 11:33:00+09:00,2445.0,2450.0,2445.0,2450.0,1413,0.0,0.0
2024-07-03 11:34:00+09:00,2450.0,2450.0,2440.0,2440.0,10796,0.0,0.0
2024-07-03 11:35:00+09:00,2445.0,2445.0,2435.0,2440.0,0,0.0,0.0
2024-07-03 11:36:00+09:00,2435.0,2435.0,2430.0,2430.0,911,0.0,0.0
2024-07-03 11:37:00+09:00,2425.0,2425.0,2420.0,2420.0,2945,0.0,0.0
2024-07-03 11:38:00+09:00,2420.0,2420.0,2410.0,2420.0,11288,0.0,0.0
2024-07-03 11:39:00+09:00,2425.0,2430.0,2425.0,2430.0,1607,0.0,0.0
2024-07-03 11:40:00+09:00,2430.0,2430.0,2430.0,2430.0,480,0.0,0.0
2024-07-03 11:41:00+09:00,2435.0,2435.0,2435.0,2435.0,255,0.0,0.0
2024-07-03 11:43:00+09:00,2435.0,2435.0,2430.0,2430.0,6,0.0,0.0
2024-07-03 11:44:00+09:00,2425.0,2425.0,2425.0,2425.0,220,0.0,0.0
2024-07-03 11:45:00+09:00,2425.0,2425.0,2420.0,2420.0,1195,0.0,0.0
2024-07-03 11:46:00+09:00,2420.0,2420.0,2420.0,2420.0,0,0.0,0.0
2024-07-03 11:47:00+09:00,2420.0,2420.0,2420.0,2420.0,774,0.0,0.0
2024-07-03 11:48:00+09:00,2420.0,2420.0,2420.0,2420.0,405,0.0,0.0
2024-07-03 11:49:00+09:00,2420.0,2420.0,2420.0,2420.0,536,0.0,0.0
2024-07-03 11:50:00+09:00,2420.0,2420.0,2420.0,2420.0,555,0.0,0.0
2024-07-03 11:51:00+09:00,2420.0,2420.0,2420.0,2420.0,10,0.0,0.0
2024-07-03 11:52:00+09:00,2420.0,2420.0,2420.0,2420.0,51,0.0,0.0
2024-07-03 11:53:00+09:00,2420.0,2420.0,2420.0,2420.0,0,0.0,0.0
2024-07-03 11:54:00+09:00,2420.0,2420.0,2420.0,2420.0,516,0.0,0.0
2024-07-03 11:55:00+09:00,2420.0,2420.0,2420.0,2420.0,471,0.0,0.0
2024-07-03 11:57:00+09:00,2415.0,2415.0,2415.0,2415.0,552,0.0,0.0
2024-07-03 11:58:00+09:00,2415.0,2415.0,2410.0,2410.0,5755,0.0,0.0
2024-07-03 11:59:00+09:00,2405.0,2415.0,2400.0,2415.0,48002,0.0,0.0
2024-07-03 12:01:00+09:00,2415.0,2415.0,2415.0,2415.0,1,0.0,0.0
2024-07-03 12:02:00+09:00,2415.0,2415.0,2400.0,2400.0,15170,0.0,0.0
2024-07-03 12:03:00+09:00,2400.0,2415.0,2400.0,2415.0,0,0.0,0.0
2024-07-03 12:04:00+09:00,2405.0,2405.0,2405.0,2405.0,2,0.0,0.0
2024-07-03 12:05:00+09:00,2410.0,2410.0,2410.0,2410.0,3,0.0,0.0
2024-07-03 12:06:00+09:00,2400.0,2405.0,2400.0,2405.0,145,0.0,0.0
2024-07-03 12:07:00+09:00,2405.0,2405.0,2405.0,2405.0,439,0.0,0.0
2024-07-03 12:08:00+09:00,2405.0,2405.0,2405.0,2405.0,82,0.0,0.0
2024-07-03 12:10:00+09:00,2405.0,2410.0,2405.0,2405.0,807,0.0,0.0
2024-07-03 12:12:00+09:00,2405.0,2405.0,2405.0,2405.0,0,0.0,0.0
2024-07-03 12:14:00+09:00,2405.0,2405.0,2400.0,2400.0,10639,0.0,0.0
2024-07-03 12:15:00+09:00,2400.0,2405.0,2400.0,2405.0,0,0.0,0.0
2024-07-03 12:16:00+09:00,2405.0,2405.0,2405.0,2405.0,0,0.0,0.0
2024-07-03 12:18:00+09:00,2405.0,2405.0,2405.0,2405.0,0,0.0,0.0
2024-07-03 12:19:00+09:00,2410.0,2410.0,2410.0,2410.0,70,0.0,0.0
2024-07-03 12:22:00+09:00,2405.0,2405.0,2405.0,2405.0,5792,0.0,0.0
2024-07-03 12:23:00+09:00,2410.0,2410.0,2410.0,2410.0,2040,0.0,0.0
2024-07-03 12:24:00+09:00,2405.0,2410.0,2405.0,2410.0,616,0.0,0.0
2024-07-03 12:25:00+09:00,2405.0,2405.0,2405.0,2405.0,0,0.0,0.0
2024-07-03 12:27:00+09:00,2415.0,2425.0,2415.0,2425.0,6676,0.0,0.0
2024-07-03 12:28:00+09:00,2430.0,2430.0,2430.0,2430.0,0,0.0,0.0
2024-07-03 12:29:00+09:00,2435.0,2435.0,2435.0,2435.0,155,0.0,0.0
2024-07-03 12:30:00+09:00,2435.0,2435.0,2425.0,2425.0,4878,0.0,0.0
2024-07-03 12:31:00+09:00,2425.0,2425.0,2425.0,2425.0,1327,0.0,0.0
2024-07-03 12:33:00+09:00,2425.0,2425.0,2420.0,2420.0,2885,0.0,0.0
2024-07-03 12:34:00+09:00,2420.0,2420.0,2415.0,2415.0,3515,0.0,0.0
2024-07-03 12:35:00+09:00,2425.0,2425.0,2425.0,2425.0,0,0.0,0.0
2024-07-03 12:37:00+09:00,2415.0,2415.0,2415.0,2415.0,1404,0.0,0.0
2024-07-03 12:38:00+09:00,2415.0,2420.0,2415.0,2420.0,1365,0.0,0.0
2024-07-03 12:41:00+09:00,2420.0,2420.0,2420.0,2420.0,663,0.0,0.0
2024-07-03 12:42:00+09:00,2420.0,2420.0,2420.0,2420.0,3252,0.0,0.0
2024-07-03 12:43:00+09:00,2420.0,2420.0,2410.0,2410.0,3425,0.0,0.0
2024-07-03 12:44:00+09:00,2425.0,2425.0,2415.0,2415.0,2717,0.0,0.0
2024-07-03 12:45:00+09:00,2430.0,2430.0,2420.0,2430.0,2314,0.0,0.0
2024-07-03 12:46:00+09:00,2430.0,2440.0,2430.0,2440.0,3523,0.0,0.0
2024-07-03 12:47:00+09:00,2435.0,2435.0,2435.0,2435.0,197,0.0,0.0
2024-07-03 12:48:00+09:00,2440.0,2445.0,2440.0,2445.0,2130,0.0,0.0
2024-07-03 12:49:00+09:00,2445.0,2445.0,2445.0,2445.0,1299,0.0,0.0
2024-07-03 12:50:00+09:00,2450.0,2450.0,2440.0,2445.0,198,0.0,0.0
2024-07-03 12:51:00+09:00,2440.0,2440.0,2440.0,2440.0,667,0.0,0.0
2024-07-03 12:52:00+09:00,2440.0,2445.0,2440.0,2445.0,609,0.0,0.0
2024-07-03 12:53:00+09:00,2445.0,2450.0,2440.0,2450.0,2118,0.0,0.0
2024-07-03 12:54:00+09:00,2450.0,2450.0,2450.0,2450.0,1972,0.0,0.0
2024-07-03 12:55:00+09:00,2450.0,2450.0,2445.0,2445.0,5281,0.0,0.0
2024-07-03 12:56:00+09:00,2440.0,2445.0,2425.0,2430.0,9823,0.0,0.0
2024-07-03 12:57:00+09:00,2430.0,2435.0,2425.0,2435.0,11691,0.0,0.0
2024-07-03 12:58:00+09:00,2435.0,2445.0,2430.0,2445.0,2212,0.0,0.0
2024-07-03 12:59:00+09:00,2445.0,2445.0,2445.0,2445.0,83,0.0,0.0
2024-07-03 13:00:00+09:00,2435.0,2435.0,2430.0,2435.0,4905,0.0,0.0
2024-07-03 13:01:00+09:00,2440.0,2440.0,2440.0,2440.0,0,0.0,0.0
2024-07-03 13:02:00+09:00,2440.0,2440.0,2430.0,2440.0,85,0.0,0.0
2024-07-03 13:03:00+09:00,2435.0,2440.0,2435.0,2435.0,505,0.0,0.0
2024-07-03 13:04:00+09:00,2435.0,2435.0,2430.0,2430.0,2922,0.0,0.0
2024-07-03 13:05:00+09:00,2430.0,2430.0,2430.0,2430.0,89,0.0,0.0
2024-07-03 13:06:00+09:00,2435.0,2435.0,2425.0,2435.0,7386,0.0,0.0
2024-07-03 13:07:00+09:00,2435.0,2435.0,2430.0,2435.0,5786,0.0,0.0
2024-07-03 13:08:00+09:00,2435.0,2440.0,2430.0,2435.0,8039,0.0,0.0
2024-07-03 13:09:00+09:00,2435.0,2440.0,2435.0,2440.0,1981,0.0,0.0
2024-07-03 13:10:00+09:00,2440.0,2440.0,2430.0,2435.0,2998,0.0,0.0
2024-07-03 13:11:00+09:00,2430.0,2430.0,2425.0,2425.0,2568,0.0,0.0
2024-07-03 13:12:00+09:00,2430.0,2430.0,2425.0,2425.0,3987,0.0,0.0
2024-07-03 13:13:00+09:00,2425.0,2435.0,2425.0,2435.0,5655,0.0,0.0
2024-07-03 13:14:00+09:00,2430.0,2430.0,2425.0,2425.0,4001,0.0,0.0
2024-07-03 13:15:00+09:00,2430.0,2430.0,2420.0,2420.0,1668,0.0,0.0
2024-07-03 13:16:00+09:00,2420.0,2420.0,2420.0,2420.0,7813,0.0,0.0
2024-07-03 13:17:00+09:00,2415.0,2420.0,2410.0,2420.0,7438,0.0,0.0
2024-07-03 13:18:00+09:00,2410.0,2410.0,2410.0,2410.0,2688,0.0,0.0
2024-07-03 13:19:00+09:00,2410.0,2415.0,2410.0,2415.0,3995,0.0,0.0
2024-07-03 13:20:00+09:00,2415.0,2415.0,2415.0,2415.0,1234,0.0,0.0
2024-07-03 13:21:00+09:00,2415.0,2415.0,2415.0,2415.0,588,0.0,0.0
2024-07-03 13:22:00+09:00,2415.0,2415.0,2415.0,2415.0,39,0.0,0.0
2024-07-03 13:23:00+09:00,2415.0,2415.0,2415.0,2415.0,1583,0.0,0.0
2024-07-03 13:24:00+09:00,2410.0,2410.0,2410.0,2410.0,3744,0.0,0.0
2024-07-03 13:25:00+09:00,2410.0,2410.0,2405.0,2405.0,7438,0.0,0.0
2024-07-03 13:26:00+09:00,2405.0,2410.0,2400.0,2410.0,16191,0.0,0.0
2024-07-03 13:27:00+09:00,2405.0,2405.0,2400.0,2400.0,6675,0.0,0.0
2024-07-03 13:28:00+09:00,2400.0,2415.0,2400.0,2400.0,26386,0.0,0.0
2024-07-03 13:29:00+09:00,2415.0,2415.0,2400.0,2400.0,12737,0.0,0.0
2024-07-03 13:30:00+09:00,2400.0,2415.0,2400.0,2400.0,15752,0.0,0.0
2024-07-03 13:31:00+09:00,2415.0,2435.0,2415.0,2435.0,957,0.0,0.0
2024-07-03 13:32:00+09:00,2435.0,2435.0,2415.0,2430.0,1016,0.0,0.0
2024-07-03 13:33:00+09:00,2410.0,2410.0,2410.0,2410.0,1549,0.0,0.0
2024-07-03 13:35:00+09:00,2410.0,2410.0,2410.0,2410.0,4158,0.0,0.0
2024-07-03 13:36:00+09:00,2410.0,2410.0,2410.0,2410.0,0,0.0,0.0
2024-07-03 13:37:00+09:00,2405.0,2405.0,2405.0,2405.0,324,0.0,0.0
2024-07-03 13:40:00+09:00,2415.0,2415.0,2410.0,2415.0,565,0.0,0.0
2024-07-03 13:42:00+09:00,2415.0,2415.0,2415.0,2415.0,0,0.0,0.0
2024-07-03 13:45:00+09:00,2415.0,2415.0,2415.0,2415.0,0,0.0,0.0
2024-07-03 13:46:00+09:00,2420.0,2425.0,2420.0,2425.0,941,0.0,0.0
2024-07-03 13:47:00+09:00,2420.0,2420.0,2420.0,2420.0,0,0.0,0.0
2024-07-03 13:48:00+09:00,2425.0,2425.0,2425.0,2425.0,299,0.0,0.0
2024-07-03 13:49:00+09:00,2415.0,2415.0,2415.0,2415.0,818,0.0,0.0
2024-07-03 13:50:00+09:00,2415.0,2415.0,2415.0,2415.0,0,0.0,0.0
2024-07-03 13:52:00+09:00,2415.0,2425.0,2415.0,2425.0,10228,0.0,0.0
2024-07-03 13:53:00+09:00,2425.0,2425.0,2425.0,2425.0,32,0.0,0.0
2024-07-03 13:56:00+09:00,2425.0,2425.0,2425.0,2425.0,329,0.0,0.0
2024-07-03 13:57:00+09:00,2430.0,2440.0,2430.0,2435.0,15546,0.0,0.0
2024-07-03 13:58:00+09:00,2435.0,2435.0,2435.0,2435.0,0,0.0,0.0
2024-07-03 13:59:00+09:00,2435.0,2435.0,2435.0,2435.0,2428,0.0,0.0
2024-07-03 14:00:00+09:00,2435.0,2445.0,2435.0,2445.0,3588,0.0,0.0
2024-07-03 14:01:00+09:00,2445.0,2445.0,2440.0,2445.0,6456,0.0,0.0
2024-07-03 14:02:00+09:00,2450.0,2450.0,2445.0,2450.0,6415,0.0,0.0
2024-07-03 14:03:00+09:00,2450.0,2455.0,2450.0,2455.0,1764,0.0,0.0
2024-07-03 14:04:00+09:00,2455.0,2455.0,2450.0,2450.0,223,0.0,0.0
2024-07-03 14:05:00+09:00,2450.0,2450.0,2445.0,2450.0,3625,0.0,0.0
2024-07-03 14:06:00+09:00,2450.0,2450.0,2445.0,2450.0,3053,0.0,0.0
2024-07-03 14:07:00+09:00,2450.0,2450.0,2450.0,2450.0,0,0.0,0.0
2024-07-03 14:08:00+09:00,2450.0,2460.0,2450.0,2460.0,8711,0.0,0.0
2024-07-03 14:09:00+09:00,2460.0,2475.0,2460.0,2475.0,8146,0.0,0.0
2024-07-03 14:10:00+09:00,2475.0,2475.0,2470.0,2475.0,2605,0.0,0.0
2024-07-03 14:11:00+09:00,2475.0,2480.0,2470.0,2470.0,3496,0.0,0.0
2024-07-03 14:12:00+09:00,2480.0,2480.0,2470.0,2480.0,2196,0.0,0.0
2024-07-03 14:13:00+09:00,2480.0,2480.0,2475.0,2475.0,857,0.0,0.0
2024-07-03 14:14:00+09:00,2475.0,2475.0,2475.0,2475.0,4353,0.0,0.0
2024-07-03 14:15:00+09:00,2475.0,2480.0,2475.0,2475.0,4701,0.0,0.0
2024-07-03 14:16:00+09:00,2470.0,2470.0,2465.0,2470.0,8283,0.0,0.0
2024-07-03 14:17:00+09:00,2460.0,2465.0,2460.0,2465.0,2034,0.0,0.0
2024-07-03 14:18:00+09:00,2465.0,2465.0,2460.0,2460.0,1692,0.0,0.0
2024-07-03 14:19:00+09:00,2460.0,2465.0,2455.0,2455.0,19690,0.0,0.0
2024-07-03 14:20:00+09:00,2450.0,2450.0,2445.0,2445.0,14296,0.0,0.0
2024-07-03 14:21:00+09:00,2440.0,2440.0,2435.0,2440.0,19867,0.0,0.0
2024-07-03 14:22:00+09:00,2445.0,2460.0,2445.0,2460.0,6933,0.0,0.0
2024-07-03 14:23:00+09:00,2460.0,2465.0,2460.0,2465.0,3544,0.0,0.0
2024-07-03 14:24:00+09:00,2465.0,2475.0,2465.0,2465.0,9491,0.0,0.0
2024-07-03 14:25:00+09:00,2460.0,2465.0,2455.0,2455.0,3945,0.0,0.0
2024-07-03 14:27:00+09:00,2455.0,2455.0,2450.0,2450.0,1320,0.0,0.0
2024-07-03 14:28:00+09:00,2455.0,2455.0,2450.0,2455.0,879,0.0,0.0
2024-07-03 14:29:00+09:00,2450.0,2455.0,2450.0,2455.0,4303,0.0,0.0
2024-07-03 14:30:00+09:00,2450.0,2455.0,2450.0,2455.0,5665,0.0,0.0
2024-07-03 14:31:00+09:00,2460.0,2460.0,2455.0,2460.0,0,0.0,0.0
2024-07-03 14:32:00+09:00,2455.0,2460.0,2455.0,2460.0,4363,0.0,0.0
2024-07-03 14:33:00+09:00,2455.0,2455.0,2455.0,2455.0,0,0.0,0.0
2024-07-03 14:34:00+09:00,2460.0,2460.0,2460.0,2460.0,463,0.0,0.0
2024-07-03 14:35:00+09:00,2460.0,2460.0,2455.0,2455.0,1849,0.0,0.0
2024-07-03 14:36:00+09:00,2455.0,2455.0,2455.0,2455.0,0,0.0,0.0
2024-07-03 14:37:00+09:00,2460.0,2460.0,2455.0,2455.0,1461,0.0,0.0
2024-07-03 14:38:00+09:00,2450.0,2450.0,2440.0,2450.0,4565,0.0,0.0
2024-07-03 14:39:00+09:00,2450.0,2450.0,2450.0,2450.0,411,0.0,0.0
2024-07-03 14:40:00+09:00,2450.0,2450.0,2425.0,2430.0,29930,0.0,0.0
2024-07-03 14:41:00+09:00,2430.0,2430.0,2420.0,2420.0,1005,0.0,0.0
2024-07-03 14:42:00+09:00,2415.0,2415.0,2410.0,2410.0,7074,0.0,0.0
2024-07-03 14:43:00+09:00,2410.0,2420.0,2410.0,2420.0,5537,0.0,0.0
2024-07-03 14:44:00+09:00,2420.0,2430.0,2415.0,2415.0,13550,0.0,0.0
2024-07-03 14:45:00+09:00,2415.0,2415.0,2405.0,2410.0,16740,0.0,0.0
2024-07-03 14:46:00+09:00,2410.0,2410.0,2405.0,2405.0,2151,0.0,0.0
2024-07-03 14:47:00+09:00,2405.0,2405.0,2400.0,2400.0,12734,0.0,0.0
2024-07-03 14:48:00+09:00,2400.0,2400.0,2395.0,2400.0,11796,0.0,0.0
2024-07-03 14:49:00+09:00,2400.0,2400.0,2395.0,2395.0,5848,0.0,0.0
2024-07-03 14:50:00+09:00,2400.0,2400.0,2390.0,2395.0,12420,0.0,0.0
2024-07-03 14:51:00+09:00,2395.0,2400.0,2390.0,2400.0,2265,0.0,0.0
2024-07-03 14:52:00+09:00,2400.0,2400.0,2395.0,2400.0,638,0.0,0.0
2024-07-03 14:53:00+09:00,2400.0,2405.0,2400.0,2405.0,1079,0.0,0.0
2024-07-03 14:54:00+09:00,2400.0,2405.0,2400.0,2405.0,420,0.0,0.0
2024-07-03 14:55:00+09:00,2405.0,2405.0,2405.0,2405.0,592,0.0,0.0
2024-07-03 14:56:00+09:00,2405.0,2410.0,2405.0,2405.0,3016,0.0,0.0
2024-07-03 14:57:00+09:00,2405.0,2405.0,2385.0,2385.0,36360,0.0,0.0
2024-07-03 14:58:00+09:00,2385.0,2390.0,2385.0,2390.0,5723,0.0,0.0
2024-07-03 14:59:00+09:00,2390.0,2395.0,2385.0,2395.0,7158,0.0,0.0
2024-07-04 09:00:00+09:00,2415.0,2440.0,2415.0,2440.0,13032,0.0,0.0
2024-07-04 09:01:00+09:00,2450.0,2480.0,2450.0,2460.0,6595,0.0,0.0
2024-07-04 09:02:00+09:00,2460.0,2490.0,2460.0,2470.0,14352,0.0,0.0
2024-07-04 09:03:00+09:00,2470.0,2500.0,2460.0,2500.0,28210,0.0,0.0
2024-07-04 09:04:00+09:00,2500.0,2515.0,2490.0,2500.0,14329,0.0,0.0
2024-07-04 09:05:00+09:00,2505.0,2515.0,2505.0,2505.0,8385,0.0,0.0
2024-07-04 09:06:00+09:00,2505.0,2525.0,2505.0,2525.0,19928,0.0,0.0
2024-07-04 09:07:00+09:00,2525.0,2530.0,2520.0,2525.0,7964,0.0,0.0
2024-07-04 09:08:00+09:00,2520.0,2525.0,2485.0,2495.0,13090,0.0,0.0
2024-07-04 09:09:00+09:00,2485.0,2495.0,2480.0,2495.0,9099,0.0,0.0
2024-07-04 09:10:00+09:00,2500.0,2550.0,2500.0,2540.0,30757,0.0,0.0
2024-07-04 09:11:00+09:00,2540.0,2540.0,2510.0,2530.0,7815,0.0,0.0
2024-07-04 09:12:00+09:00,2530.0,2530.0,2515.0,2515.0,6882,0.0,0.0
2024-07-04 09:13:00+09:00,2520.0,2520.0,2510.0,2520.0,1492,0.0,0.0
2024-07-04 09:14:00+09:00,2510.0,2510.0,2505.0,2510.0,2092,0.0,0.0
2024-07-04 09:15:00+09:00,2505.0,2515.0,2505.0,2515.0,6598,0.0,0.0
2024-07-04 09:16:00+09:00,2510.0,2515.0,2510.0,2515.0,1434,0.0,0.0
2024-07-04 09:17:00+09:00,2520.0,2525.0,2515.0,2515.0,2793,0.0,0.0
2024-07-04 09:18:00+09:00,2515.0,2520.0,2515.0,2520.0,458,0.0,0.0
2024-07-04 09:19:00+09:00,2520.0,2520.0,2490.0,2500.0,12125,0.0,0.0
2024-07-04 09:20:00+09:00,2495.0,2500.0,2490.0,2490.0,9255,0.0,0.0
2024-07-04 09:21:00+09:00,2490.0,2495.0,2485.0,2490.0,4818,0.0,0.0
2024-07-04 09:22:00+09:00,2490.0,2490.0,2475.0,2475.0,7534,0.0,0.0
2024-07-04 09:23:00+09:00,2475.0,2480.0,2475.0,2475.0,317,0.0,0.0
2024-07-04 09:24:00+09:00,2475.0,2480.0,2475.0,2480.0,1655,0.0,0.0
2024-07-04 09:25:00+09:00,2485.0,2485.0,2475.0,2475.0,2453,0.0,0.0
2024-07-04 09:26:00+09:00,2480.0,2485.0,2480.0,2485.0,0,0.0,0.0
2024-07-04 09:27:00+09:00,2485.0,2485.0,2475.0,2475.0,3288,0.0,0.0
2024-07-04 09:28:00+09:00,2475.0,2480.0,2475.0,2480.0,0,0.0,0.0
2024-07-04 09:29:00+09:00,2485.0,2485.0,2475.0,2480.0,3493,0.0,0.0
2024-07-04 09:30:00+09:00,2490.0,2500.0,2490.0,2500.0,6372,0.0,0.0
2024-07-04 09:31:00+09:00,2505.0,2515.0,2505.0,2505.0,4402,0.0,0.0
2024-07-04 09:32:00+09:00,2505.0,2505.0,2505.0,2505.0,1434,0.0,0.0
2024-07-04 09:33:00+09:00,2505.0,2505.0,2500.0,2500.0,2449,0.0,0.0
2024-07-04 09:34:00+09:00,2500.0,2505.0,2500.0,2505.0,6756,0.0,0.0
2024-07-04 09:35:00+09:00,2505.0,2530.0,2505.0,2525.0,9334,0.0,0.0
2024-07-04 09:36:00+09:00,2530.0,2530.0,2530.0,2530.0,0,0.0,0.0
2024-07-04 09:37:00+09:00,2530.0,2535.0,2525.0,2535.0,3090,0.0,0.0
2024-07-04 09:38:00+09:00,2535.0,2545.0,2535.0,2540.0,15450,0.0,0.0
2024-07-04 09:39:00+09:00,2535.0,2545.0,2535.0,2545.0,11641,0.0,0.0
2024-07-04 09:40:00+09:00,2545.0,2545.0,2540.0,2540.0,3612,0.0,0.0
2024-07-04 09:41:00+09:00,2545.0,2550.0,2545.0,2545.0,4711,0.0,0.0
2024-07-04 09:42:00+09:00,2545.0,2545.0,2530.0,2530.0,4237,0.0,0.0
2024-07-04 09:43:00+09:00,2530.0,2550.0,2530.0,2545.0,4941,0.0,0.0
2024-07-04 09:44:00+09:00,2550.0,2560.0,2550.0,2555.0,10700,0.0,0.0
2024-07-04 09:45:00+09:00,2555.0,2560.0,2545.0,2555.0,6605,0.0,0.0
2024-07-04 09:46:00+09:00,2550.0,2550.0,2545.0,2550.0,3202,0.0,0.0
2024-07-04 09:47:00+09:00,2545.0,2550.0,2545.0,2550.0,3589,0.0,0.0
2024-07-04 09:48:00+09:00,2545.0,2550.0,2545.0,2545.0,5125,0.0,0.0
2024-07-04 09:49:00+09:00,2545.0,2545.0,2535.0,2535.0,6258,0.0,0.0
2024-07-04 09:50:00+09:00,2530.0,2545.0,2525.0,2545.0,10322,0.0,0.0
2024-07-04 09:51:00+09:00,2530.0,2535.0,2530.0,2535.0,3967,0.0,0.0
2024-07-04 09:52:00+09:00,2535.0,2540.0,2530.0,2530.0,3545,0.0,0.0
2024-07-04 09:53:00+09:00,2530.0,2530.0,2530.0,2530.0,0,0.0,0.0
2024-07-04 09:54:00+09:00,2525.0,2530.0,2525.0,2525.0,8793,0.0,0.0
2024-07-04 09:55:00+09:00,2525.0,2525.0,2525.0,2525.0,797,0.0,0.0
2024-07-04 09:56:00+09:00,2530.0,2530.0,2525.0,2530.0,4290,0.0,0.0
2024-07-04 09:57:00+09:00,2530.0,2530.0,2530.0,2530.0,0,0.0,0.0
2024-07-04 09:58:00+09:00,2525.0,2535.0,2525.0,2525.0,1311,0.0,0.0
2024-07-04 09:59:00+09:00,2525.0,2540.0,2525.0,2530.0,5117,0.0,0.0
2024-07-04 10:00:00+09:00,2530.0,2530.0,2525.0,2530.0,7563,0.0,0.0
2024-07-04 10:01:00+09:00,2530.0,2535.0,2530.0,2535.0,2426,0.0,0.0
2024-07-04 10:03:00+09:00,2530.0,2540.0,2525.0,2540.0,9004,0.0,0.0
2024-07-04 10:04:00+09:00,2540.0,2540.0,2530.0,2530.0,3176,0.0,0.0
2024-07-04 10:05:00+09:00,2535.0,2535.0,2530.0,2535.0,2494,0.0,0.0
2024-07-04 10:06:00+09:00,2535.0,2540.0,2535.0,2540.0,457,0.0,0.0
2024-07-04 10:07:00+09:00,2540.0,2540.0,2535.0,2535.0,1575,0.0,0.0
2024-07-04 10:08:00+09:00,2535.0,2535.0,2535.0,2535.0,814,0.0,0.0
2024-07-04 10:09:00+09:00,2540.0,2545.0,2540.0,2545.0,2324,0.0,0.0
2024-07-04 10:10:00+09:00,2545.0,2555.0,2545.0,2555.0,10569,0.0,0.0
2024-07-04 10:11:00+09:00,2555.0,2565.0,2555.0,2560.0,16549,0.0,0.0
2024-07-04 10:12:00+09:00,2560.0,2565.0,2555.0,2555.0,6303,0.0,0.0
2024-07-04 10:13:00+09:00,2560.0,2565.0,2550.0,2550.0,5424,0.0,0.0
2024-07-04 10:14:00+09:00,2550.0,2550.0,2540.0,2540.0,4266,0.0,0.0
2024-07-04 10:15:00+09:00,2535.0,2535.0,2525.0,2525.0,5008,0.0,0.0
2024-07-04 10:16:00+09:00,2525.0,2525.0,2525.0,2525.0,7129,0.0,0.0
2024-07-04 10:17:00+09:00,2525.0,2525.0,2525.0,2525.0,0,0.0,0.0
2024-07-04 10:18:00+09:00,2525.0,2525.0,2515.0,2515.0,2589,0.0,0.0
2024-07-04 10:19:00+09:00,2515.0,2515.0,2510.0,2510.0,4423,0.0,0.0
2024-07-04 10:20:00+09:00,2510.0,2515.0,2510.0,2515.0,653,0.0,0.0
2024-07-04 10:21:00+09:00,2515.0,2515.0,2515.0,2515.0,299,0.0,0.0
2024-07-04 10:22:00+09:00,2515.0,2520.0,2515.0,2520.0,843,0.0,0.0
2024-07-04 10:23:00+09:00,2520.0,2520.0,2520.0,2520.0,80,0.0,0.0
2024-07-04 10:24:00+09:00,2520.0,2525.0,2520.0,2525.0,1342,0.0,0.0
2024-07-04 10:25:00+09:00,2525.0,2525.0,2515.0,2525.0,530,0.0,0.0
2024-07-04 10:26:00+09:00,2525.0,2530.0,2525.0,2530.0,67,0.0,0.0
2024-07-04 10:27:00+09:00,2520.0,2530.0,2520.0,2530.0,10,0.0,0.0
2024-07-04 10:28:00+09:00,2520.0,2530.0,2515.0,2530.0,2446,0.0,0.0
2024-07-04 10:29:00+09:00,2515.0,2525.0,2510.0,2525.0,4085,0.0,0.0
2024-07-04 10:30:00+09:00,2510.0,2520.0,2505.0,2515.0,5080,0.0,0.0
2024-07-04 10:31:00+09:00,2505.0,2510.0,2505.0,2510.0,634,0.0,0.0
2024-07-04 10:32:00+09:00,2510.0,2515.0,2510.0,2510.0,2131,0.0,0.0
2024-07-04 10:33:00+09:00,2515.0,2515.0,2500.0,2505.0,6866,0.0,0.0
2024-07-04 10:34:00+09:00,2505.0,2505.0,2500.0,2505.0,607,0.0,0.0
2024-07-04 10:35:00+09:00,2505.0,2505.0,2505.0,2505.0,733,0.0,0.0
2024-07-04 10:36:00+09:00,2505.0,2505.0,2505.0,2505.0,1853,0.0,0.0
2024-07-04 10:37:00+09:00,2505.0,2515.0,2505.0,2515.0,395,0.0,0.0
2024-07-04 10:38:00+09:00,2515.0,2515.0,2505.0,2505.0,1206,0.0,0.0
2024-07-04 10:40:00+09:00,2510.0,2515.0,2505.0,2510.0,1685,0.0,0.0
2024-07-04 10:41:00+09:00,2510.0,2510.0,2510.0,2510.0,99,0.0,0.0
2024-07-04 10:42:00+09:00,2505.0,2510.0,2505.0,2510.0,3009,0.0,0.0
2024-07-04 10:43:00+09:00,2510.0,2510.0,2505.0,2510.0,321,0.0,0.0
2024-07-04 10:44:00+09:00,2510.0,2510.0,2505.0,2510.0,1530,0.0,0.0
2024-07-04 10:45:00+09:00,2505.0,2510.0,2500.0,2505.0,644,0.0,0.0
2024-07-04 10:46:00+09:00,2505.0,2505.0,2505.0,2505.0,1735,0.0,0.0
2024-07-04 10:47:00+09:00,2510.0,2515.0,2510.0,2515.0,1401,0.0,0.0
2024-07-04 10:48:00+09:00,2515.0,2515.0,2510.0,2510.0,450,0.0,0.0
2024-07-04 10:49:00+09:00,2510.0,2510.0,2510.0,2510.0,802,0.0,0.0
2024-07-04 10:50:00+09:00,2505.0,2510.0,2505.0,2510.0,870,0.0,0.0
2024-07-04 10:52:00+09:00,2515.0,2515.0,2515.0,2515.0,64,0.0,0.0
2024-07-04 10:53:00+09:00,2515.0,2515.0,2515.0,2515.0,596,0.0,0.0
2024-07-04 10:54:00+09:00,2515.0,2515.0,2510.0,2515.0,73,0.0,0.0
2024-07-04 10:55:00+09:00,2515.0,2515.0,2515.0,2515.0,93,0.0,0.0
2024-07-04 10:56:00+09:00,2510.0,2515.0,2510.0,2515.0,60,0.0,0.0
2024-07-04 10:57:00+09:00,2515.0,2515.0,2510.0,2515.0,4319,0.0,0.0
2024-07-04 10:58:00+09:00,2515.0,2515.0,2510.0,2515.0,2281,0.0,0.0
2024-07-04 10:59:00+09:00,2515.0,2515.0,2515.0,2515.0,895,0.0,0.0
2024-07-04 11:01:00+09:00,2515.0,2515.0,2510.0,2510.0,0,0.0,0.0
2024-07-04 11:02:00+09:00,2515.0,2515.0,2515.0,2515.0,8,0.0,0.0
2024-07-04 11:03:00+09:00,2515.0,2525.0,2515.0,2525.0,10668,0.0,0.0
2024-07-04 11:04:00+09:00,2525.0,2535.0,2525.0,2530.0,2656,0.0,0.0
2024-07-04 11:05:00+09:00,2535.0,2535.0,2535.0,2535.0,123,0.0,0.0
2024-07-04 11:06:00+09:00,2535.0,2535.0,2525.0,2535.0,0,0.0,0.0
2024-07-04 11:07:00+09:00,2525.0,2530.0,2525.0,2530.0,1026,0.0,0.0
2024-07-04 11:08:00+09:00,2525.0,2530.0,2525.0,2530.0,30,0.0,0.0
2024-07-04 11:09:00+09:00,2530.0,2530.0,2530.0,2530.0,35,0.0,0.0
2024-07-04 11:10:00+09:00,2530.0,2530.0,2520.0,2530.0,1525,0.0,0.0
2024-07-04 11:11:00+09:00,2530.0,2530.0,2525.0,2530.0,1034,0.0,0.0
2024-07-04 11:12:00+09:00,2530.0,2540.0,2525.0,2530.0,12365,0.0,0.0
2024-07-04 11:13:00+09:00,2530.0,2535.0,2530.0,2535.0,3012,0.0,0.0
2024-07-04 11:14:00+09:00,2530.0,2535.0,2525.0,2530.0,22040,0.0,0.0
2024-07-04 11:15:00+09:00,2525.0,2530.0,2525.0,2530.0,3016,0.0,0.0
2024-07-04 11:16:00+09:00,2525.0,2525.0,2515.0,2515.0,7274,0.0,0.0
2024-07-04 11:17:00+09:00,2520.0,2530.0,2515.0,2530.0,2669,0.0,0.0
2024-07-04 11:18:00+09:00,2530.0,2530.0,2530.0,2530.0,19,0.0,0.0
2024-07-04 11:19:00+09:00,2530.0,2530.0,2525.0,2530.0,120,0.0,0.0
2024-07-04 11:20:00+09:00,2530.0,2530.0,2530.0,2530.0,12,0.0,0.0
2024-07-04 11:21:00+09:00,2530.0,2530.0,2530.0,2530.0,1534,0.0,0.0
2024-07-04 11:22:00+09:00,2530.0,2530.0,2530.0,2530.0,2,0.0,0.0
2024-07-04 11:23:00+09:00,2530.0,2530.0,2530.0,2530.0,253,0.0,0.0
2024-07-04 11:24:00+09:00,2530.0,2530.0,2525.0,2525.0,3211,0.0,0.0
2024-07-04 11:25:00+09:00,2520.0,2520.0,2520.0,2520.0,14386,0.0,0.0
2024-07-04 11:27:00+09:00,2515.0,2515.0,2515.0,2515.0,0,0.0,0.0
2024-07-04 11:28:00+09:00,2515.0,2515.0,2510.0,2510.0,10913,0.0,0.0
2024-07-04 11:30:00+09:00,2510.0,2510.0,2510.0,2510.0,50,0.0,0.0
2024-07-04 11:31:00+09:00,2515.0,2515.0,2515.0,2515.0,4222,0.0,0.0
2024-07-04 11:32:00+09:00,2510.0,2510.0,2510.0,2510.0,0,0.0,0.0
2024-07-04 11:33:00+09:00,2510.0,2510.0,2510.0,2510.0,24,0.0,0.0
2024-07-04 11:35:00+09:00,2510.0,2515.0,2510.0,2515.0,1487,0.0,0.0
2024-07-04 11:36:00+09:00,2515.0,2515.0,2515.0,2515.0,1226,0.0,0.0
2024-07-04 11:37:00+09:00,2515.0,2515.0,2515.0,2515.0,12,0.0,0.0
2024-07-04 11:38:00+09:00,2515.0,2515.0,2510.0,2510.0,3,0.0,0.0
2024-07-04 11:39:00+09:00,2510.0,2510.0,2510.0,2510.0,9,0.0,0.0
2024-07-04 11:40:00+09:00,2515.0,2515.0,2515.0,2515.0,195,0.0,0.0
2024-07-04 11:41:00+09:00,2515.0,2515.0,2515.0,2515.0,0,0.0,0.0
2024-07-04 11:42:00+09:00,2510.0,2510.0,2505.0,2505.0,5253,0.0,0.0
2024-07-04 11:43:00+09:00,2505.0,2505.0,2505.0,2505.0,344,0.0,0.0
2024-07-04 11:44:00+09:00,2505.0,2505.0,2505.0,2505.0,729,0.0,0.0
2024-07-04 11:45:00+09:00,2505.0,2505.0,2505.0,2505.0,2812,0.0,0.0
2024-07-04 11:46:00+09:00,2510.0,2510.0,2510.0,2510.0,0,0.0,0.0
2024-07-04 11:47:00+09:00,2510.0,2510.0,2510.0,2510.0,206,0.0,0.0
2024-07-04 11:49:00+09:00,2510.0,2510.0,2510.0,2510.0,2733,0.0,0.0
2024-07-04 11:50:00+09:00,2510.0,2515.0,2510.0,2510.0,102,0.0,0.0
2024-07-04 11:51:00+09:00,2510.0,2510.0,2500.0,2505.0,4099,0.0,0.0
2024-07-04 11:52:00+09:00,2500.0,2505.0,2500.0,2500.0,1237,0.0,0.0
2024-07-04 11:53:00+09:00,2505.0,2505.0,2495.0,2495.0,25452,0.0,0.0
2024-07-04 11:54:00+09:00,2495.0,2510.0,2495.0,2505.0,4187,0.0,0.0
2024-07-04 11:55:00+09:00,2505.0,2505.0,2505.0,2505.0,290,0.0,0.0
2024-07-04 11:56:00+09:00,2510.0,2510.0,2500.0,2500.0,4875,0.0,0.0
2024-07-04 11:57:00+09:00,2510.0,2510.0,2500.0,2500.0,102,0.0,0.0
2024-07-04 11:58:00+09:00,2510.0,2510.0,2500.0,2500.0,494,0.0,0.0
2024-07-04 11:59:00+09:00,2505.0,2505.0,2505.0,2505.0,149,0.0,0.0
2024-07-04 12:01:00+09:00,2500.0,2500.0,2500.0,2500.0,0,0.0,0.0
2024-07-04 12:02:00+09:00,2500.0,2500.0,2500.0,2500.0,201,0.0,0.0
2024-07-04 12:03:00+09:00,2500.0,2500.0,2500.0,2500.0,1152,0.0,0.0
2024-07-04 12:04:00+09:00,2500.0,2500.0,2500.0,2500.0,24,0.0,0.0
2024-07-04 12:05:00+09:00,2505.0,2505.0,2505.0,2505.0,5956,0.0,0.0
2024-07-04 12:06:00+09:00,2505.0,2505.0,2505.0,2505.0,0,0.0,0.0
2024-07-04 12:07:00+09:00,2505.0,2505.0,2505.0,2505.0,25,0.0,0.0
2024-07-04 12:09:00+09:00,2505.0,2505.0,2505.0,2505.0,595,0.0,0.0
2024-07-04 12:10:00+09:00,2500.0,2505.0,2500.0,2505.0,0,0.0,0.0
2024-07-04 12:11:00+09:00,2505.0,2505.0,2505.0,2505.0,617,0.0,0.0
2024-07-04 12:12:00+09:00,2505.0,2505.0,2505.0,2505.0,181,0.0,0.0
2024-07-04 12:13:00+09:00,2505.0,2505.0,2500.0,2500.0,409,0.0,0.0
2024-07-04 12:14:00+09:00,2505.0,2505.0,2505.0,2505.0,317,0.0,0.0
2024-07-04 12:15:00+09:00,2505.0,2505.0,2505.0,2505.0,1278,0.0,0.0
2024-07-04 12:16:00+09:00,2505.0,2505.0,2505.0,2505.0,0,0.0,0.0
2024-07-04 12:18:00+09:00,2505.0,2505.0,2505.0,2505.0,393,0.0,0.0
2024-07-04 12:19:00+09:00,2505.0,2505.0,2505.0,2505.0,700,0.0,0.0
2024-07-04 12:20:00+09:00,2500.0,2500.0,2500.0,2500.0,0,0.0,0.0
2024-07-04 12:21:00+09:00,2505.0,2505.0,2505.0,2505.0,2,0.0,0.0
2024-07-04 12:22:00+09:00,2505.0,2510.0,2505.0,2510.0,43,0.0,0.0
2024-07-04 12:23:00+09:00,2505.0,2505.0,2505.0,2505.0,42,0.0,0.0
2024-07-04 12:25:00+09:00,2510.0,2510.0,2510.0,2510.0,199,0.0,0.0
2024-07-04 12:26:00+09:00,2510.0,2510.0,2510.0,2510.0,208,0.0,0.0
2024-07-04 12:27:00+09:00,2510.0,2510.0,2510.0,2510.0,0,0.0,0.0
2024-07-04 12:28:00+09:00,2510.0,2510.0,2505.0,2510.0,930,0.0,0.0
2024-07-04 12:31:00+09:00,2510.0,2510.0,2510.0,2510.0,464,0.0,0.0
2024-07-04 12:32:00+09:00,2505.0,2505.0,2505.0,2505.0,779,0.0,0.0
2024-07-04 12:33:00+09:00,2505.0,2510.0,2505.0,2510.0,472,0.0,0.0
2024-07-04 12:34:00+09:00,2510.0,2510.0,2510.0,2510.0,319,0.0,0.0
2024-07-04 12:35:00+09:00,2510.0,2510.0,2505.0,2510.0,1410,0.0,0.0
2024-07-04 12:36:00+09:00,2510.0,2510.0,2510.0,2510.0,0,0.0,0.0
2024-07-04 12:37:00+09:00,2505.0,2510.0,2505.0,2510.0,710,0.0,0.0
2024-07-04 12:39:00+09:00,2510.0,2510.0,2510.0,2510.0,2598,0.0,0.0
2024-07-04 12:40:00+09:00,2510.0,2515.0,2510.0,2515.0,525,0.0,0.0
2024-07-04 12:41:00+09:00,2515.0,2515.0,2515.0,2515.0,1440,0.0,0.0
2024-07-04 12:42:00+09:00,2515.0,2515.0,2515.0,2515.0,75,0.0,0.0
2024-07-04 12:44:00+09:00,2515.0,2515.0,2515.0,2515.0,0,0.0,0.0
2024-07-04 12:45:00+09:00,2515.0,2515.0,2515.0,2515.0,225,0.0,0.0
2024-07-04 12:46:00+09:00,2515.0,2515.0,2515.0,2515.0,3096,0.0,0.0
2024-07-04 12:47:00+09:00,2515.0,2515.0,2515.0,2515.0,0,0.0,0.0
2024-07-04 12:48:00+09:00,2515.0,2515.0,2515.0,2515.0,182,0.0,0.0
2024-07-04 12:51:00+09:00,2515.0,2520.0,2515.0,2520.0,160,0.0,0.0
2024-07-04 12:52:00+09:00,2520.0,2520.0,2520.0,2520.0,10,0.0,0.0
2024-07-04 12:53:00+09:00,2520.0,2520.0,2520.0,2520.0,1,0.0,0.0
2024-07-04 12:55:00+09:00,2520.0,2520.0,2520.0,2520.0,0,0.0,0.0
2024-07-04 12:57:00+09:00,2515.0,2515.0,2515.0,2515.0,999,0.0,0.0
2024-07-04 12:58:00+09:00,2515.0,2515.0,2510.0,2510.0,644,0.0,0.0
2024-07-04 12:59:00+09:00,2510.0,2510.0,2510.0,2510.0,1976,0.0,0.0
2024-07-04 13:00:00+09:00,2510.0,2510.0,2510.0,2510.0,138,0.0,0.0
2024-07-04 13:01:00+09:00,2510.0,2510.0,2510.0,2510.0,1949,0.0,0.0
2024-07-04 13:03:00+09:00,2510.0,2510.0,2510.0,2510.0,0,0.0,0.0
2024-07-04 13:04:00+09:00,2510.0,2510.0,2510.0,2510.0,84,0.0,0.0
2024-07-04 13:05:00+09:00,2510.0,2510.0,2510.0,2510.0,460,0.0,0.0
2024-07-04 13:06:00+09:00,2505.0,2505.0,2505.0,2505.0,3671,0.0,0.0
2024-07-04 13:07:00+09:00,2505.0,2505.0,2505.0,2505.0,0,0.0,0.0
2024-07-04 13:08:00+09:00,2505.0,2510.0,2505.0,2505.0,50,0.0,0.0
2024-07-04 13:09:00+09:00,2505.0,2505.0,2505.0,2505.0,110,0.0,0.0
2024-07-04 13:10:00+09:00,2505.0,2505.0,2505.0,2505.0,36,0.0,0.0
2024-07-04 13:11:00+09:00,2500.0,2505.0,2500.0,2505.0,100,0.0,0.0
2024-07-04 13:13:00+09:00,2500.0,2500.0,2500.0,2500.0,0,0.0,0.0
2024-07-04 13:14:00+09:00,2500.0,2500.0,2495.0,2500.0,8741,0.0,0.0
2024-07-04 13:15:00+09:00,2500.0,2500.0,2495.0,2495.0,984,0.0,0.0
2024-07-04 13:16:00+09:00,2495.0,2495.0,2495.0,2495.0,0,0.0,0.0
2024-07-04 13:17:00+09:00,2495.0,2495.0,2495.0,2495.0,831,0.0,0.0
2024-07-04 13:19:00+09:00,2500.0,2500.0,2500.0,2500.0,1,0.0,0.0
2024-07-04 13:20:00+09:00,2500.0,2500.0,2500.0,2500.0,3,0.0,0.0
2024-07-04 13:22:00+09:00,2500.0,2500.0,2495.0,2495.0,2566,0.0,0.0
2024-07-04 13:23:00+09:00,2495.0,2495.0,2495.0,2495.0,0,0.0,0.0
2024-07-04 13:24:00+09:00,2500.0,2500.0,2500.0,2500.0,0,0.0,0.0
2024-07-04 13:26:00+09:00,2495.0,2495.0,2495.0,2495.0,2997,0.0,0.0
2024-07-04 13:27:00+09:00,2490.0,2490.0,2485.0,2485.0,14277,0.0,0.0
2024-07-04 13:28:00+09:00,2485.0,2485.0,2480.0,2480.0,1230,0.0,0.0
2024-07-04 13:29:00+09:00,2485.0,2485.0,2480.0,2485.0,1582,0.0,0.0
2024-07-04 13:30:00+09:00,2485.0,2485.0,2480.0,2480.0,2941,0.0,0.0
2024-07-04 13:31:00+09:00,2480.0,2480.0,2475.0,2480.0,1236,0.0,0.0
2024-07-04 13:32:00+09:00,2475.0,2475.0,2475.0,2475.0,758,0.0,0.0
2024-07-04 13:33:00+09:00,2475.0,2475.0,2475.0,2475.0,4100,0.0,0.0
2024-07-04 13:34:00+09:00,2475.0,2475.0,2475.0,2475.0,0,0.0,0.0
2024-07-04 13:35:00+09:00,2480.0,2480.0,2480.0,2480.0,0,0.0,0.0
2024-07-04 13:36:00+09:00,2475.0,2475.0,2475.0,2475.0,99,0.0,0.0
2024-07-04 13:37:00+09:00,2480.0,2480.0,2480.0,2480.0,4,0.0,0.0
2024-07-04 13:38:00+09:00,2480.0,2480.0,2480.0,2480.0,0,0.0,0.0
2024-07-04 13:39:00+09:00,2480.0,2480.0,2475.0,2475.0,371,0.0,0.0
2024-07-04 13:40:00+09:00,2475.0,2475.0,2475.0,2475.0,2032,0.0,0.0
2024-07-04 13:41:00+09:00,2475.0,2475.0,2475.0,2475.0,0,0.0,0.0
2024-07-04 13:42:00+09:00,2475.0,2475.0,2475.0,2475.0,0,0.0,0.0
2024-07-04 13:43:00+09:00,2475.0,2475.0,2470.0,2470.0,1091,0.0,0.0
2024-07-04 13:44:00+09:00,2475.0,2475.0,2475.0,2475.0,831,0.0,0.0
2024-07-04 13:45:00+09:00,2475.0,2475.0,2475.0,2475.0,0,0.0,0.0
2024-07-04 13:46:00+09:00,2475.0,2475.0,2475.0,2475.0,0,0.0,0.0
2024-07-04 13:47:00+09:00,2475.0,2480.0,2475.0,2480.0,5396,0.0,0.0
2024-07-04 13:48:00+09:00,2480.0,2485.0,2480.0,2485.0,0,0.0,0.0
2024-07-04 13:51:00+09:00,2490.0,2490.0,2490.0,2490.0,2,0.0,0.0
2024-07-04 13:53:00+09:00,2485.0,2485.0,2485.0,2485.0,155,0.0,0.0
2024-07-04 13:54:00+09:00,2490.0,2490.0,2490.0,2490.0,1626,0.0,0.0
2024-07-04 13:55:00+09:00,2490.0,2500.0,2490.0,2500.0,889,0.0,0.0
2024-07-04 13:56:00+09:00,2495.0,2500.0,2495.0,2500.0,82,0.0,0.0
2024-07-04 13:57:00+09:00,2500.0,2505.0,2500.0,2505.0,2209,0.0,0.0
2024-07-04 13:59:00+09:00,2505.0,2510.0,2505.0,2510.0,3431,0.0,0.0
2024-07-04 14:00:00+09:00,2505.0,2505.0,2505.0,2505.0,545,0.0,0.0
2024-07-04 14:02:00+09:00,2500.0,2505.0,2500.0,2505.0,124,0.0,0.0
2024-07-04 14:03:00+09:00,2505.0,2505.0,2505.0,2505.0,995,0.0,0.0
2024-07-04 14:04:00+09:00,2505.0,2505.0,2500.0,2505.0,307,0.0,0.0
2024-07-04 14:07:00+09:00,2500.0,2500.0,2500.0,2500.0,2016,0.0,0.0
2024-07-04 14:09:00+09:00,2505.0,2505.0,2500.0,2500.0,1140,0.0,0.0
2024-07-04 14:10:00+09:00,2500.0,2500.0,2500.0,2500.0,821,0.0,0.0
2024-07-04 14:11:00+09:00,2495.0,2495.0,2495.0,2495.0,5709,0.0,0.0
2024-07-04 14:12:00+09:00,2490.0,2495.0,2490.0,2495.0,0,0.0,0.0
2024-07-04 14:13:00+09:00,2495.0,2495.0,2495.0,2495.0,1217,0.0,0.0
2024-07-04 14:14:00+09:00,2495.0,2495.0,2495.0,2495.0,0,0.0,0.0
2024-07-04 14:15:00+09:00,2495.0,2495.0,2495.0,2495.0,770,0.0,0.0
2024-07-04 14:17:00+09:00,2490.0,2495.0,2490.0,2495.0,4487,0.0,0.0
2024-07-04 14:21:00+09:00,2485.0,2485.0,2485.0,2485.0,2800,0.0,0.0
2024-07-04 14:22:00+09:00,2485.0,2485.0,2485.0,2485.0,97,0.0,0.0
2024-07-04 14:23:00+09:00,2490.0,2490.0,2490.0,2490.0,20,0.0,0.0
2024-07-04 14:24:00+09:00,2485.0,2490.0,2485.0,2490.0,122,0.0,0.0
2024-07-04 14:25:00+09:00,2485.0,2485.0,2485.0,2485.0,264,0.0,0.0
2024-07-04 14:26:00+09:00,2480.0,2480.0,2480.0,2480.0,0,0.0,0.0
2024-07-04 14:27:00+09:00,2480.0,2485.0,2480.0,2485.0,59,0.0,0.0
2024-07-04 14:28:00+09:00,2480.0,2485.0,2480.0,2485.0,861,0.0,0.0
2024-07-04 14:29:00+09:00,2485.0,2485.0,2485.0,2485.0,2750,0.0,0.0
2024-07-04 14:30:00+09:00,2490.0,2490.0,2490.0,2490.0,933,0.0,0.0
2024-07-04 14:31:00+09:00,2490.0,2490.0,2490.0,2490.0,0,0.0,0.0
2024-07-04 14:32:00+09:00,2490.0,2490.0,2485.0,2485.0,1248,0.0,0.0
2024-07-04 14:33:00+09:00,2485.0,2485.0,2485.0,2485.0,20,0.0,0.0
2024-07-04 14:34:00+09:00,2490.0,2490.0,2490.0,2490.0,185,0.0,0.0
2024-07-04 14:35:00+09:00,2490.0,2490.0,2490.0,2490.0,3700,0.0,0.0
2024-07-04 14:36:00+09:00,2495.0,2495.0,2490.0,2490.0,489,0.0,0.0
2024-07-04 14:37:00+09:00,2495.0,2495.0,2495.0,2495.0,20,0.0,0.0
2024-07-04 14:38:00+09:00,2490.0,2495.0,2490.0,2495.0,33,0.0,0.0
2024-07-04 14:39:00+09:00,2490.0,2490.0,2490.0,2490.0,640,0.0,0.0
2024-07-04 14:40:00+09:00,2490.0,2490.0,2490.0,2490.0,0,0.0,0.0
2024-07-04 14:41:00+09:00,2485.0,2490.0,2485.0,2490.0,1288,0.0,0.0
2024-07-04 14:42:00+09:00,2485.0,2485.0,2485.0,2485.0,4713,0.0,0.0
2024-07-04 14:43:00+09:00,2480.0,2485.0,2480.0,2485.0,3204,0.0,0.0
2024-07-04 14:44:00+09:00,2485.0,2485.0,2485.0,2485.0,1098,0.0,0.0
2024-07-04 14:45:00+09:00,2485.0,2490.0,2485.0,2485.0,2092,0.0,0.0
2024-07-04 14:46:00+09:00,2490.0,2490.0,2490.0,2490.0,0,0.0,0.0
2024-07-04 14:47:00+09:00,2485.0,2485.0,2485.0,2485.0,1148,0.0,0.0
2024-07-04 14:48:00+09:00,2485.0,2485.0,2485.0,2485.0,7,0.0,0.0
2024-07-04 14:50:00+09:00,2485.0,2485.0,2485.0,2485.0,139,0.0,0.0
2024-07-04 14:51:00+09:00,2480.0,2480.0,2475.0,2480.0,12174,0.0,0.0
2024-07-04 14:52:00+09:00,2475.0,2475.0,2470.0,2470.0,10224,0.0,0.0
2024-07-04 14:53:00+09:00,2470.0,2470.0,2465.0,2465.0,7177,0.0,0.0
2024-07-04 14:54:00+09:00,2460.0,2470.0,2460.0,2465.0,8174,0.0,0.0
2024-07-04 14:55:00+09:00,2470.0,2470.0,2465.0,2465.0,1455,0.0,0.0
2024-07-04 14:56:00+09:00,2465.0,2470.0,2465.0,2470.0,2479,0.0,0.0
2024-07-04 14:57:00+09:00,2470.0,2470.0,2470.0,2470.0,0,0.0,0.0
2024-07-04 14:58:00+09:00,2475.0,2475.0,2475.0,2475.0,5917,0.0,0.0
2024-07-04 14:59:00+09:00,2470.0,2475.0,2470.0,2475.0,0,0.0,0.0
2024-07-05 09:00:00+09:00,2375.0,2415.0,2325.0,2345.0,101872,0.0,0.0
2024-07-05 09:01:00+09:00,2345.0,2355.0,2260.0,2260.0,95393,0.0,0.0
2024-07-05 09:02:00+09:00,2265.0,2335.0,2265.0,2315.0,70561,0.0,0.0
2024-07-05 09:03:00+09:00,2315.0,2350.0,2315.0,2340.0,33013,0.0,0.0
2024-07-05 09:04:00+09:00,2335.0,2345.0,2325.0,2330.0,22290,0.0,0.0
2024-07-05 09:05:00+09:00,2330.0,2330.0,2325.0,2325.0,16270,0.0,0.0
2024-07-05 09:06:00+09:00,2330.0,2345.0,2325.0,2340.0,17630,0.0,0.0
2024-07-05 09:07:00+09:00,2340.0,2390.0,2340.0,2360.0,68919,0.0,0.0
2024-07-05 09:08:00+09:00,2360.0,2370.0,2350.0,2365.0,11024,0.0,0.0
2024-07-05 09:09:00+09:00,2365.0,2365.0,2350.0,2355.0,10887,0.0,0.0
2024-07-05 09:10:00+09:00,2355.0,2355.0,2330.0,2345.0,35626,0.0,0.0
2024-07-05 09:11:00+09:00,2330.0,2350.0,2330.0,2350.0,17778,0.0,0.0
2024-07-05 09:12:00+09:00,2345.0,2350.0,2345.0,2345.0,3086,0.0,0.0
2024-07-05 09:13:00+09:00,2345.0,2350.0,2340.0,2345.0,9257,0.0,0.0
2024-07-05 09:14:00+09:00,2340.0,2340.0,2335.0,2335.0,4397,0.0,0.0
2024-07-05 09:15:00+09:00,2335.0,2335.0,2335.0,2335.0,5945,0.0,0.0
2024-07-05 09:16:00+09:00,2335.0,2335.0,2310.0,2315.0,42670,0.0,0.0
2024-07-05 09:17:00+09:00,2315.0,2340.0,2315.0,2340.0,25875,0.0,0.0
2024-07-05 09:18:00+09:00,2335.0,2335.0,2330.0,2335.0,11167,0.0,0.0
2024-07-05 09:19:00+09:00,2335.0,2350.0,2335.0,2350.0,8157,0.0,0.0
2024-07-05 09:20:00+09:00,2345.0,2350.0,2345.0,2350.0,1548,0.0,0.0
2024-07-05 09:21:00+09:00,2345.0,2360.0,2345.0,2360.0,28712,0.0,0.0
2024-07-05 09:22:00+09:00,2360.0,2365.0,2360.0,2365.0,5883,0.0,0.0
2024-07-05 09:23:00+09:00,2365.0,2375.0,2365.0,2370.0,9614,0.0,0.0
2024-07-05 09:24:00+09:00,2365.0,2370.0,2365.0,2370.0,679,0.0,0.0
2024-07-05 09:25:00+09:00,2370.0,2370.0,2365.0,2370.0,2347,0.0,0.0
2024-07-05 09:26:00+09:00,2370.0,2370.0,2360.0,2360.0,10880,0.0,0.0
2024-07-05 09:27:00+09:00,2365.0,2375.0,2360.0,2370.0,5369,0.0,0.0
2024-07-05 09:28:00+09:00,2360.0,2365.0,2345.0,2365.0,18183,0.0,0.0
2024-07-05 09:29:00+09:00,2365.0,2365.0,2340.0,2350.0,2829,0.0,0.0
2024-07-05 09:30:00+09:00,2340.0,2350.0,2340.0,2340.0,8079,0.0,0.0
2024-07-05 09:31:00+09:00,2340.0,2350.0,2340.0,2350.0,2270,0.0,0.0
2024-07-05 09:32:00+09:00,2350.0,2350.0,2345.0,2350.0,7220,0.0,0.0
2024-07-05 09:33:00+09:00,2350.0,2350.0,2345.0,2345.0,1642,0.0,0.0
2024-07-05 09:34:00+09:00,2345.0,2345.0,2340.0,2340.0,8656,0.0,0.0
2024-07-05 09:35:00+09:00,2340.0,2340.0,2335.0,2335.0,4928,0.0,0.0
2024-07-05 09:36:00+09:00,2335.0,2350.0,2335.0,2350.0,18014,0.0,0.0
2024-07-05 09:37:00+09:00,2360.0,2360.0,2350.0,2355.0,1525,0.0,0.0
2024-07-05 09:38:00+09:00,2355.0,2360.0,2355.0,2360.0,1780,0.0,0.0
2024-07-05 09:39:00+09:00,2355.0,2360.0,2355.0,2360.0,215,0.0,0.0
2024-07-05 09:40:00+09:00,2360.0,2360.0,2360.0,2360.0,345,0.0,0.0
2024-07-05 09:41:00+09:00,2360.0,2365.0,2355.0,2365.0,5715,0.0,0.0
2024-07-05 09:42:00+09:00,2360.0,2365.0,2360.0,2365.0,503,0.0,0.0
2024-07-05 09:43:00+09:00,2360.0,2360.0,2355.0,2355.0,13504,0.0,0.0
2024-07-05 09:44:00+09:00,2355.0,2355.0,2350.0,2355.0,0,0.0,0.0
2024-07-05 09:45:00+09:00,2355.0,2355.0,2350.0,2355.0,1687,0.0,0.0
2024-07-05 09:46:00+09:00,2350.0,2355.0,2350.0,2350.0,2417,0.0,0.0
2024-07-05 09:47:00+09:00,2350.0,2355.0,2350.0,2355.0,2786,0.0,0.0
2024-07-05 09:48:00+09:00,2350.0,2355.0,2350.0,2350.0,278,0.0,0.0
2024-07-05 09:49:00+09:00,2350.0,2355.0,2350.0,2355.0,2794,0.0,0.0
2024-07-05 09:50:00+09:00,2350.0,2350.0,2345.0,2345.0,1693,0.0,0.0
2024-07-05 09:51:00+09:00,2345.0,2345.0,2320.0,2320.0,40095,0.0,0.0
2024-07-05 09:52:00+09:00,2335.0,2335.0,2325.0,2335.0,7011,0.0,0.0
2024-07-05 09:53:00+09:00,2335.0,2350.0,2330.0,2345.0,2053,0.0,0.0
2024-07-05 09:54:00+09:00,2345.0,2345.0,2320.0,2340.0,15328,0.0,0.0
2024-07-05 09:55:00+09:00,2325.0,2325.0,2320.0,2320.0,11886,0.0,0.0
2024-07-05 09:56:00+09:00,2325.0,2335.0,2320.0,2330.0,384,0.0,0.0
2024-07-05 09:57:00+09:00,2325.0,2335.0,2325.0,2335.0,4273,0.0,0.0
2024-07-05 09:58:00+09:00,2335.0,2335.0,2335.0,2335.0,21,0.0,0.0
2024-07-05 09:59:00+09:00,2330.0,2340.0,2330.0,2340.0,361,0.0,0.0
2024-07-05 10:00:00+09:00,2340.0,2340.0,2340.0,2340.0,129,0.0,0.0
2024-07-05 10:01:00+09:00,2335.0,2335.0,2325.0,2325.0,8852,0.0,0.0
2024-07-05 10:02:00+09:00,2340.0,2340.0,2325.0,2325.0,7253,0.0,0.0
2024-07-05 10:03:00+09:00,2325.0,2335.0,2320.0,2335.0,2011,0.0,0.0
2024-07-05 10:04:00+09:00,2325.0,2335.0,2320.0,2320.0,4635,0.0,0.0
2024-07-05 10:05:00+09:00,2325.0,2325.0,2320.0,2320.0,4886,0.0,0.0
2024-07-05 10:06:00+09:00,2325.0,2325.0,2325.0,2325.0,0,0.0,0.0
2024-07-05 10:07:00+09:00,2320.0,2330.0,2320.0,2330.0,5117,0.0,0.0
2024-07-05 10:10:00+09:00,2335.0,2335.0,2335.0,2335.0,11054,0.0,0.0
2024-07-05 10:11:00+09:00,2335.0,2335.0,2325.0,2325.0,2468,0.0,0.0
2024-07-05 10:12:00+09:00,2325.0,2335.0,2325.0,2330.0,0,0.0,0.0
2024-07-05 10:13:00+09:00,2330.0,2330.0,2325.0,2330.0,0,0.0,0.0
2024-07-05 10:14:00+09:00,2330.0,2330.0,2330.0,2330.0,32,0.0,0.0
2024-07-05 10:15:00+09:00,2330.0,2335.0,2330.0,2335.0,600,0.0,0.0
2024-07-05 10:16:00+09:00,2330.0,2330.0,2320.0,2320.0,5506,0.0,0.0
2024-07-05 10:17:00+09:00,2320.0,2320.0,2315.0,2320.0,10072,0.0,0.0
2024-07-05 10:18:00+09:00,2315.0,2320.0,2310.0,2320.0,18044,0.0,0.0
2024-07-05 10:19:00+09:00,2320.0,2320.0,2310.0,2320.0,11236,0.0,0.0
2024-07-05 10:20:00+09:00,2315.0,2330.0,2315.0,2315.0,12058,0.0,0.0
2024-07-05 10:21:00+09:00,2325.0,2330.0,2315.0,2315.0,3428,0.0,0.0
2024-07-05 10:22:00+09:00,2325.0,2325.0,2320.0,2320.0,204,0.0,0.0
2024-07-05 10:23:00+09:00,2320.0,2320.0,2315.0,2315.0,499,0.0,0.0
2024-07-05 10:24:00+09:00,2315.0,2320.0,2310.0,2315.0,12213,0.0,0.0
2024-07-05 10:25:00+09:00,2315.0,2315.0,2315.0,2315.0,9560,0.0,0.0
2024-07-05 10:26:00+09:00,2310.0,2320.0,2310.0,2310.0,24683,0.0,0.0
2024-07-05 10:27:00+09:00,2310.0,2315.0,2305.0,2310.0,7878,0.0,0.0
2024-07-05 10:28:00+09:00,2315.0,2315.0,2310.0,2315.0,2742,0.0,0.0
2024-07-05 10:29:00+09:00,2315.0,2315.0,2310.0,2310.0,583,0.0,0.0
2024-07-05 10:30:00+09:00,2310.0,2310.0,2305.0,2305.0,25016,0.0,0.0
2024-07-05 10:31:00+09:00,2300.0,2300.0,2275.0,2280.0,154601,0.0,0.0
2024-07-05 10:32:00+09:00,2280.0,2285.0,2280.0,2280.0,13015,0.0,0.0
2024-07-05 10:33:00+09:00,2280.0,2285.0,2275.0,2280.0,24113,0.0,0.0
2024-07-05 10:34:00+09:00,2280.0,2280.0,2270.0,2275.0,16909,0.0,0.0
2024-07-05 10:35:00+09:00,2275.0,2285.0,2275.0,2285.0,16356,0.0,0.0
2024-07-05 10:36:00+09:00,2285.0,2285.0,2275.0,2285.0,7757,0.0,0.0
2024-07-05 10:37:00+09:00,2285.0,2285.0,2275.0,2280.0,966,0.0,0.0
2024-07-05 10:38:00+09:00,2285.0,2295.0,2285.0,2285.0,15634,0.0,0.0
2024-07-05 10:39:00+09:00,2285.0,2290.0,2280.0,2290.0,6989,0.0,0.0
2024-07-05 10:40:00+09:00,2290.0,2290.0,2285.0,2285.0,13086,0.0,0.0
2024-07-05 10:41:00+09:00,2290.0,2290.0,2275.0,2275.0,21844,0.0,0.0
2024-07-05 10:42:00+09:00,2275.0,2280.0,2270.0,2280.0,6376,0.0,0.0
2024-07-05 10:43:00+09:00,2280.0,2290.0,2280.0,2280.0,5737,0.0,0.0
2024-07-05 10:44:00+09:00,2280.0,2285.0,2275.0,2275.0,11751,0.0,0.0
2024-07-05 10:45:00+09:00,2280.0,2285.0,2280.0,2280.0,4359,0.0,0.0
2024-07-05 10:46:00+09:00,2280.0,2280.0,2275.0,2280.0,2185,0.0,0.0
2024-07-05 10:47:00+09:00,2285.0,2290.0,2280.0,2290.0,24754,0.0,0.0
2024-07-05 10:48:00+09:00,2290.0,2290.0,2280.0,2290.0,1479,0.0,0.0
2024-07-05 10:49:00+09:00,2290.0,2290.0,2285.0,2285.0,4216,0.0,0.0
2024-07-05 10:50:00+09:00,2290.0,2290.0,2290.0,2290.0,683,0.0,0.0
2024-07-05 10:51:00+09:00,2290.0,2290.0,2290.0,2290.0,3309,0.0,0.0
2024-07-05 10:52:00+09:00,2295.0,2295.0,2290.0,2295.0,597,0.0,0.0
2024-07-05 10:53:00+09:00,2295.0,2300.0,2295.0,2300.0,2519,0.0,0.0
2024-07-05 10:54:00+09:00,2300.0,2300.0,2300.0,2300.0,0,0.0,0.0
2024-07-05 10:55:00+09:00,2300.0,2305.0,2295.0,2300.0,5663,0.0,0.0
2024-07-05 10:56:00+09:00,2300.0,2305.0,2300.0,2305.0,1484,0.0,0.0
2024-07-05 10:57:00+09:00,2305.0,2305.0,2300.0,2305.0,1598,0.0,0.0
2024-07-05 10:58:00+09:00,2305.0,2310.0,2300.0,2310.0,13580,0.0,0.0
2024-07-05 10:59:00+09:00,2305.0,2310.0,2300.0,2310.0,1145,0.0,0.0
2024-07-05 11:00:00+09:00,2310.0,2310.0,2305.0,2305.0,64,0.0,0.0
2024-07-05 11:01:00+09:00,2305.0,2310.0,2305.0,2310.0,5458,0.0,0.0
2024-07-05 11:02:00+09:00,2310.0,2310.0,2310.0,2310.0,115,0.0,0.0
2024-07-05 11:03:00+09:00,2310.0,2320.0,2310.0,2320.0,16721,0.0,0.0
2024-07-05 11:04:00+09:00,2315.0,2320.0,2315.0,2320.0,522,0.0,0.0
2024-07-05 11:05:00+09:00,2320.0,2320.0,2315.0,2320.0,1689,0.0,0.0
2024-07-05 11:06:00+09:00,2320.0,2330.0,2320.0,2330.0,42165,0.0,0.0
2024-07-05 11:07:00+09:00,2330.0,2335.0,2325.0,2325.0,17278,0.0,0.0
2024-07-05 11:08:00+09:00,2335.0,2335.0,2335.0,2335.0,0,0.0,0.0
2024-07-05 11:09:00+09:00,2335.0,2335.0,2325.0,2330.0,851,0.0,0.0
2024-07-05 11:10:00+09:00,2330.0,2330.0,2325.0,2330.0,181,0.0,0.0
2024-07-05 11:11:00+09:00,2330.0,2330.0,2330.0,2330.0,0,0.0,0.0
2024-07-05 11:12:00+09:00,2330.0,2330.0,2330.0,2330.0,641,0.0,0.0
2024-07-05 11:13:00+09:00,2330.0,2330.0,2330.0,2330.0,0,0.0,0.0
2024-07-05 11:14:00+09:00,2330.0,2330.0,2330.0,2330.0,18,0.0,0.0
2024-07-05 11:15:00+09:00,2330.0,2330.0,2330.0,2330.0,230,0.0,0.0
2024-07-05 11:16:00+09:00,2330.0,2330.0,2325.0,2330.0,1322,0.0,0.0
2024-07-05 11:17:00+09:00,2330.0,2330.0,2325.0,2325.0,761,0.0,0.0
2024-07-05 11:18:00+09:00,2325.0,2325.0,2320.0,2325.0,589,0.0,0.0
2024-07-05 11:19:00+09:00,2325.0,2325.0,2320.0,2320.0,3139,0.0,0.0
2024-07-05 11:20:00+09:00,2325.0,2325.0,2320.0,2325.0,147,0.0,0.0
2024-07-05 11:21:00+09:00,2330.0,2330.0,2330.0,2330.0,0,0.0,0.0
2024-07-05 11:22:00+09:00,2325.0,2330.0,2325.0,2330.0,2851,0.0,0.0
2024-07-05 11:23:00+09:00,2330.0,2330.0,2325.0,2325.0,8671,0.0,0.0
2024-07-05 11:24:00+09:00,2325.0,2325.0,2320.0,2320.0,428,0.0,0.0
2024-07-05 11:25:00+09:00,2325.0,2325.0,2325.0,2325.0,566,0.0,0.0
2024-07-05 11:26:00+09:00,2325.0,2330.0,2325.0,2330.0,2759,0.0,0.0
2024-07-05 11:27:00+09:00,2330.0,2335.0,2330.0,2335.0,218,0.0,0.0
2024-07-05 11:28:00+09:00,2335.0,2335.0,2330.0,2330.0,3707,0.0,0.0
2024-07-05 11:29:00+09:00,2330.0,2330.0,2320.0,2320.0,23560,0.0,0.0
2024-07-05 11:30:00+09:00,2320.0,2320.0,2310.0,2310.0,11997,0.0,0.0
2024-07-05 11:31:00+09:00,2305.0,2315.0,2300.0,2315.0,25211,0.0,0.0
2024-07-05 11:32:00+09:00,2300.0,2310.0,2300.0,2310.0,6690,0.0,0.0
2024-07-05 11:33:00+09:00,2310.0,2310.0,2310.0,2310.0,1577,0.0,0.0
2024-07-05 11:34:00+09:00,2300.0,2310.0,2300.0,2310.0,259,0.0,0.0
2024-07-05 11:35:00+09:00,2310.0,2310.0,2310.0,2310.0,5767,0.0,0.0
2024-07-05 11:36:00+09:00,2310.0,2315.0,2305.0,2315.0,844,0.0,0.0
2024-07-05 11:37:00+09:00,2315.0,2315.0,2310.0,2315.0,228,0.0,0.0
2024-07-05 11:38:00+09:00,2315.0,2330.0,2315.0,2325.0,28995,0.0,0.0
2024-07-05 11:39:00+09:00,2325.0,2325.0,2320.0,2320.0,967,0.0,0.0
2024-07-05 11:40:00+09:00,2325.0,2330.0,2325.0,2330.0,4466,0.0,0.0
2024-07-05 11:41:00+09:00,2330.0,2330.0,2330.0,2330.0,4723,0.0,0.0
2024-07-05 11:43:00+09:00,2320.0,2320.0,2300.0,2305.0,52094,0.0,0.0
2024-07-05 11:44:00+09:00,2305.0,2305.0,2305.0,2305.0,15,0.0,0.0
2024-07-05 11:45:00+09:00,2305.0,2305.0,2305.0,2305.0,2,0.0,0.0
2024-07-05 11:46:00+09:00,2305.0,2305.0,2305.0,2305.0,22,0.0,0.0
2024-07-05 11:47:00+09:00,2305.0,2310.0,2300.0,2310.0,8688,0.0,0.0
2024-07-05 11:48:00+09:00,2305.0,2305.0,2305.0,2305.0,878,0.0,0.0
2024-07-05 11:49:00+09:00,2305.0,2310.0,2305.0,2305.0,1125,0.0,0.0
2024-07-05 11:50:00+09:00,2305.0,2305.0,2305.0,2305.0,72,0.0,0.0
2024-07-05 11:51:00+09:00,2305.0,2305.0,2305.0,2305.0,78,0.0,0.0
2024-07-05 11:52:00+09:00,2305.0,2305.0,2305.0,2305.0,13,0.0,0.0
2024-07-05 11:53:00+09:00,2300.0,2305.0,2300.0,2305.0,3049,0.0,0.0
2024-07-05 11:54:00+09:00,2305.0,2310.0,2305.0,2310.0,29,0.0,0.0
2024-07-05 11:55:00+09:00,2310.0,2310.0,2310.0,2310.0,1,0.0,0.0
2024-07-05 11:56:00+09:00,2305.0,2310.0,2300.0,2310.0,436,0.0,0.0
2024-07-05 11:57:00+09:00,2310.0,2310.0,2310.0,2310.0,1040,0.0,0.0
2024-07-05 11:58:00+09:00,2310.0,2310.0,2310.0,2310.0,0,0.0,0.0
2024-07-05 11:59:00+09:00,2310.0,2310.0,2310.0,2310.0,0,0.0,0.0
2024-07-05 12:00:00+09:00,2310.0,2310.0,2305.0,2305.0,4607,0.0,0.0
2024-07-05 12:01:00+09:00,2305.0,2310.0,2305.0,2310.0,4778,0.0,0.0
2024-07-05 12:02:00+09:00,2305.0,2310.0,2300.0,2310.0,1222,0.0,0.0
2024-07-05 12:04:00+09:00,2310.0,2310.0,2310.0,2310.0,8337,0.0,0.0
2024-07-05 12:05:00+09:00,2305.0,2305.0,2270.0,2275.0,145924,0.0,0.0
2024-07-05 12:06:00+09:00,2275.0,2285.0,2275.0,2285.0,7496,0.0,0.0
2024-07-05 12:07:00+09:00,2285.0,2295.0,2285.0,2295.0,6474,0.0,0.0
2024-07-05 12:08:00+09:00,2295.0,2300.0,2265.0,2265.0,73010,0.0,0.0
2024-07-05 12:09:00+09:00,2270.0,2275.0,2265.0,2275.0,9752,0.0,0.0
2024-07-05 12:10:00+09:00,2275.0,2295.0,2275.0,2290.0,27192,0.0,0.0
2024-07-05 12:11:00+09:00,2295.0,2295.0,2290.0,2295.0,603,0.0,0.0
2024-07-05 12:12:00+09:00,2295.0,2295.0,2295.0,2295.0,197,0.0,0.0
2024-07-05 12:13:00+09:00,2290.0,2295.0,2285.0,2290.0,1660,0.0,0.0
2024-07-05 12:14:00+09:00,2285.0,2285.0,2280.0,2285.0,3743,0.0,0.0
2024-07-05 12:15:00+09:00,2285.0,2285.0,2280.0,2285.0,398,0.0,0.0
2024-07-05 12:16:00+09:00,2285.0,2285.0,2285.0,2285.0,4369,0.0,0.0
2024-07-05 12:17:00+09:00,2290.0,2290.0,2290.0,2290.0,841,0.0,0.0
2024-07-05 12:18:00+09:00,2290.0,2290.0,2290.0,2290.0,1494,0.0,0.0
2024-07-05 12:21:00+09:00,2290.0,2290.0,2290.0,2290.0,5370,0.0,0.0
2024-07-05 12:22:00+09:00,2290.0,2290.0,2285.0,2290.0,5463,0.0,0.0
2024-07-05 12:23:00+09:00,2290.0,2290.0,2285.0,2285.0,3249,0.0,0.0
2024-07-05 12:24:00+09:00,2290.0,2290.0,2290.0,2290.0,0,0.0,0.0
2024-07-05 12:25:00+09:00,2290.0,2290.0,2285.0,2285.0,636,0.0,0.0
2024-07-05 12:26:00+09:00,2290.0,2290.0,2285.0,2290.0,279,0.0,0.0
2024-07-05 12:27:00+09:00,2290.0,2290.0,2290.0,2290.0,4654,0.0,0.0
2024-07-05 12:28:00+09:00,2290.0,2300.0,2290.0,2300.0,8187,0.0,0.0
2024-07-05 12:29:00+09:00,2300.0,2305.0,2300.0,2305.0,0,0.0,0.0
2024-07-05 12:30:00+09:00,2305.0,2305.0,2305.0,2305.0,4380,0.0,0.0
2024-07-05 12:31:00+09:00,2300.0,2305.0,2300.0,2305.0,2402,0.0,0.0
2024-07-05 12:32:00+09:00,2310.0,2310.0,2300.0,2310.0,718,0.0,0.0
2024-07-05 12:33:00+09:00,2310.0,2310.0,2310.0,2310.0,0,0.0,0.0
2024-07-05 12:34:00+09:00,2300.0,2305.0,2300.0,2305.0,1633,0.0,0.0
2024-07-05 12:35:00+09:00,2305.0,2305.0,2295.0,2300.0,4634,0.0,0.0
2024-07-05 12:36:00+09:00,2300.0,2300.0,2270.0,2270.0,31416,0.0,0.0
2024-07-05 12:37:00+09:00,2285.0,2285.0,2285.0,2285.0,6400,0.0,0.0
2024-07-05 12:38:00+09:00,2290.0,2290.0,2290.0,2290.0,3257,0.0,0.0
2024-07-05 12:39:00+09:00,2295.0,2305.0,2295.0,2305.0,5870,0.0,0.0
2024-07-05 12:40:00+09:00,2305.0,2305.0,2300.0,2305.0,2581,0.0,0.0
2024-07-05 12:41:00+09:00,2300.0,2300.0,2300.0,2300.0,131,0.0,0.0
2024-07-05 12:42:00+09:00,2295.0,2300.0,2295.0,2300.0,99,0.0,0.0
2024-07-05 12:43:00+09:00,2300.0,2305.0,2300.0,2305.0,153,0.0,0.0
2024-07-05 12:44:00+09:00,2305.0,2305.0,2305.0,2305.0,20,0.0,0.0
2024-07-05 12:45:00+09:00,2305.0,2305.0,2295.0,2300.0,1432,0.0,0.0
2024-07-05 12:46:00+09:00,2300.0,2305.0,2300.0,2305.0,0,0.0,0.0
2024-07-05 12:47:00+09:00,2300.0,2305.0,2300.0,2305.0,538,0.0,0.0
2024-07-05 12:48:00+09:00,2305.0,2305.0,2300.0,2305.0,549,0.0,0.0
2024-07-05 12:49:00+09:00,2305.0,2305.0,2305.0,2305.0,7,0.0,0.0
2024-07-05 12:51:00+09:00,2305.0,2305.0,2305.0,2305.0,3855,0.0,0.0
2024-07-05 12:52:00+09:00,2310.0,2310.0,2310.0,2310.0,23,0.0,0.0
2024-07-05 12:53:00+09:00,2310.0,2310.0,2310.0,2310.0,68,0.0,0.0
2024-07-05 12:54:00+09:00,2310.0,2310.0,2310.0,2310.0,377,0.0,0.0
2024-07-05 12:55:00+09:00,2310.0,2310.0,2310.0,2310.0,3834,0.0,0.0
2024-07-05 12:56:00+09:00,2310.0,2310.0,2305.0,2310.0,1534,0.0,0.0
2024-07-05 12:57:00+09:00,2310.0,2315.0,2310.0,2310.0,1631,0.0,0.0
2024-07-05 12:58:00+09:00,2315.0,2315.0,2310.0,2310.0,1241,0.0,0.0
2024-07-05 12:59:00+09:00,2305.0,2310.0,2300.0,2310.0,3802,0.0,0.0
2024-07-05 13:00:00+09:00,2300.0,2300.0,2295.0,2300.0,12003,0.0,0.0
2024-07-05 13:01:00+09:00,2300.0,2300.0,2300.0,2300.0,2276,0.0,0.0
2024-07-05 13:02:00+09:00,2305.0,2305.0,2290.0,2300.0,2274,0.0,0.0
2024-07-05 13:04:00+09:00,2300.0,2300.0,2290.0,2290.0,5526,0.0,0.0
2024-07-05 13:05:00+09:00,2290.0,2290.0,2290.0,2290.0,0,0.0,0.0
2024-07-05 13:06:00+09:00,2285.0,2290.0,2285.0,2290.0,987,0.0,0.0
2024-07-05 13:07:00+09:00,2285.0,2290.0,2280.0,2290.0,2015,0.0,0.0
2024-07-05 13:08:00+09:00,2290.0,2290.0,2290.0,2290.0,4116,0.0,0.0
2024-07-05 13:09:00+09:00,2290.0,2310.0,2290.0,2310.0,7855,0.0,0.0
2024-07-05 13:10:00+09:00,2310.0,2310.0,2310.0,2310.0,255,0.0,0.0
2024-07-05 13:11:00+09:00,2295.0,2310.0,2295.0,2300.0,5788,0.0,0.0
2024-07-05 13:12:00+09:00,2305.0,2305.0,2290.0,2295.0,1562,0.0,0.0
2024-07-05 13:13:00+09:00,2300.0,2300.0,2285.0,2295.0,634,0.0,0.0
2024-07-05 13:14:00+09:00,2295.0,2295.0,2295.0,2295.0,720,0.0,0.0
2024-07-05 13:15:00+09:00,2295.0,2295.0,2295.0,2295.0,0,0.0,0.0
2024-07-05 13:16:00+09:00,2295.0,2295.0,2295.0,2295.0,242,0.0,0.0
2024-07-05 13:18:00+09:00,2295.0,2295.0,2295.0,2295.0,60,0.0,0.0
2024-07-05 13:19:00+09:00,2295.0,2300.0,2295.0,2300.0,56,0.0,0.0
2024-07-05 13:20:00+09:00,2300.0,2300.0,2300.0,2300.0,203,0.0,0.0
2024-07-05 13:21:00+09:00,2300.0,2305.0,2300.0,2305.0,6188,0.0,0.0
2024-07-05 13:22:00+09:00,2300.0,2300.0,2295.0,2295.0,4905,0.0,0.0
2024-07-05 13:23:00+09:00,2300.0,2300.0,2300.0,2300.0,34,0.0,0.0
2024-07-05 13:24:00+09:00,2300.0,2300.0,2300.0,2300.0,4495,0.0,0.0
2024-07-05 13:25:00+09:00,2300.0,2300.0,2300.0,2300.0,0,0.0,0.0
2024-07-05 13:26:00+09:00,2300.0,2305.0,2300.0,2300.0,4131,0.0,0.0
2024-07-05 13:27:00+09:00,2300.0,2300.0,2300.0,2300.0,1,0.0,0.0
2024-07-05 13:28:00+09:00,2300.0,2300.0,2295.0,2295.0,5340,0.0,0.0
2024-07-05 13:29:00+09:00,2295.0,2300.0,2295.0,2300.0,1504,0.0,0.0
2024-07-05 13:30:00+09:00,2300.0,2300.0,2290.0,2290.0,2846,0.0,0.0
2024-07-05 13:31:00+09:00,2295.0,2295.0,2290.0,2290.0,470,0.0,0.0
2024-07-05 13:32:00+09:00,2290.0,2295.0,2290.0,2290.0,2932,0.0,0.0
2024-07-05 13:33:00+09:00,2285.0,2290.0,2280.0,2290.0,12018,0.0,0.0
2024-07-05 13:34:00+09:00,2290.0,2290.0,2290.0,2290.0,3517,0.0,0.0
2024-07-05 13:35:00+09:00,2290.0,2290.0,2290.0,2290.0,0,0.0,0.0
2024-07-05 13:36:00+09:00,2290.0,2290.0,2290.0,2290.0,19,0.0,0.0
2024-07-05 13:37:00+09:00,2290.0,2295.0,2285.0,2285.0,2139,0.0,0.0
2024-07-05 13:38:00+09:00,2295.0,2295.0,2295.0,2295.0,200,0.0,0.0
2024-07-05 13:39:00+09:00,2295.0,2295.0,2295.0,2295.0,2035,0.0,0.0
2024-07-05 13:40:00+09:00,2295.0,2300.0,2290.0,2290.0,3548,0.0,0.0
2024-07-05 13:41:00+09:00,2290.0,2300.0,2290.0,2290.0,6026,0.0,0.0
2024-07-05 13:42:00+09:00,2300.0,2300.0,2290.0,2290.0,1917,0.0,0.0
2024-07-05 13:43:00+09:00,2290.0,2300.0,2290.0,2300.0,0,0.0,0.0
2024-07-05 13:44:00+09:00,2300.0,2300.0,2300.0,2300.0,75,0.0,0.0
2024-07-05 13:45:00+09:00,2295.0,2300.0,2290.0,2300.0,438,0.0,0.0
2024-07-05 13:46:00+09:00,2300.0,2305.0,2300.0,2305.0,2440,0.0,0.0
2024-07-05 13:47:00+09:00,2300.0,2305.0,2300.0,2305.0,51,0.0,0.0
2024-07-05 13:48:00+09:00,2300.0,2305.0,2295.0,2305.0,20109,0.0,0.0
2024-07-05 13:49:00+09:00,2305.0,2305.0,2300.0,2300.0,944,0.0,0.0
2024-07-05 13:50:00+09:00,2295.0,2295.0,2290.0,2290.0,2634,0.0,0.0
2024-07-05 13:51:00+09:00,2295.0,2295.0,2290.0,2290.0,0,0.0,0.0
2024-07-05 13:52:00+09:00,2295.0,2295.0,2290.0,2295.0,564,0.0,0.0
2024-07-05 13:53:00+09:00,2290.0,2290.0,2285.0,2285.0,16103,0.0,0.0
2024-07-05 13:54:00+09:00,2295.0,2295.0,2295.0,2295.0,0,0.0,0.0
2024-07-05 13:55:00+09:00,2290.0,2295.0,2285.0,2285.0,2403,0.0,0.0
2024-07-05 13:56:00+09:00,2295.0,2295.0,2290.0,2295.0,2738,0.0,0.0
2024-07-05 13:57:00+09:00,2295.0,2300.0,2295.0,2295.0,0,0.0,0.0
2024-07-05 13:58:00+09:00,2300.0,2300.0,2300.0,2300.0,61,0.0,0.0
2024-07-05 13:59:00+09:00,2300.0,2300.0,2300.0,2300.0,13,0.0,0.0
2024-07-05 14:00:00+09:00,2300.0,2300.0,2290.0,2290.0,1217,0.0,0.0
2024-07-05 14:01:00+09:00,2290.0,2295.0,2290.0,2290.0,1315,0.0,0.0
2024-07-05 14:02:00+09:00,2290.0,2290.0,2290.0,2290.0,180,0.0,0.0
2024-07-05 14:03:00+09:00,2290.0,2290.0,2275.0,2275.0,21199,0.0,0.0
2024-07-05 14:04:00+09:00,2280.0,2285.0,2275.0,2285.0,0,0.0,0.0
2024-07-05 14:05:00+09:00,2285.0,2285.0,2285.0,2285.0,0,0.0,0.0
2024-07-05 14:06:00+09:00,2285.0,2285.0,2285.0,2285.0,2503,0.0,0.0
2024-07-05 14:07:00+09:00,2280.0,2285.0,2275.0,2275.0,2032,0.0,0.0
2024-07-05 14:08:00+09:00,2285.0,2285.0,2280.0,2285.0,529,0.0,0.0
2024-07-05 14:09:00+09:00,2285.0,2290.0,2285.0,2290.0,6205,0.0,0.0
2024-07-05 14:10:00+09:00,2290.0,2295.0,2285.0,2290.0,3576,0.0,0.0
2024-07-05 14:11:00+09:00,2290.0,2290.0,2285.0,2285.0,100,0.0,0.0
2024-07-05 14:12:00+09:00,2285.0,2290.0,2285.0,2285.0,1178,0.0,0.0
2024-07-05 14:13:00+09:00,2285.0,2285.0,2275.0,2285.0,10024,0.0,0.0
2024-07-05 14:14:00+09:00,2280.0,2285.0,2280.0,2285.0,4494,0.0,0.0
2024-07-05 14:16:00+09:00,2285.0,2285.0,2280.0,2285.0,102,0.0,0.0
2024-07-05 14:17:00+09:00,2280.0,2285.0,2280.0,2285.0,5178,0.0,0.0
2024-07-05 14:18:00+09:00,2280.0,2285.0,2280.0,2285.0,1565,0.0,0.0
2024-07-05 14:19:00+09:00,2280.0,2280.0,2275.0,2275.0,14500,0.0,0.0
2024-07-05 14:20:00+09:00,2275.0,2280.0,2270.0,2280.0,5636,0.0,0.0
2024-07-05 14:21:00+09:00,2280.0,2280.0,2270.0,2280.0,6420,0.0,0.0
2024-07-05 14:22:00+09:00,2280.0,2280.0,2275.0,2275.0,126,0.0,0.0
2024-07-05 14:23:00+09:00,2270.0,2270.0,2270.0,2270.0,12000,0.0,0.0
2024-07-05 14:24:00+09:00,2280.0,2280.0,2280.0,2280.0,0,0.0,0.0
2024-07-05 14:25:00+09:00,2275.0,2275.0,2275.0,2275.0,311,0.0,0.0
2024-07-05 14:26:00+09:00,2275.0,2275.0,2275.0,2275.0,4004,0.0,0.0
2024-07-05 14:27:00+09:00,2280.0,2280.0,2280.0,2280.0,1467,0.0,0.0
2024-07-05 14:28:00+09:00,2280.0,2285.0,2280.0,2285.0,7915,0.0,0.0
2024-07-05 14:29:00+09:00,2285.0,2290.0,2285.0,2290.0,14070,0.0,0.0
2024-07-05 14:30:00+09:00,2295.0,2295.0,2290.0,2295.0,2535,0.0,0.0
2024-07-05 14:31:00+09:00,2285.0,2290.0,2280.0,2285.0,18062,0.0,0.0
2024-07-05 14:33:00+09:00,2280.0,2280.0,2270.0,2275.0,29024,0.0,0.0
2024-07-05 14:34:00+09:00,2275.0,2280.0,2270.0,2270.0,28895,0.0,0.0
2024-07-05 14:35:00+09:00,2270.0,2280.0,2270.0,2280.0,1782,0.0,0.0
2024-07-05 14:36:00+09:00,2270.0,2270.0,2260.0,2270.0,35114,0.0,0.0
2024-07-05 14:37:00+09:00,2265.0,2265.0,2260.0,2265.0,2115,0.0,0.0
2024-07-05 14:38:00+09:00,2265.0,2270.0,2265.0,2270.0,380,0.0,0.0
2024-07-05 14:39:00+09:00,2265.0,2270.0,2260.0,2270.0,7889,0.0,0.0
2024-07-05 14:40:00+09:00,2270.0,2270.0,2265.0,2265.0,2041,0.0,0.0
2024-07-05 14:41:00+09:00,2270.0,2270.0,2265.0,2265.0,11276,0.0,0.0
2024-07-05 14:42:00+09:00,2265.0,2270.0,2260.0,2265.0,26118,0.0,0.0
2024-07-05 14:43:00+09:00,2265.0,2265.0,2260.0,2265.0,2808,0.0,0.0
2024-07-05 14:44:00+09:00,2265.0,2265.0,2265.0,2265.0,1268,0.0,0.0
2024-07-05 14:45:00+09:00,2265.0,2270.0,2265.0,2270.0,70,0.0,0.0
2024-07-05 14:46:00+09:00,2270.0,2270.0,2260.0,2270.0,8939,0.0,0.0
2024-07-05 14:47:00+09:00,2265.0,2270.0,2265.0,2265.0,4134,0.0,0.0
2024-07-05 14:48:00+09:00,2270.0,2270.0,2270.0,2270.0,0,0.0,0.0
2024-07-05 14:49:00+09:00,2270.0,2280.0,2265.0,2280.0,7995,0.0,0.0
2024-07-05 14:50:00+09:00,2280.0,2295.0,2280.0,2285.0,5151,0.0,0.0
2024-07-05 14:51:00+09:00,2285.0,2290.0,2285.0,2290.0,5578,0.0,0.0
2024-07-05 14:52:00+09:00,2285.0,2290.0,2285.0,2290.0,1010,0.0,0.0
2024-07-05 14:53:00+09:00,2290.0,2290.0,2290.0,2290.0,5009,0.0,0.0
2024-07-05 14:54:00+09:00,2290.0,2290.0,2290.0,2290.0,795,0.0,0.0
2024-07-05 14:55:00+09:00,2290.0,2290.0,2285.0,2290.0,10097,0.0,0.0
2024-07-05 14:56:00+09:00,2290.0,2295.0,2290.0,2295.0,0,0.0,0.0
2024-07-05 14:57:00+09:00,2295.0,2295.0,2285.0,2295.0,1200,0.0,0.0
2024-07-05 14:58:00+09:00,2295.0,2300.0,2290.0,2295.0,11892,0.0,0.0
2024-07-05 14:59:00+09:00,2290.0,2300.0,2285.0,2300.0,6491,0.0,0.0
