Datetime,Open,High,Low,Close,Volume,Dividends,Stock Splits
2024-09-16 09:00:00+08:00,49.45000076293945,49.45000076293945,49.45000076293945,49.45000076293945,0,0.0,0.0
2024-09-16 09:01:00+08:00,49.45000076293945,49.45000076293945,49.45000076293945,49.45000076293945,2000,0.0,0.0
2024-09-16 09:02:00+08:00,49.45000076293945,49.45000076293945,49.45000076293945,49.45000076293945,1000,0.0,0.0
2024-09-16 09:03:00+08:00,49.5,49.5,49.5,49.5,2000,0.0,0.0
2024-09-16 09:04:00+08:00,49.349998474121094,49.349998474121094,49.349998474121094,49.349998474121094,1000,0.0,0.0
2024-09-16 09:05:00+08:00,49.349998474121094,49.349998474121094,49.349998474121094,49.349998474121094,1000,0.0,0.0
2024-09-16 09:06:00+08:00,49.75,49.75,49.75,49.75,1000,0.0,0.0
2024-09-16 09:07:00+08:00,49.5,49.5,49.5,49.5,2000,0.0,0.0
2024-09-16 09:12:00+08:00,49.349998474121094,49.349998474121094,49.20000076293945,49.20000076293945,6050,0.0,0.0
2024-09-16 09:13:00+08:00,49.0,49.0,49.0,49.0,1000,0.0,0.0
2024-09-16 09:14:00+08:00,49.0,49.20000076293945,49.0,49.20000076293945,4000,0.0,0.0
2024-09-16 09:15:00+08:00,49.150001525878906,49.20000076293945,49.150001525878906,49.20000076293945,3000,0.0,0.0
2024-09-16 09:16:00+08:00,49.20000076293945,49.400001525878906,49.20000076293945,49.400001525878906,2029,0.0,0.0
2024-09-16 09:20:00+08:00,49.400001525878906,49.400001525878906,49.400001525878906,49.400001525878906,1002,0.0,0.0
2024-09-16 09:21:00+08:00,49.29999923706055,49.29999923706055,49.20000076293945,49.20000076293945,7000,0.0,0.0
2024-09-16 09:22:00+08:00,49.20000076293945,49.20000076293945,49.20000076293945,49.20000076293945,1000,0.0,0.0
2024-09-16 09:24:00+08:00,49.20000076293945,49.20000076293945,49.150001525878906,49.150001525878906,2000,0.0,0.0
2024-09-16 09:27:00+08:00,49.25,49.29999923706055,49.25,49.25,4000,0.0,0.0
2024-09-16 09:30:00+08:00,49.349998474121094,49.70000076293945,49.349998474121094,49.70000076293945,7000,0.0,0.0
2024-09-16 09:31:00+08:00,49.75,49.75,49.75,49.75,1000,0.0,0.0
2024-09-16 09:33:00+08:00,49.650001525878906,49.650001525878906,49.45000076293945,49.45000076293945,2000,0.0,0.0
2024-09-16 09:43:00+08:00,49.400001525878906,49.400001525878906,49.400001525878906,49.400001525878906,1000,0.0,0.0
2024-09-16 09:46:00+08:00,49.400001525878906,49.400001525878906,49.400001525878906,49.400001525878906,1100,0.0,0.0
2024-09-16 09:52:00+08:00,49.20000076293945,49.20000076293945,48.900001525878906,48.900001525878906,12000,0.0,0.0
2024-09-16 09:53:00+08:00,48.95000076293945,48.95000076293945,48.95000076293945,48.95000076293945,1048,0.0,0.0
2024-09-16 09:55:00+08:00,48.95000076293945,48.95000076293945,48.95000076293945,48.95000076293945,2003,0.0,0.0
2024-09-16 09:57:00+08:00,48.900001525878906,48.900001525878906,48.900001525878906,48.900001525878906,1000,0.0,0.0
2024-09-16 09:58:00+08:00,48.79999923706055,48.900001525878906,48.79999923706055,48.79999923706055,9001,0.0,0.0
2024-09-16 09:59:00+08:00,48.75,48.75,48.599998474121094,48.70000076293945,12000,0.0,0.0
2024-09-16 10:00:00+08:00,48.599998474121094,48.75,48.5,48.650001525878906,15000,0.0,0.0
2024-09-16 10:01:00+08:00,48.54999923706055,48.54999923706055,48.54999923706055,48.54999923706055,1030,0.0,0.0
2024-09-16 10:03:00+08:00,48.599998474121094,48.599998474121094,48.599998474121094,48.599998474121094,1000,0.0,0.0
2024-09-16 10:04:00+08:00,48.849998474121094,48.900001525878906,48.849998474121094,48.900001525878906,2000,0.0,0.0
2024-09-16 10:06:00+08:00,48.849998474121094,48.849998474121094,48.849998474121094,48.849998474121094,3000,0.0,0.0
2024-09-16 10:09:00+08:00,48.849998474121094,48.849998474121094,48.849998474121094,48.849998474121094,2040,0.0,0.0
2024-09-16 10:12:00+08:00,48.849998474121094,48.849998474121094,48.849998474121094,48.849998474121094,1000,0.0,0.0
2024-09-16 10:13:00+08:00,48.849998474121094,48.849998474121094,48.849998474121094,48.849998474121094,1001,0.0,0.0
2024-09-16 10:16:00+08:00,48.650001525878906,48.650001525878906,48.650001525878906,48.650001525878906,1000,0.0,0.0
2024-09-16 10:19:00+08:00,48.599998474121094,48.599998474121094,48.599998474121094,48.599998474121094,8000,0.0,0.0
2024-09-16 10:20:00+08:00,48.599998474121094,48.599998474121094,48.599998474121094,48.599998474121094,1032,0.0,0.0
2024-09-16 10:29:00+08:00,48.54999923706055,48.54999923706055,48.54999923706055,48.54999923706055,1000,0.0,0.0
2024-09-16 10:30:00+08:00,48.5,48.5,48.5,48.5,1000,0.0,0.0
2024-09-16 10:31:00+08:00,48.5,48.5,48.5,48.5,6118,0.0,0.0
2024-09-16 10:36:00+08:00,48.5,48.5,48.5,48.5,1000,0.0,0.0
2024-09-16 10:37:00+08:00,48.5,48.5,48.45000076293945,48.45000076293945,2000,0.0,0.0
2024-09-16 10:39:00+08:00,48.45000076293945,48.45000076293945,48.45000076293945,48.45000076293945,2000,0.0,0.0
2024-09-16 10:40:00+08:00,48.400001525878906,48.400001525878906,48.400001525878906,48.400001525878906,4000,0.0,0.0
2024-09-16 10:42:00+08:00,48.400001525878906,48.400001525878906,48.400001525878906,48.400001525878906,1000,0.0,0.0
2024-09-16 10:45:00+08:00,48.5,48.5,48.5,48.5,1000,0.0,0.0
2024-09-16 10:46:00+08:00,48.5,48.5,48.5,48.5,1000,0.0,0.0
2024-09-16 10:48:00+08:00,48.5,48.5,48.5,48.5,1010,0.0,0.0
2024-09-16 10:56:00+08:00,48.5,48.5,48.5,48.5,1000,0.0,0.0
2024-09-16 11:02:00+08:00,48.54999923706055,48.54999923706055,48.54999923706055,48.54999923706055,1004,0.0,0.0
2024-09-16 11:05:00+08:00,48.75,48.849998474121094,48.75,48.849998474121094,5000,0.0,0.0
2024-09-16 11:10:00+08:00,49.0,49.0,49.0,49.0,1000,0.0,0.0
2024-09-16 11:11:00+08:00,48.95000076293945,48.95000076293945,48.95000076293945,48.95000076293945,1000,0.0,0.0
2024-09-16 11:15:00+08:00,49.099998474121094,49.099998474121094,49.099998474121094,49.099998474121094,2000,0.0,0.0
2024-09-16 11:16:00+08:00,49.20000076293945,49.20000076293945,49.20000076293945,49.20000076293945,1000,0.0,0.0
2024-09-16 11:20:00+08:00,49.349998474121094,49.349998474121094,49.349998474121094,49.349998474121094,1000,0.0,0.0
2024-09-16 11:22:00+08:00,49.349998474121094,49.349998474121094,49.29999923706055,49.29999923706055,2000,0.0,0.0
2024-09-16 11:25:00+08:00,49.400001525878906,49.400001525878906,49.400001525878906,49.400001525878906,1000,0.0,0.0
2024-09-16 11:26:00+08:00,49.400001525878906,49.400001525878906,49.400001525878906,49.400001525878906,4000,0.0,0.0
2024-09-16 11:27:00+08:00,49.29999923706055,49.29999923706055,49.29999923706055,49.29999923706055,2003,0.0,0.0
2024-09-16 11:43:00+08:00,49.29999923706055,49.29999923706055,49.29999923706055,49.29999923706055,1000,0.0,0.0
2024-09-16 11:44:00+08:00,49.29999923706055,49.29999923706055,49.29999923706055,49.29999923706055,1000,0.0,0.0
2024-09-16 11:45:00+08:00,49.349998474121094,49.45000076293945,49.349998474121094,49.45000076293945,5000,0.0,0.0
2024-09-16 11:49:00+08:00,49.5,49.5,49.5,49.5,2000,0.0,0.0
2024-09-16 11:51:00+08:00,49.599998474121094,49.70000076293945,49.599998474121094,49.70000076293945,4652,0.0,0.0
2024-09-16 11:52:00+08:00,49.70000076293945,49.70000076293945,49.70000076293945,49.70000076293945,10000,0.0,0.0
2024-09-16 11:53:00+08:00,49.5,49.5,49.5,49.5,2101,0.0,0.0
2024-09-16 12:16:00+08:00,49.349998474121094,49.349998474121094,49.349998474121094,49.349998474121094,2001,0.0,0.0
2024-09-16 12:47:00+08:00,49.099998474121094,49.099998474121094,49.099998474121094,49.099998474121094,1000,0.0,0.0
2024-09-16 12:48:00+08:00,49.04999923706055,49.04999923706055,49.04999923706055,49.04999923706055,2000,0.0,0.0
2024-09-16 12:49:00+08:00,49.04999923706055,49.04999923706055,49.04999923706055,49.04999923706055,5009,0.0,0.0
2024-09-16 12:50:00+08:00,49.0,49.0,49.0,49.0,4000,0.0,0.0
2024-09-16 12:51:00+08:00,48.900001525878906,48.900001525878906,48.900001525878906,48.900001525878906,1000,0.0,0.0
2024-09-16 12:55:00+08:00,48.849998474121094,48.849998474121094,48.849998474121094,48.849998474121094,1000,0.0,0.0
2024-09-16 12:58:00+08:00,48.900001525878906,48.900001525878906,48.900001525878906,48.900001525878906,3000,0.0,0.0
2024-09-16 13:01:00+08:00,49.04999923706055,49.04999923706055,49.04999923706055,49.04999923706055,4000,0.0,0.0
2024-09-16 13:02:00+08:00,49.04999923706055,49.04999923706055,49.04999923706055,49.04999923706055,3000,0.0,0.0
2024-09-16 13:04:00+08:00,49.25,49.25,49.25,49.25,1000,0.0,0.0
2024-09-16 13:09:00+08:00,49.099998474121094,49.099998474121094,49.099998474121094,49.099998474121094,1000,0.0,0.0
2024-09-16 13:12:00+08:00,49.099998474121094,49.099998474121094,49.099998474121094,49.099998474121094,1000,0.0,0.0
2024-09-16 13:17:00+08:00,49.04999923706055,49.04999923706055,49.04999923706055,49.04999923706055,2000,0.0,0.0
2024-09-16 13:18:00+08:00,49.150001525878906,49.150001525878906,49.150001525878906,49.150001525878906,1000,0.0,0.0
2024-09-16 13:20:00+08:00,49.099998474121094,49.099998474121094,49.099998474121094,49.099998474121094,1000,0.0,0.0
2024-09-16 13:21:00+08:00,49.099998474121094,49.099998474121094,49.099998474121094,49.099998474121094,1000,0.0,0.0
2024-09-16 13:22:00+08:00,49.099998474121094,49.099998474121094,49.099998474121094,49.099998474121094,2000,0.0,0.0
2024-09-16 13:23:00+08:00,49.0,49.0,49.0,49.0,1000,0.0,0.0
2024-09-18 09:00:00+08:00,48.54999923706055,48.54999923706055,48.54999923706055,48.54999923706055,0,0.0,0.0
2024-09-18 09:01:00+08:00,48.70000076293945,48.70000076293945,48.70000076293945,48.70000076293945,11000,0.0,0.0
2024-09-18 09:07:00+08:00,49.0,49.0,49.0,49.0,1000,0.0,0.0
2024-09-18 09:09:00+08:00,49.04999923706055,49.04999923706055,49.04999923706055,49.04999923706055,1001,0.0,0.0
2024-09-18 09:12:00+08:00,49.04999923706055,49.75,48.79999923706055,49.75,3022,0.0,0.0
2024-09-18 09:14:00+08:00,48.900001525878906,48.900001525878906,48.849998474121094,48.849998474121094,4000,0.0,0.0
2024-09-18 09:17:00+08:00,48.849998474121094,48.849998474121094,48.849998474121094,48.849998474121094,1000,0.0,0.0
2024-09-18 09:18:00+08:00,48.79999923706055,48.79999923706055,48.79999923706055,48.79999923706055,2000,0.0,0.0
2024-09-18 09:19:00+08:00,49.54999923706055,49.599998474121094,49.54999923706055,49.599998474121094,10000,0.0,0.0
2024-09-18 09:20:00+08:00,49.5,49.5,49.5,49.5,10000,0.0,0.0
2024-09-18 09:22:00+08:00,49.400001525878906,49.400001525878906,49.400001525878906,49.400001525878906,10000,0.0,0.0
2024-09-18 09:23:00+08:00,49.400001525878906,49.400001525878906,49.400001525878906,49.400001525878906,1000,0.0,0.0
2024-09-18 09:25:00+08:00,49.349998474121094,49.349998474121094,49.349998474121094,49.349998474121094,6005,0.0,0.0
2024-09-18 09:26:00+08:00,49.20000076293945,49.20000076293945,49.20000076293945,49.20000076293945,1000,0.0,0.0
2024-09-18 09:27:00+08:00,49.150001525878906,49.150001525878906,49.150001525878906,49.150001525878906,3000,0.0,0.0
2024-09-18 09:28:00+08:00,49.150001525878906,49.400001525878906,49.150001525878906,49.400001525878906,2000,0.0,0.0
2024-09-18 09:30:00+08:00,49.5,49.599998474121094,49.5,49.599998474121094,4000,0.0,0.0
2024-09-18 09:32:00+08:00,49.650001525878906,49.79999923706055,49.650001525878906,49.650001525878906,19052,0.0,0.0
2024-09-18 09:33:00+08:00,49.849998474121094,49.849998474121094,49.70000076293945,49.70000076293945,3000,0.0,0.0
2024-09-18 09:35:00+08:00,49.75,49.75,49.75,49.75,1000,0.0,0.0
2024-09-18 09:37:00+08:00,49.79999923706055,49.900001525878906,49.79999923706055,49.79999923706055,3046,0.0,0.0
2024-09-18 09:39:00+08:00,49.79999923706055,49.79999923706055,49.79999923706055,49.79999923706055,1000,0.0,0.0
2024-09-18 09:40:00+08:00,49.75,49.75,49.599998474121094,49.599998474121094,5004,0.0,0.0
2024-09-18 09:44:00+08:00,49.849998474121094,49.900001525878906,49.849998474121094,49.900001525878906,3000,0.0,0.0
2024-09-18 09:49:00+08:00,49.900001525878906,50.20000076293945,49.900001525878906,50.20000076293945,10000,0.0,0.0
2024-09-18 09:50:00+08:00,50.20000076293945,50.29999923706055,50.20000076293945,50.29999923706055,5045,0.0,0.0
2024-09-18 09:51:00+08:00,50.099998474121094,50.099998474121094,50.099998474121094,50.099998474121094,2000,0.0,0.0
2024-09-18 09:52:00+08:00,50.099998474121094,50.099998474121094,50.099998474121094,50.099998474121094,1000,0.0,0.0
2024-09-18 09:53:00+08:00,50.099998474121094,50.099998474121094,50.099998474121094,50.099998474121094,1000,0.0,0.0
2024-09-18 09:54:00+08:00,50.20000076293945,50.20000076293945,50.20000076293945,50.20000076293945,2000,0.0,0.0
2024-09-18 09:55:00+08:00,50.20000076293945,50.20000076293945,50.20000076293945,50.20000076293945,1000,0.0,0.0
2024-09-18 09:56:00+08:00,50.20000076293945,50.20000076293945,50.20000076293945,50.20000076293945,11000,0.0,0.0
2024-09-18 09:58:00+08:00,50.20000076293945,50.20000076293945,50.20000076293945,50.20000076293945,1000,0.0,0.0
2024-09-18 09:59:00+08:00,50.20000076293945,50.29999923706055,50.20000076293945,50.29999923706055,11000,0.0,0.0
2024-09-18 10:00:00+08:00,50.5,50.5,50.5,50.5,2181,0.0,0.0
2024-09-18 10:01:00+08:00,50.5,50.5,50.5,50.5,3000,0.0,0.0
2024-09-18 10:03:00+08:00,50.5,50.5,50.29999923706055,50.29999923706055,4000,0.0,0.0
2024-09-18 10:04:00+08:00,50.29999923706055,50.29999923706055,50.29999923706055,50.29999923706055,3000,0.0,0.0
2024-09-18 10:05:00+08:00,50.29999923706055,50.29999923706055,50.29999923706055,50.29999923706055,1000,0.0,0.0
2024-09-18 10:08:00+08:00,50.29999923706055,50.5,50.29999923706055,50.5,13000,0.0,0.0
2024-09-18 10:09:00+08:00,50.5,50.5,50.400001525878906,50.400001525878906,9000,0.0,0.0
2024-09-18 10:11:00+08:00,50.400001525878906,50.5,50.400001525878906,50.5,6000,0.0,0.0
2024-09-18 10:12:00+08:00,50.5,50.5,50.29999923706055,50.29999923706055,6000,0.0,0.0
2024-09-18 10:13:00+08:00,50.29999923706055,50.29999923706055,50.29999923706055,50.29999923706055,4000,0.0,0.0
2024-09-18 10:15:00+08:00,50.29999923706055,50.29999923706055,50.29999923706055,50.29999923706055,1000,0.0,0.0
2024-09-18 10:17:00+08:00,50.099998474121094,50.099998474121094,50.099998474121094,50.099998474121094,1000,0.0,0.0
2024-09-18 10:18:00+08:00,50.099998474121094,50.099998474121094,50.099998474121094,50.099998474121094,3000,0.0,0.0
2024-09-18 10:19:00+08:00,50.099998474121094,50.20000076293945,50.099998474121094,50.20000076293945,5005,0.0,0.0
2024-09-18 10:25:00+08:00,50.099998474121094,50.099998474121094,50.099998474121094,50.099998474121094,1000,0.0,0.0
2024-09-18 10:26:00+08:00,50.0,50.0,50.0,50.0,5000,0.0,0.0
2024-09-18 10:27:00+08:00,50.0,50.0,50.0,50.0,2000,0.0,0.0
2024-09-18 10:28:00+08:00,50.0,50.0,50.0,50.0,1000,0.0,0.0
2024-09-18 10:30:00+08:00,49.849998474121094,49.849998474121094,49.849998474121094,49.849998474121094,1000,0.0,0.0
2024-09-18 10:39:00+08:00,50.0,50.0,50.0,50.0,2002,0.0,0.0
2024-09-18 10:46:00+08:00,50.20000076293945,50.400001525878906,50.20000076293945,50.400001525878906,6000,0.0,0.0
2024-09-18 10:47:00+08:00,50.400001525878906,50.599998474121094,50.400001525878906,50.599998474121094,29000,0.0,0.0
2024-09-18 10:48:00+08:00,50.79999923706055,50.79999923706055,50.79999923706055,50.79999923706055,1000,0.0,0.0
2024-09-18 10:50:00+08:00,50.79999923706055,50.900001525878906,50.79999923706055,50.900001525878906,11000,0.0,0.0
2024-09-18 10:51:00+08:00,50.900001525878906,51.0,50.900001525878906,51.0,13799,0.0,0.0
2024-09-18 10:52:00+08:00,50.900001525878906,51.0,50.79999923706055,51.0,11350,0.0,0.0
2024-09-18 10:53:00+08:00,51.099998474121094,51.400001525878906,51.099998474121094,51.400001525878906,20200,0.0,0.0
2024-09-18 10:54:00+08:00,51.400001525878906,51.5,51.400001525878906,51.5,32100,0.0,0.0
2024-09-18 10:55:00+08:00,51.5,51.70000076293945,51.5,51.70000076293945,20000,0.0,0.0
2024-09-18 10:56:00+08:00,51.79999923706055,52.099998474121094,51.70000076293945,51.900001525878906,58000,0.0,0.0
2024-09-18 10:57:00+08:00,51.70000076293945,51.70000076293945,51.70000076293945,51.70000076293945,2000,0.0,0.0
2024-09-18 10:58:00+08:00,51.599998474121094,51.599998474121094,51.5,51.5,5000,0.0,0.0
2024-09-18 10:59:00+08:00,51.5,51.5,51.5,51.5,2000,0.0,0.0
2024-09-18 11:00:00+08:00,51.599998474121094,51.599998474121094,51.599998474121094,51.599998474121094,2000,0.0,0.0
2024-09-18 11:01:00+08:00,51.599998474121094,51.79999923706055,51.599998474121094,51.79999923706055,13091,0.0,0.0
2024-09-18 11:02:00+08:00,51.599998474121094,51.599998474121094,51.5,51.5,5000,0.0,0.0
2024-09-18 11:03:00+08:00,51.400001525878906,51.400001525878906,51.400001525878906,51.400001525878906,1000,0.0,0.0
2024-09-18 11:04:00+08:00,51.29999923706055,51.29999923706055,51.29999923706055,51.29999923706055,2026,0.0,0.0
2024-09-18 11:06:00+08:00,51.29999923706055,51.5,51.29999923706055,51.5,12000,0.0,0.0
2024-09-18 11:07:00+08:00,51.5,51.5,51.29999923706055,51.29999923706055,5000,0.0,0.0
2024-09-18 11:13:00+08:00,51.0,51.0,51.0,51.0,2010,0.0,0.0
2024-09-18 11:14:00+08:00,51.0,51.0,51.0,51.0,1000,0.0,0.0
2024-09-18 11:15:00+08:00,51.0,51.0,51.0,51.0,1100,0.0,0.0
2024-09-18 11:16:00+08:00,51.20000076293945,51.20000076293945,51.20000076293945,51.20000076293945,1099,0.0,0.0
2024-09-18 11:17:00+08:00,51.20000076293945,51.20000076293945,51.20000076293945,51.20000076293945,1000,0.0,0.0
2024-09-18 11:18:00+08:00,51.29999923706055,51.5,51.29999923706055,51.5,7005,0.0,0.0
2024-09-18 11:19:00+08:00,51.400001525878906,51.5,51.400001525878906,51.5,3004,0.0,0.0
2024-09-18 11:21:00+08:00,51.400001525878906,51.400001525878906,51.400001525878906,51.400001525878906,1000,0.0,0.0
2024-09-18 11:22:00+08:00,51.29999923706055,51.29999923706055,50.79999923706055,50.79999923706055,2000,0.0,0.0
2024-09-18 11:29:00+08:00,51.0,51.0,51.0,51.0,3004,0.0,0.0
2024-09-18 11:33:00+08:00,51.29999923706055,51.29999923706055,51.29999923706055,51.29999923706055,3000,0.0,0.0
2024-09-18 11:34:00+08:00,51.29999923706055,51.29999923706055,51.29999923706055,51.29999923706055,2000,0.0,0.0
2024-09-18 11:35:00+08:00,51.400001525878906,51.400001525878906,51.400001525878906,51.400001525878906,1000,0.0,0.0
2024-09-18 11:36:00+08:00,51.400001525878906,51.400001525878906,51.400001525878906,51.400001525878906,1000,0.0,0.0
2024-09-18 11:38:00+08:00,51.20000076293945,51.20000076293945,51.20000076293945,51.20000076293945,1000,0.0,0.0
2024-09-18 11:41:00+08:00,51.400001525878906,51.400001525878906,51.400001525878906,51.400001525878906,3046,0.0,0.0
2024-09-18 11:42:00+08:00,51.400001525878906,51.400001525878906,51.400001525878906,51.400001525878906,2004,0.0,0.0
2024-09-18 11:43:00+08:00,51.29999923706055,51.29999923706055,51.29999923706055,51.29999923706055,2000,0.0,0.0
2024-09-18 11:44:00+08:00,51.20000076293945,51.20000076293945,51.20000076293945,51.20000076293945,519201,0.0,0.0
2024-09-18 11:48:00+08:00,51.20000076293945,51.20000076293945,51.20000076293945,51.20000076293945,1000,0.0,0.0
2024-09-18 11:50:00+08:00,51.20000076293945,51.29999923706055,51.20000076293945,51.29999923706055,2000,0.0,0.0
2024-09-18 11:52:00+08:00,51.099998474121094,51.099998474121094,51.099998474121094,51.099998474121094,1195,0.0,0.0
2024-09-18 11:54:00+08:00,51.400001525878906,51.400001525878906,51.400001525878906,51.400001525878906,1000,0.0,0.0
2024-09-18 11:55:00+08:00,51.400001525878906,51.5,51.400001525878906,51.5,5658,0.0,0.0
2024-09-18 11:57:00+08:00,51.5,51.5,51.5,51.5,1000,0.0,0.0
2024-09-18 11:59:00+08:00,51.599998474121094,51.599998474121094,51.599998474121094,51.599998474121094,2000,0.0,0.0
2024-09-18 12:00:00+08:00,51.599998474121094,51.599998474121094,51.599998474121094,51.599998474121094,5713,0.0,0.0
2024-09-18 12:01:00+08:00,51.79999923706055,51.79999923706055,51.79999923706055,51.79999923706055,2300,0.0,0.0
2024-09-18 12:02:00+08:00,51.79999923706055,52.29999923706055,51.79999923706055,52.20000076293945,52330,0.0,0.0
2024-09-18 12:03:00+08:00,52.099998474121094,52.099998474121094,52.099998474121094,52.099998474121094,1000,0.0,0.0
2024-09-18 12:04:00+08:00,52.0,52.099998474121094,51.900001525878906,51.900001525878906,8100,0.0,0.0
2024-09-18 12:05:00+08:00,52.099998474121094,52.29999923706055,52.099998474121094,52.29999923706055,8000,0.0,0.0
2024-09-18 12:06:00+08:00,52.29999923706055,52.29999923706055,52.20000076293945,52.29999923706055,13499,0.0,0.0
2024-09-18 12:07:00+08:00,52.20000076293945,52.400001525878906,52.20000076293945,52.400001525878906,13038,0.0,0.0
2024-09-18 12:08:00+08:00,52.5,52.5,52.29999923706055,52.29999923706055,7064,0.0,0.0
2024-09-18 12:09:00+08:00,52.29999923706055,52.400001525878906,52.099998474121094,52.099998474121094,7000,0.0,0.0
2024-09-18 12:10:00+08:00,52.099998474121094,52.099998474121094,51.79999923706055,52.099998474121094,15500,0.0,0.0
2024-09-18 12:12:00+08:00,52.0,52.099998474121094,52.0,52.099998474121094,2000,0.0,0.0
2024-09-18 12:13:00+08:00,52.0,52.0,52.0,52.0,2000,0.0,0.0
2024-09-18 12:14:00+08:00,52.0,52.0,52.0,52.0,1000,0.0,0.0
2024-09-18 12:15:00+08:00,52.0,52.0,52.0,52.0,2000,0.0,0.0
2024-09-18 12:18:00+08:00,51.900001525878906,51.900001525878906,51.900001525878906,51.900001525878906,2000,0.0,0.0
2024-09-18 12:19:00+08:00,51.900001525878906,52.0,51.900001525878906,52.0,13000,0.0,0.0
2024-09-18 12:20:00+08:00,52.099998474121094,52.099998474121094,52.0,52.0,3000,0.0,0.0
2024-09-18 12:22:00+08:00,52.099998474121094,52.099998474121094,52.099998474121094,52.099998474121094,4000,0.0,0.0
2024-09-18 12:23:00+08:00,52.0,52.099998474121094,52.0,52.099998474121094,4000,0.0,0.0
2024-09-18 12:24:00+08:00,52.099998474121094,52.099998474121094,52.0,52.0,2194,0.0,0.0
2024-09-18 12:25:00+08:00,51.79999923706055,51.79999923706055,51.599998474121094,51.599998474121094,13000,0.0,0.0
2024-09-18 12:26:00+08:00,51.70000076293945,51.70000076293945,51.70000076293945,51.70000076293945,2004,0.0,0.0
2024-09-18 12:27:00+08:00,51.70000076293945,51.70000076293945,51.70000076293945,51.70000076293945,1000,0.0,0.0
2024-09-18 12:28:00+08:00,51.70000076293945,51.70000076293945,51.70000076293945,51.70000076293945,2000,0.0,0.0
2024-09-18 12:29:00+08:00,51.70000076293945,51.79999923706055,51.70000076293945,51.79999923706055,2000,0.0,0.0
2024-09-18 12:31:00+08:00,51.900001525878906,52.29999923706055,51.900001525878906,52.29999923706055,24000,0.0,0.0
2024-09-18 12:32:00+08:00,52.400001525878906,52.5,52.400001525878906,52.5,7046,0.0,0.0
2024-09-18 12:33:00+08:00,52.29999923706055,52.5,52.099998474121094,52.400001525878906,15196,0.0,0.0
2024-09-18 12:34:00+08:00,52.20000076293945,52.400001525878906,52.20000076293945,52.400001525878906,2452,0.0,0.0
2024-09-18 12:35:00+08:00,52.400001525878906,52.79999923706055,52.400001525878906,52.79999923706055,75000,0.0,0.0
2024-09-18 12:36:00+08:00,52.900001525878906,53.0,52.900001525878906,53.0,26406,0.0,0.0
2024-09-18 12:37:00+08:00,53.0,53.400001525878906,53.0,53.400001525878906,55425,0.0,0.0
2024-09-18 12:38:00+08:00,53.400001525878906,53.599998474121094,53.400001525878906,53.5,34010,0.0,0.0
2024-09-18 12:39:00+08:00,53.5,53.599998474121094,53.5,53.5,11010,0.0,0.0
2024-09-18 12:40:00+08:00,53.5,53.5,53.20000076293945,53.400001525878906,13000,0.0,0.0
2024-09-18 12:41:00+08:00,53.400001525878906,53.400001525878906,53.400001525878906,53.400001525878906,3100,0.0,0.0
2024-09-18 12:42:00+08:00,53.400001525878906,53.400001525878906,53.29999923706055,53.400001525878906,6000,0.0,0.0
2024-09-18 12:43:00+08:00,53.400001525878906,53.5,53.400001525878906,53.400001525878906,9000,0.0,0.0
2024-09-18 12:44:00+08:00,53.29999923706055,53.29999923706055,53.099998474121094,53.099998474121094,13000,0.0,0.0
2024-09-18 12:45:00+08:00,53.0,53.5,53.0,53.5,26000,0.0,0.0
2024-09-18 12:46:00+08:00,53.400001525878906,53.400001525878906,53.29999923706055,53.29999923706055,3000,0.0,0.0
2024-09-18 12:47:00+08:00,53.29999923706055,53.29999923706055,53.29999923706055,53.29999923706055,1000,0.0,0.0
2024-09-18 12:48:00+08:00,53.29999923706055,53.29999923706055,53.099998474121094,53.099998474121094,8000,0.0,0.0
2024-09-18 12:49:00+08:00,53.20000076293945,53.20000076293945,53.20000076293945,53.20000076293945,1000,0.0,0.0
2024-09-18 12:50:00+08:00,53.20000076293945,53.29999923706055,53.20000076293945,53.29999923706055,6000,0.0,0.0
2024-09-18 12:51:00+08:00,53.400001525878906,53.400001525878906,53.400001525878906,53.400001525878906,2002,0.0,0.0
2024-09-18 12:52:00+08:00,53.29999923706055,53.29999923706055,53.29999923706055,53.29999923706055,6000,0.0,0.0
2024-09-18 12:53:00+08:00,53.29999923706055,53.29999923706055,53.20000076293945,53.20000076293945,9000,0.0,0.0
2024-09-18 12:54:00+08:00,53.099998474121094,53.099998474121094,53.099998474121094,53.099998474121094,2000,0.0,0.0
2024-09-18 12:55:00+08:00,53.099998474121094,53.099998474121094,52.900001525878906,52.900001525878906,5000,0.0,0.0
2024-09-18 12:56:00+08:00,52.79999923706055,53.0,52.79999923706055,52.900001525878906,13000,0.0,0.0
2024-09-18 12:57:00+08:00,52.900001525878906,52.900001525878906,52.900001525878906,52.900001525878906,2000,0.0,0.0
2024-09-18 12:58:00+08:00,53.099998474121094,53.099998474121094,53.099998474121094,53.099998474121094,2000,0.0,0.0
2024-09-18 13:00:00+08:00,53.099998474121094,53.099998474121094,53.0,53.0,9000,0.0,0.0
2024-09-18 13:02:00+08:00,52.900001525878906,52.900001525878906,52.900001525878906,52.900001525878906,1000,0.0,0.0
2024-09-18 13:03:00+08:00,52.79999923706055,52.79999923706055,52.79999923706055,52.79999923706055,4020,0.0,0.0
2024-09-18 13:04:00+08:00,52.79999923706055,52.79999923706055,52.79999923706055,52.79999923706055,3000,0.0,0.0
2024-09-18 13:05:00+08:00,52.79999923706055,52.79999923706055,52.79999923706055,52.79999923706055,1000,0.0,0.0
2024-09-18 13:06:00+08:00,53.0,53.0,53.0,53.0,5000,0.0,0.0
2024-09-18 13:07:00+08:00,53.0,53.099998474121094,53.0,53.0,8000,0.0,0.0
2024-09-18 13:08:00+08:00,52.900001525878906,52.900001525878906,52.900001525878906,52.900001525878906,2000,0.0,0.0
2024-09-18 13:09:00+08:00,53.0,53.0,53.0,53.0,5000,0.0,0.0
2024-09-18 13:10:00+08:00,53.0,53.20000076293945,53.0,53.20000076293945,15000,0.0,0.0
2024-09-18 13:11:00+08:00,53.29999923706055,53.400001525878906,53.20000076293945,53.20000076293945,6230,0.0,0.0
2024-09-18 13:12:00+08:00,53.400001525878906,53.400001525878906,53.29999923706055,53.400001525878906,3000,0.0,0.0
2024-09-18 13:13:00+08:00,53.29999923706055,53.400001525878906,53.29999923706055,53.400001525878906,6180,0.0,0.0
2024-09-18 13:14:00+08:00,53.5,53.79999923706055,53.5,53.79999923706055,221000,0.0,0.0
2024-09-18 13:15:00+08:00,53.79999923706055,53.79999923706055,53.79999923706055,53.79999923706055,131461,0.0,0.0
2024-09-18 13:16:00+08:00,53.79999923706055,53.79999923706055,53.79999923706055,53.79999923706055,5000,0.0,0.0
2024-09-18 13:17:00+08:00,53.79999923706055,53.79999923706055,53.79999923706055,53.79999923706055,5156,0.0,0.0
2024-09-18 13:18:00+08:00,53.79999923706055,53.79999923706055,53.79999923706055,53.79999923706055,4000,0.0,0.0
2024-09-18 13:19:00+08:00,53.79999923706055,53.79999923706055,53.79999923706055,53.79999923706055,6000,0.0,0.0
2024-09-18 13:20:00+08:00,53.79999923706055,53.79999923706055,53.79999923706055,53.79999923706055,7000,0.0,0.0
2024-09-18 13:21:00+08:00,53.79999923706055,53.79999923706055,53.79999923706055,53.79999923706055,10100,0.0,0.0
2024-09-18 13:22:00+08:00,53.79999923706055,53.79999923706055,53.79999923706055,53.79999923706055,6000,0.0,0.0
2024-09-18 13:23:00+08:00,53.79999923706055,53.79999923706055,53.79999923706055,53.79999923706055,2000,0.0,0.0
2024-09-18 13:24:00+08:00,53.79999923706055,53.79999923706055,53.79999923706055,53.79999923706055,1050,0.0,0.0
2024-09-19 09:00:00+08:00,55.5,55.79999923706055,54.29999923706055,55.70000076293945,0,0.0,0.0
2024-09-19 09:01:00+08:00,55.70000076293945,55.70000076293945,53.70000076293945,53.70000076293945,99000,0.0,0.0
2024-09-19 09:03:00+08:00,53.70000076293945,53.79999923706055,52.599998474121094,52.900001525878906,82000,0.0,0.0
2024-09-19 09:04:00+08:00,52.900001525878906,53.099998474121094,52.599998474121094,53.099998474121094,51000,0.0,0.0
2024-09-19 09:05:00+08:00,53.0,53.599998474121094,53.0,53.29999923706055,39000,0.0,0.0
2024-09-19 09:06:00+08:00,53.20000076293945,53.5,53.20000076293945,53.29999923706055,20000,0.0,0.0
2024-09-19 09:07:00+08:00,53.29999923706055,53.29999923706055,52.400001525878906,52.599998474121094,69000,0.0,0.0
2024-09-19 09:08:00+08:00,52.599998474121094,52.70000076293945,52.400001525878906,52.400001525878906,61000,0.0,0.0
2024-09-19 09:09:00+08:00,52.5,52.70000076293945,52.400001525878906,52.70000076293945,16000,0.0,0.0
2024-09-19 09:10:00+08:00,52.70000076293945,52.70000076293945,52.599998474121094,52.599998474121094,8492,0.0,0.0
2024-09-19 09:11:00+08:00,52.599998474121094,52.599998474121094,51.400001525878906,51.70000076293945,107000,0.0,0.0
2024-09-19 09:12:00+08:00,51.5,52.29999923706055,51.5,52.29999923706055,36122,0.0,0.0
2024-09-19 09:13:00+08:00,52.099998474121094,52.5,51.70000076293945,51.70000076293945,13001,0.0,0.0
2024-09-19 09:14:00+08:00,51.599998474121094,51.599998474121094,50.70000076293945,51.099998474121094,91000,0.0,0.0
2024-09-19 09:15:00+08:00,51.0,51.400001525878906,51.0,51.400001525878906,12000,0.0,0.0
2024-09-19 09:16:00+08:00,51.5,51.79999923706055,51.5,51.599998474121094,53000,0.0,0.0
2024-09-19 09:17:00+08:00,51.599998474121094,51.599998474121094,51.599998474121094,51.599998474121094,14310,0.0,0.0
2024-09-19 09:18:00+08:00,51.599998474121094,51.599998474121094,51.599998474121094,51.599998474121094,2037,0.0,0.0
2024-09-19 09:19:00+08:00,51.599998474121094,51.900001525878906,51.599998474121094,51.79999923706055,10039,0.0,0.0
2024-09-19 09:20:00+08:00,51.70000076293945,51.70000076293945,51.70000076293945,51.70000076293945,7001,0.0,0.0
2024-09-19 09:21:00+08:00,51.70000076293945,51.70000076293945,51.70000076293945,51.70000076293945,2000,0.0,0.0
2024-09-19 09:22:00+08:00,51.79999923706055,52.0,51.79999923706055,52.0,13000,0.0,0.0
2024-09-19 09:23:00+08:00,52.0,52.0,51.70000076293945,51.70000076293945,6000,0.0,0.0
2024-09-19 09:24:00+08:00,51.900001525878906,52.0,51.70000076293945,51.70000076293945,3198,0.0,0.0
2024-09-19 09:25:00+08:00,51.599998474121094,51.599998474121094,51.599998474121094,51.599998474121094,2000,0.0,0.0
2024-09-19 09:26:00+08:00,51.599998474121094,51.79999923706055,51.599998474121094,51.79999923706055,9000,0.0,0.0
2024-09-19 09:28:00+08:00,51.900001525878906,52.0,51.900001525878906,51.900001525878906,3000,0.0,0.0
2024-09-19 09:29:00+08:00,51.79999923706055,51.79999923706055,51.79999923706055,51.79999923706055,3000,0.0,0.0
2024-09-19 09:30:00+08:00,51.70000076293945,51.70000076293945,51.70000076293945,51.70000076293945,1000,0.0,0.0
2024-09-19 09:31:00+08:00,51.79999923706055,51.79999923706055,51.70000076293945,51.70000076293945,10000,0.0,0.0
2024-09-19 09:33:00+08:00,51.70000076293945,51.70000076293945,51.20000076293945,51.20000076293945,18219,0.0,0.0
2024-09-19 09:34:00+08:00,51.29999923706055,51.29999923706055,51.29999923706055,51.29999923706055,1000,0.0,0.0
2024-09-19 09:35:00+08:00,51.29999923706055,51.29999923706055,51.29999923706055,51.29999923706055,1000,0.0,0.0
2024-09-19 09:37:00+08:00,51.29999923706055,51.29999923706055,51.29999923706055,51.29999923706055,4004,0.0,0.0
2024-09-19 09:38:00+08:00,51.29999923706055,51.29999923706055,50.79999923706055,50.79999923706055,59000,0.0,0.0
2024-09-19 09:39:00+08:00,50.79999923706055,50.900001525878906,50.400001525878906,50.79999923706055,31252,0.0,0.0
2024-09-19 09:40:00+08:00,51.0,51.0,50.79999923706055,51.0,1160675,0.0,0.0
2024-09-19 09:41:00+08:00,51.099998474121094,51.099998474121094,50.900001525878906,50.900001525878906,4000,0.0,0.0
2024-09-19 09:42:00+08:00,50.900001525878906,50.900001525878906,50.79999923706055,50.79999923706055,8000,0.0,0.0
2024-09-19 09:43:00+08:00,50.900001525878906,50.900001525878906,50.79999923706055,50.79999923706055,7000,0.0,0.0
2024-09-19 09:44:00+08:00,50.79999923706055,50.900001525878906,50.79999923706055,50.900001525878906,8000,0.0,0.0
2024-09-19 09:45:00+08:00,51.0,51.29999923706055,51.0,51.29999923706055,19000,0.0,0.0
2024-09-19 09:46:00+08:00,51.099998474121094,51.099998474121094,51.099998474121094,51.099998474121094,4000,0.0,0.0
2024-09-19 09:47:00+08:00,51.099998474121094,51.099998474121094,51.099998474121094,51.099998474121094,1000,0.0,0.0
2024-09-19 09:50:00+08:00,51.0,51.0,50.900001525878906,50.900001525878906,12000,0.0,0.0
2024-09-19 09:51:00+08:00,51.0,51.0,51.0,51.0,7001,0.0,0.0
2024-09-19 09:52:00+08:00,51.0,51.20000076293945,51.0,51.20000076293945,4000,0.0,0.0
2024-09-19 09:53:00+08:00,51.400001525878906,51.400001525878906,51.400001525878906,51.400001525878906,2000,0.0,0.0
2024-09-19 09:54:00+08:00,51.400001525878906,51.5,51.400001525878906,51.5,14000,0.0,0.0
2024-09-19 09:55:00+08:00,51.5,51.599998474121094,51.5,51.599998474121094,24000,0.0,0.0
2024-09-19 09:57:00+08:00,51.5,51.5,51.5,51.5,2000,0.0,0.0
2024-09-19 10:00:00+08:00,51.5,51.79999923706055,51.5,51.79999923706055,15000,0.0,0.0
2024-09-19 10:01:00+08:00,51.79999923706055,51.79999923706055,51.70000076293945,51.70000076293945,5152,0.0,0.0
2024-09-19 10:02:00+08:00,51.79999923706055,51.79999923706055,51.79999923706055,51.79999923706055,1000,0.0,0.0
2024-09-19 10:03:00+08:00,51.70000076293945,51.79999923706055,51.70000076293945,51.79999923706055,4000,0.0,0.0
2024-09-19 10:05:00+08:00,51.79999923706055,51.900001525878906,51.70000076293945,51.70000076293945,6285,0.0,0.0
2024-09-19 10:06:00+08:00,51.70000076293945,51.70000076293945,51.599998474121094,51.599998474121094,36000,0.0,0.0
2024-09-19 10:07:00+08:00,51.70000076293945,51.70000076293945,51.70000076293945,51.70000076293945,1446,0.0,0.0
2024-09-19 10:09:00+08:00,51.599998474121094,51.599998474121094,51.599998474121094,51.599998474121094,1346559,0.0,0.0
2024-09-19 10:10:00+08:00,51.400001525878906,51.599998474121094,51.400001525878906,51.599998474121094,2000,0.0,0.0
2024-09-19 10:11:00+08:00,51.400001525878906,51.400001525878906,51.400001525878906,51.400001525878906,2000,0.0,0.0
2024-09-19 10:14:00+08:00,51.400001525878906,51.400001525878906,51.400001525878906,51.400001525878906,1000,0.0,0.0
2024-09-19 10:15:00+08:00,51.29999923706055,51.29999923706055,51.29999923706055,51.29999923706055,2000,0.0,0.0
2024-09-19 10:16:00+08:00,51.5,51.70000076293945,51.5,51.70000076293945,8000,0.0,0.0
2024-09-19 10:18:00+08:00,51.70000076293945,51.79999923706055,51.599998474121094,51.599998474121094,3030,0.0,0.0
2024-09-19 10:22:00+08:00,51.5,51.5,51.5,51.5,3000,0.0,0.0
2024-09-19 10:23:00+08:00,51.5,51.5,51.5,51.5,1000,0.0,0.0
2024-09-19 10:25:00+08:00,51.5,51.5,51.5,51.5,3000,0.0,0.0
2024-09-19 10:26:00+08:00,51.5,51.5,51.400001525878906,51.400001525878906,2000,0.0,0.0
2024-09-19 10:27:00+08:00,51.400001525878906,51.400001525878906,51.400001525878906,51.400001525878906,1000,0.0,0.0
2024-09-19 10:28:00+08:00,51.400001525878906,51.400001525878906,51.400001525878906,51.400001525878906,2000,0.0,0.0
2024-09-19 10:29:00+08:00,51.400001525878906,51.400001525878906,51.400001525878906,51.400001525878906,1000,0.0,0.0
2024-09-19 10:30:00+08:00,51.400001525878906,51.400001525878906,51.400001525878906,51.400001525878906,2000,0.0,0.0
2024-09-19 10:34:00+08:00,51.400001525878906,51.400001525878906,51.400001525878906,51.400001525878906,2000,0.0,0.0
2024-09-19 10:35:00+08:00,51.400001525878906,51.400001525878906,51.29999923706055,51.29999923706055,2000,0.0,0.0
2024-09-19 10:37:00+08:00,51.20000076293945,51.20000076293945,50.900001525878906,50.900001525878906,44000,0.0,0.0
2024-09-19 10:38:00+08:00,50.900001525878906,50.900001525878906,50.79999923706055,50.900001525878906,18000,0.0,0.0
2024-09-19 10:39:00+08:00,50.900001525878906,50.900001525878906,50.79999923706055,50.79999923706055,7396,0.0,0.0
2024-09-19 10:41:00+08:00,50.79999923706055,50.900001525878906,50.79999923706055,50.900001525878906,2000,0.0,0.0
2024-09-19 10:42:00+08:00,50.900001525878906,50.900001525878906,50.900001525878906,50.900001525878906,1000,0.0,0.0
2024-09-19 10:43:00+08:00,50.900001525878906,50.900001525878906,50.599998474121094,50.599998474121094,18000,0.0,0.0
2024-09-19 10:44:00+08:00,50.599998474121094,50.79999923706055,50.599998474121094,50.79999923706055,6134,0.0,0.0
2024-09-19 10:45:00+08:00,50.70000076293945,50.900001525878906,50.599998474121094,50.900001525878906,13001,0.0,0.0
2024-09-19 10:46:00+08:00,50.900001525878906,51.0,50.900001525878906,51.0,2000,0.0,0.0
2024-09-19 10:47:00+08:00,51.0,51.0,51.0,51.0,4000,0.0,0.0
2024-09-19 10:48:00+08:00,51.0,51.0,51.0,51.0,4000,0.0,0.0
2024-09-19 10:50:00+08:00,51.0,51.0,51.0,51.0,2000,0.0,0.0
2024-09-19 10:53:00+08:00,51.0,51.0,51.0,51.0,1000,0.0,0.0
2024-09-19 10:54:00+08:00,51.0,51.0,51.0,51.0,4000,0.0,0.0
2024-09-19 10:56:00+08:00,51.0,51.0,51.0,51.0,2003,0.0,0.0
2024-09-19 10:58:00+08:00,51.0,51.0,51.0,51.0,1101,0.0,0.0
2024-09-19 11:00:00+08:00,51.0,51.0,51.0,51.0,3000,0.0,0.0
2024-09-19 11:02:00+08:00,51.0,51.0,51.0,51.0,1000,0.0,0.0
2024-09-19 11:05:00+08:00,50.900001525878906,50.900001525878906,50.70000076293945,50.70000076293945,10200,0.0,0.0
2024-09-19 11:06:00+08:00,50.70000076293945,50.70000076293945,50.70000076293945,50.70000076293945,1003,0.0,0.0
2024-09-19 11:07:00+08:00,50.70000076293945,50.70000076293945,50.70000076293945,50.70000076293945,4000,0.0,0.0
2024-09-19 11:08:00+08:00,50.79999923706055,50.79999923706055,50.79999923706055,50.79999923706055,5200,0.0,0.0
2024-09-19 11:10:00+08:00,50.900001525878906,50.900001525878906,50.900001525878906,50.900001525878906,1000,0.0,0.0
2024-09-19 11:11:00+08:00,50.900001525878906,50.900001525878906,50.900001525878906,50.900001525878906,2000,0.0,0.0
2024-09-19 11:15:00+08:00,50.900001525878906,51.0,50.900001525878906,51.0,2000,0.0,0.0
2024-09-19 11:18:00+08:00,51.20000076293945,51.29999923706055,51.20000076293945,51.29999923706055,2000,0.0,0.0
2024-09-19 11:19:00+08:00,51.099998474121094,51.099998474121094,51.099998474121094,51.099998474121094,1000,0.0,0.0
2024-09-19 11:20:00+08:00,51.0,51.0,50.900001525878906,50.900001525878906,9000,0.0,0.0
2024-09-19 11:24:00+08:00,50.79999923706055,50.79999923706055,50.79999923706055,50.79999923706055,3000,0.0,0.0
2024-09-19 11:25:00+08:00,50.900001525878906,50.900001525878906,50.900001525878906,50.900001525878906,1000,0.0,0.0
2024-09-19 11:26:00+08:00,51.099998474121094,51.099998474121094,51.099998474121094,51.099998474121094,2000,0.0,0.0
2024-09-19 11:28:00+08:00,50.900001525878906,50.900001525878906,50.900001525878906,50.900001525878906,2000,0.0,0.0
2024-09-19 11:30:00+08:00,50.79999923706055,50.79999923706055,50.79999923706055,50.79999923706055,1000,0.0,0.0
2024-09-19 11:38:00+08:00,51.0,51.0,51.0,51.0,3000,0.0,0.0
2024-09-19 11:42:00+08:00,51.099998474121094,51.099998474121094,51.099998474121094,51.099998474121094,1000,0.0,0.0
2024-09-19 11:43:00+08:00,51.099998474121094,51.099998474121094,50.900001525878906,50.900001525878906,4000,0.0,0.0
2024-09-19 11:44:00+08:00,50.900001525878906,50.900001525878906,50.900001525878906,50.900001525878906,1000,0.0,0.0
2024-09-19 11:45:00+08:00,50.900001525878906,50.900001525878906,50.900001525878906,50.900001525878906,1150,0.0,0.0
2024-09-19 11:46:00+08:00,50.900001525878906,50.900001525878906,50.900001525878906,50.900001525878906,2000,0.0,0.0
2024-09-19 11:51:00+08:00,50.900001525878906,50.900001525878906,50.900001525878906,50.900001525878906,1000,0.0,0.0
2024-09-19 11:52:00+08:00,50.900001525878906,50.900001525878906,50.79999923706055,50.79999923706055,21000,0.0,0.0
2024-09-19 11:53:00+08:00,50.79999923706055,50.79999923706055,50.70000076293945,50.70000076293945,14000,0.0,0.0
2024-09-19 11:55:00+08:00,50.70000076293945,50.70000076293945,50.599998474121094,50.599998474121094,16000,0.0,0.0
2024-09-19 11:56:00+08:00,50.599998474121094,50.599998474121094,50.599998474121094,50.599998474121094,2000,0.0,0.0
2024-09-19 11:57:00+08:00,50.599998474121094,50.599998474121094,50.599998474121094,50.599998474121094,3000,0.0,0.0
2024-09-19 11:58:00+08:00,50.599998474121094,50.599998474121094,50.599998474121094,50.599998474121094,2169,0.0,0.0
2024-09-19 12:00:00+08:00,50.70000076293945,50.70000076293945,50.70000076293945,50.70000076293945,1000,0.0,0.0
2024-09-19 12:02:00+08:00,50.70000076293945,50.70000076293945,50.70000076293945,50.70000076293945,1000,0.0,0.0
2024-09-19 12:03:00+08:00,50.599998474121094,50.599998474121094,50.599998474121094,50.599998474121094,3000,0.0,0.0
2024-09-19 12:04:00+08:00,50.599998474121094,50.599998474121094,50.599998474121094,50.599998474121094,1000,0.0,0.0
2024-09-19 12:05:00+08:00,50.599998474121094,50.599998474121094,50.5,50.5,10000,0.0,0.0
2024-09-19 12:06:00+08:00,50.5,50.5,50.5,50.5,2000,0.0,0.0
2024-09-19 12:08:00+08:00,50.599998474121094,50.599998474121094,50.400001525878906,50.400001525878906,18000,0.0,0.0
2024-09-19 12:09:00+08:00,50.400001525878906,50.5,50.400001525878906,50.5,2000,0.0,0.0
2024-09-19 12:10:00+08:00,50.5,50.5,50.5,50.5,2001,0.0,0.0
2024-09-19 12:13:00+08:00,50.70000076293945,50.79999923706055,50.70000076293945,50.79999923706055,5000,0.0,0.0
2024-09-19 12:14:00+08:00,50.79999923706055,50.900001525878906,50.79999923706055,50.900001525878906,6000,0.0,0.0
2024-09-19 12:16:00+08:00,51.0,51.0,51.0,51.0,1000,0.0,0.0
2024-09-19 12:18:00+08:00,51.0,51.0,51.0,51.0,3060,0.0,0.0
2024-09-19 12:25:00+08:00,50.900001525878906,51.0,50.900001525878906,51.0,2000,0.0,0.0
2024-09-19 12:27:00+08:00,51.0,51.0,51.0,51.0,1000,0.0,0.0
2024-09-19 12:28:00+08:00,51.0,51.0,51.0,51.0,1026,0.0,0.0
2024-09-19 12:33:00+08:00,51.0,51.0,51.0,51.0,1100,0.0,0.0
2024-09-19 12:34:00+08:00,51.0,51.0,51.0,51.0,1000,0.0,0.0
2024-09-19 12:38:00+08:00,50.79999923706055,50.79999923706055,50.70000076293945,50.70000076293945,12100,0.0,0.0
2024-09-19 12:42:00+08:00,50.70000076293945,50.70000076293945,50.70000076293945,50.70000076293945,1000,0.0,0.0
2024-09-19 12:46:00+08:00,50.79999923706055,50.79999923706055,50.79999923706055,50.79999923706055,1000,0.0,0.0
2024-09-19 12:48:00+08:00,50.79999923706055,50.79999923706055,50.79999923706055,50.79999923706055,2200,0.0,0.0
2024-09-19 12:49:00+08:00,50.79999923706055,50.79999923706055,50.79999923706055,50.79999923706055,2010,0.0,0.0
2024-09-19 12:50:00+08:00,50.79999923706055,50.79999923706055,50.79999923706055,50.79999923706055,1000,0.0,0.0
2024-09-19 12:51:00+08:00,50.900001525878906,50.900001525878906,50.900001525878906,50.900001525878906,6002,0.0,0.0
2024-09-19 12:56:00+08:00,50.79999923706055,50.79999923706055,50.79999923706055,50.79999923706055,2000,0.0,0.0
2024-09-19 12:57:00+08:00,50.900001525878906,51.0,50.900001525878906,51.0,3000,0.0,0.0
2024-09-19 12:59:00+08:00,50.900001525878906,50.900001525878906,50.79999923706055,50.79999923706055,12005,0.0,0.0
2024-09-19 13:00:00+08:00,50.79999923706055,50.900001525878906,50.79999923706055,50.900001525878906,2000,0.0,0.0
2024-09-19 13:03:00+08:00,50.79999923706055,50.79999923706055,50.79999923706055,50.79999923706055,1000,0.0,0.0
2024-09-19 13:04:00+08:00,50.70000076293945,50.79999923706055,50.70000076293945,50.70000076293945,13000,0.0,0.0
2024-09-19 13:05:00+08:00,50.70000076293945,50.70000076293945,50.70000076293945,50.70000076293945,4000,0.0,0.0
2024-09-19 13:07:00+08:00,50.70000076293945,50.70000076293945,50.70000076293945,50.70000076293945,1000,0.0,0.0
2024-09-19 13:08:00+08:00,50.70000076293945,50.70000076293945,50.599998474121094,50.599998474121094,2000,0.0,0.0
2024-09-19 13:09:00+08:00,50.70000076293945,50.79999923706055,50.70000076293945,50.79999923706055,7000,0.0,0.0
2024-09-19 13:10:00+08:00,51.0,51.0,51.0,51.0,2000,0.0,0.0
2024-09-19 13:11:00+08:00,51.0,51.0,50.900001525878906,50.900001525878906,2000,0.0,0.0
2024-09-19 13:12:00+08:00,50.900001525878906,50.900001525878906,50.900001525878906,50.900001525878906,1000,0.0,0.0
2024-09-19 13:13:00+08:00,51.0,51.0,51.0,51.0,3000,0.0,0.0
2024-09-19 13:14:00+08:00,51.0,51.29999923706055,51.0,51.29999923706055,6000,0.0,0.0
2024-09-19 13:15:00+08:00,51.20000076293945,51.29999923706055,51.20000076293945,51.20000076293945,4000,0.0,0.0
2024-09-19 13:16:00+08:00,51.20000076293945,51.20000076293945,51.20000076293945,51.20000076293945,1000,0.0,0.0
2024-09-19 13:17:00+08:00,51.20000076293945,51.20000076293945,51.20000076293945,51.20000076293945,2000,0.0,0.0
2024-09-19 13:18:00+08:00,51.099998474121094,51.099998474121094,51.0,51.0,13000,0.0,0.0
2024-09-19 13:19:00+08:00,50.900001525878906,50.900001525878906,50.79999923706055,50.79999923706055,5301,0.0,0.0
2024-09-19 13:20:00+08:00,50.70000076293945,50.70000076293945,50.70000076293945,50.70000076293945,1000,0.0,0.0
2024-09-19 13:21:00+08:00,50.70000076293945,50.900001525878906,50.70000076293945,50.900001525878906,4000,0.0,0.0
2024-09-19 13:22:00+08:00,50.900001525878906,50.900001525878906,50.70000076293945,50.900001525878906,7000,0.0,0.0
2024-09-19 13:23:00+08:00,50.900001525878906,50.900001525878906,50.900001525878906,50.900001525878906,1000,0.0,0.0
2024-09-19 13:24:00+08:00,51.0,51.099998474121094,51.0,51.0,19057,0.0,0.0
2024-09-20 09:00:00+08:00,52.099998474121094,52.099998474121094,52.0,52.099998474121094,0,0.0,0.0
2024-09-20 09:01:00+08:00,52.0,52.0,51.5,51.5,18000,0.0,0.0
2024-09-20 09:02:00+08:00,51.400001525878906,51.400001525878906,51.20000076293945,51.20000076293945,3000,0.0,0.0
2024-09-20 09:03:00+08:00,51.5,51.5,51.29999923706055,51.400001525878906,7000,0.0,0.0
2024-09-20 09:04:00+08:00,51.400001525878906,51.400001525878906,51.400001525878906,51.400001525878906,1000,0.0,0.0
2024-09-20 09:07:00+08:00,51.5,51.5,51.5,51.5,6060,0.0,0.0
2024-09-20 09:11:00+08:00,51.29999923706055,51.29999923706055,51.29999923706055,51.29999923706055,7000,0.0,0.0
2024-09-20 09:12:00+08:00,51.29999923706055,51.29999923706055,51.20000076293945,51.20000076293945,5105,0.0,0.0
2024-09-20 09:13:00+08:00,51.099998474121094,51.099998474121094,51.099998474121094,51.099998474121094,1306,0.0,0.0
2024-09-20 09:14:00+08:00,51.20000076293945,51.20000076293945,51.20000076293945,51.20000076293945,1000,0.0,0.0
2024-09-20 09:15:00+08:00,51.099998474121094,51.099998474121094,51.099998474121094,51.099998474121094,4000,0.0,0.0
2024-09-20 09:16:00+08:00,51.099998474121094,51.099998474121094,51.099998474121094,51.099998474121094,1000,0.0,0.0
2024-09-20 09:17:00+08:00,51.29999923706055,51.29999923706055,51.0,51.0,35000,0.0,0.0
2024-09-20 09:18:00+08:00,50.900001525878906,50.900001525878906,50.79999923706055,50.79999923706055,6000,0.0,0.0
2024-09-20 09:19:00+08:00,50.79999923706055,50.79999923706055,50.79999923706055,50.79999923706055,6000,0.0,0.0
2024-09-20 09:20:00+08:00,50.70000076293945,50.70000076293945,50.70000076293945,50.70000076293945,3000,0.0,0.0
2024-09-20 09:21:00+08:00,50.70000076293945,50.70000076293945,50.70000076293945,50.70000076293945,2010,0.0,0.0
2024-09-20 09:23:00+08:00,50.79999923706055,50.79999923706055,50.79999923706055,50.79999923706055,1000,0.0,0.0
2024-09-20 09:24:00+08:00,50.79999923706055,50.79999923706055,50.79999923706055,50.79999923706055,2000,0.0,0.0
2024-09-20 09:25:00+08:00,50.900001525878906,51.0,50.900001525878906,51.0,3200,0.0,0.0
2024-09-20 09:26:00+08:00,50.900001525878906,51.29999923706055,50.900001525878906,51.29999923706055,17020,0.0,0.0
2024-09-20 09:27:00+08:00,51.400001525878906,51.400001525878906,51.400001525878906,51.400001525878906,2000,0.0,0.0
2024-09-20 09:28:00+08:00,51.5,51.70000076293945,51.5,51.70000076293945,15000,0.0,0.0
2024-09-20 09:29:00+08:00,51.79999923706055,52.20000076293945,51.79999923706055,52.0,19000,0.0,0.0
2024-09-20 09:30:00+08:00,51.900001525878906,52.20000076293945,51.900001525878906,52.20000076293945,17150,0.0,0.0
2024-09-20 09:31:00+08:00,52.400001525878906,52.5,52.29999923706055,52.400001525878906,12000,0.0,0.0
2024-09-20 09:32:00+08:00,52.0,52.29999923706055,52.0,52.29999923706055,4030,0.0,0.0
2024-09-20 09:33:00+08:00,52.0,52.099998474121094,52.0,52.099998474121094,2000,0.0,0.0
2024-09-20 09:34:00+08:00,52.0,52.0,51.79999923706055,51.79999923706055,6000,0.0,0.0
2024-09-20 09:36:00+08:00,51.70000076293945,51.70000076293945,51.70000076293945,51.70000076293945,2000,0.0,0.0
2024-09-20 09:38:00+08:00,51.599998474121094,51.599998474121094,51.599998474121094,51.599998474121094,1000,0.0,0.0
2024-09-20 09:39:00+08:00,51.599998474121094,51.599998474121094,51.599998474121094,51.599998474121094,1100,0.0,0.0
2024-09-20 09:42:00+08:00,51.599998474121094,51.599998474121094,51.5,51.5,2000,0.0,0.0
2024-09-20 09:43:00+08:00,51.5,51.5,51.5,51.5,1000,0.0,0.0
2024-09-20 09:46:00+08:00,51.599998474121094,51.599998474121094,51.599998474121094,51.599998474121094,1000,0.0,0.0
2024-09-20 09:49:00+08:00,51.79999923706055,51.79999923706055,51.599998474121094,51.599998474121094,2000,0.0,0.0
2024-09-20 09:51:00+08:00,51.599998474121094,51.599998474121094,51.599998474121094,51.599998474121094,229981,0.0,0.0
2024-09-20 09:53:00+08:00,51.5,51.5,51.5,51.5,4060,0.0,0.0
2024-09-20 09:56:00+08:00,51.29999923706055,51.29999923706055,51.29999923706055,51.29999923706055,3000,0.0,0.0
2024-09-20 09:59:00+08:00,51.400001525878906,51.400001525878906,51.400001525878906,51.400001525878906,1000,0.0,0.0
2024-09-20 10:00:00+08:00,51.5,51.5,51.5,51.5,1000,0.0,0.0
2024-09-20 10:04:00+08:00,51.5,51.5,51.5,51.5,6000,0.0,0.0
2024-09-20 10:07:00+08:00,51.400001525878906,51.400001525878906,51.29999923706055,51.29999923706055,2000,0.0,0.0
2024-09-20 10:10:00+08:00,51.29999923706055,51.29999923706055,51.29999923706055,51.29999923706055,2000,0.0,0.0
2024-09-20 10:13:00+08:00,51.29999923706055,51.29999923706055,51.29999923706055,51.29999923706055,1000,0.0,0.0
2024-09-20 10:18:00+08:00,51.29999923706055,51.29999923706055,51.29999923706055,51.29999923706055,1000,0.0,0.0
2024-09-20 10:30:00+08:00,51.29999923706055,51.29999923706055,51.29999923706055,51.29999923706055,1000,0.0,0.0
2024-09-20 10:34:00+08:00,51.29999923706055,51.29999923706055,51.29999923706055,51.29999923706055,1000,0.0,0.0
2024-09-20 10:37:00+08:00,51.20000076293945,51.20000076293945,51.20000076293945,51.20000076293945,2000,0.0,0.0
2024-09-20 10:39:00+08:00,51.20000076293945,51.20000076293945,51.20000076293945,51.20000076293945,1000,0.0,0.0
2024-09-20 10:41:00+08:00,51.20000076293945,51.20000076293945,51.20000076293945,51.20000076293945,4000,0.0,0.0
2024-09-20 10:42:00+08:00,51.099998474121094,51.099998474121094,51.0,51.0,8556,0.0,0.0
2024-09-20 10:45:00+08:00,50.900001525878906,50.900001525878906,50.900001525878906,50.900001525878906,1000,0.0,0.0
2024-09-20 10:46:00+08:00,50.900001525878906,51.20000076293945,50.900001525878906,51.20000076293945,7000,0.0,0.0
2024-09-20 10:51:00+08:00,50.900001525878906,50.900001525878906,50.900001525878906,50.900001525878906,0,0.0,0.0
2024-09-20 10:53:00+08:00,50.900001525878906,50.900001525878906,50.79999923706055,50.79999923706055,287607,0.0,0.0
2024-09-20 10:56:00+08:00,50.79999923706055,50.79999923706055,50.79999923706055,50.79999923706055,1000,0.0,0.0
2024-09-20 11:00:00+08:00,50.79999923706055,50.79999923706055,50.79999923706055,50.79999923706055,2001,0.0,0.0
2024-09-20 11:08:00+08:00,50.79999923706055,50.79999923706055,50.79999923706055,50.79999923706055,2000,0.0,0.0
2024-09-20 11:12:00+08:00,50.900001525878906,50.900001525878906,50.79999923706055,50.79999923706055,2000,0.0,0.0
2024-09-20 11:14:00+08:00,50.79999923706055,50.79999923706055,50.79999923706055,50.79999923706055,4100,0.0,0.0
2024-09-20 11:17:00+08:00,50.79999923706055,50.79999923706055,50.79999923706055,50.79999923706055,1000,0.0,0.0
2024-09-20 11:20:00+08:00,50.79999923706055,50.79999923706055,50.79999923706055,50.79999923706055,4000,0.0,0.0
2024-09-20 11:26:00+08:00,50.70000076293945,50.70000076293945,50.70000076293945,50.70000076293945,13125,0.0,0.0
2024-09-20 11:38:00+08:00,50.900001525878906,50.900001525878906,50.900001525878906,50.900001525878906,1081,0.0,0.0
2024-09-20 11:41:00+08:00,50.900001525878906,50.900001525878906,50.900001525878906,50.900001525878906,1000,0.0,0.0
2024-09-20 11:42:00+08:00,51.099998474121094,51.099998474121094,51.099998474121094,51.099998474121094,1000,0.0,0.0
2024-09-20 11:47:00+08:00,51.099998474121094,51.099998474121094,51.099998474121094,51.099998474121094,2050,0.0,0.0
2024-09-20 11:53:00+08:00,51.20000076293945,51.20000076293945,51.20000076293945,51.20000076293945,6000,0.0,0.0
2024-09-20 12:04:00+08:00,51.0,51.0,51.0,51.0,1000,0.0,0.0
2024-09-20 12:06:00+08:00,51.099998474121094,51.099998474121094,51.099998474121094,51.099998474121094,1000,0.0,0.0
2024-09-20 12:07:00+08:00,51.20000076293945,51.20000076293945,51.20000076293945,51.20000076293945,2000,0.0,0.0
2024-09-20 12:08:00+08:00,51.099998474121094,51.099998474121094,51.099998474121094,51.099998474121094,10271,0.0,0.0
2024-09-20 12:15:00+08:00,51.29999923706055,51.29999923706055,51.29999923706055,51.29999923706055,1029,0.0,0.0
2024-09-20 12:18:00+08:00,51.29999923706055,51.400001525878906,51.29999923706055,51.400001525878906,4000,0.0,0.0
2024-09-20 12:19:00+08:00,51.5,51.79999923706055,51.5,51.79999923706055,13434,0.0,0.0
2024-09-20 12:22:00+08:00,51.900001525878906,51.900001525878906,51.900001525878906,51.900001525878906,1000,0.0,0.0
2024-09-20 12:23:00+08:00,52.0,52.099998474121094,52.0,52.099998474121094,7091,0.0,0.0
2024-09-20 12:24:00+08:00,52.0,52.0,51.900001525878906,51.900001525878906,3000,0.0,0.0
2024-09-20 12:32:00+08:00,51.79999923706055,51.79999923706055,51.79999923706055,51.79999923706055,1027,0.0,0.0
2024-09-20 12:33:00+08:00,51.70000076293945,51.70000076293945,51.70000076293945,51.70000076293945,3010,0.0,0.0
2024-09-20 12:38:00+08:00,51.599998474121094,51.599998474121094,51.599998474121094,51.599998474121094,8010,0.0,0.0
2024-09-20 12:45:00+08:00,51.599998474121094,51.599998474121094,51.599998474121094,51.599998474121094,1000,0.0,0.0
2024-09-20 12:46:00+08:00,51.5,51.5,51.5,51.5,1000,0.0,0.0
2024-09-20 12:47:00+08:00,51.5,51.5,51.400001525878906,51.400001525878906,9000,0.0,0.0
2024-09-20 12:51:00+08:00,51.29999923706055,51.29999923706055,51.29999923706055,51.29999923706055,1000,0.0,0.0
2024-09-20 12:52:00+08:00,51.29999923706055,51.29999923706055,51.29999923706055,51.29999923706055,1000,0.0,0.0
2024-09-20 12:53:00+08:00,51.29999923706055,51.29999923706055,51.29999923706055,51.29999923706055,1100,0.0,0.0
2024-09-20 12:57:00+08:00,51.5,51.5,51.5,51.5,1000,0.0,0.0
2024-09-20 12:59:00+08:00,51.5,51.5,51.5,51.5,1000,0.0,0.0
2024-09-20 13:01:00+08:00,51.5,51.5,51.400001525878906,51.400001525878906,6000,0.0,0.0
2024-09-20 13:02:00+08:00,51.29999923706055,51.29999923706055,51.29999923706055,51.29999923706055,1000,0.0,0.0
2024-09-20 13:03:00+08:00,51.400001525878906,51.400001525878906,51.29999923706055,51.29999923706055,2000,0.0,0.0
2024-09-20 13:06:00+08:00,51.29999923706055,51.5,51.29999923706055,51.400001525878906,16000,0.0,0.0
2024-09-20 13:08:00+08:00,51.5,51.5,51.5,51.5,3001,0.0,0.0
2024-09-20 13:10:00+08:00,51.5,51.5,51.5,51.5,1000,0.0,0.0
2024-09-20 13:11:00+08:00,51.400001525878906,51.599998474121094,51.400001525878906,51.599998474121094,4000,0.0,0.0
2024-09-20 13:12:00+08:00,51.599998474121094,51.599998474121094,51.599998474121094,51.599998474121094,1000,0.0,0.0
2024-09-20 13:14:00+08:00,51.599998474121094,51.599998474121094,51.599998474121094,51.599998474121094,1000,0.0,0.0
2024-09-20 13:17:00+08:00,51.599998474121094,51.599998474121094,51.599998474121094,51.599998474121094,2000,0.0,0.0
2024-09-20 13:20:00+08:00,51.599998474121094,51.599998474121094,51.599998474121094,51.599998474121094,1000,0.0,0.0
2024-09-20 13:21:00+08:00,51.5,51.5,51.400001525878906,51.400001525878906,4000,0.0,0.0
2024-09-20 13:22:00+08:00,51.29999923706055,51.29999923706055,51.099998474121094,51.099998474121094,11000,0.0,0.0
2024-09-20 13:23:00+08:00,51.099998474121094,51.099998474121094,51.099998474121094,51.099998474121094,2000,0.0,0.0
2024-09-20 13:24:00+08:00,51.099998474121094,51.099998474121094,51.099998474121094,51.099998474121094,1000,0.0,0.0
