Datetime,Open,High,Low,Close,Volume,Dividends,Stock Splits
2024-10-28 09:00:00+09:00,54000.0,54000.0,53600.0,53600.0,0,0.0,0.0
2024-10-28 09:03:00+09:00,54000.0,54000.0,53700.0,53900.0,122,0.0,0.0
2024-10-28 09:04:00+09:00,53900.0,54000.0,53900.0,54000.0,632,0.0,0.0
2024-10-28 09:05:00+09:00,54000.0,54000.0,53800.0,53800.0,58,0.0,0.0
2024-10-28 09:06:00+09:00,53700.0,53800.0,53700.0,53800.0,87,0.0,0.0
2024-10-28 09:07:00+09:00,53700.0,53700.0,53500.0,53500.0,360,0.0,0.0
2024-10-28 09:08:00+09:00,53500.0,53500.0,53500.0,53500.0,96,0.0,0.0
2024-10-28 09:09:00+09:00,53500.0,53500.0,53200.0,53200.0,530,0.0,0.0
2024-10-28 09:10:00+09:00,53400.0,53600.0,53300.0,53600.0,486,0.0,0.0
2024-10-28 09:11:00+09:00,53600.0,53600.0,53400.0,53400.0,106,0.0,0.0
2024-10-28 09:12:00+09:00,53500.0,53500.0,53400.0,53400.0,68,0.0,0.0
2024-10-28 09:13:00+09:00,53500.0,53500.0,53400.0,53500.0,99,0.0,0.0
2024-10-28 09:14:00+09:00,53400.0,53500.0,53300.0,53500.0,27,0.0,0.0
2024-10-28 09:15:00+09:00,53400.0,53800.0,53400.0,53800.0,281,0.0,0.0
2024-10-28 09:16:00+09:00,53800.0,53800.0,53700.0,53700.0,35,0.0,0.0
2024-10-28 09:17:00+09:00,53700.0,53800.0,53700.0,53800.0,76,0.0,0.0
2024-10-28 09:18:00+09:00,53800.0,53900.0,53800.0,53900.0,6,0.0,0.0
2024-10-28 09:19:00+09:00,53800.0,53800.0,53700.0,53700.0,446,0.0,0.0
2024-10-28 09:20:00+09:00,53600.0,53600.0,53600.0,53600.0,72,0.0,0.0
2024-10-28 09:21:00+09:00,53600.0,53600.0,53500.0,53500.0,167,0.0,0.0
2024-10-28 09:22:00+09:00,53500.0,53500.0,53400.0,53400.0,89,0.0,0.0
2024-10-28 09:23:00+09:00,53500.0,53500.0,53100.0,53100.0,878,0.0,0.0
2024-10-28 09:24:00+09:00,53200.0,53400.0,53100.0,53400.0,347,0.0,0.0
2024-10-28 09:25:00+09:00,53300.0,53300.0,53300.0,53300.0,40,0.0,0.0
2024-10-28 09:26:00+09:00,53300.0,53400.0,53300.0,53400.0,4,0.0,0.0
2024-10-28 09:27:00+09:00,53400.0,53400.0,53300.0,53300.0,31,0.0,0.0
2024-10-28 09:28:00+09:00,53400.0,53500.0,53400.0,53500.0,401,0.0,0.0
2024-10-28 09:29:00+09:00,53600.0,53700.0,53600.0,53700.0,15,0.0,0.0
2024-10-28 09:30:00+09:00,53700.0,53700.0,53700.0,53700.0,108,0.0,0.0
2024-10-28 09:31:00+09:00,53700.0,53700.0,53700.0,53700.0,30,0.0,0.0
2024-10-28 09:32:00+09:00,53600.0,53600.0,53600.0,53600.0,4,0.0,0.0
2024-10-28 09:33:00+09:00,53600.0,53600.0,53600.0,53600.0,90,0.0,0.0
2024-10-28 09:34:00+09:00,53600.0,53700.0,53600.0,53700.0,7,0.0,0.0
2024-10-28 09:35:00+09:00,53600.0,53700.0,53600.0,53600.0,119,0.0,0.0
2024-10-28 09:36:00+09:00,53500.0,53700.0,53300.0,53400.0,447,0.0,0.0
2024-10-28 09:37:00+09:00,53300.0,53400.0,53300.0,53400.0,189,0.0,0.0
2024-10-28 09:38:00+09:00,53400.0,53500.0,53400.0,53400.0,0,0.0,0.0
2024-10-28 09:39:00+09:00,53400.0,53500.0,53400.0,53400.0,56,0.0,0.0
2024-10-28 09:40:00+09:00,53500.0,53500.0,53500.0,53500.0,3,0.0,0.0
2024-10-28 09:41:00+09:00,53500.0,53500.0,53500.0,53500.0,7,0.0,0.0
2024-10-28 09:42:00+09:00,53400.0,53500.0,53400.0,53400.0,91,0.0,0.0
2024-10-28 09:43:00+09:00,53500.0,53600.0,53500.0,53600.0,0,0.0,0.0
2024-10-28 09:44:00+09:00,53600.0,53600.0,53500.0,53500.0,23,0.0,0.0
2024-10-28 09:45:00+09:00,53500.0,53500.0,53500.0,53500.0,0,0.0,0.0
2024-10-28 09:46:00+09:00,53500.0,53500.0,53500.0,53500.0,2,0.0,0.0
2024-10-28 09:47:00+09:00,53600.0,53600.0,53600.0,53600.0,1,0.0,0.0
2024-10-28 09:48:00+09:00,53600.0,53600.0,53600.0,53600.0,14,0.0,0.0
2024-10-28 09:49:00+09:00,53600.0,53600.0,53500.0,53500.0,104,0.0,0.0
2024-10-28 09:50:00+09:00,53500.0,53600.0,53500.0,53600.0,34,0.0,0.0
2024-10-28 09:52:00+09:00,53500.0,53500.0,53500.0,53500.0,23,0.0,0.0
2024-10-28 09:53:00+09:00,53500.0,53600.0,53500.0,53500.0,563,0.0,0.0
2024-10-28 09:54:00+09:00,53500.0,53500.0,53500.0,53500.0,1,0.0,0.0
2024-10-28 09:55:00+09:00,53400.0,53400.0,53400.0,53400.0,71,0.0,0.0
2024-10-28 09:56:00+09:00,53300.0,53400.0,53300.0,53400.0,605,0.0,0.0
2024-10-28 09:57:00+09:00,53300.0,53300.0,53300.0,53300.0,1,0.0,0.0
2024-10-28 09:58:00+09:00,53200.0,53600.0,53200.0,53600.0,81,0.0,0.0
2024-10-28 09:59:00+09:00,53400.0,53400.0,53400.0,53400.0,2,0.0,0.0
2024-10-28 10:00:00+09:00,53400.0,53400.0,53300.0,53300.0,15,0.0,0.0
2024-10-28 10:01:00+09:00,53300.0,53300.0,53300.0,53300.0,10,0.0,0.0
2024-10-28 10:02:00+09:00,53300.0,53300.0,53200.0,53300.0,87,0.0,0.0
2024-10-28 10:03:00+09:00,53200.0,53300.0,53200.0,53300.0,128,0.0,0.0
2024-10-28 10:04:00+09:00,53300.0,53300.0,53200.0,53200.0,8,0.0,0.0
2024-10-28 10:06:00+09:00,53300.0,53500.0,53300.0,53500.0,124,0.0,0.0
2024-10-28 10:07:00+09:00,53500.0,53500.0,53400.0,53500.0,69,0.0,0.0
2024-10-28 10:08:00+09:00,53600.0,53600.0,53600.0,53600.0,2,0.0,0.0
2024-10-28 10:09:00+09:00,53500.0,53500.0,53500.0,53500.0,25,0.0,0.0
2024-10-28 10:10:00+09:00,53500.0,53600.0,53500.0,53600.0,52,0.0,0.0
2024-10-28 10:11:00+09:00,53500.0,53600.0,53500.0,53500.0,212,0.0,0.0
2024-10-28 10:12:00+09:00,53500.0,53500.0,53500.0,53500.0,0,0.0,0.0
2024-10-28 10:13:00+09:00,53500.0,53500.0,53500.0,53500.0,3,0.0,0.0
2024-10-28 10:14:00+09:00,53500.0,53500.0,53500.0,53500.0,1,0.0,0.0
2024-10-28 10:15:00+09:00,53400.0,53400.0,53400.0,53400.0,48,0.0,0.0
2024-10-28 10:16:00+09:00,53500.0,53500.0,53500.0,53500.0,1,0.0,0.0
2024-10-28 10:17:00+09:00,53500.0,53500.0,53500.0,53500.0,9,0.0,0.0
2024-10-28 10:18:00+09:00,53500.0,53500.0,53300.0,53300.0,61,0.0,0.0
2024-10-28 10:19:00+09:00,53400.0,53400.0,53400.0,53400.0,0,0.0,0.0
2024-10-28 10:20:00+09:00,53300.0,53300.0,53300.0,53300.0,2,0.0,0.0
2024-10-28 10:21:00+09:00,53300.0,53400.0,53200.0,53400.0,201,0.0,0.0
2024-10-28 10:22:00+09:00,53300.0,53400.0,53300.0,53400.0,79,0.0,0.0
2024-10-28 10:23:00+09:00,53300.0,53400.0,53300.0,53400.0,9,0.0,0.0
2024-10-28 10:27:00+09:00,53300.0,53400.0,53300.0,53300.0,96,0.0,0.0
2024-10-28 10:28:00+09:00,53400.0,53400.0,53400.0,53400.0,13,0.0,0.0
2024-10-28 10:29:00+09:00,53400.0,53500.0,53400.0,53500.0,35,0.0,0.0
2024-10-28 10:31:00+09:00,53300.0,53300.0,53300.0,53300.0,1,0.0,0.0
2024-10-28 10:32:00+09:00,53300.0,53300.0,53300.0,53300.0,3,0.0,0.0
2024-10-28 10:33:00+09:00,53400.0,53500.0,53400.0,53500.0,44,0.0,0.0
2024-10-28 10:34:00+09:00,53500.0,53500.0,53500.0,53500.0,13,0.0,0.0
2024-10-28 10:38:00+09:00,53500.0,53500.0,53500.0,53500.0,1,0.0,0.0
2024-10-28 10:39:00+09:00,53500.0,53500.0,53500.0,53500.0,42,0.0,0.0
2024-10-28 10:40:00+09:00,53500.0,53700.0,53500.0,53700.0,1983,0.0,0.0
2024-10-28 10:41:00+09:00,53600.0,53600.0,53600.0,53600.0,0,0.0,0.0
2024-10-28 10:42:00+09:00,53600.0,53600.0,53500.0,53500.0,154,0.0,0.0
2024-10-28 10:43:00+09:00,53500.0,53600.0,53500.0,53500.0,0,0.0,0.0
2024-10-28 10:44:00+09:00,53400.0,53600.0,53400.0,53600.0,36,0.0,0.0
2024-10-28 10:45:00+09:00,53600.0,53600.0,53600.0,53600.0,30,0.0,0.0
2024-10-28 10:46:00+09:00,53500.0,53500.0,53500.0,53500.0,10,0.0,0.0
2024-10-28 10:48:00+09:00,53500.0,53500.0,53500.0,53500.0,67,0.0,0.0
2024-10-28 10:49:00+09:00,53600.0,53600.0,53600.0,53600.0,0,0.0,0.0
2024-10-28 10:50:00+09:00,53600.0,53600.0,53600.0,53600.0,2,0.0,0.0
2024-10-28 10:51:00+09:00,53600.0,53600.0,53500.0,53500.0,100,0.0,0.0
2024-10-28 10:52:00+09:00,53500.0,53500.0,53500.0,53500.0,0,0.0,0.0
2024-10-28 10:53:00+09:00,53500.0,53500.0,53500.0,53500.0,148,0.0,0.0
2024-10-28 10:54:00+09:00,53400.0,53400.0,53200.0,53300.0,353,0.0,0.0
2024-10-28 10:55:00+09:00,53300.0,53300.0,53200.0,53200.0,19,0.0,0.0
2024-10-28 10:56:00+09:00,53300.0,53400.0,53300.0,53400.0,3,0.0,0.0
2024-10-28 10:59:00+09:00,53300.0,53300.0,53200.0,53200.0,1569,0.0,0.0
2024-10-28 11:00:00+09:00,53200.0,53200.0,53200.0,53200.0,209,0.0,0.0
2024-10-28 11:01:00+09:00,53300.0,53300.0,53300.0,53300.0,0,0.0,0.0
2024-10-28 11:02:00+09:00,53200.0,53300.0,53200.0,53200.0,13,0.0,0.0
2024-10-28 11:04:00+09:00,53200.0,53200.0,53200.0,53200.0,35,0.0,0.0
2024-10-28 11:05:00+09:00,53200.0,53200.0,53200.0,53200.0,0,0.0,0.0
2024-10-28 11:09:00+09:00,53200.0,53200.0,53200.0,53200.0,99,0.0,0.0
2024-10-28 11:10:00+09:00,53300.0,53300.0,53300.0,53300.0,0,0.0,0.0
2024-10-28 11:11:00+09:00,53200.0,53300.0,53200.0,53300.0,20,0.0,0.0
2024-10-28 11:12:00+09:00,53200.0,53300.0,53200.0,53300.0,14,0.0,0.0
2024-10-28 11:14:00+09:00,53300.0,53300.0,53300.0,53300.0,6,0.0,0.0
2024-10-28 11:16:00+09:00,53300.0,53300.0,53200.0,53300.0,122,0.0,0.0
2024-10-28 11:17:00+09:00,53300.0,53300.0,53300.0,53300.0,8,0.0,0.0
2024-10-28 11:18:00+09:00,53200.0,53200.0,53200.0,53200.0,9,0.0,0.0
2024-10-28 11:19:00+09:00,53200.0,53300.0,53200.0,53200.0,6,0.0,0.0
2024-10-28 11:20:00+09:00,53200.0,53200.0,53200.0,53200.0,33,0.0,0.0
2024-10-28 11:21:00+09:00,53300.0,53300.0,53300.0,53300.0,36,0.0,0.0
2024-10-28 11:22:00+09:00,53300.0,53300.0,53300.0,53300.0,4,0.0,0.0
2024-10-28 11:24:00+09:00,53300.0,53300.0,53300.0,53300.0,3,0.0,0.0
2024-10-28 11:25:00+09:00,53300.0,53300.0,53300.0,53300.0,39,0.0,0.0
2024-10-28 11:26:00+09:00,53200.0,53300.0,53200.0,53300.0,214,0.0,0.0
2024-10-28 11:27:00+09:00,53300.0,53300.0,53200.0,53200.0,0,0.0,0.0
2024-10-28 11:28:00+09:00,53300.0,53400.0,53300.0,53300.0,42,0.0,0.0
2024-10-28 11:29:00+09:00,53300.0,53300.0,53300.0,53300.0,45,0.0,0.0
2024-10-28 11:30:00+09:00,53300.0,53400.0,53300.0,53300.0,6,0.0,0.0
2024-10-28 11:31:00+09:00,53300.0,53300.0,53200.0,53300.0,24,0.0,0.0
2024-10-28 11:33:00+09:00,53300.0,53300.0,53300.0,53300.0,1,0.0,0.0
2024-10-28 11:34:00+09:00,53400.0,53400.0,53400.0,53400.0,1,0.0,0.0
2024-10-28 11:35:00+09:00,53300.0,53300.0,53300.0,53300.0,17,0.0,0.0
2024-10-28 11:37:00+09:00,53400.0,53400.0,53400.0,53400.0,2,0.0,0.0
2024-10-28 11:38:00+09:00,53400.0,53400.0,53400.0,53400.0,29,0.0,0.0
2024-10-28 11:40:00+09:00,53400.0,53400.0,53400.0,53400.0,2,0.0,0.0
2024-10-28 11:41:00+09:00,53400.0,53500.0,53400.0,53500.0,33,0.0,0.0
2024-10-28 11:42:00+09:00,53400.0,53400.0,53400.0,53400.0,13,0.0,0.0
2024-10-28 11:43:00+09:00,53400.0,53400.0,53400.0,53400.0,24,0.0,0.0
2024-10-28 11:44:00+09:00,53400.0,53400.0,53400.0,53400.0,1,0.0,0.0
2024-10-28 11:45:00+09:00,53400.0,53400.0,53400.0,53400.0,16,0.0,0.0
2024-10-28 11:46:00+09:00,53400.0,53400.0,53400.0,53400.0,38,0.0,0.0
2024-10-28 11:47:00+09:00,53400.0,53400.0,53400.0,53400.0,0,0.0,0.0
2024-10-28 11:48:00+09:00,53400.0,53400.0,53400.0,53400.0,12,0.0,0.0
2024-10-28 11:49:00+09:00,53400.0,53400.0,53400.0,53400.0,18,0.0,0.0
2024-10-28 11:50:00+09:00,53400.0,53400.0,53400.0,53400.0,12,0.0,0.0
2024-10-28 11:51:00+09:00,53400.0,53400.0,53400.0,53400.0,66,0.0,0.0
2024-10-28 11:52:00+09:00,53400.0,53400.0,53400.0,53400.0,1,0.0,0.0
2024-10-28 11:53:00+09:00,53300.0,53400.0,53300.0,53400.0,3,0.0,0.0
2024-10-28 11:54:00+09:00,53400.0,53400.0,53400.0,53400.0,2,0.0,0.0
2024-10-28 11:55:00+09:00,53300.0,53300.0,53300.0,53300.0,1,0.0,0.0
2024-10-28 11:59:00+09:00,53400.0,53400.0,53400.0,53400.0,17,0.0,0.0
2024-10-28 12:02:00+09:00,53400.0,53400.0,53400.0,53400.0,13,0.0,0.0
2024-10-28 12:05:00+09:00,53400.0,53400.0,53400.0,53400.0,2,0.0,0.0
2024-10-28 12:11:00+09:00,53500.0,53500.0,53500.0,53500.0,56,0.0,0.0
2024-10-28 12:12:00+09:00,53500.0,53500.0,53500.0,53500.0,5,0.0,0.0
2024-10-28 12:14:00+09:00,53400.0,53400.0,53400.0,53400.0,90,0.0,0.0
2024-10-28 12:15:00+09:00,53400.0,53500.0,53400.0,53500.0,0,0.0,0.0
2024-10-28 12:16:00+09:00,53500.0,53500.0,53500.0,53500.0,78,0.0,0.0
2024-10-28 12:18:00+09:00,53400.0,53400.0,53400.0,53400.0,15,0.0,0.0
2024-10-28 12:19:00+09:00,53500.0,53500.0,53500.0,53500.0,0,0.0,0.0
2024-10-28 12:21:00+09:00,53500.0,53500.0,53500.0,53500.0,52,0.0,0.0
2024-10-28 12:26:00+09:00,53400.0,53400.0,53400.0,53400.0,576,0.0,0.0
2024-10-28 12:29:00+09:00,53300.0,53400.0,53300.0,53400.0,0,0.0,0.0
2024-10-28 12:30:00+09:00,53400.0,53400.0,53400.0,53400.0,9,0.0,0.0
2024-10-28 12:31:00+09:00,53400.0,53400.0,53300.0,53300.0,228,0.0,0.0
2024-10-28 12:34:00+09:00,53300.0,53300.0,53300.0,53300.0,102,0.0,0.0
2024-10-28 12:35:00+09:00,53300.0,53300.0,53300.0,53300.0,8,0.0,0.0
2024-10-28 12:36:00+09:00,53300.0,53400.0,53300.0,53300.0,23,0.0,0.0
2024-10-28 12:37:00+09:00,53400.0,53400.0,53200.0,53300.0,24,0.0,0.0
2024-10-28 12:39:00+09:00,53300.0,53300.0,53300.0,53300.0,8,0.0,0.0
2024-10-28 12:40:00+09:00,53300.0,53300.0,53300.0,53300.0,7,0.0,0.0
2024-10-28 12:42:00+09:00,53300.0,53300.0,53300.0,53300.0,3,0.0,0.0
2024-10-28 12:43:00+09:00,53200.0,53200.0,53200.0,53200.0,856,0.0,0.0
2024-10-28 12:44:00+09:00,53200.0,53200.0,53200.0,53200.0,0,0.0,0.0
2024-10-28 12:46:00+09:00,53300.0,53300.0,53300.0,53300.0,3,0.0,0.0
2024-10-28 12:49:00+09:00,53100.0,53100.0,53100.0,53100.0,608,0.0,0.0
2024-10-28 12:50:00+09:00,53100.0,53200.0,53100.0,53200.0,30,0.0,0.0
2024-10-28 12:51:00+09:00,53100.0,53100.0,53100.0,53100.0,6,0.0,0.0
2024-10-28 12:52:00+09:00,53000.0,53100.0,53000.0,53100.0,55,0.0,0.0
2024-10-28 12:53:00+09:00,53000.0,53100.0,53000.0,53100.0,128,0.0,0.0
2024-10-28 12:56:00+09:00,53100.0,53300.0,53000.0,53300.0,49,0.0,0.0
2024-10-28 12:57:00+09:00,53200.0,53200.0,53100.0,53100.0,6,0.0,0.0
2024-10-28 12:58:00+09:00,53100.0,53200.0,53100.0,53200.0,39,0.0,0.0
2024-10-28 13:00:00+09:00,53200.0,53200.0,53200.0,53200.0,2,0.0,0.0
2024-10-28 13:01:00+09:00,53100.0,53200.0,53100.0,53100.0,17,0.0,0.0
2024-10-28 13:02:00+09:00,53000.0,53100.0,53000.0,53100.0,21,0.0,0.0
2024-10-28 13:03:00+09:00,53100.0,53200.0,53100.0,53200.0,12,0.0,0.0
2024-10-28 13:04:00+09:00,53100.0,53100.0,53100.0,53100.0,8,0.0,0.0
2024-10-28 13:05:00+09:00,53200.0,53400.0,53200.0,53300.0,515,0.0,0.0
2024-10-28 13:06:00+09:00,53300.0,53400.0,53300.0,53400.0,0,0.0,0.0
2024-10-28 13:07:00+09:00,53300.0,53400.0,53300.0,53400.0,64,0.0,0.0
2024-10-28 13:08:00+09:00,53400.0,53400.0,53400.0,53400.0,83,0.0,0.0
2024-10-28 13:10:00+09:00,53400.0,53400.0,53400.0,53400.0,46,0.0,0.0
2024-10-28 13:11:00+09:00,53400.0,53400.0,53400.0,53400.0,63,0.0,0.0
2024-10-28 13:12:00+09:00,53400.0,53400.0,53400.0,53400.0,0,0.0,0.0
2024-10-28 13:13:00+09:00,53400.0,53400.0,53400.0,53400.0,50,0.0,0.0
2024-10-28 13:16:00+09:00,53400.0,53400.0,53400.0,53400.0,22,0.0,0.0
2024-10-28 13:17:00+09:00,53400.0,53400.0,53400.0,53400.0,0,0.0,0.0
2024-10-28 13:18:00+09:00,53400.0,53400.0,53400.0,53400.0,158,0.0,0.0
2024-10-28 13:21:00+09:00,53400.0,53400.0,53400.0,53400.0,298,0.0,0.0
2024-10-28 13:23:00+09:00,53400.0,53600.0,53400.0,53600.0,363,0.0,0.0
2024-10-28 13:25:00+09:00,53500.0,53600.0,53500.0,53600.0,0,0.0,0.0
2024-10-28 13:26:00+09:00,53500.0,53600.0,53500.0,53600.0,0,0.0,0.0
2024-10-28 13:28:00+09:00,53600.0,53600.0,53600.0,53600.0,19,0.0,0.0
2024-10-28 13:29:00+09:00,53500.0,53500.0,53400.0,53400.0,81,0.0,0.0
2024-10-28 13:30:00+09:00,53400.0,53400.0,53400.0,53400.0,38,0.0,0.0
2024-10-28 13:31:00+09:00,53300.0,53300.0,53300.0,53300.0,16,0.0,0.0
2024-10-28 13:32:00+09:00,53300.0,53300.0,53300.0,53300.0,10,0.0,0.0
2024-10-28 13:33:00+09:00,53300.0,53300.0,53300.0,53300.0,0,0.0,0.0
2024-10-28 13:34:00+09:00,53300.0,53300.0,53300.0,53300.0,88,0.0,0.0
2024-10-28 13:35:00+09:00,53300.0,53500.0,53300.0,53500.0,523,0.0,0.0
2024-10-28 13:36:00+09:00,53400.0,53500.0,53400.0,53500.0,30,0.0,0.0
2024-10-28 13:37:00+09:00,53500.0,53500.0,53500.0,53500.0,10,0.0,0.0
2024-10-28 13:38:00+09:00,53400.0,53500.0,53400.0,53500.0,37,0.0,0.0
2024-10-28 13:39:00+09:00,53600.0,53700.0,53600.0,53700.0,506,0.0,0.0
2024-10-28 13:40:00+09:00,53700.0,53700.0,53700.0,53700.0,16,0.0,0.0
2024-10-28 13:42:00+09:00,53700.0,53700.0,53700.0,53700.0,602,0.0,0.0
2024-10-28 13:43:00+09:00,53700.0,53800.0,53700.0,53800.0,12,0.0,0.0
2024-10-28 13:44:00+09:00,53800.0,53800.0,53800.0,53800.0,10,0.0,0.0
2024-10-28 13:45:00+09:00,53800.0,53800.0,53800.0,53800.0,1,0.0,0.0
2024-10-28 13:46:00+09:00,53800.0,53800.0,53800.0,53800.0,62,0.0,0.0
2024-10-28 13:48:00+09:00,53800.0,53800.0,53700.0,53700.0,0,0.0,0.0
2024-10-28 13:50:00+09:00,53800.0,53900.0,53800.0,53900.0,1084,0.0,0.0
2024-10-28 13:51:00+09:00,53900.0,54000.0,53900.0,54000.0,102,0.0,0.0
2024-10-28 13:52:00+09:00,53900.0,54000.0,53900.0,53900.0,23,0.0,0.0
2024-10-28 13:53:00+09:00,53900.0,53900.0,53900.0,53900.0,7,0.0,0.0
2024-10-28 13:54:00+09:00,54000.0,54000.0,54000.0,54000.0,6,0.0,0.0
2024-10-28 13:55:00+09:00,54000.0,54000.0,53900.0,54000.0,317,0.0,0.0
2024-10-28 13:57:00+09:00,53900.0,54000.0,53900.0,53900.0,120,0.0,0.0
2024-10-28 13:58:00+09:00,54000.0,54000.0,53900.0,53900.0,6,0.0,0.0
2024-10-28 14:00:00+09:00,53900.0,53900.0,53900.0,53900.0,44,0.0,0.0
2024-10-28 14:01:00+09:00,53800.0,53800.0,53800.0,53800.0,2,0.0,0.0
2024-10-28 14:02:00+09:00,53800.0,53800.0,53800.0,53800.0,10,0.0,0.0
2024-10-28 14:05:00+09:00,53800.0,53800.0,53800.0,53800.0,0,0.0,0.0
2024-10-28 14:06:00+09:00,53700.0,53800.0,53700.0,53800.0,23458,0.0,0.0
2024-10-28 14:08:00+09:00,53800.0,53800.0,53800.0,53800.0,8,0.0,0.0
2024-10-28 14:10:00+09:00,53700.0,53700.0,53700.0,53700.0,0,0.0,0.0
2024-10-28 14:11:00+09:00,53700.0,53700.0,53600.0,53600.0,23576,0.0,0.0
2024-10-28 14:12:00+09:00,53700.0,53700.0,53700.0,53700.0,0,0.0,0.0
2024-10-28 14:13:00+09:00,53700.0,53700.0,53700.0,53700.0,6,0.0,0.0
2024-10-28 14:15:00+09:00,53700.0,53700.0,53600.0,53700.0,51,0.0,0.0
2024-10-28 14:17:00+09:00,53700.0,53700.0,53600.0,53600.0,192,0.0,0.0
2024-10-28 14:18:00+09:00,53700.0,53700.0,53700.0,53700.0,0,0.0,0.0
2024-10-28 14:20:00+09:00,53700.0,53700.0,53700.0,53700.0,8,0.0,0.0
2024-10-28 14:21:00+09:00,53600.0,53600.0,53600.0,53600.0,48,0.0,0.0
2024-10-28 14:22:00+09:00,53700.0,53700.0,53700.0,53700.0,0,0.0,0.0
2024-10-28 14:23:00+09:00,53600.0,53700.0,53600.0,53700.0,7,0.0,0.0
2024-10-28 14:25:00+09:00,53700.0,53700.0,53600.0,53600.0,2,0.0,0.0
2024-10-28 14:26:00+09:00,53600.0,53700.0,53600.0,53700.0,2,0.0,0.0
2024-10-28 14:27:00+09:00,53700.0,53700.0,53700.0,53700.0,7,0.0,0.0
2024-10-28 14:28:00+09:00,53700.0,53700.0,53700.0,53700.0,4,0.0,0.0
2024-10-28 14:30:00+09:00,53700.0,53700.0,53700.0,53700.0,4,0.0,0.0
2024-10-28 14:32:00+09:00,53700.0,53700.0,53700.0,53700.0,4,0.0,0.0
2024-10-28 14:33:00+09:00,53700.0,53700.0,53700.0,53700.0,0,0.0,0.0
2024-10-28 14:35:00+09:00,53700.0,53700.0,53700.0,53700.0,8,0.0,0.0
2024-10-28 14:37:00+09:00,53600.0,53700.0,53600.0,53700.0,1,0.0,0.0
2024-10-28 14:38:00+09:00,53700.0,53700.0,53700.0,53700.0,10,0.0,0.0
2024-10-28 14:39:00+09:00,53600.0,53600.0,53500.0,53500.0,122,0.0,0.0
2024-10-28 14:40:00+09:00,53500.0,53600.0,53500.0,53500.0,98,0.0,0.0
2024-10-28 14:41:00+09:00,53500.0,53500.0,53400.0,53400.0,155,0.0,0.0
2024-10-28 14:42:00+09:00,53400.0,53400.0,53300.0,53400.0,0,0.0,0.0
2024-10-28 14:43:00+09:00,53400.0,53400.0,53400.0,53400.0,27,0.0,0.0
2024-10-28 14:45:00+09:00,53400.0,53500.0,53300.0,53400.0,98,0.0,0.0
2024-10-28 14:46:00+09:00,53400.0,53400.0,53200.0,53200.0,578,0.0,0.0
2024-10-28 14:47:00+09:00,53400.0,53400.0,53200.0,53200.0,0,0.0,0.0
2024-10-28 14:48:00+09:00,53200.0,53200.0,53200.0,53200.0,0,0.0,0.0
2024-10-28 14:49:00+09:00,53200.0,53400.0,53200.0,53400.0,18,0.0,0.0
2024-10-28 14:50:00+09:00,53300.0,53400.0,53300.0,53400.0,49,0.0,0.0
2024-10-28 14:51:00+09:00,53400.0,53400.0,53300.0,53300.0,114,0.0,0.0
2024-10-28 14:52:00+09:00,53400.0,53400.0,53300.0,53300.0,0,0.0,0.0
2024-10-28 14:53:00+09:00,53300.0,53300.0,53200.0,53300.0,309,0.0,0.0
2024-10-28 14:57:00+09:00,53300.0,53300.0,53300.0,53300.0,188,0.0,0.0
2024-10-28 14:58:00+09:00,53300.0,53300.0,53300.0,53300.0,13,0.0,0.0
2024-10-28 14:59:00+09:00,53300.0,53300.0,53300.0,53300.0,9,0.0,0.0
2024-10-29 09:00:00+09:00,53000.0,53000.0,52700.0,52700.0,351,0.0,0.0
2024-10-29 09:01:00+09:00,52700.0,52700.0,52600.0,52600.0,136,0.0,0.0
2024-10-29 09:02:00+09:00,52500.0,52600.0,52500.0,52500.0,318,0.0,0.0
2024-10-29 09:03:00+09:00,52500.0,52700.0,52500.0,52700.0,35,0.0,0.0
2024-10-29 09:04:00+09:00,52800.0,53000.0,52800.0,52900.0,17,0.0,0.0
2024-10-29 09:05:00+09:00,52900.0,52900.0,52600.0,52700.0,786,0.0,0.0
2024-10-29 09:06:00+09:00,52700.0,52700.0,52200.0,52500.0,1155,0.0,0.0
2024-10-29 09:07:00+09:00,52600.0,53100.0,52500.0,53100.0,624,0.0,0.0
2024-10-29 09:08:00+09:00,53100.0,53100.0,52800.0,52900.0,87,0.0,0.0
2024-10-29 09:09:00+09:00,52900.0,52900.0,52700.0,52700.0,62,0.0,0.0
2024-10-29 09:10:00+09:00,52700.0,52800.0,52700.0,52700.0,73,0.0,0.0
2024-10-29 09:11:00+09:00,52700.0,52900.0,52600.0,52900.0,242,0.0,0.0
2024-10-29 09:12:00+09:00,52800.0,52800.0,52700.0,52800.0,85,0.0,0.0
2024-10-29 09:13:00+09:00,52800.0,52900.0,52800.0,52900.0,71,0.0,0.0
2024-10-29 09:14:00+09:00,52800.0,52800.0,52800.0,52800.0,174,0.0,0.0
2024-10-29 09:15:00+09:00,52700.0,52800.0,52700.0,52700.0,106,0.0,0.0
2024-10-29 09:16:00+09:00,52700.0,52700.0,52700.0,52700.0,49,0.0,0.0
2024-10-29 09:17:00+09:00,52700.0,52700.0,52700.0,52700.0,0,0.0,0.0
2024-10-29 09:18:00+09:00,52600.0,52600.0,52600.0,52600.0,1034,0.0,0.0
2024-10-29 09:19:00+09:00,52600.0,52600.0,52200.0,52200.0,401,0.0,0.0
2024-10-29 09:20:00+09:00,52300.0,52300.0,52200.0,52200.0,163,0.0,0.0
2024-10-29 09:21:00+09:00,52200.0,52300.0,52100.0,52100.0,272,0.0,0.0
2024-10-29 09:22:00+09:00,52100.0,52100.0,52000.0,52000.0,519,0.0,0.0
2024-10-29 09:23:00+09:00,52000.0,52200.0,51800.0,51900.0,596,0.0,0.0
2024-10-29 09:24:00+09:00,51800.0,52100.0,51800.0,51800.0,974,0.0,0.0
2024-10-29 09:25:00+09:00,51800.0,51800.0,51500.0,51700.0,2360,0.0,0.0
2024-10-29 09:26:00+09:00,51700.0,51700.0,51600.0,51600.0,537,0.0,0.0
2024-10-29 09:27:00+09:00,51600.0,51900.0,51600.0,51800.0,678,0.0,0.0
2024-10-29 09:28:00+09:00,51900.0,52100.0,51800.0,52100.0,335,0.0,0.0
2024-10-29 09:29:00+09:00,52000.0,52100.0,51900.0,52000.0,190,0.0,0.0
2024-10-29 09:30:00+09:00,51900.0,52000.0,51800.0,51800.0,187,0.0,0.0
2024-10-29 09:31:00+09:00,51700.0,51800.0,51700.0,51800.0,90,0.0,0.0
2024-10-29 09:32:00+09:00,51800.0,51900.0,51800.0,51800.0,217,0.0,0.0
2024-10-29 09:33:00+09:00,51800.0,51800.0,51600.0,51600.0,399,0.0,0.0
2024-10-29 09:34:00+09:00,51600.0,51800.0,51600.0,51600.0,53,0.0,0.0
2024-10-29 09:35:00+09:00,51600.0,51800.0,51600.0,51800.0,43,0.0,0.0
2024-10-29 09:36:00+09:00,51800.0,51800.0,51700.0,51700.0,6,0.0,0.0
2024-10-29 09:37:00+09:00,51800.0,51800.0,51800.0,51800.0,3,0.0,0.0
2024-10-29 09:38:00+09:00,51800.0,51800.0,51800.0,51800.0,51,0.0,0.0
2024-10-29 09:39:00+09:00,51900.0,51900.0,51700.0,51800.0,181,0.0,0.0
2024-10-29 09:40:00+09:00,51700.0,51700.0,51600.0,51600.0,7,0.0,0.0
2024-10-29 09:41:00+09:00,51700.0,51700.0,51600.0,51700.0,12,0.0,0.0
2024-10-29 09:42:00+09:00,51700.0,51800.0,51700.0,51800.0,29,0.0,0.0
2024-10-29 09:45:00+09:00,51800.0,51900.0,51800.0,51900.0,417,0.0,0.0
2024-10-29 09:46:00+09:00,52000.0,52100.0,52000.0,52000.0,0,0.0,0.0
2024-10-29 09:47:00+09:00,52000.0,52200.0,52000.0,52000.0,12,0.0,0.0
2024-10-29 09:48:00+09:00,52000.0,52000.0,51800.0,51900.0,301,0.0,0.0
2024-10-29 09:49:00+09:00,52000.0,52300.0,51900.0,52300.0,126,0.0,0.0
2024-10-29 09:50:00+09:00,52400.0,52400.0,52300.0,52300.0,0,0.0,0.0
2024-10-29 09:51:00+09:00,52400.0,52700.0,52400.0,52600.0,2145,0.0,0.0
2024-10-29 09:52:00+09:00,52700.0,52700.0,52600.0,52700.0,325,0.0,0.0
2024-10-29 09:53:00+09:00,52700.0,52700.0,52700.0,52700.0,0,0.0,0.0
2024-10-29 09:54:00+09:00,52800.0,52800.0,52700.0,52800.0,6,0.0,0.0
2024-10-29 09:55:00+09:00,52800.0,52800.0,52600.0,52600.0,102,0.0,0.0
2024-10-29 09:56:00+09:00,52700.0,52800.0,52500.0,52500.0,360,0.0,0.0
2024-10-29 09:58:00+09:00,52700.0,52700.0,52700.0,52700.0,329,0.0,0.0
2024-10-29 09:59:00+09:00,52700.0,52800.0,52700.0,52800.0,37,0.0,0.0
2024-10-29 10:00:00+09:00,52700.0,52700.0,52500.0,52500.0,55,0.0,0.0
2024-10-29 10:01:00+09:00,52600.0,52600.0,52400.0,52500.0,81,0.0,0.0
2024-10-29 10:02:00+09:00,52500.0,52500.0,52500.0,52500.0,44,0.0,0.0
2024-10-29 10:03:00+09:00,52500.0,52500.0,52400.0,52500.0,18,0.0,0.0
2024-10-29 10:04:00+09:00,52400.0,52400.0,52300.0,52300.0,9,0.0,0.0
2024-10-29 10:05:00+09:00,52300.0,52300.0,52300.0,52300.0,3,0.0,0.0
2024-10-29 10:06:00+09:00,52400.0,52400.0,52300.0,52300.0,45,0.0,0.0
2024-10-29 10:07:00+09:00,52300.0,52300.0,52300.0,52300.0,0,0.0,0.0
2024-10-29 10:08:00+09:00,52300.0,52400.0,52200.0,52300.0,2014,0.0,0.0
2024-10-29 10:11:00+09:00,52300.0,52400.0,52300.0,52400.0,70,0.0,0.0
2024-10-29 10:12:00+09:00,52400.0,52600.0,52300.0,52300.0,58,0.0,0.0
2024-10-29 10:13:00+09:00,52400.0,52400.0,52200.0,52200.0,70,0.0,0.0
2024-10-29 10:14:00+09:00,52200.0,52200.0,52200.0,52200.0,0,0.0,0.0
2024-10-29 10:15:00+09:00,52200.0,52200.0,52100.0,52200.0,135,0.0,0.0
2024-10-29 10:16:00+09:00,52200.0,52300.0,52100.0,52200.0,54,0.0,0.0
2024-10-29 10:17:00+09:00,52200.0,52200.0,52200.0,52200.0,49,0.0,0.0
2024-10-29 10:18:00+09:00,52100.0,52100.0,52100.0,52100.0,0,0.0,0.0
2024-10-29 10:19:00+09:00,52100.0,52200.0,52100.0,52100.0,34,0.0,0.0
2024-10-29 10:20:00+09:00,52200.0,52400.0,52100.0,52300.0,183,0.0,0.0
2024-10-29 10:21:00+09:00,52500.0,52500.0,52300.0,52300.0,93,0.0,0.0
2024-10-29 10:23:00+09:00,52400.0,52400.0,52400.0,52400.0,0,0.0,0.0
2024-10-29 10:24:00+09:00,52300.0,52400.0,52300.0,52300.0,0,0.0,0.0
2024-10-29 10:25:00+09:00,52300.0,52300.0,52300.0,52300.0,21,0.0,0.0
2024-10-29 10:26:00+09:00,52300.0,52300.0,52300.0,52300.0,0,0.0,0.0
2024-10-29 10:27:00+09:00,52400.0,52400.0,52400.0,52400.0,26,0.0,0.0
2024-10-29 10:28:00+09:00,52400.0,52400.0,52400.0,52400.0,37,0.0,0.0
2024-10-29 10:29:00+09:00,52400.0,52500.0,52400.0,52400.0,0,0.0,0.0
2024-10-29 10:30:00+09:00,52500.0,52500.0,52500.0,52500.0,29,0.0,0.0
2024-10-29 10:31:00+09:00,52500.0,52500.0,52500.0,52500.0,25,0.0,0.0
2024-10-29 10:33:00+09:00,52500.0,52500.0,52500.0,52500.0,0,0.0,0.0
2024-10-29 10:34:00+09:00,52600.0,52600.0,52500.0,52500.0,12,0.0,0.0
2024-10-29 10:35:00+09:00,52500.0,52600.0,52500.0,52500.0,72,0.0,0.0
2024-10-29 10:36:00+09:00,52500.0,52500.0,52500.0,52500.0,6,0.0,0.0
2024-10-29 10:37:00+09:00,52500.0,52500.0,52500.0,52500.0,17,0.0,0.0
2024-10-29 10:38:00+09:00,52500.0,52500.0,52400.0,52500.0,18,0.0,0.0
2024-10-29 10:39:00+09:00,52400.0,52600.0,52400.0,52600.0,174,0.0,0.0
2024-10-29 10:40:00+09:00,52600.0,52600.0,52600.0,52600.0,17,0.0,0.0
2024-10-29 10:42:00+09:00,52500.0,52500.0,52400.0,52400.0,52,0.0,0.0
2024-10-29 10:44:00+09:00,52500.0,52500.0,52500.0,52500.0,28,0.0,0.0
2024-10-29 10:45:00+09:00,52400.0,52500.0,52400.0,52400.0,0,0.0,0.0
2024-10-29 10:46:00+09:00,52300.0,52300.0,52300.0,52300.0,35,0.0,0.0
2024-10-29 10:47:00+09:00,52300.0,52300.0,52200.0,52300.0,11,0.0,0.0
2024-10-29 10:50:00+09:00,52300.0,52400.0,52300.0,52400.0,12,0.0,0.0
2024-10-29 10:52:00+09:00,52400.0,52500.0,52400.0,52400.0,112,0.0,0.0
2024-10-29 10:53:00+09:00,52300.0,52300.0,52200.0,52200.0,7,0.0,0.0
2024-10-29 10:54:00+09:00,52300.0,52500.0,52200.0,52400.0,115,0.0,0.0
2024-10-29 10:55:00+09:00,52300.0,52500.0,52300.0,52500.0,4,0.0,0.0
2024-10-29 10:56:00+09:00,52200.0,52200.0,52200.0,52200.0,90,0.0,0.0
2024-10-29 10:57:00+09:00,52200.0,52200.0,52200.0,52200.0,39,0.0,0.0
2024-10-29 10:58:00+09:00,52200.0,52200.0,52200.0,52200.0,0,0.0,0.0
2024-10-29 10:59:00+09:00,52200.0,52200.0,52200.0,52200.0,33,0.0,0.0
2024-10-29 11:00:00+09:00,52300.0,52500.0,52300.0,52400.0,0,0.0,0.0
2024-10-29 11:01:00+09:00,52300.0,52400.0,52200.0,52400.0,28,0.0,0.0
2024-10-29 11:03:00+09:00,52200.0,52200.0,52200.0,52200.0,2,0.0,0.0
2024-10-29 11:04:00+09:00,52200.0,52200.0,52200.0,52200.0,61,0.0,0.0
2024-10-29 11:05:00+09:00,52200.0,52200.0,52200.0,52200.0,17,0.0,0.0
2024-10-29 11:06:00+09:00,52200.0,52200.0,52200.0,52200.0,2,0.0,0.0
2024-10-29 11:07:00+09:00,52200.0,52200.0,52000.0,52000.0,705,0.0,0.0
2024-10-29 11:08:00+09:00,52100.0,52100.0,52000.0,52000.0,0,0.0,0.0
2024-10-29 11:09:00+09:00,52000.0,52000.0,52000.0,52000.0,6,0.0,0.0
2024-10-29 11:11:00+09:00,52100.0,52100.0,52100.0,52100.0,29,0.0,0.0
2024-10-29 11:12:00+09:00,52000.0,52000.0,51900.0,52000.0,151,0.0,0.0
2024-10-29 11:13:00+09:00,52100.0,52100.0,52100.0,52100.0,1,0.0,0.0
2024-10-29 11:15:00+09:00,52100.0,52100.0,51900.0,51900.0,68,0.0,0.0
2024-10-29 11:16:00+09:00,52000.0,52000.0,52000.0,52000.0,6,0.0,0.0
2024-10-29 11:17:00+09:00,52000.0,52100.0,52000.0,52100.0,37,0.0,0.0
2024-10-29 11:18:00+09:00,52000.0,52100.0,52000.0,52100.0,11,0.0,0.0
2024-10-29 11:19:00+09:00,52000.0,52000.0,52000.0,52000.0,3,0.0,0.0
2024-10-29 11:22:00+09:00,52000.0,52100.0,52000.0,52100.0,340,0.0,0.0
2024-10-29 11:23:00+09:00,52200.0,52200.0,52200.0,52200.0,0,0.0,0.0
2024-10-29 11:25:00+09:00,52200.0,52200.0,52200.0,52200.0,31,0.0,0.0
2024-10-29 11:26:00+09:00,52100.0,52100.0,52100.0,52100.0,55,0.0,0.0
2024-10-29 11:27:00+09:00,52100.0,52100.0,52100.0,52100.0,0,0.0,0.0
2024-10-29 11:28:00+09:00,52100.0,52100.0,52100.0,52100.0,33,0.0,0.0
2024-10-29 11:29:00+09:00,52100.0,52200.0,52100.0,52200.0,0,0.0,0.0
2024-10-29 11:32:00+09:00,52100.0,52200.0,52100.0,52200.0,53,0.0,0.0
2024-10-29 11:33:00+09:00,52200.0,52200.0,52200.0,52200.0,38,0.0,0.0
2024-10-29 11:34:00+09:00,52300.0,52300.0,52300.0,52300.0,1,0.0,0.0
2024-10-29 11:36:00+09:00,52200.0,52300.0,52200.0,52300.0,15,0.0,0.0
2024-10-29 11:38:00+09:00,52200.0,52300.0,52200.0,52200.0,8,0.0,0.0
2024-10-29 11:39:00+09:00,52200.0,52200.0,52200.0,52200.0,31,0.0,0.0
2024-10-29 11:40:00+09:00,52100.0,52400.0,52100.0,52400.0,83,0.0,0.0
2024-10-29 11:43:00+09:00,52300.0,52300.0,52300.0,52300.0,29,0.0,0.0
2024-10-29 11:44:00+09:00,52200.0,52200.0,52200.0,52200.0,0,0.0,0.0
2024-10-29 11:46:00+09:00,52300.0,52300.0,52300.0,52300.0,29,0.0,0.0
2024-10-29 11:47:00+09:00,52200.0,52200.0,52200.0,52200.0,95,0.0,0.0
2024-10-29 11:49:00+09:00,52200.0,52200.0,52200.0,52200.0,33,0.0,0.0
2024-10-29 11:50:00+09:00,52100.0,52200.0,52100.0,52200.0,0,0.0,0.0
2024-10-29 11:51:00+09:00,52200.0,52200.0,52100.0,52200.0,42,0.0,0.0
2024-10-29 11:52:00+09:00,52200.0,52200.0,52200.0,52200.0,36,0.0,0.0
2024-10-29 11:53:00+09:00,52200.0,52200.0,52200.0,52200.0,21,0.0,0.0
2024-10-29 11:54:00+09:00,52300.0,52300.0,52300.0,52300.0,0,0.0,0.0
2024-10-29 11:55:00+09:00,52100.0,52100.0,52100.0,52100.0,1,0.0,0.0
2024-10-29 11:56:00+09:00,52200.0,52300.0,52200.0,52300.0,54,0.0,0.0
2024-10-29 11:57:00+09:00,52300.0,52300.0,52300.0,52300.0,24,0.0,0.0
2024-10-29 11:58:00+09:00,52300.0,52300.0,52300.0,52300.0,0,0.0,0.0
2024-10-29 12:00:00+09:00,52300.0,52300.0,52300.0,52300.0,19,0.0,0.0
2024-10-29 12:03:00+09:00,52300.0,52300.0,52300.0,52300.0,66,0.0,0.0
2024-10-29 12:04:00+09:00,52300.0,52300.0,52300.0,52300.0,8,0.0,0.0
2024-10-29 12:05:00+09:00,52300.0,52400.0,52300.0,52400.0,3,0.0,0.0
2024-10-29 12:06:00+09:00,52200.0,52200.0,52200.0,52200.0,198,0.0,0.0
2024-10-29 12:07:00+09:00,52400.0,52400.0,52300.0,52300.0,54,0.0,0.0
2024-10-29 12:10:00+09:00,52300.0,52300.0,52300.0,52300.0,14,0.0,0.0
2024-10-29 12:12:00+09:00,52100.0,52200.0,52100.0,52200.0,158,0.0,0.0
2024-10-29 12:14:00+09:00,52200.0,52200.0,52200.0,52200.0,29,0.0,0.0
2024-10-29 12:15:00+09:00,52200.0,52200.0,52200.0,52200.0,0,0.0,0.0
2024-10-29 12:16:00+09:00,52200.0,52200.0,52200.0,52200.0,22,0.0,0.0
2024-10-29 12:17:00+09:00,52200.0,52200.0,52200.0,52200.0,16,0.0,0.0
2024-10-29 12:21:00+09:00,52300.0,52300.0,52300.0,52300.0,52,0.0,0.0
2024-10-29 12:23:00+09:00,52300.0,52300.0,52300.0,52300.0,187,0.0,0.0
2024-10-29 12:24:00+09:00,52300.0,52300.0,52300.0,52300.0,0,0.0,0.0
2024-10-29 12:27:00+09:00,52300.0,52300.0,52300.0,52300.0,0,0.0,0.0
2024-10-29 12:28:00+09:00,52400.0,52400.0,52400.0,52400.0,1,0.0,0.0
2024-10-29 12:29:00+09:00,52300.0,52300.0,52200.0,52200.0,4,0.0,0.0
2024-10-29 12:30:00+09:00,52200.0,52300.0,52200.0,52300.0,2,0.0,0.0
2024-10-29 12:31:00+09:00,52300.0,52400.0,52300.0,52400.0,117,0.0,0.0
2024-10-29 12:33:00+09:00,52300.0,52400.0,52300.0,52400.0,2,0.0,0.0
2024-10-29 12:34:00+09:00,52200.0,52200.0,52200.0,52200.0,66,0.0,0.0
2024-10-29 12:36:00+09:00,52100.0,52200.0,52100.0,52200.0,97,0.0,0.0
2024-10-29 12:38:00+09:00,52100.0,52100.0,52100.0,52100.0,19,0.0,0.0
2024-10-29 12:39:00+09:00,52100.0,52200.0,52100.0,52200.0,8,0.0,0.0
2024-10-29 12:40:00+09:00,52100.0,52100.0,52100.0,52100.0,3,0.0,0.0
2024-10-29 12:41:00+09:00,52000.0,52100.0,52000.0,52100.0,116,0.0,0.0
2024-10-29 12:42:00+09:00,52000.0,52000.0,52000.0,52000.0,23,0.0,0.0
2024-10-29 12:43:00+09:00,52000.0,52200.0,52000.0,52200.0,9,0.0,0.0
2024-10-29 12:45:00+09:00,52100.0,52200.0,52100.0,52200.0,16,0.0,0.0
2024-10-29 12:46:00+09:00,52000.0,52000.0,52000.0,52000.0,131,0.0,0.0
2024-10-29 12:48:00+09:00,52100.0,52100.0,52100.0,52100.0,0,0.0,0.0
2024-10-29 12:50:00+09:00,52000.0,52000.0,52000.0,52000.0,182,0.0,0.0
2024-10-29 12:51:00+09:00,52000.0,52000.0,52000.0,52000.0,0,0.0,0.0
2024-10-29 12:52:00+09:00,52000.0,52000.0,52000.0,52000.0,46,0.0,0.0
2024-10-29 12:53:00+09:00,52000.0,52000.0,52000.0,52000.0,0,0.0,0.0
2024-10-29 12:54:00+09:00,52000.0,52000.0,52000.0,52000.0,7,0.0,0.0
2024-10-29 12:55:00+09:00,52000.0,52000.0,51900.0,52000.0,78,0.0,0.0
2024-10-29 12:56:00+09:00,52000.0,52000.0,52000.0,52000.0,0,0.0,0.0
2024-10-29 12:58:00+09:00,52100.0,52100.0,52100.0,52100.0,29,0.0,0.0
2024-10-29 13:01:00+09:00,52000.0,52000.0,51900.0,51900.0,76,0.0,0.0
2024-10-29 13:02:00+09:00,51900.0,51900.0,51900.0,51900.0,183,0.0,0.0
2024-10-29 13:03:00+09:00,51900.0,51900.0,51900.0,51900.0,0,0.0,0.0
2024-10-29 13:05:00+09:00,51900.0,51900.0,51900.0,51900.0,90,0.0,0.0
2024-10-29 13:06:00+09:00,51900.0,51900.0,51900.0,51900.0,16,0.0,0.0
2024-10-29 13:08:00+09:00,51900.0,51900.0,51800.0,51800.0,430,0.0,0.0
2024-10-29 13:09:00+09:00,51900.0,51900.0,51700.0,51700.0,45,0.0,0.0
2024-10-29 13:10:00+09:00,51800.0,51800.0,51800.0,51800.0,0,0.0,0.0
2024-10-29 13:11:00+09:00,51900.0,51900.0,51900.0,51900.0,198,0.0,0.0
2024-10-29 13:12:00+09:00,51900.0,51900.0,51900.0,51900.0,0,0.0,0.0
2024-10-29 13:13:00+09:00,51900.0,51900.0,51900.0,51900.0,0,0.0,0.0
2024-10-29 13:14:00+09:00,51900.0,51900.0,51900.0,51900.0,3,0.0,0.0
2024-10-29 13:16:00+09:00,51900.0,51900.0,51900.0,51900.0,28,0.0,0.0
2024-10-29 13:17:00+09:00,51900.0,51900.0,51900.0,51900.0,0,0.0,0.0
2024-10-29 13:19:00+09:00,51900.0,51900.0,51900.0,51900.0,32,0.0,0.0
2024-10-29 13:21:00+09:00,51900.0,51900.0,51900.0,51900.0,0,0.0,0.0
2024-10-29 13:22:00+09:00,51900.0,51900.0,51900.0,51900.0,2,0.0,0.0
2024-10-29 13:23:00+09:00,51900.0,51900.0,51900.0,51900.0,15,0.0,0.0
2024-10-29 13:24:00+09:00,51900.0,51900.0,51900.0,51900.0,32,0.0,0.0
2024-10-29 13:25:00+09:00,51900.0,51900.0,51900.0,51900.0,6,0.0,0.0
2024-10-29 13:28:00+09:00,51900.0,51900.0,51900.0,51900.0,0,0.0,0.0
2024-10-29 13:30:00+09:00,52000.0,52000.0,52000.0,52000.0,30,0.0,0.0
2024-10-29 13:33:00+09:00,52000.0,52000.0,51900.0,51900.0,104,0.0,0.0
2024-10-29 13:34:00+09:00,51900.0,52000.0,51800.0,52000.0,0,0.0,0.0
2024-10-29 13:36:00+09:00,52000.0,52200.0,52000.0,52200.0,214,0.0,0.0
2024-10-29 13:37:00+09:00,52100.0,52100.0,52000.0,52100.0,97,0.0,0.0
2024-10-29 13:39:00+09:00,52100.0,52100.0,52100.0,52100.0,2,0.0,0.0
2024-10-29 13:40:00+09:00,52200.0,52200.0,52200.0,52200.0,31,0.0,0.0
2024-10-29 13:43:00+09:00,52100.0,52100.0,51900.0,52000.0,279,0.0,0.0
2024-10-29 13:47:00+09:00,52000.0,52000.0,52000.0,52000.0,17,0.0,0.0
2024-10-29 13:48:00+09:00,51900.0,51900.0,51700.0,51700.0,2565,0.0,0.0
2024-10-29 13:49:00+09:00,51700.0,51700.0,51600.0,51600.0,210,0.0,0.0
2024-10-29 13:50:00+09:00,51600.0,51700.0,51600.0,51700.0,0,0.0,0.0
2024-10-29 13:53:00+09:00,51700.0,51700.0,51700.0,51700.0,34,0.0,0.0
2024-10-29 13:54:00+09:00,51700.0,51700.0,51700.0,51700.0,54,0.0,0.0
2024-10-29 13:55:00+09:00,51600.0,51700.0,51600.0,51700.0,51,0.0,0.0
2024-10-29 13:56:00+09:00,51700.0,51700.0,51700.0,51700.0,4,0.0,0.0
2024-10-29 13:57:00+09:00,51700.0,51700.0,51600.0,51700.0,350,0.0,0.0
2024-10-29 13:59:00+09:00,51700.0,51700.0,51700.0,51700.0,0,0.0,0.0
2024-10-29 14:01:00+09:00,51800.0,51800.0,51800.0,51800.0,33,0.0,0.0
2024-10-29 14:02:00+09:00,51700.0,51800.0,51600.0,51800.0,190,0.0,0.0
2024-10-29 14:03:00+09:00,51700.0,51700.0,51700.0,51700.0,0,0.0,0.0
2024-10-29 14:04:00+09:00,51600.0,51800.0,51600.0,51800.0,55,0.0,0.0
2024-10-29 14:05:00+09:00,51800.0,51800.0,51800.0,51800.0,4,0.0,0.0
2024-10-29 14:07:00+09:00,51800.0,51800.0,51800.0,51800.0,30,0.0,0.0
2024-10-29 14:08:00+09:00,51700.0,51700.0,51600.0,51600.0,224,0.0,0.0
2024-10-29 14:09:00+09:00,51700.0,51700.0,51700.0,51700.0,0,0.0,0.0
2024-10-29 14:10:00+09:00,51700.0,51700.0,51600.0,51600.0,140,0.0,0.0
2024-10-29 14:11:00+09:00,51700.0,51700.0,51700.0,51700.0,0,0.0,0.0
2024-10-29 14:12:00+09:00,51800.0,51800.0,51700.0,51700.0,2,0.0,0.0
2024-10-29 14:14:00+09:00,51800.0,51800.0,51800.0,51800.0,43,0.0,0.0
2024-10-29 14:15:00+09:00,51800.0,51800.0,51800.0,51800.0,0,0.0,0.0
2024-10-29 14:16:00+09:00,51800.0,51800.0,51800.0,51800.0,11,0.0,0.0
2024-10-29 14:17:00+09:00,51800.0,51800.0,51800.0,51800.0,22,0.0,0.0
2024-10-29 14:18:00+09:00,51800.0,51800.0,51800.0,51800.0,22,0.0,0.0
2024-10-29 14:20:00+09:00,51800.0,51900.0,51800.0,51900.0,72,0.0,0.0
2024-10-29 14:21:00+09:00,51900.0,51900.0,51900.0,51900.0,30,0.0,0.0
2024-10-29 14:22:00+09:00,51900.0,51900.0,51900.0,51900.0,13,0.0,0.0
2024-10-29 14:23:00+09:00,51900.0,51900.0,51900.0,51900.0,2,0.0,0.0
2024-10-29 14:24:00+09:00,51900.0,51900.0,51900.0,51900.0,8,0.0,0.0
2024-10-29 14:25:00+09:00,51900.0,51900.0,51900.0,51900.0,31,0.0,0.0
2024-10-29 14:27:00+09:00,51900.0,51900.0,51900.0,51900.0,346,0.0,0.0
2024-10-29 14:28:00+09:00,52000.0,52000.0,51900.0,51900.0,446,0.0,0.0
2024-10-29 14:29:00+09:00,52000.0,52200.0,52000.0,52200.0,575,0.0,0.0
2024-10-29 14:30:00+09:00,52200.0,52200.0,52200.0,52200.0,41,0.0,0.0
2024-10-29 14:31:00+09:00,52200.0,52200.0,52200.0,52200.0,249,0.0,0.0
2024-10-29 14:32:00+09:00,52200.0,52300.0,52200.0,52300.0,295,0.0,0.0
2024-10-29 14:33:00+09:00,52300.0,52400.0,52300.0,52400.0,0,0.0,0.0
2024-10-29 14:34:00+09:00,52300.0,52300.0,52300.0,52300.0,7,0.0,0.0
2024-10-29 14:35:00+09:00,52400.0,52400.0,52300.0,52400.0,77,0.0,0.0
2024-10-29 14:36:00+09:00,52300.0,52400.0,52300.0,52300.0,175,0.0,0.0
2024-10-29 14:37:00+09:00,52300.0,52400.0,52300.0,52300.0,22,0.0,0.0
2024-10-29 14:39:00+09:00,52300.0,52400.0,52300.0,52400.0,26,0.0,0.0
2024-10-29 14:41:00+09:00,52300.0,52400.0,52300.0,52400.0,32,0.0,0.0
2024-10-29 14:42:00+09:00,52400.0,52500.0,52400.0,52400.0,91,0.0,0.0
2024-10-29 14:43:00+09:00,52400.0,52400.0,52400.0,52400.0,15,0.0,0.0
2024-10-29 14:44:00+09:00,52400.0,52400.0,52400.0,52400.0,0,0.0,0.0
2024-10-29 14:45:00+09:00,52400.0,52400.0,52300.0,52400.0,56,0.0,0.0
2024-10-29 14:46:00+09:00,52400.0,52400.0,52400.0,52400.0,12,0.0,0.0
2024-10-29 14:47:00+09:00,52400.0,52500.0,52400.0,52500.0,128,0.0,0.0
2024-10-29 14:48:00+09:00,52500.0,52700.0,52500.0,52600.0,692,0.0,0.0
2024-10-29 14:49:00+09:00,52600.0,52600.0,52600.0,52600.0,288,0.0,0.0
2024-10-29 14:50:00+09:00,52600.0,52600.0,52600.0,52600.0,0,0.0,0.0
2024-10-29 14:51:00+09:00,52600.0,52600.0,52600.0,52600.0,9,0.0,0.0
2024-10-29 14:52:00+09:00,52600.0,52600.0,52500.0,52500.0,47,0.0,0.0
2024-10-29 14:53:00+09:00,52500.0,52600.0,52500.0,52600.0,51,0.0,0.0
2024-10-29 14:54:00+09:00,52500.0,52600.0,52500.0,52600.0,42,0.0,0.0
2024-10-29 14:55:00+09:00,52600.0,52600.0,52600.0,52600.0,39,0.0,0.0
2024-10-29 14:56:00+09:00,52600.0,52600.0,52600.0,52600.0,155,0.0,0.0
2024-10-29 14:57:00+09:00,52600.0,52600.0,52600.0,52600.0,137,0.0,0.0
2024-10-29 14:58:00+09:00,52700.0,52700.0,52700.0,52700.0,134,0.0,0.0
2024-10-30 09:00:00+09:00,53500.0,53500.0,53100.0,53200.0,374,0.0,0.0
2024-10-30 09:01:00+09:00,53100.0,53100.0,52900.0,52900.0,208,0.0,0.0
2024-10-30 09:02:00+09:00,53000.0,53100.0,53000.0,53000.0,1,0.0,0.0
2024-10-30 09:03:00+09:00,52900.0,53000.0,52900.0,53000.0,97,0.0,0.0
2024-10-30 09:04:00+09:00,52900.0,53000.0,52800.0,53000.0,147,0.0,0.0
2024-10-30 09:05:00+09:00,53000.0,53100.0,52900.0,52900.0,94,0.0,0.0
2024-10-30 09:06:00+09:00,53100.0,53100.0,53000.0,53000.0,102,0.0,0.0
2024-10-30 09:07:00+09:00,53000.0,53300.0,53000.0,53300.0,0,0.0,0.0
2024-10-30 09:08:00+09:00,53300.0,53300.0,53100.0,53300.0,204,0.0,0.0
2024-10-30 09:09:00+09:00,53300.0,53400.0,53300.0,53400.0,0,0.0,0.0
2024-10-30 09:10:00+09:00,53400.0,53500.0,53200.0,53300.0,488,0.0,0.0
2024-10-30 09:11:00+09:00,53100.0,53200.0,53100.0,53200.0,232,0.0,0.0
2024-10-30 09:12:00+09:00,53100.0,53200.0,53100.0,53200.0,334,0.0,0.0
2024-10-30 09:13:00+09:00,53200.0,53400.0,53200.0,53200.0,302,0.0,0.0
2024-10-30 09:14:00+09:00,53400.0,53400.0,52900.0,53100.0,829,0.0,0.0
2024-10-30 09:15:00+09:00,53100.0,53200.0,53100.0,53200.0,13,0.0,0.0
2024-10-30 09:16:00+09:00,53100.0,53200.0,53100.0,53200.0,17,0.0,0.0
2024-10-30 09:17:00+09:00,53200.0,53200.0,53100.0,53100.0,105,0.0,0.0
2024-10-30 09:18:00+09:00,53200.0,53200.0,52900.0,53000.0,626,0.0,0.0
2024-10-30 09:19:00+09:00,53000.0,53100.0,52900.0,52900.0,187,0.0,0.0
2024-10-30 09:20:00+09:00,53000.0,53000.0,52800.0,52800.0,505,0.0,0.0
2024-10-30 09:21:00+09:00,52900.0,53000.0,52800.0,53000.0,38,0.0,0.0
2024-10-30 09:22:00+09:00,53000.0,53000.0,53000.0,53000.0,1,0.0,0.0
2024-10-30 09:23:00+09:00,53000.0,53000.0,52800.0,52900.0,157,0.0,0.0
2024-10-30 09:24:00+09:00,53000.0,53000.0,53000.0,53000.0,0,0.0,0.0
2024-10-30 09:25:00+09:00,52900.0,53000.0,52700.0,53000.0,2211,0.0,0.0
2024-10-30 09:27:00+09:00,52900.0,52900.0,52800.0,52800.0,436,0.0,0.0
2024-10-30 09:28:00+09:00,52800.0,52900.0,52800.0,52900.0,32,0.0,0.0
2024-10-30 09:29:00+09:00,52900.0,52900.0,52900.0,52900.0,1,0.0,0.0
2024-10-30 09:30:00+09:00,52900.0,52900.0,52800.0,52800.0,5,0.0,0.0
2024-10-30 09:31:00+09:00,53000.0,53100.0,53000.0,53100.0,47,0.0,0.0
2024-10-30 09:32:00+09:00,53000.0,53200.0,53000.0,53100.0,51,0.0,0.0
2024-10-30 09:33:00+09:00,53100.0,53200.0,53100.0,53100.0,45,0.0,0.0
2024-10-30 09:34:00+09:00,53100.0,53300.0,53100.0,53300.0,64,0.0,0.0
2024-10-30 09:35:00+09:00,53400.0,53400.0,53400.0,53400.0,5,0.0,0.0
2024-10-30 09:36:00+09:00,53300.0,53300.0,53300.0,53300.0,104,0.0,0.0
2024-10-30 09:37:00+09:00,53300.0,53400.0,53300.0,53300.0,9,0.0,0.0
2024-10-30 09:38:00+09:00,53300.0,53400.0,53300.0,53400.0,62,0.0,0.0
2024-10-30 09:39:00+09:00,53400.0,53400.0,53300.0,53300.0,18,0.0,0.0
2024-10-30 09:40:00+09:00,53200.0,53200.0,53200.0,53200.0,0,0.0,0.0
2024-10-30 09:42:00+09:00,53200.0,53400.0,53200.0,53400.0,53,0.0,0.0
2024-10-30 09:45:00+09:00,53200.0,53200.0,53200.0,53200.0,439,0.0,0.0
2024-10-30 09:46:00+09:00,53300.0,53300.0,53300.0,53300.0,0,0.0,0.0
2024-10-30 09:47:00+09:00,53300.0,53300.0,53200.0,53200.0,839,0.0,0.0
2024-10-30 09:48:00+09:00,53200.0,53300.0,53200.0,53300.0,11,0.0,0.0
2024-10-30 09:49:00+09:00,53300.0,53300.0,53300.0,53300.0,1,0.0,0.0
2024-10-30 09:53:00+09:00,53200.0,53200.0,53200.0,53200.0,131,0.0,0.0
2024-10-30 09:54:00+09:00,53200.0,53200.0,53200.0,53200.0,20,0.0,0.0
2024-10-30 09:55:00+09:00,53300.0,53300.0,53000.0,53100.0,366,0.0,0.0
2024-10-30 09:56:00+09:00,53200.0,53200.0,53200.0,53200.0,0,0.0,0.0
2024-10-30 09:58:00+09:00,53100.0,53200.0,53100.0,53200.0,10,0.0,0.0
2024-10-30 10:00:00+09:00,53100.0,53100.0,53100.0,53100.0,97,0.0,0.0
2024-10-30 10:01:00+09:00,53200.0,53200.0,53100.0,53100.0,0,0.0,0.0
2024-10-30 10:02:00+09:00,53200.0,53200.0,53100.0,53100.0,16,0.0,0.0
2024-10-30 10:03:00+09:00,53100.0,53100.0,53000.0,53100.0,617,0.0,0.0
2024-10-30 10:06:00+09:00,53100.0,53200.0,53100.0,53100.0,127,0.0,0.0
2024-10-30 10:07:00+09:00,53100.0,53100.0,53100.0,53100.0,0,0.0,0.0
2024-10-30 10:08:00+09:00,53100.0,53100.0,53100.0,53100.0,2,0.0,0.0
2024-10-30 10:11:00+09:00,53000.0,53000.0,53000.0,53000.0,113,0.0,0.0
2024-10-30 10:12:00+09:00,53100.0,53100.0,53000.0,53000.0,565,0.0,0.0
2024-10-30 10:13:00+09:00,53100.0,53100.0,53100.0,53100.0,0,0.0,0.0
2024-10-30 10:14:00+09:00,53000.0,53100.0,53000.0,53100.0,3,0.0,0.0
2024-10-30 10:15:00+09:00,53000.0,53000.0,53000.0,53000.0,185,0.0,0.0
2024-10-30 10:16:00+09:00,53100.0,53100.0,53100.0,53100.0,0,0.0,0.0
2024-10-30 10:17:00+09:00,53100.0,53100.0,53100.0,53100.0,1,0.0,0.0
2024-10-30 10:18:00+09:00,53100.0,53100.0,53100.0,53100.0,215,0.0,0.0
2024-10-30 10:19:00+09:00,53200.0,53200.0,53200.0,53200.0,0,0.0,0.0
2024-10-30 10:20:00+09:00,53200.0,53300.0,53200.0,53300.0,15,0.0,0.0
2024-10-30 10:21:00+09:00,53200.0,53400.0,53200.0,53400.0,119,0.0,0.0
2024-10-30 10:22:00+09:00,53300.0,53500.0,53300.0,53500.0,265,0.0,0.0
2024-10-30 10:23:00+09:00,53500.0,53500.0,53400.0,53500.0,34,0.0,0.0
2024-10-30 10:24:00+09:00,53500.0,53500.0,53500.0,53500.0,6,0.0,0.0
2024-10-30 10:25:00+09:00,53500.0,53500.0,53500.0,53500.0,0,0.0,0.0
2024-10-30 10:26:00+09:00,53400.0,53500.0,53400.0,53500.0,67,0.0,0.0
2024-10-30 10:27:00+09:00,53500.0,53500.0,53300.0,53300.0,255,0.0,0.0
2024-10-30 10:29:00+09:00,53400.0,53500.0,53400.0,53500.0,102,0.0,0.0
2024-10-30 10:30:00+09:00,53500.0,53600.0,53500.0,53600.0,106,0.0,0.0
2024-10-30 10:31:00+09:00,53500.0,53500.0,53500.0,53500.0,66,0.0,0.0
2024-10-30 10:32:00+09:00,53400.0,53500.0,53400.0,53500.0,6,0.0,0.0
2024-10-30 10:33:00+09:00,53400.0,53500.0,53400.0,53400.0,20,0.0,0.0
2024-10-30 10:35:00+09:00,53400.0,53400.0,53400.0,53400.0,2,0.0,0.0
2024-10-30 10:37:00+09:00,53400.0,53500.0,53400.0,53500.0,80,0.0,0.0
2024-10-30 10:39:00+09:00,53400.0,53500.0,53400.0,53500.0,3,0.0,0.0
2024-10-30 10:40:00+09:00,53300.0,53400.0,53300.0,53400.0,29,0.0,0.0
2024-10-30 10:42:00+09:00,53300.0,53400.0,53300.0,53400.0,93,0.0,0.0
2024-10-30 10:43:00+09:00,53300.0,53400.0,53300.0,53300.0,4,0.0,0.0
2024-10-30 10:44:00+09:00,53200.0,53300.0,53200.0,53200.0,159,0.0,0.0
2024-10-30 10:45:00+09:00,53200.0,53200.0,53200.0,53200.0,0,0.0,0.0
2024-10-30 10:46:00+09:00,53200.0,53300.0,53200.0,53300.0,62,0.0,0.0
2024-10-30 10:47:00+09:00,53300.0,53300.0,53300.0,53300.0,1,0.0,0.0
2024-10-30 10:49:00+09:00,53300.0,53400.0,53300.0,53400.0,4,0.0,0.0
2024-10-30 10:50:00+09:00,53400.0,53400.0,53400.0,53400.0,1,0.0,0.0
2024-10-30 10:53:00+09:00,53400.0,53400.0,53400.0,53400.0,76,0.0,0.0
2024-10-30 10:54:00+09:00,53400.0,53400.0,53400.0,53400.0,0,0.0,0.0
2024-10-30 10:55:00+09:00,53400.0,53500.0,53300.0,53300.0,95,0.0,0.0
2024-10-30 10:57:00+09:00,53300.0,53300.0,53300.0,53300.0,1,0.0,0.0
2024-10-30 10:58:00+09:00,53400.0,53400.0,53300.0,53300.0,3,0.0,0.0
2024-10-30 11:00:00+09:00,53300.0,53300.0,53300.0,53300.0,43,0.0,0.0
2024-10-30 11:01:00+09:00,53300.0,53400.0,53300.0,53300.0,113,0.0,0.0
2024-10-30 11:03:00+09:00,53300.0,53300.0,53300.0,53300.0,79,0.0,0.0
2024-10-30 11:06:00+09:00,53300.0,53300.0,53300.0,53300.0,7,0.0,0.0
2024-10-30 11:10:00+09:00,53200.0,53200.0,53200.0,53200.0,2,0.0,0.0
2024-10-30 11:11:00+09:00,53200.0,53200.0,53200.0,53200.0,76,0.0,0.0
2024-10-30 11:13:00+09:00,53200.0,53300.0,53200.0,53200.0,0,0.0,0.0
2024-10-30 11:14:00+09:00,53200.0,53300.0,53200.0,53300.0,35,0.0,0.0
2024-10-30 11:15:00+09:00,53300.0,53300.0,53300.0,53300.0,1,0.0,0.0
2024-10-30 11:16:00+09:00,53300.0,53300.0,53300.0,53300.0,1,0.0,0.0
2024-10-30 11:18:00+09:00,53300.0,53300.0,53300.0,53300.0,232,0.0,0.0
2024-10-30 11:19:00+09:00,53300.0,53300.0,53300.0,53300.0,0,0.0,0.0
2024-10-30 11:20:00+09:00,53300.0,53300.0,53300.0,53300.0,130,0.0,0.0
2024-10-30 11:21:00+09:00,53300.0,53300.0,53300.0,53300.0,0,0.0,0.0
2024-10-30 11:22:00+09:00,53200.0,53200.0,53200.0,53200.0,24,0.0,0.0
2024-10-30 11:23:00+09:00,53200.0,53300.0,53200.0,53300.0,3,0.0,0.0
2024-10-30 11:30:00+09:00,53200.0,53200.0,53100.0,53100.0,679,0.0,0.0
2024-10-30 11:31:00+09:00,53100.0,53100.0,53100.0,53100.0,405,0.0,0.0
2024-10-30 11:32:00+09:00,53100.0,53100.0,53100.0,53100.0,0,0.0,0.0
2024-10-30 11:34:00+09:00,53000.0,53000.0,53000.0,53000.0,0,0.0,0.0
2024-10-30 11:36:00+09:00,53000.0,53000.0,53000.0,53000.0,40,0.0,0.0
2024-10-30 11:40:00+09:00,53000.0,53000.0,53000.0,53000.0,24,0.0,0.0
2024-10-30 11:45:00+09:00,53100.0,53100.0,53100.0,53100.0,17,0.0,0.0
2024-10-30 11:49:00+09:00,53100.0,53100.0,53100.0,53100.0,21,0.0,0.0
2024-10-30 11:52:00+09:00,53100.0,53100.0,53100.0,53100.0,6,0.0,0.0
2024-10-30 11:54:00+09:00,53100.0,53100.0,53000.0,53000.0,524,0.0,0.0
2024-10-30 11:55:00+09:00,52900.0,53100.0,52900.0,53100.0,1,0.0,0.0
2024-10-30 11:57:00+09:00,53000.0,53000.0,53000.0,53000.0,14,0.0,0.0
2024-10-30 11:58:00+09:00,53000.0,53000.0,53000.0,53000.0,117,0.0,0.0
2024-10-30 12:00:00+09:00,52900.0,53000.0,52900.0,53000.0,192,0.0,0.0
2024-10-30 12:01:00+09:00,52900.0,53000.0,52800.0,52800.0,22,0.0,0.0
2024-10-30 12:05:00+09:00,52800.0,52800.0,52800.0,52800.0,1460,0.0,0.0
2024-10-30 12:07:00+09:00,52800.0,52800.0,52800.0,52800.0,0,0.0,0.0
2024-10-30 12:08:00+09:00,52900.0,52900.0,52900.0,52900.0,13,0.0,0.0
2024-10-30 12:12:00+09:00,52900.0,52900.0,52800.0,52800.0,21,0.0,0.0
2024-10-30 12:13:00+09:00,52800.0,52800.0,52800.0,52800.0,110,0.0,0.0
2024-10-30 12:14:00+09:00,52800.0,52800.0,52800.0,52800.0,0,0.0,0.0
2024-10-30 12:15:00+09:00,52800.0,52800.0,52800.0,52800.0,66,0.0,0.0
2024-10-30 12:16:00+09:00,52800.0,52800.0,52800.0,52800.0,0,0.0,0.0
2024-10-30 12:17:00+09:00,52800.0,52800.0,52800.0,52800.0,96,0.0,0.0
2024-10-30 12:19:00+09:00,52900.0,52900.0,52900.0,52900.0,2,0.0,0.0
2024-10-30 12:22:00+09:00,52900.0,52900.0,52900.0,52900.0,47,0.0,0.0
2024-10-30 12:23:00+09:00,53000.0,53000.0,53000.0,53000.0,4,0.0,0.0
2024-10-30 12:24:00+09:00,52900.0,52900.0,52900.0,52900.0,4,0.0,0.0
2024-10-30 12:26:00+09:00,52900.0,52900.0,52900.0,52900.0,35,0.0,0.0
2024-10-30 12:28:00+09:00,52900.0,53000.0,52900.0,53000.0,0,0.0,0.0
2024-10-30 12:31:00+09:00,53000.0,53000.0,53000.0,53000.0,26,0.0,0.0
2024-10-30 12:33:00+09:00,52900.0,52900.0,52900.0,52900.0,23,0.0,0.0
2024-10-30 12:36:00+09:00,52900.0,52900.0,52900.0,52900.0,111,0.0,0.0
2024-10-30 12:37:00+09:00,52800.0,52900.0,52800.0,52900.0,5,0.0,0.0
2024-10-30 12:39:00+09:00,52900.0,52900.0,52900.0,52900.0,3,0.0,0.0
2024-10-30 12:41:00+09:00,52800.0,52800.0,52800.0,52800.0,6,0.0,0.0
2024-10-30 12:42:00+09:00,52800.0,52800.0,52800.0,52800.0,81,0.0,0.0
2024-10-30 12:44:00+09:00,52800.0,52800.0,52800.0,52800.0,683,0.0,0.0
2024-10-30 12:46:00+09:00,52800.0,52800.0,52800.0,52800.0,0,0.0,0.0
2024-10-30 12:49:00+09:00,52800.0,52800.0,52800.0,52800.0,0,0.0,0.0
2024-10-30 12:51:00+09:00,52800.0,52800.0,52800.0,52800.0,4,0.0,0.0
2024-10-30 12:52:00+09:00,52700.0,52700.0,52700.0,52700.0,189,0.0,0.0
2024-10-30 12:53:00+09:00,52700.0,52700.0,52700.0,52700.0,175,0.0,0.0
2024-10-30 12:55:00+09:00,52700.0,52700.0,52700.0,52700.0,0,0.0,0.0
2024-10-30 12:57:00+09:00,52700.0,52700.0,52600.0,52600.0,840,0.0,0.0
2024-10-30 12:58:00+09:00,52600.0,52600.0,52600.0,52600.0,361,0.0,0.0
2024-10-30 12:59:00+09:00,52700.0,52700.0,52700.0,52700.0,0,0.0,0.0
2024-10-30 13:01:00+09:00,52600.0,52600.0,52600.0,52600.0,249,0.0,0.0
2024-10-30 13:02:00+09:00,52600.0,52600.0,52500.0,52500.0,785,0.0,0.0
2024-10-30 13:04:00+09:00,52400.0,52400.0,52400.0,52400.0,0,0.0,0.0
2024-10-30 13:05:00+09:00,52300.0,52300.0,52300.0,52300.0,2,0.0,0.0
2024-10-30 13:06:00+09:00,52400.0,52400.0,52300.0,52300.0,59,0.0,0.0
2024-10-30 13:07:00+09:00,52300.0,52400.0,52300.0,52400.0,0,0.0,0.0
2024-10-30 13:08:00+09:00,52400.0,52400.0,52400.0,52400.0,12,0.0,0.0
2024-10-30 13:09:00+09:00,52600.0,52600.0,52600.0,52600.0,0,0.0,0.0
2024-10-30 13:13:00+09:00,52600.0,52600.0,52600.0,52600.0,210,0.0,0.0
2024-10-30 13:14:00+09:00,52600.0,52600.0,52600.0,52600.0,0,0.0,0.0
2024-10-30 13:15:00+09:00,52600.0,52600.0,52600.0,52600.0,98,0.0,0.0
2024-10-30 13:16:00+09:00,52500.0,52500.0,52500.0,52500.0,150,0.0,0.0
2024-10-30 13:18:00+09:00,52600.0,52600.0,52500.0,52600.0,0,0.0,0.0
2024-10-30 13:19:00+09:00,52500.0,52600.0,52500.0,52600.0,6,0.0,0.0
2024-10-30 13:22:00+09:00,52500.0,52500.0,52400.0,52400.0,20,0.0,0.0
2024-10-30 13:23:00+09:00,52500.0,52500.0,52500.0,52500.0,7,0.0,0.0
2024-10-30 13:24:00+09:00,52400.0,52400.0,52400.0,52400.0,434,0.0,0.0
2024-10-30 13:25:00+09:00,52400.0,52400.0,52400.0,52400.0,0,0.0,0.0
2024-10-30 13:26:00+09:00,52300.0,52400.0,52300.0,52400.0,48,0.0,0.0
2024-10-30 13:27:00+09:00,52400.0,52400.0,52400.0,52400.0,0,0.0,0.0
2024-10-30 13:28:00+09:00,52400.0,52400.0,52400.0,52400.0,54,0.0,0.0
2024-10-30 13:29:00+09:00,52400.0,52500.0,52400.0,52500.0,2,0.0,0.0
2024-10-30 13:30:00+09:00,52500.0,52500.0,52500.0,52500.0,67,0.0,0.0
2024-10-30 13:32:00+09:00,52600.0,52600.0,52600.0,52600.0,1,0.0,0.0
2024-10-30 13:33:00+09:00,52600.0,52600.0,52600.0,52600.0,9,0.0,0.0
2024-10-30 13:34:00+09:00,52600.0,52600.0,52600.0,52600.0,82,0.0,0.0
2024-10-30 13:35:00+09:00,52600.0,52700.0,52600.0,52700.0,0,0.0,0.0
2024-10-30 13:37:00+09:00,52600.0,52600.0,52600.0,52600.0,10,0.0,0.0
2024-10-30 13:39:00+09:00,52500.0,52600.0,52500.0,52600.0,34,0.0,0.0
2024-10-30 13:40:00+09:00,52600.0,52700.0,52600.0,52700.0,43,0.0,0.0
2024-10-30 13:42:00+09:00,52600.0,52600.0,52600.0,52600.0,9,0.0,0.0
2024-10-30 13:44:00+09:00,52700.0,52700.0,52700.0,52700.0,49,0.0,0.0
2024-10-30 13:45:00+09:00,52700.0,52700.0,52700.0,52700.0,0,0.0,0.0
2024-10-30 13:46:00+09:00,52700.0,52700.0,52700.0,52700.0,42,0.0,0.0
2024-10-30 13:47:00+09:00,52600.0,52600.0,52600.0,52600.0,110,0.0,0.0
2024-10-30 13:48:00+09:00,52600.0,52600.0,52600.0,52600.0,3,0.0,0.0
2024-10-30 13:49:00+09:00,52700.0,52700.0,52500.0,52600.0,0,0.0,0.0
2024-10-30 13:51:00+09:00,52600.0,52600.0,52600.0,52600.0,21,0.0,0.0
2024-10-30 13:52:00+09:00,52600.0,52600.0,52600.0,52600.0,2,0.0,0.0
2024-10-30 13:55:00+09:00,52600.0,52600.0,52600.0,52600.0,40,0.0,0.0
2024-10-30 13:58:00+09:00,52600.0,52600.0,52500.0,52600.0,17,0.0,0.0
2024-10-30 13:59:00+09:00,52600.0,52600.0,52600.0,52600.0,12,0.0,0.0
2024-10-30 14:01:00+09:00,52600.0,52600.0,52600.0,52600.0,0,0.0,0.0
2024-10-30 14:05:00+09:00,52600.0,52600.0,52600.0,52600.0,5,0.0,0.0
2024-10-30 14:09:00+09:00,52500.0,52600.0,52500.0,52600.0,96,0.0,0.0
2024-10-30 14:11:00+09:00,52600.0,52600.0,52600.0,52600.0,5,0.0,0.0
2024-10-30 14:15:00+09:00,52500.0,52500.0,52400.0,52400.0,115,0.0,0.0
2024-10-30 14:16:00+09:00,52500.0,52600.0,52500.0,52600.0,0,0.0,0.0
2024-10-30 14:18:00+09:00,52500.0,52500.0,52500.0,52500.0,49,0.0,0.0
2024-10-30 14:20:00+09:00,52400.0,52400.0,52400.0,52400.0,10,0.0,0.0
2024-10-30 14:21:00+09:00,52400.0,52400.0,52400.0,52400.0,156,0.0,0.0
2024-10-30 14:22:00+09:00,52500.0,52500.0,52500.0,52500.0,0,0.0,0.0
2024-10-30 14:23:00+09:00,52400.0,52400.0,52400.0,52400.0,52,0.0,0.0
2024-10-30 14:24:00+09:00,52400.0,52400.0,52400.0,52400.0,199,0.0,0.0
2024-10-30 14:25:00+09:00,52400.0,52400.0,52400.0,52400.0,100,0.0,0.0
2024-10-30 14:28:00+09:00,52300.0,52300.0,52300.0,52300.0,19,0.0,0.0
2024-10-30 14:30:00+09:00,52400.0,52400.0,52400.0,52400.0,239,0.0,0.0
2024-10-30 14:31:00+09:00,52400.0,52400.0,52400.0,52400.0,0,0.0,0.0
2024-10-30 14:32:00+09:00,52300.0,52600.0,52300.0,52600.0,223,0.0,0.0
2024-10-30 14:33:00+09:00,52400.0,52400.0,52400.0,52400.0,33,0.0,0.0
2024-10-30 14:34:00+09:00,52400.0,52600.0,52400.0,52600.0,0,0.0,0.0
2024-10-30 14:36:00+09:00,52500.0,52600.0,52500.0,52600.0,28,0.0,0.0
2024-10-30 14:38:00+09:00,52500.0,52500.0,52500.0,52500.0,46,0.0,0.0
2024-10-30 14:39:00+09:00,52500.0,52500.0,52500.0,52500.0,0,0.0,0.0
2024-10-30 14:41:00+09:00,52500.0,52500.0,52500.0,52500.0,26,0.0,0.0
2024-10-30 14:51:00+09:00,52500.0,52500.0,52500.0,52500.0,491,0.0,0.0
2024-10-30 14:55:00+09:00,52500.0,52600.0,52500.0,52500.0,607,0.0,0.0
2024-10-30 14:56:00+09:00,52500.0,52500.0,52500.0,52500.0,0,0.0,0.0
2024-10-30 14:57:00+09:00,52500.0,52500.0,52500.0,52500.0,98,0.0,0.0
2024-10-30 14:58:00+09:00,52500.0,52500.0,52500.0,52500.0,50,0.0,0.0
2024-10-30 14:59:00+09:00,52500.0,52500.0,52500.0,52500.0,8,0.0,0.0
2024-10-31 09:00:00+09:00,51800.0,51800.0,51800.0,51800.0,250,0.0,0.0
2024-10-31 09:01:00+09:00,51700.0,51700.0,50500.0,50600.0,4622,0.0,0.0
2024-10-31 09:02:00+09:00,50700.0,50800.0,50500.0,50500.0,610,0.0,0.0
2024-10-31 09:03:00+09:00,50800.0,51100.0,50800.0,51100.0,723,0.0,0.0
2024-10-31 09:04:00+09:00,51000.0,51300.0,50900.0,51300.0,224,0.0,0.0
2024-10-31 09:05:00+09:00,51200.0,51300.0,51000.0,51100.0,438,0.0,0.0
2024-10-31 09:06:00+09:00,51200.0,51200.0,50800.0,51000.0,620,0.0,0.0
2024-10-31 09:07:00+09:00,51000.0,51200.0,51000.0,51200.0,167,0.0,0.0
2024-10-31 09:08:00+09:00,51100.0,51600.0,51000.0,51600.0,1134,0.0,0.0
2024-10-31 09:09:00+09:00,51600.0,51900.0,51600.0,51900.0,202,0.0,0.0
2024-10-31 09:10:00+09:00,51900.0,52000.0,51800.0,52000.0,425,0.0,0.0
2024-10-31 09:11:00+09:00,52000.0,52000.0,51800.0,51900.0,199,0.0,0.0
2024-10-31 09:12:00+09:00,51900.0,51900.0,51800.0,51900.0,111,0.0,0.0
2024-10-31 09:13:00+09:00,51900.0,52000.0,51700.0,51800.0,365,0.0,0.0
2024-10-31 09:14:00+09:00,51700.0,51800.0,51600.0,51800.0,169,0.0,0.0
2024-10-31 09:15:00+09:00,51800.0,51900.0,51800.0,51900.0,182,0.0,0.0
2024-10-31 09:16:00+09:00,51900.0,52200.0,51900.0,52100.0,126,0.0,0.0
2024-10-31 09:17:00+09:00,52100.0,52200.0,51800.0,52100.0,1179,0.0,0.0
2024-10-31 09:18:00+09:00,52200.0,52500.0,52200.0,52500.0,445,0.0,0.0
2024-10-31 09:19:00+09:00,52500.0,52700.0,52500.0,52700.0,254,0.0,0.0
2024-10-31 09:20:00+09:00,52700.0,52700.0,52500.0,52500.0,179,0.0,0.0
2024-10-31 09:21:00+09:00,52500.0,52800.0,52500.0,52800.0,1670,0.0,0.0
2024-10-31 09:22:00+09:00,52800.0,53000.0,52700.0,53000.0,359,0.0,0.0
2024-10-31 09:23:00+09:00,52900.0,52900.0,52600.0,52600.0,84,0.0,0.0
2024-10-31 09:24:00+09:00,52700.0,53000.0,52700.0,52900.0,403,0.0,0.0
2024-10-31 09:25:00+09:00,52900.0,53300.0,52900.0,53300.0,1413,0.0,0.0
2024-10-31 09:26:00+09:00,53300.0,53400.0,53300.0,53400.0,503,0.0,0.0
2024-10-31 09:27:00+09:00,53400.0,53500.0,53300.0,53500.0,552,0.0,0.0
2024-10-31 09:28:00+09:00,53500.0,53500.0,53400.0,53500.0,948,0.0,0.0
2024-10-31 09:29:00+09:00,53400.0,53600.0,53400.0,53500.0,570,0.0,0.0
2024-10-31 09:30:00+09:00,53500.0,53700.0,53400.0,53600.0,1445,0.0,0.0
2024-10-31 09:31:00+09:00,53600.0,54100.0,53600.0,54100.0,1924,0.0,0.0
2024-10-31 09:32:00+09:00,54100.0,54100.0,53700.0,54000.0,1922,0.0,0.0
2024-10-31 09:33:00+09:00,54000.0,54000.0,53600.0,53700.0,123,0.0,0.0
2024-10-31 09:34:00+09:00,53800.0,54000.0,53800.0,53800.0,232,0.0,0.0
2024-10-31 09:35:00+09:00,53700.0,53900.0,53300.0,53300.0,1469,0.0,0.0
2024-10-31 09:36:00+09:00,53400.0,53600.0,53100.0,53600.0,389,0.0,0.0
2024-10-31 09:37:00+09:00,53500.0,54100.0,53500.0,54000.0,4972,0.0,0.0
2024-10-31 09:38:00+09:00,54000.0,54200.0,53900.0,54100.0,1697,0.0,0.0
2024-10-31 09:39:00+09:00,54100.0,54300.0,54000.0,54000.0,1074,0.0,0.0
2024-10-31 09:40:00+09:00,54000.0,54000.0,53800.0,53800.0,0,0.0,0.0
2024-10-31 09:41:00+09:00,53700.0,54000.0,53600.0,53800.0,181,0.0,0.0
2024-10-31 09:42:00+09:00,54000.0,54000.0,53800.0,53900.0,25,0.0,0.0
2024-10-31 09:43:00+09:00,53900.0,54000.0,53900.0,53900.0,238,0.0,0.0
2024-10-31 09:44:00+09:00,53800.0,53900.0,53700.0,53900.0,231,0.0,0.0
2024-10-31 09:45:00+09:00,53700.0,53800.0,53700.0,53700.0,20,0.0,0.0
2024-10-31 09:46:00+09:00,53600.0,53800.0,53600.0,53800.0,211,0.0,0.0
2024-10-31 09:47:00+09:00,53800.0,54000.0,53800.0,54000.0,520,0.0,0.0
2024-10-31 09:48:00+09:00,54000.0,54000.0,53900.0,53900.0,19,0.0,0.0
2024-10-31 09:49:00+09:00,53900.0,53900.0,53900.0,53900.0,542,0.0,0.0
2024-10-31 09:50:00+09:00,54000.0,54300.0,54000.0,54200.0,3208,0.0,0.0
2024-10-31 09:51:00+09:00,54300.0,54500.0,54300.0,54300.0,1348,0.0,0.0
2024-10-31 09:52:00+09:00,54300.0,54300.0,54200.0,54200.0,273,0.0,0.0
2024-10-31 09:53:00+09:00,54200.0,54200.0,54100.0,54100.0,88,0.0,0.0
2024-10-31 09:54:00+09:00,54000.0,54000.0,53800.0,53800.0,492,0.0,0.0
2024-10-31 09:55:00+09:00,53700.0,53700.0,53500.0,53700.0,621,0.0,0.0
2024-10-31 09:56:00+09:00,53800.0,53800.0,53600.0,53600.0,153,0.0,0.0
2024-10-31 09:57:00+09:00,53700.0,53800.0,53600.0,53600.0,145,0.0,0.0
2024-10-31 09:58:00+09:00,53600.0,53600.0,53400.0,53400.0,444,0.0,0.0
2024-10-31 09:59:00+09:00,53400.0,53500.0,53300.0,53300.0,125,0.0,0.0
2024-10-31 10:00:00+09:00,53300.0,53300.0,53100.0,53200.0,123,0.0,0.0
2024-10-31 10:01:00+09:00,53200.0,53400.0,53100.0,53400.0,217,0.0,0.0
2024-10-31 10:02:00+09:00,53300.0,53400.0,53300.0,53400.0,193,0.0,0.0
2024-10-31 10:03:00+09:00,53300.0,53500.0,53300.0,53500.0,730,0.0,0.0
2024-10-31 10:04:00+09:00,53500.0,53800.0,53500.0,53800.0,0,0.0,0.0
2024-10-31 10:05:00+09:00,53500.0,53700.0,53500.0,53500.0,80,0.0,0.0
2024-10-31 10:06:00+09:00,53400.0,53400.0,53300.0,53300.0,398,0.0,0.0
2024-10-31 10:07:00+09:00,53300.0,53300.0,53300.0,53300.0,0,0.0,0.0
2024-10-31 10:08:00+09:00,53200.0,53200.0,53200.0,53200.0,89,0.0,0.0
2024-10-31 10:09:00+09:00,53200.0,53200.0,52900.0,53000.0,2631,0.0,0.0
2024-10-31 10:10:00+09:00,53300.0,53300.0,53100.0,53100.0,38,0.0,0.0
2024-10-31 10:11:00+09:00,53000.0,53000.0,52600.0,52700.0,618,0.0,0.0
2024-10-31 10:12:00+09:00,52700.0,52900.0,52700.0,52800.0,198,0.0,0.0
2024-10-31 10:13:00+09:00,52800.0,52800.0,52700.0,52700.0,177,0.0,0.0
2024-10-31 10:14:00+09:00,52600.0,52600.0,52300.0,52400.0,726,0.0,0.0
2024-10-31 10:15:00+09:00,52400.0,52600.0,52400.0,52500.0,192,0.0,0.0
2024-10-31 10:16:00+09:00,52500.0,52500.0,52500.0,52500.0,11,0.0,0.0
2024-10-31 10:17:00+09:00,52500.0,52500.0,52300.0,52400.0,246,0.0,0.0
2024-10-31 10:18:00+09:00,52500.0,52600.0,52400.0,52400.0,122,0.0,0.0
2024-10-31 10:19:00+09:00,52500.0,52500.0,52500.0,52500.0,0,0.0,0.0
2024-10-31 10:20:00+09:00,52500.0,52500.0,52400.0,52400.0,171,0.0,0.0
2024-10-31 10:21:00+09:00,52400.0,52400.0,52400.0,52400.0,156,0.0,0.0
2024-10-31 10:24:00+09:00,52500.0,52500.0,52500.0,52500.0,36,0.0,0.0
2024-10-31 10:25:00+09:00,52500.0,52500.0,52500.0,52500.0,39,0.0,0.0
2024-10-31 10:27:00+09:00,52500.0,52500.0,52400.0,52400.0,22,0.0,0.0
2024-10-31 10:28:00+09:00,52400.0,52400.0,52400.0,52400.0,444,0.0,0.0
2024-10-31 10:29:00+09:00,52500.0,53200.0,52400.0,52400.0,847,0.0,0.0
2024-10-31 10:30:00+09:00,52500.0,52500.0,52500.0,52500.0,96,0.0,0.0
2024-10-31 10:31:00+09:00,52600.0,52600.0,52500.0,52500.0,6,0.0,0.0
2024-10-31 10:32:00+09:00,52500.0,52500.0,52500.0,52500.0,221,0.0,0.0
2024-10-31 10:33:00+09:00,52600.0,53000.0,52600.0,52800.0,545,0.0,0.0
2024-10-31 10:34:00+09:00,52900.0,53000.0,52800.0,52800.0,257,0.0,0.0
2024-10-31 10:36:00+09:00,52800.0,53100.0,52700.0,52800.0,366,0.0,0.0
2024-10-31 10:37:00+09:00,52700.0,52700.0,52700.0,52700.0,0,0.0,0.0
2024-10-31 10:38:00+09:00,52600.0,52600.0,52600.0,52600.0,76,0.0,0.0
2024-10-31 10:39:00+09:00,52600.0,52600.0,52500.0,52500.0,425,0.0,0.0
2024-10-31 10:40:00+09:00,52500.0,52500.0,52400.0,52500.0,389,0.0,0.0
2024-10-31 10:41:00+09:00,52500.0,52600.0,52500.0,52500.0,3,0.0,0.0
2024-10-31 10:42:00+09:00,52500.0,52600.0,52500.0,52600.0,31,0.0,0.0
2024-10-31 10:43:00+09:00,52500.0,52500.0,52300.0,52300.0,414,0.0,0.0
2024-10-31 10:44:00+09:00,52300.0,52300.0,52300.0,52300.0,23,0.0,0.0
2024-10-31 10:45:00+09:00,52300.0,52300.0,52300.0,52300.0,0,0.0,0.0
2024-10-31 10:46:00+09:00,52400.0,52700.0,52300.0,52300.0,48,0.0,0.0
2024-10-31 10:48:00+09:00,52300.0,52300.0,52200.0,52200.0,222,0.0,0.0
2024-10-31 10:50:00+09:00,52300.0,52400.0,52300.0,52400.0,0,0.0,0.0
2024-10-31 10:51:00+09:00,52200.0,52200.0,52200.0,52200.0,45,0.0,0.0
2024-10-31 10:52:00+09:00,52200.0,52200.0,52200.0,52200.0,128,0.0,0.0
2024-10-31 10:53:00+09:00,52100.0,52200.0,52100.0,52200.0,56,0.0,0.0
2024-10-31 10:54:00+09:00,52200.0,52200.0,52200.0,52200.0,26,0.0,0.0
2024-10-31 10:55:00+09:00,52100.0,52200.0,52100.0,52200.0,395,0.0,0.0
2024-10-31 10:56:00+09:00,52200.0,52300.0,52200.0,52300.0,0,0.0,0.0
2024-10-31 10:58:00+09:00,52300.0,52300.0,52200.0,52200.0,399,0.0,0.0
2024-10-31 10:59:00+09:00,52200.0,52200.0,52100.0,52100.0,185,0.0,0.0
2024-10-31 11:00:00+09:00,52100.0,52100.0,52000.0,52000.0,307,0.0,0.0
2024-10-31 11:01:00+09:00,52000.0,52000.0,51900.0,51900.0,212,0.0,0.0
2024-10-31 11:02:00+09:00,51800.0,51800.0,51600.0,51600.0,355,0.0,0.0
2024-10-31 11:03:00+09:00,51600.0,51600.0,51600.0,51600.0,108,0.0,0.0
2024-10-31 11:04:00+09:00,51800.0,52000.0,51600.0,52000.0,321,0.0,0.0
2024-10-31 11:05:00+09:00,51900.0,51900.0,51900.0,51900.0,27,0.0,0.0
2024-10-31 11:06:00+09:00,51900.0,52000.0,51900.0,52000.0,279,0.0,0.0
2024-10-31 11:07:00+09:00,51900.0,52200.0,51900.0,52100.0,400,0.0,0.0
2024-10-31 11:09:00+09:00,52200.0,52200.0,52100.0,52100.0,579,0.0,0.0
2024-10-31 11:10:00+09:00,52100.0,52200.0,52100.0,52100.0,31,0.0,0.0
2024-10-31 11:11:00+09:00,52200.0,52200.0,52200.0,52200.0,203,0.0,0.0
2024-10-31 11:12:00+09:00,52200.0,52400.0,52200.0,52300.0,184,0.0,0.0
2024-10-31 11:13:00+09:00,52300.0,52400.0,52300.0,52300.0,59,0.0,0.0
2024-10-31 11:14:00+09:00,52300.0,52300.0,52200.0,52200.0,398,0.0,0.0
2024-10-31 11:15:00+09:00,52200.0,52200.0,52200.0,52200.0,51,0.0,0.0
2024-10-31 11:16:00+09:00,52200.0,52400.0,52200.0,52300.0,352,0.0,0.0
2024-10-31 11:17:00+09:00,52300.0,52300.0,52100.0,52100.0,378,0.0,0.0
2024-10-31 11:18:00+09:00,52100.0,52100.0,52100.0,52100.0,110,0.0,0.0
2024-10-31 11:19:00+09:00,52100.0,52100.0,52100.0,52100.0,55,0.0,0.0
2024-10-31 11:20:00+09:00,52000.0,52100.0,52000.0,52100.0,95,0.0,0.0
2024-10-31 11:21:00+09:00,52100.0,52100.0,52000.0,52000.0,294,0.0,0.0
2024-10-31 11:22:00+09:00,51900.0,52000.0,51900.0,52000.0,7,0.0,0.0
2024-10-31 11:23:00+09:00,52000.0,52100.0,52000.0,52000.0,416,0.0,0.0
2024-10-31 11:24:00+09:00,52000.0,52000.0,51900.0,51900.0,523,0.0,0.0
2024-10-31 11:25:00+09:00,51900.0,51900.0,51800.0,51900.0,0,0.0,0.0
2024-10-31 11:26:00+09:00,51900.0,51900.0,51900.0,51900.0,3,0.0,0.0
2024-10-31 11:27:00+09:00,51900.0,51900.0,51800.0,51800.0,364,0.0,0.0
2024-10-31 11:28:00+09:00,51700.0,51800.0,51500.0,51700.0,738,0.0,0.0
2024-10-31 11:29:00+09:00,51700.0,51800.0,51700.0,51700.0,64,0.0,0.0
2024-10-31 11:30:00+09:00,51800.0,51900.0,51800.0,51900.0,81,0.0,0.0
2024-10-31 11:31:00+09:00,51900.0,51900.0,51800.0,51800.0,129,0.0,0.0
2024-10-31 11:32:00+09:00,51800.0,51800.0,51600.0,51700.0,988,0.0,0.0
2024-10-31 11:33:00+09:00,51700.0,51900.0,51600.0,51900.0,535,0.0,0.0
2024-10-31 11:34:00+09:00,51900.0,52000.0,51900.0,52000.0,61,0.0,0.0
2024-10-31 11:35:00+09:00,52000.0,52100.0,52000.0,52100.0,30,0.0,0.0
2024-10-31 11:36:00+09:00,52000.0,52000.0,51700.0,51700.0,680,0.0,0.0
2024-10-31 11:37:00+09:00,51800.0,51900.0,51700.0,51700.0,165,0.0,0.0
2024-10-31 11:38:00+09:00,51700.0,51800.0,51700.0,51800.0,231,0.0,0.0
2024-10-31 11:39:00+09:00,51800.0,51800.0,51700.0,51800.0,815,0.0,0.0
2024-10-31 11:40:00+09:00,51800.0,51800.0,51600.0,51700.0,138,0.0,0.0
2024-10-31 11:41:00+09:00,51700.0,51700.0,51700.0,51700.0,236,0.0,0.0
2024-10-31 11:42:00+09:00,51700.0,51900.0,51700.0,51900.0,200,0.0,0.0
2024-10-31 11:43:00+09:00,51900.0,51900.0,51900.0,51900.0,0,0.0,0.0
2024-10-31 11:44:00+09:00,51900.0,51900.0,51900.0,51900.0,15,0.0,0.0
2024-10-31 11:45:00+09:00,51900.0,51900.0,51800.0,51800.0,416,0.0,0.0
2024-10-31 11:46:00+09:00,51800.0,51900.0,51600.0,51900.0,0,0.0,0.0
2024-10-31 11:47:00+09:00,51800.0,51800.0,51800.0,51800.0,33,0.0,0.0
2024-10-31 11:48:00+09:00,51800.0,51800.0,51800.0,51800.0,3,0.0,0.0
2024-10-31 11:49:00+09:00,51800.0,51800.0,51800.0,51800.0,3,0.0,0.0
2024-10-31 11:50:00+09:00,51600.0,51700.0,51600.0,51600.0,125,0.0,0.0
2024-10-31 11:51:00+09:00,51600.0,51700.0,51600.0,51700.0,292,0.0,0.0
2024-10-31 11:52:00+09:00,51700.0,51800.0,51600.0,51800.0,154,0.0,0.0
2024-10-31 11:53:00+09:00,51800.0,51800.0,51600.0,51800.0,24,0.0,0.0
2024-10-31 11:54:00+09:00,51800.0,51800.0,51700.0,51700.0,105,0.0,0.0
2024-10-31 11:55:00+09:00,51600.0,51700.0,51600.0,51600.0,202,0.0,0.0
2024-10-31 11:56:00+09:00,51600.0,51600.0,51500.0,51600.0,0,0.0,0.0
2024-10-31 11:57:00+09:00,51600.0,51700.0,51500.0,51700.0,663,0.0,0.0
2024-10-31 11:58:00+09:00,51500.0,51700.0,51500.0,51500.0,552,0.0,0.0
2024-10-31 11:59:00+09:00,51500.0,51700.0,51500.0,51700.0,399,0.0,0.0
2024-10-31 12:00:00+09:00,51600.0,51700.0,51600.0,51600.0,13,0.0,0.0
2024-10-31 12:01:00+09:00,51500.0,51600.0,51500.0,51600.0,346,0.0,0.0
2024-10-31 12:02:00+09:00,51500.0,51500.0,51200.0,51400.0,1254,0.0,0.0
2024-10-31 12:03:00+09:00,51400.0,51500.0,51400.0,51500.0,180,0.0,0.0
2024-10-31 12:04:00+09:00,51500.0,51500.0,51300.0,51500.0,1108,0.0,0.0
2024-10-31 12:05:00+09:00,51500.0,51600.0,51500.0,51600.0,446,0.0,0.0
2024-10-31 12:06:00+09:00,51500.0,51600.0,51400.0,51600.0,229,0.0,0.0
2024-10-31 12:07:00+09:00,51600.0,51600.0,51600.0,51600.0,0,0.0,0.0
2024-10-31 12:08:00+09:00,51600.0,51800.0,51500.0,51700.0,77,0.0,0.0
2024-10-31 12:09:00+09:00,51700.0,51700.0,51400.0,51500.0,157,0.0,0.0
2024-10-31 12:10:00+09:00,51400.0,51500.0,51300.0,51400.0,447,0.0,0.0
2024-10-31 12:11:00+09:00,51300.0,51500.0,51300.0,51500.0,1240,0.0,0.0
2024-10-31 12:14:00+09:00,51500.0,51500.0,51400.0,51400.0,254,0.0,0.0
2024-10-31 12:15:00+09:00,51400.0,51400.0,51300.0,51300.0,0,0.0,0.0
2024-10-31 12:16:00+09:00,51400.0,51400.0,51400.0,51400.0,149,0.0,0.0
2024-10-31 12:17:00+09:00,51200.0,51400.0,51200.0,51300.0,926,0.0,0.0
2024-10-31 12:18:00+09:00,51300.0,51400.0,51300.0,51400.0,987,0.0,0.0
2024-10-31 12:19:00+09:00,51400.0,51500.0,51300.0,51500.0,956,0.0,0.0
2024-10-31 12:20:00+09:00,51400.0,51900.0,51400.0,51900.0,139,0.0,0.0
2024-10-31 12:21:00+09:00,51700.0,51700.0,51500.0,51600.0,549,0.0,0.0
2024-10-31 12:22:00+09:00,51500.0,51500.0,51400.0,51400.0,680,0.0,0.0
2024-10-31 12:23:00+09:00,51500.0,51500.0,51500.0,51500.0,102,0.0,0.0
2024-10-31 12:24:00+09:00,51500.0,51500.0,51400.0,51400.0,38,0.0,0.0
2024-10-31 12:25:00+09:00,51400.0,51400.0,51400.0,51400.0,0,0.0,0.0
2024-10-31 12:26:00+09:00,51400.0,51400.0,51400.0,51400.0,0,0.0,0.0
2024-10-31 12:27:00+09:00,51300.0,51400.0,51200.0,51300.0,479,0.0,0.0
2024-10-31 12:28:00+09:00,51300.0,51400.0,51300.0,51400.0,7,0.0,0.0
2024-10-31 12:29:00+09:00,51300.0,51300.0,51200.0,51300.0,164,0.0,0.0
2024-10-31 12:30:00+09:00,51200.0,51300.0,51200.0,51300.0,192,0.0,0.0
2024-10-31 12:31:00+09:00,51200.0,51300.0,51200.0,51300.0,102,0.0,0.0
2024-10-31 12:32:00+09:00,51200.0,51300.0,51100.0,51100.0,325,0.0,0.0
2024-10-31 12:33:00+09:00,51200.0,51300.0,51100.0,51100.0,159,0.0,0.0
2024-10-31 12:34:00+09:00,51200.0,51200.0,51100.0,51200.0,175,0.0,0.0
2024-10-31 12:35:00+09:00,51200.0,51200.0,51100.0,51100.0,432,0.0,0.0
2024-10-31 12:36:00+09:00,51100.0,51200.0,51000.0,51200.0,0,0.0,0.0
2024-10-31 12:37:00+09:00,51100.0,51200.0,51100.0,51200.0,61,0.0,0.0
2024-10-31 12:38:00+09:00,51200.0,51200.0,51200.0,51200.0,136,0.0,0.0
2024-10-31 12:39:00+09:00,51100.0,51200.0,51100.0,51100.0,331,0.0,0.0
2024-10-31 12:40:00+09:00,51100.0,51200.0,51100.0,51200.0,69,0.0,0.0
2024-10-31 12:41:00+09:00,51100.0,51200.0,51100.0,51200.0,53,0.0,0.0
2024-10-31 12:42:00+09:00,51200.0,51300.0,51100.0,51300.0,100,0.0,0.0
2024-10-31 12:43:00+09:00,51300.0,51300.0,51200.0,51200.0,350,0.0,0.0
2024-10-31 12:44:00+09:00,51200.0,51300.0,51200.0,51300.0,0,0.0,0.0
2024-10-31 12:45:00+09:00,51300.0,51300.0,51300.0,51300.0,21,0.0,0.0
2024-10-31 12:46:00+09:00,51300.0,51300.0,51200.0,51200.0,403,0.0,0.0
2024-10-31 12:47:00+09:00,51200.0,51200.0,51200.0,51200.0,310,0.0,0.0
2024-10-31 12:48:00+09:00,51300.0,51300.0,51200.0,51300.0,231,0.0,0.0
2024-10-31 12:49:00+09:00,51300.0,51300.0,51200.0,51300.0,0,0.0,0.0
2024-10-31 12:50:00+09:00,51300.0,51700.0,51300.0,51600.0,52,0.0,0.0
2024-10-31 12:51:00+09:00,51300.0,51400.0,51300.0,51400.0,42,0.0,0.0
2024-10-31 12:52:00+09:00,51400.0,51400.0,51300.0,51400.0,5,0.0,0.0
2024-10-31 12:53:00+09:00,51300.0,51400.0,51300.0,51400.0,25,0.0,0.0
2024-10-31 12:54:00+09:00,51400.0,51400.0,51300.0,51300.0,123,0.0,0.0
2024-10-31 12:55:00+09:00,51300.0,51400.0,51300.0,51400.0,65,0.0,0.0
2024-10-31 12:56:00+09:00,51400.0,51400.0,51300.0,51300.0,361,0.0,0.0
2024-10-31 12:57:00+09:00,51400.0,51400.0,51400.0,51400.0,0,0.0,0.0
2024-10-31 12:58:00+09:00,51400.0,51400.0,51300.0,51300.0,456,0.0,0.0
2024-10-31 12:59:00+09:00,51300.0,51300.0,51300.0,51300.0,7,0.0,0.0
2024-10-31 13:00:00+09:00,51300.0,51400.0,51300.0,51400.0,39,0.0,0.0
2024-10-31 13:02:00+09:00,51300.0,51400.0,51300.0,51400.0,147,0.0,0.0
2024-10-31 13:03:00+09:00,51300.0,51300.0,51300.0,51300.0,59,0.0,0.0
2024-10-31 13:04:00+09:00,51300.0,51300.0,51300.0,51300.0,26,0.0,0.0
2024-10-31 13:05:00+09:00,51400.0,51700.0,51400.0,51400.0,287,0.0,0.0
2024-10-31 13:06:00+09:00,51300.0,51300.0,51300.0,51300.0,4,0.0,0.0
2024-10-31 13:08:00+09:00,51200.0,51800.0,51200.0,51400.0,1105,0.0,0.0
2024-10-31 13:09:00+09:00,51300.0,51300.0,51000.0,51000.0,1235,0.0,0.0
2024-10-31 13:10:00+09:00,51000.0,51000.0,51000.0,51000.0,201,0.0,0.0
2024-10-31 13:11:00+09:00,51000.0,51000.0,50900.0,50900.0,89,0.0,0.0
2024-10-31 13:12:00+09:00,51000.0,51000.0,50800.0,50800.0,472,0.0,0.0
2024-10-31 13:13:00+09:00,50900.0,51100.0,50900.0,51100.0,232,0.0,0.0
2024-10-31 13:14:00+09:00,51100.0,51100.0,51000.0,51000.0,42,0.0,0.0
2024-10-31 13:15:00+09:00,51000.0,51000.0,51000.0,51000.0,1,0.0,0.0
2024-10-31 13:16:00+09:00,51000.0,51000.0,51000.0,51000.0,1,0.0,0.0
2024-10-31 13:17:00+09:00,51000.0,51000.0,50700.0,50800.0,1291,0.0,0.0
2024-10-31 13:18:00+09:00,50900.0,50900.0,50900.0,50900.0,187,0.0,0.0
2024-10-31 13:19:00+09:00,51000.0,51000.0,50900.0,50900.0,37,0.0,0.0
2024-10-31 13:20:00+09:00,50900.0,50900.0,50700.0,50700.0,654,0.0,0.0
2024-10-31 13:21:00+09:00,50700.0,50900.0,50700.0,50700.0,370,0.0,0.0
2024-10-31 13:22:00+09:00,50700.0,50700.0,50600.0,50700.0,209,0.0,0.0
2024-10-31 13:23:00+09:00,50900.0,50900.0,50800.0,50900.0,178,0.0,0.0
2024-10-31 13:24:00+09:00,51000.0,51100.0,50900.0,51100.0,556,0.0,0.0
2024-10-31 13:25:00+09:00,51200.0,51200.0,51100.0,51100.0,0,0.0,0.0
2024-10-31 13:26:00+09:00,51100.0,51100.0,51100.0,51100.0,1,0.0,0.0
2024-10-31 13:27:00+09:00,51100.0,51300.0,51100.0,51100.0,233,0.0,0.0
2024-10-31 13:28:00+09:00,51000.0,51000.0,50900.0,51000.0,749,0.0,0.0
2024-10-31 13:29:00+09:00,51000.0,51000.0,51000.0,51000.0,63,0.0,0.0
2024-10-31 13:30:00+09:00,51000.0,51100.0,51000.0,51100.0,3,0.0,0.0
2024-10-31 13:31:00+09:00,51000.0,51000.0,51000.0,51000.0,15,0.0,0.0
2024-10-31 13:32:00+09:00,51000.0,51000.0,50800.0,50800.0,259,0.0,0.0
2024-10-31 13:33:00+09:00,50900.0,51100.0,50900.0,51100.0,223,0.0,0.0
2024-10-31 13:34:00+09:00,51100.0,51200.0,51000.0,51200.0,25,0.0,0.0
2024-10-31 13:35:00+09:00,51200.0,51300.0,51000.0,51100.0,320,0.0,0.0
2024-10-31 13:36:00+09:00,51100.0,51100.0,51000.0,51100.0,41,0.0,0.0
2024-10-31 13:37:00+09:00,51100.0,51300.0,51100.0,51300.0,18,0.0,0.0
2024-10-31 13:38:00+09:00,51100.0,51100.0,51000.0,51000.0,185,0.0,0.0
2024-10-31 13:39:00+09:00,51000.0,51000.0,50900.0,50900.0,270,0.0,0.0
2024-10-31 13:41:00+09:00,51000.0,51000.0,50800.0,51000.0,0,0.0,0.0
2024-10-31 13:42:00+09:00,50900.0,51100.0,50900.0,51100.0,418,0.0,0.0
2024-10-31 13:43:00+09:00,51000.0,51000.0,51000.0,51000.0,365,0.0,0.0
2024-10-31 13:44:00+09:00,51000.0,51000.0,51000.0,51000.0,27,0.0,0.0
2024-10-31 13:45:00+09:00,51100.0,51100.0,51100.0,51100.0,0,0.0,0.0
2024-10-31 13:47:00+09:00,51000.0,51000.0,50800.0,51000.0,93,0.0,0.0
2024-10-31 13:48:00+09:00,51000.0,51000.0,51000.0,51000.0,1,0.0,0.0
2024-10-31 13:49:00+09:00,51000.0,51000.0,50900.0,51000.0,71,0.0,0.0
2024-10-31 13:50:00+09:00,51000.0,51000.0,50800.0,50800.0,282,0.0,0.0
2024-10-31 13:51:00+09:00,50900.0,50900.0,50800.0,50800.0,0,0.0,0.0
2024-10-31 13:52:00+09:00,50800.0,50900.0,50800.0,50900.0,197,0.0,0.0
2024-10-31 13:53:00+09:00,50800.0,51000.0,50800.0,51000.0,56,0.0,0.0
2024-10-31 13:54:00+09:00,51000.0,51000.0,50800.0,50900.0,171,0.0,0.0
2024-10-31 13:55:00+09:00,50800.0,50900.0,50800.0,50900.0,26,0.0,0.0
2024-10-31 13:56:00+09:00,50900.0,51100.0,50900.0,51000.0,169,0.0,0.0
2024-10-31 13:57:00+09:00,50900.0,50900.0,50900.0,50900.0,25,0.0,0.0
2024-10-31 13:58:00+09:00,51000.0,51100.0,50800.0,50800.0,210,0.0,0.0
2024-10-31 13:59:00+09:00,50800.0,50800.0,50800.0,50800.0,300,0.0,0.0
2024-10-31 14:00:00+09:00,50800.0,50800.0,50700.0,50700.0,159,0.0,0.0
2024-10-31 14:01:00+09:00,50700.0,50800.0,50600.0,50700.0,104,0.0,0.0
2024-10-31 14:02:00+09:00,50600.0,52100.0,50600.0,52100.0,508,0.0,0.0
2024-10-31 14:07:00+09:00,50600.0,50600.0,50500.0,50500.0,1097,0.0,0.0
2024-10-31 14:08:00+09:00,50500.0,50700.0,50500.0,50600.0,263,0.0,0.0
2024-10-31 14:09:00+09:00,50700.0,50800.0,50600.0,50700.0,266,0.0,0.0
2024-10-31 14:10:00+09:00,50700.0,50800.0,50600.0,50600.0,132,0.0,0.0
2024-10-31 14:11:00+09:00,50600.0,50900.0,50600.0,50600.0,88,0.0,0.0
2024-10-31 14:12:00+09:00,50600.0,50700.0,50600.0,50600.0,84,0.0,0.0
2024-10-31 14:13:00+09:00,50600.0,50800.0,50500.0,50800.0,1615,0.0,0.0
2024-10-31 14:14:00+09:00,50600.0,50900.0,50600.0,50600.0,58,0.0,0.0
2024-10-31 14:15:00+09:00,50600.0,50900.0,50600.0,50700.0,76,0.0,0.0
2024-10-31 14:16:00+09:00,50700.0,50900.0,50600.0,50600.0,233,0.0,0.0
2024-10-31 14:17:00+09:00,50600.0,50700.0,50600.0,50600.0,251,0.0,0.0
2024-10-31 14:18:00+09:00,50600.0,50900.0,50600.0,50700.0,297,0.0,0.0
2024-10-31 14:19:00+09:00,50700.0,51000.0,50600.0,50700.0,66,0.0,0.0
2024-10-31 14:20:00+09:00,50800.0,51000.0,50700.0,50700.0,85,0.0,0.0
2024-10-31 14:21:00+09:00,50700.0,51000.0,50700.0,50700.0,328,0.0,0.0
2024-10-31 14:22:00+09:00,50800.0,51000.0,50700.0,50700.0,72,0.0,0.0
2024-10-31 14:23:00+09:00,50700.0,51000.0,50700.0,50700.0,78,0.0,0.0
2024-10-31 14:24:00+09:00,50800.0,51000.0,50700.0,50800.0,404,0.0,0.0
2024-10-31 14:25:00+09:00,50800.0,51000.0,50700.0,50800.0,76,0.0,0.0
2024-10-31 14:26:00+09:00,50900.0,50900.0,50800.0,50800.0,320,0.0,0.0
2024-10-31 14:27:00+09:00,50800.0,51100.0,50800.0,51000.0,159,0.0,0.0
2024-10-31 14:28:00+09:00,51100.0,51100.0,50900.0,50900.0,301,0.0,0.0
2024-10-31 14:29:00+09:00,50900.0,50900.0,50800.0,50800.0,888,0.0,0.0
2024-10-31 14:30:00+09:00,50800.0,50900.0,50800.0,50800.0,57,0.0,0.0
2024-10-31 14:31:00+09:00,50800.0,50900.0,50800.0,50900.0,659,0.0,0.0
2024-10-31 14:32:00+09:00,50800.0,50900.0,50800.0,50900.0,278,0.0,0.0
2024-10-31 14:33:00+09:00,50900.0,51000.0,50700.0,51000.0,1523,0.0,0.0
2024-10-31 14:34:00+09:00,50900.0,51300.0,50900.0,51100.0,699,0.0,0.0
2024-10-31 14:35:00+09:00,51100.0,51200.0,50900.0,51100.0,671,0.0,0.0
2024-10-31 14:36:00+09:00,51100.0,51300.0,51000.0,51200.0,135,0.0,0.0
2024-10-31 14:37:00+09:00,51200.0,51400.0,51200.0,51300.0,412,0.0,0.0
2024-10-31 14:38:00+09:00,51300.0,51300.0,51100.0,51200.0,673,0.0,0.0
2024-10-31 14:39:00+09:00,51300.0,51500.0,51200.0,51500.0,475,0.0,0.0
2024-10-31 14:40:00+09:00,51500.0,51500.0,51300.0,51400.0,284,0.0,0.0
2024-10-31 14:41:00+09:00,51400.0,51500.0,51400.0,51500.0,179,0.0,0.0
2024-10-31 14:42:00+09:00,51500.0,51500.0,51300.0,51400.0,592,0.0,0.0
2024-10-31 14:43:00+09:00,51500.0,51500.0,51300.0,51300.0,503,0.0,0.0
2024-10-31 14:44:00+09:00,51300.0,51500.0,51300.0,51400.0,188,0.0,0.0
2024-10-31 14:45:00+09:00,51400.0,51500.0,51400.0,51400.0,387,0.0,0.0
2024-10-31 14:46:00+09:00,51400.0,51500.0,51400.0,51400.0,286,0.0,0.0
2024-10-31 14:47:00+09:00,51400.0,51500.0,51300.0,51400.0,390,0.0,0.0
2024-10-31 14:48:00+09:00,51400.0,51500.0,51400.0,51500.0,190,0.0,0.0
2024-10-31 14:49:00+09:00,51600.0,51600.0,51400.0,51400.0,350,0.0,0.0
2024-10-31 14:50:00+09:00,51400.0,51600.0,51400.0,51400.0,221,0.0,0.0
2024-10-31 14:51:00+09:00,51500.0,51500.0,51200.0,51200.0,488,0.0,0.0
2024-10-31 14:52:00+09:00,51300.0,51400.0,51200.0,51300.0,213,0.0,0.0
2024-10-31 14:53:00+09:00,51300.0,51500.0,51300.0,51400.0,219,0.0,0.0
2024-10-31 14:54:00+09:00,51500.0,51500.0,51300.0,51300.0,193,0.0,0.0
2024-10-31 14:55:00+09:00,51400.0,51400.0,51300.0,51400.0,375,0.0,0.0
2024-10-31 14:56:00+09:00,51400.0,51500.0,51300.0,51300.0,223,0.0,0.0
2024-10-31 14:57:00+09:00,51400.0,51400.0,51300.0,51300.0,6,0.0,0.0
2024-10-31 14:59:00+09:00,51300.0,51300.0,51300.0,51300.0,955,0.0,0.0
2024-11-01 09:00:00+09:00,49050.0,50200.0,49050.0,49250.0,906,0.0,0.0
2024-11-01 09:01:00+09:00,49300.0,49900.0,49300.0,49600.0,83,0.0,0.0
2024-11-01 09:02:00+09:00,49500.0,49750.0,49500.0,49750.0,52,0.0,0.0
2024-11-01 09:03:00+09:00,49750.0,49900.0,49750.0,49800.0,41,0.0,0.0
2024-11-01 09:06:00+09:00,50300.0,50300.0,50300.0,50300.0,196,0.0,0.0
2024-11-01 09:07:00+09:00,50500.0,50700.0,50500.0,50700.0,207,0.0,0.0
2024-11-01 09:08:00+09:00,50700.0,50700.0,50600.0,50700.0,73,0.0,0.0
2024-11-01 09:09:00+09:00,50700.0,50700.0,50500.0,50500.0,313,0.0,0.0
2024-11-01 09:10:00+09:00,50700.0,50700.0,50700.0,50700.0,0,0.0,0.0
2024-11-01 09:11:00+09:00,50500.0,50600.0,50300.0,50600.0,2165,0.0,0.0
2024-11-01 09:12:00+09:00,50700.0,50700.0,50700.0,50700.0,116,0.0,0.0
2024-11-01 09:13:00+09:00,50700.0,50700.0,50700.0,50700.0,0,0.0,0.0
2024-11-01 09:14:00+09:00,50700.0,50700.0,50700.0,50700.0,34,0.0,0.0
2024-11-01 09:15:00+09:00,50700.0,50700.0,50600.0,50600.0,326,0.0,0.0
2024-11-01 09:16:00+09:00,50500.0,50500.0,50200.0,50400.0,200,0.0,0.0
2024-11-01 09:17:00+09:00,50300.0,50300.0,49950.0,50300.0,1145,0.0,0.0
2024-11-01 09:18:00+09:00,49950.0,50500.0,49950.0,50500.0,502,0.0,0.0
2024-11-01 09:19:00+09:00,50300.0,50500.0,50300.0,50300.0,993,0.0,0.0
2024-11-01 09:20:00+09:00,50300.0,50300.0,50200.0,50200.0,114,0.0,0.0
2024-11-01 09:21:00+09:00,50300.0,50400.0,50300.0,50400.0,462,0.0,0.0
2024-11-01 09:23:00+09:00,50300.0,50300.0,50100.0,50200.0,199,0.0,0.0
2024-11-01 09:24:00+09:00,50100.0,50200.0,50000.0,50000.0,348,0.0,0.0
2024-11-01 09:25:00+09:00,50000.0,50300.0,50000.0,50300.0,345,0.0,0.0
2024-11-01 09:26:00+09:00,50300.0,50300.0,50300.0,50300.0,88,0.0,0.0
2024-11-01 09:27:00+09:00,50200.0,50300.0,50200.0,50300.0,61,0.0,0.0
2024-11-01 09:29:00+09:00,50200.0,50200.0,50200.0,50200.0,0,0.0,0.0
2024-11-01 09:30:00+09:00,50200.0,50200.0,50100.0,50100.0,306,0.0,0.0
2024-11-01 09:31:00+09:00,50100.0,50200.0,50000.0,50200.0,50,0.0,0.0
2024-11-01 09:32:00+09:00,50000.0,50000.0,50000.0,50000.0,302,0.0,0.0
2024-11-01 09:33:00+09:00,50100.0,50100.0,49950.0,49950.0,55,0.0,0.0
2024-11-01 09:34:00+09:00,49900.0,50100.0,49900.0,50100.0,163,0.0,0.0
2024-11-01 09:35:00+09:00,50000.0,50000.0,49950.0,49950.0,154,0.0,0.0
2024-11-01 09:36:00+09:00,49950.0,49950.0,49950.0,49950.0,24,0.0,0.0
2024-11-01 09:38:00+09:00,49950.0,49950.0,49850.0,49850.0,438,0.0,0.0
2024-11-01 09:39:00+09:00,49850.0,49850.0,49800.0,49850.0,293,0.0,0.0
2024-11-01 09:40:00+09:00,49850.0,49850.0,49850.0,49850.0,172,0.0,0.0
2024-11-01 09:41:00+09:00,49850.0,49850.0,49800.0,49800.0,590,0.0,0.0
2024-11-01 09:42:00+09:00,49800.0,49900.0,49800.0,49900.0,70,0.0,0.0
2024-11-01 09:43:00+09:00,49900.0,49900.0,49850.0,49850.0,26,0.0,0.0
2024-11-01 09:44:00+09:00,49850.0,49850.0,49850.0,49850.0,181,0.0,0.0
2024-11-01 09:45:00+09:00,49850.0,49850.0,49750.0,49750.0,484,0.0,0.0
2024-11-01 09:46:00+09:00,49850.0,49900.0,49450.0,49550.0,2032,0.0,0.0
2024-11-01 09:47:00+09:00,49550.0,49550.0,49250.0,49250.0,748,0.0,0.0
2024-11-01 09:48:00+09:00,49250.0,49400.0,49250.0,49400.0,438,0.0,0.0
2024-11-01 09:49:00+09:00,49300.0,49550.0,49300.0,49550.0,152,0.0,0.0
2024-11-01 09:50:00+09:00,49600.0,49700.0,49600.0,49700.0,53,0.0,0.0
2024-11-01 09:51:00+09:00,49700.0,49700.0,49400.0,49400.0,510,0.0,0.0
2024-11-01 09:52:00+09:00,49400.0,49450.0,49400.0,49450.0,222,0.0,0.0
2024-11-01 09:55:00+09:00,49450.0,49450.0,49450.0,49450.0,2,0.0,0.0
2024-11-01 09:57:00+09:00,49550.0,49700.0,49350.0,49350.0,930,0.0,0.0
2024-11-01 09:58:00+09:00,49350.0,49350.0,49300.0,49300.0,47,0.0,0.0
2024-11-01 09:59:00+09:00,49300.0,49350.0,49050.0,49050.0,2791,0.0,0.0
2024-11-01 10:00:00+09:00,49150.0,49150.0,48850.0,48900.0,1733,0.0,0.0
2024-11-01 10:01:00+09:00,48900.0,48950.0,48800.0,48800.0,516,0.0,0.0
2024-11-01 10:02:00+09:00,48950.0,48950.0,48900.0,48950.0,135,0.0,0.0
2024-11-01 10:03:00+09:00,48950.0,49050.0,48700.0,48750.0,1638,0.0,0.0
2024-11-01 10:04:00+09:00,48700.0,48750.0,48650.0,48650.0,549,0.0,0.0
2024-11-01 10:05:00+09:00,48650.0,48700.0,48600.0,48700.0,306,0.0,0.0
2024-11-01 10:06:00+09:00,48700.0,48700.0,48600.0,48650.0,342,0.0,0.0
2024-11-01 10:07:00+09:00,48650.0,48650.0,48450.0,48500.0,2230,0.0,0.0
2024-11-01 10:08:00+09:00,48500.0,48650.0,48500.0,48650.0,389,0.0,0.0
2024-11-01 10:09:00+09:00,48650.0,48700.0,48650.0,48700.0,103,0.0,0.0
2024-11-01 10:10:00+09:00,48650.0,48700.0,48650.0,48700.0,54,0.0,0.0
2024-11-01 10:12:00+09:00,48750.0,48750.0,48700.0,48700.0,446,0.0,0.0
2024-11-01 10:13:00+09:00,48700.0,48700.0,48650.0,48650.0,226,0.0,0.0
2024-11-01 10:14:00+09:00,48650.0,48800.0,48650.0,48750.0,805,0.0,0.0
2024-11-01 10:15:00+09:00,48750.0,48850.0,48700.0,48850.0,125,0.0,0.0
2024-11-01 10:16:00+09:00,48900.0,48950.0,48900.0,48900.0,25,0.0,0.0
2024-11-01 10:17:00+09:00,48850.0,48850.0,48800.0,48800.0,233,0.0,0.0
2024-11-01 10:18:00+09:00,48750.0,48850.0,48750.0,48850.0,302,0.0,0.0
2024-11-01 10:19:00+09:00,48750.0,48800.0,48750.0,48800.0,148,0.0,0.0
2024-11-01 10:20:00+09:00,48800.0,48800.0,48800.0,48800.0,0,0.0,0.0
2024-11-01 10:21:00+09:00,48750.0,48800.0,48750.0,48800.0,80,0.0,0.0
2024-11-01 10:22:00+09:00,48750.0,48850.0,48750.0,48850.0,27,0.0,0.0
2024-11-01 10:23:00+09:00,48850.0,48950.0,48850.0,48850.0,1088,0.0,0.0
2024-11-01 10:24:00+09:00,48850.0,48900.0,48800.0,48900.0,0,0.0,0.0
2024-11-01 10:25:00+09:00,48850.0,48900.0,48850.0,48850.0,87,0.0,0.0
2024-11-01 10:26:00+09:00,48850.0,48850.0,48750.0,48750.0,539,0.0,0.0
2024-11-01 10:27:00+09:00,48750.0,48750.0,48600.0,48600.0,1657,0.0,0.0
2024-11-01 10:28:00+09:00,48600.0,48600.0,48400.0,48450.0,1660,0.0,0.0
2024-11-01 10:29:00+09:00,48450.0,48550.0,48450.0,48500.0,498,0.0,0.0
2024-11-01 10:30:00+09:00,48500.0,48600.0,48500.0,48550.0,119,0.0,0.0
2024-11-01 10:31:00+09:00,48600.0,48700.0,48600.0,48650.0,77,0.0,0.0
2024-11-01 10:32:00+09:00,48650.0,48700.0,48600.0,48600.0,262,0.0,0.0
2024-11-01 10:33:00+09:00,48600.0,48700.0,48600.0,48600.0,75,0.0,0.0
2024-11-01 10:34:00+09:00,48550.0,48700.0,48550.0,48600.0,123,0.0,0.0
2024-11-01 10:35:00+09:00,48600.0,48600.0,48550.0,48550.0,48,0.0,0.0
2024-11-01 10:36:00+09:00,48550.0,48700.0,48550.0,48700.0,146,0.0,0.0
2024-11-01 10:37:00+09:00,48600.0,48750.0,48600.0,48750.0,14,0.0,0.0
2024-11-01 10:38:00+09:00,48700.0,48700.0,48650.0,48650.0,217,0.0,0.0
2024-11-01 10:39:00+09:00,48650.0,48700.0,48650.0,48700.0,72,0.0,0.0
2024-11-01 10:40:00+09:00,48700.0,48850.0,48700.0,48850.0,53,0.0,0.0
2024-11-01 10:41:00+09:00,48850.0,48850.0,48750.0,48850.0,190,0.0,0.0
2024-11-01 10:42:00+09:00,48850.0,48850.0,48800.0,48800.0,110,0.0,0.0
2024-11-01 10:43:00+09:00,48850.0,48850.0,48750.0,48750.0,160,0.0,0.0
2024-11-01 10:44:00+09:00,48800.0,48800.0,48750.0,48750.0,85,0.0,0.0
2024-11-01 10:45:00+09:00,48750.0,48750.0,48750.0,48750.0,185,0.0,0.0
2024-11-01 10:46:00+09:00,48750.0,48800.0,48750.0,48750.0,140,0.0,0.0
2024-11-01 10:47:00+09:00,48800.0,48850.0,48800.0,48800.0,66,0.0,0.0
2024-11-01 10:48:00+09:00,48800.0,48800.0,48750.0,48750.0,124,0.0,0.0
2024-11-01 10:49:00+09:00,48800.0,48850.0,48750.0,48750.0,84,0.0,0.0
2024-11-01 10:50:00+09:00,48750.0,48850.0,48750.0,48850.0,31,0.0,0.0
2024-11-01 10:51:00+09:00,48850.0,49100.0,48850.0,49000.0,256,0.0,0.0
2024-11-01 10:52:00+09:00,49100.0,49100.0,49050.0,49050.0,44,0.0,0.0
2024-11-01 10:54:00+09:00,49100.0,49100.0,49050.0,49100.0,156,0.0,0.0
2024-11-01 10:55:00+09:00,49050.0,49050.0,49050.0,49050.0,15,0.0,0.0
2024-11-01 10:56:00+09:00,49100.0,49100.0,49100.0,49100.0,46,0.0,0.0
2024-11-01 10:57:00+09:00,49150.0,49200.0,49150.0,49150.0,179,0.0,0.0
2024-11-01 10:58:00+09:00,49200.0,49200.0,49200.0,49200.0,0,0.0,0.0
2024-11-01 10:59:00+09:00,49200.0,49200.0,49150.0,49200.0,131,0.0,0.0
2024-11-01 11:00:00+09:00,49200.0,49200.0,49200.0,49200.0,21,0.0,0.0
2024-11-01 11:01:00+09:00,49200.0,49350.0,49150.0,49350.0,127,0.0,0.0
2024-11-01 11:02:00+09:00,49300.0,49550.0,49300.0,49550.0,207,0.0,0.0
2024-11-01 11:03:00+09:00,49550.0,49750.0,49450.0,49500.0,932,0.0,0.0
2024-11-01 11:04:00+09:00,49600.0,49600.0,49500.0,49500.0,38,0.0,0.0
2024-11-01 11:05:00+09:00,49500.0,49500.0,49450.0,49450.0,21,0.0,0.0
2024-11-01 11:06:00+09:00,49500.0,49600.0,49500.0,49600.0,58,0.0,0.0
2024-11-01 11:07:00+09:00,49550.0,49600.0,49500.0,49500.0,293,0.0,0.0
2024-11-01 11:08:00+09:00,49450.0,49550.0,49450.0,49500.0,398,0.0,0.0
2024-11-01 11:09:00+09:00,49500.0,49650.0,49500.0,49650.0,599,0.0,0.0
2024-11-01 11:10:00+09:00,49600.0,49600.0,49600.0,49600.0,48,0.0,0.0
2024-11-01 11:11:00+09:00,49600.0,49600.0,49600.0,49600.0,2,0.0,0.0
2024-11-01 11:12:00+09:00,49550.0,49700.0,49550.0,49700.0,372,0.0,0.0
2024-11-01 11:13:00+09:00,49800.0,49800.0,49700.0,49700.0,0,0.0,0.0
2024-11-01 11:14:00+09:00,49700.0,49850.0,49700.0,49800.0,375,0.0,0.0
2024-11-01 11:15:00+09:00,49800.0,49850.0,49800.0,49850.0,118,0.0,0.0
2024-11-01 11:16:00+09:00,49850.0,49950.0,49850.0,49900.0,161,0.0,0.0
2024-11-01 11:17:00+09:00,49900.0,49900.0,49900.0,49900.0,7,0.0,0.0
2024-11-01 11:18:00+09:00,49900.0,49950.0,49900.0,49900.0,41,0.0,0.0
2024-11-01 11:19:00+09:00,49950.0,50000.0,49950.0,50000.0,705,0.0,0.0
2024-11-01 11:20:00+09:00,50000.0,50100.0,50000.0,50000.0,66,0.0,0.0
2024-11-01 11:21:00+09:00,50000.0,50100.0,49950.0,50100.0,292,0.0,0.0
2024-11-01 11:22:00+09:00,50100.0,50300.0,50100.0,50200.0,328,0.0,0.0
2024-11-01 11:23:00+09:00,50200.0,50200.0,50200.0,50200.0,102,0.0,0.0
2024-11-01 11:24:00+09:00,50200.0,50200.0,50100.0,50100.0,14,0.0,0.0
2024-11-01 11:25:00+09:00,50100.0,50300.0,50100.0,50300.0,1392,0.0,0.0
2024-11-01 11:26:00+09:00,50300.0,50400.0,50200.0,50200.0,34,0.0,0.0
2024-11-01 11:27:00+09:00,50200.0,50200.0,50200.0,50200.0,17,0.0,0.0
2024-11-01 11:28:00+09:00,50200.0,50500.0,50200.0,50500.0,289,0.0,0.0
2024-11-01 11:29:00+09:00,50400.0,50400.0,50200.0,50400.0,575,0.0,0.0
2024-11-01 11:30:00+09:00,50400.0,50400.0,50100.0,50100.0,1280,0.0,0.0
2024-11-01 11:31:00+09:00,50100.0,50100.0,49900.0,49900.0,63,0.0,0.0
2024-11-01 11:32:00+09:00,49900.0,50100.0,49900.0,50100.0,240,0.0,0.0
2024-11-01 11:33:00+09:00,49900.0,49950.0,49900.0,49950.0,151,0.0,0.0
2024-11-01 11:34:00+09:00,49950.0,49950.0,49950.0,49950.0,10,0.0,0.0
2024-11-01 11:35:00+09:00,50100.0,50200.0,50000.0,50000.0,101,0.0,0.0
2024-11-01 11:36:00+09:00,50000.0,50000.0,50000.0,50000.0,15,0.0,0.0
2024-11-01 11:37:00+09:00,50100.0,50200.0,50100.0,50200.0,9,0.0,0.0
2024-11-01 11:38:00+09:00,50300.0,50300.0,50300.0,50300.0,134,0.0,0.0
2024-11-01 11:39:00+09:00,50400.0,50400.0,50200.0,50200.0,36,0.0,0.0
2024-11-01 11:41:00+09:00,50200.0,50200.0,50200.0,50200.0,45,0.0,0.0
2024-11-01 11:42:00+09:00,50300.0,50300.0,50200.0,50200.0,58,0.0,0.0
2024-11-01 11:43:00+09:00,50200.0,50300.0,50200.0,50300.0,4,0.0,0.0
2024-11-01 11:44:00+09:00,50200.0,50400.0,50200.0,50200.0,336,0.0,0.0
2024-11-01 11:45:00+09:00,50400.0,50500.0,50400.0,50400.0,215,0.0,0.0
2024-11-01 11:46:00+09:00,50400.0,50400.0,50400.0,50400.0,32,0.0,0.0
2024-11-01 11:47:00+09:00,50400.0,50400.0,50400.0,50400.0,33,0.0,0.0
2024-11-01 11:48:00+09:00,50400.0,50400.0,50400.0,50400.0,66,0.0,0.0
2024-11-01 11:49:00+09:00,50400.0,50400.0,50300.0,50300.0,85,0.0,0.0
2024-11-01 11:50:00+09:00,50300.0,50400.0,50300.0,50300.0,300,0.0,0.0
2024-11-01 11:51:00+09:00,50400.0,50400.0,50400.0,50400.0,0,0.0,0.0
2024-11-01 11:52:00+09:00,50400.0,50500.0,50400.0,50500.0,119,0.0,0.0
2024-11-01 11:53:00+09:00,50400.0,50400.0,50400.0,50400.0,59,0.0,0.0
2024-11-01 11:54:00+09:00,50500.0,50600.0,50400.0,50600.0,40,0.0,0.0
2024-11-01 11:55:00+09:00,50500.0,50500.0,50500.0,50500.0,33,0.0,0.0
2024-11-01 11:56:00+09:00,50600.0,50600.0,50500.0,50500.0,432,0.0,0.0
2024-11-01 11:57:00+09:00,50500.0,50600.0,50500.0,50600.0,0,0.0,0.0
2024-11-01 11:58:00+09:00,50500.0,50700.0,50500.0,50600.0,60,0.0,0.0
2024-11-01 11:59:00+09:00,50600.0,50600.0,50600.0,50600.0,12,0.0,0.0
2024-11-01 12:00:00+09:00,50500.0,50600.0,50500.0,50600.0,11,0.0,0.0
2024-11-01 12:01:00+09:00,50500.0,50600.0,50500.0,50600.0,144,0.0,0.0
2024-11-01 12:03:00+09:00,50600.0,50700.0,50600.0,50600.0,33,0.0,0.0
2024-11-01 12:04:00+09:00,50600.0,50700.0,50600.0,50700.0,101,0.0,0.0
2024-11-01 12:05:00+09:00,50600.0,50800.0,50600.0,50700.0,87,0.0,0.0
2024-11-01 12:07:00+09:00,50700.0,50800.0,50700.0,50800.0,259,0.0,0.0
2024-11-01 12:08:00+09:00,50700.0,50700.0,50700.0,50700.0,36,0.0,0.0
2024-11-01 12:09:00+09:00,50700.0,50800.0,50700.0,50800.0,0,0.0,0.0
2024-11-01 12:10:00+09:00,50700.0,50900.0,50700.0,50800.0,292,0.0,0.0
2024-11-01 12:11:00+09:00,50800.0,50800.0,50700.0,50700.0,38,0.0,0.0
2024-11-01 12:12:00+09:00,50800.0,50800.0,50800.0,50800.0,0,0.0,0.0
2024-11-01 12:13:00+09:00,50800.0,50800.0,50700.0,50700.0,53,0.0,0.0
2024-11-01 12:14:00+09:00,50800.0,50900.0,50800.0,50800.0,185,0.0,0.0
2024-11-01 12:15:00+09:00,50700.0,50700.0,50700.0,50700.0,22,0.0,0.0
2024-11-01 12:17:00+09:00,50800.0,50900.0,50800.0,50800.0,137,0.0,0.0
2024-11-01 12:18:00+09:00,50700.0,50700.0,50600.0,50600.0,869,0.0,0.0
2024-11-01 12:20:00+09:00,50500.0,50500.0,50500.0,50500.0,30,0.0,0.0
2024-11-01 12:21:00+09:00,50500.0,50500.0,50500.0,50500.0,57,0.0,0.0
2024-11-01 12:22:00+09:00,50500.0,50500.0,50500.0,50500.0,97,0.0,0.0
2024-11-01 12:23:00+09:00,50500.0,50500.0,50500.0,50500.0,200,0.0,0.0
2024-11-01 12:24:00+09:00,50500.0,50500.0,50500.0,50500.0,0,0.0,0.0
2024-11-01 12:25:00+09:00,50500.0,50500.0,50500.0,50500.0,26,0.0,0.0
2024-11-01 12:26:00+09:00,50500.0,50500.0,50500.0,50500.0,5,0.0,0.0
2024-11-01 12:27:00+09:00,50500.0,50500.0,50500.0,50500.0,24,0.0,0.0
2024-11-01 12:28:00+09:00,50500.0,50500.0,50500.0,50500.0,27,0.0,0.0
2024-11-01 12:30:00+09:00,50500.0,50500.0,50500.0,50500.0,121,0.0,0.0
2024-11-01 12:32:00+09:00,50600.0,50700.0,50500.0,50600.0,225,0.0,0.0
2024-11-01 12:34:00+09:00,50700.0,50700.0,50700.0,50700.0,75,0.0,0.0
2024-11-01 12:35:00+09:00,50700.0,50700.0,50700.0,50700.0,38,0.0,0.0
2024-11-01 12:36:00+09:00,50800.0,50800.0,50800.0,50800.0,130,0.0,0.0
2024-11-01 12:37:00+09:00,50700.0,50700.0,50700.0,50700.0,7,0.0,0.0
2024-11-01 12:39:00+09:00,50700.0,51000.0,50700.0,51000.0,242,0.0,0.0
2024-11-01 12:40:00+09:00,50900.0,50900.0,50700.0,50700.0,268,0.0,0.0
2024-11-01 12:41:00+09:00,50800.0,50800.0,50700.0,50700.0,28,0.0,0.0
2024-11-01 12:42:00+09:00,50700.0,50800.0,50700.0,50700.0,48,0.0,0.0
2024-11-01 12:43:00+09:00,50700.0,50700.0,50700.0,50700.0,22,0.0,0.0
2024-11-01 12:44:00+09:00,50700.0,50800.0,50700.0,50800.0,0,0.0,0.0
2024-11-01 12:45:00+09:00,50800.0,50800.0,50700.0,50700.0,16,0.0,0.0
2024-11-01 12:46:00+09:00,50700.0,50900.0,50700.0,50800.0,56,0.0,0.0
2024-11-01 12:47:00+09:00,50700.0,50800.0,50700.0,50800.0,129,0.0,0.0
2024-11-01 12:49:00+09:00,50800.0,50900.0,50800.0,50900.0,69,0.0,0.0
2024-11-01 12:50:00+09:00,50900.0,50900.0,50700.0,50700.0,373,0.0,0.0
2024-11-01 12:51:00+09:00,50800.0,50800.0,50800.0,50800.0,119,0.0,0.0
2024-11-01 12:52:00+09:00,50800.0,50900.0,50800.0,50900.0,140,0.0,0.0
2024-11-01 12:53:00+09:00,50900.0,51000.0,50900.0,50900.0,58,0.0,0.0
2024-11-01 12:54:00+09:00,50900.0,50900.0,50800.0,50800.0,181,0.0,0.0
2024-11-01 12:55:00+09:00,50700.0,50700.0,50700.0,50700.0,164,0.0,0.0
2024-11-01 12:56:00+09:00,50700.0,50700.0,50500.0,50500.0,242,0.0,0.0
2024-11-01 12:57:00+09:00,50700.0,50700.0,50600.0,50600.0,0,0.0,0.0
2024-11-01 12:58:00+09:00,50500.0,50700.0,50500.0,50700.0,48,0.0,0.0
2024-11-01 12:59:00+09:00,50600.0,50700.0,50600.0,50700.0,25,0.0,0.0
2024-11-01 13:00:00+09:00,50600.0,50700.0,50600.0,50700.0,32,0.0,0.0
2024-11-01 13:01:00+09:00,50700.0,50700.0,50600.0,50600.0,192,0.0,0.0
2024-11-01 13:02:00+09:00,50500.0,50600.0,50500.0,50600.0,261,0.0,0.0
2024-11-01 13:03:00+09:00,50700.0,50700.0,50600.0,50600.0,0,0.0,0.0
2024-11-01 13:04:00+09:00,50500.0,50500.0,50500.0,50500.0,112,0.0,0.0
2024-11-01 13:05:00+09:00,50500.0,50500.0,50500.0,50500.0,86,0.0,0.0
2024-11-01 13:06:00+09:00,50500.0,50500.0,50500.0,50500.0,106,0.0,0.0
2024-11-01 13:07:00+09:00,50500.0,50500.0,50500.0,50500.0,10,0.0,0.0
2024-11-01 13:08:00+09:00,50500.0,50600.0,50500.0,50500.0,30,0.0,0.0
2024-11-01 13:09:00+09:00,50500.0,50500.0,50500.0,50500.0,204,0.0,0.0
2024-11-01 13:10:00+09:00,50500.0,50500.0,50400.0,50400.0,396,0.0,0.0
2024-11-01 13:11:00+09:00,50400.0,50400.0,50400.0,50400.0,53,0.0,0.0
2024-11-01 13:12:00+09:00,50400.0,50500.0,50400.0,50500.0,32,0.0,0.0
2024-11-01 13:13:00+09:00,50400.0,50400.0,50400.0,50400.0,146,0.0,0.0
2024-11-01 13:14:00+09:00,50400.0,50400.0,50300.0,50300.0,43,0.0,0.0
2024-11-01 13:15:00+09:00,50300.0,50500.0,50300.0,50500.0,102,0.0,0.0
2024-11-01 13:17:00+09:00,50400.0,50400.0,50400.0,50400.0,2,0.0,0.0
2024-11-01 13:18:00+09:00,50300.0,50500.0,50300.0,50500.0,100,0.0,0.0
2024-11-01 13:19:00+09:00,50400.0,50400.0,50400.0,50400.0,44,0.0,0.0
2024-11-01 13:20:00+09:00,50400.0,50400.0,50400.0,50400.0,4,0.0,0.0
2024-11-01 13:21:00+09:00,50300.0,50300.0,50300.0,50300.0,48,0.0,0.0
2024-11-01 13:23:00+09:00,50300.0,50300.0,50300.0,50300.0,73,0.0,0.0
2024-11-01 13:25:00+09:00,50300.0,50400.0,50300.0,50300.0,81,0.0,0.0
2024-11-01 13:26:00+09:00,50300.0,50300.0,50300.0,50300.0,0,0.0,0.0
2024-11-01 13:27:00+09:00,50300.0,50300.0,50300.0,50300.0,34,0.0,0.0
2024-11-01 13:28:00+09:00,50300.0,50400.0,50300.0,50300.0,325,0.0,0.0
2024-11-01 13:29:00+09:00,50300.0,50300.0,50300.0,50300.0,45,0.0,0.0
2024-11-01 13:30:00+09:00,50300.0,50300.0,50300.0,50300.0,0,0.0,0.0
2024-11-01 13:31:00+09:00,50300.0,50300.0,50300.0,50300.0,517,0.0,0.0
2024-11-01 13:32:00+09:00,50200.0,50200.0,50200.0,50200.0,38,0.0,0.0
2024-11-01 13:33:00+09:00,50200.0,50200.0,50200.0,50200.0,0,0.0,0.0
2024-11-01 13:34:00+09:00,50100.0,50200.0,50100.0,50100.0,113,0.0,0.0
2024-11-01 13:35:00+09:00,50100.0,50100.0,50100.0,50100.0,89,0.0,0.0
2024-11-01 13:36:00+09:00,50100.0,50100.0,50100.0,50100.0,21,0.0,0.0
2024-11-01 13:37:00+09:00,50100.0,50100.0,50100.0,50100.0,6,0.0,0.0
2024-11-01 13:38:00+09:00,50200.0,50300.0,50200.0,50200.0,166,0.0,0.0
2024-11-01 13:39:00+09:00,50200.0,50200.0,50200.0,50200.0,49,0.0,0.0
2024-11-01 13:40:00+09:00,50200.0,50200.0,50200.0,50200.0,5,0.0,0.0
2024-11-01 13:42:00+09:00,50200.0,50200.0,50200.0,50200.0,49,0.0,0.0
2024-11-01 13:43:00+09:00,50200.0,50200.0,50200.0,50200.0,9,0.0,0.0
2024-11-01 13:44:00+09:00,50200.0,50200.0,50200.0,50200.0,0,0.0,0.0
2024-11-01 13:47:00+09:00,50200.0,50500.0,50200.0,50500.0,59757,0.0,0.0
2024-11-01 13:48:00+09:00,50500.0,50500.0,50300.0,50300.0,38,0.0,0.0
2024-11-01 13:49:00+09:00,50200.0,50200.0,50200.0,50200.0,33,0.0,0.0
2024-11-01 13:50:00+09:00,50200.0,50200.0,50200.0,50200.0,36,0.0,0.0
2024-11-01 13:51:00+09:00,50300.0,50400.0,50200.0,50200.0,58,0.0,0.0
2024-11-01 13:53:00+09:00,50200.0,50300.0,50100.0,50100.0,358,0.0,0.0
2024-11-01 13:54:00+09:00,50100.0,50200.0,50100.0,50100.0,112,0.0,0.0
2024-11-01 13:55:00+09:00,50100.0,50200.0,50000.0,50200.0,88,0.0,0.0
2024-11-01 13:57:00+09:00,50000.0,50000.0,50000.0,50000.0,233,0.0,0.0
2024-11-01 13:58:00+09:00,50100.0,50200.0,50100.0,50200.0,0,0.0,0.0
2024-11-01 13:59:00+09:00,50200.0,50200.0,50100.0,50100.0,22,0.0,0.0
2024-11-01 14:00:00+09:00,50000.0,50200.0,50000.0,50100.0,119,0.0,0.0
2024-11-01 14:01:00+09:00,50200.0,50200.0,50100.0,50100.0,36,0.0,0.0
2024-11-01 14:02:00+09:00,50100.0,50200.0,50100.0,50200.0,0,0.0,0.0
2024-11-01 14:03:00+09:00,50100.0,50300.0,50100.0,50100.0,63,0.0,0.0
2024-11-01 14:04:00+09:00,50100.0,50100.0,50100.0,50100.0,0,0.0,0.0
2024-11-01 14:05:00+09:00,50100.0,50100.0,50100.0,50100.0,100,0.0,0.0
2024-11-01 14:06:00+09:00,50100.0,50100.0,50100.0,50100.0,4,0.0,0.0
2024-11-01 14:07:00+09:00,50100.0,50200.0,50100.0,50100.0,110,0.0,0.0
2024-11-01 14:08:00+09:00,50000.0,50100.0,50000.0,50100.0,12,0.0,0.0
2024-11-01 14:09:00+09:00,50100.0,50100.0,50100.0,50100.0,37,0.0,0.0
2024-11-01 14:10:00+09:00,50100.0,50100.0,50000.0,50000.0,84,0.0,0.0
2024-11-01 14:11:00+09:00,50100.0,50100.0,50000.0,50100.0,3,0.0,0.0
2024-11-01 14:12:00+09:00,50100.0,50100.0,50000.0,50000.0,23,0.0,0.0
2024-11-01 14:13:00+09:00,50000.0,50200.0,50000.0,50100.0,46,0.0,0.0
2024-11-01 14:14:00+09:00,50100.0,50100.0,50000.0,50100.0,75,0.0,0.0
2024-11-01 14:15:00+09:00,50000.0,50100.0,50000.0,50000.0,30,0.0,0.0
2024-11-01 14:16:00+09:00,50000.0,50000.0,50000.0,50000.0,24,0.0,0.0
2024-11-01 14:17:00+09:00,50000.0,50200.0,50000.0,50200.0,0,0.0,0.0
2024-11-01 14:18:00+09:00,50000.0,50000.0,50000.0,50000.0,44,0.0,0.0
2024-11-01 14:19:00+09:00,50000.0,50000.0,50000.0,50000.0,5,0.0,0.0
2024-11-01 14:20:00+09:00,50000.0,50000.0,50000.0,50000.0,35,0.0,0.0
2024-11-01 14:21:00+09:00,50000.0,50000.0,50000.0,50000.0,25,0.0,0.0
2024-11-01 14:22:00+09:00,50000.0,50000.0,50000.0,50000.0,198,0.0,0.0
2024-11-01 14:23:00+09:00,50000.0,50000.0,50000.0,50000.0,24,0.0,0.0
2024-11-01 14:25:00+09:00,50000.0,50000.0,50000.0,50000.0,114,0.0,0.0
2024-11-01 14:27:00+09:00,50000.0,50000.0,50000.0,50000.0,17,0.0,0.0
2024-11-01 14:28:00+09:00,50000.0,50000.0,50000.0,50000.0,28,0.0,0.0
2024-11-01 14:29:00+09:00,50000.0,50000.0,50000.0,50000.0,17,0.0,0.0
2024-11-01 14:32:00+09:00,50000.0,50200.0,49950.0,50200.0,57,0.0,0.0
2024-11-01 14:33:00+09:00,50200.0,50200.0,49950.0,50200.0,24,0.0,0.0
2024-11-01 14:35:00+09:00,49950.0,49950.0,49950.0,49950.0,63,0.0,0.0
2024-11-01 14:36:00+09:00,49950.0,49950.0,49950.0,49950.0,213,0.0,0.0
2024-11-01 14:37:00+09:00,50000.0,50000.0,49950.0,49950.0,51,0.0,0.0
2024-11-01 14:38:00+09:00,50200.0,50200.0,49950.0,49950.0,97,0.0,0.0
2024-11-01 14:39:00+09:00,49950.0,50200.0,49950.0,50000.0,29,0.0,0.0
2024-11-01 14:40:00+09:00,50200.0,50200.0,50000.0,50000.0,244,0.0,0.0
2024-11-01 14:41:00+09:00,49950.0,50100.0,49950.0,50100.0,0,0.0,0.0
2024-11-01 14:42:00+09:00,49950.0,50200.0,49950.0,50200.0,131,0.0,0.0
2024-11-01 14:43:00+09:00,50000.0,50200.0,50000.0,50200.0,19,0.0,0.0
2024-11-01 14:44:00+09:00,50200.0,50200.0,50100.0,50100.0,8,0.0,0.0
2024-11-01 14:45:00+09:00,50000.0,50200.0,50000.0,50100.0,126,0.0,0.0
2024-11-01 14:46:00+09:00,50000.0,50200.0,50000.0,50100.0,166,0.0,0.0
2024-11-01 14:47:00+09:00,50000.0,50200.0,50000.0,50000.0,305,0.0,0.0
2024-11-01 14:48:00+09:00,50100.0,50100.0,49950.0,50100.0,32,0.0,0.0
2024-11-01 14:49:00+09:00,50100.0,50100.0,49950.0,49950.0,199,0.0,0.0
2024-11-01 14:50:00+09:00,50100.0,50300.0,50100.0,50300.0,248,0.0,0.0
2024-11-01 14:51:00+09:00,50200.0,50400.0,50200.0,50400.0,472,0.0,0.0
2024-11-01 14:52:00+09:00,50500.0,50700.0,50400.0,50700.0,756,0.0,0.0
2024-11-01 14:53:00+09:00,50600.0,50700.0,50600.0,50700.0,98,0.0,0.0
2024-11-01 14:54:00+09:00,50800.0,50800.0,50700.0,50700.0,335,0.0,0.0
2024-11-01 14:55:00+09:00,50700.0,50900.0,50700.0,50800.0,495,0.0,0.0
2024-11-01 14:56:00+09:00,50800.0,50900.0,50700.0,50700.0,267,0.0,0.0
2024-11-01 14:57:00+09:00,50900.0,50900.0,50800.0,50800.0,143,0.0,0.0
2024-11-01 14:59:00+09:00,50600.0,50700.0,50600.0,50700.0,1125,0.0,0.0
